gid,date,year,batter,bSide,pitcher,pSide,result,isStrikeout,isWalk,bPA,bAVG,bK,bK%,bBB,bBB%,bOPS,bISO,bWhiff%,bSwStr%,bcStr%,bCSW%,bChase%,bPutaway%,pbPA,pbAVG,pbK,pbK%,pbBB,pbBB%,pbOPS,pbISO,pbWhiff%,pbSwStr%,pbcStr%,pbCSW%,pbChase%,pbPutaway%,pPA,pAVG,pK,pK%,pBB,pBB%,pOPS,pISO,pWhiff%,pSwStr%,pcStr%,pCSW%,pChase%,pPutaway%,ppPA,ppAVG,ppK,ppK%,ppBB,ppBB%,ppOPS,ppISO,ppWhiff%,ppSwStr%,ppcStr%,ppCSW%,ppChase%,ppPutaway%
745575,2024-06-01,2024,691026,R,624133,L,field_out,False,False,65.0,0.267,12.0,18.46,5.0,7.69,0.79,0.2,14.06,6.69,18.22,24.91,34.13,16.44,37.0,0.2,7.0,18.92,1.0,2.7,0.445,0.0289999999999999,21.54,10.0,20.0,30.0,25.4,18.92,217.0,0.176,60.0,27.65,15.0,6.91,0.502,0.08500000000000002,25.7,11.91,17.1,29.01,31.49,22.52,448.0,0.278,100.0,22.32,45.0,10.04,0.7749999999999999,0.1459999999999999,24.15,10.61,17.49,28.1,27.96,20.41
745575,2024-06-01,2024,665877,R,624133,L,strikeout,True,False,14.0,0.231,1.0,7.14,1.0,7.14,0.517,0.0,3.85,1.67,18.33,20.0,22.22,5.0,19.0,0.176,2.0,10.53,2.0,10.53,0.439,0.0,7.41,3.08,23.08,26.15,30.0,13.33,217.0,0.176,60.0,27.65,15.0,6.91,0.502,0.08500000000000002,25.7,11.91,17.1,29.01,31.49,22.52,448.0,0.278,100.0,22.32,45.0,10.04,0.7749999999999999,0.1459999999999999,24.15,10.61,17.49,28.1,27.96,20.41
745575,2024-06-01,2024,502671,R,624133,L,strikeout,True,False,63.0,0.245,11.0,17.46,7.0,11.11,0.6839999999999999,0.09500000000000003,23.08,9.85,18.61,28.47,25.0,11.22,170.0,0.295,41.0,24.12,20.0,11.76,0.8260000000000001,0.155,26.26,11.0,20.45,31.45,28.73,20.4,217.0,0.176,60.0,27.65,15.0,6.91,0.502,0.08500000000000002,25.7,11.91,17.1,29.01,31.49,22.52,448.0,0.278,100.0,22.32,45.0,10.04,0.7749999999999999,0.1459999999999999,24.15,10.61,17.49,28.1,27.96,20.41
745575,2024-06-01,2024,656941,L,543243,R,walk,False,True,156.0,0.177,45.0,28.85,26.0,16.67,0.661,0.16999999999999998,32.84,13.51,14.87,28.38,22.22,22.68,469.0,0.201,128.0,27.29,85.0,18.12,0.848,0.296,31.18,11.75,19.66,31.41,21.53,23.1,102.0,0.242,30.0,29.41,6.0,5.88,0.6619999999999999,0.126,27.47,12.85,19.28,32.13,26.26,26.55,359.0,0.233,81.0,22.56,28.0,7.8,0.638,0.104,23.05,10.71,17.5,28.21,27.41,21.33
745575,2024-06-01,2024,592663,R,543243,R,strikeout,True,False,135.0,0.24,36.0,26.67,7.0,5.19,0.6679999999999999,0.14400000000000002,29.37,15.08,14.12,29.2,29.8,22.64,389.0,0.25,95.0,24.42,26.0,6.68,0.733,0.176,24.63,12.47,14.02,26.48,29.65,21.02,105.0,0.177,37.0,35.24,6.0,5.71,0.546,0.14600000000000002,32.77,15.89,20.27,36.16,29.75,35.92,396.0,0.22,102.0,25.76,27.0,6.82,0.5800000000000001,0.0829999999999999,28.79,13.92,15.72,29.65,29.23,22.8
745575,2024-06-01,2024,547180,L,543243,R,single,False,False,142.0,0.275,29.0,20.42,21.0,14.79,0.947,0.2919999999999999,31.11,15.16,9.75,24.91,33.65,20.28,375.0,0.295,80.0,21.33,60.0,16.0,0.907,0.199,31.39,15.65,8.66,24.31,32.27,20.0,102.0,0.242,30.0,29.41,6.0,5.88,0.6619999999999999,0.126,27.47,12.85,19.28,32.13,26.26,26.55,359.0,0.233,81.0,22.56,28.0,7.8,0.638,0.104,23.05,10.71,17.5,28.21,27.41,21.33
745575,2024-06-01,2024,664761,R,543243,R,double,False,False,161.0,0.315,23.0,14.29,12.0,7.45,0.87,0.182,17.23,8.2,15.15,23.35,25.0,16.18,445.0,0.263,68.0,15.28,34.0,7.64,0.7010000000000001,0.1139999999999999,17.17,8.27,16.06,24.33,28.14,13.48,105.0,0.177,37.0,35.24,6.0,5.71,0.546,0.14600000000000002,32.77,15.89,20.27,36.16,29.75,35.92,396.0,0.22,102.0,25.76,27.0,6.82,0.5800000000000001,0.0829999999999999,28.79,13.92,15.72,29.65,29.23,22.8
745575,2024-06-01,2024,681082,L,543243,R,strikeout,True,False,148.0,0.236,18.0,12.16,18.0,12.16,0.7290000000000001,0.16200000000000003,17.18,7.41,21.91,29.32,27.61,10.23,474.0,0.28,76.0,16.03,26.0,5.49,0.753,0.1509999999999999,14.49,6.52,22.08,28.6,28.42,11.93,102.0,0.242,30.0,29.41,6.0,5.88,0.6619999999999999,0.126,27.47,12.85,19.28,32.13,26.26,26.55,359.0,0.233,81.0,22.56,28.0,7.8,0.638,0.104,23.05,10.71,17.5,28.21,27.41,21.33
745575,2024-06-01,2024,592206,R,543243,R,double,False,False,167.0,0.199,34.0,20.36,13.0,7.78,0.567,0.09899999999999998,33.63,19.69,9.93,29.62,38.87,18.68,485.0,0.252,140.0,28.87,25.0,5.15,0.733,0.192,37.06,20.57,11.78,32.36,40.41,25.27,105.0,0.177,37.0,35.24,6.0,5.71,0.546,0.14600000000000002,32.77,15.89,20.27,36.16,29.75,35.92,396.0,0.22,102.0,25.76,27.0,6.82,0.5800000000000001,0.0829999999999999,28.79,13.92,15.72,29.65,29.23,22.8
745575,2024-06-01,2024,669016,L,543243,R,walk,False,True,136.0,0.298,33.0,24.26,13.0,9.56,0.867,0.20600000000000002,22.18,9.03,18.56,27.59,23.81,16.5,363.0,0.292,101.0,27.82,47.0,12.95,0.864,0.185,25.19,10.97,17.37,28.35,25.74,21.31,102.0,0.242,30.0,29.41,6.0,5.88,0.6619999999999999,0.126,27.47,12.85,19.28,32.13,26.26,26.55,359.0,0.233,81.0,22.56,28.0,7.8,0.638,0.104,23.05,10.71,17.5,28.21,27.41,21.33
745575,2024-06-01,2024,624641,R,543243,R,strikeout,True,False,53.0,0.271,17.0,32.08,2.0,3.77,0.765,0.16699999999999998,40.65,22.94,9.63,32.57,44.09,22.08,176.0,0.239,41.0,23.3,5.0,2.84,0.669,0.148,29.23,17.12,12.31,29.43,41.96,19.16,105.0,0.177,37.0,35.24,6.0,5.71,0.546,0.14600000000000002,32.77,15.89,20.27,36.16,29.75,35.92,396.0,0.22,102.0,25.76,27.0,6.82,0.5800000000000001,0.0829999999999999,28.79,13.92,15.72,29.65,29.23,22.8
745575,2024-06-01,2024,571448,R,624133,L,field_out,False,False,49.0,0.188,3.0,6.12,1.0,2.04,0.516,0.124,17.28,8.33,17.26,25.6,30.77,8.82,146.0,0.22,20.0,13.7,10.0,6.85,0.662,0.166,19.62,9.73,14.31,24.05,36.88,13.25,217.0,0.176,60.0,27.65,15.0,6.91,0.502,0.08500000000000002,25.7,11.91,17.1,29.01,31.49,22.52,448.0,0.278,100.0,22.32,45.0,10.04,0.7749999999999999,0.1459999999999999,24.15,10.61,17.49,28.1,27.96,20.41
745575,2024-06-01,2024,671056,R,624133,L,field_out,False,False,43.0,0.263,7.0,16.28,3.0,6.98,0.694,0.10499999999999998,30.38,14.29,16.07,30.36,17.72,13.73,8.0,0.286,1.0,12.5,1.0,12.5,0.661,0.0,6.67,2.94,11.76,14.71,16.67,20.0,217.0,0.176,60.0,27.65,15.0,6.91,0.502,0.08500000000000002,25.7,11.91,17.1,29.01,31.49,22.52,448.0,0.278,100.0,22.32,45.0,10.04,0.7749999999999999,0.1459999999999999,24.15,10.61,17.49,28.1,27.96,20.41
745575,2024-06-01,2024,676475,L,624133,L,field_out,False,False,45.0,0.19,5.0,11.11,2.0,4.44,0.56,0.14300000000000002,20.83,11.76,10.59,22.35,31.65,10.64,29.0,0.259,6.0,20.69,2.0,6.9,0.606,0.0369999999999999,18.18,9.62,19.23,28.85,41.82,19.35,54.0,0.154,17.0,31.48,1.0,1.85,0.473,0.13399999999999998,22.33,11.98,20.31,32.29,43.33,25.76,93.0,0.218,19.0,20.43,3.0,3.23,0.612,0.15,17.48,8.93,20.0,28.93,40.77,29.69
745575,2024-06-01,2024,679032,R,543243,R,field_out,False,False,119.0,0.236,16.0,13.45,6.0,5.04,0.609,0.09100000000000003,23.5,11.08,19.34,30.42,32.54,13.45,100.0,0.281,23.0,23.0,4.0,4.0,0.76,0.1459999999999999,25.82,13.95,16.32,30.27,40.0,25.27,105.0,0.177,37.0,35.24,6.0,5.71,0.546,0.14600000000000002,32.77,15.89,20.27,36.16,29.75,35.92,396.0,0.22,102.0,25.76,27.0,6.82,0.5800000000000001,0.0829999999999999,28.79,13.92,15.72,29.65,29.23,22.8
745575,2024-06-01,2024,656941,L,543243,R,strikeout,True,False,156.0,0.177,45.0,28.85,26.0,16.67,0.661,0.16999999999999998,32.84,13.51,14.87,28.38,22.22,22.68,469.0,0.201,128.0,27.29,85.0,18.12,0.848,0.296,31.18,11.75,19.66,31.41,21.53,23.1,102.0,0.242,30.0,29.41,6.0,5.88,0.6619999999999999,0.126,27.47,12.85,19.28,32.13,26.26,26.55,359.0,0.233,81.0,22.56,28.0,7.8,0.638,0.104,23.05,10.71,17.5,28.21,27.41,21.33
745575,2024-06-01,2024,592663,R,543243,R,field_out,False,False,135.0,0.24,36.0,26.67,7.0,5.19,0.6679999999999999,0.14400000000000002,29.37,15.08,14.12,29.2,29.8,22.64,389.0,0.25,95.0,24.42,26.0,6.68,0.733,0.176,24.63,12.47,14.02,26.48,29.65,21.02,105.0,0.177,37.0,35.24,6.0,5.71,0.546,0.14600000000000002,32.77,15.89,20.27,36.16,29.75,35.92,396.0,0.22,102.0,25.76,27.0,6.82,0.5800000000000001,0.0829999999999999,28.79,13.92,15.72,29.65,29.23,22.8
745575,2024-06-01,2024,666185,L,614179,R,strikeout,True,False,15.0,0.0,6.0,40.0,1.0,6.67,0.133,0.0,37.14,18.31,12.68,30.99,26.47,22.22,170.0,0.196,37.0,21.76,14.0,8.24,0.592,0.1079999999999999,22.71,10.14,18.91,29.05,25.44,21.14,17.0,0.188,6.0,35.29,1.0,5.88,0.423,0.0,34.04,20.25,5.06,25.32,45.83,19.35,88.0,0.315,13.0,14.77,11.0,12.5,1.012,0.288,26.76,11.52,14.24,25.76,25.7,20.0
745575,2024-06-01,2024,669357,L,614179,R,single,False,False,129.0,0.219,47.0,36.43,14.0,10.85,0.735,0.211,40.82,20.49,13.91,34.4,32.12,26.7,378.0,0.231,124.0,32.8,42.0,11.11,0.7969999999999999,0.2459999999999999,35.96,17.73,12.12,29.85,28.13,25.15,17.0,0.188,6.0,35.29,1.0,5.88,0.423,0.0,34.04,20.25,5.06,25.32,45.83,19.35,88.0,0.315,13.0,14.77,11.0,12.5,1.012,0.288,26.76,11.52,14.24,25.76,25.7,20.0
745575,2024-06-01,2024,672279,L,614179,R,double,False,False,70.0,0.29,17.0,24.29,5.0,7.14,0.73,0.09700000000000003,28.23,13.26,17.8,31.06,26.19,20.99,3.0,0.0,1.0,33.33,0.0,0.0,0.0,0.0,40.0,14.29,21.43,35.71,0.0,50.0,17.0,0.188,6.0,35.29,1.0,5.88,0.423,0.0,34.04,20.25,5.06,25.32,45.83,19.35,88.0,0.315,13.0,14.77,11.0,12.5,1.012,0.288,26.76,11.52,14.24,25.76,25.7,20.0
745575,2024-06-01,2024,691026,R,614179,R,sac_fly,False,False,114.0,0.33,16.0,14.04,9.0,7.89,0.7949999999999999,0.08999999999999997,16.67,7.61,18.79,26.4,27.57,12.8,100.0,0.161,19.0,19.0,9.0,9.0,0.478,0.0799999999999999,21.56,9.11,22.03,31.14,24.87,14.88,28.0,0.167,5.0,17.86,3.0,10.71,0.578,0.12499999999999997,31.25,14.42,20.19,34.62,36.0,15.15,119.0,0.276,26.0,21.85,10.0,8.4,0.8280000000000001,0.191,31.2,14.75,13.94,28.69,29.14,16.03
745575,2024-06-01,2024,665877,R,614179,R,field_out,False,False,5.0,0.0,1.0,20.0,1.0,20.0,0.4,0.0,0.0,0.0,36.84,36.84,0.0,11.11,42.0,0.265,6.0,14.29,4.0,9.52,0.669,0.0289999999999999,14.29,5.84,18.83,24.68,21.05,14.63,28.0,0.167,5.0,17.86,3.0,10.71,0.578,0.12499999999999997,31.25,14.42,20.19,34.62,36.0,15.15,119.0,0.276,26.0,21.85,10.0,8.4,0.8280000000000001,0.191,31.2,14.75,13.94,28.69,29.14,16.03
745575,2024-06-01,2024,547180,L,543243,R,walk,False,True,142.0,0.275,29.0,20.42,21.0,14.79,0.947,0.2919999999999999,31.11,15.16,9.75,24.91,33.65,20.28,375.0,0.295,80.0,21.33,60.0,16.0,0.907,0.199,31.39,15.65,8.66,24.31,32.27,20.0,102.0,0.242,30.0,29.41,6.0,5.88,0.6619999999999999,0.126,27.47,12.85,19.28,32.13,26.26,26.55,359.0,0.233,81.0,22.56,28.0,7.8,0.638,0.104,23.05,10.71,17.5,28.21,27.41,21.33
745575,2024-06-01,2024,664761,R,543243,R,single,False,False,161.0,0.315,23.0,14.29,12.0,7.45,0.87,0.182,17.23,8.2,15.15,23.35,25.0,16.18,445.0,0.263,68.0,15.28,34.0,7.64,0.7010000000000001,0.1139999999999999,17.17,8.27,16.06,24.33,28.14,13.48,105.0,0.177,37.0,35.24,6.0,5.71,0.546,0.14600000000000002,32.77,15.89,20.27,36.16,29.75,35.92,396.0,0.22,102.0,25.76,27.0,6.82,0.5800000000000001,0.0829999999999999,28.79,13.92,15.72,29.65,29.23,22.8
745575,2024-06-01,2024,681082,L,543243,R,strikeout,True,False,148.0,0.236,18.0,12.16,18.0,12.16,0.7290000000000001,0.16200000000000003,17.18,7.41,21.91,29.32,27.61,10.23,474.0,0.28,76.0,16.03,26.0,5.49,0.753,0.1509999999999999,14.49,6.52,22.08,28.6,28.42,11.93,102.0,0.242,30.0,29.41,6.0,5.88,0.6619999999999999,0.126,27.47,12.85,19.28,32.13,26.26,26.55,359.0,0.233,81.0,22.56,28.0,7.8,0.638,0.104,23.05,10.71,17.5,28.21,27.41,21.33
745575,2024-06-01,2024,592206,R,543243,R,field_out,False,False,167.0,0.199,34.0,20.36,13.0,7.78,0.567,0.09899999999999998,33.63,19.69,9.93,29.62,38.87,18.68,485.0,0.252,140.0,28.87,25.0,5.15,0.733,0.192,37.06,20.57,11.78,32.36,40.41,25.27,105.0,0.177,37.0,35.24,6.0,5.71,0.546,0.14600000000000002,32.77,15.89,20.27,36.16,29.75,35.92,396.0,0.22,102.0,25.76,27.0,6.82,0.5800000000000001,0.0829999999999999,28.79,13.92,15.72,29.65,29.23,22.8
745575,2024-06-01,2024,669016,L,543243,R,single,False,False,136.0,0.298,33.0,24.26,13.0,9.56,0.867,0.20600000000000002,22.18,9.03,18.56,27.59,23.81,16.5,363.0,0.292,101.0,27.82,47.0,12.95,0.864,0.185,25.19,10.97,17.37,28.35,25.74,21.31,102.0,0.242,30.0,29.41,6.0,5.88,0.6619999999999999,0.126,27.47,12.85,19.28,32.13,26.26,26.55,359.0,0.233,81.0,22.56,28.0,7.8,0.638,0.104,23.05,10.71,17.5,28.21,27.41,21.33
745575,2024-06-01,2024,624641,R,543243,R,strikeout,True,False,53.0,0.271,17.0,32.08,2.0,3.77,0.765,0.16699999999999998,40.65,22.94,9.63,32.57,44.09,22.08,176.0,0.239,41.0,23.3,5.0,2.84,0.669,0.148,29.23,17.12,12.31,29.43,41.96,19.16,105.0,0.177,37.0,35.24,6.0,5.71,0.546,0.14600000000000002,32.77,15.89,20.27,36.16,29.75,35.92,396.0,0.22,102.0,25.76,27.0,6.82,0.5800000000000001,0.0829999999999999,28.79,13.92,15.72,29.65,29.23,22.8
745575,2024-06-01,2024,502671,R,605513,R,strikeout,True,False,173.0,0.213,59.0,34.1,16.0,9.25,0.6519999999999999,0.148,30.99,14.77,18.26,33.02,29.94,21.11,518.0,0.259,120.0,23.17,67.0,12.93,0.8049999999999999,0.187,27.85,12.3,17.85,30.16,25.85,17.44,92.0,0.238,24.0,26.09,7.0,7.61,0.673,0.131,28.92,12.34,18.25,30.59,25.71,18.46,66.0,0.259,12.0,18.18,9.0,13.64,0.764,0.1109999999999999,28.45,13.31,18.55,31.85,29.17,15.38
745575,2024-06-01,2024,571448,R,605513,R,strikeout,True,False,177.0,0.278,33.0,18.64,14.0,7.91,0.738,0.121,21.75,9.56,20.11,29.67,30.21,16.42,468.0,0.28,81.0,17.31,31.0,6.62,0.8089999999999999,0.2009999999999999,20.4,9.71,17.28,26.99,33.33,16.43,92.0,0.238,24.0,26.09,7.0,7.61,0.673,0.131,28.92,12.34,18.25,30.59,25.71,18.46,66.0,0.259,12.0,18.18,9.0,13.64,0.764,0.1109999999999999,28.45,13.31,18.55,31.85,29.17,15.38
745575,2024-06-01,2024,671056,R,605513,R,field_error,False,False,95.0,0.259,25.0,26.32,8.0,8.42,0.655,0.07,26.75,11.14,20.69,31.83,29.19,22.52,36.0,0.3,10.0,27.78,4.0,11.11,0.784,0.067,28.57,12.05,14.46,26.51,27.08,17.31,92.0,0.238,24.0,26.09,7.0,7.61,0.673,0.131,28.92,12.34,18.25,30.59,25.71,18.46,66.0,0.259,12.0,18.18,9.0,13.64,0.764,0.1109999999999999,28.45,13.31,18.55,31.85,29.17,15.38
745575,2024-06-01,2024,676475,L,605513,R,field_out,False,False,119.0,0.316,19.0,15.97,5.0,4.2,0.792,0.131,20.0,11.35,12.29,23.64,35.07,16.52,318.0,0.243,39.0,12.26,21.0,6.6,0.698,0.156,17.66,9.16,14.01,23.17,33.05,13.13,77.0,0.157,19.0,24.68,5.0,6.49,0.52,0.12899999999999998,21.01,9.06,16.88,25.94,23.67,18.45,79.0,0.315,12.0,15.19,6.0,7.59,0.942,0.2599999999999999,16.3,7.14,17.21,24.35,28.93,17.14
745575,2024-06-01,2024,679032,R,543243,R,strikeout,True,False,119.0,0.236,16.0,13.45,6.0,5.04,0.609,0.09100000000000003,23.5,11.08,19.34,30.42,32.54,13.45,100.0,0.281,23.0,23.0,4.0,4.0,0.76,0.1459999999999999,25.82,13.95,16.32,30.27,40.0,25.27,105.0,0.177,37.0,35.24,6.0,5.71,0.546,0.14600000000000002,32.77,15.89,20.27,36.16,29.75,35.92,396.0,0.22,102.0,25.76,27.0,6.82,0.5800000000000001,0.0829999999999999,28.79,13.92,15.72,29.65,29.23,22.8
745575,2024-06-01,2024,656941,L,543243,R,strikeout,True,False,156.0,0.177,45.0,28.85,26.0,16.67,0.661,0.16999999999999998,32.84,13.51,14.87,28.38,22.22,22.68,469.0,0.201,128.0,27.29,85.0,18.12,0.848,0.296,31.18,11.75,19.66,31.41,21.53,23.1,102.0,0.242,30.0,29.41,6.0,5.88,0.6619999999999999,0.126,27.47,12.85,19.28,32.13,26.26,26.55,359.0,0.233,81.0,22.56,28.0,7.8,0.638,0.104,23.05,10.71,17.5,28.21,27.41,21.33
745575,2024-06-01,2024,592663,R,543243,R,strikeout,True,False,135.0,0.24,36.0,26.67,7.0,5.19,0.6679999999999999,0.14400000000000002,29.37,15.08,14.12,29.2,29.8,22.64,389.0,0.25,95.0,24.42,26.0,6.68,0.733,0.176,24.63,12.47,14.02,26.48,29.65,21.02,105.0,0.177,37.0,35.24,6.0,5.71,0.546,0.14600000000000002,32.77,15.89,20.27,36.16,29.75,35.92,396.0,0.22,102.0,25.76,27.0,6.82,0.5800000000000001,0.0829999999999999,28.79,13.92,15.72,29.65,29.23,22.8
745575,2024-06-01,2024,666185,L,605513,R,field_out,False,False,15.0,0.0,6.0,40.0,1.0,6.67,0.133,0.0,37.14,18.31,12.68,30.99,26.47,22.22,170.0,0.196,37.0,21.76,14.0,8.24,0.592,0.1079999999999999,22.71,10.14,18.91,29.05,25.44,21.14,77.0,0.157,19.0,24.68,5.0,6.49,0.52,0.12899999999999998,21.01,9.06,16.88,25.94,23.67,18.45,79.0,0.315,12.0,15.19,6.0,7.59,0.942,0.2599999999999999,16.3,7.14,17.21,24.35,28.93,17.14
745575,2024-06-01,2024,669357,L,605513,R,strikeout,True,False,129.0,0.219,47.0,36.43,14.0,10.85,0.735,0.211,40.82,20.49,13.91,34.4,32.12,26.7,378.0,0.231,124.0,32.8,42.0,11.11,0.7969999999999999,0.2459999999999999,35.96,17.73,12.12,29.85,28.13,25.15,77.0,0.157,19.0,24.68,5.0,6.49,0.52,0.12899999999999998,21.01,9.06,16.88,25.94,23.67,18.45,79.0,0.315,12.0,15.19,6.0,7.59,0.942,0.2599999999999999,16.3,7.14,17.21,24.35,28.93,17.14
745575,2024-06-01,2024,672279,L,605513,R,strikeout,True,False,70.0,0.29,17.0,24.29,5.0,7.14,0.73,0.09700000000000003,28.23,13.26,17.8,31.06,26.19,20.99,3.0,0.0,1.0,33.33,0.0,0.0,0.0,0.0,40.0,14.29,21.43,35.71,0.0,50.0,77.0,0.157,19.0,24.68,5.0,6.49,0.52,0.12899999999999998,21.01,9.06,16.88,25.94,23.67,18.45,79.0,0.315,12.0,15.19,6.0,7.59,0.942,0.2599999999999999,16.3,7.14,17.21,24.35,28.93,17.14
745575,2024-06-01,2024,547180,L,543243,R,field_out,False,False,142.0,0.275,29.0,20.42,21.0,14.79,0.947,0.2919999999999999,31.11,15.16,9.75,24.91,33.65,20.28,375.0,0.295,80.0,21.33,60.0,16.0,0.907,0.199,31.39,15.65,8.66,24.31,32.27,20.0,102.0,0.242,30.0,29.41,6.0,5.88,0.6619999999999999,0.126,27.47,12.85,19.28,32.13,26.26,26.55,359.0,0.233,81.0,22.56,28.0,7.8,0.638,0.104,23.05,10.71,17.5,28.21,27.41,21.33
745575,2024-06-01,2024,664761,R,543243,R,field_out,False,False,161.0,0.315,23.0,14.29,12.0,7.45,0.87,0.182,17.23,8.2,15.15,23.35,25.0,16.18,445.0,0.263,68.0,15.28,34.0,7.64,0.7010000000000001,0.1139999999999999,17.17,8.27,16.06,24.33,28.14,13.48,105.0,0.177,37.0,35.24,6.0,5.71,0.546,0.14600000000000002,32.77,15.89,20.27,36.16,29.75,35.92,396.0,0.22,102.0,25.76,27.0,6.82,0.5800000000000001,0.0829999999999999,28.79,13.92,15.72,29.65,29.23,22.8
745575,2024-06-01,2024,681082,L,543243,R,strikeout,True,False,148.0,0.236,18.0,12.16,18.0,12.16,0.7290000000000001,0.16200000000000003,17.18,7.41,21.91,29.32,27.61,10.23,474.0,0.28,76.0,16.03,26.0,5.49,0.753,0.1509999999999999,14.49,6.52,22.08,28.6,28.42,11.93,102.0,0.242,30.0,29.41,6.0,5.88,0.6619999999999999,0.126,27.47,12.85,19.28,32.13,26.26,26.55,359.0,0.233,81.0,22.56,28.0,7.8,0.638,0.104,23.05,10.71,17.5,28.21,27.41,21.33
745575,2024-06-01,2024,691026,R,605513,R,strikeout,True,False,114.0,0.33,16.0,14.04,9.0,7.89,0.7949999999999999,0.08999999999999997,16.67,7.61,18.79,26.4,27.57,12.8,100.0,0.161,19.0,19.0,9.0,9.0,0.478,0.0799999999999999,21.56,9.11,22.03,31.14,24.87,14.88,92.0,0.238,24.0,26.09,7.0,7.61,0.673,0.131,28.92,12.34,18.25,30.59,25.71,18.46,66.0,0.259,12.0,18.18,9.0,13.64,0.764,0.1109999999999999,28.45,13.31,18.55,31.85,29.17,15.38
745575,2024-06-01,2024,665877,R,605513,R,strikeout,True,False,5.0,0.0,1.0,20.0,1.0,20.0,0.4,0.0,0.0,0.0,36.84,36.84,0.0,11.11,42.0,0.265,6.0,14.29,4.0,9.52,0.669,0.0289999999999999,14.29,5.84,18.83,24.68,21.05,14.63,92.0,0.238,24.0,26.09,7.0,7.61,0.673,0.131,28.92,12.34,18.25,30.59,25.71,18.46,66.0,0.259,12.0,18.18,9.0,13.64,0.764,0.1109999999999999,28.45,13.31,18.55,31.85,29.17,15.38
745575,2024-06-01,2024,502671,R,605513,R,field_out,False,False,173.0,0.213,59.0,34.1,16.0,9.25,0.6519999999999999,0.148,30.99,14.77,18.26,33.02,29.94,21.11,518.0,0.259,120.0,23.17,67.0,12.93,0.8049999999999999,0.187,27.85,12.3,17.85,30.16,25.85,17.44,92.0,0.238,24.0,26.09,7.0,7.61,0.673,0.131,28.92,12.34,18.25,30.59,25.71,18.46,66.0,0.259,12.0,18.18,9.0,13.64,0.764,0.1109999999999999,28.45,13.31,18.55,31.85,29.17,15.38
745575,2024-06-01,2024,592206,R,681676,R,field_out,False,False,167.0,0.199,34.0,20.36,13.0,7.78,0.567,0.09899999999999998,33.63,19.69,9.93,29.62,38.87,18.68,485.0,0.252,140.0,28.87,25.0,5.15,0.733,0.192,37.06,20.57,11.78,32.36,40.41,25.27,52.0,0.25,17.0,32.69,4.0,7.69,0.6,0.04199999999999998,35.64,17.39,15.46,32.85,28.57,26.15,,,,,,,,,,,,,,
745575,2024-06-01,2024,669016,L,681676,R,strikeout,True,False,136.0,0.298,33.0,24.26,13.0,9.56,0.867,0.20600000000000002,22.18,9.03,18.56,27.59,23.81,16.5,363.0,0.292,101.0,27.82,47.0,12.95,0.864,0.185,25.19,10.97,17.37,28.35,25.74,21.31,40.0,0.242,9.0,22.5,4.0,10.0,0.844,0.243,28.21,12.57,15.43,28.0,23.86,17.65,,,,,,,,,,,,,,
745575,2024-06-01,2024,624641,R,681676,R,strikeout,True,False,53.0,0.271,17.0,32.08,2.0,3.77,0.765,0.16699999999999998,40.65,22.94,9.63,32.57,44.09,22.08,176.0,0.239,41.0,23.3,5.0,2.84,0.669,0.148,29.23,17.12,12.31,29.43,41.96,19.16,52.0,0.25,17.0,32.69,4.0,7.69,0.6,0.04199999999999998,35.64,17.39,15.46,32.85,28.57,26.15,,,,,,,,,,,,,,
745575,2024-06-01,2024,571448,R,689147,R,field_out,False,False,177.0,0.278,33.0,18.64,14.0,7.91,0.738,0.121,21.75,9.56,20.11,29.67,30.21,16.42,468.0,0.28,81.0,17.31,31.0,6.62,0.8089999999999999,0.2009999999999999,20.4,9.71,17.28,26.99,33.33,16.43,39.0,0.189,8.0,20.51,2.0,5.13,0.447,0.026999999999999996,29.17,13.64,18.18,31.82,28.95,17.02,7.0,0.4,1.0,14.29,2.0,28.57,0.971,0.0,18.18,5.71,22.86,28.57,25.0,10.0
745575,2024-06-01,2024,671056,R,689147,R,double,False,False,95.0,0.259,25.0,26.32,8.0,8.42,0.655,0.07,26.75,11.14,20.69,31.83,29.19,22.52,36.0,0.3,10.0,27.78,4.0,11.11,0.784,0.067,28.57,12.05,14.46,26.51,27.08,17.31,39.0,0.189,8.0,20.51,2.0,5.13,0.447,0.026999999999999996,29.17,13.64,18.18,31.82,28.95,17.02,7.0,0.4,1.0,14.29,2.0,28.57,0.971,0.0,18.18,5.71,22.86,28.57,25.0,10.0
745575,2024-06-01,2024,676475,L,689147,R,strikeout,True,False,119.0,0.316,19.0,15.97,5.0,4.2,0.792,0.131,20.0,11.35,12.29,23.64,35.07,16.52,318.0,0.243,39.0,12.26,21.0,6.6,0.698,0.156,17.66,9.16,14.01,23.17,33.05,13.13,34.0,0.214,8.0,23.53,2.0,5.88,0.526,0.0,23.94,11.18,22.37,33.55,23.81,11.76,7.0,0.143,5.0,71.43,0.0,0.0,0.4289999999999999,0.143,63.64,26.92,30.77,57.69,41.67,71.43
745575,2024-06-01,2024,666185,L,689147,R,single,False,False,15.0,0.0,6.0,40.0,1.0,6.67,0.133,0.0,37.14,18.31,12.68,30.99,26.47,22.22,170.0,0.196,37.0,21.76,14.0,8.24,0.592,0.1079999999999999,22.71,10.14,18.91,29.05,25.44,21.14,34.0,0.214,8.0,23.53,2.0,5.88,0.526,0.0,23.94,11.18,22.37,33.55,23.81,11.76,7.0,0.143,5.0,71.43,0.0,0.0,0.4289999999999999,0.143,63.64,26.92,30.77,57.69,41.67,71.43
745575,2024-06-01,2024,669357,L,689147,R,strikeout,True,False,129.0,0.219,47.0,36.43,14.0,10.85,0.735,0.211,40.82,20.49,13.91,34.4,32.12,26.7,378.0,0.231,124.0,32.8,42.0,11.11,0.7969999999999999,0.2459999999999999,35.96,17.73,12.12,29.85,28.13,25.15,34.0,0.214,8.0,23.53,2.0,5.88,0.526,0.0,23.94,11.18,22.37,33.55,23.81,11.76,7.0,0.143,5.0,71.43,0.0,0.0,0.4289999999999999,0.143,63.64,26.92,30.77,57.69,41.67,71.43
745575,2024-06-01,2024,679032,R,681676,R,field_out,False,False,119.0,0.236,16.0,13.45,6.0,5.04,0.609,0.09100000000000003,23.5,11.08,19.34,30.42,32.54,13.45,100.0,0.281,23.0,23.0,4.0,4.0,0.76,0.1459999999999999,25.82,13.95,16.32,30.27,40.0,25.27,52.0,0.25,17.0,32.69,4.0,7.69,0.6,0.04199999999999998,35.64,17.39,15.46,32.85,28.57,26.15,,,,,,,,,,,,,,
745575,2024-06-01,2024,656941,L,667463,L,field_out,False,False,103.0,0.337,29.0,28.16,17.0,16.5,0.97,0.186,34.39,12.98,21.63,34.62,18.81,26.36,253.0,0.188,87.0,34.39,41.0,16.21,0.758,0.242,32.04,11.82,21.04,32.86,21.61,24.51,30.0,0.214,5.0,16.67,1.0,3.33,0.624,0.143,24.0,11.43,18.1,29.52,30.0,19.23,53.0,0.347,8.0,15.09,3.0,5.66,0.7929999999999999,0.061,23.08,11.6,17.68,29.28,28.75,17.39
745575,2024-06-01,2024,592663,R,667463,L,field_error,False,False,66.0,0.355,16.0,24.24,4.0,6.06,0.959,0.20999999999999996,23.66,12.16,17.25,29.41,30.09,20.51,151.0,0.255,43.0,28.48,9.0,5.96,0.8380000000000001,0.263,29.97,14.7,15.97,30.67,32.79,21.5,35.0,0.194,7.0,20.0,1.0,2.86,0.432,0.032,15.52,7.76,20.69,28.45,38.18,26.92,104.0,0.292,12.0,11.54,7.0,6.73,0.722,0.093,20.71,10.06,15.8,25.86,32.8,16.44
745575,2024-06-01,2024,547180,L,667463,L,home_run,False,False,90.0,0.263,25.0,27.78,13.0,14.44,0.8140000000000001,0.184,31.52,15.85,10.38,26.23,32.5,23.81,171.0,0.289,39.0,22.81,20.0,11.7,0.884,0.221,38.61,20.03,9.85,29.89,35.59,22.41,30.0,0.214,5.0,16.67,1.0,3.33,0.624,0.143,24.0,11.43,18.1,29.52,30.0,19.23,53.0,0.347,8.0,15.09,3.0,5.66,0.7929999999999999,0.061,23.08,11.6,17.68,29.28,28.75,17.39
745575,2024-06-01,2024,664761,R,667463,L,strikeout,True,False,78.0,0.292,9.0,11.54,6.0,7.69,0.818,0.18,11.94,5.73,14.34,20.07,23.74,11.69,167.0,0.303,26.0,15.57,8.0,4.79,0.929,0.291,20.3,10.86,12.97,23.82,35.24,14.21,35.0,0.194,7.0,20.0,1.0,2.86,0.432,0.032,15.52,7.76,20.69,28.45,38.18,26.92,104.0,0.292,12.0,11.54,7.0,6.73,0.722,0.093,20.71,10.06,15.8,25.86,32.8,16.44
745575,2024-06-01,2024,672279,L,622554,R,field_out,False,False,70.0,0.29,17.0,24.29,5.0,7.14,0.73,0.09700000000000003,28.23,13.26,17.8,31.06,26.19,20.99,3.0,0.0,1.0,33.33,0.0,0.0,0.0,0.0,40.0,14.29,21.43,35.71,0.0,50.0,31.0,0.222,5.0,16.13,4.0,12.9,0.5820000000000001,0.037000000000000005,15.0,7.26,11.29,18.55,24.59,12.2,78.0,0.299,10.0,12.82,6.0,7.69,0.8480000000000001,0.164,18.71,9.25,13.52,22.78,28.47,11.76
745575,2024-06-01,2024,691026,R,622554,R,strikeout,True,False,114.0,0.33,16.0,14.04,9.0,7.89,0.7949999999999999,0.08999999999999997,16.67,7.61,18.79,26.4,27.57,12.8,100.0,0.161,19.0,19.0,9.0,9.0,0.478,0.0799999999999999,21.56,9.11,22.03,31.14,24.87,14.88,54.0,0.275,13.0,24.07,3.0,5.56,0.8049999999999999,0.21499999999999997,28.04,12.99,16.02,29.0,26.32,16.46,146.0,0.219,38.0,26.03,16.0,10.96,0.643,0.109,32.43,16.61,10.55,27.16,28.94,21.11
745575,2024-06-01,2024,572761,L,622554,R,field_out,False,False,37.0,0.219,12.0,32.43,4.0,10.81,0.6499999999999999,0.12499999999999997,32.35,14.1,15.38,29.49,22.08,28.57,220.0,0.167,64.0,29.09,38.0,17.27,0.616,0.1319999999999999,29.37,12.01,18.83,30.84,21.25,22.78,31.0,0.222,5.0,16.13,4.0,12.9,0.5820000000000001,0.037000000000000005,15.0,7.26,11.29,18.55,24.59,12.2,78.0,0.299,10.0,12.82,6.0,7.69,0.8480000000000001,0.164,18.71,9.25,13.52,22.78,28.47,11.76
745575,2024-06-01,2024,681082,L,702795,R,field_out,False,False,148.0,0.236,18.0,12.16,18.0,12.16,0.7290000000000001,0.16200000000000003,17.18,7.41,21.91,29.32,27.61,10.23,474.0,0.28,76.0,16.03,26.0,5.49,0.753,0.1509999999999999,14.49,6.52,22.08,28.6,28.42,11.93,,,,,,,,,,,,,,,,,,,,,,,,,,,,
745575,2024-06-01,2024,592206,R,702795,R,field_out,False,False,167.0,0.199,34.0,20.36,13.0,7.78,0.567,0.09899999999999998,33.63,19.69,9.93,29.62,38.87,18.68,485.0,0.252,140.0,28.87,25.0,5.15,0.733,0.192,37.06,20.57,11.78,32.36,40.41,25.27,,,,,,,,,,,,,,,,,,,,,,,,,,,,
745575,2024-06-01,2024,669016,L,702795,R,walk,False,True,136.0,0.298,33.0,24.26,13.0,9.56,0.867,0.20600000000000002,22.18,9.03,18.56,27.59,23.81,16.5,363.0,0.292,101.0,27.82,47.0,12.95,0.864,0.185,25.19,10.97,17.37,28.35,25.74,21.31,,,,,,,,,,,,,,,,,,,,,,,,,,,,
745575,2024-06-01,2024,624641,R,702795,R,single,False,False,53.0,0.271,17.0,32.08,2.0,3.77,0.765,0.16699999999999998,40.65,22.94,9.63,32.57,44.09,22.08,176.0,0.239,41.0,23.3,5.0,2.84,0.669,0.148,29.23,17.12,12.31,29.43,41.96,19.16,,,,,,,,,,,,,,,,,,,,,,,,,,,,
745575,2024-06-01,2024,679032,R,702795,R,field_out,False,False,119.0,0.236,16.0,13.45,6.0,5.04,0.609,0.09100000000000003,23.5,11.08,19.34,30.42,32.54,13.45,100.0,0.281,23.0,23.0,4.0,4.0,0.76,0.1459999999999999,25.82,13.95,16.32,30.27,40.0,25.27,,,,,,,,,,,,,,,,,,,,,,,,,,,,
745575,2024-06-01,2024,502671,R,642397,L,double,False,False,63.0,0.245,11.0,17.46,7.0,11.11,0.6839999999999999,0.09500000000000003,23.08,9.85,18.61,28.47,25.0,11.22,170.0,0.295,41.0,24.12,20.0,11.76,0.8260000000000001,0.155,26.26,11.0,20.45,31.45,28.73,20.4,54.0,0.341,13.0,24.07,10.0,18.52,0.902,0.09799999999999998,33.66,15.67,10.6,26.27,27.52,21.67,162.0,0.255,45.0,27.78,15.0,9.26,0.72,0.138,35.35,17.56,15.35,32.91,29.93,22.5
745575,2024-06-01,2024,571448,R,642397,L,strikeout,True,False,49.0,0.188,3.0,6.12,1.0,2.04,0.516,0.124,17.28,8.33,17.26,25.6,30.77,8.82,146.0,0.22,20.0,13.7,10.0,6.85,0.662,0.166,19.62,9.73,14.31,24.05,36.88,13.25,54.0,0.341,13.0,24.07,10.0,18.52,0.902,0.09799999999999998,33.66,15.67,10.6,26.27,27.52,21.67,162.0,0.255,45.0,27.78,15.0,9.26,0.72,0.138,35.35,17.56,15.35,32.91,29.93,22.5
745575,2024-06-01,2024,671056,R,642397,L,field_out,False,False,43.0,0.263,7.0,16.28,3.0,6.98,0.694,0.10499999999999998,30.38,14.29,16.07,30.36,17.72,13.73,8.0,0.286,1.0,12.5,1.0,12.5,0.661,0.0,6.67,2.94,11.76,14.71,16.67,20.0,54.0,0.341,13.0,24.07,10.0,18.52,0.902,0.09799999999999998,33.66,15.67,10.6,26.27,27.52,21.67,162.0,0.255,45.0,27.78,15.0,9.26,0.72,0.138,35.35,17.56,15.35,32.91,29.93,22.5
745575,2024-06-01,2024,676475,L,642397,L,field_out,False,False,45.0,0.19,5.0,11.11,2.0,4.44,0.56,0.14300000000000002,20.83,11.76,10.59,22.35,31.65,10.64,29.0,0.259,6.0,20.69,2.0,6.9,0.606,0.0369999999999999,18.18,9.62,19.23,28.85,41.82,19.35,24.0,0.227,5.0,20.83,2.0,8.33,0.6559999999999999,0.13699999999999998,21.62,8.99,22.47,31.46,32.56,17.24,88.0,0.127,20.0,22.73,7.0,7.95,0.433,0.101,31.33,14.03,22.09,36.12,32.03,18.87
745251,2024-06-01,2024,650859,L,682243,R,single,False,False,121.0,0.275,18.0,14.88,8.0,6.61,0.744,0.13799999999999996,18.58,9.77,12.56,22.33,32.05,14.17,322.0,0.24,60.0,18.63,31.0,9.63,0.7270000000000001,0.166,24.18,11.79,13.87,25.66,28.19,14.39,140.0,0.167,30.0,21.43,13.0,9.29,0.632,0.222,24.07,11.97,14.55,26.52,25.75,18.07,256.0,0.303,47.0,18.36,16.0,6.25,0.916,0.255,23.37,11.88,14.6,26.49,27.52,16.04
745251,2024-06-01,2024,666160,L,682243,R,strikeout,True,False,124.0,0.178,33.0,26.61,6.0,4.84,0.472,0.07600000000000001,27.72,15.9,11.47,27.36,36.14,20.12,259.0,0.293,93.0,35.91,7.0,2.7,0.8620000000000001,0.249,38.62,24.01,9.43,33.44,46.84,30.07,140.0,0.167,30.0,21.43,13.0,9.29,0.632,0.222,24.07,11.97,14.55,26.52,25.75,18.07,256.0,0.303,47.0,18.36,16.0,6.25,0.916,0.255,23.37,11.88,14.6,26.49,27.52,16.04
745251,2024-06-01,2024,621493,R,682243,R,strikeout_double_play,True,False,190.0,0.246,42.0,22.11,19.0,10.0,0.784,0.22100000000000003,21.81,9.76,18.27,28.03,18.56,20.39,295.0,0.233,61.0,20.68,27.0,9.15,0.702,0.148,23.43,10.4,15.98,26.37,23.09,17.78,115.0,0.229,32.0,27.83,5.0,4.35,0.6000000000000001,0.11000000000000001,26.39,13.19,16.67,29.86,27.0,23.7,282.0,0.2,72.0,25.53,10.0,3.55,0.549,0.1149999999999999,25.0,13.61,14.7,28.31,29.61,20.28
745251,2024-06-01,2024,641487,L,672282,L,walk,False,True,39.0,0.314,5.0,12.82,4.0,10.26,0.8140000000000001,0.11499999999999999,12.7,5.06,24.05,29.11,11.11,9.62,193.0,0.267,41.0,21.24,27.0,13.99,0.755,0.1149999999999999,19.56,7.7,20.12,27.83,20.15,17.67,73.0,0.238,22.0,30.14,7.0,9.59,0.789,0.22200000000000003,30.77,15.07,18.49,33.56,28.06,23.91,135.0,0.294,23.0,17.04,12.0,8.89,0.882,0.21,25.21,11.82,15.83,27.66,25.1,15.54
745251,2024-06-01,2024,664238,R,672282,L,field_out,False,False,57.0,0.25,11.0,19.3,7.0,12.28,0.872,0.271,19.39,8.41,16.81,25.22,20.0,16.92,92.0,0.222,28.0,30.43,10.0,10.87,0.796,0.259,33.33,14.66,18.06,32.72,23.83,23.53,185.0,0.281,45.0,24.32,16.0,8.65,0.796,0.174,29.92,15.02,15.3,30.32,31.62,19.91,510.0,0.236,145.0,28.43,48.0,9.41,0.6930000000000001,0.137,27.56,13.5,14.97,28.47,28.07,21.51
745251,2024-06-01,2024,677594,R,672282,L,single,False,False,65.0,0.328,18.0,27.69,2.0,3.08,0.834,0.14699999999999996,33.07,18.75,10.71,29.46,37.5,28.57,169.0,0.301,48.0,28.4,12.0,7.1,0.842,0.186,29.55,15.52,11.29,26.8,35.14,26.23,185.0,0.281,45.0,24.32,16.0,8.65,0.796,0.174,29.92,15.02,15.3,30.32,31.62,19.91,510.0,0.236,145.0,28.43,48.0,9.41,0.6930000000000001,0.137,27.56,13.5,14.97,28.47,28.07,21.51
745251,2024-06-01,2024,663728,R,672282,L,field_out,False,False,50.0,0.159,17.0,34.0,3.0,6.0,0.72,0.34099999999999997,35.71,19.32,11.59,30.92,36.94,24.29,108.0,0.218,32.0,29.63,7.0,6.48,0.645,0.158,31.38,17.77,9.0,26.78,35.38,24.06,185.0,0.281,45.0,24.32,16.0,8.65,0.796,0.174,29.92,15.02,15.3,30.32,31.62,19.91,510.0,0.236,145.0,28.43,48.0,9.41,0.6930000000000001,0.137,27.56,13.5,14.97,28.47,28.07,21.51
745251,2024-06-01,2024,664034,R,672282,L,force_out,False,False,60.0,0.275,13.0,21.67,8.0,13.33,0.8340000000000001,0.176,28.83,13.39,12.13,25.52,25.2,19.12,160.0,0.28,32.0,20.0,6.0,3.75,0.718,0.1129999999999999,21.07,12.16,10.7,22.85,36.66,14.81,185.0,0.281,45.0,24.32,16.0,8.65,0.796,0.174,29.92,15.02,15.3,30.32,31.62,19.91,510.0,0.236,145.0,28.43,48.0,9.41,0.6930000000000001,0.137,27.56,13.5,14.97,28.47,28.07,21.51
745251,2024-06-01,2024,641432,L,682243,R,single,False,False,80.0,0.295,11.0,13.75,1.0,1.25,0.762,0.16700000000000004,14.77,7.75,15.49,23.24,29.63,15.07,139.0,0.256,15.0,10.79,13.0,9.35,0.756,0.176,14.22,5.56,19.54,25.1,21.32,10.83,140.0,0.167,30.0,21.43,13.0,9.29,0.632,0.222,24.07,11.97,14.55,26.52,25.75,18.07,256.0,0.303,47.0,18.36,16.0,6.25,0.916,0.255,23.37,11.88,14.6,26.49,27.52,16.04
745251,2024-06-01,2024,607680,R,682243,R,field_out,False,False,57.0,0.294,11.0,19.3,3.0,5.26,0.8680000000000001,0.23500000000000004,22.02,11.54,15.38,26.92,37.96,15.94,95.0,0.202,22.0,23.16,4.0,4.21,0.58,0.1459999999999999,23.46,13.0,15.17,28.17,39.61,20.95,115.0,0.229,32.0,27.83,5.0,4.35,0.6000000000000001,0.11000000000000001,26.39,13.19,16.67,29.86,27.0,23.7,282.0,0.2,72.0,25.53,10.0,3.55,0.549,0.1149999999999999,25.0,13.61,14.7,28.31,29.61,20.28
745251,2024-06-01,2024,642136,L,682243,R,walk,False,True,45.0,0.263,15.0,33.33,6.0,13.33,0.7849999999999999,0.15799999999999997,44.0,18.33,16.67,35.0,28.16,26.79,266.0,0.215,71.0,26.69,31.0,11.65,0.6759999999999999,0.145,34.8,16.01,13.25,29.25,18.13,22.15,140.0,0.167,30.0,21.43,13.0,9.29,0.632,0.222,24.07,11.97,14.55,26.52,25.75,18.07,256.0,0.303,47.0,18.36,16.0,6.25,0.916,0.255,23.37,11.88,14.6,26.49,27.52,16.04
745251,2024-06-01,2024,666176,R,682243,R,strikeout,True,False,122.0,0.185,38.0,31.15,8.0,6.56,0.608,0.16699999999999998,29.63,14.31,14.91,29.22,30.53,20.77,43.0,0.205,18.0,41.86,4.0,9.3,0.7150000000000001,0.231,40.66,20.67,14.53,35.2,30.34,25.35,115.0,0.229,32.0,27.83,5.0,4.35,0.6000000000000001,0.11000000000000001,26.39,13.19,16.67,29.86,27.0,23.7,282.0,0.2,72.0,25.53,10.0,3.55,0.549,0.1149999999999999,25.0,13.61,14.7,28.31,29.61,20.28
745251,2024-06-01,2024,687263,R,682243,R,strikeout,True,False,167.0,0.208,41.0,24.55,12.0,7.19,0.633,0.156,27.9,14.35,15.0,29.35,33.54,22.16,262.0,0.222,62.0,23.66,18.0,6.87,0.6599999999999999,0.1349999999999999,28.77,13.7,16.19,29.89,23.52,18.84,115.0,0.229,32.0,27.83,5.0,4.35,0.6000000000000001,0.11000000000000001,26.39,13.19,16.67,29.86,27.0,23.7,282.0,0.2,72.0,25.53,10.0,3.55,0.549,0.1149999999999999,25.0,13.61,14.7,28.31,29.61,20.28
745251,2024-06-01,2024,571745,R,672282,L,field_out,False,False,61.0,0.14,16.0,26.23,4.0,6.56,0.337,0.0,29.09,12.8,18.8,31.6,23.33,18.52,69.0,0.254,17.0,24.64,5.0,7.25,0.706,0.143,26.02,11.43,17.5,28.93,26.06,19.54,185.0,0.281,45.0,24.32,16.0,8.65,0.796,0.174,29.92,15.02,15.3,30.32,31.62,19.91,510.0,0.236,145.0,28.43,48.0,9.41,0.6930000000000001,0.137,27.56,13.5,14.97,28.47,28.07,21.51
745251,2024-06-01,2024,641598,R,672282,L,field_out,False,False,49.0,0.233,13.0,26.53,6.0,12.24,0.792,0.232,27.06,10.41,23.53,33.94,21.1,15.29,84.0,0.344,12.0,14.29,19.0,22.62,0.938,0.094,15.7,5.37,20.06,25.42,13.76,12.9,185.0,0.281,45.0,24.32,16.0,8.65,0.796,0.174,29.92,15.02,15.3,30.32,31.62,19.91,510.0,0.236,145.0,28.43,48.0,9.41,0.6930000000000001,0.137,27.56,13.5,14.97,28.47,28.07,21.51
745251,2024-06-01,2024,670042,L,672282,L,field_out,False,False,20.0,0.316,2.0,10.0,1.0,5.0,0.876,0.21000000000000002,22.86,11.27,16.9,28.17,24.24,12.5,44.0,0.268,16.0,36.36,2.0,4.55,0.741,0.1709999999999999,41.18,22.58,15.48,38.06,33.8,36.36,73.0,0.238,22.0,30.14,7.0,9.59,0.789,0.22200000000000003,30.77,15.07,18.49,33.56,28.06,23.91,135.0,0.294,23.0,17.04,12.0,8.89,0.882,0.21,25.21,11.82,15.83,27.66,25.1,15.54
745251,2024-06-01,2024,641645,L,682243,R,strikeout,True,False,55.0,0.26,11.0,20.0,5.0,9.09,0.687,0.09999999999999998,23.53,10.91,16.82,27.73,26.17,16.42,96.0,0.218,19.0,19.79,8.0,8.33,0.591,0.092,15.23,6.02,21.47,27.49,22.05,19.79,140.0,0.167,30.0,21.43,13.0,9.29,0.632,0.222,24.07,11.97,14.55,26.52,25.75,18.07,256.0,0.303,47.0,18.36,16.0,6.25,0.916,0.255,23.37,11.88,14.6,26.49,27.52,16.04
745251,2024-06-01,2024,650859,L,682243,R,field_out,False,False,121.0,0.275,18.0,14.88,8.0,6.61,0.744,0.13799999999999996,18.58,9.77,12.56,22.33,32.05,14.17,322.0,0.24,60.0,18.63,31.0,9.63,0.7270000000000001,0.166,24.18,11.79,13.87,25.66,28.19,14.39,140.0,0.167,30.0,21.43,13.0,9.29,0.632,0.222,24.07,11.97,14.55,26.52,25.75,18.07,256.0,0.303,47.0,18.36,16.0,6.25,0.916,0.255,23.37,11.88,14.6,26.49,27.52,16.04
745251,2024-06-01,2024,666160,L,682243,R,double,False,False,124.0,0.178,33.0,26.61,6.0,4.84,0.472,0.07600000000000001,27.72,15.9,11.47,27.36,36.14,20.12,259.0,0.293,93.0,35.91,7.0,2.7,0.8620000000000001,0.249,38.62,24.01,9.43,33.44,46.84,30.07,140.0,0.167,30.0,21.43,13.0,9.29,0.632,0.222,24.07,11.97,14.55,26.52,25.75,18.07,256.0,0.303,47.0,18.36,16.0,6.25,0.916,0.255,23.37,11.88,14.6,26.49,27.52,16.04
745251,2024-06-01,2024,621493,R,682243,R,strikeout,True,False,190.0,0.246,42.0,22.11,19.0,10.0,0.784,0.22100000000000003,21.81,9.76,18.27,28.03,18.56,20.39,295.0,0.233,61.0,20.68,27.0,9.15,0.702,0.148,23.43,10.4,15.98,26.37,23.09,17.78,115.0,0.229,32.0,27.83,5.0,4.35,0.6000000000000001,0.11000000000000001,26.39,13.19,16.67,29.86,27.0,23.7,282.0,0.2,72.0,25.53,10.0,3.55,0.549,0.1149999999999999,25.0,13.61,14.7,28.31,29.61,20.28
745251,2024-06-01,2024,669208,R,672282,L,walk,False,True,4.0,0.0,1.0,25.0,1.0,25.0,0.25,0.0,33.33,13.33,13.33,26.67,0.0,25.0,,,,,,,,,,,,,,,185.0,0.281,45.0,24.32,16.0,8.65,0.796,0.174,29.92,15.02,15.3,30.32,31.62,19.91,510.0,0.236,145.0,28.43,48.0,9.41,0.6930000000000001,0.137,27.56,13.5,14.97,28.47,28.07,21.51
745251,2024-06-01,2024,641487,L,672282,L,field_out,False,False,39.0,0.314,5.0,12.82,4.0,10.26,0.8140000000000001,0.11499999999999999,12.7,5.06,24.05,29.11,11.11,9.62,193.0,0.267,41.0,21.24,27.0,13.99,0.755,0.1149999999999999,19.56,7.7,20.12,27.83,20.15,17.67,73.0,0.238,22.0,30.14,7.0,9.59,0.789,0.22200000000000003,30.77,15.07,18.49,33.56,28.06,23.91,135.0,0.294,23.0,17.04,12.0,8.89,0.882,0.21,25.21,11.82,15.83,27.66,25.1,15.54
745251,2024-06-01,2024,664238,R,672282,L,strikeout,True,False,57.0,0.25,11.0,19.3,7.0,12.28,0.872,0.271,19.39,8.41,16.81,25.22,20.0,16.92,92.0,0.222,28.0,30.43,10.0,10.87,0.796,0.259,33.33,14.66,18.06,32.72,23.83,23.53,185.0,0.281,45.0,24.32,16.0,8.65,0.796,0.174,29.92,15.02,15.3,30.32,31.62,19.91,510.0,0.236,145.0,28.43,48.0,9.41,0.6930000000000001,0.137,27.56,13.5,14.97,28.47,28.07,21.51
745251,2024-06-01,2024,677594,R,672282,L,single,False,False,65.0,0.328,18.0,27.69,2.0,3.08,0.834,0.14699999999999996,33.07,18.75,10.71,29.46,37.5,28.57,169.0,0.301,48.0,28.4,12.0,7.1,0.842,0.186,29.55,15.52,11.29,26.8,35.14,26.23,185.0,0.281,45.0,24.32,16.0,8.65,0.796,0.174,29.92,15.02,15.3,30.32,31.62,19.91,510.0,0.236,145.0,28.43,48.0,9.41,0.6930000000000001,0.137,27.56,13.5,14.97,28.47,28.07,21.51
745251,2024-06-01,2024,663728,R,672282,L,field_out,False,False,50.0,0.159,17.0,34.0,3.0,6.0,0.72,0.34099999999999997,35.71,19.32,11.59,30.92,36.94,24.29,108.0,0.218,32.0,29.63,7.0,6.48,0.645,0.158,31.38,17.77,9.0,26.78,35.38,24.06,185.0,0.281,45.0,24.32,16.0,8.65,0.796,0.174,29.92,15.02,15.3,30.32,31.62,19.91,510.0,0.236,145.0,28.43,48.0,9.41,0.6930000000000001,0.137,27.56,13.5,14.97,28.47,28.07,21.51
745251,2024-06-01,2024,641432,L,682243,R,field_out,False,False,80.0,0.295,11.0,13.75,1.0,1.25,0.762,0.16700000000000004,14.77,7.75,15.49,23.24,29.63,15.07,139.0,0.256,15.0,10.79,13.0,9.35,0.756,0.176,14.22,5.56,19.54,25.1,21.32,10.83,140.0,0.167,30.0,21.43,13.0,9.29,0.632,0.222,24.07,11.97,14.55,26.52,25.75,18.07,256.0,0.303,47.0,18.36,16.0,6.25,0.916,0.255,23.37,11.88,14.6,26.49,27.52,16.04
745251,2024-06-01,2024,607680,R,682243,R,field_out,False,False,57.0,0.294,11.0,19.3,3.0,5.26,0.8680000000000001,0.23500000000000004,22.02,11.54,15.38,26.92,37.96,15.94,95.0,0.202,22.0,23.16,4.0,4.21,0.58,0.1459999999999999,23.46,13.0,15.17,28.17,39.61,20.95,115.0,0.229,32.0,27.83,5.0,4.35,0.6000000000000001,0.11000000000000001,26.39,13.19,16.67,29.86,27.0,23.7,282.0,0.2,72.0,25.53,10.0,3.55,0.549,0.1149999999999999,25.0,13.61,14.7,28.31,29.61,20.28
745251,2024-06-01,2024,642136,L,682243,R,field_out,False,False,45.0,0.263,15.0,33.33,6.0,13.33,0.7849999999999999,0.15799999999999997,44.0,18.33,16.67,35.0,28.16,26.79,266.0,0.215,71.0,26.69,31.0,11.65,0.6759999999999999,0.145,34.8,16.01,13.25,29.25,18.13,22.15,140.0,0.167,30.0,21.43,13.0,9.29,0.632,0.222,24.07,11.97,14.55,26.52,25.75,18.07,256.0,0.303,47.0,18.36,16.0,6.25,0.916,0.255,23.37,11.88,14.6,26.49,27.52,16.04
745251,2024-06-01,2024,664034,R,672282,L,strikeout,True,False,60.0,0.275,13.0,21.67,8.0,13.33,0.8340000000000001,0.176,28.83,13.39,12.13,25.52,25.2,19.12,160.0,0.28,32.0,20.0,6.0,3.75,0.718,0.1129999999999999,21.07,12.16,10.7,22.85,36.66,14.81,185.0,0.281,45.0,24.32,16.0,8.65,0.796,0.174,29.92,15.02,15.3,30.32,31.62,19.91,510.0,0.236,145.0,28.43,48.0,9.41,0.6930000000000001,0.137,27.56,13.5,14.97,28.47,28.07,21.51
745251,2024-06-01,2024,571745,R,672282,L,single,False,False,61.0,0.14,16.0,26.23,4.0,6.56,0.337,0.0,29.09,12.8,18.8,31.6,23.33,18.52,69.0,0.254,17.0,24.64,5.0,7.25,0.706,0.143,26.02,11.43,17.5,28.93,26.06,19.54,185.0,0.281,45.0,24.32,16.0,8.65,0.796,0.174,29.92,15.02,15.3,30.32,31.62,19.91,510.0,0.236,145.0,28.43,48.0,9.41,0.6930000000000001,0.137,27.56,13.5,14.97,28.47,28.07,21.51
745251,2024-06-01,2024,641598,R,672282,L,strikeout,True,False,49.0,0.233,13.0,26.53,6.0,12.24,0.792,0.232,27.06,10.41,23.53,33.94,21.1,15.29,84.0,0.344,12.0,14.29,19.0,22.62,0.938,0.094,15.7,5.37,20.06,25.42,13.76,12.9,185.0,0.281,45.0,24.32,16.0,8.65,0.796,0.174,29.92,15.02,15.3,30.32,31.62,19.91,510.0,0.236,145.0,28.43,48.0,9.41,0.6930000000000001,0.137,27.56,13.5,14.97,28.47,28.07,21.51
745251,2024-06-01,2024,670042,L,672282,L,walk,False,True,20.0,0.316,2.0,10.0,1.0,5.0,0.876,0.21000000000000002,22.86,11.27,16.9,28.17,24.24,12.5,44.0,0.268,16.0,36.36,2.0,4.55,0.741,0.1709999999999999,41.18,22.58,15.48,38.06,33.8,36.36,73.0,0.238,22.0,30.14,7.0,9.59,0.789,0.22200000000000003,30.77,15.07,18.49,33.56,28.06,23.91,135.0,0.294,23.0,17.04,12.0,8.89,0.882,0.21,25.21,11.82,15.83,27.66,25.1,15.54
745251,2024-06-01,2024,669208,R,672282,L,walk,False,True,4.0,0.0,1.0,25.0,1.0,25.0,0.25,0.0,33.33,13.33,13.33,26.67,0.0,25.0,,,,,,,,,,,,,,,185.0,0.281,45.0,24.32,16.0,8.65,0.796,0.174,29.92,15.02,15.3,30.32,31.62,19.91,510.0,0.236,145.0,28.43,48.0,9.41,0.6930000000000001,0.137,27.56,13.5,14.97,28.47,28.07,21.51
745251,2024-06-01,2024,641487,L,672282,L,home_run,False,False,39.0,0.314,5.0,12.82,4.0,10.26,0.8140000000000001,0.11499999999999999,12.7,5.06,24.05,29.11,11.11,9.62,193.0,0.267,41.0,21.24,27.0,13.99,0.755,0.1149999999999999,19.56,7.7,20.12,27.83,20.15,17.67,73.0,0.238,22.0,30.14,7.0,9.59,0.789,0.22200000000000003,30.77,15.07,18.49,33.56,28.06,23.91,135.0,0.294,23.0,17.04,12.0,8.89,0.882,0.21,25.21,11.82,15.83,27.66,25.1,15.54
745251,2024-06-01,2024,664238,R,608334,R,strikeout,True,False,116.0,0.208,32.0,27.59,13.0,11.21,0.742,0.19800000000000004,26.77,11.32,19.02,30.34,18.34,22.7,73.0,0.188,28.0,38.36,6.0,8.22,0.647,0.1709999999999999,33.56,16.33,21.33,37.67,34.46,26.17,46.0,0.211,12.0,26.09,8.0,17.39,0.611,0.05200000000000002,22.37,9.6,18.08,27.68,33.71,25.53,17.0,0.214,1.0,5.88,3.0,17.65,0.782,0.215,12.5,4.48,17.91,22.39,14.71,9.09
745251,2024-06-01,2024,666176,R,682243,R,strikeout,True,False,122.0,0.185,38.0,31.15,8.0,6.56,0.608,0.16699999999999998,29.63,14.31,14.91,29.22,30.53,20.77,43.0,0.205,18.0,41.86,4.0,9.3,0.7150000000000001,0.231,40.66,20.67,14.53,35.2,30.34,25.35,115.0,0.229,32.0,27.83,5.0,4.35,0.6000000000000001,0.11000000000000001,26.39,13.19,16.67,29.86,27.0,23.7,282.0,0.2,72.0,25.53,10.0,3.55,0.549,0.1149999999999999,25.0,13.61,14.7,28.31,29.61,20.28
745251,2024-06-01,2024,687263,R,682243,R,strikeout,True,False,167.0,0.208,41.0,24.55,12.0,7.19,0.633,0.156,27.9,14.35,15.0,29.35,33.54,22.16,262.0,0.222,62.0,23.66,18.0,6.87,0.6599999999999999,0.1349999999999999,28.77,13.7,16.19,29.89,23.52,18.84,115.0,0.229,32.0,27.83,5.0,4.35,0.6000000000000001,0.11000000000000001,26.39,13.19,16.67,29.86,27.0,23.7,282.0,0.2,72.0,25.53,10.0,3.55,0.549,0.1149999999999999,25.0,13.61,14.7,28.31,29.61,20.28
745251,2024-06-01,2024,641645,L,682243,R,field_out,False,False,55.0,0.26,11.0,20.0,5.0,9.09,0.687,0.09999999999999998,23.53,10.91,16.82,27.73,26.17,16.42,96.0,0.218,19.0,19.79,8.0,8.33,0.591,0.092,15.23,6.02,21.47,27.49,22.05,19.79,140.0,0.167,30.0,21.43,13.0,9.29,0.632,0.222,24.07,11.97,14.55,26.52,25.75,18.07,256.0,0.303,47.0,18.36,16.0,6.25,0.916,0.255,23.37,11.88,14.6,26.49,27.52,16.04
745251,2024-06-01,2024,677594,R,608334,R,strikeout,True,False,185.0,0.243,51.0,27.57,11.0,5.95,0.581,0.045999999999999985,31.0,16.58,12.17,28.74,35.15,18.73,545.0,0.267,127.0,23.3,35.0,6.42,0.8109999999999999,0.2169999999999999,27.93,14.91,13.12,28.03,38.34,22.84,46.0,0.211,12.0,26.09,8.0,17.39,0.611,0.05200000000000002,22.37,9.6,18.08,27.68,33.71,25.53,17.0,0.214,1.0,5.88,3.0,17.65,0.782,0.215,12.5,4.48,17.91,22.39,14.71,9.09
745251,2024-06-01,2024,663728,L,608334,R,field_out,False,False,151.0,0.222,54.0,35.76,15.0,9.93,0.683,0.163,30.51,15.63,13.31,28.95,31.76,23.04,462.0,0.235,126.0,27.27,47.0,10.17,0.7909999999999999,0.241,29.58,14.2,14.09,28.29,30.53,21.36,53.0,0.174,9.0,16.98,5.0,9.43,0.653,0.196,24.44,11.06,16.08,27.14,30.19,15.79,22.0,0.15,5.0,22.73,1.0,4.55,0.527,0.15,25.58,12.22,16.67,28.89,26.19,17.86
745251,2024-06-01,2024,664034,R,608334,R,walk,False,True,152.0,0.255,38.0,25.0,7.0,4.61,0.7,0.14200000000000002,20.76,10.24,15.02,25.26,27.4,19.59,506.0,0.24,85.0,16.8,37.0,7.31,0.698,0.1169999999999999,22.16,11.42,13.69,25.11,32.3,15.51,46.0,0.211,12.0,26.09,8.0,17.39,0.611,0.05200000000000002,22.37,9.6,18.08,27.68,33.71,25.53,17.0,0.214,1.0,5.88,3.0,17.65,0.782,0.215,12.5,4.48,17.91,22.39,14.71,9.09
745251,2024-06-01,2024,571745,R,608334,R,walk,False,True,149.0,0.252,42.0,28.19,12.0,8.05,0.748,0.185,29.5,12.28,18.66,30.94,20.72,20.92,161.0,0.189,48.0,29.81,10.0,6.21,0.599,0.1619999999999999,28.57,13.33,19.22,32.56,25.34,22.02,46.0,0.211,12.0,26.09,8.0,17.39,0.611,0.05200000000000002,22.37,9.6,18.08,27.68,33.71,25.53,17.0,0.214,1.0,5.88,3.0,17.65,0.782,0.215,12.5,4.48,17.91,22.39,14.71,9.09
745251,2024-06-01,2024,641598,R,608334,R,field_out,False,False,135.0,0.14,46.0,34.07,16.0,11.85,0.505,0.10599999999999998,34.84,14.03,23.68,37.7,21.24,25.41,262.0,0.25,70.0,26.72,25.0,9.54,0.845,0.267,25.84,10.63,19.22,29.85,18.71,21.21,46.0,0.211,12.0,26.09,8.0,17.39,0.611,0.05200000000000002,22.37,9.6,18.08,27.68,33.71,25.53,17.0,0.214,1.0,5.88,3.0,17.65,0.782,0.215,12.5,4.48,17.91,22.39,14.71,9.09
745251,2024-06-01,2024,650859,L,682243,R,field_out,False,False,121.0,0.275,18.0,14.88,8.0,6.61,0.744,0.13799999999999996,18.58,9.77,12.56,22.33,32.05,14.17,322.0,0.24,60.0,18.63,31.0,9.63,0.7270000000000001,0.166,24.18,11.79,13.87,25.66,28.19,14.39,140.0,0.167,30.0,21.43,13.0,9.29,0.632,0.222,24.07,11.97,14.55,26.52,25.75,18.07,256.0,0.303,47.0,18.36,16.0,6.25,0.916,0.255,23.37,11.88,14.6,26.49,27.52,16.04
745251,2024-06-01,2024,666160,L,682243,R,strikeout,True,False,124.0,0.178,33.0,26.61,6.0,4.84,0.472,0.07600000000000001,27.72,15.9,11.47,27.36,36.14,20.12,259.0,0.293,93.0,35.91,7.0,2.7,0.8620000000000001,0.249,38.62,24.01,9.43,33.44,46.84,30.07,140.0,0.167,30.0,21.43,13.0,9.29,0.632,0.222,24.07,11.97,14.55,26.52,25.75,18.07,256.0,0.303,47.0,18.36,16.0,6.25,0.916,0.255,23.37,11.88,14.6,26.49,27.52,16.04
745251,2024-06-01,2024,621493,R,682243,R,field_out,False,False,190.0,0.246,42.0,22.11,19.0,10.0,0.784,0.22100000000000003,21.81,9.76,18.27,28.03,18.56,20.39,295.0,0.233,61.0,20.68,27.0,9.15,0.702,0.148,23.43,10.4,15.98,26.37,23.09,17.78,115.0,0.229,32.0,27.83,5.0,4.35,0.6000000000000001,0.11000000000000001,26.39,13.19,16.67,29.86,27.0,23.7,282.0,0.2,72.0,25.53,10.0,3.55,0.549,0.1149999999999999,25.0,13.61,14.7,28.31,29.61,20.28
745251,2024-06-01,2024,670042,L,608334,R,home_run,False,False,118.0,0.25,37.0,31.36,3.0,2.54,0.663,0.125,34.43,19.13,10.48,29.61,31.94,31.36,363.0,0.247,112.0,30.85,26.0,7.16,0.8340000000000001,0.25,38.6,19.83,11.57,31.39,31.1,26.79,53.0,0.174,9.0,16.98,5.0,9.43,0.653,0.196,24.44,11.06,16.08,27.14,30.19,15.79,22.0,0.15,5.0,22.73,1.0,4.55,0.527,0.15,25.58,12.22,16.67,28.89,26.19,17.86
745251,2024-06-01,2024,669208,R,608334,R,single,False,False,3.0,0.0,0.0,0.0,1.0,33.33,0.333,0.0,0.0,0.0,15.38,15.38,0.0,0.0,,,,,,,,,,,,,,,46.0,0.211,12.0,26.09,8.0,17.39,0.611,0.05200000000000002,22.37,9.6,18.08,27.68,33.71,25.53,17.0,0.214,1.0,5.88,3.0,17.65,0.782,0.215,12.5,4.48,17.91,22.39,14.71,9.09
745251,2024-06-01,2024,641487,L,608334,R,field_out,False,False,108.0,0.181,27.0,25.0,12.0,11.11,0.597,0.138,19.58,8.1,19.69,27.79,19.28,19.42,446.0,0.266,84.0,18.83,67.0,15.02,0.845,0.197,18.19,6.93,19.49,26.42,17.9,17.39,53.0,0.174,9.0,16.98,5.0,9.43,0.653,0.196,24.44,11.06,16.08,27.14,30.19,15.79,22.0,0.15,5.0,22.73,1.0,4.55,0.527,0.15,25.58,12.22,16.67,28.89,26.19,17.86
745251,2024-06-01,2024,664238,R,672710,R,hit_by_pitch,False,False,116.0,0.208,32.0,27.59,13.0,11.21,0.742,0.19800000000000004,26.77,11.32,19.02,30.34,18.34,22.7,73.0,0.188,28.0,38.36,6.0,8.22,0.647,0.1709999999999999,33.56,16.33,21.33,37.67,34.46,26.17,51.0,0.238,14.0,27.45,8.0,15.69,0.86,0.262,26.8,13.98,10.22,24.19,27.91,24.14,160.0,0.264,38.0,23.75,19.0,11.88,0.766,0.1499999999999999,31.71,14.33,18.27,32.6,29.6,19.69
745251,2024-06-01,2024,677594,R,672710,R,single,False,False,185.0,0.243,51.0,27.57,11.0,5.95,0.581,0.045999999999999985,31.0,16.58,12.17,28.74,35.15,18.73,545.0,0.267,127.0,23.3,35.0,6.42,0.8109999999999999,0.2169999999999999,27.93,14.91,13.12,28.03,38.34,22.84,51.0,0.238,14.0,27.45,8.0,15.69,0.86,0.262,26.8,13.98,10.22,24.19,27.91,24.14,160.0,0.264,38.0,23.75,19.0,11.88,0.766,0.1499999999999999,31.71,14.33,18.27,32.6,29.6,19.69
745251,2024-06-01,2024,663728,L,672710,R,double,False,False,151.0,0.222,54.0,35.76,15.0,9.93,0.683,0.163,30.51,15.63,13.31,28.95,31.76,23.04,462.0,0.235,126.0,27.27,47.0,10.17,0.7909999999999999,0.241,29.58,14.2,14.09,28.29,30.53,21.36,38.0,0.257,6.0,15.79,3.0,7.89,0.602,0.02899999999999997,17.19,7.33,17.33,24.67,21.33,15.79,142.0,0.302,17.0,11.97,13.0,9.15,0.893,0.222,20.48,9.98,15.26,25.24,29.01,11.68
745251,2024-06-01,2024,664034,R,672710,R,field_out,False,False,152.0,0.255,38.0,25.0,7.0,4.61,0.7,0.14200000000000002,20.76,10.24,15.02,25.26,27.4,19.59,506.0,0.24,85.0,16.8,37.0,7.31,0.698,0.1169999999999999,22.16,11.42,13.69,25.11,32.3,15.51,51.0,0.238,14.0,27.45,8.0,15.69,0.86,0.262,26.8,13.98,10.22,24.19,27.91,24.14,160.0,0.264,38.0,23.75,19.0,11.88,0.766,0.1499999999999999,31.71,14.33,18.27,32.6,29.6,19.69
745251,2024-06-01,2024,571745,R,672710,R,strikeout,True,False,149.0,0.252,42.0,28.19,12.0,8.05,0.748,0.185,29.5,12.28,18.66,30.94,20.72,20.92,161.0,0.189,48.0,29.81,10.0,6.21,0.599,0.1619999999999999,28.57,13.33,19.22,32.56,25.34,22.02,51.0,0.238,14.0,27.45,8.0,15.69,0.86,0.262,26.8,13.98,10.22,24.19,27.91,24.14,160.0,0.264,38.0,23.75,19.0,11.88,0.766,0.1499999999999999,31.71,14.33,18.27,32.6,29.6,19.69
745251,2024-06-01,2024,641432,L,608723,R,field_out,False,False,80.0,0.295,11.0,13.75,1.0,1.25,0.762,0.16700000000000004,14.77,7.75,15.49,23.24,29.63,15.07,139.0,0.256,15.0,10.79,13.0,9.35,0.756,0.176,14.22,5.56,19.54,25.1,21.32,10.83,49.0,0.191,9.0,18.37,1.0,2.04,0.607,0.192,24.47,13.45,13.45,26.9,32.1,19.57,68.0,0.288,10.0,14.71,7.0,10.29,0.772,0.102,13.95,6.08,17.57,23.65,25.81,11.76
745251,2024-06-01,2024,607680,R,608723,R,field_out,False,False,57.0,0.294,11.0,19.3,3.0,5.26,0.8680000000000001,0.23500000000000004,22.02,11.54,15.38,26.92,37.96,15.94,95.0,0.202,22.0,23.16,4.0,4.21,0.58,0.1459999999999999,23.46,13.0,15.17,28.17,39.61,20.95,40.0,0.222,12.0,30.0,3.0,7.5,0.6890000000000001,0.167,35.63,19.14,12.35,31.48,40.22,23.08,92.0,0.272,24.0,26.09,8.0,8.7,0.847,0.2339999999999999,30.85,15.63,15.36,31.0,35.26,18.75
745251,2024-06-01,2024,642136,L,608723,R,field_out,False,False,45.0,0.263,15.0,33.33,6.0,13.33,0.7849999999999999,0.15799999999999997,44.0,18.33,16.67,35.0,28.16,26.79,266.0,0.215,71.0,26.69,31.0,11.65,0.6759999999999999,0.145,34.8,16.01,13.25,29.25,18.13,22.15,49.0,0.191,9.0,18.37,1.0,2.04,0.607,0.192,24.47,13.45,13.45,26.9,32.1,19.57,68.0,0.288,10.0,14.71,7.0,10.29,0.772,0.102,13.95,6.08,17.57,23.65,25.81,11.76
745251,2024-06-01,2024,641598,R,672710,R,field_out,False,False,135.0,0.14,46.0,34.07,16.0,11.85,0.505,0.10599999999999998,34.84,14.03,23.68,37.7,21.24,25.41,262.0,0.25,70.0,26.72,25.0,9.54,0.845,0.267,25.84,10.63,19.22,29.85,18.71,21.21,51.0,0.238,14.0,27.45,8.0,15.69,0.86,0.262,26.8,13.98,10.22,24.19,27.91,24.14,160.0,0.264,38.0,23.75,19.0,11.88,0.766,0.1499999999999999,31.71,14.33,18.27,32.6,29.6,19.69
745251,2024-06-01,2024,670042,L,672710,R,field_out,False,False,118.0,0.25,37.0,31.36,3.0,2.54,0.663,0.125,34.43,19.13,10.48,29.61,31.94,31.36,363.0,0.247,112.0,30.85,26.0,7.16,0.8340000000000001,0.25,38.6,19.83,11.57,31.39,31.1,26.79,38.0,0.257,6.0,15.79,3.0,7.89,0.602,0.02899999999999997,17.19,7.33,17.33,24.67,21.33,15.79,142.0,0.302,17.0,11.97,13.0,9.15,0.893,0.222,20.48,9.98,15.26,25.24,29.01,11.68
745251,2024-06-01,2024,669208,R,672710,R,field_out,False,False,3.0,0.0,0.0,0.0,1.0,33.33,0.333,0.0,0.0,0.0,15.38,15.38,0.0,0.0,,,,,,,,,,,,,,,51.0,0.238,14.0,27.45,8.0,15.69,0.86,0.262,26.8,13.98,10.22,24.19,27.91,24.14,160.0,0.264,38.0,23.75,19.0,11.88,0.766,0.1499999999999999,31.71,14.33,18.27,32.6,29.6,19.69
745251,2024-06-01,2024,666176,R,657508,R,strikeout,True,False,122.0,0.185,38.0,31.15,8.0,6.56,0.608,0.16699999999999998,29.63,14.31,14.91,29.22,30.53,20.77,43.0,0.205,18.0,41.86,4.0,9.3,0.7150000000000001,0.231,40.66,20.67,14.53,35.2,30.34,25.35,56.0,0.22,10.0,17.86,5.0,8.93,0.6639999999999999,0.13999999999999999,27.84,13.17,16.1,29.27,25.71,17.54,173.0,0.228,33.0,19.08,19.0,10.98,0.696,0.148,24.01,11.74,12.93,24.67,27.17,16.02
745251,2024-06-01,2024,687263,R,657508,R,field_out,False,False,167.0,0.208,41.0,24.55,12.0,7.19,0.633,0.156,27.9,14.35,15.0,29.35,33.54,22.16,262.0,0.222,62.0,23.66,18.0,6.87,0.6599999999999999,0.1349999999999999,28.77,13.7,16.19,29.89,23.52,18.84,56.0,0.22,10.0,17.86,5.0,8.93,0.6639999999999999,0.13999999999999999,27.84,13.17,16.1,29.27,25.71,17.54,173.0,0.228,33.0,19.08,19.0,10.98,0.696,0.148,24.01,11.74,12.93,24.67,27.17,16.02
745251,2024-06-01,2024,641645,L,657508,R,single,False,False,55.0,0.26,11.0,20.0,5.0,9.09,0.687,0.09999999999999998,23.53,10.91,16.82,27.73,26.17,16.42,96.0,0.218,19.0,19.79,8.0,8.33,0.591,0.092,15.23,6.02,21.47,27.49,22.05,19.79,33.0,0.269,6.0,18.18,6.0,18.18,0.779,0.11599999999999999,19.64,8.87,15.32,24.19,19.3,16.22,100.0,0.209,28.0,28.0,14.0,14.0,0.6799999999999999,0.151,26.6,12.25,16.91,29.17,27.69,22.05
745251,2024-06-01,2024,650859,L,657508,R,strikeout,True,False,121.0,0.275,18.0,14.88,8.0,6.61,0.744,0.13799999999999996,18.58,9.77,12.56,22.33,32.05,14.17,322.0,0.24,60.0,18.63,31.0,9.63,0.7270000000000001,0.166,24.18,11.79,13.87,25.66,28.19,14.39,33.0,0.269,6.0,18.18,6.0,18.18,0.779,0.11599999999999999,19.64,8.87,15.32,24.19,19.3,16.22,100.0,0.209,28.0,28.0,14.0,14.0,0.6799999999999999,0.151,26.6,12.25,16.91,29.17,27.69,22.05
745251,2024-06-01,2024,641487,L,657061,R,field_out,False,False,108.0,0.181,27.0,25.0,12.0,11.11,0.597,0.138,19.58,8.1,19.69,27.79,19.28,19.42,446.0,0.266,84.0,18.83,67.0,15.02,0.845,0.197,18.19,6.93,19.49,26.42,17.9,17.39,,,,,,,,,,,,,,,,,,,,,,,,,,,,
745251,2024-06-01,2024,664238,R,657061,R,single,False,False,116.0,0.208,32.0,27.59,13.0,11.21,0.742,0.19800000000000004,26.77,11.32,19.02,30.34,18.34,22.7,73.0,0.188,28.0,38.36,6.0,8.22,0.647,0.1709999999999999,33.56,16.33,21.33,37.67,34.46,26.17,,,,,,,,,,,,,,,,,,,,,,,,,,,,
745251,2024-06-01,2024,686527,L,657061,R,walk,False,True,68.0,0.19,21.0,30.88,4.0,5.88,0.6950000000000001,0.27,36.0,18.67,16.6,35.27,40.16,28.77,155.0,0.221,26.0,16.77,5.0,3.23,0.661,0.1879999999999999,24.65,13.73,16.86,30.59,41.27,21.85,,,,,,,,,,,,,,,,,,,,,,,,,,,,
745251,2024-06-01,2024,664874,R,657061,R,grounded_into_double_play,False,False,25.0,0.13,10.0,40.0,2.0,8.0,0.374,0.043999999999999984,43.4,22.12,18.27,40.38,40.38,27.03,139.0,0.159,48.0,34.53,9.0,6.47,0.536,0.158,39.45,21.19,13.57,34.76,35.61,26.82,,,,,,,,,,,,,,,,,,,,,,,,,,,,
745251,2024-06-01,2024,666160,L,669912,L,field_out,False,False,6.0,0.0,3.0,50.0,0.0,0.0,0.0,0.0,30.0,13.64,27.27,40.91,41.67,37.5,65.0,0.222,21.0,32.31,2.0,3.08,0.548,0.0799999999999999,40.0,23.18,12.45,35.62,46.28,37.5,14.0,0.308,4.0,28.57,1.0,7.14,0.819,0.15400000000000003,36.36,16.67,18.75,35.42,42.31,26.67,26.0,0.32,5.0,19.23,1.0,3.85,0.826,0.1599999999999999,25.0,11.54,25.64,37.18,34.29,21.74
745251,2024-06-01,2024,677347,R,669912,L,strikeout,True,False,21.0,0.1,5.0,23.81,1.0,4.76,0.293,0.04999999999999999,27.08,14.13,9.78,23.91,22.73,15.15,13.0,0.091,4.0,30.77,1.0,7.69,0.322,0.0,35.71,19.23,11.54,30.77,13.04,21.05,19.0,0.294,2.0,10.53,2.0,10.53,0.839,0.177,26.47,11.25,15.0,26.25,22.73,8.7,30.0,0.24,4.0,13.33,5.0,16.67,0.647,0.04,23.53,10.08,12.61,22.69,24.24,10.53
745251,2024-06-01,2024,641432,L,669912,L,single,False,False,17.0,0.188,1.0,5.88,1.0,5.88,0.423,0.0,14.29,7.27,14.55,21.82,30.77,10.0,10.0,0.0,5.0,50.0,1.0,10.0,0.1,0.0,31.58,13.33,13.33,26.67,32.14,29.41,14.0,0.308,4.0,28.57,1.0,7.14,0.819,0.15400000000000003,36.36,16.67,18.75,35.42,42.31,26.67,26.0,0.32,5.0,19.23,1.0,3.85,0.826,0.1599999999999999,25.0,11.54,25.64,37.18,34.29,21.74
745251,2024-06-01,2024,607680,R,669912,L,single,False,False,44.0,0.4,8.0,18.18,3.0,6.82,1.18,0.32499999999999996,22.99,11.24,14.04,25.28,32.99,16.0,111.0,0.25,28.0,25.23,2.0,1.8,0.733,0.2219999999999999,28.46,16.17,12.7,28.87,40.87,21.05,19.0,0.294,2.0,10.53,2.0,10.53,0.839,0.177,26.47,11.25,15.0,26.25,22.73,8.7,30.0,0.24,4.0,13.33,5.0,16.67,0.647,0.04,23.53,10.08,12.61,22.69,24.24,10.53
745251,2024-06-01,2024,642136,L,669912,L,field_out,False,False,4.0,0.0,0.0,0.0,0.0,0.0,0.0,0.0,20.0,13.33,6.67,20.0,0.0,0.0,41.0,0.206,12.0,29.27,5.0,12.2,0.547,0.0,30.88,13.21,16.98,30.19,22.78,27.91,14.0,0.308,4.0,28.57,1.0,7.14,0.819,0.15400000000000003,36.36,16.67,18.75,35.42,42.31,26.67,26.0,0.32,5.0,19.23,1.0,3.85,0.826,0.1599999999999999,25.0,11.54,25.64,37.18,34.29,21.74
745980,2024-06-01,2024,502054,R,688107,L,strikeout,True,False,29.0,0.292,7.0,24.14,4.0,13.79,0.9969999999999999,0.291,22.73,9.17,22.02,31.19,21.15,20.0,177.0,0.245,35.0,19.77,19.0,10.73,0.787,0.22,18.15,7.08,21.25,28.33,19.5,17.41,76.0,0.265,9.0,11.84,1.0,1.32,0.5720000000000001,0.014000000000000012,20.0,10.37,18.15,28.52,29.46,12.16,,,,,,,,,,,,,,
745980,2024-06-01,2024,686676,R,688107,L,field_out,False,False,31.0,0.267,8.0,25.81,1.0,3.23,0.5569999999999999,0.0,29.82,17.17,15.15,32.32,34.21,29.63,23.0,0.0,8.0,34.78,1.0,4.35,0.043,0.0,28.12,15.79,7.89,23.68,26.67,17.02,76.0,0.265,9.0,11.84,1.0,1.32,0.5720000000000001,0.014000000000000012,20.0,10.37,18.15,28.52,29.46,12.16,,,,,,,,,,,,,,
745980,2024-06-01,2024,667452,R,688107,L,field_out,False,False,16.0,0.357,5.0,31.25,2.0,12.5,1.081,0.28600000000000003,28.12,13.24,17.65,30.88,37.14,18.52,76.0,0.233,19.0,25.0,2.0,2.63,0.62,0.1369999999999999,22.62,11.91,15.05,26.96,35.67,17.27,76.0,0.265,9.0,11.84,1.0,1.32,0.5720000000000001,0.014000000000000012,20.0,10.37,18.15,28.52,29.46,12.16,,,,,,,,,,,,,,
745980,2024-06-01,2024,687401,R,676979,L,field_out,False,False,50.0,0.175,11.0,22.0,8.0,16.0,0.627,0.125,19.75,7.48,20.56,28.04,16.96,21.57,21.0,0.3,6.0,28.57,0.0,0.0,0.586,0.0,26.32,13.33,25.33,38.67,40.0,24.0,215.0,0.198,69.0,32.09,10.0,4.65,0.623,0.183,29.87,15.45,15.9,31.35,31.99,23.08,42.0,0.172,8.0,19.05,10.0,23.81,0.745,0.207,25.56,11.5,13.5,25.0,25.93,11.76
745980,2024-06-01,2024,661388,R,676979,L,strikeout,True,False,54.0,0.312,15.0,27.78,4.0,7.41,0.7689999999999999,0.10499999999999998,31.82,15.7,14.35,30.04,30.25,24.19,177.0,0.357,32.0,18.08,21.0,11.86,1.087,0.292,28.8,12.96,16.38,29.34,24.36,16.24,215.0,0.198,69.0,32.09,10.0,4.65,0.623,0.183,29.87,15.45,15.9,31.35,31.99,23.08,42.0,0.172,8.0,19.05,10.0,23.81,0.745,0.207,25.56,11.5,13.5,25.0,25.93,11.76
745980,2024-06-01,2024,592885,L,676979,L,single,False,False,36.0,0.355,7.0,19.44,5.0,13.89,1.154,0.355,22.0,7.97,16.67,24.64,17.5,24.14,159.0,0.234,37.0,23.27,14.0,8.81,0.633,0.097,26.17,13.04,15.53,28.57,28.16,18.32,36.0,0.156,16.0,44.44,4.0,11.11,0.469,0.063,30.3,13.79,15.17,28.97,21.62,37.21,22.0,0.389,4.0,18.18,3.0,13.64,0.944,0.0549999999999999,27.5,11.96,19.57,31.52,21.43,14.29
745980,2024-06-01,2024,642715,R,676979,L,field_out,False,False,49.0,0.214,9.0,18.37,6.0,12.24,0.687,0.167,25.32,11.3,15.82,27.12,22.92,19.15,160.0,0.231,48.0,30.0,24.0,15.0,0.762,0.1789999999999999,26.61,12.38,15.79,28.17,29.47,20.17,215.0,0.198,69.0,32.09,10.0,4.65,0.623,0.183,29.87,15.45,15.9,31.35,31.99,23.08,42.0,0.172,8.0,19.05,10.0,23.81,0.745,0.207,25.56,11.5,13.5,25.0,25.93,11.76
745980,2024-06-01,2024,657557,R,688107,L,field_out,False,False,43.0,0.128,16.0,37.21,2.0,4.65,0.494,0.18,43.0,23.89,10.0,33.89,28.57,27.59,119.0,0.217,35.0,29.41,9.0,7.56,0.635,0.1319999999999999,33.2,18.24,12.75,30.99,37.18,23.03,76.0,0.265,9.0,11.84,1.0,1.32,0.5720000000000001,0.014000000000000012,20.0,10.37,18.15,28.52,29.46,12.16,,,,,,,,,,,,,,
745980,2024-06-01,2024,657757,L,688107,L,strikeout,True,False,27.0,0.136,8.0,29.63,2.0,7.41,0.495,0.137,26.09,10.81,19.82,30.63,22.22,24.24,20.0,0.053,8.0,40.0,0.0,0.0,0.103,0.0,42.11,18.6,20.93,39.53,40.0,26.67,16.0,0.188,4.0,25.0,0.0,0.0,0.376,0.0,37.04,19.23,25.0,44.23,47.83,21.05,,,,,,,,,,,,,,
745980,2024-06-01,2024,672820,R,688107,L,field_out,False,False,11.0,0.2,4.0,36.36,1.0,9.09,0.573,0.09999999999999998,23.81,10.42,20.83,31.25,31.82,26.67,50.0,0.261,10.0,20.0,3.0,6.0,0.741,0.174,22.11,11.8,17.98,29.78,44.19,18.87,76.0,0.265,9.0,11.84,1.0,1.32,0.5720000000000001,0.014000000000000012,20.0,10.37,18.15,28.52,29.46,12.16,,,,,,,,,,,,,,
745980,2024-06-01,2024,656555,R,676979,L,field_out,False,False,21.0,0.125,2.0,9.52,3.0,14.29,0.598,0.187,22.22,8.89,16.67,25.56,20.0,8.33,,,,,,,,,,,,,,,215.0,0.198,69.0,32.09,10.0,4.65,0.623,0.183,29.87,15.45,15.9,31.35,31.99,23.08,42.0,0.172,8.0,19.05,10.0,23.81,0.745,0.207,25.56,11.5,13.5,25.0,25.93,11.76
745980,2024-06-01,2024,596142,R,676979,L,walk,False,True,37.0,0.265,8.0,21.62,2.0,5.41,0.9710000000000001,0.382,28.36,13.77,21.01,34.78,31.34,18.6,79.0,0.267,18.0,22.78,4.0,5.06,0.984,0.413,25.18,10.61,22.12,32.73,24.07,18.18,215.0,0.198,69.0,32.09,10.0,4.65,0.623,0.183,29.87,15.45,15.9,31.35,31.99,23.08,42.0,0.172,8.0,19.05,10.0,23.81,0.745,0.207,25.56,11.5,13.5,25.0,25.93,11.76
745980,2024-06-01,2024,663368,R,676979,L,field_out,False,False,44.0,0.179,9.0,20.45,5.0,11.36,0.5549999999999999,0.10299999999999998,24.64,9.94,22.22,32.16,20.48,25.71,58.0,0.192,13.0,22.41,6.0,10.34,0.603,0.135,20.48,7.2,25.0,32.2,14.41,24.53,215.0,0.198,69.0,32.09,10.0,4.65,0.623,0.183,29.87,15.45,15.9,31.35,31.99,23.08,42.0,0.172,8.0,19.05,10.0,23.81,0.745,0.207,25.56,11.5,13.5,25.0,25.93,11.76
745980,2024-06-01,2024,694192,R,676979,L,strikeout,True,False,43.0,0.158,10.0,23.26,5.0,11.63,0.493,0.07899999999999999,25.56,13.37,12.79,26.16,34.07,18.52,,,,,,,,,,,,,,,215.0,0.198,69.0,32.09,10.0,4.65,0.623,0.183,29.87,15.45,15.9,31.35,31.99,23.08,42.0,0.172,8.0,19.05,10.0,23.81,0.745,0.207,25.56,11.5,13.5,25.0,25.93,11.76
745980,2024-06-01,2024,643217,L,688107,L,home_run,False,False,41.0,0.077,11.0,26.83,2.0,4.88,0.22499999999999998,0.025999999999999995,28.89,15.2,13.45,28.65,33.33,16.18,135.0,0.262,22.0,16.3,10.0,7.41,0.7230000000000001,0.14,20.08,10.21,13.87,24.08,28.74,14.77,16.0,0.188,4.0,25.0,0.0,0.0,0.376,0.0,37.04,19.23,25.0,44.23,47.83,21.05,,,,,,,,,,,,,,
745980,2024-06-01,2024,664901,R,688107,L,single,False,False,21.0,0.316,4.0,19.05,2.0,9.52,1.17,0.47300000000000003,23.08,10.47,13.95,24.42,22.92,19.05,41.0,0.225,10.0,24.39,1.0,2.44,0.544,0.0749999999999999,22.67,10.62,20.0,30.63,24.29,21.74,76.0,0.265,9.0,11.84,1.0,1.32,0.5720000000000001,0.014000000000000012,20.0,10.37,18.15,28.52,29.46,12.16,,,,,,,,,,,,,,
745980,2024-06-01,2024,621545,R,688107,L,field_out,False,False,20.0,0.294,4.0,20.0,2.0,10.0,0.78,0.118,21.43,8.57,24.29,32.86,25.71,22.22,45.0,0.333,14.0,31.11,3.0,6.67,0.7909999999999999,0.0769999999999999,35.44,16.87,17.47,34.34,28.99,35.9,76.0,0.265,9.0,11.84,1.0,1.32,0.5720000000000001,0.014000000000000012,20.0,10.37,18.15,28.52,29.46,12.16,,,,,,,,,,,,,,
745980,2024-06-01,2024,502054,R,688107,L,field_out,False,False,29.0,0.292,7.0,24.14,4.0,13.79,0.9969999999999999,0.291,22.73,9.17,22.02,31.19,21.15,20.0,177.0,0.245,35.0,19.77,19.0,10.73,0.787,0.22,18.15,7.08,21.25,28.33,19.5,17.41,76.0,0.265,9.0,11.84,1.0,1.32,0.5720000000000001,0.014000000000000012,20.0,10.37,18.15,28.52,29.46,12.16,,,,,,,,,,,,,,
745980,2024-06-01,2024,686676,R,688107,L,strikeout,True,False,31.0,0.267,8.0,25.81,1.0,3.23,0.5569999999999999,0.0,29.82,17.17,15.15,32.32,34.21,29.63,23.0,0.0,8.0,34.78,1.0,4.35,0.043,0.0,28.12,15.79,7.89,23.68,26.67,17.02,76.0,0.265,9.0,11.84,1.0,1.32,0.5720000000000001,0.014000000000000012,20.0,10.37,18.15,28.52,29.46,12.16,,,,,,,,,,,,,,
745980,2024-06-01,2024,668930,L,676979,L,single,False,False,27.0,0.217,4.0,14.81,4.0,14.81,0.5940000000000001,0.04400000000000001,15.91,6.03,20.69,26.72,16.07,12.5,73.0,0.188,12.0,16.44,8.0,10.96,0.466,0.0,20.18,7.94,23.47,31.41,18.75,17.39,36.0,0.156,16.0,44.44,4.0,11.11,0.469,0.063,30.3,13.79,15.17,28.97,21.62,37.21,22.0,0.389,4.0,18.18,3.0,13.64,0.944,0.0549999999999999,27.5,11.96,19.57,31.52,21.43,14.29
745980,2024-06-01,2024,687401,R,676979,L,double,False,False,50.0,0.175,11.0,22.0,8.0,16.0,0.627,0.125,19.75,7.48,20.56,28.04,16.96,21.57,21.0,0.3,6.0,28.57,0.0,0.0,0.586,0.0,26.32,13.33,25.33,38.67,40.0,24.0,215.0,0.198,69.0,32.09,10.0,4.65,0.623,0.183,29.87,15.45,15.9,31.35,31.99,23.08,42.0,0.172,8.0,19.05,10.0,23.81,0.745,0.207,25.56,11.5,13.5,25.0,25.93,11.76
745980,2024-06-01,2024,661388,R,676979,L,field_out,False,False,54.0,0.312,15.0,27.78,4.0,7.41,0.7689999999999999,0.10499999999999998,31.82,15.7,14.35,30.04,30.25,24.19,177.0,0.357,32.0,18.08,21.0,11.86,1.087,0.292,28.8,12.96,16.38,29.34,24.36,16.24,215.0,0.198,69.0,32.09,10.0,4.65,0.623,0.183,29.87,15.45,15.9,31.35,31.99,23.08,42.0,0.172,8.0,19.05,10.0,23.81,0.745,0.207,25.56,11.5,13.5,25.0,25.93,11.76
745980,2024-06-01,2024,592885,L,676979,L,strikeout,True,False,36.0,0.355,7.0,19.44,5.0,13.89,1.154,0.355,22.0,7.97,16.67,24.64,17.5,24.14,159.0,0.234,37.0,23.27,14.0,8.81,0.633,0.097,26.17,13.04,15.53,28.57,28.16,18.32,36.0,0.156,16.0,44.44,4.0,11.11,0.469,0.063,30.3,13.79,15.17,28.97,21.62,37.21,22.0,0.389,4.0,18.18,3.0,13.64,0.944,0.0549999999999999,27.5,11.96,19.57,31.52,21.43,14.29
745980,2024-06-01,2024,642715,R,676979,L,strikeout,True,False,49.0,0.214,9.0,18.37,6.0,12.24,0.687,0.167,25.32,11.3,15.82,27.12,22.92,19.15,160.0,0.231,48.0,30.0,24.0,15.0,0.762,0.1789999999999999,26.61,12.38,15.79,28.17,29.47,20.17,215.0,0.198,69.0,32.09,10.0,4.65,0.623,0.183,29.87,15.45,15.9,31.35,31.99,23.08,42.0,0.172,8.0,19.05,10.0,23.81,0.745,0.207,25.56,11.5,13.5,25.0,25.93,11.76
745980,2024-06-01,2024,667452,R,688107,L,single,False,False,16.0,0.357,5.0,31.25,2.0,12.5,1.081,0.28600000000000003,28.12,13.24,17.65,30.88,37.14,18.52,76.0,0.233,19.0,25.0,2.0,2.63,0.62,0.1369999999999999,22.62,11.91,15.05,26.96,35.67,17.27,76.0,0.265,9.0,11.84,1.0,1.32,0.5720000000000001,0.014000000000000012,20.0,10.37,18.15,28.52,29.46,12.16,,,,,,,,,,,,,,
745980,2024-06-01,2024,657557,R,688107,L,field_out,False,False,43.0,0.128,16.0,37.21,2.0,4.65,0.494,0.18,43.0,23.89,10.0,33.89,28.57,27.59,119.0,0.217,35.0,29.41,9.0,7.56,0.635,0.1319999999999999,33.2,18.24,12.75,30.99,37.18,23.03,76.0,0.265,9.0,11.84,1.0,1.32,0.5720000000000001,0.014000000000000012,20.0,10.37,18.15,28.52,29.46,12.16,,,,,,,,,,,,,,
745980,2024-06-01,2024,657757,L,688107,L,home_run,False,False,27.0,0.136,8.0,29.63,2.0,7.41,0.495,0.137,26.09,10.81,19.82,30.63,22.22,24.24,20.0,0.053,8.0,40.0,0.0,0.0,0.103,0.0,42.11,18.6,20.93,39.53,40.0,26.67,16.0,0.188,4.0,25.0,0.0,0.0,0.376,0.0,37.04,19.23,25.0,44.23,47.83,21.05,,,,,,,,,,,,,,
745980,2024-06-01,2024,672820,R,688107,L,single,False,False,11.0,0.2,4.0,36.36,1.0,9.09,0.573,0.09999999999999998,23.81,10.42,20.83,31.25,31.82,26.67,50.0,0.261,10.0,20.0,3.0,6.0,0.741,0.174,22.11,11.8,17.98,29.78,44.19,18.87,76.0,0.265,9.0,11.84,1.0,1.32,0.5720000000000001,0.014000000000000012,20.0,10.37,18.15,28.52,29.46,12.16,,,,,,,,,,,,,,
745980,2024-06-01,2024,666150,L,688107,L,field_out,False,False,9.0,0.0,2.0,22.22,2.0,22.22,0.444,0.0,36.36,9.3,23.26,32.56,15.38,12.5,30.0,0.143,13.0,43.33,1.0,3.33,0.422,0.107,37.04,18.69,20.56,39.25,47.17,35.14,16.0,0.188,4.0,25.0,0.0,0.0,0.376,0.0,37.04,19.23,25.0,44.23,47.83,21.05,,,,,,,,,,,,,,
745980,2024-06-01,2024,664901,R,688107,L,single,False,False,21.0,0.316,4.0,19.05,2.0,9.52,1.17,0.47300000000000003,23.08,10.47,13.95,24.42,22.92,19.05,41.0,0.225,10.0,24.39,1.0,2.44,0.544,0.0749999999999999,22.67,10.62,20.0,30.63,24.29,21.74,76.0,0.265,9.0,11.84,1.0,1.32,0.5720000000000001,0.014000000000000012,20.0,10.37,18.15,28.52,29.46,12.16,,,,,,,,,,,,,,
745980,2024-06-01,2024,621545,R,688107,L,force_out,False,False,20.0,0.294,4.0,20.0,2.0,10.0,0.78,0.118,21.43,8.57,24.29,32.86,25.71,22.22,45.0,0.333,14.0,31.11,3.0,6.67,0.7909999999999999,0.0769999999999999,35.44,16.87,17.47,34.34,28.99,35.9,76.0,0.265,9.0,11.84,1.0,1.32,0.5720000000000001,0.014000000000000012,20.0,10.37,18.15,28.52,29.46,12.16,,,,,,,,,,,,,,
745980,2024-06-01,2024,656555,R,676979,L,field_out,False,False,21.0,0.125,2.0,9.52,3.0,14.29,0.598,0.187,22.22,8.89,16.67,25.56,20.0,8.33,,,,,,,,,,,,,,,215.0,0.198,69.0,32.09,10.0,4.65,0.623,0.183,29.87,15.45,15.9,31.35,31.99,23.08,42.0,0.172,8.0,19.05,10.0,23.81,0.745,0.207,25.56,11.5,13.5,25.0,25.93,11.76
745980,2024-06-01,2024,596142,R,676979,L,field_out,False,False,37.0,0.265,8.0,21.62,2.0,5.41,0.9710000000000001,0.382,28.36,13.77,21.01,34.78,31.34,18.6,79.0,0.267,18.0,22.78,4.0,5.06,0.984,0.413,25.18,10.61,22.12,32.73,24.07,18.18,215.0,0.198,69.0,32.09,10.0,4.65,0.623,0.183,29.87,15.45,15.9,31.35,31.99,23.08,42.0,0.172,8.0,19.05,10.0,23.81,0.745,0.207,25.56,11.5,13.5,25.0,25.93,11.76
745980,2024-06-01,2024,663368,R,676979,L,field_error,False,False,44.0,0.179,9.0,20.45,5.0,11.36,0.5549999999999999,0.10299999999999998,24.64,9.94,22.22,32.16,20.48,25.71,58.0,0.192,13.0,22.41,6.0,10.34,0.603,0.135,20.48,7.2,25.0,32.2,14.41,24.53,215.0,0.198,69.0,32.09,10.0,4.65,0.623,0.183,29.87,15.45,15.9,31.35,31.99,23.08,42.0,0.172,8.0,19.05,10.0,23.81,0.745,0.207,25.56,11.5,13.5,25.0,25.93,11.76
745980,2024-06-01,2024,694192,R,676979,L,field_out,False,False,43.0,0.158,10.0,23.26,5.0,11.63,0.493,0.07899999999999999,25.56,13.37,12.79,26.16,34.07,18.52,,,,,,,,,,,,,,,215.0,0.198,69.0,32.09,10.0,4.65,0.623,0.183,29.87,15.45,15.9,31.35,31.99,23.08,42.0,0.172,8.0,19.05,10.0,23.81,0.745,0.207,25.56,11.5,13.5,25.0,25.93,11.76
745980,2024-06-01,2024,502054,R,688107,L,field_out,False,False,29.0,0.292,7.0,24.14,4.0,13.79,0.9969999999999999,0.291,22.73,9.17,22.02,31.19,21.15,20.0,177.0,0.245,35.0,19.77,19.0,10.73,0.787,0.22,18.15,7.08,21.25,28.33,19.5,17.41,76.0,0.265,9.0,11.84,1.0,1.32,0.5720000000000001,0.014000000000000012,20.0,10.37,18.15,28.52,29.46,12.16,,,,,,,,,,,,,,
745980,2024-06-01,2024,686676,R,688107,L,field_out,False,False,31.0,0.267,8.0,25.81,1.0,3.23,0.5569999999999999,0.0,29.82,17.17,15.15,32.32,34.21,29.63,23.0,0.0,8.0,34.78,1.0,4.35,0.043,0.0,28.12,15.79,7.89,23.68,26.67,17.02,76.0,0.265,9.0,11.84,1.0,1.32,0.5720000000000001,0.014000000000000012,20.0,10.37,18.15,28.52,29.46,12.16,,,,,,,,,,,,,,
745980,2024-06-01,2024,667452,R,688107,L,single,False,False,16.0,0.357,5.0,31.25,2.0,12.5,1.081,0.28600000000000003,28.12,13.24,17.65,30.88,37.14,18.52,76.0,0.233,19.0,25.0,2.0,2.63,0.62,0.1369999999999999,22.62,11.91,15.05,26.96,35.67,17.27,76.0,0.265,9.0,11.84,1.0,1.32,0.5720000000000001,0.014000000000000012,20.0,10.37,18.15,28.52,29.46,12.16,,,,,,,,,,,,,,
745980,2024-06-01,2024,657557,R,688107,L,field_out,False,False,43.0,0.128,16.0,37.21,2.0,4.65,0.494,0.18,43.0,23.89,10.0,33.89,28.57,27.59,119.0,0.217,35.0,29.41,9.0,7.56,0.635,0.1319999999999999,33.2,18.24,12.75,30.99,37.18,23.03,76.0,0.265,9.0,11.84,1.0,1.32,0.5720000000000001,0.014000000000000012,20.0,10.37,18.15,28.52,29.46,12.16,,,,,,,,,,,,,,
745980,2024-06-01,2024,668930,L,676979,L,strikeout,True,False,27.0,0.217,4.0,14.81,4.0,14.81,0.5940000000000001,0.04400000000000001,15.91,6.03,20.69,26.72,16.07,12.5,73.0,0.188,12.0,16.44,8.0,10.96,0.466,0.0,20.18,7.94,23.47,31.41,18.75,17.39,36.0,0.156,16.0,44.44,4.0,11.11,0.469,0.063,30.3,13.79,15.17,28.97,21.62,37.21,22.0,0.389,4.0,18.18,3.0,13.64,0.944,0.0549999999999999,27.5,11.96,19.57,31.52,21.43,14.29
745980,2024-06-01,2024,687401,R,676979,L,field_out,False,False,50.0,0.175,11.0,22.0,8.0,16.0,0.627,0.125,19.75,7.48,20.56,28.04,16.96,21.57,21.0,0.3,6.0,28.57,0.0,0.0,0.586,0.0,26.32,13.33,25.33,38.67,40.0,24.0,215.0,0.198,69.0,32.09,10.0,4.65,0.623,0.183,29.87,15.45,15.9,31.35,31.99,23.08,42.0,0.172,8.0,19.05,10.0,23.81,0.745,0.207,25.56,11.5,13.5,25.0,25.93,11.76
745980,2024-06-01,2024,661388,R,676979,L,single,False,False,54.0,0.312,15.0,27.78,4.0,7.41,0.7689999999999999,0.10499999999999998,31.82,15.7,14.35,30.04,30.25,24.19,177.0,0.357,32.0,18.08,21.0,11.86,1.087,0.292,28.8,12.96,16.38,29.34,24.36,16.24,215.0,0.198,69.0,32.09,10.0,4.65,0.623,0.183,29.87,15.45,15.9,31.35,31.99,23.08,42.0,0.172,8.0,19.05,10.0,23.81,0.745,0.207,25.56,11.5,13.5,25.0,25.93,11.76
745980,2024-06-01,2024,592885,L,676979,L,field_out,False,False,36.0,0.355,7.0,19.44,5.0,13.89,1.154,0.355,22.0,7.97,16.67,24.64,17.5,24.14,159.0,0.234,37.0,23.27,14.0,8.81,0.633,0.097,26.17,13.04,15.53,28.57,28.16,18.32,36.0,0.156,16.0,44.44,4.0,11.11,0.469,0.063,30.3,13.79,15.17,28.97,21.62,37.21,22.0,0.389,4.0,18.18,3.0,13.64,0.944,0.0549999999999999,27.5,11.96,19.57,31.52,21.43,14.29
745980,2024-06-01,2024,657757,L,657649,L,field_out,False,False,27.0,0.136,8.0,29.63,2.0,7.41,0.495,0.137,26.09,10.81,19.82,30.63,22.22,24.24,20.0,0.053,8.0,40.0,0.0,0.0,0.103,0.0,42.11,18.6,20.93,39.53,40.0,26.67,38.0,0.257,7.0,18.42,2.0,5.26,0.64,0.08600000000000002,19.44,9.52,21.09,30.61,32.2,13.21,,,,,,,,,,,,,,
745980,2024-06-01,2024,672820,R,657649,L,field_out,False,False,11.0,0.2,4.0,36.36,1.0,9.09,0.573,0.09999999999999998,23.81,10.42,20.83,31.25,31.82,26.67,50.0,0.261,10.0,20.0,3.0,6.0,0.741,0.174,22.11,11.8,17.98,29.78,44.19,18.87,64.0,0.214,12.0,18.75,4.0,6.25,0.606,0.09,23.71,10.5,18.72,29.22,25.77,24.0,,,,,,,,,,,,,,
745980,2024-06-01,2024,666150,L,657649,L,single,False,False,9.0,0.0,2.0,22.22,2.0,22.22,0.444,0.0,36.36,9.3,23.26,32.56,15.38,12.5,30.0,0.143,13.0,43.33,1.0,3.33,0.422,0.107,37.04,18.69,20.56,39.25,47.17,35.14,38.0,0.257,7.0,18.42,2.0,5.26,0.64,0.08600000000000002,19.44,9.52,21.09,30.61,32.2,13.21,,,,,,,,,,,,,,
745980,2024-06-01,2024,664901,R,657649,L,strikeout,True,False,21.0,0.316,4.0,19.05,2.0,9.52,1.17,0.47300000000000003,23.08,10.47,13.95,24.42,22.92,19.05,41.0,0.225,10.0,24.39,1.0,2.44,0.544,0.0749999999999999,22.67,10.62,20.0,30.63,24.29,21.74,64.0,0.214,12.0,18.75,4.0,6.25,0.606,0.09,23.71,10.5,18.72,29.22,25.77,24.0,,,,,,,,,,,,,,
745980,2024-06-01,2024,642715,R,676979,L,strikeout,True,False,49.0,0.214,9.0,18.37,6.0,12.24,0.687,0.167,25.32,11.3,15.82,27.12,22.92,19.15,160.0,0.231,48.0,30.0,24.0,15.0,0.762,0.1789999999999999,26.61,12.38,15.79,28.17,29.47,20.17,215.0,0.198,69.0,32.09,10.0,4.65,0.623,0.183,29.87,15.45,15.9,31.35,31.99,23.08,42.0,0.172,8.0,19.05,10.0,23.81,0.745,0.207,25.56,11.5,13.5,25.0,25.93,11.76
745980,2024-06-01,2024,656555,R,676979,L,single,False,False,21.0,0.125,2.0,9.52,3.0,14.29,0.598,0.187,22.22,8.89,16.67,25.56,20.0,8.33,,,,,,,,,,,,,,,215.0,0.198,69.0,32.09,10.0,4.65,0.623,0.183,29.87,15.45,15.9,31.35,31.99,23.08,42.0,0.172,8.0,19.05,10.0,23.81,0.745,0.207,25.56,11.5,13.5,25.0,25.93,11.76
745980,2024-06-01,2024,596142,R,676979,L,strikeout,True,False,37.0,0.265,8.0,21.62,2.0,5.41,0.9710000000000001,0.382,28.36,13.77,21.01,34.78,31.34,18.6,79.0,0.267,18.0,22.78,4.0,5.06,0.984,0.413,25.18,10.61,22.12,32.73,24.07,18.18,215.0,0.198,69.0,32.09,10.0,4.65,0.623,0.183,29.87,15.45,15.9,31.35,31.99,23.08,42.0,0.172,8.0,19.05,10.0,23.81,0.745,0.207,25.56,11.5,13.5,25.0,25.93,11.76
745980,2024-06-01,2024,663368,R,676979,L,strikeout,True,False,44.0,0.179,9.0,20.45,5.0,11.36,0.5549999999999999,0.10299999999999998,24.64,9.94,22.22,32.16,20.48,25.71,58.0,0.192,13.0,22.41,6.0,10.34,0.603,0.135,20.48,7.2,25.0,32.2,14.41,24.53,215.0,0.198,69.0,32.09,10.0,4.65,0.623,0.183,29.87,15.45,15.9,31.35,31.99,23.08,42.0,0.172,8.0,19.05,10.0,23.81,0.745,0.207,25.56,11.5,13.5,25.0,25.93,11.76
745980,2024-06-01,2024,621545,R,656730,R,strikeout,True,False,15.0,0.25,4.0,26.67,3.0,20.0,0.7330000000000001,0.08300000000000002,18.18,5.88,25.0,30.88,18.18,14.29,115.0,0.222,34.0,29.57,5.0,4.35,0.55,0.0649999999999999,33.51,15.42,19.76,35.18,25.26,32.08,28.0,0.296,6.0,21.43,1.0,3.57,0.728,0.11099999999999999,33.9,19.8,12.87,32.67,41.18,17.65,76.0,0.254,29.0,38.16,5.0,6.58,0.751,0.194,33.77,16.89,18.87,35.76,34.06,31.18
745980,2024-06-01,2024,502054,R,656730,R,strikeout,True,False,104.0,0.3,19.0,18.27,4.0,3.85,0.7170000000000001,0.09000000000000002,21.39,8.83,22.2,31.03,19.25,15.45,304.0,0.262,71.0,23.36,28.0,9.21,0.767,0.173,26.61,10.98,19.38,30.37,21.23,21.19,28.0,0.296,6.0,21.43,1.0,3.57,0.728,0.11099999999999999,33.9,19.8,12.87,32.67,41.18,17.65,76.0,0.254,29.0,38.16,5.0,6.58,0.751,0.194,33.77,16.89,18.87,35.76,34.06,31.18
745980,2024-06-01,2024,686676,R,656730,R,strikeout,True,False,97.0,0.275,26.0,26.8,5.0,5.15,0.7849999999999999,0.19799999999999995,38.46,21.49,11.75,33.24,31.85,22.61,47.0,0.116,12.0,25.53,4.0,8.51,0.4,0.0929999999999999,33.71,18.07,13.25,31.33,34.15,23.53,28.0,0.296,6.0,21.43,1.0,3.57,0.728,0.11099999999999999,33.9,19.8,12.87,32.67,41.18,17.65,76.0,0.254,29.0,38.16,5.0,6.58,0.751,0.194,33.77,16.89,18.87,35.76,34.06,31.18
745980,2024-06-01,2024,686217,L,605121,R,strikeout,True,False,180.0,0.259,34.0,18.89,20.0,11.11,0.679,0.07,15.56,6.12,22.59,28.72,26.06,17.26,180.0,0.261,30.0,16.67,23.0,12.78,0.722,0.1049999999999999,15.26,6.63,20.31,26.94,29.52,13.18,8.0,0.0,2.0,25.0,1.0,12.5,0.125,0.0,20.0,11.11,7.41,18.52,31.25,33.33,,,,,,,,,,,,,,
745980,2024-06-01,2024,668930,L,605121,R,walk,False,True,178.0,0.31,29.0,16.29,14.0,7.87,0.8029999999999999,0.127,13.17,6.19,18.85,25.04,25.08,15.59,376.0,0.224,82.0,21.81,30.0,7.98,0.608,0.097,22.03,10.83,16.08,26.9,28.59,16.14,8.0,0.0,2.0,25.0,1.0,12.5,0.125,0.0,20.0,11.11,7.41,18.52,31.25,33.33,,,,,,,,,,,,,,
745980,2024-06-01,2024,687401,R,605121,R,field_out,False,False,116.0,0.333,14.0,12.07,14.0,12.07,1.0,0.25299999999999995,15.47,6.09,21.52,27.61,21.78,10.61,13.0,0.077,3.0,23.08,0.0,0.0,0.2309999999999999,0.077,15.79,8.11,21.62,29.73,26.67,33.33,21.0,0.333,4.0,19.05,3.0,14.29,0.873,0.11099999999999999,37.84,16.09,18.39,34.48,36.0,12.5,,,,,,,,,,,,,,
745980,2024-06-01,2024,661388,R,605121,R,walk,False,True,205.0,0.326,36.0,17.56,22.0,10.73,0.93,0.199,29.69,13.84,13.97,27.81,23.0,16.74,434.0,0.262,94.0,21.66,42.0,9.68,0.72,0.119,27.61,11.63,19.55,31.17,24.86,18.08,21.0,0.333,4.0,19.05,3.0,14.29,0.873,0.11099999999999999,37.84,16.09,18.39,34.48,36.0,12.5,,,,,,,,,,,,,,
745980,2024-06-01,2024,592885,L,673929,R,walk,False,True,98.0,0.314,21.0,21.43,11.0,11.22,0.904,0.198,23.86,10.97,14.36,25.33,24.5,16.94,473.0,0.294,103.0,21.78,64.0,13.53,0.882,0.195,26.99,11.53,15.4,26.93,23.89,19.07,46.0,0.15,9.0,19.57,4.0,8.7,0.514,0.12500000000000003,29.29,15.1,14.58,29.69,26.74,16.98,,,,,,,,,,,,,,
745980,2024-06-01,2024,642715,R,673929,R,single,False,False,203.0,0.265,43.0,21.18,20.0,9.85,0.812,0.20499999999999996,30.67,14.54,15.3,29.84,26.33,18.3,480.0,0.212,117.0,24.38,47.0,9.79,0.702,0.194,32.44,16.53,12.85,29.38,32.69,19.28,54.0,0.244,11.0,20.37,9.0,16.67,0.7030000000000001,0.08900000000000002,27.45,13.21,12.74,25.94,25.89,18.64,,,,,,,,,,,,,,
745980,2024-06-01,2024,656555,R,673929,R,force_out,False,False,140.0,0.254,33.0,23.57,15.0,10.71,0.842,0.238,24.39,9.52,21.27,30.79,21.73,15.94,,,,,,,,,,,,,,,54.0,0.244,11.0,20.37,9.0,16.67,0.7030000000000001,0.08900000000000002,27.45,13.21,12.74,25.94,25.89,18.64,,,,,,,,,,,,,,
745980,2024-06-01,2024,667452,R,606303,R,field_out,False,False,27.0,0.261,4.0,14.81,4.0,14.81,0.761,0.13,15.69,6.84,16.24,23.08,26.56,9.52,250.0,0.249,56.0,22.4,20.0,8.0,0.659,0.0979999999999999,26.42,11.51,19.54,31.05,28.57,19.44,42.0,0.237,8.0,19.05,2.0,4.76,0.635,0.10500000000000004,23.38,11.11,17.28,28.4,28.0,17.39,172.0,0.214,44.0,25.58,12.0,6.98,0.587,0.091,27.46,11.27,19.65,30.92,25.96,22.05
745980,2024-06-01,2024,657557,R,606303,R,field_out,False,False,133.0,0.266,46.0,34.59,5.0,3.76,0.792,0.20999999999999996,33.56,19.76,8.89,28.66,33.19,27.22,281.0,0.203,86.0,30.6,12.0,4.27,0.603,0.1539999999999999,36.49,19.09,15.38,34.47,35.28,34.68,42.0,0.237,8.0,19.05,2.0,4.76,0.635,0.10500000000000004,23.38,11.11,17.28,28.4,28.0,17.39,172.0,0.214,44.0,25.58,12.0,6.98,0.587,0.091,27.46,11.27,19.65,30.92,25.96,22.05
745980,2024-06-01,2024,657757,L,606303,R,field_out,False,False,170.0,0.252,24.0,14.12,24.0,14.12,0.794,0.175,19.21,8.38,17.63,26.01,28.23,10.96,324.0,0.212,58.0,17.9,28.0,8.64,0.63,0.1369999999999999,20.44,9.67,14.66,24.33,29.35,14.25,41.0,0.205,9.0,21.95,2.0,4.88,0.629,0.18000000000000002,27.63,13.82,17.11,30.92,29.73,20.93,116.0,0.226,33.0,28.45,5.0,4.31,0.668,0.17,26.21,12.44,17.97,30.41,25.0,26.19
745980,2024-06-01,2024,596142,R,673929,R,field_out,False,False,83.0,0.216,21.0,25.3,6.0,7.23,0.681,0.17600000000000002,31.82,12.88,24.23,37.12,30.73,21.65,189.0,0.194,49.0,25.93,17.0,8.99,0.688,0.212,28.71,11.9,21.7,33.59,27.27,21.43,54.0,0.244,11.0,20.37,9.0,16.67,0.7030000000000001,0.08900000000000002,27.45,13.21,12.74,25.94,25.89,18.64,,,,,,,,,,,,,,
745980,2024-06-01,2024,663368,L,673929,R,strikeout,True,False,140.0,0.266,39.0,27.86,12.0,8.57,0.738,0.129,30.7,12.31,21.64,33.96,23.55,27.86,110.0,0.231,33.0,30.0,17.0,15.45,0.715,0.1319999999999999,24.04,9.0,23.31,32.31,18.26,20.5,46.0,0.15,9.0,19.57,4.0,8.7,0.514,0.12500000000000003,29.29,15.1,14.58,29.69,26.74,16.98,,,,,,,,,,,,,,
745980,2024-06-01,2024,686217,L,673929,R,strikeout,True,False,180.0,0.259,34.0,18.89,20.0,11.11,0.679,0.07,15.56,6.12,22.59,28.72,26.06,17.26,180.0,0.261,30.0,16.67,23.0,12.78,0.722,0.1049999999999999,15.26,6.63,20.31,26.94,29.52,13.18,46.0,0.15,9.0,19.57,4.0,8.7,0.514,0.12500000000000003,29.29,15.1,14.58,29.69,26.74,16.98,,,,,,,,,,,,,,
745980,2024-06-01,2024,672820,R,665625,R,hit_by_pitch,False,False,30.0,0.138,9.0,30.0,0.0,0.0,0.31,0.033999999999999975,29.17,13.73,26.47,40.2,41.67,37.5,123.0,0.178,30.0,24.39,2.0,1.63,0.504,0.136,24.69,13.05,16.81,29.87,39.56,22.39,69.0,0.3,12.0,17.39,9.0,13.04,0.741,0.04999999999999999,28.7,12.6,19.08,31.68,32.39,17.39,144.0,0.24,27.0,18.75,16.0,11.11,0.629,0.0559999999999999,29.06,13.23,16.34,29.57,33.56,22.13
745980,2024-06-01,2024,666150,L,665625,R,strikeout,True,False,69.0,0.185,22.0,31.88,3.0,4.35,0.46699999999999997,0.061,26.05,11.11,23.3,34.41,23.19,27.85,72.0,0.369,9.0,12.5,6.0,8.33,0.946,0.154,14.71,7.22,15.88,23.1,27.2,10.23,37.0,0.265,10.0,27.03,3.0,8.11,0.706,0.11699999999999999,25.0,13.19,14.58,27.78,40.0,23.26,108.0,0.198,27.0,25.0,10.0,9.26,0.599,0.1139999999999999,34.21,15.97,15.48,31.45,34.45,24.32
745980,2024-06-01,2024,664901,R,665625,R,grounded_into_double_play,False,False,58.0,0.164,19.0,32.76,1.0,1.72,0.41100000000000003,0.05399999999999999,31.78,15.81,19.07,34.88,31.68,27.94,29.0,0.12,5.0,17.24,3.0,10.34,0.4539999999999999,0.12,26.53,11.21,21.55,32.76,20.83,12.5,69.0,0.3,12.0,17.39,9.0,13.04,0.741,0.04999999999999999,28.7,12.6,19.08,31.68,32.39,17.39,144.0,0.24,27.0,18.75,16.0,11.11,0.629,0.0559999999999999,29.06,13.23,16.34,29.57,33.56,22.13
745980,2024-06-01,2024,668930,L,656629,R,strikeout,True,False,178.0,0.31,29.0,16.29,14.0,7.87,0.8029999999999999,0.127,13.17,6.19,18.85,25.04,25.08,15.59,376.0,0.224,82.0,21.81,30.0,7.98,0.608,0.097,22.03,10.83,16.08,26.9,28.59,16.14,51.0,0.119,20.0,39.22,7.0,13.73,0.517,0.14300000000000002,34.58,16.89,19.18,36.07,27.17,26.32,291.0,0.231,73.0,25.09,50.0,17.18,0.815,0.213,30.04,12.39,14.67,27.06,25.1,22.64
745980,2024-06-01,2024,687401,R,656629,R,field_out,False,False,116.0,0.333,14.0,12.07,14.0,12.07,1.0,0.25299999999999995,15.47,6.09,21.52,27.61,21.78,10.61,13.0,0.077,3.0,23.08,0.0,0.0,0.2309999999999999,0.077,15.79,8.11,21.62,29.73,26.67,33.33,54.0,0.289,13.0,24.07,7.0,12.96,0.8959999999999999,0.2,24.27,11.16,16.96,28.12,26.55,16.67,300.0,0.245,61.0,20.33,41.0,13.67,0.859,0.249,23.75,10.21,17.43,27.63,24.11,17.39
745980,2024-06-01,2024,661388,R,656629,R,strikeout,True,False,205.0,0.326,36.0,17.56,22.0,10.73,0.93,0.199,29.69,13.84,13.97,27.81,23.0,16.74,434.0,0.262,94.0,21.66,42.0,9.68,0.72,0.119,27.61,11.63,19.55,31.17,24.86,18.08,54.0,0.289,13.0,24.07,7.0,12.96,0.8959999999999999,0.2,24.27,11.16,16.96,28.12,26.55,16.67,300.0,0.245,61.0,20.33,41.0,13.67,0.859,0.249,23.75,10.21,17.43,27.63,24.11,17.39
745980,2024-06-01,2024,621545,R,571948,L,strikeout,True,False,20.0,0.294,4.0,20.0,2.0,10.0,0.78,0.118,21.43,8.57,24.29,32.86,25.71,22.22,45.0,0.333,14.0,31.11,3.0,6.67,0.7909999999999999,0.0769999999999999,35.44,16.87,17.47,34.34,28.99,35.9,63.0,0.212,16.0,25.4,7.0,11.11,0.603,0.096,21.28,8.03,22.89,30.92,16.52,19.28,131.0,0.256,32.0,24.43,5.0,3.82,0.6819999999999999,0.144,21.12,9.06,21.44,30.5,26.81,18.82
745980,2024-06-01,2024,502054,R,571948,L,field_out,False,False,29.0,0.292,7.0,24.14,4.0,13.79,0.9969999999999999,0.291,22.73,9.17,22.02,31.19,21.15,20.0,177.0,0.245,35.0,19.77,19.0,10.73,0.787,0.22,18.15,7.08,21.25,28.33,19.5,17.41,63.0,0.212,16.0,25.4,7.0,11.11,0.603,0.096,21.28,8.03,22.89,30.92,16.52,19.28,131.0,0.256,32.0,24.43,5.0,3.82,0.6819999999999999,0.144,21.12,9.06,21.44,30.5,26.81,18.82
745980,2024-06-01,2024,686676,R,571948,L,field_out,False,False,31.0,0.267,8.0,25.81,1.0,3.23,0.5569999999999999,0.0,29.82,17.17,15.15,32.32,34.21,29.63,23.0,0.0,8.0,34.78,1.0,4.35,0.043,0.0,28.12,15.79,7.89,23.68,26.67,17.02,63.0,0.212,16.0,25.4,7.0,11.11,0.603,0.096,21.28,8.03,22.89,30.92,16.52,19.28,131.0,0.256,32.0,24.43,5.0,3.82,0.6819999999999999,0.144,21.12,9.06,21.44,30.5,26.81,18.82
745980,2024-06-01,2024,592885,L,656629,R,intent_walk,False,True,98.0,0.314,21.0,21.43,11.0,11.22,0.904,0.198,23.86,10.97,14.36,25.33,24.5,16.94,473.0,0.294,103.0,21.78,64.0,13.53,0.882,0.195,26.99,11.53,15.4,26.93,23.89,19.07,51.0,0.119,20.0,39.22,7.0,13.73,0.517,0.14300000000000002,34.58,16.89,19.18,36.07,27.17,26.32,291.0,0.231,73.0,25.09,50.0,17.18,0.815,0.213,30.04,12.39,14.67,27.06,25.1,22.64
745980,2024-06-01,2024,642715,R,656629,R,single,False,False,203.0,0.265,43.0,21.18,20.0,9.85,0.812,0.20499999999999996,30.67,14.54,15.3,29.84,26.33,18.3,480.0,0.212,117.0,24.38,47.0,9.79,0.702,0.194,32.44,16.53,12.85,29.38,32.69,19.28,54.0,0.289,13.0,24.07,7.0,12.96,0.8959999999999999,0.2,24.27,11.16,16.96,28.12,26.55,16.67,300.0,0.245,61.0,20.33,41.0,13.67,0.859,0.249,23.75,10.21,17.43,27.63,24.11,17.39
746062,2024-06-01,2024,543760,R,677960,L,field_out,False,False,73.0,0.314,12.0,16.44,3.0,4.11,0.885,0.22900000000000004,17.32,8.24,16.48,24.72,24.43,18.75,210.0,0.283,33.0,15.71,20.0,9.52,0.8009999999999999,0.156,18.13,8.56,14.97,23.53,20.61,16.58,207.0,0.226,39.0,18.84,14.0,6.76,0.688,0.161,24.25,11.66,15.5,27.16,26.71,14.94,193.0,0.311,28.0,14.51,22.0,11.4,0.93,0.228,21.25,9.41,15.93,25.35,20.91,11.76
746062,2024-06-01,2024,608369,L,677960,L,single,False,False,72.0,0.197,25.0,34.72,1.0,1.39,0.546,0.14100000000000001,30.22,16.73,13.15,29.88,32.74,37.88,166.0,0.314,33.0,19.88,7.0,4.22,0.881,0.218,27.65,15.41,9.68,25.09,30.66,22.92,55.0,0.128,14.0,25.45,6.0,10.91,0.42500000000000004,0.04200000000000001,29.58,10.71,24.49,35.2,22.55,27.45,64.0,0.286,15.0,23.44,7.0,10.94,0.913,0.268,30.51,13.04,17.75,30.8,20.15,17.86
746062,2024-06-01,2024,543257,R,677960,L,strikeout,True,False,40.0,0.276,6.0,15.0,10.0,25.0,0.7949999999999999,0.06899999999999995,21.43,7.1,22.49,29.59,18.28,12.5,137.0,0.309,32.0,23.36,23.0,16.79,0.952,0.227,18.93,6.53,22.61,29.15,11.97,17.49,207.0,0.226,39.0,18.84,14.0,6.76,0.688,0.161,24.25,11.66,15.5,27.16,26.71,14.94,193.0,0.311,28.0,14.51,22.0,11.4,0.93,0.228,21.25,9.41,15.93,25.35,20.91,11.76
746062,2024-06-01,2024,666969,R,677960,L,strikeout,True,False,68.0,0.267,19.0,27.94,5.0,7.35,0.8069999999999999,0.21599999999999997,25.55,15.09,10.34,25.43,33.33,29.23,152.0,0.244,37.0,24.34,24.0,15.79,0.866,0.26,31.62,13.61,14.56,28.16,22.03,21.26,207.0,0.226,39.0,18.84,14.0,6.76,0.688,0.161,24.25,11.66,15.5,27.16,26.71,14.94,193.0,0.311,28.0,14.51,22.0,11.4,0.93,0.228,21.25,9.41,15.93,25.35,20.91,11.76
746062,2024-06-01,2024,665862,L,547179,R,single,False,False,161.0,0.257,39.0,24.22,16.0,9.94,0.786,0.194,28.66,13.19,13.94,27.14,30.11,21.08,290.0,0.275,91.0,31.38,20.0,6.9,0.8540000000000001,0.25,35.14,15.36,16.88,32.24,26.1,27.41,91.0,0.078,24.0,26.37,13.0,14.29,0.313,0.025999999999999995,28.32,13.17,14.52,27.69,27.27,21.1,354.0,0.218,70.0,19.77,32.0,9.04,0.6739999999999999,0.165,25.07,12.26,15.11,27.37,28.81,16.67
746062,2024-06-01,2024,650559,R,547179,R,walk,False,True,161.0,0.233,45.0,27.95,14.0,8.7,0.736,0.205,33.84,17.13,13.43,30.56,32.16,24.32,473.0,0.251,107.0,22.62,29.0,6.13,0.717,0.1689999999999999,28.95,14.54,15.93,30.47,34.61,18.71,101.0,0.307,13.0,12.87,11.0,10.89,0.9530000000000001,0.25000000000000006,15.29,6.77,18.49,25.26,24.0,11.4,271.0,0.275,41.0,15.13,15.0,5.54,0.734,0.1429999999999999,17.01,8.49,18.12,26.6,31.74,13.95
746062,2024-06-01,2024,605137,L,547179,R,grounded_into_double_play,False,False,162.0,0.276,35.0,21.6,9.0,5.56,0.738,0.124,30.59,16.15,11.11,27.26,28.23,23.94,432.0,0.239,93.0,21.53,39.0,9.03,0.6970000000000001,0.148,24.59,11.57,13.95,25.52,28.11,20.58,91.0,0.078,24.0,26.37,13.0,14.29,0.313,0.025999999999999995,28.32,13.17,14.52,27.69,27.27,21.1,354.0,0.218,70.0,19.77,32.0,9.04,0.6739999999999999,0.165,25.07,12.26,15.11,27.37,28.81,16.67
746062,2024-06-01,2024,660821,L,547179,R,strikeout,True,False,146.0,0.265,30.0,20.55,10.0,6.85,0.7230000000000001,0.129,25.26,13.79,12.26,26.05,36.33,18.4,353.0,0.258,93.0,26.35,36.0,10.2,0.805,0.21,29.33,14.21,14.01,28.21,30.32,20.53,91.0,0.078,24.0,26.37,13.0,14.29,0.313,0.025999999999999995,28.32,13.17,14.52,27.69,27.27,21.1,354.0,0.218,70.0,19.77,32.0,9.04,0.6739999999999999,0.165,25.07,12.26,15.11,27.37,28.81,16.67
746062,2024-06-01,2024,677649,R,677960,L,strikeout,True,False,47.0,0.286,12.0,25.53,5.0,10.64,0.6950000000000001,0.04700000000000004,23.66,12.87,14.04,26.9,35.71,26.09,132.0,0.273,34.0,25.76,10.0,7.58,0.837,0.2309999999999999,27.68,14.45,13.29,27.75,34.33,21.12,207.0,0.226,39.0,18.84,14.0,6.76,0.688,0.161,24.25,11.66,15.5,27.16,26.71,14.94,193.0,0.311,28.0,14.51,22.0,11.4,0.93,0.228,21.25,9.41,15.93,25.35,20.91,11.76
746062,2024-06-01,2024,694671,R,677960,L,strikeout,True,False,30.0,0.192,8.0,26.67,3.0,10.0,0.652,0.193,21.57,8.4,22.14,30.53,23.88,19.05,,,,,,,,,,,,,,,207.0,0.226,39.0,18.84,14.0,6.76,0.688,0.161,24.25,11.66,15.5,27.16,26.71,14.94,193.0,0.311,28.0,14.51,22.0,11.4,0.93,0.228,21.25,9.41,15.93,25.35,20.91,11.76
746062,2024-06-01,2024,669701,L,677960,L,single,False,False,44.0,0.289,12.0,27.27,3.0,6.82,0.728,0.05300000000000005,23.46,11.59,17.07,28.66,28.38,21.05,33.0,0.12,9.0,27.27,6.0,18.18,0.6930000000000001,0.24,26.09,9.3,20.93,30.23,19.44,31.03,55.0,0.128,14.0,25.45,6.0,10.91,0.42500000000000004,0.04200000000000001,29.58,10.71,24.49,35.2,22.55,27.45,64.0,0.286,15.0,23.44,7.0,10.94,0.913,0.268,30.51,13.04,17.75,30.8,20.15,17.86
746062,2024-06-01,2024,665750,R,677960,L,strikeout,True,False,62.0,0.236,12.0,19.35,6.0,9.68,0.638,0.09100000000000003,28.85,12.82,14.53,27.35,22.22,20.34,150.0,0.241,31.0,20.67,10.0,6.67,0.638,0.102,22.26,10.54,15.89,26.42,25.0,19.38,207.0,0.226,39.0,18.84,14.0,6.76,0.688,0.161,24.25,11.66,15.5,27.16,26.71,14.94,193.0,0.311,28.0,14.51,22.0,11.4,0.93,0.228,21.25,9.41,15.93,25.35,20.91,11.76
746062,2024-06-01,2024,669394,R,547179,R,single,False,False,103.0,0.247,25.0,24.27,5.0,4.85,0.6739999999999999,0.14500000000000002,23.76,12.36,17.82,30.17,39.89,25.51,402.0,0.247,112.0,27.86,23.0,5.72,0.8,0.249,34.59,18.69,13.25,31.93,39.43,23.09,101.0,0.307,13.0,12.87,11.0,10.89,0.9530000000000001,0.25000000000000006,15.29,6.77,18.49,25.26,24.0,11.4,271.0,0.275,41.0,15.13,15.0,5.54,0.734,0.1429999999999999,17.01,8.49,18.12,26.6,31.74,13.95
746062,2024-06-01,2024,624503,L,547179,R,field_out,False,False,136.0,0.234,30.0,22.06,6.0,4.41,0.65,0.149,29.62,17.49,10.91,28.4,45.79,19.35,83.0,0.16,10.0,12.05,1.0,1.2,0.48,0.149,20.99,12.19,10.39,22.58,38.35,12.82,91.0,0.078,24.0,26.37,13.0,14.29,0.313,0.025999999999999995,28.32,13.17,14.52,27.69,27.27,21.1,354.0,0.218,70.0,19.77,32.0,9.04,0.6739999999999999,0.165,25.07,12.26,15.11,27.37,28.81,16.67
746062,2024-06-01,2024,641313,R,547179,R,strikeout,True,False,93.0,0.165,25.0,26.88,2.0,2.15,0.37,0.021999999999999992,31.03,15.61,17.05,32.66,37.64,26.04,396.0,0.226,95.0,23.99,21.0,5.3,0.538,0.04,26.05,13.64,14.67,28.31,36.05,20.88,101.0,0.307,13.0,12.87,11.0,10.89,0.9530000000000001,0.25000000000000006,15.29,6.77,18.49,25.26,24.0,11.4,271.0,0.275,41.0,15.13,15.0,5.54,0.734,0.1429999999999999,17.01,8.49,18.12,26.6,31.74,13.95
746062,2024-06-01,2024,672640,R,547179,R,single,False,False,65.0,0.328,8.0,12.31,4.0,6.15,0.875,0.172,16.95,9.17,13.3,22.48,31.78,13.33,,,,,,,,,,,,,,,101.0,0.307,13.0,12.87,11.0,10.89,0.9530000000000001,0.25000000000000006,15.29,6.77,18.49,25.26,24.0,11.4,271.0,0.275,41.0,15.13,15.0,5.54,0.734,0.1429999999999999,17.01,8.49,18.12,26.6,31.74,13.95
746062,2024-06-01,2024,663743,R,547179,R,field_out,False,False,73.0,0.206,9.0,12.33,3.0,4.11,0.5589999999999999,0.10300000000000001,7.48,3.14,21.57,24.71,22.58,14.75,241.0,0.165,48.0,19.92,14.0,5.81,0.46,0.064,18.93,8.36,19.79,28.15,25.54,22.43,101.0,0.307,13.0,12.87,11.0,10.89,0.9530000000000001,0.25000000000000006,15.29,6.77,18.49,25.26,24.0,11.4,271.0,0.275,41.0,15.13,15.0,5.54,0.734,0.1429999999999999,17.01,8.49,18.12,26.6,31.74,13.95
746062,2024-06-01,2024,668800,R,677960,L,single,False,False,19.0,0.053,4.0,21.05,0.0,0.0,0.106,0.0,21.43,12.16,12.16,24.32,33.33,16.67,81.0,0.197,22.0,27.16,3.0,3.7,0.6719999999999999,0.237,28.21,16.0,13.45,29.45,40.88,27.16,207.0,0.226,39.0,18.84,14.0,6.76,0.688,0.161,24.25,11.66,15.5,27.16,26.71,14.94,193.0,0.311,28.0,14.51,22.0,11.4,0.93,0.228,21.25,9.41,15.93,25.35,20.91,11.76
746062,2024-06-01,2024,543760,R,677960,L,strikeout,True,False,73.0,0.314,12.0,16.44,3.0,4.11,0.885,0.22900000000000004,17.32,8.24,16.48,24.72,24.43,18.75,210.0,0.283,33.0,15.71,20.0,9.52,0.8009999999999999,0.156,18.13,8.56,14.97,23.53,20.61,16.58,207.0,0.226,39.0,18.84,14.0,6.76,0.688,0.161,24.25,11.66,15.5,27.16,26.71,14.94,193.0,0.311,28.0,14.51,22.0,11.4,0.93,0.228,21.25,9.41,15.93,25.35,20.91,11.76
746062,2024-06-01,2024,608369,L,677960,L,single,False,False,72.0,0.197,25.0,34.72,1.0,1.39,0.546,0.14100000000000001,30.22,16.73,13.15,29.88,32.74,37.88,166.0,0.314,33.0,19.88,7.0,4.22,0.881,0.218,27.65,15.41,9.68,25.09,30.66,22.92,55.0,0.128,14.0,25.45,6.0,10.91,0.42500000000000004,0.04200000000000001,29.58,10.71,24.49,35.2,22.55,27.45,64.0,0.286,15.0,23.44,7.0,10.94,0.913,0.268,30.51,13.04,17.75,30.8,20.15,17.86
746062,2024-06-01,2024,543257,R,677960,L,double,False,False,40.0,0.276,6.0,15.0,10.0,25.0,0.7949999999999999,0.06899999999999995,21.43,7.1,22.49,29.59,18.28,12.5,137.0,0.309,32.0,23.36,23.0,16.79,0.952,0.227,18.93,6.53,22.61,29.15,11.97,17.49,207.0,0.226,39.0,18.84,14.0,6.76,0.688,0.161,24.25,11.66,15.5,27.16,26.71,14.94,193.0,0.311,28.0,14.51,22.0,11.4,0.93,0.228,21.25,9.41,15.93,25.35,20.91,11.76
746062,2024-06-01,2024,666969,R,677960,L,sac_fly,False,False,68.0,0.267,19.0,27.94,5.0,7.35,0.8069999999999999,0.21599999999999997,25.55,15.09,10.34,25.43,33.33,29.23,152.0,0.244,37.0,24.34,24.0,15.79,0.866,0.26,31.62,13.61,14.56,28.16,22.03,21.26,207.0,0.226,39.0,18.84,14.0,6.76,0.688,0.161,24.25,11.66,15.5,27.16,26.71,14.94,193.0,0.311,28.0,14.51,22.0,11.4,0.93,0.228,21.25,9.41,15.93,25.35,20.91,11.76
746062,2024-06-01,2024,677649,R,677960,L,field_out,False,False,47.0,0.286,12.0,25.53,5.0,10.64,0.6950000000000001,0.04700000000000004,23.66,12.87,14.04,26.9,35.71,26.09,132.0,0.273,34.0,25.76,10.0,7.58,0.837,0.2309999999999999,27.68,14.45,13.29,27.75,34.33,21.12,207.0,0.226,39.0,18.84,14.0,6.76,0.688,0.161,24.25,11.66,15.5,27.16,26.71,14.94,193.0,0.311,28.0,14.51,22.0,11.4,0.93,0.228,21.25,9.41,15.93,25.35,20.91,11.76
746062,2024-06-01,2024,665862,L,547179,R,field_out,False,False,161.0,0.257,39.0,24.22,16.0,9.94,0.786,0.194,28.66,13.19,13.94,27.14,30.11,21.08,290.0,0.275,91.0,31.38,20.0,6.9,0.8540000000000001,0.25,35.14,15.36,16.88,32.24,26.1,27.41,91.0,0.078,24.0,26.37,13.0,14.29,0.313,0.025999999999999995,28.32,13.17,14.52,27.69,27.27,21.1,354.0,0.218,70.0,19.77,32.0,9.04,0.6739999999999999,0.165,25.07,12.26,15.11,27.37,28.81,16.67
746062,2024-06-01,2024,650559,R,547179,R,single,False,False,161.0,0.233,45.0,27.95,14.0,8.7,0.736,0.205,33.84,17.13,13.43,30.56,32.16,24.32,473.0,0.251,107.0,22.62,29.0,6.13,0.717,0.1689999999999999,28.95,14.54,15.93,30.47,34.61,18.71,101.0,0.307,13.0,12.87,11.0,10.89,0.9530000000000001,0.25000000000000006,15.29,6.77,18.49,25.26,24.0,11.4,271.0,0.275,41.0,15.13,15.0,5.54,0.734,0.1429999999999999,17.01,8.49,18.12,26.6,31.74,13.95
746062,2024-06-01,2024,605137,L,547179,R,force_out,False,False,162.0,0.276,35.0,21.6,9.0,5.56,0.738,0.124,30.59,16.15,11.11,27.26,28.23,23.94,432.0,0.239,93.0,21.53,39.0,9.03,0.6970000000000001,0.148,24.59,11.57,13.95,25.52,28.11,20.58,91.0,0.078,24.0,26.37,13.0,14.29,0.313,0.025999999999999995,28.32,13.17,14.52,27.69,27.27,21.1,354.0,0.218,70.0,19.77,32.0,9.04,0.6739999999999999,0.165,25.07,12.26,15.11,27.37,28.81,16.67
746062,2024-06-01,2024,660821,L,547179,R,single,False,False,146.0,0.265,30.0,20.55,10.0,6.85,0.7230000000000001,0.129,25.26,13.79,12.26,26.05,36.33,18.4,353.0,0.258,93.0,26.35,36.0,10.2,0.805,0.21,29.33,14.21,14.01,28.21,30.32,20.53,91.0,0.078,24.0,26.37,13.0,14.29,0.313,0.025999999999999995,28.32,13.17,14.52,27.69,27.27,21.1,354.0,0.218,70.0,19.77,32.0,9.04,0.6739999999999999,0.165,25.07,12.26,15.11,27.37,28.81,16.67
746062,2024-06-01,2024,669394,R,547179,R,strikeout,True,False,103.0,0.247,25.0,24.27,5.0,4.85,0.6739999999999999,0.14500000000000002,23.76,12.36,17.82,30.17,39.89,25.51,402.0,0.247,112.0,27.86,23.0,5.72,0.8,0.249,34.59,18.69,13.25,31.93,39.43,23.09,101.0,0.307,13.0,12.87,11.0,10.89,0.9530000000000001,0.25000000000000006,15.29,6.77,18.49,25.26,24.0,11.4,271.0,0.275,41.0,15.13,15.0,5.54,0.734,0.1429999999999999,17.01,8.49,18.12,26.6,31.74,13.95
746062,2024-06-01,2024,694671,R,677960,L,single,False,False,30.0,0.192,8.0,26.67,3.0,10.0,0.652,0.193,21.57,8.4,22.14,30.53,23.88,19.05,,,,,,,,,,,,,,,207.0,0.226,39.0,18.84,14.0,6.76,0.688,0.161,24.25,11.66,15.5,27.16,26.71,14.94,193.0,0.311,28.0,14.51,22.0,11.4,0.93,0.228,21.25,9.41,15.93,25.35,20.91,11.76
746062,2024-06-01,2024,669701,L,677960,L,single,False,False,44.0,0.289,12.0,27.27,3.0,6.82,0.728,0.05300000000000005,23.46,11.59,17.07,28.66,28.38,21.05,33.0,0.12,9.0,27.27,6.0,18.18,0.6930000000000001,0.24,26.09,9.3,20.93,30.23,19.44,31.03,55.0,0.128,14.0,25.45,6.0,10.91,0.42500000000000004,0.04200000000000001,29.58,10.71,24.49,35.2,22.55,27.45,64.0,0.286,15.0,23.44,7.0,10.94,0.913,0.268,30.51,13.04,17.75,30.8,20.15,17.86
746062,2024-06-01,2024,665750,R,677960,L,field_out,False,False,62.0,0.236,12.0,19.35,6.0,9.68,0.638,0.09100000000000003,28.85,12.82,14.53,27.35,22.22,20.34,150.0,0.241,31.0,20.67,10.0,6.67,0.638,0.102,22.26,10.54,15.89,26.42,25.0,19.38,207.0,0.226,39.0,18.84,14.0,6.76,0.688,0.161,24.25,11.66,15.5,27.16,26.71,14.94,193.0,0.311,28.0,14.51,22.0,11.4,0.93,0.228,21.25,9.41,15.93,25.35,20.91,11.76
746062,2024-06-01,2024,668800,R,677960,L,sac_fly,False,False,19.0,0.053,4.0,21.05,0.0,0.0,0.106,0.0,21.43,12.16,12.16,24.32,33.33,16.67,81.0,0.197,22.0,27.16,3.0,3.7,0.6719999999999999,0.237,28.21,16.0,13.45,29.45,40.88,27.16,207.0,0.226,39.0,18.84,14.0,6.76,0.688,0.161,24.25,11.66,15.5,27.16,26.71,14.94,193.0,0.311,28.0,14.51,22.0,11.4,0.93,0.228,21.25,9.41,15.93,25.35,20.91,11.76
746062,2024-06-01,2024,543760,R,677960,L,single,False,False,73.0,0.314,12.0,16.44,3.0,4.11,0.885,0.22900000000000004,17.32,8.24,16.48,24.72,24.43,18.75,210.0,0.283,33.0,15.71,20.0,9.52,0.8009999999999999,0.156,18.13,8.56,14.97,23.53,20.61,16.58,207.0,0.226,39.0,18.84,14.0,6.76,0.688,0.161,24.25,11.66,15.5,27.16,26.71,14.94,193.0,0.311,28.0,14.51,22.0,11.4,0.93,0.228,21.25,9.41,15.93,25.35,20.91,11.76
746062,2024-06-01,2024,608369,L,677960,L,double,False,False,72.0,0.197,25.0,34.72,1.0,1.39,0.546,0.14100000000000001,30.22,16.73,13.15,29.88,32.74,37.88,166.0,0.314,33.0,19.88,7.0,4.22,0.881,0.218,27.65,15.41,9.68,25.09,30.66,22.92,55.0,0.128,14.0,25.45,6.0,10.91,0.42500000000000004,0.04200000000000001,29.58,10.71,24.49,35.2,22.55,27.45,64.0,0.286,15.0,23.44,7.0,10.94,0.913,0.268,30.51,13.04,17.75,30.8,20.15,17.86
746062,2024-06-01,2024,543257,R,677960,L,field_out,False,False,40.0,0.276,6.0,15.0,10.0,25.0,0.7949999999999999,0.06899999999999995,21.43,7.1,22.49,29.59,18.28,12.5,137.0,0.309,32.0,23.36,23.0,16.79,0.952,0.227,18.93,6.53,22.61,29.15,11.97,17.49,207.0,0.226,39.0,18.84,14.0,6.76,0.688,0.161,24.25,11.66,15.5,27.16,26.71,14.94,193.0,0.311,28.0,14.51,22.0,11.4,0.93,0.228,21.25,9.41,15.93,25.35,20.91,11.76
746062,2024-06-01,2024,624503,L,547179,R,strikeout,True,False,136.0,0.234,30.0,22.06,6.0,4.41,0.65,0.149,29.62,17.49,10.91,28.4,45.79,19.35,83.0,0.16,10.0,12.05,1.0,1.2,0.48,0.149,20.99,12.19,10.39,22.58,38.35,12.82,91.0,0.078,24.0,26.37,13.0,14.29,0.313,0.025999999999999995,28.32,13.17,14.52,27.69,27.27,21.1,354.0,0.218,70.0,19.77,32.0,9.04,0.6739999999999999,0.165,25.07,12.26,15.11,27.37,28.81,16.67
746062,2024-06-01,2024,641313,R,547179,R,field_out,False,False,93.0,0.165,25.0,26.88,2.0,2.15,0.37,0.021999999999999992,31.03,15.61,17.05,32.66,37.64,26.04,396.0,0.226,95.0,23.99,21.0,5.3,0.538,0.04,26.05,13.64,14.67,28.31,36.05,20.88,101.0,0.307,13.0,12.87,11.0,10.89,0.9530000000000001,0.25000000000000006,15.29,6.77,18.49,25.26,24.0,11.4,271.0,0.275,41.0,15.13,15.0,5.54,0.734,0.1429999999999999,17.01,8.49,18.12,26.6,31.74,13.95
746062,2024-06-01,2024,672640,R,547179,R,strikeout,True,False,65.0,0.328,8.0,12.31,4.0,6.15,0.875,0.172,16.95,9.17,13.3,22.48,31.78,13.33,,,,,,,,,,,,,,,101.0,0.307,13.0,12.87,11.0,10.89,0.9530000000000001,0.25000000000000006,15.29,6.77,18.49,25.26,24.0,11.4,271.0,0.275,41.0,15.13,15.0,5.54,0.734,0.1429999999999999,17.01,8.49,18.12,26.6,31.74,13.95
746062,2024-06-01,2024,666969,R,677960,L,strikeout,True,False,68.0,0.267,19.0,27.94,5.0,7.35,0.8069999999999999,0.21599999999999997,25.55,15.09,10.34,25.43,33.33,29.23,152.0,0.244,37.0,24.34,24.0,15.79,0.866,0.26,31.62,13.61,14.56,28.16,22.03,21.26,207.0,0.226,39.0,18.84,14.0,6.76,0.688,0.161,24.25,11.66,15.5,27.16,26.71,14.94,193.0,0.311,28.0,14.51,22.0,11.4,0.93,0.228,21.25,9.41,15.93,25.35,20.91,11.76
746062,2024-06-01,2024,677649,R,677960,L,field_out,False,False,47.0,0.286,12.0,25.53,5.0,10.64,0.6950000000000001,0.04700000000000004,23.66,12.87,14.04,26.9,35.71,26.09,132.0,0.273,34.0,25.76,10.0,7.58,0.837,0.2309999999999999,27.68,14.45,13.29,27.75,34.33,21.12,207.0,0.226,39.0,18.84,14.0,6.76,0.688,0.161,24.25,11.66,15.5,27.16,26.71,14.94,193.0,0.311,28.0,14.51,22.0,11.4,0.93,0.228,21.25,9.41,15.93,25.35,20.91,11.76
746062,2024-06-01,2024,694671,R,677960,L,strikeout,True,False,30.0,0.192,8.0,26.67,3.0,10.0,0.652,0.193,21.57,8.4,22.14,30.53,23.88,19.05,,,,,,,,,,,,,,,207.0,0.226,39.0,18.84,14.0,6.76,0.688,0.161,24.25,11.66,15.5,27.16,26.71,14.94,193.0,0.311,28.0,14.51,22.0,11.4,0.93,0.228,21.25,9.41,15.93,25.35,20.91,11.76
746062,2024-06-01,2024,663743,R,547179,R,strikeout,True,False,73.0,0.206,9.0,12.33,3.0,4.11,0.5589999999999999,0.10300000000000001,7.48,3.14,21.57,24.71,22.58,14.75,241.0,0.165,48.0,19.92,14.0,5.81,0.46,0.064,18.93,8.36,19.79,28.15,25.54,22.43,101.0,0.307,13.0,12.87,11.0,10.89,0.9530000000000001,0.25000000000000006,15.29,6.77,18.49,25.26,24.0,11.4,271.0,0.275,41.0,15.13,15.0,5.54,0.734,0.1429999999999999,17.01,8.49,18.12,26.6,31.74,13.95
746062,2024-06-01,2024,665862,L,547179,R,field_out,False,False,161.0,0.257,39.0,24.22,16.0,9.94,0.786,0.194,28.66,13.19,13.94,27.14,30.11,21.08,290.0,0.275,91.0,31.38,20.0,6.9,0.8540000000000001,0.25,35.14,15.36,16.88,32.24,26.1,27.41,91.0,0.078,24.0,26.37,13.0,14.29,0.313,0.025999999999999995,28.32,13.17,14.52,27.69,27.27,21.1,354.0,0.218,70.0,19.77,32.0,9.04,0.6739999999999999,0.165,25.07,12.26,15.11,27.37,28.81,16.67
746062,2024-06-01,2024,650559,R,547179,R,field_out,False,False,161.0,0.233,45.0,27.95,14.0,8.7,0.736,0.205,33.84,17.13,13.43,30.56,32.16,24.32,473.0,0.251,107.0,22.62,29.0,6.13,0.717,0.1689999999999999,28.95,14.54,15.93,30.47,34.61,18.71,101.0,0.307,13.0,12.87,11.0,10.89,0.9530000000000001,0.25000000000000006,15.29,6.77,18.49,25.26,24.0,11.4,271.0,0.275,41.0,15.13,15.0,5.54,0.734,0.1429999999999999,17.01,8.49,18.12,26.6,31.74,13.95
746062,2024-06-01,2024,669701,L,677960,L,strikeout,True,False,44.0,0.289,12.0,27.27,3.0,6.82,0.728,0.05300000000000005,23.46,11.59,17.07,28.66,28.38,21.05,33.0,0.12,9.0,27.27,6.0,18.18,0.6930000000000001,0.24,26.09,9.3,20.93,30.23,19.44,31.03,55.0,0.128,14.0,25.45,6.0,10.91,0.42500000000000004,0.04200000000000001,29.58,10.71,24.49,35.2,22.55,27.45,64.0,0.286,15.0,23.44,7.0,10.94,0.913,0.268,30.51,13.04,17.75,30.8,20.15,17.86
746062,2024-06-01,2024,665750,R,677960,L,strikeout,True,False,62.0,0.236,12.0,19.35,6.0,9.68,0.638,0.09100000000000003,28.85,12.82,14.53,27.35,22.22,20.34,150.0,0.241,31.0,20.67,10.0,6.67,0.638,0.102,22.26,10.54,15.89,26.42,25.0,19.38,207.0,0.226,39.0,18.84,14.0,6.76,0.688,0.161,24.25,11.66,15.5,27.16,26.71,14.94,193.0,0.311,28.0,14.51,22.0,11.4,0.93,0.228,21.25,9.41,15.93,25.35,20.91,11.76
746062,2024-06-01,2024,668800,R,677960,L,strikeout,True,False,19.0,0.053,4.0,21.05,0.0,0.0,0.106,0.0,21.43,12.16,12.16,24.32,33.33,16.67,81.0,0.197,22.0,27.16,3.0,3.7,0.6719999999999999,0.237,28.21,16.0,13.45,29.45,40.88,27.16,207.0,0.226,39.0,18.84,14.0,6.76,0.688,0.161,24.25,11.66,15.5,27.16,26.71,14.94,193.0,0.311,28.0,14.51,22.0,11.4,0.93,0.228,21.25,9.41,15.93,25.35,20.91,11.76
746062,2024-06-01,2024,605137,L,547179,R,walk,False,True,162.0,0.276,35.0,21.6,9.0,5.56,0.738,0.124,30.59,16.15,11.11,27.26,28.23,23.94,432.0,0.239,93.0,21.53,39.0,9.03,0.6970000000000001,0.148,24.59,11.57,13.95,25.52,28.11,20.58,91.0,0.078,24.0,26.37,13.0,14.29,0.313,0.025999999999999995,28.32,13.17,14.52,27.69,27.27,21.1,354.0,0.218,70.0,19.77,32.0,9.04,0.6739999999999999,0.165,25.07,12.26,15.11,27.37,28.81,16.67
746062,2024-06-01,2024,660821,L,547179,R,strikeout,True,False,146.0,0.265,30.0,20.55,10.0,6.85,0.7230000000000001,0.129,25.26,13.79,12.26,26.05,36.33,18.4,353.0,0.258,93.0,26.35,36.0,10.2,0.805,0.21,29.33,14.21,14.01,28.21,30.32,20.53,91.0,0.078,24.0,26.37,13.0,14.29,0.313,0.025999999999999995,28.32,13.17,14.52,27.69,27.27,21.1,354.0,0.218,70.0,19.77,32.0,9.04,0.6739999999999999,0.165,25.07,12.26,15.11,27.37,28.81,16.67
746062,2024-06-01,2024,669394,R,547179,R,grounded_into_double_play,False,False,103.0,0.247,25.0,24.27,5.0,4.85,0.6739999999999999,0.14500000000000002,23.76,12.36,17.82,30.17,39.89,25.51,402.0,0.247,112.0,27.86,23.0,5.72,0.8,0.249,34.59,18.69,13.25,31.93,39.43,23.09,101.0,0.307,13.0,12.87,11.0,10.89,0.9530000000000001,0.25000000000000006,15.29,6.77,18.49,25.26,24.0,11.4,271.0,0.275,41.0,15.13,15.0,5.54,0.734,0.1429999999999999,17.01,8.49,18.12,26.6,31.74,13.95
746062,2024-06-01,2024,543760,R,677053,L,double,False,False,73.0,0.314,12.0,16.44,3.0,4.11,0.885,0.22900000000000004,17.32,8.24,16.48,24.72,24.43,18.75,210.0,0.283,33.0,15.71,20.0,9.52,0.8009999999999999,0.156,18.13,8.56,14.97,23.53,20.61,16.58,55.0,0.265,15.0,27.27,5.0,9.09,0.814,0.20399999999999996,25.78,13.75,14.17,27.92,35.48,17.65,152.0,0.244,43.0,28.29,12.0,7.89,0.7250000000000001,0.156,25.08,13.04,14.17,27.21,33.33,18.53
746062,2024-06-01,2024,608369,L,677053,L,field_out,False,False,72.0,0.197,25.0,34.72,1.0,1.39,0.546,0.14100000000000001,30.22,16.73,13.15,29.88,32.74,37.88,166.0,0.314,33.0,19.88,7.0,4.22,0.881,0.218,27.65,15.41,9.68,25.09,30.66,22.92,35.0,0.226,12.0,34.29,2.0,5.71,0.5549999999999999,0.06399999999999997,32.5,17.45,11.41,28.86,37.65,26.67,85.0,0.158,30.0,35.29,9.0,10.59,0.55,0.145,36.02,16.81,16.23,33.04,29.94,28.04
746062,2024-06-01,2024,543257,R,677053,L,single,False,False,40.0,0.276,6.0,15.0,10.0,25.0,0.7949999999999999,0.06899999999999995,21.43,7.1,22.49,29.59,18.28,12.5,137.0,0.309,32.0,23.36,23.0,16.79,0.952,0.227,18.93,6.53,22.61,29.15,11.97,17.49,55.0,0.265,15.0,27.27,5.0,9.09,0.814,0.20399999999999996,25.78,13.75,14.17,27.92,35.48,17.65,152.0,0.244,43.0,28.29,12.0,7.89,0.7250000000000001,0.156,25.08,13.04,14.17,27.21,33.33,18.53
746062,2024-06-01,2024,666969,R,669622,R,strikeout,True,False,157.0,0.217,42.0,26.75,10.0,6.37,0.722,0.231,36.16,18.91,10.9,29.81,34.9,26.42,480.0,0.245,138.0,28.75,41.0,8.54,0.8260000000000001,0.264,31.65,15.93,13.92,29.85,32.02,21.97,64.0,0.276,18.0,28.12,3.0,4.69,0.741,0.121,26.19,11.54,21.68,33.22,29.5,16.51,,,,,,,,,,,,,,
746062,2024-06-01,2024,663993,L,669622,R,strikeout,True,False,98.0,0.259,19.0,19.39,15.0,15.31,0.748,0.11099999999999999,13.92,5.23,19.95,25.18,24.45,14.84,505.0,0.279,113.0,22.38,69.0,13.66,0.833,0.172,19.81,8.64,15.62,24.26,19.45,16.87,40.0,0.294,7.0,17.5,5.0,12.5,0.841,0.14700000000000002,19.7,8.33,17.95,26.28,25.33,14.89,,,,,,,,,,,,,,
746062,2024-06-01,2024,624503,L,547179,R,field_out,False,False,136.0,0.234,30.0,22.06,6.0,4.41,0.65,0.149,29.62,17.49,10.91,28.4,45.79,19.35,83.0,0.16,10.0,12.05,1.0,1.2,0.48,0.149,20.99,12.19,10.39,22.58,38.35,12.82,91.0,0.078,24.0,26.37,13.0,14.29,0.313,0.025999999999999995,28.32,13.17,14.52,27.69,27.27,21.1,354.0,0.218,70.0,19.77,32.0,9.04,0.6739999999999999,0.165,25.07,12.26,15.11,27.37,28.81,16.67
746062,2024-06-01,2024,641313,R,600917,R,strikeout,True,False,93.0,0.165,25.0,26.88,2.0,2.15,0.37,0.021999999999999992,31.03,15.61,17.05,32.66,37.64,26.04,396.0,0.226,95.0,23.99,21.0,5.3,0.538,0.04,26.05,13.64,14.67,28.31,36.05,20.88,67.0,0.172,23.0,34.33,7.0,10.45,0.583,0.138,39.71,18.49,14.38,32.88,25.49,23.23,158.0,0.149,50.0,31.65,16.0,10.13,0.496,0.106,38.34,18.88,11.63,30.51,34.32,24.27
746062,2024-06-01,2024,672640,R,600917,R,strikeout,True,False,65.0,0.328,8.0,12.31,4.0,6.15,0.875,0.172,16.95,9.17,13.3,22.48,31.78,13.33,,,,,,,,,,,,,,,67.0,0.172,23.0,34.33,7.0,10.45,0.583,0.138,39.71,18.49,14.38,32.88,25.49,23.23,158.0,0.149,50.0,31.65,16.0,10.13,0.496,0.106,38.34,18.88,11.63,30.51,34.32,24.27
746062,2024-06-01,2024,694671,R,623211,R,strikeout,True,False,109.0,0.23,22.0,20.18,8.0,7.34,0.554,0.03,19.31,8.42,19.65,28.08,23.97,14.47,,,,,,,,,,,,,,,,,,,,,,,,,,,,,161.0,0.209,46.0,28.57,20.0,12.42,0.618,0.0819999999999999,31.65,14.73,15.91,30.63,34.11,20.72
746062,2024-06-01,2024,669701,L,623211,R,field_out,False,False,154.0,0.276,24.0,15.58,14.0,9.09,0.81,0.16399999999999998,17.99,8.46,18.44,26.9,24.64,12.57,200.0,0.194,46.0,23.0,19.0,9.5,0.623,0.13,20.71,8.96,19.58,28.54,22.65,15.97,,,,,,,,,,,,,,,96.0,0.298,19.0,19.79,11.0,11.46,0.815,0.142,31.52,15.03,14.45,29.48,33.7,20.43
746062,2024-06-01,2024,665750,L,623211,R,walk,False,True,142.0,0.254,23.0,16.2,12.0,8.45,0.725,0.15399999999999997,21.03,10.33,15.79,26.12,30.12,16.55,405.0,0.275,86.0,21.23,25.0,6.17,0.767,0.174,24.9,12.5,15.05,27.55,29.44,18.34,,,,,,,,,,,,,,,96.0,0.298,19.0,19.79,11.0,11.46,0.815,0.142,31.52,15.03,14.45,29.48,33.7,20.43
746062,2024-06-01,2024,668800,R,623211,R,strikeout,True,False,25.0,0.167,5.0,20.0,1.0,4.0,0.492,0.12499999999999997,29.55,13.54,20.83,34.38,37.5,17.24,161.0,0.264,40.0,24.84,9.0,5.59,0.731,0.1549999999999999,26.76,14.36,14.36,28.73,35.04,24.84,,,,,,,,,,,,,,,161.0,0.209,46.0,28.57,20.0,12.42,0.618,0.0819999999999999,31.65,14.73,15.91,30.63,34.11,20.72
746062,2024-06-01,2024,660644,L,600917,R,strikeout,True,False,80.0,0.26,11.0,13.75,5.0,6.25,0.7090000000000001,0.124,23.18,12.15,12.5,24.65,23.44,12.94,63.0,0.196,17.0,26.98,4.0,6.35,0.494,0.036,25.62,13.36,13.79,27.16,31.45,26.98,40.0,0.214,7.0,17.5,11.0,27.5,0.736,0.07199999999999998,28.12,10.65,14.79,25.44,18.18,14.29,75.0,0.262,17.0,22.67,12.0,16.0,0.764,0.1149999999999999,29.58,12.96,14.2,27.16,25.84,16.5
746062,2024-06-01,2024,665862,L,656641,L,field_out,False,False,80.0,0.257,20.0,25.0,5.0,6.25,0.744,0.175,27.03,12.5,17.81,30.31,29.94,18.87,94.0,0.172,27.0,28.72,6.0,6.38,0.479,0.081,39.88,19.01,18.18,37.19,30.36,25.23,40.0,0.265,9.0,22.5,6.0,15.0,0.7869999999999999,0.14699999999999996,23.46,10.56,14.44,25.0,20.0,16.07,5.0,0.0,2.0,40.0,0.0,0.0,0.0,0.0,10.0,4.35,17.39,21.74,28.57,28.57
746062,2024-06-01,2024,650559,R,656641,L,strikeout,True,False,86.0,0.275,18.0,20.93,4.0,4.65,0.6639999999999999,0.07499999999999996,25.73,14.01,12.42,26.43,29.05,23.68,154.0,0.277,35.0,22.73,11.0,7.14,0.708,0.1059999999999999,27.76,13.7,15.51,29.21,33.53,19.77,65.0,0.19,11.0,16.92,6.0,9.23,0.536,0.069,30.47,15.35,11.81,27.17,34.72,14.86,17.0,0.071,3.0,17.65,3.0,17.65,0.306,0.0,34.29,16.44,15.07,31.51,34.04,11.54
746062,2024-06-01,2024,543760,R,623211,R,single,False,False,183.0,0.222,26.0,14.21,15.0,8.2,0.655,0.149,22.19,11.58,12.89,24.47,26.13,17.93,544.0,0.273,77.0,14.15,52.0,9.56,0.8360000000000001,0.2199999999999999,18.01,8.45,14.48,22.93,21.97,13.9,,,,,,,,,,,,,,,161.0,0.209,46.0,28.57,20.0,12.42,0.618,0.0819999999999999,31.65,14.73,15.91,30.63,34.11,20.72
746062,2024-06-01,2024,608369,L,623211,R,walk,False,True,158.0,0.295,16.0,10.13,27.0,17.09,0.968,0.25500000000000006,18.63,9.06,7.76,16.82,22.35,13.45,370.0,0.333,55.0,14.86,42.0,11.35,1.075,0.334,23.9,12.77,6.35,19.12,27.26,15.8,,,,,,,,,,,,,,,96.0,0.298,19.0,19.79,11.0,11.46,0.815,0.142,31.52,15.03,14.45,29.48,33.7,20.43
746062,2024-06-01,2024,543257,L,623211,R,walk,False,True,71.0,0.145,17.0,23.94,9.0,12.68,0.431,0.032,19.83,7.55,19.5,27.04,13.33,17.71,283.0,0.206,66.0,23.32,34.0,12.01,0.633,0.123,20.58,8.17,20.25,28.42,17.66,20.62,,,,,,,,,,,,,,,96.0,0.298,19.0,19.79,11.0,11.46,0.815,0.142,31.52,15.03,14.45,29.48,33.7,20.43
746062,2024-06-01,2024,666969,R,623211,R,force_out,False,False,157.0,0.217,42.0,26.75,10.0,6.37,0.722,0.231,36.16,18.91,10.9,29.81,34.9,26.42,480.0,0.245,138.0,28.75,41.0,8.54,0.8260000000000001,0.264,31.65,15.93,13.92,29.85,32.02,21.97,,,,,,,,,,,,,,,161.0,0.209,46.0,28.57,20.0,12.42,0.618,0.0819999999999999,31.65,14.73,15.91,30.63,34.11,20.72
746062,2024-06-01,2024,663993,L,623211,R,force_out,False,False,98.0,0.259,19.0,19.39,15.0,15.31,0.748,0.11099999999999999,13.92,5.23,19.95,25.18,24.45,14.84,505.0,0.279,113.0,22.38,69.0,13.66,0.833,0.172,19.81,8.64,15.62,24.26,19.45,16.87,,,,,,,,,,,,,,,96.0,0.298,19.0,19.79,11.0,11.46,0.815,0.142,31.52,15.03,14.45,29.48,33.7,20.43
746062,2024-06-01,2024,694671,R,623211,R,single,False,False,109.0,0.23,22.0,20.18,8.0,7.34,0.554,0.03,19.31,8.42,19.65,28.08,23.97,14.47,,,,,,,,,,,,,,,,,,,,,,,,,,,,,161.0,0.209,46.0,28.57,20.0,12.42,0.618,0.0819999999999999,31.65,14.73,15.91,30.63,34.11,20.72
746062,2024-06-01,2024,669701,L,623211,R,strikeout,True,False,154.0,0.276,24.0,15.58,14.0,9.09,0.81,0.16399999999999998,17.99,8.46,18.44,26.9,24.64,12.57,200.0,0.194,46.0,23.0,19.0,9.5,0.623,0.13,20.71,8.96,19.58,28.54,22.65,15.97,,,,,,,,,,,,,,,96.0,0.298,19.0,19.79,11.0,11.46,0.815,0.142,31.52,15.03,14.45,29.48,33.7,20.43
746062,2024-06-01,2024,605137,L,642520,R,double,False,False,162.0,0.276,35.0,21.6,9.0,5.56,0.738,0.124,30.59,16.15,11.11,27.26,28.23,23.94,432.0,0.239,93.0,21.53,39.0,9.03,0.6970000000000001,0.148,24.59,11.57,13.95,25.52,28.11,20.58,11.0,0.143,2.0,18.18,4.0,36.36,0.741,0.143,8.7,3.28,16.39,19.67,12.9,8.0,,,,,,,,,,,,,,
746062,2024-06-01,2024,660821,L,642520,R,field_out,False,False,146.0,0.265,30.0,20.55,10.0,6.85,0.7230000000000001,0.129,25.26,13.79,12.26,26.05,36.33,18.4,353.0,0.258,93.0,26.35,36.0,10.2,0.805,0.21,29.33,14.21,14.01,28.21,30.32,20.53,11.0,0.143,2.0,18.18,4.0,36.36,0.741,0.143,8.7,3.28,16.39,19.67,12.9,8.0,,,,,,,,,,,,,,
746062,2024-06-01,2024,669394,R,642520,R,walk,False,True,103.0,0.247,25.0,24.27,5.0,4.85,0.6739999999999999,0.14500000000000002,23.76,12.36,17.82,30.17,39.89,25.51,402.0,0.247,112.0,27.86,23.0,5.72,0.8,0.249,34.59,18.69,13.25,31.93,39.43,23.09,5.0,0.2,0.0,0.0,0.0,0.0,0.4,0.0,27.27,13.04,21.74,34.78,46.15,0.0,,,,,,,,,,,,,,
746062,2024-06-01,2024,624503,L,642520,R,single,False,False,136.0,0.234,30.0,22.06,6.0,4.41,0.65,0.149,29.62,17.49,10.91,28.4,45.79,19.35,83.0,0.16,10.0,12.05,1.0,1.2,0.48,0.149,20.99,12.19,10.39,22.58,38.35,12.82,11.0,0.143,2.0,18.18,4.0,36.36,0.741,0.143,8.7,3.28,16.39,19.67,12.9,8.0,,,,,,,,,,,,,,
746062,2024-06-01,2024,641313,R,642520,R,strikeout,True,False,93.0,0.165,25.0,26.88,2.0,2.15,0.37,0.021999999999999992,31.03,15.61,17.05,32.66,37.64,26.04,396.0,0.226,95.0,23.99,21.0,5.3,0.538,0.04,26.05,13.64,14.67,28.31,36.05,20.88,5.0,0.2,0.0,0.0,0.0,0.0,0.4,0.0,27.27,13.04,21.74,34.78,46.15,0.0,,,,,,,,,,,,,,
746062,2024-06-01,2024,672640,R,642520,R,field_out,False,False,65.0,0.328,8.0,12.31,4.0,6.15,0.875,0.172,16.95,9.17,13.3,22.48,31.78,13.33,,,,,,,,,,,,,,,5.0,0.2,0.0,0.0,0.0,0.0,0.4,0.0,27.27,13.04,21.74,34.78,46.15,0.0,,,,,,,,,,,,,,
747111,2024-06-01,2024,647351,R,519242,L,field_out,False,False,65.0,0.339,8.0,12.31,2.0,3.08,0.869,0.16099999999999998,13.6,6.27,19.93,26.2,30.5,8.79,1.0,1.0,0.0,0.0,0.0,0.0,2.0,0.0,50.0,20.0,20.0,40.0,0.0,0.0,196.0,0.204,61.0,31.12,7.0,3.57,0.508,0.059000000000000025,31.36,16.49,16.88,33.38,36.21,23.28,370.0,0.224,107.0,28.92,26.0,7.03,0.699,0.1849999999999999,30.18,14.61,16.72,31.33,33.77,23.11
747111,2024-06-01,2024,609280,R,519242,L,single,False,False,3.0,0.333,0.0,0.0,0.0,0.0,0.666,0.0,0.0,0.0,21.43,21.43,20.0,0.0,38.0,0.278,7.0,18.42,2.0,5.26,0.8720000000000001,0.278,30.99,15.71,20.71,36.43,50.0,16.67,196.0,0.204,61.0,31.12,7.0,3.57,0.508,0.059000000000000025,31.36,16.49,16.88,33.38,36.21,23.28,370.0,0.224,107.0,28.92,26.0,7.03,0.699,0.1849999999999999,30.18,14.61,16.72,31.33,33.77,23.11
747111,2024-06-01,2024,667670,R,519242,L,strikeout,True,False,48.0,0.222,15.0,31.25,3.0,6.25,0.76,0.267,30.11,16.47,14.71,31.18,36.59,29.41,175.0,0.279,57.0,32.57,16.0,9.14,0.873,0.24,38.91,17.09,17.51,34.6,24.59,28.22,196.0,0.204,61.0,31.12,7.0,3.57,0.508,0.059000000000000025,31.36,16.49,16.88,33.38,36.21,23.28,370.0,0.224,107.0,28.92,26.0,7.03,0.699,0.1849999999999999,30.18,14.61,16.72,31.33,33.77,23.11
747111,2024-06-01,2024,669127,R,519242,L,single,False,False,58.0,0.151,16.0,27.59,3.0,5.17,0.533,0.18900000000000003,28.57,13.57,15.84,29.41,32.5,22.86,146.0,0.179,42.0,28.77,11.0,7.53,0.583,0.164,31.53,15.5,14.0,29.5,31.21,21.11,196.0,0.204,61.0,31.12,7.0,3.57,0.508,0.059000000000000025,31.36,16.49,16.88,33.38,36.21,23.28,370.0,0.224,107.0,28.92,26.0,7.03,0.699,0.1849999999999999,30.18,14.61,16.72,31.33,33.77,23.11
747111,2024-06-01,2024,663662,R,519242,L,double,False,False,5.0,0.2,2.0,40.0,0.0,0.0,1.0,0.6000000000000001,23.08,13.64,9.09,22.73,45.45,25.0,,,,,,,,,,,,,,,196.0,0.204,61.0,31.12,7.0,3.57,0.508,0.059000000000000025,31.36,16.49,16.88,33.38,36.21,23.28,370.0,0.224,107.0,28.92,26.0,7.03,0.699,0.1849999999999999,30.18,14.61,16.72,31.33,33.77,23.11
747111,2024-06-01,2024,668709,L,519242,L,field_out,False,False,47.0,0.205,12.0,25.53,2.0,4.26,0.784,0.3400000000000001,31.76,15.17,16.29,31.46,27.38,25.0,72.0,0.154,19.0,26.39,7.0,9.72,0.482,0.092,27.07,12.54,16.03,28.57,22.56,21.84,51.0,0.149,17.0,33.33,2.0,3.92,0.498,0.149,28.72,14.14,22.51,36.65,41.18,25.76,56.0,0.245,18.0,32.14,3.0,5.36,0.778,0.2239999999999999,26.32,12.08,20.77,32.85,33.33,29.03
747111,2024-06-01,2024,671739,L,605156,R,field_out,False,False,156.0,0.25,33.0,21.15,10.0,6.41,0.69,0.139,25.45,15.45,9.27,24.73,44.68,20.0,400.0,0.29,76.0,19.0,22.0,5.5,0.812,0.191,24.97,13.25,14.35,27.61,37.23,20.32,30.0,0.308,2.0,6.67,3.0,10.0,1.0150000000000001,0.307,18.6,7.84,13.73,21.57,20.37,10.53,,,,,,,,,,,,,,
747111,2024-06-01,2024,663586,R,605156,R,walk,False,True,133.0,0.238,36.0,27.07,9.0,6.77,0.6779999999999999,0.139,31.54,15.74,12.86,28.6,26.15,22.73,566.0,0.28,137.0,24.2,42.0,7.42,0.841,0.2199999999999999,27.71,13.25,15.53,28.77,27.7,18.53,49.0,0.318,7.0,14.29,2.0,4.08,0.7130000000000001,0.068,19.54,10.83,17.2,28.03,39.47,16.67,,,,,,,,,,,,,,
747111,2024-06-01,2024,542303,R,605156,R,home_run,False,False,166.0,0.297,37.0,22.29,15.0,9.04,0.976,0.318,31.51,15.05,13.36,28.42,27.25,19.89,453.0,0.272,109.0,24.06,44.0,9.71,0.882,0.263,27.95,13.42,14.78,28.21,29.59,18.63,49.0,0.318,7.0,14.29,2.0,4.08,0.7130000000000001,0.068,19.54,10.83,17.2,28.03,39.47,16.67,,,,,,,,,,,,,,
747111,2024-06-01,2024,621566,L,605156,R,field_out,False,False,159.0,0.232,44.0,27.67,18.0,11.32,0.7330000000000001,0.17400000000000002,28.95,14.12,11.27,25.39,27.03,17.99,540.0,0.294,115.0,21.3,90.0,16.67,1.061,0.351,27.51,12.57,12.32,24.89,25.66,14.92,30.0,0.308,2.0,6.67,3.0,10.0,1.0150000000000001,0.307,18.6,7.84,13.73,21.57,20.37,10.53,,,,,,,,,,,,,,
747111,2024-06-01,2024,645277,L,605156,R,field_out,False,False,156.0,0.257,26.0,16.67,15.0,9.62,0.706,0.10299999999999998,22.19,11.99,9.35,21.34,30.45,11.21,528.0,0.25,89.0,16.86,42.0,7.95,0.8029999999999999,0.235,20.84,11.11,9.82,20.92,33.45,13.94,30.0,0.308,2.0,6.67,3.0,10.0,1.0150000000000001,0.307,18.6,7.84,13.73,21.57,20.37,10.53,,,,,,,,,,,,,,
747111,2024-06-01,2024,680869,R,519242,L,double,False,False,41.0,0.184,14.0,34.15,3.0,7.32,0.5329999999999999,0.10499999999999998,36.62,17.93,15.17,33.1,20.31,36.84,80.0,0.167,28.0,35.0,8.0,10.0,0.486,0.0689999999999999,40.48,21.25,11.56,32.81,27.92,34.57,196.0,0.204,61.0,31.12,7.0,3.57,0.508,0.059000000000000025,31.36,16.49,16.88,33.38,36.21,23.28,370.0,0.224,107.0,28.92,26.0,7.03,0.699,0.1849999999999999,30.18,14.61,16.72,31.33,33.77,23.11
747111,2024-06-01,2024,649557,R,519242,L,single,False,False,3.0,0.0,2.0,66.67,0.0,0.0,0.0,0.0,25.0,15.0,10.0,25.0,30.0,20.0,137.0,0.234,24.0,17.52,9.0,6.57,0.6399999999999999,0.1209999999999999,19.42,9.92,14.77,24.68,32.16,19.2,196.0,0.204,61.0,31.12,7.0,3.57,0.508,0.059000000000000025,31.36,16.49,16.88,33.38,36.21,23.28,370.0,0.224,107.0,28.92,26.0,7.03,0.699,0.1849999999999999,30.18,14.61,16.72,31.33,33.77,23.11
747111,2024-06-01,2024,680474,R,519242,L,single,False,False,38.0,0.156,9.0,23.68,4.0,10.53,0.5549999999999999,0.156,22.06,9.87,17.76,27.63,15.07,19.57,,,,,,,,,,,,,,,196.0,0.204,61.0,31.12,7.0,3.57,0.508,0.059000000000000025,31.36,16.49,16.88,33.38,36.21,23.28,370.0,0.224,107.0,28.92,26.0,7.03,0.699,0.1849999999999999,30.18,14.61,16.72,31.33,33.77,23.11
747111,2024-06-01,2024,647351,R,519242,L,force_out,False,False,65.0,0.339,8.0,12.31,2.0,3.08,0.869,0.16099999999999998,13.6,6.27,19.93,26.2,30.5,8.79,1.0,1.0,0.0,0.0,0.0,0.0,2.0,0.0,50.0,20.0,20.0,40.0,0.0,0.0,196.0,0.204,61.0,31.12,7.0,3.57,0.508,0.059000000000000025,31.36,16.49,16.88,33.38,36.21,23.28,370.0,0.224,107.0,28.92,26.0,7.03,0.699,0.1849999999999999,30.18,14.61,16.72,31.33,33.77,23.11
747111,2024-06-01,2024,609280,R,519242,L,home_run,False,False,3.0,0.333,0.0,0.0,0.0,0.0,0.666,0.0,0.0,0.0,21.43,21.43,20.0,0.0,38.0,0.278,7.0,18.42,2.0,5.26,0.8720000000000001,0.278,30.99,15.71,20.71,36.43,50.0,16.67,196.0,0.204,61.0,31.12,7.0,3.57,0.508,0.059000000000000025,31.36,16.49,16.88,33.38,36.21,23.28,370.0,0.224,107.0,28.92,26.0,7.03,0.699,0.1849999999999999,30.18,14.61,16.72,31.33,33.77,23.11
747111,2024-06-01,2024,667670,R,519242,L,strikeout,True,False,48.0,0.222,15.0,31.25,3.0,6.25,0.76,0.267,30.11,16.47,14.71,31.18,36.59,29.41,175.0,0.279,57.0,32.57,16.0,9.14,0.873,0.24,38.91,17.09,17.51,34.6,24.59,28.22,196.0,0.204,61.0,31.12,7.0,3.57,0.508,0.059000000000000025,31.36,16.49,16.88,33.38,36.21,23.28,370.0,0.224,107.0,28.92,26.0,7.03,0.699,0.1849999999999999,30.18,14.61,16.72,31.33,33.77,23.11
747111,2024-06-01,2024,669127,R,519242,L,strikeout,True,False,58.0,0.151,16.0,27.59,3.0,5.17,0.533,0.18900000000000003,28.57,13.57,15.84,29.41,32.5,22.86,146.0,0.179,42.0,28.77,11.0,7.53,0.583,0.164,31.53,15.5,14.0,29.5,31.21,21.11,196.0,0.204,61.0,31.12,7.0,3.57,0.508,0.059000000000000025,31.36,16.49,16.88,33.38,36.21,23.28,370.0,0.224,107.0,28.92,26.0,7.03,0.699,0.1849999999999999,30.18,14.61,16.72,31.33,33.77,23.11
747111,2024-06-01,2024,518595,R,605156,R,field_out,False,False,108.0,0.234,26.0,24.07,10.0,9.26,0.7070000000000001,0.149,33.82,16.27,16.27,32.55,26.39,20.63,226.0,0.214,50.0,22.12,12.0,5.31,0.655,0.176,27.19,14.35,12.93,27.28,28.43,19.61,49.0,0.318,7.0,14.29,2.0,4.08,0.7130000000000001,0.068,19.54,10.83,17.2,28.03,39.47,16.67,,,,,,,,,,,,,,
747111,2024-06-01,2024,594807,R,605156,R,field_out,False,False,48.0,0.109,18.0,37.5,1.0,2.08,0.298,0.043,30.59,14.53,18.44,32.96,29.41,33.96,260.0,0.248,76.0,29.23,18.0,6.92,0.863,0.303,29.41,13.69,18.97,32.66,32.68,27.44,49.0,0.318,7.0,14.29,2.0,4.08,0.7130000000000001,0.068,19.54,10.83,17.2,28.03,39.47,16.67,,,,,,,,,,,,,,
747111,2024-06-01,2024,672284,L,605156,R,single,False,False,126.0,0.265,39.0,30.95,8.0,6.35,0.72,0.14499999999999996,33.84,17.28,13.98,31.26,31.4,23.08,324.0,0.251,105.0,32.41,34.0,10.49,0.738,0.1569999999999999,35.42,16.4,14.8,31.2,29.2,26.99,30.0,0.308,2.0,6.67,3.0,10.0,1.0150000000000001,0.307,18.6,7.84,13.73,21.57,20.37,10.53,,,,,,,,,,,,,,
747111,2024-06-01,2024,606115,R,605156,R,force_out,False,False,157.0,0.257,25.0,15.92,5.0,3.18,0.712,0.175,22.85,12.0,13.22,25.22,28.16,16.34,421.0,0.255,78.0,18.53,23.0,5.46,0.6739999999999999,0.12,23.54,11.23,17.09,28.32,27.84,15.98,49.0,0.318,7.0,14.29,2.0,4.08,0.7130000000000001,0.068,19.54,10.83,17.2,28.03,39.47,16.67,,,,,,,,,,,,,,
747111,2024-06-01,2024,663662,R,519242,L,field_out,False,False,5.0,0.2,2.0,40.0,0.0,0.0,1.0,0.6000000000000001,23.08,13.64,9.09,22.73,45.45,25.0,,,,,,,,,,,,,,,196.0,0.204,61.0,31.12,7.0,3.57,0.508,0.059000000000000025,31.36,16.49,16.88,33.38,36.21,23.28,370.0,0.224,107.0,28.92,26.0,7.03,0.699,0.1849999999999999,30.18,14.61,16.72,31.33,33.77,23.11
747111,2024-06-01,2024,668709,L,519242,L,field_out,False,False,47.0,0.205,12.0,25.53,2.0,4.26,0.784,0.3400000000000001,31.76,15.17,16.29,31.46,27.38,25.0,72.0,0.154,19.0,26.39,7.0,9.72,0.482,0.092,27.07,12.54,16.03,28.57,22.56,21.84,51.0,0.149,17.0,33.33,2.0,3.92,0.498,0.149,28.72,14.14,22.51,36.65,41.18,25.76,56.0,0.245,18.0,32.14,3.0,5.36,0.778,0.2239999999999999,26.32,12.08,20.77,32.85,33.33,29.03
747111,2024-06-01,2024,680869,R,519242,L,walk,False,True,41.0,0.184,14.0,34.15,3.0,7.32,0.5329999999999999,0.10499999999999998,36.62,17.93,15.17,33.1,20.31,36.84,80.0,0.167,28.0,35.0,8.0,10.0,0.486,0.0689999999999999,40.48,21.25,11.56,32.81,27.92,34.57,196.0,0.204,61.0,31.12,7.0,3.57,0.508,0.059000000000000025,31.36,16.49,16.88,33.38,36.21,23.28,370.0,0.224,107.0,28.92,26.0,7.03,0.699,0.1849999999999999,30.18,14.61,16.72,31.33,33.77,23.11
747111,2024-06-01,2024,649557,R,519242,L,field_out,False,False,3.0,0.0,2.0,66.67,0.0,0.0,0.0,0.0,25.0,15.0,10.0,25.0,30.0,20.0,137.0,0.234,24.0,17.52,9.0,6.57,0.6399999999999999,0.1209999999999999,19.42,9.92,14.77,24.68,32.16,19.2,196.0,0.204,61.0,31.12,7.0,3.57,0.508,0.059000000000000025,31.36,16.49,16.88,33.38,36.21,23.28,370.0,0.224,107.0,28.92,26.0,7.03,0.699,0.1849999999999999,30.18,14.61,16.72,31.33,33.77,23.11
747111,2024-06-01,2024,671739,L,605156,R,double,False,False,156.0,0.25,33.0,21.15,10.0,6.41,0.69,0.139,25.45,15.45,9.27,24.73,44.68,20.0,400.0,0.29,76.0,19.0,22.0,5.5,0.812,0.191,24.97,13.25,14.35,27.61,37.23,20.32,30.0,0.308,2.0,6.67,3.0,10.0,1.0150000000000001,0.307,18.6,7.84,13.73,21.57,20.37,10.53,,,,,,,,,,,,,,
747111,2024-06-01,2024,663586,R,605156,R,field_out,False,False,133.0,0.238,36.0,27.07,9.0,6.77,0.6779999999999999,0.139,31.54,15.74,12.86,28.6,26.15,22.73,566.0,0.28,137.0,24.2,42.0,7.42,0.841,0.2199999999999999,27.71,13.25,15.53,28.77,27.7,18.53,49.0,0.318,7.0,14.29,2.0,4.08,0.7130000000000001,0.068,19.54,10.83,17.2,28.03,39.47,16.67,,,,,,,,,,,,,,
747111,2024-06-01,2024,542303,R,605156,R,field_out,False,False,166.0,0.297,37.0,22.29,15.0,9.04,0.976,0.318,31.51,15.05,13.36,28.42,27.25,19.89,453.0,0.272,109.0,24.06,44.0,9.71,0.882,0.263,27.95,13.42,14.78,28.21,29.59,18.63,49.0,0.318,7.0,14.29,2.0,4.08,0.7130000000000001,0.068,19.54,10.83,17.2,28.03,39.47,16.67,,,,,,,,,,,,,,
747111,2024-06-01,2024,621566,L,605156,R,strikeout,True,False,159.0,0.232,44.0,27.67,18.0,11.32,0.7330000000000001,0.17400000000000002,28.95,14.12,11.27,25.39,27.03,17.99,540.0,0.294,115.0,21.3,90.0,16.67,1.061,0.351,27.51,12.57,12.32,24.89,25.66,14.92,30.0,0.308,2.0,6.67,3.0,10.0,1.0150000000000001,0.307,18.6,7.84,13.73,21.57,20.37,10.53,,,,,,,,,,,,,,
747111,2024-06-01,2024,680474,R,519242,L,single,False,False,38.0,0.156,9.0,23.68,4.0,10.53,0.5549999999999999,0.156,22.06,9.87,17.76,27.63,15.07,19.57,,,,,,,,,,,,,,,196.0,0.204,61.0,31.12,7.0,3.57,0.508,0.059000000000000025,31.36,16.49,16.88,33.38,36.21,23.28,370.0,0.224,107.0,28.92,26.0,7.03,0.699,0.1849999999999999,30.18,14.61,16.72,31.33,33.77,23.11
747111,2024-06-01,2024,647351,R,519242,L,sac_bunt,False,False,65.0,0.339,8.0,12.31,2.0,3.08,0.869,0.16099999999999998,13.6,6.27,19.93,26.2,30.5,8.79,1.0,1.0,0.0,0.0,0.0,0.0,2.0,0.0,50.0,20.0,20.0,40.0,0.0,0.0,196.0,0.204,61.0,31.12,7.0,3.57,0.508,0.059000000000000025,31.36,16.49,16.88,33.38,36.21,23.28,370.0,0.224,107.0,28.92,26.0,7.03,0.699,0.1849999999999999,30.18,14.61,16.72,31.33,33.77,23.11
747111,2024-06-01,2024,609280,R,519242,L,field_out,False,False,3.0,0.333,0.0,0.0,0.0,0.0,0.666,0.0,0.0,0.0,21.43,21.43,20.0,0.0,38.0,0.278,7.0,18.42,2.0,5.26,0.8720000000000001,0.278,30.99,15.71,20.71,36.43,50.0,16.67,196.0,0.204,61.0,31.12,7.0,3.57,0.508,0.059000000000000025,31.36,16.49,16.88,33.38,36.21,23.28,370.0,0.224,107.0,28.92,26.0,7.03,0.699,0.1849999999999999,30.18,14.61,16.72,31.33,33.77,23.11
747111,2024-06-01,2024,667670,R,519242,L,home_run,False,False,48.0,0.222,15.0,31.25,3.0,6.25,0.76,0.267,30.11,16.47,14.71,31.18,36.59,29.41,175.0,0.279,57.0,32.57,16.0,9.14,0.873,0.24,38.91,17.09,17.51,34.6,24.59,28.22,196.0,0.204,61.0,31.12,7.0,3.57,0.508,0.059000000000000025,31.36,16.49,16.88,33.38,36.21,23.28,370.0,0.224,107.0,28.92,26.0,7.03,0.699,0.1849999999999999,30.18,14.61,16.72,31.33,33.77,23.11
747111,2024-06-01,2024,669127,R,519242,L,strikeout,True,False,58.0,0.151,16.0,27.59,3.0,5.17,0.533,0.18900000000000003,28.57,13.57,15.84,29.41,32.5,22.86,146.0,0.179,42.0,28.77,11.0,7.53,0.583,0.164,31.53,15.5,14.0,29.5,31.21,21.11,196.0,0.204,61.0,31.12,7.0,3.57,0.508,0.059000000000000025,31.36,16.49,16.88,33.38,36.21,23.28,370.0,0.224,107.0,28.92,26.0,7.03,0.699,0.1849999999999999,30.18,14.61,16.72,31.33,33.77,23.11
747111,2024-06-01,2024,645277,L,605156,R,field_out,False,False,156.0,0.257,26.0,16.67,15.0,9.62,0.706,0.10299999999999998,22.19,11.99,9.35,21.34,30.45,11.21,528.0,0.25,89.0,16.86,42.0,7.95,0.8029999999999999,0.235,20.84,11.11,9.82,20.92,33.45,13.94,30.0,0.308,2.0,6.67,3.0,10.0,1.0150000000000001,0.307,18.6,7.84,13.73,21.57,20.37,10.53,,,,,,,,,,,,,,
747111,2024-06-01,2024,518595,R,605156,R,field_out,False,False,108.0,0.234,26.0,24.07,10.0,9.26,0.7070000000000001,0.149,33.82,16.27,16.27,32.55,26.39,20.63,226.0,0.214,50.0,22.12,12.0,5.31,0.655,0.176,27.19,14.35,12.93,27.28,28.43,19.61,49.0,0.318,7.0,14.29,2.0,4.08,0.7130000000000001,0.068,19.54,10.83,17.2,28.03,39.47,16.67,,,,,,,,,,,,,,
747111,2024-06-01,2024,594807,R,605156,R,field_out,False,False,48.0,0.109,18.0,37.5,1.0,2.08,0.298,0.043,30.59,14.53,18.44,32.96,29.41,33.96,260.0,0.248,76.0,29.23,18.0,6.92,0.863,0.303,29.41,13.69,18.97,32.66,32.68,27.44,49.0,0.318,7.0,14.29,2.0,4.08,0.7130000000000001,0.068,19.54,10.83,17.2,28.03,39.47,16.67,,,,,,,,,,,,,,
747111,2024-06-01,2024,663662,R,623474,R,single,False,False,11.0,0.182,2.0,18.18,0.0,0.0,0.364,0.0,21.05,11.11,19.44,30.56,30.77,20.0,,,,,,,,,,,,,,,9.0,0.286,1.0,11.11,2.0,22.22,0.873,0.14300000000000002,18.75,8.57,11.43,20.0,22.73,11.11,80.0,0.276,17.0,21.25,2.0,2.5,0.825,0.237,20.71,9.45,22.48,31.92,28.06,18.68
747111,2024-06-01,2024,668709,L,623474,R,field_out,False,False,186.0,0.259,32.0,17.2,23.0,12.37,0.808,0.198,27.69,11.55,17.26,28.8,21.78,17.88,232.0,0.209,53.0,22.84,35.0,15.09,0.726,0.184,28.61,12.18,15.3,27.48,19.27,20.46,10.0,0.1,3.0,30.0,0.0,0.0,0.2,0.0,24.0,16.22,13.51,29.73,50.0,30.0,47.0,0.293,9.0,19.15,6.0,12.77,0.993,0.317,20.0,9.35,10.75,20.09,21.78,12.68
747111,2024-06-01,2024,680869,R,623474,R,field_out,False,False,125.0,0.177,43.0,34.4,9.0,7.2,0.516,0.09700000000000003,35.51,17.76,15.92,33.67,27.27,28.86,220.0,0.303,54.0,24.55,18.0,8.18,0.969,0.298,30.92,15.24,15.12,30.36,29.22,21.29,9.0,0.286,1.0,11.11,2.0,22.22,0.873,0.14300000000000002,18.75,8.57,11.43,20.0,22.73,11.11,80.0,0.276,17.0,21.25,2.0,2.5,0.825,0.237,20.71,9.45,22.48,31.92,28.06,18.68
747111,2024-06-01,2024,649557,R,623474,R,field_out,False,False,5.0,0.0,0.0,0.0,0.0,0.0,0.0,0.0,0.0,0.0,33.33,33.33,100.0,,207.0,0.225,42.0,20.29,8.0,3.86,0.6020000000000001,0.1,24.15,12.87,15.66,28.53,35.94,22.34,9.0,0.286,1.0,11.11,2.0,22.22,0.873,0.14300000000000002,18.75,8.57,11.43,20.0,22.73,11.11,80.0,0.276,17.0,21.25,2.0,2.5,0.825,0.237,20.71,9.45,22.48,31.92,28.06,18.68
747111,2024-06-01,2024,672284,L,605156,R,field_out,False,False,126.0,0.265,39.0,30.95,8.0,6.35,0.72,0.14499999999999996,33.84,17.28,13.98,31.26,31.4,23.08,324.0,0.251,105.0,32.41,34.0,10.49,0.738,0.1569999999999999,35.42,16.4,14.8,31.2,29.2,26.99,30.0,0.308,2.0,6.67,3.0,10.0,1.0150000000000001,0.307,18.6,7.84,13.73,21.57,20.37,10.53,,,,,,,,,,,,,,
747111,2024-06-01,2024,606115,R,605156,R,single,False,False,157.0,0.257,25.0,15.92,5.0,3.18,0.712,0.175,22.85,12.0,13.22,25.22,28.16,16.34,421.0,0.255,78.0,18.53,23.0,5.46,0.6739999999999999,0.12,23.54,11.23,17.09,28.32,27.84,15.98,49.0,0.318,7.0,14.29,2.0,4.08,0.7130000000000001,0.068,19.54,10.83,17.2,28.03,39.47,16.67,,,,,,,,,,,,,,
747111,2024-06-01,2024,671739,L,605156,R,double,False,False,156.0,0.25,33.0,21.15,10.0,6.41,0.69,0.139,25.45,15.45,9.27,24.73,44.68,20.0,400.0,0.29,76.0,19.0,22.0,5.5,0.812,0.191,24.97,13.25,14.35,27.61,37.23,20.32,30.0,0.308,2.0,6.67,3.0,10.0,1.0150000000000001,0.307,18.6,7.84,13.73,21.57,20.37,10.53,,,,,,,,,,,,,,
747111,2024-06-01,2024,663586,R,605156,R,single,False,False,133.0,0.238,36.0,27.07,9.0,6.77,0.6779999999999999,0.139,31.54,15.74,12.86,28.6,26.15,22.73,566.0,0.28,137.0,24.2,42.0,7.42,0.841,0.2199999999999999,27.71,13.25,15.53,28.77,27.7,18.53,49.0,0.318,7.0,14.29,2.0,4.08,0.7130000000000001,0.068,19.54,10.83,17.2,28.03,39.47,16.67,,,,,,,,,,,,,,
747111,2024-06-01,2024,542303,R,605156,R,single,False,False,166.0,0.297,37.0,22.29,15.0,9.04,0.976,0.318,31.51,15.05,13.36,28.42,27.25,19.89,453.0,0.272,109.0,24.06,44.0,9.71,0.882,0.263,27.95,13.42,14.78,28.21,29.59,18.63,49.0,0.318,7.0,14.29,2.0,4.08,0.7130000000000001,0.068,19.54,10.83,17.2,28.03,39.47,16.67,,,,,,,,,,,,,,
747111,2024-06-01,2024,621566,L,519008,L,home_run,False,False,74.0,0.242,17.0,22.97,5.0,6.76,0.7809999999999999,0.22799999999999998,23.78,11.53,14.58,26.1,27.21,16.67,182.0,0.252,52.0,28.57,14.0,7.69,0.7989999999999999,0.239,31.07,15.01,14.87,29.88,27.47,21.94,49.0,0.283,7.0,14.29,2.0,4.08,0.653,0.04300000000000004,20.99,9.88,20.93,30.81,29.33,17.07,5.0,0.25,1.0,20.0,1.0,20.0,0.65,0.0,42.86,15.79,10.53,26.32,16.67,100.0
747111,2024-06-01,2024,645277,R,519008,L,strikeout,True,False,52.0,0.333,6.0,11.54,1.0,1.92,0.856,0.177,20.0,11.66,8.59,20.25,34.88,20.69,133.0,0.391,18.0,13.53,4.0,3.01,1.023,0.2259999999999999,19.5,11.51,10.25,21.76,42.91,12.77,44.0,0.3,7.0,15.91,3.0,6.82,0.666,0.025000000000000022,18.31,7.74,21.43,29.17,31.25,17.95,6.0,0.6,1.0,16.67,0.0,0.0,1.467,0.2,31.25,15.62,12.5,28.12,42.86,6.25
747111,2024-06-01,2024,518595,R,519008,L,walk,False,True,35.0,0.333,8.0,22.86,1.0,2.86,1.101,0.425,30.77,17.65,8.82,26.47,32.39,16.67,66.0,0.263,17.0,25.76,9.0,13.64,0.7849999999999999,0.1579999999999999,33.33,16.36,10.91,27.27,23.57,19.1,44.0,0.3,7.0,15.91,3.0,6.82,0.666,0.025000000000000022,18.31,7.74,21.43,29.17,31.25,17.95,6.0,0.6,1.0,16.67,0.0,0.0,1.467,0.2,31.25,15.62,12.5,28.12,42.86,6.25
747111,2024-06-01,2024,594807,R,519008,L,single,False,False,66.0,0.273,11.0,16.67,9.0,13.64,0.961,0.30899999999999994,16.39,7.38,16.24,23.62,22.6,11.96,93.0,0.244,34.0,36.56,4.0,4.3,0.757,0.2329999999999999,34.95,18.31,16.34,34.65,37.97,29.82,44.0,0.3,7.0,15.91,3.0,6.82,0.666,0.025000000000000022,18.31,7.74,21.43,29.17,31.25,17.95,6.0,0.6,1.0,16.67,0.0,0.0,1.467,0.2,31.25,15.62,12.5,28.12,42.86,6.25
747111,2024-06-01,2024,680474,R,623474,R,single,False,False,81.0,0.274,20.0,24.69,6.0,7.41,0.73,0.10999999999999999,25.53,10.56,20.82,31.38,19.08,20.0,,,,,,,,,,,,,,,9.0,0.286,1.0,11.11,2.0,22.22,0.873,0.14300000000000002,18.75,8.57,11.43,20.0,22.73,11.11,80.0,0.276,17.0,21.25,2.0,2.5,0.825,0.237,20.71,9.45,22.48,31.92,28.06,18.68
747111,2024-06-01,2024,647351,L,623474,R,field_out,False,False,161.0,0.267,31.0,19.25,8.0,4.97,0.7170000000000001,0.133,19.58,8.96,19.04,28.0,29.34,17.61,20.0,0.412,5.0,25.0,2.0,10.0,1.265,0.353,37.04,15.62,26.56,42.19,25.0,31.25,10.0,0.1,3.0,30.0,0.0,0.0,0.2,0.0,24.0,16.22,13.51,29.73,50.0,30.0,47.0,0.293,9.0,19.15,6.0,12.77,0.993,0.317,20.0,9.35,10.75,20.09,21.78,12.68
747111,2024-06-01,2024,609280,R,623474,R,single,False,False,22.0,0.381,2.0,9.09,0.0,0.0,0.983,0.238,2.38,1.18,17.65,18.82,32.56,9.09,52.0,0.229,6.0,11.54,4.0,7.69,0.705,0.1879999999999999,14.58,7.49,13.9,21.39,30.93,12.77,9.0,0.286,1.0,11.11,2.0,22.22,0.873,0.14300000000000002,18.75,8.57,11.43,20.0,22.73,11.11,80.0,0.276,17.0,21.25,2.0,2.5,0.825,0.237,20.71,9.45,22.48,31.92,28.06,18.68
747111,2024-06-01,2024,667670,R,572955,R,triple,False,False,143.0,0.301,49.0,34.27,17.0,11.89,0.9550000000000001,0.26000000000000006,37.72,17.85,13.47,31.31,30.58,26.92,351.0,0.23,115.0,32.76,33.0,9.4,0.788,0.2419999999999999,37.94,17.82,16.3,34.12,28.65,23.47,39.0,0.286,12.0,30.77,4.0,10.26,0.673,0.028000000000000025,32.86,15.03,20.92,35.95,30.99,25.0,161.0,0.259,49.0,30.43,14.0,8.7,0.6970000000000001,0.1149999999999999,31.85,15.3,18.91,34.21,36.56,26.63
747111,2024-06-01,2024,669127,R,572955,R,strikeout,True,False,134.0,0.237,31.0,23.13,11.0,8.21,0.8720000000000001,0.32200000000000006,29.31,14.11,16.18,30.29,31.84,23.13,344.0,0.217,101.0,29.36,23.0,6.69,0.7230000000000001,0.226,32.34,16.3,14.73,31.03,31.22,23.88,39.0,0.286,12.0,30.77,4.0,10.26,0.673,0.028000000000000025,32.86,15.03,20.92,35.95,30.99,25.0,161.0,0.259,49.0,30.43,14.0,8.7,0.6970000000000001,0.1149999999999999,31.85,15.3,18.91,34.21,36.56,26.63
747111,2024-06-01,2024,663662,R,572955,R,field_out,False,False,11.0,0.182,2.0,18.18,0.0,0.0,0.364,0.0,21.05,11.11,19.44,30.56,30.77,20.0,,,,,,,,,,,,,,,39.0,0.286,12.0,30.77,4.0,10.26,0.673,0.028000000000000025,32.86,15.03,20.92,35.95,30.99,25.0,161.0,0.259,49.0,30.43,14.0,8.7,0.6970000000000001,0.1149999999999999,31.85,15.3,18.91,34.21,36.56,26.63
747111,2024-06-01,2024,672284,L,672552,L,single,False,False,14.0,0.214,5.0,35.71,0.0,0.0,0.5,0.07199999999999998,48.0,26.67,20.0,46.67,45.0,45.45,92.0,0.259,27.0,29.35,7.0,7.61,0.774,0.2,27.91,12.83,16.31,29.14,26.49,24.55,4.0,0.0,2.0,50.0,0.0,0.0,0.0,0.0,40.0,12.5,31.25,43.75,12.5,28.57,,,,,,,,,,,,,,
747111,2024-06-01,2024,606115,R,672552,L,field_out,False,False,57.0,0.17,16.0,28.07,2.0,3.51,0.41900000000000004,0.055999999999999994,26.61,13.52,14.75,28.28,26.72,18.82,112.0,0.302,24.0,21.43,16.0,14.29,1.006,0.302,27.18,11.06,18.79,29.85,21.6,18.32,8.0,0.286,0.0,0.0,1.0,12.5,0.661,0.0,23.08,11.54,15.38,26.92,35.71,0.0,,,,,,,,,,,,,,
747111,2024-06-01,2024,671739,L,672552,L,single,False,False,73.0,0.268,17.0,23.29,2.0,2.74,0.612,0.055999999999999994,30.6,17.45,17.87,35.32,47.71,26.56,139.0,0.301,25.0,17.99,3.0,2.16,0.797,0.165,22.64,11.79,19.84,31.63,41.0,16.23,4.0,0.0,2.0,50.0,0.0,0.0,0.0,0.0,40.0,12.5,31.25,43.75,12.5,28.57,,,,,,,,,,,,,,
747111,2024-06-01,2024,663586,R,672552,L,field_out,False,False,50.0,0.2,11.0,22.0,5.0,10.0,0.569,0.08899999999999997,20.0,10.17,11.86,22.03,24.42,23.91,149.0,0.289,35.0,23.49,17.0,11.41,0.94,0.289,28.03,13.64,12.46,26.09,26.11,18.72,8.0,0.286,0.0,0.0,1.0,12.5,0.661,0.0,23.08,11.54,15.38,26.92,35.71,0.0,,,,,,,,,,,,,,
747111,2024-06-01,2024,542303,R,547184,R,field_out,False,False,166.0,0.297,37.0,22.29,15.0,9.04,0.976,0.318,31.51,15.05,13.36,28.42,27.25,19.89,453.0,0.272,109.0,24.06,44.0,9.71,0.882,0.263,27.95,13.42,14.78,28.21,29.59,18.63,72.0,0.239,12.0,16.67,3.0,4.17,0.581,0.07400000000000001,23.97,11.69,18.55,30.24,33.33,18.18,44.0,0.231,7.0,15.91,5.0,11.36,0.626,0.0769999999999999,16.18,6.92,20.13,27.04,25.93,12.96
747111,2024-06-01,2024,668709,L,572955,R,strikeout,True,False,186.0,0.259,32.0,17.2,23.0,12.37,0.808,0.198,27.69,11.55,17.26,28.8,21.78,17.88,232.0,0.209,53.0,22.84,35.0,15.09,0.726,0.184,28.61,12.18,15.3,27.48,19.27,20.46,36.0,0.226,11.0,30.56,5.0,13.89,0.688,0.12899999999999998,26.47,11.92,15.89,27.81,28.21,21.57,116.0,0.255,41.0,35.34,16.0,13.79,0.888,0.276,34.88,15.59,18.71,34.3,29.28,26.8
747111,2024-06-01,2024,680869,R,572955,R,field_out,False,False,125.0,0.177,43.0,34.4,9.0,7.2,0.516,0.09700000000000003,35.51,17.76,15.92,33.67,27.27,28.86,220.0,0.303,54.0,24.55,18.0,8.18,0.969,0.298,30.92,15.24,15.12,30.36,29.22,21.29,39.0,0.286,12.0,30.77,4.0,10.26,0.673,0.028000000000000025,32.86,15.03,20.92,35.95,30.99,25.0,161.0,0.259,49.0,30.43,14.0,8.7,0.6970000000000001,0.1149999999999999,31.85,15.3,18.91,34.21,36.56,26.63
747111,2024-06-01,2024,691016,L,572955,R,strikeout,True,False,49.0,0.195,20.0,40.82,8.0,16.33,0.668,0.14600000000000002,38.46,16.04,17.11,33.16,30.0,45.45,118.0,0.159,37.0,31.36,10.0,8.47,0.472,0.0839999999999999,33.93,16.67,14.91,31.58,29.36,28.91,36.0,0.226,11.0,30.56,5.0,13.89,0.688,0.12899999999999998,26.47,11.92,15.89,27.81,28.21,21.57,116.0,0.255,41.0,35.34,16.0,13.79,0.888,0.276,34.88,15.59,18.71,34.3,29.28,26.8
747111,2024-06-01,2024,621566,L,547184,R,walk,False,True,159.0,0.232,44.0,27.67,18.0,11.32,0.7330000000000001,0.17400000000000002,28.95,14.12,11.27,25.39,27.03,17.99,540.0,0.294,115.0,21.3,90.0,16.67,1.061,0.351,27.51,12.57,12.32,24.89,25.66,14.92,51.0,0.262,10.0,19.61,5.0,9.8,0.825,0.19,21.28,9.8,18.14,27.94,26.09,14.93,27.0,0.174,9.0,33.33,4.0,14.81,0.47,0.0,32.69,14.91,17.54,32.46,28.81,20.45
747111,2024-06-01,2024,645277,L,547184,R,field_out,False,False,156.0,0.257,26.0,16.67,15.0,9.62,0.706,0.10299999999999998,22.19,11.99,9.35,21.34,30.45,11.21,528.0,0.25,89.0,16.86,42.0,7.95,0.8029999999999999,0.235,20.84,11.11,9.82,20.92,33.45,13.94,51.0,0.262,10.0,19.61,5.0,9.8,0.825,0.19,21.28,9.8,18.14,27.94,26.09,14.93,27.0,0.174,9.0,33.33,4.0,14.81,0.47,0.0,32.69,14.91,17.54,32.46,28.81,20.45
747111,2024-06-01,2024,518595,R,547184,R,field_out,False,False,108.0,0.234,26.0,24.07,10.0,9.26,0.7070000000000001,0.149,33.82,16.27,16.27,32.55,26.39,20.63,226.0,0.214,50.0,22.12,12.0,5.31,0.655,0.176,27.19,14.35,12.93,27.28,28.43,19.61,72.0,0.239,12.0,16.67,3.0,4.17,0.581,0.07400000000000001,23.97,11.69,18.55,30.24,33.33,18.18,44.0,0.231,7.0,15.91,5.0,11.36,0.626,0.0769999999999999,16.18,6.92,20.13,27.04,25.93,12.96
747111,2024-06-01,2024,594807,R,547184,R,walk,False,True,48.0,0.109,18.0,37.5,1.0,2.08,0.298,0.043,30.59,14.53,18.44,32.96,29.41,33.96,260.0,0.248,76.0,29.23,18.0,6.92,0.863,0.303,29.41,13.69,18.97,32.66,32.68,27.44,72.0,0.239,12.0,16.67,3.0,4.17,0.581,0.07400000000000001,23.97,11.69,18.55,30.24,33.33,18.18,44.0,0.231,7.0,15.91,5.0,11.36,0.626,0.0769999999999999,16.18,6.92,20.13,27.04,25.93,12.96
747111,2024-06-01,2024,672284,L,518397,L,field_out,False,False,14.0,0.214,5.0,35.71,0.0,0.0,0.5,0.07199999999999998,48.0,26.67,20.0,46.67,45.0,45.45,92.0,0.259,27.0,29.35,7.0,7.61,0.774,0.2,27.91,12.83,16.31,29.14,26.49,24.55,7.0,0.143,1.0,14.29,0.0,0.0,0.286,0.0,7.14,4.17,16.67,20.83,50.0,16.67,83.0,0.215,16.0,19.28,3.0,3.61,0.56,0.101,24.84,13.2,16.17,29.37,31.5,16.84
747111,2024-06-01,2024,680474,R,669276,L,double,False,False,38.0,0.156,9.0,23.68,4.0,10.53,0.5549999999999999,0.156,22.06,9.87,17.76,27.63,15.07,19.57,,,,,,,,,,,,,,,62.0,0.189,10.0,16.13,8.0,12.9,0.498,0.01899999999999999,32.76,17.12,10.36,27.48,35.45,17.54,61.0,0.315,11.0,18.03,6.0,9.84,0.8089999999999999,0.1109999999999999,24.26,13.36,13.77,27.13,40.44,11.34
747111,2024-06-01,2024,647351,R,669276,L,field_out,False,False,65.0,0.339,8.0,12.31,2.0,3.08,0.869,0.16099999999999998,13.6,6.27,19.93,26.2,30.5,8.79,1.0,1.0,0.0,0.0,0.0,0.0,2.0,0.0,50.0,20.0,20.0,40.0,0.0,0.0,62.0,0.189,10.0,16.13,8.0,12.9,0.498,0.01899999999999999,32.76,17.12,10.36,27.48,35.45,17.54,61.0,0.315,11.0,18.03,6.0,9.84,0.8089999999999999,0.1109999999999999,24.26,13.36,13.77,27.13,40.44,11.34
747111,2024-06-01,2024,609280,R,669276,L,single,False,False,3.0,0.333,0.0,0.0,0.0,0.0,0.666,0.0,0.0,0.0,21.43,21.43,20.0,0.0,38.0,0.278,7.0,18.42,2.0,5.26,0.8720000000000001,0.278,30.99,15.71,20.71,36.43,50.0,16.67,62.0,0.189,10.0,16.13,8.0,12.9,0.498,0.01899999999999999,32.76,17.12,10.36,27.48,35.45,17.54,61.0,0.315,11.0,18.03,6.0,9.84,0.8089999999999999,0.1109999999999999,24.26,13.36,13.77,27.13,40.44,11.34
747111,2024-06-01,2024,667670,R,669276,L,force_out,False,False,48.0,0.222,15.0,31.25,3.0,6.25,0.76,0.267,30.11,16.47,14.71,31.18,36.59,29.41,175.0,0.279,57.0,32.57,16.0,9.14,0.873,0.24,38.91,17.09,17.51,34.6,24.59,28.22,62.0,0.189,10.0,16.13,8.0,12.9,0.498,0.01899999999999999,32.76,17.12,10.36,27.48,35.45,17.54,61.0,0.315,11.0,18.03,6.0,9.84,0.8089999999999999,0.1109999999999999,24.26,13.36,13.77,27.13,40.44,11.34
747111,2024-06-01,2024,669127,R,669276,L,caught_stealing_2b,False,False,58.0,0.151,16.0,27.59,3.0,5.17,0.533,0.18900000000000003,28.57,13.57,15.84,29.41,32.5,22.86,146.0,0.179,42.0,28.77,11.0,7.53,0.583,0.164,31.53,15.5,14.0,29.5,31.21,21.11,62.0,0.189,10.0,16.13,8.0,12.9,0.498,0.01899999999999999,32.76,17.12,10.36,27.48,35.45,17.54,61.0,0.315,11.0,18.03,6.0,9.84,0.8089999999999999,0.1109999999999999,24.26,13.36,13.77,27.13,40.44,11.34
747111,2024-06-01,2024,606115,R,518397,L,field_out,False,False,57.0,0.17,16.0,28.07,2.0,3.51,0.41900000000000004,0.055999999999999994,26.61,13.52,14.75,28.28,26.72,18.82,112.0,0.302,24.0,21.43,16.0,14.29,1.006,0.302,27.18,11.06,18.79,29.85,21.6,18.32,7.0,0.143,2.0,28.57,0.0,0.0,0.714,0.42799999999999994,31.58,24.0,4.0,28.0,61.54,22.22,125.0,0.328,15.0,12.0,8.0,6.4,0.781,0.077,16.67,8.44,14.64,23.08,30.3,17.65
747111,2024-06-01,2024,671739,L,518397,L,field_out,False,False,73.0,0.268,17.0,23.29,2.0,2.74,0.612,0.055999999999999994,30.6,17.45,17.87,35.32,47.71,26.56,139.0,0.301,25.0,17.99,3.0,2.16,0.797,0.165,22.64,11.79,19.84,31.63,41.0,16.23,7.0,0.143,1.0,14.29,0.0,0.0,0.286,0.0,7.14,4.17,16.67,20.83,50.0,16.67,83.0,0.215,16.0,19.28,3.0,3.61,0.56,0.101,24.84,13.2,16.17,29.37,31.5,16.84
747111,2024-06-01,2024,663586,R,518397,L,double,False,False,50.0,0.2,11.0,22.0,5.0,10.0,0.569,0.08899999999999997,20.0,10.17,11.86,22.03,24.42,23.91,149.0,0.289,35.0,23.49,17.0,11.41,0.94,0.289,28.03,13.64,12.46,26.09,26.11,18.72,7.0,0.143,2.0,28.57,0.0,0.0,0.714,0.42799999999999994,31.58,24.0,4.0,28.0,61.54,22.22,125.0,0.328,15.0,12.0,8.0,6.4,0.781,0.077,16.67,8.44,14.64,23.08,30.3,17.65
747111,2024-06-01,2024,542303,R,613534,R,strikeout,True,False,166.0,0.297,37.0,22.29,15.0,9.04,0.976,0.318,31.51,15.05,13.36,28.42,27.25,19.89,453.0,0.272,109.0,24.06,44.0,9.71,0.882,0.263,27.95,13.42,14.78,28.21,29.59,18.63,46.0,0.27,14.0,30.43,6.0,13.04,0.688,0.02699999999999997,43.21,17.59,17.09,34.67,27.19,24.56,52.0,0.267,12.0,23.08,4.0,7.69,0.721,0.0889999999999999,25.93,12.28,15.35,27.63,31.9,16.67
747111,2024-06-01,2024,669127,R,607481,L,field_out,False,False,58.0,0.151,16.0,27.59,3.0,5.17,0.533,0.18900000000000003,28.57,13.57,15.84,29.41,32.5,22.86,146.0,0.179,42.0,28.77,11.0,7.53,0.583,0.164,31.53,15.5,14.0,29.5,31.21,21.11,55.0,0.306,11.0,20.0,4.0,7.27,0.717,0.04099999999999998,17.07,6.64,25.12,31.75,23.81,18.33,175.0,0.238,52.0,29.71,25.0,14.29,0.715,0.123,30.95,12.48,21.54,34.02,28.15,23.21
747111,2024-06-01,2024,663662,R,607481,L,field_out,False,False,5.0,0.2,2.0,40.0,0.0,0.0,1.0,0.6000000000000001,23.08,13.64,9.09,22.73,45.45,25.0,,,,,,,,,,,,,,,55.0,0.306,11.0,20.0,4.0,7.27,0.717,0.04099999999999998,17.07,6.64,25.12,31.75,23.81,18.33,175.0,0.238,52.0,29.71,25.0,14.29,0.715,0.123,30.95,12.48,21.54,34.02,28.15,23.21
747111,2024-06-01,2024,668709,L,607481,L,single,False,False,47.0,0.205,12.0,25.53,2.0,4.26,0.784,0.3400000000000001,31.76,15.17,16.29,31.46,27.38,25.0,72.0,0.154,19.0,26.39,7.0,9.72,0.482,0.092,27.07,12.54,16.03,28.57,22.56,21.84,29.0,0.296,9.0,31.03,2.0,6.9,0.752,0.11099999999999999,28.33,12.78,18.05,30.83,28.79,19.57,93.0,0.231,26.0,27.96,11.0,11.83,0.669,0.09,36.11,13.51,22.6,36.1,26.73,26.0
747111,2024-06-01,2024,680869,R,607481,L,strikeout,True,False,41.0,0.184,14.0,34.15,3.0,7.32,0.5329999999999999,0.10499999999999998,36.62,17.93,15.17,33.1,20.31,36.84,80.0,0.167,28.0,35.0,8.0,10.0,0.486,0.0689999999999999,40.48,21.25,11.56,32.81,27.92,34.57,55.0,0.306,11.0,20.0,4.0,7.27,0.717,0.04099999999999998,17.07,6.64,25.12,31.75,23.81,18.33,175.0,0.238,52.0,29.71,25.0,14.29,0.715,0.123,30.95,12.48,21.54,34.02,28.15,23.21
747111,2024-06-01,2024,621566,L,666204,R,double,False,False,159.0,0.232,44.0,27.67,18.0,11.32,0.7330000000000001,0.17400000000000002,28.95,14.12,11.27,25.39,27.03,17.99,540.0,0.294,115.0,21.3,90.0,16.67,1.061,0.351,27.51,12.57,12.32,24.89,25.66,14.92,33.0,0.192,4.0,12.12,7.0,21.21,0.8260000000000001,0.27,22.0,8.87,17.74,26.61,18.33,13.33,37.0,0.129,9.0,24.32,5.0,13.51,0.437,0.065,25.0,8.62,21.84,30.46,18.37,15.0
747111,2024-06-01,2024,645277,L,666204,R,field_out,False,False,156.0,0.257,26.0,16.67,15.0,9.62,0.706,0.10299999999999998,22.19,11.99,9.35,21.34,30.45,11.21,528.0,0.25,89.0,16.86,42.0,7.95,0.8029999999999999,0.235,20.84,11.11,9.82,20.92,33.45,13.94,33.0,0.192,4.0,12.12,7.0,21.21,0.8260000000000001,0.27,22.0,8.87,17.74,26.61,18.33,13.33,37.0,0.129,9.0,24.32,5.0,13.51,0.437,0.065,25.0,8.62,21.84,30.46,18.37,15.0
747111,2024-06-01,2024,518595,R,666204,R,field_out,False,False,108.0,0.234,26.0,24.07,10.0,9.26,0.7070000000000001,0.149,33.82,16.27,16.27,32.55,26.39,20.63,226.0,0.214,50.0,22.12,12.0,5.31,0.655,0.176,27.19,14.35,12.93,27.28,28.43,19.61,34.0,0.16,7.0,20.59,6.0,17.65,0.6839999999999999,0.19999999999999998,34.0,13.6,21.6,35.2,23.44,24.14,58.0,0.152,12.0,20.69,9.0,15.52,0.6339999999999999,0.1959999999999999,29.03,11.44,17.37,28.81,19.85,20.0
747111,2024-06-01,2024,594807,R,666204,R,strikeout,True,False,48.0,0.109,18.0,37.5,1.0,2.08,0.298,0.043,30.59,14.53,18.44,32.96,29.41,33.96,260.0,0.248,76.0,29.23,18.0,6.92,0.863,0.303,29.41,13.69,18.97,32.66,32.68,27.44,34.0,0.16,7.0,20.59,6.0,17.65,0.6839999999999999,0.19999999999999998,34.0,13.6,21.6,35.2,23.44,24.14,58.0,0.152,12.0,20.69,9.0,15.52,0.6339999999999999,0.1959999999999999,29.03,11.44,17.37,28.81,19.85,20.0
746384,2024-06-01,2024,622534,R,664285,L,field_out,False,False,58.0,0.269,8.0,13.79,5.0,8.62,0.6930000000000001,0.09599999999999997,19.82,9.44,14.59,24.03,31.01,12.5,99.0,0.277,22.0,22.22,3.0,3.03,0.665,0.0949999999999999,26.88,13.81,17.68,31.49,28.93,23.66,172.0,0.261,33.0,19.19,13.0,7.56,0.7010000000000001,0.118,25.7,11.77,16.77,28.55,27.01,18.64,666.0,0.23,155.0,23.27,43.0,6.46,0.645,0.1289999999999999,25.9,12.29,16.56,28.85,28.37,25.66
746384,2024-06-01,2024,621043,R,664285,L,field_out,False,False,40.0,0.243,8.0,20.0,3.0,7.5,0.732,0.189,18.92,8.48,17.58,26.06,21.59,17.39,136.0,0.248,19.0,13.97,17.0,12.5,0.782,0.188,21.1,9.54,17.18,26.72,26.2,13.01,172.0,0.261,33.0,19.19,13.0,7.56,0.7010000000000001,0.118,25.7,11.77,16.77,28.55,27.01,18.64,666.0,0.23,155.0,23.27,43.0,6.46,0.645,0.1289999999999999,25.9,12.29,16.56,28.85,28.37,25.66
746384,2024-06-01,2024,680777,R,664285,L,strikeout,True,False,61.0,0.25,18.0,29.51,3.0,4.92,0.865,0.30400000000000005,30.0,14.54,18.94,33.48,32.73,27.69,95.0,0.263,23.0,24.21,14.0,14.74,0.94,0.29,28.57,11.73,16.53,28.27,26.11,22.77,172.0,0.261,33.0,19.19,13.0,7.56,0.7010000000000001,0.118,25.7,11.77,16.77,28.55,27.01,18.64,666.0,0.23,155.0,23.27,43.0,6.46,0.645,0.1289999999999999,25.9,12.29,16.56,28.85,28.37,25.66
746384,2024-06-01,2024,514888,R,657746,R,field_out,False,False,183.0,0.304,33.0,18.03,11.0,6.01,0.83,0.176,19.01,9.53,17.3,26.83,36.39,16.58,297.0,0.322,55.0,18.52,32.0,10.77,0.941,0.218,19.43,8.47,19.0,27.48,31.81,17.74,134.0,0.233,35.0,26.12,5.0,3.73,0.7030000000000001,0.209,27.57,13.91,16.51,30.43,28.22,19.23,357.0,0.269,117.0,32.77,14.0,3.92,0.8300000000000001,0.261,30.56,16.38,13.59,29.97,33.29,22.75
746384,2024-06-01,2024,663656,L,657746,R,walk,False,True,161.0,0.282,26.0,16.15,29.0,18.01,1.038,0.34400000000000003,19.77,7.66,15.77,23.42,15.1,15.34,436.0,0.275,64.0,14.68,58.0,13.3,0.859,0.2139999999999999,20.38,9.45,11.83,21.29,21.87,13.5,128.0,0.195,38.0,29.69,4.0,3.12,0.495,0.07300000000000001,24.14,12.94,16.43,29.36,35.35,21.23,315.0,0.222,80.0,25.4,20.0,6.35,0.64,0.1389999999999999,22.74,12.88,14.0,26.88,32.64,17.86
746384,2024-06-01,2024,670541,L,657746,R,home_run,False,False,157.0,0.241,24.0,15.29,17.0,10.83,0.754,0.182,19.1,8.73,16.61,25.34,31.55,14.46,322.0,0.292,55.0,17.08,49.0,15.22,1.044,0.333,21.1,8.88,15.37,24.25,23.99,15.32,128.0,0.195,38.0,29.69,4.0,3.12,0.495,0.07300000000000001,24.14,12.94,16.43,29.36,35.35,21.23,315.0,0.222,80.0,25.4,20.0,6.35,0.64,0.1389999999999999,22.74,12.88,14.0,26.88,32.64,17.86
746384,2024-06-01,2024,608324,R,657746,R,field_out,False,False,158.0,0.246,26.0,16.46,14.0,8.86,0.74,0.184,14.08,6.35,19.22,25.57,23.08,14.21,508.0,0.282,67.0,13.19,65.0,12.8,0.8500000000000001,0.186,14.53,5.58,19.65,25.23,16.96,12.88,134.0,0.233,35.0,26.12,5.0,3.73,0.7030000000000001,0.209,27.57,13.91,16.51,30.43,28.22,19.23,357.0,0.269,117.0,32.77,14.0,3.92,0.8300000000000001,0.261,30.56,16.38,13.59,29.97,33.29,22.75
746384,2024-06-01,2024,665161,R,657746,R,single,False,False,168.0,0.288,30.0,17.86,7.0,4.17,0.698,0.07700000000000001,23.81,12.36,14.99,27.35,35.06,16.04,461.0,0.239,107.0,23.21,34.0,7.38,0.655,0.1089999999999999,30.36,15.5,13.92,29.42,35.52,20.7,134.0,0.233,35.0,26.12,5.0,3.73,0.7030000000000001,0.209,27.57,13.91,16.51,30.43,28.22,19.23,357.0,0.269,117.0,32.77,14.0,3.92,0.8300000000000001,0.261,30.56,16.38,13.59,29.97,33.29,22.75
746384,2024-06-01,2024,676694,R,657746,R,caught_stealing_2b,False,False,104.0,0.333,22.0,21.15,6.0,5.77,0.9,0.188,32.56,15.77,15.49,31.27,29.94,20.95,263.0,0.218,69.0,26.24,18.0,6.84,0.6459999999999999,0.146,25.89,12.2,16.27,28.47,24.49,21.12,134.0,0.233,35.0,26.12,5.0,3.73,0.7030000000000001,0.209,27.57,13.91,16.51,30.43,28.22,19.23,357.0,0.269,117.0,32.77,14.0,3.92,0.8300000000000001,0.261,30.56,16.38,13.59,29.97,33.29,22.75
746384,2024-06-01,2024,669304,R,664285,L,field_out,False,False,46.0,0.295,5.0,10.87,1.0,2.17,0.8029999999999999,0.182,15.91,8.38,11.98,20.36,33.72,10.87,32.0,0.226,6.0,18.75,1.0,3.12,0.573,0.097,29.85,17.54,10.53,28.07,44.44,20.0,172.0,0.261,33.0,19.19,13.0,7.56,0.7010000000000001,0.118,25.7,11.77,16.77,28.55,27.01,18.64,666.0,0.23,155.0,23.27,43.0,6.46,0.645,0.1289999999999999,25.9,12.29,16.56,28.85,28.37,25.66
746384,2024-06-01,2024,621439,R,664285,L,field_out,False,False,42.0,0.25,14.0,33.33,1.0,2.38,0.786,0.25,33.33,17.11,18.42,35.53,28.12,31.82,90.0,0.179,29.0,32.22,9.0,10.0,0.628,0.193,33.14,15.66,14.56,30.22,23.24,27.88,172.0,0.261,33.0,19.19,13.0,7.56,0.7010000000000001,0.118,25.7,11.77,16.77,28.55,27.01,18.64,666.0,0.23,155.0,23.27,43.0,6.46,0.645,0.1289999999999999,25.9,12.29,16.56,28.85,28.37,25.66
746384,2024-06-01,2024,650489,R,664285,L,field_out,False,False,51.0,0.396,12.0,23.53,3.0,5.88,0.9930000000000001,0.16600000000000004,28.3,15.38,14.36,29.74,34.07,21.43,129.0,0.237,26.0,20.16,11.0,8.53,0.636,0.079,27.27,14.12,14.71,28.82,33.85,15.03,172.0,0.261,33.0,19.19,13.0,7.56,0.7010000000000001,0.118,25.7,11.77,16.77,28.55,27.01,18.64,666.0,0.23,155.0,23.27,43.0,6.46,0.645,0.1289999999999999,25.9,12.29,16.56,28.85,28.37,25.66
746384,2024-06-01,2024,676694,R,657746,R,strikeout,True,False,104.0,0.333,22.0,21.15,6.0,5.77,0.9,0.188,32.56,15.77,15.49,31.27,29.94,20.95,263.0,0.218,69.0,26.24,18.0,6.84,0.6459999999999999,0.146,25.89,12.2,16.27,28.47,24.49,21.12,134.0,0.233,35.0,26.12,5.0,3.73,0.7030000000000001,0.209,27.57,13.91,16.51,30.43,28.22,19.23,357.0,0.269,117.0,32.77,14.0,3.92,0.8300000000000001,0.261,30.56,16.38,13.59,29.97,33.29,22.75
746384,2024-06-01,2024,643289,R,657746,R,field_out,False,False,85.0,0.3,7.0,8.24,3.0,3.53,0.7290000000000001,0.10000000000000003,15.19,8.54,12.81,21.35,40.72,9.09,375.0,0.263,58.0,15.47,13.0,3.47,0.6779999999999999,0.124,19.01,10.95,13.18,24.13,40.64,15.68,134.0,0.233,35.0,26.12,5.0,3.73,0.7030000000000001,0.209,27.57,13.91,16.51,30.43,28.22,19.23,357.0,0.269,117.0,32.77,14.0,3.92,0.8300000000000001,0.261,30.56,16.38,13.59,29.97,33.29,22.75
746384,2024-06-01,2024,547989,R,657746,R,home_run,False,False,60.0,0.123,19.0,31.67,1.0,1.67,0.273,0.0,34.43,17.8,19.07,36.86,35.14,23.46,416.0,0.238,94.0,22.6,27.0,6.49,0.653,0.119,29.38,14.86,16.49,31.35,37.27,18.69,134.0,0.233,35.0,26.12,5.0,3.73,0.7030000000000001,0.209,27.57,13.91,16.51,30.43,28.22,19.23,357.0,0.269,117.0,32.77,14.0,3.92,0.8300000000000001,0.261,30.56,16.38,13.59,29.97,33.29,22.75
746384,2024-06-01,2024,605170,L,657746,R,field_out,False,False,66.0,0.237,10.0,15.15,3.0,4.55,0.733,0.20400000000000001,19.42,9.17,17.43,26.61,24.51,20.83,168.0,0.262,33.0,19.64,15.0,8.93,0.745,0.1539999999999999,19.57,9.05,17.76,26.8,23.55,20.0,128.0,0.195,38.0,29.69,4.0,3.12,0.495,0.07300000000000001,24.14,12.94,16.43,29.36,35.35,21.23,315.0,0.222,80.0,25.4,20.0,6.35,0.64,0.1389999999999999,22.74,12.88,14.0,26.88,32.64,17.86
746384,2024-06-01,2024,571657,R,664285,L,field_out,False,False,49.0,0.163,11.0,22.45,5.0,10.2,0.498,0.07,21.95,9.47,21.05,30.53,29.67,20.75,128.0,0.289,27.0,21.09,10.0,7.81,0.782,0.141,24.78,11.45,20.65,32.11,31.62,18.88,172.0,0.261,33.0,19.19,13.0,7.56,0.7010000000000001,0.118,25.7,11.77,16.77,28.55,27.01,18.64,666.0,0.23,155.0,23.27,43.0,6.46,0.645,0.1289999999999999,25.9,12.29,16.56,28.85,28.37,25.66
746384,2024-06-01,2024,467793,R,664285,L,field_out,False,False,55.0,0.269,11.0,20.0,2.0,3.64,0.7769999999999999,0.21199999999999997,28.16,12.89,17.78,30.67,24.53,17.46,162.0,0.266,21.0,12.96,20.0,12.35,0.8069999999999999,0.187,16.6,6.97,17.43,24.41,22.49,13.04,172.0,0.261,33.0,19.19,13.0,7.56,0.7010000000000001,0.118,25.7,11.77,16.77,28.55,27.01,18.64,666.0,0.23,155.0,23.27,43.0,6.46,0.645,0.1289999999999999,25.9,12.29,16.56,28.85,28.37,25.66
746384,2024-06-01,2024,543877,R,664285,L,field_out,False,False,41.0,0.2,7.0,17.07,0.0,0.0,0.395,0.0,15.56,9.33,15.33,24.67,42.86,15.22,76.0,0.25,23.0,30.26,3.0,3.95,0.776,0.25,27.63,13.17,17.24,30.41,31.25,23.23,172.0,0.261,33.0,19.19,13.0,7.56,0.7010000000000001,0.118,25.7,11.77,16.77,28.55,27.01,18.64,666.0,0.23,155.0,23.27,43.0,6.46,0.645,0.1289999999999999,25.9,12.29,16.56,28.85,28.37,25.66
746384,2024-06-01,2024,514888,R,657746,R,field_out,False,False,183.0,0.304,33.0,18.03,11.0,6.01,0.83,0.176,19.01,9.53,17.3,26.83,36.39,16.58,297.0,0.322,55.0,18.52,32.0,10.77,0.941,0.218,19.43,8.47,19.0,27.48,31.81,17.74,134.0,0.233,35.0,26.12,5.0,3.73,0.7030000000000001,0.209,27.57,13.91,16.51,30.43,28.22,19.23,357.0,0.269,117.0,32.77,14.0,3.92,0.8300000000000001,0.261,30.56,16.38,13.59,29.97,33.29,22.75
746384,2024-06-01,2024,663656,L,657746,R,home_run,False,False,161.0,0.282,26.0,16.15,29.0,18.01,1.038,0.34400000000000003,19.77,7.66,15.77,23.42,15.1,15.34,436.0,0.275,64.0,14.68,58.0,13.3,0.859,0.2139999999999999,20.38,9.45,11.83,21.29,21.87,13.5,128.0,0.195,38.0,29.69,4.0,3.12,0.495,0.07300000000000001,24.14,12.94,16.43,29.36,35.35,21.23,315.0,0.222,80.0,25.4,20.0,6.35,0.64,0.1389999999999999,22.74,12.88,14.0,26.88,32.64,17.86
746384,2024-06-01,2024,670541,L,657746,R,walk,False,True,157.0,0.241,24.0,15.29,17.0,10.83,0.754,0.182,19.1,8.73,16.61,25.34,31.55,14.46,322.0,0.292,55.0,17.08,49.0,15.22,1.044,0.333,21.1,8.88,15.37,24.25,23.99,15.32,128.0,0.195,38.0,29.69,4.0,3.12,0.495,0.07300000000000001,24.14,12.94,16.43,29.36,35.35,21.23,315.0,0.222,80.0,25.4,20.0,6.35,0.64,0.1389999999999999,22.74,12.88,14.0,26.88,32.64,17.86
746384,2024-06-01,2024,608324,R,657746,R,double,False,False,158.0,0.246,26.0,16.46,14.0,8.86,0.74,0.184,14.08,6.35,19.22,25.57,23.08,14.21,508.0,0.282,67.0,13.19,65.0,12.8,0.8500000000000001,0.186,14.53,5.58,19.65,25.23,16.96,12.88,134.0,0.233,35.0,26.12,5.0,3.73,0.7030000000000001,0.209,27.57,13.91,16.51,30.43,28.22,19.23,357.0,0.269,117.0,32.77,14.0,3.92,0.8300000000000001,0.261,30.56,16.38,13.59,29.97,33.29,22.75
746384,2024-06-01,2024,665161,R,657746,R,strikeout,True,False,168.0,0.288,30.0,17.86,7.0,4.17,0.698,0.07700000000000001,23.81,12.36,14.99,27.35,35.06,16.04,461.0,0.239,107.0,23.21,34.0,7.38,0.655,0.1089999999999999,30.36,15.5,13.92,29.42,35.52,20.7,134.0,0.233,35.0,26.12,5.0,3.73,0.7030000000000001,0.209,27.57,13.91,16.51,30.43,28.22,19.23,357.0,0.269,117.0,32.77,14.0,3.92,0.8300000000000001,0.261,30.56,16.38,13.59,29.97,33.29,22.75
746384,2024-06-01,2024,676694,R,657746,R,field_out,False,False,104.0,0.333,22.0,21.15,6.0,5.77,0.9,0.188,32.56,15.77,15.49,31.27,29.94,20.95,263.0,0.218,69.0,26.24,18.0,6.84,0.6459999999999999,0.146,25.89,12.2,16.27,28.47,24.49,21.12,134.0,0.233,35.0,26.12,5.0,3.73,0.7030000000000001,0.209,27.57,13.91,16.51,30.43,28.22,19.23,357.0,0.269,117.0,32.77,14.0,3.92,0.8300000000000001,0.261,30.56,16.38,13.59,29.97,33.29,22.75
746384,2024-06-01,2024,622534,R,664285,L,walk,False,True,58.0,0.269,8.0,13.79,5.0,8.62,0.6930000000000001,0.09599999999999997,19.82,9.44,14.59,24.03,31.01,12.5,99.0,0.277,22.0,22.22,3.0,3.03,0.665,0.0949999999999999,26.88,13.81,17.68,31.49,28.93,23.66,172.0,0.261,33.0,19.19,13.0,7.56,0.7010000000000001,0.118,25.7,11.77,16.77,28.55,27.01,18.64,666.0,0.23,155.0,23.27,43.0,6.46,0.645,0.1289999999999999,25.9,12.29,16.56,28.85,28.37,25.66
746384,2024-06-01,2024,621043,R,664285,L,field_out,False,False,40.0,0.243,8.0,20.0,3.0,7.5,0.732,0.189,18.92,8.48,17.58,26.06,21.59,17.39,136.0,0.248,19.0,13.97,17.0,12.5,0.782,0.188,21.1,9.54,17.18,26.72,26.2,13.01,172.0,0.261,33.0,19.19,13.0,7.56,0.7010000000000001,0.118,25.7,11.77,16.77,28.55,27.01,18.64,666.0,0.23,155.0,23.27,43.0,6.46,0.645,0.1289999999999999,25.9,12.29,16.56,28.85,28.37,25.66
746384,2024-06-01,2024,680777,R,664285,L,grounded_into_double_play,False,False,61.0,0.25,18.0,29.51,3.0,4.92,0.865,0.30400000000000005,30.0,14.54,18.94,33.48,32.73,27.69,95.0,0.263,23.0,24.21,14.0,14.74,0.94,0.29,28.57,11.73,16.53,28.27,26.11,22.77,172.0,0.261,33.0,19.19,13.0,7.56,0.7010000000000001,0.118,25.7,11.77,16.77,28.55,27.01,18.64,666.0,0.23,155.0,23.27,43.0,6.46,0.645,0.1289999999999999,25.9,12.29,16.56,28.85,28.37,25.66
746384,2024-06-01,2024,643289,R,657746,R,field_out,False,False,85.0,0.3,7.0,8.24,3.0,3.53,0.7290000000000001,0.10000000000000003,15.19,8.54,12.81,21.35,40.72,9.09,375.0,0.263,58.0,15.47,13.0,3.47,0.6779999999999999,0.124,19.01,10.95,13.18,24.13,40.64,15.68,134.0,0.233,35.0,26.12,5.0,3.73,0.7030000000000001,0.209,27.57,13.91,16.51,30.43,28.22,19.23,357.0,0.269,117.0,32.77,14.0,3.92,0.8300000000000001,0.261,30.56,16.38,13.59,29.97,33.29,22.75
746384,2024-06-01,2024,547989,R,657746,R,strikeout,True,False,60.0,0.123,19.0,31.67,1.0,1.67,0.273,0.0,34.43,17.8,19.07,36.86,35.14,23.46,416.0,0.238,94.0,22.6,27.0,6.49,0.653,0.119,29.38,14.86,16.49,31.35,37.27,18.69,134.0,0.233,35.0,26.12,5.0,3.73,0.7030000000000001,0.209,27.57,13.91,16.51,30.43,28.22,19.23,357.0,0.269,117.0,32.77,14.0,3.92,0.8300000000000001,0.261,30.56,16.38,13.59,29.97,33.29,22.75
746384,2024-06-01,2024,605170,L,657746,R,field_out,False,False,66.0,0.237,10.0,15.15,3.0,4.55,0.733,0.20400000000000001,19.42,9.17,17.43,26.61,24.51,20.83,168.0,0.262,33.0,19.64,15.0,8.93,0.745,0.1539999999999999,19.57,9.05,17.76,26.8,23.55,20.0,128.0,0.195,38.0,29.69,4.0,3.12,0.495,0.07300000000000001,24.14,12.94,16.43,29.36,35.35,21.23,315.0,0.222,80.0,25.4,20.0,6.35,0.64,0.1389999999999999,22.74,12.88,14.0,26.88,32.64,17.86
746384,2024-06-01,2024,669304,R,664285,L,field_out,False,False,46.0,0.295,5.0,10.87,1.0,2.17,0.8029999999999999,0.182,15.91,8.38,11.98,20.36,33.72,10.87,32.0,0.226,6.0,18.75,1.0,3.12,0.573,0.097,29.85,17.54,10.53,28.07,44.44,20.0,172.0,0.261,33.0,19.19,13.0,7.56,0.7010000000000001,0.118,25.7,11.77,16.77,28.55,27.01,18.64,666.0,0.23,155.0,23.27,43.0,6.46,0.645,0.1289999999999999,25.9,12.29,16.56,28.85,28.37,25.66
746384,2024-06-01,2024,621439,R,664285,L,strikeout,True,False,42.0,0.25,14.0,33.33,1.0,2.38,0.786,0.25,33.33,17.11,18.42,35.53,28.12,31.82,90.0,0.179,29.0,32.22,9.0,10.0,0.628,0.193,33.14,15.66,14.56,30.22,23.24,27.88,172.0,0.261,33.0,19.19,13.0,7.56,0.7010000000000001,0.118,25.7,11.77,16.77,28.55,27.01,18.64,666.0,0.23,155.0,23.27,43.0,6.46,0.645,0.1289999999999999,25.9,12.29,16.56,28.85,28.37,25.66
746384,2024-06-01,2024,650489,R,664285,L,strikeout,True,False,51.0,0.396,12.0,23.53,3.0,5.88,0.9930000000000001,0.16600000000000004,28.3,15.38,14.36,29.74,34.07,21.43,129.0,0.237,26.0,20.16,11.0,8.53,0.636,0.079,27.27,14.12,14.71,28.82,33.85,15.03,172.0,0.261,33.0,19.19,13.0,7.56,0.7010000000000001,0.118,25.7,11.77,16.77,28.55,27.01,18.64,666.0,0.23,155.0,23.27,43.0,6.46,0.645,0.1289999999999999,25.9,12.29,16.56,28.85,28.37,25.66
746384,2024-06-01,2024,514888,R,657746,R,single,False,False,183.0,0.304,33.0,18.03,11.0,6.01,0.83,0.176,19.01,9.53,17.3,26.83,36.39,16.58,297.0,0.322,55.0,18.52,32.0,10.77,0.941,0.218,19.43,8.47,19.0,27.48,31.81,17.74,134.0,0.233,35.0,26.12,5.0,3.73,0.7030000000000001,0.209,27.57,13.91,16.51,30.43,28.22,19.23,357.0,0.269,117.0,32.77,14.0,3.92,0.8300000000000001,0.261,30.56,16.38,13.59,29.97,33.29,22.75
746384,2024-06-01,2024,663656,L,657746,R,field_out,False,False,161.0,0.282,26.0,16.15,29.0,18.01,1.038,0.34400000000000003,19.77,7.66,15.77,23.42,15.1,15.34,436.0,0.275,64.0,14.68,58.0,13.3,0.859,0.2139999999999999,20.38,9.45,11.83,21.29,21.87,13.5,128.0,0.195,38.0,29.69,4.0,3.12,0.495,0.07300000000000001,24.14,12.94,16.43,29.36,35.35,21.23,315.0,0.222,80.0,25.4,20.0,6.35,0.64,0.1389999999999999,22.74,12.88,14.0,26.88,32.64,17.86
746384,2024-06-01,2024,670541,L,657746,R,home_run,False,False,157.0,0.241,24.0,15.29,17.0,10.83,0.754,0.182,19.1,8.73,16.61,25.34,31.55,14.46,322.0,0.292,55.0,17.08,49.0,15.22,1.044,0.333,21.1,8.88,15.37,24.25,23.99,15.32,128.0,0.195,38.0,29.69,4.0,3.12,0.495,0.07300000000000001,24.14,12.94,16.43,29.36,35.35,21.23,315.0,0.222,80.0,25.4,20.0,6.35,0.64,0.1389999999999999,22.74,12.88,14.0,26.88,32.64,17.86
746384,2024-06-01,2024,608324,R,657746,R,single,False,False,158.0,0.246,26.0,16.46,14.0,8.86,0.74,0.184,14.08,6.35,19.22,25.57,23.08,14.21,508.0,0.282,67.0,13.19,65.0,12.8,0.8500000000000001,0.186,14.53,5.58,19.65,25.23,16.96,12.88,134.0,0.233,35.0,26.12,5.0,3.73,0.7030000000000001,0.209,27.57,13.91,16.51,30.43,28.22,19.23,357.0,0.269,117.0,32.77,14.0,3.92,0.8300000000000001,0.261,30.56,16.38,13.59,29.97,33.29,22.75
746384,2024-06-01,2024,665161,R,657746,R,strikeout,True,False,168.0,0.288,30.0,17.86,7.0,4.17,0.698,0.07700000000000001,23.81,12.36,14.99,27.35,35.06,16.04,461.0,0.239,107.0,23.21,34.0,7.38,0.655,0.1089999999999999,30.36,15.5,13.92,29.42,35.52,20.7,134.0,0.233,35.0,26.12,5.0,3.73,0.7030000000000001,0.209,27.57,13.91,16.51,30.43,28.22,19.23,357.0,0.269,117.0,32.77,14.0,3.92,0.8300000000000001,0.261,30.56,16.38,13.59,29.97,33.29,22.75
746384,2024-06-01,2024,571657,R,664285,L,hit_by_pitch,False,False,49.0,0.163,11.0,22.45,5.0,10.2,0.498,0.07,21.95,9.47,21.05,30.53,29.67,20.75,128.0,0.289,27.0,21.09,10.0,7.81,0.782,0.141,24.78,11.45,20.65,32.11,31.62,18.88,172.0,0.261,33.0,19.19,13.0,7.56,0.7010000000000001,0.118,25.7,11.77,16.77,28.55,27.01,18.64,666.0,0.23,155.0,23.27,43.0,6.46,0.645,0.1289999999999999,25.9,12.29,16.56,28.85,28.37,25.66
746384,2024-06-01,2024,467793,R,664285,L,grounded_into_double_play,False,False,55.0,0.269,11.0,20.0,2.0,3.64,0.7769999999999999,0.21199999999999997,28.16,12.89,17.78,30.67,24.53,17.46,162.0,0.266,21.0,12.96,20.0,12.35,0.8069999999999999,0.187,16.6,6.97,17.43,24.41,22.49,13.04,172.0,0.261,33.0,19.19,13.0,7.56,0.7010000000000001,0.118,25.7,11.77,16.77,28.55,27.01,18.64,666.0,0.23,155.0,23.27,43.0,6.46,0.645,0.1289999999999999,25.9,12.29,16.56,28.85,28.37,25.66
746384,2024-06-01,2024,543877,R,664285,L,strikeout,True,False,41.0,0.2,7.0,17.07,0.0,0.0,0.395,0.0,15.56,9.33,15.33,24.67,42.86,15.22,76.0,0.25,23.0,30.26,3.0,3.95,0.776,0.25,27.63,13.17,17.24,30.41,31.25,23.23,172.0,0.261,33.0,19.19,13.0,7.56,0.7010000000000001,0.118,25.7,11.77,16.77,28.55,27.01,18.64,666.0,0.23,155.0,23.27,43.0,6.46,0.645,0.1289999999999999,25.9,12.29,16.56,28.85,28.37,25.66
746384,2024-06-01,2024,676694,R,650895,R,field_out,False,False,104.0,0.333,22.0,21.15,6.0,5.77,0.9,0.188,32.56,15.77,15.49,31.27,29.94,20.95,263.0,0.218,69.0,26.24,18.0,6.84,0.6459999999999999,0.146,25.89,12.2,16.27,28.47,24.49,21.12,5.0,0.0,0.0,0.0,1.0,20.0,0.2,0.0,11.11,4.55,18.18,22.73,25.0,0.0,27.0,0.238,6.0,22.22,5.0,18.52,0.836,0.191,30.19,14.68,13.76,28.44,23.64,18.75
746384,2024-06-01,2024,643289,R,650895,R,single,False,False,85.0,0.3,7.0,8.24,3.0,3.53,0.7290000000000001,0.10000000000000003,15.19,8.54,12.81,21.35,40.72,9.09,375.0,0.263,58.0,15.47,13.0,3.47,0.6779999999999999,0.124,19.01,10.95,13.18,24.13,40.64,15.68,5.0,0.0,0.0,0.0,1.0,20.0,0.2,0.0,11.11,4.55,18.18,22.73,25.0,0.0,27.0,0.238,6.0,22.22,5.0,18.52,0.836,0.191,30.19,14.68,13.76,28.44,23.64,18.75
746384,2024-06-01,2024,547989,R,650895,R,grounded_into_double_play,False,False,60.0,0.123,19.0,31.67,1.0,1.67,0.273,0.0,34.43,17.8,19.07,36.86,35.14,23.46,416.0,0.238,94.0,22.6,27.0,6.49,0.653,0.119,29.38,14.86,16.49,31.35,37.27,18.69,5.0,0.0,0.0,0.0,1.0,20.0,0.2,0.0,11.11,4.55,18.18,22.73,25.0,0.0,27.0,0.238,6.0,22.22,5.0,18.52,0.836,0.191,30.19,14.68,13.76,28.44,23.64,18.75
746384,2024-06-01,2024,622534,R,664285,L,single,False,False,58.0,0.269,8.0,13.79,5.0,8.62,0.6930000000000001,0.09599999999999997,19.82,9.44,14.59,24.03,31.01,12.5,99.0,0.277,22.0,22.22,3.0,3.03,0.665,0.0949999999999999,26.88,13.81,17.68,31.49,28.93,23.66,172.0,0.261,33.0,19.19,13.0,7.56,0.7010000000000001,0.118,25.7,11.77,16.77,28.55,27.01,18.64,666.0,0.23,155.0,23.27,43.0,6.46,0.645,0.1289999999999999,25.9,12.29,16.56,28.85,28.37,25.66
746384,2024-06-01,2024,621043,R,664285,L,field_out,False,False,40.0,0.243,8.0,20.0,3.0,7.5,0.732,0.189,18.92,8.48,17.58,26.06,21.59,17.39,136.0,0.248,19.0,13.97,17.0,12.5,0.782,0.188,21.1,9.54,17.18,26.72,26.2,13.01,172.0,0.261,33.0,19.19,13.0,7.56,0.7010000000000001,0.118,25.7,11.77,16.77,28.55,27.01,18.64,666.0,0.23,155.0,23.27,43.0,6.46,0.645,0.1289999999999999,25.9,12.29,16.56,28.85,28.37,25.66
746384,2024-06-01,2024,680777,R,664285,L,field_out,False,False,61.0,0.25,18.0,29.51,3.0,4.92,0.865,0.30400000000000005,30.0,14.54,18.94,33.48,32.73,27.69,95.0,0.263,23.0,24.21,14.0,14.74,0.94,0.29,28.57,11.73,16.53,28.27,26.11,22.77,172.0,0.261,33.0,19.19,13.0,7.56,0.7010000000000001,0.118,25.7,11.77,16.77,28.55,27.01,18.64,666.0,0.23,155.0,23.27,43.0,6.46,0.645,0.1289999999999999,25.9,12.29,16.56,28.85,28.37,25.66
746384,2024-06-01,2024,669304,R,664285,L,single,False,False,46.0,0.295,5.0,10.87,1.0,2.17,0.8029999999999999,0.182,15.91,8.38,11.98,20.36,33.72,10.87,32.0,0.226,6.0,18.75,1.0,3.12,0.573,0.097,29.85,17.54,10.53,28.07,44.44,20.0,172.0,0.261,33.0,19.19,13.0,7.56,0.7010000000000001,0.118,25.7,11.77,16.77,28.55,27.01,18.64,666.0,0.23,155.0,23.27,43.0,6.46,0.645,0.1289999999999999,25.9,12.29,16.56,28.85,28.37,25.66
746384,2024-06-01,2024,621439,R,664285,L,walk,False,True,42.0,0.25,14.0,33.33,1.0,2.38,0.786,0.25,33.33,17.11,18.42,35.53,28.12,31.82,90.0,0.179,29.0,32.22,9.0,10.0,0.628,0.193,33.14,15.66,14.56,30.22,23.24,27.88,172.0,0.261,33.0,19.19,13.0,7.56,0.7010000000000001,0.118,25.7,11.77,16.77,28.55,27.01,18.64,666.0,0.23,155.0,23.27,43.0,6.46,0.645,0.1289999999999999,25.9,12.29,16.56,28.85,28.37,25.66
746384,2024-06-01,2024,650489,R,664285,L,force_out,False,False,51.0,0.396,12.0,23.53,3.0,5.88,0.9930000000000001,0.16600000000000004,28.3,15.38,14.36,29.74,34.07,21.43,129.0,0.237,26.0,20.16,11.0,8.53,0.636,0.079,27.27,14.12,14.71,28.82,33.85,15.03,172.0,0.261,33.0,19.19,13.0,7.56,0.7010000000000001,0.118,25.7,11.77,16.77,28.55,27.01,18.64,666.0,0.23,155.0,23.27,43.0,6.46,0.645,0.1289999999999999,25.9,12.29,16.56,28.85,28.37,25.66
746384,2024-06-01,2024,605170,L,650895,R,field_out,False,False,66.0,0.237,10.0,15.15,3.0,4.55,0.733,0.20400000000000001,19.42,9.17,17.43,26.61,24.51,20.83,168.0,0.262,33.0,19.64,15.0,8.93,0.745,0.1539999999999999,19.57,9.05,17.76,26.8,23.55,20.0,1.0,0.0,0.0,0.0,0.0,0.0,0.0,0.0,0.0,0.0,14.29,14.29,0.0,0.0,14.0,0.167,1.0,7.14,2.0,14.29,0.703,0.2499999999999999,20.69,11.32,9.43,20.75,24.0,7.14
746384,2024-06-01,2024,514888,R,650895,R,walk,False,True,183.0,0.304,33.0,18.03,11.0,6.01,0.83,0.176,19.01,9.53,17.3,26.83,36.39,16.58,297.0,0.322,55.0,18.52,32.0,10.77,0.941,0.218,19.43,8.47,19.0,27.48,31.81,17.74,5.0,0.0,0.0,0.0,1.0,20.0,0.2,0.0,11.11,4.55,18.18,22.73,25.0,0.0,27.0,0.238,6.0,22.22,5.0,18.52,0.836,0.191,30.19,14.68,13.76,28.44,23.64,18.75
746384,2024-06-01,2024,663656,L,650895,R,field_out,False,False,161.0,0.282,26.0,16.15,29.0,18.01,1.038,0.34400000000000003,19.77,7.66,15.77,23.42,15.1,15.34,436.0,0.275,64.0,14.68,58.0,13.3,0.859,0.2139999999999999,20.38,9.45,11.83,21.29,21.87,13.5,1.0,0.0,0.0,0.0,0.0,0.0,0.0,0.0,0.0,0.0,14.29,14.29,0.0,0.0,14.0,0.167,1.0,7.14,2.0,14.29,0.703,0.2499999999999999,20.69,11.32,9.43,20.75,24.0,7.14
746384,2024-06-01,2024,670541,L,650895,R,single,False,False,157.0,0.241,24.0,15.29,17.0,10.83,0.754,0.182,19.1,8.73,16.61,25.34,31.55,14.46,322.0,0.292,55.0,17.08,49.0,15.22,1.044,0.333,21.1,8.88,15.37,24.25,23.99,15.32,1.0,0.0,0.0,0.0,0.0,0.0,0.0,0.0,0.0,0.0,14.29,14.29,0.0,0.0,14.0,0.167,1.0,7.14,2.0,14.29,0.703,0.2499999999999999,20.69,11.32,9.43,20.75,24.0,7.14
746384,2024-06-01,2024,608324,R,650895,R,strikeout,True,False,158.0,0.246,26.0,16.46,14.0,8.86,0.74,0.184,14.08,6.35,19.22,25.57,23.08,14.21,508.0,0.282,67.0,13.19,65.0,12.8,0.8500000000000001,0.186,14.53,5.58,19.65,25.23,16.96,12.88,5.0,0.0,0.0,0.0,1.0,20.0,0.2,0.0,11.11,4.55,18.18,22.73,25.0,0.0,27.0,0.238,6.0,22.22,5.0,18.52,0.836,0.191,30.19,14.68,13.76,28.44,23.64,18.75
746384,2024-06-01,2024,666397,L,650556,R,single,False,False,167.0,0.201,54.0,32.34,21.0,12.57,0.6679999999999999,0.15999999999999998,31.01,11.61,21.63,33.24,15.16,27.14,360.0,0.274,112.0,31.11,62.0,17.22,0.898,0.2229999999999999,28.27,10.42,20.53,30.95,13.51,22.38,65.0,0.321,18.0,27.69,9.0,13.85,0.974,0.20700000000000002,30.63,13.39,15.75,29.13,22.46,26.47,145.0,0.185,50.0,34.48,20.0,13.79,0.611,0.118,37.97,16.01,17.43,33.44,22.96,29.94
746384,2024-06-01,2024,467793,L,650556,R,walk,False,True,148.0,0.188,24.0,16.22,17.0,11.49,0.633,0.14800000000000002,23.55,9.87,17.15,27.02,23.15,13.79,460.0,0.231,83.0,18.04,45.0,9.78,0.727,0.1899999999999999,23.76,11.0,14.32,25.31,24.63,16.21,65.0,0.321,18.0,27.69,9.0,13.85,0.974,0.20700000000000002,30.63,13.39,15.75,29.13,22.46,26.47,145.0,0.185,50.0,34.48,20.0,13.79,0.611,0.118,37.97,16.01,17.43,33.44,22.96,29.94
746384,2024-06-01,2024,543877,R,650556,R,grounded_into_double_play,False,False,75.0,0.145,22.0,29.33,2.0,2.67,0.381,0.058000000000000024,32.14,16.85,17.6,34.46,38.24,30.14,279.0,0.216,59.0,21.15,22.0,7.89,0.548,0.051,25.76,12.56,16.62,29.18,33.72,23.41,57.0,0.118,25.0,43.86,5.0,8.77,0.46599999999999997,0.137,40.19,17.99,17.99,35.98,28.93,35.21,143.0,0.171,50.0,34.97,11.0,7.69,0.51,0.1,41.52,19.59,17.04,36.63,32.11,25.64
746384,2024-06-01,2024,596146,L,650556,R,walk,False,True,118.0,0.267,19.0,16.1,10.0,8.47,0.79,0.19,20.6,10.04,12.97,23.01,23.46,12.5,394.0,0.263,84.0,21.32,37.0,9.39,0.8320000000000001,0.2339999999999999,19.92,9.32,15.49,24.81,24.75,18.14,65.0,0.321,18.0,27.69,9.0,13.85,0.974,0.20700000000000002,30.63,13.39,15.75,29.13,22.46,26.47,145.0,0.185,50.0,34.48,20.0,13.79,0.611,0.118,37.97,16.01,17.43,33.44,22.96,29.94
746384,2024-06-01,2024,621043,R,650556,R,single,False,False,123.0,0.264,25.0,20.33,15.0,12.2,0.8029999999999999,0.189,22.66,9.62,20.92,30.54,26.42,18.52,444.0,0.224,112.0,25.23,42.0,9.46,0.69,0.164,26.37,11.3,19.9,31.19,27.0,21.72,57.0,0.118,25.0,43.86,5.0,8.77,0.46599999999999997,0.137,40.19,17.99,17.99,35.98,28.93,35.21,143.0,0.171,50.0,34.97,11.0,7.69,0.51,0.1,41.52,19.59,17.04,36.63,32.11,25.64
746384,2024-06-01,2024,680777,R,650556,R,strikeout,True,False,139.0,0.259,29.0,20.86,12.0,8.63,0.903,0.28400000000000003,24.08,10.54,18.39,28.93,26.42,17.72,242.0,0.281,70.0,28.93,19.0,7.85,0.8280000000000001,0.186,29.53,13.79,18.6,32.39,32.19,21.28,57.0,0.118,25.0,43.86,5.0,8.77,0.46599999999999997,0.137,40.19,17.99,17.99,35.98,28.93,35.21,143.0,0.171,50.0,34.97,11.0,7.69,0.51,0.1,41.52,19.59,17.04,36.63,32.11,25.64
746384,2024-06-01,2024,665161,R,622251,R,field_out,False,False,168.0,0.288,30.0,17.86,7.0,4.17,0.698,0.07700000000000001,23.81,12.36,14.99,27.35,35.06,16.04,461.0,0.239,107.0,23.21,34.0,7.38,0.655,0.1089999999999999,30.36,15.5,13.92,29.42,35.52,20.7,17.0,0.214,2.0,11.76,3.0,17.65,0.567,0.0,30.3,13.7,20.55,34.25,22.22,6.67,52.0,0.22,14.0,26.92,10.0,19.23,0.69,0.097,30.53,13.62,13.15,26.76,26.67,25.0
746384,2024-06-01,2024,676694,R,622251,R,field_out,False,False,104.0,0.333,22.0,21.15,6.0,5.77,0.9,0.188,32.56,15.77,15.49,31.27,29.94,20.95,263.0,0.218,69.0,26.24,18.0,6.84,0.6459999999999999,0.146,25.89,12.2,16.27,28.47,24.49,21.12,17.0,0.214,2.0,11.76,3.0,17.65,0.567,0.0,30.3,13.7,20.55,34.25,22.22,6.67,52.0,0.22,14.0,26.92,10.0,19.23,0.69,0.097,30.53,13.62,13.15,26.76,26.67,25.0
746384,2024-06-01,2024,643289,R,622251,R,field_out,False,False,85.0,0.3,7.0,8.24,3.0,3.53,0.7290000000000001,0.10000000000000003,15.19,8.54,12.81,21.35,40.72,9.09,375.0,0.263,58.0,15.47,13.0,3.47,0.6779999999999999,0.124,19.01,10.95,13.18,24.13,40.64,15.68,17.0,0.214,2.0,11.76,3.0,17.65,0.567,0.0,30.3,13.7,20.55,34.25,22.22,6.67,52.0,0.22,14.0,26.92,10.0,19.23,0.69,0.097,30.53,13.62,13.15,26.76,26.67,25.0
746384,2024-06-01,2024,669304,R,623352,L,field_out,False,False,46.0,0.295,5.0,10.87,1.0,2.17,0.8029999999999999,0.182,15.91,8.38,11.98,20.36,33.72,10.87,32.0,0.226,6.0,18.75,1.0,3.12,0.573,0.097,29.85,17.54,10.53,28.07,44.44,20.0,83.0,0.227,31.0,37.35,8.0,9.64,0.661,0.13299999999999998,37.43,19.34,12.98,32.32,31.22,24.8,184.0,0.146,69.0,37.5,24.0,13.04,0.489,0.071,31.35,15.37,13.74,29.1,32.49,22.62
746384,2024-06-01,2024,621439,R,623352,L,field_out,False,False,42.0,0.25,14.0,33.33,1.0,2.38,0.786,0.25,33.33,17.11,18.42,35.53,28.12,31.82,90.0,0.179,29.0,32.22,9.0,10.0,0.628,0.193,33.14,15.66,14.56,30.22,23.24,27.88,83.0,0.227,31.0,37.35,8.0,9.64,0.661,0.13299999999999998,37.43,19.34,12.98,32.32,31.22,24.8,184.0,0.146,69.0,37.5,24.0,13.04,0.489,0.071,31.35,15.37,13.74,29.1,32.49,22.62
746384,2024-06-01,2024,650489,R,623352,L,strikeout,True,False,51.0,0.396,12.0,23.53,3.0,5.88,0.9930000000000001,0.16600000000000004,28.3,15.38,14.36,29.74,34.07,21.43,129.0,0.237,26.0,20.16,11.0,8.53,0.636,0.079,27.27,14.12,14.71,28.82,33.85,15.03,83.0,0.227,31.0,37.35,8.0,9.64,0.661,0.13299999999999998,37.43,19.34,12.98,32.32,31.22,24.8,184.0,0.146,69.0,37.5,24.0,13.04,0.489,0.071,31.35,15.37,13.74,29.1,32.49,22.62
746305,2024-06-01,2024,650333,L,679525,R,field_out,False,False,150.0,0.38,4.0,2.67,6.0,4.0,0.8879999999999999,0.09899999999999998,6.46,3.07,18.81,21.88,33.33,3.1,479.0,0.362,17.0,3.55,31.0,6.47,0.891,0.122,6.51,3.2,16.58,19.78,31.29,4.11,132.0,0.182,24.0,18.18,9.0,6.82,0.506,0.08200000000000002,20.0,10.08,15.02,25.1,28.23,16.11,164.0,0.28,41.0,25.0,26.0,15.85,0.968,0.281,28.16,12.62,15.32,27.94,28.5,19.62
746305,2024-06-01,2024,665487,R,679525,R,home_run,False,False,176.0,0.263,37.0,21.02,7.0,3.98,0.762,0.20400000000000001,26.99,14.84,11.8,26.64,32.88,25.0,489.0,0.244,114.0,23.31,37.0,7.57,0.728,0.181,31.62,17.66,8.94,26.61,34.25,23.98,70.0,0.262,19.0,27.14,5.0,7.14,0.8220000000000001,0.246,30.71,14.13,19.2,33.33,27.69,22.22,178.0,0.253,44.0,24.72,13.0,7.3,0.827,0.241,31.29,14.44,17.58,32.03,29.05,26.51
746305,2024-06-01,2024,595777,L,679525,R,field_out,False,False,163.0,0.336,25.0,15.34,22.0,13.5,0.925,0.15299999999999997,17.97,8.27,13.83,22.11,23.39,11.94,375.0,0.229,68.0,18.13,37.0,9.87,0.6559999999999999,0.1159999999999999,21.66,10.43,14.17,24.61,26.12,14.59,132.0,0.182,24.0,18.18,9.0,6.82,0.506,0.08200000000000002,20.0,10.08,15.02,25.1,28.23,16.11,164.0,0.28,41.0,25.0,26.0,15.85,0.968,0.281,28.16,12.62,15.32,27.94,28.5,19.62
746305,2024-06-01,2024,630105,L,679525,R,field_out,False,False,167.0,0.281,28.0,16.77,15.0,8.98,0.877,0.246,18.39,8.51,16.57,25.07,23.01,13.66,367.0,0.23,59.0,16.08,36.0,9.81,0.7,0.154,14.92,6.99,16.69,23.68,24.61,14.08,132.0,0.182,24.0,18.18,9.0,6.82,0.506,0.08200000000000002,20.0,10.08,15.02,25.1,28.23,16.11,164.0,0.28,41.0,25.0,26.0,15.85,0.968,0.281,28.16,12.62,15.32,27.94,28.5,19.62
746305,2024-06-01,2024,672580,R,681190,R,field_out,False,False,208.0,0.255,41.0,19.71,16.0,7.69,0.673,0.10699999999999998,20.29,8.75,21.17,29.91,20.79,17.9,400.0,0.258,94.0,23.5,33.0,8.25,0.648,0.071,20.3,8.71,19.59,28.3,19.12,19.96,66.0,0.306,10.0,15.15,3.0,4.55,0.833,0.194,21.32,10.7,15.5,26.2,23.39,10.64,86.0,0.216,23.0,26.74,10.0,11.63,0.637,0.095,19.88,9.34,17.58,26.92,34.01,18.11
746305,2024-06-01,2024,677951,R,681190,R,single,False,False,217.0,0.325,35.0,16.13,18.0,8.29,0.9390000000000001,0.23200000000000004,24.35,12.26,12.86,25.12,29.11,15.77,547.0,0.27,93.0,17.0,33.0,6.03,0.8,0.2149999999999999,22.15,10.87,15.53,26.4,29.62,14.44,66.0,0.306,10.0,15.15,3.0,4.55,0.833,0.194,21.32,10.7,15.5,26.2,23.39,10.64,86.0,0.216,23.0,26.74,10.0,11.63,0.637,0.095,19.88,9.34,17.58,26.92,34.01,18.11
746305,2024-06-01,2024,686469,L,681190,R,home_run,False,False,181.0,0.222,26.0,14.36,20.0,11.05,0.729,0.18999999999999997,13.37,5.98,16.58,22.55,28.0,12.94,188.0,0.251,23.0,12.23,15.0,7.98,0.784,0.217,14.85,7.02,17.48,24.5,34.8,10.0,34.0,0.469,3.0,8.82,1.0,2.94,1.2189999999999999,0.25,19.28,10.32,11.61,21.94,28.77,5.36,80.0,0.206,10.0,12.5,8.0,10.0,0.73,0.22,15.33,6.89,18.36,25.25,23.33,11.36
746305,2024-06-01,2024,521692,R,681190,R,field_out,False,False,175.0,0.323,27.0,15.43,11.0,6.29,0.929,0.22100000000000003,22.55,13.24,9.09,22.33,44.32,12.8,437.0,0.264,100.0,22.88,11.0,2.52,0.73,0.174,30.72,18.16,9.73,27.89,45.56,22.08,66.0,0.306,10.0,15.15,3.0,4.55,0.833,0.194,21.32,10.7,15.5,26.2,23.39,10.64,86.0,0.216,23.0,26.74,10.0,11.63,0.637,0.095,19.88,9.34,17.58,26.92,34.01,18.11
746305,2024-06-01,2024,676369,R,681190,R,field_out,False,False,125.0,0.214,36.0,28.8,6.0,4.8,0.692,0.222,37.27,16.98,16.56,33.54,28.03,24.83,125.0,0.257,36.0,28.8,9.0,7.2,0.966,0.389,35.34,17.89,12.6,30.49,29.12,21.95,66.0,0.306,10.0,15.15,3.0,4.55,0.833,0.194,21.32,10.7,15.5,26.2,23.39,10.64,86.0,0.216,23.0,26.74,10.0,11.63,0.637,0.095,19.88,9.34,17.58,26.92,34.01,18.11
746305,2024-06-01,2024,592518,R,679525,R,walk,False,True,163.0,0.269,36.0,22.09,6.0,3.68,0.661,0.09599999999999997,25.63,13.09,14.54,27.63,28.81,20.57,452.0,0.241,83.0,18.36,36.0,7.96,0.747,0.205,24.68,12.42,14.05,26.47,29.58,16.9,70.0,0.262,19.0,27.14,5.0,7.14,0.8220000000000001,0.246,30.71,14.13,19.2,33.33,27.69,22.22,178.0,0.253,44.0,24.72,13.0,7.3,0.827,0.241,31.29,14.44,17.58,32.03,29.05,26.51
746305,2024-06-01,2024,456781,R,679525,R,strikeout,True,False,15.0,0.417,2.0,13.33,1.0,6.67,1.033,0.08300000000000002,8.33,3.08,23.08,26.15,16.67,8.7,297.0,0.28,68.0,22.9,29.0,9.76,0.766,0.1059999999999999,26.06,12.14,17.61,29.74,28.81,17.48,70.0,0.262,19.0,27.14,5.0,7.14,0.8220000000000001,0.246,30.71,14.13,19.2,33.33,27.69,22.22,178.0,0.253,44.0,24.72,13.0,7.3,0.827,0.241,31.29,14.44,17.58,32.03,29.05,26.51
746305,2024-06-01,2024,701538,L,679525,R,strikeout,True,False,143.0,0.293,22.0,15.38,9.0,6.29,0.736,0.10500000000000004,17.14,9.23,14.04,23.27,36.54,13.17,,,,,,,,,,,,,,,132.0,0.182,24.0,18.18,9.0,6.82,0.506,0.08200000000000002,20.0,10.08,15.02,25.1,28.23,16.11,164.0,0.28,41.0,25.0,26.0,15.85,0.968,0.281,28.16,12.62,15.32,27.94,28.5,19.62
746305,2024-06-01,2024,679845,R,681190,R,strikeout,True,False,36.0,0.194,5.0,13.89,4.0,11.11,0.47200000000000003,0.0,23.53,9.84,20.49,30.33,26.56,14.71,44.0,0.279,7.0,15.91,1.0,2.27,0.667,0.0929999999999999,20.0,9.64,16.87,26.51,25.61,14.29,66.0,0.306,10.0,15.15,3.0,4.55,0.833,0.194,21.32,10.7,15.5,26.2,23.39,10.64,86.0,0.216,23.0,26.74,10.0,11.63,0.637,0.095,19.88,9.34,17.58,26.92,34.01,18.11
746305,2024-06-01,2024,669004,L,681190,R,field_out,False,False,145.0,0.173,38.0,26.21,11.0,7.59,0.617,0.203,29.56,15.11,12.38,27.49,28.0,17.51,459.0,0.239,122.0,26.58,55.0,11.98,0.752,0.181,32.7,15.24,15.56,30.8,24.84,20.68,34.0,0.469,3.0,8.82,1.0,2.94,1.2189999999999999,0.25,19.28,10.32,11.61,21.94,28.77,5.36,80.0,0.206,10.0,12.5,8.0,10.0,0.73,0.22,15.33,6.89,18.36,25.25,23.33,11.36
746305,2024-06-01,2024,666023,R,681190,R,strikeout,True,False,64.0,0.271,10.0,15.62,5.0,7.81,0.667,0.068,20.44,11.16,13.15,24.3,35.43,11.9,169.0,0.288,36.0,21.3,9.0,5.33,0.785,0.174,23.9,13.04,10.79,23.84,30.17,16.22,66.0,0.306,10.0,15.15,3.0,4.55,0.833,0.194,21.32,10.7,15.5,26.2,23.39,10.64,86.0,0.216,23.0,26.74,10.0,11.63,0.637,0.095,19.88,9.34,17.58,26.92,34.01,18.11
746305,2024-06-01,2024,673490,R,679525,R,triple,False,False,164.0,0.23,31.0,18.9,24.0,14.63,0.722,0.144,18.25,6.56,24.25,30.81,18.13,13.54,435.0,0.241,94.0,21.61,55.0,12.64,0.681,0.1,18.8,7.03,23.65,30.68,19.23,15.59,70.0,0.262,19.0,27.14,5.0,7.14,0.8220000000000001,0.246,30.71,14.13,19.2,33.33,27.69,22.22,178.0,0.253,44.0,24.72,13.0,7.3,0.827,0.241,31.29,14.44,17.58,32.03,29.05,26.51
746305,2024-06-01,2024,543309,R,679525,R,strikeout,True,False,26.0,0.154,11.0,42.31,0.0,0.0,0.385,0.07700000000000001,28.85,15.0,24.0,39.0,43.59,30.56,192.0,0.233,53.0,27.6,12.0,6.25,0.654,0.142,28.81,14.15,17.01,31.16,30.17,24.88,70.0,0.262,19.0,27.14,5.0,7.14,0.8220000000000001,0.246,30.71,14.13,19.2,33.33,27.69,22.22,178.0,0.253,44.0,24.72,13.0,7.3,0.827,0.241,31.29,14.44,17.58,32.03,29.05,26.51
746305,2024-06-01,2024,650333,L,679525,R,sac_fly,False,False,150.0,0.38,4.0,2.67,6.0,4.0,0.8879999999999999,0.09899999999999998,6.46,3.07,18.81,21.88,33.33,3.1,479.0,0.362,17.0,3.55,31.0,6.47,0.891,0.122,6.51,3.2,16.58,19.78,31.29,4.11,132.0,0.182,24.0,18.18,9.0,6.82,0.506,0.08200000000000002,20.0,10.08,15.02,25.1,28.23,16.11,164.0,0.28,41.0,25.0,26.0,15.85,0.968,0.281,28.16,12.62,15.32,27.94,28.5,19.62
746305,2024-06-01,2024,665487,R,679525,R,single,False,False,176.0,0.263,37.0,21.02,7.0,3.98,0.762,0.20400000000000001,26.99,14.84,11.8,26.64,32.88,25.0,489.0,0.244,114.0,23.31,37.0,7.57,0.728,0.181,31.62,17.66,8.94,26.61,34.25,23.98,70.0,0.262,19.0,27.14,5.0,7.14,0.8220000000000001,0.246,30.71,14.13,19.2,33.33,27.69,22.22,178.0,0.253,44.0,24.72,13.0,7.3,0.827,0.241,31.29,14.44,17.58,32.03,29.05,26.51
746305,2024-06-01,2024,595777,L,679525,R,force_out,False,False,163.0,0.336,25.0,15.34,22.0,13.5,0.925,0.15299999999999997,17.97,8.27,13.83,22.11,23.39,11.94,375.0,0.229,68.0,18.13,37.0,9.87,0.6559999999999999,0.1159999999999999,21.66,10.43,14.17,24.61,26.12,14.59,132.0,0.182,24.0,18.18,9.0,6.82,0.506,0.08200000000000002,20.0,10.08,15.02,25.1,28.23,16.11,164.0,0.28,41.0,25.0,26.0,15.85,0.968,0.281,28.16,12.62,15.32,27.94,28.5,19.62
746305,2024-06-01,2024,680118,R,681190,R,walk,False,True,37.0,0.188,10.0,27.03,2.0,5.41,0.445,0.0,31.34,15.11,14.39,29.5,34.21,20.83,97.0,0.264,16.0,16.49,6.0,6.19,0.756,0.173,25.15,12.46,15.65,28.12,25.62,16.33,66.0,0.306,10.0,15.15,3.0,4.55,0.833,0.194,21.32,10.7,15.5,26.2,23.39,10.64,86.0,0.216,23.0,26.74,10.0,11.63,0.637,0.095,19.88,9.34,17.58,26.92,34.01,18.11
746305,2024-06-01,2024,672580,R,681190,R,field_out,False,False,208.0,0.255,41.0,19.71,16.0,7.69,0.673,0.10699999999999998,20.29,8.75,21.17,29.91,20.79,17.9,400.0,0.258,94.0,23.5,33.0,8.25,0.648,0.071,20.3,8.71,19.59,28.3,19.12,19.96,66.0,0.306,10.0,15.15,3.0,4.55,0.833,0.194,21.32,10.7,15.5,26.2,23.39,10.64,86.0,0.216,23.0,26.74,10.0,11.63,0.637,0.095,19.88,9.34,17.58,26.92,34.01,18.11
746305,2024-06-01,2024,677951,R,681190,R,field_out,False,False,217.0,0.325,35.0,16.13,18.0,8.29,0.9390000000000001,0.23200000000000004,24.35,12.26,12.86,25.12,29.11,15.77,547.0,0.27,93.0,17.0,33.0,6.03,0.8,0.2149999999999999,22.15,10.87,15.53,26.4,29.62,14.44,66.0,0.306,10.0,15.15,3.0,4.55,0.833,0.194,21.32,10.7,15.5,26.2,23.39,10.64,86.0,0.216,23.0,26.74,10.0,11.63,0.637,0.095,19.88,9.34,17.58,26.92,34.01,18.11
746305,2024-06-01,2024,686469,L,681190,R,single,False,False,181.0,0.222,26.0,14.36,20.0,11.05,0.729,0.18999999999999997,13.37,5.98,16.58,22.55,28.0,12.94,188.0,0.251,23.0,12.23,15.0,7.98,0.784,0.217,14.85,7.02,17.48,24.5,34.8,10.0,34.0,0.469,3.0,8.82,1.0,2.94,1.2189999999999999,0.25,19.28,10.32,11.61,21.94,28.77,5.36,80.0,0.206,10.0,12.5,8.0,10.0,0.73,0.22,15.33,6.89,18.36,25.25,23.33,11.36
746305,2024-06-01,2024,521692,R,681190,R,field_out,False,False,175.0,0.323,27.0,15.43,11.0,6.29,0.929,0.22100000000000003,22.55,13.24,9.09,22.33,44.32,12.8,437.0,0.264,100.0,22.88,11.0,2.52,0.73,0.174,30.72,18.16,9.73,27.89,45.56,22.08,66.0,0.306,10.0,15.15,3.0,4.55,0.833,0.194,21.32,10.7,15.5,26.2,23.39,10.64,86.0,0.216,23.0,26.74,10.0,11.63,0.637,0.095,19.88,9.34,17.58,26.92,34.01,18.11
746305,2024-06-01,2024,630105,L,679525,R,field_out,False,False,167.0,0.281,28.0,16.77,15.0,8.98,0.877,0.246,18.39,8.51,16.57,25.07,23.01,13.66,367.0,0.23,59.0,16.08,36.0,9.81,0.7,0.154,14.92,6.99,16.69,23.68,24.61,14.08,132.0,0.182,24.0,18.18,9.0,6.82,0.506,0.08200000000000002,20.0,10.08,15.02,25.1,28.23,16.11,164.0,0.28,41.0,25.0,26.0,15.85,0.968,0.281,28.16,12.62,15.32,27.94,28.5,19.62
746305,2024-06-01,2024,592518,R,679525,R,walk,False,True,163.0,0.269,36.0,22.09,6.0,3.68,0.661,0.09599999999999997,25.63,13.09,14.54,27.63,28.81,20.57,452.0,0.241,83.0,18.36,36.0,7.96,0.747,0.205,24.68,12.42,14.05,26.47,29.58,16.9,70.0,0.262,19.0,27.14,5.0,7.14,0.8220000000000001,0.246,30.71,14.13,19.2,33.33,27.69,22.22,178.0,0.253,44.0,24.72,13.0,7.3,0.827,0.241,31.29,14.44,17.58,32.03,29.05,26.51
746305,2024-06-01,2024,456781,R,679525,R,single,False,False,15.0,0.417,2.0,13.33,1.0,6.67,1.033,0.08300000000000002,8.33,3.08,23.08,26.15,16.67,8.7,297.0,0.28,68.0,22.9,29.0,9.76,0.766,0.1059999999999999,26.06,12.14,17.61,29.74,28.81,17.48,70.0,0.262,19.0,27.14,5.0,7.14,0.8220000000000001,0.246,30.71,14.13,19.2,33.33,27.69,22.22,178.0,0.253,44.0,24.72,13.0,7.3,0.827,0.241,31.29,14.44,17.58,32.03,29.05,26.51
746305,2024-06-01,2024,701538,L,679525,R,single,False,False,143.0,0.293,22.0,15.38,9.0,6.29,0.736,0.10500000000000004,17.14,9.23,14.04,23.27,36.54,13.17,,,,,,,,,,,,,,,132.0,0.182,24.0,18.18,9.0,6.82,0.506,0.08200000000000002,20.0,10.08,15.02,25.1,28.23,16.11,164.0,0.28,41.0,25.0,26.0,15.85,0.968,0.281,28.16,12.62,15.32,27.94,28.5,19.62
746305,2024-06-01,2024,673490,R,679525,R,double,False,False,164.0,0.23,31.0,18.9,24.0,14.63,0.722,0.144,18.25,6.56,24.25,30.81,18.13,13.54,435.0,0.241,94.0,21.61,55.0,12.64,0.681,0.1,18.8,7.03,23.65,30.68,19.23,15.59,70.0,0.262,19.0,27.14,5.0,7.14,0.8220000000000001,0.246,30.71,14.13,19.2,33.33,27.69,22.22,178.0,0.253,44.0,24.72,13.0,7.3,0.827,0.241,31.29,14.44,17.58,32.03,29.05,26.51
746305,2024-06-01,2024,543309,R,679525,R,field_out,False,False,26.0,0.154,11.0,42.31,0.0,0.0,0.385,0.07700000000000001,28.85,15.0,24.0,39.0,43.59,30.56,192.0,0.233,53.0,27.6,12.0,6.25,0.654,0.142,28.81,14.15,17.01,31.16,30.17,24.88,70.0,0.262,19.0,27.14,5.0,7.14,0.8220000000000001,0.246,30.71,14.13,19.2,33.33,27.69,22.22,178.0,0.253,44.0,24.72,13.0,7.3,0.827,0.241,31.29,14.44,17.58,32.03,29.05,26.51
746305,2024-06-01,2024,650333,L,679525,R,field_out,False,False,150.0,0.38,4.0,2.67,6.0,4.0,0.8879999999999999,0.09899999999999998,6.46,3.07,18.81,21.88,33.33,3.1,479.0,0.362,17.0,3.55,31.0,6.47,0.891,0.122,6.51,3.2,16.58,19.78,31.29,4.11,132.0,0.182,24.0,18.18,9.0,6.82,0.506,0.08200000000000002,20.0,10.08,15.02,25.1,28.23,16.11,164.0,0.28,41.0,25.0,26.0,15.85,0.968,0.281,28.16,12.62,15.32,27.94,28.5,19.62
746305,2024-06-01,2024,676369,R,681190,R,strikeout,True,False,125.0,0.214,36.0,28.8,6.0,4.8,0.692,0.222,37.27,16.98,16.56,33.54,28.03,24.83,125.0,0.257,36.0,28.8,9.0,7.2,0.966,0.389,35.34,17.89,12.6,30.49,29.12,21.95,66.0,0.306,10.0,15.15,3.0,4.55,0.833,0.194,21.32,10.7,15.5,26.2,23.39,10.64,86.0,0.216,23.0,26.74,10.0,11.63,0.637,0.095,19.88,9.34,17.58,26.92,34.01,18.11
746305,2024-06-01,2024,679845,R,681190,R,single,False,False,36.0,0.194,5.0,13.89,4.0,11.11,0.47200000000000003,0.0,23.53,9.84,20.49,30.33,26.56,14.71,44.0,0.279,7.0,15.91,1.0,2.27,0.667,0.0929999999999999,20.0,9.64,16.87,26.51,25.61,14.29,66.0,0.306,10.0,15.15,3.0,4.55,0.833,0.194,21.32,10.7,15.5,26.2,23.39,10.64,86.0,0.216,23.0,26.74,10.0,11.63,0.637,0.095,19.88,9.34,17.58,26.92,34.01,18.11
746305,2024-06-01,2024,669004,L,681190,R,strikeout,True,False,145.0,0.173,38.0,26.21,11.0,7.59,0.617,0.203,29.56,15.11,12.38,27.49,28.0,17.51,459.0,0.239,122.0,26.58,55.0,11.98,0.752,0.181,32.7,15.24,15.56,30.8,24.84,20.68,34.0,0.469,3.0,8.82,1.0,2.94,1.2189999999999999,0.25,19.28,10.32,11.61,21.94,28.77,5.36,80.0,0.206,10.0,12.5,8.0,10.0,0.73,0.22,15.33,6.89,18.36,25.25,23.33,11.36
746305,2024-06-01,2024,666023,R,681190,R,field_out,False,False,64.0,0.271,10.0,15.62,5.0,7.81,0.667,0.068,20.44,11.16,13.15,24.3,35.43,11.9,169.0,0.288,36.0,21.3,9.0,5.33,0.785,0.174,23.9,13.04,10.79,23.84,30.17,16.22,66.0,0.306,10.0,15.15,3.0,4.55,0.833,0.194,21.32,10.7,15.5,26.2,23.39,10.64,86.0,0.216,23.0,26.74,10.0,11.63,0.637,0.095,19.88,9.34,17.58,26.92,34.01,18.11
746305,2024-06-01,2024,665487,R,679525,R,field_out,False,False,176.0,0.263,37.0,21.02,7.0,3.98,0.762,0.20400000000000001,26.99,14.84,11.8,26.64,32.88,25.0,489.0,0.244,114.0,23.31,37.0,7.57,0.728,0.181,31.62,17.66,8.94,26.61,34.25,23.98,70.0,0.262,19.0,27.14,5.0,7.14,0.8220000000000001,0.246,30.71,14.13,19.2,33.33,27.69,22.22,178.0,0.253,44.0,24.72,13.0,7.3,0.827,0.241,31.29,14.44,17.58,32.03,29.05,26.51
746305,2024-06-01,2024,595777,L,679525,R,hit_by_pitch,False,False,163.0,0.336,25.0,15.34,22.0,13.5,0.925,0.15299999999999997,17.97,8.27,13.83,22.11,23.39,11.94,375.0,0.229,68.0,18.13,37.0,9.87,0.6559999999999999,0.1159999999999999,21.66,10.43,14.17,24.61,26.12,14.59,132.0,0.182,24.0,18.18,9.0,6.82,0.506,0.08200000000000002,20.0,10.08,15.02,25.1,28.23,16.11,164.0,0.28,41.0,25.0,26.0,15.85,0.968,0.281,28.16,12.62,15.32,27.94,28.5,19.62
746305,2024-06-01,2024,630105,L,679525,R,double,False,False,167.0,0.281,28.0,16.77,15.0,8.98,0.877,0.246,18.39,8.51,16.57,25.07,23.01,13.66,367.0,0.23,59.0,16.08,36.0,9.81,0.7,0.154,14.92,6.99,16.69,23.68,24.61,14.08,132.0,0.182,24.0,18.18,9.0,6.82,0.506,0.08200000000000002,20.0,10.08,15.02,25.1,28.23,16.11,164.0,0.28,41.0,25.0,26.0,15.85,0.968,0.281,28.16,12.62,15.32,27.94,28.5,19.62
746305,2024-06-01,2024,592518,R,679525,R,intent_walk,False,True,163.0,0.269,36.0,22.09,6.0,3.68,0.661,0.09599999999999997,25.63,13.09,14.54,27.63,28.81,20.57,452.0,0.241,83.0,18.36,36.0,7.96,0.747,0.205,24.68,12.42,14.05,26.47,29.58,16.9,70.0,0.262,19.0,27.14,5.0,7.14,0.8220000000000001,0.246,30.71,14.13,19.2,33.33,27.69,22.22,178.0,0.253,44.0,24.72,13.0,7.3,0.827,0.241,31.29,14.44,17.58,32.03,29.05,26.51
746305,2024-06-01,2024,456781,R,679525,R,grounded_into_double_play,False,False,15.0,0.417,2.0,13.33,1.0,6.67,1.033,0.08300000000000002,8.33,3.08,23.08,26.15,16.67,8.7,297.0,0.28,68.0,22.9,29.0,9.76,0.766,0.1059999999999999,26.06,12.14,17.61,29.74,28.81,17.48,70.0,0.262,19.0,27.14,5.0,7.14,0.8220000000000001,0.246,30.71,14.13,19.2,33.33,27.69,22.22,178.0,0.253,44.0,24.72,13.0,7.3,0.827,0.241,31.29,14.44,17.58,32.03,29.05,26.51
746305,2024-06-01,2024,680118,R,681190,R,field_out,False,False,37.0,0.188,10.0,27.03,2.0,5.41,0.445,0.0,31.34,15.11,14.39,29.5,34.21,20.83,97.0,0.264,16.0,16.49,6.0,6.19,0.756,0.173,25.15,12.46,15.65,28.12,25.62,16.33,66.0,0.306,10.0,15.15,3.0,4.55,0.833,0.194,21.32,10.7,15.5,26.2,23.39,10.64,86.0,0.216,23.0,26.74,10.0,11.63,0.637,0.095,19.88,9.34,17.58,26.92,34.01,18.11
746305,2024-06-01,2024,672580,R,681190,R,field_out,False,False,208.0,0.255,41.0,19.71,16.0,7.69,0.673,0.10699999999999998,20.29,8.75,21.17,29.91,20.79,17.9,400.0,0.258,94.0,23.5,33.0,8.25,0.648,0.071,20.3,8.71,19.59,28.3,19.12,19.96,66.0,0.306,10.0,15.15,3.0,4.55,0.833,0.194,21.32,10.7,15.5,26.2,23.39,10.64,86.0,0.216,23.0,26.74,10.0,11.63,0.637,0.095,19.88,9.34,17.58,26.92,34.01,18.11
746305,2024-06-01,2024,677951,R,681190,R,strikeout,True,False,217.0,0.325,35.0,16.13,18.0,8.29,0.9390000000000001,0.23200000000000004,24.35,12.26,12.86,25.12,29.11,15.77,547.0,0.27,93.0,17.0,33.0,6.03,0.8,0.2149999999999999,22.15,10.87,15.53,26.4,29.62,14.44,66.0,0.306,10.0,15.15,3.0,4.55,0.833,0.194,21.32,10.7,15.5,26.2,23.39,10.64,86.0,0.216,23.0,26.74,10.0,11.63,0.637,0.095,19.88,9.34,17.58,26.92,34.01,18.11
746305,2024-06-01,2024,701538,L,519293,L,strikeout,True,False,48.0,0.244,5.0,10.42,2.0,4.17,0.515,0.0,20.0,10.56,16.15,26.71,28.99,12.2,,,,,,,,,,,,,,,25.0,0.174,6.0,24.0,1.0,4.0,0.41700000000000004,0.04300000000000001,32.56,13.86,21.78,35.64,32.08,23.08,66.0,0.177,19.0,28.79,4.0,6.06,0.453,0.049,34.85,17.97,15.23,33.2,37.14,21.95
746305,2024-06-01,2024,673490,R,519293,L,field_out,False,False,61.0,0.208,9.0,14.75,7.0,11.48,0.696,0.18800000000000003,15.09,6.35,19.84,26.19,19.44,12.0,191.0,0.302,30.0,15.71,20.0,10.47,0.897,0.219,15.84,6.63,22.21,28.83,23.47,11.49,55.0,0.348,5.0,9.09,7.0,12.73,0.9870000000000001,0.19500000000000006,20.73,8.95,14.74,23.68,22.83,13.51,161.0,0.224,36.0,22.36,13.0,8.07,0.683,0.171,26.4,12.8,16.48,29.28,32.28,20.34
746305,2024-06-01,2024,543309,R,519293,L,single,False,False,22.0,0.095,10.0,45.45,1.0,4.55,0.374,0.143,34.88,17.65,20.0,37.65,35.71,33.33,69.0,0.242,21.0,30.43,2.0,2.9,0.776,0.273,28.06,14.13,16.67,30.8,33.33,22.83,55.0,0.348,5.0,9.09,7.0,12.73,0.9870000000000001,0.19500000000000006,20.73,8.95,14.74,23.68,22.83,13.51,161.0,0.224,36.0,22.36,13.0,8.07,0.683,0.171,26.4,12.8,16.48,29.28,32.28,20.34
746305,2024-06-01,2024,650333,L,519293,L,field_out,False,False,106.0,0.286,11.0,10.38,5.0,4.72,0.656,0.030000000000000027,13.33,6.09,19.29,25.38,31.98,11.46,138.0,0.326,17.0,12.32,4.0,2.9,0.76,0.0909999999999999,12.5,6.61,16.32,22.93,33.48,12.88,25.0,0.174,6.0,24.0,1.0,4.0,0.41700000000000004,0.04300000000000001,32.56,13.86,21.78,35.64,32.08,23.08,66.0,0.177,19.0,28.79,4.0,6.06,0.453,0.049,34.85,17.97,15.23,33.2,37.14,21.95
746305,2024-06-01,2024,686469,L,670970,L,double,False,False,45.0,0.275,6.0,13.33,1.0,2.22,0.6890000000000001,0.125,20.24,9.6,19.21,28.81,33.33,10.91,72.0,0.233,8.0,11.11,10.0,13.89,0.697,0.1169999999999999,25.44,10.86,18.35,29.21,25.19,14.29,35.0,0.067,16.0,45.71,3.0,8.57,0.21,0.0,38.24,18.06,18.06,36.11,27.69,29.09,18.0,0.267,5.0,27.78,2.0,11.11,0.753,0.133,20.0,8.82,19.12,27.94,20.0,23.81
746305,2024-06-01,2024,521692,R,670970,L,field_out,False,False,57.0,0.314,10.0,17.54,5.0,8.77,0.876,0.176,31.53,18.13,10.88,29.02,48.39,19.61,146.0,0.227,35.0,23.97,8.0,5.48,0.6659999999999999,0.144,28.96,17.6,9.44,27.04,51.15,18.82,48.0,0.304,12.0,25.0,2.0,4.17,0.768,0.131,30.69,17.03,13.74,30.77,38.89,20.34,26.0,0.435,3.0,11.54,3.0,11.54,1.152,0.217,15.0,6.38,15.96,22.34,15.22,15.79
746305,2024-06-01,2024,676369,R,670970,L,field_out,False,False,55.0,0.234,16.0,29.09,7.0,12.73,0.707,0.12799999999999997,36.61,17.83,11.3,29.13,23.14,22.54,54.0,0.184,15.0,27.78,5.0,9.26,0.708,0.265,29.81,14.62,15.57,30.19,30.09,20.0,48.0,0.304,12.0,25.0,2.0,4.17,0.768,0.131,30.69,17.03,13.74,30.77,38.89,20.34,26.0,0.435,3.0,11.54,3.0,11.54,1.152,0.217,15.0,6.38,15.96,22.34,15.22,15.79
746305,2024-06-01,2024,679845,R,670970,L,field_out,False,False,13.0,0.364,2.0,15.38,2.0,15.38,0.8260000000000001,0.0,14.29,5.77,17.31,23.08,22.58,11.11,24.0,0.421,5.0,20.83,3.0,12.5,1.079,0.1579999999999999,24.32,10.71,14.29,25.0,18.18,26.32,48.0,0.304,12.0,25.0,2.0,4.17,0.768,0.131,30.69,17.03,13.74,30.77,38.89,20.34,26.0,0.435,3.0,11.54,3.0,11.54,1.152,0.217,15.0,6.38,15.96,22.34,15.22,15.79
746305,2024-06-01,2024,665487,R,608717,R,walk,False,True,176.0,0.263,37.0,21.02,7.0,3.98,0.762,0.20400000000000001,26.99,14.84,11.8,26.64,32.88,25.0,489.0,0.244,114.0,23.31,37.0,7.57,0.728,0.181,31.62,17.66,8.94,26.61,34.25,23.98,66.0,0.143,15.0,22.73,7.0,10.61,0.532,0.143,26.32,12.15,15.38,27.53,26.56,28.85,234.0,0.242,46.0,19.66,11.0,4.7,0.679,0.158,22.17,11.23,16.08,27.31,29.37,16.37
746305,2024-06-01,2024,595777,L,608717,R,strikeout,True,False,163.0,0.336,25.0,15.34,22.0,13.5,0.925,0.15299999999999997,17.97,8.27,13.83,22.11,23.39,11.94,375.0,0.229,68.0,18.13,37.0,9.87,0.6559999999999999,0.1159999999999999,21.66,10.43,14.17,24.61,26.12,14.59,38.0,0.31,7.0,18.42,9.0,23.68,0.784,0.0,20.63,7.78,17.96,25.75,23.33,16.28,104.0,0.191,35.0,33.65,14.0,13.46,0.59,0.1009999999999999,21.74,8.85,21.02,29.87,22.5,22.88
746305,2024-06-01,2024,630105,L,608717,R,force_out,False,False,167.0,0.281,28.0,16.77,15.0,8.98,0.877,0.246,18.39,8.51,16.57,25.07,23.01,13.66,367.0,0.23,59.0,16.08,36.0,9.81,0.7,0.154,14.92,6.99,16.69,23.68,24.61,14.08,38.0,0.31,7.0,18.42,9.0,23.68,0.784,0.0,20.63,7.78,17.96,25.75,23.33,16.28,104.0,0.191,35.0,33.65,14.0,13.46,0.59,0.1009999999999999,21.74,8.85,21.02,29.87,22.5,22.88
746305,2024-06-01,2024,592518,R,608717,R,field_out,False,False,163.0,0.269,36.0,22.09,6.0,3.68,0.661,0.09599999999999997,25.63,13.09,14.54,27.63,28.81,20.57,452.0,0.241,83.0,18.36,36.0,7.96,0.747,0.205,24.68,12.42,14.05,26.47,29.58,16.9,66.0,0.143,15.0,22.73,7.0,10.61,0.532,0.143,26.32,12.15,15.38,27.53,26.56,28.85,234.0,0.242,46.0,19.66,11.0,4.7,0.679,0.158,22.17,11.23,16.08,27.31,29.37,16.37
746305,2024-06-01,2024,641658,R,670970,L,strikeout,True,False,44.0,0.308,12.0,27.27,4.0,9.09,0.757,0.07700000000000001,24.69,12.05,12.65,24.7,21.79,27.27,82.0,0.264,22.0,26.83,9.0,10.98,0.707,0.0969999999999999,30.16,12.62,19.93,32.56,26.03,28.95,48.0,0.304,12.0,25.0,2.0,4.17,0.768,0.131,30.69,17.03,13.74,30.77,38.89,20.34,26.0,0.435,3.0,11.54,3.0,11.54,1.152,0.217,15.0,6.38,15.96,22.34,15.22,15.79
746305,2024-06-01,2024,666023,R,670970,L,double,False,False,34.0,0.344,6.0,17.65,2.0,5.88,0.851,0.125,28.36,14.96,14.96,29.92,28.07,14.29,66.0,0.262,14.0,21.21,4.0,6.06,0.777,0.197,25.18,13.78,11.42,25.2,29.37,17.28,48.0,0.304,12.0,25.0,2.0,4.17,0.768,0.131,30.69,17.03,13.74,30.77,38.89,20.34,26.0,0.435,3.0,11.54,3.0,11.54,1.152,0.217,15.0,6.38,15.96,22.34,15.22,15.79
746305,2024-06-01,2024,680118,R,670970,L,field_out,False,False,24.0,0.381,5.0,20.83,2.0,8.33,1.102,0.28600000000000003,24.0,12.37,17.53,29.9,33.33,13.89,42.0,0.243,17.0,40.48,4.0,9.52,0.819,0.243,37.65,19.28,12.65,31.93,35.79,32.08,48.0,0.304,12.0,25.0,2.0,4.17,0.768,0.131,30.69,17.03,13.74,30.77,38.89,20.34,26.0,0.435,3.0,11.54,3.0,11.54,1.152,0.217,15.0,6.38,15.96,22.34,15.22,15.79
746305,2024-06-01,2024,672580,R,669093,R,single,False,False,208.0,0.255,41.0,19.71,16.0,7.69,0.673,0.10699999999999998,20.29,8.75,21.17,29.91,20.79,17.9,400.0,0.258,94.0,23.5,33.0,8.25,0.648,0.071,20.3,8.71,19.59,28.3,19.12,19.96,34.0,0.133,14.0,41.18,3.0,8.82,0.439,0.1,34.85,16.31,14.18,30.5,27.54,33.33,34.0,0.308,9.0,26.47,7.0,20.59,1.21,0.461,27.4,12.99,12.34,25.32,24.05,17.65
746305,2024-06-01,2024,677951,R,669093,R,walk,False,True,217.0,0.325,35.0,16.13,18.0,8.29,0.9390000000000001,0.23200000000000004,24.35,12.26,12.86,25.12,29.11,15.77,547.0,0.27,93.0,17.0,33.0,6.03,0.8,0.2149999999999999,22.15,10.87,15.53,26.4,29.62,14.44,34.0,0.133,14.0,41.18,3.0,8.82,0.439,0.1,34.85,16.31,14.18,30.5,27.54,33.33,34.0,0.308,9.0,26.47,7.0,20.59,1.21,0.461,27.4,12.99,12.34,25.32,24.05,17.65
746305,2024-06-01,2024,686469,L,669093,R,strikeout,True,False,181.0,0.222,26.0,14.36,20.0,11.05,0.729,0.18999999999999997,13.37,5.98,16.58,22.55,28.0,12.94,188.0,0.251,23.0,12.23,15.0,7.98,0.784,0.217,14.85,7.02,17.48,24.5,34.8,10.0,21.0,0.0,13.0,61.9,0.0,0.0,0.0,0.0,39.13,21.18,16.47,37.65,37.84,41.94,22.0,0.235,4.0,18.18,5.0,22.73,0.762,0.118,19.51,9.09,13.64,22.73,23.08,12.9
746305,2024-06-01,2024,456781,R,669674,L,field_out,False,False,30.0,0.407,3.0,10.0,3.0,10.0,1.0230000000000001,0.14900000000000008,16.95,7.19,20.14,27.34,23.94,6.67,153.0,0.286,32.0,20.92,11.0,7.19,0.746,0.114,24.12,11.77,18.21,29.98,32.04,14.35,7.0,0.0,4.0,57.14,0.0,0.0,0.0,0.0,43.75,21.88,21.88,43.75,46.67,33.33,123.0,0.288,20.0,16.26,11.0,8.94,0.8,0.162,19.48,9.34,15.35,24.69,32.23,13.79
746305,2024-06-01,2024,701538,L,669674,L,field_out,False,False,48.0,0.244,5.0,10.42,2.0,4.17,0.515,0.0,20.0,10.56,16.15,26.71,28.99,12.2,,,,,,,,,,,,,,,4.0,0.0,0.0,0.0,0.0,0.0,0.0,0.0,14.29,6.67,13.33,20.0,16.67,0.0,76.0,0.27,12.0,15.79,10.0,13.16,0.786,0.1429999999999999,20.98,9.84,17.05,26.89,26.75,11.65
746305,2024-06-01,2024,673490,R,669674,L,field_out,False,False,61.0,0.208,9.0,14.75,7.0,11.48,0.696,0.18800000000000003,15.09,6.35,19.84,26.19,19.44,12.0,191.0,0.302,30.0,15.71,20.0,10.47,0.897,0.219,15.84,6.63,22.21,28.83,23.47,11.49,7.0,0.0,4.0,57.14,0.0,0.0,0.0,0.0,43.75,21.88,21.88,43.75,46.67,33.33,123.0,0.288,20.0,16.26,11.0,8.94,0.8,0.162,19.48,9.34,15.35,24.69,32.23,13.79
746305,2024-06-01,2024,521692,R,669093,R,field_error,False,False,175.0,0.323,27.0,15.43,11.0,6.29,0.929,0.22100000000000003,22.55,13.24,9.09,22.33,44.32,12.8,437.0,0.264,100.0,22.88,11.0,2.52,0.73,0.174,30.72,18.16,9.73,27.89,45.56,22.08,34.0,0.133,14.0,41.18,3.0,8.82,0.439,0.1,34.85,16.31,14.18,30.5,27.54,33.33,34.0,0.308,9.0,26.47,7.0,20.59,1.21,0.461,27.4,12.99,12.34,25.32,24.05,17.65
746305,2024-06-01,2024,676369,R,669093,R,strikeout,True,False,125.0,0.214,36.0,28.8,6.0,4.8,0.692,0.222,37.27,16.98,16.56,33.54,28.03,24.83,125.0,0.257,36.0,28.8,9.0,7.2,0.966,0.389,35.34,17.89,12.6,30.49,29.12,21.95,34.0,0.133,14.0,41.18,3.0,8.82,0.439,0.1,34.85,16.31,14.18,30.5,27.54,33.33,34.0,0.308,9.0,26.47,7.0,20.59,1.21,0.461,27.4,12.99,12.34,25.32,24.05,17.65
746305,2024-06-01,2024,679845,R,669093,R,field_out,False,False,36.0,0.194,5.0,13.89,4.0,11.11,0.47200000000000003,0.0,23.53,9.84,20.49,30.33,26.56,14.71,44.0,0.279,7.0,15.91,1.0,2.27,0.667,0.0929999999999999,20.0,9.64,16.87,26.51,25.61,14.29,34.0,0.133,14.0,41.18,3.0,8.82,0.439,0.1,34.85,16.31,14.18,30.5,27.54,33.33,34.0,0.308,9.0,26.47,7.0,20.59,1.21,0.461,27.4,12.99,12.34,25.32,24.05,17.65
746305,2024-06-01,2024,641658,R,669093,R,single,False,False,30.0,0.333,8.0,26.67,2.0,6.67,0.749,0.03699999999999998,16.95,8.4,20.17,28.57,26.0,18.18,170.0,0.282,45.0,26.47,14.0,8.24,0.74,0.107,24.75,10.81,20.44,31.26,25.39,22.06,34.0,0.133,14.0,41.18,3.0,8.82,0.439,0.1,34.85,16.31,14.18,30.5,27.54,33.33,34.0,0.308,9.0,26.47,7.0,20.59,1.21,0.461,27.4,12.99,12.34,25.32,24.05,17.65
746305,2024-06-01,2024,666023,R,593974,L,field_out,False,False,34.0,0.344,6.0,17.65,2.0,5.88,0.851,0.125,28.36,14.96,14.96,29.92,28.07,14.29,66.0,0.262,14.0,21.21,4.0,6.06,0.777,0.197,25.18,13.78,11.42,25.2,29.37,17.28,63.0,0.193,7.0,11.11,4.0,6.35,0.5700000000000001,0.123,17.12,8.12,13.68,21.79,29.23,11.86,130.0,0.229,27.0,20.77,20.0,15.38,0.758,0.175,32.0,14.15,13.75,27.9,29.08,20.3
746305,2024-06-01,2024,543309,R,623433,R,home_run,False,False,26.0,0.154,11.0,42.31,0.0,0.0,0.385,0.07700000000000001,28.85,15.0,24.0,39.0,43.59,30.56,192.0,0.233,53.0,27.6,12.0,6.25,0.654,0.142,28.81,14.15,17.01,31.16,30.17,24.88,52.0,0.311,10.0,19.23,6.0,11.54,0.915,0.2,16.85,7.32,21.95,29.27,22.73,14.93,85.0,0.297,19.0,22.35,8.0,9.41,0.847,0.189,24.16,10.62,20.94,31.56,23.42,18.63
746305,2024-06-01,2024,650333,L,623433,R,single,False,False,150.0,0.38,4.0,2.67,6.0,4.0,0.8879999999999999,0.09899999999999998,6.46,3.07,18.81,21.88,33.33,3.1,479.0,0.362,17.0,3.55,31.0,6.47,0.891,0.122,6.51,3.2,16.58,19.78,31.29,4.11,42.0,0.25,3.0,7.14,6.0,14.29,0.718,0.11099999999999999,22.95,9.59,16.44,26.03,20.51,10.71,58.0,0.14,17.0,29.31,1.0,1.72,0.366,0.0709999999999999,32.46,17.7,20.1,37.8,39.36,23.61
746305,2024-06-01,2024,665487,R,623433,R,single,False,False,176.0,0.263,37.0,21.02,7.0,3.98,0.762,0.20400000000000001,26.99,14.84,11.8,26.64,32.88,25.0,489.0,0.244,114.0,23.31,37.0,7.57,0.728,0.181,31.62,17.66,8.94,26.61,34.25,23.98,52.0,0.311,10.0,19.23,6.0,11.54,0.915,0.2,16.85,7.32,21.95,29.27,22.73,14.93,85.0,0.297,19.0,22.35,8.0,9.41,0.847,0.189,24.16,10.62,20.94,31.56,23.42,18.63
746305,2024-06-01,2024,595777,L,623433,R,sac_fly,False,False,163.0,0.336,25.0,15.34,22.0,13.5,0.925,0.15299999999999997,17.97,8.27,13.83,22.11,23.39,11.94,375.0,0.229,68.0,18.13,37.0,9.87,0.6559999999999999,0.1159999999999999,21.66,10.43,14.17,24.61,26.12,14.59,42.0,0.25,3.0,7.14,6.0,14.29,0.718,0.11099999999999999,22.95,9.59,16.44,26.03,20.51,10.71,58.0,0.14,17.0,29.31,1.0,1.72,0.366,0.0709999999999999,32.46,17.7,20.1,37.8,39.36,23.61
746305,2024-06-01,2024,630105,L,623433,R,grounded_into_double_play,False,False,167.0,0.281,28.0,16.77,15.0,8.98,0.877,0.246,18.39,8.51,16.57,25.07,23.01,13.66,367.0,0.23,59.0,16.08,36.0,9.81,0.7,0.154,14.92,6.99,16.69,23.68,24.61,14.08,42.0,0.25,3.0,7.14,6.0,14.29,0.718,0.11099999999999999,22.95,9.59,16.44,26.03,20.51,10.71,58.0,0.14,17.0,29.31,1.0,1.72,0.366,0.0709999999999999,32.46,17.7,20.1,37.8,39.36,23.61
746305,2024-06-01,2024,624428,L,663158,R,walk,False,True,112.0,0.204,19.0,16.96,12.0,10.71,0.5800000000000001,0.07200000000000004,17.62,7.97,18.32,26.29,25.22,12.58,392.0,0.248,60.0,15.31,26.0,6.63,0.7090000000000001,0.158,19.43,9.43,17.73,27.16,29.49,14.18,35.0,0.129,10.0,28.57,4.0,11.43,0.552,0.194,24.72,14.01,9.55,23.57,26.87,18.87,46.0,0.146,9.0,19.57,4.0,8.7,0.534,0.171,28.57,13.79,14.78,28.57,26.88,12.68
746305,2024-06-01,2024,672580,R,663158,R,field_out,False,False,208.0,0.255,41.0,19.71,16.0,7.69,0.673,0.10699999999999998,20.29,8.75,21.17,29.91,20.79,17.9,400.0,0.258,94.0,23.5,33.0,8.25,0.648,0.071,20.3,8.71,19.59,28.3,19.12,19.96,50.0,0.163,12.0,24.0,1.0,2.0,0.384,0.04099999999999998,22.68,13.33,13.33,26.67,33.85,26.09,62.0,0.161,15.0,24.19,6.0,9.68,0.528,0.1249999999999999,24.39,11.86,15.81,27.67,25.62,18.75
746305,2024-06-01,2024,677951,R,663158,R,field_out,False,False,217.0,0.325,35.0,16.13,18.0,8.29,0.9390000000000001,0.23200000000000004,24.35,12.26,12.86,25.12,29.11,15.77,547.0,0.27,93.0,17.0,33.0,6.03,0.8,0.2149999999999999,22.15,10.87,15.53,26.4,29.62,14.44,50.0,0.163,12.0,24.0,1.0,2.0,0.384,0.04099999999999998,22.68,13.33,13.33,26.67,33.85,26.09,62.0,0.161,15.0,24.19,6.0,9.68,0.528,0.1249999999999999,24.39,11.86,15.81,27.67,25.62,18.75
746305,2024-06-01,2024,686469,L,663158,R,field_out,False,False,181.0,0.222,26.0,14.36,20.0,11.05,0.729,0.18999999999999997,13.37,5.98,16.58,22.55,28.0,12.94,188.0,0.251,23.0,12.23,15.0,7.98,0.784,0.217,14.85,7.02,17.48,24.5,34.8,10.0,35.0,0.129,10.0,28.57,4.0,11.43,0.552,0.194,24.72,14.01,9.55,23.57,26.87,18.87,46.0,0.146,9.0,19.57,4.0,8.7,0.534,0.171,28.57,13.79,14.78,28.57,26.88,12.68
745812,2024-06-01,2024,606466,R,640455,L,field_out,False,False,89.0,0.301,9.0,10.11,5.0,5.62,0.987,0.338,19.51,10.92,10.58,21.5,34.81,11.39,199.0,0.313,24.0,12.06,17.0,8.54,0.879,0.184,19.78,9.92,12.91,22.83,31.78,12.7,185.0,0.222,39.0,21.08,19.0,10.27,0.623,0.093,25.19,12.52,13.16,25.68,27.81,16.53,328.0,0.253,79.0,24.09,28.0,8.54,0.773,0.193,24.72,12.91,14.09,27.0,27.61,17.17
745812,2024-06-01,2024,682998,L,640455,L,field_out,False,False,80.0,0.219,16.0,20.0,4.0,5.0,0.563,0.06899999999999998,22.07,10.32,19.03,29.35,33.54,17.58,174.0,0.283,20.0,11.49,11.0,6.32,0.7210000000000001,0.099,19.57,8.84,18.17,27.0,25.0,14.71,32.0,0.276,8.0,25.0,3.0,9.38,0.758,0.13799999999999996,24.62,11.11,16.67,27.78,24.24,17.39,172.0,0.2,49.0,28.49,14.0,8.14,0.5700000000000001,0.0969999999999999,22.78,10.21,19.15,29.36,25.81,20.08
745812,2024-06-01,2024,545341,R,640455,L,single,False,False,63.0,0.298,7.0,11.11,3.0,4.76,0.7190000000000001,0.08800000000000002,16.67,7.86,17.47,25.33,29.82,12.96,134.0,0.328,17.0,12.69,12.0,8.96,0.995,0.2789999999999999,21.25,10.26,14.29,24.55,32.84,12.78,185.0,0.222,39.0,21.08,19.0,10.27,0.623,0.093,25.19,12.52,13.16,25.68,27.81,16.53,328.0,0.253,79.0,24.09,28.0,8.54,0.773,0.193,24.72,12.91,14.09,27.0,27.61,17.17
745812,2024-06-01,2024,572233,R,640455,L,strikeout,True,False,65.0,0.293,18.0,27.69,6.0,9.23,0.7849999999999999,0.138,32.56,15.16,16.61,31.77,24.26,19.57,168.0,0.255,32.0,19.05,20.0,11.9,0.922,0.3189999999999999,27.22,12.57,12.85,25.42,24.16,14.55,185.0,0.222,39.0,21.08,19.0,10.27,0.623,0.093,25.19,12.52,13.16,25.68,27.81,16.53,328.0,0.253,79.0,24.09,28.0,8.54,0.773,0.193,24.72,12.91,14.09,27.0,27.61,17.17
745812,2024-06-01,2024,596019,L,677944,R,single,False,False,203.0,0.225,40.0,19.7,15.0,7.39,0.6819999999999999,0.165,24.48,12.04,14.85,26.89,25.34,17.62,483.0,0.242,102.0,21.12,51.0,10.56,0.757,0.182,23.68,11.49,14.35,25.84,28.12,17.29,71.0,0.231,8.0,11.27,4.0,5.63,0.774,0.261,18.9,9.6,13.6,23.2,24.79,12.9,56.0,0.245,8.0,14.29,2.0,3.57,0.74,0.2269999999999999,14.55,7.77,12.14,19.9,24.21,13.79
745812,2024-06-01,2024,624413,R,677944,R,double,False,False,188.0,0.244,34.0,18.09,16.0,8.51,0.774,0.21400000000000002,21.14,9.46,19.63,29.1,28.86,17.37,475.0,0.214,109.0,22.95,44.0,9.26,0.8069999999999999,0.281,26.53,11.43,18.24,29.67,27.59,22.11,60.0,0.2,14.0,23.33,4.0,6.67,0.667,0.2,20.2,8.66,20.78,29.44,17.53,21.21,55.0,0.275,12.0,21.82,2.0,3.64,0.798,0.1959999999999999,22.83,9.91,17.92,27.83,16.35,19.05
745812,2024-06-01,2024,607043,L,677944,R,strikeout,True,False,180.0,0.21,46.0,25.56,32.0,17.78,0.729,0.154,24.63,10.13,16.61,26.74,20.48,17.16,448.0,0.266,98.0,21.88,60.0,13.39,0.874,0.235,20.87,8.67,19.47,28.14,19.23,16.42,71.0,0.231,8.0,11.27,4.0,5.63,0.774,0.261,18.9,9.6,13.6,23.2,24.79,12.9,56.0,0.245,8.0,14.29,2.0,3.57,0.74,0.2269999999999999,14.55,7.77,12.14,19.9,24.21,13.79
745812,2024-06-01,2024,502110,R,677944,R,field_out,False,False,89.0,0.25,31.0,34.83,4.0,4.49,0.701,0.16699999999999998,33.0,18.54,12.08,30.62,37.16,23.48,343.0,0.27,106.0,30.9,21.0,6.12,0.8799999999999999,0.2979999999999999,35.71,19.2,12.73,31.93,33.23,24.42,60.0,0.2,14.0,23.33,4.0,6.67,0.667,0.2,20.2,8.66,20.78,29.44,17.53,21.21,55.0,0.275,12.0,21.82,2.0,3.64,0.798,0.1959999999999999,22.83,9.91,17.92,27.83,16.35,19.05
745812,2024-06-01,2024,553993,R,640455,L,field_out,False,False,61.0,0.25,21.0,34.43,7.0,11.48,0.671,0.07700000000000001,31.0,12.4,20.4,32.8,21.26,30.88,158.0,0.252,53.0,33.54,22.0,13.92,0.743,0.13,34.48,14.75,15.49,30.24,22.05,25.0,185.0,0.222,39.0,21.08,19.0,10.27,0.623,0.093,25.19,12.52,13.16,25.68,27.81,16.53,328.0,0.253,79.0,24.09,28.0,8.54,0.773,0.193,24.72,12.91,14.09,27.0,27.61,17.17
745812,2024-06-01,2024,672515,R,640455,L,strikeout,True,False,59.0,0.204,7.0,11.86,5.0,8.47,0.512,0.037000000000000005,15.57,7.12,19.1,26.22,28.68,7.87,116.0,0.352,32.0,27.59,5.0,4.31,0.899,0.176,20.55,9.15,21.54,30.69,27.88,22.38,185.0,0.222,39.0,21.08,19.0,10.27,0.623,0.093,25.19,12.52,13.16,25.68,27.81,16.53,328.0,0.253,79.0,24.09,28.0,8.54,0.773,0.193,24.72,12.91,14.09,27.0,27.61,17.17
745812,2024-06-01,2024,677942,R,640455,L,strikeout,True,False,54.0,0.333,14.0,25.93,6.0,11.11,0.9279999999999999,0.188,22.22,10.96,12.33,23.29,18.18,18.67,,,,,,,,,,,,,,,185.0,0.222,39.0,21.08,19.0,10.27,0.623,0.093,25.19,12.52,13.16,25.68,27.81,16.53,328.0,0.253,79.0,24.09,28.0,8.54,0.773,0.193,24.72,12.91,14.09,27.0,27.61,17.17
745812,2024-06-01,2024,516782,R,677944,R,field_out,False,False,161.0,0.267,36.0,22.36,8.0,4.97,0.6990000000000001,0.126,28.28,14.19,18.34,32.53,31.39,22.5,245.0,0.238,51.0,20.82,11.0,4.49,0.611,0.079,28.63,15.5,14.75,30.25,37.87,18.35,60.0,0.2,14.0,23.33,4.0,6.67,0.667,0.2,20.2,8.66,20.78,29.44,17.53,21.21,55.0,0.275,12.0,21.82,2.0,3.64,0.798,0.1959999999999999,22.83,9.91,17.92,27.83,16.35,19.05
745812,2024-06-01,2024,668901,R,677944,R,strikeout,True,False,25.0,0.217,5.0,20.0,2.0,8.0,0.628,0.13099999999999998,37.21,18.6,16.28,34.88,34.88,25.0,145.0,0.209,41.0,28.28,8.0,5.52,0.643,0.172,34.08,18.24,17.03,35.27,36.73,29.93,60.0,0.2,14.0,23.33,4.0,6.67,0.667,0.2,20.2,8.66,20.78,29.44,17.53,21.21,55.0,0.275,12.0,21.82,2.0,3.64,0.798,0.1959999999999999,22.83,9.91,17.92,27.83,16.35,19.05
745812,2024-06-01,2024,643446,L,677944,R,field_out,False,False,149.0,0.212,17.0,11.41,14.0,9.4,0.615,0.10600000000000001,13.01,6.76,13.71,20.46,28.51,12.5,447.0,0.26,48.0,10.74,25.0,5.59,0.6930000000000001,0.1149999999999999,14.08,7.59,11.21,18.8,32.05,12.57,71.0,0.231,8.0,11.27,4.0,5.63,0.774,0.261,18.9,9.6,13.6,23.2,24.79,12.9,56.0,0.245,8.0,14.29,2.0,3.57,0.74,0.2269999999999999,14.55,7.77,12.14,19.9,24.21,13.79
745812,2024-06-01,2024,664983,L,640455,L,single,False,False,24.0,0.429,2.0,8.33,3.0,12.5,0.976,0.046999999999999986,16.28,7.07,20.2,27.27,19.57,3.33,82.0,0.206,11.0,13.41,9.0,10.98,0.649,0.118,24.22,10.62,16.1,26.71,27.5,14.67,32.0,0.276,8.0,25.0,3.0,9.38,0.758,0.13799999999999996,24.62,11.11,16.67,27.78,24.24,17.39,172.0,0.2,49.0,28.49,14.0,8.14,0.5700000000000001,0.0969999999999999,22.78,10.21,19.15,29.36,25.81,20.08
745812,2024-06-01,2024,621028,R,640455,L,walk,False,True,49.0,0.245,5.0,10.2,0.0,0.0,0.653,0.16299999999999998,9.28,5.26,14.62,19.88,37.04,10.42,110.0,0.278,16.0,14.55,10.0,9.09,0.813,0.186,14.21,6.42,19.26,25.68,27.4,13.79,185.0,0.222,39.0,21.08,19.0,10.27,0.623,0.093,25.19,12.52,13.16,25.68,27.81,16.53,328.0,0.253,79.0,24.09,28.0,8.54,0.773,0.193,24.72,12.91,14.09,27.0,27.61,17.17
745812,2024-06-01,2024,606466,R,640455,L,strikeout,True,False,89.0,0.301,9.0,10.11,5.0,5.62,0.987,0.338,19.51,10.92,10.58,21.5,34.81,11.39,199.0,0.313,24.0,12.06,17.0,8.54,0.879,0.184,19.78,9.92,12.91,22.83,31.78,12.7,185.0,0.222,39.0,21.08,19.0,10.27,0.623,0.093,25.19,12.52,13.16,25.68,27.81,16.53,328.0,0.253,79.0,24.09,28.0,8.54,0.773,0.193,24.72,12.91,14.09,27.0,27.61,17.17
745812,2024-06-01,2024,682998,L,640455,L,strikeout,True,False,80.0,0.219,16.0,20.0,4.0,5.0,0.563,0.06899999999999998,22.07,10.32,19.03,29.35,33.54,17.58,174.0,0.283,20.0,11.49,11.0,6.32,0.7210000000000001,0.099,19.57,8.84,18.17,27.0,25.0,14.71,32.0,0.276,8.0,25.0,3.0,9.38,0.758,0.13799999999999996,24.62,11.11,16.67,27.78,24.24,17.39,172.0,0.2,49.0,28.49,14.0,8.14,0.5700000000000001,0.0969999999999999,22.78,10.21,19.15,29.36,25.81,20.08
745812,2024-06-01,2024,545341,R,640455,L,walk,False,True,63.0,0.298,7.0,11.11,3.0,4.76,0.7190000000000001,0.08800000000000002,16.67,7.86,17.47,25.33,29.82,12.96,134.0,0.328,17.0,12.69,12.0,8.96,0.995,0.2789999999999999,21.25,10.26,14.29,24.55,32.84,12.78,185.0,0.222,39.0,21.08,19.0,10.27,0.623,0.093,25.19,12.52,13.16,25.68,27.81,16.53,328.0,0.253,79.0,24.09,28.0,8.54,0.773,0.193,24.72,12.91,14.09,27.0,27.61,17.17
745812,2024-06-01,2024,572233,R,640455,L,home_run,False,False,65.0,0.293,18.0,27.69,6.0,9.23,0.7849999999999999,0.138,32.56,15.16,16.61,31.77,24.26,19.57,168.0,0.255,32.0,19.05,20.0,11.9,0.922,0.3189999999999999,27.22,12.57,12.85,25.42,24.16,14.55,185.0,0.222,39.0,21.08,19.0,10.27,0.623,0.093,25.19,12.52,13.16,25.68,27.81,16.53,328.0,0.253,79.0,24.09,28.0,8.54,0.773,0.193,24.72,12.91,14.09,27.0,27.61,17.17
745812,2024-06-01,2024,553993,R,640455,L,strikeout,True,False,61.0,0.25,21.0,34.43,7.0,11.48,0.671,0.07700000000000001,31.0,12.4,20.4,32.8,21.26,30.88,158.0,0.252,53.0,33.54,22.0,13.92,0.743,0.13,34.48,14.75,15.49,30.24,22.05,25.0,185.0,0.222,39.0,21.08,19.0,10.27,0.623,0.093,25.19,12.52,13.16,25.68,27.81,16.53,328.0,0.253,79.0,24.09,28.0,8.54,0.773,0.193,24.72,12.91,14.09,27.0,27.61,17.17
745812,2024-06-01,2024,664056,R,677944,R,field_out,False,False,112.0,0.298,27.0,24.11,5.0,4.46,0.742,0.09600000000000003,28.27,13.47,21.45,34.91,38.07,24.32,248.0,0.207,45.0,18.15,9.0,3.63,0.504,0.056,25.06,12.41,16.74,29.16,37.02,20.45,60.0,0.2,14.0,23.33,4.0,6.67,0.667,0.2,20.2,8.66,20.78,29.44,17.53,21.21,55.0,0.275,12.0,21.82,2.0,3.64,0.798,0.1959999999999999,22.83,9.91,17.92,27.83,16.35,19.05
745812,2024-06-01,2024,621512,R,677944,R,strikeout,True,False,49.0,0.292,7.0,14.29,1.0,2.04,0.806,0.20800000000000002,25.25,15.82,12.03,27.85,39.44,14.89,35.0,0.121,9.0,25.71,1.0,2.86,0.268,0.0,35.82,22.22,12.04,34.26,50.91,34.62,60.0,0.2,14.0,23.33,4.0,6.67,0.667,0.2,20.2,8.66,20.78,29.44,17.53,21.21,55.0,0.275,12.0,21.82,2.0,3.64,0.798,0.1959999999999999,22.83,9.91,17.92,27.83,16.35,19.05
745812,2024-06-01,2024,596019,L,677944,R,field_out,False,False,203.0,0.225,40.0,19.7,15.0,7.39,0.6819999999999999,0.165,24.48,12.04,14.85,26.89,25.34,17.62,483.0,0.242,102.0,21.12,51.0,10.56,0.757,0.182,23.68,11.49,14.35,25.84,28.12,17.29,71.0,0.231,8.0,11.27,4.0,5.63,0.774,0.261,18.9,9.6,13.6,23.2,24.79,12.9,56.0,0.245,8.0,14.29,2.0,3.57,0.74,0.2269999999999999,14.55,7.77,12.14,19.9,24.21,13.79
745812,2024-06-01,2024,672515,R,640455,L,field_out,False,False,59.0,0.204,7.0,11.86,5.0,8.47,0.512,0.037000000000000005,15.57,7.12,19.1,26.22,28.68,7.87,116.0,0.352,32.0,27.59,5.0,4.31,0.899,0.176,20.55,9.15,21.54,30.69,27.88,22.38,185.0,0.222,39.0,21.08,19.0,10.27,0.623,0.093,25.19,12.52,13.16,25.68,27.81,16.53,328.0,0.253,79.0,24.09,28.0,8.54,0.773,0.193,24.72,12.91,14.09,27.0,27.61,17.17
745812,2024-06-01,2024,677942,R,640455,L,field_out,False,False,54.0,0.333,14.0,25.93,6.0,11.11,0.9279999999999999,0.188,22.22,10.96,12.33,23.29,18.18,18.67,,,,,,,,,,,,,,,185.0,0.222,39.0,21.08,19.0,10.27,0.623,0.093,25.19,12.52,13.16,25.68,27.81,16.53,328.0,0.253,79.0,24.09,28.0,8.54,0.773,0.193,24.72,12.91,14.09,27.0,27.61,17.17
745812,2024-06-01,2024,664983,L,640455,L,strikeout,True,False,24.0,0.429,2.0,8.33,3.0,12.5,0.976,0.046999999999999986,16.28,7.07,20.2,27.27,19.57,3.33,82.0,0.206,11.0,13.41,9.0,10.98,0.649,0.118,24.22,10.62,16.1,26.71,27.5,14.67,32.0,0.276,8.0,25.0,3.0,9.38,0.758,0.13799999999999996,24.62,11.11,16.67,27.78,24.24,17.39,172.0,0.2,49.0,28.49,14.0,8.14,0.5700000000000001,0.0969999999999999,22.78,10.21,19.15,29.36,25.81,20.08
745812,2024-06-01,2024,624413,R,677944,R,field_out,False,False,188.0,0.244,34.0,18.09,16.0,8.51,0.774,0.21400000000000002,21.14,9.46,19.63,29.1,28.86,17.37,475.0,0.214,109.0,22.95,44.0,9.26,0.8069999999999999,0.281,26.53,11.43,18.24,29.67,27.59,22.11,60.0,0.2,14.0,23.33,4.0,6.67,0.667,0.2,20.2,8.66,20.78,29.44,17.53,21.21,55.0,0.275,12.0,21.82,2.0,3.64,0.798,0.1959999999999999,22.83,9.91,17.92,27.83,16.35,19.05
745812,2024-06-01,2024,607043,L,677944,R,field_out,False,False,180.0,0.21,46.0,25.56,32.0,17.78,0.729,0.154,24.63,10.13,16.61,26.74,20.48,17.16,448.0,0.266,98.0,21.88,60.0,13.39,0.874,0.235,20.87,8.67,19.47,28.14,19.23,16.42,71.0,0.231,8.0,11.27,4.0,5.63,0.774,0.261,18.9,9.6,13.6,23.2,24.79,12.9,56.0,0.245,8.0,14.29,2.0,3.57,0.74,0.2269999999999999,14.55,7.77,12.14,19.9,24.21,13.79
745812,2024-06-01,2024,502110,R,677944,R,double,False,False,89.0,0.25,31.0,34.83,4.0,4.49,0.701,0.16699999999999998,33.0,18.54,12.08,30.62,37.16,23.48,343.0,0.27,106.0,30.9,21.0,6.12,0.8799999999999999,0.2979999999999999,35.71,19.2,12.73,31.93,33.23,24.42,60.0,0.2,14.0,23.33,4.0,6.67,0.667,0.2,20.2,8.66,20.78,29.44,17.53,21.21,55.0,0.275,12.0,21.82,2.0,3.64,0.798,0.1959999999999999,22.83,9.91,17.92,27.83,16.35,19.05
745812,2024-06-01,2024,516782,R,677944,R,strikeout,True,False,161.0,0.267,36.0,22.36,8.0,4.97,0.6990000000000001,0.126,28.28,14.19,18.34,32.53,31.39,22.5,245.0,0.238,51.0,20.82,11.0,4.49,0.611,0.079,28.63,15.5,14.75,30.25,37.87,18.35,60.0,0.2,14.0,23.33,4.0,6.67,0.667,0.2,20.2,8.66,20.78,29.44,17.53,21.21,55.0,0.275,12.0,21.82,2.0,3.64,0.798,0.1959999999999999,22.83,9.91,17.92,27.83,16.35,19.05
745812,2024-06-01,2024,621028,R,640455,L,single,False,False,49.0,0.245,5.0,10.2,0.0,0.0,0.653,0.16299999999999998,9.28,5.26,14.62,19.88,37.04,10.42,110.0,0.278,16.0,14.55,10.0,9.09,0.813,0.186,14.21,6.42,19.26,25.68,27.4,13.79,185.0,0.222,39.0,21.08,19.0,10.27,0.623,0.093,25.19,12.52,13.16,25.68,27.81,16.53,328.0,0.253,79.0,24.09,28.0,8.54,0.773,0.193,24.72,12.91,14.09,27.0,27.61,17.17
745812,2024-06-01,2024,606466,R,640455,L,strikeout,True,False,89.0,0.301,9.0,10.11,5.0,5.62,0.987,0.338,19.51,10.92,10.58,21.5,34.81,11.39,199.0,0.313,24.0,12.06,17.0,8.54,0.879,0.184,19.78,9.92,12.91,22.83,31.78,12.7,185.0,0.222,39.0,21.08,19.0,10.27,0.623,0.093,25.19,12.52,13.16,25.68,27.81,16.53,328.0,0.253,79.0,24.09,28.0,8.54,0.773,0.193,24.72,12.91,14.09,27.0,27.61,17.17
745812,2024-06-01,2024,682998,L,640455,L,strikeout,True,False,80.0,0.219,16.0,20.0,4.0,5.0,0.563,0.06899999999999998,22.07,10.32,19.03,29.35,33.54,17.58,174.0,0.283,20.0,11.49,11.0,6.32,0.7210000000000001,0.099,19.57,8.84,18.17,27.0,25.0,14.71,32.0,0.276,8.0,25.0,3.0,9.38,0.758,0.13799999999999996,24.62,11.11,16.67,27.78,24.24,17.39,172.0,0.2,49.0,28.49,14.0,8.14,0.5700000000000001,0.0969999999999999,22.78,10.21,19.15,29.36,25.81,20.08
745812,2024-06-01,2024,545341,R,640455,L,field_out,False,False,63.0,0.298,7.0,11.11,3.0,4.76,0.7190000000000001,0.08800000000000002,16.67,7.86,17.47,25.33,29.82,12.96,134.0,0.328,17.0,12.69,12.0,8.96,0.995,0.2789999999999999,21.25,10.26,14.29,24.55,32.84,12.78,185.0,0.222,39.0,21.08,19.0,10.27,0.623,0.093,25.19,12.52,13.16,25.68,27.81,16.53,328.0,0.253,79.0,24.09,28.0,8.54,0.773,0.193,24.72,12.91,14.09,27.0,27.61,17.17
745812,2024-06-01,2024,668901,R,677944,R,home_run,False,False,25.0,0.217,5.0,20.0,2.0,8.0,0.628,0.13099999999999998,37.21,18.6,16.28,34.88,34.88,25.0,145.0,0.209,41.0,28.28,8.0,5.52,0.643,0.172,34.08,18.24,17.03,35.27,36.73,29.93,60.0,0.2,14.0,23.33,4.0,6.67,0.667,0.2,20.2,8.66,20.78,29.44,17.53,21.21,55.0,0.275,12.0,21.82,2.0,3.64,0.798,0.1959999999999999,22.83,9.91,17.92,27.83,16.35,19.05
745812,2024-06-01,2024,643446,L,677944,R,single,False,False,149.0,0.212,17.0,11.41,14.0,9.4,0.615,0.10600000000000001,13.01,6.76,13.71,20.46,28.51,12.5,447.0,0.26,48.0,10.74,25.0,5.59,0.6930000000000001,0.1149999999999999,14.08,7.59,11.21,18.8,32.05,12.57,71.0,0.231,8.0,11.27,4.0,5.63,0.774,0.261,18.9,9.6,13.6,23.2,24.79,12.9,56.0,0.245,8.0,14.29,2.0,3.57,0.74,0.2269999999999999,14.55,7.77,12.14,19.9,24.21,13.79
745812,2024-06-01,2024,664056,R,677944,R,field_out,False,False,112.0,0.298,27.0,24.11,5.0,4.46,0.742,0.09600000000000003,28.27,13.47,21.45,34.91,38.07,24.32,248.0,0.207,45.0,18.15,9.0,3.63,0.504,0.056,25.06,12.41,16.74,29.16,37.02,20.45,60.0,0.2,14.0,23.33,4.0,6.67,0.667,0.2,20.2,8.66,20.78,29.44,17.53,21.21,55.0,0.275,12.0,21.82,2.0,3.64,0.798,0.1959999999999999,22.83,9.91,17.92,27.83,16.35,19.05
745812,2024-06-01,2024,621512,R,677944,R,field_out,False,False,49.0,0.292,7.0,14.29,1.0,2.04,0.806,0.20800000000000002,25.25,15.82,12.03,27.85,39.44,14.89,35.0,0.121,9.0,25.71,1.0,2.86,0.268,0.0,35.82,22.22,12.04,34.26,50.91,34.62,60.0,0.2,14.0,23.33,4.0,6.67,0.667,0.2,20.2,8.66,20.78,29.44,17.53,21.21,55.0,0.275,12.0,21.82,2.0,3.64,0.798,0.1959999999999999,22.83,9.91,17.92,27.83,16.35,19.05
745812,2024-06-01,2024,596019,L,656464,R,field_out,False,False,203.0,0.225,40.0,19.7,15.0,7.39,0.6819999999999999,0.165,24.48,12.04,14.85,26.89,25.34,17.62,483.0,0.242,102.0,21.12,51.0,10.56,0.757,0.182,23.68,11.49,14.35,25.84,28.12,17.29,52.0,0.25,15.0,28.85,3.0,5.77,0.746,0.20800000000000002,25.0,12.21,15.02,27.23,32.17,20.0,104.0,0.176,29.0,27.88,11.0,10.58,0.5549999999999999,0.1099999999999999,31.73,15.1,13.73,28.83,30.34,19.58
745812,2024-06-01,2024,572233,R,640455,L,strikeout,True,False,65.0,0.293,18.0,27.69,6.0,9.23,0.7849999999999999,0.138,32.56,15.16,16.61,31.77,24.26,19.57,168.0,0.255,32.0,19.05,20.0,11.9,0.922,0.3189999999999999,27.22,12.57,12.85,25.42,24.16,14.55,185.0,0.222,39.0,21.08,19.0,10.27,0.623,0.093,25.19,12.52,13.16,25.68,27.81,16.53,328.0,0.253,79.0,24.09,28.0,8.54,0.773,0.193,24.72,12.91,14.09,27.0,27.61,17.17
745812,2024-06-01,2024,553993,R,640455,L,field_out,False,False,61.0,0.25,21.0,34.43,7.0,11.48,0.671,0.07700000000000001,31.0,12.4,20.4,32.8,21.26,30.88,158.0,0.252,53.0,33.54,22.0,13.92,0.743,0.13,34.48,14.75,15.49,30.24,22.05,25.0,185.0,0.222,39.0,21.08,19.0,10.27,0.623,0.093,25.19,12.52,13.16,25.68,27.81,16.53,328.0,0.253,79.0,24.09,28.0,8.54,0.773,0.193,24.72,12.91,14.09,27.0,27.61,17.17
745812,2024-06-01,2024,672515,R,640455,L,double,False,False,59.0,0.204,7.0,11.86,5.0,8.47,0.512,0.037000000000000005,15.57,7.12,19.1,26.22,28.68,7.87,116.0,0.352,32.0,27.59,5.0,4.31,0.899,0.176,20.55,9.15,21.54,30.69,27.88,22.38,185.0,0.222,39.0,21.08,19.0,10.27,0.623,0.093,25.19,12.52,13.16,25.68,27.81,16.53,328.0,0.253,79.0,24.09,28.0,8.54,0.773,0.193,24.72,12.91,14.09,27.0,27.61,17.17
745812,2024-06-01,2024,677942,R,640455,L,single,False,False,54.0,0.333,14.0,25.93,6.0,11.11,0.9279999999999999,0.188,22.22,10.96,12.33,23.29,18.18,18.67,,,,,,,,,,,,,,,185.0,0.222,39.0,21.08,19.0,10.27,0.623,0.093,25.19,12.52,13.16,25.68,27.81,16.53,328.0,0.253,79.0,24.09,28.0,8.54,0.773,0.193,24.72,12.91,14.09,27.0,27.61,17.17
745812,2024-06-01,2024,664983,L,677020,L,field_out,False,False,24.0,0.429,2.0,8.33,3.0,12.5,0.976,0.046999999999999986,16.28,7.07,20.2,27.27,19.57,3.33,82.0,0.206,11.0,13.41,9.0,10.98,0.649,0.118,24.22,10.62,16.1,26.71,27.5,14.67,20.0,0.176,4.0,20.0,3.0,15.0,0.7709999999999999,0.295,27.78,12.66,17.72,30.38,28.57,16.67,22.0,0.278,7.0,31.82,4.0,18.18,0.853,0.1659999999999999,36.36,15.24,13.33,28.57,19.67,21.21
745812,2024-06-01,2024,624413,R,656464,R,field_out,False,False,188.0,0.244,34.0,18.09,16.0,8.51,0.774,0.21400000000000002,21.14,9.46,19.63,29.1,28.86,17.37,475.0,0.214,109.0,22.95,44.0,9.26,0.8069999999999999,0.281,26.53,11.43,18.24,29.67,27.59,22.11,41.0,0.316,5.0,12.2,2.0,4.88,0.761,0.07900000000000001,18.92,9.09,14.94,24.03,28.0,13.89,151.0,0.185,41.0,27.15,13.0,8.61,0.5469999999999999,0.1039999999999999,30.77,14.13,15.57,29.7,28.31,21.24
745812,2024-06-01,2024,607043,L,656464,R,field_out,False,False,180.0,0.21,46.0,25.56,32.0,17.78,0.729,0.154,24.63,10.13,16.61,26.74,20.48,17.16,448.0,0.266,98.0,21.88,60.0,13.39,0.874,0.235,20.87,8.67,19.47,28.14,19.23,16.42,52.0,0.25,15.0,28.85,3.0,5.77,0.746,0.20800000000000002,25.0,12.21,15.02,27.23,32.17,20.0,104.0,0.176,29.0,27.88,11.0,10.58,0.5549999999999999,0.1099999999999999,31.73,15.1,13.73,28.83,30.34,19.58
745812,2024-06-01,2024,502110,R,686826,R,walk,False,True,89.0,0.25,31.0,34.83,4.0,4.49,0.701,0.16699999999999998,33.0,18.54,12.08,30.62,37.16,23.48,343.0,0.27,106.0,30.9,21.0,6.12,0.8799999999999999,0.2979999999999999,35.71,19.2,12.73,31.93,33.23,24.42,84.0,0.243,16.0,19.05,9.0,10.71,0.765,0.189,23.64,11.71,15.32,27.03,29.45,15.69,55.0,0.151,11.0,20.0,2.0,3.64,0.484,0.151,22.22,10.05,15.98,26.03,30.25,18.03
745812,2024-06-01,2024,516782,R,686826,R,force_out,False,False,161.0,0.267,36.0,22.36,8.0,4.97,0.6990000000000001,0.126,28.28,14.19,18.34,32.53,31.39,22.5,245.0,0.238,51.0,20.82,11.0,4.49,0.611,0.079,28.63,15.5,14.75,30.25,37.87,18.35,84.0,0.243,16.0,19.05,9.0,10.71,0.765,0.189,23.64,11.71,15.32,27.03,29.45,15.69,55.0,0.151,11.0,20.0,2.0,3.64,0.484,0.151,22.22,10.05,15.98,26.03,30.25,18.03
745812,2024-06-01,2024,621028,R,677020,L,single,False,False,49.0,0.245,5.0,10.2,0.0,0.0,0.653,0.16299999999999998,9.28,5.26,14.62,19.88,37.04,10.42,110.0,0.278,16.0,14.55,10.0,9.09,0.813,0.186,14.21,6.42,19.26,25.68,27.4,13.79,21.0,0.263,5.0,23.81,1.0,4.76,0.6539999999999999,0.10499999999999998,23.26,11.76,15.29,27.06,41.3,22.73,26.0,0.292,5.0,19.23,2.0,7.69,0.804,0.166,21.54,12.28,9.65,21.93,32.14,13.16
745812,2024-06-01,2024,606466,R,677020,L,walk,False,True,89.0,0.301,9.0,10.11,5.0,5.62,0.987,0.338,19.51,10.92,10.58,21.5,34.81,11.39,199.0,0.313,24.0,12.06,17.0,8.54,0.879,0.184,19.78,9.92,12.91,22.83,31.78,12.7,21.0,0.263,5.0,23.81,1.0,4.76,0.6539999999999999,0.10499999999999998,23.26,11.76,15.29,27.06,41.3,22.73,26.0,0.292,5.0,19.23,2.0,7.69,0.804,0.166,21.54,12.28,9.65,21.93,32.14,13.16
745812,2024-06-01,2024,682998,L,677020,L,force_out,False,False,80.0,0.219,16.0,20.0,4.0,5.0,0.563,0.06899999999999998,22.07,10.32,19.03,29.35,33.54,17.58,174.0,0.283,20.0,11.49,11.0,6.32,0.7210000000000001,0.099,19.57,8.84,18.17,27.0,25.0,14.71,20.0,0.176,4.0,20.0,3.0,15.0,0.7709999999999999,0.295,27.78,12.66,17.72,30.38,28.57,16.67,22.0,0.278,7.0,31.82,4.0,18.18,0.853,0.1659999999999999,36.36,15.24,13.33,28.57,19.67,21.21
745812,2024-06-01,2024,545341,R,677020,L,single,False,False,63.0,0.298,7.0,11.11,3.0,4.76,0.7190000000000001,0.08800000000000002,16.67,7.86,17.47,25.33,29.82,12.96,134.0,0.328,17.0,12.69,12.0,8.96,0.995,0.2789999999999999,21.25,10.26,14.29,24.55,32.84,12.78,21.0,0.263,5.0,23.81,1.0,4.76,0.6539999999999999,0.10499999999999998,23.26,11.76,15.29,27.06,41.3,22.73,26.0,0.292,5.0,19.23,2.0,7.69,0.804,0.166,21.54,12.28,9.65,21.93,32.14,13.16
745812,2024-06-01,2024,572233,R,677020,L,walk,False,True,65.0,0.293,18.0,27.69,6.0,9.23,0.7849999999999999,0.138,32.56,15.16,16.61,31.77,24.26,19.57,168.0,0.255,32.0,19.05,20.0,11.9,0.922,0.3189999999999999,27.22,12.57,12.85,25.42,24.16,14.55,21.0,0.263,5.0,23.81,1.0,4.76,0.6539999999999999,0.10499999999999998,23.26,11.76,15.29,27.06,41.3,22.73,26.0,0.292,5.0,19.23,2.0,7.69,0.804,0.166,21.54,12.28,9.65,21.93,32.14,13.16
745812,2024-06-01,2024,553993,R,677020,L,sac_fly,False,False,61.0,0.25,21.0,34.43,7.0,11.48,0.671,0.07700000000000001,31.0,12.4,20.4,32.8,21.26,30.88,158.0,0.252,53.0,33.54,22.0,13.92,0.743,0.13,34.48,14.75,15.49,30.24,22.05,25.0,21.0,0.263,5.0,23.81,1.0,4.76,0.6539999999999999,0.10499999999999998,23.26,11.76,15.29,27.06,41.3,22.73,26.0,0.292,5.0,19.23,2.0,7.69,0.804,0.166,21.54,12.28,9.65,21.93,32.14,13.16
745812,2024-06-01,2024,672515,R,677020,L,field_out,False,False,59.0,0.204,7.0,11.86,5.0,8.47,0.512,0.037000000000000005,15.57,7.12,19.1,26.22,28.68,7.87,116.0,0.352,32.0,27.59,5.0,4.31,0.899,0.176,20.55,9.15,21.54,30.69,27.88,22.38,21.0,0.263,5.0,23.81,1.0,4.76,0.6539999999999999,0.10499999999999998,23.26,11.76,15.29,27.06,41.3,22.73,26.0,0.292,5.0,19.23,2.0,7.69,0.804,0.166,21.54,12.28,9.65,21.93,32.14,13.16
745812,2024-06-01,2024,668901,R,686826,R,field_out,False,False,25.0,0.217,5.0,20.0,2.0,8.0,0.628,0.13099999999999998,37.21,18.6,16.28,34.88,34.88,25.0,145.0,0.209,41.0,28.28,8.0,5.52,0.643,0.172,34.08,18.24,17.03,35.27,36.73,29.93,84.0,0.243,16.0,19.05,9.0,10.71,0.765,0.189,23.64,11.71,15.32,27.03,29.45,15.69,55.0,0.151,11.0,20.0,2.0,3.64,0.484,0.151,22.22,10.05,15.98,26.03,30.25,18.03
745812,2024-06-01,2024,643446,L,686826,R,single,False,False,149.0,0.212,17.0,11.41,14.0,9.4,0.615,0.10600000000000001,13.01,6.76,13.71,20.46,28.51,12.5,447.0,0.26,48.0,10.74,25.0,5.59,0.6930000000000001,0.1149999999999999,14.08,7.59,11.21,18.8,32.05,12.57,52.0,0.25,7.0,13.46,11.0,21.15,0.723,0.04999999999999999,21.65,9.42,10.76,20.18,22.73,9.33,37.0,0.207,1.0,2.7,7.0,18.92,0.661,0.103,11.67,4.64,13.91,18.54,9.76,2.56
745812,2024-06-01,2024,664056,R,686826,R,field_out,False,False,112.0,0.298,27.0,24.11,5.0,4.46,0.742,0.09600000000000003,28.27,13.47,21.45,34.91,38.07,24.32,248.0,0.207,45.0,18.15,9.0,3.63,0.504,0.056,25.06,12.41,16.74,29.16,37.02,20.45,84.0,0.243,16.0,19.05,9.0,10.71,0.765,0.189,23.64,11.71,15.32,27.03,29.45,15.69,55.0,0.151,11.0,20.0,2.0,3.64,0.484,0.151,22.22,10.05,15.98,26.03,30.25,18.03
745812,2024-06-01,2024,621512,R,686826,R,field_out,False,False,49.0,0.292,7.0,14.29,1.0,2.04,0.806,0.20800000000000002,25.25,15.82,12.03,27.85,39.44,14.89,35.0,0.121,9.0,25.71,1.0,2.86,0.268,0.0,35.82,22.22,12.04,34.26,50.91,34.62,84.0,0.243,16.0,19.05,9.0,10.71,0.765,0.189,23.64,11.71,15.32,27.03,29.45,15.69,55.0,0.151,11.0,20.0,2.0,3.64,0.484,0.151,22.22,10.05,15.98,26.03,30.25,18.03
745812,2024-06-01,2024,677942,R,677020,L,single,False,False,54.0,0.333,14.0,25.93,6.0,11.11,0.9279999999999999,0.188,22.22,10.96,12.33,23.29,18.18,18.67,,,,,,,,,,,,,,,21.0,0.263,5.0,23.81,1.0,4.76,0.6539999999999999,0.10499999999999998,23.26,11.76,15.29,27.06,41.3,22.73,26.0,0.292,5.0,19.23,2.0,7.69,0.804,0.166,21.54,12.28,9.65,21.93,32.14,13.16
745812,2024-06-01,2024,664983,L,677020,L,single,False,False,24.0,0.429,2.0,8.33,3.0,12.5,0.976,0.046999999999999986,16.28,7.07,20.2,27.27,19.57,3.33,82.0,0.206,11.0,13.41,9.0,10.98,0.649,0.118,24.22,10.62,16.1,26.71,27.5,14.67,20.0,0.176,4.0,20.0,3.0,15.0,0.7709999999999999,0.295,27.78,12.66,17.72,30.38,28.57,16.67,22.0,0.278,7.0,31.82,4.0,18.18,0.853,0.1659999999999999,36.36,15.24,13.33,28.57,19.67,21.21
745812,2024-06-01,2024,621028,R,677020,L,strikeout,True,False,49.0,0.245,5.0,10.2,0.0,0.0,0.653,0.16299999999999998,9.28,5.26,14.62,19.88,37.04,10.42,110.0,0.278,16.0,14.55,10.0,9.09,0.813,0.186,14.21,6.42,19.26,25.68,27.4,13.79,21.0,0.263,5.0,23.81,1.0,4.76,0.6539999999999999,0.10499999999999998,23.26,11.76,15.29,27.06,41.3,22.73,26.0,0.292,5.0,19.23,2.0,7.69,0.804,0.166,21.54,12.28,9.65,21.93,32.14,13.16
745812,2024-06-01,2024,606466,R,677020,L,field_out,False,False,89.0,0.301,9.0,10.11,5.0,5.62,0.987,0.338,19.51,10.92,10.58,21.5,34.81,11.39,199.0,0.313,24.0,12.06,17.0,8.54,0.879,0.184,19.78,9.92,12.91,22.83,31.78,12.7,21.0,0.263,5.0,23.81,1.0,4.76,0.6539999999999999,0.10499999999999998,23.26,11.76,15.29,27.06,41.3,22.73,26.0,0.292,5.0,19.23,2.0,7.69,0.804,0.166,21.54,12.28,9.65,21.93,32.14,13.16
745812,2024-06-01,2024,682998,L,677020,L,single,False,False,80.0,0.219,16.0,20.0,4.0,5.0,0.563,0.06899999999999998,22.07,10.32,19.03,29.35,33.54,17.58,174.0,0.283,20.0,11.49,11.0,6.32,0.7210000000000001,0.099,19.57,8.84,18.17,27.0,25.0,14.71,20.0,0.176,4.0,20.0,3.0,15.0,0.7709999999999999,0.295,27.78,12.66,17.72,30.38,28.57,16.67,22.0,0.278,7.0,31.82,4.0,18.18,0.853,0.1659999999999999,36.36,15.24,13.33,28.57,19.67,21.21
745812,2024-06-01,2024,545341,R,677020,L,walk,False,True,63.0,0.298,7.0,11.11,3.0,4.76,0.7190000000000001,0.08800000000000002,16.67,7.86,17.47,25.33,29.82,12.96,134.0,0.328,17.0,12.69,12.0,8.96,0.995,0.2789999999999999,21.25,10.26,14.29,24.55,32.84,12.78,21.0,0.263,5.0,23.81,1.0,4.76,0.6539999999999999,0.10499999999999998,23.26,11.76,15.29,27.06,41.3,22.73,26.0,0.292,5.0,19.23,2.0,7.69,0.804,0.166,21.54,12.28,9.65,21.93,32.14,13.16
745812,2024-06-01,2024,572233,R,677020,L,strikeout,True,False,65.0,0.293,18.0,27.69,6.0,9.23,0.7849999999999999,0.138,32.56,15.16,16.61,31.77,24.26,19.57,168.0,0.255,32.0,19.05,20.0,11.9,0.922,0.3189999999999999,27.22,12.57,12.85,25.42,24.16,14.55,21.0,0.263,5.0,23.81,1.0,4.76,0.6539999999999999,0.10499999999999998,23.26,11.76,15.29,27.06,41.3,22.73,26.0,0.292,5.0,19.23,2.0,7.69,0.804,0.166,21.54,12.28,9.65,21.93,32.14,13.16
745812,2024-06-01,2024,578428,R,676714,L,field_out,False,False,4.0,0.25,1.0,25.0,0.0,0.0,0.5,0.0,42.86,33.33,11.11,44.44,83.33,100.0,,,,,,,,,,,,,,,18.0,0.312,6.0,33.33,1.0,5.56,1.201,0.5,34.29,14.81,14.81,29.63,29.79,31.58,33.0,0.296,7.0,21.21,4.0,12.12,0.999,0.297,31.48,13.39,16.54,29.92,33.33,18.92
745812,2024-06-01,2024,624413,R,676714,L,walk,False,True,56.0,0.2,13.0,23.21,4.0,7.14,0.746,0.26,21.74,10.73,13.73,24.46,29.82,16.05,183.0,0.224,42.0,22.95,21.0,11.48,0.859,0.302,25.52,11.15,17.51,28.66,27.34,16.87,18.0,0.312,6.0,33.33,1.0,5.56,1.201,0.5,34.29,14.81,14.81,29.63,29.79,31.58,33.0,0.296,7.0,21.21,4.0,12.12,0.999,0.297,31.48,13.39,16.54,29.92,33.33,18.92
745812,2024-06-01,2024,621438,R,676714,L,field_out,False,False,41.0,0.171,10.0,24.39,0.0,0.0,0.366,0.023999999999999994,28.99,14.29,17.86,32.14,34.25,32.26,81.0,0.241,18.0,22.22,2.0,2.47,0.7270000000000001,0.227,24.34,12.94,16.43,29.37,33.06,22.22,18.0,0.312,6.0,33.33,1.0,5.56,1.201,0.5,34.29,14.81,14.81,29.63,29.79,31.58,33.0,0.296,7.0,21.21,4.0,12.12,0.999,0.297,31.48,13.39,16.54,29.92,33.33,18.92
745812,2024-06-01,2024,502110,R,676714,L,single,False,False,34.0,0.367,7.0,20.59,4.0,11.76,1.074,0.266,20.0,10.19,8.28,18.47,30.43,12.28,137.0,0.274,43.0,31.39,13.0,9.49,0.924,0.3069999999999999,30.91,15.57,13.74,29.3,29.27,23.5,18.0,0.312,6.0,33.33,1.0,5.56,1.201,0.5,34.29,14.81,14.81,29.63,29.79,31.58,33.0,0.296,7.0,21.21,4.0,12.12,0.999,0.297,31.48,13.39,16.54,29.92,33.33,18.92
745812,2024-06-01,2024,621466,L,676714,L,field_out,False,False,11.0,0.0,4.0,36.36,2.0,18.18,0.273,0.0,41.18,15.56,22.22,37.78,15.0,25.0,49.0,0.154,13.0,26.53,5.0,10.2,0.594,0.1279999999999999,35.48,16.84,11.73,28.57,26.67,26.53,15.0,0.231,4.0,26.67,1.0,6.67,0.5640000000000001,0.0,29.17,13.21,16.98,30.19,33.33,26.67,30.0,0.231,10.0,33.33,4.0,13.33,0.5640000000000001,0.0,43.14,18.97,13.79,32.76,23.44,29.41
745812,2024-06-01,2024,553993,R,664849,L,field_out,False,False,61.0,0.25,21.0,34.43,7.0,11.48,0.671,0.07700000000000001,31.0,12.4,20.4,32.8,21.26,30.88,158.0,0.252,53.0,33.54,22.0,13.92,0.743,0.13,34.48,14.75,15.49,30.24,22.05,25.0,14.0,0.091,4.0,28.57,3.0,21.43,0.46799999999999997,0.091,36.36,14.55,18.18,32.73,40.0,23.53,20.0,0.176,6.0,30.0,1.0,5.0,0.476,0.0,33.33,13.16,21.05,34.21,27.27,26.09
745812,2024-06-01,2024,672515,R,664849,L,field_out,False,False,59.0,0.204,7.0,11.86,5.0,8.47,0.512,0.037000000000000005,15.57,7.12,19.1,26.22,28.68,7.87,116.0,0.352,32.0,27.59,5.0,4.31,0.899,0.176,20.55,9.15,21.54,30.69,27.88,22.38,14.0,0.091,4.0,28.57,3.0,21.43,0.46799999999999997,0.091,36.36,14.55,18.18,32.73,40.0,23.53,20.0,0.176,6.0,30.0,1.0,5.0,0.476,0.0,33.33,13.16,21.05,34.21,27.27,26.09
745812,2024-06-01,2024,677942,R,664849,L,strikeout,True,False,54.0,0.333,14.0,25.93,6.0,11.11,0.9279999999999999,0.188,22.22,10.96,12.33,23.29,18.18,18.67,,,,,,,,,,,,,,,14.0,0.091,4.0,28.57,3.0,21.43,0.46799999999999997,0.091,36.36,14.55,18.18,32.73,40.0,23.53,20.0,0.176,6.0,30.0,1.0,5.0,0.476,0.0,33.33,13.16,21.05,34.21,27.27,26.09
745812,2024-06-01,2024,668901,R,676714,L,single,False,False,28.0,0.423,5.0,17.86,2.0,7.14,1.272,0.38500000000000006,26.32,15.62,10.42,26.04,39.29,19.23,88.0,0.214,30.0,34.09,2.0,2.27,0.584,0.1309999999999999,40.66,21.26,14.94,36.21,36.02,26.79,18.0,0.312,6.0,33.33,1.0,5.56,1.201,0.5,34.29,14.81,14.81,29.63,29.79,31.58,33.0,0.296,7.0,21.21,4.0,12.12,0.999,0.297,31.48,13.39,16.54,29.92,33.33,18.92
745812,2024-06-01,2024,643446,L,676714,L,field_out,False,False,68.0,0.25,8.0,11.76,3.0,4.41,0.622,0.07800000000000001,13.82,7.02,11.57,18.6,24.79,13.11,201.0,0.294,17.0,8.46,14.0,6.97,0.753,0.09,12.21,6.17,14.39,20.56,24.68,10.37,15.0,0.231,4.0,26.67,1.0,6.67,0.5640000000000001,0.0,29.17,13.21,16.98,30.19,33.33,26.67,30.0,0.231,10.0,33.33,4.0,13.33,0.5640000000000001,0.0,43.14,18.97,13.79,32.76,23.44,29.41
745812,2024-06-01,2024,664056,R,676714,L,double,False,False,59.0,0.222,11.0,18.64,5.0,8.47,0.5660000000000001,0.05600000000000002,23.36,11.11,17.33,28.44,35.58,18.64,97.0,0.299,14.0,14.43,8.0,8.25,0.936,0.2759999999999999,23.49,10.71,18.68,29.4,31.94,16.67,18.0,0.312,6.0,33.33,1.0,5.56,1.201,0.5,34.29,14.81,14.81,29.63,29.79,31.58,33.0,0.296,7.0,21.21,4.0,12.12,0.999,0.297,31.48,13.39,16.54,29.92,33.33,18.92
745812,2024-06-01,2024,621512,R,676714,L,field_out,False,False,34.0,0.143,12.0,35.29,3.0,8.82,0.398,0.036000000000000004,44.74,25.56,9.77,35.34,37.84,26.09,26.0,0.13,9.0,34.62,1.0,3.85,0.297,0.0,33.93,20.88,6.59,27.47,52.73,29.03,18.0,0.312,6.0,33.33,1.0,5.56,1.201,0.5,34.29,14.81,14.81,29.63,29.79,31.58,33.0,0.296,7.0,21.21,4.0,12.12,0.999,0.297,31.48,13.39,16.54,29.92,33.33,18.92
745812,2024-06-01,2024,578428,R,676714,L,single,False,False,4.0,0.25,1.0,25.0,0.0,0.0,0.5,0.0,42.86,33.33,11.11,44.44,83.33,100.0,,,,,,,,,,,,,,,18.0,0.312,6.0,33.33,1.0,5.56,1.201,0.5,34.29,14.81,14.81,29.63,29.79,31.58,33.0,0.296,7.0,21.21,4.0,12.12,0.999,0.297,31.48,13.39,16.54,29.92,33.33,18.92
745812,2024-06-01,2024,624413,R,676714,L,home_run,False,False,56.0,0.2,13.0,23.21,4.0,7.14,0.746,0.26,21.74,10.73,13.73,24.46,29.82,16.05,183.0,0.224,42.0,22.95,21.0,11.48,0.859,0.302,25.52,11.15,17.51,28.66,27.34,16.87,18.0,0.312,6.0,33.33,1.0,5.56,1.201,0.5,34.29,14.81,14.81,29.63,29.79,31.58,33.0,0.296,7.0,21.21,4.0,12.12,0.999,0.297,31.48,13.39,16.54,29.92,33.33,18.92
745812,2024-06-01,2024,621438,R,676714,L,single,False,False,41.0,0.171,10.0,24.39,0.0,0.0,0.366,0.023999999999999994,28.99,14.29,17.86,32.14,34.25,32.26,81.0,0.241,18.0,22.22,2.0,2.47,0.7270000000000001,0.227,24.34,12.94,16.43,29.37,33.06,22.22,18.0,0.312,6.0,33.33,1.0,5.56,1.201,0.5,34.29,14.81,14.81,29.63,29.79,31.58,33.0,0.296,7.0,21.21,4.0,12.12,0.999,0.297,31.48,13.39,16.54,29.92,33.33,18.92
745812,2024-06-01,2024,502110,R,623149,R,field_out,False,False,89.0,0.25,31.0,34.83,4.0,4.49,0.701,0.16699999999999998,33.0,18.54,12.08,30.62,37.16,23.48,343.0,0.27,106.0,30.9,21.0,6.12,0.8799999999999999,0.2979999999999999,35.71,19.2,12.73,31.93,33.23,24.42,13.0,0.154,4.0,30.77,0.0,0.0,0.539,0.231,23.68,16.36,12.73,29.09,29.41,16.67,129.0,0.214,41.0,31.78,9.0,6.98,0.6060000000000001,0.119,29.35,15.31,15.5,30.81,33.61,22.65
746629,2024-06-01,2024,696285,R,594902,R,field_out,False,False,108.0,0.245,23.0,21.3,6.0,5.56,0.601,0.04199999999999998,23.63,11.03,20.51,31.54,29.83,23.23,93.0,0.268,17.0,18.28,7.0,7.53,0.687,0.0859999999999999,21.38,9.8,20.46,30.26,30.36,15.74,94.0,0.31,18.0,19.15,6.0,6.38,0.849,0.184,19.02,8.91,16.67,25.57,22.89,20.93,182.0,0.243,43.0,23.63,10.0,5.49,0.6990000000000001,0.159,25.16,11.53,19.16,30.69,25.39,23.5
746629,2024-06-01,2024,592696,L,594902,R,field_out,False,False,141.0,0.174,39.0,27.66,9.0,6.38,0.613,0.21200000000000002,30.42,15.56,15.21,30.77,36.21,22.03,449.0,0.258,104.0,23.16,29.0,6.46,0.762,0.199,29.98,17.01,12.43,29.45,43.87,20.59,88.0,0.15,25.0,28.41,8.0,9.09,0.577,0.19999999999999998,23.49,10.83,18.61,29.44,18.5,22.94,201.0,0.296,36.0,17.91,15.0,7.46,0.918,0.2739999999999999,16.46,7.4,18.02,25.42,23.68,22.09
746629,2024-06-01,2024,657041,R,594902,R,field_out,False,False,79.0,0.151,22.0,27.85,5.0,6.33,0.47700000000000004,0.12300000000000003,23.31,9.94,21.15,31.09,22.37,23.66,490.0,0.242,143.0,29.18,23.0,4.69,0.719,0.185,26.09,11.34,20.58,31.92,28.6,24.48,94.0,0.31,18.0,19.15,6.0,6.38,0.849,0.184,19.02,8.91,16.67,25.57,22.89,20.93,182.0,0.243,43.0,23.63,10.0,5.49,0.6990000000000001,0.159,25.16,11.53,19.16,30.69,25.39,23.5
746629,2024-06-01,2024,671289,R,680730,L,field_out,False,False,63.0,0.192,10.0,15.87,7.0,11.11,0.6519999999999999,0.15399999999999997,17.7,8.0,18.4,26.4,25.78,13.16,80.0,0.216,13.0,16.25,4.0,5.0,0.667,0.176,15.28,7.61,17.3,24.91,28.87,15.66,127.0,0.218,28.0,22.05,6.0,4.72,0.5880000000000001,0.11800000000000002,23.27,12.7,14.09,26.79,35.83,17.72,,,,,,,,,,,,,,
746629,2024-06-01,2024,608070,R,680730,L,single,False,False,76.0,0.324,9.0,11.84,7.0,9.21,1.0,0.294,19.72,9.86,15.14,25.0,34.78,13.24,230.0,0.243,25.0,10.87,19.0,8.26,0.766,0.219,16.06,7.21,15.81,23.02,28.33,12.18,127.0,0.218,28.0,22.05,6.0,4.72,0.5880000000000001,0.11800000000000002,23.27,12.7,14.09,26.79,35.83,17.72,,,,,,,,,,,,,,
746629,2024-06-01,2024,647304,L,680730,L,walk,False,True,69.0,0.222,16.0,23.19,4.0,5.8,0.771,0.27,26.79,13.33,15.11,28.44,38.84,30.19,148.0,0.299,15.0,10.14,8.0,5.41,0.821,0.175,16.23,8.67,12.1,20.77,35.38,11.03,50.0,0.312,10.0,20.0,2.0,4.0,0.798,0.14600000000000002,19.28,9.52,19.05,28.57,20.0,25.64,,,,,,,,,,,,,,
746629,2024-06-01,2024,681807,R,680730,L,walk,False,True,68.0,0.413,12.0,17.65,17.0,25.0,1.414,0.413,25.66,10.03,14.53,24.57,14.77,14.81,51.0,0.227,11.0,21.57,5.0,9.8,0.742,0.1819999999999999,25.66,14.43,11.94,26.37,40.95,15.07,127.0,0.218,28.0,22.05,6.0,4.72,0.5880000000000001,0.11800000000000002,23.27,12.7,14.09,26.79,35.83,17.72,,,,,,,,,,,,,,
746629,2024-06-01,2024,671286,R,680730,L,strikeout,True,False,17.0,0.143,4.0,23.53,3.0,17.65,0.508,0.07100000000000001,35.48,16.92,12.31,29.23,28.12,17.39,,,,,,,,,,,,,,,127.0,0.218,28.0,22.05,6.0,4.72,0.5880000000000001,0.11800000000000002,23.27,12.7,14.09,26.79,35.83,17.72,,,,,,,,,,,,,,
746629,2024-06-01,2024,700932,L,680730,L,single,False,False,11.0,0.182,5.0,45.45,0.0,0.0,0.546,0.182,38.1,17.78,22.22,40.0,40.0,33.33,,,,,,,,,,,,,,,50.0,0.312,10.0,20.0,2.0,4.0,0.798,0.14600000000000002,19.28,9.52,19.05,28.57,20.0,25.64,,,,,,,,,,,,,,
746629,2024-06-01,2024,672356,R,680730,L,field_out,False,False,39.0,0.297,14.0,35.9,2.0,5.13,0.738,0.10800000000000004,37.65,24.06,9.77,33.83,44.83,31.82,119.0,0.083,54.0,45.38,10.0,8.4,0.316,0.0649999999999999,44.4,24.39,12.09,36.48,34.85,30.51,127.0,0.218,28.0,22.05,6.0,4.72,0.5880000000000001,0.11800000000000002,23.27,12.7,14.09,26.79,35.83,17.72,,,,,,,,,,,,,,
746629,2024-06-01,2024,671277,L,594902,R,single,False,False,144.0,0.292,25.0,17.36,7.0,4.86,0.793,0.17500000000000004,22.9,11.65,15.53,27.18,35.21,17.99,355.0,0.268,44.0,12.39,23.0,6.48,0.6950000000000001,0.1129999999999999,17.54,8.86,13.52,22.38,31.84,12.54,88.0,0.15,25.0,28.41,8.0,9.09,0.577,0.19999999999999998,23.49,10.83,18.61,29.44,18.5,22.94,201.0,0.296,36.0,17.91,15.0,7.46,0.918,0.2739999999999999,16.46,7.4,18.02,25.42,23.68,22.09
746629,2024-06-01,2024,608841,R,594902,R,field_out,False,False,144.0,0.27,27.0,18.75,11.0,7.64,0.6799999999999999,0.07899999999999996,20.74,10.35,13.12,23.48,27.21,17.65,471.0,0.268,97.0,20.59,28.0,5.94,0.7030000000000001,0.12,23.85,11.18,18.94,30.12,30.48,17.38,94.0,0.31,18.0,19.15,6.0,6.38,0.849,0.184,19.02,8.91,16.67,25.57,22.89,20.93,182.0,0.243,43.0,23.63,10.0,5.49,0.6990000000000001,0.159,25.16,11.53,19.16,30.69,25.39,23.5
746629,2024-06-01,2024,608385,L,594902,R,field_out,False,False,146.0,0.254,30.0,20.55,18.0,12.33,0.796,0.172,23.9,10.35,16.72,27.07,19.86,14.29,184.0,0.2,46.0,25.0,24.0,13.04,0.5660000000000001,0.0449999999999999,25.91,11.04,17.01,28.05,20.4,17.9,88.0,0.15,25.0,28.41,8.0,9.09,0.577,0.19999999999999998,23.49,10.83,18.61,29.44,18.5,22.94,201.0,0.296,36.0,17.91,15.0,7.46,0.918,0.2739999999999999,16.46,7.4,18.02,25.42,23.68,22.09
746629,2024-06-01,2024,669222,R,594902,R,double,False,False,96.0,0.2,26.0,27.08,14.0,14.58,0.664,0.138,29.94,13.13,16.76,29.89,21.39,29.21,205.0,0.164,51.0,24.88,18.0,8.78,0.497,0.093,25.27,12.43,15.64,28.07,26.72,23.15,94.0,0.31,18.0,19.15,6.0,6.38,0.849,0.184,19.02,8.91,16.67,25.57,22.89,20.93,182.0,0.243,43.0,23.63,10.0,5.49,0.6990000000000001,0.159,25.16,11.53,19.16,30.69,25.39,23.5
746629,2024-06-01,2024,595978,R,680730,L,field_out,False,False,28.0,0.115,11.0,39.29,1.0,3.57,0.374,0.116,37.31,20.16,12.1,32.26,24.56,22.92,78.0,0.147,16.0,20.51,5.0,6.41,0.434,0.074,26.21,14.07,10.74,24.81,34.67,21.33,127.0,0.218,28.0,22.05,6.0,4.72,0.5880000000000001,0.11800000000000002,23.27,12.7,14.09,26.79,35.83,17.72,,,,,,,,,,,,,,
746629,2024-06-01,2024,677587,R,680730,L,strikeout,True,False,55.0,0.125,14.0,25.45,5.0,9.09,0.385,0.04200000000000001,25.51,13.44,13.98,27.42,31.25,31.11,33.0,0.161,15.0,45.45,2.0,6.06,0.438,0.065,39.73,21.64,16.42,38.06,38.1,32.61,127.0,0.218,28.0,22.05,6.0,4.72,0.5880000000000001,0.11800000000000002,23.27,12.7,14.09,26.79,35.83,17.72,,,,,,,,,,,,,,
746629,2024-06-01,2024,671289,R,680730,L,field_out,False,False,63.0,0.192,10.0,15.87,7.0,11.11,0.6519999999999999,0.15399999999999997,17.7,8.0,18.4,26.4,25.78,13.16,80.0,0.216,13.0,16.25,4.0,5.0,0.667,0.176,15.28,7.61,17.3,24.91,28.87,15.66,127.0,0.218,28.0,22.05,6.0,4.72,0.5880000000000001,0.11800000000000002,23.27,12.7,14.09,26.79,35.83,17.72,,,,,,,,,,,,,,
746629,2024-06-01,2024,545121,L,594902,R,field_out,False,False,67.0,0.245,4.0,5.97,9.0,13.43,0.6759999999999999,0.07600000000000001,10.23,3.9,21.65,25.54,21.49,8.33,179.0,0.226,11.0,6.15,15.0,8.38,0.58,0.0629999999999999,13.38,5.9,20.34,26.24,25.61,7.28,88.0,0.15,25.0,28.41,8.0,9.09,0.577,0.19999999999999998,23.49,10.83,18.61,29.44,18.5,22.94,201.0,0.296,36.0,17.91,15.0,7.46,0.918,0.2739999999999999,16.46,7.4,18.02,25.42,23.68,22.09
746629,2024-06-01,2024,656180,R,594902,R,strikeout,True,False,54.0,0.298,16.0,29.63,4.0,7.41,0.841,0.191,30.4,16.38,12.5,28.88,35.34,18.6,82.0,0.216,24.0,29.27,4.0,4.88,0.664,0.176,30.43,17.88,13.5,31.39,39.52,25.81,94.0,0.31,18.0,19.15,6.0,6.38,0.849,0.184,19.02,8.91,16.67,25.57,22.89,20.93,182.0,0.243,43.0,23.63,10.0,5.49,0.6990000000000001,0.159,25.16,11.53,19.16,30.69,25.39,23.5
746629,2024-06-01,2024,696285,R,594902,R,strikeout,True,False,108.0,0.245,23.0,21.3,6.0,5.56,0.601,0.04199999999999998,23.63,11.03,20.51,31.54,29.83,23.23,93.0,0.268,17.0,18.28,7.0,7.53,0.687,0.0859999999999999,21.38,9.8,20.46,30.26,30.36,15.74,94.0,0.31,18.0,19.15,6.0,6.38,0.849,0.184,19.02,8.91,16.67,25.57,22.89,20.93,182.0,0.243,43.0,23.63,10.0,5.49,0.6990000000000001,0.159,25.16,11.53,19.16,30.69,25.39,23.5
746629,2024-06-01,2024,608070,R,680730,L,single,False,False,76.0,0.324,9.0,11.84,7.0,9.21,1.0,0.294,19.72,9.86,15.14,25.0,34.78,13.24,230.0,0.243,25.0,10.87,19.0,8.26,0.766,0.219,16.06,7.21,15.81,23.02,28.33,12.18,127.0,0.218,28.0,22.05,6.0,4.72,0.5880000000000001,0.11800000000000002,23.27,12.7,14.09,26.79,35.83,17.72,,,,,,,,,,,,,,
746629,2024-06-01,2024,647304,L,680730,L,strikeout,True,False,69.0,0.222,16.0,23.19,4.0,5.8,0.771,0.27,26.79,13.33,15.11,28.44,38.84,30.19,148.0,0.299,15.0,10.14,8.0,5.41,0.821,0.175,16.23,8.67,12.1,20.77,35.38,11.03,50.0,0.312,10.0,20.0,2.0,4.0,0.798,0.14600000000000002,19.28,9.52,19.05,28.57,20.0,25.64,,,,,,,,,,,,,,
746629,2024-06-01,2024,681807,R,680730,L,strikeout,True,False,68.0,0.413,12.0,17.65,17.0,25.0,1.414,0.413,25.66,10.03,14.53,24.57,14.77,14.81,51.0,0.227,11.0,21.57,5.0,9.8,0.742,0.1819999999999999,25.66,14.43,11.94,26.37,40.95,15.07,127.0,0.218,28.0,22.05,6.0,4.72,0.5880000000000001,0.11800000000000002,23.27,12.7,14.09,26.79,35.83,17.72,,,,,,,,,,,,,,
746629,2024-06-01,2024,671286,R,680730,L,walk,False,True,17.0,0.143,4.0,23.53,3.0,17.65,0.508,0.07100000000000001,35.48,16.92,12.31,29.23,28.12,17.39,,,,,,,,,,,,,,,127.0,0.218,28.0,22.05,6.0,4.72,0.5880000000000001,0.11800000000000002,23.27,12.7,14.09,26.79,35.83,17.72,,,,,,,,,,,,,,
746629,2024-06-01,2024,700932,L,680730,L,field_out,False,False,11.0,0.182,5.0,45.45,0.0,0.0,0.546,0.182,38.1,17.78,22.22,40.0,40.0,33.33,,,,,,,,,,,,,,,50.0,0.312,10.0,20.0,2.0,4.0,0.798,0.14600000000000002,19.28,9.52,19.05,28.57,20.0,25.64,,,,,,,,,,,,,,
746629,2024-06-01,2024,592696,L,594902,R,field_out,False,False,141.0,0.174,39.0,27.66,9.0,6.38,0.613,0.21200000000000002,30.42,15.56,15.21,30.77,36.21,22.03,449.0,0.258,104.0,23.16,29.0,6.46,0.762,0.199,29.98,17.01,12.43,29.45,43.87,20.59,88.0,0.15,25.0,28.41,8.0,9.09,0.577,0.19999999999999998,23.49,10.83,18.61,29.44,18.5,22.94,201.0,0.296,36.0,17.91,15.0,7.46,0.918,0.2739999999999999,16.46,7.4,18.02,25.42,23.68,22.09
746629,2024-06-01,2024,657041,R,594902,R,walk,False,True,79.0,0.151,22.0,27.85,5.0,6.33,0.47700000000000004,0.12300000000000003,23.31,9.94,21.15,31.09,22.37,23.66,490.0,0.242,143.0,29.18,23.0,4.69,0.719,0.185,26.09,11.34,20.58,31.92,28.6,24.48,94.0,0.31,18.0,19.15,6.0,6.38,0.849,0.184,19.02,8.91,16.67,25.57,22.89,20.93,182.0,0.243,43.0,23.63,10.0,5.49,0.6990000000000001,0.159,25.16,11.53,19.16,30.69,25.39,23.5
746629,2024-06-01,2024,671277,L,594902,R,single,False,False,144.0,0.292,25.0,17.36,7.0,4.86,0.793,0.17500000000000004,22.9,11.65,15.53,27.18,35.21,17.99,355.0,0.268,44.0,12.39,23.0,6.48,0.6950000000000001,0.1129999999999999,17.54,8.86,13.52,22.38,31.84,12.54,88.0,0.15,25.0,28.41,8.0,9.09,0.577,0.19999999999999998,23.49,10.83,18.61,29.44,18.5,22.94,201.0,0.296,36.0,17.91,15.0,7.46,0.918,0.2739999999999999,16.46,7.4,18.02,25.42,23.68,22.09
746629,2024-06-01,2024,608841,R,594902,R,field_out,False,False,144.0,0.27,27.0,18.75,11.0,7.64,0.6799999999999999,0.07899999999999996,20.74,10.35,13.12,23.48,27.21,17.65,471.0,0.268,97.0,20.59,28.0,5.94,0.7030000000000001,0.12,23.85,11.18,18.94,30.12,30.48,17.38,94.0,0.31,18.0,19.15,6.0,6.38,0.849,0.184,19.02,8.91,16.67,25.57,22.89,20.93,182.0,0.243,43.0,23.63,10.0,5.49,0.6990000000000001,0.159,25.16,11.53,19.16,30.69,25.39,23.5
746629,2024-06-01,2024,608385,L,594902,R,single,False,False,146.0,0.254,30.0,20.55,18.0,12.33,0.796,0.172,23.9,10.35,16.72,27.07,19.86,14.29,184.0,0.2,46.0,25.0,24.0,13.04,0.5660000000000001,0.0449999999999999,25.91,11.04,17.01,28.05,20.4,17.9,88.0,0.15,25.0,28.41,8.0,9.09,0.577,0.19999999999999998,23.49,10.83,18.61,29.44,18.5,22.94,201.0,0.296,36.0,17.91,15.0,7.46,0.918,0.2739999999999999,16.46,7.4,18.02,25.42,23.68,22.09
746629,2024-06-01,2024,669222,R,594902,R,pickoff_1b,False,False,96.0,0.2,26.0,27.08,14.0,14.58,0.664,0.138,29.94,13.13,16.76,29.89,21.39,29.21,205.0,0.164,51.0,24.88,18.0,8.78,0.497,0.093,25.27,12.43,15.64,28.07,26.72,23.15,94.0,0.31,18.0,19.15,6.0,6.38,0.849,0.184,19.02,8.91,16.67,25.57,22.89,20.93,182.0,0.243,43.0,23.63,10.0,5.49,0.6990000000000001,0.159,25.16,11.53,19.16,30.69,25.39,23.5
746629,2024-06-01,2024,672356,R,680730,L,field_out,False,False,39.0,0.297,14.0,35.9,2.0,5.13,0.738,0.10800000000000004,37.65,24.06,9.77,33.83,44.83,31.82,119.0,0.083,54.0,45.38,10.0,8.4,0.316,0.0649999999999999,44.4,24.39,12.09,36.48,34.85,30.51,127.0,0.218,28.0,22.05,6.0,4.72,0.5880000000000001,0.11800000000000002,23.27,12.7,14.09,26.79,35.83,17.72,,,,,,,,,,,,,,
746629,2024-06-01,2024,595978,R,680730,L,field_out,False,False,28.0,0.115,11.0,39.29,1.0,3.57,0.374,0.116,37.31,20.16,12.1,32.26,24.56,22.92,78.0,0.147,16.0,20.51,5.0,6.41,0.434,0.074,26.21,14.07,10.74,24.81,34.67,21.33,127.0,0.218,28.0,22.05,6.0,4.72,0.5880000000000001,0.11800000000000002,23.27,12.7,14.09,26.79,35.83,17.72,,,,,,,,,,,,,,
746629,2024-06-01,2024,677587,R,680730,L,strikeout,True,False,55.0,0.125,14.0,25.45,5.0,9.09,0.385,0.04200000000000001,25.51,13.44,13.98,27.42,31.25,31.11,33.0,0.161,15.0,45.45,2.0,6.06,0.438,0.065,39.73,21.64,16.42,38.06,38.1,32.61,127.0,0.218,28.0,22.05,6.0,4.72,0.5880000000000001,0.11800000000000002,23.27,12.7,14.09,26.79,35.83,17.72,,,,,,,,,,,,,,
746629,2024-06-01,2024,669222,R,594902,R,strikeout,True,False,96.0,0.2,26.0,27.08,14.0,14.58,0.664,0.138,29.94,13.13,16.76,29.89,21.39,29.21,205.0,0.164,51.0,24.88,18.0,8.78,0.497,0.093,25.27,12.43,15.64,28.07,26.72,23.15,94.0,0.31,18.0,19.15,6.0,6.38,0.849,0.184,19.02,8.91,16.67,25.57,22.89,20.93,182.0,0.243,43.0,23.63,10.0,5.49,0.6990000000000001,0.159,25.16,11.53,19.16,30.69,25.39,23.5
746629,2024-06-01,2024,545121,L,594902,R,field_out,False,False,67.0,0.245,4.0,5.97,9.0,13.43,0.6759999999999999,0.07600000000000001,10.23,3.9,21.65,25.54,21.49,8.33,179.0,0.226,11.0,6.15,15.0,8.38,0.58,0.0629999999999999,13.38,5.9,20.34,26.24,25.61,7.28,88.0,0.15,25.0,28.41,8.0,9.09,0.577,0.19999999999999998,23.49,10.83,18.61,29.44,18.5,22.94,201.0,0.296,36.0,17.91,15.0,7.46,0.918,0.2739999999999999,16.46,7.4,18.02,25.42,23.68,22.09
746629,2024-06-01,2024,656180,R,594902,R,strikeout,True,False,54.0,0.298,16.0,29.63,4.0,7.41,0.841,0.191,30.4,16.38,12.5,28.88,35.34,18.6,82.0,0.216,24.0,29.27,4.0,4.88,0.664,0.176,30.43,17.88,13.5,31.39,39.52,25.81,94.0,0.31,18.0,19.15,6.0,6.38,0.849,0.184,19.02,8.91,16.67,25.57,22.89,20.93,182.0,0.243,43.0,23.63,10.0,5.49,0.6990000000000001,0.159,25.16,11.53,19.16,30.69,25.39,23.5
746629,2024-06-01,2024,671289,R,680730,L,field_out,False,False,63.0,0.192,10.0,15.87,7.0,11.11,0.6519999999999999,0.15399999999999997,17.7,8.0,18.4,26.4,25.78,13.16,80.0,0.216,13.0,16.25,4.0,5.0,0.667,0.176,15.28,7.61,17.3,24.91,28.87,15.66,127.0,0.218,28.0,22.05,6.0,4.72,0.5880000000000001,0.11800000000000002,23.27,12.7,14.09,26.79,35.83,17.72,,,,,,,,,,,,,,
746629,2024-06-01,2024,608070,R,680730,L,field_out,False,False,76.0,0.324,9.0,11.84,7.0,9.21,1.0,0.294,19.72,9.86,15.14,25.0,34.78,13.24,230.0,0.243,25.0,10.87,19.0,8.26,0.766,0.219,16.06,7.21,15.81,23.02,28.33,12.18,127.0,0.218,28.0,22.05,6.0,4.72,0.5880000000000001,0.11800000000000002,23.27,12.7,14.09,26.79,35.83,17.72,,,,,,,,,,,,,,
746629,2024-06-01,2024,647304,L,680730,L,field_out,False,False,69.0,0.222,16.0,23.19,4.0,5.8,0.771,0.27,26.79,13.33,15.11,28.44,38.84,30.19,148.0,0.299,15.0,10.14,8.0,5.41,0.821,0.175,16.23,8.67,12.1,20.77,35.38,11.03,50.0,0.312,10.0,20.0,2.0,4.0,0.798,0.14600000000000002,19.28,9.52,19.05,28.57,20.0,25.64,,,,,,,,,,,,,,
746629,2024-06-01,2024,696285,R,594902,R,field_out,False,False,108.0,0.245,23.0,21.3,6.0,5.56,0.601,0.04199999999999998,23.63,11.03,20.51,31.54,29.83,23.23,93.0,0.268,17.0,18.28,7.0,7.53,0.687,0.0859999999999999,21.38,9.8,20.46,30.26,30.36,15.74,94.0,0.31,18.0,19.15,6.0,6.38,0.849,0.184,19.02,8.91,16.67,25.57,22.89,20.93,182.0,0.243,43.0,23.63,10.0,5.49,0.6990000000000001,0.159,25.16,11.53,19.16,30.69,25.39,23.5
746629,2024-06-01,2024,592696,L,594902,R,field_out,False,False,141.0,0.174,39.0,27.66,9.0,6.38,0.613,0.21200000000000002,30.42,15.56,15.21,30.77,36.21,22.03,449.0,0.258,104.0,23.16,29.0,6.46,0.762,0.199,29.98,17.01,12.43,29.45,43.87,20.59,88.0,0.15,25.0,28.41,8.0,9.09,0.577,0.19999999999999998,23.49,10.83,18.61,29.44,18.5,22.94,201.0,0.296,36.0,17.91,15.0,7.46,0.918,0.2739999999999999,16.46,7.4,18.02,25.42,23.68,22.09
746629,2024-06-01,2024,657041,R,594902,R,single,False,False,79.0,0.151,22.0,27.85,5.0,6.33,0.47700000000000004,0.12300000000000003,23.31,9.94,21.15,31.09,22.37,23.66,490.0,0.242,143.0,29.18,23.0,4.69,0.719,0.185,26.09,11.34,20.58,31.92,28.6,24.48,94.0,0.31,18.0,19.15,6.0,6.38,0.849,0.184,19.02,8.91,16.67,25.57,22.89,20.93,182.0,0.243,43.0,23.63,10.0,5.49,0.6990000000000001,0.159,25.16,11.53,19.16,30.69,25.39,23.5
746629,2024-06-01,2024,671277,L,682120,L,field_out,False,False,34.0,0.194,9.0,26.47,3.0,8.82,0.491,0.032,20.0,9.77,17.29,27.07,34.72,21.95,129.0,0.261,16.0,12.4,4.0,3.1,0.668,0.134,18.96,9.55,16.71,26.25,27.88,16.49,35.0,0.1,10.0,28.57,3.0,8.57,0.306,0.0,27.54,13.01,19.86,32.88,31.43,19.23,47.0,0.231,14.0,29.79,6.0,12.77,0.666,0.102,32.18,14.07,19.6,33.67,32.04,24.14
746629,2024-06-01,2024,681807,R,680730,L,double,False,False,68.0,0.413,12.0,17.65,17.0,25.0,1.414,0.413,25.66,10.03,14.53,24.57,14.77,14.81,51.0,0.227,11.0,21.57,5.0,9.8,0.742,0.1819999999999999,25.66,14.43,11.94,26.37,40.95,15.07,127.0,0.218,28.0,22.05,6.0,4.72,0.5880000000000001,0.11800000000000002,23.27,12.7,14.09,26.79,35.83,17.72,,,,,,,,,,,,,,
746629,2024-06-01,2024,671286,R,680730,L,field_out,False,False,17.0,0.143,4.0,23.53,3.0,17.65,0.508,0.07100000000000001,35.48,16.92,12.31,29.23,28.12,17.39,,,,,,,,,,,,,,,127.0,0.218,28.0,22.05,6.0,4.72,0.5880000000000001,0.11800000000000002,23.27,12.7,14.09,26.79,35.83,17.72,,,,,,,,,,,,,,
746629,2024-06-01,2024,700932,L,680730,L,field_out,False,False,11.0,0.182,5.0,45.45,0.0,0.0,0.546,0.182,38.1,17.78,22.22,40.0,40.0,33.33,,,,,,,,,,,,,,,50.0,0.312,10.0,20.0,2.0,4.0,0.798,0.14600000000000002,19.28,9.52,19.05,28.57,20.0,25.64,,,,,,,,,,,,,,
746629,2024-06-01,2024,672356,R,680730,L,walk,False,True,39.0,0.297,14.0,35.9,2.0,5.13,0.738,0.10800000000000004,37.65,24.06,9.77,33.83,44.83,31.82,119.0,0.083,54.0,45.38,10.0,8.4,0.316,0.0649999999999999,44.4,24.39,12.09,36.48,34.85,30.51,127.0,0.218,28.0,22.05,6.0,4.72,0.5880000000000001,0.11800000000000002,23.27,12.7,14.09,26.79,35.83,17.72,,,,,,,,,,,,,,
746629,2024-06-01,2024,595978,R,571670,R,field_out,False,False,23.0,0.136,9.0,39.13,1.0,4.35,0.356,0.045999999999999985,34.04,18.82,17.65,36.47,37.84,33.33,136.0,0.205,31.0,22.79,6.0,4.41,0.477,0.026,29.05,14.86,16.56,31.42,32.03,24.41,68.0,0.19,13.0,19.12,5.0,7.35,0.45599999999999996,0.015999999999999986,20.59,8.4,23.6,32.0,21.74,20.97,138.0,0.258,33.0,23.91,6.0,4.35,0.596,0.0309999999999999,25.42,12.25,19.88,32.13,34.13,23.08
746629,2024-06-01,2024,608841,R,605130,R,field_out,False,False,144.0,0.27,27.0,18.75,11.0,7.64,0.6799999999999999,0.07899999999999996,20.74,10.35,13.12,23.48,27.21,17.65,471.0,0.268,97.0,20.59,28.0,5.94,0.7030000000000001,0.12,23.85,11.18,18.94,30.12,30.48,17.38,60.0,0.308,17.0,28.33,7.0,11.67,0.883,0.192,38.05,17.62,15.98,33.61,34.78,23.61,154.0,0.208,45.0,29.22,18.0,11.69,0.5569999999999999,0.046,35.85,15.68,19.97,35.64,29.91,24.19
746629,2024-06-01,2024,608385,L,605130,R,strikeout,True,False,146.0,0.254,30.0,20.55,18.0,12.33,0.796,0.172,23.9,10.35,16.72,27.07,19.86,14.29,184.0,0.2,46.0,25.0,24.0,13.04,0.5660000000000001,0.0449999999999999,25.91,11.04,17.01,28.05,20.4,17.9,42.0,0.143,14.0,33.33,5.0,11.9,0.491,0.08600000000000002,37.14,14.29,20.88,35.16,28.57,28.57,145.0,0.279,34.0,23.45,16.0,11.03,0.798,0.1469999999999999,26.64,11.44,18.74,30.18,30.91,18.78
746629,2024-06-01,2024,669222,R,605130,R,single,False,False,96.0,0.2,26.0,27.08,14.0,14.58,0.664,0.138,29.94,13.13,16.76,29.89,21.39,29.21,205.0,0.164,51.0,24.88,18.0,8.78,0.497,0.093,25.27,12.43,15.64,28.07,26.72,23.15,60.0,0.308,17.0,28.33,7.0,11.67,0.883,0.192,38.05,17.62,15.98,33.61,34.78,23.61,154.0,0.208,45.0,29.22,18.0,11.69,0.5569999999999999,0.046,35.85,15.68,19.97,35.64,29.91,24.19
746629,2024-06-01,2024,545121,L,605130,R,strikeout,True,False,67.0,0.245,4.0,5.97,9.0,13.43,0.6759999999999999,0.07600000000000001,10.23,3.9,21.65,25.54,21.49,8.33,179.0,0.226,11.0,6.15,15.0,8.38,0.58,0.0629999999999999,13.38,5.9,20.34,26.24,25.61,7.28,42.0,0.143,14.0,33.33,5.0,11.9,0.491,0.08600000000000002,37.14,14.29,20.88,35.16,28.57,28.57,145.0,0.279,34.0,23.45,16.0,11.03,0.798,0.1469999999999999,26.64,11.44,18.74,30.18,30.91,18.78
746629,2024-06-01,2024,677587,L,571670,R,strikeout,True,False,125.0,0.24,17.0,13.6,18.0,14.4,0.663,0.068,22.51,10.48,14.72,25.2,27.92,11.18,53.0,0.3,12.0,22.64,2.0,3.77,0.7010000000000001,0.08,28.07,15.31,15.79,31.1,41.59,17.39,41.0,0.211,8.0,19.51,3.0,7.32,0.531,0.05200000000000002,25.76,10.69,20.13,30.82,18.99,18.6,111.0,0.374,25.0,22.52,11.0,9.91,0.998,0.1919999999999999,22.28,9.55,18.05,27.6,25.9,17.99
746629,2024-06-01,2024,671289,R,571670,R,single,False,False,142.0,0.236,20.0,14.08,9.0,6.34,0.679,0.122,16.88,7.87,18.7,26.57,28.97,15.75,89.0,0.266,17.0,19.1,6.0,6.74,0.656,0.076,20.13,9.22,18.73,27.95,29.94,17.0,68.0,0.19,13.0,19.12,5.0,7.35,0.45599999999999996,0.015999999999999986,20.59,8.4,23.6,32.0,21.74,20.97,138.0,0.258,33.0,23.91,6.0,4.35,0.596,0.0309999999999999,25.42,12.25,19.88,32.13,34.13,23.08
746629,2024-06-01,2024,608070,L,571882,R,field_out,False,False,170.0,0.25,18.0,10.59,12.0,7.06,0.8320000000000001,0.276,14.04,6.84,14.1,20.94,30.79,8.7,461.0,0.302,48.0,10.41,54.0,11.71,0.863,0.179,15.4,6.98,13.91,20.89,28.02,10.17,53.0,0.222,18.0,33.96,8.0,15.09,0.651,0.089,33.64,15.65,13.91,29.57,34.78,24.32,113.0,0.245,21.0,18.58,14.0,12.39,0.712,0.122,22.33,9.87,16.31,26.18,24.79,14.19
746629,2024-06-01,2024,647304,L,571882,R,field_out,False,False,161.0,0.241,20.0,12.42,18.0,11.18,0.8460000000000001,0.27,20.07,10.36,8.57,18.93,31.4,14.49,348.0,0.311,53.0,15.23,25.0,7.18,0.851,0.184,21.29,11.96,9.18,21.15,41.36,16.99,53.0,0.222,18.0,33.96,8.0,15.09,0.651,0.089,33.64,15.65,13.91,29.57,34.78,24.32,113.0,0.245,21.0,18.58,14.0,12.39,0.712,0.122,22.33,9.87,16.31,26.18,24.79,14.19
746629,2024-06-01,2024,656180,R,683769,R,field_out,False,False,54.0,0.298,16.0,29.63,4.0,7.41,0.841,0.191,30.4,16.38,12.5,28.88,35.34,18.6,82.0,0.216,24.0,29.27,4.0,4.88,0.664,0.176,30.43,17.88,13.5,31.39,39.52,25.81,48.0,0.174,12.0,25.0,2.0,4.17,0.44699999999999995,0.065,32.97,16.95,19.77,36.72,36.0,20.0,83.0,0.286,16.0,19.28,5.0,6.02,0.857,0.246,20.12,11.07,14.66,25.73,30.23,14.81
746629,2024-06-01,2024,608336,L,683769,R,walk,False,True,94.0,0.169,40.0,42.55,14.0,14.89,0.6759999999999999,0.19499999999999998,45.66,19.55,15.84,35.4,22.75,31.75,273.0,0.177,118.0,43.22,40.0,14.65,0.748,0.271,44.52,21.12,11.99,33.11,25.82,30.1,55.0,0.196,14.0,25.45,2.0,3.64,0.5880000000000001,0.137,24.0,12.06,16.58,28.64,30.61,25.0,100.0,0.226,8.0,8.0,9.0,9.0,0.692,0.143,13.84,5.79,17.63,23.42,18.28,8.33
746629,2024-06-01,2024,592696,L,683769,R,field_out,False,False,141.0,0.174,39.0,27.66,9.0,6.38,0.613,0.21200000000000002,30.42,15.56,15.21,30.77,36.21,22.03,449.0,0.258,104.0,23.16,29.0,6.46,0.762,0.199,29.98,17.01,12.43,29.45,43.87,20.59,55.0,0.196,14.0,25.45,2.0,3.64,0.5880000000000001,0.137,24.0,12.06,16.58,28.64,30.61,25.0,100.0,0.226,8.0,8.0,9.0,9.0,0.692,0.143,13.84,5.79,17.63,23.42,18.28,8.33
746629,2024-06-01,2024,657041,R,683769,R,field_out,False,False,79.0,0.151,22.0,27.85,5.0,6.33,0.47700000000000004,0.12300000000000003,23.31,9.94,21.15,31.09,22.37,23.66,490.0,0.242,143.0,29.18,23.0,4.69,0.719,0.185,26.09,11.34,20.58,31.92,28.6,24.48,48.0,0.174,12.0,25.0,2.0,4.17,0.44699999999999995,0.065,32.97,16.95,19.77,36.72,36.0,20.0,83.0,0.286,16.0,19.28,5.0,6.02,0.857,0.246,20.12,11.07,14.66,25.73,30.23,14.81
746629,2024-06-01,2024,681807,R,571882,R,hit_by_pitch,False,False,68.0,0.305,13.0,19.12,6.0,8.82,0.857,0.16999999999999998,19.23,9.77,14.45,24.22,26.05,15.85,63.0,0.246,19.0,30.16,3.0,4.76,0.727,0.175,29.77,16.96,13.91,30.87,36.11,25.0,80.0,0.301,10.0,12.5,4.0,5.0,0.7130000000000001,0.08300000000000002,22.3,11.79,13.69,25.48,34.17,14.29,128.0,0.234,24.0,18.75,12.0,9.38,0.6799999999999999,0.1259999999999999,31.08,15.73,12.1,27.82,32.58,15.38
746629,2024-06-01,2024,686823,L,571882,R,field_out,False,False,146.0,0.235,19.0,13.01,11.0,7.53,0.6799999999999999,0.14400000000000002,18.61,10.02,11.59,21.61,34.51,15.83,369.0,0.279,45.0,12.2,14.0,3.79,0.6930000000000001,0.0999999999999999,17.97,10.23,12.48,22.71,38.5,12.47,53.0,0.222,18.0,33.96,8.0,15.09,0.651,0.089,33.64,15.65,13.91,29.57,34.78,24.32,113.0,0.245,21.0,18.58,14.0,12.39,0.712,0.122,22.33,9.87,16.31,26.18,24.79,14.19
746629,2024-06-01,2024,700932,L,571882,R,strikeout,True,False,49.0,0.239,13.0,26.53,2.0,4.08,0.6559999999999999,0.131,22.34,10.19,17.96,28.16,22.22,20.31,,,,,,,,,,,,,,,53.0,0.222,18.0,33.96,8.0,15.09,0.651,0.089,33.64,15.65,13.91,29.57,34.78,24.32,113.0,0.245,21.0,18.58,14.0,12.39,0.712,0.122,22.33,9.87,16.31,26.18,24.79,14.19
746629,2024-06-01,2024,672356,R,571882,R,walk,False,True,76.0,0.164,23.0,30.26,1.0,1.32,0.444,0.096,34.94,21.89,9.81,31.7,41.46,27.06,226.0,0.275,59.0,26.11,18.0,7.96,0.791,0.184,33.96,18.84,11.28,30.12,32.38,20.14,80.0,0.301,10.0,12.5,4.0,5.0,0.7130000000000001,0.08300000000000002,22.3,11.79,13.69,25.48,34.17,14.29,128.0,0.234,24.0,18.75,12.0,9.38,0.6799999999999999,0.1259999999999999,31.08,15.73,12.1,27.82,32.58,15.38
746629,2024-06-01,2024,595978,R,571882,R,field_out,False,False,23.0,0.136,9.0,39.13,1.0,4.35,0.356,0.045999999999999985,34.04,18.82,17.65,36.47,37.84,33.33,136.0,0.205,31.0,22.79,6.0,4.41,0.477,0.026,29.05,14.86,16.56,31.42,32.03,24.41,80.0,0.301,10.0,12.5,4.0,5.0,0.7130000000000001,0.08300000000000002,22.3,11.79,13.69,25.48,34.17,14.29,128.0,0.234,24.0,18.75,12.0,9.38,0.6799999999999999,0.1259999999999999,31.08,15.73,12.1,27.82,32.58,15.38
746629,2024-06-01,2024,671277,L,661403,R,field_out,False,False,144.0,0.292,25.0,17.36,7.0,4.86,0.793,0.17500000000000004,22.9,11.65,15.53,27.18,35.21,17.99,355.0,0.268,44.0,12.39,23.0,6.48,0.6950000000000001,0.1129999999999999,17.54,8.86,13.52,22.38,31.84,12.54,60.0,0.103,20.0,33.33,1.0,1.67,0.257,0.03500000000000002,33.05,18.06,18.98,37.04,48.11,29.85,151.0,0.252,42.0,27.81,10.0,6.62,0.622,0.065,27.27,13.15,15.91,29.06,28.67,22.58
746629,2024-06-01,2024,608841,R,661403,R,field_out,False,False,144.0,0.27,27.0,18.75,11.0,7.64,0.6799999999999999,0.07899999999999996,20.74,10.35,13.12,23.48,27.21,17.65,471.0,0.268,97.0,20.59,28.0,5.94,0.7030000000000001,0.12,23.85,11.18,18.94,30.12,30.48,17.38,42.0,0.256,9.0,21.43,1.0,2.38,0.594,0.05199999999999999,25.77,14.37,10.34,24.71,30.68,14.06,151.0,0.232,22.0,14.57,6.0,3.97,0.5980000000000001,0.106,27.57,16.05,13.35,29.4,33.82,15.38
746629,2024-06-01,2024,608385,L,661403,R,field_out,False,False,146.0,0.254,30.0,20.55,18.0,12.33,0.796,0.172,23.9,10.35,16.72,27.07,19.86,14.29,184.0,0.2,46.0,25.0,24.0,13.04,0.5660000000000001,0.0449999999999999,25.91,11.04,17.01,28.05,20.4,17.9,60.0,0.103,20.0,33.33,1.0,1.67,0.257,0.03500000000000002,33.05,18.06,18.98,37.04,48.11,29.85,151.0,0.252,42.0,27.81,10.0,6.62,0.622,0.065,27.27,13.15,15.91,29.06,28.67,22.58
746952,2024-06-01,2024,663837,R,681867,R,double,False,False,120.0,0.27,28.0,23.33,6.0,5.0,0.8520000000000001,0.271,21.29,8.81,20.7,29.51,17.59,19.58,383.0,0.26,92.0,24.02,29.0,7.57,0.724,0.14,21.06,9.23,21.95,31.18,28.67,18.31,71.0,0.297,15.0,21.13,5.0,7.04,0.868,0.21900000000000003,20.28,8.76,20.85,29.61,30.39,11.54,90.0,0.274,21.0,23.33,3.0,3.33,0.74,0.1549999999999999,20.89,9.85,20.6,30.45,29.3,20.39
746952,2024-06-01,2024,682985,L,681867,R,single,False,False,187.0,0.256,50.0,26.74,28.0,14.97,0.852,0.22499999999999998,30.25,12.29,17.85,30.14,21.46,22.52,323.0,0.291,84.0,26.01,28.0,8.67,0.826,0.182,27.26,12.45,16.06,28.52,24.68,20.14,91.0,0.224,21.0,23.08,4.0,4.4,0.617,0.12899999999999998,20.96,9.38,18.77,28.15,30.54,19.44,61.0,0.333,6.0,9.84,8.0,13.11,1.051,0.2749999999999999,13.68,5.83,17.49,23.32,25.23,11.11
746952,2024-06-01,2024,672761,L,681867,R,grounded_into_double_play,False,False,106.0,0.234,23.0,21.7,10.0,9.43,0.731,0.19199999999999998,20.2,8.95,18.34,27.29,25.66,15.86,,,,,,,,,,,,,,,91.0,0.224,21.0,23.08,4.0,4.4,0.617,0.12899999999999998,20.96,9.38,18.77,28.15,30.54,19.44,61.0,0.333,6.0,9.84,8.0,13.11,1.051,0.2749999999999999,13.68,5.83,17.49,23.32,25.23,11.11
746952,2024-06-01,2024,570482,R,681867,R,field_out,False,False,74.0,0.314,8.0,10.81,3.0,4.05,0.751,0.08600000000000002,20.59,10.89,17.12,28.02,37.1,12.7,175.0,0.276,30.0,17.14,9.0,5.14,0.653,0.061,20.55,11.01,13.8,24.82,34.39,12.39,71.0,0.297,15.0,21.13,5.0,7.04,0.868,0.21900000000000003,20.28,8.76,20.85,29.61,30.39,11.54,90.0,0.274,21.0,23.33,3.0,3.33,0.74,0.1549999999999999,20.89,9.85,20.6,30.45,29.3,20.39
746952,2024-06-01,2024,680776,L,681857,R,field_out,False,False,187.0,0.267,42.0,22.46,13.0,6.95,0.821,0.23299999999999998,24.27,11.71,15.37,27.08,29.32,21.54,314.0,0.296,75.0,23.89,21.0,6.69,0.84,0.195,24.68,12.92,13.75,26.67,30.3,19.02,118.0,0.139,28.0,23.73,12.0,10.17,0.444,0.059,26.99,12.42,16.09,28.51,29.24,17.39,190.0,0.218,50.0,26.32,23.0,12.11,0.687,0.158,25.27,11.11,16.18,27.29,26.16,18.12
746952,2024-06-01,2024,677800,L,681857,R,field_out,False,False,155.0,0.29,40.0,25.81,16.0,10.32,0.897,0.24600000000000005,30.69,14.88,14.56,29.44,25.89,20.51,75.0,0.333,18.0,24.0,9.0,12.0,0.928,0.182,30.07,13.61,16.77,30.38,23.72,18.0,118.0,0.139,28.0,23.73,12.0,10.17,0.444,0.059,26.99,12.42,16.09,28.51,29.24,17.39,190.0,0.218,50.0,26.32,23.0,12.11,0.687,0.158,25.27,11.11,16.18,27.29,26.16,18.12
746952,2024-06-01,2024,642086,L,681857,R,single,False,False,83.0,0.2,17.0,20.48,7.0,8.43,0.557,0.08000000000000002,23.49,11.67,15.67,27.33,32.24,23.29,414.0,0.263,62.0,14.98,33.0,7.97,0.736,0.135,19.9,10.09,14.56,24.65,32.27,13.42,118.0,0.139,28.0,23.73,12.0,10.17,0.444,0.059,26.99,12.42,16.09,28.51,29.24,17.39,190.0,0.218,50.0,26.32,23.0,12.11,0.687,0.158,25.27,11.11,16.18,27.29,26.16,18.12
746952,2024-06-01,2024,646240,L,681857,R,force_out,False,False,139.0,0.303,27.0,19.42,19.0,13.67,1.026,0.327,24.26,11.6,12.83,24.43,31.77,15.43,469.0,0.27,89.0,18.98,51.0,10.87,0.863,0.235,25.44,13.04,9.74,22.78,33.05,15.06,118.0,0.139,28.0,23.73,12.0,10.17,0.444,0.059,26.99,12.42,16.09,28.51,29.24,17.39,190.0,0.218,50.0,26.32,23.0,12.11,0.687,0.158,25.27,11.11,16.18,27.29,26.16,18.12
746952,2024-06-01,2024,690993,L,681867,R,field_out,False,False,155.0,0.239,27.0,17.42,11.0,7.1,0.621,0.08500000000000002,23.33,10.84,16.35,27.19,31.25,18.49,,,,,,,,,,,,,,,91.0,0.224,21.0,23.08,4.0,4.4,0.617,0.12899999999999998,20.96,9.38,18.77,28.15,30.54,19.44,61.0,0.333,6.0,9.84,8.0,13.11,1.051,0.2749999999999999,13.68,5.83,17.49,23.32,25.23,11.11
746952,2024-06-01,2024,679529,R,681867,R,strikeout,True,False,179.0,0.199,48.0,26.82,13.0,7.26,0.569,0.09899999999999998,31.46,14.01,18.59,32.59,22.89,22.43,525.0,0.233,138.0,26.29,51.0,9.71,0.736,0.1879999999999999,25.3,11.63,16.83,28.46,24.22,19.94,71.0,0.297,15.0,21.13,5.0,7.04,0.868,0.21900000000000003,20.28,8.76,20.85,29.61,30.39,11.54,90.0,0.274,21.0,23.33,3.0,3.33,0.74,0.1549999999999999,20.89,9.85,20.6,30.45,29.3,20.39
746952,2024-06-01,2024,656716,L,681867,R,double,False,False,83.0,0.192,24.0,28.92,8.0,9.64,0.51,0.04100000000000001,29.63,14.2,18.05,32.25,29.56,22.22,475.0,0.23,109.0,22.95,38.0,8.0,0.653,0.1259999999999999,21.06,10.13,16.08,26.2,28.04,19.12,91.0,0.224,21.0,23.08,4.0,4.4,0.617,0.12899999999999998,20.96,9.38,18.77,28.15,30.54,19.44,61.0,0.333,6.0,9.84,8.0,13.11,1.051,0.2749999999999999,13.68,5.83,17.49,23.32,25.23,11.11
746952,2024-06-01,2024,595879,R,681867,R,field_out,False,False,131.0,0.195,29.0,22.14,4.0,3.05,0.481,0.065,29.41,15.66,16.11,31.77,46.12,22.31,408.0,0.218,98.0,24.02,12.0,2.94,0.573,0.099,34.03,18.61,14.09,32.7,45.18,22.9,71.0,0.297,15.0,21.13,5.0,7.04,0.868,0.21900000000000003,20.28,8.76,20.85,29.61,30.39,11.54,90.0,0.274,21.0,23.33,3.0,3.33,0.74,0.1549999999999999,20.89,9.85,20.6,30.45,29.3,20.39
746952,2024-06-01,2024,665839,L,681857,R,home_run,False,False,85.0,0.179,26.0,30.59,4.0,4.71,0.52,0.129,23.78,11.85,17.63,29.48,32.74,23.01,133.0,0.28,32.0,24.06,7.0,5.26,0.806,0.2079999999999999,23.05,10.04,20.07,30.11,28.72,21.48,118.0,0.139,28.0,23.73,12.0,10.17,0.444,0.059,26.99,12.42,16.09,28.51,29.24,17.39,190.0,0.218,50.0,26.32,23.0,12.11,0.687,0.158,25.27,11.11,16.18,27.29,26.16,18.12
746952,2024-06-01,2024,687093,R,681857,R,field_out,False,False,70.0,0.138,13.0,18.57,4.0,5.71,0.338,0.0,22.41,9.7,21.27,30.97,26.81,17.81,45.0,0.293,6.0,13.33,2.0,4.44,0.7709999999999999,0.122,22.22,12.42,11.18,23.6,35.8,10.71,111.0,0.255,19.0,17.12,7.0,6.31,0.611,0.059,27.32,12.5,18.0,30.5,31.84,17.27,232.0,0.213,53.0,22.84,10.0,4.31,0.621,0.158,29.12,14.08,17.25,31.33,33.69,18.86
746952,2024-06-01,2024,624512,L,681857,R,strikeout,True,False,90.0,0.231,24.0,26.67,9.0,10.0,0.639,0.09,26.92,11.93,18.75,30.68,30.32,25.81,179.0,0.25,47.0,26.26,10.0,5.59,0.639,0.0979999999999999,22.84,12.46,16.72,29.18,42.86,22.6,118.0,0.139,28.0,23.73,12.0,10.17,0.444,0.059,26.99,12.42,16.09,28.51,29.24,17.39,190.0,0.218,50.0,26.32,23.0,12.11,0.687,0.158,25.27,11.11,16.18,27.29,26.16,18.12
746952,2024-06-01,2024,678882,R,681857,R,strikeout,True,False,161.0,0.211,40.0,24.84,4.0,2.48,0.606,0.164,31.71,19.72,11.9,31.62,44.36,21.51,62.0,0.263,20.0,32.26,3.0,4.84,0.6739999999999999,0.1049999999999999,27.08,15.6,11.2,26.8,42.11,22.22,111.0,0.255,19.0,17.12,7.0,6.31,0.611,0.059,27.32,12.5,18.0,30.5,31.84,17.27,232.0,0.213,53.0,22.84,10.0,4.31,0.621,0.158,29.12,14.08,17.25,31.33,33.69,18.86
746952,2024-06-01,2024,668670,R,681867,R,field_out,False,False,80.0,0.24,27.0,33.75,3.0,3.75,0.6479999999999999,0.12,32.84,14.62,19.6,34.22,23.29,31.4,259.0,0.215,84.0,32.43,20.0,7.72,0.676,0.18,31.32,14.43,18.81,33.23,22.13,28.38,71.0,0.297,15.0,21.13,5.0,7.04,0.868,0.21900000000000003,20.28,8.76,20.85,29.61,30.39,11.54,90.0,0.274,21.0,23.33,3.0,3.33,0.74,0.1549999999999999,20.89,9.85,20.6,30.45,29.3,20.39
746952,2024-06-01,2024,663837,R,681867,R,strikeout,True,False,120.0,0.27,28.0,23.33,6.0,5.0,0.8520000000000001,0.271,21.29,8.81,20.7,29.51,17.59,19.58,383.0,0.26,92.0,24.02,29.0,7.57,0.724,0.14,21.06,9.23,21.95,31.18,28.67,18.31,71.0,0.297,15.0,21.13,5.0,7.04,0.868,0.21900000000000003,20.28,8.76,20.85,29.61,30.39,11.54,90.0,0.274,21.0,23.33,3.0,3.33,0.74,0.1549999999999999,20.89,9.85,20.6,30.45,29.3,20.39
746952,2024-06-01,2024,682985,L,681867,R,strikeout,True,False,187.0,0.256,50.0,26.74,28.0,14.97,0.852,0.22499999999999998,30.25,12.29,17.85,30.14,21.46,22.52,323.0,0.291,84.0,26.01,28.0,8.67,0.826,0.182,27.26,12.45,16.06,28.52,24.68,20.14,91.0,0.224,21.0,23.08,4.0,4.4,0.617,0.12899999999999998,20.96,9.38,18.77,28.15,30.54,19.44,61.0,0.333,6.0,9.84,8.0,13.11,1.051,0.2749999999999999,13.68,5.83,17.49,23.32,25.23,11.11
746952,2024-06-01,2024,666152,L,681857,R,field_out,False,False,89.0,0.275,20.0,22.47,8.0,8.99,0.7729999999999999,0.14999999999999997,27.21,11.08,20.36,31.44,16.87,22.47,36.0,0.1,10.0,27.78,6.0,16.67,0.417,0.067,20.0,8.44,23.38,31.82,26.39,15.38,118.0,0.139,28.0,23.73,12.0,10.17,0.444,0.059,26.99,12.42,16.09,28.51,29.24,17.39,190.0,0.218,50.0,26.32,23.0,12.11,0.687,0.158,25.27,11.11,16.18,27.29,26.16,18.12
746952,2024-06-01,2024,680776,L,681857,R,single,False,False,187.0,0.267,42.0,22.46,13.0,6.95,0.821,0.23299999999999998,24.27,11.71,15.37,27.08,29.32,21.54,314.0,0.296,75.0,23.89,21.0,6.69,0.84,0.195,24.68,12.92,13.75,26.67,30.3,19.02,118.0,0.139,28.0,23.73,12.0,10.17,0.444,0.059,26.99,12.42,16.09,28.51,29.24,17.39,190.0,0.218,50.0,26.32,23.0,12.11,0.687,0.158,25.27,11.11,16.18,27.29,26.16,18.12
746952,2024-06-01,2024,677800,L,681857,R,single,False,False,155.0,0.29,40.0,25.81,16.0,10.32,0.897,0.24600000000000005,30.69,14.88,14.56,29.44,25.89,20.51,75.0,0.333,18.0,24.0,9.0,12.0,0.928,0.182,30.07,13.61,16.77,30.38,23.72,18.0,118.0,0.139,28.0,23.73,12.0,10.17,0.444,0.059,26.99,12.42,16.09,28.51,29.24,17.39,190.0,0.218,50.0,26.32,23.0,12.11,0.687,0.158,25.27,11.11,16.18,27.29,26.16,18.12
746952,2024-06-01,2024,642086,L,681857,R,force_out,False,False,83.0,0.2,17.0,20.48,7.0,8.43,0.557,0.08000000000000002,23.49,11.67,15.67,27.33,32.24,23.29,414.0,0.263,62.0,14.98,33.0,7.97,0.736,0.135,19.9,10.09,14.56,24.65,32.27,13.42,118.0,0.139,28.0,23.73,12.0,10.17,0.444,0.059,26.99,12.42,16.09,28.51,29.24,17.39,190.0,0.218,50.0,26.32,23.0,12.11,0.687,0.158,25.27,11.11,16.18,27.29,26.16,18.12
746952,2024-06-01,2024,646240,L,681857,R,strikeout,True,False,139.0,0.303,27.0,19.42,19.0,13.67,1.026,0.327,24.26,11.6,12.83,24.43,31.77,15.43,469.0,0.27,89.0,18.98,51.0,10.87,0.863,0.235,25.44,13.04,9.74,22.78,33.05,15.06,118.0,0.139,28.0,23.73,12.0,10.17,0.444,0.059,26.99,12.42,16.09,28.51,29.24,17.39,190.0,0.218,50.0,26.32,23.0,12.11,0.687,0.158,25.27,11.11,16.18,27.29,26.16,18.12
746952,2024-06-01,2024,672761,L,681867,R,walk,False,True,106.0,0.234,23.0,21.7,10.0,9.43,0.731,0.19199999999999998,20.2,8.95,18.34,27.29,25.66,15.86,,,,,,,,,,,,,,,91.0,0.224,21.0,23.08,4.0,4.4,0.617,0.12899999999999998,20.96,9.38,18.77,28.15,30.54,19.44,61.0,0.333,6.0,9.84,8.0,13.11,1.051,0.2749999999999999,13.68,5.83,17.49,23.32,25.23,11.11
746952,2024-06-01,2024,570482,R,681867,R,field_out,False,False,74.0,0.314,8.0,10.81,3.0,4.05,0.751,0.08600000000000002,20.59,10.89,17.12,28.02,37.1,12.7,175.0,0.276,30.0,17.14,9.0,5.14,0.653,0.061,20.55,11.01,13.8,24.82,34.39,12.39,71.0,0.297,15.0,21.13,5.0,7.04,0.868,0.21900000000000003,20.28,8.76,20.85,29.61,30.39,11.54,90.0,0.274,21.0,23.33,3.0,3.33,0.74,0.1549999999999999,20.89,9.85,20.6,30.45,29.3,20.39
746952,2024-06-01,2024,690993,L,681867,R,field_out,False,False,155.0,0.239,27.0,17.42,11.0,7.1,0.621,0.08500000000000002,23.33,10.84,16.35,27.19,31.25,18.49,,,,,,,,,,,,,,,91.0,0.224,21.0,23.08,4.0,4.4,0.617,0.12899999999999998,20.96,9.38,18.77,28.15,30.54,19.44,61.0,0.333,6.0,9.84,8.0,13.11,1.051,0.2749999999999999,13.68,5.83,17.49,23.32,25.23,11.11
746952,2024-06-01,2024,679529,R,681867,R,field_out,False,False,179.0,0.199,48.0,26.82,13.0,7.26,0.569,0.09899999999999998,31.46,14.01,18.59,32.59,22.89,22.43,525.0,0.233,138.0,26.29,51.0,9.71,0.736,0.1879999999999999,25.3,11.63,16.83,28.46,24.22,19.94,71.0,0.297,15.0,21.13,5.0,7.04,0.868,0.21900000000000003,20.28,8.76,20.85,29.61,30.39,11.54,90.0,0.274,21.0,23.33,3.0,3.33,0.74,0.1549999999999999,20.89,9.85,20.6,30.45,29.3,20.39
746952,2024-06-01,2024,665839,L,681857,R,double,False,False,85.0,0.179,26.0,30.59,4.0,4.71,0.52,0.129,23.78,11.85,17.63,29.48,32.74,23.01,133.0,0.28,32.0,24.06,7.0,5.26,0.806,0.2079999999999999,23.05,10.04,20.07,30.11,28.72,21.48,118.0,0.139,28.0,23.73,12.0,10.17,0.444,0.059,26.99,12.42,16.09,28.51,29.24,17.39,190.0,0.218,50.0,26.32,23.0,12.11,0.687,0.158,25.27,11.11,16.18,27.29,26.16,18.12
746952,2024-06-01,2024,657136,R,681857,R,field_out,False,False,106.0,0.313,21.0,19.81,1.0,0.94,0.798,0.15200000000000002,25.51,14.04,14.33,28.37,34.13,22.34,296.0,0.262,94.0,31.76,13.0,4.39,0.734,0.1669999999999999,32.08,16.95,15.14,32.09,35.28,27.01,111.0,0.255,19.0,17.12,7.0,6.31,0.611,0.059,27.32,12.5,18.0,30.5,31.84,17.27,232.0,0.213,53.0,22.84,10.0,4.31,0.621,0.158,29.12,14.08,17.25,31.33,33.69,18.86
746952,2024-06-01,2024,624512,L,681857,R,sac_fly,False,False,90.0,0.231,24.0,26.67,9.0,10.0,0.639,0.09,26.92,11.93,18.75,30.68,30.32,25.81,179.0,0.25,47.0,26.26,10.0,5.59,0.639,0.0979999999999999,22.84,12.46,16.72,29.18,42.86,22.6,118.0,0.139,28.0,23.73,12.0,10.17,0.444,0.059,26.99,12.42,16.09,28.51,29.24,17.39,190.0,0.218,50.0,26.32,23.0,12.11,0.687,0.158,25.27,11.11,16.18,27.29,26.16,18.12
746952,2024-06-01,2024,678882,R,681857,R,strikeout,True,False,161.0,0.211,40.0,24.84,4.0,2.48,0.606,0.164,31.71,19.72,11.9,31.62,44.36,21.51,62.0,0.263,20.0,32.26,3.0,4.84,0.6739999999999999,0.1049999999999999,27.08,15.6,11.2,26.8,42.11,22.22,111.0,0.255,19.0,17.12,7.0,6.31,0.611,0.059,27.32,12.5,18.0,30.5,31.84,17.27,232.0,0.213,53.0,22.84,10.0,4.31,0.621,0.158,29.12,14.08,17.25,31.33,33.69,18.86
746952,2024-06-01,2024,656716,L,681867,R,strikeout,True,False,83.0,0.192,24.0,28.92,8.0,9.64,0.51,0.04100000000000001,29.63,14.2,18.05,32.25,29.56,22.22,475.0,0.23,109.0,22.95,38.0,8.0,0.653,0.1259999999999999,21.06,10.13,16.08,26.2,28.04,19.12,91.0,0.224,21.0,23.08,4.0,4.4,0.617,0.12899999999999998,20.96,9.38,18.77,28.15,30.54,19.44,61.0,0.333,6.0,9.84,8.0,13.11,1.051,0.2749999999999999,13.68,5.83,17.49,23.32,25.23,11.11
746952,2024-06-01,2024,595879,R,681867,R,field_out,False,False,131.0,0.195,29.0,22.14,4.0,3.05,0.481,0.065,29.41,15.66,16.11,31.77,46.12,22.31,408.0,0.218,98.0,24.02,12.0,2.94,0.573,0.099,34.03,18.61,14.09,32.7,45.18,22.9,71.0,0.297,15.0,21.13,5.0,7.04,0.868,0.21900000000000003,20.28,8.76,20.85,29.61,30.39,11.54,90.0,0.274,21.0,23.33,3.0,3.33,0.74,0.1549999999999999,20.89,9.85,20.6,30.45,29.3,20.39
746952,2024-06-01,2024,668670,R,681867,R,strikeout,True,False,80.0,0.24,27.0,33.75,3.0,3.75,0.6479999999999999,0.12,32.84,14.62,19.6,34.22,23.29,31.4,259.0,0.215,84.0,32.43,20.0,7.72,0.676,0.18,31.32,14.43,18.81,33.23,22.13,28.38,71.0,0.297,15.0,21.13,5.0,7.04,0.868,0.21900000000000003,20.28,8.76,20.85,29.61,30.39,11.54,90.0,0.274,21.0,23.33,3.0,3.33,0.74,0.1549999999999999,20.89,9.85,20.6,30.45,29.3,20.39
746952,2024-06-01,2024,666152,L,681857,R,strikeout,True,False,89.0,0.275,20.0,22.47,8.0,8.99,0.7729999999999999,0.14999999999999997,27.21,11.08,20.36,31.44,16.87,22.47,36.0,0.1,10.0,27.78,6.0,16.67,0.417,0.067,20.0,8.44,23.38,31.82,26.39,15.38,118.0,0.139,28.0,23.73,12.0,10.17,0.444,0.059,26.99,12.42,16.09,28.51,29.24,17.39,190.0,0.218,50.0,26.32,23.0,12.11,0.687,0.158,25.27,11.11,16.18,27.29,26.16,18.12
746952,2024-06-01,2024,680776,L,681857,R,field_out,False,False,187.0,0.267,42.0,22.46,13.0,6.95,0.821,0.23299999999999998,24.27,11.71,15.37,27.08,29.32,21.54,314.0,0.296,75.0,23.89,21.0,6.69,0.84,0.195,24.68,12.92,13.75,26.67,30.3,19.02,118.0,0.139,28.0,23.73,12.0,10.17,0.444,0.059,26.99,12.42,16.09,28.51,29.24,17.39,190.0,0.218,50.0,26.32,23.0,12.11,0.687,0.158,25.27,11.11,16.18,27.29,26.16,18.12
746952,2024-06-01,2024,677800,L,681857,R,field_out,False,False,155.0,0.29,40.0,25.81,16.0,10.32,0.897,0.24600000000000005,30.69,14.88,14.56,29.44,25.89,20.51,75.0,0.333,18.0,24.0,9.0,12.0,0.928,0.182,30.07,13.61,16.77,30.38,23.72,18.0,118.0,0.139,28.0,23.73,12.0,10.17,0.444,0.059,26.99,12.42,16.09,28.51,29.24,17.39,190.0,0.218,50.0,26.32,23.0,12.11,0.687,0.158,25.27,11.11,16.18,27.29,26.16,18.12
746952,2024-06-01,2024,663837,R,681867,R,double,False,False,120.0,0.27,28.0,23.33,6.0,5.0,0.8520000000000001,0.271,21.29,8.81,20.7,29.51,17.59,19.58,383.0,0.26,92.0,24.02,29.0,7.57,0.724,0.14,21.06,9.23,21.95,31.18,28.67,18.31,71.0,0.297,15.0,21.13,5.0,7.04,0.868,0.21900000000000003,20.28,8.76,20.85,29.61,30.39,11.54,90.0,0.274,21.0,23.33,3.0,3.33,0.74,0.1549999999999999,20.89,9.85,20.6,30.45,29.3,20.39
746952,2024-06-01,2024,682985,L,657514,L,strikeout,True,False,53.0,0.184,13.0,24.53,4.0,7.55,0.592,0.16299999999999998,25.51,11.79,19.34,31.13,23.66,17.33,93.0,0.279,30.0,32.26,7.0,7.53,0.6930000000000001,0.0809999999999999,30.96,15.64,16.92,32.56,32.98,21.74,46.0,0.122,12.0,26.09,3.0,6.52,0.395,0.07300000000000001,20.0,7.78,25.0,32.78,11.84,21.43,84.0,0.169,23.0,27.38,3.0,3.57,0.4589999999999999,0.0519999999999999,24.82,10.84,23.53,34.37,22.79,26.74
746952,2024-06-01,2024,672761,R,657514,L,double_play,False,False,39.0,0.333,9.0,23.08,3.0,7.69,0.885,0.16699999999999998,14.67,7.43,13.51,20.95,33.33,19.57,,,,,,,,,,,,,,,41.0,0.125,11.0,26.83,7.0,17.07,0.418,0.0,23.53,10.46,17.65,28.1,23.38,22.92,132.0,0.304,35.0,26.52,15.0,11.36,0.872,0.174,24.64,9.56,20.22,29.78,16.48,23.33
746952,2024-06-01,2024,642086,L,681857,R,walk,False,True,83.0,0.2,17.0,20.48,7.0,8.43,0.557,0.08000000000000002,23.49,11.67,15.67,27.33,32.24,23.29,414.0,0.263,62.0,14.98,33.0,7.97,0.736,0.135,19.9,10.09,14.56,24.65,32.27,13.42,118.0,0.139,28.0,23.73,12.0,10.17,0.444,0.059,26.99,12.42,16.09,28.51,29.24,17.39,190.0,0.218,50.0,26.32,23.0,12.11,0.687,0.158,25.27,11.11,16.18,27.29,26.16,18.12
746952,2024-06-01,2024,646240,L,681857,R,field_out,False,False,139.0,0.303,27.0,19.42,19.0,13.67,1.026,0.327,24.26,11.6,12.83,24.43,31.77,15.43,469.0,0.27,89.0,18.98,51.0,10.87,0.863,0.235,25.44,13.04,9.74,22.78,33.05,15.06,118.0,0.139,28.0,23.73,12.0,10.17,0.444,0.059,26.99,12.42,16.09,28.51,29.24,17.39,190.0,0.218,50.0,26.32,23.0,12.11,0.687,0.158,25.27,11.11,16.18,27.29,26.16,18.12
746952,2024-06-01,2024,665839,L,681857,R,home_run,False,False,85.0,0.179,26.0,30.59,4.0,4.71,0.52,0.129,23.78,11.85,17.63,29.48,32.74,23.01,133.0,0.28,32.0,24.06,7.0,5.26,0.806,0.2079999999999999,23.05,10.04,20.07,30.11,28.72,21.48,118.0,0.139,28.0,23.73,12.0,10.17,0.444,0.059,26.99,12.42,16.09,28.51,29.24,17.39,190.0,0.218,50.0,26.32,23.0,12.11,0.687,0.158,25.27,11.11,16.18,27.29,26.16,18.12
746952,2024-06-01,2024,657136,R,676684,R,single,False,False,106.0,0.313,21.0,19.81,1.0,0.94,0.798,0.15200000000000002,25.51,14.04,14.33,28.37,34.13,22.34,296.0,0.262,94.0,31.76,13.0,4.39,0.734,0.1669999999999999,32.08,16.95,15.14,32.09,35.28,27.01,67.0,0.242,14.0,20.9,3.0,4.48,0.644,0.129,23.48,12.55,17.0,29.55,33.94,17.28,114.0,0.215,32.0,28.07,7.0,6.14,0.5529999999999999,0.0749999999999999,27.23,12.59,22.76,35.35,32.97,26.45
746952,2024-06-01,2024,624512,L,676684,R,strikeout,True,False,90.0,0.231,24.0,26.67,9.0,10.0,0.639,0.09,26.92,11.93,18.75,30.68,30.32,25.81,179.0,0.25,47.0,26.26,10.0,5.59,0.639,0.0979999999999999,22.84,12.46,16.72,29.18,42.86,22.6,30.0,0.24,2.0,6.67,3.0,10.0,0.5800000000000001,0.040000000000000036,24.07,11.02,16.95,27.97,19.3,6.67,85.0,0.218,24.0,28.24,6.0,7.06,0.646,0.154,21.11,10.24,18.06,28.3,34.72,20.51
746952,2024-06-01,2024,678882,R,676684,R,strikeout,True,False,161.0,0.211,40.0,24.84,4.0,2.48,0.606,0.164,31.71,19.72,11.9,31.62,44.36,21.51,62.0,0.263,20.0,32.26,3.0,4.84,0.6739999999999999,0.1049999999999999,27.08,15.6,11.2,26.8,42.11,22.22,67.0,0.242,14.0,20.9,3.0,4.48,0.644,0.129,23.48,12.55,17.0,29.55,33.94,17.28,114.0,0.215,32.0,28.07,7.0,6.14,0.5529999999999999,0.0749999999999999,27.23,12.59,22.76,35.35,32.97,26.45
746952,2024-06-01,2024,570482,R,657514,L,single,False,False,32.0,0.161,8.0,25.0,1.0,3.12,0.382,0.033,23.33,14.43,10.31,24.74,44.23,34.78,53.0,0.373,6.0,11.32,1.0,1.89,0.867,0.1169999999999999,13.56,7.96,11.94,19.9,44.55,8.82,41.0,0.125,11.0,26.83,7.0,17.07,0.418,0.0,23.53,10.46,17.65,28.1,23.38,22.92,132.0,0.304,35.0,26.52,15.0,11.36,0.872,0.174,24.64,9.56,20.22,29.78,16.48,23.33
746952,2024-06-01,2024,690993,L,657514,L,strikeout,True,False,24.0,0.227,5.0,20.83,2.0,8.33,0.519,0.0,16.67,8.99,19.1,28.09,29.41,20.0,,,,,,,,,,,,,,,46.0,0.122,12.0,26.09,3.0,6.52,0.395,0.07300000000000001,20.0,7.78,25.0,32.78,11.84,21.43,84.0,0.169,23.0,27.38,3.0,3.57,0.4589999999999999,0.0519999999999999,24.82,10.84,23.53,34.37,22.79,26.74
746952,2024-06-01,2024,679529,R,657514,L,field_out,False,False,49.0,0.227,6.0,12.24,3.0,6.12,0.748,0.24999999999999997,12.0,5.58,15.81,21.4,22.12,7.59,161.0,0.231,33.0,20.5,16.0,9.94,0.8280000000000001,0.293,22.59,10.48,15.72,26.19,21.59,17.01,41.0,0.125,11.0,26.83,7.0,17.07,0.418,0.0,23.53,10.46,17.65,28.1,23.38,22.92,132.0,0.304,35.0,26.52,15.0,11.36,0.872,0.174,24.64,9.56,20.22,29.78,16.48,23.33
746952,2024-06-01,2024,628451,R,657514,L,field_out,False,False,50.0,0.326,11.0,22.0,1.0,2.0,0.8400000000000001,0.174,31.07,18.5,9.25,27.75,42.11,26.19,118.0,0.261,24.0,20.34,6.0,5.08,0.8200000000000001,0.262,23.36,12.59,13.85,26.45,37.13,23.53,41.0,0.125,11.0,26.83,7.0,17.07,0.418,0.0,23.53,10.46,17.65,28.1,23.38,22.92,132.0,0.304,35.0,26.52,15.0,11.36,0.872,0.174,24.64,9.56,20.22,29.78,16.48,23.33
746952,2024-06-01,2024,666152,L,605177,L,field_out,False,False,9.0,0.333,4.0,44.44,0.0,0.0,0.666,0.0,40.0,16.22,21.62,37.84,17.65,28.57,3.0,0.333,0.0,0.0,0.0,0.0,0.666,0.0,25.0,16.67,16.67,33.33,50.0,,27.0,0.208,8.0,29.63,3.0,11.11,0.546,0.04200000000000001,25.0,13.21,14.15,27.36,40.98,24.24,84.0,0.264,20.0,23.81,11.0,13.1,0.744,0.1109999999999999,25.9,10.32,20.92,31.23,26.29,18.18
746952,2024-06-01,2024,680776,L,605177,L,double,False,False,75.0,0.215,19.0,25.33,7.0,9.33,0.542,0.016000000000000014,26.15,11.6,20.48,32.08,30.87,22.89,49.0,0.289,15.0,30.61,3.0,6.12,0.749,0.133,24.44,10.73,20.0,30.73,27.27,25.86,27.0,0.208,8.0,29.63,3.0,11.11,0.546,0.04200000000000001,25.0,13.21,14.15,27.36,40.98,24.24,84.0,0.264,20.0,23.81,11.0,13.1,0.744,0.1109999999999999,25.9,10.32,20.92,31.23,26.29,18.18
746952,2024-06-01,2024,677800,L,605177,L,walk,False,True,26.0,0.167,9.0,34.62,2.0,7.69,0.439,0.04099999999999998,35.42,18.28,16.13,34.41,36.36,45.0,10.0,0.2,5.0,50.0,0.0,0.0,0.4,0.0,44.44,17.78,26.67,44.44,34.78,29.41,27.0,0.208,8.0,29.63,3.0,11.11,0.546,0.04200000000000001,25.0,13.21,14.15,27.36,40.98,24.24,84.0,0.264,20.0,23.81,11.0,13.1,0.744,0.1109999999999999,25.9,10.32,20.92,31.23,26.29,18.18
746952,2024-06-01,2024,642086,L,605177,L,field_out,False,False,7.0,0.167,2.0,28.57,1.0,14.29,0.619,0.166,12.5,5.71,14.29,20.0,26.32,12.5,172.0,0.234,29.0,16.86,14.0,8.14,0.588,0.0569999999999999,20.07,8.92,18.77,27.69,25.32,16.2,27.0,0.208,8.0,29.63,3.0,11.11,0.546,0.04200000000000001,25.0,13.21,14.15,27.36,40.98,24.24,84.0,0.264,20.0,23.81,11.0,13.1,0.744,0.1109999999999999,25.9,10.32,20.92,31.23,26.29,18.18
746952,2024-06-01,2024,646240,L,605177,L,single,False,False,65.0,0.228,21.0,32.31,6.0,9.23,0.639,0.088,29.29,15.53,12.88,28.41,30.33,23.6,188.0,0.273,37.0,19.68,11.0,5.85,0.823,0.2149999999999999,27.74,14.71,11.61,26.32,30.93,15.19,27.0,0.208,8.0,29.63,3.0,11.11,0.546,0.04200000000000001,25.0,13.21,14.15,27.36,40.98,24.24,84.0,0.264,20.0,23.81,11.0,13.1,0.744,0.1109999999999999,25.9,10.32,20.92,31.23,26.29,18.18
746952,2024-06-01,2024,665839,L,605177,L,strikeout,True,False,14.0,0.0,5.0,35.71,0.0,0.0,0.0,0.0,37.93,21.57,11.76,33.33,50.0,38.46,16.0,0.143,5.0,31.25,1.0,6.25,0.393,0.0,37.5,16.98,16.98,33.96,31.03,50.0,27.0,0.208,8.0,29.63,3.0,11.11,0.546,0.04200000000000001,25.0,13.21,14.15,27.36,40.98,24.24,84.0,0.264,20.0,23.81,11.0,13.1,0.744,0.1109999999999999,25.9,10.32,20.92,31.23,26.29,18.18
746952,2024-06-01,2024,595879,R,641745,R,strikeout,True,False,131.0,0.195,29.0,22.14,4.0,3.05,0.481,0.065,29.41,15.66,16.11,31.77,46.12,22.31,408.0,0.218,98.0,24.02,12.0,2.94,0.573,0.099,34.03,18.61,14.09,32.7,45.18,22.9,50.0,0.311,7.0,14.0,5.0,10.0,1.002,0.311,20.22,9.18,18.88,28.06,22.34,10.77,102.0,0.256,15.0,14.71,22.0,21.57,0.7769999999999999,0.0899999999999999,25.0,8.96,17.43,26.39,22.82,15.62
746952,2024-06-01,2024,668670,R,641745,R,field_out,False,False,80.0,0.24,27.0,33.75,3.0,3.75,0.6479999999999999,0.12,32.84,14.62,19.6,34.22,23.29,31.4,259.0,0.215,84.0,32.43,20.0,7.72,0.676,0.18,31.32,14.43,18.81,33.23,22.13,28.38,50.0,0.311,7.0,14.0,5.0,10.0,1.002,0.311,20.22,9.18,18.88,28.06,22.34,10.77,102.0,0.256,15.0,14.71,22.0,21.57,0.7769999999999999,0.0899999999999999,25.0,8.96,17.43,26.39,22.82,15.62
746952,2024-06-01,2024,663837,R,641745,R,field_out,False,False,120.0,0.27,28.0,23.33,6.0,5.0,0.8520000000000001,0.271,21.29,8.81,20.7,29.51,17.59,19.58,383.0,0.26,92.0,24.02,29.0,7.57,0.724,0.14,21.06,9.23,21.95,31.18,28.67,18.31,50.0,0.311,7.0,14.0,5.0,10.0,1.002,0.311,20.22,9.18,18.88,28.06,22.34,10.77,102.0,0.256,15.0,14.71,22.0,21.57,0.7769999999999999,0.0899999999999999,25.0,8.96,17.43,26.39,22.82,15.62
746952,2024-06-01,2024,657136,R,671345,R,strikeout,True,False,106.0,0.313,21.0,19.81,1.0,0.94,0.798,0.15200000000000002,25.51,14.04,14.33,28.37,34.13,22.34,296.0,0.262,94.0,31.76,13.0,4.39,0.734,0.1669999999999999,32.08,16.95,15.14,32.09,35.28,27.01,48.0,0.273,9.0,18.75,3.0,6.25,0.6759999999999999,0.09099999999999997,20.59,9.59,21.23,30.82,26.87,32.14,171.0,0.222,30.0,17.54,7.0,4.09,0.506,0.0249999999999999,14.71,7.13,19.97,27.1,35.23,15.23
746952,2024-06-01,2024,624512,L,671345,R,field_out,False,False,90.0,0.231,24.0,26.67,9.0,10.0,0.639,0.09,26.92,11.93,18.75,30.68,30.32,25.81,179.0,0.25,47.0,26.26,10.0,5.59,0.639,0.0979999999999999,22.84,12.46,16.72,29.18,42.86,22.6,40.0,0.257,7.0,17.5,5.0,12.5,0.6930000000000001,0.08600000000000002,21.52,10.12,17.86,27.98,21.62,11.86,106.0,0.299,25.0,23.58,8.0,7.55,0.847,0.196,22.89,10.82,13.41,24.24,29.46,19.83
746952,2024-06-01,2024,678882,R,671345,R,single,False,False,161.0,0.211,40.0,24.84,4.0,2.48,0.606,0.164,31.71,19.72,11.9,31.62,44.36,21.51,62.0,0.263,20.0,32.26,3.0,4.84,0.6739999999999999,0.1049999999999999,27.08,15.6,11.2,26.8,42.11,22.22,48.0,0.273,9.0,18.75,3.0,6.25,0.6759999999999999,0.09099999999999997,20.59,9.59,21.23,30.82,26.87,32.14,171.0,0.222,30.0,17.54,7.0,4.09,0.506,0.0249999999999999,14.71,7.13,19.97,27.1,35.23,15.23
746952,2024-06-01,2024,666152,L,671345,R,strikeout,True,False,89.0,0.275,20.0,22.47,8.0,8.99,0.7729999999999999,0.14999999999999997,27.21,11.08,20.36,31.44,16.87,22.47,36.0,0.1,10.0,27.78,6.0,16.67,0.417,0.067,20.0,8.44,23.38,31.82,26.39,15.38,40.0,0.257,7.0,17.5,5.0,12.5,0.6930000000000001,0.08600000000000002,21.52,10.12,17.86,27.98,21.62,11.86,106.0,0.299,25.0,23.58,8.0,7.55,0.847,0.196,22.89,10.82,13.41,24.24,29.46,19.83
746952,2024-06-01,2024,682985,L,641745,R,single,False,False,187.0,0.256,50.0,26.74,28.0,14.97,0.852,0.22499999999999998,30.25,12.29,17.85,30.14,21.46,22.52,323.0,0.291,84.0,26.01,28.0,8.67,0.826,0.182,27.26,12.45,16.06,28.52,24.68,20.14,46.0,0.227,8.0,17.39,2.0,4.35,0.6699999999999999,0.18199999999999997,22.73,10.64,15.43,26.06,31.13,16.0,109.0,0.262,16.0,14.68,23.0,21.1,0.8029999999999999,0.119,20.99,8.15,16.95,25.11,17.86,12.7
746952,2024-06-01,2024,672761,L,641745,R,field_out,False,False,106.0,0.234,23.0,21.7,10.0,9.43,0.731,0.19199999999999998,20.2,8.95,18.34,27.29,25.66,15.86,,,,,,,,,,,,,,,46.0,0.227,8.0,17.39,2.0,4.35,0.6699999999999999,0.18199999999999997,22.73,10.64,15.43,26.06,31.13,16.0,109.0,0.262,16.0,14.68,23.0,21.1,0.8029999999999999,0.119,20.99,8.15,16.95,25.11,17.86,12.7
746952,2024-06-01,2024,570482,R,641745,R,home_run,False,False,74.0,0.314,8.0,10.81,3.0,4.05,0.751,0.08600000000000002,20.59,10.89,17.12,28.02,37.1,12.7,175.0,0.276,30.0,17.14,9.0,5.14,0.653,0.061,20.55,11.01,13.8,24.82,34.39,12.39,50.0,0.311,7.0,14.0,5.0,10.0,1.002,0.311,20.22,9.18,18.88,28.06,22.34,10.77,102.0,0.256,15.0,14.71,22.0,21.57,0.7769999999999999,0.0899999999999999,25.0,8.96,17.43,26.39,22.82,15.62
746952,2024-06-01,2024,690993,L,641745,R,field_out,False,False,155.0,0.239,27.0,17.42,11.0,7.1,0.621,0.08500000000000002,23.33,10.84,16.35,27.19,31.25,18.49,,,,,,,,,,,,,,,46.0,0.227,8.0,17.39,2.0,4.35,0.6699999999999999,0.18199999999999997,22.73,10.64,15.43,26.06,31.13,16.0,109.0,0.262,16.0,14.68,23.0,21.1,0.8029999999999999,0.119,20.99,8.15,16.95,25.11,17.86,12.7
746952,2024-06-01,2024,679529,R,641745,R,strikeout,True,False,179.0,0.199,48.0,26.82,13.0,7.26,0.569,0.09899999999999998,31.46,14.01,18.59,32.59,22.89,22.43,525.0,0.233,138.0,26.29,51.0,9.71,0.736,0.1879999999999999,25.3,11.63,16.83,28.46,24.22,19.94,50.0,0.311,7.0,14.0,5.0,10.0,1.002,0.311,20.22,9.18,18.88,28.06,22.34,10.77,102.0,0.256,15.0,14.71,22.0,21.57,0.7769999999999999,0.0899999999999999,25.0,8.96,17.43,26.39,22.82,15.62
747029,2024-06-01,2024,650490,R,680694,R,field_out,False,False,189.0,0.232,28.0,14.81,19.0,10.05,0.644,0.095,11.28,4.87,17.31,22.18,22.58,12.17,462.0,0.322,72.0,15.58,49.0,10.61,0.881,0.1559999999999999,18.95,8.0,18.68,26.68,19.71,15.69,56.0,0.188,18.0,32.14,7.0,12.5,0.583,0.10399999999999998,26.73,11.69,20.78,32.47,27.03,21.43,368.0,0.211,90.0,24.46,17.0,4.62,0.5900000000000001,0.119,26.97,12.79,18.3,31.1,29.84,21.63
747029,2024-06-01,2024,664040,L,680694,R,single,False,False,59.0,0.184,14.0,23.73,8.0,13.56,0.6890000000000001,0.183,28.57,14.56,9.22,23.79,26.96,26.92,374.0,0.241,103.0,27.54,42.0,11.23,0.813,0.237,31.86,16.63,11.13,27.77,30.39,21.33,50.0,0.163,16.0,32.0,4.0,8.0,0.513,0.07,27.71,11.22,22.44,33.66,23.47,26.67,304.0,0.22,78.0,25.66,27.0,8.88,0.624,0.11,24.81,10.84,18.01,28.85,25.16,21.31
747029,2024-06-01,2024,670623,R,680694,R,single,False,False,182.0,0.297,27.0,14.84,19.0,10.44,0.91,0.22600000000000003,17.11,7.76,18.14,25.89,27.45,8.77,438.0,0.247,82.0,18.72,43.0,9.82,0.86,0.266,18.6,8.55,16.71,25.26,28.98,14.09,56.0,0.188,18.0,32.14,7.0,12.5,0.583,0.10399999999999998,26.73,11.69,20.78,32.47,27.03,21.43,368.0,0.211,90.0,24.46,17.0,4.62,0.5900000000000001,0.119,26.97,12.79,18.3,31.1,29.84,21.63
747029,2024-06-01,2024,666018,L,680694,R,strikeout,True,False,41.0,0.222,9.0,21.95,5.0,12.2,0.6779999999999999,0.13899999999999998,19.75,8.38,23.04,31.41,26.14,12.33,94.0,0.247,28.0,29.79,10.0,10.64,0.7350000000000001,0.148,29.26,13.35,20.39,33.74,32.88,17.42,50.0,0.163,16.0,32.0,4.0,8.0,0.513,0.07,27.71,11.22,22.44,33.66,23.47,26.67,304.0,0.22,78.0,25.66,27.0,8.88,0.624,0.11,24.81,10.84,18.01,28.85,25.16,21.31
747029,2024-06-01,2024,668227,R,680694,R,strikeout,True,False,177.0,0.165,54.0,30.51,16.0,9.04,0.565,0.151,37.65,16.05,20.0,36.05,26.14,21.69,517.0,0.254,119.0,23.02,62.0,11.99,0.7769999999999999,0.1589999999999999,29.93,12.82,18.77,31.59,26.93,19.44,56.0,0.188,18.0,32.14,7.0,12.5,0.583,0.10399999999999998,26.73,11.69,20.78,32.47,27.03,21.43,368.0,0.211,90.0,24.46,17.0,4.62,0.5900000000000001,0.119,26.97,12.79,18.3,31.1,29.84,21.63
747029,2024-06-01,2024,683002,L,671737,R,field_out,False,False,164.0,0.243,35.0,21.34,16.0,9.76,0.905,0.33299999999999996,24.65,11.44,15.03,26.47,23.95,24.31,455.0,0.272,117.0,25.71,38.0,8.35,0.885,0.277,25.57,12.07,15.7,27.78,26.4,22.35,45.0,0.233,16.0,35.56,1.0,2.22,0.732,0.232,32.61,17.96,13.77,31.74,36.14,33.33,230.0,0.227,75.0,32.61,20.0,8.7,0.677,0.159,29.2,13.82,16.1,29.92,24.77,27.17
747029,2024-06-01,2024,668939,L,671737,R,single,False,False,154.0,0.232,30.0,19.48,9.0,5.84,0.638,0.12699999999999997,22.6,10.75,18.89,29.64,33.44,16.95,496.0,0.267,80.0,16.13,61.0,12.3,0.778,0.1519999999999999,16.76,6.91,19.7,26.61,24.41,12.54,45.0,0.233,16.0,35.56,1.0,2.22,0.732,0.232,32.61,17.96,13.77,31.74,36.14,33.33,230.0,0.227,75.0,32.61,20.0,8.7,0.677,0.159,29.2,13.82,16.1,29.92,24.77,27.17
747029,2024-06-01,2024,656811,L,671737,R,field_out,False,False,149.0,0.281,16.0,10.74,14.0,9.4,0.83,0.19999999999999996,17.37,7.62,16.91,24.54,23.81,13.91,340.0,0.297,74.0,21.76,13.0,3.82,0.802,0.178,22.26,11.29,14.37,25.66,31.15,17.72,45.0,0.233,16.0,35.56,1.0,2.22,0.732,0.232,32.61,17.96,13.77,31.74,36.14,33.33,230.0,0.227,75.0,32.61,20.0,8.7,0.677,0.159,29.2,13.82,16.1,29.92,24.77,27.17
747029,2024-06-01,2024,663624,R,671737,R,home_run,False,False,146.0,0.275,34.0,23.29,6.0,4.11,0.736,0.15999999999999998,23.72,12.85,12.85,25.69,37.38,18.89,310.0,0.235,78.0,25.16,22.0,7.1,0.6399999999999999,0.1139999999999999,29.78,16.05,13.56,29.61,37.06,21.61,45.0,0.128,13.0,28.89,5.0,11.11,0.427,0.07699999999999999,28.57,13.27,15.31,28.57,23.53,19.12,230.0,0.282,54.0,23.48,19.0,8.26,0.946,0.321,21.36,11.52,13.29,24.81,30.0,18.12
747029,2024-06-01,2024,623993,L,671737,R,home_run,False,False,154.0,0.183,26.0,16.88,9.0,5.84,0.627,0.197,16.33,9.24,11.99,21.23,40.79,12.68,486.0,0.26,107.0,22.02,31.0,6.38,0.798,0.2229999999999999,22.13,11.37,14.84,26.21,37.22,15.21,45.0,0.233,16.0,35.56,1.0,2.22,0.732,0.232,32.61,17.96,13.77,31.74,36.14,33.33,230.0,0.227,75.0,32.61,20.0,8.7,0.677,0.159,29.2,13.82,16.1,29.92,24.77,27.17
747029,2024-06-01,2024,681297,L,671737,R,strikeout,True,False,138.0,0.25,36.0,26.09,17.0,12.32,0.8240000000000001,0.21600000000000003,29.32,12.65,16.64,29.29,21.99,22.93,68.0,0.111,20.0,29.41,12.0,17.65,0.427,0.0369999999999999,26.67,10.98,17.07,28.05,21.51,17.7,45.0,0.233,16.0,35.56,1.0,2.22,0.732,0.232,32.61,17.96,13.77,31.74,36.14,33.33,230.0,0.227,75.0,32.61,20.0,8.7,0.677,0.159,29.2,13.82,16.1,29.92,24.77,27.17
747029,2024-06-01,2024,680700,L,680694,R,single,False,False,157.0,0.252,37.0,23.57,20.0,12.74,0.731,0.122,28.05,13.51,14.15,27.66,27.16,18.59,82.0,0.216,10.0,12.2,6.0,7.32,0.7390000000000001,0.243,15.71,6.75,18.4,25.15,18.99,10.75,50.0,0.163,16.0,32.0,4.0,8.0,0.513,0.07,27.71,11.22,22.44,33.66,23.47,26.67,304.0,0.22,78.0,25.66,27.0,8.88,0.624,0.11,24.81,10.84,18.01,28.85,25.16,21.31
747029,2024-06-01,2024,642350,R,680694,R,strikeout,True,False,120.0,0.194,43.0,35.83,8.0,6.67,0.602,0.126,37.85,17.42,20.65,38.06,33.47,27.39,271.0,0.23,93.0,34.32,16.0,5.9,0.801,0.29,39.19,20.65,15.06,35.71,37.69,31.08,56.0,0.188,18.0,32.14,7.0,12.5,0.583,0.10399999999999998,26.73,11.69,20.78,32.47,27.03,21.43,368.0,0.211,90.0,24.46,17.0,4.62,0.5900000000000001,0.119,26.97,12.79,18.3,31.1,29.84,21.63
747029,2024-06-01,2024,666163,L,680694,R,single,False,False,104.0,0.256,27.0,25.96,13.0,12.5,0.6559999999999999,0.043999999999999984,25.25,11.38,17.19,28.57,27.56,17.57,72.0,0.133,15.0,20.83,10.0,13.89,0.507,0.1169999999999999,25.64,10.56,17.96,28.52,20.41,17.5,50.0,0.163,16.0,32.0,4.0,8.0,0.513,0.07,27.71,11.22,22.44,33.66,23.47,26.67,304.0,0.22,78.0,25.66,27.0,8.88,0.624,0.11,24.81,10.84,18.01,28.85,25.16,21.31
747029,2024-06-01,2024,676609,R,680694,R,single,False,False,152.0,0.245,41.0,26.97,9.0,5.92,0.6479999999999999,0.09999999999999998,29.82,13.74,20.27,34.0,33.23,22.16,156.0,0.186,37.0,23.72,15.0,9.62,0.588,0.1009999999999999,24.9,10.03,24.36,34.39,27.59,18.69,56.0,0.188,18.0,32.14,7.0,12.5,0.583,0.10399999999999998,26.73,11.69,20.78,32.47,27.03,21.43,368.0,0.211,90.0,24.46,17.0,4.62,0.5900000000000001,0.119,26.97,12.79,18.3,31.1,29.84,21.63
747029,2024-06-01,2024,650490,R,680694,R,triple,False,False,189.0,0.232,28.0,14.81,19.0,10.05,0.644,0.095,11.28,4.87,17.31,22.18,22.58,12.17,462.0,0.322,72.0,15.58,49.0,10.61,0.881,0.1559999999999999,18.95,8.0,18.68,26.68,19.71,15.69,56.0,0.188,18.0,32.14,7.0,12.5,0.583,0.10399999999999998,26.73,11.69,20.78,32.47,27.03,21.43,368.0,0.211,90.0,24.46,17.0,4.62,0.5900000000000001,0.119,26.97,12.79,18.3,31.1,29.84,21.63
747029,2024-06-01,2024,664040,L,680694,R,strikeout,True,False,59.0,0.184,14.0,23.73,8.0,13.56,0.6890000000000001,0.183,28.57,14.56,9.22,23.79,26.96,26.92,374.0,0.241,103.0,27.54,42.0,11.23,0.813,0.237,31.86,16.63,11.13,27.77,30.39,21.33,50.0,0.163,16.0,32.0,4.0,8.0,0.513,0.07,27.71,11.22,22.44,33.66,23.47,26.67,304.0,0.22,78.0,25.66,27.0,8.88,0.624,0.11,24.81,10.84,18.01,28.85,25.16,21.31
747029,2024-06-01,2024,670623,R,680694,R,strikeout,True,False,182.0,0.297,27.0,14.84,19.0,10.44,0.91,0.22600000000000003,17.11,7.76,18.14,25.89,27.45,8.77,438.0,0.247,82.0,18.72,43.0,9.82,0.86,0.266,18.6,8.55,16.71,25.26,28.98,14.09,56.0,0.188,18.0,32.14,7.0,12.5,0.583,0.10399999999999998,26.73,11.69,20.78,32.47,27.03,21.43,368.0,0.211,90.0,24.46,17.0,4.62,0.5900000000000001,0.119,26.97,12.79,18.3,31.1,29.84,21.63
747029,2024-06-01,2024,676059,R,671737,R,home_run,False,False,153.0,0.312,25.0,16.34,11.0,7.19,0.902,0.21700000000000003,26.92,13.46,15.21,28.67,31.13,14.04,146.0,0.246,33.0,22.6,8.0,5.48,0.6779999999999999,0.142,22.97,11.73,16.25,27.98,29.59,19.76,45.0,0.128,13.0,28.89,5.0,11.11,0.427,0.07699999999999999,28.57,13.27,15.31,28.57,23.53,19.12,230.0,0.282,54.0,23.48,19.0,8.26,0.946,0.321,21.36,11.52,13.29,24.81,30.0,18.12
747029,2024-06-01,2024,669065,L,671737,R,strikeout,True,False,19.0,0.389,5.0,26.32,0.0,0.0,0.9450000000000001,0.16700000000000004,40.48,25.37,7.46,32.84,33.33,21.74,30.0,0.071,12.0,40.0,2.0,6.67,0.204,0.0,37.29,20.37,12.04,32.41,38.18,40.0,45.0,0.233,16.0,35.56,1.0,2.22,0.732,0.232,32.61,17.96,13.77,31.74,36.14,33.33,230.0,0.227,75.0,32.61,20.0,8.7,0.677,0.159,29.2,13.82,16.1,29.92,24.77,27.17
747029,2024-06-01,2024,622761,R,671737,R,field_out,False,False,68.0,0.23,15.0,22.06,3.0,4.41,0.651,0.163,20.44,10.57,16.23,26.79,30.47,18.67,214.0,0.178,59.0,27.57,13.0,6.07,0.515,0.1099999999999999,30.51,15.04,17.45,32.49,35.45,26.94,45.0,0.128,13.0,28.89,5.0,11.11,0.427,0.07699999999999999,28.57,13.27,15.31,28.57,23.53,19.12,230.0,0.282,54.0,23.48,19.0,8.26,0.946,0.321,21.36,11.52,13.29,24.81,30.0,18.12
747029,2024-06-01,2024,683002,L,671737,R,single,False,False,164.0,0.243,35.0,21.34,16.0,9.76,0.905,0.33299999999999996,24.65,11.44,15.03,26.47,23.95,24.31,455.0,0.272,117.0,25.71,38.0,8.35,0.885,0.277,25.57,12.07,15.7,27.78,26.4,22.35,45.0,0.233,16.0,35.56,1.0,2.22,0.732,0.232,32.61,17.96,13.77,31.74,36.14,33.33,230.0,0.227,75.0,32.61,20.0,8.7,0.677,0.159,29.2,13.82,16.1,29.92,24.77,27.17
747029,2024-06-01,2024,668939,L,671737,R,walk,False,True,154.0,0.232,30.0,19.48,9.0,5.84,0.638,0.12699999999999997,22.6,10.75,18.89,29.64,33.44,16.95,496.0,0.267,80.0,16.13,61.0,12.3,0.778,0.1519999999999999,16.76,6.91,19.7,26.61,24.41,12.54,45.0,0.233,16.0,35.56,1.0,2.22,0.732,0.232,32.61,17.96,13.77,31.74,36.14,33.33,230.0,0.227,75.0,32.61,20.0,8.7,0.677,0.159,29.2,13.82,16.1,29.92,24.77,27.17
747029,2024-06-01,2024,656811,L,671737,R,field_out,False,False,149.0,0.281,16.0,10.74,14.0,9.4,0.83,0.19999999999999996,17.37,7.62,16.91,24.54,23.81,13.91,340.0,0.297,74.0,21.76,13.0,3.82,0.802,0.178,22.26,11.29,14.37,25.66,31.15,17.72,45.0,0.233,16.0,35.56,1.0,2.22,0.732,0.232,32.61,17.96,13.77,31.74,36.14,33.33,230.0,0.227,75.0,32.61,20.0,8.7,0.677,0.159,29.2,13.82,16.1,29.92,24.77,27.17
747029,2024-06-01,2024,666018,L,680694,R,strikeout,True,False,41.0,0.222,9.0,21.95,5.0,12.2,0.6779999999999999,0.13899999999999998,19.75,8.38,23.04,31.41,26.14,12.33,94.0,0.247,28.0,29.79,10.0,10.64,0.7350000000000001,0.148,29.26,13.35,20.39,33.74,32.88,17.42,50.0,0.163,16.0,32.0,4.0,8.0,0.513,0.07,27.71,11.22,22.44,33.66,23.47,26.67,304.0,0.22,78.0,25.66,27.0,8.88,0.624,0.11,24.81,10.84,18.01,28.85,25.16,21.31
747029,2024-06-01,2024,668227,R,680694,R,field_out,False,False,177.0,0.165,54.0,30.51,16.0,9.04,0.565,0.151,37.65,16.05,20.0,36.05,26.14,21.69,517.0,0.254,119.0,23.02,62.0,11.99,0.7769999999999999,0.1589999999999999,29.93,12.82,18.77,31.59,26.93,19.44,56.0,0.188,18.0,32.14,7.0,12.5,0.583,0.10399999999999998,26.73,11.69,20.78,32.47,27.03,21.43,368.0,0.211,90.0,24.46,17.0,4.62,0.5900000000000001,0.119,26.97,12.79,18.3,31.1,29.84,21.63
747029,2024-06-01,2024,680700,L,680694,R,field_out,False,False,157.0,0.252,37.0,23.57,20.0,12.74,0.731,0.122,28.05,13.51,14.15,27.66,27.16,18.59,82.0,0.216,10.0,12.2,6.0,7.32,0.7390000000000001,0.243,15.71,6.75,18.4,25.15,18.99,10.75,50.0,0.163,16.0,32.0,4.0,8.0,0.513,0.07,27.71,11.22,22.44,33.66,23.47,26.67,304.0,0.22,78.0,25.66,27.0,8.88,0.624,0.11,24.81,10.84,18.01,28.85,25.16,21.31
747029,2024-06-01,2024,642350,R,680694,R,single,False,False,120.0,0.194,43.0,35.83,8.0,6.67,0.602,0.126,37.85,17.42,20.65,38.06,33.47,27.39,271.0,0.23,93.0,34.32,16.0,5.9,0.801,0.29,39.19,20.65,15.06,35.71,37.69,31.08,56.0,0.188,18.0,32.14,7.0,12.5,0.583,0.10399999999999998,26.73,11.69,20.78,32.47,27.03,21.43,368.0,0.211,90.0,24.46,17.0,4.62,0.5900000000000001,0.119,26.97,12.79,18.3,31.1,29.84,21.63
747029,2024-06-01,2024,666163,L,680694,R,walk,False,True,104.0,0.256,27.0,25.96,13.0,12.5,0.6559999999999999,0.043999999999999984,25.25,11.38,17.19,28.57,27.56,17.57,72.0,0.133,15.0,20.83,10.0,13.89,0.507,0.1169999999999999,25.64,10.56,17.96,28.52,20.41,17.5,50.0,0.163,16.0,32.0,4.0,8.0,0.513,0.07,27.71,11.22,22.44,33.66,23.47,26.67,304.0,0.22,78.0,25.66,27.0,8.88,0.624,0.11,24.81,10.84,18.01,28.85,25.16,21.31
747029,2024-06-01,2024,676609,R,680694,R,walk,False,True,152.0,0.245,41.0,26.97,9.0,5.92,0.6479999999999999,0.09999999999999998,29.82,13.74,20.27,34.0,33.23,22.16,156.0,0.186,37.0,23.72,15.0,9.62,0.588,0.1009999999999999,24.9,10.03,24.36,34.39,27.59,18.69,56.0,0.188,18.0,32.14,7.0,12.5,0.583,0.10399999999999998,26.73,11.69,20.78,32.47,27.03,21.43,368.0,0.211,90.0,24.46,17.0,4.62,0.5900000000000001,0.119,26.97,12.79,18.3,31.1,29.84,21.63
747029,2024-06-01,2024,650490,R,680694,R,walk,False,True,189.0,0.232,28.0,14.81,19.0,10.05,0.644,0.095,11.28,4.87,17.31,22.18,22.58,12.17,462.0,0.322,72.0,15.58,49.0,10.61,0.881,0.1559999999999999,18.95,8.0,18.68,26.68,19.71,15.69,56.0,0.188,18.0,32.14,7.0,12.5,0.583,0.10399999999999998,26.73,11.69,20.78,32.47,27.03,21.43,368.0,0.211,90.0,24.46,17.0,4.62,0.5900000000000001,0.119,26.97,12.79,18.3,31.1,29.84,21.63
747029,2024-06-01,2024,664040,L,657097,R,field_out,False,False,59.0,0.184,14.0,23.73,8.0,13.56,0.6890000000000001,0.183,28.57,14.56,9.22,23.79,26.96,26.92,374.0,0.241,103.0,27.54,42.0,11.23,0.813,0.237,31.86,16.63,11.13,27.77,30.39,21.33,34.0,0.125,8.0,23.53,2.0,5.88,0.33199999999999996,0.031,27.27,14.4,16.0,30.4,31.03,22.86,78.0,0.246,19.0,24.36,15.0,19.23,0.79,0.147,34.42,16.36,12.04,28.4,29.88,18.27
747029,2024-06-01,2024,663624,R,671737,R,walk,False,True,146.0,0.275,34.0,23.29,6.0,4.11,0.736,0.15999999999999998,23.72,12.85,12.85,25.69,37.38,18.89,310.0,0.235,78.0,25.16,22.0,7.1,0.6399999999999999,0.1139999999999999,29.78,16.05,13.56,29.61,37.06,21.61,45.0,0.128,13.0,28.89,5.0,11.11,0.427,0.07699999999999999,28.57,13.27,15.31,28.57,23.53,19.12,230.0,0.282,54.0,23.48,19.0,8.26,0.946,0.321,21.36,11.52,13.29,24.81,30.0,18.12
747029,2024-06-01,2024,623993,L,671737,R,walk,False,True,154.0,0.183,26.0,16.88,9.0,5.84,0.627,0.197,16.33,9.24,11.99,21.23,40.79,12.68,486.0,0.26,107.0,22.02,31.0,6.38,0.798,0.2229999999999999,22.13,11.37,14.84,26.21,37.22,15.21,45.0,0.233,16.0,35.56,1.0,2.22,0.732,0.232,32.61,17.96,13.77,31.74,36.14,33.33,230.0,0.227,75.0,32.61,20.0,8.7,0.677,0.159,29.2,13.82,16.1,29.92,24.77,27.17
747029,2024-06-01,2024,681297,L,671737,R,field_out,False,False,138.0,0.25,36.0,26.09,17.0,12.32,0.8240000000000001,0.21600000000000003,29.32,12.65,16.64,29.29,21.99,22.93,68.0,0.111,20.0,29.41,12.0,17.65,0.427,0.0369999999999999,26.67,10.98,17.07,28.05,21.51,17.7,45.0,0.233,16.0,35.56,1.0,2.22,0.732,0.232,32.61,17.96,13.77,31.74,36.14,33.33,230.0,0.227,75.0,32.61,20.0,8.7,0.677,0.159,29.2,13.82,16.1,29.92,24.77,27.17
747029,2024-06-01,2024,676059,R,671737,R,single,False,False,153.0,0.312,25.0,16.34,11.0,7.19,0.902,0.21700000000000003,26.92,13.46,15.21,28.67,31.13,14.04,146.0,0.246,33.0,22.6,8.0,5.48,0.6779999999999999,0.142,22.97,11.73,16.25,27.98,29.59,19.76,45.0,0.128,13.0,28.89,5.0,11.11,0.427,0.07699999999999999,28.57,13.27,15.31,28.57,23.53,19.12,230.0,0.282,54.0,23.48,19.0,8.26,0.946,0.321,21.36,11.52,13.29,24.81,30.0,18.12
747029,2024-06-01,2024,669065,L,671737,R,double,False,False,19.0,0.389,5.0,26.32,0.0,0.0,0.9450000000000001,0.16700000000000004,40.48,25.37,7.46,32.84,33.33,21.74,30.0,0.071,12.0,40.0,2.0,6.67,0.204,0.0,37.29,20.37,12.04,32.41,38.18,40.0,45.0,0.233,16.0,35.56,1.0,2.22,0.732,0.232,32.61,17.96,13.77,31.74,36.14,33.33,230.0,0.227,75.0,32.61,20.0,8.7,0.677,0.159,29.2,13.82,16.1,29.92,24.77,27.17
747029,2024-06-01,2024,622761,R,671737,R,sac_fly,False,False,68.0,0.23,15.0,22.06,3.0,4.41,0.651,0.163,20.44,10.57,16.23,26.79,30.47,18.67,214.0,0.178,59.0,27.57,13.0,6.07,0.515,0.1099999999999999,30.51,15.04,17.45,32.49,35.45,26.94,45.0,0.128,13.0,28.89,5.0,11.11,0.427,0.07699999999999999,28.57,13.27,15.31,28.57,23.53,19.12,230.0,0.282,54.0,23.48,19.0,8.26,0.946,0.321,21.36,11.52,13.29,24.81,30.0,18.12
747029,2024-06-01,2024,683002,L,671737,R,strikeout,True,False,164.0,0.243,35.0,21.34,16.0,9.76,0.905,0.33299999999999996,24.65,11.44,15.03,26.47,23.95,24.31,455.0,0.272,117.0,25.71,38.0,8.35,0.885,0.277,25.57,12.07,15.7,27.78,26.4,22.35,45.0,0.233,16.0,35.56,1.0,2.22,0.732,0.232,32.61,17.96,13.77,31.74,36.14,33.33,230.0,0.227,75.0,32.61,20.0,8.7,0.677,0.159,29.2,13.82,16.1,29.92,24.77,27.17
747029,2024-06-01,2024,670623,R,657097,R,field_out,False,False,182.0,0.297,27.0,14.84,19.0,10.44,0.91,0.22600000000000003,17.11,7.76,18.14,25.89,27.45,8.77,438.0,0.247,82.0,18.72,43.0,9.82,0.86,0.266,18.6,8.55,16.71,25.26,28.98,14.09,63.0,0.226,15.0,23.81,10.0,15.87,0.6890000000000001,0.11400000000000002,27.59,12.31,15.38,27.69,19.05,18.75,154.0,0.178,38.0,24.68,15.0,9.74,0.6080000000000001,0.155,31.15,16.29,14.33,30.62,34.71,18.27
747029,2024-06-01,2024,666018,L,657097,R,strikeout,True,False,41.0,0.222,9.0,21.95,5.0,12.2,0.6779999999999999,0.13899999999999998,19.75,8.38,23.04,31.41,26.14,12.33,94.0,0.247,28.0,29.79,10.0,10.64,0.7350000000000001,0.148,29.26,13.35,20.39,33.74,32.88,17.42,34.0,0.125,8.0,23.53,2.0,5.88,0.33199999999999996,0.031,27.27,14.4,16.0,30.4,31.03,22.86,78.0,0.246,19.0,24.36,15.0,19.23,0.79,0.147,34.42,16.36,12.04,28.4,29.88,18.27
747029,2024-06-01,2024,668227,R,657097,R,walk,False,True,177.0,0.165,54.0,30.51,16.0,9.04,0.565,0.151,37.65,16.05,20.0,36.05,26.14,21.69,517.0,0.254,119.0,23.02,62.0,11.99,0.7769999999999999,0.1589999999999999,29.93,12.82,18.77,31.59,26.93,19.44,63.0,0.226,15.0,23.81,10.0,15.87,0.6890000000000001,0.11400000000000002,27.59,12.31,15.38,27.69,19.05,18.75,154.0,0.178,38.0,24.68,15.0,9.74,0.6080000000000001,0.155,31.15,16.29,14.33,30.62,34.71,18.27
747029,2024-06-01,2024,680700,L,657097,R,field_out,False,False,157.0,0.252,37.0,23.57,20.0,12.74,0.731,0.122,28.05,13.51,14.15,27.66,27.16,18.59,82.0,0.216,10.0,12.2,6.0,7.32,0.7390000000000001,0.243,15.71,6.75,18.4,25.15,18.99,10.75,34.0,0.125,8.0,23.53,2.0,5.88,0.33199999999999996,0.031,27.27,14.4,16.0,30.4,31.03,22.86,78.0,0.246,19.0,24.36,15.0,19.23,0.79,0.147,34.42,16.36,12.04,28.4,29.88,18.27
747029,2024-06-01,2024,668939,L,671737,R,field_out,False,False,154.0,0.232,30.0,19.48,9.0,5.84,0.638,0.12699999999999997,22.6,10.75,18.89,29.64,33.44,16.95,496.0,0.267,80.0,16.13,61.0,12.3,0.778,0.1519999999999999,16.76,6.91,19.7,26.61,24.41,12.54,45.0,0.233,16.0,35.56,1.0,2.22,0.732,0.232,32.61,17.96,13.77,31.74,36.14,33.33,230.0,0.227,75.0,32.61,20.0,8.7,0.677,0.159,29.2,13.82,16.1,29.92,24.77,27.17
747029,2024-06-01,2024,656811,L,671737,R,single,False,False,149.0,0.281,16.0,10.74,14.0,9.4,0.83,0.19999999999999996,17.37,7.62,16.91,24.54,23.81,13.91,340.0,0.297,74.0,21.76,13.0,3.82,0.802,0.178,22.26,11.29,14.37,25.66,31.15,17.72,45.0,0.233,16.0,35.56,1.0,2.22,0.732,0.232,32.61,17.96,13.77,31.74,36.14,33.33,230.0,0.227,75.0,32.61,20.0,8.7,0.677,0.159,29.2,13.82,16.1,29.92,24.77,27.17
747029,2024-06-01,2024,663624,R,671737,R,home_run,False,False,146.0,0.275,34.0,23.29,6.0,4.11,0.736,0.15999999999999998,23.72,12.85,12.85,25.69,37.38,18.89,310.0,0.235,78.0,25.16,22.0,7.1,0.6399999999999999,0.1139999999999999,29.78,16.05,13.56,29.61,37.06,21.61,45.0,0.128,13.0,28.89,5.0,11.11,0.427,0.07699999999999999,28.57,13.27,15.31,28.57,23.53,19.12,230.0,0.282,54.0,23.48,19.0,8.26,0.946,0.321,21.36,11.52,13.29,24.81,30.0,18.12
747029,2024-06-01,2024,623993,L,606965,R,single,False,False,154.0,0.183,26.0,16.88,9.0,5.84,0.627,0.197,16.33,9.24,11.99,21.23,40.79,12.68,486.0,0.26,107.0,22.02,31.0,6.38,0.798,0.2229999999999999,22.13,11.37,14.84,26.21,37.22,15.21,34.0,0.188,7.0,20.59,2.0,5.88,0.579,0.15599999999999997,27.94,12.93,18.37,31.29,29.33,12.73,72.0,0.206,14.0,19.44,5.0,6.94,0.601,0.127,24.64,11.76,14.53,26.3,32.69,16.67
747029,2024-06-01,2024,681297,L,606965,R,field_out,False,False,138.0,0.25,36.0,26.09,17.0,12.32,0.8240000000000001,0.21600000000000003,29.32,12.65,16.64,29.29,21.99,22.93,68.0,0.111,20.0,29.41,12.0,17.65,0.427,0.0369999999999999,26.67,10.98,17.07,28.05,21.51,17.7,34.0,0.188,7.0,20.59,2.0,5.88,0.579,0.15599999999999997,27.94,12.93,18.37,31.29,29.33,12.73,72.0,0.206,14.0,19.44,5.0,6.94,0.601,0.127,24.64,11.76,14.53,26.3,32.69,16.67
747029,2024-06-01,2024,676059,R,606965,R,field_out,False,False,153.0,0.312,25.0,16.34,11.0,7.19,0.902,0.21700000000000003,26.92,13.46,15.21,28.67,31.13,14.04,146.0,0.246,33.0,22.6,8.0,5.48,0.6779999999999999,0.142,22.97,11.73,16.25,27.98,29.59,19.76,40.0,0.394,5.0,12.5,7.0,17.5,1.3479999999999999,0.45399999999999996,27.94,11.31,16.67,27.98,22.11,9.62,101.0,0.245,28.0,27.72,6.0,5.94,0.702,0.1699999999999999,32.8,15.66,15.91,31.57,27.49,22.76
747029,2024-06-01,2024,642350,R,657097,R,field_out,False,False,120.0,0.194,43.0,35.83,8.0,6.67,0.602,0.126,37.85,17.42,20.65,38.06,33.47,27.39,271.0,0.23,93.0,34.32,16.0,5.9,0.801,0.29,39.19,20.65,15.06,35.71,37.69,31.08,63.0,0.226,15.0,23.81,10.0,15.87,0.6890000000000001,0.11400000000000002,27.59,12.31,15.38,27.69,19.05,18.75,154.0,0.178,38.0,24.68,15.0,9.74,0.6080000000000001,0.155,31.15,16.29,14.33,30.62,34.71,18.27
747029,2024-06-01,2024,666163,L,657097,R,field_out,False,False,104.0,0.256,27.0,25.96,13.0,12.5,0.6559999999999999,0.043999999999999984,25.25,11.38,17.19,28.57,27.56,17.57,72.0,0.133,15.0,20.83,10.0,13.89,0.507,0.1169999999999999,25.64,10.56,17.96,28.52,20.41,17.5,34.0,0.125,8.0,23.53,2.0,5.88,0.33199999999999996,0.031,27.27,14.4,16.0,30.4,31.03,22.86,78.0,0.246,19.0,24.36,15.0,19.23,0.79,0.147,34.42,16.36,12.04,28.4,29.88,18.27
747029,2024-06-01,2024,676609,R,657097,R,field_out,False,False,152.0,0.245,41.0,26.97,9.0,5.92,0.6479999999999999,0.09999999999999998,29.82,13.74,20.27,34.0,33.23,22.16,156.0,0.186,37.0,23.72,15.0,9.62,0.588,0.1009999999999999,24.9,10.03,24.36,34.39,27.59,18.69,63.0,0.226,15.0,23.81,10.0,15.87,0.6890000000000001,0.11400000000000002,27.59,12.31,15.38,27.69,19.05,18.75,154.0,0.178,38.0,24.68,15.0,9.74,0.6080000000000001,0.155,31.15,16.29,14.33,30.62,34.71,18.27
747029,2024-06-01,2024,669065,L,606965,R,field_out,False,False,19.0,0.389,5.0,26.32,0.0,0.0,0.9450000000000001,0.16700000000000004,40.48,25.37,7.46,32.84,33.33,21.74,30.0,0.071,12.0,40.0,2.0,6.67,0.204,0.0,37.29,20.37,12.04,32.41,38.18,40.0,34.0,0.188,7.0,20.59,2.0,5.88,0.579,0.15599999999999997,27.94,12.93,18.37,31.29,29.33,12.73,72.0,0.206,14.0,19.44,5.0,6.94,0.601,0.127,24.64,11.76,14.53,26.3,32.69,16.67
747029,2024-06-01,2024,622761,R,606965,R,field_out,False,False,68.0,0.23,15.0,22.06,3.0,4.41,0.651,0.163,20.44,10.57,16.23,26.79,30.47,18.67,214.0,0.178,59.0,27.57,13.0,6.07,0.515,0.1099999999999999,30.51,15.04,17.45,32.49,35.45,26.94,40.0,0.394,5.0,12.5,7.0,17.5,1.3479999999999999,0.45399999999999996,27.94,11.31,16.67,27.98,22.11,9.62,101.0,0.245,28.0,27.72,6.0,5.94,0.702,0.1699999999999999,32.8,15.66,15.91,31.57,27.49,22.76
747029,2024-06-01,2024,683002,L,606965,R,field_out,False,False,164.0,0.243,35.0,21.34,16.0,9.76,0.905,0.33299999999999996,24.65,11.44,15.03,26.47,23.95,24.31,455.0,0.272,117.0,25.71,38.0,8.35,0.885,0.277,25.57,12.07,15.7,27.78,26.4,22.35,34.0,0.188,7.0,20.59,2.0,5.88,0.579,0.15599999999999997,27.94,12.93,18.37,31.29,29.33,12.73,72.0,0.206,14.0,19.44,5.0,6.94,0.601,0.127,24.64,11.76,14.53,26.3,32.69,16.67
747029,2024-06-01,2024,650490,R,622253,R,field_out,False,False,189.0,0.232,28.0,14.81,19.0,10.05,0.644,0.095,11.28,4.87,17.31,22.18,22.58,12.17,462.0,0.322,72.0,15.58,49.0,10.61,0.881,0.1559999999999999,18.95,8.0,18.68,26.68,19.71,15.69,48.0,0.159,10.0,20.83,3.0,6.25,0.388,0.0,18.29,8.43,18.54,26.97,29.89,19.23,,,,,,,,,,,,,,
747029,2024-06-01,2024,664040,L,622253,R,field_out,False,False,59.0,0.184,14.0,23.73,8.0,13.56,0.6890000000000001,0.183,28.57,14.56,9.22,23.79,26.96,26.92,374.0,0.241,103.0,27.54,42.0,11.23,0.813,0.237,31.86,16.63,11.13,27.77,30.39,21.33,18.0,0.267,0.0,0.0,3.0,16.67,0.922,0.266,9.09,3.45,13.79,17.24,13.33,0.0,,,,,,,,,,,,,,
747029,2024-06-01,2024,670623,R,622253,R,field_out,False,False,182.0,0.297,27.0,14.84,19.0,10.44,0.91,0.22600000000000003,17.11,7.76,18.14,25.89,27.45,8.77,438.0,0.247,82.0,18.72,43.0,9.82,0.86,0.266,18.6,8.55,16.71,25.26,28.98,14.09,48.0,0.159,10.0,20.83,3.0,6.25,0.388,0.0,18.29,8.43,18.54,26.97,29.89,19.23,,,,,,,,,,,,,,
747029,2024-06-01,2024,668939,L,606965,R,strikeout,True,False,154.0,0.232,30.0,19.48,9.0,5.84,0.638,0.12699999999999997,22.6,10.75,18.89,29.64,33.44,16.95,496.0,0.267,80.0,16.13,61.0,12.3,0.778,0.1519999999999999,16.76,6.91,19.7,26.61,24.41,12.54,34.0,0.188,7.0,20.59,2.0,5.88,0.579,0.15599999999999997,27.94,12.93,18.37,31.29,29.33,12.73,72.0,0.206,14.0,19.44,5.0,6.94,0.601,0.127,24.64,11.76,14.53,26.3,32.69,16.67
747029,2024-06-01,2024,656811,L,606965,R,strikeout,True,False,149.0,0.281,16.0,10.74,14.0,9.4,0.83,0.19999999999999996,17.37,7.62,16.91,24.54,23.81,13.91,340.0,0.297,74.0,21.76,13.0,3.82,0.802,0.178,22.26,11.29,14.37,25.66,31.15,17.72,34.0,0.188,7.0,20.59,2.0,5.88,0.579,0.15599999999999997,27.94,12.93,18.37,31.29,29.33,12.73,72.0,0.206,14.0,19.44,5.0,6.94,0.601,0.127,24.64,11.76,14.53,26.3,32.69,16.67
747029,2024-06-01,2024,663624,R,606965,R,field_out,False,False,146.0,0.275,34.0,23.29,6.0,4.11,0.736,0.15999999999999998,23.72,12.85,12.85,25.69,37.38,18.89,310.0,0.235,78.0,25.16,22.0,7.1,0.6399999999999999,0.1139999999999999,29.78,16.05,13.56,29.61,37.06,21.61,40.0,0.394,5.0,12.5,7.0,17.5,1.3479999999999999,0.45399999999999996,27.94,11.31,16.67,27.98,22.11,9.62,101.0,0.245,28.0,27.72,6.0,5.94,0.702,0.1699999999999999,32.8,15.66,15.91,31.57,27.49,22.76
747029,2024-06-01,2024,666018,L,622253,R,single,False,False,41.0,0.222,9.0,21.95,5.0,12.2,0.6779999999999999,0.13899999999999998,19.75,8.38,23.04,31.41,26.14,12.33,94.0,0.247,28.0,29.79,10.0,10.64,0.7350000000000001,0.148,29.26,13.35,20.39,33.74,32.88,17.42,18.0,0.267,0.0,0.0,3.0,16.67,0.922,0.266,9.09,3.45,13.79,17.24,13.33,0.0,,,,,,,,,,,,,,
747029,2024-06-01,2024,668227,R,622253,R,single,False,False,177.0,0.165,54.0,30.51,16.0,9.04,0.565,0.151,37.65,16.05,20.0,36.05,26.14,21.69,517.0,0.254,119.0,23.02,62.0,11.99,0.7769999999999999,0.1589999999999999,29.93,12.82,18.77,31.59,26.93,19.44,48.0,0.159,10.0,20.83,3.0,6.25,0.388,0.0,18.29,8.43,18.54,26.97,29.89,19.23,,,,,,,,,,,,,,
747029,2024-06-01,2024,680700,L,672335,L,strikeout,True,False,13.0,0.385,5.0,38.46,0.0,0.0,0.77,0.0,20.0,8.47,18.64,27.12,21.88,35.71,20.0,0.421,1.0,5.0,0.0,0.0,1.158,0.316,13.33,7.32,14.63,21.95,33.33,3.33,25.0,0.174,6.0,24.0,1.0,4.0,0.501,0.08700000000000002,22.73,11.49,12.64,24.14,33.33,25.0,109.0,0.213,24.0,22.02,13.0,11.93,0.602,0.0739999999999999,21.23,9.38,17.28,26.67,28.02,21.24
747029,2024-06-01,2024,642350,R,672335,L,strikeout,True,False,38.0,0.156,14.0,36.84,5.0,13.16,0.638,0.219,43.9,21.05,13.45,34.5,25.29,24.56,93.0,0.198,37.0,39.78,4.0,4.3,0.647,0.2209999999999999,43.46,22.99,15.24,38.23,37.84,32.17,32.0,0.259,6.0,18.75,5.0,15.62,0.782,0.14799999999999996,29.41,12.71,14.41,27.12,24.24,18.75,139.0,0.305,20.0,14.39,14.0,10.07,0.771,0.076,19.11,8.9,16.36,25.26,26.96,15.87
747029,2024-06-01,2024,623912,R,672335,L,field_out,False,False,49.0,0.306,10.0,20.41,0.0,0.0,0.694,0.08200000000000002,29.13,16.95,16.95,33.9,52.17,17.86,125.0,0.387,21.0,16.8,4.0,3.2,0.966,0.168,24.43,14.04,13.82,27.85,43.48,15.67,32.0,0.259,6.0,18.75,5.0,15.62,0.782,0.14799999999999996,29.41,12.71,14.41,27.12,24.24,18.75,139.0,0.305,20.0,14.39,14.0,10.07,0.771,0.076,19.11,8.9,16.36,25.26,26.96,15.87
747029,2024-06-01,2024,623993,L,687330,R,field_out,False,False,154.0,0.183,26.0,16.88,9.0,5.84,0.627,0.197,16.33,9.24,11.99,21.23,40.79,12.68,486.0,0.26,107.0,22.02,31.0,6.38,0.798,0.2229999999999999,22.13,11.37,14.84,26.21,37.22,15.21,34.0,0.219,6.0,17.65,0.0,0.0,0.711,0.24999999999999997,11.11,4.96,22.31,27.27,24.07,16.67,104.0,0.211,27.0,25.96,10.0,9.62,0.65,0.122,24.16,10.19,19.67,29.86,20.39,21.31
747029,2024-06-01,2024,681297,L,687330,R,field_out,False,False,138.0,0.25,36.0,26.09,17.0,12.32,0.8240000000000001,0.21600000000000003,29.32,12.65,16.64,29.29,21.99,22.93,68.0,0.111,20.0,29.41,12.0,17.65,0.427,0.0369999999999999,26.67,10.98,17.07,28.05,21.51,17.7,34.0,0.219,6.0,17.65,0.0,0.0,0.711,0.24999999999999997,11.11,4.96,22.31,27.27,24.07,16.67,104.0,0.211,27.0,25.96,10.0,9.62,0.65,0.122,24.16,10.19,19.67,29.86,20.39,21.31
747029,2024-06-01,2024,676059,R,687330,R,field_out,False,False,153.0,0.312,25.0,16.34,11.0,7.19,0.902,0.21700000000000003,26.92,13.46,15.21,28.67,31.13,14.04,146.0,0.246,33.0,22.6,8.0,5.48,0.6779999999999999,0.142,22.97,11.73,16.25,27.98,29.59,19.76,65.0,0.288,15.0,23.08,3.0,4.62,0.7849999999999999,0.15300000000000002,19.78,8.07,26.01,34.08,26.8,22.39,172.0,0.211,29.0,16.86,5.0,2.91,0.554,0.0809999999999999,21.07,9.75,21.21,30.96,29.68,13.74
747029,2024-06-01,2024,676609,R,666974,R,strikeout,True,False,152.0,0.245,41.0,26.97,9.0,5.92,0.6479999999999999,0.09999999999999998,29.82,13.74,20.27,34.0,33.23,22.16,156.0,0.186,37.0,23.72,15.0,9.62,0.588,0.1009999999999999,24.9,10.03,24.36,34.39,27.59,18.69,69.0,0.25,18.0,26.09,8.0,11.59,0.731,0.133,30.07,15.03,15.38,30.42,38.67,18.37,173.0,0.202,45.0,26.01,6.0,3.47,0.5569999999999999,0.1109999999999999,25.79,12.87,18.68,31.55,32.06,21.84
747029,2024-06-01,2024,650490,R,666974,R,strikeout,True,False,189.0,0.232,28.0,14.81,19.0,10.05,0.644,0.095,11.28,4.87,17.31,22.18,22.58,12.17,462.0,0.322,72.0,15.58,49.0,10.61,0.881,0.1559999999999999,18.95,8.0,18.68,26.68,19.71,15.69,69.0,0.25,18.0,26.09,8.0,11.59,0.731,0.133,30.07,15.03,15.38,30.42,38.67,18.37,173.0,0.202,45.0,26.01,6.0,3.47,0.5569999999999999,0.1109999999999999,25.79,12.87,18.68,31.55,32.06,21.84
747029,2024-06-01,2024,664040,L,666974,R,field_out,False,False,59.0,0.184,14.0,23.73,8.0,13.56,0.6890000000000001,0.183,28.57,14.56,9.22,23.79,26.96,26.92,374.0,0.241,103.0,27.54,42.0,11.23,0.813,0.237,31.86,16.63,11.13,27.77,30.39,21.33,36.0,0.273,3.0,8.33,3.0,8.33,0.8180000000000001,0.21199999999999997,29.85,15.38,9.23,24.62,36.36,10.0,110.0,0.262,20.0,18.18,7.0,6.36,0.6679999999999999,0.0969999999999999,25.13,12.66,12.14,24.81,32.71,22.22
747029,2024-06-01,2024,669065,L,687330,R,strikeout,True,False,19.0,0.389,5.0,26.32,0.0,0.0,0.9450000000000001,0.16700000000000004,40.48,25.37,7.46,32.84,33.33,21.74,30.0,0.071,12.0,40.0,2.0,6.67,0.204,0.0,37.29,20.37,12.04,32.41,38.18,40.0,34.0,0.219,6.0,17.65,0.0,0.0,0.711,0.24999999999999997,11.11,4.96,22.31,27.27,24.07,16.67,104.0,0.211,27.0,25.96,10.0,9.62,0.65,0.122,24.16,10.19,19.67,29.86,20.39,21.31
747029,2024-06-01,2024,622761,R,687330,R,strikeout,True,False,68.0,0.23,15.0,22.06,3.0,4.41,0.651,0.163,20.44,10.57,16.23,26.79,30.47,18.67,214.0,0.178,59.0,27.57,13.0,6.07,0.515,0.1099999999999999,30.51,15.04,17.45,32.49,35.45,26.94,65.0,0.288,15.0,23.08,3.0,4.62,0.7849999999999999,0.15300000000000002,19.78,8.07,26.01,34.08,26.8,22.39,172.0,0.211,29.0,16.86,5.0,2.91,0.554,0.0809999999999999,21.07,9.75,21.21,30.96,29.68,13.74
747029,2024-06-01,2024,683002,L,687330,R,field_out,False,False,164.0,0.243,35.0,21.34,16.0,9.76,0.905,0.33299999999999996,24.65,11.44,15.03,26.47,23.95,24.31,455.0,0.272,117.0,25.71,38.0,8.35,0.885,0.277,25.57,12.07,15.7,27.78,26.4,22.35,34.0,0.219,6.0,17.65,0.0,0.0,0.711,0.24999999999999997,11.11,4.96,22.31,27.27,24.07,16.67,104.0,0.211,27.0,25.96,10.0,9.62,0.65,0.122,24.16,10.19,19.67,29.86,20.39,21.31
747029,2024-06-01,2024,670623,R,669211,L,field_out,False,False,49.0,0.286,10.0,20.41,6.0,12.24,0.817,0.14300000000000002,17.65,7.21,21.15,28.37,23.73,16.39,136.0,0.259,22.0,16.18,15.0,11.03,0.773,0.146,17.06,7.6,18.37,25.97,26.71,12.64,51.0,0.182,14.0,27.45,5.0,9.8,0.646,0.20400000000000001,28.89,12.81,16.75,29.56,24.24,24.56,67.0,0.345,18.0,26.87,7.0,10.45,0.857,0.103,25.5,12.88,15.93,28.81,31.58,16.98
747029,2024-06-01,2024,642708,R,669211,L,single,False,False,47.0,0.277,9.0,19.15,0.0,0.0,0.681,0.127,27.18,16.18,13.29,29.48,42.7,17.65,193.0,0.282,27.0,13.99,11.0,5.7,0.768,0.16,18.35,9.79,15.18,24.96,39.07,12.33,51.0,0.182,14.0,27.45,5.0,9.8,0.646,0.20400000000000001,28.89,12.81,16.75,29.56,24.24,24.56,67.0,0.345,18.0,26.87,7.0,10.45,0.857,0.103,25.5,12.88,15.93,28.81,31.58,16.98
747029,2024-06-01,2024,668227,R,669211,L,strikeout,True,False,54.0,0.136,12.0,22.22,9.0,16.67,0.578,0.15899999999999997,27.37,11.3,17.83,29.13,20.17,18.18,138.0,0.254,37.0,26.81,18.0,13.04,0.8280000000000001,0.212,26.44,11.46,18.11,29.57,29.32,19.68,51.0,0.182,14.0,27.45,5.0,9.8,0.646,0.20400000000000001,28.89,12.81,16.75,29.56,24.24,24.56,67.0,0.345,18.0,26.87,7.0,10.45,0.857,0.103,25.5,12.88,15.93,28.81,31.58,16.98
747029,2024-06-01,2024,676356,R,669211,L,strikeout,True,False,20.0,0.25,3.0,15.0,4.0,20.0,1.025,0.375,23.4,12.22,14.44,26.67,41.67,8.33,35.0,0.281,8.0,22.86,3.0,8.57,0.7490000000000001,0.125,27.78,15.15,13.64,28.79,41.67,17.78,51.0,0.182,14.0,27.45,5.0,9.8,0.646,0.20400000000000001,28.89,12.81,16.75,29.56,24.24,24.56,67.0,0.345,18.0,26.87,7.0,10.45,0.857,0.103,25.5,12.88,15.93,28.81,31.58,16.98
744932,2024-06-01,2024,457705,R,579328,L,walk,False,True,65.0,0.241,17.0,26.15,8.0,12.31,0.813,0.203,28.57,11.47,20.43,31.9,16.79,17.53,162.0,0.261,28.0,17.28,26.0,16.05,0.7929999999999999,0.1489999999999999,24.63,9.96,18.87,28.83,20.77,14.21,212.0,0.264,50.0,23.58,12.0,5.66,0.717,0.14699999999999996,22.94,11.19,17.03,28.22,26.44,19.76,561.0,0.266,142.0,25.31,40.0,7.13,0.756,0.1689999999999999,27.96,13.7,14.72,28.41,29.66,21.23
744932,2024-06-01,2024,668804,R,579328,L,strikeout,True,False,85.0,0.282,17.0,20.0,6.0,7.06,0.778,0.16700000000000004,32.5,15.76,16.36,32.12,31.64,17.53,202.0,0.285,44.0,21.78,8.0,3.96,0.727,0.13,26.99,13.48,13.48,26.96,28.29,18.57,212.0,0.264,50.0,23.58,12.0,5.66,0.717,0.14699999999999996,22.94,11.19,17.03,28.22,26.44,19.76,561.0,0.266,142.0,25.31,40.0,7.13,0.756,0.1689999999999999,27.96,13.7,14.72,28.41,29.66,21.23
744932,2024-06-01,2024,656582,R,579328,L,double,False,False,81.0,0.292,13.0,16.05,7.0,8.64,0.872,0.22200000000000003,20.98,9.04,17.47,26.51,19.25,13.27,193.0,0.265,40.0,20.73,23.0,11.92,0.8200000000000001,0.187,25.72,9.93,21.34,31.27,18.27,17.32,212.0,0.264,50.0,23.58,12.0,5.66,0.717,0.14699999999999996,22.94,11.19,17.03,28.22,26.44,19.76,561.0,0.266,142.0,25.31,40.0,7.13,0.756,0.1689999999999999,27.96,13.7,14.72,28.41,29.66,21.23
744932,2024-06-01,2024,658668,R,579328,L,sac_fly,False,False,64.0,0.233,18.0,28.12,4.0,6.25,0.764,0.24999999999999997,25.19,12.74,14.67,27.41,32.54,23.68,124.0,0.277,21.0,16.94,8.0,6.45,0.857,0.241,23.89,11.66,17.06,28.73,30.49,15.91,212.0,0.264,50.0,23.58,12.0,5.66,0.717,0.14699999999999996,22.94,11.19,17.03,28.22,26.44,19.76,561.0,0.266,142.0,25.31,40.0,7.13,0.756,0.1689999999999999,27.96,13.7,14.72,28.41,29.66,21.23
744932,2024-06-01,2024,663647,R,579328,L,home_run,False,False,49.0,0.282,5.0,10.2,7.0,14.29,0.8240000000000001,0.15400000000000003,15.66,6.47,17.91,24.38,23.58,9.09,168.0,0.294,29.0,17.26,6.0,3.57,0.8460000000000001,0.237,20.49,9.52,20.2,29.72,31.76,19.21,212.0,0.264,50.0,23.58,12.0,5.66,0.717,0.14699999999999996,22.94,11.19,17.03,28.22,26.44,19.76,561.0,0.266,142.0,25.31,40.0,7.13,0.756,0.1689999999999999,27.96,13.7,14.72,28.41,29.66,21.23
744932,2024-06-01,2024,693304,R,579328,L,strikeout,True,False,29.0,0.259,8.0,27.59,1.0,3.45,0.7909999999999999,0.22199999999999998,28.85,17.86,10.71,28.57,51.28,36.36,43.0,0.158,15.0,34.88,3.0,6.98,0.5720000000000001,0.158,36.17,19.21,12.99,32.2,28.74,23.81,212.0,0.264,50.0,23.58,12.0,5.66,0.717,0.14699999999999996,22.94,11.19,17.03,28.22,26.44,19.76,561.0,0.266,142.0,25.31,40.0,7.13,0.756,0.1689999999999999,27.96,13.7,14.72,28.41,29.66,21.23
744932,2024-06-01,2024,676914,R,656605,R,field_out,False,False,130.0,0.259,33.0,25.38,17.0,13.08,0.849,0.21299999999999997,27.15,10.26,19.15,29.4,18.47,17.37,87.0,0.247,27.0,31.03,11.0,12.64,0.8340000000000001,0.219,37.06,13.98,21.9,35.88,15.66,21.77,132.0,0.257,18.0,13.64,10.0,7.58,0.7170000000000001,0.124,23.36,10.68,17.09,27.78,27.16,13.95,395.0,0.244,95.0,24.05,18.0,4.56,0.645,0.1069999999999999,21.38,9.92,20.33,30.26,29.0,22.35
744932,2024-06-01,2024,662139,L,656605,R,triple,False,False,155.0,0.188,45.0,29.03,17.0,10.97,0.726,0.261,26.67,12.21,15.57,27.79,24.39,23.81,466.0,0.202,111.0,23.82,36.0,7.73,0.662,0.19,25.51,12.84,15.05,27.89,29.23,18.26,155.0,0.25,40.0,25.81,9.0,5.81,0.721,0.174,22.26,10.85,19.4,30.25,32.3,25.81,430.0,0.253,115.0,26.74,37.0,8.6,0.776,0.202,24.73,12.08,17.13,29.21,25.7,21.9
744932,2024-06-01,2024,665489,R,656605,R,walk,False,True,199.0,0.299,36.0,18.09,24.0,12.06,0.8069999999999999,0.121,24.22,11.22,15.2,26.42,23.44,13.74,558.0,0.26,85.0,15.23,48.0,8.6,0.792,0.2,23.83,12.29,11.94,24.23,30.21,15.37,132.0,0.257,18.0,13.64,10.0,7.58,0.7170000000000001,0.124,23.36,10.68,17.09,27.78,27.16,13.95,395.0,0.244,95.0,24.05,18.0,4.56,0.645,0.1069999999999999,21.38,9.92,20.33,30.26,29.0,22.35
744932,2024-06-01,2024,666182,R,656605,R,strikeout,True,False,183.0,0.278,27.0,14.75,10.0,5.46,0.742,0.13599999999999995,21.35,12.07,11.4,23.47,37.41,15.79,496.0,0.303,102.0,20.56,20.0,4.03,0.797,0.161,21.9,12.38,11.73,24.11,38.01,17.91,132.0,0.257,18.0,13.64,10.0,7.58,0.7170000000000001,0.124,23.36,10.68,17.09,27.78,27.16,13.95,395.0,0.244,95.0,24.05,18.0,4.56,0.645,0.1069999999999999,21.38,9.92,20.33,30.26,29.0,22.35
744932,2024-06-01,2024,596129,L,656605,R,strikeout,True,False,54.0,0.191,12.0,22.22,7.0,12.96,0.636,0.14900000000000002,16.9,4.82,30.92,35.74,18.1,15.79,303.0,0.246,73.0,24.09,41.0,13.53,0.78,0.181,21.0,7.56,23.65,31.21,20.86,18.3,155.0,0.25,40.0,25.81,9.0,5.81,0.721,0.174,22.26,10.85,19.4,30.25,32.3,25.81,430.0,0.253,115.0,26.74,37.0,8.6,0.776,0.202,24.73,12.08,17.13,29.21,25.7,21.9
744932,2024-06-01,2024,518735,R,579328,L,field_out,False,False,23.0,0.227,5.0,21.74,1.0,4.35,0.534,0.04600000000000001,23.53,10.26,26.92,37.18,21.74,27.78,97.0,0.233,25.0,25.77,9.0,9.28,0.6839999999999999,0.1389999999999999,33.14,14.22,16.91,31.13,28.82,20.66,212.0,0.264,50.0,23.58,12.0,5.66,0.717,0.14699999999999996,22.94,11.19,17.03,28.22,26.44,19.76,561.0,0.266,142.0,25.31,40.0,7.13,0.756,0.1689999999999999,27.96,13.7,14.72,28.41,29.66,21.23
744932,2024-06-01,2024,669707,R,579328,L,single,False,False,58.0,0.16,19.0,32.76,7.0,12.07,0.439,0.01999999999999999,33.03,16.07,13.39,29.46,23.36,33.33,65.0,0.293,20.0,30.77,6.0,9.23,0.7829999999999999,0.121,29.41,12.96,18.15,31.11,29.29,21.28,212.0,0.264,50.0,23.58,12.0,5.66,0.717,0.14699999999999996,22.94,11.19,17.03,28.22,26.44,19.76,561.0,0.266,142.0,25.31,40.0,7.13,0.756,0.1689999999999999,27.96,13.7,14.72,28.41,29.66,21.23
744932,2024-06-01,2024,572191,R,579328,L,field_out,False,False,52.0,0.222,18.0,34.62,4.0,7.69,0.613,0.11100000000000002,42.74,23.04,11.98,35.02,33.33,22.22,112.0,0.252,35.0,31.25,8.0,7.14,0.914,0.35,33.49,15.52,13.36,28.88,27.65,25.18,212.0,0.264,50.0,23.58,12.0,5.66,0.717,0.14699999999999996,22.94,11.19,17.03,28.22,26.44,19.76,561.0,0.266,142.0,25.31,40.0,7.13,0.756,0.1689999999999999,27.96,13.7,14.72,28.41,29.66,21.23
744932,2024-06-01,2024,457705,R,579328,L,field_out,False,False,65.0,0.241,17.0,26.15,8.0,12.31,0.813,0.203,28.57,11.47,20.43,31.9,16.79,17.53,162.0,0.261,28.0,17.28,26.0,16.05,0.7929999999999999,0.1489999999999999,24.63,9.96,18.87,28.83,20.77,14.21,212.0,0.264,50.0,23.58,12.0,5.66,0.717,0.14699999999999996,22.94,11.19,17.03,28.22,26.44,19.76,561.0,0.266,142.0,25.31,40.0,7.13,0.756,0.1689999999999999,27.96,13.7,14.72,28.41,29.66,21.23
744932,2024-06-01,2024,543807,R,656605,R,field_out,False,False,163.0,0.224,24.0,14.72,18.0,11.04,0.642,0.10500000000000001,23.21,11.54,13.92,25.47,23.84,14.2,539.0,0.262,101.0,18.74,43.0,7.98,0.738,0.1489999999999999,23.18,11.37,14.48,25.84,23.35,18.21,132.0,0.257,18.0,13.64,10.0,7.58,0.7170000000000001,0.124,23.36,10.68,17.09,27.78,27.16,13.95,395.0,0.244,95.0,24.05,18.0,4.56,0.645,0.1069999999999999,21.38,9.92,20.33,30.26,29.0,22.35
744932,2024-06-01,2024,643396,R,656605,R,single,False,False,120.0,0.264,17.0,14.17,8.0,6.67,0.72,0.14499999999999996,13.33,5.95,21.74,27.69,30.99,14.78,273.0,0.246,54.0,19.78,17.0,6.23,0.6479999999999999,0.1069999999999999,19.6,9.05,20.2,29.25,28.6,15.56,132.0,0.257,18.0,13.64,10.0,7.58,0.7170000000000001,0.124,23.36,10.68,17.09,27.78,27.16,13.95,395.0,0.244,95.0,24.05,18.0,4.56,0.645,0.1069999999999999,21.38,9.92,20.33,30.26,29.0,22.35
744932,2024-06-01,2024,672386,R,656605,R,strikeout,True,False,77.0,0.239,10.0,12.99,8.0,10.39,0.64,0.08900000000000002,16.67,6.71,22.87,29.57,22.81,9.17,295.0,0.244,28.0,9.49,25.0,8.47,0.6739999999999999,0.1069999999999999,13.38,5.86,20.77,26.63,27.21,7.67,132.0,0.257,18.0,13.64,10.0,7.58,0.7170000000000001,0.124,23.36,10.68,17.09,27.78,27.16,13.95,395.0,0.244,95.0,24.05,18.0,4.56,0.645,0.1069999999999999,21.38,9.92,20.33,30.26,29.0,22.35
744932,2024-06-01,2024,624415,L,656605,R,field_out,False,False,108.0,0.202,34.0,31.48,12.0,11.11,0.651,0.11299999999999999,23.03,8.39,24.72,33.11,18.43,23.13,286.0,0.223,69.0,24.13,36.0,12.59,0.7090000000000001,0.149,23.33,9.24,21.47,30.71,15.66,18.6,155.0,0.25,40.0,25.81,9.0,5.81,0.721,0.174,22.26,10.85,19.4,30.25,32.3,25.81,430.0,0.253,115.0,26.74,37.0,8.6,0.776,0.202,24.73,12.08,17.13,29.21,25.7,21.9
744932,2024-06-01,2024,668804,R,579328,L,field_out,False,False,85.0,0.282,17.0,20.0,6.0,7.06,0.778,0.16700000000000004,32.5,15.76,16.36,32.12,31.64,17.53,202.0,0.285,44.0,21.78,8.0,3.96,0.727,0.13,26.99,13.48,13.48,26.96,28.29,18.57,212.0,0.264,50.0,23.58,12.0,5.66,0.717,0.14699999999999996,22.94,11.19,17.03,28.22,26.44,19.76,561.0,0.266,142.0,25.31,40.0,7.13,0.756,0.1689999999999999,27.96,13.7,14.72,28.41,29.66,21.23
744932,2024-06-01,2024,656582,R,579328,L,field_out,False,False,81.0,0.292,13.0,16.05,7.0,8.64,0.872,0.22200000000000003,20.98,9.04,17.47,26.51,19.25,13.27,193.0,0.265,40.0,20.73,23.0,11.92,0.8200000000000001,0.187,25.72,9.93,21.34,31.27,18.27,17.32,212.0,0.264,50.0,23.58,12.0,5.66,0.717,0.14699999999999996,22.94,11.19,17.03,28.22,26.44,19.76,561.0,0.266,142.0,25.31,40.0,7.13,0.756,0.1689999999999999,27.96,13.7,14.72,28.41,29.66,21.23
744932,2024-06-01,2024,658668,R,579328,L,field_out,False,False,64.0,0.233,18.0,28.12,4.0,6.25,0.764,0.24999999999999997,25.19,12.74,14.67,27.41,32.54,23.68,124.0,0.277,21.0,16.94,8.0,6.45,0.857,0.241,23.89,11.66,17.06,28.73,30.49,15.91,212.0,0.264,50.0,23.58,12.0,5.66,0.717,0.14699999999999996,22.94,11.19,17.03,28.22,26.44,19.76,561.0,0.266,142.0,25.31,40.0,7.13,0.756,0.1689999999999999,27.96,13.7,14.72,28.41,29.66,21.23
744932,2024-06-01,2024,676914,R,656605,R,field_out,False,False,130.0,0.259,33.0,25.38,17.0,13.08,0.849,0.21299999999999997,27.15,10.26,19.15,29.4,18.47,17.37,87.0,0.247,27.0,31.03,11.0,12.64,0.8340000000000001,0.219,37.06,13.98,21.9,35.88,15.66,21.77,132.0,0.257,18.0,13.64,10.0,7.58,0.7170000000000001,0.124,23.36,10.68,17.09,27.78,27.16,13.95,395.0,0.244,95.0,24.05,18.0,4.56,0.645,0.1069999999999999,21.38,9.92,20.33,30.26,29.0,22.35
744932,2024-06-01,2024,662139,L,656605,R,strikeout,True,False,155.0,0.188,45.0,29.03,17.0,10.97,0.726,0.261,26.67,12.21,15.57,27.79,24.39,23.81,466.0,0.202,111.0,23.82,36.0,7.73,0.662,0.19,25.51,12.84,15.05,27.89,29.23,18.26,155.0,0.25,40.0,25.81,9.0,5.81,0.721,0.174,22.26,10.85,19.4,30.25,32.3,25.81,430.0,0.253,115.0,26.74,37.0,8.6,0.776,0.202,24.73,12.08,17.13,29.21,25.7,21.9
744932,2024-06-01,2024,665489,R,656605,R,single,False,False,199.0,0.299,36.0,18.09,24.0,12.06,0.8069999999999999,0.121,24.22,11.22,15.2,26.42,23.44,13.74,558.0,0.26,85.0,15.23,48.0,8.6,0.792,0.2,23.83,12.29,11.94,24.23,30.21,15.37,132.0,0.257,18.0,13.64,10.0,7.58,0.7170000000000001,0.124,23.36,10.68,17.09,27.78,27.16,13.95,395.0,0.244,95.0,24.05,18.0,4.56,0.645,0.1069999999999999,21.38,9.92,20.33,30.26,29.0,22.35
744932,2024-06-01,2024,666182,R,656605,R,field_out,False,False,183.0,0.278,27.0,14.75,10.0,5.46,0.742,0.13599999999999995,21.35,12.07,11.4,23.47,37.41,15.79,496.0,0.303,102.0,20.56,20.0,4.03,0.797,0.161,21.9,12.38,11.73,24.11,38.01,17.91,132.0,0.257,18.0,13.64,10.0,7.58,0.7170000000000001,0.124,23.36,10.68,17.09,27.78,27.16,13.95,395.0,0.244,95.0,24.05,18.0,4.56,0.645,0.1069999999999999,21.38,9.92,20.33,30.26,29.0,22.35
744932,2024-06-01,2024,663647,R,579328,L,strikeout,True,False,49.0,0.282,5.0,10.2,7.0,14.29,0.8240000000000001,0.15400000000000003,15.66,6.47,17.91,24.38,23.58,9.09,168.0,0.294,29.0,17.26,6.0,3.57,0.8460000000000001,0.237,20.49,9.52,20.2,29.72,31.76,19.21,212.0,0.264,50.0,23.58,12.0,5.66,0.717,0.14699999999999996,22.94,11.19,17.03,28.22,26.44,19.76,561.0,0.266,142.0,25.31,40.0,7.13,0.756,0.1689999999999999,27.96,13.7,14.72,28.41,29.66,21.23
744932,2024-06-01,2024,693304,R,579328,L,field_out,False,False,29.0,0.259,8.0,27.59,1.0,3.45,0.7909999999999999,0.22199999999999998,28.85,17.86,10.71,28.57,51.28,36.36,43.0,0.158,15.0,34.88,3.0,6.98,0.5720000000000001,0.158,36.17,19.21,12.99,32.2,28.74,23.81,212.0,0.264,50.0,23.58,12.0,5.66,0.717,0.14699999999999996,22.94,11.19,17.03,28.22,26.44,19.76,561.0,0.266,142.0,25.31,40.0,7.13,0.756,0.1689999999999999,27.96,13.7,14.72,28.41,29.66,21.23
744932,2024-06-01,2024,518735,R,579328,L,strikeout,True,False,23.0,0.227,5.0,21.74,1.0,4.35,0.534,0.04600000000000001,23.53,10.26,26.92,37.18,21.74,27.78,97.0,0.233,25.0,25.77,9.0,9.28,0.6839999999999999,0.1389999999999999,33.14,14.22,16.91,31.13,28.82,20.66,212.0,0.264,50.0,23.58,12.0,5.66,0.717,0.14699999999999996,22.94,11.19,17.03,28.22,26.44,19.76,561.0,0.266,142.0,25.31,40.0,7.13,0.756,0.1689999999999999,27.96,13.7,14.72,28.41,29.66,21.23
744932,2024-06-01,2024,596129,L,656605,R,strikeout,True,False,54.0,0.191,12.0,22.22,7.0,12.96,0.636,0.14900000000000002,16.9,4.82,30.92,35.74,18.1,15.79,303.0,0.246,73.0,24.09,41.0,13.53,0.78,0.181,21.0,7.56,23.65,31.21,20.86,18.3,155.0,0.25,40.0,25.81,9.0,5.81,0.721,0.174,22.26,10.85,19.4,30.25,32.3,25.81,430.0,0.253,115.0,26.74,37.0,8.6,0.776,0.202,24.73,12.08,17.13,29.21,25.7,21.9
744932,2024-06-01,2024,543807,R,656605,R,field_out,False,False,163.0,0.224,24.0,14.72,18.0,11.04,0.642,0.10500000000000001,23.21,11.54,13.92,25.47,23.84,14.2,539.0,0.262,101.0,18.74,43.0,7.98,0.738,0.1489999999999999,23.18,11.37,14.48,25.84,23.35,18.21,132.0,0.257,18.0,13.64,10.0,7.58,0.7170000000000001,0.124,23.36,10.68,17.09,27.78,27.16,13.95,395.0,0.244,95.0,24.05,18.0,4.56,0.645,0.1069999999999999,21.38,9.92,20.33,30.26,29.0,22.35
744932,2024-06-01,2024,643396,R,656605,R,strikeout,True,False,120.0,0.264,17.0,14.17,8.0,6.67,0.72,0.14499999999999996,13.33,5.95,21.74,27.69,30.99,14.78,273.0,0.246,54.0,19.78,17.0,6.23,0.6479999999999999,0.1069999999999999,19.6,9.05,20.2,29.25,28.6,15.56,132.0,0.257,18.0,13.64,10.0,7.58,0.7170000000000001,0.124,23.36,10.68,17.09,27.78,27.16,13.95,395.0,0.244,95.0,24.05,18.0,4.56,0.645,0.1069999999999999,21.38,9.92,20.33,30.26,29.0,22.35
744932,2024-06-01,2024,669707,R,579328,L,double,False,False,58.0,0.16,19.0,32.76,7.0,12.07,0.439,0.01999999999999999,33.03,16.07,13.39,29.46,23.36,33.33,65.0,0.293,20.0,30.77,6.0,9.23,0.7829999999999999,0.121,29.41,12.96,18.15,31.11,29.29,21.28,212.0,0.264,50.0,23.58,12.0,5.66,0.717,0.14699999999999996,22.94,11.19,17.03,28.22,26.44,19.76,561.0,0.266,142.0,25.31,40.0,7.13,0.756,0.1689999999999999,27.96,13.7,14.72,28.41,29.66,21.23
744932,2024-06-01,2024,572191,R,579328,L,sac_bunt,False,False,52.0,0.222,18.0,34.62,4.0,7.69,0.613,0.11100000000000002,42.74,23.04,11.98,35.02,33.33,22.22,112.0,0.252,35.0,31.25,8.0,7.14,0.914,0.35,33.49,15.52,13.36,28.88,27.65,25.18,212.0,0.264,50.0,23.58,12.0,5.66,0.717,0.14699999999999996,22.94,11.19,17.03,28.22,26.44,19.76,561.0,0.266,142.0,25.31,40.0,7.13,0.756,0.1689999999999999,27.96,13.7,14.72,28.41,29.66,21.23
744932,2024-06-01,2024,457705,R,579328,L,single,False,False,65.0,0.241,17.0,26.15,8.0,12.31,0.813,0.203,28.57,11.47,20.43,31.9,16.79,17.53,162.0,0.261,28.0,17.28,26.0,16.05,0.7929999999999999,0.1489999999999999,24.63,9.96,18.87,28.83,20.77,14.21,212.0,0.264,50.0,23.58,12.0,5.66,0.717,0.14699999999999996,22.94,11.19,17.03,28.22,26.44,19.76,561.0,0.266,142.0,25.31,40.0,7.13,0.756,0.1689999999999999,27.96,13.7,14.72,28.41,29.66,21.23
744932,2024-06-01,2024,668804,R,579328,L,single,False,False,85.0,0.282,17.0,20.0,6.0,7.06,0.778,0.16700000000000004,32.5,15.76,16.36,32.12,31.64,17.53,202.0,0.285,44.0,21.78,8.0,3.96,0.727,0.13,26.99,13.48,13.48,26.96,28.29,18.57,212.0,0.264,50.0,23.58,12.0,5.66,0.717,0.14699999999999996,22.94,11.19,17.03,28.22,26.44,19.76,561.0,0.266,142.0,25.31,40.0,7.13,0.756,0.1689999999999999,27.96,13.7,14.72,28.41,29.66,21.23
744932,2024-06-01,2024,656582,R,579328,L,single,False,False,81.0,0.292,13.0,16.05,7.0,8.64,0.872,0.22200000000000003,20.98,9.04,17.47,26.51,19.25,13.27,193.0,0.265,40.0,20.73,23.0,11.92,0.8200000000000001,0.187,25.72,9.93,21.34,31.27,18.27,17.32,212.0,0.264,50.0,23.58,12.0,5.66,0.717,0.14699999999999996,22.94,11.19,17.03,28.22,26.44,19.76,561.0,0.266,142.0,25.31,40.0,7.13,0.756,0.1689999999999999,27.96,13.7,14.72,28.41,29.66,21.23
744932,2024-06-01,2024,658668,R,579328,L,field_out,False,False,64.0,0.233,18.0,28.12,4.0,6.25,0.764,0.24999999999999997,25.19,12.74,14.67,27.41,32.54,23.68,124.0,0.277,21.0,16.94,8.0,6.45,0.857,0.241,23.89,11.66,17.06,28.73,30.49,15.91,212.0,0.264,50.0,23.58,12.0,5.66,0.717,0.14699999999999996,22.94,11.19,17.03,28.22,26.44,19.76,561.0,0.266,142.0,25.31,40.0,7.13,0.756,0.1689999999999999,27.96,13.7,14.72,28.41,29.66,21.23
744932,2024-06-01,2024,672386,R,656605,R,field_out,False,False,77.0,0.239,10.0,12.99,8.0,10.39,0.64,0.08900000000000002,16.67,6.71,22.87,29.57,22.81,9.17,295.0,0.244,28.0,9.49,25.0,8.47,0.6739999999999999,0.1069999999999999,13.38,5.86,20.77,26.63,27.21,7.67,132.0,0.257,18.0,13.64,10.0,7.58,0.7170000000000001,0.124,23.36,10.68,17.09,27.78,27.16,13.95,395.0,0.244,95.0,24.05,18.0,4.56,0.645,0.1069999999999999,21.38,9.92,20.33,30.26,29.0,22.35
744932,2024-06-01,2024,624415,L,656605,R,field_out,False,False,108.0,0.202,34.0,31.48,12.0,11.11,0.651,0.11299999999999999,23.03,8.39,24.72,33.11,18.43,23.13,286.0,0.223,69.0,24.13,36.0,12.59,0.7090000000000001,0.149,23.33,9.24,21.47,30.71,15.66,18.6,155.0,0.25,40.0,25.81,9.0,5.81,0.721,0.174,22.26,10.85,19.4,30.25,32.3,25.81,430.0,0.253,115.0,26.74,37.0,8.6,0.776,0.202,24.73,12.08,17.13,29.21,25.7,21.9
744932,2024-06-01,2024,676914,R,656605,R,strikeout,True,False,130.0,0.259,33.0,25.38,17.0,13.08,0.849,0.21299999999999997,27.15,10.26,19.15,29.4,18.47,17.37,87.0,0.247,27.0,31.03,11.0,12.64,0.8340000000000001,0.219,37.06,13.98,21.9,35.88,15.66,21.77,132.0,0.257,18.0,13.64,10.0,7.58,0.7170000000000001,0.124,23.36,10.68,17.09,27.78,27.16,13.95,395.0,0.244,95.0,24.05,18.0,4.56,0.645,0.1069999999999999,21.38,9.92,20.33,30.26,29.0,22.35
744932,2024-06-01,2024,663647,R,579328,L,single,False,False,49.0,0.282,5.0,10.2,7.0,14.29,0.8240000000000001,0.15400000000000003,15.66,6.47,17.91,24.38,23.58,9.09,168.0,0.294,29.0,17.26,6.0,3.57,0.8460000000000001,0.237,20.49,9.52,20.2,29.72,31.76,19.21,212.0,0.264,50.0,23.58,12.0,5.66,0.717,0.14699999999999996,22.94,11.19,17.03,28.22,26.44,19.76,561.0,0.266,142.0,25.31,40.0,7.13,0.756,0.1689999999999999,27.96,13.7,14.72,28.41,29.66,21.23
744932,2024-06-01,2024,693304,R,579328,L,single,False,False,29.0,0.259,8.0,27.59,1.0,3.45,0.7909999999999999,0.22199999999999998,28.85,17.86,10.71,28.57,51.28,36.36,43.0,0.158,15.0,34.88,3.0,6.98,0.5720000000000001,0.158,36.17,19.21,12.99,32.2,28.74,23.81,212.0,0.264,50.0,23.58,12.0,5.66,0.717,0.14699999999999996,22.94,11.19,17.03,28.22,26.44,19.76,561.0,0.266,142.0,25.31,40.0,7.13,0.756,0.1689999999999999,27.96,13.7,14.72,28.41,29.66,21.23
744932,2024-06-01,2024,518735,R,579328,L,sac_bunt,False,False,23.0,0.227,5.0,21.74,1.0,4.35,0.534,0.04600000000000001,23.53,10.26,26.92,37.18,21.74,27.78,97.0,0.233,25.0,25.77,9.0,9.28,0.6839999999999999,0.1389999999999999,33.14,14.22,16.91,31.13,28.82,20.66,212.0,0.264,50.0,23.58,12.0,5.66,0.717,0.14699999999999996,22.94,11.19,17.03,28.22,26.44,19.76,561.0,0.266,142.0,25.31,40.0,7.13,0.756,0.1689999999999999,27.96,13.7,14.72,28.41,29.66,21.23
744932,2024-06-01,2024,669707,R,621114,R,fielders_choice,False,False,145.0,0.22,32.0,22.07,14.0,9.66,0.604,0.087,24.74,12.05,15.96,28.01,27.84,14.61,144.0,0.301,43.0,29.86,18.0,12.5,0.786,0.089,33.87,14.74,17.72,32.46,24.23,24.57,,,,,,,,,,,,,,,,,,,,,,,,,,,,
744932,2024-06-01,2024,572191,R,621114,R,strikeout,True,False,85.0,0.192,32.0,37.65,5.0,5.88,0.45599999999999996,0.025999999999999995,39.63,18.31,17.46,35.77,32.0,27.12,276.0,0.206,95.0,34.42,18.0,6.52,0.641,0.171,34.66,17.23,15.91,33.15,32.6,28.53,,,,,,,,,,,,,,,,,,,,,,,,,,,,
744932,2024-06-01,2024,457705,R,621114,R,field_out,False,False,134.0,0.235,34.0,25.37,14.0,10.45,0.708,0.15200000000000002,30.77,13.4,17.64,31.04,18.21,20.24,312.0,0.254,72.0,23.08,49.0,15.71,0.767,0.137,28.77,12.06,17.2,29.26,17.59,17.52,,,,,,,,,,,,,,,,,,,,,,,,,,,,
744932,2024-06-01,2024,662139,L,656605,R,strikeout,True,False,155.0,0.188,45.0,29.03,17.0,10.97,0.726,0.261,26.67,12.21,15.57,27.79,24.39,23.81,466.0,0.202,111.0,23.82,36.0,7.73,0.662,0.19,25.51,12.84,15.05,27.89,29.23,18.26,155.0,0.25,40.0,25.81,9.0,5.81,0.721,0.174,22.26,10.85,19.4,30.25,32.3,25.81,430.0,0.253,115.0,26.74,37.0,8.6,0.776,0.202,24.73,12.08,17.13,29.21,25.7,21.9
744932,2024-06-01,2024,665489,R,656605,R,single,False,False,199.0,0.299,36.0,18.09,24.0,12.06,0.8069999999999999,0.121,24.22,11.22,15.2,26.42,23.44,13.74,558.0,0.26,85.0,15.23,48.0,8.6,0.792,0.2,23.83,12.29,11.94,24.23,30.21,15.37,132.0,0.257,18.0,13.64,10.0,7.58,0.7170000000000001,0.124,23.36,10.68,17.09,27.78,27.16,13.95,395.0,0.244,95.0,24.05,18.0,4.56,0.645,0.1069999999999999,21.38,9.92,20.33,30.26,29.0,22.35
744932,2024-06-01,2024,666182,R,656605,R,field_out,False,False,183.0,0.278,27.0,14.75,10.0,5.46,0.742,0.13599999999999995,21.35,12.07,11.4,23.47,37.41,15.79,496.0,0.303,102.0,20.56,20.0,4.03,0.797,0.161,21.9,12.38,11.73,24.11,38.01,17.91,132.0,0.257,18.0,13.64,10.0,7.58,0.7170000000000001,0.124,23.36,10.68,17.09,27.78,27.16,13.95,395.0,0.244,95.0,24.05,18.0,4.56,0.645,0.1069999999999999,21.38,9.92,20.33,30.26,29.0,22.35
744932,2024-06-01,2024,596129,L,656605,R,single,False,False,54.0,0.191,12.0,22.22,7.0,12.96,0.636,0.14900000000000002,16.9,4.82,30.92,35.74,18.1,15.79,303.0,0.246,73.0,24.09,41.0,13.53,0.78,0.181,21.0,7.56,23.65,31.21,20.86,18.3,155.0,0.25,40.0,25.81,9.0,5.81,0.721,0.174,22.26,10.85,19.4,30.25,32.3,25.81,430.0,0.253,115.0,26.74,37.0,8.6,0.776,0.202,24.73,12.08,17.13,29.21,25.7,21.9
744932,2024-06-01,2024,543807,R,656605,R,field_out,False,False,163.0,0.224,24.0,14.72,18.0,11.04,0.642,0.10500000000000001,23.21,11.54,13.92,25.47,23.84,14.2,539.0,0.262,101.0,18.74,43.0,7.98,0.738,0.1489999999999999,23.18,11.37,14.48,25.84,23.35,18.21,132.0,0.257,18.0,13.64,10.0,7.58,0.7170000000000001,0.124,23.36,10.68,17.09,27.78,27.16,13.95,395.0,0.244,95.0,24.05,18.0,4.56,0.645,0.1069999999999999,21.38,9.92,20.33,30.26,29.0,22.35
744932,2024-06-01,2024,668804,L,621114,R,field_out,False,False,171.0,0.232,34.0,19.88,19.0,11.11,0.6930000000000001,0.145,28.48,12.74,14.96,27.7,25.0,17.71,438.0,0.252,94.0,21.46,45.0,10.27,0.821,0.2309999999999999,28.75,13.22,13.73,26.95,24.9,18.49,,,,,,,,,,,,,,,,,,,,,,,,,,,,
744932,2024-06-01,2024,656582,R,621114,R,walk,False,True,121.0,0.266,25.0,20.66,11.0,9.09,0.7430000000000001,0.138,24.62,10.6,19.87,30.46,23.74,20.16,279.0,0.235,70.0,25.09,27.0,9.68,0.72,0.166,22.25,8.9,20.93,29.83,20.67,18.23,,,,,,,,,,,,,,,,,,,,,,,,,,,,
744932,2024-06-01,2024,658668,R,621114,R,grounded_into_double_play,False,False,62.0,0.236,10.0,16.13,5.0,8.06,0.615,0.07300000000000001,22.31,11.79,14.23,26.02,34.96,11.36,261.0,0.256,43.0,16.48,14.0,5.36,0.728,0.1649999999999999,22.47,11.51,14.21,25.73,31.17,15.47,,,,,,,,,,,,,,,,,,,,,,,,,,,,
744932,2024-06-01,2024,643396,R,682847,R,field_out,False,False,120.0,0.264,17.0,14.17,8.0,6.67,0.72,0.14499999999999996,13.33,5.95,21.74,27.69,30.99,14.78,273.0,0.246,54.0,19.78,17.0,6.23,0.6479999999999999,0.1069999999999999,19.6,9.05,20.2,29.25,28.6,15.56,88.0,0.212,17.0,19.32,5.0,5.68,0.596,0.1,22.0,10.86,14.8,25.66,26.32,22.67,223.0,0.253,36.0,16.14,24.0,10.76,0.7070000000000001,0.118,22.28,10.14,16.3,26.45,26.65,17.22
744932,2024-06-01,2024,672386,R,682847,R,field_out,False,False,77.0,0.239,10.0,12.99,8.0,10.39,0.64,0.08900000000000002,16.67,6.71,22.87,29.57,22.81,9.17,295.0,0.244,28.0,9.49,25.0,8.47,0.6739999999999999,0.1069999999999999,13.38,5.86,20.77,26.63,27.21,7.67,88.0,0.212,17.0,19.32,5.0,5.68,0.596,0.1,22.0,10.86,14.8,25.66,26.32,22.67,223.0,0.253,36.0,16.14,24.0,10.76,0.7070000000000001,0.118,22.28,10.14,16.3,26.45,26.65,17.22
744932,2024-06-01,2024,624415,L,682847,R,strikeout,True,False,108.0,0.202,34.0,31.48,12.0,11.11,0.651,0.11299999999999999,23.03,8.39,24.72,33.11,18.43,23.13,286.0,0.223,69.0,24.13,36.0,12.59,0.7090000000000001,0.149,23.33,9.24,21.47,30.71,15.66,18.6,46.0,0.152,7.0,15.22,11.0,23.91,0.59,0.09,20.48,8.37,12.81,21.18,23.21,13.73,177.0,0.333,23.0,12.99,24.0,13.56,0.965,0.214,22.92,10.41,13.56,23.97,25.57,14.84
744932,2024-06-01,2024,663647,R,647315,R,field_out,False,False,108.0,0.219,21.0,19.44,9.0,8.33,0.5469999999999999,0.04100000000000001,16.67,7.27,21.3,28.57,25.77,18.26,358.0,0.26,75.0,20.95,22.0,6.15,0.721,0.1559999999999999,21.48,9.63,20.09,29.72,30.19,22.32,31.0,0.333,4.0,12.9,0.0,0.0,1.023,0.36699999999999994,12.9,7.21,10.81,18.02,37.5,11.43,34.0,0.161,9.0,26.47,3.0,8.82,0.493,0.097,21.67,10.32,23.81,34.13,41.43,21.95
744932,2024-06-01,2024,693304,R,647315,R,field_out,False,False,49.0,0.357,11.0,22.45,4.0,8.16,0.988,0.21399999999999997,29.36,16.08,12.06,28.14,31.96,17.19,86.0,0.234,21.0,24.42,3.0,3.49,0.638,0.1299999999999999,30.36,15.84,12.11,27.95,27.85,22.11,31.0,0.333,4.0,12.9,0.0,0.0,1.023,0.36699999999999994,12.9,7.21,10.81,18.02,37.5,11.43,34.0,0.161,9.0,26.47,3.0,8.82,0.493,0.097,21.67,10.32,23.81,34.13,41.43,21.95
744932,2024-06-01,2024,518735,L,647315,R,field_out,False,False,41.0,0.171,9.0,21.95,0.0,0.0,0.537,0.19499999999999998,21.62,9.88,25.31,35.19,36.9,19.15,309.0,0.235,61.0,19.74,27.0,8.74,0.636,0.094,22.36,10.08,19.44,29.52,27.06,17.13,22.0,0.158,4.0,18.18,1.0,4.55,0.401,0.05299999999999999,36.36,18.18,15.15,33.33,38.24,28.57,22.0,0.316,5.0,22.73,3.0,13.64,1.251,0.526,36.36,16.44,13.7,30.14,28.89,31.25
744932,2024-06-01,2024,676914,R,682847,R,field_out,False,False,130.0,0.259,33.0,25.38,17.0,13.08,0.849,0.21299999999999997,27.15,10.26,19.15,29.4,18.47,17.37,87.0,0.247,27.0,31.03,11.0,12.64,0.8340000000000001,0.219,37.06,13.98,21.9,35.88,15.66,21.77,88.0,0.212,17.0,19.32,5.0,5.68,0.596,0.1,22.0,10.86,14.8,25.66,26.32,22.67,223.0,0.253,36.0,16.14,24.0,10.76,0.7070000000000001,0.118,22.28,10.14,16.3,26.45,26.65,17.22
744932,2024-06-01,2024,662139,L,682847,R,strikeout,True,False,155.0,0.188,45.0,29.03,17.0,10.97,0.726,0.261,26.67,12.21,15.57,27.79,24.39,23.81,466.0,0.202,111.0,23.82,36.0,7.73,0.662,0.19,25.51,12.84,15.05,27.89,29.23,18.26,46.0,0.152,7.0,15.22,11.0,23.91,0.59,0.09,20.48,8.37,12.81,21.18,23.21,13.73,177.0,0.333,23.0,12.99,24.0,13.56,0.965,0.214,22.92,10.41,13.56,23.97,25.57,14.84
744932,2024-06-01,2024,665489,R,682847,R,field_out,False,False,199.0,0.299,36.0,18.09,24.0,12.06,0.8069999999999999,0.121,24.22,11.22,15.2,26.42,23.44,13.74,558.0,0.26,85.0,15.23,48.0,8.6,0.792,0.2,23.83,12.29,11.94,24.23,30.21,15.37,88.0,0.212,17.0,19.32,5.0,5.68,0.596,0.1,22.0,10.86,14.8,25.66,26.32,22.67,223.0,0.253,36.0,16.14,24.0,10.76,0.7070000000000001,0.118,22.28,10.14,16.3,26.45,26.65,17.22
744932,2024-06-01,2024,669707,R,663893,L,single,False,False,58.0,0.16,19.0,32.76,7.0,12.07,0.439,0.01999999999999999,33.03,16.07,13.39,29.46,23.36,33.33,65.0,0.293,20.0,30.77,6.0,9.23,0.7829999999999999,0.121,29.41,12.96,18.15,31.11,29.29,21.28,8.0,0.375,3.0,37.5,0.0,0.0,1.0,0.25,41.67,17.86,21.43,39.29,40.0,60.0,,,,,,,,,,,,,,
744932,2024-06-01,2024,572191,R,663893,L,field_out,False,False,52.0,0.222,18.0,34.62,4.0,7.69,0.613,0.11100000000000002,42.74,23.04,11.98,35.02,33.33,22.22,112.0,0.252,35.0,31.25,8.0,7.14,0.914,0.35,33.49,15.52,13.36,28.88,27.65,25.18,8.0,0.375,3.0,37.5,0.0,0.0,1.0,0.25,41.67,17.86,21.43,39.29,40.0,60.0,,,,,,,,,,,,,,
744932,2024-06-01,2024,457705,R,663893,L,force_out,False,False,65.0,0.241,17.0,26.15,8.0,12.31,0.813,0.203,28.57,11.47,20.43,31.9,16.79,17.53,162.0,0.261,28.0,17.28,26.0,16.05,0.7929999999999999,0.1489999999999999,24.63,9.96,18.87,28.83,20.77,14.21,8.0,0.375,3.0,37.5,0.0,0.0,1.0,0.25,41.67,17.86,21.43,39.29,40.0,60.0,,,,,,,,,,,,,,
744932,2024-06-01,2024,668804,R,663893,L,home_run,False,False,85.0,0.282,17.0,20.0,6.0,7.06,0.778,0.16700000000000004,32.5,15.76,16.36,32.12,31.64,17.53,202.0,0.285,44.0,21.78,8.0,3.96,0.727,0.13,26.99,13.48,13.48,26.96,28.29,18.57,8.0,0.375,3.0,37.5,0.0,0.0,1.0,0.25,41.67,17.86,21.43,39.29,40.0,60.0,,,,,,,,,,,,,,
744932,2024-06-01,2024,656582,R,663893,L,field_out,False,False,81.0,0.292,13.0,16.05,7.0,8.64,0.872,0.22200000000000003,20.98,9.04,17.47,26.51,19.25,13.27,193.0,0.265,40.0,20.73,23.0,11.92,0.8200000000000001,0.187,25.72,9.93,21.34,31.27,18.27,17.32,8.0,0.375,3.0,37.5,0.0,0.0,1.0,0.25,41.67,17.86,21.43,39.29,40.0,60.0,,,,,,,,,,,,,,
744932,2024-06-01,2024,666182,R,682847,R,strikeout,True,False,183.0,0.278,27.0,14.75,10.0,5.46,0.742,0.13599999999999995,21.35,12.07,11.4,23.47,37.41,15.79,496.0,0.303,102.0,20.56,20.0,4.03,0.797,0.161,21.9,12.38,11.73,24.11,38.01,17.91,88.0,0.212,17.0,19.32,5.0,5.68,0.596,0.1,22.0,10.86,14.8,25.66,26.32,22.67,223.0,0.253,36.0,16.14,24.0,10.76,0.7070000000000001,0.118,22.28,10.14,16.3,26.45,26.65,17.22
744932,2024-06-01,2024,596129,L,682847,R,single,False,False,54.0,0.191,12.0,22.22,7.0,12.96,0.636,0.14900000000000002,16.9,4.82,30.92,35.74,18.1,15.79,303.0,0.246,73.0,24.09,41.0,13.53,0.78,0.181,21.0,7.56,23.65,31.21,20.86,18.3,46.0,0.152,7.0,15.22,11.0,23.91,0.59,0.09,20.48,8.37,12.81,21.18,23.21,13.73,177.0,0.333,23.0,12.99,24.0,13.56,0.965,0.214,22.92,10.41,13.56,23.97,25.57,14.84
744932,2024-06-01,2024,543807,R,682847,R,field_out,False,False,163.0,0.224,24.0,14.72,18.0,11.04,0.642,0.10500000000000001,23.21,11.54,13.92,25.47,23.84,14.2,539.0,0.262,101.0,18.74,43.0,7.98,0.738,0.1489999999999999,23.18,11.37,14.48,25.84,23.35,18.21,88.0,0.212,17.0,19.32,5.0,5.68,0.596,0.1,22.0,10.86,14.8,25.66,26.32,22.67,223.0,0.253,36.0,16.14,24.0,10.76,0.7070000000000001,0.118,22.28,10.14,16.3,26.45,26.65,17.22
744932,2024-06-01,2024,643396,R,682847,R,field_out,False,False,120.0,0.264,17.0,14.17,8.0,6.67,0.72,0.14499999999999996,13.33,5.95,21.74,27.69,30.99,14.78,273.0,0.246,54.0,19.78,17.0,6.23,0.6479999999999999,0.1069999999999999,19.6,9.05,20.2,29.25,28.6,15.56,88.0,0.212,17.0,19.32,5.0,5.68,0.596,0.1,22.0,10.86,14.8,25.66,26.32,22.67,223.0,0.253,36.0,16.14,24.0,10.76,0.7070000000000001,0.118,22.28,10.14,16.3,26.45,26.65,17.22
746870,2024-06-01,2024,656413,R,657006,L,strikeout,True,False,70.0,0.311,14.0,20.0,9.0,12.86,0.892,0.181,39.84,19.37,8.7,28.06,23.57,22.58,113.0,0.226,34.0,30.09,13.0,11.5,0.7,0.1289999999999999,36.84,17.46,14.51,31.97,22.54,26.77,101.0,0.253,22.0,21.78,6.0,5.94,0.798,0.242,20.0,9.87,17.87,27.73,28.19,19.47,576.0,0.247,134.0,23.26,28.0,4.86,0.637,0.0989999999999999,22.7,12.17,14.45,26.62,32.3,19.88
746870,2024-06-01,2024,682829,R,657006,L,strikeout,True,False,87.0,0.236,25.0,28.74,11.0,12.64,0.679,0.08300000000000002,35.85,15.83,14.44,30.28,28.5,25.51,122.0,0.184,49.0,40.16,5.0,4.1,0.494,0.079,37.56,17.7,19.4,37.1,38.0,33.33,101.0,0.253,22.0,21.78,6.0,5.94,0.798,0.242,20.0,9.87,17.87,27.73,28.19,19.47,576.0,0.247,134.0,23.26,28.0,4.86,0.637,0.0989999999999999,22.7,12.17,14.45,26.62,32.3,19.88
746870,2024-06-01,2024,600869,R,657006,L,strikeout,True,False,67.0,0.25,14.0,20.9,9.0,13.43,0.784,0.16099999999999998,27.27,12.55,14.45,27.0,26.52,18.67,161.0,0.254,36.0,22.36,15.0,9.32,0.793,0.197,21.45,10.5,14.2,24.7,29.83,16.29,101.0,0.253,22.0,21.78,6.0,5.94,0.798,0.242,20.0,9.87,17.87,27.73,28.19,19.47,576.0,0.247,134.0,23.26,28.0,4.86,0.637,0.0989999999999999,22.7,12.17,14.45,26.62,32.3,19.88
746870,2024-06-01,2024,643565,L,668881,R,field_out,False,False,163.0,0.265,33.0,20.25,23.0,14.11,0.796,0.15399999999999997,23.01,11.28,11.95,23.22,23.1,12.41,345.0,0.253,73.0,21.16,50.0,14.49,0.739,0.121,23.95,9.92,17.49,27.41,19.14,15.57,147.0,0.203,42.0,28.57,15.0,10.2,0.649,0.138,28.85,14.31,13.83,28.14,27.99,20.59,244.0,0.215,83.0,34.02,28.0,11.48,0.736,0.2009999999999999,33.14,15.55,14.17,29.71,25.77,23.31
746870,2024-06-01,2024,673548,R,668881,R,triple,False,False,100.0,0.276,26.0,26.0,6.0,6.0,0.754,0.13799999999999996,26.38,10.78,20.55,31.33,23.76,21.31,419.0,0.278,102.0,24.34,41.0,9.79,0.839,0.2129999999999999,24.3,9.93,20.44,30.37,19.3,20.2,119.0,0.229,29.0,24.37,10.0,8.4,0.63,0.10400000000000001,31.64,17.02,12.39,29.41,30.04,19.33,254.0,0.288,69.0,27.17,20.0,7.87,0.886,0.245,28.29,14.51,14.91,29.42,33.6,19.33
746870,2024-06-01,2024,641355,L,668881,R,field_out,False,False,136.0,0.229,24.0,17.65,16.0,11.76,0.79,0.23700000000000002,25.81,12.75,12.75,25.5,29.41,18.6,373.0,0.291,58.0,15.55,27.0,7.24,0.829,0.198,20.08,10.01,15.91,25.92,29.71,13.74,147.0,0.203,42.0,28.57,15.0,10.2,0.649,0.138,28.85,14.31,13.83,28.14,27.99,20.59,244.0,0.215,83.0,34.02,28.0,11.48,0.736,0.2009999999999999,33.14,15.55,14.17,29.71,25.77,23.31
746870,2024-06-01,2024,666624,R,668881,R,walk,False,True,180.0,0.194,40.0,22.22,21.0,11.67,0.639,0.15399999999999997,30.58,14.18,13.76,27.94,26.33,19.42,329.0,0.247,105.0,31.91,27.0,8.21,0.798,0.239,38.21,19.07,13.74,32.81,29.43,27.56,119.0,0.229,29.0,24.37,10.0,8.4,0.63,0.10400000000000001,31.64,17.02,12.39,29.41,30.04,19.33,254.0,0.288,69.0,27.17,20.0,7.87,0.886,0.245,28.29,14.51,14.91,29.42,33.6,19.33
746870,2024-06-01,2024,664023,L,668881,R,field_out,False,False,177.0,0.223,50.0,28.25,25.0,14.12,0.7330000000000001,0.169,27.84,12.73,15.45,28.18,22.52,18.87,502.0,0.258,109.0,21.71,80.0,15.94,0.831,0.192,25.86,11.22,15.24,26.46,20.31,17.34,147.0,0.203,42.0,28.57,15.0,10.2,0.649,0.138,28.85,14.31,13.83,28.14,27.99,20.59,244.0,0.215,83.0,34.02,28.0,11.48,0.736,0.2009999999999999,33.14,15.55,14.17,29.71,25.77,23.31
746870,2024-06-01,2024,668715,R,657006,L,strikeout,True,False,71.0,0.175,13.0,18.31,11.0,15.49,0.692,0.193,20.97,8.9,16.1,25.0,22.37,12.94,180.0,0.312,33.0,18.33,17.0,9.44,0.928,0.238,20.88,9.77,17.74,27.51,26.97,14.47,101.0,0.253,22.0,21.78,6.0,5.94,0.798,0.242,20.0,9.87,17.87,27.73,28.19,19.47,576.0,0.247,134.0,23.26,28.0,4.86,0.637,0.0989999999999999,22.7,12.17,14.45,26.62,32.3,19.88
746870,2024-06-01,2024,663886,R,657006,L,single,False,False,49.0,0.262,7.0,14.29,6.0,12.24,0.871,0.262,11.11,4.12,21.65,25.77,22.11,12.73,140.0,0.283,30.0,21.43,13.0,9.29,0.7989999999999999,0.166,24.79,10.12,16.75,26.88,18.56,21.13,101.0,0.253,22.0,21.78,6.0,5.94,0.798,0.242,20.0,9.87,17.87,27.73,28.19,19.47,576.0,0.247,134.0,23.26,28.0,4.86,0.637,0.0989999999999999,22.7,12.17,14.45,26.62,32.3,19.88
746870,2024-06-01,2024,663697,R,657006,L,walk,False,True,69.0,0.268,9.0,13.04,11.0,15.94,0.784,0.125,11.46,3.69,24.83,28.52,13.01,10.47,134.0,0.207,36.0,26.87,15.0,11.19,0.642,0.129,23.87,9.31,22.67,31.99,19.93,19.66,101.0,0.253,22.0,21.78,6.0,5.94,0.798,0.242,20.0,9.87,17.87,27.73,28.19,19.47,576.0,0.247,134.0,23.26,28.0,4.86,0.637,0.0989999999999999,22.7,12.17,14.45,26.62,32.3,19.88
746870,2024-06-01,2024,670770,L,657006,L,hit_by_pitch,False,False,9.0,0.286,2.0,22.22,0.0,0.0,0.73,0.0,45.45,20.0,24.0,44.0,27.27,50.0,110.0,0.354,20.0,18.18,9.0,8.18,0.963,0.188,19.23,7.48,23.69,31.17,22.46,18.87,32.0,0.133,9.0,28.12,1.0,3.12,0.42100000000000004,0.1,23.33,12.96,16.67,29.63,32.56,30.0,141.0,0.267,42.0,29.79,8.0,5.67,0.7869999999999999,0.2059999999999999,29.17,14.51,15.37,29.88,30.56,20.1
746870,2024-06-01,2024,669289,R,657006,L,field_out,False,False,60.0,0.25,5.0,8.33,7.0,11.67,0.661,0.08300000000000002,12.0,5.33,16.44,21.78,23.68,9.62,116.0,0.252,14.0,12.07,8.0,6.9,0.657,0.1029999999999999,17.24,7.83,19.46,27.29,25.0,10.94,101.0,0.253,22.0,21.78,6.0,5.94,0.798,0.242,20.0,9.87,17.87,27.73,28.19,19.47,576.0,0.247,134.0,23.26,28.0,4.86,0.637,0.0989999999999999,22.7,12.17,14.45,26.62,32.3,19.88
746870,2024-06-01,2024,571912,R,657006,L,field_error,False,False,23.0,0.158,7.0,30.43,4.0,17.39,0.62,0.158,23.26,9.71,15.53,25.24,27.59,21.88,58.0,0.259,14.0,24.14,4.0,6.9,0.754,0.185,28.43,12.61,18.26,30.87,29.46,22.58,101.0,0.253,22.0,21.78,6.0,5.94,0.798,0.242,20.0,9.87,17.87,27.73,28.19,19.47,576.0,0.247,134.0,23.26,28.0,4.86,0.637,0.0989999999999999,22.7,12.17,14.45,26.62,32.3,19.88
746870,2024-06-01,2024,656413,R,657006,L,single,False,False,70.0,0.311,14.0,20.0,9.0,12.86,0.892,0.181,39.84,19.37,8.7,28.06,23.57,22.58,113.0,0.226,34.0,30.09,13.0,11.5,0.7,0.1289999999999999,36.84,17.46,14.51,31.97,22.54,26.77,101.0,0.253,22.0,21.78,6.0,5.94,0.798,0.242,20.0,9.87,17.87,27.73,28.19,19.47,576.0,0.247,134.0,23.26,28.0,4.86,0.637,0.0989999999999999,22.7,12.17,14.45,26.62,32.3,19.88
746870,2024-06-01,2024,682829,R,657006,L,field_out,False,False,87.0,0.236,25.0,28.74,11.0,12.64,0.679,0.08300000000000002,35.85,15.83,14.44,30.28,28.5,25.51,122.0,0.184,49.0,40.16,5.0,4.1,0.494,0.079,37.56,17.7,19.4,37.1,38.0,33.33,101.0,0.253,22.0,21.78,6.0,5.94,0.798,0.242,20.0,9.87,17.87,27.73,28.19,19.47,576.0,0.247,134.0,23.26,28.0,4.86,0.637,0.0989999999999999,22.7,12.17,14.45,26.62,32.3,19.88
746870,2024-06-01,2024,663538,R,668881,R,walk,False,True,177.0,0.256,17.0,9.6,16.0,9.04,0.7110000000000001,0.11599999999999999,13.85,6.34,21.48,27.82,31.82,9.6,508.0,0.274,63.0,12.4,40.0,7.87,0.72,0.0979999999999999,13.4,6.0,20.67,26.67,29.91,12.21,119.0,0.229,29.0,24.37,10.0,8.4,0.63,0.10400000000000001,31.64,17.02,12.39,29.41,30.04,19.33,254.0,0.288,69.0,27.17,20.0,7.87,0.886,0.245,28.29,14.51,14.91,29.42,33.6,19.33
746870,2024-06-01,2024,621020,R,668881,R,walk,False,True,147.0,0.2,43.0,29.25,11.0,7.48,0.5700000000000001,0.11099999999999999,33.8,16.36,15.51,31.87,24.36,24.16,478.0,0.244,111.0,23.22,49.0,10.25,0.734,0.161,28.04,13.13,15.12,28.26,23.34,18.66,119.0,0.229,29.0,24.37,10.0,8.4,0.63,0.10400000000000001,31.64,17.02,12.39,29.41,30.04,19.33,254.0,0.288,69.0,27.17,20.0,7.87,0.886,0.245,28.29,14.51,14.91,29.42,33.6,19.33
746870,2024-06-01,2024,691718,L,668881,R,strikeout,True,False,57.0,0.24,9.0,15.79,3.0,5.26,0.671,0.14,20.16,11.76,10.86,22.62,38.89,10.98,15.0,0.0,6.0,40.0,2.0,13.33,0.154,0.0,44.44,26.67,8.33,35.0,23.08,27.27,147.0,0.203,42.0,28.57,15.0,10.2,0.649,0.138,28.85,14.31,13.83,28.14,27.99,20.59,244.0,0.215,83.0,34.02,28.0,11.48,0.736,0.2009999999999999,33.14,15.55,14.17,29.71,25.77,23.31
746870,2024-06-01,2024,665804,R,668881,R,walk,False,True,90.0,0.212,22.0,24.44,7.0,7.78,0.577,0.07599999999999998,28.26,15.52,14.63,30.15,38.79,20.18,92.0,0.187,24.0,26.09,7.0,7.61,0.679,0.173,24.72,11.67,16.98,28.65,28.18,19.05,119.0,0.229,29.0,24.37,10.0,8.4,0.63,0.10400000000000001,31.64,17.02,12.39,29.41,30.04,19.33,254.0,0.288,69.0,27.17,20.0,7.87,0.886,0.245,28.29,14.51,14.91,29.42,33.6,19.33
746870,2024-06-01,2024,643565,L,668881,R,strikeout,True,False,163.0,0.265,33.0,20.25,23.0,14.11,0.796,0.15399999999999997,23.01,11.28,11.95,23.22,23.1,12.41,345.0,0.253,73.0,21.16,50.0,14.49,0.739,0.121,23.95,9.92,17.49,27.41,19.14,15.57,147.0,0.203,42.0,28.57,15.0,10.2,0.649,0.138,28.85,14.31,13.83,28.14,27.99,20.59,244.0,0.215,83.0,34.02,28.0,11.48,0.736,0.2009999999999999,33.14,15.55,14.17,29.71,25.77,23.31
746870,2024-06-01,2024,673548,R,668881,R,home_run,False,False,100.0,0.276,26.0,26.0,6.0,6.0,0.754,0.13799999999999996,26.38,10.78,20.55,31.33,23.76,21.31,419.0,0.278,102.0,24.34,41.0,9.79,0.839,0.2129999999999999,24.3,9.93,20.44,30.37,19.3,20.2,119.0,0.229,29.0,24.37,10.0,8.4,0.63,0.10400000000000001,31.64,17.02,12.39,29.41,30.04,19.33,254.0,0.288,69.0,27.17,20.0,7.87,0.886,0.245,28.29,14.51,14.91,29.42,33.6,19.33
746870,2024-06-01,2024,641355,L,668881,R,strikeout,True,False,136.0,0.229,24.0,17.65,16.0,11.76,0.79,0.23700000000000002,25.81,12.75,12.75,25.5,29.41,18.6,373.0,0.291,58.0,15.55,27.0,7.24,0.829,0.198,20.08,10.01,15.91,25.92,29.71,13.74,147.0,0.203,42.0,28.57,15.0,10.2,0.649,0.138,28.85,14.31,13.83,28.14,27.99,20.59,244.0,0.215,83.0,34.02,28.0,11.48,0.736,0.2009999999999999,33.14,15.55,14.17,29.71,25.77,23.31
746870,2024-06-01,2024,600869,R,657006,L,strikeout,True,False,67.0,0.25,14.0,20.9,9.0,13.43,0.784,0.16099999999999998,27.27,12.55,14.45,27.0,26.52,18.67,161.0,0.254,36.0,22.36,15.0,9.32,0.793,0.197,21.45,10.5,14.2,24.7,29.83,16.29,101.0,0.253,22.0,21.78,6.0,5.94,0.798,0.242,20.0,9.87,17.87,27.73,28.19,19.47,576.0,0.247,134.0,23.26,28.0,4.86,0.637,0.0989999999999999,22.7,12.17,14.45,26.62,32.3,19.88
746870,2024-06-01,2024,668715,R,657006,L,single,False,False,71.0,0.175,13.0,18.31,11.0,15.49,0.692,0.193,20.97,8.9,16.1,25.0,22.37,12.94,180.0,0.312,33.0,18.33,17.0,9.44,0.928,0.238,20.88,9.77,17.74,27.51,26.97,14.47,101.0,0.253,22.0,21.78,6.0,5.94,0.798,0.242,20.0,9.87,17.87,27.73,28.19,19.47,576.0,0.247,134.0,23.26,28.0,4.86,0.637,0.0989999999999999,22.7,12.17,14.45,26.62,32.3,19.88
746870,2024-06-01,2024,663886,R,657006,L,force_out,False,False,49.0,0.262,7.0,14.29,6.0,12.24,0.871,0.262,11.11,4.12,21.65,25.77,22.11,12.73,140.0,0.283,30.0,21.43,13.0,9.29,0.7989999999999999,0.166,24.79,10.12,16.75,26.88,18.56,21.13,101.0,0.253,22.0,21.78,6.0,5.94,0.798,0.242,20.0,9.87,17.87,27.73,28.19,19.47,576.0,0.247,134.0,23.26,28.0,4.86,0.637,0.0989999999999999,22.7,12.17,14.45,26.62,32.3,19.88
746870,2024-06-01,2024,663697,R,657006,L,single,False,False,69.0,0.268,9.0,13.04,11.0,15.94,0.784,0.125,11.46,3.69,24.83,28.52,13.01,10.47,134.0,0.207,36.0,26.87,15.0,11.19,0.642,0.129,23.87,9.31,22.67,31.99,19.93,19.66,101.0,0.253,22.0,21.78,6.0,5.94,0.798,0.242,20.0,9.87,17.87,27.73,28.19,19.47,576.0,0.247,134.0,23.26,28.0,4.86,0.637,0.0989999999999999,22.7,12.17,14.45,26.62,32.3,19.88
746870,2024-06-01,2024,670770,L,657006,L,walk,False,True,9.0,0.286,2.0,22.22,0.0,0.0,0.73,0.0,45.45,20.0,24.0,44.0,27.27,50.0,110.0,0.354,20.0,18.18,9.0,8.18,0.963,0.188,19.23,7.48,23.69,31.17,22.46,18.87,32.0,0.133,9.0,28.12,1.0,3.12,0.42100000000000004,0.1,23.33,12.96,16.67,29.63,32.56,30.0,141.0,0.267,42.0,29.79,8.0,5.67,0.7869999999999999,0.2059999999999999,29.17,14.51,15.37,29.88,30.56,20.1
746870,2024-06-01,2024,669289,R,657006,L,field_out,False,False,60.0,0.25,5.0,8.33,7.0,11.67,0.661,0.08300000000000002,12.0,5.33,16.44,21.78,23.68,9.62,116.0,0.252,14.0,12.07,8.0,6.9,0.657,0.1029999999999999,17.24,7.83,19.46,27.29,25.0,10.94,101.0,0.253,22.0,21.78,6.0,5.94,0.798,0.242,20.0,9.87,17.87,27.73,28.19,19.47,576.0,0.247,134.0,23.26,28.0,4.86,0.637,0.0989999999999999,22.7,12.17,14.45,26.62,32.3,19.88
746870,2024-06-01,2024,666624,R,668881,R,hit_by_pitch,False,False,180.0,0.194,40.0,22.22,21.0,11.67,0.639,0.15399999999999997,30.58,14.18,13.76,27.94,26.33,19.42,329.0,0.247,105.0,31.91,27.0,8.21,0.798,0.239,38.21,19.07,13.74,32.81,29.43,27.56,119.0,0.229,29.0,24.37,10.0,8.4,0.63,0.10400000000000001,31.64,17.02,12.39,29.41,30.04,19.33,254.0,0.288,69.0,27.17,20.0,7.87,0.886,0.245,28.29,14.51,14.91,29.42,33.6,19.33
746870,2024-06-01,2024,664023,L,668881,R,hit_by_pitch,False,False,177.0,0.223,50.0,28.25,25.0,14.12,0.7330000000000001,0.169,27.84,12.73,15.45,28.18,22.52,18.87,502.0,0.258,109.0,21.71,80.0,15.94,0.831,0.192,25.86,11.22,15.24,26.46,20.31,17.34,147.0,0.203,42.0,28.57,15.0,10.2,0.649,0.138,28.85,14.31,13.83,28.14,27.99,20.59,244.0,0.215,83.0,34.02,28.0,11.48,0.736,0.2009999999999999,33.14,15.55,14.17,29.71,25.77,23.31
746870,2024-06-01,2024,663538,R,668881,R,single,False,False,177.0,0.256,17.0,9.6,16.0,9.04,0.7110000000000001,0.11599999999999999,13.85,6.34,21.48,27.82,31.82,9.6,508.0,0.274,63.0,12.4,40.0,7.87,0.72,0.0979999999999999,13.4,6.0,20.67,26.67,29.91,12.21,119.0,0.229,29.0,24.37,10.0,8.4,0.63,0.10400000000000001,31.64,17.02,12.39,29.41,30.04,19.33,254.0,0.288,69.0,27.17,20.0,7.87,0.886,0.245,28.29,14.51,14.91,29.42,33.6,19.33
746870,2024-06-01,2024,621020,R,668881,R,grounded_into_double_play,False,False,147.0,0.2,43.0,29.25,11.0,7.48,0.5700000000000001,0.11099999999999999,33.8,16.36,15.51,31.87,24.36,24.16,478.0,0.244,111.0,23.22,49.0,10.25,0.734,0.161,28.04,13.13,15.12,28.26,23.34,18.66,119.0,0.229,29.0,24.37,10.0,8.4,0.63,0.10400000000000001,31.64,17.02,12.39,29.41,30.04,19.33,254.0,0.288,69.0,27.17,20.0,7.87,0.886,0.245,28.29,14.51,14.91,29.42,33.6,19.33
746870,2024-06-01,2024,691718,L,668881,R,field_out,False,False,57.0,0.24,9.0,15.79,3.0,5.26,0.671,0.14,20.16,11.76,10.86,22.62,38.89,10.98,15.0,0.0,6.0,40.0,2.0,13.33,0.154,0.0,44.44,26.67,8.33,35.0,23.08,27.27,147.0,0.203,42.0,28.57,15.0,10.2,0.649,0.138,28.85,14.31,13.83,28.14,27.99,20.59,244.0,0.215,83.0,34.02,28.0,11.48,0.736,0.2009999999999999,33.14,15.55,14.17,29.71,25.77,23.31
746870,2024-06-01,2024,571912,R,657006,L,single,False,False,23.0,0.158,7.0,30.43,4.0,17.39,0.62,0.158,23.26,9.71,15.53,25.24,27.59,21.88,58.0,0.259,14.0,24.14,4.0,6.9,0.754,0.185,28.43,12.61,18.26,30.87,29.46,22.58,101.0,0.253,22.0,21.78,6.0,5.94,0.798,0.242,20.0,9.87,17.87,27.73,28.19,19.47,576.0,0.247,134.0,23.26,28.0,4.86,0.637,0.0989999999999999,22.7,12.17,14.45,26.62,32.3,19.88
746870,2024-06-01,2024,656413,R,657006,L,walk,False,True,70.0,0.311,14.0,20.0,9.0,12.86,0.892,0.181,39.84,19.37,8.7,28.06,23.57,22.58,113.0,0.226,34.0,30.09,13.0,11.5,0.7,0.1289999999999999,36.84,17.46,14.51,31.97,22.54,26.77,101.0,0.253,22.0,21.78,6.0,5.94,0.798,0.242,20.0,9.87,17.87,27.73,28.19,19.47,576.0,0.247,134.0,23.26,28.0,4.86,0.637,0.0989999999999999,22.7,12.17,14.45,26.62,32.3,19.88
746870,2024-06-01,2024,682829,R,657006,L,force_out,False,False,87.0,0.236,25.0,28.74,11.0,12.64,0.679,0.08300000000000002,35.85,15.83,14.44,30.28,28.5,25.51,122.0,0.184,49.0,40.16,5.0,4.1,0.494,0.079,37.56,17.7,19.4,37.1,38.0,33.33,101.0,0.253,22.0,21.78,6.0,5.94,0.798,0.242,20.0,9.87,17.87,27.73,28.19,19.47,576.0,0.247,134.0,23.26,28.0,4.86,0.637,0.0989999999999999,22.7,12.17,14.45,26.62,32.3,19.88
746870,2024-06-01,2024,600869,R,657006,L,single,False,False,67.0,0.25,14.0,20.9,9.0,13.43,0.784,0.16099999999999998,27.27,12.55,14.45,27.0,26.52,18.67,161.0,0.254,36.0,22.36,15.0,9.32,0.793,0.197,21.45,10.5,14.2,24.7,29.83,16.29,101.0,0.253,22.0,21.78,6.0,5.94,0.798,0.242,20.0,9.87,17.87,27.73,28.19,19.47,576.0,0.247,134.0,23.26,28.0,4.86,0.637,0.0989999999999999,22.7,12.17,14.45,26.62,32.3,19.88
746870,2024-06-01,2024,668715,R,657006,L,double,False,False,71.0,0.175,13.0,18.31,11.0,15.49,0.692,0.193,20.97,8.9,16.1,25.0,22.37,12.94,180.0,0.312,33.0,18.33,17.0,9.44,0.928,0.238,20.88,9.77,17.74,27.51,26.97,14.47,101.0,0.253,22.0,21.78,6.0,5.94,0.798,0.242,20.0,9.87,17.87,27.73,28.19,19.47,576.0,0.247,134.0,23.26,28.0,4.86,0.637,0.0989999999999999,22.7,12.17,14.45,26.62,32.3,19.88
746870,2024-06-01,2024,663886,R,657006,L,field_out,False,False,49.0,0.262,7.0,14.29,6.0,12.24,0.871,0.262,11.11,4.12,21.65,25.77,22.11,12.73,140.0,0.283,30.0,21.43,13.0,9.29,0.7989999999999999,0.166,24.79,10.12,16.75,26.88,18.56,21.13,101.0,0.253,22.0,21.78,6.0,5.94,0.798,0.242,20.0,9.87,17.87,27.73,28.19,19.47,576.0,0.247,134.0,23.26,28.0,4.86,0.637,0.0989999999999999,22.7,12.17,14.45,26.62,32.3,19.88
746870,2024-06-01,2024,665804,R,668881,R,field_out,False,False,90.0,0.212,22.0,24.44,7.0,7.78,0.577,0.07599999999999998,28.26,15.52,14.63,30.15,38.79,20.18,92.0,0.187,24.0,26.09,7.0,7.61,0.679,0.173,24.72,11.67,16.98,28.65,28.18,19.05,119.0,0.229,29.0,24.37,10.0,8.4,0.63,0.10400000000000001,31.64,17.02,12.39,29.41,30.04,19.33,254.0,0.288,69.0,27.17,20.0,7.87,0.886,0.245,28.29,14.51,14.91,29.42,33.6,19.33
746870,2024-06-01,2024,643565,L,668881,R,field_out,False,False,163.0,0.265,33.0,20.25,23.0,14.11,0.796,0.15399999999999997,23.01,11.28,11.95,23.22,23.1,12.41,345.0,0.253,73.0,21.16,50.0,14.49,0.739,0.121,23.95,9.92,17.49,27.41,19.14,15.57,147.0,0.203,42.0,28.57,15.0,10.2,0.649,0.138,28.85,14.31,13.83,28.14,27.99,20.59,244.0,0.215,83.0,34.02,28.0,11.48,0.736,0.2009999999999999,33.14,15.55,14.17,29.71,25.77,23.31
746870,2024-06-01,2024,673548,R,668881,R,strikeout,True,False,100.0,0.276,26.0,26.0,6.0,6.0,0.754,0.13799999999999996,26.38,10.78,20.55,31.33,23.76,21.31,419.0,0.278,102.0,24.34,41.0,9.79,0.839,0.2129999999999999,24.3,9.93,20.44,30.37,19.3,20.2,119.0,0.229,29.0,24.37,10.0,8.4,0.63,0.10400000000000001,31.64,17.02,12.39,29.41,30.04,19.33,254.0,0.288,69.0,27.17,20.0,7.87,0.886,0.245,28.29,14.51,14.91,29.42,33.6,19.33
746870,2024-06-01,2024,663697,R,657006,L,field_out,False,False,69.0,0.268,9.0,13.04,11.0,15.94,0.784,0.125,11.46,3.69,24.83,28.52,13.01,10.47,134.0,0.207,36.0,26.87,15.0,11.19,0.642,0.129,23.87,9.31,22.67,31.99,19.93,19.66,101.0,0.253,22.0,21.78,6.0,5.94,0.798,0.242,20.0,9.87,17.87,27.73,28.19,19.47,576.0,0.247,134.0,23.26,28.0,4.86,0.637,0.0989999999999999,22.7,12.17,14.45,26.62,32.3,19.88
746870,2024-06-01,2024,670770,L,657006,L,walk,False,True,9.0,0.286,2.0,22.22,0.0,0.0,0.73,0.0,45.45,20.0,24.0,44.0,27.27,50.0,110.0,0.354,20.0,18.18,9.0,8.18,0.963,0.188,19.23,7.48,23.69,31.17,22.46,18.87,32.0,0.133,9.0,28.12,1.0,3.12,0.42100000000000004,0.1,23.33,12.96,16.67,29.63,32.56,30.0,141.0,0.267,42.0,29.79,8.0,5.67,0.7869999999999999,0.2059999999999999,29.17,14.51,15.37,29.88,30.56,20.1
746870,2024-06-01,2024,669289,R,657006,L,field_out,False,False,60.0,0.25,5.0,8.33,7.0,11.67,0.661,0.08300000000000002,12.0,5.33,16.44,21.78,23.68,9.62,116.0,0.252,14.0,12.07,8.0,6.9,0.657,0.1029999999999999,17.24,7.83,19.46,27.29,25.0,10.94,101.0,0.253,22.0,21.78,6.0,5.94,0.798,0.242,20.0,9.87,17.87,27.73,28.19,19.47,576.0,0.247,134.0,23.26,28.0,4.86,0.637,0.0989999999999999,22.7,12.17,14.45,26.62,32.3,19.88
746870,2024-06-01,2024,571912,R,657006,L,field_out,False,False,23.0,0.158,7.0,30.43,4.0,17.39,0.62,0.158,23.26,9.71,15.53,25.24,27.59,21.88,58.0,0.259,14.0,24.14,4.0,6.9,0.754,0.185,28.43,12.61,18.26,30.87,29.46,22.58,101.0,0.253,22.0,21.78,6.0,5.94,0.798,0.242,20.0,9.87,17.87,27.73,28.19,19.47,576.0,0.247,134.0,23.26,28.0,4.86,0.637,0.0989999999999999,22.7,12.17,14.45,26.62,32.3,19.88
746870,2024-06-01,2024,641355,L,668881,R,field_out,False,False,136.0,0.229,24.0,17.65,16.0,11.76,0.79,0.23700000000000002,25.81,12.75,12.75,25.5,29.41,18.6,373.0,0.291,58.0,15.55,27.0,7.24,0.829,0.198,20.08,10.01,15.91,25.92,29.71,13.74,147.0,0.203,42.0,28.57,15.0,10.2,0.649,0.138,28.85,14.31,13.83,28.14,27.99,20.59,244.0,0.215,83.0,34.02,28.0,11.48,0.736,0.2009999999999999,33.14,15.55,14.17,29.71,25.77,23.31
746870,2024-06-01,2024,666624,R,668881,R,field_out,False,False,180.0,0.194,40.0,22.22,21.0,11.67,0.639,0.15399999999999997,30.58,14.18,13.76,27.94,26.33,19.42,329.0,0.247,105.0,31.91,27.0,8.21,0.798,0.239,38.21,19.07,13.74,32.81,29.43,27.56,119.0,0.229,29.0,24.37,10.0,8.4,0.63,0.10400000000000001,31.64,17.02,12.39,29.41,30.04,19.33,254.0,0.288,69.0,27.17,20.0,7.87,0.886,0.245,28.29,14.51,14.91,29.42,33.6,19.33
746870,2024-06-01,2024,664023,L,668881,R,strikeout,True,False,177.0,0.223,50.0,28.25,25.0,14.12,0.7330000000000001,0.169,27.84,12.73,15.45,28.18,22.52,18.87,502.0,0.258,109.0,21.71,80.0,15.94,0.831,0.192,25.86,11.22,15.24,26.46,20.31,17.34,147.0,0.203,42.0,28.57,15.0,10.2,0.649,0.138,28.85,14.31,13.83,28.14,27.99,20.59,244.0,0.215,83.0,34.02,28.0,11.48,0.736,0.2009999999999999,33.14,15.55,14.17,29.71,25.77,23.31
746870,2024-06-01,2024,666181,L,669713,R,strikeout,True,False,142.0,0.236,58.0,40.85,15.0,10.56,0.8049999999999999,0.252,36.52,17.31,14.79,32.1,20.49,29.59,285.0,0.297,89.0,31.23,37.0,12.98,0.938,0.252,31.03,13.11,16.03,29.13,18.51,23.66,59.0,0.2,10.0,16.95,3.0,5.08,0.527,0.07300000000000001,19.35,8.74,19.42,28.16,20.45,16.67,159.0,0.298,26.0,16.35,16.0,10.06,0.986,0.319,14.23,6.41,17.95,24.36,22.1,13.0
746870,2024-06-01,2024,682829,L,669713,R,strikeout,True,False,150.0,0.248,52.0,34.67,17.0,11.33,0.829,0.248,33.2,13.49,20.4,33.9,24.84,31.48,307.0,0.255,95.0,30.94,30.0,9.77,0.7989999999999999,0.2159999999999999,26.69,11.86,17.47,29.33,31.27,25.07,59.0,0.2,10.0,16.95,3.0,5.08,0.527,0.07300000000000001,19.35,8.74,19.42,28.16,20.45,16.67,159.0,0.298,26.0,16.35,16.0,10.06,0.986,0.319,14.23,6.41,17.95,24.36,22.1,13.0
746870,2024-06-01,2024,600869,L,669713,R,single,False,False,134.0,0.203,39.0,29.1,8.0,5.97,0.671,0.21199999999999997,30.86,16.24,14.09,30.33,36.92,24.53,415.0,0.251,91.0,21.93,38.0,9.16,0.812,0.2279999999999999,25.42,11.83,16.22,28.05,27.64,18.71,59.0,0.2,10.0,16.95,3.0,5.08,0.527,0.07300000000000001,19.35,8.74,19.42,28.16,20.45,16.67,159.0,0.298,26.0,16.35,16.0,10.06,0.986,0.319,14.23,6.41,17.95,24.36,22.1,13.0
746870,2024-06-01,2024,668715,R,669713,R,strikeout,True,False,157.0,0.237,29.0,18.47,20.0,12.74,0.737,0.15600000000000003,20.49,8.89,18.07,26.96,24.57,12.72,487.0,0.256,106.0,21.77,51.0,10.47,0.7789999999999999,0.175,25.48,10.86,19.02,29.88,22.75,18.53,74.0,0.229,19.0,25.68,4.0,5.41,0.599,0.1,27.69,13.43,18.28,31.72,35.66,24.68,221.0,0.202,57.0,25.79,16.0,7.24,0.617,0.1459999999999999,29.02,12.78,18.23,31.01,30.33,23.27
746870,2024-06-01,2024,663538,R,668881,R,field_out,False,False,177.0,0.256,17.0,9.6,16.0,9.04,0.7110000000000001,0.11599999999999999,13.85,6.34,21.48,27.82,31.82,9.6,508.0,0.274,63.0,12.4,40.0,7.87,0.72,0.0979999999999999,13.4,6.0,20.67,26.67,29.91,12.21,119.0,0.229,29.0,24.37,10.0,8.4,0.63,0.10400000000000001,31.64,17.02,12.39,29.41,30.04,19.33,254.0,0.288,69.0,27.17,20.0,7.87,0.886,0.245,28.29,14.51,14.91,29.42,33.6,19.33
746870,2024-06-01,2024,621020,R,668881,R,field_out,False,False,147.0,0.2,43.0,29.25,11.0,7.48,0.5700000000000001,0.11099999999999999,33.8,16.36,15.51,31.87,24.36,24.16,478.0,0.244,111.0,23.22,49.0,10.25,0.734,0.161,28.04,13.13,15.12,28.26,23.34,18.66,119.0,0.229,29.0,24.37,10.0,8.4,0.63,0.10400000000000001,31.64,17.02,12.39,29.41,30.04,19.33,254.0,0.288,69.0,27.17,20.0,7.87,0.886,0.245,28.29,14.51,14.91,29.42,33.6,19.33
746870,2024-06-01,2024,691718,L,668881,R,walk,False,True,57.0,0.24,9.0,15.79,3.0,5.26,0.671,0.14,20.16,11.76,10.86,22.62,38.89,10.98,15.0,0.0,6.0,40.0,2.0,13.33,0.154,0.0,44.44,26.67,8.33,35.0,23.08,27.27,147.0,0.203,42.0,28.57,15.0,10.2,0.649,0.138,28.85,14.31,13.83,28.14,27.99,20.59,244.0,0.215,83.0,34.02,28.0,11.48,0.736,0.2009999999999999,33.14,15.55,14.17,29.71,25.77,23.31
746870,2024-06-01,2024,665804,R,668881,R,field_out,False,False,90.0,0.212,22.0,24.44,7.0,7.78,0.577,0.07599999999999998,28.26,15.52,14.63,30.15,38.79,20.18,92.0,0.187,24.0,26.09,7.0,7.61,0.679,0.173,24.72,11.67,16.98,28.65,28.18,19.05,119.0,0.229,29.0,24.37,10.0,8.4,0.63,0.10400000000000001,31.64,17.02,12.39,29.41,30.04,19.33,254.0,0.288,69.0,27.17,20.0,7.87,0.886,0.245,28.29,14.51,14.91,29.42,33.6,19.33
746870,2024-06-01,2024,663886,R,687863,R,field_out,False,False,105.0,0.245,24.0,22.86,8.0,7.62,0.6859999999999999,0.127,23.95,10.67,18.93,29.6,26.37,21.9,378.0,0.228,105.0,27.78,34.0,8.99,0.657,0.1239999999999999,29.78,12.81,19.96,32.77,26.19,24.59,3.0,0.0,2.0,66.67,0.0,0.0,0.0,0.0,50.0,27.27,27.27,54.55,50.0,66.67,,,,,,,,,,,,,,
746870,2024-06-01,2024,663697,R,687863,R,double,False,False,138.0,0.203,32.0,23.19,19.0,13.77,0.599,0.07700000000000001,18.35,6.59,21.42,28.01,15.77,17.98,397.0,0.257,73.0,18.39,37.0,9.32,0.7809999999999999,0.175,21.3,8.18,21.42,29.59,19.53,15.19,3.0,0.0,2.0,66.67,0.0,0.0,0.0,0.0,50.0,27.27,27.27,54.55,50.0,66.67,,,,,,,,,,,,,,
746870,2024-06-01,2024,670770,L,687863,R,field_out,False,False,25.0,0.13,6.0,24.0,2.0,8.0,0.374,0.043999999999999984,22.22,8.6,22.58,31.18,18.6,25.0,446.0,0.26,70.0,15.7,38.0,8.52,0.785,0.189,18.12,7.73,19.52,27.25,25.03,13.48,5.0,0.2,4.0,80.0,0.0,0.0,0.8,0.39999999999999997,50.0,27.27,13.64,40.91,11.11,44.44,,,,,,,,,,,,,,
746870,2024-06-01,2024,669289,R,687863,R,field_out,False,False,77.0,0.169,14.0,18.18,4.0,5.19,0.493,0.11299999999999996,10.79,4.85,17.15,22.01,24.0,16.28,138.0,0.244,22.0,15.94,10.0,7.25,0.633,0.073,17.87,7.68,20.84,28.52,25.34,15.6,3.0,0.0,2.0,66.67,0.0,0.0,0.0,0.0,50.0,27.27,27.27,54.55,50.0,66.67,,,,,,,,,,,,,,
746870,2024-06-01,2024,643565,L,518585,R,double,False,False,163.0,0.265,33.0,20.25,23.0,14.11,0.796,0.15399999999999997,23.01,11.28,11.95,23.22,23.1,12.41,345.0,0.253,73.0,21.16,50.0,14.49,0.739,0.121,23.95,9.92,17.49,27.41,19.14,15.57,52.0,0.186,20.0,38.46,9.0,17.31,0.653,0.14,35.92,16.16,14.85,31.0,25.42,25.64,128.0,0.231,43.0,33.59,18.0,14.06,0.733,0.158,29.12,13.69,13.69,27.39,27.0,23.76
746870,2024-06-01,2024,673548,R,518585,R,strikeout,True,False,100.0,0.276,26.0,26.0,6.0,6.0,0.754,0.13799999999999996,26.38,10.78,20.55,31.33,23.76,21.31,419.0,0.278,102.0,24.34,41.0,9.79,0.839,0.2129999999999999,24.3,9.93,20.44,30.37,19.3,20.2,53.0,0.128,28.0,52.83,5.0,9.43,0.357,0.02099999999999999,51.33,26.85,13.89,40.74,42.42,40.58,151.0,0.196,55.0,36.42,10.0,6.62,0.601,0.1519999999999999,39.37,19.93,13.76,33.69,34.92,31.98
746870,2024-06-01,2024,641355,L,518585,R,field_out,False,False,136.0,0.229,24.0,17.65,16.0,11.76,0.79,0.23700000000000002,25.81,12.75,12.75,25.5,29.41,18.6,373.0,0.291,58.0,15.55,27.0,7.24,0.829,0.198,20.08,10.01,15.91,25.92,29.71,13.74,52.0,0.186,20.0,38.46,9.0,17.31,0.653,0.14,35.92,16.16,14.85,31.0,25.42,25.64,128.0,0.231,43.0,33.59,18.0,14.06,0.733,0.158,29.12,13.69,13.69,27.39,27.0,23.76
746870,2024-06-01,2024,666624,R,518585,R,strikeout,True,False,180.0,0.194,40.0,22.22,21.0,11.67,0.639,0.15399999999999997,30.58,14.18,13.76,27.94,26.33,19.42,329.0,0.247,105.0,31.91,27.0,8.21,0.798,0.239,38.21,19.07,13.74,32.81,29.43,27.56,53.0,0.128,28.0,52.83,5.0,9.43,0.357,0.02099999999999999,51.33,26.85,13.89,40.74,42.42,40.58,151.0,0.196,55.0,36.42,10.0,6.62,0.601,0.1519999999999999,39.37,19.93,13.76,33.69,34.92,31.98
746870,2024-06-01,2024,674441,L,643410,R,field_out,False,False,33.0,0.222,8.0,24.24,3.0,9.09,0.571,0.037000000000000005,15.79,6.47,23.74,30.22,18.97,15.38,,,,,,,,,,,,,,,62.0,0.25,14.0,22.58,6.0,9.68,0.627,0.05399999999999999,31.19,14.35,13.5,27.85,32.65,22.22,182.0,0.185,58.0,31.87,18.0,9.89,0.567,0.1169999999999999,35.24,15.61,16.6,32.21,29.51,29.29
746870,2024-06-01,2024,666181,L,643410,R,strikeout,True,False,142.0,0.236,58.0,40.85,15.0,10.56,0.8049999999999999,0.252,36.52,17.31,14.79,32.1,20.49,29.59,285.0,0.297,89.0,31.23,37.0,12.98,0.938,0.252,31.03,13.11,16.03,29.13,18.51,23.66,62.0,0.25,14.0,22.58,6.0,9.68,0.627,0.05399999999999999,31.19,14.35,13.5,27.85,32.65,22.22,182.0,0.185,58.0,31.87,18.0,9.89,0.567,0.1169999999999999,35.24,15.61,16.6,32.21,29.51,29.29
746870,2024-06-01,2024,682829,L,643410,R,field_out,False,False,150.0,0.248,52.0,34.67,17.0,11.33,0.829,0.248,33.2,13.49,20.4,33.9,24.84,31.48,307.0,0.255,95.0,30.94,30.0,9.77,0.7989999999999999,0.2159999999999999,26.69,11.86,17.47,29.33,31.27,25.07,62.0,0.25,14.0,22.58,6.0,9.68,0.627,0.05399999999999999,31.19,14.35,13.5,27.85,32.65,22.22,182.0,0.185,58.0,31.87,18.0,9.89,0.567,0.1169999999999999,35.24,15.61,16.6,32.21,29.51,29.29
746870,2024-06-01,2024,664023,L,608371,R,strikeout,True,False,177.0,0.223,50.0,28.25,25.0,14.12,0.7330000000000001,0.169,27.84,12.73,15.45,28.18,22.52,18.87,502.0,0.258,109.0,21.71,80.0,15.94,0.831,0.192,25.86,11.22,15.24,26.46,20.31,17.34,27.0,0.227,3.0,11.11,4.0,14.81,0.915,0.31800000000000006,13.04,6.32,14.74,21.05,25.0,14.29,114.0,0.209,25.0,21.93,15.0,13.16,0.6950000000000001,0.132,29.49,14.0,12.47,26.48,28.16,19.23
746870,2024-06-01,2024,663538,R,608371,R,walk,False,True,177.0,0.256,17.0,9.6,16.0,9.04,0.7110000000000001,0.11599999999999999,13.85,6.34,21.48,27.82,31.82,9.6,508.0,0.274,63.0,12.4,40.0,7.87,0.72,0.0979999999999999,13.4,6.0,20.67,26.67,29.91,12.21,51.0,0.178,17.0,33.33,6.0,11.76,0.631,0.178,30.1,14.16,16.44,30.59,26.17,22.97,145.0,0.126,47.0,32.41,24.0,16.55,0.5640000000000001,0.144,36.09,15.87,16.53,32.4,27.51,23.74
746870,2024-06-01,2024,621020,R,608371,R,home_run,False,False,147.0,0.2,43.0,29.25,11.0,7.48,0.5700000000000001,0.11099999999999999,33.8,16.36,15.51,31.87,24.36,24.16,478.0,0.244,111.0,23.22,49.0,10.25,0.734,0.161,28.04,13.13,15.12,28.26,23.34,18.66,51.0,0.178,17.0,33.33,6.0,11.76,0.631,0.178,30.1,14.16,16.44,30.59,26.17,22.97,145.0,0.126,47.0,32.41,24.0,16.55,0.5640000000000001,0.144,36.09,15.87,16.53,32.4,27.51,23.74
746870,2024-06-01,2024,691718,L,608371,R,single,False,False,57.0,0.24,9.0,15.79,3.0,5.26,0.671,0.14,20.16,11.76,10.86,22.62,38.89,10.98,15.0,0.0,6.0,40.0,2.0,13.33,0.154,0.0,44.44,26.67,8.33,35.0,23.08,27.27,27.0,0.227,3.0,11.11,4.0,14.81,0.915,0.31800000000000006,13.04,6.32,14.74,21.05,25.0,14.29,114.0,0.209,25.0,21.93,15.0,13.16,0.6950000000000001,0.132,29.49,14.0,12.47,26.48,28.16,19.23
746870,2024-06-01,2024,665804,R,608371,R,strikeout,True,False,90.0,0.212,22.0,24.44,7.0,7.78,0.577,0.07599999999999998,28.26,15.52,14.63,30.15,38.79,20.18,92.0,0.187,24.0,26.09,7.0,7.61,0.679,0.173,24.72,11.67,16.98,28.65,28.18,19.05,51.0,0.178,17.0,33.33,6.0,11.76,0.631,0.178,30.1,14.16,16.44,30.59,26.17,22.97,145.0,0.126,47.0,32.41,24.0,16.55,0.5640000000000001,0.144,36.09,15.87,16.53,32.4,27.51,23.74
746870,2024-06-01,2024,621550,R,622065,L,field_out,False,False,35.0,0.276,10.0,28.57,4.0,11.43,0.888,0.241,28.38,13.64,13.64,27.27,24.68,19.23,131.0,0.217,47.0,35.88,10.0,7.63,0.769,0.275,32.94,15.47,14.92,30.39,23.55,28.83,3.0,0.333,0.0,0.0,0.0,0.0,0.666,0.0,33.33,22.22,11.11,33.33,33.33,0.0,118.0,0.225,22.0,18.64,7.0,5.93,0.73,0.234,28.38,14.79,13.85,28.64,37.89,19.64
746870,2024-06-01,2024,600869,L,593576,R,strikeout,True,False,134.0,0.203,39.0,29.1,8.0,5.97,0.671,0.21199999999999997,30.86,16.24,14.09,30.33,36.92,24.53,415.0,0.251,91.0,21.93,38.0,9.16,0.812,0.2279999999999999,25.42,11.83,16.22,28.05,27.64,18.71,42.0,0.194,9.0,21.43,11.0,26.19,0.631,0.032,26.92,11.41,11.41,22.83,25.83,20.45,115.0,0.163,32.0,27.83,15.0,13.04,0.517,0.0819999999999999,34.19,16.91,12.68,29.6,31.32,21.92
746870,2024-06-01,2024,668715,R,593576,R,single,False,False,157.0,0.237,29.0,18.47,20.0,12.74,0.737,0.15600000000000003,20.49,8.89,18.07,26.96,24.57,12.72,487.0,0.256,106.0,21.77,51.0,10.47,0.7789999999999999,0.175,25.48,10.86,19.02,29.88,22.75,18.53,47.0,0.268,7.0,14.89,4.0,8.51,0.7629999999999999,0.14699999999999996,16.48,8.33,13.33,21.67,30.34,14.29,158.0,0.181,45.0,28.48,16.0,10.13,0.6060000000000001,0.145,27.9,14.33,15.14,29.47,31.82,22.39
746870,2024-06-01,2024,663886,R,593576,R,field_out,False,False,105.0,0.245,24.0,22.86,8.0,7.62,0.6859999999999999,0.127,23.95,10.67,18.93,29.6,26.37,21.9,378.0,0.228,105.0,27.78,34.0,8.99,0.657,0.1239999999999999,29.78,12.81,19.96,32.77,26.19,24.59,47.0,0.268,7.0,14.89,4.0,8.51,0.7629999999999999,0.14699999999999996,16.48,8.33,13.33,21.67,30.34,14.29,158.0,0.181,45.0,28.48,16.0,10.13,0.6060000000000001,0.145,27.9,14.33,15.14,29.47,31.82,22.39
746870,2024-06-01,2024,663697,R,593576,R,strikeout,True,False,138.0,0.203,32.0,23.19,19.0,13.77,0.599,0.07700000000000001,18.35,6.59,21.42,28.01,15.77,17.98,397.0,0.257,73.0,18.39,37.0,9.32,0.7809999999999999,0.175,21.3,8.18,21.42,29.59,19.53,15.19,47.0,0.268,7.0,14.89,4.0,8.51,0.7629999999999999,0.14699999999999996,16.48,8.33,13.33,21.67,30.34,14.29,158.0,0.181,45.0,28.48,16.0,10.13,0.6060000000000001,0.145,27.9,14.33,15.14,29.47,31.82,22.39
745253,2024-06-01,2024,650859,L,693433,R,field_out,False,False,121.0,0.275,18.0,14.88,8.0,6.61,0.744,0.13799999999999996,18.58,9.77,12.56,22.33,32.05,14.17,322.0,0.24,60.0,18.63,31.0,9.63,0.7270000000000001,0.166,24.18,11.79,13.87,25.66,28.19,14.39,58.0,0.161,8.0,13.79,2.0,3.45,0.42200000000000004,0.07100000000000001,17.09,9.3,17.67,26.98,24.68,10.13,180.0,0.283,35.0,19.44,23.0,12.78,0.928,0.256,25.33,12.72,12.18,24.9,23.3,15.09
745253,2024-06-01,2024,666160,L,693433,R,field_out,False,False,124.0,0.178,33.0,26.61,6.0,4.84,0.472,0.07600000000000001,27.72,15.9,11.47,27.36,36.14,20.12,259.0,0.293,93.0,35.91,7.0,2.7,0.8620000000000001,0.249,38.62,24.01,9.43,33.44,46.84,30.07,58.0,0.161,8.0,13.79,2.0,3.45,0.42200000000000004,0.07100000000000001,17.09,9.3,17.67,26.98,24.68,10.13,180.0,0.283,35.0,19.44,23.0,12.78,0.928,0.256,25.33,12.72,12.18,24.9,23.3,15.09
745253,2024-06-01,2024,621493,R,693433,R,strikeout,True,False,190.0,0.246,42.0,22.11,19.0,10.0,0.784,0.22100000000000003,21.81,9.76,18.27,28.03,18.56,20.39,295.0,0.233,61.0,20.68,27.0,9.15,0.702,0.148,23.43,10.4,15.98,26.37,23.09,17.78,40.0,0.132,10.0,25.0,0.0,0.0,0.28200000000000003,0.0,30.14,15.83,20.14,35.97,27.59,23.81,191.0,0.179,58.0,30.37,8.0,4.19,0.494,0.089,30.94,15.89,18.3,34.18,32.84,25.78
745253,2024-06-01,2024,641487,L,667755,R,double,False,False,108.0,0.181,27.0,25.0,12.0,11.11,0.597,0.138,19.58,8.1,19.69,27.79,19.28,19.42,446.0,0.266,84.0,18.83,67.0,15.02,0.845,0.197,18.19,6.93,19.49,26.42,17.9,17.39,148.0,0.209,28.0,18.92,14.0,9.46,0.617,0.11700000000000002,21.31,9.74,16.29,26.03,26.64,20.59,81.0,0.147,26.0,32.1,11.0,13.58,0.4309999999999999,0.0,38.46,16.34,20.26,36.6,33.12,28.89
745253,2024-06-01,2024,668942,L,667755,R,single,False,False,154.0,0.287,25.0,16.23,15.0,9.74,0.796,0.14700000000000002,18.45,8.21,16.58,24.79,21.21,14.37,299.0,0.249,64.0,21.4,22.0,7.36,0.6559999999999999,0.1019999999999999,22.77,10.13,19.65,29.78,25.55,19.69,148.0,0.209,28.0,18.92,14.0,9.46,0.617,0.11700000000000002,21.31,9.74,16.29,26.03,26.64,20.59,81.0,0.147,26.0,32.1,11.0,13.58,0.4309999999999999,0.0,38.46,16.34,20.26,36.6,33.12,28.89
745253,2024-06-01,2024,677594,R,667755,R,walk,False,True,185.0,0.243,51.0,27.57,11.0,5.95,0.581,0.045999999999999985,31.0,16.58,12.17,28.74,35.15,18.73,545.0,0.267,127.0,23.3,35.0,6.42,0.8109999999999999,0.2169999999999999,27.93,14.91,13.12,28.03,38.34,22.84,98.0,0.226,26.0,26.53,11.0,11.22,0.696,0.143,28.81,13.21,17.1,30.31,30.46,22.22,106.0,0.267,30.0,28.3,12.0,11.32,0.853,0.198,34.52,14.57,17.84,32.41,29.36,28.3
745253,2024-06-01,2024,663728,L,667755,R,sac_fly,False,False,151.0,0.222,54.0,35.76,15.0,9.93,0.683,0.163,30.51,15.63,13.31,28.95,31.76,23.04,462.0,0.235,126.0,27.27,47.0,10.17,0.7909999999999999,0.241,29.58,14.2,14.09,28.29,30.53,21.36,148.0,0.209,28.0,18.92,14.0,9.46,0.617,0.11700000000000002,21.31,9.74,16.29,26.03,26.64,20.59,81.0,0.147,26.0,32.1,11.0,13.58,0.4309999999999999,0.0,38.46,16.34,20.26,36.6,33.12,28.89
745253,2024-06-01,2024,686527,L,667755,R,field_out,False,False,68.0,0.19,21.0,30.88,4.0,5.88,0.6950000000000001,0.27,36.0,18.67,16.6,35.27,40.16,28.77,155.0,0.221,26.0,16.77,5.0,3.23,0.661,0.1879999999999999,24.65,13.73,16.86,30.59,41.27,21.85,148.0,0.209,28.0,18.92,14.0,9.46,0.617,0.11700000000000002,21.31,9.74,16.29,26.03,26.64,20.59,81.0,0.147,26.0,32.1,11.0,13.58,0.4309999999999999,0.0,38.46,16.34,20.26,36.6,33.12,28.89
745253,2024-06-01,2024,664034,R,667755,R,double,False,False,152.0,0.255,38.0,25.0,7.0,4.61,0.7,0.14200000000000002,20.76,10.24,15.02,25.26,27.4,19.59,506.0,0.24,85.0,16.8,37.0,7.31,0.698,0.1169999999999999,22.16,11.42,13.69,25.11,32.3,15.51,98.0,0.226,26.0,26.53,11.0,11.22,0.696,0.143,28.81,13.21,17.1,30.31,30.46,22.22,106.0,0.267,30.0,28.3,12.0,11.32,0.853,0.198,34.52,14.57,17.84,32.41,29.36,28.3
745253,2024-06-01,2024,571745,R,667755,R,strikeout,True,False,149.0,0.252,42.0,28.19,12.0,8.05,0.748,0.185,29.5,12.28,18.66,30.94,20.72,20.92,161.0,0.189,48.0,29.81,10.0,6.21,0.599,0.1619999999999999,28.57,13.33,19.22,32.56,25.34,22.02,98.0,0.226,26.0,26.53,11.0,11.22,0.696,0.143,28.81,13.21,17.1,30.31,30.46,22.22,106.0,0.267,30.0,28.3,12.0,11.32,0.853,0.198,34.52,14.57,17.84,32.41,29.36,28.3
745253,2024-06-01,2024,641432,L,693433,R,field_out,False,False,80.0,0.295,11.0,13.75,1.0,1.25,0.762,0.16700000000000004,14.77,7.75,15.49,23.24,29.63,15.07,139.0,0.256,15.0,10.79,13.0,9.35,0.756,0.176,14.22,5.56,19.54,25.1,21.32,10.83,58.0,0.161,8.0,13.79,2.0,3.45,0.42200000000000004,0.07100000000000001,17.09,9.3,17.67,26.98,24.68,10.13,180.0,0.283,35.0,19.44,23.0,12.78,0.928,0.256,25.33,12.72,12.18,24.9,23.3,15.09
745253,2024-06-01,2024,607680,R,693433,R,field_out,False,False,57.0,0.294,11.0,19.3,3.0,5.26,0.8680000000000001,0.23500000000000004,22.02,11.54,15.38,26.92,37.96,15.94,95.0,0.202,22.0,23.16,4.0,4.21,0.58,0.1459999999999999,23.46,13.0,15.17,28.17,39.61,20.95,40.0,0.132,10.0,25.0,0.0,0.0,0.28200000000000003,0.0,30.14,15.83,20.14,35.97,27.59,23.81,191.0,0.179,58.0,30.37,8.0,4.19,0.494,0.089,30.94,15.89,18.3,34.18,32.84,25.78
745253,2024-06-01,2024,681351,R,693433,R,strikeout,True,False,143.0,0.275,35.0,24.48,9.0,6.29,0.774,0.16799999999999998,33.21,16.7,16.51,33.21,35.69,19.55,154.0,0.22,38.0,24.68,9.0,5.84,0.757,0.262,32.06,17.0,13.8,30.81,36.07,19.69,40.0,0.132,10.0,25.0,0.0,0.0,0.28200000000000003,0.0,30.14,15.83,20.14,35.97,27.59,23.81,191.0,0.179,58.0,30.37,8.0,4.19,0.494,0.089,30.94,15.89,18.3,34.18,32.84,25.78
745253,2024-06-01,2024,670042,L,667755,R,field_error,False,False,118.0,0.25,37.0,31.36,3.0,2.54,0.663,0.125,34.43,19.13,10.48,29.61,31.94,31.36,363.0,0.247,112.0,30.85,26.0,7.16,0.8340000000000001,0.25,38.6,19.83,11.57,31.39,31.1,26.79,148.0,0.209,28.0,18.92,14.0,9.46,0.617,0.11700000000000002,21.31,9.74,16.29,26.03,26.64,20.59,81.0,0.147,26.0,32.1,11.0,13.58,0.4309999999999999,0.0,38.46,16.34,20.26,36.6,33.12,28.89
745253,2024-06-01,2024,664238,R,667755,R,field_out,False,False,116.0,0.208,32.0,27.59,13.0,11.21,0.742,0.19800000000000004,26.77,11.32,19.02,30.34,18.34,22.7,73.0,0.188,28.0,38.36,6.0,8.22,0.647,0.1709999999999999,33.56,16.33,21.33,37.67,34.46,26.17,98.0,0.226,26.0,26.53,11.0,11.22,0.696,0.143,28.81,13.21,17.1,30.31,30.46,22.22,106.0,0.267,30.0,28.3,12.0,11.32,0.853,0.198,34.52,14.57,17.84,32.41,29.36,28.3
745253,2024-06-01,2024,641487,L,667755,R,field_out,False,False,108.0,0.181,27.0,25.0,12.0,11.11,0.597,0.138,19.58,8.1,19.69,27.79,19.28,19.42,446.0,0.266,84.0,18.83,67.0,15.02,0.845,0.197,18.19,6.93,19.49,26.42,17.9,17.39,148.0,0.209,28.0,18.92,14.0,9.46,0.617,0.11700000000000002,21.31,9.74,16.29,26.03,26.64,20.59,81.0,0.147,26.0,32.1,11.0,13.58,0.4309999999999999,0.0,38.46,16.34,20.26,36.6,33.12,28.89
745253,2024-06-01,2024,668942,L,667755,R,field_out,False,False,154.0,0.287,25.0,16.23,15.0,9.74,0.796,0.14700000000000002,18.45,8.21,16.58,24.79,21.21,14.37,299.0,0.249,64.0,21.4,22.0,7.36,0.6559999999999999,0.1019999999999999,22.77,10.13,19.65,29.78,25.55,19.69,148.0,0.209,28.0,18.92,14.0,9.46,0.617,0.11700000000000002,21.31,9.74,16.29,26.03,26.64,20.59,81.0,0.147,26.0,32.1,11.0,13.58,0.4309999999999999,0.0,38.46,16.34,20.26,36.6,33.12,28.89
745253,2024-06-01,2024,642136,L,693433,R,single,False,False,45.0,0.263,15.0,33.33,6.0,13.33,0.7849999999999999,0.15799999999999997,44.0,18.33,16.67,35.0,28.16,26.79,266.0,0.215,71.0,26.69,31.0,11.65,0.6759999999999999,0.145,34.8,16.01,13.25,29.25,18.13,22.15,58.0,0.161,8.0,13.79,2.0,3.45,0.42200000000000004,0.07100000000000001,17.09,9.3,17.67,26.98,24.68,10.13,180.0,0.283,35.0,19.44,23.0,12.78,0.928,0.256,25.33,12.72,12.18,24.9,23.3,15.09
745253,2024-06-01,2024,687263,R,693433,R,field_out,False,False,167.0,0.208,41.0,24.55,12.0,7.19,0.633,0.156,27.9,14.35,15.0,29.35,33.54,22.16,262.0,0.222,62.0,23.66,18.0,6.87,0.6599999999999999,0.1349999999999999,28.77,13.7,16.19,29.89,23.52,18.84,40.0,0.132,10.0,25.0,0.0,0.0,0.28200000000000003,0.0,30.14,15.83,20.14,35.97,27.59,23.81,191.0,0.179,58.0,30.37,8.0,4.19,0.494,0.089,30.94,15.89,18.3,34.18,32.84,25.78
745253,2024-06-01,2024,641645,L,693433,R,grounded_into_double_play,False,False,55.0,0.26,11.0,20.0,5.0,9.09,0.687,0.09999999999999998,23.53,10.91,16.82,27.73,26.17,16.42,96.0,0.218,19.0,19.79,8.0,8.33,0.591,0.092,15.23,6.02,21.47,27.49,22.05,19.79,58.0,0.161,8.0,13.79,2.0,3.45,0.42200000000000004,0.07100000000000001,17.09,9.3,17.67,26.98,24.68,10.13,180.0,0.283,35.0,19.44,23.0,12.78,0.928,0.256,25.33,12.72,12.18,24.9,23.3,15.09
745253,2024-06-01,2024,677594,R,667755,R,field_out,False,False,185.0,0.243,51.0,27.57,11.0,5.95,0.581,0.045999999999999985,31.0,16.58,12.17,28.74,35.15,18.73,545.0,0.267,127.0,23.3,35.0,6.42,0.8109999999999999,0.2169999999999999,27.93,14.91,13.12,28.03,38.34,22.84,98.0,0.226,26.0,26.53,11.0,11.22,0.696,0.143,28.81,13.21,17.1,30.31,30.46,22.22,106.0,0.267,30.0,28.3,12.0,11.32,0.853,0.198,34.52,14.57,17.84,32.41,29.36,28.3
745253,2024-06-01,2024,663728,L,667755,R,field_out,False,False,151.0,0.222,54.0,35.76,15.0,9.93,0.683,0.163,30.51,15.63,13.31,28.95,31.76,23.04,462.0,0.235,126.0,27.27,47.0,10.17,0.7909999999999999,0.241,29.58,14.2,14.09,28.29,30.53,21.36,148.0,0.209,28.0,18.92,14.0,9.46,0.617,0.11700000000000002,21.31,9.74,16.29,26.03,26.64,20.59,81.0,0.147,26.0,32.1,11.0,13.58,0.4309999999999999,0.0,38.46,16.34,20.26,36.6,33.12,28.89
745253,2024-06-01,2024,686527,L,667755,R,strikeout,True,False,68.0,0.19,21.0,30.88,4.0,5.88,0.6950000000000001,0.27,36.0,18.67,16.6,35.27,40.16,28.77,155.0,0.221,26.0,16.77,5.0,3.23,0.661,0.1879999999999999,24.65,13.73,16.86,30.59,41.27,21.85,148.0,0.209,28.0,18.92,14.0,9.46,0.617,0.11700000000000002,21.31,9.74,16.29,26.03,26.64,20.59,81.0,0.147,26.0,32.1,11.0,13.58,0.4309999999999999,0.0,38.46,16.34,20.26,36.6,33.12,28.89
745253,2024-06-01,2024,650859,L,693433,R,field_out,False,False,121.0,0.275,18.0,14.88,8.0,6.61,0.744,0.13799999999999996,18.58,9.77,12.56,22.33,32.05,14.17,322.0,0.24,60.0,18.63,31.0,9.63,0.7270000000000001,0.166,24.18,11.79,13.87,25.66,28.19,14.39,58.0,0.161,8.0,13.79,2.0,3.45,0.42200000000000004,0.07100000000000001,17.09,9.3,17.67,26.98,24.68,10.13,180.0,0.283,35.0,19.44,23.0,12.78,0.928,0.256,25.33,12.72,12.18,24.9,23.3,15.09
745253,2024-06-01,2024,666160,L,693433,R,field_out,False,False,124.0,0.178,33.0,26.61,6.0,4.84,0.472,0.07600000000000001,27.72,15.9,11.47,27.36,36.14,20.12,259.0,0.293,93.0,35.91,7.0,2.7,0.8620000000000001,0.249,38.62,24.01,9.43,33.44,46.84,30.07,58.0,0.161,8.0,13.79,2.0,3.45,0.42200000000000004,0.07100000000000001,17.09,9.3,17.67,26.98,24.68,10.13,180.0,0.283,35.0,19.44,23.0,12.78,0.928,0.256,25.33,12.72,12.18,24.9,23.3,15.09
745253,2024-06-01,2024,621493,R,693433,R,field_out,False,False,190.0,0.246,42.0,22.11,19.0,10.0,0.784,0.22100000000000003,21.81,9.76,18.27,28.03,18.56,20.39,295.0,0.233,61.0,20.68,27.0,9.15,0.702,0.148,23.43,10.4,15.98,26.37,23.09,17.78,40.0,0.132,10.0,25.0,0.0,0.0,0.28200000000000003,0.0,30.14,15.83,20.14,35.97,27.59,23.81,191.0,0.179,58.0,30.37,8.0,4.19,0.494,0.089,30.94,15.89,18.3,34.18,32.84,25.78
745253,2024-06-01,2024,664034,R,667755,R,single,False,False,152.0,0.255,38.0,25.0,7.0,4.61,0.7,0.14200000000000002,20.76,10.24,15.02,25.26,27.4,19.59,506.0,0.24,85.0,16.8,37.0,7.31,0.698,0.1169999999999999,22.16,11.42,13.69,25.11,32.3,15.51,98.0,0.226,26.0,26.53,11.0,11.22,0.696,0.143,28.81,13.21,17.1,30.31,30.46,22.22,106.0,0.267,30.0,28.3,12.0,11.32,0.853,0.198,34.52,14.57,17.84,32.41,29.36,28.3
745253,2024-06-01,2024,571745,R,667755,R,strikeout,True,False,149.0,0.252,42.0,28.19,12.0,8.05,0.748,0.185,29.5,12.28,18.66,30.94,20.72,20.92,161.0,0.189,48.0,29.81,10.0,6.21,0.599,0.1619999999999999,28.57,13.33,19.22,32.56,25.34,22.02,98.0,0.226,26.0,26.53,11.0,11.22,0.696,0.143,28.81,13.21,17.1,30.31,30.46,22.22,106.0,0.267,30.0,28.3,12.0,11.32,0.853,0.198,34.52,14.57,17.84,32.41,29.36,28.3
745253,2024-06-01,2024,670042,L,667755,R,field_out,False,False,118.0,0.25,37.0,31.36,3.0,2.54,0.663,0.125,34.43,19.13,10.48,29.61,31.94,31.36,363.0,0.247,112.0,30.85,26.0,7.16,0.8340000000000001,0.25,38.6,19.83,11.57,31.39,31.1,26.79,148.0,0.209,28.0,18.92,14.0,9.46,0.617,0.11700000000000002,21.31,9.74,16.29,26.03,26.64,20.59,81.0,0.147,26.0,32.1,11.0,13.58,0.4309999999999999,0.0,38.46,16.34,20.26,36.6,33.12,28.89
745253,2024-06-01,2024,664238,R,667755,R,field_out,False,False,116.0,0.208,32.0,27.59,13.0,11.21,0.742,0.19800000000000004,26.77,11.32,19.02,30.34,18.34,22.7,73.0,0.188,28.0,38.36,6.0,8.22,0.647,0.1709999999999999,33.56,16.33,21.33,37.67,34.46,26.17,98.0,0.226,26.0,26.53,11.0,11.22,0.696,0.143,28.81,13.21,17.1,30.31,30.46,22.22,106.0,0.267,30.0,28.3,12.0,11.32,0.853,0.198,34.52,14.57,17.84,32.41,29.36,28.3
745253,2024-06-01,2024,641432,L,693433,R,field_out,False,False,80.0,0.295,11.0,13.75,1.0,1.25,0.762,0.16700000000000004,14.77,7.75,15.49,23.24,29.63,15.07,139.0,0.256,15.0,10.79,13.0,9.35,0.756,0.176,14.22,5.56,19.54,25.1,21.32,10.83,58.0,0.161,8.0,13.79,2.0,3.45,0.42200000000000004,0.07100000000000001,17.09,9.3,17.67,26.98,24.68,10.13,180.0,0.283,35.0,19.44,23.0,12.78,0.928,0.256,25.33,12.72,12.18,24.9,23.3,15.09
745253,2024-06-01,2024,607680,R,693433,R,field_out,False,False,57.0,0.294,11.0,19.3,3.0,5.26,0.8680000000000001,0.23500000000000004,22.02,11.54,15.38,26.92,37.96,15.94,95.0,0.202,22.0,23.16,4.0,4.21,0.58,0.1459999999999999,23.46,13.0,15.17,28.17,39.61,20.95,40.0,0.132,10.0,25.0,0.0,0.0,0.28200000000000003,0.0,30.14,15.83,20.14,35.97,27.59,23.81,191.0,0.179,58.0,30.37,8.0,4.19,0.494,0.089,30.94,15.89,18.3,34.18,32.84,25.78
745253,2024-06-01,2024,681351,R,693433,R,field_out,False,False,143.0,0.275,35.0,24.48,9.0,6.29,0.774,0.16799999999999998,33.21,16.7,16.51,33.21,35.69,19.55,154.0,0.22,38.0,24.68,9.0,5.84,0.757,0.262,32.06,17.0,13.8,30.81,36.07,19.69,40.0,0.132,10.0,25.0,0.0,0.0,0.28200000000000003,0.0,30.14,15.83,20.14,35.97,27.59,23.81,191.0,0.179,58.0,30.37,8.0,4.19,0.494,0.089,30.94,15.89,18.3,34.18,32.84,25.78
745253,2024-06-01,2024,641487,L,667755,R,double,False,False,108.0,0.181,27.0,25.0,12.0,11.11,0.597,0.138,19.58,8.1,19.69,27.79,19.28,19.42,446.0,0.266,84.0,18.83,67.0,15.02,0.845,0.197,18.19,6.93,19.49,26.42,17.9,17.39,148.0,0.209,28.0,18.92,14.0,9.46,0.617,0.11700000000000002,21.31,9.74,16.29,26.03,26.64,20.59,81.0,0.147,26.0,32.1,11.0,13.58,0.4309999999999999,0.0,38.46,16.34,20.26,36.6,33.12,28.89
745253,2024-06-01,2024,668942,L,667755,R,field_out,False,False,154.0,0.287,25.0,16.23,15.0,9.74,0.796,0.14700000000000002,18.45,8.21,16.58,24.79,21.21,14.37,299.0,0.249,64.0,21.4,22.0,7.36,0.6559999999999999,0.1019999999999999,22.77,10.13,19.65,29.78,25.55,19.69,148.0,0.209,28.0,18.92,14.0,9.46,0.617,0.11700000000000002,21.31,9.74,16.29,26.03,26.64,20.59,81.0,0.147,26.0,32.1,11.0,13.58,0.4309999999999999,0.0,38.46,16.34,20.26,36.6,33.12,28.89
745253,2024-06-01,2024,677594,R,667755,R,field_out,False,False,185.0,0.243,51.0,27.57,11.0,5.95,0.581,0.045999999999999985,31.0,16.58,12.17,28.74,35.15,18.73,545.0,0.267,127.0,23.3,35.0,6.42,0.8109999999999999,0.2169999999999999,27.93,14.91,13.12,28.03,38.34,22.84,98.0,0.226,26.0,26.53,11.0,11.22,0.696,0.143,28.81,13.21,17.1,30.31,30.46,22.22,106.0,0.267,30.0,28.3,12.0,11.32,0.853,0.198,34.52,14.57,17.84,32.41,29.36,28.3
745253,2024-06-01,2024,663728,L,667755,R,single,False,False,151.0,0.222,54.0,35.76,15.0,9.93,0.683,0.163,30.51,15.63,13.31,28.95,31.76,23.04,462.0,0.235,126.0,27.27,47.0,10.17,0.7909999999999999,0.241,29.58,14.2,14.09,28.29,30.53,21.36,148.0,0.209,28.0,18.92,14.0,9.46,0.617,0.11700000000000002,21.31,9.74,16.29,26.03,26.64,20.59,81.0,0.147,26.0,32.1,11.0,13.58,0.4309999999999999,0.0,38.46,16.34,20.26,36.6,33.12,28.89
745253,2024-06-01,2024,686527,L,667755,R,field_out,False,False,68.0,0.19,21.0,30.88,4.0,5.88,0.6950000000000001,0.27,36.0,18.67,16.6,35.27,40.16,28.77,155.0,0.221,26.0,16.77,5.0,3.23,0.661,0.1879999999999999,24.65,13.73,16.86,30.59,41.27,21.85,148.0,0.209,28.0,18.92,14.0,9.46,0.617,0.11700000000000002,21.31,9.74,16.29,26.03,26.64,20.59,81.0,0.147,26.0,32.1,11.0,13.58,0.4309999999999999,0.0,38.46,16.34,20.26,36.6,33.12,28.89
745253,2024-06-01,2024,642136,L,693433,R,single,False,False,45.0,0.263,15.0,33.33,6.0,13.33,0.7849999999999999,0.15799999999999997,44.0,18.33,16.67,35.0,28.16,26.79,266.0,0.215,71.0,26.69,31.0,11.65,0.6759999999999999,0.145,34.8,16.01,13.25,29.25,18.13,22.15,58.0,0.161,8.0,13.79,2.0,3.45,0.42200000000000004,0.07100000000000001,17.09,9.3,17.67,26.98,24.68,10.13,180.0,0.283,35.0,19.44,23.0,12.78,0.928,0.256,25.33,12.72,12.18,24.9,23.3,15.09
745253,2024-06-01,2024,687263,R,693433,R,single,False,False,167.0,0.208,41.0,24.55,12.0,7.19,0.633,0.156,27.9,14.35,15.0,29.35,33.54,22.16,262.0,0.222,62.0,23.66,18.0,6.87,0.6599999999999999,0.1349999999999999,28.77,13.7,16.19,29.89,23.52,18.84,40.0,0.132,10.0,25.0,0.0,0.0,0.28200000000000003,0.0,30.14,15.83,20.14,35.97,27.59,23.81,191.0,0.179,58.0,30.37,8.0,4.19,0.494,0.089,30.94,15.89,18.3,34.18,32.84,25.78
745253,2024-06-01,2024,641645,L,693433,R,grounded_into_double_play,False,False,55.0,0.26,11.0,20.0,5.0,9.09,0.687,0.09999999999999998,23.53,10.91,16.82,27.73,26.17,16.42,96.0,0.218,19.0,19.79,8.0,8.33,0.591,0.092,15.23,6.02,21.47,27.49,22.05,19.79,58.0,0.161,8.0,13.79,2.0,3.45,0.42200000000000004,0.07100000000000001,17.09,9.3,17.67,26.98,24.68,10.13,180.0,0.283,35.0,19.44,23.0,12.78,0.928,0.256,25.33,12.72,12.18,24.9,23.3,15.09
745253,2024-06-01,2024,650859,L,693433,R,field_out,False,False,121.0,0.275,18.0,14.88,8.0,6.61,0.744,0.13799999999999996,18.58,9.77,12.56,22.33,32.05,14.17,322.0,0.24,60.0,18.63,31.0,9.63,0.7270000000000001,0.166,24.18,11.79,13.87,25.66,28.19,14.39,58.0,0.161,8.0,13.79,2.0,3.45,0.42200000000000004,0.07100000000000001,17.09,9.3,17.67,26.98,24.68,10.13,180.0,0.283,35.0,19.44,23.0,12.78,0.928,0.256,25.33,12.72,12.18,24.9,23.3,15.09
745253,2024-06-01,2024,664034,R,667755,R,walk,False,True,152.0,0.255,38.0,25.0,7.0,4.61,0.7,0.14200000000000002,20.76,10.24,15.02,25.26,27.4,19.59,506.0,0.24,85.0,16.8,37.0,7.31,0.698,0.1169999999999999,22.16,11.42,13.69,25.11,32.3,15.51,98.0,0.226,26.0,26.53,11.0,11.22,0.696,0.143,28.81,13.21,17.1,30.31,30.46,22.22,106.0,0.267,30.0,28.3,12.0,11.32,0.853,0.198,34.52,14.57,17.84,32.41,29.36,28.3
745253,2024-06-01,2024,571745,R,667755,R,single,False,False,149.0,0.252,42.0,28.19,12.0,8.05,0.748,0.185,29.5,12.28,18.66,30.94,20.72,20.92,161.0,0.189,48.0,29.81,10.0,6.21,0.599,0.1619999999999999,28.57,13.33,19.22,32.56,25.34,22.02,98.0,0.226,26.0,26.53,11.0,11.22,0.696,0.143,28.81,13.21,17.1,30.31,30.46,22.22,106.0,0.267,30.0,28.3,12.0,11.32,0.853,0.198,34.52,14.57,17.84,32.41,29.36,28.3
745253,2024-06-01,2024,670042,L,667755,R,field_out,False,False,118.0,0.25,37.0,31.36,3.0,2.54,0.663,0.125,34.43,19.13,10.48,29.61,31.94,31.36,363.0,0.247,112.0,30.85,26.0,7.16,0.8340000000000001,0.25,38.6,19.83,11.57,31.39,31.1,26.79,148.0,0.209,28.0,18.92,14.0,9.46,0.617,0.11700000000000002,21.31,9.74,16.29,26.03,26.64,20.59,81.0,0.147,26.0,32.1,11.0,13.58,0.4309999999999999,0.0,38.46,16.34,20.26,36.6,33.12,28.89
745253,2024-06-01,2024,664238,R,667755,R,grounded_into_double_play,False,False,116.0,0.208,32.0,27.59,13.0,11.21,0.742,0.19800000000000004,26.77,11.32,19.02,30.34,18.34,22.7,73.0,0.188,28.0,38.36,6.0,8.22,0.647,0.1709999999999999,33.56,16.33,21.33,37.67,34.46,26.17,98.0,0.226,26.0,26.53,11.0,11.22,0.696,0.143,28.81,13.21,17.1,30.31,30.46,22.22,106.0,0.267,30.0,28.3,12.0,11.32,0.853,0.198,34.52,14.57,17.84,32.41,29.36,28.3
745253,2024-06-01,2024,666160,L,663423,R,strikeout,True,False,124.0,0.178,33.0,26.61,6.0,4.84,0.472,0.07600000000000001,27.72,15.9,11.47,27.36,36.14,20.12,259.0,0.293,93.0,35.91,7.0,2.7,0.8620000000000001,0.249,38.62,24.01,9.43,33.44,46.84,30.07,45.0,0.279,13.0,28.89,1.0,2.22,0.667,0.09299999999999997,22.0,12.94,16.47,29.41,43.24,20.97,55.0,0.308,7.0,12.73,3.0,5.45,0.903,0.25,15.48,6.6,22.34,28.93,14.63,11.86
745253,2024-06-01,2024,621493,R,663423,R,walk,False,True,190.0,0.246,42.0,22.11,19.0,10.0,0.784,0.22100000000000003,21.81,9.76,18.27,28.03,18.56,20.39,295.0,0.233,61.0,20.68,27.0,9.15,0.702,0.148,23.43,10.4,15.98,26.37,23.09,17.78,54.0,0.178,11.0,20.37,6.0,11.11,0.5549999999999999,0.08900000000000002,32.98,14.83,17.7,32.54,23.89,16.18,70.0,0.209,19.0,27.14,3.0,4.29,0.5860000000000001,0.134,26.12,13.36,17.18,30.53,37.78,20.88
745253,2024-06-01,2024,641432,L,663423,R,double,False,False,80.0,0.295,11.0,13.75,1.0,1.25,0.762,0.16700000000000004,14.77,7.75,15.49,23.24,29.63,15.07,139.0,0.256,15.0,10.79,13.0,9.35,0.756,0.176,14.22,5.56,19.54,25.1,21.32,10.83,45.0,0.279,13.0,28.89,1.0,2.22,0.667,0.09299999999999997,22.0,12.94,16.47,29.41,43.24,20.97,55.0,0.308,7.0,12.73,3.0,5.45,0.903,0.25,15.48,6.6,22.34,28.93,14.63,11.86
745253,2024-06-01,2024,607680,R,663423,R,fielders_choice_out,False,False,57.0,0.294,11.0,19.3,3.0,5.26,0.8680000000000001,0.23500000000000004,22.02,11.54,15.38,26.92,37.96,15.94,95.0,0.202,22.0,23.16,4.0,4.21,0.58,0.1459999999999999,23.46,13.0,15.17,28.17,39.61,20.95,54.0,0.178,11.0,20.37,6.0,11.11,0.5549999999999999,0.08900000000000002,32.98,14.83,17.7,32.54,23.89,16.18,70.0,0.209,19.0,27.14,3.0,4.29,0.5860000000000001,0.134,26.12,13.36,17.18,30.53,37.78,20.88
745253,2024-06-01,2024,681351,R,663423,R,walk,False,True,143.0,0.275,35.0,24.48,9.0,6.29,0.774,0.16799999999999998,33.21,16.7,16.51,33.21,35.69,19.55,154.0,0.22,38.0,24.68,9.0,5.84,0.757,0.262,32.06,17.0,13.8,30.81,36.07,19.69,54.0,0.178,11.0,20.37,6.0,11.11,0.5549999999999999,0.08900000000000002,32.98,14.83,17.7,32.54,23.89,16.18,70.0,0.209,19.0,27.14,3.0,4.29,0.5860000000000001,0.134,26.12,13.36,17.18,30.53,37.78,20.88
745253,2024-06-01,2024,666176,R,642048,L,home_run,False,False,41.0,0.282,9.0,21.95,2.0,4.88,1.138,0.5389999999999999,33.68,18.18,9.09,27.27,31.58,15.79,19.0,0.211,7.0,36.84,0.0,0.0,0.6849999999999999,0.263,34.09,18.29,13.41,31.71,34.21,21.88,36.0,0.242,7.0,19.44,3.0,8.33,0.7,0.15200000000000002,31.75,15.27,12.98,28.24,37.97,21.88,139.0,0.248,27.0,19.42,19.0,13.67,0.72,0.088,30.42,13.42,15.81,29.23,33.43,18.75
745253,2024-06-01,2024,687263,R,642048,L,single,False,False,36.0,0.457,9.0,25.0,1.0,2.78,1.101,0.172,26.51,15.28,11.81,27.08,38.81,17.31,67.0,0.237,15.0,22.39,2.0,2.99,0.786,0.221,28.57,13.88,15.92,29.8,31.5,25.42,36.0,0.242,7.0,19.44,3.0,8.33,0.7,0.15200000000000002,31.75,15.27,12.98,28.24,37.97,21.88,139.0,0.248,27.0,19.42,19.0,13.67,0.72,0.088,30.42,13.42,15.81,29.23,33.43,18.75
745253,2024-06-01,2024,641645,L,642048,L,strikeout,True,False,6.0,0.167,3.0,50.0,0.0,0.0,0.334,0.0,38.46,16.13,22.58,38.71,31.25,23.08,24.0,0.25,9.0,37.5,2.0,8.33,0.718,0.15,25.0,11.88,19.8,31.68,27.66,26.47,26.0,0.182,8.0,30.77,3.0,11.54,0.535,0.04500000000000001,27.27,11.76,17.65,29.41,25.49,26.67,69.0,0.21,16.0,23.19,4.0,5.8,0.516,0.048,28.1,13.77,21.05,34.82,33.02,23.19
745253,2024-06-01,2024,641487,L,472610,R,field_out,False,False,108.0,0.181,27.0,25.0,12.0,11.11,0.597,0.138,19.58,8.1,19.69,27.79,19.28,19.42,446.0,0.266,84.0,18.83,67.0,15.02,0.845,0.197,18.19,6.93,19.49,26.42,17.9,17.39,44.0,0.256,11.0,25.0,3.0,6.82,0.728,0.15399999999999997,26.03,11.18,23.53,34.71,26.19,23.4,108.0,0.309,22.0,20.37,12.0,11.11,0.734,0.0419999999999999,27.84,13.24,12.01,25.25,30.67,20.18
745253,2024-06-01,2024,668942,L,472610,R,hit_by_pitch,False,False,154.0,0.287,25.0,16.23,15.0,9.74,0.796,0.14700000000000002,18.45,8.21,16.58,24.79,21.21,14.37,299.0,0.249,64.0,21.4,22.0,7.36,0.6559999999999999,0.1019999999999999,22.77,10.13,19.65,29.78,25.55,19.69,44.0,0.256,11.0,25.0,3.0,6.82,0.728,0.15399999999999997,26.03,11.18,23.53,34.71,26.19,23.4,108.0,0.309,22.0,20.37,12.0,11.11,0.734,0.0419999999999999,27.84,13.24,12.01,25.25,30.67,20.18
745253,2024-06-01,2024,677594,R,472610,R,strikeout,True,False,185.0,0.243,51.0,27.57,11.0,5.95,0.581,0.045999999999999985,31.0,16.58,12.17,28.74,35.15,18.73,545.0,0.267,127.0,23.3,35.0,6.42,0.8109999999999999,0.2169999999999999,27.93,14.91,13.12,28.03,38.34,22.84,58.0,0.185,13.0,22.41,3.0,5.17,0.5,0.07400000000000001,29.06,15.38,13.57,28.96,40.32,18.06,159.0,0.214,31.0,19.5,12.0,7.55,0.69,0.172,23.78,11.22,14.36,25.58,27.18,17.22
745253,2024-06-01,2024,663728,L,472610,R,field_out,False,False,151.0,0.222,54.0,35.76,15.0,9.93,0.683,0.163,30.51,15.63,13.31,28.95,31.76,23.04,462.0,0.235,126.0,27.27,47.0,10.17,0.7909999999999999,0.241,29.58,14.2,14.09,28.29,30.53,21.36,44.0,0.256,11.0,25.0,3.0,6.82,0.728,0.15399999999999997,26.03,11.18,23.53,34.71,26.19,23.4,108.0,0.309,22.0,20.37,12.0,11.11,0.734,0.0419999999999999,27.84,13.24,12.01,25.25,30.67,20.18
745253,2024-06-01,2024,650859,L,592773,R,field_out,False,False,121.0,0.275,18.0,14.88,8.0,6.61,0.744,0.13799999999999996,18.58,9.77,12.56,22.33,32.05,14.17,322.0,0.24,60.0,18.63,31.0,9.63,0.7270000000000001,0.166,24.18,11.79,13.87,25.66,28.19,14.39,46.0,0.293,11.0,23.91,3.0,6.52,0.86,0.21900000000000003,27.37,13.98,15.05,29.03,32.61,17.46,97.0,0.209,20.0,20.62,10.0,10.31,0.615,0.117,29.95,15.58,9.3,24.87,27.09,18.02
745253,2024-06-01,2024,666160,L,592773,R,strikeout,True,False,124.0,0.178,33.0,26.61,6.0,4.84,0.472,0.07600000000000001,27.72,15.9,11.47,27.36,36.14,20.12,259.0,0.293,93.0,35.91,7.0,2.7,0.8620000000000001,0.249,38.62,24.01,9.43,33.44,46.84,30.07,46.0,0.293,11.0,23.91,3.0,6.52,0.86,0.21900000000000003,27.37,13.98,15.05,29.03,32.61,17.46,97.0,0.209,20.0,20.62,10.0,10.31,0.615,0.117,29.95,15.58,9.3,24.87,27.09,18.02
745253,2024-06-01,2024,621493,R,592773,R,strikeout,True,False,190.0,0.246,42.0,22.11,19.0,10.0,0.784,0.22100000000000003,21.81,9.76,18.27,28.03,18.56,20.39,295.0,0.233,61.0,20.68,27.0,9.15,0.702,0.148,23.43,10.4,15.98,26.37,23.09,17.78,43.0,0.179,12.0,27.91,3.0,6.98,0.46099999999999997,0.025999999999999995,28.26,15.57,13.17,28.74,35.37,20.34,116.0,0.231,31.0,26.72,11.0,9.48,0.752,0.211,31.3,16.45,11.54,27.99,28.0,17.61
745253,2024-06-01,2024,686527,L,519043,L,field_out,False,False,5.0,0.0,1.0,20.0,1.0,20.0,0.2,0.0,30.0,12.5,16.67,29.17,8.33,12.5,27.0,0.208,6.0,22.22,3.0,11.11,0.629,0.125,31.11,14.74,20.0,34.74,44.23,23.08,39.0,0.235,8.0,20.51,5.0,12.82,0.774,0.20600000000000002,25.68,11.59,16.46,28.05,27.06,16.0,62.0,0.268,12.0,19.35,5.0,8.06,0.875,0.268,21.49,10.36,14.74,25.1,31.3,15.38
745253,2024-06-01,2024,664034,R,519043,L,home_run,False,False,60.0,0.275,13.0,21.67,8.0,13.33,0.8340000000000001,0.176,28.83,13.39,12.13,25.52,25.2,19.12,160.0,0.28,32.0,20.0,6.0,3.75,0.718,0.1129999999999999,21.07,12.16,10.7,22.85,36.66,14.81,54.0,0.245,14.0,25.93,4.0,7.41,0.764,0.20400000000000001,28.18,14.35,16.67,31.02,32.14,21.21,156.0,0.218,48.0,30.77,10.0,6.41,0.622,0.1269999999999999,30.67,16.47,13.84,30.31,36.77,25.67
745253,2024-06-01,2024,571745,R,519043,L,field_out,False,False,61.0,0.14,16.0,26.23,4.0,6.56,0.337,0.0,29.09,12.8,18.8,31.6,23.33,18.52,69.0,0.254,17.0,24.64,5.0,7.25,0.706,0.143,26.02,11.43,17.5,28.93,26.06,19.54,54.0,0.245,14.0,25.93,4.0,7.41,0.764,0.20400000000000001,28.18,14.35,16.67,31.02,32.14,21.21,156.0,0.218,48.0,30.77,10.0,6.41,0.622,0.1269999999999999,30.67,16.47,13.84,30.31,36.77,25.67
745253,2024-06-01,2024,670042,L,519043,L,double,False,False,20.0,0.316,2.0,10.0,1.0,5.0,0.876,0.21000000000000002,22.86,11.27,16.9,28.17,24.24,12.5,44.0,0.268,16.0,36.36,2.0,4.55,0.741,0.1709999999999999,41.18,22.58,15.48,38.06,33.8,36.36,39.0,0.235,8.0,20.51,5.0,12.82,0.774,0.20600000000000002,25.68,11.59,16.46,28.05,27.06,16.0,62.0,0.268,12.0,19.35,5.0,8.06,0.875,0.268,21.49,10.36,14.74,25.1,31.3,15.38
745253,2024-06-01,2024,664238,R,519043,L,strikeout,True,False,57.0,0.25,11.0,19.3,7.0,12.28,0.872,0.271,19.39,8.41,16.81,25.22,20.0,16.92,92.0,0.222,28.0,30.43,10.0,10.87,0.796,0.259,33.33,14.66,18.06,32.72,23.83,23.53,54.0,0.245,14.0,25.93,4.0,7.41,0.764,0.20400000000000001,28.18,14.35,16.67,31.02,32.14,21.21,156.0,0.218,48.0,30.77,10.0,6.41,0.622,0.1269999999999999,30.67,16.47,13.84,30.31,36.77,25.67
745253,2024-06-01,2024,641432,L,662253,R,strikeout,True,False,80.0,0.295,11.0,13.75,1.0,1.25,0.762,0.16700000000000004,14.77,7.75,15.49,23.24,29.63,15.07,139.0,0.256,15.0,10.79,13.0,9.35,0.756,0.176,14.22,5.56,19.54,25.1,21.32,10.83,45.0,0.237,12.0,26.67,6.0,13.33,0.751,0.15800000000000003,27.03,11.56,19.08,30.64,31.63,27.91,104.0,0.242,31.0,29.81,10.0,9.62,0.671,0.099,36.45,17.25,16.55,33.8,30.63,24.03
745253,2024-06-01,2024,607680,R,662253,R,single,False,False,57.0,0.294,11.0,19.3,3.0,5.26,0.8680000000000001,0.23500000000000004,22.02,11.54,15.38,26.92,37.96,15.94,95.0,0.202,22.0,23.16,4.0,4.21,0.58,0.1459999999999999,23.46,13.0,15.17,28.17,39.61,20.95,52.0,0.12,23.0,44.23,2.0,3.85,0.29400000000000004,0.020000000000000018,47.32,23.56,15.56,39.11,36.96,33.33,108.0,0.194,36.0,33.33,12.0,11.11,0.575,0.075,42.42,20.05,17.9,37.95,33.98,28.12
745253,2024-06-01,2024,681351,R,662253,R,strikeout,True,False,143.0,0.275,35.0,24.48,9.0,6.29,0.774,0.16799999999999998,33.21,16.7,16.51,33.21,35.69,19.55,154.0,0.22,38.0,24.68,9.0,5.84,0.757,0.262,32.06,17.0,13.8,30.81,36.07,19.69,52.0,0.12,23.0,44.23,2.0,3.85,0.29400000000000004,0.020000000000000018,47.32,23.56,15.56,39.11,36.96,33.33,108.0,0.194,36.0,33.33,12.0,11.11,0.575,0.075,42.42,20.05,17.9,37.95,33.98,28.12
745253,2024-06-01,2024,666176,R,662253,R,pickoff_caught_stealing_2b,False,False,122.0,0.185,38.0,31.15,8.0,6.56,0.608,0.16699999999999998,29.63,14.31,14.91,29.22,30.53,20.77,43.0,0.205,18.0,41.86,4.0,9.3,0.7150000000000001,0.231,40.66,20.67,14.53,35.2,30.34,25.35,52.0,0.12,23.0,44.23,2.0,3.85,0.29400000000000004,0.020000000000000018,47.32,23.56,15.56,39.11,36.96,33.33,108.0,0.194,36.0,33.33,12.0,11.11,0.575,0.075,42.42,20.05,17.9,37.95,33.98,28.12
746303,2024-06-01,2024,650333,L,608379,R,single,False,False,150.0,0.38,4.0,2.67,6.0,4.0,0.8879999999999999,0.09899999999999998,6.46,3.07,18.81,21.88,33.33,3.1,479.0,0.362,17.0,3.55,31.0,6.47,0.891,0.122,6.51,3.2,16.58,19.78,31.29,4.11,134.0,0.281,32.0,23.88,10.0,7.46,0.796,0.182,23.56,10.93,17.53,28.45,27.04,23.31,262.0,0.233,60.0,22.9,23.0,8.78,0.671,0.1359999999999999,27.45,12.74,17.4,30.14,29.39,18.02
746303,2024-06-01,2024,665487,R,608379,R,field_out,False,False,176.0,0.263,37.0,21.02,7.0,3.98,0.762,0.20400000000000001,26.99,14.84,11.8,26.64,32.88,25.0,489.0,0.244,114.0,23.31,37.0,7.57,0.728,0.181,31.62,17.66,8.94,26.61,34.25,23.98,149.0,0.228,24.0,16.11,10.0,6.71,0.605,0.088,19.35,9.33,14.68,24.01,26.78,13.87,293.0,0.216,64.0,21.84,20.0,6.83,0.665,0.174,22.12,10.87,16.43,27.3,30.4,17.17
746303,2024-06-01,2024,595777,L,608379,R,field_out,False,False,163.0,0.336,25.0,15.34,22.0,13.5,0.925,0.15299999999999997,17.97,8.27,13.83,22.11,23.39,11.94,375.0,0.229,68.0,18.13,37.0,9.87,0.6559999999999999,0.1159999999999999,21.66,10.43,14.17,24.61,26.12,14.59,134.0,0.281,32.0,23.88,10.0,7.46,0.796,0.182,23.56,10.93,17.53,28.45,27.04,23.31,262.0,0.233,60.0,22.9,23.0,8.78,0.671,0.1359999999999999,27.45,12.74,17.4,30.14,29.39,18.02
746303,2024-06-01,2024,630105,L,608379,R,strikeout,True,False,167.0,0.281,28.0,16.77,15.0,8.98,0.877,0.246,18.39,8.51,16.57,25.07,23.01,13.66,367.0,0.23,59.0,16.08,36.0,9.81,0.7,0.154,14.92,6.99,16.69,23.68,24.61,14.08,134.0,0.281,32.0,23.88,10.0,7.46,0.796,0.182,23.56,10.93,17.53,28.45,27.04,23.31,262.0,0.233,60.0,22.9,23.0,8.78,0.671,0.1359999999999999,27.45,12.74,17.4,30.14,29.39,18.02
746303,2024-06-01,2024,672580,R,656302,R,strikeout,True,False,208.0,0.255,41.0,19.71,16.0,7.69,0.673,0.10699999999999998,20.29,8.75,21.17,29.91,20.79,17.9,400.0,0.258,94.0,23.5,33.0,8.25,0.648,0.071,20.3,8.71,19.59,28.3,19.12,19.96,148.0,0.169,50.0,33.78,8.0,5.41,0.49,0.10300000000000001,35.86,17.78,15.17,32.95,32.38,24.27,388.0,0.23,123.0,31.7,49.0,12.63,0.673,0.1139999999999999,34.99,15.88,15.7,31.59,28.15,21.5
746303,2024-06-01,2024,677951,R,656302,R,field_out,False,False,217.0,0.325,35.0,16.13,18.0,8.29,0.9390000000000001,0.23200000000000004,24.35,12.26,12.86,25.12,29.11,15.77,547.0,0.27,93.0,17.0,33.0,6.03,0.8,0.2149999999999999,22.15,10.87,15.53,26.4,29.62,14.44,148.0,0.169,50.0,33.78,8.0,5.41,0.49,0.10300000000000001,35.86,17.78,15.17,32.95,32.38,24.27,388.0,0.23,123.0,31.7,49.0,12.63,0.673,0.1139999999999999,34.99,15.88,15.7,31.59,28.15,21.5
746303,2024-06-01,2024,686469,L,656302,R,field_out,False,False,181.0,0.222,26.0,14.36,20.0,11.05,0.729,0.18999999999999997,13.37,5.98,16.58,22.55,28.0,12.94,188.0,0.251,23.0,12.23,15.0,7.98,0.784,0.217,14.85,7.02,17.48,24.5,34.8,10.0,134.0,0.212,37.0,27.61,13.0,9.7,0.6499999999999999,0.152,30.12,13.61,15.36,28.97,29.45,21.26,398.0,0.268,91.0,22.86,30.0,7.54,0.797,0.193,27.04,12.73,15.25,27.98,28.21,19.36
746303,2024-06-01,2024,592518,R,608379,R,single,False,False,163.0,0.269,36.0,22.09,6.0,3.68,0.661,0.09599999999999997,25.63,13.09,14.54,27.63,28.81,20.57,452.0,0.241,83.0,18.36,36.0,7.96,0.747,0.205,24.68,12.42,14.05,26.47,29.58,16.9,149.0,0.228,24.0,16.11,10.0,6.71,0.605,0.088,19.35,9.33,14.68,24.01,26.78,13.87,293.0,0.216,64.0,21.84,20.0,6.83,0.665,0.174,22.12,10.87,16.43,27.3,30.4,17.17
746303,2024-06-01,2024,444482,L,608379,R,strikeout_double_play,True,False,17.0,0.2,7.0,41.18,1.0,5.88,0.45,0.0,42.11,24.62,10.77,35.38,50.0,27.27,387.0,0.253,63.0,16.28,19.0,4.91,0.6739999999999999,0.131,22.16,12.01,13.06,25.07,33.57,15.04,134.0,0.281,32.0,23.88,10.0,7.46,0.796,0.182,23.56,10.93,17.53,28.45,27.04,23.31,262.0,0.233,60.0,22.9,23.0,8.78,0.671,0.1359999999999999,27.45,12.74,17.4,30.14,29.39,18.02
746303,2024-06-01,2024,701538,L,608379,R,field_out,False,False,143.0,0.293,22.0,15.38,9.0,6.29,0.736,0.10500000000000004,17.14,9.23,14.04,23.27,36.54,13.17,,,,,,,,,,,,,,,134.0,0.281,32.0,23.88,10.0,7.46,0.796,0.182,23.56,10.93,17.53,28.45,27.04,23.31,262.0,0.233,60.0,22.9,23.0,8.78,0.671,0.1359999999999999,27.45,12.74,17.4,30.14,29.39,18.02
746303,2024-06-01,2024,521692,R,656302,R,double,False,False,175.0,0.323,27.0,15.43,11.0,6.29,0.929,0.22100000000000003,22.55,13.24,9.09,22.33,44.32,12.8,437.0,0.264,100.0,22.88,11.0,2.52,0.73,0.174,30.72,18.16,9.73,27.89,45.56,22.08,148.0,0.169,50.0,33.78,8.0,5.41,0.49,0.10300000000000001,35.86,17.78,15.17,32.95,32.38,24.27,388.0,0.23,123.0,31.7,49.0,12.63,0.673,0.1139999999999999,34.99,15.88,15.7,31.59,28.15,21.5
746303,2024-06-01,2024,676369,R,656302,R,strikeout,True,False,125.0,0.214,36.0,28.8,6.0,4.8,0.692,0.222,37.27,16.98,16.56,33.54,28.03,24.83,125.0,0.257,36.0,28.8,9.0,7.2,0.966,0.389,35.34,17.89,12.6,30.49,29.12,21.95,148.0,0.169,50.0,33.78,8.0,5.41,0.49,0.10300000000000001,35.86,17.78,15.17,32.95,32.38,24.27,388.0,0.23,123.0,31.7,49.0,12.63,0.673,0.1139999999999999,34.99,15.88,15.7,31.59,28.15,21.5
746303,2024-06-01,2024,669004,L,656302,R,strikeout,True,False,145.0,0.173,38.0,26.21,11.0,7.59,0.617,0.203,29.56,15.11,12.38,27.49,28.0,17.51,459.0,0.239,122.0,26.58,55.0,11.98,0.752,0.181,32.7,15.24,15.56,30.8,24.84,20.68,134.0,0.212,37.0,27.61,13.0,9.7,0.6499999999999999,0.152,30.12,13.61,15.36,28.97,29.45,21.26,398.0,0.268,91.0,22.86,30.0,7.54,0.797,0.193,27.04,12.73,15.25,27.98,28.21,19.36
746303,2024-06-01,2024,624428,L,656302,R,field_out,False,False,112.0,0.204,19.0,16.96,12.0,10.71,0.5800000000000001,0.07200000000000004,17.62,7.97,18.32,26.29,25.22,12.58,392.0,0.248,60.0,15.31,26.0,6.63,0.7090000000000001,0.158,19.43,9.43,17.73,27.16,29.49,14.18,134.0,0.212,37.0,27.61,13.0,9.7,0.6499999999999999,0.152,30.12,13.61,15.36,28.97,29.45,21.26,398.0,0.268,91.0,22.86,30.0,7.54,0.797,0.193,27.04,12.73,15.25,27.98,28.21,19.36
746303,2024-06-01,2024,669134,R,608379,R,field_out,False,False,131.0,0.273,19.0,14.5,10.0,7.63,0.7330000000000001,0.132,21.59,11.58,14.42,26.0,34.48,18.81,127.0,0.289,14.0,11.02,4.0,3.15,0.753,0.141,16.53,9.26,14.96,24.23,34.76,11.97,149.0,0.228,24.0,16.11,10.0,6.71,0.605,0.088,19.35,9.33,14.68,24.01,26.78,13.87,293.0,0.216,64.0,21.84,20.0,6.83,0.665,0.174,22.12,10.87,16.43,27.3,30.4,17.17
746303,2024-06-01,2024,673490,R,608379,R,field_out,False,False,164.0,0.23,31.0,18.9,24.0,14.63,0.722,0.144,18.25,6.56,24.25,30.81,18.13,13.54,435.0,0.241,94.0,21.61,55.0,12.64,0.681,0.1,18.8,7.03,23.65,30.68,19.23,15.59,149.0,0.228,24.0,16.11,10.0,6.71,0.605,0.088,19.35,9.33,14.68,24.01,26.78,13.87,293.0,0.216,64.0,21.84,20.0,6.83,0.665,0.174,22.12,10.87,16.43,27.3,30.4,17.17
746303,2024-06-01,2024,650333,L,608379,R,field_out,False,False,150.0,0.38,4.0,2.67,6.0,4.0,0.8879999999999999,0.09899999999999998,6.46,3.07,18.81,21.88,33.33,3.1,479.0,0.362,17.0,3.55,31.0,6.47,0.891,0.122,6.51,3.2,16.58,19.78,31.29,4.11,134.0,0.281,32.0,23.88,10.0,7.46,0.796,0.182,23.56,10.93,17.53,28.45,27.04,23.31,262.0,0.233,60.0,22.9,23.0,8.78,0.671,0.1359999999999999,27.45,12.74,17.4,30.14,29.39,18.02
746303,2024-06-01,2024,592669,R,656302,R,double,False,False,112.0,0.178,24.0,21.43,11.0,9.82,0.546,0.10899999999999999,27.96,11.43,21.98,33.41,25.21,17.14,408.0,0.229,91.0,22.3,35.0,8.58,0.723,0.1969999999999999,28.12,14.44,14.12,28.56,33.7,19.12,148.0,0.169,50.0,33.78,8.0,5.41,0.49,0.10300000000000001,35.86,17.78,15.17,32.95,32.38,24.27,388.0,0.23,123.0,31.7,49.0,12.63,0.673,0.1139999999999999,34.99,15.88,15.7,31.59,28.15,21.5
746303,2024-06-01,2024,664728,L,656302,R,strikeout,True,False,138.0,0.211,23.0,16.67,9.0,6.52,0.615,0.141,17.43,7.98,21.01,28.99,30.74,19.66,253.0,0.223,43.0,17.0,12.0,4.74,0.631,0.147,20.48,9.51,19.8,29.31,28.6,18.78,134.0,0.212,37.0,27.61,13.0,9.7,0.6499999999999999,0.152,30.12,13.61,15.36,28.97,29.45,21.26,398.0,0.268,91.0,22.86,30.0,7.54,0.797,0.193,27.04,12.73,15.25,27.98,28.21,19.36
746303,2024-06-01,2024,672580,R,656302,R,double_play,False,False,208.0,0.255,41.0,19.71,16.0,7.69,0.673,0.10699999999999998,20.29,8.75,21.17,29.91,20.79,17.9,400.0,0.258,94.0,23.5,33.0,8.25,0.648,0.071,20.3,8.71,19.59,28.3,19.12,19.96,148.0,0.169,50.0,33.78,8.0,5.41,0.49,0.10300000000000001,35.86,17.78,15.17,32.95,32.38,24.27,388.0,0.23,123.0,31.7,49.0,12.63,0.673,0.1139999999999999,34.99,15.88,15.7,31.59,28.15,21.5
746303,2024-06-01,2024,665487,R,608379,R,field_out,False,False,176.0,0.263,37.0,21.02,7.0,3.98,0.762,0.20400000000000001,26.99,14.84,11.8,26.64,32.88,25.0,489.0,0.244,114.0,23.31,37.0,7.57,0.728,0.181,31.62,17.66,8.94,26.61,34.25,23.98,149.0,0.228,24.0,16.11,10.0,6.71,0.605,0.088,19.35,9.33,14.68,24.01,26.78,13.87,293.0,0.216,64.0,21.84,20.0,6.83,0.665,0.174,22.12,10.87,16.43,27.3,30.4,17.17
746303,2024-06-01,2024,595777,L,608379,R,field_out,False,False,163.0,0.336,25.0,15.34,22.0,13.5,0.925,0.15299999999999997,17.97,8.27,13.83,22.11,23.39,11.94,375.0,0.229,68.0,18.13,37.0,9.87,0.6559999999999999,0.1159999999999999,21.66,10.43,14.17,24.61,26.12,14.59,134.0,0.281,32.0,23.88,10.0,7.46,0.796,0.182,23.56,10.93,17.53,28.45,27.04,23.31,262.0,0.233,60.0,22.9,23.0,8.78,0.671,0.1359999999999999,27.45,12.74,17.4,30.14,29.39,18.02
746303,2024-06-01,2024,630105,L,608379,R,field_out,False,False,167.0,0.281,28.0,16.77,15.0,8.98,0.877,0.246,18.39,8.51,16.57,25.07,23.01,13.66,367.0,0.23,59.0,16.08,36.0,9.81,0.7,0.154,14.92,6.99,16.69,23.68,24.61,14.08,134.0,0.281,32.0,23.88,10.0,7.46,0.796,0.182,23.56,10.93,17.53,28.45,27.04,23.31,262.0,0.233,60.0,22.9,23.0,8.78,0.671,0.1359999999999999,27.45,12.74,17.4,30.14,29.39,18.02
746303,2024-06-01,2024,677951,R,656302,R,field_out,False,False,217.0,0.325,35.0,16.13,18.0,8.29,0.9390000000000001,0.23200000000000004,24.35,12.26,12.86,25.12,29.11,15.77,547.0,0.27,93.0,17.0,33.0,6.03,0.8,0.2149999999999999,22.15,10.87,15.53,26.4,29.62,14.44,148.0,0.169,50.0,33.78,8.0,5.41,0.49,0.10300000000000001,35.86,17.78,15.17,32.95,32.38,24.27,388.0,0.23,123.0,31.7,49.0,12.63,0.673,0.1139999999999999,34.99,15.88,15.7,31.59,28.15,21.5
746303,2024-06-01,2024,686469,L,656302,R,field_out,False,False,181.0,0.222,26.0,14.36,20.0,11.05,0.729,0.18999999999999997,13.37,5.98,16.58,22.55,28.0,12.94,188.0,0.251,23.0,12.23,15.0,7.98,0.784,0.217,14.85,7.02,17.48,24.5,34.8,10.0,134.0,0.212,37.0,27.61,13.0,9.7,0.6499999999999999,0.152,30.12,13.61,15.36,28.97,29.45,21.26,398.0,0.268,91.0,22.86,30.0,7.54,0.797,0.193,27.04,12.73,15.25,27.98,28.21,19.36
746303,2024-06-01,2024,521692,R,656302,R,field_out,False,False,175.0,0.323,27.0,15.43,11.0,6.29,0.929,0.22100000000000003,22.55,13.24,9.09,22.33,44.32,12.8,437.0,0.264,100.0,22.88,11.0,2.52,0.73,0.174,30.72,18.16,9.73,27.89,45.56,22.08,148.0,0.169,50.0,33.78,8.0,5.41,0.49,0.10300000000000001,35.86,17.78,15.17,32.95,32.38,24.27,388.0,0.23,123.0,31.7,49.0,12.63,0.673,0.1139999999999999,34.99,15.88,15.7,31.59,28.15,21.5
746303,2024-06-01,2024,592518,R,608379,R,field_out,False,False,163.0,0.269,36.0,22.09,6.0,3.68,0.661,0.09599999999999997,25.63,13.09,14.54,27.63,28.81,20.57,452.0,0.241,83.0,18.36,36.0,7.96,0.747,0.205,24.68,12.42,14.05,26.47,29.58,16.9,149.0,0.228,24.0,16.11,10.0,6.71,0.605,0.088,19.35,9.33,14.68,24.01,26.78,13.87,293.0,0.216,64.0,21.84,20.0,6.83,0.665,0.174,22.12,10.87,16.43,27.3,30.4,17.17
746303,2024-06-01,2024,444482,L,608379,R,field_out,False,False,17.0,0.2,7.0,41.18,1.0,5.88,0.45,0.0,42.11,24.62,10.77,35.38,50.0,27.27,387.0,0.253,63.0,16.28,19.0,4.91,0.6739999999999999,0.131,22.16,12.01,13.06,25.07,33.57,15.04,134.0,0.281,32.0,23.88,10.0,7.46,0.796,0.182,23.56,10.93,17.53,28.45,27.04,23.31,262.0,0.233,60.0,22.9,23.0,8.78,0.671,0.1359999999999999,27.45,12.74,17.4,30.14,29.39,18.02
746303,2024-06-01,2024,701538,L,608379,R,field_out,False,False,143.0,0.293,22.0,15.38,9.0,6.29,0.736,0.10500000000000004,17.14,9.23,14.04,23.27,36.54,13.17,,,,,,,,,,,,,,,134.0,0.281,32.0,23.88,10.0,7.46,0.796,0.182,23.56,10.93,17.53,28.45,27.04,23.31,262.0,0.233,60.0,22.9,23.0,8.78,0.671,0.1359999999999999,27.45,12.74,17.4,30.14,29.39,18.02
746303,2024-06-01,2024,676369,R,656302,R,field_out,False,False,125.0,0.214,36.0,28.8,6.0,4.8,0.692,0.222,37.27,16.98,16.56,33.54,28.03,24.83,125.0,0.257,36.0,28.8,9.0,7.2,0.966,0.389,35.34,17.89,12.6,30.49,29.12,21.95,148.0,0.169,50.0,33.78,8.0,5.41,0.49,0.10300000000000001,35.86,17.78,15.17,32.95,32.38,24.27,388.0,0.23,123.0,31.7,49.0,12.63,0.673,0.1139999999999999,34.99,15.88,15.7,31.59,28.15,21.5
746303,2024-06-01,2024,669004,L,656302,R,field_out,False,False,145.0,0.173,38.0,26.21,11.0,7.59,0.617,0.203,29.56,15.11,12.38,27.49,28.0,17.51,459.0,0.239,122.0,26.58,55.0,11.98,0.752,0.181,32.7,15.24,15.56,30.8,24.84,20.68,134.0,0.212,37.0,27.61,13.0,9.7,0.6499999999999999,0.152,30.12,13.61,15.36,28.97,29.45,21.26,398.0,0.268,91.0,22.86,30.0,7.54,0.797,0.193,27.04,12.73,15.25,27.98,28.21,19.36
746303,2024-06-01,2024,624428,L,656302,R,field_out,False,False,112.0,0.204,19.0,16.96,12.0,10.71,0.5800000000000001,0.07200000000000004,17.62,7.97,18.32,26.29,25.22,12.58,392.0,0.248,60.0,15.31,26.0,6.63,0.7090000000000001,0.158,19.43,9.43,17.73,27.16,29.49,14.18,134.0,0.212,37.0,27.61,13.0,9.7,0.6499999999999999,0.152,30.12,13.61,15.36,28.97,29.45,21.26,398.0,0.268,91.0,22.86,30.0,7.54,0.797,0.193,27.04,12.73,15.25,27.98,28.21,19.36
746303,2024-06-01,2024,669134,R,608379,R,field_out,False,False,131.0,0.273,19.0,14.5,10.0,7.63,0.7330000000000001,0.132,21.59,11.58,14.42,26.0,34.48,18.81,127.0,0.289,14.0,11.02,4.0,3.15,0.753,0.141,16.53,9.26,14.96,24.23,34.76,11.97,149.0,0.228,24.0,16.11,10.0,6.71,0.605,0.088,19.35,9.33,14.68,24.01,26.78,13.87,293.0,0.216,64.0,21.84,20.0,6.83,0.665,0.174,22.12,10.87,16.43,27.3,30.4,17.17
746303,2024-06-01,2024,673490,R,608379,R,walk,False,True,164.0,0.23,31.0,18.9,24.0,14.63,0.722,0.144,18.25,6.56,24.25,30.81,18.13,13.54,435.0,0.241,94.0,21.61,55.0,12.64,0.681,0.1,18.8,7.03,23.65,30.68,19.23,15.59,149.0,0.228,24.0,16.11,10.0,6.71,0.605,0.088,19.35,9.33,14.68,24.01,26.78,13.87,293.0,0.216,64.0,21.84,20.0,6.83,0.665,0.174,22.12,10.87,16.43,27.3,30.4,17.17
746303,2024-06-01,2024,650333,L,608379,R,single,False,False,150.0,0.38,4.0,2.67,6.0,4.0,0.8879999999999999,0.09899999999999998,6.46,3.07,18.81,21.88,33.33,3.1,479.0,0.362,17.0,3.55,31.0,6.47,0.891,0.122,6.51,3.2,16.58,19.78,31.29,4.11,134.0,0.281,32.0,23.88,10.0,7.46,0.796,0.182,23.56,10.93,17.53,28.45,27.04,23.31,262.0,0.233,60.0,22.9,23.0,8.78,0.671,0.1359999999999999,27.45,12.74,17.4,30.14,29.39,18.02
746303,2024-06-01,2024,665487,R,608379,R,double,False,False,176.0,0.263,37.0,21.02,7.0,3.98,0.762,0.20400000000000001,26.99,14.84,11.8,26.64,32.88,25.0,489.0,0.244,114.0,23.31,37.0,7.57,0.728,0.181,31.62,17.66,8.94,26.61,34.25,23.98,149.0,0.228,24.0,16.11,10.0,6.71,0.605,0.088,19.35,9.33,14.68,24.01,26.78,13.87,293.0,0.216,64.0,21.84,20.0,6.83,0.665,0.174,22.12,10.87,16.43,27.3,30.4,17.17
746303,2024-06-01,2024,595777,L,608379,R,single,False,False,163.0,0.336,25.0,15.34,22.0,13.5,0.925,0.15299999999999997,17.97,8.27,13.83,22.11,23.39,11.94,375.0,0.229,68.0,18.13,37.0,9.87,0.6559999999999999,0.1159999999999999,21.66,10.43,14.17,24.61,26.12,14.59,134.0,0.281,32.0,23.88,10.0,7.46,0.796,0.182,23.56,10.93,17.53,28.45,27.04,23.31,262.0,0.233,60.0,22.9,23.0,8.78,0.671,0.1359999999999999,27.45,12.74,17.4,30.14,29.39,18.02
746303,2024-06-01,2024,630105,L,672582,L,double_play,False,False,68.0,0.194,12.0,17.65,5.0,7.35,0.492,0.04799999999999999,13.74,6.47,15.47,21.94,19.69,13.64,156.0,0.229,38.0,24.36,10.0,6.41,0.665,0.1349999999999999,18.48,9.0,20.1,29.1,30.82,17.84,34.0,0.219,12.0,35.29,0.0,0.0,0.45399999999999996,0.0,17.54,7.3,26.28,33.58,26.32,27.91,48.0,0.196,11.0,22.92,2.0,4.17,0.4679999999999999,0.0429999999999999,19.77,9.44,18.33,27.78,22.37,20.37
746303,2024-06-01,2024,592669,R,656302,R,strikeout,True,False,112.0,0.178,24.0,21.43,11.0,9.82,0.546,0.10899999999999999,27.96,11.43,21.98,33.41,25.21,17.14,408.0,0.229,91.0,22.3,35.0,8.58,0.723,0.1969999999999999,28.12,14.44,14.12,28.56,33.7,19.12,148.0,0.169,50.0,33.78,8.0,5.41,0.49,0.10300000000000001,35.86,17.78,15.17,32.95,32.38,24.27,388.0,0.23,123.0,31.7,49.0,12.63,0.673,0.1139999999999999,34.99,15.88,15.7,31.59,28.15,21.5
746303,2024-06-01,2024,664728,L,656302,R,walk,False,True,138.0,0.211,23.0,16.67,9.0,6.52,0.615,0.141,17.43,7.98,21.01,28.99,30.74,19.66,253.0,0.223,43.0,17.0,12.0,4.74,0.631,0.147,20.48,9.51,19.8,29.31,28.6,18.78,134.0,0.212,37.0,27.61,13.0,9.7,0.6499999999999999,0.152,30.12,13.61,15.36,28.97,29.45,21.26,398.0,0.268,91.0,22.86,30.0,7.54,0.797,0.193,27.04,12.73,15.25,27.98,28.21,19.36
746303,2024-06-01,2024,672580,R,656302,R,single,False,False,208.0,0.255,41.0,19.71,16.0,7.69,0.673,0.10699999999999998,20.29,8.75,21.17,29.91,20.79,17.9,400.0,0.258,94.0,23.5,33.0,8.25,0.648,0.071,20.3,8.71,19.59,28.3,19.12,19.96,148.0,0.169,50.0,33.78,8.0,5.41,0.49,0.10300000000000001,35.86,17.78,15.17,32.95,32.38,24.27,388.0,0.23,123.0,31.7,49.0,12.63,0.673,0.1139999999999999,34.99,15.88,15.7,31.59,28.15,21.5
746303,2024-06-01,2024,677951,R,656302,R,single,False,False,217.0,0.325,35.0,16.13,18.0,8.29,0.9390000000000001,0.23200000000000004,24.35,12.26,12.86,25.12,29.11,15.77,547.0,0.27,93.0,17.0,33.0,6.03,0.8,0.2149999999999999,22.15,10.87,15.53,26.4,29.62,14.44,148.0,0.169,50.0,33.78,8.0,5.41,0.49,0.10300000000000001,35.86,17.78,15.17,32.95,32.38,24.27,388.0,0.23,123.0,31.7,49.0,12.63,0.673,0.1139999999999999,34.99,15.88,15.7,31.59,28.15,21.5
746303,2024-06-01,2024,686469,L,656302,R,double,False,False,181.0,0.222,26.0,14.36,20.0,11.05,0.729,0.18999999999999997,13.37,5.98,16.58,22.55,28.0,12.94,188.0,0.251,23.0,12.23,15.0,7.98,0.784,0.217,14.85,7.02,17.48,24.5,34.8,10.0,134.0,0.212,37.0,27.61,13.0,9.7,0.6499999999999999,0.152,30.12,13.61,15.36,28.97,29.45,21.26,398.0,0.268,91.0,22.86,30.0,7.54,0.797,0.193,27.04,12.73,15.25,27.98,28.21,19.36
746303,2024-06-01,2024,521692,R,669093,R,intent_walk,False,True,175.0,0.323,27.0,15.43,11.0,6.29,0.929,0.22100000000000003,22.55,13.24,9.09,22.33,44.32,12.8,437.0,0.264,100.0,22.88,11.0,2.52,0.73,0.174,30.72,18.16,9.73,27.89,45.56,22.08,34.0,0.133,14.0,41.18,3.0,8.82,0.439,0.1,34.85,16.31,14.18,30.5,27.54,33.33,34.0,0.308,9.0,26.47,7.0,20.59,1.21,0.461,27.4,12.99,12.34,25.32,24.05,17.65
746303,2024-06-01,2024,676369,R,669093,R,sac_fly,False,False,125.0,0.214,36.0,28.8,6.0,4.8,0.692,0.222,37.27,16.98,16.56,33.54,28.03,24.83,125.0,0.257,36.0,28.8,9.0,7.2,0.966,0.389,35.34,17.89,12.6,30.49,29.12,21.95,34.0,0.133,14.0,41.18,3.0,8.82,0.439,0.1,34.85,16.31,14.18,30.5,27.54,33.33,34.0,0.308,9.0,26.47,7.0,20.59,1.21,0.461,27.4,12.99,12.34,25.32,24.05,17.65
746303,2024-06-01,2024,669004,L,669093,R,field_out,False,False,145.0,0.173,38.0,26.21,11.0,7.59,0.617,0.203,29.56,15.11,12.38,27.49,28.0,17.51,459.0,0.239,122.0,26.58,55.0,11.98,0.752,0.181,32.7,15.24,15.56,30.8,24.84,20.68,21.0,0.0,13.0,61.9,0.0,0.0,0.0,0.0,39.13,21.18,16.47,37.65,37.84,41.94,22.0,0.235,4.0,18.18,5.0,22.73,0.762,0.118,19.51,9.09,13.64,22.73,23.08,12.9
746303,2024-06-01,2024,592518,R,672582,L,strikeout,True,False,60.0,0.17,15.0,25.0,7.0,11.67,0.5880000000000001,0.151,29.29,13.49,13.49,26.98,26.5,22.95,150.0,0.308,26.0,17.33,14.0,9.33,0.887,0.203,21.32,9.67,16.52,26.19,28.38,16.56,59.0,0.245,9.0,15.25,6.0,10.17,0.6799999999999999,0.11299999999999999,12.36,4.7,20.09,24.79,13.08,17.31,134.0,0.301,25.0,18.66,6.0,4.48,0.896,0.244,20.0,10.06,12.9,22.96,25.67,15.72
746303,2024-06-01,2024,456781,R,672582,L,single,False,False,30.0,0.407,3.0,10.0,3.0,10.0,1.0230000000000001,0.14900000000000008,16.95,7.19,20.14,27.34,23.94,6.67,153.0,0.286,32.0,20.92,11.0,7.19,0.746,0.114,24.12,11.77,18.21,29.98,32.04,14.35,59.0,0.245,9.0,15.25,6.0,10.17,0.6799999999999999,0.11299999999999999,12.36,4.7,20.09,24.79,13.08,17.31,134.0,0.301,25.0,18.66,6.0,4.48,0.896,0.244,20.0,10.06,12.9,22.96,25.67,15.72
746303,2024-06-01,2024,701538,L,672582,L,field_out,False,False,48.0,0.244,5.0,10.42,2.0,4.17,0.515,0.0,20.0,10.56,16.15,26.71,28.99,12.2,,,,,,,,,,,,,,,34.0,0.219,12.0,35.29,0.0,0.0,0.45399999999999996,0.0,17.54,7.3,26.28,33.58,26.32,27.91,48.0,0.196,11.0,22.92,2.0,4.17,0.4679999999999999,0.0429999999999999,19.77,9.44,18.33,27.78,22.37,20.37
746303,2024-06-01,2024,669134,R,672582,L,walk,False,True,42.0,0.077,4.0,9.52,3.0,7.14,0.32199999999999995,0.102,13.51,6.62,13.91,20.53,27.27,11.11,47.0,0.405,7.0,14.89,3.0,6.38,1.114,0.262,21.88,11.54,12.09,23.63,36.79,11.67,59.0,0.245,9.0,15.25,6.0,10.17,0.6799999999999999,0.11299999999999999,12.36,4.7,20.09,24.79,13.08,17.31,134.0,0.301,25.0,18.66,6.0,4.48,0.896,0.244,20.0,10.06,12.9,22.96,25.67,15.72
746303,2024-06-01,2024,673490,R,670167,R,force_out,False,False,164.0,0.23,31.0,18.9,24.0,14.63,0.722,0.144,18.25,6.56,24.25,30.81,18.13,13.54,435.0,0.241,94.0,21.61,55.0,12.64,0.681,0.1,18.8,7.03,23.65,30.68,19.23,15.59,49.0,0.186,11.0,22.45,4.0,8.16,0.474,0.022999999999999993,17.5,7.11,19.8,26.9,20.75,21.57,125.0,0.204,37.0,29.6,10.0,8.0,0.599,0.123,25.88,11.73,19.48,31.21,28.85,22.42
746303,2024-06-01,2024,641658,R,673513,L,field_out,False,False,44.0,0.308,12.0,27.27,4.0,9.09,0.757,0.07700000000000001,24.69,12.05,12.65,24.7,21.79,27.27,82.0,0.264,22.0,26.83,9.0,10.98,0.707,0.0969999999999999,30.16,12.62,19.93,32.56,26.03,28.95,61.0,0.14,11.0,18.03,10.0,16.39,0.499,0.07999999999999999,24.77,11.16,12.4,23.55,24.81,16.42,,,,,,,,,,,,,,
746303,2024-06-01,2024,592669,R,673513,L,field_out,False,False,56.0,0.176,9.0,16.07,5.0,8.93,0.603,0.177,21.05,10.36,17.62,27.98,33.33,16.98,140.0,0.244,34.0,24.29,9.0,6.43,0.6859999999999999,0.142,21.48,10.53,16.33,26.86,32.76,20.36,61.0,0.14,11.0,18.03,10.0,16.39,0.499,0.07999999999999999,24.77,11.16,12.4,23.55,24.81,16.42,,,,,,,,,,,,,,
746303,2024-06-01,2024,664728,L,673513,L,field_out,False,False,21.0,0.2,6.0,28.57,0.0,0.0,0.438,0.0,18.75,7.32,26.83,34.15,30.0,22.22,61.0,0.315,16.0,26.23,5.0,8.2,0.7989999999999999,0.1109999999999999,20.72,9.87,17.17,27.04,27.93,21.05,33.0,0.222,8.0,24.24,3.0,9.09,0.623,0.11100000000000002,38.1,17.78,15.56,33.33,32.88,20.51,,,,,,,,,,,,,,
746303,2024-06-01,2024,650333,L,670167,R,single,False,False,150.0,0.38,4.0,2.67,6.0,4.0,0.8879999999999999,0.09899999999999998,6.46,3.07,18.81,21.88,33.33,3.1,479.0,0.362,17.0,3.55,31.0,6.47,0.891,0.122,6.51,3.2,16.58,19.78,31.29,4.11,56.0,0.34,6.0,10.71,3.0,5.36,0.853,0.12,16.22,8.82,12.75,21.57,30.53,8.82,79.0,0.3,16.0,20.25,15.0,18.99,0.989,0.233,22.22,9.17,16.51,25.69,22.49,17.58
746303,2024-06-01,2024,665487,R,670167,R,single,False,False,176.0,0.263,37.0,21.02,7.0,3.98,0.762,0.20400000000000001,26.99,14.84,11.8,26.64,32.88,25.0,489.0,0.244,114.0,23.31,37.0,7.57,0.728,0.181,31.62,17.66,8.94,26.61,34.25,23.98,49.0,0.186,11.0,22.45,4.0,8.16,0.474,0.022999999999999993,17.5,7.11,19.8,26.9,20.75,21.57,125.0,0.204,37.0,29.6,10.0,8.0,0.599,0.123,25.88,11.73,19.48,31.21,28.85,22.42
746303,2024-06-01,2024,595777,L,670167,R,single,False,False,163.0,0.336,25.0,15.34,22.0,13.5,0.925,0.15299999999999997,17.97,8.27,13.83,22.11,23.39,11.94,375.0,0.229,68.0,18.13,37.0,9.87,0.6559999999999999,0.1159999999999999,21.66,10.43,14.17,24.61,26.12,14.59,56.0,0.34,6.0,10.71,3.0,5.36,0.853,0.12,16.22,8.82,12.75,21.57,30.53,8.82,79.0,0.3,16.0,20.25,15.0,18.99,0.989,0.233,22.22,9.17,16.51,25.69,22.49,17.58
746303,2024-06-01,2024,630105,L,663704,R,single,False,False,167.0,0.281,28.0,16.77,15.0,8.98,0.877,0.246,18.39,8.51,16.57,25.07,23.01,13.66,367.0,0.23,59.0,16.08,36.0,9.81,0.7,0.154,14.92,6.99,16.69,23.68,24.61,14.08,48.0,0.356,13.0,27.08,1.0,2.08,0.907,0.15500000000000003,30.77,14.63,22.56,37.2,31.25,31.71,38.0,0.257,10.0,26.32,1.0,2.63,0.8599999999999999,0.3139999999999999,22.37,10.69,20.75,31.45,29.17,20.0
746303,2024-06-01,2024,592518,R,663704,R,single,False,False,163.0,0.269,36.0,22.09,6.0,3.68,0.661,0.09599999999999997,25.63,13.09,14.54,27.63,28.81,20.57,452.0,0.241,83.0,18.36,36.0,7.96,0.747,0.205,24.68,12.42,14.05,26.47,29.58,16.9,57.0,0.291,10.0,17.54,2.0,3.51,0.8069999999999999,0.2,32.67,15.35,18.6,33.95,31.25,16.13,52.0,0.22,13.0,25.0,1.0,1.92,0.531,0.0799999999999999,27.06,12.64,23.08,35.71,30.59,28.26
746303,2024-06-01,2024,456781,R,663704,R,single,False,False,15.0,0.417,2.0,13.33,1.0,6.67,1.033,0.08300000000000002,8.33,3.08,23.08,26.15,16.67,8.7,297.0,0.28,68.0,22.9,29.0,9.76,0.766,0.1059999999999999,26.06,12.14,17.61,29.74,28.81,17.48,57.0,0.291,10.0,17.54,2.0,3.51,0.8069999999999999,0.2,32.67,15.35,18.6,33.95,31.25,16.13,52.0,0.22,13.0,25.0,1.0,1.92,0.531,0.0799999999999999,27.06,12.64,23.08,35.71,30.59,28.26
746303,2024-06-01,2024,701538,L,663704,R,single,False,False,143.0,0.293,22.0,15.38,9.0,6.29,0.736,0.10500000000000004,17.14,9.23,14.04,23.27,36.54,13.17,,,,,,,,,,,,,,,48.0,0.356,13.0,27.08,1.0,2.08,0.907,0.15500000000000003,30.77,14.63,22.56,37.2,31.25,31.71,38.0,0.257,10.0,26.32,1.0,2.63,0.8599999999999999,0.3139999999999999,22.37,10.69,20.75,31.45,29.17,20.0
746303,2024-06-01,2024,669134,R,694361,R,strikeout,True,False,131.0,0.273,19.0,14.5,10.0,7.63,0.7330000000000001,0.132,21.59,11.58,14.42,26.0,34.48,18.81,127.0,0.289,14.0,11.02,4.0,3.15,0.753,0.141,16.53,9.26,14.96,24.23,34.76,11.97,5.0,0.2,3.0,60.0,0.0,0.0,0.4,0.0,16.67,3.7,33.33,37.04,7.69,25.0,,,,,,,,,,,,,,
746303,2024-06-01,2024,673490,R,694361,R,single,False,False,164.0,0.23,31.0,18.9,24.0,14.63,0.722,0.144,18.25,6.56,24.25,30.81,18.13,13.54,435.0,0.241,94.0,21.61,55.0,12.64,0.681,0.1,18.8,7.03,23.65,30.68,19.23,15.59,5.0,0.2,3.0,60.0,0.0,0.0,0.4,0.0,16.67,3.7,33.33,37.04,7.69,25.0,,,,,,,,,,,,,,
746303,2024-06-01,2024,650333,L,694361,R,single,False,False,150.0,0.38,4.0,2.67,6.0,4.0,0.8879999999999999,0.09899999999999998,6.46,3.07,18.81,21.88,33.33,3.1,479.0,0.362,17.0,3.55,31.0,6.47,0.891,0.122,6.51,3.2,16.58,19.78,31.29,4.11,5.0,0.6,1.0,20.0,0.0,0.0,1.4,0.20000000000000007,14.29,7.14,21.43,28.57,33.33,100.0,,,,,,,,,,,,,,
746303,2024-06-01,2024,665487,R,694361,R,strikeout,True,False,176.0,0.263,37.0,21.02,7.0,3.98,0.762,0.20400000000000001,26.99,14.84,11.8,26.64,32.88,25.0,489.0,0.244,114.0,23.31,37.0,7.57,0.728,0.181,31.62,17.66,8.94,26.61,34.25,23.98,5.0,0.2,3.0,60.0,0.0,0.0,0.4,0.0,16.67,3.7,33.33,37.04,7.69,25.0,,,,,,,,,,,,,,
746303,2024-06-01,2024,595777,L,694361,R,single,False,False,163.0,0.336,25.0,15.34,22.0,13.5,0.925,0.15299999999999997,17.97,8.27,13.83,22.11,23.39,11.94,375.0,0.229,68.0,18.13,37.0,9.87,0.6559999999999999,0.1159999999999999,21.66,10.43,14.17,24.61,26.12,14.59,5.0,0.6,1.0,20.0,0.0,0.0,1.4,0.20000000000000007,14.29,7.14,21.43,28.57,33.33,100.0,,,,,,,,,,,,,,
746303,2024-06-01,2024,630105,L,694361,R,double,False,False,167.0,0.281,28.0,16.77,15.0,8.98,0.877,0.246,18.39,8.51,16.57,25.07,23.01,13.66,367.0,0.23,59.0,16.08,36.0,9.81,0.7,0.154,14.92,6.99,16.69,23.68,24.61,14.08,5.0,0.6,1.0,20.0,0.0,0.0,1.4,0.20000000000000007,14.29,7.14,21.43,28.57,33.33,100.0,,,,,,,,,,,,,,
746303,2024-06-01,2024,592518,R,694361,R,field_out,False,False,163.0,0.269,36.0,22.09,6.0,3.68,0.661,0.09599999999999997,25.63,13.09,14.54,27.63,28.81,20.57,452.0,0.241,83.0,18.36,36.0,7.96,0.747,0.205,24.68,12.42,14.05,26.47,29.58,16.9,5.0,0.2,3.0,60.0,0.0,0.0,0.4,0.0,16.67,3.7,33.33,37.04,7.69,25.0,,,,,,,,,,,,,,
746303,2024-06-01,2024,672580,R,593974,L,field_out,False,False,53.0,0.314,3.0,5.66,1.0,1.89,0.8959999999999999,0.25499999999999995,10.75,5.29,21.16,26.46,28.57,5.17,116.0,0.315,21.0,18.1,5.0,4.31,0.79,0.139,16.58,7.23,23.31,30.54,25.87,18.75,63.0,0.193,7.0,11.11,4.0,6.35,0.5700000000000001,0.123,17.12,8.12,13.68,21.79,29.23,11.86,130.0,0.229,27.0,20.77,20.0,15.38,0.758,0.175,32.0,14.15,13.75,27.9,29.08,20.3
746303,2024-06-01,2024,677951,R,593974,L,single,False,False,44.0,0.268,9.0,20.45,2.0,4.55,0.8069999999999999,0.244,22.99,11.76,14.12,25.88,37.23,16.67,147.0,0.297,28.0,19.05,7.0,4.76,0.8620000000000001,0.232,24.92,13.58,12.91,26.49,35.1,14.07,63.0,0.193,7.0,11.11,4.0,6.35,0.5700000000000001,0.123,17.12,8.12,13.68,21.79,29.23,11.86,130.0,0.229,27.0,20.77,20.0,15.38,0.758,0.175,32.0,14.15,13.75,27.9,29.08,20.3
746303,2024-06-01,2024,686469,L,593974,L,strikeout,True,False,45.0,0.275,6.0,13.33,1.0,2.22,0.6890000000000001,0.125,20.24,9.6,19.21,28.81,33.33,10.91,72.0,0.233,8.0,11.11,10.0,13.89,0.697,0.1169999999999999,25.44,10.86,18.35,29.21,25.19,14.29,28.0,0.24,7.0,25.0,1.0,3.57,0.601,0.040000000000000036,27.91,12.0,16.0,28.0,26.53,29.17,97.0,0.138,24.0,24.74,10.0,10.31,0.483,0.0739999999999999,26.88,13.4,11.26,24.66,37.04,21.24
746303,2024-06-01,2024,521692,R,593974,L,strikeout,True,False,57.0,0.314,10.0,17.54,5.0,8.77,0.876,0.176,31.53,18.13,10.88,29.02,48.39,19.61,146.0,0.227,35.0,23.97,8.0,5.48,0.6659999999999999,0.144,28.96,17.6,9.44,27.04,51.15,18.82,63.0,0.193,7.0,11.11,4.0,6.35,0.5700000000000001,0.123,17.12,8.12,13.68,21.79,29.23,11.86,130.0,0.229,27.0,20.77,20.0,15.38,0.758,0.175,32.0,14.15,13.75,27.9,29.08,20.3
746303,2024-06-01,2024,456781,R,679845,R,field_out,False,False,15.0,0.417,2.0,13.33,1.0,6.67,1.033,0.08300000000000002,8.33,3.08,23.08,26.15,16.67,8.7,297.0,0.28,68.0,22.9,29.0,9.76,0.766,0.1059999999999999,26.06,12.14,17.61,29.74,28.81,17.48,2.0,0.0,0.0,0.0,0.0,0.0,0.0,0.0,0.0,0.0,16.67,16.67,33.33,0.0,,,,,,,,,,,,,,
746303,2024-06-01,2024,701538,L,679845,R,single,False,False,143.0,0.293,22.0,15.38,9.0,6.29,0.736,0.10500000000000004,17.14,9.23,14.04,23.27,36.54,13.17,,,,,,,,,,,,,,,1.0,1.0,0.0,0.0,0.0,0.0,2.0,0.0,0.0,0.0,0.0,0.0,0.0,,,,,,,,,,,,,,,
746303,2024-06-01,2024,669134,R,679845,R,grounded_into_double_play,False,False,131.0,0.273,19.0,14.5,10.0,7.63,0.7330000000000001,0.132,21.59,11.58,14.42,26.0,34.48,18.81,127.0,0.289,14.0,11.02,4.0,3.15,0.753,0.141,16.53,9.26,14.96,24.23,34.76,11.97,2.0,0.0,0.0,0.0,0.0,0.0,0.0,0.0,0.0,0.0,16.67,16.67,33.33,0.0,,,,,,,,,,,,,,
746303,2024-06-01,2024,676369,R,663568,R,home_run,False,False,125.0,0.214,36.0,28.8,6.0,4.8,0.692,0.222,37.27,16.98,16.56,33.54,28.03,24.83,125.0,0.257,36.0,28.8,9.0,7.2,0.966,0.389,35.34,17.89,12.6,30.49,29.12,21.95,74.0,0.391,13.0,17.57,4.0,5.41,1.041,0.21799999999999997,22.07,11.15,16.03,27.18,24.41,14.94,,,,,,,,,,,,,,
746303,2024-06-01,2024,669004,L,663568,R,field_out,False,False,145.0,0.173,38.0,26.21,11.0,7.59,0.617,0.203,29.56,15.11,12.38,27.49,28.0,17.51,459.0,0.239,122.0,26.58,55.0,11.98,0.752,0.181,32.7,15.24,15.56,30.8,24.84,20.68,40.0,0.211,7.0,17.5,2.0,5.0,0.487,0.025999999999999995,14.47,7.8,17.73,25.53,30.36,16.28,,,,,,,,,,,,,,
746303,2024-06-01,2024,641658,R,663568,R,single,False,False,30.0,0.333,8.0,26.67,2.0,6.67,0.749,0.03699999999999998,16.95,8.4,20.17,28.57,26.0,18.18,170.0,0.282,45.0,26.47,14.0,8.24,0.74,0.107,24.75,10.81,20.44,31.26,25.39,22.06,74.0,0.391,13.0,17.57,4.0,5.41,1.041,0.21799999999999997,22.07,11.15,16.03,27.18,24.41,14.94,,,,,,,,,,,,,,
746303,2024-06-01,2024,592669,R,663568,R,single,False,False,112.0,0.178,24.0,21.43,11.0,9.82,0.546,0.10899999999999999,27.96,11.43,21.98,33.41,25.21,17.14,408.0,0.229,91.0,22.3,35.0,8.58,0.723,0.1969999999999999,28.12,14.44,14.12,28.56,33.7,19.12,74.0,0.391,13.0,17.57,4.0,5.41,1.041,0.21799999999999997,22.07,11.15,16.03,27.18,24.41,14.94,,,,,,,,,,,,,,
746303,2024-06-01,2024,664728,L,663568,R,force_out,False,False,138.0,0.211,23.0,16.67,9.0,6.52,0.615,0.141,17.43,7.98,21.01,28.99,30.74,19.66,253.0,0.223,43.0,17.0,12.0,4.74,0.631,0.147,20.48,9.51,19.8,29.31,28.6,18.78,40.0,0.211,7.0,17.5,2.0,5.0,0.487,0.025999999999999995,14.47,7.8,17.73,25.53,30.36,16.28,,,,,,,,,,,,,,
746303,2024-06-01,2024,672580,R,663568,R,single,False,False,208.0,0.255,41.0,19.71,16.0,7.69,0.673,0.10699999999999998,20.29,8.75,21.17,29.91,20.79,17.9,400.0,0.258,94.0,23.5,33.0,8.25,0.648,0.071,20.3,8.71,19.59,28.3,19.12,19.96,74.0,0.391,13.0,17.57,4.0,5.41,1.041,0.21799999999999997,22.07,11.15,16.03,27.18,24.41,14.94,,,,,,,,,,,,,,
746303,2024-06-01,2024,677951,R,663568,R,single,False,False,217.0,0.325,35.0,16.13,18.0,8.29,0.9390000000000001,0.23200000000000004,24.35,12.26,12.86,25.12,29.11,15.77,547.0,0.27,93.0,17.0,33.0,6.03,0.8,0.2149999999999999,22.15,10.87,15.53,26.4,29.62,14.44,74.0,0.391,13.0,17.57,4.0,5.41,1.041,0.21799999999999997,22.07,11.15,16.03,27.18,24.41,14.94,,,,,,,,,,,,,,
746303,2024-06-01,2024,686469,L,663568,R,single,False,False,181.0,0.222,26.0,14.36,20.0,11.05,0.729,0.18999999999999997,13.37,5.98,16.58,22.55,28.0,12.94,188.0,0.251,23.0,12.23,15.0,7.98,0.784,0.217,14.85,7.02,17.48,24.5,34.8,10.0,40.0,0.211,7.0,17.5,2.0,5.0,0.487,0.025999999999999995,14.47,7.8,17.73,25.53,30.36,16.28,,,,,,,,,,,,,,
746303,2024-06-01,2024,666023,R,663158,R,single,False,False,64.0,0.271,10.0,15.62,5.0,7.81,0.667,0.068,20.44,11.16,13.15,24.3,35.43,11.9,169.0,0.288,36.0,21.3,9.0,5.33,0.785,0.174,23.9,13.04,10.79,23.84,30.17,16.22,50.0,0.163,12.0,24.0,1.0,2.0,0.384,0.04099999999999998,22.68,13.33,13.33,26.67,33.85,26.09,62.0,0.161,15.0,24.19,6.0,9.68,0.528,0.1249999999999999,24.39,11.86,15.81,27.67,25.62,18.75
746303,2024-06-01,2024,676369,R,663158,R,field_out,False,False,125.0,0.214,36.0,28.8,6.0,4.8,0.692,0.222,37.27,16.98,16.56,33.54,28.03,24.83,125.0,0.257,36.0,28.8,9.0,7.2,0.966,0.389,35.34,17.89,12.6,30.49,29.12,21.95,50.0,0.163,12.0,24.0,1.0,2.0,0.384,0.04099999999999998,22.68,13.33,13.33,26.67,33.85,26.09,62.0,0.161,15.0,24.19,6.0,9.68,0.528,0.1249999999999999,24.39,11.86,15.81,27.67,25.62,18.75
746387,2024-06-01,2024,663616,L,669854,R,field_out,False,False,102.0,0.261,21.0,20.59,9.0,8.82,0.77,0.185,27.47,13.33,16.53,29.87,31.18,18.87,189.0,0.228,60.0,31.75,25.0,13.23,0.766,0.21,36.25,14.96,16.71,31.67,22.55,25.75,116.0,0.17,27.0,23.28,14.0,12.07,0.5900000000000001,0.15,24.0,11.37,14.53,25.89,26.75,20.3,104.0,0.221,21.0,20.19,16.0,15.38,0.7649999999999999,0.1979999999999999,28.05,13.84,10.94,24.78,25.22,14.58
746387,2024-06-01,2024,621043,R,669854,R,field_out,False,False,123.0,0.264,25.0,20.33,15.0,12.2,0.8029999999999999,0.189,22.66,9.62,20.92,30.54,26.42,18.52,444.0,0.224,112.0,25.23,42.0,9.46,0.69,0.164,26.37,11.3,19.9,31.19,27.0,21.72,119.0,0.179,30.0,25.21,11.0,9.24,0.544,0.10399999999999998,30.99,16.03,14.1,30.13,32.53,21.74,122.0,0.275,31.0,25.41,12.0,9.84,0.847,0.2199999999999999,37.6,19.87,11.14,31.0,32.68,22.3
746387,2024-06-01,2024,666135,L,669854,R,strikeout,True,False,148.0,0.22,38.0,25.68,13.0,8.78,0.71,0.204,30.37,14.75,16.19,30.94,30.28,24.36,264.0,0.3,63.0,23.86,24.0,9.09,0.858,0.185,26.95,12.66,17.1,29.76,32.56,21.58,116.0,0.17,27.0,23.28,14.0,12.07,0.5900000000000001,0.15,24.0,11.37,14.53,25.89,26.75,20.3,104.0,0.221,21.0,20.19,16.0,15.38,0.7649999999999999,0.1979999999999999,28.05,13.84,10.94,24.78,25.22,14.58
746387,2024-06-01,2024,514888,R,641154,R,field_out,False,False,183.0,0.304,33.0,18.03,11.0,6.01,0.83,0.176,19.01,9.53,17.3,26.83,36.39,16.58,297.0,0.322,55.0,18.52,32.0,10.77,0.941,0.218,19.43,8.47,19.0,27.48,31.81,17.74,130.0,0.242,37.0,28.46,7.0,5.38,0.725,0.191,30.89,15.77,15.77,31.54,31.06,23.27,394.0,0.205,130.0,32.99,21.0,5.33,0.597,0.137,32.71,17.16,14.87,32.02,35.04,24.16
746387,2024-06-01,2024,663656,L,641154,R,field_out,False,False,161.0,0.282,26.0,16.15,29.0,18.01,1.038,0.34400000000000003,19.77,7.66,15.77,23.42,15.1,15.34,436.0,0.275,64.0,14.68,58.0,13.3,0.859,0.2139999999999999,20.38,9.45,11.83,21.29,21.87,13.5,147.0,0.262,38.0,25.85,4.0,2.72,0.742,0.199,25.61,12.35,16.03,28.38,28.48,19.29,407.0,0.271,104.0,25.55,27.0,6.63,0.754,0.1549999999999999,27.73,14.02,16.28,30.3,33.55,23.21
746387,2024-06-01,2024,670541,L,641154,R,single,False,False,157.0,0.241,24.0,15.29,17.0,10.83,0.754,0.182,19.1,8.73,16.61,25.34,31.55,14.46,322.0,0.292,55.0,17.08,49.0,15.22,1.044,0.333,21.1,8.88,15.37,24.25,23.99,15.32,147.0,0.262,38.0,25.85,4.0,2.72,0.742,0.199,25.61,12.35,16.03,28.38,28.48,19.29,407.0,0.271,104.0,25.55,27.0,6.63,0.754,0.1549999999999999,27.73,14.02,16.28,30.3,33.55,23.21
746387,2024-06-01,2024,608324,R,641154,R,force_out,False,False,158.0,0.246,26.0,16.46,14.0,8.86,0.74,0.184,14.08,6.35,19.22,25.57,23.08,14.21,508.0,0.282,67.0,13.19,65.0,12.8,0.8500000000000001,0.186,14.53,5.58,19.65,25.23,16.96,12.88,130.0,0.242,37.0,28.46,7.0,5.38,0.725,0.191,30.89,15.77,15.77,31.54,31.06,23.27,394.0,0.205,130.0,32.99,21.0,5.33,0.597,0.137,32.71,17.16,14.87,32.02,35.04,24.16
746387,2024-06-01,2024,596146,L,669854,R,strikeout,True,False,118.0,0.267,19.0,16.1,10.0,8.47,0.79,0.19,20.6,10.04,12.97,23.01,23.46,12.5,394.0,0.263,84.0,21.32,37.0,9.39,0.8320000000000001,0.2339999999999999,19.92,9.32,15.49,24.81,24.75,18.14,116.0,0.17,27.0,23.28,14.0,12.07,0.5900000000000001,0.15,24.0,11.37,14.53,25.89,26.75,20.3,104.0,0.221,21.0,20.19,16.0,15.38,0.7649999999999999,0.1979999999999999,28.05,13.84,10.94,24.78,25.22,14.58
746387,2024-06-01,2024,680777,R,669854,R,walk,False,True,139.0,0.259,29.0,20.86,12.0,8.63,0.903,0.28400000000000003,24.08,10.54,18.39,28.93,26.42,17.72,242.0,0.281,70.0,28.93,19.0,7.85,0.8280000000000001,0.186,29.53,13.79,18.6,32.39,32.19,21.28,119.0,0.179,30.0,25.21,11.0,9.24,0.544,0.10399999999999998,30.99,16.03,14.1,30.13,32.53,21.74,122.0,0.275,31.0,25.41,12.0,9.84,0.847,0.2199999999999999,37.6,19.87,11.14,31.0,32.68,22.3
746387,2024-06-01,2024,666397,L,669854,R,force_out,False,False,167.0,0.201,54.0,32.34,21.0,12.57,0.6679999999999999,0.15999999999999998,31.01,11.61,21.63,33.24,15.16,27.14,360.0,0.274,112.0,31.11,62.0,17.22,0.898,0.2229999999999999,28.27,10.42,20.53,30.95,13.51,22.38,116.0,0.17,27.0,23.28,14.0,12.07,0.5900000000000001,0.15,24.0,11.37,14.53,25.89,26.75,20.3,104.0,0.221,21.0,20.19,16.0,15.38,0.7649999999999999,0.1979999999999999,28.05,13.84,10.94,24.78,25.22,14.58
746387,2024-06-01,2024,621439,R,669854,R,strikeout,True,False,100.0,0.242,30.0,30.0,5.0,5.0,0.663,0.121,34.74,18.78,11.17,29.95,35.85,22.56,257.0,0.217,80.0,31.13,26.0,10.12,0.767,0.243,29.69,15.03,12.96,27.99,29.53,25.0,119.0,0.179,30.0,25.21,11.0,9.24,0.544,0.10399999999999998,30.99,16.03,14.1,30.13,32.53,21.74,122.0,0.275,31.0,25.41,12.0,9.84,0.847,0.2199999999999999,37.6,19.87,11.14,31.0,32.68,22.3
746387,2024-06-01,2024,676694,R,641154,R,single,False,False,104.0,0.333,22.0,21.15,6.0,5.77,0.9,0.188,32.56,15.77,15.49,31.27,29.94,20.95,263.0,0.218,69.0,26.24,18.0,6.84,0.6459999999999999,0.146,25.89,12.2,16.27,28.47,24.49,21.12,130.0,0.242,37.0,28.46,7.0,5.38,0.725,0.191,30.89,15.77,15.77,31.54,31.06,23.27,394.0,0.205,130.0,32.99,21.0,5.33,0.597,0.137,32.71,17.16,14.87,32.02,35.04,24.16
746387,2024-06-01,2024,572138,L,641154,R,field_out,False,False,118.0,0.23,25.0,21.19,17.0,14.41,0.7090000000000001,0.13999999999999999,25.27,10.07,18.6,28.67,19.92,20.83,79.0,0.13,19.0,24.05,9.0,11.39,0.402,0.0439999999999999,22.79,9.69,16.56,26.25,24.43,21.11,147.0,0.262,38.0,25.85,4.0,2.72,0.742,0.199,25.61,12.35,16.03,28.38,28.48,19.29,407.0,0.271,104.0,25.55,27.0,6.63,0.754,0.1549999999999999,27.73,14.02,16.28,30.3,33.55,23.21
746387,2024-06-01,2024,643289,R,641154,R,single,False,False,85.0,0.3,7.0,8.24,3.0,3.53,0.7290000000000001,0.10000000000000003,15.19,8.54,12.81,21.35,40.72,9.09,375.0,0.263,58.0,15.47,13.0,3.47,0.6779999999999999,0.124,19.01,10.95,13.18,24.13,40.64,15.68,130.0,0.242,37.0,28.46,7.0,5.38,0.725,0.191,30.89,15.77,15.77,31.54,31.06,23.27,394.0,0.205,130.0,32.99,21.0,5.33,0.597,0.137,32.71,17.16,14.87,32.02,35.04,24.16
746387,2024-06-01,2024,676801,R,641154,R,strikeout,True,False,73.0,0.2,23.0,31.51,6.0,8.22,0.52,0.045999999999999985,34.51,16.33,16.67,33.0,30.86,22.68,319.0,0.25,82.0,25.71,27.0,8.46,0.769,0.186,28.62,13.94,15.79,29.73,30.75,21.75,130.0,0.242,37.0,28.46,7.0,5.38,0.725,0.191,30.89,15.77,15.77,31.54,31.06,23.27,394.0,0.205,130.0,32.99,21.0,5.33,0.597,0.137,32.71,17.16,14.87,32.02,35.04,24.16
746387,2024-06-01,2024,673237,R,641154,R,field_out,False,False,149.0,0.236,24.0,16.11,5.0,3.36,0.6000000000000001,0.10700000000000004,21.74,12.52,10.98,23.51,43.15,16.44,274.0,0.307,47.0,17.15,7.0,2.55,0.931,0.292,24.58,14.19,11.31,25.51,43.08,17.42,130.0,0.242,37.0,28.46,7.0,5.38,0.725,0.191,30.89,15.77,15.77,31.54,31.06,23.27,394.0,0.205,130.0,32.99,21.0,5.33,0.597,0.137,32.71,17.16,14.87,32.02,35.04,24.16
746387,2024-06-01,2024,650489,L,669854,R,triple,False,False,165.0,0.222,40.0,24.24,16.0,9.7,0.704,0.167,26.67,12.71,15.43,28.14,29.55,20.1,280.0,0.266,73.0,26.07,23.0,8.21,0.8029999999999999,0.189,28.16,14.39,15.31,29.7,34.97,21.1,116.0,0.17,27.0,23.28,14.0,12.07,0.5900000000000001,0.15,24.0,11.37,14.53,25.89,26.75,20.3,104.0,0.221,21.0,20.19,16.0,15.38,0.7649999999999999,0.1979999999999999,28.05,13.84,10.94,24.78,25.22,14.58
746387,2024-06-01,2024,669304,R,669854,R,walk,False,True,98.0,0.264,17.0,17.35,4.0,4.08,0.728,0.16499999999999998,20.37,9.57,19.71,29.28,32.96,22.08,120.0,0.207,18.0,15.0,8.0,6.67,0.5640000000000001,0.09,23.72,11.83,13.69,25.52,32.37,15.04,119.0,0.179,30.0,25.21,11.0,9.24,0.544,0.10399999999999998,30.99,16.03,14.1,30.13,32.53,21.74,122.0,0.275,31.0,25.41,12.0,9.84,0.847,0.2199999999999999,37.6,19.87,11.14,31.0,32.68,22.3
746387,2024-06-01,2024,663616,L,669854,R,strikeout,True,False,102.0,0.261,21.0,20.59,9.0,8.82,0.77,0.185,27.47,13.33,16.53,29.87,31.18,18.87,189.0,0.228,60.0,31.75,25.0,13.23,0.766,0.21,36.25,14.96,16.71,31.67,22.55,25.75,116.0,0.17,27.0,23.28,14.0,12.07,0.5900000000000001,0.15,24.0,11.37,14.53,25.89,26.75,20.3,104.0,0.221,21.0,20.19,16.0,15.38,0.7649999999999999,0.1979999999999999,28.05,13.84,10.94,24.78,25.22,14.58
746387,2024-06-01,2024,621043,R,669854,R,double,False,False,123.0,0.264,25.0,20.33,15.0,12.2,0.8029999999999999,0.189,22.66,9.62,20.92,30.54,26.42,18.52,444.0,0.224,112.0,25.23,42.0,9.46,0.69,0.164,26.37,11.3,19.9,31.19,27.0,21.72,119.0,0.179,30.0,25.21,11.0,9.24,0.544,0.10399999999999998,30.99,16.03,14.1,30.13,32.53,21.74,122.0,0.275,31.0,25.41,12.0,9.84,0.847,0.2199999999999999,37.6,19.87,11.14,31.0,32.68,22.3
746387,2024-06-01,2024,666135,L,669854,R,sac_fly,False,False,148.0,0.22,38.0,25.68,13.0,8.78,0.71,0.204,30.37,14.75,16.19,30.94,30.28,24.36,264.0,0.3,63.0,23.86,24.0,9.09,0.858,0.185,26.95,12.66,17.1,29.76,32.56,21.58,116.0,0.17,27.0,23.28,14.0,12.07,0.5900000000000001,0.15,24.0,11.37,14.53,25.89,26.75,20.3,104.0,0.221,21.0,20.19,16.0,15.38,0.7649999999999999,0.1979999999999999,28.05,13.84,10.94,24.78,25.22,14.58
746387,2024-06-01,2024,596146,L,669854,R,strikeout,True,False,118.0,0.267,19.0,16.1,10.0,8.47,0.79,0.19,20.6,10.04,12.97,23.01,23.46,12.5,394.0,0.263,84.0,21.32,37.0,9.39,0.8320000000000001,0.2339999999999999,19.92,9.32,15.49,24.81,24.75,18.14,116.0,0.17,27.0,23.28,14.0,12.07,0.5900000000000001,0.15,24.0,11.37,14.53,25.89,26.75,20.3,104.0,0.221,21.0,20.19,16.0,15.38,0.7649999999999999,0.1979999999999999,28.05,13.84,10.94,24.78,25.22,14.58
746387,2024-06-01,2024,514888,R,641154,R,field_out,False,False,183.0,0.304,33.0,18.03,11.0,6.01,0.83,0.176,19.01,9.53,17.3,26.83,36.39,16.58,297.0,0.322,55.0,18.52,32.0,10.77,0.941,0.218,19.43,8.47,19.0,27.48,31.81,17.74,130.0,0.242,37.0,28.46,7.0,5.38,0.725,0.191,30.89,15.77,15.77,31.54,31.06,23.27,394.0,0.205,130.0,32.99,21.0,5.33,0.597,0.137,32.71,17.16,14.87,32.02,35.04,24.16
746387,2024-06-01,2024,663656,L,641154,R,field_out,False,False,161.0,0.282,26.0,16.15,29.0,18.01,1.038,0.34400000000000003,19.77,7.66,15.77,23.42,15.1,15.34,436.0,0.275,64.0,14.68,58.0,13.3,0.859,0.2139999999999999,20.38,9.45,11.83,21.29,21.87,13.5,147.0,0.262,38.0,25.85,4.0,2.72,0.742,0.199,25.61,12.35,16.03,28.38,28.48,19.29,407.0,0.271,104.0,25.55,27.0,6.63,0.754,0.1549999999999999,27.73,14.02,16.28,30.3,33.55,23.21
746387,2024-06-01,2024,670541,L,641154,R,field_out,False,False,157.0,0.241,24.0,15.29,17.0,10.83,0.754,0.182,19.1,8.73,16.61,25.34,31.55,14.46,322.0,0.292,55.0,17.08,49.0,15.22,1.044,0.333,21.1,8.88,15.37,24.25,23.99,15.32,147.0,0.262,38.0,25.85,4.0,2.72,0.742,0.199,25.61,12.35,16.03,28.38,28.48,19.29,407.0,0.271,104.0,25.55,27.0,6.63,0.754,0.1549999999999999,27.73,14.02,16.28,30.3,33.55,23.21
746387,2024-06-01,2024,680777,R,669854,R,field_out,False,False,139.0,0.259,29.0,20.86,12.0,8.63,0.903,0.28400000000000003,24.08,10.54,18.39,28.93,26.42,17.72,242.0,0.281,70.0,28.93,19.0,7.85,0.8280000000000001,0.186,29.53,13.79,18.6,32.39,32.19,21.28,119.0,0.179,30.0,25.21,11.0,9.24,0.544,0.10399999999999998,30.99,16.03,14.1,30.13,32.53,21.74,122.0,0.275,31.0,25.41,12.0,9.84,0.847,0.2199999999999999,37.6,19.87,11.14,31.0,32.68,22.3
746387,2024-06-01,2024,666397,L,669854,R,strikeout,True,False,167.0,0.201,54.0,32.34,21.0,12.57,0.6679999999999999,0.15999999999999998,31.01,11.61,21.63,33.24,15.16,27.14,360.0,0.274,112.0,31.11,62.0,17.22,0.898,0.2229999999999999,28.27,10.42,20.53,30.95,13.51,22.38,116.0,0.17,27.0,23.28,14.0,12.07,0.5900000000000001,0.15,24.0,11.37,14.53,25.89,26.75,20.3,104.0,0.221,21.0,20.19,16.0,15.38,0.7649999999999999,0.1979999999999999,28.05,13.84,10.94,24.78,25.22,14.58
746387,2024-06-01,2024,621439,R,669854,R,field_out,False,False,100.0,0.242,30.0,30.0,5.0,5.0,0.663,0.121,34.74,18.78,11.17,29.95,35.85,22.56,257.0,0.217,80.0,31.13,26.0,10.12,0.767,0.243,29.69,15.03,12.96,27.99,29.53,25.0,119.0,0.179,30.0,25.21,11.0,9.24,0.544,0.10399999999999998,30.99,16.03,14.1,30.13,32.53,21.74,122.0,0.275,31.0,25.41,12.0,9.84,0.847,0.2199999999999999,37.6,19.87,11.14,31.0,32.68,22.3
746387,2024-06-01,2024,608324,R,641154,R,home_run,False,False,158.0,0.246,26.0,16.46,14.0,8.86,0.74,0.184,14.08,6.35,19.22,25.57,23.08,14.21,508.0,0.282,67.0,13.19,65.0,12.8,0.8500000000000001,0.186,14.53,5.58,19.65,25.23,16.96,12.88,130.0,0.242,37.0,28.46,7.0,5.38,0.725,0.191,30.89,15.77,15.77,31.54,31.06,23.27,394.0,0.205,130.0,32.99,21.0,5.33,0.597,0.137,32.71,17.16,14.87,32.02,35.04,24.16
746387,2024-06-01,2024,676694,R,641154,R,field_out,False,False,104.0,0.333,22.0,21.15,6.0,5.77,0.9,0.188,32.56,15.77,15.49,31.27,29.94,20.95,263.0,0.218,69.0,26.24,18.0,6.84,0.6459999999999999,0.146,25.89,12.2,16.27,28.47,24.49,21.12,130.0,0.242,37.0,28.46,7.0,5.38,0.725,0.191,30.89,15.77,15.77,31.54,31.06,23.27,394.0,0.205,130.0,32.99,21.0,5.33,0.597,0.137,32.71,17.16,14.87,32.02,35.04,24.16
746387,2024-06-01,2024,572138,L,641154,R,single,False,False,118.0,0.23,25.0,21.19,17.0,14.41,0.7090000000000001,0.13999999999999999,25.27,10.07,18.6,28.67,19.92,20.83,79.0,0.13,19.0,24.05,9.0,11.39,0.402,0.0439999999999999,22.79,9.69,16.56,26.25,24.43,21.11,147.0,0.262,38.0,25.85,4.0,2.72,0.742,0.199,25.61,12.35,16.03,28.38,28.48,19.29,407.0,0.271,104.0,25.55,27.0,6.63,0.754,0.1549999999999999,27.73,14.02,16.28,30.3,33.55,23.21
746387,2024-06-01,2024,643289,R,641154,R,walk,False,True,85.0,0.3,7.0,8.24,3.0,3.53,0.7290000000000001,0.10000000000000003,15.19,8.54,12.81,21.35,40.72,9.09,375.0,0.263,58.0,15.47,13.0,3.47,0.6779999999999999,0.124,19.01,10.95,13.18,24.13,40.64,15.68,130.0,0.242,37.0,28.46,7.0,5.38,0.725,0.191,30.89,15.77,15.77,31.54,31.06,23.27,394.0,0.205,130.0,32.99,21.0,5.33,0.597,0.137,32.71,17.16,14.87,32.02,35.04,24.16
746387,2024-06-01,2024,676801,R,641154,R,strikeout,True,False,73.0,0.2,23.0,31.51,6.0,8.22,0.52,0.045999999999999985,34.51,16.33,16.67,33.0,30.86,22.68,319.0,0.25,82.0,25.71,27.0,8.46,0.769,0.186,28.62,13.94,15.79,29.73,30.75,21.75,130.0,0.242,37.0,28.46,7.0,5.38,0.725,0.191,30.89,15.77,15.77,31.54,31.06,23.27,394.0,0.205,130.0,32.99,21.0,5.33,0.597,0.137,32.71,17.16,14.87,32.02,35.04,24.16
746387,2024-06-01,2024,673237,R,641154,R,field_out,False,False,149.0,0.236,24.0,16.11,5.0,3.36,0.6000000000000001,0.10700000000000004,21.74,12.52,10.98,23.51,43.15,16.44,274.0,0.307,47.0,17.15,7.0,2.55,0.931,0.292,24.58,14.19,11.31,25.51,43.08,17.42,130.0,0.242,37.0,28.46,7.0,5.38,0.725,0.191,30.89,15.77,15.77,31.54,31.06,23.27,394.0,0.205,130.0,32.99,21.0,5.33,0.597,0.137,32.71,17.16,14.87,32.02,35.04,24.16
746387,2024-06-01,2024,650489,L,669854,R,walk,False,True,165.0,0.222,40.0,24.24,16.0,9.7,0.704,0.167,26.67,12.71,15.43,28.14,29.55,20.1,280.0,0.266,73.0,26.07,23.0,8.21,0.8029999999999999,0.189,28.16,14.39,15.31,29.7,34.97,21.1,116.0,0.17,27.0,23.28,14.0,12.07,0.5900000000000001,0.15,24.0,11.37,14.53,25.89,26.75,20.3,104.0,0.221,21.0,20.19,16.0,15.38,0.7649999999999999,0.1979999999999999,28.05,13.84,10.94,24.78,25.22,14.58
746387,2024-06-01,2024,669304,R,669854,R,field_out,False,False,98.0,0.264,17.0,17.35,4.0,4.08,0.728,0.16499999999999998,20.37,9.57,19.71,29.28,32.96,22.08,120.0,0.207,18.0,15.0,8.0,6.67,0.5640000000000001,0.09,23.72,11.83,13.69,25.52,32.37,15.04,119.0,0.179,30.0,25.21,11.0,9.24,0.544,0.10399999999999998,30.99,16.03,14.1,30.13,32.53,21.74,122.0,0.275,31.0,25.41,12.0,9.84,0.847,0.2199999999999999,37.6,19.87,11.14,31.0,32.68,22.3
746387,2024-06-01,2024,663616,L,669854,R,home_run,False,False,102.0,0.261,21.0,20.59,9.0,8.82,0.77,0.185,27.47,13.33,16.53,29.87,31.18,18.87,189.0,0.228,60.0,31.75,25.0,13.23,0.766,0.21,36.25,14.96,16.71,31.67,22.55,25.75,116.0,0.17,27.0,23.28,14.0,12.07,0.5900000000000001,0.15,24.0,11.37,14.53,25.89,26.75,20.3,104.0,0.221,21.0,20.19,16.0,15.38,0.7649999999999999,0.1979999999999999,28.05,13.84,10.94,24.78,25.22,14.58
746387,2024-06-01,2024,621043,R,669854,R,field_out,False,False,123.0,0.264,25.0,20.33,15.0,12.2,0.8029999999999999,0.189,22.66,9.62,20.92,30.54,26.42,18.52,444.0,0.224,112.0,25.23,42.0,9.46,0.69,0.164,26.37,11.3,19.9,31.19,27.0,21.72,119.0,0.179,30.0,25.21,11.0,9.24,0.544,0.10399999999999998,30.99,16.03,14.1,30.13,32.53,21.74,122.0,0.275,31.0,25.41,12.0,9.84,0.847,0.2199999999999999,37.6,19.87,11.14,31.0,32.68,22.3
746387,2024-06-01,2024,467793,R,656786,L,field_out,False,False,55.0,0.269,11.0,20.0,2.0,3.64,0.7769999999999999,0.21199999999999997,28.16,12.89,17.78,30.67,24.53,17.46,162.0,0.266,21.0,12.96,20.0,12.35,0.8069999999999999,0.187,16.6,6.97,17.43,24.41,22.49,13.04,23.0,0.15,1.0,4.35,3.0,13.04,0.5609999999999999,0.15,20.0,9.0,14.0,23.0,23.08,3.12,41.0,0.378,8.0,19.51,3.0,7.32,1.223,0.406,20.83,9.93,14.57,24.5,35.8,16.0
746387,2024-06-01,2024,514888,R,641154,R,single,False,False,183.0,0.304,33.0,18.03,11.0,6.01,0.83,0.176,19.01,9.53,17.3,26.83,36.39,16.58,297.0,0.322,55.0,18.52,32.0,10.77,0.941,0.218,19.43,8.47,19.0,27.48,31.81,17.74,130.0,0.242,37.0,28.46,7.0,5.38,0.725,0.191,30.89,15.77,15.77,31.54,31.06,23.27,394.0,0.205,130.0,32.99,21.0,5.33,0.597,0.137,32.71,17.16,14.87,32.02,35.04,24.16
746387,2024-06-01,2024,663656,L,641154,R,strikeout,True,False,161.0,0.282,26.0,16.15,29.0,18.01,1.038,0.34400000000000003,19.77,7.66,15.77,23.42,15.1,15.34,436.0,0.275,64.0,14.68,58.0,13.3,0.859,0.2139999999999999,20.38,9.45,11.83,21.29,21.87,13.5,147.0,0.262,38.0,25.85,4.0,2.72,0.742,0.199,25.61,12.35,16.03,28.38,28.48,19.29,407.0,0.271,104.0,25.55,27.0,6.63,0.754,0.1549999999999999,27.73,14.02,16.28,30.3,33.55,23.21
746387,2024-06-01,2024,670541,L,641154,R,field_out,False,False,157.0,0.241,24.0,15.29,17.0,10.83,0.754,0.182,19.1,8.73,16.61,25.34,31.55,14.46,322.0,0.292,55.0,17.08,49.0,15.22,1.044,0.333,21.1,8.88,15.37,24.25,23.99,15.32,147.0,0.262,38.0,25.85,4.0,2.72,0.742,0.199,25.61,12.35,16.03,28.38,28.48,19.29,407.0,0.271,104.0,25.55,27.0,6.63,0.754,0.1549999999999999,27.73,14.02,16.28,30.3,33.55,23.21
746387,2024-06-01,2024,608324,R,641154,R,field_out,False,False,158.0,0.246,26.0,16.46,14.0,8.86,0.74,0.184,14.08,6.35,19.22,25.57,23.08,14.21,508.0,0.282,67.0,13.19,65.0,12.8,0.8500000000000001,0.186,14.53,5.58,19.65,25.23,16.96,12.88,130.0,0.242,37.0,28.46,7.0,5.38,0.725,0.191,30.89,15.77,15.77,31.54,31.06,23.27,394.0,0.205,130.0,32.99,21.0,5.33,0.597,0.137,32.71,17.16,14.87,32.02,35.04,24.16
746387,2024-06-01,2024,596146,L,656786,L,hit_by_pitch,False,False,26.0,0.333,4.0,15.38,1.0,3.85,0.927,0.20900000000000002,10.87,5.21,17.71,22.92,28.26,14.81,97.0,0.25,22.0,22.68,8.0,8.25,0.752,0.182,19.46,9.73,13.51,23.24,25.0,18.42,19.0,0.375,1.0,5.26,1.0,5.26,0.796,0.0,9.68,4.41,17.65,22.06,20.69,5.88,28.0,0.208,7.0,25.0,1.0,3.57,0.696,0.167,25.0,12.5,20.19,32.69,29.55,21.21
746387,2024-06-01,2024,680777,R,656786,L,double,False,False,61.0,0.25,18.0,29.51,3.0,4.92,0.865,0.30400000000000005,30.0,14.54,18.94,33.48,32.73,27.69,95.0,0.263,23.0,24.21,14.0,14.74,0.94,0.29,28.57,11.73,16.53,28.27,26.11,22.77,23.0,0.15,1.0,4.35,3.0,13.04,0.5609999999999999,0.15,20.0,9.0,14.0,23.0,23.08,3.12,41.0,0.378,8.0,19.51,3.0,7.32,1.223,0.406,20.83,9.93,14.57,24.5,35.8,16.0
746387,2024-06-01,2024,622534,R,661527,R,field_out,False,False,61.0,0.143,14.0,22.95,5.0,8.2,0.374,0.018000000000000016,25.45,12.73,16.82,29.55,29.13,21.54,237.0,0.258,33.0,13.92,15.0,6.33,0.694,0.12,23.38,11.66,15.01,26.67,32.22,16.02,67.0,0.167,12.0,17.91,5.0,7.46,0.554,0.13299999999999998,26.83,13.15,17.13,30.28,32.26,15.0,113.0,0.221,34.0,30.09,3.0,2.65,0.687,0.183,25.62,12.06,18.56,30.63,28.44,23.61
746387,2024-06-01,2024,621439,R,661527,R,field_out,False,False,100.0,0.242,30.0,30.0,5.0,5.0,0.663,0.121,34.74,18.78,11.17,29.95,35.85,22.56,257.0,0.217,80.0,31.13,26.0,10.12,0.767,0.243,29.69,15.03,12.96,27.99,29.53,25.0,67.0,0.167,12.0,17.91,5.0,7.46,0.554,0.13299999999999998,26.83,13.15,17.13,30.28,32.26,15.0,113.0,0.221,34.0,30.09,3.0,2.65,0.687,0.183,25.62,12.06,18.56,30.63,28.44,23.61
746387,2024-06-01,2024,650489,L,661527,R,field_out,False,False,165.0,0.222,40.0,24.24,16.0,9.7,0.704,0.167,26.67,12.71,15.43,28.14,29.55,20.1,280.0,0.266,73.0,26.07,23.0,8.21,0.8029999999999999,0.189,28.16,14.39,15.31,29.7,34.97,21.1,54.0,0.213,3.0,5.56,7.0,12.96,0.655,0.12700000000000003,20.93,8.57,13.81,22.38,16.36,6.52,82.0,0.333,11.0,13.41,16.0,19.51,0.948,0.1519999999999999,25.17,10.82,14.04,24.85,24.73,10.58
746387,2024-06-01,2024,676694,R,641154,R,field_out,False,False,104.0,0.333,22.0,21.15,6.0,5.77,0.9,0.188,32.56,15.77,15.49,31.27,29.94,20.95,263.0,0.218,69.0,26.24,18.0,6.84,0.6459999999999999,0.146,25.89,12.2,16.27,28.47,24.49,21.12,130.0,0.242,37.0,28.46,7.0,5.38,0.725,0.191,30.89,15.77,15.77,31.54,31.06,23.27,394.0,0.205,130.0,32.99,21.0,5.33,0.597,0.137,32.71,17.16,14.87,32.02,35.04,24.16
746387,2024-06-01,2024,572138,L,641154,R,strikeout,True,False,118.0,0.23,25.0,21.19,17.0,14.41,0.7090000000000001,0.13999999999999999,25.27,10.07,18.6,28.67,19.92,20.83,79.0,0.13,19.0,24.05,9.0,11.39,0.402,0.0439999999999999,22.79,9.69,16.56,26.25,24.43,21.11,147.0,0.262,38.0,25.85,4.0,2.72,0.742,0.199,25.61,12.35,16.03,28.38,28.48,19.29,407.0,0.271,104.0,25.55,27.0,6.63,0.754,0.1549999999999999,27.73,14.02,16.28,30.3,33.55,23.21
746387,2024-06-01,2024,643289,R,641154,R,field_out,False,False,85.0,0.3,7.0,8.24,3.0,3.53,0.7290000000000001,0.10000000000000003,15.19,8.54,12.81,21.35,40.72,9.09,375.0,0.263,58.0,15.47,13.0,3.47,0.6779999999999999,0.124,19.01,10.95,13.18,24.13,40.64,15.68,130.0,0.242,37.0,28.46,7.0,5.38,0.725,0.191,30.89,15.77,15.77,31.54,31.06,23.27,394.0,0.205,130.0,32.99,21.0,5.33,0.597,0.137,32.71,17.16,14.87,32.02,35.04,24.16
746387,2024-06-01,2024,669304,R,661527,R,field_out,False,False,98.0,0.264,17.0,17.35,4.0,4.08,0.728,0.16499999999999998,20.37,9.57,19.71,29.28,32.96,22.08,120.0,0.207,18.0,15.0,8.0,6.67,0.5640000000000001,0.09,23.72,11.83,13.69,25.52,32.37,15.04,67.0,0.167,12.0,17.91,5.0,7.46,0.554,0.13299999999999998,26.83,13.15,17.13,30.28,32.26,15.0,113.0,0.221,34.0,30.09,3.0,2.65,0.687,0.183,25.62,12.06,18.56,30.63,28.44,23.61
746387,2024-06-01,2024,663616,L,661527,R,field_out,False,False,102.0,0.261,21.0,20.59,9.0,8.82,0.77,0.185,27.47,13.33,16.53,29.87,31.18,18.87,189.0,0.228,60.0,31.75,25.0,13.23,0.766,0.21,36.25,14.96,16.71,31.67,22.55,25.75,54.0,0.213,3.0,5.56,7.0,12.96,0.655,0.12700000000000003,20.93,8.57,13.81,22.38,16.36,6.52,82.0,0.333,11.0,13.41,16.0,19.51,0.948,0.1519999999999999,25.17,10.82,14.04,24.85,24.73,10.58
746387,2024-06-01,2024,621043,R,661527,R,field_out,False,False,123.0,0.264,25.0,20.33,15.0,12.2,0.8029999999999999,0.189,22.66,9.62,20.92,30.54,26.42,18.52,444.0,0.224,112.0,25.23,42.0,9.46,0.69,0.164,26.37,11.3,19.9,31.19,27.0,21.72,67.0,0.167,12.0,17.91,5.0,7.46,0.554,0.13299999999999998,26.83,13.15,17.13,30.28,32.26,15.0,113.0,0.221,34.0,30.09,3.0,2.65,0.687,0.183,25.62,12.06,18.56,30.63,28.44,23.61
746387,2024-06-01,2024,676801,R,641154,R,strikeout,True,False,73.0,0.2,23.0,31.51,6.0,8.22,0.52,0.045999999999999985,34.51,16.33,16.67,33.0,30.86,22.68,319.0,0.25,82.0,25.71,27.0,8.46,0.769,0.186,28.62,13.94,15.79,29.73,30.75,21.75,130.0,0.242,37.0,28.46,7.0,5.38,0.725,0.191,30.89,15.77,15.77,31.54,31.06,23.27,394.0,0.205,130.0,32.99,21.0,5.33,0.597,0.137,32.71,17.16,14.87,32.02,35.04,24.16
746387,2024-06-01,2024,673237,R,641154,R,field_out,False,False,149.0,0.236,24.0,16.11,5.0,3.36,0.6000000000000001,0.10700000000000004,21.74,12.52,10.98,23.51,43.15,16.44,274.0,0.307,47.0,17.15,7.0,2.55,0.931,0.292,24.58,14.19,11.31,25.51,43.08,17.42,130.0,0.242,37.0,28.46,7.0,5.38,0.725,0.191,30.89,15.77,15.77,31.54,31.06,23.27,394.0,0.205,130.0,32.99,21.0,5.33,0.597,0.137,32.71,17.16,14.87,32.02,35.04,24.16
746387,2024-06-01,2024,514888,R,641154,R,strikeout,True,False,183.0,0.304,33.0,18.03,11.0,6.01,0.83,0.176,19.01,9.53,17.3,26.83,36.39,16.58,297.0,0.322,55.0,18.52,32.0,10.77,0.941,0.218,19.43,8.47,19.0,27.48,31.81,17.74,130.0,0.242,37.0,28.46,7.0,5.38,0.725,0.191,30.89,15.77,15.77,31.54,31.06,23.27,394.0,0.205,130.0,32.99,21.0,5.33,0.597,0.137,32.71,17.16,14.87,32.02,35.04,24.16
746387,2024-06-01,2024,467793,L,666208,R,home_run,False,False,148.0,0.188,24.0,16.22,17.0,11.49,0.633,0.14800000000000002,23.55,9.87,17.15,27.02,23.15,13.79,460.0,0.231,83.0,18.04,45.0,9.78,0.727,0.1899999999999999,23.76,11.0,14.32,25.31,24.63,16.21,4.0,0.333,0.0,0.0,1.0,25.0,1.833,1.0,33.33,11.76,11.76,23.53,20.0,0.0,3.0,0.0,1.0,33.33,2.0,66.67,0.667,0.0,25.0,5.88,11.76,17.65,11.11,0.0
746387,2024-06-01,2024,596146,L,666208,R,field_out,False,False,118.0,0.267,19.0,16.1,10.0,8.47,0.79,0.19,20.6,10.04,12.97,23.01,23.46,12.5,394.0,0.263,84.0,21.32,37.0,9.39,0.8320000000000001,0.2339999999999999,19.92,9.32,15.49,24.81,24.75,18.14,4.0,0.333,0.0,0.0,1.0,25.0,1.833,1.0,33.33,11.76,11.76,23.53,20.0,0.0,3.0,0.0,1.0,33.33,2.0,66.67,0.667,0.0,25.0,5.88,11.76,17.65,11.11,0.0
746387,2024-06-01,2024,680777,R,666208,R,strikeout,True,False,139.0,0.259,29.0,20.86,12.0,8.63,0.903,0.28400000000000003,24.08,10.54,18.39,28.93,26.42,17.72,242.0,0.281,70.0,28.93,19.0,7.85,0.8280000000000001,0.186,29.53,13.79,18.6,32.39,32.19,21.28,4.0,0.25,2.0,50.0,0.0,0.0,0.5,0.0,36.36,18.18,18.18,36.36,46.15,22.22,9.0,0.333,3.0,33.33,3.0,33.33,0.889,0.0,31.25,10.0,22.0,32.0,27.27,18.75
746387,2024-06-01,2024,622534,R,666208,R,strikeout,True,False,61.0,0.143,14.0,22.95,5.0,8.2,0.374,0.018000000000000016,25.45,12.73,16.82,29.55,29.13,21.54,237.0,0.258,33.0,13.92,15.0,6.33,0.694,0.12,23.38,11.66,15.01,26.67,32.22,16.02,4.0,0.25,2.0,50.0,0.0,0.0,0.5,0.0,36.36,18.18,18.18,36.36,46.15,22.22,9.0,0.333,3.0,33.33,3.0,33.33,0.889,0.0,31.25,10.0,22.0,32.0,27.27,18.75
746387,2024-06-01,2024,663656,L,595345,L,field_out,False,False,92.0,0.224,15.0,16.3,15.0,16.3,0.835,0.263,19.21,8.29,14.57,22.86,18.39,15.96,238.0,0.3,28.0,11.76,22.0,9.24,0.934,0.2669999999999999,14.95,6.92,15.31,22.22,21.1,12.02,32.0,0.133,8.0,25.0,1.0,3.12,0.355,0.034,28.57,15.09,18.87,33.96,30.23,28.57,95.0,0.241,33.0,34.74,10.0,10.53,0.7210000000000001,0.157,34.39,15.78,16.5,32.28,26.54,23.74
746387,2024-06-01,2024,670541,L,595345,L,field_out,False,False,91.0,0.325,19.0,20.88,6.0,6.59,0.856,0.15699999999999997,23.08,11.43,14.6,26.03,36.47,26.76,174.0,0.295,37.0,21.26,20.0,11.49,0.892,0.212,24.91,11.27,17.53,28.79,30.5,20.79,32.0,0.133,8.0,25.0,1.0,3.12,0.355,0.034,28.57,15.09,18.87,33.96,30.23,28.57,95.0,0.241,33.0,34.74,10.0,10.53,0.7210000000000001,0.157,34.39,15.78,16.5,32.28,26.54,23.74
746387,2024-06-01,2024,608324,R,595345,L,field_out,False,False,78.0,0.164,5.0,6.41,5.0,6.41,0.478,0.096,7.38,3.2,22.42,25.62,24.46,6.85,216.0,0.215,20.0,9.26,27.0,12.5,0.6950000000000001,0.161,13.03,5.13,19.07,24.2,22.25,9.57,48.0,0.268,10.0,20.83,7.0,14.58,0.887,0.244,21.52,8.95,18.95,27.89,17.05,19.23,152.0,0.222,40.0,26.32,14.0,9.21,0.747,0.222,28.47,13.79,16.75,30.54,27.09,21.39
746387,2024-06-01,2024,621439,R,666208,R,single,False,False,100.0,0.242,30.0,30.0,5.0,5.0,0.663,0.121,34.74,18.78,11.17,29.95,35.85,22.56,257.0,0.217,80.0,31.13,26.0,10.12,0.767,0.243,29.69,15.03,12.96,27.99,29.53,25.0,4.0,0.25,2.0,50.0,0.0,0.0,0.5,0.0,36.36,18.18,18.18,36.36,46.15,22.22,9.0,0.333,3.0,33.33,3.0,33.33,0.889,0.0,31.25,10.0,22.0,32.0,27.27,18.75
746387,2024-06-01,2024,650489,L,666208,R,walk,False,True,165.0,0.222,40.0,24.24,16.0,9.7,0.704,0.167,26.67,12.71,15.43,28.14,29.55,20.1,280.0,0.266,73.0,26.07,23.0,8.21,0.8029999999999999,0.189,28.16,14.39,15.31,29.7,34.97,21.1,4.0,0.333,0.0,0.0,1.0,25.0,1.833,1.0,33.33,11.76,11.76,23.53,20.0,0.0,3.0,0.0,1.0,33.33,2.0,66.67,0.667,0.0,25.0,5.88,11.76,17.65,11.11,0.0
746387,2024-06-01,2024,571657,R,666208,R,grounded_into_double_play,False,False,55.0,0.167,10.0,18.18,5.0,9.09,0.523,0.08299999999999999,22.35,10.5,18.23,28.73,34.48,26.32,241.0,0.239,59.0,24.48,13.0,5.39,0.6950000000000001,0.157,22.45,10.88,18.24,29.12,32.6,21.61,4.0,0.25,2.0,50.0,0.0,0.0,0.5,0.0,36.36,18.18,18.18,36.36,46.15,22.22,9.0,0.333,3.0,33.33,3.0,33.33,0.889,0.0,31.25,10.0,22.0,32.0,27.27,18.75
746387,2024-06-01,2024,663616,L,666208,R,field_out,False,False,102.0,0.261,21.0,20.59,9.0,8.82,0.77,0.185,27.47,13.33,16.53,29.87,31.18,18.87,189.0,0.228,60.0,31.75,25.0,13.23,0.766,0.21,36.25,14.96,16.71,31.67,22.55,25.75,4.0,0.333,0.0,0.0,1.0,25.0,1.833,1.0,33.33,11.76,11.76,23.53,20.0,0.0,3.0,0.0,1.0,33.33,2.0,66.67,0.667,0.0,25.0,5.88,11.76,17.65,11.11,0.0
746387,2024-06-01,2024,676694,R,663485,R,field_out,False,False,104.0,0.333,22.0,21.15,6.0,5.77,0.9,0.188,32.56,15.77,15.49,31.27,29.94,20.95,263.0,0.218,69.0,26.24,18.0,6.84,0.6459999999999999,0.146,25.89,12.2,16.27,28.47,24.49,21.12,59.0,0.232,15.0,25.42,2.0,3.39,0.6819999999999999,0.17899999999999996,27.1,13.74,18.01,31.75,39.05,24.19,45.0,0.205,10.0,22.22,6.0,13.33,0.619,0.103,26.76,10.98,21.97,32.95,29.89,16.95
746387,2024-06-01,2024,572138,L,663485,R,field_out,False,False,118.0,0.23,25.0,21.19,17.0,14.41,0.7090000000000001,0.13999999999999999,25.27,10.07,18.6,28.67,19.92,20.83,79.0,0.13,19.0,24.05,9.0,11.39,0.402,0.0439999999999999,22.79,9.69,16.56,26.25,24.43,21.11,39.0,0.212,14.0,35.9,2.0,5.13,0.641,0.12100000000000002,19.74,8.88,18.34,27.22,27.59,20.9,54.0,0.261,11.0,20.37,8.0,14.81,0.913,0.282,14.68,6.67,15.0,21.67,17.95,12.79
746387,2024-06-01,2024,643289,R,663485,R,strikeout,True,False,85.0,0.3,7.0,8.24,3.0,3.53,0.7290000000000001,0.10000000000000003,15.19,8.54,12.81,21.35,40.72,9.09,375.0,0.263,58.0,15.47,13.0,3.47,0.6779999999999999,0.124,19.01,10.95,13.18,24.13,40.64,15.68,59.0,0.232,15.0,25.42,2.0,3.39,0.6819999999999999,0.17899999999999996,27.1,13.74,18.01,31.75,39.05,24.19,45.0,0.205,10.0,22.22,6.0,13.33,0.619,0.103,26.76,10.98,21.97,32.95,29.89,16.95
745331,2024-06-01,2024,683011,R,663855,R,field_out,False,False,200.0,0.291,40.0,20.0,17.0,8.5,0.819,0.16600000000000004,22.25,10.42,18.02,28.44,29.43,17.62,467.0,0.198,132.0,28.27,36.0,7.71,0.624,0.1579999999999999,28.15,13.53,17.49,31.02,29.16,23.4,133.0,0.213,29.0,21.8,5.0,3.76,0.618,0.157,24.08,11.07,19.14,30.21,25.62,16.38,177.0,0.234,54.0,30.51,16.0,9.04,0.653,0.1139999999999999,27.76,11.0,22.57,33.57,28.9,25.84
745331,2024-06-01,2024,665742,L,663855,R,strikeout,True,False,200.0,0.31,33.0,16.5,29.0,14.5,1.007,0.285,24.53,9.4,18.31,27.71,17.2,14.6,502.0,0.283,81.0,16.14,99.0,19.72,0.98,0.2730000000000001,18.45,6.31,19.31,25.62,15.09,14.14,125.0,0.224,23.0,18.4,14.0,11.2,0.646,0.094,24.03,10.73,14.94,25.67,27.87,14.47,109.0,0.225,27.0,24.77,16.0,14.68,0.6639999999999999,0.0779999999999999,28.89,12.53,15.18,27.71,26.27,23.89
745331,2024-06-01,2024,592450,R,663855,R,field_error,False,False,204.0,0.285,52.0,25.49,27.0,13.24,1.029,0.36000000000000004,31.28,13.86,14.34,28.2,19.91,20.8,384.0,0.266,109.0,28.39,77.0,20.05,1.011,0.3339999999999999,36.96,15.02,15.7,30.72,19.29,24.12,133.0,0.213,29.0,21.8,5.0,3.76,0.618,0.157,24.08,11.07,19.14,30.21,25.62,16.38,177.0,0.234,54.0,30.51,16.0,9.04,0.653,0.1139999999999999,27.76,11.0,22.57,33.57,28.9,25.84
745331,2024-06-01,2024,657077,L,663855,R,field_out,False,False,164.0,0.268,16.0,9.76,12.0,7.32,0.773,0.188,11.31,5.22,18.76,23.98,26.03,9.64,441.0,0.279,66.0,14.97,30.0,6.8,0.793,0.185,15.08,6.28,20.52,26.8,22.64,14.93,125.0,0.224,23.0,18.4,14.0,11.2,0.646,0.094,24.03,10.73,14.94,25.67,27.87,14.47,109.0,0.225,27.0,24.77,16.0,14.68,0.6639999999999999,0.0779999999999999,28.89,12.53,15.18,27.71,26.27,23.89
745331,2024-06-01,2024,682641,R,573186,R,field_out,False,False,63.0,0.226,4.0,6.35,1.0,1.59,0.544,0.07999999999999999,11.11,6.03,14.07,20.1,37.27,8.7,154.0,0.215,23.0,14.94,8.0,5.19,0.56,0.0839999999999999,20.15,9.82,15.18,25.0,27.53,17.29,159.0,0.194,34.0,21.38,12.0,7.55,0.542,0.08400000000000002,28.24,12.07,19.09,31.16,30.03,19.54,264.0,0.272,60.0,22.73,17.0,6.44,0.712,0.122,25.22,11.88,16.45,28.32,28.57,21.9
745331,2024-06-01,2024,573262,L,573186,R,field_out,False,False,143.0,0.223,43.0,30.07,11.0,7.69,0.6759999999999999,0.169,26.82,11.18,18.69,29.87,19.0,23.24,296.0,0.243,75.0,25.34,40.0,13.51,0.831,0.235,23.69,9.65,18.67,28.32,20.68,19.69,126.0,0.25,21.0,16.67,17.0,13.49,0.857,0.25,16.51,6.94,17.53,24.47,25.35,13.12,311.0,0.194,59.0,18.97,35.0,11.25,0.575,0.0879999999999999,19.89,8.59,16.93,25.51,25.45,17.99
745331,2024-06-01,2024,642731,R,573186,R,single,False,False,175.0,0.257,33.0,18.86,5.0,2.86,0.717,0.174,19.47,9.61,19.38,28.99,35.62,19.08,380.0,0.276,84.0,22.11,15.0,3.95,0.767,0.172,21.44,11.24,17.01,28.25,38.17,20.1,159.0,0.194,34.0,21.38,12.0,7.55,0.542,0.08400000000000002,28.24,12.07,19.09,31.16,30.03,19.54,264.0,0.272,60.0,22.73,17.0,6.44,0.712,0.122,25.22,11.88,16.45,28.32,28.57,21.9
745331,2024-06-01,2024,656305,R,573186,R,caught_stealing_2b,False,False,185.0,0.208,44.0,23.78,14.0,7.57,0.638,0.149,25.22,11.65,19.28,30.92,27.3,18.88,471.0,0.223,139.0,29.51,52.0,11.04,0.722,0.179,31.15,13.33,17.79,31.11,18.61,21.72,159.0,0.194,34.0,21.38,12.0,7.55,0.542,0.08400000000000002,28.24,12.07,19.09,31.16,30.03,19.54,264.0,0.272,60.0,22.73,17.0,6.44,0.712,0.122,25.22,11.88,16.45,28.32,28.57,21.9
745331,2024-06-01,2024,650402,R,663855,R,strikeout,True,False,183.0,0.228,42.0,22.95,16.0,8.74,0.635,0.10500000000000001,24.65,11.35,16.65,28.0,22.89,15.44,544.0,0.273,78.0,14.34,50.0,9.19,0.772,0.1589999999999999,21.74,10.32,15.57,25.89,26.86,11.29,133.0,0.213,29.0,21.8,5.0,3.76,0.618,0.157,24.08,11.07,19.14,30.21,25.62,16.38,177.0,0.234,54.0,30.51,16.0,9.04,0.653,0.1139999999999999,27.76,11.0,22.57,33.57,28.9,25.84
745331,2024-06-01,2024,519203,L,663855,R,field_out,False,False,175.0,0.264,31.0,17.71,12.0,6.86,0.754,0.16399999999999998,20.41,10.49,15.14,25.64,37.68,15.9,334.0,0.22,86.0,25.75,27.0,8.08,0.6739999999999999,0.146,25.23,12.17,17.7,29.87,34.73,19.95,125.0,0.224,23.0,18.4,14.0,11.2,0.646,0.094,24.03,10.73,14.94,25.67,27.87,14.47,109.0,0.225,27.0,24.77,16.0,14.68,0.6639999999999999,0.0779999999999999,28.89,12.53,15.18,27.71,26.27,23.89
745331,2024-06-01,2024,669224,L,663855,R,double,False,False,98.0,0.202,14.0,14.29,12.0,12.24,0.617,0.119,26.29,12.5,13.32,25.82,24.62,14.43,69.0,0.25,12.0,17.39,3.0,4.35,0.81,0.281,28.48,16.48,10.99,27.47,38.03,14.46,125.0,0.224,23.0,18.4,14.0,11.2,0.646,0.094,24.03,10.73,14.94,25.67,27.87,14.47,109.0,0.225,27.0,24.77,16.0,14.68,0.6639999999999999,0.0779999999999999,28.89,12.53,15.18,27.71,26.27,23.89
745331,2024-06-01,2024,665828,L,663855,R,strikeout,True,False,126.0,0.233,22.0,17.46,8.0,6.35,0.64,0.12899999999999998,15.62,7.22,18.97,26.19,30.89,15.17,261.0,0.215,51.0,19.54,22.0,8.43,0.567,0.0679999999999999,22.29,10.93,14.34,25.28,25.97,17.65,125.0,0.224,23.0,18.4,14.0,11.2,0.646,0.094,24.03,10.73,14.94,25.67,27.87,14.47,109.0,0.225,27.0,24.77,16.0,14.68,0.6639999999999999,0.0779999999999999,28.89,12.53,15.18,27.71,26.27,23.89
745331,2024-06-01,2024,656305,R,573186,R,single,False,False,185.0,0.208,44.0,23.78,14.0,7.57,0.638,0.149,25.22,11.65,19.28,30.92,27.3,18.88,471.0,0.223,139.0,29.51,52.0,11.04,0.722,0.179,31.15,13.33,17.79,31.11,18.61,21.72,159.0,0.194,34.0,21.38,12.0,7.55,0.542,0.08400000000000002,28.24,12.07,19.09,31.16,30.03,19.54,264.0,0.272,60.0,22.73,17.0,6.44,0.712,0.122,25.22,11.88,16.45,28.32,28.57,21.9
745331,2024-06-01,2024,672275,L,573186,R,fielders_choice,False,False,102.0,0.299,18.0,17.65,11.0,10.78,0.86,0.195,20.6,10.1,12.81,22.91,27.0,16.22,240.0,0.203,70.0,29.17,13.0,5.42,0.5569999999999999,0.0989999999999999,26.61,12.88,17.55,30.43,28.93,23.81,126.0,0.25,21.0,16.67,17.0,13.49,0.857,0.25,16.51,6.94,17.53,24.47,25.35,13.12,311.0,0.194,59.0,18.97,35.0,11.25,0.575,0.0879999999999999,19.89,8.59,16.93,25.51,25.45,17.99
745331,2024-06-01,2024,624585,R,573186,R,sac_fly,False,False,137.0,0.189,31.0,22.63,13.0,9.49,0.591,0.139,27.78,13.38,14.91,28.3,28.41,20.95,446.0,0.242,111.0,24.89,46.0,10.31,0.788,0.22,27.97,12.22,16.15,28.37,25.71,21.19,159.0,0.194,34.0,21.38,12.0,7.55,0.542,0.08400000000000002,28.24,12.07,19.09,31.16,30.03,19.54,264.0,0.272,60.0,22.73,17.0,6.44,0.712,0.122,25.22,11.88,16.45,28.32,28.57,21.9
745331,2024-06-01,2024,689172,L,573186,R,grounded_into_double_play,False,False,23.0,0.273,6.0,26.09,0.0,0.0,0.579,0.044999999999999984,32.61,17.65,16.47,34.12,50.0,25.0,106.0,0.155,30.0,28.3,8.0,7.55,0.4639999999999999,0.092,28.32,14.65,14.19,28.83,32.6,19.86,126.0,0.25,21.0,16.67,17.0,13.49,0.857,0.25,16.51,6.94,17.53,24.47,25.35,13.12,311.0,0.194,59.0,18.97,35.0,11.25,0.575,0.0879999999999999,19.89,8.59,16.93,25.51,25.45,17.99
745331,2024-06-01,2024,663757,L,663855,R,field_out,False,False,38.0,0.033,10.0,26.32,7.0,18.42,0.349,0.1,26.0,7.43,26.86,34.29,6.1,20.41,412.0,0.178,118.0,28.64,56.0,13.59,0.623,0.147,29.65,12.55,17.63,30.18,22.3,21.15,125.0,0.224,23.0,18.4,14.0,11.2,0.646,0.094,24.03,10.73,14.94,25.67,27.87,14.47,109.0,0.225,27.0,24.77,16.0,14.68,0.6639999999999999,0.0779999999999999,28.89,12.53,15.18,27.71,26.27,23.89
745331,2024-06-01,2024,683011,R,663855,R,single,False,False,200.0,0.291,40.0,20.0,17.0,8.5,0.819,0.16600000000000004,22.25,10.42,18.02,28.44,29.43,17.62,467.0,0.198,132.0,28.27,36.0,7.71,0.624,0.1579999999999999,28.15,13.53,17.49,31.02,29.16,23.4,133.0,0.213,29.0,21.8,5.0,3.76,0.618,0.157,24.08,11.07,19.14,30.21,25.62,16.38,177.0,0.234,54.0,30.51,16.0,9.04,0.653,0.1139999999999999,27.76,11.0,22.57,33.57,28.9,25.84
745331,2024-06-01,2024,665742,L,663855,R,single,False,False,200.0,0.31,33.0,16.5,29.0,14.5,1.007,0.285,24.53,9.4,18.31,27.71,17.2,14.6,502.0,0.283,81.0,16.14,99.0,19.72,0.98,0.2730000000000001,18.45,6.31,19.31,25.62,15.09,14.14,125.0,0.224,23.0,18.4,14.0,11.2,0.646,0.094,24.03,10.73,14.94,25.67,27.87,14.47,109.0,0.225,27.0,24.77,16.0,14.68,0.6639999999999999,0.0779999999999999,28.89,12.53,15.18,27.71,26.27,23.89
745331,2024-06-01,2024,592450,R,663855,R,home_run,False,False,204.0,0.285,52.0,25.49,27.0,13.24,1.029,0.36000000000000004,31.28,13.86,14.34,28.2,19.91,20.8,384.0,0.266,109.0,28.39,77.0,20.05,1.011,0.3339999999999999,36.96,15.02,15.7,30.72,19.29,24.12,133.0,0.213,29.0,21.8,5.0,3.76,0.618,0.157,24.08,11.07,19.14,30.21,25.62,16.38,177.0,0.234,54.0,30.51,16.0,9.04,0.653,0.1139999999999999,27.76,11.0,22.57,33.57,28.9,25.84
745331,2024-06-01,2024,657077,L,663855,R,field_out,False,False,164.0,0.268,16.0,9.76,12.0,7.32,0.773,0.188,11.31,5.22,18.76,23.98,26.03,9.64,441.0,0.279,66.0,14.97,30.0,6.8,0.793,0.185,15.08,6.28,20.52,26.8,22.64,14.93,125.0,0.224,23.0,18.4,14.0,11.2,0.646,0.094,24.03,10.73,14.94,25.67,27.87,14.47,109.0,0.225,27.0,24.77,16.0,14.68,0.6639999999999999,0.0779999999999999,28.89,12.53,15.18,27.71,26.27,23.89
745331,2024-06-01,2024,650402,R,663855,R,field_out,False,False,183.0,0.228,42.0,22.95,16.0,8.74,0.635,0.10500000000000001,24.65,11.35,16.65,28.0,22.89,15.44,544.0,0.273,78.0,14.34,50.0,9.19,0.772,0.1589999999999999,21.74,10.32,15.57,25.89,26.86,11.29,133.0,0.213,29.0,21.8,5.0,3.76,0.618,0.157,24.08,11.07,19.14,30.21,25.62,16.38,177.0,0.234,54.0,30.51,16.0,9.04,0.653,0.1139999999999999,27.76,11.0,22.57,33.57,28.9,25.84
745331,2024-06-01,2024,671218,R,573186,R,strikeout,True,False,65.0,0.267,22.0,33.85,5.0,7.69,0.673,0.08299999999999996,32.77,14.66,16.54,31.2,28.97,26.83,14.0,0.154,4.0,28.57,1.0,7.14,0.368,0.0,30.43,14.58,18.75,33.33,26.09,50.0,159.0,0.194,34.0,21.38,12.0,7.55,0.542,0.08400000000000002,28.24,12.07,19.09,31.16,30.03,19.54,264.0,0.272,60.0,22.73,17.0,6.44,0.712,0.122,25.22,11.88,16.45,28.32,28.57,21.9
745331,2024-06-01,2024,670092,L,573186,R,single,False,False,6.0,0.2,2.0,33.33,1.0,16.67,0.533,0.0,20.0,6.67,26.67,33.33,23.53,18.18,,,,,,,,,,,,,,,126.0,0.25,21.0,16.67,17.0,13.49,0.857,0.25,16.51,6.94,17.53,24.47,25.35,13.12,311.0,0.194,59.0,18.97,35.0,11.25,0.575,0.0879999999999999,19.89,8.59,16.93,25.51,25.45,17.99
745331,2024-06-01,2024,682641,R,573186,R,grounded_into_double_play,False,False,63.0,0.226,4.0,6.35,1.0,1.59,0.544,0.07999999999999999,11.11,6.03,14.07,20.1,37.27,8.7,154.0,0.215,23.0,14.94,8.0,5.19,0.56,0.0839999999999999,20.15,9.82,15.18,25.0,27.53,17.29,159.0,0.194,34.0,21.38,12.0,7.55,0.542,0.08400000000000002,28.24,12.07,19.09,31.16,30.03,19.54,264.0,0.272,60.0,22.73,17.0,6.44,0.712,0.122,25.22,11.88,16.45,28.32,28.57,21.9
745331,2024-06-01,2024,519203,L,663855,R,single,False,False,175.0,0.264,31.0,17.71,12.0,6.86,0.754,0.16399999999999998,20.41,10.49,15.14,25.64,37.68,15.9,334.0,0.22,86.0,25.75,27.0,8.08,0.6739999999999999,0.146,25.23,12.17,17.7,29.87,34.73,19.95,125.0,0.224,23.0,18.4,14.0,11.2,0.646,0.094,24.03,10.73,14.94,25.67,27.87,14.47,109.0,0.225,27.0,24.77,16.0,14.68,0.6639999999999999,0.0779999999999999,28.89,12.53,15.18,27.71,26.27,23.89
745331,2024-06-01,2024,669224,L,663855,R,field_out,False,False,98.0,0.202,14.0,14.29,12.0,12.24,0.617,0.119,26.29,12.5,13.32,25.82,24.62,14.43,69.0,0.25,12.0,17.39,3.0,4.35,0.81,0.281,28.48,16.48,10.99,27.47,38.03,14.46,125.0,0.224,23.0,18.4,14.0,11.2,0.646,0.094,24.03,10.73,14.94,25.67,27.87,14.47,109.0,0.225,27.0,24.77,16.0,14.68,0.6639999999999999,0.0779999999999999,28.89,12.53,15.18,27.71,26.27,23.89
745331,2024-06-01,2024,665828,L,663855,R,grounded_into_double_play,False,False,126.0,0.233,22.0,17.46,8.0,6.35,0.64,0.12899999999999998,15.62,7.22,18.97,26.19,30.89,15.17,261.0,0.215,51.0,19.54,22.0,8.43,0.567,0.0679999999999999,22.29,10.93,14.34,25.28,25.97,17.65,125.0,0.224,23.0,18.4,14.0,11.2,0.646,0.094,24.03,10.73,14.94,25.67,27.87,14.47,109.0,0.225,27.0,24.77,16.0,14.68,0.6639999999999999,0.0779999999999999,28.89,12.53,15.18,27.71,26.27,23.89
745331,2024-06-01,2024,573262,L,573186,R,field_out,False,False,143.0,0.223,43.0,30.07,11.0,7.69,0.6759999999999999,0.169,26.82,11.18,18.69,29.87,19.0,23.24,296.0,0.243,75.0,25.34,40.0,13.51,0.831,0.235,23.69,9.65,18.67,28.32,20.68,19.69,126.0,0.25,21.0,16.67,17.0,13.49,0.857,0.25,16.51,6.94,17.53,24.47,25.35,13.12,311.0,0.194,59.0,18.97,35.0,11.25,0.575,0.0879999999999999,19.89,8.59,16.93,25.51,25.45,17.99
745331,2024-06-01,2024,642731,R,573186,R,field_out,False,False,175.0,0.257,33.0,18.86,5.0,2.86,0.717,0.174,19.47,9.61,19.38,28.99,35.62,19.08,380.0,0.276,84.0,22.11,15.0,3.95,0.767,0.172,21.44,11.24,17.01,28.25,38.17,20.1,159.0,0.194,34.0,21.38,12.0,7.55,0.542,0.08400000000000002,28.24,12.07,19.09,31.16,30.03,19.54,264.0,0.272,60.0,22.73,17.0,6.44,0.712,0.122,25.22,11.88,16.45,28.32,28.57,21.9
745331,2024-06-01,2024,656305,R,573186,R,field_out,False,False,185.0,0.208,44.0,23.78,14.0,7.57,0.638,0.149,25.22,11.65,19.28,30.92,27.3,18.88,471.0,0.223,139.0,29.51,52.0,11.04,0.722,0.179,31.15,13.33,17.79,31.11,18.61,21.72,159.0,0.194,34.0,21.38,12.0,7.55,0.542,0.08400000000000002,28.24,12.07,19.09,31.16,30.03,19.54,264.0,0.272,60.0,22.73,17.0,6.44,0.712,0.122,25.22,11.88,16.45,28.32,28.57,21.9
745331,2024-06-01,2024,663757,L,663855,R,strikeout,True,False,38.0,0.033,10.0,26.32,7.0,18.42,0.349,0.1,26.0,7.43,26.86,34.29,6.1,20.41,412.0,0.178,118.0,28.64,56.0,13.59,0.623,0.147,29.65,12.55,17.63,30.18,22.3,21.15,125.0,0.224,23.0,18.4,14.0,11.2,0.646,0.094,24.03,10.73,14.94,25.67,27.87,14.47,109.0,0.225,27.0,24.77,16.0,14.68,0.6639999999999999,0.0779999999999999,28.89,12.53,15.18,27.71,26.27,23.89
745331,2024-06-01,2024,683011,R,663855,R,field_out,False,False,200.0,0.291,40.0,20.0,17.0,8.5,0.819,0.16600000000000004,22.25,10.42,18.02,28.44,29.43,17.62,467.0,0.198,132.0,28.27,36.0,7.71,0.624,0.1579999999999999,28.15,13.53,17.49,31.02,29.16,23.4,133.0,0.213,29.0,21.8,5.0,3.76,0.618,0.157,24.08,11.07,19.14,30.21,25.62,16.38,177.0,0.234,54.0,30.51,16.0,9.04,0.653,0.1139999999999999,27.76,11.0,22.57,33.57,28.9,25.84
745331,2024-06-01,2024,665742,L,663855,R,field_out,False,False,200.0,0.31,33.0,16.5,29.0,14.5,1.007,0.285,24.53,9.4,18.31,27.71,17.2,14.6,502.0,0.283,81.0,16.14,99.0,19.72,0.98,0.2730000000000001,18.45,6.31,19.31,25.62,15.09,14.14,125.0,0.224,23.0,18.4,14.0,11.2,0.646,0.094,24.03,10.73,14.94,25.67,27.87,14.47,109.0,0.225,27.0,24.77,16.0,14.68,0.6639999999999999,0.0779999999999999,28.89,12.53,15.18,27.71,26.27,23.89
745331,2024-06-01,2024,672275,L,573186,R,single,False,False,102.0,0.299,18.0,17.65,11.0,10.78,0.86,0.195,20.6,10.1,12.81,22.91,27.0,16.22,240.0,0.203,70.0,29.17,13.0,5.42,0.5569999999999999,0.0989999999999999,26.61,12.88,17.55,30.43,28.93,23.81,126.0,0.25,21.0,16.67,17.0,13.49,0.857,0.25,16.51,6.94,17.53,24.47,25.35,13.12,311.0,0.194,59.0,18.97,35.0,11.25,0.575,0.0879999999999999,19.89,8.59,16.93,25.51,25.45,17.99
745331,2024-06-01,2024,624585,R,573186,R,double_play,False,False,137.0,0.189,31.0,22.63,13.0,9.49,0.591,0.139,27.78,13.38,14.91,28.3,28.41,20.95,446.0,0.242,111.0,24.89,46.0,10.31,0.788,0.22,27.97,12.22,16.15,28.37,25.71,21.19,159.0,0.194,34.0,21.38,12.0,7.55,0.542,0.08400000000000002,28.24,12.07,19.09,31.16,30.03,19.54,264.0,0.272,60.0,22.73,17.0,6.44,0.712,0.122,25.22,11.88,16.45,28.32,28.57,21.9
745331,2024-06-01,2024,689172,L,573186,R,field_out,False,False,23.0,0.273,6.0,26.09,0.0,0.0,0.579,0.044999999999999984,32.61,17.65,16.47,34.12,50.0,25.0,106.0,0.155,30.0,28.3,8.0,7.55,0.4639999999999999,0.092,28.32,14.65,14.19,28.83,32.6,19.86,126.0,0.25,21.0,16.67,17.0,13.49,0.857,0.25,16.51,6.94,17.53,24.47,25.35,13.12,311.0,0.194,59.0,18.97,35.0,11.25,0.575,0.0879999999999999,19.89,8.59,16.93,25.51,25.45,17.99
745331,2024-06-01,2024,592450,R,663855,R,home_run,False,False,204.0,0.285,52.0,25.49,27.0,13.24,1.029,0.36000000000000004,31.28,13.86,14.34,28.2,19.91,20.8,384.0,0.266,109.0,28.39,77.0,20.05,1.011,0.3339999999999999,36.96,15.02,15.7,30.72,19.29,24.12,133.0,0.213,29.0,21.8,5.0,3.76,0.618,0.157,24.08,11.07,19.14,30.21,25.62,16.38,177.0,0.234,54.0,30.51,16.0,9.04,0.653,0.1139999999999999,27.76,11.0,22.57,33.57,28.9,25.84
745331,2024-06-01,2024,657077,L,663855,R,field_out,False,False,164.0,0.268,16.0,9.76,12.0,7.32,0.773,0.188,11.31,5.22,18.76,23.98,26.03,9.64,441.0,0.279,66.0,14.97,30.0,6.8,0.793,0.185,15.08,6.28,20.52,26.8,22.64,14.93,125.0,0.224,23.0,18.4,14.0,11.2,0.646,0.094,24.03,10.73,14.94,25.67,27.87,14.47,109.0,0.225,27.0,24.77,16.0,14.68,0.6639999999999999,0.0779999999999999,28.89,12.53,15.18,27.71,26.27,23.89
745331,2024-06-01,2024,650402,R,663855,R,single,False,False,183.0,0.228,42.0,22.95,16.0,8.74,0.635,0.10500000000000001,24.65,11.35,16.65,28.0,22.89,15.44,544.0,0.273,78.0,14.34,50.0,9.19,0.772,0.1589999999999999,21.74,10.32,15.57,25.89,26.86,11.29,133.0,0.213,29.0,21.8,5.0,3.76,0.618,0.157,24.08,11.07,19.14,30.21,25.62,16.38,177.0,0.234,54.0,30.51,16.0,9.04,0.653,0.1139999999999999,27.76,11.0,22.57,33.57,28.9,25.84
745331,2024-06-01,2024,519203,L,573124,L,double,False,False,62.0,0.211,12.0,19.35,2.0,3.23,0.502,0.017000000000000015,19.63,9.68,17.05,26.73,27.52,21.82,87.0,0.333,11.0,12.64,8.0,9.2,0.825,0.0899999999999999,23.87,11.56,17.81,29.38,30.82,12.64,41.0,0.306,11.0,26.83,4.0,9.76,0.8340000000000001,0.138,28.12,11.11,21.6,32.72,24.69,29.73,103.0,0.101,39.0,37.86,11.0,10.68,0.3299999999999999,0.0229999999999999,32.18,13.05,23.78,36.83,25.84,25.83
745331,2024-06-01,2024,669224,L,573124,L,strikeout,True,False,15.0,0.214,5.0,33.33,1.0,6.67,0.481,0.0,41.67,19.23,25.0,44.23,37.5,38.46,6.0,0.0,2.0,33.33,0.0,0.0,0.0,0.0,45.45,21.74,13.04,34.78,25.0,100.0,41.0,0.306,11.0,26.83,4.0,9.76,0.8340000000000001,0.138,28.12,11.11,21.6,32.72,24.69,29.73,103.0,0.101,39.0,37.86,11.0,10.68,0.3299999999999999,0.0229999999999999,32.18,13.05,23.78,36.83,25.84,25.83
745331,2024-06-01,2024,665828,R,573124,L,field_out,False,False,43.0,0.244,8.0,18.6,2.0,4.65,0.5720000000000001,0.04899999999999999,13.75,6.92,18.87,25.79,31.94,15.09,70.0,0.2,21.0,30.0,3.0,4.29,0.597,0.1539999999999999,28.35,15.65,15.65,31.3,36.19,34.43,53.0,0.163,16.0,30.19,3.0,5.66,0.614,0.225,30.11,13.02,21.86,34.88,25.96,21.33,113.0,0.312,25.0,22.12,14.0,12.39,0.98,0.2609999999999999,21.26,8.83,21.48,30.31,29.61,23.15
745331,2024-06-01,2024,671218,R,573186,R,field_out,False,False,65.0,0.267,22.0,33.85,5.0,7.69,0.673,0.08299999999999996,32.77,14.66,16.54,31.2,28.97,26.83,14.0,0.154,4.0,28.57,1.0,7.14,0.368,0.0,30.43,14.58,18.75,33.33,26.09,50.0,159.0,0.194,34.0,21.38,12.0,7.55,0.542,0.08400000000000002,28.24,12.07,19.09,31.16,30.03,19.54,264.0,0.272,60.0,22.73,17.0,6.44,0.712,0.122,25.22,11.88,16.45,28.32,28.57,21.9
745331,2024-06-01,2024,670092,L,573186,R,walk,False,True,6.0,0.2,2.0,33.33,1.0,16.67,0.533,0.0,20.0,6.67,26.67,33.33,23.53,18.18,,,,,,,,,,,,,,,126.0,0.25,21.0,16.67,17.0,13.49,0.857,0.25,16.51,6.94,17.53,24.47,25.35,13.12,311.0,0.194,59.0,18.97,35.0,11.25,0.575,0.0879999999999999,19.89,8.59,16.93,25.51,25.45,17.99
745331,2024-06-01,2024,682641,R,573186,R,field_out,False,False,63.0,0.226,4.0,6.35,1.0,1.59,0.544,0.07999999999999999,11.11,6.03,14.07,20.1,37.27,8.7,154.0,0.215,23.0,14.94,8.0,5.19,0.56,0.0839999999999999,20.15,9.82,15.18,25.0,27.53,17.29,159.0,0.194,34.0,21.38,12.0,7.55,0.542,0.08400000000000002,28.24,12.07,19.09,31.16,30.03,19.54,264.0,0.272,60.0,22.73,17.0,6.44,0.712,0.122,25.22,11.88,16.45,28.32,28.57,21.9
745331,2024-06-01,2024,573262,L,573186,R,double,False,False,143.0,0.223,43.0,30.07,11.0,7.69,0.6759999999999999,0.169,26.82,11.18,18.69,29.87,19.0,23.24,296.0,0.243,75.0,25.34,40.0,13.51,0.831,0.235,23.69,9.65,18.67,28.32,20.68,19.69,126.0,0.25,21.0,16.67,17.0,13.49,0.857,0.25,16.51,6.94,17.53,24.47,25.35,13.12,311.0,0.194,59.0,18.97,35.0,11.25,0.575,0.0879999999999999,19.89,8.59,16.93,25.51,25.45,17.99
745331,2024-06-01,2024,642731,R,573186,R,field_out,False,False,175.0,0.257,33.0,18.86,5.0,2.86,0.717,0.174,19.47,9.61,19.38,28.99,35.62,19.08,380.0,0.276,84.0,22.11,15.0,3.95,0.767,0.172,21.44,11.24,17.01,28.25,38.17,20.1,159.0,0.194,34.0,21.38,12.0,7.55,0.542,0.08400000000000002,28.24,12.07,19.09,31.16,30.03,19.54,264.0,0.272,60.0,22.73,17.0,6.44,0.712,0.122,25.22,11.88,16.45,28.32,28.57,21.9
745331,2024-06-01,2024,663757,L,592426,R,field_out,False,False,38.0,0.033,10.0,26.32,7.0,18.42,0.349,0.1,26.0,7.43,26.86,34.29,6.1,20.41,412.0,0.178,118.0,28.64,56.0,13.59,0.623,0.147,29.65,12.55,17.63,30.18,22.3,21.15,34.0,0.333,7.0,20.59,6.0,17.65,0.96,0.186,27.69,13.04,14.49,27.54,33.75,17.07,45.0,0.263,12.0,26.67,6.0,13.33,0.7769999999999999,0.1579999999999999,35.14,16.15,16.15,32.3,28.21,26.09
745331,2024-06-01,2024,683011,R,592426,R,field_out,False,False,200.0,0.291,40.0,20.0,17.0,8.5,0.819,0.16600000000000004,22.25,10.42,18.02,28.44,29.43,17.62,467.0,0.198,132.0,28.27,36.0,7.71,0.624,0.1579999999999999,28.15,13.53,17.49,31.02,29.16,23.4,37.0,0.143,11.0,29.73,2.0,5.41,0.36,0.028000000000000025,25.61,13.55,13.55,27.1,37.97,18.03,98.0,0.182,31.0,31.63,9.0,9.18,0.5720000000000001,0.125,28.42,13.83,13.83,27.66,29.59,25.2
745331,2024-06-01,2024,665742,L,592426,R,field_out,False,False,200.0,0.31,33.0,16.5,29.0,14.5,1.007,0.285,24.53,9.4,18.31,27.71,17.2,14.6,502.0,0.283,81.0,16.14,99.0,19.72,0.98,0.2730000000000001,18.45,6.31,19.31,25.62,15.09,14.14,34.0,0.333,7.0,20.59,6.0,17.65,0.96,0.186,27.69,13.04,14.49,27.54,33.75,17.07,45.0,0.263,12.0,26.67,6.0,13.33,0.7769999999999999,0.1579999999999999,35.14,16.15,16.15,32.3,28.21,26.09
745331,2024-06-01,2024,656305,R,573186,R,field_out,False,False,185.0,0.208,44.0,23.78,14.0,7.57,0.638,0.149,25.22,11.65,19.28,30.92,27.3,18.88,471.0,0.223,139.0,29.51,52.0,11.04,0.722,0.179,31.15,13.33,17.79,31.11,18.61,21.72,159.0,0.194,34.0,21.38,12.0,7.55,0.542,0.08400000000000002,28.24,12.07,19.09,31.16,30.03,19.54,264.0,0.272,60.0,22.73,17.0,6.44,0.712,0.122,25.22,11.88,16.45,28.32,28.57,21.9
745331,2024-06-01,2024,672275,L,573186,R,walk,False,True,102.0,0.299,18.0,17.65,11.0,10.78,0.86,0.195,20.6,10.1,12.81,22.91,27.0,16.22,240.0,0.203,70.0,29.17,13.0,5.42,0.5569999999999999,0.0989999999999999,26.61,12.88,17.55,30.43,28.93,23.81,126.0,0.25,21.0,16.67,17.0,13.49,0.857,0.25,16.51,6.94,17.53,24.47,25.35,13.12,311.0,0.194,59.0,18.97,35.0,11.25,0.575,0.0879999999999999,19.89,8.59,16.93,25.51,25.45,17.99
745331,2024-06-01,2024,624585,R,573186,R,field_out,False,False,137.0,0.189,31.0,22.63,13.0,9.49,0.591,0.139,27.78,13.38,14.91,28.3,28.41,20.95,446.0,0.242,111.0,24.89,46.0,10.31,0.788,0.22,27.97,12.22,16.15,28.37,25.71,21.19,159.0,0.194,34.0,21.38,12.0,7.55,0.542,0.08400000000000002,28.24,12.07,19.09,31.16,30.03,19.54,264.0,0.272,60.0,22.73,17.0,6.44,0.712,0.122,25.22,11.88,16.45,28.32,28.57,21.9
745331,2024-06-01,2024,689172,L,573186,R,strikeout,True,False,23.0,0.273,6.0,26.09,0.0,0.0,0.579,0.044999999999999984,32.61,17.65,16.47,34.12,50.0,25.0,106.0,0.155,30.0,28.3,8.0,7.55,0.4639999999999999,0.092,28.32,14.65,14.19,28.83,32.6,19.86,126.0,0.25,21.0,16.67,17.0,13.49,0.857,0.25,16.51,6.94,17.53,24.47,25.35,13.12,311.0,0.194,59.0,18.97,35.0,11.25,0.575,0.0879999999999999,19.89,8.59,16.93,25.51,25.45,17.99
745331,2024-06-01,2024,592450,R,663546,R,field_out,False,False,204.0,0.285,52.0,25.49,27.0,13.24,1.029,0.36000000000000004,31.28,13.86,14.34,28.2,19.91,20.8,384.0,0.266,109.0,28.39,77.0,20.05,1.011,0.3339999999999999,36.96,15.02,15.7,30.72,19.29,24.12,52.0,0.26,14.0,26.92,1.0,1.92,0.628,0.08000000000000002,30.95,14.44,24.44,38.89,36.05,28.0,79.0,0.333,19.0,24.05,8.0,10.13,0.853,0.1019999999999999,21.37,8.56,22.6,31.16,26.67,26.03
745331,2024-06-01,2024,657077,L,663546,R,strikeout,True,False,164.0,0.268,16.0,9.76,12.0,7.32,0.773,0.188,11.31,5.22,18.76,23.98,26.03,9.64,441.0,0.279,66.0,14.97,30.0,6.8,0.793,0.185,15.08,6.28,20.52,26.8,22.64,14.93,42.0,0.158,8.0,19.05,3.0,7.14,0.615,0.23700000000000002,12.0,5.7,19.62,25.32,27.78,16.0,60.0,0.294,12.0,20.0,5.0,8.33,0.863,0.196,23.21,11.4,16.67,28.07,21.78,17.65
745331,2024-06-01,2024,650402,R,663546,R,field_out,False,False,183.0,0.228,42.0,22.95,16.0,8.74,0.635,0.10500000000000001,24.65,11.35,16.65,28.0,22.89,15.44,544.0,0.273,78.0,14.34,50.0,9.19,0.772,0.1589999999999999,21.74,10.32,15.57,25.89,26.86,11.29,52.0,0.26,14.0,26.92,1.0,1.92,0.628,0.08000000000000002,30.95,14.44,24.44,38.89,36.05,28.0,79.0,0.333,19.0,24.05,8.0,10.13,0.853,0.1019999999999999,21.37,8.56,22.6,31.16,26.67,26.03
745331,2024-06-01,2024,671218,R,573186,R,field_out,False,False,65.0,0.267,22.0,33.85,5.0,7.69,0.673,0.08299999999999996,32.77,14.66,16.54,31.2,28.97,26.83,14.0,0.154,4.0,28.57,1.0,7.14,0.368,0.0,30.43,14.58,18.75,33.33,26.09,50.0,159.0,0.194,34.0,21.38,12.0,7.55,0.542,0.08400000000000002,28.24,12.07,19.09,31.16,30.03,19.54,264.0,0.272,60.0,22.73,17.0,6.44,0.712,0.122,25.22,11.88,16.45,28.32,28.57,21.9
745331,2024-06-01,2024,670092,L,596133,R,strikeout,True,False,6.0,0.2,2.0,33.33,1.0,16.67,0.533,0.0,20.0,6.67,26.67,33.33,23.53,18.18,,,,,,,,,,,,,,,64.0,0.155,22.0,34.38,4.0,6.25,0.495,0.12100000000000002,36.43,17.34,16.61,33.95,32.89,26.51,270.0,0.281,49.0,18.15,25.0,9.26,0.873,0.244,22.2,9.96,16.57,26.54,23.79,17.13
745331,2024-06-01,2024,682641,R,596133,R,field_out,False,False,63.0,0.226,4.0,6.35,1.0,1.59,0.544,0.07999999999999999,11.11,6.03,14.07,20.1,37.27,8.7,154.0,0.215,23.0,14.94,8.0,5.19,0.56,0.0839999999999999,20.15,9.82,15.18,25.0,27.53,17.29,73.0,0.152,17.0,23.29,3.0,4.11,0.526,0.166,23.27,12.94,12.24,25.17,33.76,15.09,294.0,0.319,60.0,20.41,15.0,5.1,0.948,0.2709999999999999,21.2,10.46,15.26,25.72,26.0,16.13
745331,2024-06-01,2024,519203,L,663546,R,field_out,False,False,175.0,0.264,31.0,17.71,12.0,6.86,0.754,0.16399999999999998,20.41,10.49,15.14,25.64,37.68,15.9,334.0,0.22,86.0,25.75,27.0,8.08,0.6739999999999999,0.146,25.23,12.17,17.7,29.87,34.73,19.95,42.0,0.158,8.0,19.05,3.0,7.14,0.615,0.23700000000000002,12.0,5.7,19.62,25.32,27.78,16.0,60.0,0.294,12.0,20.0,5.0,8.33,0.863,0.196,23.21,11.4,16.67,28.07,21.78,17.65
745331,2024-06-01,2024,669224,L,663546,R,field_out,False,False,98.0,0.202,14.0,14.29,12.0,12.24,0.617,0.119,26.29,12.5,13.32,25.82,24.62,14.43,69.0,0.25,12.0,17.39,3.0,4.35,0.81,0.281,28.48,16.48,10.99,27.47,38.03,14.46,42.0,0.158,8.0,19.05,3.0,7.14,0.615,0.23700000000000002,12.0,5.7,19.62,25.32,27.78,16.0,60.0,0.294,12.0,20.0,5.0,8.33,0.863,0.196,23.21,11.4,16.67,28.07,21.78,17.65
745331,2024-06-01,2024,665828,L,663546,R,field_out,False,False,126.0,0.233,22.0,17.46,8.0,6.35,0.64,0.12899999999999998,15.62,7.22,18.97,26.19,30.89,15.17,261.0,0.215,51.0,19.54,22.0,8.43,0.567,0.0679999999999999,22.29,10.93,14.34,25.28,25.97,17.65,42.0,0.158,8.0,19.05,3.0,7.14,0.615,0.23700000000000002,12.0,5.7,19.62,25.32,27.78,16.0,60.0,0.294,12.0,20.0,5.0,8.33,0.863,0.196,23.21,11.4,16.67,28.07,21.78,17.65
745331,2024-06-01,2024,573262,L,596133,R,field_out,False,False,143.0,0.223,43.0,30.07,11.0,7.69,0.6759999999999999,0.169,26.82,11.18,18.69,29.87,19.0,23.24,296.0,0.243,75.0,25.34,40.0,13.51,0.831,0.235,23.69,9.65,18.67,28.32,20.68,19.69,64.0,0.155,22.0,34.38,4.0,6.25,0.495,0.12100000000000002,36.43,17.34,16.61,33.95,32.89,26.51,270.0,0.281,49.0,18.15,25.0,9.26,0.873,0.244,22.2,9.96,16.57,26.54,23.79,17.13
745331,2024-06-01,2024,642731,R,596133,R,single,False,False,175.0,0.257,33.0,18.86,5.0,2.86,0.717,0.174,19.47,9.61,19.38,28.99,35.62,19.08,380.0,0.276,84.0,22.11,15.0,3.95,0.767,0.172,21.44,11.24,17.01,28.25,38.17,20.1,73.0,0.152,17.0,23.29,3.0,4.11,0.526,0.166,23.27,12.94,12.24,25.17,33.76,15.09,294.0,0.319,60.0,20.41,15.0,5.1,0.948,0.2709999999999999,21.2,10.46,15.26,25.72,26.0,16.13
745331,2024-06-01,2024,656305,R,596133,R,field_out,False,False,185.0,0.208,44.0,23.78,14.0,7.57,0.638,0.149,25.22,11.65,19.28,30.92,27.3,18.88,471.0,0.223,139.0,29.51,52.0,11.04,0.722,0.179,31.15,13.33,17.79,31.11,18.61,21.72,73.0,0.152,17.0,23.29,3.0,4.11,0.526,0.166,23.27,12.94,12.24,25.17,33.76,15.09,294.0,0.319,60.0,20.41,15.0,5.1,0.948,0.2709999999999999,21.2,10.46,15.26,25.72,26.0,16.13
745331,2024-06-01,2024,672275,L,596133,R,field_out,False,False,102.0,0.299,18.0,17.65,11.0,10.78,0.86,0.195,20.6,10.1,12.81,22.91,27.0,16.22,240.0,0.203,70.0,29.17,13.0,5.42,0.5569999999999999,0.0989999999999999,26.61,12.88,17.55,30.43,28.93,23.81,64.0,0.155,22.0,34.38,4.0,6.25,0.495,0.12100000000000002,36.43,17.34,16.61,33.95,32.89,26.51,270.0,0.281,49.0,18.15,25.0,9.26,0.873,0.244,22.2,9.96,16.57,26.54,23.79,17.13
746140,2024-06-01,2024,453568,L,621111,R,single,False,False,146.0,0.242,19.0,13.01,11.0,7.53,0.696,0.14400000000000002,18.32,9.23,16.42,25.65,36.53,12.18,309.0,0.272,48.0,15.53,26.0,8.41,0.7909999999999999,0.1689999999999999,21.84,10.67,16.05,26.72,30.66,16.11,55.0,0.353,14.0,25.45,2.0,3.64,1.016,0.274,20.87,10.13,18.99,29.11,28.44,16.28,,,,,,,,,,,,,,
746140,2024-06-01,2024,678662,R,621111,R,single,False,False,180.0,0.302,53.0,29.44,5.0,2.78,0.821,0.189,35.22,22.14,9.81,31.95,46.76,23.35,438.0,0.256,109.0,24.89,17.0,3.88,0.69,0.143,29.47,17.51,10.44,27.95,41.11,20.49,51.0,0.178,10.0,19.61,5.0,9.8,0.653,0.2,16.18,6.18,21.35,27.53,12.79,28.57,,,,,,,,,,,,,,
746140,2024-06-01,2024,641857,L,621111,R,strikeout,True,False,163.0,0.255,41.0,25.15,18.0,11.04,0.768,0.178,25.23,11.88,15.56,27.44,27.98,17.08,449.0,0.26,141.0,31.4,52.0,11.58,0.826,0.2209999999999999,31.26,14.84,14.94,29.79,25.26,20.41,55.0,0.353,14.0,25.45,2.0,3.64,1.016,0.274,20.87,10.13,18.99,29.11,28.44,16.28,,,,,,,,,,,,,,
746140,2024-06-01,2024,553869,R,621111,R,walk,False,True,131.0,0.286,25.0,19.08,8.0,6.11,0.756,0.126,29.84,16.35,12.1,28.45,34.32,17.61,383.0,0.298,92.0,24.02,23.0,6.01,0.777,0.14,29.34,15.86,11.31,27.17,35.61,20.22,51.0,0.178,10.0,19.61,5.0,9.8,0.653,0.2,16.18,6.18,21.35,27.53,12.79,28.57,,,,,,,,,,,,,,
746140,2024-06-01,2024,592178,R,621111,R,strikeout,True,False,73.0,0.2,23.0,31.51,9.0,12.33,0.675,0.133,39.42,18.43,15.36,33.79,30.3,24.47,263.0,0.239,55.0,20.91,24.0,9.13,0.673,0.1109999999999999,25.91,11.98,15.64,27.62,26.79,19.86,51.0,0.178,10.0,19.61,5.0,9.8,0.653,0.2,16.18,6.18,21.35,27.53,12.79,28.57,,,,,,,,,,,,,,
746140,2024-06-01,2024,663898,R,621111,R,strikeout,True,False,158.0,0.255,41.0,25.95,9.0,5.7,0.633,0.08100000000000002,25.41,12.4,16.26,28.66,26.42,19.71,138.0,0.269,33.0,23.91,5.0,3.62,0.709,0.1389999999999999,27.31,13.83,17.45,31.28,33.92,25.0,51.0,0.178,10.0,19.61,5.0,9.8,0.653,0.2,16.18,6.18,21.35,27.53,12.79,28.57,,,,,,,,,,,,,,
746140,2024-06-01,2024,605141,R,641712,R,field_out,False,False,173.0,0.313,17.0,9.83,26.0,15.03,0.933,0.20400000000000001,14.73,5.53,20.23,25.76,18.06,8.25,509.0,0.309,85.0,16.7,66.0,12.97,0.949,0.237,17.85,6.92,20.25,27.17,17.64,15.12,138.0,0.238,16.0,11.59,12.0,8.7,0.657,0.09800000000000003,20.51,9.5,16.44,25.94,28.35,11.03,180.0,0.261,26.0,14.44,15.0,8.33,0.7709999999999999,0.1659999999999999,21.19,10.57,12.8,23.36,28.41,14.94
746140,2024-06-01,2024,660271,L,641712,R,field_out,False,False,158.0,0.343,32.0,20.25,19.0,12.03,1.135,0.36499999999999994,27.54,13.29,13.77,27.06,31.4,18.5,429.0,0.327,99.0,23.08,64.0,14.92,1.132,0.3739999999999999,32.88,15.48,11.59,27.07,28.86,20.75,119.0,0.267,15.0,12.61,17.0,14.29,0.766,0.129,17.05,6.54,18.74,25.27,15.52,13.76,174.0,0.305,19.0,10.92,19.0,10.92,0.837,0.15,18.95,8.36,15.94,24.3,20.62,13.01
746140,2024-06-01,2024,518692,L,641712,R,field_out,False,False,155.0,0.333,24.0,15.48,20.0,12.9,0.994,0.23499999999999993,19.79,9.28,12.21,21.5,23.49,14.29,514.0,0.33,81.0,15.76,57.0,11.09,0.962,0.218,19.83,9.77,11.31,21.08,27.01,16.63,119.0,0.267,15.0,12.61,17.0,14.29,0.766,0.129,17.05,6.54,18.74,25.27,15.52,13.76,174.0,0.305,19.0,10.92,19.0,10.92,0.837,0.15,18.95,8.36,15.94,24.3,20.62,13.01
746140,2024-06-01,2024,660707,R,621111,R,field_out,False,False,132.0,0.237,25.0,18.94,12.0,9.09,0.6779999999999999,0.136,26.56,14.08,13.46,27.54,35.52,18.25,196.0,0.249,69.0,35.2,12.0,6.12,0.729,0.1689999999999999,41.45,21.48,15.97,37.45,41.94,28.28,51.0,0.178,10.0,19.61,5.0,9.8,0.653,0.2,16.18,6.18,21.35,27.53,12.79,28.57,,,,,,,,,,,,,,
746140,2024-06-01,2024,686668,R,621111,R,walk,False,True,172.0,0.28,50.0,29.07,18.0,10.47,0.8140000000000001,0.173,32.57,15.89,15.57,31.46,27.78,27.32,299.0,0.207,98.0,32.78,17.0,5.69,0.597,0.131,34.17,17.56,14.33,31.89,31.96,31.51,51.0,0.178,10.0,19.61,5.0,9.8,0.653,0.2,16.18,6.18,21.35,27.53,12.79,28.57,,,,,,,,,,,,,,
746140,2024-06-01,2024,595909,L,621111,R,grounded_into_double_play,False,False,78.0,0.278,21.0,26.92,5.0,6.41,0.6679999999999999,0.06899999999999995,20.48,10.49,15.43,25.93,32.08,19.81,171.0,0.226,44.0,25.73,12.0,7.02,0.663,0.155,26.67,12.9,15.25,28.15,29.13,19.91,55.0,0.353,14.0,25.45,2.0,3.64,1.016,0.274,20.87,10.13,18.99,29.11,28.44,16.28,,,,,,,,,,,,,,
746140,2024-06-01,2024,669257,R,641712,R,field_out,False,False,144.0,0.231,26.0,18.06,9.0,6.25,0.6699999999999999,0.154,18.97,9.31,15.91,25.21,28.33,14.36,407.0,0.268,67.0,16.46,42.0,10.32,0.7949999999999999,0.1659999999999999,19.27,8.8,16.84,25.64,24.5,12.79,138.0,0.238,16.0,11.59,12.0,8.7,0.657,0.09800000000000003,20.51,9.5,16.44,25.94,28.35,11.03,180.0,0.261,26.0,14.44,15.0,8.33,0.7709999999999999,0.1659999999999999,21.19,10.57,12.8,23.36,28.41,14.94
746140,2024-06-01,2024,606192,R,641712,R,strikeout,True,False,171.0,0.257,54.0,31.58,16.0,9.36,0.782,0.19,35.69,18.32,13.01,31.33,29.0,21.77,529.0,0.249,164.0,31.0,33.0,6.24,0.718,0.1639999999999999,36.92,19.57,14.44,34.01,34.81,23.06,138.0,0.238,16.0,11.59,12.0,8.7,0.657,0.09800000000000003,20.51,9.5,16.44,25.94,28.35,11.03,180.0,0.261,26.0,14.44,15.0,8.33,0.7709999999999999,0.1659999999999999,21.19,10.57,12.8,23.36,28.41,14.94
746140,2024-06-01,2024,518792,L,641712,R,field_out,False,False,38.0,0.143,6.0,15.79,2.0,5.26,0.497,0.143,26.92,14.19,14.19,28.38,32.39,15.0,349.0,0.276,57.0,16.33,32.0,9.17,0.818,0.1949999999999999,20.45,9.51,16.77,26.27,27.56,15.45,119.0,0.267,15.0,12.61,17.0,14.29,0.766,0.129,17.05,6.54,18.74,25.27,15.52,13.76,174.0,0.305,19.0,10.92,19.0,10.92,0.837,0.15,18.95,8.36,15.94,24.3,20.62,13.01
746140,2024-06-01,2024,453568,L,621111,R,strikeout,True,False,146.0,0.242,19.0,13.01,11.0,7.53,0.696,0.14400000000000002,18.32,9.23,16.42,25.65,36.53,12.18,309.0,0.272,48.0,15.53,26.0,8.41,0.7909999999999999,0.1689999999999999,21.84,10.67,16.05,26.72,30.66,16.11,55.0,0.353,14.0,25.45,2.0,3.64,1.016,0.274,20.87,10.13,18.99,29.11,28.44,16.28,,,,,,,,,,,,,,
746140,2024-06-01,2024,678662,R,621111,R,single,False,False,180.0,0.302,53.0,29.44,5.0,2.78,0.821,0.189,35.22,22.14,9.81,31.95,46.76,23.35,438.0,0.256,109.0,24.89,17.0,3.88,0.69,0.143,29.47,17.51,10.44,27.95,41.11,20.49,51.0,0.178,10.0,19.61,5.0,9.8,0.653,0.2,16.18,6.18,21.35,27.53,12.79,28.57,,,,,,,,,,,,,,
746140,2024-06-01,2024,641857,L,621111,R,walk,False,True,163.0,0.255,41.0,25.15,18.0,11.04,0.768,0.178,25.23,11.88,15.56,27.44,27.98,17.08,449.0,0.26,141.0,31.4,52.0,11.58,0.826,0.2209999999999999,31.26,14.84,14.94,29.79,25.26,20.41,55.0,0.353,14.0,25.45,2.0,3.64,1.016,0.274,20.87,10.13,18.99,29.11,28.44,16.28,,,,,,,,,,,,,,
746140,2024-06-01,2024,553869,R,621111,R,field_out,False,False,131.0,0.286,25.0,19.08,8.0,6.11,0.756,0.126,29.84,16.35,12.1,28.45,34.32,17.61,383.0,0.298,92.0,24.02,23.0,6.01,0.777,0.14,29.34,15.86,11.31,27.17,35.61,20.22,51.0,0.178,10.0,19.61,5.0,9.8,0.653,0.2,16.18,6.18,21.35,27.53,12.79,28.57,,,,,,,,,,,,,,
746140,2024-06-01,2024,592178,R,621111,R,single,False,False,73.0,0.2,23.0,31.51,9.0,12.33,0.675,0.133,39.42,18.43,15.36,33.79,30.3,24.47,263.0,0.239,55.0,20.91,24.0,9.13,0.673,0.1109999999999999,25.91,11.98,15.64,27.62,26.79,19.86,51.0,0.178,10.0,19.61,5.0,9.8,0.653,0.2,16.18,6.18,21.35,27.53,12.79,28.57,,,,,,,,,,,,,,
746140,2024-06-01,2024,663898,R,621111,R,single,False,False,158.0,0.255,41.0,25.95,9.0,5.7,0.633,0.08100000000000002,25.41,12.4,16.26,28.66,26.42,19.71,138.0,0.269,33.0,23.91,5.0,3.62,0.709,0.1389999999999999,27.31,13.83,17.45,31.28,33.92,25.0,51.0,0.178,10.0,19.61,5.0,9.8,0.653,0.2,16.18,6.18,21.35,27.53,12.79,28.57,,,,,,,,,,,,,,
746140,2024-06-01,2024,660707,R,621111,R,walk,False,True,132.0,0.237,25.0,18.94,12.0,9.09,0.6779999999999999,0.136,26.56,14.08,13.46,27.54,35.52,18.25,196.0,0.249,69.0,35.2,12.0,6.12,0.729,0.1689999999999999,41.45,21.48,15.97,37.45,41.94,28.28,51.0,0.178,10.0,19.61,5.0,9.8,0.653,0.2,16.18,6.18,21.35,27.53,12.79,28.57,,,,,,,,,,,,,,
746140,2024-06-01,2024,686668,R,621111,R,field_out,False,False,172.0,0.28,50.0,29.07,18.0,10.47,0.8140000000000001,0.173,32.57,15.89,15.57,31.46,27.78,27.32,299.0,0.207,98.0,32.78,17.0,5.69,0.597,0.131,34.17,17.56,14.33,31.89,31.96,31.51,51.0,0.178,10.0,19.61,5.0,9.8,0.653,0.2,16.18,6.18,21.35,27.53,12.79,28.57,,,,,,,,,,,,,,
746140,2024-06-01,2024,666158,L,641712,R,field_out,False,False,138.0,0.228,29.0,21.01,11.0,7.97,0.613,0.095,19.34,8.61,18.13,26.74,18.43,17.68,,,,,,,,,,,,,,,119.0,0.267,15.0,12.61,17.0,14.29,0.766,0.129,17.05,6.54,18.74,25.27,15.52,13.76,174.0,0.305,19.0,10.92,19.0,10.92,0.837,0.15,18.95,8.36,15.94,24.3,20.62,13.01
746140,2024-06-01,2024,500743,R,641712,R,field_out,False,False,41.0,0.289,6.0,14.63,3.0,7.32,0.788,0.15800000000000003,16.39,6.9,20.69,27.59,22.39,17.65,279.0,0.21,36.0,12.9,18.0,6.45,0.546,0.068,19.79,9.92,16.53,26.45,34.53,12.9,138.0,0.238,16.0,11.59,12.0,8.7,0.657,0.09800000000000003,20.51,9.5,16.44,25.94,28.35,11.03,180.0,0.261,26.0,14.44,15.0,8.33,0.7709999999999999,0.1659999999999999,21.19,10.57,12.8,23.36,28.41,14.94
746140,2024-06-01,2024,681624,R,641712,R,single,False,False,121.0,0.207,36.0,29.75,4.0,3.31,0.61,0.153,30.26,17.48,11.3,28.78,35.53,20.69,,,,,,,,,,,,,,,138.0,0.238,16.0,11.59,12.0,8.7,0.657,0.09800000000000003,20.51,9.5,16.44,25.94,28.35,11.03,180.0,0.261,26.0,14.44,15.0,8.33,0.7709999999999999,0.1659999999999999,21.19,10.57,12.8,23.36,28.41,14.94
746140,2024-06-01,2024,605141,R,641712,R,field_out,False,False,173.0,0.313,17.0,9.83,26.0,15.03,0.933,0.20400000000000001,14.73,5.53,20.23,25.76,18.06,8.25,509.0,0.309,85.0,16.7,66.0,12.97,0.949,0.237,17.85,6.92,20.25,27.17,17.64,15.12,138.0,0.238,16.0,11.59,12.0,8.7,0.657,0.09800000000000003,20.51,9.5,16.44,25.94,28.35,11.03,180.0,0.261,26.0,14.44,15.0,8.33,0.7709999999999999,0.1659999999999999,21.19,10.57,12.8,23.36,28.41,14.94
746140,2024-06-01,2024,595909,L,621111,R,strikeout,True,False,78.0,0.278,21.0,26.92,5.0,6.41,0.6679999999999999,0.06899999999999995,20.48,10.49,15.43,25.93,32.08,19.81,171.0,0.226,44.0,25.73,12.0,7.02,0.663,0.155,26.67,12.9,15.25,28.15,29.13,19.91,55.0,0.353,14.0,25.45,2.0,3.64,1.016,0.274,20.87,10.13,18.99,29.11,28.44,16.28,,,,,,,,,,,,,,
746140,2024-06-01,2024,453568,L,621111,R,field_out,False,False,146.0,0.242,19.0,13.01,11.0,7.53,0.696,0.14400000000000002,18.32,9.23,16.42,25.65,36.53,12.18,309.0,0.272,48.0,15.53,26.0,8.41,0.7909999999999999,0.1689999999999999,21.84,10.67,16.05,26.72,30.66,16.11,55.0,0.353,14.0,25.45,2.0,3.64,1.016,0.274,20.87,10.13,18.99,29.11,28.44,16.28,,,,,,,,,,,,,,
746140,2024-06-01,2024,678662,R,621111,R,home_run,False,False,180.0,0.302,53.0,29.44,5.0,2.78,0.821,0.189,35.22,22.14,9.81,31.95,46.76,23.35,438.0,0.256,109.0,24.89,17.0,3.88,0.69,0.143,29.47,17.51,10.44,27.95,41.11,20.49,51.0,0.178,10.0,19.61,5.0,9.8,0.653,0.2,16.18,6.18,21.35,27.53,12.79,28.57,,,,,,,,,,,,,,
746140,2024-06-01,2024,641857,L,621111,R,field_out,False,False,163.0,0.255,41.0,25.15,18.0,11.04,0.768,0.178,25.23,11.88,15.56,27.44,27.98,17.08,449.0,0.26,141.0,31.4,52.0,11.58,0.826,0.2209999999999999,31.26,14.84,14.94,29.79,25.26,20.41,55.0,0.353,14.0,25.45,2.0,3.64,1.016,0.274,20.87,10.13,18.99,29.11,28.44,16.28,,,,,,,,,,,,,,
746140,2024-06-01,2024,660271,L,641712,R,field_out,False,False,158.0,0.343,32.0,20.25,19.0,12.03,1.135,0.36499999999999994,27.54,13.29,13.77,27.06,31.4,18.5,429.0,0.327,99.0,23.08,64.0,14.92,1.132,0.3739999999999999,32.88,15.48,11.59,27.07,28.86,20.75,119.0,0.267,15.0,12.61,17.0,14.29,0.766,0.129,17.05,6.54,18.74,25.27,15.52,13.76,174.0,0.305,19.0,10.92,19.0,10.92,0.837,0.15,18.95,8.36,15.94,24.3,20.62,13.01
746140,2024-06-01,2024,518692,L,641712,R,field_out,False,False,155.0,0.333,24.0,15.48,20.0,12.9,0.994,0.23499999999999993,19.79,9.28,12.21,21.5,23.49,14.29,514.0,0.33,81.0,15.76,57.0,11.09,0.962,0.218,19.83,9.77,11.31,21.08,27.01,16.63,119.0,0.267,15.0,12.61,17.0,14.29,0.766,0.129,17.05,6.54,18.74,25.27,15.52,13.76,174.0,0.305,19.0,10.92,19.0,10.92,0.837,0.15,18.95,8.36,15.94,24.3,20.62,13.01
746140,2024-06-01,2024,669257,R,641712,R,single,False,False,144.0,0.231,26.0,18.06,9.0,6.25,0.6699999999999999,0.154,18.97,9.31,15.91,25.21,28.33,14.36,407.0,0.268,67.0,16.46,42.0,10.32,0.7949999999999999,0.1659999999999999,19.27,8.8,16.84,25.64,24.5,12.79,138.0,0.238,16.0,11.59,12.0,8.7,0.657,0.09800000000000003,20.51,9.5,16.44,25.94,28.35,11.03,180.0,0.261,26.0,14.44,15.0,8.33,0.7709999999999999,0.1659999999999999,21.19,10.57,12.8,23.36,28.41,14.94
746140,2024-06-01,2024,606192,R,641712,R,field_out,False,False,171.0,0.257,54.0,31.58,16.0,9.36,0.782,0.19,35.69,18.32,13.01,31.33,29.0,21.77,529.0,0.249,164.0,31.0,33.0,6.24,0.718,0.1639999999999999,36.92,19.57,14.44,34.01,34.81,23.06,138.0,0.238,16.0,11.59,12.0,8.7,0.657,0.09800000000000003,20.51,9.5,16.44,25.94,28.35,11.03,180.0,0.261,26.0,14.44,15.0,8.33,0.7709999999999999,0.1659999999999999,21.19,10.57,12.8,23.36,28.41,14.94
746140,2024-06-01,2024,553869,R,621111,R,field_out,False,False,131.0,0.286,25.0,19.08,8.0,6.11,0.756,0.126,29.84,16.35,12.1,28.45,34.32,17.61,383.0,0.298,92.0,24.02,23.0,6.01,0.777,0.14,29.34,15.86,11.31,27.17,35.61,20.22,51.0,0.178,10.0,19.61,5.0,9.8,0.653,0.2,16.18,6.18,21.35,27.53,12.79,28.57,,,,,,,,,,,,,,
746140,2024-06-01,2024,592178,R,621111,R,field_out,False,False,73.0,0.2,23.0,31.51,9.0,12.33,0.675,0.133,39.42,18.43,15.36,33.79,30.3,24.47,263.0,0.239,55.0,20.91,24.0,9.13,0.673,0.1109999999999999,25.91,11.98,15.64,27.62,26.79,19.86,51.0,0.178,10.0,19.61,5.0,9.8,0.653,0.2,16.18,6.18,21.35,27.53,12.79,28.57,,,,,,,,,,,,,,
746140,2024-06-01,2024,663898,R,621111,R,strikeout,True,False,158.0,0.255,41.0,25.95,9.0,5.7,0.633,0.08100000000000002,25.41,12.4,16.26,28.66,26.42,19.71,138.0,0.269,33.0,23.91,5.0,3.62,0.709,0.1389999999999999,27.31,13.83,17.45,31.28,33.92,25.0,51.0,0.178,10.0,19.61,5.0,9.8,0.653,0.2,16.18,6.18,21.35,27.53,12.79,28.57,,,,,,,,,,,,,,
746140,2024-06-01,2024,518792,L,641712,R,field_out,False,False,38.0,0.143,6.0,15.79,2.0,5.26,0.497,0.143,26.92,14.19,14.19,28.38,32.39,15.0,349.0,0.276,57.0,16.33,32.0,9.17,0.818,0.1949999999999999,20.45,9.51,16.77,26.27,27.56,15.45,119.0,0.267,15.0,12.61,17.0,14.29,0.766,0.129,17.05,6.54,18.74,25.27,15.52,13.76,174.0,0.305,19.0,10.92,19.0,10.92,0.837,0.15,18.95,8.36,15.94,24.3,20.62,13.01
746140,2024-06-01,2024,666158,L,641712,R,single,False,False,138.0,0.228,29.0,21.01,11.0,7.97,0.613,0.095,19.34,8.61,18.13,26.74,18.43,17.68,,,,,,,,,,,,,,,119.0,0.267,15.0,12.61,17.0,14.29,0.766,0.129,17.05,6.54,18.74,25.27,15.52,13.76,174.0,0.305,19.0,10.92,19.0,10.92,0.837,0.15,18.95,8.36,15.94,24.3,20.62,13.01
746140,2024-06-01,2024,500743,R,641712,R,force_out,False,False,41.0,0.289,6.0,14.63,3.0,7.32,0.788,0.15800000000000003,16.39,6.9,20.69,27.59,22.39,17.65,279.0,0.21,36.0,12.9,18.0,6.45,0.546,0.068,19.79,9.92,16.53,26.45,34.53,12.9,138.0,0.238,16.0,11.59,12.0,8.7,0.657,0.09800000000000003,20.51,9.5,16.44,25.94,28.35,11.03,180.0,0.261,26.0,14.44,15.0,8.33,0.7709999999999999,0.1659999999999999,21.19,10.57,12.8,23.36,28.41,14.94
746140,2024-06-01,2024,681624,R,641712,R,strikeout,True,False,121.0,0.207,36.0,29.75,4.0,3.31,0.61,0.153,30.26,17.48,11.3,28.78,35.53,20.69,,,,,,,,,,,,,,,138.0,0.238,16.0,11.59,12.0,8.7,0.657,0.09800000000000003,20.51,9.5,16.44,25.94,28.35,11.03,180.0,0.261,26.0,14.44,15.0,8.33,0.7709999999999999,0.1659999999999999,21.19,10.57,12.8,23.36,28.41,14.94
746140,2024-06-01,2024,660707,R,621111,R,field_out,False,False,132.0,0.237,25.0,18.94,12.0,9.09,0.6779999999999999,0.136,26.56,14.08,13.46,27.54,35.52,18.25,196.0,0.249,69.0,35.2,12.0,6.12,0.729,0.1689999999999999,41.45,21.48,15.97,37.45,41.94,28.28,51.0,0.178,10.0,19.61,5.0,9.8,0.653,0.2,16.18,6.18,21.35,27.53,12.79,28.57,,,,,,,,,,,,,,
746140,2024-06-01,2024,686668,R,621111,R,field_out,False,False,172.0,0.28,50.0,29.07,18.0,10.47,0.8140000000000001,0.173,32.57,15.89,15.57,31.46,27.78,27.32,299.0,0.207,98.0,32.78,17.0,5.69,0.597,0.131,34.17,17.56,14.33,31.89,31.96,31.51,51.0,0.178,10.0,19.61,5.0,9.8,0.653,0.2,16.18,6.18,21.35,27.53,12.79,28.57,,,,,,,,,,,,,,
746140,2024-06-01,2024,595909,L,621111,R,strikeout,True,False,78.0,0.278,21.0,26.92,5.0,6.41,0.6679999999999999,0.06899999999999995,20.48,10.49,15.43,25.93,32.08,19.81,171.0,0.226,44.0,25.73,12.0,7.02,0.663,0.155,26.67,12.9,15.25,28.15,29.13,19.91,55.0,0.353,14.0,25.45,2.0,3.64,1.016,0.274,20.87,10.13,18.99,29.11,28.44,16.28,,,,,,,,,,,,,,
746140,2024-06-01,2024,605141,R,641712,R,field_out,False,False,173.0,0.313,17.0,9.83,26.0,15.03,0.933,0.20400000000000001,14.73,5.53,20.23,25.76,18.06,8.25,509.0,0.309,85.0,16.7,66.0,12.97,0.949,0.237,17.85,6.92,20.25,27.17,17.64,15.12,138.0,0.238,16.0,11.59,12.0,8.7,0.657,0.09800000000000003,20.51,9.5,16.44,25.94,28.35,11.03,180.0,0.261,26.0,14.44,15.0,8.33,0.7709999999999999,0.1659999999999999,21.19,10.57,12.8,23.36,28.41,14.94
746140,2024-06-01,2024,660271,L,641712,R,strikeout,True,False,158.0,0.343,32.0,20.25,19.0,12.03,1.135,0.36499999999999994,27.54,13.29,13.77,27.06,31.4,18.5,429.0,0.327,99.0,23.08,64.0,14.92,1.132,0.3739999999999999,32.88,15.48,11.59,27.07,28.86,20.75,119.0,0.267,15.0,12.61,17.0,14.29,0.766,0.129,17.05,6.54,18.74,25.27,15.52,13.76,174.0,0.305,19.0,10.92,19.0,10.92,0.837,0.15,18.95,8.36,15.94,24.3,20.62,13.01
746140,2024-06-01,2024,518692,L,641712,R,field_out,False,False,155.0,0.333,24.0,15.48,20.0,12.9,0.994,0.23499999999999993,19.79,9.28,12.21,21.5,23.49,14.29,514.0,0.33,81.0,15.76,57.0,11.09,0.962,0.218,19.83,9.77,11.31,21.08,27.01,16.63,119.0,0.267,15.0,12.61,17.0,14.29,0.766,0.129,17.05,6.54,18.74,25.27,15.52,13.76,174.0,0.305,19.0,10.92,19.0,10.92,0.837,0.15,18.95,8.36,15.94,24.3,20.62,13.01
746140,2024-06-01,2024,453568,L,607455,L,walk,False,True,38.0,0.242,1.0,2.63,5.0,13.16,0.675,0.09100000000000003,6.67,3.23,15.32,18.55,25.42,4.17,105.0,0.299,7.0,6.67,13.0,12.38,0.845,0.138,12.2,5.18,18.91,24.09,22.96,7.95,11.0,0.222,3.0,27.27,1.0,9.09,0.522,0.0,33.33,15.56,11.11,26.67,20.83,23.08,14.0,0.417,3.0,21.43,1.0,7.14,1.167,0.25,22.86,11.76,16.18,27.94,33.33,11.54
746140,2024-06-01,2024,678662,R,607455,L,field_out,False,False,68.0,0.274,21.0,30.88,5.0,7.35,0.776,0.178,36.31,21.92,9.62,31.54,39.37,25.93,177.0,0.246,57.0,32.2,8.0,4.52,0.708,0.185,35.75,21.54,12.35,33.89,44.38,25.56,14.0,0.083,2.0,14.29,2.0,14.29,0.297,0.0,4.17,1.79,14.29,16.07,16.0,18.18,21.0,0.25,3.0,14.29,4.0,19.05,0.631,0.0,20.83,10.75,12.9,23.66,31.82,8.82
746140,2024-06-01,2024,641857,L,607455,L,strikeout,True,False,80.0,0.338,22.0,27.5,10.0,12.5,0.9890000000000001,0.22100000000000003,27.92,12.57,17.25,29.82,27.38,20.75,178.0,0.191,57.0,32.02,16.0,8.99,0.573,0.118,35.23,16.38,16.64,33.03,25.79,24.15,11.0,0.222,3.0,27.27,1.0,9.09,0.522,0.0,33.33,15.56,11.11,26.67,20.83,23.08,14.0,0.417,3.0,21.43,1.0,7.14,1.167,0.25,22.86,11.76,16.18,27.94,33.33,11.54
746140,2024-06-01,2024,669257,R,641712,R,field_out,False,False,144.0,0.231,26.0,18.06,9.0,6.25,0.6699999999999999,0.154,18.97,9.31,15.91,25.21,28.33,14.36,407.0,0.268,67.0,16.46,42.0,10.32,0.7949999999999999,0.1659999999999999,19.27,8.8,16.84,25.64,24.5,12.79,138.0,0.238,16.0,11.59,12.0,8.7,0.657,0.09800000000000003,20.51,9.5,16.44,25.94,28.35,11.03,180.0,0.261,26.0,14.44,15.0,8.33,0.7709999999999999,0.1659999999999999,21.19,10.57,12.8,23.36,28.41,14.94
746140,2024-06-01,2024,606192,R,641712,R,field_out,False,False,171.0,0.257,54.0,31.58,16.0,9.36,0.782,0.19,35.69,18.32,13.01,31.33,29.0,21.77,529.0,0.249,164.0,31.0,33.0,6.24,0.718,0.1639999999999999,36.92,19.57,14.44,34.01,34.81,23.06,138.0,0.238,16.0,11.59,12.0,8.7,0.657,0.09800000000000003,20.51,9.5,16.44,25.94,28.35,11.03,180.0,0.261,26.0,14.44,15.0,8.33,0.7709999999999999,0.1659999999999999,21.19,10.57,12.8,23.36,28.41,14.94
746140,2024-06-01,2024,518792,L,641712,R,field_out,False,False,38.0,0.143,6.0,15.79,2.0,5.26,0.497,0.143,26.92,14.19,14.19,28.38,32.39,15.0,349.0,0.276,57.0,16.33,32.0,9.17,0.818,0.1949999999999999,20.45,9.51,16.77,26.27,27.56,15.45,119.0,0.267,15.0,12.61,17.0,14.29,0.766,0.129,17.05,6.54,18.74,25.27,15.52,13.76,174.0,0.305,19.0,10.92,19.0,10.92,0.837,0.15,18.95,8.36,15.94,24.3,20.62,13.01
746140,2024-06-01,2024,553869,R,670990,R,field_out,False,False,131.0,0.286,25.0,19.08,8.0,6.11,0.756,0.126,29.84,16.35,12.1,28.45,34.32,17.61,383.0,0.298,92.0,24.02,23.0,6.01,0.777,0.14,29.34,15.86,11.31,27.17,35.61,20.22,57.0,0.261,7.0,12.28,5.0,8.77,0.756,0.10899999999999999,21.69,8.49,20.28,28.77,22.12,15.56,102.0,0.233,23.0,22.55,9.0,8.82,0.6220000000000001,0.046,21.23,8.86,20.05,28.9,26.96,16.08
746140,2024-06-01,2024,592178,R,670990,R,field_out,False,False,73.0,0.2,23.0,31.51,9.0,12.33,0.675,0.133,39.42,18.43,15.36,33.79,30.3,24.47,263.0,0.239,55.0,20.91,24.0,9.13,0.673,0.1109999999999999,25.91,11.98,15.64,27.62,26.79,19.86,57.0,0.261,7.0,12.28,5.0,8.77,0.756,0.10899999999999999,21.69,8.49,20.28,28.77,22.12,15.56,102.0,0.233,23.0,22.55,9.0,8.82,0.6220000000000001,0.046,21.23,8.86,20.05,28.9,26.96,16.08
746140,2024-06-01,2024,663898,R,670990,R,field_out,False,False,158.0,0.255,41.0,25.95,9.0,5.7,0.633,0.08100000000000002,25.41,12.4,16.26,28.66,26.42,19.71,138.0,0.269,33.0,23.91,5.0,3.62,0.709,0.1389999999999999,27.31,13.83,17.45,31.28,33.92,25.0,57.0,0.261,7.0,12.28,5.0,8.77,0.756,0.10899999999999999,21.69,8.49,20.28,28.77,22.12,15.56,102.0,0.233,23.0,22.55,9.0,8.82,0.6220000000000001,0.046,21.23,8.86,20.05,28.9,26.96,16.08
746140,2024-06-01,2024,666158,L,641712,R,double,False,False,138.0,0.228,29.0,21.01,11.0,7.97,0.613,0.095,19.34,8.61,18.13,26.74,18.43,17.68,,,,,,,,,,,,,,,119.0,0.267,15.0,12.61,17.0,14.29,0.766,0.129,17.05,6.54,18.74,25.27,15.52,13.76,174.0,0.305,19.0,10.92,19.0,10.92,0.837,0.15,18.95,8.36,15.94,24.3,20.62,13.01
746140,2024-06-01,2024,500743,R,641712,R,walk,False,True,41.0,0.289,6.0,14.63,3.0,7.32,0.788,0.15800000000000003,16.39,6.9,20.69,27.59,22.39,17.65,279.0,0.21,36.0,12.9,18.0,6.45,0.546,0.068,19.79,9.92,16.53,26.45,34.53,12.9,138.0,0.238,16.0,11.59,12.0,8.7,0.657,0.09800000000000003,20.51,9.5,16.44,25.94,28.35,11.03,180.0,0.261,26.0,14.44,15.0,8.33,0.7709999999999999,0.1659999999999999,21.19,10.57,12.8,23.36,28.41,14.94
746140,2024-06-01,2024,681624,R,680767,R,single,False,False,121.0,0.207,36.0,29.75,4.0,3.31,0.61,0.153,30.26,17.48,11.3,28.78,35.53,20.69,,,,,,,,,,,,,,,78.0,0.338,20.0,25.64,7.0,8.97,0.8340000000000001,0.09899999999999998,21.79,9.71,16.57,26.29,26.37,15.87,27.0,0.333,7.0,25.93,3.0,11.11,0.782,0.0419999999999999,26.42,12.28,14.91,27.19,20.75,19.44
746140,2024-06-01,2024,605141,R,680767,R,grounded_into_double_play,False,False,173.0,0.313,17.0,9.83,26.0,15.03,0.933,0.20400000000000001,14.73,5.53,20.23,25.76,18.06,8.25,509.0,0.309,85.0,16.7,66.0,12.97,0.949,0.237,17.85,6.92,20.25,27.17,17.64,15.12,78.0,0.338,20.0,25.64,7.0,8.97,0.8340000000000001,0.09899999999999998,21.79,9.71,16.57,26.29,26.37,15.87,27.0,0.333,7.0,25.93,3.0,11.11,0.782,0.0419999999999999,26.42,12.28,14.91,27.19,20.75,19.44
746140,2024-06-01,2024,660271,L,680767,R,walk,False,True,158.0,0.343,32.0,20.25,19.0,12.03,1.135,0.36499999999999994,27.54,13.29,13.77,27.06,31.4,18.5,429.0,0.327,99.0,23.08,64.0,14.92,1.132,0.3739999999999999,32.88,15.48,11.59,27.07,28.86,20.75,60.0,0.185,5.0,8.33,6.0,10.0,0.489,0.037000000000000005,16.5,7.42,14.41,21.83,20.69,7.94,17.0,0.412,5.0,29.41,0.0,0.0,0.941,0.117,16.22,8.33,11.11,19.44,26.32,17.86
746140,2024-06-01,2024,518692,L,656222,L,strikeout,True,False,94.0,0.215,16.0,17.02,9.0,9.57,0.5900000000000001,0.06300000000000003,23.4,12.61,10.89,23.5,32.95,14.04,218.0,0.335,40.0,18.35,15.0,6.88,1.008,0.2739999999999999,21.54,11.31,11.07,22.38,26.41,16.0,38.0,0.188,9.0,23.68,6.0,15.79,0.597,0.09300000000000003,27.4,11.98,11.98,23.95,21.21,22.5,62.0,0.269,20.0,32.26,9.0,14.52,0.736,0.0959999999999999,34.23,14.84,15.62,30.47,25.0,25.0
746140,2024-06-01,2024,660707,R,670990,R,field_out,False,False,132.0,0.237,25.0,18.94,12.0,9.09,0.6779999999999999,0.136,26.56,14.08,13.46,27.54,35.52,18.25,196.0,0.249,69.0,35.2,12.0,6.12,0.729,0.1689999999999999,41.45,21.48,15.97,37.45,41.94,28.28,57.0,0.261,7.0,12.28,5.0,8.77,0.756,0.10899999999999999,21.69,8.49,20.28,28.77,22.12,15.56,102.0,0.233,23.0,22.55,9.0,8.82,0.6220000000000001,0.046,21.23,8.86,20.05,28.9,26.96,16.08
746140,2024-06-01,2024,686668,R,670990,R,walk,False,True,172.0,0.28,50.0,29.07,18.0,10.47,0.8140000000000001,0.173,32.57,15.89,15.57,31.46,27.78,27.32,299.0,0.207,98.0,32.78,17.0,5.69,0.597,0.131,34.17,17.56,14.33,31.89,31.96,31.51,57.0,0.261,7.0,12.28,5.0,8.77,0.756,0.10899999999999999,21.69,8.49,20.28,28.77,22.12,15.56,102.0,0.233,23.0,22.55,9.0,8.82,0.6220000000000001,0.046,21.23,8.86,20.05,28.9,26.96,16.08
746140,2024-06-01,2024,595909,L,670990,R,triple,False,False,78.0,0.278,21.0,26.92,5.0,6.41,0.6679999999999999,0.06899999999999995,20.48,10.49,15.43,25.93,32.08,19.81,171.0,0.226,44.0,25.73,12.0,7.02,0.663,0.155,26.67,12.9,15.25,28.15,29.13,19.91,35.0,0.233,11.0,31.43,3.0,8.57,0.676,0.1,36.54,13.48,18.44,31.91,21.52,34.38,74.0,0.311,12.0,16.22,8.0,10.81,0.907,0.1639999999999999,19.44,7.24,20.0,27.24,18.59,17.14
746140,2024-06-01,2024,453568,L,681911,L,field_out,False,False,38.0,0.242,1.0,2.63,5.0,13.16,0.675,0.09100000000000003,6.67,3.23,15.32,18.55,25.42,4.17,105.0,0.299,7.0,6.67,13.0,12.38,0.845,0.138,12.2,5.18,18.91,24.09,22.96,7.95,36.0,0.125,7.0,19.44,2.0,5.56,0.41900000000000004,0.094,26.98,12.98,15.27,28.24,22.95,15.91,93.0,0.279,31.0,33.33,6.0,6.45,0.7170000000000001,0.1049999999999999,35.26,18.31,12.57,30.87,30.39,26.27
746140,2024-06-01,2024,669257,R,656222,L,field_out,False,False,60.0,0.42,5.0,8.33,9.0,15.0,1.3199999999999998,0.39999999999999997,16.16,7.27,14.55,21.82,27.27,10.42,147.0,0.24,22.0,14.97,21.0,14.29,0.8,0.206,20.0,8.97,15.38,24.36,26.59,11.52,79.0,0.229,14.0,17.72,7.0,8.86,0.6519999999999999,0.12799999999999997,19.87,9.74,12.99,22.73,25.33,17.28,130.0,0.243,27.0,20.77,12.0,9.23,0.7090000000000001,0.148,29.39,14.08,15.55,29.62,28.21,22.31
746140,2024-06-01,2024,606192,R,656222,L,strikeout,True,False,65.0,0.27,16.0,24.62,2.0,3.08,0.879,0.31699999999999995,29.69,16.31,10.3,26.61,28.3,29.63,151.0,0.287,47.0,31.13,5.0,3.31,0.817,0.223,31.76,17.57,12.52,30.09,36.59,25.41,79.0,0.229,14.0,17.72,7.0,8.86,0.6519999999999999,0.12799999999999997,19.87,9.74,12.99,22.73,25.33,17.28,130.0,0.243,27.0,20.77,12.0,9.23,0.7090000000000001,0.148,29.39,14.08,15.55,29.62,28.21,22.31
746140,2024-06-01,2024,571771,R,656222,L,field_out,False,False,58.0,0.264,9.0,15.52,4.0,6.9,0.712,0.132,15.96,6.85,21.92,28.77,26.36,15.52,162.0,0.239,19.0,11.73,14.0,8.64,0.642,0.099,14.84,6.54,19.31,25.86,25.95,10.67,79.0,0.229,14.0,17.72,7.0,8.86,0.6519999999999999,0.12799999999999997,19.87,9.74,12.99,22.73,25.33,17.28,130.0,0.243,27.0,20.77,12.0,9.23,0.7090000000000001,0.148,29.39,14.08,15.55,29.62,28.21,22.31
745983,2024-06-01,2024,502054,R,668964,R,strikeout,True,False,104.0,0.3,19.0,18.27,4.0,3.85,0.7170000000000001,0.09000000000000002,21.39,8.83,22.2,31.03,19.25,15.45,304.0,0.262,71.0,23.36,28.0,9.21,0.767,0.173,26.61,10.98,19.38,30.37,21.23,21.19,60.0,0.278,17.0,28.33,4.0,6.67,0.9870000000000001,0.37,25.66,12.18,17.23,29.41,28.8,20.78,,,,,,,,,,,,,,
745983,2024-06-01,2024,670032,L,668964,R,walk,False,True,144.0,0.238,22.0,15.28,13.0,9.03,0.5920000000000001,0.040000000000000036,18.3,8.51,16.83,25.35,26.54,18.03,212.0,0.228,33.0,15.57,24.0,11.32,0.647,0.089,22.47,10.7,16.47,27.16,26.6,14.22,58.0,0.275,10.0,17.24,6.0,10.34,0.737,0.11699999999999999,16.67,7.51,16.9,24.41,30.7,19.61,,,,,,,,,,,,,,
745983,2024-06-01,2024,667452,R,668964,R,field_out,False,False,27.0,0.261,4.0,14.81,4.0,14.81,0.761,0.13,15.69,6.84,16.24,23.08,26.56,9.52,250.0,0.249,56.0,22.4,20.0,8.0,0.659,0.0979999999999999,26.42,11.51,19.54,31.05,28.57,19.44,60.0,0.278,17.0,28.33,4.0,6.67,0.9870000000000001,0.37,25.66,12.18,17.23,29.41,28.8,20.78,,,,,,,,,,,,,,
745983,2024-06-01,2024,668930,L,607200,R,single,False,False,178.0,0.31,29.0,16.29,14.0,7.87,0.8029999999999999,0.127,13.17,6.19,18.85,25.04,25.08,15.59,376.0,0.224,82.0,21.81,30.0,7.98,0.608,0.097,22.03,10.83,16.08,26.9,28.59,16.14,152.0,0.225,34.0,22.37,13.0,8.55,0.675,0.159,19.93,9.02,14.49,23.51,24.7,18.28,,,,,,,,,,,,,,
745983,2024-06-01,2024,661388,R,607200,R,single,False,False,205.0,0.326,36.0,17.56,22.0,10.73,0.93,0.199,29.69,13.84,13.97,27.81,23.0,16.74,434.0,0.262,94.0,21.66,42.0,9.68,0.72,0.119,27.61,11.63,19.55,31.17,24.86,18.08,137.0,0.23,32.0,23.36,9.0,6.57,0.649,0.12699999999999997,21.89,9.77,18.58,28.35,27.04,20.25,,,,,,,,,,,,,,
745983,2024-06-01,2024,592885,L,607200,R,strikeout,True,False,98.0,0.314,21.0,21.43,11.0,11.22,0.904,0.198,23.86,10.97,14.36,25.33,24.5,16.94,473.0,0.294,103.0,21.78,64.0,13.53,0.882,0.195,26.99,11.53,15.4,26.93,23.89,19.07,152.0,0.225,34.0,22.37,13.0,8.55,0.675,0.159,19.93,9.02,14.49,23.51,24.7,18.28,,,,,,,,,,,,,,
745983,2024-06-01,2024,642715,R,607200,R,walk,False,True,203.0,0.265,43.0,21.18,20.0,9.85,0.812,0.20499999999999996,30.67,14.54,15.3,29.84,26.33,18.3,480.0,0.212,117.0,24.38,47.0,9.79,0.702,0.194,32.44,16.53,12.85,29.38,32.69,19.28,137.0,0.23,32.0,23.36,9.0,6.57,0.649,0.12699999999999997,21.89,9.77,18.58,28.35,27.04,20.25,,,,,,,,,,,,,,
745983,2024-06-01,2024,641343,L,607200,R,strikeout,True,False,133.0,0.195,48.0,36.09,11.0,8.27,0.644,0.16899999999999998,31.4,14.37,18.71,33.08,22.27,29.81,244.0,0.205,83.0,34.02,26.0,10.66,0.72,0.228,32.78,14.71,16.21,30.93,23.65,23.92,152.0,0.225,34.0,22.37,13.0,8.55,0.675,0.159,19.93,9.02,14.49,23.51,24.7,18.28,,,,,,,,,,,,,,
745983,2024-06-01,2024,656555,R,607200,R,strikeout,True,False,140.0,0.254,33.0,23.57,15.0,10.71,0.842,0.238,24.39,9.52,21.27,30.79,21.73,15.94,,,,,,,,,,,,,,,137.0,0.23,32.0,23.36,9.0,6.57,0.649,0.12699999999999997,21.89,9.77,18.58,28.35,27.04,20.25,,,,,,,,,,,,,,
745983,2024-06-01,2024,657757,L,668964,R,field_out,False,False,170.0,0.252,24.0,14.12,24.0,14.12,0.794,0.175,19.21,8.38,17.63,26.01,28.23,10.96,324.0,0.212,58.0,17.9,28.0,8.64,0.63,0.1369999999999999,20.44,9.67,14.66,24.33,29.35,14.25,58.0,0.275,10.0,17.24,6.0,10.34,0.737,0.11699999999999999,16.67,7.51,16.9,24.41,30.7,19.61,,,,,,,,,,,,,,
745983,2024-06-01,2024,686676,R,668964,R,strikeout,True,False,97.0,0.275,26.0,26.8,5.0,5.15,0.7849999999999999,0.19799999999999995,38.46,21.49,11.75,33.24,31.85,22.61,47.0,0.116,12.0,25.53,4.0,8.51,0.4,0.0929999999999999,33.71,18.07,13.25,31.33,34.15,23.53,60.0,0.278,17.0,28.33,4.0,6.67,0.9870000000000001,0.37,25.66,12.18,17.23,29.41,28.8,20.78,,,,,,,,,,,,,,
745983,2024-06-01,2024,643217,L,668964,R,field_out,False,False,158.0,0.22,24.0,15.19,7.0,4.43,0.56,0.087,16.42,7.91,18.1,26.01,26.95,15.29,486.0,0.261,67.0,13.79,42.0,8.64,0.67,0.082,19.05,9.13,14.74,23.87,26.13,13.62,58.0,0.275,10.0,17.24,6.0,10.34,0.737,0.11699999999999999,16.67,7.51,16.9,24.41,30.7,19.61,,,,,,,,,,,,,,
745983,2024-06-01,2024,686217,L,607200,R,single,False,False,180.0,0.259,34.0,18.89,20.0,11.11,0.679,0.07,15.56,6.12,22.59,28.72,26.06,17.26,180.0,0.261,30.0,16.67,23.0,12.78,0.722,0.1049999999999999,15.26,6.63,20.31,26.94,29.52,13.18,152.0,0.225,34.0,22.37,13.0,8.55,0.675,0.159,19.93,9.02,14.49,23.51,24.7,18.28,,,,,,,,,,,,,,
745983,2024-06-01,2024,687401,R,607200,R,double,False,False,116.0,0.333,14.0,12.07,14.0,12.07,1.0,0.25299999999999995,15.47,6.09,21.52,27.61,21.78,10.61,13.0,0.077,3.0,23.08,0.0,0.0,0.2309999999999999,0.077,15.79,8.11,21.62,29.73,26.67,33.33,137.0,0.23,32.0,23.36,9.0,6.57,0.649,0.12699999999999997,21.89,9.77,18.58,28.35,27.04,20.25,,,,,,,,,,,,,,
745983,2024-06-01,2024,663368,L,607200,R,strikeout,True,False,140.0,0.266,39.0,27.86,12.0,8.57,0.738,0.129,30.7,12.31,21.64,33.96,23.55,27.86,110.0,0.231,33.0,30.0,17.0,15.45,0.715,0.1319999999999999,24.04,9.0,23.31,32.31,18.26,20.5,152.0,0.225,34.0,22.37,13.0,8.55,0.675,0.159,19.93,9.02,14.49,23.51,24.7,18.28,,,,,,,,,,,,,,
745983,2024-06-01,2024,668930,L,607200,R,strikeout,True,False,178.0,0.31,29.0,16.29,14.0,7.87,0.8029999999999999,0.127,13.17,6.19,18.85,25.04,25.08,15.59,376.0,0.224,82.0,21.81,30.0,7.98,0.608,0.097,22.03,10.83,16.08,26.9,28.59,16.14,152.0,0.225,34.0,22.37,13.0,8.55,0.675,0.159,19.93,9.02,14.49,23.51,24.7,18.28,,,,,,,,,,,,,,
745983,2024-06-01,2024,661388,R,607200,R,field_out,False,False,205.0,0.326,36.0,17.56,22.0,10.73,0.93,0.199,29.69,13.84,13.97,27.81,23.0,16.74,434.0,0.262,94.0,21.66,42.0,9.68,0.72,0.119,27.61,11.63,19.55,31.17,24.86,18.08,137.0,0.23,32.0,23.36,9.0,6.57,0.649,0.12699999999999997,21.89,9.77,18.58,28.35,27.04,20.25,,,,,,,,,,,,,,
745983,2024-06-01,2024,657557,R,668964,R,home_run,False,False,133.0,0.266,46.0,34.59,5.0,3.76,0.792,0.20999999999999996,33.56,19.76,8.89,28.66,33.19,27.22,281.0,0.203,86.0,30.6,12.0,4.27,0.603,0.1539999999999999,36.49,19.09,15.38,34.47,35.28,34.68,60.0,0.278,17.0,28.33,4.0,6.67,0.9870000000000001,0.37,25.66,12.18,17.23,29.41,28.8,20.78,,,,,,,,,,,,,,
745983,2024-06-01,2024,664901,R,668964,R,hit_by_pitch,False,False,58.0,0.164,19.0,32.76,1.0,1.72,0.41100000000000003,0.05399999999999999,31.78,15.81,19.07,34.88,31.68,27.94,29.0,0.12,5.0,17.24,3.0,10.34,0.4539999999999999,0.12,26.53,11.21,21.55,32.76,20.83,12.5,60.0,0.278,17.0,28.33,4.0,6.67,0.9870000000000001,0.37,25.66,12.18,17.23,29.41,28.8,20.78,,,,,,,,,,,,,,
745983,2024-06-01,2024,455117,R,668964,R,field_out,False,False,67.0,0.113,25.0,37.31,4.0,5.97,0.344,0.06399999999999999,37.01,18.88,18.47,37.35,34.82,32.43,308.0,0.175,104.0,33.77,20.0,6.49,0.538,0.124,33.85,16.55,17.4,33.96,32.93,28.3,60.0,0.278,17.0,28.33,4.0,6.67,0.9870000000000001,0.37,25.66,12.18,17.23,29.41,28.8,20.78,,,,,,,,,,,,,,
745983,2024-06-01,2024,502054,R,668964,R,single,False,False,104.0,0.3,19.0,18.27,4.0,3.85,0.7170000000000001,0.09000000000000002,21.39,8.83,22.2,31.03,19.25,15.45,304.0,0.262,71.0,23.36,28.0,9.21,0.767,0.173,26.61,10.98,19.38,30.37,21.23,21.19,60.0,0.278,17.0,28.33,4.0,6.67,0.9870000000000001,0.37,25.66,12.18,17.23,29.41,28.8,20.78,,,,,,,,,,,,,,
745983,2024-06-01,2024,670032,L,668964,R,strikeout,True,False,144.0,0.238,22.0,15.28,13.0,9.03,0.5920000000000001,0.040000000000000036,18.3,8.51,16.83,25.35,26.54,18.03,212.0,0.228,33.0,15.57,24.0,11.32,0.647,0.089,22.47,10.7,16.47,27.16,26.6,14.22,58.0,0.275,10.0,17.24,6.0,10.34,0.737,0.11699999999999999,16.67,7.51,16.9,24.41,30.7,19.61,,,,,,,,,,,,,,
745983,2024-06-01,2024,667452,R,668964,R,double,False,False,27.0,0.261,4.0,14.81,4.0,14.81,0.761,0.13,15.69,6.84,16.24,23.08,26.56,9.52,250.0,0.249,56.0,22.4,20.0,8.0,0.659,0.0979999999999999,26.42,11.51,19.54,31.05,28.57,19.44,60.0,0.278,17.0,28.33,4.0,6.67,0.9870000000000001,0.37,25.66,12.18,17.23,29.41,28.8,20.78,,,,,,,,,,,,,,
745983,2024-06-01,2024,657757,L,668964,R,field_out,False,False,170.0,0.252,24.0,14.12,24.0,14.12,0.794,0.175,19.21,8.38,17.63,26.01,28.23,10.96,324.0,0.212,58.0,17.9,28.0,8.64,0.63,0.1369999999999999,20.44,9.67,14.66,24.33,29.35,14.25,58.0,0.275,10.0,17.24,6.0,10.34,0.737,0.11699999999999999,16.67,7.51,16.9,24.41,30.7,19.61,,,,,,,,,,,,,,
745983,2024-06-01,2024,592885,L,607200,R,double,False,False,98.0,0.314,21.0,21.43,11.0,11.22,0.904,0.198,23.86,10.97,14.36,25.33,24.5,16.94,473.0,0.294,103.0,21.78,64.0,13.53,0.882,0.195,26.99,11.53,15.4,26.93,23.89,19.07,152.0,0.225,34.0,22.37,13.0,8.55,0.675,0.159,19.93,9.02,14.49,23.51,24.7,18.28,,,,,,,,,,,,,,
745983,2024-06-01,2024,642715,R,607200,R,strikeout,True,False,203.0,0.265,43.0,21.18,20.0,9.85,0.812,0.20499999999999996,30.67,14.54,15.3,29.84,26.33,18.3,480.0,0.212,117.0,24.38,47.0,9.79,0.702,0.194,32.44,16.53,12.85,29.38,32.69,19.28,137.0,0.23,32.0,23.36,9.0,6.57,0.649,0.12699999999999997,21.89,9.77,18.58,28.35,27.04,20.25,,,,,,,,,,,,,,
745983,2024-06-01,2024,641343,L,607200,R,field_out,False,False,133.0,0.195,48.0,36.09,11.0,8.27,0.644,0.16899999999999998,31.4,14.37,18.71,33.08,22.27,29.81,244.0,0.205,83.0,34.02,26.0,10.66,0.72,0.228,32.78,14.71,16.21,30.93,23.65,23.92,152.0,0.225,34.0,22.37,13.0,8.55,0.675,0.159,19.93,9.02,14.49,23.51,24.7,18.28,,,,,,,,,,,,,,
745983,2024-06-01,2024,656555,R,607200,R,field_out,False,False,140.0,0.254,33.0,23.57,15.0,10.71,0.842,0.238,24.39,9.52,21.27,30.79,21.73,15.94,,,,,,,,,,,,,,,137.0,0.23,32.0,23.36,9.0,6.57,0.649,0.12699999999999997,21.89,9.77,18.58,28.35,27.04,20.25,,,,,,,,,,,,,,
745983,2024-06-01,2024,686676,R,668964,R,strikeout,True,False,97.0,0.275,26.0,26.8,5.0,5.15,0.7849999999999999,0.19799999999999995,38.46,21.49,11.75,33.24,31.85,22.61,47.0,0.116,12.0,25.53,4.0,8.51,0.4,0.0929999999999999,33.71,18.07,13.25,31.33,34.15,23.53,60.0,0.278,17.0,28.33,4.0,6.67,0.9870000000000001,0.37,25.66,12.18,17.23,29.41,28.8,20.78,,,,,,,,,,,,,,
745983,2024-06-01,2024,643217,L,668964,R,single,False,False,158.0,0.22,24.0,15.19,7.0,4.43,0.56,0.087,16.42,7.91,18.1,26.01,26.95,15.29,486.0,0.261,67.0,13.79,42.0,8.64,0.67,0.082,19.05,9.13,14.74,23.87,26.13,13.62,58.0,0.275,10.0,17.24,6.0,10.34,0.737,0.11699999999999999,16.67,7.51,16.9,24.41,30.7,19.61,,,,,,,,,,,,,,
745983,2024-06-01,2024,657557,R,668964,R,double,False,False,133.0,0.266,46.0,34.59,5.0,3.76,0.792,0.20999999999999996,33.56,19.76,8.89,28.66,33.19,27.22,281.0,0.203,86.0,30.6,12.0,4.27,0.603,0.1539999999999999,36.49,19.09,15.38,34.47,35.28,34.68,60.0,0.278,17.0,28.33,4.0,6.67,0.9870000000000001,0.37,25.66,12.18,17.23,29.41,28.8,20.78,,,,,,,,,,,,,,
745983,2024-06-01,2024,664901,R,668964,R,fielders_choice_out,False,False,58.0,0.164,19.0,32.76,1.0,1.72,0.41100000000000003,0.05399999999999999,31.78,15.81,19.07,34.88,31.68,27.94,29.0,0.12,5.0,17.24,3.0,10.34,0.4539999999999999,0.12,26.53,11.21,21.55,32.76,20.83,12.5,60.0,0.278,17.0,28.33,4.0,6.67,0.9870000000000001,0.37,25.66,12.18,17.23,29.41,28.8,20.78,,,,,,,,,,,,,,
745983,2024-06-01,2024,455117,R,668964,R,field_out,False,False,67.0,0.113,25.0,37.31,4.0,5.97,0.344,0.06399999999999999,37.01,18.88,18.47,37.35,34.82,32.43,308.0,0.175,104.0,33.77,20.0,6.49,0.538,0.124,33.85,16.55,17.4,33.96,32.93,28.3,60.0,0.278,17.0,28.33,4.0,6.67,0.9870000000000001,0.37,25.66,12.18,17.23,29.41,28.8,20.78,,,,,,,,,,,,,,
745983,2024-06-01,2024,686217,L,607200,R,walk,False,True,180.0,0.259,34.0,18.89,20.0,11.11,0.679,0.07,15.56,6.12,22.59,28.72,26.06,17.26,180.0,0.261,30.0,16.67,23.0,12.78,0.722,0.1049999999999999,15.26,6.63,20.31,26.94,29.52,13.18,152.0,0.225,34.0,22.37,13.0,8.55,0.675,0.159,19.93,9.02,14.49,23.51,24.7,18.28,,,,,,,,,,,,,,
745983,2024-06-01,2024,687401,R,607200,R,single,False,False,116.0,0.333,14.0,12.07,14.0,12.07,1.0,0.25299999999999995,15.47,6.09,21.52,27.61,21.78,10.61,13.0,0.077,3.0,23.08,0.0,0.0,0.2309999999999999,0.077,15.79,8.11,21.62,29.73,26.67,33.33,137.0,0.23,32.0,23.36,9.0,6.57,0.649,0.12699999999999997,21.89,9.77,18.58,28.35,27.04,20.25,,,,,,,,,,,,,,
745983,2024-06-01,2024,663368,L,607200,R,single,False,False,140.0,0.266,39.0,27.86,12.0,8.57,0.738,0.129,30.7,12.31,21.64,33.96,23.55,27.86,110.0,0.231,33.0,30.0,17.0,15.45,0.715,0.1319999999999999,24.04,9.0,23.31,32.31,18.26,20.5,152.0,0.225,34.0,22.37,13.0,8.55,0.675,0.159,19.93,9.02,14.49,23.51,24.7,18.28,,,,,,,,,,,,,,
745983,2024-06-01,2024,668930,L,607200,R,sac_bunt,False,False,178.0,0.31,29.0,16.29,14.0,7.87,0.8029999999999999,0.127,13.17,6.19,18.85,25.04,25.08,15.59,376.0,0.224,82.0,21.81,30.0,7.98,0.608,0.097,22.03,10.83,16.08,26.9,28.59,16.14,152.0,0.225,34.0,22.37,13.0,8.55,0.675,0.159,19.93,9.02,14.49,23.51,24.7,18.28,,,,,,,,,,,,,,
745983,2024-06-01,2024,661388,R,607200,R,walk,False,True,205.0,0.326,36.0,17.56,22.0,10.73,0.93,0.199,29.69,13.84,13.97,27.81,23.0,16.74,434.0,0.262,94.0,21.66,42.0,9.68,0.72,0.119,27.61,11.63,19.55,31.17,24.86,18.08,137.0,0.23,32.0,23.36,9.0,6.57,0.649,0.12699999999999997,21.89,9.77,18.58,28.35,27.04,20.25,,,,,,,,,,,,,,
745983,2024-06-01,2024,592885,L,607200,R,single,False,False,98.0,0.314,21.0,21.43,11.0,11.22,0.904,0.198,23.86,10.97,14.36,25.33,24.5,16.94,473.0,0.294,103.0,21.78,64.0,13.53,0.882,0.195,26.99,11.53,15.4,26.93,23.89,19.07,152.0,0.225,34.0,22.37,13.0,8.55,0.675,0.159,19.93,9.02,14.49,23.51,24.7,18.28,,,,,,,,,,,,,,
745983,2024-06-01,2024,642715,R,607200,R,grounded_into_double_play,False,False,203.0,0.265,43.0,21.18,20.0,9.85,0.812,0.20499999999999996,30.67,14.54,15.3,29.84,26.33,18.3,480.0,0.212,117.0,24.38,47.0,9.79,0.702,0.194,32.44,16.53,12.85,29.38,32.69,19.28,137.0,0.23,32.0,23.36,9.0,6.57,0.649,0.12699999999999997,21.89,9.77,18.58,28.35,27.04,20.25,,,,,,,,,,,,,,
745983,2024-06-01,2024,502054,R,668964,R,single,False,False,104.0,0.3,19.0,18.27,4.0,3.85,0.7170000000000001,0.09000000000000002,21.39,8.83,22.2,31.03,19.25,15.45,304.0,0.262,71.0,23.36,28.0,9.21,0.767,0.173,26.61,10.98,19.38,30.37,21.23,21.19,60.0,0.278,17.0,28.33,4.0,6.67,0.9870000000000001,0.37,25.66,12.18,17.23,29.41,28.8,20.78,,,,,,,,,,,,,,
745983,2024-06-01,2024,670032,L,668964,R,single,False,False,144.0,0.238,22.0,15.28,13.0,9.03,0.5920000000000001,0.040000000000000036,18.3,8.51,16.83,25.35,26.54,18.03,212.0,0.228,33.0,15.57,24.0,11.32,0.647,0.089,22.47,10.7,16.47,27.16,26.6,14.22,58.0,0.275,10.0,17.24,6.0,10.34,0.737,0.11699999999999999,16.67,7.51,16.9,24.41,30.7,19.61,,,,,,,,,,,,,,
745983,2024-06-01,2024,667452,R,668964,R,field_out,False,False,27.0,0.261,4.0,14.81,4.0,14.81,0.761,0.13,15.69,6.84,16.24,23.08,26.56,9.52,250.0,0.249,56.0,22.4,20.0,8.0,0.659,0.0979999999999999,26.42,11.51,19.54,31.05,28.57,19.44,60.0,0.278,17.0,28.33,4.0,6.67,0.9870000000000001,0.37,25.66,12.18,17.23,29.41,28.8,20.78,,,,,,,,,,,,,,
745983,2024-06-01,2024,657757,L,571948,L,sac_fly,False,False,27.0,0.136,8.0,29.63,2.0,7.41,0.495,0.137,26.09,10.81,19.82,30.63,22.22,24.24,20.0,0.053,8.0,40.0,0.0,0.0,0.103,0.0,42.11,18.6,20.93,39.53,40.0,26.67,52.0,0.25,13.0,25.0,1.0,1.92,0.656,0.14600000000000002,14.94,6.57,20.71,27.27,32.04,21.31,121.0,0.155,27.0,22.31,8.0,6.61,0.45,0.072,20.1,8.44,23.05,31.48,32.82,16.77
745983,2024-06-01,2024,686676,R,571948,L,single,False,False,31.0,0.267,8.0,25.81,1.0,3.23,0.5569999999999999,0.0,29.82,17.17,15.15,32.32,34.21,29.63,23.0,0.0,8.0,34.78,1.0,4.35,0.043,0.0,28.12,15.79,7.89,23.68,26.67,17.02,63.0,0.212,16.0,25.4,7.0,11.11,0.603,0.096,21.28,8.03,22.89,30.92,16.52,19.28,131.0,0.256,32.0,24.43,5.0,3.82,0.6819999999999999,0.144,21.12,9.06,21.44,30.5,26.81,18.82
745983,2024-06-01,2024,643217,L,571948,L,strikeout,True,False,41.0,0.077,11.0,26.83,2.0,4.88,0.22499999999999998,0.025999999999999995,28.89,15.2,13.45,28.65,33.33,16.18,135.0,0.262,22.0,16.3,10.0,7.41,0.7230000000000001,0.14,20.08,10.21,13.87,24.08,28.74,14.77,52.0,0.25,13.0,25.0,1.0,1.92,0.656,0.14600000000000002,14.94,6.57,20.71,27.27,32.04,21.31,121.0,0.155,27.0,22.31,8.0,6.61,0.45,0.072,20.1,8.44,23.05,31.48,32.82,16.77
745983,2024-06-01,2024,641343,L,607200,R,strikeout,True,False,133.0,0.195,48.0,36.09,11.0,8.27,0.644,0.16899999999999998,31.4,14.37,18.71,33.08,22.27,29.81,244.0,0.205,83.0,34.02,26.0,10.66,0.72,0.228,32.78,14.71,16.21,30.93,23.65,23.92,152.0,0.225,34.0,22.37,13.0,8.55,0.675,0.159,19.93,9.02,14.49,23.51,24.7,18.28,,,,,,,,,,,,,,
745983,2024-06-01,2024,656555,R,607200,R,single,False,False,140.0,0.254,33.0,23.57,15.0,10.71,0.842,0.238,24.39,9.52,21.27,30.79,21.73,15.94,,,,,,,,,,,,,,,137.0,0.23,32.0,23.36,9.0,6.57,0.649,0.12699999999999997,21.89,9.77,18.58,28.35,27.04,20.25,,,,,,,,,,,,,,
745983,2024-06-01,2024,686217,L,607200,R,walk,False,True,180.0,0.259,34.0,18.89,20.0,11.11,0.679,0.07,15.56,6.12,22.59,28.72,26.06,17.26,180.0,0.261,30.0,16.67,23.0,12.78,0.722,0.1049999999999999,15.26,6.63,20.31,26.94,29.52,13.18,152.0,0.225,34.0,22.37,13.0,8.55,0.675,0.159,19.93,9.02,14.49,23.51,24.7,18.28,,,,,,,,,,,,,,
745983,2024-06-01,2024,687401,R,607200,R,field_out,False,False,116.0,0.333,14.0,12.07,14.0,12.07,1.0,0.25299999999999995,15.47,6.09,21.52,27.61,21.78,10.61,13.0,0.077,3.0,23.08,0.0,0.0,0.2309999999999999,0.077,15.79,8.11,21.62,29.73,26.67,33.33,137.0,0.23,32.0,23.36,9.0,6.57,0.649,0.12699999999999997,21.89,9.77,18.58,28.35,27.04,20.25,,,,,,,,,,,,,,
745983,2024-06-01,2024,663368,L,607200,R,strikeout,True,False,140.0,0.266,39.0,27.86,12.0,8.57,0.738,0.129,30.7,12.31,21.64,33.96,23.55,27.86,110.0,0.231,33.0,30.0,17.0,15.45,0.715,0.1319999999999999,24.04,9.0,23.31,32.31,18.26,20.5,152.0,0.225,34.0,22.37,13.0,8.55,0.675,0.159,19.93,9.02,14.49,23.51,24.7,18.28,,,,,,,,,,,,,,
745983,2024-06-01,2024,657557,R,571948,L,strikeout,True,False,43.0,0.128,16.0,37.21,2.0,4.65,0.494,0.18,43.0,23.89,10.0,33.89,28.57,27.59,119.0,0.217,35.0,29.41,9.0,7.56,0.635,0.1319999999999999,33.2,18.24,12.75,30.99,37.18,23.03,63.0,0.212,16.0,25.4,7.0,11.11,0.603,0.096,21.28,8.03,22.89,30.92,16.52,19.28,131.0,0.256,32.0,24.43,5.0,3.82,0.6819999999999999,0.144,21.12,9.06,21.44,30.5,26.81,18.82
745983,2024-06-01,2024,664901,R,571948,L,strikeout,True,False,21.0,0.316,4.0,19.05,2.0,9.52,1.17,0.47300000000000003,23.08,10.47,13.95,24.42,22.92,19.05,41.0,0.225,10.0,24.39,1.0,2.44,0.544,0.0749999999999999,22.67,10.62,20.0,30.63,24.29,21.74,63.0,0.212,16.0,25.4,7.0,11.11,0.603,0.096,21.28,8.03,22.89,30.92,16.52,19.28,131.0,0.256,32.0,24.43,5.0,3.82,0.6819999999999999,0.144,21.12,9.06,21.44,30.5,26.81,18.82
745983,2024-06-01,2024,455117,R,571948,L,strikeout,True,False,30.0,0.0,11.0,36.67,1.0,3.33,0.036,0.0,32.69,14.91,23.68,38.6,30.0,31.43,99.0,0.239,35.0,35.35,10.0,10.1,0.8160000000000001,0.261,35.58,18.09,13.69,31.78,32.32,26.12,63.0,0.212,16.0,25.4,7.0,11.11,0.603,0.096,21.28,8.03,22.89,30.92,16.52,19.28,131.0,0.256,32.0,24.43,5.0,3.82,0.6819999999999999,0.144,21.12,9.06,21.44,30.5,26.81,18.82
745983,2024-06-01,2024,668930,L,657612,L,field_out,False,False,27.0,0.217,4.0,14.81,4.0,14.81,0.5940000000000001,0.04400000000000001,15.91,6.03,20.69,26.72,16.07,12.5,73.0,0.188,12.0,16.44,8.0,10.96,0.466,0.0,20.18,7.94,23.47,31.41,18.75,17.39,43.0,0.395,4.0,9.3,4.0,9.3,0.9390000000000001,0.07899999999999996,15.28,7.48,14.97,22.45,33.33,10.26,92.0,0.275,11.0,11.96,5.0,5.43,0.752,0.125,13.33,6.61,18.32,24.92,35.48,10.58
745983,2024-06-01,2024,661388,R,657612,L,single,False,False,54.0,0.312,15.0,27.78,4.0,7.41,0.7689999999999999,0.10499999999999998,31.82,15.7,14.35,30.04,30.25,24.19,177.0,0.357,32.0,18.08,21.0,11.86,1.087,0.292,28.8,12.96,16.38,29.34,24.36,16.24,59.0,0.346,9.0,15.25,6.0,10.17,0.772,0.019000000000000017,12.5,5.56,15.28,20.83,16.48,18.37,110.0,0.378,15.0,13.64,9.0,8.18,1.037,0.2239999999999999,16.49,8.31,14.03,22.34,25.41,14.71
745983,2024-06-01,2024,592885,L,657612,L,single,False,False,36.0,0.355,7.0,19.44,5.0,13.89,1.154,0.355,22.0,7.97,16.67,24.64,17.5,24.14,159.0,0.234,37.0,23.27,14.0,8.81,0.633,0.097,26.17,13.04,15.53,28.57,28.16,18.32,43.0,0.395,4.0,9.3,4.0,9.3,0.9390000000000001,0.07899999999999996,15.28,7.48,14.97,22.45,33.33,10.26,92.0,0.275,11.0,11.96,5.0,5.43,0.752,0.125,13.33,6.61,18.32,24.92,35.48,10.58
745983,2024-06-01,2024,642715,R,647336,R,walk,False,True,203.0,0.265,43.0,21.18,20.0,9.85,0.812,0.20499999999999996,30.67,14.54,15.3,29.84,26.33,18.3,480.0,0.212,117.0,24.38,47.0,9.79,0.702,0.194,32.44,16.53,12.85,29.38,32.69,19.28,120.0,0.231,17.0,14.17,13.0,10.83,0.781,0.231,20.48,8.79,17.79,26.58,26.32,11.11,66.0,0.321,13.0,19.7,7.0,10.61,1.004,0.2679999999999999,27.18,12.12,16.45,28.57,25.86,25.0
745983,2024-06-01,2024,641343,L,647336,R,strikeout,True,False,133.0,0.195,48.0,36.09,11.0,8.27,0.644,0.16899999999999998,31.4,14.37,18.71,33.08,22.27,29.81,244.0,0.205,83.0,34.02,26.0,10.66,0.72,0.228,32.78,14.71,16.21,30.93,23.65,23.92,125.0,0.272,24.0,19.2,20.0,16.0,0.897,0.23299999999999998,19.52,8.22,16.43,24.65,23.14,18.18,79.0,0.25,16.0,20.25,5.0,6.33,0.8440000000000001,0.278,20.71,9.48,16.67,26.14,22.15,19.28
745983,2024-06-01,2024,656555,R,647336,R,strikeout,True,False,140.0,0.254,33.0,23.57,15.0,10.71,0.842,0.238,24.39,9.52,21.27,30.79,21.73,15.94,,,,,,,,,,,,,,,120.0,0.231,17.0,14.17,13.0,10.83,0.781,0.231,20.48,8.79,17.79,26.58,26.32,11.11,66.0,0.321,13.0,19.7,7.0,10.61,1.004,0.2679999999999999,27.18,12.12,16.45,28.57,25.86,25.0
745983,2024-06-01,2024,502054,R,660600,R,field_out,False,False,104.0,0.3,19.0,18.27,4.0,3.85,0.7170000000000001,0.09000000000000002,21.39,8.83,22.2,31.03,19.25,15.45,304.0,0.262,71.0,23.36,28.0,9.21,0.767,0.173,26.61,10.98,19.38,30.37,21.23,21.19,8.0,0.0,3.0,37.5,0.0,0.0,0.0,0.0,17.65,9.09,27.27,36.36,50.0,27.27,,,,,,,,,,,,,,
745983,2024-06-01,2024,670032,L,660600,R,field_out,False,False,144.0,0.238,22.0,15.28,13.0,9.03,0.5920000000000001,0.040000000000000036,18.3,8.51,16.83,25.35,26.54,18.03,212.0,0.228,33.0,15.57,24.0,11.32,0.647,0.089,22.47,10.7,16.47,27.16,26.6,14.22,7.0,0.0,4.0,57.14,0.0,0.0,0.0,0.0,50.0,21.74,21.74,43.48,18.18,66.67,,,,,,,,,,,,,,
745983,2024-06-01,2024,667452,R,660600,R,strikeout,True,False,27.0,0.261,4.0,14.81,4.0,14.81,0.761,0.13,15.69,6.84,16.24,23.08,26.56,9.52,250.0,0.249,56.0,22.4,20.0,8.0,0.659,0.0979999999999999,26.42,11.51,19.54,31.05,28.57,19.44,8.0,0.0,3.0,37.5,0.0,0.0,0.0,0.0,17.65,9.09,27.27,36.36,50.0,27.27,,,,,,,,,,,,,,
745983,2024-06-01,2024,686217,L,647336,R,single,False,False,180.0,0.259,34.0,18.89,20.0,11.11,0.679,0.07,15.56,6.12,22.59,28.72,26.06,17.26,180.0,0.261,30.0,16.67,23.0,12.78,0.722,0.1049999999999999,15.26,6.63,20.31,26.94,29.52,13.18,125.0,0.272,24.0,19.2,20.0,16.0,0.897,0.23299999999999998,19.52,8.22,16.43,24.65,23.14,18.18,79.0,0.25,16.0,20.25,5.0,6.33,0.8440000000000001,0.278,20.71,9.48,16.67,26.14,22.15,19.28
745983,2024-06-01,2024,687401,R,647336,R,field_out,False,False,116.0,0.333,14.0,12.07,14.0,12.07,1.0,0.25299999999999995,15.47,6.09,21.52,27.61,21.78,10.61,13.0,0.077,3.0,23.08,0.0,0.0,0.2309999999999999,0.077,15.79,8.11,21.62,29.73,26.67,33.33,120.0,0.231,17.0,14.17,13.0,10.83,0.781,0.231,20.48,8.79,17.79,26.58,26.32,11.11,66.0,0.321,13.0,19.7,7.0,10.61,1.004,0.2679999999999999,27.18,12.12,16.45,28.57,25.86,25.0
745983,2024-06-01,2024,663368,L,647336,R,single,False,False,140.0,0.266,39.0,27.86,12.0,8.57,0.738,0.129,30.7,12.31,21.64,33.96,23.55,27.86,110.0,0.231,33.0,30.0,17.0,15.45,0.715,0.1319999999999999,24.04,9.0,23.31,32.31,18.26,20.5,125.0,0.272,24.0,19.2,20.0,16.0,0.897,0.23299999999999998,19.52,8.22,16.43,24.65,23.14,18.18,79.0,0.25,16.0,20.25,5.0,6.33,0.8440000000000001,0.278,20.71,9.48,16.67,26.14,22.15,19.28
745983,2024-06-01,2024,668930,L,647336,R,single,False,False,178.0,0.31,29.0,16.29,14.0,7.87,0.8029999999999999,0.127,13.17,6.19,18.85,25.04,25.08,15.59,376.0,0.224,82.0,21.81,30.0,7.98,0.608,0.097,22.03,10.83,16.08,26.9,28.59,16.14,125.0,0.272,24.0,19.2,20.0,16.0,0.897,0.23299999999999998,19.52,8.22,16.43,24.65,23.14,18.18,79.0,0.25,16.0,20.25,5.0,6.33,0.8440000000000001,0.278,20.71,9.48,16.67,26.14,22.15,19.28
745983,2024-06-01,2024,661388,R,605154,R,single,False,False,205.0,0.326,36.0,17.56,22.0,10.73,0.93,0.199,29.69,13.84,13.97,27.81,23.0,16.74,434.0,0.262,94.0,21.66,42.0,9.68,0.72,0.119,27.61,11.63,19.55,31.17,24.86,18.08,45.0,0.293,10.0,22.22,3.0,6.67,0.7949999999999999,0.14600000000000002,28.72,16.07,10.71,26.79,41.3,16.95,107.0,0.221,29.0,27.1,8.0,7.48,0.674,0.179,26.61,12.86,15.74,28.6,25.99,16.96
745983,2024-06-01,2024,592885,L,605154,R,double,False,False,98.0,0.314,21.0,21.43,11.0,11.22,0.904,0.198,23.86,10.97,14.36,25.33,24.5,16.94,473.0,0.294,103.0,21.78,64.0,13.53,0.882,0.195,26.99,11.53,15.4,26.93,23.89,19.07,39.0,0.25,10.0,25.64,2.0,5.13,0.8640000000000001,0.30600000000000005,21.69,10.47,18.02,28.49,25.64,16.39,55.0,0.204,18.0,32.73,6.0,10.91,0.699,0.204,29.13,12.99,17.75,30.74,29.63,24.32
745983,2024-06-01,2024,642715,R,605154,R,field_out,False,False,203.0,0.265,43.0,21.18,20.0,9.85,0.812,0.20499999999999996,30.67,14.54,15.3,29.84,26.33,18.3,480.0,0.212,117.0,24.38,47.0,9.79,0.702,0.194,32.44,16.53,12.85,29.38,32.69,19.28,45.0,0.293,10.0,22.22,3.0,6.67,0.7949999999999999,0.14600000000000002,28.72,16.07,10.71,26.79,41.3,16.95,107.0,0.221,29.0,27.1,8.0,7.48,0.674,0.179,26.61,12.86,15.74,28.6,25.99,16.96
745983,2024-06-01,2024,641343,L,605154,R,single,False,False,133.0,0.195,48.0,36.09,11.0,8.27,0.644,0.16899999999999998,31.4,14.37,18.71,33.08,22.27,29.81,244.0,0.205,83.0,34.02,26.0,10.66,0.72,0.228,32.78,14.71,16.21,30.93,23.65,23.92,39.0,0.25,10.0,25.64,2.0,5.13,0.8640000000000001,0.30600000000000005,21.69,10.47,18.02,28.49,25.64,16.39,55.0,0.204,18.0,32.73,6.0,10.91,0.699,0.204,29.13,12.99,17.75,30.74,29.63,24.32
745983,2024-06-01,2024,656555,R,605154,R,single,False,False,140.0,0.254,33.0,23.57,15.0,10.71,0.842,0.238,24.39,9.52,21.27,30.79,21.73,15.94,,,,,,,,,,,,,,,45.0,0.293,10.0,22.22,3.0,6.67,0.7949999999999999,0.14600000000000002,28.72,16.07,10.71,26.79,41.3,16.95,107.0,0.221,29.0,27.1,8.0,7.48,0.674,0.179,26.61,12.86,15.74,28.6,25.99,16.96
745983,2024-06-01,2024,686217,L,694363,L,double,False,False,20.0,0.316,6.0,30.0,1.0,5.0,0.876,0.21000000000000002,15.38,5.8,24.64,30.43,6.9,40.0,43.0,0.184,7.0,16.28,5.0,11.63,0.5680000000000001,0.1049999999999999,11.43,4.71,21.18,25.88,26.83,17.07,39.0,0.297,5.0,12.82,1.0,2.56,0.7210000000000001,0.10800000000000004,18.99,11.03,11.76,22.79,29.51,12.82,51.0,0.238,8.0,15.69,7.0,13.73,0.738,0.167,25.3,10.66,17.26,27.92,21.82,14.29
745983,2024-06-01,2024,687401,R,694363,L,walk,False,True,50.0,0.175,11.0,22.0,8.0,16.0,0.627,0.125,19.75,7.48,20.56,28.04,16.96,21.57,21.0,0.3,6.0,28.57,0.0,0.0,0.586,0.0,26.32,13.33,25.33,38.67,40.0,24.0,66.0,0.179,9.0,13.64,9.0,13.64,0.556,0.08900000000000002,23.64,9.59,12.55,22.14,18.99,15.79,179.0,0.27,22.0,12.29,19.0,10.61,0.7989999999999999,0.177,20.58,9.6,15.74,25.34,24.62,12.15
745983,2024-06-01,2024,663368,R,694363,L,field_out,False,False,44.0,0.179,9.0,20.45,5.0,11.36,0.5549999999999999,0.10299999999999998,24.64,9.94,22.22,32.16,20.48,25.71,58.0,0.192,13.0,22.41,6.0,10.34,0.603,0.135,20.48,7.2,25.0,32.2,14.41,24.53,66.0,0.179,9.0,13.64,9.0,13.64,0.556,0.08900000000000002,23.64,9.59,12.55,22.14,18.99,15.79,179.0,0.27,22.0,12.29,19.0,10.61,0.7989999999999999,0.177,20.58,9.6,15.74,25.34,24.62,12.15
745983,2024-06-01,2024,657757,L,643361,R,field_out,False,False,170.0,0.252,24.0,14.12,24.0,14.12,0.794,0.175,19.21,8.38,17.63,26.01,28.23,10.96,324.0,0.212,58.0,17.9,28.0,8.64,0.63,0.1369999999999999,20.44,9.67,14.66,24.33,29.35,14.25,9.0,0.333,0.0,0.0,0.0,0.0,1.111,0.445,21.43,11.11,22.22,33.33,27.27,0.0,45.0,0.293,5.0,11.11,3.0,6.67,0.893,0.244,15.66,7.1,16.94,24.04,29.03,8.47
745983,2024-06-01,2024,686676,R,643361,R,strikeout,True,False,97.0,0.275,26.0,26.8,5.0,5.15,0.7849999999999999,0.19799999999999995,38.46,21.49,11.75,33.24,31.85,22.61,47.0,0.116,12.0,25.53,4.0,8.51,0.4,0.0929999999999999,33.71,18.07,13.25,31.33,34.15,23.53,13.0,0.083,1.0,7.69,1.0,7.69,0.237,0.0,16.67,8.89,24.44,33.33,35.29,7.69,60.0,0.25,8.0,13.33,3.0,5.0,0.764,0.214,22.22,10.88,15.06,25.94,24.77,11.94
745983,2024-06-01,2024,643217,L,643361,R,field_out,False,False,158.0,0.22,24.0,15.19,7.0,4.43,0.56,0.087,16.42,7.91,18.1,26.01,26.95,15.29,486.0,0.261,67.0,13.79,42.0,8.64,0.67,0.082,19.05,9.13,14.74,23.87,26.13,13.62,9.0,0.333,0.0,0.0,0.0,0.0,1.111,0.445,21.43,11.11,22.22,33.33,27.27,0.0,45.0,0.293,5.0,11.11,3.0,6.67,0.893,0.244,15.66,7.1,16.94,24.04,29.03,8.47
745983,2024-06-01,2024,668930,L,694363,L,single,False,False,27.0,0.217,4.0,14.81,4.0,14.81,0.5940000000000001,0.04400000000000001,15.91,6.03,20.69,26.72,16.07,12.5,73.0,0.188,12.0,16.44,8.0,10.96,0.466,0.0,20.18,7.94,23.47,31.41,18.75,17.39,39.0,0.297,5.0,12.82,1.0,2.56,0.7210000000000001,0.10800000000000004,18.99,11.03,11.76,22.79,29.51,12.82,51.0,0.238,8.0,15.69,7.0,13.73,0.738,0.167,25.3,10.66,17.26,27.92,21.82,14.29
745983,2024-06-01,2024,661388,R,694363,L,strikeout,True,False,54.0,0.312,15.0,27.78,4.0,7.41,0.7689999999999999,0.10499999999999998,31.82,15.7,14.35,30.04,30.25,24.19,177.0,0.357,32.0,18.08,21.0,11.86,1.087,0.292,28.8,12.96,16.38,29.34,24.36,16.24,66.0,0.179,9.0,13.64,9.0,13.64,0.556,0.08900000000000002,23.64,9.59,12.55,22.14,18.99,15.79,179.0,0.27,22.0,12.29,19.0,10.61,0.7989999999999999,0.177,20.58,9.6,15.74,25.34,24.62,12.15
745983,2024-06-01,2024,592885,L,694363,L,single,False,False,36.0,0.355,7.0,19.44,5.0,13.89,1.154,0.355,22.0,7.97,16.67,24.64,17.5,24.14,159.0,0.234,37.0,23.27,14.0,8.81,0.633,0.097,26.17,13.04,15.53,28.57,28.16,18.32,39.0,0.297,5.0,12.82,1.0,2.56,0.7210000000000001,0.10800000000000004,18.99,11.03,11.76,22.79,29.51,12.82,51.0,0.238,8.0,15.69,7.0,13.73,0.738,0.167,25.3,10.66,17.26,27.92,21.82,14.29
745983,2024-06-01,2024,642715,R,694363,L,force_out,False,False,49.0,0.214,9.0,18.37,6.0,12.24,0.687,0.167,25.32,11.3,15.82,27.12,22.92,19.15,160.0,0.231,48.0,30.0,24.0,15.0,0.762,0.1789999999999999,26.61,12.38,15.79,28.17,29.47,20.17,66.0,0.179,9.0,13.64,9.0,13.64,0.556,0.08900000000000002,23.64,9.59,12.55,22.14,18.99,15.79,179.0,0.27,22.0,12.29,19.0,10.61,0.7989999999999999,0.177,20.58,9.6,15.74,25.34,24.62,12.15
745983,2024-06-01,2024,641343,L,694363,L,double,False,False,15.0,0.308,2.0,13.33,1.0,6.67,1.092,0.38399999999999995,29.63,13.79,15.52,29.31,8.7,11.76,28.0,0.185,12.0,42.86,1.0,3.57,0.473,0.074,37.5,20.59,22.55,43.14,39.47,31.58,39.0,0.297,5.0,12.82,1.0,2.56,0.7210000000000001,0.10800000000000004,18.99,11.03,11.76,22.79,29.51,12.82,51.0,0.238,8.0,15.69,7.0,13.73,0.738,0.167,25.3,10.66,17.26,27.92,21.82,14.29
745983,2024-06-01,2024,686554,L,694363,L,single,False,False,5.0,0.2,3.0,60.0,0.0,0.0,0.4,0.0,37.5,16.67,27.78,44.44,0.0,42.86,,,,,,,,,,,,,,,39.0,0.297,5.0,12.82,1.0,2.56,0.7210000000000001,0.10800000000000004,18.99,11.03,11.76,22.79,29.51,12.82,51.0,0.238,8.0,15.69,7.0,13.73,0.738,0.167,25.3,10.66,17.26,27.92,21.82,14.29
745983,2024-06-01,2024,686217,L,694363,L,force_out,False,False,20.0,0.316,6.0,30.0,1.0,5.0,0.876,0.21000000000000002,15.38,5.8,24.64,30.43,6.9,40.0,43.0,0.184,7.0,16.28,5.0,11.63,0.5680000000000001,0.1049999999999999,11.43,4.71,21.18,25.88,26.83,17.07,39.0,0.297,5.0,12.82,1.0,2.56,0.7210000000000001,0.10800000000000004,18.99,11.03,11.76,22.79,29.51,12.82,51.0,0.238,8.0,15.69,7.0,13.73,0.738,0.167,25.3,10.66,17.26,27.92,21.82,14.29
745983,2024-06-01,2024,657557,R,643361,R,field_out,False,False,133.0,0.266,46.0,34.59,5.0,3.76,0.792,0.20999999999999996,33.56,19.76,8.89,28.66,33.19,27.22,281.0,0.203,86.0,30.6,12.0,4.27,0.603,0.1539999999999999,36.49,19.09,15.38,34.47,35.28,34.68,13.0,0.083,1.0,7.69,1.0,7.69,0.237,0.0,16.67,8.89,24.44,33.33,35.29,7.69,60.0,0.25,8.0,13.33,3.0,5.0,0.764,0.214,22.22,10.88,15.06,25.94,24.77,11.94
745983,2024-06-01,2024,664901,R,643361,R,field_out,False,False,58.0,0.164,19.0,32.76,1.0,1.72,0.41100000000000003,0.05399999999999999,31.78,15.81,19.07,34.88,31.68,27.94,29.0,0.12,5.0,17.24,3.0,10.34,0.4539999999999999,0.12,26.53,11.21,21.55,32.76,20.83,12.5,13.0,0.083,1.0,7.69,1.0,7.69,0.237,0.0,16.67,8.89,24.44,33.33,35.29,7.69,60.0,0.25,8.0,13.33,3.0,5.0,0.764,0.214,22.22,10.88,15.06,25.94,24.77,11.94
745983,2024-06-01,2024,672820,R,643361,R,single,False,False,30.0,0.138,9.0,30.0,0.0,0.0,0.31,0.033999999999999975,29.17,13.73,26.47,40.2,41.67,37.5,123.0,0.178,30.0,24.39,2.0,1.63,0.504,0.136,24.69,13.05,16.81,29.87,39.56,22.39,13.0,0.083,1.0,7.69,1.0,7.69,0.237,0.0,16.67,8.89,24.44,33.33,35.29,7.69,60.0,0.25,8.0,13.33,3.0,5.0,0.764,0.214,22.22,10.88,15.06,25.94,24.77,11.94
745983,2024-06-01,2024,502054,R,643361,R,force_out,False,False,104.0,0.3,19.0,18.27,4.0,3.85,0.7170000000000001,0.09000000000000002,21.39,8.83,22.2,31.03,19.25,15.45,304.0,0.262,71.0,23.36,28.0,9.21,0.767,0.173,26.61,10.98,19.38,30.37,21.23,21.19,13.0,0.083,1.0,7.69,1.0,7.69,0.237,0.0,16.67,8.89,24.44,33.33,35.29,7.69,60.0,0.25,8.0,13.33,3.0,5.0,0.764,0.214,22.22,10.88,15.06,25.94,24.77,11.94
745572,2024-06-02,2024,691026,R,592836,R,single,False,False,117.0,0.324,18.0,15.38,9.0,7.69,0.7769999999999999,0.08799999999999997,17.51,8.1,18.55,26.65,28.12,13.24,100.0,0.161,19.0,19.0,9.0,9.0,0.478,0.0799999999999999,21.56,9.11,22.03,31.14,24.87,14.88,70.0,0.238,13.0,18.57,4.0,5.71,0.7010000000000001,0.15900000000000003,18.02,8.4,20.17,28.57,27.52,20.31,361.0,0.252,63.0,17.45,31.0,8.59,0.7170000000000001,0.139,17.51,7.85,16.95,24.8,30.27,15.82
745572,2024-06-02,2024,676475,L,592836,R,field_out,False,False,121.0,0.31,20.0,16.53,5.0,4.13,0.779,0.13,20.08,11.42,12.35,23.78,35.05,17.09,318.0,0.243,39.0,12.26,21.0,6.6,0.698,0.156,17.66,9.16,14.01,23.17,33.05,13.13,75.0,0.379,12.0,16.0,8.0,10.67,1.046,0.22699999999999998,12.4,5.54,17.34,22.88,23.36,20.0,376.0,0.226,75.0,19.95,40.0,10.64,0.716,0.176,23.44,10.16,16.18,26.34,24.84,18.43
745572,2024-06-02,2024,502671,R,592836,R,strikeout,True,False,175.0,0.21,60.0,34.29,16.0,9.14,0.6439999999999999,0.147,30.64,14.65,18.38,33.02,30.34,21.32,518.0,0.259,120.0,23.17,67.0,12.93,0.8049999999999999,0.187,27.85,12.3,17.85,30.16,25.85,17.44,70.0,0.238,13.0,18.57,4.0,5.71,0.7010000000000001,0.15900000000000003,18.02,8.4,20.17,28.57,27.52,20.31,361.0,0.252,63.0,17.45,31.0,8.59,0.7170000000000001,0.139,17.51,7.85,16.95,24.8,30.27,15.82
745572,2024-06-02,2024,669357,L,592836,R,home_run,False,False,132.0,0.222,49.0,37.12,14.0,10.61,0.732,0.205,40.58,20.36,13.82,34.18,32.28,26.49,378.0,0.231,124.0,32.8,42.0,11.11,0.7969999999999999,0.2459999999999999,35.96,17.73,12.12,29.85,28.13,25.15,75.0,0.379,12.0,16.0,8.0,10.67,1.046,0.22699999999999998,12.4,5.54,17.34,22.88,23.36,20.0,376.0,0.226,75.0,19.95,40.0,10.64,0.716,0.176,23.44,10.16,16.18,26.34,24.84,18.43
745572,2024-06-02,2024,571448,R,592836,R,strikeout,True,False,179.0,0.275,34.0,18.99,14.0,7.82,0.7290000000000001,0.119,21.86,9.59,20.31,29.9,30.24,16.67,468.0,0.28,81.0,17.31,31.0,6.62,0.8089999999999999,0.2009999999999999,20.4,9.71,17.28,26.99,33.33,16.43,70.0,0.238,13.0,18.57,4.0,5.71,0.7010000000000001,0.15900000000000003,18.02,8.4,20.17,28.57,27.52,20.31,361.0,0.252,63.0,17.45,31.0,8.59,0.7170000000000001,0.139,17.51,7.85,16.95,24.8,30.27,15.82
745572,2024-06-02,2024,656941,L,458681,R,strikeout,True,False,159.0,0.175,47.0,29.56,27.0,16.98,0.655,0.16600000000000004,33.09,13.41,15.35,28.76,22.07,23.47,469.0,0.201,128.0,27.29,85.0,18.12,0.848,0.296,31.18,11.75,19.66,31.41,21.53,23.1,143.0,0.258,25.0,17.48,13.0,9.09,0.759,0.172,22.63,10.28,14.39,24.67,23.49,18.25,401.0,0.29,80.0,19.95,39.0,9.73,0.909,0.259,26.41,12.9,13.22,26.12,27.13,16.13
745572,2024-06-02,2024,681082,L,458681,R,walk,False,True,152.0,0.228,21.0,13.82,18.0,11.84,0.708,0.158,17.22,7.45,21.87,29.32,27.74,11.29,474.0,0.28,76.0,16.03,26.0,5.49,0.753,0.1509999999999999,14.49,6.52,22.08,28.6,28.42,11.93,143.0,0.258,25.0,17.48,13.0,9.09,0.759,0.172,22.63,10.28,14.39,24.67,23.49,18.25,401.0,0.29,80.0,19.95,39.0,9.73,0.909,0.259,26.41,12.9,13.22,26.12,27.13,16.13
745572,2024-06-02,2024,547180,L,458681,R,strikeout,True,False,145.0,0.279,29.0,20.0,22.0,15.17,0.952,0.2869999999999999,30.88,14.95,9.79,24.73,33.23,20.28,375.0,0.295,80.0,21.33,60.0,16.0,0.907,0.199,31.39,15.65,8.66,24.31,32.27,20.0,143.0,0.258,25.0,17.48,13.0,9.09,0.759,0.172,22.63,10.28,14.39,24.67,23.49,18.25,401.0,0.29,80.0,19.95,39.0,9.73,0.909,0.259,26.41,12.9,13.22,26.12,27.13,16.13
745572,2024-06-02,2024,664761,R,458681,R,field_out,False,False,164.0,0.322,23.0,14.02,12.0,7.32,0.885,0.185,17.04,8.08,15.11,23.2,24.81,16.18,445.0,0.263,68.0,15.28,34.0,7.64,0.7010000000000001,0.1139999999999999,17.17,8.27,16.06,24.33,28.14,13.48,106.0,0.226,28.0,26.42,10.0,9.43,0.6659999999999999,0.12899999999999998,26.7,13.0,13.66,26.65,29.44,19.05,407.0,0.23,111.0,27.27,28.0,6.88,0.719,0.1919999999999999,30.85,15.73,13.93,29.66,29.38,20.64
745572,2024-06-02,2024,572761,L,592836,R,field_out,False,False,38.0,0.212,12.0,31.58,4.0,10.53,0.63,0.12100000000000002,31.94,14.2,14.81,29.01,23.46,26.67,220.0,0.167,64.0,29.09,38.0,17.27,0.616,0.1319999999999999,29.37,12.01,18.83,30.84,21.25,22.78,75.0,0.379,12.0,16.0,8.0,10.67,1.046,0.22699999999999998,12.4,5.54,17.34,22.88,23.36,20.0,376.0,0.226,75.0,19.95,40.0,10.64,0.716,0.176,23.44,10.16,16.18,26.34,24.84,18.43
745572,2024-06-02,2024,671056,R,592836,R,double,False,False,97.0,0.264,25.0,25.77,8.0,8.25,0.675,0.08099999999999996,26.25,10.94,20.57,31.51,28.57,22.52,36.0,0.3,10.0,27.78,4.0,11.11,0.784,0.067,28.57,12.05,14.46,26.51,27.08,17.31,70.0,0.238,13.0,18.57,4.0,5.71,0.7010000000000001,0.15900000000000003,18.02,8.4,20.17,28.57,27.52,20.31,361.0,0.252,63.0,17.45,31.0,8.59,0.7170000000000001,0.139,17.51,7.85,16.95,24.8,30.27,15.82
745572,2024-06-02,2024,666185,L,592836,R,field_out,False,False,18.0,0.062,7.0,38.89,1.0,5.56,0.229,0.0,38.46,18.75,13.75,32.5,26.32,25.0,170.0,0.196,37.0,21.76,14.0,8.24,0.592,0.1079999999999999,22.71,10.14,18.91,29.05,25.44,21.14,75.0,0.379,12.0,16.0,8.0,10.67,1.046,0.22699999999999998,12.4,5.54,17.34,22.88,23.36,20.0,376.0,0.226,75.0,19.95,40.0,10.64,0.716,0.176,23.44,10.16,16.18,26.34,24.84,18.43
745572,2024-06-02,2024,672279,L,592836,R,field_out,False,False,73.0,0.292,18.0,24.66,5.0,6.85,0.7430000000000001,0.10800000000000004,27.48,13.0,17.69,30.69,26.72,20.93,3.0,0.0,1.0,33.33,0.0,0.0,0.0,0.0,40.0,14.29,21.43,35.71,0.0,50.0,75.0,0.379,12.0,16.0,8.0,10.67,1.046,0.22699999999999998,12.4,5.54,17.34,22.88,23.36,20.0,376.0,0.226,75.0,19.95,40.0,10.64,0.716,0.176,23.44,10.16,16.18,26.34,24.84,18.43
745572,2024-06-02,2024,669016,L,458681,R,walk,False,True,140.0,0.301,34.0,24.29,15.0,10.71,0.878,0.203,22.22,8.96,18.24,27.2,23.28,16.83,363.0,0.292,101.0,27.82,47.0,12.95,0.864,0.185,25.19,10.97,17.37,28.35,25.74,21.31,143.0,0.258,25.0,17.48,13.0,9.09,0.759,0.172,22.63,10.28,14.39,24.67,23.49,18.25,401.0,0.29,80.0,19.95,39.0,9.73,0.909,0.259,26.41,12.9,13.22,26.12,27.13,16.13
745572,2024-06-02,2024,592206,R,458681,R,fielders_choice,False,False,171.0,0.2,34.0,19.88,13.0,7.6,0.5720000000000001,0.10299999999999998,33.33,19.46,9.9,29.36,38.56,18.68,485.0,0.252,140.0,28.87,25.0,5.15,0.733,0.192,37.06,20.57,11.78,32.36,40.41,25.27,106.0,0.226,28.0,26.42,10.0,9.43,0.6659999999999999,0.12899999999999998,26.7,13.0,13.66,26.65,29.44,19.05,407.0,0.23,111.0,27.27,28.0,6.88,0.719,0.1919999999999999,30.85,15.73,13.93,29.66,29.38,20.64
745572,2024-06-02,2024,593160,R,458681,R,field_out,False,False,58.0,0.167,6.0,10.34,9.0,15.52,0.506,0.04099999999999998,15.69,7.17,15.7,22.87,25.42,10.91,446.0,0.277,80.0,17.94,27.0,6.05,0.7030000000000001,0.1019999999999999,20.17,10.18,16.71,26.89,32.97,15.33,106.0,0.226,28.0,26.42,10.0,9.43,0.6659999999999999,0.12899999999999998,26.7,13.0,13.66,26.65,29.44,19.05,407.0,0.23,111.0,27.27,28.0,6.88,0.719,0.1919999999999999,30.85,15.73,13.93,29.66,29.38,20.64
745572,2024-06-02,2024,596117,L,458681,R,double,False,False,31.0,0.185,6.0,19.35,4.0,12.9,0.475,0.0,26.53,12.26,20.75,33.02,30.36,26.09,94.0,0.19,22.0,23.4,7.0,7.45,0.5549999999999999,0.0959999999999999,24.71,11.35,19.19,30.54,31.94,18.8,143.0,0.258,25.0,17.48,13.0,9.09,0.759,0.172,22.63,10.28,14.39,24.67,23.49,18.25,401.0,0.29,80.0,19.95,39.0,9.73,0.909,0.259,26.41,12.9,13.22,26.12,27.13,16.13
745572,2024-06-02,2024,679032,R,458681,R,field_out,False,False,123.0,0.228,17.0,13.82,6.0,4.88,0.589,0.088,23.19,10.86,19.68,30.54,33.03,13.39,100.0,0.281,23.0,23.0,4.0,4.0,0.76,0.1459999999999999,25.82,13.95,16.32,30.27,40.0,25.27,106.0,0.226,28.0,26.42,10.0,9.43,0.6659999999999999,0.12899999999999998,26.7,13.0,13.66,26.65,29.44,19.05,407.0,0.23,111.0,27.27,28.0,6.88,0.719,0.1919999999999999,30.85,15.73,13.93,29.66,29.38,20.64
745572,2024-06-02,2024,656941,L,458681,R,strikeout,True,False,159.0,0.175,47.0,29.56,27.0,16.98,0.655,0.16600000000000004,33.09,13.41,15.35,28.76,22.07,23.47,469.0,0.201,128.0,27.29,85.0,18.12,0.848,0.296,31.18,11.75,19.66,31.41,21.53,23.1,143.0,0.258,25.0,17.48,13.0,9.09,0.759,0.172,22.63,10.28,14.39,24.67,23.49,18.25,401.0,0.29,80.0,19.95,39.0,9.73,0.909,0.259,26.41,12.9,13.22,26.12,27.13,16.13
745572,2024-06-02,2024,691026,R,592836,R,walk,False,True,117.0,0.324,18.0,15.38,9.0,7.69,0.7769999999999999,0.08799999999999997,17.51,8.1,18.55,26.65,28.12,13.24,100.0,0.161,19.0,19.0,9.0,9.0,0.478,0.0799999999999999,21.56,9.11,22.03,31.14,24.87,14.88,70.0,0.238,13.0,18.57,4.0,5.71,0.7010000000000001,0.15900000000000003,18.02,8.4,20.17,28.57,27.52,20.31,361.0,0.252,63.0,17.45,31.0,8.59,0.7170000000000001,0.139,17.51,7.85,16.95,24.8,30.27,15.82
745572,2024-06-02,2024,676475,L,592836,R,home_run,False,False,121.0,0.31,20.0,16.53,5.0,4.13,0.779,0.13,20.08,11.42,12.35,23.78,35.05,17.09,318.0,0.243,39.0,12.26,21.0,6.6,0.698,0.156,17.66,9.16,14.01,23.17,33.05,13.13,75.0,0.379,12.0,16.0,8.0,10.67,1.046,0.22699999999999998,12.4,5.54,17.34,22.88,23.36,20.0,376.0,0.226,75.0,19.95,40.0,10.64,0.716,0.176,23.44,10.16,16.18,26.34,24.84,18.43
745572,2024-06-02,2024,502671,R,592836,R,strikeout,True,False,175.0,0.21,60.0,34.29,16.0,9.14,0.6439999999999999,0.147,30.64,14.65,18.38,33.02,30.34,21.32,518.0,0.259,120.0,23.17,67.0,12.93,0.8049999999999999,0.187,27.85,12.3,17.85,30.16,25.85,17.44,70.0,0.238,13.0,18.57,4.0,5.71,0.7010000000000001,0.15900000000000003,18.02,8.4,20.17,28.57,27.52,20.31,361.0,0.252,63.0,17.45,31.0,8.59,0.7170000000000001,0.139,17.51,7.85,16.95,24.8,30.27,15.82
745572,2024-06-02,2024,669357,L,592836,R,strikeout,True,False,132.0,0.222,49.0,37.12,14.0,10.61,0.732,0.205,40.58,20.36,13.82,34.18,32.28,26.49,378.0,0.231,124.0,32.8,42.0,11.11,0.7969999999999999,0.2459999999999999,35.96,17.73,12.12,29.85,28.13,25.15,75.0,0.379,12.0,16.0,8.0,10.67,1.046,0.22699999999999998,12.4,5.54,17.34,22.88,23.36,20.0,376.0,0.226,75.0,19.95,40.0,10.64,0.716,0.176,23.44,10.16,16.18,26.34,24.84,18.43
745572,2024-06-02,2024,571448,R,592836,R,walk,False,True,179.0,0.275,34.0,18.99,14.0,7.82,0.7290000000000001,0.119,21.86,9.59,20.31,29.9,30.24,16.67,468.0,0.28,81.0,17.31,31.0,6.62,0.8089999999999999,0.2009999999999999,20.4,9.71,17.28,26.99,33.33,16.43,70.0,0.238,13.0,18.57,4.0,5.71,0.7010000000000001,0.15900000000000003,18.02,8.4,20.17,28.57,27.52,20.31,361.0,0.252,63.0,17.45,31.0,8.59,0.7170000000000001,0.139,17.51,7.85,16.95,24.8,30.27,15.82
745572,2024-06-02,2024,572761,L,592836,R,field_out,False,False,38.0,0.212,12.0,31.58,4.0,10.53,0.63,0.12100000000000002,31.94,14.2,14.81,29.01,23.46,26.67,220.0,0.167,64.0,29.09,38.0,17.27,0.616,0.1319999999999999,29.37,12.01,18.83,30.84,21.25,22.78,75.0,0.379,12.0,16.0,8.0,10.67,1.046,0.22699999999999998,12.4,5.54,17.34,22.88,23.36,20.0,376.0,0.226,75.0,19.95,40.0,10.64,0.716,0.176,23.44,10.16,16.18,26.34,24.84,18.43
745572,2024-06-02,2024,681082,L,458681,R,field_out,False,False,152.0,0.228,21.0,13.82,18.0,11.84,0.708,0.158,17.22,7.45,21.87,29.32,27.74,11.29,474.0,0.28,76.0,16.03,26.0,5.49,0.753,0.1509999999999999,14.49,6.52,22.08,28.6,28.42,11.93,143.0,0.258,25.0,17.48,13.0,9.09,0.759,0.172,22.63,10.28,14.39,24.67,23.49,18.25,401.0,0.29,80.0,19.95,39.0,9.73,0.909,0.259,26.41,12.9,13.22,26.12,27.13,16.13
745572,2024-06-02,2024,547180,L,458681,R,field_out,False,False,145.0,0.279,29.0,20.0,22.0,15.17,0.952,0.2869999999999999,30.88,14.95,9.79,24.73,33.23,20.28,375.0,0.295,80.0,21.33,60.0,16.0,0.907,0.199,31.39,15.65,8.66,24.31,32.27,20.0,143.0,0.258,25.0,17.48,13.0,9.09,0.759,0.172,22.63,10.28,14.39,24.67,23.49,18.25,401.0,0.29,80.0,19.95,39.0,9.73,0.909,0.259,26.41,12.9,13.22,26.12,27.13,16.13
745572,2024-06-02,2024,664761,R,458681,R,field_out,False,False,164.0,0.322,23.0,14.02,12.0,7.32,0.885,0.185,17.04,8.08,15.11,23.2,24.81,16.18,445.0,0.263,68.0,15.28,34.0,7.64,0.7010000000000001,0.1139999999999999,17.17,8.27,16.06,24.33,28.14,13.48,106.0,0.226,28.0,26.42,10.0,9.43,0.6659999999999999,0.12899999999999998,26.7,13.0,13.66,26.65,29.44,19.05,407.0,0.23,111.0,27.27,28.0,6.88,0.719,0.1919999999999999,30.85,15.73,13.93,29.66,29.38,20.64
745572,2024-06-02,2024,671056,R,592836,R,field_out,False,False,97.0,0.264,25.0,25.77,8.0,8.25,0.675,0.08099999999999996,26.25,10.94,20.57,31.51,28.57,22.52,36.0,0.3,10.0,27.78,4.0,11.11,0.784,0.067,28.57,12.05,14.46,26.51,27.08,17.31,70.0,0.238,13.0,18.57,4.0,5.71,0.7010000000000001,0.15900000000000003,18.02,8.4,20.17,28.57,27.52,20.31,361.0,0.252,63.0,17.45,31.0,8.59,0.7170000000000001,0.139,17.51,7.85,16.95,24.8,30.27,15.82
745572,2024-06-02,2024,666185,L,592836,R,field_out,False,False,18.0,0.062,7.0,38.89,1.0,5.56,0.229,0.0,38.46,18.75,13.75,32.5,26.32,25.0,170.0,0.196,37.0,21.76,14.0,8.24,0.592,0.1079999999999999,22.71,10.14,18.91,29.05,25.44,21.14,75.0,0.379,12.0,16.0,8.0,10.67,1.046,0.22699999999999998,12.4,5.54,17.34,22.88,23.36,20.0,376.0,0.226,75.0,19.95,40.0,10.64,0.716,0.176,23.44,10.16,16.18,26.34,24.84,18.43
745572,2024-06-02,2024,672279,L,592836,R,single,False,False,73.0,0.292,18.0,24.66,5.0,6.85,0.7430000000000001,0.10800000000000004,27.48,13.0,17.69,30.69,26.72,20.93,3.0,0.0,1.0,33.33,0.0,0.0,0.0,0.0,40.0,14.29,21.43,35.71,0.0,50.0,75.0,0.379,12.0,16.0,8.0,10.67,1.046,0.22699999999999998,12.4,5.54,17.34,22.88,23.36,20.0,376.0,0.226,75.0,19.95,40.0,10.64,0.716,0.176,23.44,10.16,16.18,26.34,24.84,18.43
745572,2024-06-02,2024,691026,R,592836,R,field_out,False,False,117.0,0.324,18.0,15.38,9.0,7.69,0.7769999999999999,0.08799999999999997,17.51,8.1,18.55,26.65,28.12,13.24,100.0,0.161,19.0,19.0,9.0,9.0,0.478,0.0799999999999999,21.56,9.11,22.03,31.14,24.87,14.88,70.0,0.238,13.0,18.57,4.0,5.71,0.7010000000000001,0.15900000000000003,18.02,8.4,20.17,28.57,27.52,20.31,361.0,0.252,63.0,17.45,31.0,8.59,0.7170000000000001,0.139,17.51,7.85,16.95,24.8,30.27,15.82
745572,2024-06-02,2024,669016,L,458681,R,field_out,False,False,140.0,0.301,34.0,24.29,15.0,10.71,0.878,0.203,22.22,8.96,18.24,27.2,23.28,16.83,363.0,0.292,101.0,27.82,47.0,12.95,0.864,0.185,25.19,10.97,17.37,28.35,25.74,21.31,143.0,0.258,25.0,17.48,13.0,9.09,0.759,0.172,22.63,10.28,14.39,24.67,23.49,18.25,401.0,0.29,80.0,19.95,39.0,9.73,0.909,0.259,26.41,12.9,13.22,26.12,27.13,16.13
745572,2024-06-02,2024,592206,R,458681,R,field_out,False,False,171.0,0.2,34.0,19.88,13.0,7.6,0.5720000000000001,0.10299999999999998,33.33,19.46,9.9,29.36,38.56,18.68,485.0,0.252,140.0,28.87,25.0,5.15,0.733,0.192,37.06,20.57,11.78,32.36,40.41,25.27,106.0,0.226,28.0,26.42,10.0,9.43,0.6659999999999999,0.12899999999999998,26.7,13.0,13.66,26.65,29.44,19.05,407.0,0.23,111.0,27.27,28.0,6.88,0.719,0.1919999999999999,30.85,15.73,13.93,29.66,29.38,20.64
745572,2024-06-02,2024,593160,R,458681,R,strikeout,True,False,58.0,0.167,6.0,10.34,9.0,15.52,0.506,0.04099999999999998,15.69,7.17,15.7,22.87,25.42,10.91,446.0,0.277,80.0,17.94,27.0,6.05,0.7030000000000001,0.1019999999999999,20.17,10.18,16.71,26.89,32.97,15.33,106.0,0.226,28.0,26.42,10.0,9.43,0.6659999999999999,0.12899999999999998,26.7,13.0,13.66,26.65,29.44,19.05,407.0,0.23,111.0,27.27,28.0,6.88,0.719,0.1919999999999999,30.85,15.73,13.93,29.66,29.38,20.64
745572,2024-06-02,2024,676475,L,592836,R,field_out,False,False,121.0,0.31,20.0,16.53,5.0,4.13,0.779,0.13,20.08,11.42,12.35,23.78,35.05,17.09,318.0,0.243,39.0,12.26,21.0,6.6,0.698,0.156,17.66,9.16,14.01,23.17,33.05,13.13,75.0,0.379,12.0,16.0,8.0,10.67,1.046,0.22699999999999998,12.4,5.54,17.34,22.88,23.36,20.0,376.0,0.226,75.0,19.95,40.0,10.64,0.716,0.176,23.44,10.16,16.18,26.34,24.84,18.43
745572,2024-06-02,2024,502671,R,592836,R,strikeout,True,False,175.0,0.21,60.0,34.29,16.0,9.14,0.6439999999999999,0.147,30.64,14.65,18.38,33.02,30.34,21.32,518.0,0.259,120.0,23.17,67.0,12.93,0.8049999999999999,0.187,27.85,12.3,17.85,30.16,25.85,17.44,70.0,0.238,13.0,18.57,4.0,5.71,0.7010000000000001,0.15900000000000003,18.02,8.4,20.17,28.57,27.52,20.31,361.0,0.252,63.0,17.45,31.0,8.59,0.7170000000000001,0.139,17.51,7.85,16.95,24.8,30.27,15.82
745572,2024-06-02,2024,669357,L,592836,R,walk,False,True,132.0,0.222,49.0,37.12,14.0,10.61,0.732,0.205,40.58,20.36,13.82,34.18,32.28,26.49,378.0,0.231,124.0,32.8,42.0,11.11,0.7969999999999999,0.2459999999999999,35.96,17.73,12.12,29.85,28.13,25.15,75.0,0.379,12.0,16.0,8.0,10.67,1.046,0.22699999999999998,12.4,5.54,17.34,22.88,23.36,20.0,376.0,0.226,75.0,19.95,40.0,10.64,0.716,0.176,23.44,10.16,16.18,26.34,24.84,18.43
745572,2024-06-02,2024,571448,R,592836,R,field_out,False,False,179.0,0.275,34.0,18.99,14.0,7.82,0.7290000000000001,0.119,21.86,9.59,20.31,29.9,30.24,16.67,468.0,0.28,81.0,17.31,31.0,6.62,0.8089999999999999,0.2009999999999999,20.4,9.71,17.28,26.99,33.33,16.43,70.0,0.238,13.0,18.57,4.0,5.71,0.7010000000000001,0.15900000000000003,18.02,8.4,20.17,28.57,27.52,20.31,361.0,0.252,63.0,17.45,31.0,8.59,0.7170000000000001,0.139,17.51,7.85,16.95,24.8,30.27,15.82
745572,2024-06-02,2024,596117,L,458681,R,field_error,False,False,31.0,0.185,6.0,19.35,4.0,12.9,0.475,0.0,26.53,12.26,20.75,33.02,30.36,26.09,94.0,0.19,22.0,23.4,7.0,7.45,0.5549999999999999,0.0959999999999999,24.71,11.35,19.19,30.54,31.94,18.8,143.0,0.258,25.0,17.48,13.0,9.09,0.759,0.172,22.63,10.28,14.39,24.67,23.49,18.25,401.0,0.29,80.0,19.95,39.0,9.73,0.909,0.259,26.41,12.9,13.22,26.12,27.13,16.13
745572,2024-06-02,2024,679032,R,458681,R,sac_bunt,False,False,123.0,0.228,17.0,13.82,6.0,4.88,0.589,0.088,23.19,10.86,19.68,30.54,33.03,13.39,100.0,0.281,23.0,23.0,4.0,4.0,0.76,0.1459999999999999,25.82,13.95,16.32,30.27,40.0,25.27,106.0,0.226,28.0,26.42,10.0,9.43,0.6659999999999999,0.12899999999999998,26.7,13.0,13.66,26.65,29.44,19.05,407.0,0.23,111.0,27.27,28.0,6.88,0.719,0.1919999999999999,30.85,15.73,13.93,29.66,29.38,20.64
745572,2024-06-02,2024,656941,L,458681,R,single,False,False,159.0,0.175,47.0,29.56,27.0,16.98,0.655,0.16600000000000004,33.09,13.41,15.35,28.76,22.07,23.47,469.0,0.201,128.0,27.29,85.0,18.12,0.848,0.296,31.18,11.75,19.66,31.41,21.53,23.1,143.0,0.258,25.0,17.48,13.0,9.09,0.759,0.172,22.63,10.28,14.39,24.67,23.49,18.25,401.0,0.29,80.0,19.95,39.0,9.73,0.909,0.259,26.41,12.9,13.22,26.12,27.13,16.13
745572,2024-06-02,2024,681082,L,458681,R,single,False,False,152.0,0.228,21.0,13.82,18.0,11.84,0.708,0.158,17.22,7.45,21.87,29.32,27.74,11.29,474.0,0.28,76.0,16.03,26.0,5.49,0.753,0.1509999999999999,14.49,6.52,22.08,28.6,28.42,11.93,143.0,0.258,25.0,17.48,13.0,9.09,0.759,0.172,22.63,10.28,14.39,24.67,23.49,18.25,401.0,0.29,80.0,19.95,39.0,9.73,0.909,0.259,26.41,12.9,13.22,26.12,27.13,16.13
745572,2024-06-02,2024,547180,L,669461,L,strikeout,True,False,91.0,0.273,25.0,27.47,13.0,14.29,0.868,0.22099999999999997,31.18,15.72,10.3,26.02,32.34,23.81,171.0,0.289,39.0,22.81,20.0,11.7,0.884,0.221,38.61,20.03,9.85,29.89,35.59,22.41,39.0,0.135,9.0,23.08,2.0,5.13,0.34099999999999997,0.026999999999999996,32.88,15.79,16.45,32.24,24.29,20.0,55.0,0.163,9.0,16.36,1.0,1.82,0.522,0.1229999999999999,16.67,7.21,16.83,24.04,19.19,15.25
745572,2024-06-02,2024,664761,R,669461,L,field_out,False,False,79.0,0.288,10.0,12.66,6.0,7.59,0.808,0.17800000000000005,12.5,6.01,14.49,20.49,24.65,12.82,167.0,0.303,26.0,15.57,8.0,4.79,0.929,0.291,20.3,10.86,12.97,23.82,35.24,14.21,79.0,0.333,14.0,17.72,11.0,13.92,0.9989999999999999,0.24299999999999994,23.75,12.3,12.3,24.6,26.06,15.73,220.0,0.302,37.0,16.82,24.0,10.91,0.861,0.182,19.22,8.65,16.02,24.68,24.94,17.29
745572,2024-06-02,2024,669016,L,669461,L,strikeout,True,False,43.0,0.139,18.0,41.86,5.0,11.63,0.4,0.027999999999999997,27.69,9.73,23.78,33.51,16.67,33.96,110.0,0.229,43.0,39.09,12.0,10.91,0.7170000000000001,0.167,36.21,13.64,24.46,38.1,25.0,31.62,39.0,0.135,9.0,23.08,2.0,5.13,0.34099999999999997,0.026999999999999996,32.88,15.79,16.45,32.24,24.29,20.0,55.0,0.163,9.0,16.36,1.0,1.82,0.522,0.1229999999999999,16.67,7.21,16.83,24.04,19.19,15.25
745572,2024-06-02,2024,572761,L,621381,L,field_out,False,False,9.0,0.286,3.0,33.33,1.0,11.11,0.73,0.0,17.65,6.52,17.39,23.91,16.0,17.65,18.0,0.286,3.0,16.67,3.0,16.67,0.96,0.285,15.62,5.56,23.33,28.89,20.0,8.82,27.0,0.185,11.0,40.74,0.0,0.0,0.37,0.0,27.27,14.85,18.81,33.66,31.58,25.0,98.0,0.209,31.0,31.63,2.0,2.04,0.556,0.11,27.93,14.16,19.83,33.99,33.1,28.44
745572,2024-06-02,2024,671056,R,621381,L,field_out,False,False,45.0,0.25,7.0,15.56,3.0,6.67,0.661,0.09999999999999998,29.63,13.87,16.18,30.06,17.28,13.73,8.0,0.286,1.0,12.5,1.0,12.5,0.661,0.0,6.67,2.94,11.76,14.71,16.67,20.0,57.0,0.17,22.0,38.6,3.0,5.26,0.513,0.13199999999999998,24.24,12.65,18.58,31.23,29.52,21.15,253.0,0.214,77.0,30.43,19.0,7.51,0.671,0.183,28.04,14.1,15.88,29.98,27.99,24.6
745572,2024-06-02,2024,666185,R,621381,L,strikeout,True,False,29.0,0.2,5.0,17.24,4.0,13.79,0.51,0.0,31.48,16.04,12.26,28.3,33.33,20.83,86.0,0.268,12.0,13.95,12.0,13.95,0.77,0.126,22.46,10.88,12.44,23.32,23.98,9.3,57.0,0.17,22.0,38.6,3.0,5.26,0.513,0.13199999999999998,24.24,12.65,18.58,31.23,29.52,21.15,253.0,0.214,77.0,30.43,19.0,7.51,0.671,0.183,28.04,14.1,15.88,29.98,27.99,24.6
745572,2024-06-02,2024,592206,R,681676,R,single,False,False,171.0,0.2,34.0,19.88,13.0,7.6,0.5720000000000001,0.10299999999999998,33.33,19.46,9.9,29.36,38.56,18.68,485.0,0.252,140.0,28.87,25.0,5.15,0.733,0.192,37.06,20.57,11.78,32.36,40.41,25.27,55.0,0.235,18.0,32.73,4.0,7.27,0.5660000000000001,0.040000000000000036,36.7,18.26,14.61,32.88,30.97,26.87,,,,,,,,,,,,,,
745572,2024-06-02,2024,593160,R,681676,R,force_out,False,False,58.0,0.167,6.0,10.34,9.0,15.52,0.506,0.04099999999999998,15.69,7.17,15.7,22.87,25.42,10.91,446.0,0.277,80.0,17.94,27.0,6.05,0.7030000000000001,0.1019999999999999,20.17,10.18,16.71,26.89,32.97,15.33,55.0,0.235,18.0,32.73,4.0,7.27,0.5660000000000001,0.040000000000000036,36.7,18.26,14.61,32.88,30.97,26.87,,,,,,,,,,,,,,
745572,2024-06-02,2024,596117,L,681676,R,field_out,False,False,31.0,0.185,6.0,19.35,4.0,12.9,0.475,0.0,26.53,12.26,20.75,33.02,30.36,26.09,94.0,0.19,22.0,23.4,7.0,7.45,0.5549999999999999,0.0959999999999999,24.71,11.35,19.19,30.54,31.94,18.8,41.0,0.235,10.0,24.39,4.0,9.76,0.821,0.236,28.4,12.78,15.0,27.78,24.18,18.87,,,,,,,,,,,,,,
745572,2024-06-02,2024,679032,R,681676,R,single,False,False,123.0,0.228,17.0,13.82,6.0,4.88,0.589,0.088,23.19,10.86,19.68,30.54,33.03,13.39,100.0,0.281,23.0,23.0,4.0,4.0,0.76,0.1459999999999999,25.82,13.95,16.32,30.27,40.0,25.27,55.0,0.235,18.0,32.73,4.0,7.27,0.5660000000000001,0.040000000000000036,36.7,18.26,14.61,32.88,30.97,26.87,,,,,,,,,,,,,,
745572,2024-06-02,2024,656941,L,668941,L,strikeout,True,False,104.0,0.333,29.0,27.88,17.0,16.35,0.9590000000000001,0.184,33.96,12.83,21.62,34.44,19.02,26.13,253.0,0.188,87.0,34.39,41.0,16.21,0.758,0.242,32.04,11.82,21.04,32.86,21.61,24.51,35.0,0.182,11.0,31.43,2.0,5.71,0.41100000000000003,0.0,32.76,13.01,22.6,35.62,25.0,23.4,42.0,0.105,12.0,28.57,3.0,7.14,0.276,0.0,35.82,14.29,23.21,37.5,22.67,23.53
745572,2024-06-02,2024,672279,L,689147,R,strikeout,True,False,73.0,0.292,18.0,24.66,5.0,6.85,0.7430000000000001,0.10800000000000004,27.48,13.0,17.69,30.69,26.72,20.93,3.0,0.0,1.0,33.33,0.0,0.0,0.0,0.0,40.0,14.29,21.43,35.71,0.0,50.0,37.0,0.226,10.0,27.03,2.0,5.41,0.54,0.0,23.08,10.98,21.95,32.93,23.53,13.7,7.0,0.143,5.0,71.43,0.0,0.0,0.4289999999999999,0.143,63.64,26.92,30.77,57.69,41.67,71.43
745572,2024-06-02,2024,691026,R,689147,R,field_out,False,False,117.0,0.324,18.0,15.38,9.0,7.69,0.7769999999999999,0.08799999999999997,17.51,8.1,18.55,26.65,28.12,13.24,100.0,0.161,19.0,19.0,9.0,9.0,0.478,0.0799999999999999,21.56,9.11,22.03,31.14,24.87,14.88,41.0,0.205,8.0,19.51,2.0,4.88,0.5,0.05100000000000002,28.38,13.29,18.99,32.28,28.57,17.02,7.0,0.4,1.0,14.29,2.0,28.57,0.971,0.0,18.18,5.71,22.86,28.57,25.0,10.0
745572,2024-06-02,2024,676475,L,689147,R,field_out,False,False,121.0,0.31,20.0,16.53,5.0,4.13,0.779,0.13,20.08,11.42,12.35,23.78,35.05,17.09,318.0,0.243,39.0,12.26,21.0,6.6,0.698,0.156,17.66,9.16,14.01,23.17,33.05,13.13,37.0,0.226,10.0,27.03,2.0,5.41,0.54,0.0,23.08,10.98,21.95,32.93,23.53,13.7,7.0,0.143,5.0,71.43,0.0,0.0,0.4289999999999999,0.143,63.64,26.92,30.77,57.69,41.67,71.43
745572,2024-06-02,2024,681082,L,668941,L,field_out,False,False,58.0,0.265,10.0,17.24,8.0,13.79,0.726,0.08199999999999996,16.87,6.09,24.35,30.43,15.74,16.95,167.0,0.282,24.0,14.37,13.0,7.78,0.73,0.101,17.59,7.8,22.11,29.91,32.56,10.39,35.0,0.182,11.0,31.43,2.0,5.71,0.41100000000000003,0.0,32.76,13.01,22.6,35.62,25.0,23.4,42.0,0.105,12.0,28.57,3.0,7.14,0.276,0.0,35.82,14.29,23.21,37.5,22.67,23.53
745572,2024-06-02,2024,547180,L,668941,L,strikeout,True,False,91.0,0.273,25.0,27.47,13.0,14.29,0.868,0.22099999999999997,31.18,15.72,10.3,26.02,32.34,23.81,171.0,0.289,39.0,22.81,20.0,11.7,0.884,0.221,38.61,20.03,9.85,29.89,35.59,22.41,35.0,0.182,11.0,31.43,2.0,5.71,0.41100000000000003,0.0,32.76,13.01,22.6,35.62,25.0,23.4,42.0,0.105,12.0,28.57,3.0,7.14,0.276,0.0,35.82,14.29,23.21,37.5,22.67,23.53
745572,2024-06-02,2024,664761,R,668941,L,field_out,False,False,79.0,0.288,10.0,12.66,6.0,7.59,0.808,0.17800000000000005,12.5,6.01,14.49,20.49,24.65,12.82,167.0,0.303,26.0,15.57,8.0,4.79,0.929,0.291,20.3,10.86,12.97,23.82,35.24,14.21,70.0,0.203,15.0,21.43,2.0,2.86,0.558,0.10899999999999999,25.37,12.83,16.98,29.81,31.45,20.0,106.0,0.26,30.0,28.3,7.0,6.6,0.6890000000000001,0.1149999999999999,36.41,18.59,17.02,35.6,31.89,28.04
745572,2024-06-02,2024,502671,R,656546,R,single,False,False,175.0,0.21,60.0,34.29,16.0,9.14,0.6439999999999999,0.147,30.64,14.65,18.38,33.02,30.34,21.32,518.0,0.259,120.0,23.17,67.0,12.93,0.8049999999999999,0.187,27.85,12.3,17.85,30.16,25.85,17.44,60.0,0.151,20.0,33.33,5.0,8.33,0.39,0.019000000000000017,38.02,19.09,14.94,34.02,31.67,25.0,129.0,0.122,43.0,33.33,10.0,7.75,0.423,0.104,34.44,17.65,14.42,32.07,34.34,24.57
745572,2024-06-02,2024,669357,L,656546,R,strikeout,True,False,132.0,0.222,49.0,37.12,14.0,10.61,0.732,0.205,40.58,20.36,13.82,34.18,32.28,26.49,378.0,0.231,124.0,32.8,42.0,11.11,0.7969999999999999,0.2459999999999999,35.96,17.73,12.12,29.85,28.13,25.15,38.0,0.25,12.0,31.58,2.0,5.26,0.7609999999999999,0.22199999999999998,30.77,17.14,12.14,29.29,41.54,27.91,80.0,0.221,26.0,32.5,9.0,11.25,0.63,0.088,34.86,17.48,12.61,30.09,33.51,21.31
745572,2024-06-02,2024,571448,R,656546,R,single,False,False,179.0,0.275,34.0,18.99,14.0,7.82,0.7290000000000001,0.119,21.86,9.59,20.31,29.9,30.24,16.67,468.0,0.28,81.0,17.31,31.0,6.62,0.8089999999999999,0.2009999999999999,20.4,9.71,17.28,26.99,33.33,16.43,60.0,0.151,20.0,33.33,5.0,8.33,0.39,0.019000000000000017,38.02,19.09,14.94,34.02,31.67,25.0,129.0,0.122,43.0,33.33,10.0,7.75,0.423,0.104,34.44,17.65,14.42,32.07,34.34,24.57
745572,2024-06-02,2024,572761,L,656546,R,field_out,False,False,38.0,0.212,12.0,31.58,4.0,10.53,0.63,0.12100000000000002,31.94,14.2,14.81,29.01,23.46,26.67,220.0,0.167,64.0,29.09,38.0,17.27,0.616,0.1319999999999999,29.37,12.01,18.83,30.84,21.25,22.78,38.0,0.25,12.0,31.58,2.0,5.26,0.7609999999999999,0.22199999999999998,30.77,17.14,12.14,29.29,41.54,27.91,80.0,0.221,26.0,32.5,9.0,11.25,0.63,0.088,34.86,17.48,12.61,30.09,33.51,21.31
745572,2024-06-02,2024,671056,R,656546,R,field_out,False,False,97.0,0.264,25.0,25.77,8.0,8.25,0.675,0.08099999999999996,26.25,10.94,20.57,31.51,28.57,22.52,36.0,0.3,10.0,27.78,4.0,11.11,0.784,0.067,28.57,12.05,14.46,26.51,27.08,17.31,60.0,0.151,20.0,33.33,5.0,8.33,0.39,0.019000000000000017,38.02,19.09,14.94,34.02,31.67,25.0,129.0,0.122,43.0,33.33,10.0,7.75,0.423,0.104,34.44,17.65,14.42,32.07,34.34,24.57
745572,2024-06-02,2024,669016,L,552640,R,single,False,False,140.0,0.301,34.0,24.29,15.0,10.71,0.878,0.203,22.22,8.96,18.24,27.2,23.28,16.83,363.0,0.292,101.0,27.82,47.0,12.95,0.864,0.185,25.19,10.97,17.37,28.35,25.74,21.31,37.0,0.314,11.0,29.73,2.0,5.41,0.894,0.22900000000000004,31.4,18.49,11.64,30.14,38.03,18.33,19.0,0.118,3.0,15.79,2.0,10.53,0.505,0.176,17.02,10.0,11.25,21.25,43.59,8.57
745572,2024-06-02,2024,592206,R,552640,R,single,False,False,171.0,0.2,34.0,19.88,13.0,7.6,0.5720000000000001,0.10299999999999998,33.33,19.46,9.9,29.36,38.56,18.68,485.0,0.252,140.0,28.87,25.0,5.15,0.733,0.192,37.06,20.57,11.78,32.36,40.41,25.27,56.0,0.173,13.0,23.21,4.0,7.14,0.482,0.07700000000000001,25.69,13.79,15.27,29.06,40.38,23.21,31.0,0.333,7.0,22.58,0.0,0.0,0.788,0.0999999999999999,20.0,11.21,15.89,27.1,40.0,22.58
745572,2024-06-02,2024,593160,R,552640,R,force_out,False,False,58.0,0.167,6.0,10.34,9.0,15.52,0.506,0.04099999999999998,15.69,7.17,15.7,22.87,25.42,10.91,446.0,0.277,80.0,17.94,27.0,6.05,0.7030000000000001,0.1019999999999999,20.17,10.18,16.71,26.89,32.97,15.33,56.0,0.173,13.0,23.21,4.0,7.14,0.482,0.07700000000000001,25.69,13.79,15.27,29.06,40.38,23.21,31.0,0.333,7.0,22.58,0.0,0.0,0.788,0.0999999999999999,20.0,11.21,15.89,27.1,40.0,22.58
745572,2024-06-02,2024,596117,L,552640,R,strikeout,True,False,31.0,0.185,6.0,19.35,4.0,12.9,0.475,0.0,26.53,12.26,20.75,33.02,30.36,26.09,94.0,0.19,22.0,23.4,7.0,7.45,0.5549999999999999,0.0959999999999999,24.71,11.35,19.19,30.54,31.94,18.8,37.0,0.314,11.0,29.73,2.0,5.41,0.894,0.22900000000000004,31.4,18.49,11.64,30.14,38.03,18.33,19.0,0.118,3.0,15.79,2.0,10.53,0.505,0.176,17.02,10.0,11.25,21.25,43.59,8.57
745572,2024-06-02,2024,679032,R,552640,R,field_out,False,False,123.0,0.228,17.0,13.82,6.0,4.88,0.589,0.088,23.19,10.86,19.68,30.54,33.03,13.39,100.0,0.281,23.0,23.0,4.0,4.0,0.76,0.1459999999999999,25.82,13.95,16.32,30.27,40.0,25.27,56.0,0.173,13.0,23.21,4.0,7.14,0.482,0.07700000000000001,25.69,13.79,15.27,29.06,40.38,23.21,31.0,0.333,7.0,22.58,0.0,0.0,0.788,0.0999999999999999,20.0,11.21,15.89,27.1,40.0,22.58
745572,2024-06-02,2024,666185,R,621237,L,field_out,False,False,29.0,0.2,5.0,17.24,4.0,13.79,0.51,0.0,31.48,16.04,12.26,28.3,33.33,20.83,86.0,0.268,12.0,13.95,12.0,13.95,0.77,0.126,22.46,10.88,12.44,23.32,23.98,9.3,69.0,0.246,19.0,27.54,7.0,10.14,0.6799999999999999,0.11499999999999999,25.69,12.37,14.38,26.76,31.25,18.27,126.0,0.187,51.0,40.48,18.0,14.29,0.612,0.121,38.81,19.34,13.24,32.58,30.61,23.83
745572,2024-06-02,2024,672279,L,621237,L,field_out,False,False,46.0,0.075,13.0,28.26,2.0,4.35,0.21500000000000002,0.0,24.21,13.14,18.86,32.0,34.29,18.57,3.0,0.0,0.0,0.0,1.0,33.33,0.333,0.0,33.33,6.67,20.0,26.67,10.0,0.0,29.0,0.077,5.0,17.24,3.0,10.34,0.287,0.038000000000000006,24.07,12.75,18.63,31.37,39.53,16.13,47.0,0.217,13.0,27.66,0.0,0.0,0.521,0.087,14.81,7.02,22.81,29.82,36.84,27.66
745572,2024-06-02,2024,691026,R,621237,L,strikeout,True,False,66.0,0.262,12.0,18.18,5.0,7.58,0.777,0.197,13.64,6.52,17.75,24.28,33.33,15.79,37.0,0.2,7.0,18.92,1.0,2.7,0.445,0.0289999999999999,21.54,10.0,20.0,30.0,25.4,18.92,69.0,0.246,19.0,27.54,7.0,10.14,0.6799999999999999,0.11499999999999999,25.69,12.37,14.38,26.76,31.25,18.27,126.0,0.187,51.0,40.48,18.0,14.29,0.612,0.121,38.81,19.34,13.24,32.58,30.61,23.83
745572,2024-06-02,2024,656941,L,667463,L,field_out,False,False,104.0,0.333,29.0,27.88,17.0,16.35,0.9590000000000001,0.184,33.96,12.83,21.62,34.44,19.02,26.13,253.0,0.188,87.0,34.39,41.0,16.21,0.758,0.242,32.04,11.82,21.04,32.86,21.61,24.51,32.0,0.233,5.0,15.62,1.0,3.12,0.748,0.234,22.22,10.62,17.7,28.32,29.63,18.52,53.0,0.347,8.0,15.09,3.0,5.66,0.7929999999999999,0.061,23.08,11.6,17.68,29.28,28.75,17.39
745572,2024-06-02,2024,681082,L,667463,L,field_out,False,False,58.0,0.265,10.0,17.24,8.0,13.79,0.726,0.08199999999999996,16.87,6.09,24.35,30.43,15.74,16.95,167.0,0.282,24.0,14.37,13.0,7.78,0.73,0.101,17.59,7.8,22.11,29.91,32.56,10.39,32.0,0.233,5.0,15.62,1.0,3.12,0.748,0.234,22.22,10.62,17.7,28.32,29.63,18.52,53.0,0.347,8.0,15.09,3.0,5.66,0.7929999999999999,0.061,23.08,11.6,17.68,29.28,28.75,17.39
745572,2024-06-02,2024,547180,L,667463,L,field_out,False,False,91.0,0.273,25.0,27.47,13.0,14.29,0.868,0.22099999999999997,31.18,15.72,10.3,26.02,32.34,23.81,171.0,0.289,39.0,22.81,20.0,11.7,0.884,0.221,38.61,20.03,9.85,29.89,35.59,22.41,32.0,0.233,5.0,15.62,1.0,3.12,0.748,0.234,22.22,10.62,17.7,28.32,29.63,18.52,53.0,0.347,8.0,15.09,3.0,5.66,0.7929999999999999,0.061,23.08,11.6,17.68,29.28,28.75,17.39
745572,2024-06-02,2024,676475,L,642397,L,field_out,False,False,47.0,0.182,5.0,10.64,2.0,4.26,0.535,0.136,20.41,11.63,10.47,22.09,31.65,10.64,29.0,0.259,6.0,20.69,2.0,6.9,0.606,0.0369999999999999,18.18,9.62,19.23,28.85,41.82,19.35,25.0,0.217,5.0,20.0,2.0,8.0,0.628,0.13099999999999998,21.05,8.89,22.22,31.11,32.56,17.24,88.0,0.127,20.0,22.73,7.0,7.95,0.433,0.101,31.33,14.03,22.09,36.12,32.03,18.87
745572,2024-06-02,2024,502671,R,642397,L,field_out,False,False,65.0,0.255,12.0,18.46,7.0,10.77,0.713,0.10899999999999999,22.69,9.57,19.15,28.72,24.82,12.12,170.0,0.295,41.0,24.12,20.0,11.76,0.8260000000000001,0.155,26.26,11.0,20.45,31.45,28.73,20.4,57.0,0.341,14.0,24.56,10.0,17.54,0.911,0.11399999999999999,34.29,15.93,11.06,26.99,27.43,22.95,162.0,0.255,45.0,27.78,15.0,9.26,0.72,0.138,35.35,17.56,15.35,32.91,29.93,22.5
745572,2024-06-02,2024,669357,L,642397,L,single,False,False,62.0,0.204,20.0,32.26,7.0,11.29,0.758,0.259,34.26,15.55,17.65,33.19,30.58,25.32,86.0,0.26,24.0,27.91,11.0,12.79,0.839,0.2189999999999999,33.77,15.79,17.34,33.13,24.68,27.59,25.0,0.217,5.0,20.0,2.0,8.0,0.628,0.13099999999999998,21.05,8.89,22.22,31.11,32.56,17.24,88.0,0.127,20.0,22.73,7.0,7.95,0.433,0.101,31.33,14.03,22.09,36.12,32.03,18.87
745572,2024-06-02,2024,571448,R,642397,L,single,False,False,51.0,0.18,4.0,7.84,1.0,1.96,0.496,0.12,20.0,9.66,17.61,27.27,31.71,11.11,146.0,0.22,20.0,13.7,10.0,6.85,0.662,0.166,19.62,9.73,14.31,24.05,36.88,13.25,57.0,0.341,14.0,24.56,10.0,17.54,0.911,0.11399999999999999,34.29,15.93,11.06,26.99,27.43,22.95,162.0,0.255,45.0,27.78,15.0,9.26,0.72,0.138,35.35,17.56,15.35,32.91,29.93,22.5
745572,2024-06-02,2024,665877,R,642397,L,force_out,False,False,15.0,0.214,2.0,13.33,1.0,6.67,0.481,0.0,7.14,3.17,19.05,22.22,25.0,9.52,19.0,0.176,2.0,10.53,2.0,10.53,0.439,0.0,7.41,3.08,23.08,26.15,30.0,13.33,57.0,0.341,14.0,24.56,10.0,17.54,0.911,0.11399999999999999,34.29,15.93,11.06,26.99,27.43,22.95,162.0,0.255,45.0,27.78,15.0,9.26,0.72,0.138,35.35,17.56,15.35,32.91,29.93,22.5
745572,2024-06-02,2024,664761,R,664854,R,field_out,False,False,164.0,0.322,23.0,14.02,12.0,7.32,0.885,0.185,17.04,8.08,15.11,23.2,24.81,16.18,445.0,0.263,68.0,15.28,34.0,7.64,0.7010000000000001,0.1139999999999999,17.17,8.27,16.06,24.33,28.14,13.48,50.0,0.304,8.0,16.0,3.0,6.0,0.7310000000000001,0.08700000000000002,29.79,16.28,13.37,29.65,29.11,18.18,80.0,0.134,30.0,37.5,10.0,12.5,0.402,0.03,37.93,19.76,13.17,32.93,33.13,27.27
745572,2024-06-02,2024,665506,R,664854,R,strikeout,True,False,18.0,0.235,7.0,38.89,0.0,0.0,0.45699999999999996,0.0,38.89,18.67,17.33,36.0,20.59,31.82,38.0,0.121,14.0,36.84,5.0,13.16,0.4489999999999999,0.091,39.47,18.18,14.55,32.73,25.3,24.56,50.0,0.304,8.0,16.0,3.0,6.0,0.7310000000000001,0.08700000000000002,29.79,16.28,13.37,29.65,29.11,18.18,80.0,0.134,30.0,37.5,10.0,12.5,0.402,0.03,37.93,19.76,13.17,32.93,33.13,27.27
745572,2024-06-02,2024,592206,R,664854,R,strikeout,True,False,171.0,0.2,34.0,19.88,13.0,7.6,0.5720000000000001,0.10299999999999998,33.33,19.46,9.9,29.36,38.56,18.68,485.0,0.252,140.0,28.87,25.0,5.15,0.733,0.192,37.06,20.57,11.78,32.36,40.41,25.27,50.0,0.304,8.0,16.0,3.0,6.0,0.7310000000000001,0.08700000000000002,29.79,16.28,13.37,29.65,29.11,18.18,80.0,0.134,30.0,37.5,10.0,12.5,0.402,0.03,37.93,19.76,13.17,32.93,33.13,27.27
745252,2024-06-02,2024,650859,L,622491,R,field_out,False,False,125.0,0.274,19.0,15.2,8.0,6.4,0.735,0.13299999999999995,19.23,10.23,12.5,22.73,33.05,14.62,322.0,0.24,60.0,18.63,31.0,9.63,0.7270000000000001,0.166,24.18,11.79,13.87,25.66,28.19,14.39,144.0,0.275,28.0,19.44,11.0,7.64,0.794,0.183,21.45,10.69,15.76,26.45,28.46,14.97,431.0,0.229,117.0,27.15,36.0,8.35,0.741,0.217,30.72,16.0,13.84,29.84,29.45,19.4
745252,2024-06-02,2024,666160,L,622491,R,field_out,False,False,127.0,0.182,35.0,27.56,6.0,4.72,0.484,0.08200000000000002,28.47,16.41,11.33,27.73,36.96,20.47,259.0,0.293,93.0,35.91,7.0,2.7,0.8620000000000001,0.249,38.62,24.01,9.43,33.44,46.84,30.07,144.0,0.275,28.0,19.44,11.0,7.64,0.794,0.183,21.45,10.69,15.76,26.45,28.46,14.97,431.0,0.229,117.0,27.15,36.0,8.35,0.741,0.217,30.72,16.0,13.84,29.84,29.45,19.4
745252,2024-06-02,2024,621493,R,622491,R,double,False,False,193.0,0.241,44.0,22.8,19.0,9.84,0.771,0.21800000000000003,22.09,9.8,18.5,28.3,18.5,20.19,295.0,0.233,61.0,20.68,27.0,9.15,0.702,0.148,23.43,10.4,15.98,26.37,23.09,17.78,153.0,0.213,47.0,30.72,8.0,5.23,0.628,0.163,32.41,16.83,14.26,31.09,34.43,23.98,373.0,0.205,102.0,27.35,20.0,5.36,0.591,0.132,30.45,15.84,15.15,30.98,33.29,22.7
745252,2024-06-02,2024,641432,L,622491,R,field_out,False,False,83.0,0.296,11.0,13.25,1.0,1.2,0.758,0.16100000000000003,14.38,7.43,15.88,23.31,28.57,14.67,139.0,0.256,15.0,10.79,13.0,9.35,0.756,0.176,14.22,5.56,19.54,25.1,21.32,10.83,144.0,0.275,28.0,19.44,11.0,7.64,0.794,0.183,21.45,10.69,15.76,26.45,28.46,14.97,431.0,0.229,117.0,27.15,36.0,8.35,0.741,0.217,30.72,16.0,13.84,29.84,29.45,19.4
745252,2024-06-02,2024,641487,L,656288,R,strikeout,True,False,110.0,0.177,27.0,24.55,12.0,10.91,0.585,0.135,19.37,7.99,19.87,27.86,19.11,19.42,446.0,0.266,84.0,18.83,67.0,15.02,0.845,0.197,18.19,6.93,19.49,26.42,17.9,17.39,145.0,0.31,24.0,16.55,14.0,9.66,0.942,0.26099999999999995,23.1,11.15,15.16,26.31,31.8,15.38,259.0,0.217,61.0,23.55,20.0,7.72,0.6319999999999999,0.1279999999999999,29.4,13.84,16.18,30.02,28.54,20.4
745252,2024-06-02,2024,668942,L,656288,R,double,False,False,154.0,0.287,25.0,16.23,15.0,9.74,0.796,0.14700000000000002,18.45,8.21,16.58,24.79,21.21,14.37,299.0,0.249,64.0,21.4,22.0,7.36,0.6559999999999999,0.1019999999999999,22.77,10.13,19.65,29.78,25.55,19.69,145.0,0.31,24.0,16.55,14.0,9.66,0.942,0.26099999999999995,23.1,11.15,15.16,26.31,31.8,15.38,259.0,0.217,61.0,23.55,20.0,7.72,0.6319999999999999,0.1279999999999999,29.4,13.84,16.18,30.02,28.54,20.4
745252,2024-06-02,2024,677594,R,656288,R,fielders_choice_out,False,False,187.0,0.246,52.0,27.81,11.0,5.88,0.585,0.044999999999999984,30.94,16.56,12.19,28.74,35.61,18.96,545.0,0.267,127.0,23.3,35.0,6.42,0.8109999999999999,0.2169999999999999,27.93,14.91,13.12,28.03,38.34,22.84,105.0,0.217,17.0,16.19,9.0,8.57,0.631,0.10900000000000001,22.04,10.38,16.46,26.84,25.76,15.32,277.0,0.271,78.0,28.16,16.0,5.78,0.8260000000000001,0.237,28.77,14.19,17.3,31.49,29.39,19.31
745252,2024-06-02,2024,663728,L,656288,R,strikeout,True,False,153.0,0.226,54.0,35.29,15.0,9.8,0.6950000000000001,0.168,30.54,15.57,13.28,28.85,31.7,22.94,462.0,0.235,126.0,27.27,47.0,10.17,0.7909999999999999,0.241,29.58,14.2,14.09,28.29,30.53,21.36,145.0,0.31,24.0,16.55,14.0,9.66,0.942,0.26099999999999995,23.1,11.15,15.16,26.31,31.8,15.38,259.0,0.217,61.0,23.55,20.0,7.72,0.6319999999999999,0.1279999999999999,29.4,13.84,16.18,30.02,28.54,20.4
745252,2024-06-02,2024,607680,R,622491,R,hit_by_pitch,False,False,60.0,0.278,11.0,18.33,3.0,5.0,0.8220000000000001,0.22199999999999998,21.43,11.16,16.28,27.44,38.18,15.49,95.0,0.202,22.0,23.16,4.0,4.21,0.58,0.1459999999999999,23.46,13.0,15.17,28.17,39.61,20.95,153.0,0.213,47.0,30.72,8.0,5.23,0.628,0.163,32.41,16.83,14.26,31.09,34.43,23.98,373.0,0.205,102.0,27.35,20.0,5.36,0.591,0.132,30.45,15.84,15.15,30.98,33.29,22.7
745252,2024-06-02,2024,681351,R,622491,R,strikeout_double_play,True,False,143.0,0.275,35.0,24.48,9.0,6.29,0.774,0.16799999999999998,33.21,16.7,16.51,33.21,35.69,19.55,154.0,0.22,38.0,24.68,9.0,5.84,0.757,0.262,32.06,17.0,13.8,30.81,36.07,19.69,153.0,0.213,47.0,30.72,8.0,5.23,0.628,0.163,32.41,16.83,14.26,31.09,34.43,23.98,373.0,0.205,102.0,27.35,20.0,5.36,0.591,0.132,30.45,15.84,15.15,30.98,33.29,22.7
745252,2024-06-02,2024,666176,R,622491,R,strikeout,True,False,125.0,0.18,41.0,32.8,8.0,6.4,0.5920000000000001,0.16200000000000003,30.52,14.73,15.12,29.84,30.34,21.93,43.0,0.205,18.0,41.86,4.0,9.3,0.7150000000000001,0.231,40.66,20.67,14.53,35.2,30.34,25.35,153.0,0.213,47.0,30.72,8.0,5.23,0.628,0.163,32.41,16.83,14.26,31.09,34.43,23.98,373.0,0.205,102.0,27.35,20.0,5.36,0.591,0.132,30.45,15.84,15.15,30.98,33.29,22.7
745252,2024-06-02,2024,664034,R,656288,R,field_out,False,False,154.0,0.254,38.0,24.68,8.0,5.19,0.6990000000000001,0.14,20.96,10.25,14.96,25.21,26.83,19.59,506.0,0.24,85.0,16.8,37.0,7.31,0.698,0.1169999999999999,22.16,11.42,13.69,25.11,32.3,15.51,105.0,0.217,17.0,16.19,9.0,8.57,0.631,0.10900000000000001,22.04,10.38,16.46,26.84,25.76,15.32,277.0,0.271,78.0,28.16,16.0,5.78,0.8260000000000001,0.237,28.77,14.19,17.3,31.49,29.39,19.31
745252,2024-06-02,2024,670042,L,656288,R,field_out,False,False,120.0,0.254,37.0,30.83,3.0,2.5,0.696,0.15000000000000002,34.15,18.88,10.56,29.44,31.51,31.36,363.0,0.247,112.0,30.85,26.0,7.16,0.8340000000000001,0.25,38.6,19.83,11.57,31.39,31.1,26.79,145.0,0.31,24.0,16.55,14.0,9.66,0.942,0.26099999999999995,23.1,11.15,15.16,26.31,31.8,15.38,259.0,0.217,61.0,23.55,20.0,7.72,0.6319999999999999,0.1279999999999999,29.4,13.84,16.18,30.02,28.54,20.4
745252,2024-06-02,2024,641598,R,656288,R,single,False,False,137.0,0.138,46.0,33.58,16.0,11.68,0.496,0.10299999999999998,34.53,13.85,23.56,37.41,20.99,25.41,262.0,0.25,70.0,26.72,25.0,9.54,0.845,0.267,25.84,10.63,19.22,29.85,18.71,21.21,105.0,0.217,17.0,16.19,9.0,8.57,0.631,0.10900000000000001,22.04,10.38,16.46,26.84,25.76,15.32,277.0,0.271,78.0,28.16,16.0,5.78,0.8260000000000001,0.237,28.77,14.19,17.3,31.49,29.39,19.31
745252,2024-06-02,2024,686527,L,656288,R,field_error,False,False,69.0,0.19,21.0,30.43,5.0,7.25,0.706,0.27,36.51,18.62,16.6,35.22,39.39,28.38,155.0,0.221,26.0,16.77,5.0,3.23,0.661,0.1879999999999999,24.65,13.73,16.86,30.59,41.27,21.85,145.0,0.31,24.0,16.55,14.0,9.66,0.942,0.26099999999999995,23.1,11.15,15.16,26.31,31.8,15.38,259.0,0.217,61.0,23.55,20.0,7.72,0.6319999999999999,0.1279999999999999,29.4,13.84,16.18,30.02,28.54,20.4
745252,2024-06-02,2024,669208,R,656288,R,field_out,False,False,5.0,0.25,0.0,0.0,1.0,20.0,0.65,0.0,0.0,0.0,16.67,16.67,9.09,0.0,,,,,,,,,,,,,,,105.0,0.217,17.0,16.19,9.0,8.57,0.631,0.10900000000000001,22.04,10.38,16.46,26.84,25.76,15.32,277.0,0.271,78.0,28.16,16.0,5.78,0.8260000000000001,0.237,28.77,14.19,17.3,31.49,29.39,19.31
745252,2024-06-02,2024,687263,R,622491,R,field_out,False,False,170.0,0.204,43.0,25.29,12.0,7.06,0.622,0.153,28.4,14.51,15.14,29.65,33.23,22.63,262.0,0.222,62.0,23.66,18.0,6.87,0.6599999999999999,0.1349999999999999,28.77,13.7,16.19,29.89,23.52,18.84,153.0,0.213,47.0,30.72,8.0,5.23,0.628,0.163,32.41,16.83,14.26,31.09,34.43,23.98,373.0,0.205,102.0,27.35,20.0,5.36,0.591,0.132,30.45,15.84,15.15,30.98,33.29,22.7
745252,2024-06-02,2024,677347,R,622491,R,single,False,False,26.0,0.143,8.0,30.77,5.0,19.23,0.641,0.19000000000000003,28.21,10.58,22.12,32.69,20.69,27.59,33.0,0.103,13.0,39.39,3.0,9.09,0.291,0.0,37.88,18.25,16.06,34.31,27.27,24.53,153.0,0.213,47.0,30.72,8.0,5.23,0.628,0.163,32.41,16.83,14.26,31.09,34.43,23.98,373.0,0.205,102.0,27.35,20.0,5.36,0.591,0.132,30.45,15.84,15.15,30.98,33.29,22.7
745252,2024-06-02,2024,650859,L,622491,R,field_out,False,False,125.0,0.274,19.0,15.2,8.0,6.4,0.735,0.13299999999999995,19.23,10.23,12.5,22.73,33.05,14.62,322.0,0.24,60.0,18.63,31.0,9.63,0.7270000000000001,0.166,24.18,11.79,13.87,25.66,28.19,14.39,144.0,0.275,28.0,19.44,11.0,7.64,0.794,0.183,21.45,10.69,15.76,26.45,28.46,14.97,431.0,0.229,117.0,27.15,36.0,8.35,0.741,0.217,30.72,16.0,13.84,29.84,29.45,19.4
745252,2024-06-02,2024,666160,L,622491,R,field_out,False,False,127.0,0.182,35.0,27.56,6.0,4.72,0.484,0.08200000000000002,28.47,16.41,11.33,27.73,36.96,20.47,259.0,0.293,93.0,35.91,7.0,2.7,0.8620000000000001,0.249,38.62,24.01,9.43,33.44,46.84,30.07,144.0,0.275,28.0,19.44,11.0,7.64,0.794,0.183,21.45,10.69,15.76,26.45,28.46,14.97,431.0,0.229,117.0,27.15,36.0,8.35,0.741,0.217,30.72,16.0,13.84,29.84,29.45,19.4
745252,2024-06-02,2024,641487,L,656288,R,field_out,False,False,110.0,0.177,27.0,24.55,12.0,10.91,0.585,0.135,19.37,7.99,19.87,27.86,19.11,19.42,446.0,0.266,84.0,18.83,67.0,15.02,0.845,0.197,18.19,6.93,19.49,26.42,17.9,17.39,145.0,0.31,24.0,16.55,14.0,9.66,0.942,0.26099999999999995,23.1,11.15,15.16,26.31,31.8,15.38,259.0,0.217,61.0,23.55,20.0,7.72,0.6319999999999999,0.1279999999999999,29.4,13.84,16.18,30.02,28.54,20.4
745252,2024-06-02,2024,668942,L,656288,R,field_out,False,False,154.0,0.287,25.0,16.23,15.0,9.74,0.796,0.14700000000000002,18.45,8.21,16.58,24.79,21.21,14.37,299.0,0.249,64.0,21.4,22.0,7.36,0.6559999999999999,0.1019999999999999,22.77,10.13,19.65,29.78,25.55,19.69,145.0,0.31,24.0,16.55,14.0,9.66,0.942,0.26099999999999995,23.1,11.15,15.16,26.31,31.8,15.38,259.0,0.217,61.0,23.55,20.0,7.72,0.6319999999999999,0.1279999999999999,29.4,13.84,16.18,30.02,28.54,20.4
745252,2024-06-02,2024,677594,R,656288,R,field_out,False,False,187.0,0.246,52.0,27.81,11.0,5.88,0.585,0.044999999999999984,30.94,16.56,12.19,28.74,35.61,18.96,545.0,0.267,127.0,23.3,35.0,6.42,0.8109999999999999,0.2169999999999999,27.93,14.91,13.12,28.03,38.34,22.84,105.0,0.217,17.0,16.19,9.0,8.57,0.631,0.10900000000000001,22.04,10.38,16.46,26.84,25.76,15.32,277.0,0.271,78.0,28.16,16.0,5.78,0.8260000000000001,0.237,28.77,14.19,17.3,31.49,29.39,19.31
745252,2024-06-02,2024,621493,R,622491,R,walk,False,True,193.0,0.241,44.0,22.8,19.0,9.84,0.771,0.21800000000000003,22.09,9.8,18.5,28.3,18.5,20.19,295.0,0.233,61.0,20.68,27.0,9.15,0.702,0.148,23.43,10.4,15.98,26.37,23.09,17.78,153.0,0.213,47.0,30.72,8.0,5.23,0.628,0.163,32.41,16.83,14.26,31.09,34.43,23.98,373.0,0.205,102.0,27.35,20.0,5.36,0.591,0.132,30.45,15.84,15.15,30.98,33.29,22.7
745252,2024-06-02,2024,641432,L,622491,R,strikeout,True,False,83.0,0.296,11.0,13.25,1.0,1.2,0.758,0.16100000000000003,14.38,7.43,15.88,23.31,28.57,14.67,139.0,0.256,15.0,10.79,13.0,9.35,0.756,0.176,14.22,5.56,19.54,25.1,21.32,10.83,144.0,0.275,28.0,19.44,11.0,7.64,0.794,0.183,21.45,10.69,15.76,26.45,28.46,14.97,431.0,0.229,117.0,27.15,36.0,8.35,0.741,0.217,30.72,16.0,13.84,29.84,29.45,19.4
745252,2024-06-02,2024,607680,R,622491,R,field_out,False,False,60.0,0.278,11.0,18.33,3.0,5.0,0.8220000000000001,0.22199999999999998,21.43,11.16,16.28,27.44,38.18,15.49,95.0,0.202,22.0,23.16,4.0,4.21,0.58,0.1459999999999999,23.46,13.0,15.17,28.17,39.61,20.95,153.0,0.213,47.0,30.72,8.0,5.23,0.628,0.163,32.41,16.83,14.26,31.09,34.43,23.98,373.0,0.205,102.0,27.35,20.0,5.36,0.591,0.132,30.45,15.84,15.15,30.98,33.29,22.7
745252,2024-06-02,2024,681351,R,622491,R,walk,False,True,143.0,0.275,35.0,24.48,9.0,6.29,0.774,0.16799999999999998,33.21,16.7,16.51,33.21,35.69,19.55,154.0,0.22,38.0,24.68,9.0,5.84,0.757,0.262,32.06,17.0,13.8,30.81,36.07,19.69,153.0,0.213,47.0,30.72,8.0,5.23,0.628,0.163,32.41,16.83,14.26,31.09,34.43,23.98,373.0,0.205,102.0,27.35,20.0,5.36,0.591,0.132,30.45,15.84,15.15,30.98,33.29,22.7
745252,2024-06-02,2024,666176,R,622491,R,field_out,False,False,125.0,0.18,41.0,32.8,8.0,6.4,0.5920000000000001,0.16200000000000003,30.52,14.73,15.12,29.84,30.34,21.93,43.0,0.205,18.0,41.86,4.0,9.3,0.7150000000000001,0.231,40.66,20.67,14.53,35.2,30.34,25.35,153.0,0.213,47.0,30.72,8.0,5.23,0.628,0.163,32.41,16.83,14.26,31.09,34.43,23.98,373.0,0.205,102.0,27.35,20.0,5.36,0.591,0.132,30.45,15.84,15.15,30.98,33.29,22.7
745252,2024-06-02,2024,663728,L,656288,R,single,False,False,153.0,0.226,54.0,35.29,15.0,9.8,0.6950000000000001,0.168,30.54,15.57,13.28,28.85,31.7,22.94,462.0,0.235,126.0,27.27,47.0,10.17,0.7909999999999999,0.241,29.58,14.2,14.09,28.29,30.53,21.36,145.0,0.31,24.0,16.55,14.0,9.66,0.942,0.26099999999999995,23.1,11.15,15.16,26.31,31.8,15.38,259.0,0.217,61.0,23.55,20.0,7.72,0.6319999999999999,0.1279999999999999,29.4,13.84,16.18,30.02,28.54,20.4
745252,2024-06-02,2024,664034,R,656288,R,grounded_into_double_play,False,False,154.0,0.254,38.0,24.68,8.0,5.19,0.6990000000000001,0.14,20.96,10.25,14.96,25.21,26.83,19.59,506.0,0.24,85.0,16.8,37.0,7.31,0.698,0.1169999999999999,22.16,11.42,13.69,25.11,32.3,15.51,105.0,0.217,17.0,16.19,9.0,8.57,0.631,0.10900000000000001,22.04,10.38,16.46,26.84,25.76,15.32,277.0,0.271,78.0,28.16,16.0,5.78,0.8260000000000001,0.237,28.77,14.19,17.3,31.49,29.39,19.31
745252,2024-06-02,2024,670042,L,656288,R,home_run,False,False,120.0,0.254,37.0,30.83,3.0,2.5,0.696,0.15000000000000002,34.15,18.88,10.56,29.44,31.51,31.36,363.0,0.247,112.0,30.85,26.0,7.16,0.8340000000000001,0.25,38.6,19.83,11.57,31.39,31.1,26.79,145.0,0.31,24.0,16.55,14.0,9.66,0.942,0.26099999999999995,23.1,11.15,15.16,26.31,31.8,15.38,259.0,0.217,61.0,23.55,20.0,7.72,0.6319999999999999,0.1279999999999999,29.4,13.84,16.18,30.02,28.54,20.4
745252,2024-06-02,2024,641598,R,656288,R,strikeout,True,False,137.0,0.138,46.0,33.58,16.0,11.68,0.496,0.10299999999999998,34.53,13.85,23.56,37.41,20.99,25.41,262.0,0.25,70.0,26.72,25.0,9.54,0.845,0.267,25.84,10.63,19.22,29.85,18.71,21.21,105.0,0.217,17.0,16.19,9.0,8.57,0.631,0.10900000000000001,22.04,10.38,16.46,26.84,25.76,15.32,277.0,0.271,78.0,28.16,16.0,5.78,0.8260000000000001,0.237,28.77,14.19,17.3,31.49,29.39,19.31
745252,2024-06-02,2024,687263,R,622491,R,field_out,False,False,170.0,0.204,43.0,25.29,12.0,7.06,0.622,0.153,28.4,14.51,15.14,29.65,33.23,22.63,262.0,0.222,62.0,23.66,18.0,6.87,0.6599999999999999,0.1349999999999999,28.77,13.7,16.19,29.89,23.52,18.84,153.0,0.213,47.0,30.72,8.0,5.23,0.628,0.163,32.41,16.83,14.26,31.09,34.43,23.98,373.0,0.205,102.0,27.35,20.0,5.36,0.591,0.132,30.45,15.84,15.15,30.98,33.29,22.7
745252,2024-06-02,2024,677347,R,622491,R,walk,False,True,26.0,0.143,8.0,30.77,5.0,19.23,0.641,0.19000000000000003,28.21,10.58,22.12,32.69,20.69,27.59,33.0,0.103,13.0,39.39,3.0,9.09,0.291,0.0,37.88,18.25,16.06,34.31,27.27,24.53,153.0,0.213,47.0,30.72,8.0,5.23,0.628,0.163,32.41,16.83,14.26,31.09,34.43,23.98,373.0,0.205,102.0,27.35,20.0,5.36,0.591,0.132,30.45,15.84,15.15,30.98,33.29,22.7
745252,2024-06-02,2024,650859,L,622491,R,force_out,False,False,125.0,0.274,19.0,15.2,8.0,6.4,0.735,0.13299999999999995,19.23,10.23,12.5,22.73,33.05,14.62,322.0,0.24,60.0,18.63,31.0,9.63,0.7270000000000001,0.166,24.18,11.79,13.87,25.66,28.19,14.39,144.0,0.275,28.0,19.44,11.0,7.64,0.794,0.183,21.45,10.69,15.76,26.45,28.46,14.97,431.0,0.229,117.0,27.15,36.0,8.35,0.741,0.217,30.72,16.0,13.84,29.84,29.45,19.4
745252,2024-06-02,2024,666160,L,622491,R,field_out,False,False,127.0,0.182,35.0,27.56,6.0,4.72,0.484,0.08200000000000002,28.47,16.41,11.33,27.73,36.96,20.47,259.0,0.293,93.0,35.91,7.0,2.7,0.8620000000000001,0.249,38.62,24.01,9.43,33.44,46.84,30.07,144.0,0.275,28.0,19.44,11.0,7.64,0.794,0.183,21.45,10.69,15.76,26.45,28.46,14.97,431.0,0.229,117.0,27.15,36.0,8.35,0.741,0.217,30.72,16.0,13.84,29.84,29.45,19.4
745252,2024-06-02,2024,686527,L,656288,R,field_out,False,False,69.0,0.19,21.0,30.43,5.0,7.25,0.706,0.27,36.51,18.62,16.6,35.22,39.39,28.38,155.0,0.221,26.0,16.77,5.0,3.23,0.661,0.1879999999999999,24.65,13.73,16.86,30.59,41.27,21.85,145.0,0.31,24.0,16.55,14.0,9.66,0.942,0.26099999999999995,23.1,11.15,15.16,26.31,31.8,15.38,259.0,0.217,61.0,23.55,20.0,7.72,0.6319999999999999,0.1279999999999999,29.4,13.84,16.18,30.02,28.54,20.4
745252,2024-06-02,2024,669208,R,656288,R,field_out,False,False,5.0,0.25,0.0,0.0,1.0,20.0,0.65,0.0,0.0,0.0,16.67,16.67,9.09,0.0,,,,,,,,,,,,,,,105.0,0.217,17.0,16.19,9.0,8.57,0.631,0.10900000000000001,22.04,10.38,16.46,26.84,25.76,15.32,277.0,0.271,78.0,28.16,16.0,5.78,0.8260000000000001,0.237,28.77,14.19,17.3,31.49,29.39,19.31
745252,2024-06-02,2024,641487,L,656288,R,field_out,False,False,110.0,0.177,27.0,24.55,12.0,10.91,0.585,0.135,19.37,7.99,19.87,27.86,19.11,19.42,446.0,0.266,84.0,18.83,67.0,15.02,0.845,0.197,18.19,6.93,19.49,26.42,17.9,17.39,145.0,0.31,24.0,16.55,14.0,9.66,0.942,0.26099999999999995,23.1,11.15,15.16,26.31,31.8,15.38,259.0,0.217,61.0,23.55,20.0,7.72,0.6319999999999999,0.1279999999999999,29.4,13.84,16.18,30.02,28.54,20.4
745252,2024-06-02,2024,621493,R,622491,R,strikeout,True,False,193.0,0.241,44.0,22.8,19.0,9.84,0.771,0.21800000000000003,22.09,9.8,18.5,28.3,18.5,20.19,295.0,0.233,61.0,20.68,27.0,9.15,0.702,0.148,23.43,10.4,15.98,26.37,23.09,17.78,153.0,0.213,47.0,30.72,8.0,5.23,0.628,0.163,32.41,16.83,14.26,31.09,34.43,23.98,373.0,0.205,102.0,27.35,20.0,5.36,0.591,0.132,30.45,15.84,15.15,30.98,33.29,22.7
745252,2024-06-02,2024,641432,L,622491,R,field_out,False,False,83.0,0.296,11.0,13.25,1.0,1.2,0.758,0.16100000000000003,14.38,7.43,15.88,23.31,28.57,14.67,139.0,0.256,15.0,10.79,13.0,9.35,0.756,0.176,14.22,5.56,19.54,25.1,21.32,10.83,144.0,0.275,28.0,19.44,11.0,7.64,0.794,0.183,21.45,10.69,15.76,26.45,28.46,14.97,431.0,0.229,117.0,27.15,36.0,8.35,0.741,0.217,30.72,16.0,13.84,29.84,29.45,19.4
745252,2024-06-02,2024,607680,R,622491,R,strikeout,True,False,60.0,0.278,11.0,18.33,3.0,5.0,0.8220000000000001,0.22199999999999998,21.43,11.16,16.28,27.44,38.18,15.49,95.0,0.202,22.0,23.16,4.0,4.21,0.58,0.1459999999999999,23.46,13.0,15.17,28.17,39.61,20.95,153.0,0.213,47.0,30.72,8.0,5.23,0.628,0.163,32.41,16.83,14.26,31.09,34.43,23.98,373.0,0.205,102.0,27.35,20.0,5.36,0.591,0.132,30.45,15.84,15.15,30.98,33.29,22.7
745252,2024-06-02,2024,668942,L,656288,R,field_out,False,False,154.0,0.287,25.0,16.23,15.0,9.74,0.796,0.14700000000000002,18.45,8.21,16.58,24.79,21.21,14.37,299.0,0.249,64.0,21.4,22.0,7.36,0.6559999999999999,0.1019999999999999,22.77,10.13,19.65,29.78,25.55,19.69,145.0,0.31,24.0,16.55,14.0,9.66,0.942,0.26099999999999995,23.1,11.15,15.16,26.31,31.8,15.38,259.0,0.217,61.0,23.55,20.0,7.72,0.6319999999999999,0.1279999999999999,29.4,13.84,16.18,30.02,28.54,20.4
745252,2024-06-02,2024,677594,R,656288,R,strikeout,True,False,187.0,0.246,52.0,27.81,11.0,5.88,0.585,0.044999999999999984,30.94,16.56,12.19,28.74,35.61,18.96,545.0,0.267,127.0,23.3,35.0,6.42,0.8109999999999999,0.2169999999999999,27.93,14.91,13.12,28.03,38.34,22.84,105.0,0.217,17.0,16.19,9.0,8.57,0.631,0.10900000000000001,22.04,10.38,16.46,26.84,25.76,15.32,277.0,0.271,78.0,28.16,16.0,5.78,0.8260000000000001,0.237,28.77,14.19,17.3,31.49,29.39,19.31
745252,2024-06-02,2024,663728,L,656288,R,field_out,False,False,153.0,0.226,54.0,35.29,15.0,9.8,0.6950000000000001,0.168,30.54,15.57,13.28,28.85,31.7,22.94,462.0,0.235,126.0,27.27,47.0,10.17,0.7909999999999999,0.241,29.58,14.2,14.09,28.29,30.53,21.36,145.0,0.31,24.0,16.55,14.0,9.66,0.942,0.26099999999999995,23.1,11.15,15.16,26.31,31.8,15.38,259.0,0.217,61.0,23.55,20.0,7.72,0.6319999999999999,0.1279999999999999,29.4,13.84,16.18,30.02,28.54,20.4
745252,2024-06-02,2024,681351,R,622491,R,field_out,False,False,143.0,0.275,35.0,24.48,9.0,6.29,0.774,0.16799999999999998,33.21,16.7,16.51,33.21,35.69,19.55,154.0,0.22,38.0,24.68,9.0,5.84,0.757,0.262,32.06,17.0,13.8,30.81,36.07,19.69,153.0,0.213,47.0,30.72,8.0,5.23,0.628,0.163,32.41,16.83,14.26,31.09,34.43,23.98,373.0,0.205,102.0,27.35,20.0,5.36,0.591,0.132,30.45,15.84,15.15,30.98,33.29,22.7
745252,2024-06-02,2024,666176,R,622491,R,strikeout,True,False,125.0,0.18,41.0,32.8,8.0,6.4,0.5920000000000001,0.16200000000000003,30.52,14.73,15.12,29.84,30.34,21.93,43.0,0.205,18.0,41.86,4.0,9.3,0.7150000000000001,0.231,40.66,20.67,14.53,35.2,30.34,25.35,153.0,0.213,47.0,30.72,8.0,5.23,0.628,0.163,32.41,16.83,14.26,31.09,34.43,23.98,373.0,0.205,102.0,27.35,20.0,5.36,0.591,0.132,30.45,15.84,15.15,30.98,33.29,22.7
745252,2024-06-02,2024,687263,R,622491,R,field_out,False,False,170.0,0.204,43.0,25.29,12.0,7.06,0.622,0.153,28.4,14.51,15.14,29.65,33.23,22.63,262.0,0.222,62.0,23.66,18.0,6.87,0.6599999999999999,0.1349999999999999,28.77,13.7,16.19,29.89,23.52,18.84,153.0,0.213,47.0,30.72,8.0,5.23,0.628,0.163,32.41,16.83,14.26,31.09,34.43,23.98,373.0,0.205,102.0,27.35,20.0,5.36,0.591,0.132,30.45,15.84,15.15,30.98,33.29,22.7
745252,2024-06-02,2024,664034,R,656288,R,field_out,False,False,154.0,0.254,38.0,24.68,8.0,5.19,0.6990000000000001,0.14,20.96,10.25,14.96,25.21,26.83,19.59,506.0,0.24,85.0,16.8,37.0,7.31,0.698,0.1169999999999999,22.16,11.42,13.69,25.11,32.3,15.51,105.0,0.217,17.0,16.19,9.0,8.57,0.631,0.10900000000000001,22.04,10.38,16.46,26.84,25.76,15.32,277.0,0.271,78.0,28.16,16.0,5.78,0.8260000000000001,0.237,28.77,14.19,17.3,31.49,29.39,19.31
745252,2024-06-02,2024,670042,L,656288,R,hit_by_pitch,False,False,120.0,0.254,37.0,30.83,3.0,2.5,0.696,0.15000000000000002,34.15,18.88,10.56,29.44,31.51,31.36,363.0,0.247,112.0,30.85,26.0,7.16,0.8340000000000001,0.25,38.6,19.83,11.57,31.39,31.1,26.79,145.0,0.31,24.0,16.55,14.0,9.66,0.942,0.26099999999999995,23.1,11.15,15.16,26.31,31.8,15.38,259.0,0.217,61.0,23.55,20.0,7.72,0.6319999999999999,0.1279999999999999,29.4,13.84,16.18,30.02,28.54,20.4
745252,2024-06-02,2024,641598,R,656288,R,field_out,False,False,137.0,0.138,46.0,33.58,16.0,11.68,0.496,0.10299999999999998,34.53,13.85,23.56,37.41,20.99,25.41,262.0,0.25,70.0,26.72,25.0,9.54,0.845,0.267,25.84,10.63,19.22,29.85,18.71,21.21,105.0,0.217,17.0,16.19,9.0,8.57,0.631,0.10900000000000001,22.04,10.38,16.46,26.84,25.76,15.32,277.0,0.271,78.0,28.16,16.0,5.78,0.8260000000000001,0.237,28.77,14.19,17.3,31.49,29.39,19.31
745252,2024-06-02,2024,686527,L,656288,R,walk,False,True,69.0,0.19,21.0,30.43,5.0,7.25,0.706,0.27,36.51,18.62,16.6,35.22,39.39,28.38,155.0,0.221,26.0,16.77,5.0,3.23,0.661,0.1879999999999999,24.65,13.73,16.86,30.59,41.27,21.85,145.0,0.31,24.0,16.55,14.0,9.66,0.942,0.26099999999999995,23.1,11.15,15.16,26.31,31.8,15.38,259.0,0.217,61.0,23.55,20.0,7.72,0.6319999999999999,0.1279999999999999,29.4,13.84,16.18,30.02,28.54,20.4
745252,2024-06-02,2024,669208,R,519326,R,field_out,False,False,5.0,0.25,0.0,0.0,1.0,20.0,0.65,0.0,0.0,0.0,16.67,16.67,9.09,0.0,,,,,,,,,,,,,,,61.0,0.2,16.0,26.23,1.0,1.64,0.53,0.11699999999999999,25.98,13.41,15.04,28.46,29.63,20.25,,,,,,,,,,,,,,
745252,2024-06-02,2024,677347,R,592773,R,strikeout,True,False,26.0,0.143,8.0,30.77,5.0,19.23,0.641,0.19000000000000003,28.21,10.58,22.12,32.69,20.69,27.59,33.0,0.103,13.0,39.39,3.0,9.09,0.291,0.0,37.88,18.25,16.06,34.31,27.27,24.53,43.0,0.179,12.0,27.91,3.0,6.98,0.46099999999999997,0.025999999999999995,28.26,15.57,13.17,28.74,35.37,20.34,116.0,0.231,31.0,26.72,11.0,9.48,0.752,0.211,31.3,16.45,11.54,27.99,28.0,17.61
745252,2024-06-02,2024,650859,L,592773,R,single,False,False,125.0,0.274,19.0,15.2,8.0,6.4,0.735,0.13299999999999995,19.23,10.23,12.5,22.73,33.05,14.62,322.0,0.24,60.0,18.63,31.0,9.63,0.7270000000000001,0.166,24.18,11.79,13.87,25.66,28.19,14.39,46.0,0.293,11.0,23.91,3.0,6.52,0.86,0.21900000000000003,27.37,13.98,15.05,29.03,32.61,17.46,97.0,0.209,20.0,20.62,10.0,10.31,0.615,0.117,29.95,15.58,9.3,24.87,27.09,18.02
745252,2024-06-02,2024,666160,L,592773,R,strikeout,True,False,127.0,0.182,35.0,27.56,6.0,4.72,0.484,0.08200000000000002,28.47,16.41,11.33,27.73,36.96,20.47,259.0,0.293,93.0,35.91,7.0,2.7,0.8620000000000001,0.249,38.62,24.01,9.43,33.44,46.84,30.07,46.0,0.293,11.0,23.91,3.0,6.52,0.86,0.21900000000000003,27.37,13.98,15.05,29.03,32.61,17.46,97.0,0.209,20.0,20.62,10.0,10.31,0.615,0.117,29.95,15.58,9.3,24.87,27.09,18.02
745252,2024-06-02,2024,621493,R,592773,R,field_out,False,False,193.0,0.241,44.0,22.8,19.0,9.84,0.771,0.21800000000000003,22.09,9.8,18.5,28.3,18.5,20.19,295.0,0.233,61.0,20.68,27.0,9.15,0.702,0.148,23.43,10.4,15.98,26.37,23.09,17.78,43.0,0.179,12.0,27.91,3.0,6.98,0.46099999999999997,0.025999999999999995,28.26,15.57,13.17,28.74,35.37,20.34,116.0,0.231,31.0,26.72,11.0,9.48,0.752,0.211,31.3,16.45,11.54,27.99,28.0,17.61
745252,2024-06-02,2024,641487,L,519043,L,strikeout,True,False,42.0,0.324,5.0,11.9,5.0,11.9,0.919,0.19,11.59,4.57,24.0,28.57,9.86,8.06,193.0,0.267,41.0,21.24,27.0,13.99,0.755,0.1149999999999999,19.56,7.7,20.12,27.83,20.15,17.67,39.0,0.235,8.0,20.51,5.0,12.82,0.774,0.20600000000000002,25.68,11.59,16.46,28.05,27.06,16.0,62.0,0.268,12.0,19.35,5.0,8.06,0.875,0.268,21.49,10.36,14.74,25.1,31.3,15.38
745252,2024-06-02,2024,668942,L,519043,L,walk,False,True,16.0,0.188,6.0,37.5,0.0,0.0,0.376,0.0,34.48,16.67,20.0,36.67,25.0,30.0,54.0,0.224,17.0,31.48,5.0,9.26,0.5609999999999999,0.041,32.61,13.64,21.82,35.45,26.36,24.29,39.0,0.235,8.0,20.51,5.0,12.82,0.774,0.20600000000000002,25.68,11.59,16.46,28.05,27.06,16.0,62.0,0.268,12.0,19.35,5.0,8.06,0.875,0.268,21.49,10.36,14.74,25.1,31.3,15.38
745252,2024-06-02,2024,677594,R,519043,L,walk,False,True,67.0,0.349,18.0,26.87,2.0,2.99,0.871,0.14300000000000002,33.08,18.8,10.26,29.06,38.33,26.47,169.0,0.301,48.0,28.4,12.0,7.1,0.842,0.186,29.55,15.52,11.29,26.8,35.14,26.23,54.0,0.245,14.0,25.93,4.0,7.41,0.764,0.20400000000000001,28.18,14.35,16.67,31.02,32.14,21.21,156.0,0.218,48.0,30.77,10.0,6.41,0.622,0.1269999999999999,30.67,16.47,13.84,30.31,36.77,25.67
745252,2024-06-02,2024,663728,L,472610,R,strikeout,True,False,153.0,0.226,54.0,35.29,15.0,9.8,0.6950000000000001,0.168,30.54,15.57,13.28,28.85,31.7,22.94,462.0,0.235,126.0,27.27,47.0,10.17,0.7909999999999999,0.241,29.58,14.2,14.09,28.29,30.53,21.36,44.0,0.256,11.0,25.0,3.0,6.82,0.728,0.15399999999999997,26.03,11.18,23.53,34.71,26.19,23.4,108.0,0.309,22.0,20.37,12.0,11.11,0.734,0.0419999999999999,27.84,13.24,12.01,25.25,30.67,20.18
745252,2024-06-02,2024,664034,R,472610,R,field_error,False,False,154.0,0.254,38.0,24.68,8.0,5.19,0.6990000000000001,0.14,20.96,10.25,14.96,25.21,26.83,19.59,506.0,0.24,85.0,16.8,37.0,7.31,0.698,0.1169999999999999,22.16,11.42,13.69,25.11,32.3,15.51,58.0,0.185,13.0,22.41,3.0,5.17,0.5,0.07400000000000001,29.06,15.38,13.57,28.96,40.32,18.06,159.0,0.214,31.0,19.5,12.0,7.55,0.69,0.172,23.78,11.22,14.36,25.58,27.18,17.22
745252,2024-06-02,2024,670042,L,472610,R,hit_by_pitch,False,False,120.0,0.254,37.0,30.83,3.0,2.5,0.696,0.15000000000000002,34.15,18.88,10.56,29.44,31.51,31.36,363.0,0.247,112.0,30.85,26.0,7.16,0.8340000000000001,0.25,38.6,19.83,11.57,31.39,31.1,26.79,44.0,0.256,11.0,25.0,3.0,6.82,0.728,0.15399999999999997,26.03,11.18,23.53,34.71,26.19,23.4,108.0,0.309,22.0,20.37,12.0,11.11,0.734,0.0419999999999999,27.84,13.24,12.01,25.25,30.67,20.18
745252,2024-06-02,2024,641598,R,472610,R,double,False,False,137.0,0.138,46.0,33.58,16.0,11.68,0.496,0.10299999999999998,34.53,13.85,23.56,37.41,20.99,25.41,262.0,0.25,70.0,26.72,25.0,9.54,0.845,0.267,25.84,10.63,19.22,29.85,18.71,21.21,58.0,0.185,13.0,22.41,3.0,5.17,0.5,0.07400000000000001,29.06,15.38,13.57,28.96,40.32,18.06,159.0,0.214,31.0,19.5,12.0,7.55,0.69,0.172,23.78,11.22,14.36,25.58,27.18,17.22
745252,2024-06-02,2024,686527,L,472610,R,walk,False,True,69.0,0.19,21.0,30.43,5.0,7.25,0.706,0.27,36.51,18.62,16.6,35.22,39.39,28.38,155.0,0.221,26.0,16.77,5.0,3.23,0.661,0.1879999999999999,24.65,13.73,16.86,30.59,41.27,21.85,44.0,0.256,11.0,25.0,3.0,6.82,0.728,0.15399999999999997,26.03,11.18,23.53,34.71,26.19,23.4,108.0,0.309,22.0,20.37,12.0,11.11,0.734,0.0419999999999999,27.84,13.24,12.01,25.25,30.67,20.18
745252,2024-06-02,2024,669208,R,660761,L,strikeout,True,False,6.0,0.0,1.0,16.67,3.0,50.0,0.5,0.0,28.57,8.0,12.0,20.0,0.0,20.0,,,,,,,,,,,,,,,86.0,0.254,17.0,19.77,13.0,15.12,0.865,0.239,27.52,11.92,15.41,27.33,28.35,17.17,132.0,0.336,24.0,18.18,16.0,12.12,1.057,0.301,29.55,14.48,13.69,28.17,28.06,16.44
745252,2024-06-02,2024,641432,L,657508,R,field_out,False,False,83.0,0.296,11.0,13.25,1.0,1.2,0.758,0.16100000000000003,14.38,7.43,15.88,23.31,28.57,14.67,139.0,0.256,15.0,10.79,13.0,9.35,0.756,0.176,14.22,5.56,19.54,25.1,21.32,10.83,35.0,0.286,7.0,20.0,6.0,17.14,0.793,0.10700000000000004,21.67,10.0,15.38,25.38,21.67,18.42,100.0,0.209,28.0,28.0,14.0,14.0,0.6799999999999999,0.151,26.6,12.25,16.91,29.17,27.69,22.05
745252,2024-06-02,2024,607680,R,657508,R,walk,False,True,60.0,0.278,11.0,18.33,3.0,5.0,0.8220000000000001,0.22199999999999998,21.43,11.16,16.28,27.44,38.18,15.49,95.0,0.202,22.0,23.16,4.0,4.21,0.58,0.1459999999999999,23.46,13.0,15.17,28.17,39.61,20.95,58.0,0.212,11.0,18.97,5.0,8.62,0.639,0.13399999999999998,28.71,13.68,15.57,29.25,25.93,18.97,173.0,0.228,33.0,19.08,19.0,10.98,0.696,0.148,24.01,11.74,12.93,24.67,27.17,16.02
745252,2024-06-02,2024,681351,R,657508,R,field_error,False,False,143.0,0.275,35.0,24.48,9.0,6.29,0.774,0.16799999999999998,33.21,16.7,16.51,33.21,35.69,19.55,154.0,0.22,38.0,24.68,9.0,5.84,0.757,0.262,32.06,17.0,13.8,30.81,36.07,19.69,58.0,0.212,11.0,18.97,5.0,8.62,0.639,0.13399999999999998,28.71,13.68,15.57,29.25,25.93,18.97,173.0,0.228,33.0,19.08,19.0,10.98,0.696,0.148,24.01,11.74,12.93,24.67,27.17,16.02
745252,2024-06-02,2024,666176,R,657508,R,strikeout,True,False,125.0,0.18,41.0,32.8,8.0,6.4,0.5920000000000001,0.16200000000000003,30.52,14.73,15.12,29.84,30.34,21.93,43.0,0.205,18.0,41.86,4.0,9.3,0.7150000000000001,0.231,40.66,20.67,14.53,35.2,30.34,25.35,58.0,0.212,11.0,18.97,5.0,8.62,0.639,0.13399999999999998,28.71,13.68,15.57,29.25,25.93,18.97,173.0,0.228,33.0,19.08,19.0,10.98,0.696,0.148,24.01,11.74,12.93,24.67,27.17,16.02
745252,2024-06-02,2024,687263,R,657508,R,single,False,False,170.0,0.204,43.0,25.29,12.0,7.06,0.622,0.153,28.4,14.51,15.14,29.65,33.23,22.63,262.0,0.222,62.0,23.66,18.0,6.87,0.6599999999999999,0.1349999999999999,28.77,13.7,16.19,29.89,23.52,18.84,58.0,0.212,11.0,18.97,5.0,8.62,0.639,0.13399999999999998,28.71,13.68,15.57,29.25,25.93,18.97,173.0,0.228,33.0,19.08,19.0,10.98,0.696,0.148,24.01,11.74,12.93,24.67,27.17,16.02
745252,2024-06-02,2024,642136,L,657508,R,field_out,False,False,48.0,0.25,15.0,31.25,7.0,14.58,0.762,0.15000000000000002,41.77,17.19,16.15,33.33,27.68,26.32,266.0,0.215,71.0,26.69,31.0,11.65,0.6759999999999999,0.145,34.8,16.01,13.25,29.25,18.13,22.15,35.0,0.286,7.0,20.0,6.0,17.14,0.793,0.10700000000000004,21.67,10.0,15.38,25.38,21.67,18.42,100.0,0.209,28.0,28.0,14.0,14.0,0.6799999999999999,0.151,26.6,12.25,16.91,29.17,27.69,22.05
746141,2024-06-02,2024,453568,L,694813,R,field_out,False,False,150.0,0.235,19.0,12.67,11.0,7.33,0.677,0.14,17.92,9.01,16.22,25.23,36.1,12.1,309.0,0.272,48.0,15.53,26.0,8.41,0.7909999999999999,0.1689999999999999,21.84,10.67,16.05,26.72,30.66,16.11,109.0,0.24,19.0,17.43,13.0,11.93,0.642,0.07200000000000001,23.79,11.75,13.67,25.42,30.53,16.52,65.0,0.322,11.0,16.92,5.0,7.69,0.911,0.22,36.8,19.49,10.17,29.66,38.62,18.33
746141,2024-06-02,2024,678662,R,694813,R,strikeout,True,False,184.0,0.312,54.0,29.35,5.0,2.72,0.8420000000000001,0.191,35.05,21.96,10.4,32.36,46.93,23.58,438.0,0.256,109.0,24.89,17.0,3.88,0.69,0.143,29.47,17.51,10.44,27.95,41.11,20.49,124.0,0.237,22.0,17.74,4.0,3.23,0.616,0.119,24.68,12.81,15.28,28.09,32.41,19.47,87.0,0.351,11.0,12.64,8.0,9.2,1.074,0.298,26.14,12.82,15.71,28.53,30.57,12.64
746141,2024-06-02,2024,641857,L,694813,R,walk,False,True,168.0,0.255,42.0,25.0,18.0,10.71,0.761,0.173,25.15,11.81,15.66,27.47,27.41,17.07,449.0,0.26,141.0,31.4,52.0,11.58,0.826,0.2209999999999999,31.26,14.84,14.94,29.79,25.26,20.41,109.0,0.24,19.0,17.43,13.0,11.93,0.642,0.07200000000000001,23.79,11.75,13.67,25.42,30.53,16.52,65.0,0.322,11.0,16.92,5.0,7.69,0.911,0.22,36.8,19.49,10.17,29.66,38.62,18.33
746141,2024-06-02,2024,663898,R,694813,R,strikeout,True,False,162.0,0.261,41.0,25.31,9.0,5.56,0.655,0.09199999999999997,25.08,12.32,15.91,28.24,26.14,18.98,138.0,0.269,33.0,23.91,5.0,3.62,0.709,0.1389999999999999,27.31,13.83,17.45,31.28,33.92,25.0,124.0,0.237,22.0,17.74,4.0,3.23,0.616,0.119,24.68,12.81,15.28,28.09,32.41,19.47,87.0,0.351,11.0,12.64,8.0,9.2,1.074,0.298,26.14,12.82,15.71,28.53,30.57,12.64
746141,2024-06-02,2024,605141,R,596295,L,home_run,False,False,83.0,0.311,7.0,8.43,9.0,10.84,0.8320000000000001,0.135,11.72,4.37,21.57,25.95,22.04,7.69,184.0,0.3,22.0,11.96,30.0,16.3,1.097,0.373,13.08,4.64,20.77,25.41,13.65,12.72,189.0,0.221,32.0,16.93,17.0,8.99,0.651,0.13899999999999998,21.74,9.87,19.04,28.91,23.08,16.16,477.0,0.278,72.0,15.09,33.0,6.92,0.8089999999999999,0.1979999999999999,18.82,8.97,15.75,24.71,24.01,15.86
746141,2024-06-02,2024,660271,L,596295,L,field_out,False,False,85.0,0.308,18.0,21.18,6.0,7.06,0.827,0.16599999999999998,25.68,11.45,18.07,29.52,25.61,19.57,170.0,0.245,44.0,25.88,27.0,15.88,0.897,0.287,30.62,13.88,13.59,27.47,31.74,23.04,46.0,0.222,9.0,19.57,0.0,0.0,0.706,0.267,22.47,10.87,20.11,30.98,29.27,15.52,127.0,0.372,15.0,11.81,10.0,7.87,1.074,0.283,20.3,9.37,18.74,28.1,25.25,15.0
746141,2024-06-02,2024,518692,L,596295,L,home_run,False,False,95.0,0.212,16.0,16.84,9.0,9.47,0.5840000000000001,0.06300000000000003,23.16,12.43,11.02,23.45,32.57,13.91,218.0,0.335,40.0,18.35,15.0,6.88,1.008,0.2739999999999999,21.54,11.31,11.07,22.38,26.41,16.0,46.0,0.222,9.0,19.57,0.0,0.0,0.706,0.267,22.47,10.87,20.11,30.98,29.27,15.52,127.0,0.372,15.0,11.81,10.0,7.87,1.074,0.283,20.3,9.37,18.74,28.1,25.25,15.0
746141,2024-06-02,2024,606192,R,596295,L,field_out,False,False,66.0,0.27,16.0,24.24,3.0,4.55,0.8899999999999999,0.31699999999999995,29.69,16.03,10.13,26.16,28.3,29.63,151.0,0.287,47.0,31.13,5.0,3.31,0.817,0.223,31.76,17.57,12.52,30.09,36.59,25.41,189.0,0.221,32.0,16.93,17.0,8.99,0.651,0.13899999999999998,21.74,9.87,19.04,28.91,23.08,16.16,477.0,0.278,72.0,15.09,33.0,6.92,0.8089999999999999,0.1979999999999999,18.82,8.97,15.75,24.71,24.01,15.86
746141,2024-06-02,2024,681624,R,596295,L,single,False,False,38.0,0.351,11.0,28.95,0.0,0.0,0.8280000000000001,0.135,23.17,12.1,16.56,28.66,38.16,20.37,,,,,,,,,,,,,,,189.0,0.221,32.0,16.93,17.0,8.99,0.651,0.13899999999999998,21.74,9.87,19.04,28.91,23.08,16.16,477.0,0.278,72.0,15.09,33.0,6.92,0.8089999999999999,0.1979999999999999,18.82,8.97,15.75,24.71,24.01,15.86
746141,2024-06-02,2024,500743,R,596295,L,walk,False,True,49.0,0.267,2.0,4.08,4.0,8.16,0.771,0.177,12.66,5.81,15.7,21.51,25.29,4.55,145.0,0.286,12.0,8.28,8.0,5.52,0.7370000000000001,0.12,9.75,4.67,17.48,22.15,29.46,10.08,189.0,0.221,32.0,16.93,17.0,8.99,0.651,0.13899999999999998,21.74,9.87,19.04,28.91,23.08,16.16,477.0,0.278,72.0,15.09,33.0,6.92,0.8089999999999999,0.1979999999999999,18.82,8.97,15.75,24.71,24.01,15.86
746141,2024-06-02,2024,571771,R,596295,L,field_out,False,False,58.0,0.264,9.0,15.52,4.0,6.9,0.712,0.132,15.96,6.85,21.92,28.77,26.36,15.52,162.0,0.239,19.0,11.73,14.0,8.64,0.642,0.099,14.84,6.54,19.31,25.86,25.95,10.67,189.0,0.221,32.0,16.93,17.0,8.99,0.651,0.13899999999999998,21.74,9.87,19.04,28.91,23.08,16.16,477.0,0.278,72.0,15.09,33.0,6.92,0.8089999999999999,0.1979999999999999,18.82,8.97,15.75,24.71,24.01,15.86
746141,2024-06-02,2024,592178,R,694813,R,single,False,False,77.0,0.203,25.0,32.47,9.0,11.69,0.666,0.125,38.78,18.33,15.11,33.44,30.06,25.0,263.0,0.239,55.0,20.91,24.0,9.13,0.673,0.1109999999999999,25.91,11.98,15.64,27.62,26.79,19.86,124.0,0.237,22.0,17.74,4.0,3.23,0.616,0.119,24.68,12.81,15.28,28.09,32.41,19.47,87.0,0.351,11.0,12.64,8.0,9.2,1.074,0.298,26.14,12.82,15.71,28.53,30.57,12.64
746141,2024-06-02,2024,686668,R,694813,R,strikeout,True,False,176.0,0.275,51.0,28.98,18.0,10.23,0.7969999999999999,0.16899999999999998,32.15,15.72,15.88,31.6,27.74,27.27,299.0,0.207,98.0,32.78,17.0,5.69,0.597,0.131,34.17,17.56,14.33,31.89,31.96,31.51,124.0,0.237,22.0,17.74,4.0,3.23,0.616,0.119,24.68,12.81,15.28,28.09,32.41,19.47,87.0,0.351,11.0,12.64,8.0,9.2,1.074,0.298,26.14,12.82,15.71,28.53,30.57,12.64
746141,2024-06-02,2024,607732,R,694813,R,field_out,False,False,58.0,0.275,12.0,20.69,4.0,6.9,0.735,0.09799999999999998,26.73,12.16,19.37,31.53,23.08,17.14,225.0,0.186,56.0,24.89,24.0,10.67,0.547,0.082,22.79,8.98,20.99,29.97,22.2,22.95,124.0,0.237,22.0,17.74,4.0,3.23,0.616,0.119,24.68,12.81,15.28,28.09,32.41,19.47,87.0,0.351,11.0,12.64,8.0,9.2,1.074,0.298,26.14,12.82,15.71,28.53,30.57,12.64
746141,2024-06-02,2024,696100,R,694813,R,field_out,False,False,38.0,0.114,12.0,31.58,2.0,5.26,0.32699999999999996,0.028999999999999984,43.04,25.56,8.27,33.83,38.24,33.33,64.0,0.193,18.0,28.12,5.0,7.81,0.583,0.14,38.6,18.26,16.18,34.44,35.56,28.57,124.0,0.237,22.0,17.74,4.0,3.23,0.616,0.119,24.68,12.81,15.28,28.09,32.41,19.47,87.0,0.351,11.0,12.64,8.0,9.2,1.074,0.298,26.14,12.82,15.71,28.53,30.57,12.64
746141,2024-06-02,2024,678246,R,596295,L,single,False,False,5.0,0.25,2.0,40.0,1.0,20.0,1.4,0.75,18.18,8.33,16.67,25.0,16.67,18.18,93.0,0.171,14.0,15.05,14.0,15.05,0.696,0.224,21.34,9.0,16.97,25.96,17.01,13.33,189.0,0.221,32.0,16.93,17.0,8.99,0.651,0.13899999999999998,21.74,9.87,19.04,28.91,23.08,16.16,477.0,0.278,72.0,15.09,33.0,6.92,0.8089999999999999,0.1979999999999999,18.82,8.97,15.75,24.71,24.01,15.86
746141,2024-06-02,2024,605131,R,596295,L,field_out,False,False,24.0,0.3,2.0,8.33,4.0,16.67,0.7669999999999999,0.04999999999999999,21.95,9.68,12.9,22.58,13.64,8.33,56.0,0.08,14.0,25.0,4.0,7.14,0.264,0.02,20.37,9.28,18.99,28.27,19.09,16.67,189.0,0.221,32.0,16.93,17.0,8.99,0.651,0.13899999999999998,21.74,9.87,19.04,28.91,23.08,16.16,477.0,0.278,72.0,15.09,33.0,6.92,0.8089999999999999,0.1979999999999999,18.82,8.97,15.75,24.71,24.01,15.86
746141,2024-06-02,2024,605141,R,596295,L,field_out,False,False,83.0,0.311,7.0,8.43,9.0,10.84,0.8320000000000001,0.135,11.72,4.37,21.57,25.95,22.04,7.69,184.0,0.3,22.0,11.96,30.0,16.3,1.097,0.373,13.08,4.64,20.77,25.41,13.65,12.72,189.0,0.221,32.0,16.93,17.0,8.99,0.651,0.13899999999999998,21.74,9.87,19.04,28.91,23.08,16.16,477.0,0.278,72.0,15.09,33.0,6.92,0.8089999999999999,0.1979999999999999,18.82,8.97,15.75,24.71,24.01,15.86
746141,2024-06-02,2024,660271,L,596295,L,strikeout,True,False,85.0,0.308,18.0,21.18,6.0,7.06,0.827,0.16599999999999998,25.68,11.45,18.07,29.52,25.61,19.57,170.0,0.245,44.0,25.88,27.0,15.88,0.897,0.287,30.62,13.88,13.59,27.47,31.74,23.04,46.0,0.222,9.0,19.57,0.0,0.0,0.706,0.267,22.47,10.87,20.11,30.98,29.27,15.52,127.0,0.372,15.0,11.81,10.0,7.87,1.074,0.283,20.3,9.37,18.74,28.1,25.25,15.0
746141,2024-06-02,2024,676701,R,694813,R,single,False,False,21.0,0.048,5.0,23.81,0.0,0.0,0.096,0.0,23.4,13.25,15.66,28.92,34.88,14.71,122.0,0.257,24.0,19.67,7.0,5.74,0.6950000000000001,0.132,20.9,11.11,14.38,25.49,35.06,16.55,124.0,0.237,22.0,17.74,4.0,3.23,0.616,0.119,24.68,12.81,15.28,28.09,32.41,19.47,87.0,0.351,11.0,12.64,8.0,9.2,1.074,0.298,26.14,12.82,15.71,28.53,30.57,12.64
746141,2024-06-02,2024,453568,L,694813,R,strikeout,True,False,150.0,0.235,19.0,12.67,11.0,7.33,0.677,0.14,17.92,9.01,16.22,25.23,36.1,12.1,309.0,0.272,48.0,15.53,26.0,8.41,0.7909999999999999,0.1689999999999999,21.84,10.67,16.05,26.72,30.66,16.11,109.0,0.24,19.0,17.43,13.0,11.93,0.642,0.07200000000000001,23.79,11.75,13.67,25.42,30.53,16.52,65.0,0.322,11.0,16.92,5.0,7.69,0.911,0.22,36.8,19.49,10.17,29.66,38.62,18.33
746141,2024-06-02,2024,678662,R,694813,R,grounded_into_double_play,False,False,184.0,0.312,54.0,29.35,5.0,2.72,0.8420000000000001,0.191,35.05,21.96,10.4,32.36,46.93,23.58,438.0,0.256,109.0,24.89,17.0,3.88,0.69,0.143,29.47,17.51,10.44,27.95,41.11,20.49,124.0,0.237,22.0,17.74,4.0,3.23,0.616,0.119,24.68,12.81,15.28,28.09,32.41,19.47,87.0,0.351,11.0,12.64,8.0,9.2,1.074,0.298,26.14,12.82,15.71,28.53,30.57,12.64
746141,2024-06-02,2024,518692,L,596295,L,walk,False,True,95.0,0.212,16.0,16.84,9.0,9.47,0.5840000000000001,0.06300000000000003,23.16,12.43,11.02,23.45,32.57,13.91,218.0,0.335,40.0,18.35,15.0,6.88,1.008,0.2739999999999999,21.54,11.31,11.07,22.38,26.41,16.0,46.0,0.222,9.0,19.57,0.0,0.0,0.706,0.267,22.47,10.87,20.11,30.98,29.27,15.52,127.0,0.372,15.0,11.81,10.0,7.87,1.074,0.283,20.3,9.37,18.74,28.1,25.25,15.0
746141,2024-06-02,2024,606192,R,596295,L,strikeout,True,False,66.0,0.27,16.0,24.24,3.0,4.55,0.8899999999999999,0.31699999999999995,29.69,16.03,10.13,26.16,28.3,29.63,151.0,0.287,47.0,31.13,5.0,3.31,0.817,0.223,31.76,17.57,12.52,30.09,36.59,25.41,189.0,0.221,32.0,16.93,17.0,8.99,0.651,0.13899999999999998,21.74,9.87,19.04,28.91,23.08,16.16,477.0,0.278,72.0,15.09,33.0,6.92,0.8089999999999999,0.1979999999999999,18.82,8.97,15.75,24.71,24.01,15.86
746141,2024-06-02,2024,681624,R,596295,L,walk,False,True,38.0,0.351,11.0,28.95,0.0,0.0,0.8280000000000001,0.135,23.17,12.1,16.56,28.66,38.16,20.37,,,,,,,,,,,,,,,189.0,0.221,32.0,16.93,17.0,8.99,0.651,0.13899999999999998,21.74,9.87,19.04,28.91,23.08,16.16,477.0,0.278,72.0,15.09,33.0,6.92,0.8089999999999999,0.1979999999999999,18.82,8.97,15.75,24.71,24.01,15.86
746141,2024-06-02,2024,500743,R,596295,L,single,False,False,49.0,0.267,2.0,4.08,4.0,8.16,0.771,0.177,12.66,5.81,15.7,21.51,25.29,4.55,145.0,0.286,12.0,8.28,8.0,5.52,0.7370000000000001,0.12,9.75,4.67,17.48,22.15,29.46,10.08,189.0,0.221,32.0,16.93,17.0,8.99,0.651,0.13899999999999998,21.74,9.87,19.04,28.91,23.08,16.16,477.0,0.278,72.0,15.09,33.0,6.92,0.8089999999999999,0.1979999999999999,18.82,8.97,15.75,24.71,24.01,15.86
746141,2024-06-02,2024,571771,R,596295,L,field_out,False,False,58.0,0.264,9.0,15.52,4.0,6.9,0.712,0.132,15.96,6.85,21.92,28.77,26.36,15.52,162.0,0.239,19.0,11.73,14.0,8.64,0.642,0.099,14.84,6.54,19.31,25.86,25.95,10.67,189.0,0.221,32.0,16.93,17.0,8.99,0.651,0.13899999999999998,21.74,9.87,19.04,28.91,23.08,16.16,477.0,0.278,72.0,15.09,33.0,6.92,0.8089999999999999,0.1979999999999999,18.82,8.97,15.75,24.71,24.01,15.86
746141,2024-06-02,2024,678246,R,596295,L,field_out,False,False,5.0,0.25,2.0,40.0,1.0,20.0,1.4,0.75,18.18,8.33,16.67,25.0,16.67,18.18,93.0,0.171,14.0,15.05,14.0,15.05,0.696,0.224,21.34,9.0,16.97,25.96,17.01,13.33,189.0,0.221,32.0,16.93,17.0,8.99,0.651,0.13899999999999998,21.74,9.87,19.04,28.91,23.08,16.16,477.0,0.278,72.0,15.09,33.0,6.92,0.8089999999999999,0.1979999999999999,18.82,8.97,15.75,24.71,24.01,15.86
746141,2024-06-02,2024,641857,L,694813,R,strikeout,True,False,168.0,0.255,42.0,25.0,18.0,10.71,0.761,0.173,25.15,11.81,15.66,27.47,27.41,17.07,449.0,0.26,141.0,31.4,52.0,11.58,0.826,0.2209999999999999,31.26,14.84,14.94,29.79,25.26,20.41,109.0,0.24,19.0,17.43,13.0,11.93,0.642,0.07200000000000001,23.79,11.75,13.67,25.42,30.53,16.52,65.0,0.322,11.0,16.92,5.0,7.69,0.911,0.22,36.8,19.49,10.17,29.66,38.62,18.33
746141,2024-06-02,2024,663898,R,694813,R,field_out,False,False,162.0,0.261,41.0,25.31,9.0,5.56,0.655,0.09199999999999997,25.08,12.32,15.91,28.24,26.14,18.98,138.0,0.269,33.0,23.91,5.0,3.62,0.709,0.1389999999999999,27.31,13.83,17.45,31.28,33.92,25.0,124.0,0.237,22.0,17.74,4.0,3.23,0.616,0.119,24.68,12.81,15.28,28.09,32.41,19.47,87.0,0.351,11.0,12.64,8.0,9.2,1.074,0.298,26.14,12.82,15.71,28.53,30.57,12.64
746141,2024-06-02,2024,592178,R,694813,R,walk,False,True,77.0,0.203,25.0,32.47,9.0,11.69,0.666,0.125,38.78,18.33,15.11,33.44,30.06,25.0,263.0,0.239,55.0,20.91,24.0,9.13,0.673,0.1109999999999999,25.91,11.98,15.64,27.62,26.79,19.86,124.0,0.237,22.0,17.74,4.0,3.23,0.616,0.119,24.68,12.81,15.28,28.09,32.41,19.47,87.0,0.351,11.0,12.64,8.0,9.2,1.074,0.298,26.14,12.82,15.71,28.53,30.57,12.64
746141,2024-06-02,2024,686668,R,694813,R,strikeout,True,False,176.0,0.275,51.0,28.98,18.0,10.23,0.7969999999999999,0.16899999999999998,32.15,15.72,15.88,31.6,27.74,27.27,299.0,0.207,98.0,32.78,17.0,5.69,0.597,0.131,34.17,17.56,14.33,31.89,31.96,31.51,124.0,0.237,22.0,17.74,4.0,3.23,0.616,0.119,24.68,12.81,15.28,28.09,32.41,19.47,87.0,0.351,11.0,12.64,8.0,9.2,1.074,0.298,26.14,12.82,15.71,28.53,30.57,12.64
746141,2024-06-02,2024,605131,R,663567,R,strikeout,True,False,28.0,0.083,9.0,32.14,3.0,10.71,0.268,0.0,24.56,11.38,17.89,29.27,22.22,17.31,144.0,0.219,29.0,20.14,13.0,9.03,0.589,0.0779999999999999,23.08,9.96,18.27,28.23,20.08,20.57,76.0,0.227,15.0,19.74,7.0,9.21,0.565,0.031,20.93,9.75,17.33,27.08,25.9,18.29,203.0,0.265,42.0,20.69,10.0,4.93,0.863,0.291,21.64,10.34,16.1,26.44,24.87,19.43
746141,2024-06-02,2024,605141,R,663567,R,walk,False,True,178.0,0.303,19.0,10.67,26.0,14.61,0.904,0.197,15.36,5.8,20.51,26.31,18.48,8.96,509.0,0.309,85.0,16.7,66.0,12.97,0.949,0.237,17.85,6.92,20.25,27.17,17.64,15.12,76.0,0.227,15.0,19.74,7.0,9.21,0.565,0.031,20.93,9.75,17.33,27.08,25.9,18.29,203.0,0.265,42.0,20.69,10.0,4.93,0.863,0.291,21.64,10.34,16.1,26.44,24.87,19.43
746141,2024-06-02,2024,660271,L,663567,R,strikeout,True,False,161.0,0.338,33.0,20.5,20.0,12.42,1.123,0.35999999999999993,27.8,13.38,13.69,27.08,30.68,18.33,429.0,0.327,99.0,23.08,64.0,14.92,1.132,0.3739999999999999,32.88,15.48,11.59,27.07,28.86,20.75,58.0,0.426,8.0,13.79,8.0,13.79,1.266,0.34,32.63,14.35,12.96,27.31,24.37,19.05,173.0,0.283,29.0,16.76,18.0,10.4,0.877,0.224,21.6,10.19,14.7,24.89,26.17,15.05
746141,2024-06-02,2024,518692,L,663567,R,walk,False,True,158.0,0.341,24.0,15.19,20.0,12.66,1.015,0.24399999999999994,19.73,9.35,11.89,21.24,24.23,13.64,514.0,0.33,81.0,15.76,57.0,11.09,0.962,0.218,19.83,9.77,11.31,21.08,27.01,16.63,58.0,0.426,8.0,13.79,8.0,13.79,1.266,0.34,32.63,14.35,12.96,27.31,24.37,19.05,173.0,0.283,29.0,16.76,18.0,10.4,0.877,0.224,21.6,10.19,14.7,24.89,26.17,15.05
746141,2024-06-02,2024,606192,R,663567,R,field_out,False,False,174.0,0.265,55.0,31.61,16.0,9.2,0.793,0.187,35.75,18.45,13.04,31.48,29.0,22.09,529.0,0.249,164.0,31.0,33.0,6.24,0.718,0.1639999999999999,36.92,19.57,14.44,34.01,34.81,23.06,76.0,0.227,15.0,19.74,7.0,9.21,0.565,0.031,20.93,9.75,17.33,27.08,25.9,18.29,203.0,0.265,42.0,20.69,10.0,4.93,0.863,0.291,21.64,10.34,16.1,26.44,24.87,19.43
746141,2024-06-02,2024,607732,R,694813,R,single,False,False,58.0,0.275,12.0,20.69,4.0,6.9,0.735,0.09799999999999998,26.73,12.16,19.37,31.53,23.08,17.14,225.0,0.186,56.0,24.89,24.0,10.67,0.547,0.082,22.79,8.98,20.99,29.97,22.2,22.95,124.0,0.237,22.0,17.74,4.0,3.23,0.616,0.119,24.68,12.81,15.28,28.09,32.41,19.47,87.0,0.351,11.0,12.64,8.0,9.2,1.074,0.298,26.14,12.82,15.71,28.53,30.57,12.64
746141,2024-06-02,2024,696100,R,694813,R,force_out,False,False,38.0,0.114,12.0,31.58,2.0,5.26,0.32699999999999996,0.028999999999999984,43.04,25.56,8.27,33.83,38.24,33.33,64.0,0.193,18.0,28.12,5.0,7.81,0.583,0.14,38.6,18.26,16.18,34.44,35.56,28.57,124.0,0.237,22.0,17.74,4.0,3.23,0.616,0.119,24.68,12.81,15.28,28.09,32.41,19.47,87.0,0.351,11.0,12.64,8.0,9.2,1.074,0.298,26.14,12.82,15.71,28.53,30.57,12.64
746141,2024-06-02,2024,676701,R,694813,R,force_out,False,False,21.0,0.048,5.0,23.81,0.0,0.0,0.096,0.0,23.4,13.25,15.66,28.92,34.88,14.71,122.0,0.257,24.0,19.67,7.0,5.74,0.6950000000000001,0.132,20.9,11.11,14.38,25.49,35.06,16.55,124.0,0.237,22.0,17.74,4.0,3.23,0.616,0.119,24.68,12.81,15.28,28.09,32.41,19.47,87.0,0.351,11.0,12.64,8.0,9.2,1.074,0.298,26.14,12.82,15.71,28.53,30.57,12.64
746141,2024-06-02,2024,453568,L,694813,R,double,False,False,150.0,0.235,19.0,12.67,11.0,7.33,0.677,0.14,17.92,9.01,16.22,25.23,36.1,12.1,309.0,0.272,48.0,15.53,26.0,8.41,0.7909999999999999,0.1689999999999999,21.84,10.67,16.05,26.72,30.66,16.11,109.0,0.24,19.0,17.43,13.0,11.93,0.642,0.07200000000000001,23.79,11.75,13.67,25.42,30.53,16.52,65.0,0.322,11.0,16.92,5.0,7.69,0.911,0.22,36.8,19.49,10.17,29.66,38.62,18.33
746141,2024-06-02,2024,678662,R,694813,R,field_out,False,False,184.0,0.312,54.0,29.35,5.0,2.72,0.8420000000000001,0.191,35.05,21.96,10.4,32.36,46.93,23.58,438.0,0.256,109.0,24.89,17.0,3.88,0.69,0.143,29.47,17.51,10.44,27.95,41.11,20.49,124.0,0.237,22.0,17.74,4.0,3.23,0.616,0.119,24.68,12.81,15.28,28.09,32.41,19.47,87.0,0.351,11.0,12.64,8.0,9.2,1.074,0.298,26.14,12.82,15.71,28.53,30.57,12.64
746141,2024-06-02,2024,681624,R,663567,R,strikeout,True,False,125.0,0.226,37.0,29.6,4.0,3.2,0.64,0.148,29.86,17.11,11.75,28.87,35.04,20.9,,,,,,,,,,,,,,,76.0,0.227,15.0,19.74,7.0,9.21,0.565,0.031,20.93,9.75,17.33,27.08,25.9,18.29,203.0,0.265,42.0,20.69,10.0,4.93,0.863,0.291,21.64,10.34,16.1,26.44,24.87,19.43
746141,2024-06-02,2024,500743,R,663567,R,field_out,False,False,41.0,0.289,6.0,14.63,3.0,7.32,0.788,0.15800000000000003,16.39,6.9,20.69,27.59,22.39,17.65,279.0,0.21,36.0,12.9,18.0,6.45,0.546,0.068,19.79,9.92,16.53,26.45,34.53,12.9,76.0,0.227,15.0,19.74,7.0,9.21,0.565,0.031,20.93,9.75,17.33,27.08,25.9,18.29,203.0,0.265,42.0,20.69,10.0,4.93,0.863,0.291,21.64,10.34,16.1,26.44,24.87,19.43
746141,2024-06-02,2024,571771,R,663567,R,field_out,False,False,73.0,0.162,18.0,24.66,5.0,6.85,0.425,0.043999999999999984,25.68,13.29,16.43,29.72,26.56,20.69,347.0,0.235,78.0,22.48,20.0,5.76,0.647,0.13,27.56,13.17,16.85,30.02,28.91,20.8,76.0,0.227,15.0,19.74,7.0,9.21,0.565,0.031,20.93,9.75,17.33,27.08,25.9,18.29,203.0,0.265,42.0,20.69,10.0,4.93,0.863,0.291,21.64,10.34,16.1,26.44,24.87,19.43
746141,2024-06-02,2024,641857,L,675627,R,walk,False,True,168.0,0.255,42.0,25.0,18.0,10.71,0.761,0.173,25.15,11.81,15.66,27.47,27.41,17.07,449.0,0.26,141.0,31.4,52.0,11.58,0.826,0.2209999999999999,31.26,14.84,14.94,29.79,25.26,20.41,38.0,0.125,16.0,42.11,2.0,5.26,0.544,0.15600000000000003,32.93,16.67,13.58,30.25,33.77,27.59,147.0,0.344,28.0,19.05,14.0,9.52,1.003,0.244,20.15,9.35,17.81,27.16,26.12,17.28
746141,2024-06-02,2024,663898,R,675627,R,grounded_into_double_play,False,False,162.0,0.261,41.0,25.31,9.0,5.56,0.655,0.09199999999999997,25.08,12.32,15.91,28.24,26.14,18.98,138.0,0.269,33.0,23.91,5.0,3.62,0.709,0.1389999999999999,27.31,13.83,17.45,31.28,33.92,25.0,71.0,0.23,19.0,26.76,9.0,12.68,0.652,0.098,33.04,14.02,18.45,32.47,31.13,30.16,155.0,0.255,45.0,29.03,5.0,3.23,0.707,0.1679999999999999,33.22,17.44,15.03,32.47,36.39,26.95
746141,2024-06-02,2024,592178,R,675627,R,strikeout,True,False,77.0,0.203,25.0,32.47,9.0,11.69,0.666,0.125,38.78,18.33,15.11,33.44,30.06,25.0,263.0,0.239,55.0,20.91,24.0,9.13,0.673,0.1109999999999999,25.91,11.98,15.64,27.62,26.79,19.86,71.0,0.23,19.0,26.76,9.0,12.68,0.652,0.098,33.04,14.02,18.45,32.47,31.13,30.16,155.0,0.255,45.0,29.03,5.0,3.23,0.707,0.1679999999999999,33.22,17.44,15.03,32.47,36.39,26.95
746141,2024-06-02,2024,678246,R,663567,R,field_out,False,False,9.0,0.222,3.0,33.33,0.0,0.0,0.666,0.222,15.38,6.25,28.12,34.38,16.67,33.33,211.0,0.206,47.0,22.27,24.0,11.37,0.6619999999999999,0.15,22.7,10.21,16.28,26.49,22.52,19.5,76.0,0.227,15.0,19.74,7.0,9.21,0.565,0.031,20.93,9.75,17.33,27.08,25.9,18.29,203.0,0.265,42.0,20.69,10.0,4.93,0.863,0.291,21.64,10.34,16.1,26.44,24.87,19.43
746141,2024-06-02,2024,605131,R,663567,R,single,False,False,28.0,0.083,9.0,32.14,3.0,10.71,0.268,0.0,24.56,11.38,17.89,29.27,22.22,17.31,144.0,0.219,29.0,20.14,13.0,9.03,0.589,0.0779999999999999,23.08,9.96,18.27,28.23,20.08,20.57,76.0,0.227,15.0,19.74,7.0,9.21,0.565,0.031,20.93,9.75,17.33,27.08,25.9,18.29,203.0,0.265,42.0,20.69,10.0,4.93,0.863,0.291,21.64,10.34,16.1,26.44,24.87,19.43
746141,2024-06-02,2024,605141,R,663567,R,field_out,False,False,178.0,0.303,19.0,10.67,26.0,14.61,0.904,0.197,15.36,5.8,20.51,26.31,18.48,8.96,509.0,0.309,85.0,16.7,66.0,12.97,0.949,0.237,17.85,6.92,20.25,27.17,17.64,15.12,76.0,0.227,15.0,19.74,7.0,9.21,0.565,0.031,20.93,9.75,17.33,27.08,25.9,18.29,203.0,0.265,42.0,20.69,10.0,4.93,0.863,0.291,21.64,10.34,16.1,26.44,24.87,19.43
746141,2024-06-02,2024,660271,L,663567,R,catcher_interf,False,False,161.0,0.338,33.0,20.5,20.0,12.42,1.123,0.35999999999999993,27.8,13.38,13.69,27.08,30.68,18.33,429.0,0.327,99.0,23.08,64.0,14.92,1.132,0.3739999999999999,32.88,15.48,11.59,27.07,28.86,20.75,58.0,0.426,8.0,13.79,8.0,13.79,1.266,0.34,32.63,14.35,12.96,27.31,24.37,19.05,173.0,0.283,29.0,16.76,18.0,10.4,0.877,0.224,21.6,10.19,14.7,24.89,26.17,15.05
746141,2024-06-02,2024,518692,L,663567,R,intent_walk,False,True,158.0,0.341,24.0,15.19,20.0,12.66,1.015,0.24399999999999994,19.73,9.35,11.89,21.24,24.23,13.64,514.0,0.33,81.0,15.76,57.0,11.09,0.962,0.218,19.83,9.77,11.31,21.08,27.01,16.63,58.0,0.426,8.0,13.79,8.0,13.79,1.266,0.34,32.63,14.35,12.96,27.31,24.37,19.05,173.0,0.283,29.0,16.76,18.0,10.4,0.877,0.224,21.6,10.19,14.7,24.89,26.17,15.05
746141,2024-06-02,2024,606192,R,683627,R,field_out,False,False,174.0,0.265,55.0,31.61,16.0,9.2,0.793,0.187,35.75,18.45,13.04,31.48,29.0,22.09,529.0,0.249,164.0,31.0,33.0,6.24,0.718,0.1639999999999999,36.92,19.57,14.44,34.01,34.81,23.06,45.0,0.439,3.0,6.67,2.0,4.44,1.101,0.195,10.13,4.94,14.81,19.75,23.75,7.14,,,,,,,,,,,,,,
746141,2024-06-02,2024,686668,R,675627,R,field_out,False,False,176.0,0.275,51.0,28.98,18.0,10.23,0.7969999999999999,0.16899999999999998,32.15,15.72,15.88,31.6,27.74,27.27,299.0,0.207,98.0,32.78,17.0,5.69,0.597,0.131,34.17,17.56,14.33,31.89,31.96,31.51,71.0,0.23,19.0,26.76,9.0,12.68,0.652,0.098,33.04,14.02,18.45,32.47,31.13,30.16,155.0,0.255,45.0,29.03,5.0,3.23,0.707,0.1679999999999999,33.22,17.44,15.03,32.47,36.39,26.95
746141,2024-06-02,2024,607732,R,675627,R,strikeout,True,False,58.0,0.275,12.0,20.69,4.0,6.9,0.735,0.09799999999999998,26.73,12.16,19.37,31.53,23.08,17.14,225.0,0.186,56.0,24.89,24.0,10.67,0.547,0.082,22.79,8.98,20.99,29.97,22.2,22.95,71.0,0.23,19.0,26.76,9.0,12.68,0.652,0.098,33.04,14.02,18.45,32.47,31.13,30.16,155.0,0.255,45.0,29.03,5.0,3.23,0.707,0.1679999999999999,33.22,17.44,15.03,32.47,36.39,26.95
746141,2024-06-02,2024,696100,R,675627,R,field_out,False,False,38.0,0.114,12.0,31.58,2.0,5.26,0.32699999999999996,0.028999999999999984,43.04,25.56,8.27,33.83,38.24,33.33,64.0,0.193,18.0,28.12,5.0,7.81,0.583,0.14,38.6,18.26,16.18,34.44,35.56,28.57,71.0,0.23,19.0,26.76,9.0,12.68,0.652,0.098,33.04,14.02,18.45,32.47,31.13,30.16,155.0,0.255,45.0,29.03,5.0,3.23,0.707,0.1679999999999999,33.22,17.44,15.03,32.47,36.39,26.95
746141,2024-06-02,2024,681624,R,683627,R,field_out,False,False,125.0,0.226,37.0,29.6,4.0,3.2,0.64,0.148,29.86,17.11,11.75,28.87,35.04,20.9,,,,,,,,,,,,,,,45.0,0.439,3.0,6.67,2.0,4.44,1.101,0.195,10.13,4.94,14.81,19.75,23.75,7.14,,,,,,,,,,,,,,
746141,2024-06-02,2024,500743,R,683627,R,field_out,False,False,41.0,0.289,6.0,14.63,3.0,7.32,0.788,0.15800000000000003,16.39,6.9,20.69,27.59,22.39,17.65,279.0,0.21,36.0,12.9,18.0,6.45,0.546,0.068,19.79,9.92,16.53,26.45,34.53,12.9,45.0,0.439,3.0,6.67,2.0,4.44,1.101,0.195,10.13,4.94,14.81,19.75,23.75,7.14,,,,,,,,,,,,,,
746141,2024-06-02,2024,571771,R,683627,R,field_out,False,False,73.0,0.162,18.0,24.66,5.0,6.85,0.425,0.043999999999999984,25.68,13.29,16.43,29.72,26.56,20.69,347.0,0.235,78.0,22.48,20.0,5.76,0.647,0.13,27.56,13.17,16.85,30.02,28.91,20.8,45.0,0.439,3.0,6.67,2.0,4.44,1.101,0.195,10.13,4.94,14.81,19.75,23.75,7.14,,,,,,,,,,,,,,
746141,2024-06-02,2024,676701,R,681911,L,strikeout,True,False,13.0,0.154,3.0,23.08,0.0,0.0,0.308,0.0,33.33,21.62,10.81,32.43,50.0,30.0,105.0,0.202,27.0,25.71,9.0,8.57,0.554,0.0849999999999999,23.35,11.0,15.07,26.08,28.57,21.6,58.0,0.091,23.0,39.66,12.0,20.69,0.508,0.136,36.13,16.8,13.67,30.47,30.83,29.49,124.0,0.25,33.0,26.61,11.0,8.87,0.761,0.188,26.34,12.8,14.4,27.2,26.36,20.75
746141,2024-06-02,2024,453568,L,681911,L,field_out,False,False,38.0,0.242,1.0,2.63,5.0,13.16,0.675,0.09100000000000003,6.67,3.23,15.32,18.55,25.42,4.17,105.0,0.299,7.0,6.67,13.0,12.38,0.845,0.138,12.2,5.18,18.91,24.09,22.96,7.95,36.0,0.125,7.0,19.44,2.0,5.56,0.41900000000000004,0.094,26.98,12.98,15.27,28.24,22.95,15.91,93.0,0.279,31.0,33.33,6.0,6.45,0.7170000000000001,0.1049999999999999,35.26,18.31,12.57,30.87,30.39,26.27
746141,2024-06-02,2024,678662,R,681911,L,strikeout,True,False,68.0,0.274,21.0,30.88,5.0,7.35,0.776,0.178,36.31,21.92,9.62,31.54,39.37,25.93,177.0,0.246,57.0,32.2,8.0,4.52,0.708,0.185,35.75,21.54,12.35,33.89,44.38,25.56,58.0,0.091,23.0,39.66,12.0,20.69,0.508,0.136,36.13,16.8,13.67,30.47,30.83,29.49,124.0,0.25,33.0,26.61,11.0,8.87,0.761,0.188,26.34,12.8,14.4,27.2,26.36,20.75
746141,2024-06-02,2024,518792,L,683627,R,single,False,False,42.0,0.158,7.0,16.67,3.0,7.14,0.554,0.158,24.73,13.45,12.28,25.73,32.53,12.96,349.0,0.276,57.0,16.33,32.0,9.17,0.818,0.1949999999999999,20.45,9.51,16.77,26.27,27.56,15.45,40.0,0.226,6.0,15.0,8.0,20.0,0.708,0.097,17.14,6.7,18.99,25.7,16.48,11.11,,,,,,,,,,,,,,
746141,2024-06-02,2024,605131,R,683627,R,single,False,False,28.0,0.083,9.0,32.14,3.0,10.71,0.268,0.0,24.56,11.38,17.89,29.27,22.22,17.31,144.0,0.219,29.0,20.14,13.0,9.03,0.589,0.0779999999999999,23.08,9.96,18.27,28.23,20.08,20.57,45.0,0.439,3.0,6.67,2.0,4.44,1.101,0.195,10.13,4.94,14.81,19.75,23.75,7.14,,,,,,,,,,,,,,
746141,2024-06-02,2024,605141,R,683627,R,field_out,False,False,178.0,0.303,19.0,10.67,26.0,14.61,0.904,0.197,15.36,5.8,20.51,26.31,18.48,8.96,509.0,0.309,85.0,16.7,66.0,12.97,0.949,0.237,17.85,6.92,20.25,27.17,17.64,15.12,45.0,0.439,3.0,6.67,2.0,4.44,1.101,0.195,10.13,4.94,14.81,19.75,23.75,7.14,,,,,,,,,,,,,,
746141,2024-06-02,2024,660271,L,683627,R,intent_walk,False,True,161.0,0.338,33.0,20.5,20.0,12.42,1.123,0.35999999999999993,27.8,13.38,13.69,27.08,30.68,18.33,429.0,0.327,99.0,23.08,64.0,14.92,1.132,0.3739999999999999,32.88,15.48,11.59,27.07,28.86,20.75,40.0,0.226,6.0,15.0,8.0,20.0,0.708,0.097,17.14,6.7,18.99,25.7,16.48,11.11,,,,,,,,,,,,,,
746141,2024-06-02,2024,518692,L,683627,R,sac_fly,False,False,158.0,0.341,24.0,15.19,20.0,12.66,1.015,0.24399999999999994,19.73,9.35,11.89,21.24,24.23,13.64,514.0,0.33,81.0,15.76,57.0,11.09,0.962,0.218,19.83,9.77,11.31,21.08,27.01,16.63,40.0,0.226,6.0,15.0,8.0,20.0,0.708,0.097,17.14,6.7,18.99,25.7,16.48,11.11,,,,,,,,,,,,,,
746141,2024-06-02,2024,606192,R,683627,R,field_out,False,False,174.0,0.265,55.0,31.61,16.0,9.2,0.793,0.187,35.75,18.45,13.04,31.48,29.0,22.09,529.0,0.249,164.0,31.0,33.0,6.24,0.718,0.1639999999999999,36.92,19.57,14.44,34.01,34.81,23.06,45.0,0.439,3.0,6.67,2.0,4.44,1.101,0.195,10.13,4.94,14.81,19.75,23.75,7.14,,,,,,,,,,,,,,
746141,2024-06-02,2024,641857,L,543339,R,single,False,False,168.0,0.255,42.0,25.0,18.0,10.71,0.761,0.173,25.15,11.81,15.66,27.47,27.41,17.07,449.0,0.26,141.0,31.4,52.0,11.58,0.826,0.2209999999999999,31.26,14.84,14.94,29.79,25.26,20.41,42.0,0.167,14.0,33.33,0.0,0.0,0.524,0.18999999999999997,30.19,16.75,12.04,28.8,25.58,17.72,5.0,0.0,2.0,40.0,2.0,40.0,0.4,0.0,50.0,21.74,8.7,30.43,8.33,20.0
746141,2024-06-02,2024,663898,R,543339,R,strikeout,True,False,162.0,0.261,41.0,25.31,9.0,5.56,0.655,0.09199999999999997,25.08,12.32,15.91,28.24,26.14,18.98,138.0,0.269,33.0,23.91,5.0,3.62,0.709,0.1389999999999999,27.31,13.83,17.45,31.28,33.92,25.0,37.0,0.229,9.0,24.32,2.0,5.41,0.67,0.171,33.82,15.65,14.29,29.93,26.83,22.5,9.0,0.25,3.0,33.33,1.0,11.11,0.708,0.125,28.57,14.63,9.76,24.39,30.43,21.43
746141,2024-06-02,2024,592178,R,543339,R,grounded_into_double_play,False,False,77.0,0.203,25.0,32.47,9.0,11.69,0.666,0.125,38.78,18.33,15.11,33.44,30.06,25.0,263.0,0.239,55.0,20.91,24.0,9.13,0.673,0.1109999999999999,25.91,11.98,15.64,27.62,26.79,19.86,37.0,0.229,9.0,24.32,2.0,5.41,0.67,0.171,33.82,15.65,14.29,29.93,26.83,22.5,9.0,0.25,3.0,33.33,1.0,11.11,0.708,0.125,28.57,14.63,9.76,24.39,30.43,21.43
747110,2024-06-02,2024,647351,L,450203,R,strikeout,True,False,162.0,0.265,31.0,19.14,8.0,4.94,0.712,0.132,19.79,9.08,18.95,28.03,29.69,17.61,20.0,0.412,5.0,25.0,2.0,10.0,1.265,0.353,37.04,15.62,26.56,42.19,25.0,31.25,142.0,0.261,35.0,24.65,17.0,11.97,0.802,0.16799999999999998,26.87,13.16,15.54,28.7,26.97,21.12,351.0,0.234,100.0,28.49,47.0,13.39,0.721,0.1299999999999999,36.41,15.33,18.52,33.84,28.99,23.42
747110,2024-06-02,2024,609280,R,450203,R,field_out,False,False,23.0,0.409,2.0,8.7,0.0,0.0,1.0270000000000001,0.22700000000000004,2.33,1.15,18.39,19.54,32.56,9.09,52.0,0.229,6.0,11.54,4.0,7.69,0.705,0.1879999999999999,14.58,7.49,13.9,21.39,30.93,12.77,96.0,0.233,24.0,25.0,6.0,6.25,0.648,0.13399999999999998,23.96,12.04,14.4,26.44,28.49,17.19,367.0,0.253,83.0,22.62,36.0,9.81,0.708,0.124,28.15,12.12,17.62,29.74,27.53,21.67
747110,2024-06-02,2024,668709,L,450203,R,strikeout,True,False,188.0,0.256,33.0,17.55,23.0,12.23,0.7989999999999999,0.195,27.6,11.46,17.52,28.98,21.67,18.33,232.0,0.209,53.0,22.84,35.0,15.09,0.726,0.184,28.61,12.18,15.3,27.48,19.27,20.46,142.0,0.261,35.0,24.65,17.0,11.97,0.802,0.16799999999999998,26.87,13.16,15.54,28.7,26.97,21.12,351.0,0.234,100.0,28.49,47.0,13.39,0.721,0.1299999999999999,36.41,15.33,18.52,33.84,28.99,23.42
747110,2024-06-02,2024,671739,L,665622,R,strikeout,True,False,159.0,0.259,33.0,20.75,10.0,6.29,0.716,0.14899999999999997,25.44,15.44,9.34,24.78,44.56,19.88,400.0,0.29,76.0,19.0,22.0,5.5,0.812,0.191,24.97,13.25,14.35,27.61,37.23,20.32,,,,,,,,,,,,,,,217.0,0.266,42.0,19.35,27.0,12.44,0.786,0.1419999999999999,20.68,9.23,14.6,23.83,24.15,17.57
747110,2024-06-02,2024,663586,R,665622,R,field_out,False,False,136.0,0.242,36.0,26.47,10.0,7.35,0.688,0.137,31.44,15.6,12.97,28.57,25.84,22.15,566.0,0.28,137.0,24.2,42.0,7.42,0.841,0.2199999999999999,27.71,13.25,15.53,28.77,27.7,18.53,,,,,,,,,,,,,,,278.0,0.247,64.0,23.02,30.0,10.79,0.796,0.218,27.38,12.79,14.88,27.68,28.05,20.71
747110,2024-06-02,2024,542303,R,665622,R,walk,False,True,171.0,0.301,38.0,22.22,15.0,8.77,0.99,0.326,31.46,15.1,13.3,28.4,27.12,19.79,453.0,0.272,109.0,24.06,44.0,9.71,0.882,0.263,27.95,13.42,14.78,28.21,29.59,18.63,,,,,,,,,,,,,,,278.0,0.247,64.0,23.02,30.0,10.79,0.796,0.218,27.38,12.79,14.88,27.68,28.05,20.71
747110,2024-06-02,2024,621566,L,665622,R,single,False,False,163.0,0.234,45.0,27.61,19.0,11.66,0.742,0.17699999999999996,28.49,13.89,11.25,25.14,27.11,17.81,540.0,0.294,115.0,21.3,90.0,16.67,1.061,0.351,27.51,12.57,12.32,24.89,25.66,14.92,,,,,,,,,,,,,,,217.0,0.266,42.0,19.35,27.0,12.44,0.786,0.1419999999999999,20.68,9.23,14.6,23.83,24.15,17.57
747110,2024-06-02,2024,645277,L,665622,R,field_out,False,False,160.0,0.25,26.0,16.25,15.0,9.38,0.688,0.09999999999999998,21.75,11.77,9.48,21.25,30.7,11.06,528.0,0.25,89.0,16.86,42.0,7.95,0.8029999999999999,0.235,20.84,11.11,9.82,20.92,33.45,13.94,,,,,,,,,,,,,,,217.0,0.266,42.0,19.35,27.0,12.44,0.786,0.1419999999999999,20.68,9.23,14.6,23.83,24.15,17.57
747110,2024-06-02,2024,667670,R,450203,R,strikeout,True,False,144.0,0.306,49.0,34.03,17.0,11.81,0.98,0.27499999999999997,38.03,18.06,13.38,31.44,30.7,26.78,351.0,0.23,115.0,32.76,33.0,9.4,0.788,0.2419999999999999,37.94,17.82,16.3,34.12,28.65,23.47,96.0,0.233,24.0,25.0,6.0,6.25,0.648,0.13399999999999998,23.96,12.04,14.4,26.44,28.49,17.19,367.0,0.253,83.0,22.62,36.0,9.81,0.708,0.124,28.15,12.12,17.62,29.74,27.53,21.67
747110,2024-06-02,2024,664913,L,450203,R,strikeout,True,False,146.0,0.203,48.0,32.88,8.0,5.48,0.5880000000000001,0.138,30.1,15.73,13.81,29.55,33.79,26.67,315.0,0.234,81.0,25.71,24.0,7.62,0.738,0.21,29.85,15.11,13.77,28.88,31.88,22.82,142.0,0.261,35.0,24.65,17.0,11.97,0.802,0.16799999999999998,26.87,13.16,15.54,28.7,26.97,21.12,351.0,0.234,100.0,28.49,47.0,13.39,0.721,0.1299999999999999,36.41,15.33,18.52,33.84,28.99,23.42
747110,2024-06-02,2024,680869,R,450203,R,field_out,False,False,127.0,0.174,43.0,33.86,9.0,7.09,0.508,0.09600000000000003,35.74,17.84,15.83,33.67,26.83,28.67,220.0,0.303,54.0,24.55,18.0,8.18,0.969,0.298,30.92,15.24,15.12,30.36,29.22,21.29,96.0,0.233,24.0,25.0,6.0,6.25,0.648,0.13399999999999998,23.96,12.04,14.4,26.44,28.49,17.19,367.0,0.253,83.0,22.62,36.0,9.81,0.708,0.124,28.15,12.12,17.62,29.74,27.53,21.67
747110,2024-06-02,2024,594807,R,665622,R,strikeout,True,False,52.0,0.102,19.0,36.54,2.0,3.85,0.297,0.040999999999999995,28.57,13.2,18.78,31.98,26.88,32.2,260.0,0.248,76.0,29.23,18.0,6.92,0.863,0.303,29.41,13.69,18.97,32.66,32.68,27.44,,,,,,,,,,,,,,,278.0,0.247,64.0,23.02,30.0,10.79,0.796,0.218,27.38,12.79,14.88,27.68,28.05,20.71
747110,2024-06-02,2024,672284,L,665622,R,field_out,False,False,128.0,0.269,39.0,30.47,8.0,6.25,0.724,0.14299999999999996,33.58,17.18,13.93,31.11,31.18,22.81,324.0,0.251,105.0,32.41,34.0,10.49,0.738,0.1569999999999999,35.42,16.4,14.8,31.2,29.2,26.99,,,,,,,,,,,,,,,217.0,0.266,42.0,19.35,27.0,12.44,0.786,0.1419999999999999,20.68,9.23,14.6,23.83,24.15,17.57
747110,2024-06-02,2024,669221,R,665622,R,field_out,False,False,10.0,0.2,3.0,30.0,0.0,0.0,0.4,0.0,41.18,21.88,21.88,43.75,46.67,37.5,337.0,0.245,77.0,22.85,37.0,10.98,0.832,0.2309999999999999,26.79,12.43,15.15,27.58,22.74,18.97,,,,,,,,,,,,,,,278.0,0.247,64.0,23.02,30.0,10.79,0.796,0.218,27.38,12.79,14.88,27.68,28.05,20.71
747110,2024-06-02,2024,668832,L,450203,R,field_out,False,False,66.0,0.333,19.0,28.79,9.0,13.64,0.968,0.21100000000000002,42.61,18.35,15.36,33.71,18.11,25.0,,,,,,,,,,,,,,,142.0,0.261,35.0,24.65,17.0,11.97,0.802,0.16799999999999998,26.87,13.16,15.54,28.7,26.97,21.12,351.0,0.234,100.0,28.49,47.0,13.39,0.721,0.1299999999999999,36.41,15.33,18.52,33.84,28.99,23.42
747110,2024-06-02,2024,680474,R,450203,R,single,False,False,82.0,0.284,20.0,24.39,6.0,7.32,0.746,0.10800000000000004,25.35,10.37,21.04,31.41,18.71,19.42,,,,,,,,,,,,,,,96.0,0.233,24.0,25.0,6.0,6.25,0.648,0.13399999999999998,23.96,12.04,14.4,26.44,28.49,17.19,367.0,0.253,83.0,22.62,36.0,9.81,0.708,0.124,28.15,12.12,17.62,29.74,27.53,21.67
747110,2024-06-02,2024,691016,L,450203,R,hit_by_pitch,False,False,50.0,0.19,21.0,42.0,8.0,16.0,0.653,0.14300000000000002,37.97,15.79,17.89,33.68,30.69,46.67,118.0,0.159,37.0,31.36,10.0,8.47,0.472,0.0839999999999999,33.93,16.67,14.91,31.58,29.36,28.91,142.0,0.261,35.0,24.65,17.0,11.97,0.802,0.16799999999999998,26.87,13.16,15.54,28.7,26.97,21.12,351.0,0.234,100.0,28.49,47.0,13.39,0.721,0.1299999999999999,36.41,15.33,18.52,33.84,28.99,23.42
747110,2024-06-02,2024,647351,L,450203,R,strikeout,True,False,162.0,0.265,31.0,19.14,8.0,4.94,0.712,0.132,19.79,9.08,18.95,28.03,29.69,17.61,20.0,0.412,5.0,25.0,2.0,10.0,1.265,0.353,37.04,15.62,26.56,42.19,25.0,31.25,142.0,0.261,35.0,24.65,17.0,11.97,0.802,0.16799999999999998,26.87,13.16,15.54,28.7,26.97,21.12,351.0,0.234,100.0,28.49,47.0,13.39,0.721,0.1299999999999999,36.41,15.33,18.52,33.84,28.99,23.42
747110,2024-06-02,2024,609280,R,450203,R,field_out,False,False,23.0,0.409,2.0,8.7,0.0,0.0,1.0270000000000001,0.22700000000000004,2.33,1.15,18.39,19.54,32.56,9.09,52.0,0.229,6.0,11.54,4.0,7.69,0.705,0.1879999999999999,14.58,7.49,13.9,21.39,30.93,12.77,96.0,0.233,24.0,25.0,6.0,6.25,0.648,0.13399999999999998,23.96,12.04,14.4,26.44,28.49,17.19,367.0,0.253,83.0,22.62,36.0,9.81,0.708,0.124,28.15,12.12,17.62,29.74,27.53,21.67
747110,2024-06-02,2024,606115,R,665622,R,field_out,False,False,159.0,0.26,25.0,15.72,5.0,3.14,0.716,0.173,22.95,12.01,13.38,25.39,28.01,16.13,421.0,0.255,78.0,18.53,23.0,5.46,0.6739999999999999,0.12,23.54,11.23,17.09,28.32,27.84,15.98,,,,,,,,,,,,,,,278.0,0.247,64.0,23.02,30.0,10.79,0.796,0.218,27.38,12.79,14.88,27.68,28.05,20.71
747110,2024-06-02,2024,671739,L,665622,R,field_out,False,False,159.0,0.259,33.0,20.75,10.0,6.29,0.716,0.14899999999999997,25.44,15.44,9.34,24.78,44.56,19.88,400.0,0.29,76.0,19.0,22.0,5.5,0.812,0.191,24.97,13.25,14.35,27.61,37.23,20.32,,,,,,,,,,,,,,,217.0,0.266,42.0,19.35,27.0,12.44,0.786,0.1419999999999999,20.68,9.23,14.6,23.83,24.15,17.57
747110,2024-06-02,2024,663586,R,665622,R,field_out,False,False,136.0,0.242,36.0,26.47,10.0,7.35,0.688,0.137,31.44,15.6,12.97,28.57,25.84,22.15,566.0,0.28,137.0,24.2,42.0,7.42,0.841,0.2199999999999999,27.71,13.25,15.53,28.77,27.7,18.53,,,,,,,,,,,,,,,278.0,0.247,64.0,23.02,30.0,10.79,0.796,0.218,27.38,12.79,14.88,27.68,28.05,20.71
747110,2024-06-02,2024,668709,L,450203,R,walk,False,True,188.0,0.256,33.0,17.55,23.0,12.23,0.7989999999999999,0.195,27.6,11.46,17.52,28.98,21.67,18.33,232.0,0.209,53.0,22.84,35.0,15.09,0.726,0.184,28.61,12.18,15.3,27.48,19.27,20.46,142.0,0.261,35.0,24.65,17.0,11.97,0.802,0.16799999999999998,26.87,13.16,15.54,28.7,26.97,21.12,351.0,0.234,100.0,28.49,47.0,13.39,0.721,0.1299999999999999,36.41,15.33,18.52,33.84,28.99,23.42
747110,2024-06-02,2024,667670,R,450203,R,grounded_into_double_play,False,False,144.0,0.306,49.0,34.03,17.0,11.81,0.98,0.27499999999999997,38.03,18.06,13.38,31.44,30.7,26.78,351.0,0.23,115.0,32.76,33.0,9.4,0.788,0.2419999999999999,37.94,17.82,16.3,34.12,28.65,23.47,96.0,0.233,24.0,25.0,6.0,6.25,0.648,0.13399999999999998,23.96,12.04,14.4,26.44,28.49,17.19,367.0,0.253,83.0,22.62,36.0,9.81,0.708,0.124,28.15,12.12,17.62,29.74,27.53,21.67
747110,2024-06-02,2024,664913,L,450203,R,walk,False,True,146.0,0.203,48.0,32.88,8.0,5.48,0.5880000000000001,0.138,30.1,15.73,13.81,29.55,33.79,26.67,315.0,0.234,81.0,25.71,24.0,7.62,0.738,0.21,29.85,15.11,13.77,28.88,31.88,22.82,142.0,0.261,35.0,24.65,17.0,11.97,0.802,0.16799999999999998,26.87,13.16,15.54,28.7,26.97,21.12,351.0,0.234,100.0,28.49,47.0,13.39,0.721,0.1299999999999999,36.41,15.33,18.52,33.84,28.99,23.42
747110,2024-06-02,2024,680869,R,450203,R,force_out,False,False,127.0,0.174,43.0,33.86,9.0,7.09,0.508,0.09600000000000003,35.74,17.84,15.83,33.67,26.83,28.67,220.0,0.303,54.0,24.55,18.0,8.18,0.969,0.298,30.92,15.24,15.12,30.36,29.22,21.29,96.0,0.233,24.0,25.0,6.0,6.25,0.648,0.13399999999999998,23.96,12.04,14.4,26.44,28.49,17.19,367.0,0.253,83.0,22.62,36.0,9.81,0.708,0.124,28.15,12.12,17.62,29.74,27.53,21.67
747110,2024-06-02,2024,542303,R,665622,R,field_out,False,False,171.0,0.301,38.0,22.22,15.0,8.77,0.99,0.326,31.46,15.1,13.3,28.4,27.12,19.79,453.0,0.272,109.0,24.06,44.0,9.71,0.882,0.263,27.95,13.42,14.78,28.21,29.59,18.63,,,,,,,,,,,,,,,278.0,0.247,64.0,23.02,30.0,10.79,0.796,0.218,27.38,12.79,14.88,27.68,28.05,20.71
747110,2024-06-02,2024,621566,L,665622,R,strikeout,True,False,163.0,0.234,45.0,27.61,19.0,11.66,0.742,0.17699999999999996,28.49,13.89,11.25,25.14,27.11,17.81,540.0,0.294,115.0,21.3,90.0,16.67,1.061,0.351,27.51,12.57,12.32,24.89,25.66,14.92,,,,,,,,,,,,,,,217.0,0.266,42.0,19.35,27.0,12.44,0.786,0.1419999999999999,20.68,9.23,14.6,23.83,24.15,17.57
747110,2024-06-02,2024,645277,L,665622,R,field_out,False,False,160.0,0.25,26.0,16.25,15.0,9.38,0.688,0.09999999999999998,21.75,11.77,9.48,21.25,30.7,11.06,528.0,0.25,89.0,16.86,42.0,7.95,0.8029999999999999,0.235,20.84,11.11,9.82,20.92,33.45,13.94,,,,,,,,,,,,,,,217.0,0.266,42.0,19.35,27.0,12.44,0.786,0.1419999999999999,20.68,9.23,14.6,23.83,24.15,17.57
747110,2024-06-02,2024,668832,L,450203,R,field_out,False,False,66.0,0.333,19.0,28.79,9.0,13.64,0.968,0.21100000000000002,42.61,18.35,15.36,33.71,18.11,25.0,,,,,,,,,,,,,,,142.0,0.261,35.0,24.65,17.0,11.97,0.802,0.16799999999999998,26.87,13.16,15.54,28.7,26.97,21.12,351.0,0.234,100.0,28.49,47.0,13.39,0.721,0.1299999999999999,36.41,15.33,18.52,33.84,28.99,23.42
747110,2024-06-02,2024,680474,R,450203,R,walk,False,True,82.0,0.284,20.0,24.39,6.0,7.32,0.746,0.10800000000000004,25.35,10.37,21.04,31.41,18.71,19.42,,,,,,,,,,,,,,,96.0,0.233,24.0,25.0,6.0,6.25,0.648,0.13399999999999998,23.96,12.04,14.4,26.44,28.49,17.19,367.0,0.253,83.0,22.62,36.0,9.81,0.708,0.124,28.15,12.12,17.62,29.74,27.53,21.67
747110,2024-06-02,2024,691016,L,450203,R,strikeout,True,False,50.0,0.19,21.0,42.0,8.0,16.0,0.653,0.14300000000000002,37.97,15.79,17.89,33.68,30.69,46.67,118.0,0.159,37.0,31.36,10.0,8.47,0.472,0.0839999999999999,33.93,16.67,14.91,31.58,29.36,28.91,142.0,0.261,35.0,24.65,17.0,11.97,0.802,0.16799999999999998,26.87,13.16,15.54,28.7,26.97,21.12,351.0,0.234,100.0,28.49,47.0,13.39,0.721,0.1299999999999999,36.41,15.33,18.52,33.84,28.99,23.42
747110,2024-06-02,2024,647351,L,450203,R,pickoff_1b,False,False,162.0,0.265,31.0,19.14,8.0,4.94,0.712,0.132,19.79,9.08,18.95,28.03,29.69,17.61,20.0,0.412,5.0,25.0,2.0,10.0,1.265,0.353,37.04,15.62,26.56,42.19,25.0,31.25,142.0,0.261,35.0,24.65,17.0,11.97,0.802,0.16799999999999998,26.87,13.16,15.54,28.7,26.97,21.12,351.0,0.234,100.0,28.49,47.0,13.39,0.721,0.1299999999999999,36.41,15.33,18.52,33.84,28.99,23.42
747110,2024-06-02,2024,594807,R,665622,R,strikeout,True,False,52.0,0.102,19.0,36.54,2.0,3.85,0.297,0.040999999999999995,28.57,13.2,18.78,31.98,26.88,32.2,260.0,0.248,76.0,29.23,18.0,6.92,0.863,0.303,29.41,13.69,18.97,32.66,32.68,27.44,,,,,,,,,,,,,,,278.0,0.247,64.0,23.02,30.0,10.79,0.796,0.218,27.38,12.79,14.88,27.68,28.05,20.71
747110,2024-06-02,2024,672284,L,665622,R,walk,False,True,128.0,0.269,39.0,30.47,8.0,6.25,0.724,0.14299999999999996,33.58,17.18,13.93,31.11,31.18,22.81,324.0,0.251,105.0,32.41,34.0,10.49,0.738,0.1569999999999999,35.42,16.4,14.8,31.2,29.2,26.99,,,,,,,,,,,,,,,217.0,0.266,42.0,19.35,27.0,12.44,0.786,0.1419999999999999,20.68,9.23,14.6,23.83,24.15,17.57
747110,2024-06-02,2024,669221,R,665622,R,strikeout,True,False,10.0,0.2,3.0,30.0,0.0,0.0,0.4,0.0,41.18,21.88,21.88,43.75,46.67,37.5,337.0,0.245,77.0,22.85,37.0,10.98,0.832,0.2309999999999999,26.79,12.43,15.15,27.58,22.74,18.97,,,,,,,,,,,,,,,278.0,0.247,64.0,23.02,30.0,10.79,0.796,0.218,27.38,12.79,14.88,27.68,28.05,20.71
747110,2024-06-02,2024,606115,R,665622,R,field_out,False,False,159.0,0.26,25.0,15.72,5.0,3.14,0.716,0.173,22.95,12.01,13.38,25.39,28.01,16.13,421.0,0.255,78.0,18.53,23.0,5.46,0.6739999999999999,0.12,23.54,11.23,17.09,28.32,27.84,15.98,,,,,,,,,,,,,,,278.0,0.247,64.0,23.02,30.0,10.79,0.796,0.218,27.38,12.79,14.88,27.68,28.05,20.71
747110,2024-06-02,2024,647351,L,450203,R,field_out,False,False,162.0,0.265,31.0,19.14,8.0,4.94,0.712,0.132,19.79,9.08,18.95,28.03,29.69,17.61,20.0,0.412,5.0,25.0,2.0,10.0,1.265,0.353,37.04,15.62,26.56,42.19,25.0,31.25,142.0,0.261,35.0,24.65,17.0,11.97,0.802,0.16799999999999998,26.87,13.16,15.54,28.7,26.97,21.12,351.0,0.234,100.0,28.49,47.0,13.39,0.721,0.1299999999999999,36.41,15.33,18.52,33.84,28.99,23.42
747110,2024-06-02,2024,609280,R,450203,R,field_out,False,False,23.0,0.409,2.0,8.7,0.0,0.0,1.0270000000000001,0.22700000000000004,2.33,1.15,18.39,19.54,32.56,9.09,52.0,0.229,6.0,11.54,4.0,7.69,0.705,0.1879999999999999,14.58,7.49,13.9,21.39,30.93,12.77,96.0,0.233,24.0,25.0,6.0,6.25,0.648,0.13399999999999998,23.96,12.04,14.4,26.44,28.49,17.19,367.0,0.253,83.0,22.62,36.0,9.81,0.708,0.124,28.15,12.12,17.62,29.74,27.53,21.67
747110,2024-06-02,2024,668709,L,450203,R,walk,False,True,188.0,0.256,33.0,17.55,23.0,12.23,0.7989999999999999,0.195,27.6,11.46,17.52,28.98,21.67,18.33,232.0,0.209,53.0,22.84,35.0,15.09,0.726,0.184,28.61,12.18,15.3,27.48,19.27,20.46,142.0,0.261,35.0,24.65,17.0,11.97,0.802,0.16799999999999998,26.87,13.16,15.54,28.7,26.97,21.12,351.0,0.234,100.0,28.49,47.0,13.39,0.721,0.1299999999999999,36.41,15.33,18.52,33.84,28.99,23.42
747110,2024-06-02,2024,667670,R,450203,R,walk,False,True,144.0,0.306,49.0,34.03,17.0,11.81,0.98,0.27499999999999997,38.03,18.06,13.38,31.44,30.7,26.78,351.0,0.23,115.0,32.76,33.0,9.4,0.788,0.2419999999999999,37.94,17.82,16.3,34.12,28.65,23.47,96.0,0.233,24.0,25.0,6.0,6.25,0.648,0.13399999999999998,23.96,12.04,14.4,26.44,28.49,17.19,367.0,0.253,83.0,22.62,36.0,9.81,0.708,0.124,28.15,12.12,17.62,29.74,27.53,21.67
747110,2024-06-02,2024,664913,L,450203,R,field_out,False,False,146.0,0.203,48.0,32.88,8.0,5.48,0.5880000000000001,0.138,30.1,15.73,13.81,29.55,33.79,26.67,315.0,0.234,81.0,25.71,24.0,7.62,0.738,0.21,29.85,15.11,13.77,28.88,31.88,22.82,142.0,0.261,35.0,24.65,17.0,11.97,0.802,0.16799999999999998,26.87,13.16,15.54,28.7,26.97,21.12,351.0,0.234,100.0,28.49,47.0,13.39,0.721,0.1299999999999999,36.41,15.33,18.52,33.84,28.99,23.42
747110,2024-06-02,2024,671739,L,665622,R,strikeout,True,False,159.0,0.259,33.0,20.75,10.0,6.29,0.716,0.14899999999999997,25.44,15.44,9.34,24.78,44.56,19.88,400.0,0.29,76.0,19.0,22.0,5.5,0.812,0.191,24.97,13.25,14.35,27.61,37.23,20.32,,,,,,,,,,,,,,,217.0,0.266,42.0,19.35,27.0,12.44,0.786,0.1419999999999999,20.68,9.23,14.6,23.83,24.15,17.57
747110,2024-06-02,2024,663586,R,665622,R,double,False,False,136.0,0.242,36.0,26.47,10.0,7.35,0.688,0.137,31.44,15.6,12.97,28.57,25.84,22.15,566.0,0.28,137.0,24.2,42.0,7.42,0.841,0.2199999999999999,27.71,13.25,15.53,28.77,27.7,18.53,,,,,,,,,,,,,,,278.0,0.247,64.0,23.02,30.0,10.79,0.796,0.218,27.38,12.79,14.88,27.68,28.05,20.71
747110,2024-06-02,2024,542303,R,665622,R,field_out,False,False,171.0,0.301,38.0,22.22,15.0,8.77,0.99,0.326,31.46,15.1,13.3,28.4,27.12,19.79,453.0,0.272,109.0,24.06,44.0,9.71,0.882,0.263,27.95,13.42,14.78,28.21,29.59,18.63,,,,,,,,,,,,,,,278.0,0.247,64.0,23.02,30.0,10.79,0.796,0.218,27.38,12.79,14.88,27.68,28.05,20.71
747110,2024-06-02,2024,621566,L,669620,L,field_out,False,False,75.0,0.254,17.0,22.67,5.0,6.67,0.8420000000000001,0.268,23.61,11.45,14.81,26.26,27.7,16.67,182.0,0.252,52.0,28.57,14.0,7.69,0.7989999999999999,0.239,31.07,15.01,14.87,29.88,27.47,21.94,1.0,0.0,0.0,0.0,0.0,0.0,0.0,0.0,0.0,0.0,50.0,50.0,,,,,,,,,,,,,,,,
747110,2024-06-02,2024,680869,R,669276,L,home_run,False,False,44.0,0.2,15.0,34.09,4.0,9.09,0.5980000000000001,0.125,36.84,17.72,15.19,32.91,22.22,36.59,80.0,0.167,28.0,35.0,8.0,10.0,0.486,0.0689999999999999,40.48,21.25,11.56,32.81,27.92,34.57,67.0,0.211,10.0,14.93,8.0,11.94,0.5489999999999999,0.035,31.45,16.67,10.26,26.92,35.09,16.95,61.0,0.315,11.0,18.03,6.0,9.84,0.8089999999999999,0.1109999999999999,24.26,13.36,13.77,27.13,40.44,11.34
747110,2024-06-02,2024,668832,L,669276,L,strikeout,True,False,2.0,0.0,2.0,100.0,0.0,0.0,0.0,0.0,75.0,25.0,25.0,50.0,28.57,33.33,,,,,,,,,,,,,,,37.0,0.27,11.0,29.73,0.0,0.0,0.7290000000000001,0.189,28.75,17.56,16.03,33.59,40.82,25.58,40.0,0.189,13.0,32.5,2.0,5.0,0.663,0.243,40.54,20.69,20.69,41.38,31.03,32.5
747110,2024-06-02,2024,680474,R,669276,L,strikeout,True,False,41.0,0.229,9.0,21.95,4.0,9.76,0.7,0.171,20.83,9.38,17.5,26.88,14.47,19.15,,,,,,,,,,,,,,,67.0,0.211,10.0,14.93,8.0,11.94,0.5489999999999999,0.035,31.45,16.67,10.26,26.92,35.09,16.95,61.0,0.315,11.0,18.03,6.0,9.84,0.8089999999999999,0.1109999999999999,24.26,13.36,13.77,27.13,40.44,11.34
747110,2024-06-02,2024,605204,R,669276,L,walk,False,True,36.0,0.265,8.0,22.22,2.0,5.56,0.7769999999999999,0.20599999999999996,32.88,16.67,15.28,31.94,25.37,15.09,159.0,0.246,42.0,26.42,12.0,7.55,0.729,0.177,31.08,17.12,8.31,25.42,26.55,23.6,67.0,0.211,10.0,14.93,8.0,11.94,0.5489999999999999,0.035,31.45,16.67,10.26,26.92,35.09,16.95,61.0,0.315,11.0,18.03,6.0,9.84,0.8089999999999999,0.1109999999999999,24.26,13.36,13.77,27.13,40.44,11.34
747110,2024-06-02,2024,647351,R,669276,L,field_out,False,False,69.0,0.323,8.0,11.59,2.0,2.9,0.83,0.15399999999999997,13.53,6.41,19.22,25.62,30.07,8.7,1.0,1.0,0.0,0.0,0.0,0.0,2.0,0.0,50.0,20.0,20.0,40.0,0.0,0.0,67.0,0.211,10.0,14.93,8.0,11.94,0.5489999999999999,0.035,31.45,16.67,10.26,26.92,35.09,16.95,61.0,0.315,11.0,18.03,6.0,9.84,0.8089999999999999,0.1109999999999999,24.26,13.36,13.77,27.13,40.44,11.34
747110,2024-06-02,2024,645277,L,613534,R,strikeout,True,False,160.0,0.25,26.0,16.25,15.0,9.38,0.688,0.09999999999999998,21.75,11.77,9.48,21.25,30.7,11.06,528.0,0.25,89.0,16.86,42.0,7.95,0.8029999999999999,0.235,20.84,11.11,9.82,20.92,33.45,13.94,35.0,0.179,11.0,31.43,3.0,8.57,0.681,0.178,26.39,11.8,16.77,28.57,25.64,20.37,29.0,0.174,10.0,34.48,4.0,13.79,0.5189999999999999,0.0,35.71,14.81,17.78,32.59,22.73,21.28
747110,2024-06-02,2024,594807,R,613534,R,walk,False,True,52.0,0.102,19.0,36.54,2.0,3.85,0.297,0.040999999999999995,28.57,13.2,18.78,31.98,26.88,32.2,260.0,0.248,76.0,29.23,18.0,6.92,0.863,0.303,29.41,13.69,18.97,32.66,32.68,27.44,47.0,0.263,15.0,31.91,6.0,12.77,0.6719999999999999,0.025999999999999968,43.53,18.05,16.59,34.63,27.35,25.0,52.0,0.267,12.0,23.08,4.0,7.69,0.721,0.0889999999999999,25.93,12.28,15.35,27.63,31.9,16.67
747110,2024-06-02,2024,672284,L,613534,R,double,False,False,128.0,0.269,39.0,30.47,8.0,6.25,0.724,0.14299999999999996,33.58,17.18,13.93,31.11,31.18,22.81,324.0,0.251,105.0,32.41,34.0,10.49,0.738,0.1569999999999999,35.42,16.4,14.8,31.2,29.2,26.99,35.0,0.179,11.0,31.43,3.0,8.57,0.681,0.178,26.39,11.8,16.77,28.57,25.64,20.37,29.0,0.174,10.0,34.48,4.0,13.79,0.5189999999999999,0.0,35.71,14.81,17.78,32.59,22.73,21.28
747110,2024-06-02,2024,669221,R,613534,R,double,False,False,10.0,0.2,3.0,30.0,0.0,0.0,0.4,0.0,41.18,21.88,21.88,43.75,46.67,37.5,337.0,0.245,77.0,22.85,37.0,10.98,0.832,0.2309999999999999,26.79,12.43,15.15,27.58,22.74,18.97,47.0,0.263,15.0,31.91,6.0,12.77,0.6719999999999999,0.025999999999999968,43.53,18.05,16.59,34.63,27.35,25.0,52.0,0.267,12.0,23.08,4.0,7.69,0.721,0.0889999999999999,25.93,12.28,15.35,27.63,31.9,16.67
747110,2024-06-02,2024,606115,R,613534,R,strikeout,True,False,159.0,0.26,25.0,15.72,5.0,3.14,0.716,0.173,22.95,12.01,13.38,25.39,28.01,16.13,421.0,0.255,78.0,18.53,23.0,5.46,0.6739999999999999,0.12,23.54,11.23,17.09,28.32,27.84,15.98,47.0,0.263,15.0,31.91,6.0,12.77,0.6719999999999999,0.025999999999999968,43.53,18.05,16.59,34.63,27.35,25.0,52.0,0.267,12.0,23.08,4.0,7.69,0.721,0.0889999999999999,25.93,12.28,15.35,27.63,31.9,16.67
747110,2024-06-02,2024,671739,L,613534,R,intent_walk,False,True,159.0,0.259,33.0,20.75,10.0,6.29,0.716,0.14899999999999997,25.44,15.44,9.34,24.78,44.56,19.88,400.0,0.29,76.0,19.0,22.0,5.5,0.812,0.191,24.97,13.25,14.35,27.61,37.23,20.32,35.0,0.179,11.0,31.43,3.0,8.57,0.681,0.178,26.39,11.8,16.77,28.57,25.64,20.37,29.0,0.174,10.0,34.48,4.0,13.79,0.5189999999999999,0.0,35.71,14.81,17.78,32.59,22.73,21.28
747110,2024-06-02,2024,663586,R,613534,R,field_out,False,False,136.0,0.242,36.0,26.47,10.0,7.35,0.688,0.137,31.44,15.6,12.97,28.57,25.84,22.15,566.0,0.28,137.0,24.2,42.0,7.42,0.841,0.2199999999999999,27.71,13.25,15.53,28.77,27.7,18.53,47.0,0.263,15.0,31.91,6.0,12.77,0.6719999999999999,0.025999999999999968,43.53,18.05,16.59,34.63,27.35,25.0,52.0,0.267,12.0,23.08,4.0,7.69,0.721,0.0889999999999999,25.93,12.28,15.35,27.63,31.9,16.67
747110,2024-06-02,2024,609280,R,641729,R,field_out,False,False,23.0,0.409,2.0,8.7,0.0,0.0,1.0270000000000001,0.22700000000000004,2.33,1.15,18.39,19.54,32.56,9.09,52.0,0.229,6.0,11.54,4.0,7.69,0.705,0.1879999999999999,14.58,7.49,13.9,21.39,30.93,12.77,49.0,0.152,15.0,30.61,3.0,6.12,0.378,0.021999999999999992,32.35,17.19,14.58,31.77,31.52,26.79,144.0,0.229,47.0,32.64,9.0,6.25,0.694,0.176,32.23,16.57,16.95,33.52,30.83,29.19
747110,2024-06-02,2024,668709,L,641729,R,field_out,False,False,188.0,0.256,33.0,17.55,23.0,12.23,0.7989999999999999,0.195,27.6,11.46,17.52,28.98,21.67,18.33,232.0,0.209,53.0,22.84,35.0,15.09,0.726,0.184,28.61,12.18,15.3,27.48,19.27,20.46,41.0,0.222,9.0,21.95,5.0,12.2,0.539,0.0,27.16,13.25,18.67,31.93,30.99,16.36,94.0,0.239,26.0,27.66,5.0,5.32,0.72,0.204,32.2,16.22,15.48,31.7,24.86,16.77
747110,2024-06-02,2024,667670,R,641729,R,walk,False,True,144.0,0.306,49.0,34.03,17.0,11.81,0.98,0.27499999999999997,38.03,18.06,13.38,31.44,30.7,26.78,351.0,0.23,115.0,32.76,33.0,9.4,0.788,0.2419999999999999,37.94,17.82,16.3,34.12,28.65,23.47,49.0,0.152,15.0,30.61,3.0,6.12,0.378,0.021999999999999992,32.35,17.19,14.58,31.77,31.52,26.79,144.0,0.229,47.0,32.64,9.0,6.25,0.694,0.176,32.23,16.57,16.95,33.52,30.83,29.19
747110,2024-06-02,2024,664913,L,641729,R,strikeout,True,False,146.0,0.203,48.0,32.88,8.0,5.48,0.5880000000000001,0.138,30.1,15.73,13.81,29.55,33.79,26.67,315.0,0.234,81.0,25.71,24.0,7.62,0.738,0.21,29.85,15.11,13.77,28.88,31.88,22.82,41.0,0.222,9.0,21.95,5.0,12.2,0.539,0.0,27.16,13.25,18.67,31.93,30.99,16.36,94.0,0.239,26.0,27.66,5.0,5.32,0.72,0.204,32.2,16.22,15.48,31.7,24.86,16.77
747110,2024-06-02,2024,542303,R,666204,R,double,False,False,171.0,0.301,38.0,22.22,15.0,8.77,0.99,0.326,31.46,15.1,13.3,28.4,27.12,19.79,453.0,0.272,109.0,24.06,44.0,9.71,0.882,0.263,27.95,13.42,14.78,28.21,29.59,18.63,36.0,0.148,8.0,22.22,6.0,16.67,0.639,0.18500000000000003,31.48,12.69,21.64,34.33,22.39,24.24,58.0,0.152,12.0,20.69,9.0,15.52,0.6339999999999999,0.1959999999999999,29.03,11.44,17.37,28.81,19.85,20.0
747110,2024-06-02,2024,621566,L,666204,R,field_out,False,False,163.0,0.234,45.0,27.61,19.0,11.66,0.742,0.17699999999999996,28.49,13.89,11.25,25.14,27.11,17.81,540.0,0.294,115.0,21.3,90.0,16.67,1.061,0.351,27.51,12.57,12.32,24.89,25.66,14.92,35.0,0.214,4.0,11.43,7.0,20.0,0.871,0.28600000000000003,21.15,8.66,18.11,26.77,19.67,13.33,37.0,0.129,9.0,24.32,5.0,13.51,0.437,0.065,25.0,8.62,21.84,30.46,18.37,15.0
747110,2024-06-02,2024,645277,L,666204,R,single,False,False,160.0,0.25,26.0,16.25,15.0,9.38,0.688,0.09999999999999998,21.75,11.77,9.48,21.25,30.7,11.06,528.0,0.25,89.0,16.86,42.0,7.95,0.8029999999999999,0.235,20.84,11.11,9.82,20.92,33.45,13.94,35.0,0.214,4.0,11.43,7.0,20.0,0.871,0.28600000000000003,21.15,8.66,18.11,26.77,19.67,13.33,37.0,0.129,9.0,24.32,5.0,13.51,0.437,0.065,25.0,8.62,21.84,30.46,18.37,15.0
747110,2024-06-02,2024,594807,R,666204,R,single,False,False,52.0,0.102,19.0,36.54,2.0,3.85,0.297,0.040999999999999995,28.57,13.2,18.78,31.98,26.88,32.2,260.0,0.248,76.0,29.23,18.0,6.92,0.863,0.303,29.41,13.69,18.97,32.66,32.68,27.44,36.0,0.148,8.0,22.22,6.0,16.67,0.639,0.18500000000000003,31.48,12.69,21.64,34.33,22.39,24.24,58.0,0.152,12.0,20.69,9.0,15.52,0.6339999999999999,0.1959999999999999,29.03,11.44,17.37,28.81,19.85,20.0
747110,2024-06-02,2024,672284,L,666204,R,field_out,False,False,128.0,0.269,39.0,30.47,8.0,6.25,0.724,0.14299999999999996,33.58,17.18,13.93,31.11,31.18,22.81,324.0,0.251,105.0,32.41,34.0,10.49,0.738,0.1569999999999999,35.42,16.4,14.8,31.2,29.2,26.99,35.0,0.214,4.0,11.43,7.0,20.0,0.871,0.28600000000000003,21.15,8.66,18.11,26.77,19.67,13.33,37.0,0.129,9.0,24.32,5.0,13.51,0.437,0.065,25.0,8.62,21.84,30.46,18.37,15.0
747110,2024-06-02,2024,669221,R,666204,R,walk,False,True,10.0,0.2,3.0,30.0,0.0,0.0,0.4,0.0,41.18,21.88,21.88,43.75,46.67,37.5,337.0,0.245,77.0,22.85,37.0,10.98,0.832,0.2309999999999999,26.79,12.43,15.15,27.58,22.74,18.97,36.0,0.148,8.0,22.22,6.0,16.67,0.639,0.18500000000000003,31.48,12.69,21.64,34.33,22.39,24.24,58.0,0.152,12.0,20.69,9.0,15.52,0.6339999999999999,0.1959999999999999,29.03,11.44,17.37,28.81,19.85,20.0
747110,2024-06-02,2024,606115,R,666204,R,force_out,False,False,159.0,0.26,25.0,15.72,5.0,3.14,0.716,0.173,22.95,12.01,13.38,25.39,28.01,16.13,421.0,0.255,78.0,18.53,23.0,5.46,0.6739999999999999,0.12,23.54,11.23,17.09,28.32,27.84,15.98,36.0,0.148,8.0,22.22,6.0,16.67,0.639,0.18500000000000003,31.48,12.69,21.64,34.33,22.39,24.24,58.0,0.152,12.0,20.69,9.0,15.52,0.6339999999999999,0.1959999999999999,29.03,11.44,17.37,28.81,19.85,20.0
747110,2024-06-02,2024,680869,R,628452,R,field_out,False,False,127.0,0.174,43.0,33.86,9.0,7.09,0.508,0.09600000000000003,35.74,17.84,15.83,33.67,26.83,28.67,220.0,0.303,54.0,24.55,18.0,8.18,0.969,0.298,30.92,15.24,15.12,30.36,29.22,21.29,40.0,0.243,5.0,12.5,2.0,5.0,0.651,0.10799999999999998,21.43,9.93,12.58,22.52,24.05,16.13,108.0,0.221,37.0,34.26,4.0,3.7,0.587,0.116,33.75,18.93,13.79,32.71,38.6,26.62
747110,2024-06-02,2024,668832,L,628452,R,field_out,False,False,66.0,0.333,19.0,28.79,9.0,13.64,0.968,0.21100000000000002,42.61,18.35,15.36,33.71,18.11,25.0,,,,,,,,,,,,,,,46.0,0.19,11.0,23.91,3.0,6.52,0.482,0.04799999999999999,27.91,14.81,14.2,29.01,34.48,27.5,123.0,0.255,31.0,25.2,11.0,8.94,0.735,0.1629999999999999,31.56,15.78,14.44,30.22,32.92,28.44
747110,2024-06-02,2024,680474,R,628452,R,field_out,False,False,82.0,0.284,20.0,24.39,6.0,7.32,0.746,0.10800000000000004,25.35,10.37,21.04,31.41,18.71,19.42,,,,,,,,,,,,,,,40.0,0.243,5.0,12.5,2.0,5.0,0.651,0.10799999999999998,21.43,9.93,12.58,22.52,24.05,16.13,108.0,0.221,37.0,34.26,4.0,3.7,0.587,0.116,33.75,18.93,13.79,32.71,38.6,26.62
746871,2024-06-02,2024,670770,L,676962,R,field_out,False,False,26.0,0.125,6.0,23.08,2.0,7.69,0.359,0.04200000000000001,21.62,8.51,22.34,30.85,18.6,25.0,446.0,0.26,70.0,15.7,38.0,8.52,0.785,0.189,18.12,7.73,19.52,27.25,25.03,13.48,92.0,0.215,27.0,29.35,13.0,14.13,0.579,0.038000000000000006,29.82,13.71,18.01,31.72,27.03,23.89,,,,,,,,,,,,,,
746871,2024-06-02,2024,682829,L,676962,R,strikeout,True,False,152.0,0.244,53.0,34.87,17.0,11.18,0.8180000000000001,0.245,33.61,13.71,20.4,34.11,25.23,31.71,307.0,0.255,95.0,30.94,30.0,9.77,0.7989999999999999,0.2159999999999999,26.69,11.86,17.47,29.33,31.27,25.07,92.0,0.215,27.0,29.35,13.0,14.13,0.579,0.038000000000000006,29.82,13.71,18.01,31.72,27.03,23.89,,,,,,,,,,,,,,
746871,2024-06-02,2024,600869,L,676962,R,single,False,False,136.0,0.208,40.0,29.41,8.0,5.88,0.675,0.208,30.4,16.02,14.09,30.12,36.88,24.84,415.0,0.251,91.0,21.93,38.0,9.16,0.812,0.2279999999999999,25.42,11.83,16.22,28.05,27.64,18.71,92.0,0.215,27.0,29.35,13.0,14.13,0.579,0.038000000000000006,29.82,13.71,18.01,31.72,27.03,23.89,,,,,,,,,,,,,,
746871,2024-06-02,2024,668715,R,676962,R,force_out,False,False,159.0,0.241,30.0,18.87,20.0,12.58,0.74,0.15300000000000002,20.48,8.9,17.95,26.85,24.5,13.04,487.0,0.256,106.0,21.77,51.0,10.47,0.7789999999999999,0.175,25.48,10.86,19.02,29.88,22.75,18.53,92.0,0.176,28.0,30.43,4.0,4.35,0.515,0.13,33.75,16.07,19.64,35.71,32.05,27.72,,,,,,,,,,,,,,
746871,2024-06-02,2024,663538,R,666157,L,field_out,False,False,45.0,0.256,5.0,11.11,5.0,11.11,0.6890000000000001,0.07700000000000001,15.79,7.5,17.5,25.0,34.25,12.5,180.0,0.306,20.0,11.11,9.0,5.0,0.756,0.1059999999999999,10.25,4.9,18.57,23.48,32.13,11.7,131.0,0.207,37.0,28.24,6.0,4.58,0.617,0.148,33.6,16.73,16.93,33.67,35.89,21.89,140.0,0.361,38.0,27.14,9.0,6.43,1.071,0.278,29.69,13.97,16.73,30.7,30.18,21.71
746871,2024-06-02,2024,673548,R,666157,L,strikeout,True,False,48.0,0.222,10.0,20.83,3.0,6.25,0.6930000000000001,0.19999999999999998,24.1,10.26,21.54,31.79,20.22,14.93,168.0,0.306,28.0,16.67,18.0,10.71,0.852,0.1659999999999999,13.89,5.59,20.11,25.7,20.92,12.39,131.0,0.207,37.0,28.24,6.0,4.58,0.617,0.148,33.6,16.73,16.93,33.67,35.89,21.89,140.0,0.361,38.0,27.14,9.0,6.43,1.071,0.278,29.69,13.97,16.73,30.7,30.18,21.71
746871,2024-06-02,2024,641355,L,666157,L,single,False,False,59.0,0.322,7.0,11.86,0.0,0.0,0.763,0.119,21.65,11.93,17.05,28.98,38.16,18.42,183.0,0.337,29.0,15.85,13.0,7.1,0.984,0.2589999999999999,20.0,9.84,17.49,27.32,33.33,11.98,31.0,0.148,9.0,29.03,3.0,9.68,0.406,0.0,23.4,8.4,24.43,32.82,19.05,19.57,26.0,0.24,9.0,34.62,1.0,3.85,0.7090000000000001,0.2,34.04,15.24,23.81,39.05,44.0,22.5
746871,2024-06-02,2024,666624,R,666157,L,hit_by_pitch,False,False,57.0,0.222,11.0,19.3,8.0,14.04,0.84,0.267,27.47,12.2,15.12,27.32,25.0,18.33,101.0,0.25,28.0,27.72,9.0,8.91,0.893,0.3259999999999999,32.8,15.98,13.4,29.38,27.23,25.23,131.0,0.207,37.0,28.24,6.0,4.58,0.617,0.148,33.6,16.73,16.93,33.67,35.89,21.89,140.0,0.361,38.0,27.14,9.0,6.43,1.071,0.278,29.69,13.97,16.73,30.7,30.18,21.71
746871,2024-06-02,2024,621550,R,666157,L,field_out,False,False,36.0,0.267,10.0,27.78,4.0,11.11,0.861,0.23299999999999998,28.0,13.55,13.55,27.1,24.68,19.23,131.0,0.217,47.0,35.88,10.0,7.63,0.769,0.275,32.94,15.47,14.92,30.39,23.55,28.83,131.0,0.207,37.0,28.24,6.0,4.58,0.617,0.148,33.6,16.73,16.93,33.67,35.89,21.89,140.0,0.361,38.0,27.14,9.0,6.43,1.071,0.278,29.69,13.97,16.73,30.7,30.18,21.71
746871,2024-06-02,2024,641584,L,676962,R,double,False,False,112.0,0.277,27.0,24.11,9.0,8.04,0.6859999999999999,0.06999999999999995,21.86,12.44,9.45,21.89,28.93,18.24,339.0,0.268,66.0,19.47,34.0,10.03,0.815,0.199,24.78,12.84,11.52,24.36,30.55,18.38,92.0,0.215,27.0,29.35,13.0,14.13,0.579,0.038000000000000006,29.82,13.71,18.01,31.72,27.03,23.89,,,,,,,,,,,,,,
746871,2024-06-02,2024,663886,R,676962,R,single,False,False,107.0,0.24,24.0,22.43,8.0,7.48,0.673,0.125,23.53,10.44,19.06,29.5,25.95,21.3,378.0,0.228,105.0,27.78,34.0,8.99,0.657,0.1239999999999999,29.78,12.81,19.96,32.77,26.19,24.59,92.0,0.176,28.0,30.43,4.0,4.35,0.515,0.13,33.75,16.07,19.64,35.71,32.05,27.72,,,,,,,,,,,,,,
746871,2024-06-02,2024,674441,L,676962,R,hit_by_pitch,False,False,34.0,0.214,8.0,23.53,3.0,8.82,0.5529999999999999,0.036000000000000004,15.52,6.38,24.11,30.5,18.97,15.38,,,,,,,,,,,,,,,92.0,0.215,27.0,29.35,13.0,14.13,0.579,0.038000000000000006,29.82,13.71,18.01,31.72,27.03,23.89,,,,,,,,,,,,,,
746871,2024-06-02,2024,663697,R,676962,R,sac_fly,False,False,140.0,0.208,33.0,23.57,19.0,13.57,0.613,0.08399999999999999,18.83,6.8,21.36,28.16,16.12,18.13,397.0,0.257,73.0,18.39,37.0,9.32,0.7809999999999999,0.175,21.3,8.18,21.42,29.59,19.53,15.19,92.0,0.176,28.0,30.43,4.0,4.35,0.515,0.13,33.75,16.07,19.64,35.71,32.05,27.72,,,,,,,,,,,,,,
746871,2024-06-02,2024,666181,L,676962,R,strikeout,True,False,144.0,0.233,60.0,41.67,15.0,10.42,0.7929999999999999,0.24799999999999997,37.28,17.72,14.74,32.45,20.76,30.15,285.0,0.297,89.0,31.23,37.0,12.98,0.938,0.252,31.03,13.11,16.03,29.13,18.51,23.66,92.0,0.215,27.0,29.35,13.0,14.13,0.579,0.038000000000000006,29.82,13.71,18.01,31.72,27.03,23.89,,,,,,,,,,,,,,
746871,2024-06-02,2024,670770,L,676962,R,home_run,False,False,26.0,0.125,6.0,23.08,2.0,7.69,0.359,0.04200000000000001,21.62,8.51,22.34,30.85,18.6,25.0,446.0,0.26,70.0,15.7,38.0,8.52,0.785,0.189,18.12,7.73,19.52,27.25,25.03,13.48,92.0,0.215,27.0,29.35,13.0,14.13,0.579,0.038000000000000006,29.82,13.71,18.01,31.72,27.03,23.89,,,,,,,,,,,,,,
746871,2024-06-02,2024,682829,L,676962,R,strikeout,True,False,152.0,0.244,53.0,34.87,17.0,11.18,0.8180000000000001,0.245,33.61,13.71,20.4,34.11,25.23,31.71,307.0,0.255,95.0,30.94,30.0,9.77,0.7989999999999999,0.2159999999999999,26.69,11.86,17.47,29.33,31.27,25.07,92.0,0.215,27.0,29.35,13.0,14.13,0.579,0.038000000000000006,29.82,13.71,18.01,31.72,27.03,23.89,,,,,,,,,,,,,,
746871,2024-06-02,2024,664023,R,666157,L,field_out,False,False,49.0,0.222,10.0,20.41,3.0,6.12,0.627,0.13399999999999998,26.26,14.29,13.74,28.02,24.0,16.13,191.0,0.225,44.0,23.04,19.0,9.95,0.694,0.16,24.04,11.18,15.63,26.81,29.29,17.32,131.0,0.207,37.0,28.24,6.0,4.58,0.617,0.148,33.6,16.73,16.93,33.67,35.89,21.89,140.0,0.361,38.0,27.14,9.0,6.43,1.071,0.278,29.69,13.97,16.73,30.7,30.18,21.71
746871,2024-06-02,2024,621020,R,666157,L,strikeout,True,False,36.0,0.233,8.0,22.22,5.0,13.89,0.728,0.13399999999999998,26.15,11.81,11.81,23.61,20.0,22.86,161.0,0.245,43.0,26.71,17.0,10.56,0.771,0.203,30.48,14.79,13.87,28.66,24.48,20.28,131.0,0.207,37.0,28.24,6.0,4.58,0.617,0.148,33.6,16.73,16.93,33.67,35.89,21.89,140.0,0.361,38.0,27.14,9.0,6.43,1.071,0.278,29.69,13.97,16.73,30.7,30.18,21.71
746871,2024-06-02,2024,623520,R,666157,L,field_out,False,False,,,,,,,,,,,,,,,,,,,,,,,,,,,,,131.0,0.207,37.0,28.24,6.0,4.58,0.617,0.148,33.6,16.73,16.93,33.67,35.89,21.89,140.0,0.361,38.0,27.14,9.0,6.43,1.071,0.278,29.69,13.97,16.73,30.7,30.18,21.71
746871,2024-06-02,2024,600869,L,676962,R,single,False,False,136.0,0.208,40.0,29.41,8.0,5.88,0.675,0.208,30.4,16.02,14.09,30.12,36.88,24.84,415.0,0.251,91.0,21.93,38.0,9.16,0.812,0.2279999999999999,25.42,11.83,16.22,28.05,27.64,18.71,92.0,0.215,27.0,29.35,13.0,14.13,0.579,0.038000000000000006,29.82,13.71,18.01,31.72,27.03,23.89,,,,,,,,,,,,,,
746871,2024-06-02,2024,668715,R,676962,R,single,False,False,159.0,0.241,30.0,18.87,20.0,12.58,0.74,0.15300000000000002,20.48,8.9,17.95,26.85,24.5,13.04,487.0,0.256,106.0,21.77,51.0,10.47,0.7789999999999999,0.175,25.48,10.86,19.02,29.88,22.75,18.53,92.0,0.176,28.0,30.43,4.0,4.35,0.515,0.13,33.75,16.07,19.64,35.71,32.05,27.72,,,,,,,,,,,,,,
746871,2024-06-02,2024,641584,L,676962,R,sac_fly,False,False,112.0,0.277,27.0,24.11,9.0,8.04,0.6859999999999999,0.06999999999999995,21.86,12.44,9.45,21.89,28.93,18.24,339.0,0.268,66.0,19.47,34.0,10.03,0.815,0.199,24.78,12.84,11.52,24.36,30.55,18.38,92.0,0.215,27.0,29.35,13.0,14.13,0.579,0.038000000000000006,29.82,13.71,18.01,31.72,27.03,23.89,,,,,,,,,,,,,,
746871,2024-06-02,2024,663886,R,676962,R,strikeout,True,False,107.0,0.24,24.0,22.43,8.0,7.48,0.673,0.125,23.53,10.44,19.06,29.5,25.95,21.3,378.0,0.228,105.0,27.78,34.0,8.99,0.657,0.1239999999999999,29.78,12.81,19.96,32.77,26.19,24.59,92.0,0.176,28.0,30.43,4.0,4.35,0.515,0.13,33.75,16.07,19.64,35.71,32.05,27.72,,,,,,,,,,,,,,
746871,2024-06-02,2024,665804,R,666157,L,field_out,False,False,35.0,0.156,8.0,22.86,1.0,2.86,0.457,0.12500000000000003,20.97,10.57,15.45,26.02,26.67,23.53,64.0,0.25,16.0,25.0,5.0,7.81,0.701,0.1069999999999999,31.53,14.11,18.55,32.66,28.79,20.0,131.0,0.207,37.0,28.24,6.0,4.58,0.617,0.148,33.6,16.73,16.93,33.67,35.89,21.89,140.0,0.361,38.0,27.14,9.0,6.43,1.071,0.278,29.69,13.97,16.73,30.7,30.18,21.71
746871,2024-06-02,2024,663538,R,666157,L,single,False,False,45.0,0.256,5.0,11.11,5.0,11.11,0.6890000000000001,0.07700000000000001,15.79,7.5,17.5,25.0,34.25,12.5,180.0,0.306,20.0,11.11,9.0,5.0,0.756,0.1059999999999999,10.25,4.9,18.57,23.48,32.13,11.7,131.0,0.207,37.0,28.24,6.0,4.58,0.617,0.148,33.6,16.73,16.93,33.67,35.89,21.89,140.0,0.361,38.0,27.14,9.0,6.43,1.071,0.278,29.69,13.97,16.73,30.7,30.18,21.71
746871,2024-06-02,2024,673548,R,666157,L,walk,False,True,48.0,0.222,10.0,20.83,3.0,6.25,0.6930000000000001,0.19999999999999998,24.1,10.26,21.54,31.79,20.22,14.93,168.0,0.306,28.0,16.67,18.0,10.71,0.852,0.1659999999999999,13.89,5.59,20.11,25.7,20.92,12.39,131.0,0.207,37.0,28.24,6.0,4.58,0.617,0.148,33.6,16.73,16.93,33.67,35.89,21.89,140.0,0.361,38.0,27.14,9.0,6.43,1.071,0.278,29.69,13.97,16.73,30.7,30.18,21.71
746871,2024-06-02,2024,641355,L,666157,L,field_out,False,False,59.0,0.322,7.0,11.86,0.0,0.0,0.763,0.119,21.65,11.93,17.05,28.98,38.16,18.42,183.0,0.337,29.0,15.85,13.0,7.1,0.984,0.2589999999999999,20.0,9.84,17.49,27.32,33.33,11.98,31.0,0.148,9.0,29.03,3.0,9.68,0.406,0.0,23.4,8.4,24.43,32.82,19.05,19.57,26.0,0.24,9.0,34.62,1.0,3.85,0.7090000000000001,0.2,34.04,15.24,23.81,39.05,44.0,22.5
746871,2024-06-02,2024,666624,R,666157,L,field_out,False,False,57.0,0.222,11.0,19.3,8.0,14.04,0.84,0.267,27.47,12.2,15.12,27.32,25.0,18.33,101.0,0.25,28.0,27.72,9.0,8.91,0.893,0.3259999999999999,32.8,15.98,13.4,29.38,27.23,25.23,131.0,0.207,37.0,28.24,6.0,4.58,0.617,0.148,33.6,16.73,16.93,33.67,35.89,21.89,140.0,0.361,38.0,27.14,9.0,6.43,1.071,0.278,29.69,13.97,16.73,30.7,30.18,21.71
746871,2024-06-02,2024,674441,L,676962,R,field_out,False,False,34.0,0.214,8.0,23.53,3.0,8.82,0.5529999999999999,0.036000000000000004,15.52,6.38,24.11,30.5,18.97,15.38,,,,,,,,,,,,,,,92.0,0.215,27.0,29.35,13.0,14.13,0.579,0.038000000000000006,29.82,13.71,18.01,31.72,27.03,23.89,,,,,,,,,,,,,,
746871,2024-06-02,2024,663697,R,676962,R,walk,False,True,140.0,0.208,33.0,23.57,19.0,13.57,0.613,0.08399999999999999,18.83,6.8,21.36,28.16,16.12,18.13,397.0,0.257,73.0,18.39,37.0,9.32,0.7809999999999999,0.175,21.3,8.18,21.42,29.59,19.53,15.19,92.0,0.176,28.0,30.43,4.0,4.35,0.515,0.13,33.75,16.07,19.64,35.71,32.05,27.72,,,,,,,,,,,,,,
746871,2024-06-02,2024,666181,L,676962,R,strikeout,True,False,144.0,0.233,60.0,41.67,15.0,10.42,0.7929999999999999,0.24799999999999997,37.28,17.72,14.74,32.45,20.76,30.15,285.0,0.297,89.0,31.23,37.0,12.98,0.938,0.252,31.03,13.11,16.03,29.13,18.51,23.66,92.0,0.215,27.0,29.35,13.0,14.13,0.579,0.038000000000000006,29.82,13.71,18.01,31.72,27.03,23.89,,,,,,,,,,,,,,
746871,2024-06-02,2024,670770,L,676962,R,field_out,False,False,26.0,0.125,6.0,23.08,2.0,7.69,0.359,0.04200000000000001,21.62,8.51,22.34,30.85,18.6,25.0,446.0,0.26,70.0,15.7,38.0,8.52,0.785,0.189,18.12,7.73,19.52,27.25,25.03,13.48,92.0,0.215,27.0,29.35,13.0,14.13,0.579,0.038000000000000006,29.82,13.71,18.01,31.72,27.03,23.89,,,,,,,,,,,,,,
746871,2024-06-02,2024,621550,R,666157,L,field_out,False,False,36.0,0.267,10.0,27.78,4.0,11.11,0.861,0.23299999999999998,28.0,13.55,13.55,27.1,24.68,19.23,131.0,0.217,47.0,35.88,10.0,7.63,0.769,0.275,32.94,15.47,14.92,30.39,23.55,28.83,131.0,0.207,37.0,28.24,6.0,4.58,0.617,0.148,33.6,16.73,16.93,33.67,35.89,21.89,140.0,0.361,38.0,27.14,9.0,6.43,1.071,0.278,29.69,13.97,16.73,30.7,30.18,21.71
746871,2024-06-02,2024,664023,R,666157,L,hit_by_pitch,False,False,49.0,0.222,10.0,20.41,3.0,6.12,0.627,0.13399999999999998,26.26,14.29,13.74,28.02,24.0,16.13,191.0,0.225,44.0,23.04,19.0,9.95,0.694,0.16,24.04,11.18,15.63,26.81,29.29,17.32,131.0,0.207,37.0,28.24,6.0,4.58,0.617,0.148,33.6,16.73,16.93,33.67,35.89,21.89,140.0,0.361,38.0,27.14,9.0,6.43,1.071,0.278,29.69,13.97,16.73,30.7,30.18,21.71
746871,2024-06-02,2024,621020,R,666157,L,force_out,False,False,36.0,0.233,8.0,22.22,5.0,13.89,0.728,0.13399999999999998,26.15,11.81,11.81,23.61,20.0,22.86,161.0,0.245,43.0,26.71,17.0,10.56,0.771,0.203,30.48,14.79,13.87,28.66,24.48,20.28,131.0,0.207,37.0,28.24,6.0,4.58,0.617,0.148,33.6,16.73,16.93,33.67,35.89,21.89,140.0,0.361,38.0,27.14,9.0,6.43,1.071,0.278,29.69,13.97,16.73,30.7,30.18,21.71
746871,2024-06-02,2024,623520,R,666157,L,strikeout,True,False,,,,,,,,,,,,,,,,,,,,,,,,,,,,,131.0,0.207,37.0,28.24,6.0,4.58,0.617,0.148,33.6,16.73,16.93,33.67,35.89,21.89,140.0,0.361,38.0,27.14,9.0,6.43,1.071,0.278,29.69,13.97,16.73,30.7,30.18,21.71
746871,2024-06-02,2024,682829,L,676962,R,strikeout,True,False,152.0,0.244,53.0,34.87,17.0,11.18,0.8180000000000001,0.245,33.61,13.71,20.4,34.11,25.23,31.71,307.0,0.255,95.0,30.94,30.0,9.77,0.7989999999999999,0.2159999999999999,26.69,11.86,17.47,29.33,31.27,25.07,92.0,0.215,27.0,29.35,13.0,14.13,0.579,0.038000000000000006,29.82,13.71,18.01,31.72,27.03,23.89,,,,,,,,,,,,,,
746871,2024-06-02,2024,600869,L,676962,R,field_out,False,False,136.0,0.208,40.0,29.41,8.0,5.88,0.675,0.208,30.4,16.02,14.09,30.12,36.88,24.84,415.0,0.251,91.0,21.93,38.0,9.16,0.812,0.2279999999999999,25.42,11.83,16.22,28.05,27.64,18.71,92.0,0.215,27.0,29.35,13.0,14.13,0.579,0.038000000000000006,29.82,13.71,18.01,31.72,27.03,23.89,,,,,,,,,,,,,,
746871,2024-06-02,2024,668715,R,676962,R,field_out,False,False,159.0,0.241,30.0,18.87,20.0,12.58,0.74,0.15300000000000002,20.48,8.9,17.95,26.85,24.5,13.04,487.0,0.256,106.0,21.77,51.0,10.47,0.7789999999999999,0.175,25.48,10.86,19.02,29.88,22.75,18.53,92.0,0.176,28.0,30.43,4.0,4.35,0.515,0.13,33.75,16.07,19.64,35.71,32.05,27.72,,,,,,,,,,,,,,
746871,2024-06-02,2024,665804,R,666157,L,field_out,False,False,35.0,0.156,8.0,22.86,1.0,2.86,0.457,0.12500000000000003,20.97,10.57,15.45,26.02,26.67,23.53,64.0,0.25,16.0,25.0,5.0,7.81,0.701,0.1069999999999999,31.53,14.11,18.55,32.66,28.79,20.0,131.0,0.207,37.0,28.24,6.0,4.58,0.617,0.148,33.6,16.73,16.93,33.67,35.89,21.89,140.0,0.361,38.0,27.14,9.0,6.43,1.071,0.278,29.69,13.97,16.73,30.7,30.18,21.71
746871,2024-06-02,2024,663538,R,666157,L,single,False,False,45.0,0.256,5.0,11.11,5.0,11.11,0.6890000000000001,0.07700000000000001,15.79,7.5,17.5,25.0,34.25,12.5,180.0,0.306,20.0,11.11,9.0,5.0,0.756,0.1059999999999999,10.25,4.9,18.57,23.48,32.13,11.7,131.0,0.207,37.0,28.24,6.0,4.58,0.617,0.148,33.6,16.73,16.93,33.67,35.89,21.89,140.0,0.361,38.0,27.14,9.0,6.43,1.071,0.278,29.69,13.97,16.73,30.7,30.18,21.71
746871,2024-06-02,2024,673548,R,666157,L,single,False,False,48.0,0.222,10.0,20.83,3.0,6.25,0.6930000000000001,0.19999999999999998,24.1,10.26,21.54,31.79,20.22,14.93,168.0,0.306,28.0,16.67,18.0,10.71,0.852,0.1659999999999999,13.89,5.59,20.11,25.7,20.92,12.39,131.0,0.207,37.0,28.24,6.0,4.58,0.617,0.148,33.6,16.73,16.93,33.67,35.89,21.89,140.0,0.361,38.0,27.14,9.0,6.43,1.071,0.278,29.69,13.97,16.73,30.7,30.18,21.71
746871,2024-06-02,2024,641355,L,666157,L,single,False,False,59.0,0.322,7.0,11.86,0.0,0.0,0.763,0.119,21.65,11.93,17.05,28.98,38.16,18.42,183.0,0.337,29.0,15.85,13.0,7.1,0.984,0.2589999999999999,20.0,9.84,17.49,27.32,33.33,11.98,31.0,0.148,9.0,29.03,3.0,9.68,0.406,0.0,23.4,8.4,24.43,32.82,19.05,19.57,26.0,0.24,9.0,34.62,1.0,3.85,0.7090000000000001,0.2,34.04,15.24,23.81,39.05,44.0,22.5
746871,2024-06-02,2024,666624,R,666157,L,grounded_into_double_play,False,False,57.0,0.222,11.0,19.3,8.0,14.04,0.84,0.267,27.47,12.2,15.12,27.32,25.0,18.33,101.0,0.25,28.0,27.72,9.0,8.91,0.893,0.3259999999999999,32.8,15.98,13.4,29.38,27.23,25.23,131.0,0.207,37.0,28.24,6.0,4.58,0.617,0.148,33.6,16.73,16.93,33.67,35.89,21.89,140.0,0.361,38.0,27.14,9.0,6.43,1.071,0.278,29.69,13.97,16.73,30.7,30.18,21.71
746871,2024-06-02,2024,641584,L,592767,L,single,False,False,26.0,0.28,3.0,11.54,1.0,3.85,0.708,0.12,17.78,10.13,15.19,25.32,37.14,16.67,41.0,0.147,5.0,12.2,3.0,7.32,0.503,0.088,17.39,8.7,15.22,23.91,26.56,15.15,29.0,0.24,6.0,20.69,2.0,6.9,0.745,0.16000000000000003,35.29,16.36,13.64,30.0,22.0,20.0,160.0,0.338,36.0,22.5,15.0,9.38,0.981,0.2379999999999999,24.16,11.21,18.1,29.31,30.48,24.83
746871,2024-06-02,2024,663886,R,592767,L,field_out,False,False,52.0,0.267,7.0,13.46,6.0,11.54,0.857,0.244,10.53,3.98,21.39,25.37,22.45,12.73,140.0,0.283,30.0,21.43,13.0,9.29,0.7989999999999999,0.166,24.79,10.12,16.75,26.88,18.56,21.13,43.0,0.222,9.0,20.93,7.0,16.28,0.821,0.24999999999999997,27.91,13.87,11.56,25.43,27.78,18.37,466.0,0.241,105.0,22.53,41.0,8.8,0.758,0.205,27.97,13.04,15.89,28.93,32.06,19.66
746871,2024-06-02,2024,674441,L,592767,L,strikeout,True,False,9.0,0.2,2.0,22.22,0.0,0.0,0.533,0.0,25.0,12.0,20.0,32.0,33.33,50.0,,,,,,,,,,,,,,,29.0,0.24,6.0,20.69,2.0,6.9,0.745,0.16000000000000003,35.29,16.36,13.64,30.0,22.0,20.0,160.0,0.338,36.0,22.5,15.0,9.38,0.981,0.2379999999999999,24.16,11.21,18.1,29.31,30.48,24.83
746871,2024-06-02,2024,621550,R,666157,L,single,False,False,36.0,0.267,10.0,27.78,4.0,11.11,0.861,0.23299999999999998,28.0,13.55,13.55,27.1,24.68,19.23,131.0,0.217,47.0,35.88,10.0,7.63,0.769,0.275,32.94,15.47,14.92,30.39,23.55,28.83,131.0,0.207,37.0,28.24,6.0,4.58,0.617,0.148,33.6,16.73,16.93,33.67,35.89,21.89,140.0,0.361,38.0,27.14,9.0,6.43,1.071,0.278,29.69,13.97,16.73,30.7,30.18,21.71
746871,2024-06-02,2024,664023,R,666157,L,single,False,False,49.0,0.222,10.0,20.41,3.0,6.12,0.627,0.13399999999999998,26.26,14.29,13.74,28.02,24.0,16.13,191.0,0.225,44.0,23.04,19.0,9.95,0.694,0.16,24.04,11.18,15.63,26.81,29.29,17.32,131.0,0.207,37.0,28.24,6.0,4.58,0.617,0.148,33.6,16.73,16.93,33.67,35.89,21.89,140.0,0.361,38.0,27.14,9.0,6.43,1.071,0.278,29.69,13.97,16.73,30.7,30.18,21.71
746871,2024-06-02,2024,621020,R,666157,L,force_out,False,False,36.0,0.233,8.0,22.22,5.0,13.89,0.728,0.13399999999999998,26.15,11.81,11.81,23.61,20.0,22.86,161.0,0.245,43.0,26.71,17.0,10.56,0.771,0.203,30.48,14.79,13.87,28.66,24.48,20.28,131.0,0.207,37.0,28.24,6.0,4.58,0.617,0.148,33.6,16.73,16.93,33.67,35.89,21.89,140.0,0.361,38.0,27.14,9.0,6.43,1.071,0.278,29.69,13.97,16.73,30.7,30.18,21.71
746871,2024-06-02,2024,623520,R,666157,L,force_out,False,False,,,,,,,,,,,,,,,,,,,,,,,,,,,,,131.0,0.207,37.0,28.24,6.0,4.58,0.617,0.148,33.6,16.73,16.93,33.67,35.89,21.89,140.0,0.361,38.0,27.14,9.0,6.43,1.071,0.278,29.69,13.97,16.73,30.7,30.18,21.71
746871,2024-06-02,2024,665804,R,666157,L,field_out,False,False,35.0,0.156,8.0,22.86,1.0,2.86,0.457,0.12500000000000003,20.97,10.57,15.45,26.02,26.67,23.53,64.0,0.25,16.0,25.0,5.0,7.81,0.701,0.1069999999999999,31.53,14.11,18.55,32.66,28.79,20.0,131.0,0.207,37.0,28.24,6.0,4.58,0.617,0.148,33.6,16.73,16.93,33.67,35.89,21.89,140.0,0.361,38.0,27.14,9.0,6.43,1.071,0.278,29.69,13.97,16.73,30.7,30.18,21.71
746871,2024-06-02,2024,663697,R,543294,R,strikeout,True,False,140.0,0.208,33.0,23.57,19.0,13.57,0.613,0.08399999999999999,18.83,6.8,21.36,28.16,16.12,18.13,397.0,0.257,73.0,18.39,37.0,9.32,0.7809999999999999,0.175,21.3,8.18,21.42,29.59,19.53,15.19,86.0,0.368,14.0,16.28,8.0,9.3,0.998,0.21099999999999997,14.01,6.55,19.64,26.19,29.45,11.97,279.0,0.286,40.0,14.34,11.0,3.94,0.763,0.153,17.28,8.2,19.57,27.77,33.87,15.04
746871,2024-06-02,2024,666181,L,543294,R,walk,False,True,144.0,0.233,60.0,41.67,15.0,10.42,0.7929999999999999,0.24799999999999997,37.28,17.72,14.74,32.45,20.76,30.15,285.0,0.297,89.0,31.23,37.0,12.98,0.938,0.252,31.03,13.11,16.03,29.13,18.51,23.66,89.0,0.337,13.0,14.61,5.0,5.62,1.021,0.302,22.6,11.07,16.11,27.18,31.76,19.4,300.0,0.225,53.0,17.67,16.0,5.33,0.614,0.1249999999999999,24.57,11.27,18.66,29.93,34.05,16.99
746871,2024-06-02,2024,670770,L,543294,R,field_out,False,False,26.0,0.125,6.0,23.08,2.0,7.69,0.359,0.04200000000000001,21.62,8.51,22.34,30.85,18.6,25.0,446.0,0.26,70.0,15.7,38.0,8.52,0.785,0.189,18.12,7.73,19.52,27.25,25.03,13.48,89.0,0.337,13.0,14.61,5.0,5.62,1.021,0.302,22.6,11.07,16.11,27.18,31.76,19.4,300.0,0.225,53.0,17.67,16.0,5.33,0.614,0.1249999999999999,24.57,11.27,18.66,29.93,34.05,16.99
746871,2024-06-02,2024,682829,L,543294,R,field_out,False,False,152.0,0.244,53.0,34.87,17.0,11.18,0.8180000000000001,0.245,33.61,13.71,20.4,34.11,25.23,31.71,307.0,0.255,95.0,30.94,30.0,9.77,0.7989999999999999,0.2159999999999999,26.69,11.86,17.47,29.33,31.27,25.07,89.0,0.337,13.0,14.61,5.0,5.62,1.021,0.302,22.6,11.07,16.11,27.18,31.76,19.4,300.0,0.225,53.0,17.67,16.0,5.33,0.614,0.1249999999999999,24.57,11.27,18.66,29.93,34.05,16.99
746871,2024-06-02,2024,663538,R,607259,R,field_out,False,False,181.0,0.259,17.0,9.39,18.0,9.94,0.721,0.11399999999999999,13.67,6.19,21.15,27.34,31.13,9.5,508.0,0.274,63.0,12.4,40.0,7.87,0.72,0.0979999999999999,13.4,6.0,20.67,26.67,29.91,12.21,93.0,0.267,18.0,19.35,2.0,2.15,0.658,0.11099999999999999,24.14,12.77,16.11,28.88,37.65,18.0,265.0,0.224,54.0,20.38,24.0,9.06,0.606,0.0839999999999999,26.67,12.33,17.68,30.01,32.95,21.26
746871,2024-06-02,2024,673548,R,607259,R,strikeout,True,False,104.0,0.286,28.0,26.92,6.0,5.77,0.819,0.187,27.49,11.27,20.86,32.13,24.06,21.71,419.0,0.278,102.0,24.34,41.0,9.79,0.839,0.2129999999999999,24.3,9.93,20.44,30.37,19.3,20.2,93.0,0.267,18.0,19.35,2.0,2.15,0.658,0.11099999999999999,24.14,12.77,16.11,28.88,37.65,18.0,265.0,0.224,54.0,20.38,24.0,9.06,0.606,0.0839999999999999,26.67,12.33,17.68,30.01,32.95,21.26
746871,2024-06-02,2024,641355,L,607259,R,double,False,False,140.0,0.221,25.0,17.86,16.0,11.43,0.765,0.23,25.88,12.84,12.65,25.49,29.8,19.08,373.0,0.291,58.0,15.55,27.0,7.24,0.829,0.198,20.08,10.01,15.91,25.92,29.71,13.74,106.0,0.268,16.0,15.09,4.0,3.77,0.731,0.15499999999999997,22.82,11.46,13.9,25.37,34.86,12.7,197.0,0.261,52.0,26.4,16.0,8.12,0.743,0.1539999999999999,31.0,14.69,17.75,32.44,33.17,20.8
746871,2024-06-02,2024,666624,R,607259,R,strikeout,True,False,184.0,0.191,41.0,22.28,22.0,11.96,0.639,0.15299999999999997,30.42,13.95,13.67,27.62,25.71,19.71,329.0,0.247,105.0,31.91,27.0,8.21,0.798,0.239,38.21,19.07,13.74,32.81,29.43,27.56,93.0,0.267,18.0,19.35,2.0,2.15,0.658,0.11099999999999999,24.14,12.77,16.11,28.88,37.65,18.0,265.0,0.224,54.0,20.38,24.0,9.06,0.606,0.0839999999999999,26.67,12.33,17.68,30.01,32.95,21.26
746871,2024-06-02,2024,600869,L,543294,R,field_out,False,False,136.0,0.208,40.0,29.41,8.0,5.88,0.675,0.208,30.4,16.02,14.09,30.12,36.88,24.84,415.0,0.251,91.0,21.93,38.0,9.16,0.812,0.2279999999999999,25.42,11.83,16.22,28.05,27.64,18.71,89.0,0.337,13.0,14.61,5.0,5.62,1.021,0.302,22.6,11.07,16.11,27.18,31.76,19.4,300.0,0.225,53.0,17.67,16.0,5.33,0.614,0.1249999999999999,24.57,11.27,18.66,29.93,34.05,16.99
746871,2024-06-02,2024,668715,R,543294,R,single,False,False,159.0,0.241,30.0,18.87,20.0,12.58,0.74,0.15300000000000002,20.48,8.9,17.95,26.85,24.5,13.04,487.0,0.256,106.0,21.77,51.0,10.47,0.7789999999999999,0.175,25.48,10.86,19.02,29.88,22.75,18.53,86.0,0.368,14.0,16.28,8.0,9.3,0.998,0.21099999999999997,14.01,6.55,19.64,26.19,29.45,11.97,279.0,0.286,40.0,14.34,11.0,3.94,0.763,0.153,17.28,8.2,19.57,27.77,33.87,15.04
746871,2024-06-02,2024,641584,L,543294,R,single,False,False,112.0,0.277,27.0,24.11,9.0,8.04,0.6859999999999999,0.06999999999999995,21.86,12.44,9.45,21.89,28.93,18.24,339.0,0.268,66.0,19.47,34.0,10.03,0.815,0.199,24.78,12.84,11.52,24.36,30.55,18.38,89.0,0.337,13.0,14.61,5.0,5.62,1.021,0.302,22.6,11.07,16.11,27.18,31.76,19.4,300.0,0.225,53.0,17.67,16.0,5.33,0.614,0.1249999999999999,24.57,11.27,18.66,29.93,34.05,16.99
746871,2024-06-02,2024,663886,R,543294,R,grounded_into_double_play,False,False,107.0,0.24,24.0,22.43,8.0,7.48,0.673,0.125,23.53,10.44,19.06,29.5,25.95,21.3,378.0,0.228,105.0,27.78,34.0,8.99,0.657,0.1239999999999999,29.78,12.81,19.96,32.77,26.19,24.59,86.0,0.368,14.0,16.28,8.0,9.3,0.998,0.21099999999999997,14.01,6.55,19.64,26.19,29.45,11.97,279.0,0.286,40.0,14.34,11.0,3.94,0.763,0.153,17.28,8.2,19.57,27.77,33.87,15.04
746871,2024-06-02,2024,643565,L,607259,R,field_out,False,False,167.0,0.264,34.0,20.36,23.0,13.77,0.794,0.15699999999999997,23.26,11.46,11.73,23.19,23.2,12.64,345.0,0.253,73.0,21.16,50.0,14.49,0.739,0.121,23.95,9.92,17.49,27.41,19.14,15.57,106.0,0.268,16.0,15.09,4.0,3.77,0.731,0.15499999999999997,22.82,11.46,13.9,25.37,34.86,12.7,197.0,0.261,52.0,26.4,16.0,8.12,0.743,0.1539999999999999,31.0,14.69,17.75,32.44,33.17,20.8
746871,2024-06-02,2024,664023,L,607259,R,field_out,False,False,181.0,0.219,52.0,28.73,25.0,13.81,0.7230000000000001,0.165,28.18,12.93,15.46,28.39,22.77,19.05,502.0,0.258,109.0,21.71,80.0,15.94,0.831,0.192,25.86,11.22,15.24,26.46,20.31,17.34,106.0,0.268,16.0,15.09,4.0,3.77,0.731,0.15499999999999997,22.82,11.46,13.9,25.37,34.86,12.7,197.0,0.261,52.0,26.4,16.0,8.12,0.743,0.1539999999999999,31.0,14.69,17.75,32.44,33.17,20.8
746871,2024-06-02,2024,621020,R,607259,R,strikeout,True,False,151.0,0.203,43.0,28.48,12.0,7.95,0.5980000000000001,0.13,33.33,16.09,15.6,31.69,24.11,23.63,478.0,0.244,111.0,23.22,49.0,10.25,0.734,0.161,28.04,13.13,15.12,28.26,23.34,18.66,93.0,0.267,18.0,19.35,2.0,2.15,0.658,0.11099999999999999,24.14,12.77,16.11,28.88,37.65,18.0,265.0,0.224,54.0,20.38,24.0,9.06,0.606,0.0839999999999999,26.67,12.33,17.68,30.01,32.95,21.26
746871,2024-06-02,2024,674441,L,543294,R,single,False,False,34.0,0.214,8.0,23.53,3.0,8.82,0.5529999999999999,0.036000000000000004,15.52,6.38,24.11,30.5,18.97,15.38,,,,,,,,,,,,,,,89.0,0.337,13.0,14.61,5.0,5.62,1.021,0.302,22.6,11.07,16.11,27.18,31.76,19.4,300.0,0.225,53.0,17.67,16.0,5.33,0.614,0.1249999999999999,24.57,11.27,18.66,29.93,34.05,16.99
746871,2024-06-02,2024,663697,R,543294,R,field_out,False,False,140.0,0.208,33.0,23.57,19.0,13.57,0.613,0.08399999999999999,18.83,6.8,21.36,28.16,16.12,18.13,397.0,0.257,73.0,18.39,37.0,9.32,0.7809999999999999,0.175,21.3,8.18,21.42,29.59,19.53,15.19,86.0,0.368,14.0,16.28,8.0,9.3,0.998,0.21099999999999997,14.01,6.55,19.64,26.19,29.45,11.97,279.0,0.286,40.0,14.34,11.0,3.94,0.763,0.153,17.28,8.2,19.57,27.77,33.87,15.04
746871,2024-06-02,2024,666181,L,543294,R,walk,False,True,144.0,0.233,60.0,41.67,15.0,10.42,0.7929999999999999,0.24799999999999997,37.28,17.72,14.74,32.45,20.76,30.15,285.0,0.297,89.0,31.23,37.0,12.98,0.938,0.252,31.03,13.11,16.03,29.13,18.51,23.66,89.0,0.337,13.0,14.61,5.0,5.62,1.021,0.302,22.6,11.07,16.11,27.18,31.76,19.4,300.0,0.225,53.0,17.67,16.0,5.33,0.614,0.1249999999999999,24.57,11.27,18.66,29.93,34.05,16.99
746871,2024-06-02,2024,670770,L,543294,R,strikeout,True,False,26.0,0.125,6.0,23.08,2.0,7.69,0.359,0.04200000000000001,21.62,8.51,22.34,30.85,18.6,25.0,446.0,0.26,70.0,15.7,38.0,8.52,0.785,0.189,18.12,7.73,19.52,27.25,25.03,13.48,89.0,0.337,13.0,14.61,5.0,5.62,1.021,0.302,22.6,11.07,16.11,27.18,31.76,19.4,300.0,0.225,53.0,17.67,16.0,5.33,0.614,0.1249999999999999,24.57,11.27,18.66,29.93,34.05,16.99
746871,2024-06-02,2024,682829,L,543294,R,strikeout,True,False,152.0,0.244,53.0,34.87,17.0,11.18,0.8180000000000001,0.245,33.61,13.71,20.4,34.11,25.23,31.71,307.0,0.255,95.0,30.94,30.0,9.77,0.7989999999999999,0.2159999999999999,26.69,11.86,17.47,29.33,31.27,25.07,89.0,0.337,13.0,14.61,5.0,5.62,1.021,0.302,22.6,11.07,16.11,27.18,31.76,19.4,300.0,0.225,53.0,17.67,16.0,5.33,0.614,0.1249999999999999,24.57,11.27,18.66,29.93,34.05,16.99
746871,2024-06-02,2024,683737,L,664747,R,walk,False,True,172.0,0.241,61.0,35.47,22.0,12.79,0.805,0.22100000000000003,33.73,15.07,15.21,30.28,25.63,25.1,66.0,0.158,21.0,31.82,8.0,12.12,0.556,0.1399999999999999,29.79,14.48,13.45,27.93,28.39,21.0,41.0,0.259,9.0,21.95,12.0,29.27,0.956,0.185,21.21,7.78,17.78,25.56,21.88,14.29,144.0,0.176,48.0,33.33,16.0,11.11,0.56,0.076,34.07,15.36,13.02,28.38,26.49,29.27
746871,2024-06-02,2024,691718,L,664747,R,field_out,False,False,61.0,0.245,10.0,16.39,4.0,6.56,0.6819999999999999,0.132,19.71,11.39,10.55,21.94,38.66,11.76,15.0,0.0,6.0,40.0,2.0,13.33,0.154,0.0,44.44,26.67,8.33,35.0,23.08,27.27,41.0,0.259,9.0,21.95,12.0,29.27,0.956,0.185,21.21,7.78,17.78,25.56,21.88,14.29,144.0,0.176,48.0,33.33,16.0,11.11,0.56,0.076,34.07,15.36,13.02,28.38,26.49,29.27
746871,2024-06-02,2024,663538,R,664747,R,field_out,False,False,181.0,0.259,17.0,9.39,18.0,9.94,0.721,0.11399999999999999,13.67,6.19,21.15,27.34,31.13,9.5,508.0,0.274,63.0,12.4,40.0,7.87,0.72,0.0979999999999999,13.4,6.0,20.67,26.67,29.91,12.21,55.0,0.216,13.0,23.64,3.0,5.45,0.548,0.059000000000000025,26.85,13.06,18.02,31.08,29.73,18.31,142.0,0.197,38.0,26.76,20.0,14.08,0.634,0.1109999999999999,35.51,17.28,12.35,29.63,29.13,24.05
746871,2024-06-02,2024,673548,R,664747,R,strikeout,True,False,104.0,0.286,28.0,26.92,6.0,5.77,0.819,0.187,27.49,11.27,20.86,32.13,24.06,21.71,419.0,0.278,102.0,24.34,41.0,9.79,0.839,0.2129999999999999,24.3,9.93,20.44,30.37,19.3,20.2,55.0,0.216,13.0,23.64,3.0,5.45,0.548,0.059000000000000025,26.85,13.06,18.02,31.08,29.73,18.31,142.0,0.197,38.0,26.76,20.0,14.08,0.634,0.1109999999999999,35.51,17.28,12.35,29.63,29.13,24.05
745984,2024-06-02,2024,502054,R,642547,R,strikeout,True,False,105.0,0.297,20.0,19.05,4.0,3.81,0.71,0.08900000000000002,21.71,8.98,22.22,31.21,19.15,16.0,304.0,0.262,71.0,23.36,28.0,9.21,0.767,0.173,26.61,10.98,19.38,30.37,21.23,21.19,126.0,0.22,38.0,30.16,10.0,7.94,0.688,0.156,30.89,14.42,14.42,28.84,27.53,22.75,318.0,0.209,115.0,36.16,19.0,5.97,0.669,0.192,37.03,17.53,15.68,33.21,29.6,24.11
745984,2024-06-02,2024,670032,L,642547,R,single,False,False,144.0,0.238,22.0,15.28,13.0,9.03,0.5920000000000001,0.040000000000000036,18.3,8.51,16.83,25.35,26.54,18.03,212.0,0.228,33.0,15.57,24.0,11.32,0.647,0.089,22.47,10.7,16.47,27.16,26.6,14.22,126.0,0.191,44.0,34.92,10.0,7.94,0.569,0.122,36.24,16.44,15.25,31.68,28.0,29.66,362.0,0.215,95.0,26.24,35.0,9.67,0.669,0.16,30.45,14.66,14.59,29.25,27.92,19.08
745984,2024-06-02,2024,667452,R,642547,R,single,False,False,28.0,0.25,4.0,14.29,4.0,14.29,0.732,0.125,14.81,6.61,16.53,23.14,29.85,9.09,250.0,0.249,56.0,22.4,20.0,8.0,0.659,0.0979999999999999,26.42,11.51,19.54,31.05,28.57,19.44,126.0,0.22,38.0,30.16,10.0,7.94,0.688,0.156,30.89,14.42,14.42,28.84,27.53,22.75,318.0,0.209,115.0,36.16,19.0,5.97,0.669,0.192,37.03,17.53,15.68,33.21,29.6,24.11
745984,2024-06-02,2024,657757,L,642547,R,single,False,False,171.0,0.25,24.0,14.04,24.0,14.04,0.7889999999999999,0.174,18.77,8.25,17.5,25.75,28.39,10.62,324.0,0.212,58.0,17.9,28.0,8.64,0.63,0.1369999999999999,20.44,9.67,14.66,24.33,29.35,14.25,126.0,0.191,44.0,34.92,10.0,7.94,0.569,0.122,36.24,16.44,15.25,31.68,28.0,29.66,362.0,0.215,95.0,26.24,35.0,9.67,0.669,0.16,30.45,14.66,14.59,29.25,27.92,19.08
745984,2024-06-02,2024,657557,R,642547,R,sac_fly,False,False,134.0,0.264,46.0,34.33,5.0,3.73,0.7849999999999999,0.20799999999999996,33.33,19.57,9.0,28.57,32.91,26.9,281.0,0.203,86.0,30.6,12.0,4.27,0.603,0.1539999999999999,36.49,19.09,15.38,34.47,35.28,34.68,126.0,0.22,38.0,30.16,10.0,7.94,0.688,0.156,30.89,14.42,14.42,28.84,27.53,22.75,318.0,0.209,115.0,36.16,19.0,5.97,0.669,0.192,37.03,17.53,15.68,33.21,29.6,24.11
745984,2024-06-02,2024,686676,R,642547,R,walk,False,True,98.0,0.272,27.0,27.55,5.0,5.1,0.776,0.195,38.38,21.41,11.55,32.96,31.45,23.28,47.0,0.116,12.0,25.53,4.0,8.51,0.4,0.0929999999999999,33.71,18.07,13.25,31.33,34.15,23.53,126.0,0.22,38.0,30.16,10.0,7.94,0.688,0.156,30.89,14.42,14.42,28.84,27.53,22.75,318.0,0.209,115.0,36.16,19.0,5.97,0.669,0.192,37.03,17.53,15.68,33.21,29.6,24.11
745984,2024-06-02,2024,693049,L,642547,R,strikeout,True,False,1.0,0.0,0.0,0.0,0.0,0.0,0.0,0.0,0.0,0.0,50.0,50.0,50.0,,200.0,0.225,54.0,27.0,9.0,4.5,0.5840000000000001,0.096,31.03,16.83,13.63,30.46,39.85,27.84,126.0,0.191,44.0,34.92,10.0,7.94,0.569,0.122,36.24,16.44,15.25,31.68,28.0,29.66,362.0,0.215,95.0,26.24,35.0,9.67,0.669,0.16,30.45,14.66,14.59,29.25,27.92,19.08
745984,2024-06-02,2024,668930,L,680897,R,walk,False,True,180.0,0.308,30.0,16.67,15.0,8.33,0.8009999999999999,0.126,13.66,6.4,18.6,25.0,25.32,15.96,376.0,0.224,82.0,21.81,30.0,7.98,0.608,0.097,22.03,10.83,16.08,26.9,28.59,16.14,30.0,0.316,2.0,6.67,11.0,36.67,1.146,0.26299999999999996,24.39,8.13,16.26,24.39,21.92,6.9,,,,,,,,,,,,,,
745984,2024-06-02,2024,661388,R,680897,R,grounded_into_double_play,False,False,207.0,0.324,37.0,17.87,23.0,11.11,0.928,0.198,29.64,13.79,14.05,27.84,23.34,16.74,434.0,0.262,94.0,21.66,42.0,9.68,0.72,0.119,27.61,11.63,19.55,31.17,24.86,18.08,55.0,0.265,11.0,20.0,6.0,10.91,0.814,0.20399999999999996,27.37,12.62,14.08,26.7,23.64,23.4,,,,,,,,,,,,,,
745984,2024-06-02,2024,592885,L,680897,R,field_out,False,False,100.0,0.314,21.0,21.0,13.0,13.0,0.916,0.198,23.6,10.69,13.99,24.68,24.15,16.94,473.0,0.294,103.0,21.78,64.0,13.53,0.882,0.195,26.99,11.53,15.4,26.93,23.89,19.07,30.0,0.316,2.0,6.67,11.0,36.67,1.146,0.26299999999999996,24.39,8.13,16.26,24.39,21.92,6.9,,,,,,,,,,,,,,
745984,2024-06-02,2024,672820,R,642547,R,strikeout,True,False,31.0,0.138,9.0,29.03,0.0,0.0,0.33899999999999997,0.033999999999999975,28.57,13.46,25.96,39.42,40.82,37.5,123.0,0.178,30.0,24.39,2.0,1.63,0.504,0.136,24.69,13.05,16.81,29.87,39.56,22.39,126.0,0.22,38.0,30.16,10.0,7.94,0.688,0.156,30.89,14.42,14.42,28.84,27.53,22.75,318.0,0.209,115.0,36.16,19.0,5.97,0.669,0.192,37.03,17.53,15.68,33.21,29.6,24.11
745984,2024-06-02,2024,666150,L,642547,R,strikeout,True,False,70.0,0.182,23.0,32.86,3.0,4.29,0.45899999999999996,0.06,26.45,11.31,23.32,34.63,23.57,28.75,72.0,0.369,9.0,12.5,6.0,8.33,0.946,0.154,14.71,7.22,15.88,23.1,27.2,10.23,126.0,0.191,44.0,34.92,10.0,7.94,0.569,0.122,36.24,16.44,15.25,31.68,28.0,29.66,362.0,0.215,95.0,26.24,35.0,9.67,0.669,0.16,30.45,14.66,14.59,29.25,27.92,19.08
745984,2024-06-02,2024,502054,R,642547,R,strikeout,True,False,105.0,0.297,20.0,19.05,4.0,3.81,0.71,0.08900000000000002,21.71,8.98,22.22,31.21,19.15,16.0,304.0,0.262,71.0,23.36,28.0,9.21,0.767,0.173,26.61,10.98,19.38,30.37,21.23,21.19,126.0,0.22,38.0,30.16,10.0,7.94,0.688,0.156,30.89,14.42,14.42,28.84,27.53,22.75,318.0,0.209,115.0,36.16,19.0,5.97,0.669,0.192,37.03,17.53,15.68,33.21,29.6,24.11
745984,2024-06-02,2024,642715,R,680897,R,strikeout,True,False,205.0,0.273,43.0,20.98,20.0,9.76,0.823,0.20199999999999996,30.34,14.39,15.39,29.79,26.2,18.14,480.0,0.212,117.0,24.38,47.0,9.79,0.702,0.194,32.44,16.53,12.85,29.38,32.69,19.28,55.0,0.265,11.0,20.0,6.0,10.91,0.814,0.20399999999999996,27.37,12.62,14.08,26.7,23.64,23.4,,,,,,,,,,,,,,
745984,2024-06-02,2024,686217,L,680897,R,field_out,False,False,182.0,0.256,36.0,19.78,20.0,10.99,0.671,0.069,15.81,6.2,22.91,29.11,26.33,18.0,180.0,0.261,30.0,16.67,23.0,12.78,0.722,0.1049999999999999,15.26,6.63,20.31,26.94,29.52,13.18,30.0,0.316,2.0,6.67,11.0,36.67,1.146,0.26299999999999996,24.39,8.13,16.26,24.39,21.92,6.9,,,,,,,,,,,,,,
745984,2024-06-02,2024,687401,R,680897,R,single,False,False,118.0,0.327,14.0,11.86,14.0,11.86,0.9809999999999999,0.24699999999999994,15.14,6.0,21.84,27.84,21.59,10.37,13.0,0.077,3.0,23.08,0.0,0.0,0.2309999999999999,0.077,15.79,8.11,21.62,29.73,26.67,33.33,55.0,0.265,11.0,20.0,6.0,10.91,0.814,0.20399999999999996,27.37,12.62,14.08,26.7,23.64,23.4,,,,,,,,,,,,,,
745984,2024-06-02,2024,641343,L,680897,R,double,False,False,133.0,0.195,48.0,36.09,11.0,8.27,0.644,0.16899999999999998,31.4,14.37,18.71,33.08,22.27,29.81,244.0,0.205,83.0,34.02,26.0,10.66,0.72,0.228,32.78,14.71,16.21,30.93,23.65,23.92,30.0,0.316,2.0,6.67,11.0,36.67,1.146,0.26299999999999996,24.39,8.13,16.26,24.39,21.92,6.9,,,,,,,,,,,,,,
745984,2024-06-02,2024,596142,R,680897,R,hit_by_pitch,False,False,84.0,0.213,21.0,25.0,6.0,7.14,0.673,0.17400000000000002,31.58,12.77,24.32,37.08,30.56,21.65,189.0,0.194,49.0,25.93,17.0,8.99,0.688,0.212,28.71,11.9,21.7,33.59,27.27,21.43,55.0,0.265,11.0,20.0,6.0,10.91,0.814,0.20399999999999996,27.37,12.62,14.08,26.7,23.64,23.4,,,,,,,,,,,,,,
745984,2024-06-02,2024,694192,R,680897,R,home_run,False,False,131.0,0.226,37.0,28.24,5.0,3.82,0.609,0.12899999999999998,31.84,16.6,18.3,34.89,37.34,25.52,,,,,,,,,,,,,,,55.0,0.265,11.0,20.0,6.0,10.91,0.814,0.20399999999999996,27.37,12.62,14.08,26.7,23.64,23.4,,,,,,,,,,,,,,
745984,2024-06-02,2024,668930,L,680897,R,field_out,False,False,180.0,0.308,30.0,16.67,15.0,8.33,0.8009999999999999,0.126,13.66,6.4,18.6,25.0,25.32,15.96,376.0,0.224,82.0,21.81,30.0,7.98,0.608,0.097,22.03,10.83,16.08,26.9,28.59,16.14,30.0,0.316,2.0,6.67,11.0,36.67,1.146,0.26299999999999996,24.39,8.13,16.26,24.39,21.92,6.9,,,,,,,,,,,,,,
745984,2024-06-02,2024,670032,L,642547,R,field_out,False,False,144.0,0.238,22.0,15.28,13.0,9.03,0.5920000000000001,0.040000000000000036,18.3,8.51,16.83,25.35,26.54,18.03,212.0,0.228,33.0,15.57,24.0,11.32,0.647,0.089,22.47,10.7,16.47,27.16,26.6,14.22,126.0,0.191,44.0,34.92,10.0,7.94,0.569,0.122,36.24,16.44,15.25,31.68,28.0,29.66,362.0,0.215,95.0,26.24,35.0,9.67,0.669,0.16,30.45,14.66,14.59,29.25,27.92,19.08
745984,2024-06-02,2024,667452,R,642547,R,field_out,False,False,28.0,0.25,4.0,14.29,4.0,14.29,0.732,0.125,14.81,6.61,16.53,23.14,29.85,9.09,250.0,0.249,56.0,22.4,20.0,8.0,0.659,0.0979999999999999,26.42,11.51,19.54,31.05,28.57,19.44,126.0,0.22,38.0,30.16,10.0,7.94,0.688,0.156,30.89,14.42,14.42,28.84,27.53,22.75,318.0,0.209,115.0,36.16,19.0,5.97,0.669,0.192,37.03,17.53,15.68,33.21,29.6,24.11
745984,2024-06-02,2024,657757,L,642547,R,field_out,False,False,171.0,0.25,24.0,14.04,24.0,14.04,0.7889999999999999,0.174,18.77,8.25,17.5,25.75,28.39,10.62,324.0,0.212,58.0,17.9,28.0,8.64,0.63,0.1369999999999999,20.44,9.67,14.66,24.33,29.35,14.25,126.0,0.191,44.0,34.92,10.0,7.94,0.569,0.122,36.24,16.44,15.25,31.68,28.0,29.66,362.0,0.215,95.0,26.24,35.0,9.67,0.669,0.16,30.45,14.66,14.59,29.25,27.92,19.08
745984,2024-06-02,2024,661388,R,680897,R,field_out,False,False,207.0,0.324,37.0,17.87,23.0,11.11,0.928,0.198,29.64,13.79,14.05,27.84,23.34,16.74,434.0,0.262,94.0,21.66,42.0,9.68,0.72,0.119,27.61,11.63,19.55,31.17,24.86,18.08,55.0,0.265,11.0,20.0,6.0,10.91,0.814,0.20399999999999996,27.37,12.62,14.08,26.7,23.64,23.4,,,,,,,,,,,,,,
745984,2024-06-02,2024,592885,L,680897,R,field_out,False,False,100.0,0.314,21.0,21.0,13.0,13.0,0.916,0.198,23.6,10.69,13.99,24.68,24.15,16.94,473.0,0.294,103.0,21.78,64.0,13.53,0.882,0.195,26.99,11.53,15.4,26.93,23.89,19.07,30.0,0.316,2.0,6.67,11.0,36.67,1.146,0.26299999999999996,24.39,8.13,16.26,24.39,21.92,6.9,,,,,,,,,,,,,,
745984,2024-06-02,2024,642715,R,680897,R,walk,False,True,205.0,0.273,43.0,20.98,20.0,9.76,0.823,0.20199999999999996,30.34,14.39,15.39,29.79,26.2,18.14,480.0,0.212,117.0,24.38,47.0,9.79,0.702,0.194,32.44,16.53,12.85,29.38,32.69,19.28,55.0,0.265,11.0,20.0,6.0,10.91,0.814,0.20399999999999996,27.37,12.62,14.08,26.7,23.64,23.4,,,,,,,,,,,,,,
745984,2024-06-02,2024,686217,L,680897,R,field_out,False,False,182.0,0.256,36.0,19.78,20.0,10.99,0.671,0.069,15.81,6.2,22.91,29.11,26.33,18.0,180.0,0.261,30.0,16.67,23.0,12.78,0.722,0.1049999999999999,15.26,6.63,20.31,26.94,29.52,13.18,30.0,0.316,2.0,6.67,11.0,36.67,1.146,0.26299999999999996,24.39,8.13,16.26,24.39,21.92,6.9,,,,,,,,,,,,,,
745984,2024-06-02,2024,657557,R,642547,R,home_run,False,False,134.0,0.264,46.0,34.33,5.0,3.73,0.7849999999999999,0.20799999999999996,33.33,19.57,9.0,28.57,32.91,26.9,281.0,0.203,86.0,30.6,12.0,4.27,0.603,0.1539999999999999,36.49,19.09,15.38,34.47,35.28,34.68,126.0,0.22,38.0,30.16,10.0,7.94,0.688,0.156,30.89,14.42,14.42,28.84,27.53,22.75,318.0,0.209,115.0,36.16,19.0,5.97,0.669,0.192,37.03,17.53,15.68,33.21,29.6,24.11
745984,2024-06-02,2024,686676,R,642547,R,field_out,False,False,98.0,0.272,27.0,27.55,5.0,5.1,0.776,0.195,38.38,21.41,11.55,32.96,31.45,23.28,47.0,0.116,12.0,25.53,4.0,8.51,0.4,0.0929999999999999,33.71,18.07,13.25,31.33,34.15,23.53,126.0,0.22,38.0,30.16,10.0,7.94,0.688,0.156,30.89,14.42,14.42,28.84,27.53,22.75,318.0,0.209,115.0,36.16,19.0,5.97,0.669,0.192,37.03,17.53,15.68,33.21,29.6,24.11
745984,2024-06-02,2024,693049,L,642547,R,field_out,False,False,1.0,0.0,0.0,0.0,0.0,0.0,0.0,0.0,0.0,0.0,50.0,50.0,50.0,,200.0,0.225,54.0,27.0,9.0,4.5,0.5840000000000001,0.096,31.03,16.83,13.63,30.46,39.85,27.84,126.0,0.191,44.0,34.92,10.0,7.94,0.569,0.122,36.24,16.44,15.25,31.68,28.0,29.66,362.0,0.215,95.0,26.24,35.0,9.67,0.669,0.16,30.45,14.66,14.59,29.25,27.92,19.08
745984,2024-06-02,2024,672820,R,642547,R,strikeout,True,False,31.0,0.138,9.0,29.03,0.0,0.0,0.33899999999999997,0.033999999999999975,28.57,13.46,25.96,39.42,40.82,37.5,123.0,0.178,30.0,24.39,2.0,1.63,0.504,0.136,24.69,13.05,16.81,29.87,39.56,22.39,126.0,0.22,38.0,30.16,10.0,7.94,0.688,0.156,30.89,14.42,14.42,28.84,27.53,22.75,318.0,0.209,115.0,36.16,19.0,5.97,0.669,0.192,37.03,17.53,15.68,33.21,29.6,24.11
745984,2024-06-02,2024,687401,R,680897,R,field_out,False,False,118.0,0.327,14.0,11.86,14.0,11.86,0.9809999999999999,0.24699999999999994,15.14,6.0,21.84,27.84,21.59,10.37,13.0,0.077,3.0,23.08,0.0,0.0,0.2309999999999999,0.077,15.79,8.11,21.62,29.73,26.67,33.33,55.0,0.265,11.0,20.0,6.0,10.91,0.814,0.20399999999999996,27.37,12.62,14.08,26.7,23.64,23.4,,,,,,,,,,,,,,
745984,2024-06-02,2024,641343,L,680897,R,walk,False,True,133.0,0.195,48.0,36.09,11.0,8.27,0.644,0.16899999999999998,31.4,14.37,18.71,33.08,22.27,29.81,244.0,0.205,83.0,34.02,26.0,10.66,0.72,0.228,32.78,14.71,16.21,30.93,23.65,23.92,30.0,0.316,2.0,6.67,11.0,36.67,1.146,0.26299999999999996,24.39,8.13,16.26,24.39,21.92,6.9,,,,,,,,,,,,,,
745984,2024-06-02,2024,596142,R,680897,R,field_out,False,False,84.0,0.213,21.0,25.0,6.0,7.14,0.673,0.17400000000000002,31.58,12.77,24.32,37.08,30.56,21.65,189.0,0.194,49.0,25.93,17.0,8.99,0.688,0.212,28.71,11.9,21.7,33.59,27.27,21.43,55.0,0.265,11.0,20.0,6.0,10.91,0.814,0.20399999999999996,27.37,12.62,14.08,26.7,23.64,23.4,,,,,,,,,,,,,,
745984,2024-06-02,2024,694192,R,680897,R,field_out,False,False,131.0,0.226,37.0,28.24,5.0,3.82,0.609,0.12899999999999998,31.84,16.6,18.3,34.89,37.34,25.52,,,,,,,,,,,,,,,55.0,0.265,11.0,20.0,6.0,10.91,0.814,0.20399999999999996,27.37,12.62,14.08,26.7,23.64,23.4,,,,,,,,,,,,,,
745984,2024-06-02,2024,666150,L,642547,R,field_out,False,False,70.0,0.182,23.0,32.86,3.0,4.29,0.45899999999999996,0.06,26.45,11.31,23.32,34.63,23.57,28.75,72.0,0.369,9.0,12.5,6.0,8.33,0.946,0.154,14.71,7.22,15.88,23.1,27.2,10.23,126.0,0.191,44.0,34.92,10.0,7.94,0.569,0.122,36.24,16.44,15.25,31.68,28.0,29.66,362.0,0.215,95.0,26.24,35.0,9.67,0.669,0.16,30.45,14.66,14.59,29.25,27.92,19.08
745984,2024-06-02,2024,502054,R,642547,R,strikeout,True,False,105.0,0.297,20.0,19.05,4.0,3.81,0.71,0.08900000000000002,21.71,8.98,22.22,31.21,19.15,16.0,304.0,0.262,71.0,23.36,28.0,9.21,0.767,0.173,26.61,10.98,19.38,30.37,21.23,21.19,126.0,0.22,38.0,30.16,10.0,7.94,0.688,0.156,30.89,14.42,14.42,28.84,27.53,22.75,318.0,0.209,115.0,36.16,19.0,5.97,0.669,0.192,37.03,17.53,15.68,33.21,29.6,24.11
745984,2024-06-02,2024,670032,L,642547,R,field_out,False,False,144.0,0.238,22.0,15.28,13.0,9.03,0.5920000000000001,0.040000000000000036,18.3,8.51,16.83,25.35,26.54,18.03,212.0,0.228,33.0,15.57,24.0,11.32,0.647,0.089,22.47,10.7,16.47,27.16,26.6,14.22,126.0,0.191,44.0,34.92,10.0,7.94,0.569,0.122,36.24,16.44,15.25,31.68,28.0,29.66,362.0,0.215,95.0,26.24,35.0,9.67,0.669,0.16,30.45,14.66,14.59,29.25,27.92,19.08
745984,2024-06-02,2024,668930,L,621383,L,strikeout,True,False,29.0,0.24,5.0,17.24,4.0,13.79,0.625,0.040000000000000036,16.0,6.25,19.53,25.78,16.13,13.51,73.0,0.188,12.0,16.44,8.0,10.96,0.466,0.0,20.18,7.94,23.47,31.41,18.75,17.39,43.0,0.256,13.0,30.23,3.0,6.98,0.661,0.10299999999999998,31.17,14.81,17.28,32.1,26.58,30.95,93.0,0.205,23.0,24.73,6.0,6.45,0.609,0.132,29.59,13.85,17.73,31.58,25.86,19.33
745984,2024-06-02,2024,661388,R,621383,L,field_out,False,False,57.0,0.314,16.0,28.07,4.0,7.02,0.7629999999999999,0.09799999999999998,31.36,15.42,14.17,29.58,30.47,22.86,177.0,0.357,32.0,18.08,21.0,11.86,1.087,0.292,28.8,12.96,16.38,29.34,24.36,16.24,67.0,0.311,16.0,23.88,3.0,4.48,0.835,0.181,21.71,10.77,16.15,26.92,27.69,18.6,163.0,0.282,28.0,17.18,10.0,6.13,0.881,0.268,22.22,10.14,16.28,26.42,20.83,15.91
745984,2024-06-02,2024,592885,L,621383,L,field_out,False,False,39.0,0.353,8.0,20.51,5.0,12.82,1.112,0.32300000000000006,25.86,10.07,15.44,25.5,19.05,24.24,159.0,0.234,37.0,23.27,14.0,8.81,0.633,0.097,26.17,13.04,15.53,28.57,28.16,18.32,43.0,0.256,13.0,30.23,3.0,6.98,0.661,0.10299999999999998,31.17,14.81,17.28,32.1,26.58,30.95,93.0,0.205,23.0,24.73,6.0,6.45,0.609,0.132,29.59,13.85,17.73,31.58,25.86,19.33
745984,2024-06-02,2024,667452,R,643361,R,strikeout,True,False,28.0,0.25,4.0,14.29,4.0,14.29,0.732,0.125,14.81,6.61,16.53,23.14,29.85,9.09,250.0,0.249,56.0,22.4,20.0,8.0,0.659,0.0979999999999999,26.42,11.51,19.54,31.05,28.57,19.44,13.0,0.083,1.0,7.69,1.0,7.69,0.237,0.0,16.67,8.89,24.44,33.33,35.29,7.69,60.0,0.25,8.0,13.33,3.0,5.0,0.764,0.214,22.22,10.88,15.06,25.94,24.77,11.94
745984,2024-06-02,2024,657757,L,643361,R,strikeout,True,False,171.0,0.25,24.0,14.04,24.0,14.04,0.7889999999999999,0.174,18.77,8.25,17.5,25.75,28.39,10.62,324.0,0.212,58.0,17.9,28.0,8.64,0.63,0.1369999999999999,20.44,9.67,14.66,24.33,29.35,14.25,9.0,0.333,0.0,0.0,0.0,0.0,1.111,0.445,21.43,11.11,22.22,33.33,27.27,0.0,45.0,0.293,5.0,11.11,3.0,6.67,0.893,0.244,15.66,7.1,16.94,24.04,29.03,8.47
745984,2024-06-02,2024,657557,R,643361,R,strikeout,True,False,134.0,0.264,46.0,34.33,5.0,3.73,0.7849999999999999,0.20799999999999996,33.33,19.57,9.0,28.57,32.91,26.9,281.0,0.203,86.0,30.6,12.0,4.27,0.603,0.1539999999999999,36.49,19.09,15.38,34.47,35.28,34.68,13.0,0.083,1.0,7.69,1.0,7.69,0.237,0.0,16.67,8.89,24.44,33.33,35.29,7.69,60.0,0.25,8.0,13.33,3.0,5.0,0.764,0.214,22.22,10.88,15.06,25.94,24.77,11.94
745984,2024-06-02,2024,642715,R,621383,L,strikeout,True,False,52.0,0.2,11.0,21.15,6.0,11.54,0.6439999999999999,0.15599999999999997,28.74,12.95,15.03,27.98,23.08,21.57,160.0,0.231,48.0,30.0,24.0,15.0,0.762,0.1789999999999999,26.61,12.38,15.79,28.17,29.47,20.17,67.0,0.311,16.0,23.88,3.0,4.48,0.835,0.181,21.71,10.77,16.15,26.92,27.69,18.6,163.0,0.282,28.0,17.18,10.0,6.13,0.881,0.268,22.22,10.14,16.28,26.42,20.83,15.91
745984,2024-06-02,2024,686217,L,621383,L,field_out,False,False,20.0,0.316,6.0,30.0,1.0,5.0,0.876,0.21000000000000002,15.38,5.8,24.64,30.43,6.9,40.0,43.0,0.184,7.0,16.28,5.0,11.63,0.5680000000000001,0.1049999999999999,11.43,4.71,21.18,25.88,26.83,17.07,43.0,0.256,13.0,30.23,3.0,6.98,0.661,0.10299999999999998,31.17,14.81,17.28,32.1,26.58,30.95,93.0,0.205,23.0,24.73,6.0,6.45,0.609,0.132,29.59,13.85,17.73,31.58,25.86,19.33
745984,2024-06-02,2024,687401,R,621383,L,single,False,False,53.0,0.186,11.0,20.75,8.0,15.09,0.653,0.14,19.05,7.27,20.45,27.73,16.81,21.57,21.0,0.3,6.0,28.57,0.0,0.0,0.586,0.0,26.32,13.33,25.33,38.67,40.0,24.0,67.0,0.311,16.0,23.88,3.0,4.48,0.835,0.181,21.71,10.77,16.15,26.92,27.69,18.6,163.0,0.282,28.0,17.18,10.0,6.13,0.881,0.268,22.22,10.14,16.28,26.42,20.83,15.91
745984,2024-06-02,2024,641343,L,621383,L,caught_stealing_2b,False,False,15.0,0.308,2.0,13.33,1.0,6.67,1.092,0.38399999999999995,29.63,13.79,15.52,29.31,8.7,11.76,28.0,0.185,12.0,42.86,1.0,3.57,0.473,0.074,37.5,20.59,22.55,43.14,39.47,31.58,43.0,0.256,13.0,30.23,3.0,6.98,0.661,0.10299999999999998,31.17,14.81,17.28,32.1,26.58,30.95,93.0,0.205,23.0,24.73,6.0,6.45,0.609,0.132,29.59,13.85,17.73,31.58,25.86,19.33
745984,2024-06-02,2024,686676,R,643361,R,strikeout,True,False,98.0,0.272,27.0,27.55,5.0,5.1,0.776,0.195,38.38,21.41,11.55,32.96,31.45,23.28,47.0,0.116,12.0,25.53,4.0,8.51,0.4,0.0929999999999999,33.71,18.07,13.25,31.33,34.15,23.53,13.0,0.083,1.0,7.69,1.0,7.69,0.237,0.0,16.67,8.89,24.44,33.33,35.29,7.69,60.0,0.25,8.0,13.33,3.0,5.0,0.764,0.214,22.22,10.88,15.06,25.94,24.77,11.94
745984,2024-06-02,2024,693049,L,643361,R,strikeout,True,False,1.0,0.0,0.0,0.0,0.0,0.0,0.0,0.0,0.0,0.0,50.0,50.0,50.0,,200.0,0.225,54.0,27.0,9.0,4.5,0.5840000000000001,0.096,31.03,16.83,13.63,30.46,39.85,27.84,9.0,0.333,0.0,0.0,0.0,0.0,1.111,0.445,21.43,11.11,22.22,33.33,27.27,0.0,45.0,0.293,5.0,11.11,3.0,6.67,0.893,0.244,15.66,7.1,16.94,24.04,29.03,8.47
745984,2024-06-02,2024,672820,R,643361,R,field_out,False,False,31.0,0.138,9.0,29.03,0.0,0.0,0.33899999999999997,0.033999999999999975,28.57,13.46,25.96,39.42,40.82,37.5,123.0,0.178,30.0,24.39,2.0,1.63,0.504,0.136,24.69,13.05,16.81,29.87,39.56,22.39,13.0,0.083,1.0,7.69,1.0,7.69,0.237,0.0,16.67,8.89,24.44,33.33,35.29,7.69,60.0,0.25,8.0,13.33,3.0,5.0,0.764,0.214,22.22,10.88,15.06,25.94,24.77,11.94
745984,2024-06-02,2024,641343,L,621383,L,field_out,False,False,15.0,0.308,2.0,13.33,1.0,6.67,1.092,0.38399999999999995,29.63,13.79,15.52,29.31,8.7,11.76,28.0,0.185,12.0,42.86,1.0,3.57,0.473,0.074,37.5,20.59,22.55,43.14,39.47,31.58,43.0,0.256,13.0,30.23,3.0,6.98,0.661,0.10299999999999998,31.17,14.81,17.28,32.1,26.58,30.95,93.0,0.205,23.0,24.73,6.0,6.45,0.609,0.132,29.59,13.85,17.73,31.58,25.86,19.33
745984,2024-06-02,2024,596142,R,605121,R,strikeout,True,False,84.0,0.213,21.0,25.0,6.0,7.14,0.673,0.17400000000000002,31.58,12.77,24.32,37.08,30.56,21.65,189.0,0.194,49.0,25.93,17.0,8.99,0.688,0.212,28.71,11.9,21.7,33.59,27.27,21.43,23.0,0.316,4.0,17.39,4.0,17.39,0.856,0.10499999999999998,35.71,15.31,18.37,33.67,34.48,9.68,,,,,,,,,,,,,,
745984,2024-06-02,2024,694192,R,605121,R,single,False,False,131.0,0.226,37.0,28.24,5.0,3.82,0.609,0.12899999999999998,31.84,16.6,18.3,34.89,37.34,25.52,,,,,,,,,,,,,,,23.0,0.316,4.0,17.39,4.0,17.39,0.856,0.10499999999999998,35.71,15.31,18.37,33.67,34.48,9.68,,,,,,,,,,,,,,
745984,2024-06-02,2024,668930,L,605121,R,single,False,False,180.0,0.308,30.0,16.67,15.0,8.33,0.8009999999999999,0.126,13.66,6.4,18.6,25.0,25.32,15.96,376.0,0.224,82.0,21.81,30.0,7.98,0.608,0.097,22.03,10.83,16.08,26.9,28.59,16.14,10.0,0.0,3.0,30.0,2.0,20.0,0.2,0.0,18.75,8.33,11.11,19.44,28.57,37.5,,,,,,,,,,,,,,
745984,2024-06-02,2024,661388,R,605121,R,field_out,False,False,207.0,0.324,37.0,17.87,23.0,11.11,0.928,0.198,29.64,13.79,14.05,27.84,23.34,16.74,434.0,0.262,94.0,21.66,42.0,9.68,0.72,0.119,27.61,11.63,19.55,31.17,24.86,18.08,23.0,0.316,4.0,17.39,4.0,17.39,0.856,0.10499999999999998,35.71,15.31,18.37,33.67,34.48,9.68,,,,,,,,,,,,,,
745984,2024-06-02,2024,666150,L,643361,R,walk,False,True,70.0,0.182,23.0,32.86,3.0,4.29,0.45899999999999996,0.06,26.45,11.31,23.32,34.63,23.57,28.75,72.0,0.369,9.0,12.5,6.0,8.33,0.946,0.154,14.71,7.22,15.88,23.1,27.2,10.23,9.0,0.333,0.0,0.0,0.0,0.0,1.111,0.445,21.43,11.11,22.22,33.33,27.27,0.0,45.0,0.293,5.0,11.11,3.0,6.67,0.893,0.244,15.66,7.1,16.94,24.04,29.03,8.47
745984,2024-06-02,2024,502054,R,643361,R,walk,False,True,105.0,0.297,20.0,19.05,4.0,3.81,0.71,0.08900000000000002,21.71,8.98,22.22,31.21,19.15,16.0,304.0,0.262,71.0,23.36,28.0,9.21,0.767,0.173,26.61,10.98,19.38,30.37,21.23,21.19,13.0,0.083,1.0,7.69,1.0,7.69,0.237,0.0,16.67,8.89,24.44,33.33,35.29,7.69,60.0,0.25,8.0,13.33,3.0,5.0,0.764,0.214,22.22,10.88,15.06,25.94,24.77,11.94
745984,2024-06-02,2024,670032,L,660600,R,double,False,False,144.0,0.238,22.0,15.28,13.0,9.03,0.5920000000000001,0.040000000000000036,18.3,8.51,16.83,25.35,26.54,18.03,212.0,0.228,33.0,15.57,24.0,11.32,0.647,0.089,22.47,10.7,16.47,27.16,26.6,14.22,7.0,0.0,4.0,57.14,0.0,0.0,0.0,0.0,50.0,21.74,21.74,43.48,18.18,66.67,,,,,,,,,,,,,,
745984,2024-06-02,2024,667452,R,660600,R,double_play,False,False,28.0,0.25,4.0,14.29,4.0,14.29,0.732,0.125,14.81,6.61,16.53,23.14,29.85,9.09,250.0,0.249,56.0,22.4,20.0,8.0,0.659,0.0979999999999999,26.42,11.51,19.54,31.05,28.57,19.44,8.0,0.0,3.0,37.5,0.0,0.0,0.0,0.0,17.65,9.09,27.27,36.36,50.0,27.27,,,,,,,,,,,,,,
745984,2024-06-02,2024,592885,L,657612,L,single,False,False,39.0,0.353,8.0,20.51,5.0,12.82,1.112,0.32300000000000006,25.86,10.07,15.44,25.5,19.05,24.24,159.0,0.234,37.0,23.27,14.0,8.81,0.633,0.097,26.17,13.04,15.53,28.57,28.16,18.32,43.0,0.395,4.0,9.3,4.0,9.3,0.9390000000000001,0.07899999999999996,15.28,7.48,14.97,22.45,33.33,10.26,92.0,0.275,11.0,11.96,5.0,5.43,0.752,0.125,13.33,6.61,18.32,24.92,35.48,10.58
745984,2024-06-02,2024,642715,R,657612,L,single,False,False,52.0,0.2,11.0,21.15,6.0,11.54,0.6439999999999999,0.15599999999999997,28.74,12.95,15.03,27.98,23.08,21.57,160.0,0.231,48.0,30.0,24.0,15.0,0.762,0.1789999999999999,26.61,12.38,15.79,28.17,29.47,20.17,59.0,0.346,9.0,15.25,6.0,10.17,0.772,0.019000000000000017,12.5,5.56,15.28,20.83,16.48,18.37,110.0,0.378,15.0,13.64,9.0,8.18,1.037,0.2239999999999999,16.49,8.31,14.03,22.34,25.41,14.71
745984,2024-06-02,2024,686217,L,657612,L,fielders_choice_out,False,False,20.0,0.316,6.0,30.0,1.0,5.0,0.876,0.21000000000000002,15.38,5.8,24.64,30.43,6.9,40.0,43.0,0.184,7.0,16.28,5.0,11.63,0.5680000000000001,0.1049999999999999,11.43,4.71,21.18,25.88,26.83,17.07,43.0,0.395,4.0,9.3,4.0,9.3,0.9390000000000001,0.07899999999999996,15.28,7.48,14.97,22.45,33.33,10.26,92.0,0.275,11.0,11.96,5.0,5.43,0.752,0.125,13.33,6.61,18.32,24.92,35.48,10.58
745984,2024-06-02,2024,687401,R,605154,R,walk,False,True,118.0,0.327,14.0,11.86,14.0,11.86,0.9809999999999999,0.24699999999999994,15.14,6.0,21.84,27.84,21.59,10.37,13.0,0.077,3.0,23.08,0.0,0.0,0.2309999999999999,0.077,15.79,8.11,21.62,29.73,26.67,33.33,45.0,0.293,10.0,22.22,3.0,6.67,0.7949999999999999,0.14600000000000002,28.72,16.07,10.71,26.79,41.3,16.95,107.0,0.221,29.0,27.1,8.0,7.48,0.674,0.179,26.61,12.86,15.74,28.6,25.99,16.96
745984,2024-06-02,2024,641343,L,605154,R,strikeout,True,False,133.0,0.195,48.0,36.09,11.0,8.27,0.644,0.16899999999999998,31.4,14.37,18.71,33.08,22.27,29.81,244.0,0.205,83.0,34.02,26.0,10.66,0.72,0.228,32.78,14.71,16.21,30.93,23.65,23.92,39.0,0.25,10.0,25.64,2.0,5.13,0.8640000000000001,0.30600000000000005,21.69,10.47,18.02,28.49,25.64,16.39,55.0,0.204,18.0,32.73,6.0,10.91,0.699,0.204,29.13,12.99,17.75,30.74,29.63,24.32
745984,2024-06-02,2024,596142,R,605154,R,single,False,False,84.0,0.213,21.0,25.0,6.0,7.14,0.673,0.17400000000000002,31.58,12.77,24.32,37.08,30.56,21.65,189.0,0.194,49.0,25.93,17.0,8.99,0.688,0.212,28.71,11.9,21.7,33.59,27.27,21.43,45.0,0.293,10.0,22.22,3.0,6.67,0.7949999999999999,0.14600000000000002,28.72,16.07,10.71,26.79,41.3,16.95,107.0,0.221,29.0,27.1,8.0,7.48,0.674,0.179,26.61,12.86,15.74,28.6,25.99,16.96
745984,2024-06-02,2024,694192,R,605154,R,strikeout,True,False,131.0,0.226,37.0,28.24,5.0,3.82,0.609,0.12899999999999998,31.84,16.6,18.3,34.89,37.34,25.52,,,,,,,,,,,,,,,45.0,0.293,10.0,22.22,3.0,6.67,0.7949999999999999,0.14600000000000002,28.72,16.07,10.71,26.79,41.3,16.95,107.0,0.221,29.0,27.1,8.0,7.48,0.674,0.179,26.61,12.86,15.74,28.6,25.99,16.96
745984,2024-06-02,2024,657757,L,660600,R,field_out,False,False,171.0,0.25,24.0,14.04,24.0,14.04,0.7889999999999999,0.174,18.77,8.25,17.5,25.75,28.39,10.62,324.0,0.212,58.0,17.9,28.0,8.64,0.63,0.1369999999999999,20.44,9.67,14.66,24.33,29.35,14.25,7.0,0.0,4.0,57.14,0.0,0.0,0.0,0.0,50.0,21.74,21.74,43.48,18.18,66.67,,,,,,,,,,,,,,
745984,2024-06-02,2024,657557,R,660600,R,hit_by_pitch,False,False,134.0,0.264,46.0,34.33,5.0,3.73,0.7849999999999999,0.20799999999999996,33.33,19.57,9.0,28.57,32.91,26.9,281.0,0.203,86.0,30.6,12.0,4.27,0.603,0.1539999999999999,36.49,19.09,15.38,34.47,35.28,34.68,8.0,0.0,3.0,37.5,0.0,0.0,0.0,0.0,17.65,9.09,27.27,36.36,50.0,27.27,,,,,,,,,,,,,,
745984,2024-06-02,2024,686676,R,660600,R,field_out,False,False,98.0,0.272,27.0,27.55,5.0,5.1,0.776,0.195,38.38,21.41,11.55,32.96,31.45,23.28,47.0,0.116,12.0,25.53,4.0,8.51,0.4,0.0929999999999999,33.71,18.07,13.25,31.33,34.15,23.53,8.0,0.0,3.0,37.5,0.0,0.0,0.0,0.0,17.65,9.09,27.27,36.36,50.0,27.27,,,,,,,,,,,,,,
745984,2024-06-02,2024,693049,L,660600,R,field_out,False,False,1.0,0.0,0.0,0.0,0.0,0.0,0.0,0.0,0.0,0.0,50.0,50.0,50.0,,200.0,0.225,54.0,27.0,9.0,4.5,0.5840000000000001,0.096,31.03,16.83,13.63,30.46,39.85,27.84,7.0,0.0,4.0,57.14,0.0,0.0,0.0,0.0,50.0,21.74,21.74,43.48,18.18,66.67,,,,,,,,,,,,,,
746301,2024-06-02,2024,650333,L,666142,L,field_out,False,False,107.0,0.283,11.0,10.28,5.0,4.67,0.649,0.030000000000000027,13.26,6.08,19.24,25.32,31.98,11.46,138.0,0.326,17.0,12.32,4.0,2.9,0.76,0.0909999999999999,12.5,6.61,16.32,22.93,33.48,12.88,38.0,0.314,8.0,21.05,1.0,2.63,0.722,0.056999999999999995,11.86,5.34,19.08,24.43,22.58,23.53,93.0,0.253,22.0,23.66,11.0,11.83,0.711,0.1139999999999999,29.07,14.04,14.33,28.37,23.95,20.56
746301,2024-06-02,2024,665487,R,666142,L,walk,False,True,77.0,0.203,17.0,22.08,16.0,20.78,0.661,0.068,24.41,9.97,15.11,25.08,19.05,17.35,146.0,0.305,27.0,18.49,16.0,10.96,0.915,0.226,26.9,13.07,10.55,23.62,26.91,14.44,241.0,0.215,75.0,31.12,21.0,8.71,0.594,0.096,33.4,16.8,15.07,31.87,31.44,24.51,299.0,0.187,91.0,30.43,30.0,10.03,0.556,0.0979999999999999,31.59,15.63,14.33,29.96,29.28,22.58
746301,2024-06-02,2024,595777,R,666142,L,strikeout,True,False,69.0,0.328,6.0,8.7,7.0,10.14,0.9380000000000001,0.21300000000000002,14.75,6.69,15.99,22.68,26.36,6.17,147.0,0.275,22.0,14.97,13.0,8.84,0.774,0.1519999999999999,15.44,6.84,17.44,24.27,22.81,13.33,241.0,0.215,75.0,31.12,21.0,8.71,0.594,0.096,33.4,16.8,15.07,31.87,31.44,24.51,299.0,0.187,91.0,30.43,30.0,10.03,0.556,0.0979999999999999,31.59,15.63,14.33,29.96,29.28,22.58
746301,2024-06-02,2024,592518,R,666142,L,strikeout,True,False,60.0,0.17,15.0,25.0,7.0,11.67,0.5880000000000001,0.151,29.29,13.49,13.49,26.98,26.5,22.95,150.0,0.308,26.0,17.33,14.0,9.33,0.887,0.203,21.32,9.67,16.52,26.19,28.38,16.56,241.0,0.215,75.0,31.12,21.0,8.71,0.594,0.096,33.4,16.8,15.07,31.87,31.44,24.51,299.0,0.187,91.0,30.43,30.0,10.03,0.556,0.0979999999999999,31.59,15.63,14.33,29.96,29.28,22.58
746301,2024-06-02,2024,672580,R,650633,R,field_out,False,False,213.0,0.254,41.0,19.25,16.0,7.51,0.6659999999999999,0.10399999999999998,20.0,8.61,21.28,29.89,20.92,17.3,400.0,0.258,94.0,23.5,33.0,8.25,0.648,0.071,20.3,8.71,19.59,28.3,19.12,19.96,137.0,0.203,41.0,29.93,13.0,9.49,0.694,0.21199999999999997,27.76,12.94,18.79,31.74,27.21,19.81,249.0,0.259,79.0,31.73,15.0,6.02,0.708,0.136,31.36,12.93,23.52,36.46,30.93,26.69
746301,2024-06-02,2024,677951,R,650633,R,field_out,False,False,222.0,0.323,36.0,16.22,19.0,8.56,0.934,0.22800000000000004,24.24,12.04,13.19,25.23,28.57,15.86,547.0,0.27,93.0,17.0,33.0,6.03,0.8,0.2149999999999999,22.15,10.87,15.53,26.4,29.62,14.44,137.0,0.203,41.0,29.93,13.0,9.49,0.694,0.21199999999999997,27.76,12.94,18.79,31.74,27.21,19.81,249.0,0.259,79.0,31.73,15.0,6.02,0.708,0.136,31.36,12.93,23.52,36.46,30.93,26.69
746301,2024-06-02,2024,686469,L,650633,R,field_out,False,False,185.0,0.229,27.0,14.59,20.0,10.81,0.754,0.204,13.43,6.0,16.53,22.53,27.94,13.3,188.0,0.251,23.0,12.23,15.0,7.98,0.784,0.217,14.85,7.02,17.48,24.5,34.8,10.0,128.0,0.226,28.0,21.88,13.0,10.16,0.7050000000000001,0.17400000000000002,30.0,12.74,20.38,33.12,30.64,24.56,182.0,0.179,48.0,26.37,17.0,9.34,0.542,0.099,26.86,11.79,18.61,30.4,25.21,24.87
746301,2024-06-02,2024,456781,R,666142,L,strikeout,True,False,31.0,0.393,3.0,9.68,3.0,9.68,0.988,0.14300000000000002,16.67,7.09,20.57,27.66,23.94,6.67,153.0,0.286,32.0,20.92,11.0,7.19,0.746,0.114,24.12,11.77,18.21,29.98,32.04,14.35,241.0,0.215,75.0,31.12,21.0,8.71,0.594,0.096,33.4,16.8,15.07,31.87,31.44,24.51,299.0,0.187,91.0,30.43,30.0,10.03,0.556,0.0979999999999999,31.59,15.63,14.33,29.96,29.28,22.58
746301,2024-06-02,2024,630105,L,666142,L,single,False,False,68.0,0.194,12.0,17.65,5.0,7.35,0.492,0.04799999999999999,13.74,6.47,15.47,21.94,19.69,13.64,156.0,0.229,38.0,24.36,10.0,6.41,0.665,0.1349999999999999,18.48,9.0,20.1,29.1,30.82,17.84,38.0,0.314,8.0,21.05,1.0,2.63,0.722,0.056999999999999995,11.86,5.34,19.08,24.43,22.58,23.53,93.0,0.253,22.0,23.66,11.0,11.83,0.711,0.1139999999999999,29.07,14.04,14.33,28.37,23.95,20.56
746301,2024-06-02,2024,673490,R,666142,L,field_out,False,False,63.0,0.2,9.0,14.29,7.0,11.11,0.6719999999999999,0.182,14.81,6.23,20.23,26.46,18.92,11.84,191.0,0.302,30.0,15.71,20.0,10.47,0.897,0.219,15.84,6.63,22.21,28.83,23.47,11.49,241.0,0.215,75.0,31.12,21.0,8.71,0.594,0.096,33.4,16.8,15.07,31.87,31.44,24.51,299.0,0.187,91.0,30.43,30.0,10.03,0.556,0.0979999999999999,31.59,15.63,14.33,29.96,29.28,22.58
746301,2024-06-02,2024,669134,R,666142,L,strikeout,True,False,42.0,0.077,4.0,9.52,3.0,7.14,0.32199999999999995,0.102,13.51,6.62,13.91,20.53,27.27,11.11,47.0,0.405,7.0,14.89,3.0,6.38,1.114,0.262,21.88,11.54,12.09,23.63,36.79,11.67,241.0,0.215,75.0,31.12,21.0,8.71,0.594,0.096,33.4,16.8,15.07,31.87,31.44,24.51,299.0,0.187,91.0,30.43,30.0,10.03,0.556,0.0979999999999999,31.59,15.63,14.33,29.96,29.28,22.58
746301,2024-06-02,2024,521692,R,650633,R,field_out,False,False,178.0,0.317,27.0,15.17,11.0,6.18,0.913,0.21700000000000003,22.4,13.17,8.93,22.1,44.72,12.68,437.0,0.264,100.0,22.88,11.0,2.52,0.73,0.174,30.72,18.16,9.73,27.89,45.56,22.08,137.0,0.203,41.0,29.93,13.0,9.49,0.694,0.21199999999999997,27.76,12.94,18.79,31.74,27.21,19.81,249.0,0.259,79.0,31.73,15.0,6.02,0.708,0.136,31.36,12.93,23.52,36.46,30.93,26.69
746301,2024-06-02,2024,624428,L,650633,R,single,False,False,113.0,0.204,19.0,16.81,13.0,11.5,0.5860000000000001,0.07200000000000004,17.54,7.87,18.3,26.17,24.89,12.5,392.0,0.248,60.0,15.31,26.0,6.63,0.7090000000000001,0.158,19.43,9.43,17.73,27.16,29.49,14.18,128.0,0.226,28.0,21.88,13.0,10.16,0.7050000000000001,0.17400000000000002,30.0,12.74,20.38,33.12,30.64,24.56,182.0,0.179,48.0,26.37,17.0,9.34,0.542,0.099,26.86,11.79,18.61,30.4,25.21,24.87
746301,2024-06-02,2024,679845,R,650633,R,grounded_into_double_play,False,False,39.0,0.206,6.0,15.38,4.0,10.26,0.488,0.0,22.81,9.85,18.94,28.79,26.09,16.67,44.0,0.279,7.0,15.91,1.0,2.27,0.667,0.0929999999999999,20.0,9.64,16.87,26.51,25.61,14.29,137.0,0.203,41.0,29.93,13.0,9.49,0.694,0.21199999999999997,27.76,12.94,18.79,31.74,27.21,19.81,249.0,0.259,79.0,31.73,15.0,6.02,0.708,0.136,31.36,12.93,23.52,36.46,30.93,26.69
746301,2024-06-02,2024,640492,R,666142,L,field_out,False,False,34.0,0.219,9.0,26.47,1.0,2.94,0.46099999999999997,0.0,28.24,18.6,7.75,26.36,50.0,17.65,54.0,0.184,12.0,22.22,1.0,1.85,0.481,0.081,22.12,13.74,10.44,24.18,49.0,21.82,241.0,0.215,75.0,31.12,21.0,8.71,0.594,0.096,33.4,16.8,15.07,31.87,31.44,24.51,299.0,0.187,91.0,30.43,30.0,10.03,0.556,0.0979999999999999,31.59,15.63,14.33,29.96,29.28,22.58
746301,2024-06-02,2024,650333,L,666142,L,field_out,False,False,107.0,0.283,11.0,10.28,5.0,4.67,0.649,0.030000000000000027,13.26,6.08,19.24,25.32,31.98,11.46,138.0,0.326,17.0,12.32,4.0,2.9,0.76,0.0909999999999999,12.5,6.61,16.32,22.93,33.48,12.88,38.0,0.314,8.0,21.05,1.0,2.63,0.722,0.056999999999999995,11.86,5.34,19.08,24.43,22.58,23.53,93.0,0.253,22.0,23.66,11.0,11.83,0.711,0.1139999999999999,29.07,14.04,14.33,28.37,23.95,20.56
746301,2024-06-02,2024,665487,R,666142,L,strikeout,True,False,77.0,0.203,17.0,22.08,16.0,20.78,0.661,0.068,24.41,9.97,15.11,25.08,19.05,17.35,146.0,0.305,27.0,18.49,16.0,10.96,0.915,0.226,26.9,13.07,10.55,23.62,26.91,14.44,241.0,0.215,75.0,31.12,21.0,8.71,0.594,0.096,33.4,16.8,15.07,31.87,31.44,24.51,299.0,0.187,91.0,30.43,30.0,10.03,0.556,0.0979999999999999,31.59,15.63,14.33,29.96,29.28,22.58
746301,2024-06-02,2024,669004,L,650633,R,field_out,False,False,147.0,0.17,39.0,26.53,11.0,7.48,0.608,0.19999999999999998,29.94,15.37,12.2,27.58,28.4,17.81,459.0,0.239,122.0,26.58,55.0,11.98,0.752,0.181,32.7,15.24,15.56,30.8,24.84,20.68,128.0,0.226,28.0,21.88,13.0,10.16,0.7050000000000001,0.17400000000000002,30.0,12.74,20.38,33.12,30.64,24.56,182.0,0.179,48.0,26.37,17.0,9.34,0.542,0.099,26.86,11.79,18.61,30.4,25.21,24.87
746301,2024-06-02,2024,666023,R,650633,R,strikeout,True,False,66.0,0.262,11.0,16.67,5.0,7.58,0.646,0.066,21.53,11.83,12.6,24.43,35.11,12.64,169.0,0.288,36.0,21.3,9.0,5.33,0.785,0.174,23.9,13.04,10.79,23.84,30.17,16.22,137.0,0.203,41.0,29.93,13.0,9.49,0.694,0.21199999999999997,27.76,12.94,18.79,31.74,27.21,19.81,249.0,0.259,79.0,31.73,15.0,6.02,0.708,0.136,31.36,12.93,23.52,36.46,30.93,26.69
746301,2024-06-02,2024,664728,L,650633,R,field_out,False,False,138.0,0.211,23.0,16.67,9.0,6.52,0.615,0.141,17.43,7.98,21.01,28.99,30.74,19.66,253.0,0.223,43.0,17.0,12.0,4.74,0.631,0.147,20.48,9.51,19.8,29.31,28.6,18.78,128.0,0.226,28.0,21.88,13.0,10.16,0.7050000000000001,0.17400000000000002,30.0,12.74,20.38,33.12,30.64,24.56,182.0,0.179,48.0,26.37,17.0,9.34,0.542,0.099,26.86,11.79,18.61,30.4,25.21,24.87
746301,2024-06-02,2024,595777,R,666142,L,field_out,False,False,69.0,0.328,6.0,8.7,7.0,10.14,0.9380000000000001,0.21300000000000002,14.75,6.69,15.99,22.68,26.36,6.17,147.0,0.275,22.0,14.97,13.0,8.84,0.774,0.1519999999999999,15.44,6.84,17.44,24.27,22.81,13.33,241.0,0.215,75.0,31.12,21.0,8.71,0.594,0.096,33.4,16.8,15.07,31.87,31.44,24.51,299.0,0.187,91.0,30.43,30.0,10.03,0.556,0.0979999999999999,31.59,15.63,14.33,29.96,29.28,22.58
746301,2024-06-02,2024,592518,R,666142,L,field_out,False,False,60.0,0.17,15.0,25.0,7.0,11.67,0.5880000000000001,0.151,29.29,13.49,13.49,26.98,26.5,22.95,150.0,0.308,26.0,17.33,14.0,9.33,0.887,0.203,21.32,9.67,16.52,26.19,28.38,16.56,241.0,0.215,75.0,31.12,21.0,8.71,0.594,0.096,33.4,16.8,15.07,31.87,31.44,24.51,299.0,0.187,91.0,30.43,30.0,10.03,0.556,0.0979999999999999,31.59,15.63,14.33,29.96,29.28,22.58
746301,2024-06-02,2024,456781,R,666142,L,double,False,False,31.0,0.393,3.0,9.68,3.0,9.68,0.988,0.14300000000000002,16.67,7.09,20.57,27.66,23.94,6.67,153.0,0.286,32.0,20.92,11.0,7.19,0.746,0.114,24.12,11.77,18.21,29.98,32.04,14.35,241.0,0.215,75.0,31.12,21.0,8.71,0.594,0.096,33.4,16.8,15.07,31.87,31.44,24.51,299.0,0.187,91.0,30.43,30.0,10.03,0.556,0.0979999999999999,31.59,15.63,14.33,29.96,29.28,22.58
746301,2024-06-02,2024,630105,L,666142,L,field_out,False,False,68.0,0.194,12.0,17.65,5.0,7.35,0.492,0.04799999999999999,13.74,6.47,15.47,21.94,19.69,13.64,156.0,0.229,38.0,24.36,10.0,6.41,0.665,0.1349999999999999,18.48,9.0,20.1,29.1,30.82,17.84,38.0,0.314,8.0,21.05,1.0,2.63,0.722,0.056999999999999995,11.86,5.34,19.08,24.43,22.58,23.53,93.0,0.253,22.0,23.66,11.0,11.83,0.711,0.1139999999999999,29.07,14.04,14.33,28.37,23.95,20.56
746301,2024-06-02,2024,672580,R,650633,R,walk,False,True,213.0,0.254,41.0,19.25,16.0,7.51,0.6659999999999999,0.10399999999999998,20.0,8.61,21.28,29.89,20.92,17.3,400.0,0.258,94.0,23.5,33.0,8.25,0.648,0.071,20.3,8.71,19.59,28.3,19.12,19.96,137.0,0.203,41.0,29.93,13.0,9.49,0.694,0.21199999999999997,27.76,12.94,18.79,31.74,27.21,19.81,249.0,0.259,79.0,31.73,15.0,6.02,0.708,0.136,31.36,12.93,23.52,36.46,30.93,26.69
746301,2024-06-02,2024,677951,R,650633,R,single,False,False,222.0,0.323,36.0,16.22,19.0,8.56,0.934,0.22800000000000004,24.24,12.04,13.19,25.23,28.57,15.86,547.0,0.27,93.0,17.0,33.0,6.03,0.8,0.2149999999999999,22.15,10.87,15.53,26.4,29.62,14.44,137.0,0.203,41.0,29.93,13.0,9.49,0.694,0.21199999999999997,27.76,12.94,18.79,31.74,27.21,19.81,249.0,0.259,79.0,31.73,15.0,6.02,0.708,0.136,31.36,12.93,23.52,36.46,30.93,26.69
746301,2024-06-02,2024,686469,L,650633,R,sac_fly,False,False,185.0,0.229,27.0,14.59,20.0,10.81,0.754,0.204,13.43,6.0,16.53,22.53,27.94,13.3,188.0,0.251,23.0,12.23,15.0,7.98,0.784,0.217,14.85,7.02,17.48,24.5,34.8,10.0,128.0,0.226,28.0,21.88,13.0,10.16,0.7050000000000001,0.17400000000000002,30.0,12.74,20.38,33.12,30.64,24.56,182.0,0.179,48.0,26.37,17.0,9.34,0.542,0.099,26.86,11.79,18.61,30.4,25.21,24.87
746301,2024-06-02,2024,521692,R,650633,R,strikeout,True,False,178.0,0.317,27.0,15.17,11.0,6.18,0.913,0.21700000000000003,22.4,13.17,8.93,22.1,44.72,12.68,437.0,0.264,100.0,22.88,11.0,2.52,0.73,0.174,30.72,18.16,9.73,27.89,45.56,22.08,137.0,0.203,41.0,29.93,13.0,9.49,0.694,0.21199999999999997,27.76,12.94,18.79,31.74,27.21,19.81,249.0,0.259,79.0,31.73,15.0,6.02,0.708,0.136,31.36,12.93,23.52,36.46,30.93,26.69
746301,2024-06-02,2024,673490,R,666142,L,field_out,False,False,63.0,0.2,9.0,14.29,7.0,11.11,0.6719999999999999,0.182,14.81,6.23,20.23,26.46,18.92,11.84,191.0,0.302,30.0,15.71,20.0,10.47,0.897,0.219,15.84,6.63,22.21,28.83,23.47,11.49,241.0,0.215,75.0,31.12,21.0,8.71,0.594,0.096,33.4,16.8,15.07,31.87,31.44,24.51,299.0,0.187,91.0,30.43,30.0,10.03,0.556,0.0979999999999999,31.59,15.63,14.33,29.96,29.28,22.58
746301,2024-06-02,2024,669134,R,666142,L,field_out,False,False,42.0,0.077,4.0,9.52,3.0,7.14,0.32199999999999995,0.102,13.51,6.62,13.91,20.53,27.27,11.11,47.0,0.405,7.0,14.89,3.0,6.38,1.114,0.262,21.88,11.54,12.09,23.63,36.79,11.67,241.0,0.215,75.0,31.12,21.0,8.71,0.594,0.096,33.4,16.8,15.07,31.87,31.44,24.51,299.0,0.187,91.0,30.43,30.0,10.03,0.556,0.0979999999999999,31.59,15.63,14.33,29.96,29.28,22.58
746301,2024-06-02,2024,640492,R,666142,L,double,False,False,34.0,0.219,9.0,26.47,1.0,2.94,0.46099999999999997,0.0,28.24,18.6,7.75,26.36,50.0,17.65,54.0,0.184,12.0,22.22,1.0,1.85,0.481,0.081,22.12,13.74,10.44,24.18,49.0,21.82,241.0,0.215,75.0,31.12,21.0,8.71,0.594,0.096,33.4,16.8,15.07,31.87,31.44,24.51,299.0,0.187,91.0,30.43,30.0,10.03,0.556,0.0979999999999999,31.59,15.63,14.33,29.96,29.28,22.58
746301,2024-06-02,2024,650333,L,666142,L,single,False,False,107.0,0.283,11.0,10.28,5.0,4.67,0.649,0.030000000000000027,13.26,6.08,19.24,25.32,31.98,11.46,138.0,0.326,17.0,12.32,4.0,2.9,0.76,0.0909999999999999,12.5,6.61,16.32,22.93,33.48,12.88,38.0,0.314,8.0,21.05,1.0,2.63,0.722,0.056999999999999995,11.86,5.34,19.08,24.43,22.58,23.53,93.0,0.253,22.0,23.66,11.0,11.83,0.711,0.1139999999999999,29.07,14.04,14.33,28.37,23.95,20.56
746301,2024-06-02,2024,624428,L,650633,R,walk,False,True,113.0,0.204,19.0,16.81,13.0,11.5,0.5860000000000001,0.07200000000000004,17.54,7.87,18.3,26.17,24.89,12.5,392.0,0.248,60.0,15.31,26.0,6.63,0.7090000000000001,0.158,19.43,9.43,17.73,27.16,29.49,14.18,128.0,0.226,28.0,21.88,13.0,10.16,0.7050000000000001,0.17400000000000002,30.0,12.74,20.38,33.12,30.64,24.56,182.0,0.179,48.0,26.37,17.0,9.34,0.542,0.099,26.86,11.79,18.61,30.4,25.21,24.87
746301,2024-06-02,2024,679845,R,650633,R,sac_bunt,False,False,39.0,0.206,6.0,15.38,4.0,10.26,0.488,0.0,22.81,9.85,18.94,28.79,26.09,16.67,44.0,0.279,7.0,15.91,1.0,2.27,0.667,0.0929999999999999,20.0,9.64,16.87,26.51,25.61,14.29,137.0,0.203,41.0,29.93,13.0,9.49,0.694,0.21199999999999997,27.76,12.94,18.79,31.74,27.21,19.81,249.0,0.259,79.0,31.73,15.0,6.02,0.708,0.136,31.36,12.93,23.52,36.46,30.93,26.69
746301,2024-06-02,2024,669004,L,650633,R,field_out,False,False,147.0,0.17,39.0,26.53,11.0,7.48,0.608,0.19999999999999998,29.94,15.37,12.2,27.58,28.4,17.81,459.0,0.239,122.0,26.58,55.0,11.98,0.752,0.181,32.7,15.24,15.56,30.8,24.84,20.68,128.0,0.226,28.0,21.88,13.0,10.16,0.7050000000000001,0.17400000000000002,30.0,12.74,20.38,33.12,30.64,24.56,182.0,0.179,48.0,26.37,17.0,9.34,0.542,0.099,26.86,11.79,18.61,30.4,25.21,24.87
746301,2024-06-02,2024,666023,R,650633,R,strikeout,True,False,66.0,0.262,11.0,16.67,5.0,7.58,0.646,0.066,21.53,11.83,12.6,24.43,35.11,12.64,169.0,0.288,36.0,21.3,9.0,5.33,0.785,0.174,23.9,13.04,10.79,23.84,30.17,16.22,137.0,0.203,41.0,29.93,13.0,9.49,0.694,0.21199999999999997,27.76,12.94,18.79,31.74,27.21,19.81,249.0,0.259,79.0,31.73,15.0,6.02,0.708,0.136,31.36,12.93,23.52,36.46,30.93,26.69
746301,2024-06-02,2024,665487,R,666142,L,field_out,False,False,77.0,0.203,17.0,22.08,16.0,20.78,0.661,0.068,24.41,9.97,15.11,25.08,19.05,17.35,146.0,0.305,27.0,18.49,16.0,10.96,0.915,0.226,26.9,13.07,10.55,23.62,26.91,14.44,241.0,0.215,75.0,31.12,21.0,8.71,0.594,0.096,33.4,16.8,15.07,31.87,31.44,24.51,299.0,0.187,91.0,30.43,30.0,10.03,0.556,0.0979999999999999,31.59,15.63,14.33,29.96,29.28,22.58
746301,2024-06-02,2024,595777,R,666142,L,walk,False,True,69.0,0.328,6.0,8.7,7.0,10.14,0.9380000000000001,0.21300000000000002,14.75,6.69,15.99,22.68,26.36,6.17,147.0,0.275,22.0,14.97,13.0,8.84,0.774,0.1519999999999999,15.44,6.84,17.44,24.27,22.81,13.33,241.0,0.215,75.0,31.12,21.0,8.71,0.594,0.096,33.4,16.8,15.07,31.87,31.44,24.51,299.0,0.187,91.0,30.43,30.0,10.03,0.556,0.0979999999999999,31.59,15.63,14.33,29.96,29.28,22.58
746301,2024-06-02,2024,592518,R,666142,L,field_out,False,False,60.0,0.17,15.0,25.0,7.0,11.67,0.5880000000000001,0.151,29.29,13.49,13.49,26.98,26.5,22.95,150.0,0.308,26.0,17.33,14.0,9.33,0.887,0.203,21.32,9.67,16.52,26.19,28.38,16.56,241.0,0.215,75.0,31.12,21.0,8.71,0.594,0.096,33.4,16.8,15.07,31.87,31.44,24.51,299.0,0.187,91.0,30.43,30.0,10.03,0.556,0.0979999999999999,31.59,15.63,14.33,29.96,29.28,22.58
746301,2024-06-02,2024,456781,R,666142,L,single,False,False,31.0,0.393,3.0,9.68,3.0,9.68,0.988,0.14300000000000002,16.67,7.09,20.57,27.66,23.94,6.67,153.0,0.286,32.0,20.92,11.0,7.19,0.746,0.114,24.12,11.77,18.21,29.98,32.04,14.35,241.0,0.215,75.0,31.12,21.0,8.71,0.594,0.096,33.4,16.8,15.07,31.87,31.44,24.51,299.0,0.187,91.0,30.43,30.0,10.03,0.556,0.0979999999999999,31.59,15.63,14.33,29.96,29.28,22.58
746301,2024-06-02,2024,630105,L,666142,L,strikeout,True,False,68.0,0.194,12.0,17.65,5.0,7.35,0.492,0.04799999999999999,13.74,6.47,15.47,21.94,19.69,13.64,156.0,0.229,38.0,24.36,10.0,6.41,0.665,0.1349999999999999,18.48,9.0,20.1,29.1,30.82,17.84,38.0,0.314,8.0,21.05,1.0,2.63,0.722,0.056999999999999995,11.86,5.34,19.08,24.43,22.58,23.53,93.0,0.253,22.0,23.66,11.0,11.83,0.711,0.1139999999999999,29.07,14.04,14.33,28.37,23.95,20.56
746301,2024-06-02,2024,641658,R,650633,R,strikeout,True,False,31.0,0.357,8.0,25.81,2.0,6.45,0.793,0.03600000000000003,16.39,8.2,20.49,28.69,26.0,17.78,170.0,0.282,45.0,26.47,14.0,8.24,0.74,0.107,24.75,10.81,20.44,31.26,25.39,22.06,137.0,0.203,41.0,29.93,13.0,9.49,0.694,0.21199999999999997,27.76,12.94,18.79,31.74,27.21,19.81,249.0,0.259,79.0,31.73,15.0,6.02,0.708,0.136,31.36,12.93,23.52,36.46,30.93,26.69
746301,2024-06-02,2024,672580,R,650633,R,field_out,False,False,213.0,0.254,41.0,19.25,16.0,7.51,0.6659999999999999,0.10399999999999998,20.0,8.61,21.28,29.89,20.92,17.3,400.0,0.258,94.0,23.5,33.0,8.25,0.648,0.071,20.3,8.71,19.59,28.3,19.12,19.96,137.0,0.203,41.0,29.93,13.0,9.49,0.694,0.21199999999999997,27.76,12.94,18.79,31.74,27.21,19.81,249.0,0.259,79.0,31.73,15.0,6.02,0.708,0.136,31.36,12.93,23.52,36.46,30.93,26.69
746301,2024-06-02,2024,677951,R,650633,R,field_out,False,False,222.0,0.323,36.0,16.22,19.0,8.56,0.934,0.22800000000000004,24.24,12.04,13.19,25.23,28.57,15.86,547.0,0.27,93.0,17.0,33.0,6.03,0.8,0.2149999999999999,22.15,10.87,15.53,26.4,29.62,14.44,137.0,0.203,41.0,29.93,13.0,9.49,0.694,0.21199999999999997,27.76,12.94,18.79,31.74,27.21,19.81,249.0,0.259,79.0,31.73,15.0,6.02,0.708,0.136,31.36,12.93,23.52,36.46,30.93,26.69
746301,2024-06-02,2024,673490,R,670167,R,single,False,False,166.0,0.241,31.0,18.67,24.0,14.46,0.759,0.16300000000000003,18.11,6.52,24.22,30.74,18.07,13.54,435.0,0.241,94.0,21.61,55.0,12.64,0.681,0.1,18.8,7.03,23.65,30.68,19.23,15.59,49.0,0.186,11.0,22.45,4.0,8.16,0.474,0.022999999999999993,17.5,7.11,19.8,26.9,20.75,21.57,125.0,0.204,37.0,29.6,10.0,8.0,0.599,0.123,25.88,11.73,19.48,31.21,28.85,22.42
746301,2024-06-02,2024,669134,R,670167,R,grounded_into_double_play,False,False,131.0,0.273,19.0,14.5,10.0,7.63,0.7330000000000001,0.132,21.59,11.58,14.42,26.0,34.48,18.81,127.0,0.289,14.0,11.02,4.0,3.15,0.753,0.141,16.53,9.26,14.96,24.23,34.76,11.97,49.0,0.186,11.0,22.45,4.0,8.16,0.474,0.022999999999999993,17.5,7.11,19.8,26.9,20.75,21.57,125.0,0.204,37.0,29.6,10.0,8.0,0.599,0.123,25.88,11.73,19.48,31.21,28.85,22.42
746301,2024-06-02,2024,640492,R,670167,R,field_out,False,False,27.0,0.25,8.0,29.63,3.0,11.11,0.625,0.04199999999999998,34.92,20.75,11.32,32.08,49.15,19.51,48.0,0.286,12.0,25.0,3.0,6.25,0.824,0.19,25.0,13.1,18.45,31.55,43.33,22.64,49.0,0.186,11.0,22.45,4.0,8.16,0.474,0.022999999999999993,17.5,7.11,19.8,26.9,20.75,21.57,125.0,0.204,37.0,29.6,10.0,8.0,0.599,0.123,25.88,11.73,19.48,31.21,28.85,22.42
746301,2024-06-02,2024,686469,L,650633,R,field_out,False,False,185.0,0.229,27.0,14.59,20.0,10.81,0.754,0.204,13.43,6.0,16.53,22.53,27.94,13.3,188.0,0.251,23.0,12.23,15.0,7.98,0.784,0.217,14.85,7.02,17.48,24.5,34.8,10.0,128.0,0.226,28.0,21.88,13.0,10.16,0.7050000000000001,0.17400000000000002,30.0,12.74,20.38,33.12,30.64,24.56,182.0,0.179,48.0,26.37,17.0,9.34,0.542,0.099,26.86,11.79,18.61,30.4,25.21,24.87
746301,2024-06-02,2024,521692,R,650633,R,single,False,False,178.0,0.317,27.0,15.17,11.0,6.18,0.913,0.21700000000000003,22.4,13.17,8.93,22.1,44.72,12.68,437.0,0.264,100.0,22.88,11.0,2.52,0.73,0.174,30.72,18.16,9.73,27.89,45.56,22.08,137.0,0.203,41.0,29.93,13.0,9.49,0.694,0.21199999999999997,27.76,12.94,18.79,31.74,27.21,19.81,249.0,0.259,79.0,31.73,15.0,6.02,0.708,0.136,31.36,12.93,23.52,36.46,30.93,26.69
746301,2024-06-02,2024,624428,L,650633,R,field_out,False,False,113.0,0.204,19.0,16.81,13.0,11.5,0.5860000000000001,0.07200000000000004,17.54,7.87,18.3,26.17,24.89,12.5,392.0,0.248,60.0,15.31,26.0,6.63,0.7090000000000001,0.158,19.43,9.43,17.73,27.16,29.49,14.18,128.0,0.226,28.0,21.88,13.0,10.16,0.7050000000000001,0.17400000000000002,30.0,12.74,20.38,33.12,30.64,24.56,182.0,0.179,48.0,26.37,17.0,9.34,0.542,0.099,26.86,11.79,18.61,30.4,25.21,24.87
746301,2024-06-02,2024,679845,R,650633,R,single,False,False,39.0,0.206,6.0,15.38,4.0,10.26,0.488,0.0,22.81,9.85,18.94,28.79,26.09,16.67,44.0,0.279,7.0,15.91,1.0,2.27,0.667,0.0929999999999999,20.0,9.64,16.87,26.51,25.61,14.29,137.0,0.203,41.0,29.93,13.0,9.49,0.694,0.21199999999999997,27.76,12.94,18.79,31.74,27.21,19.81,249.0,0.259,79.0,31.73,15.0,6.02,0.708,0.136,31.36,12.93,23.52,36.46,30.93,26.69
746301,2024-06-02,2024,669004,L,650633,R,field_out,False,False,147.0,0.17,39.0,26.53,11.0,7.48,0.608,0.19999999999999998,29.94,15.37,12.2,27.58,28.4,17.81,459.0,0.239,122.0,26.58,55.0,11.98,0.752,0.181,32.7,15.24,15.56,30.8,24.84,20.68,128.0,0.226,28.0,21.88,13.0,10.16,0.7050000000000001,0.17400000000000002,30.0,12.74,20.38,33.12,30.64,24.56,182.0,0.179,48.0,26.37,17.0,9.34,0.542,0.099,26.86,11.79,18.61,30.4,25.21,24.87
746301,2024-06-02,2024,642180,L,672582,L,single,False,False,6.0,0.2,1.0,16.67,0.0,0.0,0.4,0.0,22.22,11.11,22.22,33.33,44.44,25.0,7.0,0.0,1.0,14.29,2.0,28.57,0.286,0.0,14.29,4.35,21.74,26.09,15.38,25.0,34.0,0.219,12.0,35.29,0.0,0.0,0.45399999999999996,0.0,17.54,7.3,26.28,33.58,26.32,27.91,48.0,0.196,11.0,22.92,2.0,4.17,0.4679999999999999,0.0429999999999999,19.77,9.44,18.33,27.78,22.37,20.37
746301,2024-06-02,2024,665487,R,672582,L,single,False,False,77.0,0.203,17.0,22.08,16.0,20.78,0.661,0.068,24.41,9.97,15.11,25.08,19.05,17.35,146.0,0.305,27.0,18.49,16.0,10.96,0.915,0.226,26.9,13.07,10.55,23.62,26.91,14.44,59.0,0.245,9.0,15.25,6.0,10.17,0.6799999999999999,0.11299999999999999,12.36,4.7,20.09,24.79,13.08,17.31,134.0,0.301,25.0,18.66,6.0,4.48,0.896,0.244,20.0,10.06,12.9,22.96,25.67,15.72
746301,2024-06-02,2024,595777,R,672582,L,single,False,False,69.0,0.328,6.0,8.7,7.0,10.14,0.9380000000000001,0.21300000000000002,14.75,6.69,15.99,22.68,26.36,6.17,147.0,0.275,22.0,14.97,13.0,8.84,0.774,0.1519999999999999,15.44,6.84,17.44,24.27,22.81,13.33,59.0,0.245,9.0,15.25,6.0,10.17,0.6799999999999999,0.11299999999999999,12.36,4.7,20.09,24.79,13.08,17.31,134.0,0.301,25.0,18.66,6.0,4.48,0.896,0.244,20.0,10.06,12.9,22.96,25.67,15.72
746301,2024-06-02,2024,592518,R,672582,L,single,False,False,60.0,0.17,15.0,25.0,7.0,11.67,0.5880000000000001,0.151,29.29,13.49,13.49,26.98,26.5,22.95,150.0,0.308,26.0,17.33,14.0,9.33,0.887,0.203,21.32,9.67,16.52,26.19,28.38,16.56,59.0,0.245,9.0,15.25,6.0,10.17,0.6799999999999999,0.11299999999999999,12.36,4.7,20.09,24.79,13.08,17.31,134.0,0.301,25.0,18.66,6.0,4.48,0.896,0.244,20.0,10.06,12.9,22.96,25.67,15.72
746301,2024-06-02,2024,456781,R,663704,R,fielders_choice_out,False,False,18.0,0.4,3.0,16.67,1.0,5.56,0.9670000000000001,0.067,11.11,3.95,25.0,28.95,16.67,12.0,297.0,0.28,68.0,22.9,29.0,9.76,0.766,0.1059999999999999,26.06,12.14,17.61,29.74,28.81,17.48,57.0,0.291,10.0,17.54,2.0,3.51,0.8069999999999999,0.2,32.67,15.35,18.6,33.95,31.25,16.13,52.0,0.22,13.0,25.0,1.0,1.92,0.531,0.0799999999999999,27.06,12.64,23.08,35.71,30.59,28.26
746301,2024-06-02,2024,630105,L,663704,R,field_out,False,False,172.0,0.278,28.0,16.28,15.0,8.72,0.868,0.245,17.81,8.26,16.81,25.07,23.65,13.21,367.0,0.23,59.0,16.08,36.0,9.81,0.7,0.154,14.92,6.99,16.69,23.68,24.61,14.08,48.0,0.356,13.0,27.08,1.0,2.08,0.907,0.15500000000000003,30.77,14.63,22.56,37.2,31.25,31.71,38.0,0.257,10.0,26.32,1.0,2.63,0.8599999999999999,0.3139999999999999,22.37,10.69,20.75,31.45,29.17,20.0
746301,2024-06-02,2024,673490,R,663704,R,force_out,False,False,166.0,0.241,31.0,18.67,24.0,14.46,0.759,0.16300000000000003,18.11,6.52,24.22,30.74,18.07,13.54,435.0,0.241,94.0,21.61,55.0,12.64,0.681,0.1,18.8,7.03,23.65,30.68,19.23,15.59,57.0,0.291,10.0,17.54,2.0,3.51,0.8069999999999999,0.2,32.67,15.35,18.6,33.95,31.25,16.13,52.0,0.22,13.0,25.0,1.0,1.92,0.531,0.0799999999999999,27.06,12.64,23.08,35.71,30.59,28.26
746301,2024-06-02,2024,666023,R,660853,R,single,False,False,66.0,0.262,11.0,16.67,5.0,7.58,0.646,0.066,21.53,11.83,12.6,24.43,35.11,12.64,169.0,0.288,36.0,21.3,9.0,5.33,0.785,0.174,23.9,13.04,10.79,23.84,30.17,16.22,60.0,0.232,21.0,35.0,3.0,5.0,0.712,0.19699999999999998,34.07,19.09,16.18,35.27,29.9,22.34,143.0,0.171,44.0,30.77,10.0,6.99,0.516,0.093,35.46,18.12,15.04,33.15,32.74,25.88
746301,2024-06-02,2024,641658,R,660853,R,field_out,False,False,31.0,0.357,8.0,25.81,2.0,6.45,0.793,0.03600000000000003,16.39,8.2,20.49,28.69,26.0,17.78,170.0,0.282,45.0,26.47,14.0,8.24,0.74,0.107,24.75,10.81,20.44,31.26,25.39,22.06,60.0,0.232,21.0,35.0,3.0,5.0,0.712,0.19699999999999998,34.07,19.09,16.18,35.27,29.9,22.34,143.0,0.171,44.0,30.77,10.0,6.99,0.516,0.093,35.46,18.12,15.04,33.15,32.74,25.88
746301,2024-06-02,2024,672580,R,660853,R,force_out,False,False,213.0,0.254,41.0,19.25,16.0,7.51,0.6659999999999999,0.10399999999999998,20.0,8.61,21.28,29.89,20.92,17.3,400.0,0.258,94.0,23.5,33.0,8.25,0.648,0.071,20.3,8.71,19.59,28.3,19.12,19.96,60.0,0.232,21.0,35.0,3.0,5.0,0.712,0.19699999999999998,34.07,19.09,16.18,35.27,29.9,22.34,143.0,0.171,44.0,30.77,10.0,6.99,0.516,0.093,35.46,18.12,15.04,33.15,32.74,25.88
746301,2024-06-02,2024,677951,R,660853,R,strikeout,True,False,222.0,0.323,36.0,16.22,19.0,8.56,0.934,0.22800000000000004,24.24,12.04,13.19,25.23,28.57,15.86,547.0,0.27,93.0,17.0,33.0,6.03,0.8,0.2149999999999999,22.15,10.87,15.53,26.4,29.62,14.44,60.0,0.232,21.0,35.0,3.0,5.0,0.712,0.19699999999999998,34.07,19.09,16.18,35.27,29.9,22.34,143.0,0.171,44.0,30.77,10.0,6.99,0.516,0.093,35.46,18.12,15.04,33.15,32.74,25.88
746301,2024-06-02,2024,669134,R,694361,R,field_out,False,False,131.0,0.273,19.0,14.5,10.0,7.63,0.7330000000000001,0.132,21.59,11.58,14.42,26.0,34.48,18.81,127.0,0.289,14.0,11.02,4.0,3.15,0.753,0.141,16.53,9.26,14.96,24.23,34.76,11.97,5.0,0.2,3.0,60.0,0.0,0.0,0.4,0.0,16.67,3.7,33.33,37.04,7.69,25.0,,,,,,,,,,,,,,
746301,2024-06-02,2024,640492,R,694361,R,field_out,False,False,27.0,0.25,8.0,29.63,3.0,11.11,0.625,0.04199999999999998,34.92,20.75,11.32,32.08,49.15,19.51,48.0,0.286,12.0,25.0,3.0,6.25,0.824,0.19,25.0,13.1,18.45,31.55,43.33,22.64,5.0,0.2,3.0,60.0,0.0,0.0,0.4,0.0,16.67,3.7,33.33,37.04,7.69,25.0,,,,,,,,,,,,,,
746301,2024-06-02,2024,642180,L,694361,R,strikeout,True,False,74.0,0.234,16.0,21.62,7.0,9.46,0.585,0.032,21.24,8.73,19.64,28.36,23.53,25.4,48.0,0.283,12.0,25.0,2.0,4.17,0.6599999999999999,0.065,24.1,10.93,22.4,33.33,28.95,20.0,5.0,0.6,1.0,20.0,0.0,0.0,1.4,0.20000000000000007,14.29,7.14,21.43,28.57,33.33,100.0,,,,,,,,,,,,,,
746301,2024-06-02,2024,686469,L,673513,L,single,False,False,46.0,0.293,6.0,13.04,1.0,2.17,0.743,0.14600000000000002,19.77,9.29,19.13,28.42,32.61,10.71,72.0,0.233,8.0,11.11,10.0,13.89,0.697,0.1169999999999999,25.44,10.86,18.35,29.21,25.19,14.29,33.0,0.222,8.0,24.24,3.0,9.09,0.623,0.11100000000000002,38.1,17.78,15.56,33.33,32.88,20.51,,,,,,,,,,,,,,
746301,2024-06-02,2024,521692,R,673513,L,walk,False,True,58.0,0.308,10.0,17.24,5.0,8.62,0.86,0.173,31.86,18.37,10.71,29.08,48.42,19.61,146.0,0.227,35.0,23.97,8.0,5.48,0.6659999999999999,0.144,28.96,17.6,9.44,27.04,51.15,18.82,61.0,0.14,11.0,18.03,10.0,16.39,0.499,0.07999999999999999,24.77,11.16,12.4,23.55,24.81,16.42,,,,,,,,,,,,,,
746301,2024-06-02,2024,676369,R,673513,L,triple,False,False,56.0,0.229,16.0,28.57,7.0,12.5,0.6930000000000001,0.12499999999999997,36.28,17.6,11.59,29.18,23.58,22.54,54.0,0.184,15.0,27.78,5.0,9.26,0.708,0.265,29.81,14.62,15.57,30.19,30.09,20.0,61.0,0.14,11.0,18.03,10.0,16.39,0.499,0.07999999999999999,24.77,11.16,12.4,23.55,24.81,16.42,,,,,,,,,,,,,,
746301,2024-06-02,2024,679845,R,673513,L,sac_fly,False,False,14.0,0.333,2.0,14.29,2.0,14.29,0.762,0.0,13.04,5.56,16.67,22.22,22.58,11.11,24.0,0.421,5.0,20.83,3.0,12.5,1.079,0.1579999999999999,24.32,10.71,14.29,25.0,18.18,26.32,61.0,0.14,11.0,18.03,10.0,16.39,0.499,0.07999999999999999,24.77,11.16,12.4,23.55,24.81,16.42,,,,,,,,,,,,,,
746061,2024-06-02,2024,543760,R,669432,L,single,False,False,77.0,0.324,13.0,16.88,3.0,3.9,0.905,0.23000000000000004,18.18,8.7,16.67,25.36,25.0,19.7,210.0,0.283,33.0,15.71,20.0,9.52,0.8009999999999999,0.156,18.13,8.56,14.97,23.53,20.61,16.58,188.0,0.319,31.0,16.49,19.0,10.11,0.888,0.181,21.53,10.18,14.78,24.97,30.71,15.31,62.0,0.236,14.0,22.58,5.0,8.06,0.687,0.128,26.4,12.64,14.94,27.59,37.33,16.67
746061,2024-06-02,2024,608369,L,669432,L,single,False,False,76.0,0.227,25.0,32.89,1.0,1.32,0.61,0.146,29.86,16.6,12.74,29.34,31.9,37.88,166.0,0.314,33.0,19.88,7.0,4.22,0.881,0.218,27.65,15.41,9.68,25.09,30.66,22.92,57.0,0.275,13.0,22.81,6.0,10.53,0.841,0.21499999999999997,27.03,12.35,16.46,28.81,29.51,17.11,17.0,0.2,5.0,29.41,1.0,5.88,0.494,0.0,30.3,14.49,21.74,36.23,34.48,20.0
746061,2024-06-02,2024,543257,R,669432,L,single,False,False,44.0,0.303,7.0,15.91,10.0,22.73,0.849,0.09100000000000003,19.05,6.38,23.4,29.79,19.61,13.21,137.0,0.309,32.0,23.36,23.0,16.79,0.952,0.227,18.93,6.53,22.61,29.15,11.97,17.49,188.0,0.319,31.0,16.49,19.0,10.11,0.888,0.181,21.53,10.18,14.78,24.97,30.71,15.31,62.0,0.236,14.0,22.58,5.0,8.06,0.687,0.128,26.4,12.64,14.94,27.59,37.33,16.67
746061,2024-06-02,2024,666969,R,669432,L,single,False,False,71.0,0.258,21.0,29.58,5.0,7.04,0.778,0.21000000000000002,26.53,15.79,10.12,25.91,35.14,28.38,152.0,0.244,37.0,24.34,24.0,15.79,0.866,0.26,31.62,13.61,14.56,28.16,22.03,21.26,188.0,0.319,31.0,16.49,19.0,10.11,0.888,0.181,21.53,10.18,14.78,24.97,30.71,15.31,62.0,0.236,14.0,22.58,5.0,8.06,0.687,0.128,26.4,12.64,14.94,27.59,37.33,16.67
746061,2024-06-02,2024,641680,R,669432,L,grounded_into_double_play,False,False,57.0,0.264,6.0,10.53,3.0,5.26,0.694,0.132,15.79,9.52,10.05,19.58,30.59,12.0,90.0,0.329,13.0,14.44,7.0,7.78,0.866,0.1589999999999999,20.1,11.3,11.3,22.6,34.86,13.0,188.0,0.319,31.0,16.49,19.0,10.11,0.888,0.181,21.53,10.18,14.78,24.97,30.71,15.31,62.0,0.236,14.0,22.58,5.0,8.06,0.687,0.128,26.4,12.64,14.94,27.59,37.33,16.67
746061,2024-06-02,2024,694671,R,669432,L,field_out,False,False,33.0,0.207,10.0,30.3,3.0,9.09,0.652,0.17200000000000001,28.07,11.27,21.13,32.39,25.68,21.28,,,,,,,,,,,,,,,188.0,0.319,31.0,16.49,19.0,10.11,0.888,0.181,21.53,10.18,14.78,24.97,30.71,15.31,62.0,0.236,14.0,22.58,5.0,8.06,0.687,0.128,26.4,12.64,14.94,27.59,37.33,16.67
746061,2024-06-02,2024,667472,R,571760,L,strikeout,True,False,28.0,0.304,7.0,25.0,2.0,7.14,0.958,0.26099999999999995,23.68,8.65,26.92,35.58,22.22,21.21,20.0,0.4,4.0,20.0,0.0,0.0,0.9,0.0999999999999999,30.0,13.24,20.59,33.82,28.12,25.0,179.0,0.261,38.0,21.23,9.0,5.03,0.755,0.187,28.99,15.27,14.01,29.27,33.61,16.1,514.0,0.246,125.0,24.32,38.0,7.39,0.762,0.202,27.12,13.67,13.77,27.44,32.52,19.0
746061,2024-06-02,2024,650559,R,571760,L,field_out,False,False,87.0,0.272,19.0,21.84,4.0,4.6,0.6559999999999999,0.07399999999999995,26.59,14.51,12.62,27.13,29.53,24.68,154.0,0.277,35.0,22.73,11.0,7.14,0.708,0.1059999999999999,27.76,13.7,15.51,29.21,33.53,19.77,179.0,0.261,38.0,21.23,9.0,5.03,0.755,0.187,28.99,15.27,14.01,29.27,33.61,16.1,514.0,0.246,125.0,24.32,38.0,7.39,0.762,0.202,27.12,13.67,13.77,27.44,32.52,19.0
746061,2024-06-02,2024,669394,R,571760,L,strikeout,True,False,52.0,0.163,10.0,19.23,2.0,3.85,0.396,0.04099999999999998,27.55,14.84,16.48,31.32,43.68,20.41,139.0,0.26,37.0,26.62,9.0,6.47,0.907,0.3229999999999999,32.62,17.56,12.21,29.77,35.74,24.5,179.0,0.261,38.0,21.23,9.0,5.03,0.755,0.187,28.99,15.27,14.01,29.27,33.61,16.1,514.0,0.246,125.0,24.32,38.0,7.39,0.762,0.202,27.12,13.67,13.77,27.44,32.52,19.0
746061,2024-06-02,2024,669701,L,669432,L,double,False,False,47.0,0.317,13.0,27.66,3.0,6.38,0.77,0.04899999999999999,26.44,13.14,16.0,29.14,27.5,22.03,33.0,0.12,9.0,27.27,6.0,18.18,0.6930000000000001,0.24,26.09,9.3,20.93,30.23,19.44,31.03,57.0,0.275,13.0,22.81,6.0,10.53,0.841,0.21499999999999997,27.03,12.35,16.46,28.81,29.51,17.11,17.0,0.2,5.0,29.41,1.0,5.88,0.494,0.0,30.3,14.49,21.74,36.23,34.48,20.0
746061,2024-06-02,2024,677649,R,669432,L,field_out,False,False,50.0,0.267,13.0,26.0,5.0,10.0,0.651,0.043999999999999984,23.23,12.5,14.67,27.17,37.36,25.49,132.0,0.273,34.0,25.76,10.0,7.58,0.837,0.2309999999999999,27.68,14.45,13.29,27.75,34.33,21.12,188.0,0.319,31.0,16.49,19.0,10.11,0.888,0.181,21.53,10.18,14.78,24.97,30.71,15.31,62.0,0.236,14.0,22.58,5.0,8.06,0.687,0.128,26.4,12.64,14.94,27.59,37.33,16.67
746061,2024-06-02,2024,665750,R,669432,L,field_out,False,False,65.0,0.224,14.0,21.54,6.0,9.23,0.607,0.086,30.28,13.36,14.57,27.94,22.39,22.22,150.0,0.241,31.0,20.67,10.0,6.67,0.638,0.102,22.26,10.54,15.89,26.42,25.0,19.38,188.0,0.319,31.0,16.49,19.0,10.11,0.888,0.181,21.53,10.18,14.78,24.97,30.71,15.31,62.0,0.236,14.0,22.58,5.0,8.06,0.687,0.128,26.4,12.64,14.94,27.59,37.33,16.67
746061,2024-06-02,2024,543760,R,669432,L,walk,False,True,77.0,0.324,13.0,16.88,3.0,3.9,0.905,0.23000000000000004,18.18,8.7,16.67,25.36,25.0,19.7,210.0,0.283,33.0,15.71,20.0,9.52,0.8009999999999999,0.156,18.13,8.56,14.97,23.53,20.61,16.58,188.0,0.319,31.0,16.49,19.0,10.11,0.888,0.181,21.53,10.18,14.78,24.97,30.71,15.31,62.0,0.236,14.0,22.58,5.0,8.06,0.687,0.128,26.4,12.64,14.94,27.59,37.33,16.67
746061,2024-06-02,2024,608369,L,669432,L,field_out,False,False,76.0,0.227,25.0,32.89,1.0,1.32,0.61,0.146,29.86,16.6,12.74,29.34,31.9,37.88,166.0,0.314,33.0,19.88,7.0,4.22,0.881,0.218,27.65,15.41,9.68,25.09,30.66,22.92,57.0,0.275,13.0,22.81,6.0,10.53,0.841,0.21499999999999997,27.03,12.35,16.46,28.81,29.51,17.11,17.0,0.2,5.0,29.41,1.0,5.88,0.494,0.0,30.3,14.49,21.74,36.23,34.48,20.0
746061,2024-06-02,2024,605137,R,571760,L,field_out,False,False,85.0,0.176,14.0,16.47,10.0,11.76,0.5820000000000001,0.135,24.81,10.22,16.1,26.32,27.96,18.67,186.0,0.265,41.0,22.04,24.0,12.9,0.854,0.2289999999999999,28.46,13.82,12.89,26.71,26.88,18.81,179.0,0.261,38.0,21.23,9.0,5.03,0.755,0.187,28.99,15.27,14.01,29.27,33.61,16.1,514.0,0.246,125.0,24.32,38.0,7.39,0.762,0.202,27.12,13.67,13.77,27.44,32.52,19.0
746061,2024-06-02,2024,665862,L,571760,L,field_out,False,False,81.0,0.253,20.0,24.69,5.0,6.17,0.736,0.174,26.67,12.27,17.79,30.06,29.81,18.18,94.0,0.172,27.0,28.72,6.0,6.38,0.479,0.081,39.88,19.01,18.18,37.19,30.36,25.23,45.0,0.308,8.0,17.78,5.0,11.11,0.796,0.10199999999999998,12.33,5.29,15.88,21.18,20.0,16.33,128.0,0.276,26.0,20.31,22.0,17.19,0.806,0.124,23.36,9.23,18.82,28.04,22.3,14.88
746061,2024-06-02,2024,656896,R,571760,L,strikeout,True,False,48.0,0.222,11.0,22.92,2.0,4.17,0.538,0.04500000000000001,25.56,12.92,15.73,28.65,31.87,18.97,100.0,0.289,16.0,16.0,7.0,7.0,0.7110000000000001,0.089,21.88,10.45,14.18,24.63,29.33,14.68,179.0,0.261,38.0,21.23,9.0,5.03,0.755,0.187,28.99,15.27,14.01,29.27,33.61,16.1,514.0,0.246,125.0,24.32,38.0,7.39,0.762,0.202,27.12,13.67,13.77,27.44,32.52,19.0
746061,2024-06-02,2024,543257,R,669432,L,field_out,False,False,44.0,0.303,7.0,15.91,10.0,22.73,0.849,0.09100000000000003,19.05,6.38,23.4,29.79,19.61,13.21,137.0,0.309,32.0,23.36,23.0,16.79,0.952,0.227,18.93,6.53,22.61,29.15,11.97,17.49,188.0,0.319,31.0,16.49,19.0,10.11,0.888,0.181,21.53,10.18,14.78,24.97,30.71,15.31,62.0,0.236,14.0,22.58,5.0,8.06,0.687,0.128,26.4,12.64,14.94,27.59,37.33,16.67
746061,2024-06-02,2024,666969,R,669432,L,field_out,False,False,71.0,0.258,21.0,29.58,5.0,7.04,0.778,0.21000000000000002,26.53,15.79,10.12,25.91,35.14,28.38,152.0,0.244,37.0,24.34,24.0,15.79,0.866,0.26,31.62,13.61,14.56,28.16,22.03,21.26,188.0,0.319,31.0,16.49,19.0,10.11,0.888,0.181,21.53,10.18,14.78,24.97,30.71,15.31,62.0,0.236,14.0,22.58,5.0,8.06,0.687,0.128,26.4,12.64,14.94,27.59,37.33,16.67
746061,2024-06-02,2024,641680,R,669432,L,field_out,False,False,57.0,0.264,6.0,10.53,3.0,5.26,0.694,0.132,15.79,9.52,10.05,19.58,30.59,12.0,90.0,0.329,13.0,14.44,7.0,7.78,0.866,0.1589999999999999,20.1,11.3,11.3,22.6,34.86,13.0,188.0,0.319,31.0,16.49,19.0,10.11,0.888,0.181,21.53,10.18,14.78,24.97,30.71,15.31,62.0,0.236,14.0,22.58,5.0,8.06,0.687,0.128,26.4,12.64,14.94,27.59,37.33,16.67
746061,2024-06-02,2024,672640,R,571760,L,single,False,False,24.0,0.217,4.0,16.67,0.0,0.0,0.521,0.087,16.98,10.98,13.41,24.39,52.38,12.9,,,,,,,,,,,,,,,179.0,0.261,38.0,21.23,9.0,5.03,0.755,0.187,28.99,15.27,14.01,29.27,33.61,16.1,514.0,0.246,125.0,24.32,38.0,7.39,0.762,0.202,27.12,13.67,13.77,27.44,32.52,19.0
746061,2024-06-02,2024,641313,R,571760,L,field_out,False,False,64.0,0.254,18.0,28.12,5.0,7.81,0.583,0.017000000000000015,34.69,20.0,12.94,32.94,42.54,19.35,130.0,0.304,27.0,20.77,5.0,3.85,0.7150000000000001,0.08,23.36,13.11,11.89,25.0,33.47,17.65,179.0,0.261,38.0,21.23,9.0,5.03,0.755,0.187,28.99,15.27,14.01,29.27,33.61,16.1,514.0,0.246,125.0,24.32,38.0,7.39,0.762,0.202,27.12,13.67,13.77,27.44,32.52,19.0
746061,2024-06-02,2024,663743,R,571760,L,grounded_into_double_play,False,False,37.0,0.111,4.0,10.81,1.0,2.7,0.30200000000000005,0.05600000000000001,13.56,7.34,15.6,22.94,34.0,20.0,84.0,0.316,11.0,13.1,3.0,3.57,0.854,0.184,12.5,6.01,14.49,20.49,25.87,17.46,179.0,0.261,38.0,21.23,9.0,5.03,0.755,0.187,28.99,15.27,14.01,29.27,33.61,16.1,514.0,0.246,125.0,24.32,38.0,7.39,0.762,0.202,27.12,13.67,13.77,27.44,32.52,19.0
746061,2024-06-02,2024,694671,R,669432,L,strikeout,True,False,33.0,0.207,10.0,30.3,3.0,9.09,0.652,0.17200000000000001,28.07,11.27,21.13,32.39,25.68,21.28,,,,,,,,,,,,,,,188.0,0.319,31.0,16.49,19.0,10.11,0.888,0.181,21.53,10.18,14.78,24.97,30.71,15.31,62.0,0.236,14.0,22.58,5.0,8.06,0.687,0.128,26.4,12.64,14.94,27.59,37.33,16.67
746061,2024-06-02,2024,669701,L,669432,L,field_out,False,False,47.0,0.317,13.0,27.66,3.0,6.38,0.77,0.04899999999999999,26.44,13.14,16.0,29.14,27.5,22.03,33.0,0.12,9.0,27.27,6.0,18.18,0.6930000000000001,0.24,26.09,9.3,20.93,30.23,19.44,31.03,57.0,0.275,13.0,22.81,6.0,10.53,0.841,0.21499999999999997,27.03,12.35,16.46,28.81,29.51,17.11,17.0,0.2,5.0,29.41,1.0,5.88,0.494,0.0,30.3,14.49,21.74,36.23,34.48,20.0
746061,2024-06-02,2024,677649,R,669432,L,field_out,False,False,50.0,0.267,13.0,26.0,5.0,10.0,0.651,0.043999999999999984,23.23,12.5,14.67,27.17,37.36,25.49,132.0,0.273,34.0,25.76,10.0,7.58,0.837,0.2309999999999999,27.68,14.45,13.29,27.75,34.33,21.12,188.0,0.319,31.0,16.49,19.0,10.11,0.888,0.181,21.53,10.18,14.78,24.97,30.71,15.31,62.0,0.236,14.0,22.58,5.0,8.06,0.687,0.128,26.4,12.64,14.94,27.59,37.33,16.67
746061,2024-06-02,2024,667472,R,571760,L,field_out,False,False,28.0,0.304,7.0,25.0,2.0,7.14,0.958,0.26099999999999995,23.68,8.65,26.92,35.58,22.22,21.21,20.0,0.4,4.0,20.0,0.0,0.0,0.9,0.0999999999999999,30.0,13.24,20.59,33.82,28.12,25.0,179.0,0.261,38.0,21.23,9.0,5.03,0.755,0.187,28.99,15.27,14.01,29.27,33.61,16.1,514.0,0.246,125.0,24.32,38.0,7.39,0.762,0.202,27.12,13.67,13.77,27.44,32.52,19.0
746061,2024-06-02,2024,650559,R,571760,L,single,False,False,87.0,0.272,19.0,21.84,4.0,4.6,0.6559999999999999,0.07399999999999995,26.59,14.51,12.62,27.13,29.53,24.68,154.0,0.277,35.0,22.73,11.0,7.14,0.708,0.1059999999999999,27.76,13.7,15.51,29.21,33.53,19.77,179.0,0.261,38.0,21.23,9.0,5.03,0.755,0.187,28.99,15.27,14.01,29.27,33.61,16.1,514.0,0.246,125.0,24.32,38.0,7.39,0.762,0.202,27.12,13.67,13.77,27.44,32.52,19.0
746061,2024-06-02,2024,669394,R,571760,L,single,False,False,52.0,0.163,10.0,19.23,2.0,3.85,0.396,0.04099999999999998,27.55,14.84,16.48,31.32,43.68,20.41,139.0,0.26,37.0,26.62,9.0,6.47,0.907,0.3229999999999999,32.62,17.56,12.21,29.77,35.74,24.5,179.0,0.261,38.0,21.23,9.0,5.03,0.755,0.187,28.99,15.27,14.01,29.27,33.61,16.1,514.0,0.246,125.0,24.32,38.0,7.39,0.762,0.202,27.12,13.67,13.77,27.44,32.52,19.0
746061,2024-06-02,2024,605137,R,571760,L,field_out,False,False,85.0,0.176,14.0,16.47,10.0,11.76,0.5820000000000001,0.135,24.81,10.22,16.1,26.32,27.96,18.67,186.0,0.265,41.0,22.04,24.0,12.9,0.854,0.2289999999999999,28.46,13.82,12.89,26.71,26.88,18.81,179.0,0.261,38.0,21.23,9.0,5.03,0.755,0.187,28.99,15.27,14.01,29.27,33.61,16.1,514.0,0.246,125.0,24.32,38.0,7.39,0.762,0.202,27.12,13.67,13.77,27.44,32.52,19.0
746061,2024-06-02,2024,665862,L,571760,L,field_out,False,False,81.0,0.253,20.0,24.69,5.0,6.17,0.736,0.174,26.67,12.27,17.79,30.06,29.81,18.18,94.0,0.172,27.0,28.72,6.0,6.38,0.479,0.081,39.88,19.01,18.18,37.19,30.36,25.23,45.0,0.308,8.0,17.78,5.0,11.11,0.796,0.10199999999999998,12.33,5.29,15.88,21.18,20.0,16.33,128.0,0.276,26.0,20.31,22.0,17.19,0.806,0.124,23.36,9.23,18.82,28.04,22.3,14.88
746061,2024-06-02,2024,665750,R,669432,L,field_out,False,False,65.0,0.224,14.0,21.54,6.0,9.23,0.607,0.086,30.28,13.36,14.57,27.94,22.39,22.22,150.0,0.241,31.0,20.67,10.0,6.67,0.638,0.102,22.26,10.54,15.89,26.42,25.0,19.38,188.0,0.319,31.0,16.49,19.0,10.11,0.888,0.181,21.53,10.18,14.78,24.97,30.71,15.31,62.0,0.236,14.0,22.58,5.0,8.06,0.687,0.128,26.4,12.64,14.94,27.59,37.33,16.67
746061,2024-06-02,2024,543760,R,669432,L,walk,False,True,77.0,0.324,13.0,16.88,3.0,3.9,0.905,0.23000000000000004,18.18,8.7,16.67,25.36,25.0,19.7,210.0,0.283,33.0,15.71,20.0,9.52,0.8009999999999999,0.156,18.13,8.56,14.97,23.53,20.61,16.58,188.0,0.319,31.0,16.49,19.0,10.11,0.888,0.181,21.53,10.18,14.78,24.97,30.71,15.31,62.0,0.236,14.0,22.58,5.0,8.06,0.687,0.128,26.4,12.64,14.94,27.59,37.33,16.67
746061,2024-06-02,2024,608369,L,669432,L,field_out,False,False,76.0,0.227,25.0,32.89,1.0,1.32,0.61,0.146,29.86,16.6,12.74,29.34,31.9,37.88,166.0,0.314,33.0,19.88,7.0,4.22,0.881,0.218,27.65,15.41,9.68,25.09,30.66,22.92,57.0,0.275,13.0,22.81,6.0,10.53,0.841,0.21499999999999997,27.03,12.35,16.46,28.81,29.51,17.11,17.0,0.2,5.0,29.41,1.0,5.88,0.494,0.0,30.3,14.49,21.74,36.23,34.48,20.0
746061,2024-06-02,2024,543257,R,669432,L,field_out,False,False,44.0,0.303,7.0,15.91,10.0,22.73,0.849,0.09100000000000003,19.05,6.38,23.4,29.79,19.61,13.21,137.0,0.309,32.0,23.36,23.0,16.79,0.952,0.227,18.93,6.53,22.61,29.15,11.97,17.49,188.0,0.319,31.0,16.49,19.0,10.11,0.888,0.181,21.53,10.18,14.78,24.97,30.71,15.31,62.0,0.236,14.0,22.58,5.0,8.06,0.687,0.128,26.4,12.64,14.94,27.59,37.33,16.67
746061,2024-06-02,2024,656896,R,571760,L,field_out,False,False,48.0,0.222,11.0,22.92,2.0,4.17,0.538,0.04500000000000001,25.56,12.92,15.73,28.65,31.87,18.97,100.0,0.289,16.0,16.0,7.0,7.0,0.7110000000000001,0.089,21.88,10.45,14.18,24.63,29.33,14.68,179.0,0.261,38.0,21.23,9.0,5.03,0.755,0.187,28.99,15.27,14.01,29.27,33.61,16.1,514.0,0.246,125.0,24.32,38.0,7.39,0.762,0.202,27.12,13.67,13.77,27.44,32.52,19.0
746061,2024-06-02,2024,672640,R,571760,L,field_out,False,False,24.0,0.217,4.0,16.67,0.0,0.0,0.521,0.087,16.98,10.98,13.41,24.39,52.38,12.9,,,,,,,,,,,,,,,179.0,0.261,38.0,21.23,9.0,5.03,0.755,0.187,28.99,15.27,14.01,29.27,33.61,16.1,514.0,0.246,125.0,24.32,38.0,7.39,0.762,0.202,27.12,13.67,13.77,27.44,32.52,19.0
746061,2024-06-02,2024,641313,R,571760,L,strikeout,True,False,64.0,0.254,18.0,28.12,5.0,7.81,0.583,0.017000000000000015,34.69,20.0,12.94,32.94,42.54,19.35,130.0,0.304,27.0,20.77,5.0,3.85,0.7150000000000001,0.08,23.36,13.11,11.89,25.0,33.47,17.65,179.0,0.261,38.0,21.23,9.0,5.03,0.755,0.187,28.99,15.27,14.01,29.27,33.61,16.1,514.0,0.246,125.0,24.32,38.0,7.39,0.762,0.202,27.12,13.67,13.77,27.44,32.52,19.0
746061,2024-06-02,2024,666969,R,669432,L,home_run,False,False,71.0,0.258,21.0,29.58,5.0,7.04,0.778,0.21000000000000002,26.53,15.79,10.12,25.91,35.14,28.38,152.0,0.244,37.0,24.34,24.0,15.79,0.866,0.26,31.62,13.61,14.56,28.16,22.03,21.26,188.0,0.319,31.0,16.49,19.0,10.11,0.888,0.181,21.53,10.18,14.78,24.97,30.71,15.31,62.0,0.236,14.0,22.58,5.0,8.06,0.687,0.128,26.4,12.64,14.94,27.59,37.33,16.67
746061,2024-06-02,2024,641680,R,669432,L,strikeout,True,False,57.0,0.264,6.0,10.53,3.0,5.26,0.694,0.132,15.79,9.52,10.05,19.58,30.59,12.0,90.0,0.329,13.0,14.44,7.0,7.78,0.866,0.1589999999999999,20.1,11.3,11.3,22.6,34.86,13.0,188.0,0.319,31.0,16.49,19.0,10.11,0.888,0.181,21.53,10.18,14.78,24.97,30.71,15.31,62.0,0.236,14.0,22.58,5.0,8.06,0.687,0.128,26.4,12.64,14.94,27.59,37.33,16.67
746061,2024-06-02,2024,694671,R,669432,L,field_out,False,False,33.0,0.207,10.0,30.3,3.0,9.09,0.652,0.17200000000000001,28.07,11.27,21.13,32.39,25.68,21.28,,,,,,,,,,,,,,,188.0,0.319,31.0,16.49,19.0,10.11,0.888,0.181,21.53,10.18,14.78,24.97,30.71,15.31,62.0,0.236,14.0,22.58,5.0,8.06,0.687,0.128,26.4,12.64,14.94,27.59,37.33,16.67
746061,2024-06-02,2024,669701,L,669432,L,strikeout,True,False,47.0,0.317,13.0,27.66,3.0,6.38,0.77,0.04899999999999999,26.44,13.14,16.0,29.14,27.5,22.03,33.0,0.12,9.0,27.27,6.0,18.18,0.6930000000000001,0.24,26.09,9.3,20.93,30.23,19.44,31.03,57.0,0.275,13.0,22.81,6.0,10.53,0.841,0.21499999999999997,27.03,12.35,16.46,28.81,29.51,17.11,17.0,0.2,5.0,29.41,1.0,5.88,0.494,0.0,30.3,14.49,21.74,36.23,34.48,20.0
746061,2024-06-02,2024,663743,R,571760,L,single,False,False,37.0,0.111,4.0,10.81,1.0,2.7,0.30200000000000005,0.05600000000000001,13.56,7.34,15.6,22.94,34.0,20.0,84.0,0.316,11.0,13.1,3.0,3.57,0.854,0.184,12.5,6.01,14.49,20.49,25.87,17.46,179.0,0.261,38.0,21.23,9.0,5.03,0.755,0.187,28.99,15.27,14.01,29.27,33.61,16.1,514.0,0.246,125.0,24.32,38.0,7.39,0.762,0.202,27.12,13.67,13.77,27.44,32.52,19.0
746061,2024-06-02,2024,667472,R,571760,L,strikeout,True,False,28.0,0.304,7.0,25.0,2.0,7.14,0.958,0.26099999999999995,23.68,8.65,26.92,35.58,22.22,21.21,20.0,0.4,4.0,20.0,0.0,0.0,0.9,0.0999999999999999,30.0,13.24,20.59,33.82,28.12,25.0,179.0,0.261,38.0,21.23,9.0,5.03,0.755,0.187,28.99,15.27,14.01,29.27,33.61,16.1,514.0,0.246,125.0,24.32,38.0,7.39,0.762,0.202,27.12,13.67,13.77,27.44,32.52,19.0
746061,2024-06-02,2024,650559,R,571760,L,strikeout,True,False,87.0,0.272,19.0,21.84,4.0,4.6,0.6559999999999999,0.07399999999999995,26.59,14.51,12.62,27.13,29.53,24.68,154.0,0.277,35.0,22.73,11.0,7.14,0.708,0.1059999999999999,27.76,13.7,15.51,29.21,33.53,19.77,179.0,0.261,38.0,21.23,9.0,5.03,0.755,0.187,28.99,15.27,14.01,29.27,33.61,16.1,514.0,0.246,125.0,24.32,38.0,7.39,0.762,0.202,27.12,13.67,13.77,27.44,32.52,19.0
746061,2024-06-02,2024,669394,R,571760,L,strikeout,True,False,52.0,0.163,10.0,19.23,2.0,3.85,0.396,0.04099999999999998,27.55,14.84,16.48,31.32,43.68,20.41,139.0,0.26,37.0,26.62,9.0,6.47,0.907,0.3229999999999999,32.62,17.56,12.21,29.77,35.74,24.5,179.0,0.261,38.0,21.23,9.0,5.03,0.755,0.187,28.99,15.27,14.01,29.27,33.61,16.1,514.0,0.246,125.0,24.32,38.0,7.39,0.762,0.202,27.12,13.67,13.77,27.44,32.52,19.0
746061,2024-06-02,2024,677649,R,640462,L,field_out,False,False,50.0,0.267,13.0,26.0,5.0,10.0,0.651,0.043999999999999984,23.23,12.5,14.67,27.17,37.36,25.49,132.0,0.273,34.0,25.76,10.0,7.58,0.837,0.2309999999999999,27.68,14.45,13.29,27.75,34.33,21.12,79.0,0.262,10.0,12.66,16.0,20.25,0.849,0.16399999999999998,20.0,8.41,16.52,24.92,22.86,10.1,166.0,0.261,49.0,29.52,11.0,6.63,0.765,0.197,33.03,16.05,18.42,34.47,27.76,21.88
746061,2024-06-02,2024,665750,R,640462,L,walk,False,True,65.0,0.224,14.0,21.54,6.0,9.23,0.607,0.086,30.28,13.36,14.57,27.94,22.39,22.22,150.0,0.241,31.0,20.67,10.0,6.67,0.638,0.102,22.26,10.54,15.89,26.42,25.0,19.38,79.0,0.262,10.0,12.66,16.0,20.25,0.849,0.16399999999999998,20.0,8.41,16.52,24.92,22.86,10.1,166.0,0.261,49.0,29.52,11.0,6.63,0.765,0.197,33.03,16.05,18.42,34.47,27.76,21.88
746061,2024-06-02,2024,543760,R,640462,L,force_out,False,False,77.0,0.324,13.0,16.88,3.0,3.9,0.905,0.23000000000000004,18.18,8.7,16.67,25.36,25.0,19.7,210.0,0.283,33.0,15.71,20.0,9.52,0.8009999999999999,0.156,18.13,8.56,14.97,23.53,20.61,16.58,79.0,0.262,10.0,12.66,16.0,20.25,0.849,0.16399999999999998,20.0,8.41,16.52,24.92,22.86,10.1,166.0,0.261,49.0,29.52,11.0,6.63,0.765,0.197,33.03,16.05,18.42,34.47,27.76,21.88
746061,2024-06-02,2024,608369,L,640462,L,field_out,False,False,76.0,0.227,25.0,32.89,1.0,1.32,0.61,0.146,29.86,16.6,12.74,29.34,31.9,37.88,166.0,0.314,33.0,19.88,7.0,4.22,0.881,0.218,27.65,15.41,9.68,25.09,30.66,22.92,26.0,0.348,5.0,19.23,3.0,11.54,1.032,0.261,20.93,8.91,19.8,28.71,26.09,18.52,76.0,0.197,29.0,38.16,2.0,2.63,0.5780000000000001,0.141,33.08,15.03,23.78,38.81,33.07,30.85
746061,2024-06-02,2024,605137,R,656641,L,single,False,False,85.0,0.176,14.0,16.47,10.0,11.76,0.5820000000000001,0.135,24.81,10.22,16.1,26.32,27.96,18.67,186.0,0.265,41.0,22.04,24.0,12.9,0.854,0.2289999999999999,28.46,13.82,12.89,26.71,26.88,18.81,66.0,0.186,12.0,18.18,6.0,9.09,0.527,0.068,31.54,15.95,12.06,28.02,35.17,16.0,17.0,0.071,3.0,17.65,3.0,17.65,0.306,0.0,34.29,16.44,15.07,31.51,34.04,11.54
746061,2024-06-02,2024,665862,L,656641,L,field_out,False,False,81.0,0.253,20.0,24.69,5.0,6.17,0.736,0.174,26.67,12.27,17.79,30.06,29.81,18.18,94.0,0.172,27.0,28.72,6.0,6.38,0.479,0.081,39.88,19.01,18.18,37.19,30.36,25.23,41.0,0.257,9.0,21.95,6.0,14.63,0.766,0.14300000000000002,22.89,10.22,14.52,24.73,20.24,15.0,5.0,0.0,2.0,40.0,0.0,0.0,0.0,0.0,10.0,4.35,17.39,21.74,28.57,28.57
746061,2024-06-02,2024,656896,R,656641,L,single,False,False,48.0,0.222,11.0,22.92,2.0,4.17,0.538,0.04500000000000001,25.56,12.92,15.73,28.65,31.87,18.97,100.0,0.289,16.0,16.0,7.0,7.0,0.7110000000000001,0.089,21.88,10.45,14.18,24.63,29.33,14.68,66.0,0.186,12.0,18.18,6.0,9.09,0.527,0.068,31.54,15.95,12.06,28.02,35.17,16.0,17.0,0.071,3.0,17.65,3.0,17.65,0.306,0.0,34.29,16.44,15.07,31.51,34.04,11.54
746061,2024-06-02,2024,672640,R,656641,L,strikeout,True,False,24.0,0.217,4.0,16.67,0.0,0.0,0.521,0.087,16.98,10.98,13.41,24.39,52.38,12.9,,,,,,,,,,,,,,,66.0,0.186,12.0,18.18,6.0,9.09,0.527,0.068,31.54,15.95,12.06,28.02,35.17,16.0,17.0,0.071,3.0,17.65,3.0,17.65,0.306,0.0,34.29,16.44,15.07,31.51,34.04,11.54
746061,2024-06-02,2024,641313,R,656641,L,field_out,False,False,64.0,0.254,18.0,28.12,5.0,7.81,0.583,0.017000000000000015,34.69,20.0,12.94,32.94,42.54,19.35,130.0,0.304,27.0,20.77,5.0,3.85,0.7150000000000001,0.08,23.36,13.11,11.89,25.0,33.47,17.65,66.0,0.186,12.0,18.18,6.0,9.09,0.527,0.068,31.54,15.95,12.06,28.02,35.17,16.0,17.0,0.071,3.0,17.65,3.0,17.65,0.306,0.0,34.29,16.44,15.07,31.51,34.04,11.54
746061,2024-06-02,2024,608671,L,686539,R,single,False,False,77.0,0.268,14.0,18.18,4.0,5.19,0.677,0.08399999999999996,12.88,5.56,22.22,27.78,20.29,14.74,256.0,0.269,37.0,14.45,32.0,12.5,0.698,0.064,14.4,5.5,22.1,27.6,16.03,15.16,34.0,0.25,5.0,14.71,5.0,14.71,0.6679999999999999,0.035999999999999976,20.0,9.43,16.04,25.47,26.19,22.73,24.0,0.429,2.0,8.33,3.0,12.5,1.262,0.333,6.45,2.44,19.51,21.95,10.53,7.14
746061,2024-06-02,2024,666969,R,686539,R,field_out,False,False,159.0,0.214,43.0,27.04,10.0,6.29,0.7110000000000001,0.227,36.33,19.02,11.11,30.13,35.36,26.71,480.0,0.245,138.0,28.75,41.0,8.54,0.8260000000000001,0.264,31.65,15.93,13.92,29.85,32.02,21.97,77.0,0.232,22.0,28.57,6.0,7.79,0.544,0.0,33.99,17.05,13.77,30.82,28.48,24.72,27.0,0.095,6.0,22.22,4.0,14.81,0.534,0.143,23.53,10.81,15.32,26.13,33.33,16.22
746061,2024-06-02,2024,641680,L,686539,R,strikeout,True,False,140.0,0.244,28.0,20.0,8.0,5.71,0.637,0.09999999999999998,19.92,10.08,14.07,24.14,31.97,20.29,411.0,0.243,82.0,19.95,33.0,8.03,0.733,0.185,23.06,11.69,13.75,25.44,29.36,17.15,34.0,0.25,5.0,14.71,5.0,14.71,0.6679999999999999,0.035999999999999976,20.0,9.43,16.04,25.47,26.19,22.73,24.0,0.429,2.0,8.33,3.0,12.5,1.262,0.333,6.45,2.44,19.51,21.95,10.53,7.14
746061,2024-06-02,2024,694671,R,686539,R,field_out,False,False,111.0,0.235,23.0,20.72,8.0,7.21,0.562,0.030000000000000027,18.93,8.3,19.57,27.87,23.77,14.94,,,,,,,,,,,,,,,77.0,0.232,22.0,28.57,6.0,7.79,0.544,0.0,33.99,17.05,13.77,30.82,28.48,24.72,27.0,0.095,6.0,22.22,4.0,14.81,0.534,0.143,23.53,10.81,15.32,26.13,33.33,16.22
746061,2024-06-02,2024,660821,L,502085,R,single,False,False,150.0,0.265,32.0,21.33,10.0,6.67,0.7170000000000001,0.125,25.51,13.94,12.64,26.58,36.59,18.82,353.0,0.258,93.0,26.35,36.0,10.2,0.805,0.21,29.33,14.21,14.01,28.21,30.32,20.53,51.0,0.109,20.0,39.22,5.0,9.8,0.37,0.06499999999999999,29.07,11.74,22.54,34.27,25.24,30.3,130.0,0.226,36.0,27.69,14.0,10.77,0.6719999999999999,0.1309999999999999,29.0,12.74,19.01,31.75,30.96,22.64
746061,2024-06-02,2024,667472,R,502085,R,strikeout,True,False,15.0,0.231,5.0,33.33,2.0,13.33,0.5640000000000001,0.0,25.81,11.11,18.06,29.17,28.21,17.86,50.0,0.213,15.0,30.0,2.0,4.0,0.538,0.0849999999999999,23.71,11.79,17.95,29.74,31.82,22.39,56.0,0.239,16.0,28.57,6.0,10.71,0.671,0.08700000000000002,30.59,11.76,21.27,33.03,26.32,26.23,139.0,0.216,42.0,30.22,11.0,7.91,0.6419999999999999,0.1359999999999999,33.2,15.06,18.51,33.58,26.3,26.42
746061,2024-06-02,2024,650559,R,502085,R,grounded_into_double_play,False,False,164.0,0.236,45.0,27.44,15.0,9.15,0.744,0.203,33.83,17.04,13.27,30.32,31.73,23.94,473.0,0.251,107.0,22.62,29.0,6.13,0.717,0.1689999999999999,28.95,14.54,15.93,30.47,34.61,18.71,56.0,0.239,16.0,28.57,6.0,10.71,0.671,0.08700000000000002,30.59,11.76,21.27,33.03,26.32,26.23,139.0,0.216,42.0,30.22,11.0,7.91,0.6419999999999999,0.1359999999999999,33.2,15.06,18.51,33.58,26.3,26.42
746061,2024-06-02,2024,669701,L,572143,R,single,False,False,156.0,0.272,25.0,16.03,14.0,8.97,0.7989999999999999,0.16199999999999998,18.44,8.68,18.36,27.05,24.56,13.02,200.0,0.194,46.0,23.0,19.0,9.5,0.623,0.13,20.71,8.96,19.58,28.54,22.65,15.97,37.0,0.353,6.0,16.22,3.0,8.11,0.817,0.059,27.12,12.31,15.38,27.69,23.53,24.0,,,,,,,,,,,,,,
746061,2024-06-02,2024,663993,L,572143,R,single,False,False,100.0,0.253,20.0,20.0,15.0,15.0,0.731,0.10799999999999998,14.63,5.56,19.68,25.23,25.0,15.15,505.0,0.279,113.0,22.38,69.0,13.66,0.833,0.172,19.81,8.64,15.62,24.26,19.45,16.87,37.0,0.353,6.0,16.22,3.0,8.11,0.817,0.059,27.12,12.31,15.38,27.69,23.53,24.0,,,,,,,,,,,,,,
746061,2024-06-02,2024,665750,L,572143,R,single,False,False,143.0,0.254,23.0,16.08,13.0,9.09,0.73,0.15399999999999997,21.03,10.25,15.67,25.92,29.77,16.55,405.0,0.275,86.0,21.23,25.0,6.17,0.767,0.174,24.9,12.5,15.05,27.55,29.44,18.34,37.0,0.353,6.0,16.22,3.0,8.11,0.817,0.059,27.12,12.31,15.38,27.69,23.53,24.0,,,,,,,,,,,,,,
746061,2024-06-02,2024,543760,R,572143,R,walk,False,True,184.0,0.226,26.0,14.13,15.0,8.15,0.663,0.149,22.12,11.53,12.82,24.35,25.96,17.93,544.0,0.273,77.0,14.15,52.0,9.56,0.8360000000000001,0.2199999999999999,18.01,8.45,14.48,22.93,21.97,13.9,75.0,0.277,14.0,18.67,5.0,6.67,0.652,0.045999999999999985,21.57,12.27,12.27,24.54,28.3,17.95,,,,,,,,,,,,,,
746061,2024-06-02,2024,608369,L,572143,R,strikeout,True,False,159.0,0.295,16.0,10.06,28.0,17.61,0.9710000000000001,0.25500000000000006,18.94,9.16,7.69,16.85,22.3,13.45,370.0,0.333,55.0,14.86,42.0,11.35,1.075,0.334,23.9,12.77,6.35,19.12,27.26,15.8,37.0,0.353,6.0,16.22,3.0,8.11,0.817,0.059,27.12,12.31,15.38,27.69,23.53,24.0,,,,,,,,,,,,,,
746061,2024-06-02,2024,608671,L,572143,R,field_out,False,False,77.0,0.268,14.0,18.18,4.0,5.19,0.677,0.08399999999999996,12.88,5.56,22.22,27.78,20.29,14.74,256.0,0.269,37.0,14.45,32.0,12.5,0.698,0.064,14.4,5.5,22.1,27.6,16.03,15.16,37.0,0.353,6.0,16.22,3.0,8.11,0.817,0.059,27.12,12.31,15.38,27.69,23.53,24.0,,,,,,,,,,,,,,
746061,2024-06-02,2024,666969,R,572143,R,field_out,False,False,159.0,0.214,43.0,27.04,10.0,6.29,0.7110000000000001,0.227,36.33,19.02,11.11,30.13,35.36,26.71,480.0,0.245,138.0,28.75,41.0,8.54,0.8260000000000001,0.264,31.65,15.93,13.92,29.85,32.02,21.97,75.0,0.277,14.0,18.67,5.0,6.67,0.652,0.045999999999999985,21.57,12.27,12.27,24.54,28.3,17.95,,,,,,,,,,,,,,
746061,2024-06-02,2024,669394,R,681982,R,field_out,False,False,107.0,0.25,26.0,24.3,6.0,5.61,0.6799999999999999,0.14,24.6,12.64,17.31,29.95,38.62,26.0,402.0,0.247,112.0,27.86,23.0,5.72,0.8,0.249,34.59,18.69,13.25,31.93,39.43,23.09,36.0,0.294,9.0,25.0,2.0,5.56,0.657,0.030000000000000027,25.45,10.94,21.88,32.81,28.33,32.14,105.0,0.255,20.0,19.05,7.0,6.67,0.648,0.085,19.35,8.8,21.03,29.83,28.5,16.67
746061,2024-06-02,2024,605137,L,681982,R,strikeout,True,False,166.0,0.277,35.0,21.08,10.0,6.02,0.746,0.128,30.19,15.79,11.04,26.83,28.2,23.94,432.0,0.239,93.0,21.53,39.0,9.03,0.6970000000000001,0.148,24.59,11.57,13.95,25.52,28.11,20.58,20.0,0.2,3.0,15.0,4.0,20.0,1.0,0.39999999999999997,27.27,12.0,10.67,22.67,25.0,25.0,50.0,0.326,10.0,20.0,7.0,14.0,1.048,0.302,26.25,10.94,15.62,26.56,23.0,23.26
746061,2024-06-02,2024,665862,L,681982,R,strikeout,True,False,164.0,0.259,39.0,23.78,16.0,9.76,0.784,0.19,28.75,13.24,13.97,27.21,29.89,20.53,290.0,0.275,91.0,31.38,20.0,6.9,0.8540000000000001,0.25,35.14,15.36,16.88,32.24,26.1,27.41,20.0,0.2,3.0,15.0,4.0,20.0,1.0,0.39999999999999997,27.27,12.0,10.67,22.67,25.0,25.0,50.0,0.326,10.0,20.0,7.0,14.0,1.048,0.302,26.25,10.94,15.62,26.56,23.0,23.26
745813,2024-06-02,2024,606466,R,500779,L,home_run,False,False,94.0,0.287,11.0,11.7,6.0,6.38,0.9490000000000001,0.322,20.57,11.54,10.26,21.79,35.42,13.25,199.0,0.313,24.0,12.06,17.0,8.54,0.879,0.184,19.78,9.92,12.91,22.83,31.78,12.7,200.0,0.274,32.0,16.0,17.0,8.5,0.759,0.14499999999999996,20.35,8.92,15.03,23.95,26.62,14.29,263.0,0.268,50.0,19.01,22.0,8.37,0.685,0.0889999999999999,22.49,10.13,16.62,26.75,30.68,16.23
745813,2024-06-02,2024,682998,L,500779,L,field_out,False,False,85.0,0.218,18.0,21.18,4.0,4.71,0.5529999999999999,0.06399999999999997,21.85,10.09,19.57,29.66,32.93,19.15,174.0,0.283,20.0,11.49,11.0,6.32,0.7210000000000001,0.099,19.57,8.84,18.17,27.0,25.0,14.71,53.0,0.255,7.0,13.21,1.0,1.89,0.838,0.31399999999999995,13.1,6.21,17.51,23.73,26.51,17.5,57.0,0.222,10.0,17.54,2.0,3.51,0.639,0.167,17.82,8.41,17.76,26.17,27.55,14.29
745813,2024-06-02,2024,666971,R,500779,L,home_run,False,False,69.0,0.333,12.0,17.39,3.0,4.35,0.862,0.16699999999999998,21.9,11.24,15.36,26.59,37.04,13.95,160.0,0.301,18.0,11.25,12.0,7.5,0.8140000000000001,0.151,14.39,6.67,17.26,23.93,28.33,12.16,200.0,0.274,32.0,16.0,17.0,8.5,0.759,0.14499999999999996,20.35,8.92,15.03,23.95,26.62,14.29,263.0,0.268,50.0,19.01,22.0,8.37,0.685,0.0889999999999999,22.49,10.13,16.62,26.75,30.68,16.23
745813,2024-06-02,2024,572233,R,500779,L,field_out,False,False,70.0,0.29,21.0,30.0,7.0,10.0,0.825,0.17800000000000005,31.69,14.85,15.84,30.69,24.0,20.19,168.0,0.255,32.0,19.05,20.0,11.9,0.922,0.3189999999999999,27.22,12.57,12.85,25.42,24.16,14.55,200.0,0.274,32.0,16.0,17.0,8.5,0.759,0.14499999999999996,20.35,8.92,15.03,23.95,26.62,14.29,263.0,0.268,50.0,19.01,22.0,8.37,0.685,0.0889999999999999,22.49,10.13,16.62,26.75,30.68,16.23
745813,2024-06-02,2024,545341,R,500779,L,field_out,False,False,68.0,0.317,7.0,10.29,5.0,7.35,0.768,0.08300000000000002,18.97,8.91,16.6,25.51,29.69,11.48,134.0,0.328,17.0,12.69,12.0,8.96,0.995,0.2789999999999999,21.25,10.26,14.29,24.55,32.84,12.78,200.0,0.274,32.0,16.0,17.0,8.5,0.759,0.14499999999999996,20.35,8.92,15.03,23.95,26.62,14.29,263.0,0.268,50.0,19.01,22.0,8.37,0.685,0.0889999999999999,22.49,10.13,16.62,26.75,30.68,16.23
745813,2024-06-02,2024,596019,L,694297,R,field_out,False,False,206.0,0.227,40.0,19.42,15.0,7.28,0.6819999999999999,0.162,24.23,11.91,14.83,26.74,25.14,17.62,483.0,0.242,102.0,21.12,51.0,10.56,0.757,0.182,23.68,11.49,14.35,25.84,28.12,17.29,142.0,0.29,26.0,18.31,7.0,4.93,0.795,0.17600000000000005,20.5,9.55,17.93,27.49,28.63,17.93,196.0,0.273,43.0,21.94,16.0,8.16,0.867,0.261,23.08,10.53,17.04,27.57,23.51,19.2
745813,2024-06-02,2024,624413,R,694297,R,field_out,False,False,191.0,0.246,34.0,17.8,16.0,8.38,0.778,0.21600000000000003,20.87,9.37,19.72,29.09,28.99,17.28,475.0,0.214,109.0,22.95,44.0,9.26,0.8069999999999999,0.281,26.53,11.43,18.24,29.67,27.59,22.11,133.0,0.173,37.0,27.82,5.0,3.76,0.494,0.10999999999999999,27.31,14.49,16.33,30.82,31.53,24.34,226.0,0.29,51.0,22.57,10.0,4.42,0.857,0.243,26.58,13.96,15.98,29.94,34.54,19.92
745813,2024-06-02,2024,607043,L,694297,R,strikeout,True,False,183.0,0.205,47.0,25.68,32.0,17.49,0.715,0.151,24.78,10.2,16.69,26.89,20.47,17.28,448.0,0.266,98.0,21.88,60.0,13.39,0.874,0.235,20.87,8.67,19.47,28.14,19.23,16.42,142.0,0.29,26.0,18.31,7.0,4.93,0.795,0.17600000000000005,20.5,9.55,17.93,27.49,28.63,17.93,196.0,0.273,43.0,21.94,16.0,8.16,0.867,0.261,23.08,10.53,17.04,27.57,23.51,19.2
745813,2024-06-02,2024,553993,R,500779,L,walk,False,True,66.0,0.232,22.0,33.33,7.0,10.61,0.622,0.07199999999999998,30.43,12.73,19.27,32.0,21.74,28.21,158.0,0.252,53.0,33.54,22.0,13.92,0.743,0.13,34.48,14.75,15.49,30.24,22.05,25.0,200.0,0.274,32.0,16.0,17.0,8.5,0.759,0.14499999999999996,20.35,8.92,15.03,23.95,26.62,14.29,263.0,0.268,50.0,19.01,22.0,8.37,0.685,0.0889999999999999,22.49,10.13,16.62,26.75,30.68,16.23
745813,2024-06-02,2024,677942,R,500779,L,double,False,False,59.0,0.34,16.0,27.12,6.0,10.17,0.9159999999999999,0.16899999999999998,23.93,12.02,12.88,24.89,20.69,20.51,,,,,,,,,,,,,,,200.0,0.274,32.0,16.0,17.0,8.5,0.759,0.14499999999999996,20.35,8.92,15.03,23.95,26.62,14.29,263.0,0.268,50.0,19.01,22.0,8.37,0.685,0.0889999999999999,22.49,10.13,16.62,26.75,30.68,16.23
745813,2024-06-02,2024,621028,R,500779,L,field_out,False,False,53.0,0.269,6.0,11.32,1.0,1.89,0.706,0.15399999999999997,10.0,5.46,15.3,20.77,34.48,12.24,110.0,0.278,16.0,14.55,10.0,9.09,0.813,0.186,14.21,6.42,19.26,25.68,27.4,13.79,200.0,0.274,32.0,16.0,17.0,8.5,0.759,0.14499999999999996,20.35,8.92,15.03,23.95,26.62,14.29,263.0,0.268,50.0,19.01,22.0,8.37,0.685,0.0889999999999999,22.49,10.13,16.62,26.75,30.68,16.23
745813,2024-06-02,2024,571466,L,500779,L,field_out,False,False,18.0,0.125,6.0,33.33,1.0,5.56,0.364,0.063,39.29,16.67,24.24,40.91,32.35,35.29,17.0,0.267,9.0,52.94,2.0,11.76,0.753,0.133,31.03,13.64,25.76,39.39,27.59,39.13,53.0,0.255,7.0,13.21,1.0,1.89,0.838,0.31399999999999995,13.1,6.21,17.51,23.73,26.51,17.5,57.0,0.222,10.0,17.54,2.0,3.51,0.639,0.167,17.82,8.41,17.76,26.17,27.55,14.29
745813,2024-06-02,2024,606466,R,500779,L,hit_by_pitch,False,False,94.0,0.287,11.0,11.7,6.0,6.38,0.9490000000000001,0.322,20.57,11.54,10.26,21.79,35.42,13.25,199.0,0.313,24.0,12.06,17.0,8.54,0.879,0.184,19.78,9.92,12.91,22.83,31.78,12.7,200.0,0.274,32.0,16.0,17.0,8.5,0.759,0.14499999999999996,20.35,8.92,15.03,23.95,26.62,14.29,263.0,0.268,50.0,19.01,22.0,8.37,0.685,0.0889999999999999,22.49,10.13,16.62,26.75,30.68,16.23
745813,2024-06-02,2024,682998,L,500779,L,field_out,False,False,85.0,0.218,18.0,21.18,4.0,4.71,0.5529999999999999,0.06399999999999997,21.85,10.09,19.57,29.66,32.93,19.15,174.0,0.283,20.0,11.49,11.0,6.32,0.7210000000000001,0.099,19.57,8.84,18.17,27.0,25.0,14.71,53.0,0.255,7.0,13.21,1.0,1.89,0.838,0.31399999999999995,13.1,6.21,17.51,23.73,26.51,17.5,57.0,0.222,10.0,17.54,2.0,3.51,0.639,0.167,17.82,8.41,17.76,26.17,27.55,14.29
745813,2024-06-02,2024,502110,R,694297,R,strikeout,True,False,93.0,0.253,31.0,33.33,5.0,5.38,0.718,0.172,31.88,17.6,12.53,30.13,35.6,22.3,343.0,0.27,106.0,30.9,21.0,6.12,0.8799999999999999,0.2979999999999999,35.71,19.2,12.73,31.93,33.23,24.42,133.0,0.173,37.0,27.82,5.0,3.76,0.494,0.10999999999999999,27.31,14.49,16.33,30.82,31.53,24.34,226.0,0.29,51.0,22.57,10.0,4.42,0.857,0.243,26.58,13.96,15.98,29.94,34.54,19.92
745813,2024-06-02,2024,621466,L,694297,R,strikeout,True,False,111.0,0.205,22.0,19.82,19.0,17.12,0.746,0.18100000000000002,29.07,11.42,16.21,27.63,14.03,19.3,136.0,0.273,43.0,31.62,10.0,7.35,0.92,0.3059999999999999,35.89,18.63,10.49,29.11,25.44,24.85,142.0,0.29,26.0,18.31,7.0,4.93,0.795,0.17600000000000005,20.5,9.55,17.93,27.49,28.63,17.93,196.0,0.273,43.0,21.94,16.0,8.16,0.867,0.261,23.08,10.53,17.04,27.57,23.51,19.2
745813,2024-06-02,2024,668901,R,694297,R,strikeout,True,False,28.0,0.231,6.0,21.43,2.0,7.14,0.748,0.231,37.5,18.56,17.53,36.08,35.42,25.0,145.0,0.209,41.0,28.28,8.0,5.52,0.643,0.172,34.08,18.24,17.03,35.27,36.73,29.93,133.0,0.173,37.0,27.82,5.0,3.76,0.494,0.10999999999999999,27.31,14.49,16.33,30.82,31.53,24.34,226.0,0.29,51.0,22.57,10.0,4.42,0.857,0.243,26.58,13.96,15.98,29.94,34.54,19.92
745813,2024-06-02,2024,666971,R,500779,L,strikeout,True,False,69.0,0.333,12.0,17.39,3.0,4.35,0.862,0.16699999999999998,21.9,11.24,15.36,26.59,37.04,13.95,160.0,0.301,18.0,11.25,12.0,7.5,0.8140000000000001,0.151,14.39,6.67,17.26,23.93,28.33,12.16,200.0,0.274,32.0,16.0,17.0,8.5,0.759,0.14499999999999996,20.35,8.92,15.03,23.95,26.62,14.29,263.0,0.268,50.0,19.01,22.0,8.37,0.685,0.0889999999999999,22.49,10.13,16.62,26.75,30.68,16.23
745813,2024-06-02,2024,572233,R,500779,L,strikeout,True,False,70.0,0.29,21.0,30.0,7.0,10.0,0.825,0.17800000000000005,31.69,14.85,15.84,30.69,24.0,20.19,168.0,0.255,32.0,19.05,20.0,11.9,0.922,0.3189999999999999,27.22,12.57,12.85,25.42,24.16,14.55,200.0,0.274,32.0,16.0,17.0,8.5,0.759,0.14499999999999996,20.35,8.92,15.03,23.95,26.62,14.29,263.0,0.268,50.0,19.01,22.0,8.37,0.685,0.0889999999999999,22.49,10.13,16.62,26.75,30.68,16.23
745813,2024-06-02,2024,545341,R,500779,L,hit_by_pitch,False,False,68.0,0.317,7.0,10.29,5.0,7.35,0.768,0.08300000000000002,18.97,8.91,16.6,25.51,29.69,11.48,134.0,0.328,17.0,12.69,12.0,8.96,0.995,0.2789999999999999,21.25,10.26,14.29,24.55,32.84,12.78,200.0,0.274,32.0,16.0,17.0,8.5,0.759,0.14499999999999996,20.35,8.92,15.03,23.95,26.62,14.29,263.0,0.268,50.0,19.01,22.0,8.37,0.685,0.0889999999999999,22.49,10.13,16.62,26.75,30.68,16.23
745813,2024-06-02,2024,553993,R,500779,L,force_out,False,False,66.0,0.232,22.0,33.33,7.0,10.61,0.622,0.07199999999999998,30.43,12.73,19.27,32.0,21.74,28.21,158.0,0.252,53.0,33.54,22.0,13.92,0.743,0.13,34.48,14.75,15.49,30.24,22.05,25.0,200.0,0.274,32.0,16.0,17.0,8.5,0.759,0.14499999999999996,20.35,8.92,15.03,23.95,26.62,14.29,263.0,0.268,50.0,19.01,22.0,8.37,0.685,0.0889999999999999,22.49,10.13,16.62,26.75,30.68,16.23
745813,2024-06-02,2024,621438,R,694297,R,double,False,False,75.0,0.261,16.0,21.33,4.0,5.33,0.7030000000000001,0.14500000000000002,20.14,9.93,19.18,29.11,28.79,17.78,162.0,0.23,37.0,22.84,6.0,3.7,0.706,0.204,25.24,12.91,16.56,29.47,36.98,19.47,133.0,0.173,37.0,27.82,5.0,3.76,0.494,0.10999999999999999,27.31,14.49,16.33,30.82,31.53,24.34,226.0,0.29,51.0,22.57,10.0,4.42,0.857,0.243,26.58,13.96,15.98,29.94,34.54,19.92
745813,2024-06-02,2024,643446,L,694297,R,field_out,False,False,152.0,0.222,17.0,11.18,14.0,9.21,0.631,0.10400000000000001,13.31,6.97,13.37,20.34,28.63,11.97,447.0,0.26,48.0,10.74,25.0,5.59,0.6930000000000001,0.1149999999999999,14.08,7.59,11.21,18.8,32.05,12.57,142.0,0.29,26.0,18.31,7.0,4.93,0.795,0.17600000000000005,20.5,9.55,17.93,27.49,28.63,17.93,196.0,0.273,43.0,21.94,16.0,8.16,0.867,0.261,23.08,10.53,17.04,27.57,23.51,19.2
745813,2024-06-02,2024,620443,R,694297,R,walk,False,True,,,,,,,,,,,,,,,9.0,0.125,3.0,33.33,0.0,0.0,0.472,0.125,20.0,6.98,20.93,27.91,29.63,25.0,133.0,0.173,37.0,27.82,5.0,3.76,0.494,0.10999999999999999,27.31,14.49,16.33,30.82,31.53,24.34,226.0,0.29,51.0,22.57,10.0,4.42,0.857,0.243,26.58,13.96,15.98,29.94,34.54,19.92
745813,2024-06-02,2024,596019,L,694297,R,field_out,False,False,206.0,0.227,40.0,19.42,15.0,7.28,0.6819999999999999,0.162,24.23,11.91,14.83,26.74,25.14,17.62,483.0,0.242,102.0,21.12,51.0,10.56,0.757,0.182,23.68,11.49,14.35,25.84,28.12,17.29,142.0,0.29,26.0,18.31,7.0,4.93,0.795,0.17600000000000005,20.5,9.55,17.93,27.49,28.63,17.93,196.0,0.273,43.0,21.94,16.0,8.16,0.867,0.261,23.08,10.53,17.04,27.57,23.51,19.2
745813,2024-06-02,2024,624413,R,694297,R,single,False,False,191.0,0.246,34.0,17.8,16.0,8.38,0.778,0.21600000000000003,20.87,9.37,19.72,29.09,28.99,17.28,475.0,0.214,109.0,22.95,44.0,9.26,0.8069999999999999,0.281,26.53,11.43,18.24,29.67,27.59,22.11,133.0,0.173,37.0,27.82,5.0,3.76,0.494,0.10999999999999999,27.31,14.49,16.33,30.82,31.53,24.34,226.0,0.29,51.0,22.57,10.0,4.42,0.857,0.243,26.58,13.96,15.98,29.94,34.54,19.92
745813,2024-06-02,2024,607043,L,694297,R,triple,False,False,183.0,0.205,47.0,25.68,32.0,17.49,0.715,0.151,24.78,10.2,16.69,26.89,20.47,17.28,448.0,0.266,98.0,21.88,60.0,13.39,0.874,0.235,20.87,8.67,19.47,28.14,19.23,16.42,142.0,0.29,26.0,18.31,7.0,4.93,0.795,0.17600000000000005,20.5,9.55,17.93,27.49,28.63,17.93,196.0,0.273,43.0,21.94,16.0,8.16,0.867,0.261,23.08,10.53,17.04,27.57,23.51,19.2
745813,2024-06-02,2024,502110,R,694297,R,triple,False,False,93.0,0.253,31.0,33.33,5.0,5.38,0.718,0.172,31.88,17.6,12.53,30.13,35.6,22.3,343.0,0.27,106.0,30.9,21.0,6.12,0.8799999999999999,0.2979999999999999,35.71,19.2,12.73,31.93,33.23,24.42,133.0,0.173,37.0,27.82,5.0,3.76,0.494,0.10999999999999999,27.31,14.49,16.33,30.82,31.53,24.34,226.0,0.29,51.0,22.57,10.0,4.42,0.857,0.243,26.58,13.96,15.98,29.94,34.54,19.92
745813,2024-06-02,2024,621466,L,694297,R,strikeout,True,False,111.0,0.205,22.0,19.82,19.0,17.12,0.746,0.18100000000000002,29.07,11.42,16.21,27.63,14.03,19.3,136.0,0.273,43.0,31.62,10.0,7.35,0.92,0.3059999999999999,35.89,18.63,10.49,29.11,25.44,24.85,142.0,0.29,26.0,18.31,7.0,4.93,0.795,0.17600000000000005,20.5,9.55,17.93,27.49,28.63,17.93,196.0,0.273,43.0,21.94,16.0,8.16,0.867,0.261,23.08,10.53,17.04,27.57,23.51,19.2
745813,2024-06-02,2024,677942,R,500779,L,strikeout,True,False,59.0,0.34,16.0,27.12,6.0,10.17,0.9159999999999999,0.16899999999999998,23.93,12.02,12.88,24.89,20.69,20.51,,,,,,,,,,,,,,,200.0,0.274,32.0,16.0,17.0,8.5,0.759,0.14499999999999996,20.35,8.92,15.03,23.95,26.62,14.29,263.0,0.268,50.0,19.01,22.0,8.37,0.685,0.0889999999999999,22.49,10.13,16.62,26.75,30.68,16.23
745813,2024-06-02,2024,621028,R,500779,L,single,False,False,53.0,0.269,6.0,11.32,1.0,1.89,0.706,0.15399999999999997,10.0,5.46,15.3,20.77,34.48,12.24,110.0,0.278,16.0,14.55,10.0,9.09,0.813,0.186,14.21,6.42,19.26,25.68,27.4,13.79,200.0,0.274,32.0,16.0,17.0,8.5,0.759,0.14499999999999996,20.35,8.92,15.03,23.95,26.62,14.29,263.0,0.268,50.0,19.01,22.0,8.37,0.685,0.0889999999999999,22.49,10.13,16.62,26.75,30.68,16.23
745813,2024-06-02,2024,571466,L,500779,L,strikeout,True,False,18.0,0.125,6.0,33.33,1.0,5.56,0.364,0.063,39.29,16.67,24.24,40.91,32.35,35.29,17.0,0.267,9.0,52.94,2.0,11.76,0.753,0.133,31.03,13.64,25.76,39.39,27.59,39.13,53.0,0.255,7.0,13.21,1.0,1.89,0.838,0.31399999999999995,13.1,6.21,17.51,23.73,26.51,17.5,57.0,0.222,10.0,17.54,2.0,3.51,0.639,0.167,17.82,8.41,17.76,26.17,27.55,14.29
745813,2024-06-02,2024,606466,R,500779,L,walk,False,True,94.0,0.287,11.0,11.7,6.0,6.38,0.9490000000000001,0.322,20.57,11.54,10.26,21.79,35.42,13.25,199.0,0.313,24.0,12.06,17.0,8.54,0.879,0.184,19.78,9.92,12.91,22.83,31.78,12.7,200.0,0.274,32.0,16.0,17.0,8.5,0.759,0.14499999999999996,20.35,8.92,15.03,23.95,26.62,14.29,263.0,0.268,50.0,19.01,22.0,8.37,0.685,0.0889999999999999,22.49,10.13,16.62,26.75,30.68,16.23
745813,2024-06-02,2024,682998,L,500779,L,walk,False,True,85.0,0.218,18.0,21.18,4.0,4.71,0.5529999999999999,0.06399999999999997,21.85,10.09,19.57,29.66,32.93,19.15,174.0,0.283,20.0,11.49,11.0,6.32,0.7210000000000001,0.099,19.57,8.84,18.17,27.0,25.0,14.71,53.0,0.255,7.0,13.21,1.0,1.89,0.838,0.31399999999999995,13.1,6.21,17.51,23.73,26.51,17.5,57.0,0.222,10.0,17.54,2.0,3.51,0.639,0.167,17.82,8.41,17.76,26.17,27.55,14.29
745813,2024-06-02,2024,666971,R,500779,L,field_out,False,False,69.0,0.333,12.0,17.39,3.0,4.35,0.862,0.16699999999999998,21.9,11.24,15.36,26.59,37.04,13.95,160.0,0.301,18.0,11.25,12.0,7.5,0.8140000000000001,0.151,14.39,6.67,17.26,23.93,28.33,12.16,200.0,0.274,32.0,16.0,17.0,8.5,0.759,0.14499999999999996,20.35,8.92,15.03,23.95,26.62,14.29,263.0,0.268,50.0,19.01,22.0,8.37,0.685,0.0889999999999999,22.49,10.13,16.62,26.75,30.68,16.23
745813,2024-06-02,2024,668901,R,694297,R,walk,False,True,28.0,0.231,6.0,21.43,2.0,7.14,0.748,0.231,37.5,18.56,17.53,36.08,35.42,25.0,145.0,0.209,41.0,28.28,8.0,5.52,0.643,0.172,34.08,18.24,17.03,35.27,36.73,29.93,133.0,0.173,37.0,27.82,5.0,3.76,0.494,0.10999999999999999,27.31,14.49,16.33,30.82,31.53,24.34,226.0,0.29,51.0,22.57,10.0,4.42,0.857,0.243,26.58,13.96,15.98,29.94,34.54,19.92
745813,2024-06-02,2024,621438,R,694297,R,field_out,False,False,75.0,0.261,16.0,21.33,4.0,5.33,0.7030000000000001,0.14500000000000002,20.14,9.93,19.18,29.11,28.79,17.78,162.0,0.23,37.0,22.84,6.0,3.7,0.706,0.204,25.24,12.91,16.56,29.47,36.98,19.47,133.0,0.173,37.0,27.82,5.0,3.76,0.494,0.10999999999999999,27.31,14.49,16.33,30.82,31.53,24.34,226.0,0.29,51.0,22.57,10.0,4.42,0.857,0.243,26.58,13.96,15.98,29.94,34.54,19.92
745813,2024-06-02,2024,643446,L,694297,R,grounded_into_double_play,False,False,152.0,0.222,17.0,11.18,14.0,9.21,0.631,0.10400000000000001,13.31,6.97,13.37,20.34,28.63,11.97,447.0,0.26,48.0,10.74,25.0,5.59,0.6930000000000001,0.1149999999999999,14.08,7.59,11.21,18.8,32.05,12.57,142.0,0.29,26.0,18.31,7.0,4.93,0.795,0.17600000000000005,20.5,9.55,17.93,27.49,28.63,17.93,196.0,0.273,43.0,21.94,16.0,8.16,0.867,0.261,23.08,10.53,17.04,27.57,23.51,19.2
745813,2024-06-02,2024,572233,R,673380,R,field_out,False,False,180.0,0.25,39.0,21.67,25.0,13.89,0.834,0.22299999999999998,25.62,12.09,13.39,25.49,25.06,15.35,497.0,0.259,95.0,19.11,42.0,8.45,0.8009999999999999,0.2129999999999999,26.19,12.83,14.15,26.98,26.84,15.33,29.0,0.185,14.0,48.28,1.0,3.45,0.547,0.14800000000000002,43.86,22.73,20.91,43.64,30.43,45.16,,,,,,,,,,,,,,
745813,2024-06-02,2024,545341,R,673380,R,double,False,False,25.0,0.208,5.0,20.0,1.0,4.0,0.615,0.167,27.5,12.5,21.59,34.09,29.55,23.81,338.0,0.244,79.0,23.37,17.0,5.03,0.6950000000000001,0.157,28.73,14.51,15.56,30.06,36.02,21.7,29.0,0.185,14.0,48.28,1.0,3.45,0.547,0.14800000000000002,43.86,22.73,20.91,43.64,30.43,45.16,,,,,,,,,,,,,,
745813,2024-06-02,2024,553993,R,673380,R,strikeout,True,False,161.0,0.197,42.0,26.09,7.0,4.35,0.5680000000000001,0.123,30.1,14.55,15.65,30.2,28.08,22.11,537.0,0.227,161.0,29.98,48.0,8.94,0.706,0.167,32.3,14.54,16.91,31.45,23.96,22.87,29.0,0.185,14.0,48.28,1.0,3.45,0.547,0.14800000000000002,43.86,22.73,20.91,43.64,30.43,45.16,,,,,,,,,,,,,,
745813,2024-06-02,2024,677942,R,673380,R,strikeout,True,False,56.0,0.196,13.0,23.21,5.0,8.93,0.562,0.09799999999999998,27.88,13.62,15.49,29.11,33.94,19.12,,,,,,,,,,,,,,,29.0,0.185,14.0,48.28,1.0,3.45,0.547,0.14800000000000002,43.86,22.73,20.91,43.64,30.43,45.16,,,,,,,,,,,,,,
745813,2024-06-02,2024,620443,R,694297,R,field_out,False,False,,,,,,,,,,,,,,,9.0,0.125,3.0,33.33,0.0,0.0,0.472,0.125,20.0,6.98,20.93,27.91,29.63,25.0,133.0,0.173,37.0,27.82,5.0,3.76,0.494,0.10999999999999999,27.31,14.49,16.33,30.82,31.53,24.34,226.0,0.29,51.0,22.57,10.0,4.42,0.857,0.243,26.58,13.96,15.98,29.94,34.54,19.92
745813,2024-06-02,2024,596019,L,694297,R,field_out,False,False,206.0,0.227,40.0,19.42,15.0,7.28,0.6819999999999999,0.162,24.23,11.91,14.83,26.74,25.14,17.62,483.0,0.242,102.0,21.12,51.0,10.56,0.757,0.182,23.68,11.49,14.35,25.84,28.12,17.29,142.0,0.29,26.0,18.31,7.0,4.93,0.795,0.17600000000000005,20.5,9.55,17.93,27.49,28.63,17.93,196.0,0.273,43.0,21.94,16.0,8.16,0.867,0.261,23.08,10.53,17.04,27.57,23.51,19.2
745813,2024-06-02,2024,624413,R,694297,R,strikeout,True,False,191.0,0.246,34.0,17.8,16.0,8.38,0.778,0.21600000000000003,20.87,9.37,19.72,29.09,28.99,17.28,475.0,0.214,109.0,22.95,44.0,9.26,0.8069999999999999,0.281,26.53,11.43,18.24,29.67,27.59,22.11,133.0,0.173,37.0,27.82,5.0,3.76,0.494,0.10999999999999999,27.31,14.49,16.33,30.82,31.53,24.34,226.0,0.29,51.0,22.57,10.0,4.42,0.857,0.243,26.58,13.96,15.98,29.94,34.54,19.92
745813,2024-06-02,2024,621028,R,673380,R,strikeout,True,False,86.0,0.253,15.0,17.44,6.0,6.98,0.6599999999999999,0.10099999999999998,21.58,9.93,19.54,29.47,24.18,19.23,143.0,0.234,18.0,12.59,7.0,4.9,0.571,0.0549999999999999,15.29,7.27,19.84,27.11,26.2,13.04,29.0,0.185,14.0,48.28,1.0,3.45,0.547,0.14800000000000002,43.86,22.73,20.91,43.64,30.43,45.16,,,,,,,,,,,,,,
745813,2024-06-02,2024,571466,L,664849,L,strikeout,True,False,18.0,0.125,6.0,33.33,1.0,5.56,0.364,0.063,39.29,16.67,24.24,40.91,32.35,35.29,17.0,0.267,9.0,52.94,2.0,11.76,0.753,0.133,31.03,13.64,25.76,39.39,27.59,39.13,2.0,0.5,1.0,50.0,0.0,0.0,1.0,0.0,25.0,8.33,16.67,25.0,0.0,33.33,15.0,0.308,5.0,33.33,1.0,6.67,0.785,0.077,24.0,10.17,25.42,35.59,23.08,29.41
745813,2024-06-02,2024,606466,R,664849,L,double,False,False,94.0,0.287,11.0,11.7,6.0,6.38,0.9490000000000001,0.322,20.57,11.54,10.26,21.79,35.42,13.25,199.0,0.313,24.0,12.06,17.0,8.54,0.879,0.184,19.78,9.92,12.91,22.83,31.78,12.7,17.0,0.071,5.0,29.41,3.0,17.65,0.378,0.072,40.74,16.92,18.46,35.38,41.46,27.78,20.0,0.176,6.0,30.0,1.0,5.0,0.476,0.0,33.33,13.16,21.05,34.21,27.27,26.09
745813,2024-06-02,2024,682998,L,664849,L,field_out,False,False,85.0,0.218,18.0,21.18,4.0,4.71,0.5529999999999999,0.06399999999999997,21.85,10.09,19.57,29.66,32.93,19.15,174.0,0.283,20.0,11.49,11.0,6.32,0.7210000000000001,0.099,19.57,8.84,18.17,27.0,25.0,14.71,2.0,0.5,1.0,50.0,0.0,0.0,1.0,0.0,25.0,8.33,16.67,25.0,0.0,33.33,15.0,0.308,5.0,33.33,1.0,6.67,0.785,0.077,24.0,10.17,25.42,35.59,23.08,29.41
745813,2024-06-02,2024,607043,L,694297,R,field_out,False,False,183.0,0.205,47.0,25.68,32.0,17.49,0.715,0.151,24.78,10.2,16.69,26.89,20.47,17.28,448.0,0.266,98.0,21.88,60.0,13.39,0.874,0.235,20.87,8.67,19.47,28.14,19.23,16.42,142.0,0.29,26.0,18.31,7.0,4.93,0.795,0.17600000000000005,20.5,9.55,17.93,27.49,28.63,17.93,196.0,0.273,43.0,21.94,16.0,8.16,0.867,0.261,23.08,10.53,17.04,27.57,23.51,19.2
745813,2024-06-02,2024,502110,R,694297,R,strikeout,True,False,93.0,0.253,31.0,33.33,5.0,5.38,0.718,0.172,31.88,17.6,12.53,30.13,35.6,22.3,343.0,0.27,106.0,30.9,21.0,6.12,0.8799999999999999,0.2979999999999999,35.71,19.2,12.73,31.93,33.23,24.42,133.0,0.173,37.0,27.82,5.0,3.76,0.494,0.10999999999999999,27.31,14.49,16.33,30.82,31.53,24.34,226.0,0.29,51.0,22.57,10.0,4.42,0.857,0.243,26.58,13.96,15.98,29.94,34.54,19.92
745813,2024-06-02,2024,621466,L,694297,R,single,False,False,111.0,0.205,22.0,19.82,19.0,17.12,0.746,0.18100000000000002,29.07,11.42,16.21,27.63,14.03,19.3,136.0,0.273,43.0,31.62,10.0,7.35,0.92,0.3059999999999999,35.89,18.63,10.49,29.11,25.44,24.85,142.0,0.29,26.0,18.31,7.0,4.93,0.795,0.17600000000000005,20.5,9.55,17.93,27.49,28.63,17.93,196.0,0.273,43.0,21.94,16.0,8.16,0.867,0.261,23.08,10.53,17.04,27.57,23.51,19.2
745813,2024-06-02,2024,668901,R,694297,R,strikeout,True,False,28.0,0.231,6.0,21.43,2.0,7.14,0.748,0.231,37.5,18.56,17.53,36.08,35.42,25.0,145.0,0.209,41.0,28.28,8.0,5.52,0.643,0.172,34.08,18.24,17.03,35.27,36.73,29.93,133.0,0.173,37.0,27.82,5.0,3.76,0.494,0.10999999999999999,27.31,14.49,16.33,30.82,31.53,24.34,226.0,0.29,51.0,22.57,10.0,4.42,0.857,0.243,26.58,13.96,15.98,29.94,34.54,19.92
745813,2024-06-02,2024,666971,R,657585,R,strikeout,True,False,159.0,0.193,29.0,18.24,8.0,5.03,0.546,0.11399999999999999,19.93,10.12,15.75,25.87,31.29,16.29,433.0,0.247,85.0,19.63,21.0,4.85,0.756,0.22,20.07,9.99,16.64,26.63,31.06,17.82,67.0,0.211,21.0,31.34,8.0,11.94,0.646,0.12200000000000003,40.15,20.23,13.36,33.59,36.13,24.14,61.0,0.333,10.0,16.39,5.0,8.2,0.863,0.13,29.75,14.46,14.46,28.92,26.52,11.36
745813,2024-06-02,2024,572233,R,657585,R,strikeout,True,False,180.0,0.25,39.0,21.67,25.0,13.89,0.834,0.22299999999999998,25.62,12.09,13.39,25.49,25.06,15.35,497.0,0.259,95.0,19.11,42.0,8.45,0.8009999999999999,0.2129999999999999,26.19,12.83,14.15,26.98,26.84,15.33,67.0,0.211,21.0,31.34,8.0,11.94,0.646,0.12200000000000003,40.15,20.23,13.36,33.59,36.13,24.14,61.0,0.333,10.0,16.39,5.0,8.2,0.863,0.13,29.75,14.46,14.46,28.92,26.52,11.36
745813,2024-06-02,2024,664983,L,657585,R,strikeout,True,False,110.0,0.24,22.0,20.0,10.0,9.09,0.6799999999999999,0.125,21.32,10.22,15.82,26.03,27.01,17.46,230.0,0.255,51.0,22.17,17.0,7.39,0.643,0.072,22.4,11.76,13.9,25.65,32.76,19.39,58.0,0.269,23.0,39.66,6.0,10.34,0.768,0.15399999999999997,37.5,15.79,17.98,33.77,32.56,35.94,27.0,0.167,6.0,22.22,2.0,7.41,0.68,0.291,26.32,15.15,9.09,24.24,38.46,21.43
745813,2024-06-02,2024,621438,R,679885,R,field_out,False,False,75.0,0.261,16.0,21.33,4.0,5.33,0.7030000000000001,0.14500000000000002,20.14,9.93,19.18,29.11,28.79,17.78,162.0,0.23,37.0,22.84,6.0,3.7,0.706,0.204,25.24,12.91,16.56,29.47,36.98,19.47,44.0,0.25,12.0,27.27,8.0,18.18,0.636,0.0,38.82,17.28,17.8,35.08,28.42,17.91,32.0,0.192,9.0,28.12,4.0,12.5,0.6519999999999999,0.1159999999999999,36.73,14.75,17.21,31.97,22.73,33.33
745813,2024-06-02,2024,643446,L,679885,R,field_out,False,False,152.0,0.222,17.0,11.18,14.0,9.21,0.631,0.10400000000000001,13.31,6.97,13.37,20.34,28.63,11.97,447.0,0.26,48.0,10.74,25.0,5.59,0.6930000000000001,0.1149999999999999,14.08,7.59,11.21,18.8,32.05,12.57,33.0,0.103,9.0,27.27,4.0,12.12,0.35,0.03500000000000002,29.69,13.67,15.83,29.5,27.54,20.0,25.0,0.444,5.0,20.0,7.0,28.0,1.4329999999999998,0.3889999999999999,28.89,11.02,13.56,24.58,32.39,14.71
745813,2024-06-02,2024,620443,R,679885,R,field_out,False,False,,,,,,,,,,,,,,,9.0,0.125,3.0,33.33,0.0,0.0,0.472,0.125,20.0,6.98,20.93,27.91,29.63,25.0,44.0,0.25,12.0,27.27,8.0,18.18,0.636,0.0,38.82,17.28,17.8,35.08,28.42,17.91,32.0,0.192,9.0,28.12,4.0,12.5,0.6519999999999999,0.1159999999999999,36.73,14.75,17.21,31.97,22.73,33.33
745813,2024-06-02,2024,592626,L,493603,R,strikeout,True,False,149.0,0.306,34.0,22.82,16.0,10.74,0.921,0.21800000000000003,25.18,11.53,17.37,28.9,27.8,19.65,373.0,0.241,74.0,19.84,49.0,13.14,0.786,0.194,24.13,10.89,15.07,25.96,29.36,16.09,40.0,0.229,11.0,27.5,4.0,10.0,0.839,0.28500000000000003,31.17,15.09,20.13,35.22,36.14,21.15,100.0,0.217,25.0,25.0,15.0,15.0,0.789,0.229,29.28,12.96,16.63,29.58,29.03,21.74
745813,2024-06-02,2024,677942,R,493603,R,field_out,False,False,56.0,0.196,13.0,23.21,5.0,8.93,0.562,0.09799999999999998,27.88,13.62,15.49,29.11,33.94,19.12,,,,,,,,,,,,,,,54.0,0.25,19.0,35.19,4.0,7.41,0.654,0.08300000000000002,24.42,9.95,24.17,34.12,27.18,27.54,161.0,0.203,37.0,22.98,14.0,8.7,0.581,0.072,23.79,9.42,23.0,32.43,25.31,19.89
745813,2024-06-02,2024,621028,R,493603,R,strikeout,True,False,86.0,0.253,15.0,17.44,6.0,6.98,0.6599999999999999,0.10099999999999998,21.58,9.93,19.54,29.47,24.18,19.23,143.0,0.234,18.0,12.59,7.0,4.9,0.571,0.0549999999999999,15.29,7.27,19.84,27.11,26.2,13.04,54.0,0.25,19.0,35.19,4.0,7.41,0.654,0.08300000000000002,24.42,9.95,24.17,34.12,27.18,27.54,161.0,0.203,37.0,22.98,14.0,8.7,0.581,0.072,23.79,9.42,23.0,32.43,25.31,19.89
745813,2024-06-02,2024,596019,L,679885,R,strikeout,True,False,206.0,0.227,40.0,19.42,15.0,7.28,0.6819999999999999,0.162,24.23,11.91,14.83,26.74,25.14,17.62,483.0,0.242,102.0,21.12,51.0,10.56,0.757,0.182,23.68,11.49,14.35,25.84,28.12,17.29,33.0,0.103,9.0,27.27,4.0,12.12,0.35,0.03500000000000002,29.69,13.67,15.83,29.5,27.54,20.0,25.0,0.444,5.0,20.0,7.0,28.0,1.4329999999999998,0.3889999999999999,28.89,11.02,13.56,24.58,32.39,14.71
745813,2024-06-02,2024,624413,R,679885,R,strikeout,True,False,191.0,0.246,34.0,17.8,16.0,8.38,0.778,0.21600000000000003,20.87,9.37,19.72,29.09,28.99,17.28,475.0,0.214,109.0,22.95,44.0,9.26,0.8069999999999999,0.281,26.53,11.43,18.24,29.67,27.59,22.11,44.0,0.25,12.0,27.27,8.0,18.18,0.636,0.0,38.82,17.28,17.8,35.08,28.42,17.91,32.0,0.192,9.0,28.12,4.0,12.5,0.6519999999999999,0.1159999999999999,36.73,14.75,17.21,31.97,22.73,33.33
745813,2024-06-02,2024,607043,L,679885,R,strikeout,True,False,183.0,0.205,47.0,25.68,32.0,17.49,0.715,0.151,24.78,10.2,16.69,26.89,20.47,17.28,448.0,0.266,98.0,21.88,60.0,13.39,0.874,0.235,20.87,8.67,19.47,28.14,19.23,16.42,33.0,0.103,9.0,27.27,4.0,12.12,0.35,0.03500000000000002,29.69,13.67,15.83,29.5,27.54,20.0,25.0,0.444,5.0,20.0,7.0,28.0,1.4329999999999998,0.3889999999999999,28.89,11.02,13.56,24.58,32.39,14.71
745813,2024-06-02,2024,672515,R,518617,L,double,False,False,64.0,0.203,8.0,12.5,5.0,7.81,0.52,0.05099999999999999,16.79,7.72,18.6,26.32,27.21,8.89,116.0,0.352,32.0,27.59,5.0,4.31,0.899,0.176,20.55,9.15,21.54,30.69,27.88,22.38,41.0,0.125,16.0,39.02,8.0,19.51,0.692,0.25,42.47,17.71,17.71,35.43,22.73,27.12,142.0,0.151,39.0,27.46,22.0,15.49,0.524,0.0839999999999999,31.09,13.93,16.61,30.54,24.91,20.31
745813,2024-06-02,2024,606466,R,518617,L,home_run,False,False,94.0,0.287,11.0,11.7,6.0,6.38,0.9490000000000001,0.322,20.57,11.54,10.26,21.79,35.42,13.25,199.0,0.313,24.0,12.06,17.0,8.54,0.879,0.184,19.78,9.92,12.91,22.83,31.78,12.7,41.0,0.125,16.0,39.02,8.0,19.51,0.692,0.25,42.47,17.71,17.71,35.43,22.73,27.12,142.0,0.151,39.0,27.46,22.0,15.49,0.524,0.0839999999999999,31.09,13.93,16.61,30.54,24.91,20.31
745813,2024-06-02,2024,682998,L,518617,L,field_out,False,False,85.0,0.218,18.0,21.18,4.0,4.71,0.5529999999999999,0.06399999999999997,21.85,10.09,19.57,29.66,32.93,19.15,174.0,0.283,20.0,11.49,11.0,6.32,0.7210000000000001,0.099,19.57,8.84,18.17,27.0,25.0,14.71,37.0,0.179,10.0,27.03,6.0,16.22,0.547,0.035,26.23,10.46,20.26,30.72,25.61,22.73,102.0,0.229,25.0,24.51,16.0,15.69,0.663,0.0839999999999999,17.02,5.96,24.07,30.02,20.5,23.81
745813,2024-06-02,2024,666971,R,656887,R,field_out,False,False,159.0,0.193,29.0,18.24,8.0,5.03,0.546,0.11399999999999999,19.93,10.12,15.75,25.87,31.29,16.29,433.0,0.247,85.0,19.63,21.0,4.85,0.756,0.22,20.07,9.99,16.64,26.63,31.06,17.82,43.0,0.2,11.0,25.58,8.0,18.6,0.578,0.028999999999999998,29.33,12.36,21.91,34.27,20.21,20.75,16.0,0.083,6.0,37.5,3.0,18.75,0.417,0.084,31.03,12.33,24.66,36.99,20.0,25.0
745813,2024-06-02,2024,572233,R,656887,R,single,False,False,180.0,0.25,39.0,21.67,25.0,13.89,0.834,0.22299999999999998,25.62,12.09,13.39,25.49,25.06,15.35,497.0,0.259,95.0,19.11,42.0,8.45,0.8009999999999999,0.2129999999999999,26.19,12.83,14.15,26.98,26.84,15.33,43.0,0.2,11.0,25.58,8.0,18.6,0.578,0.028999999999999998,29.33,12.36,21.91,34.27,20.21,20.75,16.0,0.083,6.0,37.5,3.0,18.75,0.417,0.084,31.03,12.33,24.66,36.99,20.0,25.0
745813,2024-06-02,2024,664983,L,656887,R,force_out,False,False,110.0,0.24,22.0,20.0,10.0,9.09,0.6799999999999999,0.125,21.32,10.22,15.82,26.03,27.01,17.46,230.0,0.255,51.0,22.17,17.0,7.39,0.643,0.072,22.4,11.76,13.9,25.65,32.76,19.39,28.0,0.19,10.0,35.71,5.0,17.86,0.571,0.04799999999999999,37.25,15.97,17.65,33.61,24.19,27.78,18.0,0.2,10.0,55.56,3.0,16.67,0.533,0.0,46.67,22.83,15.22,38.04,33.96,25.0
745813,2024-06-02,2024,502110,R,623149,R,field_out,False,False,93.0,0.253,31.0,33.33,5.0,5.38,0.718,0.172,31.88,17.6,12.53,30.13,35.6,22.3,343.0,0.27,106.0,30.9,21.0,6.12,0.8799999999999999,0.2979999999999999,35.71,19.2,12.73,31.93,33.23,24.42,14.0,0.143,4.0,28.57,0.0,0.0,0.5,0.214,21.95,15.52,12.07,27.59,29.41,16.0,129.0,0.214,41.0,31.78,9.0,6.98,0.6060000000000001,0.119,29.35,15.31,15.5,30.81,33.61,22.65
745813,2024-06-02,2024,664056,R,623149,R,strikeout,True,False,115.0,0.29,27.0,23.48,5.0,4.35,0.722,0.09300000000000003,27.84,13.24,21.57,34.8,37.69,24.32,248.0,0.207,45.0,18.15,9.0,3.63,0.504,0.056,25.06,12.41,16.74,29.16,37.02,20.45,14.0,0.143,4.0,28.57,0.0,0.0,0.5,0.214,21.95,15.52,12.07,27.59,29.41,16.0,129.0,0.214,41.0,31.78,9.0,6.98,0.6060000000000001,0.119,29.35,15.31,15.5,30.81,33.61,22.65
745813,2024-06-02,2024,668901,R,623149,R,field_out,False,False,28.0,0.231,6.0,21.43,2.0,7.14,0.748,0.231,37.5,18.56,17.53,36.08,35.42,25.0,145.0,0.209,41.0,28.28,8.0,5.52,0.643,0.172,34.08,18.24,17.03,35.27,36.73,29.93,14.0,0.143,4.0,28.57,0.0,0.0,0.5,0.214,21.95,15.52,12.07,27.59,29.41,16.0,129.0,0.214,41.0,31.78,9.0,6.98,0.6060000000000001,0.119,29.35,15.31,15.5,30.81,33.61,22.65
746632,2024-06-02,2024,657041,R,471911,R,field_out,False,False,83.0,0.158,22.0,26.51,6.0,7.23,0.493,0.11800000000000002,22.46,9.51,21.17,30.67,21.88,22.45,490.0,0.242,143.0,29.18,23.0,4.69,0.719,0.185,26.09,11.34,20.58,31.92,28.6,24.48,96.0,0.258,15.0,15.62,3.0,3.12,0.819,0.259,22.16,11.17,15.76,26.93,30.11,15.46,230.0,0.327,41.0,17.83,12.0,5.22,0.943,0.2419999999999999,25.4,13.01,14.77,27.78,31.94,14.29
746632,2024-06-02,2024,671277,L,471911,R,field_out,False,False,147.0,0.3,25.0,17.01,7.0,4.76,0.804,0.17099999999999999,22.85,11.69,15.33,27.01,35.42,17.73,355.0,0.268,44.0,12.39,23.0,6.48,0.6950000000000001,0.1129999999999999,17.54,8.86,13.52,22.38,31.84,12.54,102.0,0.287,19.0,18.63,15.0,14.71,0.875,0.196,22.98,9.51,17.22,26.74,23.01,18.81,188.0,0.288,25.0,13.3,26.0,13.83,0.871,0.193,23.78,9.88,15.43,25.3,24.54,14.53
746632,2024-06-02,2024,608385,L,471911,R,strikeout,True,False,150.0,0.254,31.0,20.67,18.0,12.0,0.788,0.16699999999999998,23.55,10.16,16.88,27.03,19.93,14.62,184.0,0.2,46.0,25.0,24.0,13.04,0.5660000000000001,0.0449999999999999,25.91,11.04,17.01,28.05,20.4,17.9,102.0,0.287,19.0,18.63,15.0,14.71,0.875,0.196,22.98,9.51,17.22,26.74,23.01,18.81,188.0,0.288,25.0,13.3,26.0,13.83,0.871,0.193,23.78,9.88,15.43,25.3,24.54,14.53
746632,2024-06-02,2024,680757,L,663623,R,strikeout,True,False,108.0,0.34,8.0,7.41,9.0,8.33,0.897,0.15499999999999997,7.69,3.19,22.6,25.8,18.48,7.14,494.0,0.272,52.0,10.53,50.0,10.12,0.73,0.1119999999999999,10.22,4.19,22.03,26.23,20.67,8.84,135.0,0.26,26.0,19.26,10.0,7.41,0.765,0.179,21.54,10.41,15.06,25.46,24.89,15.76,286.0,0.274,48.0,16.78,30.0,10.49,0.853,0.2219999999999999,16.95,7.84,17.16,25.0,24.68,13.01
746632,2024-06-02,2024,671289,R,663623,R,field_out,False,False,143.0,0.242,20.0,13.99,9.0,6.29,0.6890000000000001,0.121,16.81,7.83,18.79,26.61,28.85,15.75,89.0,0.266,17.0,19.1,6.0,6.74,0.656,0.076,20.13,9.22,18.73,27.95,29.94,17.0,117.0,0.191,28.0,23.93,1.0,0.85,0.527,0.131,22.58,10.89,18.89,29.78,28.06,19.29,244.0,0.233,51.0,20.9,24.0,9.84,0.6719999999999999,0.1189999999999999,19.25,7.79,20.22,28.01,20.24,17.11
746632,2024-06-02,2024,608070,L,663623,R,field_out,False,False,171.0,0.248,18.0,10.53,12.0,7.02,0.8260000000000001,0.274,13.95,6.79,14.14,20.93,30.81,8.61,461.0,0.302,48.0,10.41,54.0,11.71,0.863,0.179,15.4,6.98,13.91,20.89,28.02,10.17,135.0,0.26,26.0,19.26,10.0,7.41,0.765,0.179,21.54,10.41,15.06,25.46,24.89,15.76,286.0,0.274,48.0,16.78,30.0,10.49,0.853,0.2219999999999999,16.95,7.84,17.16,25.0,24.68,13.01
746632,2024-06-02,2024,660688,L,471911,R,single,False,False,106.0,0.21,14.0,13.21,3.0,2.83,0.5549999999999999,0.1,12.99,6.42,18.72,25.14,32.37,16.09,403.0,0.249,48.0,11.91,25.0,6.2,0.712,0.1629999999999999,14.96,7.67,15.92,23.59,36.49,14.77,102.0,0.287,19.0,18.63,15.0,14.71,0.875,0.196,22.98,9.51,17.22,26.74,23.01,18.81,188.0,0.288,25.0,13.3,26.0,13.83,0.871,0.193,23.78,9.88,15.43,25.3,24.54,14.53
746632,2024-06-02,2024,669222,R,471911,R,strikeout,True,False,99.0,0.217,27.0,27.27,14.0,14.14,0.698,0.144,29.19,12.7,17.3,30.0,21.23,28.42,205.0,0.164,51.0,24.88,18.0,8.78,0.497,0.093,25.27,12.43,15.64,28.07,26.72,23.15,96.0,0.258,15.0,15.62,3.0,3.12,0.819,0.259,22.16,11.17,15.76,26.93,30.11,15.46,230.0,0.327,41.0,17.83,12.0,5.22,0.943,0.2419999999999999,25.4,13.01,14.77,27.78,31.94,14.29
746632,2024-06-02,2024,592696,L,471911,R,double,False,False,145.0,0.169,39.0,26.9,9.0,6.21,0.596,0.206,29.49,15.24,15.06,30.3,36.39,21.55,449.0,0.258,104.0,23.16,29.0,6.46,0.762,0.199,29.98,17.01,12.43,29.45,43.87,20.59,102.0,0.287,19.0,18.63,15.0,14.71,0.875,0.196,22.98,9.51,17.22,26.74,23.01,18.81,188.0,0.288,25.0,13.3,26.0,13.83,0.871,0.193,23.78,9.88,15.43,25.3,24.54,14.53
746632,2024-06-02,2024,608841,R,471911,R,double,False,False,148.0,0.262,27.0,18.24,11.0,7.43,0.66,0.07600000000000001,20.71,10.41,13.11,23.52,27.6,16.88,471.0,0.268,97.0,20.59,28.0,5.94,0.7030000000000001,0.12,23.85,11.18,18.94,30.12,30.48,17.38,96.0,0.258,15.0,15.62,3.0,3.12,0.819,0.259,22.16,11.17,15.76,26.93,30.11,15.46,230.0,0.327,41.0,17.83,12.0,5.22,0.943,0.2419999999999999,25.4,13.01,14.77,27.78,31.94,14.29
746632,2024-06-02,2024,608336,L,471911,R,strikeout,True,False,95.0,0.169,40.0,42.11,15.0,15.79,0.683,0.19499999999999998,45.4,19.22,16.06,35.28,22.33,31.01,273.0,0.177,118.0,43.22,40.0,14.65,0.748,0.271,44.52,21.12,11.99,33.11,25.82,30.1,102.0,0.287,19.0,18.63,15.0,14.71,0.875,0.196,22.98,9.51,17.22,26.74,23.01,18.81,188.0,0.288,25.0,13.3,26.0,13.83,0.871,0.193,23.78,9.88,15.43,25.3,24.54,14.53
746632,2024-06-02,2024,545121,L,471911,R,single,False,False,70.0,0.232,5.0,7.14,9.0,12.86,0.642,0.07199999999999998,10.42,4.02,21.69,25.7,21.71,8.62,179.0,0.226,11.0,6.15,15.0,8.38,0.58,0.0629999999999999,13.38,5.9,20.34,26.24,25.61,7.28,102.0,0.287,19.0,18.63,15.0,14.71,0.875,0.196,22.98,9.51,17.22,26.74,23.01,18.81,188.0,0.288,25.0,13.3,26.0,13.83,0.871,0.193,23.78,9.88,15.43,25.3,24.54,14.53
746632,2024-06-02,2024,657041,R,471911,R,single,False,False,83.0,0.158,22.0,26.51,6.0,7.23,0.493,0.11800000000000002,22.46,9.51,21.17,30.67,21.88,22.45,490.0,0.242,143.0,29.18,23.0,4.69,0.719,0.185,26.09,11.34,20.58,31.92,28.6,24.48,96.0,0.258,15.0,15.62,3.0,3.12,0.819,0.259,22.16,11.17,15.76,26.93,30.11,15.46,230.0,0.327,41.0,17.83,12.0,5.22,0.943,0.2419999999999999,25.4,13.01,14.77,27.78,31.94,14.29
746632,2024-06-02,2024,671277,L,471911,R,field_out,False,False,147.0,0.3,25.0,17.01,7.0,4.76,0.804,0.17099999999999999,22.85,11.69,15.33,27.01,35.42,17.73,355.0,0.268,44.0,12.39,23.0,6.48,0.6950000000000001,0.1129999999999999,17.54,8.86,13.52,22.38,31.84,12.54,102.0,0.287,19.0,18.63,15.0,14.71,0.875,0.196,22.98,9.51,17.22,26.74,23.01,18.81,188.0,0.288,25.0,13.3,26.0,13.83,0.871,0.193,23.78,9.88,15.43,25.3,24.54,14.53
746632,2024-06-02,2024,647304,L,663623,R,strikeout,True,False,162.0,0.239,20.0,12.35,18.0,11.11,0.8400000000000001,0.268,19.86,10.23,8.82,19.05,31.42,14.08,348.0,0.311,53.0,15.23,25.0,7.18,0.851,0.184,21.29,11.96,9.18,21.15,41.36,16.99,135.0,0.26,26.0,19.26,10.0,7.41,0.765,0.179,21.54,10.41,15.06,25.46,24.89,15.76,286.0,0.274,48.0,16.78,30.0,10.49,0.853,0.2219999999999999,16.95,7.84,17.16,25.0,24.68,13.01
746632,2024-06-02,2024,686823,L,663623,R,single,False,False,147.0,0.233,19.0,12.93,11.0,7.48,0.675,0.143,18.84,10.1,11.65,21.75,34.11,15.7,369.0,0.279,45.0,12.2,14.0,3.79,0.6930000000000001,0.0999999999999999,17.97,10.23,12.48,22.71,38.5,12.47,135.0,0.26,26.0,19.26,10.0,7.41,0.765,0.179,21.54,10.41,15.06,25.46,24.89,15.76,286.0,0.274,48.0,16.78,30.0,10.49,0.853,0.2219999999999999,16.95,7.84,17.16,25.0,24.68,13.01
746632,2024-06-02,2024,672356,R,663623,R,double,False,False,77.0,0.164,23.0,29.87,2.0,2.6,0.455,0.096,34.94,21.56,9.67,31.23,40.48,27.06,226.0,0.275,59.0,26.11,18.0,7.96,0.791,0.184,33.96,18.84,11.28,30.12,32.38,20.14,117.0,0.191,28.0,23.93,1.0,0.85,0.527,0.131,22.58,10.89,18.89,29.78,28.06,19.29,244.0,0.233,51.0,20.9,24.0,9.84,0.6719999999999999,0.1189999999999999,19.25,7.79,20.22,28.01,20.24,17.11
746632,2024-06-02,2024,666310,L,663623,R,field_out,False,False,123.0,0.173,42.0,34.15,11.0,8.94,0.507,0.08200000000000002,30.86,14.26,17.3,31.56,26.67,23.12,180.0,0.243,40.0,22.22,26.0,14.44,0.852,0.257,22.79,10.11,14.03,24.15,23.6,16.67,135.0,0.26,26.0,19.26,10.0,7.41,0.765,0.179,21.54,10.41,15.06,25.46,24.89,15.76,286.0,0.274,48.0,16.78,30.0,10.49,0.853,0.2219999999999999,16.95,7.84,17.16,25.0,24.68,13.01
746632,2024-06-02,2024,682177,L,663623,R,double,False,False,,,,,,,,,,,,,,,,,,,,,,,,,,,,,135.0,0.26,26.0,19.26,10.0,7.41,0.765,0.179,21.54,10.41,15.06,25.46,24.89,15.76,286.0,0.274,48.0,16.78,30.0,10.49,0.853,0.2219999999999999,16.95,7.84,17.16,25.0,24.68,13.01
746632,2024-06-02,2024,677587,L,663623,R,strikeout,True,False,126.0,0.238,18.0,14.29,18.0,14.29,0.657,0.067,22.65,10.56,14.94,25.5,27.88,11.54,53.0,0.3,12.0,22.64,2.0,3.77,0.7010000000000001,0.08,28.07,15.31,15.79,31.1,41.59,17.39,135.0,0.26,26.0,19.26,10.0,7.41,0.765,0.179,21.54,10.41,15.06,25.46,24.89,15.76,286.0,0.274,48.0,16.78,30.0,10.49,0.853,0.2219999999999999,16.95,7.84,17.16,25.0,24.68,13.01
746632,2024-06-02,2024,608385,L,471911,R,strikeout,True,False,150.0,0.254,31.0,20.67,18.0,12.0,0.788,0.16699999999999998,23.55,10.16,16.88,27.03,19.93,14.62,184.0,0.2,46.0,25.0,24.0,13.04,0.5660000000000001,0.0449999999999999,25.91,11.04,17.01,28.05,20.4,17.9,102.0,0.287,19.0,18.63,15.0,14.71,0.875,0.196,22.98,9.51,17.22,26.74,23.01,18.81,188.0,0.288,25.0,13.3,26.0,13.83,0.871,0.193,23.78,9.88,15.43,25.3,24.54,14.53
746632,2024-06-02,2024,660688,L,471911,R,strikeout,True,False,106.0,0.21,14.0,13.21,3.0,2.83,0.5549999999999999,0.1,12.99,6.42,18.72,25.14,32.37,16.09,403.0,0.249,48.0,11.91,25.0,6.2,0.712,0.1629999999999999,14.96,7.67,15.92,23.59,36.49,14.77,102.0,0.287,19.0,18.63,15.0,14.71,0.875,0.196,22.98,9.51,17.22,26.74,23.01,18.81,188.0,0.288,25.0,13.3,26.0,13.83,0.871,0.193,23.78,9.88,15.43,25.3,24.54,14.53
746632,2024-06-02,2024,669222,R,471911,R,double,False,False,99.0,0.217,27.0,27.27,14.0,14.14,0.698,0.144,29.19,12.7,17.3,30.0,21.23,28.42,205.0,0.164,51.0,24.88,18.0,8.78,0.497,0.093,25.27,12.43,15.64,28.07,26.72,23.15,96.0,0.258,15.0,15.62,3.0,3.12,0.819,0.259,22.16,11.17,15.76,26.93,30.11,15.46,230.0,0.327,41.0,17.83,12.0,5.22,0.943,0.2419999999999999,25.4,13.01,14.77,27.78,31.94,14.29
746632,2024-06-02,2024,592696,L,471911,R,field_out,False,False,145.0,0.169,39.0,26.9,9.0,6.21,0.596,0.206,29.49,15.24,15.06,30.3,36.39,21.55,449.0,0.258,104.0,23.16,29.0,6.46,0.762,0.199,29.98,17.01,12.43,29.45,43.87,20.59,102.0,0.287,19.0,18.63,15.0,14.71,0.875,0.196,22.98,9.51,17.22,26.74,23.01,18.81,188.0,0.288,25.0,13.3,26.0,13.83,0.871,0.193,23.78,9.88,15.43,25.3,24.54,14.53
746632,2024-06-02,2024,680757,L,663623,R,field_out,False,False,108.0,0.34,8.0,7.41,9.0,8.33,0.897,0.15499999999999997,7.69,3.19,22.6,25.8,18.48,7.14,494.0,0.272,52.0,10.53,50.0,10.12,0.73,0.1119999999999999,10.22,4.19,22.03,26.23,20.67,8.84,135.0,0.26,26.0,19.26,10.0,7.41,0.765,0.179,21.54,10.41,15.06,25.46,24.89,15.76,286.0,0.274,48.0,16.78,30.0,10.49,0.853,0.2219999999999999,16.95,7.84,17.16,25.0,24.68,13.01
746632,2024-06-02,2024,671289,R,663623,R,field_out,False,False,143.0,0.242,20.0,13.99,9.0,6.29,0.6890000000000001,0.121,16.81,7.83,18.79,26.61,28.85,15.75,89.0,0.266,17.0,19.1,6.0,6.74,0.656,0.076,20.13,9.22,18.73,27.95,29.94,17.0,117.0,0.191,28.0,23.93,1.0,0.85,0.527,0.131,22.58,10.89,18.89,29.78,28.06,19.29,244.0,0.233,51.0,20.9,24.0,9.84,0.6719999999999999,0.1189999999999999,19.25,7.79,20.22,28.01,20.24,17.11
746632,2024-06-02,2024,608070,L,663623,R,strikeout,True,False,171.0,0.248,18.0,10.53,12.0,7.02,0.8260000000000001,0.274,13.95,6.79,14.14,20.93,30.81,8.61,461.0,0.302,48.0,10.41,54.0,11.71,0.863,0.179,15.4,6.98,13.91,20.89,28.02,10.17,135.0,0.26,26.0,19.26,10.0,7.41,0.765,0.179,21.54,10.41,15.06,25.46,24.89,15.76,286.0,0.274,48.0,16.78,30.0,10.49,0.853,0.2219999999999999,16.95,7.84,17.16,25.0,24.68,13.01
746632,2024-06-02,2024,608841,R,471911,R,field_out,False,False,148.0,0.262,27.0,18.24,11.0,7.43,0.66,0.07600000000000001,20.71,10.41,13.11,23.52,27.6,16.88,471.0,0.268,97.0,20.59,28.0,5.94,0.7030000000000001,0.12,23.85,11.18,18.94,30.12,30.48,17.38,96.0,0.258,15.0,15.62,3.0,3.12,0.819,0.259,22.16,11.17,15.76,26.93,30.11,15.46,230.0,0.327,41.0,17.83,12.0,5.22,0.943,0.2419999999999999,25.4,13.01,14.77,27.78,31.94,14.29
746632,2024-06-02,2024,608336,L,471911,R,walk,False,True,95.0,0.169,40.0,42.11,15.0,15.79,0.683,0.19499999999999998,45.4,19.22,16.06,35.28,22.33,31.01,273.0,0.177,118.0,43.22,40.0,14.65,0.748,0.271,44.52,21.12,11.99,33.11,25.82,30.1,102.0,0.287,19.0,18.63,15.0,14.71,0.875,0.196,22.98,9.51,17.22,26.74,23.01,18.81,188.0,0.288,25.0,13.3,26.0,13.83,0.871,0.193,23.78,9.88,15.43,25.3,24.54,14.53
746632,2024-06-02,2024,545121,L,471911,R,single,False,False,70.0,0.232,5.0,7.14,9.0,12.86,0.642,0.07199999999999998,10.42,4.02,21.69,25.7,21.71,8.62,179.0,0.226,11.0,6.15,15.0,8.38,0.58,0.0629999999999999,13.38,5.9,20.34,26.24,25.61,7.28,102.0,0.287,19.0,18.63,15.0,14.71,0.875,0.196,22.98,9.51,17.22,26.74,23.01,18.81,188.0,0.288,25.0,13.3,26.0,13.83,0.871,0.193,23.78,9.88,15.43,25.3,24.54,14.53
746632,2024-06-02,2024,657041,R,471911,R,sac_fly,False,False,83.0,0.158,22.0,26.51,6.0,7.23,0.493,0.11800000000000002,22.46,9.51,21.17,30.67,21.88,22.45,490.0,0.242,143.0,29.18,23.0,4.69,0.719,0.185,26.09,11.34,20.58,31.92,28.6,24.48,96.0,0.258,15.0,15.62,3.0,3.12,0.819,0.259,22.16,11.17,15.76,26.93,30.11,15.46,230.0,0.327,41.0,17.83,12.0,5.22,0.943,0.2419999999999999,25.4,13.01,14.77,27.78,31.94,14.29
746632,2024-06-02,2024,671277,L,471911,R,field_out,False,False,147.0,0.3,25.0,17.01,7.0,4.76,0.804,0.17099999999999999,22.85,11.69,15.33,27.01,35.42,17.73,355.0,0.268,44.0,12.39,23.0,6.48,0.6950000000000001,0.1129999999999999,17.54,8.86,13.52,22.38,31.84,12.54,102.0,0.287,19.0,18.63,15.0,14.71,0.875,0.196,22.98,9.51,17.22,26.74,23.01,18.81,188.0,0.288,25.0,13.3,26.0,13.83,0.871,0.193,23.78,9.88,15.43,25.3,24.54,14.53
746632,2024-06-02,2024,647304,L,663623,R,strikeout,True,False,162.0,0.239,20.0,12.35,18.0,11.11,0.8400000000000001,0.268,19.86,10.23,8.82,19.05,31.42,14.08,348.0,0.311,53.0,15.23,25.0,7.18,0.851,0.184,21.29,11.96,9.18,21.15,41.36,16.99,135.0,0.26,26.0,19.26,10.0,7.41,0.765,0.179,21.54,10.41,15.06,25.46,24.89,15.76,286.0,0.274,48.0,16.78,30.0,10.49,0.853,0.2219999999999999,16.95,7.84,17.16,25.0,24.68,13.01
746632,2024-06-02,2024,686823,L,663623,R,walk,False,True,147.0,0.233,19.0,12.93,11.0,7.48,0.675,0.143,18.84,10.1,11.65,21.75,34.11,15.7,369.0,0.279,45.0,12.2,14.0,3.79,0.6930000000000001,0.0999999999999999,17.97,10.23,12.48,22.71,38.5,12.47,135.0,0.26,26.0,19.26,10.0,7.41,0.765,0.179,21.54,10.41,15.06,25.46,24.89,15.76,286.0,0.274,48.0,16.78,30.0,10.49,0.853,0.2219999999999999,16.95,7.84,17.16,25.0,24.68,13.01
746632,2024-06-02,2024,672356,R,663623,R,strikeout,True,False,77.0,0.164,23.0,29.87,2.0,2.6,0.455,0.096,34.94,21.56,9.67,31.23,40.48,27.06,226.0,0.275,59.0,26.11,18.0,7.96,0.791,0.184,33.96,18.84,11.28,30.12,32.38,20.14,117.0,0.191,28.0,23.93,1.0,0.85,0.527,0.131,22.58,10.89,18.89,29.78,28.06,19.29,244.0,0.233,51.0,20.9,24.0,9.84,0.6719999999999999,0.1189999999999999,19.25,7.79,20.22,28.01,20.24,17.11
746632,2024-06-02,2024,666310,L,663623,R,field_out,False,False,123.0,0.173,42.0,34.15,11.0,8.94,0.507,0.08200000000000002,30.86,14.26,17.3,31.56,26.67,23.12,180.0,0.243,40.0,22.22,26.0,14.44,0.852,0.257,22.79,10.11,14.03,24.15,23.6,16.67,135.0,0.26,26.0,19.26,10.0,7.41,0.765,0.179,21.54,10.41,15.06,25.46,24.89,15.76,286.0,0.274,48.0,16.78,30.0,10.49,0.853,0.2219999999999999,16.95,7.84,17.16,25.0,24.68,13.01
746632,2024-06-02,2024,608385,L,656529,L,field_out,False,False,68.0,0.193,21.0,30.88,9.0,13.24,0.625,0.123,22.12,8.65,21.43,30.08,18.02,23.6,13.0,0.182,5.0,38.46,2.0,15.38,0.581,0.091,15.38,6.15,20.0,26.15,7.14,19.23,11.0,0.2,4.0,36.36,0.0,0.0,0.8,0.39999999999999997,31.25,13.51,29.73,43.24,43.75,33.33,81.0,0.28,19.0,23.46,5.0,6.17,0.7210000000000001,0.12,24.82,11.6,16.72,28.33,29.05,30.16
746632,2024-06-02,2024,660688,R,656529,L,field_out,False,False,36.0,0.176,5.0,13.89,1.0,2.78,0.487,0.08900000000000002,10.96,5.8,18.84,24.64,48.0,11.11,159.0,0.289,10.0,6.29,6.0,3.77,0.73,0.114,12.6,6.29,17.14,23.43,36.59,8.85,20.0,0.211,4.0,20.0,1.0,5.0,0.5660000000000001,0.10500000000000001,29.41,15.62,14.06,29.69,38.24,28.57,142.0,0.248,37.0,26.06,13.0,9.15,0.619,0.0539999999999999,28.86,12.59,20.21,32.8,25.09,22.84
746632,2024-06-02,2024,669222,R,656529,L,strikeout,True,False,37.0,0.303,4.0,10.81,4.0,10.81,0.954,0.27299999999999996,16.39,7.19,15.83,23.02,26.76,10.53,126.0,0.347,23.0,18.25,8.0,6.35,1.008,0.272,15.6,7.66,16.89,24.55,26.51,19.66,20.0,0.211,4.0,20.0,1.0,5.0,0.5660000000000001,0.10500000000000001,29.41,15.62,14.06,29.69,38.24,28.57,142.0,0.248,37.0,26.06,13.0,9.15,0.619,0.0539999999999999,28.86,12.59,20.21,32.8,25.09,22.84
746632,2024-06-02,2024,682177,L,663623,R,field_out,False,False,,,,,,,,,,,,,,,,,,,,,,,,,,,,,135.0,0.26,26.0,19.26,10.0,7.41,0.765,0.179,21.54,10.41,15.06,25.46,24.89,15.76,286.0,0.274,48.0,16.78,30.0,10.49,0.853,0.2219999999999999,16.95,7.84,17.16,25.0,24.68,13.01
746632,2024-06-02,2024,677587,L,663623,R,single,False,False,126.0,0.238,18.0,14.29,18.0,14.29,0.657,0.067,22.65,10.56,14.94,25.5,27.88,11.54,53.0,0.3,12.0,22.64,2.0,3.77,0.7010000000000001,0.08,28.07,15.31,15.79,31.1,41.59,17.39,135.0,0.26,26.0,19.26,10.0,7.41,0.765,0.179,21.54,10.41,15.06,25.46,24.89,15.76,286.0,0.274,48.0,16.78,30.0,10.49,0.853,0.2219999999999999,16.95,7.84,17.16,25.0,24.68,13.01
746632,2024-06-02,2024,680757,L,663623,R,single,False,False,108.0,0.34,8.0,7.41,9.0,8.33,0.897,0.15499999999999997,7.69,3.19,22.6,25.8,18.48,7.14,494.0,0.272,52.0,10.53,50.0,10.12,0.73,0.1119999999999999,10.22,4.19,22.03,26.23,20.67,8.84,135.0,0.26,26.0,19.26,10.0,7.41,0.765,0.179,21.54,10.41,15.06,25.46,24.89,15.76,286.0,0.274,48.0,16.78,30.0,10.49,0.853,0.2219999999999999,16.95,7.84,17.16,25.0,24.68,13.01
746632,2024-06-02,2024,671289,R,663623,R,grounded_into_double_play,False,False,143.0,0.242,20.0,13.99,9.0,6.29,0.6890000000000001,0.121,16.81,7.83,18.79,26.61,28.85,15.75,89.0,0.266,17.0,19.1,6.0,6.74,0.656,0.076,20.13,9.22,18.73,27.95,29.94,17.0,117.0,0.191,28.0,23.93,1.0,0.85,0.527,0.131,22.58,10.89,18.89,29.78,28.06,19.29,244.0,0.233,51.0,20.9,24.0,9.84,0.6719999999999999,0.1189999999999999,19.25,7.79,20.22,28.01,20.24,17.11
746632,2024-06-02,2024,592696,L,656529,L,field_out,False,False,25.0,0.211,4.0,16.0,3.0,12.0,0.515,0.0,28.57,12.9,11.83,24.73,19.61,20.0,67.0,0.233,18.0,26.87,5.0,7.46,0.7030000000000001,0.167,28.57,17.02,12.34,29.36,40.91,20.69,11.0,0.2,4.0,36.36,0.0,0.0,0.8,0.39999999999999997,31.25,13.51,29.73,43.24,43.75,33.33,81.0,0.28,19.0,23.46,5.0,6.17,0.7210000000000001,0.12,24.82,11.6,16.72,28.33,29.05,30.16
746632,2024-06-02,2024,608841,R,656529,L,field_out,False,False,63.0,0.19,14.0,22.22,4.0,6.35,0.478,0.034,21.55,11.11,16.44,27.56,37.74,20.59,188.0,0.291,33.0,17.55,10.0,5.32,0.771,0.143,23.12,11.37,16.16,27.53,33.86,14.29,20.0,0.211,4.0,20.0,1.0,5.0,0.5660000000000001,0.10500000000000001,29.41,15.62,14.06,29.69,38.24,28.57,142.0,0.248,37.0,26.06,13.0,9.15,0.619,0.0539999999999999,28.86,12.59,20.21,32.8,25.09,22.84
746632,2024-06-02,2024,608336,L,656529,L,field_out,False,False,42.0,0.103,22.0,52.38,2.0,4.76,0.372,0.102,41.25,19.3,15.2,34.5,17.11,39.29,59.0,0.18,24.0,40.68,8.0,13.56,0.7050000000000001,0.22,42.99,19.01,15.7,34.71,27.69,30.0,11.0,0.2,4.0,36.36,0.0,0.0,0.8,0.39999999999999997,31.25,13.51,29.73,43.24,43.75,33.33,81.0,0.28,19.0,23.46,5.0,6.17,0.7210000000000001,0.12,24.82,11.6,16.72,28.33,29.05,30.16
746632,2024-06-02,2024,608070,L,663623,R,field_out,False,False,171.0,0.248,18.0,10.53,12.0,7.02,0.8260000000000001,0.274,13.95,6.79,14.14,20.93,30.81,8.61,461.0,0.302,48.0,10.41,54.0,11.71,0.863,0.179,15.4,6.98,13.91,20.89,28.02,10.17,135.0,0.26,26.0,19.26,10.0,7.41,0.765,0.179,21.54,10.41,15.06,25.46,24.89,15.76,286.0,0.274,48.0,16.78,30.0,10.49,0.853,0.2219999999999999,16.95,7.84,17.16,25.0,24.68,13.01
746632,2024-06-02,2024,647304,L,663623,R,field_out,False,False,162.0,0.239,20.0,12.35,18.0,11.11,0.8400000000000001,0.268,19.86,10.23,8.82,19.05,31.42,14.08,348.0,0.311,53.0,15.23,25.0,7.18,0.851,0.184,21.29,11.96,9.18,21.15,41.36,16.99,135.0,0.26,26.0,19.26,10.0,7.41,0.765,0.179,21.54,10.41,15.06,25.46,24.89,15.76,286.0,0.274,48.0,16.78,30.0,10.49,0.853,0.2219999999999999,16.95,7.84,17.16,25.0,24.68,13.01
746632,2024-06-02,2024,686823,L,663623,R,field_out,False,False,147.0,0.233,19.0,12.93,11.0,7.48,0.675,0.143,18.84,10.1,11.65,21.75,34.11,15.7,369.0,0.279,45.0,12.2,14.0,3.79,0.6930000000000001,0.0999999999999999,17.97,10.23,12.48,22.71,38.5,12.47,135.0,0.26,26.0,19.26,10.0,7.41,0.765,0.179,21.54,10.41,15.06,25.46,24.89,15.76,286.0,0.274,48.0,16.78,30.0,10.49,0.853,0.2219999999999999,16.95,7.84,17.16,25.0,24.68,13.01
746632,2024-06-02,2024,545121,L,680704,R,field_out,False,False,70.0,0.232,5.0,7.14,9.0,12.86,0.642,0.07199999999999998,10.42,4.02,21.69,25.7,21.71,8.62,179.0,0.226,11.0,6.15,15.0,8.38,0.58,0.0629999999999999,13.38,5.9,20.34,26.24,25.61,7.28,45.0,0.146,14.0,31.11,1.0,2.22,0.473,0.12200000000000003,39.78,20.0,14.59,34.59,34.23,25.0,73.0,0.145,17.0,23.29,9.0,12.33,0.635,0.226,29.86,13.48,15.36,28.84,22.56,17.0
746632,2024-06-02,2024,657041,R,680704,R,strikeout,True,False,83.0,0.158,22.0,26.51,6.0,7.23,0.493,0.11800000000000002,22.46,9.51,21.17,30.67,21.88,22.45,490.0,0.242,143.0,29.18,23.0,4.69,0.719,0.185,26.09,11.34,20.58,31.92,28.6,24.48,54.0,0.116,14.0,25.93,8.0,14.81,0.487,0.09299999999999999,35.16,15.69,14.71,30.39,22.64,23.73,167.0,0.197,49.0,29.34,15.0,8.98,0.668,0.198,32.92,15.51,16.96,32.46,31.92,23.11
746632,2024-06-02,2024,671277,L,680704,R,field_out,False,False,147.0,0.3,25.0,17.01,7.0,4.76,0.804,0.17099999999999999,22.85,11.69,15.33,27.01,35.42,17.73,355.0,0.268,44.0,12.39,23.0,6.48,0.6950000000000001,0.1129999999999999,17.54,8.86,13.52,22.38,31.84,12.54,45.0,0.146,14.0,31.11,1.0,2.22,0.473,0.12200000000000003,39.78,20.0,14.59,34.59,34.23,25.0,73.0,0.145,17.0,23.29,9.0,12.33,0.635,0.226,29.86,13.48,15.36,28.84,22.56,17.0
746632,2024-06-02,2024,672356,R,676395,L,field_out,False,False,42.0,0.282,14.0,33.33,3.0,7.14,0.718,0.10300000000000004,38.04,23.97,10.27,34.25,43.75,29.17,119.0,0.083,54.0,45.38,10.0,8.4,0.316,0.0649999999999999,44.4,24.39,12.09,36.48,34.85,30.51,41.0,0.324,13.0,31.71,3.0,7.32,0.8069999999999999,0.10799999999999998,22.67,11.18,17.11,28.29,30.56,30.23,76.0,0.246,23.0,30.26,7.0,9.21,0.6639999999999999,0.1019999999999999,26.51,13.41,14.63,28.05,35.12,17.83
746632,2024-06-02,2024,666310,L,676395,L,field_out,False,False,22.0,0.2,10.0,45.45,2.0,9.09,0.623,0.14999999999999997,41.67,18.07,24.1,42.17,36.59,47.62,51.0,0.217,13.0,25.49,4.0,7.84,0.6639999999999999,0.153,18.18,7.96,17.26,25.22,25.23,18.84,38.0,0.242,10.0,26.32,4.0,10.53,0.71,0.15200000000000002,23.29,11.49,20.95,32.43,25.45,19.61,51.0,0.214,10.0,19.61,5.0,9.8,0.608,0.096,20.62,9.9,17.33,27.23,24.72,15.87
746632,2024-06-02,2024,682177,L,676395,L,strikeout,True,False,,,,,,,,,,,,,,,,,,,,,,,,,,,,,38.0,0.242,10.0,26.32,4.0,10.53,0.71,0.15200000000000002,23.29,11.49,20.95,32.43,25.45,19.61,51.0,0.214,10.0,19.61,5.0,9.8,0.608,0.096,20.62,9.9,17.33,27.23,24.72,15.87
746632,2024-06-02,2024,608385,L,682120,L,strikeout,True,False,68.0,0.193,21.0,30.88,9.0,13.24,0.625,0.123,22.12,8.65,21.43,30.08,18.02,23.6,13.0,0.182,5.0,38.46,2.0,15.38,0.581,0.091,15.38,6.15,20.0,26.15,7.14,19.23,36.0,0.097,10.0,27.78,3.0,8.33,0.29700000000000004,0.0,27.78,13.16,19.08,32.24,32.0,18.87,47.0,0.231,14.0,29.79,6.0,12.77,0.666,0.102,32.18,14.07,19.6,33.67,32.04,24.14
746632,2024-06-02,2024,660688,R,682120,L,field_out,False,False,36.0,0.176,5.0,13.89,1.0,2.78,0.487,0.08900000000000002,10.96,5.8,18.84,24.64,48.0,11.11,159.0,0.289,10.0,6.29,6.0,3.77,0.73,0.114,12.6,6.29,17.14,23.43,36.59,8.85,56.0,0.2,12.0,21.43,6.0,10.71,0.546,0.06,27.1,12.5,17.67,30.17,35.34,16.67,74.0,0.308,18.0,24.32,6.0,8.11,0.8240000000000001,0.138,23.87,11.9,13.5,25.4,29.11,18.09
746632,2024-06-02,2024,669222,R,682120,L,walk,False,True,37.0,0.303,4.0,10.81,4.0,10.81,0.954,0.27299999999999996,16.39,7.19,15.83,23.02,26.76,10.53,126.0,0.347,23.0,18.25,8.0,6.35,1.008,0.272,15.6,7.66,16.89,24.55,26.51,19.66,56.0,0.2,12.0,21.43,6.0,10.71,0.546,0.06,27.1,12.5,17.67,30.17,35.34,16.67,74.0,0.308,18.0,24.32,6.0,8.11,0.8240000000000001,0.138,23.87,11.9,13.5,25.4,29.11,18.09
746632,2024-06-02,2024,592696,L,682120,L,pickoff_caught_stealing_2b,False,False,25.0,0.211,4.0,16.0,3.0,12.0,0.515,0.0,28.57,12.9,11.83,24.73,19.61,20.0,67.0,0.233,18.0,26.87,5.0,7.46,0.7030000000000001,0.167,28.57,17.02,12.34,29.36,40.91,20.69,36.0,0.097,10.0,27.78,3.0,8.33,0.29700000000000004,0.0,27.78,13.16,19.08,32.24,32.0,18.87,47.0,0.231,14.0,29.79,6.0,12.77,0.666,0.102,32.18,14.07,19.6,33.67,32.04,24.14
746632,2024-06-02,2024,677587,L,640451,R,field_out,False,False,126.0,0.238,18.0,14.29,18.0,14.29,0.657,0.067,22.65,10.56,14.94,25.5,27.88,11.54,53.0,0.3,12.0,22.64,2.0,3.77,0.7010000000000001,0.08,28.07,15.31,15.79,31.1,41.59,17.39,58.0,0.204,18.0,31.03,3.0,5.17,0.5549999999999999,0.092,28.46,15.42,15.42,30.83,40.71,22.22,105.0,0.245,24.0,22.86,5.0,4.76,0.664,0.143,24.4,12.75,15.75,28.5,34.62,19.83
746632,2024-06-02,2024,680757,L,640451,R,field_out,False,False,108.0,0.34,8.0,7.41,9.0,8.33,0.897,0.15499999999999997,7.69,3.19,22.6,25.8,18.48,7.14,494.0,0.272,52.0,10.53,50.0,10.12,0.73,0.1119999999999999,10.22,4.19,22.03,26.23,20.67,8.84,58.0,0.204,18.0,31.03,3.0,5.17,0.5549999999999999,0.092,28.46,15.42,15.42,30.83,40.71,22.22,105.0,0.245,24.0,22.86,5.0,4.76,0.664,0.143,24.4,12.75,15.75,28.5,34.62,19.83
746632,2024-06-02,2024,671289,R,640451,R,field_out,False,False,143.0,0.242,20.0,13.99,9.0,6.29,0.6890000000000001,0.121,16.81,7.83,18.79,26.61,28.85,15.75,89.0,0.266,17.0,19.1,6.0,6.74,0.656,0.076,20.13,9.22,18.73,27.95,29.94,17.0,56.0,0.192,16.0,28.57,3.0,5.36,0.558,0.11599999999999999,30.53,17.24,13.79,31.03,25.53,18.07,130.0,0.168,43.0,33.08,8.0,6.15,0.517,0.1179999999999999,27.76,13.76,16.05,29.81,27.61,22.75
746632,2024-06-02,2024,592696,L,658648,R,field_out,False,False,145.0,0.169,39.0,26.9,9.0,6.21,0.596,0.206,29.49,15.24,15.06,30.3,36.39,21.55,449.0,0.258,104.0,23.16,29.0,6.46,0.762,0.199,29.98,17.01,12.43,29.45,43.87,20.59,43.0,0.135,14.0,32.56,3.0,6.98,0.375,0.05399999999999999,28.95,12.43,17.51,29.94,31.07,30.43,96.0,0.188,19.0,19.79,14.0,14.58,0.5780000000000001,0.074,21.64,9.25,15.0,24.25,24.89,16.1
746632,2024-06-02,2024,608841,R,658648,R,field_out,False,False,148.0,0.262,27.0,18.24,11.0,7.43,0.66,0.07600000000000001,20.71,10.41,13.11,23.52,27.6,16.88,471.0,0.268,97.0,20.59,28.0,5.94,0.7030000000000001,0.12,23.85,11.18,18.94,30.12,30.48,17.38,73.0,0.297,17.0,23.29,6.0,8.22,0.937,0.26500000000000007,27.41,14.4,12.45,26.85,33.59,22.08,125.0,0.262,35.0,28.0,11.0,8.8,0.743,0.131,34.03,16.36,15.35,31.72,30.53,20.0
746632,2024-06-02,2024,608336,L,658648,R,single,False,False,95.0,0.169,40.0,42.11,15.0,15.79,0.683,0.19499999999999998,45.4,19.22,16.06,35.28,22.33,31.01,273.0,0.177,118.0,43.22,40.0,14.65,0.748,0.271,44.52,21.12,11.99,33.11,25.82,30.1,43.0,0.135,14.0,32.56,3.0,6.98,0.375,0.05399999999999999,28.95,12.43,17.51,29.94,31.07,30.43,96.0,0.188,19.0,19.79,14.0,14.58,0.5780000000000001,0.074,21.64,9.25,15.0,24.25,24.89,16.1
746632,2024-06-02,2024,545121,L,658648,R,field_out,False,False,70.0,0.232,5.0,7.14,9.0,12.86,0.642,0.07199999999999998,10.42,4.02,21.69,25.7,21.71,8.62,179.0,0.226,11.0,6.15,15.0,8.38,0.58,0.0629999999999999,13.38,5.9,20.34,26.24,25.61,7.28,43.0,0.135,14.0,32.56,3.0,6.98,0.375,0.05399999999999999,28.95,12.43,17.51,29.94,31.07,30.43,96.0,0.188,19.0,19.79,14.0,14.58,0.5780000000000001,0.074,21.64,9.25,15.0,24.25,24.89,16.1
746632,2024-06-02,2024,608070,L,640448,R,field_out,False,False,171.0,0.248,18.0,10.53,12.0,7.02,0.8260000000000001,0.274,13.95,6.79,14.14,20.93,30.81,8.61,461.0,0.302,48.0,10.41,54.0,11.71,0.863,0.179,15.4,6.98,13.91,20.89,28.02,10.17,39.0,0.147,14.0,35.9,4.0,10.26,0.555,0.17700000000000002,31.33,15.12,16.86,31.98,28.77,21.88,131.0,0.232,27.0,20.61,17.0,12.98,0.6990000000000001,0.1339999999999999,23.4,10.42,17.23,27.65,20.92,17.09
746632,2024-06-02,2024,647304,L,640448,R,field_out,False,False,162.0,0.239,20.0,12.35,18.0,11.11,0.8400000000000001,0.268,19.86,10.23,8.82,19.05,31.42,14.08,348.0,0.311,53.0,15.23,25.0,7.18,0.851,0.184,21.29,11.96,9.18,21.15,41.36,16.99,39.0,0.147,14.0,35.9,4.0,10.26,0.555,0.17700000000000002,31.33,15.12,16.86,31.98,28.77,21.88,131.0,0.232,27.0,20.61,17.0,12.98,0.6990000000000001,0.1339999999999999,23.4,10.42,17.23,27.65,20.92,17.09
746632,2024-06-02,2024,686823,L,640448,R,single,False,False,147.0,0.233,19.0,12.93,11.0,7.48,0.675,0.143,18.84,10.1,11.65,21.75,34.11,15.7,369.0,0.279,45.0,12.2,14.0,3.79,0.6930000000000001,0.0999999999999999,17.97,10.23,12.48,22.71,38.5,12.47,39.0,0.147,14.0,35.9,4.0,10.26,0.555,0.17700000000000002,31.33,15.12,16.86,31.98,28.77,21.88,131.0,0.232,27.0,20.61,17.0,12.98,0.6990000000000001,0.1339999999999999,23.4,10.42,17.23,27.65,20.92,17.09
746632,2024-06-02,2024,700932,L,640448,R,field_out,False,False,50.0,0.234,14.0,28.0,2.0,4.0,0.642,0.12799999999999997,23.96,11.0,18.18,29.19,23.0,21.54,,,,,,,,,,,,,,,39.0,0.147,14.0,35.9,4.0,10.26,0.555,0.17700000000000002,31.33,15.12,16.86,31.98,28.77,21.88,131.0,0.232,27.0,20.61,17.0,12.98,0.6990000000000001,0.1339999999999999,23.4,10.42,17.23,27.65,20.92,17.09
744929,2024-06-02,2024,457705,R,605135,R,strikeout,True,False,135.0,0.233,34.0,25.19,14.0,10.37,0.702,0.15,30.92,13.51,17.72,31.23,18.21,20.12,312.0,0.254,72.0,23.08,49.0,15.71,0.767,0.137,28.77,12.06,17.2,29.26,17.59,17.52,138.0,0.24,34.0,24.64,10.0,7.25,0.595,0.04799999999999999,21.72,9.58,20.8,30.38,24.81,19.43,425.0,0.208,89.0,20.94,23.0,5.41,0.573,0.102,21.02,10.01,19.18,29.19,29.2,18.62
744929,2024-06-02,2024,668804,L,605135,R,single,False,False,172.0,0.23,34.0,19.77,19.0,11.05,0.6890000000000001,0.145,28.29,12.67,15.02,27.69,24.93,17.62,438.0,0.252,94.0,21.46,45.0,10.27,0.821,0.2309999999999999,28.75,13.22,13.73,26.95,24.9,18.49,123.0,0.292,22.0,17.89,15.0,12.2,0.873,0.199,19.0,8.33,18.06,26.39,23.29,14.1,403.0,0.265,97.0,24.07,36.0,8.93,0.841,0.239,22.76,10.56,17.85,28.41,24.8,20.13
744929,2024-06-02,2024,656582,R,605135,R,hit_by_pitch,False,False,122.0,0.266,25.0,20.49,12.0,9.84,0.748,0.138,24.37,10.46,19.61,30.07,23.32,19.53,279.0,0.235,70.0,25.09,27.0,9.68,0.72,0.166,22.25,8.9,20.93,29.83,20.67,18.23,138.0,0.24,34.0,24.64,10.0,7.25,0.595,0.04799999999999999,21.72,9.58,20.8,30.38,24.81,19.43,425.0,0.208,89.0,20.94,23.0,5.41,0.573,0.102,21.02,10.01,19.18,29.19,29.2,18.62
744929,2024-06-02,2024,665833,L,605135,R,strikeout,True,False,154.0,0.298,51.0,33.12,13.0,8.44,0.861,0.20600000000000002,34.93,15.94,19.38,35.31,36.23,24.29,33.0,0.185,7.0,21.21,5.0,15.15,0.636,0.148,27.69,13.14,15.33,28.47,34.25,17.95,123.0,0.292,22.0,17.89,15.0,12.2,0.873,0.199,19.0,8.33,18.06,26.39,23.29,14.1,403.0,0.265,97.0,24.07,36.0,8.93,0.841,0.239,22.76,10.56,17.85,28.41,24.8,20.13
744929,2024-06-02,2024,663647,R,605135,R,strikeout,True,False,109.0,0.216,21.0,19.27,9.0,8.26,0.542,0.04200000000000001,16.48,7.21,21.14,28.36,25.64,18.26,358.0,0.26,75.0,20.95,22.0,6.15,0.721,0.1559999999999999,21.48,9.63,20.09,29.72,30.19,22.32,138.0,0.24,34.0,24.64,10.0,7.25,0.595,0.04799999999999999,21.72,9.58,20.8,30.38,24.81,19.43,425.0,0.208,89.0,20.94,23.0,5.41,0.573,0.102,21.02,10.01,19.18,29.19,29.2,18.62
744929,2024-06-02,2024,676914,R,682990,R,field_out,False,False,134.0,0.25,34.0,25.37,17.0,12.69,0.821,0.20500000000000002,27.39,10.4,19.14,29.54,18.21,17.17,87.0,0.247,27.0,31.03,11.0,12.64,0.8340000000000001,0.219,37.06,13.98,21.9,35.88,15.66,21.77,52.0,0.255,11.0,21.15,1.0,1.92,0.74,0.21599999999999997,27.18,15.3,14.21,29.51,34.52,22.0,119.0,0.25,22.0,18.49,12.0,10.08,0.773,0.192,23.0,10.18,17.48,27.65,28.32,18.03
744929,2024-06-02,2024,643376,R,682990,R,single,False,False,87.0,0.269,12.0,13.79,9.0,10.34,0.9089999999999999,0.29499999999999993,18.71,7.28,20.73,28.01,20.23,10.48,215.0,0.237,46.0,21.4,16.0,7.44,0.784,0.221,25.13,11.59,15.17,26.76,23.75,20.09,52.0,0.255,11.0,21.15,1.0,1.92,0.74,0.21599999999999997,27.18,15.3,14.21,29.51,34.52,22.0,119.0,0.25,22.0,18.49,12.0,10.08,0.773,0.192,23.0,10.18,17.48,27.65,28.32,18.03
744929,2024-06-02,2024,665489,R,682990,R,force_out,False,False,203.0,0.305,36.0,17.73,25.0,12.32,0.8180000000000001,0.119,23.79,10.97,15.09,26.06,23.54,13.48,558.0,0.26,85.0,15.23,48.0,8.6,0.792,0.2,23.83,12.29,11.94,24.23,30.21,15.37,52.0,0.255,11.0,21.15,1.0,1.92,0.74,0.21599999999999997,27.18,15.3,14.21,29.51,34.52,22.0,119.0,0.25,22.0,18.49,12.0,10.08,0.773,0.192,23.0,10.18,17.48,27.65,28.32,18.03
744929,2024-06-02,2024,666182,R,682990,R,strikeout,True,False,187.0,0.272,29.0,15.51,10.0,5.35,0.726,0.133,21.47,12.28,11.15,23.42,37.58,16.38,496.0,0.303,102.0,20.56,20.0,4.03,0.797,0.161,21.9,12.38,11.73,24.11,38.01,17.91,52.0,0.255,11.0,21.15,1.0,1.92,0.74,0.21599999999999997,27.18,15.3,14.21,29.51,34.52,22.0,119.0,0.25,22.0,18.49,12.0,10.08,0.773,0.192,23.0,10.18,17.48,27.65,28.32,18.03
744929,2024-06-02,2024,693304,R,605135,R,field_out,False,False,50.0,0.349,11.0,22.0,4.0,8.0,0.966,0.20900000000000007,29.09,15.92,11.94,27.86,32.32,17.19,86.0,0.234,21.0,24.42,3.0,3.49,0.638,0.1299999999999999,30.36,15.84,12.11,27.95,27.85,22.11,138.0,0.24,34.0,24.64,10.0,7.25,0.595,0.04799999999999999,21.72,9.58,20.8,30.38,24.81,19.43,425.0,0.208,89.0,20.94,23.0,5.41,0.573,0.102,21.02,10.01,19.18,29.19,29.2,18.62
744929,2024-06-02,2024,642133,L,605135,R,walk,False,True,124.0,0.184,23.0,18.55,8.0,6.45,0.479,0.05299999999999999,22.07,9.42,21.24,30.66,24.14,19.01,300.0,0.223,73.0,24.33,29.0,9.67,0.69,0.173,22.22,8.47,23.11,31.59,24.77,19.95,123.0,0.292,22.0,17.89,15.0,12.2,0.873,0.199,19.0,8.33,18.06,26.39,23.29,14.1,403.0,0.265,97.0,24.07,36.0,8.93,0.841,0.239,22.76,10.56,17.85,28.41,24.8,20.13
744929,2024-06-02,2024,678225,L,605135,R,single,False,False,18.0,0.188,5.0,27.78,2.0,11.11,0.466,0.0,20.51,10.26,12.82,23.08,25.0,17.86,258.0,0.213,61.0,23.64,24.0,9.3,0.609,0.104,22.8,10.63,15.61,26.24,26.36,20.0,123.0,0.292,22.0,17.89,15.0,12.2,0.873,0.199,19.0,8.33,18.06,26.39,23.29,14.1,403.0,0.265,97.0,24.07,36.0,8.93,0.841,0.239,22.76,10.56,17.85,28.41,24.8,20.13
744929,2024-06-02,2024,667428,R,605135,R,strikeout,True,False,3.0,0.0,3.0,100.0,0.0,0.0,0.0,0.0,25.0,16.67,4.17,20.83,41.67,20.0,,,,,,,,,,,,,,,138.0,0.24,34.0,24.64,10.0,7.25,0.595,0.04799999999999999,21.72,9.58,20.8,30.38,24.81,19.43,425.0,0.208,89.0,20.94,23.0,5.41,0.573,0.102,21.02,10.01,19.18,29.19,29.2,18.62
744929,2024-06-02,2024,457705,R,605135,R,hit_by_pitch,False,False,135.0,0.233,34.0,25.19,14.0,10.37,0.702,0.15,30.92,13.51,17.72,31.23,18.21,20.12,312.0,0.254,72.0,23.08,49.0,15.71,0.767,0.137,28.77,12.06,17.2,29.26,17.59,17.52,138.0,0.24,34.0,24.64,10.0,7.25,0.595,0.04799999999999999,21.72,9.58,20.8,30.38,24.81,19.43,425.0,0.208,89.0,20.94,23.0,5.41,0.573,0.102,21.02,10.01,19.18,29.19,29.2,18.62
744929,2024-06-02,2024,668804,L,605135,R,field_out,False,False,172.0,0.23,34.0,19.77,19.0,11.05,0.6890000000000001,0.145,28.29,12.67,15.02,27.69,24.93,17.62,438.0,0.252,94.0,21.46,45.0,10.27,0.821,0.2309999999999999,28.75,13.22,13.73,26.95,24.9,18.49,123.0,0.292,22.0,17.89,15.0,12.2,0.873,0.199,19.0,8.33,18.06,26.39,23.29,14.1,403.0,0.265,97.0,24.07,36.0,8.93,0.841,0.239,22.76,10.56,17.85,28.41,24.8,20.13
744929,2024-06-02,2024,596129,L,682990,R,field_out,False,False,58.0,0.216,14.0,24.14,7.0,12.07,0.663,0.13699999999999998,17.95,5.17,30.63,35.79,19.08,16.87,303.0,0.246,73.0,24.09,41.0,13.53,0.78,0.181,21.0,7.56,23.65,31.21,20.86,18.3,71.0,0.29,6.0,8.45,9.0,12.68,0.88,0.21000000000000002,18.42,8.37,16.73,25.1,22.31,10.17,115.0,0.333,14.0,12.17,15.0,13.04,1.103,0.344,23.66,10.63,14.98,25.6,23.15,14.29
744929,2024-06-02,2024,457759,R,682990,R,field_out,False,False,148.0,0.181,25.0,16.89,18.0,12.16,0.574,0.10199999999999998,21.1,9.92,15.57,25.5,26.35,11.21,462.0,0.273,78.0,16.88,33.0,7.14,0.765,0.1569999999999999,16.44,7.32,17.97,25.29,25.33,12.0,52.0,0.255,11.0,21.15,1.0,1.92,0.74,0.21599999999999997,27.18,15.3,14.21,29.51,34.52,22.0,119.0,0.25,22.0,18.49,12.0,10.08,0.773,0.192,23.0,10.18,17.48,27.65,28.32,18.03
744929,2024-06-02,2024,543807,R,682990,R,field_out,False,False,167.0,0.218,24.0,14.37,18.0,10.78,0.625,0.10200000000000001,22.74,11.37,13.88,25.25,23.94,14.04,539.0,0.262,101.0,18.74,43.0,7.98,0.738,0.1489999999999999,23.18,11.37,14.48,25.84,23.35,18.21,52.0,0.255,11.0,21.15,1.0,1.92,0.74,0.21599999999999997,27.18,15.3,14.21,29.51,34.52,22.0,119.0,0.25,22.0,18.49,12.0,10.08,0.773,0.192,23.0,10.18,17.48,27.65,28.32,18.03
744929,2024-06-02,2024,656582,R,605135,R,single,False,False,122.0,0.266,25.0,20.49,12.0,9.84,0.748,0.138,24.37,10.46,19.61,30.07,23.32,19.53,279.0,0.235,70.0,25.09,27.0,9.68,0.72,0.166,22.25,8.9,20.93,29.83,20.67,18.23,138.0,0.24,34.0,24.64,10.0,7.25,0.595,0.04799999999999999,21.72,9.58,20.8,30.38,24.81,19.43,425.0,0.208,89.0,20.94,23.0,5.41,0.573,0.102,21.02,10.01,19.18,29.19,29.2,18.62
744929,2024-06-02,2024,665833,L,605135,R,field_out,False,False,154.0,0.298,51.0,33.12,13.0,8.44,0.861,0.20600000000000002,34.93,15.94,19.38,35.31,36.23,24.29,33.0,0.185,7.0,21.21,5.0,15.15,0.636,0.148,27.69,13.14,15.33,28.47,34.25,17.95,123.0,0.292,22.0,17.89,15.0,12.2,0.873,0.199,19.0,8.33,18.06,26.39,23.29,14.1,403.0,0.265,97.0,24.07,36.0,8.93,0.841,0.239,22.76,10.56,17.85,28.41,24.8,20.13
744929,2024-06-02,2024,663647,R,605135,R,field_out,False,False,109.0,0.216,21.0,19.27,9.0,8.26,0.542,0.04200000000000001,16.48,7.21,21.14,28.36,25.64,18.26,358.0,0.26,75.0,20.95,22.0,6.15,0.721,0.1559999999999999,21.48,9.63,20.09,29.72,30.19,22.32,138.0,0.24,34.0,24.64,10.0,7.25,0.595,0.04799999999999999,21.72,9.58,20.8,30.38,24.81,19.43,425.0,0.208,89.0,20.94,23.0,5.41,0.573,0.102,21.02,10.01,19.18,29.19,29.2,18.62
744929,2024-06-02,2024,693304,R,605135,R,single,False,False,50.0,0.349,11.0,22.0,4.0,8.0,0.966,0.20900000000000007,29.09,15.92,11.94,27.86,32.32,17.19,86.0,0.234,21.0,24.42,3.0,3.49,0.638,0.1299999999999999,30.36,15.84,12.11,27.95,27.85,22.11,138.0,0.24,34.0,24.64,10.0,7.25,0.595,0.04799999999999999,21.72,9.58,20.8,30.38,24.81,19.43,425.0,0.208,89.0,20.94,23.0,5.41,0.573,0.102,21.02,10.01,19.18,29.19,29.2,18.62
744929,2024-06-02,2024,642133,L,605135,R,single,False,False,124.0,0.184,23.0,18.55,8.0,6.45,0.479,0.05299999999999999,22.07,9.42,21.24,30.66,24.14,19.01,300.0,0.223,73.0,24.33,29.0,9.67,0.69,0.173,22.22,8.47,23.11,31.59,24.77,19.95,123.0,0.292,22.0,17.89,15.0,12.2,0.873,0.199,19.0,8.33,18.06,26.39,23.29,14.1,403.0,0.265,97.0,24.07,36.0,8.93,0.841,0.239,22.76,10.56,17.85,28.41,24.8,20.13
744929,2024-06-02,2024,678225,L,605135,R,field_out,False,False,18.0,0.188,5.0,27.78,2.0,11.11,0.466,0.0,20.51,10.26,12.82,23.08,25.0,17.86,258.0,0.213,61.0,23.64,24.0,9.3,0.609,0.104,22.8,10.63,15.61,26.24,26.36,20.0,123.0,0.292,22.0,17.89,15.0,12.2,0.873,0.199,19.0,8.33,18.06,26.39,23.29,14.1,403.0,0.265,97.0,24.07,36.0,8.93,0.841,0.239,22.76,10.56,17.85,28.41,24.8,20.13
744929,2024-06-02,2024,662139,L,682990,R,double,False,False,159.0,0.19,48.0,30.19,17.0,10.69,0.7350000000000001,0.268,26.62,12.24,15.97,28.21,24.4,24.49,466.0,0.202,111.0,23.82,36.0,7.73,0.662,0.19,25.51,12.84,15.05,27.89,29.23,18.26,71.0,0.29,6.0,8.45,9.0,12.68,0.88,0.21000000000000002,18.42,8.37,16.73,25.1,22.31,10.17,115.0,0.333,14.0,12.17,15.0,13.04,1.103,0.344,23.66,10.63,14.98,25.6,23.15,14.29
744929,2024-06-02,2024,643396,R,682990,R,field_out,False,False,124.0,0.263,18.0,14.52,8.0,6.45,0.7130000000000001,0.14100000000000001,13.17,5.93,21.54,27.47,30.63,14.52,273.0,0.246,54.0,19.78,17.0,6.23,0.6479999999999999,0.1069999999999999,19.6,9.05,20.2,29.25,28.6,15.56,52.0,0.255,11.0,21.15,1.0,1.92,0.74,0.21599999999999997,27.18,15.3,14.21,29.51,34.52,22.0,119.0,0.25,22.0,18.49,12.0,10.08,0.773,0.192,23.0,10.18,17.48,27.65,28.32,18.03
744929,2024-06-02,2024,676914,R,682990,R,strikeout,True,False,134.0,0.25,34.0,25.37,17.0,12.69,0.821,0.20500000000000002,27.39,10.4,19.14,29.54,18.21,17.17,87.0,0.247,27.0,31.03,11.0,12.64,0.8340000000000001,0.219,37.06,13.98,21.9,35.88,15.66,21.77,52.0,0.255,11.0,21.15,1.0,1.92,0.74,0.21599999999999997,27.18,15.3,14.21,29.51,34.52,22.0,119.0,0.25,22.0,18.49,12.0,10.08,0.773,0.192,23.0,10.18,17.48,27.65,28.32,18.03
744929,2024-06-02,2024,643376,R,682990,R,single,False,False,87.0,0.269,12.0,13.79,9.0,10.34,0.9089999999999999,0.29499999999999993,18.71,7.28,20.73,28.01,20.23,10.48,215.0,0.237,46.0,21.4,16.0,7.44,0.784,0.221,25.13,11.59,15.17,26.76,23.75,20.09,52.0,0.255,11.0,21.15,1.0,1.92,0.74,0.21599999999999997,27.18,15.3,14.21,29.51,34.52,22.0,119.0,0.25,22.0,18.49,12.0,10.08,0.773,0.192,23.0,10.18,17.48,27.65,28.32,18.03
744929,2024-06-02,2024,665489,R,682990,R,force_out,False,False,203.0,0.305,36.0,17.73,25.0,12.32,0.8180000000000001,0.119,23.79,10.97,15.09,26.06,23.54,13.48,558.0,0.26,85.0,15.23,48.0,8.6,0.792,0.2,23.83,12.29,11.94,24.23,30.21,15.37,52.0,0.255,11.0,21.15,1.0,1.92,0.74,0.21599999999999997,27.18,15.3,14.21,29.51,34.52,22.0,119.0,0.25,22.0,18.49,12.0,10.08,0.773,0.192,23.0,10.18,17.48,27.65,28.32,18.03
744929,2024-06-02,2024,667428,R,605135,R,field_out,False,False,3.0,0.0,3.0,100.0,0.0,0.0,0.0,0.0,25.0,16.67,4.17,20.83,41.67,20.0,,,,,,,,,,,,,,,138.0,0.24,34.0,24.64,10.0,7.25,0.595,0.04799999999999999,21.72,9.58,20.8,30.38,24.81,19.43,425.0,0.208,89.0,20.94,23.0,5.41,0.573,0.102,21.02,10.01,19.18,29.19,29.2,18.62
744929,2024-06-02,2024,457705,R,605135,R,strikeout,True,False,135.0,0.233,34.0,25.19,14.0,10.37,0.702,0.15,30.92,13.51,17.72,31.23,18.21,20.12,312.0,0.254,72.0,23.08,49.0,15.71,0.767,0.137,28.77,12.06,17.2,29.26,17.59,17.52,138.0,0.24,34.0,24.64,10.0,7.25,0.595,0.04799999999999999,21.72,9.58,20.8,30.38,24.81,19.43,425.0,0.208,89.0,20.94,23.0,5.41,0.573,0.102,21.02,10.01,19.18,29.19,29.2,18.62
744929,2024-06-02,2024,668804,L,605135,R,hit_by_pitch,False,False,172.0,0.23,34.0,19.77,19.0,11.05,0.6890000000000001,0.145,28.29,12.67,15.02,27.69,24.93,17.62,438.0,0.252,94.0,21.46,45.0,10.27,0.821,0.2309999999999999,28.75,13.22,13.73,26.95,24.9,18.49,123.0,0.292,22.0,17.89,15.0,12.2,0.873,0.199,19.0,8.33,18.06,26.39,23.29,14.1,403.0,0.265,97.0,24.07,36.0,8.93,0.841,0.239,22.76,10.56,17.85,28.41,24.8,20.13
744929,2024-06-02,2024,656582,R,605135,R,strikeout,True,False,122.0,0.266,25.0,20.49,12.0,9.84,0.748,0.138,24.37,10.46,19.61,30.07,23.32,19.53,279.0,0.235,70.0,25.09,27.0,9.68,0.72,0.166,22.25,8.9,20.93,29.83,20.67,18.23,138.0,0.24,34.0,24.64,10.0,7.25,0.595,0.04799999999999999,21.72,9.58,20.8,30.38,24.81,19.43,425.0,0.208,89.0,20.94,23.0,5.41,0.573,0.102,21.02,10.01,19.18,29.19,29.2,18.62
744929,2024-06-02,2024,666182,R,682990,R,field_out,False,False,187.0,0.272,29.0,15.51,10.0,5.35,0.726,0.133,21.47,12.28,11.15,23.42,37.58,16.38,496.0,0.303,102.0,20.56,20.0,4.03,0.797,0.161,21.9,12.38,11.73,24.11,38.01,17.91,52.0,0.255,11.0,21.15,1.0,1.92,0.74,0.21599999999999997,27.18,15.3,14.21,29.51,34.52,22.0,119.0,0.25,22.0,18.49,12.0,10.08,0.773,0.192,23.0,10.18,17.48,27.65,28.32,18.03
744929,2024-06-02,2024,596129,L,682990,R,single,False,False,58.0,0.216,14.0,24.14,7.0,12.07,0.663,0.13699999999999998,17.95,5.17,30.63,35.79,19.08,16.87,303.0,0.246,73.0,24.09,41.0,13.53,0.78,0.181,21.0,7.56,23.65,31.21,20.86,18.3,71.0,0.29,6.0,8.45,9.0,12.68,0.88,0.21000000000000002,18.42,8.37,16.73,25.1,22.31,10.17,115.0,0.333,14.0,12.17,15.0,13.04,1.103,0.344,23.66,10.63,14.98,25.6,23.15,14.29
744929,2024-06-02,2024,457759,R,682990,R,field_out,False,False,148.0,0.181,25.0,16.89,18.0,12.16,0.574,0.10199999999999998,21.1,9.92,15.57,25.5,26.35,11.21,462.0,0.273,78.0,16.88,33.0,7.14,0.765,0.1569999999999999,16.44,7.32,17.97,25.29,25.33,12.0,52.0,0.255,11.0,21.15,1.0,1.92,0.74,0.21599999999999997,27.18,15.3,14.21,29.51,34.52,22.0,119.0,0.25,22.0,18.49,12.0,10.08,0.773,0.192,23.0,10.18,17.48,27.65,28.32,18.03
744929,2024-06-02,2024,543807,R,682990,R,single,False,False,167.0,0.218,24.0,14.37,18.0,10.78,0.625,0.10200000000000001,22.74,11.37,13.88,25.25,23.94,14.04,539.0,0.262,101.0,18.74,43.0,7.98,0.738,0.1489999999999999,23.18,11.37,14.48,25.84,23.35,18.21,52.0,0.255,11.0,21.15,1.0,1.92,0.74,0.21599999999999997,27.18,15.3,14.21,29.51,34.52,22.0,119.0,0.25,22.0,18.49,12.0,10.08,0.773,0.192,23.0,10.18,17.48,27.65,28.32,18.03
744929,2024-06-02,2024,662139,L,682990,R,field_out,False,False,159.0,0.19,48.0,30.19,17.0,10.69,0.7350000000000001,0.268,26.62,12.24,15.97,28.21,24.4,24.49,466.0,0.202,111.0,23.82,36.0,7.73,0.662,0.19,25.51,12.84,15.05,27.89,29.23,18.26,71.0,0.29,6.0,8.45,9.0,12.68,0.88,0.21000000000000002,18.42,8.37,16.73,25.1,22.31,10.17,115.0,0.333,14.0,12.17,15.0,13.04,1.103,0.344,23.66,10.63,14.98,25.6,23.15,14.29
744929,2024-06-02,2024,665833,L,605135,R,single,False,False,154.0,0.298,51.0,33.12,13.0,8.44,0.861,0.20600000000000002,34.93,15.94,19.38,35.31,36.23,24.29,33.0,0.185,7.0,21.21,5.0,15.15,0.636,0.148,27.69,13.14,15.33,28.47,34.25,17.95,123.0,0.292,22.0,17.89,15.0,12.2,0.873,0.199,19.0,8.33,18.06,26.39,23.29,14.1,403.0,0.265,97.0,24.07,36.0,8.93,0.841,0.239,22.76,10.56,17.85,28.41,24.8,20.13
744929,2024-06-02,2024,663647,R,605135,R,single,False,False,109.0,0.216,21.0,19.27,9.0,8.26,0.542,0.04200000000000001,16.48,7.21,21.14,28.36,25.64,18.26,358.0,0.26,75.0,20.95,22.0,6.15,0.721,0.1559999999999999,21.48,9.63,20.09,29.72,30.19,22.32,138.0,0.24,34.0,24.64,10.0,7.25,0.595,0.04799999999999999,21.72,9.58,20.8,30.38,24.81,19.43,425.0,0.208,89.0,20.94,23.0,5.41,0.573,0.102,21.02,10.01,19.18,29.19,29.2,18.62
744929,2024-06-02,2024,693304,R,605135,R,field_out,False,False,50.0,0.349,11.0,22.0,4.0,8.0,0.966,0.20900000000000007,29.09,15.92,11.94,27.86,32.32,17.19,86.0,0.234,21.0,24.42,3.0,3.49,0.638,0.1299999999999999,30.36,15.84,12.11,27.95,27.85,22.11,138.0,0.24,34.0,24.64,10.0,7.25,0.595,0.04799999999999999,21.72,9.58,20.8,30.38,24.81,19.43,425.0,0.208,89.0,20.94,23.0,5.41,0.573,0.102,21.02,10.01,19.18,29.19,29.2,18.62
744929,2024-06-02,2024,642133,L,605135,R,double,False,False,124.0,0.184,23.0,18.55,8.0,6.45,0.479,0.05299999999999999,22.07,9.42,21.24,30.66,24.14,19.01,300.0,0.223,73.0,24.33,29.0,9.67,0.69,0.173,22.22,8.47,23.11,31.59,24.77,19.95,123.0,0.292,22.0,17.89,15.0,12.2,0.873,0.199,19.0,8.33,18.06,26.39,23.29,14.1,403.0,0.265,97.0,24.07,36.0,8.93,0.841,0.239,22.76,10.56,17.85,28.41,24.8,20.13
744929,2024-06-02,2024,678225,L,605135,R,field_out,False,False,18.0,0.188,5.0,27.78,2.0,11.11,0.466,0.0,20.51,10.26,12.82,23.08,25.0,17.86,258.0,0.213,61.0,23.64,24.0,9.3,0.609,0.104,22.8,10.63,15.61,26.24,26.36,20.0,123.0,0.292,22.0,17.89,15.0,12.2,0.873,0.199,19.0,8.33,18.06,26.39,23.29,14.1,403.0,0.265,97.0,24.07,36.0,8.93,0.841,0.239,22.76,10.56,17.85,28.41,24.8,20.13
744929,2024-06-02,2024,667428,R,605135,R,strikeout,True,False,3.0,0.0,3.0,100.0,0.0,0.0,0.0,0.0,25.0,16.67,4.17,20.83,41.67,20.0,,,,,,,,,,,,,,,138.0,0.24,34.0,24.64,10.0,7.25,0.595,0.04799999999999999,21.72,9.58,20.8,30.38,24.81,19.43,425.0,0.208,89.0,20.94,23.0,5.41,0.573,0.102,21.02,10.01,19.18,29.19,29.2,18.62
744929,2024-06-02,2024,643396,R,682990,R,single,False,False,124.0,0.263,18.0,14.52,8.0,6.45,0.7130000000000001,0.14100000000000001,13.17,5.93,21.54,27.47,30.63,14.52,273.0,0.246,54.0,19.78,17.0,6.23,0.6479999999999999,0.1069999999999999,19.6,9.05,20.2,29.25,28.6,15.56,52.0,0.255,11.0,21.15,1.0,1.92,0.74,0.21599999999999997,27.18,15.3,14.21,29.51,34.52,22.0,119.0,0.25,22.0,18.49,12.0,10.08,0.773,0.192,23.0,10.18,17.48,27.65,28.32,18.03
744929,2024-06-02,2024,676914,R,682990,R,single,False,False,134.0,0.25,34.0,25.37,17.0,12.69,0.821,0.20500000000000002,27.39,10.4,19.14,29.54,18.21,17.17,87.0,0.247,27.0,31.03,11.0,12.64,0.8340000000000001,0.219,37.06,13.98,21.9,35.88,15.66,21.77,52.0,0.255,11.0,21.15,1.0,1.92,0.74,0.21599999999999997,27.18,15.3,14.21,29.51,34.52,22.0,119.0,0.25,22.0,18.49,12.0,10.08,0.773,0.192,23.0,10.18,17.48,27.65,28.32,18.03
744929,2024-06-02,2024,643376,R,682990,R,field_out,False,False,87.0,0.269,12.0,13.79,9.0,10.34,0.9089999999999999,0.29499999999999993,18.71,7.28,20.73,28.01,20.23,10.48,215.0,0.237,46.0,21.4,16.0,7.44,0.784,0.221,25.13,11.59,15.17,26.76,23.75,20.09,52.0,0.255,11.0,21.15,1.0,1.92,0.74,0.21599999999999997,27.18,15.3,14.21,29.51,34.52,22.0,119.0,0.25,22.0,18.49,12.0,10.08,0.773,0.192,23.0,10.18,17.48,27.65,28.32,18.03
744929,2024-06-02,2024,665489,R,682990,R,single,False,False,203.0,0.305,36.0,17.73,25.0,12.32,0.8180000000000001,0.119,23.79,10.97,15.09,26.06,23.54,13.48,558.0,0.26,85.0,15.23,48.0,8.6,0.792,0.2,23.83,12.29,11.94,24.23,30.21,15.37,52.0,0.255,11.0,21.15,1.0,1.92,0.74,0.21599999999999997,27.18,15.3,14.21,29.51,34.52,22.0,119.0,0.25,22.0,18.49,12.0,10.08,0.773,0.192,23.0,10.18,17.48,27.65,28.32,18.03
744929,2024-06-02,2024,666182,R,682990,R,strikeout,True,False,187.0,0.272,29.0,15.51,10.0,5.35,0.726,0.133,21.47,12.28,11.15,23.42,37.58,16.38,496.0,0.303,102.0,20.56,20.0,4.03,0.797,0.161,21.9,12.38,11.73,24.11,38.01,17.91,52.0,0.255,11.0,21.15,1.0,1.92,0.74,0.21599999999999997,27.18,15.3,14.21,29.51,34.52,22.0,119.0,0.25,22.0,18.49,12.0,10.08,0.773,0.192,23.0,10.18,17.48,27.65,28.32,18.03
744929,2024-06-02,2024,596129,L,676702,R,double,False,False,58.0,0.216,14.0,24.14,7.0,12.07,0.663,0.13699999999999998,17.95,5.17,30.63,35.79,19.08,16.87,303.0,0.246,73.0,24.09,41.0,13.53,0.78,0.181,21.0,7.56,23.65,31.21,20.86,18.3,48.0,0.295,12.0,25.0,1.0,2.08,0.781,0.16000000000000003,29.03,15.98,15.38,31.36,33.33,20.34,22.0,0.238,5.0,22.73,0.0,0.0,0.892,0.381,26.83,14.67,18.67,33.33,24.0,25.0
744929,2024-06-02,2024,457759,R,676702,R,field_out,False,False,148.0,0.181,25.0,16.89,18.0,12.16,0.574,0.10199999999999998,21.1,9.92,15.57,25.5,26.35,11.21,462.0,0.273,78.0,16.88,33.0,7.14,0.765,0.1569999999999999,16.44,7.32,17.97,25.29,25.33,12.0,64.0,0.2,16.0,25.0,3.0,4.69,0.567,0.11699999999999999,32.06,17.07,13.41,30.49,31.3,19.05,25.0,0.182,5.0,20.0,3.0,12.0,0.5980000000000001,0.136,28.57,16.0,13.0,29.0,39.22,14.29
744929,2024-06-02,2024,457705,R,643338,R,walk,False,True,135.0,0.233,34.0,25.19,14.0,10.37,0.702,0.15,30.92,13.51,17.72,31.23,18.21,20.12,312.0,0.254,72.0,23.08,49.0,15.71,0.767,0.137,28.77,12.06,17.2,29.26,17.59,17.52,21.0,0.211,4.0,19.05,1.0,4.76,0.618,0.157,23.81,10.99,13.19,24.18,14.89,16.67,35.0,0.273,9.0,25.71,2.0,5.71,0.738,0.1509999999999999,32.31,16.8,16.8,33.6,40.85,20.93
744929,2024-06-02,2024,668804,L,643338,R,walk,False,True,172.0,0.23,34.0,19.77,19.0,11.05,0.6890000000000001,0.145,28.29,12.67,15.02,27.69,24.93,17.62,438.0,0.252,94.0,21.46,45.0,10.27,0.821,0.2309999999999999,28.75,13.22,13.73,26.95,24.9,18.49,15.0,0.214,3.0,20.0,1.0,6.67,0.767,0.28600000000000003,21.21,10.61,12.12,22.73,24.24,11.54,17.0,0.2,7.0,41.18,2.0,11.76,0.694,0.2,43.18,25.68,5.41,31.08,29.03,23.33
744929,2024-06-02,2024,656582,R,643338,R,strikeout,True,False,122.0,0.266,25.0,20.49,12.0,9.84,0.748,0.138,24.37,10.46,19.61,30.07,23.32,19.53,279.0,0.235,70.0,25.09,27.0,9.68,0.72,0.166,22.25,8.9,20.93,29.83,20.67,18.23,21.0,0.211,4.0,19.05,1.0,4.76,0.618,0.157,23.81,10.99,13.19,24.18,14.89,16.67,35.0,0.273,9.0,25.71,2.0,5.71,0.738,0.1509999999999999,32.31,16.8,16.8,33.6,40.85,20.93
744929,2024-06-02,2024,665833,L,643338,R,strikeout,True,False,154.0,0.298,51.0,33.12,13.0,8.44,0.861,0.20600000000000002,34.93,15.94,19.38,35.31,36.23,24.29,33.0,0.185,7.0,21.21,5.0,15.15,0.636,0.148,27.69,13.14,15.33,28.47,34.25,17.95,15.0,0.214,3.0,20.0,1.0,6.67,0.767,0.28600000000000003,21.21,10.61,12.12,22.73,24.24,11.54,17.0,0.2,7.0,41.18,2.0,11.76,0.694,0.2,43.18,25.68,5.41,31.08,29.03,23.33
744929,2024-06-02,2024,663647,R,643338,R,field_out,False,False,109.0,0.216,21.0,19.27,9.0,8.26,0.542,0.04200000000000001,16.48,7.21,21.14,28.36,25.64,18.26,358.0,0.26,75.0,20.95,22.0,6.15,0.721,0.1559999999999999,21.48,9.63,20.09,29.72,30.19,22.32,21.0,0.211,4.0,19.05,1.0,4.76,0.618,0.157,23.81,10.99,13.19,24.18,14.89,16.67,35.0,0.273,9.0,25.71,2.0,5.71,0.738,0.1509999999999999,32.31,16.8,16.8,33.6,40.85,20.93
744929,2024-06-02,2024,543807,R,676702,R,field_out,False,False,167.0,0.218,24.0,14.37,18.0,10.78,0.625,0.10200000000000001,22.74,11.37,13.88,25.25,23.94,14.04,539.0,0.262,101.0,18.74,43.0,7.98,0.738,0.1489999999999999,23.18,11.37,14.48,25.84,23.35,18.21,64.0,0.2,16.0,25.0,3.0,4.69,0.567,0.11699999999999999,32.06,17.07,13.41,30.49,31.3,19.05,25.0,0.182,5.0,20.0,3.0,12.0,0.5980000000000001,0.136,28.57,16.0,13.0,29.0,39.22,14.29
744929,2024-06-02,2024,662139,L,676702,R,single,False,False,159.0,0.19,48.0,30.19,17.0,10.69,0.7350000000000001,0.268,26.62,12.24,15.97,28.21,24.4,24.49,466.0,0.202,111.0,23.82,36.0,7.73,0.662,0.19,25.51,12.84,15.05,27.89,29.23,18.26,48.0,0.295,12.0,25.0,1.0,2.08,0.781,0.16000000000000003,29.03,15.98,15.38,31.36,33.33,20.34,22.0,0.238,5.0,22.73,0.0,0.0,0.892,0.381,26.83,14.67,18.67,33.33,24.0,25.0
744929,2024-06-02,2024,643396,R,676702,R,field_out,False,False,124.0,0.263,18.0,14.52,8.0,6.45,0.7130000000000001,0.14100000000000001,13.17,5.93,21.54,27.47,30.63,14.52,273.0,0.246,54.0,19.78,17.0,6.23,0.6479999999999999,0.1069999999999999,19.6,9.05,20.2,29.25,28.6,15.56,64.0,0.2,16.0,25.0,3.0,4.69,0.567,0.11699999999999999,32.06,17.07,13.41,30.49,31.3,19.05,25.0,0.182,5.0,20.0,3.0,12.0,0.5980000000000001,0.136,28.57,16.0,13.0,29.0,39.22,14.29
744929,2024-06-02,2024,676914,R,676702,R,double,False,False,134.0,0.25,34.0,25.37,17.0,12.69,0.821,0.20500000000000002,27.39,10.4,19.14,29.54,18.21,17.17,87.0,0.247,27.0,31.03,11.0,12.64,0.8340000000000001,0.219,37.06,13.98,21.9,35.88,15.66,21.77,64.0,0.2,16.0,25.0,3.0,4.69,0.567,0.11699999999999999,32.06,17.07,13.41,30.49,31.3,19.05,25.0,0.182,5.0,20.0,3.0,12.0,0.5980000000000001,0.136,28.57,16.0,13.0,29.0,39.22,14.29
744929,2024-06-02,2024,643376,R,676702,R,field_out,False,False,87.0,0.269,12.0,13.79,9.0,10.34,0.9089999999999999,0.29499999999999993,18.71,7.28,20.73,28.01,20.23,10.48,215.0,0.237,46.0,21.4,16.0,7.44,0.784,0.221,25.13,11.59,15.17,26.76,23.75,20.09,64.0,0.2,16.0,25.0,3.0,4.69,0.567,0.11699999999999999,32.06,17.07,13.41,30.49,31.3,19.05,25.0,0.182,5.0,20.0,3.0,12.0,0.5980000000000001,0.136,28.57,16.0,13.0,29.0,39.22,14.29
744929,2024-06-02,2024,693304,R,670950,R,field_out,False,False,50.0,0.349,11.0,22.0,4.0,8.0,0.966,0.20900000000000007,29.09,15.92,11.94,27.86,32.32,17.19,86.0,0.234,21.0,24.42,3.0,3.49,0.638,0.1299999999999999,30.36,15.84,12.11,27.95,27.85,22.11,69.0,0.138,18.0,26.09,9.0,13.04,0.5780000000000001,0.19,25.6,10.67,20.33,31.0,31.71,20.0,178.0,0.244,63.0,35.39,15.0,8.43,0.754,0.194,37.26,17.97,16.38,34.35,37.0,24.51
744929,2024-06-02,2024,642133,L,670950,R,field_out,False,False,124.0,0.184,23.0,18.55,8.0,6.45,0.479,0.05299999999999999,22.07,9.42,21.24,30.66,24.14,19.01,300.0,0.223,73.0,24.33,29.0,9.67,0.69,0.173,22.22,8.47,23.11,31.59,24.77,19.95,40.0,0.118,8.0,20.0,4.0,10.0,0.43999999999999995,0.11699999999999999,16.92,6.71,24.39,31.1,22.22,15.69,138.0,0.207,42.0,30.43,20.0,14.49,0.724,0.198,36.69,16.72,15.57,32.3,37.93,19.44
744929,2024-06-02,2024,678225,L,670950,R,field_out,False,False,18.0,0.188,5.0,27.78,2.0,11.11,0.466,0.0,20.51,10.26,12.82,23.08,25.0,17.86,258.0,0.213,61.0,23.64,24.0,9.3,0.609,0.104,22.8,10.63,15.61,26.24,26.36,20.0,40.0,0.118,8.0,20.0,4.0,10.0,0.43999999999999995,0.11699999999999999,16.92,6.71,24.39,31.1,22.22,15.69,138.0,0.207,42.0,30.43,20.0,14.49,0.724,0.198,36.69,16.72,15.57,32.3,37.93,19.44
744929,2024-06-02,2024,665489,R,669387,R,strikeout,True,False,203.0,0.305,36.0,17.73,25.0,12.32,0.8180000000000001,0.119,23.79,10.97,15.09,26.06,23.54,13.48,558.0,0.26,85.0,15.23,48.0,8.6,0.792,0.2,23.83,12.29,11.94,24.23,30.21,15.37,24.0,0.316,6.0,25.0,3.0,12.5,0.9430000000000001,0.21000000000000002,27.27,11.65,15.53,27.18,26.79,20.69,87.0,0.213,18.0,20.69,10.0,11.49,0.63,0.107,21.85,9.54,17.63,27.17,22.03,17.14
744929,2024-06-02,2024,666182,R,669387,R,field_out,False,False,187.0,0.272,29.0,15.51,10.0,5.35,0.726,0.133,21.47,12.28,11.15,23.42,37.58,16.38,496.0,0.303,102.0,20.56,20.0,4.03,0.797,0.161,21.9,12.38,11.73,24.11,38.01,17.91,24.0,0.316,6.0,25.0,3.0,12.5,0.9430000000000001,0.21000000000000002,27.27,11.65,15.53,27.18,26.79,20.69,87.0,0.213,18.0,20.69,10.0,11.49,0.63,0.107,21.85,9.54,17.63,27.17,22.03,17.14
744929,2024-06-02,2024,596129,L,669387,R,field_out,False,False,58.0,0.216,14.0,24.14,7.0,12.07,0.663,0.13699999999999998,17.95,5.17,30.63,35.79,19.08,16.87,303.0,0.246,73.0,24.09,41.0,13.53,0.78,0.181,21.0,7.56,23.65,31.21,20.86,18.3,16.0,0.364,2.0,12.5,3.0,18.75,0.893,0.09100000000000003,16.67,8.45,11.27,19.72,15.62,7.69,66.0,0.214,16.0,24.24,8.0,12.12,0.612,0.09,20.93,9.82,15.27,25.09,25.76,17.98
744929,2024-06-02,2024,518735,L,663878,R,field_out,False,False,42.0,0.167,9.0,21.43,0.0,0.0,0.524,0.18999999999999997,23.38,10.71,24.4,35.12,36.36,18.75,309.0,0.235,61.0,19.74,27.0,8.74,0.636,0.094,22.36,10.08,19.44,29.52,27.06,17.13,36.0,0.207,10.0,27.78,4.0,11.11,0.616,0.10300000000000001,19.12,8.61,16.56,25.17,20.27,22.73,74.0,0.194,21.0,28.38,11.0,14.86,0.679,0.1609999999999999,28.0,10.7,18.04,28.75,14.62,21.28
744929,2024-06-02,2024,457705,R,663878,R,single,False,False,135.0,0.233,34.0,25.19,14.0,10.37,0.702,0.15,30.92,13.51,17.72,31.23,18.21,20.12,312.0,0.254,72.0,23.08,49.0,15.71,0.767,0.137,28.77,12.06,17.2,29.26,17.59,17.52,59.0,0.26,15.0,25.42,6.0,10.17,0.7190000000000001,0.12,30.39,13.08,18.99,32.07,26.83,18.29,108.0,0.247,22.0,20.37,7.0,6.48,0.749,0.196,25.39,11.81,15.18,26.99,24.64,20.75
744929,2024-06-02,2024,668804,L,663878,R,strikeout,True,False,172.0,0.23,34.0,19.77,19.0,11.05,0.6890000000000001,0.145,28.29,12.67,15.02,27.69,24.93,17.62,438.0,0.252,94.0,21.46,45.0,10.27,0.821,0.2309999999999999,28.75,13.22,13.73,26.95,24.9,18.49,36.0,0.207,10.0,27.78,4.0,11.11,0.616,0.10300000000000001,19.12,8.61,16.56,25.17,20.27,22.73,74.0,0.194,21.0,28.38,11.0,14.86,0.679,0.1609999999999999,28.0,10.7,18.04,28.75,14.62,21.28
744929,2024-06-02,2024,656582,R,663878,R,field_out,False,False,122.0,0.266,25.0,20.49,12.0,9.84,0.748,0.138,24.37,10.46,19.61,30.07,23.32,19.53,279.0,0.235,70.0,25.09,27.0,9.68,0.72,0.166,22.25,8.9,20.93,29.83,20.67,18.23,59.0,0.26,15.0,25.42,6.0,10.17,0.7190000000000001,0.12,30.39,13.08,18.99,32.07,26.83,18.29,108.0,0.247,22.0,20.37,7.0,6.48,0.749,0.196,25.39,11.81,15.18,26.99,24.64,20.75
744929,2024-06-02,2024,457759,R,693312,R,field_out,False,False,148.0,0.181,25.0,16.89,18.0,12.16,0.574,0.10199999999999998,21.1,9.92,15.57,25.5,26.35,11.21,462.0,0.273,78.0,16.88,33.0,7.14,0.765,0.1569999999999999,16.44,7.32,17.97,25.29,25.33,12.0,30.0,0.2,10.0,33.33,4.0,13.33,0.62,0.12,33.33,13.29,17.48,30.77,20.69,19.23,18.0,0.5,2.0,11.11,3.0,16.67,1.468,0.357,20.0,9.23,16.92,26.15,25.0,15.38
744929,2024-06-02,2024,543807,R,693312,R,field_out,False,False,167.0,0.218,24.0,14.37,18.0,10.78,0.625,0.10200000000000001,22.74,11.37,13.88,25.25,23.94,14.04,539.0,0.262,101.0,18.74,43.0,7.98,0.738,0.1489999999999999,23.18,11.37,14.48,25.84,23.35,18.21,30.0,0.2,10.0,33.33,4.0,13.33,0.62,0.12,33.33,13.29,17.48,30.77,20.69,19.23,18.0,0.5,2.0,11.11,3.0,16.67,1.468,0.357,20.0,9.23,16.92,26.15,25.0,15.38
744929,2024-06-02,2024,662139,L,693312,R,walk,False,True,159.0,0.19,48.0,30.19,17.0,10.69,0.7350000000000001,0.268,26.62,12.24,15.97,28.21,24.4,24.49,466.0,0.202,111.0,23.82,36.0,7.73,0.662,0.19,25.51,12.84,15.05,27.89,29.23,18.26,20.0,0.25,5.0,25.0,3.0,15.0,0.775,0.125,26.19,12.36,8.99,21.35,22.45,15.62,8.0,0.0,5.0,62.5,1.0,12.5,0.125,0.0,39.13,19.57,10.87,30.43,28.0,22.73
744929,2024-06-02,2024,643396,R,693312,R,caught_stealing_2b,False,False,124.0,0.263,18.0,14.52,8.0,6.45,0.7130000000000001,0.14100000000000001,13.17,5.93,21.54,27.47,30.63,14.52,273.0,0.246,54.0,19.78,17.0,6.23,0.6479999999999999,0.1069999999999999,19.6,9.05,20.2,29.25,28.6,15.56,30.0,0.2,10.0,33.33,4.0,13.33,0.62,0.12,33.33,13.29,17.48,30.77,20.69,19.23,18.0,0.5,2.0,11.11,3.0,16.67,1.468,0.357,20.0,9.23,16.92,26.15,25.0,15.38
744929,2024-06-02,2024,665833,L,554340,R,double,False,False,154.0,0.298,51.0,33.12,13.0,8.44,0.861,0.20600000000000002,34.93,15.94,19.38,35.31,36.23,24.29,33.0,0.185,7.0,21.21,5.0,15.15,0.636,0.148,27.69,13.14,15.33,28.47,34.25,17.95,29.0,0.125,10.0,34.48,5.0,17.24,0.609,0.20800000000000002,36.73,15.79,18.42,34.21,43.33,30.3,108.0,0.237,36.0,33.33,10.0,9.26,0.687,0.129,38.58,17.23,15.87,33.11,25.44,27.69
744929,2024-06-02,2024,663647,R,554340,R,strikeout,True,False,109.0,0.216,21.0,19.27,9.0,8.26,0.542,0.04200000000000001,16.48,7.21,21.14,28.36,25.64,18.26,358.0,0.26,75.0,20.95,22.0,6.15,0.721,0.1559999999999999,21.48,9.63,20.09,29.72,30.19,22.32,52.0,0.104,16.0,30.77,2.0,3.85,0.303,0.041999999999999996,26.09,14.02,14.02,28.04,34.65,21.92,174.0,0.274,43.0,24.71,5.0,2.87,0.739,0.1529999999999999,27.03,13.64,15.61,29.24,32.93,24.02
744929,2024-06-02,2024,693304,R,554340,R,strikeout,True,False,50.0,0.349,11.0,22.0,4.0,8.0,0.966,0.20900000000000007,29.09,15.92,11.94,27.86,32.32,17.19,86.0,0.234,21.0,24.42,3.0,3.49,0.638,0.1299999999999999,30.36,15.84,12.11,27.95,27.85,22.11,52.0,0.104,16.0,30.77,2.0,3.85,0.303,0.041999999999999996,26.09,14.02,14.02,28.04,34.65,21.92,174.0,0.274,43.0,24.71,5.0,2.87,0.739,0.1529999999999999,27.03,13.64,15.61,29.24,32.93,24.02
744929,2024-06-02,2024,642133,L,554340,R,single,False,False,124.0,0.184,23.0,18.55,8.0,6.45,0.479,0.05299999999999999,22.07,9.42,21.24,30.66,24.14,19.01,300.0,0.223,73.0,24.33,29.0,9.67,0.69,0.173,22.22,8.47,23.11,31.59,24.77,19.95,29.0,0.125,10.0,34.48,5.0,17.24,0.609,0.20800000000000002,36.73,15.79,18.42,34.21,43.33,30.3,108.0,0.237,36.0,33.33,10.0,9.26,0.687,0.129,38.58,17.23,15.87,33.11,25.44,27.69
744929,2024-06-02,2024,678225,L,554340,R,strikeout,True,False,18.0,0.188,5.0,27.78,2.0,11.11,0.466,0.0,20.51,10.26,12.82,23.08,25.0,17.86,258.0,0.213,61.0,23.64,24.0,9.3,0.609,0.104,22.8,10.63,15.61,26.24,26.36,20.0,29.0,0.125,10.0,34.48,5.0,17.24,0.609,0.20800000000000002,36.73,15.79,18.42,34.21,43.33,30.3,108.0,0.237,36.0,33.33,10.0,9.26,0.687,0.129,38.58,17.23,15.87,33.11,25.44,27.69
745330,2024-06-02,2024,683011,R,605483,L,strikeout,True,False,66.0,0.254,14.0,21.21,6.0,9.09,0.679,0.10199999999999998,18.18,8.7,17.03,25.72,29.25,17.07,134.0,0.248,35.0,26.12,16.0,11.94,0.817,0.2309999999999999,28.81,13.49,15.8,29.29,27.07,23.49,82.0,0.342,19.0,23.17,8.0,9.76,0.9490000000000001,0.192,31.33,13.78,13.49,27.27,26.67,19.79,620.0,0.176,196.0,31.61,78.0,12.58,0.565,0.105,37.53,16.23,15.96,32.18,29.24,26.2
745330,2024-06-02,2024,665742,L,605483,L,home_run,False,False,70.0,0.316,10.0,14.29,11.0,15.71,0.94,0.21000000000000002,14.81,5.5,22.34,27.84,17.73,11.36,207.0,0.256,48.0,23.19,33.0,15.94,0.813,0.18,25.32,9.65,20.51,30.16,20.61,20.17,15.0,0.167,5.0,33.33,3.0,20.0,0.75,0.24999999999999997,34.48,14.08,12.68,26.76,20.51,20.0,125.0,0.204,38.0,30.4,21.0,16.8,0.65,0.107,36.21,14.92,13.14,28.06,20.68,23.6
745330,2024-06-02,2024,592450,R,605483,L,single,False,False,59.0,0.244,15.0,25.42,18.0,30.51,1.109,0.39,34.09,11.45,15.65,27.1,16.08,21.74,74.0,0.274,21.0,28.38,11.0,14.86,1.0550000000000002,0.403,34.59,13.9,15.71,29.61,19.89,21.65,82.0,0.342,19.0,23.17,8.0,9.76,0.9490000000000001,0.192,31.33,13.78,13.49,27.27,26.67,19.79,620.0,0.176,196.0,31.61,78.0,12.58,0.565,0.105,37.53,16.23,15.96,32.18,29.24,26.2
745330,2024-06-02,2024,519317,R,605483,L,strikeout,True,False,55.0,0.208,17.0,30.91,1.0,1.82,0.543,0.11300000000000002,31.0,15.66,18.18,33.84,34.69,31.48,74.0,0.265,13.0,17.57,6.0,8.11,0.942,0.353,21.88,10.11,15.16,25.27,26.09,20.0,82.0,0.342,19.0,23.17,8.0,9.76,0.9490000000000001,0.192,31.33,13.78,13.49,27.27,26.67,19.79,620.0,0.176,196.0,31.61,78.0,12.58,0.565,0.105,37.53,16.23,15.96,32.18,29.24,26.2
745330,2024-06-02,2024,657077,L,605483,L,field_out,False,False,65.0,0.222,11.0,16.92,8.0,12.31,0.675,0.12999999999999998,18.27,7.06,23.05,30.11,22.39,13.41,161.0,0.22,27.0,16.77,15.0,9.32,0.61,0.0779999999999999,17.21,6.6,24.69,31.29,20.83,15.61,15.0,0.167,5.0,33.33,3.0,20.0,0.75,0.24999999999999997,34.48,14.08,12.68,26.76,20.51,20.0,125.0,0.204,38.0,30.4,21.0,16.8,0.65,0.107,36.21,14.92,13.14,28.06,20.68,23.6
745330,2024-06-02,2024,671218,R,641482,L,strikeout,True,False,20.0,0.312,5.0,25.0,4.0,20.0,1.075,0.313,28.57,15.24,4.76,20.0,21.57,11.63,46.0,0.186,16.0,34.78,3.0,6.52,0.588,0.1629999999999999,32.35,16.67,13.64,30.3,30.21,23.53,238.0,0.228,55.0,23.11,11.0,4.62,0.646,0.151,23.71,12.18,15.04,27.22,29.27,18.82,221.0,0.261,53.0,23.98,18.0,8.14,0.797,0.206,22.32,10.86,15.63,26.5,25.23,18.86
745330,2024-06-02,2024,689172,L,641482,L,strikeout,True,False,7.0,0.571,0.0,0.0,0.0,0.0,1.571,0.42900000000000005,15.38,8.33,8.33,16.67,27.27,0.0,25.0,0.261,10.0,40.0,1.0,4.0,0.6399999999999999,0.0869999999999999,45.83,23.4,15.96,39.36,36.96,34.48,47.0,0.209,12.0,25.53,4.0,8.51,0.533,0.047000000000000014,27.27,14.2,15.98,30.18,19.72,23.53,45.0,0.163,14.0,31.11,2.0,4.44,0.526,0.163,33.71,17.86,19.64,37.5,31.43,22.22
745330,2024-06-02,2024,527038,R,641482,L,field_out,False,False,68.0,0.21,10.0,14.71,4.0,5.88,0.593,0.12900000000000003,13.71,6.2,20.07,26.28,30.34,11.63,182.0,0.303,28.0,15.38,14.0,7.69,0.886,0.224,17.07,7.55,21.16,28.71,29.47,12.17,238.0,0.228,55.0,23.11,11.0,4.62,0.646,0.151,23.71,12.18,15.04,27.22,29.27,18.82,221.0,0.261,53.0,23.98,18.0,8.14,0.797,0.206,22.32,10.86,15.63,26.5,25.23,18.86
745330,2024-06-02,2024,518934,R,605483,L,single,False,False,5.0,0.25,1.0,20.0,1.0,20.0,0.65,0.0,10.0,4.76,19.05,23.81,33.33,14.29,113.0,0.255,25.0,22.12,15.0,13.27,0.761,0.149,20.93,7.45,24.22,31.68,20.95,18.66,82.0,0.342,19.0,23.17,8.0,9.76,0.9490000000000001,0.192,31.33,13.78,13.49,27.27,26.67,19.79,620.0,0.176,196.0,31.61,78.0,12.58,0.565,0.105,37.53,16.23,15.96,32.18,29.24,26.2
745330,2024-06-02,2024,519203,L,605483,L,strikeout,True,False,62.0,0.211,12.0,19.35,2.0,3.23,0.502,0.017000000000000015,19.63,9.68,17.05,26.73,27.52,21.82,87.0,0.333,11.0,12.64,8.0,9.2,0.825,0.0899999999999999,23.87,11.56,17.81,29.38,30.82,12.64,15.0,0.167,5.0,33.33,3.0,20.0,0.75,0.24999999999999997,34.48,14.08,12.68,26.76,20.51,20.0,125.0,0.204,38.0,30.4,21.0,16.8,0.65,0.107,36.21,14.92,13.14,28.06,20.68,23.6
745330,2024-06-02,2024,650402,R,605483,L,field_out,False,False,60.0,0.231,16.0,26.67,8.0,13.33,0.641,0.07699999999999999,29.92,13.72,17.33,31.05,18.55,14.55,128.0,0.278,20.0,15.62,17.0,13.28,0.921,0.268,22.12,9.54,15.71,25.25,21.8,13.33,82.0,0.342,19.0,23.17,8.0,9.76,0.9490000000000001,0.192,31.33,13.78,13.49,27.27,26.67,19.79,620.0,0.176,196.0,31.61,78.0,12.58,0.565,0.105,37.53,16.23,15.96,32.18,29.24,26.2
745330,2024-06-02,2024,624431,R,605483,L,walk,False,True,45.0,0.225,5.0,11.11,4.0,8.89,0.739,0.225,18.07,7.18,20.1,27.27,25.21,7.46,44.0,0.268,2.0,4.55,3.0,6.82,0.781,0.195,11.11,5.49,18.9,24.39,37.21,4.08,82.0,0.342,19.0,23.17,8.0,9.76,0.9490000000000001,0.192,31.33,13.78,13.49,27.27,26.67,19.79,620.0,0.176,196.0,31.61,78.0,12.58,0.565,0.105,37.53,16.23,15.96,32.18,29.24,26.2
745330,2024-06-02,2024,683011,R,605483,L,field_out,False,False,66.0,0.254,14.0,21.21,6.0,9.09,0.679,0.10199999999999998,18.18,8.7,17.03,25.72,29.25,17.07,134.0,0.248,35.0,26.12,16.0,11.94,0.817,0.2309999999999999,28.81,13.49,15.8,29.29,27.07,23.49,82.0,0.342,19.0,23.17,8.0,9.76,0.9490000000000001,0.192,31.33,13.78,13.49,27.27,26.67,19.79,620.0,0.176,196.0,31.61,78.0,12.58,0.565,0.105,37.53,16.23,15.96,32.18,29.24,26.2
745330,2024-06-02,2024,656305,R,641482,L,field_out,False,False,56.0,0.333,11.0,19.64,5.0,8.93,0.981,0.25499999999999995,14.68,6.9,17.24,24.14,29.57,14.86,113.0,0.307,26.0,23.01,10.0,8.85,0.89,0.208,30.77,13.88,17.35,31.24,20.45,17.81,238.0,0.228,55.0,23.11,11.0,4.62,0.646,0.151,23.71,12.18,15.04,27.22,29.27,18.82,221.0,0.261,53.0,23.98,18.0,8.14,0.797,0.206,22.32,10.86,15.63,26.5,25.23,18.86
745330,2024-06-02,2024,624585,R,641482,L,double,False,False,52.0,0.222,13.0,25.0,5.0,9.62,0.7270000000000001,0.17800000000000002,28.28,13.53,14.01,27.54,29.66,20.63,135.0,0.277,30.0,22.22,20.0,14.81,1.081,0.4109999999999999,26.29,11.6,16.16,27.76,25.27,18.75,238.0,0.228,55.0,23.11,11.0,4.62,0.646,0.151,23.71,12.18,15.04,27.22,29.27,18.82,221.0,0.261,53.0,23.98,18.0,8.14,0.797,0.206,22.32,10.86,15.63,26.5,25.23,18.86
745330,2024-06-02,2024,682641,R,641482,L,strikeout,True,False,15.0,0.25,4.0,26.67,2.0,13.33,0.9159999999999999,0.33299999999999996,19.44,10.45,13.43,23.88,42.86,14.81,99.0,0.31,10.0,10.1,12.0,12.12,0.825,0.1069999999999999,11.64,4.94,17.44,22.38,22.04,14.71,238.0,0.228,55.0,23.11,11.0,4.62,0.646,0.151,23.71,12.18,15.04,27.22,29.27,18.82,221.0,0.261,53.0,23.98,18.0,8.14,0.797,0.206,22.32,10.86,15.63,26.5,25.23,18.86
745330,2024-06-02,2024,669477,R,641482,L,single,False,False,6.0,0.167,1.0,16.67,0.0,0.0,0.334,0.0,8.33,5.56,16.67,22.22,57.14,16.67,115.0,0.222,20.0,17.39,5.0,4.35,0.613,0.1299999999999999,23.42,12.78,14.0,26.78,35.32,18.02,238.0,0.228,55.0,23.11,11.0,4.62,0.646,0.151,23.71,12.18,15.04,27.22,29.27,18.82,221.0,0.261,53.0,23.98,18.0,8.14,0.797,0.206,22.32,10.86,15.63,26.5,25.23,18.86
745330,2024-06-02,2024,666149,R,641482,L,single,False,False,31.0,0.241,10.0,32.26,2.0,6.45,0.6,0.069,37.5,17.02,14.18,31.21,14.29,22.22,12.0,0.25,4.0,33.33,0.0,0.0,1.0,0.5,21.74,9.26,20.37,29.63,8.33,23.53,238.0,0.228,55.0,23.11,11.0,4.62,0.646,0.151,23.71,12.18,15.04,27.22,29.27,18.82,221.0,0.261,53.0,23.98,18.0,8.14,0.797,0.206,22.32,10.86,15.63,26.5,25.23,18.86
745330,2024-06-02,2024,592200,R,641482,L,field_out,False,False,8.0,0.167,0.0,0.0,2.0,25.0,0.542,0.0,0.0,0.0,20.0,20.0,13.33,0.0,33.0,0.185,5.0,15.15,5.0,15.15,0.534,0.037,20.59,9.79,11.19,20.98,18.06,8.47,238.0,0.228,55.0,23.11,11.0,4.62,0.646,0.151,23.71,12.18,15.04,27.22,29.27,18.82,221.0,0.261,53.0,23.98,18.0,8.14,0.797,0.206,22.32,10.86,15.63,26.5,25.23,18.86
745330,2024-06-02,2024,665742,L,605483,L,strikeout,True,False,70.0,0.316,10.0,14.29,11.0,15.71,0.94,0.21000000000000002,14.81,5.5,22.34,27.84,17.73,11.36,207.0,0.256,48.0,23.19,33.0,15.94,0.813,0.18,25.32,9.65,20.51,30.16,20.61,20.17,15.0,0.167,5.0,33.33,3.0,20.0,0.75,0.24999999999999997,34.48,14.08,12.68,26.76,20.51,20.0,125.0,0.204,38.0,30.4,21.0,16.8,0.65,0.107,36.21,14.92,13.14,28.06,20.68,23.6
745330,2024-06-02,2024,592450,R,605483,L,walk,False,True,59.0,0.244,15.0,25.42,18.0,30.51,1.109,0.39,34.09,11.45,15.65,27.1,16.08,21.74,74.0,0.274,21.0,28.38,11.0,14.86,1.0550000000000002,0.403,34.59,13.9,15.71,29.61,19.89,21.65,82.0,0.342,19.0,23.17,8.0,9.76,0.9490000000000001,0.192,31.33,13.78,13.49,27.27,26.67,19.79,620.0,0.176,196.0,31.61,78.0,12.58,0.565,0.105,37.53,16.23,15.96,32.18,29.24,26.2
745330,2024-06-02,2024,519317,R,605483,L,field_out,False,False,55.0,0.208,17.0,30.91,1.0,1.82,0.543,0.11300000000000002,31.0,15.66,18.18,33.84,34.69,31.48,74.0,0.265,13.0,17.57,6.0,8.11,0.942,0.353,21.88,10.11,15.16,25.27,26.09,20.0,82.0,0.342,19.0,23.17,8.0,9.76,0.9490000000000001,0.192,31.33,13.78,13.49,27.27,26.67,19.79,620.0,0.176,196.0,31.61,78.0,12.58,0.565,0.105,37.53,16.23,15.96,32.18,29.24,26.2
745330,2024-06-02,2024,657077,L,605483,L,field_out,False,False,65.0,0.222,11.0,16.92,8.0,12.31,0.675,0.12999999999999998,18.27,7.06,23.05,30.11,22.39,13.41,161.0,0.22,27.0,16.77,15.0,9.32,0.61,0.0779999999999999,17.21,6.6,24.69,31.29,20.83,15.61,15.0,0.167,5.0,33.33,3.0,20.0,0.75,0.24999999999999997,34.48,14.08,12.68,26.76,20.51,20.0,125.0,0.204,38.0,30.4,21.0,16.8,0.65,0.107,36.21,14.92,13.14,28.06,20.68,23.6
745330,2024-06-02,2024,671218,R,641482,L,home_run,False,False,20.0,0.312,5.0,25.0,4.0,20.0,1.075,0.313,28.57,15.24,4.76,20.0,21.57,11.63,46.0,0.186,16.0,34.78,3.0,6.52,0.588,0.1629999999999999,32.35,16.67,13.64,30.3,30.21,23.53,238.0,0.228,55.0,23.11,11.0,4.62,0.646,0.151,23.71,12.18,15.04,27.22,29.27,18.82,221.0,0.261,53.0,23.98,18.0,8.14,0.797,0.206,22.32,10.86,15.63,26.5,25.23,18.86
745330,2024-06-02,2024,689172,L,641482,L,strikeout,True,False,7.0,0.571,0.0,0.0,0.0,0.0,1.571,0.42900000000000005,15.38,8.33,8.33,16.67,27.27,0.0,25.0,0.261,10.0,40.0,1.0,4.0,0.6399999999999999,0.0869999999999999,45.83,23.4,15.96,39.36,36.96,34.48,47.0,0.209,12.0,25.53,4.0,8.51,0.533,0.047000000000000014,27.27,14.2,15.98,30.18,19.72,23.53,45.0,0.163,14.0,31.11,2.0,4.44,0.526,0.163,33.71,17.86,19.64,37.5,31.43,22.22
745330,2024-06-02,2024,527038,R,641482,L,field_out,False,False,68.0,0.21,10.0,14.71,4.0,5.88,0.593,0.12900000000000003,13.71,6.2,20.07,26.28,30.34,11.63,182.0,0.303,28.0,15.38,14.0,7.69,0.886,0.224,17.07,7.55,21.16,28.71,29.47,12.17,238.0,0.228,55.0,23.11,11.0,4.62,0.646,0.151,23.71,12.18,15.04,27.22,29.27,18.82,221.0,0.261,53.0,23.98,18.0,8.14,0.797,0.206,22.32,10.86,15.63,26.5,25.23,18.86
745330,2024-06-02,2024,656305,R,641482,L,double,False,False,56.0,0.333,11.0,19.64,5.0,8.93,0.981,0.25499999999999995,14.68,6.9,17.24,24.14,29.57,14.86,113.0,0.307,26.0,23.01,10.0,8.85,0.89,0.208,30.77,13.88,17.35,31.24,20.45,17.81,238.0,0.228,55.0,23.11,11.0,4.62,0.646,0.151,23.71,12.18,15.04,27.22,29.27,18.82,221.0,0.261,53.0,23.98,18.0,8.14,0.797,0.206,22.32,10.86,15.63,26.5,25.23,18.86
745330,2024-06-02,2024,624585,R,641482,L,field_out,False,False,52.0,0.222,13.0,25.0,5.0,9.62,0.7270000000000001,0.17800000000000002,28.28,13.53,14.01,27.54,29.66,20.63,135.0,0.277,30.0,22.22,20.0,14.81,1.081,0.4109999999999999,26.29,11.6,16.16,27.76,25.27,18.75,238.0,0.228,55.0,23.11,11.0,4.62,0.646,0.151,23.71,12.18,15.04,27.22,29.27,18.82,221.0,0.261,53.0,23.98,18.0,8.14,0.797,0.206,22.32,10.86,15.63,26.5,25.23,18.86
745330,2024-06-02,2024,518934,R,605483,L,field_out,False,False,5.0,0.25,1.0,20.0,1.0,20.0,0.65,0.0,10.0,4.76,19.05,23.81,33.33,14.29,113.0,0.255,25.0,22.12,15.0,13.27,0.761,0.149,20.93,7.45,24.22,31.68,20.95,18.66,82.0,0.342,19.0,23.17,8.0,9.76,0.9490000000000001,0.192,31.33,13.78,13.49,27.27,26.67,19.79,620.0,0.176,196.0,31.61,78.0,12.58,0.565,0.105,37.53,16.23,15.96,32.18,29.24,26.2
745330,2024-06-02,2024,519203,L,605483,L,strikeout,True,False,62.0,0.211,12.0,19.35,2.0,3.23,0.502,0.017000000000000015,19.63,9.68,17.05,26.73,27.52,21.82,87.0,0.333,11.0,12.64,8.0,9.2,0.825,0.0899999999999999,23.87,11.56,17.81,29.38,30.82,12.64,15.0,0.167,5.0,33.33,3.0,20.0,0.75,0.24999999999999997,34.48,14.08,12.68,26.76,20.51,20.0,125.0,0.204,38.0,30.4,21.0,16.8,0.65,0.107,36.21,14.92,13.14,28.06,20.68,23.6
745330,2024-06-02,2024,650402,R,605483,L,strikeout,True,False,60.0,0.231,16.0,26.67,8.0,13.33,0.641,0.07699999999999999,29.92,13.72,17.33,31.05,18.55,14.55,128.0,0.278,20.0,15.62,17.0,13.28,0.921,0.268,22.12,9.54,15.71,25.25,21.8,13.33,82.0,0.342,19.0,23.17,8.0,9.76,0.9490000000000001,0.192,31.33,13.78,13.49,27.27,26.67,19.79,620.0,0.176,196.0,31.61,78.0,12.58,0.565,0.105,37.53,16.23,15.96,32.18,29.24,26.2
745330,2024-06-02,2024,682641,R,641482,L,field_out,False,False,15.0,0.25,4.0,26.67,2.0,13.33,0.9159999999999999,0.33299999999999996,19.44,10.45,13.43,23.88,42.86,14.81,99.0,0.31,10.0,10.1,12.0,12.12,0.825,0.1069999999999999,11.64,4.94,17.44,22.38,22.04,14.71,238.0,0.228,55.0,23.11,11.0,4.62,0.646,0.151,23.71,12.18,15.04,27.22,29.27,18.82,221.0,0.261,53.0,23.98,18.0,8.14,0.797,0.206,22.32,10.86,15.63,26.5,25.23,18.86
745330,2024-06-02,2024,669477,R,641482,L,home_run,False,False,6.0,0.167,1.0,16.67,0.0,0.0,0.334,0.0,8.33,5.56,16.67,22.22,57.14,16.67,115.0,0.222,20.0,17.39,5.0,4.35,0.613,0.1299999999999999,23.42,12.78,14.0,26.78,35.32,18.02,238.0,0.228,55.0,23.11,11.0,4.62,0.646,0.151,23.71,12.18,15.04,27.22,29.27,18.82,221.0,0.261,53.0,23.98,18.0,8.14,0.797,0.206,22.32,10.86,15.63,26.5,25.23,18.86
745330,2024-06-02,2024,666149,R,641482,L,strikeout,True,False,31.0,0.241,10.0,32.26,2.0,6.45,0.6,0.069,37.5,17.02,14.18,31.21,14.29,22.22,12.0,0.25,4.0,33.33,0.0,0.0,1.0,0.5,21.74,9.26,20.37,29.63,8.33,23.53,238.0,0.228,55.0,23.11,11.0,4.62,0.646,0.151,23.71,12.18,15.04,27.22,29.27,18.82,221.0,0.261,53.0,23.98,18.0,8.14,0.797,0.206,22.32,10.86,15.63,26.5,25.23,18.86
745330,2024-06-02,2024,592200,R,641482,L,strikeout,True,False,8.0,0.167,0.0,0.0,2.0,25.0,0.542,0.0,0.0,0.0,20.0,20.0,13.33,0.0,33.0,0.185,5.0,15.15,5.0,15.15,0.534,0.037,20.59,9.79,11.19,20.98,18.06,8.47,238.0,0.228,55.0,23.11,11.0,4.62,0.646,0.151,23.71,12.18,15.04,27.22,29.27,18.82,221.0,0.261,53.0,23.98,18.0,8.14,0.797,0.206,22.32,10.86,15.63,26.5,25.23,18.86
745330,2024-06-02,2024,624431,R,605483,L,field_out,False,False,45.0,0.225,5.0,11.11,4.0,8.89,0.739,0.225,18.07,7.18,20.1,27.27,25.21,7.46,44.0,0.268,2.0,4.55,3.0,6.82,0.781,0.195,11.11,5.49,18.9,24.39,37.21,4.08,82.0,0.342,19.0,23.17,8.0,9.76,0.9490000000000001,0.192,31.33,13.78,13.49,27.27,26.67,19.79,620.0,0.176,196.0,31.61,78.0,12.58,0.565,0.105,37.53,16.23,15.96,32.18,29.24,26.2
745330,2024-06-02,2024,683011,R,605483,L,single,False,False,66.0,0.254,14.0,21.21,6.0,9.09,0.679,0.10199999999999998,18.18,8.7,17.03,25.72,29.25,17.07,134.0,0.248,35.0,26.12,16.0,11.94,0.817,0.2309999999999999,28.81,13.49,15.8,29.29,27.07,23.49,82.0,0.342,19.0,23.17,8.0,9.76,0.9490000000000001,0.192,31.33,13.78,13.49,27.27,26.67,19.79,620.0,0.176,196.0,31.61,78.0,12.58,0.565,0.105,37.53,16.23,15.96,32.18,29.24,26.2
745330,2024-06-02,2024,665742,L,605483,L,single,False,False,70.0,0.316,10.0,14.29,11.0,15.71,0.94,0.21000000000000002,14.81,5.5,22.34,27.84,17.73,11.36,207.0,0.256,48.0,23.19,33.0,15.94,0.813,0.18,25.32,9.65,20.51,30.16,20.61,20.17,15.0,0.167,5.0,33.33,3.0,20.0,0.75,0.24999999999999997,34.48,14.08,12.68,26.76,20.51,20.0,125.0,0.204,38.0,30.4,21.0,16.8,0.65,0.107,36.21,14.92,13.14,28.06,20.68,23.6
745330,2024-06-02,2024,592450,R,605483,L,strikeout,True,False,59.0,0.244,15.0,25.42,18.0,30.51,1.109,0.39,34.09,11.45,15.65,27.1,16.08,21.74,74.0,0.274,21.0,28.38,11.0,14.86,1.0550000000000002,0.403,34.59,13.9,15.71,29.61,19.89,21.65,82.0,0.342,19.0,23.17,8.0,9.76,0.9490000000000001,0.192,31.33,13.78,13.49,27.27,26.67,19.79,620.0,0.176,196.0,31.61,78.0,12.58,0.565,0.105,37.53,16.23,15.96,32.18,29.24,26.2
745330,2024-06-02,2024,519317,R,605483,L,walk,False,True,55.0,0.208,17.0,30.91,1.0,1.82,0.543,0.11300000000000002,31.0,15.66,18.18,33.84,34.69,31.48,74.0,0.265,13.0,17.57,6.0,8.11,0.942,0.353,21.88,10.11,15.16,25.27,26.09,20.0,82.0,0.342,19.0,23.17,8.0,9.76,0.9490000000000001,0.192,31.33,13.78,13.49,27.27,26.67,19.79,620.0,0.176,196.0,31.61,78.0,12.58,0.565,0.105,37.53,16.23,15.96,32.18,29.24,26.2
745330,2024-06-02,2024,657077,L,669062,L,double,False,False,65.0,0.222,11.0,16.92,8.0,12.31,0.675,0.12999999999999998,18.27,7.06,23.05,30.11,22.39,13.41,161.0,0.22,27.0,16.77,15.0,9.32,0.61,0.0779999999999999,17.21,6.6,24.69,31.29,20.83,15.61,40.0,0.129,16.0,40.0,8.0,20.0,0.486,0.032,40.0,13.76,21.16,34.92,19.63,23.08,,,,,,,,,,,,,,
745330,2024-06-02,2024,518934,R,669062,L,field_out,False,False,5.0,0.25,1.0,20.0,1.0,20.0,0.65,0.0,10.0,4.76,19.05,23.81,33.33,14.29,113.0,0.255,25.0,22.12,15.0,13.27,0.761,0.149,20.93,7.45,24.22,31.68,20.95,18.66,64.0,0.193,17.0,26.56,7.0,10.94,0.772,0.298,34.81,16.67,14.89,31.56,24.64,17.71,,,,,,,,,,,,,,
745330,2024-06-02,2024,671218,R,641482,L,strikeout,True,False,20.0,0.312,5.0,25.0,4.0,20.0,1.075,0.313,28.57,15.24,4.76,20.0,21.57,11.63,46.0,0.186,16.0,34.78,3.0,6.52,0.588,0.1629999999999999,32.35,16.67,13.64,30.3,30.21,23.53,238.0,0.228,55.0,23.11,11.0,4.62,0.646,0.151,23.71,12.18,15.04,27.22,29.27,18.82,221.0,0.261,53.0,23.98,18.0,8.14,0.797,0.206,22.32,10.86,15.63,26.5,25.23,18.86
745330,2024-06-02,2024,689172,L,641482,L,single,False,False,7.0,0.571,0.0,0.0,0.0,0.0,1.571,0.42900000000000005,15.38,8.33,8.33,16.67,27.27,0.0,25.0,0.261,10.0,40.0,1.0,4.0,0.6399999999999999,0.0869999999999999,45.83,23.4,15.96,39.36,36.96,34.48,47.0,0.209,12.0,25.53,4.0,8.51,0.533,0.047000000000000014,27.27,14.2,15.98,30.18,19.72,23.53,45.0,0.163,14.0,31.11,2.0,4.44,0.526,0.163,33.71,17.86,19.64,37.5,31.43,22.22
745330,2024-06-02,2024,527038,R,642701,R,field_out,False,False,91.0,0.215,12.0,13.19,8.0,8.79,0.55,0.038000000000000006,15.33,6.34,24.52,30.85,29.32,11.11,273.0,0.271,35.0,12.82,27.0,9.89,0.849,0.2249999999999999,14.98,6.76,19.32,26.08,27.75,9.09,60.0,0.268,8.0,13.33,3.0,5.0,0.716,0.14299999999999996,19.09,9.63,17.89,27.52,33.96,11.76,32.0,0.259,9.0,28.12,5.0,15.62,0.931,0.297,29.82,12.23,19.42,31.65,36.9,16.98
745330,2024-06-02,2024,656305,R,642701,R,force_out,False,False,189.0,0.205,47.0,24.87,15.0,7.94,0.631,0.146,25.49,11.77,19.15,30.92,27.27,19.42,471.0,0.223,139.0,29.51,52.0,11.04,0.722,0.179,31.15,13.33,17.79,31.11,18.61,21.72,60.0,0.268,8.0,13.33,3.0,5.0,0.716,0.14299999999999996,19.09,9.63,17.89,27.52,33.96,11.76,32.0,0.259,9.0,28.12,5.0,15.62,0.931,0.297,29.82,12.23,19.42,31.65,36.9,16.98
745330,2024-06-02,2024,519203,L,669062,L,field_out,False,False,62.0,0.211,12.0,19.35,2.0,3.23,0.502,0.017000000000000015,19.63,9.68,17.05,26.73,27.52,21.82,87.0,0.333,11.0,12.64,8.0,9.2,0.825,0.0899999999999999,23.87,11.56,17.81,29.38,30.82,12.64,40.0,0.129,16.0,40.0,8.0,20.0,0.486,0.032,40.0,13.76,21.16,34.92,19.63,23.08,,,,,,,,,,,,,,
745330,2024-06-02,2024,650402,R,669062,L,field_out,False,False,60.0,0.231,16.0,26.67,8.0,13.33,0.641,0.07699999999999999,29.92,13.72,17.33,31.05,18.55,14.55,128.0,0.278,20.0,15.62,17.0,13.28,0.921,0.268,22.12,9.54,15.71,25.25,21.8,13.33,64.0,0.193,17.0,26.56,7.0,10.94,0.772,0.298,34.81,16.67,14.89,31.56,24.64,17.71,,,,,,,,,,,,,,
745330,2024-06-02,2024,624431,R,669062,L,strikeout,True,False,45.0,0.225,5.0,11.11,4.0,8.89,0.739,0.225,18.07,7.18,20.1,27.27,25.21,7.46,44.0,0.268,2.0,4.55,3.0,6.82,0.781,0.195,11.11,5.49,18.9,24.39,37.21,4.08,64.0,0.193,17.0,26.56,7.0,10.94,0.772,0.298,34.81,16.67,14.89,31.56,24.64,17.71,,,,,,,,,,,,,,
745330,2024-06-02,2024,624585,R,642701,R,single,False,False,138.0,0.195,31.0,22.46,13.0,9.42,0.609,0.14600000000000002,27.56,13.31,15.02,28.33,28.31,20.81,446.0,0.242,111.0,24.89,46.0,10.31,0.788,0.22,27.97,12.22,16.15,28.37,25.71,21.19,60.0,0.268,8.0,13.33,3.0,5.0,0.716,0.14299999999999996,19.09,9.63,17.89,27.52,33.96,11.76,32.0,0.259,9.0,28.12,5.0,15.62,0.931,0.297,29.82,12.23,19.42,31.65,36.9,16.98
745330,2024-06-02,2024,682641,R,642701,R,single,False,False,67.0,0.212,5.0,7.46,1.0,1.49,0.512,0.07599999999999998,11.21,6.07,14.02,20.09,37.82,10.0,154.0,0.215,23.0,14.94,8.0,5.19,0.56,0.0839999999999999,20.15,9.82,15.18,25.0,27.53,17.29,60.0,0.268,8.0,13.33,3.0,5.0,0.716,0.14299999999999996,19.09,9.63,17.89,27.52,33.96,11.76,32.0,0.259,9.0,28.12,5.0,15.62,0.931,0.297,29.82,12.23,19.42,31.65,36.9,16.98
745330,2024-06-02,2024,669477,R,642701,R,field_out,False,False,20.0,0.2,4.0,20.0,0.0,0.0,0.6000000000000001,0.2,21.88,11.86,23.73,35.59,45.83,28.57,162.0,0.193,45.0,27.78,8.0,4.94,0.5549999999999999,0.1099999999999999,29.87,16.43,14.82,31.25,40.93,29.03,60.0,0.268,8.0,13.33,3.0,5.0,0.716,0.14299999999999996,19.09,9.63,17.89,27.52,33.96,11.76,32.0,0.259,9.0,28.12,5.0,15.62,0.931,0.297,29.82,12.23,19.42,31.65,36.9,16.98
745330,2024-06-02,2024,666149,R,642701,R,field_out,False,False,29.0,0.259,12.0,41.38,1.0,3.45,0.829,0.26,31.37,12.6,22.83,35.43,20.97,28.57,22.0,0.2,6.0,27.27,2.0,9.09,0.573,0.0999999999999999,27.91,12.9,18.28,31.18,20.45,18.18,60.0,0.268,8.0,13.33,3.0,5.0,0.716,0.14299999999999996,19.09,9.63,17.89,27.52,33.96,11.76,32.0,0.259,9.0,28.12,5.0,15.62,0.931,0.297,29.82,12.23,19.42,31.65,36.9,16.98
745330,2024-06-02,2024,592200,R,642701,R,hit_by_pitch,False,False,18.0,0.286,1.0,5.56,3.0,16.67,0.698,0.0,10.0,4.76,11.11,15.87,4.0,4.0,63.0,0.17,18.0,28.57,6.0,9.52,0.468,0.0189999999999999,27.45,12.23,18.34,30.57,25.0,26.87,60.0,0.268,8.0,13.33,3.0,5.0,0.716,0.14299999999999996,19.09,9.63,17.89,27.52,33.96,11.76,32.0,0.259,9.0,28.12,5.0,15.62,0.931,0.297,29.82,12.23,19.42,31.65,36.9,16.98
745330,2024-06-02,2024,671218,R,642701,R,single,False,False,68.0,0.27,24.0,35.29,5.0,7.35,0.673,0.07899999999999996,33.6,15.11,16.91,32.01,28.67,27.59,14.0,0.154,4.0,28.57,1.0,7.14,0.368,0.0,30.43,14.58,18.75,33.33,26.09,50.0,60.0,0.268,8.0,13.33,3.0,5.0,0.716,0.14299999999999996,19.09,9.63,17.89,27.52,33.96,11.76,32.0,0.259,9.0,28.12,5.0,15.62,0.931,0.297,29.82,12.23,19.42,31.65,36.9,16.98
745330,2024-06-02,2024,689172,L,624647,L,strikeout,True,False,7.0,0.571,0.0,0.0,0.0,0.0,1.571,0.42900000000000005,15.38,8.33,8.33,16.67,27.27,0.0,25.0,0.261,10.0,40.0,1.0,4.0,0.6399999999999999,0.0869999999999999,45.83,23.4,15.96,39.36,36.96,34.48,22.0,0.15,1.0,4.55,2.0,9.09,0.377,0.0,19.44,7.37,18.95,26.32,14.29,4.0,62.0,0.259,15.0,24.19,3.0,4.84,0.6679999999999999,0.1029999999999999,27.18,11.62,23.65,35.27,30.25,22.39
745330,2024-06-02,2024,683011,R,676254,R,field_out,False,False,204.0,0.291,41.0,20.1,17.0,8.33,0.8180000000000001,0.16700000000000004,22.16,10.37,18.33,28.7,29.46,17.75,467.0,0.198,132.0,28.27,36.0,7.71,0.624,0.1579999999999999,28.15,13.53,17.49,31.02,29.16,23.4,71.0,0.226,23.0,32.39,4.0,5.63,0.5840000000000001,0.048000000000000015,28.0,12.46,21.71,34.16,31.11,24.21,168.0,0.286,49.0,29.17,17.0,10.12,0.78,0.136,32.45,14.5,19.97,34.47,33.33,24.5
745330,2024-06-02,2024,665742,L,676254,R,strikeout,True,False,204.0,0.316,34.0,16.67,29.0,14.22,1.022,0.292,24.69,9.43,18.51,27.95,17.08,14.78,502.0,0.283,81.0,16.14,99.0,19.72,0.98,0.2730000000000001,18.45,6.31,19.31,25.62,15.09,14.14,49.0,0.213,17.0,34.69,1.0,2.04,0.607,0.149,35.64,17.73,17.73,35.47,31.52,24.64,96.0,0.221,29.0,30.21,7.0,7.29,0.711,0.1979999999999999,31.22,14.6,18.81,33.42,31.25,19.72
745330,2024-06-02,2024,592450,R,676254,R,single,False,False,208.0,0.291,53.0,25.48,28.0,13.46,1.054,0.37200000000000005,31.07,13.76,14.34,28.09,19.95,20.7,384.0,0.266,109.0,28.39,77.0,20.05,1.011,0.3339999999999999,36.96,15.02,15.7,30.72,19.29,24.12,71.0,0.226,23.0,32.39,4.0,5.63,0.5840000000000001,0.048000000000000015,28.0,12.46,21.71,34.16,31.11,24.21,168.0,0.286,49.0,29.17,17.0,10.12,0.78,0.136,32.45,14.5,19.97,34.47,33.33,24.5
745330,2024-06-02,2024,519317,R,676254,R,strikeout,True,False,154.0,0.239,47.0,30.52,12.0,7.79,0.8480000000000001,0.31000000000000005,32.73,14.89,17.84,32.73,30.57,27.81,341.0,0.175,111.0,32.55,35.0,10.26,0.64,0.201,36.65,15.18,19.37,34.55,27.39,25.58,71.0,0.226,23.0,32.39,4.0,5.63,0.5840000000000001,0.048000000000000015,28.0,12.46,21.71,34.16,31.11,24.21,168.0,0.286,49.0,29.17,17.0,10.12,0.78,0.136,32.45,14.5,19.97,34.47,33.33,24.5
745330,2024-06-02,2024,527038,R,543859,R,walk,False,True,91.0,0.215,12.0,13.19,8.0,8.79,0.55,0.038000000000000006,15.33,6.34,24.52,30.85,29.32,11.11,273.0,0.271,35.0,12.82,27.0,9.89,0.849,0.2249999999999999,14.98,6.76,19.32,26.08,27.75,9.09,66.0,0.25,14.0,21.21,5.0,7.58,0.669,0.07100000000000001,27.91,12.77,17.38,30.14,31.51,14.43,172.0,0.19,42.0,24.42,11.0,6.4,0.613,0.183,25.53,12.71,17.19,29.9,29.81,17.8
745330,2024-06-02,2024,656305,R,543859,R,force_out,False,False,189.0,0.205,47.0,24.87,15.0,7.94,0.631,0.146,25.49,11.77,19.15,30.92,27.27,19.42,471.0,0.223,139.0,29.51,52.0,11.04,0.722,0.179,31.15,13.33,17.79,31.11,18.61,21.72,66.0,0.25,14.0,21.21,5.0,7.58,0.669,0.07100000000000001,27.91,12.77,17.38,30.14,31.51,14.43,172.0,0.19,42.0,24.42,11.0,6.4,0.613,0.183,25.53,12.71,17.19,29.9,29.81,17.8
745330,2024-06-02,2024,624585,R,543859,R,single,False,False,138.0,0.195,31.0,22.46,13.0,9.42,0.609,0.14600000000000002,27.56,13.31,15.02,28.33,28.31,20.81,446.0,0.242,111.0,24.89,46.0,10.31,0.788,0.22,27.97,12.22,16.15,28.37,25.71,21.19,66.0,0.25,14.0,21.21,5.0,7.58,0.669,0.07100000000000001,27.91,12.77,17.38,30.14,31.51,14.43,172.0,0.19,42.0,24.42,11.0,6.4,0.613,0.183,25.53,12.71,17.19,29.9,29.81,17.8
745330,2024-06-02,2024,682641,R,543859,R,force_out,False,False,67.0,0.212,5.0,7.46,1.0,1.49,0.512,0.07599999999999998,11.21,6.07,14.02,20.09,37.82,10.0,154.0,0.215,23.0,14.94,8.0,5.19,0.56,0.0839999999999999,20.15,9.82,15.18,25.0,27.53,17.29,66.0,0.25,14.0,21.21,5.0,7.58,0.669,0.07100000000000001,27.91,12.77,17.38,30.14,31.51,14.43,172.0,0.19,42.0,24.42,11.0,6.4,0.613,0.183,25.53,12.71,17.19,29.9,29.81,17.8
745330,2024-06-02,2024,669477,R,543859,R,strikeout,True,False,20.0,0.2,4.0,20.0,0.0,0.0,0.6000000000000001,0.2,21.88,11.86,23.73,35.59,45.83,28.57,162.0,0.193,45.0,27.78,8.0,4.94,0.5549999999999999,0.1099999999999999,29.87,16.43,14.82,31.25,40.93,29.03,66.0,0.25,14.0,21.21,5.0,7.58,0.669,0.07100000000000001,27.91,12.77,17.38,30.14,31.51,14.43,172.0,0.19,42.0,24.42,11.0,6.4,0.613,0.183,25.53,12.71,17.19,29.9,29.81,17.8
745330,2024-06-02,2024,657077,L,643511,R,field_out,False,False,168.0,0.275,17.0,10.12,12.0,7.14,0.792,0.19599999999999995,11.42,5.27,19.01,24.28,26.17,9.94,441.0,0.279,66.0,14.97,30.0,6.8,0.793,0.185,15.08,6.28,20.52,26.8,22.64,14.93,48.0,0.31,5.0,10.42,1.0,2.08,0.767,0.09500000000000003,12.9,7.1,16.57,23.67,27.42,9.8,136.0,0.2,32.0,23.53,9.0,6.62,0.5569999999999999,0.0919999999999999,20.7,10.56,18.33,28.88,27.6,21.33
745330,2024-06-02,2024,518934,R,643511,R,strikeout,True,False,11.0,0.222,1.0,9.09,2.0,18.18,0.586,0.0,4.76,2.27,22.73,25.0,25.0,5.88,450.0,0.241,100.0,22.22,45.0,10.0,0.7070000000000001,0.146,19.38,7.76,24.06,31.82,23.84,20.0,65.0,0.246,13.0,20.0,0.0,0.0,0.646,0.15400000000000003,20.0,11.62,15.15,26.77,35.71,25.49,173.0,0.262,28.0,16.18,10.0,5.78,0.733,0.1629999999999999,23.75,12.04,17.27,29.32,30.54,16.37
745330,2024-06-02,2024,519203,L,643511,R,field_out,False,False,179.0,0.258,31.0,17.32,12.0,6.7,0.735,0.15899999999999997,19.94,10.29,15.29,25.59,37.88,15.58,334.0,0.22,86.0,25.75,27.0,8.08,0.6739999999999999,0.146,25.23,12.17,17.7,29.87,34.73,19.95,48.0,0.31,5.0,10.42,1.0,2.08,0.767,0.09500000000000003,12.9,7.1,16.57,23.67,27.42,9.8,136.0,0.2,32.0,23.53,9.0,6.62,0.5569999999999999,0.0919999999999999,20.7,10.56,18.33,28.88,27.6,21.33
745330,2024-06-02,2024,573262,L,543859,R,field_out,False,False,146.0,0.218,43.0,29.45,11.0,7.53,0.661,0.165,26.22,11.01,18.71,29.72,19.41,22.99,296.0,0.243,75.0,25.34,40.0,13.51,0.831,0.235,23.69,9.65,18.67,28.32,20.68,19.69,35.0,0.2,6.0,17.14,4.0,11.43,0.5529999999999999,0.067,20.78,10.39,10.39,20.78,25.3,10.34,153.0,0.248,33.0,21.57,12.0,7.84,0.7030000000000001,0.139,24.04,12.14,15.53,27.67,29.01,16.02
745330,2024-06-02,2024,592200,R,543859,R,field_out,False,False,18.0,0.286,1.0,5.56,3.0,16.67,0.698,0.0,10.0,4.76,11.11,15.87,4.0,4.0,63.0,0.17,18.0,28.57,6.0,9.52,0.468,0.0189999999999999,27.45,12.23,18.34,30.57,25.0,26.87,66.0,0.25,14.0,21.21,5.0,7.58,0.669,0.07100000000000001,27.91,12.77,17.38,30.14,31.51,14.43,172.0,0.19,42.0,24.42,11.0,6.4,0.613,0.183,25.53,12.71,17.19,29.9,29.81,17.8
745330,2024-06-02,2024,671218,R,543859,R,strikeout,True,False,68.0,0.27,24.0,35.29,5.0,7.35,0.673,0.07899999999999996,33.6,15.11,16.91,32.01,28.67,27.59,14.0,0.154,4.0,28.57,1.0,7.14,0.368,0.0,30.43,14.58,18.75,33.33,26.09,50.0,66.0,0.25,14.0,21.21,5.0,7.58,0.669,0.07100000000000001,27.91,12.77,17.38,30.14,31.51,14.43,172.0,0.19,42.0,24.42,11.0,6.4,0.613,0.183,25.53,12.71,17.19,29.9,29.81,17.8
745330,2024-06-02,2024,650402,R,666808,R,single,False,False,187.0,0.229,44.0,23.53,16.0,8.56,0.632,0.10200000000000001,24.18,11.1,16.9,27.99,22.76,15.71,544.0,0.273,78.0,14.34,50.0,9.19,0.772,0.1589999999999999,21.74,10.32,15.57,25.89,26.86,11.29,50.0,0.098,14.0,28.0,9.0,18.0,0.43100000000000005,0.07300000000000001,35.24,17.29,14.49,31.78,30.36,20.29,136.0,0.244,44.0,32.35,8.0,5.88,0.594,0.0409999999999999,35.9,16.28,17.05,33.33,26.79,34.38
745330,2024-06-02,2024,624431,R,666808,R,force_out,False,False,70.0,0.297,9.0,12.86,4.0,5.71,0.734,0.09400000000000003,16.0,6.58,22.22,28.81,29.46,17.31,125.0,0.19,20.0,16.0,5.0,4.0,0.495,0.069,18.59,8.22,23.33,31.56,37.86,15.5,50.0,0.098,14.0,28.0,9.0,18.0,0.43100000000000005,0.07300000000000001,35.24,17.29,14.49,31.78,30.36,20.29,136.0,0.244,44.0,32.35,8.0,5.88,0.594,0.0409999999999999,35.9,16.28,17.05,33.33,26.79,34.38
745330,2024-06-02,2024,683011,R,666808,R,triple,False,False,204.0,0.291,41.0,20.1,17.0,8.33,0.8180000000000001,0.16700000000000004,22.16,10.37,18.33,28.7,29.46,17.75,467.0,0.198,132.0,28.27,36.0,7.71,0.624,0.1579999999999999,28.15,13.53,17.49,31.02,29.16,23.4,50.0,0.098,14.0,28.0,9.0,18.0,0.43100000000000005,0.07300000000000001,35.24,17.29,14.49,31.78,30.36,20.29,136.0,0.244,44.0,32.35,8.0,5.88,0.594,0.0409999999999999,35.9,16.28,17.05,33.33,26.79,34.38
745330,2024-06-02,2024,665742,L,666808,R,home_run,False,False,204.0,0.316,34.0,16.67,29.0,14.22,1.022,0.292,24.69,9.43,18.51,27.95,17.08,14.78,502.0,0.283,81.0,16.14,99.0,19.72,0.98,0.2730000000000001,18.45,6.31,19.31,25.62,15.09,14.14,51.0,0.289,15.0,29.41,6.0,11.76,0.817,0.15500000000000003,35.05,15.32,18.02,33.33,29.91,26.32,147.0,0.174,43.0,29.25,18.0,12.24,0.588,0.1149999999999999,31.29,14.99,14.68,29.68,31.58,19.72
745330,2024-06-02,2024,592450,R,666808,R,walk,False,True,208.0,0.291,53.0,25.48,28.0,13.46,1.054,0.37200000000000005,31.07,13.76,14.34,28.09,19.95,20.7,384.0,0.266,109.0,28.39,77.0,20.05,1.011,0.3339999999999999,36.96,15.02,15.7,30.72,19.29,24.12,50.0,0.098,14.0,28.0,9.0,18.0,0.43100000000000005,0.07300000000000001,35.24,17.29,14.49,31.78,30.36,20.29,136.0,0.244,44.0,32.35,8.0,5.88,0.594,0.0409999999999999,35.9,16.28,17.05,33.33,26.79,34.38
745330,2024-06-02,2024,519317,R,666808,R,double,False,False,154.0,0.239,47.0,30.52,12.0,7.79,0.8480000000000001,0.31000000000000005,32.73,14.89,17.84,32.73,30.57,27.81,341.0,0.175,111.0,32.55,35.0,10.26,0.64,0.201,36.65,15.18,19.37,34.55,27.39,25.58,50.0,0.098,14.0,28.0,9.0,18.0,0.43100000000000005,0.07300000000000001,35.24,17.29,14.49,31.78,30.36,20.29,136.0,0.244,44.0,32.35,8.0,5.88,0.594,0.0409999999999999,35.9,16.28,17.05,33.33,26.79,34.38
745330,2024-06-02,2024,657077,L,666808,R,walk,False,True,168.0,0.275,17.0,10.12,12.0,7.14,0.792,0.19599999999999995,11.42,5.27,19.01,24.28,26.17,9.94,441.0,0.279,66.0,14.97,30.0,6.8,0.793,0.185,15.08,6.28,20.52,26.8,22.64,14.93,51.0,0.289,15.0,29.41,6.0,11.76,0.817,0.15500000000000003,35.05,15.32,18.02,33.33,29.91,26.32,147.0,0.174,43.0,29.25,18.0,12.24,0.588,0.1149999999999999,31.29,14.99,14.68,29.68,31.58,19.72
745330,2024-06-02,2024,518934,R,666808,R,strikeout,True,False,11.0,0.222,1.0,9.09,2.0,18.18,0.586,0.0,4.76,2.27,22.73,25.0,25.0,5.88,450.0,0.241,100.0,22.22,45.0,10.0,0.7070000000000001,0.146,19.38,7.76,24.06,31.82,23.84,20.0,50.0,0.098,14.0,28.0,9.0,18.0,0.43100000000000005,0.07300000000000001,35.24,17.29,14.49,31.78,30.36,20.29,136.0,0.244,44.0,32.35,8.0,5.88,0.594,0.0409999999999999,35.9,16.28,17.05,33.33,26.79,34.38
745330,2024-06-02,2024,519203,L,573124,L,field_out,False,False,62.0,0.211,12.0,19.35,2.0,3.23,0.502,0.017000000000000015,19.63,9.68,17.05,26.73,27.52,21.82,87.0,0.333,11.0,12.64,8.0,9.2,0.825,0.0899999999999999,23.87,11.56,17.81,29.38,30.82,12.64,41.0,0.306,11.0,26.83,4.0,9.76,0.8340000000000001,0.138,28.12,11.11,21.6,32.72,24.69,29.73,103.0,0.101,39.0,37.86,11.0,10.68,0.3299999999999999,0.0229999999999999,32.18,13.05,23.78,36.83,25.84,25.83
745330,2024-06-02,2024,689172,L,605280,R,field_out,False,False,25.0,0.292,6.0,24.0,0.0,0.0,0.613,0.041000000000000036,31.25,16.85,16.85,33.71,48.94,25.0,106.0,0.155,30.0,28.3,8.0,7.55,0.4639999999999999,0.092,28.32,14.65,14.19,28.83,32.6,19.86,49.0,0.261,9.0,18.37,2.0,4.08,0.5469999999999999,0.0,24.0,11.54,19.87,31.41,36.59,25.0,114.0,0.2,26.0,22.81,12.0,10.53,0.5589999999999999,0.07,23.83,10.48,19.36,29.84,22.22,21.67
745330,2024-06-02,2024,527038,R,605280,R,field_out,False,False,91.0,0.215,12.0,13.19,8.0,8.79,0.55,0.038000000000000006,15.33,6.34,24.52,30.85,29.32,11.11,273.0,0.271,35.0,12.82,27.0,9.89,0.849,0.2249999999999999,14.98,6.76,19.32,26.08,27.75,9.09,60.0,0.25,18.0,30.0,6.0,10.0,0.6579999999999999,0.057999999999999996,34.69,13.99,24.28,38.27,20.97,20.22,148.0,0.231,45.0,30.41,11.0,7.43,0.603,0.0749999999999999,28.02,12.29,20.82,33.11,26.21,24.32
745330,2024-06-02,2024,656305,R,605280,R,field_out,False,False,189.0,0.205,47.0,24.87,15.0,7.94,0.631,0.146,25.49,11.77,19.15,30.92,27.27,19.42,471.0,0.223,139.0,29.51,52.0,11.04,0.722,0.179,31.15,13.33,17.79,31.11,18.61,21.72,60.0,0.25,18.0,30.0,6.0,10.0,0.6579999999999999,0.057999999999999996,34.69,13.99,24.28,38.27,20.97,20.22,148.0,0.231,45.0,30.41,11.0,7.43,0.603,0.0749999999999999,28.02,12.29,20.82,33.11,26.21,24.32
747030,2024-06-02,2024,650490,R,608344,L,field_out,False,False,59.0,0.278,6.0,10.17,4.0,6.78,0.7110000000000001,0.11099999999999999,9.8,4.39,15.35,19.74,20.72,12.0,139.0,0.355,22.0,15.83,16.0,11.51,1.101,0.314,16.87,7.31,16.22,23.53,19.53,13.75,154.0,0.259,27.0,17.53,10.0,6.49,0.6970000000000001,0.126,17.79,8.71,18.29,27.0,27.38,15.25,267.0,0.253,59.0,22.1,15.0,5.62,0.744,0.188,20.94,10.76,16.67,27.42,29.92,18.1
747030,2024-06-02,2024,668227,R,608344,L,field_out,False,False,55.0,0.133,13.0,23.64,9.0,16.36,0.567,0.15599999999999997,27.84,11.49,18.3,29.79,20.66,19.12,138.0,0.254,37.0,26.81,18.0,13.04,0.8280000000000001,0.212,26.44,11.46,18.11,29.57,29.32,19.68,154.0,0.259,27.0,17.53,10.0,6.49,0.6970000000000001,0.126,17.79,8.71,18.29,27.0,27.38,15.25,267.0,0.253,59.0,22.1,15.0,5.62,0.744,0.188,20.94,10.76,16.67,27.42,29.92,18.1
747030,2024-06-02,2024,623912,R,608344,L,single,False,False,50.0,0.3,10.0,20.0,0.0,0.0,0.6799999999999999,0.08000000000000002,29.52,17.22,16.67,33.89,52.63,17.86,125.0,0.387,21.0,16.8,4.0,3.2,0.966,0.168,24.43,14.04,13.82,27.85,43.48,15.67,154.0,0.259,27.0,17.53,10.0,6.49,0.6970000000000001,0.126,17.79,8.71,18.29,27.0,27.38,15.25,267.0,0.253,59.0,22.1,15.0,5.62,0.744,0.188,20.94,10.76,16.67,27.42,29.92,18.1
747030,2024-06-02,2024,670623,R,608344,L,field_out,False,False,50.0,0.279,10.0,20.0,6.0,12.0,0.7989999999999999,0.13999999999999996,18.18,7.48,21.03,28.5,23.97,15.38,136.0,0.259,22.0,16.18,15.0,11.03,0.773,0.146,17.06,7.6,18.37,25.97,26.71,12.64,154.0,0.259,27.0,17.53,10.0,6.49,0.6970000000000001,0.126,17.79,8.71,18.29,27.0,27.38,15.25,267.0,0.253,59.0,22.1,15.0,5.62,0.744,0.188,20.94,10.76,16.67,27.42,29.92,18.1
747030,2024-06-02,2024,683002,L,641793,R,home_run,False,False,169.0,0.242,36.0,21.3,16.0,9.47,0.889,0.32199999999999995,24.41,11.36,14.83,26.18,23.68,23.68,455.0,0.272,117.0,25.71,38.0,8.35,0.885,0.277,25.57,12.07,15.7,27.78,26.4,22.35,124.0,0.233,27.0,21.77,7.0,5.65,0.655,0.146,24.1,12.32,16.43,28.75,28.44,15.85,183.0,0.233,41.0,22.4,8.0,4.37,0.681,0.1799999999999999,22.16,11.64,17.0,28.64,32.55,20.2
747030,2024-06-02,2024,668939,L,641793,R,single,False,False,158.0,0.234,31.0,19.62,10.0,6.33,0.6439999999999999,0.12499999999999997,22.97,10.86,19.01,29.87,33.44,17.42,496.0,0.267,80.0,16.13,61.0,12.3,0.778,0.1519999999999999,16.76,6.91,19.7,26.61,24.41,12.54,124.0,0.233,27.0,21.77,7.0,5.65,0.655,0.146,24.1,12.32,16.43,28.75,28.44,15.85,183.0,0.233,41.0,22.4,8.0,4.37,0.681,0.1799999999999999,22.16,11.64,17.0,28.64,32.55,20.2
747030,2024-06-02,2024,663624,R,641793,R,strikeout,True,False,150.0,0.284,34.0,22.67,7.0,4.67,0.7949999999999999,0.198,23.12,12.52,12.69,25.21,36.88,18.38,310.0,0.235,78.0,25.16,22.0,7.1,0.6399999999999999,0.1139999999999999,29.78,16.05,13.56,29.61,37.06,21.61,137.0,0.298,37.0,27.01,3.0,2.19,0.7250000000000001,0.09900000000000003,25.45,14.17,15.79,29.96,35.14,21.51,196.0,0.287,33.0,16.84,4.0,2.04,0.76,0.16,19.89,10.69,14.35,25.04,30.7,16.92
747030,2024-06-02,2024,623993,L,641793,R,field_out,False,False,158.0,0.193,26.0,16.46,10.0,6.33,0.6659999999999999,0.21399999999999997,16.53,9.32,12.01,21.33,40.94,12.5,486.0,0.26,107.0,22.02,31.0,6.38,0.798,0.2229999999999999,22.13,11.37,14.84,26.21,37.22,15.21,124.0,0.233,27.0,21.77,7.0,5.65,0.655,0.146,24.1,12.32,16.43,28.75,28.44,15.85,183.0,0.233,41.0,22.4,8.0,4.37,0.681,0.1799999999999999,22.16,11.64,17.0,28.64,32.55,20.2
747030,2024-06-02,2024,676059,R,641793,R,force_out,False,False,157.0,0.317,25.0,15.92,11.0,7.01,0.925,0.23200000000000004,26.71,13.33,15.56,28.89,31.17,13.79,146.0,0.246,33.0,22.6,8.0,5.48,0.6779999999999999,0.142,22.97,11.73,16.25,27.98,29.59,19.76,137.0,0.298,37.0,27.01,3.0,2.19,0.7250000000000001,0.09900000000000003,25.45,14.17,15.79,29.96,35.14,21.51,196.0,0.287,33.0,16.84,4.0,2.04,0.76,0.16,19.89,10.69,14.35,25.04,30.7,16.92
747030,2024-06-02,2024,642708,R,608344,L,field_out,False,False,48.0,0.292,9.0,18.75,0.0,0.0,0.709,0.125,26.67,15.64,13.41,29.05,41.3,17.31,193.0,0.282,27.0,13.99,11.0,5.7,0.768,0.16,18.35,9.79,15.18,24.96,39.07,12.33,154.0,0.259,27.0,17.53,10.0,6.49,0.6970000000000001,0.126,17.79,8.71,18.29,27.0,27.38,15.25,267.0,0.253,59.0,22.1,15.0,5.62,0.744,0.188,20.94,10.76,16.67,27.42,29.92,18.1
747030,2024-06-02,2024,642350,R,608344,L,field_out,False,False,39.0,0.152,15.0,38.46,5.0,12.82,0.62,0.212,45.24,21.47,13.56,35.03,25.27,24.59,93.0,0.198,37.0,39.78,4.0,4.3,0.647,0.2209999999999999,43.46,22.99,15.24,38.23,37.84,32.17,154.0,0.259,27.0,17.53,10.0,6.49,0.6970000000000001,0.126,17.79,8.71,18.29,27.0,27.38,15.25,267.0,0.253,59.0,22.1,15.0,5.62,0.744,0.188,20.94,10.76,16.67,27.42,29.92,18.1
747030,2024-06-02,2024,676356,R,608344,L,field_out,False,False,21.0,0.235,4.0,19.05,4.0,19.05,0.969,0.353,23.53,12.5,13.54,26.04,41.18,10.53,35.0,0.281,8.0,22.86,3.0,8.57,0.7490000000000001,0.125,27.78,15.15,13.64,28.79,41.67,17.78,154.0,0.259,27.0,17.53,10.0,6.49,0.6970000000000001,0.126,17.79,8.71,18.29,27.0,27.38,15.25,267.0,0.253,59.0,22.1,15.0,5.62,0.744,0.188,20.94,10.76,16.67,27.42,29.92,18.1
747030,2024-06-02,2024,669720,R,641793,R,single,False,False,51.0,0.067,8.0,15.69,4.0,7.84,0.224,0.0,23.75,12.1,15.29,27.39,27.03,25.0,399.0,0.28,104.0,26.07,22.0,5.51,0.762,0.1589999999999999,29.22,13.77,18.52,32.29,31.55,22.92,137.0,0.298,37.0,27.01,3.0,2.19,0.7250000000000001,0.09900000000000003,25.45,14.17,15.79,29.96,35.14,21.51,196.0,0.287,33.0,16.84,4.0,2.04,0.76,0.16,19.89,10.69,14.35,25.04,30.7,16.92
747030,2024-06-02,2024,656775,L,641793,R,grounded_into_double_play,False,False,128.0,0.205,33.0,25.78,8.0,6.25,0.637,0.18000000000000002,20.72,11.02,12.71,23.73,29.26,22.6,336.0,0.233,77.0,22.92,31.0,9.23,0.726,0.1889999999999999,26.24,13.25,14.23,27.48,28.99,18.95,124.0,0.233,27.0,21.77,7.0,5.65,0.655,0.146,24.1,12.32,16.43,28.75,28.44,15.85,183.0,0.233,41.0,22.4,8.0,4.37,0.681,0.1799999999999999,22.16,11.64,17.0,28.64,32.55,20.2
747030,2024-06-02,2024,622761,R,641793,R,single,False,False,72.0,0.219,16.0,22.22,3.0,4.17,0.618,0.156,21.38,11.03,16.01,27.05,29.93,18.52,214.0,0.178,59.0,27.57,13.0,6.07,0.515,0.1099999999999999,30.51,15.04,17.45,32.49,35.45,26.94,137.0,0.298,37.0,27.01,3.0,2.19,0.7250000000000001,0.09900000000000003,25.45,14.17,15.79,29.96,35.14,21.51,196.0,0.287,33.0,16.84,4.0,2.04,0.76,0.16,19.89,10.69,14.35,25.04,30.7,16.92
747030,2024-06-02,2024,543510,R,641793,R,field_out,False,False,42.0,0.2,6.0,14.29,1.0,2.38,0.489,0.07500000000000001,19.23,10.64,14.89,25.53,40.0,12.2,112.0,0.247,31.0,27.68,6.0,5.36,0.702,0.134,37.09,19.22,14.36,33.58,41.41,26.72,137.0,0.298,37.0,27.01,3.0,2.19,0.7250000000000001,0.09900000000000003,25.45,14.17,15.79,29.96,35.14,21.51,196.0,0.287,33.0,16.84,4.0,2.04,0.76,0.16,19.89,10.69,14.35,25.04,30.7,16.92
747030,2024-06-02,2024,676609,R,608344,L,field_out,False,False,40.0,0.278,17.0,42.5,1.0,2.5,0.677,0.08299999999999996,41.67,22.73,18.83,41.56,42.25,28.33,124.0,0.265,29.0,23.39,13.0,10.48,0.758,0.0979999999999999,21.43,9.88,19.38,29.26,31.78,17.26,154.0,0.259,27.0,17.53,10.0,6.49,0.6970000000000001,0.126,17.79,8.71,18.29,27.0,27.38,15.25,267.0,0.253,59.0,22.1,15.0,5.62,0.744,0.188,20.94,10.76,16.67,27.42,29.92,18.1
747030,2024-06-02,2024,656577,R,608344,L,field_out,False,False,9.0,0.0,7.0,77.78,0.0,0.0,0.0,0.0,53.85,34.15,9.76,43.9,55.56,38.89,,,,,,,,,,,,,,,154.0,0.259,27.0,17.53,10.0,6.49,0.6970000000000001,0.126,17.79,8.71,18.29,27.0,27.38,15.25,267.0,0.253,59.0,22.1,15.0,5.62,0.744,0.188,20.94,10.76,16.67,27.42,29.92,18.1
747030,2024-06-02,2024,650490,R,608344,L,double,False,False,59.0,0.278,6.0,10.17,4.0,6.78,0.7110000000000001,0.11099999999999999,9.8,4.39,15.35,19.74,20.72,12.0,139.0,0.355,22.0,15.83,16.0,11.51,1.101,0.314,16.87,7.31,16.22,23.53,19.53,13.75,154.0,0.259,27.0,17.53,10.0,6.49,0.6970000000000001,0.126,17.79,8.71,18.29,27.0,27.38,15.25,267.0,0.253,59.0,22.1,15.0,5.62,0.744,0.188,20.94,10.76,16.67,27.42,29.92,18.1
747030,2024-06-02,2024,668227,R,608344,L,field_out,False,False,55.0,0.133,13.0,23.64,9.0,16.36,0.567,0.15599999999999997,27.84,11.49,18.3,29.79,20.66,19.12,138.0,0.254,37.0,26.81,18.0,13.04,0.8280000000000001,0.212,26.44,11.46,18.11,29.57,29.32,19.68,154.0,0.259,27.0,17.53,10.0,6.49,0.6970000000000001,0.126,17.79,8.71,18.29,27.0,27.38,15.25,267.0,0.253,59.0,22.1,15.0,5.62,0.744,0.188,20.94,10.76,16.67,27.42,29.92,18.1
747030,2024-06-02,2024,683002,L,641793,R,single,False,False,169.0,0.242,36.0,21.3,16.0,9.47,0.889,0.32199999999999995,24.41,11.36,14.83,26.18,23.68,23.68,455.0,0.272,117.0,25.71,38.0,8.35,0.885,0.277,25.57,12.07,15.7,27.78,26.4,22.35,124.0,0.233,27.0,21.77,7.0,5.65,0.655,0.146,24.1,12.32,16.43,28.75,28.44,15.85,183.0,0.233,41.0,22.4,8.0,4.37,0.681,0.1799999999999999,22.16,11.64,17.0,28.64,32.55,20.2
747030,2024-06-02,2024,668939,L,641793,R,field_out,False,False,158.0,0.234,31.0,19.62,10.0,6.33,0.6439999999999999,0.12499999999999997,22.97,10.86,19.01,29.87,33.44,17.42,496.0,0.267,80.0,16.13,61.0,12.3,0.778,0.1519999999999999,16.76,6.91,19.7,26.61,24.41,12.54,124.0,0.233,27.0,21.77,7.0,5.65,0.655,0.146,24.1,12.32,16.43,28.75,28.44,15.85,183.0,0.233,41.0,22.4,8.0,4.37,0.681,0.1799999999999999,22.16,11.64,17.0,28.64,32.55,20.2
747030,2024-06-02,2024,663624,R,641793,R,field_out,False,False,150.0,0.284,34.0,22.67,7.0,4.67,0.7949999999999999,0.198,23.12,12.52,12.69,25.21,36.88,18.38,310.0,0.235,78.0,25.16,22.0,7.1,0.6399999999999999,0.1139999999999999,29.78,16.05,13.56,29.61,37.06,21.61,137.0,0.298,37.0,27.01,3.0,2.19,0.7250000000000001,0.09900000000000003,25.45,14.17,15.79,29.96,35.14,21.51,196.0,0.287,33.0,16.84,4.0,2.04,0.76,0.16,19.89,10.69,14.35,25.04,30.7,16.92
747030,2024-06-02,2024,623993,L,641793,R,single,False,False,158.0,0.193,26.0,16.46,10.0,6.33,0.6659999999999999,0.21399999999999997,16.53,9.32,12.01,21.33,40.94,12.5,486.0,0.26,107.0,22.02,31.0,6.38,0.798,0.2229999999999999,22.13,11.37,14.84,26.21,37.22,15.21,124.0,0.233,27.0,21.77,7.0,5.65,0.655,0.146,24.1,12.32,16.43,28.75,28.44,15.85,183.0,0.233,41.0,22.4,8.0,4.37,0.681,0.1799999999999999,22.16,11.64,17.0,28.64,32.55,20.2
747030,2024-06-02,2024,676059,R,641793,R,single,False,False,157.0,0.317,25.0,15.92,11.0,7.01,0.925,0.23200000000000004,26.71,13.33,15.56,28.89,31.17,13.79,146.0,0.246,33.0,22.6,8.0,5.48,0.6779999999999999,0.142,22.97,11.73,16.25,27.98,29.59,19.76,137.0,0.298,37.0,27.01,3.0,2.19,0.7250000000000001,0.09900000000000003,25.45,14.17,15.79,29.96,35.14,21.51,196.0,0.287,33.0,16.84,4.0,2.04,0.76,0.16,19.89,10.69,14.35,25.04,30.7,16.92
747030,2024-06-02,2024,669720,R,641793,R,force_out,False,False,51.0,0.067,8.0,15.69,4.0,7.84,0.224,0.0,23.75,12.1,15.29,27.39,27.03,25.0,399.0,0.28,104.0,26.07,22.0,5.51,0.762,0.1589999999999999,29.22,13.77,18.52,32.29,31.55,22.92,137.0,0.298,37.0,27.01,3.0,2.19,0.7250000000000001,0.09900000000000003,25.45,14.17,15.79,29.96,35.14,21.51,196.0,0.287,33.0,16.84,4.0,2.04,0.76,0.16,19.89,10.69,14.35,25.04,30.7,16.92
747030,2024-06-02,2024,623912,R,608344,L,single,False,False,50.0,0.3,10.0,20.0,0.0,0.0,0.6799999999999999,0.08000000000000002,29.52,17.22,16.67,33.89,52.63,17.86,125.0,0.387,21.0,16.8,4.0,3.2,0.966,0.168,24.43,14.04,13.82,27.85,43.48,15.67,154.0,0.259,27.0,17.53,10.0,6.49,0.6970000000000001,0.126,17.79,8.71,18.29,27.0,27.38,15.25,267.0,0.253,59.0,22.1,15.0,5.62,0.744,0.188,20.94,10.76,16.67,27.42,29.92,18.1
747030,2024-06-02,2024,670623,R,608344,L,field_out,False,False,50.0,0.279,10.0,20.0,6.0,12.0,0.7989999999999999,0.13999999999999996,18.18,7.48,21.03,28.5,23.97,15.38,136.0,0.259,22.0,16.18,15.0,11.03,0.773,0.146,17.06,7.6,18.37,25.97,26.71,12.64,154.0,0.259,27.0,17.53,10.0,6.49,0.6970000000000001,0.126,17.79,8.71,18.29,27.0,27.38,15.25,267.0,0.253,59.0,22.1,15.0,5.62,0.744,0.188,20.94,10.76,16.67,27.42,29.92,18.1
747030,2024-06-02,2024,642708,R,608344,L,single,False,False,48.0,0.292,9.0,18.75,0.0,0.0,0.709,0.125,26.67,15.64,13.41,29.05,41.3,17.31,193.0,0.282,27.0,13.99,11.0,5.7,0.768,0.16,18.35,9.79,15.18,24.96,39.07,12.33,154.0,0.259,27.0,17.53,10.0,6.49,0.6970000000000001,0.126,17.79,8.71,18.29,27.0,27.38,15.25,267.0,0.253,59.0,22.1,15.0,5.62,0.744,0.188,20.94,10.76,16.67,27.42,29.92,18.1
747030,2024-06-02,2024,642350,R,608344,L,field_out,False,False,39.0,0.152,15.0,38.46,5.0,12.82,0.62,0.212,45.24,21.47,13.56,35.03,25.27,24.59,93.0,0.198,37.0,39.78,4.0,4.3,0.647,0.2209999999999999,43.46,22.99,15.24,38.23,37.84,32.17,154.0,0.259,27.0,17.53,10.0,6.49,0.6970000000000001,0.126,17.79,8.71,18.29,27.0,27.38,15.25,267.0,0.253,59.0,22.1,15.0,5.62,0.744,0.188,20.94,10.76,16.67,27.42,29.92,18.1
747030,2024-06-02,2024,676356,R,608344,L,caught_stealing_2b,False,False,21.0,0.235,4.0,19.05,4.0,19.05,0.969,0.353,23.53,12.5,13.54,26.04,41.18,10.53,35.0,0.281,8.0,22.86,3.0,8.57,0.7490000000000001,0.125,27.78,15.15,13.64,28.79,41.67,17.78,154.0,0.259,27.0,17.53,10.0,6.49,0.6970000000000001,0.126,17.79,8.71,18.29,27.0,27.38,15.25,267.0,0.253,59.0,22.1,15.0,5.62,0.744,0.188,20.94,10.76,16.67,27.42,29.92,18.1
747030,2024-06-02,2024,656775,L,641793,R,field_out,False,False,128.0,0.205,33.0,25.78,8.0,6.25,0.637,0.18000000000000002,20.72,11.02,12.71,23.73,29.26,22.6,336.0,0.233,77.0,22.92,31.0,9.23,0.726,0.1889999999999999,26.24,13.25,14.23,27.48,28.99,18.95,124.0,0.233,27.0,21.77,7.0,5.65,0.655,0.146,24.1,12.32,16.43,28.75,28.44,15.85,183.0,0.233,41.0,22.4,8.0,4.37,0.681,0.1799999999999999,22.16,11.64,17.0,28.64,32.55,20.2
747030,2024-06-02,2024,602104,R,641793,R,strikeout,True,False,49.0,0.217,8.0,16.33,2.0,4.08,0.613,0.13099999999999998,28.09,13.81,12.15,25.97,24.21,16.33,272.0,0.274,72.0,26.47,17.0,6.25,0.726,0.1169999999999999,29.67,14.82,16.24,31.07,27.7,24.41,137.0,0.298,37.0,27.01,3.0,2.19,0.7250000000000001,0.09900000000000003,25.45,14.17,15.79,29.96,35.14,21.51,196.0,0.287,33.0,16.84,4.0,2.04,0.76,0.16,19.89,10.69,14.35,25.04,30.7,16.92
747030,2024-06-02,2024,543510,R,641793,R,single,False,False,42.0,0.2,6.0,14.29,1.0,2.38,0.489,0.07500000000000001,19.23,10.64,14.89,25.53,40.0,12.2,112.0,0.247,31.0,27.68,6.0,5.36,0.702,0.134,37.09,19.22,14.36,33.58,41.41,26.72,137.0,0.298,37.0,27.01,3.0,2.19,0.7250000000000001,0.09900000000000003,25.45,14.17,15.79,29.96,35.14,21.51,196.0,0.287,33.0,16.84,4.0,2.04,0.76,0.16,19.89,10.69,14.35,25.04,30.7,16.92
747030,2024-06-02,2024,683002,L,641793,R,walk,False,True,169.0,0.242,36.0,21.3,16.0,9.47,0.889,0.32199999999999995,24.41,11.36,14.83,26.18,23.68,23.68,455.0,0.272,117.0,25.71,38.0,8.35,0.885,0.277,25.57,12.07,15.7,27.78,26.4,22.35,124.0,0.233,27.0,21.77,7.0,5.65,0.655,0.146,24.1,12.32,16.43,28.75,28.44,15.85,183.0,0.233,41.0,22.4,8.0,4.37,0.681,0.1799999999999999,22.16,11.64,17.0,28.64,32.55,20.2
747030,2024-06-02,2024,668939,L,641793,R,single,False,False,158.0,0.234,31.0,19.62,10.0,6.33,0.6439999999999999,0.12499999999999997,22.97,10.86,19.01,29.87,33.44,17.42,496.0,0.267,80.0,16.13,61.0,12.3,0.778,0.1519999999999999,16.76,6.91,19.7,26.61,24.41,12.54,124.0,0.233,27.0,21.77,7.0,5.65,0.655,0.146,24.1,12.32,16.43,28.75,28.44,15.85,183.0,0.233,41.0,22.4,8.0,4.37,0.681,0.1799999999999999,22.16,11.64,17.0,28.64,32.55,20.2
747030,2024-06-02,2024,663624,R,641793,R,field_out,False,False,150.0,0.284,34.0,22.67,7.0,4.67,0.7949999999999999,0.198,23.12,12.52,12.69,25.21,36.88,18.38,310.0,0.235,78.0,25.16,22.0,7.1,0.6399999999999999,0.1139999999999999,29.78,16.05,13.56,29.61,37.06,21.61,137.0,0.298,37.0,27.01,3.0,2.19,0.7250000000000001,0.09900000000000003,25.45,14.17,15.79,29.96,35.14,21.51,196.0,0.287,33.0,16.84,4.0,2.04,0.76,0.16,19.89,10.69,14.35,25.04,30.7,16.92
747030,2024-06-02,2024,676356,R,608344,L,field_out,False,False,21.0,0.235,4.0,19.05,4.0,19.05,0.969,0.353,23.53,12.5,13.54,26.04,41.18,10.53,35.0,0.281,8.0,22.86,3.0,8.57,0.7490000000000001,0.125,27.78,15.15,13.64,28.79,41.67,17.78,154.0,0.259,27.0,17.53,10.0,6.49,0.6970000000000001,0.126,17.79,8.71,18.29,27.0,27.38,15.25,267.0,0.253,59.0,22.1,15.0,5.62,0.744,0.188,20.94,10.76,16.67,27.42,29.92,18.1
747030,2024-06-02,2024,676609,R,608344,L,single,False,False,40.0,0.278,17.0,42.5,1.0,2.5,0.677,0.08299999999999996,41.67,22.73,18.83,41.56,42.25,28.33,124.0,0.265,29.0,23.39,13.0,10.48,0.758,0.0979999999999999,21.43,9.88,19.38,29.26,31.78,17.26,154.0,0.259,27.0,17.53,10.0,6.49,0.6970000000000001,0.126,17.79,8.71,18.29,27.0,27.38,15.25,267.0,0.253,59.0,22.1,15.0,5.62,0.744,0.188,20.94,10.76,16.67,27.42,29.92,18.1
747030,2024-06-02,2024,656577,R,608344,L,single,False,False,9.0,0.0,7.0,77.78,0.0,0.0,0.0,0.0,53.85,34.15,9.76,43.9,55.56,38.89,,,,,,,,,,,,,,,154.0,0.259,27.0,17.53,10.0,6.49,0.6970000000000001,0.126,17.79,8.71,18.29,27.0,27.38,15.25,267.0,0.253,59.0,22.1,15.0,5.62,0.744,0.188,20.94,10.76,16.67,27.42,29.92,18.1
747030,2024-06-02,2024,650490,R,608344,L,sac_fly,False,False,59.0,0.278,6.0,10.17,4.0,6.78,0.7110000000000001,0.11099999999999999,9.8,4.39,15.35,19.74,20.72,12.0,139.0,0.355,22.0,15.83,16.0,11.51,1.101,0.314,16.87,7.31,16.22,23.53,19.53,13.75,154.0,0.259,27.0,17.53,10.0,6.49,0.6970000000000001,0.126,17.79,8.71,18.29,27.0,27.38,15.25,267.0,0.253,59.0,22.1,15.0,5.62,0.744,0.188,20.94,10.76,16.67,27.42,29.92,18.1
747030,2024-06-02,2024,668227,R,608344,L,walk,False,True,55.0,0.133,13.0,23.64,9.0,16.36,0.567,0.15599999999999997,27.84,11.49,18.3,29.79,20.66,19.12,138.0,0.254,37.0,26.81,18.0,13.04,0.8280000000000001,0.212,26.44,11.46,18.11,29.57,29.32,19.68,154.0,0.259,27.0,17.53,10.0,6.49,0.6970000000000001,0.126,17.79,8.71,18.29,27.0,27.38,15.25,267.0,0.253,59.0,22.1,15.0,5.62,0.744,0.188,20.94,10.76,16.67,27.42,29.92,18.1
747030,2024-06-02,2024,623912,R,608344,L,field_out,False,False,50.0,0.3,10.0,20.0,0.0,0.0,0.6799999999999999,0.08000000000000002,29.52,17.22,16.67,33.89,52.63,17.86,125.0,0.387,21.0,16.8,4.0,3.2,0.966,0.168,24.43,14.04,13.82,27.85,43.48,15.67,154.0,0.259,27.0,17.53,10.0,6.49,0.6970000000000001,0.126,17.79,8.71,18.29,27.0,27.38,15.25,267.0,0.253,59.0,22.1,15.0,5.62,0.744,0.188,20.94,10.76,16.67,27.42,29.92,18.1
747030,2024-06-02,2024,623993,L,641793,R,field_out,False,False,158.0,0.193,26.0,16.46,10.0,6.33,0.6659999999999999,0.21399999999999997,16.53,9.32,12.01,21.33,40.94,12.5,486.0,0.26,107.0,22.02,31.0,6.38,0.798,0.2229999999999999,22.13,11.37,14.84,26.21,37.22,15.21,124.0,0.233,27.0,21.77,7.0,5.65,0.655,0.146,24.1,12.32,16.43,28.75,28.44,15.85,183.0,0.233,41.0,22.4,8.0,4.37,0.681,0.1799999999999999,22.16,11.64,17.0,28.64,32.55,20.2
747030,2024-06-02,2024,676059,R,641793,R,field_out,False,False,157.0,0.317,25.0,15.92,11.0,7.01,0.925,0.23200000000000004,26.71,13.33,15.56,28.89,31.17,13.79,146.0,0.246,33.0,22.6,8.0,5.48,0.6779999999999999,0.142,22.97,11.73,16.25,27.98,29.59,19.76,137.0,0.298,37.0,27.01,3.0,2.19,0.7250000000000001,0.09900000000000003,25.45,14.17,15.79,29.96,35.14,21.51,196.0,0.287,33.0,16.84,4.0,2.04,0.76,0.16,19.89,10.69,14.35,25.04,30.7,16.92
747030,2024-06-02,2024,669720,R,641793,R,field_out,False,False,51.0,0.067,8.0,15.69,4.0,7.84,0.224,0.0,23.75,12.1,15.29,27.39,27.03,25.0,399.0,0.28,104.0,26.07,22.0,5.51,0.762,0.1589999999999999,29.22,13.77,18.52,32.29,31.55,22.92,137.0,0.298,37.0,27.01,3.0,2.19,0.7250000000000001,0.09900000000000003,25.45,14.17,15.79,29.96,35.14,21.51,196.0,0.287,33.0,16.84,4.0,2.04,0.76,0.16,19.89,10.69,14.35,25.04,30.7,16.92
747030,2024-06-02,2024,670623,R,608344,L,field_out,False,False,50.0,0.279,10.0,20.0,6.0,12.0,0.7989999999999999,0.13999999999999996,18.18,7.48,21.03,28.5,23.97,15.38,136.0,0.259,22.0,16.18,15.0,11.03,0.773,0.146,17.06,7.6,18.37,25.97,26.71,12.64,154.0,0.259,27.0,17.53,10.0,6.49,0.6970000000000001,0.126,17.79,8.71,18.29,27.0,27.38,15.25,267.0,0.253,59.0,22.1,15.0,5.62,0.744,0.188,20.94,10.76,16.67,27.42,29.92,18.1
747030,2024-06-02,2024,642708,R,608344,L,double,False,False,48.0,0.292,9.0,18.75,0.0,0.0,0.709,0.125,26.67,15.64,13.41,29.05,41.3,17.31,193.0,0.282,27.0,13.99,11.0,5.7,0.768,0.16,18.35,9.79,15.18,24.96,39.07,12.33,154.0,0.259,27.0,17.53,10.0,6.49,0.6970000000000001,0.126,17.79,8.71,18.29,27.0,27.38,15.25,267.0,0.253,59.0,22.1,15.0,5.62,0.744,0.188,20.94,10.76,16.67,27.42,29.92,18.1
747030,2024-06-02,2024,642350,R,608344,L,field_out,False,False,39.0,0.152,15.0,38.46,5.0,12.82,0.62,0.212,45.24,21.47,13.56,35.03,25.27,24.59,93.0,0.198,37.0,39.78,4.0,4.3,0.647,0.2209999999999999,43.46,22.99,15.24,38.23,37.84,32.17,154.0,0.259,27.0,17.53,10.0,6.49,0.6970000000000001,0.126,17.79,8.71,18.29,27.0,27.38,15.25,267.0,0.253,59.0,22.1,15.0,5.62,0.744,0.188,20.94,10.76,16.67,27.42,29.92,18.1
747030,2024-06-02,2024,676356,R,608344,L,strikeout,True,False,21.0,0.235,4.0,19.05,4.0,19.05,0.969,0.353,23.53,12.5,13.54,26.04,41.18,10.53,35.0,0.281,8.0,22.86,3.0,8.57,0.7490000000000001,0.125,27.78,15.15,13.64,28.79,41.67,17.78,154.0,0.259,27.0,17.53,10.0,6.49,0.6970000000000001,0.126,17.79,8.71,18.29,27.0,27.38,15.25,267.0,0.253,59.0,22.1,15.0,5.62,0.744,0.188,20.94,10.76,16.67,27.42,29.92,18.1
747030,2024-06-02,2024,656775,L,641793,R,field_out,False,False,128.0,0.205,33.0,25.78,8.0,6.25,0.637,0.18000000000000002,20.72,11.02,12.71,23.73,29.26,22.6,336.0,0.233,77.0,22.92,31.0,9.23,0.726,0.1889999999999999,26.24,13.25,14.23,27.48,28.99,18.95,124.0,0.233,27.0,21.77,7.0,5.65,0.655,0.146,24.1,12.32,16.43,28.75,28.44,15.85,183.0,0.233,41.0,22.4,8.0,4.37,0.681,0.1799999999999999,22.16,11.64,17.0,28.64,32.55,20.2
747030,2024-06-02,2024,602104,R,641793,R,single,False,False,49.0,0.217,8.0,16.33,2.0,4.08,0.613,0.13099999999999998,28.09,13.81,12.15,25.97,24.21,16.33,272.0,0.274,72.0,26.47,17.0,6.25,0.726,0.1169999999999999,29.67,14.82,16.24,31.07,27.7,24.41,137.0,0.298,37.0,27.01,3.0,2.19,0.7250000000000001,0.09900000000000003,25.45,14.17,15.79,29.96,35.14,21.51,196.0,0.287,33.0,16.84,4.0,2.04,0.76,0.16,19.89,10.69,14.35,25.04,30.7,16.92
747030,2024-06-02,2024,543510,R,641793,R,field_out,False,False,42.0,0.2,6.0,14.29,1.0,2.38,0.489,0.07500000000000001,19.23,10.64,14.89,25.53,40.0,12.2,112.0,0.247,31.0,27.68,6.0,5.36,0.702,0.134,37.09,19.22,14.36,33.58,41.41,26.72,137.0,0.298,37.0,27.01,3.0,2.19,0.7250000000000001,0.09900000000000003,25.45,14.17,15.79,29.96,35.14,21.51,196.0,0.287,33.0,16.84,4.0,2.04,0.76,0.16,19.89,10.69,14.35,25.04,30.7,16.92
747030,2024-06-02,2024,683002,L,641793,R,single,False,False,169.0,0.242,36.0,21.3,16.0,9.47,0.889,0.32199999999999995,24.41,11.36,14.83,26.18,23.68,23.68,455.0,0.272,117.0,25.71,38.0,8.35,0.885,0.277,25.57,12.07,15.7,27.78,26.4,22.35,124.0,0.233,27.0,21.77,7.0,5.65,0.655,0.146,24.1,12.32,16.43,28.75,28.44,15.85,183.0,0.233,41.0,22.4,8.0,4.37,0.681,0.1799999999999999,22.16,11.64,17.0,28.64,32.55,20.2
747030,2024-06-02,2024,668939,L,641793,R,field_out,False,False,158.0,0.234,31.0,19.62,10.0,6.33,0.6439999999999999,0.12499999999999997,22.97,10.86,19.01,29.87,33.44,17.42,496.0,0.267,80.0,16.13,61.0,12.3,0.778,0.1519999999999999,16.76,6.91,19.7,26.61,24.41,12.54,124.0,0.233,27.0,21.77,7.0,5.65,0.655,0.146,24.1,12.32,16.43,28.75,28.44,15.85,183.0,0.233,41.0,22.4,8.0,4.37,0.681,0.1799999999999999,22.16,11.64,17.0,28.64,32.55,20.2
747030,2024-06-02,2024,676609,R,608344,L,home_run,False,False,40.0,0.278,17.0,42.5,1.0,2.5,0.677,0.08299999999999996,41.67,22.73,18.83,41.56,42.25,28.33,124.0,0.265,29.0,23.39,13.0,10.48,0.758,0.0979999999999999,21.43,9.88,19.38,29.26,31.78,17.26,154.0,0.259,27.0,17.53,10.0,6.49,0.6970000000000001,0.126,17.79,8.71,18.29,27.0,27.38,15.25,267.0,0.253,59.0,22.1,15.0,5.62,0.744,0.188,20.94,10.76,16.67,27.42,29.92,18.1
747030,2024-06-02,2024,656577,R,608344,L,field_out,False,False,9.0,0.0,7.0,77.78,0.0,0.0,0.0,0.0,53.85,34.15,9.76,43.9,55.56,38.89,,,,,,,,,,,,,,,154.0,0.259,27.0,17.53,10.0,6.49,0.6970000000000001,0.126,17.79,8.71,18.29,27.0,27.38,15.25,267.0,0.253,59.0,22.1,15.0,5.62,0.744,0.188,20.94,10.76,16.67,27.42,29.92,18.1
747030,2024-06-02,2024,650490,R,622253,R,field_out,False,False,194.0,0.233,29.0,14.95,20.0,10.31,0.657,0.10400000000000001,11.34,4.88,17.27,22.15,22.33,12.29,462.0,0.322,72.0,15.58,49.0,10.61,0.881,0.1559999999999999,18.95,8.0,18.68,26.68,19.71,15.69,51.0,0.17,10.0,19.61,3.0,5.88,0.405,0.0,17.44,7.94,19.05,26.98,30.0,17.86,,,,,,,,,,,,,,
747030,2024-06-02,2024,668227,R,622253,R,single,False,False,181.0,0.168,55.0,30.39,17.0,9.39,0.571,0.149,37.2,15.76,20.03,35.79,25.81,21.65,517.0,0.254,119.0,23.02,62.0,11.99,0.7769999999999999,0.1589999999999999,29.93,12.82,18.77,31.59,26.93,19.44,51.0,0.17,10.0,19.61,3.0,5.88,0.405,0.0,17.44,7.94,19.05,26.98,30.0,17.86,,,,,,,,,,,,,,
747030,2024-06-02,2024,664040,L,622253,R,field_out,False,False,64.0,0.185,15.0,23.44,8.0,12.5,0.6639999999999999,0.16699999999999998,27.19,13.9,9.42,23.32,27.42,27.27,374.0,0.241,103.0,27.54,42.0,11.23,0.813,0.237,31.86,16.63,11.13,27.77,30.39,21.33,20.0,0.294,0.0,0.0,3.0,15.0,0.929,0.23500000000000004,8.33,3.28,14.75,18.03,13.33,0.0,,,,,,,,,,,,,,
747030,2024-06-02,2024,663624,R,542888,R,single,False,False,150.0,0.284,34.0,22.67,7.0,4.67,0.7949999999999999,0.198,23.12,12.52,12.69,25.21,36.88,18.38,310.0,0.235,78.0,25.16,22.0,7.1,0.6399999999999999,0.1139999999999999,29.78,16.05,13.56,29.61,37.06,21.61,74.0,0.214,22.0,29.73,4.0,5.41,0.6000000000000001,0.12900000000000003,25.33,13.38,17.61,30.99,29.84,22.0,109.0,0.17,30.0,27.52,6.0,5.5,0.489,0.0799999999999999,30.59,16.11,13.7,29.81,33.17,23.08
747030,2024-06-02,2024,623993,L,542888,R,field_out,False,False,158.0,0.193,26.0,16.46,10.0,6.33,0.6659999999999999,0.21399999999999997,16.53,9.32,12.01,21.33,40.94,12.5,486.0,0.26,107.0,22.02,31.0,6.38,0.798,0.2229999999999999,22.13,11.37,14.84,26.21,37.22,15.21,39.0,0.265,9.0,23.08,5.0,12.82,0.7709999999999999,0.14699999999999996,16.18,7.24,20.39,27.63,22.86,20.45,98.0,0.209,24.0,24.49,5.0,5.1,0.552,0.088,21.9,12.01,15.67,27.68,36.52,18.05
747030,2024-06-02,2024,676059,R,542888,R,strikeout,True,False,157.0,0.317,25.0,15.92,11.0,7.01,0.925,0.23200000000000004,26.71,13.33,15.56,28.89,31.17,13.79,146.0,0.246,33.0,22.6,8.0,5.48,0.6779999999999999,0.142,22.97,11.73,16.25,27.98,29.59,19.76,74.0,0.214,22.0,29.73,4.0,5.41,0.6000000000000001,0.12900000000000003,25.33,13.38,17.61,30.99,29.84,22.0,109.0,0.17,30.0,27.52,6.0,5.5,0.489,0.0799999999999999,30.59,16.11,13.7,29.81,33.17,23.08
747030,2024-06-02,2024,669720,R,542888,R,double,False,False,51.0,0.067,8.0,15.69,4.0,7.84,0.224,0.0,23.75,12.1,15.29,27.39,27.03,25.0,399.0,0.28,104.0,26.07,22.0,5.51,0.762,0.1589999999999999,29.22,13.77,18.52,32.29,31.55,22.92,74.0,0.214,22.0,29.73,4.0,5.41,0.6000000000000001,0.12900000000000003,25.33,13.38,17.61,30.99,29.84,22.0,109.0,0.17,30.0,27.52,6.0,5.5,0.489,0.0799999999999999,30.59,16.11,13.7,29.81,33.17,23.08
747030,2024-06-02,2024,656775,L,542888,R,strikeout,True,False,128.0,0.205,33.0,25.78,8.0,6.25,0.637,0.18000000000000002,20.72,11.02,12.71,23.73,29.26,22.6,336.0,0.233,77.0,22.92,31.0,9.23,0.726,0.1889999999999999,26.24,13.25,14.23,27.48,28.99,18.95,39.0,0.265,9.0,23.08,5.0,12.82,0.7709999999999999,0.14699999999999996,16.18,7.24,20.39,27.63,22.86,20.45,98.0,0.209,24.0,24.49,5.0,5.1,0.552,0.088,21.9,12.01,15.67,27.68,36.52,18.05
747030,2024-06-02,2024,670623,R,622253,R,single,False,False,186.0,0.296,28.0,15.05,19.0,10.22,0.9,0.22000000000000003,16.88,7.6,18.48,26.08,27.57,8.89,438.0,0.247,82.0,18.72,43.0,9.82,0.86,0.266,18.6,8.55,16.71,25.26,28.98,14.09,51.0,0.17,10.0,19.61,3.0,5.88,0.405,0.0,17.44,7.94,19.05,26.98,30.0,17.86,,,,,,,,,,,,,,
747030,2024-06-02,2024,642708,R,622253,R,single,False,False,125.0,0.279,20.0,16.0,3.0,2.4,0.6890000000000001,0.11399999999999999,20.08,11.24,14.22,25.46,40.09,14.71,353.0,0.252,72.0,20.4,18.0,5.1,0.636,0.091,25.7,13.68,14.7,28.38,39.8,19.35,51.0,0.17,10.0,19.61,3.0,5.88,0.405,0.0,17.44,7.94,19.05,26.98,30.0,17.86,,,,,,,,,,,,,,
747030,2024-06-02,2024,642350,R,622253,R,double,False,False,123.0,0.198,44.0,35.77,8.0,6.5,0.604,0.123,37.5,17.05,21.05,38.11,32.93,27.67,271.0,0.23,93.0,34.32,16.0,5.9,0.801,0.29,39.19,20.65,15.06,35.71,37.69,31.08,51.0,0.17,10.0,19.61,3.0,5.88,0.405,0.0,17.44,7.94,19.05,26.98,30.0,17.86,,,,,,,,,,,,,,
747030,2024-06-02,2024,676356,R,622253,R,strikeout,True,False,64.0,0.179,13.0,20.31,6.0,9.38,0.549,0.08900000000000002,24.14,12.17,15.22,27.39,36.0,18.06,10.0,0.2,0.0,0.0,0.0,0.0,0.7,0.3,19.05,11.43,11.43,22.86,44.44,0.0,51.0,0.17,10.0,19.61,3.0,5.88,0.405,0.0,17.44,7.94,19.05,26.98,30.0,17.86,,,,,,,,,,,,,,
747030,2024-06-02,2024,676609,R,622253,R,hit_by_pitch,False,False,156.0,0.246,42.0,26.92,10.0,6.41,0.653,0.09899999999999998,29.79,13.66,20.0,33.66,32.65,21.76,156.0,0.186,37.0,23.72,15.0,9.62,0.588,0.1009999999999999,24.9,10.03,24.36,34.39,27.59,18.69,51.0,0.17,10.0,19.61,3.0,5.88,0.405,0.0,17.44,7.94,19.05,26.98,30.0,17.86,,,,,,,,,,,,,,
747030,2024-06-02,2024,666018,L,543056,L,strikeout,True,False,6.0,0.167,1.0,16.67,0.0,0.0,0.334,0.0,0.0,0.0,30.77,30.77,7.69,14.29,9.0,0.0,3.0,33.33,3.0,33.33,0.333,0.0,36.36,9.76,24.39,34.15,16.67,23.08,29.0,0.172,7.0,24.14,0.0,0.0,0.413,0.069,21.28,10.0,22.0,32.0,26.19,23.33,92.0,0.256,20.0,21.74,8.0,8.7,0.5860000000000001,0.0,30.07,13.07,17.33,30.4,26.32,24.1
747030,2024-06-02,2024,602104,R,664076,L,hit_by_pitch,False,False,23.0,0.227,3.0,13.04,0.0,0.0,0.579,0.091,14.89,7.0,17.0,24.0,22.92,10.34,124.0,0.241,29.0,23.39,10.0,8.06,0.654,0.098,26.55,12.58,16.35,28.93,29.75,21.64,64.0,0.148,20.0,31.25,9.0,14.06,0.43700000000000006,0.019000000000000017,31.62,15.64,14.18,29.82,33.79,20.83,33.0,0.133,8.0,24.24,2.0,6.06,0.579,0.2339999999999999,25.0,10.08,19.38,29.46,28.17,24.24
747030,2024-06-02,2024,543510,R,664076,L,field_out,False,False,42.0,0.195,11.0,26.19,0.0,0.0,0.512,0.122,30.59,18.06,13.19,31.25,41.27,25.0,114.0,0.2,26.0,22.81,3.0,2.63,0.592,0.173,26.42,14.87,13.96,28.83,35.5,16.35,64.0,0.148,20.0,31.25,9.0,14.06,0.43700000000000006,0.019000000000000017,31.62,15.64,14.18,29.82,33.79,20.83,33.0,0.133,8.0,24.24,2.0,6.06,0.579,0.2339999999999999,25.0,10.08,19.38,29.46,28.17,24.24
747030,2024-06-02,2024,683002,L,664076,L,walk,False,True,84.0,0.294,24.0,28.57,13.0,15.48,1.005,0.294,31.16,12.43,19.36,31.79,19.08,23.53,167.0,0.209,42.0,25.15,18.0,10.78,0.617,0.115,28.77,12.92,19.54,32.46,27.19,20.79,33.0,0.192,13.0,39.39,5.0,15.15,0.595,0.03900000000000001,29.69,12.84,22.97,35.81,28.99,23.21,15.0,0.182,6.0,40.0,4.0,26.67,0.5820000000000001,0.0,27.78,12.2,17.07,29.27,32.61,16.22
747030,2024-06-02,2024,668939,R,664076,L,single,False,False,77.0,0.419,11.0,14.29,3.0,3.9,1.131,0.26999999999999996,17.02,7.77,20.71,28.48,27.03,12.22,191.0,0.304,21.0,10.99,31.0,16.23,0.895,0.177,12.46,4.9,20.56,25.46,20.79,8.71,64.0,0.148,20.0,31.25,9.0,14.06,0.43700000000000006,0.019000000000000017,31.62,15.64,14.18,29.82,33.79,20.83,33.0,0.133,8.0,24.24,2.0,6.06,0.579,0.2339999999999999,25.0,10.08,19.38,29.46,28.17,24.24
747030,2024-06-02,2024,663624,R,664076,L,grounded_into_double_play,False,False,63.0,0.316,12.0,19.05,6.0,9.52,0.9420000000000001,0.24500000000000005,20.74,10.85,13.18,24.03,37.5,16.22,161.0,0.338,29.0,18.01,15.0,9.32,1.053,0.317,25.46,14.21,11.82,26.03,41.95,16.86,64.0,0.148,20.0,31.25,9.0,14.06,0.43700000000000006,0.019000000000000017,31.62,15.64,14.18,29.82,33.79,20.83,33.0,0.133,8.0,24.24,2.0,6.06,0.579,0.2339999999999999,25.0,10.08,19.38,29.46,28.17,24.24
747030,2024-06-02,2024,650490,R,543056,L,field_out,False,False,59.0,0.278,6.0,10.17,4.0,6.78,0.7110000000000001,0.11099999999999999,9.8,4.39,15.35,19.74,20.72,12.0,139.0,0.355,22.0,15.83,16.0,11.51,1.101,0.314,16.87,7.31,16.22,23.53,19.53,13.75,49.0,0.152,16.0,32.65,3.0,6.12,0.574,0.218,27.03,12.61,17.23,29.83,33.58,18.6,119.0,0.212,38.0,31.93,4.0,3.36,0.618,0.16,29.87,14.37,17.29,31.67,38.32,23.46
747030,2024-06-02,2024,668227,R,543056,L,field_out,False,False,55.0,0.133,13.0,23.64,9.0,16.36,0.567,0.15599999999999997,27.84,11.49,18.3,29.79,20.66,19.12,138.0,0.254,37.0,26.81,18.0,13.04,0.8280000000000001,0.212,26.44,11.46,18.11,29.57,29.32,19.68,49.0,0.152,16.0,32.65,3.0,6.12,0.574,0.218,27.03,12.61,17.23,29.83,33.58,18.6,119.0,0.212,38.0,31.93,4.0,3.36,0.618,0.16,29.87,14.37,17.29,31.67,38.32,23.46
747030,2024-06-02,2024,664040,L,543056,L,single,False,False,4.0,0.0,0.0,0.0,0.0,0.0,0.0,0.0,22.22,11.11,5.56,16.67,0.0,0.0,63.0,0.17,16.0,25.4,8.0,12.7,0.512,0.0559999999999999,33.05,15.79,14.98,30.77,27.69,23.19,29.0,0.172,7.0,24.14,0.0,0.0,0.413,0.069,21.28,10.0,22.0,32.0,26.19,23.33,92.0,0.256,20.0,21.74,8.0,8.7,0.5860000000000001,0.0,30.07,13.07,17.33,30.4,26.32,24.1
747030,2024-06-02,2024,680700,L,543056,L,field_out,False,False,14.0,0.357,6.0,42.86,0.0,0.0,0.714,0.0,22.22,9.68,19.35,29.03,24.24,40.0,20.0,0.421,1.0,5.0,0.0,0.0,1.158,0.316,13.33,7.32,14.63,21.95,33.33,3.33,29.0,0.172,7.0,24.14,0.0,0.0,0.413,0.069,21.28,10.0,22.0,32.0,26.19,23.33,92.0,0.256,20.0,21.74,8.0,8.7,0.5860000000000001,0.0,30.07,13.07,17.33,30.4,26.32,24.1
747030,2024-06-02,2024,623993,L,664126,R,field_out,False,False,158.0,0.193,26.0,16.46,10.0,6.33,0.6659999999999999,0.21399999999999997,16.53,9.32,12.01,21.33,40.94,12.5,486.0,0.26,107.0,22.02,31.0,6.38,0.798,0.2229999999999999,22.13,11.37,14.84,26.21,37.22,15.21,29.0,0.308,8.0,27.59,3.0,10.34,0.725,0.03799999999999998,18.6,6.61,26.45,33.06,19.64,25.81,86.0,0.211,35.0,40.7,9.0,10.47,0.565,0.052,32.88,13.79,25.29,39.08,26.17,31.25
747030,2024-06-02,2024,676059,R,664126,R,field_out,False,False,157.0,0.317,25.0,15.92,11.0,7.01,0.925,0.23200000000000004,26.71,13.33,15.56,28.89,31.17,13.79,146.0,0.246,33.0,22.6,8.0,5.48,0.6779999999999999,0.142,22.97,11.73,16.25,27.98,29.59,19.76,41.0,0.182,11.0,26.83,7.0,17.07,0.567,0.06,28.07,11.35,19.86,31.21,18.84,36.67,99.0,0.12,33.0,33.33,11.0,11.11,0.4519999999999999,0.0849999999999999,29.08,14.69,18.3,32.99,29.89,26.83
747030,2024-06-02,2024,656811,L,664126,R,single,False,False,153.0,0.281,17.0,11.11,14.0,9.15,0.821,0.19399999999999995,17.96,7.94,16.97,24.91,24.1,14.05,340.0,0.297,74.0,21.76,13.0,3.82,0.802,0.178,22.26,11.29,14.37,25.66,31.15,17.72,29.0,0.308,8.0,27.59,3.0,10.34,0.725,0.03799999999999998,18.6,6.61,26.45,33.06,19.64,25.81,86.0,0.211,35.0,40.7,9.0,10.47,0.565,0.052,32.88,13.79,25.29,39.08,26.17,31.25
747030,2024-06-02,2024,681297,L,664126,R,field_out,False,False,142.0,0.242,37.0,26.06,17.0,11.97,0.798,0.20800000000000002,29.69,12.86,16.75,29.61,22.22,23.12,68.0,0.111,20.0,29.41,12.0,17.65,0.427,0.0369999999999999,26.67,10.98,17.07,28.05,21.51,17.7,29.0,0.308,8.0,27.59,3.0,10.34,0.725,0.03799999999999998,18.6,6.61,26.45,33.06,19.64,25.81,86.0,0.211,35.0,40.7,9.0,10.47,0.565,0.052,32.88,13.79,25.29,39.08,26.17,31.25
746383,2024-06-02,2024,663616,L,686613,R,home_run,False,False,102.0,0.261,21.0,20.59,9.0,8.82,0.77,0.185,27.47,13.33,16.53,29.87,31.18,18.87,189.0,0.228,60.0,31.75,25.0,13.23,0.766,0.21,36.25,14.96,16.71,31.67,22.55,25.75,126.0,0.268,33.0,26.19,14.0,11.11,0.813,0.196,27.59,12.05,18.27,30.32,28.04,19.14,312.0,0.246,85.0,27.24,30.0,9.62,0.7290000000000001,0.16,27.12,12.49,16.55,29.04,26.95,21.0
746383,2024-06-02,2024,680777,R,686613,R,field_out,False,False,140.0,0.256,30.0,21.43,12.0,8.57,0.895,0.28200000000000003,24.29,10.64,18.44,29.08,26.58,18.24,242.0,0.281,70.0,28.93,19.0,7.85,0.8280000000000001,0.186,29.53,13.79,18.6,32.39,32.19,21.28,98.0,0.314,20.0,20.41,10.0,10.2,0.91,0.198,23.76,10.8,15.33,26.13,23.65,16.13,356.0,0.276,93.0,26.12,25.0,7.02,0.839,0.2219999999999999,22.69,10.56,16.76,27.32,28.13,20.31
746383,2024-06-02,2024,669304,R,686613,R,field_out,False,False,98.0,0.264,17.0,17.35,4.0,4.08,0.728,0.16499999999999998,20.37,9.57,19.71,29.28,32.96,22.08,120.0,0.207,18.0,15.0,8.0,6.67,0.5640000000000001,0.09,23.72,11.83,13.69,25.52,32.37,15.04,98.0,0.314,20.0,20.41,10.0,10.2,0.91,0.198,23.76,10.8,15.33,26.13,23.65,16.13,356.0,0.276,93.0,26.12,25.0,7.02,0.839,0.2219999999999999,22.69,10.56,16.76,27.32,28.13,20.31
746383,2024-06-02,2024,596146,L,686613,R,strikeout,True,False,119.0,0.267,19.0,15.97,11.0,9.24,0.796,0.19,20.94,10.14,12.84,22.98,23.39,12.5,394.0,0.263,84.0,21.32,37.0,9.39,0.8320000000000001,0.2339999999999999,19.92,9.32,15.49,24.81,24.75,18.14,126.0,0.268,33.0,26.19,14.0,11.11,0.813,0.196,27.59,12.05,18.27,30.32,28.04,19.14,312.0,0.246,85.0,27.24,30.0,9.62,0.7290000000000001,0.16,27.12,12.49,16.55,29.04,26.95,21.0
746383,2024-06-02,2024,663656,L,680573,R,walk,False,True,165.0,0.284,26.0,15.76,30.0,18.18,1.057,0.35800000000000004,19.55,7.59,15.62,23.21,14.72,14.53,436.0,0.275,64.0,14.68,58.0,13.3,0.859,0.2139999999999999,20.38,9.45,11.83,21.29,21.87,13.5,66.0,0.172,13.0,19.7,6.0,9.09,0.463,0.018000000000000016,20.0,8.99,19.06,28.06,29.79,13.68,11.0,0.3,1.0,9.09,1.0,9.09,0.964,0.3,10.53,4.88,12.2,17.07,33.33,10.0
746383,2024-06-02,2024,608324,R,680573,R,strikeout,True,False,162.0,0.253,27.0,16.67,14.0,8.64,0.753,0.185,14.04,6.33,19.46,25.79,23.13,14.21,508.0,0.282,67.0,13.19,65.0,12.8,0.8500000000000001,0.186,14.53,5.58,19.65,25.23,16.96,12.88,98.0,0.275,17.0,17.35,3.0,3.06,0.688,0.121,17.7,9.49,13.59,23.08,22.62,13.71,13.0,0.4,4.0,30.77,2.0,15.38,1.1,0.1999999999999999,17.86,8.62,13.79,22.41,21.43,20.0
746383,2024-06-02,2024,670541,L,680573,R,field_out,False,False,161.0,0.257,24.0,14.91,18.0,11.18,0.827,0.22199999999999998,18.89,8.51,16.86,25.38,30.67,14.37,322.0,0.292,55.0,17.08,49.0,15.22,1.044,0.333,21.1,8.88,15.37,24.25,23.99,15.32,66.0,0.172,13.0,19.7,6.0,9.09,0.463,0.018000000000000016,20.0,8.99,19.06,28.06,29.79,13.68,11.0,0.3,1.0,9.09,1.0,9.09,0.964,0.3,10.53,4.88,12.2,17.07,33.33,10.0
746383,2024-06-02,2024,665161,R,680573,R,strikeout,True,False,172.0,0.288,32.0,18.6,7.0,4.07,0.6930000000000001,0.07400000000000001,23.93,12.44,14.99,27.43,34.63,16.33,461.0,0.239,107.0,23.21,34.0,7.38,0.655,0.1089999999999999,30.36,15.5,13.92,29.42,35.52,20.7,98.0,0.275,17.0,17.35,3.0,3.06,0.688,0.121,17.7,9.49,13.59,23.08,22.62,13.71,13.0,0.4,4.0,30.77,2.0,15.38,1.1,0.1999999999999999,17.86,8.62,13.79,22.41,21.43,20.0
746383,2024-06-02,2024,621439,R,686613,R,strikeout,True,False,100.0,0.242,30.0,30.0,5.0,5.0,0.663,0.121,34.74,18.78,11.17,29.95,35.85,22.56,257.0,0.217,80.0,31.13,26.0,10.12,0.767,0.243,29.69,15.03,12.96,27.99,29.53,25.0,98.0,0.314,20.0,20.41,10.0,10.2,0.91,0.198,23.76,10.8,15.33,26.13,23.65,16.13,356.0,0.276,93.0,26.12,25.0,7.02,0.839,0.2219999999999999,22.69,10.56,16.76,27.32,28.13,20.31
746383,2024-06-02,2024,650489,L,686613,R,single,False,False,165.0,0.222,40.0,24.24,16.0,9.7,0.704,0.167,26.67,12.71,15.43,28.14,29.55,20.1,280.0,0.266,73.0,26.07,23.0,8.21,0.8029999999999999,0.189,28.16,14.39,15.31,29.7,34.97,21.1,126.0,0.268,33.0,26.19,14.0,11.11,0.813,0.196,27.59,12.05,18.27,30.32,28.04,19.14,312.0,0.246,85.0,27.24,30.0,9.62,0.7290000000000001,0.16,27.12,12.49,16.55,29.04,26.95,21.0
746383,2024-06-02,2024,666135,L,686613,R,double,False,False,148.0,0.22,38.0,25.68,13.0,8.78,0.71,0.204,30.37,14.75,16.19,30.94,30.28,24.36,264.0,0.3,63.0,23.86,24.0,9.09,0.858,0.185,26.95,12.66,17.1,29.76,32.56,21.58,126.0,0.268,33.0,26.19,14.0,11.11,0.813,0.196,27.59,12.05,18.27,30.32,28.04,19.14,312.0,0.246,85.0,27.24,30.0,9.62,0.7290000000000001,0.16,27.12,12.49,16.55,29.04,26.95,21.0
746383,2024-06-02,2024,467793,L,686613,R,field_out,False,False,149.0,0.188,24.0,16.11,18.0,12.08,0.638,0.14800000000000002,23.55,9.78,17.31,27.08,22.87,13.71,460.0,0.231,83.0,18.04,45.0,9.78,0.727,0.1899999999999999,23.76,11.0,14.32,25.31,24.63,16.21,126.0,0.268,33.0,26.19,14.0,11.11,0.813,0.196,27.59,12.05,18.27,30.32,28.04,19.14,312.0,0.246,85.0,27.24,30.0,9.62,0.7290000000000001,0.16,27.12,12.49,16.55,29.04,26.95,21.0
746383,2024-06-02,2024,666397,L,686613,R,field_out,False,False,168.0,0.207,54.0,32.14,21.0,12.5,0.677,0.159,30.77,11.56,21.68,33.24,15.16,27.0,360.0,0.274,112.0,31.11,62.0,17.22,0.898,0.2229999999999999,28.27,10.42,20.53,30.95,13.51,22.38,126.0,0.268,33.0,26.19,14.0,11.11,0.813,0.196,27.59,12.05,18.27,30.32,28.04,19.14,312.0,0.246,85.0,27.24,30.0,9.62,0.7290000000000001,0.16,27.12,12.49,16.55,29.04,26.95,21.0
746383,2024-06-02,2024,676694,R,680573,R,strikeout,True,False,109.0,0.32,23.0,21.1,6.0,5.5,0.864,0.18,32.58,15.63,16.17,31.81,29.51,21.5,263.0,0.218,69.0,26.24,18.0,6.84,0.6459999999999999,0.146,25.89,12.2,16.27,28.47,24.49,21.12,98.0,0.275,17.0,17.35,3.0,3.06,0.688,0.121,17.7,9.49,13.59,23.08,22.62,13.71,13.0,0.4,4.0,30.77,2.0,15.38,1.1,0.1999999999999999,17.86,8.62,13.79,22.41,21.43,20.0
746383,2024-06-02,2024,643289,R,680573,R,field_out,False,False,89.0,0.298,7.0,7.87,3.0,3.37,0.7190000000000001,0.09500000000000003,16.07,9.09,12.46,21.55,40.8,8.54,375.0,0.263,58.0,15.47,13.0,3.47,0.6779999999999999,0.124,19.01,10.95,13.18,24.13,40.64,15.68,98.0,0.275,17.0,17.35,3.0,3.06,0.688,0.121,17.7,9.49,13.59,23.08,22.62,13.71,13.0,0.4,4.0,30.77,2.0,15.38,1.1,0.1999999999999999,17.86,8.62,13.79,22.41,21.43,20.0
746383,2024-06-02,2024,605170,L,680573,R,home_run,False,False,69.0,0.226,10.0,14.49,3.0,4.35,0.698,0.19299999999999998,19.63,9.29,17.26,26.55,24.53,20.83,168.0,0.262,33.0,19.64,15.0,8.93,0.745,0.1539999999999999,19.57,9.05,17.76,26.8,23.55,20.0,66.0,0.172,13.0,19.7,6.0,9.09,0.463,0.018000000000000016,20.0,8.99,19.06,28.06,29.79,13.68,11.0,0.3,1.0,9.09,1.0,9.09,0.964,0.3,10.53,4.88,12.2,17.07,33.33,10.0
746383,2024-06-02,2024,547989,R,680573,R,field_out,False,False,63.0,0.133,20.0,31.75,1.0,1.59,0.34199999999999997,0.04999999999999999,32.82,16.93,18.9,35.83,36.29,22.73,416.0,0.238,94.0,22.6,27.0,6.49,0.653,0.119,29.38,14.86,16.49,31.35,37.27,18.69,98.0,0.275,17.0,17.35,3.0,3.06,0.688,0.121,17.7,9.49,13.59,23.08,22.62,13.71,13.0,0.4,4.0,30.77,2.0,15.38,1.1,0.1999999999999999,17.86,8.62,13.79,22.41,21.43,20.0
746383,2024-06-02,2024,663616,L,686613,R,field_out,False,False,102.0,0.261,21.0,20.59,9.0,8.82,0.77,0.185,27.47,13.33,16.53,29.87,31.18,18.87,189.0,0.228,60.0,31.75,25.0,13.23,0.766,0.21,36.25,14.96,16.71,31.67,22.55,25.75,126.0,0.268,33.0,26.19,14.0,11.11,0.813,0.196,27.59,12.05,18.27,30.32,28.04,19.14,312.0,0.246,85.0,27.24,30.0,9.62,0.7290000000000001,0.16,27.12,12.49,16.55,29.04,26.95,21.0
746383,2024-06-02,2024,680777,R,686613,R,strikeout,True,False,140.0,0.256,30.0,21.43,12.0,8.57,0.895,0.28200000000000003,24.29,10.64,18.44,29.08,26.58,18.24,242.0,0.281,70.0,28.93,19.0,7.85,0.8280000000000001,0.186,29.53,13.79,18.6,32.39,32.19,21.28,98.0,0.314,20.0,20.41,10.0,10.2,0.91,0.198,23.76,10.8,15.33,26.13,23.65,16.13,356.0,0.276,93.0,26.12,25.0,7.02,0.839,0.2219999999999999,22.69,10.56,16.76,27.32,28.13,20.31
746383,2024-06-02,2024,669304,R,686613,R,field_out,False,False,98.0,0.264,17.0,17.35,4.0,4.08,0.728,0.16499999999999998,20.37,9.57,19.71,29.28,32.96,22.08,120.0,0.207,18.0,15.0,8.0,6.67,0.5640000000000001,0.09,23.72,11.83,13.69,25.52,32.37,15.04,98.0,0.314,20.0,20.41,10.0,10.2,0.91,0.198,23.76,10.8,15.33,26.13,23.65,16.13,356.0,0.276,93.0,26.12,25.0,7.02,0.839,0.2219999999999999,22.69,10.56,16.76,27.32,28.13,20.31
746383,2024-06-02,2024,676801,R,680573,R,field_out,False,False,73.0,0.2,23.0,31.51,6.0,8.22,0.52,0.045999999999999985,34.51,16.33,16.67,33.0,30.86,22.68,319.0,0.25,82.0,25.71,27.0,8.46,0.769,0.186,28.62,13.94,15.79,29.73,30.75,21.75,98.0,0.275,17.0,17.35,3.0,3.06,0.688,0.121,17.7,9.49,13.59,23.08,22.62,13.71,13.0,0.4,4.0,30.77,2.0,15.38,1.1,0.1999999999999999,17.86,8.62,13.79,22.41,21.43,20.0
746383,2024-06-02,2024,663656,L,680573,R,single,False,False,165.0,0.284,26.0,15.76,30.0,18.18,1.057,0.35800000000000004,19.55,7.59,15.62,23.21,14.72,14.53,436.0,0.275,64.0,14.68,58.0,13.3,0.859,0.2139999999999999,20.38,9.45,11.83,21.29,21.87,13.5,66.0,0.172,13.0,19.7,6.0,9.09,0.463,0.018000000000000016,20.0,8.99,19.06,28.06,29.79,13.68,11.0,0.3,1.0,9.09,1.0,9.09,0.964,0.3,10.53,4.88,12.2,17.07,33.33,10.0
746383,2024-06-02,2024,608324,R,680573,R,home_run,False,False,162.0,0.253,27.0,16.67,14.0,8.64,0.753,0.185,14.04,6.33,19.46,25.79,23.13,14.21,508.0,0.282,67.0,13.19,65.0,12.8,0.8500000000000001,0.186,14.53,5.58,19.65,25.23,16.96,12.88,98.0,0.275,17.0,17.35,3.0,3.06,0.688,0.121,17.7,9.49,13.59,23.08,22.62,13.71,13.0,0.4,4.0,30.77,2.0,15.38,1.1,0.1999999999999999,17.86,8.62,13.79,22.41,21.43,20.0
746383,2024-06-02,2024,670541,L,680573,R,field_out,False,False,161.0,0.257,24.0,14.91,18.0,11.18,0.827,0.22199999999999998,18.89,8.51,16.86,25.38,30.67,14.37,322.0,0.292,55.0,17.08,49.0,15.22,1.044,0.333,21.1,8.88,15.37,24.25,23.99,15.32,66.0,0.172,13.0,19.7,6.0,9.09,0.463,0.018000000000000016,20.0,8.99,19.06,28.06,29.79,13.68,11.0,0.3,1.0,9.09,1.0,9.09,0.964,0.3,10.53,4.88,12.2,17.07,33.33,10.0
746383,2024-06-02,2024,665161,R,680573,R,strikeout,True,False,172.0,0.288,32.0,18.6,7.0,4.07,0.6930000000000001,0.07400000000000001,23.93,12.44,14.99,27.43,34.63,16.33,461.0,0.239,107.0,23.21,34.0,7.38,0.655,0.1089999999999999,30.36,15.5,13.92,29.42,35.52,20.7,98.0,0.275,17.0,17.35,3.0,3.06,0.688,0.121,17.7,9.49,13.59,23.08,22.62,13.71,13.0,0.4,4.0,30.77,2.0,15.38,1.1,0.1999999999999999,17.86,8.62,13.79,22.41,21.43,20.0
746383,2024-06-02,2024,596146,L,686613,R,field_out,False,False,119.0,0.267,19.0,15.97,11.0,9.24,0.796,0.19,20.94,10.14,12.84,22.98,23.39,12.5,394.0,0.263,84.0,21.32,37.0,9.39,0.8320000000000001,0.2339999999999999,19.92,9.32,15.49,24.81,24.75,18.14,126.0,0.268,33.0,26.19,14.0,11.11,0.813,0.196,27.59,12.05,18.27,30.32,28.04,19.14,312.0,0.246,85.0,27.24,30.0,9.62,0.7290000000000001,0.16,27.12,12.49,16.55,29.04,26.95,21.0
746383,2024-06-02,2024,621439,R,686613,R,field_out,False,False,100.0,0.242,30.0,30.0,5.0,5.0,0.663,0.121,34.74,18.78,11.17,29.95,35.85,22.56,257.0,0.217,80.0,31.13,26.0,10.12,0.767,0.243,29.69,15.03,12.96,27.99,29.53,25.0,98.0,0.314,20.0,20.41,10.0,10.2,0.91,0.198,23.76,10.8,15.33,26.13,23.65,16.13,356.0,0.276,93.0,26.12,25.0,7.02,0.839,0.2219999999999999,22.69,10.56,16.76,27.32,28.13,20.31
746383,2024-06-02,2024,650489,L,686613,R,strikeout,True,False,165.0,0.222,40.0,24.24,16.0,9.7,0.704,0.167,26.67,12.71,15.43,28.14,29.55,20.1,280.0,0.266,73.0,26.07,23.0,8.21,0.8029999999999999,0.189,28.16,14.39,15.31,29.7,34.97,21.1,126.0,0.268,33.0,26.19,14.0,11.11,0.813,0.196,27.59,12.05,18.27,30.32,28.04,19.14,312.0,0.246,85.0,27.24,30.0,9.62,0.7290000000000001,0.16,27.12,12.49,16.55,29.04,26.95,21.0
746383,2024-06-02,2024,676694,R,680573,R,walk,False,True,109.0,0.32,23.0,21.1,6.0,5.5,0.864,0.18,32.58,15.63,16.17,31.81,29.51,21.5,263.0,0.218,69.0,26.24,18.0,6.84,0.6459999999999999,0.146,25.89,12.2,16.27,28.47,24.49,21.12,98.0,0.275,17.0,17.35,3.0,3.06,0.688,0.121,17.7,9.49,13.59,23.08,22.62,13.71,13.0,0.4,4.0,30.77,2.0,15.38,1.1,0.1999999999999999,17.86,8.62,13.79,22.41,21.43,20.0
746383,2024-06-02,2024,643289,R,680573,R,field_out,False,False,89.0,0.298,7.0,7.87,3.0,3.37,0.7190000000000001,0.09500000000000003,16.07,9.09,12.46,21.55,40.8,8.54,375.0,0.263,58.0,15.47,13.0,3.47,0.6779999999999999,0.124,19.01,10.95,13.18,24.13,40.64,15.68,98.0,0.275,17.0,17.35,3.0,3.06,0.688,0.121,17.7,9.49,13.59,23.08,22.62,13.71,13.0,0.4,4.0,30.77,2.0,15.38,1.1,0.1999999999999999,17.86,8.62,13.79,22.41,21.43,20.0
746383,2024-06-02,2024,605170,L,680573,R,strikeout,True,False,69.0,0.226,10.0,14.49,3.0,4.35,0.698,0.19299999999999998,19.63,9.29,17.26,26.55,24.53,20.83,168.0,0.262,33.0,19.64,15.0,8.93,0.745,0.1539999999999999,19.57,9.05,17.76,26.8,23.55,20.0,66.0,0.172,13.0,19.7,6.0,9.09,0.463,0.018000000000000016,20.0,8.99,19.06,28.06,29.79,13.68,11.0,0.3,1.0,9.09,1.0,9.09,0.964,0.3,10.53,4.88,12.2,17.07,33.33,10.0
746383,2024-06-02,2024,547989,R,680573,R,field_out,False,False,63.0,0.133,20.0,31.75,1.0,1.59,0.34199999999999997,0.04999999999999999,32.82,16.93,18.9,35.83,36.29,22.73,416.0,0.238,94.0,22.6,27.0,6.49,0.653,0.119,29.38,14.86,16.49,31.35,37.27,18.69,98.0,0.275,17.0,17.35,3.0,3.06,0.688,0.121,17.7,9.49,13.59,23.08,22.62,13.71,13.0,0.4,4.0,30.77,2.0,15.38,1.1,0.1999999999999999,17.86,8.62,13.79,22.41,21.43,20.0
746383,2024-06-02,2024,666135,L,686613,R,strikeout,True,False,148.0,0.22,38.0,25.68,13.0,8.78,0.71,0.204,30.37,14.75,16.19,30.94,30.28,24.36,264.0,0.3,63.0,23.86,24.0,9.09,0.858,0.185,26.95,12.66,17.1,29.76,32.56,21.58,126.0,0.268,33.0,26.19,14.0,11.11,0.813,0.196,27.59,12.05,18.27,30.32,28.04,19.14,312.0,0.246,85.0,27.24,30.0,9.62,0.7290000000000001,0.16,27.12,12.49,16.55,29.04,26.95,21.0
746383,2024-06-02,2024,467793,L,686613,R,single,False,False,149.0,0.188,24.0,16.11,18.0,12.08,0.638,0.14800000000000002,23.55,9.78,17.31,27.08,22.87,13.71,460.0,0.231,83.0,18.04,45.0,9.78,0.727,0.1899999999999999,23.76,11.0,14.32,25.31,24.63,16.21,126.0,0.268,33.0,26.19,14.0,11.11,0.813,0.196,27.59,12.05,18.27,30.32,28.04,19.14,312.0,0.246,85.0,27.24,30.0,9.62,0.7290000000000001,0.16,27.12,12.49,16.55,29.04,26.95,21.0
746383,2024-06-02,2024,666397,L,686613,R,walk,False,True,168.0,0.207,54.0,32.14,21.0,12.5,0.677,0.159,30.77,11.56,21.68,33.24,15.16,27.0,360.0,0.274,112.0,31.11,62.0,17.22,0.898,0.2229999999999999,28.27,10.42,20.53,30.95,13.51,22.38,126.0,0.268,33.0,26.19,14.0,11.11,0.813,0.196,27.59,12.05,18.27,30.32,28.04,19.14,312.0,0.246,85.0,27.24,30.0,9.62,0.7290000000000001,0.16,27.12,12.49,16.55,29.04,26.95,21.0
746383,2024-06-02,2024,663616,L,686613,R,strikeout,True,False,102.0,0.261,21.0,20.59,9.0,8.82,0.77,0.185,27.47,13.33,16.53,29.87,31.18,18.87,189.0,0.228,60.0,31.75,25.0,13.23,0.766,0.21,36.25,14.96,16.71,31.67,22.55,25.75,126.0,0.268,33.0,26.19,14.0,11.11,0.813,0.196,27.59,12.05,18.27,30.32,28.04,19.14,312.0,0.246,85.0,27.24,30.0,9.62,0.7290000000000001,0.16,27.12,12.49,16.55,29.04,26.95,21.0
746383,2024-06-02,2024,676801,R,680573,R,strikeout,True,False,73.0,0.2,23.0,31.51,6.0,8.22,0.52,0.045999999999999985,34.51,16.33,16.67,33.0,30.86,22.68,319.0,0.25,82.0,25.71,27.0,8.46,0.769,0.186,28.62,13.94,15.79,29.73,30.75,21.75,98.0,0.275,17.0,17.35,3.0,3.06,0.688,0.121,17.7,9.49,13.59,23.08,22.62,13.71,13.0,0.4,4.0,30.77,2.0,15.38,1.1,0.1999999999999999,17.86,8.62,13.79,22.41,21.43,20.0
746383,2024-06-02,2024,663656,L,573204,L,field_out,False,False,92.0,0.224,15.0,16.3,15.0,16.3,0.835,0.263,19.21,8.29,14.57,22.86,18.39,15.96,238.0,0.3,28.0,11.76,22.0,9.24,0.934,0.2669999999999999,14.95,6.92,15.31,22.22,21.1,12.02,27.0,0.208,9.0,33.33,3.0,11.11,0.546,0.04200000000000001,30.0,13.16,21.93,35.09,22.81,20.45,48.0,0.128,14.0,29.17,0.0,0.0,0.3409999999999999,0.0849999999999999,21.59,10.73,18.64,29.38,32.89,26.92
746383,2024-06-02,2024,608324,R,573204,L,field_out,False,False,78.0,0.164,5.0,6.41,5.0,6.41,0.478,0.096,7.38,3.2,22.42,25.62,24.46,6.85,216.0,0.215,20.0,9.26,27.0,12.5,0.6950000000000001,0.161,13.03,5.13,19.07,24.2,22.25,9.57,34.0,0.414,6.0,17.65,3.0,8.82,0.9930000000000001,0.13800000000000007,20.69,9.76,18.7,28.46,28.57,20.0,73.0,0.258,22.0,30.14,6.0,8.22,0.94,0.363,25.66,12.79,14.1,26.89,26.11,21.57
746383,2024-06-02,2024,680777,R,686613,R,field_out,False,False,140.0,0.256,30.0,21.43,12.0,8.57,0.895,0.28200000000000003,24.29,10.64,18.44,29.08,26.58,18.24,242.0,0.281,70.0,28.93,19.0,7.85,0.8280000000000001,0.186,29.53,13.79,18.6,32.39,32.19,21.28,98.0,0.314,20.0,20.41,10.0,10.2,0.91,0.198,23.76,10.8,15.33,26.13,23.65,16.13,356.0,0.276,93.0,26.12,25.0,7.02,0.839,0.2219999999999999,22.69,10.56,16.76,27.32,28.13,20.31
746383,2024-06-02,2024,669304,R,686613,R,home_run,False,False,98.0,0.264,17.0,17.35,4.0,4.08,0.728,0.16499999999999998,20.37,9.57,19.71,29.28,32.96,22.08,120.0,0.207,18.0,15.0,8.0,6.67,0.5640000000000001,0.09,23.72,11.83,13.69,25.52,32.37,15.04,98.0,0.314,20.0,20.41,10.0,10.2,0.91,0.198,23.76,10.8,15.33,26.13,23.65,16.13,356.0,0.276,93.0,26.12,25.0,7.02,0.839,0.2219999999999999,22.69,10.56,16.76,27.32,28.13,20.31
746383,2024-06-02,2024,596146,L,686613,R,field_out,False,False,119.0,0.267,19.0,15.97,11.0,9.24,0.796,0.19,20.94,10.14,12.84,22.98,23.39,12.5,394.0,0.263,84.0,21.32,37.0,9.39,0.8320000000000001,0.2339999999999999,19.92,9.32,15.49,24.81,24.75,18.14,126.0,0.268,33.0,26.19,14.0,11.11,0.813,0.196,27.59,12.05,18.27,30.32,28.04,19.14,312.0,0.246,85.0,27.24,30.0,9.62,0.7290000000000001,0.16,27.12,12.49,16.55,29.04,26.95,21.0
746383,2024-06-02,2024,621439,R,686613,R,strikeout,True,False,100.0,0.242,30.0,30.0,5.0,5.0,0.663,0.121,34.74,18.78,11.17,29.95,35.85,22.56,257.0,0.217,80.0,31.13,26.0,10.12,0.767,0.243,29.69,15.03,12.96,27.99,29.53,25.0,98.0,0.314,20.0,20.41,10.0,10.2,0.91,0.198,23.76,10.8,15.33,26.13,23.65,16.13,356.0,0.276,93.0,26.12,25.0,7.02,0.839,0.2219999999999999,22.69,10.56,16.76,27.32,28.13,20.31
746383,2024-06-02,2024,670541,L,573204,L,single,False,False,91.0,0.325,19.0,20.88,6.0,6.59,0.856,0.15699999999999997,23.08,11.43,14.6,26.03,36.47,26.76,174.0,0.295,37.0,21.26,20.0,11.49,0.892,0.212,24.91,11.27,17.53,28.79,30.5,20.79,27.0,0.208,9.0,33.33,3.0,11.11,0.546,0.04200000000000001,30.0,13.16,21.93,35.09,22.81,20.45,48.0,0.128,14.0,29.17,0.0,0.0,0.3409999999999999,0.0849999999999999,21.59,10.73,18.64,29.38,32.89,26.92
746383,2024-06-02,2024,665161,R,660896,R,force_out,False,False,172.0,0.288,32.0,18.6,7.0,4.07,0.6930000000000001,0.07400000000000001,23.93,12.44,14.99,27.43,34.63,16.33,461.0,0.239,107.0,23.21,34.0,7.38,0.655,0.1089999999999999,30.36,15.5,13.92,29.42,35.52,20.7,31.0,0.192,8.0,25.81,3.0,9.68,0.5589999999999999,0.07700000000000001,35.71,16.0,15.2,31.2,26.98,18.6,46.0,0.282,12.0,26.09,6.0,13.04,1.058,0.385,25.61,10.55,18.09,28.64,22.02,21.43
746383,2024-06-02,2024,676694,R,660896,R,strikeout,True,False,109.0,0.32,23.0,21.1,6.0,5.5,0.864,0.18,32.58,15.63,16.17,31.81,29.51,21.5,263.0,0.218,69.0,26.24,18.0,6.84,0.6459999999999999,0.146,25.89,12.2,16.27,28.47,24.49,21.12,31.0,0.192,8.0,25.81,3.0,9.68,0.5589999999999999,0.07700000000000001,35.71,16.0,15.2,31.2,26.98,18.6,46.0,0.282,12.0,26.09,6.0,13.04,1.058,0.385,25.61,10.55,18.09,28.64,22.02,21.43
746383,2024-06-02,2024,643289,R,660896,R,field_out,False,False,89.0,0.298,7.0,7.87,3.0,3.37,0.7190000000000001,0.09500000000000003,16.07,9.09,12.46,21.55,40.8,8.54,375.0,0.263,58.0,15.47,13.0,3.47,0.6779999999999999,0.124,19.01,10.95,13.18,24.13,40.64,15.68,31.0,0.192,8.0,25.81,3.0,9.68,0.5589999999999999,0.07700000000000001,35.71,16.0,15.2,31.2,26.98,18.6,46.0,0.282,12.0,26.09,6.0,13.04,1.058,0.385,25.61,10.55,18.09,28.64,22.02,21.43
746383,2024-06-02,2024,650489,L,650556,R,field_out,False,False,165.0,0.222,40.0,24.24,16.0,9.7,0.704,0.167,26.67,12.71,15.43,28.14,29.55,20.1,280.0,0.266,73.0,26.07,23.0,8.21,0.8029999999999999,0.189,28.16,14.39,15.31,29.7,34.97,21.1,68.0,0.333,18.0,26.47,11.0,16.18,1.008,0.20400000000000001,30.7,13.06,16.04,29.1,21.77,25.71,145.0,0.185,50.0,34.48,20.0,13.79,0.611,0.118,37.97,16.01,17.43,33.44,22.96,29.94
746383,2024-06-02,2024,666135,L,650556,R,strikeout,True,False,148.0,0.22,38.0,25.68,13.0,8.78,0.71,0.204,30.37,14.75,16.19,30.94,30.28,24.36,264.0,0.3,63.0,23.86,24.0,9.09,0.858,0.185,26.95,12.66,17.1,29.76,32.56,21.58,68.0,0.333,18.0,26.47,11.0,16.18,1.008,0.20400000000000001,30.7,13.06,16.04,29.1,21.77,25.71,145.0,0.185,50.0,34.48,20.0,13.79,0.611,0.118,37.97,16.01,17.43,33.44,22.96,29.94
746383,2024-06-02,2024,467793,L,650556,R,single,False,False,149.0,0.188,24.0,16.11,18.0,12.08,0.638,0.14800000000000002,23.55,9.78,17.31,27.08,22.87,13.71,460.0,0.231,83.0,18.04,45.0,9.78,0.727,0.1899999999999999,23.76,11.0,14.32,25.31,24.63,16.21,68.0,0.333,18.0,26.47,11.0,16.18,1.008,0.20400000000000001,30.7,13.06,16.04,29.1,21.77,25.71,145.0,0.185,50.0,34.48,20.0,13.79,0.611,0.118,37.97,16.01,17.43,33.44,22.96,29.94
746383,2024-06-02,2024,666397,L,650556,R,strikeout,True,False,168.0,0.207,54.0,32.14,21.0,12.5,0.677,0.159,30.77,11.56,21.68,33.24,15.16,27.0,360.0,0.274,112.0,31.11,62.0,17.22,0.898,0.2229999999999999,28.27,10.42,20.53,30.95,13.51,22.38,68.0,0.333,18.0,26.47,11.0,16.18,1.008,0.20400000000000001,30.7,13.06,16.04,29.1,21.77,25.71,145.0,0.185,50.0,34.48,20.0,13.79,0.611,0.118,37.97,16.01,17.43,33.44,22.96,29.94
746383,2024-06-02,2024,605170,L,660896,R,field_out,False,False,69.0,0.226,10.0,14.49,3.0,4.35,0.698,0.19299999999999998,19.63,9.29,17.26,26.55,24.53,20.83,168.0,0.262,33.0,19.64,15.0,8.93,0.745,0.1539999999999999,19.57,9.05,17.76,26.8,23.55,20.0,31.0,0.2,9.0,29.03,4.0,12.9,0.51,0.0,27.78,12.0,20.0,32.0,18.64,24.32,29.0,0.125,4.0,13.79,4.0,13.79,0.491,0.125,25.0,9.92,20.66,30.58,27.42,11.76
746383,2024-06-02,2024,547989,R,660896,R,walk,False,True,63.0,0.133,20.0,31.75,1.0,1.59,0.34199999999999997,0.04999999999999999,32.82,16.93,18.9,35.83,36.29,22.73,416.0,0.238,94.0,22.6,27.0,6.49,0.653,0.119,29.38,14.86,16.49,31.35,37.27,18.69,31.0,0.192,8.0,25.81,3.0,9.68,0.5589999999999999,0.07700000000000001,35.71,16.0,15.2,31.2,26.98,18.6,46.0,0.282,12.0,26.09,6.0,13.04,1.058,0.385,25.61,10.55,18.09,28.64,22.02,21.43
746383,2024-06-02,2024,676801,R,660896,R,single,False,False,73.0,0.2,23.0,31.51,6.0,8.22,0.52,0.045999999999999985,34.51,16.33,16.67,33.0,30.86,22.68,319.0,0.25,82.0,25.71,27.0,8.46,0.769,0.186,28.62,13.94,15.79,29.73,30.75,21.75,31.0,0.192,8.0,25.81,3.0,9.68,0.5589999999999999,0.07700000000000001,35.71,16.0,15.2,31.2,26.98,18.6,46.0,0.282,12.0,26.09,6.0,13.04,1.058,0.385,25.61,10.55,18.09,28.64,22.02,21.43
746383,2024-06-02,2024,663656,L,595345,L,field_out,False,False,92.0,0.224,15.0,16.3,15.0,16.3,0.835,0.263,19.21,8.29,14.57,22.86,18.39,15.96,238.0,0.3,28.0,11.76,22.0,9.24,0.934,0.2669999999999999,14.95,6.92,15.31,22.22,21.1,12.02,32.0,0.133,8.0,25.0,1.0,3.12,0.355,0.034,28.57,15.09,18.87,33.96,30.23,28.57,95.0,0.241,33.0,34.74,10.0,10.53,0.7210000000000001,0.157,34.39,15.78,16.5,32.28,26.54,23.74
746383,2024-06-02,2024,608324,R,595345,L,single,False,False,78.0,0.164,5.0,6.41,5.0,6.41,0.478,0.096,7.38,3.2,22.42,25.62,24.46,6.85,216.0,0.215,20.0,9.26,27.0,12.5,0.6950000000000001,0.161,13.03,5.13,19.07,24.2,22.25,9.57,48.0,0.268,10.0,20.83,7.0,14.58,0.887,0.244,21.52,8.95,18.95,27.89,17.05,19.23,152.0,0.222,40.0,26.32,14.0,9.21,0.747,0.222,28.47,13.79,16.75,30.54,27.09,21.39
746383,2024-06-02,2024,670541,L,595345,L,field_out,False,False,91.0,0.325,19.0,20.88,6.0,6.59,0.856,0.15699999999999997,23.08,11.43,14.6,26.03,36.47,26.76,174.0,0.295,37.0,21.26,20.0,11.49,0.892,0.212,24.91,11.27,17.53,28.79,30.5,20.79,32.0,0.133,8.0,25.0,1.0,3.12,0.355,0.034,28.57,15.09,18.87,33.96,30.23,28.57,95.0,0.241,33.0,34.74,10.0,10.53,0.7210000000000001,0.157,34.39,15.78,16.5,32.28,26.54,23.74
746383,2024-06-02,2024,663616,L,519151,R,walk,False,True,102.0,0.261,21.0,20.59,9.0,8.82,0.77,0.185,27.47,13.33,16.53,29.87,31.18,18.87,189.0,0.228,60.0,31.75,25.0,13.23,0.766,0.21,36.25,14.96,16.71,31.67,22.55,25.75,52.0,0.292,19.0,36.54,2.0,3.85,0.71,0.10400000000000004,31.63,14.49,19.63,34.11,33.03,25.68,138.0,0.217,38.0,27.54,6.0,4.35,0.649,0.178,31.54,15.68,16.63,32.31,35.45,25.0
746383,2024-06-02,2024,680777,R,519151,R,sac_bunt,False,False,140.0,0.256,30.0,21.43,12.0,8.57,0.895,0.28200000000000003,24.29,10.64,18.44,29.08,26.58,18.24,242.0,0.281,70.0,28.93,19.0,7.85,0.8280000000000001,0.186,29.53,13.79,18.6,32.39,32.19,21.28,47.0,0.325,10.0,21.28,5.0,10.64,0.966,0.24999999999999994,28.89,14.29,14.84,29.12,30.68,18.87,130.0,0.222,36.0,27.69,10.0,7.69,0.593,0.094,31.52,16.14,16.14,32.27,33.46,24.32
746383,2024-06-02,2024,669304,R,519151,R,double,False,False,98.0,0.264,17.0,17.35,4.0,4.08,0.728,0.16499999999999998,20.37,9.57,19.71,29.28,32.96,22.08,120.0,0.207,18.0,15.0,8.0,6.67,0.5640000000000001,0.09,23.72,11.83,13.69,25.52,32.37,15.04,47.0,0.325,10.0,21.28,5.0,10.64,0.966,0.24999999999999994,28.89,14.29,14.84,29.12,30.68,18.87,130.0,0.222,36.0,27.69,10.0,7.69,0.593,0.094,31.52,16.14,16.14,32.27,33.46,24.32
746383,2024-06-02,2024,596146,L,519151,R,field_out,False,False,119.0,0.267,19.0,15.97,11.0,9.24,0.796,0.19,20.94,10.14,12.84,22.98,23.39,12.5,394.0,0.263,84.0,21.32,37.0,9.39,0.8320000000000001,0.2339999999999999,19.92,9.32,15.49,24.81,24.75,18.14,52.0,0.292,19.0,36.54,2.0,3.85,0.71,0.10400000000000004,31.63,14.49,19.63,34.11,33.03,25.68,138.0,0.217,38.0,27.54,6.0,4.35,0.649,0.178,31.54,15.68,16.63,32.31,35.45,25.0
746383,2024-06-02,2024,621439,R,519151,R,field_out,False,False,100.0,0.242,30.0,30.0,5.0,5.0,0.663,0.121,34.74,18.78,11.17,29.95,35.85,22.56,257.0,0.217,80.0,31.13,26.0,10.12,0.767,0.243,29.69,15.03,12.96,27.99,29.53,25.0,47.0,0.325,10.0,21.28,5.0,10.64,0.966,0.24999999999999994,28.89,14.29,14.84,29.12,30.68,18.87,130.0,0.222,36.0,27.69,10.0,7.69,0.593,0.094,31.52,16.14,16.14,32.27,33.46,24.32
746383,2024-06-02,2024,665161,R,643377,R,field_out,False,False,172.0,0.288,32.0,18.6,7.0,4.07,0.6930000000000001,0.07400000000000001,23.93,12.44,14.99,27.43,34.63,16.33,461.0,0.239,107.0,23.21,34.0,7.38,0.655,0.1089999999999999,30.36,15.5,13.92,29.42,35.52,20.7,52.0,0.188,21.0,40.38,3.0,5.77,0.439,0.01999999999999999,38.18,19.63,14.95,34.58,36.52,26.58,157.0,0.228,33.0,21.02,8.0,5.1,0.599,0.089,24.56,11.73,18.37,30.1,27.92,20.25
746383,2024-06-02,2024,676694,R,643377,R,field_out,False,False,109.0,0.32,23.0,21.1,6.0,5.5,0.864,0.18,32.58,15.63,16.17,31.81,29.51,21.5,263.0,0.218,69.0,26.24,18.0,6.84,0.6459999999999999,0.146,25.89,12.2,16.27,28.47,24.49,21.12,52.0,0.188,21.0,40.38,3.0,5.77,0.439,0.01999999999999999,38.18,19.63,14.95,34.58,36.52,26.58,157.0,0.228,33.0,21.02,8.0,5.1,0.599,0.089,24.56,11.73,18.37,30.1,27.92,20.25
746383,2024-06-02,2024,643289,R,643377,R,field_out,False,False,89.0,0.298,7.0,7.87,3.0,3.37,0.7190000000000001,0.09500000000000003,16.07,9.09,12.46,21.55,40.8,8.54,375.0,0.263,58.0,15.47,13.0,3.47,0.6779999999999999,0.124,19.01,10.95,13.18,24.13,40.64,15.68,52.0,0.188,21.0,40.38,3.0,5.77,0.439,0.01999999999999999,38.18,19.63,14.95,34.58,36.52,26.58,157.0,0.228,33.0,21.02,8.0,5.1,0.599,0.089,24.56,11.73,18.37,30.1,27.92,20.25
746383,2024-06-02,2024,650489,L,606160,R,field_out,False,False,165.0,0.222,40.0,24.24,16.0,9.7,0.704,0.167,26.67,12.71,15.43,28.14,29.55,20.1,280.0,0.266,73.0,26.07,23.0,8.21,0.8029999999999999,0.189,28.16,14.39,15.31,29.7,34.97,21.1,47.0,0.233,6.0,12.77,4.0,8.51,0.81,0.279,20.62,10.31,11.86,22.16,32.76,9.23,151.0,0.267,35.0,23.18,18.0,11.92,0.7849999999999999,0.1599999999999999,29.78,14.29,12.03,26.32,27.17,16.51
746383,2024-06-02,2024,666135,L,606160,R,strikeout,True,False,148.0,0.22,38.0,25.68,13.0,8.78,0.71,0.204,30.37,14.75,16.19,30.94,30.28,24.36,264.0,0.3,63.0,23.86,24.0,9.09,0.858,0.185,26.95,12.66,17.1,29.76,32.56,21.58,47.0,0.233,6.0,12.77,4.0,8.51,0.81,0.279,20.62,10.31,11.86,22.16,32.76,9.23,151.0,0.267,35.0,23.18,18.0,11.92,0.7849999999999999,0.1599999999999999,29.78,14.29,12.03,26.32,27.17,16.51
746383,2024-06-02,2024,467793,L,606160,R,field_out,False,False,149.0,0.188,24.0,16.11,18.0,12.08,0.638,0.14800000000000002,23.55,9.78,17.31,27.08,22.87,13.71,460.0,0.231,83.0,18.04,45.0,9.78,0.727,0.1899999999999999,23.76,11.0,14.32,25.31,24.63,16.21,47.0,0.233,6.0,12.77,4.0,8.51,0.81,0.279,20.62,10.31,11.86,22.16,32.76,9.23,151.0,0.267,35.0,23.18,18.0,11.92,0.7849999999999999,0.1599999999999999,29.78,14.29,12.03,26.32,27.17,16.51
746383,2024-06-02,2024,605170,L,661395,R,field_out,False,False,69.0,0.226,10.0,14.49,3.0,4.35,0.698,0.19299999999999998,19.63,9.29,17.26,26.55,24.53,20.83,168.0,0.262,33.0,19.64,15.0,8.93,0.745,0.1539999999999999,19.57,9.05,17.76,26.8,23.55,20.0,34.0,0.214,8.0,23.53,4.0,11.76,0.762,0.215,35.85,15.57,16.39,31.97,24.19,25.0,128.0,0.205,51.0,39.84,14.0,10.94,0.523,0.027,41.24,20.66,12.8,33.46,29.78,27.62
746383,2024-06-02,2024,514888,R,661395,R,strikeout,True,False,187.0,0.305,33.0,17.65,12.0,6.42,0.83,0.172,18.79,9.41,17.22,26.63,36.26,16.58,297.0,0.322,55.0,18.52,32.0,10.77,0.941,0.218,19.43,8.47,19.0,27.48,31.81,17.74,25.0,0.261,5.0,20.0,1.0,4.0,0.755,0.174,27.91,13.04,20.65,33.7,27.27,17.86,127.0,0.209,33.0,25.98,11.0,8.66,0.722,0.209,29.03,14.78,13.76,28.54,30.67,22.45
746383,2024-06-02,2024,572138,L,661395,R,field_out,False,False,118.0,0.23,25.0,21.19,17.0,14.41,0.7090000000000001,0.13999999999999999,25.27,10.07,18.6,28.67,19.92,20.83,79.0,0.13,19.0,24.05,9.0,11.39,0.402,0.0439999999999999,22.79,9.69,16.56,26.25,24.43,21.11,34.0,0.214,8.0,23.53,4.0,11.76,0.762,0.215,35.85,15.57,16.39,31.97,24.19,25.0,128.0,0.205,51.0,39.84,14.0,10.94,0.523,0.027,41.24,20.66,12.8,33.46,29.78,27.62
746138,2024-06-02,2024,453568,L,808967,R,field_out,False,False,150.0,0.235,19.0,12.67,11.0,7.33,0.677,0.14,17.92,9.01,16.22,25.23,36.1,12.1,309.0,0.272,48.0,15.53,26.0,8.41,0.7909999999999999,0.1689999999999999,21.84,10.67,16.05,26.72,30.66,16.11,131.0,0.183,37.0,28.24,9.0,6.87,0.505,0.08400000000000002,26.36,12.28,19.88,32.16,29.63,22.56,,,,,,,,,,,,,,
746138,2024-06-02,2024,678662,R,808967,R,double,False,False,184.0,0.312,54.0,29.35,5.0,2.72,0.8420000000000001,0.191,35.05,21.96,10.4,32.36,46.93,23.58,438.0,0.256,109.0,24.89,17.0,3.88,0.69,0.143,29.47,17.51,10.44,27.95,41.11,20.49,129.0,0.266,37.0,28.68,4.0,3.1,0.747,0.194,27.63,14.17,18.76,32.93,34.04,22.56,,,,,,,,,,,,,,
746138,2024-06-02,2024,641857,L,808967,R,field_out,False,False,168.0,0.255,42.0,25.0,18.0,10.71,0.761,0.173,25.15,11.81,15.66,27.47,27.41,17.07,449.0,0.26,141.0,31.4,52.0,11.58,0.826,0.2209999999999999,31.26,14.84,14.94,29.79,25.26,20.41,131.0,0.183,37.0,28.24,9.0,6.87,0.505,0.08400000000000002,26.36,12.28,19.88,32.16,29.63,22.56,,,,,,,,,,,,,,
746138,2024-06-02,2024,553869,R,808967,R,walk,False,True,135.0,0.295,25.0,18.52,9.0,6.67,0.774,0.123,29.28,16.01,11.85,27.86,33.88,17.36,383.0,0.298,92.0,24.02,23.0,6.01,0.777,0.14,29.34,15.86,11.31,27.17,35.61,20.22,129.0,0.266,37.0,28.68,4.0,3.1,0.747,0.194,27.63,14.17,18.76,32.93,34.04,22.56,,,,,,,,,,,,,,
746138,2024-06-02,2024,592178,R,808967,R,strikeout,True,False,77.0,0.203,25.0,32.47,9.0,11.69,0.666,0.125,38.78,18.33,15.11,33.44,30.06,25.0,263.0,0.239,55.0,20.91,24.0,9.13,0.673,0.1109999999999999,25.91,11.98,15.64,27.62,26.79,19.86,129.0,0.266,37.0,28.68,4.0,3.1,0.747,0.194,27.63,14.17,18.76,32.93,34.04,22.56,,,,,,,,,,,,,,
746138,2024-06-02,2024,605141,R,615698,R,field_out,False,False,178.0,0.303,19.0,10.67,26.0,14.61,0.904,0.197,15.36,5.8,20.51,26.31,18.48,8.96,509.0,0.309,85.0,16.7,66.0,12.97,0.949,0.237,17.85,6.92,20.25,27.17,17.64,15.12,154.0,0.271,25.0,16.23,10.0,6.49,0.7130000000000001,0.11499999999999999,19.71,9.62,17.13,26.75,26.04,15.15,233.0,0.284,18.0,7.73,4.0,1.72,0.721,0.124,14.21,7.03,15.91,22.93,28.68,8.11
746138,2024-06-02,2024,660271,L,615698,R,field_out,False,False,161.0,0.338,33.0,20.5,20.0,12.42,1.123,0.35999999999999993,27.8,13.38,13.69,27.08,30.68,18.33,429.0,0.327,99.0,23.08,64.0,14.92,1.132,0.3739999999999999,32.88,15.48,11.59,27.07,28.86,20.75,129.0,0.223,25.0,19.38,15.0,11.63,0.7050000000000001,0.17,23.48,10.18,14.74,24.91,22.98,15.06,211.0,0.272,40.0,18.96,31.0,14.69,0.851,0.1999999999999999,23.57,10.52,13.62,24.14,24.9,14.34
746138,2024-06-02,2024,518692,L,615698,R,field_out,False,False,158.0,0.341,24.0,15.19,20.0,12.66,1.015,0.24399999999999994,19.73,9.35,11.89,21.24,24.23,13.64,514.0,0.33,81.0,15.76,57.0,11.09,0.962,0.218,19.83,9.77,11.31,21.08,27.01,16.63,129.0,0.223,25.0,19.38,15.0,11.63,0.7050000000000001,0.17,23.48,10.18,14.74,24.91,22.98,15.06,211.0,0.272,40.0,18.96,31.0,14.69,0.851,0.1999999999999999,23.57,10.52,13.62,24.14,24.9,14.34
746138,2024-06-02,2024,663898,R,808967,R,double,False,False,162.0,0.261,41.0,25.31,9.0,5.56,0.655,0.09199999999999997,25.08,12.32,15.91,28.24,26.14,18.98,138.0,0.269,33.0,23.91,5.0,3.62,0.709,0.1389999999999999,27.31,13.83,17.45,31.28,33.92,25.0,129.0,0.266,37.0,28.68,4.0,3.1,0.747,0.194,27.63,14.17,18.76,32.93,34.04,22.56,,,,,,,,,,,,,,
746138,2024-06-02,2024,660707,R,808967,R,field_out,False,False,136.0,0.23,27.0,19.85,12.0,8.82,0.657,0.13099999999999998,27.17,14.52,13.51,28.02,36.36,19.29,196.0,0.249,69.0,35.2,12.0,6.12,0.729,0.1689999999999999,41.45,21.48,15.97,37.45,41.94,28.28,129.0,0.266,37.0,28.68,4.0,3.1,0.747,0.194,27.63,14.17,18.76,32.93,34.04,22.56,,,,,,,,,,,,,,
746138,2024-06-02,2024,686668,R,808967,R,sac_fly,False,False,176.0,0.275,51.0,28.98,18.0,10.23,0.7969999999999999,0.16899999999999998,32.15,15.72,15.88,31.6,27.74,27.27,299.0,0.207,98.0,32.78,17.0,5.69,0.597,0.131,34.17,17.56,14.33,31.89,31.96,31.51,129.0,0.266,37.0,28.68,4.0,3.1,0.747,0.194,27.63,14.17,18.76,32.93,34.04,22.56,,,,,,,,,,,,,,
746138,2024-06-02,2024,656248,R,808967,R,strikeout,True,False,57.0,0.204,18.0,31.58,7.0,12.28,0.643,0.12300000000000003,35.71,15.28,19.65,34.93,19.82,26.09,29.0,0.222,11.0,37.93,1.0,3.45,0.685,0.222,36.17,16.5,21.36,37.86,32.08,35.48,129.0,0.266,37.0,28.68,4.0,3.1,0.747,0.194,27.63,14.17,18.76,32.93,34.04,22.56,,,,,,,,,,,,,,
746138,2024-06-02,2024,669257,R,615698,R,field_out,False,False,147.0,0.233,26.0,17.69,9.0,6.12,0.677,0.158,19.06,9.36,15.76,25.12,28.05,13.76,407.0,0.268,67.0,16.46,42.0,10.32,0.7949999999999999,0.1659999999999999,19.27,8.8,16.84,25.64,24.5,12.79,154.0,0.271,25.0,16.23,10.0,6.49,0.7130000000000001,0.11499999999999999,19.71,9.62,17.13,26.75,26.04,15.15,233.0,0.284,18.0,7.73,4.0,1.72,0.721,0.124,14.21,7.03,15.91,22.93,28.68,8.11
746138,2024-06-02,2024,606192,R,615698,R,single,False,False,174.0,0.265,55.0,31.61,16.0,9.2,0.793,0.187,35.75,18.45,13.04,31.48,29.0,22.09,529.0,0.249,164.0,31.0,33.0,6.24,0.718,0.1639999999999999,36.92,19.57,14.44,34.01,34.81,23.06,154.0,0.271,25.0,16.23,10.0,6.49,0.7130000000000001,0.11499999999999999,19.71,9.62,17.13,26.75,26.04,15.15,233.0,0.284,18.0,7.73,4.0,1.72,0.721,0.124,14.21,7.03,15.91,22.93,28.68,8.11
746138,2024-06-02,2024,666158,L,615698,R,field_out,False,False,141.0,0.223,30.0,21.28,11.0,7.8,0.599,0.092,19.51,8.62,18.49,27.11,18.08,18.18,,,,,,,,,,,,,,,129.0,0.223,25.0,19.38,15.0,11.63,0.7050000000000001,0.17,23.48,10.18,14.74,24.91,22.98,15.06,211.0,0.272,40.0,18.96,31.0,14.69,0.851,0.1999999999999999,23.57,10.52,13.62,24.14,24.9,14.34
746138,2024-06-02,2024,681624,R,615698,R,single,False,False,125.0,0.226,37.0,29.6,4.0,3.2,0.64,0.148,29.86,17.11,11.75,28.87,35.04,20.9,,,,,,,,,,,,,,,154.0,0.271,25.0,16.23,10.0,6.49,0.7130000000000001,0.11499999999999999,19.71,9.62,17.13,26.75,26.04,15.15,233.0,0.284,18.0,7.73,4.0,1.72,0.721,0.124,14.21,7.03,15.91,22.93,28.68,8.11
746138,2024-06-02,2024,518792,L,615698,R,double,False,False,42.0,0.158,7.0,16.67,3.0,7.14,0.554,0.158,24.73,13.45,12.28,25.73,32.53,12.96,349.0,0.276,57.0,16.33,32.0,9.17,0.818,0.1949999999999999,20.45,9.51,16.77,26.27,27.56,15.45,129.0,0.223,25.0,19.38,15.0,11.63,0.7050000000000001,0.17,23.48,10.18,14.74,24.91,22.98,15.06,211.0,0.272,40.0,18.96,31.0,14.69,0.851,0.1999999999999999,23.57,10.52,13.62,24.14,24.9,14.34
746138,2024-06-02,2024,571771,R,615698,R,field_out,False,False,73.0,0.162,18.0,24.66,5.0,6.85,0.425,0.043999999999999984,25.68,13.29,16.43,29.72,26.56,20.69,347.0,0.235,78.0,22.48,20.0,5.76,0.647,0.13,27.56,13.17,16.85,30.02,28.91,20.8,154.0,0.271,25.0,16.23,10.0,6.49,0.7130000000000001,0.11499999999999999,19.71,9.62,17.13,26.75,26.04,15.15,233.0,0.284,18.0,7.73,4.0,1.72,0.721,0.124,14.21,7.03,15.91,22.93,28.68,8.11
746138,2024-06-02,2024,453568,L,808967,R,field_out,False,False,150.0,0.235,19.0,12.67,11.0,7.33,0.677,0.14,17.92,9.01,16.22,25.23,36.1,12.1,309.0,0.272,48.0,15.53,26.0,8.41,0.7909999999999999,0.1689999999999999,21.84,10.67,16.05,26.72,30.66,16.11,131.0,0.183,37.0,28.24,9.0,6.87,0.505,0.08400000000000002,26.36,12.28,19.88,32.16,29.63,22.56,,,,,,,,,,,,,,
746138,2024-06-02,2024,678662,R,808967,R,single,False,False,184.0,0.312,54.0,29.35,5.0,2.72,0.8420000000000001,0.191,35.05,21.96,10.4,32.36,46.93,23.58,438.0,0.256,109.0,24.89,17.0,3.88,0.69,0.143,29.47,17.51,10.44,27.95,41.11,20.49,129.0,0.266,37.0,28.68,4.0,3.1,0.747,0.194,27.63,14.17,18.76,32.93,34.04,22.56,,,,,,,,,,,,,,
746138,2024-06-02,2024,641857,L,808967,R,strikeout,True,False,168.0,0.255,42.0,25.0,18.0,10.71,0.761,0.173,25.15,11.81,15.66,27.47,27.41,17.07,449.0,0.26,141.0,31.4,52.0,11.58,0.826,0.2209999999999999,31.26,14.84,14.94,29.79,25.26,20.41,131.0,0.183,37.0,28.24,9.0,6.87,0.505,0.08400000000000002,26.36,12.28,19.88,32.16,29.63,22.56,,,,,,,,,,,,,,
746138,2024-06-02,2024,553869,R,808967,R,single,False,False,135.0,0.295,25.0,18.52,9.0,6.67,0.774,0.123,29.28,16.01,11.85,27.86,33.88,17.36,383.0,0.298,92.0,24.02,23.0,6.01,0.777,0.14,29.34,15.86,11.31,27.17,35.61,20.22,129.0,0.266,37.0,28.68,4.0,3.1,0.747,0.194,27.63,14.17,18.76,32.93,34.04,22.56,,,,,,,,,,,,,,
746138,2024-06-02,2024,592178,R,808967,R,force_out,False,False,77.0,0.203,25.0,32.47,9.0,11.69,0.666,0.125,38.78,18.33,15.11,33.44,30.06,25.0,263.0,0.239,55.0,20.91,24.0,9.13,0.673,0.1109999999999999,25.91,11.98,15.64,27.62,26.79,19.86,129.0,0.266,37.0,28.68,4.0,3.1,0.747,0.194,27.63,14.17,18.76,32.93,34.04,22.56,,,,,,,,,,,,,,
746138,2024-06-02,2024,605141,R,615698,R,field_out,False,False,178.0,0.303,19.0,10.67,26.0,14.61,0.904,0.197,15.36,5.8,20.51,26.31,18.48,8.96,509.0,0.309,85.0,16.7,66.0,12.97,0.949,0.237,17.85,6.92,20.25,27.17,17.64,15.12,154.0,0.271,25.0,16.23,10.0,6.49,0.7130000000000001,0.11499999999999999,19.71,9.62,17.13,26.75,26.04,15.15,233.0,0.284,18.0,7.73,4.0,1.72,0.721,0.124,14.21,7.03,15.91,22.93,28.68,8.11
746138,2024-06-02,2024,660271,L,615698,R,walk,False,True,161.0,0.338,33.0,20.5,20.0,12.42,1.123,0.35999999999999993,27.8,13.38,13.69,27.08,30.68,18.33,429.0,0.327,99.0,23.08,64.0,14.92,1.132,0.3739999999999999,32.88,15.48,11.59,27.07,28.86,20.75,129.0,0.223,25.0,19.38,15.0,11.63,0.7050000000000001,0.17,23.48,10.18,14.74,24.91,22.98,15.06,211.0,0.272,40.0,18.96,31.0,14.69,0.851,0.1999999999999999,23.57,10.52,13.62,24.14,24.9,14.34
746138,2024-06-02,2024,518692,L,615698,R,single,False,False,158.0,0.341,24.0,15.19,20.0,12.66,1.015,0.24399999999999994,19.73,9.35,11.89,21.24,24.23,13.64,514.0,0.33,81.0,15.76,57.0,11.09,0.962,0.218,19.83,9.77,11.31,21.08,27.01,16.63,129.0,0.223,25.0,19.38,15.0,11.63,0.7050000000000001,0.17,23.48,10.18,14.74,24.91,22.98,15.06,211.0,0.272,40.0,18.96,31.0,14.69,0.851,0.1999999999999999,23.57,10.52,13.62,24.14,24.9,14.34
746138,2024-06-02,2024,669257,R,615698,R,field_out,False,False,147.0,0.233,26.0,17.69,9.0,6.12,0.677,0.158,19.06,9.36,15.76,25.12,28.05,13.76,407.0,0.268,67.0,16.46,42.0,10.32,0.7949999999999999,0.1659999999999999,19.27,8.8,16.84,25.64,24.5,12.79,154.0,0.271,25.0,16.23,10.0,6.49,0.7130000000000001,0.11499999999999999,19.71,9.62,17.13,26.75,26.04,15.15,233.0,0.284,18.0,7.73,4.0,1.72,0.721,0.124,14.21,7.03,15.91,22.93,28.68,8.11
746138,2024-06-02,2024,663898,R,808967,R,field_out,False,False,162.0,0.261,41.0,25.31,9.0,5.56,0.655,0.09199999999999997,25.08,12.32,15.91,28.24,26.14,18.98,138.0,0.269,33.0,23.91,5.0,3.62,0.709,0.1389999999999999,27.31,13.83,17.45,31.28,33.92,25.0,129.0,0.266,37.0,28.68,4.0,3.1,0.747,0.194,27.63,14.17,18.76,32.93,34.04,22.56,,,,,,,,,,,,,,
746138,2024-06-02,2024,660707,R,808967,R,strikeout,True,False,136.0,0.23,27.0,19.85,12.0,8.82,0.657,0.13099999999999998,27.17,14.52,13.51,28.02,36.36,19.29,196.0,0.249,69.0,35.2,12.0,6.12,0.729,0.1689999999999999,41.45,21.48,15.97,37.45,41.94,28.28,129.0,0.266,37.0,28.68,4.0,3.1,0.747,0.194,27.63,14.17,18.76,32.93,34.04,22.56,,,,,,,,,,,,,,
746138,2024-06-02,2024,686668,R,808967,R,strikeout,True,False,176.0,0.275,51.0,28.98,18.0,10.23,0.7969999999999999,0.16899999999999998,32.15,15.72,15.88,31.6,27.74,27.27,299.0,0.207,98.0,32.78,17.0,5.69,0.597,0.131,34.17,17.56,14.33,31.89,31.96,31.51,129.0,0.266,37.0,28.68,4.0,3.1,0.747,0.194,27.63,14.17,18.76,32.93,34.04,22.56,,,,,,,,,,,,,,
746138,2024-06-02,2024,606192,R,615698,R,single,False,False,174.0,0.265,55.0,31.61,16.0,9.2,0.793,0.187,35.75,18.45,13.04,31.48,29.0,22.09,529.0,0.249,164.0,31.0,33.0,6.24,0.718,0.1639999999999999,36.92,19.57,14.44,34.01,34.81,23.06,154.0,0.271,25.0,16.23,10.0,6.49,0.7130000000000001,0.11499999999999999,19.71,9.62,17.13,26.75,26.04,15.15,233.0,0.284,18.0,7.73,4.0,1.72,0.721,0.124,14.21,7.03,15.91,22.93,28.68,8.11
746138,2024-06-02,2024,666158,L,615698,R,grounded_into_double_play,False,False,141.0,0.223,30.0,21.28,11.0,7.8,0.599,0.092,19.51,8.62,18.49,27.11,18.08,18.18,,,,,,,,,,,,,,,129.0,0.223,25.0,19.38,15.0,11.63,0.7050000000000001,0.17,23.48,10.18,14.74,24.91,22.98,15.06,211.0,0.272,40.0,18.96,31.0,14.69,0.851,0.1999999999999999,23.57,10.52,13.62,24.14,24.9,14.34
746138,2024-06-02,2024,681624,R,615698,R,single,False,False,125.0,0.226,37.0,29.6,4.0,3.2,0.64,0.148,29.86,17.11,11.75,28.87,35.04,20.9,,,,,,,,,,,,,,,154.0,0.271,25.0,16.23,10.0,6.49,0.7130000000000001,0.11499999999999999,19.71,9.62,17.13,26.75,26.04,15.15,233.0,0.284,18.0,7.73,4.0,1.72,0.721,0.124,14.21,7.03,15.91,22.93,28.68,8.11
746138,2024-06-02,2024,518792,L,615698,R,walk,False,True,42.0,0.158,7.0,16.67,3.0,7.14,0.554,0.158,24.73,13.45,12.28,25.73,32.53,12.96,349.0,0.276,57.0,16.33,32.0,9.17,0.818,0.1949999999999999,20.45,9.51,16.77,26.27,27.56,15.45,129.0,0.223,25.0,19.38,15.0,11.63,0.7050000000000001,0.17,23.48,10.18,14.74,24.91,22.98,15.06,211.0,0.272,40.0,18.96,31.0,14.69,0.851,0.1999999999999999,23.57,10.52,13.62,24.14,24.9,14.34
746138,2024-06-02,2024,571771,R,615698,R,single,False,False,73.0,0.162,18.0,24.66,5.0,6.85,0.425,0.043999999999999984,25.68,13.29,16.43,29.72,26.56,20.69,347.0,0.235,78.0,22.48,20.0,5.76,0.647,0.13,27.56,13.17,16.85,30.02,28.91,20.8,154.0,0.271,25.0,16.23,10.0,6.49,0.7130000000000001,0.11499999999999999,19.71,9.62,17.13,26.75,26.04,15.15,233.0,0.284,18.0,7.73,4.0,1.72,0.721,0.124,14.21,7.03,15.91,22.93,28.68,8.11
746138,2024-06-02,2024,605141,R,615698,R,field_out,False,False,178.0,0.303,19.0,10.67,26.0,14.61,0.904,0.197,15.36,5.8,20.51,26.31,18.48,8.96,509.0,0.309,85.0,16.7,66.0,12.97,0.949,0.237,17.85,6.92,20.25,27.17,17.64,15.12,154.0,0.271,25.0,16.23,10.0,6.49,0.7130000000000001,0.11499999999999999,19.71,9.62,17.13,26.75,26.04,15.15,233.0,0.284,18.0,7.73,4.0,1.72,0.721,0.124,14.21,7.03,15.91,22.93,28.68,8.11
746138,2024-06-02,2024,656248,R,808967,R,strikeout,True,False,57.0,0.204,18.0,31.58,7.0,12.28,0.643,0.12300000000000003,35.71,15.28,19.65,34.93,19.82,26.09,29.0,0.222,11.0,37.93,1.0,3.45,0.685,0.222,36.17,16.5,21.36,37.86,32.08,35.48,129.0,0.266,37.0,28.68,4.0,3.1,0.747,0.194,27.63,14.17,18.76,32.93,34.04,22.56,,,,,,,,,,,,,,
746138,2024-06-02,2024,453568,L,808967,R,field_out,False,False,150.0,0.235,19.0,12.67,11.0,7.33,0.677,0.14,17.92,9.01,16.22,25.23,36.1,12.1,309.0,0.272,48.0,15.53,26.0,8.41,0.7909999999999999,0.1689999999999999,21.84,10.67,16.05,26.72,30.66,16.11,131.0,0.183,37.0,28.24,9.0,6.87,0.505,0.08400000000000002,26.36,12.28,19.88,32.16,29.63,22.56,,,,,,,,,,,,,,
746138,2024-06-02,2024,678662,R,808967,R,single,False,False,184.0,0.312,54.0,29.35,5.0,2.72,0.8420000000000001,0.191,35.05,21.96,10.4,32.36,46.93,23.58,438.0,0.256,109.0,24.89,17.0,3.88,0.69,0.143,29.47,17.51,10.44,27.95,41.11,20.49,129.0,0.266,37.0,28.68,4.0,3.1,0.747,0.194,27.63,14.17,18.76,32.93,34.04,22.56,,,,,,,,,,,,,,
746138,2024-06-02,2024,641857,L,808967,R,caught_stealing_2b,False,False,168.0,0.255,42.0,25.0,18.0,10.71,0.761,0.173,25.15,11.81,15.66,27.47,27.41,17.07,449.0,0.26,141.0,31.4,52.0,11.58,0.826,0.2209999999999999,31.26,14.84,14.94,29.79,25.26,20.41,131.0,0.183,37.0,28.24,9.0,6.87,0.505,0.08400000000000002,26.36,12.28,19.88,32.16,29.63,22.56,,,,,,,,,,,,,,
746138,2024-06-02,2024,660271,L,615698,R,strikeout,True,False,161.0,0.338,33.0,20.5,20.0,12.42,1.123,0.35999999999999993,27.8,13.38,13.69,27.08,30.68,18.33,429.0,0.327,99.0,23.08,64.0,14.92,1.132,0.3739999999999999,32.88,15.48,11.59,27.07,28.86,20.75,129.0,0.223,25.0,19.38,15.0,11.63,0.7050000000000001,0.17,23.48,10.18,14.74,24.91,22.98,15.06,211.0,0.272,40.0,18.96,31.0,14.69,0.851,0.1999999999999999,23.57,10.52,13.62,24.14,24.9,14.34
746138,2024-06-02,2024,518692,L,615698,R,triple,False,False,158.0,0.341,24.0,15.19,20.0,12.66,1.015,0.24399999999999994,19.73,9.35,11.89,21.24,24.23,13.64,514.0,0.33,81.0,15.76,57.0,11.09,0.962,0.218,19.83,9.77,11.31,21.08,27.01,16.63,129.0,0.223,25.0,19.38,15.0,11.63,0.7050000000000001,0.17,23.48,10.18,14.74,24.91,22.98,15.06,211.0,0.272,40.0,18.96,31.0,14.69,0.851,0.1999999999999999,23.57,10.52,13.62,24.14,24.9,14.34
746138,2024-06-02,2024,669257,R,615698,R,double,False,False,147.0,0.233,26.0,17.69,9.0,6.12,0.677,0.158,19.06,9.36,15.76,25.12,28.05,13.76,407.0,0.268,67.0,16.46,42.0,10.32,0.7949999999999999,0.1659999999999999,19.27,8.8,16.84,25.64,24.5,12.79,154.0,0.271,25.0,16.23,10.0,6.49,0.7130000000000001,0.11499999999999999,19.71,9.62,17.13,26.75,26.04,15.15,233.0,0.284,18.0,7.73,4.0,1.72,0.721,0.124,14.21,7.03,15.91,22.93,28.68,8.11
746138,2024-06-02,2024,606192,R,683232,R,strikeout,True,False,174.0,0.265,55.0,31.61,16.0,9.2,0.793,0.187,35.75,18.45,13.04,31.48,29.0,22.09,529.0,0.249,164.0,31.0,33.0,6.24,0.718,0.1639999999999999,36.92,19.57,14.44,34.01,34.81,23.06,63.0,0.264,14.0,22.22,10.0,15.87,0.739,0.09399999999999997,26.47,10.67,18.18,28.85,24.14,24.56,43.0,0.235,11.0,25.58,9.0,20.93,0.866,0.236,25.32,10.7,16.58,27.27,23.3,20.0
746138,2024-06-02,2024,666158,L,683232,R,strikeout,True,False,141.0,0.223,30.0,21.28,11.0,7.8,0.599,0.092,19.51,8.62,18.49,27.11,18.08,18.18,,,,,,,,,,,,,,,53.0,0.277,17.0,32.08,6.0,11.32,0.698,0.063,25.51,11.96,18.18,30.14,28.26,25.37,44.0,0.158,10.0,22.73,5.0,11.36,0.457,0.0259999999999999,20.83,8.52,20.45,28.98,26.37,18.52
746138,2024-06-02,2024,641857,L,808967,R,field_out,False,False,168.0,0.255,42.0,25.0,18.0,10.71,0.761,0.173,25.15,11.81,15.66,27.47,27.41,17.07,449.0,0.26,141.0,31.4,52.0,11.58,0.826,0.2209999999999999,31.26,14.84,14.94,29.79,25.26,20.41,131.0,0.183,37.0,28.24,9.0,6.87,0.505,0.08400000000000002,26.36,12.28,19.88,32.16,29.63,22.56,,,,,,,,,,,,,,
746138,2024-06-02,2024,553869,R,808967,R,single,False,False,135.0,0.295,25.0,18.52,9.0,6.67,0.774,0.123,29.28,16.01,11.85,27.86,33.88,17.36,383.0,0.298,92.0,24.02,23.0,6.01,0.777,0.14,29.34,15.86,11.31,27.17,35.61,20.22,129.0,0.266,37.0,28.68,4.0,3.1,0.747,0.194,27.63,14.17,18.76,32.93,34.04,22.56,,,,,,,,,,,,,,
746138,2024-06-02,2024,592178,R,808967,R,strikeout,True,False,77.0,0.203,25.0,32.47,9.0,11.69,0.666,0.125,38.78,18.33,15.11,33.44,30.06,25.0,263.0,0.239,55.0,20.91,24.0,9.13,0.673,0.1109999999999999,25.91,11.98,15.64,27.62,26.79,19.86,129.0,0.266,37.0,28.68,4.0,3.1,0.747,0.194,27.63,14.17,18.76,32.93,34.04,22.56,,,,,,,,,,,,,,
746138,2024-06-02,2024,663898,R,808967,R,double,False,False,162.0,0.261,41.0,25.31,9.0,5.56,0.655,0.09199999999999997,25.08,12.32,15.91,28.24,26.14,18.98,138.0,0.269,33.0,23.91,5.0,3.62,0.709,0.1389999999999999,27.31,13.83,17.45,31.28,33.92,25.0,129.0,0.266,37.0,28.68,4.0,3.1,0.747,0.194,27.63,14.17,18.76,32.93,34.04,22.56,,,,,,,,,,,,,,
746138,2024-06-02,2024,660707,R,808967,R,field_out,False,False,136.0,0.23,27.0,19.85,12.0,8.82,0.657,0.13099999999999998,27.17,14.52,13.51,28.02,36.36,19.29,196.0,0.249,69.0,35.2,12.0,6.12,0.729,0.1689999999999999,41.45,21.48,15.97,37.45,41.94,28.28,129.0,0.266,37.0,28.68,4.0,3.1,0.747,0.194,27.63,14.17,18.76,32.93,34.04,22.56,,,,,,,,,,,,,,
746138,2024-06-02,2024,681624,R,683232,R,single,False,False,125.0,0.226,37.0,29.6,4.0,3.2,0.64,0.148,29.86,17.11,11.75,28.87,35.04,20.9,,,,,,,,,,,,,,,63.0,0.264,14.0,22.22,10.0,15.87,0.739,0.09399999999999997,26.47,10.67,18.18,28.85,24.14,24.56,43.0,0.235,11.0,25.58,9.0,20.93,0.866,0.236,25.32,10.7,16.58,27.27,23.3,20.0
746138,2024-06-02,2024,518792,L,683232,R,strikeout,True,False,42.0,0.158,7.0,16.67,3.0,7.14,0.554,0.158,24.73,13.45,12.28,25.73,32.53,12.96,349.0,0.276,57.0,16.33,32.0,9.17,0.818,0.1949999999999999,20.45,9.51,16.77,26.27,27.56,15.45,53.0,0.277,17.0,32.08,6.0,11.32,0.698,0.063,25.51,11.96,18.18,30.14,28.26,25.37,44.0,0.158,10.0,22.73,5.0,11.36,0.457,0.0259999999999999,20.83,8.52,20.45,28.98,26.37,18.52
746138,2024-06-02,2024,571771,R,683232,R,field_out,False,False,73.0,0.162,18.0,24.66,5.0,6.85,0.425,0.043999999999999984,25.68,13.29,16.43,29.72,26.56,20.69,347.0,0.235,78.0,22.48,20.0,5.76,0.647,0.13,27.56,13.17,16.85,30.02,28.91,20.8,63.0,0.264,14.0,22.22,10.0,15.87,0.739,0.09399999999999997,26.47,10.67,18.18,28.85,24.14,24.56,43.0,0.235,11.0,25.58,9.0,20.93,0.866,0.236,25.32,10.7,16.58,27.27,23.3,20.0
746138,2024-06-02,2024,605141,R,683232,R,strikeout,True,False,178.0,0.303,19.0,10.67,26.0,14.61,0.904,0.197,15.36,5.8,20.51,26.31,18.48,8.96,509.0,0.309,85.0,16.7,66.0,12.97,0.949,0.237,17.85,6.92,20.25,27.17,17.64,15.12,63.0,0.264,14.0,22.22,10.0,15.87,0.739,0.09399999999999997,26.47,10.67,18.18,28.85,24.14,24.56,43.0,0.235,11.0,25.58,9.0,20.93,0.866,0.236,25.32,10.7,16.58,27.27,23.3,20.0
746138,2024-06-02,2024,686668,R,543339,R,field_out,False,False,176.0,0.275,51.0,28.98,18.0,10.23,0.7969999999999999,0.16899999999999998,32.15,15.72,15.88,31.6,27.74,27.27,299.0,0.207,98.0,32.78,17.0,5.69,0.597,0.131,34.17,17.56,14.33,31.89,31.96,31.51,37.0,0.229,9.0,24.32,2.0,5.41,0.67,0.171,33.82,15.65,14.29,29.93,26.83,22.5,9.0,0.25,3.0,33.33,1.0,11.11,0.708,0.125,28.57,14.63,9.76,24.39,30.43,21.43
746138,2024-06-02,2024,656248,R,543339,R,strikeout,True,False,57.0,0.204,18.0,31.58,7.0,12.28,0.643,0.12300000000000003,35.71,15.28,19.65,34.93,19.82,26.09,29.0,0.222,11.0,37.93,1.0,3.45,0.685,0.222,36.17,16.5,21.36,37.86,32.08,35.48,37.0,0.229,9.0,24.32,2.0,5.41,0.67,0.171,33.82,15.65,14.29,29.93,26.83,22.5,9.0,0.25,3.0,33.33,1.0,11.11,0.708,0.125,28.57,14.63,9.76,24.39,30.43,21.43
746138,2024-06-02,2024,453568,L,543339,R,field_out,False,False,150.0,0.235,19.0,12.67,11.0,7.33,0.677,0.14,17.92,9.01,16.22,25.23,36.1,12.1,309.0,0.272,48.0,15.53,26.0,8.41,0.7909999999999999,0.1689999999999999,21.84,10.67,16.05,26.72,30.66,16.11,42.0,0.167,14.0,33.33,0.0,0.0,0.524,0.18999999999999997,30.19,16.75,12.04,28.8,25.58,17.72,5.0,0.0,2.0,40.0,2.0,40.0,0.4,0.0,50.0,21.74,8.7,30.43,8.33,20.0
746138,2024-06-02,2024,660271,L,642028,L,single,False,False,85.0,0.308,18.0,21.18,6.0,7.06,0.827,0.16599999999999998,25.68,11.45,18.07,29.52,25.61,19.57,170.0,0.245,44.0,25.88,27.0,15.88,0.897,0.287,30.62,13.88,13.59,27.47,31.74,23.04,13.0,0.25,2.0,15.38,1.0,7.69,0.558,0.0,19.23,9.09,20.0,29.09,33.33,11.76,,,,,,,,,,,,,,
746138,2024-06-02,2024,518692,L,642028,L,field_out,False,False,95.0,0.212,16.0,16.84,9.0,9.47,0.5840000000000001,0.06300000000000003,23.16,12.43,11.02,23.45,32.57,13.91,218.0,0.335,40.0,18.35,15.0,6.88,1.008,0.2739999999999999,21.54,11.31,11.07,22.38,26.41,16.0,13.0,0.25,2.0,15.38,1.0,7.69,0.558,0.0,19.23,9.09,20.0,29.09,33.33,11.76,,,,,,,,,,,,,,
746138,2024-06-02,2024,669257,R,642028,L,field_out,False,False,61.0,0.412,5.0,8.2,9.0,14.75,1.296,0.39200000000000007,15.84,7.17,14.8,21.97,28.0,10.2,147.0,0.24,22.0,14.97,21.0,14.29,0.8,0.206,20.0,8.97,15.38,24.36,26.59,11.52,11.0,0.222,0.0,0.0,1.0,9.09,0.6970000000000001,0.11100000000000002,7.69,2.86,20.0,22.86,14.29,0.0,,,,,,,,,,,,,,
746138,2024-06-02,2024,606192,R,642028,L,intent_walk,False,True,66.0,0.27,16.0,24.24,3.0,4.55,0.8899999999999999,0.31699999999999995,29.69,16.03,10.13,26.16,28.3,29.63,151.0,0.287,47.0,31.13,5.0,3.31,0.817,0.223,31.76,17.57,12.52,30.09,36.59,25.41,11.0,0.222,0.0,0.0,1.0,9.09,0.6970000000000001,0.11100000000000002,7.69,2.86,20.0,22.86,14.29,0.0,,,,,,,,,,,,,,
746138,2024-06-02,2024,666158,L,642028,L,walk,False,True,14.0,0.077,4.0,28.57,1.0,7.14,0.21999999999999997,0.0,36.0,15.52,24.14,39.66,16.67,26.67,,,,,,,,,,,,,,,13.0,0.25,2.0,15.38,1.0,7.69,0.558,0.0,19.23,9.09,20.0,29.09,33.33,11.76,,,,,,,,,,,,,,
746138,2024-06-02,2024,681624,R,571539,R,strikeout,True,False,125.0,0.226,37.0,29.6,4.0,3.2,0.64,0.148,29.86,17.11,11.75,28.87,35.04,20.9,,,,,,,,,,,,,,,12.0,0.083,4.0,33.33,0.0,0.0,0.41600000000000004,0.25,18.52,11.36,15.91,27.27,46.67,26.67,58.0,0.2,11.0,18.97,6.0,10.34,0.513,0.0199999999999999,25.81,10.76,19.73,30.49,13.46,14.08
746138,2024-06-02,2024,678662,R,595014,R,strikeout,True,False,184.0,0.312,54.0,29.35,5.0,2.72,0.8420000000000001,0.191,35.05,21.96,10.4,32.36,46.93,23.58,438.0,0.256,109.0,24.89,17.0,3.88,0.69,0.143,29.47,17.51,10.44,27.95,41.11,20.49,21.0,0.2,5.0,23.81,1.0,4.76,0.438,0.0,26.47,12.5,26.39,38.89,40.0,26.32,,,,,,,,,,,,,,
746138,2024-06-02,2024,641857,L,595014,R,single,False,False,168.0,0.255,42.0,25.0,18.0,10.71,0.761,0.173,25.15,11.81,15.66,27.47,27.41,17.07,449.0,0.26,141.0,31.4,52.0,11.58,0.826,0.2209999999999999,31.26,14.84,14.94,29.79,25.26,20.41,14.0,0.143,8.0,57.14,0.0,0.0,0.286,0.0,28.57,16.13,8.06,24.19,40.62,44.44,,,,,,,,,,,,,,
746138,2024-06-02,2024,553869,R,595014,R,field_out,False,False,135.0,0.295,25.0,18.52,9.0,6.67,0.774,0.123,29.28,16.01,11.85,27.86,33.88,17.36,383.0,0.298,92.0,24.02,23.0,6.01,0.777,0.14,29.34,15.86,11.31,27.17,35.61,20.22,21.0,0.2,5.0,23.81,1.0,4.76,0.438,0.0,26.47,12.5,26.39,38.89,40.0,26.32,,,,,,,,,,,,,,
746138,2024-06-02,2024,592178,R,595014,R,single,False,False,77.0,0.203,25.0,32.47,9.0,11.69,0.666,0.125,38.78,18.33,15.11,33.44,30.06,25.0,263.0,0.239,55.0,20.91,24.0,9.13,0.673,0.1109999999999999,25.91,11.98,15.64,27.62,26.79,19.86,21.0,0.2,5.0,23.81,1.0,4.76,0.438,0.0,26.47,12.5,26.39,38.89,40.0,26.32,,,,,,,,,,,,,,
746138,2024-06-02,2024,663898,R,595014,R,field_out,False,False,162.0,0.261,41.0,25.31,9.0,5.56,0.655,0.09199999999999997,25.08,12.32,15.91,28.24,26.14,18.98,138.0,0.269,33.0,23.91,5.0,3.62,0.709,0.1389999999999999,27.31,13.83,17.45,31.28,33.92,25.0,21.0,0.2,5.0,23.81,1.0,4.76,0.438,0.0,26.47,12.5,26.39,38.89,40.0,26.32,,,,,,,,,,,,,,
746138,2024-06-02,2024,518792,L,571539,R,field_out,False,False,42.0,0.158,7.0,16.67,3.0,7.14,0.554,0.158,24.73,13.45,12.28,25.73,32.53,12.96,349.0,0.276,57.0,16.33,32.0,9.17,0.818,0.1949999999999999,20.45,9.51,16.77,26.27,27.56,15.45,11.0,0.667,1.0,9.09,2.0,18.18,1.838,0.44399999999999995,7.69,4.26,8.51,12.77,33.33,5.26,52.0,0.391,5.0,9.62,5.0,9.62,1.094,0.261,20.0,8.51,20.21,28.72,23.16,12.2
746138,2024-06-02,2024,571771,R,571539,R,field_out,False,False,73.0,0.162,18.0,24.66,5.0,6.85,0.425,0.043999999999999984,25.68,13.29,16.43,29.72,26.56,20.69,347.0,0.235,78.0,22.48,20.0,5.76,0.647,0.13,27.56,13.17,16.85,30.02,28.91,20.8,12.0,0.083,4.0,33.33,0.0,0.0,0.41600000000000004,0.25,18.52,11.36,15.91,27.27,46.67,26.67,58.0,0.2,11.0,18.97,6.0,10.34,0.513,0.0199999999999999,25.81,10.76,19.73,30.49,13.46,14.08
746138,2024-06-02,2024,605141,R,571539,R,strikeout,True,False,178.0,0.303,19.0,10.67,26.0,14.61,0.904,0.197,15.36,5.8,20.51,26.31,18.48,8.96,509.0,0.309,85.0,16.7,66.0,12.97,0.949,0.237,17.85,6.92,20.25,27.17,17.64,15.12,12.0,0.083,4.0,33.33,0.0,0.0,0.41600000000000004,0.25,18.52,11.36,15.91,27.27,46.67,26.67,58.0,0.2,11.0,18.97,6.0,10.34,0.513,0.0199999999999999,25.81,10.76,19.73,30.49,13.46,14.08
746138,2024-06-02,2024,660707,R,623465,R,strikeout,True,False,136.0,0.23,27.0,19.85,12.0,8.82,0.657,0.13099999999999998,27.17,14.52,13.51,28.02,36.36,19.29,196.0,0.249,69.0,35.2,12.0,6.12,0.729,0.1689999999999999,41.45,21.48,15.97,37.45,41.94,28.28,25.0,0.12,9.0,36.0,0.0,0.0,0.24,0.0,36.36,19.28,25.3,44.58,45.45,42.86,117.0,0.131,41.0,35.04,6.0,5.13,0.406,0.0839999999999999,38.6,17.93,20.95,38.88,34.27,31.3
746138,2024-06-02,2024,686668,R,623465,R,field_out,False,False,176.0,0.275,51.0,28.98,18.0,10.23,0.7969999999999999,0.16899999999999998,32.15,15.72,15.88,31.6,27.74,27.27,299.0,0.207,98.0,32.78,17.0,5.69,0.597,0.131,34.17,17.56,14.33,31.89,31.96,31.51,25.0,0.12,9.0,36.0,0.0,0.0,0.24,0.0,36.36,19.28,25.3,44.58,45.45,42.86,117.0,0.131,41.0,35.04,6.0,5.13,0.406,0.0839999999999999,38.6,17.93,20.95,38.88,34.27,31.3
746138,2024-06-02,2024,595909,L,623465,R,field_out,False,False,79.0,0.274,21.0,26.58,5.0,6.33,0.658,0.068,20.36,10.33,15.5,25.84,31.48,19.81,171.0,0.226,44.0,25.73,12.0,7.02,0.663,0.155,26.67,12.9,15.25,28.15,29.13,19.91,30.0,0.269,8.0,26.67,4.0,13.33,0.675,0.03899999999999998,20.0,8.45,17.61,26.06,15.15,16.67,118.0,0.222,25.0,21.19,7.0,5.93,0.663,0.167,20.91,9.98,18.0,27.98,27.4,17.61
745332,2024-06-02,2024,683011,R,657277,R,field_out,False,False,204.0,0.291,41.0,20.1,17.0,8.33,0.8180000000000001,0.16700000000000004,22.16,10.37,18.33,28.7,29.46,17.75,467.0,0.198,132.0,28.27,36.0,7.71,0.624,0.1579999999999999,28.15,13.53,17.49,31.02,29.16,23.4,157.0,0.252,28.0,17.83,7.0,4.46,0.606,0.061,17.16,7.47,21.27,28.73,28.44,14.66,421.0,0.268,90.0,21.38,16.0,3.8,0.712,0.1429999999999999,20.51,9.76,20.8,30.55,33.33,18.67
745332,2024-06-02,2024,665742,L,657277,R,single,False,False,204.0,0.316,34.0,16.67,29.0,14.22,1.022,0.292,24.69,9.43,18.51,27.95,17.08,14.78,502.0,0.283,81.0,16.14,99.0,19.72,0.98,0.2730000000000001,18.45,6.31,19.31,25.62,15.09,14.14,171.0,0.269,39.0,22.81,13.0,7.6,0.702,0.10899999999999999,20.2,9.13,19.16,28.29,31.84,18.93,429.0,0.228,104.0,24.24,15.0,3.5,0.5960000000000001,0.109,21.2,9.96,20.05,30.01,31.36,21.62
745332,2024-06-02,2024,592450,R,657277,R,home_run,False,False,208.0,0.291,53.0,25.48,28.0,13.46,1.054,0.37200000000000005,31.07,13.76,14.34,28.09,19.95,20.7,384.0,0.266,109.0,28.39,77.0,20.05,1.011,0.3339999999999999,36.96,15.02,15.7,30.72,19.29,24.12,157.0,0.252,28.0,17.83,7.0,4.46,0.606,0.061,17.16,7.47,21.27,28.73,28.44,14.66,421.0,0.268,90.0,21.38,16.0,3.8,0.712,0.1429999999999999,20.51,9.76,20.8,30.55,33.33,18.67
745332,2024-06-02,2024,657077,L,657277,R,field_out,False,False,168.0,0.275,17.0,10.12,12.0,7.14,0.792,0.19599999999999995,11.42,5.27,19.01,24.28,26.17,9.94,441.0,0.279,66.0,14.97,30.0,6.8,0.793,0.185,15.08,6.28,20.52,26.8,22.64,14.93,171.0,0.269,39.0,22.81,13.0,7.6,0.702,0.10899999999999999,20.2,9.13,19.16,28.29,31.84,18.93,429.0,0.228,104.0,24.24,15.0,3.5,0.5960000000000001,0.109,21.2,9.96,20.05,30.01,31.36,21.62
745332,2024-06-02,2024,519317,R,657277,R,field_out,False,False,154.0,0.239,47.0,30.52,12.0,7.79,0.8480000000000001,0.31000000000000005,32.73,14.89,17.84,32.73,30.57,27.81,341.0,0.175,111.0,32.55,35.0,10.26,0.64,0.201,36.65,15.18,19.37,34.55,27.39,25.58,157.0,0.252,28.0,17.83,7.0,4.46,0.606,0.061,17.16,7.47,21.27,28.73,28.44,14.66,421.0,0.268,90.0,21.38,16.0,3.8,0.712,0.1429999999999999,20.51,9.76,20.8,30.55,33.33,18.67
745332,2024-06-02,2024,682641,R,547001,R,field_out,False,False,67.0,0.212,5.0,7.46,1.0,1.49,0.512,0.07599999999999998,11.21,6.07,14.02,20.09,37.82,10.0,154.0,0.215,23.0,14.94,8.0,5.19,0.56,0.0839999999999999,20.15,9.82,15.18,25.0,27.53,17.29,18.0,0.222,7.0,38.89,0.0,0.0,0.666,0.222,14.29,6.58,19.74,26.32,32.43,26.92,,,,,,,,,,,,,,
745332,2024-06-02,2024,527038,R,547001,R,field_out,False,False,91.0,0.215,12.0,13.19,8.0,8.79,0.55,0.038000000000000006,15.33,6.34,24.52,30.85,29.32,11.11,273.0,0.271,35.0,12.82,27.0,9.89,0.849,0.2249999999999999,14.98,6.76,19.32,26.08,27.75,9.09,18.0,0.222,7.0,38.89,0.0,0.0,0.666,0.222,14.29,6.58,19.74,26.32,32.43,26.92,,,,,,,,,,,,,,
745332,2024-06-02,2024,672275,L,547001,R,strikeout,True,False,106.0,0.286,20.0,18.87,11.0,10.38,0.825,0.187,22.71,11.11,13.0,24.11,27.62,17.54,240.0,0.203,70.0,29.17,13.0,5.42,0.5569999999999999,0.0989999999999999,26.61,12.88,17.55,30.43,28.93,23.81,24.0,0.217,3.0,12.5,1.0,4.17,0.598,0.13099999999999998,21.21,8.75,17.5,26.25,17.14,37.5,,,,,,,,,,,,,,
745332,2024-06-02,2024,519203,L,657277,R,field_out,False,False,179.0,0.258,31.0,17.32,12.0,6.7,0.735,0.15899999999999997,19.94,10.29,15.29,25.59,37.88,15.58,334.0,0.22,86.0,25.75,27.0,8.08,0.6739999999999999,0.146,25.23,12.17,17.7,29.87,34.73,19.95,171.0,0.269,39.0,22.81,13.0,7.6,0.702,0.10899999999999999,20.2,9.13,19.16,28.29,31.84,18.93,429.0,0.228,104.0,24.24,15.0,3.5,0.5960000000000001,0.109,21.2,9.96,20.05,30.01,31.36,21.62
745332,2024-06-02,2024,650402,R,657277,R,field_out,False,False,187.0,0.229,44.0,23.53,16.0,8.56,0.632,0.10200000000000001,24.18,11.1,16.9,27.99,22.76,15.71,544.0,0.273,78.0,14.34,50.0,9.19,0.772,0.1589999999999999,21.74,10.32,15.57,25.89,26.86,11.29,157.0,0.252,28.0,17.83,7.0,4.46,0.606,0.061,17.16,7.47,21.27,28.73,28.44,14.66,421.0,0.268,90.0,21.38,16.0,3.8,0.712,0.1429999999999999,20.51,9.76,20.8,30.55,33.33,18.67
745332,2024-06-02,2024,669224,L,657277,R,strikeout,True,False,102.0,0.193,17.0,16.67,12.0,11.76,0.591,0.11399999999999999,27.72,13.39,13.39,26.77,25.85,16.83,69.0,0.25,12.0,17.39,3.0,4.35,0.81,0.281,28.48,16.48,10.99,27.47,38.03,14.46,171.0,0.269,39.0,22.81,13.0,7.6,0.702,0.10899999999999999,20.2,9.13,19.16,28.29,31.84,18.93,429.0,0.228,104.0,24.24,15.0,3.5,0.5960000000000001,0.109,21.2,9.96,20.05,30.01,31.36,21.62
745332,2024-06-02,2024,656305,R,547001,R,strikeout,True,False,189.0,0.205,47.0,24.87,15.0,7.94,0.631,0.146,25.49,11.77,19.15,30.92,27.27,19.42,471.0,0.223,139.0,29.51,52.0,11.04,0.722,0.179,31.15,13.33,17.79,31.11,18.61,21.72,18.0,0.222,7.0,38.89,0.0,0.0,0.666,0.222,14.29,6.58,19.74,26.32,32.43,26.92,,,,,,,,,,,,,,
745332,2024-06-02,2024,573262,L,547001,R,field_out,False,False,146.0,0.218,43.0,29.45,11.0,7.53,0.661,0.165,26.22,11.01,18.71,29.72,19.41,22.99,296.0,0.243,75.0,25.34,40.0,13.51,0.831,0.235,23.69,9.65,18.67,28.32,20.68,19.69,24.0,0.217,3.0,12.5,1.0,4.17,0.598,0.13099999999999998,21.21,8.75,17.5,26.25,17.14,37.5,,,,,,,,,,,,,,
745332,2024-06-02,2024,671218,R,547001,R,strikeout,True,False,68.0,0.27,24.0,35.29,5.0,7.35,0.673,0.07899999999999996,33.6,15.11,16.91,32.01,28.67,27.59,14.0,0.154,4.0,28.57,1.0,7.14,0.368,0.0,30.43,14.58,18.75,33.33,26.09,50.0,18.0,0.222,7.0,38.89,0.0,0.0,0.666,0.222,14.29,6.58,19.74,26.32,32.43,26.92,,,,,,,,,,,,,,
745332,2024-06-02,2024,518934,R,657277,R,single,False,False,11.0,0.222,1.0,9.09,2.0,18.18,0.586,0.0,4.76,2.27,22.73,25.0,25.0,5.88,450.0,0.241,100.0,22.22,45.0,10.0,0.7070000000000001,0.146,19.38,7.76,24.06,31.82,23.84,20.0,157.0,0.252,28.0,17.83,7.0,4.46,0.606,0.061,17.16,7.47,21.27,28.73,28.44,14.66,421.0,0.268,90.0,21.38,16.0,3.8,0.712,0.1429999999999999,20.51,9.76,20.8,30.55,33.33,18.67
745332,2024-06-02,2024,683011,R,657277,R,double,False,False,204.0,0.291,41.0,20.1,17.0,8.33,0.8180000000000001,0.16700000000000004,22.16,10.37,18.33,28.7,29.46,17.75,467.0,0.198,132.0,28.27,36.0,7.71,0.624,0.1579999999999999,28.15,13.53,17.49,31.02,29.16,23.4,157.0,0.252,28.0,17.83,7.0,4.46,0.606,0.061,17.16,7.47,21.27,28.73,28.44,14.66,421.0,0.268,90.0,21.38,16.0,3.8,0.712,0.1429999999999999,20.51,9.76,20.8,30.55,33.33,18.67
745332,2024-06-02,2024,665742,L,657277,R,sac_fly,False,False,204.0,0.316,34.0,16.67,29.0,14.22,1.022,0.292,24.69,9.43,18.51,27.95,17.08,14.78,502.0,0.283,81.0,16.14,99.0,19.72,0.98,0.2730000000000001,18.45,6.31,19.31,25.62,15.09,14.14,171.0,0.269,39.0,22.81,13.0,7.6,0.702,0.10899999999999999,20.2,9.13,19.16,28.29,31.84,18.93,429.0,0.228,104.0,24.24,15.0,3.5,0.5960000000000001,0.109,21.2,9.96,20.05,30.01,31.36,21.62
745332,2024-06-02,2024,592450,R,657277,R,intent_walk,False,True,208.0,0.291,53.0,25.48,28.0,13.46,1.054,0.37200000000000005,31.07,13.76,14.34,28.09,19.95,20.7,384.0,0.266,109.0,28.39,77.0,20.05,1.011,0.3339999999999999,36.96,15.02,15.7,30.72,19.29,24.12,157.0,0.252,28.0,17.83,7.0,4.46,0.606,0.061,17.16,7.47,21.27,28.73,28.44,14.66,421.0,0.268,90.0,21.38,16.0,3.8,0.712,0.1429999999999999,20.51,9.76,20.8,30.55,33.33,18.67
745332,2024-06-02,2024,657077,L,657277,R,single,False,False,168.0,0.275,17.0,10.12,12.0,7.14,0.792,0.19599999999999995,11.42,5.27,19.01,24.28,26.17,9.94,441.0,0.279,66.0,14.97,30.0,6.8,0.793,0.185,15.08,6.28,20.52,26.8,22.64,14.93,171.0,0.269,39.0,22.81,13.0,7.6,0.702,0.10899999999999999,20.2,9.13,19.16,28.29,31.84,18.93,429.0,0.228,104.0,24.24,15.0,3.5,0.5960000000000001,0.109,21.2,9.96,20.05,30.01,31.36,21.62
745332,2024-06-02,2024,519317,R,657277,R,grounded_into_double_play,False,False,154.0,0.239,47.0,30.52,12.0,7.79,0.8480000000000001,0.31000000000000005,32.73,14.89,17.84,32.73,30.57,27.81,341.0,0.175,111.0,32.55,35.0,10.26,0.64,0.201,36.65,15.18,19.37,34.55,27.39,25.58,157.0,0.252,28.0,17.83,7.0,4.46,0.606,0.061,17.16,7.47,21.27,28.73,28.44,14.66,421.0,0.268,90.0,21.38,16.0,3.8,0.712,0.1429999999999999,20.51,9.76,20.8,30.55,33.33,18.67
745332,2024-06-02,2024,670092,L,547001,R,walk,False,True,8.0,0.167,3.0,37.5,2.0,25.0,0.542,0.0,25.0,7.32,24.39,31.71,20.0,25.0,,,,,,,,,,,,,,,24.0,0.217,3.0,12.5,1.0,4.17,0.598,0.13099999999999998,21.21,8.75,17.5,26.25,17.14,37.5,,,,,,,,,,,,,,
745332,2024-06-02,2024,669477,R,547001,R,home_run,False,False,20.0,0.2,4.0,20.0,0.0,0.0,0.6000000000000001,0.2,21.88,11.86,23.73,35.59,45.83,28.57,162.0,0.193,45.0,27.78,8.0,4.94,0.5549999999999999,0.1099999999999999,29.87,16.43,14.82,31.25,40.93,29.03,18.0,0.222,7.0,38.89,0.0,0.0,0.666,0.222,14.29,6.58,19.74,26.32,32.43,26.92,,,,,,,,,,,,,,
745332,2024-06-02,2024,689172,L,547001,R,field_out,False,False,25.0,0.292,6.0,24.0,0.0,0.0,0.613,0.041000000000000036,31.25,16.85,16.85,33.71,48.94,25.0,106.0,0.155,30.0,28.3,8.0,7.55,0.4639999999999999,0.092,28.32,14.65,14.19,28.83,32.6,19.86,24.0,0.217,3.0,12.5,1.0,4.17,0.598,0.13099999999999998,21.21,8.75,17.5,26.25,17.14,37.5,,,,,,,,,,,,,,
745332,2024-06-02,2024,682641,R,547001,R,field_out,False,False,67.0,0.212,5.0,7.46,1.0,1.49,0.512,0.07599999999999998,11.21,6.07,14.02,20.09,37.82,10.0,154.0,0.215,23.0,14.94,8.0,5.19,0.56,0.0839999999999999,20.15,9.82,15.18,25.0,27.53,17.29,18.0,0.222,7.0,38.89,0.0,0.0,0.666,0.222,14.29,6.58,19.74,26.32,32.43,26.92,,,,,,,,,,,,,,
745332,2024-06-02,2024,527038,R,547001,R,strikeout,True,False,91.0,0.215,12.0,13.19,8.0,8.79,0.55,0.038000000000000006,15.33,6.34,24.52,30.85,29.32,11.11,273.0,0.271,35.0,12.82,27.0,9.89,0.849,0.2249999999999999,14.98,6.76,19.32,26.08,27.75,9.09,18.0,0.222,7.0,38.89,0.0,0.0,0.666,0.222,14.29,6.58,19.74,26.32,32.43,26.92,,,,,,,,,,,,,,
745332,2024-06-02,2024,519203,L,657277,R,field_out,False,False,179.0,0.258,31.0,17.32,12.0,6.7,0.735,0.15899999999999997,19.94,10.29,15.29,25.59,37.88,15.58,334.0,0.22,86.0,25.75,27.0,8.08,0.6739999999999999,0.146,25.23,12.17,17.7,29.87,34.73,19.95,171.0,0.269,39.0,22.81,13.0,7.6,0.702,0.10899999999999999,20.2,9.13,19.16,28.29,31.84,18.93,429.0,0.228,104.0,24.24,15.0,3.5,0.5960000000000001,0.109,21.2,9.96,20.05,30.01,31.36,21.62
745332,2024-06-02,2024,650402,R,657277,R,strikeout,True,False,187.0,0.229,44.0,23.53,16.0,8.56,0.632,0.10200000000000001,24.18,11.1,16.9,27.99,22.76,15.71,544.0,0.273,78.0,14.34,50.0,9.19,0.772,0.1589999999999999,21.74,10.32,15.57,25.89,26.86,11.29,157.0,0.252,28.0,17.83,7.0,4.46,0.606,0.061,17.16,7.47,21.27,28.73,28.44,14.66,421.0,0.268,90.0,21.38,16.0,3.8,0.712,0.1429999999999999,20.51,9.76,20.8,30.55,33.33,18.67
745332,2024-06-02,2024,669224,L,657277,R,field_out,False,False,102.0,0.193,17.0,16.67,12.0,11.76,0.591,0.11399999999999999,27.72,13.39,13.39,26.77,25.85,16.83,69.0,0.25,12.0,17.39,3.0,4.35,0.81,0.281,28.48,16.48,10.99,27.47,38.03,14.46,171.0,0.269,39.0,22.81,13.0,7.6,0.702,0.10899999999999999,20.2,9.13,19.16,28.29,31.84,18.93,429.0,0.228,104.0,24.24,15.0,3.5,0.5960000000000001,0.109,21.2,9.96,20.05,30.01,31.36,21.62
745332,2024-06-02,2024,672275,L,547001,R,field_out,False,False,106.0,0.286,20.0,18.87,11.0,10.38,0.825,0.187,22.71,11.11,13.0,24.11,27.62,17.54,240.0,0.203,70.0,29.17,13.0,5.42,0.5569999999999999,0.0989999999999999,26.61,12.88,17.55,30.43,28.93,23.81,24.0,0.217,3.0,12.5,1.0,4.17,0.598,0.13099999999999998,21.21,8.75,17.5,26.25,17.14,37.5,,,,,,,,,,,,,,
745332,2024-06-02,2024,656305,R,547001,R,strikeout,True,False,189.0,0.205,47.0,24.87,15.0,7.94,0.631,0.146,25.49,11.77,19.15,30.92,27.27,19.42,471.0,0.223,139.0,29.51,52.0,11.04,0.722,0.179,31.15,13.33,17.79,31.11,18.61,21.72,18.0,0.222,7.0,38.89,0.0,0.0,0.666,0.222,14.29,6.58,19.74,26.32,32.43,26.92,,,,,,,,,,,,,,
745332,2024-06-02,2024,573262,L,547001,R,field_out,False,False,146.0,0.218,43.0,29.45,11.0,7.53,0.661,0.165,26.22,11.01,18.71,29.72,19.41,22.99,296.0,0.243,75.0,25.34,40.0,13.51,0.831,0.235,23.69,9.65,18.67,28.32,20.68,19.69,24.0,0.217,3.0,12.5,1.0,4.17,0.598,0.13099999999999998,21.21,8.75,17.5,26.25,17.14,37.5,,,,,,,,,,,,,,
745332,2024-06-02,2024,518934,R,657277,R,field_out,False,False,11.0,0.222,1.0,9.09,2.0,18.18,0.586,0.0,4.76,2.27,22.73,25.0,25.0,5.88,450.0,0.241,100.0,22.22,45.0,10.0,0.7070000000000001,0.146,19.38,7.76,24.06,31.82,23.84,20.0,157.0,0.252,28.0,17.83,7.0,4.46,0.606,0.061,17.16,7.47,21.27,28.73,28.44,14.66,421.0,0.268,90.0,21.38,16.0,3.8,0.712,0.1429999999999999,20.51,9.76,20.8,30.55,33.33,18.67
745332,2024-06-02,2024,683011,R,657277,R,field_out,False,False,204.0,0.291,41.0,20.1,17.0,8.33,0.8180000000000001,0.16700000000000004,22.16,10.37,18.33,28.7,29.46,17.75,467.0,0.198,132.0,28.27,36.0,7.71,0.624,0.1579999999999999,28.15,13.53,17.49,31.02,29.16,23.4,157.0,0.252,28.0,17.83,7.0,4.46,0.606,0.061,17.16,7.47,21.27,28.73,28.44,14.66,421.0,0.268,90.0,21.38,16.0,3.8,0.712,0.1429999999999999,20.51,9.76,20.8,30.55,33.33,18.67
745332,2024-06-02,2024,665742,L,657277,R,triple,False,False,204.0,0.316,34.0,16.67,29.0,14.22,1.022,0.292,24.69,9.43,18.51,27.95,17.08,14.78,502.0,0.283,81.0,16.14,99.0,19.72,0.98,0.2730000000000001,18.45,6.31,19.31,25.62,15.09,14.14,171.0,0.269,39.0,22.81,13.0,7.6,0.702,0.10899999999999999,20.2,9.13,19.16,28.29,31.84,18.93,429.0,0.228,104.0,24.24,15.0,3.5,0.5960000000000001,0.109,21.2,9.96,20.05,30.01,31.36,21.62
745332,2024-06-02,2024,592450,R,657277,R,strikeout,True,False,208.0,0.291,53.0,25.48,28.0,13.46,1.054,0.37200000000000005,31.07,13.76,14.34,28.09,19.95,20.7,384.0,0.266,109.0,28.39,77.0,20.05,1.011,0.3339999999999999,36.96,15.02,15.7,30.72,19.29,24.12,157.0,0.252,28.0,17.83,7.0,4.46,0.606,0.061,17.16,7.47,21.27,28.73,28.44,14.66,421.0,0.268,90.0,21.38,16.0,3.8,0.712,0.1429999999999999,20.51,9.76,20.8,30.55,33.33,18.67
745332,2024-06-02,2024,671218,R,547001,R,single,False,False,68.0,0.27,24.0,35.29,5.0,7.35,0.673,0.07899999999999996,33.6,15.11,16.91,32.01,28.67,27.59,14.0,0.154,4.0,28.57,1.0,7.14,0.368,0.0,30.43,14.58,18.75,33.33,26.09,50.0,18.0,0.222,7.0,38.89,0.0,0.0,0.666,0.222,14.29,6.58,19.74,26.32,32.43,26.92,,,,,,,,,,,,,,
745332,2024-06-02,2024,670092,L,547001,R,strikeout,True,False,8.0,0.167,3.0,37.5,2.0,25.0,0.542,0.0,25.0,7.32,24.39,31.71,20.0,25.0,,,,,,,,,,,,,,,24.0,0.217,3.0,12.5,1.0,4.17,0.598,0.13099999999999998,21.21,8.75,17.5,26.25,17.14,37.5,,,,,,,,,,,,,,
745332,2024-06-02,2024,669477,R,547001,R,field_out,False,False,20.0,0.2,4.0,20.0,0.0,0.0,0.6000000000000001,0.2,21.88,11.86,23.73,35.59,45.83,28.57,162.0,0.193,45.0,27.78,8.0,4.94,0.5549999999999999,0.1099999999999999,29.87,16.43,14.82,31.25,40.93,29.03,18.0,0.222,7.0,38.89,0.0,0.0,0.666,0.222,14.29,6.58,19.74,26.32,32.43,26.92,,,,,,,,,,,,,,
745332,2024-06-02,2024,689172,L,547001,R,single,False,False,25.0,0.292,6.0,24.0,0.0,0.0,0.613,0.041000000000000036,31.25,16.85,16.85,33.71,48.94,25.0,106.0,0.155,30.0,28.3,8.0,7.55,0.4639999999999999,0.092,28.32,14.65,14.19,28.83,32.6,19.86,24.0,0.217,3.0,12.5,1.0,4.17,0.598,0.13099999999999998,21.21,8.75,17.5,26.25,17.14,37.5,,,,,,,,,,,,,,
745332,2024-06-02,2024,682641,R,547001,R,field_out,False,False,67.0,0.212,5.0,7.46,1.0,1.49,0.512,0.07599999999999998,11.21,6.07,14.02,20.09,37.82,10.0,154.0,0.215,23.0,14.94,8.0,5.19,0.56,0.0839999999999999,20.15,9.82,15.18,25.0,27.53,17.29,18.0,0.222,7.0,38.89,0.0,0.0,0.666,0.222,14.29,6.58,19.74,26.32,32.43,26.92,,,,,,,,,,,,,,
745332,2024-06-02,2024,657077,L,657277,R,strikeout,True,False,168.0,0.275,17.0,10.12,12.0,7.14,0.792,0.19599999999999995,11.42,5.27,19.01,24.28,26.17,9.94,441.0,0.279,66.0,14.97,30.0,6.8,0.793,0.185,15.08,6.28,20.52,26.8,22.64,14.93,171.0,0.269,39.0,22.81,13.0,7.6,0.702,0.10899999999999999,20.2,9.13,19.16,28.29,31.84,18.93,429.0,0.228,104.0,24.24,15.0,3.5,0.5960000000000001,0.109,21.2,9.96,20.05,30.01,31.36,21.62
745332,2024-06-02,2024,519317,R,657277,R,single,False,False,154.0,0.239,47.0,30.52,12.0,7.79,0.8480000000000001,0.31000000000000005,32.73,14.89,17.84,32.73,30.57,27.81,341.0,0.175,111.0,32.55,35.0,10.26,0.64,0.201,36.65,15.18,19.37,34.55,27.39,25.58,157.0,0.252,28.0,17.83,7.0,4.46,0.606,0.061,17.16,7.47,21.27,28.73,28.44,14.66,421.0,0.268,90.0,21.38,16.0,3.8,0.712,0.1429999999999999,20.51,9.76,20.8,30.55,33.33,18.67
745332,2024-06-02,2024,519203,L,657277,R,grounded_into_double_play,False,False,179.0,0.258,31.0,17.32,12.0,6.7,0.735,0.15899999999999997,19.94,10.29,15.29,25.59,37.88,15.58,334.0,0.22,86.0,25.75,27.0,8.08,0.6739999999999999,0.146,25.23,12.17,17.7,29.87,34.73,19.95,171.0,0.269,39.0,22.81,13.0,7.6,0.702,0.10899999999999999,20.2,9.13,19.16,28.29,31.84,18.93,429.0,0.228,104.0,24.24,15.0,3.5,0.5960000000000001,0.109,21.2,9.96,20.05,30.01,31.36,21.62
745332,2024-06-02,2024,527038,R,641656,R,strikeout,True,False,91.0,0.215,12.0,13.19,8.0,8.79,0.55,0.038000000000000006,15.33,6.34,24.52,30.85,29.32,11.11,273.0,0.271,35.0,12.82,27.0,9.89,0.849,0.2249999999999999,14.98,6.76,19.32,26.08,27.75,9.09,63.0,0.291,15.0,23.81,4.0,6.35,0.7669999999999999,0.127,36.97,18.72,17.87,36.6,36.59,20.27,130.0,0.23,36.0,27.69,15.0,11.54,0.605,0.044,34.73,16.24,15.66,31.9,32.53,24.49
745332,2024-06-02,2024,672275,L,641656,R,field_out,False,False,106.0,0.286,20.0,18.87,11.0,10.38,0.825,0.187,22.71,11.11,13.0,24.11,27.62,17.54,240.0,0.203,70.0,29.17,13.0,5.42,0.5569999999999999,0.0989999999999999,26.61,12.88,17.55,30.43,28.93,23.81,44.0,0.194,8.0,18.18,6.0,13.64,0.5960000000000001,0.08400000000000002,27.06,13.69,15.48,29.17,29.76,15.09,110.0,0.198,33.0,30.0,11.0,10.0,0.607,0.125,34.67,16.42,15.79,32.21,30.0,20.25
745332,2024-06-02,2024,656305,R,641656,R,strikeout,True,False,189.0,0.205,47.0,24.87,15.0,7.94,0.631,0.146,25.49,11.77,19.15,30.92,27.27,19.42,471.0,0.223,139.0,29.51,52.0,11.04,0.722,0.179,31.15,13.33,17.79,31.11,18.61,21.72,63.0,0.291,15.0,23.81,4.0,6.35,0.7669999999999999,0.127,36.97,18.72,17.87,36.6,36.59,20.27,130.0,0.23,36.0,27.69,15.0,11.54,0.605,0.044,34.73,16.24,15.66,31.9,32.53,24.49
745332,2024-06-02,2024,650402,R,657277,R,strikeout,True,False,187.0,0.229,44.0,23.53,16.0,8.56,0.632,0.10200000000000001,24.18,11.1,16.9,27.99,22.76,15.71,544.0,0.273,78.0,14.34,50.0,9.19,0.772,0.1589999999999999,21.74,10.32,15.57,25.89,26.86,11.29,157.0,0.252,28.0,17.83,7.0,4.46,0.606,0.061,17.16,7.47,21.27,28.73,28.44,14.66,421.0,0.268,90.0,21.38,16.0,3.8,0.712,0.1429999999999999,20.51,9.76,20.8,30.55,33.33,18.67
745332,2024-06-02,2024,669224,L,657277,R,strikeout,True,False,102.0,0.193,17.0,16.67,12.0,11.76,0.591,0.11399999999999999,27.72,13.39,13.39,26.77,25.85,16.83,69.0,0.25,12.0,17.39,3.0,4.35,0.81,0.281,28.48,16.48,10.99,27.47,38.03,14.46,171.0,0.269,39.0,22.81,13.0,7.6,0.702,0.10899999999999999,20.2,9.13,19.16,28.29,31.84,18.93,429.0,0.228,104.0,24.24,15.0,3.5,0.5960000000000001,0.109,21.2,9.96,20.05,30.01,31.36,21.62
745332,2024-06-02,2024,518934,R,657277,R,field_out,False,False,11.0,0.222,1.0,9.09,2.0,18.18,0.586,0.0,4.76,2.27,22.73,25.0,25.0,5.88,450.0,0.241,100.0,22.22,45.0,10.0,0.7070000000000001,0.146,19.38,7.76,24.06,31.82,23.84,20.0,157.0,0.252,28.0,17.83,7.0,4.46,0.606,0.061,17.16,7.47,21.27,28.73,28.44,14.66,421.0,0.268,90.0,21.38,16.0,3.8,0.712,0.1429999999999999,20.51,9.76,20.8,30.55,33.33,18.67
745332,2024-06-02,2024,573262,L,657571,L,walk,False,True,19.0,0.188,5.0,26.32,2.0,10.53,0.628,0.124,27.59,11.59,14.49,26.09,15.62,41.67,85.0,0.203,24.0,28.24,5.0,5.88,0.5920000000000001,0.139,23.31,9.57,22.84,32.41,18.67,26.37,32.0,0.261,8.0,25.0,7.0,21.88,0.873,0.174,31.91,12.4,15.7,28.1,20.59,24.24,90.0,0.266,26.0,28.89,4.0,4.44,0.748,0.126,27.22,13.33,17.39,30.72,29.94,25.0
745332,2024-06-02,2024,671218,R,657571,L,strikeout,True,False,20.0,0.312,5.0,25.0,4.0,20.0,1.075,0.313,28.57,15.24,4.76,20.0,21.57,11.63,46.0,0.186,16.0,34.78,3.0,6.52,0.588,0.1629999999999999,32.35,16.67,13.64,30.3,30.21,23.53,54.0,0.235,14.0,25.93,3.0,5.56,0.7090000000000001,0.196,23.73,12.67,16.74,29.41,31.63,16.47,180.0,0.27,44.0,24.44,19.0,10.56,0.702,0.0819999999999999,25.63,12.6,16.34,28.95,28.12,20.66
745332,2024-06-02,2024,624585,R,657571,L,force_out,False,False,52.0,0.222,13.0,25.0,5.0,9.62,0.7270000000000001,0.17800000000000002,28.28,13.53,14.01,27.54,29.66,20.63,135.0,0.277,30.0,22.22,20.0,14.81,1.081,0.4109999999999999,26.29,11.6,16.16,27.76,25.27,18.75,54.0,0.235,14.0,25.93,3.0,5.56,0.7090000000000001,0.196,23.73,12.67,16.74,29.41,31.63,16.47,180.0,0.27,44.0,24.44,19.0,10.56,0.702,0.0819999999999999,25.63,12.6,16.34,28.95,28.12,20.66
745332,2024-06-02,2024,669477,R,657571,L,single,False,False,6.0,0.167,1.0,16.67,0.0,0.0,0.334,0.0,8.33,5.56,16.67,22.22,57.14,16.67,115.0,0.222,20.0,17.39,5.0,4.35,0.613,0.1299999999999999,23.42,12.78,14.0,26.78,35.32,18.02,54.0,0.235,14.0,25.93,3.0,5.56,0.7090000000000001,0.196,23.73,12.67,16.74,29.41,31.63,16.47,180.0,0.27,44.0,24.44,19.0,10.56,0.702,0.0819999999999999,25.63,12.6,16.34,28.95,28.12,20.66
745332,2024-06-02,2024,689172,L,657571,L,field_out,False,False,7.0,0.571,0.0,0.0,0.0,0.0,1.571,0.42900000000000005,15.38,8.33,8.33,16.67,27.27,0.0,25.0,0.261,10.0,40.0,1.0,4.0,0.6399999999999999,0.0869999999999999,45.83,23.4,15.96,39.36,36.96,34.48,32.0,0.261,8.0,25.0,7.0,21.88,0.873,0.174,31.91,12.4,15.7,28.1,20.59,24.24,90.0,0.266,26.0,28.89,4.0,4.44,0.748,0.126,27.22,13.33,17.39,30.72,29.94,25.0
745332,2024-06-02,2024,683011,R,676254,R,strikeout,True,False,204.0,0.291,41.0,20.1,17.0,8.33,0.8180000000000001,0.16700000000000004,22.16,10.37,18.33,28.7,29.46,17.75,467.0,0.198,132.0,28.27,36.0,7.71,0.624,0.1579999999999999,28.15,13.53,17.49,31.02,29.16,23.4,71.0,0.226,23.0,32.39,4.0,5.63,0.5840000000000001,0.048000000000000015,28.0,12.46,21.71,34.16,31.11,24.21,168.0,0.286,49.0,29.17,17.0,10.12,0.78,0.136,32.45,14.5,19.97,34.47,33.33,24.5
745332,2024-06-02,2024,665742,L,676254,R,strikeout,True,False,204.0,0.316,34.0,16.67,29.0,14.22,1.022,0.292,24.69,9.43,18.51,27.95,17.08,14.78,502.0,0.283,81.0,16.14,99.0,19.72,0.98,0.2730000000000001,18.45,6.31,19.31,25.62,15.09,14.14,49.0,0.213,17.0,34.69,1.0,2.04,0.607,0.149,35.64,17.73,17.73,35.47,31.52,24.64,96.0,0.221,29.0,30.21,7.0,7.29,0.711,0.1979999999999999,31.22,14.6,18.81,33.42,31.25,19.72
745332,2024-06-02,2024,592450,R,676254,R,single,False,False,208.0,0.291,53.0,25.48,28.0,13.46,1.054,0.37200000000000005,31.07,13.76,14.34,28.09,19.95,20.7,384.0,0.266,109.0,28.39,77.0,20.05,1.011,0.3339999999999999,36.96,15.02,15.7,30.72,19.29,24.12,71.0,0.226,23.0,32.39,4.0,5.63,0.5840000000000001,0.048000000000000015,28.0,12.46,21.71,34.16,31.11,24.21,168.0,0.286,49.0,29.17,17.0,10.12,0.78,0.136,32.45,14.5,19.97,34.47,33.33,24.5
745332,2024-06-02,2024,657077,L,676254,R,triple,False,False,168.0,0.275,17.0,10.12,12.0,7.14,0.792,0.19599999999999995,11.42,5.27,19.01,24.28,26.17,9.94,441.0,0.279,66.0,14.97,30.0,6.8,0.793,0.185,15.08,6.28,20.52,26.8,22.64,14.93,49.0,0.213,17.0,34.69,1.0,2.04,0.607,0.149,35.64,17.73,17.73,35.47,31.52,24.64,96.0,0.221,29.0,30.21,7.0,7.29,0.711,0.1979999999999999,31.22,14.6,18.81,33.42,31.25,19.72
745332,2024-06-02,2024,519317,R,676254,R,home_run,False,False,154.0,0.239,47.0,30.52,12.0,7.79,0.8480000000000001,0.31000000000000005,32.73,14.89,17.84,32.73,30.57,27.81,341.0,0.175,111.0,32.55,35.0,10.26,0.64,0.201,36.65,15.18,19.37,34.55,27.39,25.58,71.0,0.226,23.0,32.39,4.0,5.63,0.5840000000000001,0.048000000000000015,28.0,12.46,21.71,34.16,31.11,24.21,168.0,0.286,49.0,29.17,17.0,10.12,0.78,0.136,32.45,14.5,19.97,34.47,33.33,24.5
745332,2024-06-02,2024,519203,L,676254,R,field_out,False,False,179.0,0.258,31.0,17.32,12.0,6.7,0.735,0.15899999999999997,19.94,10.29,15.29,25.59,37.88,15.58,334.0,0.22,86.0,25.75,27.0,8.08,0.6739999999999999,0.146,25.23,12.17,17.7,29.87,34.73,19.95,49.0,0.213,17.0,34.69,1.0,2.04,0.607,0.149,35.64,17.73,17.73,35.47,31.52,24.64,96.0,0.221,29.0,30.21,7.0,7.29,0.711,0.1979999999999999,31.22,14.6,18.81,33.42,31.25,19.72
745332,2024-06-02,2024,682641,R,592454,R,strikeout,True,False,67.0,0.212,5.0,7.46,1.0,1.49,0.512,0.07599999999999998,11.21,6.07,14.02,20.09,37.82,10.0,154.0,0.215,23.0,14.94,8.0,5.19,0.56,0.0839999999999999,20.15,9.82,15.18,25.0,27.53,17.29,8.0,0.0,1.0,12.5,1.0,12.5,0.125,0.0,18.18,6.45,16.13,22.58,21.05,25.0,80.0,0.191,26.0,32.5,10.0,12.5,0.583,0.088,41.03,19.57,15.6,35.17,27.84,26.0
745332,2024-06-02,2024,527038,R,592454,R,field_out,False,False,91.0,0.215,12.0,13.19,8.0,8.79,0.55,0.038000000000000006,15.33,6.34,24.52,30.85,29.32,11.11,273.0,0.271,35.0,12.82,27.0,9.89,0.849,0.2249999999999999,14.98,6.76,19.32,26.08,27.75,9.09,8.0,0.0,1.0,12.5,1.0,12.5,0.125,0.0,18.18,6.45,16.13,22.58,21.05,25.0,80.0,0.191,26.0,32.5,10.0,12.5,0.583,0.088,41.03,19.57,15.6,35.17,27.84,26.0
745332,2024-06-02,2024,672275,L,592454,R,strikeout,True,False,106.0,0.286,20.0,18.87,11.0,10.38,0.825,0.187,22.71,11.11,13.0,24.11,27.62,17.54,240.0,0.203,70.0,29.17,13.0,5.42,0.5569999999999999,0.0989999999999999,26.61,12.88,17.55,30.43,28.93,23.81,4.0,0.0,1.0,25.0,0.0,0.0,0.25,0.0,37.5,21.43,14.29,35.71,44.44,20.0,85.0,0.176,22.0,25.88,9.0,10.59,0.637,0.202,29.22,12.47,19.67,32.13,30.46,19.82
745332,2024-06-02,2024,650402,R,678495,R,single,False,False,187.0,0.229,44.0,23.53,16.0,8.56,0.632,0.10200000000000001,24.18,11.1,16.9,27.99,22.76,15.71,544.0,0.273,78.0,14.34,50.0,9.19,0.772,0.1589999999999999,21.74,10.32,15.57,25.89,26.86,11.29,47.0,0.171,12.0,25.53,5.0,10.64,0.529,0.097,26.97,13.64,14.77,28.41,31.4,25.0,,,,,,,,,,,,,,
745332,2024-06-02,2024,669224,L,678495,R,strikeout,True,False,102.0,0.193,17.0,16.67,12.0,11.76,0.591,0.11399999999999999,27.72,13.39,13.39,26.77,25.85,16.83,69.0,0.25,12.0,17.39,3.0,4.35,0.81,0.281,28.48,16.48,10.99,27.47,38.03,14.46,26.0,0.25,10.0,38.46,2.0,7.69,0.641,0.08300000000000002,24.07,11.71,18.92,30.63,33.93,25.64,,,,,,,,,,,,,,
745332,2024-06-02,2024,518934,R,678495,R,grounded_into_double_play,False,False,11.0,0.222,1.0,9.09,2.0,18.18,0.586,0.0,4.76,2.27,22.73,25.0,25.0,5.88,450.0,0.241,100.0,22.22,45.0,10.0,0.7070000000000001,0.146,19.38,7.76,24.06,31.82,23.84,20.0,47.0,0.171,12.0,25.53,5.0,10.64,0.529,0.097,26.97,13.64,14.77,28.41,31.4,25.0,,,,,,,,,,,,,,
745332,2024-06-02,2024,656305,R,605280,R,walk,False,True,189.0,0.205,47.0,24.87,15.0,7.94,0.631,0.146,25.49,11.77,19.15,30.92,27.27,19.42,471.0,0.223,139.0,29.51,52.0,11.04,0.722,0.179,31.15,13.33,17.79,31.11,18.61,21.72,60.0,0.25,18.0,30.0,6.0,10.0,0.6579999999999999,0.057999999999999996,34.69,13.99,24.28,38.27,20.97,20.22,148.0,0.231,45.0,30.41,11.0,7.43,0.603,0.0749999999999999,28.02,12.29,20.82,33.11,26.21,24.32
745332,2024-06-02,2024,573262,L,605280,R,force_out,False,False,146.0,0.218,43.0,29.45,11.0,7.53,0.661,0.165,26.22,11.01,18.71,29.72,19.41,22.99,296.0,0.243,75.0,25.34,40.0,13.51,0.831,0.235,23.69,9.65,18.67,28.32,20.68,19.69,49.0,0.261,9.0,18.37,2.0,4.08,0.5469999999999999,0.0,24.0,11.54,19.87,31.41,36.59,25.0,114.0,0.2,26.0,22.81,12.0,10.53,0.5589999999999999,0.07,23.83,10.48,19.36,29.84,22.22,21.67
745332,2024-06-02,2024,671218,R,605280,R,strikeout,True,False,68.0,0.27,24.0,35.29,5.0,7.35,0.673,0.07899999999999996,33.6,15.11,16.91,32.01,28.67,27.59,14.0,0.154,4.0,28.57,1.0,7.14,0.368,0.0,30.43,14.58,18.75,33.33,26.09,50.0,60.0,0.25,18.0,30.0,6.0,10.0,0.6579999999999999,0.057999999999999996,34.69,13.99,24.28,38.27,20.97,20.22,148.0,0.231,45.0,30.41,11.0,7.43,0.603,0.0749999999999999,28.02,12.29,20.82,33.11,26.21,24.32
745332,2024-06-02,2024,624585,R,605280,R,double,False,False,138.0,0.195,31.0,22.46,13.0,9.42,0.609,0.14600000000000002,27.56,13.31,15.02,28.33,28.31,20.81,446.0,0.242,111.0,24.89,46.0,10.31,0.788,0.22,27.97,12.22,16.15,28.37,25.71,21.19,60.0,0.25,18.0,30.0,6.0,10.0,0.6579999999999999,0.057999999999999996,34.69,13.99,24.28,38.27,20.97,20.22,148.0,0.231,45.0,30.41,11.0,7.43,0.603,0.0749999999999999,28.02,12.29,20.82,33.11,26.21,24.32
745332,2024-06-02,2024,669477,R,605280,R,field_out,False,False,20.0,0.2,4.0,20.0,0.0,0.0,0.6000000000000001,0.2,21.88,11.86,23.73,35.59,45.83,28.57,162.0,0.193,45.0,27.78,8.0,4.94,0.5549999999999999,0.1099999999999999,29.87,16.43,14.82,31.25,40.93,29.03,60.0,0.25,18.0,30.0,6.0,10.0,0.6579999999999999,0.057999999999999996,34.69,13.99,24.28,38.27,20.97,20.22,148.0,0.231,45.0,30.41,11.0,7.43,0.603,0.0749999999999999,28.02,12.29,20.82,33.11,26.21,24.32
746953,2024-06-02,2024,663837,R,678394,R,single,False,False,124.0,0.278,29.0,23.39,6.0,4.84,0.8740000000000001,0.279,20.95,8.66,20.87,29.53,17.86,19.33,383.0,0.26,92.0,24.02,29.0,7.57,0.724,0.14,21.06,9.23,21.95,31.18,28.67,18.31,90.0,0.226,20.0,22.22,5.0,5.56,0.647,0.143,21.67,10.6,16.58,27.17,30.56,16.81,346.0,0.229,88.0,25.43,24.0,6.94,0.6779999999999999,0.16,27.11,13.0,16.03,29.03,30.58,20.05
746953,2024-06-02,2024,682985,L,678394,R,walk,False,True,190.0,0.264,51.0,26.84,28.0,14.74,0.86,0.21999999999999997,30.09,12.23,17.83,30.06,21.39,22.87,323.0,0.291,84.0,26.01,28.0,8.67,0.826,0.182,27.26,12.45,16.06,28.52,24.68,20.14,110.0,0.227,24.0,21.82,10.0,9.09,0.766,0.227,30.1,13.2,16.55,29.75,29.08,19.67,322.0,0.313,44.0,13.66,21.0,6.52,0.883,0.209,21.39,10.43,13.34,23.77,28.42,13.66
746953,2024-06-02,2024,672761,L,678394,R,field_out,False,False,109.0,0.229,23.0,21.1,11.0,10.09,0.723,0.18799999999999997,19.8,8.68,18.44,27.11,24.89,15.54,,,,,,,,,,,,,,,110.0,0.227,24.0,21.82,10.0,9.09,0.766,0.227,30.1,13.2,16.55,29.75,29.08,19.67,322.0,0.313,44.0,13.66,21.0,6.52,0.883,0.209,21.39,10.43,13.34,23.77,28.42,13.66
746953,2024-06-02,2024,592192,R,678394,R,force_out,False,False,168.0,0.252,35.0,20.83,18.0,10.71,0.738,0.133,21.8,8.43,23.26,31.69,20.62,17.41,341.0,0.261,56.0,16.42,28.0,8.21,0.721,0.1079999999999999,18.91,7.86,21.98,29.84,23.71,13.49,90.0,0.226,20.0,22.22,5.0,5.56,0.647,0.143,21.67,10.6,16.58,27.17,30.56,16.81,346.0,0.229,88.0,25.43,24.0,6.94,0.6779999999999999,0.16,27.11,13.0,16.03,29.03,30.58,20.05
746953,2024-06-02,2024,690993,L,678394,R,field_out,False,False,158.0,0.234,27.0,17.09,11.0,6.96,0.608,0.08299999999999999,22.83,10.62,16.36,26.98,30.97,18.0,,,,,,,,,,,,,,,110.0,0.227,24.0,21.82,10.0,9.09,0.766,0.227,30.1,13.2,16.55,29.75,29.08,19.67,322.0,0.313,44.0,13.66,21.0,6.52,0.883,0.209,21.39,10.43,13.34,23.77,28.42,13.66
746953,2024-06-02,2024,680776,L,663554,R,field_out,False,False,190.0,0.269,42.0,22.11,13.0,6.84,0.8180000000000001,0.22799999999999998,24.0,11.6,15.33,26.93,29.11,20.69,314.0,0.296,75.0,23.89,21.0,6.69,0.84,0.195,24.68,12.92,13.75,26.67,30.3,19.02,105.0,0.191,17.0,16.19,9.0,8.57,0.5760000000000001,0.118,22.96,10.74,15.99,26.73,24.63,13.18,,,,,,,,,,,,,,
746953,2024-06-02,2024,677800,L,663554,R,double,False,False,158.0,0.291,40.0,25.32,16.0,10.13,0.893,0.24100000000000005,30.29,14.69,14.53,29.23,26.11,20.2,75.0,0.333,18.0,24.0,9.0,12.0,0.928,0.182,30.07,13.61,16.77,30.38,23.72,18.0,105.0,0.191,17.0,16.19,9.0,8.57,0.5760000000000001,0.118,22.96,10.74,15.99,26.73,24.63,13.18,,,,,,,,,,,,,,
746953,2024-06-02,2024,642086,L,663554,R,field_out,False,False,86.0,0.208,17.0,19.77,8.0,9.3,0.577,0.07799999999999999,23.68,11.5,15.97,27.48,31.45,22.97,414.0,0.263,62.0,14.98,33.0,7.97,0.736,0.135,19.9,10.09,14.56,24.65,32.27,13.42,105.0,0.191,17.0,16.19,9.0,8.57,0.5760000000000001,0.118,22.96,10.74,15.99,26.73,24.63,13.18,,,,,,,,,,,,,,
746953,2024-06-02,2024,646240,L,663554,R,walk,False,True,142.0,0.295,28.0,19.72,19.0,13.38,1.002,0.32,24.37,11.7,12.74,24.44,32.25,15.82,469.0,0.27,89.0,18.98,51.0,10.87,0.863,0.235,25.44,13.04,9.74,22.78,33.05,15.06,105.0,0.191,17.0,16.19,9.0,8.57,0.5760000000000001,0.118,22.96,10.74,15.99,26.73,24.63,13.18,,,,,,,,,,,,,,
746953,2024-06-02,2024,665839,L,663554,R,single,False,False,88.0,0.21,26.0,29.55,4.0,4.55,0.659,0.21,22.67,11.27,17.63,28.9,32.77,21.67,133.0,0.28,32.0,24.06,7.0,5.26,0.806,0.2079999999999999,23.05,10.04,20.07,30.11,28.72,21.48,105.0,0.191,17.0,16.19,9.0,8.57,0.5760000000000001,0.118,22.96,10.74,15.99,26.73,24.63,13.18,,,,,,,,,,,,,,
746953,2024-06-02,2024,643265,R,663554,R,strikeout,True,False,65.0,0.172,20.0,30.77,5.0,7.69,0.521,0.08700000000000002,27.03,11.67,22.18,33.85,32.33,24.05,345.0,0.228,97.0,28.12,23.0,6.67,0.665,0.156,29.15,15.03,15.69,30.72,39.78,20.95,115.0,0.366,17.0,14.78,3.0,2.61,0.901,0.15200000000000002,20.0,10.85,12.93,23.79,28.84,10.9,,,,,,,,,,,,,,
746953,2024-06-02,2024,570482,R,678394,R,field_out,False,False,77.0,0.315,8.0,10.39,3.0,3.9,0.7889999999999999,0.123,20.14,10.49,17.23,27.72,35.66,12.7,175.0,0.276,30.0,17.14,9.0,5.14,0.653,0.061,20.55,11.01,13.8,24.82,34.39,12.39,90.0,0.226,20.0,22.22,5.0,5.56,0.647,0.143,21.67,10.6,16.58,27.17,30.56,16.81,346.0,0.229,88.0,25.43,24.0,6.94,0.6779999999999999,0.16,27.11,13.0,16.03,29.03,30.58,20.05
746953,2024-06-02,2024,668731,L,678394,R,strikeout,True,False,11.0,0.2,4.0,36.36,0.0,0.0,0.8819999999999999,0.49999999999999994,29.63,20.51,10.26,30.77,52.63,28.57,347.0,0.218,87.0,25.07,42.0,12.1,0.688,0.158,25.51,11.78,14.66,26.44,24.86,21.97,110.0,0.227,24.0,21.82,10.0,9.09,0.766,0.227,30.1,13.2,16.55,29.75,29.08,19.67,322.0,0.313,44.0,13.66,21.0,6.52,0.883,0.209,21.39,10.43,13.34,23.77,28.42,13.66
746953,2024-06-02,2024,595879,R,678394,R,strikeout,True,False,134.0,0.19,30.0,22.39,4.0,2.99,0.47,0.064,28.81,15.18,16.7,31.89,45.45,22.06,408.0,0.218,98.0,24.02,12.0,2.94,0.573,0.099,34.03,18.61,14.09,32.7,45.18,22.9,90.0,0.226,20.0,22.22,5.0,5.56,0.647,0.143,21.67,10.6,16.58,27.17,30.56,16.81,346.0,0.229,88.0,25.43,24.0,6.94,0.6779999999999999,0.16,27.11,13.0,16.03,29.03,30.58,20.05
746953,2024-06-02,2024,624512,L,663554,R,field_out,False,False,94.0,0.222,26.0,27.66,9.0,9.57,0.613,0.087,27.38,12.37,18.28,30.65,30.81,25.49,179.0,0.25,47.0,26.26,10.0,5.59,0.639,0.0979999999999999,22.84,12.46,16.72,29.18,42.86,22.6,105.0,0.191,17.0,16.19,9.0,8.57,0.5760000000000001,0.118,22.96,10.74,15.99,26.73,24.63,13.18,,,,,,,,,,,,,,
746953,2024-06-02,2024,678882,R,663554,R,walk,False,True,165.0,0.212,43.0,26.06,4.0,2.42,0.604,0.16,32.87,20.42,11.94,32.35,44.57,22.63,62.0,0.263,20.0,32.26,3.0,4.84,0.6739999999999999,0.1049999999999999,27.08,15.6,11.2,26.8,42.11,22.22,115.0,0.366,17.0,14.78,3.0,2.61,0.901,0.15200000000000002,20.0,10.85,12.93,23.79,28.84,10.9,,,,,,,,,,,,,,
746953,2024-06-02,2024,666152,L,663554,R,single,False,False,92.0,0.265,22.0,23.91,8.0,8.7,0.747,0.14499999999999996,27.08,11.14,20.57,31.71,18.29,22.45,36.0,0.1,10.0,27.78,6.0,16.67,0.417,0.067,20.0,8.44,23.38,31.82,26.39,15.38,105.0,0.191,17.0,16.19,9.0,8.57,0.5760000000000001,0.118,22.96,10.74,15.99,26.73,24.63,13.18,,,,,,,,,,,,,,
746953,2024-06-02,2024,680776,L,663554,R,single,False,False,190.0,0.269,42.0,22.11,13.0,6.84,0.8180000000000001,0.22799999999999998,24.0,11.6,15.33,26.93,29.11,20.69,314.0,0.296,75.0,23.89,21.0,6.69,0.84,0.195,24.68,12.92,13.75,26.67,30.3,19.02,105.0,0.191,17.0,16.19,9.0,8.57,0.5760000000000001,0.118,22.96,10.74,15.99,26.73,24.63,13.18,,,,,,,,,,,,,,
746953,2024-06-02,2024,677800,L,663554,R,field_out,False,False,158.0,0.291,40.0,25.32,16.0,10.13,0.893,0.24100000000000005,30.29,14.69,14.53,29.23,26.11,20.2,75.0,0.333,18.0,24.0,9.0,12.0,0.928,0.182,30.07,13.61,16.77,30.38,23.72,18.0,105.0,0.191,17.0,16.19,9.0,8.57,0.5760000000000001,0.118,22.96,10.74,15.99,26.73,24.63,13.18,,,,,,,,,,,,,,
746953,2024-06-02,2024,608348,R,678394,R,strikeout,True,False,86.0,0.224,18.0,20.93,7.0,8.14,0.661,0.13099999999999998,24.03,10.88,19.71,30.59,24.05,16.98,108.0,0.198,27.0,25.0,6.0,5.56,0.479,0.0399999999999999,28.73,13.54,19.79,33.33,28.41,25.0,90.0,0.226,20.0,22.22,5.0,5.56,0.647,0.143,21.67,10.6,16.58,27.17,30.56,16.81,346.0,0.229,88.0,25.43,24.0,6.94,0.6779999999999999,0.16,27.11,13.0,16.03,29.03,30.58,20.05
746953,2024-06-02,2024,663837,R,678394,R,strikeout,True,False,124.0,0.278,29.0,23.39,6.0,4.84,0.8740000000000001,0.279,20.95,8.66,20.87,29.53,17.86,19.33,383.0,0.26,92.0,24.02,29.0,7.57,0.724,0.14,21.06,9.23,21.95,31.18,28.67,18.31,90.0,0.226,20.0,22.22,5.0,5.56,0.647,0.143,21.67,10.6,16.58,27.17,30.56,16.81,346.0,0.229,88.0,25.43,24.0,6.94,0.6779999999999999,0.16,27.11,13.0,16.03,29.03,30.58,20.05
746953,2024-06-02,2024,682985,L,678394,R,field_out,False,False,190.0,0.264,51.0,26.84,28.0,14.74,0.86,0.21999999999999997,30.09,12.23,17.83,30.06,21.39,22.87,323.0,0.291,84.0,26.01,28.0,8.67,0.826,0.182,27.26,12.45,16.06,28.52,24.68,20.14,110.0,0.227,24.0,21.82,10.0,9.09,0.766,0.227,30.1,13.2,16.55,29.75,29.08,19.67,322.0,0.313,44.0,13.66,21.0,6.52,0.883,0.209,21.39,10.43,13.34,23.77,28.42,13.66
746953,2024-06-02,2024,642086,L,663554,R,walk,False,True,86.0,0.208,17.0,19.77,8.0,9.3,0.577,0.07799999999999999,23.68,11.5,15.97,27.48,31.45,22.97,414.0,0.263,62.0,14.98,33.0,7.97,0.736,0.135,19.9,10.09,14.56,24.65,32.27,13.42,105.0,0.191,17.0,16.19,9.0,8.57,0.5760000000000001,0.118,22.96,10.74,15.99,26.73,24.63,13.18,,,,,,,,,,,,,,
746953,2024-06-02,2024,646240,L,663554,R,triple,False,False,142.0,0.295,28.0,19.72,19.0,13.38,1.002,0.32,24.37,11.7,12.74,24.44,32.25,15.82,469.0,0.27,89.0,18.98,51.0,10.87,0.863,0.235,25.44,13.04,9.74,22.78,33.05,15.06,105.0,0.191,17.0,16.19,9.0,8.57,0.5760000000000001,0.118,22.96,10.74,15.99,26.73,24.63,13.18,,,,,,,,,,,,,,
746953,2024-06-02,2024,665839,L,663554,R,field_out,False,False,88.0,0.21,26.0,29.55,4.0,4.55,0.659,0.21,22.67,11.27,17.63,28.9,32.77,21.67,133.0,0.28,32.0,24.06,7.0,5.26,0.806,0.2079999999999999,23.05,10.04,20.07,30.11,28.72,21.48,105.0,0.191,17.0,16.19,9.0,8.57,0.5760000000000001,0.118,22.96,10.74,15.99,26.73,24.63,13.18,,,,,,,,,,,,,,
746953,2024-06-02,2024,643265,R,663554,R,field_out,False,False,65.0,0.172,20.0,30.77,5.0,7.69,0.521,0.08700000000000002,27.03,11.67,22.18,33.85,32.33,24.05,345.0,0.228,97.0,28.12,23.0,6.67,0.665,0.156,29.15,15.03,15.69,30.72,39.78,20.95,115.0,0.366,17.0,14.78,3.0,2.61,0.901,0.15200000000000002,20.0,10.85,12.93,23.79,28.84,10.9,,,,,,,,,,,,,,
746953,2024-06-02,2024,624512,L,663554,R,strikeout,True,False,94.0,0.222,26.0,27.66,9.0,9.57,0.613,0.087,27.38,12.37,18.28,30.65,30.81,25.49,179.0,0.25,47.0,26.26,10.0,5.59,0.639,0.0979999999999999,22.84,12.46,16.72,29.18,42.86,22.6,105.0,0.191,17.0,16.19,9.0,8.57,0.5760000000000001,0.118,22.96,10.74,15.99,26.73,24.63,13.18,,,,,,,,,,,,,,
746953,2024-06-02,2024,672761,L,678394,R,single,False,False,109.0,0.229,23.0,21.1,11.0,10.09,0.723,0.18799999999999997,19.8,8.68,18.44,27.11,24.89,15.54,,,,,,,,,,,,,,,110.0,0.227,24.0,21.82,10.0,9.09,0.766,0.227,30.1,13.2,16.55,29.75,29.08,19.67,322.0,0.313,44.0,13.66,21.0,6.52,0.883,0.209,21.39,10.43,13.34,23.77,28.42,13.66
746953,2024-06-02,2024,592192,R,678394,R,grounded_into_double_play,False,False,168.0,0.252,35.0,20.83,18.0,10.71,0.738,0.133,21.8,8.43,23.26,31.69,20.62,17.41,341.0,0.261,56.0,16.42,28.0,8.21,0.721,0.1079999999999999,18.91,7.86,21.98,29.84,23.71,13.49,90.0,0.226,20.0,22.22,5.0,5.56,0.647,0.143,21.67,10.6,16.58,27.17,30.56,16.81,346.0,0.229,88.0,25.43,24.0,6.94,0.6779999999999999,0.16,27.11,13.0,16.03,29.03,30.58,20.05
746953,2024-06-02,2024,690993,L,678394,R,field_out,False,False,158.0,0.234,27.0,17.09,11.0,6.96,0.608,0.08299999999999999,22.83,10.62,16.36,26.98,30.97,18.0,,,,,,,,,,,,,,,110.0,0.227,24.0,21.82,10.0,9.09,0.766,0.227,30.1,13.2,16.55,29.75,29.08,19.67,322.0,0.313,44.0,13.66,21.0,6.52,0.883,0.209,21.39,10.43,13.34,23.77,28.42,13.66
746953,2024-06-02,2024,678882,R,663554,R,strikeout,True,False,165.0,0.212,43.0,26.06,4.0,2.42,0.604,0.16,32.87,20.42,11.94,32.35,44.57,22.63,62.0,0.263,20.0,32.26,3.0,4.84,0.6739999999999999,0.1049999999999999,27.08,15.6,11.2,26.8,42.11,22.22,115.0,0.366,17.0,14.78,3.0,2.61,0.901,0.15200000000000002,20.0,10.85,12.93,23.79,28.84,10.9,,,,,,,,,,,,,,
746953,2024-06-02,2024,666152,L,663554,R,strikeout,True,False,92.0,0.265,22.0,23.91,8.0,8.7,0.747,0.14499999999999996,27.08,11.14,20.57,31.71,18.29,22.45,36.0,0.1,10.0,27.78,6.0,16.67,0.417,0.067,20.0,8.44,23.38,31.82,26.39,15.38,105.0,0.191,17.0,16.19,9.0,8.57,0.5760000000000001,0.118,22.96,10.74,15.99,26.73,24.63,13.18,,,,,,,,,,,,,,
746953,2024-06-02,2024,680776,L,663554,R,walk,False,True,190.0,0.269,42.0,22.11,13.0,6.84,0.8180000000000001,0.22799999999999998,24.0,11.6,15.33,26.93,29.11,20.69,314.0,0.296,75.0,23.89,21.0,6.69,0.84,0.195,24.68,12.92,13.75,26.67,30.3,19.02,105.0,0.191,17.0,16.19,9.0,8.57,0.5760000000000001,0.118,22.96,10.74,15.99,26.73,24.63,13.18,,,,,,,,,,,,,,
746953,2024-06-02,2024,677800,L,663554,R,caught_stealing_2b,False,False,158.0,0.291,40.0,25.32,16.0,10.13,0.893,0.24100000000000005,30.29,14.69,14.53,29.23,26.11,20.2,75.0,0.333,18.0,24.0,9.0,12.0,0.928,0.182,30.07,13.61,16.77,30.38,23.72,18.0,105.0,0.191,17.0,16.19,9.0,8.57,0.5760000000000001,0.118,22.96,10.74,15.99,26.73,24.63,13.18,,,,,,,,,,,,,,
746953,2024-06-02,2024,570482,R,678394,R,double,False,False,77.0,0.315,8.0,10.39,3.0,3.9,0.7889999999999999,0.123,20.14,10.49,17.23,27.72,35.66,12.7,175.0,0.276,30.0,17.14,9.0,5.14,0.653,0.061,20.55,11.01,13.8,24.82,34.39,12.39,90.0,0.226,20.0,22.22,5.0,5.56,0.647,0.143,21.67,10.6,16.58,27.17,30.56,16.81,346.0,0.229,88.0,25.43,24.0,6.94,0.6779999999999999,0.16,27.11,13.0,16.03,29.03,30.58,20.05
746953,2024-06-02,2024,668731,L,678394,R,single,False,False,11.0,0.2,4.0,36.36,0.0,0.0,0.8819999999999999,0.49999999999999994,29.63,20.51,10.26,30.77,52.63,28.57,347.0,0.218,87.0,25.07,42.0,12.1,0.688,0.158,25.51,11.78,14.66,26.44,24.86,21.97,110.0,0.227,24.0,21.82,10.0,9.09,0.766,0.227,30.1,13.2,16.55,29.75,29.08,19.67,322.0,0.313,44.0,13.66,21.0,6.52,0.883,0.209,21.39,10.43,13.34,23.77,28.42,13.66
746953,2024-06-02,2024,595879,R,678394,R,field_out,False,False,134.0,0.19,30.0,22.39,4.0,2.99,0.47,0.064,28.81,15.18,16.7,31.89,45.45,22.06,408.0,0.218,98.0,24.02,12.0,2.94,0.573,0.099,34.03,18.61,14.09,32.7,45.18,22.9,90.0,0.226,20.0,22.22,5.0,5.56,0.647,0.143,21.67,10.6,16.58,27.17,30.56,16.81,346.0,0.229,88.0,25.43,24.0,6.94,0.6779999999999999,0.16,27.11,13.0,16.03,29.03,30.58,20.05
746953,2024-06-02,2024,608348,R,678394,R,single,False,False,86.0,0.224,18.0,20.93,7.0,8.14,0.661,0.13099999999999998,24.03,10.88,19.71,30.59,24.05,16.98,108.0,0.198,27.0,25.0,6.0,5.56,0.479,0.0399999999999999,28.73,13.54,19.79,33.33,28.41,25.0,90.0,0.226,20.0,22.22,5.0,5.56,0.647,0.143,21.67,10.6,16.58,27.17,30.56,16.81,346.0,0.229,88.0,25.43,24.0,6.94,0.6779999999999999,0.16,27.11,13.0,16.03,29.03,30.58,20.05
746953,2024-06-02,2024,663837,R,678394,R,field_out,False,False,124.0,0.278,29.0,23.39,6.0,4.84,0.8740000000000001,0.279,20.95,8.66,20.87,29.53,17.86,19.33,383.0,0.26,92.0,24.02,29.0,7.57,0.724,0.14,21.06,9.23,21.95,31.18,28.67,18.31,90.0,0.226,20.0,22.22,5.0,5.56,0.647,0.143,21.67,10.6,16.58,27.17,30.56,16.81,346.0,0.229,88.0,25.43,24.0,6.94,0.6779999999999999,0.16,27.11,13.0,16.03,29.03,30.58,20.05
746953,2024-06-02,2024,682985,L,678394,R,field_out,False,False,190.0,0.264,51.0,26.84,28.0,14.74,0.86,0.21999999999999997,30.09,12.23,17.83,30.06,21.39,22.87,323.0,0.291,84.0,26.01,28.0,8.67,0.826,0.182,27.26,12.45,16.06,28.52,24.68,20.14,110.0,0.227,24.0,21.82,10.0,9.09,0.766,0.227,30.1,13.2,16.55,29.75,29.08,19.67,322.0,0.313,44.0,13.66,21.0,6.52,0.883,0.209,21.39,10.43,13.34,23.77,28.42,13.66
746953,2024-06-02,2024,677800,L,663947,L,field_out,False,False,27.0,0.167,9.0,33.33,3.0,11.11,0.46699999999999997,0.04099999999999998,35.42,17.53,15.46,32.99,33.33,45.0,10.0,0.2,5.0,50.0,0.0,0.0,0.4,0.0,44.44,17.78,26.67,44.44,34.78,29.41,46.0,0.116,12.0,26.09,0.0,0.0,0.36,0.06999999999999999,24.24,10.88,22.45,33.33,32.39,35.29,122.0,0.147,32.0,26.23,4.0,3.28,0.363,0.034,24.29,11.78,19.86,31.64,32.18,22.86
746953,2024-06-02,2024,642086,L,663947,L,field_out,False,False,8.0,0.143,2.0,25.0,1.0,12.5,0.536,0.143,11.76,5.13,15.38,20.51,22.73,12.5,172.0,0.234,29.0,16.86,14.0,8.14,0.588,0.0569999999999999,20.07,8.92,18.77,27.69,25.32,16.2,46.0,0.116,12.0,26.09,0.0,0.0,0.36,0.06999999999999999,24.24,10.88,22.45,33.33,32.39,35.29,122.0,0.147,32.0,26.23,4.0,3.28,0.363,0.034,24.29,11.78,19.86,31.64,32.18,22.86
746953,2024-06-02,2024,646240,L,663947,L,field_out,False,False,66.0,0.241,21.0,31.82,6.0,9.09,0.661,0.08700000000000002,29.08,15.47,12.83,28.3,30.89,23.6,188.0,0.273,37.0,19.68,11.0,5.85,0.823,0.2149999999999999,27.74,14.71,11.61,26.32,30.93,15.19,46.0,0.116,12.0,26.09,0.0,0.0,0.36,0.06999999999999999,24.24,10.88,22.45,33.33,32.39,35.29,122.0,0.147,32.0,26.23,4.0,3.28,0.363,0.034,24.29,11.78,19.86,31.64,32.18,22.86
746953,2024-06-02,2024,672761,L,678394,R,single,False,False,109.0,0.229,23.0,21.1,11.0,10.09,0.723,0.18799999999999997,19.8,8.68,18.44,27.11,24.89,15.54,,,,,,,,,,,,,,,110.0,0.227,24.0,21.82,10.0,9.09,0.766,0.227,30.1,13.2,16.55,29.75,29.08,19.67,322.0,0.313,44.0,13.66,21.0,6.52,0.883,0.209,21.39,10.43,13.34,23.77,28.42,13.66
746953,2024-06-02,2024,592192,R,678394,R,walk,False,True,168.0,0.252,35.0,20.83,18.0,10.71,0.738,0.133,21.8,8.43,23.26,31.69,20.62,17.41,341.0,0.261,56.0,16.42,28.0,8.21,0.721,0.1079999999999999,18.91,7.86,21.98,29.84,23.71,13.49,90.0,0.226,20.0,22.22,5.0,5.56,0.647,0.143,21.67,10.6,16.58,27.17,30.56,16.81,346.0,0.229,88.0,25.43,24.0,6.94,0.6779999999999999,0.16,27.11,13.0,16.03,29.03,30.58,20.05
746953,2024-06-02,2024,690993,L,678394,R,field_out,False,False,158.0,0.234,27.0,17.09,11.0,6.96,0.608,0.08299999999999999,22.83,10.62,16.36,26.98,30.97,18.0,,,,,,,,,,,,,,,110.0,0.227,24.0,21.82,10.0,9.09,0.766,0.227,30.1,13.2,16.55,29.75,29.08,19.67,322.0,0.313,44.0,13.66,21.0,6.52,0.883,0.209,21.39,10.43,13.34,23.77,28.42,13.66
746953,2024-06-02,2024,570482,R,678394,R,sac_fly,False,False,77.0,0.315,8.0,10.39,3.0,3.9,0.7889999999999999,0.123,20.14,10.49,17.23,27.72,35.66,12.7,175.0,0.276,30.0,17.14,9.0,5.14,0.653,0.061,20.55,11.01,13.8,24.82,34.39,12.39,90.0,0.226,20.0,22.22,5.0,5.56,0.647,0.143,21.67,10.6,16.58,27.17,30.56,16.81,346.0,0.229,88.0,25.43,24.0,6.94,0.6779999999999999,0.16,27.11,13.0,16.03,29.03,30.58,20.05
746953,2024-06-02,2024,668731,L,678394,R,walk,False,True,11.0,0.2,4.0,36.36,0.0,0.0,0.8819999999999999,0.49999999999999994,29.63,20.51,10.26,30.77,52.63,28.57,347.0,0.218,87.0,25.07,42.0,12.1,0.688,0.158,25.51,11.78,14.66,26.44,24.86,21.97,110.0,0.227,24.0,21.82,10.0,9.09,0.766,0.227,30.1,13.2,16.55,29.75,29.08,19.67,322.0,0.313,44.0,13.66,21.0,6.52,0.883,0.209,21.39,10.43,13.34,23.77,28.42,13.66
746953,2024-06-02,2024,595879,R,678394,R,field_out,False,False,134.0,0.19,30.0,22.39,4.0,2.99,0.47,0.064,28.81,15.18,16.7,31.89,45.45,22.06,408.0,0.218,98.0,24.02,12.0,2.94,0.573,0.099,34.03,18.61,14.09,32.7,45.18,22.9,90.0,0.226,20.0,22.22,5.0,5.56,0.647,0.143,21.67,10.6,16.58,27.17,30.56,16.81,346.0,0.229,88.0,25.43,24.0,6.94,0.6779999999999999,0.16,27.11,13.0,16.03,29.03,30.58,20.05
746953,2024-06-02,2024,665839,L,663947,L,field_out,False,False,15.0,0.0,6.0,40.0,0.0,0.0,0.0,0.0,40.62,23.21,12.5,35.71,51.52,40.0,16.0,0.143,5.0,31.25,1.0,6.25,0.393,0.0,37.5,16.98,16.98,33.96,31.03,50.0,46.0,0.116,12.0,26.09,0.0,0.0,0.36,0.06999999999999999,24.24,10.88,22.45,33.33,32.39,35.29,122.0,0.147,32.0,26.23,4.0,3.28,0.363,0.034,24.29,11.78,19.86,31.64,32.18,22.86
746953,2024-06-02,2024,643265,R,663947,L,field_out,False,False,36.0,0.294,8.0,22.22,2.0,5.56,0.774,0.14700000000000002,30.56,15.71,15.71,31.43,39.19,19.05,112.0,0.324,35.0,31.25,8.0,7.14,0.904,0.205,35.12,19.14,13.29,32.43,38.77,27.56,65.0,0.241,12.0,18.46,5.0,7.69,0.763,0.22500000000000003,25.41,13.14,15.25,28.39,43.51,16.67,202.0,0.209,42.0,20.79,14.0,6.93,0.642,0.171,28.53,13.97,16.84,30.81,30.71,18.58
746953,2024-06-02,2024,624512,L,663947,L,strikeout,True,False,8.0,0.375,2.0,25.0,0.0,0.0,1.125,0.375,26.67,12.9,19.35,32.26,37.5,22.22,27.0,0.391,6.0,22.22,1.0,3.7,0.875,0.0439999999999999,25.53,11.21,23.36,34.58,33.96,18.18,46.0,0.116,12.0,26.09,0.0,0.0,0.36,0.06999999999999999,24.24,10.88,22.45,33.33,32.39,35.29,122.0,0.147,32.0,26.23,4.0,3.28,0.363,0.034,24.29,11.78,19.86,31.64,32.18,22.86
746953,2024-06-02,2024,608348,R,678394,R,strikeout,True,False,86.0,0.224,18.0,20.93,7.0,8.14,0.661,0.13099999999999998,24.03,10.88,19.71,30.59,24.05,16.98,108.0,0.198,27.0,25.0,6.0,5.56,0.479,0.0399999999999999,28.73,13.54,19.79,33.33,28.41,25.0,90.0,0.226,20.0,22.22,5.0,5.56,0.647,0.143,21.67,10.6,16.58,27.17,30.56,16.81,346.0,0.229,88.0,25.43,24.0,6.94,0.6779999999999999,0.16,27.11,13.0,16.03,29.03,30.58,20.05
746953,2024-06-02,2024,663837,R,678394,R,single,False,False,124.0,0.278,29.0,23.39,6.0,4.84,0.8740000000000001,0.279,20.95,8.66,20.87,29.53,17.86,19.33,383.0,0.26,92.0,24.02,29.0,7.57,0.724,0.14,21.06,9.23,21.95,31.18,28.67,18.31,90.0,0.226,20.0,22.22,5.0,5.56,0.647,0.143,21.67,10.6,16.58,27.17,30.56,16.81,346.0,0.229,88.0,25.43,24.0,6.94,0.6779999999999999,0.16,27.11,13.0,16.03,29.03,30.58,20.05
746953,2024-06-02,2024,682985,L,678394,R,single,False,False,190.0,0.264,51.0,26.84,28.0,14.74,0.86,0.21999999999999997,30.09,12.23,17.83,30.06,21.39,22.87,323.0,0.291,84.0,26.01,28.0,8.67,0.826,0.182,27.26,12.45,16.06,28.52,24.68,20.14,110.0,0.227,24.0,21.82,10.0,9.09,0.766,0.227,30.1,13.2,16.55,29.75,29.08,19.67,322.0,0.313,44.0,13.66,21.0,6.52,0.883,0.209,21.39,10.43,13.34,23.77,28.42,13.66
746953,2024-06-02,2024,672761,L,686580,R,double,False,False,109.0,0.229,23.0,21.1,11.0,10.09,0.723,0.18799999999999997,19.8,8.68,18.44,27.11,24.89,15.54,,,,,,,,,,,,,,,52.0,0.188,15.0,28.85,4.0,7.69,0.479,0.04100000000000001,28.44,15.05,13.11,28.16,33.33,22.39,,,,,,,,,,,,,,
746953,2024-06-02,2024,592192,R,686580,R,field_out,False,False,168.0,0.252,35.0,20.83,18.0,10.71,0.738,0.133,21.8,8.43,23.26,31.69,20.62,17.41,341.0,0.261,56.0,16.42,28.0,8.21,0.721,0.1079999999999999,18.91,7.86,21.98,29.84,23.71,13.49,61.0,0.276,15.0,24.59,0.0,0.0,0.589,0.033999999999999975,31.86,16.82,13.55,30.37,37.82,28.85,,,,,,,,,,,,,,
746953,2024-06-02,2024,690993,L,686580,R,strikeout,True,False,158.0,0.234,27.0,17.09,11.0,6.96,0.608,0.08299999999999999,22.83,10.62,16.36,26.98,30.97,18.0,,,,,,,,,,,,,,,52.0,0.188,15.0,28.85,4.0,7.69,0.479,0.04100000000000001,28.44,15.05,13.11,28.16,33.33,22.39,,,,,,,,,,,,,,
746953,2024-06-02,2024,678882,R,663947,L,field_out,False,False,46.0,0.214,14.0,30.43,3.0,6.52,0.696,0.215,29.03,15.17,15.17,30.34,38.95,24.14,27.0,0.192,8.0,29.63,1.0,3.7,0.645,0.2309999999999999,36.36,19.23,14.42,33.65,30.0,24.24,65.0,0.241,12.0,18.46,5.0,7.69,0.763,0.22500000000000003,25.41,13.14,15.25,28.39,43.51,16.67,202.0,0.209,42.0,20.79,14.0,6.93,0.642,0.171,28.53,13.97,16.84,30.81,30.71,18.58
746953,2024-06-02,2024,608701,R,656412,R,field_out,False,False,59.0,0.333,10.0,16.95,6.0,10.17,0.9630000000000001,0.21600000000000003,18.45,8.3,17.47,25.76,21.43,13.7,98.0,0.159,25.0,25.51,10.0,10.2,0.466,0.036,25.0,10.43,19.91,30.33,20.39,18.38,70.0,0.29,15.0,21.43,6.0,8.57,0.88,0.24200000000000005,30.34,15.44,14.39,29.82,34.87,14.02,140.0,0.258,33.0,23.57,11.0,7.86,0.8049999999999999,0.2259999999999999,28.12,13.56,17.33,30.89,31.3,19.64
746953,2024-06-02,2024,680776,L,656412,R,single,False,False,190.0,0.269,42.0,22.11,13.0,6.84,0.8180000000000001,0.22799999999999998,24.0,11.6,15.33,26.93,29.11,20.69,314.0,0.296,75.0,23.89,21.0,6.69,0.84,0.195,24.68,12.92,13.75,26.67,30.3,19.02,58.0,0.132,12.0,20.69,4.0,6.9,0.36,0.038000000000000006,32.14,16.29,14.93,31.22,34.96,19.67,122.0,0.134,25.0,20.49,9.0,7.38,0.509,0.178,18.57,8.73,17.46,26.19,25.1,14.71
746953,2024-06-02,2024,677800,L,656412,R,field_out,False,False,158.0,0.291,40.0,25.32,16.0,10.13,0.893,0.24100000000000005,30.29,14.69,14.53,29.23,26.11,20.2,75.0,0.333,18.0,24.0,9.0,12.0,0.928,0.182,30.07,13.61,16.77,30.38,23.72,18.0,58.0,0.132,12.0,20.69,4.0,6.9,0.36,0.038000000000000006,32.14,16.29,14.93,31.22,34.96,19.67,122.0,0.134,25.0,20.49,9.0,7.38,0.509,0.178,18.57,8.73,17.46,26.19,25.1,14.71
746953,2024-06-02,2024,570482,R,669711,R,strikeout,True,False,77.0,0.315,8.0,10.39,3.0,3.9,0.7889999999999999,0.123,20.14,10.49,17.23,27.72,35.66,12.7,175.0,0.276,30.0,17.14,9.0,5.14,0.653,0.061,20.55,11.01,13.8,24.82,34.39,12.39,51.0,0.275,11.0,21.57,0.0,0.0,0.589,0.03899999999999998,16.84,7.96,18.91,26.87,28.72,19.64,54.0,0.261,12.0,22.22,6.0,11.11,0.7709999999999999,0.1519999999999999,21.28,8.77,19.3,28.07,18.18,17.19
746953,2024-06-02,2024,668731,L,669711,R,field_out,False,False,11.0,0.2,4.0,36.36,0.0,0.0,0.8819999999999999,0.49999999999999994,29.63,20.51,10.26,30.77,52.63,28.57,347.0,0.218,87.0,25.07,42.0,12.1,0.688,0.158,25.51,11.78,14.66,26.44,24.86,21.97,46.0,0.275,15.0,32.61,5.0,10.87,0.881,0.25,25.96,13.04,14.98,28.02,34.31,20.0,33.0,0.29,10.0,30.3,2.0,6.06,0.752,0.129,39.29,18.33,16.67,35.0,25.81,35.71
746953,2024-06-02,2024,595879,R,669711,R,field_out,False,False,134.0,0.19,30.0,22.39,4.0,2.99,0.47,0.064,28.81,15.18,16.7,31.89,45.45,22.06,408.0,0.218,98.0,24.02,12.0,2.94,0.573,0.099,34.03,18.61,14.09,32.7,45.18,22.9,51.0,0.275,11.0,21.57,0.0,0.0,0.589,0.03899999999999998,16.84,7.96,18.91,26.87,28.72,19.64,54.0,0.261,12.0,22.22,6.0,11.11,0.7709999999999999,0.1519999999999999,21.28,8.77,19.3,28.07,18.18,17.19
746953,2024-06-02,2024,642086,L,656412,R,field_out,False,False,86.0,0.208,17.0,19.77,8.0,9.3,0.577,0.07799999999999999,23.68,11.5,15.97,27.48,31.45,22.97,414.0,0.263,62.0,14.98,33.0,7.97,0.736,0.135,19.9,10.09,14.56,24.65,32.27,13.42,58.0,0.132,12.0,20.69,4.0,6.9,0.36,0.038000000000000006,32.14,16.29,14.93,31.22,34.96,19.67,122.0,0.134,25.0,20.49,9.0,7.38,0.509,0.178,18.57,8.73,17.46,26.19,25.1,14.71
746953,2024-06-02,2024,646240,L,656412,R,home_run,False,False,142.0,0.295,28.0,19.72,19.0,13.38,1.002,0.32,24.37,11.7,12.74,24.44,32.25,15.82,469.0,0.27,89.0,18.98,51.0,10.87,0.863,0.235,25.44,13.04,9.74,22.78,33.05,15.06,58.0,0.132,12.0,20.69,4.0,6.9,0.36,0.038000000000000006,32.14,16.29,14.93,31.22,34.96,19.67,122.0,0.134,25.0,20.49,9.0,7.38,0.509,0.178,18.57,8.73,17.46,26.19,25.1,14.71
746953,2024-06-02,2024,665839,L,656412,R,field_out,False,False,88.0,0.21,26.0,29.55,4.0,4.55,0.659,0.21,22.67,11.27,17.63,28.9,32.77,21.67,133.0,0.28,32.0,24.06,7.0,5.26,0.806,0.2079999999999999,23.05,10.04,20.07,30.11,28.72,21.48,58.0,0.132,12.0,20.69,4.0,6.9,0.36,0.038000000000000006,32.14,16.29,14.93,31.22,34.96,19.67,122.0,0.134,25.0,20.49,9.0,7.38,0.509,0.178,18.57,8.73,17.46,26.19,25.1,14.71
746953,2024-06-02,2024,643265,R,671345,R,field_out,False,False,65.0,0.172,20.0,30.77,5.0,7.69,0.521,0.08700000000000002,27.03,11.67,22.18,33.85,32.33,24.05,345.0,0.228,97.0,28.12,23.0,6.67,0.665,0.156,29.15,15.03,15.69,30.72,39.78,20.95,50.0,0.283,10.0,20.0,3.0,6.0,0.69,0.08700000000000002,22.97,11.11,20.26,31.37,29.58,33.33,171.0,0.222,30.0,17.54,7.0,4.09,0.506,0.0249999999999999,14.71,7.13,19.97,27.1,35.23,15.23
746953,2024-06-02,2024,608348,R,445276,R,strikeout,True,False,86.0,0.224,18.0,20.93,7.0,8.14,0.661,0.13099999999999998,24.03,10.88,19.71,30.59,24.05,16.98,108.0,0.198,27.0,25.0,6.0,5.56,0.479,0.0399999999999999,28.73,13.54,19.79,33.33,28.41,25.0,42.0,0.206,10.0,23.81,6.0,14.29,0.5980000000000001,0.059000000000000025,31.75,13.16,18.42,31.58,18.57,27.03,99.0,0.273,27.0,27.27,9.0,9.09,0.7629999999999999,0.1359999999999999,31.86,17.2,13.76,30.95,32.18,23.68
746953,2024-06-02,2024,663837,R,445276,R,field_out,False,False,124.0,0.278,29.0,23.39,6.0,4.84,0.8740000000000001,0.279,20.95,8.66,20.87,29.53,17.86,19.33,383.0,0.26,92.0,24.02,29.0,7.57,0.724,0.14,21.06,9.23,21.95,31.18,28.67,18.31,42.0,0.206,10.0,23.81,6.0,14.29,0.5980000000000001,0.059000000000000025,31.75,13.16,18.42,31.58,18.57,27.03,99.0,0.273,27.0,27.27,9.0,9.09,0.7629999999999999,0.1359999999999999,31.86,17.2,13.76,30.95,32.18,23.68
746953,2024-06-02,2024,682985,L,445276,R,single,False,False,190.0,0.264,51.0,26.84,28.0,14.74,0.86,0.21999999999999997,30.09,12.23,17.83,30.06,21.39,22.87,323.0,0.291,84.0,26.01,28.0,8.67,0.826,0.182,27.26,12.45,16.06,28.52,24.68,20.14,35.0,0.179,13.0,37.14,4.0,11.43,0.452,0.0,27.27,13.14,17.52,30.66,21.05,22.03,89.0,0.198,25.0,28.09,8.0,8.99,0.616,0.1479999999999999,25.58,12.57,17.71,30.29,30.43,21.55
746953,2024-06-02,2024,672761,L,445276,R,field_out,False,False,109.0,0.229,23.0,21.1,11.0,10.09,0.723,0.18799999999999997,19.8,8.68,18.44,27.11,24.89,15.54,,,,,,,,,,,,,,,35.0,0.179,13.0,37.14,4.0,11.43,0.452,0.0,27.27,13.14,17.52,30.66,21.05,22.03,89.0,0.198,25.0,28.09,8.0,8.99,0.616,0.1479999999999999,25.58,12.57,17.71,30.29,30.43,21.55
746953,2024-06-02,2024,624512,L,671345,R,field_out,False,False,94.0,0.222,26.0,27.66,9.0,9.57,0.613,0.087,27.38,12.37,18.28,30.65,30.81,25.49,179.0,0.25,47.0,26.26,10.0,5.59,0.639,0.0979999999999999,22.84,12.46,16.72,29.18,42.86,22.6,42.0,0.243,8.0,19.05,5.0,11.9,0.657,0.08100000000000002,21.84,10.38,17.49,27.87,23.17,11.76,106.0,0.299,25.0,23.58,8.0,7.55,0.847,0.196,22.89,10.82,13.41,24.24,29.46,19.83
746953,2024-06-02,2024,678882,R,671345,R,field_out,False,False,165.0,0.212,43.0,26.06,4.0,2.42,0.604,0.16,32.87,20.42,11.94,32.35,44.57,22.63,62.0,0.263,20.0,32.26,3.0,4.84,0.6739999999999999,0.1049999999999999,27.08,15.6,11.2,26.8,42.11,22.22,50.0,0.283,10.0,20.0,3.0,6.0,0.69,0.08700000000000002,22.97,11.11,20.26,31.37,29.58,33.33,171.0,0.222,30.0,17.54,7.0,4.09,0.506,0.0249999999999999,14.71,7.13,19.97,27.1,35.23,15.23
746953,2024-06-02,2024,608701,R,671345,R,single,False,False,59.0,0.333,10.0,16.95,6.0,10.17,0.9630000000000001,0.21600000000000003,18.45,8.3,17.47,25.76,21.43,13.7,98.0,0.159,25.0,25.51,10.0,10.2,0.466,0.036,25.0,10.43,19.91,30.33,20.39,18.38,50.0,0.283,10.0,20.0,3.0,6.0,0.69,0.08700000000000002,22.97,11.11,20.26,31.37,29.58,33.33,171.0,0.222,30.0,17.54,7.0,4.09,0.506,0.0249999999999999,14.71,7.13,19.97,27.1,35.23,15.23
746953,2024-06-02,2024,680776,L,605177,L,walk,False,True,76.0,0.227,19.0,25.0,7.0,9.21,0.5780000000000001,0.031,26.52,11.74,20.47,32.21,30.92,22.35,49.0,0.289,15.0,30.61,3.0,6.12,0.749,0.133,24.44,10.73,20.0,30.73,27.27,25.86,33.0,0.241,9.0,27.27,4.0,12.12,0.643,0.069,26.56,13.08,14.62,27.69,37.18,24.32,84.0,0.264,20.0,23.81,11.0,13.1,0.744,0.1109999999999999,25.9,10.32,20.92,31.23,26.29,18.18
746953,2024-06-02,2024,642197,R,605177,L,walk,False,True,,,,,,,,,,,,,,,,,,,,,,,,,,,,,51.0,0.319,12.0,23.53,4.0,7.84,0.8200000000000001,0.128,31.91,16.22,12.97,29.19,36.28,27.27,142.0,0.211,43.0,30.28,17.0,11.97,0.738,0.22,35.02,15.71,14.83,30.54,33.9,27.74
746953,2024-06-02,2024,657136,R,605177,L,field_out,False,False,54.0,0.362,9.0,16.67,6.0,11.11,0.933,0.127,23.42,12.38,11.9,24.29,28.71,13.85,108.0,0.156,40.0,37.04,9.0,8.33,0.501,0.104,32.9,17.27,14.32,31.59,33.33,27.86,51.0,0.319,12.0,23.53,4.0,7.84,0.8200000000000001,0.128,31.91,16.22,12.97,29.19,36.28,27.27,142.0,0.211,43.0,30.28,17.0,11.97,0.738,0.22,35.02,15.71,14.83,30.54,33.9,27.74
746953,2024-06-02,2024,592192,R,592155,L,single,False,False,48.0,0.231,12.0,25.0,8.0,16.67,0.837,0.231,29.55,11.71,19.37,31.08,17.48,14.63,168.0,0.264,23.0,13.69,21.0,12.5,0.825,0.2,17.23,7.09,21.84,28.93,23.86,9.54,48.0,0.205,18.0,37.5,3.0,6.25,0.636,0.18100000000000002,37.11,21.3,14.79,36.09,45.33,40.91,,,,,,,,,,,,,,
746953,2024-06-02,2024,628451,R,592155,L,double,False,False,51.0,0.319,11.0,21.57,1.0,1.96,0.8220000000000001,0.16999999999999998,30.77,18.29,9.71,28.0,42.11,26.19,118.0,0.261,24.0,20.34,6.0,5.08,0.8200000000000001,0.262,23.36,12.59,13.85,26.45,37.13,23.53,48.0,0.205,18.0,37.5,3.0,6.25,0.636,0.18100000000000002,37.11,21.3,14.79,36.09,45.33,40.91,,,,,,,,,,,,,,
746953,2024-06-02,2024,570482,R,592155,L,field_out,False,False,33.0,0.188,8.0,24.24,1.0,3.03,0.431,0.031,21.88,13.59,9.71,23.3,42.59,32.0,53.0,0.373,6.0,11.32,1.0,1.89,0.867,0.1169999999999999,13.56,7.96,11.94,19.9,44.55,8.82,48.0,0.205,18.0,37.5,3.0,6.25,0.636,0.18100000000000002,37.11,21.3,14.79,36.09,45.33,40.91,,,,,,,,,,,,,,
746953,2024-06-02,2024,668670,R,592155,L,field_out,False,False,36.0,0.194,10.0,27.78,5.0,13.89,0.5640000000000001,0.064,33.87,14.48,18.62,33.1,21.33,29.41,108.0,0.235,34.0,31.48,8.0,7.41,0.8600000000000001,0.326,32.64,14.72,17.76,32.48,23.9,29.06,48.0,0.205,18.0,37.5,3.0,6.25,0.636,0.18100000000000002,37.11,21.3,14.79,36.09,45.33,40.91,,,,,,,,,,,,,,
746953,2024-06-02,2024,595879,R,592155,L,single,False,False,44.0,0.19,5.0,11.36,2.0,4.55,0.513,0.09599999999999997,19.72,10.37,14.81,25.19,38.36,21.74,139.0,0.232,27.0,19.42,12.0,8.63,0.6539999999999999,0.1199999999999999,28.73,15.78,11.48,27.25,40.29,22.5,48.0,0.205,18.0,37.5,3.0,6.25,0.636,0.18100000000000002,37.11,21.3,14.79,36.09,45.33,40.91,,,,,,,,,,,,,,
746953,2024-06-02,2024,608348,R,592155,L,double,False,False,23.0,0.25,4.0,17.39,3.0,13.04,0.598,0.0,21.62,10.67,17.33,28.0,27.78,15.38,43.0,0.229,13.0,30.23,8.0,18.6,0.8009999999999999,0.1999999999999999,33.78,14.2,17.61,31.82,21.28,28.89,48.0,0.205,18.0,37.5,3.0,6.25,0.636,0.18100000000000002,37.11,21.3,14.79,36.09,45.33,40.91,,,,,,,,,,,,,,
746953,2024-06-02,2024,663837,R,592155,L,field_out,False,False,59.0,0.321,11.0,18.64,2.0,3.39,0.75,0.08999999999999997,13.89,6.52,19.57,26.09,23.15,17.19,147.0,0.264,20.0,13.61,15.0,10.2,0.6990000000000001,0.0929999999999999,14.72,6.63,19.9,26.53,28.37,10.75,48.0,0.205,18.0,37.5,3.0,6.25,0.636,0.18100000000000002,37.11,21.3,14.79,36.09,45.33,40.91,,,,,,,,,,,,,,
746953,2024-06-02,2024,646240,L,605177,L,strikeout,True,False,66.0,0.241,21.0,31.82,6.0,9.09,0.661,0.08700000000000002,29.08,15.47,12.83,28.3,30.89,23.6,188.0,0.273,37.0,19.68,11.0,5.85,0.823,0.2149999999999999,27.74,14.71,11.61,26.32,30.93,15.19,33.0,0.241,9.0,27.27,4.0,12.12,0.643,0.069,26.56,13.08,14.62,27.69,37.18,24.32,84.0,0.264,20.0,23.81,11.0,13.1,0.744,0.1109999999999999,25.9,10.32,20.92,31.23,26.29,18.18
746953,2024-06-02,2024,665839,L,605177,L,field_out,False,False,15.0,0.0,6.0,40.0,0.0,0.0,0.0,0.0,40.62,23.21,12.5,35.71,51.52,40.0,16.0,0.143,5.0,31.25,1.0,6.25,0.393,0.0,37.5,16.98,16.98,33.96,31.03,50.0,33.0,0.241,9.0,27.27,4.0,12.12,0.643,0.069,26.56,13.08,14.62,27.69,37.18,24.32,84.0,0.264,20.0,23.81,11.0,13.1,0.744,0.1109999999999999,25.9,10.32,20.92,31.23,26.29,18.18
746953,2024-06-02,2024,643265,R,605177,L,strikeout,True,False,36.0,0.294,8.0,22.22,2.0,5.56,0.774,0.14700000000000002,30.56,15.71,15.71,31.43,39.19,19.05,112.0,0.324,35.0,31.25,8.0,7.14,0.904,0.205,35.12,19.14,13.29,32.43,38.77,27.56,51.0,0.319,12.0,23.53,4.0,7.84,0.8200000000000001,0.128,31.91,16.22,12.97,29.19,36.28,27.27,142.0,0.211,43.0,30.28,17.0,11.97,0.738,0.22,35.02,15.71,14.83,30.54,33.9,27.74
745569,2024-06-03,2024,668930,L,554430,R,field_out,False,False,183.0,0.311,30.0,16.39,16.0,8.74,0.8069999999999999,0.124,13.5,6.29,18.6,24.89,25.16,15.62,376.0,0.224,82.0,21.81,30.0,7.98,0.608,0.097,22.03,10.83,16.08,26.9,28.59,16.14,151.0,0.227,36.0,23.84,17.0,11.26,0.72,0.17500000000000002,26.97,13.2,12.88,26.09,27.5,18.75,414.0,0.261,90.0,21.74,25.0,6.04,0.722,0.1509999999999999,25.9,13.55,13.11,26.65,30.26,18.82
745569,2024-06-03,2024,661388,R,554430,R,field_out,False,False,210.0,0.319,37.0,17.62,23.0,10.95,0.914,0.195,29.43,13.6,14.11,27.71,23.21,16.3,434.0,0.262,94.0,21.66,42.0,9.68,0.72,0.119,27.61,11.63,19.55,31.17,24.86,18.08,143.0,0.129,49.0,34.27,6.0,4.2,0.359,0.05299999999999999,30.51,16.04,17.65,33.69,38.17,22.69,374.0,0.194,122.0,32.62,14.0,3.74,0.548,0.119,31.51,15.79,15.47,31.25,34.11,22.02
745569,2024-06-03,2024,592885,L,554430,R,field_out,False,False,102.0,0.307,21.0,20.59,13.0,12.75,0.896,0.193,23.37,10.67,13.9,24.57,24.17,16.41,473.0,0.294,103.0,21.78,64.0,13.53,0.882,0.195,26.99,11.53,15.4,26.93,23.89,19.07,151.0,0.227,36.0,23.84,17.0,11.26,0.72,0.17500000000000002,26.97,13.2,12.88,26.09,27.5,18.75,414.0,0.261,90.0,21.74,25.0,6.04,0.722,0.1509999999999999,25.9,13.55,13.11,26.65,30.26,18.82
745569,2024-06-03,2024,656941,L,657649,L,field_out,False,False,106.0,0.326,30.0,28.3,17.0,16.04,0.94,0.18,34.57,13.11,21.78,34.89,19.32,26.79,253.0,0.188,87.0,34.39,41.0,16.21,0.758,0.242,32.04,11.82,21.04,32.86,21.61,24.51,40.0,0.27,7.0,17.5,2.0,5.0,0.659,0.08099999999999996,18.18,8.97,20.51,29.49,31.75,12.28,,,,,,,,,,,,,,
745569,2024-06-03,2024,592663,R,657649,L,field_out,False,False,67.0,0.349,16.0,23.88,4.0,5.97,0.9440000000000001,0.20700000000000007,23.48,12.11,17.19,29.3,30.09,20.51,151.0,0.255,43.0,28.48,9.0,5.96,0.8380000000000001,0.263,29.97,14.7,15.97,30.67,32.79,21.5,66.0,0.207,13.0,19.7,4.0,6.06,0.585,0.086,24.0,10.67,18.67,29.33,25.74,25.49,,,,,,,,,,,,,,
745569,2024-06-03,2024,547180,L,657649,L,field_out,False,False,94.0,0.262,27.0,28.72,13.0,13.83,0.837,0.21299999999999997,32.46,16.49,10.64,27.13,33.33,25.23,171.0,0.289,39.0,22.81,20.0,11.7,0.884,0.221,38.61,20.03,9.85,29.89,35.59,22.41,40.0,0.27,7.0,17.5,2.0,5.0,0.659,0.08099999999999996,18.18,8.97,20.51,29.49,31.75,12.28,,,,,,,,,,,,,,
745569,2024-06-03,2024,642715,R,554430,R,strikeout,True,False,207.0,0.272,44.0,21.26,21.0,10.14,0.823,0.20099999999999996,30.45,14.32,15.43,29.75,25.93,18.49,480.0,0.212,117.0,24.38,47.0,9.79,0.702,0.194,32.44,16.53,12.85,29.38,32.69,19.28,143.0,0.129,49.0,34.27,6.0,4.2,0.359,0.05299999999999999,30.51,16.04,17.65,33.69,38.17,22.69,374.0,0.194,122.0,32.62,14.0,3.74,0.548,0.119,31.51,15.79,15.47,31.25,34.11,22.02
745569,2024-06-03,2024,686217,L,554430,R,strikeout,True,False,184.0,0.253,36.0,19.57,20.0,10.87,0.663,0.068,15.94,6.28,22.68,28.96,26.11,17.73,180.0,0.261,30.0,16.67,23.0,12.78,0.722,0.1049999999999999,15.26,6.63,20.31,26.94,29.52,13.18,151.0,0.227,36.0,23.84,17.0,11.26,0.72,0.17500000000000002,26.97,13.2,12.88,26.09,27.5,18.75,414.0,0.261,90.0,21.74,25.0,6.04,0.722,0.1509999999999999,25.9,13.55,13.11,26.65,30.26,18.82
745569,2024-06-03,2024,656555,R,554430,R,field_out,False,False,141.0,0.252,33.0,23.4,15.0,10.64,0.836,0.236,24.29,9.49,21.36,30.85,21.73,15.94,,,,,,,,,,,,,,,143.0,0.129,49.0,34.27,6.0,4.2,0.359,0.05299999999999999,30.51,16.04,17.65,33.69,38.17,22.69,374.0,0.194,122.0,32.62,14.0,3.74,0.548,0.119,31.51,15.79,15.47,31.25,34.11,22.02
745569,2024-06-03,2024,664761,R,669060,R,field_out,False,False,167.0,0.315,23.0,13.77,12.0,7.19,0.868,0.182,17.03,8.1,15.0,23.1,24.72,15.6,445.0,0.263,68.0,15.28,34.0,7.64,0.7010000000000001,0.1139999999999999,17.17,8.27,16.06,24.33,28.14,13.48,111.0,0.168,21.0,18.92,8.0,7.21,0.52,0.10900000000000001,22.04,10.49,17.39,27.88,25.84,20.39,190.0,0.194,33.0,17.37,8.0,4.21,0.5609999999999999,0.132,19.19,10.0,15.76,25.76,30.57,18.33
745569,2024-06-03,2024,681082,L,669060,R,single,False,False,155.0,0.233,21.0,13.55,19.0,12.26,0.7170000000000001,0.155,17.03,7.32,21.81,29.13,27.53,11.17,474.0,0.28,76.0,16.03,26.0,5.49,0.753,0.1509999999999999,14.49,6.52,22.08,28.6,28.42,11.93,88.0,0.299,18.0,20.45,11.0,12.5,0.9440000000000001,0.25900000000000006,21.88,9.64,18.18,27.82,21.35,15.65,124.0,0.239,28.0,22.58,14.0,11.29,0.784,0.22,17.35,7.63,16.87,24.5,22.09,20.59
745569,2024-06-03,2024,592206,R,669060,R,force_out,False,False,176.0,0.206,35.0,19.89,13.0,7.39,0.579,0.1,33.24,19.26,10.36,29.61,38.29,18.42,485.0,0.252,140.0,28.87,25.0,5.15,0.733,0.192,37.06,20.57,11.78,32.36,40.41,25.27,111.0,0.168,21.0,18.92,8.0,7.21,0.52,0.10900000000000001,22.04,10.49,17.39,27.88,25.84,20.39,190.0,0.194,33.0,17.37,8.0,4.21,0.5609999999999999,0.132,19.19,10.0,15.76,25.76,30.57,18.33
745569,2024-06-03,2024,621311,L,669060,R,single,False,False,,,,,,,,,,,,,,,9.0,0.111,2.0,22.22,0.0,0.0,0.555,0.333,25.0,12.9,16.13,29.03,33.33,33.33,88.0,0.299,18.0,20.45,11.0,12.5,0.9440000000000001,0.25900000000000006,21.88,9.64,18.18,27.82,21.35,15.65,124.0,0.239,28.0,22.58,14.0,11.29,0.784,0.22,17.35,7.63,16.87,24.5,22.09,20.59
745569,2024-06-03,2024,624641,R,669060,R,single,False,False,57.0,0.269,20.0,35.09,2.0,3.51,0.744,0.15399999999999997,42.54,24.36,9.83,34.19,45.99,24.1,176.0,0.239,41.0,23.3,5.0,2.84,0.669,0.148,29.23,17.12,12.31,29.43,41.96,19.16,111.0,0.168,21.0,18.92,8.0,7.21,0.52,0.10900000000000001,22.04,10.49,17.39,27.88,25.84,20.39,190.0,0.194,33.0,17.37,8.0,4.21,0.5609999999999999,0.132,19.19,10.0,15.76,25.76,30.57,18.33
745569,2024-06-03,2024,679032,R,669060,R,single,False,False,127.0,0.231,17.0,13.39,6.0,4.72,0.5900000000000001,0.08499999999999999,23.36,11.04,19.43,30.46,33.33,13.28,100.0,0.281,23.0,23.0,4.0,4.0,0.76,0.1459999999999999,25.82,13.95,16.32,30.27,40.0,25.27,111.0,0.168,21.0,18.92,8.0,7.21,0.52,0.10900000000000001,22.04,10.49,17.39,27.88,25.84,20.39,190.0,0.194,33.0,17.37,8.0,4.21,0.5609999999999999,0.132,19.19,10.0,15.76,25.76,30.57,18.33
745569,2024-06-03,2024,656941,L,669060,R,field_out,False,False,162.0,0.178,49.0,30.25,27.0,16.67,0.656,0.16300000000000003,33.81,13.78,15.4,29.18,22.04,23.88,469.0,0.201,128.0,27.29,85.0,18.12,0.848,0.296,31.18,11.75,19.66,31.41,21.53,23.1,88.0,0.299,18.0,20.45,11.0,12.5,0.9440000000000001,0.25900000000000006,21.88,9.64,18.18,27.82,21.35,15.65,124.0,0.239,28.0,22.58,14.0,11.29,0.784,0.22,17.35,7.63,16.87,24.5,22.09,20.59
745569,2024-06-03,2024,641343,L,554430,R,single,False,False,136.0,0.2,49.0,36.03,12.0,8.82,0.6639999999999999,0.175,31.56,14.15,19.12,33.27,21.86,29.52,244.0,0.205,83.0,34.02,26.0,10.66,0.72,0.228,32.78,14.71,16.21,30.93,23.65,23.92,151.0,0.227,36.0,23.84,17.0,11.26,0.72,0.17500000000000002,26.97,13.2,12.88,26.09,27.5,18.75,414.0,0.261,90.0,21.74,25.0,6.04,0.722,0.1509999999999999,25.9,13.55,13.11,26.65,30.26,18.82
745569,2024-06-03,2024,687401,R,554430,R,walk,False,True,121.0,0.33,14.0,11.57,15.0,12.4,0.986,0.24299999999999994,15.26,6.03,21.62,27.65,21.7,10.07,13.0,0.077,3.0,23.08,0.0,0.0,0.2309999999999999,0.077,15.79,8.11,21.62,29.73,26.67,33.33,143.0,0.129,49.0,34.27,6.0,4.2,0.359,0.05299999999999999,30.51,16.04,17.65,33.69,38.17,22.69,374.0,0.194,122.0,32.62,14.0,3.74,0.548,0.119,31.51,15.79,15.47,31.25,34.11,22.02
745569,2024-06-03,2024,663368,L,554430,R,single,False,False,141.0,0.264,40.0,28.37,12.0,8.51,0.732,0.128,31.19,12.57,21.44,34.01,23.66,28.37,110.0,0.231,33.0,30.0,17.0,15.45,0.715,0.1319999999999999,24.04,9.0,23.31,32.31,18.26,20.5,151.0,0.227,36.0,23.84,17.0,11.26,0.72,0.17500000000000002,26.97,13.2,12.88,26.09,27.5,18.75,414.0,0.261,90.0,21.74,25.0,6.04,0.722,0.1509999999999999,25.9,13.55,13.11,26.65,30.26,18.82
745569,2024-06-03,2024,668930,L,554430,R,grounded_into_double_play,False,False,183.0,0.311,30.0,16.39,16.0,8.74,0.8069999999999999,0.124,13.5,6.29,18.6,24.89,25.16,15.62,376.0,0.224,82.0,21.81,30.0,7.98,0.608,0.097,22.03,10.83,16.08,26.9,28.59,16.14,151.0,0.227,36.0,23.84,17.0,11.26,0.72,0.17500000000000002,26.97,13.2,12.88,26.09,27.5,18.75,414.0,0.261,90.0,21.74,25.0,6.04,0.722,0.1509999999999999,25.9,13.55,13.11,26.65,30.26,18.82
745569,2024-06-03,2024,661388,R,554430,R,strikeout,True,False,210.0,0.319,37.0,17.62,23.0,10.95,0.914,0.195,29.43,13.6,14.11,27.71,23.21,16.3,434.0,0.262,94.0,21.66,42.0,9.68,0.72,0.119,27.61,11.63,19.55,31.17,24.86,18.08,143.0,0.129,49.0,34.27,6.0,4.2,0.359,0.05299999999999999,30.51,16.04,17.65,33.69,38.17,22.69,374.0,0.194,122.0,32.62,14.0,3.74,0.548,0.119,31.51,15.79,15.47,31.25,34.11,22.02
745569,2024-06-03,2024,592663,R,669060,R,field_out,False,False,138.0,0.234,38.0,27.54,7.0,5.07,0.652,0.141,29.45,15.2,14.45,29.64,30.62,23.46,389.0,0.25,95.0,24.42,26.0,6.68,0.733,0.176,24.63,12.47,14.02,26.48,29.65,21.02,111.0,0.168,21.0,18.92,8.0,7.21,0.52,0.10900000000000001,22.04,10.49,17.39,27.88,25.84,20.39,190.0,0.194,33.0,17.37,8.0,4.21,0.5609999999999999,0.132,19.19,10.0,15.76,25.76,30.57,18.33
745569,2024-06-03,2024,547180,L,669060,R,walk,False,True,147.0,0.274,30.0,20.41,22.0,14.97,0.937,0.28200000000000003,30.94,15.06,9.63,24.69,33.54,20.41,375.0,0.295,80.0,21.33,60.0,16.0,0.907,0.199,31.39,15.65,8.66,24.31,32.27,20.0,88.0,0.299,18.0,20.45,11.0,12.5,0.9440000000000001,0.25900000000000006,21.88,9.64,18.18,27.82,21.35,15.65,124.0,0.239,28.0,22.58,14.0,11.29,0.784,0.22,17.35,7.63,16.87,24.5,22.09,20.59
745569,2024-06-03,2024,664761,R,669060,R,field_out,False,False,167.0,0.315,23.0,13.77,12.0,7.19,0.868,0.182,17.03,8.1,15.0,23.1,24.72,15.6,445.0,0.263,68.0,15.28,34.0,7.64,0.7010000000000001,0.1139999999999999,17.17,8.27,16.06,24.33,28.14,13.48,111.0,0.168,21.0,18.92,8.0,7.21,0.52,0.10900000000000001,22.04,10.49,17.39,27.88,25.84,20.39,190.0,0.194,33.0,17.37,8.0,4.21,0.5609999999999999,0.132,19.19,10.0,15.76,25.76,30.57,18.33
745569,2024-06-03,2024,681082,L,669060,R,field_out,False,False,155.0,0.233,21.0,13.55,19.0,12.26,0.7170000000000001,0.155,17.03,7.32,21.81,29.13,27.53,11.17,474.0,0.28,76.0,16.03,26.0,5.49,0.753,0.1509999999999999,14.49,6.52,22.08,28.6,28.42,11.93,88.0,0.299,18.0,20.45,11.0,12.5,0.9440000000000001,0.25900000000000006,21.88,9.64,18.18,27.82,21.35,15.65,124.0,0.239,28.0,22.58,14.0,11.29,0.784,0.22,17.35,7.63,16.87,24.5,22.09,20.59
745569,2024-06-03,2024,592885,L,554430,R,strikeout,True,False,102.0,0.307,21.0,20.59,13.0,12.75,0.896,0.193,23.37,10.67,13.9,24.57,24.17,16.41,473.0,0.294,103.0,21.78,64.0,13.53,0.882,0.195,26.99,11.53,15.4,26.93,23.89,19.07,151.0,0.227,36.0,23.84,17.0,11.26,0.72,0.17500000000000002,26.97,13.2,12.88,26.09,27.5,18.75,414.0,0.261,90.0,21.74,25.0,6.04,0.722,0.1509999999999999,25.9,13.55,13.11,26.65,30.26,18.82
745569,2024-06-03,2024,642715,R,554430,R,strikeout,True,False,207.0,0.272,44.0,21.26,21.0,10.14,0.823,0.20099999999999996,30.45,14.32,15.43,29.75,25.93,18.49,480.0,0.212,117.0,24.38,47.0,9.79,0.702,0.194,32.44,16.53,12.85,29.38,32.69,19.28,143.0,0.129,49.0,34.27,6.0,4.2,0.359,0.05299999999999999,30.51,16.04,17.65,33.69,38.17,22.69,374.0,0.194,122.0,32.62,14.0,3.74,0.548,0.119,31.51,15.79,15.47,31.25,34.11,22.02
745569,2024-06-03,2024,686217,L,554430,R,field_out,False,False,184.0,0.253,36.0,19.57,20.0,10.87,0.663,0.068,15.94,6.28,22.68,28.96,26.11,17.73,180.0,0.261,30.0,16.67,23.0,12.78,0.722,0.1049999999999999,15.26,6.63,20.31,26.94,29.52,13.18,151.0,0.227,36.0,23.84,17.0,11.26,0.72,0.17500000000000002,26.97,13.2,12.88,26.09,27.5,18.75,414.0,0.261,90.0,21.74,25.0,6.04,0.722,0.1509999999999999,25.9,13.55,13.11,26.65,30.26,18.82
745569,2024-06-03,2024,592206,R,669060,R,field_out,False,False,176.0,0.206,35.0,19.89,13.0,7.39,0.579,0.1,33.24,19.26,10.36,29.61,38.29,18.42,485.0,0.252,140.0,28.87,25.0,5.15,0.733,0.192,37.06,20.57,11.78,32.36,40.41,25.27,111.0,0.168,21.0,18.92,8.0,7.21,0.52,0.10900000000000001,22.04,10.49,17.39,27.88,25.84,20.39,190.0,0.194,33.0,17.37,8.0,4.21,0.5609999999999999,0.132,19.19,10.0,15.76,25.76,30.57,18.33
745569,2024-06-03,2024,621311,L,669060,R,home_run,False,False,,,,,,,,,,,,,,,9.0,0.111,2.0,22.22,0.0,0.0,0.555,0.333,25.0,12.9,16.13,29.03,33.33,33.33,88.0,0.299,18.0,20.45,11.0,12.5,0.9440000000000001,0.25900000000000006,21.88,9.64,18.18,27.82,21.35,15.65,124.0,0.239,28.0,22.58,14.0,11.29,0.784,0.22,17.35,7.63,16.87,24.5,22.09,20.59
745569,2024-06-03,2024,624641,R,669060,R,field_out,False,False,57.0,0.269,20.0,35.09,2.0,3.51,0.744,0.15399999999999997,42.54,24.36,9.83,34.19,45.99,24.1,176.0,0.239,41.0,23.3,5.0,2.84,0.669,0.148,29.23,17.12,12.31,29.43,41.96,19.16,111.0,0.168,21.0,18.92,8.0,7.21,0.52,0.10900000000000001,22.04,10.49,17.39,27.88,25.84,20.39,190.0,0.194,33.0,17.37,8.0,4.21,0.5609999999999999,0.132,19.19,10.0,15.76,25.76,30.57,18.33
745569,2024-06-03,2024,679032,R,669060,R,field_out,False,False,127.0,0.231,17.0,13.39,6.0,4.72,0.5900000000000001,0.08499999999999999,23.36,11.04,19.43,30.46,33.33,13.28,100.0,0.281,23.0,23.0,4.0,4.0,0.76,0.1459999999999999,25.82,13.95,16.32,30.27,40.0,25.27,111.0,0.168,21.0,18.92,8.0,7.21,0.52,0.10900000000000001,22.04,10.49,17.39,27.88,25.84,20.39,190.0,0.194,33.0,17.37,8.0,4.21,0.5609999999999999,0.132,19.19,10.0,15.76,25.76,30.57,18.33
745569,2024-06-03,2024,656555,R,554430,R,walk,False,True,141.0,0.252,33.0,23.4,15.0,10.64,0.836,0.236,24.29,9.49,21.36,30.85,21.73,15.94,,,,,,,,,,,,,,,143.0,0.129,49.0,34.27,6.0,4.2,0.359,0.05299999999999999,30.51,16.04,17.65,33.69,38.17,22.69,374.0,0.194,122.0,32.62,14.0,3.74,0.548,0.119,31.51,15.79,15.47,31.25,34.11,22.02
745569,2024-06-03,2024,641343,L,554430,R,strikeout,True,False,136.0,0.2,49.0,36.03,12.0,8.82,0.6639999999999999,0.175,31.56,14.15,19.12,33.27,21.86,29.52,244.0,0.205,83.0,34.02,26.0,10.66,0.72,0.228,32.78,14.71,16.21,30.93,23.65,23.92,151.0,0.227,36.0,23.84,17.0,11.26,0.72,0.17500000000000002,26.97,13.2,12.88,26.09,27.5,18.75,414.0,0.261,90.0,21.74,25.0,6.04,0.722,0.1509999999999999,25.9,13.55,13.11,26.65,30.26,18.82
745569,2024-06-03,2024,687401,R,554430,R,field_out,False,False,121.0,0.33,14.0,11.57,15.0,12.4,0.986,0.24299999999999994,15.26,6.03,21.62,27.65,21.7,10.07,13.0,0.077,3.0,23.08,0.0,0.0,0.2309999999999999,0.077,15.79,8.11,21.62,29.73,26.67,33.33,143.0,0.129,49.0,34.27,6.0,4.2,0.359,0.05299999999999999,30.51,16.04,17.65,33.69,38.17,22.69,374.0,0.194,122.0,32.62,14.0,3.74,0.548,0.119,31.51,15.79,15.47,31.25,34.11,22.02
745569,2024-06-03,2024,663368,L,554430,R,single,False,False,141.0,0.264,40.0,28.37,12.0,8.51,0.732,0.128,31.19,12.57,21.44,34.01,23.66,28.37,110.0,0.231,33.0,30.0,17.0,15.45,0.715,0.1319999999999999,24.04,9.0,23.31,32.31,18.26,20.5,151.0,0.227,36.0,23.84,17.0,11.26,0.72,0.17500000000000002,26.97,13.2,12.88,26.09,27.5,18.75,414.0,0.261,90.0,21.74,25.0,6.04,0.722,0.1509999999999999,25.9,13.55,13.11,26.65,30.26,18.82
745569,2024-06-03,2024,656941,L,669060,R,field_out,False,False,162.0,0.178,49.0,30.25,27.0,16.67,0.656,0.16300000000000003,33.81,13.78,15.4,29.18,22.04,23.88,469.0,0.201,128.0,27.29,85.0,18.12,0.848,0.296,31.18,11.75,19.66,31.41,21.53,23.1,88.0,0.299,18.0,20.45,11.0,12.5,0.9440000000000001,0.25900000000000006,21.88,9.64,18.18,27.82,21.35,15.65,124.0,0.239,28.0,22.58,14.0,11.29,0.784,0.22,17.35,7.63,16.87,24.5,22.09,20.59
745569,2024-06-03,2024,592663,R,669060,R,strikeout,True,False,138.0,0.234,38.0,27.54,7.0,5.07,0.652,0.141,29.45,15.2,14.45,29.64,30.62,23.46,389.0,0.25,95.0,24.42,26.0,6.68,0.733,0.176,24.63,12.47,14.02,26.48,29.65,21.02,111.0,0.168,21.0,18.92,8.0,7.21,0.52,0.10900000000000001,22.04,10.49,17.39,27.88,25.84,20.39,190.0,0.194,33.0,17.37,8.0,4.21,0.5609999999999999,0.132,19.19,10.0,15.76,25.76,30.57,18.33
745569,2024-06-03,2024,547180,L,669060,R,field_out,False,False,147.0,0.274,30.0,20.41,22.0,14.97,0.937,0.28200000000000003,30.94,15.06,9.63,24.69,33.54,20.41,375.0,0.295,80.0,21.33,60.0,16.0,0.907,0.199,31.39,15.65,8.66,24.31,32.27,20.0,88.0,0.299,18.0,20.45,11.0,12.5,0.9440000000000001,0.25900000000000006,21.88,9.64,18.18,27.82,21.35,15.65,124.0,0.239,28.0,22.58,14.0,11.29,0.784,0.22,17.35,7.63,16.87,24.5,22.09,20.59
745569,2024-06-03,2024,668930,L,554430,R,single,False,False,183.0,0.311,30.0,16.39,16.0,8.74,0.8069999999999999,0.124,13.5,6.29,18.6,24.89,25.16,15.62,376.0,0.224,82.0,21.81,30.0,7.98,0.608,0.097,22.03,10.83,16.08,26.9,28.59,16.14,151.0,0.227,36.0,23.84,17.0,11.26,0.72,0.17500000000000002,26.97,13.2,12.88,26.09,27.5,18.75,414.0,0.261,90.0,21.74,25.0,6.04,0.722,0.1509999999999999,25.9,13.55,13.11,26.65,30.26,18.82
745569,2024-06-03,2024,661388,R,554430,R,grounded_into_double_play,False,False,210.0,0.319,37.0,17.62,23.0,10.95,0.914,0.195,29.43,13.6,14.11,27.71,23.21,16.3,434.0,0.262,94.0,21.66,42.0,9.68,0.72,0.119,27.61,11.63,19.55,31.17,24.86,18.08,143.0,0.129,49.0,34.27,6.0,4.2,0.359,0.05299999999999999,30.51,16.04,17.65,33.69,38.17,22.69,374.0,0.194,122.0,32.62,14.0,3.74,0.548,0.119,31.51,15.79,15.47,31.25,34.11,22.02
745569,2024-06-03,2024,592885,L,554430,R,field_out,False,False,102.0,0.307,21.0,20.59,13.0,12.75,0.896,0.193,23.37,10.67,13.9,24.57,24.17,16.41,473.0,0.294,103.0,21.78,64.0,13.53,0.882,0.195,26.99,11.53,15.4,26.93,23.89,19.07,151.0,0.227,36.0,23.84,17.0,11.26,0.72,0.17500000000000002,26.97,13.2,12.88,26.09,27.5,18.75,414.0,0.261,90.0,21.74,25.0,6.04,0.722,0.1509999999999999,25.9,13.55,13.11,26.65,30.26,18.82
745569,2024-06-03,2024,664761,R,669060,R,field_out,False,False,167.0,0.315,23.0,13.77,12.0,7.19,0.868,0.182,17.03,8.1,15.0,23.1,24.72,15.6,445.0,0.263,68.0,15.28,34.0,7.64,0.7010000000000001,0.1139999999999999,17.17,8.27,16.06,24.33,28.14,13.48,111.0,0.168,21.0,18.92,8.0,7.21,0.52,0.10900000000000001,22.04,10.49,17.39,27.88,25.84,20.39,190.0,0.194,33.0,17.37,8.0,4.21,0.5609999999999999,0.132,19.19,10.0,15.76,25.76,30.57,18.33
745569,2024-06-03,2024,681082,L,669060,R,field_out,False,False,155.0,0.233,21.0,13.55,19.0,12.26,0.7170000000000001,0.155,17.03,7.32,21.81,29.13,27.53,11.17,474.0,0.28,76.0,16.03,26.0,5.49,0.753,0.1509999999999999,14.49,6.52,22.08,28.6,28.42,11.93,88.0,0.299,18.0,20.45,11.0,12.5,0.9440000000000001,0.25900000000000006,21.88,9.64,18.18,27.82,21.35,15.65,124.0,0.239,28.0,22.58,14.0,11.29,0.784,0.22,17.35,7.63,16.87,24.5,22.09,20.59
745569,2024-06-03,2024,592206,R,669060,R,field_out,False,False,176.0,0.206,35.0,19.89,13.0,7.39,0.579,0.1,33.24,19.26,10.36,29.61,38.29,18.42,485.0,0.252,140.0,28.87,25.0,5.15,0.733,0.192,37.06,20.57,11.78,32.36,40.41,25.27,111.0,0.168,21.0,18.92,8.0,7.21,0.52,0.10900000000000001,22.04,10.49,17.39,27.88,25.84,20.39,190.0,0.194,33.0,17.37,8.0,4.21,0.5609999999999999,0.132,19.19,10.0,15.76,25.76,30.57,18.33
745569,2024-06-03,2024,642715,R,554430,R,field_out,False,False,207.0,0.272,44.0,21.26,21.0,10.14,0.823,0.20099999999999996,30.45,14.32,15.43,29.75,25.93,18.49,480.0,0.212,117.0,24.38,47.0,9.79,0.702,0.194,32.44,16.53,12.85,29.38,32.69,19.28,143.0,0.129,49.0,34.27,6.0,4.2,0.359,0.05299999999999999,30.51,16.04,17.65,33.69,38.17,22.69,374.0,0.194,122.0,32.62,14.0,3.74,0.548,0.119,31.51,15.79,15.47,31.25,34.11,22.02
745569,2024-06-03,2024,686217,L,554430,R,field_out,False,False,184.0,0.253,36.0,19.57,20.0,10.87,0.663,0.068,15.94,6.28,22.68,28.96,26.11,17.73,180.0,0.261,30.0,16.67,23.0,12.78,0.722,0.1049999999999999,15.26,6.63,20.31,26.94,29.52,13.18,151.0,0.227,36.0,23.84,17.0,11.26,0.72,0.17500000000000002,26.97,13.2,12.88,26.09,27.5,18.75,414.0,0.261,90.0,21.74,25.0,6.04,0.722,0.1509999999999999,25.9,13.55,13.11,26.65,30.26,18.82
745569,2024-06-03,2024,656555,R,554430,R,home_run,False,False,141.0,0.252,33.0,23.4,15.0,10.64,0.836,0.236,24.29,9.49,21.36,30.85,21.73,15.94,,,,,,,,,,,,,,,143.0,0.129,49.0,34.27,6.0,4.2,0.359,0.05299999999999999,30.51,16.04,17.65,33.69,38.17,22.69,374.0,0.194,122.0,32.62,14.0,3.74,0.548,0.119,31.51,15.79,15.47,31.25,34.11,22.02
745569,2024-06-03,2024,641343,L,554430,R,walk,False,True,136.0,0.2,49.0,36.03,12.0,8.82,0.6639999999999999,0.175,31.56,14.15,19.12,33.27,21.86,29.52,244.0,0.205,83.0,34.02,26.0,10.66,0.72,0.228,32.78,14.71,16.21,30.93,23.65,23.92,151.0,0.227,36.0,23.84,17.0,11.26,0.72,0.17500000000000002,26.97,13.2,12.88,26.09,27.5,18.75,414.0,0.261,90.0,21.74,25.0,6.04,0.722,0.1509999999999999,25.9,13.55,13.11,26.65,30.26,18.82
745569,2024-06-03,2024,687401,R,554430,R,field_out,False,False,121.0,0.33,14.0,11.57,15.0,12.4,0.986,0.24299999999999994,15.26,6.03,21.62,27.65,21.7,10.07,13.0,0.077,3.0,23.08,0.0,0.0,0.2309999999999999,0.077,15.79,8.11,21.62,29.73,26.67,33.33,143.0,0.129,49.0,34.27,6.0,4.2,0.359,0.05299999999999999,30.51,16.04,17.65,33.69,38.17,22.69,374.0,0.194,122.0,32.62,14.0,3.74,0.548,0.119,31.51,15.79,15.47,31.25,34.11,22.02
745569,2024-06-03,2024,621311,L,669060,R,field_out,False,False,,,,,,,,,,,,,,,9.0,0.111,2.0,22.22,0.0,0.0,0.555,0.333,25.0,12.9,16.13,29.03,33.33,33.33,88.0,0.299,18.0,20.45,11.0,12.5,0.9440000000000001,0.25900000000000006,21.88,9.64,18.18,27.82,21.35,15.65,124.0,0.239,28.0,22.58,14.0,11.29,0.784,0.22,17.35,7.63,16.87,24.5,22.09,20.59
745569,2024-06-03,2024,624641,R,669060,R,field_out,False,False,57.0,0.269,20.0,35.09,2.0,3.51,0.744,0.15399999999999997,42.54,24.36,9.83,34.19,45.99,24.1,176.0,0.239,41.0,23.3,5.0,2.84,0.669,0.148,29.23,17.12,12.31,29.43,41.96,19.16,111.0,0.168,21.0,18.92,8.0,7.21,0.52,0.10900000000000001,22.04,10.49,17.39,27.88,25.84,20.39,190.0,0.194,33.0,17.37,8.0,4.21,0.5609999999999999,0.132,19.19,10.0,15.76,25.76,30.57,18.33
745569,2024-06-03,2024,679032,R,669060,R,single,False,False,127.0,0.231,17.0,13.39,6.0,4.72,0.5900000000000001,0.08499999999999999,23.36,11.04,19.43,30.46,33.33,13.28,100.0,0.281,23.0,23.0,4.0,4.0,0.76,0.1459999999999999,25.82,13.95,16.32,30.27,40.0,25.27,111.0,0.168,21.0,18.92,8.0,7.21,0.52,0.10900000000000001,22.04,10.49,17.39,27.88,25.84,20.39,190.0,0.194,33.0,17.37,8.0,4.21,0.5609999999999999,0.132,19.19,10.0,15.76,25.76,30.57,18.33
745569,2024-06-03,2024,656941,L,571948,L,pickoff_1b,False,False,106.0,0.326,30.0,28.3,17.0,16.04,0.94,0.18,34.57,13.11,21.78,34.89,19.32,26.79,253.0,0.188,87.0,34.39,41.0,16.21,0.758,0.242,32.04,11.82,21.04,32.86,21.61,24.51,52.0,0.25,13.0,25.0,1.0,1.92,0.656,0.14600000000000002,14.94,6.57,20.71,27.27,32.04,21.31,121.0,0.155,27.0,22.31,8.0,6.61,0.45,0.072,20.1,8.44,23.05,31.48,32.82,16.77
745569,2024-06-03,2024,663368,L,656546,R,strikeout,True,False,141.0,0.264,40.0,28.37,12.0,8.51,0.732,0.128,31.19,12.57,21.44,34.01,23.66,28.37,110.0,0.231,33.0,30.0,17.0,15.45,0.715,0.1319999999999999,24.04,9.0,23.31,32.31,18.26,20.5,40.0,0.237,13.0,32.5,2.0,5.0,0.722,0.21000000000000002,31.25,17.12,13.7,30.82,40.91,29.55,80.0,0.221,26.0,32.5,9.0,11.25,0.63,0.088,34.86,17.48,12.61,30.09,33.51,21.31
745569,2024-06-03,2024,668930,L,656546,R,field_out,False,False,183.0,0.311,30.0,16.39,16.0,8.74,0.8069999999999999,0.124,13.5,6.29,18.6,24.89,25.16,15.62,376.0,0.224,82.0,21.81,30.0,7.98,0.608,0.097,22.03,10.83,16.08,26.9,28.59,16.14,40.0,0.237,13.0,32.5,2.0,5.0,0.722,0.21000000000000002,31.25,17.12,13.7,30.82,40.91,29.55,80.0,0.221,26.0,32.5,9.0,11.25,0.63,0.088,34.86,17.48,12.61,30.09,33.51,21.31
745569,2024-06-03,2024,661388,R,656546,R,field_out,False,False,210.0,0.319,37.0,17.62,23.0,10.95,0.914,0.195,29.43,13.6,14.11,27.71,23.21,16.3,434.0,0.262,94.0,21.66,42.0,9.68,0.72,0.119,27.61,11.63,19.55,31.17,24.86,18.08,63.0,0.179,20.0,31.75,5.0,7.94,0.438,0.017000000000000015,37.1,18.47,14.86,33.33,30.65,25.0,129.0,0.122,43.0,33.33,10.0,7.75,0.423,0.104,34.44,17.65,14.42,32.07,34.34,24.57
745569,2024-06-03,2024,656941,L,571948,L,field_out,False,False,106.0,0.326,30.0,28.3,17.0,16.04,0.94,0.18,34.57,13.11,21.78,34.89,19.32,26.79,253.0,0.188,87.0,34.39,41.0,16.21,0.758,0.242,32.04,11.82,21.04,32.86,21.61,24.51,52.0,0.25,13.0,25.0,1.0,1.92,0.656,0.14600000000000002,14.94,6.57,20.71,27.27,32.04,21.31,121.0,0.155,27.0,22.31,8.0,6.61,0.45,0.072,20.1,8.44,23.05,31.48,32.82,16.77
745569,2024-06-03,2024,592663,R,571948,L,field_out,False,False,67.0,0.349,16.0,23.88,4.0,5.97,0.9440000000000001,0.20700000000000007,23.48,12.11,17.19,29.3,30.09,20.51,151.0,0.255,43.0,28.48,9.0,5.96,0.8380000000000001,0.263,29.97,14.7,15.97,30.67,32.79,21.5,66.0,0.2,17.0,25.76,7.0,10.61,0.5720000000000001,0.09099999999999997,19.8,7.66,22.22,29.89,18.18,19.77,131.0,0.256,32.0,24.43,5.0,3.82,0.6819999999999999,0.144,21.12,9.06,21.44,30.5,26.81,18.82
745569,2024-06-03,2024,547180,L,571948,L,single,False,False,94.0,0.262,27.0,28.72,13.0,13.83,0.837,0.21299999999999997,32.46,16.49,10.64,27.13,33.33,25.23,171.0,0.289,39.0,22.81,20.0,11.7,0.884,0.221,38.61,20.03,9.85,29.89,35.59,22.41,52.0,0.25,13.0,25.0,1.0,1.92,0.656,0.14600000000000002,14.94,6.57,20.71,27.27,32.04,21.31,121.0,0.155,27.0,22.31,8.0,6.61,0.45,0.072,20.1,8.44,23.05,31.48,32.82,16.77
745569,2024-06-03,2024,664761,R,571948,L,field_out,False,False,81.0,0.28,10.0,12.35,6.0,7.41,0.786,0.173,12.23,5.92,14.29,20.21,24.48,12.82,167.0,0.303,26.0,15.57,8.0,4.79,0.929,0.291,20.3,10.86,12.97,23.82,35.24,14.21,66.0,0.2,17.0,25.76,7.0,10.61,0.5720000000000001,0.09099999999999997,19.8,7.66,22.22,29.89,18.18,19.77,131.0,0.256,32.0,24.43,5.0,3.82,0.6819999999999999,0.144,21.12,9.06,21.44,30.5,26.81,18.82
745569,2024-06-03,2024,592885,L,621237,L,strikeout,True,False,41.0,0.361,8.0,19.51,5.0,12.2,1.106,0.30600000000000005,24.19,9.55,14.65,24.2,19.1,24.24,159.0,0.234,37.0,23.27,14.0,8.81,0.633,0.097,26.17,13.04,15.53,28.57,28.16,18.32,30.0,0.074,5.0,16.67,3.0,10.0,0.278,0.037000000000000005,23.64,12.62,18.45,31.07,39.53,16.13,47.0,0.217,13.0,27.66,0.0,0.0,0.521,0.087,14.81,7.02,22.81,29.82,36.84,27.66
745569,2024-06-03,2024,642715,R,621237,L,field_out,False,False,54.0,0.213,12.0,22.22,6.0,11.11,0.6579999999999999,0.149,29.67,13.5,15.0,28.5,24.07,22.64,160.0,0.231,48.0,30.0,24.0,15.0,0.762,0.1789999999999999,26.61,12.38,15.79,28.17,29.47,20.17,71.0,0.238,20.0,28.17,7.0,9.86,0.659,0.11099999999999999,25.85,12.38,14.66,27.04,30.49,18.87,126.0,0.187,51.0,40.48,18.0,14.29,0.612,0.121,38.81,19.34,13.24,32.58,30.61,23.83
745569,2024-06-03,2024,596142,R,621237,L,field_out,False,False,40.0,0.25,9.0,22.5,3.0,7.5,0.9359999999999999,0.361,28.77,13.82,21.05,34.87,30.14,18.0,79.0,0.267,18.0,22.78,4.0,5.06,0.984,0.413,25.18,10.61,22.12,32.73,24.07,18.18,71.0,0.238,20.0,28.17,7.0,9.86,0.659,0.11099999999999999,25.85,12.38,14.66,27.04,30.49,18.87,126.0,0.187,51.0,40.48,18.0,14.29,0.612,0.121,38.81,19.34,13.24,32.58,30.61,23.83
744854,2024-06-03,2024,596019,R,669022,L,walk,False,True,54.0,0.245,4.0,7.41,3.0,5.56,0.764,0.20400000000000001,15.31,7.14,17.14,24.29,23.36,8.16,204.0,0.281,35.0,17.16,15.0,7.35,0.916,0.2919999999999999,20.49,9.45,15.99,25.44,24.88,16.36,191.0,0.256,57.0,29.84,10.0,5.24,0.6739999999999999,0.11299999999999999,28.74,14.71,14.09,28.8,27.53,20.65,452.0,0.241,113.0,25.0,39.0,8.63,0.76,0.212,26.77,13.05,14.99,28.05,30.71,20.29
744854,2024-06-03,2024,624413,R,669022,L,field_out,False,False,58.0,0.216,13.0,22.41,5.0,8.62,0.839,0.31300000000000006,21.55,10.42,14.17,24.58,28.81,15.85,183.0,0.224,42.0,22.95,21.0,11.48,0.859,0.302,25.52,11.15,17.51,28.66,27.34,16.87,191.0,0.256,57.0,29.84,10.0,5.24,0.6739999999999999,0.11299999999999999,28.74,14.71,14.09,28.8,27.53,20.65,452.0,0.241,113.0,25.0,39.0,8.63,0.76,0.212,26.77,13.05,14.99,28.05,30.71,20.29
744854,2024-06-03,2024,607043,L,669022,L,field_out,False,False,59.0,0.226,12.0,20.34,1.0,1.69,0.72,0.18899999999999997,29.03,12.8,20.38,33.18,32.43,22.64,236.0,0.286,48.0,20.34,14.0,5.93,0.749,0.118,24.0,10.48,21.38,31.86,21.45,15.14,57.0,0.26,15.0,26.32,7.0,12.28,0.7709999999999999,0.15999999999999998,28.83,13.68,14.1,27.78,27.12,22.06,132.0,0.319,38.0,28.79,18.0,13.64,0.8899999999999999,0.1589999999999999,31.49,14.97,13.32,28.29,24.59,19.0
744854,2024-06-03,2024,502110,R,669022,L,field_out,False,False,35.0,0.387,7.0,20.0,4.0,11.43,1.102,0.258,19.51,9.94,8.07,18.01,30.53,12.28,137.0,0.274,43.0,31.39,13.0,9.49,0.924,0.3069999999999999,30.91,15.57,13.74,29.3,29.27,23.5,191.0,0.256,57.0,29.84,10.0,5.24,0.6739999999999999,0.11299999999999999,28.74,14.71,14.09,28.8,27.53,20.65,452.0,0.241,113.0,25.0,39.0,8.63,0.76,0.212,26.77,13.05,14.99,28.05,30.71,20.29
744854,2024-06-03,2024,657041,R,656731,R,field_out,False,False,87.0,0.165,23.0,26.44,6.0,6.9,0.496,0.11300000000000002,23.97,10.26,20.53,30.79,22.49,23.0,490.0,0.242,143.0,29.18,23.0,4.69,0.719,0.185,26.09,11.34,20.58,31.92,28.6,24.48,29.0,0.185,10.0,34.48,2.0,6.9,0.5,0.07400000000000001,38.18,16.54,18.11,34.65,23.44,27.78,281.0,0.277,44.0,15.66,27.0,9.61,0.798,0.1649999999999999,21.37,9.49,16.31,25.81,22.89,15.17
744854,2024-06-03,2024,592696,L,656731,R,field_error,False,False,148.0,0.173,39.0,26.35,9.0,6.08,0.604,0.20800000000000002,29.67,15.27,15.27,30.53,36.22,21.31,449.0,0.258,104.0,23.16,29.0,6.46,0.762,0.199,29.98,17.01,12.43,29.45,43.87,20.59,35.0,0.172,10.0,28.57,4.0,11.43,0.501,0.035,24.29,12.41,10.22,22.63,23.61,26.32,287.0,0.287,61.0,21.25,31.0,10.8,0.806,0.151,25.34,11.46,14.41,25.87,24.17,18.48
744854,2024-06-03,2024,671277,L,656731,R,strikeout,True,False,151.0,0.292,25.0,16.56,7.0,4.64,0.783,0.16600000000000004,22.55,11.57,15.11,26.68,35.48,17.36,355.0,0.268,44.0,12.39,23.0,6.48,0.6950000000000001,0.1129999999999999,17.54,8.86,13.52,22.38,31.84,12.54,35.0,0.172,10.0,28.57,4.0,11.43,0.501,0.035,24.29,12.41,10.22,22.63,23.61,26.32,287.0,0.287,61.0,21.25,31.0,10.8,0.806,0.151,25.34,11.46,14.41,25.87,24.17,18.48
744854,2024-06-03,2024,660688,L,656731,R,strikeout,True,False,108.0,0.216,15.0,13.89,3.0,2.78,0.5640000000000001,0.098,14.13,7.07,18.21,25.27,32.96,16.3,403.0,0.249,48.0,11.91,25.0,6.2,0.712,0.1629999999999999,14.96,7.67,15.92,23.59,36.49,14.77,35.0,0.172,10.0,28.57,4.0,11.43,0.501,0.035,24.29,12.41,10.22,22.63,23.61,26.32,287.0,0.287,61.0,21.25,31.0,10.8,0.806,0.151,25.34,11.46,14.41,25.87,24.17,18.48
744854,2024-06-03,2024,516782,R,669022,L,single,False,False,55.0,0.286,12.0,21.82,5.0,9.09,0.813,0.16300000000000003,31.58,16.29,13.57,29.86,33.04,14.81,96.0,0.273,18.0,18.75,5.0,5.21,0.66,0.068,25.99,13.29,13.87,27.17,35.98,20.22,191.0,0.256,57.0,29.84,10.0,5.24,0.6739999999999999,0.11299999999999999,28.74,14.71,14.09,28.8,27.53,20.65,452.0,0.241,113.0,25.0,39.0,8.63,0.76,0.212,26.77,13.05,14.99,28.05,30.71,20.29
744854,2024-06-03,2024,668901,R,669022,L,walk,False,True,29.0,0.444,5.0,17.24,2.0,6.9,1.298,0.37099999999999994,25.86,15.15,11.11,26.26,37.93,19.23,88.0,0.214,30.0,34.09,2.0,2.27,0.584,0.1309999999999999,40.66,21.26,14.94,36.21,36.02,26.79,191.0,0.256,57.0,29.84,10.0,5.24,0.6739999999999999,0.11299999999999999,28.74,14.71,14.09,28.8,27.53,20.65,452.0,0.241,113.0,25.0,39.0,8.63,0.76,0.212,26.77,13.05,14.99,28.05,30.71,20.29
744854,2024-06-03,2024,664056,R,669022,L,sac_fly,False,False,60.0,0.236,11.0,18.33,5.0,8.33,0.609,0.07300000000000001,23.15,10.92,17.47,28.38,35.24,18.64,97.0,0.299,14.0,14.43,8.0,8.25,0.936,0.2759999999999999,23.49,10.71,18.68,29.4,31.94,16.67,191.0,0.256,57.0,29.84,10.0,5.24,0.6739999999999999,0.11299999999999999,28.74,14.71,14.09,28.8,27.53,20.65,452.0,0.241,113.0,25.0,39.0,8.63,0.76,0.212,26.77,13.05,14.99,28.05,30.71,20.29
744854,2024-06-03,2024,578428,R,669022,L,single,False,False,6.0,0.333,1.0,16.67,0.0,0.0,0.666,0.0,33.33,18.75,18.75,37.5,55.56,25.0,,,,,,,,,,,,,,,191.0,0.256,57.0,29.84,10.0,5.24,0.6739999999999999,0.11299999999999999,28.74,14.71,14.09,28.8,27.53,20.65,452.0,0.241,113.0,25.0,39.0,8.63,0.76,0.212,26.77,13.05,14.99,28.05,30.71,20.29
744854,2024-06-03,2024,620443,R,669022,L,strikeout,True,False,,,,,,,,,,,,,,,21.0,0.3,6.0,28.57,1.0,4.76,0.7330000000000001,0.1,28.57,16.87,12.05,28.92,44.19,25.0,191.0,0.256,57.0,29.84,10.0,5.24,0.6739999999999999,0.11299999999999999,28.74,14.71,14.09,28.8,27.53,20.65,452.0,0.241,113.0,25.0,39.0,8.63,0.76,0.212,26.77,13.05,14.99,28.05,30.71,20.29
744854,2024-06-03,2024,596019,R,669022,L,hit_by_pitch,False,False,54.0,0.245,4.0,7.41,3.0,5.56,0.764,0.20400000000000001,15.31,7.14,17.14,24.29,23.36,8.16,204.0,0.281,35.0,17.16,15.0,7.35,0.916,0.2919999999999999,20.49,9.45,15.99,25.44,24.88,16.36,191.0,0.256,57.0,29.84,10.0,5.24,0.6739999999999999,0.11299999999999999,28.74,14.71,14.09,28.8,27.53,20.65,452.0,0.241,113.0,25.0,39.0,8.63,0.76,0.212,26.77,13.05,14.99,28.05,30.71,20.29
744854,2024-06-03,2024,624413,R,669022,L,field_out,False,False,58.0,0.216,13.0,22.41,5.0,8.62,0.839,0.31300000000000006,21.55,10.42,14.17,24.58,28.81,15.85,183.0,0.224,42.0,22.95,21.0,11.48,0.859,0.302,25.52,11.15,17.51,28.66,27.34,16.87,191.0,0.256,57.0,29.84,10.0,5.24,0.6739999999999999,0.11299999999999999,28.74,14.71,14.09,28.8,27.53,20.65,452.0,0.241,113.0,25.0,39.0,8.63,0.76,0.212,26.77,13.05,14.99,28.05,30.71,20.29
744854,2024-06-03,2024,669222,R,656731,R,field_error,False,False,101.0,0.224,28.0,27.72,14.0,13.86,0.716,0.152,29.7,13.07,17.07,30.13,21.11,29.17,205.0,0.164,51.0,24.88,18.0,8.78,0.497,0.093,25.27,12.43,15.64,28.07,26.72,23.15,29.0,0.185,10.0,34.48,2.0,6.9,0.5,0.07400000000000001,38.18,16.54,18.11,34.65,23.44,27.78,281.0,0.277,44.0,15.66,27.0,9.61,0.798,0.1649999999999999,21.37,9.49,16.31,25.81,22.89,15.17
744854,2024-06-03,2024,608385,L,656731,R,single,False,False,152.0,0.25,33.0,21.71,18.0,11.84,0.776,0.16399999999999998,23.84,10.29,16.9,27.19,19.93,15.21,184.0,0.2,46.0,25.0,24.0,13.04,0.5660000000000001,0.0449999999999999,25.91,11.04,17.01,28.05,20.4,17.9,35.0,0.172,10.0,28.57,4.0,11.43,0.501,0.035,24.29,12.41,10.22,22.63,23.61,26.32,287.0,0.287,61.0,21.25,31.0,10.8,0.806,0.151,25.34,11.46,14.41,25.87,24.17,18.48
744854,2024-06-03,2024,545121,L,656731,R,field_out,False,False,74.0,0.25,5.0,6.76,9.0,12.16,0.665,0.067,9.9,3.86,22.01,25.87,21.97,8.47,179.0,0.226,11.0,6.15,15.0,8.38,0.58,0.0629999999999999,13.38,5.9,20.34,26.24,25.61,7.28,35.0,0.172,10.0,28.57,4.0,11.43,0.501,0.035,24.29,12.41,10.22,22.63,23.61,26.32,287.0,0.287,61.0,21.25,31.0,10.8,0.806,0.151,25.34,11.46,14.41,25.87,24.17,18.48
744854,2024-06-03,2024,608336,L,656731,R,strikeout,True,False,98.0,0.177,41.0,41.84,16.0,16.33,0.6970000000000001,0.19,44.94,19.0,16.15,35.15,21.92,30.83,273.0,0.177,118.0,43.22,40.0,14.65,0.748,0.271,44.52,21.12,11.99,33.11,25.82,30.1,35.0,0.172,10.0,28.57,4.0,11.43,0.501,0.035,24.29,12.41,10.22,22.63,23.61,26.32,287.0,0.287,61.0,21.25,31.0,10.8,0.806,0.151,25.34,11.46,14.41,25.87,24.17,18.48
744854,2024-06-03,2024,686452,L,656731,R,caught_stealing_2b,False,False,5.0,0.2,1.0,20.0,0.0,0.0,0.4,0.0,22.22,10.53,21.05,31.58,44.44,14.29,22.0,0.368,3.0,13.64,3.0,13.64,1.087,0.264,19.57,9.47,13.68,23.16,20.83,8.82,35.0,0.172,10.0,28.57,4.0,11.43,0.501,0.035,24.29,12.41,10.22,22.63,23.61,26.32,287.0,0.287,61.0,21.25,31.0,10.8,0.806,0.151,25.34,11.46,14.41,25.87,24.17,18.48
744854,2024-06-03,2024,607043,L,669022,L,double,False,False,59.0,0.226,12.0,20.34,1.0,1.69,0.72,0.18899999999999997,29.03,12.8,20.38,33.18,32.43,22.64,236.0,0.286,48.0,20.34,14.0,5.93,0.749,0.118,24.0,10.48,21.38,31.86,21.45,15.14,57.0,0.26,15.0,26.32,7.0,12.28,0.7709999999999999,0.15999999999999998,28.83,13.68,14.1,27.78,27.12,22.06,132.0,0.319,38.0,28.79,18.0,13.64,0.8899999999999999,0.1589999999999999,31.49,14.97,13.32,28.29,24.59,19.0
744854,2024-06-03,2024,502110,R,669022,L,double_play,False,False,35.0,0.387,7.0,20.0,4.0,11.43,1.102,0.258,19.51,9.94,8.07,18.01,30.53,12.28,137.0,0.274,43.0,31.39,13.0,9.49,0.924,0.3069999999999999,30.91,15.57,13.74,29.3,29.27,23.5,191.0,0.256,57.0,29.84,10.0,5.24,0.6739999999999999,0.11299999999999999,28.74,14.71,14.09,28.8,27.53,20.65,452.0,0.241,113.0,25.0,39.0,8.63,0.76,0.212,26.77,13.05,14.99,28.05,30.71,20.29
744854,2024-06-03,2024,516782,R,669022,L,field_out,False,False,55.0,0.286,12.0,21.82,5.0,9.09,0.813,0.16300000000000003,31.58,16.29,13.57,29.86,33.04,14.81,96.0,0.273,18.0,18.75,5.0,5.21,0.66,0.068,25.99,13.29,13.87,27.17,35.98,20.22,191.0,0.256,57.0,29.84,10.0,5.24,0.6739999999999999,0.11299999999999999,28.74,14.71,14.09,28.8,27.53,20.65,452.0,0.241,113.0,25.0,39.0,8.63,0.76,0.212,26.77,13.05,14.99,28.05,30.71,20.29
744854,2024-06-03,2024,686452,L,656731,R,field_out,False,False,5.0,0.2,1.0,20.0,0.0,0.0,0.4,0.0,22.22,10.53,21.05,31.58,44.44,14.29,22.0,0.368,3.0,13.64,3.0,13.64,1.087,0.264,19.57,9.47,13.68,23.16,20.83,8.82,35.0,0.172,10.0,28.57,4.0,11.43,0.501,0.035,24.29,12.41,10.22,22.63,23.61,26.32,287.0,0.287,61.0,21.25,31.0,10.8,0.806,0.151,25.34,11.46,14.41,25.87,24.17,18.48
744854,2024-06-03,2024,657041,R,656731,R,single,False,False,87.0,0.165,23.0,26.44,6.0,6.9,0.496,0.11300000000000002,23.97,10.26,20.53,30.79,22.49,23.0,490.0,0.242,143.0,29.18,23.0,4.69,0.719,0.185,26.09,11.34,20.58,31.92,28.6,24.48,29.0,0.185,10.0,34.48,2.0,6.9,0.5,0.07400000000000001,38.18,16.54,18.11,34.65,23.44,27.78,281.0,0.277,44.0,15.66,27.0,9.61,0.798,0.1649999999999999,21.37,9.49,16.31,25.81,22.89,15.17
744854,2024-06-03,2024,592696,L,656731,R,walk,False,True,148.0,0.173,39.0,26.35,9.0,6.08,0.604,0.20800000000000002,29.67,15.27,15.27,30.53,36.22,21.31,449.0,0.258,104.0,23.16,29.0,6.46,0.762,0.199,29.98,17.01,12.43,29.45,43.87,20.59,35.0,0.172,10.0,28.57,4.0,11.43,0.501,0.035,24.29,12.41,10.22,22.63,23.61,26.32,287.0,0.287,61.0,21.25,31.0,10.8,0.806,0.151,25.34,11.46,14.41,25.87,24.17,18.48
744854,2024-06-03,2024,671277,L,656731,R,grounded_into_double_play,False,False,151.0,0.292,25.0,16.56,7.0,4.64,0.783,0.16600000000000004,22.55,11.57,15.11,26.68,35.48,17.36,355.0,0.268,44.0,12.39,23.0,6.48,0.6950000000000001,0.1129999999999999,17.54,8.86,13.52,22.38,31.84,12.54,35.0,0.172,10.0,28.57,4.0,11.43,0.501,0.035,24.29,12.41,10.22,22.63,23.61,26.32,287.0,0.287,61.0,21.25,31.0,10.8,0.806,0.151,25.34,11.46,14.41,25.87,24.17,18.48
744854,2024-06-03,2024,668901,R,669022,L,home_run,False,False,29.0,0.444,5.0,17.24,2.0,6.9,1.298,0.37099999999999994,25.86,15.15,11.11,26.26,37.93,19.23,88.0,0.214,30.0,34.09,2.0,2.27,0.584,0.1309999999999999,40.66,21.26,14.94,36.21,36.02,26.79,191.0,0.256,57.0,29.84,10.0,5.24,0.6739999999999999,0.11299999999999999,28.74,14.71,14.09,28.8,27.53,20.65,452.0,0.241,113.0,25.0,39.0,8.63,0.76,0.212,26.77,13.05,14.99,28.05,30.71,20.29
744854,2024-06-03,2024,664056,R,669022,L,field_out,False,False,60.0,0.236,11.0,18.33,5.0,8.33,0.609,0.07300000000000001,23.15,10.92,17.47,28.38,35.24,18.64,97.0,0.299,14.0,14.43,8.0,8.25,0.936,0.2759999999999999,23.49,10.71,18.68,29.4,31.94,16.67,191.0,0.256,57.0,29.84,10.0,5.24,0.6739999999999999,0.11299999999999999,28.74,14.71,14.09,28.8,27.53,20.65,452.0,0.241,113.0,25.0,39.0,8.63,0.76,0.212,26.77,13.05,14.99,28.05,30.71,20.29
744854,2024-06-03,2024,578428,R,669022,L,single,False,False,6.0,0.333,1.0,16.67,0.0,0.0,0.666,0.0,33.33,18.75,18.75,37.5,55.56,25.0,,,,,,,,,,,,,,,191.0,0.256,57.0,29.84,10.0,5.24,0.6739999999999999,0.11299999999999999,28.74,14.71,14.09,28.8,27.53,20.65,452.0,0.241,113.0,25.0,39.0,8.63,0.76,0.212,26.77,13.05,14.99,28.05,30.71,20.29
744854,2024-06-03,2024,620443,R,669022,L,strikeout,True,False,,,,,,,,,,,,,,,21.0,0.3,6.0,28.57,1.0,4.76,0.7330000000000001,0.1,28.57,16.87,12.05,28.92,44.19,25.0,191.0,0.256,57.0,29.84,10.0,5.24,0.6739999999999999,0.11299999999999999,28.74,14.71,14.09,28.8,27.53,20.65,452.0,0.241,113.0,25.0,39.0,8.63,0.76,0.212,26.77,13.05,14.99,28.05,30.71,20.29
744854,2024-06-03,2024,596019,R,669022,L,single,False,False,54.0,0.245,4.0,7.41,3.0,5.56,0.764,0.20400000000000001,15.31,7.14,17.14,24.29,23.36,8.16,204.0,0.281,35.0,17.16,15.0,7.35,0.916,0.2919999999999999,20.49,9.45,15.99,25.44,24.88,16.36,191.0,0.256,57.0,29.84,10.0,5.24,0.6739999999999999,0.11299999999999999,28.74,14.71,14.09,28.8,27.53,20.65,452.0,0.241,113.0,25.0,39.0,8.63,0.76,0.212,26.77,13.05,14.99,28.05,30.71,20.29
744854,2024-06-03,2024,624413,R,669022,L,field_out,False,False,58.0,0.216,13.0,22.41,5.0,8.62,0.839,0.31300000000000006,21.55,10.42,14.17,24.58,28.81,15.85,183.0,0.224,42.0,22.95,21.0,11.48,0.859,0.302,25.52,11.15,17.51,28.66,27.34,16.87,191.0,0.256,57.0,29.84,10.0,5.24,0.6739999999999999,0.11299999999999999,28.74,14.71,14.09,28.8,27.53,20.65,452.0,0.241,113.0,25.0,39.0,8.63,0.76,0.212,26.77,13.05,14.99,28.05,30.71,20.29
744854,2024-06-03,2024,660688,L,656731,R,strikeout,True,False,108.0,0.216,15.0,13.89,3.0,2.78,0.5640000000000001,0.098,14.13,7.07,18.21,25.27,32.96,16.3,403.0,0.249,48.0,11.91,25.0,6.2,0.712,0.1629999999999999,14.96,7.67,15.92,23.59,36.49,14.77,35.0,0.172,10.0,28.57,4.0,11.43,0.501,0.035,24.29,12.41,10.22,22.63,23.61,26.32,287.0,0.287,61.0,21.25,31.0,10.8,0.806,0.151,25.34,11.46,14.41,25.87,24.17,18.48
744854,2024-06-03,2024,669222,R,656731,R,single,False,False,101.0,0.224,28.0,27.72,14.0,13.86,0.716,0.152,29.7,13.07,17.07,30.13,21.11,29.17,205.0,0.164,51.0,24.88,18.0,8.78,0.497,0.093,25.27,12.43,15.64,28.07,26.72,23.15,29.0,0.185,10.0,34.48,2.0,6.9,0.5,0.07400000000000001,38.18,16.54,18.11,34.65,23.44,27.78,281.0,0.277,44.0,15.66,27.0,9.61,0.798,0.1649999999999999,21.37,9.49,16.31,25.81,22.89,15.17
744854,2024-06-03,2024,608385,L,656731,R,single,False,False,152.0,0.25,33.0,21.71,18.0,11.84,0.776,0.16399999999999998,23.84,10.29,16.9,27.19,19.93,15.21,184.0,0.2,46.0,25.0,24.0,13.04,0.5660000000000001,0.0449999999999999,25.91,11.04,17.01,28.05,20.4,17.9,35.0,0.172,10.0,28.57,4.0,11.43,0.501,0.035,24.29,12.41,10.22,22.63,23.61,26.32,287.0,0.287,61.0,21.25,31.0,10.8,0.806,0.151,25.34,11.46,14.41,25.87,24.17,18.48
744854,2024-06-03,2024,545121,L,656731,R,force_out,False,False,74.0,0.25,5.0,6.76,9.0,12.16,0.665,0.067,9.9,3.86,22.01,25.87,21.97,8.47,179.0,0.226,11.0,6.15,15.0,8.38,0.58,0.0629999999999999,13.38,5.9,20.34,26.24,25.61,7.28,35.0,0.172,10.0,28.57,4.0,11.43,0.501,0.035,24.29,12.41,10.22,22.63,23.61,26.32,287.0,0.287,61.0,21.25,31.0,10.8,0.806,0.151,25.34,11.46,14.41,25.87,24.17,18.48
744854,2024-06-03,2024,608336,L,656731,R,home_run,False,False,98.0,0.177,41.0,41.84,16.0,16.33,0.6970000000000001,0.19,44.94,19.0,16.15,35.15,21.92,30.83,273.0,0.177,118.0,43.22,40.0,14.65,0.748,0.271,44.52,21.12,11.99,33.11,25.82,30.1,35.0,0.172,10.0,28.57,4.0,11.43,0.501,0.035,24.29,12.41,10.22,22.63,23.61,26.32,287.0,0.287,61.0,21.25,31.0,10.8,0.806,0.151,25.34,11.46,14.41,25.87,24.17,18.48
744854,2024-06-03,2024,686452,L,656731,R,field_out,False,False,5.0,0.2,1.0,20.0,0.0,0.0,0.4,0.0,22.22,10.53,21.05,31.58,44.44,14.29,22.0,0.368,3.0,13.64,3.0,13.64,1.087,0.264,19.57,9.47,13.68,23.16,20.83,8.82,35.0,0.172,10.0,28.57,4.0,11.43,0.501,0.035,24.29,12.41,10.22,22.63,23.61,26.32,287.0,0.287,61.0,21.25,31.0,10.8,0.806,0.151,25.34,11.46,14.41,25.87,24.17,18.48
744854,2024-06-03,2024,607043,L,669022,L,field_out,False,False,59.0,0.226,12.0,20.34,1.0,1.69,0.72,0.18899999999999997,29.03,12.8,20.38,33.18,32.43,22.64,236.0,0.286,48.0,20.34,14.0,5.93,0.749,0.118,24.0,10.48,21.38,31.86,21.45,15.14,57.0,0.26,15.0,26.32,7.0,12.28,0.7709999999999999,0.15999999999999998,28.83,13.68,14.1,27.78,27.12,22.06,132.0,0.319,38.0,28.79,18.0,13.64,0.8899999999999999,0.1589999999999999,31.49,14.97,13.32,28.29,24.59,19.0
744854,2024-06-03,2024,502110,R,669022,L,walk,False,True,35.0,0.387,7.0,20.0,4.0,11.43,1.102,0.258,19.51,9.94,8.07,18.01,30.53,12.28,137.0,0.274,43.0,31.39,13.0,9.49,0.924,0.3069999999999999,30.91,15.57,13.74,29.3,29.27,23.5,191.0,0.256,57.0,29.84,10.0,5.24,0.6739999999999999,0.11299999999999999,28.74,14.71,14.09,28.8,27.53,20.65,452.0,0.241,113.0,25.0,39.0,8.63,0.76,0.212,26.77,13.05,14.99,28.05,30.71,20.29
744854,2024-06-03,2024,516782,R,669022,L,single,False,False,55.0,0.286,12.0,21.82,5.0,9.09,0.813,0.16300000000000003,31.58,16.29,13.57,29.86,33.04,14.81,96.0,0.273,18.0,18.75,5.0,5.21,0.66,0.068,25.99,13.29,13.87,27.17,35.98,20.22,191.0,0.256,57.0,29.84,10.0,5.24,0.6739999999999999,0.11299999999999999,28.74,14.71,14.09,28.8,27.53,20.65,452.0,0.241,113.0,25.0,39.0,8.63,0.76,0.212,26.77,13.05,14.99,28.05,30.71,20.29
744854,2024-06-03,2024,668901,R,669022,L,walk,False,True,29.0,0.444,5.0,17.24,2.0,6.9,1.298,0.37099999999999994,25.86,15.15,11.11,26.26,37.93,19.23,88.0,0.214,30.0,34.09,2.0,2.27,0.584,0.1309999999999999,40.66,21.26,14.94,36.21,36.02,26.79,191.0,0.256,57.0,29.84,10.0,5.24,0.6739999999999999,0.11299999999999999,28.74,14.71,14.09,28.8,27.53,20.65,452.0,0.241,113.0,25.0,39.0,8.63,0.76,0.212,26.77,13.05,14.99,28.05,30.71,20.29
744854,2024-06-03,2024,664056,R,571670,R,sac_fly,False,False,116.0,0.287,28.0,24.14,5.0,4.31,0.716,0.09300000000000003,27.92,13.25,21.45,34.7,37.13,24.78,248.0,0.207,45.0,18.15,9.0,3.63,0.504,0.056,25.06,12.41,16.74,29.16,37.02,20.45,70.0,0.2,13.0,18.57,5.0,7.14,0.472,0.014999999999999986,20.19,8.27,23.62,31.89,21.55,20.97,138.0,0.258,33.0,23.91,6.0,4.35,0.596,0.0309999999999999,25.42,12.25,19.88,32.13,34.13,23.08
744854,2024-06-03,2024,578428,R,571670,R,single,False,False,,,,,,,,,,,,,,,,,,,,,,,,,,,,,70.0,0.2,13.0,18.57,5.0,7.14,0.472,0.014999999999999986,20.19,8.27,23.62,31.89,21.55,20.97,138.0,0.258,33.0,23.91,6.0,4.35,0.596,0.0309999999999999,25.42,12.25,19.88,32.13,34.13,23.08
744854,2024-06-03,2024,620443,R,571670,R,double,False,False,3.0,0.0,0.0,0.0,1.0,33.33,0.333,0.0,25.0,7.14,21.43,28.57,0.0,0.0,9.0,0.125,3.0,33.33,0.0,0.0,0.472,0.125,20.0,6.98,20.93,27.91,29.63,25.0,70.0,0.2,13.0,18.57,5.0,7.14,0.472,0.014999999999999986,20.19,8.27,23.62,31.89,21.55,20.97,138.0,0.258,33.0,23.91,6.0,4.35,0.596,0.0309999999999999,25.42,12.25,19.88,32.13,34.13,23.08
744854,2024-06-03,2024,596019,L,571670,R,field_out,False,False,210.0,0.222,41.0,19.52,15.0,7.14,0.6679999999999999,0.159,24.24,11.93,14.91,26.83,25.33,17.6,483.0,0.242,102.0,21.12,51.0,10.56,0.757,0.182,23.68,11.49,14.35,25.84,28.12,17.29,42.0,0.205,9.0,21.43,3.0,7.14,0.518,0.05100000000000002,26.09,10.91,20.61,31.52,19.28,19.15,111.0,0.374,25.0,22.52,11.0,9.91,0.998,0.1919999999999999,22.28,9.55,18.05,27.6,25.9,17.99
744854,2024-06-03,2024,657041,R,656731,R,field_out,False,False,87.0,0.165,23.0,26.44,6.0,6.9,0.496,0.11300000000000002,23.97,10.26,20.53,30.79,22.49,23.0,490.0,0.242,143.0,29.18,23.0,4.69,0.719,0.185,26.09,11.34,20.58,31.92,28.6,24.48,29.0,0.185,10.0,34.48,2.0,6.9,0.5,0.07400000000000001,38.18,16.54,18.11,34.65,23.44,27.78,281.0,0.277,44.0,15.66,27.0,9.61,0.798,0.1649999999999999,21.37,9.49,16.31,25.81,22.89,15.17
744854,2024-06-03,2024,592696,L,656731,R,single,False,False,148.0,0.173,39.0,26.35,9.0,6.08,0.604,0.20800000000000002,29.67,15.27,15.27,30.53,36.22,21.31,449.0,0.258,104.0,23.16,29.0,6.46,0.762,0.199,29.98,17.01,12.43,29.45,43.87,20.59,35.0,0.172,10.0,28.57,4.0,11.43,0.501,0.035,24.29,12.41,10.22,22.63,23.61,26.32,287.0,0.287,61.0,21.25,31.0,10.8,0.806,0.151,25.34,11.46,14.41,25.87,24.17,18.48
744854,2024-06-03,2024,671277,L,656731,R,field_out,False,False,151.0,0.292,25.0,16.56,7.0,4.64,0.783,0.16600000000000004,22.55,11.57,15.11,26.68,35.48,17.36,355.0,0.268,44.0,12.39,23.0,6.48,0.6950000000000001,0.1129999999999999,17.54,8.86,13.52,22.38,31.84,12.54,35.0,0.172,10.0,28.57,4.0,11.43,0.501,0.035,24.29,12.41,10.22,22.63,23.61,26.32,287.0,0.287,61.0,21.25,31.0,10.8,0.806,0.151,25.34,11.46,14.41,25.87,24.17,18.48
744854,2024-06-03,2024,660688,L,656731,R,single,False,False,108.0,0.216,15.0,13.89,3.0,2.78,0.5640000000000001,0.098,14.13,7.07,18.21,25.27,32.96,16.3,403.0,0.249,48.0,11.91,25.0,6.2,0.712,0.1629999999999999,14.96,7.67,15.92,23.59,36.49,14.77,35.0,0.172,10.0,28.57,4.0,11.43,0.501,0.035,24.29,12.41,10.22,22.63,23.61,26.32,287.0,0.287,61.0,21.25,31.0,10.8,0.806,0.151,25.34,11.46,14.41,25.87,24.17,18.48
744854,2024-06-03,2024,669222,R,656731,R,walk,False,True,101.0,0.224,28.0,27.72,14.0,13.86,0.716,0.152,29.7,13.07,17.07,30.13,21.11,29.17,205.0,0.164,51.0,24.88,18.0,8.78,0.497,0.093,25.27,12.43,15.64,28.07,26.72,23.15,29.0,0.185,10.0,34.48,2.0,6.9,0.5,0.07400000000000001,38.18,16.54,18.11,34.65,23.44,27.78,281.0,0.277,44.0,15.66,27.0,9.61,0.798,0.1649999999999999,21.37,9.49,16.31,25.81,22.89,15.17
744854,2024-06-03,2024,608385,L,656731,R,walk,False,True,152.0,0.25,33.0,21.71,18.0,11.84,0.776,0.16399999999999998,23.84,10.29,16.9,27.19,19.93,15.21,184.0,0.2,46.0,25.0,24.0,13.04,0.5660000000000001,0.0449999999999999,25.91,11.04,17.01,28.05,20.4,17.9,35.0,0.172,10.0,28.57,4.0,11.43,0.501,0.035,24.29,12.41,10.22,22.63,23.61,26.32,287.0,0.287,61.0,21.25,31.0,10.8,0.806,0.151,25.34,11.46,14.41,25.87,24.17,18.48
744854,2024-06-03,2024,545121,L,656731,R,field_out,False,False,74.0,0.25,5.0,6.76,9.0,12.16,0.665,0.067,9.9,3.86,22.01,25.87,21.97,8.47,179.0,0.226,11.0,6.15,15.0,8.38,0.58,0.0629999999999999,13.38,5.9,20.34,26.24,25.61,7.28,35.0,0.172,10.0,28.57,4.0,11.43,0.501,0.035,24.29,12.41,10.22,22.63,23.61,26.32,287.0,0.287,61.0,21.25,31.0,10.8,0.806,0.151,25.34,11.46,14.41,25.87,24.17,18.48
744854,2024-06-03,2024,624413,R,606930,R,strikeout,True,False,195.0,0.246,36.0,18.46,16.0,8.21,0.771,0.21100000000000002,22.05,10.01,19.48,29.49,30.14,17.77,475.0,0.214,109.0,22.95,44.0,9.26,0.8069999999999999,0.281,26.53,11.43,18.24,29.67,27.59,22.11,41.0,0.231,9.0,21.95,1.0,2.44,0.603,0.12799999999999997,30.23,16.88,9.74,26.62,34.18,18.0,42.0,0.325,6.0,14.29,1.0,2.38,0.857,0.175,26.58,16.03,11.45,27.48,40.0,15.0
744854,2024-06-03,2024,607043,L,606930,R,field_out,False,False,187.0,0.207,49.0,26.2,32.0,17.11,0.724,0.16,24.86,10.2,16.76,26.96,20.18,17.63,448.0,0.266,98.0,21.88,60.0,13.39,0.874,0.235,20.87,8.67,19.47,28.14,19.23,16.42,29.0,0.217,3.0,10.34,5.0,17.24,0.736,0.17400000000000002,19.57,7.69,17.09,24.79,25.0,10.34,19.0,0.294,2.0,10.53,2.0,10.53,0.78,0.118,9.09,3.85,16.67,20.51,21.43,8.7
744854,2024-06-03,2024,502110,R,606930,R,single,False,False,97.0,0.253,33.0,34.02,5.0,5.15,0.732,0.187,32.26,17.77,12.69,30.46,35.82,22.6,343.0,0.27,106.0,30.9,21.0,6.12,0.8799999999999999,0.2979999999999999,35.71,19.2,12.73,31.93,33.23,24.42,41.0,0.231,9.0,21.95,1.0,2.44,0.603,0.12799999999999997,30.23,16.88,9.74,26.62,34.18,18.0,42.0,0.325,6.0,14.29,1.0,2.38,0.857,0.175,26.58,16.03,11.45,27.48,40.0,15.0
744854,2024-06-03,2024,516782,R,606930,R,single,False,False,164.0,0.261,37.0,22.56,8.0,4.88,0.687,0.125,27.52,13.78,18.32,32.1,30.96,21.76,245.0,0.238,51.0,20.82,11.0,4.49,0.611,0.079,28.63,15.5,14.75,30.25,37.87,18.35,41.0,0.231,9.0,21.95,1.0,2.44,0.603,0.12799999999999997,30.23,16.88,9.74,26.62,34.18,18.0,42.0,0.325,6.0,14.29,1.0,2.38,0.857,0.175,26.58,16.03,11.45,27.48,40.0,15.0
744854,2024-06-03,2024,668901,R,606930,R,field_out,False,False,32.0,0.207,8.0,25.0,3.0,9.38,0.6950000000000001,0.207,38.18,18.75,17.86,36.61,35.09,28.57,145.0,0.209,41.0,28.28,8.0,5.52,0.643,0.172,34.08,18.24,17.03,35.27,36.73,29.93,41.0,0.231,9.0,21.95,1.0,2.44,0.603,0.12799999999999997,30.23,16.88,9.74,26.62,34.18,18.0,42.0,0.325,6.0,14.29,1.0,2.38,0.857,0.175,26.58,16.03,11.45,27.48,40.0,15.0
744854,2024-06-03,2024,608336,L,605288,R,field_out,False,False,98.0,0.177,41.0,41.84,16.0,16.33,0.6970000000000001,0.19,44.94,19.0,16.15,35.15,21.92,30.83,273.0,0.177,118.0,43.22,40.0,14.65,0.748,0.271,44.52,21.12,11.99,33.11,25.82,30.1,102.0,0.253,12.0,11.76,13.0,12.75,0.7929999999999999,0.184,18.89,8.97,12.93,21.9,23.88,11.54,220.0,0.268,46.0,20.91,23.0,10.45,0.7929999999999999,0.18,19.51,8.22,17.92,26.14,20.53,18.62
744854,2024-06-03,2024,686452,L,605288,R,field_out,False,False,5.0,0.2,1.0,20.0,0.0,0.0,0.4,0.0,22.22,10.53,21.05,31.58,44.44,14.29,22.0,0.368,3.0,13.64,3.0,13.64,1.087,0.264,19.57,9.47,13.68,23.16,20.83,8.82,102.0,0.253,12.0,11.76,13.0,12.75,0.7929999999999999,0.184,18.89,8.97,12.93,21.9,23.88,11.54,220.0,0.268,46.0,20.91,23.0,10.45,0.7929999999999999,0.18,19.51,8.22,17.92,26.14,20.53,18.62
744854,2024-06-03,2024,657041,R,605288,R,single,False,False,87.0,0.165,23.0,26.44,6.0,6.9,0.496,0.11300000000000002,23.97,10.26,20.53,30.79,22.49,23.0,490.0,0.242,143.0,29.18,23.0,4.69,0.719,0.185,26.09,11.34,20.58,31.92,28.6,24.48,100.0,0.274,13.0,13.0,13.0,13.0,0.749,0.09499999999999997,15.38,6.34,21.33,27.67,16.88,15.66,261.0,0.277,50.0,19.16,11.0,4.21,0.681,0.0959999999999999,18.24,8.65,19.33,27.98,31.95,16.78
744854,2024-06-03,2024,592696,L,605288,R,single,False,False,148.0,0.173,39.0,26.35,9.0,6.08,0.604,0.20800000000000002,29.67,15.27,15.27,30.53,36.22,21.31,449.0,0.258,104.0,23.16,29.0,6.46,0.762,0.199,29.98,17.01,12.43,29.45,43.87,20.59,102.0,0.253,12.0,11.76,13.0,12.75,0.7929999999999999,0.184,18.89,8.97,12.93,21.9,23.88,11.54,220.0,0.268,46.0,20.91,23.0,10.45,0.7929999999999999,0.18,19.51,8.22,17.92,26.14,20.53,18.62
744854,2024-06-03,2024,671277,L,605288,R,field_out,False,False,151.0,0.292,25.0,16.56,7.0,4.64,0.783,0.16600000000000004,22.55,11.57,15.11,26.68,35.48,17.36,355.0,0.268,44.0,12.39,23.0,6.48,0.6950000000000001,0.1129999999999999,17.54,8.86,13.52,22.38,31.84,12.54,102.0,0.253,12.0,11.76,13.0,12.75,0.7929999999999999,0.184,18.89,8.97,12.93,21.9,23.88,11.54,220.0,0.268,46.0,20.91,23.0,10.45,0.7929999999999999,0.18,19.51,8.22,17.92,26.14,20.53,18.62
744854,2024-06-03,2024,664056,R,607179,R,field_out,False,False,116.0,0.287,28.0,24.14,5.0,4.31,0.716,0.09300000000000003,27.92,13.25,21.45,34.7,37.13,24.78,248.0,0.207,45.0,18.15,9.0,3.63,0.504,0.056,25.06,12.41,16.74,29.16,37.02,20.45,48.0,0.15,10.0,20.83,7.0,14.58,0.46699999999999997,0.024999999999999994,22.45,11.0,16.0,27.0,28.28,14.71,137.0,0.174,41.0,29.93,10.0,7.3,0.631,0.214,29.39,13.51,15.61,29.12,25.94,23.03
744854,2024-06-03,2024,578428,R,607179,R,field_out,False,False,,,,,,,,,,,,,,,,,,,,,,,,,,,,,48.0,0.15,10.0,20.83,7.0,14.58,0.46699999999999997,0.024999999999999994,22.45,11.0,16.0,27.0,28.28,14.71,137.0,0.174,41.0,29.93,10.0,7.3,0.631,0.214,29.39,13.51,15.61,29.12,25.94,23.03
744854,2024-06-03,2024,620443,R,607179,R,strikeout,True,False,3.0,0.0,0.0,0.0,1.0,33.33,0.333,0.0,25.0,7.14,21.43,28.57,0.0,0.0,9.0,0.125,3.0,33.33,0.0,0.0,0.472,0.125,20.0,6.98,20.93,27.91,29.63,25.0,48.0,0.15,10.0,20.83,7.0,14.58,0.46699999999999997,0.024999999999999994,22.45,11.0,16.0,27.0,28.28,14.71,137.0,0.174,41.0,29.93,10.0,7.3,0.631,0.214,29.39,13.51,15.61,29.12,25.94,23.03
744854,2024-06-03,2024,660688,L,605288,R,field_out,False,False,108.0,0.216,15.0,13.89,3.0,2.78,0.5640000000000001,0.098,14.13,7.07,18.21,25.27,32.96,16.3,403.0,0.249,48.0,11.91,25.0,6.2,0.712,0.1629999999999999,14.96,7.67,15.92,23.59,36.49,14.77,102.0,0.253,12.0,11.76,13.0,12.75,0.7929999999999999,0.184,18.89,8.97,12.93,21.9,23.88,11.54,220.0,0.268,46.0,20.91,23.0,10.45,0.7929999999999999,0.18,19.51,8.22,17.92,26.14,20.53,18.62
744854,2024-06-03,2024,669222,R,605288,R,field_out,False,False,101.0,0.224,28.0,27.72,14.0,13.86,0.716,0.152,29.7,13.07,17.07,30.13,21.11,29.17,205.0,0.164,51.0,24.88,18.0,8.78,0.497,0.093,25.27,12.43,15.64,28.07,26.72,23.15,100.0,0.274,13.0,13.0,13.0,13.0,0.749,0.09499999999999997,15.38,6.34,21.33,27.67,16.88,15.66,261.0,0.277,50.0,19.16,11.0,4.21,0.681,0.0959999999999999,18.24,8.65,19.33,27.98,31.95,16.78
744854,2024-06-03,2024,608385,L,605288,R,field_out,False,False,152.0,0.25,33.0,21.71,18.0,11.84,0.776,0.16399999999999998,23.84,10.29,16.9,27.19,19.93,15.21,184.0,0.2,46.0,25.0,24.0,13.04,0.5660000000000001,0.0449999999999999,25.91,11.04,17.01,28.05,20.4,17.9,102.0,0.253,12.0,11.76,13.0,12.75,0.7929999999999999,0.184,18.89,8.97,12.93,21.9,23.88,11.54,220.0,0.268,46.0,20.91,23.0,10.45,0.7929999999999999,0.18,19.51,8.22,17.92,26.14,20.53,18.62
744854,2024-06-03,2024,596019,L,607179,R,field_out,False,False,210.0,0.222,41.0,19.52,15.0,7.14,0.6679999999999999,0.159,24.24,11.93,14.91,26.83,25.33,17.6,483.0,0.242,102.0,21.12,51.0,10.56,0.757,0.182,23.68,11.49,14.35,25.84,28.12,17.29,43.0,0.342,6.0,13.95,5.0,11.63,0.919,0.15799999999999997,20.29,9.86,13.38,23.24,20.9,25.0,95.0,0.227,19.0,20.0,18.0,18.95,0.783,0.173,22.6,8.89,15.9,24.8,19.27,24.68
744854,2024-06-03,2024,624413,R,607179,R,strikeout,True,False,195.0,0.246,36.0,18.46,16.0,8.21,0.771,0.21100000000000002,22.05,10.01,19.48,29.49,30.14,17.77,475.0,0.214,109.0,22.95,44.0,9.26,0.8069999999999999,0.281,26.53,11.43,18.24,29.67,27.59,22.11,48.0,0.15,10.0,20.83,7.0,14.58,0.46699999999999997,0.024999999999999994,22.45,11.0,16.0,27.0,28.28,14.71,137.0,0.174,41.0,29.93,10.0,7.3,0.631,0.214,29.39,13.51,15.61,29.12,25.94,23.03
744854,2024-06-03,2024,607043,L,607179,R,single,False,False,187.0,0.207,49.0,26.2,32.0,17.11,0.724,0.16,24.86,10.2,16.76,26.96,20.18,17.63,448.0,0.266,98.0,21.88,60.0,13.39,0.874,0.235,20.87,8.67,19.47,28.14,19.23,16.42,43.0,0.342,6.0,13.95,5.0,11.63,0.919,0.15799999999999997,20.29,9.86,13.38,23.24,20.9,25.0,95.0,0.227,19.0,20.0,18.0,18.95,0.783,0.173,22.6,8.89,15.9,24.8,19.27,24.68
744854,2024-06-03,2024,502110,R,607179,R,strikeout,True,False,97.0,0.253,33.0,34.02,5.0,5.15,0.732,0.187,32.26,17.77,12.69,30.46,35.82,22.6,343.0,0.27,106.0,30.9,21.0,6.12,0.8799999999999999,0.2979999999999999,35.71,19.2,12.73,31.93,33.23,24.42,48.0,0.15,10.0,20.83,7.0,14.58,0.46699999999999997,0.024999999999999994,22.45,11.0,16.0,27.0,28.28,14.71,137.0,0.174,41.0,29.93,10.0,7.3,0.631,0.214,29.39,13.51,15.61,29.12,25.94,23.03
744854,2024-06-03,2024,545121,L,605288,R,field_out,False,False,74.0,0.25,5.0,6.76,9.0,12.16,0.665,0.067,9.9,3.86,22.01,25.87,21.97,8.47,179.0,0.226,11.0,6.15,15.0,8.38,0.58,0.0629999999999999,13.38,5.9,20.34,26.24,25.61,7.28,102.0,0.253,12.0,11.76,13.0,12.75,0.7929999999999999,0.184,18.89,8.97,12.93,21.9,23.88,11.54,220.0,0.268,46.0,20.91,23.0,10.45,0.7929999999999999,0.18,19.51,8.22,17.92,26.14,20.53,18.62
744854,2024-06-03,2024,608336,L,605288,R,walk,False,True,98.0,0.177,41.0,41.84,16.0,16.33,0.6970000000000001,0.19,44.94,19.0,16.15,35.15,21.92,30.83,273.0,0.177,118.0,43.22,40.0,14.65,0.748,0.271,44.52,21.12,11.99,33.11,25.82,30.1,102.0,0.253,12.0,11.76,13.0,12.75,0.7929999999999999,0.184,18.89,8.97,12.93,21.9,23.88,11.54,220.0,0.268,46.0,20.91,23.0,10.45,0.7929999999999999,0.18,19.51,8.22,17.92,26.14,20.53,18.62
744854,2024-06-03,2024,686452,L,605288,R,walk,False,True,5.0,0.2,1.0,20.0,0.0,0.0,0.4,0.0,22.22,10.53,21.05,31.58,44.44,14.29,22.0,0.368,3.0,13.64,3.0,13.64,1.087,0.264,19.57,9.47,13.68,23.16,20.83,8.82,102.0,0.253,12.0,11.76,13.0,12.75,0.7929999999999999,0.184,18.89,8.97,12.93,21.9,23.88,11.54,220.0,0.268,46.0,20.91,23.0,10.45,0.7929999999999999,0.18,19.51,8.22,17.92,26.14,20.53,18.62
744854,2024-06-03,2024,657041,R,622098,R,field_out,False,False,87.0,0.165,23.0,26.44,6.0,6.9,0.496,0.11300000000000002,23.97,10.26,20.53,30.79,22.49,23.0,490.0,0.242,143.0,29.18,23.0,4.69,0.719,0.185,26.09,11.34,20.58,31.92,28.6,24.48,29.0,0.25,7.0,24.14,4.0,13.79,0.6779999999999999,0.08300000000000002,25.35,13.43,11.19,24.63,21.31,14.89,142.0,0.236,33.0,23.24,15.0,10.56,0.777,0.203,25.69,11.73,15.53,27.26,25.36,15.87
744854,2024-06-03,2024,592696,L,622098,R,strikeout,True,False,148.0,0.173,39.0,26.35,9.0,6.08,0.604,0.20800000000000002,29.67,15.27,15.27,30.53,36.22,21.31,449.0,0.258,104.0,23.16,29.0,6.46,0.762,0.199,29.98,17.01,12.43,29.45,43.87,20.59,18.0,0.267,4.0,22.22,3.0,16.67,0.789,0.133,36.36,17.91,11.94,29.85,27.78,15.38,102.0,0.247,27.0,26.47,14.0,13.73,0.8,0.2,26.51,12.61,13.5,26.11,27.27,18.62
744854,2024-06-03,2024,516782,R,663432,R,field_out,False,False,164.0,0.261,37.0,22.56,8.0,4.88,0.687,0.125,27.52,13.78,18.32,32.1,30.96,21.76,245.0,0.238,51.0,20.82,11.0,4.49,0.611,0.079,28.63,15.5,14.75,30.25,37.87,18.35,44.0,0.342,6.0,13.64,4.0,9.09,1.064,0.29,27.54,12.42,13.07,25.49,31.76,18.18,3.0,0.0,1.0,33.33,1.0,33.33,0.333,0.0,40.0,14.29,21.43,35.71,25.0,25.0
744854,2024-06-03,2024,668901,R,663432,R,single,False,False,32.0,0.207,8.0,25.0,3.0,9.38,0.6950000000000001,0.207,38.18,18.75,17.86,36.61,35.09,28.57,145.0,0.209,41.0,28.28,8.0,5.52,0.643,0.172,34.08,18.24,17.03,35.27,36.73,29.93,44.0,0.342,6.0,13.64,4.0,9.09,1.064,0.29,27.54,12.42,13.07,25.49,31.76,18.18,3.0,0.0,1.0,33.33,1.0,33.33,0.333,0.0,40.0,14.29,21.43,35.71,25.0,25.0
744854,2024-06-03,2024,664056,R,663432,R,field_out,False,False,116.0,0.287,28.0,24.14,5.0,4.31,0.716,0.09300000000000003,27.92,13.25,21.45,34.7,37.13,24.78,248.0,0.207,45.0,18.15,9.0,3.63,0.504,0.056,25.06,12.41,16.74,29.16,37.02,20.45,44.0,0.342,6.0,13.64,4.0,9.09,1.064,0.29,27.54,12.42,13.07,25.49,31.76,18.18,3.0,0.0,1.0,33.33,1.0,33.33,0.333,0.0,40.0,14.29,21.43,35.71,25.0,25.0
744854,2024-06-03,2024,578428,R,663432,R,force_out,False,False,,,,,,,,,,,,,,,,,,,,,,,,,,,,,44.0,0.342,6.0,13.64,4.0,9.09,1.064,0.29,27.54,12.42,13.07,25.49,31.76,18.18,3.0,0.0,1.0,33.33,1.0,33.33,0.333,0.0,40.0,14.29,21.43,35.71,25.0,25.0
744854,2024-06-03,2024,671277,L,493603,R,walk,False,True,151.0,0.292,25.0,16.56,7.0,4.64,0.783,0.16600000000000004,22.55,11.57,15.11,26.68,35.48,17.36,355.0,0.268,44.0,12.39,23.0,6.48,0.6950000000000001,0.1129999999999999,17.54,8.86,13.52,22.38,31.84,12.54,41.0,0.222,12.0,29.27,4.0,9.76,0.817,0.278,31.65,15.43,20.37,35.8,36.9,22.64,100.0,0.217,25.0,25.0,15.0,15.0,0.789,0.229,29.28,12.96,16.63,29.58,29.03,21.74
744854,2024-06-03,2024,660688,L,493603,R,hit_by_pitch,False,False,108.0,0.216,15.0,13.89,3.0,2.78,0.5640000000000001,0.098,14.13,7.07,18.21,25.27,32.96,16.3,403.0,0.249,48.0,11.91,25.0,6.2,0.712,0.1629999999999999,14.96,7.67,15.92,23.59,36.49,14.77,41.0,0.222,12.0,29.27,4.0,9.76,0.817,0.278,31.65,15.43,20.37,35.8,36.9,22.64,100.0,0.217,25.0,25.0,15.0,15.0,0.789,0.229,29.28,12.96,16.63,29.58,29.03,21.74
744854,2024-06-03,2024,669222,R,493603,R,field_out,False,False,101.0,0.224,28.0,27.72,14.0,13.86,0.716,0.152,29.7,13.07,17.07,30.13,21.11,29.17,205.0,0.164,51.0,24.88,18.0,8.78,0.497,0.093,25.27,12.43,15.64,28.07,26.72,23.15,56.0,0.24,20.0,35.71,4.0,7.14,0.629,0.08000000000000002,24.72,10.14,23.96,34.1,27.36,28.17,161.0,0.203,37.0,22.98,14.0,8.7,0.581,0.072,23.79,9.42,23.0,32.43,25.31,19.89
744854,2024-06-03,2024,608385,L,493603,R,single,False,False,152.0,0.25,33.0,21.71,18.0,11.84,0.776,0.16399999999999998,23.84,10.29,16.9,27.19,19.93,15.21,184.0,0.2,46.0,25.0,24.0,13.04,0.5660000000000001,0.0449999999999999,25.91,11.04,17.01,28.05,20.4,17.9,41.0,0.222,12.0,29.27,4.0,9.76,0.817,0.278,31.65,15.43,20.37,35.8,36.9,22.64,100.0,0.217,25.0,25.0,15.0,15.0,0.789,0.229,29.28,12.96,16.63,29.58,29.03,21.74
744854,2024-06-03,2024,545121,L,493603,R,single,False,False,74.0,0.25,5.0,6.76,9.0,12.16,0.665,0.067,9.9,3.86,22.01,25.87,21.97,8.47,179.0,0.226,11.0,6.15,15.0,8.38,0.58,0.0629999999999999,13.38,5.9,20.34,26.24,25.61,7.28,41.0,0.222,12.0,29.27,4.0,9.76,0.817,0.278,31.65,15.43,20.37,35.8,36.9,22.64,100.0,0.217,25.0,25.0,15.0,15.0,0.789,0.229,29.28,12.96,16.63,29.58,29.03,21.74
744854,2024-06-03,2024,608841,R,518617,L,sac_fly,False,False,64.0,0.186,14.0,21.88,4.0,6.25,0.47,0.034,21.37,10.92,16.59,27.51,37.04,20.59,188.0,0.291,33.0,17.55,10.0,5.32,0.771,0.143,23.12,11.37,16.16,27.53,33.86,14.29,43.0,0.176,16.0,37.21,8.0,18.6,0.878,0.35300000000000004,42.31,17.74,17.74,35.48,22.34,25.4,142.0,0.151,39.0,27.46,22.0,15.49,0.524,0.0839999999999999,31.09,13.93,16.61,30.54,24.91,20.31
744854,2024-06-03,2024,686452,R,518617,L,strikeout,True,False,1.0,0.0,0.0,0.0,0.0,0.0,0.0,0.0,0.0,0.0,33.33,33.33,50.0,,11.0,0.111,2.0,18.18,1.0,9.09,0.311,0.0,26.32,12.82,17.95,30.77,29.41,20.0,43.0,0.176,16.0,37.21,8.0,18.6,0.878,0.35300000000000004,42.31,17.74,17.74,35.48,22.34,25.4,142.0,0.151,39.0,27.46,22.0,15.49,0.524,0.0839999999999999,31.09,13.93,16.61,30.54,24.91,20.31
744930,2024-06-03,2024,683002,L,592332,R,field_out,False,False,173.0,0.257,36.0,20.81,17.0,9.83,0.933,0.33499999999999996,24.0,11.13,14.84,25.97,23.48,23.23,455.0,0.272,117.0,25.71,38.0,8.35,0.885,0.277,25.57,12.07,15.7,27.78,26.4,22.35,102.0,0.323,22.0,21.57,8.0,7.84,0.903,0.20400000000000001,27.6,12.3,18.79,31.09,27.55,16.18,350.0,0.25,103.0,29.43,28.0,8.0,0.731,0.172,27.92,13.34,17.63,30.97,31.79,21.06
744930,2024-06-03,2024,668939,L,592332,R,field_out,False,False,162.0,0.242,31.0,19.14,10.0,6.17,0.6519999999999999,0.12,22.85,10.85,19.34,30.19,34.07,17.22,496.0,0.267,80.0,16.13,61.0,12.3,0.778,0.1519999999999999,16.76,6.91,19.7,26.61,24.41,12.54,102.0,0.323,22.0,21.57,8.0,7.84,0.903,0.20400000000000001,27.6,12.3,18.79,31.09,27.55,16.18,350.0,0.25,103.0,29.43,28.0,8.0,0.731,0.172,27.92,13.34,17.63,30.97,31.79,21.06
744930,2024-06-03,2024,663624,R,592332,R,field_out,False,False,154.0,0.283,35.0,22.73,7.0,4.55,0.788,0.193,22.87,12.48,12.65,25.12,37.15,18.72,310.0,0.235,78.0,25.16,22.0,7.1,0.6399999999999999,0.1139999999999999,29.78,16.05,13.56,29.61,37.06,21.61,132.0,0.244,34.0,25.76,6.0,4.55,0.6559999999999999,0.13,24.91,13.03,14.86,27.89,33.85,17.89,416.0,0.218,134.0,32.21,27.0,6.49,0.6180000000000001,0.124,29.84,15.11,15.79,30.9,33.37,26.53
744930,2024-06-03,2024,676914,R,680570,R,field_out,False,False,138.0,0.259,35.0,25.36,17.0,12.32,0.8360000000000001,0.20700000000000002,27.62,10.65,19.03,29.68,19.03,17.33,87.0,0.247,27.0,31.03,11.0,12.64,0.8340000000000001,0.219,37.06,13.98,21.9,35.88,15.66,21.77,114.0,0.255,33.0,28.95,9.0,7.89,0.755,0.16699999999999998,30.96,14.99,16.71,31.7,29.23,26.23,294.0,0.246,79.0,26.87,18.0,6.12,0.667,0.125,25.64,12.88,16.81,29.69,28.75,19.85
744930,2024-06-03,2024,643376,R,680570,R,field_out,False,False,91.0,0.28,12.0,13.19,9.0,9.89,0.913,0.281,17.81,6.97,20.64,27.61,19.55,10.28,215.0,0.237,46.0,21.4,16.0,7.44,0.784,0.221,25.13,11.59,15.17,26.76,23.75,20.09,114.0,0.255,33.0,28.95,9.0,7.89,0.755,0.16699999999999998,30.96,14.99,16.71,31.7,29.23,26.23,294.0,0.246,79.0,26.87,18.0,6.12,0.667,0.125,25.64,12.88,16.81,29.69,28.75,19.85
744930,2024-06-03,2024,665489,R,680570,R,field_out,False,False,207.0,0.304,37.0,17.87,25.0,12.08,0.8109999999999999,0.11599999999999999,24.18,11.18,15.25,26.43,23.79,13.81,558.0,0.26,85.0,15.23,48.0,8.6,0.792,0.2,23.83,12.29,11.94,24.23,30.21,15.37,114.0,0.255,33.0,28.95,9.0,7.89,0.755,0.16699999999999998,30.96,14.99,16.71,31.7,29.23,26.23,294.0,0.246,79.0,26.87,18.0,6.12,0.667,0.125,25.64,12.88,16.81,29.69,28.75,19.85
744930,2024-06-03,2024,656811,L,592332,R,walk,False,True,154.0,0.286,17.0,11.04,14.0,9.09,0.83,0.193,17.89,7.9,17.06,24.96,24.1,14.05,340.0,0.297,74.0,21.76,13.0,3.82,0.802,0.178,22.26,11.29,14.37,25.66,31.15,17.72,102.0,0.323,22.0,21.57,8.0,7.84,0.903,0.20400000000000001,27.6,12.3,18.79,31.09,27.55,16.18,350.0,0.25,103.0,29.43,28.0,8.0,0.731,0.172,27.92,13.34,17.63,30.97,31.79,21.06
744930,2024-06-03,2024,623993,L,592332,R,home_run,False,False,163.0,0.193,26.0,15.95,10.0,6.13,0.658,0.20700000000000002,16.39,9.24,11.71,20.96,40.91,12.44,486.0,0.26,107.0,22.02,31.0,6.38,0.798,0.2229999999999999,22.13,11.37,14.84,26.21,37.22,15.21,102.0,0.323,22.0,21.57,8.0,7.84,0.903,0.20400000000000001,27.6,12.3,18.79,31.09,27.55,16.18,350.0,0.25,103.0,29.43,28.0,8.0,0.731,0.172,27.92,13.34,17.63,30.97,31.79,21.06
744930,2024-06-03,2024,676059,R,592332,R,single,False,False,162.0,0.313,26.0,16.05,11.0,6.79,0.907,0.22400000000000003,26.38,13.3,15.27,28.57,31.13,13.44,146.0,0.246,33.0,22.6,8.0,5.48,0.6779999999999999,0.142,22.97,11.73,16.25,27.98,29.59,19.76,132.0,0.244,34.0,25.76,6.0,4.55,0.6559999999999999,0.13,24.91,13.03,14.86,27.89,33.85,17.89,416.0,0.218,134.0,32.21,27.0,6.49,0.6180000000000001,0.124,29.84,15.11,15.79,30.9,33.37,26.53
744930,2024-06-03,2024,681297,L,592332,R,field_out,False,False,143.0,0.24,37.0,25.87,17.0,11.89,0.7909999999999999,0.20600000000000002,29.57,12.82,16.69,29.51,22.15,23.12,68.0,0.111,20.0,29.41,12.0,17.65,0.427,0.0369999999999999,26.67,10.98,17.07,28.05,21.51,17.7,102.0,0.323,22.0,21.57,8.0,7.84,0.903,0.20400000000000001,27.6,12.3,18.79,31.09,27.55,16.18,350.0,0.25,103.0,29.43,28.0,8.0,0.731,0.172,27.92,13.34,17.63,30.97,31.79,21.06
744930,2024-06-03,2024,669720,R,592332,R,strikeout,True,False,55.0,0.102,8.0,14.55,4.0,7.27,0.304,0.020000000000000004,23.53,12.05,14.46,26.51,26.58,25.0,399.0,0.28,104.0,26.07,22.0,5.51,0.762,0.1589999999999999,29.22,13.77,18.52,32.29,31.55,22.92,132.0,0.244,34.0,25.76,6.0,4.55,0.6559999999999999,0.13,24.91,13.03,14.86,27.89,33.85,17.89,416.0,0.218,134.0,32.21,27.0,6.49,0.6180000000000001,0.124,29.84,15.11,15.79,30.9,33.37,26.53
744930,2024-06-03,2024,681393,R,592332,R,strikeout,True,False,,,,,,,,,,,,,,,,,,,,,,,,,,,,,132.0,0.244,34.0,25.76,6.0,4.55,0.6559999999999999,0.13,24.91,13.03,14.86,27.89,33.85,17.89,416.0,0.218,134.0,32.21,27.0,6.49,0.6180000000000001,0.124,29.84,15.11,15.79,30.9,33.37,26.53
744930,2024-06-03,2024,596129,L,680570,R,strikeout,True,False,62.0,0.236,14.0,22.58,7.0,11.29,0.7050000000000001,0.14600000000000002,16.47,4.79,30.14,34.93,18.18,15.38,303.0,0.246,73.0,24.09,41.0,13.53,0.78,0.181,21.0,7.56,23.65,31.21,20.86,18.3,106.0,0.226,28.0,26.42,12.0,11.32,0.669,0.12899999999999998,30.93,14.85,15.1,29.95,28.5,23.14,221.0,0.277,50.0,22.62,24.0,10.86,0.837,0.2049999999999999,27.18,13.73,13.84,27.58,30.67,15.92
744930,2024-06-03,2024,666182,R,680570,R,field_out,False,False,191.0,0.266,31.0,16.23,10.0,5.24,0.7090000000000001,0.129,22.34,12.81,10.78,23.59,37.74,16.76,496.0,0.303,102.0,20.56,20.0,4.03,0.797,0.161,21.9,12.38,11.73,24.11,38.01,17.91,114.0,0.255,33.0,28.95,9.0,7.89,0.755,0.16699999999999998,30.96,14.99,16.71,31.7,29.23,26.23,294.0,0.246,79.0,26.87,18.0,6.12,0.667,0.125,25.64,12.88,16.81,29.69,28.75,19.85
744930,2024-06-03,2024,543807,R,680570,R,field_error,False,False,171.0,0.219,24.0,14.04,18.0,10.53,0.622,0.099,22.98,11.54,13.66,25.2,23.89,13.64,539.0,0.262,101.0,18.74,43.0,7.98,0.738,0.1489999999999999,23.18,11.37,14.48,25.84,23.35,18.21,114.0,0.255,33.0,28.95,9.0,7.89,0.755,0.16699999999999998,30.96,14.99,16.71,31.7,29.23,26.23,294.0,0.246,79.0,26.87,18.0,6.12,0.667,0.125,25.64,12.88,16.81,29.69,28.75,19.85
744930,2024-06-03,2024,662139,L,680570,R,triple,False,False,163.0,0.2,48.0,29.45,18.0,11.04,0.7569999999999999,0.26899999999999996,25.95,11.94,15.87,27.8,24.2,23.88,466.0,0.202,111.0,23.82,36.0,7.73,0.662,0.19,25.51,12.84,15.05,27.89,29.23,18.26,106.0,0.226,28.0,26.42,12.0,11.32,0.669,0.12899999999999998,30.93,14.85,15.1,29.95,28.5,23.14,221.0,0.277,50.0,22.62,24.0,10.86,0.837,0.2049999999999999,27.18,13.73,13.84,27.58,30.67,15.92
744930,2024-06-03,2024,643396,R,680570,R,field_out,False,False,128.0,0.265,18.0,14.06,8.0,6.25,0.712,0.137,13.27,6.02,21.72,27.74,32.02,14.17,273.0,0.246,54.0,19.78,17.0,6.23,0.6479999999999999,0.1069999999999999,19.6,9.05,20.2,29.25,28.6,15.56,114.0,0.255,33.0,28.95,9.0,7.89,0.755,0.16699999999999998,30.96,14.99,16.71,31.7,29.23,26.23,294.0,0.246,79.0,26.87,18.0,6.12,0.667,0.125,25.64,12.88,16.81,29.69,28.75,19.85
744930,2024-06-03,2024,683002,L,592332,R,field_out,False,False,173.0,0.257,36.0,20.81,17.0,9.83,0.933,0.33499999999999996,24.0,11.13,14.84,25.97,23.48,23.23,455.0,0.272,117.0,25.71,38.0,8.35,0.885,0.277,25.57,12.07,15.7,27.78,26.4,22.35,102.0,0.323,22.0,21.57,8.0,7.84,0.903,0.20400000000000001,27.6,12.3,18.79,31.09,27.55,16.18,350.0,0.25,103.0,29.43,28.0,8.0,0.731,0.172,27.92,13.34,17.63,30.97,31.79,21.06
744930,2024-06-03,2024,668939,L,592332,R,field_out,False,False,162.0,0.242,31.0,19.14,10.0,6.17,0.6519999999999999,0.12,22.85,10.85,19.34,30.19,34.07,17.22,496.0,0.267,80.0,16.13,61.0,12.3,0.778,0.1519999999999999,16.76,6.91,19.7,26.61,24.41,12.54,102.0,0.323,22.0,21.57,8.0,7.84,0.903,0.20400000000000001,27.6,12.3,18.79,31.09,27.55,16.18,350.0,0.25,103.0,29.43,28.0,8.0,0.731,0.172,27.92,13.34,17.63,30.97,31.79,21.06
744930,2024-06-03,2024,663624,R,592332,R,field_out,False,False,154.0,0.283,35.0,22.73,7.0,4.55,0.788,0.193,22.87,12.48,12.65,25.12,37.15,18.72,310.0,0.235,78.0,25.16,22.0,7.1,0.6399999999999999,0.1139999999999999,29.78,16.05,13.56,29.61,37.06,21.61,132.0,0.244,34.0,25.76,6.0,4.55,0.6559999999999999,0.13,24.91,13.03,14.86,27.89,33.85,17.89,416.0,0.218,134.0,32.21,27.0,6.49,0.6180000000000001,0.124,29.84,15.11,15.79,30.9,33.37,26.53
744930,2024-06-03,2024,595281,L,680570,R,field_out,False,False,91.0,0.217,27.0,29.67,3.0,3.3,0.587,0.12000000000000002,35.98,19.37,12.25,31.62,33.9,25.47,312.0,0.26,63.0,20.19,25.0,8.01,0.753,0.1709999999999999,29.15,14.21,14.3,28.51,25.39,21.07,106.0,0.226,28.0,26.42,12.0,11.32,0.669,0.12899999999999998,30.93,14.85,15.1,29.95,28.5,23.14,221.0,0.277,50.0,22.62,24.0,10.86,0.837,0.2049999999999999,27.18,13.73,13.84,27.58,30.67,15.92
744930,2024-06-03,2024,676914,R,680570,R,field_out,False,False,138.0,0.259,35.0,25.36,17.0,12.32,0.8360000000000001,0.20700000000000002,27.62,10.65,19.03,29.68,19.03,17.33,87.0,0.247,27.0,31.03,11.0,12.64,0.8340000000000001,0.219,37.06,13.98,21.9,35.88,15.66,21.77,114.0,0.255,33.0,28.95,9.0,7.89,0.755,0.16699999999999998,30.96,14.99,16.71,31.7,29.23,26.23,294.0,0.246,79.0,26.87,18.0,6.12,0.667,0.125,25.64,12.88,16.81,29.69,28.75,19.85
744930,2024-06-03,2024,643376,R,680570,R,strikeout,True,False,91.0,0.28,12.0,13.19,9.0,9.89,0.913,0.281,17.81,6.97,20.64,27.61,19.55,10.28,215.0,0.237,46.0,21.4,16.0,7.44,0.784,0.221,25.13,11.59,15.17,26.76,23.75,20.09,114.0,0.255,33.0,28.95,9.0,7.89,0.755,0.16699999999999998,30.96,14.99,16.71,31.7,29.23,26.23,294.0,0.246,79.0,26.87,18.0,6.12,0.667,0.125,25.64,12.88,16.81,29.69,28.75,19.85
744930,2024-06-03,2024,656811,L,592332,R,field_out,False,False,154.0,0.286,17.0,11.04,14.0,9.09,0.83,0.193,17.89,7.9,17.06,24.96,24.1,14.05,340.0,0.297,74.0,21.76,13.0,3.82,0.802,0.178,22.26,11.29,14.37,25.66,31.15,17.72,102.0,0.323,22.0,21.57,8.0,7.84,0.903,0.20400000000000001,27.6,12.3,18.79,31.09,27.55,16.18,350.0,0.25,103.0,29.43,28.0,8.0,0.731,0.172,27.92,13.34,17.63,30.97,31.79,21.06
744930,2024-06-03,2024,623993,L,592332,R,single,False,False,163.0,0.193,26.0,15.95,10.0,6.13,0.658,0.20700000000000002,16.39,9.24,11.71,20.96,40.91,12.44,486.0,0.26,107.0,22.02,31.0,6.38,0.798,0.2229999999999999,22.13,11.37,14.84,26.21,37.22,15.21,102.0,0.323,22.0,21.57,8.0,7.84,0.903,0.20400000000000001,27.6,12.3,18.79,31.09,27.55,16.18,350.0,0.25,103.0,29.43,28.0,8.0,0.731,0.172,27.92,13.34,17.63,30.97,31.79,21.06
744930,2024-06-03,2024,676059,R,592332,R,field_out,False,False,162.0,0.313,26.0,16.05,11.0,6.79,0.907,0.22400000000000003,26.38,13.3,15.27,28.57,31.13,13.44,146.0,0.246,33.0,22.6,8.0,5.48,0.6779999999999999,0.142,22.97,11.73,16.25,27.98,29.59,19.76,132.0,0.244,34.0,25.76,6.0,4.55,0.6559999999999999,0.13,24.91,13.03,14.86,27.89,33.85,17.89,416.0,0.218,134.0,32.21,27.0,6.49,0.6180000000000001,0.124,29.84,15.11,15.79,30.9,33.37,26.53
744930,2024-06-03,2024,681297,L,592332,R,double,False,False,143.0,0.24,37.0,25.87,17.0,11.89,0.7909999999999999,0.20600000000000002,29.57,12.82,16.69,29.51,22.15,23.12,68.0,0.111,20.0,29.41,12.0,17.65,0.427,0.0369999999999999,26.67,10.98,17.07,28.05,21.51,17.7,102.0,0.323,22.0,21.57,8.0,7.84,0.903,0.20400000000000001,27.6,12.3,18.79,31.09,27.55,16.18,350.0,0.25,103.0,29.43,28.0,8.0,0.731,0.172,27.92,13.34,17.63,30.97,31.79,21.06
744930,2024-06-03,2024,669720,R,592332,R,home_run,False,False,55.0,0.102,8.0,14.55,4.0,7.27,0.304,0.020000000000000004,23.53,12.05,14.46,26.51,26.58,25.0,399.0,0.28,104.0,26.07,22.0,5.51,0.762,0.1589999999999999,29.22,13.77,18.52,32.29,31.55,22.92,132.0,0.244,34.0,25.76,6.0,4.55,0.6559999999999999,0.13,24.91,13.03,14.86,27.89,33.85,17.89,416.0,0.218,134.0,32.21,27.0,6.49,0.6180000000000001,0.124,29.84,15.11,15.79,30.9,33.37,26.53
744930,2024-06-03,2024,681393,R,592332,R,strikeout,True,False,,,,,,,,,,,,,,,,,,,,,,,,,,,,,132.0,0.244,34.0,25.76,6.0,4.55,0.6559999999999999,0.13,24.91,13.03,14.86,27.89,33.85,17.89,416.0,0.218,134.0,32.21,27.0,6.49,0.6180000000000001,0.124,29.84,15.11,15.79,30.9,33.37,26.53
744930,2024-06-03,2024,665489,R,680570,R,home_run,False,False,207.0,0.304,37.0,17.87,25.0,12.08,0.8109999999999999,0.11599999999999999,24.18,11.18,15.25,26.43,23.79,13.81,558.0,0.26,85.0,15.23,48.0,8.6,0.792,0.2,23.83,12.29,11.94,24.23,30.21,15.37,114.0,0.255,33.0,28.95,9.0,7.89,0.755,0.16699999999999998,30.96,14.99,16.71,31.7,29.23,26.23,294.0,0.246,79.0,26.87,18.0,6.12,0.667,0.125,25.64,12.88,16.81,29.69,28.75,19.85
744930,2024-06-03,2024,596129,L,680570,R,field_out,False,False,62.0,0.236,14.0,22.58,7.0,11.29,0.7050000000000001,0.14600000000000002,16.47,4.79,30.14,34.93,18.18,15.38,303.0,0.246,73.0,24.09,41.0,13.53,0.78,0.181,21.0,7.56,23.65,31.21,20.86,18.3,106.0,0.226,28.0,26.42,12.0,11.32,0.669,0.12899999999999998,30.93,14.85,15.1,29.95,28.5,23.14,221.0,0.277,50.0,22.62,24.0,10.86,0.837,0.2049999999999999,27.18,13.73,13.84,27.58,30.67,15.92
744930,2024-06-03,2024,666182,R,680570,R,field_out,False,False,191.0,0.266,31.0,16.23,10.0,5.24,0.7090000000000001,0.129,22.34,12.81,10.78,23.59,37.74,16.76,496.0,0.303,102.0,20.56,20.0,4.03,0.797,0.161,21.9,12.38,11.73,24.11,38.01,17.91,114.0,0.255,33.0,28.95,9.0,7.89,0.755,0.16699999999999998,30.96,14.99,16.71,31.7,29.23,26.23,294.0,0.246,79.0,26.87,18.0,6.12,0.667,0.125,25.64,12.88,16.81,29.69,28.75,19.85
744930,2024-06-03,2024,543807,R,680570,R,single,False,False,171.0,0.219,24.0,14.04,18.0,10.53,0.622,0.099,22.98,11.54,13.66,25.2,23.89,13.64,539.0,0.262,101.0,18.74,43.0,7.98,0.738,0.1489999999999999,23.18,11.37,14.48,25.84,23.35,18.21,114.0,0.255,33.0,28.95,9.0,7.89,0.755,0.16699999999999998,30.96,14.99,16.71,31.7,29.23,26.23,294.0,0.246,79.0,26.87,18.0,6.12,0.667,0.125,25.64,12.88,16.81,29.69,28.75,19.85
744930,2024-06-03,2024,662139,L,680570,R,field_out,False,False,163.0,0.2,48.0,29.45,18.0,11.04,0.7569999999999999,0.26899999999999996,25.95,11.94,15.87,27.8,24.2,23.88,466.0,0.202,111.0,23.82,36.0,7.73,0.662,0.19,25.51,12.84,15.05,27.89,29.23,18.26,106.0,0.226,28.0,26.42,12.0,11.32,0.669,0.12899999999999998,30.93,14.85,15.1,29.95,28.5,23.14,221.0,0.277,50.0,22.62,24.0,10.86,0.837,0.2049999999999999,27.18,13.73,13.84,27.58,30.67,15.92
744930,2024-06-03,2024,683002,L,592332,R,field_out,False,False,173.0,0.257,36.0,20.81,17.0,9.83,0.933,0.33499999999999996,24.0,11.13,14.84,25.97,23.48,23.23,455.0,0.272,117.0,25.71,38.0,8.35,0.885,0.277,25.57,12.07,15.7,27.78,26.4,22.35,102.0,0.323,22.0,21.57,8.0,7.84,0.903,0.20400000000000001,27.6,12.3,18.79,31.09,27.55,16.18,350.0,0.25,103.0,29.43,28.0,8.0,0.731,0.172,27.92,13.34,17.63,30.97,31.79,21.06
744930,2024-06-03,2024,668939,L,592332,R,field_out,False,False,162.0,0.242,31.0,19.14,10.0,6.17,0.6519999999999999,0.12,22.85,10.85,19.34,30.19,34.07,17.22,496.0,0.267,80.0,16.13,61.0,12.3,0.778,0.1519999999999999,16.76,6.91,19.7,26.61,24.41,12.54,102.0,0.323,22.0,21.57,8.0,7.84,0.903,0.20400000000000001,27.6,12.3,18.79,31.09,27.55,16.18,350.0,0.25,103.0,29.43,28.0,8.0,0.731,0.172,27.92,13.34,17.63,30.97,31.79,21.06
744930,2024-06-03,2024,663624,R,592332,R,field_error,False,False,154.0,0.283,35.0,22.73,7.0,4.55,0.788,0.193,22.87,12.48,12.65,25.12,37.15,18.72,310.0,0.235,78.0,25.16,22.0,7.1,0.6399999999999999,0.1139999999999999,29.78,16.05,13.56,29.61,37.06,21.61,132.0,0.244,34.0,25.76,6.0,4.55,0.6559999999999999,0.13,24.91,13.03,14.86,27.89,33.85,17.89,416.0,0.218,134.0,32.21,27.0,6.49,0.6180000000000001,0.124,29.84,15.11,15.79,30.9,33.37,26.53
744930,2024-06-03,2024,656811,L,592332,R,field_out,False,False,154.0,0.286,17.0,11.04,14.0,9.09,0.83,0.193,17.89,7.9,17.06,24.96,24.1,14.05,340.0,0.297,74.0,21.76,13.0,3.82,0.802,0.178,22.26,11.29,14.37,25.66,31.15,17.72,102.0,0.323,22.0,21.57,8.0,7.84,0.903,0.20400000000000001,27.6,12.3,18.79,31.09,27.55,16.18,350.0,0.25,103.0,29.43,28.0,8.0,0.731,0.172,27.92,13.34,17.63,30.97,31.79,21.06
744930,2024-06-03,2024,643396,R,680570,R,field_out,False,False,128.0,0.265,18.0,14.06,8.0,6.25,0.712,0.137,13.27,6.02,21.72,27.74,32.02,14.17,273.0,0.246,54.0,19.78,17.0,6.23,0.6479999999999999,0.1069999999999999,19.6,9.05,20.2,29.25,28.6,15.56,114.0,0.255,33.0,28.95,9.0,7.89,0.755,0.16699999999999998,30.96,14.99,16.71,31.7,29.23,26.23,294.0,0.246,79.0,26.87,18.0,6.12,0.667,0.125,25.64,12.88,16.81,29.69,28.75,19.85
744930,2024-06-03,2024,595281,L,680570,R,strikeout,True,False,91.0,0.217,27.0,29.67,3.0,3.3,0.587,0.12000000000000002,35.98,19.37,12.25,31.62,33.9,25.47,312.0,0.26,63.0,20.19,25.0,8.01,0.753,0.1709999999999999,29.15,14.21,14.3,28.51,25.39,21.07,106.0,0.226,28.0,26.42,12.0,11.32,0.669,0.12899999999999998,30.93,14.85,15.1,29.95,28.5,23.14,221.0,0.277,50.0,22.62,24.0,10.86,0.837,0.2049999999999999,27.18,13.73,13.84,27.58,30.67,15.92
744930,2024-06-03,2024,676914,R,680570,R,single,False,False,138.0,0.259,35.0,25.36,17.0,12.32,0.8360000000000001,0.20700000000000002,27.62,10.65,19.03,29.68,19.03,17.33,87.0,0.247,27.0,31.03,11.0,12.64,0.8340000000000001,0.219,37.06,13.98,21.9,35.88,15.66,21.77,114.0,0.255,33.0,28.95,9.0,7.89,0.755,0.16699999999999998,30.96,14.99,16.71,31.7,29.23,26.23,294.0,0.246,79.0,26.87,18.0,6.12,0.667,0.125,25.64,12.88,16.81,29.69,28.75,19.85
744930,2024-06-03,2024,643376,R,680570,R,field_out,False,False,91.0,0.28,12.0,13.19,9.0,9.89,0.913,0.281,17.81,6.97,20.64,27.61,19.55,10.28,215.0,0.237,46.0,21.4,16.0,7.44,0.784,0.221,25.13,11.59,15.17,26.76,23.75,20.09,114.0,0.255,33.0,28.95,9.0,7.89,0.755,0.16699999999999998,30.96,14.99,16.71,31.7,29.23,26.23,294.0,0.246,79.0,26.87,18.0,6.12,0.667,0.125,25.64,12.88,16.81,29.69,28.75,19.85
744930,2024-06-03,2024,623993,L,592332,R,field_out,False,False,163.0,0.193,26.0,15.95,10.0,6.13,0.658,0.20700000000000002,16.39,9.24,11.71,20.96,40.91,12.44,486.0,0.26,107.0,22.02,31.0,6.38,0.798,0.2229999999999999,22.13,11.37,14.84,26.21,37.22,15.21,102.0,0.323,22.0,21.57,8.0,7.84,0.903,0.20400000000000001,27.6,12.3,18.79,31.09,27.55,16.18,350.0,0.25,103.0,29.43,28.0,8.0,0.731,0.172,27.92,13.34,17.63,30.97,31.79,21.06
744930,2024-06-03,2024,676059,R,592332,R,field_out,False,False,162.0,0.313,26.0,16.05,11.0,6.79,0.907,0.22400000000000003,26.38,13.3,15.27,28.57,31.13,13.44,146.0,0.246,33.0,22.6,8.0,5.48,0.6779999999999999,0.142,22.97,11.73,16.25,27.98,29.59,19.76,132.0,0.244,34.0,25.76,6.0,4.55,0.6559999999999999,0.13,24.91,13.03,14.86,27.89,33.85,17.89,416.0,0.218,134.0,32.21,27.0,6.49,0.6180000000000001,0.124,29.84,15.11,15.79,30.9,33.37,26.53
744930,2024-06-03,2024,681297,L,592332,R,field_out,False,False,143.0,0.24,37.0,25.87,17.0,11.89,0.7909999999999999,0.20600000000000002,29.57,12.82,16.69,29.51,22.15,23.12,68.0,0.111,20.0,29.41,12.0,17.65,0.427,0.0369999999999999,26.67,10.98,17.07,28.05,21.51,17.7,102.0,0.323,22.0,21.57,8.0,7.84,0.903,0.20400000000000001,27.6,12.3,18.79,31.09,27.55,16.18,350.0,0.25,103.0,29.43,28.0,8.0,0.731,0.172,27.92,13.34,17.63,30.97,31.79,21.06
744930,2024-06-03,2024,665489,R,680570,R,single,False,False,207.0,0.304,37.0,17.87,25.0,12.08,0.8109999999999999,0.11599999999999999,24.18,11.18,15.25,26.43,23.79,13.81,558.0,0.26,85.0,15.23,48.0,8.6,0.792,0.2,23.83,12.29,11.94,24.23,30.21,15.37,114.0,0.255,33.0,28.95,9.0,7.89,0.755,0.16699999999999998,30.96,14.99,16.71,31.7,29.23,26.23,294.0,0.246,79.0,26.87,18.0,6.12,0.667,0.125,25.64,12.88,16.81,29.69,28.75,19.85
744930,2024-06-03,2024,596129,L,680570,R,grounded_into_double_play,False,False,62.0,0.236,14.0,22.58,7.0,11.29,0.7050000000000001,0.14600000000000002,16.47,4.79,30.14,34.93,18.18,15.38,303.0,0.246,73.0,24.09,41.0,13.53,0.78,0.181,21.0,7.56,23.65,31.21,20.86,18.3,106.0,0.226,28.0,26.42,12.0,11.32,0.669,0.12899999999999998,30.93,14.85,15.1,29.95,28.5,23.14,221.0,0.277,50.0,22.62,24.0,10.86,0.837,0.2049999999999999,27.18,13.73,13.84,27.58,30.67,15.92
744930,2024-06-03,2024,666182,R,680570,R,field_out,False,False,191.0,0.266,31.0,16.23,10.0,5.24,0.7090000000000001,0.129,22.34,12.81,10.78,23.59,37.74,16.76,496.0,0.303,102.0,20.56,20.0,4.03,0.797,0.161,21.9,12.38,11.73,24.11,38.01,17.91,114.0,0.255,33.0,28.95,9.0,7.89,0.755,0.16699999999999998,30.96,14.99,16.71,31.7,29.23,26.23,294.0,0.246,79.0,26.87,18.0,6.12,0.667,0.125,25.64,12.88,16.81,29.69,28.75,19.85
744930,2024-06-03,2024,669720,R,592332,R,home_run,False,False,55.0,0.102,8.0,14.55,4.0,7.27,0.304,0.020000000000000004,23.53,12.05,14.46,26.51,26.58,25.0,399.0,0.28,104.0,26.07,22.0,5.51,0.762,0.1589999999999999,29.22,13.77,18.52,32.29,31.55,22.92,132.0,0.244,34.0,25.76,6.0,4.55,0.6559999999999999,0.13,24.91,13.03,14.86,27.89,33.85,17.89,416.0,0.218,134.0,32.21,27.0,6.49,0.6180000000000001,0.124,29.84,15.11,15.79,30.9,33.37,26.53
744930,2024-06-03,2024,681393,R,592332,R,field_out,False,False,,,,,,,,,,,,,,,,,,,,,,,,,,,,,132.0,0.244,34.0,25.76,6.0,4.55,0.6559999999999999,0.13,24.91,13.03,14.86,27.89,33.85,17.89,416.0,0.218,134.0,32.21,27.0,6.49,0.6180000000000001,0.124,29.84,15.11,15.79,30.9,33.37,26.53
744930,2024-06-03,2024,683002,L,663893,L,field_out,False,False,85.0,0.294,24.0,28.24,14.0,16.47,1.012,0.294,30.71,12.22,19.03,31.25,19.1,22.86,167.0,0.209,42.0,25.15,18.0,10.78,0.617,0.115,28.77,12.92,19.54,32.46,27.19,20.79,8.0,0.286,1.0,12.5,1.0,12.5,0.661,0.0,16.67,6.25,21.88,28.12,13.33,14.29,,,,,,,,,,,,,,
744930,2024-06-03,2024,668939,R,663893,L,single,False,False,78.0,0.427,11.0,14.1,3.0,3.85,1.142,0.26599999999999996,16.9,7.69,20.83,28.53,26.85,12.22,191.0,0.304,21.0,10.99,31.0,16.23,0.895,0.177,12.46,4.9,20.56,25.46,20.79,8.71,13.0,0.385,3.0,23.08,0.0,0.0,1.154,0.384,33.33,16.67,19.44,36.11,37.5,60.0,,,,,,,,,,,,,,
744930,2024-06-03,2024,663624,R,663893,L,force_out,False,False,64.0,0.31,12.0,18.75,6.0,9.38,0.927,0.24200000000000005,20.59,10.81,13.13,23.94,37.96,16.22,161.0,0.338,29.0,18.01,15.0,9.32,1.053,0.317,25.46,14.21,11.82,26.03,41.95,16.86,13.0,0.385,3.0,23.08,0.0,0.0,1.154,0.384,33.33,16.67,19.44,36.11,37.5,60.0,,,,,,,,,,,,,,
744930,2024-06-03,2024,543807,R,680570,R,single,False,False,171.0,0.219,24.0,14.04,18.0,10.53,0.622,0.099,22.98,11.54,13.66,25.2,23.89,13.64,539.0,0.262,101.0,18.74,43.0,7.98,0.738,0.1489999999999999,23.18,11.37,14.48,25.84,23.35,18.21,114.0,0.255,33.0,28.95,9.0,7.89,0.755,0.16699999999999998,30.96,14.99,16.71,31.7,29.23,26.23,294.0,0.246,79.0,26.87,18.0,6.12,0.667,0.125,25.64,12.88,16.81,29.69,28.75,19.85
744930,2024-06-03,2024,662139,L,680570,R,field_out,False,False,163.0,0.2,48.0,29.45,18.0,11.04,0.7569999999999999,0.26899999999999996,25.95,11.94,15.87,27.8,24.2,23.88,466.0,0.202,111.0,23.82,36.0,7.73,0.662,0.19,25.51,12.84,15.05,27.89,29.23,18.26,106.0,0.226,28.0,26.42,12.0,11.32,0.669,0.12899999999999998,30.93,14.85,15.1,29.95,28.5,23.14,221.0,0.277,50.0,22.62,24.0,10.86,0.837,0.2049999999999999,27.18,13.73,13.84,27.58,30.67,15.92
744930,2024-06-03,2024,643396,R,680570,R,single,False,False,128.0,0.265,18.0,14.06,8.0,6.25,0.712,0.137,13.27,6.02,21.72,27.74,32.02,14.17,273.0,0.246,54.0,19.78,17.0,6.23,0.6479999999999999,0.1069999999999999,19.6,9.05,20.2,29.25,28.6,15.56,114.0,0.255,33.0,28.95,9.0,7.89,0.755,0.16699999999999998,30.96,14.99,16.71,31.7,29.23,26.23,294.0,0.246,79.0,26.87,18.0,6.12,0.667,0.125,25.64,12.88,16.81,29.69,28.75,19.85
744930,2024-06-03,2024,595281,L,680570,R,strikeout,True,False,91.0,0.217,27.0,29.67,3.0,3.3,0.587,0.12000000000000002,35.98,19.37,12.25,31.62,33.9,25.47,312.0,0.26,63.0,20.19,25.0,8.01,0.753,0.1709999999999999,29.15,14.21,14.3,28.51,25.39,21.07,106.0,0.226,28.0,26.42,12.0,11.32,0.669,0.12899999999999998,30.93,14.85,15.1,29.95,28.5,23.14,221.0,0.277,50.0,22.62,24.0,10.86,0.837,0.2049999999999999,27.18,13.73,13.84,27.58,30.67,15.92
744930,2024-06-03,2024,676914,R,666974,R,field_out,False,False,138.0,0.259,35.0,25.36,17.0,12.32,0.8360000000000001,0.20700000000000002,27.62,10.65,19.03,29.68,19.03,17.33,87.0,0.247,27.0,31.03,11.0,12.64,0.8340000000000001,0.219,37.06,13.98,21.9,35.88,15.66,21.77,71.0,0.242,20.0,28.17,8.0,11.27,0.7090000000000001,0.129,30.41,15.1,15.1,30.2,37.18,18.87,173.0,0.202,45.0,26.01,6.0,3.47,0.5569999999999999,0.1109999999999999,25.79,12.87,18.68,31.55,32.06,21.84
744930,2024-06-03,2024,656811,L,663893,L,single,False,False,9.0,0.0,0.0,0.0,0.0,0.0,0.0,0.0,22.22,12.12,21.21,33.33,40.0,0.0,29.0,0.192,8.0,27.59,2.0,6.9,0.788,0.346,34.43,16.41,14.84,31.25,27.94,16.0,8.0,0.286,1.0,12.5,1.0,12.5,0.661,0.0,16.67,6.25,21.88,28.12,13.33,14.29,,,,,,,,,,,,,,
744930,2024-06-03,2024,623993,R,663893,L,strikeout,True,False,59.0,0.292,15.0,25.42,7.0,11.86,0.9490000000000001,0.25000000000000006,31.37,13.85,18.61,32.47,28.81,22.06,170.0,0.25,45.0,26.47,24.0,14.12,0.7909999999999999,0.188,28.15,11.77,18.98,30.75,26.34,19.31,13.0,0.385,3.0,23.08,0.0,0.0,1.154,0.384,33.33,16.67,19.44,36.11,37.5,60.0,,,,,,,,,,,,,,
744930,2024-06-03,2024,676059,R,621114,R,strikeout,True,False,162.0,0.313,26.0,16.05,11.0,6.79,0.907,0.22400000000000003,26.38,13.3,15.27,28.57,31.13,13.44,146.0,0.246,33.0,22.6,8.0,5.48,0.6779999999999999,0.142,22.97,11.73,16.25,27.98,29.59,19.76,5.0,0.0,1.0,20.0,1.0,20.0,0.2,0.0,33.33,22.22,11.11,33.33,44.44,12.5,,,,,,,,,,,,,,
744930,2024-06-03,2024,681297,L,621114,R,field_out,False,False,143.0,0.24,37.0,25.87,17.0,11.89,0.7909999999999999,0.20600000000000002,29.57,12.82,16.69,29.51,22.15,23.12,68.0,0.111,20.0,29.41,12.0,17.65,0.427,0.0369999999999999,26.67,10.98,17.07,28.05,21.51,17.7,1.0,0.0,0.0,0.0,0.0,0.0,0.0,0.0,0.0,0.0,25.0,25.0,0.0,0.0,,,,,,,,,,,,,,
744930,2024-06-03,2024,643376,R,666974,R,field_out,False,False,91.0,0.28,12.0,13.19,9.0,9.89,0.913,0.281,17.81,6.97,20.64,27.61,19.55,10.28,215.0,0.237,46.0,21.4,16.0,7.44,0.784,0.221,25.13,11.59,15.17,26.76,23.75,20.09,71.0,0.242,20.0,28.17,8.0,11.27,0.7090000000000001,0.129,30.41,15.1,15.1,30.2,37.18,18.87,173.0,0.202,45.0,26.01,6.0,3.47,0.5569999999999999,0.1109999999999999,25.79,12.87,18.68,31.55,32.06,21.84
744930,2024-06-03,2024,665489,R,666974,R,field_out,False,False,207.0,0.304,37.0,17.87,25.0,12.08,0.8109999999999999,0.11599999999999999,24.18,11.18,15.25,26.43,23.79,13.81,558.0,0.26,85.0,15.23,48.0,8.6,0.792,0.2,23.83,12.29,11.94,24.23,30.21,15.37,71.0,0.242,20.0,28.17,8.0,11.27,0.7090000000000001,0.129,30.41,15.1,15.1,30.2,37.18,18.87,173.0,0.202,45.0,26.01,6.0,3.47,0.5569999999999999,0.1109999999999999,25.79,12.87,18.68,31.55,32.06,21.84
744930,2024-06-03,2024,596129,L,666974,R,field_out,False,False,62.0,0.236,14.0,22.58,7.0,11.29,0.7050000000000001,0.14600000000000002,16.47,4.79,30.14,34.93,18.18,15.38,303.0,0.246,73.0,24.09,41.0,13.53,0.78,0.181,21.0,7.56,23.65,31.21,20.86,18.3,37.0,0.265,3.0,8.11,3.0,8.11,0.7949999999999999,0.20599999999999996,28.99,14.93,8.96,23.88,36.25,10.0,110.0,0.262,20.0,18.18,7.0,6.36,0.6679999999999999,0.0969999999999999,25.13,12.66,12.14,24.81,32.71,22.22
744930,2024-06-03,2024,669720,R,621114,R,field_out,False,False,55.0,0.102,8.0,14.55,4.0,7.27,0.304,0.020000000000000004,23.53,12.05,14.46,26.51,26.58,25.0,399.0,0.28,104.0,26.07,22.0,5.51,0.762,0.1589999999999999,29.22,13.77,18.52,32.29,31.55,22.92,5.0,0.0,1.0,20.0,1.0,20.0,0.2,0.0,33.33,22.22,11.11,33.33,44.44,12.5,,,,,,,,,,,,,,
744930,2024-06-03,2024,602104,R,621114,R,home_run,False,False,51.0,0.229,9.0,17.65,2.0,3.92,0.629,0.12499999999999997,28.26,13.83,12.77,26.6,25.25,18.0,272.0,0.274,72.0,26.47,17.0,6.25,0.726,0.1169999999999999,29.67,14.82,16.24,31.07,27.7,24.41,5.0,0.0,1.0,20.0,1.0,20.0,0.2,0.0,33.33,22.22,11.11,33.33,44.44,12.5,,,,,,,,,,,,,,
744930,2024-06-03,2024,683002,L,621114,R,double,False,False,173.0,0.257,36.0,20.81,17.0,9.83,0.933,0.33499999999999996,24.0,11.13,14.84,25.97,23.48,23.23,455.0,0.272,117.0,25.71,38.0,8.35,0.885,0.277,25.57,12.07,15.7,27.78,26.4,22.35,1.0,0.0,0.0,0.0,0.0,0.0,0.0,0.0,0.0,0.0,25.0,25.0,0.0,0.0,,,,,,,,,,,,,,
744930,2024-06-03,2024,668939,L,621114,R,field_out,False,False,162.0,0.242,31.0,19.14,10.0,6.17,0.6519999999999999,0.12,22.85,10.85,19.34,30.19,34.07,17.22,496.0,0.267,80.0,16.13,61.0,12.3,0.778,0.1519999999999999,16.76,6.91,19.7,26.61,24.41,12.54,1.0,0.0,0.0,0.0,0.0,0.0,0.0,0.0,0.0,0.0,25.0,25.0,0.0,0.0,,,,,,,,,,,,,,
744930,2024-06-03,2024,663624,R,621114,R,strikeout,True,False,154.0,0.283,35.0,22.73,7.0,4.55,0.788,0.193,22.87,12.48,12.65,25.12,37.15,18.72,310.0,0.235,78.0,25.16,22.0,7.1,0.6399999999999999,0.1139999999999999,29.78,16.05,13.56,29.61,37.06,21.61,5.0,0.0,1.0,20.0,1.0,20.0,0.2,0.0,33.33,22.22,11.11,33.33,44.44,12.5,,,,,,,,,,,,,,
744930,2024-06-03,2024,666182,R,669211,L,double,False,False,41.0,0.103,7.0,17.07,2.0,4.88,0.249,0.0,13.83,8.67,9.33,18.0,43.06,13.21,107.0,0.323,13.0,12.15,7.0,6.54,0.893,0.202,17.62,9.88,9.88,19.75,30.5,10.32,55.0,0.188,16.0,29.09,5.0,9.09,0.634,0.187,28.71,12.83,16.81,29.65,24.55,24.24,67.0,0.345,18.0,26.87,7.0,10.45,0.857,0.103,25.5,12.88,15.93,28.81,31.58,16.98
744930,2024-06-03,2024,543807,R,669211,L,strikeout,True,False,53.0,0.159,9.0,16.98,8.0,15.09,0.5329999999999999,0.091,18.56,8.07,12.56,20.63,17.27,14.75,144.0,0.242,24.0,16.67,17.0,11.81,0.71,0.137,19.37,9.5,11.92,21.42,22.03,14.37,55.0,0.188,16.0,29.09,5.0,9.09,0.634,0.187,28.71,12.83,16.81,29.65,24.55,24.24,67.0,0.345,18.0,26.87,7.0,10.45,0.857,0.103,25.5,12.88,15.93,28.81,31.58,16.98
744930,2024-06-03,2024,676391,R,669211,L,field_out,False,False,43.0,0.333,3.0,6.98,1.0,2.33,0.8280000000000001,0.129,10.84,6.57,13.87,20.44,41.94,8.82,32.0,0.367,3.0,9.38,1.0,3.12,0.775,0.033,12.96,7.37,17.89,25.26,46.81,17.65,55.0,0.188,16.0,29.09,5.0,9.09,0.634,0.187,28.71,12.83,16.81,29.65,24.55,24.24,67.0,0.345,18.0,26.87,7.0,10.45,0.857,0.103,25.5,12.88,15.93,28.81,31.58,16.98
744930,2024-06-03,2024,643396,R,669211,L,field_out,False,False,55.0,0.275,8.0,14.55,3.0,5.45,0.7190000000000001,0.11699999999999999,12.82,5.43,24.46,29.89,27.91,20.51,90.0,0.23,16.0,17.78,11.0,12.22,0.634,0.0669999999999999,19.59,8.03,19.67,27.7,20.35,15.09,55.0,0.188,16.0,29.09,5.0,9.09,0.634,0.187,28.71,12.83,16.81,29.65,24.55,24.24,67.0,0.345,18.0,26.87,7.0,10.45,0.857,0.103,25.5,12.88,15.93,28.81,31.58,16.98
746949,2024-06-04,2024,671739,L,676710,R,field_out,False,False,163.0,0.253,35.0,21.47,11.0,6.75,0.7070000000000001,0.14700000000000002,25.21,15.25,9.36,24.61,45.24,19.77,400.0,0.29,76.0,19.0,22.0,5.5,0.812,0.191,24.97,13.25,14.35,27.61,37.23,20.32,145.0,0.194,36.0,24.83,12.0,8.28,0.543,0.08500000000000002,21.75,11.11,15.41,26.52,30.65,21.56,259.0,0.209,64.0,24.71,22.0,8.49,0.675,0.188,25.14,12.52,14.19,26.72,28.47,19.34
746949,2024-06-04,2024,663586,R,676710,R,strikeout,True,False,140.0,0.242,36.0,25.71,10.0,7.14,0.69,0.14100000000000001,31.14,15.48,12.93,28.42,26.81,20.96,566.0,0.28,137.0,24.2,42.0,7.42,0.841,0.2199999999999999,27.71,13.25,15.53,28.77,27.7,18.53,141.0,0.268,30.0,21.28,10.0,7.09,0.7350000000000001,0.134,27.72,14.55,14.55,29.1,33.96,16.76,268.0,0.232,71.0,26.49,14.0,5.22,0.6639999999999999,0.148,28.52,15.66,13.7,29.35,35.55,21.65
746949,2024-06-04,2024,542303,R,676710,R,field_out,False,False,175.0,0.301,38.0,21.71,16.0,9.14,0.994,0.327,31.8,15.23,13.03,28.26,26.93,19.79,453.0,0.272,109.0,24.06,44.0,9.71,0.882,0.263,27.95,13.42,14.78,28.21,29.59,18.63,141.0,0.268,30.0,21.28,10.0,7.09,0.7350000000000001,0.134,27.72,14.55,14.55,29.1,33.96,16.76,268.0,0.232,71.0,26.49,14.0,5.22,0.6639999999999999,0.148,28.52,15.66,13.7,29.35,35.55,21.65
746949,2024-06-04,2024,680776,L,608331,L,strikeout,True,False,77.0,0.227,19.0,24.68,8.0,10.39,0.587,0.031,26.52,11.59,20.2,31.79,30.13,22.35,49.0,0.289,15.0,30.61,3.0,6.12,0.749,0.133,24.44,10.73,20.0,30.73,27.27,25.86,58.0,0.423,10.0,17.24,4.0,6.9,1.06,0.15399999999999997,21.36,9.48,17.67,27.16,30.25,13.7,52.0,0.205,15.0,28.85,7.0,13.46,0.6000000000000001,0.068,33.67,15.49,15.49,30.99,29.84,25.0
746949,2024-06-04,2024,608701,R,608331,L,strikeout,True,False,41.0,0.333,11.0,26.83,4.0,9.76,0.887,0.13899999999999996,35.62,17.11,20.39,37.5,26.87,20.75,146.0,0.308,22.0,15.07,23.0,15.75,0.8280000000000001,0.092,21.59,8.39,20.38,28.77,17.59,13.66,204.0,0.144,44.0,21.57,17.0,8.33,0.403,0.04300000000000001,25.21,11.59,16.5,28.09,28.01,18.57,260.0,0.249,65.0,25.0,11.0,4.23,0.6379999999999999,0.1059999999999999,25.83,12.03,16.97,29.0,28.77,22.26
746949,2024-06-04,2024,657136,R,608331,L,strikeout,True,False,55.0,0.354,9.0,16.36,6.0,10.91,0.915,0.125,23.21,12.21,11.74,23.94,28.16,13.85,108.0,0.156,40.0,37.04,9.0,8.33,0.501,0.104,32.9,17.27,14.32,31.59,33.33,27.86,204.0,0.144,44.0,21.57,17.0,8.33,0.403,0.04300000000000001,25.21,11.59,16.5,28.09,28.01,18.57,260.0,0.249,65.0,25.0,11.0,4.23,0.6379999999999999,0.1059999999999999,25.83,12.03,16.97,29.0,28.77,22.26
746949,2024-06-04,2024,621566,L,676710,R,field_error,False,False,166.0,0.236,46.0,27.71,19.0,11.45,0.741,0.174,28.77,14.13,11.11,25.24,27.34,18.15,540.0,0.294,115.0,21.3,90.0,16.67,1.061,0.351,27.51,12.57,12.32,24.89,25.66,14.92,145.0,0.194,36.0,24.83,12.0,8.28,0.543,0.08500000000000002,21.75,11.11,15.41,26.52,30.65,21.56,259.0,0.209,64.0,24.71,22.0,8.49,0.675,0.188,25.14,12.52,14.19,26.72,28.47,19.34
746949,2024-06-04,2024,645277,L,676710,R,double,False,False,164.0,0.25,27.0,16.46,15.0,9.15,0.6819999999999999,0.09699999999999998,21.82,11.88,9.47,21.35,30.84,11.39,528.0,0.25,89.0,16.86,42.0,7.95,0.8029999999999999,0.235,20.84,11.11,9.82,20.92,33.45,13.94,145.0,0.194,36.0,24.83,12.0,8.28,0.543,0.08500000000000002,21.75,11.11,15.41,26.52,30.65,21.56,259.0,0.209,64.0,24.71,22.0,8.49,0.675,0.188,25.14,12.52,14.19,26.72,28.47,19.34
746949,2024-06-04,2024,594807,R,676710,R,field_error,False,False,56.0,0.115,21.0,37.5,3.0,5.36,0.33299999999999996,0.03899999999999999,27.55,12.56,19.07,31.63,27.88,31.82,260.0,0.248,76.0,29.23,18.0,6.92,0.863,0.303,29.41,13.69,18.97,32.66,32.68,27.44,141.0,0.268,30.0,21.28,10.0,7.09,0.7350000000000001,0.134,27.72,14.55,14.55,29.1,33.96,16.76,268.0,0.232,71.0,26.49,14.0,5.22,0.6639999999999999,0.148,28.52,15.66,13.7,29.35,35.55,21.65
746949,2024-06-04,2024,672284,L,676710,R,strikeout,True,False,132.0,0.27,39.0,29.55,9.0,6.82,0.736,0.14799999999999996,32.97,16.85,13.86,30.71,30.97,22.67,324.0,0.251,105.0,32.41,34.0,10.49,0.738,0.1569999999999999,35.42,16.4,14.8,31.2,29.2,26.99,145.0,0.194,36.0,24.83,12.0,8.28,0.543,0.08500000000000002,21.75,11.11,15.41,26.52,30.65,21.56,259.0,0.209,64.0,24.71,22.0,8.49,0.675,0.188,25.14,12.52,14.19,26.72,28.47,19.34
746949,2024-06-04,2024,669221,R,676710,R,grounded_into_double_play,False,False,14.0,0.231,4.0,28.57,1.0,7.14,0.594,0.07699999999999999,33.33,14.58,22.92,37.5,31.82,33.33,337.0,0.245,77.0,22.85,37.0,10.98,0.832,0.2309999999999999,26.79,12.43,15.15,27.58,22.74,18.97,141.0,0.268,30.0,21.28,10.0,7.09,0.7350000000000001,0.134,27.72,14.55,14.55,29.1,33.96,16.76,268.0,0.232,71.0,26.49,14.0,5.22,0.6639999999999999,0.148,28.52,15.66,13.7,29.35,35.55,21.65
746949,2024-06-04,2024,646240,L,608331,L,field_out,False,False,68.0,0.233,22.0,32.35,6.0,8.82,0.641,0.08399999999999999,29.45,15.75,12.82,28.57,30.4,23.91,188.0,0.273,37.0,19.68,11.0,5.85,0.823,0.2149999999999999,27.74,14.71,11.61,26.32,30.93,15.19,58.0,0.423,10.0,17.24,4.0,6.9,1.06,0.15399999999999997,21.36,9.48,17.67,27.16,30.25,13.7,52.0,0.205,15.0,28.85,7.0,13.46,0.6000000000000001,0.068,33.67,15.49,15.49,30.99,29.84,25.0
746949,2024-06-04,2024,642197,R,608331,L,field_out,False,False,1.0,,0.0,0.0,1.0,100.0,,,,0.0,20.0,20.0,0.0,,,,,,,,,,,,,,,,204.0,0.144,44.0,21.57,17.0,8.33,0.403,0.04300000000000001,25.21,11.59,16.5,28.09,28.01,18.57,260.0,0.249,65.0,25.0,11.0,4.23,0.6379999999999999,0.1059999999999999,25.83,12.03,16.97,29.0,28.77,22.26
746949,2024-06-04,2024,643265,R,608331,L,field_out,False,False,38.0,0.278,9.0,23.68,2.0,5.26,0.733,0.13899999999999996,32.05,16.89,14.86,31.76,41.98,20.45,112.0,0.324,35.0,31.25,8.0,7.14,0.904,0.205,35.12,19.14,13.29,32.43,38.77,27.56,204.0,0.144,44.0,21.57,17.0,8.33,0.403,0.04300000000000001,25.21,11.59,16.5,28.09,28.01,18.57,260.0,0.249,65.0,25.0,11.0,4.23,0.6379999999999999,0.1059999999999999,25.83,12.03,16.97,29.0,28.77,22.26
746949,2024-06-04,2024,606115,R,676710,R,field_out,False,False,163.0,0.253,26.0,15.95,5.0,3.07,0.698,0.16899999999999998,23.08,11.94,13.43,25.37,27.3,16.25,421.0,0.255,78.0,18.53,23.0,5.46,0.6739999999999999,0.12,23.54,11.23,17.09,28.32,27.84,15.98,141.0,0.268,30.0,21.28,10.0,7.09,0.7350000000000001,0.134,27.72,14.55,14.55,29.1,33.96,16.76,268.0,0.232,71.0,26.49,14.0,5.22,0.6639999999999999,0.148,28.52,15.66,13.7,29.35,35.55,21.65
746949,2024-06-04,2024,671739,L,676710,R,field_out,False,False,163.0,0.253,35.0,21.47,11.0,6.75,0.7070000000000001,0.14700000000000002,25.21,15.25,9.36,24.61,45.24,19.77,400.0,0.29,76.0,19.0,22.0,5.5,0.812,0.191,24.97,13.25,14.35,27.61,37.23,20.32,145.0,0.194,36.0,24.83,12.0,8.28,0.543,0.08500000000000002,21.75,11.11,15.41,26.52,30.65,21.56,259.0,0.209,64.0,24.71,22.0,8.49,0.675,0.188,25.14,12.52,14.19,26.72,28.47,19.34
746949,2024-06-04,2024,663586,R,676710,R,strikeout,True,False,140.0,0.242,36.0,25.71,10.0,7.14,0.69,0.14100000000000001,31.14,15.48,12.93,28.42,26.81,20.96,566.0,0.28,137.0,24.2,42.0,7.42,0.841,0.2199999999999999,27.71,13.25,15.53,28.77,27.7,18.53,141.0,0.268,30.0,21.28,10.0,7.09,0.7350000000000001,0.134,27.72,14.55,14.55,29.1,33.96,16.76,268.0,0.232,71.0,26.49,14.0,5.22,0.6639999999999999,0.148,28.52,15.66,13.7,29.35,35.55,21.65
746949,2024-06-04,2024,666915,R,608331,L,strikeout,True,False,21.0,0.105,11.0,52.38,2.0,9.52,0.295,0.0,43.48,19.61,20.59,40.2,21.15,28.21,22.0,0.35,11.0,50.0,2.0,9.09,0.859,0.1,50.0,23.16,18.95,42.11,28.85,39.29,204.0,0.144,44.0,21.57,17.0,8.33,0.403,0.04300000000000001,25.21,11.59,16.5,28.09,28.01,18.57,260.0,0.249,65.0,25.0,11.0,4.23,0.6379999999999999,0.1059999999999999,25.83,12.03,16.97,29.0,28.77,22.26
746949,2024-06-04,2024,642086,L,608331,L,home_run,False,False,9.0,0.125,2.0,22.22,1.0,11.11,0.472,0.125,10.53,4.65,16.28,20.93,25.0,11.11,172.0,0.234,29.0,16.86,14.0,8.14,0.588,0.0569999999999999,20.07,8.92,18.77,27.69,25.32,16.2,58.0,0.423,10.0,17.24,4.0,6.9,1.06,0.15399999999999997,21.36,9.48,17.67,27.16,30.25,13.7,52.0,0.205,15.0,28.85,7.0,13.46,0.6000000000000001,0.068,33.67,15.49,15.49,30.99,29.84,25.0
746949,2024-06-04,2024,678882,R,608331,L,field_out,False,False,47.0,0.209,14.0,29.79,3.0,6.38,0.6799999999999999,0.21,29.47,15.47,14.92,30.39,38.54,24.14,27.0,0.192,8.0,29.63,1.0,3.7,0.645,0.2309999999999999,36.36,19.23,14.42,33.65,30.0,24.24,204.0,0.144,44.0,21.57,17.0,8.33,0.403,0.04300000000000001,25.21,11.59,16.5,28.09,28.01,18.57,260.0,0.249,65.0,25.0,11.0,4.23,0.6379999999999999,0.1059999999999999,25.83,12.03,16.97,29.0,28.77,22.26
746949,2024-06-04,2024,680776,L,608331,L,strikeout,True,False,77.0,0.227,19.0,24.68,8.0,10.39,0.587,0.031,26.52,11.59,20.2,31.79,30.13,22.35,49.0,0.289,15.0,30.61,3.0,6.12,0.749,0.133,24.44,10.73,20.0,30.73,27.27,25.86,58.0,0.423,10.0,17.24,4.0,6.9,1.06,0.15399999999999997,21.36,9.48,17.67,27.16,30.25,13.7,52.0,0.205,15.0,28.85,7.0,13.46,0.6000000000000001,0.068,33.67,15.49,15.49,30.99,29.84,25.0
746949,2024-06-04,2024,542303,R,676710,R,walk,False,True,175.0,0.301,38.0,21.71,16.0,9.14,0.994,0.327,31.8,15.23,13.03,28.26,26.93,19.79,453.0,0.272,109.0,24.06,44.0,9.71,0.882,0.263,27.95,13.42,14.78,28.21,29.59,18.63,141.0,0.268,30.0,21.28,10.0,7.09,0.7350000000000001,0.134,27.72,14.55,14.55,29.1,33.96,16.76,268.0,0.232,71.0,26.49,14.0,5.22,0.6639999999999999,0.148,28.52,15.66,13.7,29.35,35.55,21.65
746949,2024-06-04,2024,621566,L,676710,R,field_out,False,False,166.0,0.236,46.0,27.71,19.0,11.45,0.741,0.174,28.77,14.13,11.11,25.24,27.34,18.15,540.0,0.294,115.0,21.3,90.0,16.67,1.061,0.351,27.51,12.57,12.32,24.89,25.66,14.92,145.0,0.194,36.0,24.83,12.0,8.28,0.543,0.08500000000000002,21.75,11.11,15.41,26.52,30.65,21.56,259.0,0.209,64.0,24.71,22.0,8.49,0.675,0.188,25.14,12.52,14.19,26.72,28.47,19.34
746949,2024-06-04,2024,645277,L,676710,R,strikeout,True,False,164.0,0.25,27.0,16.46,15.0,9.15,0.6819999999999999,0.09699999999999998,21.82,11.88,9.47,21.35,30.84,11.39,528.0,0.25,89.0,16.86,42.0,7.95,0.8029999999999999,0.235,20.84,11.11,9.82,20.92,33.45,13.94,145.0,0.194,36.0,24.83,12.0,8.28,0.543,0.08500000000000002,21.75,11.11,15.41,26.52,30.65,21.56,259.0,0.209,64.0,24.71,22.0,8.49,0.675,0.188,25.14,12.52,14.19,26.72,28.47,19.34
746949,2024-06-04,2024,594807,R,676710,R,field_out,False,False,56.0,0.115,21.0,37.5,3.0,5.36,0.33299999999999996,0.03899999999999999,27.55,12.56,19.07,31.63,27.88,31.82,260.0,0.248,76.0,29.23,18.0,6.92,0.863,0.303,29.41,13.69,18.97,32.66,32.68,27.44,141.0,0.268,30.0,21.28,10.0,7.09,0.7350000000000001,0.134,27.72,14.55,14.55,29.1,33.96,16.76,268.0,0.232,71.0,26.49,14.0,5.22,0.6639999999999999,0.148,28.52,15.66,13.7,29.35,35.55,21.65
746949,2024-06-04,2024,608701,R,608331,L,strikeout,True,False,41.0,0.333,11.0,26.83,4.0,9.76,0.887,0.13899999999999996,35.62,17.11,20.39,37.5,26.87,20.75,146.0,0.308,22.0,15.07,23.0,15.75,0.8280000000000001,0.092,21.59,8.39,20.38,28.77,17.59,13.66,204.0,0.144,44.0,21.57,17.0,8.33,0.403,0.04300000000000001,25.21,11.59,16.5,28.09,28.01,18.57,260.0,0.249,65.0,25.0,11.0,4.23,0.6379999999999999,0.1059999999999999,25.83,12.03,16.97,29.0,28.77,22.26
746949,2024-06-04,2024,657136,R,608331,L,walk,False,True,55.0,0.354,9.0,16.36,6.0,10.91,0.915,0.125,23.21,12.21,11.74,23.94,28.16,13.85,108.0,0.156,40.0,37.04,9.0,8.33,0.501,0.104,32.9,17.27,14.32,31.59,33.33,27.86,204.0,0.144,44.0,21.57,17.0,8.33,0.403,0.04300000000000001,25.21,11.59,16.5,28.09,28.01,18.57,260.0,0.249,65.0,25.0,11.0,4.23,0.6379999999999999,0.1059999999999999,25.83,12.03,16.97,29.0,28.77,22.26
746949,2024-06-04,2024,646240,L,608331,L,single,False,False,68.0,0.233,22.0,32.35,6.0,8.82,0.641,0.08399999999999999,29.45,15.75,12.82,28.57,30.4,23.91,188.0,0.273,37.0,19.68,11.0,5.85,0.823,0.2149999999999999,27.74,14.71,11.61,26.32,30.93,15.19,58.0,0.423,10.0,17.24,4.0,6.9,1.06,0.15399999999999997,21.36,9.48,17.67,27.16,30.25,13.7,52.0,0.205,15.0,28.85,7.0,13.46,0.6000000000000001,0.068,33.67,15.49,15.49,30.99,29.84,25.0
746949,2024-06-04,2024,642197,R,608331,L,catcher_interf,False,False,1.0,,0.0,0.0,1.0,100.0,,,,0.0,20.0,20.0,0.0,,,,,,,,,,,,,,,,204.0,0.144,44.0,21.57,17.0,8.33,0.403,0.04300000000000001,25.21,11.59,16.5,28.09,28.01,18.57,260.0,0.249,65.0,25.0,11.0,4.23,0.6379999999999999,0.1059999999999999,25.83,12.03,16.97,29.0,28.77,22.26
746949,2024-06-04,2024,643265,R,608331,L,strikeout,True,False,38.0,0.278,9.0,23.68,2.0,5.26,0.733,0.13899999999999996,32.05,16.89,14.86,31.76,41.98,20.45,112.0,0.324,35.0,31.25,8.0,7.14,0.904,0.205,35.12,19.14,13.29,32.43,38.77,27.56,204.0,0.144,44.0,21.57,17.0,8.33,0.403,0.04300000000000001,25.21,11.59,16.5,28.09,28.01,18.57,260.0,0.249,65.0,25.0,11.0,4.23,0.6379999999999999,0.1059999999999999,25.83,12.03,16.97,29.0,28.77,22.26
746949,2024-06-04,2024,666915,R,608331,L,single,False,False,21.0,0.105,11.0,52.38,2.0,9.52,0.295,0.0,43.48,19.61,20.59,40.2,21.15,28.21,22.0,0.35,11.0,50.0,2.0,9.09,0.859,0.1,50.0,23.16,18.95,42.11,28.85,39.29,204.0,0.144,44.0,21.57,17.0,8.33,0.403,0.04300000000000001,25.21,11.59,16.5,28.09,28.01,18.57,260.0,0.249,65.0,25.0,11.0,4.23,0.6379999999999999,0.1059999999999999,25.83,12.03,16.97,29.0,28.77,22.26
746949,2024-06-04,2024,642086,L,608331,L,strikeout,True,False,9.0,0.125,2.0,22.22,1.0,11.11,0.472,0.125,10.53,4.65,16.28,20.93,25.0,11.11,172.0,0.234,29.0,16.86,14.0,8.14,0.588,0.0569999999999999,20.07,8.92,18.77,27.69,25.32,16.2,58.0,0.423,10.0,17.24,4.0,6.9,1.06,0.15399999999999997,21.36,9.48,17.67,27.16,30.25,13.7,52.0,0.205,15.0,28.85,7.0,13.46,0.6000000000000001,0.068,33.67,15.49,15.49,30.99,29.84,25.0
746949,2024-06-04,2024,672284,L,676710,R,double,False,False,132.0,0.27,39.0,29.55,9.0,6.82,0.736,0.14799999999999996,32.97,16.85,13.86,30.71,30.97,22.67,324.0,0.251,105.0,32.41,34.0,10.49,0.738,0.1569999999999999,35.42,16.4,14.8,31.2,29.2,26.99,145.0,0.194,36.0,24.83,12.0,8.28,0.543,0.08500000000000002,21.75,11.11,15.41,26.52,30.65,21.56,259.0,0.209,64.0,24.71,22.0,8.49,0.675,0.188,25.14,12.52,14.19,26.72,28.47,19.34
746949,2024-06-04,2024,669221,R,676710,R,single,False,False,14.0,0.231,4.0,28.57,1.0,7.14,0.594,0.07699999999999999,33.33,14.58,22.92,37.5,31.82,33.33,337.0,0.245,77.0,22.85,37.0,10.98,0.832,0.2309999999999999,26.79,12.43,15.15,27.58,22.74,18.97,141.0,0.268,30.0,21.28,10.0,7.09,0.7350000000000001,0.134,27.72,14.55,14.55,29.1,33.96,16.76,268.0,0.232,71.0,26.49,14.0,5.22,0.6639999999999999,0.148,28.52,15.66,13.7,29.35,35.55,21.65
746949,2024-06-04,2024,606115,R,676710,R,force_out,False,False,163.0,0.253,26.0,15.95,5.0,3.07,0.698,0.16899999999999998,23.08,11.94,13.43,25.37,27.3,16.25,421.0,0.255,78.0,18.53,23.0,5.46,0.6739999999999999,0.12,23.54,11.23,17.09,28.32,27.84,15.98,141.0,0.268,30.0,21.28,10.0,7.09,0.7350000000000001,0.134,27.72,14.55,14.55,29.1,33.96,16.76,268.0,0.232,71.0,26.49,14.0,5.22,0.6639999999999999,0.148,28.52,15.66,13.7,29.35,35.55,21.65
746949,2024-06-04,2024,671739,L,676710,R,grounded_into_double_play,False,False,163.0,0.253,35.0,21.47,11.0,6.75,0.7070000000000001,0.14700000000000002,25.21,15.25,9.36,24.61,45.24,19.77,400.0,0.29,76.0,19.0,22.0,5.5,0.812,0.191,24.97,13.25,14.35,27.61,37.23,20.32,145.0,0.194,36.0,24.83,12.0,8.28,0.543,0.08500000000000002,21.75,11.11,15.41,26.52,30.65,21.56,259.0,0.209,64.0,24.71,22.0,8.49,0.675,0.188,25.14,12.52,14.19,26.72,28.47,19.34
746949,2024-06-04,2024,678882,R,608331,L,field_error,False,False,47.0,0.209,14.0,29.79,3.0,6.38,0.6799999999999999,0.21,29.47,15.47,14.92,30.39,38.54,24.14,27.0,0.192,8.0,29.63,1.0,3.7,0.645,0.2309999999999999,36.36,19.23,14.42,33.65,30.0,24.24,204.0,0.144,44.0,21.57,17.0,8.33,0.403,0.04300000000000001,25.21,11.59,16.5,28.09,28.01,18.57,260.0,0.249,65.0,25.0,11.0,4.23,0.6379999999999999,0.1059999999999999,25.83,12.03,16.97,29.0,28.77,22.26
746949,2024-06-04,2024,680776,L,608331,L,field_out,False,False,77.0,0.227,19.0,24.68,8.0,10.39,0.587,0.031,26.52,11.59,20.2,31.79,30.13,22.35,49.0,0.289,15.0,30.61,3.0,6.12,0.749,0.133,24.44,10.73,20.0,30.73,27.27,25.86,58.0,0.423,10.0,17.24,4.0,6.9,1.06,0.15399999999999997,21.36,9.48,17.67,27.16,30.25,13.7,52.0,0.205,15.0,28.85,7.0,13.46,0.6000000000000001,0.068,33.67,15.49,15.49,30.99,29.84,25.0
746949,2024-06-04,2024,608701,R,608331,L,single,False,False,41.0,0.333,11.0,26.83,4.0,9.76,0.887,0.13899999999999996,35.62,17.11,20.39,37.5,26.87,20.75,146.0,0.308,22.0,15.07,23.0,15.75,0.8280000000000001,0.092,21.59,8.39,20.38,28.77,17.59,13.66,204.0,0.144,44.0,21.57,17.0,8.33,0.403,0.04300000000000001,25.21,11.59,16.5,28.09,28.01,18.57,260.0,0.249,65.0,25.0,11.0,4.23,0.6379999999999999,0.1059999999999999,25.83,12.03,16.97,29.0,28.77,22.26
746949,2024-06-04,2024,657136,R,608331,L,strikeout,True,False,55.0,0.354,9.0,16.36,6.0,10.91,0.915,0.125,23.21,12.21,11.74,23.94,28.16,13.85,108.0,0.156,40.0,37.04,9.0,8.33,0.501,0.104,32.9,17.27,14.32,31.59,33.33,27.86,204.0,0.144,44.0,21.57,17.0,8.33,0.403,0.04300000000000001,25.21,11.59,16.5,28.09,28.01,18.57,260.0,0.249,65.0,25.0,11.0,4.23,0.6379999999999999,0.1059999999999999,25.83,12.03,16.97,29.0,28.77,22.26
746949,2024-06-04,2024,663586,R,676710,R,walk,False,True,140.0,0.242,36.0,25.71,10.0,7.14,0.69,0.14100000000000001,31.14,15.48,12.93,28.42,26.81,20.96,566.0,0.28,137.0,24.2,42.0,7.42,0.841,0.2199999999999999,27.71,13.25,15.53,28.77,27.7,18.53,141.0,0.268,30.0,21.28,10.0,7.09,0.7350000000000001,0.134,27.72,14.55,14.55,29.1,33.96,16.76,268.0,0.232,71.0,26.49,14.0,5.22,0.6639999999999999,0.148,28.52,15.66,13.7,29.35,35.55,21.65
746949,2024-06-04,2024,542303,R,676710,R,single,False,False,175.0,0.301,38.0,21.71,16.0,9.14,0.994,0.327,31.8,15.23,13.03,28.26,26.93,19.79,453.0,0.272,109.0,24.06,44.0,9.71,0.882,0.263,27.95,13.42,14.78,28.21,29.59,18.63,141.0,0.268,30.0,21.28,10.0,7.09,0.7350000000000001,0.134,27.72,14.55,14.55,29.1,33.96,16.76,268.0,0.232,71.0,26.49,14.0,5.22,0.6639999999999999,0.148,28.52,15.66,13.7,29.35,35.55,21.65
746949,2024-06-04,2024,621566,L,676710,R,field_out,False,False,166.0,0.236,46.0,27.71,19.0,11.45,0.741,0.174,28.77,14.13,11.11,25.24,27.34,18.15,540.0,0.294,115.0,21.3,90.0,16.67,1.061,0.351,27.51,12.57,12.32,24.89,25.66,14.92,145.0,0.194,36.0,24.83,12.0,8.28,0.543,0.08500000000000002,21.75,11.11,15.41,26.52,30.65,21.56,259.0,0.209,64.0,24.71,22.0,8.49,0.675,0.188,25.14,12.52,14.19,26.72,28.47,19.34
746949,2024-06-04,2024,645277,L,676710,R,home_run,False,False,164.0,0.25,27.0,16.46,15.0,9.15,0.6819999999999999,0.09699999999999998,21.82,11.88,9.47,21.35,30.84,11.39,528.0,0.25,89.0,16.86,42.0,7.95,0.8029999999999999,0.235,20.84,11.11,9.82,20.92,33.45,13.94,145.0,0.194,36.0,24.83,12.0,8.28,0.543,0.08500000000000002,21.75,11.11,15.41,26.52,30.65,21.56,259.0,0.209,64.0,24.71,22.0,8.49,0.675,0.188,25.14,12.52,14.19,26.72,28.47,19.34
746949,2024-06-04,2024,594807,R,676710,R,strikeout,True,False,56.0,0.115,21.0,37.5,3.0,5.36,0.33299999999999996,0.03899999999999999,27.55,12.56,19.07,31.63,27.88,31.82,260.0,0.248,76.0,29.23,18.0,6.92,0.863,0.303,29.41,13.69,18.97,32.66,32.68,27.44,141.0,0.268,30.0,21.28,10.0,7.09,0.7350000000000001,0.134,27.72,14.55,14.55,29.1,33.96,16.76,268.0,0.232,71.0,26.49,14.0,5.22,0.6639999999999999,0.148,28.52,15.66,13.7,29.35,35.55,21.65
746949,2024-06-04,2024,672284,L,676710,R,field_out,False,False,132.0,0.27,39.0,29.55,9.0,6.82,0.736,0.14799999999999996,32.97,16.85,13.86,30.71,30.97,22.67,324.0,0.251,105.0,32.41,34.0,10.49,0.738,0.1569999999999999,35.42,16.4,14.8,31.2,29.2,26.99,145.0,0.194,36.0,24.83,12.0,8.28,0.543,0.08500000000000002,21.75,11.11,15.41,26.52,30.65,21.56,259.0,0.209,64.0,24.71,22.0,8.49,0.675,0.188,25.14,12.52,14.19,26.72,28.47,19.34
746949,2024-06-04,2024,646240,L,608331,L,strikeout,True,False,68.0,0.233,22.0,32.35,6.0,8.82,0.641,0.08399999999999999,29.45,15.75,12.82,28.57,30.4,23.91,188.0,0.273,37.0,19.68,11.0,5.85,0.823,0.2149999999999999,27.74,14.71,11.61,26.32,30.93,15.19,58.0,0.423,10.0,17.24,4.0,6.9,1.06,0.15399999999999997,21.36,9.48,17.67,27.16,30.25,13.7,52.0,0.205,15.0,28.85,7.0,13.46,0.6000000000000001,0.068,33.67,15.49,15.49,30.99,29.84,25.0
746949,2024-06-04,2024,642197,R,608331,L,hit_by_pitch,False,False,1.0,,0.0,0.0,1.0,100.0,,,,0.0,20.0,20.0,0.0,,,,,,,,,,,,,,,,204.0,0.144,44.0,21.57,17.0,8.33,0.403,0.04300000000000001,25.21,11.59,16.5,28.09,28.01,18.57,260.0,0.249,65.0,25.0,11.0,4.23,0.6379999999999999,0.1059999999999999,25.83,12.03,16.97,29.0,28.77,22.26
746949,2024-06-04,2024,643265,R,608331,L,strikeout,True,False,38.0,0.278,9.0,23.68,2.0,5.26,0.733,0.13899999999999996,32.05,16.89,14.86,31.76,41.98,20.45,112.0,0.324,35.0,31.25,8.0,7.14,0.904,0.205,35.12,19.14,13.29,32.43,38.77,27.56,204.0,0.144,44.0,21.57,17.0,8.33,0.403,0.04300000000000001,25.21,11.59,16.5,28.09,28.01,18.57,260.0,0.249,65.0,25.0,11.0,4.23,0.6379999999999999,0.1059999999999999,25.83,12.03,16.97,29.0,28.77,22.26
746949,2024-06-04,2024,666915,R,608331,L,strikeout,True,False,21.0,0.105,11.0,52.38,2.0,9.52,0.295,0.0,43.48,19.61,20.59,40.2,21.15,28.21,22.0,0.35,11.0,50.0,2.0,9.09,0.859,0.1,50.0,23.16,18.95,42.11,28.85,39.29,204.0,0.144,44.0,21.57,17.0,8.33,0.403,0.04300000000000001,25.21,11.59,16.5,28.09,28.01,18.57,260.0,0.249,65.0,25.0,11.0,4.23,0.6379999999999999,0.1059999999999999,25.83,12.03,16.97,29.0,28.77,22.26
746949,2024-06-04,2024,669221,R,502624,R,field_out,False,False,14.0,0.231,4.0,28.57,1.0,7.14,0.594,0.07699999999999999,33.33,14.58,22.92,37.5,31.82,33.33,337.0,0.245,77.0,22.85,37.0,10.98,0.832,0.2309999999999999,26.79,12.43,15.15,27.58,22.74,18.97,63.0,0.232,7.0,11.11,5.0,7.94,0.6950000000000001,0.161,24.35,12.02,13.73,25.75,23.89,11.11,216.0,0.282,32.0,14.81,14.0,6.48,0.817,0.195,20.78,9.74,15.19,24.94,26.33,16.24
746949,2024-06-04,2024,606115,R,502624,R,home_run,False,False,163.0,0.253,26.0,15.95,5.0,3.07,0.698,0.16899999999999998,23.08,11.94,13.43,25.37,27.3,16.25,421.0,0.255,78.0,18.53,23.0,5.46,0.6739999999999999,0.12,23.54,11.23,17.09,28.32,27.84,15.98,63.0,0.232,7.0,11.11,5.0,7.94,0.6950000000000001,0.161,24.35,12.02,13.73,25.75,23.89,11.11,216.0,0.282,32.0,14.81,14.0,6.48,0.817,0.195,20.78,9.74,15.19,24.94,26.33,16.24
746949,2024-06-04,2024,671739,L,502624,R,field_out,False,False,163.0,0.253,35.0,21.47,11.0,6.75,0.7070000000000001,0.14700000000000002,25.21,15.25,9.36,24.61,45.24,19.77,400.0,0.29,76.0,19.0,22.0,5.5,0.812,0.191,24.97,13.25,14.35,27.61,37.23,20.32,60.0,0.208,9.0,15.0,6.0,10.0,0.609,0.11300000000000002,22.94,9.96,17.93,27.89,22.13,13.24,156.0,0.261,32.0,20.51,19.0,12.18,0.835,0.2089999999999999,22.48,10.16,13.55,23.71,24.6,16.67
746949,2024-06-04,2024,663586,R,502624,R,field_out,False,False,140.0,0.242,36.0,25.71,10.0,7.14,0.69,0.14100000000000001,31.14,15.48,12.93,28.42,26.81,20.96,566.0,0.28,137.0,24.2,42.0,7.42,0.841,0.2199999999999999,27.71,13.25,15.53,28.77,27.7,18.53,63.0,0.232,7.0,11.11,5.0,7.94,0.6950000000000001,0.161,24.35,12.02,13.73,25.75,23.89,11.11,216.0,0.282,32.0,14.81,14.0,6.48,0.817,0.195,20.78,9.74,15.19,24.94,26.33,16.24
746949,2024-06-04,2024,642086,L,608331,L,field_out,False,False,9.0,0.125,2.0,22.22,1.0,11.11,0.472,0.125,10.53,4.65,16.28,20.93,25.0,11.11,172.0,0.234,29.0,16.86,14.0,8.14,0.588,0.0569999999999999,20.07,8.92,18.77,27.69,25.32,16.2,58.0,0.423,10.0,17.24,4.0,6.9,1.06,0.15399999999999997,21.36,9.48,17.67,27.16,30.25,13.7,52.0,0.205,15.0,28.85,7.0,13.46,0.6000000000000001,0.068,33.67,15.49,15.49,30.99,29.84,25.0
746949,2024-06-04,2024,678882,R,608331,L,strikeout,True,False,47.0,0.209,14.0,29.79,3.0,6.38,0.6799999999999999,0.21,29.47,15.47,14.92,30.39,38.54,24.14,27.0,0.192,8.0,29.63,1.0,3.7,0.645,0.2309999999999999,36.36,19.23,14.42,33.65,30.0,24.24,204.0,0.144,44.0,21.57,17.0,8.33,0.403,0.04300000000000001,25.21,11.59,16.5,28.09,28.01,18.57,260.0,0.249,65.0,25.0,11.0,4.23,0.6379999999999999,0.1059999999999999,25.83,12.03,16.97,29.0,28.77,22.26
746949,2024-06-04,2024,680776,L,608331,L,field_out,False,False,77.0,0.227,19.0,24.68,8.0,10.39,0.587,0.031,26.52,11.59,20.2,31.79,30.13,22.35,49.0,0.289,15.0,30.61,3.0,6.12,0.749,0.133,24.44,10.73,20.0,30.73,27.27,25.86,58.0,0.423,10.0,17.24,4.0,6.9,1.06,0.15399999999999997,21.36,9.48,17.67,27.16,30.25,13.7,52.0,0.205,15.0,28.85,7.0,13.46,0.6000000000000001,0.068,33.67,15.49,15.49,30.99,29.84,25.0
746949,2024-06-04,2024,542303,R,502624,R,field_out,False,False,175.0,0.301,38.0,21.71,16.0,9.14,0.994,0.327,31.8,15.23,13.03,28.26,26.93,19.79,453.0,0.272,109.0,24.06,44.0,9.71,0.882,0.263,27.95,13.42,14.78,28.21,29.59,18.63,63.0,0.232,7.0,11.11,5.0,7.94,0.6950000000000001,0.161,24.35,12.02,13.73,25.75,23.89,11.11,216.0,0.282,32.0,14.81,14.0,6.48,0.817,0.195,20.78,9.74,15.19,24.94,26.33,16.24
746949,2024-06-04,2024,621566,L,502624,R,field_out,False,False,166.0,0.236,46.0,27.71,19.0,11.45,0.741,0.174,28.77,14.13,11.11,25.24,27.34,18.15,540.0,0.294,115.0,21.3,90.0,16.67,1.061,0.351,27.51,12.57,12.32,24.89,25.66,14.92,60.0,0.208,9.0,15.0,6.0,10.0,0.609,0.11300000000000002,22.94,9.96,17.93,27.89,22.13,13.24,156.0,0.261,32.0,20.51,19.0,12.18,0.835,0.2089999999999999,22.48,10.16,13.55,23.71,24.6,16.67
746949,2024-06-04,2024,645277,L,502624,R,field_out,False,False,164.0,0.25,27.0,16.46,15.0,9.15,0.6819999999999999,0.09699999999999998,21.82,11.88,9.47,21.35,30.84,11.39,528.0,0.25,89.0,16.86,42.0,7.95,0.8029999999999999,0.235,20.84,11.11,9.82,20.92,33.45,13.94,60.0,0.208,9.0,15.0,6.0,10.0,0.609,0.11300000000000002,22.94,9.96,17.93,27.89,22.13,13.24,156.0,0.261,32.0,20.51,19.0,12.18,0.835,0.2089999999999999,22.48,10.16,13.55,23.71,24.6,16.67
746949,2024-06-04,2024,608701,R,572955,R,field_out,False,False,61.0,0.34,10.0,16.39,6.0,9.84,0.964,0.20700000000000002,17.76,8.09,17.02,25.11,21.93,13.33,98.0,0.159,25.0,25.51,10.0,10.2,0.466,0.036,25.0,10.43,19.91,30.33,20.39,18.38,43.0,0.282,13.0,30.23,4.0,9.3,0.708,0.07700000000000001,33.77,15.66,21.08,36.75,30.67,26.0,161.0,0.259,49.0,30.43,14.0,8.7,0.6970000000000001,0.1149999999999999,31.85,15.3,18.91,34.21,36.56,26.63
746949,2024-06-04,2024,657136,R,572955,R,hit_by_pitch,False,False,109.0,0.314,22.0,20.18,1.0,0.92,0.794,0.14700000000000002,26.11,14.44,14.44,28.88,35.09,22.68,296.0,0.262,94.0,31.76,13.0,4.39,0.734,0.1669999999999999,32.08,16.95,15.14,32.09,35.28,27.01,43.0,0.282,13.0,30.23,4.0,9.3,0.708,0.07700000000000001,33.77,15.66,21.08,36.75,30.67,26.0,161.0,0.259,49.0,30.43,14.0,8.7,0.6970000000000001,0.1149999999999999,31.85,15.3,18.91,34.21,36.56,26.63
746949,2024-06-04,2024,646240,L,572955,R,field_out,False,False,145.0,0.306,28.0,19.31,20.0,13.79,1.061,0.35500000000000004,24.38,11.58,12.75,24.33,31.33,15.56,469.0,0.27,89.0,18.98,51.0,10.87,0.863,0.235,25.44,13.04,9.74,22.78,33.05,15.06,38.0,0.212,13.0,34.21,5.0,13.16,0.649,0.12100000000000002,26.09,11.32,18.24,29.56,28.4,24.53,116.0,0.255,41.0,35.34,16.0,13.79,0.888,0.276,34.88,15.59,18.71,34.3,29.28,26.8
746949,2024-06-04,2024,642197,R,572955,R,strikeout,True,False,,,,,,,,,,,,,,,,,,,,,,,,,,,,,43.0,0.282,13.0,30.23,4.0,9.3,0.708,0.07700000000000001,33.77,15.66,21.08,36.75,30.67,26.0,161.0,0.259,49.0,30.43,14.0,8.7,0.6970000000000001,0.1149999999999999,31.85,15.3,18.91,34.21,36.56,26.63
746949,2024-06-04,2024,594807,R,502624,R,field_out,False,False,56.0,0.115,21.0,37.5,3.0,5.36,0.33299999999999996,0.03899999999999999,27.55,12.56,19.07,31.63,27.88,31.82,260.0,0.248,76.0,29.23,18.0,6.92,0.863,0.303,29.41,13.69,18.97,32.66,32.68,27.44,63.0,0.232,7.0,11.11,5.0,7.94,0.6950000000000001,0.161,24.35,12.02,13.73,25.75,23.89,11.11,216.0,0.282,32.0,14.81,14.0,6.48,0.817,0.195,20.78,9.74,15.19,24.94,26.33,16.24
746949,2024-06-04,2024,672284,L,502624,R,strikeout,True,False,132.0,0.27,39.0,29.55,9.0,6.82,0.736,0.14799999999999996,32.97,16.85,13.86,30.71,30.97,22.67,324.0,0.251,105.0,32.41,34.0,10.49,0.738,0.1569999999999999,35.42,16.4,14.8,31.2,29.2,26.99,60.0,0.208,9.0,15.0,6.0,10.0,0.609,0.11300000000000002,22.94,9.96,17.93,27.89,22.13,13.24,156.0,0.261,32.0,20.51,19.0,12.18,0.835,0.2089999999999999,22.48,10.16,13.55,23.71,24.6,16.67
746949,2024-06-04,2024,669221,R,502624,R,hit_by_pitch,False,False,14.0,0.231,4.0,28.57,1.0,7.14,0.594,0.07699999999999999,33.33,14.58,22.92,37.5,31.82,33.33,337.0,0.245,77.0,22.85,37.0,10.98,0.832,0.2309999999999999,26.79,12.43,15.15,27.58,22.74,18.97,63.0,0.232,7.0,11.11,5.0,7.94,0.6950000000000001,0.161,24.35,12.02,13.73,25.75,23.89,11.11,216.0,0.282,32.0,14.81,14.0,6.48,0.817,0.195,20.78,9.74,15.19,24.94,26.33,16.24
746949,2024-06-04,2024,606115,R,502624,R,single,False,False,163.0,0.253,26.0,15.95,5.0,3.07,0.698,0.16899999999999998,23.08,11.94,13.43,25.37,27.3,16.25,421.0,0.255,78.0,18.53,23.0,5.46,0.6739999999999999,0.12,23.54,11.23,17.09,28.32,27.84,15.98,63.0,0.232,7.0,11.11,5.0,7.94,0.6950000000000001,0.161,24.35,12.02,13.73,25.75,23.89,11.11,216.0,0.282,32.0,14.81,14.0,6.48,0.817,0.195,20.78,9.74,15.19,24.94,26.33,16.24
746949,2024-06-04,2024,671739,L,502624,R,single,False,False,163.0,0.253,35.0,21.47,11.0,6.75,0.7070000000000001,0.14700000000000002,25.21,15.25,9.36,24.61,45.24,19.77,400.0,0.29,76.0,19.0,22.0,5.5,0.812,0.191,24.97,13.25,14.35,27.61,37.23,20.32,60.0,0.208,9.0,15.0,6.0,10.0,0.609,0.11300000000000002,22.94,9.96,17.93,27.89,22.13,13.24,156.0,0.261,32.0,20.51,19.0,12.18,0.835,0.2089999999999999,22.48,10.16,13.55,23.71,24.6,16.67
746949,2024-06-04,2024,663586,R,502624,R,caught_stealing_2b,False,False,140.0,0.242,36.0,25.71,10.0,7.14,0.69,0.14100000000000001,31.14,15.48,12.93,28.42,26.81,20.96,566.0,0.28,137.0,24.2,42.0,7.42,0.841,0.2199999999999999,27.71,13.25,15.53,28.77,27.7,18.53,63.0,0.232,7.0,11.11,5.0,7.94,0.6950000000000001,0.161,24.35,12.02,13.73,25.75,23.89,11.11,216.0,0.282,32.0,14.81,14.0,6.48,0.817,0.195,20.78,9.74,15.19,24.94,26.33,16.24
746949,2024-06-04,2024,665839,L,445926,R,single,False,False,91.0,0.214,26.0,28.57,4.0,4.4,0.659,0.20299999999999999,22.6,11.2,17.65,28.85,31.69,21.49,133.0,0.28,32.0,24.06,7.0,5.26,0.806,0.2079999999999999,23.05,10.04,20.07,30.11,28.72,21.48,40.0,0.212,6.0,15.0,6.0,15.0,0.6060000000000001,0.061000000000000026,7.14,3.14,21.38,24.53,29.49,12.24,67.0,0.155,15.0,22.39,5.0,7.46,0.414,0.0169999999999999,22.33,9.09,20.95,30.04,25.0,22.73
746949,2024-06-04,2024,666152,L,445926,R,field_out,False,False,94.0,0.271,23.0,24.47,8.0,8.51,0.752,0.14099999999999996,27.21,11.2,21.01,32.21,19.1,23.0,36.0,0.1,10.0,27.78,6.0,16.67,0.417,0.067,20.0,8.44,23.38,31.82,26.39,15.38,40.0,0.212,6.0,15.0,6.0,15.0,0.6060000000000001,0.061000000000000026,7.14,3.14,21.38,24.53,29.49,12.24,67.0,0.155,15.0,22.39,5.0,7.46,0.414,0.0169999999999999,22.33,9.09,20.95,30.04,25.0,22.73
746949,2024-06-04,2024,642086,L,445926,R,grounded_into_double_play,False,False,89.0,0.203,17.0,19.1,9.0,10.11,0.5700000000000001,0.07500000000000001,23.72,11.49,15.84,27.33,31.1,21.79,414.0,0.263,62.0,14.98,33.0,7.97,0.736,0.135,19.9,10.09,14.56,24.65,32.27,13.42,40.0,0.212,6.0,15.0,6.0,15.0,0.6060000000000001,0.061000000000000026,7.14,3.14,21.38,24.53,29.49,12.24,67.0,0.155,15.0,22.39,5.0,7.46,0.414,0.0169999999999999,22.33,9.09,20.95,30.04,25.0,22.73
744931,2024-06-04,2024,683002,L,670950,R,strikeout,True,False,177.0,0.256,36.0,20.34,17.0,9.6,0.929,0.33399999999999996,23.53,10.86,14.63,25.49,23.24,22.64,455.0,0.272,117.0,25.71,38.0,8.35,0.885,0.277,25.57,12.07,15.7,27.78,26.4,22.35,42.0,0.111,8.0,19.05,4.0,9.52,0.41700000000000004,0.111,17.65,6.98,23.84,30.81,22.09,15.69,138.0,0.207,42.0,30.43,20.0,14.49,0.724,0.198,36.69,16.72,15.57,32.3,37.93,19.44
744931,2024-06-04,2024,668939,L,670950,R,field_out,False,False,166.0,0.235,31.0,18.67,10.0,6.02,0.6359999999999999,0.118,22.12,10.57,19.14,29.71,33.85,16.67,496.0,0.267,80.0,16.13,61.0,12.3,0.778,0.1519999999999999,16.76,6.91,19.7,26.61,24.41,12.54,42.0,0.111,8.0,19.05,4.0,9.52,0.41700000000000004,0.111,17.65,6.98,23.84,30.81,22.09,15.69,138.0,0.207,42.0,30.43,20.0,14.49,0.724,0.198,36.69,16.72,15.57,32.3,37.93,19.44
744931,2024-06-04,2024,663624,R,670950,R,strikeout,True,False,158.0,0.275,36.0,22.78,7.0,4.43,0.767,0.188,22.75,12.46,12.79,25.25,37.5,19.15,310.0,0.235,78.0,25.16,22.0,7.1,0.6399999999999999,0.1139999999999999,29.78,16.05,13.56,29.61,37.06,21.61,70.0,0.136,18.0,25.71,9.0,12.86,0.5680000000000001,0.186,25.4,10.56,20.46,31.02,31.52,20.0,178.0,0.244,63.0,35.39,15.0,8.43,0.754,0.194,37.26,17.97,16.38,34.35,37.0,24.51
744931,2024-06-04,2024,676914,R,669203,R,field_out,False,False,142.0,0.258,35.0,24.65,17.0,11.97,0.8240000000000001,0.2,27.13,10.57,19.24,29.81,19.35,16.99,87.0,0.247,27.0,31.03,11.0,12.64,0.8340000000000001,0.219,37.06,13.98,21.9,35.88,15.66,21.77,164.0,0.247,46.0,28.05,9.0,5.49,0.6779999999999999,0.14300000000000002,33.23,16.69,16.06,32.75,37.17,24.6,396.0,0.229,88.0,22.22,26.0,6.57,0.677,0.158,27.84,13.46,15.95,29.41,29.79,18.68
744931,2024-06-04,2024,643376,R,669203,R,field_out,False,False,95.0,0.267,13.0,13.68,9.0,9.47,0.8720000000000001,0.268,17.53,6.96,20.36,27.32,19.89,10.62,215.0,0.237,46.0,21.4,16.0,7.44,0.784,0.221,25.13,11.59,15.17,26.76,23.75,20.09,164.0,0.247,46.0,28.05,9.0,5.49,0.6779999999999999,0.14300000000000002,33.23,16.69,16.06,32.75,37.17,24.6,396.0,0.229,88.0,22.22,26.0,6.57,0.677,0.158,27.84,13.46,15.95,29.41,29.79,18.68
744931,2024-06-04,2024,665489,R,669203,R,field_out,False,False,211.0,0.308,37.0,17.54,25.0,11.85,0.831,0.13,24.32,11.28,15.42,26.7,24.03,13.75,558.0,0.26,85.0,15.23,48.0,8.6,0.792,0.2,23.83,12.29,11.94,24.23,30.21,15.37,164.0,0.247,46.0,28.05,9.0,5.49,0.6779999999999999,0.14300000000000002,33.23,16.69,16.06,32.75,37.17,24.6,396.0,0.229,88.0,22.22,26.0,6.57,0.677,0.158,27.84,13.46,15.95,29.41,29.79,18.68
744931,2024-06-04,2024,623993,L,670950,R,strikeout,True,False,166.0,0.203,26.0,15.66,10.0,6.02,0.69,0.22199999999999998,16.8,9.53,11.8,21.33,41.67,12.15,486.0,0.26,107.0,22.02,31.0,6.38,0.798,0.2229999999999999,22.13,11.37,14.84,26.21,37.22,15.21,42.0,0.111,8.0,19.05,4.0,9.52,0.41700000000000004,0.111,17.65,6.98,23.84,30.81,22.09,15.69,138.0,0.207,42.0,30.43,20.0,14.49,0.724,0.198,36.69,16.72,15.57,32.3,37.93,19.44
744931,2024-06-04,2024,676059,R,670950,R,field_out,False,False,166.0,0.311,27.0,16.27,11.0,6.63,0.897,0.21900000000000003,25.88,13.09,15.35,28.43,31.15,13.9,146.0,0.246,33.0,22.6,8.0,5.48,0.6779999999999999,0.142,22.97,11.73,16.25,27.98,29.59,19.76,70.0,0.136,18.0,25.71,9.0,12.86,0.5680000000000001,0.186,25.4,10.56,20.46,31.02,31.52,20.0,178.0,0.244,63.0,35.39,15.0,8.43,0.754,0.194,37.26,17.97,16.38,34.35,37.0,24.51
744931,2024-06-04,2024,669720,R,670950,R,strikeout,True,False,59.0,0.132,9.0,15.25,4.0,6.78,0.467,0.132,22.68,11.83,13.44,25.27,27.27,23.08,399.0,0.28,104.0,26.07,22.0,5.51,0.762,0.1589999999999999,29.22,13.77,18.52,32.29,31.55,22.92,70.0,0.136,18.0,25.71,9.0,12.86,0.5680000000000001,0.186,25.4,10.56,20.46,31.02,31.52,20.0,178.0,0.244,63.0,35.39,15.0,8.43,0.754,0.194,37.26,17.97,16.38,34.35,37.0,24.51
744931,2024-06-04,2024,596129,L,669203,R,field_out,False,False,66.0,0.22,15.0,22.73,7.0,10.61,0.659,0.13599999999999998,16.3,4.84,29.68,34.52,18.42,15.79,303.0,0.246,73.0,24.09,41.0,13.53,0.78,0.181,21.0,7.56,23.65,31.21,20.86,18.3,125.0,0.158,25.0,20.0,11.0,8.8,0.43400000000000005,0.04400000000000001,24.67,11.07,18.38,29.45,29.59,15.82,388.0,0.17,112.0,28.87,40.0,10.31,0.515,0.087,29.82,13.15,18.05,31.21,30.03,25.51
744931,2024-06-04,2024,666182,R,669203,R,walk,False,True,194.0,0.261,31.0,15.98,10.0,5.15,0.698,0.128,22.13,12.73,10.58,23.31,37.46,16.23,496.0,0.303,102.0,20.56,20.0,4.03,0.797,0.161,21.9,12.38,11.73,24.11,38.01,17.91,164.0,0.247,46.0,28.05,9.0,5.49,0.6779999999999999,0.14300000000000002,33.23,16.69,16.06,32.75,37.17,24.6,396.0,0.229,88.0,22.22,26.0,6.57,0.677,0.158,27.84,13.46,15.95,29.41,29.79,18.68
744931,2024-06-04,2024,457759,R,669203,R,single,False,False,152.0,0.176,25.0,16.45,18.0,11.84,0.558,0.09900000000000003,20.19,9.56,15.44,25.0,27.01,10.64,462.0,0.273,78.0,16.88,33.0,7.14,0.765,0.1569999999999999,16.44,7.32,17.97,25.29,25.33,12.0,164.0,0.247,46.0,28.05,9.0,5.49,0.6779999999999999,0.14300000000000002,33.23,16.69,16.06,32.75,37.17,24.6,396.0,0.229,88.0,22.22,26.0,6.57,0.677,0.158,27.84,13.46,15.95,29.41,29.79,18.68
744931,2024-06-04,2024,543807,R,669203,R,field_out,False,False,174.0,0.227,24.0,13.79,18.0,10.34,0.635,0.098,23.0,11.59,13.69,25.28,24.07,13.56,539.0,0.262,101.0,18.74,43.0,7.98,0.738,0.1489999999999999,23.18,11.37,14.48,25.84,23.35,18.21,164.0,0.247,46.0,28.05,9.0,5.49,0.6779999999999999,0.14300000000000002,33.23,16.69,16.06,32.75,37.17,24.6,396.0,0.229,88.0,22.22,26.0,6.57,0.677,0.158,27.84,13.46,15.95,29.41,29.79,18.68
744931,2024-06-04,2024,662139,L,669203,R,field_out,False,False,166.0,0.203,48.0,28.92,18.0,10.84,0.7689999999999999,0.27699999999999997,25.94,11.94,15.97,27.91,24.06,23.76,466.0,0.202,111.0,23.82,36.0,7.73,0.662,0.19,25.51,12.84,15.05,27.89,29.23,18.26,125.0,0.158,25.0,20.0,11.0,8.8,0.43400000000000005,0.04400000000000001,24.67,11.07,18.38,29.45,29.59,15.82,388.0,0.17,112.0,28.87,40.0,10.31,0.515,0.087,29.82,13.15,18.05,31.21,30.03,25.51
744931,2024-06-04,2024,681297,L,650893,L,hit_by_pitch,False,False,45.0,0.225,17.0,37.78,3.0,6.67,0.673,0.17500000000000002,36.71,15.68,20.54,36.22,22.22,26.98,9.0,0.143,2.0,22.22,1.0,11.11,0.476,0.0,25.0,8.11,27.03,35.14,15.79,18.18,45.0,0.205,7.0,15.56,4.0,8.89,0.683,0.205,25.56,13.22,12.07,25.29,29.67,14.89,111.0,0.198,31.0,27.93,7.0,6.31,0.63,0.1679999999999999,31.68,15.17,17.06,32.23,29.76,26.5
744931,2024-06-04,2024,681393,R,650893,L,field_out,False,False,,,,,,,,,,,,,,,,,,,,,,,,,,,,,59.0,0.388,8.0,13.56,8.0,13.56,1.029,0.18299999999999994,17.78,7.88,18.23,26.11,27.96,13.79,128.0,0.264,27.0,21.09,17.0,13.28,0.804,0.181,28.36,14.05,11.65,25.69,30.85,15.52
744931,2024-06-04,2024,543510,R,650893,L,field_out,False,False,43.0,0.19,11.0,25.58,0.0,0.0,0.5,0.12,30.23,17.45,14.09,31.54,40.0,24.44,114.0,0.2,26.0,22.81,3.0,2.63,0.592,0.173,26.42,14.87,13.96,28.83,35.5,16.35,59.0,0.388,8.0,13.56,8.0,13.56,1.029,0.18299999999999994,17.78,7.88,18.23,26.11,27.96,13.79,128.0,0.264,27.0,21.09,17.0,13.28,0.804,0.181,28.36,14.05,11.65,25.69,30.85,15.52
744931,2024-06-04,2024,683002,L,650893,L,walk,False,True,86.0,0.29,24.0,27.91,14.0,16.28,0.9989999999999999,0.29,30.99,12.29,18.99,31.28,19.23,22.02,167.0,0.209,42.0,25.15,18.0,10.78,0.617,0.115,28.77,12.92,19.54,32.46,27.19,20.79,45.0,0.205,7.0,15.56,4.0,8.89,0.683,0.205,25.56,13.22,12.07,25.29,29.67,14.89,111.0,0.198,31.0,27.93,7.0,6.31,0.63,0.1679999999999999,31.68,15.17,17.06,32.23,29.76,26.5
744931,2024-06-04,2024,668939,R,650893,L,single,False,False,79.0,0.434,11.0,13.92,3.0,3.8,1.153,0.26299999999999996,16.67,7.55,20.75,28.3,26.32,11.83,191.0,0.304,21.0,10.99,31.0,16.23,0.895,0.177,12.46,4.9,20.56,25.46,20.79,8.71,59.0,0.388,8.0,13.56,8.0,13.56,1.029,0.18299999999999994,17.78,7.88,18.23,26.11,27.96,13.79,128.0,0.264,27.0,21.09,17.0,13.28,0.804,0.181,28.36,14.05,11.65,25.69,30.85,15.52
744931,2024-06-04,2024,663624,R,670102,R,home_run,False,False,158.0,0.275,36.0,22.78,7.0,4.43,0.767,0.188,22.75,12.46,12.79,25.25,37.5,19.15,310.0,0.235,78.0,25.16,22.0,7.1,0.6399999999999999,0.1139999999999999,29.78,16.05,13.56,29.61,37.06,21.61,43.0,0.325,12.0,27.91,3.0,6.98,0.972,0.27499999999999997,22.67,11.33,19.33,30.67,25.0,24.0,63.0,0.145,22.0,34.92,6.0,9.52,0.5289999999999999,0.146,34.17,16.21,17.0,33.2,24.22,24.44
744931,2024-06-04,2024,623993,L,670102,R,field_out,False,False,166.0,0.203,26.0,15.66,10.0,6.02,0.69,0.22199999999999998,16.8,9.53,11.8,21.33,41.67,12.15,486.0,0.26,107.0,22.02,31.0,6.38,0.798,0.2229999999999999,22.13,11.37,14.84,26.21,37.22,15.21,25.0,0.25,5.0,20.0,4.0,16.0,0.8500000000000001,0.2,26.53,13.13,14.14,27.27,18.6,18.52,73.0,0.197,13.0,17.81,2.0,2.74,0.557,0.141,14.29,7.34,17.83,25.17,34.33,14.29
744931,2024-06-04,2024,643396,R,669203,R,field_out,False,False,131.0,0.267,18.0,13.74,8.0,6.11,0.71,0.133,13.08,5.96,21.7,27.66,31.88,14.17,273.0,0.246,54.0,19.78,17.0,6.23,0.6479999999999999,0.1069999999999999,19.6,9.05,20.2,29.25,28.6,15.56,164.0,0.247,46.0,28.05,9.0,5.49,0.6779999999999999,0.14300000000000002,33.23,16.69,16.06,32.75,37.17,24.6,396.0,0.229,88.0,22.22,26.0,6.57,0.677,0.158,27.84,13.46,15.95,29.41,29.79,18.68
744931,2024-06-04,2024,676914,R,669203,R,single,False,False,142.0,0.258,35.0,24.65,17.0,11.97,0.8240000000000001,0.2,27.13,10.57,19.24,29.81,19.35,16.99,87.0,0.247,27.0,31.03,11.0,12.64,0.8340000000000001,0.219,37.06,13.98,21.9,35.88,15.66,21.77,164.0,0.247,46.0,28.05,9.0,5.49,0.6779999999999999,0.14300000000000002,33.23,16.69,16.06,32.75,37.17,24.6,396.0,0.229,88.0,22.22,26.0,6.57,0.677,0.158,27.84,13.46,15.95,29.41,29.79,18.68
744931,2024-06-04,2024,643376,R,669203,R,field_out,False,False,95.0,0.267,13.0,13.68,9.0,9.47,0.8720000000000001,0.268,17.53,6.96,20.36,27.32,19.89,10.62,215.0,0.237,46.0,21.4,16.0,7.44,0.784,0.221,25.13,11.59,15.17,26.76,23.75,20.09,164.0,0.247,46.0,28.05,9.0,5.49,0.6779999999999999,0.14300000000000002,33.23,16.69,16.06,32.75,37.17,24.6,396.0,0.229,88.0,22.22,26.0,6.57,0.677,0.158,27.84,13.46,15.95,29.41,29.79,18.68
744931,2024-06-04,2024,665489,R,669203,R,single,False,False,211.0,0.308,37.0,17.54,25.0,11.85,0.831,0.13,24.32,11.28,15.42,26.7,24.03,13.75,558.0,0.26,85.0,15.23,48.0,8.6,0.792,0.2,23.83,12.29,11.94,24.23,30.21,15.37,164.0,0.247,46.0,28.05,9.0,5.49,0.6779999999999999,0.14300000000000002,33.23,16.69,16.06,32.75,37.17,24.6,396.0,0.229,88.0,22.22,26.0,6.57,0.677,0.158,27.84,13.46,15.95,29.41,29.79,18.68
744931,2024-06-04,2024,596129,L,669203,R,field_out,False,False,66.0,0.22,15.0,22.73,7.0,10.61,0.659,0.13599999999999998,16.3,4.84,29.68,34.52,18.42,15.79,303.0,0.246,73.0,24.09,41.0,13.53,0.78,0.181,21.0,7.56,23.65,31.21,20.86,18.3,125.0,0.158,25.0,20.0,11.0,8.8,0.43400000000000005,0.04400000000000001,24.67,11.07,18.38,29.45,29.59,15.82,388.0,0.17,112.0,28.87,40.0,10.31,0.515,0.087,29.82,13.15,18.05,31.21,30.03,25.51
744931,2024-06-04,2024,676059,R,670102,R,field_out,False,False,166.0,0.311,27.0,16.27,11.0,6.63,0.897,0.21900000000000003,25.88,13.09,15.35,28.43,31.15,13.9,146.0,0.246,33.0,22.6,8.0,5.48,0.6779999999999999,0.142,22.97,11.73,16.25,27.98,29.59,19.76,43.0,0.325,12.0,27.91,3.0,6.98,0.972,0.27499999999999997,22.67,11.33,19.33,30.67,25.0,24.0,63.0,0.145,22.0,34.92,6.0,9.52,0.5289999999999999,0.146,34.17,16.21,17.0,33.2,24.22,24.44
744931,2024-06-04,2024,669720,R,670102,R,double,False,False,59.0,0.132,9.0,15.25,4.0,6.78,0.467,0.132,22.68,11.83,13.44,25.27,27.27,23.08,399.0,0.28,104.0,26.07,22.0,5.51,0.762,0.1589999999999999,29.22,13.77,18.52,32.29,31.55,22.92,43.0,0.325,12.0,27.91,3.0,6.98,0.972,0.27499999999999997,22.67,11.33,19.33,30.67,25.0,24.0,63.0,0.145,22.0,34.92,6.0,9.52,0.5289999999999999,0.146,34.17,16.21,17.0,33.2,24.22,24.44
744931,2024-06-04,2024,681297,L,670102,R,field_out,False,False,147.0,0.24,37.0,25.17,17.0,11.56,0.79,0.20800000000000002,28.89,12.68,16.42,29.11,22.67,21.64,68.0,0.111,20.0,29.41,12.0,17.65,0.427,0.0369999999999999,26.67,10.98,17.07,28.05,21.51,17.7,25.0,0.25,5.0,20.0,4.0,16.0,0.8500000000000001,0.2,26.53,13.13,14.14,27.27,18.6,18.52,73.0,0.197,13.0,17.81,2.0,2.74,0.557,0.141,14.29,7.34,17.83,25.17,34.33,14.29
744931,2024-06-04,2024,681393,R,670102,R,field_out,False,False,3.0,0.0,2.0,66.67,0.0,0.0,0.0,0.0,37.5,25.0,16.67,41.67,66.67,40.0,,,,,,,,,,,,,,,43.0,0.325,12.0,27.91,3.0,6.98,0.972,0.27499999999999997,22.67,11.33,19.33,30.67,25.0,24.0,63.0,0.145,22.0,34.92,6.0,9.52,0.5289999999999999,0.146,34.17,16.21,17.0,33.2,24.22,24.44
744931,2024-06-04,2024,666182,R,669203,R,strikeout,True,False,194.0,0.261,31.0,15.98,10.0,5.15,0.698,0.128,22.13,12.73,10.58,23.31,37.46,16.23,496.0,0.303,102.0,20.56,20.0,4.03,0.797,0.161,21.9,12.38,11.73,24.11,38.01,17.91,164.0,0.247,46.0,28.05,9.0,5.49,0.6779999999999999,0.14300000000000002,33.23,16.69,16.06,32.75,37.17,24.6,396.0,0.229,88.0,22.22,26.0,6.57,0.677,0.158,27.84,13.46,15.95,29.41,29.79,18.68
744931,2024-06-04,2024,457759,R,669203,R,strikeout,True,False,152.0,0.176,25.0,16.45,18.0,11.84,0.558,0.09900000000000003,20.19,9.56,15.44,25.0,27.01,10.64,462.0,0.273,78.0,16.88,33.0,7.14,0.765,0.1569999999999999,16.44,7.32,17.97,25.29,25.33,12.0,164.0,0.247,46.0,28.05,9.0,5.49,0.6779999999999999,0.14300000000000002,33.23,16.69,16.06,32.75,37.17,24.6,396.0,0.229,88.0,22.22,26.0,6.57,0.677,0.158,27.84,13.46,15.95,29.41,29.79,18.68
744931,2024-06-04,2024,543807,R,669203,R,field_out,False,False,174.0,0.227,24.0,13.79,18.0,10.34,0.635,0.098,23.0,11.59,13.69,25.28,24.07,13.56,539.0,0.262,101.0,18.74,43.0,7.98,0.738,0.1489999999999999,23.18,11.37,14.48,25.84,23.35,18.21,164.0,0.247,46.0,28.05,9.0,5.49,0.6779999999999999,0.14300000000000002,33.23,16.69,16.06,32.75,37.17,24.6,396.0,0.229,88.0,22.22,26.0,6.57,0.677,0.158,27.84,13.46,15.95,29.41,29.79,18.68
744931,2024-06-04,2024,543510,R,670102,R,field_out,False,False,45.0,0.209,6.0,13.33,1.0,2.22,0.501,0.07000000000000003,18.52,10.2,14.29,24.49,38.1,12.2,112.0,0.247,31.0,27.68,6.0,5.36,0.702,0.134,37.09,19.22,14.36,33.58,41.41,26.72,43.0,0.325,12.0,27.91,3.0,6.98,0.972,0.27499999999999997,22.67,11.33,19.33,30.67,25.0,24.0,63.0,0.145,22.0,34.92,6.0,9.52,0.5289999999999999,0.146,34.17,16.21,17.0,33.2,24.22,24.44
744931,2024-06-04,2024,683002,L,670102,R,double,False,False,177.0,0.256,36.0,20.34,17.0,9.6,0.929,0.33399999999999996,23.53,10.86,14.63,25.49,23.24,22.64,455.0,0.272,117.0,25.71,38.0,8.35,0.885,0.277,25.57,12.07,15.7,27.78,26.4,22.35,25.0,0.25,5.0,20.0,4.0,16.0,0.8500000000000001,0.2,26.53,13.13,14.14,27.27,18.6,18.52,73.0,0.197,13.0,17.81,2.0,2.74,0.557,0.141,14.29,7.34,17.83,25.17,34.33,14.29
744931,2024-06-04,2024,668939,L,670102,R,single,False,False,166.0,0.235,31.0,18.67,10.0,6.02,0.6359999999999999,0.118,22.12,10.57,19.14,29.71,33.85,16.67,496.0,0.267,80.0,16.13,61.0,12.3,0.778,0.1519999999999999,16.76,6.91,19.7,26.61,24.41,12.54,25.0,0.25,5.0,20.0,4.0,16.0,0.8500000000000001,0.2,26.53,13.13,14.14,27.27,18.6,18.52,73.0,0.197,13.0,17.81,2.0,2.74,0.557,0.141,14.29,7.34,17.83,25.17,34.33,14.29
744931,2024-06-04,2024,663624,R,670102,R,home_run,False,False,158.0,0.275,36.0,22.78,7.0,4.43,0.767,0.188,22.75,12.46,12.79,25.25,37.5,19.15,310.0,0.235,78.0,25.16,22.0,7.1,0.6399999999999999,0.1139999999999999,29.78,16.05,13.56,29.61,37.06,21.61,43.0,0.325,12.0,27.91,3.0,6.98,0.972,0.27499999999999997,22.67,11.33,19.33,30.67,25.0,24.0,63.0,0.145,22.0,34.92,6.0,9.52,0.5289999999999999,0.146,34.17,16.21,17.0,33.2,24.22,24.44
744931,2024-06-04,2024,623993,L,670102,R,field_out,False,False,166.0,0.203,26.0,15.66,10.0,6.02,0.69,0.22199999999999998,16.8,9.53,11.8,21.33,41.67,12.15,486.0,0.26,107.0,22.02,31.0,6.38,0.798,0.2229999999999999,22.13,11.37,14.84,26.21,37.22,15.21,25.0,0.25,5.0,20.0,4.0,16.0,0.8500000000000001,0.2,26.53,13.13,14.14,27.27,18.6,18.52,73.0,0.197,13.0,17.81,2.0,2.74,0.557,0.141,14.29,7.34,17.83,25.17,34.33,14.29
744931,2024-06-04,2024,676059,R,670102,R,strikeout,True,False,166.0,0.311,27.0,16.27,11.0,6.63,0.897,0.21900000000000003,25.88,13.09,15.35,28.43,31.15,13.9,146.0,0.246,33.0,22.6,8.0,5.48,0.6779999999999999,0.142,22.97,11.73,16.25,27.98,29.59,19.76,43.0,0.325,12.0,27.91,3.0,6.98,0.972,0.27499999999999997,22.67,11.33,19.33,30.67,25.0,24.0,63.0,0.145,22.0,34.92,6.0,9.52,0.5289999999999999,0.146,34.17,16.21,17.0,33.2,24.22,24.44
744931,2024-06-04,2024,662139,L,669203,R,field_out,False,False,166.0,0.203,48.0,28.92,18.0,10.84,0.7689999999999999,0.27699999999999997,25.94,11.94,15.97,27.91,24.06,23.76,466.0,0.202,111.0,23.82,36.0,7.73,0.662,0.19,25.51,12.84,15.05,27.89,29.23,18.26,125.0,0.158,25.0,20.0,11.0,8.8,0.43400000000000005,0.04400000000000001,24.67,11.07,18.38,29.45,29.59,15.82,388.0,0.17,112.0,28.87,40.0,10.31,0.515,0.087,29.82,13.15,18.05,31.21,30.03,25.51
744931,2024-06-04,2024,643396,R,669203,R,field_out,False,False,131.0,0.267,18.0,13.74,8.0,6.11,0.71,0.133,13.08,5.96,21.7,27.66,31.88,14.17,273.0,0.246,54.0,19.78,17.0,6.23,0.6479999999999999,0.1069999999999999,19.6,9.05,20.2,29.25,28.6,15.56,164.0,0.247,46.0,28.05,9.0,5.49,0.6779999999999999,0.14300000000000002,33.23,16.69,16.06,32.75,37.17,24.6,396.0,0.229,88.0,22.22,26.0,6.57,0.677,0.158,27.84,13.46,15.95,29.41,29.79,18.68
744931,2024-06-04,2024,676914,R,669203,R,strikeout,True,False,142.0,0.258,35.0,24.65,17.0,11.97,0.8240000000000001,0.2,27.13,10.57,19.24,29.81,19.35,16.99,87.0,0.247,27.0,31.03,11.0,12.64,0.8340000000000001,0.219,37.06,13.98,21.9,35.88,15.66,21.77,164.0,0.247,46.0,28.05,9.0,5.49,0.6779999999999999,0.14300000000000002,33.23,16.69,16.06,32.75,37.17,24.6,396.0,0.229,88.0,22.22,26.0,6.57,0.677,0.158,27.84,13.46,15.95,29.41,29.79,18.68
744931,2024-06-04,2024,669720,R,670102,R,hit_by_pitch,False,False,59.0,0.132,9.0,15.25,4.0,6.78,0.467,0.132,22.68,11.83,13.44,25.27,27.27,23.08,399.0,0.28,104.0,26.07,22.0,5.51,0.762,0.1589999999999999,29.22,13.77,18.52,32.29,31.55,22.92,43.0,0.325,12.0,27.91,3.0,6.98,0.972,0.27499999999999997,22.67,11.33,19.33,30.67,25.0,24.0,63.0,0.145,22.0,34.92,6.0,9.52,0.5289999999999999,0.146,34.17,16.21,17.0,33.2,24.22,24.44
744931,2024-06-04,2024,681297,L,670102,R,strikeout,True,False,147.0,0.24,37.0,25.17,17.0,11.56,0.79,0.20800000000000002,28.89,12.68,16.42,29.11,22.67,21.64,68.0,0.111,20.0,29.41,12.0,17.65,0.427,0.0369999999999999,26.67,10.98,17.07,28.05,21.51,17.7,25.0,0.25,5.0,20.0,4.0,16.0,0.8500000000000001,0.2,26.53,13.13,14.14,27.27,18.6,18.52,73.0,0.197,13.0,17.81,2.0,2.74,0.557,0.141,14.29,7.34,17.83,25.17,34.33,14.29
744931,2024-06-04,2024,681393,R,670102,R,field_out,False,False,3.0,0.0,2.0,66.67,0.0,0.0,0.0,0.0,37.5,25.0,16.67,41.67,66.67,40.0,,,,,,,,,,,,,,,43.0,0.325,12.0,27.91,3.0,6.98,0.972,0.27499999999999997,22.67,11.33,19.33,30.67,25.0,24.0,63.0,0.145,22.0,34.92,6.0,9.52,0.5289999999999999,0.146,34.17,16.21,17.0,33.2,24.22,24.44
744931,2024-06-04,2024,543510,R,670102,R,field_out,False,False,45.0,0.209,6.0,13.33,1.0,2.22,0.501,0.07000000000000003,18.52,10.2,14.29,24.49,38.1,12.2,112.0,0.247,31.0,27.68,6.0,5.36,0.702,0.134,37.09,19.22,14.36,33.58,41.41,26.72,43.0,0.325,12.0,27.91,3.0,6.98,0.972,0.27499999999999997,22.67,11.33,19.33,30.67,25.0,24.0,63.0,0.145,22.0,34.92,6.0,9.52,0.5289999999999999,0.146,34.17,16.21,17.0,33.2,24.22,24.44
744931,2024-06-04,2024,643376,R,669203,R,field_out,False,False,95.0,0.267,13.0,13.68,9.0,9.47,0.8720000000000001,0.268,17.53,6.96,20.36,27.32,19.89,10.62,215.0,0.237,46.0,21.4,16.0,7.44,0.784,0.221,25.13,11.59,15.17,26.76,23.75,20.09,164.0,0.247,46.0,28.05,9.0,5.49,0.6779999999999999,0.14300000000000002,33.23,16.69,16.06,32.75,37.17,24.6,396.0,0.229,88.0,22.22,26.0,6.57,0.677,0.158,27.84,13.46,15.95,29.41,29.79,18.68
744931,2024-06-04,2024,665489,R,669203,R,field_out,False,False,211.0,0.308,37.0,17.54,25.0,11.85,0.831,0.13,24.32,11.28,15.42,26.7,24.03,13.75,558.0,0.26,85.0,15.23,48.0,8.6,0.792,0.2,23.83,12.29,11.94,24.23,30.21,15.37,164.0,0.247,46.0,28.05,9.0,5.49,0.6779999999999999,0.14300000000000002,33.23,16.69,16.06,32.75,37.17,24.6,396.0,0.229,88.0,22.22,26.0,6.57,0.677,0.158,27.84,13.46,15.95,29.41,29.79,18.68
744931,2024-06-04,2024,596129,L,669203,R,strikeout,True,False,66.0,0.22,15.0,22.73,7.0,10.61,0.659,0.13599999999999998,16.3,4.84,29.68,34.52,18.42,15.79,303.0,0.246,73.0,24.09,41.0,13.53,0.78,0.181,21.0,7.56,23.65,31.21,20.86,18.3,125.0,0.158,25.0,20.0,11.0,8.8,0.43400000000000005,0.04400000000000001,24.67,11.07,18.38,29.45,29.59,15.82,388.0,0.17,112.0,28.87,40.0,10.31,0.515,0.087,29.82,13.15,18.05,31.21,30.03,25.51
744931,2024-06-04,2024,683002,L,647315,R,walk,False,True,177.0,0.256,36.0,20.34,17.0,9.6,0.929,0.33399999999999996,23.53,10.86,14.63,25.49,23.24,22.64,455.0,0.272,117.0,25.71,38.0,8.35,0.885,0.277,25.57,12.07,15.7,27.78,26.4,22.35,23.0,0.15,4.0,17.39,1.0,4.35,0.382,0.05000000000000002,38.89,19.44,13.89,33.33,36.84,26.67,22.0,0.316,5.0,22.73,3.0,13.64,1.251,0.526,36.36,16.44,13.7,30.14,28.89,31.25
744931,2024-06-04,2024,668939,L,647315,R,walk,False,True,166.0,0.235,31.0,18.67,10.0,6.02,0.6359999999999999,0.118,22.12,10.57,19.14,29.71,33.85,16.67,496.0,0.267,80.0,16.13,61.0,12.3,0.778,0.1519999999999999,16.76,6.91,19.7,26.61,24.41,12.54,23.0,0.15,4.0,17.39,1.0,4.35,0.382,0.05000000000000002,38.89,19.44,13.89,33.33,36.84,26.67,22.0,0.316,5.0,22.73,3.0,13.64,1.251,0.526,36.36,16.44,13.7,30.14,28.89,31.25
744931,2024-06-04,2024,663624,R,647315,R,grounded_into_double_play,False,False,158.0,0.275,36.0,22.78,7.0,4.43,0.767,0.188,22.75,12.46,12.79,25.25,37.5,19.15,310.0,0.235,78.0,25.16,22.0,7.1,0.6399999999999999,0.1139999999999999,29.78,16.05,13.56,29.61,37.06,21.61,33.0,0.312,4.0,12.12,0.0,0.0,0.9590000000000001,0.34400000000000003,12.31,6.9,10.34,17.24,37.29,11.43,34.0,0.161,9.0,26.47,3.0,8.82,0.493,0.097,21.67,10.32,23.81,34.13,41.43,21.95
744931,2024-06-04,2024,623993,L,647315,R,double,False,False,166.0,0.203,26.0,15.66,10.0,6.02,0.69,0.22199999999999998,16.8,9.53,11.8,21.33,41.67,12.15,486.0,0.26,107.0,22.02,31.0,6.38,0.798,0.2229999999999999,22.13,11.37,14.84,26.21,37.22,15.21,23.0,0.15,4.0,17.39,1.0,4.35,0.382,0.05000000000000002,38.89,19.44,13.89,33.33,36.84,26.67,22.0,0.316,5.0,22.73,3.0,13.64,1.251,0.526,36.36,16.44,13.7,30.14,28.89,31.25
744931,2024-06-04,2024,676059,R,647315,R,field_out,False,False,166.0,0.311,27.0,16.27,11.0,6.63,0.897,0.21900000000000003,25.88,13.09,15.35,28.43,31.15,13.9,146.0,0.246,33.0,22.6,8.0,5.48,0.6779999999999999,0.142,22.97,11.73,16.25,27.98,29.59,19.76,33.0,0.312,4.0,12.12,0.0,0.0,0.9590000000000001,0.34400000000000003,12.31,6.9,10.34,17.24,37.29,11.43,34.0,0.161,9.0,26.47,3.0,8.82,0.493,0.097,21.67,10.32,23.81,34.13,41.43,21.95
744931,2024-06-04,2024,666182,R,669203,R,field_out,False,False,194.0,0.261,31.0,15.98,10.0,5.15,0.698,0.128,22.13,12.73,10.58,23.31,37.46,16.23,496.0,0.303,102.0,20.56,20.0,4.03,0.797,0.161,21.9,12.38,11.73,24.11,38.01,17.91,164.0,0.247,46.0,28.05,9.0,5.49,0.6779999999999999,0.14300000000000002,33.23,16.69,16.06,32.75,37.17,24.6,396.0,0.229,88.0,22.22,26.0,6.57,0.677,0.158,27.84,13.46,15.95,29.41,29.79,18.68
744931,2024-06-04,2024,457759,R,669203,R,strikeout,True,False,152.0,0.176,25.0,16.45,18.0,11.84,0.558,0.09900000000000003,20.19,9.56,15.44,25.0,27.01,10.64,462.0,0.273,78.0,16.88,33.0,7.14,0.765,0.1569999999999999,16.44,7.32,17.97,25.29,25.33,12.0,164.0,0.247,46.0,28.05,9.0,5.49,0.6779999999999999,0.14300000000000002,33.23,16.69,16.06,32.75,37.17,24.6,396.0,0.229,88.0,22.22,26.0,6.57,0.677,0.158,27.84,13.46,15.95,29.41,29.79,18.68
744931,2024-06-04,2024,543807,R,669203,R,home_run,False,False,174.0,0.227,24.0,13.79,18.0,10.34,0.635,0.098,23.0,11.59,13.69,25.28,24.07,13.56,539.0,0.262,101.0,18.74,43.0,7.98,0.738,0.1489999999999999,23.18,11.37,14.48,25.84,23.35,18.21,164.0,0.247,46.0,28.05,9.0,5.49,0.6779999999999999,0.14300000000000002,33.23,16.69,16.06,32.75,37.17,24.6,396.0,0.229,88.0,22.22,26.0,6.57,0.677,0.158,27.84,13.46,15.95,29.41,29.79,18.68
744931,2024-06-04,2024,662139,L,669203,R,field_out,False,False,166.0,0.203,48.0,28.92,18.0,10.84,0.7689999999999999,0.27699999999999997,25.94,11.94,15.97,27.91,24.06,23.76,466.0,0.202,111.0,23.82,36.0,7.73,0.662,0.19,25.51,12.84,15.05,27.89,29.23,18.26,125.0,0.158,25.0,20.0,11.0,8.8,0.43400000000000005,0.04400000000000001,24.67,11.07,18.38,29.45,29.59,15.82,388.0,0.17,112.0,28.87,40.0,10.31,0.515,0.087,29.82,13.15,18.05,31.21,30.03,25.51
744931,2024-06-04,2024,669720,R,663878,R,field_out,False,False,59.0,0.132,9.0,15.25,4.0,6.78,0.467,0.132,22.68,11.83,13.44,25.27,27.27,23.08,399.0,0.28,104.0,26.07,22.0,5.51,0.762,0.1589999999999999,29.22,13.77,18.52,32.29,31.55,22.92,61.0,0.269,15.0,24.59,6.0,9.84,0.729,0.11599999999999999,30.19,13.06,19.18,32.24,26.98,17.65,108.0,0.247,22.0,20.37,7.0,6.48,0.749,0.196,25.39,11.81,15.18,26.99,24.64,20.75
744931,2024-06-04,2024,681297,L,663878,R,walk,False,True,147.0,0.24,37.0,25.17,17.0,11.56,0.79,0.20800000000000002,28.89,12.68,16.42,29.11,22.67,21.64,68.0,0.111,20.0,29.41,12.0,17.65,0.427,0.0369999999999999,26.67,10.98,17.07,28.05,21.51,17.7,38.0,0.194,11.0,28.95,4.0,10.53,0.579,0.09599999999999997,19.72,8.81,17.61,26.42,20.51,23.91,74.0,0.194,21.0,28.38,11.0,14.86,0.679,0.1609999999999999,28.0,10.7,18.04,28.75,14.62,21.28
744931,2024-06-04,2024,681393,R,663878,R,home_run,False,False,3.0,0.0,2.0,66.67,0.0,0.0,0.0,0.0,37.5,25.0,16.67,41.67,66.67,40.0,,,,,,,,,,,,,,,61.0,0.269,15.0,24.59,6.0,9.84,0.729,0.11599999999999999,30.19,13.06,19.18,32.24,26.98,17.65,108.0,0.247,22.0,20.37,7.0,6.48,0.749,0.196,25.39,11.81,15.18,26.99,24.64,20.75
744931,2024-06-04,2024,543510,R,663878,R,single,False,False,45.0,0.209,6.0,13.33,1.0,2.22,0.501,0.07000000000000003,18.52,10.2,14.29,24.49,38.1,12.2,112.0,0.247,31.0,27.68,6.0,5.36,0.702,0.134,37.09,19.22,14.36,33.58,41.41,26.72,61.0,0.269,15.0,24.59,6.0,9.84,0.729,0.11599999999999999,30.19,13.06,19.18,32.24,26.98,17.65,108.0,0.247,22.0,20.37,7.0,6.48,0.749,0.196,25.39,11.81,15.18,26.99,24.64,20.75
744931,2024-06-04,2024,683002,L,663878,R,strikeout,True,False,177.0,0.256,36.0,20.34,17.0,9.6,0.929,0.33399999999999996,23.53,10.86,14.63,25.49,23.24,22.64,455.0,0.272,117.0,25.71,38.0,8.35,0.885,0.277,25.57,12.07,15.7,27.78,26.4,22.35,38.0,0.194,11.0,28.95,4.0,10.53,0.579,0.09599999999999997,19.72,8.81,17.61,26.42,20.51,23.91,74.0,0.194,21.0,28.38,11.0,14.86,0.679,0.1609999999999999,28.0,10.7,18.04,28.75,14.62,21.28
744931,2024-06-04,2024,668939,L,663878,R,strikeout,True,False,166.0,0.235,31.0,18.67,10.0,6.02,0.6359999999999999,0.118,22.12,10.57,19.14,29.71,33.85,16.67,496.0,0.267,80.0,16.13,61.0,12.3,0.778,0.1519999999999999,16.76,6.91,19.7,26.61,24.41,12.54,38.0,0.194,11.0,28.95,4.0,10.53,0.579,0.09599999999999997,19.72,8.81,17.61,26.42,20.51,23.91,74.0,0.194,21.0,28.38,11.0,14.86,0.679,0.1609999999999999,28.0,10.7,18.04,28.75,14.62,21.28
744931,2024-06-04,2024,643396,R,657097,R,field_out,False,False,131.0,0.267,18.0,13.74,8.0,6.11,0.71,0.133,13.08,5.96,21.7,27.66,31.88,14.17,273.0,0.246,54.0,19.78,17.0,6.23,0.6479999999999999,0.1069999999999999,19.6,9.05,20.2,29.25,28.6,15.56,67.0,0.214,15.0,22.39,11.0,16.42,0.664,0.10700000000000001,27.05,12.09,15.02,27.11,20.3,17.65,154.0,0.178,38.0,24.68,15.0,9.74,0.6080000000000001,0.155,31.15,16.29,14.33,30.62,34.71,18.27
744931,2024-06-04,2024,676914,R,657097,R,field_out,False,False,142.0,0.258,35.0,24.65,17.0,11.97,0.8240000000000001,0.2,27.13,10.57,19.24,29.81,19.35,16.99,87.0,0.247,27.0,31.03,11.0,12.64,0.8340000000000001,0.219,37.06,13.98,21.9,35.88,15.66,21.77,67.0,0.214,15.0,22.39,11.0,16.42,0.664,0.10700000000000001,27.05,12.09,15.02,27.11,20.3,17.65,154.0,0.178,38.0,24.68,15.0,9.74,0.6080000000000001,0.155,31.15,16.29,14.33,30.62,34.71,18.27
744931,2024-06-04,2024,643376,R,657097,R,field_out,False,False,95.0,0.267,13.0,13.68,9.0,9.47,0.8720000000000001,0.268,17.53,6.96,20.36,27.32,19.89,10.62,215.0,0.237,46.0,21.4,16.0,7.44,0.784,0.221,25.13,11.59,15.17,26.76,23.75,20.09,67.0,0.214,15.0,22.39,11.0,16.42,0.664,0.10700000000000001,27.05,12.09,15.02,27.11,20.3,17.65,154.0,0.178,38.0,24.68,15.0,9.74,0.6080000000000001,0.155,31.15,16.29,14.33,30.62,34.71,18.27
744931,2024-06-04,2024,663624,R,641835,L,field_out,False,False,65.0,0.305,12.0,18.46,6.0,9.23,0.911,0.23700000000000004,20.44,10.77,13.08,23.85,37.96,16.22,161.0,0.338,29.0,18.01,15.0,9.32,1.053,0.317,25.46,14.21,11.82,26.03,41.95,16.86,46.0,0.333,10.0,21.74,2.0,4.35,0.9189999999999999,0.23799999999999993,21.18,10.23,15.34,25.57,28.57,18.18,100.0,0.258,27.0,27.0,11.0,11.0,0.744,0.146,27.06,11.3,14.74,26.04,27.47,23.68
744931,2024-06-04,2024,669065,L,641835,L,field_out,False,False,,,,,,,,,,,,,,,3.0,0.0,0.0,0.0,1.0,33.33,0.333,0.0,20.0,9.09,9.09,18.18,20.0,0.0,39.0,0.188,4.0,10.26,7.0,17.95,0.645,0.124,10.0,3.18,24.2,27.39,14.29,8.89,115.0,0.245,26.0,22.61,4.0,3.48,0.5609999999999999,0.0459999999999999,19.23,8.47,23.97,32.45,29.47,22.61
744931,2024-06-04,2024,676059,R,641835,L,field_out,False,False,56.0,0.235,16.0,28.57,4.0,7.14,0.742,0.21600000000000003,39.45,20.09,14.95,35.05,32.11,25.81,82.0,0.284,23.0,28.05,8.0,9.76,0.786,0.148,32.37,14.29,17.14,31.43,25.99,24.21,46.0,0.333,10.0,21.74,2.0,4.35,0.9189999999999999,0.23799999999999993,21.18,10.23,15.34,25.57,28.57,18.18,100.0,0.258,27.0,27.0,11.0,11.0,0.744,0.146,27.06,11.3,14.74,26.04,27.47,23.68
744931,2024-06-04,2024,676391,R,663989,L,field_out,False,False,44.0,0.325,3.0,6.82,1.0,2.27,0.8069999999999999,0.125,11.76,7.14,14.29,21.43,42.19,8.57,32.0,0.367,3.0,9.38,1.0,3.12,0.775,0.033,12.96,7.37,17.89,25.26,46.81,17.65,2.0,0.0,0.0,0.0,0.0,0.0,0.0,0.0,40.0,28.57,14.29,42.86,0.0,0.0,40.0,0.342,5.0,12.5,1.0,2.5,1.007,0.29,19.72,9.79,18.88,28.67,35.38,12.82
744931,2024-06-04,2024,672386,R,663989,L,field_out,False,False,32.0,0.179,5.0,15.62,4.0,12.5,0.495,0.035,20.0,8.03,19.71,27.74,21.43,11.9,128.0,0.264,17.0,13.28,17.0,13.28,0.732,0.1089999999999999,11.34,4.1,23.84,27.93,25.62,11.11,2.0,0.0,0.0,0.0,0.0,0.0,0.0,0.0,40.0,28.57,14.29,42.86,0.0,0.0,40.0,0.342,5.0,12.5,1.0,2.5,1.007,0.29,19.72,9.79,18.88,28.67,35.38,12.82
744931,2024-06-04,2024,666182,R,663989,L,single,False,False,42.0,0.125,7.0,16.67,2.0,4.76,0.317,0.024999999999999994,13.68,8.55,9.87,18.42,42.47,13.21,107.0,0.323,13.0,12.15,7.0,6.54,0.893,0.202,17.62,9.88,9.88,19.75,30.5,10.32,2.0,0.0,0.0,0.0,0.0,0.0,0.0,0.0,40.0,28.57,14.29,42.86,0.0,0.0,40.0,0.342,5.0,12.5,1.0,2.5,1.007,0.29,19.72,9.79,18.88,28.67,35.38,12.82
744931,2024-06-04,2024,457759,R,663989,L,field_out,False,False,42.0,0.333,6.0,14.29,2.0,4.76,0.9209999999999999,0.23099999999999993,10.11,4.84,19.89,24.73,26.19,9.23,164.0,0.285,32.0,19.51,18.0,10.98,0.9,0.243,20.38,9.35,18.71,28.06,27.41,13.45,2.0,0.0,0.0,0.0,0.0,0.0,0.0,0.0,40.0,28.57,14.29,42.86,0.0,0.0,40.0,0.342,5.0,12.5,1.0,2.5,1.007,0.29,19.72,9.79,18.88,28.67,35.38,12.82
747194,2024-06-04,2024,689172,L,669194,R,field_out,False,False,30.0,0.31,6.0,20.0,0.0,0.0,0.679,0.069,27.27,14.85,17.82,32.67,46.94,22.22,106.0,0.155,30.0,28.3,8.0,7.55,0.4639999999999999,0.092,28.32,14.65,14.19,28.83,32.6,19.86,112.0,0.248,15.0,13.39,6.0,5.36,0.743,0.20900000000000002,13.96,6.98,15.77,22.75,30.43,10.49,304.0,0.294,42.0,13.82,33.0,10.86,0.896,0.237,18.17,8.64,15.1,23.74,25.09,12.03
747194,2024-06-04,2024,672275,L,669194,R,strikeout,True,False,110.0,0.274,21.0,19.09,11.0,10.0,0.792,0.179,22.54,10.84,13.54,24.38,27.48,17.95,240.0,0.203,70.0,29.17,13.0,5.42,0.5569999999999999,0.0989999999999999,26.61,12.88,17.55,30.43,28.93,23.81,112.0,0.248,15.0,13.39,6.0,5.36,0.743,0.20900000000000002,13.96,6.98,15.77,22.75,30.43,10.49,304.0,0.294,42.0,13.82,33.0,10.86,0.896,0.237,18.17,8.64,15.1,23.74,25.09,12.03
747194,2024-06-04,2024,656305,R,669194,R,field_out,False,False,196.0,0.208,47.0,23.98,15.0,7.65,0.635,0.146,25.27,11.76,19.09,30.85,27.17,19.18,471.0,0.223,139.0,29.51,52.0,11.04,0.722,0.179,31.15,13.33,17.79,31.11,18.61,21.72,103.0,0.404,17.0,16.5,7.0,6.8,1.043,0.19199999999999995,23.2,12.0,13.07,25.07,27.32,15.32,315.0,0.276,54.0,17.14,13.0,4.13,0.808,0.2259999999999999,22.31,11.58,14.58,26.16,25.24,14.32
747194,2024-06-04,2024,606466,R,669062,L,single,False,False,100.0,0.319,11.0,11.0,7.0,7.0,1.083,0.38399999999999995,21.43,11.64,11.04,22.69,33.96,12.5,199.0,0.313,24.0,12.06,17.0,8.54,0.879,0.184,19.78,9.92,12.91,22.83,31.78,12.7,70.0,0.206,18.0,25.71,7.0,10.0,0.762,0.27,32.88,15.89,14.57,30.46,25.68,17.14,,,,,,,,,,,,,,
747194,2024-06-04,2024,672515,R,669062,L,single,False,False,66.0,0.23,8.0,12.12,5.0,7.58,0.583,0.06499999999999997,16.91,7.8,18.64,26.44,27.14,8.51,116.0,0.352,32.0,27.59,5.0,4.31,0.899,0.176,20.55,9.15,21.54,30.69,27.88,22.38,70.0,0.206,18.0,25.71,7.0,10.0,0.762,0.27,32.88,15.89,14.57,30.46,25.68,17.14,,,,,,,,,,,,,,
747194,2024-06-04,2024,592626,L,669062,L,field_out,False,False,10.0,0.286,4.0,40.0,2.0,20.0,1.357,0.571,25.0,7.32,29.27,36.59,16.67,50.0,52.0,0.186,15.0,28.85,8.0,15.38,0.6060000000000001,0.093,27.91,11.21,17.76,28.97,22.03,25.0,43.0,0.147,16.0,37.21,8.0,18.6,0.532,0.059,38.57,13.64,20.71,34.34,19.82,22.06,,,,,,,,,,,,,,
747194,2024-06-04,2024,572233,R,669062,L,grounded_into_double_play,False,False,73.0,0.277,22.0,30.14,7.0,9.59,0.788,0.16899999999999998,30.2,14.06,15.94,30.0,24.07,19.3,168.0,0.255,32.0,19.05,20.0,11.9,0.922,0.3189999999999999,27.22,12.57,12.85,25.42,24.16,14.55,70.0,0.206,18.0,25.71,7.0,10.0,0.762,0.27,32.88,15.89,14.57,30.46,25.68,17.14,,,,,,,,,,,,,,
747194,2024-06-04,2024,624424,L,669194,R,field_out,False,False,120.0,0.257,23.0,19.17,11.0,9.17,0.775,0.193,22.81,10.83,15.42,26.25,29.37,16.2,368.0,0.245,77.0,20.92,50.0,13.59,0.753,0.155,23.68,10.56,15.02,25.57,23.23,16.81,112.0,0.248,15.0,13.39,6.0,5.36,0.743,0.20900000000000002,13.96,6.98,15.77,22.75,30.43,10.49,304.0,0.294,42.0,13.82,33.0,10.86,0.896,0.237,18.17,8.64,15.1,23.74,25.09,12.03
747194,2024-06-04,2024,671218,R,669194,R,field_out,False,False,74.0,0.29,25.0,33.78,5.0,6.76,0.744,0.11600000000000005,32.35,14.81,16.5,31.31,27.56,27.17,14.0,0.154,4.0,28.57,1.0,7.14,0.368,0.0,30.43,14.58,18.75,33.33,26.09,50.0,103.0,0.404,17.0,16.5,7.0,6.8,1.043,0.19199999999999995,23.2,12.0,13.07,25.07,27.32,15.32,315.0,0.276,54.0,17.14,13.0,4.13,0.808,0.2259999999999999,22.31,11.58,14.58,26.16,25.24,14.32
747194,2024-06-04,2024,624585,R,669194,R,field_out,False,False,144.0,0.209,31.0,21.53,13.0,9.03,0.627,0.13999999999999999,26.92,13.01,14.87,27.88,28.16,20.81,446.0,0.242,111.0,24.89,46.0,10.31,0.788,0.22,27.97,12.22,16.15,28.37,25.71,21.19,103.0,0.404,17.0,16.5,7.0,6.8,1.043,0.19199999999999995,23.2,12.0,13.07,25.07,27.32,15.32,315.0,0.276,54.0,17.14,13.0,4.13,0.808,0.2259999999999999,22.31,11.58,14.58,26.16,25.24,14.32
747194,2024-06-04,2024,666971,R,675921,R,home_run,False,False,165.0,0.192,31.0,18.79,8.0,4.85,0.5569999999999999,0.129,20.75,10.53,15.79,26.32,31.27,16.67,433.0,0.247,85.0,19.63,21.0,4.85,0.756,0.22,20.07,9.99,16.64,26.63,31.06,17.82,17.0,0.529,2.0,11.76,0.0,0.0,1.47,0.4119999999999999,18.75,12.5,4.17,16.67,30.0,15.38,14.0,0.273,1.0,7.14,2.0,14.29,0.974,0.272,29.17,10.61,16.67,27.27,18.42,4.76
747194,2024-06-04,2024,664983,L,675921,R,field_out,False,False,116.0,0.235,24.0,20.69,10.0,8.62,0.6699999999999999,0.128,21.53,10.32,16.06,26.38,27.48,17.91,230.0,0.255,51.0,22.17,17.0,7.39,0.643,0.072,22.4,11.76,13.9,25.65,32.76,19.39,17.0,0.0,5.0,29.41,0.0,0.0,0.0,0.0,32.26,14.71,19.12,33.82,29.73,16.67,4.0,0.333,1.0,25.0,1.0,25.0,0.833,0.0,66.67,26.67,20.0,46.67,37.5,33.33
747194,2024-06-04,2024,553993,R,675921,R,triple,False,False,165.0,0.199,44.0,26.67,7.0,4.24,0.579,0.132,30.31,14.83,15.29,30.12,28.4,22.22,537.0,0.227,161.0,29.98,48.0,8.94,0.706,0.167,32.3,14.54,16.91,31.45,23.96,22.87,17.0,0.529,2.0,11.76,0.0,0.0,1.47,0.4119999999999999,18.75,12.5,4.17,16.67,30.0,15.38,14.0,0.273,1.0,7.14,2.0,14.29,0.974,0.272,29.17,10.61,16.67,27.27,18.42,4.76
747194,2024-06-04,2024,682998,L,675921,R,field_out,False,False,164.0,0.183,33.0,20.12,20.0,12.2,0.576,0.10599999999999998,21.07,9.42,16.13,25.56,26.04,20.5,472.0,0.286,105.0,22.25,46.0,9.75,0.921,0.266,22.34,10.24,16.27,26.51,28.83,21.92,17.0,0.0,5.0,29.41,0.0,0.0,0.0,0.0,32.26,14.71,19.12,33.82,29.73,16.67,4.0,0.333,1.0,25.0,1.0,25.0,0.833,0.0,66.67,26.67,20.0,46.67,37.5,33.33
747194,2024-06-04,2024,677942,R,675921,R,single,False,False,61.0,0.214,15.0,24.59,5.0,8.2,0.583,0.09,27.83,13.68,14.53,28.21,33.61,20.83,,,,,,,,,,,,,,,17.0,0.529,2.0,11.76,0.0,0.0,1.47,0.4119999999999999,18.75,12.5,4.17,16.67,30.0,15.38,14.0,0.273,1.0,7.14,2.0,14.29,0.974,0.272,29.17,10.61,16.67,27.27,18.42,4.76
747194,2024-06-04,2024,606466,L,675921,R,strikeout,True,False,165.0,0.24,40.0,24.24,13.0,7.88,0.667,0.13,24.41,11.77,14.19,25.97,27.07,22.54,452.0,0.259,85.0,18.81,54.0,11.95,0.827,0.2199999999999999,20.87,9.03,16.76,25.8,21.17,17.28,17.0,0.0,5.0,29.41,0.0,0.0,0.0,0.0,32.26,14.71,19.12,33.82,29.73,16.67,4.0,0.333,1.0,25.0,1.0,25.0,0.833,0.0,66.67,26.67,20.0,46.67,37.5,33.33
747194,2024-06-04,2024,573262,L,669194,R,field_out,False,False,150.0,0.212,43.0,28.67,11.0,7.33,0.642,0.16,25.83,10.79,18.8,29.58,19.55,22.99,296.0,0.243,75.0,25.34,40.0,13.51,0.831,0.235,23.69,9.65,18.67,28.32,20.68,19.69,112.0,0.248,15.0,13.39,6.0,5.36,0.743,0.20900000000000002,13.96,6.98,15.77,22.75,30.43,10.49,304.0,0.294,42.0,13.82,33.0,10.86,0.896,0.237,18.17,8.64,15.1,23.74,25.09,12.03
747194,2024-06-04,2024,669477,R,669194,R,field_out,False,False,25.0,0.2,5.0,20.0,0.0,0.0,0.56,0.15999999999999998,23.08,13.24,22.06,35.29,46.15,33.33,162.0,0.193,45.0,27.78,8.0,4.94,0.5549999999999999,0.1099999999999999,29.87,16.43,14.82,31.25,40.93,29.03,103.0,0.404,17.0,16.5,7.0,6.8,1.043,0.19199999999999995,23.2,12.0,13.07,25.07,27.32,15.32,315.0,0.276,54.0,17.14,13.0,4.13,0.808,0.2259999999999999,22.31,11.58,14.58,26.16,25.24,14.32
747194,2024-06-04,2024,670092,L,669194,R,field_out,False,False,11.0,0.111,3.0,27.27,2.0,18.18,0.384,0.0,25.0,7.84,23.53,31.37,16.13,25.0,,,,,,,,,,,,,,,112.0,0.248,15.0,13.39,6.0,5.36,0.743,0.20900000000000002,13.96,6.98,15.77,22.75,30.43,10.49,304.0,0.294,42.0,13.82,33.0,10.86,0.896,0.237,18.17,8.64,15.1,23.74,25.09,12.03
747194,2024-06-04,2024,672515,R,675921,R,field_out,False,False,102.0,0.239,20.0,19.61,13.0,12.75,0.684,0.10200000000000004,17.75,6.99,23.31,30.3,20.2,17.54,264.0,0.253,43.0,16.29,24.0,9.09,0.6779999999999999,0.0989999999999999,19.31,7.98,21.75,29.72,25.58,15.58,17.0,0.529,2.0,11.76,0.0,0.0,1.47,0.4119999999999999,18.75,12.5,4.17,16.67,30.0,15.38,14.0,0.273,1.0,7.14,2.0,14.29,0.974,0.272,29.17,10.61,16.67,27.27,18.42,4.76
747194,2024-06-04,2024,592626,L,675921,R,strikeout,True,False,153.0,0.297,37.0,24.18,16.0,10.46,0.895,0.21100000000000002,25.86,11.85,17.38,29.23,27.86,20.79,373.0,0.241,74.0,19.84,49.0,13.14,0.786,0.194,24.13,10.89,15.07,25.96,29.36,16.09,17.0,0.0,5.0,29.41,0.0,0.0,0.0,0.0,32.26,14.71,19.12,33.82,29.73,16.67,4.0,0.333,1.0,25.0,1.0,25.0,0.833,0.0,66.67,26.67,20.0,46.67,37.5,33.33
747194,2024-06-04,2024,572233,R,675921,R,double,False,False,186.0,0.253,40.0,21.51,25.0,13.44,0.834,0.22099999999999997,25.13,11.95,13.21,25.16,24.94,15.27,497.0,0.259,95.0,19.11,42.0,8.45,0.8009999999999999,0.2129999999999999,26.19,12.83,14.15,26.98,26.84,15.33,17.0,0.529,2.0,11.76,0.0,0.0,1.47,0.4119999999999999,18.75,12.5,4.17,16.67,30.0,15.38,14.0,0.273,1.0,7.14,2.0,14.29,0.974,0.272,29.17,10.61,16.67,27.27,18.42,4.76
747194,2024-06-04,2024,666971,R,675921,R,field_out,False,False,165.0,0.192,31.0,18.79,8.0,4.85,0.5569999999999999,0.129,20.75,10.53,15.79,26.32,31.27,16.67,433.0,0.247,85.0,19.63,21.0,4.85,0.756,0.22,20.07,9.99,16.64,26.63,31.06,17.82,17.0,0.529,2.0,11.76,0.0,0.0,1.47,0.4119999999999999,18.75,12.5,4.17,16.67,30.0,15.38,14.0,0.273,1.0,7.14,2.0,14.29,0.974,0.272,29.17,10.61,16.67,27.27,18.42,4.76
747194,2024-06-04,2024,689172,L,669194,R,single,False,False,30.0,0.31,6.0,20.0,0.0,0.0,0.679,0.069,27.27,14.85,17.82,32.67,46.94,22.22,106.0,0.155,30.0,28.3,8.0,7.55,0.4639999999999999,0.092,28.32,14.65,14.19,28.83,32.6,19.86,112.0,0.248,15.0,13.39,6.0,5.36,0.743,0.20900000000000002,13.96,6.98,15.77,22.75,30.43,10.49,304.0,0.294,42.0,13.82,33.0,10.86,0.896,0.237,18.17,8.64,15.1,23.74,25.09,12.03
747194,2024-06-04,2024,672275,L,669194,R,field_out,False,False,110.0,0.274,21.0,19.09,11.0,10.0,0.792,0.179,22.54,10.84,13.54,24.38,27.48,17.95,240.0,0.203,70.0,29.17,13.0,5.42,0.5569999999999999,0.0989999999999999,26.61,12.88,17.55,30.43,28.93,23.81,112.0,0.248,15.0,13.39,6.0,5.36,0.743,0.20900000000000002,13.96,6.98,15.77,22.75,30.43,10.49,304.0,0.294,42.0,13.82,33.0,10.86,0.896,0.237,18.17,8.64,15.1,23.74,25.09,12.03
747194,2024-06-04,2024,656305,R,669194,R,double,False,False,196.0,0.208,47.0,23.98,15.0,7.65,0.635,0.146,25.27,11.76,19.09,30.85,27.17,19.18,471.0,0.223,139.0,29.51,52.0,11.04,0.722,0.179,31.15,13.33,17.79,31.11,18.61,21.72,103.0,0.404,17.0,16.5,7.0,6.8,1.043,0.19199999999999995,23.2,12.0,13.07,25.07,27.32,15.32,315.0,0.276,54.0,17.14,13.0,4.13,0.808,0.2259999999999999,22.31,11.58,14.58,26.16,25.24,14.32
747194,2024-06-04,2024,624424,L,669194,R,field_out,False,False,120.0,0.257,23.0,19.17,11.0,9.17,0.775,0.193,22.81,10.83,15.42,26.25,29.37,16.2,368.0,0.245,77.0,20.92,50.0,13.59,0.753,0.155,23.68,10.56,15.02,25.57,23.23,16.81,112.0,0.248,15.0,13.39,6.0,5.36,0.743,0.20900000000000002,13.96,6.98,15.77,22.75,30.43,10.49,304.0,0.294,42.0,13.82,33.0,10.86,0.896,0.237,18.17,8.64,15.1,23.74,25.09,12.03
747194,2024-06-04,2024,671218,R,669194,R,field_out,False,False,74.0,0.29,25.0,33.78,5.0,6.76,0.744,0.11600000000000005,32.35,14.81,16.5,31.31,27.56,27.17,14.0,0.154,4.0,28.57,1.0,7.14,0.368,0.0,30.43,14.58,18.75,33.33,26.09,50.0,103.0,0.404,17.0,16.5,7.0,6.8,1.043,0.19199999999999995,23.2,12.0,13.07,25.07,27.32,15.32,315.0,0.276,54.0,17.14,13.0,4.13,0.808,0.2259999999999999,22.31,11.58,14.58,26.16,25.24,14.32
747194,2024-06-04,2024,664983,L,675921,R,field_out,False,False,116.0,0.235,24.0,20.69,10.0,8.62,0.6699999999999999,0.128,21.53,10.32,16.06,26.38,27.48,17.91,230.0,0.255,51.0,22.17,17.0,7.39,0.643,0.072,22.4,11.76,13.9,25.65,32.76,19.39,17.0,0.0,5.0,29.41,0.0,0.0,0.0,0.0,32.26,14.71,19.12,33.82,29.73,16.67,4.0,0.333,1.0,25.0,1.0,25.0,0.833,0.0,66.67,26.67,20.0,46.67,37.5,33.33
747194,2024-06-04,2024,553993,R,675921,R,field_out,False,False,165.0,0.199,44.0,26.67,7.0,4.24,0.579,0.132,30.31,14.83,15.29,30.12,28.4,22.22,537.0,0.227,161.0,29.98,48.0,8.94,0.706,0.167,32.3,14.54,16.91,31.45,23.96,22.87,17.0,0.529,2.0,11.76,0.0,0.0,1.47,0.4119999999999999,18.75,12.5,4.17,16.67,30.0,15.38,14.0,0.273,1.0,7.14,2.0,14.29,0.974,0.272,29.17,10.61,16.67,27.27,18.42,4.76
747194,2024-06-04,2024,682998,L,675921,R,field_out,False,False,164.0,0.183,33.0,20.12,20.0,12.2,0.576,0.10599999999999998,21.07,9.42,16.13,25.56,26.04,20.5,472.0,0.286,105.0,22.25,46.0,9.75,0.921,0.266,22.34,10.24,16.27,26.51,28.83,21.92,17.0,0.0,5.0,29.41,0.0,0.0,0.0,0.0,32.26,14.71,19.12,33.82,29.73,16.67,4.0,0.333,1.0,25.0,1.0,25.0,0.833,0.0,66.67,26.67,20.0,46.67,37.5,33.33
747194,2024-06-04,2024,624585,R,669194,R,single,False,False,144.0,0.209,31.0,21.53,13.0,9.03,0.627,0.13999999999999999,26.92,13.01,14.87,27.88,28.16,20.81,446.0,0.242,111.0,24.89,46.0,10.31,0.788,0.22,27.97,12.22,16.15,28.37,25.71,21.19,103.0,0.404,17.0,16.5,7.0,6.8,1.043,0.19199999999999995,23.2,12.0,13.07,25.07,27.32,15.32,315.0,0.276,54.0,17.14,13.0,4.13,0.808,0.2259999999999999,22.31,11.58,14.58,26.16,25.24,14.32
747194,2024-06-04,2024,573262,L,669194,R,grounded_into_double_play,False,False,150.0,0.212,43.0,28.67,11.0,7.33,0.642,0.16,25.83,10.79,18.8,29.58,19.55,22.99,296.0,0.243,75.0,25.34,40.0,13.51,0.831,0.235,23.69,9.65,18.67,28.32,20.68,19.69,112.0,0.248,15.0,13.39,6.0,5.36,0.743,0.20900000000000002,13.96,6.98,15.77,22.75,30.43,10.49,304.0,0.294,42.0,13.82,33.0,10.86,0.896,0.237,18.17,8.64,15.1,23.74,25.09,12.03
747194,2024-06-04,2024,669477,R,669194,R,field_out,False,False,25.0,0.2,5.0,20.0,0.0,0.0,0.56,0.15999999999999998,23.08,13.24,22.06,35.29,46.15,33.33,162.0,0.193,45.0,27.78,8.0,4.94,0.5549999999999999,0.1099999999999999,29.87,16.43,14.82,31.25,40.93,29.03,103.0,0.404,17.0,16.5,7.0,6.8,1.043,0.19199999999999995,23.2,12.0,13.07,25.07,27.32,15.32,315.0,0.276,54.0,17.14,13.0,4.13,0.808,0.2259999999999999,22.31,11.58,14.58,26.16,25.24,14.32
747194,2024-06-04,2024,677942,R,675921,R,strikeout,True,False,61.0,0.214,15.0,24.59,5.0,8.2,0.583,0.09,27.83,13.68,14.53,28.21,33.61,20.83,,,,,,,,,,,,,,,17.0,0.529,2.0,11.76,0.0,0.0,1.47,0.4119999999999999,18.75,12.5,4.17,16.67,30.0,15.38,14.0,0.273,1.0,7.14,2.0,14.29,0.974,0.272,29.17,10.61,16.67,27.27,18.42,4.76
747194,2024-06-04,2024,606466,L,675921,R,field_out,False,False,165.0,0.24,40.0,24.24,13.0,7.88,0.667,0.13,24.41,11.77,14.19,25.97,27.07,22.54,452.0,0.259,85.0,18.81,54.0,11.95,0.827,0.2199999999999999,20.87,9.03,16.76,25.8,21.17,17.28,17.0,0.0,5.0,29.41,0.0,0.0,0.0,0.0,32.26,14.71,19.12,33.82,29.73,16.67,4.0,0.333,1.0,25.0,1.0,25.0,0.833,0.0,66.67,26.67,20.0,46.67,37.5,33.33
747194,2024-06-04,2024,672515,R,675921,R,field_out,False,False,102.0,0.239,20.0,19.61,13.0,12.75,0.684,0.10200000000000004,17.75,6.99,23.31,30.3,20.2,17.54,264.0,0.253,43.0,16.29,24.0,9.09,0.6779999999999999,0.0989999999999999,19.31,7.98,21.75,29.72,25.58,15.58,17.0,0.529,2.0,11.76,0.0,0.0,1.47,0.4119999999999999,18.75,12.5,4.17,16.67,30.0,15.38,14.0,0.273,1.0,7.14,2.0,14.29,0.974,0.272,29.17,10.61,16.67,27.27,18.42,4.76
747194,2024-06-04,2024,670092,L,669194,R,field_out,False,False,11.0,0.111,3.0,27.27,2.0,18.18,0.384,0.0,25.0,7.84,23.53,31.37,16.13,25.0,,,,,,,,,,,,,,,112.0,0.248,15.0,13.39,6.0,5.36,0.743,0.20900000000000002,13.96,6.98,15.77,22.75,30.43,10.49,304.0,0.294,42.0,13.82,33.0,10.86,0.896,0.237,18.17,8.64,15.1,23.74,25.09,12.03
747194,2024-06-04,2024,689172,L,669194,R,double,False,False,30.0,0.31,6.0,20.0,0.0,0.0,0.679,0.069,27.27,14.85,17.82,32.67,46.94,22.22,106.0,0.155,30.0,28.3,8.0,7.55,0.4639999999999999,0.092,28.32,14.65,14.19,28.83,32.6,19.86,112.0,0.248,15.0,13.39,6.0,5.36,0.743,0.20900000000000002,13.96,6.98,15.77,22.75,30.43,10.49,304.0,0.294,42.0,13.82,33.0,10.86,0.896,0.237,18.17,8.64,15.1,23.74,25.09,12.03
747194,2024-06-04,2024,672275,L,669194,R,field_out,False,False,110.0,0.274,21.0,19.09,11.0,10.0,0.792,0.179,22.54,10.84,13.54,24.38,27.48,17.95,240.0,0.203,70.0,29.17,13.0,5.42,0.5569999999999999,0.0989999999999999,26.61,12.88,17.55,30.43,28.93,23.81,112.0,0.248,15.0,13.39,6.0,5.36,0.743,0.20900000000000002,13.96,6.98,15.77,22.75,30.43,10.49,304.0,0.294,42.0,13.82,33.0,10.86,0.896,0.237,18.17,8.64,15.1,23.74,25.09,12.03
747194,2024-06-04,2024,656305,R,669194,R,field_out,False,False,196.0,0.208,47.0,23.98,15.0,7.65,0.635,0.146,25.27,11.76,19.09,30.85,27.17,19.18,471.0,0.223,139.0,29.51,52.0,11.04,0.722,0.179,31.15,13.33,17.79,31.11,18.61,21.72,103.0,0.404,17.0,16.5,7.0,6.8,1.043,0.19199999999999995,23.2,12.0,13.07,25.07,27.32,15.32,315.0,0.276,54.0,17.14,13.0,4.13,0.808,0.2259999999999999,22.31,11.58,14.58,26.16,25.24,14.32
747194,2024-06-04,2024,592626,L,675921,R,field_out,False,False,153.0,0.297,37.0,24.18,16.0,10.46,0.895,0.21100000000000002,25.86,11.85,17.38,29.23,27.86,20.79,373.0,0.241,74.0,19.84,49.0,13.14,0.786,0.194,24.13,10.89,15.07,25.96,29.36,16.09,17.0,0.0,5.0,29.41,0.0,0.0,0.0,0.0,32.26,14.71,19.12,33.82,29.73,16.67,4.0,0.333,1.0,25.0,1.0,25.0,0.833,0.0,66.67,26.67,20.0,46.67,37.5,33.33
747194,2024-06-04,2024,572233,R,675921,R,field_out,False,False,186.0,0.253,40.0,21.51,25.0,13.44,0.834,0.22099999999999997,25.13,11.95,13.21,25.16,24.94,15.27,497.0,0.259,95.0,19.11,42.0,8.45,0.8009999999999999,0.2129999999999999,26.19,12.83,14.15,26.98,26.84,15.33,17.0,0.529,2.0,11.76,0.0,0.0,1.47,0.4119999999999999,18.75,12.5,4.17,16.67,30.0,15.38,14.0,0.273,1.0,7.14,2.0,14.29,0.974,0.272,29.17,10.61,16.67,27.27,18.42,4.76
747194,2024-06-04,2024,666971,R,663546,R,field_out,False,False,165.0,0.192,31.0,18.79,8.0,4.85,0.5569999999999999,0.129,20.75,10.53,15.79,26.32,31.27,16.67,433.0,0.247,85.0,19.63,21.0,4.85,0.756,0.22,20.07,9.99,16.64,26.63,31.06,17.82,55.0,0.264,15.0,27.27,1.0,1.82,0.631,0.07600000000000001,30.77,14.36,23.59,37.95,35.42,27.27,79.0,0.333,19.0,24.05,8.0,10.13,0.853,0.1019999999999999,21.37,8.56,22.6,31.16,26.67,26.03
747194,2024-06-04,2024,624424,L,669194,R,field_out,False,False,120.0,0.257,23.0,19.17,11.0,9.17,0.775,0.193,22.81,10.83,15.42,26.25,29.37,16.2,368.0,0.245,77.0,20.92,50.0,13.59,0.753,0.155,23.68,10.56,15.02,25.57,23.23,16.81,112.0,0.248,15.0,13.39,6.0,5.36,0.743,0.20900000000000002,13.96,6.98,15.77,22.75,30.43,10.49,304.0,0.294,42.0,13.82,33.0,10.86,0.896,0.237,18.17,8.64,15.1,23.74,25.09,12.03
747194,2024-06-04,2024,671218,R,669194,R,home_run,False,False,74.0,0.29,25.0,33.78,5.0,6.76,0.744,0.11600000000000005,32.35,14.81,16.5,31.31,27.56,27.17,14.0,0.154,4.0,28.57,1.0,7.14,0.368,0.0,30.43,14.58,18.75,33.33,26.09,50.0,103.0,0.404,17.0,16.5,7.0,6.8,1.043,0.19199999999999995,23.2,12.0,13.07,25.07,27.32,15.32,315.0,0.276,54.0,17.14,13.0,4.13,0.808,0.2259999999999999,22.31,11.58,14.58,26.16,25.24,14.32
747194,2024-06-04,2024,624585,R,669194,R,field_out,False,False,144.0,0.209,31.0,21.53,13.0,9.03,0.627,0.13999999999999999,26.92,13.01,14.87,27.88,28.16,20.81,446.0,0.242,111.0,24.89,46.0,10.31,0.788,0.22,27.97,12.22,16.15,28.37,25.71,21.19,103.0,0.404,17.0,16.5,7.0,6.8,1.043,0.19199999999999995,23.2,12.0,13.07,25.07,27.32,15.32,315.0,0.276,54.0,17.14,13.0,4.13,0.808,0.2259999999999999,22.31,11.58,14.58,26.16,25.24,14.32
747194,2024-06-04,2024,573262,L,669194,R,field_out,False,False,150.0,0.212,43.0,28.67,11.0,7.33,0.642,0.16,25.83,10.79,18.8,29.58,19.55,22.99,296.0,0.243,75.0,25.34,40.0,13.51,0.831,0.235,23.69,9.65,18.67,28.32,20.68,19.69,112.0,0.248,15.0,13.39,6.0,5.36,0.743,0.20900000000000002,13.96,6.98,15.77,22.75,30.43,10.49,304.0,0.294,42.0,13.82,33.0,10.86,0.896,0.237,18.17,8.64,15.1,23.74,25.09,12.03
747194,2024-06-04,2024,664983,L,663546,R,strikeout,True,False,116.0,0.235,24.0,20.69,10.0,8.62,0.6699999999999999,0.128,21.53,10.32,16.06,26.38,27.48,17.91,230.0,0.255,51.0,22.17,17.0,7.39,0.643,0.072,22.4,11.76,13.9,25.65,32.76,19.39,45.0,0.15,9.0,20.0,3.0,6.67,0.602,0.225,11.54,5.36,20.24,25.6,25.97,17.65,60.0,0.294,12.0,20.0,5.0,8.33,0.863,0.196,23.21,11.4,16.67,28.07,21.78,17.65
747194,2024-06-04,2024,553993,R,663546,R,strikeout,True,False,165.0,0.199,44.0,26.67,7.0,4.24,0.579,0.132,30.31,14.83,15.29,30.12,28.4,22.22,537.0,0.227,161.0,29.98,48.0,8.94,0.706,0.167,32.3,14.54,16.91,31.45,23.96,22.87,55.0,0.264,15.0,27.27,1.0,1.82,0.631,0.07600000000000001,30.77,14.36,23.59,37.95,35.42,27.27,79.0,0.333,19.0,24.05,8.0,10.13,0.853,0.1019999999999999,21.37,8.56,22.6,31.16,26.67,26.03
747194,2024-06-04,2024,682998,L,663546,R,hit_by_pitch,False,False,164.0,0.183,33.0,20.12,20.0,12.2,0.576,0.10599999999999998,21.07,9.42,16.13,25.56,26.04,20.5,472.0,0.286,105.0,22.25,46.0,9.75,0.921,0.266,22.34,10.24,16.27,26.51,28.83,21.92,45.0,0.15,9.0,20.0,3.0,6.67,0.602,0.225,11.54,5.36,20.24,25.6,25.97,17.65,60.0,0.294,12.0,20.0,5.0,8.33,0.863,0.196,23.21,11.4,16.67,28.07,21.78,17.65
747194,2024-06-04,2024,677942,R,663546,R,single,False,False,61.0,0.214,15.0,24.59,5.0,8.2,0.583,0.09,27.83,13.68,14.53,28.21,33.61,20.83,,,,,,,,,,,,,,,55.0,0.264,15.0,27.27,1.0,1.82,0.631,0.07600000000000001,30.77,14.36,23.59,37.95,35.42,27.27,79.0,0.333,19.0,24.05,8.0,10.13,0.853,0.1019999999999999,21.37,8.56,22.6,31.16,26.67,26.03
747194,2024-06-04,2024,606466,L,663546,R,field_out,False,False,165.0,0.24,40.0,24.24,13.0,7.88,0.667,0.13,24.41,11.77,14.19,25.97,27.07,22.54,452.0,0.259,85.0,18.81,54.0,11.95,0.827,0.2199999999999999,20.87,9.03,16.76,25.8,21.17,17.28,45.0,0.15,9.0,20.0,3.0,6.67,0.602,0.225,11.54,5.36,20.24,25.6,25.97,17.65,60.0,0.294,12.0,20.0,5.0,8.33,0.863,0.196,23.21,11.4,16.67,28.07,21.78,17.65
747194,2024-06-04,2024,669477,R,669194,R,single,False,False,25.0,0.2,5.0,20.0,0.0,0.0,0.56,0.15999999999999998,23.08,13.24,22.06,35.29,46.15,33.33,162.0,0.193,45.0,27.78,8.0,4.94,0.5549999999999999,0.1099999999999999,29.87,16.43,14.82,31.25,40.93,29.03,103.0,0.404,17.0,16.5,7.0,6.8,1.043,0.19199999999999995,23.2,12.0,13.07,25.07,27.32,15.32,315.0,0.276,54.0,17.14,13.0,4.13,0.808,0.2259999999999999,22.31,11.58,14.58,26.16,25.24,14.32
747194,2024-06-04,2024,670092,L,669194,R,grounded_into_double_play,False,False,11.0,0.111,3.0,27.27,2.0,18.18,0.384,0.0,25.0,7.84,23.53,31.37,16.13,25.0,,,,,,,,,,,,,,,112.0,0.248,15.0,13.39,6.0,5.36,0.743,0.20900000000000002,13.96,6.98,15.77,22.75,30.43,10.49,304.0,0.294,42.0,13.82,33.0,10.86,0.896,0.237,18.17,8.64,15.1,23.74,25.09,12.03
747194,2024-06-04,2024,689172,L,657044,R,field_out,False,False,30.0,0.31,6.0,20.0,0.0,0.0,0.679,0.069,27.27,14.85,17.82,32.67,46.94,22.22,106.0,0.155,30.0,28.3,8.0,7.55,0.4639999999999999,0.092,28.32,14.65,14.19,28.83,32.6,19.86,43.0,0.238,7.0,16.28,1.0,2.33,0.589,0.09500000000000003,16.88,9.15,19.01,28.17,36.23,18.92,48.0,0.209,7.0,14.58,1.0,2.08,0.579,0.093,15.85,7.43,18.29,25.71,25.64,16.28
747194,2024-06-04,2024,672515,R,643511,R,strikeout,True,False,102.0,0.239,20.0,19.61,13.0,12.75,0.684,0.10200000000000004,17.75,6.99,23.31,30.3,20.2,17.54,264.0,0.253,43.0,16.29,24.0,9.09,0.6779999999999999,0.0989999999999999,19.31,7.98,21.75,29.72,25.58,15.58,68.0,0.235,15.0,22.06,0.0,0.0,0.617,0.14700000000000002,21.31,12.21,15.49,27.7,36.17,26.79,173.0,0.262,28.0,16.18,10.0,5.78,0.733,0.1629999999999999,23.75,12.04,17.27,29.32,30.54,16.37
747194,2024-06-04,2024,592626,L,643511,R,strikeout,True,False,153.0,0.297,37.0,24.18,16.0,10.46,0.895,0.21100000000000002,25.86,11.85,17.38,29.23,27.86,20.79,373.0,0.241,74.0,19.84,49.0,13.14,0.786,0.194,24.13,10.89,15.07,25.96,29.36,16.09,51.0,0.289,6.0,11.76,1.0,1.96,0.718,0.08900000000000002,14.0,7.78,16.67,24.44,27.27,10.53,136.0,0.2,32.0,23.53,9.0,6.62,0.5569999999999999,0.0919999999999999,20.7,10.56,18.33,28.88,27.6,21.33
747194,2024-06-04,2024,572233,R,643511,R,field_out,False,False,186.0,0.253,40.0,21.51,25.0,13.44,0.834,0.22099999999999997,25.13,11.95,13.21,25.16,24.94,15.27,497.0,0.259,95.0,19.11,42.0,8.45,0.8009999999999999,0.2129999999999999,26.19,12.83,14.15,26.98,26.84,15.33,68.0,0.235,15.0,22.06,0.0,0.0,0.617,0.14700000000000002,21.31,12.21,15.49,27.7,36.17,26.79,173.0,0.262,28.0,16.18,10.0,5.78,0.733,0.1629999999999999,23.75,12.04,17.27,29.32,30.54,16.37
747194,2024-06-04,2024,672275,L,657044,R,field_out,False,False,110.0,0.274,21.0,19.09,11.0,10.0,0.792,0.179,22.54,10.84,13.54,24.38,27.48,17.95,240.0,0.203,70.0,29.17,13.0,5.42,0.5569999999999999,0.0989999999999999,26.61,12.88,17.55,30.43,28.93,23.81,43.0,0.238,7.0,16.28,1.0,2.33,0.589,0.09500000000000003,16.88,9.15,19.01,28.17,36.23,18.92,48.0,0.209,7.0,14.58,1.0,2.08,0.579,0.093,15.85,7.43,18.29,25.71,25.64,16.28
747194,2024-06-04,2024,656305,R,657044,R,single,False,False,196.0,0.208,47.0,23.98,15.0,7.65,0.635,0.146,25.27,11.76,19.09,30.85,27.17,19.18,471.0,0.223,139.0,29.51,52.0,11.04,0.722,0.179,31.15,13.33,17.79,31.11,18.61,21.72,52.0,0.235,13.0,25.0,1.0,1.92,0.5640000000000001,0.07900000000000001,23.47,12.17,19.58,31.75,39.24,20.97,73.0,0.169,14.0,19.18,7.0,9.59,0.5980000000000001,0.169,19.13,8.09,20.96,29.04,23.62,20.9
747194,2024-06-04,2024,624424,L,657044,R,strikeout,True,False,120.0,0.257,23.0,19.17,11.0,9.17,0.775,0.193,22.81,10.83,15.42,26.25,29.37,16.2,368.0,0.245,77.0,20.92,50.0,13.59,0.753,0.155,23.68,10.56,15.02,25.57,23.23,16.81,43.0,0.238,7.0,16.28,1.0,2.33,0.589,0.09500000000000003,16.88,9.15,19.01,28.17,36.23,18.92,48.0,0.209,7.0,14.58,1.0,2.08,0.579,0.093,15.85,7.43,18.29,25.71,25.64,16.28
747194,2024-06-04,2024,671218,R,657044,R,single,False,False,74.0,0.29,25.0,33.78,5.0,6.76,0.744,0.11600000000000005,32.35,14.81,16.5,31.31,27.56,27.17,14.0,0.154,4.0,28.57,1.0,7.14,0.368,0.0,30.43,14.58,18.75,33.33,26.09,50.0,52.0,0.235,13.0,25.0,1.0,1.92,0.5640000000000001,0.07900000000000001,23.47,12.17,19.58,31.75,39.24,20.97,73.0,0.169,14.0,19.18,7.0,9.59,0.5980000000000001,0.169,19.13,8.09,20.96,29.04,23.62,20.9
747194,2024-06-04,2024,624585,R,657044,R,field_out,False,False,144.0,0.209,31.0,21.53,13.0,9.03,0.627,0.13999999999999999,26.92,13.01,14.87,27.88,28.16,20.81,446.0,0.242,111.0,24.89,46.0,10.31,0.788,0.22,27.97,12.22,16.15,28.37,25.71,21.19,52.0,0.235,13.0,25.0,1.0,1.92,0.5640000000000001,0.07900000000000001,23.47,12.17,19.58,31.75,39.24,20.97,73.0,0.169,14.0,19.18,7.0,9.59,0.5980000000000001,0.169,19.13,8.09,20.96,29.04,23.62,20.9
747194,2024-06-04,2024,666971,R,678495,R,strikeout,True,False,165.0,0.192,31.0,18.79,8.0,4.85,0.5569999999999999,0.129,20.75,10.53,15.79,26.32,31.27,16.67,433.0,0.247,85.0,19.63,21.0,4.85,0.756,0.22,20.07,9.99,16.64,26.63,31.06,17.82,48.0,0.167,13.0,27.08,5.0,10.42,0.517,0.095,29.03,14.75,14.21,28.96,31.87,25.0,,,,,,,,,,,,,,
747194,2024-06-04,2024,664983,L,678495,R,double,False,False,116.0,0.235,24.0,20.69,10.0,8.62,0.6699999999999999,0.128,21.53,10.32,16.06,26.38,27.48,17.91,230.0,0.255,51.0,22.17,17.0,7.39,0.643,0.072,22.4,11.76,13.9,25.65,32.76,19.39,28.0,0.308,10.0,35.71,2.0,7.14,0.895,0.23000000000000004,23.21,11.02,19.49,30.51,32.2,25.0,,,,,,,,,,,,,,
747194,2024-06-04,2024,656976,L,678495,R,home_run,False,False,45.0,0.238,6.0,13.33,2.0,4.44,0.672,0.16700000000000004,16.42,7.24,17.76,25.0,18.31,13.89,186.0,0.196,33.0,17.74,31.0,16.67,0.681,0.1499999999999999,18.87,7.59,19.04,26.63,22.88,16.84,28.0,0.308,10.0,35.71,2.0,7.14,0.895,0.23000000000000004,23.21,11.02,19.49,30.51,32.2,25.0,,,,,,,,,,,,,,
745739,2024-06-04,2024,663616,L,661563,R,field_out,False,False,106.0,0.263,22.0,20.75,10.0,9.43,0.804,0.21099999999999997,28.19,13.42,16.71,30.13,30.3,18.92,189.0,0.228,60.0,31.75,25.0,13.23,0.766,0.21,36.25,14.96,16.71,31.67,22.55,25.75,107.0,0.141,32.0,29.91,14.0,13.08,0.491,0.098,28.23,13.5,15.79,29.29,28.32,23.02,,,,,,,,,,,,,,
745739,2024-06-04,2024,621043,R,661563,R,strikeout,True,False,124.0,0.271,25.0,20.16,15.0,12.1,0.813,0.187,22.55,9.56,20.79,30.35,26.51,18.52,444.0,0.224,112.0,25.23,42.0,9.46,0.69,0.164,26.37,11.3,19.9,31.19,27.0,21.72,142.0,0.13,47.0,33.1,17.0,11.97,0.46099999999999997,0.09,32.33,14.14,17.11,31.25,24.19,26.4,,,,,,,,,,,,,,
745739,2024-06-04,2024,669304,R,661563,R,field_out,False,False,102.0,0.274,17.0,16.67,4.0,3.92,0.7809999999999999,0.19999999999999996,20.0,9.44,19.72,29.17,33.69,20.48,120.0,0.207,18.0,15.0,8.0,6.67,0.5640000000000001,0.09,23.72,11.83,13.69,25.52,32.37,15.04,142.0,0.13,47.0,33.1,17.0,11.97,0.46099999999999997,0.09,32.33,14.14,17.11,31.25,24.19,26.4,,,,,,,,,,,,,,
745739,2024-06-04,2024,683011,R,641927,R,field_out,False,False,206.0,0.293,41.0,19.9,17.0,8.25,0.831,0.177,21.93,10.29,18.44,28.73,29.73,17.6,467.0,0.198,132.0,28.27,36.0,7.71,0.624,0.1579999999999999,28.15,13.53,17.49,31.02,29.16,23.4,125.0,0.263,33.0,26.4,6.0,4.8,0.821,0.254,24.91,13.2,14.8,28.0,33.46,18.23,286.0,0.236,83.0,29.02,12.0,4.2,0.7350000000000001,0.221,32.64,17.53,12.37,29.9,34.21,19.48
745739,2024-06-04,2024,665742,L,641927,R,walk,False,True,206.0,0.318,35.0,16.99,29.0,14.08,1.039,0.306,24.7,9.47,18.48,27.95,17.19,15.02,502.0,0.283,81.0,16.14,99.0,19.72,0.98,0.2730000000000001,18.45,6.31,19.31,25.62,15.09,14.14,107.0,0.206,25.0,23.36,6.0,5.61,0.643,0.17500000000000002,27.54,13.41,17.41,30.82,30.29,17.36,293.0,0.228,63.0,21.5,17.0,5.8,0.629,0.1209999999999999,24.59,12.9,15.05,27.94,33.04,15.98
745739,2024-06-04,2024,592450,R,641927,R,field_out,False,False,210.0,0.295,53.0,25.24,29.0,13.81,1.062,0.37000000000000005,30.99,13.65,14.45,28.1,19.77,20.62,384.0,0.266,109.0,28.39,77.0,20.05,1.011,0.3339999999999999,36.96,15.02,15.7,30.72,19.29,24.12,125.0,0.263,33.0,26.4,6.0,4.8,0.821,0.254,24.91,13.2,14.8,28.0,33.46,18.23,286.0,0.236,83.0,29.02,12.0,4.2,0.7350000000000001,0.221,32.64,17.53,12.37,29.9,34.21,19.48
745739,2024-06-04,2024,657077,L,641927,R,field_out,False,False,170.0,0.273,17.0,10.0,13.0,7.65,0.792,0.195,11.56,5.33,18.97,24.29,25.74,9.66,441.0,0.279,66.0,14.97,30.0,6.8,0.793,0.185,15.08,6.28,20.52,26.8,22.64,14.93,107.0,0.206,25.0,23.36,6.0,5.61,0.643,0.17500000000000002,27.54,13.41,17.41,30.82,30.29,17.36,293.0,0.228,63.0,21.5,17.0,5.8,0.629,0.1209999999999999,24.59,12.9,15.05,27.94,33.04,15.98
745739,2024-06-04,2024,596146,L,661563,R,field_out,False,False,123.0,0.257,20.0,16.26,11.0,8.94,0.768,0.183,21.16,10.22,13.23,23.45,23.64,12.82,394.0,0.263,84.0,21.32,37.0,9.39,0.8320000000000001,0.2339999999999999,19.92,9.32,15.49,24.81,24.75,18.14,107.0,0.141,32.0,29.91,14.0,13.08,0.491,0.098,28.23,13.5,15.79,29.29,28.32,23.02,,,,,,,,,,,,,,
745739,2024-06-04,2024,668904,R,661563,R,walk,False,True,,,,,,,,,,,,,,,183.0,0.307,43.0,23.5,15.0,8.2,0.962,0.283,27.16,12.8,18.57,31.36,28.0,20.98,142.0,0.13,47.0,33.1,17.0,11.97,0.46099999999999997,0.09,32.33,14.14,17.11,31.25,24.19,26.4,,,,,,,,,,,,,,
745739,2024-06-04,2024,666135,L,661563,R,field_out,False,False,152.0,0.221,41.0,26.97,13.0,8.55,0.711,0.205,30.55,14.69,16.61,31.29,29.55,25.62,264.0,0.3,63.0,23.86,24.0,9.09,0.858,0.185,26.95,12.66,17.1,29.76,32.56,21.58,107.0,0.141,32.0,29.91,14.0,13.08,0.491,0.098,28.23,13.5,15.79,29.29,28.32,23.02,,,,,,,,,,,,,,
745739,2024-06-04,2024,621439,R,661563,R,strikeout,True,False,104.0,0.232,32.0,30.77,5.0,4.81,0.635,0.11499999999999996,34.39,18.63,11.27,29.9,36.36,23.19,257.0,0.217,80.0,31.13,26.0,10.12,0.767,0.243,29.69,15.03,12.96,27.99,29.53,25.0,142.0,0.13,47.0,33.1,17.0,11.97,0.46099999999999997,0.09,32.33,14.14,17.11,31.25,24.19,26.4,,,,,,,,,,,,,,
745739,2024-06-04,2024,519317,R,641927,R,field_out,False,False,156.0,0.243,48.0,30.77,12.0,7.69,0.857,0.31300000000000006,32.38,14.72,17.96,32.69,30.6,28.07,341.0,0.175,111.0,32.55,35.0,10.26,0.64,0.201,36.65,15.18,19.37,34.55,27.39,25.58,125.0,0.263,33.0,26.4,6.0,4.8,0.821,0.254,24.91,13.2,14.8,28.0,33.46,18.23,286.0,0.236,83.0,29.02,12.0,4.2,0.7350000000000001,0.221,32.64,17.53,12.37,29.9,34.21,19.48
745739,2024-06-04,2024,519203,L,641927,R,field_out,False,False,180.0,0.256,31.0,17.22,12.0,6.67,0.732,0.15899999999999997,19.89,10.28,15.27,25.55,37.88,15.58,334.0,0.22,86.0,25.75,27.0,8.08,0.6739999999999999,0.146,25.23,12.17,17.7,29.87,34.73,19.95,107.0,0.206,25.0,23.36,6.0,5.61,0.643,0.17500000000000002,27.54,13.41,17.41,30.82,30.29,17.36,293.0,0.228,63.0,21.5,17.0,5.8,0.629,0.1209999999999999,24.59,12.9,15.05,27.94,33.04,15.98
745739,2024-06-04,2024,650402,R,641927,R,home_run,False,False,188.0,0.234,44.0,23.4,16.0,8.51,0.64,0.101,24.04,11.03,16.92,27.94,22.65,15.66,544.0,0.273,78.0,14.34,50.0,9.19,0.772,0.1589999999999999,21.74,10.32,15.57,25.89,26.86,11.29,125.0,0.263,33.0,26.4,6.0,4.8,0.821,0.254,24.91,13.2,14.8,28.0,33.46,18.23,286.0,0.236,83.0,29.02,12.0,4.2,0.7350000000000001,0.221,32.64,17.53,12.37,29.9,34.21,19.48
745739,2024-06-04,2024,624431,R,641927,R,field_out,False,False,71.0,0.292,9.0,12.68,4.0,5.63,0.7230000000000001,0.09300000000000003,15.84,6.53,22.45,28.98,29.46,17.31,125.0,0.19,20.0,16.0,5.0,4.0,0.495,0.069,18.59,8.22,23.33,31.56,37.86,15.5,125.0,0.263,33.0,26.4,6.0,4.8,0.821,0.254,24.91,13.2,14.8,28.0,33.46,18.23,286.0,0.236,83.0,29.02,12.0,4.2,0.7350000000000001,0.221,32.64,17.53,12.37,29.9,34.21,19.48
745739,2024-06-04,2024,650489,L,661563,R,strikeout,True,False,169.0,0.223,41.0,24.26,16.0,9.47,0.6990000000000001,0.162,26.85,12.81,15.61,28.42,29.72,19.9,280.0,0.266,73.0,26.07,23.0,8.21,0.8029999999999999,0.189,28.16,14.39,15.31,29.7,34.97,21.1,107.0,0.141,32.0,29.91,14.0,13.08,0.491,0.098,28.23,13.5,15.79,29.29,28.32,23.02,,,,,,,,,,,,,,
745739,2024-06-04,2024,543877,R,661563,R,double,False,False,76.0,0.143,22.0,28.95,2.0,2.63,0.376,0.05700000000000002,32.39,17.1,17.47,34.57,38.69,30.14,279.0,0.216,59.0,21.15,22.0,7.89,0.548,0.051,25.76,12.56,16.62,29.18,33.72,23.41,142.0,0.13,47.0,33.1,17.0,11.97,0.46099999999999997,0.09,32.33,14.14,17.11,31.25,24.19,26.4,,,,,,,,,,,,,,
745739,2024-06-04,2024,663616,L,661563,R,field_out,False,False,106.0,0.263,22.0,20.75,10.0,9.43,0.804,0.21099999999999997,28.19,13.42,16.71,30.13,30.3,18.92,189.0,0.228,60.0,31.75,25.0,13.23,0.766,0.21,36.25,14.96,16.71,31.67,22.55,25.75,107.0,0.141,32.0,29.91,14.0,13.08,0.491,0.098,28.23,13.5,15.79,29.29,28.32,23.02,,,,,,,,,,,,,,
745739,2024-06-04,2024,621043,R,661563,R,strikeout,True,False,124.0,0.271,25.0,20.16,15.0,12.1,0.813,0.187,22.55,9.56,20.79,30.35,26.51,18.52,444.0,0.224,112.0,25.23,42.0,9.46,0.69,0.164,26.37,11.3,19.9,31.19,27.0,21.72,142.0,0.13,47.0,33.1,17.0,11.97,0.46099999999999997,0.09,32.33,14.14,17.11,31.25,24.19,26.4,,,,,,,,,,,,,,
745739,2024-06-04,2024,518934,R,641927,R,walk,False,True,13.0,0.182,3.0,23.08,2.0,15.38,0.49,0.0,12.0,5.66,22.64,28.3,25.0,15.0,450.0,0.241,100.0,22.22,45.0,10.0,0.7070000000000001,0.146,19.38,7.76,24.06,31.82,23.84,20.0,125.0,0.263,33.0,26.4,6.0,4.8,0.821,0.254,24.91,13.2,14.8,28.0,33.46,18.23,286.0,0.236,83.0,29.02,12.0,4.2,0.7350000000000001,0.221,32.64,17.53,12.37,29.9,34.21,19.48
745739,2024-06-04,2024,683011,R,641927,R,single,False,False,206.0,0.293,41.0,19.9,17.0,8.25,0.831,0.177,21.93,10.29,18.44,28.73,29.73,17.6,467.0,0.198,132.0,28.27,36.0,7.71,0.624,0.1579999999999999,28.15,13.53,17.49,31.02,29.16,23.4,125.0,0.263,33.0,26.4,6.0,4.8,0.821,0.254,24.91,13.2,14.8,28.0,33.46,18.23,286.0,0.236,83.0,29.02,12.0,4.2,0.7350000000000001,0.221,32.64,17.53,12.37,29.9,34.21,19.48
745739,2024-06-04,2024,665742,L,641927,R,field_out,False,False,206.0,0.318,35.0,16.99,29.0,14.08,1.039,0.306,24.7,9.47,18.48,27.95,17.19,15.02,502.0,0.283,81.0,16.14,99.0,19.72,0.98,0.2730000000000001,18.45,6.31,19.31,25.62,15.09,14.14,107.0,0.206,25.0,23.36,6.0,5.61,0.643,0.17500000000000002,27.54,13.41,17.41,30.82,30.29,17.36,293.0,0.228,63.0,21.5,17.0,5.8,0.629,0.1209999999999999,24.59,12.9,15.05,27.94,33.04,15.98
745739,2024-06-04,2024,592450,R,641927,R,double,False,False,210.0,0.295,53.0,25.24,29.0,13.81,1.062,0.37000000000000005,30.99,13.65,14.45,28.1,19.77,20.62,384.0,0.266,109.0,28.39,77.0,20.05,1.011,0.3339999999999999,36.96,15.02,15.7,30.72,19.29,24.12,125.0,0.263,33.0,26.4,6.0,4.8,0.821,0.254,24.91,13.2,14.8,28.0,33.46,18.23,286.0,0.236,83.0,29.02,12.0,4.2,0.7350000000000001,0.221,32.64,17.53,12.37,29.9,34.21,19.48
745739,2024-06-04,2024,657077,L,641927,R,field_out,False,False,170.0,0.273,17.0,10.0,13.0,7.65,0.792,0.195,11.56,5.33,18.97,24.29,25.74,9.66,441.0,0.279,66.0,14.97,30.0,6.8,0.793,0.185,15.08,6.28,20.52,26.8,22.64,14.93,107.0,0.206,25.0,23.36,6.0,5.61,0.643,0.17500000000000002,27.54,13.41,17.41,30.82,30.29,17.36,293.0,0.228,63.0,21.5,17.0,5.8,0.629,0.1209999999999999,24.59,12.9,15.05,27.94,33.04,15.98
745739,2024-06-04,2024,519317,R,641927,R,strikeout,True,False,156.0,0.243,48.0,30.77,12.0,7.69,0.857,0.31300000000000006,32.38,14.72,17.96,32.69,30.6,28.07,341.0,0.175,111.0,32.55,35.0,10.26,0.64,0.201,36.65,15.18,19.37,34.55,27.39,25.58,125.0,0.263,33.0,26.4,6.0,4.8,0.821,0.254,24.91,13.2,14.8,28.0,33.46,18.23,286.0,0.236,83.0,29.02,12.0,4.2,0.7350000000000001,0.221,32.64,17.53,12.37,29.9,34.21,19.48
745739,2024-06-04,2024,669304,R,661563,R,field_out,False,False,102.0,0.274,17.0,16.67,4.0,3.92,0.7809999999999999,0.19999999999999996,20.0,9.44,19.72,29.17,33.69,20.48,120.0,0.207,18.0,15.0,8.0,6.67,0.5640000000000001,0.09,23.72,11.83,13.69,25.52,32.37,15.04,142.0,0.13,47.0,33.1,17.0,11.97,0.46099999999999997,0.09,32.33,14.14,17.11,31.25,24.19,26.4,,,,,,,,,,,,,,
745739,2024-06-04,2024,596146,L,661563,R,field_out,False,False,123.0,0.257,20.0,16.26,11.0,8.94,0.768,0.183,21.16,10.22,13.23,23.45,23.64,12.82,394.0,0.263,84.0,21.32,37.0,9.39,0.8320000000000001,0.2339999999999999,19.92,9.32,15.49,24.81,24.75,18.14,107.0,0.141,32.0,29.91,14.0,13.08,0.491,0.098,28.23,13.5,15.79,29.29,28.32,23.02,,,,,,,,,,,,,,
745739,2024-06-04,2024,668904,R,661563,R,walk,False,True,,,,,,,,,,,,,,,183.0,0.307,43.0,23.5,15.0,8.2,0.962,0.283,27.16,12.8,18.57,31.36,28.0,20.98,142.0,0.13,47.0,33.1,17.0,11.97,0.46099999999999997,0.09,32.33,14.14,17.11,31.25,24.19,26.4,,,,,,,,,,,,,,
745739,2024-06-04,2024,666135,L,661563,R,strikeout,True,False,152.0,0.221,41.0,26.97,13.0,8.55,0.711,0.205,30.55,14.69,16.61,31.29,29.55,25.62,264.0,0.3,63.0,23.86,24.0,9.09,0.858,0.185,26.95,12.66,17.1,29.76,32.56,21.58,107.0,0.141,32.0,29.91,14.0,13.08,0.491,0.098,28.23,13.5,15.79,29.29,28.32,23.02,,,,,,,,,,,,,,
745739,2024-06-04,2024,519203,L,641927,R,field_out,False,False,180.0,0.256,31.0,17.22,12.0,6.67,0.732,0.15899999999999997,19.89,10.28,15.27,25.55,37.88,15.58,334.0,0.22,86.0,25.75,27.0,8.08,0.6739999999999999,0.146,25.23,12.17,17.7,29.87,34.73,19.95,107.0,0.206,25.0,23.36,6.0,5.61,0.643,0.17500000000000002,27.54,13.41,17.41,30.82,30.29,17.36,293.0,0.228,63.0,21.5,17.0,5.8,0.629,0.1209999999999999,24.59,12.9,15.05,27.94,33.04,15.98
745739,2024-06-04,2024,650402,R,641927,R,field_out,False,False,188.0,0.234,44.0,23.4,16.0,8.51,0.64,0.101,24.04,11.03,16.92,27.94,22.65,15.66,544.0,0.273,78.0,14.34,50.0,9.19,0.772,0.1589999999999999,21.74,10.32,15.57,25.89,26.86,11.29,125.0,0.263,33.0,26.4,6.0,4.8,0.821,0.254,24.91,13.2,14.8,28.0,33.46,18.23,286.0,0.236,83.0,29.02,12.0,4.2,0.7350000000000001,0.221,32.64,17.53,12.37,29.9,34.21,19.48
745739,2024-06-04,2024,624431,R,641927,R,field_out,False,False,71.0,0.292,9.0,12.68,4.0,5.63,0.7230000000000001,0.09300000000000003,15.84,6.53,22.45,28.98,29.46,17.31,125.0,0.19,20.0,16.0,5.0,4.0,0.495,0.069,18.59,8.22,23.33,31.56,37.86,15.5,125.0,0.263,33.0,26.4,6.0,4.8,0.821,0.254,24.91,13.2,14.8,28.0,33.46,18.23,286.0,0.236,83.0,29.02,12.0,4.2,0.7350000000000001,0.221,32.64,17.53,12.37,29.9,34.21,19.48
745739,2024-06-04,2024,621439,R,661563,R,field_out,False,False,104.0,0.232,32.0,30.77,5.0,4.81,0.635,0.11499999999999996,34.39,18.63,11.27,29.9,36.36,23.19,257.0,0.217,80.0,31.13,26.0,10.12,0.767,0.243,29.69,15.03,12.96,27.99,29.53,25.0,142.0,0.13,47.0,33.1,17.0,11.97,0.46099999999999997,0.09,32.33,14.14,17.11,31.25,24.19,26.4,,,,,,,,,,,,,,
745739,2024-06-04,2024,650489,L,661563,R,walk,False,True,169.0,0.223,41.0,24.26,16.0,9.47,0.6990000000000001,0.162,26.85,12.81,15.61,28.42,29.72,19.9,280.0,0.266,73.0,26.07,23.0,8.21,0.8029999999999999,0.189,28.16,14.39,15.31,29.7,34.97,21.1,107.0,0.141,32.0,29.91,14.0,13.08,0.491,0.098,28.23,13.5,15.79,29.29,28.32,23.02,,,,,,,,,,,,,,
745739,2024-06-04,2024,543877,R,661563,R,grounded_into_double_play,False,False,76.0,0.143,22.0,28.95,2.0,2.63,0.376,0.05700000000000002,32.39,17.1,17.47,34.57,38.69,30.14,279.0,0.216,59.0,21.15,22.0,7.89,0.548,0.051,25.76,12.56,16.62,29.18,33.72,23.41,142.0,0.13,47.0,33.1,17.0,11.97,0.46099999999999997,0.09,32.33,14.14,17.11,31.25,24.19,26.4,,,,,,,,,,,,,,
745739,2024-06-04,2024,518934,R,641927,R,field_out,False,False,13.0,0.182,3.0,23.08,2.0,15.38,0.49,0.0,12.0,5.66,22.64,28.3,25.0,15.0,450.0,0.241,100.0,22.22,45.0,10.0,0.7070000000000001,0.146,19.38,7.76,24.06,31.82,23.84,20.0,125.0,0.263,33.0,26.4,6.0,4.8,0.821,0.254,24.91,13.2,14.8,28.0,33.46,18.23,286.0,0.236,83.0,29.02,12.0,4.2,0.7350000000000001,0.221,32.64,17.53,12.37,29.9,34.21,19.48
745739,2024-06-04,2024,683011,R,641927,R,strikeout,True,False,206.0,0.293,41.0,19.9,17.0,8.25,0.831,0.177,21.93,10.29,18.44,28.73,29.73,17.6,467.0,0.198,132.0,28.27,36.0,7.71,0.624,0.1579999999999999,28.15,13.53,17.49,31.02,29.16,23.4,125.0,0.263,33.0,26.4,6.0,4.8,0.821,0.254,24.91,13.2,14.8,28.0,33.46,18.23,286.0,0.236,83.0,29.02,12.0,4.2,0.7350000000000001,0.221,32.64,17.53,12.37,29.9,34.21,19.48
745739,2024-06-04,2024,665742,L,641927,R,walk,False,True,206.0,0.318,35.0,16.99,29.0,14.08,1.039,0.306,24.7,9.47,18.48,27.95,17.19,15.02,502.0,0.283,81.0,16.14,99.0,19.72,0.98,0.2730000000000001,18.45,6.31,19.31,25.62,15.09,14.14,107.0,0.206,25.0,23.36,6.0,5.61,0.643,0.17500000000000002,27.54,13.41,17.41,30.82,30.29,17.36,293.0,0.228,63.0,21.5,17.0,5.8,0.629,0.1209999999999999,24.59,12.9,15.05,27.94,33.04,15.98
745739,2024-06-04,2024,592450,R,641927,R,walk,False,True,210.0,0.295,53.0,25.24,29.0,13.81,1.062,0.37000000000000005,30.99,13.65,14.45,28.1,19.77,20.62,384.0,0.266,109.0,28.39,77.0,20.05,1.011,0.3339999999999999,36.96,15.02,15.7,30.72,19.29,24.12,125.0,0.263,33.0,26.4,6.0,4.8,0.821,0.254,24.91,13.2,14.8,28.0,33.46,18.23,286.0,0.236,83.0,29.02,12.0,4.2,0.7350000000000001,0.221,32.64,17.53,12.37,29.9,34.21,19.48
745739,2024-06-04,2024,657077,L,641927,R,field_out,False,False,170.0,0.273,17.0,10.0,13.0,7.65,0.792,0.195,11.56,5.33,18.97,24.29,25.74,9.66,441.0,0.279,66.0,14.97,30.0,6.8,0.793,0.185,15.08,6.28,20.52,26.8,22.64,14.93,107.0,0.206,25.0,23.36,6.0,5.61,0.643,0.17500000000000002,27.54,13.41,17.41,30.82,30.29,17.36,293.0,0.228,63.0,21.5,17.0,5.8,0.629,0.1209999999999999,24.59,12.9,15.05,27.94,33.04,15.98
745739,2024-06-04,2024,663616,L,661563,R,field_out,False,False,106.0,0.263,22.0,20.75,10.0,9.43,0.804,0.21099999999999997,28.19,13.42,16.71,30.13,30.3,18.92,189.0,0.228,60.0,31.75,25.0,13.23,0.766,0.21,36.25,14.96,16.71,31.67,22.55,25.75,107.0,0.141,32.0,29.91,14.0,13.08,0.491,0.098,28.23,13.5,15.79,29.29,28.32,23.02,,,,,,,,,,,,,,
745739,2024-06-04,2024,621043,R,661563,R,strikeout,True,False,124.0,0.271,25.0,20.16,15.0,12.1,0.813,0.187,22.55,9.56,20.79,30.35,26.51,18.52,444.0,0.224,112.0,25.23,42.0,9.46,0.69,0.164,26.37,11.3,19.9,31.19,27.0,21.72,142.0,0.13,47.0,33.1,17.0,11.97,0.46099999999999997,0.09,32.33,14.14,17.11,31.25,24.19,26.4,,,,,,,,,,,,,,
745739,2024-06-04,2024,669304,R,661563,R,field_out,False,False,102.0,0.274,17.0,16.67,4.0,3.92,0.7809999999999999,0.19999999999999996,20.0,9.44,19.72,29.17,33.69,20.48,120.0,0.207,18.0,15.0,8.0,6.67,0.5640000000000001,0.09,23.72,11.83,13.69,25.52,32.37,15.04,142.0,0.13,47.0,33.1,17.0,11.97,0.46099999999999997,0.09,32.33,14.14,17.11,31.25,24.19,26.4,,,,,,,,,,,,,,
745739,2024-06-04,2024,519317,R,663485,R,field_out,False,False,156.0,0.243,48.0,30.77,12.0,7.69,0.857,0.31300000000000006,32.38,14.72,17.96,32.69,30.6,28.07,341.0,0.175,111.0,32.55,35.0,10.26,0.64,0.201,36.65,15.18,19.37,34.55,27.39,25.58,59.0,0.232,15.0,25.42,2.0,3.39,0.6819999999999999,0.17899999999999996,27.1,13.74,18.01,31.75,39.05,24.19,45.0,0.205,10.0,22.22,6.0,13.33,0.619,0.103,26.76,10.98,21.97,32.95,29.89,16.95
745739,2024-06-04,2024,519203,L,663485,R,field_out,False,False,180.0,0.256,31.0,17.22,12.0,6.67,0.732,0.15899999999999997,19.89,10.28,15.27,25.55,37.88,15.58,334.0,0.22,86.0,25.75,27.0,8.08,0.6739999999999999,0.146,25.23,12.17,17.7,29.87,34.73,19.95,39.0,0.212,14.0,35.9,2.0,5.13,0.641,0.12100000000000002,19.74,8.88,18.34,27.22,27.59,20.9,54.0,0.261,11.0,20.37,8.0,14.81,0.913,0.282,14.68,6.67,15.0,21.67,17.95,12.79
745739,2024-06-04,2024,650402,R,663485,R,field_out,False,False,188.0,0.234,44.0,23.4,16.0,8.51,0.64,0.101,24.04,11.03,16.92,27.94,22.65,15.66,544.0,0.273,78.0,14.34,50.0,9.19,0.772,0.1589999999999999,21.74,10.32,15.57,25.89,26.86,11.29,59.0,0.232,15.0,25.42,2.0,3.39,0.6819999999999999,0.17899999999999996,27.1,13.74,18.01,31.75,39.05,24.19,45.0,0.205,10.0,22.22,6.0,13.33,0.619,0.103,26.76,10.98,21.97,32.95,29.89,16.95
745739,2024-06-04,2024,596146,L,592454,R,strikeout,True,False,123.0,0.257,20.0,16.26,11.0,8.94,0.768,0.183,21.16,10.22,13.23,23.45,23.64,12.82,394.0,0.263,84.0,21.32,37.0,9.39,0.8320000000000001,0.2339999999999999,19.92,9.32,15.49,24.81,24.75,18.14,4.0,0.0,1.0,25.0,0.0,0.0,0.25,0.0,37.5,21.43,14.29,35.71,44.44,20.0,85.0,0.176,22.0,25.88,9.0,10.59,0.637,0.202,29.22,12.47,19.67,32.13,30.46,19.82
745739,2024-06-04,2024,668904,R,592454,R,home_run,False,False,,,,,,,,,,,,,,,183.0,0.307,43.0,23.5,15.0,8.2,0.962,0.283,27.16,12.8,18.57,31.36,28.0,20.98,8.0,0.0,1.0,12.5,1.0,12.5,0.125,0.0,18.18,6.45,16.13,22.58,21.05,25.0,80.0,0.191,26.0,32.5,10.0,12.5,0.583,0.088,41.03,19.57,15.6,35.17,27.84,26.0
745739,2024-06-04,2024,666135,L,592454,R,field_out,False,False,152.0,0.221,41.0,26.97,13.0,8.55,0.711,0.205,30.55,14.69,16.61,31.29,29.55,25.62,264.0,0.3,63.0,23.86,24.0,9.09,0.858,0.185,26.95,12.66,17.1,29.76,32.56,21.58,4.0,0.0,1.0,25.0,0.0,0.0,0.25,0.0,37.5,21.43,14.29,35.71,44.44,20.0,85.0,0.176,22.0,25.88,9.0,10.59,0.637,0.202,29.22,12.47,19.67,32.13,30.46,19.82
745739,2024-06-04,2024,621439,R,592454,R,field_out,False,False,104.0,0.232,32.0,30.77,5.0,4.81,0.635,0.11499999999999996,34.39,18.63,11.27,29.9,36.36,23.19,257.0,0.217,80.0,31.13,26.0,10.12,0.767,0.243,29.69,15.03,12.96,27.99,29.53,25.0,8.0,0.0,1.0,12.5,1.0,12.5,0.125,0.0,18.18,6.45,16.13,22.58,21.05,25.0,80.0,0.191,26.0,32.5,10.0,12.5,0.583,0.088,41.03,19.57,15.6,35.17,27.84,26.0
745739,2024-06-04,2024,624431,R,663485,R,single,False,False,71.0,0.292,9.0,12.68,4.0,5.63,0.7230000000000001,0.09300000000000003,15.84,6.53,22.45,28.98,29.46,17.31,125.0,0.19,20.0,16.0,5.0,4.0,0.495,0.069,18.59,8.22,23.33,31.56,37.86,15.5,59.0,0.232,15.0,25.42,2.0,3.39,0.6819999999999999,0.17899999999999996,27.1,13.74,18.01,31.75,39.05,24.19,45.0,0.205,10.0,22.22,6.0,13.33,0.619,0.103,26.76,10.98,21.97,32.95,29.89,16.95
745739,2024-06-04,2024,518934,R,663485,R,grounded_into_double_play,False,False,13.0,0.182,3.0,23.08,2.0,15.38,0.49,0.0,12.0,5.66,22.64,28.3,25.0,15.0,450.0,0.241,100.0,22.22,45.0,10.0,0.7070000000000001,0.146,19.38,7.76,24.06,31.82,23.84,20.0,59.0,0.232,15.0,25.42,2.0,3.39,0.6819999999999999,0.17899999999999996,27.1,13.74,18.01,31.75,39.05,24.19,45.0,0.205,10.0,22.22,6.0,13.33,0.619,0.103,26.76,10.98,21.97,32.95,29.89,16.95
745739,2024-06-04,2024,683011,R,663485,R,strikeout,True,False,206.0,0.293,41.0,19.9,17.0,8.25,0.831,0.177,21.93,10.29,18.44,28.73,29.73,17.6,467.0,0.198,132.0,28.27,36.0,7.71,0.624,0.1579999999999999,28.15,13.53,17.49,31.02,29.16,23.4,59.0,0.232,15.0,25.42,2.0,3.39,0.6819999999999999,0.17899999999999996,27.1,13.74,18.01,31.75,39.05,24.19,45.0,0.205,10.0,22.22,6.0,13.33,0.619,0.103,26.76,10.98,21.97,32.95,29.89,16.95
745739,2024-06-04,2024,650489,L,641656,R,field_out,False,False,169.0,0.223,41.0,24.26,16.0,9.47,0.6990000000000001,0.162,26.85,12.81,15.61,28.42,29.72,19.9,280.0,0.266,73.0,26.07,23.0,8.21,0.8029999999999999,0.189,28.16,14.39,15.31,29.7,34.97,21.1,44.0,0.194,8.0,18.18,6.0,13.64,0.5960000000000001,0.08400000000000002,27.06,13.69,15.48,29.17,29.76,15.09,110.0,0.198,33.0,30.0,11.0,10.0,0.607,0.125,34.67,16.42,15.79,32.21,30.0,20.25
745739,2024-06-04,2024,543877,R,641656,R,field_out,False,False,76.0,0.143,22.0,28.95,2.0,2.63,0.376,0.05700000000000002,32.39,17.1,17.47,34.57,38.69,30.14,279.0,0.216,59.0,21.15,22.0,7.89,0.548,0.051,25.76,12.56,16.62,29.18,33.72,23.41,63.0,0.291,15.0,23.81,4.0,6.35,0.7669999999999999,0.127,36.97,18.72,17.87,36.6,36.59,20.27,130.0,0.23,36.0,27.69,15.0,11.54,0.605,0.044,34.73,16.24,15.66,31.9,32.53,24.49
745739,2024-06-04,2024,663616,L,641656,R,strikeout,True,False,106.0,0.263,22.0,20.75,10.0,9.43,0.804,0.21099999999999997,28.19,13.42,16.71,30.13,30.3,18.92,189.0,0.228,60.0,31.75,25.0,13.23,0.766,0.21,36.25,14.96,16.71,31.67,22.55,25.75,44.0,0.194,8.0,18.18,6.0,13.64,0.5960000000000001,0.08400000000000002,27.06,13.69,15.48,29.17,29.76,15.09,110.0,0.198,33.0,30.0,11.0,10.0,0.607,0.125,34.67,16.42,15.79,32.21,30.0,20.25
745739,2024-06-04,2024,665742,L,573204,L,field_out,False,False,73.0,0.333,11.0,15.07,11.0,15.07,1.008,0.24999999999999994,16.07,5.98,22.59,28.57,17.93,11.96,207.0,0.256,48.0,23.19,33.0,15.94,0.813,0.18,25.32,9.65,20.51,30.16,20.61,20.17,29.0,0.231,9.0,31.03,3.0,10.34,0.579,0.038000000000000006,27.78,12.3,21.31,33.61,24.19,19.15,48.0,0.128,14.0,29.17,0.0,0.0,0.3409999999999999,0.0849999999999999,21.59,10.73,18.64,29.38,32.89,26.92
745739,2024-06-04,2024,592450,R,573204,L,single,False,False,62.0,0.256,16.0,25.81,19.0,30.65,1.112,0.372,33.7,11.4,15.07,26.47,16.56,22.54,74.0,0.274,21.0,28.38,11.0,14.86,1.0550000000000002,0.403,34.59,13.9,15.71,29.61,19.89,21.65,35.0,0.4,6.0,17.14,3.0,8.57,0.962,0.133,20.34,9.68,18.55,28.23,28.57,20.0,73.0,0.258,22.0,30.14,6.0,8.22,0.94,0.363,25.66,12.79,14.1,26.89,26.11,21.57
745739,2024-06-04,2024,657077,L,573204,L,strikeout,True,False,68.0,0.228,11.0,16.18,8.0,11.76,0.692,0.13999999999999999,19.82,7.77,22.26,30.04,22.7,12.79,161.0,0.22,27.0,16.77,15.0,9.32,0.61,0.0779999999999999,17.21,6.6,24.69,31.29,20.83,15.61,29.0,0.231,9.0,31.03,3.0,10.34,0.579,0.038000000000000006,27.78,12.3,21.31,33.61,24.19,19.15,48.0,0.128,14.0,29.17,0.0,0.0,0.3409999999999999,0.0849999999999999,21.59,10.73,18.64,29.38,32.89,26.92
745739,2024-06-04,2024,519317,R,573204,L,home_run,False,False,58.0,0.2,18.0,31.03,2.0,3.45,0.537,0.10899999999999999,31.48,15.74,18.06,33.8,34.86,29.51,74.0,0.265,13.0,17.57,6.0,8.11,0.942,0.353,21.88,10.11,15.16,25.27,26.09,20.0,35.0,0.4,6.0,17.14,3.0,8.57,0.962,0.133,20.34,9.68,18.55,28.23,28.57,20.0,73.0,0.258,22.0,30.14,6.0,8.22,0.94,0.363,25.66,12.79,14.1,26.89,26.11,21.57
745739,2024-06-04,2024,519203,L,573204,L,field_out,False,False,66.0,0.197,14.0,21.21,2.0,3.03,0.471,0.015999999999999986,21.05,10.26,17.09,27.35,27.5,23.73,87.0,0.333,11.0,12.64,8.0,9.2,0.825,0.0899999999999999,23.87,11.56,17.81,29.38,30.82,12.64,29.0,0.231,9.0,31.03,3.0,10.34,0.579,0.038000000000000006,27.78,12.3,21.31,33.61,24.19,19.15,48.0,0.128,14.0,29.17,0.0,0.0,0.3409999999999999,0.0849999999999999,21.59,10.73,18.64,29.38,32.89,26.92
745739,2024-06-04,2024,621043,R,596133,R,strikeout,True,False,124.0,0.271,25.0,20.16,15.0,12.1,0.813,0.187,22.55,9.56,20.79,30.35,26.51,18.52,444.0,0.224,112.0,25.23,42.0,9.46,0.69,0.164,26.37,11.3,19.9,31.19,27.0,21.72,73.0,0.152,17.0,23.29,3.0,4.11,0.526,0.166,23.27,12.94,12.24,25.17,33.76,15.09,294.0,0.319,60.0,20.41,15.0,5.1,0.948,0.2709999999999999,21.2,10.46,15.26,25.72,26.0,16.13
745739,2024-06-04,2024,669304,R,596133,R,field_out,False,False,102.0,0.274,17.0,16.67,4.0,3.92,0.7809999999999999,0.19999999999999996,20.0,9.44,19.72,29.17,33.69,20.48,120.0,0.207,18.0,15.0,8.0,6.67,0.5640000000000001,0.09,23.72,11.83,13.69,25.52,32.37,15.04,73.0,0.152,17.0,23.29,3.0,4.11,0.526,0.166,23.27,12.94,12.24,25.17,33.76,15.09,294.0,0.319,60.0,20.41,15.0,5.1,0.948,0.2709999999999999,21.2,10.46,15.26,25.72,26.0,16.13
745739,2024-06-04,2024,596146,L,596133,R,field_out,False,False,123.0,0.257,20.0,16.26,11.0,8.94,0.768,0.183,21.16,10.22,13.23,23.45,23.64,12.82,394.0,0.263,84.0,21.32,37.0,9.39,0.8320000000000001,0.2339999999999999,19.92,9.32,15.49,24.81,24.75,18.14,64.0,0.155,22.0,34.38,4.0,6.25,0.495,0.12100000000000002,36.43,17.34,16.61,33.95,32.89,26.51,270.0,0.281,49.0,18.15,25.0,9.26,0.873,0.244,22.2,9.96,16.57,26.54,23.79,17.13
744850,2024-06-04,2024,596019,R,687792,L,double,False,False,57.0,0.26,4.0,7.02,4.0,7.02,0.8109999999999999,0.2,14.71,6.76,16.67,23.42,22.61,7.55,204.0,0.281,35.0,17.16,15.0,7.35,0.916,0.2919999999999999,20.49,9.45,15.99,25.44,24.88,16.36,,,,,,,,,,,,,,,,,,,,,,,,,,,,
744850,2024-06-04,2024,624413,R,687792,L,strikeout,True,False,61.0,0.204,13.0,21.31,5.0,8.2,0.7949999999999999,0.29600000000000004,21.49,10.44,14.46,24.9,28.69,15.66,183.0,0.224,42.0,22.95,21.0,11.48,0.859,0.302,25.52,11.15,17.51,28.66,27.34,16.87,,,,,,,,,,,,,,,,,,,,,,,,,,,,
744850,2024-06-04,2024,607043,L,687792,L,field_out,False,False,62.0,0.232,12.0,19.35,1.0,1.61,0.735,0.19699999999999998,28.0,12.61,20.27,32.88,31.86,21.05,236.0,0.286,48.0,20.34,14.0,5.93,0.749,0.118,24.0,10.48,21.38,31.86,21.45,15.14,,,,,,,,,,,,,,,,,,,,,,,,,,,,
744850,2024-06-04,2024,502110,R,687792,L,field_out,False,False,38.0,0.364,7.0,18.42,5.0,13.16,1.053,0.242,20.0,9.83,8.67,18.5,29.7,11.86,137.0,0.274,43.0,31.39,13.0,9.49,0.924,0.3069999999999999,30.91,15.57,13.74,29.3,29.27,23.5,,,,,,,,,,,,,,,,,,,,,,,,,,,,
744850,2024-06-04,2024,682928,L,656849,L,field_out,False,False,65.0,0.349,14.0,21.54,1.0,1.54,0.972,0.254,24.63,13.31,16.53,29.84,39.29,16.67,170.0,0.166,40.0,23.53,8.0,4.71,0.512,0.106,24.68,12.36,17.24,29.59,32.89,21.74,6.0,0.167,2.0,33.33,0.0,0.0,0.334,0.0,30.0,15.79,31.58,47.37,57.14,25.0,117.0,0.283,35.0,29.91,9.0,7.69,0.822,0.189,29.73,14.07,18.12,32.2,29.33,24.31
744850,2024-06-04,2024,657041,R,656849,L,hit_by_pitch,False,False,41.0,0.314,4.0,9.76,5.0,12.2,0.8,0.08600000000000002,14.47,6.04,17.58,23.63,20.83,6.35,192.0,0.331,33.0,17.19,13.0,6.77,0.948,0.2419999999999999,14.83,6.49,18.37,24.86,23.4,17.65,16.0,0.4,1.0,6.25,1.0,6.25,1.171,0.33299999999999996,18.18,8.96,11.94,20.9,25.0,5.0,377.0,0.288,93.0,24.67,41.0,10.88,0.823,0.163,29.54,13.33,15.47,28.8,29.06,23.19
744850,2024-06-04,2024,608841,R,656849,L,grounded_into_double_play,False,False,65.0,0.186,14.0,21.54,4.0,6.15,0.46599999999999997,0.034,21.01,10.64,16.6,27.23,36.04,20.29,188.0,0.291,33.0,17.55,10.0,5.32,0.771,0.143,23.12,11.37,16.16,27.53,33.86,14.29,16.0,0.4,1.0,6.25,1.0,6.25,1.171,0.33299999999999996,18.18,8.96,11.94,20.9,25.0,5.0,377.0,0.288,93.0,24.67,41.0,10.88,0.823,0.163,29.54,13.33,15.47,28.8,29.06,23.19
744850,2024-06-04,2024,516782,R,687792,L,field_out,False,False,58.0,0.308,12.0,20.69,5.0,8.62,0.841,0.15400000000000003,28.57,15.13,12.61,27.73,32.77,13.19,96.0,0.273,18.0,18.75,5.0,5.21,0.66,0.068,25.99,13.29,13.87,27.17,35.98,20.22,,,,,,,,,,,,,,,,,,,,,,,,,,,,
744850,2024-06-04,2024,668901,R,687792,L,field_out,False,False,32.0,0.464,5.0,15.62,4.0,12.5,1.46,0.465,26.23,14.41,10.81,25.23,34.33,17.86,88.0,0.214,30.0,34.09,2.0,2.27,0.584,0.1309999999999999,40.66,21.26,14.94,36.21,36.02,26.79,,,,,,,,,,,,,,,,,,,,,,,,,,,,
744850,2024-06-04,2024,664056,R,687792,L,field_out,False,False,62.0,0.232,11.0,17.74,5.0,8.06,0.594,0.07199999999999998,22.52,10.73,17.17,27.9,35.51,18.64,97.0,0.299,14.0,14.43,8.0,8.25,0.936,0.2759999999999999,23.49,10.71,18.68,29.4,31.94,16.67,,,,,,,,,,,,,,,,,,,,,,,,,,,,
744850,2024-06-04,2024,669222,R,656849,L,field_out,False,False,39.0,0.294,5.0,12.82,5.0,12.82,0.9440000000000001,0.26500000000000007,14.29,6.33,16.46,22.78,27.5,9.62,126.0,0.347,23.0,18.25,8.0,6.35,1.008,0.272,15.6,7.66,16.89,24.55,26.51,19.66,16.0,0.4,1.0,6.25,1.0,6.25,1.171,0.33299999999999996,18.18,8.96,11.94,20.9,25.0,5.0,377.0,0.288,93.0,24.67,41.0,10.88,0.823,0.163,29.54,13.33,15.47,28.8,29.06,23.19
744850,2024-06-04,2024,545121,R,656849,L,field_out,False,False,48.0,0.341,7.0,14.58,4.0,8.33,0.873,0.13599999999999995,17.28,7.91,16.95,24.86,29.21,14.89,108.0,0.291,9.0,8.33,4.0,3.7,0.8,0.185,11.41,5.43,19.64,25.06,34.21,8.49,16.0,0.4,1.0,6.25,1.0,6.25,1.171,0.33299999999999996,18.18,8.96,11.94,20.9,25.0,5.0,377.0,0.288,93.0,24.67,41.0,10.88,0.823,0.163,29.54,13.33,15.47,28.8,29.06,23.19
744850,2024-06-04,2024,608385,L,656849,L,strikeout,True,False,70.0,0.186,22.0,31.43,9.0,12.86,0.605,0.119,22.64,8.82,21.69,30.51,17.54,23.91,13.0,0.182,5.0,38.46,2.0,15.38,0.581,0.091,15.38,6.15,20.0,26.15,7.14,19.23,6.0,0.167,2.0,33.33,0.0,0.0,0.334,0.0,30.0,15.79,31.58,47.37,57.14,25.0,117.0,0.283,35.0,29.91,9.0,7.69,0.822,0.189,29.73,14.07,18.12,32.2,29.33,24.31
744850,2024-06-04,2024,578428,R,687792,L,strikeout,True,False,8.0,0.5,1.0,12.5,0.0,0.0,1.0,0.0,28.57,17.39,13.04,30.43,58.33,16.67,,,,,,,,,,,,,,,,,,,,,,,,,,,,,,,,,,,,,,,,,,
744850,2024-06-04,2024,621512,R,687792,L,single,False,False,35.0,0.138,12.0,34.29,3.0,8.57,0.384,0.033999999999999975,44.16,25.19,9.63,34.81,38.16,26.09,26.0,0.13,9.0,34.62,1.0,3.85,0.297,0.0,33.93,20.88,6.59,27.47,52.73,29.03,,,,,,,,,,,,,,,,,,,,,,,,,,,,
744850,2024-06-04,2024,596019,R,687792,L,single,False,False,57.0,0.26,4.0,7.02,4.0,7.02,0.8109999999999999,0.2,14.71,6.76,16.67,23.42,22.61,7.55,204.0,0.281,35.0,17.16,15.0,7.35,0.916,0.2919999999999999,20.49,9.45,15.99,25.44,24.88,16.36,,,,,,,,,,,,,,,,,,,,,,,,,,,,
744850,2024-06-04,2024,624413,R,687792,L,field_out,False,False,61.0,0.204,13.0,21.31,5.0,8.2,0.7949999999999999,0.29600000000000004,21.49,10.44,14.46,24.9,28.69,15.66,183.0,0.224,42.0,22.95,21.0,11.48,0.859,0.302,25.52,11.15,17.51,28.66,27.34,16.87,,,,,,,,,,,,,,,,,,,,,,,,,,,,
744850,2024-06-04,2024,607043,L,687792,L,walk,False,True,62.0,0.232,12.0,19.35,1.0,1.61,0.735,0.19699999999999998,28.0,12.61,20.27,32.88,31.86,21.05,236.0,0.286,48.0,20.34,14.0,5.93,0.749,0.118,24.0,10.48,21.38,31.86,21.45,15.14,,,,,,,,,,,,,,,,,,,,,,,,,,,,
744850,2024-06-04,2024,502110,R,687792,L,strikeout,True,False,38.0,0.364,7.0,18.42,5.0,13.16,1.053,0.242,20.0,9.83,8.67,18.5,29.7,11.86,137.0,0.274,43.0,31.39,13.0,9.49,0.924,0.3069999999999999,30.91,15.57,13.74,29.3,29.27,23.5,,,,,,,,,,,,,,,,,,,,,,,,,,,,
744850,2024-06-04,2024,660688,R,656849,L,field_out,False,False,38.0,0.167,5.0,13.16,1.0,2.63,0.46099999999999997,0.08299999999999999,10.67,5.56,20.14,25.69,47.37,10.87,159.0,0.289,10.0,6.29,6.0,3.77,0.73,0.114,12.6,6.29,17.14,23.43,36.59,8.85,16.0,0.4,1.0,6.25,1.0,6.25,1.171,0.33299999999999996,18.18,8.96,11.94,20.9,25.0,5.0,377.0,0.288,93.0,24.67,41.0,10.88,0.823,0.163,29.54,13.33,15.47,28.8,29.06,23.19
744850,2024-06-04,2024,608336,L,656849,L,field_out,False,False,43.0,0.1,22.0,51.16,2.0,4.65,0.363,0.1,40.24,18.75,15.34,34.09,16.46,37.93,59.0,0.18,24.0,40.68,8.0,13.56,0.7050000000000001,0.22,42.99,19.01,15.7,34.71,27.69,30.0,6.0,0.167,2.0,33.33,0.0,0.0,0.334,0.0,30.0,15.79,31.58,47.37,57.14,25.0,117.0,0.283,35.0,29.91,9.0,7.69,0.822,0.189,29.73,14.07,18.12,32.2,29.33,24.31
744850,2024-06-04,2024,696285,R,656849,L,walk,False,True,52.0,0.327,7.0,13.46,1.0,1.92,0.753,0.061,17.11,7.14,21.98,29.12,22.22,15.56,28.0,0.2,5.0,17.86,3.0,10.71,0.5660000000000001,0.08,20.0,9.24,20.17,29.41,29.63,13.16,16.0,0.4,1.0,6.25,1.0,6.25,1.171,0.33299999999999996,18.18,8.96,11.94,20.9,25.0,5.0,377.0,0.288,93.0,24.67,41.0,10.88,0.823,0.163,29.54,13.33,15.47,28.8,29.06,23.19
744850,2024-06-04,2024,682928,L,656849,L,single,False,False,65.0,0.349,14.0,21.54,1.0,1.54,0.972,0.254,24.63,13.31,16.53,29.84,39.29,16.67,170.0,0.166,40.0,23.53,8.0,4.71,0.512,0.106,24.68,12.36,17.24,29.59,32.89,21.74,6.0,0.167,2.0,33.33,0.0,0.0,0.334,0.0,30.0,15.79,31.58,47.37,57.14,25.0,117.0,0.283,35.0,29.91,9.0,7.69,0.822,0.189,29.73,14.07,18.12,32.2,29.33,24.31
744850,2024-06-04,2024,657041,R,656849,L,field_out,False,False,41.0,0.314,4.0,9.76,5.0,12.2,0.8,0.08600000000000002,14.47,6.04,17.58,23.63,20.83,6.35,192.0,0.331,33.0,17.19,13.0,6.77,0.948,0.2419999999999999,14.83,6.49,18.37,24.86,23.4,17.65,16.0,0.4,1.0,6.25,1.0,6.25,1.171,0.33299999999999996,18.18,8.96,11.94,20.9,25.0,5.0,377.0,0.288,93.0,24.67,41.0,10.88,0.823,0.163,29.54,13.33,15.47,28.8,29.06,23.19
744850,2024-06-04,2024,516782,R,687792,L,walk,False,True,58.0,0.308,12.0,20.69,5.0,8.62,0.841,0.15400000000000003,28.57,15.13,12.61,27.73,32.77,13.19,96.0,0.273,18.0,18.75,5.0,5.21,0.66,0.068,25.99,13.29,13.87,27.17,35.98,20.22,,,,,,,,,,,,,,,,,,,,,,,,,,,,
744850,2024-06-04,2024,668901,R,687792,L,field_out,False,False,32.0,0.464,5.0,15.62,4.0,12.5,1.46,0.465,26.23,14.41,10.81,25.23,34.33,17.86,88.0,0.214,30.0,34.09,2.0,2.27,0.584,0.1309999999999999,40.66,21.26,14.94,36.21,36.02,26.79,,,,,,,,,,,,,,,,,,,,,,,,,,,,
744850,2024-06-04,2024,664056,R,687792,L,home_run,False,False,62.0,0.232,11.0,17.74,5.0,8.06,0.594,0.07199999999999998,22.52,10.73,17.17,27.9,35.51,18.64,97.0,0.299,14.0,14.43,8.0,8.25,0.936,0.2759999999999999,23.49,10.71,18.68,29.4,31.94,16.67,,,,,,,,,,,,,,,,,,,,,,,,,,,,
744850,2024-06-04,2024,578428,R,687792,L,double,False,False,8.0,0.5,1.0,12.5,0.0,0.0,1.0,0.0,28.57,17.39,13.04,30.43,58.33,16.67,,,,,,,,,,,,,,,,,,,,,,,,,,,,,,,,,,,,,,,,,,
744850,2024-06-04,2024,621512,R,687792,L,fielders_choice_out,False,False,35.0,0.138,12.0,34.29,3.0,8.57,0.384,0.033999999999999975,44.16,25.19,9.63,34.81,38.16,26.09,26.0,0.13,9.0,34.62,1.0,3.85,0.297,0.0,33.93,20.88,6.59,27.47,52.73,29.03,,,,,,,,,,,,,,,,,,,,,,,,,,,,
744850,2024-06-04,2024,596019,R,687792,L,field_out,False,False,57.0,0.26,4.0,7.02,4.0,7.02,0.8109999999999999,0.2,14.71,6.76,16.67,23.42,22.61,7.55,204.0,0.281,35.0,17.16,15.0,7.35,0.916,0.2919999999999999,20.49,9.45,15.99,25.44,24.88,16.36,,,,,,,,,,,,,,,,,,,,,,,,,,,,
744850,2024-06-04,2024,608841,R,656849,L,field_out,False,False,65.0,0.186,14.0,21.54,4.0,6.15,0.46599999999999997,0.034,21.01,10.64,16.6,27.23,36.04,20.29,188.0,0.291,33.0,17.55,10.0,5.32,0.771,0.143,23.12,11.37,16.16,27.53,33.86,14.29,16.0,0.4,1.0,6.25,1.0,6.25,1.171,0.33299999999999996,18.18,8.96,11.94,20.9,25.0,5.0,377.0,0.288,93.0,24.67,41.0,10.88,0.823,0.163,29.54,13.33,15.47,28.8,29.06,23.19
744850,2024-06-04,2024,669222,R,656849,L,field_out,False,False,39.0,0.294,5.0,12.82,5.0,12.82,0.9440000000000001,0.26500000000000007,14.29,6.33,16.46,22.78,27.5,9.62,126.0,0.347,23.0,18.25,8.0,6.35,1.008,0.272,15.6,7.66,16.89,24.55,26.51,19.66,16.0,0.4,1.0,6.25,1.0,6.25,1.171,0.33299999999999996,18.18,8.96,11.94,20.9,25.0,5.0,377.0,0.288,93.0,24.67,41.0,10.88,0.823,0.163,29.54,13.33,15.47,28.8,29.06,23.19
744850,2024-06-04,2024,545121,R,656849,L,strikeout,True,False,48.0,0.341,7.0,14.58,4.0,8.33,0.873,0.13599999999999995,17.28,7.91,16.95,24.86,29.21,14.89,108.0,0.291,9.0,8.33,4.0,3.7,0.8,0.185,11.41,5.43,19.64,25.06,34.21,8.49,16.0,0.4,1.0,6.25,1.0,6.25,1.171,0.33299999999999996,18.18,8.96,11.94,20.9,25.0,5.0,377.0,0.288,93.0,24.67,41.0,10.88,0.823,0.163,29.54,13.33,15.47,28.8,29.06,23.19
744850,2024-06-04,2024,624413,R,687792,L,single,False,False,61.0,0.204,13.0,21.31,5.0,8.2,0.7949999999999999,0.29600000000000004,21.49,10.44,14.46,24.9,28.69,15.66,183.0,0.224,42.0,22.95,21.0,11.48,0.859,0.302,25.52,11.15,17.51,28.66,27.34,16.87,,,,,,,,,,,,,,,,,,,,,,,,,,,,
744850,2024-06-04,2024,607043,L,687792,L,single,False,False,62.0,0.232,12.0,19.35,1.0,1.61,0.735,0.19699999999999998,28.0,12.61,20.27,32.88,31.86,21.05,236.0,0.286,48.0,20.34,14.0,5.93,0.749,0.118,24.0,10.48,21.38,31.86,21.45,15.14,,,,,,,,,,,,,,,,,,,,,,,,,,,,
744850,2024-06-04,2024,502110,R,571882,R,strikeout,True,False,99.0,0.258,34.0,34.34,5.0,5.05,0.737,0.183,31.84,17.57,12.62,30.2,35.92,22.37,343.0,0.27,106.0,30.9,21.0,6.12,0.8799999999999999,0.2979999999999999,35.71,19.2,12.73,31.93,33.23,24.42,83.0,0.297,10.0,12.05,5.0,6.02,0.7190000000000001,0.08100000000000002,22.14,11.44,13.65,25.09,32.8,14.29,128.0,0.234,24.0,18.75,12.0,9.38,0.6799999999999999,0.1259999999999999,31.08,15.73,12.1,27.82,32.58,15.38
744850,2024-06-04,2024,516782,R,571882,R,triple,False,False,166.0,0.265,37.0,22.29,8.0,4.82,0.69,0.122,27.81,13.91,18.21,32.12,31.25,21.39,245.0,0.238,51.0,20.82,11.0,4.49,0.611,0.079,28.63,15.5,14.75,30.25,37.87,18.35,83.0,0.297,10.0,12.05,5.0,6.02,0.7190000000000001,0.08100000000000002,22.14,11.44,13.65,25.09,32.8,14.29,128.0,0.234,24.0,18.75,12.0,9.38,0.6799999999999999,0.1259999999999999,31.08,15.73,12.1,27.82,32.58,15.38
744850,2024-06-04,2024,668901,R,571882,R,sac_fly,False,False,34.0,0.226,8.0,23.53,3.0,8.82,0.713,0.19299999999999998,36.67,18.03,17.21,35.25,32.79,25.81,145.0,0.209,41.0,28.28,8.0,5.52,0.643,0.172,34.08,18.24,17.03,35.27,36.73,29.93,83.0,0.297,10.0,12.05,5.0,6.02,0.7190000000000001,0.08100000000000002,22.14,11.44,13.65,25.09,32.8,14.29,128.0,0.234,24.0,18.75,12.0,9.38,0.6799999999999999,0.1259999999999999,31.08,15.73,12.1,27.82,32.58,15.38
744850,2024-06-04,2024,664056,R,571882,R,field_out,False,False,119.0,0.282,28.0,23.53,5.0,4.2,0.7010000000000001,0.09100000000000003,27.18,12.87,21.15,34.02,37.21,22.58,248.0,0.207,45.0,18.15,9.0,3.63,0.504,0.056,25.06,12.41,16.74,29.16,37.02,20.45,83.0,0.297,10.0,12.05,5.0,6.02,0.7190000000000001,0.08100000000000002,22.14,11.44,13.65,25.09,32.8,14.29,128.0,0.234,24.0,18.75,12.0,9.38,0.6799999999999999,0.1259999999999999,31.08,15.73,12.1,27.82,32.58,15.38
744850,2024-06-04,2024,608385,L,656849,L,single,False,False,70.0,0.186,22.0,31.43,9.0,12.86,0.605,0.119,22.64,8.82,21.69,30.51,17.54,23.91,13.0,0.182,5.0,38.46,2.0,15.38,0.581,0.091,15.38,6.15,20.0,26.15,7.14,19.23,6.0,0.167,2.0,33.33,0.0,0.0,0.334,0.0,30.0,15.79,31.58,47.37,57.14,25.0,117.0,0.283,35.0,29.91,9.0,7.69,0.822,0.189,29.73,14.07,18.12,32.2,29.33,24.31
744850,2024-06-04,2024,660688,R,656849,L,field_out,False,False,38.0,0.167,5.0,13.16,1.0,2.63,0.46099999999999997,0.08299999999999999,10.67,5.56,20.14,25.69,47.37,10.87,159.0,0.289,10.0,6.29,6.0,3.77,0.73,0.114,12.6,6.29,17.14,23.43,36.59,8.85,16.0,0.4,1.0,6.25,1.0,6.25,1.171,0.33299999999999996,18.18,8.96,11.94,20.9,25.0,5.0,377.0,0.288,93.0,24.67,41.0,10.88,0.823,0.163,29.54,13.33,15.47,28.8,29.06,23.19
744850,2024-06-04,2024,608336,L,656849,L,field_out,False,False,43.0,0.1,22.0,51.16,2.0,4.65,0.363,0.1,40.24,18.75,15.34,34.09,16.46,37.93,59.0,0.18,24.0,40.68,8.0,13.56,0.7050000000000001,0.22,42.99,19.01,15.7,34.71,27.69,30.0,6.0,0.167,2.0,33.33,0.0,0.0,0.334,0.0,30.0,15.79,31.58,47.37,57.14,25.0,117.0,0.283,35.0,29.91,9.0,7.69,0.822,0.189,29.73,14.07,18.12,32.2,29.33,24.31
744850,2024-06-04,2024,696285,R,656849,L,single,False,False,52.0,0.327,7.0,13.46,1.0,1.92,0.753,0.061,17.11,7.14,21.98,29.12,22.22,15.56,28.0,0.2,5.0,17.86,3.0,10.71,0.5660000000000001,0.08,20.0,9.24,20.17,29.41,29.63,13.16,16.0,0.4,1.0,6.25,1.0,6.25,1.171,0.33299999999999996,18.18,8.96,11.94,20.9,25.0,5.0,377.0,0.288,93.0,24.67,41.0,10.88,0.823,0.163,29.54,13.33,15.47,28.8,29.06,23.19
744850,2024-06-04,2024,682928,L,656849,L,field_out,False,False,65.0,0.349,14.0,21.54,1.0,1.54,0.972,0.254,24.63,13.31,16.53,29.84,39.29,16.67,170.0,0.166,40.0,23.53,8.0,4.71,0.512,0.106,24.68,12.36,17.24,29.59,32.89,21.74,6.0,0.167,2.0,33.33,0.0,0.0,0.334,0.0,30.0,15.79,31.58,47.37,57.14,25.0,117.0,0.283,35.0,29.91,9.0,7.69,0.822,0.189,29.73,14.07,18.12,32.2,29.33,24.31
744850,2024-06-04,2024,578428,R,571882,R,field_out,False,False,3.0,0.333,0.0,0.0,0.0,0.0,0.666,0.0,0.0,0.0,25.0,25.0,33.33,,,,,,,,,,,,,,,,83.0,0.297,10.0,12.05,5.0,6.02,0.7190000000000001,0.08100000000000002,22.14,11.44,13.65,25.09,32.8,14.29,128.0,0.234,24.0,18.75,12.0,9.38,0.6799999999999999,0.1259999999999999,31.08,15.73,12.1,27.82,32.58,15.38
744850,2024-06-04,2024,621512,R,571882,R,field_out,False,False,52.0,0.275,8.0,15.38,1.0,1.92,0.7589999999999999,0.19599999999999995,27.36,16.76,12.14,28.9,38.46,15.69,35.0,0.121,9.0,25.71,1.0,2.86,0.268,0.0,35.82,22.22,12.04,34.26,50.91,34.62,83.0,0.297,10.0,12.05,5.0,6.02,0.7190000000000001,0.08100000000000002,22.14,11.44,13.65,25.09,32.8,14.29,128.0,0.234,24.0,18.75,12.0,9.38,0.6799999999999999,0.1259999999999999,31.08,15.73,12.1,27.82,32.58,15.38
744850,2024-06-04,2024,596019,L,571882,R,field_out,False,False,212.0,0.22,41.0,19.34,15.0,7.08,0.661,0.157,24.06,11.88,14.85,26.73,25.33,17.6,483.0,0.242,102.0,21.12,51.0,10.56,0.757,0.182,23.68,11.49,14.35,25.84,28.12,17.29,57.0,0.204,19.0,33.33,8.0,14.04,0.602,0.08199999999999999,33.62,15.54,14.74,30.28,34.46,23.17,113.0,0.245,21.0,18.58,14.0,12.39,0.712,0.122,22.33,9.87,16.31,26.18,24.79,14.19
744850,2024-06-04,2024,657041,R,656849,L,field_out,False,False,41.0,0.314,4.0,9.76,5.0,12.2,0.8,0.08600000000000002,14.47,6.04,17.58,23.63,20.83,6.35,192.0,0.331,33.0,17.19,13.0,6.77,0.948,0.2419999999999999,14.83,6.49,18.37,24.86,23.4,17.65,16.0,0.4,1.0,6.25,1.0,6.25,1.171,0.33299999999999996,18.18,8.96,11.94,20.9,25.0,5.0,377.0,0.288,93.0,24.67,41.0,10.88,0.823,0.163,29.54,13.33,15.47,28.8,29.06,23.19
744850,2024-06-04,2024,608841,R,656849,L,walk,False,True,65.0,0.186,14.0,21.54,4.0,6.15,0.46599999999999997,0.034,21.01,10.64,16.6,27.23,36.04,20.29,188.0,0.291,33.0,17.55,10.0,5.32,0.771,0.143,23.12,11.37,16.16,27.53,33.86,14.29,16.0,0.4,1.0,6.25,1.0,6.25,1.171,0.33299999999999996,18.18,8.96,11.94,20.9,25.0,5.0,377.0,0.288,93.0,24.67,41.0,10.88,0.823,0.163,29.54,13.33,15.47,28.8,29.06,23.19
744850,2024-06-04,2024,669222,R,656849,L,field_out,False,False,39.0,0.294,5.0,12.82,5.0,12.82,0.9440000000000001,0.26500000000000007,14.29,6.33,16.46,22.78,27.5,9.62,126.0,0.347,23.0,18.25,8.0,6.35,1.008,0.272,15.6,7.66,16.89,24.55,26.51,19.66,16.0,0.4,1.0,6.25,1.0,6.25,1.171,0.33299999999999996,18.18,8.96,11.94,20.9,25.0,5.0,377.0,0.288,93.0,24.67,41.0,10.88,0.823,0.163,29.54,13.33,15.47,28.8,29.06,23.19
744850,2024-06-04,2024,545121,R,656849,L,field_out,False,False,48.0,0.341,7.0,14.58,4.0,8.33,0.873,0.13599999999999995,17.28,7.91,16.95,24.86,29.21,14.89,108.0,0.291,9.0,8.33,4.0,3.7,0.8,0.185,11.41,5.43,19.64,25.06,34.21,8.49,16.0,0.4,1.0,6.25,1.0,6.25,1.171,0.33299999999999996,18.18,8.96,11.94,20.9,25.0,5.0,377.0,0.288,93.0,24.67,41.0,10.88,0.823,0.163,29.54,13.33,15.47,28.8,29.06,23.19
744850,2024-06-04,2024,624413,R,571882,R,strikeout,True,False,197.0,0.243,38.0,19.29,16.0,8.12,0.763,0.20900000000000002,22.55,10.3,19.24,29.54,30.45,18.41,475.0,0.214,109.0,22.95,44.0,9.26,0.8069999999999999,0.281,26.53,11.43,18.24,29.67,27.59,22.11,83.0,0.297,10.0,12.05,5.0,6.02,0.7190000000000001,0.08100000000000002,22.14,11.44,13.65,25.09,32.8,14.29,128.0,0.234,24.0,18.75,12.0,9.38,0.6799999999999999,0.1259999999999999,31.08,15.73,12.1,27.82,32.58,15.38
744850,2024-06-04,2024,607043,L,571882,R,single,False,False,189.0,0.211,49.0,25.93,32.0,16.93,0.726,0.157,24.93,10.23,16.74,26.98,20.09,17.63,448.0,0.266,98.0,21.88,60.0,13.39,0.874,0.235,20.87,8.67,19.47,28.14,19.23,16.42,57.0,0.204,19.0,33.33,8.0,14.04,0.602,0.08199999999999999,33.62,15.54,14.74,30.28,34.46,23.17,113.0,0.245,21.0,18.58,14.0,12.39,0.712,0.122,22.33,9.87,16.31,26.18,24.79,14.19
744850,2024-06-04,2024,502110,R,571882,R,single,False,False,99.0,0.258,34.0,34.34,5.0,5.05,0.737,0.183,31.84,17.57,12.62,30.2,35.92,22.37,343.0,0.27,106.0,30.9,21.0,6.12,0.8799999999999999,0.2979999999999999,35.71,19.2,12.73,31.93,33.23,24.42,83.0,0.297,10.0,12.05,5.0,6.02,0.7190000000000001,0.08100000000000002,22.14,11.44,13.65,25.09,32.8,14.29,128.0,0.234,24.0,18.75,12.0,9.38,0.6799999999999999,0.1259999999999999,31.08,15.73,12.1,27.82,32.58,15.38
744850,2024-06-04,2024,516782,R,571882,R,grounded_into_double_play,False,False,166.0,0.265,37.0,22.29,8.0,4.82,0.69,0.122,27.81,13.91,18.21,32.12,31.25,21.39,245.0,0.238,51.0,20.82,11.0,4.49,0.611,0.079,28.63,15.5,14.75,30.25,37.87,18.35,83.0,0.297,10.0,12.05,5.0,6.02,0.7190000000000001,0.08100000000000002,22.14,11.44,13.65,25.09,32.8,14.29,128.0,0.234,24.0,18.75,12.0,9.38,0.6799999999999999,0.1259999999999999,31.08,15.73,12.1,27.82,32.58,15.38
744850,2024-06-04,2024,608385,L,656849,L,hit_by_pitch,False,False,70.0,0.186,22.0,31.43,9.0,12.86,0.605,0.119,22.64,8.82,21.69,30.51,17.54,23.91,13.0,0.182,5.0,38.46,2.0,15.38,0.581,0.091,15.38,6.15,20.0,26.15,7.14,19.23,6.0,0.167,2.0,33.33,0.0,0.0,0.334,0.0,30.0,15.79,31.58,47.37,57.14,25.0,117.0,0.283,35.0,29.91,9.0,7.69,0.822,0.189,29.73,14.07,18.12,32.2,29.33,24.31
744850,2024-06-04,2024,660688,R,656849,L,field_out,False,False,38.0,0.167,5.0,13.16,1.0,2.63,0.46099999999999997,0.08299999999999999,10.67,5.56,20.14,25.69,47.37,10.87,159.0,0.289,10.0,6.29,6.0,3.77,0.73,0.114,12.6,6.29,17.14,23.43,36.59,8.85,16.0,0.4,1.0,6.25,1.0,6.25,1.171,0.33299999999999996,18.18,8.96,11.94,20.9,25.0,5.0,377.0,0.288,93.0,24.67,41.0,10.88,0.823,0.163,29.54,13.33,15.47,28.8,29.06,23.19
744850,2024-06-04,2024,608336,L,656849,L,single,False,False,43.0,0.1,22.0,51.16,2.0,4.65,0.363,0.1,40.24,18.75,15.34,34.09,16.46,37.93,59.0,0.18,24.0,40.68,8.0,13.56,0.7050000000000001,0.22,42.99,19.01,15.7,34.71,27.69,30.0,6.0,0.167,2.0,33.33,0.0,0.0,0.334,0.0,30.0,15.79,31.58,47.37,57.14,25.0,117.0,0.283,35.0,29.91,9.0,7.69,0.822,0.189,29.73,14.07,18.12,32.2,29.33,24.31
744850,2024-06-04,2024,696285,R,656849,L,single,False,False,52.0,0.327,7.0,13.46,1.0,1.92,0.753,0.061,17.11,7.14,21.98,29.12,22.22,15.56,28.0,0.2,5.0,17.86,3.0,10.71,0.5660000000000001,0.08,20.0,9.24,20.17,29.41,29.63,13.16,16.0,0.4,1.0,6.25,1.0,6.25,1.171,0.33299999999999996,18.18,8.96,11.94,20.9,25.0,5.0,377.0,0.288,93.0,24.67,41.0,10.88,0.823,0.163,29.54,13.33,15.47,28.8,29.06,23.19
744850,2024-06-04,2024,682928,L,656849,L,field_out,False,False,65.0,0.349,14.0,21.54,1.0,1.54,0.972,0.254,24.63,13.31,16.53,29.84,39.29,16.67,170.0,0.166,40.0,23.53,8.0,4.71,0.512,0.106,24.68,12.36,17.24,29.59,32.89,21.74,6.0,0.167,2.0,33.33,0.0,0.0,0.334,0.0,30.0,15.79,31.58,47.37,57.14,25.0,117.0,0.283,35.0,29.91,9.0,7.69,0.822,0.189,29.73,14.07,18.12,32.2,29.33,24.31
744850,2024-06-04,2024,657041,R,673380,R,strikeout,True,False,92.0,0.179,23.0,25.0,6.0,6.52,0.514,0.10699999999999998,22.73,9.72,21.11,30.83,22.6,21.7,490.0,0.242,143.0,29.18,23.0,4.69,0.719,0.185,26.09,11.34,20.58,31.92,28.6,24.48,34.0,0.188,17.0,50.0,1.0,2.94,0.5559999999999999,0.15599999999999997,39.13,20.93,20.16,41.09,30.0,44.74,,,,,,,,,,,,,,
744850,2024-06-04,2024,668901,R,606930,R,single,False,False,34.0,0.226,8.0,23.53,3.0,8.82,0.713,0.19299999999999998,36.67,18.03,17.21,35.25,32.79,25.81,145.0,0.209,41.0,28.28,8.0,5.52,0.643,0.172,34.08,18.24,17.03,35.27,36.73,29.93,45.0,0.256,10.0,22.22,1.0,2.22,0.639,0.11599999999999999,29.9,16.57,9.71,26.29,34.44,16.95,42.0,0.325,6.0,14.29,1.0,2.38,0.857,0.175,26.58,16.03,11.45,27.48,40.0,15.0
744850,2024-06-04,2024,664056,R,606930,R,single,False,False,119.0,0.282,28.0,23.53,5.0,4.2,0.7010000000000001,0.09100000000000003,27.18,12.87,21.15,34.02,37.21,22.58,248.0,0.207,45.0,18.15,9.0,3.63,0.504,0.056,25.06,12.41,16.74,29.16,37.02,20.45,45.0,0.256,10.0,22.22,1.0,2.22,0.639,0.11599999999999999,29.9,16.57,9.71,26.29,34.44,16.95,42.0,0.325,6.0,14.29,1.0,2.38,0.857,0.175,26.58,16.03,11.45,27.48,40.0,15.0
744850,2024-06-04,2024,578428,R,606930,R,force_out,False,False,3.0,0.333,0.0,0.0,0.0,0.0,0.666,0.0,0.0,0.0,25.0,25.0,33.33,,,,,,,,,,,,,,,,45.0,0.256,10.0,22.22,1.0,2.22,0.639,0.11599999999999999,29.9,16.57,9.71,26.29,34.44,16.95,42.0,0.325,6.0,14.29,1.0,2.38,0.857,0.175,26.58,16.03,11.45,27.48,40.0,15.0
744850,2024-06-04,2024,621466,L,606930,R,grounded_into_double_play,False,False,114.0,0.209,24.0,21.05,19.0,16.67,0.745,0.17600000000000002,29.28,11.75,15.96,27.72,13.84,19.83,136.0,0.273,43.0,31.62,10.0,7.35,0.92,0.3059999999999999,35.89,18.63,10.49,29.11,25.44,24.85,30.0,0.208,3.0,10.0,5.0,16.67,0.708,0.167,20.83,8.26,16.53,24.79,25.0,10.34,19.0,0.294,2.0,10.53,2.0,10.53,0.78,0.118,9.09,3.85,16.67,20.51,21.43,8.7
744850,2024-06-04,2024,608841,R,673380,R,field_out,False,False,151.0,0.263,27.0,17.88,11.0,7.28,0.6679999999999999,0.08299999999999996,20.42,10.27,13.27,23.54,27.3,16.77,471.0,0.268,97.0,20.59,28.0,5.94,0.7030000000000001,0.12,23.85,11.18,18.94,30.12,30.48,17.38,34.0,0.188,17.0,50.0,1.0,2.94,0.5559999999999999,0.15599999999999997,39.13,20.93,20.16,41.09,30.0,44.74,,,,,,,,,,,,,,
744850,2024-06-04,2024,669222,R,673380,R,field_out,False,False,106.0,0.225,28.0,26.42,15.0,14.15,0.714,0.146,28.32,12.44,17.77,30.2,21.28,27.45,205.0,0.164,51.0,24.88,18.0,8.78,0.497,0.093,25.27,12.43,15.64,28.07,26.72,23.15,34.0,0.188,17.0,50.0,1.0,2.94,0.5559999999999999,0.15599999999999997,39.13,20.93,20.16,41.09,30.0,44.74,,,,,,,,,,,,,,
744850,2024-06-04,2024,545121,L,673380,R,field_out,False,False,79.0,0.246,5.0,6.33,9.0,11.39,0.646,0.062,11.01,4.4,21.25,25.64,22.86,8.47,179.0,0.226,11.0,6.15,15.0,8.38,0.58,0.0629999999999999,13.38,5.9,20.34,26.24,25.61,7.28,8.0,0.333,1.0,12.5,2.0,25.0,1.0,0.16699999999999998,23.53,11.43,8.57,20.0,21.05,9.09,,,,,,,,,,,,,,
744850,2024-06-04,2024,596019,L,640448,R,strikeout,True,False,212.0,0.22,41.0,19.34,15.0,7.08,0.661,0.157,24.06,11.88,14.85,26.73,25.33,17.6,483.0,0.242,102.0,21.12,51.0,10.56,0.757,0.182,23.68,11.49,14.35,25.84,28.12,17.29,43.0,0.158,14.0,32.56,4.0,9.3,0.549,0.158,30.68,14.84,17.58,32.42,30.26,20.9,131.0,0.232,27.0,20.61,17.0,12.98,0.6990000000000001,0.1339999999999999,23.4,10.42,17.23,27.65,20.92,17.09
744850,2024-06-04,2024,624413,R,640448,R,home_run,False,False,197.0,0.243,38.0,19.29,16.0,8.12,0.763,0.20900000000000002,22.55,10.3,19.24,29.54,30.45,18.41,475.0,0.214,109.0,22.95,44.0,9.26,0.8069999999999999,0.281,26.53,11.43,18.24,29.67,27.59,22.11,47.0,0.146,8.0,17.02,6.0,12.77,0.499,0.098,22.77,12.5,12.5,25.0,25.0,12.5,157.0,0.27,36.0,22.93,7.0,4.46,0.772,0.196,25.88,13.73,13.9,27.63,28.08,18.95
744850,2024-06-04,2024,607043,L,640448,R,field_out,False,False,189.0,0.211,49.0,25.93,32.0,16.93,0.726,0.157,24.93,10.23,16.74,26.98,20.09,17.63,448.0,0.266,98.0,21.88,60.0,13.39,0.874,0.235,20.87,8.67,19.47,28.14,19.23,16.42,43.0,0.158,14.0,32.56,4.0,9.3,0.549,0.158,30.68,14.84,17.58,32.42,30.26,20.9,131.0,0.232,27.0,20.61,17.0,12.98,0.6990000000000001,0.1339999999999999,23.4,10.42,17.23,27.65,20.92,17.09
744850,2024-06-04,2024,502110,R,640448,R,field_out,False,False,99.0,0.258,34.0,34.34,5.0,5.05,0.737,0.183,31.84,17.57,12.62,30.2,35.92,22.37,343.0,0.27,106.0,30.9,21.0,6.12,0.8799999999999999,0.2979999999999999,35.71,19.2,12.73,31.93,33.23,24.42,47.0,0.146,8.0,17.02,6.0,12.77,0.499,0.098,22.77,12.5,12.5,25.0,25.0,12.5,157.0,0.27,36.0,22.93,7.0,4.46,0.772,0.196,25.88,13.73,13.9,27.63,28.08,18.95
744850,2024-06-04,2024,608385,L,657585,R,walk,False,True,157.0,0.265,33.0,21.02,19.0,12.1,0.8,0.15899999999999997,23.18,10.03,16.62,26.65,19.54,15.0,184.0,0.2,46.0,25.0,24.0,13.04,0.5660000000000001,0.0449999999999999,25.91,11.04,17.01,28.05,20.4,17.9,59.0,0.264,24.0,40.68,6.0,10.17,0.754,0.15099999999999997,38.14,16.02,18.61,34.63,33.08,36.92,27.0,0.167,6.0,22.22,2.0,7.41,0.68,0.291,26.32,15.15,9.09,24.24,38.46,21.43
744850,2024-06-04,2024,660688,L,657585,R,strikeout,True,False,113.0,0.217,17.0,15.04,3.0,2.65,0.5680000000000001,0.094,14.43,7.25,17.62,24.87,33.51,17.35,403.0,0.249,48.0,11.91,25.0,6.2,0.712,0.1629999999999999,14.96,7.67,15.92,23.59,36.49,14.77,59.0,0.264,24.0,40.68,6.0,10.17,0.754,0.15099999999999997,38.14,16.02,18.61,34.63,33.08,36.92,27.0,0.167,6.0,22.22,2.0,7.41,0.68,0.291,26.32,15.15,9.09,24.24,38.46,21.43
744850,2024-06-04,2024,608336,L,657585,R,strikeout,True,False,102.0,0.183,42.0,41.18,17.0,16.67,0.7390000000000001,0.21900000000000003,44.92,19.09,15.91,35.0,21.83,29.58,273.0,0.177,118.0,43.22,40.0,14.65,0.748,0.271,44.52,21.12,11.99,33.11,25.82,30.1,59.0,0.264,24.0,40.68,6.0,10.17,0.754,0.15099999999999997,38.14,16.02,18.61,34.63,33.08,36.92,27.0,0.167,6.0,22.22,2.0,7.41,0.68,0.291,26.32,15.15,9.09,24.24,38.46,21.43
744850,2024-06-04,2024,696285,R,657585,R,single,False,False,111.0,0.237,24.0,21.62,6.0,5.41,0.5840000000000001,0.041000000000000036,23.81,11.14,20.79,31.93,30.37,22.86,93.0,0.268,17.0,18.28,7.0,7.53,0.687,0.0859999999999999,21.38,9.8,20.46,30.26,30.36,15.74,69.0,0.203,23.0,33.33,8.0,11.59,0.626,0.119,40.88,20.74,13.33,34.07,36.88,25.84,61.0,0.333,10.0,16.39,5.0,8.2,0.863,0.13,29.75,14.46,14.46,28.92,26.52,11.36
744850,2024-06-04,2024,682928,L,657585,R,walk,False,True,171.0,0.208,35.0,20.47,11.0,6.43,0.662,0.18800000000000003,24.44,13.44,12.52,25.95,41.25,16.28,446.0,0.274,78.0,17.49,24.0,5.38,0.786,0.19,21.76,11.82,12.69,24.5,35.86,16.63,59.0,0.264,24.0,40.68,6.0,10.17,0.754,0.15099999999999997,38.14,16.02,18.61,34.63,33.08,36.92,27.0,0.167,6.0,22.22,2.0,7.41,0.68,0.291,26.32,15.15,9.09,24.24,38.46,21.43
744850,2024-06-04,2024,657041,R,657585,R,field_out,False,False,92.0,0.179,23.0,25.0,6.0,6.52,0.514,0.10699999999999998,22.73,9.72,21.11,30.83,22.6,21.7,490.0,0.242,143.0,29.18,23.0,4.69,0.719,0.185,26.09,11.34,20.58,31.92,28.6,24.48,69.0,0.203,23.0,33.33,8.0,11.59,0.626,0.119,40.88,20.74,13.33,34.07,36.88,25.84,61.0,0.333,10.0,16.39,5.0,8.2,0.863,0.13,29.75,14.46,14.46,28.92,26.52,11.36
745568,2024-06-04,2024,687401,R,650911,L,field_out,False,False,54.0,0.205,11.0,20.37,8.0,14.81,0.681,0.13600000000000004,18.82,7.21,20.27,27.48,16.67,21.57,21.0,0.3,6.0,28.57,0.0,0.0,0.586,0.0,26.32,13.33,25.33,38.67,40.0,24.0,217.0,0.291,44.0,20.28,18.0,8.29,0.732,0.09100000000000003,23.75,11.64,16.42,28.06,32.84,18.72,316.0,0.26,69.0,21.84,11.0,3.48,0.7649999999999999,0.2129999999999999,25.65,12.57,18.31,30.88,35.87,20.66
745568,2024-06-04,2024,661388,R,650911,L,field_out,False,False,58.0,0.308,16.0,27.59,4.0,6.9,0.749,0.09600000000000003,31.09,15.29,14.05,29.34,30.47,22.86,177.0,0.357,32.0,18.08,21.0,11.86,1.087,0.292,28.8,12.96,16.38,29.34,24.36,16.24,217.0,0.291,44.0,20.28,18.0,8.29,0.732,0.09100000000000003,23.75,11.64,16.42,28.06,32.84,18.72,316.0,0.26,69.0,21.84,11.0,3.48,0.7649999999999999,0.2129999999999999,25.65,12.57,18.31,30.88,35.87,20.66
745568,2024-06-04,2024,592885,L,650911,L,field_out,False,False,42.0,0.351,9.0,21.43,5.0,11.9,1.078,0.29800000000000004,25.4,10.0,15.62,25.62,20.0,26.47,159.0,0.234,37.0,23.27,14.0,8.81,0.633,0.097,26.17,13.04,15.53,28.57,28.16,18.32,43.0,0.15,12.0,27.91,2.0,4.65,0.33999999999999997,0.0,27.71,14.2,17.9,32.1,40.26,24.0,80.0,0.133,27.0,33.75,5.0,6.25,0.401,0.0799999999999999,29.77,13.4,23.37,36.77,30.3,33.75
745568,2024-06-04,2024,656941,L,657649,L,strikeout,True,False,108.0,0.319,30.0,27.78,17.0,15.74,0.921,0.176,34.15,12.96,21.76,34.72,19.52,26.79,253.0,0.188,87.0,34.39,41.0,16.21,0.758,0.242,32.04,11.82,21.04,32.86,21.61,24.51,42.0,0.256,7.0,16.67,2.0,4.76,0.626,0.07700000000000001,17.72,8.86,20.25,29.11,33.85,12.28,,,,,,,,,,,,,,
745568,2024-06-04,2024,592663,R,657649,L,strikeout,True,False,69.0,0.338,16.0,23.19,4.0,5.8,0.915,0.2,22.96,11.7,17.74,29.43,29.91,20.0,151.0,0.255,43.0,28.48,9.0,5.96,0.8380000000000001,0.263,29.97,14.7,15.97,30.67,32.79,21.5,67.0,0.203,13.0,19.4,4.0,5.97,0.576,0.08499999999999996,23.53,10.53,18.86,29.39,26.47,25.0,,,,,,,,,,,,,,
745568,2024-06-04,2024,547180,L,657649,L,single,False,False,96.0,0.268,27.0,28.12,13.0,13.54,0.841,0.20799999999999996,32.12,16.32,10.79,27.11,33.5,25.23,171.0,0.289,39.0,22.81,20.0,11.7,0.884,0.221,38.61,20.03,9.85,29.89,35.59,22.41,42.0,0.256,7.0,16.67,2.0,4.76,0.626,0.07700000000000001,17.72,8.86,20.25,29.11,33.85,12.28,,,,,,,,,,,,,,
745568,2024-06-04,2024,664761,R,657649,L,field_out,False,False,82.0,0.276,10.0,12.2,6.0,7.32,0.776,0.17099999999999999,12.14,5.88,14.53,20.42,24.48,12.82,167.0,0.303,26.0,15.57,8.0,4.79,0.929,0.291,20.3,10.86,12.97,23.82,35.24,14.21,67.0,0.203,13.0,19.4,4.0,5.97,0.576,0.08499999999999996,23.53,10.53,18.86,29.39,26.47,25.0,,,,,,,,,,,,,,
745568,2024-06-04,2024,642715,R,650911,L,walk,False,True,55.0,0.208,12.0,21.82,6.0,10.91,0.645,0.146,29.03,13.17,15.12,28.29,24.32,22.22,160.0,0.231,48.0,30.0,24.0,15.0,0.762,0.1789999999999999,26.61,12.38,15.79,28.17,29.47,20.17,217.0,0.291,44.0,20.28,18.0,8.29,0.732,0.09100000000000003,23.75,11.64,16.42,28.06,32.84,18.72,316.0,0.26,69.0,21.84,11.0,3.48,0.7649999999999999,0.2129999999999999,25.65,12.57,18.31,30.88,35.87,20.66
745568,2024-06-04,2024,656555,R,650911,L,grounded_into_double_play,False,False,24.0,0.158,2.0,8.33,3.0,12.5,0.608,0.158,21.95,9.0,16.0,25.0,18.37,8.0,,,,,,,,,,,,,,,217.0,0.291,44.0,20.28,18.0,8.29,0.732,0.09100000000000003,23.75,11.64,16.42,28.06,32.84,18.72,316.0,0.26,69.0,21.84,11.0,3.48,0.7649999999999999,0.2129999999999999,25.65,12.57,18.31,30.88,35.87,20.66
745568,2024-06-04,2024,596142,R,650911,L,strikeout,True,False,41.0,0.243,9.0,21.95,3.0,7.32,0.9119999999999999,0.352,28.38,13.64,20.78,34.42,29.73,18.0,79.0,0.267,18.0,22.78,4.0,5.06,0.984,0.413,25.18,10.61,22.12,32.73,24.07,18.18,217.0,0.291,44.0,20.28,18.0,8.29,0.732,0.09100000000000003,23.75,11.64,16.42,28.06,32.84,18.72,316.0,0.26,69.0,21.84,11.0,3.48,0.7649999999999999,0.2129999999999999,25.65,12.57,18.31,30.88,35.87,20.66
745568,2024-06-04,2024,681082,L,657649,L,field_out,False,False,60.0,0.255,10.0,16.67,8.0,13.33,0.7,0.07800000000000001,17.24,6.3,23.95,30.25,16.07,15.87,167.0,0.282,24.0,14.37,13.0,7.78,0.73,0.101,17.59,7.8,22.11,29.91,32.56,10.39,42.0,0.256,7.0,16.67,2.0,4.76,0.626,0.07700000000000001,17.72,8.86,20.25,29.11,33.85,12.28,,,,,,,,,,,,,,
745568,2024-06-04,2024,592206,R,607067,R,field_out,False,False,179.0,0.202,35.0,19.55,13.0,7.26,0.569,0.09899999999999998,32.87,19.1,10.27,29.37,38.68,18.42,485.0,0.252,140.0,28.87,25.0,5.15,0.733,0.192,37.06,20.57,11.78,32.36,40.41,25.27,112.0,0.229,17.0,15.18,7.0,6.25,0.601,0.095,20.0,9.9,17.45,27.34,27.62,16.35,270.0,0.22,62.0,22.96,19.0,7.04,0.65,0.151,28.46,13.58,17.08,30.66,28.62,18.94
745568,2024-06-04,2024,621311,L,607067,R,double,False,False,3.0,0.667,0.0,0.0,0.0,0.0,2.334,1.0,0.0,0.0,0.0,0.0,22.22,0.0,9.0,0.111,2.0,22.22,0.0,0.0,0.555,0.333,25.0,12.9,16.13,29.03,33.33,33.33,147.0,0.265,25.0,17.01,14.0,9.52,0.825,0.21999999999999997,16.74,7.05,20.43,27.49,19.4,16.03,247.0,0.251,48.0,19.43,19.0,7.69,0.8160000000000001,0.251,19.13,9.16,18.52,27.68,26.2,15.34
745568,2024-06-04,2024,624641,R,607067,R,single,False,False,60.0,0.273,20.0,33.33,2.0,3.33,0.74,0.14499999999999996,41.01,23.27,9.8,33.06,44.06,23.81,176.0,0.239,41.0,23.3,5.0,2.84,0.669,0.148,29.23,17.12,12.31,29.43,41.96,19.16,112.0,0.229,17.0,15.18,7.0,6.25,0.601,0.095,20.0,9.9,17.45,27.34,27.62,16.35,270.0,0.22,62.0,22.96,19.0,7.04,0.65,0.151,28.46,13.58,17.08,30.66,28.62,18.94
745568,2024-06-04,2024,679032,R,607067,R,field_out,False,False,130.0,0.242,17.0,13.08,6.0,4.62,0.608,0.08300000000000002,23.18,10.94,19.31,30.26,32.6,13.08,100.0,0.281,23.0,23.0,4.0,4.0,0.76,0.1459999999999999,25.82,13.95,16.32,30.27,40.0,25.27,112.0,0.229,17.0,15.18,7.0,6.25,0.601,0.095,20.0,9.9,17.45,27.34,27.62,16.35,270.0,0.22,62.0,22.96,19.0,7.04,0.65,0.151,28.46,13.58,17.08,30.66,28.62,18.94
745568,2024-06-04,2024,663368,R,650911,L,double,False,False,47.0,0.167,10.0,21.28,5.0,10.64,0.517,0.095,26.32,11.11,22.22,33.33,24.14,26.32,58.0,0.192,13.0,22.41,6.0,10.34,0.603,0.135,20.48,7.2,25.0,32.2,14.41,24.53,217.0,0.291,44.0,20.28,18.0,8.29,0.732,0.09100000000000003,23.75,11.64,16.42,28.06,32.84,18.72,316.0,0.26,69.0,21.84,11.0,3.48,0.7649999999999999,0.2129999999999999,25.65,12.57,18.31,30.88,35.87,20.66
745568,2024-06-04,2024,694192,R,650911,L,field_out,False,False,45.0,0.15,11.0,24.44,5.0,11.11,0.469,0.07500000000000001,25.53,13.33,13.33,26.67,34.74,18.97,,,,,,,,,,,,,,,217.0,0.291,44.0,20.28,18.0,8.29,0.732,0.09100000000000003,23.75,11.64,16.42,28.06,32.84,18.72,316.0,0.26,69.0,21.84,11.0,3.48,0.7649999999999999,0.2129999999999999,25.65,12.57,18.31,30.88,35.87,20.66
745568,2024-06-04,2024,655316,R,650911,L,field_out,False,False,20.0,0.176,5.0,25.0,3.0,15.0,0.653,0.177,22.86,8.16,25.51,33.67,18.18,12.2,93.0,0.291,19.0,20.43,12.0,12.9,0.779,0.101,20.0,8.4,19.75,28.15,26.29,15.32,217.0,0.291,44.0,20.28,18.0,8.29,0.732,0.09100000000000003,23.75,11.64,16.42,28.06,32.84,18.72,316.0,0.26,69.0,21.84,11.0,3.48,0.7649999999999999,0.2129999999999999,25.65,12.57,18.31,30.88,35.87,20.66
745568,2024-06-04,2024,687401,R,650911,L,strikeout,True,False,54.0,0.205,11.0,20.37,8.0,14.81,0.681,0.13600000000000004,18.82,7.21,20.27,27.48,16.67,21.57,21.0,0.3,6.0,28.57,0.0,0.0,0.586,0.0,26.32,13.33,25.33,38.67,40.0,24.0,217.0,0.291,44.0,20.28,18.0,8.29,0.732,0.09100000000000003,23.75,11.64,16.42,28.06,32.84,18.72,316.0,0.26,69.0,21.84,11.0,3.48,0.7649999999999999,0.2129999999999999,25.65,12.57,18.31,30.88,35.87,20.66
745568,2024-06-04,2024,656941,L,607067,R,field_out,False,False,164.0,0.176,49.0,29.88,27.0,16.46,0.647,0.16000000000000003,33.57,13.72,15.47,29.2,22.04,23.88,469.0,0.201,128.0,27.29,85.0,18.12,0.848,0.296,31.18,11.75,19.66,31.41,21.53,23.1,147.0,0.265,25.0,17.01,14.0,9.52,0.825,0.21999999999999997,16.74,7.05,20.43,27.49,19.4,16.03,247.0,0.251,48.0,19.43,19.0,7.69,0.8160000000000001,0.251,19.13,9.16,18.52,27.68,26.2,15.34
745568,2024-06-04,2024,592663,R,607067,R,single,False,False,140.0,0.231,39.0,27.86,7.0,5.0,0.642,0.13799999999999998,29.5,15.16,14.6,29.76,30.53,23.93,389.0,0.25,95.0,24.42,26.0,6.68,0.733,0.176,24.63,12.47,14.02,26.48,29.65,21.02,112.0,0.229,17.0,15.18,7.0,6.25,0.601,0.095,20.0,9.9,17.45,27.34,27.62,16.35,270.0,0.22,62.0,22.96,19.0,7.04,0.65,0.151,28.46,13.58,17.08,30.66,28.62,18.94
745568,2024-06-04,2024,547180,L,607067,R,field_out,False,False,149.0,0.272,30.0,20.13,23.0,15.44,0.935,0.28,30.18,14.73,9.59,24.32,33.33,19.35,375.0,0.295,80.0,21.33,60.0,16.0,0.907,0.199,31.39,15.65,8.66,24.31,32.27,20.0,147.0,0.265,25.0,17.01,14.0,9.52,0.825,0.21999999999999997,16.74,7.05,20.43,27.49,19.4,16.03,247.0,0.251,48.0,19.43,19.0,7.69,0.8160000000000001,0.251,19.13,9.16,18.52,27.68,26.2,15.34
745568,2024-06-04,2024,664761,R,607067,R,force_out,False,False,170.0,0.309,23.0,13.53,12.0,7.06,0.852,0.178,17.14,8.15,15.11,23.26,24.35,15.28,445.0,0.263,68.0,15.28,34.0,7.64,0.7010000000000001,0.1139999999999999,17.17,8.27,16.06,24.33,28.14,13.48,112.0,0.229,17.0,15.18,7.0,6.25,0.601,0.095,20.0,9.9,17.45,27.34,27.62,16.35,270.0,0.22,62.0,22.96,19.0,7.04,0.65,0.151,28.46,13.58,17.08,30.66,28.62,18.94
745568,2024-06-04,2024,661388,R,650911,L,strikeout,True,False,58.0,0.308,16.0,27.59,4.0,6.9,0.749,0.09600000000000003,31.09,15.29,14.05,29.34,30.47,22.86,177.0,0.357,32.0,18.08,21.0,11.86,1.087,0.292,28.8,12.96,16.38,29.34,24.36,16.24,217.0,0.291,44.0,20.28,18.0,8.29,0.732,0.09100000000000003,23.75,11.64,16.42,28.06,32.84,18.72,316.0,0.26,69.0,21.84,11.0,3.48,0.7649999999999999,0.2129999999999999,25.65,12.57,18.31,30.88,35.87,20.66
745568,2024-06-04,2024,592885,L,650911,L,single,False,False,42.0,0.351,9.0,21.43,5.0,11.9,1.078,0.29800000000000004,25.4,10.0,15.62,25.62,20.0,26.47,159.0,0.234,37.0,23.27,14.0,8.81,0.633,0.097,26.17,13.04,15.53,28.57,28.16,18.32,43.0,0.15,12.0,27.91,2.0,4.65,0.33999999999999997,0.0,27.71,14.2,17.9,32.1,40.26,24.0,80.0,0.133,27.0,33.75,5.0,6.25,0.401,0.0799999999999999,29.77,13.4,23.37,36.77,30.3,33.75
745568,2024-06-04,2024,642715,R,650911,L,grounded_into_double_play,False,False,55.0,0.208,12.0,21.82,6.0,10.91,0.645,0.146,29.03,13.17,15.12,28.29,24.32,22.22,160.0,0.231,48.0,30.0,24.0,15.0,0.762,0.1789999999999999,26.61,12.38,15.79,28.17,29.47,20.17,217.0,0.291,44.0,20.28,18.0,8.29,0.732,0.09100000000000003,23.75,11.64,16.42,28.06,32.84,18.72,316.0,0.26,69.0,21.84,11.0,3.48,0.7649999999999999,0.2129999999999999,25.65,12.57,18.31,30.88,35.87,20.66
745568,2024-06-04,2024,681082,L,607067,R,field_out,False,False,158.0,0.235,21.0,13.29,19.0,12.03,0.7150000000000001,0.15100000000000002,16.73,7.15,21.92,29.07,27.02,10.99,474.0,0.28,76.0,16.03,26.0,5.49,0.753,0.1509999999999999,14.49,6.52,22.08,28.6,28.42,11.93,147.0,0.265,25.0,17.01,14.0,9.52,0.825,0.21999999999999997,16.74,7.05,20.43,27.49,19.4,16.03,247.0,0.251,48.0,19.43,19.0,7.69,0.8160000000000001,0.251,19.13,9.16,18.52,27.68,26.2,15.34
745568,2024-06-04,2024,592206,R,607067,R,field_out,False,False,179.0,0.202,35.0,19.55,13.0,7.26,0.569,0.09899999999999998,32.87,19.1,10.27,29.37,38.68,18.42,485.0,0.252,140.0,28.87,25.0,5.15,0.733,0.192,37.06,20.57,11.78,32.36,40.41,25.27,112.0,0.229,17.0,15.18,7.0,6.25,0.601,0.095,20.0,9.9,17.45,27.34,27.62,16.35,270.0,0.22,62.0,22.96,19.0,7.04,0.65,0.151,28.46,13.58,17.08,30.66,28.62,18.94
745568,2024-06-04,2024,621311,L,607067,R,strikeout,True,False,3.0,0.667,0.0,0.0,0.0,0.0,2.334,1.0,0.0,0.0,0.0,0.0,22.22,0.0,9.0,0.111,2.0,22.22,0.0,0.0,0.555,0.333,25.0,12.9,16.13,29.03,33.33,33.33,147.0,0.265,25.0,17.01,14.0,9.52,0.825,0.21999999999999997,16.74,7.05,20.43,27.49,19.4,16.03,247.0,0.251,48.0,19.43,19.0,7.69,0.8160000000000001,0.251,19.13,9.16,18.52,27.68,26.2,15.34
745568,2024-06-04,2024,656555,R,650911,L,field_out,False,False,24.0,0.158,2.0,8.33,3.0,12.5,0.608,0.158,21.95,9.0,16.0,25.0,18.37,8.0,,,,,,,,,,,,,,,217.0,0.291,44.0,20.28,18.0,8.29,0.732,0.09100000000000003,23.75,11.64,16.42,28.06,32.84,18.72,316.0,0.26,69.0,21.84,11.0,3.48,0.7649999999999999,0.2129999999999999,25.65,12.57,18.31,30.88,35.87,20.66
745568,2024-06-04,2024,596142,R,650911,L,field_out,False,False,41.0,0.243,9.0,21.95,3.0,7.32,0.9119999999999999,0.352,28.38,13.64,20.78,34.42,29.73,18.0,79.0,0.267,18.0,22.78,4.0,5.06,0.984,0.413,25.18,10.61,22.12,32.73,24.07,18.18,217.0,0.291,44.0,20.28,18.0,8.29,0.732,0.09100000000000003,23.75,11.64,16.42,28.06,32.84,18.72,316.0,0.26,69.0,21.84,11.0,3.48,0.7649999999999999,0.2129999999999999,25.65,12.57,18.31,30.88,35.87,20.66
745568,2024-06-04,2024,663368,R,650911,L,single,False,False,47.0,0.167,10.0,21.28,5.0,10.64,0.517,0.095,26.32,11.11,22.22,33.33,24.14,26.32,58.0,0.192,13.0,22.41,6.0,10.34,0.603,0.135,20.48,7.2,25.0,32.2,14.41,24.53,217.0,0.291,44.0,20.28,18.0,8.29,0.732,0.09100000000000003,23.75,11.64,16.42,28.06,32.84,18.72,316.0,0.26,69.0,21.84,11.0,3.48,0.7649999999999999,0.2129999999999999,25.65,12.57,18.31,30.88,35.87,20.66
745568,2024-06-04,2024,694192,R,650911,L,force_out,False,False,45.0,0.15,11.0,24.44,5.0,11.11,0.469,0.07500000000000001,25.53,13.33,13.33,26.67,34.74,18.97,,,,,,,,,,,,,,,217.0,0.291,44.0,20.28,18.0,8.29,0.732,0.09100000000000003,23.75,11.64,16.42,28.06,32.84,18.72,316.0,0.26,69.0,21.84,11.0,3.48,0.7649999999999999,0.2129999999999999,25.65,12.57,18.31,30.88,35.87,20.66
745568,2024-06-04,2024,624641,R,607067,R,field_out,False,False,60.0,0.273,20.0,33.33,2.0,3.33,0.74,0.14499999999999996,41.01,23.27,9.8,33.06,44.06,23.81,176.0,0.239,41.0,23.3,5.0,2.84,0.669,0.148,29.23,17.12,12.31,29.43,41.96,19.16,112.0,0.229,17.0,15.18,7.0,6.25,0.601,0.095,20.0,9.9,17.45,27.34,27.62,16.35,270.0,0.22,62.0,22.96,19.0,7.04,0.65,0.151,28.46,13.58,17.08,30.66,28.62,18.94
745568,2024-06-04,2024,679032,R,607067,R,field_out,False,False,130.0,0.242,17.0,13.08,6.0,4.62,0.608,0.08300000000000002,23.18,10.94,19.31,30.26,32.6,13.08,100.0,0.281,23.0,23.0,4.0,4.0,0.76,0.1459999999999999,25.82,13.95,16.32,30.27,40.0,25.27,112.0,0.229,17.0,15.18,7.0,6.25,0.601,0.095,20.0,9.9,17.45,27.34,27.62,16.35,270.0,0.22,62.0,22.96,19.0,7.04,0.65,0.151,28.46,13.58,17.08,30.66,28.62,18.94
745568,2024-06-04,2024,656941,L,607067,R,walk,False,True,164.0,0.176,49.0,29.88,27.0,16.46,0.647,0.16000000000000003,33.57,13.72,15.47,29.2,22.04,23.88,469.0,0.201,128.0,27.29,85.0,18.12,0.848,0.296,31.18,11.75,19.66,31.41,21.53,23.1,147.0,0.265,25.0,17.01,14.0,9.52,0.825,0.21999999999999997,16.74,7.05,20.43,27.49,19.4,16.03,247.0,0.251,48.0,19.43,19.0,7.69,0.8160000000000001,0.251,19.13,9.16,18.52,27.68,26.2,15.34
745568,2024-06-04,2024,592663,R,607067,R,hit_by_pitch,False,False,140.0,0.231,39.0,27.86,7.0,5.0,0.642,0.13799999999999998,29.5,15.16,14.6,29.76,30.53,23.93,389.0,0.25,95.0,24.42,26.0,6.68,0.733,0.176,24.63,12.47,14.02,26.48,29.65,21.02,112.0,0.229,17.0,15.18,7.0,6.25,0.601,0.095,20.0,9.9,17.45,27.34,27.62,16.35,270.0,0.22,62.0,22.96,19.0,7.04,0.65,0.151,28.46,13.58,17.08,30.66,28.62,18.94
745568,2024-06-04,2024,547180,L,607067,R,field_out,False,False,149.0,0.272,30.0,20.13,23.0,15.44,0.935,0.28,30.18,14.73,9.59,24.32,33.33,19.35,375.0,0.295,80.0,21.33,60.0,16.0,0.907,0.199,31.39,15.65,8.66,24.31,32.27,20.0,147.0,0.265,25.0,17.01,14.0,9.52,0.825,0.21999999999999997,16.74,7.05,20.43,27.49,19.4,16.03,247.0,0.251,48.0,19.43,19.0,7.69,0.8160000000000001,0.251,19.13,9.16,18.52,27.68,26.2,15.34
745568,2024-06-04,2024,655316,R,650911,L,field_out,False,False,20.0,0.176,5.0,25.0,3.0,15.0,0.653,0.177,22.86,8.16,25.51,33.67,18.18,12.2,93.0,0.291,19.0,20.43,12.0,12.9,0.779,0.101,20.0,8.4,19.75,28.15,26.29,15.32,217.0,0.291,44.0,20.28,18.0,8.29,0.732,0.09100000000000003,23.75,11.64,16.42,28.06,32.84,18.72,316.0,0.26,69.0,21.84,11.0,3.48,0.7649999999999999,0.2129999999999999,25.65,12.57,18.31,30.88,35.87,20.66
745568,2024-06-04,2024,687401,R,650911,L,single,False,False,54.0,0.205,11.0,20.37,8.0,14.81,0.681,0.13600000000000004,18.82,7.21,20.27,27.48,16.67,21.57,21.0,0.3,6.0,28.57,0.0,0.0,0.586,0.0,26.32,13.33,25.33,38.67,40.0,24.0,217.0,0.291,44.0,20.28,18.0,8.29,0.732,0.09100000000000003,23.75,11.64,16.42,28.06,32.84,18.72,316.0,0.26,69.0,21.84,11.0,3.48,0.7649999999999999,0.2129999999999999,25.65,12.57,18.31,30.88,35.87,20.66
745568,2024-06-04,2024,661388,R,650911,L,field_out,False,False,58.0,0.308,16.0,27.59,4.0,6.9,0.749,0.09600000000000003,31.09,15.29,14.05,29.34,30.47,22.86,177.0,0.357,32.0,18.08,21.0,11.86,1.087,0.292,28.8,12.96,16.38,29.34,24.36,16.24,217.0,0.291,44.0,20.28,18.0,8.29,0.732,0.09100000000000003,23.75,11.64,16.42,28.06,32.84,18.72,316.0,0.26,69.0,21.84,11.0,3.48,0.7649999999999999,0.2129999999999999,25.65,12.57,18.31,30.88,35.87,20.66
745568,2024-06-04,2024,592885,L,650911,L,field_out,False,False,42.0,0.351,9.0,21.43,5.0,11.9,1.078,0.29800000000000004,25.4,10.0,15.62,25.62,20.0,26.47,159.0,0.234,37.0,23.27,14.0,8.81,0.633,0.097,26.17,13.04,15.53,28.57,28.16,18.32,43.0,0.15,12.0,27.91,2.0,4.65,0.33999999999999997,0.0,27.71,14.2,17.9,32.1,40.26,24.0,80.0,0.133,27.0,33.75,5.0,6.25,0.401,0.0799999999999999,29.77,13.4,23.37,36.77,30.3,33.75
745568,2024-06-04,2024,664761,R,607067,R,strikeout,True,False,170.0,0.309,23.0,13.53,12.0,7.06,0.852,0.178,17.14,8.15,15.11,23.26,24.35,15.28,445.0,0.263,68.0,15.28,34.0,7.64,0.7010000000000001,0.1139999999999999,17.17,8.27,16.06,24.33,28.14,13.48,112.0,0.229,17.0,15.18,7.0,6.25,0.601,0.095,20.0,9.9,17.45,27.34,27.62,16.35,270.0,0.22,62.0,22.96,19.0,7.04,0.65,0.151,28.46,13.58,17.08,30.66,28.62,18.94
745568,2024-06-04,2024,681082,L,607067,R,double,False,False,158.0,0.235,21.0,13.29,19.0,12.03,0.7150000000000001,0.15100000000000002,16.73,7.15,21.92,29.07,27.02,10.99,474.0,0.28,76.0,16.03,26.0,5.49,0.753,0.1509999999999999,14.49,6.52,22.08,28.6,28.42,11.93,147.0,0.265,25.0,17.01,14.0,9.52,0.825,0.21999999999999997,16.74,7.05,20.43,27.49,19.4,16.03,247.0,0.251,48.0,19.43,19.0,7.69,0.8160000000000001,0.251,19.13,9.16,18.52,27.68,26.2,15.34
745568,2024-06-04,2024,592206,R,607067,R,walk,False,True,179.0,0.202,35.0,19.55,13.0,7.26,0.569,0.09899999999999998,32.87,19.1,10.27,29.37,38.68,18.42,485.0,0.252,140.0,28.87,25.0,5.15,0.733,0.192,37.06,20.57,11.78,32.36,40.41,25.27,112.0,0.229,17.0,15.18,7.0,6.25,0.601,0.095,20.0,9.9,17.45,27.34,27.62,16.35,270.0,0.22,62.0,22.96,19.0,7.04,0.65,0.151,28.46,13.58,17.08,30.66,28.62,18.94
745568,2024-06-04,2024,665506,R,663542,L,strikeout,True,False,40.0,0.212,13.0,32.5,7.0,17.5,0.653,0.091,31.43,13.1,15.48,28.57,18.39,27.08,57.0,0.314,13.0,22.81,5.0,8.77,0.924,0.235,32.38,15.45,14.09,29.55,25.93,19.4,79.0,0.164,24.0,30.38,4.0,5.06,0.543,0.151,26.38,13.23,17.85,31.08,28.97,21.82,25.0,0.333,6.0,24.0,1.0,4.0,0.902,0.209,30.95,15.48,23.81,39.29,31.25,28.57
745568,2024-06-04,2024,624641,R,663542,L,field_out,False,False,46.0,0.35,9.0,19.57,5.0,10.87,1.21,0.42500000000000004,29.79,15.47,13.26,28.73,36.27,18.75,124.0,0.267,33.0,26.61,3.0,2.42,0.792,0.2159999999999999,27.7,16.7,13.23,29.93,44.69,21.29,79.0,0.164,24.0,30.38,4.0,5.06,0.543,0.151,26.38,13.23,17.85,31.08,28.97,21.82,25.0,0.333,6.0,24.0,1.0,4.0,0.902,0.209,30.95,15.48,23.81,39.29,31.25,28.57
745568,2024-06-04,2024,642715,R,614179,R,strikeout,True,False,210.0,0.267,46.0,21.9,21.0,10.0,0.8089999999999999,0.198,30.67,14.46,15.31,29.77,26.21,18.93,480.0,0.212,117.0,24.38,47.0,9.79,0.702,0.194,32.44,16.53,12.85,29.38,32.69,19.28,30.0,0.16,5.0,16.67,3.0,10.0,0.547,0.12000000000000002,31.48,15.32,18.92,34.23,35.29,14.29,119.0,0.276,26.0,21.85,10.0,8.4,0.8280000000000001,0.191,31.2,14.75,13.94,28.69,29.14,16.03
745568,2024-06-04,2024,656555,R,614179,R,single,False,False,144.0,0.256,33.0,22.92,16.0,11.11,0.866,0.256,23.9,9.27,21.17,30.45,21.36,15.79,,,,,,,,,,,,,,,30.0,0.16,5.0,16.67,3.0,10.0,0.547,0.12000000000000002,31.48,15.32,18.92,34.23,35.29,14.29,119.0,0.276,26.0,21.85,10.0,8.4,0.8280000000000001,0.191,31.2,14.75,13.94,28.69,29.14,16.03
745568,2024-06-04,2024,596142,R,614179,R,strikeout,True,False,88.0,0.218,22.0,25.0,6.0,6.82,0.6799999999999999,0.167,32.12,12.9,24.63,37.54,31.18,22.22,189.0,0.194,49.0,25.93,17.0,8.99,0.688,0.212,28.71,11.9,21.7,33.59,27.27,21.43,30.0,0.16,5.0,16.67,3.0,10.0,0.547,0.12000000000000002,31.48,15.32,18.92,34.23,35.29,14.29,119.0,0.276,26.0,21.85,10.0,8.4,0.8280000000000001,0.191,31.2,14.75,13.94,28.69,29.14,16.03
745568,2024-06-04,2024,663368,L,614179,R,field_out,False,False,144.0,0.273,41.0,28.47,12.0,8.33,0.745,0.125,31.56,12.86,21.38,34.24,24.3,28.47,110.0,0.231,33.0,30.0,17.0,15.45,0.715,0.1319999999999999,24.04,9.0,23.31,32.31,18.26,20.5,20.0,0.263,7.0,35.0,1.0,5.0,0.616,0.05299999999999999,37.04,22.22,5.56,27.78,47.27,20.59,88.0,0.315,13.0,14.77,11.0,12.5,1.012,0.288,26.76,11.52,14.24,25.76,25.7,20.0
745568,2024-06-04,2024,679032,R,663542,L,field_out,False,False,46.0,0.209,12.0,26.09,1.0,2.17,0.477,0.02400000000000002,23.53,11.43,23.43,34.86,37.35,19.05,65.0,0.333,19.0,29.23,1.0,1.54,0.788,0.0999999999999999,26.02,14.29,18.75,33.04,41.07,27.14,79.0,0.164,24.0,30.38,4.0,5.06,0.543,0.151,26.38,13.23,17.85,31.08,28.97,21.82,25.0,0.333,6.0,24.0,1.0,4.0,0.902,0.209,30.95,15.48,23.81,39.29,31.25,28.57
745568,2024-06-04,2024,656941,L,663542,L,walk,False,True,108.0,0.319,30.0,27.78,17.0,15.74,0.921,0.176,34.15,12.96,21.76,34.72,19.52,26.79,253.0,0.188,87.0,34.39,41.0,16.21,0.758,0.242,32.04,11.82,21.04,32.86,21.61,24.51,40.0,0.139,13.0,32.5,3.0,7.5,0.42200000000000004,0.08299999999999999,23.19,11.03,18.62,29.66,24.64,33.33,19.0,0.286,1.0,5.26,3.0,15.79,0.707,0.0,18.92,8.75,21.25,30.0,15.15,3.45
745568,2024-06-04,2024,592663,R,663542,L,strikeout,True,False,69.0,0.338,16.0,23.19,4.0,5.8,0.915,0.2,22.96,11.7,17.74,29.43,29.91,20.0,151.0,0.255,43.0,28.48,9.0,5.96,0.8380000000000001,0.263,29.97,14.7,15.97,30.67,32.79,21.5,79.0,0.164,24.0,30.38,4.0,5.06,0.543,0.151,26.38,13.23,17.85,31.08,28.97,21.82,25.0,0.333,6.0,24.0,1.0,4.0,0.902,0.209,30.95,15.48,23.81,39.29,31.25,28.57
745568,2024-06-04,2024,547180,L,663542,L,field_out,False,False,96.0,0.268,27.0,28.12,13.0,13.54,0.841,0.20799999999999996,32.12,16.32,10.79,27.11,33.5,25.23,171.0,0.289,39.0,22.81,20.0,11.7,0.884,0.221,38.61,20.03,9.85,29.89,35.59,22.41,40.0,0.139,13.0,32.5,3.0,7.5,0.42200000000000004,0.08299999999999999,23.19,11.03,18.62,29.66,24.64,33.33,19.0,0.286,1.0,5.26,3.0,15.79,0.707,0.0,18.92,8.75,21.25,30.0,15.15,3.45
745568,2024-06-04,2024,694192,R,689147,R,strikeout,True,False,135.0,0.234,38.0,28.15,5.0,3.7,0.644,0.149,32.0,16.56,18.43,34.99,36.82,25.68,,,,,,,,,,,,,,,42.0,0.2,8.0,19.05,2.0,4.76,0.488,0.04999999999999999,26.92,12.88,19.02,31.9,30.38,16.0,7.0,0.4,1.0,14.29,2.0,28.57,0.971,0.0,18.18,5.71,22.86,28.57,25.0,10.0
745568,2024-06-04,2024,668930,L,689147,R,field_out,False,False,187.0,0.309,30.0,16.04,16.0,8.56,0.8,0.121,13.02,6.11,18.47,24.58,25.62,15.0,376.0,0.224,82.0,21.81,30.0,7.98,0.608,0.097,22.03,10.83,16.08,26.9,28.59,16.14,39.0,0.212,11.0,28.21,2.0,5.13,0.509,0.0,23.81,11.43,21.71,33.14,24.66,14.1,7.0,0.143,5.0,71.43,0.0,0.0,0.4289999999999999,0.143,63.64,26.92,30.77,57.69,41.67,71.43
745568,2024-06-04,2024,687401,R,689147,R,strikeout,True,False,124.0,0.324,14.0,11.29,16.0,12.9,0.9730000000000001,0.23800000000000004,14.87,5.86,21.41,27.27,22.63,9.72,13.0,0.077,3.0,23.08,0.0,0.0,0.2309999999999999,0.077,15.79,8.11,21.62,29.73,26.67,33.33,42.0,0.2,8.0,19.05,2.0,4.76,0.488,0.04999999999999999,26.92,12.88,19.02,31.9,30.38,16.0,7.0,0.4,1.0,14.29,2.0,28.57,0.971,0.0,18.18,5.71,22.86,28.57,25.0,10.0
745568,2024-06-04,2024,664761,R,665625,R,home_run,False,False,170.0,0.309,23.0,13.53,12.0,7.06,0.852,0.178,17.14,8.15,15.11,23.26,24.35,15.28,445.0,0.263,68.0,15.28,34.0,7.64,0.7010000000000001,0.1139999999999999,17.17,8.27,16.06,24.33,28.14,13.48,71.0,0.295,12.0,16.9,9.0,12.68,0.738,0.04899999999999999,28.21,12.45,18.87,31.32,32.17,17.39,144.0,0.24,27.0,18.75,16.0,11.11,0.629,0.0559999999999999,29.06,13.23,16.34,29.57,33.56,22.13
745568,2024-06-04,2024,681082,L,665625,R,field_out,False,False,158.0,0.235,21.0,13.29,19.0,12.03,0.7150000000000001,0.15100000000000002,16.73,7.15,21.92,29.07,27.02,10.99,474.0,0.28,76.0,16.03,26.0,5.49,0.753,0.1509999999999999,14.49,6.52,22.08,28.6,28.42,11.93,38.0,0.257,11.0,28.95,3.0,7.89,0.687,0.11399999999999999,25.64,13.51,14.86,28.38,40.3,25.0,108.0,0.198,27.0,25.0,10.0,9.26,0.599,0.1139999999999999,34.21,15.97,15.48,31.45,34.45,24.32
745568,2024-06-04,2024,592206,R,665625,R,walk,False,True,179.0,0.202,35.0,19.55,13.0,7.26,0.569,0.09899999999999998,32.87,19.1,10.27,29.37,38.68,18.42,485.0,0.252,140.0,28.87,25.0,5.15,0.733,0.192,37.06,20.57,11.78,32.36,40.41,25.27,71.0,0.295,12.0,16.9,9.0,12.68,0.738,0.04899999999999999,28.21,12.45,18.87,31.32,32.17,17.39,144.0,0.24,27.0,18.75,16.0,11.11,0.629,0.0559999999999999,29.06,13.23,16.34,29.57,33.56,22.13
745568,2024-06-04,2024,665506,R,665625,R,strikeout,True,False,19.0,0.222,8.0,42.11,0.0,0.0,0.433,0.0,41.03,20.25,16.46,36.71,20.0,34.78,38.0,0.121,14.0,36.84,5.0,13.16,0.4489999999999999,0.091,39.47,18.18,14.55,32.73,25.3,24.56,71.0,0.295,12.0,16.9,9.0,12.68,0.738,0.04899999999999999,28.21,12.45,18.87,31.32,32.17,17.39,144.0,0.24,27.0,18.75,16.0,11.11,0.629,0.0559999999999999,29.06,13.23,16.34,29.57,33.56,22.13
745568,2024-06-04,2024,624641,R,665625,R,field_out,False,False,60.0,0.273,20.0,33.33,2.0,3.33,0.74,0.14499999999999996,41.01,23.27,9.8,33.06,44.06,23.81,176.0,0.239,41.0,23.3,5.0,2.84,0.669,0.148,29.23,17.12,12.31,29.43,41.96,19.16,71.0,0.295,12.0,16.9,9.0,12.68,0.738,0.04899999999999999,28.21,12.45,18.87,31.32,32.17,17.39,144.0,0.24,27.0,18.75,16.0,11.11,0.629,0.0559999999999999,29.06,13.23,16.34,29.57,33.56,22.13
745568,2024-06-04,2024,661388,R,621381,L,single,False,False,58.0,0.308,16.0,27.59,4.0,6.9,0.749,0.09600000000000003,31.09,15.29,14.05,29.34,30.47,22.86,177.0,0.357,32.0,18.08,21.0,11.86,1.087,0.292,28.8,12.96,16.38,29.34,24.36,16.24,59.0,0.164,23.0,38.98,3.0,5.08,0.494,0.12699999999999997,23.57,12.5,17.8,30.3,30.0,21.3,253.0,0.214,77.0,30.43,19.0,7.51,0.671,0.183,28.04,14.1,15.88,29.98,27.99,24.6
745568,2024-06-04,2024,592885,L,621381,L,single,False,False,42.0,0.351,9.0,21.43,5.0,11.9,1.078,0.29800000000000004,25.4,10.0,15.62,25.62,20.0,26.47,159.0,0.234,37.0,23.27,14.0,8.81,0.633,0.097,26.17,13.04,15.53,28.57,28.16,18.32,28.0,0.179,11.0,39.29,0.0,0.0,0.358,0.0,28.07,15.38,19.23,34.62,31.58,24.44,98.0,0.209,31.0,31.63,2.0,2.04,0.556,0.11,27.93,14.16,19.83,33.99,33.1,28.44
745568,2024-06-04,2024,642715,R,621381,L,field_out,False,False,55.0,0.208,12.0,21.82,6.0,10.91,0.645,0.146,29.03,13.17,15.12,28.29,24.32,22.22,160.0,0.231,48.0,30.0,24.0,15.0,0.762,0.1789999999999999,26.61,12.38,15.79,28.17,29.47,20.17,59.0,0.164,23.0,38.98,3.0,5.08,0.494,0.12699999999999997,23.57,12.5,17.8,30.3,30.0,21.3,253.0,0.214,77.0,30.43,19.0,7.51,0.671,0.183,28.04,14.1,15.88,29.98,27.99,24.6
745568,2024-06-04,2024,656555,R,621381,L,strikeout,True,False,24.0,0.158,2.0,8.33,3.0,12.5,0.608,0.158,21.95,9.0,16.0,25.0,18.37,8.0,,,,,,,,,,,,,,,59.0,0.164,23.0,38.98,3.0,5.08,0.494,0.12699999999999997,23.57,12.5,17.8,30.3,30.0,21.3,253.0,0.214,77.0,30.43,19.0,7.51,0.671,0.183,28.04,14.1,15.88,29.98,27.99,24.6
745568,2024-06-04,2024,596142,R,621381,L,field_out,False,False,41.0,0.243,9.0,21.95,3.0,7.32,0.9119999999999999,0.352,28.38,13.64,20.78,34.42,29.73,18.0,79.0,0.267,18.0,22.78,4.0,5.06,0.984,0.413,25.18,10.61,22.12,32.73,24.07,18.18,59.0,0.164,23.0,38.98,3.0,5.08,0.494,0.12699999999999997,23.57,12.5,17.8,30.3,30.0,21.3,253.0,0.214,77.0,30.43,19.0,7.51,0.671,0.183,28.04,14.1,15.88,29.98,27.99,24.6
745568,2024-06-04,2024,679032,R,656730,R,single,False,False,130.0,0.242,17.0,13.08,6.0,4.62,0.608,0.08300000000000002,23.18,10.94,19.31,30.26,32.6,13.08,100.0,0.281,23.0,23.0,4.0,4.0,0.76,0.1459999999999999,25.82,13.95,16.32,30.27,40.0,25.27,31.0,0.267,9.0,29.03,1.0,3.23,0.657,0.09999999999999998,34.85,20.0,13.04,33.04,40.0,23.68,76.0,0.254,29.0,38.16,5.0,6.58,0.751,0.194,33.77,16.89,18.87,35.76,34.06,31.18
745568,2024-06-04,2024,656941,L,656730,R,strikeout,True,False,164.0,0.176,49.0,29.88,27.0,16.46,0.647,0.16000000000000003,33.57,13.72,15.47,29.2,22.04,23.88,469.0,0.201,128.0,27.29,85.0,18.12,0.848,0.296,31.18,11.75,19.66,31.41,21.53,23.1,30.0,0.185,12.0,40.0,2.0,6.67,0.426,0.0,34.48,16.0,18.4,34.4,25.86,32.43,72.0,0.277,23.0,31.94,7.0,9.72,0.6699999999999999,0.0459999999999999,31.01,13.33,20.0,33.33,24.29,22.77
745568,2024-06-04,2024,592663,R,656730,R,strikeout,True,False,140.0,0.231,39.0,27.86,7.0,5.0,0.642,0.13799999999999998,29.5,15.16,14.6,29.76,30.53,23.93,389.0,0.25,95.0,24.42,26.0,6.68,0.733,0.176,24.63,12.47,14.02,26.48,29.65,21.02,31.0,0.267,9.0,29.03,1.0,3.23,0.657,0.09999999999999998,34.85,20.0,13.04,33.04,40.0,23.68,76.0,0.254,29.0,38.16,5.0,6.58,0.751,0.194,33.77,16.89,18.87,35.76,34.06,31.18
745568,2024-06-04,2024,547180,L,656730,R,intent_walk,False,True,149.0,0.272,30.0,20.13,23.0,15.44,0.935,0.28,30.18,14.73,9.59,24.32,33.33,19.35,375.0,0.295,80.0,21.33,60.0,16.0,0.907,0.199,31.39,15.65,8.66,24.31,32.27,20.0,30.0,0.185,12.0,40.0,2.0,6.67,0.426,0.0,34.48,16.0,18.4,34.4,25.86,32.43,72.0,0.277,23.0,31.94,7.0,9.72,0.6699999999999999,0.0459999999999999,31.01,13.33,20.0,33.33,24.29,22.77
745568,2024-06-04,2024,664761,R,656730,R,strikeout,True,False,170.0,0.309,23.0,13.53,12.0,7.06,0.852,0.178,17.14,8.15,15.11,23.26,24.35,15.28,445.0,0.263,68.0,15.28,34.0,7.64,0.7010000000000001,0.1139999999999999,17.17,8.27,16.06,24.33,28.14,13.48,31.0,0.267,9.0,29.03,1.0,3.23,0.657,0.09999999999999998,34.85,20.0,13.04,33.04,40.0,23.68,76.0,0.254,29.0,38.16,5.0,6.58,0.751,0.194,33.77,16.89,18.87,35.76,34.06,31.18
745568,2024-06-04,2024,663368,L,622554,R,field_out,False,False,144.0,0.273,41.0,28.47,12.0,8.33,0.745,0.125,31.56,12.86,21.38,34.24,24.3,28.47,110.0,0.231,33.0,30.0,17.0,15.45,0.715,0.1319999999999999,24.04,9.0,23.31,32.31,18.26,20.5,33.0,0.207,5.0,15.15,4.0,12.12,0.544,0.034,14.93,7.46,10.45,17.91,25.76,11.11,78.0,0.299,10.0,12.82,6.0,7.69,0.8480000000000001,0.164,18.71,9.25,13.52,22.78,28.47,11.76
745568,2024-06-04,2024,686217,L,622554,R,hit_by_pitch,False,False,187.0,0.248,37.0,19.79,20.0,10.7,0.652,0.067,15.71,6.18,22.75,28.93,26.43,17.96,180.0,0.261,30.0,16.67,23.0,12.78,0.722,0.1049999999999999,15.26,6.63,20.31,26.94,29.52,13.18,33.0,0.207,5.0,15.15,4.0,12.12,0.544,0.034,14.93,7.46,10.45,17.91,25.76,11.11,78.0,0.299,10.0,12.82,6.0,7.69,0.8480000000000001,0.164,18.71,9.25,13.52,22.78,28.47,11.76
745568,2024-06-04,2024,668930,L,622554,R,fielders_choice_out,False,False,187.0,0.309,30.0,16.04,16.0,8.56,0.8,0.121,13.02,6.11,18.47,24.58,25.62,15.0,376.0,0.224,82.0,21.81,30.0,7.98,0.608,0.097,22.03,10.83,16.08,26.9,28.59,16.14,33.0,0.207,5.0,15.15,4.0,12.12,0.544,0.034,14.93,7.46,10.45,17.91,25.76,11.11,78.0,0.299,10.0,12.82,6.0,7.69,0.8480000000000001,0.164,18.71,9.25,13.52,22.78,28.47,11.76
745568,2024-06-04,2024,687401,R,622554,R,field_out,False,False,124.0,0.324,14.0,11.29,16.0,12.9,0.9730000000000001,0.23800000000000004,14.87,5.86,21.41,27.27,22.63,9.72,13.0,0.077,3.0,23.08,0.0,0.0,0.2309999999999999,0.077,15.79,8.11,21.62,29.73,26.67,33.33,55.0,0.269,14.0,25.45,3.0,5.45,0.79,0.21199999999999997,27.68,12.92,16.25,29.17,27.12,16.47,146.0,0.219,38.0,26.03,16.0,10.96,0.643,0.109,32.43,16.61,10.55,27.16,28.94,21.11
745568,2024-06-04,2024,681082,L,606303,R,intent_walk,False,True,158.0,0.235,21.0,13.29,19.0,12.03,0.7150000000000001,0.15100000000000002,16.73,7.15,21.92,29.07,27.02,10.99,474.0,0.28,76.0,16.03,26.0,5.49,0.753,0.1509999999999999,14.49,6.52,22.08,28.6,28.42,11.93,42.0,0.2,9.0,21.43,2.0,4.76,0.613,0.175,25.3,12.88,16.56,29.45,30.38,18.0,116.0,0.226,33.0,28.45,5.0,4.31,0.668,0.17,26.21,12.44,17.97,30.41,25.0,26.19
745568,2024-06-04,2024,592206,R,606303,R,double,False,False,179.0,0.202,35.0,19.55,13.0,7.26,0.569,0.09899999999999998,32.87,19.1,10.27,29.37,38.68,18.42,485.0,0.252,140.0,28.87,25.0,5.15,0.733,0.192,37.06,20.57,11.78,32.36,40.41,25.27,44.0,0.225,8.0,18.18,2.0,4.55,0.6040000000000001,0.1,21.95,10.53,17.54,28.07,30.0,16.0,172.0,0.214,44.0,25.58,12.0,6.98,0.587,0.091,27.46,11.27,19.65,30.92,25.96,22.05
746060,2024-06-04,2024,650490,R,666200,L,field_out,False,False,63.0,0.281,6.0,9.52,4.0,6.35,0.7210000000000001,0.123,9.26,4.15,16.18,20.33,20.18,11.54,139.0,0.355,22.0,15.83,16.0,11.51,1.101,0.314,16.87,7.31,16.22,23.53,19.53,13.75,170.0,0.213,40.0,23.53,12.0,7.06,0.623,0.142,31.14,15.34,14.75,30.09,29.65,19.61,582.0,0.246,157.0,26.98,48.0,8.25,0.742,0.184,30.43,14.87,14.91,29.78,30.81,21.14
746060,2024-06-04,2024,668227,R,666200,L,single,False,False,59.0,0.125,13.0,22.03,10.0,16.95,0.547,0.14600000000000002,27.72,11.29,17.74,29.03,20.0,19.12,138.0,0.254,37.0,26.81,18.0,13.04,0.8280000000000001,0.212,26.44,11.46,18.11,29.57,29.32,19.68,170.0,0.213,40.0,23.53,12.0,7.06,0.623,0.142,31.14,15.34,14.75,30.09,29.65,19.61,582.0,0.246,157.0,26.98,48.0,8.25,0.742,0.184,30.43,14.87,14.91,29.78,30.81,21.14
746060,2024-06-04,2024,623912,R,666200,L,field_out,False,False,53.0,0.321,10.0,18.87,0.0,0.0,0.7170000000000001,0.07500000000000001,28.7,16.58,17.11,33.69,52.58,17.24,125.0,0.387,21.0,16.8,4.0,3.2,0.966,0.168,24.43,14.04,13.82,27.85,43.48,15.67,170.0,0.213,40.0,23.53,12.0,7.06,0.623,0.142,31.14,15.34,14.75,30.09,29.65,19.61,582.0,0.246,157.0,26.98,48.0,8.25,0.742,0.184,30.43,14.87,14.91,29.78,30.81,21.14
746060,2024-06-04,2024,670623,R,666200,L,strikeout,True,False,53.0,0.261,10.0,18.87,6.0,11.32,0.749,0.13,17.89,7.56,20.44,28.0,25.2,14.71,136.0,0.259,22.0,16.18,15.0,11.03,0.773,0.146,17.06,7.6,18.37,25.97,26.71,12.64,170.0,0.213,40.0,23.53,12.0,7.06,0.623,0.142,31.14,15.34,14.75,30.09,29.65,19.61,582.0,0.246,157.0,26.98,48.0,8.25,0.742,0.184,30.43,14.87,14.91,29.78,30.81,21.14
746060,2024-06-04,2024,665862,L,686752,R,strikeout,True,False,165.0,0.257,40.0,24.24,16.0,9.7,0.779,0.189,28.8,13.27,13.99,27.26,29.92,20.73,290.0,0.275,91.0,31.38,20.0,6.9,0.8540000000000001,0.25,35.14,15.36,16.88,32.24,26.1,27.41,91.0,0.19,26.0,28.57,11.0,12.09,0.6639999999999999,0.177,26.92,11.11,18.78,29.89,22.34,21.49,75.0,0.111,13.0,17.33,2.0,2.67,0.383,0.1249999999999999,19.74,9.38,17.19,26.56,29.09,12.62
746060,2024-06-04,2024,650559,R,686752,R,home_run,False,False,165.0,0.235,45.0,27.27,15.0,9.09,0.739,0.201,33.73,16.92,13.32,30.24,31.46,23.94,473.0,0.251,107.0,22.62,29.0,6.13,0.717,0.1689999999999999,28.95,14.54,15.93,30.47,34.61,18.71,89.0,0.16,25.0,28.09,5.0,5.62,0.485,0.11200000000000002,34.27,17.33,16.19,33.52,28.24,21.19,84.0,0.241,25.0,29.76,3.0,3.57,0.7669999999999999,0.24,34.83,18.56,15.87,34.43,34.91,20.83
746060,2024-06-04,2024,669394,R,686752,R,single,False,False,108.0,0.248,26.0,24.07,6.0,5.56,0.673,0.138,24.47,12.53,17.44,29.97,38.42,26.0,402.0,0.247,112.0,27.86,23.0,5.72,0.8,0.249,34.59,18.69,13.25,31.93,39.43,23.09,89.0,0.16,25.0,28.09,5.0,5.62,0.485,0.11200000000000002,34.27,17.33,16.19,33.52,28.24,21.19,84.0,0.241,25.0,29.76,3.0,3.57,0.7669999999999999,0.24,34.83,18.56,15.87,34.43,34.91,20.83
746060,2024-06-04,2024,605137,L,686752,R,triple,False,False,167.0,0.275,36.0,21.56,10.0,5.99,0.742,0.128,30.87,16.19,10.96,27.15,28.1,24.48,432.0,0.239,93.0,21.53,39.0,9.03,0.6970000000000001,0.148,24.59,11.57,13.95,25.52,28.11,20.58,91.0,0.19,26.0,28.57,11.0,12.09,0.6639999999999999,0.177,26.92,11.11,18.78,29.89,22.34,21.49,75.0,0.111,13.0,17.33,2.0,2.67,0.383,0.1249999999999999,19.74,9.38,17.19,26.56,29.09,12.62
746060,2024-06-04,2024,660821,L,686752,R,strikeout,True,False,151.0,0.27,32.0,21.19,10.0,6.62,0.7250000000000001,0.124,25.42,13.91,12.62,26.53,36.59,18.82,353.0,0.258,93.0,26.35,36.0,10.2,0.805,0.21,29.33,14.21,14.01,28.21,30.32,20.53,91.0,0.19,26.0,28.57,11.0,12.09,0.6639999999999999,0.177,26.92,11.11,18.78,29.89,22.34,21.49,75.0,0.111,13.0,17.33,2.0,2.67,0.383,0.1249999999999999,19.74,9.38,17.19,26.56,29.09,12.62
746060,2024-06-04,2024,672640,R,686752,R,single,False,False,69.0,0.323,10.0,14.49,4.0,5.8,0.852,0.16099999999999998,19.05,10.3,13.3,23.61,30.63,15.87,,,,,,,,,,,,,,,89.0,0.16,25.0,28.09,5.0,5.62,0.485,0.11200000000000002,34.27,17.33,16.19,33.52,28.24,21.19,84.0,0.241,25.0,29.76,3.0,3.57,0.7669999999999999,0.24,34.83,18.56,15.87,34.43,34.91,20.83
746060,2024-06-04,2024,624503,L,686752,R,single,False,False,140.0,0.235,31.0,22.14,6.0,4.29,0.645,0.14400000000000002,29.73,17.56,10.78,28.34,44.96,19.75,83.0,0.16,10.0,12.05,1.0,1.2,0.48,0.149,20.99,12.19,10.39,22.58,38.35,12.82,91.0,0.19,26.0,28.57,11.0,12.09,0.6639999999999999,0.177,26.92,11.11,18.78,29.89,22.34,21.49,75.0,0.111,13.0,17.33,2.0,2.67,0.383,0.1249999999999999,19.74,9.38,17.19,26.56,29.09,12.62
746060,2024-06-04,2024,641313,R,686752,R,strikeout,True,False,97.0,0.158,28.0,28.87,2.0,2.06,0.354,0.02099999999999999,30.81,15.53,17.44,32.97,38.62,25.93,396.0,0.226,95.0,23.99,21.0,5.3,0.538,0.04,26.05,13.64,14.67,28.31,36.05,20.88,89.0,0.16,25.0,28.09,5.0,5.62,0.485,0.11200000000000002,34.27,17.33,16.19,33.52,28.24,21.19,84.0,0.241,25.0,29.76,3.0,3.57,0.7669999999999999,0.24,34.83,18.56,15.87,34.43,34.91,20.83
746060,2024-06-04,2024,664040,L,666200,L,strikeout,True,False,5.0,0.2,0.0,0.0,0.0,0.0,0.4,0.0,27.27,15.0,5.0,20.0,0.0,0.0,63.0,0.17,16.0,25.4,8.0,12.7,0.512,0.0559999999999999,33.05,15.79,14.98,30.77,27.69,23.19,39.0,0.286,10.0,25.64,4.0,10.26,0.8160000000000001,0.17100000000000004,33.33,15.48,15.48,30.97,25.58,22.22,159.0,0.215,51.0,32.08,7.0,4.4,0.6000000000000001,0.121,34.87,16.38,18.39,34.78,33.13,25.63
746060,2024-06-04,2024,642708,R,666200,L,field_out,False,False,51.0,0.314,9.0,17.65,0.0,0.0,0.765,0.137,25.93,15.22,14.13,29.35,41.3,17.31,193.0,0.282,27.0,13.99,11.0,5.7,0.768,0.16,18.35,9.79,15.18,24.96,39.07,12.33,170.0,0.213,40.0,23.53,12.0,7.06,0.623,0.142,31.14,15.34,14.75,30.09,29.65,19.61,582.0,0.246,157.0,26.98,48.0,8.25,0.742,0.184,30.43,14.87,14.91,29.78,30.81,21.14
746060,2024-06-04,2024,642350,R,666200,L,field_out,False,False,42.0,0.139,15.0,35.71,5.0,11.9,0.571,0.194,43.82,20.97,13.44,34.41,24.47,24.19,93.0,0.198,37.0,39.78,4.0,4.3,0.647,0.2209999999999999,43.46,22.99,15.24,38.23,37.84,32.17,170.0,0.213,40.0,23.53,12.0,7.06,0.623,0.142,31.14,15.34,14.75,30.09,29.65,19.61,582.0,0.246,157.0,26.98,48.0,8.25,0.742,0.184,30.43,14.87,14.91,29.78,30.81,21.14
746060,2024-06-04,2024,663743,R,686752,R,strikeout,True,False,75.0,0.2,10.0,13.33,3.0,4.0,0.5429999999999999,0.09999999999999998,9.01,3.76,21.8,25.56,22.48,14.93,241.0,0.165,48.0,19.92,14.0,5.81,0.46,0.064,18.93,8.36,19.79,28.15,25.54,22.43,89.0,0.16,25.0,28.09,5.0,5.62,0.485,0.11200000000000002,34.27,17.33,16.19,33.52,28.24,21.19,84.0,0.241,25.0,29.76,3.0,3.57,0.7669999999999999,0.24,34.83,18.56,15.87,34.43,34.91,20.83
746060,2024-06-04,2024,665862,L,686752,R,field_out,False,False,165.0,0.257,40.0,24.24,16.0,9.7,0.779,0.189,28.8,13.27,13.99,27.26,29.92,20.73,290.0,0.275,91.0,31.38,20.0,6.9,0.8540000000000001,0.25,35.14,15.36,16.88,32.24,26.1,27.41,91.0,0.19,26.0,28.57,11.0,12.09,0.6639999999999999,0.177,26.92,11.11,18.78,29.89,22.34,21.49,75.0,0.111,13.0,17.33,2.0,2.67,0.383,0.1249999999999999,19.74,9.38,17.19,26.56,29.09,12.62
746060,2024-06-04,2024,650559,R,686752,R,field_out,False,False,165.0,0.235,45.0,27.27,15.0,9.09,0.739,0.201,33.73,16.92,13.32,30.24,31.46,23.94,473.0,0.251,107.0,22.62,29.0,6.13,0.717,0.1689999999999999,28.95,14.54,15.93,30.47,34.61,18.71,89.0,0.16,25.0,28.09,5.0,5.62,0.485,0.11200000000000002,34.27,17.33,16.19,33.52,28.24,21.19,84.0,0.241,25.0,29.76,3.0,3.57,0.7669999999999999,0.24,34.83,18.56,15.87,34.43,34.91,20.83
746060,2024-06-04,2024,676356,R,666200,L,field_out,False,False,25.0,0.2,5.0,20.0,4.0,16.0,0.833,0.3,22.41,11.93,13.76,25.69,38.89,11.9,35.0,0.281,8.0,22.86,3.0,8.57,0.7490000000000001,0.125,27.78,15.15,13.64,28.79,41.67,17.78,170.0,0.213,40.0,23.53,12.0,7.06,0.623,0.142,31.14,15.34,14.75,30.09,29.65,19.61,582.0,0.246,157.0,26.98,48.0,8.25,0.742,0.184,30.43,14.87,14.91,29.78,30.81,21.14
746060,2024-06-04,2024,656577,R,666200,L,field_out,False,False,12.0,0.091,7.0,58.33,0.0,0.0,0.174,0.0,38.89,24.56,8.77,33.33,52.94,26.92,,,,,,,,,,,,,,,170.0,0.213,40.0,23.53,12.0,7.06,0.623,0.142,31.14,15.34,14.75,30.09,29.65,19.61,582.0,0.246,157.0,26.98,48.0,8.25,0.742,0.184,30.43,14.87,14.91,29.78,30.81,21.14
746060,2024-06-04,2024,650490,R,666200,L,field_out,False,False,63.0,0.281,6.0,9.52,4.0,6.35,0.7210000000000001,0.123,9.26,4.15,16.18,20.33,20.18,11.54,139.0,0.355,22.0,15.83,16.0,11.51,1.101,0.314,16.87,7.31,16.22,23.53,19.53,13.75,170.0,0.213,40.0,23.53,12.0,7.06,0.623,0.142,31.14,15.34,14.75,30.09,29.65,19.61,582.0,0.246,157.0,26.98,48.0,8.25,0.742,0.184,30.43,14.87,14.91,29.78,30.81,21.14
746060,2024-06-04,2024,669394,R,686752,R,single,False,False,108.0,0.248,26.0,24.07,6.0,5.56,0.673,0.138,24.47,12.53,17.44,29.97,38.42,26.0,402.0,0.247,112.0,27.86,23.0,5.72,0.8,0.249,34.59,18.69,13.25,31.93,39.43,23.09,89.0,0.16,25.0,28.09,5.0,5.62,0.485,0.11200000000000002,34.27,17.33,16.19,33.52,28.24,21.19,84.0,0.241,25.0,29.76,3.0,3.57,0.7669999999999999,0.24,34.83,18.56,15.87,34.43,34.91,20.83
746060,2024-06-04,2024,605137,L,686752,R,force_out,False,False,167.0,0.275,36.0,21.56,10.0,5.99,0.742,0.128,30.87,16.19,10.96,27.15,28.1,24.48,432.0,0.239,93.0,21.53,39.0,9.03,0.6970000000000001,0.148,24.59,11.57,13.95,25.52,28.11,20.58,91.0,0.19,26.0,28.57,11.0,12.09,0.6639999999999999,0.177,26.92,11.11,18.78,29.89,22.34,21.49,75.0,0.111,13.0,17.33,2.0,2.67,0.383,0.1249999999999999,19.74,9.38,17.19,26.56,29.09,12.62
746060,2024-06-04,2024,660821,L,686752,R,strikeout,True,False,151.0,0.27,32.0,21.19,10.0,6.62,0.7250000000000001,0.124,25.42,13.91,12.62,26.53,36.59,18.82,353.0,0.258,93.0,26.35,36.0,10.2,0.805,0.21,29.33,14.21,14.01,28.21,30.32,20.53,91.0,0.19,26.0,28.57,11.0,12.09,0.6639999999999999,0.177,26.92,11.11,18.78,29.89,22.34,21.49,75.0,0.111,13.0,17.33,2.0,2.67,0.383,0.1249999999999999,19.74,9.38,17.19,26.56,29.09,12.62
746060,2024-06-04,2024,672640,R,686752,R,field_out,False,False,69.0,0.323,10.0,14.49,4.0,5.8,0.852,0.16099999999999998,19.05,10.3,13.3,23.61,30.63,15.87,,,,,,,,,,,,,,,89.0,0.16,25.0,28.09,5.0,5.62,0.485,0.11200000000000002,34.27,17.33,16.19,33.52,28.24,21.19,84.0,0.241,25.0,29.76,3.0,3.57,0.7669999999999999,0.24,34.83,18.56,15.87,34.43,34.91,20.83
746060,2024-06-04,2024,668227,R,666200,L,walk,False,True,59.0,0.125,13.0,22.03,10.0,16.95,0.547,0.14600000000000002,27.72,11.29,17.74,29.03,20.0,19.12,138.0,0.254,37.0,26.81,18.0,13.04,0.8280000000000001,0.212,26.44,11.46,18.11,29.57,29.32,19.68,170.0,0.213,40.0,23.53,12.0,7.06,0.623,0.142,31.14,15.34,14.75,30.09,29.65,19.61,582.0,0.246,157.0,26.98,48.0,8.25,0.742,0.184,30.43,14.87,14.91,29.78,30.81,21.14
746060,2024-06-04,2024,623912,R,666200,L,force_out,False,False,53.0,0.321,10.0,18.87,0.0,0.0,0.7170000000000001,0.07500000000000001,28.7,16.58,17.11,33.69,52.58,17.24,125.0,0.387,21.0,16.8,4.0,3.2,0.966,0.168,24.43,14.04,13.82,27.85,43.48,15.67,170.0,0.213,40.0,23.53,12.0,7.06,0.623,0.142,31.14,15.34,14.75,30.09,29.65,19.61,582.0,0.246,157.0,26.98,48.0,8.25,0.742,0.184,30.43,14.87,14.91,29.78,30.81,21.14
746060,2024-06-04,2024,670623,R,666200,L,single,False,False,53.0,0.261,10.0,18.87,6.0,11.32,0.749,0.13,17.89,7.56,20.44,28.0,25.2,14.71,136.0,0.259,22.0,16.18,15.0,11.03,0.773,0.146,17.06,7.6,18.37,25.97,26.71,12.64,170.0,0.213,40.0,23.53,12.0,7.06,0.623,0.142,31.14,15.34,14.75,30.09,29.65,19.61,582.0,0.246,157.0,26.98,48.0,8.25,0.742,0.184,30.43,14.87,14.91,29.78,30.81,21.14
746060,2024-06-04,2024,664040,L,666200,L,home_run,False,False,5.0,0.2,0.0,0.0,0.0,0.0,0.4,0.0,27.27,15.0,5.0,20.0,0.0,0.0,63.0,0.17,16.0,25.4,8.0,12.7,0.512,0.0559999999999999,33.05,15.79,14.98,30.77,27.69,23.19,39.0,0.286,10.0,25.64,4.0,10.26,0.8160000000000001,0.17100000000000004,33.33,15.48,15.48,30.97,25.58,22.22,159.0,0.215,51.0,32.08,7.0,4.4,0.6000000000000001,0.121,34.87,16.38,18.39,34.78,33.13,25.63
746060,2024-06-04,2024,642708,R,666200,L,single,False,False,51.0,0.314,9.0,17.65,0.0,0.0,0.765,0.137,25.93,15.22,14.13,29.35,41.3,17.31,193.0,0.282,27.0,13.99,11.0,5.7,0.768,0.16,18.35,9.79,15.18,24.96,39.07,12.33,170.0,0.213,40.0,23.53,12.0,7.06,0.623,0.142,31.14,15.34,14.75,30.09,29.65,19.61,582.0,0.246,157.0,26.98,48.0,8.25,0.742,0.184,30.43,14.87,14.91,29.78,30.81,21.14
746060,2024-06-04,2024,642350,R,666200,L,double,False,False,42.0,0.139,15.0,35.71,5.0,11.9,0.571,0.194,43.82,20.97,13.44,34.41,24.47,24.19,93.0,0.198,37.0,39.78,4.0,4.3,0.647,0.2209999999999999,43.46,22.99,15.24,38.23,37.84,32.17,170.0,0.213,40.0,23.53,12.0,7.06,0.623,0.142,31.14,15.34,14.75,30.09,29.65,19.61,582.0,0.246,157.0,26.98,48.0,8.25,0.742,0.184,30.43,14.87,14.91,29.78,30.81,21.14
746060,2024-06-04,2024,676356,R,666200,L,fielders_choice_out,False,False,25.0,0.2,5.0,20.0,4.0,16.0,0.833,0.3,22.41,11.93,13.76,25.69,38.89,11.9,35.0,0.281,8.0,22.86,3.0,8.57,0.7490000000000001,0.125,27.78,15.15,13.64,28.79,41.67,17.78,170.0,0.213,40.0,23.53,12.0,7.06,0.623,0.142,31.14,15.34,14.75,30.09,29.65,19.61,582.0,0.246,157.0,26.98,48.0,8.25,0.742,0.184,30.43,14.87,14.91,29.78,30.81,21.14
746060,2024-06-04,2024,656577,R,666200,L,pickoff_caught_stealing_2b,False,False,12.0,0.091,7.0,58.33,0.0,0.0,0.174,0.0,38.89,24.56,8.77,33.33,52.94,26.92,,,,,,,,,,,,,,,170.0,0.213,40.0,23.53,12.0,7.06,0.623,0.142,31.14,15.34,14.75,30.09,29.65,19.61,582.0,0.246,157.0,26.98,48.0,8.25,0.742,0.184,30.43,14.87,14.91,29.78,30.81,21.14
746060,2024-06-04,2024,624503,L,686752,R,strikeout,True,False,140.0,0.235,31.0,22.14,6.0,4.29,0.645,0.14400000000000002,29.73,17.56,10.78,28.34,44.96,19.75,83.0,0.16,10.0,12.05,1.0,1.2,0.48,0.149,20.99,12.19,10.39,22.58,38.35,12.82,91.0,0.19,26.0,28.57,11.0,12.09,0.6639999999999999,0.177,26.92,11.11,18.78,29.89,22.34,21.49,75.0,0.111,13.0,17.33,2.0,2.67,0.383,0.1249999999999999,19.74,9.38,17.19,26.56,29.09,12.62
746060,2024-06-04,2024,641313,R,686752,R,strikeout,True,False,97.0,0.158,28.0,28.87,2.0,2.06,0.354,0.02099999999999999,30.81,15.53,17.44,32.97,38.62,25.93,396.0,0.226,95.0,23.99,21.0,5.3,0.538,0.04,26.05,13.64,14.67,28.31,36.05,20.88,89.0,0.16,25.0,28.09,5.0,5.62,0.485,0.11200000000000002,34.27,17.33,16.19,33.52,28.24,21.19,84.0,0.241,25.0,29.76,3.0,3.57,0.7669999999999999,0.24,34.83,18.56,15.87,34.43,34.91,20.83
746060,2024-06-04,2024,663743,R,686752,R,field_out,False,False,75.0,0.2,10.0,13.33,3.0,4.0,0.5429999999999999,0.09999999999999998,9.01,3.76,21.8,25.56,22.48,14.93,241.0,0.165,48.0,19.92,14.0,5.81,0.46,0.064,18.93,8.36,19.79,28.15,25.54,22.43,89.0,0.16,25.0,28.09,5.0,5.62,0.485,0.11200000000000002,34.27,17.33,16.19,33.52,28.24,21.19,84.0,0.241,25.0,29.76,3.0,3.57,0.7669999999999999,0.24,34.83,18.56,15.87,34.43,34.91,20.83
746060,2024-06-04,2024,656577,R,666200,L,field_out,False,False,12.0,0.091,7.0,58.33,0.0,0.0,0.174,0.0,38.89,24.56,8.77,33.33,52.94,26.92,,,,,,,,,,,,,,,170.0,0.213,40.0,23.53,12.0,7.06,0.623,0.142,31.14,15.34,14.75,30.09,29.65,19.61,582.0,0.246,157.0,26.98,48.0,8.25,0.742,0.184,30.43,14.87,14.91,29.78,30.81,21.14
746060,2024-06-04,2024,650490,R,666200,L,single,False,False,63.0,0.281,6.0,9.52,4.0,6.35,0.7210000000000001,0.123,9.26,4.15,16.18,20.33,20.18,11.54,139.0,0.355,22.0,15.83,16.0,11.51,1.101,0.314,16.87,7.31,16.22,23.53,19.53,13.75,170.0,0.213,40.0,23.53,12.0,7.06,0.623,0.142,31.14,15.34,14.75,30.09,29.65,19.61,582.0,0.246,157.0,26.98,48.0,8.25,0.742,0.184,30.43,14.87,14.91,29.78,30.81,21.14
746060,2024-06-04,2024,668227,R,666200,L,walk,False,True,59.0,0.125,13.0,22.03,10.0,16.95,0.547,0.14600000000000002,27.72,11.29,17.74,29.03,20.0,19.12,138.0,0.254,37.0,26.81,18.0,13.04,0.8280000000000001,0.212,26.44,11.46,18.11,29.57,29.32,19.68,170.0,0.213,40.0,23.53,12.0,7.06,0.623,0.142,31.14,15.34,14.75,30.09,29.65,19.61,582.0,0.246,157.0,26.98,48.0,8.25,0.742,0.184,30.43,14.87,14.91,29.78,30.81,21.14
746060,2024-06-04,2024,623912,R,666200,L,single,False,False,53.0,0.321,10.0,18.87,0.0,0.0,0.7170000000000001,0.07500000000000001,28.7,16.58,17.11,33.69,52.58,17.24,125.0,0.387,21.0,16.8,4.0,3.2,0.966,0.168,24.43,14.04,13.82,27.85,43.48,15.67,170.0,0.213,40.0,23.53,12.0,7.06,0.623,0.142,31.14,15.34,14.75,30.09,29.65,19.61,582.0,0.246,157.0,26.98,48.0,8.25,0.742,0.184,30.43,14.87,14.91,29.78,30.81,21.14
746060,2024-06-04,2024,670623,R,666200,L,single,False,False,53.0,0.261,10.0,18.87,6.0,11.32,0.749,0.13,17.89,7.56,20.44,28.0,25.2,14.71,136.0,0.259,22.0,16.18,15.0,11.03,0.773,0.146,17.06,7.6,18.37,25.97,26.71,12.64,170.0,0.213,40.0,23.53,12.0,7.06,0.623,0.142,31.14,15.34,14.75,30.09,29.65,19.61,582.0,0.246,157.0,26.98,48.0,8.25,0.742,0.184,30.43,14.87,14.91,29.78,30.81,21.14
746060,2024-06-04,2024,664040,L,666200,L,double,False,False,5.0,0.2,0.0,0.0,0.0,0.0,0.4,0.0,27.27,15.0,5.0,20.0,0.0,0.0,63.0,0.17,16.0,25.4,8.0,12.7,0.512,0.0559999999999999,33.05,15.79,14.98,30.77,27.69,23.19,39.0,0.286,10.0,25.64,4.0,10.26,0.8160000000000001,0.17100000000000004,33.33,15.48,15.48,30.97,25.58,22.22,159.0,0.215,51.0,32.08,7.0,4.4,0.6000000000000001,0.121,34.87,16.38,18.39,34.78,33.13,25.63
746060,2024-06-04,2024,642708,R,686539,R,single,False,False,126.0,0.285,20.0,15.87,3.0,2.38,0.7,0.11300000000000004,19.92,11.16,14.12,25.28,40.18,14.71,353.0,0.252,72.0,20.4,18.0,5.1,0.636,0.091,25.7,13.68,14.7,28.38,39.8,19.35,79.0,0.225,22.0,27.85,6.0,7.59,0.529,0.0,33.33,16.72,13.5,30.23,27.92,24.72,27.0,0.095,6.0,22.22,4.0,14.81,0.534,0.143,23.53,10.81,15.32,26.13,33.33,16.22
746060,2024-06-04,2024,642350,R,686539,R,field_out,False,False,124.0,0.206,44.0,35.48,8.0,6.45,0.625,0.13000000000000003,37.79,17.08,20.83,37.92,32.54,27.67,271.0,0.23,93.0,34.32,16.0,5.9,0.801,0.29,39.19,20.65,15.06,35.71,37.69,31.08,79.0,0.225,22.0,27.85,6.0,7.59,0.529,0.0,33.33,16.72,13.5,30.23,27.92,24.72,27.0,0.095,6.0,22.22,4.0,14.81,0.534,0.143,23.53,10.81,15.32,26.13,33.33,16.22
746060,2024-06-04,2024,676356,R,686539,R,field_out,False,False,65.0,0.175,14.0,21.54,6.0,9.23,0.54,0.08800000000000002,25.21,12.82,14.96,27.78,37.21,18.92,10.0,0.2,0.0,0.0,0.0,0.0,0.7,0.3,19.05,11.43,11.43,22.86,44.44,0.0,79.0,0.225,22.0,27.85,6.0,7.59,0.529,0.0,33.33,16.72,13.5,30.23,27.92,24.72,27.0,0.095,6.0,22.22,4.0,14.81,0.534,0.143,23.53,10.81,15.32,26.13,33.33,16.22
746060,2024-06-04,2024,665862,L,686752,R,field_out,False,False,165.0,0.257,40.0,24.24,16.0,9.7,0.779,0.189,28.8,13.27,13.99,27.26,29.92,20.73,290.0,0.275,91.0,31.38,20.0,6.9,0.8540000000000001,0.25,35.14,15.36,16.88,32.24,26.1,27.41,91.0,0.19,26.0,28.57,11.0,12.09,0.6639999999999999,0.177,26.92,11.11,18.78,29.89,22.34,21.49,75.0,0.111,13.0,17.33,2.0,2.67,0.383,0.1249999999999999,19.74,9.38,17.19,26.56,29.09,12.62
746060,2024-06-04,2024,650559,R,686752,R,field_out,False,False,165.0,0.235,45.0,27.27,15.0,9.09,0.739,0.201,33.73,16.92,13.32,30.24,31.46,23.94,473.0,0.251,107.0,22.62,29.0,6.13,0.717,0.1689999999999999,28.95,14.54,15.93,30.47,34.61,18.71,89.0,0.16,25.0,28.09,5.0,5.62,0.485,0.11200000000000002,34.27,17.33,16.19,33.52,28.24,21.19,84.0,0.241,25.0,29.76,3.0,3.57,0.7669999999999999,0.24,34.83,18.56,15.87,34.43,34.91,20.83
746060,2024-06-04,2024,669394,R,686752,R,strikeout,True,False,108.0,0.248,26.0,24.07,6.0,5.56,0.673,0.138,24.47,12.53,17.44,29.97,38.42,26.0,402.0,0.247,112.0,27.86,23.0,5.72,0.8,0.249,34.59,18.69,13.25,31.93,39.43,23.09,89.0,0.16,25.0,28.09,5.0,5.62,0.485,0.11200000000000002,34.27,17.33,16.19,33.52,28.24,21.19,84.0,0.241,25.0,29.76,3.0,3.57,0.7669999999999999,0.24,34.83,18.56,15.87,34.43,34.91,20.83
746060,2024-06-04,2024,656577,R,623211,R,strikeout,True,False,30.0,0.038,13.0,43.33,2.0,6.67,0.184,0.039,43.1,22.73,18.18,40.91,41.82,35.14,,,,,,,,,,,,,,,5.0,0.4,2.0,40.0,0.0,0.0,0.8,0.0,25.0,16.67,5.56,22.22,44.44,33.33,161.0,0.209,46.0,28.57,20.0,12.42,0.618,0.0819999999999999,31.65,14.73,15.91,30.63,34.11,20.72
746060,2024-06-04,2024,650490,R,623211,R,strikeout,True,False,195.0,0.231,29.0,14.87,20.0,10.26,0.653,0.10400000000000001,11.3,4.88,17.25,22.12,22.33,12.29,462.0,0.322,72.0,15.58,49.0,10.61,0.881,0.1559999999999999,18.95,8.0,18.68,26.68,19.71,15.69,5.0,0.4,2.0,40.0,0.0,0.0,0.8,0.0,25.0,16.67,5.56,22.22,44.44,33.33,161.0,0.209,46.0,28.57,20.0,12.42,0.618,0.0819999999999999,31.65,14.73,15.91,30.63,34.11,20.72
746060,2024-06-04,2024,668227,R,623211,R,hit_by_pitch,False,False,182.0,0.173,55.0,30.22,17.0,9.34,0.579,0.14800000000000002,37.08,15.66,20.03,35.69,25.62,21.65,517.0,0.254,119.0,23.02,62.0,11.99,0.7769999999999999,0.1589999999999999,29.93,12.82,18.77,31.59,26.93,19.44,5.0,0.4,2.0,40.0,0.0,0.0,0.8,0.0,25.0,16.67,5.56,22.22,44.44,33.33,161.0,0.209,46.0,28.57,20.0,12.42,0.618,0.0819999999999999,31.65,14.73,15.91,30.63,34.11,20.72
746060,2024-06-04,2024,623912,R,623211,R,field_out,False,False,108.0,0.252,21.0,19.44,3.0,2.78,0.55,0.020000000000000018,32.74,19.11,13.87,32.98,45.23,19.63,310.0,0.281,58.0,18.71,18.0,5.81,0.749,0.1389999999999999,29.58,16.59,12.26,28.85,43.77,18.01,5.0,0.4,2.0,40.0,0.0,0.0,0.8,0.0,25.0,16.67,5.56,22.22,44.44,33.33,161.0,0.209,46.0,28.57,20.0,12.42,0.618,0.0819999999999999,31.65,14.73,15.91,30.63,34.11,20.72
746060,2024-06-04,2024,605137,L,686752,R,field_out,False,False,167.0,0.275,36.0,21.56,10.0,5.99,0.742,0.128,30.87,16.19,10.96,27.15,28.1,24.48,432.0,0.239,93.0,21.53,39.0,9.03,0.6970000000000001,0.148,24.59,11.57,13.95,25.52,28.11,20.58,91.0,0.19,26.0,28.57,11.0,12.09,0.6639999999999999,0.177,26.92,11.11,18.78,29.89,22.34,21.49,75.0,0.111,13.0,17.33,2.0,2.67,0.383,0.1249999999999999,19.74,9.38,17.19,26.56,29.09,12.62
746060,2024-06-04,2024,660821,L,686752,R,field_out,False,False,151.0,0.27,32.0,21.19,10.0,6.62,0.7250000000000001,0.124,25.42,13.91,12.62,26.53,36.59,18.82,353.0,0.258,93.0,26.35,36.0,10.2,0.805,0.21,29.33,14.21,14.01,28.21,30.32,20.53,91.0,0.19,26.0,28.57,11.0,12.09,0.6639999999999999,0.177,26.92,11.11,18.78,29.89,22.34,21.49,75.0,0.111,13.0,17.33,2.0,2.67,0.383,0.1249999999999999,19.74,9.38,17.19,26.56,29.09,12.62
746060,2024-06-04,2024,672640,R,686752,R,field_out,False,False,69.0,0.323,10.0,14.49,4.0,5.8,0.852,0.16099999999999998,19.05,10.3,13.3,23.61,30.63,15.87,,,,,,,,,,,,,,,89.0,0.16,25.0,28.09,5.0,5.62,0.485,0.11200000000000002,34.27,17.33,16.19,33.52,28.24,21.19,84.0,0.241,25.0,29.76,3.0,3.57,0.7669999999999999,0.24,34.83,18.56,15.87,34.43,34.91,20.83
746060,2024-06-04,2024,670623,R,623211,R,field_out,False,False,187.0,0.3,28.0,14.97,19.0,10.16,0.906,0.21900000000000003,16.8,7.57,18.51,26.08,27.67,8.83,438.0,0.247,82.0,18.72,43.0,9.82,0.86,0.266,18.6,8.55,16.71,25.26,28.98,14.09,5.0,0.4,2.0,40.0,0.0,0.0,0.8,0.0,25.0,16.67,5.56,22.22,44.44,33.33,161.0,0.209,46.0,28.57,20.0,12.42,0.618,0.0819999999999999,31.65,14.73,15.91,30.63,34.11,20.72
746060,2024-06-04,2024,664040,L,623211,R,strikeout,True,False,65.0,0.182,15.0,23.08,8.0,12.31,0.653,0.16299999999999998,26.72,13.78,9.33,23.11,27.42,27.27,374.0,0.241,103.0,27.54,42.0,11.23,0.813,0.237,31.86,16.63,11.13,27.77,30.39,21.33,6.0,0.0,1.0,16.67,3.0,50.0,0.5,0.0,55.56,17.86,7.14,25.0,22.73,25.0,96.0,0.298,19.0,19.79,11.0,11.46,0.815,0.142,31.52,15.03,14.45,29.48,33.7,20.43
746060,2024-06-04,2024,642708,R,623211,R,walk,False,True,126.0,0.285,20.0,15.87,3.0,2.38,0.7,0.11300000000000004,19.92,11.16,14.12,25.28,40.18,14.71,353.0,0.252,72.0,20.4,18.0,5.1,0.636,0.091,25.7,13.68,14.7,28.38,39.8,19.35,5.0,0.4,2.0,40.0,0.0,0.0,0.8,0.0,25.0,16.67,5.56,22.22,44.44,33.33,161.0,0.209,46.0,28.57,20.0,12.42,0.618,0.0819999999999999,31.65,14.73,15.91,30.63,34.11,20.72
746060,2024-06-04,2024,642350,R,623211,R,field_out,False,False,124.0,0.206,44.0,35.48,8.0,6.45,0.625,0.13000000000000003,37.79,17.08,20.83,37.92,32.54,27.67,271.0,0.23,93.0,34.32,16.0,5.9,0.801,0.29,39.19,20.65,15.06,35.71,37.69,31.08,5.0,0.4,2.0,40.0,0.0,0.0,0.8,0.0,25.0,16.67,5.56,22.22,44.44,33.33,161.0,0.209,46.0,28.57,20.0,12.42,0.618,0.0819999999999999,31.65,14.73,15.91,30.63,34.11,20.72
746060,2024-06-04,2024,624503,L,686993,R,single,False,False,140.0,0.235,31.0,22.14,6.0,4.29,0.645,0.14400000000000002,29.73,17.56,10.78,28.34,44.96,19.75,83.0,0.16,10.0,12.05,1.0,1.2,0.48,0.149,20.99,12.19,10.39,22.58,38.35,12.82,5.0,0.0,2.0,40.0,1.0,20.0,0.2,0.0,45.45,25.0,5.0,30.0,40.0,33.33,,,,,,,,,,,,,,
746060,2024-06-04,2024,641313,R,686993,R,strikeout,True,False,97.0,0.158,28.0,28.87,2.0,2.06,0.354,0.02099999999999999,30.81,15.53,17.44,32.97,38.62,25.93,396.0,0.226,95.0,23.99,21.0,5.3,0.538,0.04,26.05,13.64,14.67,28.31,36.05,20.88,4.0,0.5,0.0,0.0,0.0,0.0,1.25,0.25,0.0,0.0,8.33,8.33,0.0,,,,,,,,,,,,,,,
746060,2024-06-04,2024,663743,R,686993,R,single,False,False,75.0,0.2,10.0,13.33,3.0,4.0,0.5429999999999999,0.09999999999999998,9.01,3.76,21.8,25.56,22.48,14.93,241.0,0.165,48.0,19.92,14.0,5.81,0.46,0.064,18.93,8.36,19.79,28.15,25.54,22.43,4.0,0.5,0.0,0.0,0.0,0.0,1.25,0.25,0.0,0.0,8.33,8.33,0.0,,,,,,,,,,,,,,,
746060,2024-06-04,2024,665862,L,686993,R,field_error,False,False,165.0,0.257,40.0,24.24,16.0,9.7,0.779,0.189,28.8,13.27,13.99,27.26,29.92,20.73,290.0,0.275,91.0,31.38,20.0,6.9,0.8540000000000001,0.25,35.14,15.36,16.88,32.24,26.1,27.41,5.0,0.0,2.0,40.0,1.0,20.0,0.2,0.0,45.45,25.0,5.0,30.0,40.0,33.33,,,,,,,,,,,,,,
746060,2024-06-04,2024,650559,R,686993,R,force_out,False,False,165.0,0.235,45.0,27.27,15.0,9.09,0.739,0.201,33.73,16.92,13.32,30.24,31.46,23.94,473.0,0.251,107.0,22.62,29.0,6.13,0.717,0.1689999999999999,28.95,14.54,15.93,30.47,34.61,18.71,4.0,0.5,0.0,0.0,0.0,0.0,1.25,0.25,0.0,0.0,8.33,8.33,0.0,,,,,,,,,,,,,,,
746060,2024-06-04,2024,669394,R,686993,R,strikeout,True,False,108.0,0.248,26.0,24.07,6.0,5.56,0.673,0.138,24.47,12.53,17.44,29.97,38.42,26.0,402.0,0.247,112.0,27.86,23.0,5.72,0.8,0.249,34.59,18.69,13.25,31.93,39.43,23.09,4.0,0.5,0.0,0.0,0.0,0.0,1.25,0.25,0.0,0.0,8.33,8.33,0.0,,,,,,,,,,,,,,,
746060,2024-06-04,2024,676356,R,642629,R,strikeout,True,False,65.0,0.175,14.0,21.54,6.0,9.23,0.54,0.08800000000000002,25.21,12.82,14.96,27.78,37.21,18.92,10.0,0.2,0.0,0.0,0.0,0.0,0.7,0.3,19.05,11.43,11.43,22.86,44.44,0.0,14.0,0.143,3.0,21.43,0.0,0.0,0.357,0.07100000000000001,23.81,11.63,16.28,27.91,22.22,37.5,,,,,,,,,,,,,,
746060,2024-06-04,2024,656577,R,642629,R,field_out,False,False,30.0,0.038,13.0,43.33,2.0,6.67,0.184,0.039,43.1,22.73,18.18,40.91,41.82,35.14,,,,,,,,,,,,,,,14.0,0.143,3.0,21.43,0.0,0.0,0.357,0.07100000000000001,23.81,11.63,16.28,27.91,22.22,37.5,,,,,,,,,,,,,,
746060,2024-06-04,2024,650490,R,642629,R,double,False,False,195.0,0.231,29.0,14.87,20.0,10.26,0.653,0.10400000000000001,11.3,4.88,17.25,22.12,22.33,12.29,462.0,0.322,72.0,15.58,49.0,10.61,0.881,0.1559999999999999,18.95,8.0,18.68,26.68,19.71,15.69,14.0,0.143,3.0,21.43,0.0,0.0,0.357,0.07100000000000001,23.81,11.63,16.28,27.91,22.22,37.5,,,,,,,,,,,,,,
746060,2024-06-04,2024,668227,R,642629,R,hit_by_pitch,False,False,182.0,0.173,55.0,30.22,17.0,9.34,0.579,0.14800000000000002,37.08,15.66,20.03,35.69,25.62,21.65,517.0,0.254,119.0,23.02,62.0,11.99,0.7769999999999999,0.1589999999999999,29.93,12.82,18.77,31.59,26.93,19.44,14.0,0.143,3.0,21.43,0.0,0.0,0.357,0.07100000000000001,23.81,11.63,16.28,27.91,22.22,37.5,,,,,,,,,,,,,,
746060,2024-06-04,2024,623912,R,642629,R,strikeout,True,False,108.0,0.252,21.0,19.44,3.0,2.78,0.55,0.020000000000000018,32.74,19.11,13.87,32.98,45.23,19.63,310.0,0.281,58.0,18.71,18.0,5.81,0.749,0.1389999999999999,29.58,16.59,12.26,28.85,43.77,18.01,14.0,0.143,3.0,21.43,0.0,0.0,0.357,0.07100000000000001,23.81,11.63,16.28,27.91,22.22,37.5,,,,,,,,,,,,,,
746060,2024-06-04,2024,605137,L,686993,R,double,False,False,167.0,0.275,36.0,21.56,10.0,5.99,0.742,0.128,30.87,16.19,10.96,27.15,28.1,24.48,432.0,0.239,93.0,21.53,39.0,9.03,0.6970000000000001,0.148,24.59,11.57,13.95,25.52,28.11,20.58,5.0,0.0,2.0,40.0,1.0,20.0,0.2,0.0,45.45,25.0,5.0,30.0,40.0,33.33,,,,,,,,,,,,,,
746060,2024-06-04,2024,660821,L,686993,R,field_out,False,False,151.0,0.27,32.0,21.19,10.0,6.62,0.7250000000000001,0.124,25.42,13.91,12.62,26.53,36.59,18.82,353.0,0.258,93.0,26.35,36.0,10.2,0.805,0.21,29.33,14.21,14.01,28.21,30.32,20.53,5.0,0.0,2.0,40.0,1.0,20.0,0.2,0.0,45.45,25.0,5.0,30.0,40.0,33.33,,,,,,,,,,,,,,
746060,2024-06-04,2024,672640,R,686993,R,sac_fly,False,False,69.0,0.323,10.0,14.49,4.0,5.8,0.852,0.16099999999999998,19.05,10.3,13.3,23.61,30.63,15.87,,,,,,,,,,,,,,,4.0,0.5,0.0,0.0,0.0,0.0,1.25,0.25,0.0,0.0,8.33,8.33,0.0,,,,,,,,,,,,,,,
746060,2024-06-04,2024,624503,L,686993,R,field_out,False,False,140.0,0.235,31.0,22.14,6.0,4.29,0.645,0.14400000000000002,29.73,17.56,10.78,28.34,44.96,19.75,83.0,0.16,10.0,12.05,1.0,1.2,0.48,0.149,20.99,12.19,10.39,22.58,38.35,12.82,5.0,0.0,2.0,40.0,1.0,20.0,0.2,0.0,45.45,25.0,5.0,30.0,40.0,33.33,,,,,,,,,,,,,,
746060,2024-06-04,2024,670623,R,656945,L,field_out,False,False,53.0,0.261,10.0,18.87,6.0,11.32,0.749,0.13,17.89,7.56,20.44,28.0,25.2,14.71,136.0,0.259,22.0,16.18,15.0,11.03,0.773,0.146,17.06,7.6,18.37,25.97,26.71,12.64,74.0,0.155,18.0,24.32,12.0,16.22,0.507,0.05199999999999999,30.08,14.18,15.96,30.14,32.17,22.78,207.0,0.19,65.0,31.4,13.0,6.28,0.5,0.0529999999999999,32.79,17.6,15.73,33.33,40.1,24.9
746060,2024-06-04,2024,664040,L,656945,L,walk,False,True,5.0,0.2,0.0,0.0,0.0,0.0,0.4,0.0,27.27,15.0,5.0,20.0,0.0,0.0,63.0,0.17,16.0,25.4,8.0,12.7,0.512,0.0559999999999999,33.05,15.79,14.98,30.77,27.69,23.19,28.0,0.143,5.0,17.86,6.0,21.43,0.571,0.095,25.0,10.57,14.63,25.2,19.05,12.5,100.0,0.193,39.0,39.0,11.0,11.0,0.587,0.1139999999999999,43.85,19.57,19.81,39.38,26.13,31.2
746060,2024-06-04,2024,642708,R,656945,L,single,False,False,51.0,0.314,9.0,17.65,0.0,0.0,0.765,0.137,25.93,15.22,14.13,29.35,41.3,17.31,193.0,0.282,27.0,13.99,11.0,5.7,0.768,0.16,18.35,9.79,15.18,24.96,39.07,12.33,74.0,0.155,18.0,24.32,12.0,16.22,0.507,0.05199999999999999,30.08,14.18,15.96,30.14,32.17,22.78,207.0,0.19,65.0,31.4,13.0,6.28,0.5,0.0529999999999999,32.79,17.6,15.73,33.33,40.1,24.9
746060,2024-06-04,2024,642350,R,656945,L,strikeout,True,False,42.0,0.139,15.0,35.71,5.0,11.9,0.571,0.194,43.82,20.97,13.44,34.41,24.47,24.19,93.0,0.198,37.0,39.78,4.0,4.3,0.647,0.2209999999999999,43.46,22.99,15.24,38.23,37.84,32.17,74.0,0.155,18.0,24.32,12.0,16.22,0.507,0.05199999999999999,30.08,14.18,15.96,30.14,32.17,22.78,207.0,0.19,65.0,31.4,13.0,6.28,0.5,0.0529999999999999,32.79,17.6,15.73,33.33,40.1,24.9
746060,2024-06-04,2024,676356,R,656945,L,strikeout,True,False,25.0,0.2,5.0,20.0,4.0,16.0,0.833,0.3,22.41,11.93,13.76,25.69,38.89,11.9,35.0,0.281,8.0,22.86,3.0,8.57,0.7490000000000001,0.125,27.78,15.15,13.64,28.79,41.67,17.78,74.0,0.155,18.0,24.32,12.0,16.22,0.507,0.05199999999999999,30.08,14.18,15.96,30.14,32.17,22.78,207.0,0.19,65.0,31.4,13.0,6.28,0.5,0.0529999999999999,32.79,17.6,15.73,33.33,40.1,24.9
746060,2024-06-04,2024,641313,R,664208,R,single,False,False,97.0,0.158,28.0,28.87,2.0,2.06,0.354,0.02099999999999999,30.81,15.53,17.44,32.97,38.62,25.93,396.0,0.226,95.0,23.99,21.0,5.3,0.538,0.04,26.05,13.64,14.67,28.31,36.05,20.88,53.0,0.2,9.0,16.98,7.0,13.21,0.61,0.08899999999999997,33.66,16.27,14.35,30.62,28.45,17.65,136.0,0.153,44.0,32.35,8.0,5.88,0.431,0.0569999999999999,39.26,20.62,13.04,33.66,34.2,29.86
746060,2024-06-04,2024,660644,L,664208,R,single,False,False,81.0,0.257,12.0,14.81,5.0,6.17,0.6990000000000001,0.121,23.38,12.2,12.88,25.08,23.48,13.48,63.0,0.196,17.0,26.98,4.0,6.35,0.494,0.036,25.62,13.36,13.79,27.16,31.45,26.98,41.0,0.188,10.0,24.39,6.0,14.63,0.866,0.312,24.68,10.8,14.77,25.57,31.91,18.87,138.0,0.265,30.0,21.74,17.0,12.32,0.856,0.2039999999999999,26.0,12.2,15.95,28.14,26.22,19.87
746060,2024-06-04,2024,665862,L,664208,R,single,False,False,165.0,0.257,40.0,24.24,16.0,9.7,0.779,0.189,28.8,13.27,13.99,27.26,29.92,20.73,290.0,0.275,91.0,31.38,20.0,6.9,0.8540000000000001,0.25,35.14,15.36,16.88,32.24,26.1,27.41,41.0,0.188,10.0,24.39,6.0,14.63,0.866,0.312,24.68,10.8,14.77,25.57,31.91,18.87,138.0,0.265,30.0,21.74,17.0,12.32,0.856,0.2039999999999999,26.0,12.2,15.95,28.14,26.22,19.87
746060,2024-06-04,2024,650559,R,664126,R,strikeout,True,False,165.0,0.235,45.0,27.27,15.0,9.09,0.739,0.201,33.73,16.92,13.32,30.24,31.46,23.94,473.0,0.251,107.0,22.62,29.0,6.13,0.717,0.1689999999999999,28.95,14.54,15.93,30.47,34.61,18.71,42.0,0.176,11.0,26.19,7.0,16.67,0.552,0.059,26.67,10.88,19.05,29.93,19.18,33.33,99.0,0.12,33.0,33.33,11.0,11.11,0.4519999999999999,0.0849999999999999,29.08,14.69,18.3,32.99,29.89,26.83
746060,2024-06-04,2024,669394,R,664126,R,strikeout,True,False,108.0,0.248,26.0,24.07,6.0,5.56,0.673,0.138,24.47,12.53,17.44,29.97,38.42,26.0,402.0,0.247,112.0,27.86,23.0,5.72,0.8,0.249,34.59,18.69,13.25,31.93,39.43,23.09,42.0,0.176,11.0,26.19,7.0,16.67,0.552,0.059,26.67,10.88,19.05,29.93,19.18,33.33,99.0,0.12,33.0,33.33,11.0,11.11,0.4519999999999999,0.0849999999999999,29.08,14.69,18.3,32.99,29.89,26.83
746060,2024-06-04,2024,605137,L,664126,R,field_out,False,False,167.0,0.275,36.0,21.56,10.0,5.99,0.742,0.128,30.87,16.19,10.96,27.15,28.1,24.48,432.0,0.239,93.0,21.53,39.0,9.03,0.6970000000000001,0.148,24.59,11.57,13.95,25.52,28.11,20.58,32.0,0.31,8.0,25.0,3.0,9.38,0.72,0.034999999999999976,17.39,6.3,25.98,32.28,20.69,25.81,86.0,0.211,35.0,40.7,9.0,10.47,0.565,0.052,32.88,13.79,25.29,39.08,26.17,31.25
745497,2024-06-04,2024,605141,R,683003,R,field_out,False,False,181.0,0.299,19.0,10.5,27.0,14.92,0.897,0.195,15.13,5.69,20.39,26.07,18.25,8.88,509.0,0.309,85.0,16.7,66.0,12.97,0.949,0.237,17.85,6.92,20.25,27.17,17.64,15.12,128.0,0.21,32.0,25.0,6.0,4.69,0.622,0.16,31.73,16.99,16.99,33.98,34.09,21.92,,,,,,,,,,,,,,
745497,2024-06-04,2024,660271,L,683003,R,strikeout,True,False,164.0,0.336,34.0,20.73,21.0,12.8,1.119,0.35699999999999993,28.04,13.57,13.42,27.0,30.79,18.28,429.0,0.327,99.0,23.08,64.0,14.92,1.132,0.3739999999999999,32.88,15.48,11.59,27.07,28.86,20.75,125.0,0.229,38.0,30.4,6.0,4.8,0.739,0.24599999999999997,35.42,20.34,12.5,32.84,35.48,27.01,,,,,,,,,,,,,,
745497,2024-06-04,2024,518692,L,683003,R,single,False,False,161.0,0.341,24.0,14.91,22.0,13.66,1.02,0.24399999999999994,19.8,9.29,11.76,21.05,23.58,13.48,514.0,0.33,81.0,15.76,57.0,11.09,0.962,0.218,19.83,9.77,11.31,21.08,27.01,16.63,125.0,0.229,38.0,30.4,6.0,4.8,0.739,0.24599999999999997,35.42,20.34,12.5,32.84,35.48,27.01,,,,,,,,,,,,,,
745497,2024-06-04,2024,669257,R,683003,R,double,False,False,147.0,0.233,26.0,17.69,9.0,6.12,0.677,0.158,19.06,9.36,15.76,25.12,28.05,13.76,407.0,0.268,67.0,16.46,42.0,10.32,0.7949999999999999,0.1659999999999999,19.27,8.8,16.84,25.64,24.5,12.79,128.0,0.21,32.0,25.0,6.0,4.69,0.622,0.16,31.73,16.99,16.99,33.98,34.09,21.92,,,,,,,,,,,,,,
745497,2024-06-04,2024,606192,R,683003,R,field_out,False,False,177.0,0.259,55.0,31.07,16.0,9.04,0.778,0.184,35.45,18.38,12.89,31.28,29.03,22.0,529.0,0.249,164.0,31.0,33.0,6.24,0.718,0.1639999999999999,36.92,19.57,14.44,34.01,34.81,23.06,128.0,0.21,32.0,25.0,6.0,4.69,0.622,0.16,31.73,16.99,16.99,33.98,34.09,21.92,,,,,,,,,,,,,,
745497,2024-06-04,2024,457705,R,607192,R,strikeout,True,False,140.0,0.236,36.0,25.71,15.0,10.71,0.7110000000000001,0.14600000000000002,31.54,13.74,17.92,31.66,18.71,20.0,312.0,0.254,72.0,23.08,49.0,15.71,0.767,0.137,28.77,12.06,17.2,29.26,17.59,17.52,135.0,0.181,50.0,37.04,7.0,5.19,0.523,0.118,31.8,15.69,17.01,32.7,29.1,30.12,219.0,0.164,74.0,33.79,16.0,7.31,0.492,0.1,36.45,17.61,16.8,34.41,28.81,25.69
745497,2024-06-04,2024,668804,L,607192,R,field_out,False,False,177.0,0.232,35.0,19.77,20.0,11.3,0.696,0.142,28.06,12.43,15.14,27.57,24.93,17.68,438.0,0.252,94.0,21.46,45.0,10.27,0.821,0.2309999999999999,28.75,13.22,13.73,26.95,24.9,18.49,133.0,0.174,42.0,31.58,10.0,7.52,0.592,0.181,27.17,13.66,14.06,27.72,23.45,28.0,266.0,0.247,88.0,33.08,21.0,7.89,0.721,0.1689999999999999,34.59,16.73,17.12,33.85,30.97,28.03
745497,2024-06-04,2024,656582,R,607192,R,walk,False,True,127.0,0.265,27.0,21.26,12.0,9.45,0.744,0.133,24.52,10.67,19.46,30.13,24.46,20.15,279.0,0.235,70.0,25.09,27.0,9.68,0.72,0.166,22.25,8.9,20.93,29.83,20.67,18.23,135.0,0.181,50.0,37.04,7.0,5.19,0.523,0.118,31.8,15.69,17.01,32.7,29.1,30.12,219.0,0.164,74.0,33.79,16.0,7.31,0.492,0.1,36.45,17.61,16.8,34.41,28.81,25.69
745497,2024-06-04,2024,665833,L,607192,R,strikeout,True,False,159.0,0.301,53.0,33.33,13.0,8.18,0.865,0.20600000000000002,35.55,16.31,19.51,35.82,36.18,24.54,33.0,0.185,7.0,21.21,5.0,15.15,0.636,0.148,27.69,13.14,15.33,28.47,34.25,17.95,133.0,0.174,42.0,31.58,10.0,7.52,0.592,0.181,27.17,13.66,14.06,27.72,23.45,28.0,266.0,0.247,88.0,33.08,21.0,7.89,0.721,0.1689999999999999,34.59,16.73,17.12,33.85,30.97,28.03
745497,2024-06-04,2024,518792,L,683003,R,walk,False,True,43.0,0.179,7.0,16.28,3.0,6.98,0.589,0.15400000000000003,24.47,13.29,12.72,26.01,32.53,12.96,349.0,0.276,57.0,16.33,32.0,9.17,0.818,0.1949999999999999,20.45,9.51,16.77,26.27,27.56,15.45,125.0,0.229,38.0,30.4,6.0,4.8,0.739,0.24599999999999997,35.42,20.34,12.5,32.84,35.48,27.01,,,,,,,,,,,,,,
745497,2024-06-04,2024,666158,L,683003,R,strikeout,True,False,141.0,0.223,30.0,21.28,11.0,7.8,0.599,0.092,19.51,8.62,18.49,27.11,18.08,18.18,,,,,,,,,,,,,,,125.0,0.229,38.0,30.4,6.0,4.8,0.739,0.24599999999999997,35.42,20.34,12.5,32.84,35.48,27.01,,,,,,,,,,,,,,
745497,2024-06-04,2024,500743,R,683003,R,field_out,False,False,43.0,0.275,6.0,13.95,3.0,6.98,0.751,0.14999999999999997,15.38,6.67,20.0,26.67,23.19,17.14,279.0,0.21,36.0,12.9,18.0,6.45,0.546,0.068,19.79,9.92,16.53,26.45,34.53,12.9,128.0,0.21,32.0,25.0,6.0,4.69,0.622,0.16,31.73,16.99,16.99,33.98,34.09,21.92,,,,,,,,,,,,,,
745497,2024-06-04,2024,621035,R,683003,R,field_out,False,False,48.0,0.116,19.0,39.58,3.0,6.25,0.348,0.024000000000000007,32.18,15.38,15.38,30.77,24.14,38.0,224.0,0.255,66.0,29.46,22.0,9.82,0.712,0.125,33.11,15.94,15.09,31.03,23.37,20.82,128.0,0.21,32.0,25.0,6.0,4.69,0.622,0.16,31.73,16.99,16.99,33.98,34.09,21.92,,,,,,,,,,,,,,
745497,2024-06-04,2024,663647,R,607192,R,field_out,False,False,114.0,0.216,23.0,20.18,9.0,7.89,0.536,0.03900000000000001,16.94,7.33,21.51,28.84,25.84,19.01,358.0,0.26,75.0,20.95,22.0,6.15,0.721,0.1559999999999999,21.48,9.63,20.09,29.72,30.19,22.32,135.0,0.181,50.0,37.04,7.0,5.19,0.523,0.118,31.8,15.69,17.01,32.7,29.1,30.12,219.0,0.164,74.0,33.79,16.0,7.31,0.492,0.1,36.45,17.61,16.8,34.41,28.81,25.69
745497,2024-06-04,2024,693304,R,607192,R,field_out,False,False,55.0,0.333,12.0,21.82,4.0,7.27,0.91,0.188,27.97,14.86,12.61,27.48,31.53,17.14,86.0,0.234,21.0,24.42,3.0,3.49,0.638,0.1299999999999999,30.36,15.84,12.11,27.95,27.85,22.11,135.0,0.181,50.0,37.04,7.0,5.19,0.523,0.118,31.8,15.69,17.01,32.7,29.1,30.12,219.0,0.164,74.0,33.79,16.0,7.31,0.492,0.1,36.45,17.61,16.8,34.41,28.81,25.69
745497,2024-06-04,2024,642133,L,607192,R,strikeout,True,False,129.0,0.203,23.0,17.83,9.0,6.98,0.527,0.06,21.62,9.18,20.84,30.02,23.67,17.97,300.0,0.223,73.0,24.33,29.0,9.67,0.69,0.173,22.22,8.47,23.11,31.59,24.77,19.95,133.0,0.174,42.0,31.58,10.0,7.52,0.592,0.181,27.17,13.66,14.06,27.72,23.45,28.0,266.0,0.247,88.0,33.08,21.0,7.89,0.721,0.1689999999999999,34.59,16.73,17.12,33.85,30.97,28.03
745497,2024-06-04,2024,605141,R,683003,R,walk,False,True,181.0,0.299,19.0,10.5,27.0,14.92,0.897,0.195,15.13,5.69,20.39,26.07,18.25,8.88,509.0,0.309,85.0,16.7,66.0,12.97,0.949,0.237,17.85,6.92,20.25,27.17,17.64,15.12,128.0,0.21,32.0,25.0,6.0,4.69,0.622,0.16,31.73,16.99,16.99,33.98,34.09,21.92,,,,,,,,,,,,,,
745497,2024-06-04,2024,660271,L,683003,R,grounded_into_double_play,False,False,164.0,0.336,34.0,20.73,21.0,12.8,1.119,0.35699999999999993,28.04,13.57,13.42,27.0,30.79,18.28,429.0,0.327,99.0,23.08,64.0,14.92,1.132,0.3739999999999999,32.88,15.48,11.59,27.07,28.86,20.75,125.0,0.229,38.0,30.4,6.0,4.8,0.739,0.24599999999999997,35.42,20.34,12.5,32.84,35.48,27.01,,,,,,,,,,,,,,
745497,2024-06-04,2024,518692,L,683003,R,double,False,False,161.0,0.341,24.0,14.91,22.0,13.66,1.02,0.24399999999999994,19.8,9.29,11.76,21.05,23.58,13.48,514.0,0.33,81.0,15.76,57.0,11.09,0.962,0.218,19.83,9.77,11.31,21.08,27.01,16.63,125.0,0.229,38.0,30.4,6.0,4.8,0.739,0.24599999999999997,35.42,20.34,12.5,32.84,35.48,27.01,,,,,,,,,,,,,,
745497,2024-06-04,2024,669257,R,683003,R,hit_by_pitch,False,False,147.0,0.233,26.0,17.69,9.0,6.12,0.677,0.158,19.06,9.36,15.76,25.12,28.05,13.76,407.0,0.268,67.0,16.46,42.0,10.32,0.7949999999999999,0.1659999999999999,19.27,8.8,16.84,25.64,24.5,12.79,128.0,0.21,32.0,25.0,6.0,4.69,0.622,0.16,31.73,16.99,16.99,33.98,34.09,21.92,,,,,,,,,,,,,,
745497,2024-06-04,2024,606192,R,683003,R,field_out,False,False,177.0,0.259,55.0,31.07,16.0,9.04,0.778,0.184,35.45,18.38,12.89,31.28,29.03,22.0,529.0,0.249,164.0,31.0,33.0,6.24,0.718,0.1639999999999999,36.92,19.57,14.44,34.01,34.81,23.06,128.0,0.21,32.0,25.0,6.0,4.69,0.622,0.16,31.73,16.99,16.99,33.98,34.09,21.92,,,,,,,,,,,,,,
745497,2024-06-04,2024,680779,R,607192,R,field_out,False,False,63.0,0.135,25.0,39.68,7.0,11.11,0.384,0.01899999999999999,36.0,16.07,15.0,31.07,21.53,28.74,170.0,0.224,49.0,28.82,15.0,8.82,0.655,0.1309999999999999,29.33,13.02,18.05,31.07,30.65,26.2,135.0,0.181,50.0,37.04,7.0,5.19,0.523,0.118,31.8,15.69,17.01,32.7,29.1,30.12,219.0,0.164,74.0,33.79,16.0,7.31,0.492,0.1,36.45,17.61,16.8,34.41,28.81,25.69
745497,2024-06-04,2024,669261,L,607192,R,home_run,False,False,129.0,0.144,29.0,22.48,17.0,13.18,0.517,0.11700000000000002,23.36,10.8,14.39,25.19,22.69,17.79,404.0,0.232,117.0,28.96,61.0,15.1,0.857,0.271,29.06,11.36,18.81,30.17,17.6,22.37,133.0,0.174,42.0,31.58,10.0,7.52,0.592,0.181,27.17,13.66,14.06,27.72,23.45,28.0,266.0,0.247,88.0,33.08,21.0,7.89,0.721,0.1689999999999999,34.59,16.73,17.12,33.85,30.97,28.03
745497,2024-06-04,2024,457705,R,607192,R,field_out,False,False,140.0,0.236,36.0,25.71,15.0,10.71,0.7110000000000001,0.14600000000000002,31.54,13.74,17.92,31.66,18.71,20.0,312.0,0.254,72.0,23.08,49.0,15.71,0.767,0.137,28.77,12.06,17.2,29.26,17.59,17.52,135.0,0.181,50.0,37.04,7.0,5.19,0.523,0.118,31.8,15.69,17.01,32.7,29.1,30.12,219.0,0.164,74.0,33.79,16.0,7.31,0.492,0.1,36.45,17.61,16.8,34.41,28.81,25.69
745497,2024-06-04,2024,668804,L,607192,R,single,False,False,177.0,0.232,35.0,19.77,20.0,11.3,0.696,0.142,28.06,12.43,15.14,27.57,24.93,17.68,438.0,0.252,94.0,21.46,45.0,10.27,0.821,0.2309999999999999,28.75,13.22,13.73,26.95,24.9,18.49,133.0,0.174,42.0,31.58,10.0,7.52,0.592,0.181,27.17,13.66,14.06,27.72,23.45,28.0,266.0,0.247,88.0,33.08,21.0,7.89,0.721,0.1689999999999999,34.59,16.73,17.12,33.85,30.97,28.03
745497,2024-06-04,2024,656582,R,607192,R,strikeout,True,False,127.0,0.265,27.0,21.26,12.0,9.45,0.744,0.133,24.52,10.67,19.46,30.13,24.46,20.15,279.0,0.235,70.0,25.09,27.0,9.68,0.72,0.166,22.25,8.9,20.93,29.83,20.67,18.23,135.0,0.181,50.0,37.04,7.0,5.19,0.523,0.118,31.8,15.69,17.01,32.7,29.1,30.12,219.0,0.164,74.0,33.79,16.0,7.31,0.492,0.1,36.45,17.61,16.8,34.41,28.81,25.69
745497,2024-06-04,2024,518792,L,683003,R,walk,False,True,43.0,0.179,7.0,16.28,3.0,6.98,0.589,0.15400000000000003,24.47,13.29,12.72,26.01,32.53,12.96,349.0,0.276,57.0,16.33,32.0,9.17,0.818,0.1949999999999999,20.45,9.51,16.77,26.27,27.56,15.45,125.0,0.229,38.0,30.4,6.0,4.8,0.739,0.24599999999999997,35.42,20.34,12.5,32.84,35.48,27.01,,,,,,,,,,,,,,
745497,2024-06-04,2024,666158,L,683003,R,field_out,False,False,141.0,0.223,30.0,21.28,11.0,7.8,0.599,0.092,19.51,8.62,18.49,27.11,18.08,18.18,,,,,,,,,,,,,,,125.0,0.229,38.0,30.4,6.0,4.8,0.739,0.24599999999999997,35.42,20.34,12.5,32.84,35.48,27.01,,,,,,,,,,,,,,
745497,2024-06-04,2024,500743,R,683003,R,field_out,False,False,43.0,0.275,6.0,13.95,3.0,6.98,0.751,0.14999999999999997,15.38,6.67,20.0,26.67,23.19,17.14,279.0,0.21,36.0,12.9,18.0,6.45,0.546,0.068,19.79,9.92,16.53,26.45,34.53,12.9,128.0,0.21,32.0,25.0,6.0,4.69,0.622,0.16,31.73,16.99,16.99,33.98,34.09,21.92,,,,,,,,,,,,,,
745497,2024-06-04,2024,621035,R,683003,R,field_out,False,False,48.0,0.116,19.0,39.58,3.0,6.25,0.348,0.024000000000000007,32.18,15.38,15.38,30.77,24.14,38.0,224.0,0.255,66.0,29.46,22.0,9.82,0.712,0.125,33.11,15.94,15.09,31.03,23.37,20.82,128.0,0.21,32.0,25.0,6.0,4.69,0.622,0.16,31.73,16.99,16.99,33.98,34.09,21.92,,,,,,,,,,,,,,
745497,2024-06-04,2024,665833,L,607192,R,field_out,False,False,159.0,0.301,53.0,33.33,13.0,8.18,0.865,0.20600000000000002,35.55,16.31,19.51,35.82,36.18,24.54,33.0,0.185,7.0,21.21,5.0,15.15,0.636,0.148,27.69,13.14,15.33,28.47,34.25,17.95,133.0,0.174,42.0,31.58,10.0,7.52,0.592,0.181,27.17,13.66,14.06,27.72,23.45,28.0,266.0,0.247,88.0,33.08,21.0,7.89,0.721,0.1689999999999999,34.59,16.73,17.12,33.85,30.97,28.03
745497,2024-06-04,2024,663647,R,607192,R,field_out,False,False,114.0,0.216,23.0,20.18,9.0,7.89,0.536,0.03900000000000001,16.94,7.33,21.51,28.84,25.84,19.01,358.0,0.26,75.0,20.95,22.0,6.15,0.721,0.1559999999999999,21.48,9.63,20.09,29.72,30.19,22.32,135.0,0.181,50.0,37.04,7.0,5.19,0.523,0.118,31.8,15.69,17.01,32.7,29.1,30.12,219.0,0.164,74.0,33.79,16.0,7.31,0.492,0.1,36.45,17.61,16.8,34.41,28.81,25.69
745497,2024-06-04,2024,693304,R,607192,R,field_error,False,False,55.0,0.333,12.0,21.82,4.0,7.27,0.91,0.188,27.97,14.86,12.61,27.48,31.53,17.14,86.0,0.234,21.0,24.42,3.0,3.49,0.638,0.1299999999999999,30.36,15.84,12.11,27.95,27.85,22.11,135.0,0.181,50.0,37.04,7.0,5.19,0.523,0.118,31.8,15.69,17.01,32.7,29.1,30.12,219.0,0.164,74.0,33.79,16.0,7.31,0.492,0.1,36.45,17.61,16.8,34.41,28.81,25.69
745497,2024-06-04,2024,642133,L,607192,R,field_out,False,False,129.0,0.203,23.0,17.83,9.0,6.98,0.527,0.06,21.62,9.18,20.84,30.02,23.67,17.97,300.0,0.223,73.0,24.33,29.0,9.67,0.69,0.173,22.22,8.47,23.11,31.59,24.77,19.95,133.0,0.174,42.0,31.58,10.0,7.52,0.592,0.181,27.17,13.66,14.06,27.72,23.45,28.0,266.0,0.247,88.0,33.08,21.0,7.89,0.721,0.1689999999999999,34.59,16.73,17.12,33.85,30.97,28.03
745497,2024-06-04,2024,605141,R,683003,R,field_out,False,False,181.0,0.299,19.0,10.5,27.0,14.92,0.897,0.195,15.13,5.69,20.39,26.07,18.25,8.88,509.0,0.309,85.0,16.7,66.0,12.97,0.949,0.237,17.85,6.92,20.25,27.17,17.64,15.12,128.0,0.21,32.0,25.0,6.0,4.69,0.622,0.16,31.73,16.99,16.99,33.98,34.09,21.92,,,,,,,,,,,,,,
745497,2024-06-04,2024,660271,L,683003,R,strikeout,True,False,164.0,0.336,34.0,20.73,21.0,12.8,1.119,0.35699999999999993,28.04,13.57,13.42,27.0,30.79,18.28,429.0,0.327,99.0,23.08,64.0,14.92,1.132,0.3739999999999999,32.88,15.48,11.59,27.07,28.86,20.75,125.0,0.229,38.0,30.4,6.0,4.8,0.739,0.24599999999999997,35.42,20.34,12.5,32.84,35.48,27.01,,,,,,,,,,,,,,
745497,2024-06-04,2024,518692,L,683003,R,strikeout,True,False,161.0,0.341,24.0,14.91,22.0,13.66,1.02,0.24399999999999994,19.8,9.29,11.76,21.05,23.58,13.48,514.0,0.33,81.0,15.76,57.0,11.09,0.962,0.218,19.83,9.77,11.31,21.08,27.01,16.63,125.0,0.229,38.0,30.4,6.0,4.8,0.739,0.24599999999999997,35.42,20.34,12.5,32.84,35.48,27.01,,,,,,,,,,,,,,
745497,2024-06-04,2024,680779,R,607192,R,strikeout,True,False,63.0,0.135,25.0,39.68,7.0,11.11,0.384,0.01899999999999999,36.0,16.07,15.0,31.07,21.53,28.74,170.0,0.224,49.0,28.82,15.0,8.82,0.655,0.1309999999999999,29.33,13.02,18.05,31.07,30.65,26.2,135.0,0.181,50.0,37.04,7.0,5.19,0.523,0.118,31.8,15.69,17.01,32.7,29.1,30.12,219.0,0.164,74.0,33.79,16.0,7.31,0.492,0.1,36.45,17.61,16.8,34.41,28.81,25.69
745497,2024-06-04,2024,669261,L,607192,R,strikeout,True,False,129.0,0.144,29.0,22.48,17.0,13.18,0.517,0.11700000000000002,23.36,10.8,14.39,25.19,22.69,17.79,404.0,0.232,117.0,28.96,61.0,15.1,0.857,0.271,29.06,11.36,18.81,30.17,17.6,22.37,133.0,0.174,42.0,31.58,10.0,7.52,0.592,0.181,27.17,13.66,14.06,27.72,23.45,28.0,266.0,0.247,88.0,33.08,21.0,7.89,0.721,0.1689999999999999,34.59,16.73,17.12,33.85,30.97,28.03
745497,2024-06-04,2024,457705,R,607192,R,field_out,False,False,140.0,0.236,36.0,25.71,15.0,10.71,0.7110000000000001,0.14600000000000002,31.54,13.74,17.92,31.66,18.71,20.0,312.0,0.254,72.0,23.08,49.0,15.71,0.767,0.137,28.77,12.06,17.2,29.26,17.59,17.52,135.0,0.181,50.0,37.04,7.0,5.19,0.523,0.118,31.8,15.69,17.01,32.7,29.1,30.12,219.0,0.164,74.0,33.79,16.0,7.31,0.492,0.1,36.45,17.61,16.8,34.41,28.81,25.69
745497,2024-06-04,2024,669257,R,683003,R,field_out,False,False,147.0,0.233,26.0,17.69,9.0,6.12,0.677,0.158,19.06,9.36,15.76,25.12,28.05,13.76,407.0,0.268,67.0,16.46,42.0,10.32,0.7949999999999999,0.1659999999999999,19.27,8.8,16.84,25.64,24.5,12.79,128.0,0.21,32.0,25.0,6.0,4.69,0.622,0.16,31.73,16.99,16.99,33.98,34.09,21.92,,,,,,,,,,,,,,
745497,2024-06-04,2024,606192,R,683003,R,strikeout,True,False,177.0,0.259,55.0,31.07,16.0,9.04,0.778,0.184,35.45,18.38,12.89,31.28,29.03,22.0,529.0,0.249,164.0,31.0,33.0,6.24,0.718,0.1639999999999999,36.92,19.57,14.44,34.01,34.81,23.06,128.0,0.21,32.0,25.0,6.0,4.69,0.622,0.16,31.73,16.99,16.99,33.98,34.09,21.92,,,,,,,,,,,,,,
745497,2024-06-04,2024,518792,L,683003,R,strikeout,True,False,43.0,0.179,7.0,16.28,3.0,6.98,0.589,0.15400000000000003,24.47,13.29,12.72,26.01,32.53,12.96,349.0,0.276,57.0,16.33,32.0,9.17,0.818,0.1949999999999999,20.45,9.51,16.77,26.27,27.56,15.45,125.0,0.229,38.0,30.4,6.0,4.8,0.739,0.24599999999999997,35.42,20.34,12.5,32.84,35.48,27.01,,,,,,,,,,,,,,
745497,2024-06-04,2024,668804,L,607192,R,single,False,False,177.0,0.232,35.0,19.77,20.0,11.3,0.696,0.142,28.06,12.43,15.14,27.57,24.93,17.68,438.0,0.252,94.0,21.46,45.0,10.27,0.821,0.2309999999999999,28.75,13.22,13.73,26.95,24.9,18.49,133.0,0.174,42.0,31.58,10.0,7.52,0.592,0.181,27.17,13.66,14.06,27.72,23.45,28.0,266.0,0.247,88.0,33.08,21.0,7.89,0.721,0.1689999999999999,34.59,16.73,17.12,33.85,30.97,28.03
745497,2024-06-04,2024,656582,R,607192,R,strikeout,True,False,127.0,0.265,27.0,21.26,12.0,9.45,0.744,0.133,24.52,10.67,19.46,30.13,24.46,20.15,279.0,0.235,70.0,25.09,27.0,9.68,0.72,0.166,22.25,8.9,20.93,29.83,20.67,18.23,135.0,0.181,50.0,37.04,7.0,5.19,0.523,0.118,31.8,15.69,17.01,32.7,29.1,30.12,219.0,0.164,74.0,33.79,16.0,7.31,0.492,0.1,36.45,17.61,16.8,34.41,28.81,25.69
745497,2024-06-04,2024,665833,L,607192,R,strikeout,True,False,159.0,0.301,53.0,33.33,13.0,8.18,0.865,0.20600000000000002,35.55,16.31,19.51,35.82,36.18,24.54,33.0,0.185,7.0,21.21,5.0,15.15,0.636,0.148,27.69,13.14,15.33,28.47,34.25,17.95,133.0,0.174,42.0,31.58,10.0,7.52,0.592,0.181,27.17,13.66,14.06,27.72,23.45,28.0,266.0,0.247,88.0,33.08,21.0,7.89,0.721,0.1689999999999999,34.59,16.73,17.12,33.85,30.97,28.03
745497,2024-06-04,2024,663647,R,607192,R,walk,False,True,114.0,0.216,23.0,20.18,9.0,7.89,0.536,0.03900000000000001,16.94,7.33,21.51,28.84,25.84,19.01,358.0,0.26,75.0,20.95,22.0,6.15,0.721,0.1559999999999999,21.48,9.63,20.09,29.72,30.19,22.32,135.0,0.181,50.0,37.04,7.0,5.19,0.523,0.118,31.8,15.69,17.01,32.7,29.1,30.12,219.0,0.164,74.0,33.79,16.0,7.31,0.492,0.1,36.45,17.61,16.8,34.41,28.81,25.69
745497,2024-06-04,2024,693304,R,607192,R,strikeout,True,False,55.0,0.333,12.0,21.82,4.0,7.27,0.91,0.188,27.97,14.86,12.61,27.48,31.53,17.14,86.0,0.234,21.0,24.42,3.0,3.49,0.638,0.1299999999999999,30.36,15.84,12.11,27.95,27.85,22.11,135.0,0.181,50.0,37.04,7.0,5.19,0.523,0.118,31.8,15.69,17.01,32.7,29.1,30.12,219.0,0.164,74.0,33.79,16.0,7.31,0.492,0.1,36.45,17.61,16.8,34.41,28.81,25.69
745497,2024-06-04,2024,666158,L,670059,R,double,False,False,141.0,0.223,30.0,21.28,11.0,7.8,0.599,0.092,19.51,8.62,18.49,27.11,18.08,18.18,,,,,,,,,,,,,,,34.0,0.192,11.0,32.35,8.0,23.53,0.728,0.15399999999999997,31.03,12.33,16.44,28.77,13.33,22.92,108.0,0.255,26.0,24.07,7.0,6.48,0.665,0.1019999999999999,21.83,11.04,11.26,22.3,27.56,16.45
745497,2024-06-04,2024,500743,R,670059,R,field_out,False,False,43.0,0.275,6.0,13.95,3.0,6.98,0.751,0.14999999999999997,15.38,6.67,20.0,26.67,23.19,17.14,279.0,0.21,36.0,12.9,18.0,6.45,0.546,0.068,19.79,9.92,16.53,26.45,34.53,12.9,43.0,0.103,15.0,34.88,1.0,2.33,0.29100000000000004,0.02500000000000001,30.67,14.02,20.73,34.76,28.57,30.61,132.0,0.256,32.0,24.24,13.0,9.85,0.7010000000000001,0.1119999999999999,24.65,10.91,18.93,29.84,24.05,23.88
745497,2024-06-04,2024,621035,R,670059,R,field_out,False,False,48.0,0.116,19.0,39.58,3.0,6.25,0.348,0.024000000000000007,32.18,15.38,15.38,30.77,24.14,38.0,224.0,0.255,66.0,29.46,22.0,9.82,0.712,0.125,33.11,15.94,15.09,31.03,23.37,20.82,43.0,0.103,15.0,34.88,1.0,2.33,0.29100000000000004,0.02500000000000001,30.67,14.02,20.73,34.76,28.57,30.61,132.0,0.256,32.0,24.24,13.0,9.85,0.7010000000000001,0.1119999999999999,24.65,10.91,18.93,29.84,24.05,23.88
745497,2024-06-04,2024,605141,R,670059,R,field_out,False,False,181.0,0.299,19.0,10.5,27.0,14.92,0.897,0.195,15.13,5.69,20.39,26.07,18.25,8.88,509.0,0.309,85.0,16.7,66.0,12.97,0.949,0.237,17.85,6.92,20.25,27.17,17.64,15.12,43.0,0.103,15.0,34.88,1.0,2.33,0.29100000000000004,0.02500000000000001,30.67,14.02,20.73,34.76,28.57,30.61,132.0,0.256,32.0,24.24,13.0,9.85,0.7010000000000001,0.1119999999999999,24.65,10.91,18.93,29.84,24.05,23.88
745497,2024-06-04,2024,658668,R,681911,L,strikeout,True,False,67.0,0.226,18.0,26.87,4.0,5.97,0.7370000000000001,0.24200000000000002,25.9,13.28,14.39,27.68,33.33,21.95,124.0,0.277,21.0,16.94,8.0,6.45,0.857,0.241,23.89,11.66,17.06,28.73,30.49,15.91,60.0,0.087,25.0,41.67,12.0,20.0,0.488,0.13,37.1,17.56,13.74,31.3,30.83,31.25,124.0,0.25,33.0,26.61,11.0,8.87,0.761,0.188,26.34,12.8,14.4,27.2,26.36,20.75
745497,2024-06-04,2024,680779,R,681911,L,double,False,False,21.0,0.25,4.0,19.05,4.0,19.05,0.804,0.125,33.33,12.2,19.51,31.71,18.18,18.18,85.0,0.192,20.0,23.53,10.0,11.76,0.648,0.15,22.64,9.97,17.73,27.7,26.46,16.26,60.0,0.087,25.0,41.67,12.0,20.0,0.488,0.13,37.1,17.56,13.74,31.3,30.83,31.25,124.0,0.25,33.0,26.61,11.0,8.87,0.761,0.188,26.34,12.8,14.4,27.2,26.36,20.75
745497,2024-06-04,2024,669261,L,681911,L,strikeout,True,False,28.0,0.296,11.0,39.29,1.0,3.57,0.765,0.14800000000000002,28.85,14.85,20.79,35.64,36.59,32.35,132.0,0.2,55.0,41.67,14.0,10.61,0.608,0.1129999999999999,33.49,12.74,21.47,34.21,20.21,31.98,37.0,0.121,7.0,18.92,2.0,5.41,0.406,0.091,26.56,12.78,15.04,27.82,23.81,15.91,93.0,0.279,31.0,33.33,6.0,6.45,0.7170000000000001,0.1049999999999999,35.26,18.31,12.57,30.87,30.39,26.27
745497,2024-06-04,2024,457705,R,681911,L,strikeout,True,False,69.0,0.246,17.0,24.64,9.0,13.04,0.8160000000000001,0.193,28.21,11.3,20.21,31.51,15.97,17.35,162.0,0.261,28.0,17.28,26.0,16.05,0.7929999999999999,0.1489999999999999,24.63,9.96,18.87,28.83,20.77,14.21,60.0,0.087,25.0,41.67,12.0,20.0,0.488,0.13,37.1,17.56,13.74,31.3,30.83,31.25,124.0,0.25,33.0,26.61,11.0,8.87,0.761,0.188,26.34,12.8,14.4,27.2,26.36,20.75
745497,2024-06-04,2024,660271,L,547973,L,single,False,False,87.0,0.3,19.0,21.84,6.0,6.9,0.8069999999999999,0.16200000000000003,25.49,11.4,17.84,29.24,25.44,19.59,170.0,0.245,44.0,25.88,27.0,15.88,0.897,0.287,30.62,13.88,13.59,27.47,31.74,23.04,30.0,0.263,6.0,20.0,11.0,36.67,0.954,0.15799999999999997,34.21,10.24,20.47,30.71,15.07,20.69,50.0,0.243,17.0,34.0,10.0,20.0,0.651,0.0,44.83,18.84,17.39,36.23,23.36,28.81
745497,2024-06-04,2024,518692,L,547973,L,strikeout,True,False,97.0,0.222,16.0,16.49,10.0,10.31,0.644,0.099,22.22,11.86,11.05,22.91,31.89,12.7,218.0,0.335,40.0,18.35,15.0,6.88,1.008,0.2739999999999999,21.54,11.31,11.07,22.38,26.41,16.0,30.0,0.263,6.0,20.0,11.0,36.67,0.954,0.15799999999999997,34.21,10.24,20.47,30.71,15.07,20.69,50.0,0.243,17.0,34.0,10.0,20.0,0.651,0.0,44.83,18.84,17.39,36.23,23.36,28.81
745497,2024-06-04,2024,669257,R,547973,L,walk,False,True,61.0,0.412,5.0,8.2,9.0,14.75,1.296,0.39200000000000007,15.84,7.17,14.8,21.97,28.0,10.2,147.0,0.24,22.0,14.97,21.0,14.29,0.8,0.206,20.0,8.97,15.38,24.36,26.59,11.52,61.0,0.16,28.0,45.9,11.0,18.03,0.671,0.19999999999999998,39.83,15.93,17.97,33.9,23.57,28.57,200.0,0.161,86.0,43.0,26.0,13.0,0.534,0.103,41.53,18.67,19.04,37.71,23.68,36.29
745497,2024-06-04,2024,606192,R,547973,L,field_out,False,False,68.0,0.262,17.0,25.0,3.0,4.41,0.863,0.30699999999999994,29.55,15.85,10.57,26.42,27.93,29.82,151.0,0.287,47.0,31.13,5.0,3.31,0.817,0.223,31.76,17.57,12.52,30.09,36.59,25.41,61.0,0.16,28.0,45.9,11.0,18.03,0.671,0.19999999999999998,39.83,15.93,17.97,33.9,23.57,28.57,200.0,0.161,86.0,43.0,26.0,13.0,0.534,0.103,41.53,18.67,19.04,37.71,23.68,36.29
745497,2024-06-04,2024,681624,R,547973,L,strikeout,True,False,40.0,0.368,11.0,27.5,1.0,2.5,0.875,0.132,23.26,12.05,15.66,27.71,36.59,19.64,,,,,,,,,,,,,,,61.0,0.16,28.0,45.9,11.0,18.03,0.671,0.19999999999999998,39.83,15.93,17.97,33.9,23.57,28.57,200.0,0.161,86.0,43.0,26.0,13.0,0.534,0.103,41.53,18.67,19.04,37.71,23.68,36.29
745497,2024-06-04,2024,668804,L,670990,R,strikeout,True,False,177.0,0.232,35.0,19.77,20.0,11.3,0.696,0.142,28.06,12.43,15.14,27.57,24.93,17.68,438.0,0.252,94.0,21.46,45.0,10.27,0.821,0.2309999999999999,28.75,13.22,13.73,26.95,24.9,18.49,35.0,0.233,11.0,31.43,3.0,8.57,0.676,0.1,36.54,13.48,18.44,31.91,21.52,34.38,74.0,0.311,12.0,16.22,8.0,10.81,0.907,0.1639999999999999,19.44,7.24,20.0,27.24,18.59,17.14
745497,2024-06-04,2024,656582,R,670990,R,field_out,False,False,127.0,0.265,27.0,21.26,12.0,9.45,0.744,0.133,24.52,10.67,19.46,30.13,24.46,20.15,279.0,0.235,70.0,25.09,27.0,9.68,0.72,0.166,22.25,8.9,20.93,29.83,20.67,18.23,57.0,0.261,7.0,12.28,5.0,8.77,0.756,0.10899999999999999,21.69,8.49,20.28,28.77,22.12,15.56,102.0,0.233,23.0,22.55,9.0,8.82,0.6220000000000001,0.046,21.23,8.86,20.05,28.9,26.96,16.08
745497,2024-06-04,2024,665833,L,670990,R,field_out,False,False,159.0,0.301,53.0,33.33,13.0,8.18,0.865,0.20600000000000002,35.55,16.31,19.51,35.82,36.18,24.54,33.0,0.185,7.0,21.21,5.0,15.15,0.636,0.148,27.69,13.14,15.33,28.47,34.25,17.95,35.0,0.233,11.0,31.43,3.0,8.57,0.676,0.1,36.54,13.48,18.44,31.91,21.52,34.38,74.0,0.311,12.0,16.22,8.0,10.81,0.907,0.1639999999999999,19.44,7.24,20.0,27.24,18.59,17.14
745497,2024-06-04,2024,666158,L,670280,R,field_out,False,False,141.0,0.223,30.0,21.28,11.0,7.8,0.599,0.092,19.51,8.62,18.49,27.11,18.08,18.18,,,,,,,,,,,,,,,50.0,0.2,12.0,24.0,4.0,8.0,0.6819999999999999,0.22199999999999998,23.76,12.37,16.49,28.87,33.71,19.35,135.0,0.22,39.0,28.89,12.0,8.89,0.606,0.0849999999999999,28.03,14.31,13.25,27.56,33.22,20.63
745497,2024-06-04,2024,500743,R,670280,R,field_out,False,False,43.0,0.275,6.0,13.95,3.0,6.98,0.751,0.14999999999999997,15.38,6.67,20.0,26.67,23.19,17.14,279.0,0.21,36.0,12.9,18.0,6.45,0.546,0.068,19.79,9.92,16.53,26.45,34.53,12.9,54.0,0.3,13.0,24.07,2.0,3.7,0.772,0.12,28.95,14.47,16.67,31.14,36.97,17.81,142.0,0.209,41.0,28.87,9.0,6.34,0.5880000000000001,0.117,37.22,20.68,12.23,32.91,35.84,22.16
745497,2024-06-04,2024,621035,R,670280,R,field_out,False,False,48.0,0.116,19.0,39.58,3.0,6.25,0.348,0.024000000000000007,32.18,15.38,15.38,30.77,24.14,38.0,224.0,0.255,66.0,29.46,22.0,9.82,0.712,0.125,33.11,15.94,15.09,31.03,23.37,20.82,54.0,0.3,13.0,24.07,2.0,3.7,0.772,0.12,28.95,14.47,16.67,31.14,36.97,17.81,142.0,0.209,41.0,28.87,9.0,6.34,0.5880000000000001,0.117,37.22,20.68,12.23,32.91,35.84,22.16
746224,2024-06-04,2024,595777,R,542881,L,field_out,False,False,76.0,0.333,7.0,9.21,9.0,11.84,0.9430000000000001,0.197,16.67,7.43,15.88,23.31,24.31,6.9,147.0,0.275,22.0,14.97,13.0,8.84,0.774,0.1519999999999999,15.44,6.84,17.44,24.27,22.81,13.33,218.0,0.219,33.0,15.14,22.0,10.09,0.6599999999999999,0.143,26.28,12.92,15.81,28.73,32.23,16.58,491.0,0.266,93.0,18.94,44.0,8.96,0.783,0.181,28.26,14.37,13.47,27.84,30.37,16.52
746224,2024-06-04,2024,665487,R,542881,L,strikeout,True,False,84.0,0.215,19.0,22.62,17.0,20.24,0.685,0.07699999999999999,25.0,10.2,15.16,25.36,18.13,17.12,146.0,0.305,27.0,18.49,16.0,10.96,0.915,0.226,26.9,13.07,10.55,23.62,26.91,14.44,218.0,0.219,33.0,15.14,22.0,10.09,0.6599999999999999,0.143,26.28,12.92,15.81,28.73,32.23,16.58,491.0,0.266,93.0,18.94,44.0,8.96,0.783,0.181,28.26,14.37,13.47,27.84,30.37,16.52
746224,2024-06-04,2024,592518,R,542881,L,home_run,False,False,67.0,0.186,16.0,23.88,8.0,11.94,0.657,0.187,29.2,13.36,14.17,27.53,25.38,21.74,150.0,0.308,26.0,17.33,14.0,9.33,0.887,0.203,21.32,9.67,16.52,26.19,28.38,16.56,218.0,0.219,33.0,15.14,22.0,10.09,0.6599999999999999,0.143,26.28,12.92,15.81,28.73,32.23,16.58,491.0,0.266,93.0,18.94,44.0,8.96,0.783,0.181,28.26,14.37,13.47,27.84,30.37,16.52
746224,2024-06-04,2024,456781,R,542881,L,field_out,False,False,37.0,0.382,4.0,10.81,3.0,8.11,0.9610000000000001,0.14700000000000002,18.31,7.83,21.08,28.92,25.3,7.69,153.0,0.286,32.0,20.92,11.0,7.19,0.746,0.114,24.12,11.77,18.21,29.98,32.04,14.35,218.0,0.219,33.0,15.14,22.0,10.09,0.6599999999999999,0.143,26.28,12.92,15.81,28.73,32.23,16.58,491.0,0.266,93.0,18.94,44.0,8.96,0.783,0.181,28.26,14.37,13.47,27.84,30.37,16.52
746224,2024-06-04,2024,694384,L,663362,R,strikeout,True,False,167.0,0.216,30.0,17.96,10.0,5.99,0.5780000000000001,0.08499999999999999,15.52,6.64,22.38,29.01,26.17,14.57,104.0,0.291,15.0,14.42,14.0,13.46,0.7569999999999999,0.0579999999999999,18.78,8.02,17.92,25.94,20.47,11.45,135.0,0.306,32.0,23.7,11.0,8.15,0.872,0.198,19.31,8.38,19.74,28.12,24.63,21.62,85.0,0.267,12.0,14.12,9.0,10.59,0.794,0.186,18.24,7.96,19.47,27.43,22.36,12.63
746224,2024-06-04,2024,650859,L,663362,R,field_out,False,False,132.0,0.275,19.0,14.39,8.0,6.06,0.726,0.125,18.88,10.15,12.1,22.25,33.06,13.97,322.0,0.24,60.0,18.63,31.0,9.63,0.7270000000000001,0.166,24.18,11.79,13.87,25.66,28.19,14.39,135.0,0.306,32.0,23.7,11.0,8.15,0.872,0.198,19.31,8.38,19.74,28.12,24.63,21.62,85.0,0.267,12.0,14.12,9.0,10.59,0.794,0.186,18.24,7.96,19.47,27.43,22.36,12.63
746224,2024-06-04,2024,621493,R,663362,R,strikeout,True,False,200.0,0.239,46.0,23.0,20.0,10.0,0.767,0.21600000000000003,22.39,9.8,18.56,28.37,18.36,20.74,295.0,0.233,61.0,20.68,27.0,9.15,0.702,0.148,23.43,10.4,15.98,26.37,23.09,17.78,135.0,0.19,32.0,23.7,8.0,5.93,0.515,0.08800000000000002,23.11,10.92,16.76,27.68,20.72,18.93,88.0,0.224,19.0,21.59,3.0,3.41,0.756,0.282,19.54,10.18,14.07,24.25,29.3,18.45
746224,2024-06-04,2024,630105,L,542881,L,field_out,False,False,74.0,0.191,13.0,17.57,5.0,6.76,0.478,0.043999999999999984,14.89,7.0,14.67,21.67,19.86,14.29,156.0,0.229,38.0,24.36,10.0,6.41,0.665,0.1349999999999999,18.48,9.0,20.1,29.1,30.82,17.84,88.0,0.143,17.0,19.32,10.0,11.36,0.5880000000000001,0.19500000000000003,24.34,11.31,14.68,25.99,26.01,20.73,140.0,0.265,26.0,18.57,20.0,14.29,0.868,0.2219999999999999,26.0,11.84,15.3,27.14,26.32,15.85
746224,2024-06-04,2024,673490,R,542881,L,double,False,False,68.0,0.217,9.0,13.24,7.0,10.29,0.716,0.19999999999999998,14.04,5.82,21.45,27.27,18.49,11.25,191.0,0.302,30.0,15.71,20.0,10.47,0.897,0.219,15.84,6.63,22.21,28.83,23.47,11.49,218.0,0.219,33.0,15.14,22.0,10.09,0.6599999999999999,0.143,26.28,12.92,15.81,28.73,32.23,16.58,491.0,0.266,93.0,18.94,44.0,8.96,0.783,0.181,28.26,14.37,13.47,27.84,30.37,16.52
746224,2024-06-04,2024,701538,L,542881,L,field_out,False,False,53.0,0.22,7.0,13.21,2.0,3.77,0.46499999999999997,0.0,21.05,11.24,15.73,26.97,30.77,15.22,,,,,,,,,,,,,,,88.0,0.143,17.0,19.32,10.0,11.36,0.5880000000000001,0.19500000000000003,24.34,11.31,14.68,25.99,26.01,20.73,140.0,0.265,26.0,18.57,20.0,14.29,0.868,0.2219999999999999,26.0,11.84,15.3,27.14,26.32,15.85
746224,2024-06-04,2024,641432,L,663362,R,field_out,False,False,89.0,0.287,12.0,13.48,1.0,1.12,0.729,0.15000000000000002,14.2,7.17,16.2,23.36,27.1,15.0,139.0,0.256,15.0,10.79,13.0,9.35,0.756,0.176,14.22,5.56,19.54,25.1,21.32,10.83,135.0,0.306,32.0,23.7,11.0,8.15,0.872,0.198,19.31,8.38,19.74,28.12,24.63,21.62,85.0,0.267,12.0,14.12,9.0,10.59,0.794,0.186,18.24,7.96,19.47,27.43,22.36,12.63
746224,2024-06-04,2024,681351,R,663362,R,field_out,False,False,149.0,0.265,36.0,24.16,10.0,6.71,0.75,0.16099999999999998,32.52,16.32,16.14,32.46,35.31,18.23,154.0,0.22,38.0,24.68,9.0,5.84,0.757,0.262,32.06,17.0,13.8,30.81,36.07,19.69,135.0,0.19,32.0,23.7,8.0,5.93,0.515,0.08800000000000002,23.11,10.92,16.76,27.68,20.72,18.93,88.0,0.224,19.0,21.59,3.0,3.41,0.756,0.282,19.54,10.18,14.07,24.25,29.3,18.45
746224,2024-06-04,2024,666160,L,663362,R,field_out,False,False,133.0,0.173,36.0,27.07,6.0,4.51,0.46299999999999997,0.07900000000000001,28.29,16.32,11.39,27.7,36.74,20.93,259.0,0.293,93.0,35.91,7.0,2.7,0.8620000000000001,0.249,38.62,24.01,9.43,33.44,46.84,30.07,135.0,0.306,32.0,23.7,11.0,8.15,0.872,0.198,19.31,8.38,19.74,28.12,24.63,21.62,85.0,0.267,12.0,14.12,9.0,10.59,0.794,0.186,18.24,7.96,19.47,27.43,22.36,12.63
746224,2024-06-04,2024,640492,R,542881,L,field_out,False,False,39.0,0.222,9.0,23.08,2.0,5.13,0.513,0.027999999999999997,29.47,19.18,7.53,26.71,51.25,16.67,54.0,0.184,12.0,22.22,1.0,1.85,0.481,0.081,22.12,13.74,10.44,24.18,49.0,21.82,218.0,0.219,33.0,15.14,22.0,10.09,0.6599999999999999,0.143,26.28,12.92,15.81,28.73,32.23,16.58,491.0,0.266,93.0,18.94,44.0,8.96,0.783,0.181,28.26,14.37,13.47,27.84,30.37,16.52
746224,2024-06-04,2024,543309,R,542881,L,field_out,False,False,25.0,0.125,10.0,40.0,1.0,4.0,0.41000000000000003,0.125,33.33,17.53,17.53,35.05,34.04,29.41,69.0,0.242,21.0,30.43,2.0,2.9,0.776,0.273,28.06,14.13,16.67,30.8,33.33,22.83,218.0,0.219,33.0,15.14,22.0,10.09,0.6599999999999999,0.143,26.28,12.92,15.81,28.73,32.23,16.58,491.0,0.266,93.0,18.94,44.0,8.96,0.783,0.181,28.26,14.37,13.47,27.84,30.37,16.52
746224,2024-06-04,2024,595777,R,542881,L,single,False,False,76.0,0.333,7.0,9.21,9.0,11.84,0.9430000000000001,0.197,16.67,7.43,15.88,23.31,24.31,6.9,147.0,0.275,22.0,14.97,13.0,8.84,0.774,0.1519999999999999,15.44,6.84,17.44,24.27,22.81,13.33,218.0,0.219,33.0,15.14,22.0,10.09,0.6599999999999999,0.143,26.28,12.92,15.81,28.73,32.23,16.58,491.0,0.266,93.0,18.94,44.0,8.96,0.783,0.181,28.26,14.37,13.47,27.84,30.37,16.52
746224,2024-06-04,2024,665487,R,542881,L,force_out,False,False,84.0,0.215,19.0,22.62,17.0,20.24,0.685,0.07699999999999999,25.0,10.2,15.16,25.36,18.13,17.12,146.0,0.305,27.0,18.49,16.0,10.96,0.915,0.226,26.9,13.07,10.55,23.62,26.91,14.44,218.0,0.219,33.0,15.14,22.0,10.09,0.6599999999999999,0.143,26.28,12.92,15.81,28.73,32.23,16.58,491.0,0.266,93.0,18.94,44.0,8.96,0.783,0.181,28.26,14.37,13.47,27.84,30.37,16.52
746224,2024-06-04,2024,666176,R,663362,R,field_error,False,False,131.0,0.171,44.0,33.59,8.0,6.11,0.563,0.154,31.32,15.2,14.65,29.85,30.14,22.45,43.0,0.205,18.0,41.86,4.0,9.3,0.7150000000000001,0.231,40.66,20.67,14.53,35.2,30.34,25.35,135.0,0.19,32.0,23.7,8.0,5.93,0.515,0.08800000000000002,23.11,10.92,16.76,27.68,20.72,18.93,88.0,0.224,19.0,21.59,3.0,3.41,0.756,0.282,19.54,10.18,14.07,24.25,29.3,18.45
746224,2024-06-04,2024,687263,R,663362,R,field_out,False,False,176.0,0.202,43.0,24.43,12.0,6.82,0.611,0.14799999999999996,28.36,14.53,15.14,29.66,33.14,22.16,262.0,0.222,62.0,23.66,18.0,6.87,0.6599999999999999,0.1349999999999999,28.77,13.7,16.19,29.89,23.52,18.84,135.0,0.19,32.0,23.7,8.0,5.93,0.515,0.08800000000000002,23.11,10.92,16.76,27.68,20.72,18.93,88.0,0.224,19.0,21.59,3.0,3.41,0.756,0.282,19.54,10.18,14.07,24.25,29.3,18.45
746224,2024-06-04,2024,677347,R,663362,R,grounded_into_double_play,False,False,31.0,0.16,10.0,32.26,6.0,19.35,0.643,0.16,33.33,12.0,21.6,33.6,18.31,27.03,33.0,0.103,13.0,39.39,3.0,9.09,0.291,0.0,37.88,18.25,16.06,34.31,27.27,24.53,135.0,0.19,32.0,23.7,8.0,5.93,0.515,0.08800000000000002,23.11,10.92,16.76,27.68,20.72,18.93,88.0,0.224,19.0,21.59,3.0,3.41,0.756,0.282,19.54,10.18,14.07,24.25,29.3,18.45
746224,2024-06-04,2024,592518,R,542881,L,field_out,False,False,67.0,0.186,16.0,23.88,8.0,11.94,0.657,0.187,29.2,13.36,14.17,27.53,25.38,21.74,150.0,0.308,26.0,17.33,14.0,9.33,0.887,0.203,21.32,9.67,16.52,26.19,28.38,16.56,218.0,0.219,33.0,15.14,22.0,10.09,0.6599999999999999,0.143,26.28,12.92,15.81,28.73,32.23,16.58,491.0,0.266,93.0,18.94,44.0,8.96,0.783,0.181,28.26,14.37,13.47,27.84,30.37,16.52
746224,2024-06-04,2024,456781,R,542881,L,field_out,False,False,37.0,0.382,4.0,10.81,3.0,8.11,0.9610000000000001,0.14700000000000002,18.31,7.83,21.08,28.92,25.3,7.69,153.0,0.286,32.0,20.92,11.0,7.19,0.746,0.114,24.12,11.77,18.21,29.98,32.04,14.35,218.0,0.219,33.0,15.14,22.0,10.09,0.6599999999999999,0.143,26.28,12.92,15.81,28.73,32.23,16.58,491.0,0.266,93.0,18.94,44.0,8.96,0.783,0.181,28.26,14.37,13.47,27.84,30.37,16.52
746224,2024-06-04,2024,630105,L,542881,L,field_out,False,False,74.0,0.191,13.0,17.57,5.0,6.76,0.478,0.043999999999999984,14.89,7.0,14.67,21.67,19.86,14.29,156.0,0.229,38.0,24.36,10.0,6.41,0.665,0.1349999999999999,18.48,9.0,20.1,29.1,30.82,17.84,88.0,0.143,17.0,19.32,10.0,11.36,0.5880000000000001,0.19500000000000003,24.34,11.31,14.68,25.99,26.01,20.73,140.0,0.265,26.0,18.57,20.0,14.29,0.868,0.2219999999999999,26.0,11.84,15.3,27.14,26.32,15.85
746224,2024-06-04,2024,694384,L,663362,R,field_out,False,False,167.0,0.216,30.0,17.96,10.0,5.99,0.5780000000000001,0.08499999999999999,15.52,6.64,22.38,29.01,26.17,14.57,104.0,0.291,15.0,14.42,14.0,13.46,0.7569999999999999,0.0579999999999999,18.78,8.02,17.92,25.94,20.47,11.45,135.0,0.306,32.0,23.7,11.0,8.15,0.872,0.198,19.31,8.38,19.74,28.12,24.63,21.62,85.0,0.267,12.0,14.12,9.0,10.59,0.794,0.186,18.24,7.96,19.47,27.43,22.36,12.63
746224,2024-06-04,2024,650859,L,663362,R,single,False,False,132.0,0.275,19.0,14.39,8.0,6.06,0.726,0.125,18.88,10.15,12.1,22.25,33.06,13.97,322.0,0.24,60.0,18.63,31.0,9.63,0.7270000000000001,0.166,24.18,11.79,13.87,25.66,28.19,14.39,135.0,0.306,32.0,23.7,11.0,8.15,0.872,0.198,19.31,8.38,19.74,28.12,24.63,21.62,85.0,0.267,12.0,14.12,9.0,10.59,0.794,0.186,18.24,7.96,19.47,27.43,22.36,12.63
746224,2024-06-04,2024,621493,R,663362,R,field_out,False,False,200.0,0.239,46.0,23.0,20.0,10.0,0.767,0.21600000000000003,22.39,9.8,18.56,28.37,18.36,20.74,295.0,0.233,61.0,20.68,27.0,9.15,0.702,0.148,23.43,10.4,15.98,26.37,23.09,17.78,135.0,0.19,32.0,23.7,8.0,5.93,0.515,0.08800000000000002,23.11,10.92,16.76,27.68,20.72,18.93,88.0,0.224,19.0,21.59,3.0,3.41,0.756,0.282,19.54,10.18,14.07,24.25,29.3,18.45
746224,2024-06-04,2024,641432,L,663362,R,single,False,False,89.0,0.287,12.0,13.48,1.0,1.12,0.729,0.15000000000000002,14.2,7.17,16.2,23.36,27.1,15.0,139.0,0.256,15.0,10.79,13.0,9.35,0.756,0.176,14.22,5.56,19.54,25.1,21.32,10.83,135.0,0.306,32.0,23.7,11.0,8.15,0.872,0.198,19.31,8.38,19.74,28.12,24.63,21.62,85.0,0.267,12.0,14.12,9.0,10.59,0.794,0.186,18.24,7.96,19.47,27.43,22.36,12.63
746224,2024-06-04,2024,681351,R,663362,R,field_out,False,False,149.0,0.265,36.0,24.16,10.0,6.71,0.75,0.16099999999999998,32.52,16.32,16.14,32.46,35.31,18.23,154.0,0.22,38.0,24.68,9.0,5.84,0.757,0.262,32.06,17.0,13.8,30.81,36.07,19.69,135.0,0.19,32.0,23.7,8.0,5.93,0.515,0.08800000000000002,23.11,10.92,16.76,27.68,20.72,18.93,88.0,0.224,19.0,21.59,3.0,3.41,0.756,0.282,19.54,10.18,14.07,24.25,29.3,18.45
746224,2024-06-04,2024,673490,R,542881,L,field_out,False,False,68.0,0.217,9.0,13.24,7.0,10.29,0.716,0.19999999999999998,14.04,5.82,21.45,27.27,18.49,11.25,191.0,0.302,30.0,15.71,20.0,10.47,0.897,0.219,15.84,6.63,22.21,28.83,23.47,11.49,218.0,0.219,33.0,15.14,22.0,10.09,0.6599999999999999,0.143,26.28,12.92,15.81,28.73,32.23,16.58,491.0,0.266,93.0,18.94,44.0,8.96,0.783,0.181,28.26,14.37,13.47,27.84,30.37,16.52
746224,2024-06-04,2024,701538,L,542881,L,strikeout,True,False,53.0,0.22,7.0,13.21,2.0,3.77,0.46499999999999997,0.0,21.05,11.24,15.73,26.97,30.77,15.22,,,,,,,,,,,,,,,88.0,0.143,17.0,19.32,10.0,11.36,0.5880000000000001,0.19500000000000003,24.34,11.31,14.68,25.99,26.01,20.73,140.0,0.265,26.0,18.57,20.0,14.29,0.868,0.2219999999999999,26.0,11.84,15.3,27.14,26.32,15.85
746224,2024-06-04,2024,640492,R,542881,L,field_out,False,False,39.0,0.222,9.0,23.08,2.0,5.13,0.513,0.027999999999999997,29.47,19.18,7.53,26.71,51.25,16.67,54.0,0.184,12.0,22.22,1.0,1.85,0.481,0.081,22.12,13.74,10.44,24.18,49.0,21.82,218.0,0.219,33.0,15.14,22.0,10.09,0.6599999999999999,0.143,26.28,12.92,15.81,28.73,32.23,16.58,491.0,0.266,93.0,18.94,44.0,8.96,0.783,0.181,28.26,14.37,13.47,27.84,30.37,16.52
746224,2024-06-04,2024,666160,L,663362,R,field_out,False,False,133.0,0.173,36.0,27.07,6.0,4.51,0.46299999999999997,0.07900000000000001,28.29,16.32,11.39,27.7,36.74,20.93,259.0,0.293,93.0,35.91,7.0,2.7,0.8620000000000001,0.249,38.62,24.01,9.43,33.44,46.84,30.07,135.0,0.306,32.0,23.7,11.0,8.15,0.872,0.198,19.31,8.38,19.74,28.12,24.63,21.62,85.0,0.267,12.0,14.12,9.0,10.59,0.794,0.186,18.24,7.96,19.47,27.43,22.36,12.63
746224,2024-06-04,2024,666176,R,663362,R,field_out,False,False,131.0,0.171,44.0,33.59,8.0,6.11,0.563,0.154,31.32,15.2,14.65,29.85,30.14,22.45,43.0,0.205,18.0,41.86,4.0,9.3,0.7150000000000001,0.231,40.66,20.67,14.53,35.2,30.34,25.35,135.0,0.19,32.0,23.7,8.0,5.93,0.515,0.08800000000000002,23.11,10.92,16.76,27.68,20.72,18.93,88.0,0.224,19.0,21.59,3.0,3.41,0.756,0.282,19.54,10.18,14.07,24.25,29.3,18.45
746224,2024-06-04,2024,687263,R,663362,R,field_out,False,False,176.0,0.202,43.0,24.43,12.0,6.82,0.611,0.14799999999999996,28.36,14.53,15.14,29.66,33.14,22.16,262.0,0.222,62.0,23.66,18.0,6.87,0.6599999999999999,0.1349999999999999,28.77,13.7,16.19,29.89,23.52,18.84,135.0,0.19,32.0,23.7,8.0,5.93,0.515,0.08800000000000002,23.11,10.92,16.76,27.68,20.72,18.93,88.0,0.224,19.0,21.59,3.0,3.41,0.756,0.282,19.54,10.18,14.07,24.25,29.3,18.45
746224,2024-06-04,2024,543309,R,542881,L,field_out,False,False,25.0,0.125,10.0,40.0,1.0,4.0,0.41000000000000003,0.125,33.33,17.53,17.53,35.05,34.04,29.41,69.0,0.242,21.0,30.43,2.0,2.9,0.776,0.273,28.06,14.13,16.67,30.8,33.33,22.83,218.0,0.219,33.0,15.14,22.0,10.09,0.6599999999999999,0.143,26.28,12.92,15.81,28.73,32.23,16.58,491.0,0.266,93.0,18.94,44.0,8.96,0.783,0.181,28.26,14.37,13.47,27.84,30.37,16.52
746224,2024-06-04,2024,595777,R,542881,L,walk,False,True,76.0,0.333,7.0,9.21,9.0,11.84,0.9430000000000001,0.197,16.67,7.43,15.88,23.31,24.31,6.9,147.0,0.275,22.0,14.97,13.0,8.84,0.774,0.1519999999999999,15.44,6.84,17.44,24.27,22.81,13.33,218.0,0.219,33.0,15.14,22.0,10.09,0.6599999999999999,0.143,26.28,12.92,15.81,28.73,32.23,16.58,491.0,0.266,93.0,18.94,44.0,8.96,0.783,0.181,28.26,14.37,13.47,27.84,30.37,16.52
746224,2024-06-04,2024,665487,R,542881,L,double,False,False,84.0,0.215,19.0,22.62,17.0,20.24,0.685,0.07699999999999999,25.0,10.2,15.16,25.36,18.13,17.12,146.0,0.305,27.0,18.49,16.0,10.96,0.915,0.226,26.9,13.07,10.55,23.62,26.91,14.44,218.0,0.219,33.0,15.14,22.0,10.09,0.6599999999999999,0.143,26.28,12.92,15.81,28.73,32.23,16.58,491.0,0.266,93.0,18.94,44.0,8.96,0.783,0.181,28.26,14.37,13.47,27.84,30.37,16.52
746224,2024-06-04,2024,592518,R,542881,L,intent_walk,False,True,67.0,0.186,16.0,23.88,8.0,11.94,0.657,0.187,29.2,13.36,14.17,27.53,25.38,21.74,150.0,0.308,26.0,17.33,14.0,9.33,0.887,0.203,21.32,9.67,16.52,26.19,28.38,16.56,218.0,0.219,33.0,15.14,22.0,10.09,0.6599999999999999,0.143,26.28,12.92,15.81,28.73,32.23,16.58,491.0,0.266,93.0,18.94,44.0,8.96,0.783,0.181,28.26,14.37,13.47,27.84,30.37,16.52
746224,2024-06-04,2024,456781,R,542881,L,field_out,False,False,37.0,0.382,4.0,10.81,3.0,8.11,0.9610000000000001,0.14700000000000002,18.31,7.83,21.08,28.92,25.3,7.69,153.0,0.286,32.0,20.92,11.0,7.19,0.746,0.114,24.12,11.77,18.21,29.98,32.04,14.35,218.0,0.219,33.0,15.14,22.0,10.09,0.6599999999999999,0.143,26.28,12.92,15.81,28.73,32.23,16.58,491.0,0.266,93.0,18.94,44.0,8.96,0.783,0.181,28.26,14.37,13.47,27.84,30.37,16.52
746224,2024-06-04,2024,677347,R,663362,R,strikeout,True,False,31.0,0.16,10.0,32.26,6.0,19.35,0.643,0.16,33.33,12.0,21.6,33.6,18.31,27.03,33.0,0.103,13.0,39.39,3.0,9.09,0.291,0.0,37.88,18.25,16.06,34.31,27.27,24.53,135.0,0.19,32.0,23.7,8.0,5.93,0.515,0.08800000000000002,23.11,10.92,16.76,27.68,20.72,18.93,88.0,0.224,19.0,21.59,3.0,3.41,0.756,0.282,19.54,10.18,14.07,24.25,29.3,18.45
746224,2024-06-04,2024,694384,L,663362,R,strikeout,True,False,167.0,0.216,30.0,17.96,10.0,5.99,0.5780000000000001,0.08499999999999999,15.52,6.64,22.38,29.01,26.17,14.57,104.0,0.291,15.0,14.42,14.0,13.46,0.7569999999999999,0.0579999999999999,18.78,8.02,17.92,25.94,20.47,11.45,135.0,0.306,32.0,23.7,11.0,8.15,0.872,0.198,19.31,8.38,19.74,28.12,24.63,21.62,85.0,0.267,12.0,14.12,9.0,10.59,0.794,0.186,18.24,7.96,19.47,27.43,22.36,12.63
746224,2024-06-04,2024,650859,L,663362,R,field_out,False,False,132.0,0.275,19.0,14.39,8.0,6.06,0.726,0.125,18.88,10.15,12.1,22.25,33.06,13.97,322.0,0.24,60.0,18.63,31.0,9.63,0.7270000000000001,0.166,24.18,11.79,13.87,25.66,28.19,14.39,135.0,0.306,32.0,23.7,11.0,8.15,0.872,0.198,19.31,8.38,19.74,28.12,24.63,21.62,85.0,0.267,12.0,14.12,9.0,10.59,0.794,0.186,18.24,7.96,19.47,27.43,22.36,12.63
746224,2024-06-04,2024,630105,L,542881,L,field_out,False,False,74.0,0.191,13.0,17.57,5.0,6.76,0.478,0.043999999999999984,14.89,7.0,14.67,21.67,19.86,14.29,156.0,0.229,38.0,24.36,10.0,6.41,0.665,0.1349999999999999,18.48,9.0,20.1,29.1,30.82,17.84,88.0,0.143,17.0,19.32,10.0,11.36,0.5880000000000001,0.19500000000000003,24.34,11.31,14.68,25.99,26.01,20.73,140.0,0.265,26.0,18.57,20.0,14.29,0.868,0.2219999999999999,26.0,11.84,15.3,27.14,26.32,15.85
746224,2024-06-04,2024,673490,R,542881,L,double,False,False,68.0,0.217,9.0,13.24,7.0,10.29,0.716,0.19999999999999998,14.04,5.82,21.45,27.27,18.49,11.25,191.0,0.302,30.0,15.71,20.0,10.47,0.897,0.219,15.84,6.63,22.21,28.83,23.47,11.49,218.0,0.219,33.0,15.14,22.0,10.09,0.6599999999999999,0.143,26.28,12.92,15.81,28.73,32.23,16.58,491.0,0.266,93.0,18.94,44.0,8.96,0.783,0.181,28.26,14.37,13.47,27.84,30.37,16.52
746224,2024-06-04,2024,701538,L,542881,L,field_out,False,False,53.0,0.22,7.0,13.21,2.0,3.77,0.46499999999999997,0.0,21.05,11.24,15.73,26.97,30.77,15.22,,,,,,,,,,,,,,,88.0,0.143,17.0,19.32,10.0,11.36,0.5880000000000001,0.19500000000000003,24.34,11.31,14.68,25.99,26.01,20.73,140.0,0.265,26.0,18.57,20.0,14.29,0.868,0.2219999999999999,26.0,11.84,15.3,27.14,26.32,15.85
746224,2024-06-04,2024,640492,R,542881,L,walk,False,True,39.0,0.222,9.0,23.08,2.0,5.13,0.513,0.027999999999999997,29.47,19.18,7.53,26.71,51.25,16.67,54.0,0.184,12.0,22.22,1.0,1.85,0.481,0.081,22.12,13.74,10.44,24.18,49.0,21.82,218.0,0.219,33.0,15.14,22.0,10.09,0.6599999999999999,0.143,26.28,12.92,15.81,28.73,32.23,16.58,491.0,0.266,93.0,18.94,44.0,8.96,0.783,0.181,28.26,14.37,13.47,27.84,30.37,16.52
746224,2024-06-04,2024,444482,L,519326,R,field_out,False,False,18.0,0.188,7.0,38.89,1.0,5.56,0.423,0.0,39.02,22.86,11.43,34.29,50.0,24.0,387.0,0.253,63.0,16.28,19.0,4.91,0.6739999999999999,0.131,22.16,12.01,13.06,25.07,33.57,15.04,31.0,0.143,5.0,16.13,3.0,9.68,0.44,0.07100000000000001,15.38,6.15,20.77,26.92,16.92,17.24,,,,,,,,,,,,,,
746224,2024-06-04,2024,621493,R,663362,R,field_out,False,False,200.0,0.239,46.0,23.0,20.0,10.0,0.767,0.21600000000000003,22.39,9.8,18.56,28.37,18.36,20.74,295.0,0.233,61.0,20.68,27.0,9.15,0.702,0.148,23.43,10.4,15.98,26.37,23.09,17.78,135.0,0.19,32.0,23.7,8.0,5.93,0.515,0.08800000000000002,23.11,10.92,16.76,27.68,20.72,18.93,88.0,0.224,19.0,21.59,3.0,3.41,0.756,0.282,19.54,10.18,14.07,24.25,29.3,18.45
746224,2024-06-04,2024,641432,L,670970,L,single,False,False,19.0,0.278,1.0,5.26,1.0,5.26,0.5940000000000001,0.0,12.9,6.56,14.75,21.31,34.48,7.69,10.0,0.0,5.0,50.0,1.0,10.0,0.1,0.0,31.58,13.33,13.33,26.67,32.14,29.41,37.0,0.125,16.0,43.24,3.0,8.11,0.345,0.031,36.62,17.22,17.88,35.1,27.94,28.57,18.0,0.267,5.0,27.78,2.0,11.11,0.753,0.133,20.0,8.82,19.12,27.94,20.0,23.81
746224,2024-06-04,2024,681351,R,670970,L,field_out,False,False,46.0,0.186,13.0,28.26,3.0,6.52,0.588,0.16299999999999998,26.88,12.95,15.54,28.5,28.28,19.4,46.0,0.293,10.0,21.74,5.0,10.87,0.931,0.268,32.47,14.79,15.38,30.18,27.27,22.73,58.0,0.286,13.0,22.41,2.0,3.45,0.739,0.14300000000000002,31.09,17.45,13.21,30.66,39.05,20.63,26.0,0.435,3.0,11.54,3.0,11.54,1.152,0.217,15.0,6.38,15.96,22.34,15.22,15.79
746224,2024-06-04,2024,607680,R,670970,L,field_out,False,False,46.0,0.405,8.0,17.39,3.0,6.52,1.171,0.30899999999999994,24.18,11.76,13.9,25.67,32.67,15.38,111.0,0.25,28.0,25.23,2.0,1.8,0.733,0.2219999999999999,28.46,16.17,12.7,28.87,40.87,21.05,58.0,0.286,13.0,22.41,2.0,3.45,0.739,0.14300000000000002,31.09,17.45,13.21,30.66,39.05,20.63,26.0,0.435,3.0,11.54,3.0,11.54,1.152,0.217,15.0,6.38,15.96,22.34,15.22,15.79
746224,2024-06-04,2024,595777,L,519326,R,double,False,False,169.0,0.333,26.0,15.38,22.0,13.02,0.921,0.15599999999999997,17.89,8.18,14.16,22.34,23.43,12.25,375.0,0.229,68.0,18.13,37.0,9.87,0.6559999999999999,0.1159999999999999,21.66,10.43,14.17,24.61,26.12,14.59,31.0,0.143,5.0,16.13,3.0,9.68,0.44,0.07100000000000001,15.38,6.15,20.77,26.92,16.92,17.24,,,,,,,,,,,,,,
746224,2024-06-04,2024,665487,R,519326,R,field_out,False,False,182.0,0.273,37.0,20.33,8.0,4.4,0.796,0.21499999999999997,26.87,14.71,11.93,26.63,32.45,24.67,489.0,0.244,114.0,23.31,37.0,7.57,0.728,0.181,31.62,17.66,8.94,26.61,34.25,23.98,65.0,0.19,16.0,24.62,2.0,3.08,0.517,0.11199999999999999,25.19,12.94,14.51,27.45,29.36,20.25,,,,,,,,,,,,,,
746224,2024-06-04,2024,592518,R,519326,R,intent_walk,False,True,168.0,0.268,36.0,21.43,10.0,5.95,0.6739999999999999,0.09499999999999997,25.55,12.72,14.29,27.0,27.78,20.57,452.0,0.241,83.0,18.36,36.0,7.96,0.747,0.205,24.68,12.42,14.05,26.47,29.58,16.9,65.0,0.19,16.0,24.62,2.0,3.08,0.517,0.11199999999999999,25.19,12.94,14.51,27.45,29.36,20.25,,,,,,,,,,,,,,
746224,2024-06-04,2024,456781,R,519326,R,field_out,False,False,20.0,0.353,3.0,15.0,1.0,5.0,0.862,0.059,10.0,3.75,23.75,27.5,16.22,12.0,297.0,0.28,68.0,22.9,29.0,9.76,0.766,0.1059999999999999,26.06,12.14,17.61,29.74,28.81,17.48,65.0,0.19,16.0,24.62,2.0,3.08,0.517,0.11199999999999999,25.19,12.94,14.51,27.45,29.36,20.25,,,,,,,,,,,,,,
746224,2024-06-04,2024,630105,L,519326,R,field_out,False,False,174.0,0.275,28.0,16.09,15.0,8.62,0.857,0.241,17.65,8.18,16.93,25.11,23.67,13.15,367.0,0.23,59.0,16.08,36.0,9.81,0.7,0.154,14.92,6.99,16.69,23.68,24.61,14.08,31.0,0.143,5.0,16.13,3.0,9.68,0.44,0.07100000000000001,15.38,6.15,20.77,26.92,16.92,17.24,,,,,,,,,,,,,,
746224,2024-06-04,2024,666176,R,670970,L,double,False,False,42.0,0.3,9.0,21.43,2.0,4.76,1.183,0.55,34.69,18.89,8.89,27.78,31.96,15.52,19.0,0.211,7.0,36.84,0.0,0.0,0.6849999999999999,0.263,34.09,18.29,13.41,31.71,34.21,21.88,58.0,0.286,13.0,22.41,2.0,3.45,0.739,0.14300000000000002,31.09,17.45,13.21,30.66,39.05,20.63,26.0,0.435,3.0,11.54,3.0,11.54,1.152,0.217,15.0,6.38,15.96,22.34,15.22,15.79
746224,2024-06-04,2024,687263,R,670970,L,field_out,False,False,37.0,0.444,9.0,24.32,1.0,2.7,1.07,0.16699999999999998,26.19,15.07,11.64,26.71,38.24,17.31,67.0,0.237,15.0,22.39,2.0,2.99,0.786,0.221,28.57,13.88,15.92,29.8,31.5,25.42,58.0,0.286,13.0,22.41,2.0,3.45,0.739,0.14300000000000002,31.09,17.45,13.21,30.66,39.05,20.63,26.0,0.435,3.0,11.54,3.0,11.54,1.152,0.217,15.0,6.38,15.96,22.34,15.22,15.79
746224,2024-06-04,2024,641645,L,669093,R,sac_fly,False,False,59.0,0.264,12.0,20.34,5.0,8.47,0.6799999999999999,0.09399999999999997,23.15,10.82,17.32,28.14,26.36,17.65,96.0,0.218,19.0,19.79,8.0,8.33,0.591,0.092,15.23,6.02,21.47,27.49,22.05,19.79,24.0,0.0,14.0,58.33,0.0,0.0,0.0,0.0,38.46,21.28,15.96,37.23,39.02,42.42,22.0,0.235,4.0,18.18,5.0,22.73,0.762,0.118,19.51,9.09,13.64,22.73,23.08,12.9
746224,2024-06-04,2024,694384,L,669093,R,field_out,False,False,167.0,0.216,30.0,17.96,10.0,5.99,0.5780000000000001,0.08499999999999999,15.52,6.64,22.38,29.01,26.17,14.57,104.0,0.291,15.0,14.42,14.0,13.46,0.7569999999999999,0.0579999999999999,18.78,8.02,17.92,25.94,20.47,11.45,24.0,0.0,14.0,58.33,0.0,0.0,0.0,0.0,38.46,21.28,15.96,37.23,39.02,42.42,22.0,0.235,4.0,18.18,5.0,22.73,0.762,0.118,19.51,9.09,13.64,22.73,23.08,12.9
746224,2024-06-04,2024,673490,R,608032,R,strikeout,True,False,169.0,0.243,32.0,18.93,24.0,14.2,0.758,0.16000000000000003,18.22,6.53,24.31,30.83,18.05,13.73,435.0,0.241,94.0,21.61,55.0,12.64,0.681,0.1,18.8,7.03,23.65,30.68,19.23,15.59,35.0,0.265,8.0,22.86,0.0,0.0,0.786,0.264,25.76,13.28,20.31,33.59,29.63,21.05,149.0,0.242,47.0,31.54,12.0,8.05,0.665,0.099,29.14,14.99,16.01,31.01,31.39,23.27
746224,2024-06-04,2024,701538,L,608032,R,field_out,False,False,146.0,0.294,23.0,15.75,9.0,6.16,0.7350000000000001,0.10300000000000004,17.83,9.62,13.96,23.58,36.6,13.61,,,,,,,,,,,,,,,37.0,0.235,10.0,27.03,3.0,8.11,0.679,0.14700000000000002,25.76,10.69,19.5,30.19,19.12,23.26,132.0,0.268,31.0,23.48,19.0,14.39,0.808,0.1609999999999999,25.8,13.01,12.66,25.67,22.18,16.85
746224,2024-06-04,2024,642180,L,608032,R,field_out,False,False,76.0,0.227,17.0,22.37,7.0,9.21,0.569,0.031,22.22,9.19,19.43,28.62,23.57,26.56,48.0,0.283,12.0,25.0,2.0,4.17,0.6599999999999999,0.065,24.1,10.93,22.4,33.33,28.95,20.0,37.0,0.235,10.0,27.03,3.0,8.11,0.679,0.14700000000000002,25.76,10.69,19.5,30.19,19.12,23.26,132.0,0.268,31.0,23.48,19.0,14.39,0.808,0.1609999999999999,25.8,13.01,12.66,25.67,22.18,16.85
746630,2024-06-04,2024,672580,R,663474,R,strikeout,True,False,217.0,0.25,41.0,18.89,17.0,7.83,0.659,0.10199999999999998,19.83,8.51,21.14,29.65,20.6,17.3,400.0,0.258,94.0,23.5,33.0,8.25,0.648,0.071,20.3,8.71,19.59,28.3,19.12,19.96,120.0,0.202,33.0,27.5,19.0,15.83,0.7,0.16199999999999998,28.1,12.47,16.07,28.54,24.8,23.08,46.0,0.279,12.0,26.09,3.0,6.52,0.8140000000000001,0.2089999999999999,30.21,16.76,12.14,28.9,36.47,22.64
746630,2024-06-04,2024,677951,R,663474,R,strikeout,True,False,226.0,0.322,37.0,16.37,19.0,8.41,0.926,0.22300000000000003,24.54,12.12,13.36,25.48,28.54,16.02,547.0,0.27,93.0,17.0,33.0,6.03,0.8,0.2149999999999999,22.15,10.87,15.53,26.4,29.62,14.44,120.0,0.202,33.0,27.5,19.0,15.83,0.7,0.16199999999999998,28.1,12.47,16.07,28.54,24.8,23.08,46.0,0.279,12.0,26.09,3.0,6.52,0.8140000000000001,0.2089999999999999,30.21,16.76,12.14,28.9,36.47,22.64
746630,2024-06-04,2024,686469,L,663474,R,field_out,False,False,188.0,0.226,27.0,14.36,20.0,10.64,0.744,0.20199999999999999,13.27,5.94,16.49,22.43,28.09,13.24,188.0,0.251,23.0,12.23,15.0,7.98,0.784,0.217,14.85,7.02,17.48,24.5,34.8,10.0,128.0,0.225,21.0,16.41,15.0,11.72,0.756,0.216,17.96,7.66,18.22,25.88,23.31,16.8,27.0,0.0,4.0,14.81,10.0,37.04,0.37,0.0,17.95,5.51,15.75,21.26,11.84,15.38
746630,2024-06-04,2024,680757,L,607625,R,field_out,False,False,112.0,0.337,9.0,8.04,9.0,8.04,0.881,0.14799999999999996,7.43,3.08,22.99,26.07,18.09,7.69,494.0,0.272,52.0,10.53,50.0,10.12,0.73,0.1119999999999999,10.22,4.19,22.03,26.23,20.67,8.84,155.0,0.218,33.0,21.29,11.0,7.1,0.585,0.092,21.03,9.06,21.54,30.6,24.82,19.88,307.0,0.252,76.0,24.76,18.0,5.86,0.744,0.192,23.65,10.83,18.63,29.46,24.83,19.69
746630,2024-06-04,2024,665926,L,607625,R,field_out,False,False,171.0,0.265,27.0,15.79,11.0,6.43,0.6950000000000001,0.09899999999999998,25.62,14.16,11.87,26.03,36.7,13.2,419.0,0.243,86.0,20.53,24.0,5.73,0.712,0.162,26.46,14.29,12.8,27.09,38.97,17.27,155.0,0.218,33.0,21.29,11.0,7.1,0.585,0.092,21.03,9.06,21.54,30.6,24.82,19.88,307.0,0.252,76.0,24.76,18.0,5.86,0.744,0.192,23.65,10.83,18.63,29.46,24.83,19.69
746630,2024-06-04,2024,608070,L,607625,R,field_out,False,False,175.0,0.242,19.0,10.86,12.0,6.86,0.806,0.267,13.88,6.76,14.21,20.97,30.42,8.84,461.0,0.302,48.0,10.41,54.0,11.71,0.863,0.179,15.4,6.98,13.91,20.89,28.02,10.17,155.0,0.218,33.0,21.29,11.0,7.1,0.585,0.092,21.03,9.06,21.54,30.6,24.82,19.88,307.0,0.252,76.0,24.76,18.0,5.86,0.744,0.192,23.65,10.83,18.63,29.46,24.83,19.69
746630,2024-06-04,2024,521692,R,663474,R,walk,False,True,181.0,0.317,28.0,15.47,11.0,6.08,0.908,0.21300000000000002,22.6,13.32,8.73,22.05,45.01,12.73,437.0,0.264,100.0,22.88,11.0,2.52,0.73,0.174,30.72,18.16,9.73,27.89,45.56,22.08,120.0,0.202,33.0,27.5,19.0,15.83,0.7,0.16199999999999998,28.1,12.47,16.07,28.54,24.8,23.08,46.0,0.279,12.0,26.09,3.0,6.52,0.8140000000000001,0.2089999999999999,30.21,16.76,12.14,28.9,36.47,22.64
746630,2024-06-04,2024,676369,R,663474,R,strikeout,True,False,128.0,0.208,38.0,29.69,6.0,4.69,0.675,0.217,37.61,17.21,16.6,33.81,28.25,25.68,125.0,0.257,36.0,28.8,9.0,7.2,0.966,0.389,35.34,17.89,12.6,30.49,29.12,21.95,120.0,0.202,33.0,27.5,19.0,15.83,0.7,0.16199999999999998,28.1,12.47,16.07,28.54,24.8,23.08,46.0,0.279,12.0,26.09,3.0,6.52,0.8140000000000001,0.2089999999999999,30.21,16.76,12.14,28.9,36.47,22.64
746630,2024-06-04,2024,679845,R,663474,R,field_out,False,False,42.0,0.222,6.0,14.29,4.0,9.52,0.515,0.0,22.22,9.79,18.88,28.67,25.0,15.0,44.0,0.279,7.0,15.91,1.0,2.27,0.667,0.0929999999999999,20.0,9.64,16.87,26.51,25.61,14.29,120.0,0.202,33.0,27.5,19.0,15.83,0.7,0.16199999999999998,28.1,12.47,16.07,28.54,24.8,23.08,46.0,0.279,12.0,26.09,3.0,6.52,0.8140000000000001,0.2089999999999999,30.21,16.76,12.14,28.9,36.47,22.64
746630,2024-06-04,2024,624428,L,663474,R,strikeout,True,False,116.0,0.21,19.0,16.38,14.0,12.07,0.599,0.07000000000000003,16.89,7.58,18.24,25.82,24.69,11.88,392.0,0.248,60.0,15.31,26.0,6.63,0.7090000000000001,0.158,19.43,9.43,17.73,27.16,29.49,14.18,128.0,0.225,21.0,16.41,15.0,11.72,0.756,0.216,17.96,7.66,18.22,25.88,23.31,16.8,27.0,0.0,4.0,14.81,10.0,37.04,0.37,0.0,17.95,5.51,15.75,21.26,11.84,15.38
746630,2024-06-04,2024,647304,L,607625,R,field_out,False,False,166.0,0.232,22.0,13.25,18.0,10.84,0.8180000000000001,0.261,20.74,10.6,9.4,20.0,31.25,14.77,348.0,0.311,53.0,15.23,25.0,7.18,0.851,0.184,21.29,11.96,9.18,21.15,41.36,16.99,155.0,0.218,33.0,21.29,11.0,7.1,0.585,0.092,21.03,9.06,21.54,30.6,24.82,19.88,307.0,0.252,76.0,24.76,18.0,5.86,0.744,0.192,23.65,10.83,18.63,29.46,24.83,19.69
746630,2024-06-04,2024,681807,R,607625,R,field_out,False,False,69.0,0.305,13.0,18.84,6.0,8.7,0.866,0.16999999999999998,19.23,9.69,14.73,24.42,25.83,15.85,63.0,0.246,19.0,30.16,3.0,4.76,0.727,0.175,29.77,16.96,13.91,30.87,36.11,25.0,158.0,0.204,33.0,20.89,7.0,4.43,0.601,0.15,23.68,11.09,18.13,29.23,29.68,21.29,297.0,0.245,64.0,21.55,18.0,6.06,0.6719999999999999,0.134,20.04,9.36,18.89,28.25,27.02,20.13
746630,2024-06-04,2024,700932,L,607625,R,field_out,False,False,51.0,0.229,14.0,27.45,2.0,3.92,0.629,0.12499999999999997,23.71,10.9,18.48,29.38,23.0,21.54,,,,,,,,,,,,,,,155.0,0.218,33.0,21.29,11.0,7.1,0.585,0.092,21.03,9.06,21.54,30.6,24.82,19.88,307.0,0.252,76.0,24.76,18.0,5.86,0.744,0.192,23.65,10.83,18.63,29.46,24.83,19.69
746630,2024-06-04,2024,592669,R,663474,R,home_run,False,False,112.0,0.178,24.0,21.43,11.0,9.82,0.546,0.10899999999999999,27.96,11.43,21.98,33.41,25.21,17.14,408.0,0.229,91.0,22.3,35.0,8.58,0.723,0.1969999999999999,28.12,14.44,14.12,28.56,33.7,19.12,120.0,0.202,33.0,27.5,19.0,15.83,0.7,0.16199999999999998,28.1,12.47,16.07,28.54,24.8,23.08,46.0,0.279,12.0,26.09,3.0,6.52,0.8140000000000001,0.2089999999999999,30.21,16.76,12.14,28.9,36.47,22.64
746630,2024-06-04,2024,641658,R,663474,R,field_out,False,False,33.0,0.333,9.0,27.27,2.0,6.06,0.742,0.033999999999999975,17.46,8.46,21.54,30.0,26.79,19.15,170.0,0.282,45.0,26.47,14.0,8.24,0.74,0.107,24.75,10.81,20.44,31.26,25.39,22.06,120.0,0.202,33.0,27.5,19.0,15.83,0.7,0.16199999999999998,28.1,12.47,16.07,28.54,24.8,23.08,46.0,0.279,12.0,26.09,3.0,6.52,0.8140000000000001,0.2089999999999999,30.21,16.76,12.14,28.9,36.47,22.64
746630,2024-06-04,2024,672580,R,663474,R,single,False,False,217.0,0.25,41.0,18.89,17.0,7.83,0.659,0.10199999999999998,19.83,8.51,21.14,29.65,20.6,17.3,400.0,0.258,94.0,23.5,33.0,8.25,0.648,0.071,20.3,8.71,19.59,28.3,19.12,19.96,120.0,0.202,33.0,27.5,19.0,15.83,0.7,0.16199999999999998,28.1,12.47,16.07,28.54,24.8,23.08,46.0,0.279,12.0,26.09,3.0,6.52,0.8140000000000001,0.2089999999999999,30.21,16.76,12.14,28.9,36.47,22.64
746630,2024-06-04,2024,677951,R,663474,R,home_run,False,False,226.0,0.322,37.0,16.37,19.0,8.41,0.926,0.22300000000000003,24.54,12.12,13.36,25.48,28.54,16.02,547.0,0.27,93.0,17.0,33.0,6.03,0.8,0.2149999999999999,22.15,10.87,15.53,26.4,29.62,14.44,120.0,0.202,33.0,27.5,19.0,15.83,0.7,0.16199999999999998,28.1,12.47,16.07,28.54,24.8,23.08,46.0,0.279,12.0,26.09,3.0,6.52,0.8140000000000001,0.2089999999999999,30.21,16.76,12.14,28.9,36.47,22.64
746630,2024-06-04,2024,686469,L,663474,R,field_out,False,False,188.0,0.226,27.0,14.36,20.0,10.64,0.744,0.20199999999999999,13.27,5.94,16.49,22.43,28.09,13.24,188.0,0.251,23.0,12.23,15.0,7.98,0.784,0.217,14.85,7.02,17.48,24.5,34.8,10.0,128.0,0.225,21.0,16.41,15.0,11.72,0.756,0.216,17.96,7.66,18.22,25.88,23.31,16.8,27.0,0.0,4.0,14.81,10.0,37.04,0.37,0.0,17.95,5.51,15.75,21.26,11.84,15.38
746630,2024-06-04,2024,521692,R,663474,R,double,False,False,181.0,0.317,28.0,15.47,11.0,6.08,0.908,0.21300000000000002,22.6,13.32,8.73,22.05,45.01,12.73,437.0,0.264,100.0,22.88,11.0,2.52,0.73,0.174,30.72,18.16,9.73,27.89,45.56,22.08,120.0,0.202,33.0,27.5,19.0,15.83,0.7,0.16199999999999998,28.1,12.47,16.07,28.54,24.8,23.08,46.0,0.279,12.0,26.09,3.0,6.52,0.8140000000000001,0.2089999999999999,30.21,16.76,12.14,28.9,36.47,22.64
746630,2024-06-04,2024,676369,R,663474,R,walk,False,True,128.0,0.208,38.0,29.69,6.0,4.69,0.675,0.217,37.61,17.21,16.6,33.81,28.25,25.68,125.0,0.257,36.0,28.8,9.0,7.2,0.966,0.389,35.34,17.89,12.6,30.49,29.12,21.95,120.0,0.202,33.0,27.5,19.0,15.83,0.7,0.16199999999999998,28.1,12.47,16.07,28.54,24.8,23.08,46.0,0.279,12.0,26.09,3.0,6.52,0.8140000000000001,0.2089999999999999,30.21,16.76,12.14,28.9,36.47,22.64
746630,2024-06-04,2024,679845,R,663474,R,single,False,False,42.0,0.222,6.0,14.29,4.0,9.52,0.515,0.0,22.22,9.79,18.88,28.67,25.0,15.0,44.0,0.279,7.0,15.91,1.0,2.27,0.667,0.0929999999999999,20.0,9.64,16.87,26.51,25.61,14.29,120.0,0.202,33.0,27.5,19.0,15.83,0.7,0.16199999999999998,28.1,12.47,16.07,28.54,24.8,23.08,46.0,0.279,12.0,26.09,3.0,6.52,0.8140000000000001,0.2089999999999999,30.21,16.76,12.14,28.9,36.47,22.64
746630,2024-06-04,2024,624428,L,663474,R,field_out,False,False,116.0,0.21,19.0,16.38,14.0,12.07,0.599,0.07000000000000003,16.89,7.58,18.24,25.82,24.69,11.88,392.0,0.248,60.0,15.31,26.0,6.63,0.7090000000000001,0.158,19.43,9.43,17.73,27.16,29.49,14.18,128.0,0.225,21.0,16.41,15.0,11.72,0.756,0.216,17.96,7.66,18.22,25.88,23.31,16.8,27.0,0.0,4.0,14.81,10.0,37.04,0.37,0.0,17.95,5.51,15.75,21.26,11.84,15.38
746630,2024-06-04,2024,686823,L,607625,R,strikeout,True,False,151.0,0.243,19.0,12.58,12.0,7.95,0.6930000000000001,0.139,19.01,10.25,11.39,21.63,34.09,15.08,369.0,0.279,45.0,12.2,14.0,3.79,0.6930000000000001,0.0999999999999999,17.97,10.23,12.48,22.71,38.5,12.47,155.0,0.218,33.0,21.29,11.0,7.1,0.585,0.092,21.03,9.06,21.54,30.6,24.82,19.88,307.0,0.252,76.0,24.76,18.0,5.86,0.744,0.192,23.65,10.83,18.63,29.46,24.83,19.69
746630,2024-06-04,2024,671289,R,607625,R,strikeout,True,False,147.0,0.234,20.0,13.61,9.0,6.12,0.669,0.11799999999999997,16.26,7.59,18.79,26.38,29.12,15.15,89.0,0.266,17.0,19.1,6.0,6.74,0.656,0.076,20.13,9.22,18.73,27.95,29.94,17.0,158.0,0.204,33.0,20.89,7.0,4.43,0.601,0.15,23.68,11.09,18.13,29.23,29.68,21.29,297.0,0.245,64.0,21.55,18.0,6.06,0.6719999999999999,0.134,20.04,9.36,18.89,28.25,27.02,20.13
746630,2024-06-04,2024,682177,L,607625,R,field_out,False,False,2.0,0.5,0.0,0.0,0.0,0.0,1.5,0.5,0.0,0.0,40.0,40.0,0.0,0.0,,,,,,,,,,,,,,,155.0,0.218,33.0,21.29,11.0,7.1,0.585,0.092,21.03,9.06,21.54,30.6,24.82,19.88,307.0,0.252,76.0,24.76,18.0,5.86,0.744,0.192,23.65,10.83,18.63,29.46,24.83,19.69
746630,2024-06-04,2024,592669,R,663474,R,field_out,False,False,112.0,0.178,24.0,21.43,11.0,9.82,0.546,0.10899999999999999,27.96,11.43,21.98,33.41,25.21,17.14,408.0,0.229,91.0,22.3,35.0,8.58,0.723,0.1969999999999999,28.12,14.44,14.12,28.56,33.7,19.12,120.0,0.202,33.0,27.5,19.0,15.83,0.7,0.16199999999999998,28.1,12.47,16.07,28.54,24.8,23.08,46.0,0.279,12.0,26.09,3.0,6.52,0.8140000000000001,0.2089999999999999,30.21,16.76,12.14,28.9,36.47,22.64
746630,2024-06-04,2024,641658,R,663474,R,strikeout,True,False,33.0,0.333,9.0,27.27,2.0,6.06,0.742,0.033999999999999975,17.46,8.46,21.54,30.0,26.79,19.15,170.0,0.282,45.0,26.47,14.0,8.24,0.74,0.107,24.75,10.81,20.44,31.26,25.39,22.06,120.0,0.202,33.0,27.5,19.0,15.83,0.7,0.16199999999999998,28.1,12.47,16.07,28.54,24.8,23.08,46.0,0.279,12.0,26.09,3.0,6.52,0.8140000000000001,0.2089999999999999,30.21,16.76,12.14,28.9,36.47,22.64
746630,2024-06-04,2024,672580,R,663474,R,single,False,False,217.0,0.25,41.0,18.89,17.0,7.83,0.659,0.10199999999999998,19.83,8.51,21.14,29.65,20.6,17.3,400.0,0.258,94.0,23.5,33.0,8.25,0.648,0.071,20.3,8.71,19.59,28.3,19.12,19.96,120.0,0.202,33.0,27.5,19.0,15.83,0.7,0.16199999999999998,28.1,12.47,16.07,28.54,24.8,23.08,46.0,0.279,12.0,26.09,3.0,6.52,0.8140000000000001,0.2089999999999999,30.21,16.76,12.14,28.9,36.47,22.64
746630,2024-06-04,2024,677951,R,663474,R,home_run,False,False,226.0,0.322,37.0,16.37,19.0,8.41,0.926,0.22300000000000003,24.54,12.12,13.36,25.48,28.54,16.02,547.0,0.27,93.0,17.0,33.0,6.03,0.8,0.2149999999999999,22.15,10.87,15.53,26.4,29.62,14.44,120.0,0.202,33.0,27.5,19.0,15.83,0.7,0.16199999999999998,28.1,12.47,16.07,28.54,24.8,23.08,46.0,0.279,12.0,26.09,3.0,6.52,0.8140000000000001,0.2089999999999999,30.21,16.76,12.14,28.9,36.47,22.64
746630,2024-06-04,2024,686469,L,663474,R,field_out,False,False,188.0,0.226,27.0,14.36,20.0,10.64,0.744,0.20199999999999999,13.27,5.94,16.49,22.43,28.09,13.24,188.0,0.251,23.0,12.23,15.0,7.98,0.784,0.217,14.85,7.02,17.48,24.5,34.8,10.0,128.0,0.225,21.0,16.41,15.0,11.72,0.756,0.216,17.96,7.66,18.22,25.88,23.31,16.8,27.0,0.0,4.0,14.81,10.0,37.04,0.37,0.0,17.95,5.51,15.75,21.26,11.84,15.38
746630,2024-06-04,2024,680757,L,607625,R,double,False,False,112.0,0.337,9.0,8.04,9.0,8.04,0.881,0.14799999999999996,7.43,3.08,22.99,26.07,18.09,7.69,494.0,0.272,52.0,10.53,50.0,10.12,0.73,0.1119999999999999,10.22,4.19,22.03,26.23,20.67,8.84,155.0,0.218,33.0,21.29,11.0,7.1,0.585,0.092,21.03,9.06,21.54,30.6,24.82,19.88,307.0,0.252,76.0,24.76,18.0,5.86,0.744,0.192,23.65,10.83,18.63,29.46,24.83,19.69
746630,2024-06-04,2024,665926,L,607625,R,field_out,False,False,171.0,0.265,27.0,15.79,11.0,6.43,0.6950000000000001,0.09899999999999998,25.62,14.16,11.87,26.03,36.7,13.2,419.0,0.243,86.0,20.53,24.0,5.73,0.712,0.162,26.46,14.29,12.8,27.09,38.97,17.27,155.0,0.218,33.0,21.29,11.0,7.1,0.585,0.092,21.03,9.06,21.54,30.6,24.82,19.88,307.0,0.252,76.0,24.76,18.0,5.86,0.744,0.192,23.65,10.83,18.63,29.46,24.83,19.69
746630,2024-06-04,2024,608070,L,607625,R,single,False,False,175.0,0.242,19.0,10.86,12.0,6.86,0.806,0.267,13.88,6.76,14.21,20.97,30.42,8.84,461.0,0.302,48.0,10.41,54.0,11.71,0.863,0.179,15.4,6.98,13.91,20.89,28.02,10.17,155.0,0.218,33.0,21.29,11.0,7.1,0.585,0.092,21.03,9.06,21.54,30.6,24.82,19.88,307.0,0.252,76.0,24.76,18.0,5.86,0.744,0.192,23.65,10.83,18.63,29.46,24.83,19.69
746630,2024-06-04,2024,647304,L,607625,R,home_run,False,False,166.0,0.232,22.0,13.25,18.0,10.84,0.8180000000000001,0.261,20.74,10.6,9.4,20.0,31.25,14.77,348.0,0.311,53.0,15.23,25.0,7.18,0.851,0.184,21.29,11.96,9.18,21.15,41.36,16.99,155.0,0.218,33.0,21.29,11.0,7.1,0.585,0.092,21.03,9.06,21.54,30.6,24.82,19.88,307.0,0.252,76.0,24.76,18.0,5.86,0.744,0.192,23.65,10.83,18.63,29.46,24.83,19.69
746630,2024-06-04,2024,681807,R,607625,R,field_out,False,False,69.0,0.305,13.0,18.84,6.0,8.7,0.866,0.16999999999999998,19.23,9.69,14.73,24.42,25.83,15.85,63.0,0.246,19.0,30.16,3.0,4.76,0.727,0.175,29.77,16.96,13.91,30.87,36.11,25.0,158.0,0.204,33.0,20.89,7.0,4.43,0.601,0.15,23.68,11.09,18.13,29.23,29.68,21.29,297.0,0.245,64.0,21.55,18.0,6.06,0.6719999999999999,0.134,20.04,9.36,18.89,28.25,27.02,20.13
746630,2024-06-04,2024,700932,L,607625,R,field_out,False,False,51.0,0.229,14.0,27.45,2.0,3.92,0.629,0.12499999999999997,23.71,10.9,18.48,29.38,23.0,21.54,,,,,,,,,,,,,,,155.0,0.218,33.0,21.29,11.0,7.1,0.585,0.092,21.03,9.06,21.54,30.6,24.82,19.88,307.0,0.252,76.0,24.76,18.0,5.86,0.744,0.192,23.65,10.83,18.63,29.46,24.83,19.69
746630,2024-06-04,2024,521692,R,663474,R,strikeout,True,False,181.0,0.317,28.0,15.47,11.0,6.08,0.908,0.21300000000000002,22.6,13.32,8.73,22.05,45.01,12.73,437.0,0.264,100.0,22.88,11.0,2.52,0.73,0.174,30.72,18.16,9.73,27.89,45.56,22.08,120.0,0.202,33.0,27.5,19.0,15.83,0.7,0.16199999999999998,28.1,12.47,16.07,28.54,24.8,23.08,46.0,0.279,12.0,26.09,3.0,6.52,0.8140000000000001,0.2089999999999999,30.21,16.76,12.14,28.9,36.47,22.64
746630,2024-06-04,2024,676369,R,663474,R,field_out,False,False,128.0,0.208,38.0,29.69,6.0,4.69,0.675,0.217,37.61,17.21,16.6,33.81,28.25,25.68,125.0,0.257,36.0,28.8,9.0,7.2,0.966,0.389,35.34,17.89,12.6,30.49,29.12,21.95,120.0,0.202,33.0,27.5,19.0,15.83,0.7,0.16199999999999998,28.1,12.47,16.07,28.54,24.8,23.08,46.0,0.279,12.0,26.09,3.0,6.52,0.8140000000000001,0.2089999999999999,30.21,16.76,12.14,28.9,36.47,22.64
746630,2024-06-04,2024,679845,R,663474,R,single,False,False,42.0,0.222,6.0,14.29,4.0,9.52,0.515,0.0,22.22,9.79,18.88,28.67,25.0,15.0,44.0,0.279,7.0,15.91,1.0,2.27,0.667,0.0929999999999999,20.0,9.64,16.87,26.51,25.61,14.29,120.0,0.202,33.0,27.5,19.0,15.83,0.7,0.16199999999999998,28.1,12.47,16.07,28.54,24.8,23.08,46.0,0.279,12.0,26.09,3.0,6.52,0.8140000000000001,0.2089999999999999,30.21,16.76,12.14,28.9,36.47,22.64
746630,2024-06-04,2024,624428,L,663474,R,strikeout,True,False,116.0,0.21,19.0,16.38,14.0,12.07,0.599,0.07000000000000003,16.89,7.58,18.24,25.82,24.69,11.88,392.0,0.248,60.0,15.31,26.0,6.63,0.7090000000000001,0.158,19.43,9.43,17.73,27.16,29.49,14.18,128.0,0.225,21.0,16.41,15.0,11.72,0.756,0.216,17.96,7.66,18.22,25.88,23.31,16.8,27.0,0.0,4.0,14.81,10.0,37.04,0.37,0.0,17.95,5.51,15.75,21.26,11.84,15.38
746630,2024-06-04,2024,686823,L,607625,R,single,False,False,151.0,0.243,19.0,12.58,12.0,7.95,0.6930000000000001,0.139,19.01,10.25,11.39,21.63,34.09,15.08,369.0,0.279,45.0,12.2,14.0,3.79,0.6930000000000001,0.0999999999999999,17.97,10.23,12.48,22.71,38.5,12.47,155.0,0.218,33.0,21.29,11.0,7.1,0.585,0.092,21.03,9.06,21.54,30.6,24.82,19.88,307.0,0.252,76.0,24.76,18.0,5.86,0.744,0.192,23.65,10.83,18.63,29.46,24.83,19.69
746630,2024-06-04,2024,671289,R,607625,R,field_out,False,False,147.0,0.234,20.0,13.61,9.0,6.12,0.669,0.11799999999999997,16.26,7.59,18.79,26.38,29.12,15.15,89.0,0.266,17.0,19.1,6.0,6.74,0.656,0.076,20.13,9.22,18.73,27.95,29.94,17.0,158.0,0.204,33.0,20.89,7.0,4.43,0.601,0.15,23.68,11.09,18.13,29.23,29.68,21.29,297.0,0.245,64.0,21.55,18.0,6.06,0.6719999999999999,0.134,20.04,9.36,18.89,28.25,27.02,20.13
746630,2024-06-04,2024,682177,L,607625,R,walk,False,True,2.0,0.5,0.0,0.0,0.0,0.0,1.5,0.5,0.0,0.0,40.0,40.0,0.0,0.0,,,,,,,,,,,,,,,155.0,0.218,33.0,21.29,11.0,7.1,0.585,0.092,21.03,9.06,21.54,30.6,24.82,19.88,307.0,0.252,76.0,24.76,18.0,5.86,0.744,0.192,23.65,10.83,18.63,29.46,24.83,19.69
746630,2024-06-04,2024,680757,L,607625,R,hit_by_pitch,False,False,112.0,0.337,9.0,8.04,9.0,8.04,0.881,0.14799999999999996,7.43,3.08,22.99,26.07,18.09,7.69,494.0,0.272,52.0,10.53,50.0,10.12,0.73,0.1119999999999999,10.22,4.19,22.03,26.23,20.67,8.84,155.0,0.218,33.0,21.29,11.0,7.1,0.585,0.092,21.03,9.06,21.54,30.6,24.82,19.88,307.0,0.252,76.0,24.76,18.0,5.86,0.744,0.192,23.65,10.83,18.63,29.46,24.83,19.69
746630,2024-06-04,2024,665926,L,607625,R,strikeout,True,False,171.0,0.265,27.0,15.79,11.0,6.43,0.6950000000000001,0.09899999999999998,25.62,14.16,11.87,26.03,36.7,13.2,419.0,0.243,86.0,20.53,24.0,5.73,0.712,0.162,26.46,14.29,12.8,27.09,38.97,17.27,155.0,0.218,33.0,21.29,11.0,7.1,0.585,0.092,21.03,9.06,21.54,30.6,24.82,19.88,307.0,0.252,76.0,24.76,18.0,5.86,0.744,0.192,23.65,10.83,18.63,29.46,24.83,19.69
746630,2024-06-04,2024,608070,L,607625,R,strikeout,True,False,175.0,0.242,19.0,10.86,12.0,6.86,0.806,0.267,13.88,6.76,14.21,20.97,30.42,8.84,461.0,0.302,48.0,10.41,54.0,11.71,0.863,0.179,15.4,6.98,13.91,20.89,28.02,10.17,155.0,0.218,33.0,21.29,11.0,7.1,0.585,0.092,21.03,9.06,21.54,30.6,24.82,19.88,307.0,0.252,76.0,24.76,18.0,5.86,0.744,0.192,23.65,10.83,18.63,29.46,24.83,19.69
746630,2024-06-04,2024,592669,R,663474,R,field_out,False,False,112.0,0.178,24.0,21.43,11.0,9.82,0.546,0.10899999999999999,27.96,11.43,21.98,33.41,25.21,17.14,408.0,0.229,91.0,22.3,35.0,8.58,0.723,0.1969999999999999,28.12,14.44,14.12,28.56,33.7,19.12,120.0,0.202,33.0,27.5,19.0,15.83,0.7,0.16199999999999998,28.1,12.47,16.07,28.54,24.8,23.08,46.0,0.279,12.0,26.09,3.0,6.52,0.8140000000000001,0.2089999999999999,30.21,16.76,12.14,28.9,36.47,22.64
746630,2024-06-04,2024,641658,R,663474,R,single,False,False,33.0,0.333,9.0,27.27,2.0,6.06,0.742,0.033999999999999975,17.46,8.46,21.54,30.0,26.79,19.15,170.0,0.282,45.0,26.47,14.0,8.24,0.74,0.107,24.75,10.81,20.44,31.26,25.39,22.06,120.0,0.202,33.0,27.5,19.0,15.83,0.7,0.16199999999999998,28.1,12.47,16.07,28.54,24.8,23.08,46.0,0.279,12.0,26.09,3.0,6.52,0.8140000000000001,0.2089999999999999,30.21,16.76,12.14,28.9,36.47,22.64
746630,2024-06-04,2024,672580,R,671922,R,grounded_into_double_play,False,False,217.0,0.25,41.0,18.89,17.0,7.83,0.659,0.10199999999999998,19.83,8.51,21.14,29.65,20.6,17.3,400.0,0.258,94.0,23.5,33.0,8.25,0.648,0.071,20.3,8.71,19.59,28.3,19.12,19.96,46.0,0.227,18.0,39.13,1.0,2.17,0.556,0.06799999999999998,31.91,16.67,19.44,36.11,31.94,30.51,,,,,,,,,,,,,,
746630,2024-06-04,2024,647304,L,607625,R,field_out,False,False,166.0,0.232,22.0,13.25,18.0,10.84,0.8180000000000001,0.261,20.74,10.6,9.4,20.0,31.25,14.77,348.0,0.311,53.0,15.23,25.0,7.18,0.851,0.184,21.29,11.96,9.18,21.15,41.36,16.99,155.0,0.218,33.0,21.29,11.0,7.1,0.585,0.092,21.03,9.06,21.54,30.6,24.82,19.88,307.0,0.252,76.0,24.76,18.0,5.86,0.744,0.192,23.65,10.83,18.63,29.46,24.83,19.69
746630,2024-06-04,2024,681807,R,607625,R,field_out,False,False,69.0,0.305,13.0,18.84,6.0,8.7,0.866,0.16999999999999998,19.23,9.69,14.73,24.42,25.83,15.85,63.0,0.246,19.0,30.16,3.0,4.76,0.727,0.175,29.77,16.96,13.91,30.87,36.11,25.0,158.0,0.204,33.0,20.89,7.0,4.43,0.601,0.15,23.68,11.09,18.13,29.23,29.68,21.29,297.0,0.245,64.0,21.55,18.0,6.06,0.6719999999999999,0.134,20.04,9.36,18.89,28.25,27.02,20.13
746630,2024-06-04,2024,700932,L,607625,R,strikeout,True,False,51.0,0.229,14.0,27.45,2.0,3.92,0.629,0.12499999999999997,23.71,10.9,18.48,29.38,23.0,21.54,,,,,,,,,,,,,,,155.0,0.218,33.0,21.29,11.0,7.1,0.585,0.092,21.03,9.06,21.54,30.6,24.82,19.88,307.0,0.252,76.0,24.76,18.0,5.86,0.744,0.192,23.65,10.83,18.63,29.46,24.83,19.69
746630,2024-06-04,2024,677951,R,671922,R,single,False,False,226.0,0.322,37.0,16.37,19.0,8.41,0.926,0.22300000000000003,24.54,12.12,13.36,25.48,28.54,16.02,547.0,0.27,93.0,17.0,33.0,6.03,0.8,0.2149999999999999,22.15,10.87,15.53,26.4,29.62,14.44,46.0,0.227,18.0,39.13,1.0,2.17,0.556,0.06799999999999998,31.91,16.67,19.44,36.11,31.94,30.51,,,,,,,,,,,,,,
746630,2024-06-04,2024,686469,L,671922,R,field_out,False,False,188.0,0.226,27.0,14.36,20.0,10.64,0.744,0.20199999999999999,13.27,5.94,16.49,22.43,28.09,13.24,188.0,0.251,23.0,12.23,15.0,7.98,0.784,0.217,14.85,7.02,17.48,24.5,34.8,10.0,53.0,0.128,20.0,37.74,6.0,11.32,0.46,0.10600000000000001,28.75,10.6,27.19,37.79,20.0,30.65,,,,,,,,,,,,,,
746630,2024-06-04,2024,521692,R,671922,R,grounded_into_double_play,False,False,181.0,0.317,28.0,15.47,11.0,6.08,0.908,0.21300000000000002,22.6,13.32,8.73,22.05,45.01,12.73,437.0,0.264,100.0,22.88,11.0,2.52,0.73,0.174,30.72,18.16,9.73,27.89,45.56,22.08,46.0,0.227,18.0,39.13,1.0,2.17,0.556,0.06799999999999998,31.91,16.67,19.44,36.11,31.94,30.51,,,,,,,,,,,,,,
746630,2024-06-04,2024,686823,L,607625,R,single,False,False,151.0,0.243,19.0,12.58,12.0,7.95,0.6930000000000001,0.139,19.01,10.25,11.39,21.63,34.09,15.08,369.0,0.279,45.0,12.2,14.0,3.79,0.6930000000000001,0.0999999999999999,17.97,10.23,12.48,22.71,38.5,12.47,155.0,0.218,33.0,21.29,11.0,7.1,0.585,0.092,21.03,9.06,21.54,30.6,24.82,19.88,307.0,0.252,76.0,24.76,18.0,5.86,0.744,0.192,23.65,10.83,18.63,29.46,24.83,19.69
746630,2024-06-04,2024,671289,R,607625,R,home_run,False,False,147.0,0.234,20.0,13.61,9.0,6.12,0.669,0.11799999999999997,16.26,7.59,18.79,26.38,29.12,15.15,89.0,0.266,17.0,19.1,6.0,6.74,0.656,0.076,20.13,9.22,18.73,27.95,29.94,17.0,158.0,0.204,33.0,20.89,7.0,4.43,0.601,0.15,23.68,11.09,18.13,29.23,29.68,21.29,297.0,0.245,64.0,21.55,18.0,6.06,0.6719999999999999,0.134,20.04,9.36,18.89,28.25,27.02,20.13
746630,2024-06-04,2024,682177,L,669674,L,single,False,False,1.0,0.0,1.0,100.0,0.0,0.0,0.0,0.0,66.67,33.33,16.67,50.0,33.33,25.0,,,,,,,,,,,,,,,5.0,0.0,0.0,0.0,0.0,0.0,0.0,0.0,22.22,11.11,16.67,27.78,16.67,0.0,76.0,0.27,12.0,15.79,10.0,13.16,0.786,0.1429999999999999,20.98,9.84,17.05,26.89,26.75,11.65
746630,2024-06-04,2024,680757,L,669674,L,force_out,False,False,43.0,0.425,4.0,9.3,3.0,6.98,0.99,0.10000000000000003,7.25,2.87,21.84,24.71,19.75,8.7,224.0,0.26,23.0,10.27,20.0,8.93,0.667,0.08,13.41,5.5,21.44,26.95,22.3,10.5,5.0,0.0,0.0,0.0,0.0,0.0,0.0,0.0,22.22,11.11,16.67,27.78,16.67,0.0,76.0,0.27,12.0,15.79,10.0,13.16,0.786,0.1429999999999999,20.98,9.84,17.05,26.89,26.75,11.65
746630,2024-06-04,2024,665926,L,669674,L,strikeout,True,False,69.0,0.302,8.0,11.59,0.0,0.0,0.7769999999999999,0.127,20.42,11.37,15.29,26.67,39.02,9.76,197.0,0.268,26.0,13.2,8.0,4.06,0.7130000000000001,0.1169999999999999,23.63,12.79,15.07,27.86,41.69,11.02,5.0,0.0,0.0,0.0,0.0,0.0,0.0,0.0,22.22,11.11,16.67,27.78,16.67,0.0,76.0,0.27,12.0,15.79,10.0,13.16,0.786,0.1429999999999999,20.98,9.84,17.05,26.89,26.75,11.65
746630,2024-06-04,2024,608070,R,669674,L,walk,False,True,79.0,0.338,9.0,11.39,7.0,8.86,1.012,0.282,19.59,9.76,15.82,25.59,35.17,12.33,230.0,0.243,25.0,10.87,19.0,8.26,0.766,0.219,16.06,7.21,15.81,23.02,28.33,12.18,9.0,0.0,4.0,44.44,0.0,0.0,0.0,0.0,38.89,18.42,26.32,44.74,38.89,30.77,123.0,0.288,20.0,16.26,11.0,8.94,0.8,0.162,19.48,9.34,15.35,24.69,32.23,13.79
746630,2024-06-04,2024,647304,L,672582,L,walk,False,True,72.0,0.215,17.0,23.61,5.0,6.94,0.7589999999999999,0.262,27.59,13.62,14.47,28.09,37.5,30.91,148.0,0.299,15.0,10.14,8.0,5.41,0.821,0.175,16.23,8.67,12.1,20.77,35.38,11.03,35.0,0.242,12.0,34.29,0.0,0.0,0.499,0.0,17.24,7.09,26.24,33.33,25.86,27.91,48.0,0.196,11.0,22.92,2.0,4.17,0.4679999999999999,0.0429999999999999,19.77,9.44,18.33,27.78,22.37,20.37
746630,2024-06-04,2024,681807,R,672582,L,field_error,False,False,71.0,0.417,13.0,18.31,18.0,25.35,1.4249999999999998,0.416,26.27,10.33,14.67,25.0,15.92,14.94,51.0,0.227,11.0,21.57,5.0,9.8,0.742,0.1819999999999999,25.66,14.43,11.94,26.37,40.95,15.07,62.0,0.286,9.0,14.52,6.0,9.68,0.748,0.10700000000000004,13.13,5.18,19.92,25.1,13.39,14.52,134.0,0.301,25.0,18.66,6.0,4.48,0.896,0.244,20.0,10.06,12.9,22.96,25.67,15.72
746630,2024-06-04,2024,700932,L,672582,L,field_out,False,False,14.0,0.214,5.0,35.71,0.0,0.0,0.571,0.143,34.48,17.54,21.05,38.6,41.38,25.0,,,,,,,,,,,,,,,35.0,0.242,12.0,34.29,0.0,0.0,0.499,0.0,17.24,7.09,26.24,33.33,25.86,27.91,48.0,0.196,11.0,22.92,2.0,4.17,0.4679999999999999,0.0429999999999999,19.77,9.44,18.33,27.78,22.37,20.37
746630,2024-06-04,2024,676369,R,605130,R,field_out,False,False,128.0,0.208,38.0,29.69,6.0,4.69,0.675,0.217,37.61,17.21,16.6,33.81,28.25,25.68,125.0,0.257,36.0,28.8,9.0,7.2,0.966,0.389,35.34,17.89,12.6,30.49,29.12,21.95,62.0,0.315,17.0,27.42,7.0,11.29,0.887,0.185,37.93,17.67,16.06,33.73,35.0,23.61,154.0,0.208,45.0,29.22,18.0,11.69,0.5569999999999999,0.046,35.85,15.68,19.97,35.64,29.91,24.19
746630,2024-06-04,2024,679845,R,605130,R,field_out,False,False,42.0,0.222,6.0,14.29,4.0,9.52,0.515,0.0,22.22,9.79,18.88,28.67,25.0,15.0,44.0,0.279,7.0,15.91,1.0,2.27,0.667,0.0929999999999999,20.0,9.64,16.87,26.51,25.61,14.29,62.0,0.315,17.0,27.42,7.0,11.29,0.887,0.185,37.93,17.67,16.06,33.73,35.0,23.61,154.0,0.208,45.0,29.22,18.0,11.69,0.5569999999999999,0.046,35.85,15.68,19.97,35.64,29.91,24.19
746630,2024-06-04,2024,624428,L,605130,R,strikeout,True,False,116.0,0.21,19.0,16.38,14.0,12.07,0.599,0.07000000000000003,16.89,7.58,18.24,25.82,24.69,11.88,392.0,0.248,60.0,15.31,26.0,6.63,0.7090000000000001,0.158,19.43,9.43,17.73,27.16,29.49,14.18,44.0,0.135,16.0,36.36,5.0,11.36,0.46599999999999997,0.08099999999999999,36.99,14.06,21.35,35.42,27.52,29.63,145.0,0.279,34.0,23.45,16.0,11.03,0.798,0.1469999999999999,26.64,11.44,18.74,30.18,30.91,18.78
746630,2024-06-04,2024,686823,L,623433,R,field_out,False,False,151.0,0.243,19.0,12.58,12.0,7.95,0.6930000000000001,0.139,19.01,10.25,11.39,21.63,34.09,15.08,369.0,0.279,45.0,12.2,14.0,3.79,0.6930000000000001,0.0999999999999999,17.97,10.23,12.48,22.71,38.5,12.47,45.0,0.263,3.0,6.67,6.0,13.33,0.724,0.10499999999999998,20.9,8.81,15.72,24.53,20.24,10.34,58.0,0.14,17.0,29.31,1.0,1.72,0.366,0.0709999999999999,32.46,17.7,20.1,37.8,39.36,23.61
746630,2024-06-04,2024,671289,R,623433,R,strikeout,True,False,147.0,0.234,20.0,13.61,9.0,6.12,0.669,0.11799999999999997,16.26,7.59,18.79,26.38,29.12,15.15,89.0,0.266,17.0,19.1,6.0,6.74,0.656,0.076,20.13,9.22,18.73,27.95,29.94,17.0,54.0,0.34,10.0,18.52,6.0,11.11,1.022,0.25599999999999995,17.2,7.58,21.8,29.38,23.33,14.49,85.0,0.297,19.0,22.35,8.0,9.41,0.847,0.189,24.16,10.62,20.94,31.56,23.42,18.63
746630,2024-06-04,2024,677587,L,623433,R,strikeout,True,False,129.0,0.241,19.0,14.73,18.0,13.95,0.6579999999999999,0.065,22.36,10.5,15.08,25.57,28.47,11.38,53.0,0.3,12.0,22.64,2.0,3.77,0.7010000000000001,0.08,28.07,15.31,15.79,31.1,41.59,17.39,45.0,0.263,3.0,6.67,6.0,13.33,0.724,0.10499999999999998,20.9,8.81,15.72,24.53,20.24,10.34,58.0,0.14,17.0,29.31,1.0,1.72,0.366,0.0709999999999999,32.46,17.7,20.1,37.8,39.36,23.61
746630,2024-06-04,2024,592669,R,661403,R,field_out,False,False,112.0,0.178,24.0,21.43,11.0,9.82,0.546,0.10899999999999999,27.96,11.43,21.98,33.41,25.21,17.14,408.0,0.229,91.0,22.3,35.0,8.58,0.723,0.1969999999999999,28.12,14.44,14.12,28.56,33.7,19.12,43.0,0.25,9.0,20.93,1.0,2.33,0.579,0.04999999999999999,26.26,14.61,10.67,25.28,30.34,13.85,151.0,0.232,22.0,14.57,6.0,3.97,0.5980000000000001,0.106,27.57,16.05,13.35,29.4,33.82,15.38
746630,2024-06-04,2024,641658,R,661403,R,strikeout,True,False,33.0,0.333,9.0,27.27,2.0,6.06,0.742,0.033999999999999975,17.46,8.46,21.54,30.0,26.79,19.15,170.0,0.282,45.0,26.47,14.0,8.24,0.74,0.107,24.75,10.81,20.44,31.26,25.39,22.06,43.0,0.25,9.0,20.93,1.0,2.33,0.579,0.04999999999999999,26.26,14.61,10.67,25.28,30.34,13.85,151.0,0.232,22.0,14.57,6.0,3.97,0.5980000000000001,0.106,27.57,16.05,13.35,29.4,33.82,15.38
746630,2024-06-04,2024,672580,R,661403,R,walk,False,True,217.0,0.25,41.0,18.89,17.0,7.83,0.659,0.10199999999999998,19.83,8.51,21.14,29.65,20.6,17.3,400.0,0.258,94.0,23.5,33.0,8.25,0.648,0.071,20.3,8.71,19.59,28.3,19.12,19.96,43.0,0.25,9.0,20.93,1.0,2.33,0.579,0.04999999999999999,26.26,14.61,10.67,25.28,30.34,13.85,151.0,0.232,22.0,14.57,6.0,3.97,0.5980000000000001,0.106,27.57,16.05,13.35,29.4,33.82,15.38
746630,2024-06-04,2024,677951,R,661403,R,strikeout,True,False,226.0,0.322,37.0,16.37,19.0,8.41,0.926,0.22300000000000003,24.54,12.12,13.36,25.48,28.54,16.02,547.0,0.27,93.0,17.0,33.0,6.03,0.8,0.2149999999999999,22.15,10.87,15.53,26.4,29.62,14.44,43.0,0.25,9.0,20.93,1.0,2.33,0.579,0.04999999999999999,26.26,14.61,10.67,25.28,30.34,13.85,151.0,0.232,22.0,14.57,6.0,3.97,0.5980000000000001,0.106,27.57,16.05,13.35,29.4,33.82,15.38
746382,2024-06-04,2024,691026,R,434378,R,field_out,False,False,125.0,0.321,19.0,15.2,10.0,8.0,0.77,0.08300000000000002,17.32,7.95,18.89,26.84,27.39,13.01,100.0,0.161,19.0,19.0,9.0,9.0,0.478,0.0799999999999999,21.56,9.11,22.03,31.14,24.87,14.88,112.0,0.272,24.0,21.43,6.0,5.36,0.751,0.15499999999999997,21.93,11.29,16.03,27.31,26.7,15.19,367.0,0.237,76.0,20.71,27.0,7.36,0.708,0.173,23.07,11.18,16.94,28.12,30.6,19.1
746382,2024-06-04,2024,676475,L,434378,R,home_run,False,False,129.0,0.306,20.0,15.5,5.0,3.88,0.8089999999999999,0.16999999999999998,19.47,11.14,12.23,23.36,34.51,15.62,318.0,0.243,39.0,12.26,21.0,6.6,0.698,0.156,17.66,9.16,14.01,23.17,33.05,13.13,106.0,0.183,24.0,22.64,11.0,10.38,0.6970000000000001,0.247,24.04,11.96,14.83,26.79,26.83,19.83,303.0,0.214,68.0,22.44,18.0,5.94,0.5840000000000001,0.106,21.84,11.08,14.86,25.94,30.9,17.89
746382,2024-06-04,2024,502671,R,434378,R,field_out,False,False,183.0,0.212,64.0,34.97,16.0,8.74,0.6439999999999999,0.146,31.02,14.76,18.45,33.21,30.4,21.75,518.0,0.259,120.0,23.17,67.0,12.93,0.8049999999999999,0.187,27.85,12.3,17.85,30.16,25.85,17.44,112.0,0.272,24.0,21.43,6.0,5.36,0.751,0.15499999999999997,21.93,11.29,16.03,27.31,26.7,15.19,367.0,0.237,76.0,20.71,27.0,7.36,0.708,0.173,23.07,11.18,16.94,28.12,30.6,19.1
746382,2024-06-04,2024,669357,L,434378,R,home_run,False,False,140.0,0.236,52.0,37.14,16.0,11.43,0.8280000000000001,0.268,40.49,19.76,14.26,34.02,31.13,26.94,378.0,0.231,124.0,32.8,42.0,11.11,0.7969999999999999,0.2459999999999999,35.96,17.73,12.12,29.85,28.13,25.15,106.0,0.183,24.0,22.64,11.0,10.38,0.6970000000000001,0.247,24.04,11.96,14.83,26.79,26.83,19.83,303.0,0.214,68.0,22.44,18.0,5.94,0.5840000000000001,0.106,21.84,11.08,14.86,25.94,30.9,17.89
746382,2024-06-04,2024,571448,R,434378,R,field_out,False,False,187.0,0.275,36.0,19.25,15.0,8.02,0.726,0.11399999999999999,21.52,9.5,20.08,29.59,30.38,16.67,468.0,0.28,81.0,17.31,31.0,6.62,0.8089999999999999,0.2009999999999999,20.4,9.71,17.28,26.99,33.33,16.43,112.0,0.272,24.0,21.43,6.0,5.36,0.751,0.15499999999999997,21.93,11.29,16.03,27.31,26.7,15.19,367.0,0.237,76.0,20.71,27.0,7.36,0.708,0.173,23.07,11.18,16.94,28.12,30.6,19.1
746382,2024-06-04,2024,514888,R,502043,R,field_out,False,False,193.0,0.3,35.0,18.13,12.0,6.22,0.819,0.172,19.33,9.72,17.18,26.9,36.64,17.16,297.0,0.322,55.0,18.52,32.0,10.77,0.941,0.218,19.43,8.47,19.0,27.48,31.81,17.74,136.0,0.208,31.0,22.79,10.0,7.35,0.545,0.07200000000000004,30.97,13.97,18.56,32.53,31.8,24.6,407.0,0.249,84.0,20.64,29.0,7.13,0.7010000000000001,0.146,29.66,13.56,17.04,30.6,29.49,20.14
746382,2024-06-04,2024,663656,L,502043,R,single,False,False,168.0,0.294,26.0,15.48,31.0,18.45,1.072,0.35300000000000004,18.98,7.4,15.36,22.76,14.82,13.89,436.0,0.275,64.0,14.68,58.0,13.3,0.859,0.2139999999999999,20.38,9.45,11.83,21.29,21.87,13.5,157.0,0.246,29.0,18.47,18.0,11.46,0.8400000000000001,0.254,22.5,8.75,17.34,26.09,23.68,22.48,402.0,0.292,73.0,18.16,26.0,6.47,0.8180000000000001,0.188,21.2,9.58,16.26,25.84,26.03,18.09
746382,2024-06-04,2024,670541,L,502043,R,walk,False,True,166.0,0.264,24.0,14.46,19.0,11.45,0.862,0.243,19.06,8.59,16.69,25.28,30.47,14.2,322.0,0.292,55.0,17.08,49.0,15.22,1.044,0.333,21.1,8.88,15.37,24.25,23.99,15.32,157.0,0.246,29.0,18.47,18.0,11.46,0.8400000000000001,0.254,22.5,8.75,17.34,26.09,23.68,22.48,402.0,0.292,73.0,18.16,26.0,6.47,0.8180000000000001,0.188,21.2,9.58,16.26,25.84,26.03,18.09
746382,2024-06-04,2024,608324,R,502043,R,force_out,False,False,167.0,0.252,30.0,17.96,14.0,8.38,0.761,0.198,14.63,6.56,19.85,26.41,23.68,15.08,508.0,0.282,67.0,13.19,65.0,12.8,0.8500000000000001,0.186,14.53,5.58,19.65,25.23,16.96,12.88,136.0,0.208,31.0,22.79,10.0,7.35,0.545,0.07200000000000004,30.97,13.97,18.56,32.53,31.8,24.6,407.0,0.249,84.0,20.64,29.0,7.13,0.7010000000000001,0.146,29.66,13.56,17.04,30.6,29.49,20.14
746382,2024-06-04,2024,676694,R,502043,R,force_out,False,False,116.0,0.311,26.0,22.41,7.0,6.03,0.841,0.16999999999999998,33.33,15.99,15.99,31.98,30.3,23.21,263.0,0.218,69.0,26.24,18.0,6.84,0.6459999999999999,0.146,25.89,12.2,16.27,28.47,24.49,21.12,136.0,0.208,31.0,22.79,10.0,7.35,0.545,0.07200000000000004,30.97,13.97,18.56,32.53,31.8,24.6,407.0,0.249,84.0,20.64,29.0,7.13,0.7010000000000001,0.146,29.66,13.56,17.04,30.6,29.49,20.14
746382,2024-06-04,2024,680977,L,434378,R,field_out,False,False,166.0,0.222,28.0,16.87,16.0,9.64,0.6799999999999999,0.13899999999999998,17.25,6.83,20.19,27.02,21.49,15.47,309.0,0.294,43.0,13.92,27.0,8.74,0.831,0.166,14.96,6.32,19.2,25.52,22.53,13.27,106.0,0.183,24.0,22.64,11.0,10.38,0.6970000000000001,0.247,24.04,11.96,14.83,26.79,26.83,19.83,303.0,0.214,68.0,22.44,18.0,5.94,0.5840000000000001,0.106,21.84,11.08,14.86,25.94,30.9,17.89
746382,2024-06-04,2024,671056,R,434378,R,walk,False,True,103.0,0.283,25.0,24.27,9.0,8.74,0.72,0.08700000000000002,25.0,10.63,19.81,30.43,30.14,19.84,36.0,0.3,10.0,27.78,4.0,11.11,0.784,0.067,28.57,12.05,14.46,26.51,27.08,17.31,112.0,0.272,24.0,21.43,6.0,5.36,0.751,0.15499999999999997,21.93,11.29,16.03,27.31,26.7,15.19,367.0,0.237,76.0,20.71,27.0,7.36,0.708,0.173,23.07,11.18,16.94,28.12,30.6,19.1
746382,2024-06-04,2024,572761,L,434378,R,field_out,False,False,44.0,0.179,13.0,29.55,4.0,9.09,0.538,0.10299999999999998,32.1,14.29,16.48,30.77,22.73,27.08,220.0,0.167,64.0,29.09,38.0,17.27,0.616,0.1319999999999999,29.37,12.01,18.83,30.84,21.25,22.78,106.0,0.183,24.0,22.64,11.0,10.38,0.6970000000000001,0.247,24.04,11.96,14.83,26.79,26.83,19.83,303.0,0.214,68.0,22.44,18.0,5.94,0.5840000000000001,0.106,21.84,11.08,14.86,25.94,30.9,17.89
746382,2024-06-04,2024,672279,L,434378,R,strikeout,True,False,78.0,0.286,20.0,25.64,5.0,6.41,0.7190000000000001,0.10000000000000003,28.57,13.51,18.24,31.76,26.81,22.22,3.0,0.0,1.0,33.33,0.0,0.0,0.0,0.0,40.0,14.29,21.43,35.71,0.0,50.0,106.0,0.183,24.0,22.64,11.0,10.38,0.6970000000000001,0.247,24.04,11.96,14.83,26.79,26.83,19.83,303.0,0.214,68.0,22.44,18.0,5.94,0.5840000000000001,0.106,21.84,11.08,14.86,25.94,30.9,17.89
746382,2024-06-04,2024,665161,R,502043,R,field_out,False,False,179.0,0.281,34.0,18.99,7.0,3.91,0.677,0.07199999999999995,25.0,13.09,14.76,27.85,35.77,16.35,461.0,0.239,107.0,23.21,34.0,7.38,0.655,0.1089999999999999,30.36,15.5,13.92,29.42,35.52,20.7,136.0,0.208,31.0,22.79,10.0,7.35,0.545,0.07200000000000004,30.97,13.97,18.56,32.53,31.8,24.6,407.0,0.249,84.0,20.64,29.0,7.13,0.7010000000000001,0.146,29.66,13.56,17.04,30.6,29.49,20.14
746382,2024-06-04,2024,572138,L,502043,R,strikeout,True,False,122.0,0.223,27.0,22.13,18.0,14.75,0.6950000000000001,0.13599999999999998,25.26,10.08,18.7,28.78,19.59,21.43,79.0,0.13,19.0,24.05,9.0,11.39,0.402,0.0439999999999999,22.79,9.69,16.56,26.25,24.43,21.11,157.0,0.246,29.0,18.47,18.0,11.46,0.8400000000000001,0.254,22.5,8.75,17.34,26.09,23.68,22.48,402.0,0.292,73.0,18.16,26.0,6.47,0.8180000000000001,0.188,21.2,9.58,16.26,25.84,26.03,18.09
746382,2024-06-04,2024,673237,R,502043,R,strikeout,True,False,152.0,0.231,26.0,17.11,5.0,3.29,0.5880000000000001,0.10500000000000001,21.97,12.62,11.3,23.92,43.14,17.22,274.0,0.307,47.0,17.15,7.0,2.55,0.931,0.292,24.58,14.19,11.31,25.51,43.08,17.42,136.0,0.208,31.0,22.79,10.0,7.35,0.545,0.07200000000000004,30.97,13.97,18.56,32.53,31.8,24.6,407.0,0.249,84.0,20.64,29.0,7.13,0.7010000000000001,0.146,29.66,13.56,17.04,30.6,29.49,20.14
746382,2024-06-04,2024,691026,R,434378,R,field_out,False,False,125.0,0.321,19.0,15.2,10.0,8.0,0.77,0.08300000000000002,17.32,7.95,18.89,26.84,27.39,13.01,100.0,0.161,19.0,19.0,9.0,9.0,0.478,0.0799999999999999,21.56,9.11,22.03,31.14,24.87,14.88,112.0,0.272,24.0,21.43,6.0,5.36,0.751,0.15499999999999997,21.93,11.29,16.03,27.31,26.7,15.19,367.0,0.237,76.0,20.71,27.0,7.36,0.708,0.173,23.07,11.18,16.94,28.12,30.6,19.1
746382,2024-06-04,2024,676475,L,434378,R,field_out,False,False,129.0,0.306,20.0,15.5,5.0,3.88,0.8089999999999999,0.16999999999999998,19.47,11.14,12.23,23.36,34.51,15.62,318.0,0.243,39.0,12.26,21.0,6.6,0.698,0.156,17.66,9.16,14.01,23.17,33.05,13.13,106.0,0.183,24.0,22.64,11.0,10.38,0.6970000000000001,0.247,24.04,11.96,14.83,26.79,26.83,19.83,303.0,0.214,68.0,22.44,18.0,5.94,0.5840000000000001,0.106,21.84,11.08,14.86,25.94,30.9,17.89
746382,2024-06-04,2024,502671,R,434378,R,double,False,False,183.0,0.212,64.0,34.97,16.0,8.74,0.6439999999999999,0.146,31.02,14.76,18.45,33.21,30.4,21.75,518.0,0.259,120.0,23.17,67.0,12.93,0.8049999999999999,0.187,27.85,12.3,17.85,30.16,25.85,17.44,112.0,0.272,24.0,21.43,6.0,5.36,0.751,0.15499999999999997,21.93,11.29,16.03,27.31,26.7,15.19,367.0,0.237,76.0,20.71,27.0,7.36,0.708,0.173,23.07,11.18,16.94,28.12,30.6,19.1
746382,2024-06-04,2024,669357,L,434378,R,walk,False,True,140.0,0.236,52.0,37.14,16.0,11.43,0.8280000000000001,0.268,40.49,19.76,14.26,34.02,31.13,26.94,378.0,0.231,124.0,32.8,42.0,11.11,0.7969999999999999,0.2459999999999999,35.96,17.73,12.12,29.85,28.13,25.15,106.0,0.183,24.0,22.64,11.0,10.38,0.6970000000000001,0.247,24.04,11.96,14.83,26.79,26.83,19.83,303.0,0.214,68.0,22.44,18.0,5.94,0.5840000000000001,0.106,21.84,11.08,14.86,25.94,30.9,17.89
746382,2024-06-04,2024,571448,R,434378,R,single,False,False,187.0,0.275,36.0,19.25,15.0,8.02,0.726,0.11399999999999999,21.52,9.5,20.08,29.59,30.38,16.67,468.0,0.28,81.0,17.31,31.0,6.62,0.8089999999999999,0.2009999999999999,20.4,9.71,17.28,26.99,33.33,16.43,112.0,0.272,24.0,21.43,6.0,5.36,0.751,0.15499999999999997,21.93,11.29,16.03,27.31,26.7,15.19,367.0,0.237,76.0,20.71,27.0,7.36,0.708,0.173,23.07,11.18,16.94,28.12,30.6,19.1
746382,2024-06-04,2024,680977,L,434378,R,strikeout,True,False,166.0,0.222,28.0,16.87,16.0,9.64,0.6799999999999999,0.13899999999999998,17.25,6.83,20.19,27.02,21.49,15.47,309.0,0.294,43.0,13.92,27.0,8.74,0.831,0.166,14.96,6.32,19.2,25.52,22.53,13.27,106.0,0.183,24.0,22.64,11.0,10.38,0.6970000000000001,0.247,24.04,11.96,14.83,26.79,26.83,19.83,303.0,0.214,68.0,22.44,18.0,5.94,0.5840000000000001,0.106,21.84,11.08,14.86,25.94,30.9,17.89
746382,2024-06-04,2024,676801,R,502043,R,field_out,False,False,79.0,0.197,25.0,31.65,6.0,7.59,0.505,0.04199999999999998,33.76,16.31,16.0,32.31,30.64,22.22,319.0,0.25,82.0,25.71,27.0,8.46,0.769,0.186,28.62,13.94,15.79,29.73,30.75,21.75,136.0,0.208,31.0,22.79,10.0,7.35,0.545,0.07200000000000004,30.97,13.97,18.56,32.53,31.8,24.6,407.0,0.249,84.0,20.64,29.0,7.13,0.7010000000000001,0.146,29.66,13.56,17.04,30.6,29.49,20.14
746382,2024-06-04,2024,514888,R,502043,R,strikeout,True,False,193.0,0.3,35.0,18.13,12.0,6.22,0.819,0.172,19.33,9.72,17.18,26.9,36.64,17.16,297.0,0.322,55.0,18.52,32.0,10.77,0.941,0.218,19.43,8.47,19.0,27.48,31.81,17.74,136.0,0.208,31.0,22.79,10.0,7.35,0.545,0.07200000000000004,30.97,13.97,18.56,32.53,31.8,24.6,407.0,0.249,84.0,20.64,29.0,7.13,0.7010000000000001,0.146,29.66,13.56,17.04,30.6,29.49,20.14
746382,2024-06-04,2024,643289,R,502043,R,walk,False,True,97.0,0.275,7.0,7.22,4.0,4.12,0.6719999999999999,0.08799999999999997,16.76,9.55,12.74,22.29,41.21,8.05,375.0,0.263,58.0,15.47,13.0,3.47,0.6779999999999999,0.124,19.01,10.95,13.18,24.13,40.64,15.68,136.0,0.208,31.0,22.79,10.0,7.35,0.545,0.07200000000000004,30.97,13.97,18.56,32.53,31.8,24.6,407.0,0.249,84.0,20.64,29.0,7.13,0.7010000000000001,0.146,29.66,13.56,17.04,30.6,29.49,20.14
746382,2024-06-04,2024,670541,L,502043,R,home_run,False,False,166.0,0.264,24.0,14.46,19.0,11.45,0.862,0.243,19.06,8.59,16.69,25.28,30.47,14.2,322.0,0.292,55.0,17.08,49.0,15.22,1.044,0.333,21.1,8.88,15.37,24.25,23.99,15.32,157.0,0.246,29.0,18.47,18.0,11.46,0.8400000000000001,0.254,22.5,8.75,17.34,26.09,23.68,22.48,402.0,0.292,73.0,18.16,26.0,6.47,0.8180000000000001,0.188,21.2,9.58,16.26,25.84,26.03,18.09
746382,2024-06-04,2024,608324,R,502043,R,strikeout,True,False,167.0,0.252,30.0,17.96,14.0,8.38,0.761,0.198,14.63,6.56,19.85,26.41,23.68,15.08,508.0,0.282,67.0,13.19,65.0,12.8,0.8500000000000001,0.186,14.53,5.58,19.65,25.23,16.96,12.88,136.0,0.208,31.0,22.79,10.0,7.35,0.545,0.07200000000000004,30.97,13.97,18.56,32.53,31.8,24.6,407.0,0.249,84.0,20.64,29.0,7.13,0.7010000000000001,0.146,29.66,13.56,17.04,30.6,29.49,20.14
746382,2024-06-04,2024,671056,R,434378,R,single,False,False,103.0,0.283,25.0,24.27,9.0,8.74,0.72,0.08700000000000002,25.0,10.63,19.81,30.43,30.14,19.84,36.0,0.3,10.0,27.78,4.0,11.11,0.784,0.067,28.57,12.05,14.46,26.51,27.08,17.31,112.0,0.272,24.0,21.43,6.0,5.36,0.751,0.15499999999999997,21.93,11.29,16.03,27.31,26.7,15.19,367.0,0.237,76.0,20.71,27.0,7.36,0.708,0.173,23.07,11.18,16.94,28.12,30.6,19.1
746382,2024-06-04,2024,572761,L,434378,R,strikeout,True,False,44.0,0.179,13.0,29.55,4.0,9.09,0.538,0.10299999999999998,32.1,14.29,16.48,30.77,22.73,27.08,220.0,0.167,64.0,29.09,38.0,17.27,0.616,0.1319999999999999,29.37,12.01,18.83,30.84,21.25,22.78,106.0,0.183,24.0,22.64,11.0,10.38,0.6970000000000001,0.247,24.04,11.96,14.83,26.79,26.83,19.83,303.0,0.214,68.0,22.44,18.0,5.94,0.5840000000000001,0.106,21.84,11.08,14.86,25.94,30.9,17.89
746382,2024-06-04,2024,672279,L,434378,R,field_out,False,False,78.0,0.286,20.0,25.64,5.0,6.41,0.7190000000000001,0.10000000000000003,28.57,13.51,18.24,31.76,26.81,22.22,3.0,0.0,1.0,33.33,0.0,0.0,0.0,0.0,40.0,14.29,21.43,35.71,0.0,50.0,106.0,0.183,24.0,22.64,11.0,10.38,0.6970000000000001,0.247,24.04,11.96,14.83,26.79,26.83,19.83,303.0,0.214,68.0,22.44,18.0,5.94,0.5840000000000001,0.106,21.84,11.08,14.86,25.94,30.9,17.89
746382,2024-06-04,2024,691026,R,434378,R,single,False,False,125.0,0.321,19.0,15.2,10.0,8.0,0.77,0.08300000000000002,17.32,7.95,18.89,26.84,27.39,13.01,100.0,0.161,19.0,19.0,9.0,9.0,0.478,0.0799999999999999,21.56,9.11,22.03,31.14,24.87,14.88,112.0,0.272,24.0,21.43,6.0,5.36,0.751,0.15499999999999997,21.93,11.29,16.03,27.31,26.7,15.19,367.0,0.237,76.0,20.71,27.0,7.36,0.708,0.173,23.07,11.18,16.94,28.12,30.6,19.1
746382,2024-06-04,2024,676475,L,434378,R,field_out,False,False,129.0,0.306,20.0,15.5,5.0,3.88,0.8089999999999999,0.16999999999999998,19.47,11.14,12.23,23.36,34.51,15.62,318.0,0.243,39.0,12.26,21.0,6.6,0.698,0.156,17.66,9.16,14.01,23.17,33.05,13.13,106.0,0.183,24.0,22.64,11.0,10.38,0.6970000000000001,0.247,24.04,11.96,14.83,26.79,26.83,19.83,303.0,0.214,68.0,22.44,18.0,5.94,0.5840000000000001,0.106,21.84,11.08,14.86,25.94,30.9,17.89
746382,2024-06-04,2024,676694,R,502043,R,strikeout,True,False,116.0,0.311,26.0,22.41,7.0,6.03,0.841,0.16999999999999998,33.33,15.99,15.99,31.98,30.3,23.21,263.0,0.218,69.0,26.24,18.0,6.84,0.6459999999999999,0.146,25.89,12.2,16.27,28.47,24.49,21.12,136.0,0.208,31.0,22.79,10.0,7.35,0.545,0.07200000000000004,30.97,13.97,18.56,32.53,31.8,24.6,407.0,0.249,84.0,20.64,29.0,7.13,0.7010000000000001,0.146,29.66,13.56,17.04,30.6,29.49,20.14
746382,2024-06-04,2024,665161,R,502043,R,field_out,False,False,179.0,0.281,34.0,18.99,7.0,3.91,0.677,0.07199999999999995,25.0,13.09,14.76,27.85,35.77,16.35,461.0,0.239,107.0,23.21,34.0,7.38,0.655,0.1089999999999999,30.36,15.5,13.92,29.42,35.52,20.7,136.0,0.208,31.0,22.79,10.0,7.35,0.545,0.07200000000000004,30.97,13.97,18.56,32.53,31.8,24.6,407.0,0.249,84.0,20.64,29.0,7.13,0.7010000000000001,0.146,29.66,13.56,17.04,30.6,29.49,20.14
746382,2024-06-04,2024,572138,L,502043,R,strikeout,True,False,122.0,0.223,27.0,22.13,18.0,14.75,0.6950000000000001,0.13599999999999998,25.26,10.08,18.7,28.78,19.59,21.43,79.0,0.13,19.0,24.05,9.0,11.39,0.402,0.0439999999999999,22.79,9.69,16.56,26.25,24.43,21.11,157.0,0.246,29.0,18.47,18.0,11.46,0.8400000000000001,0.254,22.5,8.75,17.34,26.09,23.68,22.48,402.0,0.292,73.0,18.16,26.0,6.47,0.8180000000000001,0.188,21.2,9.58,16.26,25.84,26.03,18.09
746382,2024-06-04,2024,502671,R,434378,R,strikeout,True,False,183.0,0.212,64.0,34.97,16.0,8.74,0.6439999999999999,0.146,31.02,14.76,18.45,33.21,30.4,21.75,518.0,0.259,120.0,23.17,67.0,12.93,0.8049999999999999,0.187,27.85,12.3,17.85,30.16,25.85,17.44,112.0,0.272,24.0,21.43,6.0,5.36,0.751,0.15499999999999997,21.93,11.29,16.03,27.31,26.7,15.19,367.0,0.237,76.0,20.71,27.0,7.36,0.708,0.173,23.07,11.18,16.94,28.12,30.6,19.1
746382,2024-06-04,2024,669357,L,434378,R,home_run,False,False,140.0,0.236,52.0,37.14,16.0,11.43,0.8280000000000001,0.268,40.49,19.76,14.26,34.02,31.13,26.94,378.0,0.231,124.0,32.8,42.0,11.11,0.7969999999999999,0.2459999999999999,35.96,17.73,12.12,29.85,28.13,25.15,106.0,0.183,24.0,22.64,11.0,10.38,0.6970000000000001,0.247,24.04,11.96,14.83,26.79,26.83,19.83,303.0,0.214,68.0,22.44,18.0,5.94,0.5840000000000001,0.106,21.84,11.08,14.86,25.94,30.9,17.89
746382,2024-06-04,2024,571448,R,434378,R,field_out,False,False,187.0,0.275,36.0,19.25,15.0,8.02,0.726,0.11399999999999999,21.52,9.5,20.08,29.59,30.38,16.67,468.0,0.28,81.0,17.31,31.0,6.62,0.8089999999999999,0.2009999999999999,20.4,9.71,17.28,26.99,33.33,16.43,112.0,0.272,24.0,21.43,6.0,5.36,0.751,0.15499999999999997,21.93,11.29,16.03,27.31,26.7,15.19,367.0,0.237,76.0,20.71,27.0,7.36,0.708,0.173,23.07,11.18,16.94,28.12,30.6,19.1
746382,2024-06-04,2024,680977,L,434378,R,field_out,False,False,166.0,0.222,28.0,16.87,16.0,9.64,0.6799999999999999,0.13899999999999998,17.25,6.83,20.19,27.02,21.49,15.47,309.0,0.294,43.0,13.92,27.0,8.74,0.831,0.166,14.96,6.32,19.2,25.52,22.53,13.27,106.0,0.183,24.0,22.64,11.0,10.38,0.6970000000000001,0.247,24.04,11.96,14.83,26.79,26.83,19.83,303.0,0.214,68.0,22.44,18.0,5.94,0.5840000000000001,0.106,21.84,11.08,14.86,25.94,30.9,17.89
746382,2024-06-04,2024,673237,R,502043,R,strikeout,True,False,152.0,0.231,26.0,17.11,5.0,3.29,0.5880000000000001,0.10500000000000001,21.97,12.62,11.3,23.92,43.14,17.22,274.0,0.307,47.0,17.15,7.0,2.55,0.931,0.292,24.58,14.19,11.31,25.51,43.08,17.42,136.0,0.208,31.0,22.79,10.0,7.35,0.545,0.07200000000000004,30.97,13.97,18.56,32.53,31.8,24.6,407.0,0.249,84.0,20.64,29.0,7.13,0.7010000000000001,0.146,29.66,13.56,17.04,30.6,29.49,20.14
746382,2024-06-04,2024,676801,R,502043,R,field_out,False,False,79.0,0.197,25.0,31.65,6.0,7.59,0.505,0.04199999999999998,33.76,16.31,16.0,32.31,30.64,22.22,319.0,0.25,82.0,25.71,27.0,8.46,0.769,0.186,28.62,13.94,15.79,29.73,30.75,21.75,136.0,0.208,31.0,22.79,10.0,7.35,0.545,0.07200000000000004,30.97,13.97,18.56,32.53,31.8,24.6,407.0,0.249,84.0,20.64,29.0,7.13,0.7010000000000001,0.146,29.66,13.56,17.04,30.6,29.49,20.14
746382,2024-06-04,2024,514888,R,502043,R,field_out,False,False,193.0,0.3,35.0,18.13,12.0,6.22,0.819,0.172,19.33,9.72,17.18,26.9,36.64,17.16,297.0,0.322,55.0,18.52,32.0,10.77,0.941,0.218,19.43,8.47,19.0,27.48,31.81,17.74,136.0,0.208,31.0,22.79,10.0,7.35,0.545,0.07200000000000004,30.97,13.97,18.56,32.53,31.8,24.6,407.0,0.249,84.0,20.64,29.0,7.13,0.7010000000000001,0.146,29.66,13.56,17.04,30.6,29.49,20.14
746382,2024-06-04,2024,671056,R,656786,L,strikeout,True,False,47.0,0.238,8.0,17.02,3.0,6.38,0.631,0.09500000000000003,27.59,13.04,16.3,29.35,17.65,14.29,8.0,0.286,1.0,12.5,1.0,12.5,0.661,0.0,6.67,2.94,11.76,14.71,16.67,20.0,24.0,0.143,2.0,8.33,3.0,12.5,0.536,0.143,19.15,8.57,15.24,23.81,22.64,5.71,41.0,0.378,8.0,19.51,3.0,7.32,1.223,0.406,20.83,9.93,14.57,24.5,35.8,16.0
746382,2024-06-04,2024,572761,L,656786,L,field_out,False,False,11.0,0.222,3.0,27.27,1.0,9.09,0.586,0.0,20.0,7.69,21.15,28.85,19.23,15.79,18.0,0.286,3.0,16.67,3.0,16.67,0.96,0.285,15.62,5.56,23.33,28.89,20.0,8.82,21.0,0.333,1.0,4.76,1.0,4.76,0.714,0.0,14.29,6.67,18.67,25.33,22.58,5.0,28.0,0.208,7.0,25.0,1.0,3.57,0.696,0.167,25.0,12.5,20.19,32.69,29.55,21.21
746382,2024-06-04,2024,672279,L,656786,L,field_out,False,False,48.0,0.071,13.0,27.08,2.0,4.17,0.20400000000000001,0.0,25.25,13.89,18.33,32.22,33.8,18.06,3.0,0.0,0.0,0.0,1.0,33.33,0.333,0.0,33.33,6.67,20.0,26.67,10.0,0.0,21.0,0.333,1.0,4.76,1.0,4.76,0.714,0.0,14.29,6.67,18.67,25.33,22.58,5.0,28.0,0.208,7.0,25.0,1.0,3.57,0.696,0.167,25.0,12.5,20.19,32.69,29.55,21.21
746382,2024-06-04,2024,643289,R,502043,R,field_out,False,False,97.0,0.275,7.0,7.22,4.0,4.12,0.6719999999999999,0.08799999999999997,16.76,9.55,12.74,22.29,41.21,8.05,375.0,0.263,58.0,15.47,13.0,3.47,0.6779999999999999,0.124,19.01,10.95,13.18,24.13,40.64,15.68,136.0,0.208,31.0,22.79,10.0,7.35,0.545,0.07200000000000004,30.97,13.97,18.56,32.53,31.8,24.6,407.0,0.249,84.0,20.64,29.0,7.13,0.7010000000000001,0.146,29.66,13.56,17.04,30.6,29.49,20.14
746382,2024-06-04,2024,670541,L,502043,R,double,False,False,166.0,0.264,24.0,14.46,19.0,11.45,0.862,0.243,19.06,8.59,16.69,25.28,30.47,14.2,322.0,0.292,55.0,17.08,49.0,15.22,1.044,0.333,21.1,8.88,15.37,24.25,23.99,15.32,157.0,0.246,29.0,18.47,18.0,11.46,0.8400000000000001,0.254,22.5,8.75,17.34,26.09,23.68,22.48,402.0,0.292,73.0,18.16,26.0,6.47,0.8180000000000001,0.188,21.2,9.58,16.26,25.84,26.03,18.09
746382,2024-06-04,2024,608324,R,502043,R,strikeout,True,False,167.0,0.252,30.0,17.96,14.0,8.38,0.761,0.198,14.63,6.56,19.85,26.41,23.68,15.08,508.0,0.282,67.0,13.19,65.0,12.8,0.8500000000000001,0.186,14.53,5.58,19.65,25.23,16.96,12.88,136.0,0.208,31.0,22.79,10.0,7.35,0.545,0.07200000000000004,30.97,13.97,18.56,32.53,31.8,24.6,407.0,0.249,84.0,20.64,29.0,7.13,0.7010000000000001,0.146,29.66,13.56,17.04,30.6,29.49,20.14
746382,2024-06-04,2024,676694,R,502043,R,single,False,False,116.0,0.311,26.0,22.41,7.0,6.03,0.841,0.16999999999999998,33.33,15.99,15.99,31.98,30.3,23.21,263.0,0.218,69.0,26.24,18.0,6.84,0.6459999999999999,0.146,25.89,12.2,16.27,28.47,24.49,21.12,136.0,0.208,31.0,22.79,10.0,7.35,0.545,0.07200000000000004,30.97,13.97,18.56,32.53,31.8,24.6,407.0,0.249,84.0,20.64,29.0,7.13,0.7010000000000001,0.146,29.66,13.56,17.04,30.6,29.49,20.14
746382,2024-06-04,2024,665161,R,502043,R,single,False,False,179.0,0.281,34.0,18.99,7.0,3.91,0.677,0.07199999999999995,25.0,13.09,14.76,27.85,35.77,16.35,461.0,0.239,107.0,23.21,34.0,7.38,0.655,0.1089999999999999,30.36,15.5,13.92,29.42,35.52,20.7,136.0,0.208,31.0,22.79,10.0,7.35,0.545,0.07200000000000004,30.97,13.97,18.56,32.53,31.8,24.6,407.0,0.249,84.0,20.64,29.0,7.13,0.7010000000000001,0.146,29.66,13.56,17.04,30.6,29.49,20.14
746382,2024-06-04,2024,572138,L,502043,R,walk,False,True,122.0,0.223,27.0,22.13,18.0,14.75,0.6950000000000001,0.13599999999999998,25.26,10.08,18.7,28.78,19.59,21.43,79.0,0.13,19.0,24.05,9.0,11.39,0.402,0.0439999999999999,22.79,9.69,16.56,26.25,24.43,21.11,157.0,0.246,29.0,18.47,18.0,11.46,0.8400000000000001,0.254,22.5,8.75,17.34,26.09,23.68,22.48,402.0,0.292,73.0,18.16,26.0,6.47,0.8180000000000001,0.188,21.2,9.58,16.26,25.84,26.03,18.09
746382,2024-06-04,2024,673237,R,552640,R,field_out,False,False,152.0,0.231,26.0,17.11,5.0,3.29,0.5880000000000001,0.10500000000000001,21.97,12.62,11.3,23.92,43.14,17.22,274.0,0.307,47.0,17.15,7.0,2.55,0.931,0.292,24.58,14.19,11.31,25.51,43.08,17.42,63.0,0.169,14.0,22.22,4.0,6.35,0.45899999999999996,0.06799999999999998,24.8,13.9,14.35,28.25,42.86,22.22,31.0,0.333,7.0,22.58,0.0,0.0,0.788,0.0999999999999999,20.0,11.21,15.89,27.1,40.0,22.58
746382,2024-06-04,2024,691026,R,661527,R,strikeout,True,False,125.0,0.321,19.0,15.2,10.0,8.0,0.77,0.08300000000000002,17.32,7.95,18.89,26.84,27.39,13.01,100.0,0.161,19.0,19.0,9.0,9.0,0.478,0.0799999999999999,21.56,9.11,22.03,31.14,24.87,14.88,69.0,0.161,13.0,18.84,5.0,7.25,0.536,0.12899999999999998,27.56,13.36,17.56,30.92,32.06,15.29,113.0,0.221,34.0,30.09,3.0,2.65,0.687,0.183,25.62,12.06,18.56,30.63,28.44,23.61
746382,2024-06-04,2024,676475,L,661527,R,field_out,False,False,129.0,0.306,20.0,15.5,5.0,3.88,0.8089999999999999,0.16999999999999998,19.47,11.14,12.23,23.36,34.51,15.62,318.0,0.243,39.0,12.26,21.0,6.6,0.698,0.156,17.66,9.16,14.01,23.17,33.05,13.13,55.0,0.208,3.0,5.45,7.0,12.73,0.642,0.12500000000000003,20.69,8.45,14.08,22.54,16.07,6.52,82.0,0.333,11.0,13.41,16.0,19.51,0.948,0.1519999999999999,25.17,10.82,14.04,24.85,24.73,10.58
746382,2024-06-04,2024,502671,R,661527,R,field_out,False,False,183.0,0.212,64.0,34.97,16.0,8.74,0.6439999999999999,0.146,31.02,14.76,18.45,33.21,30.4,21.75,518.0,0.259,120.0,23.17,67.0,12.93,0.8049999999999999,0.187,27.85,12.3,17.85,30.16,25.85,17.44,69.0,0.161,13.0,18.84,5.0,7.25,0.536,0.12899999999999998,27.56,13.36,17.56,30.92,32.06,15.29,113.0,0.221,34.0,30.09,3.0,2.65,0.687,0.183,25.62,12.06,18.56,30.63,28.44,23.61
746382,2024-06-04,2024,676801,R,552640,R,strikeout,True,False,79.0,0.197,25.0,31.65,6.0,7.59,0.505,0.04199999999999998,33.76,16.31,16.0,32.31,30.64,22.22,319.0,0.25,82.0,25.71,27.0,8.46,0.769,0.186,28.62,13.94,15.79,29.73,30.75,21.75,63.0,0.169,14.0,22.22,4.0,6.35,0.45899999999999996,0.06799999999999998,24.8,13.9,14.35,28.25,42.86,22.22,31.0,0.333,7.0,22.58,0.0,0.0,0.788,0.0999999999999999,20.0,11.21,15.89,27.1,40.0,22.58
746382,2024-06-04,2024,514888,R,552640,R,field_out,False,False,193.0,0.3,35.0,18.13,12.0,6.22,0.819,0.172,19.33,9.72,17.18,26.9,36.64,17.16,297.0,0.322,55.0,18.52,32.0,10.77,0.941,0.218,19.43,8.47,19.0,27.48,31.81,17.74,63.0,0.169,14.0,22.22,4.0,6.35,0.45899999999999996,0.06799999999999998,24.8,13.9,14.35,28.25,42.86,22.22,31.0,0.333,7.0,22.58,0.0,0.0,0.788,0.0999999999999999,20.0,11.21,15.89,27.1,40.0,22.58
746382,2024-06-04,2024,643289,R,552640,R,field_error,False,False,97.0,0.275,7.0,7.22,4.0,4.12,0.6719999999999999,0.08799999999999997,16.76,9.55,12.74,22.29,41.21,8.05,375.0,0.263,58.0,15.47,13.0,3.47,0.6779999999999999,0.124,19.01,10.95,13.18,24.13,40.64,15.68,63.0,0.169,14.0,22.22,4.0,6.35,0.45899999999999996,0.06799999999999998,24.8,13.9,14.35,28.25,42.86,22.22,31.0,0.333,7.0,22.58,0.0,0.0,0.788,0.0999999999999999,20.0,11.21,15.89,27.1,40.0,22.58
746382,2024-06-04,2024,670541,L,668941,L,strikeout,True,False,94.0,0.326,20.0,21.28,6.0,6.38,0.849,0.15099999999999997,22.75,11.41,14.11,25.53,37.02,25.0,174.0,0.295,37.0,21.26,20.0,11.49,0.892,0.212,24.91,11.27,17.53,28.79,30.5,20.79,39.0,0.162,14.0,35.9,2.0,5.13,0.367,0.0,35.71,14.97,22.16,37.13,28.05,24.14,42.0,0.105,12.0,28.57,3.0,7.14,0.276,0.0,35.82,14.29,23.21,37.5,22.67,23.53
746382,2024-06-04,2024,669357,L,606160,R,strikeout,True,False,140.0,0.236,52.0,37.14,16.0,11.43,0.8280000000000001,0.268,40.49,19.76,14.26,34.02,31.13,26.94,378.0,0.231,124.0,32.8,42.0,11.11,0.7969999999999999,0.2459999999999999,35.96,17.73,12.12,29.85,28.13,25.15,53.0,0.208,8.0,15.09,5.0,9.43,0.741,0.25,20.39,9.68,13.82,23.5,30.4,11.43,151.0,0.267,35.0,23.18,18.0,11.92,0.7849999999999999,0.1599999999999999,29.78,14.29,12.03,26.32,27.17,16.51
746382,2024-06-04,2024,571448,R,606160,R,strikeout,True,False,187.0,0.275,36.0,19.25,15.0,8.02,0.726,0.11399999999999999,21.52,9.5,20.08,29.59,30.38,16.67,468.0,0.28,81.0,17.31,31.0,6.62,0.8089999999999999,0.2009999999999999,20.4,9.71,17.28,26.99,33.33,16.43,49.0,0.19,10.0,20.41,4.0,8.16,0.592,0.09599999999999997,16.67,7.62,15.24,22.86,26.5,14.49,147.0,0.291,44.0,29.93,11.0,7.48,0.884,0.239,30.51,15.31,14.8,30.1,32.81,22.45
746382,2024-06-04,2024,680977,L,606160,R,walk,False,True,166.0,0.222,28.0,16.87,16.0,9.64,0.6799999999999999,0.13899999999999998,17.25,6.83,20.19,27.02,21.49,15.47,309.0,0.294,43.0,13.92,27.0,8.74,0.831,0.166,14.96,6.32,19.2,25.52,22.53,13.27,53.0,0.208,8.0,15.09,5.0,9.43,0.741,0.25,20.39,9.68,13.82,23.5,30.4,11.43,151.0,0.267,35.0,23.18,18.0,11.92,0.7849999999999999,0.1599999999999999,29.78,14.29,12.03,26.32,27.17,16.51
746382,2024-06-04,2024,671056,R,606160,R,single,False,False,103.0,0.283,25.0,24.27,9.0,8.74,0.72,0.08700000000000002,25.0,10.63,19.81,30.43,30.14,19.84,36.0,0.3,10.0,27.78,4.0,11.11,0.784,0.067,28.57,12.05,14.46,26.51,27.08,17.31,49.0,0.19,10.0,20.41,4.0,8.16,0.592,0.09599999999999997,16.67,7.62,15.24,22.86,26.5,14.49,147.0,0.291,44.0,29.93,11.0,7.48,0.884,0.239,30.51,15.31,14.8,30.1,32.81,22.45
746382,2024-06-04,2024,572761,L,606160,R,field_out,False,False,44.0,0.179,13.0,29.55,4.0,9.09,0.538,0.10299999999999998,32.1,14.29,16.48,30.77,22.73,27.08,220.0,0.167,64.0,29.09,38.0,17.27,0.616,0.1319999999999999,29.37,12.01,18.83,30.84,21.25,22.78,53.0,0.208,8.0,15.09,5.0,9.43,0.741,0.25,20.39,9.68,13.82,23.5,30.4,11.43,151.0,0.267,35.0,23.18,18.0,11.92,0.7849999999999999,0.1599999999999999,29.78,14.29,12.03,26.32,27.17,16.51
746382,2024-06-04,2024,608324,R,668941,L,home_run,False,False,81.0,0.184,5.0,6.17,5.0,6.17,0.5509999999999999,0.132,7.03,3.04,22.64,25.68,24.66,6.02,216.0,0.215,20.0,9.26,27.0,12.5,0.6950000000000001,0.161,13.03,5.13,19.07,24.2,22.25,9.57,77.0,0.229,16.0,20.78,2.0,2.6,0.681,0.18499999999999997,24.48,12.15,18.4,30.56,30.83,19.28,106.0,0.26,30.0,28.3,7.0,6.6,0.6890000000000001,0.1149999999999999,36.41,18.59,17.02,35.6,31.89,28.04
746382,2024-06-04,2024,676694,R,668941,L,single,False,False,48.0,0.2,6.0,12.5,6.0,12.5,0.758,0.22499999999999998,26.92,12.0,17.14,29.14,25.26,13.04,79.0,0.257,19.0,24.05,8.0,10.13,0.785,0.186,30.49,15.72,12.89,28.62,32.93,16.67,77.0,0.229,16.0,20.78,2.0,2.6,0.681,0.18499999999999997,24.48,12.15,18.4,30.56,30.83,19.28,106.0,0.26,30.0,28.3,7.0,6.6,0.6890000000000001,0.1149999999999999,36.41,18.59,17.02,35.6,31.89,28.04
746382,2024-06-04,2024,665161,R,668941,L,sac_bunt,False,False,68.0,0.333,7.0,10.29,1.0,1.47,0.8880000000000001,0.21200000000000002,21.21,12.5,13.39,25.89,40.74,11.29,174.0,0.325,22.0,12.64,9.0,5.17,0.8340000000000001,0.141,23.71,13.93,8.22,22.15,36.96,13.17,77.0,0.229,16.0,20.78,2.0,2.6,0.681,0.18499999999999997,24.48,12.15,18.4,30.56,30.83,19.28,106.0,0.26,30.0,28.3,7.0,6.6,0.6890000000000001,0.1149999999999999,36.41,18.59,17.02,35.6,31.89,28.04
746382,2024-06-04,2024,547989,R,668941,L,strikeout,True,False,28.0,0.08,5.0,17.86,2.0,7.14,0.299,0.039999999999999994,29.31,14.17,13.33,27.5,26.56,13.89,179.0,0.235,36.0,20.11,15.0,8.38,0.74,0.209,19.78,9.63,17.94,27.57,34.21,14.69,77.0,0.229,16.0,20.78,2.0,2.6,0.681,0.18499999999999997,24.48,12.15,18.4,30.56,30.83,19.28,106.0,0.26,30.0,28.3,7.0,6.6,0.6890000000000001,0.1149999999999999,36.41,18.59,17.02,35.6,31.89,28.04
746382,2024-06-04,2024,673237,R,668941,L,home_run,False,False,58.0,0.296,7.0,12.07,3.0,5.17,0.808,0.16700000000000004,20.61,12.27,8.64,20.91,37.72,9.72,103.0,0.214,27.0,26.21,4.0,3.88,0.621,0.164,35.0,21.33,9.97,31.3,46.31,24.76,77.0,0.229,16.0,20.78,2.0,2.6,0.681,0.18499999999999997,24.48,12.15,18.4,30.56,30.83,19.28,106.0,0.26,30.0,28.3,7.0,6.6,0.6890000000000001,0.1149999999999999,36.41,18.59,17.02,35.6,31.89,28.04
746382,2024-06-04,2024,676801,R,668941,L,field_error,False,False,27.0,0.208,5.0,18.52,3.0,11.11,0.504,0.0,21.15,11.34,13.4,24.74,31.91,19.23,138.0,0.325,35.0,25.36,13.0,9.42,1.009,0.285,31.52,15.56,12.88,28.44,29.0,20.96,77.0,0.229,16.0,20.78,2.0,2.6,0.681,0.18499999999999997,24.48,12.15,18.4,30.56,30.83,19.28,106.0,0.26,30.0,28.3,7.0,6.6,0.6890000000000001,0.1149999999999999,36.41,18.59,17.02,35.6,31.89,28.04
746382,2024-06-04,2024,514888,R,702795,R,double,False,False,193.0,0.3,35.0,18.13,12.0,6.22,0.819,0.172,19.33,9.72,17.18,26.9,36.64,17.16,297.0,0.322,55.0,18.52,32.0,10.77,0.941,0.218,19.43,8.47,19.0,27.48,31.81,17.74,5.0,0.4,0.0,0.0,0.0,0.0,1.0,0.19999999999999996,14.29,6.25,25.0,31.25,33.33,0.0,,,,,,,,,,,,,,
746382,2024-06-04,2024,643289,R,702795,R,field_out,False,False,97.0,0.275,7.0,7.22,4.0,4.12,0.6719999999999999,0.08799999999999997,16.76,9.55,12.74,22.29,41.21,8.05,375.0,0.263,58.0,15.47,13.0,3.47,0.6779999999999999,0.124,19.01,10.95,13.18,24.13,40.64,15.68,5.0,0.4,0.0,0.0,0.0,0.0,1.0,0.19999999999999996,14.29,6.25,25.0,31.25,33.33,0.0,,,,,,,,,,,,,,
746382,2024-06-04,2024,665877,R,623352,L,field_out,False,False,17.0,0.188,2.0,11.76,1.0,5.88,0.423,0.0,8.82,4.11,17.81,21.92,28.12,8.0,19.0,0.176,2.0,10.53,2.0,10.53,0.439,0.0,7.41,3.08,23.08,26.15,30.0,13.33,88.0,0.212,33.0,37.5,8.0,9.09,0.622,0.12600000000000003,37.37,19.22,13.51,32.73,31.66,24.63,184.0,0.146,69.0,37.5,24.0,13.04,0.489,0.071,31.35,15.37,13.74,29.1,32.49,22.62
746382,2024-06-04,2024,691026,R,623352,L,strikeout,True,False,68.0,0.254,14.0,20.59,5.0,7.35,0.753,0.19,15.33,7.29,18.06,25.35,32.59,17.5,37.0,0.2,7.0,18.92,1.0,2.7,0.445,0.0289999999999999,21.54,10.0,20.0,30.0,25.4,18.92,88.0,0.212,33.0,37.5,8.0,9.09,0.622,0.12600000000000003,37.37,19.22,13.51,32.73,31.66,24.63,184.0,0.146,69.0,37.5,24.0,13.04,0.489,0.071,31.35,15.37,13.74,29.1,32.49,22.62
746382,2024-06-04,2024,676475,L,623352,L,field_out,False,False,49.0,0.174,5.0,10.2,2.0,4.08,0.512,0.13,20.59,11.8,10.11,21.91,34.12,10.42,29.0,0.259,6.0,20.69,2.0,6.9,0.606,0.0369999999999999,18.18,9.62,19.23,28.85,41.82,19.35,23.0,0.1,12.0,52.17,2.0,8.7,0.374,0.1,45.1,23.23,14.14,37.37,35.29,37.5,47.0,0.231,16.0,34.04,6.0,12.77,0.589,0.0249999999999999,40.59,21.13,11.34,32.47,38.1,28.07
745009,2024-06-04,2024,672761,L,543135,R,field_out,False,False,118.0,0.238,24.0,20.34,11.0,9.32,0.727,0.181,19.07,8.42,18.89,27.31,24.9,15.48,,,,,,,,,,,,,,,87.0,0.177,29.0,33.33,7.0,8.05,0.519,0.10100000000000003,31.45,15.38,18.77,34.15,33.33,31.52,264.0,0.201,52.0,19.7,17.0,6.44,0.579,0.123,25.95,12.73,14.8,27.54,27.76,20.08
745009,2024-06-04,2024,682985,L,543135,R,strikeout,True,False,199.0,0.269,53.0,26.63,29.0,14.57,0.864,0.21599999999999997,29.82,12.16,17.57,29.73,21.11,23.14,323.0,0.291,84.0,26.01,28.0,8.67,0.826,0.182,27.26,12.45,16.06,28.52,24.68,20.14,87.0,0.177,29.0,33.33,7.0,8.05,0.519,0.10100000000000003,31.45,15.38,18.77,34.15,33.33,31.52,264.0,0.201,52.0,19.7,17.0,6.44,0.579,0.123,25.95,12.73,14.8,27.54,27.76,20.08
745009,2024-06-04,2024,592192,R,543135,R,field_out,False,False,176.0,0.24,36.0,20.45,19.0,10.8,0.71,0.127,21.66,8.44,23.07,31.5,20.55,17.48,341.0,0.261,56.0,16.42,28.0,8.21,0.721,0.1079999999999999,18.91,7.86,21.98,29.84,23.71,13.49,115.0,0.235,24.0,20.87,12.0,10.43,0.748,0.183,30.32,14.89,14.67,29.56,30.58,17.27,315.0,0.245,80.0,25.4,30.0,9.52,0.762,0.188,26.86,12.53,15.37,27.9,29.24,19.32
745009,2024-06-04,2024,543760,R,669373,L,home_run,False,False,84.0,0.346,13.0,15.48,6.0,7.14,0.996,0.257,18.79,8.97,15.38,24.36,24.2,16.88,210.0,0.283,33.0,15.71,20.0,9.52,0.8009999999999999,0.156,18.13,8.56,14.97,23.53,20.61,16.58,235.0,0.193,72.0,30.64,10.0,4.26,0.54,0.121,31.16,16.19,17.83,34.03,31.11,24.66,268.0,0.21,98.0,36.57,12.0,4.48,0.567,0.103,33.05,17.57,16.29,33.85,34.51,25.72
745009,2024-06-04,2024,608369,L,669373,L,field_out,False,False,83.0,0.244,25.0,30.12,1.0,1.2,0.631,0.134,27.85,15.55,12.01,27.56,30.16,36.23,166.0,0.314,33.0,19.88,7.0,4.22,0.881,0.218,27.65,15.41,9.68,25.09,30.66,22.92,48.0,0.182,14.0,29.17,3.0,6.25,0.432,0.0,28.92,14.2,20.71,34.91,36.84,28.0,42.0,0.125,4.0,9.52,2.0,4.76,0.367,0.075,15.62,7.94,17.46,25.4,22.45,17.39
745009,2024-06-04,2024,543257,R,669373,L,field_out,False,False,50.0,0.282,8.0,16.0,10.0,20.0,0.7789999999999999,0.07700000000000001,19.44,6.64,24.17,30.81,20.35,13.11,137.0,0.309,32.0,23.36,23.0,16.79,0.952,0.227,18.93,6.53,22.61,29.15,11.97,17.49,235.0,0.193,72.0,30.64,10.0,4.26,0.54,0.121,31.16,16.19,17.83,34.03,31.11,24.66,268.0,0.21,98.0,36.57,12.0,4.48,0.567,0.103,33.05,17.57,16.29,33.85,34.51,25.72
745009,2024-06-04,2024,666969,R,669373,L,field_out,False,False,77.0,0.279,22.0,28.57,5.0,6.49,0.8400000000000001,0.236,27.67,16.67,9.47,26.14,36.36,28.95,152.0,0.244,37.0,24.34,24.0,15.79,0.866,0.26,31.62,13.61,14.56,28.16,22.03,21.26,235.0,0.193,72.0,30.64,10.0,4.26,0.54,0.121,31.16,16.19,17.83,34.03,31.11,24.66,268.0,0.21,98.0,36.57,12.0,4.48,0.567,0.103,33.05,17.57,16.29,33.85,34.51,25.72
745009,2024-06-04,2024,570482,R,543135,R,strikeout,True,False,85.0,0.312,10.0,11.76,3.0,3.53,0.779,0.126,20.0,10.07,18.12,28.19,33.79,14.29,175.0,0.276,30.0,17.14,9.0,5.14,0.653,0.061,20.55,11.01,13.8,24.82,34.39,12.39,115.0,0.235,24.0,20.87,12.0,10.43,0.748,0.183,30.32,14.89,14.67,29.56,30.58,17.27,315.0,0.245,80.0,25.4,30.0,9.52,0.762,0.188,26.86,12.53,15.37,27.9,29.24,19.32
745009,2024-06-04,2024,690993,L,543135,R,field_out,False,False,165.0,0.224,28.0,16.97,11.0,6.67,0.5820000000000001,0.07899999999999999,23.1,10.95,16.18,27.12,31.55,18.06,,,,,,,,,,,,,,,87.0,0.177,29.0,33.33,7.0,8.05,0.519,0.10100000000000003,31.45,15.38,18.77,34.15,33.33,31.52,264.0,0.201,52.0,19.7,17.0,6.44,0.579,0.123,25.95,12.73,14.8,27.54,27.76,20.08
745009,2024-06-04,2024,669234,R,543135,R,field_out,False,False,3.0,0.0,2.0,66.67,0.0,0.0,0.0,0.0,83.33,50.0,10.0,60.0,25.0,100.0,,,,,,,,,,,,,,,115.0,0.235,24.0,20.87,12.0,10.43,0.748,0.183,30.32,14.89,14.67,29.56,30.58,17.27,315.0,0.245,80.0,25.4,30.0,9.52,0.762,0.188,26.86,12.53,15.37,27.9,29.24,19.32
745009,2024-06-04,2024,641680,R,669373,L,strikeout,True,False,63.0,0.241,8.0,12.7,4.0,6.35,0.6479999999999999,0.121,15.87,9.48,10.43,19.91,30.61,13.79,90.0,0.329,13.0,14.44,7.0,7.78,0.866,0.1589999999999999,20.1,11.3,11.3,22.6,34.86,13.0,235.0,0.193,72.0,30.64,10.0,4.26,0.54,0.121,31.16,16.19,17.83,34.03,31.11,24.66,268.0,0.21,98.0,36.57,12.0,4.48,0.567,0.103,33.05,17.57,16.29,33.85,34.51,25.72
745009,2024-06-04,2024,694671,R,669373,L,single,False,False,39.0,0.229,12.0,30.77,3.0,7.69,0.711,0.19999999999999998,30.99,12.79,20.35,33.14,24.14,21.43,,,,,,,,,,,,,,,235.0,0.193,72.0,30.64,10.0,4.26,0.54,0.121,31.16,16.19,17.83,34.03,31.11,24.66,268.0,0.21,98.0,36.57,12.0,4.48,0.567,0.103,33.05,17.57,16.29,33.85,34.51,25.72
745009,2024-06-04,2024,669701,L,669373,L,field_out,False,False,53.0,0.298,15.0,28.3,3.0,5.66,0.739,0.064,25.81,12.57,17.28,29.84,26.74,24.19,33.0,0.12,9.0,27.27,6.0,18.18,0.6930000000000001,0.24,26.09,9.3,20.93,30.23,19.44,31.03,48.0,0.182,14.0,29.17,3.0,6.25,0.432,0.0,28.92,14.2,20.71,34.91,36.84,28.0,42.0,0.125,4.0,9.52,2.0,4.76,0.367,0.075,15.62,7.94,17.46,25.4,22.45,17.39
745009,2024-06-04,2024,677649,R,669373,L,field_out,False,False,56.0,0.235,13.0,23.21,5.0,8.93,0.579,0.040000000000000036,22.94,12.5,14.0,26.5,38.0,24.07,132.0,0.273,34.0,25.76,10.0,7.58,0.837,0.2309999999999999,27.68,14.45,13.29,27.75,34.33,21.12,235.0,0.193,72.0,30.64,10.0,4.26,0.54,0.121,31.16,16.19,17.83,34.03,31.11,24.66,268.0,0.21,98.0,36.57,12.0,4.48,0.567,0.103,33.05,17.57,16.29,33.85,34.51,25.72
745009,2024-06-04,2024,668731,L,543135,R,strikeout,True,False,18.0,0.188,6.0,33.33,1.0,5.56,0.722,0.312,30.77,18.46,10.77,29.23,45.95,28.57,347.0,0.218,87.0,25.07,42.0,12.1,0.688,0.158,25.51,11.78,14.66,26.44,24.86,21.97,87.0,0.177,29.0,33.33,7.0,8.05,0.519,0.10100000000000003,31.45,15.38,18.77,34.15,33.33,31.52,264.0,0.201,52.0,19.7,17.0,6.44,0.579,0.123,25.95,12.73,14.8,27.54,27.76,20.08
745009,2024-06-04,2024,595879,R,543135,R,strikeout,True,False,141.0,0.18,33.0,23.4,4.0,2.84,0.44699999999999995,0.061,30.15,16.19,16.39,32.58,47.16,22.45,408.0,0.218,98.0,24.02,12.0,2.94,0.573,0.099,34.03,18.61,14.09,32.7,45.18,22.9,115.0,0.235,24.0,20.87,12.0,10.43,0.748,0.183,30.32,14.89,14.67,29.56,30.58,17.27,315.0,0.245,80.0,25.4,30.0,9.52,0.762,0.188,26.86,12.53,15.37,27.9,29.24,19.32
745009,2024-06-04,2024,668670,R,543135,R,home_run,False,False,86.0,0.247,28.0,32.56,3.0,3.49,0.723,0.185,32.17,14.42,20.06,34.48,23.38,31.11,259.0,0.215,84.0,32.43,20.0,7.72,0.676,0.18,31.32,14.43,18.81,33.23,22.13,28.38,115.0,0.235,24.0,20.87,12.0,10.43,0.748,0.183,30.32,14.89,14.67,29.56,30.58,17.27,315.0,0.245,80.0,25.4,30.0,9.52,0.762,0.188,26.86,12.53,15.37,27.9,29.24,19.32
745009,2024-06-04,2024,672761,L,543135,R,field_out,False,False,118.0,0.238,24.0,20.34,11.0,9.32,0.727,0.181,19.07,8.42,18.89,27.31,24.9,15.48,,,,,,,,,,,,,,,87.0,0.177,29.0,33.33,7.0,8.05,0.519,0.10100000000000003,31.45,15.38,18.77,34.15,33.33,31.52,264.0,0.201,52.0,19.7,17.0,6.44,0.579,0.123,25.95,12.73,14.8,27.54,27.76,20.08
745009,2024-06-04,2024,665750,R,669373,L,field_out,False,False,70.0,0.21,15.0,21.43,7.0,10.0,0.58,0.07999999999999999,30.17,13.16,15.04,28.2,21.68,22.39,150.0,0.241,31.0,20.67,10.0,6.67,0.638,0.102,22.26,10.54,15.89,26.42,25.0,19.38,235.0,0.193,72.0,30.64,10.0,4.26,0.54,0.121,31.16,16.19,17.83,34.03,31.11,24.66,268.0,0.21,98.0,36.57,12.0,4.48,0.567,0.103,33.05,17.57,16.29,33.85,34.51,25.72
745009,2024-06-04,2024,543760,R,669373,L,single,False,False,84.0,0.346,13.0,15.48,6.0,7.14,0.996,0.257,18.79,8.97,15.38,24.36,24.2,16.88,210.0,0.283,33.0,15.71,20.0,9.52,0.8009999999999999,0.156,18.13,8.56,14.97,23.53,20.61,16.58,235.0,0.193,72.0,30.64,10.0,4.26,0.54,0.121,31.16,16.19,17.83,34.03,31.11,24.66,268.0,0.21,98.0,36.57,12.0,4.48,0.567,0.103,33.05,17.57,16.29,33.85,34.51,25.72
745009,2024-06-04,2024,608369,L,669373,L,single,False,False,83.0,0.244,25.0,30.12,1.0,1.2,0.631,0.134,27.85,15.55,12.01,27.56,30.16,36.23,166.0,0.314,33.0,19.88,7.0,4.22,0.881,0.218,27.65,15.41,9.68,25.09,30.66,22.92,48.0,0.182,14.0,29.17,3.0,6.25,0.432,0.0,28.92,14.2,20.71,34.91,36.84,28.0,42.0,0.125,4.0,9.52,2.0,4.76,0.367,0.075,15.62,7.94,17.46,25.4,22.45,17.39
745009,2024-06-04,2024,543257,R,669373,L,grounded_into_double_play,False,False,50.0,0.282,8.0,16.0,10.0,20.0,0.7789999999999999,0.07700000000000001,19.44,6.64,24.17,30.81,20.35,13.11,137.0,0.309,32.0,23.36,23.0,16.79,0.952,0.227,18.93,6.53,22.61,29.15,11.97,17.49,235.0,0.193,72.0,30.64,10.0,4.26,0.54,0.121,31.16,16.19,17.83,34.03,31.11,24.66,268.0,0.21,98.0,36.57,12.0,4.48,0.567,0.103,33.05,17.57,16.29,33.85,34.51,25.72
745009,2024-06-04,2024,682985,L,543135,R,strikeout,True,False,199.0,0.269,53.0,26.63,29.0,14.57,0.864,0.21599999999999997,29.82,12.16,17.57,29.73,21.11,23.14,323.0,0.291,84.0,26.01,28.0,8.67,0.826,0.182,27.26,12.45,16.06,28.52,24.68,20.14,87.0,0.177,29.0,33.33,7.0,8.05,0.519,0.10100000000000003,31.45,15.38,18.77,34.15,33.33,31.52,264.0,0.201,52.0,19.7,17.0,6.44,0.579,0.123,25.95,12.73,14.8,27.54,27.76,20.08
745009,2024-06-04,2024,592192,R,543135,R,strikeout,True,False,176.0,0.24,36.0,20.45,19.0,10.8,0.71,0.127,21.66,8.44,23.07,31.5,20.55,17.48,341.0,0.261,56.0,16.42,28.0,8.21,0.721,0.1079999999999999,18.91,7.86,21.98,29.84,23.71,13.49,115.0,0.235,24.0,20.87,12.0,10.43,0.748,0.183,30.32,14.89,14.67,29.56,30.58,17.27,315.0,0.245,80.0,25.4,30.0,9.52,0.762,0.188,26.86,12.53,15.37,27.9,29.24,19.32
745009,2024-06-04,2024,570482,R,543135,R,single,False,False,85.0,0.312,10.0,11.76,3.0,3.53,0.779,0.126,20.0,10.07,18.12,28.19,33.79,14.29,175.0,0.276,30.0,17.14,9.0,5.14,0.653,0.061,20.55,11.01,13.8,24.82,34.39,12.39,115.0,0.235,24.0,20.87,12.0,10.43,0.748,0.183,30.32,14.89,14.67,29.56,30.58,17.27,315.0,0.245,80.0,25.4,30.0,9.52,0.762,0.188,26.86,12.53,15.37,27.9,29.24,19.32
745009,2024-06-04,2024,690993,L,543135,R,field_out,False,False,165.0,0.224,28.0,16.97,11.0,6.67,0.5820000000000001,0.07899999999999999,23.1,10.95,16.18,27.12,31.55,18.06,,,,,,,,,,,,,,,87.0,0.177,29.0,33.33,7.0,8.05,0.519,0.10100000000000003,31.45,15.38,18.77,34.15,33.33,31.52,264.0,0.201,52.0,19.7,17.0,6.44,0.579,0.123,25.95,12.73,14.8,27.54,27.76,20.08
745009,2024-06-04,2024,666969,R,669373,L,strikeout,True,False,77.0,0.279,22.0,28.57,5.0,6.49,0.8400000000000001,0.236,27.67,16.67,9.47,26.14,36.36,28.95,152.0,0.244,37.0,24.34,24.0,15.79,0.866,0.26,31.62,13.61,14.56,28.16,22.03,21.26,235.0,0.193,72.0,30.64,10.0,4.26,0.54,0.121,31.16,16.19,17.83,34.03,31.11,24.66,268.0,0.21,98.0,36.57,12.0,4.48,0.567,0.103,33.05,17.57,16.29,33.85,34.51,25.72
745009,2024-06-04,2024,641680,R,669373,L,field_out,False,False,63.0,0.241,8.0,12.7,4.0,6.35,0.6479999999999999,0.121,15.87,9.48,10.43,19.91,30.61,13.79,90.0,0.329,13.0,14.44,7.0,7.78,0.866,0.1589999999999999,20.1,11.3,11.3,22.6,34.86,13.0,235.0,0.193,72.0,30.64,10.0,4.26,0.54,0.121,31.16,16.19,17.83,34.03,31.11,24.66,268.0,0.21,98.0,36.57,12.0,4.48,0.567,0.103,33.05,17.57,16.29,33.85,34.51,25.72
745009,2024-06-04,2024,694671,R,669373,L,triple,False,False,39.0,0.229,12.0,30.77,3.0,7.69,0.711,0.19999999999999998,30.99,12.79,20.35,33.14,24.14,21.43,,,,,,,,,,,,,,,235.0,0.193,72.0,30.64,10.0,4.26,0.54,0.121,31.16,16.19,17.83,34.03,31.11,24.66,268.0,0.21,98.0,36.57,12.0,4.48,0.567,0.103,33.05,17.57,16.29,33.85,34.51,25.72
745009,2024-06-04,2024,669701,L,669373,L,field_out,False,False,53.0,0.298,15.0,28.3,3.0,5.66,0.739,0.064,25.81,12.57,17.28,29.84,26.74,24.19,33.0,0.12,9.0,27.27,6.0,18.18,0.6930000000000001,0.24,26.09,9.3,20.93,30.23,19.44,31.03,48.0,0.182,14.0,29.17,3.0,6.25,0.432,0.0,28.92,14.2,20.71,34.91,36.84,28.0,42.0,0.125,4.0,9.52,2.0,4.76,0.367,0.075,15.62,7.94,17.46,25.4,22.45,17.39
745009,2024-06-04,2024,669234,R,543135,R,strikeout,True,False,3.0,0.0,2.0,66.67,0.0,0.0,0.0,0.0,83.33,50.0,10.0,60.0,25.0,100.0,,,,,,,,,,,,,,,115.0,0.235,24.0,20.87,12.0,10.43,0.748,0.183,30.32,14.89,14.67,29.56,30.58,17.27,315.0,0.245,80.0,25.4,30.0,9.52,0.762,0.188,26.86,12.53,15.37,27.9,29.24,19.32
745009,2024-06-04,2024,668731,L,543135,R,field_out,False,False,18.0,0.188,6.0,33.33,1.0,5.56,0.722,0.312,30.77,18.46,10.77,29.23,45.95,28.57,347.0,0.218,87.0,25.07,42.0,12.1,0.688,0.158,25.51,11.78,14.66,26.44,24.86,21.97,87.0,0.177,29.0,33.33,7.0,8.05,0.519,0.10100000000000003,31.45,15.38,18.77,34.15,33.33,31.52,264.0,0.201,52.0,19.7,17.0,6.44,0.579,0.123,25.95,12.73,14.8,27.54,27.76,20.08
745009,2024-06-04,2024,595879,R,543135,R,field_out,False,False,141.0,0.18,33.0,23.4,4.0,2.84,0.44699999999999995,0.061,30.15,16.19,16.39,32.58,47.16,22.45,408.0,0.218,98.0,24.02,12.0,2.94,0.573,0.099,34.03,18.61,14.09,32.7,45.18,22.9,115.0,0.235,24.0,20.87,12.0,10.43,0.748,0.183,30.32,14.89,14.67,29.56,30.58,17.27,315.0,0.245,80.0,25.4,30.0,9.52,0.762,0.188,26.86,12.53,15.37,27.9,29.24,19.32
745009,2024-06-04,2024,677649,R,669373,L,field_out,False,False,56.0,0.235,13.0,23.21,5.0,8.93,0.579,0.040000000000000036,22.94,12.5,14.0,26.5,38.0,24.07,132.0,0.273,34.0,25.76,10.0,7.58,0.837,0.2309999999999999,27.68,14.45,13.29,27.75,34.33,21.12,235.0,0.193,72.0,30.64,10.0,4.26,0.54,0.121,31.16,16.19,17.83,34.03,31.11,24.66,268.0,0.21,98.0,36.57,12.0,4.48,0.567,0.103,33.05,17.57,16.29,33.85,34.51,25.72
745009,2024-06-04,2024,665750,R,669373,L,strikeout,True,False,70.0,0.21,15.0,21.43,7.0,10.0,0.58,0.07999999999999999,30.17,13.16,15.04,28.2,21.68,22.39,150.0,0.241,31.0,20.67,10.0,6.67,0.638,0.102,22.26,10.54,15.89,26.42,25.0,19.38,235.0,0.193,72.0,30.64,10.0,4.26,0.54,0.121,31.16,16.19,17.83,34.03,31.11,24.66,268.0,0.21,98.0,36.57,12.0,4.48,0.567,0.103,33.05,17.57,16.29,33.85,34.51,25.72
745009,2024-06-04,2024,543760,R,669373,L,walk,False,True,84.0,0.346,13.0,15.48,6.0,7.14,0.996,0.257,18.79,8.97,15.38,24.36,24.2,16.88,210.0,0.283,33.0,15.71,20.0,9.52,0.8009999999999999,0.156,18.13,8.56,14.97,23.53,20.61,16.58,235.0,0.193,72.0,30.64,10.0,4.26,0.54,0.121,31.16,16.19,17.83,34.03,31.11,24.66,268.0,0.21,98.0,36.57,12.0,4.48,0.567,0.103,33.05,17.57,16.29,33.85,34.51,25.72
745009,2024-06-04,2024,608369,L,669373,L,single,False,False,83.0,0.244,25.0,30.12,1.0,1.2,0.631,0.134,27.85,15.55,12.01,27.56,30.16,36.23,166.0,0.314,33.0,19.88,7.0,4.22,0.881,0.218,27.65,15.41,9.68,25.09,30.66,22.92,48.0,0.182,14.0,29.17,3.0,6.25,0.432,0.0,28.92,14.2,20.71,34.91,36.84,28.0,42.0,0.125,4.0,9.52,2.0,4.76,0.367,0.075,15.62,7.94,17.46,25.4,22.45,17.39
745009,2024-06-04,2024,543257,R,669373,L,strikeout,True,False,50.0,0.282,8.0,16.0,10.0,20.0,0.7789999999999999,0.07700000000000001,19.44,6.64,24.17,30.81,20.35,13.11,137.0,0.309,32.0,23.36,23.0,16.79,0.952,0.227,18.93,6.53,22.61,29.15,11.97,17.49,235.0,0.193,72.0,30.64,10.0,4.26,0.54,0.121,31.16,16.19,17.83,34.03,31.11,24.66,268.0,0.21,98.0,36.57,12.0,4.48,0.567,0.103,33.05,17.57,16.29,33.85,34.51,25.72
745009,2024-06-04,2024,668670,R,543135,R,field_out,False,False,86.0,0.247,28.0,32.56,3.0,3.49,0.723,0.185,32.17,14.42,20.06,34.48,23.38,31.11,259.0,0.215,84.0,32.43,20.0,7.72,0.676,0.18,31.32,14.43,18.81,33.23,22.13,28.38,115.0,0.235,24.0,20.87,12.0,10.43,0.748,0.183,30.32,14.89,14.67,29.56,30.58,17.27,315.0,0.245,80.0,25.4,30.0,9.52,0.762,0.188,26.86,12.53,15.37,27.9,29.24,19.32
745009,2024-06-04,2024,672761,L,543135,R,field_out,False,False,118.0,0.238,24.0,20.34,11.0,9.32,0.727,0.181,19.07,8.42,18.89,27.31,24.9,15.48,,,,,,,,,,,,,,,87.0,0.177,29.0,33.33,7.0,8.05,0.519,0.10100000000000003,31.45,15.38,18.77,34.15,33.33,31.52,264.0,0.201,52.0,19.7,17.0,6.44,0.579,0.123,25.95,12.73,14.8,27.54,27.76,20.08
745009,2024-06-04,2024,682985,L,543135,R,double,False,False,199.0,0.269,53.0,26.63,29.0,14.57,0.864,0.21599999999999997,29.82,12.16,17.57,29.73,21.11,23.14,323.0,0.291,84.0,26.01,28.0,8.67,0.826,0.182,27.26,12.45,16.06,28.52,24.68,20.14,87.0,0.177,29.0,33.33,7.0,8.05,0.519,0.10100000000000003,31.45,15.38,18.77,34.15,33.33,31.52,264.0,0.201,52.0,19.7,17.0,6.44,0.579,0.123,25.95,12.73,14.8,27.54,27.76,20.08
745009,2024-06-04,2024,592192,R,600917,R,field_out,False,False,176.0,0.24,36.0,20.45,19.0,10.8,0.71,0.127,21.66,8.44,23.07,31.5,20.55,17.48,341.0,0.261,56.0,16.42,28.0,8.21,0.721,0.1079999999999999,18.91,7.86,21.98,29.84,23.71,13.49,74.0,0.169,27.0,36.49,7.0,9.46,0.5980000000000001,0.169,40.38,19.27,13.76,33.03,26.74,24.32,158.0,0.149,50.0,31.65,16.0,10.13,0.496,0.106,38.34,18.88,11.63,30.51,34.32,24.27
745009,2024-06-04,2024,666969,R,669373,L,single,False,False,77.0,0.279,22.0,28.57,5.0,6.49,0.8400000000000001,0.236,27.67,16.67,9.47,26.14,36.36,28.95,152.0,0.244,37.0,24.34,24.0,15.79,0.866,0.26,31.62,13.61,14.56,28.16,22.03,21.26,235.0,0.193,72.0,30.64,10.0,4.26,0.54,0.121,31.16,16.19,17.83,34.03,31.11,24.66,268.0,0.21,98.0,36.57,12.0,4.48,0.567,0.103,33.05,17.57,16.29,33.85,34.51,25.72
745009,2024-06-04,2024,641680,R,669373,L,walk,False,True,63.0,0.241,8.0,12.7,4.0,6.35,0.6479999999999999,0.121,15.87,9.48,10.43,19.91,30.61,13.79,90.0,0.329,13.0,14.44,7.0,7.78,0.866,0.1589999999999999,20.1,11.3,11.3,22.6,34.86,13.0,235.0,0.193,72.0,30.64,10.0,4.26,0.54,0.121,31.16,16.19,17.83,34.03,31.11,24.66,268.0,0.21,98.0,36.57,12.0,4.48,0.567,0.103,33.05,17.57,16.29,33.85,34.51,25.72
745009,2024-06-04,2024,694671,R,669373,L,strikeout,True,False,39.0,0.229,12.0,30.77,3.0,7.69,0.711,0.19999999999999998,30.99,12.79,20.35,33.14,24.14,21.43,,,,,,,,,,,,,,,235.0,0.193,72.0,30.64,10.0,4.26,0.54,0.121,31.16,16.19,17.83,34.03,31.11,24.66,268.0,0.21,98.0,36.57,12.0,4.48,0.567,0.103,33.05,17.57,16.29,33.85,34.51,25.72
745009,2024-06-04,2024,669701,L,669373,L,strikeout,True,False,53.0,0.298,15.0,28.3,3.0,5.66,0.739,0.064,25.81,12.57,17.28,29.84,26.74,24.19,33.0,0.12,9.0,27.27,6.0,18.18,0.6930000000000001,0.24,26.09,9.3,20.93,30.23,19.44,31.03,48.0,0.182,14.0,29.17,3.0,6.25,0.432,0.0,28.92,14.2,20.71,34.91,36.84,28.0,42.0,0.125,4.0,9.52,2.0,4.76,0.367,0.075,15.62,7.94,17.46,25.4,22.45,17.39
745009,2024-06-04,2024,677649,R,669373,L,field_out,False,False,56.0,0.235,13.0,23.21,5.0,8.93,0.579,0.040000000000000036,22.94,12.5,14.0,26.5,38.0,24.07,132.0,0.273,34.0,25.76,10.0,7.58,0.837,0.2309999999999999,27.68,14.45,13.29,27.75,34.33,21.12,235.0,0.193,72.0,30.64,10.0,4.26,0.54,0.121,31.16,16.19,17.83,34.03,31.11,24.66,268.0,0.21,98.0,36.57,12.0,4.48,0.567,0.103,33.05,17.57,16.29,33.85,34.51,25.72
745009,2024-06-04,2024,570482,R,600917,R,field_out,False,False,85.0,0.312,10.0,11.76,3.0,3.53,0.779,0.126,20.0,10.07,18.12,28.19,33.79,14.29,175.0,0.276,30.0,17.14,9.0,5.14,0.653,0.061,20.55,11.01,13.8,24.82,34.39,12.39,74.0,0.169,27.0,36.49,7.0,9.46,0.5980000000000001,0.169,40.38,19.27,13.76,33.03,26.74,24.32,158.0,0.149,50.0,31.65,16.0,10.13,0.496,0.106,38.34,18.88,11.63,30.51,34.32,24.27
745009,2024-06-04,2024,690993,L,600917,R,field_out,False,False,165.0,0.224,28.0,16.97,11.0,6.67,0.5820000000000001,0.07899999999999999,23.1,10.95,16.18,27.12,31.55,18.06,,,,,,,,,,,,,,,44.0,0.188,9.0,20.45,11.0,25.0,0.659,0.062,28.17,11.05,15.47,26.52,19.23,16.67,75.0,0.262,17.0,22.67,12.0,16.0,0.764,0.1149999999999999,29.58,12.96,14.2,27.16,25.84,16.5
745009,2024-06-04,2024,669234,R,600917,R,strikeout,True,False,3.0,0.0,2.0,66.67,0.0,0.0,0.0,0.0,83.33,50.0,10.0,60.0,25.0,100.0,,,,,,,,,,,,,,,74.0,0.169,27.0,36.49,7.0,9.46,0.5980000000000001,0.169,40.38,19.27,13.76,33.03,26.74,24.32,158.0,0.149,50.0,31.65,16.0,10.13,0.496,0.106,38.34,18.88,11.63,30.51,34.32,24.27
745009,2024-06-04,2024,665750,L,689225,R,strikeout,True,False,146.0,0.256,24.0,16.44,13.0,8.9,0.728,0.15000000000000002,21.76,10.65,15.7,26.36,30.4,16.22,405.0,0.275,86.0,21.23,25.0,6.17,0.767,0.174,24.9,12.5,15.05,27.55,29.44,18.34,18.0,0.059,5.0,27.78,1.0,5.56,0.287,0.11699999999999999,30.43,16.67,10.71,27.38,35.42,16.13,64.0,0.254,11.0,17.19,5.0,7.81,0.6679999999999999,0.1019999999999999,18.9,8.99,13.11,22.1,24.09,13.25
745009,2024-06-04,2024,543760,R,689225,R,strikeout,True,False,186.0,0.225,27.0,14.52,16.0,8.6,0.663,0.148,21.78,11.31,12.9,24.2,25.55,17.76,544.0,0.273,77.0,14.15,52.0,9.56,0.8360000000000001,0.2199999999999999,18.01,8.45,14.48,22.93,21.97,13.9,24.0,0.227,3.0,12.5,2.0,8.33,0.565,0.04600000000000001,20.0,9.41,18.82,28.24,34.88,13.64,88.0,0.262,20.0,22.73,7.0,7.95,0.768,0.188,23.94,12.13,14.56,26.68,37.2,14.93
745009,2024-06-04,2024,608369,L,689225,R,strikeout,True,False,161.0,0.29,18.0,11.18,28.0,17.39,0.958,0.25200000000000006,19.03,9.17,7.91,17.09,22.55,14.75,370.0,0.333,55.0,14.86,42.0,11.35,1.075,0.334,23.9,12.77,6.35,19.12,27.26,15.8,18.0,0.059,5.0,27.78,1.0,5.56,0.287,0.11699999999999999,30.43,16.67,10.71,27.38,35.42,16.13,64.0,0.254,11.0,17.19,5.0,7.81,0.6679999999999999,0.1019999999999999,18.9,8.99,13.11,22.1,24.09,13.25
745009,2024-06-04,2024,668731,L,600917,R,field_out,False,False,18.0,0.188,6.0,33.33,1.0,5.56,0.722,0.312,30.77,18.46,10.77,29.23,45.95,28.57,347.0,0.218,87.0,25.07,42.0,12.1,0.688,0.158,25.51,11.78,14.66,26.44,24.86,21.97,44.0,0.188,9.0,20.45,11.0,25.0,0.659,0.062,28.17,11.05,15.47,26.52,19.23,16.67,75.0,0.262,17.0,22.67,12.0,16.0,0.764,0.1149999999999999,29.58,12.96,14.2,27.16,25.84,16.5
745009,2024-06-04,2024,595879,R,600917,R,strikeout,True,False,141.0,0.18,33.0,23.4,4.0,2.84,0.44699999999999995,0.061,30.15,16.19,16.39,32.58,47.16,22.45,408.0,0.218,98.0,24.02,12.0,2.94,0.573,0.099,34.03,18.61,14.09,32.7,45.18,22.9,74.0,0.169,27.0,36.49,7.0,9.46,0.5980000000000001,0.169,40.38,19.27,13.76,33.03,26.74,24.32,158.0,0.149,50.0,31.65,16.0,10.13,0.496,0.106,38.34,18.88,11.63,30.51,34.32,24.27
745009,2024-06-04,2024,668670,R,600917,R,home_run,False,False,86.0,0.247,28.0,32.56,3.0,3.49,0.723,0.185,32.17,14.42,20.06,34.48,23.38,31.11,259.0,0.215,84.0,32.43,20.0,7.72,0.676,0.18,31.32,14.43,18.81,33.23,22.13,28.38,74.0,0.169,27.0,36.49,7.0,9.46,0.5980000000000001,0.169,40.38,19.27,13.76,33.03,26.74,24.32,158.0,0.149,50.0,31.65,16.0,10.13,0.496,0.106,38.34,18.88,11.63,30.51,34.32,24.27
745009,2024-06-04,2024,672761,L,600917,R,strikeout,True,False,118.0,0.238,24.0,20.34,11.0,9.32,0.727,0.181,19.07,8.42,18.89,27.31,24.9,15.48,,,,,,,,,,,,,,,44.0,0.188,9.0,20.45,11.0,25.0,0.659,0.062,28.17,11.05,15.47,26.52,19.23,16.67,75.0,0.262,17.0,22.67,12.0,16.0,0.764,0.1149999999999999,29.58,12.96,14.2,27.16,25.84,16.5
745009,2024-06-04,2024,663993,L,689225,R,field_out,False,False,102.0,0.259,20.0,19.61,15.0,14.71,0.738,0.10599999999999998,14.37,5.49,19.68,25.17,25.21,15.15,505.0,0.279,113.0,22.38,69.0,13.66,0.833,0.172,19.81,8.64,15.62,24.26,19.45,16.87,18.0,0.059,5.0,27.78,1.0,5.56,0.287,0.11699999999999999,30.43,16.67,10.71,27.38,35.42,16.13,64.0,0.254,11.0,17.19,5.0,7.81,0.6679999999999999,0.1019999999999999,18.9,8.99,13.11,22.1,24.09,13.25
745009,2024-06-04,2024,666969,R,689225,R,field_out,False,False,162.0,0.209,43.0,26.54,10.0,6.17,0.6970000000000001,0.223,35.74,18.69,11.15,29.84,35.13,25.44,480.0,0.245,138.0,28.75,41.0,8.54,0.8260000000000001,0.264,31.65,15.93,13.92,29.85,32.02,21.97,24.0,0.227,3.0,12.5,2.0,8.33,0.565,0.04600000000000001,20.0,9.41,18.82,28.24,34.88,13.64,88.0,0.262,20.0,22.73,7.0,7.95,0.768,0.188,23.94,12.13,14.56,26.68,37.2,14.93
745009,2024-06-04,2024,641680,L,689225,R,field_out,False,False,142.0,0.241,29.0,20.42,8.0,5.63,0.627,0.09700000000000003,20.59,10.43,13.78,24.21,31.88,20.57,411.0,0.243,82.0,19.95,33.0,8.03,0.733,0.185,23.06,11.69,13.75,25.44,29.36,17.15,18.0,0.059,5.0,27.78,1.0,5.56,0.287,0.11699999999999999,30.43,16.67,10.71,27.38,35.42,16.13,64.0,0.254,11.0,17.19,5.0,7.81,0.6679999999999999,0.1019999999999999,18.9,8.99,13.11,22.1,24.09,13.25
745009,2024-06-04,2024,682985,L,642546,R,field_out,False,False,199.0,0.269,53.0,26.63,29.0,14.57,0.864,0.21599999999999997,29.82,12.16,17.57,29.73,21.11,23.14,323.0,0.291,84.0,26.01,28.0,8.67,0.826,0.182,27.26,12.45,16.06,28.52,24.68,20.14,34.0,0.214,6.0,17.65,6.0,17.65,0.71,0.143,28.81,13.28,14.84,28.12,30.26,15.79,55.0,0.196,12.0,21.82,6.0,10.91,0.5760000000000001,0.065,30.53,13.55,14.49,28.04,29.31,20.69
745009,2024-06-04,2024,592192,R,642546,R,field_out,False,False,176.0,0.24,36.0,20.45,19.0,10.8,0.71,0.127,21.66,8.44,23.07,31.5,20.55,17.48,341.0,0.261,56.0,16.42,28.0,8.21,0.721,0.1079999999999999,18.91,7.86,21.98,29.84,23.71,13.49,44.0,0.2,9.0,20.45,9.0,20.45,0.6779999999999999,0.11399999999999999,33.72,14.87,13.85,28.72,27.19,13.43,92.0,0.329,22.0,23.91,9.0,9.78,0.934,0.203,29.73,12.83,19.24,32.07,27.13,23.91
745009,2024-06-04,2024,570482,R,642546,R,field_out,False,False,85.0,0.312,10.0,11.76,3.0,3.53,0.779,0.126,20.0,10.07,18.12,28.19,33.79,14.29,175.0,0.276,30.0,17.14,9.0,5.14,0.653,0.061,20.55,11.01,13.8,24.82,34.39,12.39,44.0,0.2,9.0,20.45,9.0,20.45,0.6779999999999999,0.11399999999999999,33.72,14.87,13.85,28.72,27.19,13.43,92.0,0.329,22.0,23.91,9.0,9.78,0.934,0.203,29.73,12.83,19.24,32.07,27.13,23.91
745009,2024-06-04,2024,694671,R,689225,R,field_out,False,False,113.0,0.231,23.0,20.35,8.0,7.08,0.552,0.028999999999999998,18.66,8.19,19.54,27.73,23.58,14.94,,,,,,,,,,,,,,,24.0,0.227,3.0,12.5,2.0,8.33,0.565,0.04600000000000001,20.0,9.41,18.82,28.24,34.88,13.64,88.0,0.262,20.0,22.73,7.0,7.95,0.768,0.188,23.94,12.13,14.56,26.68,37.2,14.93
745009,2024-06-04,2024,669701,L,689225,R,strikeout,True,False,158.0,0.275,26.0,16.46,14.0,8.86,0.802,0.15999999999999998,18.6,8.73,18.45,27.18,24.22,13.47,200.0,0.194,46.0,23.0,19.0,9.5,0.623,0.13,20.71,8.96,19.58,28.54,22.65,15.97,18.0,0.059,5.0,27.78,1.0,5.56,0.287,0.11699999999999999,30.43,16.67,10.71,27.38,35.42,16.13,64.0,0.254,11.0,17.19,5.0,7.81,0.6679999999999999,0.1019999999999999,18.9,8.99,13.11,22.1,24.09,13.25
745009,2024-06-04,2024,677649,R,689225,R,double,False,False,68.0,0.297,14.0,20.59,3.0,4.41,0.7130000000000001,0.07800000000000001,21.53,11.52,12.27,23.79,35.86,13.46,308.0,0.277,86.0,27.92,13.0,4.22,0.738,0.1409999999999999,28.89,15.73,13.64,29.37,39.12,22.25,24.0,0.227,3.0,12.5,2.0,8.33,0.565,0.04600000000000001,20.0,9.41,18.82,28.24,34.88,13.64,88.0,0.262,20.0,22.73,7.0,7.95,0.768,0.188,23.94,12.13,14.56,26.68,37.2,14.93
745009,2024-06-04,2024,665750,L,689225,R,field_out,False,False,146.0,0.256,24.0,16.44,13.0,8.9,0.728,0.15000000000000002,21.76,10.65,15.7,26.36,30.4,16.22,405.0,0.275,86.0,21.23,25.0,6.17,0.767,0.174,24.9,12.5,15.05,27.55,29.44,18.34,18.0,0.059,5.0,27.78,1.0,5.56,0.287,0.11699999999999999,30.43,16.67,10.71,27.38,35.42,16.13,64.0,0.254,11.0,17.19,5.0,7.81,0.6679999999999999,0.1019999999999999,18.9,8.99,13.11,22.1,24.09,13.25
746548,2024-06-04,2024,670770,L,663372,R,field_out,False,False,34.0,0.156,7.0,20.59,2.0,5.88,0.487,0.12500000000000003,20.75,9.02,19.67,28.69,24.56,22.58,446.0,0.26,70.0,15.7,38.0,8.52,0.785,0.189,18.12,7.73,19.52,27.25,25.03,13.48,151.0,0.329,27.0,17.88,9.0,5.96,0.914,0.22100000000000003,22.33,12.07,13.33,25.41,28.12,16.25,110.0,0.267,19.0,17.27,18.0,16.36,0.7330000000000001,0.066,22.58,9.66,17.47,27.13,23.0,14.62
746548,2024-06-04,2024,682829,L,663372,R,field_out,False,False,161.0,0.236,57.0,35.4,17.0,10.56,0.7889999999999999,0.236,33.72,13.81,20.79,34.6,25.08,32.18,307.0,0.255,95.0,30.94,30.0,9.77,0.7989999999999999,0.2159999999999999,26.69,11.86,17.47,29.33,31.27,25.07,151.0,0.329,27.0,17.88,9.0,5.96,0.914,0.22100000000000003,22.33,12.07,13.33,25.41,28.12,16.25,110.0,0.267,19.0,17.27,18.0,16.36,0.7330000000000001,0.066,22.58,9.66,17.47,27.13,23.0,14.62
746548,2024-06-04,2024,600869,L,663372,R,field_out,False,False,144.0,0.226,40.0,27.78,8.0,5.56,0.724,0.225,29.12,15.31,14.21,29.52,36.36,24.1,415.0,0.251,91.0,21.93,38.0,9.16,0.812,0.2279999999999999,25.42,11.83,16.22,28.05,27.64,18.71,151.0,0.329,27.0,17.88,9.0,5.96,0.914,0.22100000000000003,22.33,12.07,13.33,25.41,28.12,16.25,110.0,0.267,19.0,17.27,18.0,16.36,0.7330000000000001,0.066,22.58,9.66,17.47,27.13,23.0,14.62
746548,2024-06-04,2024,678662,R,671096,L,strikeout,True,False,74.0,0.265,23.0,31.08,5.0,6.76,0.752,0.176,36.78,22.38,9.44,31.82,38.85,25.56,177.0,0.246,57.0,32.2,8.0,4.52,0.708,0.185,35.75,21.54,12.35,33.89,44.38,25.56,218.0,0.233,38.0,17.43,16.0,7.34,0.754,0.232,19.32,9.26,15.36,24.62,24.88,15.55,374.0,0.259,92.0,24.6,40.0,10.7,0.8,0.204,24.44,11.1,16.17,27.27,25.93,18.62
746548,2024-06-04,2024,663898,R,671096,L,double,False,False,49.0,0.319,6.0,12.24,2.0,4.08,0.858,0.192,20.0,9.95,14.14,24.08,28.0,10.53,56.0,0.229,8.0,14.29,6.0,10.71,0.672,0.104,20.62,8.85,17.7,26.55,22.12,11.94,218.0,0.233,38.0,17.43,16.0,7.34,0.754,0.232,19.32,9.26,15.36,24.62,24.88,15.55,374.0,0.259,92.0,24.6,40.0,10.7,0.8,0.204,24.44,11.1,16.17,27.27,25.93,18.62
746548,2024-06-04,2024,553869,R,671096,L,strikeout,True,False,59.0,0.291,8.0,13.56,2.0,3.39,0.728,0.127,24.64,13.65,8.84,22.49,37.31,8.6,143.0,0.185,26.0,18.18,11.0,7.69,0.583,0.146,26.07,14.71,9.5,24.21,37.76,16.05,218.0,0.233,38.0,17.43,16.0,7.34,0.754,0.232,19.32,9.26,15.36,24.62,24.88,15.55,374.0,0.259,92.0,24.6,40.0,10.7,0.8,0.204,24.44,11.1,16.17,27.27,25.93,18.62
746548,2024-06-04,2024,660707,R,671096,L,single,False,False,54.0,0.188,10.0,18.52,5.0,9.26,0.447,0.0,28.45,15.57,13.21,28.77,45.24,13.89,111.0,0.234,42.0,37.84,3.0,2.7,0.6910000000000001,0.205,35.78,19.62,15.37,34.99,45.73,29.37,218.0,0.233,38.0,17.43,16.0,7.34,0.754,0.232,19.32,9.26,15.36,24.62,24.88,15.55,374.0,0.259,92.0,24.6,40.0,10.7,0.8,0.204,24.44,11.1,16.17,27.27,25.93,18.62
746548,2024-06-04,2024,686668,R,671096,L,double,False,False,53.0,0.271,10.0,18.87,5.0,9.43,0.694,0.08299999999999996,26.73,14.06,9.38,23.44,24.21,19.61,132.0,0.194,53.0,40.15,5.0,3.79,0.584,0.1609999999999999,39.29,21.57,11.57,33.14,32.3,30.99,218.0,0.233,38.0,17.43,16.0,7.34,0.754,0.232,19.32,9.26,15.36,24.62,24.88,15.55,374.0,0.259,92.0,24.6,40.0,10.7,0.8,0.204,24.44,11.1,16.17,27.27,25.93,18.62
746548,2024-06-04,2024,607732,R,671096,L,strikeout,True,False,26.0,0.409,5.0,19.23,3.0,11.54,1.235,0.36400000000000005,39.47,17.44,19.77,37.21,20.0,35.71,52.0,0.213,11.0,21.15,3.0,5.77,0.637,0.149,23.08,10.71,20.41,31.12,23.46,19.3,218.0,0.233,38.0,17.43,16.0,7.34,0.754,0.232,19.32,9.26,15.36,24.62,24.88,15.55,374.0,0.259,92.0,24.6,40.0,10.7,0.8,0.204,24.44,11.1,16.17,27.27,25.93,18.62
746548,2024-06-04,2024,668715,R,663372,R,single,False,False,167.0,0.255,31.0,18.56,20.0,11.98,0.753,0.14500000000000002,21.17,9.23,18.18,27.41,25.0,12.97,487.0,0.256,106.0,21.77,51.0,10.47,0.7789999999999999,0.175,25.48,10.86,19.02,29.88,22.75,18.53,135.0,0.287,25.0,18.52,9.0,6.67,0.759,0.131,24.05,11.56,15.82,27.38,27.51,18.25,91.0,0.262,19.0,20.88,10.0,10.99,0.7290000000000001,0.126,20.25,9.17,20.06,29.23,27.81,18.1
746548,2024-06-04,2024,641584,L,663372,R,single,False,False,118.0,0.292,27.0,22.88,9.0,7.63,0.715,0.07600000000000001,21.09,12.16,9.23,21.4,28.79,18.12,339.0,0.268,66.0,19.47,34.0,10.03,0.815,0.199,24.78,12.84,11.52,24.36,30.55,18.38,151.0,0.329,27.0,17.88,9.0,5.96,0.914,0.22100000000000003,22.33,12.07,13.33,25.41,28.12,16.25,110.0,0.267,19.0,17.27,18.0,16.36,0.7330000000000001,0.066,22.58,9.66,17.47,27.13,23.0,14.62
746548,2024-06-04,2024,663886,R,663372,R,grounded_into_double_play,False,False,113.0,0.255,25.0,22.12,8.0,7.08,0.7210000000000001,0.14700000000000002,22.91,10.28,19.05,29.32,27.08,21.82,378.0,0.228,105.0,27.78,34.0,8.99,0.657,0.1239999999999999,29.78,12.81,19.96,32.77,26.19,24.59,135.0,0.287,25.0,18.52,9.0,6.67,0.759,0.131,24.05,11.56,15.82,27.38,27.51,18.25,91.0,0.262,19.0,20.88,10.0,10.99,0.7290000000000001,0.126,20.25,9.17,20.06,29.23,27.81,18.1
746548,2024-06-04,2024,605361,L,663372,R,strikeout,True,False,93.0,0.198,23.0,24.73,4.0,4.3,0.5860000000000001,0.135,28.32,13.46,18.13,31.59,28.25,21.7,67.0,0.262,11.0,16.42,4.0,5.97,0.951,0.361,16.8,7.78,18.52,26.3,24.19,11.46,151.0,0.329,27.0,17.88,9.0,5.96,0.914,0.22100000000000003,22.33,12.07,13.33,25.41,28.12,16.25,110.0,0.267,19.0,17.27,18.0,16.36,0.7330000000000001,0.066,22.58,9.66,17.47,27.13,23.0,14.62
746548,2024-06-04,2024,656248,R,671096,L,field_out,False,False,28.0,0.217,9.0,32.14,4.0,14.29,0.669,0.13099999999999998,31.37,13.56,18.64,32.2,28.12,25.0,14.0,0.545,3.0,21.43,3.0,21.43,1.916,0.7279999999999999,20.0,8.47,15.25,23.73,27.78,15.0,218.0,0.233,38.0,17.43,16.0,7.34,0.754,0.232,19.32,9.26,15.36,24.62,24.88,15.55,374.0,0.259,92.0,24.6,40.0,10.7,0.8,0.204,24.44,11.1,16.17,27.27,25.93,18.62
746548,2024-06-04,2024,696100,R,671096,L,field_out,False,False,19.0,0.333,4.0,21.05,0.0,0.0,1.201,0.49999999999999994,22.86,11.43,20.0,31.43,32.43,18.18,13.0,0.231,6.0,46.15,0.0,0.0,0.846,0.384,35.71,18.87,18.87,37.74,36.0,30.0,218.0,0.233,38.0,17.43,16.0,7.34,0.754,0.232,19.32,9.26,15.36,24.62,24.88,15.55,374.0,0.259,92.0,24.6,40.0,10.7,0.8,0.204,24.44,11.1,16.17,27.27,25.93,18.62
746548,2024-06-04,2024,676701,R,671096,L,field_out,False,False,18.0,0.111,4.0,22.22,0.0,0.0,0.222,0.0,27.27,17.65,13.73,31.37,50.0,30.77,105.0,0.202,27.0,25.71,9.0,8.57,0.554,0.0849999999999999,23.35,11.0,15.07,26.08,28.57,21.6,218.0,0.233,38.0,17.43,16.0,7.34,0.754,0.232,19.32,9.26,15.36,24.62,24.88,15.55,374.0,0.259,92.0,24.6,40.0,10.7,0.8,0.204,24.44,11.1,16.17,27.27,25.93,18.62
746548,2024-06-04,2024,663697,R,663372,R,strikeout,True,False,147.0,0.216,35.0,23.81,20.0,13.61,0.623,0.07999999999999999,18.78,6.64,21.45,28.09,15.36,18.92,397.0,0.257,73.0,18.39,37.0,9.32,0.7809999999999999,0.175,21.3,8.18,21.42,29.59,19.53,15.19,135.0,0.287,25.0,18.52,9.0,6.67,0.759,0.131,24.05,11.56,15.82,27.38,27.51,18.25,91.0,0.262,19.0,20.88,10.0,10.99,0.7290000000000001,0.126,20.25,9.17,20.06,29.23,27.81,18.1
746548,2024-06-04,2024,666181,L,663372,R,single,False,False,151.0,0.239,62.0,41.06,17.0,11.26,0.8180000000000001,0.254,38.08,18.25,14.44,32.7,21.0,29.67,285.0,0.297,89.0,31.23,37.0,12.98,0.938,0.252,31.03,13.11,16.03,29.13,18.51,23.66,151.0,0.329,27.0,17.88,9.0,5.96,0.914,0.22100000000000003,22.33,12.07,13.33,25.41,28.12,16.25,110.0,0.267,19.0,17.27,18.0,16.36,0.7330000000000001,0.066,22.58,9.66,17.47,27.13,23.0,14.62
746548,2024-06-04,2024,670770,L,663372,R,field_out,False,False,34.0,0.156,7.0,20.59,2.0,5.88,0.487,0.12500000000000003,20.75,9.02,19.67,28.69,24.56,22.58,446.0,0.26,70.0,15.7,38.0,8.52,0.785,0.189,18.12,7.73,19.52,27.25,25.03,13.48,151.0,0.329,27.0,17.88,9.0,5.96,0.914,0.22100000000000003,22.33,12.07,13.33,25.41,28.12,16.25,110.0,0.267,19.0,17.27,18.0,16.36,0.7330000000000001,0.066,22.58,9.66,17.47,27.13,23.0,14.62
746548,2024-06-04,2024,682829,L,663372,R,double,False,False,161.0,0.236,57.0,35.4,17.0,10.56,0.7889999999999999,0.236,33.72,13.81,20.79,34.6,25.08,32.18,307.0,0.255,95.0,30.94,30.0,9.77,0.7989999999999999,0.2159999999999999,26.69,11.86,17.47,29.33,31.27,25.07,151.0,0.329,27.0,17.88,9.0,5.96,0.914,0.22100000000000003,22.33,12.07,13.33,25.41,28.12,16.25,110.0,0.267,19.0,17.27,18.0,16.36,0.7330000000000001,0.066,22.58,9.66,17.47,27.13,23.0,14.62
746548,2024-06-04,2024,600869,L,663372,R,home_run,False,False,144.0,0.226,40.0,27.78,8.0,5.56,0.724,0.225,29.12,15.31,14.21,29.52,36.36,24.1,415.0,0.251,91.0,21.93,38.0,9.16,0.812,0.2279999999999999,25.42,11.83,16.22,28.05,27.64,18.71,151.0,0.329,27.0,17.88,9.0,5.96,0.914,0.22100000000000003,22.33,12.07,13.33,25.41,28.12,16.25,110.0,0.267,19.0,17.27,18.0,16.36,0.7330000000000001,0.066,22.58,9.66,17.47,27.13,23.0,14.62
746548,2024-06-04,2024,668715,R,663372,R,strikeout,True,False,167.0,0.255,31.0,18.56,20.0,11.98,0.753,0.14500000000000002,21.17,9.23,18.18,27.41,25.0,12.97,487.0,0.256,106.0,21.77,51.0,10.47,0.7789999999999999,0.175,25.48,10.86,19.02,29.88,22.75,18.53,135.0,0.287,25.0,18.52,9.0,6.67,0.759,0.131,24.05,11.56,15.82,27.38,27.51,18.25,91.0,0.262,19.0,20.88,10.0,10.99,0.7290000000000001,0.126,20.25,9.17,20.06,29.23,27.81,18.1
746548,2024-06-04,2024,678662,R,671096,L,field_out,False,False,74.0,0.265,23.0,31.08,5.0,6.76,0.752,0.176,36.78,22.38,9.44,31.82,38.85,25.56,177.0,0.246,57.0,32.2,8.0,4.52,0.708,0.185,35.75,21.54,12.35,33.89,44.38,25.56,218.0,0.233,38.0,17.43,16.0,7.34,0.754,0.232,19.32,9.26,15.36,24.62,24.88,15.55,374.0,0.259,92.0,24.6,40.0,10.7,0.8,0.204,24.44,11.1,16.17,27.27,25.93,18.62
746548,2024-06-04,2024,663898,R,671096,L,home_run,False,False,49.0,0.319,6.0,12.24,2.0,4.08,0.858,0.192,20.0,9.95,14.14,24.08,28.0,10.53,56.0,0.229,8.0,14.29,6.0,10.71,0.672,0.104,20.62,8.85,17.7,26.55,22.12,11.94,218.0,0.233,38.0,17.43,16.0,7.34,0.754,0.232,19.32,9.26,15.36,24.62,24.88,15.55,374.0,0.259,92.0,24.6,40.0,10.7,0.8,0.204,24.44,11.1,16.17,27.27,25.93,18.62
746548,2024-06-04,2024,553869,R,671096,L,field_out,False,False,59.0,0.291,8.0,13.56,2.0,3.39,0.728,0.127,24.64,13.65,8.84,22.49,37.31,8.6,143.0,0.185,26.0,18.18,11.0,7.69,0.583,0.146,26.07,14.71,9.5,24.21,37.76,16.05,218.0,0.233,38.0,17.43,16.0,7.34,0.754,0.232,19.32,9.26,15.36,24.62,24.88,15.55,374.0,0.259,92.0,24.6,40.0,10.7,0.8,0.204,24.44,11.1,16.17,27.27,25.93,18.62
746548,2024-06-04,2024,660707,R,671096,L,walk,False,True,54.0,0.188,10.0,18.52,5.0,9.26,0.447,0.0,28.45,15.57,13.21,28.77,45.24,13.89,111.0,0.234,42.0,37.84,3.0,2.7,0.6910000000000001,0.205,35.78,19.62,15.37,34.99,45.73,29.37,218.0,0.233,38.0,17.43,16.0,7.34,0.754,0.232,19.32,9.26,15.36,24.62,24.88,15.55,374.0,0.259,92.0,24.6,40.0,10.7,0.8,0.204,24.44,11.1,16.17,27.27,25.93,18.62
746548,2024-06-04,2024,686668,R,671096,L,single,False,False,53.0,0.271,10.0,18.87,5.0,9.43,0.694,0.08299999999999996,26.73,14.06,9.38,23.44,24.21,19.61,132.0,0.194,53.0,40.15,5.0,3.79,0.584,0.1609999999999999,39.29,21.57,11.57,33.14,32.3,30.99,218.0,0.233,38.0,17.43,16.0,7.34,0.754,0.232,19.32,9.26,15.36,24.62,24.88,15.55,374.0,0.259,92.0,24.6,40.0,10.7,0.8,0.204,24.44,11.1,16.17,27.27,25.93,18.62
746548,2024-06-04,2024,607732,R,671096,L,single,False,False,26.0,0.409,5.0,19.23,3.0,11.54,1.235,0.36400000000000005,39.47,17.44,19.77,37.21,20.0,35.71,52.0,0.213,11.0,21.15,3.0,5.77,0.637,0.149,23.08,10.71,20.41,31.12,23.46,19.3,218.0,0.233,38.0,17.43,16.0,7.34,0.754,0.232,19.32,9.26,15.36,24.62,24.88,15.55,374.0,0.259,92.0,24.6,40.0,10.7,0.8,0.204,24.44,11.1,16.17,27.27,25.93,18.62
746548,2024-06-04,2024,656248,R,671096,L,strikeout,True,False,28.0,0.217,9.0,32.14,4.0,14.29,0.669,0.13099999999999998,31.37,13.56,18.64,32.2,28.12,25.0,14.0,0.545,3.0,21.43,3.0,21.43,1.916,0.7279999999999999,20.0,8.47,15.25,23.73,27.78,15.0,218.0,0.233,38.0,17.43,16.0,7.34,0.754,0.232,19.32,9.26,15.36,24.62,24.88,15.55,374.0,0.259,92.0,24.6,40.0,10.7,0.8,0.204,24.44,11.1,16.17,27.27,25.93,18.62
746548,2024-06-04,2024,641584,L,663372,R,field_out,False,False,118.0,0.292,27.0,22.88,9.0,7.63,0.715,0.07600000000000001,21.09,12.16,9.23,21.4,28.79,18.12,339.0,0.268,66.0,19.47,34.0,10.03,0.815,0.199,24.78,12.84,11.52,24.36,30.55,18.38,151.0,0.329,27.0,17.88,9.0,5.96,0.914,0.22100000000000003,22.33,12.07,13.33,25.41,28.12,16.25,110.0,0.267,19.0,17.27,18.0,16.36,0.7330000000000001,0.066,22.58,9.66,17.47,27.13,23.0,14.62
746548,2024-06-04,2024,663886,R,663372,R,single,False,False,113.0,0.255,25.0,22.12,8.0,7.08,0.7210000000000001,0.14700000000000002,22.91,10.28,19.05,29.32,27.08,21.82,378.0,0.228,105.0,27.78,34.0,8.99,0.657,0.1239999999999999,29.78,12.81,19.96,32.77,26.19,24.59,135.0,0.287,25.0,18.52,9.0,6.67,0.759,0.131,24.05,11.56,15.82,27.38,27.51,18.25,91.0,0.262,19.0,20.88,10.0,10.99,0.7290000000000001,0.126,20.25,9.17,20.06,29.23,27.81,18.1
746548,2024-06-04,2024,605361,L,663372,R,field_out,False,False,93.0,0.198,23.0,24.73,4.0,4.3,0.5860000000000001,0.135,28.32,13.46,18.13,31.59,28.25,21.7,67.0,0.262,11.0,16.42,4.0,5.97,0.951,0.361,16.8,7.78,18.52,26.3,24.19,11.46,151.0,0.329,27.0,17.88,9.0,5.96,0.914,0.22100000000000003,22.33,12.07,13.33,25.41,28.12,16.25,110.0,0.267,19.0,17.27,18.0,16.36,0.7330000000000001,0.066,22.58,9.66,17.47,27.13,23.0,14.62
746548,2024-06-04,2024,663697,R,663372,R,single,False,False,147.0,0.216,35.0,23.81,20.0,13.61,0.623,0.07999999999999999,18.78,6.64,21.45,28.09,15.36,18.92,397.0,0.257,73.0,18.39,37.0,9.32,0.7809999999999999,0.175,21.3,8.18,21.42,29.59,19.53,15.19,135.0,0.287,25.0,18.52,9.0,6.67,0.759,0.131,24.05,11.56,15.82,27.38,27.51,18.25,91.0,0.262,19.0,20.88,10.0,10.99,0.7290000000000001,0.126,20.25,9.17,20.06,29.23,27.81,18.1
746548,2024-06-04,2024,666181,L,663372,R,triple,False,False,151.0,0.239,62.0,41.06,17.0,11.26,0.8180000000000001,0.254,38.08,18.25,14.44,32.7,21.0,29.67,285.0,0.297,89.0,31.23,37.0,12.98,0.938,0.252,31.03,13.11,16.03,29.13,18.51,23.66,151.0,0.329,27.0,17.88,9.0,5.96,0.914,0.22100000000000003,22.33,12.07,13.33,25.41,28.12,16.25,110.0,0.267,19.0,17.27,18.0,16.36,0.7330000000000001,0.066,22.58,9.66,17.47,27.13,23.0,14.62
746548,2024-06-04,2024,670770,L,663372,R,single,False,False,34.0,0.156,7.0,20.59,2.0,5.88,0.487,0.12500000000000003,20.75,9.02,19.67,28.69,24.56,22.58,446.0,0.26,70.0,15.7,38.0,8.52,0.785,0.189,18.12,7.73,19.52,27.25,25.03,13.48,151.0,0.329,27.0,17.88,9.0,5.96,0.914,0.22100000000000003,22.33,12.07,13.33,25.41,28.12,16.25,110.0,0.267,19.0,17.27,18.0,16.36,0.7330000000000001,0.066,22.58,9.66,17.47,27.13,23.0,14.62
746548,2024-06-04,2024,682829,L,663372,R,field_out,False,False,161.0,0.236,57.0,35.4,17.0,10.56,0.7889999999999999,0.236,33.72,13.81,20.79,34.6,25.08,32.18,307.0,0.255,95.0,30.94,30.0,9.77,0.7989999999999999,0.2159999999999999,26.69,11.86,17.47,29.33,31.27,25.07,151.0,0.329,27.0,17.88,9.0,5.96,0.914,0.22100000000000003,22.33,12.07,13.33,25.41,28.12,16.25,110.0,0.267,19.0,17.27,18.0,16.36,0.7330000000000001,0.066,22.58,9.66,17.47,27.13,23.0,14.62
746548,2024-06-04,2024,696100,R,671096,L,strikeout,True,False,19.0,0.333,4.0,21.05,0.0,0.0,1.201,0.49999999999999994,22.86,11.43,20.0,31.43,32.43,18.18,13.0,0.231,6.0,46.15,0.0,0.0,0.846,0.384,35.71,18.87,18.87,37.74,36.0,30.0,218.0,0.233,38.0,17.43,16.0,7.34,0.754,0.232,19.32,9.26,15.36,24.62,24.88,15.55,374.0,0.259,92.0,24.6,40.0,10.7,0.8,0.204,24.44,11.1,16.17,27.27,25.93,18.62
746548,2024-06-04,2024,676701,R,671096,L,field_out,False,False,18.0,0.111,4.0,22.22,0.0,0.0,0.222,0.0,27.27,17.65,13.73,31.37,50.0,30.77,105.0,0.202,27.0,25.71,9.0,8.57,0.554,0.0849999999999999,23.35,11.0,15.07,26.08,28.57,21.6,218.0,0.233,38.0,17.43,16.0,7.34,0.754,0.232,19.32,9.26,15.36,24.62,24.88,15.55,374.0,0.259,92.0,24.6,40.0,10.7,0.8,0.204,24.44,11.1,16.17,27.27,25.93,18.62
746548,2024-06-04,2024,678662,R,671096,L,field_out,False,False,74.0,0.265,23.0,31.08,5.0,6.76,0.752,0.176,36.78,22.38,9.44,31.82,38.85,25.56,177.0,0.246,57.0,32.2,8.0,4.52,0.708,0.185,35.75,21.54,12.35,33.89,44.38,25.56,218.0,0.233,38.0,17.43,16.0,7.34,0.754,0.232,19.32,9.26,15.36,24.62,24.88,15.55,374.0,0.259,92.0,24.6,40.0,10.7,0.8,0.204,24.44,11.1,16.17,27.27,25.93,18.62
746548,2024-06-04,2024,600869,L,663372,R,double,False,False,144.0,0.226,40.0,27.78,8.0,5.56,0.724,0.225,29.12,15.31,14.21,29.52,36.36,24.1,415.0,0.251,91.0,21.93,38.0,9.16,0.812,0.2279999999999999,25.42,11.83,16.22,28.05,27.64,18.71,151.0,0.329,27.0,17.88,9.0,5.96,0.914,0.22100000000000003,22.33,12.07,13.33,25.41,28.12,16.25,110.0,0.267,19.0,17.27,18.0,16.36,0.7330000000000001,0.066,22.58,9.66,17.47,27.13,23.0,14.62
746548,2024-06-04,2024,668715,R,663372,R,field_out,False,False,167.0,0.255,31.0,18.56,20.0,11.98,0.753,0.14500000000000002,21.17,9.23,18.18,27.41,25.0,12.97,487.0,0.256,106.0,21.77,51.0,10.47,0.7789999999999999,0.175,25.48,10.86,19.02,29.88,22.75,18.53,135.0,0.287,25.0,18.52,9.0,6.67,0.759,0.131,24.05,11.56,15.82,27.38,27.51,18.25,91.0,0.262,19.0,20.88,10.0,10.99,0.7290000000000001,0.126,20.25,9.17,20.06,29.23,27.81,18.1
746548,2024-06-04,2024,641584,L,642028,L,field_out,False,False,29.0,0.286,3.0,10.34,1.0,3.45,0.7030000000000001,0.10700000000000004,16.33,9.52,14.29,23.81,37.84,16.67,41.0,0.147,5.0,12.2,3.0,7.32,0.503,0.088,17.39,8.7,15.22,23.91,26.56,15.15,19.0,0.294,2.0,10.53,1.0,5.26,0.669,0.059,15.15,7.46,20.9,28.36,33.33,11.11,,,,,,,,,,,,,,
746548,2024-06-04,2024,663886,R,642028,L,field_out,False,False,55.0,0.25,7.0,12.73,6.0,10.91,0.806,0.22899999999999998,9.76,3.72,20.93,24.65,22.12,11.86,140.0,0.283,30.0,21.43,13.0,9.29,0.7989999999999999,0.166,24.79,10.12,16.75,26.88,18.56,21.13,17.0,0.286,0.0,0.0,1.0,5.88,0.7689999999999999,0.07100000000000001,4.55,1.79,16.07,17.86,12.0,0.0,,,,,,,,,,,,,,
746548,2024-06-04,2024,663898,R,671096,L,field_error,False,False,49.0,0.319,6.0,12.24,2.0,4.08,0.858,0.192,20.0,9.95,14.14,24.08,28.0,10.53,56.0,0.229,8.0,14.29,6.0,10.71,0.672,0.104,20.62,8.85,17.7,26.55,22.12,11.94,218.0,0.233,38.0,17.43,16.0,7.34,0.754,0.232,19.32,9.26,15.36,24.62,24.88,15.55,374.0,0.259,92.0,24.6,40.0,10.7,0.8,0.204,24.44,11.1,16.17,27.27,25.93,18.62
746548,2024-06-04,2024,553869,R,671096,L,grounded_into_double_play,False,False,59.0,0.291,8.0,13.56,2.0,3.39,0.728,0.127,24.64,13.65,8.84,22.49,37.31,8.6,143.0,0.185,26.0,18.18,11.0,7.69,0.583,0.146,26.07,14.71,9.5,24.21,37.76,16.05,218.0,0.233,38.0,17.43,16.0,7.34,0.754,0.232,19.32,9.26,15.36,24.62,24.88,15.55,374.0,0.259,92.0,24.6,40.0,10.7,0.8,0.204,24.44,11.1,16.17,27.27,25.93,18.62
746548,2024-06-04,2024,660707,R,671096,L,field_out,False,False,54.0,0.188,10.0,18.52,5.0,9.26,0.447,0.0,28.45,15.57,13.21,28.77,45.24,13.89,111.0,0.234,42.0,37.84,3.0,2.7,0.6910000000000001,0.205,35.78,19.62,15.37,34.99,45.73,29.37,218.0,0.233,38.0,17.43,16.0,7.34,0.754,0.232,19.32,9.26,15.36,24.62,24.88,15.55,374.0,0.259,92.0,24.6,40.0,10.7,0.8,0.204,24.44,11.1,16.17,27.27,25.93,18.62
746548,2024-06-04,2024,605361,L,642028,L,double,False,False,29.0,0.207,6.0,20.69,0.0,0.0,0.621,0.207,25.4,15.69,12.75,28.43,45.83,15.0,12.0,0.273,4.0,33.33,1.0,8.33,0.6970000000000001,0.0909999999999999,25.0,13.64,11.36,25.0,33.33,26.67,19.0,0.294,2.0,10.53,1.0,5.26,0.669,0.059,15.15,7.46,20.9,28.36,33.33,11.11,,,,,,,,,,,,,,
746548,2024-06-04,2024,663697,R,642028,L,single,False,False,73.0,0.288,9.0,12.33,12.0,16.44,0.818,0.119,10.89,3.47,24.61,28.08,12.26,10.11,134.0,0.207,36.0,26.87,15.0,11.19,0.642,0.129,23.87,9.31,22.67,31.99,19.93,19.66,17.0,0.286,0.0,0.0,1.0,5.88,0.7689999999999999,0.07100000000000001,4.55,1.79,16.07,17.86,12.0,0.0,,,,,,,,,,,,,,
746548,2024-06-04,2024,666181,L,642028,L,sac_fly,False,False,53.0,0.095,16.0,30.19,9.0,16.98,0.478,0.119,38.1,17.17,13.73,30.9,22.5,17.98,44.0,0.146,14.0,31.82,3.0,6.82,0.4,0.049,34.18,15.79,19.3,35.09,25.64,27.45,19.0,0.294,2.0,10.53,1.0,5.26,0.669,0.059,15.15,7.46,20.9,28.36,33.33,11.11,,,,,,,,,,,,,,
746548,2024-06-04,2024,670770,L,642028,L,single,False,False,13.0,0.375,2.0,15.38,2.0,15.38,0.99,0.0,29.41,11.36,20.45,31.82,24.0,18.18,110.0,0.354,20.0,18.18,9.0,8.18,0.963,0.188,19.23,7.48,23.69,31.17,22.46,18.87,19.0,0.294,2.0,10.53,1.0,5.26,0.669,0.059,15.15,7.46,20.9,28.36,33.33,11.11,,,,,,,,,,,,,,
746548,2024-06-04,2024,682829,R,642028,L,hit_by_pitch,False,False,91.0,0.227,26.0,28.57,11.0,12.09,0.663,0.07999999999999999,35.15,15.3,14.78,30.08,27.83,24.76,122.0,0.184,49.0,40.16,5.0,4.1,0.494,0.079,37.56,17.7,19.4,37.1,38.0,33.33,17.0,0.286,0.0,0.0,1.0,5.88,0.7689999999999999,0.07100000000000001,4.55,1.79,16.07,17.86,12.0,0.0,,,,,,,,,,,,,,
746548,2024-06-04,2024,600869,R,642028,L,field_out,False,False,71.0,0.25,16.0,22.54,9.0,12.68,0.766,0.15000000000000002,29.46,13.77,14.13,27.9,27.34,20.51,161.0,0.254,36.0,22.36,15.0,9.32,0.793,0.197,21.45,10.5,14.2,24.7,29.83,16.29,17.0,0.286,0.0,0.0,1.0,5.88,0.7689999999999999,0.07100000000000001,4.55,1.79,16.07,17.86,12.0,0.0,,,,,,,,,,,,,,
746548,2024-06-04,2024,668715,R,642028,L,single,False,False,75.0,0.213,14.0,18.67,11.0,14.67,0.7569999999999999,0.19699999999999998,20.77,9.0,15.67,24.67,22.58,13.79,180.0,0.312,33.0,18.33,17.0,9.44,0.928,0.238,20.88,9.77,17.74,27.51,26.97,14.47,17.0,0.286,0.0,0.0,1.0,5.88,0.7689999999999999,0.07100000000000001,4.55,1.79,16.07,17.86,12.0,0.0,,,,,,,,,,,,,,
746548,2024-06-04,2024,686668,R,671096,L,strikeout,True,False,53.0,0.271,10.0,18.87,5.0,9.43,0.694,0.08299999999999996,26.73,14.06,9.38,23.44,24.21,19.61,132.0,0.194,53.0,40.15,5.0,3.79,0.584,0.1609999999999999,39.29,21.57,11.57,33.14,32.3,30.99,218.0,0.233,38.0,17.43,16.0,7.34,0.754,0.232,19.32,9.26,15.36,24.62,24.88,15.55,374.0,0.259,92.0,24.6,40.0,10.7,0.8,0.204,24.44,11.1,16.17,27.27,25.93,18.62
746548,2024-06-04,2024,607732,R,671096,L,field_out,False,False,26.0,0.409,5.0,19.23,3.0,11.54,1.235,0.36400000000000005,39.47,17.44,19.77,37.21,20.0,35.71,52.0,0.213,11.0,21.15,3.0,5.77,0.637,0.149,23.08,10.71,20.41,31.12,23.46,19.3,218.0,0.233,38.0,17.43,16.0,7.34,0.754,0.232,19.32,9.26,15.36,24.62,24.88,15.55,374.0,0.259,92.0,24.6,40.0,10.7,0.8,0.204,24.44,11.1,16.17,27.27,25.93,18.62
746548,2024-06-04,2024,656248,R,671096,L,single,False,False,28.0,0.217,9.0,32.14,4.0,14.29,0.669,0.13099999999999998,31.37,13.56,18.64,32.2,28.12,25.0,14.0,0.545,3.0,21.43,3.0,21.43,1.916,0.7279999999999999,20.0,8.47,15.25,23.73,27.78,15.0,218.0,0.233,38.0,17.43,16.0,7.34,0.754,0.232,19.32,9.26,15.36,24.62,24.88,15.55,374.0,0.259,92.0,24.6,40.0,10.7,0.8,0.204,24.44,11.1,16.17,27.27,25.93,18.62
746548,2024-06-04,2024,696100,R,671096,L,field_out,False,False,19.0,0.333,4.0,21.05,0.0,0.0,1.201,0.49999999999999994,22.86,11.43,20.0,31.43,32.43,18.18,13.0,0.231,6.0,46.15,0.0,0.0,0.846,0.384,35.71,18.87,18.87,37.74,36.0,30.0,218.0,0.233,38.0,17.43,16.0,7.34,0.754,0.232,19.32,9.26,15.36,24.62,24.88,15.55,374.0,0.259,92.0,24.6,40.0,10.7,0.8,0.204,24.44,11.1,16.17,27.27,25.93,18.62
746548,2024-06-04,2024,641584,L,642028,L,field_out,False,False,29.0,0.286,3.0,10.34,1.0,3.45,0.7030000000000001,0.10700000000000004,16.33,9.52,14.29,23.81,37.84,16.67,41.0,0.147,5.0,12.2,3.0,7.32,0.503,0.088,17.39,8.7,15.22,23.91,26.56,15.15,19.0,0.294,2.0,10.53,1.0,5.26,0.669,0.059,15.15,7.46,20.9,28.36,33.33,11.11,,,,,,,,,,,,,,
746548,2024-06-04,2024,663886,R,642028,L,field_out,False,False,55.0,0.25,7.0,12.73,6.0,10.91,0.806,0.22899999999999998,9.76,3.72,20.93,24.65,22.12,11.86,140.0,0.283,30.0,21.43,13.0,9.29,0.7989999999999999,0.166,24.79,10.12,16.75,26.88,18.56,21.13,17.0,0.286,0.0,0.0,1.0,5.88,0.7689999999999999,0.07100000000000001,4.55,1.79,16.07,17.86,12.0,0.0,,,,,,,,,,,,,,
746548,2024-06-04,2024,605361,L,642028,L,field_out,False,False,29.0,0.207,6.0,20.69,0.0,0.0,0.621,0.207,25.4,15.69,12.75,28.43,45.83,15.0,12.0,0.273,4.0,33.33,1.0,8.33,0.6970000000000001,0.0909999999999999,25.0,13.64,11.36,25.0,33.33,26.67,19.0,0.294,2.0,10.53,1.0,5.26,0.669,0.059,15.15,7.46,20.9,28.36,33.33,11.11,,,,,,,,,,,,,,
746548,2024-06-04,2024,676701,R,608718,L,field_out,False,False,18.0,0.111,4.0,22.22,0.0,0.0,0.222,0.0,27.27,17.65,13.73,31.37,50.0,30.77,105.0,0.202,27.0,25.71,9.0,8.57,0.554,0.0849999999999999,23.35,11.0,15.07,26.08,28.57,21.6,85.0,0.299,16.0,18.82,7.0,8.24,0.834,0.182,22.01,10.0,18.0,28.0,30.46,13.68,185.0,0.229,41.0,22.16,13.0,7.03,0.585,0.0659999999999999,25.84,11.89,18.32,30.21,31.25,19.25
746548,2024-06-04,2024,678662,R,608718,L,double,False,False,74.0,0.265,23.0,31.08,5.0,6.76,0.752,0.176,36.78,22.38,9.44,31.82,38.85,25.56,177.0,0.246,57.0,32.2,8.0,4.52,0.708,0.185,35.75,21.54,12.35,33.89,44.38,25.56,85.0,0.299,16.0,18.82,7.0,8.24,0.834,0.182,22.01,10.0,18.0,28.0,30.46,13.68,185.0,0.229,41.0,22.16,13.0,7.03,0.585,0.0659999999999999,25.84,11.89,18.32,30.21,31.25,19.25
746548,2024-06-04,2024,663898,R,608718,L,field_out,False,False,49.0,0.319,6.0,12.24,2.0,4.08,0.858,0.192,20.0,9.95,14.14,24.08,28.0,10.53,56.0,0.229,8.0,14.29,6.0,10.71,0.672,0.104,20.62,8.85,17.7,26.55,22.12,11.94,85.0,0.299,16.0,18.82,7.0,8.24,0.834,0.182,22.01,10.0,18.0,28.0,30.46,13.68,185.0,0.229,41.0,22.16,13.0,7.03,0.585,0.0659999999999999,25.84,11.89,18.32,30.21,31.25,19.25
746548,2024-06-04,2024,553869,R,608718,L,field_out,False,False,59.0,0.291,8.0,13.56,2.0,3.39,0.728,0.127,24.64,13.65,8.84,22.49,37.31,8.6,143.0,0.185,26.0,18.18,11.0,7.69,0.583,0.146,26.07,14.71,9.5,24.21,37.76,16.05,85.0,0.299,16.0,18.82,7.0,8.24,0.834,0.182,22.01,10.0,18.0,28.0,30.46,13.68,185.0,0.229,41.0,22.16,13.0,7.03,0.585,0.0659999999999999,25.84,11.89,18.32,30.21,31.25,19.25
746548,2024-06-04,2024,663697,R,683409,R,single,False,False,147.0,0.216,35.0,23.81,20.0,13.61,0.623,0.07999999999999999,18.78,6.64,21.45,28.09,15.36,18.92,397.0,0.257,73.0,18.39,37.0,9.32,0.7809999999999999,0.175,21.3,8.18,21.42,29.59,19.53,15.19,3.0,1.0,0.0,0.0,0.0,0.0,3.0,1.0,40.0,18.18,0.0,18.18,33.33,0.0,,,,,,,,,,,,,,
746548,2024-06-04,2024,666181,L,683409,R,field_out,False,False,151.0,0.239,62.0,41.06,17.0,11.26,0.8180000000000001,0.254,38.08,18.25,14.44,32.7,21.0,29.67,285.0,0.297,89.0,31.23,37.0,12.98,0.938,0.252,31.03,13.11,16.03,29.13,18.51,23.66,6.0,0.167,0.0,0.0,0.0,0.0,0.334,0.0,18.18,10.53,5.26,15.79,27.27,0.0,,,,,,,,,,,,,,
746548,2024-06-04,2024,674441,L,683409,R,single,False,False,38.0,0.258,8.0,21.05,3.0,7.89,0.641,0.03199999999999997,15.62,6.37,22.93,29.3,17.91,14.81,,,,,,,,,,,,,,,6.0,0.167,0.0,0.0,0.0,0.0,0.334,0.0,18.18,10.53,5.26,15.79,27.27,0.0,,,,,,,,,,,,,,
746548,2024-06-04,2024,682829,L,683409,R,grounded_into_double_play,False,False,161.0,0.236,57.0,35.4,17.0,10.56,0.7889999999999999,0.236,33.72,13.81,20.79,34.6,25.08,32.18,307.0,0.255,95.0,30.94,30.0,9.77,0.7989999999999999,0.2159999999999999,26.69,11.86,17.47,29.33,31.27,25.07,6.0,0.167,0.0,0.0,0.0,0.0,0.334,0.0,18.18,10.53,5.26,15.79,27.27,0.0,,,,,,,,,,,,,,
746548,2024-06-04,2024,660707,R,608718,L,field_out,False,False,54.0,0.188,10.0,18.52,5.0,9.26,0.447,0.0,28.45,15.57,13.21,28.77,45.24,13.89,111.0,0.234,42.0,37.84,3.0,2.7,0.6910000000000001,0.205,35.78,19.62,15.37,34.99,45.73,29.37,85.0,0.299,16.0,18.82,7.0,8.24,0.834,0.182,22.01,10.0,18.0,28.0,30.46,13.68,185.0,0.229,41.0,22.16,13.0,7.03,0.585,0.0659999999999999,25.84,11.89,18.32,30.21,31.25,19.25
746548,2024-06-04,2024,686668,R,608718,L,single,False,False,53.0,0.271,10.0,18.87,5.0,9.43,0.694,0.08299999999999996,26.73,14.06,9.38,23.44,24.21,19.61,132.0,0.194,53.0,40.15,5.0,3.79,0.584,0.1609999999999999,39.29,21.57,11.57,33.14,32.3,30.99,85.0,0.299,16.0,18.82,7.0,8.24,0.834,0.182,22.01,10.0,18.0,28.0,30.46,13.68,185.0,0.229,41.0,22.16,13.0,7.03,0.585,0.0659999999999999,25.84,11.89,18.32,30.21,31.25,19.25
746548,2024-06-04,2024,607732,R,608718,L,strikeout,True,False,26.0,0.409,5.0,19.23,3.0,11.54,1.235,0.36400000000000005,39.47,17.44,19.77,37.21,20.0,35.71,52.0,0.213,11.0,21.15,3.0,5.77,0.637,0.149,23.08,10.71,20.41,31.12,23.46,19.3,85.0,0.299,16.0,18.82,7.0,8.24,0.834,0.182,22.01,10.0,18.0,28.0,30.46,13.68,185.0,0.229,41.0,22.16,13.0,7.03,0.585,0.0659999999999999,25.84,11.89,18.32,30.21,31.25,19.25
746548,2024-06-04,2024,656248,R,608718,L,strikeout,True,False,28.0,0.217,9.0,32.14,4.0,14.29,0.669,0.13099999999999998,31.37,13.56,18.64,32.2,28.12,25.0,14.0,0.545,3.0,21.43,3.0,21.43,1.916,0.7279999999999999,20.0,8.47,15.25,23.73,27.78,15.0,85.0,0.299,16.0,18.82,7.0,8.24,0.834,0.182,22.01,10.0,18.0,28.0,30.46,13.68,185.0,0.229,41.0,22.16,13.0,7.03,0.585,0.0659999999999999,25.84,11.89,18.32,30.21,31.25,19.25
746548,2024-06-04,2024,600869,L,683409,R,field_out,False,False,144.0,0.226,40.0,27.78,8.0,5.56,0.724,0.225,29.12,15.31,14.21,29.52,36.36,24.1,415.0,0.251,91.0,21.93,38.0,9.16,0.812,0.2279999999999999,25.42,11.83,16.22,28.05,27.64,18.71,6.0,0.167,0.0,0.0,0.0,0.0,0.334,0.0,18.18,10.53,5.26,15.79,27.27,0.0,,,,,,,,,,,,,,
746548,2024-06-04,2024,668715,R,683409,R,single,False,False,167.0,0.255,31.0,18.56,20.0,11.98,0.753,0.14500000000000002,21.17,9.23,18.18,27.41,25.0,12.97,487.0,0.256,106.0,21.77,51.0,10.47,0.7789999999999999,0.175,25.48,10.86,19.02,29.88,22.75,18.53,3.0,1.0,0.0,0.0,0.0,0.0,3.0,1.0,40.0,18.18,0.0,18.18,33.33,0.0,,,,,,,,,,,,,,
746548,2024-06-04,2024,641584,L,683409,R,force_out,False,False,118.0,0.292,27.0,22.88,9.0,7.63,0.715,0.07600000000000001,21.09,12.16,9.23,21.4,28.79,18.12,339.0,0.268,66.0,19.47,34.0,10.03,0.815,0.199,24.78,12.84,11.52,24.36,30.55,18.38,6.0,0.167,0.0,0.0,0.0,0.0,0.334,0.0,18.18,10.53,5.26,15.79,27.27,0.0,,,,,,,,,,,,,,
746548,2024-06-04,2024,663886,R,683409,R,home_run,False,False,113.0,0.255,25.0,22.12,8.0,7.08,0.7210000000000001,0.14700000000000002,22.91,10.28,19.05,29.32,27.08,21.82,378.0,0.228,105.0,27.78,34.0,8.99,0.657,0.1239999999999999,29.78,12.81,19.96,32.77,26.19,24.59,3.0,1.0,0.0,0.0,0.0,0.0,3.0,1.0,40.0,18.18,0.0,18.18,33.33,0.0,,,,,,,,,,,,,,
746548,2024-06-04,2024,605361,L,683409,R,field_out,False,False,93.0,0.198,23.0,24.73,4.0,4.3,0.5860000000000001,0.135,28.32,13.46,18.13,31.59,28.25,21.7,67.0,0.262,11.0,16.42,4.0,5.97,0.951,0.361,16.8,7.78,18.52,26.3,24.19,11.46,6.0,0.167,0.0,0.0,0.0,0.0,0.334,0.0,18.18,10.53,5.26,15.79,27.27,0.0,,,,,,,,,,,,,,
746548,2024-06-04,2024,696100,R,458677,L,hit_by_pitch,False,False,19.0,0.333,4.0,21.05,0.0,0.0,1.201,0.49999999999999994,22.86,11.43,20.0,31.43,32.43,18.18,13.0,0.231,6.0,46.15,0.0,0.0,0.846,0.384,35.71,18.87,18.87,37.74,36.0,30.0,21.0,0.316,5.0,23.81,1.0,4.76,0.907,0.21000000000000002,20.69,13.19,10.99,24.18,40.62,14.29,,,,,,,,,,,,,,
746548,2024-06-04,2024,676701,R,458677,L,grounded_into_double_play,False,False,18.0,0.111,4.0,22.22,0.0,0.0,0.222,0.0,27.27,17.65,13.73,31.37,50.0,30.77,105.0,0.202,27.0,25.71,9.0,8.57,0.554,0.0849999999999999,23.35,11.0,15.07,26.08,28.57,21.6,21.0,0.316,5.0,23.81,1.0,4.76,0.907,0.21000000000000002,20.69,13.19,10.99,24.18,40.62,14.29,,,,,,,,,,,,,,
746548,2024-06-04,2024,678662,R,458677,L,field_out,False,False,74.0,0.265,23.0,31.08,5.0,6.76,0.752,0.176,36.78,22.38,9.44,31.82,38.85,25.56,177.0,0.246,57.0,32.2,8.0,4.52,0.708,0.185,35.75,21.54,12.35,33.89,44.38,25.56,21.0,0.316,5.0,23.81,1.0,4.76,0.907,0.21000000000000002,20.69,13.19,10.99,24.18,40.62,14.29,,,,,,,,,,,,,,
744927,2024-06-05,2024,683002,L,621244,R,field_out,False,False,181.0,0.258,38.0,20.99,18.0,9.94,0.9339999999999999,0.33299999999999996,23.89,10.98,14.64,25.62,23.01,23.03,455.0,0.272,117.0,25.71,38.0,8.35,0.885,0.277,25.57,12.07,15.7,27.78,26.4,22.35,134.0,0.158,32.0,23.88,11.0,8.21,0.585,0.19199999999999998,24.15,10.59,19.52,30.11,28.92,20.51,407.0,0.261,97.0,23.83,31.0,7.62,0.773,0.189,27.03,12.19,17.64,29.83,27.76,22.0
744927,2024-06-05,2024,668939,L,621244,R,single,False,False,170.0,0.237,32.0,18.82,11.0,6.47,0.641,0.11599999999999999,22.33,10.61,19.28,29.9,33.83,16.84,496.0,0.267,80.0,16.13,61.0,12.3,0.778,0.1519999999999999,16.76,6.91,19.7,26.61,24.41,12.54,134.0,0.158,32.0,23.88,11.0,8.21,0.585,0.19199999999999998,24.15,10.59,19.52,30.11,28.92,20.51,407.0,0.261,97.0,23.83,31.0,7.62,0.773,0.189,27.03,12.19,17.64,29.83,27.76,22.0
744927,2024-06-05,2024,663624,R,621244,R,strikeout,True,False,162.0,0.281,37.0,22.84,7.0,4.32,0.812,0.22199999999999998,22.7,12.5,12.5,25.0,37.76,18.88,310.0,0.235,78.0,25.16,22.0,7.1,0.6399999999999999,0.1139999999999999,29.78,16.05,13.56,29.61,37.06,21.61,161.0,0.291,26.0,16.15,7.0,4.35,0.752,0.121,18.38,8.9,20.28,29.18,33.09,15.57,376.0,0.22,87.0,23.14,21.0,5.59,0.6160000000000001,0.121,23.87,11.4,19.26,30.66,33.81,21.64
744927,2024-06-05,2024,656811,L,621244,R,field_out,False,False,157.0,0.282,17.0,10.83,15.0,9.55,0.822,0.19,17.6,7.77,16.78,24.56,23.67,13.71,340.0,0.297,74.0,21.76,13.0,3.82,0.802,0.178,22.26,11.29,14.37,25.66,31.15,17.72,134.0,0.158,32.0,23.88,11.0,8.21,0.585,0.19199999999999998,24.15,10.59,19.52,30.11,28.92,20.51,407.0,0.261,97.0,23.83,31.0,7.62,0.773,0.189,27.03,12.19,17.64,29.83,27.76,22.0
744927,2024-06-05,2024,676914,R,544150,R,field_out,False,False,146.0,0.258,36.0,24.66,17.0,11.64,0.815,0.194,27.17,10.73,19.13,29.86,19.29,17.31,87.0,0.247,27.0,31.03,11.0,12.64,0.8340000000000001,0.219,37.06,13.98,21.9,35.88,15.66,21.77,82.0,0.2,17.0,20.73,4.0,4.88,0.514,0.067,24.0,12.17,13.62,25.8,28.41,14.05,,,,,,,,,,,,,,
744927,2024-06-05,2024,662139,L,544150,R,double,False,False,169.0,0.199,48.0,28.4,18.0,10.65,0.754,0.27099999999999996,25.54,11.76,16.01,27.76,24.0,23.65,466.0,0.202,111.0,23.82,36.0,7.73,0.662,0.19,25.51,12.84,15.05,27.89,29.23,18.26,54.0,0.191,12.0,22.22,6.0,11.11,0.623,0.14900000000000002,31.09,16.02,8.23,24.24,24.81,14.12,,,,,,,,,,,,,,
744927,2024-06-05,2024,665489,R,544150,R,strikeout,True,False,214.0,0.309,37.0,17.29,25.0,11.68,0.829,0.127,24.08,11.12,15.44,26.56,23.87,13.65,558.0,0.26,85.0,15.23,48.0,8.6,0.792,0.2,23.83,12.29,11.94,24.23,30.21,15.37,82.0,0.2,17.0,20.73,4.0,4.88,0.514,0.067,24.0,12.17,13.62,25.8,28.41,14.05,,,,,,,,,,,,,,
744927,2024-06-05,2024,666182,R,544150,R,field_out,False,False,197.0,0.258,32.0,16.24,11.0,5.58,0.6950000000000001,0.127,21.9,12.5,10.84,23.34,36.96,16.33,496.0,0.303,102.0,20.56,20.0,4.03,0.797,0.161,21.9,12.38,11.73,24.11,38.01,17.91,82.0,0.2,17.0,20.73,4.0,4.88,0.514,0.067,24.0,12.17,13.62,25.8,28.41,14.05,,,,,,,,,,,,,,
744927,2024-06-05,2024,623993,L,621244,R,home_run,False,False,170.0,0.204,27.0,15.88,10.0,5.88,0.692,0.223,16.71,9.48,11.7,21.19,41.69,12.5,486.0,0.26,107.0,22.02,31.0,6.38,0.798,0.2229999999999999,22.13,11.37,14.84,26.21,37.22,15.21,134.0,0.158,32.0,23.88,11.0,8.21,0.585,0.19199999999999998,24.15,10.59,19.52,30.11,28.92,20.51,407.0,0.261,97.0,23.83,31.0,7.62,0.773,0.189,27.03,12.19,17.64,29.83,27.76,22.0
744927,2024-06-05,2024,676059,R,621244,R,field_out,False,False,170.0,0.303,28.0,16.47,11.0,6.47,0.875,0.21300000000000002,26.01,13.19,15.23,28.41,30.79,13.99,146.0,0.246,33.0,22.6,8.0,5.48,0.6779999999999999,0.142,22.97,11.73,16.25,27.98,29.59,19.76,161.0,0.291,26.0,16.15,7.0,4.35,0.752,0.121,18.38,8.9,20.28,29.18,33.09,15.57,376.0,0.22,87.0,23.14,21.0,5.59,0.6160000000000001,0.121,23.87,11.4,19.26,30.66,33.81,21.64
744927,2024-06-05,2024,669065,L,621244,R,single,False,False,23.0,0.364,7.0,30.43,0.0,0.0,0.909,0.18100000000000005,36.54,22.89,9.64,32.53,35.14,23.33,30.0,0.071,12.0,40.0,2.0,6.67,0.204,0.0,37.29,20.37,12.04,32.41,38.18,40.0,134.0,0.158,32.0,23.88,11.0,8.21,0.585,0.19199999999999998,24.15,10.59,19.52,30.11,28.92,20.51,407.0,0.261,97.0,23.83,31.0,7.62,0.773,0.189,27.03,12.19,17.64,29.83,27.76,22.0
744927,2024-06-05,2024,656775,L,621244,R,walk,False,True,132.0,0.198,34.0,25.76,8.0,6.06,0.616,0.174,20.54,10.91,12.96,23.87,29.66,22.82,336.0,0.233,77.0,22.92,31.0,9.23,0.726,0.1889999999999999,26.24,13.25,14.23,27.48,28.99,18.95,134.0,0.158,32.0,23.88,11.0,8.21,0.585,0.19199999999999998,24.15,10.59,19.52,30.11,28.92,20.51,407.0,0.261,97.0,23.83,31.0,7.62,0.773,0.189,27.03,12.19,17.64,29.83,27.76,22.0
744927,2024-06-05,2024,602104,R,621244,R,double,False,False,52.0,0.245,9.0,17.31,2.0,3.85,0.717,0.184,28.72,14.21,12.63,26.84,25.25,18.0,272.0,0.274,72.0,26.47,17.0,6.25,0.726,0.1169999999999999,29.67,14.82,16.24,31.07,27.7,24.41,161.0,0.291,26.0,16.15,7.0,4.35,0.752,0.121,18.38,8.9,20.28,29.18,33.09,15.57,376.0,0.22,87.0,23.14,21.0,5.59,0.6160000000000001,0.121,23.87,11.4,19.26,30.66,33.81,21.64
744927,2024-06-05,2024,683002,L,621244,R,field_out,False,False,181.0,0.258,38.0,20.99,18.0,9.94,0.9339999999999999,0.33299999999999996,23.89,10.98,14.64,25.62,23.01,23.03,455.0,0.272,117.0,25.71,38.0,8.35,0.885,0.277,25.57,12.07,15.7,27.78,26.4,22.35,134.0,0.158,32.0,23.88,11.0,8.21,0.585,0.19199999999999998,24.15,10.59,19.52,30.11,28.92,20.51,407.0,0.261,97.0,23.83,31.0,7.62,0.773,0.189,27.03,12.19,17.64,29.83,27.76,22.0
744927,2024-06-05,2024,543807,R,544150,R,walk,False,True,177.0,0.229,24.0,13.56,18.0,10.17,0.655,0.11499999999999996,23.22,11.85,13.43,25.28,24.67,13.11,539.0,0.262,101.0,18.74,43.0,7.98,0.738,0.1489999999999999,23.18,11.37,14.48,25.84,23.35,18.21,82.0,0.2,17.0,20.73,4.0,4.88,0.514,0.067,24.0,12.17,13.62,25.8,28.41,14.05,,,,,,,,,,,,,,
744927,2024-06-05,2024,457759,R,544150,R,double,False,False,155.0,0.179,27.0,17.42,18.0,11.61,0.56,0.09700000000000003,20.36,9.64,15.68,25.32,27.4,11.16,462.0,0.273,78.0,16.88,33.0,7.14,0.765,0.1569999999999999,16.44,7.32,17.97,25.29,25.33,12.0,82.0,0.2,17.0,20.73,4.0,4.88,0.514,0.067,24.0,12.17,13.62,25.8,28.41,14.05,,,,,,,,,,,,,,
744927,2024-06-05,2024,672386,R,544150,R,sac_fly,False,False,80.0,0.229,11.0,13.75,8.0,10.0,0.614,0.08499999999999999,16.79,6.74,23.17,29.91,22.6,9.73,295.0,0.244,28.0,9.49,25.0,8.47,0.6739999999999999,0.1069999999999999,13.38,5.86,20.77,26.63,27.21,7.67,82.0,0.2,17.0,20.73,4.0,4.88,0.514,0.067,24.0,12.17,13.62,25.8,28.41,14.05,,,,,,,,,,,,,,
744927,2024-06-05,2024,643396,R,544150,R,single,False,False,134.0,0.26,18.0,13.43,8.0,5.97,0.6930000000000001,0.13,12.9,5.88,22.06,27.94,32.17,14.06,273.0,0.246,54.0,19.78,17.0,6.23,0.6479999999999999,0.1069999999999999,19.6,9.05,20.2,29.25,28.6,15.56,82.0,0.2,17.0,20.73,4.0,4.88,0.514,0.067,24.0,12.17,13.62,25.8,28.41,14.05,,,,,,,,,,,,,,
744927,2024-06-05,2024,595281,L,544150,R,strikeout,True,False,94.0,0.209,29.0,30.85,3.0,3.19,0.5680000000000001,0.11700000000000002,36.73,19.89,12.43,32.32,34.25,26.61,312.0,0.26,63.0,20.19,25.0,8.01,0.753,0.1709999999999999,29.15,14.21,14.3,28.51,25.39,21.07,54.0,0.191,12.0,22.22,6.0,11.11,0.623,0.14900000000000002,31.09,16.02,8.23,24.24,24.81,14.12,,,,,,,,,,,,,,
744927,2024-06-05,2024,676914,R,544150,R,field_out,False,False,146.0,0.258,36.0,24.66,17.0,11.64,0.815,0.194,27.17,10.73,19.13,29.86,19.29,17.31,87.0,0.247,27.0,31.03,11.0,12.64,0.8340000000000001,0.219,37.06,13.98,21.9,35.88,15.66,21.77,82.0,0.2,17.0,20.73,4.0,4.88,0.514,0.067,24.0,12.17,13.62,25.8,28.41,14.05,,,,,,,,,,,,,,
744927,2024-06-05,2024,668939,L,621244,R,field_out,False,False,170.0,0.237,32.0,18.82,11.0,6.47,0.641,0.11599999999999999,22.33,10.61,19.28,29.9,33.83,16.84,496.0,0.267,80.0,16.13,61.0,12.3,0.778,0.1519999999999999,16.76,6.91,19.7,26.61,24.41,12.54,134.0,0.158,32.0,23.88,11.0,8.21,0.585,0.19199999999999998,24.15,10.59,19.52,30.11,28.92,20.51,407.0,0.261,97.0,23.83,31.0,7.62,0.773,0.189,27.03,12.19,17.64,29.83,27.76,22.0
744927,2024-06-05,2024,663624,R,621244,R,field_out,False,False,162.0,0.281,37.0,22.84,7.0,4.32,0.812,0.22199999999999998,22.7,12.5,12.5,25.0,37.76,18.88,310.0,0.235,78.0,25.16,22.0,7.1,0.6399999999999999,0.1139999999999999,29.78,16.05,13.56,29.61,37.06,21.61,161.0,0.291,26.0,16.15,7.0,4.35,0.752,0.121,18.38,8.9,20.28,29.18,33.09,15.57,376.0,0.22,87.0,23.14,21.0,5.59,0.6160000000000001,0.121,23.87,11.4,19.26,30.66,33.81,21.64
744927,2024-06-05,2024,656811,L,621244,R,single,False,False,157.0,0.282,17.0,10.83,15.0,9.55,0.822,0.19,17.6,7.77,16.78,24.56,23.67,13.71,340.0,0.297,74.0,21.76,13.0,3.82,0.802,0.178,22.26,11.29,14.37,25.66,31.15,17.72,134.0,0.158,32.0,23.88,11.0,8.21,0.585,0.19199999999999998,24.15,10.59,19.52,30.11,28.92,20.51,407.0,0.261,97.0,23.83,31.0,7.62,0.773,0.189,27.03,12.19,17.64,29.83,27.76,22.0
744927,2024-06-05,2024,623993,L,621244,R,field_out,False,False,170.0,0.204,27.0,15.88,10.0,5.88,0.692,0.223,16.71,9.48,11.7,21.19,41.69,12.5,486.0,0.26,107.0,22.02,31.0,6.38,0.798,0.2229999999999999,22.13,11.37,14.84,26.21,37.22,15.21,134.0,0.158,32.0,23.88,11.0,8.21,0.585,0.19199999999999998,24.15,10.59,19.52,30.11,28.92,20.51,407.0,0.261,97.0,23.83,31.0,7.62,0.773,0.189,27.03,12.19,17.64,29.83,27.76,22.0
744927,2024-06-05,2024,662139,L,544150,R,field_out,False,False,169.0,0.199,48.0,28.4,18.0,10.65,0.754,0.27099999999999996,25.54,11.76,16.01,27.76,24.0,23.65,466.0,0.202,111.0,23.82,36.0,7.73,0.662,0.19,25.51,12.84,15.05,27.89,29.23,18.26,54.0,0.191,12.0,22.22,6.0,11.11,0.623,0.14900000000000002,31.09,16.02,8.23,24.24,24.81,14.12,,,,,,,,,,,,,,
744927,2024-06-05,2024,665489,R,544150,R,field_out,False,False,214.0,0.309,37.0,17.29,25.0,11.68,0.829,0.127,24.08,11.12,15.44,26.56,23.87,13.65,558.0,0.26,85.0,15.23,48.0,8.6,0.792,0.2,23.83,12.29,11.94,24.23,30.21,15.37,82.0,0.2,17.0,20.73,4.0,4.88,0.514,0.067,24.0,12.17,13.62,25.8,28.41,14.05,,,,,,,,,,,,,,
744927,2024-06-05,2024,666182,R,544150,R,field_out,False,False,197.0,0.258,32.0,16.24,11.0,5.58,0.6950000000000001,0.127,21.9,12.5,10.84,23.34,36.96,16.33,496.0,0.303,102.0,20.56,20.0,4.03,0.797,0.161,21.9,12.38,11.73,24.11,38.01,17.91,82.0,0.2,17.0,20.73,4.0,4.88,0.514,0.067,24.0,12.17,13.62,25.8,28.41,14.05,,,,,,,,,,,,,,
744927,2024-06-05,2024,676059,R,621244,R,field_out,False,False,170.0,0.303,28.0,16.47,11.0,6.47,0.875,0.21300000000000002,26.01,13.19,15.23,28.41,30.79,13.99,146.0,0.246,33.0,22.6,8.0,5.48,0.6779999999999999,0.142,22.97,11.73,16.25,27.98,29.59,19.76,161.0,0.291,26.0,16.15,7.0,4.35,0.752,0.121,18.38,8.9,20.28,29.18,33.09,15.57,376.0,0.22,87.0,23.14,21.0,5.59,0.6160000000000001,0.121,23.87,11.4,19.26,30.66,33.81,21.64
744927,2024-06-05,2024,669065,L,621244,R,field_out,False,False,23.0,0.364,7.0,30.43,0.0,0.0,0.909,0.18100000000000005,36.54,22.89,9.64,32.53,35.14,23.33,30.0,0.071,12.0,40.0,2.0,6.67,0.204,0.0,37.29,20.37,12.04,32.41,38.18,40.0,134.0,0.158,32.0,23.88,11.0,8.21,0.585,0.19199999999999998,24.15,10.59,19.52,30.11,28.92,20.51,407.0,0.261,97.0,23.83,31.0,7.62,0.773,0.189,27.03,12.19,17.64,29.83,27.76,22.0
744927,2024-06-05,2024,656775,L,621244,R,field_out,False,False,132.0,0.198,34.0,25.76,8.0,6.06,0.616,0.174,20.54,10.91,12.96,23.87,29.66,22.82,336.0,0.233,77.0,22.92,31.0,9.23,0.726,0.1889999999999999,26.24,13.25,14.23,27.48,28.99,18.95,134.0,0.158,32.0,23.88,11.0,8.21,0.585,0.19199999999999998,24.15,10.59,19.52,30.11,28.92,20.51,407.0,0.261,97.0,23.83,31.0,7.62,0.773,0.189,27.03,12.19,17.64,29.83,27.76,22.0
744927,2024-06-05,2024,543807,R,544150,R,strikeout,True,False,177.0,0.229,24.0,13.56,18.0,10.17,0.655,0.11499999999999996,23.22,11.85,13.43,25.28,24.67,13.11,539.0,0.262,101.0,18.74,43.0,7.98,0.738,0.1489999999999999,23.18,11.37,14.48,25.84,23.35,18.21,82.0,0.2,17.0,20.73,4.0,4.88,0.514,0.067,24.0,12.17,13.62,25.8,28.41,14.05,,,,,,,,,,,,,,
744927,2024-06-05,2024,457759,R,544150,R,single,False,False,155.0,0.179,27.0,17.42,18.0,11.61,0.56,0.09700000000000003,20.36,9.64,15.68,25.32,27.4,11.16,462.0,0.273,78.0,16.88,33.0,7.14,0.765,0.1569999999999999,16.44,7.32,17.97,25.29,25.33,12.0,82.0,0.2,17.0,20.73,4.0,4.88,0.514,0.067,24.0,12.17,13.62,25.8,28.41,14.05,,,,,,,,,,,,,,
744927,2024-06-05,2024,672386,R,544150,R,field_out,False,False,80.0,0.229,11.0,13.75,8.0,10.0,0.614,0.08499999999999999,16.79,6.74,23.17,29.91,22.6,9.73,295.0,0.244,28.0,9.49,25.0,8.47,0.6739999999999999,0.1069999999999999,13.38,5.86,20.77,26.63,27.21,7.67,82.0,0.2,17.0,20.73,4.0,4.88,0.514,0.067,24.0,12.17,13.62,25.8,28.41,14.05,,,,,,,,,,,,,,
744927,2024-06-05,2024,643396,R,544150,R,strikeout,True,False,134.0,0.26,18.0,13.43,8.0,5.97,0.6930000000000001,0.13,12.9,5.88,22.06,27.94,32.17,14.06,273.0,0.246,54.0,19.78,17.0,6.23,0.6479999999999999,0.1069999999999999,19.6,9.05,20.2,29.25,28.6,15.56,82.0,0.2,17.0,20.73,4.0,4.88,0.514,0.067,24.0,12.17,13.62,25.8,28.41,14.05,,,,,,,,,,,,,,
744927,2024-06-05,2024,602104,R,621244,R,field_out,False,False,52.0,0.245,9.0,17.31,2.0,3.85,0.717,0.184,28.72,14.21,12.63,26.84,25.25,18.0,272.0,0.274,72.0,26.47,17.0,6.25,0.726,0.1169999999999999,29.67,14.82,16.24,31.07,27.7,24.41,161.0,0.291,26.0,16.15,7.0,4.35,0.752,0.121,18.38,8.9,20.28,29.18,33.09,15.57,376.0,0.22,87.0,23.14,21.0,5.59,0.6160000000000001,0.121,23.87,11.4,19.26,30.66,33.81,21.64
744927,2024-06-05,2024,683002,L,621244,R,walk,False,True,181.0,0.258,38.0,20.99,18.0,9.94,0.9339999999999999,0.33299999999999996,23.89,10.98,14.64,25.62,23.01,23.03,455.0,0.272,117.0,25.71,38.0,8.35,0.885,0.277,25.57,12.07,15.7,27.78,26.4,22.35,134.0,0.158,32.0,23.88,11.0,8.21,0.585,0.19199999999999998,24.15,10.59,19.52,30.11,28.92,20.51,407.0,0.261,97.0,23.83,31.0,7.62,0.773,0.189,27.03,12.19,17.64,29.83,27.76,22.0
744927,2024-06-05,2024,668939,L,621244,R,grounded_into_double_play,False,False,170.0,0.237,32.0,18.82,11.0,6.47,0.641,0.11599999999999999,22.33,10.61,19.28,29.9,33.83,16.84,496.0,0.267,80.0,16.13,61.0,12.3,0.778,0.1519999999999999,16.76,6.91,19.7,26.61,24.41,12.54,134.0,0.158,32.0,23.88,11.0,8.21,0.585,0.19199999999999998,24.15,10.59,19.52,30.11,28.92,20.51,407.0,0.261,97.0,23.83,31.0,7.62,0.773,0.189,27.03,12.19,17.64,29.83,27.76,22.0
744927,2024-06-05,2024,595281,L,544150,R,field_out,False,False,94.0,0.209,29.0,30.85,3.0,3.19,0.5680000000000001,0.11700000000000002,36.73,19.89,12.43,32.32,34.25,26.61,312.0,0.26,63.0,20.19,25.0,8.01,0.753,0.1709999999999999,29.15,14.21,14.3,28.51,25.39,21.07,54.0,0.191,12.0,22.22,6.0,11.11,0.623,0.14900000000000002,31.09,16.02,8.23,24.24,24.81,14.12,,,,,,,,,,,,,,
744927,2024-06-05,2024,676914,R,544150,R,single,False,False,146.0,0.258,36.0,24.66,17.0,11.64,0.815,0.194,27.17,10.73,19.13,29.86,19.29,17.31,87.0,0.247,27.0,31.03,11.0,12.64,0.8340000000000001,0.219,37.06,13.98,21.9,35.88,15.66,21.77,82.0,0.2,17.0,20.73,4.0,4.88,0.514,0.067,24.0,12.17,13.62,25.8,28.41,14.05,,,,,,,,,,,,,,
744927,2024-06-05,2024,662139,L,544150,R,field_out,False,False,169.0,0.199,48.0,28.4,18.0,10.65,0.754,0.27099999999999996,25.54,11.76,16.01,27.76,24.0,23.65,466.0,0.202,111.0,23.82,36.0,7.73,0.662,0.19,25.51,12.84,15.05,27.89,29.23,18.26,54.0,0.191,12.0,22.22,6.0,11.11,0.623,0.14900000000000002,31.09,16.02,8.23,24.24,24.81,14.12,,,,,,,,,,,,,,
744927,2024-06-05,2024,665489,R,544150,R,field_out,False,False,214.0,0.309,37.0,17.29,25.0,11.68,0.829,0.127,24.08,11.12,15.44,26.56,23.87,13.65,558.0,0.26,85.0,15.23,48.0,8.6,0.792,0.2,23.83,12.29,11.94,24.23,30.21,15.37,82.0,0.2,17.0,20.73,4.0,4.88,0.514,0.067,24.0,12.17,13.62,25.8,28.41,14.05,,,,,,,,,,,,,,
744927,2024-06-05,2024,663624,R,621244,R,strikeout,True,False,162.0,0.281,37.0,22.84,7.0,4.32,0.812,0.22199999999999998,22.7,12.5,12.5,25.0,37.76,18.88,310.0,0.235,78.0,25.16,22.0,7.1,0.6399999999999999,0.1139999999999999,29.78,16.05,13.56,29.61,37.06,21.61,161.0,0.291,26.0,16.15,7.0,4.35,0.752,0.121,18.38,8.9,20.28,29.18,33.09,15.57,376.0,0.22,87.0,23.14,21.0,5.59,0.6160000000000001,0.121,23.87,11.4,19.26,30.66,33.81,21.64
744927,2024-06-05,2024,656811,L,621244,R,single,False,False,157.0,0.282,17.0,10.83,15.0,9.55,0.822,0.19,17.6,7.77,16.78,24.56,23.67,13.71,340.0,0.297,74.0,21.76,13.0,3.82,0.802,0.178,22.26,11.29,14.37,25.66,31.15,17.72,134.0,0.158,32.0,23.88,11.0,8.21,0.585,0.19199999999999998,24.15,10.59,19.52,30.11,28.92,20.51,407.0,0.261,97.0,23.83,31.0,7.62,0.773,0.189,27.03,12.19,17.64,29.83,27.76,22.0
744927,2024-06-05,2024,623993,L,621244,R,walk,False,True,170.0,0.204,27.0,15.88,10.0,5.88,0.692,0.223,16.71,9.48,11.7,21.19,41.69,12.5,486.0,0.26,107.0,22.02,31.0,6.38,0.798,0.2229999999999999,22.13,11.37,14.84,26.21,37.22,15.21,134.0,0.158,32.0,23.88,11.0,8.21,0.585,0.19199999999999998,24.15,10.59,19.52,30.11,28.92,20.51,407.0,0.261,97.0,23.83,31.0,7.62,0.773,0.189,27.03,12.19,17.64,29.83,27.76,22.0
744927,2024-06-05,2024,676059,R,621244,R,field_out,False,False,170.0,0.303,28.0,16.47,11.0,6.47,0.875,0.21300000000000002,26.01,13.19,15.23,28.41,30.79,13.99,146.0,0.246,33.0,22.6,8.0,5.48,0.6779999999999999,0.142,22.97,11.73,16.25,27.98,29.59,19.76,161.0,0.291,26.0,16.15,7.0,4.35,0.752,0.121,18.38,8.9,20.28,29.18,33.09,15.57,376.0,0.22,87.0,23.14,21.0,5.59,0.6160000000000001,0.121,23.87,11.4,19.26,30.66,33.81,21.64
744927,2024-06-05,2024,669065,L,621244,R,field_out,False,False,23.0,0.364,7.0,30.43,0.0,0.0,0.909,0.18100000000000005,36.54,22.89,9.64,32.53,35.14,23.33,30.0,0.071,12.0,40.0,2.0,6.67,0.204,0.0,37.29,20.37,12.04,32.41,38.18,40.0,134.0,0.158,32.0,23.88,11.0,8.21,0.585,0.19199999999999998,24.15,10.59,19.52,30.11,28.92,20.51,407.0,0.261,97.0,23.83,31.0,7.62,0.773,0.189,27.03,12.19,17.64,29.83,27.76,22.0
744927,2024-06-05,2024,666182,R,657097,R,double,False,False,197.0,0.258,32.0,16.24,11.0,5.58,0.6950000000000001,0.127,21.9,12.5,10.84,23.34,36.96,16.33,496.0,0.303,102.0,20.56,20.0,4.03,0.797,0.161,21.9,12.38,11.73,24.11,38.01,17.91,70.0,0.203,15.0,21.43,11.0,15.71,0.634,0.10199999999999998,25.98,11.79,15.0,26.79,20.15,17.65,154.0,0.178,38.0,24.68,15.0,9.74,0.6080000000000001,0.155,31.15,16.29,14.33,30.62,34.71,18.27
744927,2024-06-05,2024,543807,R,657097,R,field_out,False,False,177.0,0.229,24.0,13.56,18.0,10.17,0.655,0.11499999999999996,23.22,11.85,13.43,25.28,24.67,13.11,539.0,0.262,101.0,18.74,43.0,7.98,0.738,0.1489999999999999,23.18,11.37,14.48,25.84,23.35,18.21,70.0,0.203,15.0,21.43,11.0,15.71,0.634,0.10199999999999998,25.98,11.79,15.0,26.79,20.15,17.65,154.0,0.178,38.0,24.68,15.0,9.74,0.6080000000000001,0.155,31.15,16.29,14.33,30.62,34.71,18.27
744927,2024-06-05,2024,457759,R,657097,R,field_out,False,False,155.0,0.179,27.0,17.42,18.0,11.61,0.56,0.09700000000000003,20.36,9.64,15.68,25.32,27.4,11.16,462.0,0.273,78.0,16.88,33.0,7.14,0.765,0.1569999999999999,16.44,7.32,17.97,25.29,25.33,12.0,70.0,0.203,15.0,21.43,11.0,15.71,0.634,0.10199999999999998,25.98,11.79,15.0,26.79,20.15,17.65,154.0,0.178,38.0,24.68,15.0,9.74,0.6080000000000001,0.155,31.15,16.29,14.33,30.62,34.71,18.27
744927,2024-06-05,2024,672386,R,657097,R,single,False,False,80.0,0.229,11.0,13.75,8.0,10.0,0.614,0.08499999999999999,16.79,6.74,23.17,29.91,22.6,9.73,295.0,0.244,28.0,9.49,25.0,8.47,0.6739999999999999,0.1069999999999999,13.38,5.86,20.77,26.63,27.21,7.67,70.0,0.203,15.0,21.43,11.0,15.71,0.634,0.10199999999999998,25.98,11.79,15.0,26.79,20.15,17.65,154.0,0.178,38.0,24.68,15.0,9.74,0.6080000000000001,0.155,31.15,16.29,14.33,30.62,34.71,18.27
744927,2024-06-05,2024,643396,R,657097,R,strikeout,True,False,134.0,0.26,18.0,13.43,8.0,5.97,0.6930000000000001,0.13,12.9,5.88,22.06,27.94,32.17,14.06,273.0,0.246,54.0,19.78,17.0,6.23,0.6479999999999999,0.1069999999999999,19.6,9.05,20.2,29.25,28.6,15.56,70.0,0.203,15.0,21.43,11.0,15.71,0.634,0.10199999999999998,25.98,11.79,15.0,26.79,20.15,17.65,154.0,0.178,38.0,24.68,15.0,9.74,0.6080000000000001,0.155,31.15,16.29,14.33,30.62,34.71,18.27
744927,2024-06-05,2024,656775,L,641835,L,field_out,False,False,47.0,0.133,12.0,25.53,1.0,2.13,0.348,0.044999999999999984,20.43,10.73,15.82,26.55,28.75,23.53,120.0,0.233,24.0,20.0,12.0,10.0,0.708,0.165,20.83,9.68,19.35,29.03,20.0,14.81,40.0,0.182,4.0,10.0,7.0,17.5,0.628,0.121,9.8,3.12,23.75,26.88,13.95,8.89,115.0,0.245,26.0,22.61,4.0,3.48,0.5609999999999999,0.0459999999999999,19.23,8.47,23.97,32.45,29.47,22.61
744927,2024-06-05,2024,602104,R,641835,L,walk,False,True,24.0,0.227,3.0,12.5,0.0,0.0,0.61,0.091,16.33,7.77,16.5,24.27,24.0,10.0,124.0,0.241,29.0,23.39,10.0,8.06,0.654,0.098,26.55,12.58,16.35,28.93,29.75,21.64,48.0,0.318,10.0,20.83,2.0,4.17,0.8780000000000001,0.22700000000000004,21.59,10.38,15.3,25.68,28.87,17.86,100.0,0.258,27.0,27.0,11.0,11.0,0.744,0.146,27.06,11.3,14.74,26.04,27.47,23.68
744927,2024-06-05,2024,683002,L,641835,L,strikeout,True,False,87.0,0.29,24.0,27.59,15.0,17.24,1.005,0.29,30.77,12.12,18.73,30.85,18.82,22.02,167.0,0.209,42.0,25.15,18.0,10.78,0.617,0.115,28.77,12.92,19.54,32.46,27.19,20.79,40.0,0.182,4.0,10.0,7.0,17.5,0.628,0.121,9.8,3.12,23.75,26.88,13.95,8.89,115.0,0.245,26.0,22.61,4.0,3.48,0.5609999999999999,0.0459999999999999,19.23,8.47,23.97,32.45,29.47,22.61
744927,2024-06-05,2024,668939,L,643338,R,field_out,False,False,170.0,0.237,32.0,18.82,11.0,6.47,0.641,0.11599999999999999,22.33,10.61,19.28,29.9,33.83,16.84,496.0,0.267,80.0,16.13,61.0,12.3,0.778,0.1519999999999999,16.76,6.91,19.7,26.61,24.41,12.54,17.0,0.2,4.0,23.53,2.0,11.76,0.761,0.267,26.32,13.16,10.53,23.68,26.83,13.79,17.0,0.2,7.0,41.18,2.0,11.76,0.694,0.2,43.18,25.68,5.41,31.08,29.03,23.33
744927,2024-06-05,2024,676391,R,543056,L,field_out,False,False,45.0,0.317,3.0,6.67,1.0,2.22,0.788,0.122,11.63,7.09,14.18,21.28,42.19,8.57,32.0,0.367,3.0,9.38,1.0,3.12,0.775,0.033,12.96,7.37,17.89,25.26,46.81,17.65,51.0,0.146,16.0,31.37,3.0,5.88,0.55,0.208,26.55,12.3,17.21,29.51,32.85,18.6,119.0,0.212,38.0,31.93,4.0,3.36,0.618,0.16,29.87,14.37,17.29,31.67,38.32,23.46
744927,2024-06-05,2024,676914,R,543056,L,strikeout,True,False,52.0,0.209,15.0,28.85,6.0,11.54,0.759,0.256,32.29,14.98,16.91,31.88,25.23,24.19,54.0,0.326,16.0,29.63,10.0,18.52,1.3,0.5109999999999999,37.65,15.69,17.16,32.84,15.89,28.07,51.0,0.146,16.0,31.37,3.0,5.88,0.55,0.208,26.55,12.3,17.21,29.51,32.85,18.6,119.0,0.212,38.0,31.93,4.0,3.36,0.618,0.16,29.87,14.37,17.29,31.67,38.32,23.46
744927,2024-06-05,2024,662139,L,543056,L,field_out,False,False,43.0,0.263,5.0,11.63,5.0,11.63,0.744,0.132,15.94,7.1,16.77,23.87,22.08,11.11,117.0,0.292,24.0,20.51,9.0,7.69,0.722,0.085,21.46,10.35,15.42,25.77,22.71,18.32,32.0,0.188,8.0,25.0,0.0,0.0,0.438,0.062,23.53,11.11,22.22,33.33,25.0,25.81,92.0,0.256,20.0,21.74,8.0,8.7,0.5860000000000001,0.0,30.07,13.07,17.33,30.4,26.32,24.1
744927,2024-06-05,2024,663624,R,643338,R,field_out,False,False,162.0,0.281,37.0,22.84,7.0,4.32,0.812,0.22199999999999998,22.7,12.5,12.5,25.0,37.76,18.88,310.0,0.235,78.0,25.16,22.0,7.1,0.6399999999999999,0.1139999999999999,29.78,16.05,13.56,29.61,37.06,21.61,24.0,0.19,5.0,20.83,2.0,8.33,0.5940000000000001,0.14300000000000002,23.53,11.11,12.04,23.15,21.67,15.62,35.0,0.273,9.0,25.71,2.0,5.71,0.738,0.1509999999999999,32.31,16.8,16.8,33.6,40.85,20.93
744927,2024-06-05,2024,656811,L,643338,R,field_out,False,False,157.0,0.282,17.0,10.83,15.0,9.55,0.822,0.19,17.6,7.77,16.78,24.56,23.67,13.71,340.0,0.297,74.0,21.76,13.0,3.82,0.802,0.178,22.26,11.29,14.37,25.66,31.15,17.72,17.0,0.2,4.0,23.53,2.0,11.76,0.761,0.267,26.32,13.16,10.53,23.68,26.83,13.79,17.0,0.2,7.0,41.18,2.0,11.76,0.694,0.2,43.18,25.68,5.41,31.08,29.03,23.33
744927,2024-06-05,2024,623993,L,643338,R,field_out,False,False,170.0,0.204,27.0,15.88,10.0,5.88,0.692,0.223,16.71,9.48,11.7,21.19,41.69,12.5,486.0,0.26,107.0,22.02,31.0,6.38,0.798,0.2229999999999999,22.13,11.37,14.84,26.21,37.22,15.21,17.0,0.2,4.0,23.53,2.0,11.76,0.761,0.267,26.32,13.16,10.53,23.68,26.83,13.79,17.0,0.2,7.0,41.18,2.0,11.76,0.694,0.2,43.18,25.68,5.41,31.08,29.03,23.33
744927,2024-06-05,2024,665489,R,666974,R,field_out,False,False,214.0,0.309,37.0,17.29,25.0,11.68,0.829,0.127,24.08,11.12,15.44,26.56,23.87,13.65,558.0,0.26,85.0,15.23,48.0,8.6,0.792,0.2,23.83,12.29,11.94,24.23,30.21,15.37,74.0,0.231,20.0,27.03,8.0,10.81,0.6779999999999999,0.12299999999999997,30.26,15.03,15.36,30.39,37.5,18.69,173.0,0.202,45.0,26.01,6.0,3.47,0.5569999999999999,0.1109999999999999,25.79,12.87,18.68,31.55,32.06,21.84
744927,2024-06-05,2024,666182,R,666974,R,strikeout,True,False,197.0,0.258,32.0,16.24,11.0,5.58,0.6950000000000001,0.127,21.9,12.5,10.84,23.34,36.96,16.33,496.0,0.303,102.0,20.56,20.0,4.03,0.797,0.161,21.9,12.38,11.73,24.11,38.01,17.91,74.0,0.231,20.0,27.03,8.0,10.81,0.6779999999999999,0.12299999999999997,30.26,15.03,15.36,30.39,37.5,18.69,173.0,0.202,45.0,26.01,6.0,3.47,0.5569999999999999,0.1109999999999999,25.79,12.87,18.68,31.55,32.06,21.84
744927,2024-06-05,2024,543807,R,666974,R,strikeout,True,False,177.0,0.229,24.0,13.56,18.0,10.17,0.655,0.11499999999999996,23.22,11.85,13.43,25.28,24.67,13.11,539.0,0.262,101.0,18.74,43.0,7.98,0.738,0.1489999999999999,23.18,11.37,14.48,25.84,23.35,18.21,74.0,0.231,20.0,27.03,8.0,10.81,0.6779999999999999,0.12299999999999997,30.26,15.03,15.36,30.39,37.5,18.69,173.0,0.202,45.0,26.01,6.0,3.47,0.5569999999999999,0.1109999999999999,25.79,12.87,18.68,31.55,32.06,21.84
744927,2024-06-05,2024,676059,R,554340,R,field_out,False,False,170.0,0.303,28.0,16.47,11.0,6.47,0.875,0.21300000000000002,26.01,13.19,15.23,28.41,30.79,13.99,146.0,0.246,33.0,22.6,8.0,5.48,0.6779999999999999,0.142,22.97,11.73,16.25,27.98,29.59,19.76,54.0,0.1,18.0,33.33,2.0,3.7,0.29100000000000004,0.04000000000000001,27.12,14.22,14.67,28.89,33.03,23.68,174.0,0.274,43.0,24.71,5.0,2.87,0.739,0.1529999999999999,27.03,13.64,15.61,29.24,32.93,24.02
744927,2024-06-05,2024,669065,L,554340,R,strikeout,True,False,23.0,0.364,7.0,30.43,0.0,0.0,0.909,0.18100000000000005,36.54,22.89,9.64,32.53,35.14,23.33,30.0,0.071,12.0,40.0,2.0,6.67,0.204,0.0,37.29,20.37,12.04,32.41,38.18,40.0,32.0,0.185,11.0,34.38,5.0,15.62,0.719,0.22199999999999998,37.5,16.28,18.6,34.88,42.65,26.83,108.0,0.237,36.0,33.33,10.0,9.26,0.687,0.129,38.58,17.23,15.87,33.11,25.44,27.69
744927,2024-06-05,2024,656775,L,554340,R,strikeout,True,False,132.0,0.198,34.0,25.76,8.0,6.06,0.616,0.174,20.54,10.91,12.96,23.87,29.66,22.82,336.0,0.233,77.0,22.92,31.0,9.23,0.726,0.1889999999999999,26.24,13.25,14.23,27.48,28.99,18.95,32.0,0.185,11.0,34.38,5.0,15.62,0.719,0.22199999999999998,37.5,16.28,18.6,34.88,42.65,26.83,108.0,0.237,36.0,33.33,10.0,9.26,0.687,0.129,38.58,17.23,15.87,33.11,25.44,27.69
744927,2024-06-05,2024,457759,R,518886,R,single,False,False,155.0,0.179,27.0,17.42,18.0,11.61,0.56,0.09700000000000003,20.36,9.64,15.68,25.32,27.4,11.16,462.0,0.273,78.0,16.88,33.0,7.14,0.765,0.1569999999999999,16.44,7.32,17.97,25.29,25.33,12.0,43.0,0.118,15.0,34.88,6.0,13.95,0.42600000000000005,0.028999999999999998,33.33,11.83,19.35,31.18,17.17,38.46,162.0,0.179,56.0,34.57,14.0,8.64,0.614,0.18,31.13,14.35,18.32,32.67,27.59,25.81
744927,2024-06-05,2024,672386,R,518886,R,field_out,False,False,80.0,0.229,11.0,13.75,8.0,10.0,0.614,0.08499999999999999,16.79,6.74,23.17,29.91,22.6,9.73,295.0,0.244,28.0,9.49,25.0,8.47,0.6739999999999999,0.1069999999999999,13.38,5.86,20.77,26.63,27.21,7.67,43.0,0.118,15.0,34.88,6.0,13.95,0.42600000000000005,0.028999999999999998,33.33,11.83,19.35,31.18,17.17,38.46,162.0,0.179,56.0,34.57,14.0,8.64,0.614,0.18,31.13,14.35,18.32,32.67,27.59,25.81
744927,2024-06-05,2024,643396,R,518886,R,single,False,False,134.0,0.26,18.0,13.43,8.0,5.97,0.6930000000000001,0.13,12.9,5.88,22.06,27.94,32.17,14.06,273.0,0.246,54.0,19.78,17.0,6.23,0.6479999999999999,0.1069999999999999,19.6,9.05,20.2,29.25,28.6,15.56,43.0,0.118,15.0,34.88,6.0,13.95,0.42600000000000005,0.028999999999999998,33.33,11.83,19.35,31.18,17.17,38.46,162.0,0.179,56.0,34.57,14.0,8.64,0.614,0.18,31.13,14.35,18.32,32.67,27.59,25.81
745740,2024-06-05,2024,622534,R,607074,L,strikeout,True,False,61.0,0.278,8.0,13.11,6.0,9.84,0.714,0.09199999999999997,19.3,9.13,14.11,23.24,29.85,12.5,99.0,0.277,22.0,22.22,3.0,3.03,0.665,0.0949999999999999,26.88,13.81,17.68,31.49,28.93,23.66,233.0,0.226,49.0,21.03,17.0,7.3,0.725,0.19699999999999998,25.79,13.03,13.35,26.38,27.81,16.67,236.0,0.274,50.0,21.19,22.0,9.32,0.855,0.236,25.1,13.5,11.48,24.97,31.87,17.24
745740,2024-06-05,2024,621043,R,607074,L,field_out,False,False,43.0,0.225,8.0,18.6,3.0,6.98,0.679,0.17500000000000002,18.18,8.14,18.02,26.16,21.11,17.02,136.0,0.248,19.0,13.97,17.0,12.5,0.782,0.188,21.1,9.54,17.18,26.72,26.2,13.01,233.0,0.226,49.0,21.03,17.0,7.3,0.725,0.19699999999999998,25.79,13.03,13.35,26.38,27.81,16.67,236.0,0.274,50.0,21.19,22.0,9.32,0.855,0.236,25.1,13.5,11.48,24.97,31.87,17.24
745740,2024-06-05,2024,680777,R,607074,L,strikeout,True,False,64.0,0.237,19.0,29.69,3.0,4.69,0.8220000000000001,0.28800000000000003,28.95,13.69,19.92,33.61,32.17,27.14,95.0,0.263,23.0,24.21,14.0,14.74,0.94,0.29,28.57,11.73,16.53,28.27,26.11,22.77,233.0,0.226,49.0,21.03,17.0,7.3,0.725,0.19699999999999998,25.79,13.03,13.35,26.38,27.81,16.67,236.0,0.274,50.0,21.19,22.0,9.32,0.855,0.236,25.1,13.5,11.48,24.97,31.87,17.24
745740,2024-06-05,2024,683011,R,663978,R,single,False,False,210.0,0.292,43.0,20.48,17.0,8.1,0.8240000000000001,0.17300000000000004,22.05,10.34,18.6,28.94,29.81,17.99,467.0,0.198,132.0,28.27,36.0,7.71,0.624,0.1579999999999999,28.15,13.53,17.49,31.02,29.16,23.4,128.0,0.285,32.0,25.0,5.0,3.91,0.8,0.203,26.91,13.62,15.45,29.07,30.21,19.63,17.0,0.312,5.0,29.41,1.0,5.88,0.728,0.063,31.03,15.0,20.0,35.0,19.23,26.32
745740,2024-06-05,2024,665742,L,663978,R,single,False,False,209.0,0.316,35.0,16.75,31.0,14.83,1.039,0.305,24.55,9.34,18.45,27.8,16.85,14.77,502.0,0.283,81.0,16.14,99.0,19.72,0.98,0.2730000000000001,18.45,6.31,19.31,25.62,15.09,14.14,138.0,0.289,22.0,15.94,7.0,5.07,0.748,0.133,19.35,9.68,15.12,24.8,32.44,16.54,5.0,0.2,3.0,60.0,0.0,0.0,1.0,0.6000000000000001,40.0,21.05,15.79,36.84,37.5,75.0
745740,2024-06-05,2024,592450,R,663978,R,field_out,False,False,213.0,0.298,53.0,24.88,30.0,14.08,1.07,0.37100000000000005,31.28,13.71,14.49,28.2,19.41,19.92,384.0,0.266,109.0,28.39,77.0,20.05,1.011,0.3339999999999999,36.96,15.02,15.7,30.72,19.29,24.12,128.0,0.285,32.0,25.0,5.0,3.91,0.8,0.203,26.91,13.62,15.45,29.07,30.21,19.63,17.0,0.312,5.0,29.41,1.0,5.88,0.728,0.063,31.03,15.0,20.0,35.0,19.23,26.32
745740,2024-06-05,2024,657077,L,663978,R,strikeout,True,False,173.0,0.268,17.0,9.83,13.0,7.51,0.777,0.191,11.41,5.26,19.01,24.27,25.97,9.55,441.0,0.279,66.0,14.97,30.0,6.8,0.793,0.185,15.08,6.28,20.52,26.8,22.64,14.93,138.0,0.289,22.0,15.94,7.0,5.07,0.748,0.133,19.35,9.68,15.12,24.8,32.44,16.54,5.0,0.2,3.0,60.0,0.0,0.0,1.0,0.6000000000000001,40.0,21.05,15.79,36.84,37.5,75.0
745740,2024-06-05,2024,519317,R,663978,R,single,False,False,159.0,0.238,49.0,30.82,12.0,7.55,0.8400000000000001,0.30600000000000005,32.06,14.63,17.81,32.43,30.43,28.49,341.0,0.175,111.0,32.55,35.0,10.26,0.64,0.201,36.65,15.18,19.37,34.55,27.39,25.58,128.0,0.285,32.0,25.0,5.0,3.91,0.8,0.203,26.91,13.62,15.45,29.07,30.21,19.63,17.0,0.312,5.0,29.41,1.0,5.88,0.728,0.063,31.03,15.0,20.0,35.0,19.23,26.32
745740,2024-06-05,2024,519203,L,663978,R,double,False,False,183.0,0.251,31.0,16.94,12.0,6.56,0.718,0.15599999999999997,19.89,10.29,15.51,25.8,38.29,15.42,334.0,0.22,86.0,25.75,27.0,8.08,0.6739999999999999,0.146,25.23,12.17,17.7,29.87,34.73,19.95,138.0,0.289,22.0,15.94,7.0,5.07,0.748,0.133,19.35,9.68,15.12,24.8,32.44,16.54,5.0,0.2,3.0,60.0,0.0,0.0,1.0,0.6000000000000001,40.0,21.05,15.79,36.84,37.5,75.0
745740,2024-06-05,2024,650402,R,663978,R,double,False,False,191.0,0.235,44.0,23.04,16.0,8.38,0.6579999999999999,0.118,24.0,11.08,16.75,27.83,22.67,15.38,544.0,0.273,78.0,14.34,50.0,9.19,0.772,0.1589999999999999,21.74,10.32,15.57,25.89,26.86,11.29,128.0,0.285,32.0,25.0,5.0,3.91,0.8,0.203,26.91,13.62,15.45,29.07,30.21,19.63,17.0,0.312,5.0,29.41,1.0,5.88,0.728,0.063,31.03,15.0,20.0,35.0,19.23,26.32
745740,2024-06-05,2024,669224,L,663978,R,field_out,False,False,102.0,0.193,17.0,16.67,12.0,11.76,0.591,0.11399999999999999,27.72,13.39,13.39,26.77,25.85,16.83,69.0,0.25,12.0,17.39,3.0,4.35,0.81,0.281,28.48,16.48,10.99,27.47,38.03,14.46,138.0,0.289,22.0,15.94,7.0,5.07,0.748,0.133,19.35,9.68,15.12,24.8,32.44,16.54,5.0,0.2,3.0,60.0,0.0,0.0,1.0,0.6000000000000001,40.0,21.05,15.79,36.84,37.5,75.0
745740,2024-06-05,2024,668904,R,607074,L,strikeout,True,False,2.0,1.0,0.0,0.0,0.0,0.0,3.5,1.5,25.0,16.67,16.67,33.33,0.0,0.0,56.0,0.314,12.0,21.43,5.0,8.93,0.7869999999999999,0.0979999999999999,27.66,13.33,16.92,30.26,30.21,23.53,233.0,0.226,49.0,21.03,17.0,7.3,0.725,0.19699999999999998,25.79,13.03,13.35,26.38,27.81,16.67,236.0,0.274,50.0,21.19,22.0,9.32,0.855,0.236,25.1,13.5,11.48,24.97,31.87,17.24
745740,2024-06-05,2024,669304,R,607074,L,strikeout,True,False,50.0,0.292,5.0,10.0,1.0,2.0,0.778,0.16600000000000004,15.05,7.91,12.43,20.34,34.07,10.64,32.0,0.226,6.0,18.75,1.0,3.12,0.573,0.097,29.85,17.54,10.53,28.07,44.44,20.0,233.0,0.226,49.0,21.03,17.0,7.3,0.725,0.19699999999999998,25.79,13.03,13.35,26.38,27.81,16.67,236.0,0.274,50.0,21.19,22.0,9.32,0.855,0.236,25.1,13.5,11.48,24.97,31.87,17.24
745740,2024-06-05,2024,621439,R,607074,L,field_out,False,False,46.0,0.233,15.0,32.61,2.0,4.35,0.748,0.232,32.18,16.18,17.34,33.53,27.27,28.85,90.0,0.179,29.0,32.22,9.0,10.0,0.628,0.193,33.14,15.66,14.56,30.22,23.24,27.88,233.0,0.226,49.0,21.03,17.0,7.3,0.725,0.19699999999999998,25.79,13.03,13.35,26.38,27.81,16.67,236.0,0.274,50.0,21.19,22.0,9.32,0.855,0.236,25.1,13.5,11.48,24.97,31.87,17.24
745740,2024-06-05,2024,518934,R,663978,R,strikeout,True,False,16.0,0.154,3.0,18.75,3.0,18.75,0.46599999999999997,0.0,11.11,4.84,22.58,27.42,23.08,15.0,450.0,0.241,100.0,22.22,45.0,10.0,0.7070000000000001,0.146,19.38,7.76,24.06,31.82,23.84,20.0,128.0,0.285,32.0,25.0,5.0,3.91,0.8,0.203,26.91,13.62,15.45,29.07,30.21,19.63,17.0,0.312,5.0,29.41,1.0,5.88,0.728,0.063,31.03,15.0,20.0,35.0,19.23,26.32
745740,2024-06-05,2024,683011,R,663978,R,field_out,False,False,210.0,0.292,43.0,20.48,17.0,8.1,0.8240000000000001,0.17300000000000004,22.05,10.34,18.6,28.94,29.81,17.99,467.0,0.198,132.0,28.27,36.0,7.71,0.624,0.1579999999999999,28.15,13.53,17.49,31.02,29.16,23.4,128.0,0.285,32.0,25.0,5.0,3.91,0.8,0.203,26.91,13.62,15.45,29.07,30.21,19.63,17.0,0.312,5.0,29.41,1.0,5.88,0.728,0.063,31.03,15.0,20.0,35.0,19.23,26.32
745740,2024-06-05,2024,665742,L,663978,R,strikeout,True,False,209.0,0.316,35.0,16.75,31.0,14.83,1.039,0.305,24.55,9.34,18.45,27.8,16.85,14.77,502.0,0.283,81.0,16.14,99.0,19.72,0.98,0.2730000000000001,18.45,6.31,19.31,25.62,15.09,14.14,138.0,0.289,22.0,15.94,7.0,5.07,0.748,0.133,19.35,9.68,15.12,24.8,32.44,16.54,5.0,0.2,3.0,60.0,0.0,0.0,1.0,0.6000000000000001,40.0,21.05,15.79,36.84,37.5,75.0
745740,2024-06-05,2024,650489,R,607074,L,strikeout,True,False,55.0,0.365,14.0,25.45,3.0,5.45,0.919,0.15400000000000003,29.2,15.28,15.28,30.56,35.58,22.95,129.0,0.237,26.0,20.16,11.0,8.53,0.636,0.079,27.27,14.12,14.71,28.82,33.85,15.03,233.0,0.226,49.0,21.03,17.0,7.3,0.725,0.19699999999999998,25.79,13.03,13.35,26.38,27.81,16.67,236.0,0.274,50.0,21.19,22.0,9.32,0.855,0.236,25.1,13.5,11.48,24.97,31.87,17.24
745740,2024-06-05,2024,467793,R,607074,L,field_out,False,False,57.0,0.259,11.0,19.3,2.0,3.51,0.749,0.20400000000000001,28.3,12.99,17.75,30.74,24.07,17.46,162.0,0.266,21.0,12.96,20.0,12.35,0.8069999999999999,0.187,16.6,6.97,17.43,24.41,22.49,13.04,233.0,0.226,49.0,21.03,17.0,7.3,0.725,0.19699999999999998,25.79,13.03,13.35,26.38,27.81,16.67,236.0,0.274,50.0,21.19,22.0,9.32,0.855,0.236,25.1,13.5,11.48,24.97,31.87,17.24
745740,2024-06-05,2024,571657,R,607074,L,strikeout,True,False,51.0,0.159,11.0,21.57,5.0,9.8,0.502,0.068,21.69,9.28,21.13,30.41,29.03,20.75,128.0,0.289,27.0,21.09,10.0,7.81,0.782,0.141,24.78,11.45,20.65,32.11,31.62,18.88,233.0,0.226,49.0,21.03,17.0,7.3,0.725,0.19699999999999998,25.79,13.03,13.35,26.38,27.81,16.67,236.0,0.274,50.0,21.19,22.0,9.32,0.855,0.236,25.1,13.5,11.48,24.97,31.87,17.24
745740,2024-06-05,2024,592450,R,663978,R,strikeout,True,False,213.0,0.298,53.0,24.88,30.0,14.08,1.07,0.37100000000000005,31.28,13.71,14.49,28.2,19.41,19.92,384.0,0.266,109.0,28.39,77.0,20.05,1.011,0.3339999999999999,36.96,15.02,15.7,30.72,19.29,24.12,128.0,0.285,32.0,25.0,5.0,3.91,0.8,0.203,26.91,13.62,15.45,29.07,30.21,19.63,17.0,0.312,5.0,29.41,1.0,5.88,0.728,0.063,31.03,15.0,20.0,35.0,19.23,26.32
745740,2024-06-05,2024,657077,L,663978,R,strikeout,True,False,173.0,0.268,17.0,9.83,13.0,7.51,0.777,0.191,11.41,5.26,19.01,24.27,25.97,9.55,441.0,0.279,66.0,14.97,30.0,6.8,0.793,0.185,15.08,6.28,20.52,26.8,22.64,14.93,138.0,0.289,22.0,15.94,7.0,5.07,0.748,0.133,19.35,9.68,15.12,24.8,32.44,16.54,5.0,0.2,3.0,60.0,0.0,0.0,1.0,0.6000000000000001,40.0,21.05,15.79,36.84,37.5,75.0
745740,2024-06-05,2024,519317,R,663978,R,strikeout,True,False,159.0,0.238,49.0,30.82,12.0,7.55,0.8400000000000001,0.30600000000000005,32.06,14.63,17.81,32.43,30.43,28.49,341.0,0.175,111.0,32.55,35.0,10.26,0.64,0.201,36.65,15.18,19.37,34.55,27.39,25.58,128.0,0.285,32.0,25.0,5.0,3.91,0.8,0.203,26.91,13.62,15.45,29.07,30.21,19.63,17.0,0.312,5.0,29.41,1.0,5.88,0.728,0.063,31.03,15.0,20.0,35.0,19.23,26.32
745740,2024-06-05,2024,622534,R,607074,L,field_out,False,False,61.0,0.278,8.0,13.11,6.0,9.84,0.714,0.09199999999999997,19.3,9.13,14.11,23.24,29.85,12.5,99.0,0.277,22.0,22.22,3.0,3.03,0.665,0.0949999999999999,26.88,13.81,17.68,31.49,28.93,23.66,233.0,0.226,49.0,21.03,17.0,7.3,0.725,0.19699999999999998,25.79,13.03,13.35,26.38,27.81,16.67,236.0,0.274,50.0,21.19,22.0,9.32,0.855,0.236,25.1,13.5,11.48,24.97,31.87,17.24
745740,2024-06-05,2024,621043,R,607074,L,field_out,False,False,43.0,0.225,8.0,18.6,3.0,6.98,0.679,0.17500000000000002,18.18,8.14,18.02,26.16,21.11,17.02,136.0,0.248,19.0,13.97,17.0,12.5,0.782,0.188,21.1,9.54,17.18,26.72,26.2,13.01,233.0,0.226,49.0,21.03,17.0,7.3,0.725,0.19699999999999998,25.79,13.03,13.35,26.38,27.81,16.67,236.0,0.274,50.0,21.19,22.0,9.32,0.855,0.236,25.1,13.5,11.48,24.97,31.87,17.24
745740,2024-06-05,2024,680777,R,607074,L,field_out,False,False,64.0,0.237,19.0,29.69,3.0,4.69,0.8220000000000001,0.28800000000000003,28.95,13.69,19.92,33.61,32.17,27.14,95.0,0.263,23.0,24.21,14.0,14.74,0.94,0.29,28.57,11.73,16.53,28.27,26.11,22.77,233.0,0.226,49.0,21.03,17.0,7.3,0.725,0.19699999999999998,25.79,13.03,13.35,26.38,27.81,16.67,236.0,0.274,50.0,21.19,22.0,9.32,0.855,0.236,25.1,13.5,11.48,24.97,31.87,17.24
745740,2024-06-05,2024,519203,L,663978,R,field_out,False,False,183.0,0.251,31.0,16.94,12.0,6.56,0.718,0.15599999999999997,19.89,10.29,15.51,25.8,38.29,15.42,334.0,0.22,86.0,25.75,27.0,8.08,0.6739999999999999,0.146,25.23,12.17,17.7,29.87,34.73,19.95,138.0,0.289,22.0,15.94,7.0,5.07,0.748,0.133,19.35,9.68,15.12,24.8,32.44,16.54,5.0,0.2,3.0,60.0,0.0,0.0,1.0,0.6000000000000001,40.0,21.05,15.79,36.84,37.5,75.0
745740,2024-06-05,2024,650402,R,663978,R,field_out,False,False,191.0,0.235,44.0,23.04,16.0,8.38,0.6579999999999999,0.118,24.0,11.08,16.75,27.83,22.67,15.38,544.0,0.273,78.0,14.34,50.0,9.19,0.772,0.1589999999999999,21.74,10.32,15.57,25.89,26.86,11.29,128.0,0.285,32.0,25.0,5.0,3.91,0.8,0.203,26.91,13.62,15.45,29.07,30.21,19.63,17.0,0.312,5.0,29.41,1.0,5.88,0.728,0.063,31.03,15.0,20.0,35.0,19.23,26.32
745740,2024-06-05,2024,669224,L,663978,R,strikeout,True,False,102.0,0.193,17.0,16.67,12.0,11.76,0.591,0.11399999999999999,27.72,13.39,13.39,26.77,25.85,16.83,69.0,0.25,12.0,17.39,3.0,4.35,0.81,0.281,28.48,16.48,10.99,27.47,38.03,14.46,138.0,0.289,22.0,15.94,7.0,5.07,0.748,0.133,19.35,9.68,15.12,24.8,32.44,16.54,5.0,0.2,3.0,60.0,0.0,0.0,1.0,0.6000000000000001,40.0,21.05,15.79,36.84,37.5,75.0
745740,2024-06-05,2024,668904,R,607074,L,field_out,False,False,2.0,1.0,0.0,0.0,0.0,0.0,3.5,1.5,25.0,16.67,16.67,33.33,0.0,0.0,56.0,0.314,12.0,21.43,5.0,8.93,0.7869999999999999,0.0979999999999999,27.66,13.33,16.92,30.26,30.21,23.53,233.0,0.226,49.0,21.03,17.0,7.3,0.725,0.19699999999999998,25.79,13.03,13.35,26.38,27.81,16.67,236.0,0.274,50.0,21.19,22.0,9.32,0.855,0.236,25.1,13.5,11.48,24.97,31.87,17.24
745740,2024-06-05,2024,669304,R,607074,L,strikeout,True,False,50.0,0.292,5.0,10.0,1.0,2.0,0.778,0.16600000000000004,15.05,7.91,12.43,20.34,34.07,10.64,32.0,0.226,6.0,18.75,1.0,3.12,0.573,0.097,29.85,17.54,10.53,28.07,44.44,20.0,233.0,0.226,49.0,21.03,17.0,7.3,0.725,0.19699999999999998,25.79,13.03,13.35,26.38,27.81,16.67,236.0,0.274,50.0,21.19,22.0,9.32,0.855,0.236,25.1,13.5,11.48,24.97,31.87,17.24
745740,2024-06-05,2024,621439,R,607074,L,strikeout,True,False,46.0,0.233,15.0,32.61,2.0,4.35,0.748,0.232,32.18,16.18,17.34,33.53,27.27,28.85,90.0,0.179,29.0,32.22,9.0,10.0,0.628,0.193,33.14,15.66,14.56,30.22,23.24,27.88,233.0,0.226,49.0,21.03,17.0,7.3,0.725,0.19699999999999998,25.79,13.03,13.35,26.38,27.81,16.67,236.0,0.274,50.0,21.19,22.0,9.32,0.855,0.236,25.1,13.5,11.48,24.97,31.87,17.24
745740,2024-06-05,2024,518934,R,663978,R,walk,False,True,16.0,0.154,3.0,18.75,3.0,18.75,0.46599999999999997,0.0,11.11,4.84,22.58,27.42,23.08,15.0,450.0,0.241,100.0,22.22,45.0,10.0,0.7070000000000001,0.146,19.38,7.76,24.06,31.82,23.84,20.0,128.0,0.285,32.0,25.0,5.0,3.91,0.8,0.203,26.91,13.62,15.45,29.07,30.21,19.63,17.0,0.312,5.0,29.41,1.0,5.88,0.728,0.063,31.03,15.0,20.0,35.0,19.23,26.32
745740,2024-06-05,2024,683011,R,663978,R,single,False,False,210.0,0.292,43.0,20.48,17.0,8.1,0.8240000000000001,0.17300000000000004,22.05,10.34,18.6,28.94,29.81,17.99,467.0,0.198,132.0,28.27,36.0,7.71,0.624,0.1579999999999999,28.15,13.53,17.49,31.02,29.16,23.4,128.0,0.285,32.0,25.0,5.0,3.91,0.8,0.203,26.91,13.62,15.45,29.07,30.21,19.63,17.0,0.312,5.0,29.41,1.0,5.88,0.728,0.063,31.03,15.0,20.0,35.0,19.23,26.32
745740,2024-06-05,2024,665742,L,663978,R,walk,False,True,209.0,0.316,35.0,16.75,31.0,14.83,1.039,0.305,24.55,9.34,18.45,27.8,16.85,14.77,502.0,0.283,81.0,16.14,99.0,19.72,0.98,0.2730000000000001,18.45,6.31,19.31,25.62,15.09,14.14,138.0,0.289,22.0,15.94,7.0,5.07,0.748,0.133,19.35,9.68,15.12,24.8,32.44,16.54,5.0,0.2,3.0,60.0,0.0,0.0,1.0,0.6000000000000001,40.0,21.05,15.79,36.84,37.5,75.0
745740,2024-06-05,2024,592450,R,650895,R,triple,False,False,213.0,0.298,53.0,24.88,30.0,14.08,1.07,0.37100000000000005,31.28,13.71,14.49,28.2,19.41,19.92,384.0,0.266,109.0,28.39,77.0,20.05,1.011,0.3339999999999999,36.96,15.02,15.7,30.72,19.29,24.12,10.0,0.125,1.0,10.0,2.0,20.0,0.425,0.0,15.0,6.38,19.15,25.53,30.43,6.25,27.0,0.238,6.0,22.22,5.0,18.52,0.836,0.191,30.19,14.68,13.76,28.44,23.64,18.75
745740,2024-06-05,2024,657077,L,650895,R,sac_fly,False,False,173.0,0.268,17.0,9.83,13.0,7.51,0.777,0.191,11.41,5.26,19.01,24.27,25.97,9.55,441.0,0.279,66.0,14.97,30.0,6.8,0.793,0.185,15.08,6.28,20.52,26.8,22.64,14.93,4.0,0.25,0.0,0.0,0.0,0.0,0.5,0.0,0.0,0.0,25.0,25.0,16.67,0.0,14.0,0.167,1.0,7.14,2.0,14.29,0.703,0.2499999999999999,20.69,11.32,9.43,20.75,24.0,7.14
745740,2024-06-05,2024,519317,R,650895,R,single,False,False,159.0,0.238,49.0,30.82,12.0,7.55,0.8400000000000001,0.30600000000000005,32.06,14.63,17.81,32.43,30.43,28.49,341.0,0.175,111.0,32.55,35.0,10.26,0.64,0.201,36.65,15.18,19.37,34.55,27.39,25.58,10.0,0.125,1.0,10.0,2.0,20.0,0.425,0.0,15.0,6.38,19.15,25.53,30.43,6.25,27.0,0.238,6.0,22.22,5.0,18.52,0.836,0.191,30.19,14.68,13.76,28.44,23.64,18.75
745740,2024-06-05,2024,519203,L,650895,R,field_out,False,False,183.0,0.251,31.0,16.94,12.0,6.56,0.718,0.15599999999999997,19.89,10.29,15.51,25.8,38.29,15.42,334.0,0.22,86.0,25.75,27.0,8.08,0.6739999999999999,0.146,25.23,12.17,17.7,29.87,34.73,19.95,4.0,0.25,0.0,0.0,0.0,0.0,0.5,0.0,0.0,0.0,25.0,25.0,16.67,0.0,14.0,0.167,1.0,7.14,2.0,14.29,0.703,0.2499999999999999,20.69,11.32,9.43,20.75,24.0,7.14
745740,2024-06-05,2024,650489,R,607074,L,strikeout,True,False,55.0,0.365,14.0,25.45,3.0,5.45,0.919,0.15400000000000003,29.2,15.28,15.28,30.56,35.58,22.95,129.0,0.237,26.0,20.16,11.0,8.53,0.636,0.079,27.27,14.12,14.71,28.82,33.85,15.03,233.0,0.226,49.0,21.03,17.0,7.3,0.725,0.19699999999999998,25.79,13.03,13.35,26.38,27.81,16.67,236.0,0.274,50.0,21.19,22.0,9.32,0.855,0.236,25.1,13.5,11.48,24.97,31.87,17.24
745740,2024-06-05,2024,467793,R,607074,L,home_run,False,False,57.0,0.259,11.0,19.3,2.0,3.51,0.749,0.20400000000000001,28.3,12.99,17.75,30.74,24.07,17.46,162.0,0.266,21.0,12.96,20.0,12.35,0.8069999999999999,0.187,16.6,6.97,17.43,24.41,22.49,13.04,233.0,0.226,49.0,21.03,17.0,7.3,0.725,0.19699999999999998,25.79,13.03,13.35,26.38,27.81,16.67,236.0,0.274,50.0,21.19,22.0,9.32,0.855,0.236,25.1,13.5,11.48,24.97,31.87,17.24
745740,2024-06-05,2024,571657,R,607074,L,single,False,False,51.0,0.159,11.0,21.57,5.0,9.8,0.502,0.068,21.69,9.28,21.13,30.41,29.03,20.75,128.0,0.289,27.0,21.09,10.0,7.81,0.782,0.141,24.78,11.45,20.65,32.11,31.62,18.88,233.0,0.226,49.0,21.03,17.0,7.3,0.725,0.19699999999999998,25.79,13.03,13.35,26.38,27.81,16.67,236.0,0.274,50.0,21.19,22.0,9.32,0.855,0.236,25.1,13.5,11.48,24.97,31.87,17.24
745740,2024-06-05,2024,622534,R,607074,L,double,False,False,61.0,0.278,8.0,13.11,6.0,9.84,0.714,0.09199999999999997,19.3,9.13,14.11,23.24,29.85,12.5,99.0,0.277,22.0,22.22,3.0,3.03,0.665,0.0949999999999999,26.88,13.81,17.68,31.49,28.93,23.66,233.0,0.226,49.0,21.03,17.0,7.3,0.725,0.19699999999999998,25.79,13.03,13.35,26.38,27.81,16.67,236.0,0.274,50.0,21.19,22.0,9.32,0.855,0.236,25.1,13.5,11.48,24.97,31.87,17.24
745740,2024-06-05,2024,621043,R,607074,L,sac_fly,False,False,43.0,0.225,8.0,18.6,3.0,6.98,0.679,0.17500000000000002,18.18,8.14,18.02,26.16,21.11,17.02,136.0,0.248,19.0,13.97,17.0,12.5,0.782,0.188,21.1,9.54,17.18,26.72,26.2,13.01,233.0,0.226,49.0,21.03,17.0,7.3,0.725,0.19699999999999998,25.79,13.03,13.35,26.38,27.81,16.67,236.0,0.274,50.0,21.19,22.0,9.32,0.855,0.236,25.1,13.5,11.48,24.97,31.87,17.24
745740,2024-06-05,2024,680777,R,607074,L,field_out,False,False,64.0,0.237,19.0,29.69,3.0,4.69,0.8220000000000001,0.28800000000000003,28.95,13.69,19.92,33.61,32.17,27.14,95.0,0.263,23.0,24.21,14.0,14.74,0.94,0.29,28.57,11.73,16.53,28.27,26.11,22.77,233.0,0.226,49.0,21.03,17.0,7.3,0.725,0.19699999999999998,25.79,13.03,13.35,26.38,27.81,16.67,236.0,0.274,50.0,21.19,22.0,9.32,0.855,0.236,25.1,13.5,11.48,24.97,31.87,17.24
745740,2024-06-05,2024,650402,R,650895,R,strikeout,True,False,191.0,0.235,44.0,23.04,16.0,8.38,0.6579999999999999,0.118,24.0,11.08,16.75,27.83,22.67,15.38,544.0,0.273,78.0,14.34,50.0,9.19,0.772,0.1589999999999999,21.74,10.32,15.57,25.89,26.86,11.29,10.0,0.125,1.0,10.0,2.0,20.0,0.425,0.0,15.0,6.38,19.15,25.53,30.43,6.25,27.0,0.238,6.0,22.22,5.0,18.52,0.836,0.191,30.19,14.68,13.76,28.44,23.64,18.75
745740,2024-06-05,2024,669224,L,650895,R,walk,False,True,102.0,0.193,17.0,16.67,12.0,11.76,0.591,0.11399999999999999,27.72,13.39,13.39,26.77,25.85,16.83,69.0,0.25,12.0,17.39,3.0,4.35,0.81,0.281,28.48,16.48,10.99,27.47,38.03,14.46,4.0,0.25,0.0,0.0,0.0,0.0,0.5,0.0,0.0,0.0,25.0,25.0,16.67,0.0,14.0,0.167,1.0,7.14,2.0,14.29,0.703,0.2499999999999999,20.69,11.32,9.43,20.75,24.0,7.14
745740,2024-06-05,2024,518934,R,650895,R,walk,False,True,16.0,0.154,3.0,18.75,3.0,18.75,0.46599999999999997,0.0,11.11,4.84,22.58,27.42,23.08,15.0,450.0,0.241,100.0,22.22,45.0,10.0,0.7070000000000001,0.146,19.38,7.76,24.06,31.82,23.84,20.0,10.0,0.125,1.0,10.0,2.0,20.0,0.425,0.0,15.0,6.38,19.15,25.53,30.43,6.25,27.0,0.238,6.0,22.22,5.0,18.52,0.836,0.191,30.19,14.68,13.76,28.44,23.64,18.75
745740,2024-06-05,2024,683011,R,650895,R,field_out,False,False,210.0,0.292,43.0,20.48,17.0,8.1,0.8240000000000001,0.17300000000000004,22.05,10.34,18.6,28.94,29.81,17.99,467.0,0.198,132.0,28.27,36.0,7.71,0.624,0.1579999999999999,28.15,13.53,17.49,31.02,29.16,23.4,10.0,0.125,1.0,10.0,2.0,20.0,0.425,0.0,15.0,6.38,19.15,25.53,30.43,6.25,27.0,0.238,6.0,22.22,5.0,18.52,0.836,0.191,30.19,14.68,13.76,28.44,23.64,18.75
745740,2024-06-05,2024,665742,L,650895,R,walk,False,True,209.0,0.316,35.0,16.75,31.0,14.83,1.039,0.305,24.55,9.34,18.45,27.8,16.85,14.77,502.0,0.283,81.0,16.14,99.0,19.72,0.98,0.2730000000000001,18.45,6.31,19.31,25.62,15.09,14.14,4.0,0.25,0.0,0.0,0.0,0.0,0.5,0.0,0.0,0.0,25.0,25.0,16.67,0.0,14.0,0.167,1.0,7.14,2.0,14.29,0.703,0.2499999999999999,20.69,11.32,9.43,20.75,24.0,7.14
745740,2024-06-05,2024,592450,R,622251,R,walk,False,True,213.0,0.298,53.0,24.88,30.0,14.08,1.07,0.37100000000000005,31.28,13.71,14.49,28.2,19.41,19.92,384.0,0.266,109.0,28.39,77.0,20.05,1.011,0.3339999999999999,36.96,15.02,15.7,30.72,19.29,24.12,20.0,0.176,2.0,10.0,3.0,15.0,0.476,0.0,29.73,13.25,22.89,36.14,22.5,6.06,52.0,0.22,14.0,26.92,10.0,19.23,0.69,0.097,30.53,13.62,13.15,26.76,26.67,25.0
745740,2024-06-05,2024,657077,L,622251,R,field_out,False,False,173.0,0.268,17.0,9.83,13.0,7.51,0.777,0.191,11.41,5.26,19.01,24.27,25.97,9.55,441.0,0.279,66.0,14.97,30.0,6.8,0.793,0.185,15.08,6.28,20.52,26.8,22.64,14.93,10.0,0.0,4.0,40.0,0.0,0.0,0.0,0.0,23.08,11.76,17.65,29.41,45.16,20.0,37.0,0.219,10.0,27.03,3.0,8.11,0.5740000000000001,0.031,23.29,11.49,13.51,25.0,23.94,21.74
745740,2024-06-05,2024,668904,R,642701,R,home_run,False,False,3.0,1.0,0.0,0.0,2.0,66.67,5.0,3.0,0.0,0.0,13.33,13.33,10.0,0.0,183.0,0.307,43.0,23.5,15.0,8.2,0.962,0.283,27.16,12.8,18.57,31.36,28.0,20.98,68.0,0.286,8.0,11.76,3.0,4.41,0.741,0.127,18.18,9.32,17.37,26.69,33.04,11.59,32.0,0.259,9.0,28.12,5.0,15.62,0.931,0.297,29.82,12.23,19.42,31.65,36.9,16.98
745740,2024-06-05,2024,669304,R,642701,R,triple,False,False,106.0,0.263,17.0,16.04,4.0,3.77,0.75,0.192,19.66,9.33,19.73,29.07,34.01,19.77,120.0,0.207,18.0,15.0,8.0,6.67,0.5640000000000001,0.09,23.72,11.83,13.69,25.52,32.37,15.04,68.0,0.286,8.0,11.76,3.0,4.41,0.741,0.127,18.18,9.32,17.37,26.69,33.04,11.59,32.0,0.259,9.0,28.12,5.0,15.62,0.931,0.297,29.82,12.23,19.42,31.65,36.9,16.98
745740,2024-06-05,2024,621439,R,642701,R,field_out,False,False,107.0,0.224,33.0,30.84,5.0,4.67,0.617,0.11300000000000002,34.36,18.48,11.37,29.86,35.68,23.08,257.0,0.217,80.0,31.13,26.0,10.12,0.767,0.243,29.69,15.03,12.96,27.99,29.53,25.0,68.0,0.286,8.0,11.76,3.0,4.41,0.741,0.127,18.18,9.32,17.37,26.69,33.04,11.59,32.0,0.259,9.0,28.12,5.0,15.62,0.931,0.297,29.82,12.23,19.42,31.65,36.9,16.98
745740,2024-06-05,2024,650489,L,642701,R,strikeout,True,False,172.0,0.22,42.0,24.42,17.0,9.88,0.694,0.16,27.36,13.02,15.34,28.36,29.54,20.1,280.0,0.266,73.0,26.07,23.0,8.21,0.8029999999999999,0.189,28.16,14.39,15.31,29.7,34.97,21.1,27.0,0.13,7.0,25.93,4.0,14.81,0.389,0.0,25.0,12.04,13.89,25.93,30.36,23.33,18.0,0.214,3.0,16.67,2.0,11.11,0.619,0.0719999999999999,27.27,14.46,14.46,28.92,30.77,10.34
745740,2024-06-05,2024,467793,L,642701,R,field_out,False,False,153.0,0.197,24.0,15.69,18.0,11.76,0.648,0.14400000000000002,23.51,9.86,17.37,27.23,23.35,13.41,460.0,0.231,83.0,18.04,45.0,9.78,0.727,0.1899999999999999,23.76,11.0,14.32,25.31,24.63,16.21,27.0,0.13,7.0,25.93,4.0,14.81,0.389,0.0,25.0,12.04,13.89,25.93,30.36,23.33,18.0,0.214,3.0,16.67,2.0,11.11,0.619,0.0719999999999999,27.27,14.46,14.46,28.92,30.77,10.34
745740,2024-06-05,2024,519317,R,622251,R,strikeout,True,False,159.0,0.238,49.0,30.82,12.0,7.55,0.8400000000000001,0.30600000000000005,32.06,14.63,17.81,32.43,30.43,28.49,341.0,0.175,111.0,32.55,35.0,10.26,0.64,0.201,36.65,15.18,19.37,34.55,27.39,25.58,20.0,0.176,2.0,10.0,3.0,15.0,0.476,0.0,29.73,13.25,22.89,36.14,22.5,6.06,52.0,0.22,14.0,26.92,10.0,19.23,0.69,0.097,30.53,13.62,13.15,26.76,26.67,25.0
745740,2024-06-05,2024,519203,L,622251,R,field_out,False,False,183.0,0.251,31.0,16.94,12.0,6.56,0.718,0.15599999999999997,19.89,10.29,15.51,25.8,38.29,15.42,334.0,0.22,86.0,25.75,27.0,8.08,0.6739999999999999,0.146,25.23,12.17,17.7,29.87,34.73,19.95,10.0,0.0,4.0,40.0,0.0,0.0,0.0,0.0,23.08,11.76,17.65,29.41,45.16,20.0,37.0,0.219,10.0,27.03,3.0,8.11,0.5740000000000001,0.031,23.29,11.49,13.51,25.0,23.94,21.74
745740,2024-06-05,2024,650402,R,622251,R,field_out,False,False,191.0,0.235,44.0,23.04,16.0,8.38,0.6579999999999999,0.118,24.0,11.08,16.75,27.83,22.67,15.38,544.0,0.273,78.0,14.34,50.0,9.19,0.772,0.1589999999999999,21.74,10.32,15.57,25.89,26.86,11.29,20.0,0.176,2.0,10.0,3.0,15.0,0.476,0.0,29.73,13.25,22.89,36.14,22.5,6.06,52.0,0.22,14.0,26.92,10.0,19.23,0.69,0.097,30.53,13.62,13.15,26.76,26.67,25.0
745740,2024-06-05,2024,571657,R,642701,R,double,False,False,55.0,0.167,10.0,18.18,5.0,9.09,0.523,0.08299999999999999,22.35,10.5,18.23,28.73,34.48,26.32,241.0,0.239,59.0,24.48,13.0,5.39,0.6950000000000001,0.157,22.45,10.88,18.24,29.12,32.6,21.61,68.0,0.286,8.0,11.76,3.0,4.41,0.741,0.127,18.18,9.32,17.37,26.69,33.04,11.59,32.0,0.259,9.0,28.12,5.0,15.62,0.931,0.297,29.82,12.23,19.42,31.65,36.9,16.98
745740,2024-06-05,2024,622534,R,642701,R,field_out,False,False,61.0,0.143,14.0,22.95,5.0,8.2,0.374,0.018000000000000016,25.45,12.73,16.82,29.55,29.13,21.54,237.0,0.258,33.0,13.92,15.0,6.33,0.694,0.12,23.38,11.66,15.01,26.67,32.22,16.02,68.0,0.286,8.0,11.76,3.0,4.41,0.741,0.127,18.18,9.32,17.37,26.69,33.04,11.59,32.0,0.259,9.0,28.12,5.0,15.62,0.931,0.297,29.82,12.23,19.42,31.65,36.9,16.98
745740,2024-06-05,2024,621043,R,642701,R,field_out,False,False,128.0,0.261,29.0,22.66,15.0,11.72,0.7849999999999999,0.18,23.47,9.96,20.92,30.88,26.92,20.14,444.0,0.224,112.0,25.23,42.0,9.46,0.69,0.164,26.37,11.3,19.9,31.19,27.0,21.72,68.0,0.286,8.0,11.76,3.0,4.41,0.741,0.127,18.18,9.32,17.37,26.69,33.04,11.59,32.0,0.259,9.0,28.12,5.0,15.62,0.931,0.297,29.82,12.23,19.42,31.65,36.9,16.98
745740,2024-06-05,2024,680777,R,642701,R,field_out,False,False,144.0,0.25,31.0,21.53,12.0,8.33,0.875,0.275,23.9,10.43,18.78,29.22,26.8,18.63,242.0,0.281,70.0,28.93,19.0,7.85,0.8280000000000001,0.186,29.53,13.79,18.6,32.39,32.19,21.28,68.0,0.286,8.0,11.76,3.0,4.41,0.741,0.127,18.18,9.32,17.37,26.69,33.04,11.59,32.0,0.259,9.0,28.12,5.0,15.62,0.931,0.297,29.82,12.23,19.42,31.65,36.9,16.98
745740,2024-06-05,2024,669224,L,595345,L,field_out,False,False,15.0,0.214,5.0,33.33,1.0,6.67,0.481,0.0,41.67,19.23,25.0,44.23,37.5,38.46,6.0,0.0,2.0,33.33,0.0,0.0,0.0,0.0,45.45,21.74,13.04,34.78,25.0,100.0,34.0,0.125,8.0,23.53,1.0,2.94,0.33199999999999996,0.031,29.03,15.65,17.39,33.04,29.79,26.67,95.0,0.241,33.0,34.74,10.0,10.53,0.7210000000000001,0.157,34.39,15.78,16.5,32.28,26.54,23.74
745740,2024-06-05,2024,518934,R,595345,L,strikeout,True,False,8.0,0.286,1.0,12.5,1.0,12.5,0.661,0.0,7.69,3.45,20.69,24.14,33.33,14.29,113.0,0.255,25.0,22.12,15.0,13.27,0.761,0.149,20.93,7.45,24.22,31.68,20.95,18.66,49.0,0.286,10.0,20.41,7.0,14.29,0.912,0.23800000000000004,20.73,8.63,19.29,27.92,17.58,17.54,152.0,0.222,40.0,26.32,14.0,9.21,0.747,0.222,28.47,13.79,16.75,30.54,27.09,21.39
745740,2024-06-05,2024,683011,R,595345,L,triple,False,False,69.0,0.258,15.0,21.74,6.0,8.7,0.679,0.09699999999999998,18.84,9.0,16.61,25.61,28.1,17.86,134.0,0.248,35.0,26.12,16.0,11.94,0.817,0.2309999999999999,28.81,13.49,15.8,29.29,27.07,23.49,49.0,0.286,10.0,20.41,7.0,14.29,0.912,0.23800000000000004,20.73,8.63,19.29,27.92,17.58,17.54,152.0,0.222,40.0,26.32,14.0,9.21,0.747,0.222,28.47,13.79,16.75,30.54,27.09,21.39
745740,2024-06-05,2024,665742,L,595345,L,strikeout,True,False,74.0,0.328,11.0,14.86,11.0,14.86,0.9929999999999999,0.24599999999999994,16.67,6.25,22.37,28.62,17.81,11.96,207.0,0.256,48.0,23.19,33.0,15.94,0.813,0.18,25.32,9.65,20.51,30.16,20.61,20.17,34.0,0.125,8.0,23.53,1.0,2.94,0.33199999999999996,0.031,29.03,15.65,17.39,33.04,29.79,26.67,95.0,0.241,33.0,34.74,10.0,10.53,0.7210000000000001,0.157,34.39,15.78,16.5,32.28,26.54,23.74
745740,2024-06-05,2024,668904,R,543859,R,field_out,False,False,3.0,1.0,0.0,0.0,2.0,66.67,5.0,3.0,0.0,0.0,13.33,13.33,10.0,0.0,183.0,0.307,43.0,23.5,15.0,8.2,0.962,0.283,27.16,12.8,18.57,31.36,28.0,20.98,73.0,0.242,16.0,21.92,6.0,8.22,0.648,0.064,27.86,12.66,17.53,30.19,30.38,15.69,172.0,0.19,42.0,24.42,11.0,6.4,0.613,0.183,25.53,12.71,17.19,29.9,29.81,17.8
745740,2024-06-05,2024,663616,L,543859,R,strikeout,True,False,110.0,0.253,23.0,20.91,10.0,9.09,0.773,0.202,28.93,13.9,16.59,30.49,31.07,18.97,189.0,0.228,60.0,31.75,25.0,13.23,0.766,0.21,36.25,14.96,16.71,31.67,22.55,25.75,36.0,0.194,6.0,16.67,4.0,11.11,0.536,0.064,20.51,10.13,10.76,20.89,25.58,10.34,153.0,0.248,33.0,21.57,12.0,7.84,0.7030000000000001,0.139,24.04,12.14,15.53,27.67,29.01,16.02
745740,2024-06-05,2024,621439,R,543859,R,strikeout,True,False,107.0,0.224,33.0,30.84,5.0,4.67,0.617,0.11300000000000002,34.36,18.48,11.37,29.86,35.68,23.08,257.0,0.217,80.0,31.13,26.0,10.12,0.767,0.243,29.69,15.03,12.96,27.99,29.53,25.0,73.0,0.242,16.0,21.92,6.0,8.22,0.648,0.064,27.86,12.66,17.53,30.19,30.38,15.69,172.0,0.19,42.0,24.42,11.0,6.4,0.613,0.183,25.53,12.71,17.19,29.9,29.81,17.8
746056,2024-06-05,2024,650490,R,666129,L,field_out,False,False,66.0,0.283,6.0,9.09,4.0,6.06,0.718,0.11700000000000005,8.85,4.03,16.13,20.16,20.69,11.32,139.0,0.355,22.0,15.83,16.0,11.51,1.101,0.314,16.87,7.31,16.22,23.53,19.53,13.75,73.0,0.243,15.0,20.55,1.0,1.37,0.631,0.11399999999999999,20.0,10.67,16.21,26.88,36.29,16.67,504.0,0.261,117.0,23.21,18.0,3.57,0.748,0.187,24.37,11.75,18.26,30.02,31.19,20.78
746056,2024-06-05,2024,668227,R,666129,L,walk,False,True,62.0,0.143,13.0,20.97,12.0,19.35,0.597,0.143,27.45,10.81,17.76,28.57,18.71,18.57,138.0,0.254,37.0,26.81,18.0,13.04,0.8280000000000001,0.212,26.44,11.46,18.11,29.57,29.32,19.68,73.0,0.243,15.0,20.55,1.0,1.37,0.631,0.11399999999999999,20.0,10.67,16.21,26.88,36.29,16.67,504.0,0.261,117.0,23.21,18.0,3.57,0.748,0.187,24.37,11.75,18.26,30.02,31.19,20.78
746056,2024-06-05,2024,664040,L,666129,L,single,False,False,9.0,0.375,1.0,11.11,1.0,11.11,1.319,0.5,35.29,19.35,3.23,22.58,7.69,14.29,63.0,0.17,16.0,25.4,8.0,12.7,0.512,0.0559999999999999,33.05,15.79,14.98,30.77,27.69,23.19,26.0,0.227,6.0,23.08,2.0,7.69,0.619,0.04600000000000001,16.67,5.94,25.74,31.68,17.39,23.08,156.0,0.211,39.0,25.0,11.0,7.05,0.6000000000000001,0.113,28.96,12.56,20.94,33.5,31.17,22.29
746056,2024-06-05,2024,670623,R,666129,L,double,False,False,57.0,0.28,11.0,19.3,6.0,10.53,0.768,0.12,17.82,7.47,21.58,29.05,25.56,15.28,136.0,0.259,22.0,16.18,15.0,11.03,0.773,0.146,17.06,7.6,18.37,25.97,26.71,12.64,73.0,0.243,15.0,20.55,1.0,1.37,0.631,0.11399999999999999,20.0,10.67,16.21,26.88,36.29,16.67,504.0,0.261,117.0,23.21,18.0,3.57,0.748,0.187,24.37,11.75,18.26,30.02,31.19,20.78
746056,2024-06-05,2024,642708,R,666129,L,field_out,False,False,54.0,0.333,9.0,16.67,0.0,0.0,0.796,0.13,25.44,14.87,14.36,29.23,40.0,16.36,193.0,0.282,27.0,13.99,11.0,5.7,0.768,0.16,18.35,9.79,15.18,24.96,39.07,12.33,73.0,0.243,15.0,20.55,1.0,1.37,0.631,0.11399999999999999,20.0,10.67,16.21,26.88,36.29,16.67,504.0,0.261,117.0,23.21,18.0,3.57,0.748,0.187,24.37,11.75,18.26,30.02,31.19,20.78
746056,2024-06-05,2024,666139,L,666129,L,double,False,False,5.0,0.2,2.0,40.0,0.0,0.0,0.6000000000000001,0.2,55.56,22.73,27.27,50.0,22.22,25.0,68.0,0.238,20.0,29.41,4.0,5.88,0.713,0.191,35.42,19.54,13.03,32.57,42.18,21.74,26.0,0.227,6.0,23.08,2.0,7.69,0.619,0.04600000000000001,16.67,5.94,25.74,31.68,17.39,23.08,156.0,0.211,39.0,25.0,11.0,7.05,0.6000000000000001,0.113,28.96,12.56,20.94,33.5,31.17,22.29
746056,2024-06-05,2024,623912,R,666129,L,strikeout,True,False,56.0,0.321,10.0,17.86,0.0,0.0,0.714,0.07200000000000001,29.31,17.09,16.58,33.67,53.33,16.39,125.0,0.387,21.0,16.8,4.0,3.2,0.966,0.168,24.43,14.04,13.82,27.85,43.48,15.67,73.0,0.243,15.0,20.55,1.0,1.37,0.631,0.11399999999999999,20.0,10.67,16.21,26.88,36.29,16.67,504.0,0.261,117.0,23.21,18.0,3.57,0.748,0.187,24.37,11.75,18.26,30.02,31.19,20.78
746056,2024-06-05,2024,665862,L,621107,R,field_out,False,False,170.0,0.255,41.0,24.12,16.0,9.41,0.767,0.183,28.62,13.19,14.04,27.23,29.54,20.81,290.0,0.275,91.0,31.38,20.0,6.9,0.8540000000000001,0.25,35.14,15.36,16.88,32.24,26.1,27.41,103.0,0.218,19.0,18.45,2.0,1.94,0.56,0.10900000000000001,19.11,8.9,18.4,27.3,22.97,26.03,345.0,0.21,80.0,23.19,13.0,3.77,0.594,0.144,21.17,10.93,16.75,27.67,33.11,21.82
746056,2024-06-05,2024,605137,L,621107,R,single,False,False,172.0,0.279,36.0,20.93,10.0,5.81,0.763,0.14299999999999996,30.22,15.98,10.71,26.69,27.97,23.81,432.0,0.239,93.0,21.53,39.0,9.03,0.6970000000000001,0.148,24.59,11.57,13.95,25.52,28.11,20.58,103.0,0.218,19.0,18.45,2.0,1.94,0.56,0.10900000000000001,19.11,8.9,18.4,27.3,22.97,26.03,345.0,0.21,80.0,23.19,13.0,3.77,0.594,0.144,21.17,10.93,16.75,27.67,33.11,21.82
746056,2024-06-05,2024,650559,R,621107,R,force_out,False,False,170.0,0.234,46.0,27.06,15.0,8.82,0.748,0.214,33.43,16.74,13.25,29.99,31.34,23.96,473.0,0.251,107.0,22.62,29.0,6.13,0.717,0.1689999999999999,28.95,14.54,15.93,30.47,34.61,18.71,143.0,0.309,25.0,17.48,2.0,1.4,0.8540000000000001,0.22300000000000003,22.05,11.31,19.8,31.11,35.21,16.34,361.0,0.259,106.0,29.36,11.0,3.05,0.6890000000000001,0.143,27.2,13.04,21.18,34.21,34.97,26.5
746056,2024-06-05,2024,660821,L,621107,R,double,False,False,155.0,0.262,34.0,21.94,10.0,6.45,0.706,0.121,25.82,14.06,12.63,26.69,36.67,19.1,353.0,0.258,93.0,26.35,36.0,10.2,0.805,0.21,29.33,14.21,14.01,28.21,30.32,20.53,103.0,0.218,19.0,18.45,2.0,1.94,0.56,0.10900000000000001,19.11,8.9,18.4,27.3,22.97,26.03,345.0,0.21,80.0,23.19,13.0,3.77,0.594,0.144,21.17,10.93,16.75,27.67,33.11,21.82
746056,2024-06-05,2024,672640,R,621107,R,single,False,False,73.0,0.323,10.0,13.7,4.0,5.48,0.838,0.15399999999999997,18.94,10.25,13.11,23.36,30.77,15.62,,,,,,,,,,,,,,,143.0,0.309,25.0,17.48,2.0,1.4,0.8540000000000001,0.22300000000000003,22.05,11.31,19.8,31.11,35.21,16.34,361.0,0.259,106.0,29.36,11.0,3.05,0.6890000000000001,0.143,27.2,13.04,21.18,34.21,34.97,26.5
746056,2024-06-05,2024,624503,L,621107,R,field_out,False,False,144.0,0.243,32.0,22.22,6.0,4.17,0.655,0.139,30.72,18.32,10.53,28.85,45.04,20.0,83.0,0.16,10.0,12.05,1.0,1.2,0.48,0.149,20.99,12.19,10.39,22.58,38.35,12.82,103.0,0.218,19.0,18.45,2.0,1.94,0.56,0.10900000000000001,19.11,8.9,18.4,27.3,22.97,26.03,345.0,0.21,80.0,23.19,13.0,3.77,0.594,0.144,21.17,10.93,16.75,27.67,33.11,21.82
746056,2024-06-05,2024,676609,R,666129,L,hit_by_pitch,False,False,43.0,0.308,17.0,39.53,1.0,2.33,0.803,0.15400000000000003,39.13,22.09,17.79,39.88,41.67,26.98,124.0,0.265,29.0,23.39,13.0,10.48,0.758,0.0979999999999999,21.43,9.88,19.38,29.26,31.78,17.26,73.0,0.243,15.0,20.55,1.0,1.37,0.631,0.11399999999999999,20.0,10.67,16.21,26.88,36.29,16.67,504.0,0.261,117.0,23.21,18.0,3.57,0.748,0.187,24.37,11.75,18.26,30.02,31.19,20.78
746056,2024-06-05,2024,666163,L,666129,L,grounded_into_double_play,False,False,15.0,0.182,4.0,26.67,4.0,26.67,0.5820000000000001,0.0,28.57,10.34,17.24,27.59,26.32,23.53,9.0,0.0,4.0,44.44,1.0,11.11,0.111,0.0,42.11,21.05,18.42,39.47,29.41,26.67,26.0,0.227,6.0,23.08,2.0,7.69,0.619,0.04600000000000001,16.67,5.94,25.74,31.68,17.39,23.08,156.0,0.211,39.0,25.0,11.0,7.05,0.6000000000000001,0.113,28.96,12.56,20.94,33.5,31.17,22.29
746056,2024-06-05,2024,650490,R,666129,L,field_out,False,False,66.0,0.283,6.0,9.09,4.0,6.06,0.718,0.11700000000000005,8.85,4.03,16.13,20.16,20.69,11.32,139.0,0.355,22.0,15.83,16.0,11.51,1.101,0.314,16.87,7.31,16.22,23.53,19.53,13.75,73.0,0.243,15.0,20.55,1.0,1.37,0.631,0.11399999999999999,20.0,10.67,16.21,26.88,36.29,16.67,504.0,0.261,117.0,23.21,18.0,3.57,0.748,0.187,24.37,11.75,18.26,30.02,31.19,20.78
746056,2024-06-05,2024,641313,R,621107,R,strikeout,True,False,101.0,0.162,31.0,30.69,2.0,1.98,0.36,0.01999999999999999,32.32,16.45,16.97,33.42,38.61,26.27,396.0,0.226,95.0,23.99,21.0,5.3,0.538,0.04,26.05,13.64,14.67,28.31,36.05,20.88,143.0,0.309,25.0,17.48,2.0,1.4,0.8540000000000001,0.22300000000000003,22.05,11.31,19.8,31.11,35.21,16.34,361.0,0.259,106.0,29.36,11.0,3.05,0.6890000000000001,0.143,27.2,13.04,21.18,34.21,34.97,26.5
746056,2024-06-05,2024,660644,L,621107,R,strikeout,True,False,82.0,0.267,12.0,14.63,5.0,6.1,0.716,0.12,23.23,12.16,12.84,25.0,23.48,13.48,63.0,0.196,17.0,26.98,4.0,6.35,0.494,0.036,25.62,13.36,13.79,27.16,31.45,26.98,103.0,0.218,19.0,18.45,2.0,1.94,0.56,0.10900000000000001,19.11,8.9,18.4,27.3,22.97,26.03,345.0,0.21,80.0,23.19,13.0,3.77,0.594,0.144,21.17,10.93,16.75,27.67,33.11,21.82
746056,2024-06-05,2024,663743,R,621107,R,field_out,False,False,78.0,0.205,11.0,14.1,3.0,3.85,0.548,0.096,10.34,4.35,22.1,26.45,22.14,15.49,241.0,0.165,48.0,19.92,14.0,5.81,0.46,0.064,18.93,8.36,19.79,28.15,25.54,22.43,143.0,0.309,25.0,17.48,2.0,1.4,0.8540000000000001,0.22300000000000003,22.05,11.31,19.8,31.11,35.21,16.34,361.0,0.259,106.0,29.36,11.0,3.05,0.6890000000000001,0.143,27.2,13.04,21.18,34.21,34.97,26.5
746056,2024-06-05,2024,668227,R,666129,L,double,False,False,62.0,0.143,13.0,20.97,12.0,19.35,0.597,0.143,27.45,10.81,17.76,28.57,18.71,18.57,138.0,0.254,37.0,26.81,18.0,13.04,0.8280000000000001,0.212,26.44,11.46,18.11,29.57,29.32,19.68,73.0,0.243,15.0,20.55,1.0,1.37,0.631,0.11399999999999999,20.0,10.67,16.21,26.88,36.29,16.67,504.0,0.261,117.0,23.21,18.0,3.57,0.748,0.187,24.37,11.75,18.26,30.02,31.19,20.78
746056,2024-06-05,2024,664040,L,666129,L,single,False,False,9.0,0.375,1.0,11.11,1.0,11.11,1.319,0.5,35.29,19.35,3.23,22.58,7.69,14.29,63.0,0.17,16.0,25.4,8.0,12.7,0.512,0.0559999999999999,33.05,15.79,14.98,30.77,27.69,23.19,26.0,0.227,6.0,23.08,2.0,7.69,0.619,0.04600000000000001,16.67,5.94,25.74,31.68,17.39,23.08,156.0,0.211,39.0,25.0,11.0,7.05,0.6000000000000001,0.113,28.96,12.56,20.94,33.5,31.17,22.29
746056,2024-06-05,2024,670623,R,666129,L,double,False,False,57.0,0.28,11.0,19.3,6.0,10.53,0.768,0.12,17.82,7.47,21.58,29.05,25.56,15.28,136.0,0.259,22.0,16.18,15.0,11.03,0.773,0.146,17.06,7.6,18.37,25.97,26.71,12.64,73.0,0.243,15.0,20.55,1.0,1.37,0.631,0.11399999999999999,20.0,10.67,16.21,26.88,36.29,16.67,504.0,0.261,117.0,23.21,18.0,3.57,0.748,0.187,24.37,11.75,18.26,30.02,31.19,20.78
746056,2024-06-05,2024,642708,R,666129,L,strikeout,True,False,54.0,0.333,9.0,16.67,0.0,0.0,0.796,0.13,25.44,14.87,14.36,29.23,40.0,16.36,193.0,0.282,27.0,13.99,11.0,5.7,0.768,0.16,18.35,9.79,15.18,24.96,39.07,12.33,73.0,0.243,15.0,20.55,1.0,1.37,0.631,0.11399999999999999,20.0,10.67,16.21,26.88,36.29,16.67,504.0,0.261,117.0,23.21,18.0,3.57,0.748,0.187,24.37,11.75,18.26,30.02,31.19,20.78
746056,2024-06-05,2024,666139,L,666129,L,strikeout,True,False,5.0,0.2,2.0,40.0,0.0,0.0,0.6000000000000001,0.2,55.56,22.73,27.27,50.0,22.22,25.0,68.0,0.238,20.0,29.41,4.0,5.88,0.713,0.191,35.42,19.54,13.03,32.57,42.18,21.74,26.0,0.227,6.0,23.08,2.0,7.69,0.619,0.04600000000000001,16.67,5.94,25.74,31.68,17.39,23.08,156.0,0.211,39.0,25.0,11.0,7.05,0.6000000000000001,0.113,28.96,12.56,20.94,33.5,31.17,22.29
746056,2024-06-05,2024,623912,R,686539,R,field_out,False,False,110.0,0.248,22.0,20.0,3.0,2.73,0.54,0.019000000000000017,33.04,19.29,13.71,32.99,45.41,19.82,310.0,0.281,58.0,18.71,18.0,5.81,0.749,0.1389999999999999,29.58,16.59,12.26,28.85,43.77,18.01,82.0,0.23,22.0,26.83,6.0,7.32,0.535,0.0,33.12,16.61,13.79,30.41,27.56,24.18,27.0,0.095,6.0,22.22,4.0,14.81,0.534,0.143,23.53,10.81,15.32,26.13,33.33,16.22
746056,2024-06-05,2024,665862,L,621107,R,field_out,False,False,170.0,0.255,41.0,24.12,16.0,9.41,0.767,0.183,28.62,13.19,14.04,27.23,29.54,20.81,290.0,0.275,91.0,31.38,20.0,6.9,0.8540000000000001,0.25,35.14,15.36,16.88,32.24,26.1,27.41,103.0,0.218,19.0,18.45,2.0,1.94,0.56,0.10900000000000001,19.11,8.9,18.4,27.3,22.97,26.03,345.0,0.21,80.0,23.19,13.0,3.77,0.594,0.144,21.17,10.93,16.75,27.67,33.11,21.82
746056,2024-06-05,2024,605137,L,621107,R,field_out,False,False,172.0,0.279,36.0,20.93,10.0,5.81,0.763,0.14299999999999996,30.22,15.98,10.71,26.69,27.97,23.81,432.0,0.239,93.0,21.53,39.0,9.03,0.6970000000000001,0.148,24.59,11.57,13.95,25.52,28.11,20.58,103.0,0.218,19.0,18.45,2.0,1.94,0.56,0.10900000000000001,19.11,8.9,18.4,27.3,22.97,26.03,345.0,0.21,80.0,23.19,13.0,3.77,0.594,0.144,21.17,10.93,16.75,27.67,33.11,21.82
746056,2024-06-05,2024,650559,R,621107,R,field_out,False,False,170.0,0.234,46.0,27.06,15.0,8.82,0.748,0.214,33.43,16.74,13.25,29.99,31.34,23.96,473.0,0.251,107.0,22.62,29.0,6.13,0.717,0.1689999999999999,28.95,14.54,15.93,30.47,34.61,18.71,143.0,0.309,25.0,17.48,2.0,1.4,0.8540000000000001,0.22300000000000003,22.05,11.31,19.8,31.11,35.21,16.34,361.0,0.259,106.0,29.36,11.0,3.05,0.6890000000000001,0.143,27.2,13.04,21.18,34.21,34.97,26.5
746056,2024-06-05,2024,676609,R,686539,R,strikeout,True,False,157.0,0.246,42.0,26.75,10.0,6.37,0.657,0.09899999999999998,29.79,13.57,20.03,33.6,32.37,21.76,156.0,0.186,37.0,23.72,15.0,9.62,0.588,0.1009999999999999,24.9,10.03,24.36,34.39,27.59,18.69,82.0,0.23,22.0,26.83,6.0,7.32,0.535,0.0,33.12,16.61,13.79,30.41,27.56,24.18,27.0,0.095,6.0,22.22,4.0,14.81,0.534,0.143,23.53,10.81,15.32,26.13,33.33,16.22
746056,2024-06-05,2024,666163,L,686539,R,field_out,False,False,107.0,0.261,27.0,25.23,14.0,13.08,0.6679999999999999,0.04299999999999998,24.88,11.04,17.32,28.35,27.04,17.11,72.0,0.133,15.0,20.83,10.0,13.89,0.507,0.1169999999999999,25.64,10.56,17.96,28.52,20.41,17.5,36.0,0.267,6.0,16.67,5.0,13.89,0.6890000000000001,0.032999999999999974,23.64,11.4,15.79,27.19,28.26,24.0,24.0,0.429,2.0,8.33,3.0,12.5,1.262,0.333,6.45,2.44,19.51,21.95,10.53,7.14
746056,2024-06-05,2024,650490,R,686539,R,field_out,False,False,197.0,0.234,30.0,15.23,20.0,10.15,0.663,0.10900000000000001,11.65,5.05,17.24,22.29,22.78,12.35,462.0,0.322,72.0,15.58,49.0,10.61,0.881,0.1559999999999999,18.95,8.0,18.68,26.68,19.71,15.69,82.0,0.23,22.0,26.83,6.0,7.32,0.535,0.0,33.12,16.61,13.79,30.41,27.56,24.18,27.0,0.095,6.0,22.22,4.0,14.81,0.534,0.143,23.53,10.81,15.32,26.13,33.33,16.22
746056,2024-06-05,2024,660821,L,621107,R,field_out,False,False,155.0,0.262,34.0,21.94,10.0,6.45,0.706,0.121,25.82,14.06,12.63,26.69,36.67,19.1,353.0,0.258,93.0,26.35,36.0,10.2,0.805,0.21,29.33,14.21,14.01,28.21,30.32,20.53,103.0,0.218,19.0,18.45,2.0,1.94,0.56,0.10900000000000001,19.11,8.9,18.4,27.3,22.97,26.03,345.0,0.21,80.0,23.19,13.0,3.77,0.594,0.144,21.17,10.93,16.75,27.67,33.11,21.82
746056,2024-06-05,2024,672640,R,621107,R,strikeout,True,False,73.0,0.323,10.0,13.7,4.0,5.48,0.838,0.15399999999999997,18.94,10.25,13.11,23.36,30.77,15.62,,,,,,,,,,,,,,,143.0,0.309,25.0,17.48,2.0,1.4,0.8540000000000001,0.22300000000000003,22.05,11.31,19.8,31.11,35.21,16.34,361.0,0.259,106.0,29.36,11.0,3.05,0.6890000000000001,0.143,27.2,13.04,21.18,34.21,34.97,26.5
746056,2024-06-05,2024,624503,L,621107,R,field_out,False,False,144.0,0.243,32.0,22.22,6.0,4.17,0.655,0.139,30.72,18.32,10.53,28.85,45.04,20.0,83.0,0.16,10.0,12.05,1.0,1.2,0.48,0.149,20.99,12.19,10.39,22.58,38.35,12.82,103.0,0.218,19.0,18.45,2.0,1.94,0.56,0.10900000000000001,19.11,8.9,18.4,27.3,22.97,26.03,345.0,0.21,80.0,23.19,13.0,3.77,0.594,0.144,21.17,10.93,16.75,27.67,33.11,21.82
746056,2024-06-05,2024,668227,R,686539,R,walk,False,True,184.0,0.173,55.0,29.89,17.0,9.24,0.587,0.14800000000000002,37.16,15.61,19.92,35.53,25.31,21.57,517.0,0.254,119.0,23.02,62.0,11.99,0.7769999999999999,0.1589999999999999,29.93,12.82,18.77,31.59,26.93,19.44,82.0,0.23,22.0,26.83,6.0,7.32,0.535,0.0,33.12,16.61,13.79,30.41,27.56,24.18,27.0,0.095,6.0,22.22,4.0,14.81,0.534,0.143,23.53,10.81,15.32,26.13,33.33,16.22
746056,2024-06-05,2024,664040,L,640462,L,strikeout,True,False,9.0,0.375,1.0,11.11,1.0,11.11,1.319,0.5,35.29,19.35,3.23,22.58,7.69,14.29,63.0,0.17,16.0,25.4,8.0,12.7,0.512,0.0559999999999999,33.05,15.79,14.98,30.77,27.69,23.19,27.0,0.333,5.0,18.52,3.0,11.11,0.99,0.24999999999999994,20.45,8.74,19.42,28.16,25.53,18.52,76.0,0.197,29.0,38.16,2.0,2.63,0.5780000000000001,0.141,33.08,15.03,23.78,38.81,33.07,30.85
746056,2024-06-05,2024,670623,R,640462,L,strikeout,True,False,57.0,0.28,11.0,19.3,6.0,10.53,0.768,0.12,17.82,7.47,21.58,29.05,25.56,15.28,136.0,0.259,22.0,16.18,15.0,11.03,0.773,0.146,17.06,7.6,18.37,25.97,26.71,12.64,82.0,0.254,10.0,12.2,17.0,20.73,0.833,0.15899999999999997,20.27,8.55,16.52,25.07,23.66,9.26,166.0,0.261,49.0,29.52,11.0,6.63,0.765,0.197,33.03,16.05,18.42,34.47,27.76,21.88
746056,2024-06-05,2024,642708,R,640462,L,field_out,False,False,54.0,0.333,9.0,16.67,0.0,0.0,0.796,0.13,25.44,14.87,14.36,29.23,40.0,16.36,193.0,0.282,27.0,13.99,11.0,5.7,0.768,0.16,18.35,9.79,15.18,24.96,39.07,12.33,82.0,0.254,10.0,12.2,17.0,20.73,0.833,0.15899999999999997,20.27,8.55,16.52,25.07,23.66,9.26,166.0,0.261,49.0,29.52,11.0,6.63,0.765,0.197,33.03,16.05,18.42,34.47,27.76,21.88
746056,2024-06-05,2024,641313,R,542888,R,field_out,False,False,101.0,0.162,31.0,30.69,2.0,1.98,0.36,0.01999999999999999,32.32,16.45,16.97,33.42,38.61,26.27,396.0,0.226,95.0,23.99,21.0,5.3,0.538,0.04,26.05,13.64,14.67,28.31,36.05,20.88,77.0,0.233,23.0,29.87,4.0,5.19,0.643,0.13699999999999998,26.45,14.19,17.3,31.49,30.4,22.77,109.0,0.17,30.0,27.52,6.0,5.5,0.489,0.0799999999999999,30.59,16.11,13.7,29.81,33.17,23.08
746056,2024-06-05,2024,660644,L,542888,R,single,False,False,82.0,0.267,12.0,14.63,5.0,6.1,0.716,0.12,23.23,12.16,12.84,25.0,23.48,13.48,63.0,0.196,17.0,26.98,4.0,6.35,0.494,0.036,25.62,13.36,13.79,27.16,31.45,26.98,41.0,0.25,10.0,24.39,5.0,12.2,0.73,0.139,17.81,8.07,19.88,27.95,22.97,21.28,98.0,0.209,24.0,24.49,5.0,5.1,0.552,0.088,21.9,12.01,15.67,27.68,36.52,18.05
746056,2024-06-05,2024,663743,R,542888,R,hit_by_pitch,False,False,78.0,0.205,11.0,14.1,3.0,3.85,0.548,0.096,10.34,4.35,22.1,26.45,22.14,15.49,241.0,0.165,48.0,19.92,14.0,5.81,0.46,0.064,18.93,8.36,19.79,28.15,25.54,22.43,77.0,0.233,23.0,29.87,4.0,5.19,0.643,0.13699999999999998,26.45,14.19,17.3,31.49,30.4,22.77,109.0,0.17,30.0,27.52,6.0,5.5,0.489,0.0799999999999999,30.59,16.11,13.7,29.81,33.17,23.08
746056,2024-06-05,2024,665862,L,542888,R,field_out,False,False,170.0,0.255,41.0,24.12,16.0,9.41,0.767,0.183,28.62,13.19,14.04,27.23,29.54,20.81,290.0,0.275,91.0,31.38,20.0,6.9,0.8540000000000001,0.25,35.14,15.36,16.88,32.24,26.1,27.41,41.0,0.25,10.0,24.39,5.0,12.2,0.73,0.139,17.81,8.07,19.88,27.95,22.97,21.28,98.0,0.209,24.0,24.49,5.0,5.1,0.552,0.088,21.9,12.01,15.67,27.68,36.52,18.05
746056,2024-06-05,2024,605137,L,542888,R,single,False,False,172.0,0.279,36.0,20.93,10.0,5.81,0.763,0.14299999999999996,30.22,15.98,10.71,26.69,27.97,23.81,432.0,0.239,93.0,21.53,39.0,9.03,0.6970000000000001,0.148,24.59,11.57,13.95,25.52,28.11,20.58,41.0,0.25,10.0,24.39,5.0,12.2,0.73,0.139,17.81,8.07,19.88,27.95,22.97,21.28,98.0,0.209,24.0,24.49,5.0,5.1,0.552,0.088,21.9,12.01,15.67,27.68,36.52,18.05
746056,2024-06-05,2024,650559,R,542888,R,field_out,False,False,170.0,0.234,46.0,27.06,15.0,8.82,0.748,0.214,33.43,16.74,13.25,29.99,31.34,23.96,473.0,0.251,107.0,22.62,29.0,6.13,0.717,0.1689999999999999,28.95,14.54,15.93,30.47,34.61,18.71,77.0,0.233,23.0,29.87,4.0,5.19,0.643,0.13699999999999998,26.45,14.19,17.3,31.49,30.4,22.77,109.0,0.17,30.0,27.52,6.0,5.5,0.489,0.0799999999999999,30.59,16.11,13.7,29.81,33.17,23.08
746056,2024-06-05,2024,666139,L,640462,L,field_out,False,False,5.0,0.2,2.0,40.0,0.0,0.0,0.6000000000000001,0.2,55.56,22.73,27.27,50.0,22.22,25.0,68.0,0.238,20.0,29.41,4.0,5.88,0.713,0.191,35.42,19.54,13.03,32.57,42.18,21.74,27.0,0.333,5.0,18.52,3.0,11.11,0.99,0.24999999999999994,20.45,8.74,19.42,28.16,25.53,18.52,76.0,0.197,29.0,38.16,2.0,2.63,0.5780000000000001,0.141,33.08,15.03,23.78,38.81,33.07,30.85
746056,2024-06-05,2024,623912,R,640462,L,field_out,False,False,56.0,0.321,10.0,17.86,0.0,0.0,0.714,0.07200000000000001,29.31,17.09,16.58,33.67,53.33,16.39,125.0,0.387,21.0,16.8,4.0,3.2,0.966,0.168,24.43,14.04,13.82,27.85,43.48,15.67,82.0,0.254,10.0,12.2,17.0,20.73,0.833,0.15899999999999997,20.27,8.55,16.52,25.07,23.66,9.26,166.0,0.261,49.0,29.52,11.0,6.63,0.765,0.197,33.03,16.05,18.42,34.47,27.76,21.88
746056,2024-06-05,2024,676609,R,640462,L,field_out,False,False,43.0,0.308,17.0,39.53,1.0,2.33,0.803,0.15400000000000003,39.13,22.09,17.79,39.88,41.67,26.98,124.0,0.265,29.0,23.39,13.0,10.48,0.758,0.0979999999999999,21.43,9.88,19.38,29.26,31.78,17.26,82.0,0.254,10.0,12.2,17.0,20.73,0.833,0.15899999999999997,20.27,8.55,16.52,25.07,23.66,9.26,166.0,0.261,49.0,29.52,11.0,6.63,0.765,0.197,33.03,16.05,18.42,34.47,27.76,21.88
746056,2024-06-05,2024,660821,L,663992,L,field_out,False,False,24.0,0.13,4.0,16.67,0.0,0.0,0.26,0.0,28.26,18.84,10.14,28.99,51.52,22.22,50.0,0.213,15.0,30.0,2.0,4.0,0.5640000000000001,0.106,36.46,18.82,18.82,37.63,40.62,23.73,24.0,0.333,4.0,16.67,2.0,8.33,0.756,0.04799999999999999,22.22,10.64,9.57,20.21,26.67,17.39,39.0,0.156,10.0,25.64,3.0,7.69,0.638,0.219,26.15,11.41,22.15,33.56,29.23,25.64
746056,2024-06-05,2024,672640,R,663992,L,strikeout,True,False,27.0,0.231,5.0,18.52,0.0,0.0,0.539,0.07699999999999999,19.05,12.9,11.83,24.73,57.14,14.29,,,,,,,,,,,,,,,30.0,0.393,5.0,16.67,1.0,3.33,1.021,0.21399999999999997,23.08,11.32,18.87,30.19,34.04,16.13,58.0,0.208,14.0,24.14,7.0,12.07,0.685,0.167,23.58,10.87,17.83,28.7,23.64,20.29
746056,2024-06-05,2024,667472,R,663992,L,strikeout,True,False,31.0,0.269,9.0,29.03,2.0,6.45,0.855,0.23099999999999998,25.58,9.65,27.19,36.84,24.49,25.0,20.0,0.4,4.0,20.0,0.0,0.0,0.9,0.0999999999999999,30.0,13.24,20.59,33.82,28.12,25.0,30.0,0.393,5.0,16.67,1.0,3.33,1.021,0.21399999999999997,23.08,11.32,18.87,30.19,34.04,16.13,58.0,0.208,14.0,24.14,7.0,12.07,0.685,0.167,23.58,10.87,17.83,28.7,23.64,20.29
746056,2024-06-05,2024,666163,L,669622,R,field_out,False,False,107.0,0.261,27.0,25.23,14.0,13.08,0.6679999999999999,0.04299999999999998,24.88,11.04,17.32,28.35,27.04,17.11,72.0,0.133,15.0,20.83,10.0,13.89,0.507,0.1169999999999999,25.64,10.56,17.96,28.52,20.41,17.5,41.0,0.286,8.0,19.51,5.0,12.2,0.819,0.14300000000000002,20.29,8.7,17.39,26.09,25.64,16.67,,,,,,,,,,,,,,
746056,2024-06-05,2024,650490,R,669622,R,field_out,False,False,197.0,0.234,30.0,15.23,20.0,10.15,0.663,0.10900000000000001,11.65,5.05,17.24,22.29,22.78,12.35,462.0,0.322,72.0,15.58,49.0,10.61,0.881,0.1559999999999999,18.95,8.0,18.68,26.68,19.71,15.69,65.0,0.271,19.0,29.23,3.0,4.62,0.728,0.119,26.56,11.68,21.99,33.68,30.28,17.12,,,,,,,,,,,,,,
746056,2024-06-05,2024,668227,R,669622,R,field_out,False,False,184.0,0.173,55.0,29.89,17.0,9.24,0.587,0.14800000000000002,37.16,15.61,19.92,35.53,25.31,21.57,517.0,0.254,119.0,23.02,62.0,11.99,0.7769999999999999,0.1589999999999999,29.93,12.82,18.77,31.59,26.93,19.44,65.0,0.271,19.0,29.23,3.0,4.62,0.728,0.119,26.56,11.68,21.99,33.68,30.28,17.12,,,,,,,,,,,,,,
746056,2024-06-05,2024,641313,R,592094,R,field_out,False,False,101.0,0.162,31.0,30.69,2.0,1.98,0.36,0.01999999999999999,32.32,16.45,16.97,33.42,38.61,26.27,396.0,0.226,95.0,23.99,21.0,5.3,0.538,0.04,26.05,13.64,14.67,28.31,36.05,20.88,55.0,0.14,12.0,21.82,7.0,12.73,0.45399999999999996,0.022999999999999993,37.04,17.17,15.02,32.19,29.03,16.67,112.0,0.196,30.0,26.79,9.0,8.04,0.634,0.134,33.33,15.66,15.45,31.11,29.8,18.18
746056,2024-06-05,2024,660644,L,592094,R,field_out,False,False,82.0,0.267,12.0,14.63,5.0,6.1,0.716,0.12,23.23,12.16,12.84,25.0,23.48,13.48,63.0,0.196,17.0,26.98,4.0,6.35,0.494,0.036,25.62,13.36,13.79,27.16,31.45,26.98,42.0,0.189,9.0,21.43,4.0,9.52,0.673,0.21600000000000003,36.49,18.0,14.0,32.0,34.21,20.0,110.0,0.167,39.0,35.45,11.0,10.0,0.627,0.1869999999999999,35.6,15.81,20.0,35.81,28.04,29.55
746056,2024-06-05,2024,663743,R,592094,R,field_out,False,False,78.0,0.205,11.0,14.1,3.0,3.85,0.548,0.096,10.34,4.35,22.1,26.45,22.14,15.49,241.0,0.165,48.0,19.92,14.0,5.81,0.46,0.064,18.93,8.36,19.79,28.15,25.54,22.43,55.0,0.14,12.0,21.82,7.0,12.73,0.45399999999999996,0.022999999999999993,37.04,17.17,15.02,32.19,29.03,16.67,112.0,0.196,30.0,26.79,9.0,8.04,0.634,0.134,33.33,15.66,15.45,31.11,29.8,18.18
746056,2024-06-05,2024,664040,L,677053,L,strikeout,True,False,9.0,0.375,1.0,11.11,1.0,11.11,1.319,0.5,35.29,19.35,3.23,22.58,7.69,14.29,63.0,0.17,16.0,25.4,8.0,12.7,0.512,0.0559999999999999,33.05,15.79,14.98,30.77,27.69,23.19,36.0,0.219,12.0,33.33,2.0,5.56,0.538,0.06200000000000003,32.1,17.33,11.33,28.67,37.65,26.67,85.0,0.158,30.0,35.29,9.0,10.59,0.55,0.145,36.02,16.81,16.23,33.04,29.94,28.04
746056,2024-06-05,2024,670623,R,677053,L,field_out,False,False,57.0,0.28,11.0,19.3,6.0,10.53,0.768,0.12,17.82,7.47,21.58,29.05,25.56,15.28,136.0,0.259,22.0,16.18,15.0,11.03,0.773,0.146,17.06,7.6,18.37,25.97,26.71,12.64,57.0,0.294,15.0,26.32,5.0,8.77,0.878,0.21600000000000003,25.0,13.2,14.8,28.0,35.38,17.05,152.0,0.244,43.0,28.29,12.0,7.89,0.7250000000000001,0.156,25.08,13.04,14.17,27.21,33.33,18.53
746056,2024-06-05,2024,642708,R,677053,L,double,False,False,54.0,0.333,9.0,16.67,0.0,0.0,0.796,0.13,25.44,14.87,14.36,29.23,40.0,16.36,193.0,0.282,27.0,13.99,11.0,5.7,0.768,0.16,18.35,9.79,15.18,24.96,39.07,12.33,57.0,0.294,15.0,26.32,5.0,8.77,0.878,0.21600000000000003,25.0,13.2,14.8,28.0,35.38,17.05,152.0,0.244,43.0,28.29,12.0,7.89,0.7250000000000001,0.156,25.08,13.04,14.17,27.21,33.33,18.53
746056,2024-06-05,2024,666139,L,677053,L,field_out,False,False,5.0,0.2,2.0,40.0,0.0,0.0,0.6000000000000001,0.2,55.56,22.73,27.27,50.0,22.22,25.0,68.0,0.238,20.0,29.41,4.0,5.88,0.713,0.191,35.42,19.54,13.03,32.57,42.18,21.74,36.0,0.219,12.0,33.33,2.0,5.56,0.538,0.06200000000000003,32.1,17.33,11.33,28.67,37.65,26.67,85.0,0.158,30.0,35.29,9.0,10.59,0.55,0.145,36.02,16.81,16.23,33.04,29.94,28.04
746056,2024-06-05,2024,665862,L,664076,L,field_out,False,False,84.0,0.244,20.0,23.81,5.0,5.95,0.708,0.16599999999999998,25.48,11.8,17.4,29.2,28.92,17.39,94.0,0.172,27.0,28.72,6.0,6.38,0.479,0.081,39.88,19.01,18.18,37.19,30.36,25.23,34.0,0.192,13.0,38.24,6.0,17.65,0.613,0.03900000000000001,28.79,12.34,22.08,34.42,28.38,22.03,15.0,0.182,6.0,40.0,4.0,26.67,0.5820000000000001,0.0,27.78,12.2,17.07,29.27,32.61,16.22
746056,2024-06-05,2024,605137,R,664076,L,single,False,False,88.0,0.182,14.0,15.91,10.0,11.36,0.585,0.13,24.09,9.94,15.96,25.9,27.75,18.67,186.0,0.265,41.0,22.04,24.0,12.9,0.854,0.2289999999999999,28.46,13.82,12.89,26.71,26.88,18.81,68.0,0.158,20.0,29.41,9.0,13.24,0.45899999999999996,0.016999999999999987,31.21,15.33,14.63,29.97,33.77,20.41,33.0,0.133,8.0,24.24,2.0,6.06,0.579,0.2339999999999999,25.0,10.08,19.38,29.46,28.17,24.24
746056,2024-06-05,2024,650559,R,664076,L,field_out,False,False,90.0,0.274,20.0,22.22,4.0,4.44,0.6559999999999999,0.07099999999999995,27.47,15.06,12.65,27.71,30.38,23.81,154.0,0.277,35.0,22.73,11.0,7.14,0.708,0.1059999999999999,27.76,13.7,15.51,29.21,33.53,19.77,68.0,0.158,20.0,29.41,9.0,13.24,0.45899999999999996,0.016999999999999987,31.21,15.33,14.63,29.97,33.77,20.41,33.0,0.133,8.0,24.24,2.0,6.06,0.579,0.2339999999999999,25.0,10.08,19.38,29.46,28.17,24.24
746056,2024-06-05,2024,656896,R,664076,L,single,False,False,51.0,0.229,12.0,23.53,2.0,3.92,0.546,0.04200000000000001,25.0,12.76,15.31,28.06,34.62,17.91,100.0,0.289,16.0,16.0,7.0,7.0,0.7110000000000001,0.089,21.88,10.45,14.18,24.63,29.33,14.68,68.0,0.158,20.0,29.41,9.0,13.24,0.45899999999999996,0.016999999999999987,31.21,15.33,14.63,29.97,33.77,20.41,33.0,0.133,8.0,24.24,2.0,6.06,0.579,0.2339999999999999,25.0,10.08,19.38,29.46,28.17,24.24
746056,2024-06-05,2024,672640,R,664076,L,field_out,False,False,27.0,0.231,5.0,18.52,0.0,0.0,0.539,0.07699999999999999,19.05,12.9,11.83,24.73,57.14,14.29,,,,,,,,,,,,,,,68.0,0.158,20.0,29.41,9.0,13.24,0.45899999999999996,0.016999999999999987,31.21,15.33,14.63,29.97,33.77,20.41,33.0,0.133,8.0,24.24,2.0,6.06,0.579,0.2339999999999999,25.0,10.08,19.38,29.46,28.17,24.24
746056,2024-06-05,2024,642350,R,676534,R,strikeout,True,False,126.0,0.202,44.0,34.92,8.0,6.35,0.615,0.128,37.39,16.97,20.65,37.63,32.16,27.33,271.0,0.23,93.0,34.32,16.0,5.9,0.801,0.29,39.19,20.65,15.06,35.71,37.69,31.08,60.0,0.255,13.0,21.67,3.0,5.0,0.632,0.07200000000000001,25.89,12.13,12.97,25.1,22.03,16.88,76.0,0.265,19.0,25.0,8.0,10.53,0.827,0.2199999999999999,25.16,12.27,15.95,28.22,27.98,15.97
746056,2024-06-05,2024,676609,R,676534,R,single,False,False,157.0,0.246,42.0,26.75,10.0,6.37,0.657,0.09899999999999998,29.79,13.57,20.03,33.6,32.37,21.76,156.0,0.186,37.0,23.72,15.0,9.62,0.588,0.1009999999999999,24.9,10.03,24.36,34.39,27.59,18.69,60.0,0.255,13.0,21.67,3.0,5.0,0.632,0.07200000000000001,25.89,12.13,12.97,25.1,22.03,16.88,76.0,0.265,19.0,25.0,8.0,10.53,0.827,0.2199999999999999,25.16,12.27,15.95,28.22,27.98,15.97
746056,2024-06-05,2024,666163,L,676534,R,strikeout,True,False,107.0,0.261,27.0,25.23,14.0,13.08,0.6679999999999999,0.04299999999999998,24.88,11.04,17.32,28.35,27.04,17.11,72.0,0.133,15.0,20.83,10.0,13.89,0.507,0.1169999999999999,25.64,10.56,17.96,28.52,20.41,17.5,31.0,0.24,9.0,29.03,6.0,19.35,0.787,0.16000000000000003,25.81,11.03,15.86,26.9,25.68,15.79,44.0,0.333,6.0,13.64,4.0,9.09,0.819,0.0769999999999999,19.05,8.42,18.95,27.37,21.98,8.96
746056,2024-06-05,2024,650490,R,676534,R,walk,False,True,197.0,0.234,30.0,15.23,20.0,10.15,0.663,0.10900000000000001,11.65,5.05,17.24,22.29,22.78,12.35,462.0,0.322,72.0,15.58,49.0,10.61,0.881,0.1559999999999999,18.95,8.0,18.68,26.68,19.71,15.69,60.0,0.255,13.0,21.67,3.0,5.0,0.632,0.07200000000000001,25.89,12.13,12.97,25.1,22.03,16.88,76.0,0.265,19.0,25.0,8.0,10.53,0.827,0.2199999999999999,25.16,12.27,15.95,28.22,27.98,15.97
746056,2024-06-05,2024,668227,R,676534,R,pickoff_1b,False,False,184.0,0.173,55.0,29.89,17.0,9.24,0.587,0.14800000000000002,37.16,15.61,19.92,35.53,25.31,21.57,517.0,0.254,119.0,23.02,62.0,11.99,0.7769999999999999,0.1589999999999999,29.93,12.82,18.77,31.59,26.93,19.44,60.0,0.255,13.0,21.67,3.0,5.0,0.632,0.07200000000000001,25.89,12.13,12.97,25.1,22.03,16.88,76.0,0.265,19.0,25.0,8.0,10.53,0.827,0.2199999999999999,25.16,12.27,15.95,28.22,27.98,15.97
746056,2024-06-05,2024,667472,R,664126,R,strikeout,True,False,16.0,0.214,6.0,37.5,2.0,12.5,0.526,0.0,25.81,10.39,20.78,31.17,26.19,20.69,50.0,0.213,15.0,30.0,2.0,4.0,0.538,0.0849999999999999,23.71,11.79,17.95,29.74,31.82,22.39,44.0,0.167,13.0,29.55,7.0,15.91,0.524,0.05499999999999999,26.87,11.32,18.87,30.19,21.52,33.33,99.0,0.12,33.0,33.33,11.0,11.11,0.4519999999999999,0.0849999999999999,29.08,14.69,18.3,32.99,29.89,26.83
746056,2024-06-05,2024,641313,R,664126,R,field_out,False,False,101.0,0.162,31.0,30.69,2.0,1.98,0.36,0.01999999999999999,32.32,16.45,16.97,33.42,38.61,26.27,396.0,0.226,95.0,23.99,21.0,5.3,0.538,0.04,26.05,13.64,14.67,28.31,36.05,20.88,44.0,0.167,13.0,29.55,7.0,15.91,0.524,0.05499999999999999,26.87,11.32,18.87,30.19,21.52,33.33,99.0,0.12,33.0,33.33,11.0,11.11,0.4519999999999999,0.0849999999999999,29.08,14.69,18.3,32.99,29.89,26.83
746056,2024-06-05,2024,660644,L,664126,R,field_out,False,False,82.0,0.267,12.0,14.63,5.0,6.1,0.716,0.12,23.23,12.16,12.84,25.0,23.48,13.48,63.0,0.196,17.0,26.98,4.0,6.35,0.494,0.036,25.62,13.36,13.79,27.16,31.45,26.98,33.0,0.3,8.0,24.24,3.0,9.09,0.6970000000000001,0.03300000000000003,18.37,6.82,25.0,31.82,20.0,23.53,86.0,0.211,35.0,40.7,9.0,10.47,0.565,0.052,32.88,13.79,25.29,39.08,26.17,31.25
745494,2024-06-05,2024,605141,R,694973,R,strikeout,True,False,185.0,0.293,19.0,10.27,28.0,15.14,0.884,0.191,14.89,5.67,20.24,25.91,18.6,8.41,509.0,0.309,85.0,16.7,66.0,12.97,0.949,0.237,17.85,6.92,20.25,27.17,17.64,15.12,41.0,0.237,13.0,31.71,2.0,4.88,0.688,0.15800000000000003,27.66,15.38,14.2,29.59,31.94,19.12,,,,,,,,,,,,,,
745494,2024-06-05,2024,660271,L,694973,R,strikeout,True,False,167.0,0.329,36.0,21.56,21.0,12.57,1.096,0.34900000000000003,28.4,13.84,13.11,26.95,31.13,18.75,429.0,0.327,99.0,23.08,64.0,14.92,1.132,0.3739999999999999,32.88,15.48,11.59,27.07,28.86,20.75,44.0,0.154,17.0,38.64,3.0,6.82,0.388,0.024999999999999994,38.89,20.59,13.24,33.82,32.98,23.61,,,,,,,,,,,,,,
745494,2024-06-05,2024,518692,L,694973,R,field_out,False,False,164.0,0.348,25.0,15.24,22.0,13.41,1.033,0.246,19.81,9.31,11.6,20.92,23.3,13.89,514.0,0.33,81.0,15.76,57.0,11.09,0.962,0.218,19.83,9.77,11.31,21.08,27.01,16.63,44.0,0.154,17.0,38.64,3.0,6.82,0.388,0.024999999999999994,38.89,20.59,13.24,33.82,32.98,23.61,,,,,,,,,,,,,,
745494,2024-06-05,2024,457705,R,572020,L,strikeout,True,False,70.0,0.241,18.0,25.71,9.0,12.86,0.802,0.19,28.57,11.53,20.34,31.86,15.97,18.18,162.0,0.261,28.0,17.28,26.0,16.05,0.7929999999999999,0.1489999999999999,24.63,9.96,18.87,28.83,20.77,14.21,179.0,0.228,23.0,12.85,26.0,14.53,0.752,0.18099999999999997,18.6,8.39,14.03,22.42,23.61,9.69,316.0,0.239,85.0,26.9,23.0,7.28,0.755,0.218,28.93,15.19,13.03,28.22,31.91,20.83
745494,2024-06-05,2024,668804,R,572020,L,field_out,False,False,89.0,0.293,18.0,20.22,6.0,6.74,0.825,0.195,31.74,15.36,16.81,32.17,31.49,18.0,202.0,0.285,44.0,21.78,8.0,3.96,0.727,0.13,26.99,13.48,13.48,26.96,28.29,18.57,179.0,0.228,23.0,12.85,26.0,14.53,0.752,0.18099999999999997,18.6,8.39,14.03,22.42,23.61,9.69,316.0,0.239,85.0,26.9,23.0,7.28,0.755,0.218,28.93,15.19,13.03,28.22,31.91,20.83
745494,2024-06-05,2024,656582,R,572020,L,field_out,False,False,85.0,0.303,13.0,15.29,7.0,8.24,0.891,0.22300000000000003,20.27,8.8,17.01,25.81,19.39,13.27,193.0,0.265,40.0,20.73,23.0,11.92,0.8200000000000001,0.187,25.72,9.93,21.34,31.27,18.27,17.32,179.0,0.228,23.0,12.85,26.0,14.53,0.752,0.18099999999999997,18.6,8.39,14.03,22.42,23.61,9.69,316.0,0.239,85.0,26.9,23.0,7.28,0.755,0.218,28.93,15.19,13.03,28.22,31.91,20.83
745494,2024-06-05,2024,669257,R,694973,R,strikeout,True,False,150.0,0.237,26.0,17.33,9.0,6.0,0.6930000000000001,0.16300000000000003,19.08,9.37,15.67,25.04,28.39,13.61,407.0,0.268,67.0,16.46,42.0,10.32,0.7949999999999999,0.1659999999999999,19.27,8.8,16.84,25.64,24.5,12.79,41.0,0.237,13.0,31.71,2.0,4.88,0.688,0.15800000000000003,27.66,15.38,14.2,29.59,31.94,19.12,,,,,,,,,,,,,,
745494,2024-06-05,2024,606192,R,694973,R,field_out,False,False,180.0,0.255,56.0,31.11,16.0,8.89,0.765,0.18,35.42,18.4,12.72,31.12,28.91,22.31,529.0,0.249,164.0,31.0,33.0,6.24,0.718,0.1639999999999999,36.92,19.57,14.44,34.01,34.81,23.06,41.0,0.237,13.0,31.71,2.0,4.88,0.688,0.15800000000000003,27.66,15.38,14.2,29.59,31.94,19.12,,,,,,,,,,,,,,
745494,2024-06-05,2024,518792,L,694973,R,double,False,False,46.0,0.175,8.0,17.39,5.0,10.87,0.608,0.15000000000000002,25.51,13.37,12.83,26.2,31.18,13.33,349.0,0.276,57.0,16.33,32.0,9.17,0.818,0.1949999999999999,20.45,9.51,16.77,26.27,27.56,15.45,44.0,0.154,17.0,38.64,3.0,6.82,0.388,0.024999999999999994,38.89,20.59,13.24,33.82,32.98,23.61,,,,,,,,,,,,,,
745494,2024-06-05,2024,666158,L,694973,R,strikeout,True,False,145.0,0.224,31.0,21.38,11.0,7.59,0.604,0.097,19.05,8.44,18.63,27.07,17.87,18.45,,,,,,,,,,,,,,,44.0,0.154,17.0,38.64,3.0,6.82,0.388,0.024999999999999994,38.89,20.59,13.24,33.82,32.98,23.61,,,,,,,,,,,,,,
745494,2024-06-05,2024,658668,R,572020,L,walk,False,True,68.0,0.222,19.0,27.94,4.0,5.88,0.7250000000000001,0.23800000000000002,26.24,13.5,14.6,28.1,33.33,22.89,124.0,0.277,21.0,16.94,8.0,6.45,0.857,0.241,23.89,11.66,17.06,28.73,30.49,15.91,179.0,0.228,23.0,12.85,26.0,14.53,0.752,0.18099999999999997,18.6,8.39,14.03,22.42,23.61,9.69,316.0,0.239,85.0,26.9,23.0,7.28,0.755,0.218,28.93,15.19,13.03,28.22,31.91,20.83
745494,2024-06-05,2024,663647,R,572020,L,single,False,False,52.0,0.31,6.0,11.54,7.0,13.46,0.928,0.21400000000000002,16.67,7.01,18.22,25.23,24.32,10.0,168.0,0.294,29.0,17.26,6.0,3.57,0.8460000000000001,0.237,20.49,9.52,20.2,29.72,31.76,19.21,179.0,0.228,23.0,12.85,26.0,14.53,0.752,0.18099999999999997,18.6,8.39,14.03,22.42,23.61,9.69,316.0,0.239,85.0,26.9,23.0,7.28,0.755,0.218,28.93,15.19,13.03,28.22,31.91,20.83
745494,2024-06-05,2024,693304,R,572020,L,double,False,False,32.0,0.267,9.0,28.12,1.0,3.12,0.779,0.2,30.0,18.75,10.42,29.17,52.17,34.62,43.0,0.158,15.0,34.88,3.0,6.98,0.5720000000000001,0.158,36.17,19.21,12.99,32.2,28.74,23.81,179.0,0.228,23.0,12.85,26.0,14.53,0.752,0.18099999999999997,18.6,8.39,14.03,22.42,23.61,9.69,316.0,0.239,85.0,26.9,23.0,7.28,0.755,0.218,28.93,15.19,13.03,28.22,31.91,20.83
745494,2024-06-05,2024,518735,R,572020,L,single,False,False,26.0,0.208,6.0,23.08,1.0,3.85,0.49,0.04200000000000001,23.68,10.59,27.06,37.65,24.0,31.58,97.0,0.233,25.0,25.77,9.0,9.28,0.6839999999999999,0.1389999999999999,33.14,14.22,16.91,31.13,28.82,20.66,179.0,0.228,23.0,12.85,26.0,14.53,0.752,0.18099999999999997,18.6,8.39,14.03,22.42,23.61,9.69,316.0,0.239,85.0,26.9,23.0,7.28,0.755,0.218,28.93,15.19,13.03,28.22,31.91,20.83
745494,2024-06-05,2024,669707,R,572020,L,single,False,False,61.0,0.208,19.0,31.15,7.0,11.48,0.54,0.037000000000000005,32.76,16.17,12.77,28.94,23.42,30.65,65.0,0.293,20.0,30.77,6.0,9.23,0.7829999999999999,0.121,29.41,12.96,18.15,31.11,29.29,21.28,179.0,0.228,23.0,12.85,26.0,14.53,0.752,0.18099999999999997,18.6,8.39,14.03,22.42,23.61,9.69,316.0,0.239,85.0,26.9,23.0,7.28,0.755,0.218,28.93,15.19,13.03,28.22,31.91,20.83
745494,2024-06-05,2024,669261,L,572020,L,sac_bunt,False,False,29.0,0.286,12.0,41.38,1.0,3.45,0.739,0.14300000000000002,28.57,14.81,20.37,35.19,34.88,30.77,132.0,0.2,55.0,41.67,14.0,10.61,0.608,0.1129999999999999,33.49,12.74,21.47,34.21,20.21,31.98,40.0,0.263,8.0,20.0,2.0,5.0,0.563,0.0,18.18,9.21,17.76,26.97,27.94,17.02,95.0,0.289,16.0,16.84,10.0,10.53,0.796,0.145,22.09,9.11,19.24,28.35,19.79,15.24
745494,2024-06-05,2024,457705,R,572020,L,walk,False,True,70.0,0.241,18.0,25.71,9.0,12.86,0.802,0.19,28.57,11.53,20.34,31.86,15.97,18.18,162.0,0.261,28.0,17.28,26.0,16.05,0.7929999999999999,0.1489999999999999,24.63,9.96,18.87,28.83,20.77,14.21,179.0,0.228,23.0,12.85,26.0,14.53,0.752,0.18099999999999997,18.6,8.39,14.03,22.42,23.61,9.69,316.0,0.239,85.0,26.9,23.0,7.28,0.755,0.218,28.93,15.19,13.03,28.22,31.91,20.83
745494,2024-06-05,2024,668804,R,572020,L,single,False,False,89.0,0.293,18.0,20.22,6.0,6.74,0.825,0.195,31.74,15.36,16.81,32.17,31.49,18.0,202.0,0.285,44.0,21.78,8.0,3.96,0.727,0.13,26.99,13.48,13.48,26.96,28.29,18.57,179.0,0.228,23.0,12.85,26.0,14.53,0.752,0.18099999999999997,18.6,8.39,14.03,22.42,23.61,9.69,316.0,0.239,85.0,26.9,23.0,7.28,0.755,0.218,28.93,15.19,13.03,28.22,31.91,20.83
745494,2024-06-05,2024,656582,R,572020,L,strikeout,True,False,85.0,0.303,13.0,15.29,7.0,8.24,0.891,0.22300000000000003,20.27,8.8,17.01,25.81,19.39,13.27,193.0,0.265,40.0,20.73,23.0,11.92,0.8200000000000001,0.187,25.72,9.93,21.34,31.27,18.27,17.32,179.0,0.228,23.0,12.85,26.0,14.53,0.752,0.18099999999999997,18.6,8.39,14.03,22.42,23.61,9.69,316.0,0.239,85.0,26.9,23.0,7.28,0.755,0.218,28.93,15.19,13.03,28.22,31.91,20.83
745494,2024-06-05,2024,658668,R,572020,L,single,False,False,68.0,0.222,19.0,27.94,4.0,5.88,0.7250000000000001,0.23800000000000002,26.24,13.5,14.6,28.1,33.33,22.89,124.0,0.277,21.0,16.94,8.0,6.45,0.857,0.241,23.89,11.66,17.06,28.73,30.49,15.91,179.0,0.228,23.0,12.85,26.0,14.53,0.752,0.18099999999999997,18.6,8.39,14.03,22.42,23.61,9.69,316.0,0.239,85.0,26.9,23.0,7.28,0.755,0.218,28.93,15.19,13.03,28.22,31.91,20.83
745494,2024-06-05,2024,663647,R,670990,R,field_out,False,False,117.0,0.212,23.0,19.66,10.0,8.55,0.532,0.038000000000000006,17.2,7.36,21.38,28.74,26.15,18.85,358.0,0.26,75.0,20.95,22.0,6.15,0.721,0.1559999999999999,21.48,9.63,20.09,29.72,30.19,22.32,58.0,0.255,7.0,12.07,5.0,8.62,0.741,0.10699999999999998,21.43,8.29,20.28,28.57,21.5,15.56,102.0,0.233,23.0,22.55,9.0,8.82,0.6220000000000001,0.046,21.23,8.86,20.05,28.9,26.96,16.08
745494,2024-06-05,2024,681624,R,694973,R,single,False,False,127.0,0.222,38.0,29.92,4.0,3.15,0.63,0.146,29.54,16.8,12.15,28.95,34.6,21.23,,,,,,,,,,,,,,,41.0,0.237,13.0,31.71,2.0,4.88,0.688,0.15800000000000003,27.66,15.38,14.2,29.59,31.94,19.12,,,,,,,,,,,,,,
745494,2024-06-05,2024,621035,R,694973,R,strikeout,True,False,52.0,0.106,19.0,36.54,3.0,5.77,0.32,0.022000000000000006,31.58,15.15,14.65,29.8,23.4,36.54,224.0,0.255,66.0,29.46,22.0,9.82,0.712,0.125,33.11,15.94,15.09,31.03,23.37,20.82,41.0,0.237,13.0,31.71,2.0,4.88,0.688,0.15800000000000003,27.66,15.38,14.2,29.59,31.94,19.12,,,,,,,,,,,,,,
745494,2024-06-05,2024,605141,R,694973,R,force_out,False,False,185.0,0.293,19.0,10.27,28.0,15.14,0.884,0.191,14.89,5.67,20.24,25.91,18.6,8.41,509.0,0.309,85.0,16.7,66.0,12.97,0.949,0.237,17.85,6.92,20.25,27.17,17.64,15.12,41.0,0.237,13.0,31.71,2.0,4.88,0.688,0.15800000000000003,27.66,15.38,14.2,29.59,31.94,19.12,,,,,,,,,,,,,,
745494,2024-06-05,2024,660271,L,694973,R,home_run,False,False,167.0,0.329,36.0,21.56,21.0,12.57,1.096,0.34900000000000003,28.4,13.84,13.11,26.95,31.13,18.75,429.0,0.327,99.0,23.08,64.0,14.92,1.132,0.3739999999999999,32.88,15.48,11.59,27.07,28.86,20.75,44.0,0.154,17.0,38.64,3.0,6.82,0.388,0.024999999999999994,38.89,20.59,13.24,33.82,32.98,23.61,,,,,,,,,,,,,,
745494,2024-06-05,2024,518692,L,694973,R,field_out,False,False,164.0,0.348,25.0,15.24,22.0,13.41,1.033,0.246,19.81,9.31,11.6,20.92,23.3,13.89,514.0,0.33,81.0,15.76,57.0,11.09,0.962,0.218,19.83,9.77,11.31,21.08,27.01,16.63,44.0,0.154,17.0,38.64,3.0,6.82,0.388,0.024999999999999994,38.89,20.59,13.24,33.82,32.98,23.61,,,,,,,,,,,,,,
745494,2024-06-05,2024,693304,R,670990,R,field_out,False,False,58.0,0.314,13.0,22.41,4.0,6.9,0.858,0.176,28.23,14.58,13.33,27.92,31.71,16.46,86.0,0.234,21.0,24.42,3.0,3.49,0.638,0.1299999999999999,30.36,15.84,12.11,27.95,27.85,22.11,58.0,0.255,7.0,12.07,5.0,8.62,0.741,0.10699999999999998,21.43,8.29,20.28,28.57,21.5,15.56,102.0,0.233,23.0,22.55,9.0,8.82,0.6220000000000001,0.046,21.23,8.86,20.05,28.9,26.96,16.08
745494,2024-06-05,2024,518735,L,670990,R,field_out,False,False,43.0,0.163,9.0,20.93,0.0,0.0,0.512,0.18599999999999997,22.78,10.53,24.56,35.09,36.36,18.37,309.0,0.235,61.0,19.74,27.0,8.74,0.636,0.094,22.36,10.08,19.44,29.52,27.06,17.13,37.0,0.219,12.0,32.43,3.0,8.11,0.636,0.093,36.84,13.82,18.42,32.24,23.26,33.33,74.0,0.311,12.0,16.22,8.0,10.81,0.907,0.1639999999999999,19.44,7.24,20.0,27.24,18.59,17.14
745494,2024-06-05,2024,669707,R,670990,R,strikeout,True,False,146.0,0.219,32.0,21.92,14.0,9.59,0.6,0.086,24.91,12.18,15.91,28.09,28.08,14.61,144.0,0.301,43.0,29.86,18.0,12.5,0.786,0.089,33.87,14.74,17.72,32.46,24.23,24.57,58.0,0.255,7.0,12.07,5.0,8.62,0.741,0.10699999999999998,21.43,8.29,20.28,28.57,21.5,15.56,102.0,0.233,23.0,22.55,9.0,8.82,0.6220000000000001,0.046,21.23,8.86,20.05,28.9,26.96,16.08
745494,2024-06-05,2024,669257,R,694973,R,field_out,False,False,150.0,0.237,26.0,17.33,9.0,6.0,0.6930000000000001,0.16300000000000003,19.08,9.37,15.67,25.04,28.39,13.61,407.0,0.268,67.0,16.46,42.0,10.32,0.7949999999999999,0.1659999999999999,19.27,8.8,16.84,25.64,24.5,12.79,41.0,0.237,13.0,31.71,2.0,4.88,0.688,0.15800000000000003,27.66,15.38,14.2,29.59,31.94,19.12,,,,,,,,,,,,,,
745494,2024-06-05,2024,606192,R,694973,R,walk,False,True,180.0,0.255,56.0,31.11,16.0,8.89,0.765,0.18,35.42,18.4,12.72,31.12,28.91,22.31,529.0,0.249,164.0,31.0,33.0,6.24,0.718,0.1639999999999999,36.92,19.57,14.44,34.01,34.81,23.06,41.0,0.237,13.0,31.71,2.0,4.88,0.688,0.15800000000000003,27.66,15.38,14.2,29.59,31.94,19.12,,,,,,,,,,,,,,
745494,2024-06-05,2024,518792,L,694973,R,field_out,False,False,46.0,0.175,8.0,17.39,5.0,10.87,0.608,0.15000000000000002,25.51,13.37,12.83,26.2,31.18,13.33,349.0,0.276,57.0,16.33,32.0,9.17,0.818,0.1949999999999999,20.45,9.51,16.77,26.27,27.56,15.45,44.0,0.154,17.0,38.64,3.0,6.82,0.388,0.024999999999999994,38.89,20.59,13.24,33.82,32.98,23.61,,,,,,,,,,,,,,
745494,2024-06-05,2024,666158,L,694973,R,strikeout,True,False,145.0,0.224,31.0,21.38,11.0,7.59,0.604,0.097,19.05,8.44,18.63,27.07,17.87,18.45,,,,,,,,,,,,,,,44.0,0.154,17.0,38.64,3.0,6.82,0.388,0.024999999999999994,38.89,20.59,13.24,33.82,32.98,23.61,,,,,,,,,,,,,,
745494,2024-06-05,2024,669261,L,607455,L,strikeout,True,False,29.0,0.286,12.0,41.38,1.0,3.45,0.739,0.14300000000000002,28.57,14.81,20.37,35.19,34.88,30.77,132.0,0.2,55.0,41.67,14.0,10.61,0.608,0.1129999999999999,33.49,12.74,21.47,34.21,20.21,31.98,11.0,0.222,3.0,27.27,1.0,9.09,0.522,0.0,33.33,15.56,11.11,26.67,20.83,23.08,14.0,0.417,3.0,21.43,1.0,7.14,1.167,0.25,22.86,11.76,16.18,27.94,33.33,11.54
745494,2024-06-05,2024,457705,R,607455,L,field_out,False,False,70.0,0.241,18.0,25.71,9.0,12.86,0.802,0.19,28.57,11.53,20.34,31.86,15.97,18.18,162.0,0.261,28.0,17.28,26.0,16.05,0.7929999999999999,0.1489999999999999,24.63,9.96,18.87,28.83,20.77,14.21,14.0,0.083,2.0,14.29,2.0,14.29,0.297,0.0,4.17,1.79,14.29,16.07,16.0,18.18,21.0,0.25,3.0,14.29,4.0,19.05,0.631,0.0,20.83,10.75,12.9,23.66,31.82,8.82
745494,2024-06-05,2024,668804,R,607455,L,strikeout,True,False,89.0,0.293,18.0,20.22,6.0,6.74,0.825,0.195,31.74,15.36,16.81,32.17,31.49,18.0,202.0,0.285,44.0,21.78,8.0,3.96,0.727,0.13,26.99,13.48,13.48,26.96,28.29,18.57,14.0,0.083,2.0,14.29,2.0,14.29,0.297,0.0,4.17,1.79,14.29,16.07,16.0,18.18,21.0,0.25,3.0,14.29,4.0,19.05,0.631,0.0,20.83,10.75,12.9,23.66,31.82,8.82
745494,2024-06-05,2024,681624,R,694973,R,home_run,False,False,127.0,0.222,38.0,29.92,4.0,3.15,0.63,0.146,29.54,16.8,12.15,28.95,34.6,21.23,,,,,,,,,,,,,,,41.0,0.237,13.0,31.71,2.0,4.88,0.688,0.15800000000000003,27.66,15.38,14.2,29.59,31.94,19.12,,,,,,,,,,,,,,
745494,2024-06-05,2024,621035,R,694973,R,field_error,False,False,52.0,0.106,19.0,36.54,3.0,5.77,0.32,0.022000000000000006,31.58,15.15,14.65,29.8,23.4,36.54,224.0,0.255,66.0,29.46,22.0,9.82,0.712,0.125,33.11,15.94,15.09,31.03,23.37,20.82,41.0,0.237,13.0,31.71,2.0,4.88,0.688,0.15800000000000003,27.66,15.38,14.2,29.59,31.94,19.12,,,,,,,,,,,,,,
745494,2024-06-05,2024,605141,R,694973,R,strikeout,True,False,185.0,0.293,19.0,10.27,28.0,15.14,0.884,0.191,14.89,5.67,20.24,25.91,18.6,8.41,509.0,0.309,85.0,16.7,66.0,12.97,0.949,0.237,17.85,6.92,20.25,27.17,17.64,15.12,41.0,0.237,13.0,31.71,2.0,4.88,0.688,0.15800000000000003,27.66,15.38,14.2,29.59,31.94,19.12,,,,,,,,,,,,,,
745494,2024-06-05,2024,660271,L,694973,R,single,False,False,167.0,0.329,36.0,21.56,21.0,12.57,1.096,0.34900000000000003,28.4,13.84,13.11,26.95,31.13,18.75,429.0,0.327,99.0,23.08,64.0,14.92,1.132,0.3739999999999999,32.88,15.48,11.59,27.07,28.86,20.75,44.0,0.154,17.0,38.64,3.0,6.82,0.388,0.024999999999999994,38.89,20.59,13.24,33.82,32.98,23.61,,,,,,,,,,,,,,
745494,2024-06-05,2024,518692,L,694973,R,strikeout,True,False,164.0,0.348,25.0,15.24,22.0,13.41,1.033,0.246,19.81,9.31,11.6,20.92,23.3,13.89,514.0,0.33,81.0,15.76,57.0,11.09,0.962,0.218,19.83,9.77,11.31,21.08,27.01,16.63,44.0,0.154,17.0,38.64,3.0,6.82,0.388,0.024999999999999994,38.89,20.59,13.24,33.82,32.98,23.61,,,,,,,,,,,,,,
745494,2024-06-05,2024,669257,R,694973,R,single,False,False,150.0,0.237,26.0,17.33,9.0,6.0,0.6930000000000001,0.16300000000000003,19.08,9.37,15.67,25.04,28.39,13.61,407.0,0.268,67.0,16.46,42.0,10.32,0.7949999999999999,0.1659999999999999,19.27,8.8,16.84,25.64,24.5,12.79,41.0,0.237,13.0,31.71,2.0,4.88,0.688,0.15800000000000003,27.66,15.38,14.2,29.59,31.94,19.12,,,,,,,,,,,,,,
745494,2024-06-05,2024,606192,R,694973,R,force_out,False,False,180.0,0.255,56.0,31.11,16.0,8.89,0.765,0.18,35.42,18.4,12.72,31.12,28.91,22.31,529.0,0.249,164.0,31.0,33.0,6.24,0.718,0.1639999999999999,36.92,19.57,14.44,34.01,34.81,23.06,41.0,0.237,13.0,31.71,2.0,4.88,0.688,0.15800000000000003,27.66,15.38,14.2,29.59,31.94,19.12,,,,,,,,,,,,,,
745494,2024-06-05,2024,656582,R,607455,L,field_out,False,False,85.0,0.303,13.0,15.29,7.0,8.24,0.891,0.22300000000000003,20.27,8.8,17.01,25.81,19.39,13.27,193.0,0.265,40.0,20.73,23.0,11.92,0.8200000000000001,0.187,25.72,9.93,21.34,31.27,18.27,17.32,14.0,0.083,2.0,14.29,2.0,14.29,0.297,0.0,4.17,1.79,14.29,16.07,16.0,18.18,21.0,0.25,3.0,14.29,4.0,19.05,0.631,0.0,20.83,10.75,12.9,23.66,31.82,8.82
745494,2024-06-05,2024,658668,R,607455,L,single,False,False,68.0,0.222,19.0,27.94,4.0,5.88,0.7250000000000001,0.23800000000000002,26.24,13.5,14.6,28.1,33.33,22.89,124.0,0.277,21.0,16.94,8.0,6.45,0.857,0.241,23.89,11.66,17.06,28.73,30.49,15.91,14.0,0.083,2.0,14.29,2.0,14.29,0.297,0.0,4.17,1.79,14.29,16.07,16.0,18.18,21.0,0.25,3.0,14.29,4.0,19.05,0.631,0.0,20.83,10.75,12.9,23.66,31.82,8.82
745494,2024-06-05,2024,663647,R,607455,L,walk,False,True,52.0,0.31,6.0,11.54,7.0,13.46,0.928,0.21400000000000002,16.67,7.01,18.22,25.23,24.32,10.0,168.0,0.294,29.0,17.26,6.0,3.57,0.8460000000000001,0.237,20.49,9.52,20.2,29.72,31.76,19.21,14.0,0.083,2.0,14.29,2.0,14.29,0.297,0.0,4.17,1.79,14.29,16.07,16.0,18.18,21.0,0.25,3.0,14.29,4.0,19.05,0.631,0.0,20.83,10.75,12.9,23.66,31.82,8.82
745494,2024-06-05,2024,693304,R,607455,L,sac_fly,False,False,32.0,0.267,9.0,28.12,1.0,3.12,0.779,0.2,30.0,18.75,10.42,29.17,52.17,34.62,43.0,0.158,15.0,34.88,3.0,6.98,0.5720000000000001,0.158,36.17,19.21,12.99,32.2,28.74,23.81,14.0,0.083,2.0,14.29,2.0,14.29,0.297,0.0,4.17,1.79,14.29,16.07,16.0,18.18,21.0,0.25,3.0,14.29,4.0,19.05,0.631,0.0,20.83,10.75,12.9,23.66,31.82,8.82
745494,2024-06-05,2024,518735,R,607455,L,field_out,False,False,26.0,0.208,6.0,23.08,1.0,3.85,0.49,0.04200000000000001,23.68,10.59,27.06,37.65,24.0,31.58,97.0,0.233,25.0,25.77,9.0,9.28,0.6839999999999999,0.1389999999999999,33.14,14.22,16.91,31.13,28.82,20.66,14.0,0.083,2.0,14.29,2.0,14.29,0.297,0.0,4.17,1.79,14.29,16.07,16.0,18.18,21.0,0.25,3.0,14.29,4.0,19.05,0.631,0.0,20.83,10.75,12.9,23.66,31.82,8.82
745494,2024-06-05,2024,518792,L,669387,R,double,False,False,46.0,0.175,8.0,17.39,5.0,10.87,0.608,0.15000000000000002,25.51,13.37,12.83,26.2,31.18,13.33,349.0,0.276,57.0,16.33,32.0,9.17,0.818,0.1949999999999999,20.45,9.51,16.77,26.27,27.56,15.45,17.0,0.333,2.0,11.76,3.0,17.65,0.829,0.08399999999999996,15.79,7.69,12.82,20.51,13.89,6.67,66.0,0.214,16.0,24.24,8.0,12.12,0.612,0.09,20.93,9.82,15.27,25.09,25.76,17.98
745494,2024-06-05,2024,666158,L,669387,R,field_out,False,False,145.0,0.224,31.0,21.38,11.0,7.59,0.604,0.097,19.05,8.44,18.63,27.07,17.87,18.45,,,,,,,,,,,,,,,17.0,0.333,2.0,11.76,3.0,17.65,0.829,0.08399999999999996,15.79,7.69,12.82,20.51,13.89,6.67,66.0,0.214,16.0,24.24,8.0,12.12,0.612,0.09,20.93,9.82,15.27,25.09,25.76,17.98
745494,2024-06-05,2024,681624,R,669387,R,strikeout,True,False,127.0,0.222,38.0,29.92,4.0,3.15,0.63,0.146,29.54,16.8,12.15,28.95,34.6,21.23,,,,,,,,,,,,,,,26.0,0.286,7.0,26.92,3.0,11.54,0.861,0.19,30.0,13.27,15.04,28.32,27.87,20.59,87.0,0.213,18.0,20.69,10.0,11.49,0.63,0.107,21.85,9.54,17.63,27.17,22.03,17.14
745494,2024-06-05,2024,621035,R,669387,R,field_out,False,False,52.0,0.106,19.0,36.54,3.0,5.77,0.32,0.022000000000000006,31.58,15.15,14.65,29.8,23.4,36.54,224.0,0.255,66.0,29.46,22.0,9.82,0.712,0.125,33.11,15.94,15.09,31.03,23.37,20.82,26.0,0.286,7.0,26.92,3.0,11.54,0.861,0.19,30.0,13.27,15.04,28.32,27.87,20.59,87.0,0.213,18.0,20.69,10.0,11.49,0.63,0.107,21.85,9.54,17.63,27.17,22.03,17.14
745494,2024-06-05,2024,669707,R,642232,L,field_out,False,False,61.0,0.208,19.0,31.15,7.0,11.48,0.54,0.037000000000000005,32.76,16.17,12.77,28.94,23.42,30.65,65.0,0.293,20.0,30.77,6.0,9.23,0.7829999999999999,0.121,29.41,12.96,18.15,31.11,29.29,21.28,90.0,0.247,9.0,10.0,6.0,6.67,0.6799999999999999,0.11099999999999999,14.19,6.47,15.88,22.35,28.49,9.57,270.0,0.268,47.0,17.41,7.0,2.59,0.716,0.1409999999999999,21.6,10.93,16.14,27.07,32.38,14.69
745494,2024-06-05,2024,669261,L,642232,L,strikeout,True,False,29.0,0.286,12.0,41.38,1.0,3.45,0.739,0.14300000000000002,28.57,14.81,20.37,35.19,34.88,30.77,132.0,0.2,55.0,41.67,14.0,10.61,0.608,0.1129999999999999,33.49,12.74,21.47,34.21,20.21,31.98,54.0,0.12,6.0,11.11,1.0,1.85,0.394,0.12,20.0,11.23,14.44,25.67,30.67,11.76,106.0,0.28,20.0,18.87,6.0,5.66,0.771,0.1699999999999999,25.45,13.66,16.1,29.76,37.43,14.39
745494,2024-06-05,2024,457705,R,642232,L,field_out,False,False,70.0,0.241,18.0,25.71,9.0,12.86,0.802,0.19,28.57,11.53,20.34,31.86,15.97,18.18,162.0,0.261,28.0,17.28,26.0,16.05,0.7929999999999999,0.1489999999999999,24.63,9.96,18.87,28.83,20.77,14.21,90.0,0.247,9.0,10.0,6.0,6.67,0.6799999999999999,0.11099999999999999,14.19,6.47,15.88,22.35,28.49,9.57,270.0,0.268,47.0,17.41,7.0,2.59,0.716,0.1409999999999999,21.6,10.93,16.14,27.07,32.38,14.69
745494,2024-06-05,2024,605141,R,547973,L,field_out,False,False,85.0,0.316,7.0,8.24,9.0,10.59,0.875,0.17099999999999999,11.45,4.27,21.65,25.93,22.11,7.53,184.0,0.3,22.0,11.96,30.0,16.3,1.097,0.373,13.08,4.64,20.77,25.41,13.65,12.72,64.0,0.154,29.0,45.31,12.0,18.75,0.6579999999999999,0.19199999999999998,39.34,15.69,17.65,33.33,23.17,28.71,200.0,0.161,86.0,43.0,26.0,13.0,0.534,0.103,41.53,18.67,19.04,37.71,23.68,36.29
745494,2024-06-05,2024,660271,L,547973,L,strikeout,True,False,88.0,0.309,19.0,21.59,6.0,6.82,0.821,0.15999999999999998,25.32,11.24,18.16,29.39,25.58,19.39,170.0,0.245,44.0,25.88,27.0,15.88,0.897,0.287,30.62,13.88,13.59,27.47,31.74,23.04,32.0,0.286,7.0,21.88,11.0,34.38,0.96,0.14300000000000002,31.71,9.56,22.06,31.62,16.88,21.88,50.0,0.243,17.0,34.0,10.0,20.0,0.651,0.0,44.83,18.84,17.39,36.23,23.36,28.81
745494,2024-06-05,2024,518692,L,547973,L,single,False,False,98.0,0.22,17.0,17.35,10.0,10.2,0.637,0.097,22.0,11.73,11.47,23.2,32.26,13.28,218.0,0.335,40.0,18.35,15.0,6.88,1.008,0.2739999999999999,21.54,11.31,11.07,22.38,26.41,16.0,32.0,0.286,7.0,21.88,11.0,34.38,0.96,0.14300000000000002,31.71,9.56,22.06,31.62,16.88,21.88,50.0,0.243,17.0,34.0,10.0,20.0,0.651,0.0,44.83,18.84,17.39,36.23,23.36,28.81
745494,2024-06-05,2024,669257,R,547973,L,single,False,False,62.0,0.412,5.0,8.06,10.0,16.13,1.304,0.39200000000000007,15.84,7.05,14.54,21.59,26.92,10.2,147.0,0.24,22.0,14.97,21.0,14.29,0.8,0.206,20.0,8.97,15.38,24.36,26.59,11.52,64.0,0.154,29.0,45.31,12.0,18.75,0.6579999999999999,0.19199999999999998,39.34,15.69,17.65,33.33,23.17,28.71,200.0,0.161,86.0,43.0,26.0,13.0,0.534,0.103,41.53,18.67,19.04,37.71,23.68,36.29
745494,2024-06-05,2024,606192,R,547973,L,strikeout,True,False,69.0,0.258,17.0,24.64,3.0,4.35,0.851,0.30300000000000005,29.32,15.79,10.53,26.32,27.93,29.82,151.0,0.287,47.0,31.13,5.0,3.31,0.817,0.223,31.76,17.57,12.52,30.09,36.59,25.41,64.0,0.154,29.0,45.31,12.0,18.75,0.6579999999999999,0.19199999999999998,39.34,15.69,17.65,33.33,23.17,28.71,200.0,0.161,86.0,43.0,26.0,13.0,0.534,0.103,41.53,18.67,19.04,37.71,23.68,36.29
745494,2024-06-05,2024,668804,R,642232,L,field_out,False,False,89.0,0.293,18.0,20.22,6.0,6.74,0.825,0.195,31.74,15.36,16.81,32.17,31.49,18.0,202.0,0.285,44.0,21.78,8.0,3.96,0.727,0.13,26.99,13.48,13.48,26.96,28.29,18.57,90.0,0.247,9.0,10.0,6.0,6.67,0.6799999999999999,0.11099999999999999,14.19,6.47,15.88,22.35,28.49,9.57,270.0,0.268,47.0,17.41,7.0,2.59,0.716,0.1409999999999999,21.6,10.93,16.14,27.07,32.38,14.69
745494,2024-06-05,2024,656582,R,642232,L,walk,False,True,85.0,0.303,13.0,15.29,7.0,8.24,0.891,0.22300000000000003,20.27,8.8,17.01,25.81,19.39,13.27,193.0,0.265,40.0,20.73,23.0,11.92,0.8200000000000001,0.187,25.72,9.93,21.34,31.27,18.27,17.32,90.0,0.247,9.0,10.0,6.0,6.67,0.6799999999999999,0.11099999999999999,14.19,6.47,15.88,22.35,28.49,9.57,270.0,0.268,47.0,17.41,7.0,2.59,0.716,0.1409999999999999,21.6,10.93,16.14,27.07,32.38,14.69
745494,2024-06-05,2024,658668,R,642232,L,walk,False,True,68.0,0.222,19.0,27.94,4.0,5.88,0.7250000000000001,0.23800000000000002,26.24,13.5,14.6,28.1,33.33,22.89,124.0,0.277,21.0,16.94,8.0,6.45,0.857,0.241,23.89,11.66,17.06,28.73,30.49,15.91,90.0,0.247,9.0,10.0,6.0,6.67,0.6799999999999999,0.11099999999999999,14.19,6.47,15.88,22.35,28.49,9.57,270.0,0.268,47.0,17.41,7.0,2.59,0.716,0.1409999999999999,21.6,10.93,16.14,27.07,32.38,14.69
745494,2024-06-05,2024,663647,R,642232,L,single,False,False,52.0,0.31,6.0,11.54,7.0,13.46,0.928,0.21400000000000002,16.67,7.01,18.22,25.23,24.32,10.0,168.0,0.294,29.0,17.26,6.0,3.57,0.8460000000000001,0.237,20.49,9.52,20.2,29.72,31.76,19.21,90.0,0.247,9.0,10.0,6.0,6.67,0.6799999999999999,0.11099999999999999,14.19,6.47,15.88,22.35,28.49,9.57,270.0,0.268,47.0,17.41,7.0,2.59,0.716,0.1409999999999999,21.6,10.93,16.14,27.07,32.38,14.69
745494,2024-06-05,2024,693304,R,642232,L,single,False,False,32.0,0.267,9.0,28.12,1.0,3.12,0.779,0.2,30.0,18.75,10.42,29.17,52.17,34.62,43.0,0.158,15.0,34.88,3.0,6.98,0.5720000000000001,0.158,36.17,19.21,12.99,32.2,28.74,23.81,90.0,0.247,9.0,10.0,6.0,6.67,0.6799999999999999,0.11099999999999999,14.19,6.47,15.88,22.35,28.49,9.57,270.0,0.268,47.0,17.41,7.0,2.59,0.716,0.1409999999999999,21.6,10.93,16.14,27.07,32.38,14.69
745494,2024-06-05,2024,518735,R,642232,L,field_out,False,False,26.0,0.208,6.0,23.08,1.0,3.85,0.49,0.04200000000000001,23.68,10.59,27.06,37.65,24.0,31.58,97.0,0.233,25.0,25.77,9.0,9.28,0.6839999999999999,0.1389999999999999,33.14,14.22,16.91,31.13,28.82,20.66,90.0,0.247,9.0,10.0,6.0,6.67,0.6799999999999999,0.11099999999999999,14.19,6.47,15.88,22.35,28.49,9.57,270.0,0.268,47.0,17.41,7.0,2.59,0.716,0.1409999999999999,21.6,10.93,16.14,27.07,32.38,14.69
745494,2024-06-05,2024,669707,R,642232,L,field_out,False,False,61.0,0.208,19.0,31.15,7.0,11.48,0.54,0.037000000000000005,32.76,16.17,12.77,28.94,23.42,30.65,65.0,0.293,20.0,30.77,6.0,9.23,0.7829999999999999,0.121,29.41,12.96,18.15,31.11,29.29,21.28,90.0,0.247,9.0,10.0,6.0,6.67,0.6799999999999999,0.11099999999999999,14.19,6.47,15.88,22.35,28.49,9.57,270.0,0.268,47.0,17.41,7.0,2.59,0.716,0.1409999999999999,21.6,10.93,16.14,27.07,32.38,14.69
745494,2024-06-05,2024,518792,L,676702,R,double,False,False,46.0,0.175,8.0,17.39,5.0,10.87,0.608,0.15000000000000002,25.51,13.37,12.83,26.2,31.18,13.33,349.0,0.276,57.0,16.33,32.0,9.17,0.818,0.1949999999999999,20.45,9.51,16.77,26.27,27.56,15.45,50.0,0.326,12.0,24.0,1.0,2.0,0.854,0.174,27.84,15.52,14.94,30.46,34.67,20.0,22.0,0.238,5.0,22.73,0.0,0.0,0.892,0.381,26.83,14.67,18.67,33.33,24.0,25.0
745494,2024-06-05,2024,666158,L,676702,R,single,False,False,145.0,0.224,31.0,21.38,11.0,7.59,0.604,0.097,19.05,8.44,18.63,27.07,17.87,18.45,,,,,,,,,,,,,,,50.0,0.326,12.0,24.0,1.0,2.0,0.854,0.174,27.84,15.52,14.94,30.46,34.67,20.0,22.0,0.238,5.0,22.73,0.0,0.0,0.892,0.381,26.83,14.67,18.67,33.33,24.0,25.0
745494,2024-06-05,2024,681624,R,676702,R,field_out,False,False,127.0,0.222,38.0,29.92,4.0,3.15,0.63,0.146,29.54,16.8,12.15,28.95,34.6,21.23,,,,,,,,,,,,,,,69.0,0.2,16.0,23.19,3.0,4.35,0.569,0.123,29.73,16.06,13.5,29.56,33.56,16.67,25.0,0.182,5.0,20.0,3.0,12.0,0.5980000000000001,0.136,28.57,16.0,13.0,29.0,39.22,14.29
745494,2024-06-05,2024,621035,R,676702,R,field_out,False,False,52.0,0.106,19.0,36.54,3.0,5.77,0.32,0.022000000000000006,31.58,15.15,14.65,29.8,23.4,36.54,224.0,0.255,66.0,29.46,22.0,9.82,0.712,0.125,33.11,15.94,15.09,31.03,23.37,20.82,69.0,0.2,16.0,23.19,3.0,4.35,0.569,0.123,29.73,16.06,13.5,29.56,33.56,16.67,25.0,0.182,5.0,20.0,3.0,12.0,0.5980000000000001,0.136,28.57,16.0,13.0,29.0,39.22,14.29
745494,2024-06-05,2024,605141,R,676702,R,walk,False,True,185.0,0.293,19.0,10.27,28.0,15.14,0.884,0.191,14.89,5.67,20.24,25.91,18.6,8.41,509.0,0.309,85.0,16.7,66.0,12.97,0.949,0.237,17.85,6.92,20.25,27.17,17.64,15.12,69.0,0.2,16.0,23.19,3.0,4.35,0.569,0.123,29.73,16.06,13.5,29.56,33.56,16.67,25.0,0.182,5.0,20.0,3.0,12.0,0.5980000000000001,0.136,28.57,16.0,13.0,29.0,39.22,14.29
745494,2024-06-05,2024,660271,L,670059,R,field_out,False,False,167.0,0.329,36.0,21.56,21.0,12.57,1.096,0.34900000000000003,28.4,13.84,13.11,26.95,31.13,18.75,429.0,0.327,99.0,23.08,64.0,14.92,1.132,0.3739999999999999,32.88,15.48,11.59,27.07,28.86,20.75,35.0,0.222,11.0,31.43,8.0,22.86,0.8069999999999999,0.18499999999999997,30.51,12.16,16.22,28.38,13.16,22.92,108.0,0.255,26.0,24.07,7.0,6.48,0.665,0.1019999999999999,21.83,11.04,11.26,22.3,27.56,16.45
745494,2024-06-05,2024,669261,L,642232,L,strikeout,True,False,29.0,0.286,12.0,41.38,1.0,3.45,0.739,0.14300000000000002,28.57,14.81,20.37,35.19,34.88,30.77,132.0,0.2,55.0,41.67,14.0,10.61,0.608,0.1129999999999999,33.49,12.74,21.47,34.21,20.21,31.98,54.0,0.12,6.0,11.11,1.0,1.85,0.394,0.12,20.0,11.23,14.44,25.67,30.67,11.76,106.0,0.28,20.0,18.87,6.0,5.66,0.771,0.1699999999999999,25.45,13.66,16.1,29.76,37.43,14.39
745494,2024-06-05,2024,457705,R,642232,L,field_out,False,False,70.0,0.241,18.0,25.71,9.0,12.86,0.802,0.19,28.57,11.53,20.34,31.86,15.97,18.18,162.0,0.261,28.0,17.28,26.0,16.05,0.7929999999999999,0.1489999999999999,24.63,9.96,18.87,28.83,20.77,14.21,90.0,0.247,9.0,10.0,6.0,6.67,0.6799999999999999,0.11099999999999999,14.19,6.47,15.88,22.35,28.49,9.57,270.0,0.268,47.0,17.41,7.0,2.59,0.716,0.1409999999999999,21.6,10.93,16.14,27.07,32.38,14.69
745494,2024-06-05,2024,668804,R,642232,L,field_out,False,False,89.0,0.293,18.0,20.22,6.0,6.74,0.825,0.195,31.74,15.36,16.81,32.17,31.49,18.0,202.0,0.285,44.0,21.78,8.0,3.96,0.727,0.13,26.99,13.48,13.48,26.96,28.29,18.57,90.0,0.247,9.0,10.0,6.0,6.67,0.6799999999999999,0.11099999999999999,14.19,6.47,15.88,22.35,28.49,9.57,270.0,0.268,47.0,17.41,7.0,2.59,0.716,0.1409999999999999,21.6,10.93,16.14,27.07,32.38,14.69
745494,2024-06-05,2024,518692,L,670280,R,field_out,False,False,164.0,0.348,25.0,15.24,22.0,13.41,1.033,0.246,19.81,9.31,11.6,20.92,23.3,13.89,514.0,0.33,81.0,15.76,57.0,11.09,0.962,0.218,19.83,9.77,11.31,21.08,27.01,16.63,51.0,0.196,12.0,23.53,4.0,7.84,0.6679999999999999,0.21699999999999997,23.53,12.31,16.41,28.72,33.71,19.35,135.0,0.22,39.0,28.89,12.0,8.89,0.606,0.0849999999999999,28.03,14.31,13.25,27.56,33.22,20.63
745494,2024-06-05,2024,669257,R,670280,R,field_out,False,False,150.0,0.237,26.0,17.33,9.0,6.0,0.6930000000000001,0.16300000000000003,19.08,9.37,15.67,25.04,28.39,13.61,407.0,0.268,67.0,16.46,42.0,10.32,0.7949999999999999,0.1659999999999999,19.27,8.8,16.84,25.64,24.5,12.79,56.0,0.288,13.0,23.21,2.0,3.57,0.7430000000000001,0.11600000000000005,27.97,13.98,16.1,30.08,36.07,17.33,142.0,0.209,41.0,28.87,9.0,6.34,0.5880000000000001,0.117,37.22,20.68,12.23,32.91,35.84,22.16
745494,2024-06-05,2024,606192,R,670280,R,field_out,False,False,180.0,0.255,56.0,31.11,16.0,8.89,0.765,0.18,35.42,18.4,12.72,31.12,28.91,22.31,529.0,0.249,164.0,31.0,33.0,6.24,0.718,0.1639999999999999,36.92,19.57,14.44,34.01,34.81,23.06,56.0,0.288,13.0,23.21,2.0,3.57,0.7430000000000001,0.11600000000000005,27.97,13.98,16.1,30.08,36.07,17.33,142.0,0.209,41.0,28.87,9.0,6.34,0.5880000000000001,0.117,37.22,20.68,12.23,32.91,35.84,22.16
745570,2024-06-05,2024,668930,L,605400,R,field_out,False,False,189.0,0.305,30.0,15.87,16.0,8.47,0.7909999999999999,0.12,12.87,6.04,18.38,24.42,25.53,14.85,376.0,0.224,82.0,21.81,30.0,7.98,0.608,0.097,22.03,10.83,16.08,26.9,28.59,16.14,155.0,0.179,29.0,18.71,10.0,6.45,0.611,0.2,20.48,9.84,15.9,25.74,29.68,14.8,365.0,0.24,90.0,24.66,25.0,6.85,0.735,0.204,26.03,12.77,16.47,29.24,34.56,20.93
745570,2024-06-05,2024,661388,R,605400,R,field_out,False,False,214.0,0.312,38.0,17.76,23.0,10.75,0.896,0.191,29.95,13.91,13.91,27.83,23.35,16.59,434.0,0.262,94.0,21.66,42.0,9.68,0.72,0.119,27.61,11.63,19.55,31.17,24.86,18.08,152.0,0.23,42.0,27.63,12.0,7.89,0.622,0.101,25.81,13.02,17.9,30.92,33.82,23.73,430.0,0.241,112.0,26.05,20.0,4.65,0.685,0.1679999999999999,25.89,12.76,19.08,31.85,34.88,20.86
745570,2024-06-05,2024,592885,L,605400,R,strikeout,True,False,105.0,0.297,22.0,20.95,13.0,12.38,0.869,0.187,22.99,10.41,14.29,24.7,24.19,16.92,473.0,0.294,103.0,21.78,64.0,13.53,0.882,0.195,26.99,11.53,15.4,26.93,23.89,19.07,155.0,0.179,29.0,18.71,10.0,6.45,0.611,0.2,20.48,9.84,15.9,25.74,29.68,14.8,365.0,0.24,90.0,24.66,25.0,6.85,0.735,0.204,26.03,12.77,16.47,29.24,34.56,20.93
745570,2024-06-05,2024,656941,L,676879,L,single,False,False,110.0,0.315,31.0,28.18,18.0,16.36,0.9159999999999999,0.174,35.33,13.29,21.62,34.91,19.53,26.72,253.0,0.188,87.0,34.39,41.0,16.21,0.758,0.242,32.04,11.82,21.04,32.86,21.61,24.51,2.0,1.0,0.0,0.0,0.0,0.0,4.0,2.0,0.0,0.0,0.0,0.0,33.33,,,,,,,,,,,,,,,
745570,2024-06-05,2024,592206,R,676879,L,field_out,False,False,72.0,0.235,20.0,27.78,4.0,5.56,0.704,0.191,34.87,19.27,11.27,30.55,38.46,25.0,188.0,0.324,45.0,23.94,11.0,5.85,0.93,0.237,31.05,17.91,10.17,28.07,42.3,21.63,20.0,0.235,2.0,10.0,2.0,10.0,0.61,0.059,23.81,12.82,12.82,25.64,25.71,7.69,,,,,,,,,,,,,,
745570,2024-06-05,2024,547180,L,676879,L,walk,False,True,98.0,0.274,27.0,27.55,13.0,13.27,0.843,0.20199999999999996,32.83,16.71,10.8,27.51,33.49,24.77,171.0,0.289,39.0,22.81,20.0,11.7,0.884,0.221,38.61,20.03,9.85,29.89,35.59,22.41,2.0,1.0,0.0,0.0,0.0,0.0,4.0,2.0,0.0,0.0,0.0,0.0,33.33,,,,,,,,,,,,,,,
745570,2024-06-05,2024,664761,R,676879,L,field_out,False,False,83.0,0.273,10.0,12.05,6.0,7.23,0.767,0.16899999999999998,12.06,5.84,14.43,20.27,24.31,12.82,167.0,0.303,26.0,15.57,8.0,4.79,0.929,0.291,20.3,10.86,12.97,23.82,35.24,14.21,20.0,0.235,2.0,10.0,2.0,10.0,0.61,0.059,23.81,12.82,12.82,25.64,25.71,7.69,,,,,,,,,,,,,,
745570,2024-06-05,2024,681082,L,676879,L,strikeout,True,False,61.0,0.25,10.0,16.39,8.0,13.11,0.688,0.07700000000000001,17.05,6.28,23.85,30.13,16.07,15.87,167.0,0.282,24.0,14.37,13.0,7.78,0.73,0.101,17.59,7.8,22.11,29.91,32.56,10.39,2.0,1.0,0.0,0.0,0.0,0.0,4.0,2.0,0.0,0.0,0.0,0.0,33.33,,,,,,,,,,,,,,,
745570,2024-06-05,2024,642715,R,605400,R,strikeout,True,False,211.0,0.266,47.0,22.27,21.0,9.95,0.806,0.197,30.61,14.48,15.32,29.79,26.51,19.03,480.0,0.212,117.0,24.38,47.0,9.79,0.702,0.194,32.44,16.53,12.85,29.38,32.69,19.28,152.0,0.23,42.0,27.63,12.0,7.89,0.622,0.101,25.81,13.02,17.9,30.92,33.82,23.73,430.0,0.241,112.0,26.05,20.0,4.65,0.685,0.1679999999999999,25.89,12.76,19.08,31.85,34.88,20.86
745570,2024-06-05,2024,656555,R,605400,R,strikeout,True,False,145.0,0.262,33.0,22.76,16.0,11.03,0.875,0.254,23.72,9.19,21.13,30.32,21.23,15.71,,,,,,,,,,,,,,,152.0,0.23,42.0,27.63,12.0,7.89,0.622,0.101,25.81,13.02,17.9,30.92,33.82,23.73,430.0,0.241,112.0,26.05,20.0,4.65,0.685,0.1679999999999999,25.89,12.76,19.08,31.85,34.88,20.86
745570,2024-06-05,2024,686217,L,605400,R,strikeout,True,False,188.0,0.248,37.0,19.68,20.0,10.64,0.655,0.067,15.71,6.17,22.72,28.89,26.36,17.96,180.0,0.261,30.0,16.67,23.0,12.78,0.722,0.1049999999999999,15.26,6.63,20.31,26.94,29.52,13.18,155.0,0.179,29.0,18.71,10.0,6.45,0.611,0.2,20.48,9.84,15.9,25.74,29.68,14.8,365.0,0.24,90.0,24.66,25.0,6.85,0.735,0.204,26.03,12.77,16.47,29.24,34.56,20.93
745570,2024-06-05,2024,624641,R,676879,L,field_out,False,False,47.0,0.341,9.0,19.15,5.0,10.64,1.182,0.415,30.3,16.04,12.83,28.88,36.54,17.65,124.0,0.267,33.0,26.61,3.0,2.42,0.792,0.2159999999999999,27.7,16.7,13.23,29.93,44.69,21.29,20.0,0.235,2.0,10.0,2.0,10.0,0.61,0.059,23.81,12.82,12.82,25.64,25.71,7.69,,,,,,,,,,,,,,
745570,2024-06-05,2024,593160,R,676879,L,field_out,False,False,53.0,0.2,4.0,7.55,2.0,3.77,0.591,0.15999999999999998,18.18,9.52,16.4,25.93,27.06,6.78,147.0,0.259,21.0,14.29,9.0,6.12,0.692,0.134,17.44,9.06,13.12,22.18,31.02,14.19,20.0,0.235,2.0,10.0,2.0,10.0,0.61,0.059,23.81,12.82,12.82,25.64,25.71,7.69,,,,,,,,,,,,,,
745570,2024-06-05,2024,596117,L,676879,L,walk,False,True,21.0,0.15,6.0,28.57,1.0,4.76,0.33999999999999997,0.0,19.44,8.86,21.52,30.38,21.21,19.35,31.0,0.241,7.0,22.58,2.0,6.45,0.5660000000000001,0.035,18.03,8.59,17.97,26.56,28.57,16.67,2.0,1.0,0.0,0.0,0.0,0.0,4.0,2.0,0.0,0.0,0.0,0.0,33.33,,,,,,,,,,,,,,,
745570,2024-06-05,2024,665506,R,676879,L,strikeout,True,False,41.0,0.206,14.0,34.15,7.0,17.07,0.635,0.088,32.88,14.04,15.2,29.24,20.22,28.57,57.0,0.314,13.0,22.81,5.0,8.77,0.924,0.235,32.38,15.45,14.09,29.55,25.93,19.4,20.0,0.235,2.0,10.0,2.0,10.0,0.61,0.059,23.81,12.82,12.82,25.64,25.71,7.69,,,,,,,,,,,,,,
745570,2024-06-05,2024,687401,R,605400,R,single,False,False,126.0,0.318,15.0,11.9,16.0,12.7,0.9560000000000001,0.23300000000000004,14.8,5.78,21.91,27.69,22.45,10.34,13.0,0.077,3.0,23.08,0.0,0.0,0.2309999999999999,0.077,15.79,8.11,21.62,29.73,26.67,33.33,152.0,0.23,42.0,27.63,12.0,7.89,0.622,0.101,25.81,13.02,17.9,30.92,33.82,23.73,430.0,0.241,112.0,26.05,20.0,4.65,0.685,0.1679999999999999,25.89,12.76,19.08,31.85,34.88,20.86
745570,2024-06-05,2024,596142,R,605400,R,field_out,False,False,89.0,0.215,23.0,25.84,6.0,6.74,0.6719999999999999,0.165,31.69,12.93,24.14,37.07,31.58,22.12,189.0,0.194,49.0,25.93,17.0,8.99,0.688,0.212,28.71,11.9,21.7,33.59,27.27,21.43,152.0,0.23,42.0,27.63,12.0,7.89,0.622,0.101,25.81,13.02,17.9,30.92,33.82,23.73,430.0,0.241,112.0,26.05,20.0,4.65,0.685,0.1679999999999999,25.89,12.76,19.08,31.85,34.88,20.86
745570,2024-06-05,2024,663368,L,605400,R,field_out,False,False,146.0,0.269,41.0,28.08,12.0,8.22,0.734,0.123,31.14,12.7,21.11,33.81,24.22,28.47,110.0,0.231,33.0,30.0,17.0,15.45,0.715,0.1319999999999999,24.04,9.0,23.31,32.31,18.26,20.5,155.0,0.179,29.0,18.71,10.0,6.45,0.611,0.2,20.48,9.84,15.9,25.74,29.68,14.8,365.0,0.24,90.0,24.66,25.0,6.85,0.735,0.204,26.03,12.77,16.47,29.24,34.56,20.93
745570,2024-06-05,2024,668930,L,605400,R,field_out,False,False,189.0,0.305,30.0,15.87,16.0,8.47,0.7909999999999999,0.12,12.87,6.04,18.38,24.42,25.53,14.85,376.0,0.224,82.0,21.81,30.0,7.98,0.608,0.097,22.03,10.83,16.08,26.9,28.59,16.14,155.0,0.179,29.0,18.71,10.0,6.45,0.611,0.2,20.48,9.84,15.9,25.74,29.68,14.8,365.0,0.24,90.0,24.66,25.0,6.85,0.735,0.204,26.03,12.77,16.47,29.24,34.56,20.93
745570,2024-06-05,2024,656941,L,676879,L,field_out,False,False,110.0,0.315,31.0,28.18,18.0,16.36,0.9159999999999999,0.174,35.33,13.29,21.62,34.91,19.53,26.72,253.0,0.188,87.0,34.39,41.0,16.21,0.758,0.242,32.04,11.82,21.04,32.86,21.61,24.51,2.0,1.0,0.0,0.0,0.0,0.0,4.0,2.0,0.0,0.0,0.0,0.0,33.33,,,,,,,,,,,,,,,
745570,2024-06-05,2024,592206,R,676879,L,field_out,False,False,72.0,0.235,20.0,27.78,4.0,5.56,0.704,0.191,34.87,19.27,11.27,30.55,38.46,25.0,188.0,0.324,45.0,23.94,11.0,5.85,0.93,0.237,31.05,17.91,10.17,28.07,42.3,21.63,20.0,0.235,2.0,10.0,2.0,10.0,0.61,0.059,23.81,12.82,12.82,25.64,25.71,7.69,,,,,,,,,,,,,,
745570,2024-06-05,2024,547180,L,676879,L,walk,False,True,98.0,0.274,27.0,27.55,13.0,13.27,0.843,0.20199999999999996,32.83,16.71,10.8,27.51,33.49,24.77,171.0,0.289,39.0,22.81,20.0,11.7,0.884,0.221,38.61,20.03,9.85,29.89,35.59,22.41,2.0,1.0,0.0,0.0,0.0,0.0,4.0,2.0,0.0,0.0,0.0,0.0,33.33,,,,,,,,,,,,,,,
745570,2024-06-05,2024,664761,R,676879,L,force_out,False,False,83.0,0.273,10.0,12.05,6.0,7.23,0.767,0.16899999999999998,12.06,5.84,14.43,20.27,24.31,12.82,167.0,0.303,26.0,15.57,8.0,4.79,0.929,0.291,20.3,10.86,12.97,23.82,35.24,14.21,20.0,0.235,2.0,10.0,2.0,10.0,0.61,0.059,23.81,12.82,12.82,25.64,25.71,7.69,,,,,,,,,,,,,,
745570,2024-06-05,2024,661388,R,605400,R,field_out,False,False,214.0,0.312,38.0,17.76,23.0,10.75,0.896,0.191,29.95,13.91,13.91,27.83,23.35,16.59,434.0,0.262,94.0,21.66,42.0,9.68,0.72,0.119,27.61,11.63,19.55,31.17,24.86,18.08,152.0,0.23,42.0,27.63,12.0,7.89,0.622,0.101,25.81,13.02,17.9,30.92,33.82,23.73,430.0,0.241,112.0,26.05,20.0,4.65,0.685,0.1679999999999999,25.89,12.76,19.08,31.85,34.88,20.86
745570,2024-06-05,2024,592885,L,605400,R,field_out,False,False,105.0,0.297,22.0,20.95,13.0,12.38,0.869,0.187,22.99,10.41,14.29,24.7,24.19,16.92,473.0,0.294,103.0,21.78,64.0,13.53,0.882,0.195,26.99,11.53,15.4,26.93,23.89,19.07,155.0,0.179,29.0,18.71,10.0,6.45,0.611,0.2,20.48,9.84,15.9,25.74,29.68,14.8,365.0,0.24,90.0,24.66,25.0,6.85,0.735,0.204,26.03,12.77,16.47,29.24,34.56,20.93
745570,2024-06-05,2024,642715,R,605400,R,field_out,False,False,211.0,0.266,47.0,22.27,21.0,9.95,0.806,0.197,30.61,14.48,15.32,29.79,26.51,19.03,480.0,0.212,117.0,24.38,47.0,9.79,0.702,0.194,32.44,16.53,12.85,29.38,32.69,19.28,152.0,0.23,42.0,27.63,12.0,7.89,0.622,0.101,25.81,13.02,17.9,30.92,33.82,23.73,430.0,0.241,112.0,26.05,20.0,4.65,0.685,0.1679999999999999,25.89,12.76,19.08,31.85,34.88,20.86
745570,2024-06-05,2024,681082,L,676879,L,field_out,False,False,61.0,0.25,10.0,16.39,8.0,13.11,0.688,0.07700000000000001,17.05,6.28,23.85,30.13,16.07,15.87,167.0,0.282,24.0,14.37,13.0,7.78,0.73,0.101,17.59,7.8,22.11,29.91,32.56,10.39,2.0,1.0,0.0,0.0,0.0,0.0,4.0,2.0,0.0,0.0,0.0,0.0,33.33,,,,,,,,,,,,,,,
745570,2024-06-05,2024,624641,R,676879,L,field_out,False,False,47.0,0.341,9.0,19.15,5.0,10.64,1.182,0.415,30.3,16.04,12.83,28.88,36.54,17.65,124.0,0.267,33.0,26.61,3.0,2.42,0.792,0.2159999999999999,27.7,16.7,13.23,29.93,44.69,21.29,20.0,0.235,2.0,10.0,2.0,10.0,0.61,0.059,23.81,12.82,12.82,25.64,25.71,7.69,,,,,,,,,,,,,,
745570,2024-06-05,2024,593160,R,676879,L,field_out,False,False,53.0,0.2,4.0,7.55,2.0,3.77,0.591,0.15999999999999998,18.18,9.52,16.4,25.93,27.06,6.78,147.0,0.259,21.0,14.29,9.0,6.12,0.692,0.134,17.44,9.06,13.12,22.18,31.02,14.19,20.0,0.235,2.0,10.0,2.0,10.0,0.61,0.059,23.81,12.82,12.82,25.64,25.71,7.69,,,,,,,,,,,,,,
745570,2024-06-05,2024,656555,R,605400,R,field_out,False,False,145.0,0.262,33.0,22.76,16.0,11.03,0.875,0.254,23.72,9.19,21.13,30.32,21.23,15.71,,,,,,,,,,,,,,,152.0,0.23,42.0,27.63,12.0,7.89,0.622,0.101,25.81,13.02,17.9,30.92,33.82,23.73,430.0,0.241,112.0,26.05,20.0,4.65,0.685,0.1679999999999999,25.89,12.76,19.08,31.85,34.88,20.86
745570,2024-06-05,2024,686217,L,605400,R,field_out,False,False,188.0,0.248,37.0,19.68,20.0,10.64,0.655,0.067,15.71,6.17,22.72,28.89,26.36,17.96,180.0,0.261,30.0,16.67,23.0,12.78,0.722,0.1049999999999999,15.26,6.63,20.31,26.94,29.52,13.18,155.0,0.179,29.0,18.71,10.0,6.45,0.611,0.2,20.48,9.84,15.9,25.74,29.68,14.8,365.0,0.24,90.0,24.66,25.0,6.85,0.735,0.204,26.03,12.77,16.47,29.24,34.56,20.93
745570,2024-06-05,2024,687401,R,605400,R,field_out,False,False,126.0,0.318,15.0,11.9,16.0,12.7,0.9560000000000001,0.23300000000000004,14.8,5.78,21.91,27.69,22.45,10.34,13.0,0.077,3.0,23.08,0.0,0.0,0.2309999999999999,0.077,15.79,8.11,21.62,29.73,26.67,33.33,152.0,0.23,42.0,27.63,12.0,7.89,0.622,0.101,25.81,13.02,17.9,30.92,33.82,23.73,430.0,0.241,112.0,26.05,20.0,4.65,0.685,0.1679999999999999,25.89,12.76,19.08,31.85,34.88,20.86
745570,2024-06-05,2024,596117,L,676879,L,walk,False,True,21.0,0.15,6.0,28.57,1.0,4.76,0.33999999999999997,0.0,19.44,8.86,21.52,30.38,21.21,19.35,31.0,0.241,7.0,22.58,2.0,6.45,0.5660000000000001,0.035,18.03,8.59,17.97,26.56,28.57,16.67,2.0,1.0,0.0,0.0,0.0,0.0,4.0,2.0,0.0,0.0,0.0,0.0,33.33,,,,,,,,,,,,,,,
745570,2024-06-05,2024,665506,R,676879,L,walk,False,True,41.0,0.206,14.0,34.15,7.0,17.07,0.635,0.088,32.88,14.04,15.2,29.24,20.22,28.57,57.0,0.314,13.0,22.81,5.0,8.77,0.924,0.235,32.38,15.45,14.09,29.55,25.93,19.4,20.0,0.235,2.0,10.0,2.0,10.0,0.61,0.059,23.81,12.82,12.82,25.64,25.71,7.69,,,,,,,,,,,,,,
745570,2024-06-05,2024,656941,L,676879,L,grounded_into_double_play,False,False,110.0,0.315,31.0,28.18,18.0,16.36,0.9159999999999999,0.174,35.33,13.29,21.62,34.91,19.53,26.72,253.0,0.188,87.0,34.39,41.0,16.21,0.758,0.242,32.04,11.82,21.04,32.86,21.61,24.51,2.0,1.0,0.0,0.0,0.0,0.0,4.0,2.0,0.0,0.0,0.0,0.0,33.33,,,,,,,,,,,,,,,
745570,2024-06-05,2024,592206,R,676879,L,home_run,False,False,72.0,0.235,20.0,27.78,4.0,5.56,0.704,0.191,34.87,19.27,11.27,30.55,38.46,25.0,188.0,0.324,45.0,23.94,11.0,5.85,0.93,0.237,31.05,17.91,10.17,28.07,42.3,21.63,20.0,0.235,2.0,10.0,2.0,10.0,0.61,0.059,23.81,12.82,12.82,25.64,25.71,7.69,,,,,,,,,,,,,,
745570,2024-06-05,2024,547180,L,676879,L,strikeout,True,False,98.0,0.274,27.0,27.55,13.0,13.27,0.843,0.20199999999999996,32.83,16.71,10.8,27.51,33.49,24.77,171.0,0.289,39.0,22.81,20.0,11.7,0.884,0.221,38.61,20.03,9.85,29.89,35.59,22.41,2.0,1.0,0.0,0.0,0.0,0.0,4.0,2.0,0.0,0.0,0.0,0.0,33.33,,,,,,,,,,,,,,,
745570,2024-06-05,2024,596142,R,605400,R,strikeout,True,False,89.0,0.215,23.0,25.84,6.0,6.74,0.6719999999999999,0.165,31.69,12.93,24.14,37.07,31.58,22.12,189.0,0.194,49.0,25.93,17.0,8.99,0.688,0.212,28.71,11.9,21.7,33.59,27.27,21.43,152.0,0.23,42.0,27.63,12.0,7.89,0.622,0.101,25.81,13.02,17.9,30.92,33.82,23.73,430.0,0.241,112.0,26.05,20.0,4.65,0.685,0.1679999999999999,25.89,12.76,19.08,31.85,34.88,20.86
745570,2024-06-05,2024,663368,L,605400,R,field_out,False,False,146.0,0.269,41.0,28.08,12.0,8.22,0.734,0.123,31.14,12.7,21.11,33.81,24.22,28.47,110.0,0.231,33.0,30.0,17.0,15.45,0.715,0.1319999999999999,24.04,9.0,23.31,32.31,18.26,20.5,155.0,0.179,29.0,18.71,10.0,6.45,0.611,0.2,20.48,9.84,15.9,25.74,29.68,14.8,365.0,0.24,90.0,24.66,25.0,6.85,0.735,0.204,26.03,12.77,16.47,29.24,34.56,20.93
745570,2024-06-05,2024,668930,L,605400,R,field_out,False,False,189.0,0.305,30.0,15.87,16.0,8.47,0.7909999999999999,0.12,12.87,6.04,18.38,24.42,25.53,14.85,376.0,0.224,82.0,21.81,30.0,7.98,0.608,0.097,22.03,10.83,16.08,26.9,28.59,16.14,155.0,0.179,29.0,18.71,10.0,6.45,0.611,0.2,20.48,9.84,15.9,25.74,29.68,14.8,365.0,0.24,90.0,24.66,25.0,6.85,0.735,0.204,26.03,12.77,16.47,29.24,34.56,20.93
745570,2024-06-05,2024,664761,R,660600,R,field_out,False,False,174.0,0.308,25.0,14.37,12.0,6.9,0.862,0.192,17.99,8.58,15.02,23.6,25.18,16.33,445.0,0.263,68.0,15.28,34.0,7.64,0.7010000000000001,0.1139999999999999,17.17,8.27,16.06,24.33,28.14,13.48,11.0,0.0,3.0,27.27,0.0,0.0,0.091,0.0,15.0,7.89,23.68,31.58,47.06,27.27,,,,,,,,,,,,,,
745570,2024-06-05,2024,681082,L,660600,R,single,False,False,162.0,0.237,21.0,12.96,20.0,12.35,0.726,0.15600000000000003,16.43,6.98,21.84,28.83,27.13,10.88,474.0,0.28,76.0,16.03,26.0,5.49,0.753,0.1509999999999999,14.49,6.52,22.08,28.6,28.42,11.93,10.0,0.1,4.0,40.0,0.0,0.0,0.30000000000000004,0.1,35.71,16.13,22.58,38.71,15.38,50.0,,,,,,,,,,,,,,
745570,2024-06-05,2024,624641,R,660600,R,field_out,False,False,63.0,0.276,20.0,31.75,2.0,3.17,0.737,0.13799999999999996,38.51,22.01,10.04,32.05,45.03,22.22,176.0,0.239,41.0,23.3,5.0,2.84,0.669,0.148,29.23,17.12,12.31,29.43,41.96,19.16,11.0,0.0,3.0,27.27,0.0,0.0,0.091,0.0,15.0,7.89,23.68,31.58,47.06,27.27,,,,,,,,,,,,,,
745570,2024-06-05,2024,593160,R,660600,R,field_out,False,False,62.0,0.154,7.0,11.29,9.0,14.52,0.47100000000000003,0.038000000000000006,15.6,7.11,15.9,23.01,27.69,11.67,446.0,0.277,80.0,17.94,27.0,6.05,0.7030000000000001,0.1019999999999999,20.17,10.18,16.71,26.89,32.97,15.33,11.0,0.0,3.0,27.27,0.0,0.0,0.091,0.0,15.0,7.89,23.68,31.58,47.06,27.27,,,,,,,,,,,,,,
745570,2024-06-05,2024,661388,R,605400,R,double,False,False,214.0,0.312,38.0,17.76,23.0,10.75,0.896,0.191,29.95,13.91,13.91,27.83,23.35,16.59,434.0,0.262,94.0,21.66,42.0,9.68,0.72,0.119,27.61,11.63,19.55,31.17,24.86,18.08,152.0,0.23,42.0,27.63,12.0,7.89,0.622,0.101,25.81,13.02,17.9,30.92,33.82,23.73,430.0,0.241,112.0,26.05,20.0,4.65,0.685,0.1679999999999999,25.89,12.76,19.08,31.85,34.88,20.86
745570,2024-06-05,2024,592885,L,605400,R,field_out,False,False,105.0,0.297,22.0,20.95,13.0,12.38,0.869,0.187,22.99,10.41,14.29,24.7,24.19,16.92,473.0,0.294,103.0,21.78,64.0,13.53,0.882,0.195,26.99,11.53,15.4,26.93,23.89,19.07,155.0,0.179,29.0,18.71,10.0,6.45,0.611,0.2,20.48,9.84,15.9,25.74,29.68,14.8,365.0,0.24,90.0,24.66,25.0,6.85,0.735,0.204,26.03,12.77,16.47,29.24,34.56,20.93
745570,2024-06-05,2024,642715,R,605400,R,fielders_choice_out,False,False,211.0,0.266,47.0,22.27,21.0,9.95,0.806,0.197,30.61,14.48,15.32,29.79,26.51,19.03,480.0,0.212,117.0,24.38,47.0,9.79,0.702,0.194,32.44,16.53,12.85,29.38,32.69,19.28,152.0,0.23,42.0,27.63,12.0,7.89,0.622,0.101,25.81,13.02,17.9,30.92,33.82,23.73,430.0,0.241,112.0,26.05,20.0,4.65,0.685,0.1679999999999999,25.89,12.76,19.08,31.85,34.88,20.86
745570,2024-06-05,2024,656555,R,605400,R,field_out,False,False,145.0,0.262,33.0,22.76,16.0,11.03,0.875,0.254,23.72,9.19,21.13,30.32,21.23,15.71,,,,,,,,,,,,,,,152.0,0.23,42.0,27.63,12.0,7.89,0.622,0.101,25.81,13.02,17.9,30.92,33.82,23.73,430.0,0.241,112.0,26.05,20.0,4.65,0.685,0.1679999999999999,25.89,12.76,19.08,31.85,34.88,20.86
745570,2024-06-05,2024,596117,L,571948,L,field_out,False,False,21.0,0.15,6.0,28.57,1.0,4.76,0.33999999999999997,0.0,19.44,8.86,21.52,30.38,21.21,19.35,31.0,0.241,7.0,22.58,2.0,6.45,0.5660000000000001,0.035,18.03,8.59,17.97,26.56,28.57,16.67,54.0,0.26,13.0,24.07,1.0,1.85,0.669,0.14,14.61,6.34,20.98,27.32,31.13,21.31,121.0,0.155,27.0,22.31,8.0,6.61,0.45,0.072,20.1,8.44,23.05,31.48,32.82,16.77
745570,2024-06-05,2024,665506,R,571948,L,field_out,False,False,41.0,0.206,14.0,34.15,7.0,17.07,0.635,0.088,32.88,14.04,15.2,29.24,20.22,28.57,57.0,0.314,13.0,22.81,5.0,8.77,0.924,0.235,32.38,15.45,14.09,29.55,25.93,19.4,68.0,0.193,17.0,25.0,7.0,10.29,0.554,0.08800000000000002,19.42,7.43,22.68,30.11,17.74,19.54,131.0,0.256,32.0,24.43,5.0,3.82,0.6819999999999999,0.144,21.12,9.06,21.44,30.5,26.81,18.82
745570,2024-06-05,2024,656941,L,571948,L,field_out,False,False,110.0,0.315,31.0,28.18,18.0,16.36,0.9159999999999999,0.174,35.33,13.29,21.62,34.91,19.53,26.72,253.0,0.188,87.0,34.39,41.0,16.21,0.758,0.242,32.04,11.82,21.04,32.86,21.61,24.51,54.0,0.26,13.0,24.07,1.0,1.85,0.669,0.14,14.61,6.34,20.98,27.32,31.13,21.31,121.0,0.155,27.0,22.31,8.0,6.61,0.45,0.072,20.1,8.44,23.05,31.48,32.82,16.77
745570,2024-06-05,2024,686217,L,656546,R,field_out,False,False,188.0,0.248,37.0,19.68,20.0,10.64,0.655,0.067,15.71,6.17,22.72,28.89,26.36,17.96,180.0,0.261,30.0,16.67,23.0,12.78,0.722,0.1049999999999999,15.26,6.63,20.31,26.94,29.52,13.18,42.0,0.225,14.0,33.33,2.0,4.76,0.687,0.19999999999999998,31.76,17.65,13.73,31.37,42.03,30.43,80.0,0.221,26.0,32.5,9.0,11.25,0.63,0.088,34.86,17.48,12.61,30.09,33.51,21.31
745570,2024-06-05,2024,687401,R,656546,R,walk,False,True,126.0,0.318,15.0,11.9,16.0,12.7,0.9560000000000001,0.23300000000000004,14.8,5.78,21.91,27.69,22.45,10.34,13.0,0.077,3.0,23.08,0.0,0.0,0.2309999999999999,0.077,15.79,8.11,21.62,29.73,26.67,33.33,64.0,0.175,20.0,31.25,5.0,7.81,0.431,0.018000000000000016,36.8,18.4,14.8,33.2,30.65,25.0,129.0,0.122,43.0,33.33,10.0,7.75,0.423,0.104,34.44,17.65,14.42,32.07,34.34,24.57
745570,2024-06-05,2024,596142,R,656546,R,field_out,False,False,89.0,0.215,23.0,25.84,6.0,6.74,0.6719999999999999,0.165,31.69,12.93,24.14,37.07,31.58,22.12,189.0,0.194,49.0,25.93,17.0,8.99,0.688,0.212,28.71,11.9,21.7,33.59,27.27,21.43,64.0,0.175,20.0,31.25,5.0,7.81,0.431,0.018000000000000016,36.8,18.4,14.8,33.2,30.65,25.0,129.0,0.122,43.0,33.33,10.0,7.75,0.423,0.104,34.44,17.65,14.42,32.07,34.34,24.57
745570,2024-06-05,2024,663368,L,656546,R,strikeout,True,False,146.0,0.269,41.0,28.08,12.0,8.22,0.734,0.123,31.14,12.7,21.11,33.81,24.22,28.47,110.0,0.231,33.0,30.0,17.0,15.45,0.715,0.1319999999999999,24.04,9.0,23.31,32.31,18.26,20.5,42.0,0.225,14.0,33.33,2.0,4.76,0.687,0.19999999999999998,31.76,17.65,13.73,31.37,42.03,30.43,80.0,0.221,26.0,32.5,9.0,11.25,0.63,0.088,34.86,17.48,12.61,30.09,33.51,21.31
745570,2024-06-05,2024,592206,R,606303,R,field_out,False,False,184.0,0.205,35.0,19.02,15.0,8.15,0.5840000000000001,0.10200000000000001,32.25,18.59,10.16,28.75,38.18,17.95,485.0,0.252,140.0,28.87,25.0,5.15,0.733,0.192,37.06,20.57,11.78,32.36,40.41,25.27,45.0,0.244,8.0,17.78,2.0,4.44,0.661,0.122,21.69,10.47,17.44,27.91,30.0,16.0,172.0,0.214,44.0,25.58,12.0,6.98,0.587,0.091,27.46,11.27,19.65,30.92,25.96,22.05
745570,2024-06-05,2024,547180,L,606303,R,field_out,False,False,152.0,0.268,30.0,19.74,24.0,15.79,0.925,0.275,29.86,14.53,9.46,23.99,33.23,19.35,375.0,0.295,80.0,21.33,60.0,16.0,0.907,0.199,31.39,15.65,8.66,24.31,32.27,20.0,43.0,0.2,9.0,20.93,3.0,6.98,0.631,0.175,25.3,12.57,16.17,28.74,30.38,18.0,116.0,0.226,33.0,28.45,5.0,4.31,0.668,0.17,26.21,12.44,17.97,30.41,25.0,26.19
745570,2024-06-05,2024,664761,R,606303,R,strikeout,True,False,174.0,0.308,25.0,14.37,12.0,6.9,0.862,0.192,17.99,8.58,15.02,23.6,25.18,16.33,445.0,0.263,68.0,15.28,34.0,7.64,0.7010000000000001,0.1139999999999999,17.17,8.27,16.06,24.33,28.14,13.48,45.0,0.244,8.0,17.78,2.0,4.44,0.661,0.122,21.69,10.47,17.44,27.91,30.0,16.0,172.0,0.214,44.0,25.58,12.0,6.98,0.587,0.091,27.46,11.27,19.65,30.92,25.96,22.05
745570,2024-06-05,2024,655316,R,621237,L,strikeout,True,False,22.0,0.158,5.0,22.73,3.0,13.64,0.589,0.158,21.05,7.55,25.47,33.02,18.64,11.63,93.0,0.291,19.0,20.43,12.0,12.9,0.779,0.101,20.0,8.4,19.75,28.15,26.29,15.32,73.0,0.231,20.0,27.4,7.0,9.59,0.639,0.10700000000000001,25.33,12.1,14.65,26.75,30.36,18.69,126.0,0.187,51.0,40.48,18.0,14.29,0.612,0.121,38.81,19.34,13.24,32.58,30.61,23.83
745570,2024-06-05,2024,661388,R,621237,L,single,False,False,62.0,0.304,17.0,27.42,4.0,6.45,0.732,0.08900000000000002,29.23,14.5,13.74,28.24,30.94,21.25,177.0,0.357,32.0,18.08,21.0,11.86,1.087,0.292,28.8,12.96,16.38,29.34,24.36,16.24,73.0,0.231,20.0,27.4,7.0,9.59,0.639,0.10700000000000001,25.33,12.1,14.65,26.75,30.36,18.69,126.0,0.187,51.0,40.48,18.0,14.29,0.612,0.121,38.81,19.34,13.24,32.58,30.61,23.83
745570,2024-06-05,2024,592885,L,621237,L,strikeout,True,False,46.0,0.366,9.0,19.57,5.0,10.87,1.069,0.268,21.62,9.09,15.91,25.0,23.71,21.43,159.0,0.234,37.0,23.27,14.0,8.81,0.633,0.097,26.17,13.04,15.53,28.57,28.16,18.32,31.0,0.071,6.0,19.35,3.0,9.68,0.268,0.036000000000000004,25.0,13.21,19.81,33.02,40.91,18.75,47.0,0.217,13.0,27.66,0.0,0.0,0.521,0.087,14.81,7.02,22.81,29.82,36.84,27.66
745570,2024-06-05,2024,642715,R,621237,L,strikeout,True,False,58.0,0.2,12.0,20.69,7.0,12.07,0.633,0.14,28.42,12.62,14.95,27.57,23.28,22.22,160.0,0.231,48.0,30.0,24.0,15.0,0.762,0.1789999999999999,26.61,12.38,15.79,28.17,29.47,20.17,73.0,0.231,20.0,27.4,7.0,9.59,0.639,0.10700000000000001,25.33,12.1,14.65,26.75,30.36,18.69,126.0,0.187,51.0,40.48,18.0,14.29,0.612,0.121,38.81,19.34,13.24,32.58,30.61,23.83
744852,2024-06-05,2024,596019,R,571578,L,field_out,False,False,60.0,0.283,4.0,6.67,4.0,6.67,0.858,0.20800000000000002,14.15,6.49,16.88,23.38,22.88,7.41,204.0,0.281,35.0,17.16,15.0,7.35,0.916,0.2919999999999999,20.49,9.45,15.99,25.44,24.88,16.36,231.0,0.312,30.0,12.99,17.0,7.36,0.895,0.22200000000000003,20.7,10.34,13.57,23.91,28.01,14.93,650.0,0.301,100.0,15.38,47.0,7.23,0.851,0.2,20.83,9.45,15.49,24.94,26.53,15.87
744852,2024-06-05,2024,624413,R,571578,L,walk,False,True,64.0,0.211,14.0,21.88,5.0,7.81,0.788,0.28,21.6,10.51,14.79,25.29,28.57,16.67,183.0,0.224,42.0,22.95,21.0,11.48,0.859,0.302,25.52,11.15,17.51,28.66,27.34,16.87,231.0,0.312,30.0,12.99,17.0,7.36,0.895,0.22200000000000003,20.7,10.34,13.57,23.91,28.01,14.93,650.0,0.301,100.0,15.38,47.0,7.23,0.851,0.2,20.83,9.45,15.49,24.94,26.53,15.87
744852,2024-06-05,2024,607043,L,571578,L,grounded_into_double_play,False,False,65.0,0.241,12.0,18.46,2.0,3.08,0.754,0.19,27.88,12.39,20.09,32.48,30.83,19.35,236.0,0.286,48.0,20.34,14.0,5.93,0.749,0.118,24.0,10.48,21.38,31.86,21.45,15.14,69.0,0.339,11.0,15.94,9.0,13.04,0.9279999999999999,0.16899999999999998,18.92,7.98,17.49,25.48,23.36,16.42,141.0,0.254,24.0,17.02,10.0,7.09,0.706,0.135,23.55,10.9,17.21,28.11,30.04,16.44
744852,2024-06-05,2024,682928,L,622663,R,strikeout,True,False,172.0,0.208,35.0,20.35,12.0,6.98,0.667,0.18800000000000003,24.44,13.35,12.44,25.8,40.76,16.28,446.0,0.274,78.0,17.49,24.0,5.38,0.786,0.19,21.76,11.82,12.69,24.5,35.86,16.63,124.0,0.241,22.0,17.74,11.0,8.87,0.666,0.09200000000000003,20.23,10.59,12.63,23.22,23.85,14.29,203.0,0.333,34.0,16.75,17.0,8.37,1.005,0.2789999999999999,18.23,9.28,14.43,23.71,28.29,13.71
744852,2024-06-05,2024,657041,R,622663,R,field_out,False,False,94.0,0.174,24.0,25.53,6.0,6.38,0.502,0.10500000000000004,23.9,10.24,20.75,31.0,22.4,21.82,490.0,0.242,143.0,29.18,23.0,4.69,0.719,0.185,26.09,11.34,20.58,31.92,28.6,24.48,146.0,0.172,32.0,21.92,16.0,10.96,0.537,0.10100000000000003,22.85,10.85,17.62,28.47,31.49,18.93,215.0,0.271,45.0,20.93,17.0,7.91,0.841,0.2289999999999999,23.04,11.89,15.13,27.02,29.81,15.52
744852,2024-06-05,2024,671277,L,622663,R,field_out,False,False,156.0,0.284,26.0,16.67,8.0,5.13,0.767,0.16200000000000003,22.5,11.45,15.27,26.73,34.97,17.93,355.0,0.268,44.0,12.39,23.0,6.48,0.6950000000000001,0.1129999999999999,17.54,8.86,13.52,22.38,31.84,12.54,124.0,0.241,22.0,17.74,11.0,8.87,0.666,0.09200000000000003,20.23,10.59,12.63,23.22,23.85,14.29,203.0,0.333,34.0,16.75,17.0,8.37,1.005,0.2789999999999999,18.23,9.28,14.43,23.71,28.29,13.71
744852,2024-06-05,2024,502110,R,571578,L,field_out,False,False,40.0,0.343,8.0,20.0,5.0,12.5,0.996,0.22799999999999992,19.32,9.44,10.0,19.44,29.41,12.9,137.0,0.274,43.0,31.39,13.0,9.49,0.924,0.3069999999999999,30.91,15.57,13.74,29.3,29.27,23.5,231.0,0.312,30.0,12.99,17.0,7.36,0.895,0.22200000000000003,20.7,10.34,13.57,23.91,28.01,14.93,650.0,0.301,100.0,15.38,47.0,7.23,0.851,0.2,20.83,9.45,15.49,24.94,26.53,15.87
744852,2024-06-05,2024,668901,R,571578,L,field_out,False,False,34.0,0.433,5.0,14.71,4.0,11.76,1.367,0.434,26.56,14.29,10.92,25.21,32.39,17.86,88.0,0.214,30.0,34.09,2.0,2.27,0.584,0.1309999999999999,40.66,21.26,14.94,36.21,36.02,26.79,231.0,0.312,30.0,12.99,17.0,7.36,0.895,0.22200000000000003,20.7,10.34,13.57,23.91,28.01,14.93,650.0,0.301,100.0,15.38,47.0,7.23,0.851,0.2,20.83,9.45,15.49,24.94,26.53,15.87
744852,2024-06-05,2024,621438,R,571578,L,strikeout,True,False,43.0,0.186,10.0,23.26,0.0,0.0,0.395,0.022999999999999993,26.32,13.33,18.0,31.33,35.06,27.78,81.0,0.241,18.0,22.22,2.0,2.47,0.7270000000000001,0.227,24.34,12.94,16.43,29.37,33.06,22.22,231.0,0.312,30.0,12.99,17.0,7.36,0.895,0.22200000000000003,20.7,10.34,13.57,23.91,28.01,14.93,650.0,0.301,100.0,15.38,47.0,7.23,0.851,0.2,20.83,9.45,15.49,24.94,26.53,15.87
744852,2024-06-05,2024,592696,L,622663,R,field_out,False,False,153.0,0.182,40.0,26.14,10.0,6.54,0.62,0.203,29.22,14.9,14.9,29.8,35.08,21.39,449.0,0.258,104.0,23.16,29.0,6.46,0.762,0.199,29.98,17.01,12.43,29.45,43.87,20.59,124.0,0.241,22.0,17.74,11.0,8.87,0.666,0.09200000000000003,20.23,10.59,12.63,23.22,23.85,14.29,203.0,0.333,34.0,16.75,17.0,8.37,1.005,0.2789999999999999,18.23,9.28,14.43,23.71,28.29,13.71
744852,2024-06-05,2024,660688,L,622663,R,field_out,False,False,114.0,0.215,18.0,15.79,3.0,2.63,0.562,0.093,14.29,7.14,18.11,25.26,33.85,17.65,403.0,0.249,48.0,11.91,25.0,6.2,0.712,0.1629999999999999,14.96,7.67,15.92,23.59,36.49,14.77,124.0,0.241,22.0,17.74,11.0,8.87,0.666,0.09200000000000003,20.23,10.59,12.63,23.22,23.85,14.29,203.0,0.333,34.0,16.75,17.0,8.37,1.005,0.2789999999999999,18.23,9.28,14.43,23.71,28.29,13.71
744852,2024-06-05,2024,608385,L,622663,R,strikeout,True,False,158.0,0.265,33.0,20.89,20.0,12.66,0.804,0.15899999999999997,23.45,10.09,16.62,26.71,19.55,14.73,184.0,0.2,46.0,25.0,24.0,13.04,0.5660000000000001,0.0449999999999999,25.91,11.04,17.01,28.05,20.4,17.9,124.0,0.241,22.0,17.74,11.0,8.87,0.666,0.09200000000000003,20.23,10.59,12.63,23.22,23.85,14.29,203.0,0.333,34.0,16.75,17.0,8.37,1.005,0.2789999999999999,18.23,9.28,14.43,23.71,28.29,13.71
744852,2024-06-05,2024,664056,R,571578,L,field_out,False,False,64.0,0.241,11.0,17.19,5.0,7.81,0.659,0.121,22.22,10.7,17.28,27.98,36.94,17.46,97.0,0.299,14.0,14.43,8.0,8.25,0.936,0.2759999999999999,23.49,10.71,18.68,29.4,31.94,16.67,231.0,0.312,30.0,12.99,17.0,7.36,0.895,0.22200000000000003,20.7,10.34,13.57,23.91,28.01,14.93,650.0,0.301,100.0,15.38,47.0,7.23,0.851,0.2,20.83,9.45,15.49,24.94,26.53,15.87
744852,2024-06-05,2024,578428,R,571578,L,field_out,False,False,10.0,0.5,2.0,20.0,0.0,0.0,1.1,0.09999999999999998,35.29,20.69,13.79,34.48,50.0,25.0,,,,,,,,,,,,,,,231.0,0.312,30.0,12.99,17.0,7.36,0.895,0.22200000000000003,20.7,10.34,13.57,23.91,28.01,14.93,650.0,0.301,100.0,15.38,47.0,7.23,0.851,0.2,20.83,9.45,15.49,24.94,26.53,15.87
744852,2024-06-05,2024,620443,R,571578,L,home_run,False,False,2.0,0.0,2.0,100.0,0.0,0.0,0.0,0.0,42.86,37.5,12.5,50.0,100.0,50.0,21.0,0.3,6.0,28.57,1.0,4.76,0.7330000000000001,0.1,28.57,16.87,12.05,28.92,44.19,25.0,231.0,0.312,30.0,12.99,17.0,7.36,0.895,0.22200000000000003,20.7,10.34,13.57,23.91,28.01,14.93,650.0,0.301,100.0,15.38,47.0,7.23,0.851,0.2,20.83,9.45,15.49,24.94,26.53,15.87
744852,2024-06-05,2024,596019,R,571578,L,field_out,False,False,60.0,0.283,4.0,6.67,4.0,6.67,0.858,0.20800000000000002,14.15,6.49,16.88,23.38,22.88,7.41,204.0,0.281,35.0,17.16,15.0,7.35,0.916,0.2919999999999999,20.49,9.45,15.99,25.44,24.88,16.36,231.0,0.312,30.0,12.99,17.0,7.36,0.895,0.22200000000000003,20.7,10.34,13.57,23.91,28.01,14.93,650.0,0.301,100.0,15.38,47.0,7.23,0.851,0.2,20.83,9.45,15.49,24.94,26.53,15.87
744852,2024-06-05,2024,545121,L,622663,R,field_out,False,False,80.0,0.242,5.0,6.25,9.0,11.25,0.636,0.061,10.71,4.33,21.3,25.63,22.86,8.2,179.0,0.226,11.0,6.15,15.0,8.38,0.58,0.0629999999999999,13.38,5.9,20.34,26.24,25.61,7.28,124.0,0.241,22.0,17.74,11.0,8.87,0.666,0.09200000000000003,20.23,10.59,12.63,23.22,23.85,14.29,203.0,0.333,34.0,16.75,17.0,8.37,1.005,0.2789999999999999,18.23,9.28,14.43,23.71,28.29,13.71
744852,2024-06-05,2024,608336,L,622663,R,field_out,False,False,103.0,0.181,43.0,41.75,17.0,16.5,0.7310000000000001,0.21700000000000003,45.21,19.1,16.18,35.28,21.65,30.07,273.0,0.177,118.0,43.22,40.0,14.65,0.748,0.271,44.52,21.12,11.99,33.11,25.82,30.1,124.0,0.241,22.0,17.74,11.0,8.87,0.666,0.09200000000000003,20.23,10.59,12.63,23.22,23.85,14.29,203.0,0.333,34.0,16.75,17.0,8.37,1.005,0.2789999999999999,18.23,9.28,14.43,23.71,28.29,13.71
744852,2024-06-05,2024,696285,R,622663,R,single,False,False,112.0,0.245,24.0,21.43,6.0,5.36,0.598,0.04099999999999998,23.56,11.03,20.83,31.86,30.21,22.64,93.0,0.268,17.0,18.28,7.0,7.53,0.687,0.0859999999999999,21.38,9.8,20.46,30.26,30.36,15.74,146.0,0.172,32.0,21.92,16.0,10.96,0.537,0.10100000000000003,22.85,10.85,17.62,28.47,31.49,18.93,215.0,0.271,45.0,20.93,17.0,7.91,0.841,0.2289999999999999,23.04,11.89,15.13,27.02,29.81,15.52
744852,2024-06-05,2024,682928,L,622663,R,field_out,False,False,172.0,0.208,35.0,20.35,12.0,6.98,0.667,0.18800000000000003,24.44,13.35,12.44,25.8,40.76,16.28,446.0,0.274,78.0,17.49,24.0,5.38,0.786,0.19,21.76,11.82,12.69,24.5,35.86,16.63,124.0,0.241,22.0,17.74,11.0,8.87,0.666,0.09200000000000003,20.23,10.59,12.63,23.22,23.85,14.29,203.0,0.333,34.0,16.75,17.0,8.37,1.005,0.2789999999999999,18.23,9.28,14.43,23.71,28.29,13.71
744852,2024-06-05,2024,624413,R,571578,L,field_out,False,False,64.0,0.211,14.0,21.88,5.0,7.81,0.788,0.28,21.6,10.51,14.79,25.29,28.57,16.67,183.0,0.224,42.0,22.95,21.0,11.48,0.859,0.302,25.52,11.15,17.51,28.66,27.34,16.87,231.0,0.312,30.0,12.99,17.0,7.36,0.895,0.22200000000000003,20.7,10.34,13.57,23.91,28.01,14.93,650.0,0.301,100.0,15.38,47.0,7.23,0.851,0.2,20.83,9.45,15.49,24.94,26.53,15.87
744852,2024-06-05,2024,607043,L,571578,L,single,False,False,65.0,0.241,12.0,18.46,2.0,3.08,0.754,0.19,27.88,12.39,20.09,32.48,30.83,19.35,236.0,0.286,48.0,20.34,14.0,5.93,0.749,0.118,24.0,10.48,21.38,31.86,21.45,15.14,69.0,0.339,11.0,15.94,9.0,13.04,0.9279999999999999,0.16899999999999998,18.92,7.98,17.49,25.48,23.36,16.42,141.0,0.254,24.0,17.02,10.0,7.09,0.706,0.135,23.55,10.9,17.21,28.11,30.04,16.44
744852,2024-06-05,2024,502110,R,571578,L,grounded_into_double_play,False,False,40.0,0.343,8.0,20.0,5.0,12.5,0.996,0.22799999999999992,19.32,9.44,10.0,19.44,29.41,12.9,137.0,0.274,43.0,31.39,13.0,9.49,0.924,0.3069999999999999,30.91,15.57,13.74,29.3,29.27,23.5,231.0,0.312,30.0,12.99,17.0,7.36,0.895,0.22200000000000003,20.7,10.34,13.57,23.91,28.01,14.93,650.0,0.301,100.0,15.38,47.0,7.23,0.851,0.2,20.83,9.45,15.49,24.94,26.53,15.87
744852,2024-06-05,2024,657041,R,622663,R,strikeout,True,False,94.0,0.174,24.0,25.53,6.0,6.38,0.502,0.10500000000000004,23.9,10.24,20.75,31.0,22.4,21.82,490.0,0.242,143.0,29.18,23.0,4.69,0.719,0.185,26.09,11.34,20.58,31.92,28.6,24.48,146.0,0.172,32.0,21.92,16.0,10.96,0.537,0.10100000000000003,22.85,10.85,17.62,28.47,31.49,18.93,215.0,0.271,45.0,20.93,17.0,7.91,0.841,0.2289999999999999,23.04,11.89,15.13,27.02,29.81,15.52
744852,2024-06-05,2024,671277,L,622663,R,single,False,False,156.0,0.284,26.0,16.67,8.0,5.13,0.767,0.16200000000000003,22.5,11.45,15.27,26.73,34.97,17.93,355.0,0.268,44.0,12.39,23.0,6.48,0.6950000000000001,0.1129999999999999,17.54,8.86,13.52,22.38,31.84,12.54,124.0,0.241,22.0,17.74,11.0,8.87,0.666,0.09200000000000003,20.23,10.59,12.63,23.22,23.85,14.29,203.0,0.333,34.0,16.75,17.0,8.37,1.005,0.2789999999999999,18.23,9.28,14.43,23.71,28.29,13.71
744852,2024-06-05,2024,592696,L,622663,R,double_play,False,False,153.0,0.182,40.0,26.14,10.0,6.54,0.62,0.203,29.22,14.9,14.9,29.8,35.08,21.39,449.0,0.258,104.0,23.16,29.0,6.46,0.762,0.199,29.98,17.01,12.43,29.45,43.87,20.59,124.0,0.241,22.0,17.74,11.0,8.87,0.666,0.09200000000000003,20.23,10.59,12.63,23.22,23.85,14.29,203.0,0.333,34.0,16.75,17.0,8.37,1.005,0.2789999999999999,18.23,9.28,14.43,23.71,28.29,13.71
744852,2024-06-05,2024,668901,R,571578,L,strikeout,True,False,34.0,0.433,5.0,14.71,4.0,11.76,1.367,0.434,26.56,14.29,10.92,25.21,32.39,17.86,88.0,0.214,30.0,34.09,2.0,2.27,0.584,0.1309999999999999,40.66,21.26,14.94,36.21,36.02,26.79,231.0,0.312,30.0,12.99,17.0,7.36,0.895,0.22200000000000003,20.7,10.34,13.57,23.91,28.01,14.93,650.0,0.301,100.0,15.38,47.0,7.23,0.851,0.2,20.83,9.45,15.49,24.94,26.53,15.87
744852,2024-06-05,2024,621438,R,571578,L,triple,False,False,43.0,0.186,10.0,23.26,0.0,0.0,0.395,0.022999999999999993,26.32,13.33,18.0,31.33,35.06,27.78,81.0,0.241,18.0,22.22,2.0,2.47,0.7270000000000001,0.227,24.34,12.94,16.43,29.37,33.06,22.22,231.0,0.312,30.0,12.99,17.0,7.36,0.895,0.22200000000000003,20.7,10.34,13.57,23.91,28.01,14.93,650.0,0.301,100.0,15.38,47.0,7.23,0.851,0.2,20.83,9.45,15.49,24.94,26.53,15.87
744852,2024-06-05,2024,664056,R,571578,L,sac_fly,False,False,64.0,0.241,11.0,17.19,5.0,7.81,0.659,0.121,22.22,10.7,17.28,27.98,36.94,17.46,97.0,0.299,14.0,14.43,8.0,8.25,0.936,0.2759999999999999,23.49,10.71,18.68,29.4,31.94,16.67,231.0,0.312,30.0,12.99,17.0,7.36,0.895,0.22200000000000003,20.7,10.34,13.57,23.91,28.01,14.93,650.0,0.301,100.0,15.38,47.0,7.23,0.851,0.2,20.83,9.45,15.49,24.94,26.53,15.87
744852,2024-06-05,2024,578428,R,571578,L,field_out,False,False,10.0,0.5,2.0,20.0,0.0,0.0,1.1,0.09999999999999998,35.29,20.69,13.79,34.48,50.0,25.0,,,,,,,,,,,,,,,231.0,0.312,30.0,12.99,17.0,7.36,0.895,0.22200000000000003,20.7,10.34,13.57,23.91,28.01,14.93,650.0,0.301,100.0,15.38,47.0,7.23,0.851,0.2,20.83,9.45,15.49,24.94,26.53,15.87
744852,2024-06-05,2024,660688,L,622663,R,field_out,False,False,114.0,0.215,18.0,15.79,3.0,2.63,0.562,0.093,14.29,7.14,18.11,25.26,33.85,17.65,403.0,0.249,48.0,11.91,25.0,6.2,0.712,0.1629999999999999,14.96,7.67,15.92,23.59,36.49,14.77,124.0,0.241,22.0,17.74,11.0,8.87,0.666,0.09200000000000003,20.23,10.59,12.63,23.22,23.85,14.29,203.0,0.333,34.0,16.75,17.0,8.37,1.005,0.2789999999999999,18.23,9.28,14.43,23.71,28.29,13.71
744852,2024-06-05,2024,608385,L,622663,R,single,False,False,158.0,0.265,33.0,20.89,20.0,12.66,0.804,0.15899999999999997,23.45,10.09,16.62,26.71,19.55,14.73,184.0,0.2,46.0,25.0,24.0,13.04,0.5660000000000001,0.0449999999999999,25.91,11.04,17.01,28.05,20.4,17.9,124.0,0.241,22.0,17.74,11.0,8.87,0.666,0.09200000000000003,20.23,10.59,12.63,23.22,23.85,14.29,203.0,0.333,34.0,16.75,17.0,8.37,1.005,0.2789999999999999,18.23,9.28,14.43,23.71,28.29,13.71
744852,2024-06-05,2024,545121,L,622663,R,field_out,False,False,80.0,0.242,5.0,6.25,9.0,11.25,0.636,0.061,10.71,4.33,21.3,25.63,22.86,8.2,179.0,0.226,11.0,6.15,15.0,8.38,0.58,0.0629999999999999,13.38,5.9,20.34,26.24,25.61,7.28,124.0,0.241,22.0,17.74,11.0,8.87,0.666,0.09200000000000003,20.23,10.59,12.63,23.22,23.85,14.29,203.0,0.333,34.0,16.75,17.0,8.37,1.005,0.2789999999999999,18.23,9.28,14.43,23.71,28.29,13.71
744852,2024-06-05,2024,620443,R,571578,L,home_run,False,False,2.0,0.0,2.0,100.0,0.0,0.0,0.0,0.0,42.86,37.5,12.5,50.0,100.0,50.0,21.0,0.3,6.0,28.57,1.0,4.76,0.7330000000000001,0.1,28.57,16.87,12.05,28.92,44.19,25.0,231.0,0.312,30.0,12.99,17.0,7.36,0.895,0.22200000000000003,20.7,10.34,13.57,23.91,28.01,14.93,650.0,0.301,100.0,15.38,47.0,7.23,0.851,0.2,20.83,9.45,15.49,24.94,26.53,15.87
744852,2024-06-05,2024,596019,R,571578,L,home_run,False,False,60.0,0.283,4.0,6.67,4.0,6.67,0.858,0.20800000000000002,14.15,6.49,16.88,23.38,22.88,7.41,204.0,0.281,35.0,17.16,15.0,7.35,0.916,0.2919999999999999,20.49,9.45,15.99,25.44,24.88,16.36,231.0,0.312,30.0,12.99,17.0,7.36,0.895,0.22200000000000003,20.7,10.34,13.57,23.91,28.01,14.93,650.0,0.301,100.0,15.38,47.0,7.23,0.851,0.2,20.83,9.45,15.49,24.94,26.53,15.87
744852,2024-06-05,2024,624413,R,571578,L,double,False,False,64.0,0.211,14.0,21.88,5.0,7.81,0.788,0.28,21.6,10.51,14.79,25.29,28.57,16.67,183.0,0.224,42.0,22.95,21.0,11.48,0.859,0.302,25.52,11.15,17.51,28.66,27.34,16.87,231.0,0.312,30.0,12.99,17.0,7.36,0.895,0.22200000000000003,20.7,10.34,13.57,23.91,28.01,14.93,650.0,0.301,100.0,15.38,47.0,7.23,0.851,0.2,20.83,9.45,15.49,24.94,26.53,15.87
744852,2024-06-05,2024,607043,L,571578,L,strikeout,True,False,65.0,0.241,12.0,18.46,2.0,3.08,0.754,0.19,27.88,12.39,20.09,32.48,30.83,19.35,236.0,0.286,48.0,20.34,14.0,5.93,0.749,0.118,24.0,10.48,21.38,31.86,21.45,15.14,69.0,0.339,11.0,15.94,9.0,13.04,0.9279999999999999,0.16899999999999998,18.92,7.98,17.49,25.48,23.36,16.42,141.0,0.254,24.0,17.02,10.0,7.09,0.706,0.135,23.55,10.9,17.21,28.11,30.04,16.44
744852,2024-06-05,2024,502110,R,571578,L,single,False,False,40.0,0.343,8.0,20.0,5.0,12.5,0.996,0.22799999999999992,19.32,9.44,10.0,19.44,29.41,12.9,137.0,0.274,43.0,31.39,13.0,9.49,0.924,0.3069999999999999,30.91,15.57,13.74,29.3,29.27,23.5,231.0,0.312,30.0,12.99,17.0,7.36,0.895,0.22200000000000003,20.7,10.34,13.57,23.91,28.01,14.93,650.0,0.301,100.0,15.38,47.0,7.23,0.851,0.2,20.83,9.45,15.49,24.94,26.53,15.87
744852,2024-06-05,2024,668901,R,607179,R,single,False,False,36.0,0.25,8.0,22.22,3.0,8.33,0.744,0.188,37.5,18.46,16.92,35.38,33.33,24.24,145.0,0.209,41.0,28.28,8.0,5.52,0.643,0.172,34.08,18.24,17.03,35.27,36.73,29.93,53.0,0.133,13.0,24.53,7.0,13.21,0.42000000000000004,0.022999999999999993,22.73,11.31,15.84,27.15,30.28,17.11,137.0,0.174,41.0,29.93,10.0,7.3,0.631,0.214,29.39,13.51,15.61,29.12,25.94,23.03
744852,2024-06-05,2024,621438,R,607179,R,field_out,False,False,78.0,0.264,16.0,20.51,4.0,5.13,0.716,0.15299999999999997,19.73,9.6,19.87,29.47,29.2,17.39,162.0,0.23,37.0,22.84,6.0,3.7,0.706,0.204,25.24,12.91,16.56,29.47,36.98,19.47,53.0,0.133,13.0,24.53,7.0,13.21,0.42000000000000004,0.022999999999999993,22.73,11.31,15.84,27.15,30.28,17.11,137.0,0.174,41.0,29.93,10.0,7.3,0.631,0.214,29.39,13.51,15.61,29.12,25.94,23.03
744852,2024-06-05,2024,664056,R,607179,R,double,False,False,121.0,0.286,28.0,23.14,5.0,4.13,0.706,0.08900000000000002,27.62,13.15,21.09,34.24,37.61,22.22,248.0,0.207,45.0,18.15,9.0,3.63,0.504,0.056,25.06,12.41,16.74,29.16,37.02,20.45,53.0,0.133,13.0,24.53,7.0,13.21,0.42000000000000004,0.022999999999999993,22.73,11.31,15.84,27.15,30.28,17.11,137.0,0.174,41.0,29.93,10.0,7.3,0.631,0.214,29.39,13.51,15.61,29.12,25.94,23.03
744852,2024-06-05,2024,578428,R,607179,R,single,False,False,5.0,0.2,0.0,0.0,0.0,0.0,0.4,0.0,0.0,0.0,25.0,25.0,50.0,0.0,,,,,,,,,,,,,,,53.0,0.133,13.0,24.53,7.0,13.21,0.42000000000000004,0.022999999999999993,22.73,11.31,15.84,27.15,30.28,17.11,137.0,0.174,41.0,29.93,10.0,7.3,0.631,0.214,29.39,13.51,15.61,29.12,25.94,23.03
744852,2024-06-05,2024,620443,R,607179,R,field_out,False,False,5.0,0.25,1.0,20.0,1.0,20.0,0.9,0.25,33.33,13.04,21.74,34.78,16.67,14.29,9.0,0.125,3.0,33.33,0.0,0.0,0.472,0.125,20.0,6.98,20.93,27.91,29.63,25.0,53.0,0.133,13.0,24.53,7.0,13.21,0.42000000000000004,0.022999999999999993,22.73,11.31,15.84,27.15,30.28,17.11,137.0,0.174,41.0,29.93,10.0,7.3,0.631,0.214,29.39,13.51,15.61,29.12,25.94,23.03
744852,2024-06-05,2024,608336,L,622663,R,single,False,False,103.0,0.181,43.0,41.75,17.0,16.5,0.7310000000000001,0.21700000000000003,45.21,19.1,16.18,35.28,21.65,30.07,273.0,0.177,118.0,43.22,40.0,14.65,0.748,0.271,44.52,21.12,11.99,33.11,25.82,30.1,124.0,0.241,22.0,17.74,11.0,8.87,0.666,0.09200000000000003,20.23,10.59,12.63,23.22,23.85,14.29,203.0,0.333,34.0,16.75,17.0,8.37,1.005,0.2789999999999999,18.23,9.28,14.43,23.71,28.29,13.71
744852,2024-06-05,2024,696285,R,622663,R,grounded_into_double_play,False,False,112.0,0.245,24.0,21.43,6.0,5.36,0.598,0.04099999999999998,23.56,11.03,20.83,31.86,30.21,22.64,93.0,0.268,17.0,18.28,7.0,7.53,0.687,0.0859999999999999,21.38,9.8,20.46,30.26,30.36,15.74,146.0,0.172,32.0,21.92,16.0,10.96,0.537,0.10100000000000003,22.85,10.85,17.62,28.47,31.49,18.93,215.0,0.271,45.0,20.93,17.0,7.91,0.841,0.2289999999999999,23.04,11.89,15.13,27.02,29.81,15.52
744852,2024-06-05,2024,682928,L,622663,R,field_out,False,False,172.0,0.208,35.0,20.35,12.0,6.98,0.667,0.18800000000000003,24.44,13.35,12.44,25.8,40.76,16.28,446.0,0.274,78.0,17.49,24.0,5.38,0.786,0.19,21.76,11.82,12.69,24.5,35.86,16.63,124.0,0.241,22.0,17.74,11.0,8.87,0.666,0.09200000000000003,20.23,10.59,12.63,23.22,23.85,14.29,203.0,0.333,34.0,16.75,17.0,8.37,1.005,0.2789999999999999,18.23,9.28,14.43,23.71,28.29,13.71
744852,2024-06-05,2024,596019,L,607179,R,single,False,False,214.0,0.218,42.0,19.63,15.0,7.01,0.655,0.155,24.26,11.98,14.91,26.89,25.79,17.72,483.0,0.242,102.0,21.12,51.0,10.56,0.757,0.182,23.68,11.49,14.35,25.84,28.12,17.29,45.0,0.35,6.0,13.33,5.0,11.11,0.9219999999999999,0.15000000000000002,19.72,9.59,13.7,23.29,20.29,25.0,95.0,0.227,19.0,20.0,18.0,18.95,0.783,0.173,22.6,8.89,15.9,24.8,19.27,24.68
744852,2024-06-05,2024,624413,R,607179,R,walk,False,True,199.0,0.246,39.0,19.6,16.0,8.04,0.782,0.22299999999999998,22.87,10.46,19.17,29.62,30.39,18.63,475.0,0.214,109.0,22.95,44.0,9.26,0.8069999999999999,0.281,26.53,11.43,18.24,29.67,27.59,22.11,53.0,0.133,13.0,24.53,7.0,13.21,0.42000000000000004,0.022999999999999993,22.73,11.31,15.84,27.15,30.28,17.11,137.0,0.174,41.0,29.93,10.0,7.3,0.631,0.214,29.39,13.51,15.61,29.12,25.94,23.03
744852,2024-06-05,2024,607043,L,607179,R,hit_by_pitch,False,False,191.0,0.214,49.0,25.65,32.0,16.75,0.73,0.156,24.65,10.16,16.63,26.79,20.0,17.56,448.0,0.266,98.0,21.88,60.0,13.39,0.874,0.235,20.87,8.67,19.47,28.14,19.23,16.42,45.0,0.35,6.0,13.33,5.0,11.11,0.9219999999999999,0.15000000000000002,19.72,9.59,13.7,23.29,20.29,25.0,95.0,0.227,19.0,20.0,18.0,18.95,0.783,0.173,22.6,8.89,15.9,24.8,19.27,24.68
744852,2024-06-05,2024,502110,R,607179,R,grounded_into_double_play,False,False,102.0,0.26,35.0,34.31,5.0,4.9,0.735,0.178,31.72,17.35,13.01,30.36,35.55,22.58,343.0,0.27,106.0,30.9,21.0,6.12,0.8799999999999999,0.2979999999999999,35.71,19.2,12.73,31.93,33.23,24.42,53.0,0.133,13.0,24.53,7.0,13.21,0.42000000000000004,0.022999999999999993,22.73,11.31,15.84,27.15,30.28,17.11,137.0,0.174,41.0,29.93,10.0,7.3,0.631,0.214,29.39,13.51,15.61,29.12,25.94,23.03
744852,2024-06-05,2024,668901,R,607179,R,strikeout,True,False,36.0,0.25,8.0,22.22,3.0,8.33,0.744,0.188,37.5,18.46,16.92,35.38,33.33,24.24,145.0,0.209,41.0,28.28,8.0,5.52,0.643,0.172,34.08,18.24,17.03,35.27,36.73,29.93,53.0,0.133,13.0,24.53,7.0,13.21,0.42000000000000004,0.022999999999999993,22.73,11.31,15.84,27.15,30.28,17.11,137.0,0.174,41.0,29.93,10.0,7.3,0.631,0.214,29.39,13.51,15.61,29.12,25.94,23.03
744852,2024-06-05,2024,657041,R,622663,R,field_out,False,False,94.0,0.174,24.0,25.53,6.0,6.38,0.502,0.10500000000000004,23.9,10.24,20.75,31.0,22.4,21.82,490.0,0.242,143.0,29.18,23.0,4.69,0.719,0.185,26.09,11.34,20.58,31.92,28.6,24.48,146.0,0.172,32.0,21.92,16.0,10.96,0.537,0.10100000000000003,22.85,10.85,17.62,28.47,31.49,18.93,215.0,0.271,45.0,20.93,17.0,7.91,0.841,0.2289999999999999,23.04,11.89,15.13,27.02,29.81,15.52
744852,2024-06-05,2024,671277,L,622663,R,strikeout,True,False,156.0,0.284,26.0,16.67,8.0,5.13,0.767,0.16200000000000003,22.5,11.45,15.27,26.73,34.97,17.93,355.0,0.268,44.0,12.39,23.0,6.48,0.6950000000000001,0.1129999999999999,17.54,8.86,13.52,22.38,31.84,12.54,124.0,0.241,22.0,17.74,11.0,8.87,0.666,0.09200000000000003,20.23,10.59,12.63,23.22,23.85,14.29,203.0,0.333,34.0,16.75,17.0,8.37,1.005,0.2789999999999999,18.23,9.28,14.43,23.71,28.29,13.71
744852,2024-06-05,2024,592696,L,622663,R,field_out,False,False,153.0,0.182,40.0,26.14,10.0,6.54,0.62,0.203,29.22,14.9,14.9,29.8,35.08,21.39,449.0,0.258,104.0,23.16,29.0,6.46,0.762,0.199,29.98,17.01,12.43,29.45,43.87,20.59,124.0,0.241,22.0,17.74,11.0,8.87,0.666,0.09200000000000003,20.23,10.59,12.63,23.22,23.85,14.29,203.0,0.333,34.0,16.75,17.0,8.37,1.005,0.2789999999999999,18.23,9.28,14.43,23.71,28.29,13.71
744852,2024-06-05,2024,621438,R,571670,R,field_out,False,False,78.0,0.264,16.0,20.51,4.0,5.13,0.716,0.15299999999999997,19.73,9.6,19.87,29.47,29.2,17.39,162.0,0.23,37.0,22.84,6.0,3.7,0.706,0.204,25.24,12.91,16.56,29.47,36.98,19.47,73.0,0.224,13.0,17.81,5.0,6.85,0.528,0.03,20.91,8.65,23.68,32.33,22.31,19.4,138.0,0.258,33.0,23.91,6.0,4.35,0.596,0.0309999999999999,25.42,12.25,19.88,32.13,34.13,23.08
744852,2024-06-05,2024,664056,R,571670,R,strikeout,True,False,121.0,0.286,28.0,23.14,5.0,4.13,0.706,0.08900000000000002,27.62,13.15,21.09,34.24,37.61,22.22,248.0,0.207,45.0,18.15,9.0,3.63,0.504,0.056,25.06,12.41,16.74,29.16,37.02,20.45,73.0,0.224,13.0,17.81,5.0,6.85,0.528,0.03,20.91,8.65,23.68,32.33,22.31,19.4,138.0,0.258,33.0,23.91,6.0,4.35,0.596,0.0309999999999999,25.42,12.25,19.88,32.13,34.13,23.08
744852,2024-06-05,2024,578428,R,571670,R,walk,False,True,5.0,0.2,0.0,0.0,0.0,0.0,0.4,0.0,0.0,0.0,25.0,25.0,50.0,0.0,,,,,,,,,,,,,,,73.0,0.224,13.0,17.81,5.0,6.85,0.528,0.03,20.91,8.65,23.68,32.33,22.31,19.4,138.0,0.258,33.0,23.91,6.0,4.35,0.596,0.0309999999999999,25.42,12.25,19.88,32.13,34.13,23.08
744852,2024-06-05,2024,620443,R,571670,R,field_out,False,False,5.0,0.25,1.0,20.0,1.0,20.0,0.9,0.25,33.33,13.04,21.74,34.78,16.67,14.29,9.0,0.125,3.0,33.33,0.0,0.0,0.472,0.125,20.0,6.98,20.93,27.91,29.63,25.0,73.0,0.224,13.0,17.81,5.0,6.85,0.528,0.03,20.91,8.65,23.68,32.33,22.31,19.4,138.0,0.258,33.0,23.91,6.0,4.35,0.596,0.0309999999999999,25.42,12.25,19.88,32.13,34.13,23.08
744852,2024-06-05,2024,660688,L,622663,R,single,False,False,114.0,0.215,18.0,15.79,3.0,2.63,0.562,0.093,14.29,7.14,18.11,25.26,33.85,17.65,403.0,0.249,48.0,11.91,25.0,6.2,0.712,0.1629999999999999,14.96,7.67,15.92,23.59,36.49,14.77,124.0,0.241,22.0,17.74,11.0,8.87,0.666,0.09200000000000003,20.23,10.59,12.63,23.22,23.85,14.29,203.0,0.333,34.0,16.75,17.0,8.37,1.005,0.2789999999999999,18.23,9.28,14.43,23.71,28.29,13.71
744852,2024-06-05,2024,608385,L,622663,R,single,False,False,158.0,0.265,33.0,20.89,20.0,12.66,0.804,0.15899999999999997,23.45,10.09,16.62,26.71,19.55,14.73,184.0,0.2,46.0,25.0,24.0,13.04,0.5660000000000001,0.0449999999999999,25.91,11.04,17.01,28.05,20.4,17.9,124.0,0.241,22.0,17.74,11.0,8.87,0.666,0.09200000000000003,20.23,10.59,12.63,23.22,23.85,14.29,203.0,0.333,34.0,16.75,17.0,8.37,1.005,0.2789999999999999,18.23,9.28,14.43,23.71,28.29,13.71
744852,2024-06-05,2024,545121,L,622663,R,single,False,False,80.0,0.242,5.0,6.25,9.0,11.25,0.636,0.061,10.71,4.33,21.3,25.63,22.86,8.2,179.0,0.226,11.0,6.15,15.0,8.38,0.58,0.0629999999999999,13.38,5.9,20.34,26.24,25.61,7.28,124.0,0.241,22.0,17.74,11.0,8.87,0.666,0.09200000000000003,20.23,10.59,12.63,23.22,23.85,14.29,203.0,0.333,34.0,16.75,17.0,8.37,1.005,0.2789999999999999,18.23,9.28,14.43,23.71,28.29,13.71
744852,2024-06-05,2024,608336,L,622663,R,sac_fly,False,False,103.0,0.181,43.0,41.75,17.0,16.5,0.7310000000000001,0.21700000000000003,45.21,19.1,16.18,35.28,21.65,30.07,273.0,0.177,118.0,43.22,40.0,14.65,0.748,0.271,44.52,21.12,11.99,33.11,25.82,30.1,124.0,0.241,22.0,17.74,11.0,8.87,0.666,0.09200000000000003,20.23,10.59,12.63,23.22,23.85,14.29,203.0,0.333,34.0,16.75,17.0,8.37,1.005,0.2789999999999999,18.23,9.28,14.43,23.71,28.29,13.71
744852,2024-06-05,2024,696285,R,622663,R,grounded_into_double_play,False,False,112.0,0.245,24.0,21.43,6.0,5.36,0.598,0.04099999999999998,23.56,11.03,20.83,31.86,30.21,22.64,93.0,0.268,17.0,18.28,7.0,7.53,0.687,0.0859999999999999,21.38,9.8,20.46,30.26,30.36,15.74,146.0,0.172,32.0,21.92,16.0,10.96,0.537,0.10100000000000003,22.85,10.85,17.62,28.47,31.49,18.93,215.0,0.271,45.0,20.93,17.0,7.91,0.841,0.2289999999999999,23.04,11.89,15.13,27.02,29.81,15.52
744852,2024-06-05,2024,596019,L,663432,R,field_out,False,False,214.0,0.218,42.0,19.63,15.0,7.01,0.655,0.155,24.26,11.98,14.91,26.89,25.79,17.72,483.0,0.242,102.0,21.12,51.0,10.56,0.757,0.182,23.68,11.49,14.35,25.84,28.12,17.29,34.0,0.375,4.0,11.76,9.0,26.47,1.226,0.29200000000000004,28.38,12.88,9.82,22.7,21.18,7.69,2.0,0.5,0.0,0.0,0.0,0.0,1.0,0.0,0.0,0.0,0.0,0.0,66.67,
744852,2024-06-05,2024,624413,R,663432,R,field_out,False,False,199.0,0.246,39.0,19.6,16.0,8.04,0.782,0.22299999999999998,22.87,10.46,19.17,29.62,30.39,18.63,475.0,0.214,109.0,22.95,44.0,9.26,0.8069999999999999,0.281,26.53,11.43,18.24,29.67,27.59,22.11,48.0,0.333,6.0,12.5,4.0,8.33,1.012,0.26199999999999996,26.58,12.07,12.64,24.71,31.63,14.29,3.0,0.0,1.0,33.33,1.0,33.33,0.333,0.0,40.0,14.29,21.43,35.71,25.0,25.0
744852,2024-06-05,2024,607043,L,663432,R,field_out,False,False,191.0,0.214,49.0,25.65,32.0,16.75,0.73,0.156,24.65,10.16,16.63,26.79,20.0,17.56,448.0,0.266,98.0,21.88,60.0,13.39,0.874,0.235,20.87,8.67,19.47,28.14,19.23,16.42,34.0,0.375,4.0,11.76,9.0,26.47,1.226,0.29200000000000004,28.38,12.88,9.82,22.7,21.18,7.69,2.0,0.5,0.0,0.0,0.0,0.0,1.0,0.0,0.0,0.0,0.0,0.0,66.67,
744852,2024-06-05,2024,683083,R,664849,L,strikeout,True,False,6.0,0.0,1.0,16.67,0.0,0.0,0.0,0.0,28.57,11.11,33.33,44.44,16.67,33.33,,,,,,,,,,,,,,,18.0,0.133,5.0,27.78,3.0,16.67,0.545,0.134,39.29,16.18,19.12,35.29,41.86,27.78,20.0,0.176,6.0,30.0,1.0,5.0,0.476,0.0,33.33,13.16,21.05,34.21,27.27,26.09
744852,2024-06-05,2024,657041,R,664849,L,field_out,False,False,44.0,0.297,4.0,9.09,5.0,11.36,0.773,0.08100000000000002,15.0,6.35,17.46,23.81,20.41,6.25,192.0,0.331,33.0,17.19,13.0,6.77,0.948,0.2419999999999999,14.83,6.49,18.37,24.86,23.4,17.65,18.0,0.133,5.0,27.78,3.0,16.67,0.545,0.134,39.29,16.18,19.12,35.29,41.86,27.78,20.0,0.176,6.0,30.0,1.0,5.0,0.476,0.0,33.33,13.16,21.05,34.21,27.27,26.09
744852,2024-06-05,2024,671277,L,664849,L,field_out,False,False,35.0,0.188,9.0,25.71,3.0,8.57,0.476,0.031,20.59,10.07,16.55,26.62,35.06,21.43,129.0,0.261,16.0,12.4,4.0,3.1,0.668,0.134,18.96,9.55,16.71,26.25,27.88,16.49,4.0,0.25,2.0,50.0,0.0,0.0,0.5,0.0,42.86,16.67,16.67,33.33,28.57,50.0,15.0,0.308,5.0,33.33,1.0,6.67,0.785,0.077,24.0,10.17,25.42,35.59,23.08,29.41
747195,2024-06-05,2024,596103,R,656756,L,field_out,False,False,41.0,0.121,9.0,21.95,7.0,17.07,0.414,0.0,26.76,10.8,17.61,28.41,17.2,16.67,147.0,0.288,40.0,27.21,13.0,8.84,0.8,0.151,27.27,11.44,19.76,31.2,22.15,21.51,160.0,0.327,19.0,11.88,13.0,8.12,0.912,0.20400000000000001,21.03,10.27,15.32,25.59,30.28,12.75,671.0,0.241,144.0,21.46,46.0,6.86,0.696,0.159,27.32,12.93,16.3,29.23,30.43,19.54
747195,2024-06-05,2024,671218,R,656756,L,walk,False,True,26.0,0.316,7.0,26.92,6.0,23.08,1.237,0.421,30.43,15.11,7.91,23.02,23.61,12.28,46.0,0.186,16.0,34.78,3.0,6.52,0.588,0.1629999999999999,32.35,16.67,13.64,30.3,30.21,23.53,160.0,0.327,19.0,11.88,13.0,8.12,0.912,0.20400000000000001,21.03,10.27,15.32,25.59,30.28,12.75,671.0,0.241,144.0,21.46,46.0,6.86,0.696,0.159,27.32,12.93,16.3,29.23,30.43,19.54
747195,2024-06-05,2024,642731,R,656756,L,single,False,False,57.0,0.208,11.0,19.3,3.0,5.26,0.604,0.15,21.36,11.22,16.84,28.06,33.67,21.15,150.0,0.257,36.0,24.0,7.0,4.67,0.643,0.079,21.99,10.73,18.17,28.89,37.46,20.57,160.0,0.327,19.0,11.88,13.0,8.12,0.912,0.20400000000000001,21.03,10.27,15.32,25.59,30.28,12.75,671.0,0.241,144.0,21.46,46.0,6.86,0.696,0.159,27.32,12.93,16.3,29.23,30.43,19.54
747195,2024-06-05,2024,656305,R,656756,L,field_out,False,False,60.0,0.364,11.0,18.33,5.0,8.33,1.053,0.272,13.33,6.45,16.53,22.98,29.51,13.41,113.0,0.307,26.0,23.01,10.0,8.85,0.89,0.208,30.77,13.88,17.35,31.24,20.45,17.81,160.0,0.327,19.0,11.88,13.0,8.12,0.912,0.20400000000000001,21.03,10.27,15.32,25.59,30.28,12.75,671.0,0.241,144.0,21.46,46.0,6.86,0.696,0.159,27.32,12.93,16.3,29.23,30.43,19.54
747195,2024-06-05,2024,624585,R,656756,L,strikeout,True,False,56.0,0.224,13.0,23.21,5.0,8.93,0.729,0.18399999999999997,28.44,13.9,13.45,27.35,31.25,19.4,135.0,0.277,30.0,22.22,20.0,14.81,1.081,0.4109999999999999,26.29,11.6,16.16,27.76,25.27,18.75,160.0,0.327,19.0,11.88,13.0,8.12,0.912,0.20400000000000001,21.03,10.27,15.32,25.59,30.28,12.75,671.0,0.241,144.0,21.46,46.0,6.86,0.696,0.159,27.32,12.93,16.3,29.23,30.43,19.54
747195,2024-06-05,2024,682998,L,663855,R,single,False,False,164.0,0.183,33.0,20.12,20.0,12.2,0.576,0.10599999999999998,21.07,9.42,16.13,25.56,26.04,20.5,472.0,0.286,105.0,22.25,46.0,9.75,0.921,0.266,22.34,10.24,16.27,26.51,28.83,21.92,125.0,0.224,23.0,18.4,14.0,11.2,0.646,0.094,24.03,10.73,14.94,25.67,27.87,14.47,109.0,0.225,27.0,24.77,16.0,14.68,0.6639999999999999,0.0779999999999999,28.89,12.53,15.18,27.71,26.27,23.89
747195,2024-06-05,2024,677942,R,663855,R,strikeout,True,False,62.0,0.228,15.0,24.19,5.0,8.06,0.606,0.088,28.21,13.92,14.35,28.27,33.33,20.83,,,,,,,,,,,,,,,133.0,0.213,29.0,21.8,5.0,3.76,0.618,0.157,24.08,11.07,19.14,30.21,25.62,16.38,177.0,0.234,54.0,30.51,16.0,9.04,0.653,0.1139999999999999,27.76,11.0,22.57,33.57,28.9,25.84
747195,2024-06-05,2024,592626,L,663855,R,strikeout,True,False,153.0,0.297,37.0,24.18,16.0,10.46,0.895,0.21100000000000002,25.86,11.85,17.38,29.23,27.86,20.79,373.0,0.241,74.0,19.84,49.0,13.14,0.786,0.194,24.13,10.89,15.07,25.96,29.36,16.09,125.0,0.224,23.0,18.4,14.0,11.2,0.646,0.094,24.03,10.73,14.94,25.67,27.87,14.47,109.0,0.225,27.0,24.77,16.0,14.68,0.6639999999999999,0.0779999999999999,28.89,12.53,15.18,27.71,26.27,23.89
747195,2024-06-05,2024,666971,R,663855,R,single,False,False,166.0,0.197,31.0,18.67,8.0,4.82,0.5720000000000001,0.134,20.62,10.48,15.71,26.19,31.17,16.67,433.0,0.247,85.0,19.63,21.0,4.85,0.756,0.22,20.07,9.99,16.64,26.63,31.06,17.82,133.0,0.213,29.0,21.8,5.0,3.76,0.618,0.157,24.08,11.07,19.14,30.21,25.62,16.38,177.0,0.234,54.0,30.51,16.0,9.04,0.653,0.1139999999999999,27.76,11.0,22.57,33.57,28.9,25.84
747195,2024-06-05,2024,656976,L,663855,R,single,False,False,45.0,0.238,6.0,13.33,2.0,4.44,0.672,0.16700000000000004,16.42,7.24,17.76,25.0,18.31,13.89,186.0,0.196,33.0,17.74,31.0,16.67,0.681,0.1499999999999999,18.87,7.59,19.04,26.63,22.88,16.84,125.0,0.224,23.0,18.4,14.0,11.2,0.646,0.094,24.03,10.73,14.94,25.67,27.87,14.47,109.0,0.225,27.0,24.77,16.0,14.68,0.6639999999999999,0.0779999999999999,28.89,12.53,15.18,27.71,26.27,23.89
747195,2024-06-05,2024,553993,R,663855,R,strikeout,True,False,166.0,0.199,44.0,26.51,8.0,4.82,0.5840000000000001,0.132,30.31,14.7,15.45,30.15,27.96,22.0,537.0,0.227,161.0,29.98,48.0,8.94,0.706,0.167,32.3,14.54,16.91,31.45,23.96,22.87,133.0,0.213,29.0,21.8,5.0,3.76,0.618,0.157,24.08,11.07,19.14,30.21,25.62,16.38,177.0,0.234,54.0,30.51,16.0,9.04,0.653,0.1139999999999999,27.76,11.0,22.57,33.57,28.9,25.84
747195,2024-06-05,2024,527038,R,656756,L,field_out,False,False,72.0,0.2,10.0,13.89,5.0,6.94,0.577,0.123,13.18,5.9,19.79,25.69,28.76,11.24,182.0,0.303,28.0,15.38,14.0,7.69,0.886,0.224,17.07,7.55,21.16,28.71,29.47,12.17,160.0,0.327,19.0,11.88,13.0,8.12,0.912,0.20400000000000001,21.03,10.27,15.32,25.59,30.28,12.75,671.0,0.241,144.0,21.46,46.0,6.86,0.696,0.159,27.32,12.93,16.3,29.23,30.43,19.54
747195,2024-06-05,2024,573262,L,656756,L,walk,False,True,19.0,0.188,5.0,26.32,2.0,10.53,0.628,0.124,27.59,11.59,14.49,26.09,15.62,41.67,85.0,0.203,24.0,28.24,5.0,5.88,0.5920000000000001,0.139,23.31,9.57,22.84,32.41,18.67,26.37,34.0,0.219,9.0,26.47,2.0,5.88,0.546,0.06200000000000003,33.33,15.57,18.85,34.43,30.65,26.47,106.0,0.277,22.0,20.75,2.0,1.89,0.639,0.0699999999999999,17.13,8.36,18.6,26.95,26.71,20.37
747195,2024-06-05,2024,666149,R,656756,L,field_out,False,False,33.0,0.258,11.0,33.33,2.0,6.06,0.626,0.065,33.8,15.58,14.94,30.52,14.67,20.75,12.0,0.25,4.0,33.33,0.0,0.0,1.0,0.5,21.74,9.26,20.37,29.63,8.33,23.53,160.0,0.327,19.0,11.88,13.0,8.12,0.912,0.20400000000000001,21.03,10.27,15.32,25.59,30.28,12.75,671.0,0.241,144.0,21.46,46.0,6.86,0.696,0.159,27.32,12.93,16.3,29.23,30.43,19.54
747195,2024-06-05,2024,592200,R,656756,L,field_out,False,False,10.0,0.125,1.0,10.0,2.0,20.0,0.425,0.0,7.14,2.33,20.93,23.26,13.64,9.09,33.0,0.185,5.0,15.15,5.0,15.15,0.534,0.037,20.59,9.79,11.19,20.98,18.06,8.47,160.0,0.327,19.0,11.88,13.0,8.12,0.912,0.20400000000000001,21.03,10.27,15.32,25.59,30.28,12.75,671.0,0.241,144.0,21.46,46.0,6.86,0.696,0.159,27.32,12.93,16.3,29.23,30.43,19.54
747195,2024-06-05,2024,664983,L,663855,R,hit_by_pitch,False,False,116.0,0.235,24.0,20.69,10.0,8.62,0.6699999999999999,0.128,21.53,10.32,16.06,26.38,27.48,17.91,230.0,0.255,51.0,22.17,17.0,7.39,0.643,0.072,22.4,11.76,13.9,25.65,32.76,19.39,125.0,0.224,23.0,18.4,14.0,11.2,0.646,0.094,24.03,10.73,14.94,25.67,27.87,14.47,109.0,0.225,27.0,24.77,16.0,14.68,0.6639999999999999,0.0779999999999999,28.89,12.53,15.18,27.71,26.27,23.89
747195,2024-06-05,2024,621028,R,663855,R,grounded_into_double_play,False,False,89.0,0.247,17.0,19.1,6.0,6.74,0.645,0.09899999999999998,21.53,9.9,19.81,29.71,24.2,20.48,143.0,0.234,18.0,12.59,7.0,4.9,0.571,0.0549999999999999,15.29,7.27,19.84,27.11,26.2,13.04,133.0,0.213,29.0,21.8,5.0,3.76,0.618,0.157,24.08,11.07,19.14,30.21,25.62,16.38,177.0,0.234,54.0,30.51,16.0,9.04,0.653,0.1139999999999999,27.76,11.0,22.57,33.57,28.9,25.84
747195,2024-06-05,2024,571466,L,663855,R,walk,False,True,44.0,0.182,14.0,31.82,10.0,22.73,0.584,0.03,29.33,11.83,17.74,29.57,20.21,23.33,106.0,0.191,33.0,31.13,10.0,9.43,0.508,0.043,24.64,11.67,18.08,29.75,29.3,20.75,125.0,0.224,23.0,18.4,14.0,11.2,0.646,0.094,24.03,10.73,14.94,25.67,27.87,14.47,109.0,0.225,27.0,24.77,16.0,14.68,0.6639999999999999,0.0779999999999999,28.89,12.53,15.18,27.71,26.27,23.89
747195,2024-06-05,2024,682998,L,663855,R,field_out,False,False,164.0,0.183,33.0,20.12,20.0,12.2,0.576,0.10599999999999998,21.07,9.42,16.13,25.56,26.04,20.5,472.0,0.286,105.0,22.25,46.0,9.75,0.921,0.266,22.34,10.24,16.27,26.51,28.83,21.92,125.0,0.224,23.0,18.4,14.0,11.2,0.646,0.094,24.03,10.73,14.94,25.67,27.87,14.47,109.0,0.225,27.0,24.77,16.0,14.68,0.6639999999999999,0.0779999999999999,28.89,12.53,15.18,27.71,26.27,23.89
747195,2024-06-05,2024,596103,R,656756,L,single,False,False,41.0,0.121,9.0,21.95,7.0,17.07,0.414,0.0,26.76,10.8,17.61,28.41,17.2,16.67,147.0,0.288,40.0,27.21,13.0,8.84,0.8,0.151,27.27,11.44,19.76,31.2,22.15,21.51,160.0,0.327,19.0,11.88,13.0,8.12,0.912,0.20400000000000001,21.03,10.27,15.32,25.59,30.28,12.75,671.0,0.241,144.0,21.46,46.0,6.86,0.696,0.159,27.32,12.93,16.3,29.23,30.43,19.54
747195,2024-06-05,2024,671218,R,656756,L,home_run,False,False,26.0,0.316,7.0,26.92,6.0,23.08,1.237,0.421,30.43,15.11,7.91,23.02,23.61,12.28,46.0,0.186,16.0,34.78,3.0,6.52,0.588,0.1629999999999999,32.35,16.67,13.64,30.3,30.21,23.53,160.0,0.327,19.0,11.88,13.0,8.12,0.912,0.20400000000000001,21.03,10.27,15.32,25.59,30.28,12.75,671.0,0.241,144.0,21.46,46.0,6.86,0.696,0.159,27.32,12.93,16.3,29.23,30.43,19.54
747195,2024-06-05,2024,642731,R,656756,L,single,False,False,57.0,0.208,11.0,19.3,3.0,5.26,0.604,0.15,21.36,11.22,16.84,28.06,33.67,21.15,150.0,0.257,36.0,24.0,7.0,4.67,0.643,0.079,21.99,10.73,18.17,28.89,37.46,20.57,160.0,0.327,19.0,11.88,13.0,8.12,0.912,0.20400000000000001,21.03,10.27,15.32,25.59,30.28,12.75,671.0,0.241,144.0,21.46,46.0,6.86,0.696,0.159,27.32,12.93,16.3,29.23,30.43,19.54
747195,2024-06-05,2024,656305,R,656756,L,walk,False,True,60.0,0.364,11.0,18.33,5.0,8.33,1.053,0.272,13.33,6.45,16.53,22.98,29.51,13.41,113.0,0.307,26.0,23.01,10.0,8.85,0.89,0.208,30.77,13.88,17.35,31.24,20.45,17.81,160.0,0.327,19.0,11.88,13.0,8.12,0.912,0.20400000000000001,21.03,10.27,15.32,25.59,30.28,12.75,671.0,0.241,144.0,21.46,46.0,6.86,0.696,0.159,27.32,12.93,16.3,29.23,30.43,19.54
747195,2024-06-05,2024,624585,R,656756,L,single,False,False,56.0,0.224,13.0,23.21,5.0,8.93,0.729,0.18399999999999997,28.44,13.9,13.45,27.35,31.25,19.4,135.0,0.277,30.0,22.22,20.0,14.81,1.081,0.4109999999999999,26.29,11.6,16.16,27.76,25.27,18.75,160.0,0.327,19.0,11.88,13.0,8.12,0.912,0.20400000000000001,21.03,10.27,15.32,25.59,30.28,12.75,671.0,0.241,144.0,21.46,46.0,6.86,0.696,0.159,27.32,12.93,16.3,29.23,30.43,19.54
747195,2024-06-05,2024,527038,R,656756,L,home_run,False,False,72.0,0.2,10.0,13.89,5.0,6.94,0.577,0.123,13.18,5.9,19.79,25.69,28.76,11.24,182.0,0.303,28.0,15.38,14.0,7.69,0.886,0.224,17.07,7.55,21.16,28.71,29.47,12.17,160.0,0.327,19.0,11.88,13.0,8.12,0.912,0.20400000000000001,21.03,10.27,15.32,25.59,30.28,12.75,671.0,0.241,144.0,21.46,46.0,6.86,0.696,0.159,27.32,12.93,16.3,29.23,30.43,19.54
747195,2024-06-05,2024,573262,L,656756,L,single,False,False,19.0,0.188,5.0,26.32,2.0,10.53,0.628,0.124,27.59,11.59,14.49,26.09,15.62,41.67,85.0,0.203,24.0,28.24,5.0,5.88,0.5920000000000001,0.139,23.31,9.57,22.84,32.41,18.67,26.37,34.0,0.219,9.0,26.47,2.0,5.88,0.546,0.06200000000000003,33.33,15.57,18.85,34.43,30.65,26.47,106.0,0.277,22.0,20.75,2.0,1.89,0.639,0.0699999999999999,17.13,8.36,18.6,26.95,26.71,20.37
747195,2024-06-05,2024,666149,R,663531,L,walk,False,True,33.0,0.258,11.0,33.33,2.0,6.06,0.626,0.065,33.8,15.58,14.94,30.52,14.67,20.75,12.0,0.25,4.0,33.33,0.0,0.0,1.0,0.5,21.74,9.26,20.37,29.63,8.33,23.53,62.0,0.263,9.0,14.52,4.0,6.45,0.744,0.15799999999999997,19.64,10.05,10.5,20.55,25.66,17.65,,,,,,,,,,,,,,
747195,2024-06-05,2024,592200,R,663531,L,field_out,False,False,10.0,0.125,1.0,10.0,2.0,20.0,0.425,0.0,7.14,2.33,20.93,23.26,13.64,9.09,33.0,0.185,5.0,15.15,5.0,15.15,0.534,0.037,20.59,9.79,11.19,20.98,18.06,8.47,62.0,0.263,9.0,14.52,4.0,6.45,0.744,0.15799999999999997,19.64,10.05,10.5,20.55,25.66,17.65,,,,,,,,,,,,,,
747195,2024-06-05,2024,596103,R,663531,L,strikeout,True,False,41.0,0.121,9.0,21.95,7.0,17.07,0.414,0.0,26.76,10.8,17.61,28.41,17.2,16.67,147.0,0.288,40.0,27.21,13.0,8.84,0.8,0.151,27.27,11.44,19.76,31.2,22.15,21.51,62.0,0.263,9.0,14.52,4.0,6.45,0.744,0.15799999999999997,19.64,10.05,10.5,20.55,25.66,17.65,,,,,,,,,,,,,,
747195,2024-06-05,2024,671218,R,663531,L,walk,False,True,26.0,0.316,7.0,26.92,6.0,23.08,1.237,0.421,30.43,15.11,7.91,23.02,23.61,12.28,46.0,0.186,16.0,34.78,3.0,6.52,0.588,0.1629999999999999,32.35,16.67,13.64,30.3,30.21,23.53,62.0,0.263,9.0,14.52,4.0,6.45,0.744,0.15799999999999997,19.64,10.05,10.5,20.55,25.66,17.65,,,,,,,,,,,,,,
747195,2024-06-05,2024,642731,R,663531,L,field_out,False,False,57.0,0.208,11.0,19.3,3.0,5.26,0.604,0.15,21.36,11.22,16.84,28.06,33.67,21.15,150.0,0.257,36.0,24.0,7.0,4.67,0.643,0.079,21.99,10.73,18.17,28.89,37.46,20.57,62.0,0.263,9.0,14.52,4.0,6.45,0.744,0.15799999999999997,19.64,10.05,10.5,20.55,25.66,17.65,,,,,,,,,,,,,,
747195,2024-06-05,2024,677942,R,663855,R,single,False,False,62.0,0.228,15.0,24.19,5.0,8.06,0.606,0.088,28.21,13.92,14.35,28.27,33.33,20.83,,,,,,,,,,,,,,,133.0,0.213,29.0,21.8,5.0,3.76,0.618,0.157,24.08,11.07,19.14,30.21,25.62,16.38,177.0,0.234,54.0,30.51,16.0,9.04,0.653,0.1139999999999999,27.76,11.0,22.57,33.57,28.9,25.84
747195,2024-06-05,2024,592626,L,663855,R,strikeout,True,False,153.0,0.297,37.0,24.18,16.0,10.46,0.895,0.21100000000000002,25.86,11.85,17.38,29.23,27.86,20.79,373.0,0.241,74.0,19.84,49.0,13.14,0.786,0.194,24.13,10.89,15.07,25.96,29.36,16.09,125.0,0.224,23.0,18.4,14.0,11.2,0.646,0.094,24.03,10.73,14.94,25.67,27.87,14.47,109.0,0.225,27.0,24.77,16.0,14.68,0.6639999999999999,0.0779999999999999,28.89,12.53,15.18,27.71,26.27,23.89
747195,2024-06-05,2024,666971,R,663855,R,walk,False,True,166.0,0.197,31.0,18.67,8.0,4.82,0.5720000000000001,0.134,20.62,10.48,15.71,26.19,31.17,16.67,433.0,0.247,85.0,19.63,21.0,4.85,0.756,0.22,20.07,9.99,16.64,26.63,31.06,17.82,133.0,0.213,29.0,21.8,5.0,3.76,0.618,0.157,24.08,11.07,19.14,30.21,25.62,16.38,177.0,0.234,54.0,30.51,16.0,9.04,0.653,0.1139999999999999,27.76,11.0,22.57,33.57,28.9,25.84
747195,2024-06-05,2024,656976,L,663855,R,strikeout,True,False,45.0,0.238,6.0,13.33,2.0,4.44,0.672,0.16700000000000004,16.42,7.24,17.76,25.0,18.31,13.89,186.0,0.196,33.0,17.74,31.0,16.67,0.681,0.1499999999999999,18.87,7.59,19.04,26.63,22.88,16.84,125.0,0.224,23.0,18.4,14.0,11.2,0.646,0.094,24.03,10.73,14.94,25.67,27.87,14.47,109.0,0.225,27.0,24.77,16.0,14.68,0.6639999999999999,0.0779999999999999,28.89,12.53,15.18,27.71,26.27,23.89
747195,2024-06-05,2024,553993,R,663855,R,strikeout,True,False,166.0,0.199,44.0,26.51,8.0,4.82,0.5840000000000001,0.132,30.31,14.7,15.45,30.15,27.96,22.0,537.0,0.227,161.0,29.98,48.0,8.94,0.706,0.167,32.3,14.54,16.91,31.45,23.96,22.87,133.0,0.213,29.0,21.8,5.0,3.76,0.618,0.157,24.08,11.07,19.14,30.21,25.62,16.38,177.0,0.234,54.0,30.51,16.0,9.04,0.653,0.1139999999999999,27.76,11.0,22.57,33.57,28.9,25.84
747195,2024-06-05,2024,656305,R,663531,L,field_out,False,False,60.0,0.364,11.0,18.33,5.0,8.33,1.053,0.272,13.33,6.45,16.53,22.98,29.51,13.41,113.0,0.307,26.0,23.01,10.0,8.85,0.89,0.208,30.77,13.88,17.35,31.24,20.45,17.81,62.0,0.263,9.0,14.52,4.0,6.45,0.744,0.15799999999999997,19.64,10.05,10.5,20.55,25.66,17.65,,,,,,,,,,,,,,
747195,2024-06-05,2024,624585,R,663531,L,field_out,False,False,56.0,0.224,13.0,23.21,5.0,8.93,0.729,0.18399999999999997,28.44,13.9,13.45,27.35,31.25,19.4,135.0,0.277,30.0,22.22,20.0,14.81,1.081,0.4109999999999999,26.29,11.6,16.16,27.76,25.27,18.75,62.0,0.263,9.0,14.52,4.0,6.45,0.744,0.15799999999999997,19.64,10.05,10.5,20.55,25.66,17.65,,,,,,,,,,,,,,
747195,2024-06-05,2024,527038,R,663531,L,single,False,False,72.0,0.2,10.0,13.89,5.0,6.94,0.577,0.123,13.18,5.9,19.79,25.69,28.76,11.24,182.0,0.303,28.0,15.38,14.0,7.69,0.886,0.224,17.07,7.55,21.16,28.71,29.47,12.17,62.0,0.263,9.0,14.52,4.0,6.45,0.744,0.15799999999999997,19.64,10.05,10.5,20.55,25.66,17.65,,,,,,,,,,,,,,
747195,2024-06-05,2024,573262,L,663531,L,strikeout,True,False,19.0,0.188,5.0,26.32,2.0,10.53,0.628,0.124,27.59,11.59,14.49,26.09,15.62,41.67,85.0,0.203,24.0,28.24,5.0,5.88,0.5920000000000001,0.139,23.31,9.57,22.84,32.41,18.67,26.37,41.0,0.25,6.0,14.63,2.0,4.88,0.571,0.028000000000000025,22.06,11.45,22.14,33.59,22.73,17.14,,,,,,,,,,,,,,
747195,2024-06-05,2024,664983,L,663855,R,walk,False,True,116.0,0.235,24.0,20.69,10.0,8.62,0.6699999999999999,0.128,21.53,10.32,16.06,26.38,27.48,17.91,230.0,0.255,51.0,22.17,17.0,7.39,0.643,0.072,22.4,11.76,13.9,25.65,32.76,19.39,125.0,0.224,23.0,18.4,14.0,11.2,0.646,0.094,24.03,10.73,14.94,25.67,27.87,14.47,109.0,0.225,27.0,24.77,16.0,14.68,0.6639999999999999,0.0779999999999999,28.89,12.53,15.18,27.71,26.27,23.89
747195,2024-06-05,2024,621028,R,663855,R,single,False,False,89.0,0.247,17.0,19.1,6.0,6.74,0.645,0.09899999999999998,21.53,9.9,19.81,29.71,24.2,20.48,143.0,0.234,18.0,12.59,7.0,4.9,0.571,0.0549999999999999,15.29,7.27,19.84,27.11,26.2,13.04,133.0,0.213,29.0,21.8,5.0,3.76,0.618,0.157,24.08,11.07,19.14,30.21,25.62,16.38,177.0,0.234,54.0,30.51,16.0,9.04,0.653,0.1139999999999999,27.76,11.0,22.57,33.57,28.9,25.84
747195,2024-06-05,2024,571466,L,663855,R,field_out,False,False,44.0,0.182,14.0,31.82,10.0,22.73,0.584,0.03,29.33,11.83,17.74,29.57,20.21,23.33,106.0,0.191,33.0,31.13,10.0,9.43,0.508,0.043,24.64,11.67,18.08,29.75,29.3,20.75,125.0,0.224,23.0,18.4,14.0,11.2,0.646,0.094,24.03,10.73,14.94,25.67,27.87,14.47,109.0,0.225,27.0,24.77,16.0,14.68,0.6639999999999999,0.0779999999999999,28.89,12.53,15.18,27.71,26.27,23.89
747195,2024-06-05,2024,682998,L,663855,R,strikeout,True,False,164.0,0.183,33.0,20.12,20.0,12.2,0.576,0.10599999999999998,21.07,9.42,16.13,25.56,26.04,20.5,472.0,0.286,105.0,22.25,46.0,9.75,0.921,0.266,22.34,10.24,16.27,26.51,28.83,21.92,125.0,0.224,23.0,18.4,14.0,11.2,0.646,0.094,24.03,10.73,14.94,25.67,27.87,14.47,109.0,0.225,27.0,24.77,16.0,14.68,0.6639999999999999,0.0779999999999999,28.89,12.53,15.18,27.71,26.27,23.89
747195,2024-06-05,2024,677942,R,663855,R,single,False,False,62.0,0.228,15.0,24.19,5.0,8.06,0.606,0.088,28.21,13.92,14.35,28.27,33.33,20.83,,,,,,,,,,,,,,,133.0,0.213,29.0,21.8,5.0,3.76,0.618,0.157,24.08,11.07,19.14,30.21,25.62,16.38,177.0,0.234,54.0,30.51,16.0,9.04,0.653,0.1139999999999999,27.76,11.0,22.57,33.57,28.9,25.84
747195,2024-06-05,2024,592626,L,663855,R,walk,False,True,153.0,0.297,37.0,24.18,16.0,10.46,0.895,0.21100000000000002,25.86,11.85,17.38,29.23,27.86,20.79,373.0,0.241,74.0,19.84,49.0,13.14,0.786,0.194,24.13,10.89,15.07,25.96,29.36,16.09,125.0,0.224,23.0,18.4,14.0,11.2,0.646,0.094,24.03,10.73,14.94,25.67,27.87,14.47,109.0,0.225,27.0,24.77,16.0,14.68,0.6639999999999999,0.0779999999999999,28.89,12.53,15.18,27.71,26.27,23.89
747195,2024-06-05,2024,666971,R,663546,R,field_out,False,False,166.0,0.197,31.0,18.67,8.0,4.82,0.5720000000000001,0.134,20.62,10.48,15.71,26.19,31.17,16.67,433.0,0.247,85.0,19.63,21.0,4.85,0.756,0.22,20.07,9.99,16.64,26.63,31.06,17.82,55.0,0.264,15.0,27.27,1.0,1.82,0.631,0.07600000000000001,30.77,14.36,23.59,37.95,35.42,27.27,79.0,0.333,19.0,24.05,8.0,10.13,0.853,0.1019999999999999,21.37,8.56,22.6,31.16,26.67,26.03
747195,2024-06-05,2024,666149,R,663531,L,strikeout,True,False,33.0,0.258,11.0,33.33,2.0,6.06,0.626,0.065,33.8,15.58,14.94,30.52,14.67,20.75,12.0,0.25,4.0,33.33,0.0,0.0,1.0,0.5,21.74,9.26,20.37,29.63,8.33,23.53,62.0,0.263,9.0,14.52,4.0,6.45,0.744,0.15799999999999997,19.64,10.05,10.5,20.55,25.66,17.65,,,,,,,,,,,,,,
747195,2024-06-05,2024,592200,R,663531,L,strikeout,True,False,10.0,0.125,1.0,10.0,2.0,20.0,0.425,0.0,7.14,2.33,20.93,23.26,13.64,9.09,33.0,0.185,5.0,15.15,5.0,15.15,0.534,0.037,20.59,9.79,11.19,20.98,18.06,8.47,62.0,0.263,9.0,14.52,4.0,6.45,0.744,0.15799999999999997,19.64,10.05,10.5,20.55,25.66,17.65,,,,,,,,,,,,,,
747195,2024-06-05,2024,596103,R,663531,L,strikeout,True,False,41.0,0.121,9.0,21.95,7.0,17.07,0.414,0.0,26.76,10.8,17.61,28.41,17.2,16.67,147.0,0.288,40.0,27.21,13.0,8.84,0.8,0.151,27.27,11.44,19.76,31.2,22.15,21.51,62.0,0.263,9.0,14.52,4.0,6.45,0.744,0.15799999999999997,19.64,10.05,10.5,20.55,25.66,17.65,,,,,,,,,,,,,,
747195,2024-06-05,2024,656976,L,663546,R,home_run,False,False,45.0,0.238,6.0,13.33,2.0,4.44,0.672,0.16700000000000004,16.42,7.24,17.76,25.0,18.31,13.89,186.0,0.196,33.0,17.74,31.0,16.67,0.681,0.1499999999999999,18.87,7.59,19.04,26.63,22.88,16.84,45.0,0.15,9.0,20.0,3.0,6.67,0.602,0.225,11.54,5.36,20.24,25.6,25.97,17.65,60.0,0.294,12.0,20.0,5.0,8.33,0.863,0.196,23.21,11.4,16.67,28.07,21.78,17.65
747195,2024-06-05,2024,553993,R,663546,R,strikeout,True,False,166.0,0.199,44.0,26.51,8.0,4.82,0.5840000000000001,0.132,30.31,14.7,15.45,30.15,27.96,22.0,537.0,0.227,161.0,29.98,48.0,8.94,0.706,0.167,32.3,14.54,16.91,31.45,23.96,22.87,55.0,0.264,15.0,27.27,1.0,1.82,0.631,0.07600000000000001,30.77,14.36,23.59,37.95,35.42,27.27,79.0,0.333,19.0,24.05,8.0,10.13,0.853,0.1019999999999999,21.37,8.56,22.6,31.16,26.67,26.03
747195,2024-06-05,2024,664983,L,663546,R,field_out,False,False,116.0,0.235,24.0,20.69,10.0,8.62,0.6699999999999999,0.128,21.53,10.32,16.06,26.38,27.48,17.91,230.0,0.255,51.0,22.17,17.0,7.39,0.643,0.072,22.4,11.76,13.9,25.65,32.76,19.39,45.0,0.15,9.0,20.0,3.0,6.67,0.602,0.225,11.54,5.36,20.24,25.6,25.97,17.65,60.0,0.294,12.0,20.0,5.0,8.33,0.863,0.196,23.21,11.4,16.67,28.07,21.78,17.65
747195,2024-06-05,2024,621028,R,663546,R,field_out,False,False,89.0,0.247,17.0,19.1,6.0,6.74,0.645,0.09899999999999998,21.53,9.9,19.81,29.71,24.2,20.48,143.0,0.234,18.0,12.59,7.0,4.9,0.571,0.0549999999999999,15.29,7.27,19.84,27.11,26.2,13.04,55.0,0.264,15.0,27.27,1.0,1.82,0.631,0.07600000000000001,30.77,14.36,23.59,37.95,35.42,27.27,79.0,0.333,19.0,24.05,8.0,10.13,0.853,0.1019999999999999,21.37,8.56,22.6,31.16,26.67,26.03
747195,2024-06-05,2024,671218,R,663531,L,single,False,False,26.0,0.316,7.0,26.92,6.0,23.08,1.237,0.421,30.43,15.11,7.91,23.02,23.61,12.28,46.0,0.186,16.0,34.78,3.0,6.52,0.588,0.1629999999999999,32.35,16.67,13.64,30.3,30.21,23.53,62.0,0.263,9.0,14.52,4.0,6.45,0.744,0.15799999999999997,19.64,10.05,10.5,20.55,25.66,17.65,,,,,,,,,,,,,,
747195,2024-06-05,2024,642731,R,663531,L,fielders_choice,False,False,57.0,0.208,11.0,19.3,3.0,5.26,0.604,0.15,21.36,11.22,16.84,28.06,33.67,21.15,150.0,0.257,36.0,24.0,7.0,4.67,0.643,0.079,21.99,10.73,18.17,28.89,37.46,20.57,62.0,0.263,9.0,14.52,4.0,6.45,0.744,0.15799999999999997,19.64,10.05,10.5,20.55,25.66,17.65,,,,,,,,,,,,,,
747195,2024-06-05,2024,656305,R,663531,L,walk,False,True,60.0,0.364,11.0,18.33,5.0,8.33,1.053,0.272,13.33,6.45,16.53,22.98,29.51,13.41,113.0,0.307,26.0,23.01,10.0,8.85,0.89,0.208,30.77,13.88,17.35,31.24,20.45,17.81,62.0,0.263,9.0,14.52,4.0,6.45,0.744,0.15799999999999997,19.64,10.05,10.5,20.55,25.66,17.65,,,,,,,,,,,,,,
747195,2024-06-05,2024,624585,R,686826,R,force_out,False,False,146.0,0.206,31.0,21.23,13.0,8.9,0.618,0.13799999999999998,26.72,12.84,14.86,27.71,27.76,20.81,446.0,0.242,111.0,24.89,46.0,10.31,0.788,0.22,27.97,12.22,16.15,28.37,25.71,21.19,92.0,0.225,17.0,18.48,11.0,11.96,0.726,0.17500000000000002,24.72,11.96,15.49,27.45,28.02,15.32,55.0,0.151,11.0,20.0,2.0,3.64,0.484,0.151,22.22,10.05,15.98,26.03,30.25,18.03
747195,2024-06-05,2024,527038,R,686826,R,force_out,False,False,96.0,0.22,12.0,12.5,10.0,10.42,0.5680000000000001,0.036000000000000004,15.0,6.15,23.85,30.0,27.8,10.17,273.0,0.271,35.0,12.82,27.0,9.89,0.849,0.2249999999999999,14.98,6.76,19.32,26.08,27.75,9.09,92.0,0.225,17.0,18.48,11.0,11.96,0.726,0.17500000000000002,24.72,11.96,15.49,27.45,28.02,15.32,55.0,0.151,11.0,20.0,2.0,3.64,0.484,0.151,22.22,10.05,15.98,26.03,30.25,18.03
747195,2024-06-05,2024,573262,L,686826,R,field_out,False,False,151.0,0.217,43.0,28.48,11.0,7.28,0.674,0.18200000000000002,25.91,10.86,18.65,29.51,19.43,22.87,296.0,0.243,75.0,25.34,40.0,13.51,0.831,0.235,23.69,9.65,18.67,28.32,20.68,19.69,56.0,0.279,8.0,14.29,12.0,21.43,0.841,0.11599999999999999,23.21,10.44,10.44,20.88,22.95,8.99,37.0,0.207,1.0,2.7,7.0,18.92,0.661,0.103,11.67,4.64,13.91,18.54,9.76,2.56
747195,2024-06-05,2024,571466,L,669062,L,strikeout,True,False,21.0,0.105,8.0,38.1,1.0,4.76,0.308,0.053000000000000005,47.06,20.0,23.75,43.75,34.88,36.36,17.0,0.267,9.0,52.94,2.0,11.76,0.753,0.133,31.03,13.64,25.76,39.39,27.59,39.13,43.0,0.147,16.0,37.21,8.0,18.6,0.532,0.059,38.57,13.64,20.71,34.34,19.82,22.06,,,,,,,,,,,,,,
747195,2024-06-05,2024,682998,L,669062,L,field_out,False,False,90.0,0.207,18.0,20.0,5.0,5.56,0.535,0.061000000000000026,21.15,9.73,18.88,28.61,31.61,19.15,174.0,0.283,20.0,11.49,11.0,6.32,0.7210000000000001,0.099,19.57,8.84,18.17,27.0,25.0,14.71,43.0,0.147,16.0,37.21,8.0,18.6,0.532,0.059,38.57,13.64,20.71,34.34,19.82,22.06,,,,,,,,,,,,,,
747195,2024-06-05,2024,677942,R,669062,L,strikeout,True,False,64.0,0.362,17.0,26.56,6.0,9.38,0.974,0.19000000000000006,24.24,12.31,12.31,24.62,21.71,19.1,,,,,,,,,,,,,,,70.0,0.206,18.0,25.71,7.0,10.0,0.762,0.27,32.88,15.89,14.57,30.46,25.68,17.14,,,,,,,,,,,,,,
747195,2024-06-05,2024,666149,R,686826,R,single,False,False,30.0,0.25,12.0,40.0,1.0,3.33,0.8,0.25,31.48,12.88,21.97,34.85,21.54,27.91,22.0,0.2,6.0,27.27,2.0,9.09,0.573,0.0999999999999999,27.91,12.9,18.28,31.18,20.45,18.18,92.0,0.225,17.0,18.48,11.0,11.96,0.726,0.17500000000000002,24.72,11.96,15.49,27.45,28.02,15.32,55.0,0.151,11.0,20.0,2.0,3.64,0.484,0.151,22.22,10.05,15.98,26.03,30.25,18.03
747195,2024-06-05,2024,592200,R,686826,R,field_out,False,False,20.0,0.267,1.0,5.0,3.0,15.0,0.688,0.0,9.38,4.41,11.76,16.18,7.14,4.0,63.0,0.17,18.0,28.57,6.0,9.52,0.468,0.0189999999999999,27.45,12.23,18.34,30.57,25.0,26.87,92.0,0.225,17.0,18.48,11.0,11.96,0.726,0.17500000000000002,24.72,11.96,15.49,27.45,28.02,15.32,55.0,0.151,11.0,20.0,2.0,3.64,0.484,0.151,22.22,10.05,15.98,26.03,30.25,18.03
747195,2024-06-05,2024,624424,L,686826,R,field_out,False,False,123.0,0.25,25.0,20.33,11.0,8.94,0.755,0.188,23.73,11.36,15.62,26.98,30.23,16.78,368.0,0.245,77.0,20.92,50.0,13.59,0.753,0.155,23.68,10.56,15.02,25.57,23.23,16.81,56.0,0.279,8.0,14.29,12.0,21.43,0.841,0.11599999999999999,23.21,10.44,10.44,20.88,22.95,8.99,37.0,0.207,1.0,2.7,7.0,18.92,0.661,0.103,11.67,4.64,13.91,18.54,9.76,2.56
747195,2024-06-05,2024,671218,R,686826,R,walk,False,True,76.0,0.282,27.0,35.53,5.0,6.58,0.7230000000000001,0.11200000000000004,34.04,15.69,16.34,32.03,28.4,28.42,14.0,0.154,4.0,28.57,1.0,7.14,0.368,0.0,30.43,14.58,18.75,33.33,26.09,50.0,92.0,0.225,17.0,18.48,11.0,11.96,0.726,0.17500000000000002,24.72,11.96,15.49,27.45,28.02,15.32,55.0,0.151,11.0,20.0,2.0,3.64,0.484,0.151,22.22,10.05,15.98,26.03,30.25,18.03
747195,2024-06-05,2024,642731,R,686826,R,force_out,False,False,178.0,0.254,34.0,19.1,5.0,2.81,0.713,0.172,19.68,9.73,19.3,29.03,35.58,19.1,380.0,0.276,84.0,22.11,15.0,3.95,0.767,0.172,21.44,11.24,17.01,28.25,38.17,20.1,92.0,0.225,17.0,18.48,11.0,11.96,0.726,0.17500000000000002,24.72,11.96,15.49,27.45,28.02,15.32,55.0,0.151,11.0,20.0,2.0,3.64,0.484,0.151,22.22,10.05,15.98,26.03,30.25,18.03
747195,2024-06-05,2024,592626,L,676254,R,field_out,False,False,153.0,0.297,37.0,24.18,16.0,10.46,0.895,0.21100000000000002,25.86,11.85,17.38,29.23,27.86,20.79,373.0,0.241,74.0,19.84,49.0,13.14,0.786,0.194,24.13,10.89,15.07,25.96,29.36,16.09,50.0,0.208,18.0,36.0,1.0,2.0,0.594,0.146,35.58,17.79,17.79,35.58,31.91,25.0,96.0,0.221,29.0,30.21,7.0,7.29,0.711,0.1979999999999999,31.22,14.6,18.81,33.42,31.25,19.72
747195,2024-06-05,2024,666971,R,676254,R,strikeout,True,False,166.0,0.197,31.0,18.67,8.0,4.82,0.5720000000000001,0.134,20.62,10.48,15.71,26.19,31.17,16.67,433.0,0.247,85.0,19.63,21.0,4.85,0.756,0.22,20.07,9.99,16.64,26.63,31.06,17.82,74.0,0.231,24.0,32.43,4.0,5.41,0.5880000000000001,0.04600000000000001,26.92,12.07,22.07,34.14,31.39,24.24,168.0,0.286,49.0,29.17,17.0,10.12,0.78,0.136,32.45,14.5,19.97,34.47,33.33,24.5
747195,2024-06-05,2024,656976,L,676254,R,walk,False,True,45.0,0.238,6.0,13.33,2.0,4.44,0.672,0.16700000000000004,16.42,7.24,17.76,25.0,18.31,13.89,186.0,0.196,33.0,17.74,31.0,16.67,0.681,0.1499999999999999,18.87,7.59,19.04,26.63,22.88,16.84,50.0,0.208,18.0,36.0,1.0,2.0,0.594,0.146,35.58,17.79,17.79,35.58,31.91,25.0,96.0,0.221,29.0,30.21,7.0,7.29,0.711,0.1979999999999999,31.22,14.6,18.81,33.42,31.25,19.72
747195,2024-06-05,2024,606466,L,676254,R,strikeout,True,False,166.0,0.24,40.0,24.1,14.0,8.43,0.671,0.13,24.33,11.66,14.22,25.88,26.73,22.29,452.0,0.259,85.0,18.81,54.0,11.95,0.827,0.2199999999999999,20.87,9.03,16.76,25.8,21.17,17.28,50.0,0.208,18.0,36.0,1.0,2.0,0.594,0.146,35.58,17.79,17.79,35.58,31.91,25.0,96.0,0.221,29.0,30.21,7.0,7.29,0.711,0.1979999999999999,31.22,14.6,18.81,33.42,31.25,19.72
747195,2024-06-05,2024,656305,R,676714,L,field_out,False,False,60.0,0.364,11.0,18.33,5.0,8.33,1.053,0.272,13.33,6.45,16.53,22.98,29.51,13.41,113.0,0.307,26.0,23.01,10.0,8.85,0.89,0.208,30.77,13.88,17.35,31.24,20.45,17.81,28.0,0.44,6.0,21.43,2.0,7.14,1.42,0.48000000000000004,24.0,10.17,16.95,27.12,27.27,21.43,33.0,0.296,7.0,21.21,4.0,12.12,0.999,0.297,31.48,13.39,16.54,29.92,33.33,18.92
747195,2024-06-05,2024,624585,R,676714,L,home_run,False,False,56.0,0.224,13.0,23.21,5.0,8.93,0.729,0.18399999999999997,28.44,13.9,13.45,27.35,31.25,19.4,135.0,0.277,30.0,22.22,20.0,14.81,1.081,0.4109999999999999,26.29,11.6,16.16,27.76,25.27,18.75,28.0,0.44,6.0,21.43,2.0,7.14,1.42,0.48000000000000004,24.0,10.17,16.95,27.12,27.27,21.43,33.0,0.296,7.0,21.21,4.0,12.12,0.999,0.297,31.48,13.39,16.54,29.92,33.33,18.92
747195,2024-06-05,2024,527038,R,676714,L,walk,False,True,72.0,0.2,10.0,13.89,5.0,6.94,0.577,0.123,13.18,5.9,19.79,25.69,28.76,11.24,182.0,0.303,28.0,15.38,14.0,7.69,0.886,0.224,17.07,7.55,21.16,28.71,29.47,12.17,28.0,0.44,6.0,21.43,2.0,7.14,1.42,0.48000000000000004,24.0,10.17,16.95,27.12,27.27,21.43,33.0,0.296,7.0,21.21,4.0,12.12,0.999,0.297,31.48,13.39,16.54,29.92,33.33,18.92
747195,2024-06-05,2024,573262,L,676714,L,strikeout,True,False,19.0,0.188,5.0,26.32,2.0,10.53,0.628,0.124,27.59,11.59,14.49,26.09,15.62,41.67,85.0,0.203,24.0,28.24,5.0,5.88,0.5920000000000001,0.139,23.31,9.57,22.84,32.41,18.67,26.37,17.0,0.2,4.0,23.53,1.0,5.88,0.494,0.0,25.93,11.86,16.95,28.81,34.48,23.53,30.0,0.231,10.0,33.33,4.0,13.33,0.5640000000000001,0.0,43.14,18.97,13.79,32.76,23.44,29.41
747195,2024-06-05,2024,666149,R,676714,L,single,False,False,33.0,0.258,11.0,33.33,2.0,6.06,0.626,0.065,33.8,15.58,14.94,30.52,14.67,20.75,12.0,0.25,4.0,33.33,0.0,0.0,1.0,0.5,21.74,9.26,20.37,29.63,8.33,23.53,28.0,0.44,6.0,21.43,2.0,7.14,1.42,0.48000000000000004,24.0,10.17,16.95,27.12,27.27,21.43,33.0,0.296,7.0,21.21,4.0,12.12,0.999,0.297,31.48,13.39,16.54,29.92,33.33,18.92
747195,2024-06-05,2024,592200,R,676714,L,field_out,False,False,10.0,0.125,1.0,10.0,2.0,20.0,0.425,0.0,7.14,2.33,20.93,23.26,13.64,9.09,33.0,0.185,5.0,15.15,5.0,15.15,0.534,0.037,20.59,9.79,11.19,20.98,18.06,8.47,28.0,0.44,6.0,21.43,2.0,7.14,1.42,0.48000000000000004,24.0,10.17,16.95,27.12,27.27,21.43,33.0,0.296,7.0,21.21,4.0,12.12,0.999,0.297,31.48,13.39,16.54,29.92,33.33,18.92
747195,2024-06-05,2024,664983,L,643511,R,hit_by_pitch,False,False,116.0,0.235,24.0,20.69,10.0,8.62,0.6699999999999999,0.128,21.53,10.32,16.06,26.38,27.48,17.91,230.0,0.255,51.0,22.17,17.0,7.39,0.643,0.072,22.4,11.76,13.9,25.65,32.76,19.39,51.0,0.289,6.0,11.76,1.0,1.96,0.718,0.08900000000000002,14.0,7.78,16.67,24.44,27.27,10.53,136.0,0.2,32.0,23.53,9.0,6.62,0.5569999999999999,0.0919999999999999,20.7,10.56,18.33,28.88,27.6,21.33
747195,2024-06-05,2024,621028,R,643511,R,field_out,False,False,89.0,0.247,17.0,19.1,6.0,6.74,0.645,0.09899999999999998,21.53,9.9,19.81,29.71,24.2,20.48,143.0,0.234,18.0,12.59,7.0,4.9,0.571,0.0549999999999999,15.29,7.27,19.84,27.11,26.2,13.04,68.0,0.235,15.0,22.06,0.0,0.0,0.617,0.14700000000000002,21.31,12.21,15.49,27.7,36.17,26.79,173.0,0.262,28.0,16.18,10.0,5.78,0.733,0.1629999999999999,23.75,12.04,17.27,29.32,30.54,16.37
747195,2024-06-05,2024,572233,R,643511,R,field_out,False,False,187.0,0.252,41.0,21.93,25.0,13.37,0.829,0.21899999999999997,25.46,12.16,13.16,25.31,25.12,15.59,497.0,0.259,95.0,19.11,42.0,8.45,0.8009999999999999,0.2129999999999999,26.19,12.83,14.15,26.98,26.84,15.33,68.0,0.235,15.0,22.06,0.0,0.0,0.617,0.14700000000000002,21.31,12.21,15.49,27.7,36.17,26.79,173.0,0.262,28.0,16.18,10.0,5.78,0.733,0.1629999999999999,23.75,12.04,17.27,29.32,30.54,16.37
747195,2024-06-05,2024,682998,L,643511,R,field_out,False,False,164.0,0.183,33.0,20.12,20.0,12.2,0.576,0.10599999999999998,21.07,9.42,16.13,25.56,26.04,20.5,472.0,0.286,105.0,22.25,46.0,9.75,0.921,0.266,22.34,10.24,16.27,26.51,28.83,21.92,51.0,0.289,6.0,11.76,1.0,1.96,0.718,0.08900000000000002,14.0,7.78,16.67,24.44,27.27,10.53,136.0,0.2,32.0,23.53,9.0,6.62,0.5569999999999999,0.0919999999999999,20.7,10.56,18.33,28.88,27.6,21.33
747195,2024-06-05,2024,624424,L,676714,L,single,False,False,40.0,0.308,10.0,25.0,1.0,2.5,0.863,0.23000000000000004,28.75,15.33,20.0,35.33,33.33,20.41,102.0,0.219,29.0,28.43,3.0,2.94,0.5980000000000001,0.114,29.28,13.52,20.15,33.67,28.95,22.83,17.0,0.2,4.0,23.53,1.0,5.88,0.494,0.0,25.93,11.86,16.95,28.81,34.48,23.53,30.0,0.231,10.0,33.33,4.0,13.33,0.5640000000000001,0.0,43.14,18.97,13.79,32.76,23.44,29.41
747195,2024-06-05,2024,671218,R,676714,L,walk,False,True,26.0,0.316,7.0,26.92,6.0,23.08,1.237,0.421,30.43,15.11,7.91,23.02,23.61,12.28,46.0,0.186,16.0,34.78,3.0,6.52,0.588,0.1629999999999999,32.35,16.67,13.64,30.3,30.21,23.53,28.0,0.44,6.0,21.43,2.0,7.14,1.42,0.48000000000000004,24.0,10.17,16.95,27.12,27.27,21.43,33.0,0.296,7.0,21.21,4.0,12.12,0.999,0.297,31.48,13.39,16.54,29.92,33.33,18.92
747195,2024-06-05,2024,642731,R,676714,L,double,False,False,57.0,0.208,11.0,19.3,3.0,5.26,0.604,0.15,21.36,11.22,16.84,28.06,33.67,21.15,150.0,0.257,36.0,24.0,7.0,4.67,0.643,0.079,21.99,10.73,18.17,28.89,37.46,20.57,28.0,0.44,6.0,21.43,2.0,7.14,1.42,0.48000000000000004,24.0,10.17,16.95,27.12,27.27,21.43,33.0,0.296,7.0,21.21,4.0,12.12,0.999,0.297,31.48,13.39,16.54,29.92,33.33,18.92
747195,2024-06-05,2024,656305,R,676714,L,walk,False,True,60.0,0.364,11.0,18.33,5.0,8.33,1.053,0.272,13.33,6.45,16.53,22.98,29.51,13.41,113.0,0.307,26.0,23.01,10.0,8.85,0.89,0.208,30.77,13.88,17.35,31.24,20.45,17.81,28.0,0.44,6.0,21.43,2.0,7.14,1.42,0.48000000000000004,24.0,10.17,16.95,27.12,27.27,21.43,33.0,0.296,7.0,21.21,4.0,12.12,0.999,0.297,31.48,13.39,16.54,29.92,33.33,18.92
747195,2024-06-05,2024,624585,R,676714,L,field_out,False,False,56.0,0.224,13.0,23.21,5.0,8.93,0.729,0.18399999999999997,28.44,13.9,13.45,27.35,31.25,19.4,135.0,0.277,30.0,22.22,20.0,14.81,1.081,0.4109999999999999,26.29,11.6,16.16,27.76,25.27,18.75,28.0,0.44,6.0,21.43,2.0,7.14,1.42,0.48000000000000004,24.0,10.17,16.95,27.12,27.27,21.43,33.0,0.296,7.0,21.21,4.0,12.12,0.999,0.297,31.48,13.39,16.54,29.92,33.33,18.92
747195,2024-06-05,2024,527038,R,676714,L,sac_fly,False,False,72.0,0.2,10.0,13.89,5.0,6.94,0.577,0.123,13.18,5.9,19.79,25.69,28.76,11.24,182.0,0.303,28.0,15.38,14.0,7.69,0.886,0.224,17.07,7.55,21.16,28.71,29.47,12.17,28.0,0.44,6.0,21.43,2.0,7.14,1.42,0.48000000000000004,24.0,10.17,16.95,27.12,27.27,21.43,33.0,0.296,7.0,21.21,4.0,12.12,0.999,0.297,31.48,13.39,16.54,29.92,33.33,18.92
747195,2024-06-05,2024,573262,L,676714,L,field_out,False,False,19.0,0.188,5.0,26.32,2.0,10.53,0.628,0.124,27.59,11.59,14.49,26.09,15.62,41.67,85.0,0.203,24.0,28.24,5.0,5.88,0.5920000000000001,0.139,23.31,9.57,22.84,32.41,18.67,26.37,17.0,0.2,4.0,23.53,1.0,5.88,0.494,0.0,25.93,11.86,16.95,28.81,34.48,23.53,30.0,0.231,10.0,33.33,4.0,13.33,0.5640000000000001,0.0,43.14,18.97,13.79,32.76,23.44,29.41
747195,2024-06-05,2024,677942,R,678495,R,field_out,False,False,62.0,0.228,15.0,24.19,5.0,8.06,0.606,0.088,28.21,13.92,14.35,28.27,33.33,20.83,,,,,,,,,,,,,,,48.0,0.167,13.0,27.08,5.0,10.42,0.517,0.095,29.03,14.75,14.21,28.96,31.87,25.0,,,,,,,,,,,,,,
747195,2024-06-05,2024,592626,L,678495,R,strikeout,True,False,153.0,0.297,37.0,24.18,16.0,10.46,0.895,0.21100000000000002,25.86,11.85,17.38,29.23,27.86,20.79,373.0,0.241,74.0,19.84,49.0,13.14,0.786,0.194,24.13,10.89,15.07,25.96,29.36,16.09,28.0,0.308,10.0,35.71,2.0,7.14,0.895,0.23000000000000004,23.21,11.02,19.49,30.51,32.2,25.0,,,,,,,,,,,,,,
747195,2024-06-05,2024,666971,R,678495,R,single,False,False,166.0,0.197,31.0,18.67,8.0,4.82,0.5720000000000001,0.134,20.62,10.48,15.71,26.19,31.17,16.67,433.0,0.247,85.0,19.63,21.0,4.85,0.756,0.22,20.07,9.99,16.64,26.63,31.06,17.82,48.0,0.167,13.0,27.08,5.0,10.42,0.517,0.095,29.03,14.75,14.21,28.96,31.87,25.0,,,,,,,,,,,,,,
747195,2024-06-05,2024,656976,L,678495,R,single,False,False,45.0,0.238,6.0,13.33,2.0,4.44,0.672,0.16700000000000004,16.42,7.24,17.76,25.0,18.31,13.89,186.0,0.196,33.0,17.74,31.0,16.67,0.681,0.1499999999999999,18.87,7.59,19.04,26.63,22.88,16.84,28.0,0.308,10.0,35.71,2.0,7.14,0.895,0.23000000000000004,23.21,11.02,19.49,30.51,32.2,25.0,,,,,,,,,,,,,,
747195,2024-06-05,2024,606466,L,678495,R,field_out,False,False,166.0,0.24,40.0,24.1,14.0,8.43,0.671,0.13,24.33,11.66,14.22,25.88,26.73,22.29,452.0,0.259,85.0,18.81,54.0,11.95,0.827,0.2199999999999999,20.87,9.03,16.76,25.8,21.17,17.28,28.0,0.308,10.0,35.71,2.0,7.14,0.895,0.23000000000000004,23.21,11.02,19.49,30.51,32.2,25.0,,,,,,,,,,,,,,
746544,2024-06-05,2024,670770,L,641712,R,walk,False,True,35.0,0.152,7.0,20.0,2.0,5.71,0.47300000000000003,0.12100000000000002,19.64,8.59,19.53,28.12,25.0,20.59,446.0,0.26,70.0,15.7,38.0,8.52,0.785,0.189,18.12,7.73,19.52,27.25,25.03,13.48,119.0,0.267,15.0,12.61,17.0,14.29,0.766,0.129,17.05,6.54,18.74,25.27,15.52,13.76,174.0,0.305,19.0,10.92,19.0,10.92,0.837,0.15,18.95,8.36,15.94,24.3,20.62,13.01
746544,2024-06-05,2024,682829,L,641712,R,single,False,False,163.0,0.233,58.0,35.58,17.0,10.43,0.779,0.233,33.85,13.84,21.07,34.91,25.23,32.57,307.0,0.255,95.0,30.94,30.0,9.77,0.7989999999999999,0.2159999999999999,26.69,11.86,17.47,29.33,31.27,25.07,119.0,0.267,15.0,12.61,17.0,14.29,0.766,0.129,17.05,6.54,18.74,25.27,15.52,13.76,174.0,0.305,19.0,10.92,19.0,10.92,0.837,0.15,18.95,8.36,15.94,24.3,20.62,13.01
746544,2024-06-05,2024,600869,L,641712,R,strikeout,True,False,146.0,0.222,40.0,27.4,8.0,5.48,0.7130000000000001,0.222,28.92,15.23,14.13,29.36,36.23,24.1,415.0,0.251,91.0,21.93,38.0,9.16,0.812,0.2279999999999999,25.42,11.83,16.22,28.05,27.64,18.71,119.0,0.267,15.0,12.61,17.0,14.29,0.766,0.129,17.05,6.54,18.74,25.27,15.52,13.76,174.0,0.305,19.0,10.92,19.0,10.92,0.837,0.15,18.95,8.36,15.94,24.3,20.62,13.01
746544,2024-06-05,2024,668715,R,641712,R,field_out,False,False,168.0,0.253,31.0,18.45,20.0,11.9,0.748,0.14400000000000002,21.36,9.3,18.17,27.46,25.0,12.86,487.0,0.256,106.0,21.77,51.0,10.47,0.7789999999999999,0.175,25.48,10.86,19.02,29.88,22.75,18.53,138.0,0.238,16.0,11.59,12.0,8.7,0.657,0.09800000000000003,20.51,9.5,16.44,25.94,28.35,11.03,180.0,0.261,26.0,14.44,15.0,8.33,0.7709999999999999,0.1659999999999999,21.19,10.57,12.8,23.36,28.41,14.94
746544,2024-06-05,2024,453568,L,668933,R,single,False,False,157.0,0.231,22.0,14.01,11.0,7.01,0.6659999999999999,0.13999999999999999,18.9,9.5,16.41,25.91,36.99,13.5,309.0,0.272,48.0,15.53,26.0,8.41,0.7909999999999999,0.1689999999999999,21.84,10.67,16.05,26.72,30.66,16.11,124.0,0.289,19.0,15.32,9.0,7.26,0.821,0.193,14.66,7.11,15.06,22.18,28.27,12.95,297.0,0.243,60.0,20.2,21.0,7.07,0.723,0.176,21.76,10.32,17.09,27.41,27.69,17.48
746544,2024-06-05,2024,678662,R,668933,R,single,False,False,191.0,0.3,56.0,29.32,5.0,2.62,0.8089999999999999,0.183,34.74,21.94,10.27,32.21,47.15,23.05,438.0,0.256,109.0,24.89,17.0,3.88,0.69,0.143,29.47,17.51,10.44,27.95,41.11,20.49,139.0,0.254,28.0,20.14,12.0,8.63,0.738,0.139,29.37,14.52,12.68,27.21,25.45,19.72,327.0,0.287,51.0,15.6,31.0,9.48,0.837,0.182,22.94,11.17,16.11,27.28,26.81,17.06
746544,2024-06-05,2024,641857,L,668933,R,single,False,False,176.0,0.253,46.0,26.14,21.0,11.93,0.761,0.16699999999999998,25.5,11.78,16.1,27.88,26.94,17.9,449.0,0.26,141.0,31.4,52.0,11.58,0.826,0.2209999999999999,31.26,14.84,14.94,29.79,25.26,20.41,124.0,0.289,19.0,15.32,9.0,7.26,0.821,0.193,14.66,7.11,15.06,22.18,28.27,12.95,297.0,0.243,60.0,20.2,21.0,7.07,0.723,0.176,21.76,10.32,17.09,27.41,27.69,17.48
746544,2024-06-05,2024,553869,R,668933,R,field_out,False,False,139.0,0.302,26.0,18.71,9.0,6.47,0.7889999999999999,0.127,29.37,16.06,11.99,28.05,34.27,17.93,383.0,0.298,92.0,24.02,23.0,6.01,0.777,0.14,29.34,15.86,11.31,27.17,35.61,20.22,139.0,0.254,28.0,20.14,12.0,8.63,0.738,0.139,29.37,14.52,12.68,27.21,25.45,19.72,327.0,0.287,51.0,15.6,31.0,9.48,0.837,0.182,22.94,11.17,16.11,27.28,26.81,17.06
746544,2024-06-05,2024,663898,R,668933,R,single,False,False,170.0,0.255,44.0,25.88,9.0,5.29,0.6419999999999999,0.09299999999999997,25.53,12.57,15.83,28.4,25.62,19.3,138.0,0.269,33.0,23.91,5.0,3.62,0.709,0.1389999999999999,27.31,13.83,17.45,31.28,33.92,25.0,139.0,0.254,28.0,20.14,12.0,8.63,0.738,0.139,29.37,14.52,12.68,27.21,25.45,19.72,327.0,0.287,51.0,15.6,31.0,9.48,0.837,0.182,22.94,11.17,16.11,27.28,26.81,17.06
746544,2024-06-05,2024,607732,R,668933,R,field_out,False,False,61.0,0.278,13.0,21.31,4.0,6.56,0.731,0.09199999999999997,26.42,12.02,19.74,31.76,23.36,17.81,225.0,0.186,56.0,24.89,24.0,10.67,0.547,0.082,22.79,8.98,20.99,29.97,22.2,22.95,139.0,0.254,28.0,20.14,12.0,8.63,0.738,0.139,29.37,14.52,12.68,27.21,25.45,19.72,327.0,0.287,51.0,15.6,31.0,9.48,0.837,0.182,22.94,11.17,16.11,27.28,26.81,17.06
746544,2024-06-05,2024,660707,R,668933,R,single,False,False,140.0,0.222,29.0,20.71,12.0,8.57,0.637,0.12699999999999997,28.1,15.13,13.36,28.49,36.67,20.28,196.0,0.249,69.0,35.2,12.0,6.12,0.729,0.1689999999999999,41.45,21.48,15.97,37.45,41.94,28.28,139.0,0.254,28.0,20.14,12.0,8.63,0.738,0.139,29.37,14.52,12.68,27.21,25.45,19.72,327.0,0.287,51.0,15.6,31.0,9.48,0.837,0.182,22.94,11.17,16.11,27.28,26.81,17.06
746544,2024-06-05,2024,641584,L,641712,R,field_out,False,False,120.0,0.287,27.0,22.5,9.0,7.5,0.7030000000000001,0.07400000000000001,20.85,12.03,9.35,21.38,28.64,17.88,339.0,0.268,66.0,19.47,34.0,10.03,0.815,0.199,24.78,12.84,11.52,24.36,30.55,18.38,119.0,0.267,15.0,12.61,17.0,14.29,0.766,0.129,17.05,6.54,18.74,25.27,15.52,13.76,174.0,0.305,19.0,10.92,19.0,10.92,0.837,0.15,18.95,8.36,15.94,24.3,20.62,13.01
746544,2024-06-05,2024,663886,R,641712,R,field_out,False,False,114.0,0.262,25.0,21.93,8.0,7.02,0.733,0.14599999999999996,22.78,10.22,19.2,29.43,27.08,21.82,378.0,0.228,105.0,27.78,34.0,8.99,0.657,0.1239999999999999,29.78,12.81,19.96,32.77,26.19,24.59,138.0,0.238,16.0,11.59,12.0,8.7,0.657,0.09800000000000003,20.51,9.5,16.44,25.94,28.35,11.03,180.0,0.261,26.0,14.44,15.0,8.33,0.7709999999999999,0.1659999999999999,21.19,10.57,12.8,23.36,28.41,14.94
746544,2024-06-05,2024,674441,L,641712,R,walk,False,True,38.0,0.258,8.0,21.05,3.0,7.89,0.641,0.03199999999999997,15.62,6.37,22.93,29.3,17.91,14.81,,,,,,,,,,,,,,,119.0,0.267,15.0,12.61,17.0,14.29,0.766,0.129,17.05,6.54,18.74,25.27,15.52,13.76,174.0,0.305,19.0,10.92,19.0,10.92,0.837,0.15,18.95,8.36,15.94,24.3,20.62,13.01
746544,2024-06-05,2024,663697,R,641712,R,field_out,False,False,148.0,0.214,35.0,23.65,20.0,13.51,0.618,0.07999999999999999,18.7,6.61,21.66,28.26,15.62,18.82,397.0,0.257,73.0,18.39,37.0,9.32,0.7809999999999999,0.175,21.3,8.18,21.42,29.59,19.53,15.19,138.0,0.238,16.0,11.59,12.0,8.7,0.657,0.09800000000000003,20.51,9.5,16.44,25.94,28.35,11.03,180.0,0.261,26.0,14.44,15.0,8.33,0.7709999999999999,0.1659999999999999,21.19,10.57,12.8,23.36,28.41,14.94
746544,2024-06-05,2024,595909,L,668933,R,strikeout,True,False,82.0,0.267,21.0,25.61,6.0,7.32,0.65,0.066,20.93,10.62,15.34,25.96,31.95,19.09,171.0,0.226,44.0,25.73,12.0,7.02,0.663,0.155,26.67,12.9,15.25,28.15,29.13,19.91,124.0,0.289,19.0,15.32,9.0,7.26,0.821,0.193,14.66,7.11,15.06,22.18,28.27,12.95,297.0,0.243,60.0,20.2,21.0,7.07,0.723,0.176,21.76,10.32,17.09,27.41,27.69,17.48
746544,2024-06-05,2024,656248,R,668933,R,field_error,False,False,57.0,0.204,18.0,31.58,7.0,12.28,0.643,0.12300000000000003,35.71,15.28,19.65,34.93,19.82,26.09,29.0,0.222,11.0,37.93,1.0,3.45,0.685,0.222,36.17,16.5,21.36,37.86,32.08,35.48,139.0,0.254,28.0,20.14,12.0,8.63,0.738,0.139,29.37,14.52,12.68,27.21,25.45,19.72,327.0,0.287,51.0,15.6,31.0,9.48,0.837,0.182,22.94,11.17,16.11,27.28,26.81,17.06
746544,2024-06-05,2024,453568,L,668933,R,field_out,False,False,157.0,0.231,22.0,14.01,11.0,7.01,0.6659999999999999,0.13999999999999999,18.9,9.5,16.41,25.91,36.99,13.5,309.0,0.272,48.0,15.53,26.0,8.41,0.7909999999999999,0.1689999999999999,21.84,10.67,16.05,26.72,30.66,16.11,124.0,0.289,19.0,15.32,9.0,7.26,0.821,0.193,14.66,7.11,15.06,22.18,28.27,12.95,297.0,0.243,60.0,20.2,21.0,7.07,0.723,0.176,21.76,10.32,17.09,27.41,27.69,17.48
746544,2024-06-05,2024,678662,R,668933,R,field_out,False,False,191.0,0.3,56.0,29.32,5.0,2.62,0.8089999999999999,0.183,34.74,21.94,10.27,32.21,47.15,23.05,438.0,0.256,109.0,24.89,17.0,3.88,0.69,0.143,29.47,17.51,10.44,27.95,41.11,20.49,139.0,0.254,28.0,20.14,12.0,8.63,0.738,0.139,29.37,14.52,12.68,27.21,25.45,19.72,327.0,0.287,51.0,15.6,31.0,9.48,0.837,0.182,22.94,11.17,16.11,27.28,26.81,17.06
746544,2024-06-05,2024,666181,L,641712,R,strikeout,True,False,153.0,0.243,62.0,40.52,17.0,11.11,0.827,0.257,37.91,18.18,14.42,32.6,20.79,29.38,285.0,0.297,89.0,31.23,37.0,12.98,0.938,0.252,31.03,13.11,16.03,29.13,18.51,23.66,119.0,0.267,15.0,12.61,17.0,14.29,0.766,0.129,17.05,6.54,18.74,25.27,15.52,13.76,174.0,0.305,19.0,10.92,19.0,10.92,0.837,0.15,18.95,8.36,15.94,24.3,20.62,13.01
746544,2024-06-05,2024,670770,L,641712,R,hit_by_pitch,False,False,35.0,0.152,7.0,20.0,2.0,5.71,0.47300000000000003,0.12100000000000002,19.64,8.59,19.53,28.12,25.0,20.59,446.0,0.26,70.0,15.7,38.0,8.52,0.785,0.189,18.12,7.73,19.52,27.25,25.03,13.48,119.0,0.267,15.0,12.61,17.0,14.29,0.766,0.129,17.05,6.54,18.74,25.27,15.52,13.76,174.0,0.305,19.0,10.92,19.0,10.92,0.837,0.15,18.95,8.36,15.94,24.3,20.62,13.01
746544,2024-06-05,2024,682829,L,641712,R,field_out,False,False,163.0,0.233,58.0,35.58,17.0,10.43,0.779,0.233,33.85,13.84,21.07,34.91,25.23,32.57,307.0,0.255,95.0,30.94,30.0,9.77,0.7989999999999999,0.2159999999999999,26.69,11.86,17.47,29.33,31.27,25.07,119.0,0.267,15.0,12.61,17.0,14.29,0.766,0.129,17.05,6.54,18.74,25.27,15.52,13.76,174.0,0.305,19.0,10.92,19.0,10.92,0.837,0.15,18.95,8.36,15.94,24.3,20.62,13.01
746544,2024-06-05,2024,600869,L,641712,R,home_run,False,False,146.0,0.222,40.0,27.4,8.0,5.48,0.7130000000000001,0.222,28.92,15.23,14.13,29.36,36.23,24.1,415.0,0.251,91.0,21.93,38.0,9.16,0.812,0.2279999999999999,25.42,11.83,16.22,28.05,27.64,18.71,119.0,0.267,15.0,12.61,17.0,14.29,0.766,0.129,17.05,6.54,18.74,25.27,15.52,13.76,174.0,0.305,19.0,10.92,19.0,10.92,0.837,0.15,18.95,8.36,15.94,24.3,20.62,13.01
746544,2024-06-05,2024,668715,R,641712,R,strikeout,True,False,168.0,0.253,31.0,18.45,20.0,11.9,0.748,0.14400000000000002,21.36,9.3,18.17,27.46,25.0,12.86,487.0,0.256,106.0,21.77,51.0,10.47,0.7789999999999999,0.175,25.48,10.86,19.02,29.88,22.75,18.53,138.0,0.238,16.0,11.59,12.0,8.7,0.657,0.09800000000000003,20.51,9.5,16.44,25.94,28.35,11.03,180.0,0.261,26.0,14.44,15.0,8.33,0.7709999999999999,0.1659999999999999,21.19,10.57,12.8,23.36,28.41,14.94
746544,2024-06-05,2024,641857,L,668933,R,field_out,False,False,176.0,0.253,46.0,26.14,21.0,11.93,0.761,0.16699999999999998,25.5,11.78,16.1,27.88,26.94,17.9,449.0,0.26,141.0,31.4,52.0,11.58,0.826,0.2209999999999999,31.26,14.84,14.94,29.79,25.26,20.41,124.0,0.289,19.0,15.32,9.0,7.26,0.821,0.193,14.66,7.11,15.06,22.18,28.27,12.95,297.0,0.243,60.0,20.2,21.0,7.07,0.723,0.176,21.76,10.32,17.09,27.41,27.69,17.48
746544,2024-06-05,2024,553869,R,668933,R,double,False,False,139.0,0.302,26.0,18.71,9.0,6.47,0.7889999999999999,0.127,29.37,16.06,11.99,28.05,34.27,17.93,383.0,0.298,92.0,24.02,23.0,6.01,0.777,0.14,29.34,15.86,11.31,27.17,35.61,20.22,139.0,0.254,28.0,20.14,12.0,8.63,0.738,0.139,29.37,14.52,12.68,27.21,25.45,19.72,327.0,0.287,51.0,15.6,31.0,9.48,0.837,0.182,22.94,11.17,16.11,27.28,26.81,17.06
746544,2024-06-05,2024,663898,R,668933,R,field_out,False,False,170.0,0.255,44.0,25.88,9.0,5.29,0.6419999999999999,0.09299999999999997,25.53,12.57,15.83,28.4,25.62,19.3,138.0,0.269,33.0,23.91,5.0,3.62,0.709,0.1389999999999999,27.31,13.83,17.45,31.28,33.92,25.0,139.0,0.254,28.0,20.14,12.0,8.63,0.738,0.139,29.37,14.52,12.68,27.21,25.45,19.72,327.0,0.287,51.0,15.6,31.0,9.48,0.837,0.182,22.94,11.17,16.11,27.28,26.81,17.06
746544,2024-06-05,2024,607732,R,668933,R,field_out,False,False,61.0,0.278,13.0,21.31,4.0,6.56,0.731,0.09199999999999997,26.42,12.02,19.74,31.76,23.36,17.81,225.0,0.186,56.0,24.89,24.0,10.67,0.547,0.082,22.79,8.98,20.99,29.97,22.2,22.95,139.0,0.254,28.0,20.14,12.0,8.63,0.738,0.139,29.37,14.52,12.68,27.21,25.45,19.72,327.0,0.287,51.0,15.6,31.0,9.48,0.837,0.182,22.94,11.17,16.11,27.28,26.81,17.06
746544,2024-06-05,2024,641584,L,641712,R,walk,False,True,120.0,0.287,27.0,22.5,9.0,7.5,0.7030000000000001,0.07400000000000001,20.85,12.03,9.35,21.38,28.64,17.88,339.0,0.268,66.0,19.47,34.0,10.03,0.815,0.199,24.78,12.84,11.52,24.36,30.55,18.38,119.0,0.267,15.0,12.61,17.0,14.29,0.766,0.129,17.05,6.54,18.74,25.27,15.52,13.76,174.0,0.305,19.0,10.92,19.0,10.92,0.837,0.15,18.95,8.36,15.94,24.3,20.62,13.01
746544,2024-06-05,2024,663886,R,641712,R,field_out,False,False,114.0,0.262,25.0,21.93,8.0,7.02,0.733,0.14599999999999996,22.78,10.22,19.2,29.43,27.08,21.82,378.0,0.228,105.0,27.78,34.0,8.99,0.657,0.1239999999999999,29.78,12.81,19.96,32.77,26.19,24.59,138.0,0.238,16.0,11.59,12.0,8.7,0.657,0.09800000000000003,20.51,9.5,16.44,25.94,28.35,11.03,180.0,0.261,26.0,14.44,15.0,8.33,0.7709999999999999,0.1659999999999999,21.19,10.57,12.8,23.36,28.41,14.94
746544,2024-06-05,2024,674441,L,641712,R,field_out,False,False,38.0,0.258,8.0,21.05,3.0,7.89,0.641,0.03199999999999997,15.62,6.37,22.93,29.3,17.91,14.81,,,,,,,,,,,,,,,119.0,0.267,15.0,12.61,17.0,14.29,0.766,0.129,17.05,6.54,18.74,25.27,15.52,13.76,174.0,0.305,19.0,10.92,19.0,10.92,0.837,0.15,18.95,8.36,15.94,24.3,20.62,13.01
746544,2024-06-05,2024,660707,R,668933,R,strikeout,True,False,140.0,0.222,29.0,20.71,12.0,8.57,0.637,0.12699999999999997,28.1,15.13,13.36,28.49,36.67,20.28,196.0,0.249,69.0,35.2,12.0,6.12,0.729,0.1689999999999999,41.45,21.48,15.97,37.45,41.94,28.28,139.0,0.254,28.0,20.14,12.0,8.63,0.738,0.139,29.37,14.52,12.68,27.21,25.45,19.72,327.0,0.287,51.0,15.6,31.0,9.48,0.837,0.182,22.94,11.17,16.11,27.28,26.81,17.06
746544,2024-06-05,2024,595909,L,668933,R,field_out,False,False,82.0,0.267,21.0,25.61,6.0,7.32,0.65,0.066,20.93,10.62,15.34,25.96,31.95,19.09,171.0,0.226,44.0,25.73,12.0,7.02,0.663,0.155,26.67,12.9,15.25,28.15,29.13,19.91,124.0,0.289,19.0,15.32,9.0,7.26,0.821,0.193,14.66,7.11,15.06,22.18,28.27,12.95,297.0,0.243,60.0,20.2,21.0,7.07,0.723,0.176,21.76,10.32,17.09,27.41,27.69,17.48
746544,2024-06-05,2024,656248,R,668933,R,hit_by_pitch,False,False,57.0,0.204,18.0,31.58,7.0,12.28,0.643,0.12300000000000003,35.71,15.28,19.65,34.93,19.82,26.09,29.0,0.222,11.0,37.93,1.0,3.45,0.685,0.222,36.17,16.5,21.36,37.86,32.08,35.48,139.0,0.254,28.0,20.14,12.0,8.63,0.738,0.139,29.37,14.52,12.68,27.21,25.45,19.72,327.0,0.287,51.0,15.6,31.0,9.48,0.837,0.182,22.94,11.17,16.11,27.28,26.81,17.06
746544,2024-06-05,2024,453568,L,594580,L,single,False,False,39.0,0.235,1.0,2.56,5.0,12.82,0.657,0.08900000000000002,6.56,3.17,15.08,18.25,26.23,4.17,105.0,0.299,7.0,6.67,13.0,12.38,0.845,0.138,12.2,5.18,18.91,24.09,22.96,7.95,14.0,0.167,5.0,35.71,1.0,7.14,0.381,0.0,39.29,18.33,16.67,35.0,32.26,25.0,121.0,0.161,42.0,34.71,7.0,5.79,0.4579999999999999,0.0799999999999999,27.98,12.53,20.53,33.06,27.27,27.27
746544,2024-06-05,2024,678662,R,594580,L,field_out,False,False,74.0,0.265,23.0,31.08,5.0,6.76,0.752,0.176,36.78,22.38,9.44,31.82,38.85,25.56,177.0,0.246,57.0,32.2,8.0,4.52,0.708,0.185,35.75,21.54,12.35,33.89,44.38,25.56,25.0,0.273,3.0,12.0,2.0,8.0,0.6779999999999999,0.044999999999999984,18.18,7.77,19.42,27.18,12.82,9.09,147.0,0.25,26.0,17.69,23.0,15.65,0.7310000000000001,0.086,17.57,7.36,17.69,25.04,26.1,16.25
746544,2024-06-05,2024,663697,R,641712,R,walk,False,True,148.0,0.214,35.0,23.65,20.0,13.51,0.618,0.07999999999999999,18.7,6.61,21.66,28.26,15.62,18.82,397.0,0.257,73.0,18.39,37.0,9.32,0.7809999999999999,0.175,21.3,8.18,21.42,29.59,19.53,15.19,138.0,0.238,16.0,11.59,12.0,8.7,0.657,0.09800000000000003,20.51,9.5,16.44,25.94,28.35,11.03,180.0,0.261,26.0,14.44,15.0,8.33,0.7709999999999999,0.1659999999999999,21.19,10.57,12.8,23.36,28.41,14.94
746544,2024-06-05,2024,666181,L,641712,R,strikeout,True,False,153.0,0.243,62.0,40.52,17.0,11.11,0.827,0.257,37.91,18.18,14.42,32.6,20.79,29.38,285.0,0.297,89.0,31.23,37.0,12.98,0.938,0.252,31.03,13.11,16.03,29.13,18.51,23.66,119.0,0.267,15.0,12.61,17.0,14.29,0.766,0.129,17.05,6.54,18.74,25.27,15.52,13.76,174.0,0.305,19.0,10.92,19.0,10.92,0.837,0.15,18.95,8.36,15.94,24.3,20.62,13.01
746544,2024-06-05,2024,670770,L,641712,R,home_run,False,False,35.0,0.152,7.0,20.0,2.0,5.71,0.47300000000000003,0.12100000000000002,19.64,8.59,19.53,28.12,25.0,20.59,446.0,0.26,70.0,15.7,38.0,8.52,0.785,0.189,18.12,7.73,19.52,27.25,25.03,13.48,119.0,0.267,15.0,12.61,17.0,14.29,0.766,0.129,17.05,6.54,18.74,25.27,15.52,13.76,174.0,0.305,19.0,10.92,19.0,10.92,0.837,0.15,18.95,8.36,15.94,24.3,20.62,13.01
746544,2024-06-05,2024,682829,L,641712,R,single,False,False,163.0,0.233,58.0,35.58,17.0,10.43,0.779,0.233,33.85,13.84,21.07,34.91,25.23,32.57,307.0,0.255,95.0,30.94,30.0,9.77,0.7989999999999999,0.2159999999999999,26.69,11.86,17.47,29.33,31.27,25.07,119.0,0.267,15.0,12.61,17.0,14.29,0.766,0.129,17.05,6.54,18.74,25.27,15.52,13.76,174.0,0.305,19.0,10.92,19.0,10.92,0.837,0.15,18.95,8.36,15.94,24.3,20.62,13.01
746544,2024-06-05,2024,600869,L,641712,R,single,False,False,146.0,0.222,40.0,27.4,8.0,5.48,0.7130000000000001,0.222,28.92,15.23,14.13,29.36,36.23,24.1,415.0,0.251,91.0,21.93,38.0,9.16,0.812,0.2279999999999999,25.42,11.83,16.22,28.05,27.64,18.71,119.0,0.267,15.0,12.61,17.0,14.29,0.766,0.129,17.05,6.54,18.74,25.27,15.52,13.76,174.0,0.305,19.0,10.92,19.0,10.92,0.837,0.15,18.95,8.36,15.94,24.3,20.62,13.01
746544,2024-06-05,2024,668715,R,680767,R,field_out,False,False,168.0,0.253,31.0,18.45,20.0,11.9,0.748,0.14400000000000002,21.36,9.3,18.17,27.46,25.0,12.86,487.0,0.256,106.0,21.77,51.0,10.47,0.7789999999999999,0.175,25.48,10.86,19.02,29.88,22.75,18.53,78.0,0.338,20.0,25.64,7.0,8.97,0.8340000000000001,0.09899999999999998,21.79,9.71,16.57,26.29,26.37,15.87,27.0,0.333,7.0,25.93,3.0,11.11,0.782,0.0419999999999999,26.42,12.28,14.91,27.19,20.75,19.44
746544,2024-06-05,2024,641584,L,680767,R,field_out,False,False,120.0,0.287,27.0,22.5,9.0,7.5,0.7030000000000001,0.07400000000000001,20.85,12.03,9.35,21.38,28.64,17.88,339.0,0.268,66.0,19.47,34.0,10.03,0.815,0.199,24.78,12.84,11.52,24.36,30.55,18.38,60.0,0.185,5.0,8.33,6.0,10.0,0.489,0.037000000000000005,16.5,7.42,14.41,21.83,20.69,7.94,17.0,0.412,5.0,29.41,0.0,0.0,0.941,0.117,16.22,8.33,11.11,19.44,26.32,17.86
746544,2024-06-05,2024,641857,L,607259,R,field_out,False,False,176.0,0.253,46.0,26.14,21.0,11.93,0.761,0.16699999999999998,25.5,11.78,16.1,27.88,26.94,17.9,449.0,0.26,141.0,31.4,52.0,11.58,0.826,0.2209999999999999,31.26,14.84,14.94,29.79,25.26,20.41,109.0,0.27,16.0,14.68,4.0,3.67,0.738,0.15999999999999998,22.38,11.24,13.88,25.12,35.0,12.5,197.0,0.261,52.0,26.4,16.0,8.12,0.743,0.1539999999999999,31.0,14.69,17.75,32.44,33.17,20.8
746544,2024-06-05,2024,553869,R,607259,R,home_run,False,False,139.0,0.302,26.0,18.71,9.0,6.47,0.7889999999999999,0.127,29.37,16.06,11.99,28.05,34.27,17.93,383.0,0.298,92.0,24.02,23.0,6.01,0.777,0.14,29.34,15.86,11.31,27.17,35.61,20.22,97.0,0.255,21.0,21.65,2.0,2.06,0.63,0.10699999999999998,25.14,13.41,16.33,29.74,37.95,20.19,265.0,0.224,54.0,20.38,24.0,9.06,0.606,0.0839999999999999,26.67,12.33,17.68,30.01,32.95,21.26
746544,2024-06-05,2024,663898,R,607259,R,field_out,False,False,170.0,0.255,44.0,25.88,9.0,5.29,0.6419999999999999,0.09299999999999997,25.53,12.57,15.83,28.4,25.62,19.3,138.0,0.269,33.0,23.91,5.0,3.62,0.709,0.1389999999999999,27.31,13.83,17.45,31.28,33.92,25.0,97.0,0.255,21.0,21.65,2.0,2.06,0.63,0.10699999999999998,25.14,13.41,16.33,29.74,37.95,20.19,265.0,0.224,54.0,20.38,24.0,9.06,0.606,0.0839999999999999,26.67,12.33,17.68,30.01,32.95,21.26
746544,2024-06-05,2024,607732,R,607259,R,field_out,False,False,61.0,0.278,13.0,21.31,4.0,6.56,0.731,0.09199999999999997,26.42,12.02,19.74,31.76,23.36,17.81,225.0,0.186,56.0,24.89,24.0,10.67,0.547,0.082,22.79,8.98,20.99,29.97,22.2,22.95,97.0,0.255,21.0,21.65,2.0,2.06,0.63,0.10699999999999998,25.14,13.41,16.33,29.74,37.95,20.19,265.0,0.224,54.0,20.38,24.0,9.06,0.606,0.0839999999999999,26.67,12.33,17.68,30.01,32.95,21.26
746544,2024-06-05,2024,663886,R,680767,R,strikeout,True,False,114.0,0.262,25.0,21.93,8.0,7.02,0.733,0.14599999999999996,22.78,10.22,19.2,29.43,27.08,21.82,378.0,0.228,105.0,27.78,34.0,8.99,0.657,0.1239999999999999,29.78,12.81,19.96,32.77,26.19,24.59,78.0,0.338,20.0,25.64,7.0,8.97,0.8340000000000001,0.09899999999999998,21.79,9.71,16.57,26.29,26.37,15.87,27.0,0.333,7.0,25.93,3.0,11.11,0.782,0.0419999999999999,26.42,12.28,14.91,27.19,20.75,19.44
746544,2024-06-05,2024,674441,L,680767,R,field_out,False,False,38.0,0.258,8.0,21.05,3.0,7.89,0.641,0.03199999999999997,15.62,6.37,22.93,29.3,17.91,14.81,,,,,,,,,,,,,,,60.0,0.185,5.0,8.33,6.0,10.0,0.489,0.037000000000000005,16.5,7.42,14.41,21.83,20.69,7.94,17.0,0.412,5.0,29.41,0.0,0.0,0.941,0.117,16.22,8.33,11.11,19.44,26.32,17.86
746544,2024-06-05,2024,663697,R,680767,R,strikeout,True,False,148.0,0.214,35.0,23.65,20.0,13.51,0.618,0.07999999999999999,18.7,6.61,21.66,28.26,15.62,18.82,397.0,0.257,73.0,18.39,37.0,9.32,0.7809999999999999,0.175,21.3,8.18,21.42,29.59,19.53,15.19,78.0,0.338,20.0,25.64,7.0,8.97,0.8340000000000001,0.09899999999999998,21.79,9.71,16.57,26.29,26.37,15.87,27.0,0.333,7.0,25.93,3.0,11.11,0.782,0.0419999999999999,26.42,12.28,14.91,27.19,20.75,19.44
746544,2024-06-05,2024,660707,R,607259,R,field_out,False,False,140.0,0.222,29.0,20.71,12.0,8.57,0.637,0.12699999999999997,28.1,15.13,13.36,28.49,36.67,20.28,196.0,0.249,69.0,35.2,12.0,6.12,0.729,0.1689999999999999,41.45,21.48,15.97,37.45,41.94,28.28,97.0,0.255,21.0,21.65,2.0,2.06,0.63,0.10699999999999998,25.14,13.41,16.33,29.74,37.95,20.19,265.0,0.224,54.0,20.38,24.0,9.06,0.606,0.0839999999999999,26.67,12.33,17.68,30.01,32.95,21.26
746544,2024-06-05,2024,595909,L,607259,R,strikeout,True,False,82.0,0.267,21.0,25.61,6.0,7.32,0.65,0.066,20.93,10.62,15.34,25.96,31.95,19.09,171.0,0.226,44.0,25.73,12.0,7.02,0.663,0.155,26.67,12.9,15.25,28.15,29.13,19.91,109.0,0.27,16.0,14.68,4.0,3.67,0.738,0.15999999999999998,22.38,11.24,13.88,25.12,35.0,12.5,197.0,0.261,52.0,26.4,16.0,8.12,0.743,0.1539999999999999,31.0,14.69,17.75,32.44,33.17,20.8
746544,2024-06-05,2024,656248,R,607259,R,field_out,False,False,57.0,0.204,18.0,31.58,7.0,12.28,0.643,0.12300000000000003,35.71,15.28,19.65,34.93,19.82,26.09,29.0,0.222,11.0,37.93,1.0,3.45,0.685,0.222,36.17,16.5,21.36,37.86,32.08,35.48,97.0,0.255,21.0,21.65,2.0,2.06,0.63,0.10699999999999998,25.14,13.41,16.33,29.74,37.95,20.19,265.0,0.224,54.0,20.38,24.0,9.06,0.606,0.0839999999999999,26.67,12.33,17.68,30.01,32.95,21.26
746544,2024-06-05,2024,666181,L,683232,R,single,False,False,153.0,0.243,62.0,40.52,17.0,11.11,0.827,0.257,37.91,18.18,14.42,32.6,20.79,29.38,285.0,0.297,89.0,31.23,37.0,12.98,0.938,0.252,31.03,13.11,16.03,29.13,18.51,23.66,56.0,0.26,18.0,32.14,6.0,10.71,0.659,0.06,25.49,11.93,18.81,30.73,28.42,25.71,44.0,0.158,10.0,22.73,5.0,11.36,0.457,0.0259999999999999,20.83,8.52,20.45,28.98,26.37,18.52
746544,2024-06-05,2024,670770,L,683232,R,strikeout,True,False,35.0,0.152,7.0,20.0,2.0,5.71,0.47300000000000003,0.12100000000000002,19.64,8.59,19.53,28.12,25.0,20.59,446.0,0.26,70.0,15.7,38.0,8.52,0.785,0.189,18.12,7.73,19.52,27.25,25.03,13.48,56.0,0.26,18.0,32.14,6.0,10.71,0.659,0.06,25.49,11.93,18.81,30.73,28.42,25.71,44.0,0.158,10.0,22.73,5.0,11.36,0.457,0.0259999999999999,20.83,8.52,20.45,28.98,26.37,18.52
746544,2024-06-05,2024,682829,L,683232,R,single,False,False,163.0,0.233,58.0,35.58,17.0,10.43,0.779,0.233,33.85,13.84,21.07,34.91,25.23,32.57,307.0,0.255,95.0,30.94,30.0,9.77,0.7989999999999999,0.2159999999999999,26.69,11.86,17.47,29.33,31.27,25.07,56.0,0.26,18.0,32.14,6.0,10.71,0.659,0.06,25.49,11.93,18.81,30.73,28.42,25.71,44.0,0.158,10.0,22.73,5.0,11.36,0.457,0.0259999999999999,20.83,8.52,20.45,28.98,26.37,18.52
746544,2024-06-05,2024,600869,L,683232,R,force_out,False,False,146.0,0.222,40.0,27.4,8.0,5.48,0.7130000000000001,0.222,28.92,15.23,14.13,29.36,36.23,24.1,415.0,0.251,91.0,21.93,38.0,9.16,0.812,0.2279999999999999,25.42,11.83,16.22,28.05,27.64,18.71,56.0,0.26,18.0,32.14,6.0,10.71,0.659,0.06,25.49,11.93,18.81,30.73,28.42,25.71,44.0,0.158,10.0,22.73,5.0,11.36,0.457,0.0259999999999999,20.83,8.52,20.45,28.98,26.37,18.52
746544,2024-06-05,2024,668715,R,683232,R,strikeout,True,False,168.0,0.253,31.0,18.45,20.0,11.9,0.748,0.14400000000000002,21.36,9.3,18.17,27.46,25.0,12.86,487.0,0.256,106.0,21.77,51.0,10.47,0.7789999999999999,0.175,25.48,10.86,19.02,29.88,22.75,18.53,63.0,0.264,14.0,22.22,10.0,15.87,0.739,0.09399999999999997,26.47,10.67,18.18,28.85,24.14,24.56,43.0,0.235,11.0,25.58,9.0,20.93,0.866,0.236,25.32,10.7,16.58,27.27,23.3,20.0
746544,2024-06-05,2024,453568,L,458677,L,double,False,False,39.0,0.235,1.0,2.56,5.0,12.82,0.657,0.08900000000000002,6.56,3.17,15.08,18.25,26.23,4.17,105.0,0.299,7.0,6.67,13.0,12.38,0.845,0.138,12.2,5.18,18.91,24.09,22.96,7.95,28.0,0.24,9.0,32.14,1.0,3.57,0.766,0.24,30.19,14.68,17.43,32.11,33.9,31.03,,,,,,,,,,,,,,
746544,2024-06-05,2024,678662,R,458677,L,single,False,False,74.0,0.265,23.0,31.08,5.0,6.76,0.752,0.176,36.78,22.38,9.44,31.82,38.85,25.56,177.0,0.246,57.0,32.2,8.0,4.52,0.708,0.185,35.75,21.54,12.35,33.89,44.38,25.56,21.0,0.316,5.0,23.81,1.0,4.76,0.907,0.21000000000000002,20.69,13.19,10.99,24.18,40.62,14.29,,,,,,,,,,,,,,
746544,2024-06-05,2024,641857,L,458677,L,strikeout,True,False,80.0,0.338,22.0,27.5,10.0,12.5,0.9890000000000001,0.22100000000000003,27.92,12.57,17.25,29.82,27.38,20.75,178.0,0.191,57.0,32.02,16.0,8.99,0.573,0.118,35.23,16.38,16.64,33.03,25.79,24.15,28.0,0.24,9.0,32.14,1.0,3.57,0.766,0.24,30.19,14.68,17.43,32.11,33.9,31.03,,,,,,,,,,,,,,
746544,2024-06-05,2024,553869,R,608371,R,single,False,False,139.0,0.302,26.0,18.71,9.0,6.47,0.7889999999999999,0.127,29.37,16.06,11.99,28.05,34.27,17.93,383.0,0.298,92.0,24.02,23.0,6.01,0.777,0.14,29.34,15.86,11.31,27.17,35.61,20.22,54.0,0.191,18.0,33.33,7.0,12.96,0.722,0.235,30.56,14.29,16.45,30.74,25.66,23.38,145.0,0.126,47.0,32.41,24.0,16.55,0.5640000000000001,0.144,36.09,15.87,16.53,32.4,27.51,23.74
746544,2024-06-05,2024,663898,R,608371,R,sac_fly,False,False,170.0,0.255,44.0,25.88,9.0,5.29,0.6419999999999999,0.09299999999999997,25.53,12.57,15.83,28.4,25.62,19.3,138.0,0.269,33.0,23.91,5.0,3.62,0.709,0.1389999999999999,27.31,13.83,17.45,31.28,33.92,25.0,54.0,0.191,18.0,33.33,7.0,12.96,0.722,0.235,30.56,14.29,16.45,30.74,25.66,23.38,145.0,0.126,47.0,32.41,24.0,16.55,0.5640000000000001,0.144,36.09,15.87,16.53,32.4,27.51,23.74
746544,2024-06-05,2024,607732,R,608371,R,walk,False,True,61.0,0.278,13.0,21.31,4.0,6.56,0.731,0.09199999999999997,26.42,12.02,19.74,31.76,23.36,17.81,225.0,0.186,56.0,24.89,24.0,10.67,0.547,0.082,22.79,8.98,20.99,29.97,22.2,22.95,54.0,0.191,18.0,33.33,7.0,12.96,0.722,0.235,30.56,14.29,16.45,30.74,25.66,23.38,145.0,0.126,47.0,32.41,24.0,16.55,0.5640000000000001,0.144,36.09,15.87,16.53,32.4,27.51,23.74
746544,2024-06-05,2024,660707,R,608371,R,strikeout,True,False,140.0,0.222,29.0,20.71,12.0,8.57,0.637,0.12699999999999997,28.1,15.13,13.36,28.49,36.67,20.28,196.0,0.249,69.0,35.2,12.0,6.12,0.729,0.1689999999999999,41.45,21.48,15.97,37.45,41.94,28.28,54.0,0.191,18.0,33.33,7.0,12.96,0.722,0.235,30.56,14.29,16.45,30.74,25.66,23.38,145.0,0.126,47.0,32.41,24.0,16.55,0.5640000000000001,0.144,36.09,15.87,16.53,32.4,27.51,23.74
746544,2024-06-05,2024,641584,L,641755,R,walk,False,True,120.0,0.287,27.0,22.5,9.0,7.5,0.7030000000000001,0.07400000000000001,20.85,12.03,9.35,21.38,28.64,17.88,339.0,0.268,66.0,19.47,34.0,10.03,0.815,0.199,24.78,12.84,11.52,24.36,30.55,18.38,48.0,0.357,11.0,22.92,6.0,12.5,1.081,0.28600000000000003,27.66,12.5,14.42,26.92,25.0,17.46,30.0,0.304,6.0,20.0,4.0,13.33,0.8919999999999999,0.174,23.53,10.81,12.61,23.42,20.34,22.22
746544,2024-06-05,2024,663886,R,641755,R,strikeout,True,False,114.0,0.262,25.0,21.93,8.0,7.02,0.733,0.14599999999999996,22.78,10.22,19.2,29.43,27.08,21.82,378.0,0.228,105.0,27.78,34.0,8.99,0.657,0.1239999999999999,29.78,12.81,19.96,32.77,26.19,24.59,61.0,0.259,13.0,21.31,7.0,11.48,0.825,0.22199999999999998,34.11,18.11,12.35,30.45,31.71,17.81,46.0,0.326,11.0,23.91,2.0,4.35,0.883,0.209,22.68,11.76,15.51,27.27,28.41,16.18
746544,2024-06-05,2024,674441,L,641755,R,triple,False,False,38.0,0.258,8.0,21.05,3.0,7.89,0.641,0.03199999999999997,15.62,6.37,22.93,29.3,17.91,14.81,,,,,,,,,,,,,,,48.0,0.357,11.0,22.92,6.0,12.5,1.081,0.28600000000000003,27.66,12.5,14.42,26.92,25.0,17.46,30.0,0.304,6.0,20.0,4.0,13.33,0.8919999999999999,0.174,23.53,10.81,12.61,23.42,20.34,22.22
746544,2024-06-05,2024,663697,R,641755,R,sac_fly,False,False,148.0,0.214,35.0,23.65,20.0,13.51,0.618,0.07999999999999999,18.7,6.61,21.66,28.26,15.62,18.82,397.0,0.257,73.0,18.39,37.0,9.32,0.7809999999999999,0.175,21.3,8.18,21.42,29.59,19.53,15.19,61.0,0.259,13.0,21.31,7.0,11.48,0.825,0.22199999999999998,34.11,18.11,12.35,30.45,31.71,17.81,46.0,0.326,11.0,23.91,2.0,4.35,0.883,0.209,22.68,11.76,15.51,27.27,28.41,16.18
746544,2024-06-05,2024,666181,L,641755,R,strikeout,True,False,153.0,0.243,62.0,40.52,17.0,11.11,0.827,0.257,37.91,18.18,14.42,32.6,20.79,29.38,285.0,0.297,89.0,31.23,37.0,12.98,0.938,0.252,31.03,13.11,16.03,29.13,18.51,23.66,48.0,0.357,11.0,22.92,6.0,12.5,1.081,0.28600000000000003,27.66,12.5,14.42,26.92,25.0,17.46,30.0,0.304,6.0,20.0,4.0,13.33,0.8919999999999999,0.174,23.53,10.81,12.61,23.42,20.34,22.22
746544,2024-06-05,2024,595909,L,518585,R,double,False,False,82.0,0.267,21.0,25.61,6.0,7.32,0.65,0.066,20.93,10.62,15.34,25.96,31.95,19.09,171.0,0.226,44.0,25.73,12.0,7.02,0.663,0.155,26.67,12.9,15.25,28.15,29.13,19.91,56.0,0.191,21.0,37.5,9.0,16.07,0.661,0.14900000000000002,35.78,16.32,14.64,30.96,26.23,26.58,128.0,0.231,43.0,33.59,18.0,14.06,0.733,0.158,29.12,13.69,13.69,27.39,27.0,23.76
746544,2024-06-05,2024,656248,R,518585,R,sac_bunt,False,False,57.0,0.204,18.0,31.58,7.0,12.28,0.643,0.12300000000000003,35.71,15.28,19.65,34.93,19.82,26.09,29.0,0.222,11.0,37.93,1.0,3.45,0.685,0.222,36.17,16.5,21.36,37.86,32.08,35.48,56.0,0.12,31.0,55.36,5.0,8.93,0.336,0.020000000000000018,52.14,26.52,15.22,41.74,41.84,42.47,151.0,0.196,55.0,36.42,10.0,6.62,0.601,0.1519999999999999,39.37,19.93,13.76,33.69,34.92,31.98
746544,2024-06-05,2024,453568,L,518585,R,fielders_choice_out,False,False,157.0,0.231,22.0,14.01,11.0,7.01,0.6659999999999999,0.13999999999999999,18.9,9.5,16.41,25.91,36.99,13.5,309.0,0.272,48.0,15.53,26.0,8.41,0.7909999999999999,0.1689999999999999,21.84,10.67,16.05,26.72,30.66,16.11,56.0,0.191,21.0,37.5,9.0,16.07,0.661,0.14900000000000002,35.78,16.32,14.64,30.96,26.23,26.58,128.0,0.231,43.0,33.59,18.0,14.06,0.733,0.158,29.12,13.69,13.69,27.39,27.0,23.76
746544,2024-06-05,2024,678662,R,518585,R,field_out,False,False,191.0,0.3,56.0,29.32,5.0,2.62,0.8089999999999999,0.183,34.74,21.94,10.27,32.21,47.15,23.05,438.0,0.256,109.0,24.89,17.0,3.88,0.69,0.143,29.47,17.51,10.44,27.95,41.11,20.49,56.0,0.12,31.0,55.36,5.0,8.93,0.336,0.020000000000000018,52.14,26.52,15.22,41.74,41.84,42.47,151.0,0.196,55.0,36.42,10.0,6.62,0.601,0.1519999999999999,39.37,19.93,13.76,33.69,34.92,31.98
746544,2024-06-05,2024,670770,L,656222,L,hit_by_pitch,False,False,16.0,0.364,2.0,12.5,2.0,12.5,0.926,0.0,23.81,9.43,20.75,30.19,24.14,14.29,110.0,0.354,20.0,18.18,9.0,8.18,0.963,0.188,19.23,7.48,23.69,31.17,22.46,18.87,38.0,0.188,9.0,23.68,6.0,15.79,0.597,0.09300000000000003,27.4,11.98,11.98,23.95,21.21,22.5,62.0,0.269,20.0,32.26,9.0,14.52,0.736,0.0959999999999999,34.23,14.84,15.62,30.47,25.0,25.0
746544,2024-06-05,2024,682829,R,656222,L,field_out,False,False,94.0,0.234,26.0,27.66,11.0,11.7,0.71,0.11699999999999997,33.91,14.97,14.21,29.19,27.73,23.85,122.0,0.184,49.0,40.16,5.0,4.1,0.494,0.079,37.56,17.7,19.4,37.1,38.0,33.33,79.0,0.229,14.0,17.72,7.0,8.86,0.6519999999999999,0.12799999999999997,19.87,9.74,12.99,22.73,25.33,17.28,130.0,0.243,27.0,20.77,12.0,9.23,0.7090000000000001,0.148,29.39,14.08,15.55,29.62,28.21,22.31
746544,2024-06-05,2024,600869,R,656222,L,field_out,False,False,74.0,0.254,16.0,21.62,9.0,12.16,0.762,0.14300000000000002,27.74,13.19,13.89,27.08,27.78,19.28,161.0,0.254,36.0,22.36,15.0,9.32,0.793,0.197,21.45,10.5,14.2,24.7,29.83,16.29,79.0,0.229,14.0,17.72,7.0,8.86,0.6519999999999999,0.12799999999999997,19.87,9.74,12.99,22.73,25.33,17.28,130.0,0.243,27.0,20.77,12.0,9.23,0.7090000000000001,0.148,29.39,14.08,15.55,29.62,28.21,22.31
746544,2024-06-05,2024,668715,R,656222,L,home_run,False,False,78.0,0.234,15.0,19.23,11.0,14.1,0.7969999999999999,0.204,21.05,9.06,16.18,25.24,22.5,14.61,180.0,0.312,33.0,18.33,17.0,9.44,0.928,0.238,20.88,9.77,17.74,27.51,26.97,14.47,79.0,0.229,14.0,17.72,7.0,8.86,0.6519999999999999,0.12799999999999997,19.87,9.74,12.99,22.73,25.33,17.28,130.0,0.243,27.0,20.77,12.0,9.23,0.7090000000000001,0.148,29.39,14.08,15.55,29.62,28.21,22.31
746544,2024-06-05,2024,641584,L,656222,L,single,False,False,29.0,0.286,3.0,10.34,1.0,3.45,0.7030000000000001,0.10700000000000004,16.33,9.52,14.29,23.81,37.84,16.67,41.0,0.147,5.0,12.2,3.0,7.32,0.503,0.088,17.39,8.7,15.22,23.91,26.56,15.15,38.0,0.188,9.0,23.68,6.0,15.79,0.597,0.09300000000000003,27.4,11.98,11.98,23.95,21.21,22.5,62.0,0.269,20.0,32.26,9.0,14.52,0.736,0.0959999999999999,34.23,14.84,15.62,30.47,25.0,25.0
746544,2024-06-05,2024,663886,R,656222,L,single,False,False,58.0,0.255,7.0,12.07,6.0,10.34,0.8180000000000001,0.235,9.41,3.6,21.17,24.77,22.22,11.86,140.0,0.283,30.0,21.43,13.0,9.29,0.7989999999999999,0.166,24.79,10.12,16.75,26.88,18.56,21.13,79.0,0.229,14.0,17.72,7.0,8.86,0.6519999999999999,0.12799999999999997,19.87,9.74,12.99,22.73,25.33,17.28,130.0,0.243,27.0,20.77,12.0,9.23,0.7090000000000001,0.148,29.39,14.08,15.55,29.62,28.21,22.31
746544,2024-06-05,2024,694362,R,656222,L,walk,False,True,2.0,0.0,0.0,0.0,0.0,0.0,0.0,0.0,33.33,25.0,0.0,25.0,50.0,,,,,,,,,,,,,,,,79.0,0.229,14.0,17.72,7.0,8.86,0.6519999999999999,0.12799999999999997,19.87,9.74,12.99,22.73,25.33,17.28,130.0,0.243,27.0,20.77,12.0,9.23,0.7090000000000001,0.148,29.39,14.08,15.55,29.62,28.21,22.31
746544,2024-06-05,2024,663697,R,683409,R,home_run,False,False,148.0,0.214,35.0,23.65,20.0,13.51,0.618,0.07999999999999999,18.7,6.61,21.66,28.26,15.62,18.82,397.0,0.257,73.0,18.39,37.0,9.32,0.7809999999999999,0.175,21.3,8.18,21.42,29.59,19.53,15.19,3.0,1.0,0.0,0.0,0.0,0.0,3.0,1.0,40.0,18.18,0.0,18.18,33.33,0.0,,,,,,,,,,,,,,
746544,2024-06-05,2024,666181,L,683409,R,field_out,False,False,153.0,0.243,62.0,40.52,17.0,11.11,0.827,0.257,37.91,18.18,14.42,32.6,20.79,29.38,285.0,0.297,89.0,31.23,37.0,12.98,0.938,0.252,31.03,13.11,16.03,29.13,18.51,23.66,6.0,0.167,0.0,0.0,0.0,0.0,0.334,0.0,18.18,10.53,5.26,15.79,27.27,0.0,,,,,,,,,,,,,,
746544,2024-06-05,2024,641857,L,608718,L,strikeout,True,False,80.0,0.338,22.0,27.5,10.0,12.5,0.9890000000000001,0.22100000000000003,27.92,12.57,17.25,29.82,27.38,20.75,178.0,0.191,57.0,32.02,16.0,8.99,0.573,0.118,35.23,16.38,16.64,33.03,25.79,24.15,55.0,0.231,11.0,20.0,1.0,1.82,0.6779999999999999,0.19199999999999998,21.5,11.56,12.06,23.62,27.96,18.64,108.0,0.284,14.0,12.96,12.0,11.11,0.7909999999999999,0.137,15.29,6.27,17.11,23.37,15.26,12.61
746544,2024-06-05,2024,553869,R,608718,L,field_out,False,False,59.0,0.291,8.0,13.56,2.0,3.39,0.728,0.127,24.64,13.65,8.84,22.49,37.31,8.6,143.0,0.185,26.0,18.18,11.0,7.69,0.583,0.146,26.07,14.71,9.5,24.21,37.76,16.05,85.0,0.299,16.0,18.82,7.0,8.24,0.834,0.182,22.01,10.0,18.0,28.0,30.46,13.68,185.0,0.229,41.0,22.16,13.0,7.03,0.585,0.0659999999999999,25.84,11.89,18.32,30.21,31.25,19.25
746544,2024-06-05,2024,663898,R,608718,L,double,False,False,49.0,0.319,6.0,12.24,2.0,4.08,0.858,0.192,20.0,9.95,14.14,24.08,28.0,10.53,56.0,0.229,8.0,14.29,6.0,10.71,0.672,0.104,20.62,8.85,17.7,26.55,22.12,11.94,85.0,0.299,16.0,18.82,7.0,8.24,0.834,0.182,22.01,10.0,18.0,28.0,30.46,13.68,185.0,0.229,41.0,22.16,13.0,7.03,0.585,0.0659999999999999,25.84,11.89,18.32,30.21,31.25,19.25
746544,2024-06-05,2024,607732,R,608718,L,field_out,False,False,26.0,0.409,5.0,19.23,3.0,11.54,1.235,0.36400000000000005,39.47,17.44,19.77,37.21,20.0,35.71,52.0,0.213,11.0,21.15,3.0,5.77,0.637,0.149,23.08,10.71,20.41,31.12,23.46,19.3,85.0,0.299,16.0,18.82,7.0,8.24,0.834,0.182,22.01,10.0,18.0,28.0,30.46,13.68,185.0,0.229,41.0,22.16,13.0,7.03,0.585,0.0659999999999999,25.84,11.89,18.32,30.21,31.25,19.25
746379,2024-06-05,2024,680977,L,669854,R,field_out,False,False,170.0,0.216,30.0,17.65,16.0,9.41,0.663,0.13499999999999998,17.74,7.07,20.15,27.22,22.01,15.87,309.0,0.294,43.0,13.92,27.0,8.74,0.831,0.166,14.96,6.32,19.2,25.52,22.53,13.27,116.0,0.17,27.0,23.28,14.0,12.07,0.5900000000000001,0.15,24.0,11.37,14.53,25.89,26.75,20.3,104.0,0.221,21.0,20.19,16.0,15.38,0.7649999999999999,0.1979999999999999,28.05,13.84,10.94,24.78,25.22,14.58
746379,2024-06-05,2024,676475,L,669854,R,field_out,False,False,133.0,0.307,20.0,15.04,6.0,4.51,0.8340000000000001,0.189,19.26,10.97,12.03,23.0,34.19,15.15,318.0,0.243,39.0,12.26,21.0,6.6,0.698,0.156,17.66,9.16,14.01,23.17,33.05,13.13,116.0,0.17,27.0,23.28,14.0,12.07,0.5900000000000001,0.15,24.0,11.37,14.53,25.89,26.75,20.3,104.0,0.221,21.0,20.19,16.0,15.38,0.7649999999999999,0.1979999999999999,28.05,13.84,10.94,24.78,25.22,14.58
746379,2024-06-05,2024,502671,R,669854,R,field_out,False,False,188.0,0.213,66.0,35.11,17.0,9.04,0.6439999999999999,0.142,30.99,14.69,18.64,33.33,30.31,21.69,518.0,0.259,120.0,23.17,67.0,12.93,0.8049999999999999,0.187,27.85,12.3,17.85,30.16,25.85,17.44,119.0,0.179,30.0,25.21,11.0,9.24,0.544,0.10399999999999998,30.99,16.03,14.1,30.13,32.53,21.74,122.0,0.275,31.0,25.41,12.0,9.84,0.847,0.2199999999999999,37.6,19.87,11.14,31.0,32.68,22.3
746379,2024-06-05,2024,514888,R,571945,R,field_out,False,False,198.0,0.303,37.0,18.69,12.0,6.06,0.818,0.16699999999999998,19.35,9.81,17.13,26.93,37.37,17.7,297.0,0.322,55.0,18.52,32.0,10.77,0.941,0.218,19.43,8.47,19.0,27.48,31.81,17.74,141.0,0.276,27.0,19.15,5.0,3.55,0.7849999999999999,0.20199999999999996,16.54,8.22,19.77,27.98,29.95,16.07,453.0,0.279,75.0,16.56,23.0,5.08,0.746,0.1429999999999999,17.63,8.64,17.74,26.38,27.28,13.98
746379,2024-06-05,2024,665161,R,571945,R,single,False,False,183.0,0.29,34.0,18.58,8.0,4.37,0.7,0.07700000000000001,25.36,13.22,14.71,27.93,35.44,16.04,461.0,0.239,107.0,23.21,34.0,7.38,0.655,0.1089999999999999,30.36,15.5,13.92,29.42,35.52,20.7,141.0,0.276,27.0,19.15,5.0,3.55,0.7849999999999999,0.20199999999999996,16.54,8.22,19.77,27.98,29.95,16.07,453.0,0.279,75.0,16.56,23.0,5.08,0.746,0.1429999999999999,17.63,8.64,17.74,26.38,27.28,13.98
746379,2024-06-05,2024,670541,L,571945,R,field_out,False,False,170.0,0.27,24.0,14.12,19.0,11.18,0.866,0.237,19.23,8.66,16.85,25.51,30.46,13.79,322.0,0.292,55.0,17.08,49.0,15.22,1.044,0.333,21.1,8.88,15.37,24.25,23.99,15.32,134.0,0.287,23.0,17.16,9.0,6.72,0.8200000000000001,0.197,17.26,7.68,20.08,27.76,24.47,14.47,409.0,0.285,62.0,15.16,16.0,3.91,0.8009999999999999,0.203,15.61,7.89,17.65,25.53,27.79,14.49
746379,2024-06-05,2024,676694,R,571945,R,strikeout,True,False,120.0,0.3,27.0,22.5,7.0,5.83,0.8109999999999999,0.16400000000000003,32.83,15.78,16.02,31.8,30.62,22.69,263.0,0.218,69.0,26.24,18.0,6.84,0.6459999999999999,0.146,25.89,12.2,16.27,28.47,24.49,21.12,141.0,0.276,27.0,19.15,5.0,3.55,0.7849999999999999,0.20199999999999996,16.54,8.22,19.77,27.98,29.95,16.07,453.0,0.279,75.0,16.56,23.0,5.08,0.746,0.1429999999999999,17.63,8.64,17.74,26.38,27.28,13.98
746379,2024-06-05,2024,669357,L,669854,R,strikeout,True,False,145.0,0.242,52.0,35.86,16.0,11.03,0.849,0.281,39.52,19.3,14.6,33.89,30.72,26.53,378.0,0.231,124.0,32.8,42.0,11.11,0.7969999999999999,0.2459999999999999,35.96,17.73,12.12,29.85,28.13,25.15,116.0,0.17,27.0,23.28,14.0,12.07,0.5900000000000001,0.15,24.0,11.37,14.53,25.89,26.75,20.3,104.0,0.221,21.0,20.19,16.0,15.38,0.7649999999999999,0.1979999999999999,28.05,13.84,10.94,24.78,25.22,14.58
746379,2024-06-05,2024,571448,R,669854,R,field_out,False,False,192.0,0.267,36.0,18.75,15.0,7.81,0.706,0.11099999999999999,21.36,9.49,19.89,29.38,30.25,16.59,468.0,0.28,81.0,17.31,31.0,6.62,0.8089999999999999,0.2009999999999999,20.4,9.71,17.28,26.99,33.33,16.43,119.0,0.179,30.0,25.21,11.0,9.24,0.544,0.10399999999999998,30.99,16.03,14.1,30.13,32.53,21.74,122.0,0.275,31.0,25.41,12.0,9.84,0.847,0.2199999999999999,37.6,19.87,11.14,31.0,32.68,22.3
746379,2024-06-05,2024,671056,R,669854,R,field_out,False,False,107.0,0.292,26.0,24.3,9.0,8.41,0.751,0.10400000000000004,25.14,10.7,20.0,30.7,29.63,19.7,36.0,0.3,10.0,27.78,4.0,11.11,0.784,0.067,28.57,12.05,14.46,26.51,27.08,17.31,119.0,0.179,30.0,25.21,11.0,9.24,0.544,0.10399999999999998,30.99,16.03,14.1,30.13,32.53,21.74,122.0,0.275,31.0,25.41,12.0,9.84,0.847,0.2199999999999999,37.6,19.87,11.14,31.0,32.68,22.3
746379,2024-06-05,2024,572138,L,571945,R,field_out,False,False,122.0,0.223,27.0,22.13,18.0,14.75,0.6950000000000001,0.13599999999999998,25.26,10.08,18.7,28.78,19.59,21.43,79.0,0.13,19.0,24.05,9.0,11.39,0.402,0.0439999999999999,22.79,9.69,16.56,26.25,24.43,21.11,134.0,0.287,23.0,17.16,9.0,6.72,0.8200000000000001,0.197,17.26,7.68,20.08,27.76,24.47,14.47,409.0,0.285,62.0,15.16,16.0,3.91,0.8009999999999999,0.203,15.61,7.89,17.65,25.53,27.79,14.49
746379,2024-06-05,2024,673237,R,571945,R,field_out,False,False,156.0,0.231,26.0,16.67,5.0,3.21,0.606,0.12299999999999997,22.19,12.66,11.19,23.85,42.35,16.88,274.0,0.307,47.0,17.15,7.0,2.55,0.931,0.292,24.58,14.19,11.31,25.51,43.08,17.42,141.0,0.276,27.0,19.15,5.0,3.55,0.7849999999999999,0.20199999999999996,16.54,8.22,19.77,27.98,29.95,16.07,453.0,0.279,75.0,16.56,23.0,5.08,0.746,0.1429999999999999,17.63,8.64,17.74,26.38,27.28,13.98
746379,2024-06-05,2024,663550,L,571945,R,strikeout,True,False,13.0,0.231,2.0,15.38,0.0,0.0,0.539,0.07699999999999999,22.22,13.33,8.89,22.22,31.82,14.29,52.0,0.22,24.0,46.15,1.0,1.92,0.5710000000000001,0.12,50.0,32.99,6.09,39.09,46.53,37.5,134.0,0.287,23.0,17.16,9.0,6.72,0.8200000000000001,0.197,17.26,7.68,20.08,27.76,24.47,14.47,409.0,0.285,62.0,15.16,16.0,3.91,0.8009999999999999,0.203,15.61,7.89,17.65,25.53,27.79,14.49
746379,2024-06-05,2024,543063,L,669854,R,double,False,False,30.0,0.185,9.0,30.0,3.0,10.0,0.563,0.11099999999999999,30.65,15.32,14.52,29.84,28.36,20.45,251.0,0.188,58.0,23.11,24.0,9.56,0.583,0.119,28.57,14.75,12.56,27.31,30.55,19.8,116.0,0.17,27.0,23.28,14.0,12.07,0.5900000000000001,0.15,24.0,11.37,14.53,25.89,26.75,20.3,104.0,0.221,21.0,20.19,16.0,15.38,0.7649999999999999,0.1979999999999999,28.05,13.84,10.94,24.78,25.22,14.58
746379,2024-06-05,2024,686780,R,669854,R,field_out,False,False,11.0,0.0,6.0,54.55,2.0,18.18,0.182,0.0,37.5,13.95,27.91,41.86,34.78,54.55,,,,,,,,,,,,,,,119.0,0.179,30.0,25.21,11.0,9.24,0.544,0.10399999999999998,30.99,16.03,14.1,30.13,32.53,21.74,122.0,0.275,31.0,25.41,12.0,9.84,0.847,0.2199999999999999,37.6,19.87,11.14,31.0,32.68,22.3
746379,2024-06-05,2024,672279,L,669854,R,sac_fly,False,False,80.0,0.278,21.0,26.25,5.0,6.25,0.7,0.09699999999999998,29.37,13.91,18.87,32.78,27.86,22.83,3.0,0.0,1.0,33.33,0.0,0.0,0.0,0.0,40.0,14.29,21.43,35.71,0.0,50.0,116.0,0.17,27.0,23.28,14.0,12.07,0.5900000000000001,0.15,24.0,11.37,14.53,25.89,26.75,20.3,104.0,0.221,21.0,20.19,16.0,15.38,0.7649999999999999,0.1979999999999999,28.05,13.84,10.94,24.78,25.22,14.58
746379,2024-06-05,2024,680977,L,669854,R,field_out,False,False,170.0,0.216,30.0,17.65,16.0,9.41,0.663,0.13499999999999998,17.74,7.07,20.15,27.22,22.01,15.87,309.0,0.294,43.0,13.92,27.0,8.74,0.831,0.166,14.96,6.32,19.2,25.52,22.53,13.27,116.0,0.17,27.0,23.28,14.0,12.07,0.5900000000000001,0.15,24.0,11.37,14.53,25.89,26.75,20.3,104.0,0.221,21.0,20.19,16.0,15.38,0.7649999999999999,0.1979999999999999,28.05,13.84,10.94,24.78,25.22,14.58
746379,2024-06-05,2024,547989,R,571945,R,field_out,False,False,70.0,0.136,20.0,28.57,2.0,2.86,0.353,0.045999999999999985,33.11,17.31,18.02,35.34,36.69,20.41,416.0,0.238,94.0,22.6,27.0,6.49,0.653,0.119,29.38,14.86,16.49,31.35,37.27,18.69,141.0,0.276,27.0,19.15,5.0,3.55,0.7849999999999999,0.20199999999999996,16.54,8.22,19.77,27.98,29.95,16.07,453.0,0.279,75.0,16.56,23.0,5.08,0.746,0.1429999999999999,17.63,8.64,17.74,26.38,27.28,13.98
746379,2024-06-05,2024,643289,R,571945,R,field_out,False,False,101.0,0.274,8.0,7.92,4.0,3.96,0.665,0.08399999999999996,16.58,9.54,12.62,22.15,41.71,8.89,375.0,0.263,58.0,15.47,13.0,3.47,0.6779999999999999,0.124,19.01,10.95,13.18,24.13,40.64,15.68,141.0,0.276,27.0,19.15,5.0,3.55,0.7849999999999999,0.20199999999999996,16.54,8.22,19.77,27.98,29.95,16.07,453.0,0.279,75.0,16.56,23.0,5.08,0.746,0.1429999999999999,17.63,8.64,17.74,26.38,27.28,13.98
746379,2024-06-05,2024,514888,R,571945,R,field_out,False,False,198.0,0.303,37.0,18.69,12.0,6.06,0.818,0.16699999999999998,19.35,9.81,17.13,26.93,37.37,17.7,297.0,0.322,55.0,18.52,32.0,10.77,0.941,0.218,19.43,8.47,19.0,27.48,31.81,17.74,141.0,0.276,27.0,19.15,5.0,3.55,0.7849999999999999,0.20199999999999996,16.54,8.22,19.77,27.98,29.95,16.07,453.0,0.279,75.0,16.56,23.0,5.08,0.746,0.1429999999999999,17.63,8.64,17.74,26.38,27.28,13.98
746379,2024-06-05,2024,676475,L,669854,R,field_out,False,False,133.0,0.307,20.0,15.04,6.0,4.51,0.8340000000000001,0.189,19.26,10.97,12.03,23.0,34.19,15.15,318.0,0.243,39.0,12.26,21.0,6.6,0.698,0.156,17.66,9.16,14.01,23.17,33.05,13.13,116.0,0.17,27.0,23.28,14.0,12.07,0.5900000000000001,0.15,24.0,11.37,14.53,25.89,26.75,20.3,104.0,0.221,21.0,20.19,16.0,15.38,0.7649999999999999,0.1979999999999999,28.05,13.84,10.94,24.78,25.22,14.58
746379,2024-06-05,2024,502671,R,669854,R,single,False,False,188.0,0.213,66.0,35.11,17.0,9.04,0.6439999999999999,0.142,30.99,14.69,18.64,33.33,30.31,21.69,518.0,0.259,120.0,23.17,67.0,12.93,0.8049999999999999,0.187,27.85,12.3,17.85,30.16,25.85,17.44,119.0,0.179,30.0,25.21,11.0,9.24,0.544,0.10399999999999998,30.99,16.03,14.1,30.13,32.53,21.74,122.0,0.275,31.0,25.41,12.0,9.84,0.847,0.2199999999999999,37.6,19.87,11.14,31.0,32.68,22.3
746379,2024-06-05,2024,669357,L,669854,R,field_out,False,False,145.0,0.242,52.0,35.86,16.0,11.03,0.849,0.281,39.52,19.3,14.6,33.89,30.72,26.53,378.0,0.231,124.0,32.8,42.0,11.11,0.7969999999999999,0.2459999999999999,35.96,17.73,12.12,29.85,28.13,25.15,116.0,0.17,27.0,23.28,14.0,12.07,0.5900000000000001,0.15,24.0,11.37,14.53,25.89,26.75,20.3,104.0,0.221,21.0,20.19,16.0,15.38,0.7649999999999999,0.1979999999999999,28.05,13.84,10.94,24.78,25.22,14.58
746379,2024-06-05,2024,571448,R,669854,R,walk,False,True,192.0,0.267,36.0,18.75,15.0,7.81,0.706,0.11099999999999999,21.36,9.49,19.89,29.38,30.25,16.59,468.0,0.28,81.0,17.31,31.0,6.62,0.8089999999999999,0.2009999999999999,20.4,9.71,17.28,26.99,33.33,16.43,119.0,0.179,30.0,25.21,11.0,9.24,0.544,0.10399999999999998,30.99,16.03,14.1,30.13,32.53,21.74,122.0,0.275,31.0,25.41,12.0,9.84,0.847,0.2199999999999999,37.6,19.87,11.14,31.0,32.68,22.3
746379,2024-06-05,2024,671056,R,669854,R,field_out,False,False,107.0,0.292,26.0,24.3,9.0,8.41,0.751,0.10400000000000004,25.14,10.7,20.0,30.7,29.63,19.7,36.0,0.3,10.0,27.78,4.0,11.11,0.784,0.067,28.57,12.05,14.46,26.51,27.08,17.31,119.0,0.179,30.0,25.21,11.0,9.24,0.544,0.10399999999999998,30.99,16.03,14.1,30.13,32.53,21.74,122.0,0.275,31.0,25.41,12.0,9.84,0.847,0.2199999999999999,37.6,19.87,11.14,31.0,32.68,22.3
746379,2024-06-05,2024,665161,R,571945,R,single,False,False,183.0,0.29,34.0,18.58,8.0,4.37,0.7,0.07700000000000001,25.36,13.22,14.71,27.93,35.44,16.04,461.0,0.239,107.0,23.21,34.0,7.38,0.655,0.1089999999999999,30.36,15.5,13.92,29.42,35.52,20.7,141.0,0.276,27.0,19.15,5.0,3.55,0.7849999999999999,0.20199999999999996,16.54,8.22,19.77,27.98,29.95,16.07,453.0,0.279,75.0,16.56,23.0,5.08,0.746,0.1429999999999999,17.63,8.64,17.74,26.38,27.28,13.98
746379,2024-06-05,2024,670541,L,571945,R,field_out,False,False,170.0,0.27,24.0,14.12,19.0,11.18,0.866,0.237,19.23,8.66,16.85,25.51,30.46,13.79,322.0,0.292,55.0,17.08,49.0,15.22,1.044,0.333,21.1,8.88,15.37,24.25,23.99,15.32,134.0,0.287,23.0,17.16,9.0,6.72,0.8200000000000001,0.197,17.26,7.68,20.08,27.76,24.47,14.47,409.0,0.285,62.0,15.16,16.0,3.91,0.8009999999999999,0.203,15.61,7.89,17.65,25.53,27.79,14.49
746379,2024-06-05,2024,676694,R,571945,R,grounded_into_double_play,False,False,120.0,0.3,27.0,22.5,7.0,5.83,0.8109999999999999,0.16400000000000003,32.83,15.78,16.02,31.8,30.62,22.69,263.0,0.218,69.0,26.24,18.0,6.84,0.6459999999999999,0.146,25.89,12.2,16.27,28.47,24.49,21.12,141.0,0.276,27.0,19.15,5.0,3.55,0.7849999999999999,0.20199999999999996,16.54,8.22,19.77,27.98,29.95,16.07,453.0,0.279,75.0,16.56,23.0,5.08,0.746,0.1429999999999999,17.63,8.64,17.74,26.38,27.28,13.98
746379,2024-06-05,2024,543063,L,669854,R,strikeout,True,False,30.0,0.185,9.0,30.0,3.0,10.0,0.563,0.11099999999999999,30.65,15.32,14.52,29.84,28.36,20.45,251.0,0.188,58.0,23.11,24.0,9.56,0.583,0.119,28.57,14.75,12.56,27.31,30.55,19.8,116.0,0.17,27.0,23.28,14.0,12.07,0.5900000000000001,0.15,24.0,11.37,14.53,25.89,26.75,20.3,104.0,0.221,21.0,20.19,16.0,15.38,0.7649999999999999,0.1979999999999999,28.05,13.84,10.94,24.78,25.22,14.58
746379,2024-06-05,2024,686780,R,669854,R,walk,False,True,11.0,0.0,6.0,54.55,2.0,18.18,0.182,0.0,37.5,13.95,27.91,41.86,34.78,54.55,,,,,,,,,,,,,,,119.0,0.179,30.0,25.21,11.0,9.24,0.544,0.10399999999999998,30.99,16.03,14.1,30.13,32.53,21.74,122.0,0.275,31.0,25.41,12.0,9.84,0.847,0.2199999999999999,37.6,19.87,11.14,31.0,32.68,22.3
746379,2024-06-05,2024,672279,L,669854,R,sac_bunt,False,False,80.0,0.278,21.0,26.25,5.0,6.25,0.7,0.09699999999999998,29.37,13.91,18.87,32.78,27.86,22.83,3.0,0.0,1.0,33.33,0.0,0.0,0.0,0.0,40.0,14.29,21.43,35.71,0.0,50.0,116.0,0.17,27.0,23.28,14.0,12.07,0.5900000000000001,0.15,24.0,11.37,14.53,25.89,26.75,20.3,104.0,0.221,21.0,20.19,16.0,15.38,0.7649999999999999,0.1979999999999999,28.05,13.84,10.94,24.78,25.22,14.58
746379,2024-06-05,2024,680977,L,669854,R,single,False,False,170.0,0.216,30.0,17.65,16.0,9.41,0.663,0.13499999999999998,17.74,7.07,20.15,27.22,22.01,15.87,309.0,0.294,43.0,13.92,27.0,8.74,0.831,0.166,14.96,6.32,19.2,25.52,22.53,13.27,116.0,0.17,27.0,23.28,14.0,12.07,0.5900000000000001,0.15,24.0,11.37,14.53,25.89,26.75,20.3,104.0,0.221,21.0,20.19,16.0,15.38,0.7649999999999999,0.1979999999999999,28.05,13.84,10.94,24.78,25.22,14.58
746379,2024-06-05,2024,676475,L,669854,R,double,False,False,133.0,0.307,20.0,15.04,6.0,4.51,0.8340000000000001,0.189,19.26,10.97,12.03,23.0,34.19,15.15,318.0,0.243,39.0,12.26,21.0,6.6,0.698,0.156,17.66,9.16,14.01,23.17,33.05,13.13,116.0,0.17,27.0,23.28,14.0,12.07,0.5900000000000001,0.15,24.0,11.37,14.53,25.89,26.75,20.3,104.0,0.221,21.0,20.19,16.0,15.38,0.7649999999999999,0.1979999999999999,28.05,13.84,10.94,24.78,25.22,14.58
746379,2024-06-05,2024,502671,R,669854,R,field_out,False,False,188.0,0.213,66.0,35.11,17.0,9.04,0.6439999999999999,0.142,30.99,14.69,18.64,33.33,30.31,21.69,518.0,0.259,120.0,23.17,67.0,12.93,0.8049999999999999,0.187,27.85,12.3,17.85,30.16,25.85,17.44,119.0,0.179,30.0,25.21,11.0,9.24,0.544,0.10399999999999998,30.99,16.03,14.1,30.13,32.53,21.74,122.0,0.275,31.0,25.41,12.0,9.84,0.847,0.2199999999999999,37.6,19.87,11.14,31.0,32.68,22.3
746379,2024-06-05,2024,572138,L,571945,R,strikeout,True,False,122.0,0.223,27.0,22.13,18.0,14.75,0.6950000000000001,0.13599999999999998,25.26,10.08,18.7,28.78,19.59,21.43,79.0,0.13,19.0,24.05,9.0,11.39,0.402,0.0439999999999999,22.79,9.69,16.56,26.25,24.43,21.11,134.0,0.287,23.0,17.16,9.0,6.72,0.8200000000000001,0.197,17.26,7.68,20.08,27.76,24.47,14.47,409.0,0.285,62.0,15.16,16.0,3.91,0.8009999999999999,0.203,15.61,7.89,17.65,25.53,27.79,14.49
746379,2024-06-05,2024,673237,R,571945,R,home_run,False,False,156.0,0.231,26.0,16.67,5.0,3.21,0.606,0.12299999999999997,22.19,12.66,11.19,23.85,42.35,16.88,274.0,0.307,47.0,17.15,7.0,2.55,0.931,0.292,24.58,14.19,11.31,25.51,43.08,17.42,141.0,0.276,27.0,19.15,5.0,3.55,0.7849999999999999,0.20199999999999996,16.54,8.22,19.77,27.98,29.95,16.07,453.0,0.279,75.0,16.56,23.0,5.08,0.746,0.1429999999999999,17.63,8.64,17.74,26.38,27.28,13.98
746379,2024-06-05,2024,663550,L,571945,R,home_run,False,False,13.0,0.231,2.0,15.38,0.0,0.0,0.539,0.07699999999999999,22.22,13.33,8.89,22.22,31.82,14.29,52.0,0.22,24.0,46.15,1.0,1.92,0.5710000000000001,0.12,50.0,32.99,6.09,39.09,46.53,37.5,134.0,0.287,23.0,17.16,9.0,6.72,0.8200000000000001,0.197,17.26,7.68,20.08,27.76,24.47,14.47,409.0,0.285,62.0,15.16,16.0,3.91,0.8009999999999999,0.203,15.61,7.89,17.65,25.53,27.79,14.49
746379,2024-06-05,2024,547989,R,571945,R,field_out,False,False,70.0,0.136,20.0,28.57,2.0,2.86,0.353,0.045999999999999985,33.11,17.31,18.02,35.34,36.69,20.41,416.0,0.238,94.0,22.6,27.0,6.49,0.653,0.119,29.38,14.86,16.49,31.35,37.27,18.69,141.0,0.276,27.0,19.15,5.0,3.55,0.7849999999999999,0.20199999999999996,16.54,8.22,19.77,27.98,29.95,16.07,453.0,0.279,75.0,16.56,23.0,5.08,0.746,0.1429999999999999,17.63,8.64,17.74,26.38,27.28,13.98
746379,2024-06-05,2024,643289,R,571945,R,single,False,False,101.0,0.274,8.0,7.92,4.0,3.96,0.665,0.08399999999999996,16.58,9.54,12.62,22.15,41.71,8.89,375.0,0.263,58.0,15.47,13.0,3.47,0.6779999999999999,0.124,19.01,10.95,13.18,24.13,40.64,15.68,141.0,0.276,27.0,19.15,5.0,3.55,0.7849999999999999,0.20199999999999996,16.54,8.22,19.77,27.98,29.95,16.07,453.0,0.279,75.0,16.56,23.0,5.08,0.746,0.1429999999999999,17.63,8.64,17.74,26.38,27.28,13.98
746379,2024-06-05,2024,514888,R,571945,R,field_out,False,False,198.0,0.303,37.0,18.69,12.0,6.06,0.818,0.16699999999999998,19.35,9.81,17.13,26.93,37.37,17.7,297.0,0.322,55.0,18.52,32.0,10.77,0.941,0.218,19.43,8.47,19.0,27.48,31.81,17.74,141.0,0.276,27.0,19.15,5.0,3.55,0.7849999999999999,0.20199999999999996,16.54,8.22,19.77,27.98,29.95,16.07,453.0,0.279,75.0,16.56,23.0,5.08,0.746,0.1429999999999999,17.63,8.64,17.74,26.38,27.28,13.98
746379,2024-06-05,2024,669357,L,669854,R,field_out,False,False,145.0,0.242,52.0,35.86,16.0,11.03,0.849,0.281,39.52,19.3,14.6,33.89,30.72,26.53,378.0,0.231,124.0,32.8,42.0,11.11,0.7969999999999999,0.2459999999999999,35.96,17.73,12.12,29.85,28.13,25.15,116.0,0.17,27.0,23.28,14.0,12.07,0.5900000000000001,0.15,24.0,11.37,14.53,25.89,26.75,20.3,104.0,0.221,21.0,20.19,16.0,15.38,0.7649999999999999,0.1979999999999999,28.05,13.84,10.94,24.78,25.22,14.58
746379,2024-06-05,2024,571448,R,669854,R,home_run,False,False,192.0,0.267,36.0,18.75,15.0,7.81,0.706,0.11099999999999999,21.36,9.49,19.89,29.38,30.25,16.59,468.0,0.28,81.0,17.31,31.0,6.62,0.8089999999999999,0.2009999999999999,20.4,9.71,17.28,26.99,33.33,16.43,119.0,0.179,30.0,25.21,11.0,9.24,0.544,0.10399999999999998,30.99,16.03,14.1,30.13,32.53,21.74,122.0,0.275,31.0,25.41,12.0,9.84,0.847,0.2199999999999999,37.6,19.87,11.14,31.0,32.68,22.3
746379,2024-06-05,2024,671056,R,669854,R,field_out,False,False,107.0,0.292,26.0,24.3,9.0,8.41,0.751,0.10400000000000004,25.14,10.7,20.0,30.7,29.63,19.7,36.0,0.3,10.0,27.78,4.0,11.11,0.784,0.067,28.57,12.05,14.46,26.51,27.08,17.31,119.0,0.179,30.0,25.21,11.0,9.24,0.544,0.10399999999999998,30.99,16.03,14.1,30.13,32.53,21.74,122.0,0.275,31.0,25.41,12.0,9.84,0.847,0.2199999999999999,37.6,19.87,11.14,31.0,32.68,22.3
746379,2024-06-05,2024,543063,L,681869,R,strikeout,True,False,30.0,0.185,9.0,30.0,3.0,10.0,0.563,0.11099999999999999,30.65,15.32,14.52,29.84,28.36,20.45,251.0,0.188,58.0,23.11,24.0,9.56,0.583,0.119,28.57,14.75,12.56,27.31,30.55,19.8,35.0,0.226,8.0,22.86,4.0,11.43,0.637,0.097,40.62,19.26,14.81,34.07,28.0,27.59,25.0,0.348,7.0,28.0,1.0,4.0,1.009,0.261,22.0,10.58,13.46,24.04,32.76,25.0
746379,2024-06-05,2024,665161,R,571945,R,field_out,False,False,183.0,0.29,34.0,18.58,8.0,4.37,0.7,0.07700000000000001,25.36,13.22,14.71,27.93,35.44,16.04,461.0,0.239,107.0,23.21,34.0,7.38,0.655,0.1089999999999999,30.36,15.5,13.92,29.42,35.52,20.7,141.0,0.276,27.0,19.15,5.0,3.55,0.7849999999999999,0.20199999999999996,16.54,8.22,19.77,27.98,29.95,16.07,453.0,0.279,75.0,16.56,23.0,5.08,0.746,0.1429999999999999,17.63,8.64,17.74,26.38,27.28,13.98
746379,2024-06-05,2024,670541,L,571945,R,field_out,False,False,170.0,0.27,24.0,14.12,19.0,11.18,0.866,0.237,19.23,8.66,16.85,25.51,30.46,13.79,322.0,0.292,55.0,17.08,49.0,15.22,1.044,0.333,21.1,8.88,15.37,24.25,23.99,15.32,134.0,0.287,23.0,17.16,9.0,6.72,0.8200000000000001,0.197,17.26,7.68,20.08,27.76,24.47,14.47,409.0,0.285,62.0,15.16,16.0,3.91,0.8009999999999999,0.203,15.61,7.89,17.65,25.53,27.79,14.49
746379,2024-06-05,2024,676694,R,571945,R,field_out,False,False,120.0,0.3,27.0,22.5,7.0,5.83,0.8109999999999999,0.16400000000000003,32.83,15.78,16.02,31.8,30.62,22.69,263.0,0.218,69.0,26.24,18.0,6.84,0.6459999999999999,0.146,25.89,12.2,16.27,28.47,24.49,21.12,141.0,0.276,27.0,19.15,5.0,3.55,0.7849999999999999,0.20199999999999996,16.54,8.22,19.77,27.98,29.95,16.07,453.0,0.279,75.0,16.56,23.0,5.08,0.746,0.1429999999999999,17.63,8.64,17.74,26.38,27.28,13.98
746379,2024-06-05,2024,686780,R,681869,R,field_out,False,False,11.0,0.0,6.0,54.55,2.0,18.18,0.182,0.0,37.5,13.95,27.91,41.86,34.78,54.55,,,,,,,,,,,,,,,27.0,0.364,5.0,18.52,3.0,11.11,0.944,0.136,20.0,8.41,15.89,24.3,14.58,20.83,17.0,0.286,4.0,23.53,2.0,11.76,0.71,0.071,35.14,19.12,11.76,30.88,28.57,18.18
746379,2024-06-05,2024,672279,L,681869,R,strikeout,True,False,80.0,0.278,21.0,26.25,5.0,6.25,0.7,0.09699999999999998,29.37,13.91,18.87,32.78,27.86,22.83,3.0,0.0,1.0,33.33,0.0,0.0,0.0,0.0,40.0,14.29,21.43,35.71,0.0,50.0,35.0,0.226,8.0,22.86,4.0,11.43,0.637,0.097,40.62,19.26,14.81,34.07,28.0,27.59,25.0,0.348,7.0,28.0,1.0,4.0,1.009,0.261,22.0,10.58,13.46,24.04,32.76,25.0
746379,2024-06-05,2024,680977,L,681869,R,field_out,False,False,170.0,0.216,30.0,17.65,16.0,9.41,0.663,0.13499999999999998,17.74,7.07,20.15,27.22,22.01,15.87,309.0,0.294,43.0,13.92,27.0,8.74,0.831,0.166,14.96,6.32,19.2,25.52,22.53,13.27,35.0,0.226,8.0,22.86,4.0,11.43,0.637,0.097,40.62,19.26,14.81,34.07,28.0,27.59,25.0,0.348,7.0,28.0,1.0,4.0,1.009,0.261,22.0,10.58,13.46,24.04,32.76,25.0
746379,2024-06-05,2024,572138,L,668941,L,field_out,False,False,39.0,0.2,15.0,38.46,4.0,10.26,0.596,0.11399999999999999,39.66,13.86,22.29,36.14,19.54,27.78,26.0,0.273,4.0,15.38,4.0,15.38,0.93,0.272,20.93,8.82,14.71,23.53,21.15,15.38,39.0,0.162,14.0,35.9,2.0,5.13,0.367,0.0,35.71,14.97,22.16,37.13,28.05,24.14,42.0,0.105,12.0,28.57,3.0,7.14,0.276,0.0,35.82,14.29,23.21,37.5,22.67,23.53
746379,2024-06-05,2024,673237,R,668941,L,field_out,False,False,58.0,0.296,7.0,12.07,3.0,5.17,0.808,0.16700000000000004,20.61,12.27,8.64,20.91,37.72,9.72,103.0,0.214,27.0,26.21,4.0,3.88,0.621,0.164,35.0,21.33,9.97,31.3,46.31,24.76,77.0,0.229,16.0,20.78,2.0,2.6,0.681,0.18499999999999997,24.48,12.15,18.4,30.56,30.83,19.28,106.0,0.26,30.0,28.3,7.0,6.6,0.6890000000000001,0.1149999999999999,36.41,18.59,17.02,35.6,31.89,28.04
746379,2024-06-05,2024,663550,L,668941,L,strikeout,True,False,1.0,0.0,1.0,100.0,0.0,0.0,0.0,0.0,50.0,25.0,25.0,50.0,0.0,100.0,4.0,0.0,2.0,50.0,1.0,25.0,0.25,0.0,70.0,36.84,5.26,42.11,42.86,28.57,39.0,0.162,14.0,35.9,2.0,5.13,0.367,0.0,35.71,14.97,22.16,37.13,28.05,24.14,42.0,0.105,12.0,28.57,3.0,7.14,0.276,0.0,35.82,14.29,23.21,37.5,22.67,23.53
746379,2024-06-05,2024,676475,L,681869,R,field_out,False,False,133.0,0.307,20.0,15.04,6.0,4.51,0.8340000000000001,0.189,19.26,10.97,12.03,23.0,34.19,15.15,318.0,0.243,39.0,12.26,21.0,6.6,0.698,0.156,17.66,9.16,14.01,23.17,33.05,13.13,35.0,0.226,8.0,22.86,4.0,11.43,0.637,0.097,40.62,19.26,14.81,34.07,28.0,27.59,25.0,0.348,7.0,28.0,1.0,4.0,1.009,0.261,22.0,10.58,13.46,24.04,32.76,25.0
746379,2024-06-05,2024,502671,R,681869,R,field_out,False,False,188.0,0.213,66.0,35.11,17.0,9.04,0.6439999999999999,0.142,30.99,14.69,18.64,33.33,30.31,21.69,518.0,0.259,120.0,23.17,67.0,12.93,0.8049999999999999,0.187,27.85,12.3,17.85,30.16,25.85,17.44,27.0,0.364,5.0,18.52,3.0,11.11,0.944,0.136,20.0,8.41,15.89,24.3,14.58,20.83,17.0,0.286,4.0,23.53,2.0,11.76,0.71,0.071,35.14,19.12,11.76,30.88,28.57,18.18
746379,2024-06-05,2024,669357,L,681869,R,field_out,False,False,145.0,0.242,52.0,35.86,16.0,11.03,0.849,0.281,39.52,19.3,14.6,33.89,30.72,26.53,378.0,0.231,124.0,32.8,42.0,11.11,0.7969999999999999,0.2459999999999999,35.96,17.73,12.12,29.85,28.13,25.15,35.0,0.226,8.0,22.86,4.0,11.43,0.637,0.097,40.62,19.26,14.81,34.07,28.0,27.59,25.0,0.348,7.0,28.0,1.0,4.0,1.009,0.261,22.0,10.58,13.46,24.04,32.76,25.0
746379,2024-06-05,2024,547989,R,552640,R,field_out,False,False,70.0,0.136,20.0,28.57,2.0,2.86,0.353,0.045999999999999985,33.11,17.31,18.02,35.34,36.69,20.41,416.0,0.238,94.0,22.6,27.0,6.49,0.653,0.119,29.38,14.86,16.49,31.35,37.27,18.69,63.0,0.169,14.0,22.22,4.0,6.35,0.45899999999999996,0.06799999999999998,24.8,13.9,14.35,28.25,42.86,22.22,31.0,0.333,7.0,22.58,0.0,0.0,0.788,0.0999999999999999,20.0,11.21,15.89,27.1,40.0,22.58
746379,2024-06-05,2024,643289,R,552640,R,field_out,False,False,101.0,0.274,8.0,7.92,4.0,3.96,0.665,0.08399999999999996,16.58,9.54,12.62,22.15,41.71,8.89,375.0,0.263,58.0,15.47,13.0,3.47,0.6779999999999999,0.124,19.01,10.95,13.18,24.13,40.64,15.68,63.0,0.169,14.0,22.22,4.0,6.35,0.45899999999999996,0.06799999999999998,24.8,13.9,14.35,28.25,42.86,22.22,31.0,0.333,7.0,22.58,0.0,0.0,0.788,0.0999999999999999,20.0,11.21,15.89,27.1,40.0,22.58
746379,2024-06-05,2024,514888,R,552640,R,walk,False,True,198.0,0.303,37.0,18.69,12.0,6.06,0.818,0.16699999999999998,19.35,9.81,17.13,26.93,37.37,17.7,297.0,0.322,55.0,18.52,32.0,10.77,0.941,0.218,19.43,8.47,19.0,27.48,31.81,17.74,63.0,0.169,14.0,22.22,4.0,6.35,0.45899999999999996,0.06799999999999998,24.8,13.9,14.35,28.25,42.86,22.22,31.0,0.333,7.0,22.58,0.0,0.0,0.788,0.0999999999999999,20.0,11.21,15.89,27.1,40.0,22.58
746379,2024-06-05,2024,665161,R,552640,R,strikeout,True,False,183.0,0.29,34.0,18.58,8.0,4.37,0.7,0.07700000000000001,25.36,13.22,14.71,27.93,35.44,16.04,461.0,0.239,107.0,23.21,34.0,7.38,0.655,0.1089999999999999,30.36,15.5,13.92,29.42,35.52,20.7,63.0,0.169,14.0,22.22,4.0,6.35,0.45899999999999996,0.06799999999999998,24.8,13.9,14.35,28.25,42.86,22.22,31.0,0.333,7.0,22.58,0.0,0.0,0.788,0.0999999999999999,20.0,11.21,15.89,27.1,40.0,22.58
746379,2024-06-05,2024,571448,R,663321,R,field_out,False,False,192.0,0.267,36.0,18.75,15.0,7.81,0.706,0.11099999999999999,21.36,9.49,19.89,29.38,30.25,16.59,468.0,0.28,81.0,17.31,31.0,6.62,0.8089999999999999,0.2009999999999999,20.4,9.71,17.28,26.99,33.33,16.43,,,,,,,,,,,,,,,10.0,0.2,1.0,10.0,4.0,40.0,0.8,0.0,23.53,9.09,9.09,18.18,23.08,9.09
746379,2024-06-05,2024,671056,R,663321,R,field_out,False,False,107.0,0.292,26.0,24.3,9.0,8.41,0.751,0.10400000000000004,25.14,10.7,20.0,30.7,29.63,19.7,36.0,0.3,10.0,27.78,4.0,11.11,0.784,0.067,28.57,12.05,14.46,26.51,27.08,17.31,,,,,,,,,,,,,,,10.0,0.2,1.0,10.0,4.0,40.0,0.8,0.0,23.53,9.09,9.09,18.18,23.08,9.09
746379,2024-06-05,2024,543063,L,663321,R,field_out,False,False,30.0,0.185,9.0,30.0,3.0,10.0,0.563,0.11099999999999999,30.65,15.32,14.52,29.84,28.36,20.45,251.0,0.188,58.0,23.11,24.0,9.56,0.583,0.119,28.57,14.75,12.56,27.31,30.55,19.8,,,,,,,,,,,,,,,8.0,0.286,4.0,50.0,0.0,0.0,1.089,0.428,27.27,16.22,8.11,24.32,40.0,25.0
746379,2024-06-05,2024,670541,L,664854,R,field_out,False,False,170.0,0.27,24.0,14.12,19.0,11.18,0.866,0.237,19.23,8.66,16.85,25.51,30.46,13.79,322.0,0.292,55.0,17.08,49.0,15.22,1.044,0.333,21.1,8.88,15.37,24.25,23.99,15.32,52.0,0.188,17.0,32.69,3.0,5.77,0.481,0.062,32.97,17.14,18.29,35.43,32.86,29.31,66.0,0.224,22.0,33.33,7.0,10.61,0.6970000000000001,0.155,31.01,14.44,15.88,30.32,30.28,23.91
746379,2024-06-05,2024,676694,R,664854,R,strikeout,True,False,120.0,0.3,27.0,22.5,7.0,5.83,0.8109999999999999,0.16400000000000003,32.83,15.78,16.02,31.8,30.62,22.69,263.0,0.218,69.0,26.24,18.0,6.84,0.6459999999999999,0.146,25.89,12.2,16.27,28.47,24.49,21.12,53.0,0.286,10.0,18.87,3.0,5.66,0.688,0.08100000000000002,31.68,17.49,13.11,30.6,30.59,20.83,80.0,0.134,30.0,37.5,10.0,12.5,0.402,0.03,37.93,19.76,13.17,32.93,33.13,27.27
746379,2024-06-05,2024,572138,L,664854,R,strikeout,True,False,122.0,0.223,27.0,22.13,18.0,14.75,0.6950000000000001,0.13599999999999998,25.26,10.08,18.7,28.78,19.59,21.43,79.0,0.13,19.0,24.05,9.0,11.39,0.402,0.0439999999999999,22.79,9.69,16.56,26.25,24.43,21.11,52.0,0.188,17.0,32.69,3.0,5.77,0.481,0.062,32.97,17.14,18.29,35.43,32.86,29.31,66.0,0.224,22.0,33.33,7.0,10.61,0.6970000000000001,0.155,31.01,14.44,15.88,30.32,30.28,23.91
746950,2024-06-05,2024,671739,L,601713,R,field_out,False,False,168.0,0.252,35.0,20.83,11.0,6.55,0.698,0.14200000000000002,24.58,14.79,9.58,24.37,44.52,19.34,400.0,0.29,76.0,19.0,22.0,5.5,0.812,0.191,24.97,13.25,14.35,27.61,37.23,20.32,64.0,0.213,18.0,28.12,3.0,4.69,0.6759999999999999,0.213,27.56,13.36,16.03,29.39,25.0,20.69,242.0,0.225,77.0,31.82,18.0,7.44,0.7969999999999999,0.284,27.81,13.61,17.42,31.03,33.87,23.33
746950,2024-06-05,2024,663586,R,601713,R,field_out,False,False,145.0,0.237,38.0,26.21,11.0,7.59,0.6799999999999999,0.137,31.58,15.73,12.94,28.67,27.34,20.9,566.0,0.28,137.0,24.2,42.0,7.42,0.841,0.2199999999999999,27.71,13.25,15.53,28.77,27.7,18.53,76.0,0.236,24.0,31.58,4.0,5.26,0.762,0.25,30.13,15.88,15.54,31.42,33.81,23.76,346.0,0.197,106.0,30.64,32.0,9.25,0.6060000000000001,0.129,30.92,15.06,15.42,30.48,32.51,24.88
746950,2024-06-05,2024,542303,R,601713,R,strikeout,True,False,179.0,0.302,38.0,21.23,17.0,9.5,0.992,0.321,31.83,15.27,12.82,28.1,26.58,19.59,453.0,0.272,109.0,24.06,44.0,9.71,0.882,0.263,27.95,13.42,14.78,28.21,29.59,18.63,76.0,0.236,24.0,31.58,4.0,5.26,0.762,0.25,30.13,15.88,15.54,31.42,33.81,23.76,346.0,0.197,106.0,30.64,32.0,9.25,0.6060000000000001,0.129,30.92,15.06,15.42,30.48,32.51,24.88
746950,2024-06-05,2024,680776,L,680885,R,field_out,False,False,194.0,0.275,42.0,21.65,14.0,7.22,0.8300000000000001,0.22499999999999998,23.81,11.46,15.23,26.68,28.8,20.19,314.0,0.296,75.0,23.89,21.0,6.69,0.84,0.195,24.68,12.92,13.75,26.67,30.3,19.02,16.0,0.188,4.0,25.0,0.0,0.0,0.5,0.124,25.81,14.04,17.54,31.58,38.46,21.05,,,,,,,,,,,,,,
746950,2024-06-05,2024,665839,L,680885,R,field_out,False,False,92.0,0.224,26.0,28.26,4.0,4.35,0.6739999999999999,0.19999999999999998,22.35,11.05,17.68,28.73,31.72,21.31,133.0,0.28,32.0,24.06,7.0,5.26,0.806,0.2079999999999999,23.05,10.04,20.07,30.11,28.72,21.48,16.0,0.188,4.0,25.0,0.0,0.0,0.5,0.124,25.81,14.04,17.54,31.58,38.46,21.05,,,,,,,,,,,,,,
746950,2024-06-05,2024,608701,R,680885,R,field_out,False,False,62.0,0.333,10.0,16.13,6.0,9.68,0.9470000000000001,0.20400000000000001,17.59,8.05,16.95,25.0,21.93,13.33,98.0,0.159,25.0,25.51,10.0,10.2,0.466,0.036,25.0,10.43,19.91,30.33,20.39,18.38,6.0,0.5,1.0,16.67,1.0,16.67,2.167,1.0,21.43,9.68,16.13,25.81,20.0,7.14,,,,,,,,,,,,,,
746950,2024-06-05,2024,621566,L,601713,R,walk,False,True,170.0,0.23,46.0,27.06,19.0,11.18,0.7230000000000001,0.169,28.14,13.83,11.28,25.1,27.55,17.86,540.0,0.294,115.0,21.3,90.0,16.67,1.061,0.351,27.51,12.57,12.32,24.89,25.66,14.92,64.0,0.213,18.0,28.12,3.0,4.69,0.6759999999999999,0.213,27.56,13.36,16.03,29.39,25.0,20.69,242.0,0.225,77.0,31.82,18.0,7.44,0.7969999999999999,0.284,27.81,13.61,17.42,31.03,33.87,23.33
746950,2024-06-05,2024,645277,L,601713,R,strikeout,True,False,168.0,0.257,28.0,16.67,15.0,8.93,0.7170000000000001,0.121,21.56,11.82,9.45,21.27,31.44,11.67,528.0,0.25,89.0,16.86,42.0,7.95,0.8029999999999999,0.235,20.84,11.11,9.82,20.92,33.45,13.94,64.0,0.213,18.0,28.12,3.0,4.69,0.6759999999999999,0.213,27.56,13.36,16.03,29.39,25.0,20.69,242.0,0.225,77.0,31.82,18.0,7.44,0.7969999999999999,0.284,27.81,13.61,17.42,31.03,33.87,23.33
746950,2024-06-05,2024,518595,R,601713,R,strikeout,True,False,112.0,0.224,26.0,23.21,10.0,8.93,0.679,0.143,34.12,16.33,15.87,32.2,26.64,20.47,226.0,0.214,50.0,22.12,12.0,5.31,0.655,0.176,27.19,14.35,12.93,27.28,28.43,19.61,76.0,0.236,24.0,31.58,4.0,5.26,0.762,0.25,30.13,15.88,15.54,31.42,33.81,23.76,346.0,0.197,106.0,30.64,32.0,9.25,0.6060000000000001,0.129,30.92,15.06,15.42,30.48,32.51,24.88
746950,2024-06-05,2024,594807,R,601713,R,field_out,False,False,60.0,0.107,22.0,36.67,3.0,5.0,0.31,0.03599999999999999,28.57,13.22,19.38,32.6,30.0,31.43,260.0,0.248,76.0,29.23,18.0,6.92,0.863,0.303,29.41,13.69,18.97,32.66,32.68,27.44,76.0,0.236,24.0,31.58,4.0,5.26,0.762,0.25,30.13,15.88,15.54,31.42,33.81,23.76,346.0,0.197,106.0,30.64,32.0,9.25,0.6060000000000001,0.129,30.92,15.06,15.42,30.48,32.51,24.88
746950,2024-06-05,2024,646240,L,680885,R,home_run,False,False,146.0,0.304,28.0,19.18,20.0,13.7,1.053,0.35200000000000004,24.3,11.54,12.88,24.41,31.55,15.56,469.0,0.27,89.0,18.98,51.0,10.87,0.863,0.235,25.44,13.04,9.74,22.78,33.05,15.06,16.0,0.188,4.0,25.0,0.0,0.0,0.5,0.124,25.81,14.04,17.54,31.58,38.46,21.05,,,,,,,,,,,,,,
746950,2024-06-05,2024,641933,R,680885,R,single,False,False,120.0,0.211,41.0,34.17,9.0,7.5,0.733,0.23900000000000002,34.98,15.69,17.71,33.4,27.16,26.97,187.0,0.233,53.0,28.34,15.0,8.02,0.6839999999999999,0.157,29.39,13.29,17.12,30.41,25.99,26.5,6.0,0.5,1.0,16.67,1.0,16.67,2.167,1.0,21.43,9.68,16.13,25.81,20.0,7.14,,,,,,,,,,,,,,
746950,2024-06-05,2024,642086,L,680885,R,walk,False,True,90.0,0.2,17.0,18.89,9.0,10.0,0.5640000000000001,0.07500000000000001,23.57,11.42,15.74,27.16,30.91,21.79,414.0,0.263,62.0,14.98,33.0,7.97,0.736,0.135,19.9,10.09,14.56,24.65,32.27,13.42,16.0,0.188,4.0,25.0,0.0,0.0,0.5,0.124,25.81,14.04,17.54,31.58,38.46,21.05,,,,,,,,,,,,,,
746950,2024-06-05,2024,666152,L,680885,R,double,False,False,95.0,0.267,23.0,24.21,8.0,8.42,0.744,0.13999999999999996,26.67,10.99,20.88,31.87,18.68,22.33,36.0,0.1,10.0,27.78,6.0,16.67,0.417,0.067,20.0,8.44,23.38,31.82,26.39,15.38,16.0,0.188,4.0,25.0,0.0,0.0,0.5,0.124,25.81,14.04,17.54,31.58,38.46,21.05,,,,,,,,,,,,,,
746950,2024-06-05,2024,678882,R,680885,R,field_out,False,False,168.0,0.209,44.0,26.19,5.0,2.98,0.601,0.158,32.87,20.2,12.22,32.43,43.96,22.8,62.0,0.263,20.0,32.26,3.0,4.84,0.6739999999999999,0.1049999999999999,27.08,15.6,11.2,26.8,42.11,22.22,6.0,0.5,1.0,16.67,1.0,16.67,2.167,1.0,21.43,9.68,16.13,25.81,20.0,7.14,,,,,,,,,,,,,,
746950,2024-06-05,2024,624512,L,680885,R,sac_fly,False,False,97.0,0.214,27.0,27.84,9.0,9.28,0.593,0.08399999999999999,27.59,12.63,18.42,31.05,31.68,25.71,179.0,0.25,47.0,26.26,10.0,5.59,0.639,0.0979999999999999,22.84,12.46,16.72,29.18,42.86,22.6,16.0,0.188,4.0,25.0,0.0,0.0,0.5,0.124,25.81,14.04,17.54,31.58,38.46,21.05,,,,,,,,,,,,,,
746950,2024-06-05,2024,680776,L,680885,R,strikeout,True,False,194.0,0.275,42.0,21.65,14.0,7.22,0.8300000000000001,0.22499999999999998,23.81,11.46,15.23,26.68,28.8,20.19,314.0,0.296,75.0,23.89,21.0,6.69,0.84,0.195,24.68,12.92,13.75,26.67,30.3,19.02,16.0,0.188,4.0,25.0,0.0,0.0,0.5,0.124,25.81,14.04,17.54,31.58,38.46,21.05,,,,,,,,,,,,,,
746950,2024-06-05,2024,672284,L,601713,R,field_out,False,False,136.0,0.27,41.0,30.15,9.0,6.62,0.737,0.15099999999999997,33.33,17.12,13.84,30.97,31.52,23.3,324.0,0.251,105.0,32.41,34.0,10.49,0.738,0.1569999999999999,35.42,16.4,14.8,31.2,29.2,26.99,64.0,0.213,18.0,28.12,3.0,4.69,0.6759999999999999,0.213,27.56,13.36,16.03,29.39,25.0,20.69,242.0,0.225,77.0,31.82,18.0,7.44,0.7969999999999999,0.284,27.81,13.61,17.42,31.03,33.87,23.33
746950,2024-06-05,2024,606115,R,601713,R,strikeout,True,False,167.0,0.259,26.0,15.57,5.0,2.99,0.724,0.184,23.03,11.91,13.54,25.45,26.94,16.15,421.0,0.255,78.0,18.53,23.0,5.46,0.6739999999999999,0.12,23.54,11.23,17.09,28.32,27.84,15.98,76.0,0.236,24.0,31.58,4.0,5.26,0.762,0.25,30.13,15.88,15.54,31.42,33.81,23.76,346.0,0.197,106.0,30.64,32.0,9.25,0.6060000000000001,0.129,30.92,15.06,15.42,30.48,32.51,24.88
746950,2024-06-05,2024,671739,L,601713,R,strikeout,True,False,168.0,0.252,35.0,20.83,11.0,6.55,0.698,0.14200000000000002,24.58,14.79,9.58,24.37,44.52,19.34,400.0,0.29,76.0,19.0,22.0,5.5,0.812,0.191,24.97,13.25,14.35,27.61,37.23,20.32,64.0,0.213,18.0,28.12,3.0,4.69,0.6759999999999999,0.213,27.56,13.36,16.03,29.39,25.0,20.69,242.0,0.225,77.0,31.82,18.0,7.44,0.7969999999999999,0.284,27.81,13.61,17.42,31.03,33.87,23.33
746950,2024-06-05,2024,665839,L,680885,R,field_out,False,False,92.0,0.224,26.0,28.26,4.0,4.35,0.6739999999999999,0.19999999999999998,22.35,11.05,17.68,28.73,31.72,21.31,133.0,0.28,32.0,24.06,7.0,5.26,0.806,0.2079999999999999,23.05,10.04,20.07,30.11,28.72,21.48,16.0,0.188,4.0,25.0,0.0,0.0,0.5,0.124,25.81,14.04,17.54,31.58,38.46,21.05,,,,,,,,,,,,,,
746950,2024-06-05,2024,608701,R,680885,R,single,False,False,62.0,0.333,10.0,16.13,6.0,9.68,0.9470000000000001,0.20400000000000001,17.59,8.05,16.95,25.0,21.93,13.33,98.0,0.159,25.0,25.51,10.0,10.2,0.466,0.036,25.0,10.43,19.91,30.33,20.39,18.38,6.0,0.5,1.0,16.67,1.0,16.67,2.167,1.0,21.43,9.68,16.13,25.81,20.0,7.14,,,,,,,,,,,,,,
746950,2024-06-05,2024,646240,L,680885,R,force_out,False,False,146.0,0.304,28.0,19.18,20.0,13.7,1.053,0.35200000000000004,24.3,11.54,12.88,24.41,31.55,15.56,469.0,0.27,89.0,18.98,51.0,10.87,0.863,0.235,25.44,13.04,9.74,22.78,33.05,15.06,16.0,0.188,4.0,25.0,0.0,0.0,0.5,0.124,25.81,14.04,17.54,31.58,38.46,21.05,,,,,,,,,,,,,,
746950,2024-06-05,2024,641933,R,680885,R,force_out,False,False,120.0,0.211,41.0,34.17,9.0,7.5,0.733,0.23900000000000002,34.98,15.69,17.71,33.4,27.16,26.97,187.0,0.233,53.0,28.34,15.0,8.02,0.6839999999999999,0.157,29.39,13.29,17.12,30.41,25.99,26.5,6.0,0.5,1.0,16.67,1.0,16.67,2.167,1.0,21.43,9.68,16.13,25.81,20.0,7.14,,,,,,,,,,,,,,
746950,2024-06-05,2024,663586,R,601713,R,single,False,False,145.0,0.237,38.0,26.21,11.0,7.59,0.6799999999999999,0.137,31.58,15.73,12.94,28.67,27.34,20.9,566.0,0.28,137.0,24.2,42.0,7.42,0.841,0.2199999999999999,27.71,13.25,15.53,28.77,27.7,18.53,76.0,0.236,24.0,31.58,4.0,5.26,0.762,0.25,30.13,15.88,15.54,31.42,33.81,23.76,346.0,0.197,106.0,30.64,32.0,9.25,0.6060000000000001,0.129,30.92,15.06,15.42,30.48,32.51,24.88
746950,2024-06-05,2024,542303,R,601713,R,strikeout,True,False,179.0,0.302,38.0,21.23,17.0,9.5,0.992,0.321,31.83,15.27,12.82,28.1,26.58,19.59,453.0,0.272,109.0,24.06,44.0,9.71,0.882,0.263,27.95,13.42,14.78,28.21,29.59,18.63,76.0,0.236,24.0,31.58,4.0,5.26,0.762,0.25,30.13,15.88,15.54,31.42,33.81,23.76,346.0,0.197,106.0,30.64,32.0,9.25,0.6060000000000001,0.129,30.92,15.06,15.42,30.48,32.51,24.88
746950,2024-06-05,2024,621566,L,601713,R,field_out,False,False,170.0,0.23,46.0,27.06,19.0,11.18,0.7230000000000001,0.169,28.14,13.83,11.28,25.1,27.55,17.86,540.0,0.294,115.0,21.3,90.0,16.67,1.061,0.351,27.51,12.57,12.32,24.89,25.66,14.92,64.0,0.213,18.0,28.12,3.0,4.69,0.6759999999999999,0.213,27.56,13.36,16.03,29.39,25.0,20.69,242.0,0.225,77.0,31.82,18.0,7.44,0.7969999999999999,0.284,27.81,13.61,17.42,31.03,33.87,23.33
746950,2024-06-05,2024,645277,L,601713,R,walk,False,True,168.0,0.257,28.0,16.67,15.0,8.93,0.7170000000000001,0.121,21.56,11.82,9.45,21.27,31.44,11.67,528.0,0.25,89.0,16.86,42.0,7.95,0.8029999999999999,0.235,20.84,11.11,9.82,20.92,33.45,13.94,64.0,0.213,18.0,28.12,3.0,4.69,0.6759999999999999,0.213,27.56,13.36,16.03,29.39,25.0,20.69,242.0,0.225,77.0,31.82,18.0,7.44,0.7969999999999999,0.284,27.81,13.61,17.42,31.03,33.87,23.33
746950,2024-06-05,2024,518595,R,601713,R,strikeout,True,False,112.0,0.224,26.0,23.21,10.0,8.93,0.679,0.143,34.12,16.33,15.87,32.2,26.64,20.47,226.0,0.214,50.0,22.12,12.0,5.31,0.655,0.176,27.19,14.35,12.93,27.28,28.43,19.61,76.0,0.236,24.0,31.58,4.0,5.26,0.762,0.25,30.13,15.88,15.54,31.42,33.81,23.76,346.0,0.197,106.0,30.64,32.0,9.25,0.6060000000000001,0.129,30.92,15.06,15.42,30.48,32.51,24.88
746950,2024-06-05,2024,642086,L,680885,R,strikeout,True,False,90.0,0.2,17.0,18.89,9.0,10.0,0.5640000000000001,0.07500000000000001,23.57,11.42,15.74,27.16,30.91,21.79,414.0,0.263,62.0,14.98,33.0,7.97,0.736,0.135,19.9,10.09,14.56,24.65,32.27,13.42,16.0,0.188,4.0,25.0,0.0,0.0,0.5,0.124,25.81,14.04,17.54,31.58,38.46,21.05,,,,,,,,,,,,,,
746950,2024-06-05,2024,666152,L,680885,R,field_out,False,False,95.0,0.267,23.0,24.21,8.0,8.42,0.744,0.13999999999999996,26.67,10.99,20.88,31.87,18.68,22.33,36.0,0.1,10.0,27.78,6.0,16.67,0.417,0.067,20.0,8.44,23.38,31.82,26.39,15.38,16.0,0.188,4.0,25.0,0.0,0.0,0.5,0.124,25.81,14.04,17.54,31.58,38.46,21.05,,,,,,,,,,,,,,
746950,2024-06-05,2024,678882,R,680885,R,strikeout,True,False,168.0,0.209,44.0,26.19,5.0,2.98,0.601,0.158,32.87,20.2,12.22,32.43,43.96,22.8,62.0,0.263,20.0,32.26,3.0,4.84,0.6739999999999999,0.1049999999999999,27.08,15.6,11.2,26.8,42.11,22.22,6.0,0.5,1.0,16.67,1.0,16.67,2.167,1.0,21.43,9.68,16.13,25.81,20.0,7.14,,,,,,,,,,,,,,
746950,2024-06-05,2024,594807,R,601713,R,field_out,False,False,60.0,0.107,22.0,36.67,3.0,5.0,0.31,0.03599999999999999,28.57,13.22,19.38,32.6,30.0,31.43,260.0,0.248,76.0,29.23,18.0,6.92,0.863,0.303,29.41,13.69,18.97,32.66,32.68,27.44,76.0,0.236,24.0,31.58,4.0,5.26,0.762,0.25,30.13,15.88,15.54,31.42,33.81,23.76,346.0,0.197,106.0,30.64,32.0,9.25,0.6060000000000001,0.129,30.92,15.06,15.42,30.48,32.51,24.88
746950,2024-06-05,2024,672284,L,601713,R,field_out,False,False,136.0,0.27,41.0,30.15,9.0,6.62,0.737,0.15099999999999997,33.33,17.12,13.84,30.97,31.52,23.3,324.0,0.251,105.0,32.41,34.0,10.49,0.738,0.1569999999999999,35.42,16.4,14.8,31.2,29.2,26.99,64.0,0.213,18.0,28.12,3.0,4.69,0.6759999999999999,0.213,27.56,13.36,16.03,29.39,25.0,20.69,242.0,0.225,77.0,31.82,18.0,7.44,0.7969999999999999,0.284,27.81,13.61,17.42,31.03,33.87,23.33
746950,2024-06-05,2024,606115,R,601713,R,strikeout,True,False,167.0,0.259,26.0,15.57,5.0,2.99,0.724,0.184,23.03,11.91,13.54,25.45,26.94,16.15,421.0,0.255,78.0,18.53,23.0,5.46,0.6739999999999999,0.12,23.54,11.23,17.09,28.32,27.84,15.98,76.0,0.236,24.0,31.58,4.0,5.26,0.762,0.25,30.13,15.88,15.54,31.42,33.81,23.76,346.0,0.197,106.0,30.64,32.0,9.25,0.6060000000000001,0.129,30.92,15.06,15.42,30.48,32.51,24.88
746950,2024-06-05,2024,624512,L,680885,R,field_out,False,False,97.0,0.214,27.0,27.84,9.0,9.28,0.593,0.08399999999999999,27.59,12.63,18.42,31.05,31.68,25.71,179.0,0.25,47.0,26.26,10.0,5.59,0.639,0.0979999999999999,22.84,12.46,16.72,29.18,42.86,22.6,16.0,0.188,4.0,25.0,0.0,0.0,0.5,0.124,25.81,14.04,17.54,31.58,38.46,21.05,,,,,,,,,,,,,,
746950,2024-06-05,2024,680776,L,680885,R,triple,False,False,194.0,0.275,42.0,21.65,14.0,7.22,0.8300000000000001,0.22499999999999998,23.81,11.46,15.23,26.68,28.8,20.19,314.0,0.296,75.0,23.89,21.0,6.69,0.84,0.195,24.68,12.92,13.75,26.67,30.3,19.02,16.0,0.188,4.0,25.0,0.0,0.0,0.5,0.124,25.81,14.04,17.54,31.58,38.46,21.05,,,,,,,,,,,,,,
746950,2024-06-05,2024,665839,L,680885,R,double,False,False,92.0,0.224,26.0,28.26,4.0,4.35,0.6739999999999999,0.19999999999999998,22.35,11.05,17.68,28.73,31.72,21.31,133.0,0.28,32.0,24.06,7.0,5.26,0.806,0.2079999999999999,23.05,10.04,20.07,30.11,28.72,21.48,16.0,0.188,4.0,25.0,0.0,0.0,0.5,0.124,25.81,14.04,17.54,31.58,38.46,21.05,,,,,,,,,,,,,,
746950,2024-06-05,2024,608701,R,680885,R,strikeout,True,False,62.0,0.333,10.0,16.13,6.0,9.68,0.9470000000000001,0.20400000000000001,17.59,8.05,16.95,25.0,21.93,13.33,98.0,0.159,25.0,25.51,10.0,10.2,0.466,0.036,25.0,10.43,19.91,30.33,20.39,18.38,6.0,0.5,1.0,16.67,1.0,16.67,2.167,1.0,21.43,9.68,16.13,25.81,20.0,7.14,,,,,,,,,,,,,,
746950,2024-06-05,2024,646240,L,680885,R,intent_walk,False,True,146.0,0.304,28.0,19.18,20.0,13.7,1.053,0.35200000000000004,24.3,11.54,12.88,24.41,31.55,15.56,469.0,0.27,89.0,18.98,51.0,10.87,0.863,0.235,25.44,13.04,9.74,22.78,33.05,15.06,16.0,0.188,4.0,25.0,0.0,0.0,0.5,0.124,25.81,14.04,17.54,31.58,38.46,21.05,,,,,,,,,,,,,,
746950,2024-06-05,2024,641933,R,680885,R,single,False,False,120.0,0.211,41.0,34.17,9.0,7.5,0.733,0.23900000000000002,34.98,15.69,17.71,33.4,27.16,26.97,187.0,0.233,53.0,28.34,15.0,8.02,0.6839999999999999,0.157,29.39,13.29,17.12,30.41,25.99,26.5,6.0,0.5,1.0,16.67,1.0,16.67,2.167,1.0,21.43,9.68,16.13,25.81,20.0,7.14,,,,,,,,,,,,,,
746950,2024-06-05,2024,642086,L,678061,L,double,False,False,12.0,0.182,3.0,25.0,1.0,8.33,0.795,0.36300000000000004,13.04,5.66,16.98,22.64,22.22,15.79,172.0,0.234,29.0,16.86,14.0,8.14,0.588,0.0569999999999999,20.07,8.92,18.77,27.69,25.32,16.2,25.0,0.227,9.0,36.0,2.0,8.0,0.61,0.091,43.48,21.98,15.38,37.36,38.46,34.62,36.0,0.161,15.0,41.67,3.0,8.33,0.5469999999999999,0.1289999999999999,30.99,14.1,19.23,33.33,28.57,28.3
746950,2024-06-05,2024,666152,L,678061,L,walk,False,True,10.0,0.3,4.0,40.0,0.0,0.0,0.6,0.0,37.5,14.29,21.43,35.71,15.0,28.57,3.0,0.333,0.0,0.0,0.0,0.0,0.666,0.0,25.0,16.67,16.67,33.33,50.0,,25.0,0.227,9.0,36.0,2.0,8.0,0.61,0.091,43.48,21.98,15.38,37.36,38.46,34.62,36.0,0.161,15.0,41.67,3.0,8.33,0.5469999999999999,0.1289999999999999,30.99,14.1,19.23,33.33,28.57,28.3
746950,2024-06-05,2024,678882,R,678061,L,field_out,False,False,50.0,0.196,15.0,30.0,3.0,6.0,0.636,0.195,31.0,16.4,15.34,31.75,38.78,25.42,27.0,0.192,8.0,29.63,1.0,3.7,0.645,0.2309999999999999,36.36,19.23,14.42,33.65,30.0,24.24,53.0,0.333,14.0,26.42,1.0,1.89,0.919,0.20900000000000002,32.26,15.79,17.37,33.16,34.04,28.57,78.0,0.278,20.0,25.64,6.0,7.69,0.93,0.3189999999999999,32.82,15.41,14.7,30.11,30.07,29.41
746950,2024-06-05,2024,671739,L,601713,R,field_out,False,False,168.0,0.252,35.0,20.83,11.0,6.55,0.698,0.14200000000000002,24.58,14.79,9.58,24.37,44.52,19.34,400.0,0.29,76.0,19.0,22.0,5.5,0.812,0.191,24.97,13.25,14.35,27.61,37.23,20.32,64.0,0.213,18.0,28.12,3.0,4.69,0.6759999999999999,0.213,27.56,13.36,16.03,29.39,25.0,20.69,242.0,0.225,77.0,31.82,18.0,7.44,0.7969999999999999,0.284,27.81,13.61,17.42,31.03,33.87,23.33
746950,2024-06-05,2024,663586,R,601713,R,field_out,False,False,145.0,0.237,38.0,26.21,11.0,7.59,0.6799999999999999,0.137,31.58,15.73,12.94,28.67,27.34,20.9,566.0,0.28,137.0,24.2,42.0,7.42,0.841,0.2199999999999999,27.71,13.25,15.53,28.77,27.7,18.53,76.0,0.236,24.0,31.58,4.0,5.26,0.762,0.25,30.13,15.88,15.54,31.42,33.81,23.76,346.0,0.197,106.0,30.64,32.0,9.25,0.6060000000000001,0.129,30.92,15.06,15.42,30.48,32.51,24.88
746950,2024-06-05,2024,542303,R,601713,R,field_out,False,False,179.0,0.302,38.0,21.23,17.0,9.5,0.992,0.321,31.83,15.27,12.82,28.1,26.58,19.59,453.0,0.272,109.0,24.06,44.0,9.71,0.882,0.263,27.95,13.42,14.78,28.21,29.59,18.63,76.0,0.236,24.0,31.58,4.0,5.26,0.762,0.25,30.13,15.88,15.54,31.42,33.81,23.76,346.0,0.197,106.0,30.64,32.0,9.25,0.6060000000000001,0.129,30.92,15.06,15.42,30.48,32.51,24.88
746950,2024-06-05,2024,624512,L,678061,L,field_out,False,False,9.0,0.333,3.0,33.33,0.0,0.0,1.0,0.334,29.41,14.29,20.0,34.29,38.89,30.0,27.0,0.391,6.0,22.22,1.0,3.7,0.875,0.0439999999999999,25.53,11.21,23.36,34.58,33.96,18.18,25.0,0.227,9.0,36.0,2.0,8.0,0.61,0.091,43.48,21.98,15.38,37.36,38.46,34.62,36.0,0.161,15.0,41.67,3.0,8.33,0.5469999999999999,0.1289999999999999,30.99,14.1,19.23,33.33,28.57,28.3
746950,2024-06-05,2024,680776,L,678061,L,field_out,False,False,81.0,0.214,21.0,25.93,8.0,9.88,0.5549999999999999,0.028999999999999998,27.34,11.91,20.38,32.29,31.1,23.6,49.0,0.289,15.0,30.61,3.0,6.12,0.749,0.133,24.44,10.73,20.0,30.73,27.27,25.86,25.0,0.227,9.0,36.0,2.0,8.0,0.61,0.091,43.48,21.98,15.38,37.36,38.46,34.62,36.0,0.161,15.0,41.67,3.0,8.33,0.5469999999999999,0.1289999999999999,30.99,14.1,19.23,33.33,28.57,28.3
746950,2024-06-05,2024,665839,L,678061,L,field_out,False,False,17.0,0.0,6.0,35.29,0.0,0.0,0.0,0.0,38.24,21.67,13.33,35.0,50.0,40.0,16.0,0.143,5.0,31.25,1.0,6.25,0.393,0.0,37.5,16.98,16.98,33.96,31.03,50.0,25.0,0.227,9.0,36.0,2.0,8.0,0.61,0.091,43.48,21.98,15.38,37.36,38.46,34.62,36.0,0.161,15.0,41.67,3.0,8.33,0.5469999999999999,0.1289999999999999,30.99,14.1,19.23,33.33,28.57,28.3
746950,2024-06-05,2024,621566,L,601713,R,field_out,False,False,170.0,0.23,46.0,27.06,19.0,11.18,0.7230000000000001,0.169,28.14,13.83,11.28,25.1,27.55,17.86,540.0,0.294,115.0,21.3,90.0,16.67,1.061,0.351,27.51,12.57,12.32,24.89,25.66,14.92,64.0,0.213,18.0,28.12,3.0,4.69,0.6759999999999999,0.213,27.56,13.36,16.03,29.39,25.0,20.69,242.0,0.225,77.0,31.82,18.0,7.44,0.7969999999999999,0.284,27.81,13.61,17.42,31.03,33.87,23.33
746950,2024-06-05,2024,645277,L,601713,R,strikeout,True,False,168.0,0.257,28.0,16.67,15.0,8.93,0.7170000000000001,0.121,21.56,11.82,9.45,21.27,31.44,11.67,528.0,0.25,89.0,16.86,42.0,7.95,0.8029999999999999,0.235,20.84,11.11,9.82,20.92,33.45,13.94,64.0,0.213,18.0,28.12,3.0,4.69,0.6759999999999999,0.213,27.56,13.36,16.03,29.39,25.0,20.69,242.0,0.225,77.0,31.82,18.0,7.44,0.7969999999999999,0.284,27.81,13.61,17.42,31.03,33.87,23.33
746950,2024-06-05,2024,518595,R,601713,R,field_out,False,False,112.0,0.224,26.0,23.21,10.0,8.93,0.679,0.143,34.12,16.33,15.87,32.2,26.64,20.47,226.0,0.214,50.0,22.12,12.0,5.31,0.655,0.176,27.19,14.35,12.93,27.28,28.43,19.61,76.0,0.236,24.0,31.58,4.0,5.26,0.762,0.25,30.13,15.88,15.54,31.42,33.81,23.76,346.0,0.197,106.0,30.64,32.0,9.25,0.6060000000000001,0.129,30.92,15.06,15.42,30.48,32.51,24.88
746950,2024-06-05,2024,608701,R,678061,L,double,False,False,44.0,0.333,13.0,29.55,4.0,9.09,0.871,0.129,35.44,16.97,20.61,37.58,26.39,22.03,146.0,0.308,22.0,15.07,23.0,15.75,0.8280000000000001,0.092,21.59,8.39,20.38,28.77,17.59,13.66,53.0,0.333,14.0,26.42,1.0,1.89,0.919,0.20900000000000002,32.26,15.79,17.37,33.16,34.04,28.57,78.0,0.278,20.0,25.64,6.0,7.69,0.93,0.3189999999999999,32.82,15.41,14.7,30.11,30.07,29.41
746950,2024-06-05,2024,646240,L,678061,L,home_run,False,False,71.0,0.238,23.0,32.39,6.0,8.45,0.641,0.07900000000000001,29.61,15.9,12.72,28.62,30.77,24.21,188.0,0.273,37.0,19.68,11.0,5.85,0.823,0.2149999999999999,27.74,14.71,11.61,26.32,30.93,15.19,25.0,0.227,9.0,36.0,2.0,8.0,0.61,0.091,43.48,21.98,15.38,37.36,38.46,34.62,36.0,0.161,15.0,41.67,3.0,8.33,0.5469999999999999,0.1289999999999999,30.99,14.1,19.23,33.33,28.57,28.3
746950,2024-06-05,2024,641933,R,678061,L,strikeout,True,False,52.0,0.308,17.0,32.69,13.0,25.0,1.1219999999999999,0.333,29.49,9.62,18.83,28.45,18.18,26.56,79.0,0.227,14.0,17.72,13.0,16.46,0.7929999999999999,0.212,23.91,10.58,16.03,26.6,24.28,14.14,53.0,0.333,14.0,26.42,1.0,1.89,0.919,0.20900000000000002,32.26,15.79,17.37,33.16,34.04,28.57,78.0,0.278,20.0,25.64,6.0,7.69,0.93,0.3189999999999999,32.82,15.41,14.7,30.11,30.07,29.41
746950,2024-06-05,2024,642086,L,678061,L,single,False,False,12.0,0.182,3.0,25.0,1.0,8.33,0.795,0.36300000000000004,13.04,5.66,16.98,22.64,22.22,15.79,172.0,0.234,29.0,16.86,14.0,8.14,0.588,0.0569999999999999,20.07,8.92,18.77,27.69,25.32,16.2,25.0,0.227,9.0,36.0,2.0,8.0,0.61,0.091,43.48,21.98,15.38,37.36,38.46,34.62,36.0,0.161,15.0,41.67,3.0,8.33,0.5469999999999999,0.1289999999999999,30.99,14.1,19.23,33.33,28.57,28.3
746950,2024-06-05,2024,666152,L,678061,L,field_out,False,False,10.0,0.3,4.0,40.0,0.0,0.0,0.6,0.0,37.5,14.29,21.43,35.71,15.0,28.57,3.0,0.333,0.0,0.0,0.0,0.0,0.666,0.0,25.0,16.67,16.67,33.33,50.0,,25.0,0.227,9.0,36.0,2.0,8.0,0.61,0.091,43.48,21.98,15.38,37.36,38.46,34.62,36.0,0.161,15.0,41.67,3.0,8.33,0.5469999999999999,0.1289999999999999,30.99,14.1,19.23,33.33,28.57,28.3
746950,2024-06-05,2024,678882,R,678061,L,strikeout,True,False,50.0,0.196,15.0,30.0,3.0,6.0,0.636,0.195,31.0,16.4,15.34,31.75,38.78,25.42,27.0,0.192,8.0,29.63,1.0,3.7,0.645,0.2309999999999999,36.36,19.23,14.42,33.65,30.0,24.24,53.0,0.333,14.0,26.42,1.0,1.89,0.919,0.20900000000000002,32.26,15.79,17.37,33.16,34.04,28.57,78.0,0.278,20.0,25.64,6.0,7.69,0.93,0.3189999999999999,32.82,15.41,14.7,30.11,30.07,29.41
746950,2024-06-05,2024,594807,R,677161,R,field_out,False,False,60.0,0.107,22.0,36.67,3.0,5.0,0.31,0.03599999999999999,28.57,13.22,19.38,32.6,30.0,31.43,260.0,0.248,76.0,29.23,18.0,6.92,0.863,0.303,29.41,13.69,18.97,32.66,32.68,27.44,37.0,0.156,7.0,18.92,4.0,10.81,0.551,0.12500000000000003,25.4,10.96,20.55,31.51,26.67,14.58,19.0,0.214,2.0,10.53,2.0,10.53,0.746,0.143,13.04,4.84,20.97,25.81,24.24,16.67
746950,2024-06-05,2024,679881,L,677161,R,strikeout,True,False,,,,,,,,,,,,,,,38.0,0.222,14.0,36.84,2.0,5.26,0.5960000000000001,0.111,38.03,18.24,18.92,37.16,26.47,35.9,35.0,0.207,7.0,20.0,6.0,17.14,0.653,0.10300000000000001,23.68,11.61,14.19,25.81,29.87,12.73,24.0,0.222,4.0,16.67,6.0,25.0,0.806,0.167,27.45,11.76,15.13,26.89,26.76,10.0
746950,2024-06-05,2024,606115,R,677161,R,strikeout,True,False,167.0,0.259,26.0,15.57,5.0,2.99,0.724,0.184,23.03,11.91,13.54,25.45,26.94,16.15,421.0,0.255,78.0,18.53,23.0,5.46,0.6739999999999999,0.12,23.54,11.23,17.09,28.32,27.84,15.98,37.0,0.156,7.0,18.92,4.0,10.81,0.551,0.12500000000000003,25.4,10.96,20.55,31.51,26.67,14.58,19.0,0.214,2.0,10.53,2.0,10.53,0.746,0.143,13.04,4.84,20.97,25.81,24.24,16.67
746950,2024-06-05,2024,624512,L,623474,R,field_out,False,False,97.0,0.214,27.0,27.84,9.0,9.28,0.593,0.08399999999999999,27.59,12.63,18.42,31.05,31.68,25.71,179.0,0.25,47.0,26.26,10.0,5.59,0.639,0.0979999999999999,22.84,12.46,16.72,29.18,42.86,22.6,12.0,0.083,3.0,25.0,0.0,0.0,0.166,0.0,25.0,17.07,12.2,29.27,52.94,30.0,47.0,0.293,9.0,19.15,6.0,12.77,0.993,0.317,20.0,9.35,10.75,20.09,21.78,12.68
746950,2024-06-05,2024,680776,L,623474,R,home_run,False,False,194.0,0.275,42.0,21.65,14.0,7.22,0.8300000000000001,0.22499999999999998,23.81,11.46,15.23,26.68,28.8,20.19,314.0,0.296,75.0,23.89,21.0,6.69,0.84,0.195,24.68,12.92,13.75,26.67,30.3,19.02,12.0,0.083,3.0,25.0,0.0,0.0,0.166,0.0,25.0,17.07,12.2,29.27,52.94,30.0,47.0,0.293,9.0,19.15,6.0,12.77,0.993,0.317,20.0,9.35,10.75,20.09,21.78,12.68
746950,2024-06-05,2024,642197,R,623474,R,single,False,False,1.0,0.0,1.0,100.0,0.0,0.0,0.0,0.0,0.0,0.0,50.0,50.0,0.0,50.0,,,,,,,,,,,,,,,14.0,0.417,1.0,7.14,2.0,14.29,1.0,0.08300000000000002,18.18,7.69,17.31,25.0,20.69,7.69,80.0,0.276,17.0,21.25,2.0,2.5,0.825,0.237,20.71,9.45,22.48,31.92,28.06,18.68
746950,2024-06-05,2024,608701,R,623474,R,strikeout,True,False,62.0,0.333,10.0,16.13,6.0,9.68,0.9470000000000001,0.20400000000000001,17.59,8.05,16.95,25.0,21.93,13.33,98.0,0.159,25.0,25.51,10.0,10.2,0.466,0.036,25.0,10.43,19.91,30.33,20.39,18.38,14.0,0.417,1.0,7.14,2.0,14.29,1.0,0.08300000000000002,18.18,7.69,17.31,25.0,20.69,7.69,80.0,0.276,17.0,21.25,2.0,2.5,0.825,0.237,20.71,9.45,22.48,31.92,28.06,18.68
746950,2024-06-05,2024,666915,R,623474,R,strikeout,True,False,38.0,0.147,17.0,44.74,2.0,5.26,0.422,0.059,41.67,19.48,21.43,40.91,27.27,29.31,31.0,0.103,17.0,54.84,2.0,6.45,0.368,0.104,45.45,22.22,17.78,40.0,36.11,38.64,14.0,0.417,1.0,7.14,2.0,14.29,1.0,0.08300000000000002,18.18,7.69,17.31,25.0,20.69,7.69,80.0,0.276,17.0,21.25,2.0,2.5,0.825,0.237,20.71,9.45,22.48,31.92,28.06,18.68
746950,2024-06-05,2024,671739,L,641745,R,field_error,False,False,168.0,0.252,35.0,20.83,11.0,6.55,0.698,0.14200000000000002,24.58,14.79,9.58,24.37,44.52,19.34,400.0,0.29,76.0,19.0,22.0,5.5,0.812,0.191,24.97,13.25,14.35,27.61,37.23,20.32,49.0,0.234,8.0,16.33,2.0,4.08,0.669,0.17,21.98,10.31,15.46,25.77,30.56,16.0,109.0,0.262,16.0,14.68,23.0,21.1,0.8029999999999999,0.119,20.99,8.15,16.95,25.11,17.86,12.7
746950,2024-06-05,2024,605119,R,641745,R,grounded_into_double_play,False,False,,,,,,,,,,,,,,,275.0,0.239,83.0,30.18,26.0,9.45,0.7030000000000001,0.148,33.27,15.96,15.78,31.73,27.85,22.74,55.0,0.3,9.0,16.36,5.0,9.09,1.004,0.34,19.59,8.8,19.44,28.24,22.12,12.86,102.0,0.256,15.0,14.71,22.0,21.57,0.7769999999999999,0.0899999999999999,25.0,8.96,17.43,26.39,22.82,15.62
746950,2024-06-05,2024,670097,R,641745,R,field_out,False,False,41.0,0.147,10.0,24.39,6.0,14.63,0.499,0.059,29.33,12.43,18.08,30.51,13.58,16.67,154.0,0.182,40.0,25.97,17.0,11.04,0.591,0.136,25.5,10.49,19.51,30.0,17.36,22.6,55.0,0.3,9.0,16.36,5.0,9.09,1.004,0.34,19.59,8.8,19.44,28.24,22.12,12.86,102.0,0.256,15.0,14.71,22.0,21.57,0.7769999999999999,0.0899999999999999,25.0,8.96,17.43,26.39,22.82,15.62
747196,2024-06-05,2024,671218,R,686796,L,walk,False,True,26.0,0.316,7.0,26.92,6.0,23.08,1.237,0.421,30.43,15.11,7.91,23.02,23.61,12.28,46.0,0.186,16.0,34.78,3.0,6.52,0.588,0.1629999999999999,32.35,16.67,13.64,30.3,30.21,23.53,50.0,0.175,11.0,22.0,7.0,14.0,0.54,0.025000000000000022,23.33,10.14,15.94,26.09,26.5,18.03,,,,,,,,,,,,,,
747196,2024-06-05,2024,642731,R,686796,L,strikeout,True,False,57.0,0.208,11.0,19.3,3.0,5.26,0.604,0.15,21.36,11.22,16.84,28.06,33.67,21.15,150.0,0.257,36.0,24.0,7.0,4.67,0.643,0.079,21.99,10.73,18.17,28.89,37.46,20.57,50.0,0.175,11.0,22.0,7.0,14.0,0.54,0.025000000000000022,23.33,10.14,15.94,26.09,26.5,18.03,,,,,,,,,,,,,,
747196,2024-06-05,2024,672275,R,686796,L,grounded_into_double_play,False,False,27.0,0.28,8.0,29.63,1.0,3.7,0.6559999999999999,0.07999999999999996,25.0,11.65,19.42,31.07,16.28,29.63,113.0,0.298,30.0,26.55,8.0,7.08,0.829,0.183,25.26,10.67,21.33,32.0,21.36,22.39,50.0,0.175,11.0,22.0,7.0,14.0,0.54,0.025000000000000022,23.33,10.14,15.94,26.09,26.5,18.03,,,,,,,,,,,,,,
747196,2024-06-05,2024,606466,R,690986,L,field_out,False,False,104.0,0.337,11.0,10.58,7.0,6.73,1.099,0.36799999999999994,20.97,11.34,11.05,22.38,33.74,12.5,199.0,0.313,24.0,12.06,17.0,8.54,0.879,0.184,19.78,9.92,12.91,22.83,31.78,12.7,240.0,0.278,43.0,17.92,19.0,7.92,0.79,0.176,21.43,10.29,15.93,26.22,23.19,16.73,105.0,0.179,33.0,31.43,6.0,5.71,0.637,0.21,28.57,13.33,19.76,33.1,27.86,23.91
747196,2024-06-05,2024,672515,R,690986,L,single,False,False,70.0,0.234,9.0,12.86,5.0,7.14,0.583,0.06299999999999997,17.02,7.77,19.42,27.18,26.9,9.38,116.0,0.352,32.0,27.59,5.0,4.31,0.899,0.176,20.55,9.15,21.54,30.69,27.88,22.38,240.0,0.278,43.0,17.92,19.0,7.92,0.79,0.176,21.43,10.29,15.93,26.22,23.19,16.73,105.0,0.179,33.0,31.43,6.0,5.71,0.637,0.21,28.57,13.33,19.76,33.1,27.86,23.91
747196,2024-06-05,2024,666971,R,690986,L,grounded_into_double_play,False,False,75.0,0.319,14.0,18.67,3.0,4.0,0.861,0.195,21.92,11.07,16.61,27.68,37.16,15.22,160.0,0.301,18.0,11.25,12.0,7.5,0.8140000000000001,0.151,14.39,6.67,17.26,23.93,28.33,12.16,240.0,0.278,43.0,17.92,19.0,7.92,0.79,0.176,21.43,10.29,15.93,26.22,23.19,16.73,105.0,0.179,33.0,31.43,6.0,5.71,0.637,0.21,28.57,13.33,19.76,33.1,27.86,23.91
747196,2024-06-05,2024,656305,R,686796,L,single,False,False,60.0,0.364,11.0,18.33,5.0,8.33,1.053,0.272,13.33,6.45,16.53,22.98,29.51,13.41,113.0,0.307,26.0,23.01,10.0,8.85,0.89,0.208,30.77,13.88,17.35,31.24,20.45,17.81,50.0,0.175,11.0,22.0,7.0,14.0,0.54,0.025000000000000022,23.33,10.14,15.94,26.09,26.5,18.03,,,,,,,,,,,,,,
747196,2024-06-05,2024,624424,L,686796,L,walk,False,True,40.0,0.308,10.0,25.0,1.0,2.5,0.863,0.23000000000000004,28.75,15.33,20.0,35.33,33.33,20.41,102.0,0.219,29.0,28.43,3.0,2.94,0.5980000000000001,0.114,29.28,13.52,20.15,33.67,28.95,22.83,6.0,0.5,0.0,0.0,2.0,33.33,1.417,0.25,0.0,0.0,16.0,16.0,0.0,0.0,,,,,,,,,,,,,,
747196,2024-06-05,2024,624585,R,686796,L,field_out,False,False,56.0,0.224,13.0,23.21,5.0,8.93,0.729,0.18399999999999997,28.44,13.9,13.45,27.35,31.25,19.4,135.0,0.277,30.0,22.22,20.0,14.81,1.081,0.4109999999999999,26.29,11.6,16.16,27.76,25.27,18.75,50.0,0.175,11.0,22.0,7.0,14.0,0.54,0.025000000000000022,23.33,10.14,15.94,26.09,26.5,18.03,,,,,,,,,,,,,,
747196,2024-06-05,2024,527038,R,686796,L,walk,False,True,72.0,0.2,10.0,13.89,5.0,6.94,0.577,0.123,13.18,5.9,19.79,25.69,28.76,11.24,182.0,0.303,28.0,15.38,14.0,7.69,0.886,0.224,17.07,7.55,21.16,28.71,29.47,12.17,50.0,0.175,11.0,22.0,7.0,14.0,0.54,0.025000000000000022,23.33,10.14,15.94,26.09,26.5,18.03,,,,,,,,,,,,,,
747196,2024-06-05,2024,669477,R,686796,L,strikeout,True,False,10.0,0.333,2.0,20.0,0.0,0.0,1.0670000000000002,0.334,15.0,8.33,19.44,27.78,40.0,16.67,115.0,0.222,20.0,17.39,5.0,4.35,0.613,0.1299999999999999,23.42,12.78,14.0,26.78,35.32,18.02,50.0,0.175,11.0,22.0,7.0,14.0,0.54,0.025000000000000022,23.33,10.14,15.94,26.09,26.5,18.03,,,,,,,,,,,,,,
747196,2024-06-05,2024,682641,R,686796,L,field_out,False,False,19.0,0.188,5.0,26.32,2.0,10.53,0.7010000000000001,0.25,17.39,9.3,12.79,22.09,35.71,16.13,99.0,0.31,10.0,10.1,12.0,12.12,0.825,0.1069999999999999,11.64,4.94,17.44,22.38,22.04,14.71,50.0,0.175,11.0,22.0,7.0,14.0,0.54,0.025000000000000022,23.33,10.14,15.94,26.09,26.5,18.03,,,,,,,,,,,,,,
747196,2024-06-05,2024,572233,R,690986,L,field_out,False,False,76.0,0.279,23.0,30.26,7.0,9.21,0.798,0.177,29.94,13.95,16.02,29.97,24.26,18.7,168.0,0.255,32.0,19.05,20.0,11.9,0.922,0.3189999999999999,27.22,12.57,12.85,25.42,24.16,14.55,240.0,0.278,43.0,17.92,19.0,7.92,0.79,0.176,21.43,10.29,15.93,26.22,23.19,16.73,105.0,0.179,33.0,31.43,6.0,5.71,0.637,0.21,28.57,13.33,19.76,33.1,27.86,23.91
747196,2024-06-05,2024,545341,R,690986,L,field_out,False,False,73.0,0.297,8.0,10.96,5.0,6.85,0.731,0.07800000000000001,18.55,8.75,16.35,25.1,28.15,12.12,134.0,0.328,17.0,12.69,12.0,8.96,0.995,0.2789999999999999,21.25,10.26,14.29,24.55,32.84,12.78,240.0,0.278,43.0,17.92,19.0,7.92,0.79,0.176,21.43,10.29,15.93,26.22,23.19,16.73,105.0,0.179,33.0,31.43,6.0,5.71,0.637,0.21,28.57,13.33,19.76,33.1,27.86,23.91
747196,2024-06-05,2024,553993,R,690986,L,strikeout,True,False,71.0,0.217,23.0,32.39,8.0,11.27,0.593,0.06599999999999998,30.58,12.63,20.14,32.76,22.45,28.05,158.0,0.252,53.0,33.54,22.0,13.92,0.743,0.13,34.48,14.75,15.49,30.24,22.05,25.0,240.0,0.278,43.0,17.92,19.0,7.92,0.79,0.176,21.43,10.29,15.93,26.22,23.19,16.73,105.0,0.179,33.0,31.43,6.0,5.71,0.637,0.21,28.57,13.33,19.76,33.1,27.86,23.91
747196,2024-06-05,2024,671218,R,686796,L,hit_by_pitch,False,False,26.0,0.316,7.0,26.92,6.0,23.08,1.237,0.421,30.43,15.11,7.91,23.02,23.61,12.28,46.0,0.186,16.0,34.78,3.0,6.52,0.588,0.1629999999999999,32.35,16.67,13.64,30.3,30.21,23.53,50.0,0.175,11.0,22.0,7.0,14.0,0.54,0.025000000000000022,23.33,10.14,15.94,26.09,26.5,18.03,,,,,,,,,,,,,,
747196,2024-06-05,2024,642731,R,686796,L,field_out,False,False,57.0,0.208,11.0,19.3,3.0,5.26,0.604,0.15,21.36,11.22,16.84,28.06,33.67,21.15,150.0,0.257,36.0,24.0,7.0,4.67,0.643,0.079,21.99,10.73,18.17,28.89,37.46,20.57,50.0,0.175,11.0,22.0,7.0,14.0,0.54,0.025000000000000022,23.33,10.14,15.94,26.09,26.5,18.03,,,,,,,,,,,,,,
747196,2024-06-05,2024,672275,R,686796,L,grounded_into_double_play,False,False,27.0,0.28,8.0,29.63,1.0,3.7,0.6559999999999999,0.07999999999999996,25.0,11.65,19.42,31.07,16.28,29.63,113.0,0.298,30.0,26.55,8.0,7.08,0.829,0.183,25.26,10.67,21.33,32.0,21.36,22.39,50.0,0.175,11.0,22.0,7.0,14.0,0.54,0.025000000000000022,23.33,10.14,15.94,26.09,26.5,18.03,,,,,,,,,,,,,,
747196,2024-06-05,2024,664983,L,690986,L,single,False,False,32.0,0.414,5.0,15.62,3.0,9.38,0.917,0.03400000000000003,18.87,7.63,24.43,32.06,21.67,10.81,82.0,0.206,11.0,13.41,9.0,10.98,0.649,0.118,24.22,10.62,16.1,26.71,27.5,14.67,69.0,0.274,22.0,31.88,3.0,4.35,0.735,0.11299999999999999,28.91,14.4,18.29,32.68,38.02,25.58,43.0,0.333,2.0,4.65,5.0,11.63,1.068,0.306,10.67,4.76,17.26,22.02,27.06,4.08
747196,2024-06-05,2024,677942,R,690986,L,double,False,False,64.0,0.362,17.0,26.56,6.0,9.38,0.974,0.19000000000000006,24.24,12.31,12.31,24.62,21.71,19.1,,,,,,,,,,,,,,,240.0,0.278,43.0,17.92,19.0,7.92,0.79,0.176,21.43,10.29,15.93,26.22,23.19,16.73,105.0,0.179,33.0,31.43,6.0,5.71,0.637,0.21,28.57,13.33,19.76,33.1,27.86,23.91
747196,2024-06-05,2024,621028,R,690986,L,single,False,False,58.0,0.281,6.0,10.34,1.0,1.72,0.714,0.13999999999999996,10.0,5.5,15.5,21.0,33.7,10.91,110.0,0.278,16.0,14.55,10.0,9.09,0.813,0.186,14.21,6.42,19.26,25.68,27.4,13.79,240.0,0.278,43.0,17.92,19.0,7.92,0.79,0.176,21.43,10.29,15.93,26.22,23.19,16.73,105.0,0.179,33.0,31.43,6.0,5.71,0.637,0.21,28.57,13.33,19.76,33.1,27.86,23.91
747196,2024-06-05,2024,606466,R,690986,L,single,False,False,104.0,0.337,11.0,10.58,7.0,6.73,1.099,0.36799999999999994,20.97,11.34,11.05,22.38,33.74,12.5,199.0,0.313,24.0,12.06,17.0,8.54,0.879,0.184,19.78,9.92,12.91,22.83,31.78,12.7,240.0,0.278,43.0,17.92,19.0,7.92,0.79,0.176,21.43,10.29,15.93,26.22,23.19,16.73,105.0,0.179,33.0,31.43,6.0,5.71,0.637,0.21,28.57,13.33,19.76,33.1,27.86,23.91
747196,2024-06-05,2024,672515,R,690986,L,sac_fly,False,False,70.0,0.234,9.0,12.86,5.0,7.14,0.583,0.06299999999999997,17.02,7.77,19.42,27.18,26.9,9.38,116.0,0.352,32.0,27.59,5.0,4.31,0.899,0.176,20.55,9.15,21.54,30.69,27.88,22.38,240.0,0.278,43.0,17.92,19.0,7.92,0.79,0.176,21.43,10.29,15.93,26.22,23.19,16.73,105.0,0.179,33.0,31.43,6.0,5.71,0.637,0.21,28.57,13.33,19.76,33.1,27.86,23.91
747196,2024-06-05,2024,666971,R,690986,L,grounded_into_double_play,False,False,75.0,0.319,14.0,18.67,3.0,4.0,0.861,0.195,21.92,11.07,16.61,27.68,37.16,15.22,160.0,0.301,18.0,11.25,12.0,7.5,0.8140000000000001,0.151,14.39,6.67,17.26,23.93,28.33,12.16,240.0,0.278,43.0,17.92,19.0,7.92,0.79,0.176,21.43,10.29,15.93,26.22,23.19,16.73,105.0,0.179,33.0,31.43,6.0,5.71,0.637,0.21,28.57,13.33,19.76,33.1,27.86,23.91
747196,2024-06-05,2024,656305,R,686796,L,double,False,False,60.0,0.364,11.0,18.33,5.0,8.33,1.053,0.272,13.33,6.45,16.53,22.98,29.51,13.41,113.0,0.307,26.0,23.01,10.0,8.85,0.89,0.208,30.77,13.88,17.35,31.24,20.45,17.81,50.0,0.175,11.0,22.0,7.0,14.0,0.54,0.025000000000000022,23.33,10.14,15.94,26.09,26.5,18.03,,,,,,,,,,,,,,
747196,2024-06-05,2024,624424,L,686796,L,field_out,False,False,40.0,0.308,10.0,25.0,1.0,2.5,0.863,0.23000000000000004,28.75,15.33,20.0,35.33,33.33,20.41,102.0,0.219,29.0,28.43,3.0,2.94,0.5980000000000001,0.114,29.28,13.52,20.15,33.67,28.95,22.83,6.0,0.5,0.0,0.0,2.0,33.33,1.417,0.25,0.0,0.0,16.0,16.0,0.0,0.0,,,,,,,,,,,,,,
747196,2024-06-05,2024,624585,R,686796,L,field_out,False,False,56.0,0.224,13.0,23.21,5.0,8.93,0.729,0.18399999999999997,28.44,13.9,13.45,27.35,31.25,19.4,135.0,0.277,30.0,22.22,20.0,14.81,1.081,0.4109999999999999,26.29,11.6,16.16,27.76,25.27,18.75,50.0,0.175,11.0,22.0,7.0,14.0,0.54,0.025000000000000022,23.33,10.14,15.94,26.09,26.5,18.03,,,,,,,,,,,,,,
747196,2024-06-05,2024,527038,R,686796,L,field_out,False,False,72.0,0.2,10.0,13.89,5.0,6.94,0.577,0.123,13.18,5.9,19.79,25.69,28.76,11.24,182.0,0.303,28.0,15.38,14.0,7.69,0.886,0.224,17.07,7.55,21.16,28.71,29.47,12.17,50.0,0.175,11.0,22.0,7.0,14.0,0.54,0.025000000000000022,23.33,10.14,15.94,26.09,26.5,18.03,,,,,,,,,,,,,,
747196,2024-06-05,2024,572233,R,690986,L,double,False,False,76.0,0.279,23.0,30.26,7.0,9.21,0.798,0.177,29.94,13.95,16.02,29.97,24.26,18.7,168.0,0.255,32.0,19.05,20.0,11.9,0.922,0.3189999999999999,27.22,12.57,12.85,25.42,24.16,14.55,240.0,0.278,43.0,17.92,19.0,7.92,0.79,0.176,21.43,10.29,15.93,26.22,23.19,16.73,105.0,0.179,33.0,31.43,6.0,5.71,0.637,0.21,28.57,13.33,19.76,33.1,27.86,23.91
747196,2024-06-05,2024,545341,R,690986,L,field_error,False,False,73.0,0.297,8.0,10.96,5.0,6.85,0.731,0.07800000000000001,18.55,8.75,16.35,25.1,28.15,12.12,134.0,0.328,17.0,12.69,12.0,8.96,0.995,0.2789999999999999,21.25,10.26,14.29,24.55,32.84,12.78,240.0,0.278,43.0,17.92,19.0,7.92,0.79,0.176,21.43,10.29,15.93,26.22,23.19,16.73,105.0,0.179,33.0,31.43,6.0,5.71,0.637,0.21,28.57,13.33,19.76,33.1,27.86,23.91
747196,2024-06-05,2024,553993,R,690986,L,fielders_choice_out,False,False,71.0,0.217,23.0,32.39,8.0,11.27,0.593,0.06599999999999998,30.58,12.63,20.14,32.76,22.45,28.05,158.0,0.252,53.0,33.54,22.0,13.92,0.743,0.13,34.48,14.75,15.49,30.24,22.05,25.0,240.0,0.278,43.0,17.92,19.0,7.92,0.79,0.176,21.43,10.29,15.93,26.22,23.19,16.73,105.0,0.179,33.0,31.43,6.0,5.71,0.637,0.21,28.57,13.33,19.76,33.1,27.86,23.91
747196,2024-06-05,2024,664983,L,690986,L,strikeout,True,False,32.0,0.414,5.0,15.62,3.0,9.38,0.917,0.03400000000000003,18.87,7.63,24.43,32.06,21.67,10.81,82.0,0.206,11.0,13.41,9.0,10.98,0.649,0.118,24.22,10.62,16.1,26.71,27.5,14.67,69.0,0.274,22.0,31.88,3.0,4.35,0.735,0.11299999999999999,28.91,14.4,18.29,32.68,38.02,25.58,43.0,0.333,2.0,4.65,5.0,11.63,1.068,0.306,10.67,4.76,17.26,22.02,27.06,4.08
747196,2024-06-05,2024,677942,R,690986,L,single,False,False,64.0,0.362,17.0,26.56,6.0,9.38,0.974,0.19000000000000006,24.24,12.31,12.31,24.62,21.71,19.1,,,,,,,,,,,,,,,240.0,0.278,43.0,17.92,19.0,7.92,0.79,0.176,21.43,10.29,15.93,26.22,23.19,16.73,105.0,0.179,33.0,31.43,6.0,5.71,0.637,0.21,28.57,13.33,19.76,33.1,27.86,23.91
747196,2024-06-05,2024,621028,R,690986,L,field_out,False,False,58.0,0.281,6.0,10.34,1.0,1.72,0.714,0.13999999999999996,10.0,5.5,15.5,21.0,33.7,10.91,110.0,0.278,16.0,14.55,10.0,9.09,0.813,0.186,14.21,6.42,19.26,25.68,27.4,13.79,240.0,0.278,43.0,17.92,19.0,7.92,0.79,0.176,21.43,10.29,15.93,26.22,23.19,16.73,105.0,0.179,33.0,31.43,6.0,5.71,0.637,0.21,28.57,13.33,19.76,33.1,27.86,23.91
747196,2024-06-05,2024,669477,R,686796,L,hit_by_pitch,False,False,10.0,0.333,2.0,20.0,0.0,0.0,1.0670000000000002,0.334,15.0,8.33,19.44,27.78,40.0,16.67,115.0,0.222,20.0,17.39,5.0,4.35,0.613,0.1299999999999999,23.42,12.78,14.0,26.78,35.32,18.02,50.0,0.175,11.0,22.0,7.0,14.0,0.54,0.025000000000000022,23.33,10.14,15.94,26.09,26.5,18.03,,,,,,,,,,,,,,
747196,2024-06-05,2024,682641,R,686796,L,field_out,False,False,19.0,0.188,5.0,26.32,2.0,10.53,0.7010000000000001,0.25,17.39,9.3,12.79,22.09,35.71,16.13,99.0,0.31,10.0,10.1,12.0,12.12,0.825,0.1069999999999999,11.64,4.94,17.44,22.38,22.04,14.71,50.0,0.175,11.0,22.0,7.0,14.0,0.54,0.025000000000000022,23.33,10.14,15.94,26.09,26.5,18.03,,,,,,,,,,,,,,
747196,2024-06-05,2024,671218,R,686796,L,walk,False,True,26.0,0.316,7.0,26.92,6.0,23.08,1.237,0.421,30.43,15.11,7.91,23.02,23.61,12.28,46.0,0.186,16.0,34.78,3.0,6.52,0.588,0.1629999999999999,32.35,16.67,13.64,30.3,30.21,23.53,50.0,0.175,11.0,22.0,7.0,14.0,0.54,0.025000000000000022,23.33,10.14,15.94,26.09,26.5,18.03,,,,,,,,,,,,,,
747196,2024-06-05,2024,642731,R,656464,R,strikeout,True,False,178.0,0.254,34.0,19.1,5.0,2.81,0.713,0.172,19.68,9.73,19.3,29.03,35.58,19.1,380.0,0.276,84.0,22.11,15.0,3.95,0.767,0.172,21.44,11.24,17.01,28.25,38.17,20.1,46.0,0.302,6.0,13.04,2.0,4.35,0.72,0.07,19.77,9.55,14.61,24.16,26.74,13.33,151.0,0.185,41.0,27.15,13.0,8.61,0.5469999999999999,0.1039999999999999,30.77,14.13,15.57,29.7,28.31,21.24
747196,2024-06-05,2024,672275,L,656464,R,single,False,False,113.0,0.278,21.0,18.58,12.0,10.62,0.802,0.176,22.07,10.63,13.23,23.86,27.47,17.07,240.0,0.203,70.0,29.17,13.0,5.42,0.5569999999999999,0.0989999999999999,26.61,12.88,17.55,30.43,28.93,23.81,56.0,0.25,15.0,26.79,3.0,5.36,0.728,0.192,25.44,12.5,14.66,27.16,32.26,17.95,104.0,0.176,29.0,27.88,11.0,10.58,0.5549999999999999,0.1099999999999999,31.73,15.1,13.73,28.83,30.34,19.58
747196,2024-06-05,2024,656305,R,656464,R,field_out,False,False,199.0,0.204,49.0,24.62,15.0,7.54,0.624,0.144,25.99,12.14,18.84,30.98,26.93,19.52,471.0,0.223,139.0,29.51,52.0,11.04,0.722,0.179,31.15,13.33,17.79,31.11,18.61,21.72,46.0,0.302,6.0,13.04,2.0,4.35,0.72,0.07,19.77,9.55,14.61,24.16,26.74,13.33,151.0,0.185,41.0,27.15,13.0,8.61,0.5469999999999999,0.1039999999999999,30.77,14.13,15.57,29.7,28.31,21.24
747196,2024-06-05,2024,606466,R,690986,L,single,False,False,104.0,0.337,11.0,10.58,7.0,6.73,1.099,0.36799999999999994,20.97,11.34,11.05,22.38,33.74,12.5,199.0,0.313,24.0,12.06,17.0,8.54,0.879,0.184,19.78,9.92,12.91,22.83,31.78,12.7,240.0,0.278,43.0,17.92,19.0,7.92,0.79,0.176,21.43,10.29,15.93,26.22,23.19,16.73,105.0,0.179,33.0,31.43,6.0,5.71,0.637,0.21,28.57,13.33,19.76,33.1,27.86,23.91
747196,2024-06-05,2024,672515,R,690986,L,field_out,False,False,70.0,0.234,9.0,12.86,5.0,7.14,0.583,0.06299999999999997,17.02,7.77,19.42,27.18,26.9,9.38,116.0,0.352,32.0,27.59,5.0,4.31,0.899,0.176,20.55,9.15,21.54,30.69,27.88,22.38,240.0,0.278,43.0,17.92,19.0,7.92,0.79,0.176,21.43,10.29,15.93,26.22,23.19,16.73,105.0,0.179,33.0,31.43,6.0,5.71,0.637,0.21,28.57,13.33,19.76,33.1,27.86,23.91
747196,2024-06-05,2024,666971,R,690986,L,strikeout,True,False,75.0,0.319,14.0,18.67,3.0,4.0,0.861,0.195,21.92,11.07,16.61,27.68,37.16,15.22,160.0,0.301,18.0,11.25,12.0,7.5,0.8140000000000001,0.151,14.39,6.67,17.26,23.93,28.33,12.16,240.0,0.278,43.0,17.92,19.0,7.92,0.79,0.176,21.43,10.29,15.93,26.22,23.19,16.73,105.0,0.179,33.0,31.43,6.0,5.71,0.637,0.21,28.57,13.33,19.76,33.1,27.86,23.91
747196,2024-06-05,2024,572233,R,690986,L,strikeout,True,False,76.0,0.279,23.0,30.26,7.0,9.21,0.798,0.177,29.94,13.95,16.02,29.97,24.26,18.7,168.0,0.255,32.0,19.05,20.0,11.9,0.922,0.3189999999999999,27.22,12.57,12.85,25.42,24.16,14.55,240.0,0.278,43.0,17.92,19.0,7.92,0.79,0.176,21.43,10.29,15.93,26.22,23.19,16.73,105.0,0.179,33.0,31.43,6.0,5.71,0.637,0.21,28.57,13.33,19.76,33.1,27.86,23.91
747196,2024-06-05,2024,624424,L,656464,R,field_out,False,False,123.0,0.25,25.0,20.33,11.0,8.94,0.755,0.188,23.73,11.36,15.62,26.98,30.23,16.78,368.0,0.245,77.0,20.92,50.0,13.59,0.753,0.155,23.68,10.56,15.02,25.57,23.23,16.81,56.0,0.25,15.0,26.79,3.0,5.36,0.728,0.192,25.44,12.5,14.66,27.16,32.26,17.95,104.0,0.176,29.0,27.88,11.0,10.58,0.5549999999999999,0.1099999999999999,31.73,15.1,13.73,28.83,30.34,19.58
747196,2024-06-05,2024,624585,R,656464,R,field_out,False,False,146.0,0.206,31.0,21.23,13.0,8.9,0.618,0.13799999999999998,26.72,12.84,14.86,27.71,27.76,20.81,446.0,0.242,111.0,24.89,46.0,10.31,0.788,0.22,27.97,12.22,16.15,28.37,25.71,21.19,46.0,0.302,6.0,13.04,2.0,4.35,0.72,0.07,19.77,9.55,14.61,24.16,26.74,13.33,151.0,0.185,41.0,27.15,13.0,8.61,0.5469999999999999,0.1039999999999999,30.77,14.13,15.57,29.7,28.31,21.24
747196,2024-06-05,2024,527038,R,656464,R,single,False,False,96.0,0.22,12.0,12.5,10.0,10.42,0.5680000000000001,0.036000000000000004,15.0,6.15,23.85,30.0,27.8,10.17,273.0,0.271,35.0,12.82,27.0,9.89,0.849,0.2249999999999999,14.98,6.76,19.32,26.08,27.75,9.09,46.0,0.302,6.0,13.04,2.0,4.35,0.72,0.07,19.77,9.55,14.61,24.16,26.74,13.33,151.0,0.185,41.0,27.15,13.0,8.61,0.5469999999999999,0.1039999999999999,30.77,14.13,15.57,29.7,28.31,21.24
747196,2024-06-05,2024,689172,L,573009,L,field_out,False,False,12.0,0.417,3.0,25.0,0.0,0.0,1.084,0.25000000000000006,25.0,13.04,13.04,26.09,36.36,20.0,25.0,0.261,10.0,40.0,1.0,4.0,0.6399999999999999,0.0869999999999999,45.83,23.4,15.96,39.36,36.96,34.48,41.0,0.225,8.0,19.51,1.0,2.44,0.594,0.12499999999999997,25.0,13.49,19.05,32.54,36.54,26.67,67.0,0.185,15.0,22.39,2.0,2.99,0.44,0.046,26.02,12.75,19.52,32.27,37.1,20.0
747196,2024-06-05,2024,545341,R,690986,L,strikeout,True,False,73.0,0.297,8.0,10.96,5.0,6.85,0.731,0.07800000000000001,18.55,8.75,16.35,25.1,28.15,12.12,134.0,0.328,17.0,12.69,12.0,8.96,0.995,0.2789999999999999,21.25,10.26,14.29,24.55,32.84,12.78,240.0,0.278,43.0,17.92,19.0,7.92,0.79,0.176,21.43,10.29,15.93,26.22,23.19,16.73,105.0,0.179,33.0,31.43,6.0,5.71,0.637,0.21,28.57,13.33,19.76,33.1,27.86,23.91
747196,2024-06-05,2024,553993,R,690986,L,field_out,False,False,71.0,0.217,23.0,32.39,8.0,11.27,0.593,0.06599999999999998,30.58,12.63,20.14,32.76,22.45,28.05,158.0,0.252,53.0,33.54,22.0,13.92,0.743,0.13,34.48,14.75,15.49,30.24,22.05,25.0,240.0,0.278,43.0,17.92,19.0,7.92,0.79,0.176,21.43,10.29,15.93,26.22,23.19,16.73,105.0,0.179,33.0,31.43,6.0,5.71,0.637,0.21,28.57,13.33,19.76,33.1,27.86,23.91
747196,2024-06-05,2024,664983,L,690986,L,field_out,False,False,32.0,0.414,5.0,15.62,3.0,9.38,0.917,0.03400000000000003,18.87,7.63,24.43,32.06,21.67,10.81,82.0,0.206,11.0,13.41,9.0,10.98,0.649,0.118,24.22,10.62,16.1,26.71,27.5,14.67,69.0,0.274,22.0,31.88,3.0,4.35,0.735,0.11299999999999999,28.91,14.4,18.29,32.68,38.02,25.58,43.0,0.333,2.0,4.65,5.0,11.63,1.068,0.306,10.67,4.76,17.26,22.02,27.06,4.08
747196,2024-06-05,2024,682641,R,679885,R,single,False,False,70.0,0.232,5.0,7.14,1.0,1.43,0.5469999999999999,0.07199999999999998,10.92,5.78,14.67,20.44,36.29,10.0,154.0,0.215,23.0,14.94,8.0,5.19,0.56,0.0839999999999999,20.15,9.82,15.18,25.0,27.53,17.29,51.0,0.233,15.0,29.41,8.0,15.69,0.586,0.0,39.39,17.49,18.39,35.87,28.18,19.48,32.0,0.192,9.0,28.12,4.0,12.5,0.6519999999999999,0.1159999999999999,36.73,14.75,17.21,31.97,22.73,33.33
747196,2024-06-05,2024,671218,R,679885,R,strikeout,True,False,76.0,0.282,27.0,35.53,5.0,6.58,0.7230000000000001,0.11200000000000004,34.04,15.69,16.34,32.03,28.4,28.42,14.0,0.154,4.0,28.57,1.0,7.14,0.368,0.0,30.43,14.58,18.75,33.33,26.09,50.0,51.0,0.233,15.0,29.41,8.0,15.69,0.586,0.0,39.39,17.49,18.39,35.87,28.18,19.48,32.0,0.192,9.0,28.12,4.0,12.5,0.6519999999999999,0.1159999999999999,36.73,14.75,17.21,31.97,22.73,33.33
747196,2024-06-05,2024,642731,R,679885,R,field_out,False,False,178.0,0.254,34.0,19.1,5.0,2.81,0.713,0.172,19.68,9.73,19.3,29.03,35.58,19.1,380.0,0.276,84.0,22.11,15.0,3.95,0.767,0.172,21.44,11.24,17.01,28.25,38.17,20.1,51.0,0.233,15.0,29.41,8.0,15.69,0.586,0.0,39.39,17.49,18.39,35.87,28.18,19.48,32.0,0.192,9.0,28.12,4.0,12.5,0.6519999999999999,0.1159999999999999,36.73,14.75,17.21,31.97,22.73,33.33
747196,2024-06-05,2024,672275,L,679885,R,walk,False,True,113.0,0.278,21.0,18.58,12.0,10.62,0.802,0.176,22.07,10.63,13.23,23.86,27.47,17.07,240.0,0.203,70.0,29.17,13.0,5.42,0.5569999999999999,0.0989999999999999,26.61,12.88,17.55,30.43,28.93,23.81,37.0,0.094,11.0,29.73,5.0,13.51,0.34099999999999997,0.031,30.14,13.84,16.35,30.19,28.4,20.37,25.0,0.444,5.0,20.0,7.0,28.0,1.4329999999999998,0.3889999999999999,28.89,11.02,13.56,24.58,32.39,14.71
747196,2024-06-05,2024,656305,R,679885,R,strikeout,True,False,199.0,0.204,49.0,24.62,15.0,7.54,0.624,0.144,25.99,12.14,18.84,30.98,26.93,19.52,471.0,0.223,139.0,29.51,52.0,11.04,0.722,0.179,31.15,13.33,17.79,31.11,18.61,21.72,51.0,0.233,15.0,29.41,8.0,15.69,0.586,0.0,39.39,17.49,18.39,35.87,28.18,19.48,32.0,0.192,9.0,28.12,4.0,12.5,0.6519999999999999,0.1159999999999999,36.73,14.75,17.21,31.97,22.73,33.33
747196,2024-06-05,2024,677942,R,592426,R,single,False,False,62.0,0.228,15.0,24.19,5.0,8.06,0.606,0.088,28.21,13.92,14.35,28.27,33.33,20.83,,,,,,,,,,,,,,,44.0,0.225,12.0,27.27,3.0,6.82,0.554,0.05000000000000002,25.81,13.56,13.56,27.12,35.56,17.91,98.0,0.182,31.0,31.63,9.0,9.18,0.5720000000000001,0.125,28.42,13.83,13.83,27.66,29.59,25.2
747196,2024-06-05,2024,621028,R,592426,R,sac_bunt,False,False,89.0,0.247,17.0,19.1,6.0,6.74,0.645,0.09899999999999998,21.53,9.9,19.81,29.71,24.2,20.48,143.0,0.234,18.0,12.59,7.0,4.9,0.571,0.0549999999999999,15.29,7.27,19.84,27.11,26.2,13.04,44.0,0.225,12.0,27.27,3.0,6.82,0.554,0.05000000000000002,25.81,13.56,13.56,27.12,35.56,17.91,98.0,0.182,31.0,31.63,9.0,9.18,0.5720000000000001,0.125,28.42,13.83,13.83,27.66,29.59,25.2
747196,2024-06-05,2024,606466,L,592426,R,walk,False,True,166.0,0.24,40.0,24.1,14.0,8.43,0.671,0.13,24.33,11.66,14.22,25.88,26.73,22.29,452.0,0.259,85.0,18.81,54.0,11.95,0.827,0.2199999999999999,20.87,9.03,16.76,25.8,21.17,17.28,35.0,0.333,7.0,20.0,7.0,20.0,0.976,0.186,27.27,12.5,14.58,27.08,32.14,16.28,45.0,0.263,12.0,26.67,6.0,13.33,0.7769999999999999,0.1579999999999999,35.14,16.15,16.15,32.3,28.21,26.09
747196,2024-06-05,2024,672515,R,592426,R,single,False,False,103.0,0.247,20.0,19.42,13.0,12.62,0.698,0.10099999999999998,17.54,6.91,23.27,30.18,20.4,17.09,264.0,0.253,43.0,16.29,24.0,9.09,0.6779999999999999,0.0989999999999999,19.31,7.98,21.75,29.72,25.58,15.58,44.0,0.225,12.0,27.27,3.0,6.82,0.554,0.05000000000000002,25.81,13.56,13.56,27.12,35.56,17.91,98.0,0.182,31.0,31.63,9.0,9.18,0.5720000000000001,0.125,28.42,13.83,13.83,27.66,29.59,25.2
747196,2024-06-05,2024,666971,R,592426,R,double,False,False,166.0,0.197,31.0,18.67,8.0,4.82,0.5720000000000001,0.134,20.62,10.48,15.71,26.19,31.17,16.67,433.0,0.247,85.0,19.63,21.0,4.85,0.756,0.22,20.07,9.99,16.64,26.63,31.06,17.82,44.0,0.225,12.0,27.27,3.0,6.82,0.554,0.05000000000000002,25.81,13.56,13.56,27.12,35.56,17.91,98.0,0.182,31.0,31.63,9.0,9.18,0.5720000000000001,0.125,28.42,13.83,13.83,27.66,29.59,25.2
747196,2024-06-05,2024,572233,R,592426,R,strikeout,True,False,187.0,0.252,41.0,21.93,25.0,13.37,0.829,0.21899999999999997,25.46,12.16,13.16,25.31,25.12,15.59,497.0,0.259,95.0,19.11,42.0,8.45,0.8009999999999999,0.2129999999999999,26.19,12.83,14.15,26.98,26.84,15.33,44.0,0.225,12.0,27.27,3.0,6.82,0.554,0.05000000000000002,25.81,13.56,13.56,27.12,35.56,17.91,98.0,0.182,31.0,31.63,9.0,9.18,0.5720000000000001,0.125,28.42,13.83,13.83,27.66,29.59,25.2
747196,2024-06-05,2024,545341,R,592426,R,single,False,False,27.0,0.269,5.0,18.52,1.0,3.7,0.758,0.193,25.58,11.96,20.65,32.61,29.55,23.81,338.0,0.244,79.0,23.37,17.0,5.03,0.6950000000000001,0.157,28.73,14.51,15.56,30.06,36.02,21.7,44.0,0.225,12.0,27.27,3.0,6.82,0.554,0.05000000000000002,25.81,13.56,13.56,27.12,35.56,17.91,98.0,0.182,31.0,31.63,9.0,9.18,0.5720000000000001,0.125,28.42,13.83,13.83,27.66,29.59,25.2
747196,2024-06-05,2024,553993,R,592426,R,walk,False,True,166.0,0.199,44.0,26.51,8.0,4.82,0.5840000000000001,0.132,30.31,14.7,15.45,30.15,27.96,22.0,537.0,0.227,161.0,29.98,48.0,8.94,0.706,0.167,32.3,14.54,16.91,31.45,23.96,22.87,44.0,0.225,12.0,27.27,3.0,6.82,0.554,0.05000000000000002,25.81,13.56,13.56,27.12,35.56,17.91,98.0,0.182,31.0,31.63,9.0,9.18,0.5720000000000001,0.125,28.42,13.83,13.83,27.66,29.59,25.2
747196,2024-06-05,2024,664983,L,573124,L,strikeout,True,False,32.0,0.414,5.0,15.62,3.0,9.38,0.917,0.03400000000000003,18.87,7.63,24.43,32.06,21.67,10.81,82.0,0.206,11.0,13.41,9.0,10.98,0.649,0.118,24.22,10.62,16.1,26.71,27.5,14.67,43.0,0.289,12.0,27.91,4.0,9.3,0.7929999999999999,0.132,27.69,10.84,22.89,33.73,25.3,31.58,103.0,0.101,39.0,37.86,11.0,10.68,0.3299999999999999,0.0229999999999999,32.18,13.05,23.78,36.83,25.84,25.83
747196,2024-06-05,2024,624424,L,686826,R,strikeout,True,False,123.0,0.25,25.0,20.33,11.0,8.94,0.755,0.188,23.73,11.36,15.62,26.98,30.23,16.78,368.0,0.245,77.0,20.92,50.0,13.59,0.753,0.155,23.68,10.56,15.02,25.57,23.23,16.81,56.0,0.279,8.0,14.29,12.0,21.43,0.841,0.11599999999999999,23.21,10.44,10.44,20.88,22.95,8.99,37.0,0.207,1.0,2.7,7.0,18.92,0.661,0.103,11.67,4.64,13.91,18.54,9.76,2.56
747196,2024-06-05,2024,624585,R,686826,R,field_out,False,False,146.0,0.206,31.0,21.23,13.0,8.9,0.618,0.13799999999999998,26.72,12.84,14.86,27.71,27.76,20.81,446.0,0.242,111.0,24.89,46.0,10.31,0.788,0.22,27.97,12.22,16.15,28.37,25.71,21.19,92.0,0.225,17.0,18.48,11.0,11.96,0.726,0.17500000000000002,24.72,11.96,15.49,27.45,28.02,15.32,55.0,0.151,11.0,20.0,2.0,3.64,0.484,0.151,22.22,10.05,15.98,26.03,30.25,18.03
747196,2024-06-05,2024,527038,R,686826,R,walk,False,True,96.0,0.22,12.0,12.5,10.0,10.42,0.5680000000000001,0.036000000000000004,15.0,6.15,23.85,30.0,27.8,10.17,273.0,0.271,35.0,12.82,27.0,9.89,0.849,0.2249999999999999,14.98,6.76,19.32,26.08,27.75,9.09,92.0,0.225,17.0,18.48,11.0,11.96,0.726,0.17500000000000002,24.72,11.96,15.49,27.45,28.02,15.32,55.0,0.151,11.0,20.0,2.0,3.64,0.484,0.151,22.22,10.05,15.98,26.03,30.25,18.03
747196,2024-06-05,2024,689172,L,686826,R,walk,False,True,31.0,0.31,6.0,19.35,1.0,3.23,0.702,0.069,25.42,13.64,17.27,30.91,43.4,18.18,106.0,0.155,30.0,28.3,8.0,7.55,0.4639999999999999,0.092,28.32,14.65,14.19,28.83,32.6,19.86,56.0,0.279,8.0,14.29,12.0,21.43,0.841,0.11599999999999999,23.21,10.44,10.44,20.88,22.95,8.99,37.0,0.207,1.0,2.7,7.0,18.92,0.661,0.103,11.67,4.64,13.91,18.54,9.76,2.56
747196,2024-06-05,2024,573262,L,686826,R,home_run,False,False,151.0,0.217,43.0,28.48,11.0,7.28,0.674,0.18200000000000002,25.91,10.86,18.65,29.51,19.43,22.87,296.0,0.243,75.0,25.34,40.0,13.51,0.831,0.235,23.69,9.65,18.67,28.32,20.68,19.69,56.0,0.279,8.0,14.29,12.0,21.43,0.841,0.11599999999999999,23.21,10.44,10.44,20.88,22.95,8.99,37.0,0.207,1.0,2.7,7.0,18.92,0.661,0.103,11.67,4.64,13.91,18.54,9.76,2.56
747196,2024-06-05,2024,671218,R,686826,R,strikeout,True,False,76.0,0.282,27.0,35.53,5.0,6.58,0.7230000000000001,0.11200000000000004,34.04,15.69,16.34,32.03,28.4,28.42,14.0,0.154,4.0,28.57,1.0,7.14,0.368,0.0,30.43,14.58,18.75,33.33,26.09,50.0,92.0,0.225,17.0,18.48,11.0,11.96,0.726,0.17500000000000002,24.72,11.96,15.49,27.45,28.02,15.32,55.0,0.151,11.0,20.0,2.0,3.64,0.484,0.151,22.22,10.05,15.98,26.03,30.25,18.03
747196,2024-06-05,2024,677942,R,573124,L,field_out,False,False,64.0,0.362,17.0,26.56,6.0,9.38,0.974,0.19000000000000006,24.24,12.31,12.31,24.62,21.71,19.1,,,,,,,,,,,,,,,57.0,0.17,17.0,29.82,3.0,5.26,0.605,0.207,29.0,12.55,22.51,35.06,25.0,21.25,113.0,0.312,25.0,22.12,14.0,12.39,0.98,0.2609999999999999,21.26,8.83,21.48,30.31,29.61,23.15
747196,2024-06-05,2024,621028,R,573124,L,field_out,False,False,58.0,0.281,6.0,10.34,1.0,1.72,0.714,0.13999999999999996,10.0,5.5,15.5,21.0,33.7,10.91,110.0,0.278,16.0,14.55,10.0,9.09,0.813,0.186,14.21,6.42,19.26,25.68,27.4,13.79,57.0,0.17,17.0,29.82,3.0,5.26,0.605,0.207,29.0,12.55,22.51,35.06,25.0,21.25,113.0,0.312,25.0,22.12,14.0,12.39,0.98,0.2609999999999999,21.26,8.83,21.48,30.31,29.61,23.15
747196,2024-06-05,2024,606466,R,573124,L,single,False,False,104.0,0.337,11.0,10.58,7.0,6.73,1.099,0.36799999999999994,20.97,11.34,11.05,22.38,33.74,12.5,199.0,0.313,24.0,12.06,17.0,8.54,0.879,0.184,19.78,9.92,12.91,22.83,31.78,12.7,57.0,0.17,17.0,29.82,3.0,5.26,0.605,0.207,29.0,12.55,22.51,35.06,25.0,21.25,113.0,0.312,25.0,22.12,14.0,12.39,0.98,0.2609999999999999,21.26,8.83,21.48,30.31,29.61,23.15
747196,2024-06-05,2024,672515,R,573124,L,strikeout,True,False,70.0,0.234,9.0,12.86,5.0,7.14,0.583,0.06299999999999997,17.02,7.77,19.42,27.18,26.9,9.38,116.0,0.352,32.0,27.59,5.0,4.31,0.899,0.176,20.55,9.15,21.54,30.69,27.88,22.38,57.0,0.17,17.0,29.82,3.0,5.26,0.605,0.207,29.0,12.55,22.51,35.06,25.0,21.25,113.0,0.312,25.0,22.12,14.0,12.39,0.98,0.2609999999999999,21.26,8.83,21.48,30.31,29.61,23.15
747196,2024-06-05,2024,642731,R,623149,R,hit_by_pitch,False,False,178.0,0.254,34.0,19.1,5.0,2.81,0.713,0.172,19.68,9.73,19.3,29.03,35.58,19.1,380.0,0.276,84.0,22.11,15.0,3.95,0.767,0.172,21.44,11.24,17.01,28.25,38.17,20.1,19.0,0.111,6.0,31.58,0.0,0.0,0.43600000000000005,0.16700000000000004,27.27,17.44,11.63,29.07,20.69,17.14,129.0,0.214,41.0,31.78,9.0,6.98,0.6060000000000001,0.119,29.35,15.31,15.5,30.81,33.61,22.65
747196,2024-06-05,2024,672275,L,623149,R,force_out,False,False,113.0,0.278,21.0,18.58,12.0,10.62,0.802,0.176,22.07,10.63,13.23,23.86,27.47,17.07,240.0,0.203,70.0,29.17,13.0,5.42,0.5569999999999999,0.0989999999999999,26.61,12.88,17.55,30.43,28.93,23.81,14.0,0.077,4.0,28.57,1.0,7.14,0.21999999999999997,0.0,21.74,10.64,12.77,23.4,26.32,44.44,120.0,0.202,39.0,32.5,15.0,12.5,0.6779999999999999,0.173,29.17,13.65,18.13,31.77,23.77,22.29
747196,2024-06-05,2024,656305,R,623149,R,strikeout,True,False,199.0,0.204,49.0,24.62,15.0,7.54,0.624,0.144,25.99,12.14,18.84,30.98,26.93,19.52,471.0,0.223,139.0,29.51,52.0,11.04,0.722,0.179,31.15,13.33,17.79,31.11,18.61,21.72,19.0,0.111,6.0,31.58,0.0,0.0,0.43600000000000005,0.16700000000000004,27.27,17.44,11.63,29.07,20.69,17.14,129.0,0.214,41.0,31.78,9.0,6.98,0.6060000000000001,0.119,29.35,15.31,15.5,30.81,33.61,22.65
747196,2024-06-05,2024,624424,L,623149,R,strikeout,True,False,123.0,0.25,25.0,20.33,11.0,8.94,0.755,0.188,23.73,11.36,15.62,26.98,30.23,16.78,368.0,0.245,77.0,20.92,50.0,13.59,0.753,0.155,23.68,10.56,15.02,25.57,23.23,16.81,14.0,0.077,4.0,28.57,1.0,7.14,0.21999999999999997,0.0,21.74,10.64,12.77,23.4,26.32,44.44,120.0,0.202,39.0,32.5,15.0,12.5,0.6779999999999999,0.173,29.17,13.65,18.13,31.77,23.77,22.29
745656,2024-06-05,2024,641487,L,687765,R,strikeout,True,False,116.0,0.176,29.0,25.0,12.0,10.34,0.581,0.138,19.6,7.94,20.37,28.31,18.93,20.14,446.0,0.266,84.0,18.83,67.0,15.02,0.845,0.197,18.19,6.93,19.49,26.42,17.9,17.39,81.0,0.253,22.0,27.16,5.0,6.17,0.7090000000000001,0.14700000000000002,23.93,11.89,16.16,28.05,31.14,21.43,,,,,,,,,,,,,,
745656,2024-06-05,2024,668942,L,687765,R,single,False,False,160.0,0.303,25.0,15.62,15.0,9.38,0.831,0.15500000000000003,17.73,7.99,16.61,24.6,21.26,14.04,299.0,0.249,64.0,21.4,22.0,7.36,0.6559999999999999,0.1019999999999999,22.77,10.13,19.65,29.78,25.55,19.69,81.0,0.253,22.0,27.16,5.0,6.17,0.7090000000000001,0.14700000000000002,23.93,11.89,16.16,28.05,31.14,21.43,,,,,,,,,,,,,,
745656,2024-06-05,2024,677594,R,687765,R,single,False,False,193.0,0.243,53.0,27.46,11.0,5.7,0.577,0.043999999999999984,31.01,16.65,12.13,28.77,36.17,19.12,545.0,0.267,127.0,23.3,35.0,6.42,0.8109999999999999,0.2169999999999999,27.93,14.91,13.12,28.03,38.34,22.84,101.0,0.239,15.0,14.85,8.0,7.92,0.6479999999999999,0.10899999999999999,23.38,12.27,13.32,25.59,30.69,12.73,,,,,,,,,,,,,,
745656,2024-06-05,2024,664034,R,687765,R,walk,False,True,161.0,0.25,38.0,23.6,9.0,5.59,0.696,0.14200000000000002,20.33,9.92,14.96,24.88,26.35,19.19,506.0,0.24,85.0,16.8,37.0,7.31,0.698,0.1169999999999999,22.16,11.42,13.69,25.11,32.3,15.51,101.0,0.239,15.0,14.85,8.0,7.92,0.6479999999999999,0.10899999999999999,23.38,12.27,13.32,25.59,30.69,12.73,,,,,,,,,,,,,,
745656,2024-06-05,2024,670042,L,687765,R,strikeout,True,False,127.0,0.269,38.0,29.92,3.0,2.36,0.76,0.176,33.07,18.12,10.87,29.0,30.57,30.65,363.0,0.247,112.0,30.85,26.0,7.16,0.8340000000000001,0.25,38.6,19.83,11.57,31.39,31.1,26.79,81.0,0.253,22.0,27.16,5.0,6.17,0.7090000000000001,0.14700000000000002,23.93,11.89,16.16,28.05,31.14,21.43,,,,,,,,,,,,,,
745656,2024-06-05,2024,571745,R,687765,R,field_out,False,False,154.0,0.245,43.0,27.92,13.0,8.44,0.731,0.179,29.63,12.46,18.38,30.84,21.15,21.11,161.0,0.189,48.0,29.81,10.0,6.21,0.599,0.1619999999999999,28.57,13.33,19.22,32.56,25.34,22.02,101.0,0.239,15.0,14.85,8.0,7.92,0.6479999999999999,0.10899999999999999,23.38,12.27,13.32,25.59,30.69,12.73,,,,,,,,,,,,,,
745656,2024-06-05,2024,647351,L,669923,R,field_out,False,False,170.0,0.259,33.0,19.41,9.0,5.29,0.698,0.127,20.79,9.53,18.61,28.14,28.96,18.13,20.0,0.412,5.0,25.0,2.0,10.0,1.265,0.353,37.04,15.62,26.56,42.19,25.0,31.25,151.0,0.264,44.0,29.14,6.0,3.97,0.7709999999999999,0.20699999999999996,26.64,13.63,17.88,31.5,25.78,23.53,354.0,0.246,82.0,23.16,11.0,3.11,0.672,0.156,21.25,11.4,17.29,28.69,29.11,18.14
745656,2024-06-05,2024,609280,R,669923,R,strikeout,True,False,32.0,0.323,3.0,9.38,0.0,0.0,0.796,0.16099999999999998,3.45,1.68,20.17,21.85,33.33,9.38,52.0,0.229,6.0,11.54,4.0,7.69,0.705,0.1879999999999999,14.58,7.49,13.9,21.39,30.93,12.77,151.0,0.223,30.0,19.87,1.0,0.66,0.5710000000000001,0.11500000000000002,21.71,12.28,14.36,26.64,37.77,14.42,404.0,0.247,90.0,22.28,8.0,1.98,0.659,0.141,24.39,13.48,15.5,28.98,35.88,18.67
745656,2024-06-05,2024,668709,L,669923,R,strikeout,True,False,196.0,0.259,35.0,17.86,25.0,12.76,0.8009999999999999,0.188,27.05,11.41,17.31,28.72,22.19,17.77,232.0,0.209,53.0,22.84,35.0,15.09,0.726,0.184,28.61,12.18,15.3,27.48,19.27,20.46,151.0,0.264,44.0,29.14,6.0,3.97,0.7709999999999999,0.20699999999999996,26.64,13.63,17.88,31.5,25.78,23.53,354.0,0.246,82.0,23.16,11.0,3.11,0.672,0.156,21.25,11.4,17.29,28.69,29.11,18.14
745656,2024-06-05,2024,641598,R,687765,R,field_out,False,False,144.0,0.146,47.0,32.64,16.0,11.11,0.509,0.10600000000000001,34.6,13.87,23.35,37.23,20.14,24.35,262.0,0.25,70.0,26.72,25.0,9.54,0.845,0.267,25.84,10.63,19.22,29.85,18.71,21.21,101.0,0.239,15.0,14.85,8.0,7.92,0.6479999999999999,0.10899999999999999,23.38,12.27,13.32,25.59,30.69,12.73,,,,,,,,,,,,,,
745656,2024-06-05,2024,686527,L,687765,R,field_out,False,False,76.0,0.176,22.0,28.95,7.0,9.21,0.6759999999999999,0.25,35.77,17.95,16.85,34.8,39.04,27.85,155.0,0.221,26.0,16.77,5.0,3.23,0.661,0.1879999999999999,24.65,13.73,16.86,30.59,41.27,21.85,81.0,0.253,22.0,27.16,5.0,6.17,0.7090000000000001,0.14700000000000002,23.93,11.89,16.16,28.05,31.14,21.43,,,,,,,,,,,,,,
745656,2024-06-05,2024,664238,R,687765,R,field_out,False,False,122.0,0.218,33.0,27.05,13.0,10.66,0.75,0.18800000000000003,25.47,10.84,18.47,29.32,18.37,21.71,73.0,0.188,28.0,38.36,6.0,8.22,0.647,0.1709999999999999,33.56,16.33,21.33,37.67,34.46,26.17,101.0,0.239,15.0,14.85,8.0,7.92,0.6479999999999999,0.10899999999999999,23.38,12.27,13.32,25.59,30.69,12.73,,,,,,,,,,,,,,
745656,2024-06-05,2024,667670,R,669923,R,field_out,False,False,152.0,0.302,50.0,32.89,20.0,13.16,0.978,0.27199999999999996,37.76,17.68,13.38,31.05,30.09,26.74,351.0,0.23,115.0,32.76,33.0,9.4,0.788,0.2419999999999999,37.94,17.82,16.3,34.12,28.65,23.47,151.0,0.223,30.0,19.87,1.0,0.66,0.5710000000000001,0.11500000000000002,21.71,12.28,14.36,26.64,37.77,14.42,404.0,0.247,90.0,22.28,8.0,1.98,0.659,0.141,24.39,13.48,15.5,28.98,35.88,18.67
745656,2024-06-05,2024,669127,R,669923,R,strikeout,True,False,139.0,0.228,35.0,25.18,11.0,7.91,0.839,0.30900000000000005,29.46,14.17,16.77,30.94,32.41,25.18,344.0,0.217,101.0,29.36,23.0,6.69,0.7230000000000001,0.226,32.34,16.3,14.73,31.03,31.22,23.88,151.0,0.223,30.0,19.87,1.0,0.66,0.5710000000000001,0.11500000000000002,21.71,12.28,14.36,26.64,37.77,14.42,404.0,0.247,90.0,22.28,8.0,1.98,0.659,0.141,24.39,13.48,15.5,28.98,35.88,18.67
745656,2024-06-05,2024,664913,L,669923,R,strikeout,True,False,154.0,0.197,51.0,33.12,12.0,7.79,0.591,0.134,31.01,16.07,13.28,29.34,33.44,26.84,315.0,0.234,81.0,25.71,24.0,7.62,0.738,0.21,29.85,15.11,13.77,28.88,31.88,22.82,151.0,0.264,44.0,29.14,6.0,3.97,0.7709999999999999,0.20699999999999996,26.64,13.63,17.88,31.5,25.78,23.53,354.0,0.246,82.0,23.16,11.0,3.11,0.672,0.156,21.25,11.4,17.29,28.69,29.11,18.14
745656,2024-06-05,2024,641487,L,687765,R,double,False,False,116.0,0.176,29.0,25.0,12.0,10.34,0.581,0.138,19.6,7.94,20.37,28.31,18.93,20.14,446.0,0.266,84.0,18.83,67.0,15.02,0.845,0.197,18.19,6.93,19.49,26.42,17.9,17.39,81.0,0.253,22.0,27.16,5.0,6.17,0.7090000000000001,0.14700000000000002,23.93,11.89,16.16,28.05,31.14,21.43,,,,,,,,,,,,,,
745656,2024-06-05,2024,668942,L,687765,R,double,False,False,160.0,0.303,25.0,15.62,15.0,9.38,0.831,0.15500000000000003,17.73,7.99,16.61,24.6,21.26,14.04,299.0,0.249,64.0,21.4,22.0,7.36,0.6559999999999999,0.1019999999999999,22.77,10.13,19.65,29.78,25.55,19.69,81.0,0.253,22.0,27.16,5.0,6.17,0.7090000000000001,0.14700000000000002,23.93,11.89,16.16,28.05,31.14,21.43,,,,,,,,,,,,,,
745656,2024-06-05,2024,677594,R,687765,R,field_out,False,False,193.0,0.243,53.0,27.46,11.0,5.7,0.577,0.043999999999999984,31.01,16.65,12.13,28.77,36.17,19.12,545.0,0.267,127.0,23.3,35.0,6.42,0.8109999999999999,0.2169999999999999,27.93,14.91,13.12,28.03,38.34,22.84,101.0,0.239,15.0,14.85,8.0,7.92,0.6479999999999999,0.10899999999999999,23.38,12.27,13.32,25.59,30.69,12.73,,,,,,,,,,,,,,
745656,2024-06-05,2024,664034,R,687765,R,double,False,False,161.0,0.25,38.0,23.6,9.0,5.59,0.696,0.14200000000000002,20.33,9.92,14.96,24.88,26.35,19.19,506.0,0.24,85.0,16.8,37.0,7.31,0.698,0.1169999999999999,22.16,11.42,13.69,25.11,32.3,15.51,101.0,0.239,15.0,14.85,8.0,7.92,0.6479999999999999,0.10899999999999999,23.38,12.27,13.32,25.59,30.69,12.73,,,,,,,,,,,,,,
745656,2024-06-05,2024,670042,L,687765,R,double,False,False,127.0,0.269,38.0,29.92,3.0,2.36,0.76,0.176,33.07,18.12,10.87,29.0,30.57,30.65,363.0,0.247,112.0,30.85,26.0,7.16,0.8340000000000001,0.25,38.6,19.83,11.57,31.39,31.1,26.79,81.0,0.253,22.0,27.16,5.0,6.17,0.7090000000000001,0.14700000000000002,23.93,11.89,16.16,28.05,31.14,21.43,,,,,,,,,,,,,,
745656,2024-06-05,2024,571745,R,687765,R,field_out,False,False,154.0,0.245,43.0,27.92,13.0,8.44,0.731,0.179,29.63,12.46,18.38,30.84,21.15,21.11,161.0,0.189,48.0,29.81,10.0,6.21,0.599,0.1619999999999999,28.57,13.33,19.22,32.56,25.34,22.02,101.0,0.239,15.0,14.85,8.0,7.92,0.6479999999999999,0.10899999999999999,23.38,12.27,13.32,25.59,30.69,12.73,,,,,,,,,,,,,,
745656,2024-06-05,2024,641598,R,687765,R,field_out,False,False,144.0,0.146,47.0,32.64,16.0,11.11,0.509,0.10600000000000001,34.6,13.87,23.35,37.23,20.14,24.35,262.0,0.25,70.0,26.72,25.0,9.54,0.845,0.267,25.84,10.63,19.22,29.85,18.71,21.21,101.0,0.239,15.0,14.85,8.0,7.92,0.6479999999999999,0.10899999999999999,23.38,12.27,13.32,25.59,30.69,12.73,,,,,,,,,,,,,,
745656,2024-06-05,2024,605204,R,669923,R,strikeout,True,False,86.0,0.21,21.0,24.42,3.0,3.49,0.577,0.11100000000000002,37.43,21.05,13.16,34.21,28.36,26.92,390.0,0.249,110.0,28.21,40.0,10.26,0.742,0.1589999999999999,35.24,18.37,11.47,29.84,26.41,23.09,151.0,0.223,30.0,19.87,1.0,0.66,0.5710000000000001,0.11500000000000002,21.71,12.28,14.36,26.64,37.77,14.42,404.0,0.247,90.0,22.28,8.0,1.98,0.659,0.141,24.39,13.48,15.5,28.98,35.88,18.67
745656,2024-06-05,2024,680869,R,669923,R,double,False,False,134.0,0.172,45.0,33.58,9.0,6.72,0.503,0.09800000000000003,35.38,17.59,16.44,34.03,27.91,28.85,220.0,0.303,54.0,24.55,18.0,8.18,0.969,0.298,30.92,15.24,15.12,30.36,29.22,21.29,151.0,0.223,30.0,19.87,1.0,0.66,0.5710000000000001,0.11500000000000002,21.71,12.28,14.36,26.64,37.77,14.42,404.0,0.247,90.0,22.28,8.0,1.98,0.659,0.141,24.39,13.48,15.5,28.98,35.88,18.67
745656,2024-06-05,2024,680474,R,669923,R,strikeout,True,False,89.0,0.288,22.0,24.72,7.0,7.87,0.748,0.10000000000000003,25.17,10.08,21.22,31.3,17.75,19.82,,,,,,,,,,,,,,,151.0,0.223,30.0,19.87,1.0,0.66,0.5710000000000001,0.11500000000000002,21.71,12.28,14.36,26.64,37.77,14.42,404.0,0.247,90.0,22.28,8.0,1.98,0.659,0.141,24.39,13.48,15.5,28.98,35.88,18.67
745656,2024-06-05,2024,647351,L,669923,R,single,False,False,170.0,0.259,33.0,19.41,9.0,5.29,0.698,0.127,20.79,9.53,18.61,28.14,28.96,18.13,20.0,0.412,5.0,25.0,2.0,10.0,1.265,0.353,37.04,15.62,26.56,42.19,25.0,31.25,151.0,0.264,44.0,29.14,6.0,3.97,0.7709999999999999,0.20699999999999996,26.64,13.63,17.88,31.5,25.78,23.53,354.0,0.246,82.0,23.16,11.0,3.11,0.672,0.156,21.25,11.4,17.29,28.69,29.11,18.14
745656,2024-06-05,2024,609280,R,669923,R,force_out,False,False,32.0,0.323,3.0,9.38,0.0,0.0,0.796,0.16099999999999998,3.45,1.68,20.17,21.85,33.33,9.38,52.0,0.229,6.0,11.54,4.0,7.69,0.705,0.1879999999999999,14.58,7.49,13.9,21.39,30.93,12.77,151.0,0.223,30.0,19.87,1.0,0.66,0.5710000000000001,0.11500000000000002,21.71,12.28,14.36,26.64,37.77,14.42,404.0,0.247,90.0,22.28,8.0,1.98,0.659,0.141,24.39,13.48,15.5,28.98,35.88,18.67
745656,2024-06-05,2024,686527,L,687765,R,field_out,False,False,76.0,0.176,22.0,28.95,7.0,9.21,0.6759999999999999,0.25,35.77,17.95,16.85,34.8,39.04,27.85,155.0,0.221,26.0,16.77,5.0,3.23,0.661,0.1879999999999999,24.65,13.73,16.86,30.59,41.27,21.85,81.0,0.253,22.0,27.16,5.0,6.17,0.7090000000000001,0.14700000000000002,23.93,11.89,16.16,28.05,31.14,21.43,,,,,,,,,,,,,,
745656,2024-06-05,2024,664238,R,687765,R,single,False,False,122.0,0.218,33.0,27.05,13.0,10.66,0.75,0.18800000000000003,25.47,10.84,18.47,29.32,18.37,21.71,73.0,0.188,28.0,38.36,6.0,8.22,0.647,0.1709999999999999,33.56,16.33,21.33,37.67,34.46,26.17,101.0,0.239,15.0,14.85,8.0,7.92,0.6479999999999999,0.10899999999999999,23.38,12.27,13.32,25.59,30.69,12.73,,,,,,,,,,,,,,
745656,2024-06-05,2024,641487,L,687765,R,field_out,False,False,116.0,0.176,29.0,25.0,12.0,10.34,0.581,0.138,19.6,7.94,20.37,28.31,18.93,20.14,446.0,0.266,84.0,18.83,67.0,15.02,0.845,0.197,18.19,6.93,19.49,26.42,17.9,17.39,81.0,0.253,22.0,27.16,5.0,6.17,0.7090000000000001,0.14700000000000002,23.93,11.89,16.16,28.05,31.14,21.43,,,,,,,,,,,,,,
745656,2024-06-05,2024,668942,L,687765,R,single,False,False,160.0,0.303,25.0,15.62,15.0,9.38,0.831,0.15500000000000003,17.73,7.99,16.61,24.6,21.26,14.04,299.0,0.249,64.0,21.4,22.0,7.36,0.6559999999999999,0.1019999999999999,22.77,10.13,19.65,29.78,25.55,19.69,81.0,0.253,22.0,27.16,5.0,6.17,0.7090000000000001,0.14700000000000002,23.93,11.89,16.16,28.05,31.14,21.43,,,,,,,,,,,,,,
745656,2024-06-05,2024,677594,R,687765,R,field_out,False,False,193.0,0.243,53.0,27.46,11.0,5.7,0.577,0.043999999999999984,31.01,16.65,12.13,28.77,36.17,19.12,545.0,0.267,127.0,23.3,35.0,6.42,0.8109999999999999,0.2169999999999999,27.93,14.91,13.12,28.03,38.34,22.84,101.0,0.239,15.0,14.85,8.0,7.92,0.6479999999999999,0.10899999999999999,23.38,12.27,13.32,25.59,30.69,12.73,,,,,,,,,,,,,,
745656,2024-06-05,2024,668709,L,669923,R,single,False,False,196.0,0.259,35.0,17.86,25.0,12.76,0.8009999999999999,0.188,27.05,11.41,17.31,28.72,22.19,17.77,232.0,0.209,53.0,22.84,35.0,15.09,0.726,0.184,28.61,12.18,15.3,27.48,19.27,20.46,151.0,0.264,44.0,29.14,6.0,3.97,0.7709999999999999,0.20699999999999996,26.64,13.63,17.88,31.5,25.78,23.53,354.0,0.246,82.0,23.16,11.0,3.11,0.672,0.156,21.25,11.4,17.29,28.69,29.11,18.14
745656,2024-06-05,2024,667670,R,669923,R,field_out,False,False,152.0,0.302,50.0,32.89,20.0,13.16,0.978,0.27199999999999996,37.76,17.68,13.38,31.05,30.09,26.74,351.0,0.23,115.0,32.76,33.0,9.4,0.788,0.2419999999999999,37.94,17.82,16.3,34.12,28.65,23.47,151.0,0.223,30.0,19.87,1.0,0.66,0.5710000000000001,0.11500000000000002,21.71,12.28,14.36,26.64,37.77,14.42,404.0,0.247,90.0,22.28,8.0,1.98,0.659,0.141,24.39,13.48,15.5,28.98,35.88,18.67
745656,2024-06-05,2024,669127,R,669923,R,strikeout,True,False,139.0,0.228,35.0,25.18,11.0,7.91,0.839,0.30900000000000005,29.46,14.17,16.77,30.94,32.41,25.18,344.0,0.217,101.0,29.36,23.0,6.69,0.7230000000000001,0.226,32.34,16.3,14.73,31.03,31.22,23.88,151.0,0.223,30.0,19.87,1.0,0.66,0.5710000000000001,0.11500000000000002,21.71,12.28,14.36,26.64,37.77,14.42,404.0,0.247,90.0,22.28,8.0,1.98,0.659,0.141,24.39,13.48,15.5,28.98,35.88,18.67
745656,2024-06-05,2024,664913,L,669923,R,walk,False,True,154.0,0.197,51.0,33.12,12.0,7.79,0.591,0.134,31.01,16.07,13.28,29.34,33.44,26.84,315.0,0.234,81.0,25.71,24.0,7.62,0.738,0.21,29.85,15.11,13.77,28.88,31.88,22.82,151.0,0.264,44.0,29.14,6.0,3.97,0.7709999999999999,0.20699999999999996,26.64,13.63,17.88,31.5,25.78,23.53,354.0,0.246,82.0,23.16,11.0,3.11,0.672,0.156,21.25,11.4,17.29,28.69,29.11,18.14
745656,2024-06-05,2024,605204,R,669923,R,single,False,False,86.0,0.21,21.0,24.42,3.0,3.49,0.577,0.11100000000000002,37.43,21.05,13.16,34.21,28.36,26.92,390.0,0.249,110.0,28.21,40.0,10.26,0.742,0.1589999999999999,35.24,18.37,11.47,29.84,26.41,23.09,151.0,0.223,30.0,19.87,1.0,0.66,0.5710000000000001,0.11500000000000002,21.71,12.28,14.36,26.64,37.77,14.42,404.0,0.247,90.0,22.28,8.0,1.98,0.659,0.141,24.39,13.48,15.5,28.98,35.88,18.67
745656,2024-06-05,2024,680869,R,669923,R,strikeout,True,False,134.0,0.172,45.0,33.58,9.0,6.72,0.503,0.09800000000000003,35.38,17.59,16.44,34.03,27.91,28.85,220.0,0.303,54.0,24.55,18.0,8.18,0.969,0.298,30.92,15.24,15.12,30.36,29.22,21.29,151.0,0.223,30.0,19.87,1.0,0.66,0.5710000000000001,0.11500000000000002,21.71,12.28,14.36,26.64,37.77,14.42,404.0,0.247,90.0,22.28,8.0,1.98,0.659,0.141,24.39,13.48,15.5,28.98,35.88,18.67
745656,2024-06-05,2024,664034,R,687765,R,field_out,False,False,161.0,0.25,38.0,23.6,9.0,5.59,0.696,0.14200000000000002,20.33,9.92,14.96,24.88,26.35,19.19,506.0,0.24,85.0,16.8,37.0,7.31,0.698,0.1169999999999999,22.16,11.42,13.69,25.11,32.3,15.51,101.0,0.239,15.0,14.85,8.0,7.92,0.6479999999999999,0.10899999999999999,23.38,12.27,13.32,25.59,30.69,12.73,,,,,,,,,,,,,,
745656,2024-06-05,2024,670042,L,687765,R,single,False,False,127.0,0.269,38.0,29.92,3.0,2.36,0.76,0.176,33.07,18.12,10.87,29.0,30.57,30.65,363.0,0.247,112.0,30.85,26.0,7.16,0.8340000000000001,0.25,38.6,19.83,11.57,31.39,31.1,26.79,81.0,0.253,22.0,27.16,5.0,6.17,0.7090000000000001,0.14700000000000002,23.93,11.89,16.16,28.05,31.14,21.43,,,,,,,,,,,,,,
745656,2024-06-05,2024,571745,R,687765,R,grounded_into_double_play,False,False,154.0,0.245,43.0,27.92,13.0,8.44,0.731,0.179,29.63,12.46,18.38,30.84,21.15,21.11,161.0,0.189,48.0,29.81,10.0,6.21,0.599,0.1619999999999999,28.57,13.33,19.22,32.56,25.34,22.02,101.0,0.239,15.0,14.85,8.0,7.92,0.6479999999999999,0.10899999999999999,23.38,12.27,13.32,25.59,30.69,12.73,,,,,,,,,,,,,,
745656,2024-06-05,2024,680474,R,669923,R,strikeout,True,False,89.0,0.288,22.0,24.72,7.0,7.87,0.748,0.10000000000000003,25.17,10.08,21.22,31.3,17.75,19.82,,,,,,,,,,,,,,,151.0,0.223,30.0,19.87,1.0,0.66,0.5710000000000001,0.11500000000000002,21.71,12.28,14.36,26.64,37.77,14.42,404.0,0.247,90.0,22.28,8.0,1.98,0.659,0.141,24.39,13.48,15.5,28.98,35.88,18.67
745656,2024-06-05,2024,647351,L,669923,R,field_out,False,False,170.0,0.259,33.0,19.41,9.0,5.29,0.698,0.127,20.79,9.53,18.61,28.14,28.96,18.13,20.0,0.412,5.0,25.0,2.0,10.0,1.265,0.353,37.04,15.62,26.56,42.19,25.0,31.25,151.0,0.264,44.0,29.14,6.0,3.97,0.7709999999999999,0.20699999999999996,26.64,13.63,17.88,31.5,25.78,23.53,354.0,0.246,82.0,23.16,11.0,3.11,0.672,0.156,21.25,11.4,17.29,28.69,29.11,18.14
745656,2024-06-05,2024,609280,R,669923,R,field_out,False,False,32.0,0.323,3.0,9.38,0.0,0.0,0.796,0.16099999999999998,3.45,1.68,20.17,21.85,33.33,9.38,52.0,0.229,6.0,11.54,4.0,7.69,0.705,0.1879999999999999,14.58,7.49,13.9,21.39,30.93,12.77,151.0,0.223,30.0,19.87,1.0,0.66,0.5710000000000001,0.11500000000000002,21.71,12.28,14.36,26.64,37.77,14.42,404.0,0.247,90.0,22.28,8.0,1.98,0.659,0.141,24.39,13.48,15.5,28.98,35.88,18.67
745656,2024-06-05,2024,641598,R,687765,R,field_out,False,False,144.0,0.146,47.0,32.64,16.0,11.11,0.509,0.10600000000000001,34.6,13.87,23.35,37.23,20.14,24.35,262.0,0.25,70.0,26.72,25.0,9.54,0.845,0.267,25.84,10.63,19.22,29.85,18.71,21.21,101.0,0.239,15.0,14.85,8.0,7.92,0.6479999999999999,0.10899999999999999,23.38,12.27,13.32,25.59,30.69,12.73,,,,,,,,,,,,,,
745656,2024-06-05,2024,686527,L,687765,R,strikeout,True,False,76.0,0.176,22.0,28.95,7.0,9.21,0.6759999999999999,0.25,35.77,17.95,16.85,34.8,39.04,27.85,155.0,0.221,26.0,16.77,5.0,3.23,0.661,0.1879999999999999,24.65,13.73,16.86,30.59,41.27,21.85,81.0,0.253,22.0,27.16,5.0,6.17,0.7090000000000001,0.14700000000000002,23.93,11.89,16.16,28.05,31.14,21.43,,,,,,,,,,,,,,
745656,2024-06-05,2024,664238,R,687765,R,field_out,False,False,122.0,0.218,33.0,27.05,13.0,10.66,0.75,0.18800000000000003,25.47,10.84,18.47,29.32,18.37,21.71,73.0,0.188,28.0,38.36,6.0,8.22,0.647,0.1709999999999999,33.56,16.33,21.33,37.67,34.46,26.17,101.0,0.239,15.0,14.85,8.0,7.92,0.6479999999999999,0.10899999999999999,23.38,12.27,13.32,25.59,30.69,12.73,,,,,,,,,,,,,,
745656,2024-06-05,2024,668709,L,669923,R,single,False,False,196.0,0.259,35.0,17.86,25.0,12.76,0.8009999999999999,0.188,27.05,11.41,17.31,28.72,22.19,17.77,232.0,0.209,53.0,22.84,35.0,15.09,0.726,0.184,28.61,12.18,15.3,27.48,19.27,20.46,151.0,0.264,44.0,29.14,6.0,3.97,0.7709999999999999,0.20699999999999996,26.64,13.63,17.88,31.5,25.78,23.53,354.0,0.246,82.0,23.16,11.0,3.11,0.672,0.156,21.25,11.4,17.29,28.69,29.11,18.14
745656,2024-06-05,2024,667670,R,669923,R,double,False,False,152.0,0.302,50.0,32.89,20.0,13.16,0.978,0.27199999999999996,37.76,17.68,13.38,31.05,30.09,26.74,351.0,0.23,115.0,32.76,33.0,9.4,0.788,0.2419999999999999,37.94,17.82,16.3,34.12,28.65,23.47,151.0,0.223,30.0,19.87,1.0,0.66,0.5710000000000001,0.11500000000000002,21.71,12.28,14.36,26.64,37.77,14.42,404.0,0.247,90.0,22.28,8.0,1.98,0.659,0.141,24.39,13.48,15.5,28.98,35.88,18.67
745656,2024-06-05,2024,669127,R,608723,R,field_out,False,False,139.0,0.228,35.0,25.18,11.0,7.91,0.839,0.30900000000000005,29.46,14.17,16.77,30.94,32.41,25.18,344.0,0.217,101.0,29.36,23.0,6.69,0.7230000000000001,0.226,32.34,16.3,14.73,31.03,31.22,23.88,44.0,0.2,12.0,27.27,3.0,6.82,0.623,0.14999999999999997,34.78,18.39,13.79,32.18,40.21,22.22,92.0,0.272,24.0,26.09,8.0,8.7,0.847,0.2339999999999999,30.85,15.63,15.36,31.0,35.26,18.75
745656,2024-06-05,2024,664913,L,608723,R,walk,False,True,154.0,0.197,51.0,33.12,12.0,7.79,0.591,0.134,31.01,16.07,13.28,29.34,33.44,26.84,315.0,0.234,81.0,25.71,24.0,7.62,0.738,0.21,29.85,15.11,13.77,28.88,31.88,22.82,52.0,0.184,9.0,17.31,2.0,3.85,0.598,0.183,23.71,12.43,14.05,26.49,29.21,18.75,68.0,0.288,10.0,14.71,7.0,10.29,0.772,0.102,13.95,6.08,17.57,23.65,25.81,11.76
745656,2024-06-05,2024,605204,R,608723,R,field_out,False,False,86.0,0.21,21.0,24.42,3.0,3.49,0.577,0.11100000000000002,37.43,21.05,13.16,34.21,28.36,26.92,390.0,0.249,110.0,28.21,40.0,10.26,0.742,0.1589999999999999,35.24,18.37,11.47,29.84,26.41,23.09,44.0,0.2,12.0,27.27,3.0,6.82,0.623,0.14999999999999997,34.78,18.39,13.79,32.18,40.21,22.22,92.0,0.272,24.0,26.09,8.0,8.7,0.847,0.2339999999999999,30.85,15.63,15.36,31.0,35.26,18.75
745656,2024-06-05,2024,680869,R,608723,R,field_out,False,False,134.0,0.172,45.0,33.58,9.0,6.72,0.503,0.09800000000000003,35.38,17.59,16.44,34.03,27.91,28.85,220.0,0.303,54.0,24.55,18.0,8.18,0.969,0.298,30.92,15.24,15.12,30.36,29.22,21.29,44.0,0.2,12.0,27.27,3.0,6.82,0.623,0.14999999999999997,34.78,18.39,13.79,32.18,40.21,22.22,92.0,0.272,24.0,26.09,8.0,8.7,0.847,0.2339999999999999,30.85,15.63,15.36,31.0,35.26,18.75
745656,2024-06-05,2024,641487,L,656794,L,field_out,False,False,45.0,0.3,6.0,13.33,5.0,11.11,0.853,0.175,12.16,4.74,24.21,28.95,10.39,9.23,193.0,0.267,41.0,21.24,27.0,13.99,0.755,0.1149999999999999,19.56,7.7,20.12,27.83,20.15,17.67,4.0,0.0,3.0,75.0,0.0,0.0,0.0,0.0,50.0,14.29,28.57,42.86,11.11,60.0,20.0,0.059,6.0,30.0,3.0,15.0,0.259,0.0,24.39,11.11,18.89,30.0,28.21,16.67
745656,2024-06-05,2024,668942,L,656794,L,strikeout,True,False,19.0,0.167,8.0,42.11,1.0,5.26,0.378,0.0,39.39,17.57,21.62,39.19,25.0,34.78,54.0,0.224,17.0,31.48,5.0,9.26,0.5609999999999999,0.041,32.61,13.64,21.82,35.45,26.36,24.29,4.0,0.0,3.0,75.0,0.0,0.0,0.0,0.0,50.0,14.29,28.57,42.86,11.11,60.0,20.0,0.059,6.0,30.0,3.0,15.0,0.259,0.0,24.39,11.11,18.89,30.0,28.21,16.67
745656,2024-06-05,2024,677594,R,656794,L,field_out,False,False,69.0,0.344,18.0,26.09,3.0,4.35,0.866,0.14,33.09,18.52,10.29,28.81,37.3,25.71,169.0,0.301,48.0,28.4,12.0,7.1,0.842,0.186,29.55,15.52,11.29,26.8,35.14,26.23,4.0,0.333,0.0,0.0,1.0,25.0,0.833,0.0,0.0,0.0,6.25,6.25,0.0,0.0,41.0,0.212,11.0,26.83,6.0,14.63,0.73,0.152,20.0,8.9,16.75,25.65,27.18,17.19
745656,2024-06-05,2024,680474,R,592773,R,field_out,False,False,89.0,0.288,22.0,24.72,7.0,7.87,0.748,0.10000000000000003,25.17,10.08,21.22,31.3,17.75,19.82,,,,,,,,,,,,,,,47.0,0.163,13.0,27.66,3.0,6.38,0.42000000000000004,0.022999999999999993,28.87,15.64,12.85,28.49,34.44,21.31,116.0,0.231,31.0,26.72,11.0,9.48,0.752,0.211,31.3,16.45,11.54,27.99,28.0,17.61
745656,2024-06-05,2024,647351,L,592773,R,walk,False,True,170.0,0.259,33.0,19.41,9.0,5.29,0.698,0.127,20.79,9.53,18.61,28.14,28.96,18.13,20.0,0.412,5.0,25.0,2.0,10.0,1.265,0.353,37.04,15.62,26.56,42.19,25.0,31.25,49.0,0.302,12.0,24.49,4.0,8.16,0.879,0.21000000000000002,26.73,13.57,14.57,28.14,31.25,17.91,97.0,0.209,20.0,20.62,10.0,10.31,0.615,0.117,29.95,15.58,9.3,24.87,27.09,18.02
745656,2024-06-05,2024,609280,R,592773,R,grounded_into_double_play,False,False,32.0,0.323,3.0,9.38,0.0,0.0,0.796,0.16099999999999998,3.45,1.68,20.17,21.85,33.33,9.38,52.0,0.229,6.0,11.54,4.0,7.69,0.705,0.1879999999999999,14.58,7.49,13.9,21.39,30.93,12.77,47.0,0.163,13.0,27.66,3.0,6.38,0.42000000000000004,0.022999999999999993,28.87,15.64,12.85,28.49,34.44,21.31,116.0,0.231,31.0,26.72,11.0,9.48,0.752,0.211,31.3,16.45,11.54,27.99,28.0,17.61
745656,2024-06-05,2024,664034,R,656794,L,field_out,False,False,63.0,0.259,14.0,22.22,8.0,12.7,0.7909999999999999,0.16699999999999998,29.31,13.6,12.4,26.0,25.37,19.44,160.0,0.28,32.0,20.0,6.0,3.75,0.718,0.1129999999999999,21.07,12.16,10.7,22.85,36.66,14.81,4.0,0.333,0.0,0.0,1.0,25.0,0.833,0.0,0.0,0.0,6.25,6.25,0.0,0.0,41.0,0.212,11.0,26.83,6.0,14.63,0.73,0.152,20.0,8.9,16.75,25.65,27.18,17.19
745656,2024-06-05,2024,670042,L,656794,L,strikeout,True,False,23.0,0.286,3.0,13.04,2.0,8.7,0.824,0.19,23.81,11.24,16.85,28.09,21.43,13.04,44.0,0.268,16.0,36.36,2.0,4.55,0.741,0.1709999999999999,41.18,22.58,15.48,38.06,33.8,36.36,4.0,0.0,3.0,75.0,0.0,0.0,0.0,0.0,50.0,14.29,28.57,42.86,11.11,60.0,20.0,0.059,6.0,30.0,3.0,15.0,0.259,0.0,24.39,11.11,18.89,30.0,28.21,16.67
745656,2024-06-05,2024,571745,R,656794,L,single,False,False,64.0,0.167,16.0,25.0,4.0,6.25,0.386,0.0,27.73,12.36,17.98,30.34,23.26,17.44,69.0,0.254,17.0,24.64,5.0,7.25,0.706,0.143,26.02,11.43,17.5,28.93,26.06,19.54,4.0,0.333,0.0,0.0,1.0,25.0,0.833,0.0,0.0,0.0,6.25,6.25,0.0,0.0,41.0,0.212,11.0,26.83,6.0,14.63,0.73,0.152,20.0,8.9,16.75,25.65,27.18,17.19
745656,2024-06-05,2024,663728,R,656794,L,intent_walk,False,True,53.0,0.152,17.0,32.08,4.0,7.55,0.704,0.32599999999999996,35.34,18.81,11.47,30.28,36.21,23.94,108.0,0.218,32.0,29.63,7.0,6.48,0.645,0.158,31.38,17.77,9.0,26.78,35.38,24.06,4.0,0.333,0.0,0.0,1.0,25.0,0.833,0.0,0.0,0.0,6.25,6.25,0.0,0.0,41.0,0.212,11.0,26.83,6.0,14.63,0.73,0.152,20.0,8.9,16.75,25.65,27.18,17.19
745656,2024-06-05,2024,686527,L,656794,L,strikeout,True,False,6.0,0.0,2.0,33.33,1.0,16.67,0.167,0.0,36.36,13.33,20.0,33.33,6.67,20.0,27.0,0.208,6.0,22.22,3.0,11.11,0.629,0.125,31.11,14.74,20.0,34.74,44.23,23.08,4.0,0.0,3.0,75.0,0.0,0.0,0.0,0.0,50.0,14.29,28.57,42.86,11.11,60.0,20.0,0.059,6.0,30.0,3.0,15.0,0.259,0.0,24.39,11.11,18.89,30.0,28.21,16.67
745656,2024-06-05,2024,668709,L,663423,R,field_out,False,False,196.0,0.259,35.0,17.86,25.0,12.76,0.8009999999999999,0.188,27.05,11.41,17.31,28.72,22.19,17.77,232.0,0.209,53.0,22.84,35.0,15.09,0.726,0.184,28.61,12.18,15.3,27.48,19.27,20.46,47.0,0.273,13.0,27.66,2.0,4.26,0.6679999999999999,0.09099999999999997,21.36,12.36,16.29,28.65,41.03,20.63,55.0,0.308,7.0,12.73,3.0,5.45,0.903,0.25,15.48,6.6,22.34,28.93,14.63,11.86
745656,2024-06-05,2024,667670,R,663423,R,walk,False,True,152.0,0.302,50.0,32.89,20.0,13.16,0.978,0.27199999999999996,37.76,17.68,13.38,31.05,30.09,26.74,351.0,0.23,115.0,32.76,33.0,9.4,0.788,0.2419999999999999,37.94,17.82,16.3,34.12,28.65,23.47,57.0,0.17,12.0,21.05,7.0,12.28,0.546,0.08499999999999999,33.33,14.73,17.41,32.14,23.77,17.14,70.0,0.209,19.0,27.14,3.0,4.29,0.5860000000000001,0.134,26.12,13.36,17.18,30.53,37.78,20.88
745656,2024-06-05,2024,669127,R,663423,R,strikeout,True,False,139.0,0.228,35.0,25.18,11.0,7.91,0.839,0.30900000000000005,29.46,14.17,16.77,30.94,32.41,25.18,344.0,0.217,101.0,29.36,23.0,6.69,0.7230000000000001,0.226,32.34,16.3,14.73,31.03,31.22,23.88,57.0,0.17,12.0,21.05,7.0,12.28,0.546,0.08499999999999999,33.33,14.73,17.41,32.14,23.77,17.14,70.0,0.209,19.0,27.14,3.0,4.29,0.5860000000000001,0.134,26.12,13.36,17.18,30.53,37.78,20.88
745656,2024-06-05,2024,664913,L,663423,R,walk,False,True,154.0,0.197,51.0,33.12,12.0,7.79,0.591,0.134,31.01,16.07,13.28,29.34,33.44,26.84,315.0,0.234,81.0,25.71,24.0,7.62,0.738,0.21,29.85,15.11,13.77,28.88,31.88,22.82,47.0,0.273,13.0,27.66,2.0,4.26,0.6679999999999999,0.09099999999999997,21.36,12.36,16.29,28.65,41.03,20.63,55.0,0.308,7.0,12.73,3.0,5.45,0.903,0.25,15.48,6.6,22.34,28.93,14.63,11.86
745656,2024-06-05,2024,605204,R,663423,R,field_out,False,False,86.0,0.21,21.0,24.42,3.0,3.49,0.577,0.11100000000000002,37.43,21.05,13.16,34.21,28.36,26.92,390.0,0.249,110.0,28.21,40.0,10.26,0.742,0.1589999999999999,35.24,18.37,11.47,29.84,26.41,23.09,57.0,0.17,12.0,21.05,7.0,12.28,0.546,0.08499999999999999,33.33,14.73,17.41,32.14,23.77,17.14,70.0,0.209,19.0,27.14,3.0,4.29,0.5860000000000001,0.134,26.12,13.36,17.18,30.53,37.78,20.88
745656,2024-06-05,2024,664238,R,518397,L,field_out,False,False,60.0,0.235,12.0,20.0,7.0,11.67,0.823,0.255,18.63,8.05,17.37,25.42,19.49,17.91,92.0,0.222,28.0,30.43,10.0,10.87,0.796,0.259,33.33,14.66,18.06,32.72,23.83,23.53,10.0,0.2,2.0,20.0,0.0,0.0,0.8,0.39999999999999997,27.27,19.35,3.23,22.58,50.0,22.22,125.0,0.328,15.0,12.0,8.0,6.4,0.781,0.077,16.67,8.44,14.64,23.08,30.3,17.65
745656,2024-06-05,2024,641487,L,518397,L,field_out,False,False,45.0,0.3,6.0,13.33,5.0,11.11,0.853,0.175,12.16,4.74,24.21,28.95,10.39,9.23,193.0,0.267,41.0,21.24,27.0,13.99,0.755,0.1149999999999999,19.56,7.7,20.12,27.83,20.15,17.67,11.0,0.091,2.0,18.18,0.0,0.0,0.182,0.0,10.53,5.56,25.0,30.56,43.75,22.22,83.0,0.215,16.0,19.28,3.0,3.61,0.56,0.101,24.84,13.2,16.17,29.37,31.5,16.84
745656,2024-06-05,2024,668942,L,518397,L,strikeout,True,False,19.0,0.167,8.0,42.11,1.0,5.26,0.378,0.0,39.39,17.57,21.62,39.19,25.0,34.78,54.0,0.224,17.0,31.48,5.0,9.26,0.5609999999999999,0.041,32.61,13.64,21.82,35.45,26.36,24.29,11.0,0.091,2.0,18.18,0.0,0.0,0.182,0.0,10.53,5.56,25.0,30.56,43.75,22.22,83.0,0.215,16.0,19.28,3.0,3.61,0.56,0.101,24.84,13.2,16.17,29.37,31.5,16.84
745656,2024-06-05,2024,680869,R,662253,R,strikeout,True,False,134.0,0.172,45.0,33.58,9.0,6.72,0.503,0.09800000000000003,35.38,17.59,16.44,34.03,27.91,28.85,220.0,0.303,54.0,24.55,18.0,8.18,0.969,0.298,30.92,15.24,15.12,30.36,29.22,21.29,55.0,0.151,24.0,43.64,2.0,3.64,0.352,0.019000000000000017,47.41,23.31,16.1,39.41,36.36,34.29,108.0,0.194,36.0,33.33,12.0,11.11,0.575,0.075,42.42,20.05,17.9,37.95,33.98,28.12
745656,2024-06-05,2024,680474,R,662253,R,single,False,False,89.0,0.288,22.0,24.72,7.0,7.87,0.748,0.10000000000000003,25.17,10.08,21.22,31.3,17.75,19.82,,,,,,,,,,,,,,,55.0,0.151,24.0,43.64,2.0,3.64,0.352,0.019000000000000017,47.41,23.31,16.1,39.41,36.36,34.29,108.0,0.194,36.0,33.33,12.0,11.11,0.575,0.075,42.42,20.05,17.9,37.95,33.98,28.12
745656,2024-06-05,2024,647351,L,662253,R,field_out,False,False,170.0,0.259,33.0,19.41,9.0,5.29,0.698,0.127,20.79,9.53,18.61,28.14,28.96,18.13,20.0,0.412,5.0,25.0,2.0,10.0,1.265,0.353,37.04,15.62,26.56,42.19,25.0,31.25,46.0,0.231,12.0,26.09,6.0,13.04,0.733,0.154,26.32,11.3,19.21,30.51,31.31,27.27,104.0,0.242,31.0,29.81,10.0,9.62,0.671,0.099,36.45,17.25,16.55,33.8,30.63,24.03
745656,2024-06-05,2024,609280,R,662253,R,single,False,False,32.0,0.323,3.0,9.38,0.0,0.0,0.796,0.16099999999999998,3.45,1.68,20.17,21.85,33.33,9.38,52.0,0.229,6.0,11.54,4.0,7.69,0.705,0.1879999999999999,14.58,7.49,13.9,21.39,30.93,12.77,55.0,0.151,24.0,43.64,2.0,3.64,0.352,0.019000000000000017,47.41,23.31,16.1,39.41,36.36,34.29,108.0,0.194,36.0,33.33,12.0,11.11,0.575,0.075,42.42,20.05,17.9,37.95,33.98,28.12
745656,2024-06-05,2024,668709,L,642048,L,walk,False,True,51.0,0.213,12.0,23.53,3.0,5.88,0.792,0.31900000000000006,30.77,14.43,16.49,30.93,26.88,22.64,72.0,0.154,19.0,26.39,7.0,9.72,0.482,0.092,27.07,12.54,16.03,28.57,22.56,21.84,27.0,0.182,8.0,29.63,4.0,14.81,0.56,0.04500000000000001,27.66,11.93,17.43,29.36,26.79,23.53,69.0,0.21,16.0,23.19,4.0,5.8,0.516,0.048,28.1,13.77,21.05,34.82,33.02,23.19
745656,2024-06-05,2024,667670,R,642048,L,field_out,False,False,53.0,0.22,17.0,32.08,3.0,5.66,0.784,0.30000000000000004,31.07,17.02,14.89,31.91,38.46,29.82,175.0,0.279,57.0,32.57,16.0,9.14,0.873,0.24,38.91,17.09,17.51,34.6,24.59,28.22,37.0,0.235,7.0,18.92,3.0,8.11,0.679,0.14700000000000002,29.85,14.39,12.95,27.34,38.82,19.44,139.0,0.248,27.0,19.42,19.0,13.67,0.72,0.088,30.42,13.42,15.81,29.23,33.43,18.75
746222,2024-06-05,2024,650333,L,663776,L,field_out,False,False,114.0,0.276,12.0,10.53,5.0,4.39,0.638,0.02899999999999997,13.16,6.01,19.47,25.48,31.73,12.0,138.0,0.326,17.0,12.32,4.0,2.9,0.76,0.0909999999999999,12.5,6.61,16.32,22.93,33.48,12.88,47.0,0.211,16.0,34.04,5.0,10.64,0.6639999999999999,0.10500000000000001,28.57,11.88,20.79,32.67,28.28,23.88,114.0,0.228,20.0,17.54,8.0,7.02,0.589,0.0689999999999999,26.17,12.61,14.41,27.03,35.18,16.39
746222,2024-06-05,2024,665487,R,663776,L,strikeout,True,False,87.0,0.221,21.0,24.14,17.0,19.54,0.685,0.07299999999999998,25.68,10.61,15.08,25.7,20.62,17.95,146.0,0.305,27.0,18.49,16.0,10.96,0.915,0.226,26.9,13.07,10.55,23.62,26.91,14.44,246.0,0.267,55.0,22.36,23.0,9.35,0.7310000000000001,0.131,27.93,12.92,16.96,29.88,27.29,18.77,539.0,0.262,108.0,20.04,66.0,12.24,0.746,0.129,28.03,12.89,16.14,29.04,27.7,16.95
746222,2024-06-05,2024,592518,R,663776,L,single,False,False,70.0,0.21,16.0,22.86,8.0,11.43,0.687,0.17700000000000002,28.93,13.46,13.85,27.31,24.63,20.27,150.0,0.308,26.0,17.33,14.0,9.33,0.887,0.203,21.32,9.67,16.52,26.19,28.38,16.56,246.0,0.267,55.0,22.36,23.0,9.35,0.7310000000000001,0.131,27.93,12.92,16.96,29.88,27.29,18.77,539.0,0.262,108.0,20.04,66.0,12.24,0.746,0.129,28.03,12.89,16.14,29.04,27.7,16.95
746222,2024-06-05,2024,595777,R,663776,L,field_out,False,False,79.0,0.333,7.0,8.86,9.0,11.39,0.9319999999999999,0.189,16.3,7.21,16.39,23.61,23.81,6.67,147.0,0.275,22.0,14.97,13.0,8.84,0.774,0.1519999999999999,15.44,6.84,17.44,24.27,22.81,13.33,246.0,0.267,55.0,22.36,23.0,9.35,0.7310000000000001,0.131,27.93,12.92,16.96,29.88,27.29,18.77,539.0,0.262,108.0,20.04,66.0,12.24,0.746,0.129,28.03,12.89,16.14,29.04,27.7,16.95
746222,2024-06-05,2024,694384,L,800049,R,field_out,False,False,171.0,0.212,30.0,17.54,11.0,6.43,0.571,0.08299999999999999,15.19,6.51,22.24,28.74,25.77,14.36,104.0,0.291,15.0,14.42,14.0,13.46,0.7569999999999999,0.0579999999999999,18.78,8.02,17.92,25.94,20.47,11.45,12.0,0.25,0.0,0.0,4.0,33.33,0.75,0.0,15.79,6.67,13.33,20.0,28.57,0.0,,,,,,,,,,,,,,
746222,2024-06-05,2024,650859,L,800049,R,walk,False,True,136.0,0.285,19.0,13.97,9.0,6.62,0.745,0.122,18.75,10.04,12.13,22.18,33.07,13.67,322.0,0.24,60.0,18.63,31.0,9.63,0.7270000000000001,0.166,24.18,11.79,13.87,25.66,28.19,14.39,12.0,0.25,0.0,0.0,4.0,33.33,0.75,0.0,15.79,6.67,13.33,20.0,28.57,0.0,,,,,,,,,,,,,,
746222,2024-06-05,2024,621493,R,800049,R,grounded_into_double_play,False,False,204.0,0.233,46.0,22.55,20.0,9.8,0.749,0.211,22.51,9.88,18.49,28.37,18.6,20.45,295.0,0.233,61.0,20.68,27.0,9.15,0.702,0.148,23.43,10.4,15.98,26.37,23.09,17.78,9.0,0.0,2.0,22.22,0.0,0.0,0.0,0.0,28.57,12.12,21.21,33.33,40.0,25.0,,,,,,,,,,,,,,
746222,2024-06-05,2024,456781,R,663776,L,strikeout,True,False,40.0,0.361,5.0,12.5,4.0,10.0,0.925,0.139,20.78,8.84,20.99,29.83,25.27,8.47,153.0,0.286,32.0,20.92,11.0,7.19,0.746,0.114,24.12,11.77,18.21,29.98,32.04,14.35,246.0,0.267,55.0,22.36,23.0,9.35,0.7310000000000001,0.131,27.93,12.92,16.96,29.88,27.29,18.77,539.0,0.262,108.0,20.04,66.0,12.24,0.746,0.129,28.03,12.89,16.14,29.04,27.7,16.95
746222,2024-06-05,2024,630105,L,663776,L,strikeout,True,False,77.0,0.183,15.0,19.48,5.0,6.49,0.459,0.04200000000000001,16.67,7.91,15.19,23.1,21.09,15.15,156.0,0.229,38.0,24.36,10.0,6.41,0.665,0.1349999999999999,18.48,9.0,20.1,29.1,30.82,17.84,47.0,0.211,16.0,34.04,5.0,10.64,0.6639999999999999,0.10500000000000001,28.57,11.88,20.79,32.67,28.28,23.88,114.0,0.228,20.0,17.54,8.0,7.02,0.589,0.0689999999999999,26.17,12.61,14.41,27.03,35.18,16.39
746222,2024-06-05,2024,673490,R,663776,L,strikeout,True,False,71.0,0.21,10.0,14.08,8.0,11.27,0.7030000000000001,0.19300000000000003,15.13,6.25,21.53,27.78,17.46,12.05,191.0,0.302,30.0,15.71,20.0,10.47,0.897,0.219,15.84,6.63,22.21,28.83,23.47,11.49,246.0,0.267,55.0,22.36,23.0,9.35,0.7310000000000001,0.131,27.93,12.92,16.96,29.88,27.29,18.77,539.0,0.262,108.0,20.04,66.0,12.24,0.746,0.129,28.03,12.89,16.14,29.04,27.7,16.95
746222,2024-06-05,2024,641432,L,800049,R,walk,False,True,91.0,0.295,12.0,13.19,2.0,2.2,0.751,0.14800000000000002,14.63,7.32,16.16,23.48,26.88,15.0,139.0,0.256,15.0,10.79,13.0,9.35,0.756,0.176,14.22,5.56,19.54,25.1,21.32,10.83,12.0,0.25,0.0,0.0,4.0,33.33,0.75,0.0,15.79,6.67,13.33,20.0,28.57,0.0,,,,,,,,,,,,,,
746222,2024-06-05,2024,681351,R,800049,R,force_out,False,False,151.0,0.261,36.0,23.84,10.0,6.62,0.74,0.15899999999999997,32.29,16.15,16.15,32.29,35.18,18.23,154.0,0.22,38.0,24.68,9.0,5.84,0.757,0.262,32.06,17.0,13.8,30.81,36.07,19.69,9.0,0.0,2.0,22.22,0.0,0.0,0.0,0.0,28.57,12.12,21.21,33.33,40.0,25.0,,,,,,,,,,,,,,
746222,2024-06-05,2024,666176,R,800049,R,strikeout,True,False,133.0,0.168,45.0,33.83,8.0,6.02,0.554,0.151,31.09,15.04,15.04,30.07,29.93,22.84,43.0,0.205,18.0,41.86,4.0,9.3,0.7150000000000001,0.231,40.66,20.67,14.53,35.2,30.34,25.35,9.0,0.0,2.0,22.22,0.0,0.0,0.0,0.0,28.57,12.12,21.21,33.33,40.0,25.0,,,,,,,,,,,,,,
746222,2024-06-05,2024,666160,L,800049,R,field_out,False,False,136.0,0.169,36.0,26.47,6.0,4.41,0.45199999999999996,0.07699999999999999,28.3,16.39,11.36,27.75,37.64,20.57,259.0,0.293,93.0,35.91,7.0,2.7,0.8620000000000001,0.249,38.62,24.01,9.43,33.44,46.84,30.07,12.0,0.25,0.0,0.0,4.0,33.33,0.75,0.0,15.79,6.67,13.33,20.0,28.57,0.0,,,,,,,,,,,,,,
746222,2024-06-05,2024,701538,L,663776,L,field_out,False,False,56.0,0.208,7.0,12.5,2.0,3.57,0.44,0.0,20.39,10.88,15.03,25.91,30.68,14.0,,,,,,,,,,,,,,,47.0,0.211,16.0,34.04,5.0,10.64,0.6639999999999999,0.10500000000000001,28.57,11.88,20.79,32.67,28.28,23.88,114.0,0.228,20.0,17.54,8.0,7.02,0.589,0.0689999999999999,26.17,12.61,14.41,27.03,35.18,16.39
746222,2024-06-05,2024,669134,R,663776,L,field_out,False,False,47.0,0.068,5.0,10.64,3.0,6.38,0.28700000000000003,0.091,15.48,7.78,14.37,22.16,30.59,12.5,47.0,0.405,7.0,14.89,3.0,6.38,1.114,0.262,21.88,11.54,12.09,23.63,36.79,11.67,246.0,0.267,55.0,22.36,23.0,9.35,0.7310000000000001,0.131,27.93,12.92,16.96,29.88,27.29,18.77,539.0,0.262,108.0,20.04,66.0,12.24,0.746,0.129,28.03,12.89,16.14,29.04,27.7,16.95
746222,2024-06-05,2024,650333,L,663776,L,hit_by_pitch,False,False,114.0,0.276,12.0,10.53,5.0,4.39,0.638,0.02899999999999997,13.16,6.01,19.47,25.48,31.73,12.0,138.0,0.326,17.0,12.32,4.0,2.9,0.76,0.0909999999999999,12.5,6.61,16.32,22.93,33.48,12.88,47.0,0.211,16.0,34.04,5.0,10.64,0.6639999999999999,0.10500000000000001,28.57,11.88,20.79,32.67,28.28,23.88,114.0,0.228,20.0,17.54,8.0,7.02,0.589,0.0689999999999999,26.17,12.61,14.41,27.03,35.18,16.39
746222,2024-06-05,2024,665487,R,663776,L,single,False,False,87.0,0.221,21.0,24.14,17.0,19.54,0.685,0.07299999999999998,25.68,10.61,15.08,25.7,20.62,17.95,146.0,0.305,27.0,18.49,16.0,10.96,0.915,0.226,26.9,13.07,10.55,23.62,26.91,14.44,246.0,0.267,55.0,22.36,23.0,9.35,0.7310000000000001,0.131,27.93,12.92,16.96,29.88,27.29,18.77,539.0,0.262,108.0,20.04,66.0,12.24,0.746,0.129,28.03,12.89,16.14,29.04,27.7,16.95
746222,2024-06-05,2024,592518,R,663776,L,single,False,False,70.0,0.21,16.0,22.86,8.0,11.43,0.687,0.17700000000000002,28.93,13.46,13.85,27.31,24.63,20.27,150.0,0.308,26.0,17.33,14.0,9.33,0.887,0.203,21.32,9.67,16.52,26.19,28.38,16.56,246.0,0.267,55.0,22.36,23.0,9.35,0.7310000000000001,0.131,27.93,12.92,16.96,29.88,27.29,18.77,539.0,0.262,108.0,20.04,66.0,12.24,0.746,0.129,28.03,12.89,16.14,29.04,27.7,16.95
746222,2024-06-05,2024,595777,R,663776,L,field_out,False,False,79.0,0.333,7.0,8.86,9.0,11.39,0.9319999999999999,0.189,16.3,7.21,16.39,23.61,23.81,6.67,147.0,0.275,22.0,14.97,13.0,8.84,0.774,0.1519999999999999,15.44,6.84,17.44,24.27,22.81,13.33,246.0,0.267,55.0,22.36,23.0,9.35,0.7310000000000001,0.131,27.93,12.92,16.96,29.88,27.29,18.77,539.0,0.262,108.0,20.04,66.0,12.24,0.746,0.129,28.03,12.89,16.14,29.04,27.7,16.95
746222,2024-06-05,2024,687263,R,800049,R,field_out,False,False,179.0,0.205,44.0,24.58,12.0,6.7,0.618,0.15,28.78,14.8,14.95,29.75,34.0,21.89,262.0,0.222,62.0,23.66,18.0,6.87,0.6599999999999999,0.1349999999999999,28.77,13.7,16.19,29.89,23.52,18.84,9.0,0.0,2.0,22.22,0.0,0.0,0.0,0.0,28.57,12.12,21.21,33.33,40.0,25.0,,,,,,,,,,,,,,
746222,2024-06-05,2024,641645,L,800049,R,walk,False,True,62.0,0.255,12.0,19.35,6.0,9.68,0.6679999999999999,0.08999999999999997,23.01,10.66,17.21,27.87,26.89,17.14,96.0,0.218,19.0,19.79,8.0,8.33,0.591,0.092,15.23,6.02,21.47,27.49,22.05,19.79,12.0,0.25,0.0,0.0,4.0,33.33,0.75,0.0,15.79,6.67,13.33,20.0,28.57,0.0,,,,,,,,,,,,,,
746222,2024-06-05,2024,694384,L,800049,R,field_out,False,False,171.0,0.212,30.0,17.54,11.0,6.43,0.571,0.08299999999999999,15.19,6.51,22.24,28.74,25.77,14.36,104.0,0.291,15.0,14.42,14.0,13.46,0.7569999999999999,0.0579999999999999,18.78,8.02,17.92,25.94,20.47,11.45,12.0,0.25,0.0,0.0,4.0,33.33,0.75,0.0,15.79,6.67,13.33,20.0,28.57,0.0,,,,,,,,,,,,,,
746222,2024-06-05,2024,650859,L,800049,R,single,False,False,136.0,0.285,19.0,13.97,9.0,6.62,0.745,0.122,18.75,10.04,12.13,22.18,33.07,13.67,322.0,0.24,60.0,18.63,31.0,9.63,0.7270000000000001,0.166,24.18,11.79,13.87,25.66,28.19,14.39,12.0,0.25,0.0,0.0,4.0,33.33,0.75,0.0,15.79,6.67,13.33,20.0,28.57,0.0,,,,,,,,,,,,,,
746222,2024-06-05,2024,621493,R,800049,R,field_out,False,False,204.0,0.233,46.0,22.55,20.0,9.8,0.749,0.211,22.51,9.88,18.49,28.37,18.6,20.45,295.0,0.233,61.0,20.68,27.0,9.15,0.702,0.148,23.43,10.4,15.98,26.37,23.09,17.78,9.0,0.0,2.0,22.22,0.0,0.0,0.0,0.0,28.57,12.12,21.21,33.33,40.0,25.0,,,,,,,,,,,,,,
746222,2024-06-05,2024,456781,R,663776,L,field_out,False,False,40.0,0.361,5.0,12.5,4.0,10.0,0.925,0.139,20.78,8.84,20.99,29.83,25.27,8.47,153.0,0.286,32.0,20.92,11.0,7.19,0.746,0.114,24.12,11.77,18.21,29.98,32.04,14.35,246.0,0.267,55.0,22.36,23.0,9.35,0.7310000000000001,0.131,27.93,12.92,16.96,29.88,27.29,18.77,539.0,0.262,108.0,20.04,66.0,12.24,0.746,0.129,28.03,12.89,16.14,29.04,27.7,16.95
746222,2024-06-05,2024,630105,L,663776,L,strikeout,True,False,77.0,0.183,15.0,19.48,5.0,6.49,0.459,0.04200000000000001,16.67,7.91,15.19,23.1,21.09,15.15,156.0,0.229,38.0,24.36,10.0,6.41,0.665,0.1349999999999999,18.48,9.0,20.1,29.1,30.82,17.84,47.0,0.211,16.0,34.04,5.0,10.64,0.6639999999999999,0.10500000000000001,28.57,11.88,20.79,32.67,28.28,23.88,114.0,0.228,20.0,17.54,8.0,7.02,0.589,0.0689999999999999,26.17,12.61,14.41,27.03,35.18,16.39
746222,2024-06-05,2024,673490,R,663776,L,field_out,False,False,71.0,0.21,10.0,14.08,8.0,11.27,0.7030000000000001,0.19300000000000003,15.13,6.25,21.53,27.78,17.46,12.05,191.0,0.302,30.0,15.71,20.0,10.47,0.897,0.219,15.84,6.63,22.21,28.83,23.47,11.49,246.0,0.267,55.0,22.36,23.0,9.35,0.7310000000000001,0.131,27.93,12.92,16.96,29.88,27.29,18.77,539.0,0.262,108.0,20.04,66.0,12.24,0.746,0.129,28.03,12.89,16.14,29.04,27.7,16.95
746222,2024-06-05,2024,641432,L,800049,R,single,False,False,91.0,0.295,12.0,13.19,2.0,2.2,0.751,0.14800000000000002,14.63,7.32,16.16,23.48,26.88,15.0,139.0,0.256,15.0,10.79,13.0,9.35,0.756,0.176,14.22,5.56,19.54,25.1,21.32,10.83,12.0,0.25,0.0,0.0,4.0,33.33,0.75,0.0,15.79,6.67,13.33,20.0,28.57,0.0,,,,,,,,,,,,,,
746222,2024-06-05,2024,681351,R,800049,R,grounded_into_double_play,False,False,151.0,0.261,36.0,23.84,10.0,6.62,0.74,0.15899999999999997,32.29,16.15,16.15,32.29,35.18,18.23,154.0,0.22,38.0,24.68,9.0,5.84,0.757,0.262,32.06,17.0,13.8,30.81,36.07,19.69,9.0,0.0,2.0,22.22,0.0,0.0,0.0,0.0,28.57,12.12,21.21,33.33,40.0,25.0,,,,,,,,,,,,,,
746222,2024-06-05,2024,666176,R,800049,R,field_out,False,False,133.0,0.168,45.0,33.83,8.0,6.02,0.554,0.151,31.09,15.04,15.04,30.07,29.93,22.84,43.0,0.205,18.0,41.86,4.0,9.3,0.7150000000000001,0.231,40.66,20.67,14.53,35.2,30.34,25.35,9.0,0.0,2.0,22.22,0.0,0.0,0.0,0.0,28.57,12.12,21.21,33.33,40.0,25.0,,,,,,,,,,,,,,
746222,2024-06-05,2024,701538,L,663776,L,field_out,False,False,56.0,0.208,7.0,12.5,2.0,3.57,0.44,0.0,20.39,10.88,15.03,25.91,30.68,14.0,,,,,,,,,,,,,,,47.0,0.211,16.0,34.04,5.0,10.64,0.6639999999999999,0.10500000000000001,28.57,11.88,20.79,32.67,28.28,23.88,114.0,0.228,20.0,17.54,8.0,7.02,0.589,0.0689999999999999,26.17,12.61,14.41,27.03,35.18,16.39
746222,2024-06-05,2024,669134,R,663776,L,field_out,False,False,47.0,0.068,5.0,10.64,3.0,6.38,0.28700000000000003,0.091,15.48,7.78,14.37,22.16,30.59,12.5,47.0,0.405,7.0,14.89,3.0,6.38,1.114,0.262,21.88,11.54,12.09,23.63,36.79,11.67,246.0,0.267,55.0,22.36,23.0,9.35,0.7310000000000001,0.131,27.93,12.92,16.96,29.88,27.29,18.77,539.0,0.262,108.0,20.04,66.0,12.24,0.746,0.129,28.03,12.89,16.14,29.04,27.7,16.95
746222,2024-06-05,2024,650333,L,663776,L,strikeout,True,False,114.0,0.276,12.0,10.53,5.0,4.39,0.638,0.02899999999999997,13.16,6.01,19.47,25.48,31.73,12.0,138.0,0.326,17.0,12.32,4.0,2.9,0.76,0.0909999999999999,12.5,6.61,16.32,22.93,33.48,12.88,47.0,0.211,16.0,34.04,5.0,10.64,0.6639999999999999,0.10500000000000001,28.57,11.88,20.79,32.67,28.28,23.88,114.0,0.228,20.0,17.54,8.0,7.02,0.589,0.0689999999999999,26.17,12.61,14.41,27.03,35.18,16.39
746222,2024-06-05,2024,666160,L,800049,R,field_out,False,False,136.0,0.169,36.0,26.47,6.0,4.41,0.45199999999999996,0.07699999999999999,28.3,16.39,11.36,27.75,37.64,20.57,259.0,0.293,93.0,35.91,7.0,2.7,0.8620000000000001,0.249,38.62,24.01,9.43,33.44,46.84,30.07,12.0,0.25,0.0,0.0,4.0,33.33,0.75,0.0,15.79,6.67,13.33,20.0,28.57,0.0,,,,,,,,,,,,,,
746222,2024-06-05,2024,687263,R,800049,R,strikeout,True,False,179.0,0.205,44.0,24.58,12.0,6.7,0.618,0.15,28.78,14.8,14.95,29.75,34.0,21.89,262.0,0.222,62.0,23.66,18.0,6.87,0.6599999999999999,0.1349999999999999,28.77,13.7,16.19,29.89,23.52,18.84,9.0,0.0,2.0,22.22,0.0,0.0,0.0,0.0,28.57,12.12,21.21,33.33,40.0,25.0,,,,,,,,,,,,,,
746222,2024-06-05,2024,641645,L,800049,R,field_out,False,False,62.0,0.255,12.0,19.35,6.0,9.68,0.6679999999999999,0.08999999999999997,23.01,10.66,17.21,27.87,26.89,17.14,96.0,0.218,19.0,19.79,8.0,8.33,0.591,0.092,15.23,6.02,21.47,27.49,22.05,19.79,12.0,0.25,0.0,0.0,4.0,33.33,0.75,0.0,15.79,6.67,13.33,20.0,28.57,0.0,,,,,,,,,,,,,,
746222,2024-06-05,2024,665487,R,663776,L,strikeout,True,False,87.0,0.221,21.0,24.14,17.0,19.54,0.685,0.07299999999999998,25.68,10.61,15.08,25.7,20.62,17.95,146.0,0.305,27.0,18.49,16.0,10.96,0.915,0.226,26.9,13.07,10.55,23.62,26.91,14.44,246.0,0.267,55.0,22.36,23.0,9.35,0.7310000000000001,0.131,27.93,12.92,16.96,29.88,27.29,18.77,539.0,0.262,108.0,20.04,66.0,12.24,0.746,0.129,28.03,12.89,16.14,29.04,27.7,16.95
746222,2024-06-05,2024,592518,R,663776,L,field_out,False,False,70.0,0.21,16.0,22.86,8.0,11.43,0.687,0.17700000000000002,28.93,13.46,13.85,27.31,24.63,20.27,150.0,0.308,26.0,17.33,14.0,9.33,0.887,0.203,21.32,9.67,16.52,26.19,28.38,16.56,246.0,0.267,55.0,22.36,23.0,9.35,0.7310000000000001,0.131,27.93,12.92,16.96,29.88,27.29,18.77,539.0,0.262,108.0,20.04,66.0,12.24,0.746,0.129,28.03,12.89,16.14,29.04,27.7,16.95
746222,2024-06-05,2024,595777,R,663776,L,single,False,False,79.0,0.333,7.0,8.86,9.0,11.39,0.9319999999999999,0.189,16.3,7.21,16.39,23.61,23.81,6.67,147.0,0.275,22.0,14.97,13.0,8.84,0.774,0.1519999999999999,15.44,6.84,17.44,24.27,22.81,13.33,246.0,0.267,55.0,22.36,23.0,9.35,0.7310000000000001,0.131,27.93,12.92,16.96,29.88,27.29,18.77,539.0,0.262,108.0,20.04,66.0,12.24,0.746,0.129,28.03,12.89,16.14,29.04,27.7,16.95
746222,2024-06-05,2024,456781,R,663776,L,walk,False,True,40.0,0.361,5.0,12.5,4.0,10.0,0.925,0.139,20.78,8.84,20.99,29.83,25.27,8.47,153.0,0.286,32.0,20.92,11.0,7.19,0.746,0.114,24.12,11.77,18.21,29.98,32.04,14.35,246.0,0.267,55.0,22.36,23.0,9.35,0.7310000000000001,0.131,27.93,12.92,16.96,29.88,27.29,18.77,539.0,0.262,108.0,20.04,66.0,12.24,0.746,0.129,28.03,12.89,16.14,29.04,27.7,16.95
746222,2024-06-05,2024,630105,L,663776,L,field_out,False,False,77.0,0.183,15.0,19.48,5.0,6.49,0.459,0.04200000000000001,16.67,7.91,15.19,23.1,21.09,15.15,156.0,0.229,38.0,24.36,10.0,6.41,0.665,0.1349999999999999,18.48,9.0,20.1,29.1,30.82,17.84,47.0,0.211,16.0,34.04,5.0,10.64,0.6639999999999999,0.10500000000000001,28.57,11.88,20.79,32.67,28.28,23.88,114.0,0.228,20.0,17.54,8.0,7.02,0.589,0.0689999999999999,26.17,12.61,14.41,27.03,35.18,16.39
746222,2024-06-05,2024,694384,L,800049,R,walk,False,True,171.0,0.212,30.0,17.54,11.0,6.43,0.571,0.08299999999999999,15.19,6.51,22.24,28.74,25.77,14.36,104.0,0.291,15.0,14.42,14.0,13.46,0.7569999999999999,0.0579999999999999,18.78,8.02,17.92,25.94,20.47,11.45,12.0,0.25,0.0,0.0,4.0,33.33,0.75,0.0,15.79,6.67,13.33,20.0,28.57,0.0,,,,,,,,,,,,,,
746222,2024-06-05,2024,650859,L,800049,R,grounded_into_double_play,False,False,136.0,0.285,19.0,13.97,9.0,6.62,0.745,0.122,18.75,10.04,12.13,22.18,33.07,13.67,322.0,0.24,60.0,18.63,31.0,9.63,0.7270000000000001,0.166,24.18,11.79,13.87,25.66,28.19,14.39,12.0,0.25,0.0,0.0,4.0,33.33,0.75,0.0,15.79,6.67,13.33,20.0,28.57,0.0,,,,,,,,,,,,,,
746222,2024-06-05,2024,621493,R,800049,R,field_out,False,False,204.0,0.233,46.0,22.55,20.0,9.8,0.749,0.211,22.51,9.88,18.49,28.37,18.6,20.45,295.0,0.233,61.0,20.68,27.0,9.15,0.702,0.148,23.43,10.4,15.98,26.37,23.09,17.78,9.0,0.0,2.0,22.22,0.0,0.0,0.0,0.0,28.57,12.12,21.21,33.33,40.0,25.0,,,,,,,,,,,,,,
746222,2024-06-05,2024,673490,R,519043,L,walk,False,True,71.0,0.21,10.0,14.08,8.0,11.27,0.7030000000000001,0.19300000000000003,15.13,6.25,21.53,27.78,17.46,12.05,191.0,0.302,30.0,15.71,20.0,10.47,0.897,0.219,15.84,6.63,22.21,28.83,23.47,11.49,57.0,0.24,14.0,24.56,6.0,10.53,0.773,0.2,27.83,13.79,16.81,30.6,30.58,20.0,156.0,0.218,48.0,30.77,10.0,6.41,0.622,0.1269999999999999,30.67,16.47,13.84,30.31,36.77,25.67
746222,2024-06-05,2024,701538,L,519043,L,field_out,False,False,56.0,0.208,7.0,12.5,2.0,3.57,0.44,0.0,20.39,10.88,15.03,25.91,30.68,14.0,,,,,,,,,,,,,,,43.0,0.216,9.0,20.93,6.0,13.95,0.7310000000000001,0.18900000000000003,25.93,11.48,16.39,27.87,26.8,16.36,62.0,0.268,12.0,19.35,5.0,8.06,0.875,0.268,21.49,10.36,14.74,25.1,31.3,15.38
746222,2024-06-05,2024,669134,R,519043,L,field_out,False,False,47.0,0.068,5.0,10.64,3.0,6.38,0.28700000000000003,0.091,15.48,7.78,14.37,22.16,30.59,12.5,47.0,0.405,7.0,14.89,3.0,6.38,1.114,0.262,21.88,11.54,12.09,23.63,36.79,11.67,57.0,0.24,14.0,24.56,6.0,10.53,0.773,0.2,27.83,13.79,16.81,30.6,30.58,20.0,156.0,0.218,48.0,30.77,10.0,6.41,0.622,0.1269999999999999,30.67,16.47,13.84,30.31,36.77,25.67
746222,2024-06-05,2024,650333,L,519043,L,field_out,False,False,114.0,0.276,12.0,10.53,5.0,4.39,0.638,0.02899999999999997,13.16,6.01,19.47,25.48,31.73,12.0,138.0,0.326,17.0,12.32,4.0,2.9,0.76,0.0909999999999999,12.5,6.61,16.32,22.93,33.48,12.88,43.0,0.216,9.0,20.93,6.0,13.95,0.7310000000000001,0.18900000000000003,25.93,11.48,16.39,27.87,26.8,16.36,62.0,0.268,12.0,19.35,5.0,8.06,0.875,0.268,21.49,10.36,14.74,25.1,31.3,15.38
746222,2024-06-05,2024,641432,L,673513,L,walk,False,True,20.0,0.278,1.0,5.0,2.0,10.0,0.628,0.0,15.62,7.58,13.64,21.21,31.25,7.69,10.0,0.0,5.0,50.0,1.0,10.0,0.1,0.0,31.58,13.33,13.33,26.67,32.14,29.41,35.0,0.25,8.0,22.86,4.0,11.43,0.69,0.10699999999999998,39.39,18.31,14.79,33.1,31.58,20.51,,,,,,,,,,,,,,
746222,2024-06-05,2024,681351,R,673513,L,single,False,False,47.0,0.205,13.0,27.66,3.0,6.38,0.619,0.159,26.32,12.76,15.31,28.06,28.0,19.4,46.0,0.293,10.0,21.74,5.0,10.87,0.931,0.268,32.47,14.79,15.38,30.18,27.27,22.73,66.0,0.173,11.0,16.67,12.0,18.18,0.606,0.11499999999999999,24.58,11.03,11.41,22.43,24.31,15.28,,,,,,,,,,,,,,
746222,2024-06-05,2024,666176,R,673513,L,walk,False,True,43.0,0.3,9.0,20.93,3.0,6.98,1.1989999999999998,0.55,34.69,18.48,8.7,27.17,30.69,15.52,19.0,0.211,7.0,36.84,0.0,0.0,0.6849999999999999,0.263,34.09,18.29,13.41,31.71,34.21,21.88,66.0,0.173,11.0,16.67,12.0,18.18,0.606,0.11499999999999999,24.58,11.03,11.41,22.43,24.31,15.28,,,,,,,,,,,,,,
746222,2024-06-05,2024,666160,L,660853,R,force_out,False,False,136.0,0.169,36.0,26.47,6.0,4.41,0.45199999999999996,0.07699999999999999,28.3,16.39,11.36,27.75,37.64,20.57,259.0,0.293,93.0,35.91,7.0,2.7,0.8620000000000001,0.249,38.62,24.01,9.43,33.44,46.84,30.07,32.0,0.25,6.0,18.75,4.0,12.5,1.0230000000000001,0.42900000000000005,27.42,12.23,15.83,28.06,25.0,15.38,119.0,0.272,18.0,15.13,15.0,12.61,0.778,0.1449999999999999,17.99,8.48,14.0,22.49,22.82,10.53
746222,2024-06-05,2024,687263,R,660853,R,double,False,False,179.0,0.205,44.0,24.58,12.0,6.7,0.618,0.15,28.78,14.8,14.95,29.75,34.0,21.89,262.0,0.222,62.0,23.66,18.0,6.87,0.6599999999999999,0.1349999999999999,28.77,13.7,16.19,29.89,23.52,18.84,66.0,0.242,22.0,33.33,3.0,4.55,0.723,0.193,35.14,19.92,15.33,35.25,30.84,22.45,143.0,0.171,44.0,30.77,10.0,6.99,0.516,0.093,35.46,18.12,15.04,33.15,32.74,25.88
746222,2024-06-05,2024,641645,L,660853,R,field_out,False,False,62.0,0.255,12.0,19.35,6.0,9.68,0.6679999999999999,0.08999999999999997,23.01,10.66,17.21,27.87,26.89,17.14,96.0,0.218,19.0,19.79,8.0,8.33,0.591,0.092,15.23,6.02,21.47,27.49,22.05,19.79,32.0,0.25,6.0,18.75,4.0,12.5,1.0230000000000001,0.42900000000000005,27.42,12.23,15.83,28.06,25.0,15.38,119.0,0.272,18.0,15.13,15.0,12.61,0.778,0.1449999999999999,17.99,8.48,14.0,22.49,22.82,10.53
746222,2024-06-05,2024,694384,L,660853,R,field_out,False,False,171.0,0.212,30.0,17.54,11.0,6.43,0.571,0.08299999999999999,15.19,6.51,22.24,28.74,25.77,14.36,104.0,0.291,15.0,14.42,14.0,13.46,0.7569999999999999,0.0579999999999999,18.78,8.02,17.92,25.94,20.47,11.45,32.0,0.25,6.0,18.75,4.0,12.5,1.0230000000000001,0.42900000000000005,27.42,12.23,15.83,28.06,25.0,15.38,119.0,0.272,18.0,15.13,15.0,12.61,0.778,0.1449999999999999,17.99,8.48,14.0,22.49,22.82,10.53
746222,2024-06-05,2024,665487,R,472610,R,single,False,False,183.0,0.277,37.0,20.22,8.0,4.37,0.802,0.21399999999999997,26.79,14.61,12.01,26.62,32.24,24.67,489.0,0.244,114.0,23.31,37.0,7.57,0.728,0.181,31.62,17.66,8.94,26.61,34.25,23.98,63.0,0.22,14.0,22.22,3.0,4.76,0.575,0.08499999999999999,26.98,14.11,14.94,29.05,39.69,17.95,159.0,0.214,31.0,19.5,12.0,7.55,0.69,0.172,23.78,11.22,14.36,25.58,27.18,17.22
746222,2024-06-05,2024,592518,R,472610,R,single,False,False,169.0,0.272,36.0,21.3,10.0,5.92,0.6819999999999999,0.09499999999999997,25.39,12.66,14.37,27.03,28.01,20.45,452.0,0.241,83.0,18.36,36.0,7.96,0.747,0.205,24.68,12.42,14.05,26.47,29.58,16.9,63.0,0.22,14.0,22.22,3.0,4.76,0.575,0.08499999999999999,26.98,14.11,14.94,29.05,39.69,17.95,159.0,0.214,31.0,19.5,12.0,7.55,0.69,0.172,23.78,11.22,14.36,25.58,27.18,17.22
746222,2024-06-05,2024,595777,L,472610,R,strikeout,True,False,170.0,0.331,27.0,15.88,22.0,12.94,0.915,0.15499999999999997,18.1,8.28,14.24,22.53,23.43,12.68,375.0,0.229,68.0,18.13,37.0,9.87,0.6559999999999999,0.1159999999999999,21.66,10.43,14.17,24.61,26.12,14.59,49.0,0.262,13.0,26.53,4.0,8.16,0.752,0.14300000000000002,26.58,10.82,23.71,34.54,23.71,25.0,108.0,0.309,22.0,20.37,12.0,11.11,0.734,0.0419999999999999,27.84,13.24,12.01,25.25,30.67,20.18
746222,2024-06-05,2024,456781,R,472610,R,strikeout,True,False,21.0,0.333,4.0,19.05,1.0,4.76,0.8180000000000001,0.055999999999999994,8.82,3.49,24.42,27.91,18.42,13.79,297.0,0.28,68.0,22.9,29.0,9.76,0.766,0.1059999999999999,26.06,12.14,17.61,29.74,28.81,17.48,63.0,0.22,14.0,22.22,3.0,4.76,0.575,0.08499999999999999,26.98,14.11,14.94,29.05,39.69,17.95,159.0,0.214,31.0,19.5,12.0,7.55,0.69,0.172,23.78,11.22,14.36,25.58,27.18,17.22
746222,2024-06-05,2024,630105,L,472610,R,single,False,False,175.0,0.279,28.0,16.0,15.0,8.57,0.864,0.24,17.59,8.12,16.95,25.07,23.46,13.15,367.0,0.23,59.0,16.08,36.0,9.81,0.7,0.154,14.92,6.99,16.69,23.68,24.61,14.08,49.0,0.262,13.0,26.53,4.0,8.16,0.752,0.14300000000000002,26.58,10.82,23.71,34.54,23.71,25.0,108.0,0.309,22.0,20.37,12.0,11.11,0.734,0.0419999999999999,27.84,13.24,12.01,25.25,30.67,20.18
746222,2024-06-05,2024,673490,R,519326,R,field_out,False,False,170.0,0.241,32.0,18.82,24.0,14.12,0.753,0.15900000000000003,18.15,6.47,24.38,30.85,17.94,13.56,435.0,0.241,94.0,21.61,55.0,12.64,0.681,0.1,18.8,7.03,23.65,30.68,19.23,15.59,66.0,0.188,16.0,24.24,2.0,3.03,0.509,0.10899999999999999,25.0,12.64,14.94,27.59,28.83,19.51,,,,,,,,,,,,,,
746222,2024-06-05,2024,650859,L,660853,R,single,False,False,136.0,0.285,19.0,13.97,9.0,6.62,0.745,0.122,18.75,10.04,12.13,22.18,33.07,13.67,322.0,0.24,60.0,18.63,31.0,9.63,0.7270000000000001,0.166,24.18,11.79,13.87,25.66,28.19,14.39,32.0,0.25,6.0,18.75,4.0,12.5,1.0230000000000001,0.42900000000000005,27.42,12.23,15.83,28.06,25.0,15.38,119.0,0.272,18.0,15.13,15.0,12.61,0.778,0.1449999999999999,17.99,8.48,14.0,22.49,22.82,10.53
746222,2024-06-05,2024,621493,R,660853,R,grounded_into_double_play,False,False,204.0,0.233,46.0,22.55,20.0,9.8,0.749,0.211,22.51,9.88,18.49,28.37,18.6,20.45,295.0,0.233,61.0,20.68,27.0,9.15,0.702,0.148,23.43,10.4,15.98,26.37,23.09,17.78,66.0,0.242,22.0,33.33,3.0,4.55,0.723,0.193,35.14,19.92,15.33,35.25,30.84,22.45,143.0,0.171,44.0,30.77,10.0,6.99,0.516,0.093,35.46,18.12,15.04,33.15,32.74,25.88
746222,2024-06-05,2024,657061,L,660853,R,field_out,False,False,29.0,0.28,8.0,27.59,3.0,10.34,0.825,0.19999999999999996,20.83,8.93,19.64,28.57,25.45,20.59,4.0,0.0,1.0,25.0,0.0,0.0,0.25,0.0,14.29,5.26,15.79,21.05,9.09,11.11,32.0,0.25,6.0,18.75,4.0,12.5,1.0230000000000001,0.42900000000000005,27.42,12.23,15.83,28.06,25.0,15.38,119.0,0.272,18.0,15.13,15.0,12.61,0.778,0.1449999999999999,17.99,8.48,14.0,22.49,22.82,10.53
746222,2024-06-05,2024,701538,L,608032,R,field_out,False,False,147.0,0.292,23.0,15.65,9.0,6.12,0.73,0.10200000000000004,17.77,9.57,14.07,23.64,36.7,13.61,,,,,,,,,,,,,,,40.0,0.216,10.0,25.0,3.0,7.5,0.626,0.13499999999999998,25.71,10.71,19.64,30.36,19.44,23.26,132.0,0.268,31.0,23.48,19.0,14.39,0.808,0.1609999999999999,25.8,13.01,12.66,25.67,22.18,16.85
746222,2024-06-05,2024,444482,L,608032,R,field_out,False,False,19.0,0.176,7.0,36.84,1.0,5.26,0.398,0.0,38.1,21.62,12.16,33.78,47.5,24.0,387.0,0.253,63.0,16.28,19.0,4.91,0.6739999999999999,0.131,22.16,12.01,13.06,25.07,33.57,15.04,40.0,0.216,10.0,25.0,3.0,7.5,0.626,0.13499999999999998,25.71,10.71,19.64,30.36,19.44,23.26,132.0,0.268,31.0,23.48,19.0,14.39,0.808,0.1609999999999999,25.8,13.01,12.66,25.67,22.18,16.85
746222,2024-06-05,2024,650333,L,608032,R,field_out,False,False,155.0,0.377,4.0,2.58,6.0,3.87,0.876,0.09599999999999997,6.64,3.15,19.09,22.24,33.44,2.99,479.0,0.362,17.0,3.55,31.0,6.47,0.891,0.122,6.51,3.2,16.58,19.78,31.29,4.11,40.0,0.216,10.0,25.0,3.0,7.5,0.626,0.13499999999999998,25.71,10.71,19.64,30.36,19.44,23.26,132.0,0.268,31.0,23.48,19.0,14.39,0.808,0.1609999999999999,25.8,13.01,12.66,25.67,22.18,16.85
746380,2024-06-05,2024,680977,L,681293,R,strikeout,True,False,170.0,0.216,30.0,17.65,16.0,9.41,0.663,0.13499999999999998,17.74,7.07,20.15,27.22,22.01,15.87,309.0,0.294,43.0,13.92,27.0,8.74,0.831,0.166,14.96,6.32,19.2,25.52,22.53,13.27,123.0,0.284,28.0,22.76,17.0,13.82,0.787,0.11800000000000005,25.11,11.18,17.06,28.24,24.21,19.72,,,,,,,,,,,,,,
746380,2024-06-05,2024,676475,L,681293,R,home_run,False,False,133.0,0.307,20.0,15.04,6.0,4.51,0.8340000000000001,0.189,19.26,10.97,12.03,23.0,34.19,15.15,318.0,0.243,39.0,12.26,21.0,6.6,0.698,0.156,17.66,9.16,14.01,23.17,33.05,13.13,123.0,0.284,28.0,22.76,17.0,13.82,0.787,0.11800000000000005,25.11,11.18,17.06,28.24,24.21,19.72,,,,,,,,,,,,,,
746380,2024-06-05,2024,502671,R,681293,R,strikeout,True,False,188.0,0.213,66.0,35.11,17.0,9.04,0.6439999999999999,0.142,30.99,14.69,18.64,33.33,30.31,21.69,518.0,0.259,120.0,23.17,67.0,12.93,0.8049999999999999,0.187,27.85,12.3,17.85,30.16,25.85,17.44,94.0,0.277,27.0,28.72,9.0,9.57,0.8009999999999999,0.16899999999999998,31.25,15.03,16.67,31.69,24.38,23.28,,,,,,,,,,,,,,
746380,2024-06-05,2024,669357,L,681293,R,single,False,False,145.0,0.242,52.0,35.86,16.0,11.03,0.849,0.281,39.52,19.3,14.6,33.89,30.72,26.53,378.0,0.231,124.0,32.8,42.0,11.11,0.7969999999999999,0.2459999999999999,35.96,17.73,12.12,29.85,28.13,25.15,123.0,0.284,28.0,22.76,17.0,13.82,0.787,0.11800000000000005,25.11,11.18,17.06,28.24,24.21,19.72,,,,,,,,,,,,,,
746380,2024-06-05,2024,571448,R,681293,R,field_out,False,False,192.0,0.267,36.0,18.75,15.0,7.81,0.706,0.11099999999999999,21.36,9.49,19.89,29.38,30.25,16.59,468.0,0.28,81.0,17.31,31.0,6.62,0.8089999999999999,0.2009999999999999,20.4,9.71,17.28,26.99,33.33,16.43,94.0,0.277,27.0,28.72,9.0,9.57,0.8009999999999999,0.16899999999999998,31.25,15.03,16.67,31.69,24.38,23.28,,,,,,,,,,,,,,
746380,2024-06-05,2024,514888,R,669467,R,single,False,False,198.0,0.303,37.0,18.69,12.0,6.06,0.818,0.16699999999999998,19.35,9.81,17.13,26.93,37.37,17.7,297.0,0.322,55.0,18.52,32.0,10.77,0.941,0.218,19.43,8.47,19.0,27.48,31.81,17.74,43.0,0.4,4.0,9.3,7.0,16.28,1.141,0.22899999999999998,15.07,6.43,14.62,21.05,24.21,9.09,135.0,0.357,21.0,15.56,18.0,13.33,0.882,0.081,20.85,8.63,16.27,24.9,16.8,16.41
746380,2024-06-05,2024,608324,R,669467,R,hit_by_pitch,False,False,172.0,0.253,31.0,18.02,15.0,8.72,0.768,0.195,14.57,6.46,19.82,26.28,23.37,14.9,508.0,0.282,67.0,13.19,65.0,12.8,0.8500000000000001,0.186,14.53,5.58,19.65,25.23,16.96,12.88,43.0,0.4,4.0,9.3,7.0,16.28,1.141,0.22899999999999998,15.07,6.43,14.62,21.05,24.21,9.09,135.0,0.357,21.0,15.56,18.0,13.33,0.882,0.081,20.85,8.63,16.27,24.9,16.8,16.41
746380,2024-06-05,2024,670541,L,669467,R,field_out,False,False,170.0,0.27,24.0,14.12,19.0,11.18,0.866,0.237,19.23,8.66,16.85,25.51,30.46,13.79,322.0,0.292,55.0,17.08,49.0,15.22,1.044,0.333,21.1,8.88,15.37,24.25,23.99,15.32,47.0,0.209,7.0,14.89,4.0,8.51,0.51,0.02400000000000002,17.5,7.87,18.54,26.4,20.73,14.89,168.0,0.234,22.0,13.1,12.0,7.14,0.694,0.162,16.39,7.94,14.44,22.38,26.07,12.43
746380,2024-06-05,2024,676694,R,669467,R,field_out,False,False,120.0,0.3,27.0,22.5,7.0,5.83,0.8109999999999999,0.16400000000000003,32.83,15.78,16.02,31.8,30.62,22.69,263.0,0.218,69.0,26.24,18.0,6.84,0.6459999999999999,0.146,25.89,12.2,16.27,28.47,24.49,21.12,43.0,0.4,4.0,9.3,7.0,16.28,1.141,0.22899999999999998,15.07,6.43,14.62,21.05,24.21,9.09,135.0,0.357,21.0,15.56,18.0,13.33,0.882,0.081,20.85,8.63,16.27,24.9,16.8,16.41
746380,2024-06-05,2024,665161,R,669467,R,walk,False,True,183.0,0.29,34.0,18.58,8.0,4.37,0.7,0.07700000000000001,25.36,13.22,14.71,27.93,35.44,16.04,461.0,0.239,107.0,23.21,34.0,7.38,0.655,0.1089999999999999,30.36,15.5,13.92,29.42,35.52,20.7,43.0,0.4,4.0,9.3,7.0,16.28,1.141,0.22899999999999998,15.07,6.43,14.62,21.05,24.21,9.09,135.0,0.357,21.0,15.56,18.0,13.33,0.882,0.081,20.85,8.63,16.27,24.9,16.8,16.41
746380,2024-06-05,2024,673237,R,669467,R,field_out,False,False,156.0,0.231,26.0,16.67,5.0,3.21,0.606,0.12299999999999997,22.19,12.66,11.19,23.85,42.35,16.88,274.0,0.307,47.0,17.15,7.0,2.55,0.931,0.292,24.58,14.19,11.31,25.51,43.08,17.42,43.0,0.4,4.0,9.3,7.0,16.28,1.141,0.22899999999999998,15.07,6.43,14.62,21.05,24.21,9.09,135.0,0.357,21.0,15.56,18.0,13.33,0.882,0.081,20.85,8.63,16.27,24.9,16.8,16.41
746380,2024-06-05,2024,572761,L,681293,R,single,False,False,49.0,0.182,14.0,28.57,4.0,8.16,0.523,0.09100000000000003,30.23,13.13,18.18,31.31,22.11,28.0,220.0,0.167,64.0,29.09,38.0,17.27,0.616,0.1319999999999999,29.37,12.01,18.83,30.84,21.25,22.78,123.0,0.284,28.0,22.76,17.0,13.82,0.787,0.11800000000000005,25.11,11.18,17.06,28.24,24.21,19.72,,,,,,,,,,,,,,
746380,2024-06-05,2024,671056,R,681293,R,field_out,False,False,107.0,0.292,26.0,24.3,9.0,8.41,0.751,0.10400000000000004,25.14,10.7,20.0,30.7,29.63,19.7,36.0,0.3,10.0,27.78,4.0,11.11,0.784,0.067,28.57,12.05,14.46,26.51,27.08,17.31,94.0,0.277,27.0,28.72,9.0,9.57,0.8009999999999999,0.16899999999999998,31.25,15.03,16.67,31.69,24.38,23.28,,,,,,,,,,,,,,
746380,2024-06-05,2024,691026,R,681293,R,walk,False,True,128.0,0.333,19.0,14.84,11.0,8.59,0.7949999999999999,0.08099999999999996,16.87,7.81,18.67,26.48,28.29,12.03,100.0,0.161,19.0,19.0,9.0,9.0,0.478,0.0799999999999999,21.56,9.11,22.03,31.14,24.87,14.88,94.0,0.277,27.0,28.72,9.0,9.57,0.8009999999999999,0.16899999999999998,31.25,15.03,16.67,31.69,24.38,23.28,,,,,,,,,,,,,,
746380,2024-06-05,2024,672279,L,681293,R,strikeout,True,False,80.0,0.278,21.0,26.25,5.0,6.25,0.7,0.09699999999999998,29.37,13.91,18.87,32.78,27.86,22.83,3.0,0.0,1.0,33.33,0.0,0.0,0.0,0.0,40.0,14.29,21.43,35.71,0.0,50.0,123.0,0.284,28.0,22.76,17.0,13.82,0.787,0.11800000000000005,25.11,11.18,17.06,28.24,24.21,19.72,,,,,,,,,,,,,,
746380,2024-06-05,2024,680977,L,681293,R,field_out,False,False,170.0,0.216,30.0,17.65,16.0,9.41,0.663,0.13499999999999998,17.74,7.07,20.15,27.22,22.01,15.87,309.0,0.294,43.0,13.92,27.0,8.74,0.831,0.166,14.96,6.32,19.2,25.52,22.53,13.27,123.0,0.284,28.0,22.76,17.0,13.82,0.787,0.11800000000000005,25.11,11.18,17.06,28.24,24.21,19.72,,,,,,,,,,,,,,
746380,2024-06-05,2024,605170,L,669467,R,field_out,False,False,77.0,0.221,11.0,14.29,4.0,5.19,0.7170000000000001,0.22,20.17,9.52,18.25,27.78,25.0,20.37,168.0,0.262,33.0,19.64,15.0,8.93,0.745,0.1539999999999999,19.57,9.05,17.76,26.8,23.55,20.0,47.0,0.209,7.0,14.89,4.0,8.51,0.51,0.02400000000000002,17.5,7.87,18.54,26.4,20.73,14.89,168.0,0.234,22.0,13.1,12.0,7.14,0.694,0.162,16.39,7.94,14.44,22.38,26.07,12.43
746380,2024-06-05,2024,547989,R,669467,R,field_out,False,False,70.0,0.136,20.0,28.57,2.0,2.86,0.353,0.045999999999999985,33.11,17.31,18.02,35.34,36.69,20.41,416.0,0.238,94.0,22.6,27.0,6.49,0.653,0.119,29.38,14.86,16.49,31.35,37.27,18.69,43.0,0.4,4.0,9.3,7.0,16.28,1.141,0.22899999999999998,15.07,6.43,14.62,21.05,24.21,9.09,135.0,0.357,21.0,15.56,18.0,13.33,0.882,0.081,20.85,8.63,16.27,24.9,16.8,16.41
746380,2024-06-05,2024,643289,R,669467,R,single,False,False,101.0,0.274,8.0,7.92,4.0,3.96,0.665,0.08399999999999996,16.58,9.54,12.62,22.15,41.71,8.89,375.0,0.263,58.0,15.47,13.0,3.47,0.6779999999999999,0.124,19.01,10.95,13.18,24.13,40.64,15.68,43.0,0.4,4.0,9.3,7.0,16.28,1.141,0.22899999999999998,15.07,6.43,14.62,21.05,24.21,9.09,135.0,0.357,21.0,15.56,18.0,13.33,0.882,0.081,20.85,8.63,16.27,24.9,16.8,16.41
746380,2024-06-05,2024,514888,R,669467,R,field_out,False,False,198.0,0.303,37.0,18.69,12.0,6.06,0.818,0.16699999999999998,19.35,9.81,17.13,26.93,37.37,17.7,297.0,0.322,55.0,18.52,32.0,10.77,0.941,0.218,19.43,8.47,19.0,27.48,31.81,17.74,43.0,0.4,4.0,9.3,7.0,16.28,1.141,0.22899999999999998,15.07,6.43,14.62,21.05,24.21,9.09,135.0,0.357,21.0,15.56,18.0,13.33,0.882,0.081,20.85,8.63,16.27,24.9,16.8,16.41
746380,2024-06-05,2024,676475,L,681293,R,walk,False,True,133.0,0.307,20.0,15.04,6.0,4.51,0.8340000000000001,0.189,19.26,10.97,12.03,23.0,34.19,15.15,318.0,0.243,39.0,12.26,21.0,6.6,0.698,0.156,17.66,9.16,14.01,23.17,33.05,13.13,123.0,0.284,28.0,22.76,17.0,13.82,0.787,0.11800000000000005,25.11,11.18,17.06,28.24,24.21,19.72,,,,,,,,,,,,,,
746380,2024-06-05,2024,502671,R,681293,R,walk,False,True,188.0,0.213,66.0,35.11,17.0,9.04,0.6439999999999999,0.142,30.99,14.69,18.64,33.33,30.31,21.69,518.0,0.259,120.0,23.17,67.0,12.93,0.8049999999999999,0.187,27.85,12.3,17.85,30.16,25.85,17.44,94.0,0.277,27.0,28.72,9.0,9.57,0.8009999999999999,0.16899999999999998,31.25,15.03,16.67,31.69,24.38,23.28,,,,,,,,,,,,,,
746380,2024-06-05,2024,669357,L,681293,R,field_out,False,False,145.0,0.242,52.0,35.86,16.0,11.03,0.849,0.281,39.52,19.3,14.6,33.89,30.72,26.53,378.0,0.231,124.0,32.8,42.0,11.11,0.7969999999999999,0.2459999999999999,35.96,17.73,12.12,29.85,28.13,25.15,123.0,0.284,28.0,22.76,17.0,13.82,0.787,0.11800000000000005,25.11,11.18,17.06,28.24,24.21,19.72,,,,,,,,,,,,,,
746380,2024-06-05,2024,571448,R,681293,R,field_out,False,False,192.0,0.267,36.0,18.75,15.0,7.81,0.706,0.11099999999999999,21.36,9.49,19.89,29.38,30.25,16.59,468.0,0.28,81.0,17.31,31.0,6.62,0.8089999999999999,0.2009999999999999,20.4,9.71,17.28,26.99,33.33,16.43,94.0,0.277,27.0,28.72,9.0,9.57,0.8009999999999999,0.16899999999999998,31.25,15.03,16.67,31.69,24.38,23.28,,,,,,,,,,,,,,
746380,2024-06-05,2024,572761,L,681293,R,strikeout,True,False,49.0,0.182,14.0,28.57,4.0,8.16,0.523,0.09100000000000003,30.23,13.13,18.18,31.31,22.11,28.0,220.0,0.167,64.0,29.09,38.0,17.27,0.616,0.1319999999999999,29.37,12.01,18.83,30.84,21.25,22.78,123.0,0.284,28.0,22.76,17.0,13.82,0.787,0.11800000000000005,25.11,11.18,17.06,28.24,24.21,19.72,,,,,,,,,,,,,,
746380,2024-06-05,2024,608324,R,669467,R,walk,False,True,172.0,0.253,31.0,18.02,15.0,8.72,0.768,0.195,14.57,6.46,19.82,26.28,23.37,14.9,508.0,0.282,67.0,13.19,65.0,12.8,0.8500000000000001,0.186,14.53,5.58,19.65,25.23,16.96,12.88,43.0,0.4,4.0,9.3,7.0,16.28,1.141,0.22899999999999998,15.07,6.43,14.62,21.05,24.21,9.09,135.0,0.357,21.0,15.56,18.0,13.33,0.882,0.081,20.85,8.63,16.27,24.9,16.8,16.41
746380,2024-06-05,2024,670541,L,669467,R,single,False,False,170.0,0.27,24.0,14.12,19.0,11.18,0.866,0.237,19.23,8.66,16.85,25.51,30.46,13.79,322.0,0.292,55.0,17.08,49.0,15.22,1.044,0.333,21.1,8.88,15.37,24.25,23.99,15.32,47.0,0.209,7.0,14.89,4.0,8.51,0.51,0.02400000000000002,17.5,7.87,18.54,26.4,20.73,14.89,168.0,0.234,22.0,13.1,12.0,7.14,0.694,0.162,16.39,7.94,14.44,22.38,26.07,12.43
746380,2024-06-05,2024,676694,R,669467,R,field_out,False,False,120.0,0.3,27.0,22.5,7.0,5.83,0.8109999999999999,0.16400000000000003,32.83,15.78,16.02,31.8,30.62,22.69,263.0,0.218,69.0,26.24,18.0,6.84,0.6459999999999999,0.146,25.89,12.2,16.27,28.47,24.49,21.12,43.0,0.4,4.0,9.3,7.0,16.28,1.141,0.22899999999999998,15.07,6.43,14.62,21.05,24.21,9.09,135.0,0.357,21.0,15.56,18.0,13.33,0.882,0.081,20.85,8.63,16.27,24.9,16.8,16.41
746380,2024-06-05,2024,665161,R,669467,R,double,False,False,183.0,0.29,34.0,18.58,8.0,4.37,0.7,0.07700000000000001,25.36,13.22,14.71,27.93,35.44,16.04,461.0,0.239,107.0,23.21,34.0,7.38,0.655,0.1089999999999999,30.36,15.5,13.92,29.42,35.52,20.7,43.0,0.4,4.0,9.3,7.0,16.28,1.141,0.22899999999999998,15.07,6.43,14.62,21.05,24.21,9.09,135.0,0.357,21.0,15.56,18.0,13.33,0.882,0.081,20.85,8.63,16.27,24.9,16.8,16.41
746380,2024-06-05,2024,673237,R,669467,R,home_run,False,False,156.0,0.231,26.0,16.67,5.0,3.21,0.606,0.12299999999999997,22.19,12.66,11.19,23.85,42.35,16.88,274.0,0.307,47.0,17.15,7.0,2.55,0.931,0.292,24.58,14.19,11.31,25.51,43.08,17.42,43.0,0.4,4.0,9.3,7.0,16.28,1.141,0.22899999999999998,15.07,6.43,14.62,21.05,24.21,9.09,135.0,0.357,21.0,15.56,18.0,13.33,0.882,0.081,20.85,8.63,16.27,24.9,16.8,16.41
746380,2024-06-05,2024,605170,L,669467,R,walk,False,True,77.0,0.221,11.0,14.29,4.0,5.19,0.7170000000000001,0.22,20.17,9.52,18.25,27.78,25.0,20.37,168.0,0.262,33.0,19.64,15.0,8.93,0.745,0.1539999999999999,19.57,9.05,17.76,26.8,23.55,20.0,47.0,0.209,7.0,14.89,4.0,8.51,0.51,0.02400000000000002,17.5,7.87,18.54,26.4,20.73,14.89,168.0,0.234,22.0,13.1,12.0,7.14,0.694,0.162,16.39,7.94,14.44,22.38,26.07,12.43
746380,2024-06-05,2024,547989,R,669467,R,single,False,False,70.0,0.136,20.0,28.57,2.0,2.86,0.353,0.045999999999999985,33.11,17.31,18.02,35.34,36.69,20.41,416.0,0.238,94.0,22.6,27.0,6.49,0.653,0.119,29.38,14.86,16.49,31.35,37.27,18.69,43.0,0.4,4.0,9.3,7.0,16.28,1.141,0.22899999999999998,15.07,6.43,14.62,21.05,24.21,9.09,135.0,0.357,21.0,15.56,18.0,13.33,0.882,0.081,20.85,8.63,16.27,24.9,16.8,16.41
746380,2024-06-05,2024,643289,R,669467,R,field_out,False,False,101.0,0.274,8.0,7.92,4.0,3.96,0.665,0.08399999999999996,16.58,9.54,12.62,22.15,41.71,8.89,375.0,0.263,58.0,15.47,13.0,3.47,0.6779999999999999,0.124,19.01,10.95,13.18,24.13,40.64,15.68,43.0,0.4,4.0,9.3,7.0,16.28,1.141,0.22899999999999998,15.07,6.43,14.62,21.05,24.21,9.09,135.0,0.357,21.0,15.56,18.0,13.33,0.882,0.081,20.85,8.63,16.27,24.9,16.8,16.41
746380,2024-06-05,2024,514888,R,669467,R,strikeout,True,False,198.0,0.303,37.0,18.69,12.0,6.06,0.818,0.16699999999999998,19.35,9.81,17.13,26.93,37.37,17.7,297.0,0.322,55.0,18.52,32.0,10.77,0.941,0.218,19.43,8.47,19.0,27.48,31.81,17.74,43.0,0.4,4.0,9.3,7.0,16.28,1.141,0.22899999999999998,15.07,6.43,14.62,21.05,24.21,9.09,135.0,0.357,21.0,15.56,18.0,13.33,0.882,0.081,20.85,8.63,16.27,24.9,16.8,16.41
746380,2024-06-05,2024,671056,R,605463,R,double,False,False,107.0,0.292,26.0,24.3,9.0,8.41,0.751,0.10400000000000004,25.14,10.7,20.0,30.7,29.63,19.7,36.0,0.3,10.0,27.78,4.0,11.11,0.784,0.067,28.57,12.05,14.46,26.51,27.08,17.31,62.0,0.204,17.0,27.42,7.0,11.29,0.5840000000000001,0.07400000000000004,28.95,12.22,18.89,31.11,24.65,18.89,61.0,0.37,12.0,19.67,4.0,6.56,1.074,0.278,22.52,10.82,16.02,26.84,31.45,17.91
746380,2024-06-05,2024,691026,R,605463,R,single,False,False,128.0,0.333,19.0,14.84,11.0,8.59,0.7949999999999999,0.08099999999999996,16.87,7.81,18.67,26.48,28.29,12.03,100.0,0.161,19.0,19.0,9.0,9.0,0.478,0.0799999999999999,21.56,9.11,22.03,31.14,24.87,14.88,62.0,0.204,17.0,27.42,7.0,11.29,0.5840000000000001,0.07400000000000004,28.95,12.22,18.89,31.11,24.65,18.89,61.0,0.37,12.0,19.67,4.0,6.56,1.074,0.278,22.52,10.82,16.02,26.84,31.45,17.91
746380,2024-06-05,2024,672279,L,605463,R,field_out,False,False,80.0,0.278,21.0,26.25,5.0,6.25,0.7,0.09699999999999998,29.37,13.91,18.87,32.78,27.86,22.83,3.0,0.0,1.0,33.33,0.0,0.0,0.0,0.0,40.0,14.29,21.43,35.71,0.0,50.0,64.0,0.151,13.0,20.31,8.0,12.5,0.42100000000000004,0.0,28.32,12.4,17.44,29.84,27.46,19.12,27.0,0.15,5.0,18.52,6.0,22.22,0.72,0.1999999999999999,30.23,11.3,12.17,23.48,18.33,15.62
746380,2024-06-05,2024,680977,L,605463,R,field_out,False,False,170.0,0.216,30.0,17.65,16.0,9.41,0.663,0.13499999999999998,17.74,7.07,20.15,27.22,22.01,15.87,309.0,0.294,43.0,13.92,27.0,8.74,0.831,0.166,14.96,6.32,19.2,25.52,22.53,13.27,64.0,0.151,13.0,20.31,8.0,12.5,0.42100000000000004,0.0,28.32,12.4,17.44,29.84,27.46,19.12,27.0,0.15,5.0,18.52,6.0,22.22,0.72,0.1999999999999999,30.23,11.3,12.17,23.48,18.33,15.62
746380,2024-06-05,2024,676475,L,605463,R,field_out,False,False,133.0,0.307,20.0,15.04,6.0,4.51,0.8340000000000001,0.189,19.26,10.97,12.03,23.0,34.19,15.15,318.0,0.243,39.0,12.26,21.0,6.6,0.698,0.156,17.66,9.16,14.01,23.17,33.05,13.13,64.0,0.151,13.0,20.31,8.0,12.5,0.42100000000000004,0.0,28.32,12.4,17.44,29.84,27.46,19.12,27.0,0.15,5.0,18.52,6.0,22.22,0.72,0.1999999999999999,30.23,11.3,12.17,23.48,18.33,15.62
746380,2024-06-05,2024,608324,R,681517,R,single,False,False,172.0,0.253,31.0,18.02,15.0,8.72,0.768,0.195,14.57,6.46,19.82,26.28,23.37,14.9,508.0,0.282,67.0,13.19,65.0,12.8,0.8500000000000001,0.186,14.53,5.58,19.65,25.23,16.96,12.88,43.0,0.2,5.0,11.63,2.0,4.65,0.483,0.04999999999999999,21.95,11.69,9.74,21.43,30.14,12.82,13.0,0.375,2.0,15.38,4.0,30.77,1.615,0.625,35.29,12.0,18.0,30.0,7.41,25.0
746380,2024-06-05,2024,670541,L,681517,R,single,False,False,170.0,0.27,24.0,14.12,19.0,11.18,0.866,0.237,19.23,8.66,16.85,25.51,30.46,13.79,322.0,0.292,55.0,17.08,49.0,15.22,1.044,0.333,21.1,8.88,15.37,24.25,23.99,15.32,29.0,0.269,6.0,20.69,3.0,10.34,0.691,0.07699999999999996,23.64,10.66,18.03,28.69,26.56,16.22,2.0,1.0,0.0,0.0,1.0,50.0,3.0,1.0,0.0,0.0,12.5,12.5,0.0,
746380,2024-06-05,2024,676694,R,681517,R,strikeout,True,False,120.0,0.3,27.0,22.5,7.0,5.83,0.8109999999999999,0.16400000000000003,32.83,15.78,16.02,31.8,30.62,22.69,263.0,0.218,69.0,26.24,18.0,6.84,0.6459999999999999,0.146,25.89,12.2,16.27,28.47,24.49,21.12,43.0,0.2,5.0,11.63,2.0,4.65,0.483,0.04999999999999999,21.95,11.69,9.74,21.43,30.14,12.82,13.0,0.375,2.0,15.38,4.0,30.77,1.615,0.625,35.29,12.0,18.0,30.0,7.41,25.0
746380,2024-06-05,2024,665161,R,681517,R,sac_fly,False,False,183.0,0.29,34.0,18.58,8.0,4.37,0.7,0.07700000000000001,25.36,13.22,14.71,27.93,35.44,16.04,461.0,0.239,107.0,23.21,34.0,7.38,0.655,0.1089999999999999,30.36,15.5,13.92,29.42,35.52,20.7,43.0,0.2,5.0,11.63,2.0,4.65,0.483,0.04999999999999999,21.95,11.69,9.74,21.43,30.14,12.82,13.0,0.375,2.0,15.38,4.0,30.77,1.615,0.625,35.29,12.0,18.0,30.0,7.41,25.0
746380,2024-06-05,2024,673237,R,681517,R,field_out,False,False,156.0,0.231,26.0,16.67,5.0,3.21,0.606,0.12299999999999997,22.19,12.66,11.19,23.85,42.35,16.88,274.0,0.307,47.0,17.15,7.0,2.55,0.931,0.292,24.58,14.19,11.31,25.51,43.08,17.42,43.0,0.2,5.0,11.63,2.0,4.65,0.483,0.04999999999999999,21.95,11.69,9.74,21.43,30.14,12.82,13.0,0.375,2.0,15.38,4.0,30.77,1.615,0.625,35.29,12.0,18.0,30.0,7.41,25.0
746380,2024-06-05,2024,502671,R,605463,R,single,False,False,188.0,0.213,66.0,35.11,17.0,9.04,0.6439999999999999,0.142,30.99,14.69,18.64,33.33,30.31,21.69,518.0,0.259,120.0,23.17,67.0,12.93,0.8049999999999999,0.187,27.85,12.3,17.85,30.16,25.85,17.44,62.0,0.204,17.0,27.42,7.0,11.29,0.5840000000000001,0.07400000000000004,28.95,12.22,18.89,31.11,24.65,18.89,61.0,0.37,12.0,19.67,4.0,6.56,1.074,0.278,22.52,10.82,16.02,26.84,31.45,17.91
746380,2024-06-05,2024,669357,L,605463,R,field_out,False,False,145.0,0.242,52.0,35.86,16.0,11.03,0.849,0.281,39.52,19.3,14.6,33.89,30.72,26.53,378.0,0.231,124.0,32.8,42.0,11.11,0.7969999999999999,0.2459999999999999,35.96,17.73,12.12,29.85,28.13,25.15,64.0,0.151,13.0,20.31,8.0,12.5,0.42100000000000004,0.0,28.32,12.4,17.44,29.84,27.46,19.12,27.0,0.15,5.0,18.52,6.0,22.22,0.72,0.1999999999999999,30.23,11.3,12.17,23.48,18.33,15.62
746380,2024-06-05,2024,571448,R,605463,R,field_out,False,False,192.0,0.267,36.0,18.75,15.0,7.81,0.706,0.11099999999999999,21.36,9.49,19.89,29.38,30.25,16.59,468.0,0.28,81.0,17.31,31.0,6.62,0.8089999999999999,0.2009999999999999,20.4,9.71,17.28,26.99,33.33,16.43,62.0,0.204,17.0,27.42,7.0,11.29,0.5840000000000001,0.07400000000000004,28.95,12.22,18.89,31.11,24.65,18.89,61.0,0.37,12.0,19.67,4.0,6.56,1.074,0.278,22.52,10.82,16.02,26.84,31.45,17.91
746380,2024-06-05,2024,572761,L,605463,R,field_out,False,False,49.0,0.182,14.0,28.57,4.0,8.16,0.523,0.09100000000000003,30.23,13.13,18.18,31.31,22.11,28.0,220.0,0.167,64.0,29.09,38.0,17.27,0.616,0.1319999999999999,29.37,12.01,18.83,30.84,21.25,22.78,64.0,0.151,13.0,20.31,8.0,12.5,0.42100000000000004,0.0,28.32,12.4,17.44,29.84,27.46,19.12,27.0,0.15,5.0,18.52,6.0,22.22,0.72,0.1999999999999999,30.23,11.3,12.17,23.48,18.33,15.62
746380,2024-06-05,2024,605170,L,681517,R,field_out,False,False,77.0,0.221,11.0,14.29,4.0,5.19,0.7170000000000001,0.22,20.17,9.52,18.25,27.78,25.0,20.37,168.0,0.262,33.0,19.64,15.0,8.93,0.745,0.1539999999999999,19.57,9.05,17.76,26.8,23.55,20.0,29.0,0.269,6.0,20.69,3.0,10.34,0.691,0.07699999999999996,23.64,10.66,18.03,28.69,26.56,16.22,2.0,1.0,0.0,0.0,1.0,50.0,3.0,1.0,0.0,0.0,12.5,12.5,0.0,
746380,2024-06-05,2024,547989,R,681517,R,field_out,False,False,70.0,0.136,20.0,28.57,2.0,2.86,0.353,0.045999999999999985,33.11,17.31,18.02,35.34,36.69,20.41,416.0,0.238,94.0,22.6,27.0,6.49,0.653,0.119,29.38,14.86,16.49,31.35,37.27,18.69,43.0,0.2,5.0,11.63,2.0,4.65,0.483,0.04999999999999999,21.95,11.69,9.74,21.43,30.14,12.82,13.0,0.375,2.0,15.38,4.0,30.77,1.615,0.625,35.29,12.0,18.0,30.0,7.41,25.0
746380,2024-06-05,2024,643289,R,681517,R,field_out,False,False,101.0,0.274,8.0,7.92,4.0,3.96,0.665,0.08399999999999996,16.58,9.54,12.62,22.15,41.71,8.89,375.0,0.263,58.0,15.47,13.0,3.47,0.6779999999999999,0.124,19.01,10.95,13.18,24.13,40.64,15.68,43.0,0.2,5.0,11.63,2.0,4.65,0.483,0.04999999999999999,21.95,11.69,9.74,21.43,30.14,12.82,13.0,0.375,2.0,15.38,4.0,30.77,1.615,0.625,35.29,12.0,18.0,30.0,7.41,25.0
746380,2024-06-05,2024,671056,R,656786,L,walk,False,True,48.0,0.238,8.0,16.67,4.0,8.33,0.645,0.09500000000000003,27.59,12.7,16.4,29.1,16.85,14.29,8.0,0.286,1.0,12.5,1.0,12.5,0.661,0.0,6.67,2.94,11.76,14.71,16.67,20.0,27.0,0.174,2.0,7.41,4.0,14.81,0.731,0.261,18.37,7.76,16.38,24.14,20.34,5.56,41.0,0.378,8.0,19.51,3.0,7.32,1.223,0.406,20.83,9.93,14.57,24.5,35.8,16.0
746380,2024-06-05,2024,691026,R,656786,L,home_run,False,False,69.0,0.266,14.0,20.29,5.0,7.25,0.819,0.23399999999999999,15.22,7.27,17.99,25.26,32.59,17.5,37.0,0.2,7.0,18.92,1.0,2.7,0.445,0.0289999999999999,21.54,10.0,20.0,30.0,25.4,18.92,27.0,0.174,2.0,7.41,4.0,14.81,0.731,0.261,18.37,7.76,16.38,24.14,20.34,5.56,41.0,0.378,8.0,19.51,3.0,7.32,1.223,0.406,20.83,9.93,14.57,24.5,35.8,16.0
746380,2024-06-05,2024,666185,R,656786,L,field_out,False,False,32.0,0.179,6.0,18.75,4.0,12.5,0.46,0.0,30.0,15.38,12.82,28.21,32.76,22.22,86.0,0.268,12.0,13.95,12.0,13.95,0.77,0.126,22.46,10.88,12.44,23.32,23.98,9.3,27.0,0.174,2.0,7.41,4.0,14.81,0.731,0.261,18.37,7.76,16.38,24.14,20.34,5.56,41.0,0.378,8.0,19.51,3.0,7.32,1.223,0.406,20.83,9.93,14.57,24.5,35.8,16.0
746380,2024-06-05,2024,680977,L,656786,L,field_out,False,False,72.0,0.281,5.0,6.94,3.0,4.17,0.7390000000000001,0.125,12.04,4.94,20.91,25.86,18.97,7.94,63.0,0.236,10.0,15.87,6.0,9.52,0.569,0.0,14.29,6.33,19.83,26.16,24.58,15.87,23.0,0.35,1.0,4.35,1.0,4.35,0.741,0.0,13.51,6.41,19.23,25.64,22.58,5.0,28.0,0.208,7.0,25.0,1.0,3.57,0.696,0.167,25.0,12.5,20.19,32.69,29.55,21.21
746380,2024-06-05,2024,676475,L,656786,L,single,False,False,50.0,0.191,5.0,10.0,2.0,4.0,0.543,0.128,20.39,11.73,10.06,21.79,34.12,10.42,29.0,0.259,6.0,20.69,2.0,6.9,0.606,0.0369999999999999,18.18,9.62,19.23,28.85,41.82,19.35,23.0,0.35,1.0,4.35,1.0,4.35,0.741,0.0,13.51,6.41,19.23,25.64,22.58,5.0,28.0,0.208,7.0,25.0,1.0,3.57,0.696,0.167,25.0,12.5,20.19,32.69,29.55,21.21
746380,2024-06-05,2024,502671,R,661527,R,field_out,False,False,188.0,0.213,66.0,35.11,17.0,9.04,0.6439999999999999,0.142,30.99,14.69,18.64,33.33,30.31,21.69,518.0,0.259,120.0,23.17,67.0,12.93,0.8049999999999999,0.187,27.85,12.3,17.85,30.16,25.85,17.44,72.0,0.169,13.0,18.06,5.0,6.94,0.558,0.13899999999999998,26.52,12.73,17.82,30.55,30.94,14.94,113.0,0.221,34.0,30.09,3.0,2.65,0.687,0.183,25.62,12.06,18.56,30.63,28.44,23.61
746380,2024-06-05,2024,514888,R,681517,R,strikeout,True,False,198.0,0.303,37.0,18.69,12.0,6.06,0.818,0.16699999999999998,19.35,9.81,17.13,26.93,37.37,17.7,297.0,0.322,55.0,18.52,32.0,10.77,0.941,0.218,19.43,8.47,19.0,27.48,31.81,17.74,43.0,0.2,5.0,11.63,2.0,4.65,0.483,0.04999999999999999,21.95,11.69,9.74,21.43,30.14,12.82,13.0,0.375,2.0,15.38,4.0,30.77,1.615,0.625,35.29,12.0,18.0,30.0,7.41,25.0
746380,2024-06-05,2024,608324,R,681517,R,field_out,False,False,172.0,0.253,31.0,18.02,15.0,8.72,0.768,0.195,14.57,6.46,19.82,26.28,23.37,14.9,508.0,0.282,67.0,13.19,65.0,12.8,0.8500000000000001,0.186,14.53,5.58,19.65,25.23,16.96,12.88,43.0,0.2,5.0,11.63,2.0,4.65,0.483,0.04999999999999999,21.95,11.69,9.74,21.43,30.14,12.82,13.0,0.375,2.0,15.38,4.0,30.77,1.615,0.625,35.29,12.0,18.0,30.0,7.41,25.0
746380,2024-06-05,2024,670541,L,669461,L,field_out,False,False,95.0,0.322,20.0,21.05,6.0,6.32,0.839,0.14899999999999997,22.49,11.21,14.45,25.66,36.61,24.1,174.0,0.295,37.0,21.26,20.0,11.49,0.892,0.212,24.91,11.27,17.53,28.79,30.5,20.79,42.0,0.125,11.0,26.19,2.0,4.76,0.317,0.024999999999999994,33.33,15.57,17.96,33.53,23.68,20.75,55.0,0.163,9.0,16.36,1.0,1.82,0.522,0.1229999999999999,16.67,7.21,16.83,24.04,19.19,15.25
746380,2024-06-05,2024,669357,L,661527,R,home_run,False,False,145.0,0.242,52.0,35.86,16.0,11.03,0.849,0.281,39.52,19.3,14.6,33.89,30.72,26.53,378.0,0.231,124.0,32.8,42.0,11.11,0.7969999999999999,0.2459999999999999,35.96,17.73,12.12,29.85,28.13,25.15,57.0,0.22,3.0,5.26,7.0,12.28,0.716,0.18000000000000002,20.22,8.26,14.68,22.94,16.67,6.52,82.0,0.333,11.0,13.41,16.0,19.51,0.948,0.1519999999999999,25.17,10.82,14.04,24.85,24.73,10.58
746380,2024-06-05,2024,571448,R,661527,R,field_out,False,False,192.0,0.267,36.0,18.75,15.0,7.81,0.706,0.11099999999999999,21.36,9.49,19.89,29.38,30.25,16.59,468.0,0.28,81.0,17.31,31.0,6.62,0.8089999999999999,0.2009999999999999,20.4,9.71,17.28,26.99,33.33,16.43,72.0,0.169,13.0,18.06,5.0,6.94,0.558,0.13899999999999998,26.52,12.73,17.82,30.55,30.94,14.94,113.0,0.221,34.0,30.09,3.0,2.65,0.687,0.183,25.62,12.06,18.56,30.63,28.44,23.61
746380,2024-06-05,2024,572761,L,661527,R,field_out,False,False,49.0,0.182,14.0,28.57,4.0,8.16,0.523,0.09100000000000003,30.23,13.13,18.18,31.31,22.11,28.0,220.0,0.167,64.0,29.09,38.0,17.27,0.616,0.1319999999999999,29.37,12.01,18.83,30.84,21.25,22.78,57.0,0.22,3.0,5.26,7.0,12.28,0.716,0.18000000000000002,20.22,8.26,14.68,22.94,16.67,6.52,82.0,0.333,11.0,13.41,16.0,19.51,0.948,0.1519999999999999,25.17,10.82,14.04,24.85,24.73,10.58
746380,2024-06-05,2024,671056,R,661527,R,double,False,False,107.0,0.292,26.0,24.3,9.0,8.41,0.751,0.10400000000000004,25.14,10.7,20.0,30.7,29.63,19.7,36.0,0.3,10.0,27.78,4.0,11.11,0.784,0.067,28.57,12.05,14.46,26.51,27.08,17.31,72.0,0.169,13.0,18.06,5.0,6.94,0.558,0.13899999999999998,26.52,12.73,17.82,30.55,30.94,14.94,113.0,0.221,34.0,30.09,3.0,2.65,0.687,0.183,25.62,12.06,18.56,30.63,28.44,23.61
746380,2024-06-05,2024,691026,R,650556,R,single,False,False,128.0,0.333,19.0,14.84,11.0,8.59,0.7949999999999999,0.08099999999999996,16.87,7.81,18.67,26.48,28.29,12.03,100.0,0.161,19.0,19.0,9.0,9.0,0.478,0.0799999999999999,21.56,9.11,22.03,31.14,24.87,14.88,62.0,0.143,27.0,43.55,5.0,8.06,0.494,0.12500000000000003,38.98,17.97,17.58,35.55,30.77,36.0,143.0,0.171,50.0,34.97,11.0,7.69,0.51,0.1,41.52,19.59,17.04,36.63,32.11,25.64
746380,2024-06-05,2024,666185,L,650556,R,walk,False,True,21.0,0.056,7.0,33.33,2.0,9.52,0.246,0.0,39.53,18.68,14.29,32.97,25.0,23.33,170.0,0.196,37.0,21.76,14.0,8.24,0.592,0.1079999999999999,22.71,10.14,18.91,29.05,25.44,21.14,76.0,0.311,21.0,27.63,12.0,15.79,0.9390000000000001,0.181,30.0,12.79,17.05,29.84,21.95,25.3,145.0,0.185,50.0,34.48,20.0,13.79,0.611,0.118,37.97,16.01,17.43,33.44,22.96,29.94
746380,2024-06-05,2024,680977,L,650556,R,strikeout,True,False,170.0,0.216,30.0,17.65,16.0,9.41,0.663,0.13499999999999998,17.74,7.07,20.15,27.22,22.01,15.87,309.0,0.294,43.0,13.92,27.0,8.74,0.831,0.166,14.96,6.32,19.2,25.52,22.53,13.27,76.0,0.311,21.0,27.63,12.0,15.79,0.9390000000000001,0.181,30.0,12.79,17.05,29.84,21.95,25.3,145.0,0.185,50.0,34.48,20.0,13.79,0.611,0.118,37.97,16.01,17.43,33.44,22.96,29.94
746380,2024-06-05,2024,676694,R,681676,R,field_error,False,False,120.0,0.3,27.0,22.5,7.0,5.83,0.8109999999999999,0.16400000000000003,32.83,15.78,16.02,31.8,30.62,22.69,263.0,0.218,69.0,26.24,18.0,6.84,0.6459999999999999,0.146,25.89,12.2,16.27,28.47,24.49,21.12,62.0,0.259,18.0,29.03,4.0,6.45,0.599,0.033999999999999975,36.29,17.65,14.9,32.55,30.08,22.5,,,,,,,,,,,,,,
746380,2024-06-05,2024,665161,R,681676,R,single,False,False,183.0,0.29,34.0,18.58,8.0,4.37,0.7,0.07700000000000001,25.36,13.22,14.71,27.93,35.44,16.04,461.0,0.239,107.0,23.21,34.0,7.38,0.655,0.1089999999999999,30.36,15.5,13.92,29.42,35.52,20.7,62.0,0.259,18.0,29.03,4.0,6.45,0.599,0.033999999999999975,36.29,17.65,14.9,32.55,30.08,22.5,,,,,,,,,,,,,,
746380,2024-06-05,2024,673237,R,681676,R,field_out,False,False,156.0,0.231,26.0,16.67,5.0,3.21,0.606,0.12299999999999997,22.19,12.66,11.19,23.85,42.35,16.88,274.0,0.307,47.0,17.15,7.0,2.55,0.931,0.292,24.58,14.19,11.31,25.51,43.08,17.42,62.0,0.259,18.0,29.03,4.0,6.45,0.599,0.033999999999999975,36.29,17.65,14.9,32.55,30.08,22.5,,,,,,,,,,,,,,
746380,2024-06-05,2024,605170,L,681676,R,sac_fly,False,False,77.0,0.221,11.0,14.29,4.0,5.19,0.7170000000000001,0.22,20.17,9.52,18.25,27.78,25.0,20.37,168.0,0.262,33.0,19.64,15.0,8.93,0.745,0.1539999999999999,19.57,9.05,17.76,26.8,23.55,20.0,43.0,0.229,10.0,23.26,4.0,9.3,0.79,0.228,27.71,12.57,15.3,27.87,24.18,18.87,,,,,,,,,,,,,,
746380,2024-06-05,2024,547989,R,681676,R,field_out,False,False,70.0,0.136,20.0,28.57,2.0,2.86,0.353,0.045999999999999985,33.11,17.31,18.02,35.34,36.69,20.41,416.0,0.238,94.0,22.6,27.0,6.49,0.653,0.119,29.38,14.86,16.49,31.35,37.27,18.69,62.0,0.259,18.0,29.03,4.0,6.45,0.599,0.033999999999999975,36.29,17.65,14.9,32.55,30.08,22.5,,,,,,,,,,,,,,
746380,2024-06-05,2024,676475,L,650556,R,field_out,False,False,133.0,0.307,20.0,15.04,6.0,4.51,0.8340000000000001,0.189,19.26,10.97,12.03,23.0,34.19,15.15,318.0,0.243,39.0,12.26,21.0,6.6,0.698,0.156,17.66,9.16,14.01,23.17,33.05,13.13,76.0,0.311,21.0,27.63,12.0,15.79,0.9390000000000001,0.181,30.0,12.79,17.05,29.84,21.95,25.3,145.0,0.185,50.0,34.48,20.0,13.79,0.611,0.118,37.97,16.01,17.43,33.44,22.96,29.94
746380,2024-06-05,2024,502671,R,650556,R,strikeout,True,False,188.0,0.213,66.0,35.11,17.0,9.04,0.6439999999999999,0.142,30.99,14.69,18.64,33.33,30.31,21.69,518.0,0.259,120.0,23.17,67.0,12.93,0.8049999999999999,0.187,27.85,12.3,17.85,30.16,25.85,17.44,62.0,0.143,27.0,43.55,5.0,8.06,0.494,0.12500000000000003,38.98,17.97,17.58,35.55,30.77,36.0,143.0,0.171,50.0,34.97,11.0,7.69,0.51,0.1,41.52,19.59,17.04,36.63,32.11,25.64
746380,2024-06-05,2024,669357,L,650556,R,field_out,False,False,145.0,0.242,52.0,35.86,16.0,11.03,0.849,0.281,39.52,19.3,14.6,33.89,30.72,26.53,378.0,0.231,124.0,32.8,42.0,11.11,0.7969999999999999,0.2459999999999999,35.96,17.73,12.12,29.85,28.13,25.15,76.0,0.311,21.0,27.63,12.0,15.79,0.9390000000000001,0.181,30.0,12.79,17.05,29.84,21.95,25.3,145.0,0.185,50.0,34.48,20.0,13.79,0.611,0.118,37.97,16.01,17.43,33.44,22.96,29.94
746380,2024-06-05,2024,643289,R,688297,R,strikeout,True,False,101.0,0.274,8.0,7.92,4.0,3.96,0.665,0.08399999999999996,16.58,9.54,12.62,22.15,41.71,8.89,375.0,0.263,58.0,15.47,13.0,3.47,0.6779999999999999,0.124,19.01,10.95,13.18,24.13,40.64,15.68,18.0,0.235,5.0,27.78,1.0,5.56,0.69,0.177,24.14,12.28,24.56,36.84,37.5,25.0,,,,,,,,,,,,,,
746380,2024-06-05,2024,514888,R,688297,R,single,False,False,198.0,0.303,37.0,18.69,12.0,6.06,0.818,0.16699999999999998,19.35,9.81,17.13,26.93,37.37,17.7,297.0,0.322,55.0,18.52,32.0,10.77,0.941,0.218,19.43,8.47,19.0,27.48,31.81,17.74,18.0,0.235,5.0,27.78,1.0,5.56,0.69,0.177,24.14,12.28,24.56,36.84,37.5,25.0,,,,,,,,,,,,,,
746380,2024-06-05,2024,608324,R,688297,R,strikeout,True,False,172.0,0.253,31.0,18.02,15.0,8.72,0.768,0.195,14.57,6.46,19.82,26.28,23.37,14.9,508.0,0.282,67.0,13.19,65.0,12.8,0.8500000000000001,0.186,14.53,5.58,19.65,25.23,16.96,12.88,18.0,0.235,5.0,27.78,1.0,5.56,0.69,0.177,24.14,12.28,24.56,36.84,37.5,25.0,,,,,,,,,,,,,,
746380,2024-06-05,2024,670541,L,688297,R,field_out,False,False,170.0,0.27,24.0,14.12,19.0,11.18,0.866,0.237,19.23,8.66,16.85,25.51,30.46,13.79,322.0,0.292,55.0,17.08,49.0,15.22,1.044,0.333,21.1,8.88,15.37,24.25,23.99,15.32,15.0,0.364,3.0,20.0,3.0,20.0,1.26,0.363,27.91,15.58,7.79,23.38,34.15,8.33,,,,,,,,,,,,,,
746380,2024-06-05,2024,571448,R,519151,R,field_out,False,False,192.0,0.267,36.0,18.75,15.0,7.81,0.706,0.11099999999999999,21.36,9.49,19.89,29.38,30.25,16.59,468.0,0.28,81.0,17.31,31.0,6.62,0.8089999999999999,0.2009999999999999,20.4,9.71,17.28,26.99,33.33,16.43,52.0,0.318,11.0,21.15,5.0,9.62,0.948,0.24999999999999994,28.57,14.43,13.92,28.35,29.35,19.3,130.0,0.222,36.0,27.69,10.0,7.69,0.593,0.094,31.52,16.14,16.14,32.27,33.46,24.32
746380,2024-06-05,2024,572761,L,519151,R,field_out,False,False,49.0,0.182,14.0,28.57,4.0,8.16,0.523,0.09100000000000003,30.23,13.13,18.18,31.31,22.11,28.0,220.0,0.167,64.0,29.09,38.0,17.27,0.616,0.1319999999999999,29.37,12.01,18.83,30.84,21.25,22.78,55.0,0.28,19.0,34.55,3.0,5.45,0.6950000000000001,0.09999999999999998,31.07,14.04,20.18,34.21,32.2,23.75,138.0,0.217,38.0,27.54,6.0,4.35,0.649,0.178,31.54,15.68,16.63,32.31,35.45,25.0
746380,2024-06-05,2024,671056,R,519151,R,strikeout,True,False,107.0,0.292,26.0,24.3,9.0,8.41,0.751,0.10400000000000004,25.14,10.7,20.0,30.7,29.63,19.7,36.0,0.3,10.0,27.78,4.0,11.11,0.784,0.067,28.57,12.05,14.46,26.51,27.08,17.31,52.0,0.318,11.0,21.15,5.0,9.62,0.948,0.24999999999999994,28.57,14.43,13.92,28.35,29.35,19.3,130.0,0.222,36.0,27.69,10.0,7.69,0.593,0.094,31.52,16.14,16.14,32.27,33.46,24.32
746872,2024-06-05,2024,667452,R,684007,L,strikeout,True,False,22.0,0.4,7.0,31.82,2.0,9.09,1.105,0.25,31.82,15.73,17.98,33.71,36.59,21.88,76.0,0.233,19.0,25.0,2.0,2.63,0.62,0.1369999999999999,22.62,11.91,15.05,26.96,35.67,17.27,195.0,0.222,52.0,26.67,10.0,5.13,0.603,0.11900000000000002,32.28,17.97,11.08,29.05,35.15,23.64,,,,,,,,,,,,,,
746872,2024-06-05,2024,683734,R,684007,L,single,False,False,46.0,0.25,7.0,15.22,2.0,4.35,0.647,0.11399999999999999,25.84,12.92,14.61,27.53,33.33,14.89,142.0,0.227,20.0,14.08,7.0,4.93,0.641,0.144,18.15,9.74,13.42,23.16,34.55,11.83,195.0,0.222,52.0,26.67,10.0,5.13,0.603,0.11900000000000002,32.28,17.97,11.08,29.05,35.15,23.64,,,,,,,,,,,,,,
746872,2024-06-05,2024,673357,R,684007,L,strikeout,True,False,8.0,0.375,4.0,50.0,0.0,0.0,0.875,0.125,53.33,30.77,15.38,46.15,36.36,80.0,119.0,0.312,40.0,33.61,5.0,4.2,0.951,0.2749999999999999,35.71,20.75,11.2,31.95,42.19,22.1,195.0,0.222,52.0,26.67,10.0,5.13,0.603,0.11900000000000002,32.28,17.97,11.08,29.05,35.15,23.64,,,,,,,,,,,,,,
746872,2024-06-05,2024,657557,R,684007,L,strikeout,True,False,48.0,0.114,17.0,35.42,2.0,4.17,0.44000000000000006,0.15900000000000003,42.59,24.34,9.52,33.86,29.79,28.81,119.0,0.217,35.0,29.41,9.0,7.56,0.635,0.1319999999999999,33.2,18.24,12.75,30.99,37.18,23.03,195.0,0.222,52.0,26.67,10.0,5.13,0.603,0.11900000000000002,32.28,17.97,11.08,29.05,35.15,23.64,,,,,,,,,,,,,,
746872,2024-06-05,2024,663538,R,623167,R,field_out,False,False,187.0,0.25,17.0,9.09,18.0,9.63,0.6970000000000001,0.10999999999999999,13.36,6.06,21.27,27.33,31.17,9.5,508.0,0.274,63.0,12.4,40.0,7.87,0.72,0.0979999999999999,13.4,6.0,20.67,26.67,29.91,12.21,165.0,0.26,29.0,17.58,17.0,10.3,0.7190000000000001,0.124,21.8,9.77,16.74,26.51,25.78,16.48,256.0,0.345,32.0,12.5,21.0,8.2,1.025,0.28,20.3,10.02,13.61,23.63,27.49,12.06
746872,2024-06-05,2024,673548,R,623167,R,field_out,False,False,110.0,0.268,31.0,28.18,6.0,5.45,0.77,0.175,27.03,11.06,21.24,32.3,24.57,20.95,419.0,0.278,102.0,24.34,41.0,9.79,0.839,0.2129999999999999,24.3,9.93,20.44,30.37,19.3,20.2,165.0,0.26,29.0,17.58,17.0,10.3,0.7190000000000001,0.124,21.8,9.77,16.74,26.51,25.78,16.48,256.0,0.345,32.0,12.5,21.0,8.2,1.025,0.28,20.3,10.02,13.61,23.63,27.49,12.06
746872,2024-06-05,2024,641355,L,623167,R,strikeout,True,False,145.0,0.224,26.0,17.93,17.0,11.72,0.78,0.232,26.14,12.9,12.71,25.61,30.12,18.84,373.0,0.291,58.0,15.55,27.0,7.24,0.829,0.198,20.08,10.01,15.91,25.92,29.71,13.74,86.0,0.238,17.0,19.77,5.0,5.81,0.782,0.262,21.3,10.84,13.55,24.4,30.36,16.16,210.0,0.282,42.0,20.0,17.0,8.1,0.7949999999999999,0.165,24.87,11.52,15.86,27.39,27.68,20.49
746872,2024-06-05,2024,657757,L,684007,L,field_out,False,False,33.0,0.143,10.0,30.3,2.0,6.06,0.569,0.214,25.86,11.03,20.59,31.62,21.88,23.26,20.0,0.053,8.0,40.0,0.0,0.0,0.103,0.0,42.11,18.6,20.93,39.53,40.0,26.67,56.0,0.25,13.0,23.21,0.0,0.0,0.554,0.05399999999999999,22.12,12.95,13.47,26.42,39.08,20.97,,,,,,,,,,,,,,
746872,2024-06-05,2024,686676,R,684007,L,strikeout,True,False,38.0,0.243,11.0,28.95,1.0,2.63,0.533,0.027000000000000024,31.58,18.9,13.39,32.28,37.25,29.73,23.0,0.0,8.0,34.78,1.0,4.35,0.043,0.0,28.12,15.79,7.89,23.68,26.67,17.02,195.0,0.222,52.0,26.67,10.0,5.13,0.603,0.11900000000000002,32.28,17.97,11.08,29.05,35.15,23.64,,,,,,,,,,,,,,
746872,2024-06-05,2024,664901,R,684007,L,field_out,False,False,27.0,0.32,5.0,18.52,2.0,7.41,1.05,0.36000000000000004,20.0,9.52,15.24,24.76,22.22,20.0,41.0,0.225,10.0,24.39,1.0,2.44,0.544,0.0749999999999999,22.67,10.62,20.0,30.63,24.29,21.74,195.0,0.222,52.0,26.67,10.0,5.13,0.603,0.11900000000000002,32.28,17.97,11.08,29.05,35.15,23.64,,,,,,,,,,,,,,
746872,2024-06-05,2024,666624,R,623167,R,strikeout,True,False,189.0,0.198,43.0,22.75,22.0,11.64,0.6619999999999999,0.16599999999999998,30.7,14.23,13.55,27.78,25.82,20.38,329.0,0.247,105.0,31.91,27.0,8.21,0.798,0.239,38.21,19.07,13.74,32.81,29.43,27.56,165.0,0.26,29.0,17.58,17.0,10.3,0.7190000000000001,0.124,21.8,9.77,16.74,26.51,25.78,16.48,256.0,0.345,32.0,12.5,21.0,8.2,1.025,0.28,20.3,10.02,13.61,23.63,27.49,12.06
746872,2024-06-05,2024,664023,L,623167,R,strikeout,True,False,185.0,0.226,53.0,28.65,25.0,13.51,0.742,0.17400000000000002,28.18,12.94,15.3,28.23,22.42,19.0,502.0,0.258,109.0,21.71,80.0,15.94,0.831,0.192,25.86,11.22,15.24,26.46,20.31,17.34,86.0,0.238,17.0,19.77,5.0,5.81,0.782,0.262,21.3,10.84,13.55,24.4,30.36,16.16,210.0,0.282,42.0,20.0,17.0,8.1,0.7949999999999999,0.165,24.87,11.52,15.86,27.39,27.68,20.49
746872,2024-06-05,2024,683737,L,623167,R,field_out,False,False,175.0,0.238,61.0,34.86,23.0,13.14,0.799,0.21800000000000003,33.92,15.21,14.95,30.16,25.68,24.5,66.0,0.158,21.0,31.82,8.0,12.12,0.556,0.1399999999999999,29.79,14.48,13.45,27.93,28.39,21.0,86.0,0.238,17.0,19.77,5.0,5.81,0.782,0.262,21.3,10.84,13.55,24.4,30.36,16.16,210.0,0.282,42.0,20.0,17.0,8.1,0.7949999999999999,0.165,24.87,11.52,15.86,27.39,27.68,20.49
746872,2024-06-05,2024,672820,R,684007,L,single,False,False,16.0,0.333,4.0,25.0,1.0,6.25,0.975,0.26699999999999996,17.86,7.69,16.92,24.62,22.58,26.67,50.0,0.261,10.0,20.0,3.0,6.0,0.741,0.174,22.11,11.8,17.98,29.78,44.19,18.87,195.0,0.222,52.0,26.67,10.0,5.13,0.603,0.11900000000000002,32.28,17.97,11.08,29.05,35.15,23.64,,,,,,,,,,,,,,
746872,2024-06-05,2024,455117,R,684007,L,grounded_into_double_play,False,False,32.0,0.0,12.0,37.5,1.0,3.12,0.033,0.0,31.58,14.52,22.58,37.1,29.09,31.58,99.0,0.239,35.0,35.35,10.0,10.1,0.8160000000000001,0.261,35.58,18.09,13.69,31.78,32.32,26.12,195.0,0.222,52.0,26.67,10.0,5.13,0.603,0.11900000000000002,32.28,17.97,11.08,29.05,35.15,23.64,,,,,,,,,,,,,,
746872,2024-06-05,2024,667452,R,684007,L,strikeout,True,False,22.0,0.4,7.0,31.82,2.0,9.09,1.105,0.25,31.82,15.73,17.98,33.71,36.59,21.88,76.0,0.233,19.0,25.0,2.0,2.63,0.62,0.1369999999999999,22.62,11.91,15.05,26.96,35.67,17.27,195.0,0.222,52.0,26.67,10.0,5.13,0.603,0.11900000000000002,32.28,17.97,11.08,29.05,35.15,23.64,,,,,,,,,,,,,,
746872,2024-06-05,2024,621020,R,623167,R,strikeout,True,False,155.0,0.204,46.0,29.68,12.0,7.74,0.603,0.13400000000000004,33.77,16.32,15.68,32.0,24.4,24.86,478.0,0.244,111.0,23.22,49.0,10.25,0.734,0.161,28.04,13.13,15.12,28.26,23.34,18.66,165.0,0.26,29.0,17.58,17.0,10.3,0.7190000000000001,0.124,21.8,9.77,16.74,26.51,25.78,16.48,256.0,0.345,32.0,12.5,21.0,8.2,1.025,0.28,20.3,10.02,13.61,23.63,27.49,12.06
746872,2024-06-05,2024,691718,L,623167,R,field_out,False,False,65.0,0.228,11.0,16.92,4.0,6.15,0.637,0.12299999999999997,19.72,11.29,11.29,22.58,37.7,12.5,15.0,0.0,6.0,40.0,2.0,13.33,0.154,0.0,44.44,26.67,8.33,35.0,23.08,27.27,86.0,0.238,17.0,19.77,5.0,5.81,0.782,0.262,21.3,10.84,13.55,24.4,30.36,16.16,210.0,0.282,42.0,20.0,17.0,8.1,0.7949999999999999,0.165,24.87,11.52,15.86,27.39,27.68,20.49
746872,2024-06-05,2024,665804,R,623167,R,single,False,False,97.0,0.209,23.0,23.71,8.0,8.25,0.5680000000000001,0.07000000000000003,27.84,15.13,14.57,29.69,37.14,20.54,92.0,0.187,24.0,26.09,7.0,7.61,0.679,0.173,24.72,11.67,16.98,28.65,28.18,19.05,165.0,0.26,29.0,17.58,17.0,10.3,0.7190000000000001,0.124,21.8,9.77,16.74,26.51,25.78,16.48,256.0,0.345,32.0,12.5,21.0,8.2,1.025,0.28,20.3,10.02,13.61,23.63,27.49,12.06
746872,2024-06-05,2024,663538,R,623167,R,force_out,False,False,187.0,0.25,17.0,9.09,18.0,9.63,0.6970000000000001,0.10999999999999999,13.36,6.06,21.27,27.33,31.17,9.5,508.0,0.274,63.0,12.4,40.0,7.87,0.72,0.0979999999999999,13.4,6.0,20.67,26.67,29.91,12.21,165.0,0.26,29.0,17.58,17.0,10.3,0.7190000000000001,0.124,21.8,9.77,16.74,26.51,25.78,16.48,256.0,0.345,32.0,12.5,21.0,8.2,1.025,0.28,20.3,10.02,13.61,23.63,27.49,12.06
746872,2024-06-05,2024,683734,R,684007,L,single,False,False,46.0,0.25,7.0,15.22,2.0,4.35,0.647,0.11399999999999999,25.84,12.92,14.61,27.53,33.33,14.89,142.0,0.227,20.0,14.08,7.0,4.93,0.641,0.144,18.15,9.74,13.42,23.16,34.55,11.83,195.0,0.222,52.0,26.67,10.0,5.13,0.603,0.11900000000000002,32.28,17.97,11.08,29.05,35.15,23.64,,,,,,,,,,,,,,
746872,2024-06-05,2024,673357,R,684007,L,single,False,False,8.0,0.375,4.0,50.0,0.0,0.0,0.875,0.125,53.33,30.77,15.38,46.15,36.36,80.0,119.0,0.312,40.0,33.61,5.0,4.2,0.951,0.2749999999999999,35.71,20.75,11.2,31.95,42.19,22.1,195.0,0.222,52.0,26.67,10.0,5.13,0.603,0.11900000000000002,32.28,17.97,11.08,29.05,35.15,23.64,,,,,,,,,,,,,,
746872,2024-06-05,2024,657557,R,684007,L,fielders_choice,False,False,48.0,0.114,17.0,35.42,2.0,4.17,0.44000000000000006,0.15900000000000003,42.59,24.34,9.52,33.86,29.79,28.81,119.0,0.217,35.0,29.41,9.0,7.56,0.635,0.1319999999999999,33.2,18.24,12.75,30.99,37.18,23.03,195.0,0.222,52.0,26.67,10.0,5.13,0.603,0.11900000000000002,32.28,17.97,11.08,29.05,35.15,23.64,,,,,,,,,,,,,,
746872,2024-06-05,2024,657757,L,684007,L,field_out,False,False,33.0,0.143,10.0,30.3,2.0,6.06,0.569,0.214,25.86,11.03,20.59,31.62,21.88,23.26,20.0,0.053,8.0,40.0,0.0,0.0,0.103,0.0,42.11,18.6,20.93,39.53,40.0,26.67,56.0,0.25,13.0,23.21,0.0,0.0,0.554,0.05399999999999999,22.12,12.95,13.47,26.42,39.08,20.97,,,,,,,,,,,,,,
746872,2024-06-05,2024,686676,R,684007,L,double,False,False,38.0,0.243,11.0,28.95,1.0,2.63,0.533,0.027000000000000024,31.58,18.9,13.39,32.28,37.25,29.73,23.0,0.0,8.0,34.78,1.0,4.35,0.043,0.0,28.12,15.79,7.89,23.68,26.67,17.02,195.0,0.222,52.0,26.67,10.0,5.13,0.603,0.11900000000000002,32.28,17.97,11.08,29.05,35.15,23.64,,,,,,,,,,,,,,
746872,2024-06-05,2024,664901,R,684007,L,field_out,False,False,27.0,0.32,5.0,18.52,2.0,7.41,1.05,0.36000000000000004,20.0,9.52,15.24,24.76,22.22,20.0,41.0,0.225,10.0,24.39,1.0,2.44,0.544,0.0749999999999999,22.67,10.62,20.0,30.63,24.29,21.74,195.0,0.222,52.0,26.67,10.0,5.13,0.603,0.11900000000000002,32.28,17.97,11.08,29.05,35.15,23.64,,,,,,,,,,,,,,
746872,2024-06-05,2024,672820,R,684007,L,home_run,False,False,16.0,0.333,4.0,25.0,1.0,6.25,0.975,0.26699999999999996,17.86,7.69,16.92,24.62,22.58,26.67,50.0,0.261,10.0,20.0,3.0,6.0,0.741,0.174,22.11,11.8,17.98,29.78,44.19,18.87,195.0,0.222,52.0,26.67,10.0,5.13,0.603,0.11900000000000002,32.28,17.97,11.08,29.05,35.15,23.64,,,,,,,,,,,,,,
746872,2024-06-05,2024,455117,R,684007,L,strikeout,True,False,32.0,0.0,12.0,37.5,1.0,3.12,0.033,0.0,31.58,14.52,22.58,37.1,29.09,31.58,99.0,0.239,35.0,35.35,10.0,10.1,0.8160000000000001,0.261,35.58,18.09,13.69,31.78,32.32,26.12,195.0,0.222,52.0,26.67,10.0,5.13,0.603,0.11900000000000002,32.28,17.97,11.08,29.05,35.15,23.64,,,,,,,,,,,,,,
746872,2024-06-05,2024,673548,R,623167,R,field_out,False,False,110.0,0.268,31.0,28.18,6.0,5.45,0.77,0.175,27.03,11.06,21.24,32.3,24.57,20.95,419.0,0.278,102.0,24.34,41.0,9.79,0.839,0.2129999999999999,24.3,9.93,20.44,30.37,19.3,20.2,165.0,0.26,29.0,17.58,17.0,10.3,0.7190000000000001,0.124,21.8,9.77,16.74,26.51,25.78,16.48,256.0,0.345,32.0,12.5,21.0,8.2,1.025,0.28,20.3,10.02,13.61,23.63,27.49,12.06
746872,2024-06-05,2024,641355,L,623167,R,field_out,False,False,145.0,0.224,26.0,17.93,17.0,11.72,0.78,0.232,26.14,12.9,12.71,25.61,30.12,18.84,373.0,0.291,58.0,15.55,27.0,7.24,0.829,0.198,20.08,10.01,15.91,25.92,29.71,13.74,86.0,0.238,17.0,19.77,5.0,5.81,0.782,0.262,21.3,10.84,13.55,24.4,30.36,16.16,210.0,0.282,42.0,20.0,17.0,8.1,0.7949999999999999,0.165,24.87,11.52,15.86,27.39,27.68,20.49
746872,2024-06-05,2024,666624,R,623167,R,field_out,False,False,189.0,0.198,43.0,22.75,22.0,11.64,0.6619999999999999,0.16599999999999998,30.7,14.23,13.55,27.78,25.82,20.38,329.0,0.247,105.0,31.91,27.0,8.21,0.798,0.239,38.21,19.07,13.74,32.81,29.43,27.56,165.0,0.26,29.0,17.58,17.0,10.3,0.7190000000000001,0.124,21.8,9.77,16.74,26.51,25.78,16.48,256.0,0.345,32.0,12.5,21.0,8.2,1.025,0.28,20.3,10.02,13.61,23.63,27.49,12.06
746872,2024-06-05,2024,667452,R,684007,L,double,False,False,22.0,0.4,7.0,31.82,2.0,9.09,1.105,0.25,31.82,15.73,17.98,33.71,36.59,21.88,76.0,0.233,19.0,25.0,2.0,2.63,0.62,0.1369999999999999,22.62,11.91,15.05,26.96,35.67,17.27,195.0,0.222,52.0,26.67,10.0,5.13,0.603,0.11900000000000002,32.28,17.97,11.08,29.05,35.15,23.64,,,,,,,,,,,,,,
746872,2024-06-05,2024,683734,R,684007,L,field_out,False,False,46.0,0.25,7.0,15.22,2.0,4.35,0.647,0.11399999999999999,25.84,12.92,14.61,27.53,33.33,14.89,142.0,0.227,20.0,14.08,7.0,4.93,0.641,0.144,18.15,9.74,13.42,23.16,34.55,11.83,195.0,0.222,52.0,26.67,10.0,5.13,0.603,0.11900000000000002,32.28,17.97,11.08,29.05,35.15,23.64,,,,,,,,,,,,,,
746872,2024-06-05,2024,673357,R,668338,R,field_out,False,False,25.0,0.208,8.0,32.0,1.0,4.0,0.865,0.41700000000000004,37.5,22.34,10.64,32.98,36.96,24.24,477.0,0.252,132.0,27.67,25.0,5.24,0.8340000000000001,0.279,32.83,18.94,10.59,29.53,40.07,24.77,57.0,0.189,15.0,26.32,3.0,5.26,0.548,0.11299999999999999,29.41,15.49,13.72,29.2,34.75,17.28,32.0,0.185,7.0,21.88,4.0,12.5,0.503,0.037,28.57,12.31,16.92,29.23,30.26,20.59
746872,2024-06-05,2024,657557,R,668338,R,field_out,False,False,140.0,0.264,47.0,33.57,5.0,3.57,0.802,0.22399999999999998,33.44,19.59,9.33,28.92,33.2,25.97,281.0,0.203,86.0,30.6,12.0,4.27,0.603,0.1539999999999999,36.49,19.09,15.38,34.47,35.28,34.68,57.0,0.189,15.0,26.32,3.0,5.26,0.548,0.11299999999999999,29.41,15.49,13.72,29.2,34.75,17.28,32.0,0.185,7.0,21.88,4.0,12.5,0.503,0.037,28.57,12.31,16.92,29.23,30.26,20.59
746872,2024-06-05,2024,664023,L,623167,R,double,False,False,185.0,0.226,53.0,28.65,25.0,13.51,0.742,0.17400000000000002,28.18,12.94,15.3,28.23,22.42,19.0,502.0,0.258,109.0,21.71,80.0,15.94,0.831,0.192,25.86,11.22,15.24,26.46,20.31,17.34,86.0,0.238,17.0,19.77,5.0,5.81,0.782,0.262,21.3,10.84,13.55,24.4,30.36,16.16,210.0,0.282,42.0,20.0,17.0,8.1,0.7949999999999999,0.165,24.87,11.52,15.86,27.39,27.68,20.49
746872,2024-06-05,2024,683737,L,623167,R,field_out,False,False,175.0,0.238,61.0,34.86,23.0,13.14,0.799,0.21800000000000003,33.92,15.21,14.95,30.16,25.68,24.5,66.0,0.158,21.0,31.82,8.0,12.12,0.556,0.1399999999999999,29.79,14.48,13.45,27.93,28.39,21.0,86.0,0.238,17.0,19.77,5.0,5.81,0.782,0.262,21.3,10.84,13.55,24.4,30.36,16.16,210.0,0.282,42.0,20.0,17.0,8.1,0.7949999999999999,0.165,24.87,11.52,15.86,27.39,27.68,20.49
746872,2024-06-05,2024,621020,R,623167,R,double,False,False,155.0,0.204,46.0,29.68,12.0,7.74,0.603,0.13400000000000004,33.77,16.32,15.68,32.0,24.4,24.86,478.0,0.244,111.0,23.22,49.0,10.25,0.734,0.161,28.04,13.13,15.12,28.26,23.34,18.66,165.0,0.26,29.0,17.58,17.0,10.3,0.7190000000000001,0.124,21.8,9.77,16.74,26.51,25.78,16.48,256.0,0.345,32.0,12.5,21.0,8.2,1.025,0.28,20.3,10.02,13.61,23.63,27.49,12.06
746872,2024-06-05,2024,691718,L,623167,R,field_out,False,False,65.0,0.228,11.0,16.92,4.0,6.15,0.637,0.12299999999999997,19.72,11.29,11.29,22.58,37.7,12.5,15.0,0.0,6.0,40.0,2.0,13.33,0.154,0.0,44.44,26.67,8.33,35.0,23.08,27.27,86.0,0.238,17.0,19.77,5.0,5.81,0.782,0.262,21.3,10.84,13.55,24.4,30.36,16.16,210.0,0.282,42.0,20.0,17.0,8.1,0.7949999999999999,0.165,24.87,11.52,15.86,27.39,27.68,20.49
746872,2024-06-05,2024,665804,R,623167,R,field_out,False,False,97.0,0.209,23.0,23.71,8.0,8.25,0.5680000000000001,0.07000000000000003,27.84,15.13,14.57,29.69,37.14,20.54,92.0,0.187,24.0,26.09,7.0,7.61,0.679,0.173,24.72,11.67,16.98,28.65,28.18,19.05,165.0,0.26,29.0,17.58,17.0,10.3,0.7190000000000001,0.124,21.8,9.77,16.74,26.51,25.78,16.48,256.0,0.345,32.0,12.5,21.0,8.2,1.025,0.28,20.3,10.02,13.61,23.63,27.49,12.06
746872,2024-06-05,2024,657757,L,668338,R,field_out,False,False,176.0,0.248,25.0,14.2,24.0,13.64,0.776,0.16799999999999998,18.35,8.02,17.57,25.59,28.21,10.92,324.0,0.212,58.0,17.9,28.0,8.64,0.63,0.1369999999999999,20.44,9.67,14.66,24.33,29.35,14.25,24.0,0.174,5.0,20.83,0.0,0.0,0.6859999999999999,0.304,30.77,19.75,7.41,27.16,36.59,17.24,32.0,0.276,3.0,9.38,2.0,6.25,0.896,0.276,25.0,12.63,13.68,26.32,18.6,17.65
746872,2024-06-05,2024,686676,R,668338,R,field_out,False,False,103.0,0.26,28.0,27.18,6.0,5.83,0.752,0.188,37.62,21.01,11.44,32.45,30.77,22.4,47.0,0.116,12.0,25.53,4.0,8.51,0.4,0.0929999999999999,33.71,18.07,13.25,31.33,34.15,23.53,57.0,0.189,15.0,26.32,3.0,5.26,0.548,0.11299999999999999,29.41,15.49,13.72,29.2,34.75,17.28,32.0,0.185,7.0,21.88,4.0,12.5,0.503,0.037,28.57,12.31,16.92,29.23,30.26,20.59
746872,2024-06-05,2024,664901,R,668338,R,single,False,False,60.0,0.175,19.0,31.67,1.0,1.67,0.43100000000000005,0.05300000000000002,31.19,15.67,18.89,34.56,31.68,27.94,29.0,0.12,5.0,17.24,3.0,10.34,0.4539999999999999,0.12,26.53,11.21,21.55,32.76,20.83,12.5,57.0,0.189,15.0,26.32,3.0,5.26,0.548,0.11299999999999999,29.41,15.49,13.72,29.2,34.75,17.28,32.0,0.185,7.0,21.88,4.0,12.5,0.503,0.037,28.57,12.31,16.92,29.23,30.26,20.59
746872,2024-06-05,2024,672820,R,668338,R,walk,False,True,36.0,0.121,11.0,30.56,1.0,2.78,0.323,0.031,30.16,14.84,23.44,38.28,39.34,31.43,123.0,0.178,30.0,24.39,2.0,1.63,0.504,0.136,24.69,13.05,16.81,29.87,39.56,22.39,57.0,0.189,15.0,26.32,3.0,5.26,0.548,0.11299999999999999,29.41,15.49,13.72,29.2,34.75,17.28,32.0,0.185,7.0,21.88,4.0,12.5,0.503,0.037,28.57,12.31,16.92,29.23,30.26,20.59
746872,2024-06-05,2024,455117,R,668338,R,field_out,False,False,68.0,0.111,25.0,36.76,4.0,5.88,0.33899999999999997,0.06399999999999999,37.21,18.82,18.43,37.25,35.04,31.17,308.0,0.175,104.0,33.77,20.0,6.49,0.538,0.124,33.85,16.55,17.4,33.96,32.93,28.3,57.0,0.189,15.0,26.32,3.0,5.26,0.548,0.11299999999999999,29.41,15.49,13.72,29.2,34.75,17.28,32.0,0.185,7.0,21.88,4.0,12.5,0.503,0.037,28.57,12.31,16.92,29.23,30.26,20.59
746872,2024-06-05,2024,663538,R,605121,R,field_out,False,False,187.0,0.25,17.0,9.09,18.0,9.63,0.6970000000000001,0.10999999999999999,13.36,6.06,21.27,27.33,31.17,9.5,508.0,0.274,63.0,12.4,40.0,7.87,0.72,0.0979999999999999,13.4,6.0,20.67,26.67,29.91,12.21,29.0,0.32,6.0,20.69,4.0,13.79,0.9339999999999999,0.2,33.33,14.4,19.2,33.6,36.99,11.11,,,,,,,,,,,,,,
746872,2024-06-05,2024,673548,R,605121,R,strikeout,True,False,110.0,0.268,31.0,28.18,6.0,5.45,0.77,0.175,27.03,11.06,21.24,32.3,24.57,20.95,419.0,0.278,102.0,24.34,41.0,9.79,0.839,0.2129999999999999,24.3,9.93,20.44,30.37,19.3,20.2,29.0,0.32,6.0,20.69,4.0,13.79,0.9339999999999999,0.2,33.33,14.4,19.2,33.6,36.99,11.11,,,,,,,,,,,,,,
746872,2024-06-05,2024,641355,L,605121,R,hit_by_pitch,False,False,145.0,0.224,26.0,17.93,17.0,11.72,0.78,0.232,26.14,12.9,12.71,25.61,30.12,18.84,373.0,0.291,58.0,15.55,27.0,7.24,0.829,0.198,20.08,10.01,15.91,25.92,29.71,13.74,12.0,0.111,3.0,25.0,2.0,16.67,0.444,0.0,16.67,7.14,14.29,21.43,29.17,30.0,,,,,,,,,,,,,,
746872,2024-06-05,2024,666624,R,605121,R,home_run,False,False,189.0,0.198,43.0,22.75,22.0,11.64,0.6619999999999999,0.16599999999999998,30.7,14.23,13.55,27.78,25.82,20.38,329.0,0.247,105.0,31.91,27.0,8.21,0.798,0.239,38.21,19.07,13.74,32.81,29.43,27.56,29.0,0.32,6.0,20.69,4.0,13.79,0.9339999999999999,0.2,33.33,14.4,19.2,33.6,36.99,11.11,,,,,,,,,,,,,,
746872,2024-06-05,2024,664023,R,621383,L,single,False,False,53.0,0.25,10.0,18.87,3.0,5.66,0.683,0.125,25.71,13.99,13.99,27.98,24.05,15.15,191.0,0.225,44.0,23.04,19.0,9.95,0.694,0.16,24.04,11.18,15.63,26.81,29.29,17.32,73.0,0.328,17.0,23.29,3.0,4.11,0.893,0.20900000000000002,22.86,11.39,15.66,27.05,27.34,18.09,163.0,0.282,28.0,17.18,10.0,6.13,0.881,0.268,22.22,10.14,16.28,26.42,20.83,15.91
746872,2024-06-05,2024,621550,R,621383,L,home_run,False,False,40.0,0.294,10.0,25.0,4.0,10.0,0.963,0.294,28.24,13.64,13.07,26.7,22.09,17.24,131.0,0.217,47.0,35.88,10.0,7.63,0.769,0.275,32.94,15.47,14.92,30.39,23.55,28.83,73.0,0.328,17.0,23.29,3.0,4.11,0.893,0.20900000000000002,22.86,11.39,15.66,27.05,27.34,18.09,163.0,0.282,28.0,17.18,10.0,6.13,0.881,0.268,22.22,10.14,16.28,26.42,20.83,15.91
746872,2024-06-05,2024,621020,R,621383,L,field_out,False,False,40.0,0.206,9.0,22.5,5.0,12.5,0.649,0.11800000000000002,27.4,12.58,11.95,24.53,21.69,22.5,161.0,0.245,43.0,26.71,17.0,10.56,0.771,0.203,30.48,14.79,13.87,28.66,24.48,20.28,73.0,0.328,17.0,23.29,3.0,4.11,0.893,0.20900000000000002,22.86,11.39,15.66,27.05,27.34,18.09,163.0,0.282,28.0,17.18,10.0,6.13,0.881,0.268,22.22,10.14,16.28,26.42,20.83,15.91
746872,2024-06-05,2024,667452,R,669713,R,field_out,False,False,34.0,0.233,5.0,14.71,4.0,11.76,0.657,0.1,16.18,7.43,16.89,24.32,32.93,8.62,250.0,0.249,56.0,22.4,20.0,8.0,0.659,0.0979999999999999,26.42,11.51,19.54,31.05,28.57,19.44,79.0,0.227,20.0,25.32,4.0,5.06,0.626,0.13299999999999998,27.54,13.29,18.53,31.82,35.33,24.69,221.0,0.202,57.0,25.79,16.0,7.24,0.617,0.1459999999999999,29.02,12.78,18.23,31.01,30.33,23.27
746872,2024-06-05,2024,683734,R,669713,R,field_out,False,False,178.0,0.193,46.0,25.84,13.0,7.3,0.5680000000000001,0.11099999999999999,23.94,11.27,17.97,29.24,29.78,20.72,474.0,0.267,109.0,23.0,29.0,6.12,0.774,0.18,26.24,11.95,18.94,30.89,30.92,21.51,79.0,0.227,20.0,25.32,4.0,5.06,0.626,0.13299999999999998,27.54,13.29,18.53,31.82,35.33,24.69,221.0,0.202,57.0,25.79,16.0,7.24,0.617,0.1459999999999999,29.02,12.78,18.23,31.01,30.33,23.27
746872,2024-06-05,2024,673357,R,669713,R,home_run,False,False,25.0,0.208,8.0,32.0,1.0,4.0,0.865,0.41700000000000004,37.5,22.34,10.64,32.98,36.96,24.24,477.0,0.252,132.0,27.67,25.0,5.24,0.8340000000000001,0.279,32.83,18.94,10.59,29.53,40.07,24.77,79.0,0.227,20.0,25.32,4.0,5.06,0.626,0.13299999999999998,27.54,13.29,18.53,31.82,35.33,24.69,221.0,0.202,57.0,25.79,16.0,7.24,0.617,0.1459999999999999,29.02,12.78,18.23,31.01,30.33,23.27
746872,2024-06-05,2024,657557,R,669713,R,field_out,False,False,140.0,0.264,47.0,33.57,5.0,3.57,0.802,0.22399999999999998,33.44,19.59,9.33,28.92,33.2,25.97,281.0,0.203,86.0,30.6,12.0,4.27,0.603,0.1539999999999999,36.49,19.09,15.38,34.47,35.28,34.68,79.0,0.227,20.0,25.32,4.0,5.06,0.626,0.13299999999999998,27.54,13.29,18.53,31.82,35.33,24.69,221.0,0.202,57.0,25.79,16.0,7.24,0.617,0.1459999999999999,29.02,12.78,18.23,31.01,30.33,23.27
746872,2024-06-05,2024,691718,L,605154,R,strikeout,True,False,65.0,0.228,11.0,16.92,4.0,6.15,0.637,0.12299999999999997,19.72,11.29,11.29,22.58,37.7,12.5,15.0,0.0,6.0,40.0,2.0,13.33,0.154,0.0,44.44,26.67,8.33,35.0,23.08,27.27,41.0,0.237,12.0,29.27,2.0,4.88,0.819,0.28900000000000003,22.62,10.5,19.89,30.39,24.69,18.18,55.0,0.204,18.0,32.73,6.0,10.91,0.699,0.204,29.13,12.99,17.75,30.74,29.63,24.32
746872,2024-06-05,2024,665804,R,605154,R,field_out,False,False,97.0,0.209,23.0,23.71,8.0,8.25,0.5680000000000001,0.07000000000000003,27.84,15.13,14.57,29.69,37.14,20.54,92.0,0.187,24.0,26.09,7.0,7.61,0.679,0.173,24.72,11.67,16.98,28.65,28.18,19.05,50.0,0.289,11.0,22.0,4.0,8.0,0.782,0.133,28.71,15.43,12.23,27.66,39.42,17.46,107.0,0.221,29.0,27.1,8.0,7.48,0.674,0.179,26.61,12.86,15.74,28.6,25.99,16.96
746872,2024-06-05,2024,663538,R,605154,R,field_out,False,False,187.0,0.25,17.0,9.09,18.0,9.63,0.6970000000000001,0.10999999999999999,13.36,6.06,21.27,27.33,31.17,9.5,508.0,0.274,63.0,12.4,40.0,7.87,0.72,0.0979999999999999,13.4,6.0,20.67,26.67,29.91,12.21,50.0,0.289,11.0,22.0,4.0,8.0,0.782,0.133,28.71,15.43,12.23,27.66,39.42,17.46,107.0,0.221,29.0,27.1,8.0,7.48,0.674,0.179,26.61,12.86,15.74,28.6,25.99,16.96
746872,2024-06-05,2024,657757,L,681432,L,strikeout,True,False,33.0,0.143,10.0,30.3,2.0,6.06,0.569,0.214,25.86,11.03,20.59,31.62,21.88,23.26,20.0,0.053,8.0,40.0,0.0,0.0,0.103,0.0,42.11,18.6,20.93,39.53,40.0,26.67,36.0,0.097,12.0,33.33,5.0,13.89,0.351,0.032,32.76,12.58,22.52,35.1,25.93,30.0,11.0,0.111,4.0,36.36,1.0,9.09,0.404,0.111,46.15,22.22,18.52,40.74,35.71,23.53
746872,2024-06-05,2024,686676,R,681432,L,strikeout,True,False,38.0,0.243,11.0,28.95,1.0,2.63,0.533,0.027000000000000024,31.58,18.9,13.39,32.28,37.25,29.73,23.0,0.0,8.0,34.78,1.0,4.35,0.043,0.0,28.12,15.79,7.89,23.68,26.67,17.02,36.0,0.208,5.0,13.89,8.0,22.22,0.861,0.209,22.0,7.64,20.14,27.78,13.24,13.51,19.0,0.267,8.0,42.11,3.0,15.79,0.754,0.066,46.43,15.85,19.51,35.37,15.56,30.77
746872,2024-06-05,2024,664901,R,681432,L,field_out,False,False,27.0,0.32,5.0,18.52,2.0,7.41,1.05,0.36000000000000004,20.0,9.52,15.24,24.76,22.22,20.0,41.0,0.225,10.0,24.39,1.0,2.44,0.544,0.0749999999999999,22.67,10.62,20.0,30.63,24.29,21.74,36.0,0.208,5.0,13.89,8.0,22.22,0.861,0.209,22.0,7.64,20.14,27.78,13.24,13.51,19.0,0.267,8.0,42.11,3.0,15.79,0.754,0.066,46.43,15.85,19.51,35.37,15.56,30.77
746872,2024-06-05,2024,673548,R,673929,R,field_out,False,False,110.0,0.268,31.0,28.18,6.0,5.45,0.77,0.175,27.03,11.06,21.24,32.3,24.57,20.95,419.0,0.278,102.0,24.34,41.0,9.79,0.839,0.2129999999999999,24.3,9.93,20.44,30.37,19.3,20.2,61.0,0.25,13.0,21.31,9.0,14.75,0.688,0.07700000000000001,26.96,12.97,13.39,26.36,26.19,20.0,,,,,,,,,,,,,,
746872,2024-06-05,2024,641355,L,673929,R,walk,False,True,145.0,0.224,26.0,17.93,17.0,11.72,0.78,0.232,26.14,12.9,12.71,25.61,30.12,18.84,373.0,0.291,58.0,15.55,27.0,7.24,0.829,0.198,20.08,10.01,15.91,25.92,29.71,13.74,51.0,0.163,11.0,21.57,6.0,11.76,0.577,0.13899999999999998,30.48,15.17,14.22,29.38,26.0,20.0,,,,,,,,,,,,,,
746872,2024-06-05,2024,666624,R,673929,R,single,False,False,189.0,0.198,43.0,22.75,22.0,11.64,0.6619999999999999,0.16599999999999998,30.7,14.23,13.55,27.78,25.82,20.38,329.0,0.247,105.0,31.91,27.0,8.21,0.798,0.239,38.21,19.07,13.74,32.81,29.43,27.56,61.0,0.25,13.0,21.31,9.0,14.75,0.688,0.07700000000000001,26.96,12.97,13.39,26.36,26.19,20.0,,,,,,,,,,,,,,
746872,2024-06-05,2024,664023,L,673929,R,double,False,False,185.0,0.226,53.0,28.65,25.0,13.51,0.742,0.17400000000000002,28.18,12.94,15.3,28.23,22.42,19.0,502.0,0.258,109.0,21.71,80.0,15.94,0.831,0.192,25.86,11.22,15.24,26.46,20.31,17.34,51.0,0.163,11.0,21.57,6.0,11.76,0.577,0.13899999999999998,30.48,15.17,14.22,29.38,26.0,20.0,,,,,,,,,,,,,,
746872,2024-06-05,2024,621550,R,673929,R,strikeout,True,False,29.0,0.148,9.0,31.03,2.0,6.9,0.54,0.18500000000000003,28.89,13.0,20.0,33.0,21.74,34.62,172.0,0.196,64.0,37.21,20.0,11.63,0.8049999999999999,0.311,34.35,16.0,14.32,30.32,24.49,24.24,61.0,0.25,13.0,21.31,9.0,14.75,0.688,0.07700000000000001,26.96,12.97,13.39,26.36,26.19,20.0,,,,,,,,,,,,,,
746872,2024-06-05,2024,621020,R,673929,R,strikeout,True,False,155.0,0.204,46.0,29.68,12.0,7.74,0.603,0.13400000000000004,33.77,16.32,15.68,32.0,24.4,24.86,478.0,0.244,111.0,23.22,49.0,10.25,0.734,0.161,28.04,13.13,15.12,28.26,23.34,18.66,61.0,0.25,13.0,21.31,9.0,14.75,0.688,0.07700000000000001,26.96,12.97,13.39,26.36,26.19,20.0,,,,,,,,,,,,,,
746872,2024-06-05,2024,672820,R,593576,R,field_out,False,False,36.0,0.121,11.0,30.56,1.0,2.78,0.323,0.031,30.16,14.84,23.44,38.28,39.34,31.43,123.0,0.178,30.0,24.39,2.0,1.63,0.504,0.136,24.69,13.05,16.81,29.87,39.56,22.39,52.0,0.261,8.0,15.38,4.0,7.69,0.724,0.13,16.04,8.21,13.04,21.26,31.07,13.79,158.0,0.181,45.0,28.48,16.0,10.13,0.6060000000000001,0.145,27.9,14.33,15.14,29.47,31.82,22.39
746872,2024-06-05,2024,693049,L,593576,R,walk,False,True,6.0,0.0,2.0,33.33,1.0,16.67,0.167,0.0,28.57,15.38,19.23,34.62,47.06,16.67,200.0,0.225,54.0,27.0,9.0,4.5,0.5840000000000001,0.096,31.03,16.83,13.63,30.46,39.85,27.84,44.0,0.188,10.0,22.73,12.0,27.27,0.628,0.031,25.88,11.17,11.17,22.34,26.56,19.61,115.0,0.163,32.0,27.83,15.0,13.04,0.517,0.0819999999999999,34.19,16.91,12.68,29.6,31.32,21.92
746872,2024-06-05,2024,667452,R,593576,R,field_out,False,False,34.0,0.233,5.0,14.71,4.0,11.76,0.657,0.1,16.18,7.43,16.89,24.32,32.93,8.62,250.0,0.249,56.0,22.4,20.0,8.0,0.659,0.0979999999999999,26.42,11.51,19.54,31.05,28.57,19.44,52.0,0.261,8.0,15.38,4.0,7.69,0.724,0.13,16.04,8.21,13.04,21.26,31.07,13.79,158.0,0.181,45.0,28.48,16.0,10.13,0.6060000000000001,0.145,27.9,14.33,15.14,29.47,31.82,22.39
745010,2024-06-05,2024,663837,R,641540,R,strikeout,True,False,133.0,0.274,32.0,24.06,6.0,4.51,0.843,0.258,20.81,8.68,21.13,29.81,17.83,20.51,383.0,0.26,92.0,24.02,29.0,7.57,0.724,0.14,21.06,9.23,21.95,31.18,28.67,18.31,112.0,0.18,31.0,27.68,11.0,9.82,0.5780000000000001,0.13,27.66,11.66,19.51,31.17,24.46,24.6,382.0,0.233,79.0,20.68,22.0,5.76,0.6439999999999999,0.1249999999999999,23.66,10.98,19.19,30.17,27.91,19.75
745010,2024-06-05,2024,682985,L,641540,R,field_out,False,False,202.0,0.271,53.0,26.24,29.0,14.36,0.878,0.22899999999999998,29.46,11.97,17.65,29.63,20.82,22.84,323.0,0.291,84.0,26.01,28.0,8.67,0.826,0.182,27.26,12.45,16.06,28.52,24.68,20.14,100.0,0.221,26.0,26.0,12.0,12.0,0.853,0.30200000000000005,32.78,14.46,14.22,28.68,24.56,22.22,342.0,0.27,61.0,17.84,33.0,9.65,0.782,0.1629999999999999,20.92,9.95,16.02,25.97,27.73,16.76
745010,2024-06-05,2024,672761,L,641540,R,field_out,False,False,122.0,0.229,25.0,20.49,11.0,9.02,0.702,0.17500000000000002,18.92,8.37,19.12,27.49,24.8,15.53,,,,,,,,,,,,,,,100.0,0.221,26.0,26.0,12.0,12.0,0.853,0.30200000000000005,32.78,14.46,14.22,28.68,24.56,22.22,342.0,0.27,61.0,17.84,33.0,9.65,0.782,0.1629999999999999,20.92,9.95,16.02,25.97,27.73,16.76
745010,2024-06-05,2024,543760,R,656427,R,field_out,False,False,190.0,0.225,28.0,14.74,16.0,8.42,0.659,0.145,21.73,11.3,12.85,24.15,25.77,17.61,544.0,0.273,77.0,14.15,52.0,9.56,0.8360000000000001,0.2199999999999999,18.01,8.45,14.48,22.93,21.97,13.9,138.0,0.242,45.0,32.61,4.0,2.9,0.677,0.16000000000000003,33.58,16.58,18.02,34.59,33.47,24.19,306.0,0.274,84.0,27.45,27.0,8.82,0.768,0.1409999999999999,30.36,14.29,16.46,30.75,27.99,21.45
745010,2024-06-05,2024,608369,L,656427,R,field_out,False,False,165.0,0.284,18.0,10.91,29.0,17.58,0.942,0.24600000000000005,19.27,9.25,8.2,17.45,22.92,13.85,370.0,0.333,55.0,14.86,42.0,11.35,1.075,0.334,23.9,12.77,6.35,19.12,27.26,15.8,143.0,0.206,49.0,34.27,6.0,4.2,0.598,0.147,36.36,15.92,20.76,36.68,31.01,27.12,344.0,0.298,64.0,18.6,39.0,11.34,0.866,0.183,22.78,9.36,18.3,27.66,23.16,17.02
745010,2024-06-05,2024,669701,L,656427,R,field_out,False,False,161.0,0.27,27.0,16.77,14.0,8.7,0.786,0.15599999999999997,18.37,8.71,18.23,26.94,24.75,13.5,200.0,0.194,46.0,23.0,19.0,9.5,0.623,0.13,20.71,8.96,19.58,28.54,22.65,15.97,143.0,0.206,49.0,34.27,6.0,4.2,0.598,0.147,36.36,15.92,20.76,36.68,31.01,27.12,344.0,0.298,64.0,18.6,39.0,11.34,0.866,0.183,22.78,9.36,18.3,27.66,23.16,17.02
745010,2024-06-05,2024,592192,R,641540,R,strikeout,True,False,180.0,0.24,37.0,20.56,19.0,10.56,0.7050000000000001,0.124,21.63,8.44,23.37,31.81,20.87,17.79,341.0,0.261,56.0,16.42,28.0,8.21,0.721,0.1079999999999999,18.91,7.86,21.98,29.84,23.71,13.49,112.0,0.18,31.0,27.68,11.0,9.82,0.5780000000000001,0.13,27.66,11.66,19.51,31.17,24.46,24.6,382.0,0.233,79.0,20.68,22.0,5.76,0.6439999999999999,0.1249999999999999,23.66,10.98,19.19,30.17,27.91,19.75
745010,2024-06-05,2024,690993,L,641540,R,single,False,False,169.0,0.224,28.0,16.57,11.0,6.51,0.579,0.07699999999999999,22.97,10.86,16.29,27.16,31.27,17.83,,,,,,,,,,,,,,,100.0,0.221,26.0,26.0,12.0,12.0,0.853,0.30200000000000005,32.78,14.46,14.22,28.68,24.56,22.22,342.0,0.27,61.0,17.84,33.0,9.65,0.782,0.1629999999999999,20.92,9.95,16.02,25.97,27.73,16.76
745010,2024-06-05,2024,656716,L,641540,R,home_run,False,False,89.0,0.215,26.0,29.21,8.0,8.99,0.621,0.11400000000000002,29.55,14.29,17.31,31.59,29.89,22.61,475.0,0.23,109.0,22.95,38.0,8.0,0.653,0.1259999999999999,21.06,10.13,16.08,26.2,28.04,19.12,100.0,0.221,26.0,26.0,12.0,12.0,0.853,0.30200000000000005,32.78,14.46,14.22,28.68,24.56,22.22,342.0,0.27,61.0,17.84,33.0,9.65,0.782,0.1629999999999999,20.92,9.95,16.02,25.97,27.73,16.76
745010,2024-06-05,2024,669234,R,641540,R,field_out,False,False,7.0,0.0,3.0,42.86,0.0,0.0,0.0,0.0,46.67,25.93,22.22,48.15,12.5,30.0,,,,,,,,,,,,,,,112.0,0.18,31.0,27.68,11.0,9.82,0.5780000000000001,0.13,27.66,11.66,19.51,31.17,24.46,24.6,382.0,0.233,79.0,20.68,22.0,5.76,0.6439999999999999,0.1249999999999999,23.66,10.98,19.19,30.17,27.91,19.75
745010,2024-06-05,2024,668731,L,641540,R,walk,False,True,22.0,0.211,6.0,27.27,2.0,9.09,0.799,0.31500000000000006,31.25,17.24,11.49,28.74,39.58,22.22,347.0,0.218,87.0,25.07,42.0,12.1,0.688,0.158,25.51,11.78,14.66,26.44,24.86,21.97,100.0,0.221,26.0,26.0,12.0,12.0,0.853,0.30200000000000005,32.78,14.46,14.22,28.68,24.56,22.22,342.0,0.27,61.0,17.84,33.0,9.65,0.782,0.1629999999999999,20.92,9.95,16.02,25.97,27.73,16.76
745010,2024-06-05,2024,608348,R,641540,R,field_out,False,False,93.0,0.22,21.0,22.58,7.0,7.53,0.645,0.12100000000000002,23.31,10.19,20.91,31.1,22.73,17.95,108.0,0.198,27.0,25.0,6.0,5.56,0.479,0.0399999999999999,28.73,13.54,19.79,33.33,28.41,25.0,112.0,0.18,31.0,27.68,11.0,9.82,0.5780000000000001,0.13,27.66,11.66,19.51,31.17,24.46,24.6,382.0,0.233,79.0,20.68,22.0,5.76,0.6439999999999999,0.1249999999999999,23.66,10.98,19.19,30.17,27.91,19.75
745010,2024-06-05,2024,666969,R,656427,R,field_out,False,False,165.0,0.205,43.0,26.06,10.0,6.06,0.685,0.219,35.67,18.81,10.93,29.74,35.38,24.71,480.0,0.245,138.0,28.75,41.0,8.54,0.8260000000000001,0.264,31.65,15.93,13.92,29.85,32.02,21.97,138.0,0.242,45.0,32.61,4.0,2.9,0.677,0.16000000000000003,33.58,16.58,18.02,34.59,33.47,24.19,306.0,0.274,84.0,27.45,27.0,8.82,0.768,0.1409999999999999,30.36,14.29,16.46,30.75,27.99,21.45
745010,2024-06-05,2024,663993,L,656427,R,field_out,False,False,105.0,0.264,20.0,19.05,16.0,15.24,0.749,0.10399999999999998,14.12,5.38,19.73,25.11,24.69,14.93,505.0,0.279,113.0,22.38,69.0,13.66,0.833,0.172,19.81,8.64,15.62,24.26,19.45,16.87,143.0,0.206,49.0,34.27,6.0,4.2,0.598,0.147,36.36,15.92,20.76,36.68,31.01,27.12,344.0,0.298,64.0,18.6,39.0,11.34,0.866,0.183,22.78,9.36,18.3,27.66,23.16,17.02
745010,2024-06-05,2024,677649,R,656427,R,strikeout,True,False,71.0,0.284,17.0,23.94,3.0,4.23,0.6819999999999999,0.07400000000000001,23.68,12.72,12.37,25.09,37.01,15.32,308.0,0.277,86.0,27.92,13.0,4.22,0.738,0.1409999999999999,28.89,15.73,13.64,29.37,39.12,22.25,138.0,0.242,45.0,32.61,4.0,2.9,0.677,0.16000000000000003,33.58,16.58,18.02,34.59,33.47,24.19,306.0,0.274,84.0,27.45,27.0,8.82,0.768,0.1409999999999999,30.36,14.29,16.46,30.75,27.99,21.45
745010,2024-06-05,2024,663837,R,641540,R,field_out,False,False,133.0,0.274,32.0,24.06,6.0,4.51,0.843,0.258,20.81,8.68,21.13,29.81,17.83,20.51,383.0,0.26,92.0,24.02,29.0,7.57,0.724,0.14,21.06,9.23,21.95,31.18,28.67,18.31,112.0,0.18,31.0,27.68,11.0,9.82,0.5780000000000001,0.13,27.66,11.66,19.51,31.17,24.46,24.6,382.0,0.233,79.0,20.68,22.0,5.76,0.6439999999999999,0.1249999999999999,23.66,10.98,19.19,30.17,27.91,19.75
745010,2024-06-05,2024,682985,L,641540,R,field_out,False,False,202.0,0.271,53.0,26.24,29.0,14.36,0.878,0.22899999999999998,29.46,11.97,17.65,29.63,20.82,22.84,323.0,0.291,84.0,26.01,28.0,8.67,0.826,0.182,27.26,12.45,16.06,28.52,24.68,20.14,100.0,0.221,26.0,26.0,12.0,12.0,0.853,0.30200000000000005,32.78,14.46,14.22,28.68,24.56,22.22,342.0,0.27,61.0,17.84,33.0,9.65,0.782,0.1629999999999999,20.92,9.95,16.02,25.97,27.73,16.76
745010,2024-06-05,2024,672761,L,641540,R,field_error,False,False,122.0,0.229,25.0,20.49,11.0,9.02,0.702,0.17500000000000002,18.92,8.37,19.12,27.49,24.8,15.53,,,,,,,,,,,,,,,100.0,0.221,26.0,26.0,12.0,12.0,0.853,0.30200000000000005,32.78,14.46,14.22,28.68,24.56,22.22,342.0,0.27,61.0,17.84,33.0,9.65,0.782,0.1629999999999999,20.92,9.95,16.02,25.97,27.73,16.76
745010,2024-06-05,2024,592192,R,641540,R,field_out,False,False,180.0,0.24,37.0,20.56,19.0,10.56,0.7050000000000001,0.124,21.63,8.44,23.37,31.81,20.87,17.79,341.0,0.261,56.0,16.42,28.0,8.21,0.721,0.1079999999999999,18.91,7.86,21.98,29.84,23.71,13.49,112.0,0.18,31.0,27.68,11.0,9.82,0.5780000000000001,0.13,27.66,11.66,19.51,31.17,24.46,24.6,382.0,0.233,79.0,20.68,22.0,5.76,0.6439999999999999,0.1249999999999999,23.66,10.98,19.19,30.17,27.91,19.75
745010,2024-06-05,2024,694671,R,656427,R,field_out,False,False,117.0,0.224,23.0,19.66,9.0,7.69,0.5429999999999999,0.027999999999999997,18.78,8.13,19.51,27.64,23.14,14.65,,,,,,,,,,,,,,,138.0,0.242,45.0,32.61,4.0,2.9,0.677,0.16000000000000003,33.58,16.58,18.02,34.59,33.47,24.19,306.0,0.274,84.0,27.45,27.0,8.82,0.768,0.1409999999999999,30.36,14.29,16.46,30.75,27.99,21.45
745010,2024-06-05,2024,641680,L,656427,R,field_out,False,False,145.0,0.243,30.0,20.69,8.0,5.52,0.628,0.09500000000000003,20.43,10.4,13.69,24.09,32.27,20.69,411.0,0.243,82.0,19.95,33.0,8.03,0.733,0.185,23.06,11.69,13.75,25.44,29.36,17.15,143.0,0.206,49.0,34.27,6.0,4.2,0.598,0.147,36.36,15.92,20.76,36.68,31.01,27.12,344.0,0.298,64.0,18.6,39.0,11.34,0.866,0.183,22.78,9.36,18.3,27.66,23.16,17.02
745010,2024-06-05,2024,665750,L,656427,R,strikeout,True,False,149.0,0.25,27.0,18.12,13.0,8.72,0.712,0.14700000000000002,22.59,11.07,15.97,27.04,30.5,17.09,405.0,0.275,86.0,21.23,25.0,6.17,0.767,0.174,24.9,12.5,15.05,27.55,29.44,18.34,143.0,0.206,49.0,34.27,6.0,4.2,0.598,0.147,36.36,15.92,20.76,36.68,31.01,27.12,344.0,0.298,64.0,18.6,39.0,11.34,0.866,0.183,22.78,9.36,18.3,27.66,23.16,17.02
745010,2024-06-05,2024,690993,L,641540,R,field_out,False,False,169.0,0.224,28.0,16.57,11.0,6.51,0.579,0.07699999999999999,22.97,10.86,16.29,27.16,31.27,17.83,,,,,,,,,,,,,,,100.0,0.221,26.0,26.0,12.0,12.0,0.853,0.30200000000000005,32.78,14.46,14.22,28.68,24.56,22.22,342.0,0.27,61.0,17.84,33.0,9.65,0.782,0.1629999999999999,20.92,9.95,16.02,25.97,27.73,16.76
745010,2024-06-05,2024,656716,L,641540,R,triple,False,False,89.0,0.215,26.0,29.21,8.0,8.99,0.621,0.11400000000000002,29.55,14.29,17.31,31.59,29.89,22.61,475.0,0.23,109.0,22.95,38.0,8.0,0.653,0.1259999999999999,21.06,10.13,16.08,26.2,28.04,19.12,100.0,0.221,26.0,26.0,12.0,12.0,0.853,0.30200000000000005,32.78,14.46,14.22,28.68,24.56,22.22,342.0,0.27,61.0,17.84,33.0,9.65,0.782,0.1629999999999999,20.92,9.95,16.02,25.97,27.73,16.76
745010,2024-06-05,2024,669234,R,641540,R,strikeout,True,False,7.0,0.0,3.0,42.86,0.0,0.0,0.0,0.0,46.67,25.93,22.22,48.15,12.5,30.0,,,,,,,,,,,,,,,112.0,0.18,31.0,27.68,11.0,9.82,0.5780000000000001,0.13,27.66,11.66,19.51,31.17,24.46,24.6,382.0,0.233,79.0,20.68,22.0,5.76,0.6439999999999999,0.1249999999999999,23.66,10.98,19.19,30.17,27.91,19.75
745010,2024-06-05,2024,668731,L,641540,R,field_out,False,False,22.0,0.211,6.0,27.27,2.0,9.09,0.799,0.31500000000000006,31.25,17.24,11.49,28.74,39.58,22.22,347.0,0.218,87.0,25.07,42.0,12.1,0.688,0.158,25.51,11.78,14.66,26.44,24.86,21.97,100.0,0.221,26.0,26.0,12.0,12.0,0.853,0.30200000000000005,32.78,14.46,14.22,28.68,24.56,22.22,342.0,0.27,61.0,17.84,33.0,9.65,0.782,0.1629999999999999,20.92,9.95,16.02,25.97,27.73,16.76
745010,2024-06-05,2024,543760,R,656427,R,single,False,False,190.0,0.225,28.0,14.74,16.0,8.42,0.659,0.145,21.73,11.3,12.85,24.15,25.77,17.61,544.0,0.273,77.0,14.15,52.0,9.56,0.8360000000000001,0.2199999999999999,18.01,8.45,14.48,22.93,21.97,13.9,138.0,0.242,45.0,32.61,4.0,2.9,0.677,0.16000000000000003,33.58,16.58,18.02,34.59,33.47,24.19,306.0,0.274,84.0,27.45,27.0,8.82,0.768,0.1409999999999999,30.36,14.29,16.46,30.75,27.99,21.45
745010,2024-06-05,2024,608369,L,656427,R,field_out,False,False,165.0,0.284,18.0,10.91,29.0,17.58,0.942,0.24600000000000005,19.27,9.25,8.2,17.45,22.92,13.85,370.0,0.333,55.0,14.86,42.0,11.35,1.075,0.334,23.9,12.77,6.35,19.12,27.26,15.8,143.0,0.206,49.0,34.27,6.0,4.2,0.598,0.147,36.36,15.92,20.76,36.68,31.01,27.12,344.0,0.298,64.0,18.6,39.0,11.34,0.866,0.183,22.78,9.36,18.3,27.66,23.16,17.02
745010,2024-06-05,2024,669701,L,656427,R,strikeout,True,False,161.0,0.27,27.0,16.77,14.0,8.7,0.786,0.15599999999999997,18.37,8.71,18.23,26.94,24.75,13.5,200.0,0.194,46.0,23.0,19.0,9.5,0.623,0.13,20.71,8.96,19.58,28.54,22.65,15.97,143.0,0.206,49.0,34.27,6.0,4.2,0.598,0.147,36.36,15.92,20.76,36.68,31.01,27.12,344.0,0.298,64.0,18.6,39.0,11.34,0.866,0.183,22.78,9.36,18.3,27.66,23.16,17.02
745010,2024-06-05,2024,666969,R,656427,R,field_out,False,False,165.0,0.205,43.0,26.06,10.0,6.06,0.685,0.219,35.67,18.81,10.93,29.74,35.38,24.71,480.0,0.245,138.0,28.75,41.0,8.54,0.8260000000000001,0.264,31.65,15.93,13.92,29.85,32.02,21.97,138.0,0.242,45.0,32.61,4.0,2.9,0.677,0.16000000000000003,33.58,16.58,18.02,34.59,33.47,24.19,306.0,0.274,84.0,27.45,27.0,8.82,0.768,0.1409999999999999,30.36,14.29,16.46,30.75,27.99,21.45
745010,2024-06-05,2024,608348,R,641540,R,field_out,False,False,93.0,0.22,21.0,22.58,7.0,7.53,0.645,0.12100000000000002,23.31,10.19,20.91,31.1,22.73,17.95,108.0,0.198,27.0,25.0,6.0,5.56,0.479,0.0399999999999999,28.73,13.54,19.79,33.33,28.41,25.0,112.0,0.18,31.0,27.68,11.0,9.82,0.5780000000000001,0.13,27.66,11.66,19.51,31.17,24.46,24.6,382.0,0.233,79.0,20.68,22.0,5.76,0.6439999999999999,0.1249999999999999,23.66,10.98,19.19,30.17,27.91,19.75
745010,2024-06-05,2024,663837,R,641540,R,strikeout,True,False,133.0,0.274,32.0,24.06,6.0,4.51,0.843,0.258,20.81,8.68,21.13,29.81,17.83,20.51,383.0,0.26,92.0,24.02,29.0,7.57,0.724,0.14,21.06,9.23,21.95,31.18,28.67,18.31,112.0,0.18,31.0,27.68,11.0,9.82,0.5780000000000001,0.13,27.66,11.66,19.51,31.17,24.46,24.6,382.0,0.233,79.0,20.68,22.0,5.76,0.6439999999999999,0.1249999999999999,23.66,10.98,19.19,30.17,27.91,19.75
745010,2024-06-05,2024,682985,L,641540,R,home_run,False,False,202.0,0.271,53.0,26.24,29.0,14.36,0.878,0.22899999999999998,29.46,11.97,17.65,29.63,20.82,22.84,323.0,0.291,84.0,26.01,28.0,8.67,0.826,0.182,27.26,12.45,16.06,28.52,24.68,20.14,100.0,0.221,26.0,26.0,12.0,12.0,0.853,0.30200000000000005,32.78,14.46,14.22,28.68,24.56,22.22,342.0,0.27,61.0,17.84,33.0,9.65,0.782,0.1629999999999999,20.92,9.95,16.02,25.97,27.73,16.76
745010,2024-06-05,2024,672761,L,641540,R,field_out,False,False,122.0,0.229,25.0,20.49,11.0,9.02,0.702,0.17500000000000002,18.92,8.37,19.12,27.49,24.8,15.53,,,,,,,,,,,,,,,100.0,0.221,26.0,26.0,12.0,12.0,0.853,0.30200000000000005,32.78,14.46,14.22,28.68,24.56,22.22,342.0,0.27,61.0,17.84,33.0,9.65,0.782,0.1629999999999999,20.92,9.95,16.02,25.97,27.73,16.76
745010,2024-06-05,2024,663993,L,656427,R,single,False,False,105.0,0.264,20.0,19.05,16.0,15.24,0.749,0.10399999999999998,14.12,5.38,19.73,25.11,24.69,14.93,505.0,0.279,113.0,22.38,69.0,13.66,0.833,0.172,19.81,8.64,15.62,24.26,19.45,16.87,143.0,0.206,49.0,34.27,6.0,4.2,0.598,0.147,36.36,15.92,20.76,36.68,31.01,27.12,344.0,0.298,64.0,18.6,39.0,11.34,0.866,0.183,22.78,9.36,18.3,27.66,23.16,17.02
745010,2024-06-05,2024,677649,R,656427,R,strikeout,True,False,71.0,0.284,17.0,23.94,3.0,4.23,0.6819999999999999,0.07400000000000001,23.68,12.72,12.37,25.09,37.01,15.32,308.0,0.277,86.0,27.92,13.0,4.22,0.738,0.1409999999999999,28.89,15.73,13.64,29.37,39.12,22.25,138.0,0.242,45.0,32.61,4.0,2.9,0.677,0.16000000000000003,33.58,16.58,18.02,34.59,33.47,24.19,306.0,0.274,84.0,27.45,27.0,8.82,0.768,0.1409999999999999,30.36,14.29,16.46,30.75,27.99,21.45
745010,2024-06-05,2024,694671,R,656427,R,grounded_into_double_play,False,False,117.0,0.224,23.0,19.66,9.0,7.69,0.5429999999999999,0.027999999999999997,18.78,8.13,19.51,27.64,23.14,14.65,,,,,,,,,,,,,,,138.0,0.242,45.0,32.61,4.0,2.9,0.677,0.16000000000000003,33.58,16.58,18.02,34.59,33.47,24.19,306.0,0.274,84.0,27.45,27.0,8.82,0.768,0.1409999999999999,30.36,14.29,16.46,30.75,27.99,21.45
745010,2024-06-05,2024,592192,R,622786,R,field_out,False,False,180.0,0.24,37.0,20.56,19.0,10.56,0.7050000000000001,0.124,21.63,8.44,23.37,31.81,20.87,17.79,341.0,0.261,56.0,16.42,28.0,8.21,0.721,0.1079999999999999,18.91,7.86,21.98,29.84,23.71,13.49,14.0,0.308,3.0,21.43,0.0,0.0,0.895,0.23000000000000004,33.33,17.39,15.22,32.61,33.33,33.33,,,,,,,,,,,,,,
745010,2024-06-05,2024,690993,L,622786,R,field_out,False,False,169.0,0.224,28.0,16.57,11.0,6.51,0.579,0.07699999999999999,22.97,10.86,16.29,27.16,31.27,17.83,,,,,,,,,,,,,,,17.0,0.312,2.0,11.76,1.0,5.88,0.915,0.25000000000000006,21.43,11.11,11.11,22.22,38.3,6.25,,,,,,,,,,,,,,
745010,2024-06-05,2024,656716,L,622786,R,field_out,False,False,89.0,0.215,26.0,29.21,8.0,8.99,0.621,0.11400000000000002,29.55,14.29,17.31,31.59,29.89,22.61,475.0,0.23,109.0,22.95,38.0,8.0,0.653,0.1259999999999999,21.06,10.13,16.08,26.2,28.04,19.12,17.0,0.312,2.0,11.76,1.0,5.88,0.915,0.25000000000000006,21.43,11.11,11.11,22.22,38.3,6.25,,,,,,,,,,,,,,
745010,2024-06-05,2024,641680,L,656412,R,single,False,False,145.0,0.243,30.0,20.69,8.0,5.52,0.628,0.09500000000000003,20.43,10.4,13.69,24.09,32.27,20.69,411.0,0.243,82.0,19.95,33.0,8.03,0.733,0.185,23.06,11.69,13.75,25.44,29.36,17.15,68.0,0.164,13.0,19.12,6.0,8.82,0.481,0.08199999999999999,30.0,15.0,14.23,29.23,32.65,17.57,122.0,0.134,25.0,20.49,9.0,7.38,0.509,0.178,18.57,8.73,17.46,26.19,25.1,14.71
745010,2024-06-05,2024,665750,L,656412,R,strikeout,True,False,149.0,0.25,27.0,18.12,13.0,8.72,0.712,0.14700000000000002,22.59,11.07,15.97,27.04,30.5,17.09,405.0,0.275,86.0,21.23,25.0,6.17,0.767,0.174,24.9,12.5,15.05,27.55,29.44,18.34,68.0,0.164,13.0,19.12,6.0,8.82,0.481,0.08199999999999999,30.0,15.0,14.23,29.23,32.65,17.57,122.0,0.134,25.0,20.49,9.0,7.38,0.509,0.178,18.57,8.73,17.46,26.19,25.1,14.71
745010,2024-06-05,2024,543760,R,656412,R,field_out,False,False,190.0,0.225,28.0,14.74,16.0,8.42,0.659,0.145,21.73,11.3,12.85,24.15,25.77,17.61,544.0,0.273,77.0,14.15,52.0,9.56,0.8360000000000001,0.2199999999999999,18.01,8.45,14.48,22.93,21.97,13.9,75.0,0.273,16.0,21.33,7.0,9.33,0.8380000000000001,0.22699999999999998,31.17,15.74,13.44,29.18,34.34,14.41,140.0,0.258,33.0,23.57,11.0,7.86,0.8049999999999999,0.2259999999999999,28.12,13.56,17.33,30.89,31.3,19.64
745010,2024-06-05,2024,608369,L,656412,R,walk,False,True,165.0,0.284,18.0,10.91,29.0,17.58,0.942,0.24600000000000005,19.27,9.25,8.2,17.45,22.92,13.85,370.0,0.333,55.0,14.86,42.0,11.35,1.075,0.334,23.9,12.77,6.35,19.12,27.26,15.8,68.0,0.164,13.0,19.12,6.0,8.82,0.481,0.08199999999999999,30.0,15.0,14.23,29.23,32.65,17.57,122.0,0.134,25.0,20.49,9.0,7.38,0.509,0.178,18.57,8.73,17.46,26.19,25.1,14.71
745010,2024-06-05,2024,669701,L,656412,R,field_out,False,False,161.0,0.27,27.0,16.77,14.0,8.7,0.786,0.15599999999999997,18.37,8.71,18.23,26.94,24.75,13.5,200.0,0.194,46.0,23.0,19.0,9.5,0.623,0.13,20.71,8.96,19.58,28.54,22.65,15.97,68.0,0.164,13.0,19.12,6.0,8.82,0.481,0.08199999999999999,30.0,15.0,14.23,29.23,32.65,17.57,122.0,0.134,25.0,20.49,9.0,7.38,0.509,0.178,18.57,8.73,17.46,26.19,25.1,14.71
745010,2024-06-05,2024,669234,R,622786,R,field_out,False,False,7.0,0.0,3.0,42.86,0.0,0.0,0.0,0.0,46.67,25.93,22.22,48.15,12.5,30.0,,,,,,,,,,,,,,,14.0,0.308,3.0,21.43,0.0,0.0,0.895,0.23000000000000004,33.33,17.39,15.22,32.61,33.33,33.33,,,,,,,,,,,,,,
745010,2024-06-05,2024,668731,L,622786,R,double,False,False,22.0,0.211,6.0,27.27,2.0,9.09,0.799,0.31500000000000006,31.25,17.24,11.49,28.74,39.58,22.22,347.0,0.218,87.0,25.07,42.0,12.1,0.688,0.158,25.51,11.78,14.66,26.44,24.86,21.97,17.0,0.312,2.0,11.76,1.0,5.88,0.915,0.25000000000000006,21.43,11.11,11.11,22.22,38.3,6.25,,,,,,,,,,,,,,
745010,2024-06-05,2024,608348,R,622786,R,hit_by_pitch,False,False,93.0,0.22,21.0,22.58,7.0,7.53,0.645,0.12100000000000002,23.31,10.19,20.91,31.1,22.73,17.95,108.0,0.198,27.0,25.0,6.0,5.56,0.479,0.0399999999999999,28.73,13.54,19.79,33.33,28.41,25.0,14.0,0.308,3.0,21.43,0.0,0.0,0.895,0.23000000000000004,33.33,17.39,15.22,32.61,33.33,33.33,,,,,,,,,,,,,,
745010,2024-06-05,2024,663837,R,622786,R,field_out,False,False,133.0,0.274,32.0,24.06,6.0,4.51,0.843,0.258,20.81,8.68,21.13,29.81,17.83,20.51,383.0,0.26,92.0,24.02,29.0,7.57,0.724,0.14,21.06,9.23,21.95,31.18,28.67,18.31,14.0,0.308,3.0,21.43,0.0,0.0,0.895,0.23000000000000004,33.33,17.39,15.22,32.61,33.33,33.33,,,,,,,,,,,,,,
745010,2024-06-05,2024,682985,L,656641,L,strikeout,True,False,55.0,0.176,15.0,27.27,4.0,7.27,0.569,0.15700000000000003,26.73,12.11,20.18,32.29,24.49,18.75,93.0,0.279,30.0,32.26,7.0,7.53,0.6930000000000001,0.0809999999999999,30.96,15.64,16.92,32.56,32.98,21.74,43.0,0.243,10.0,23.26,6.0,13.95,0.727,0.135,24.14,10.77,14.36,25.13,21.11,15.62,5.0,0.0,2.0,40.0,0.0,0.0,0.0,0.0,10.0,4.35,17.39,21.74,28.57,28.57
745010,2024-06-05,2024,666969,R,656412,R,field_out,False,False,165.0,0.205,43.0,26.06,10.0,6.06,0.685,0.219,35.67,18.81,10.93,29.74,35.38,24.71,480.0,0.245,138.0,28.75,41.0,8.54,0.8260000000000001,0.264,31.65,15.93,13.92,29.85,32.02,21.97,75.0,0.273,16.0,21.33,7.0,9.33,0.8380000000000001,0.22699999999999998,31.17,15.74,13.44,29.18,34.34,14.41,140.0,0.258,33.0,23.57,11.0,7.86,0.8049999999999999,0.2259999999999999,28.12,13.56,17.33,30.89,31.3,19.64
745010,2024-06-05,2024,663993,L,656412,R,walk,False,True,105.0,0.264,20.0,19.05,16.0,15.24,0.749,0.10399999999999998,14.12,5.38,19.73,25.11,24.69,14.93,505.0,0.279,113.0,22.38,69.0,13.66,0.833,0.172,19.81,8.64,15.62,24.26,19.45,16.87,68.0,0.164,13.0,19.12,6.0,8.82,0.481,0.08199999999999999,30.0,15.0,14.23,29.23,32.65,17.57,122.0,0.134,25.0,20.49,9.0,7.38,0.509,0.178,18.57,8.73,17.46,26.19,25.1,14.71
745010,2024-06-05,2024,677649,R,656412,R,strikeout,True,False,71.0,0.284,17.0,23.94,3.0,4.23,0.6819999999999999,0.07400000000000001,23.68,12.72,12.37,25.09,37.01,15.32,308.0,0.277,86.0,27.92,13.0,4.22,0.738,0.1409999999999999,28.89,15.73,13.64,29.37,39.12,22.25,75.0,0.273,16.0,21.33,7.0,9.33,0.8380000000000001,0.22699999999999998,31.17,15.74,13.44,29.18,34.34,14.41,140.0,0.258,33.0,23.57,11.0,7.86,0.8049999999999999,0.2259999999999999,28.12,13.56,17.33,30.89,31.3,19.64
745010,2024-06-05,2024,694671,R,656412,R,walk,False,True,117.0,0.224,23.0,19.66,9.0,7.69,0.5429999999999999,0.027999999999999997,18.78,8.13,19.51,27.64,23.14,14.65,,,,,,,,,,,,,,,75.0,0.273,16.0,21.33,7.0,9.33,0.8380000000000001,0.22699999999999998,31.17,15.74,13.44,29.18,34.34,14.41,140.0,0.258,33.0,23.57,11.0,7.86,0.8049999999999999,0.2259999999999999,28.12,13.56,17.33,30.89,31.3,19.64
745010,2024-06-05,2024,641680,L,571946,R,strikeout,True,False,145.0,0.243,30.0,20.69,8.0,5.52,0.628,0.09500000000000003,20.43,10.4,13.69,24.09,32.27,20.69,411.0,0.243,82.0,19.95,33.0,8.03,0.733,0.185,23.06,11.69,13.75,25.44,29.36,17.15,33.0,0.097,11.0,33.33,2.0,6.06,0.313,0.064,37.29,17.32,19.69,37.01,31.75,30.56,76.0,0.129,23.0,30.26,13.0,17.11,0.563,0.145,31.54,12.46,19.15,31.61,18.95,25.27
745010,2024-06-05,2024,672761,L,681982,R,strikeout,True,False,122.0,0.229,25.0,20.49,11.0,9.02,0.702,0.17500000000000002,18.92,8.37,19.12,27.49,24.8,15.53,,,,,,,,,,,,,,,26.0,0.143,7.0,26.92,4.0,15.38,0.737,0.28600000000000003,35.56,15.53,13.59,29.13,22.5,35.0,50.0,0.326,10.0,20.0,7.0,14.0,1.048,0.302,26.25,10.94,15.62,26.56,23.0,23.26
745010,2024-06-05,2024,592192,R,681982,R,single,False,False,180.0,0.24,37.0,20.56,19.0,10.56,0.7050000000000001,0.124,21.63,8.44,23.37,31.81,20.87,17.79,341.0,0.261,56.0,16.42,28.0,8.21,0.721,0.1079999999999999,18.91,7.86,21.98,29.84,23.71,13.49,39.0,0.297,9.0,23.08,2.0,5.13,0.657,0.027000000000000024,22.95,10.14,22.46,32.61,28.57,29.03,105.0,0.255,20.0,19.05,7.0,6.67,0.648,0.085,19.35,8.8,21.03,29.83,28.5,16.67
745010,2024-06-05,2024,690993,L,681982,R,grounded_into_double_play,False,False,169.0,0.224,28.0,16.57,11.0,6.51,0.579,0.07699999999999999,22.97,10.86,16.29,27.16,31.27,17.83,,,,,,,,,,,,,,,26.0,0.143,7.0,26.92,4.0,15.38,0.737,0.28600000000000003,35.56,15.53,13.59,29.13,22.5,35.0,50.0,0.326,10.0,20.0,7.0,14.0,1.048,0.302,26.25,10.94,15.62,26.56,23.0,23.26
745010,2024-06-05,2024,665750,L,571946,R,strikeout,True,False,149.0,0.25,27.0,18.12,13.0,8.72,0.712,0.14700000000000002,22.59,11.07,15.97,27.04,30.5,17.09,405.0,0.275,86.0,21.23,25.0,6.17,0.767,0.174,24.9,12.5,15.05,27.55,29.44,18.34,33.0,0.097,11.0,33.33,2.0,6.06,0.313,0.064,37.29,17.32,19.69,37.01,31.75,30.56,76.0,0.129,23.0,30.26,13.0,17.11,0.563,0.145,31.54,12.46,19.15,31.61,18.95,25.27
745010,2024-06-05,2024,543760,R,571946,R,strikeout,True,False,190.0,0.225,28.0,14.74,16.0,8.42,0.659,0.145,21.73,11.3,12.85,24.15,25.77,17.61,544.0,0.273,77.0,14.15,52.0,9.56,0.8360000000000001,0.2199999999999999,18.01,8.45,14.48,22.93,21.97,13.9,40.0,0.242,7.0,17.5,4.0,10.0,0.774,0.182,19.05,8.63,15.83,24.46,25.37,25.0,88.0,0.139,19.0,21.59,6.0,6.82,0.424,0.0759999999999999,21.29,9.73,19.47,29.2,26.71,19.59
745010,2024-06-05,2024,608369,L,571946,R,field_out,False,False,165.0,0.284,18.0,10.91,29.0,17.58,0.942,0.24600000000000005,19.27,9.25,8.2,17.45,22.92,13.85,370.0,0.333,55.0,14.86,42.0,11.35,1.075,0.334,23.9,12.77,6.35,19.12,27.26,15.8,33.0,0.097,11.0,33.33,2.0,6.06,0.313,0.064,37.29,17.32,19.69,37.01,31.75,30.56,76.0,0.129,23.0,30.26,13.0,17.11,0.563,0.145,31.54,12.46,19.15,31.61,18.95,25.27
745010,2024-06-05,2024,656716,L,681982,R,strikeout,True,False,89.0,0.215,26.0,29.21,8.0,8.99,0.621,0.11400000000000002,29.55,14.29,17.31,31.59,29.89,22.61,475.0,0.23,109.0,22.95,38.0,8.0,0.653,0.1259999999999999,21.06,10.13,16.08,26.2,28.04,19.12,26.0,0.143,7.0,26.92,4.0,15.38,0.737,0.28600000000000003,35.56,15.53,13.59,29.13,22.5,35.0,50.0,0.326,10.0,20.0,7.0,14.0,1.048,0.302,26.25,10.94,15.62,26.56,23.0,23.26
745010,2024-06-05,2024,669234,R,681982,R,field_out,False,False,7.0,0.0,3.0,42.86,0.0,0.0,0.0,0.0,46.67,25.93,22.22,48.15,12.5,30.0,,,,,,,,,,,,,,,39.0,0.297,9.0,23.08,2.0,5.13,0.657,0.027000000000000024,22.95,10.14,22.46,32.61,28.57,29.03,105.0,0.255,20.0,19.05,7.0,6.67,0.648,0.085,19.35,8.8,21.03,29.83,28.5,16.67
745010,2024-06-05,2024,668731,L,681982,R,field_out,False,False,22.0,0.211,6.0,27.27,2.0,9.09,0.799,0.31500000000000006,31.25,17.24,11.49,28.74,39.58,22.22,347.0,0.218,87.0,25.07,42.0,12.1,0.688,0.158,25.51,11.78,14.66,26.44,24.86,21.97,26.0,0.143,7.0,26.92,4.0,15.38,0.737,0.28600000000000003,35.56,15.53,13.59,29.13,22.5,35.0,50.0,0.326,10.0,20.0,7.0,14.0,1.048,0.302,26.25,10.94,15.62,26.56,23.0,23.26
745010,2024-06-05,2024,669701,L,663947,L,single,False,False,54.0,0.312,15.0,27.78,3.0,5.56,0.764,0.063,25.26,12.37,17.01,29.38,26.44,24.19,33.0,0.12,9.0,27.27,6.0,18.18,0.6930000000000001,0.24,26.09,9.3,20.93,30.23,19.44,31.03,52.0,0.122,13.0,25.0,0.0,0.0,0.357,0.062,23.68,10.78,22.75,33.53,32.47,33.33,122.0,0.147,32.0,26.23,4.0,3.28,0.363,0.034,24.29,11.78,19.86,31.64,32.18,22.86
745010,2024-06-05,2024,666969,R,663947,L,field_out,False,False,78.0,0.275,22.0,28.21,5.0,6.41,0.8280000000000001,0.23199999999999998,27.5,16.54,9.4,25.94,36.07,28.95,152.0,0.244,37.0,24.34,24.0,15.79,0.866,0.26,31.62,13.61,14.56,28.16,22.03,21.26,70.0,0.238,12.0,17.14,5.0,7.14,0.734,0.20600000000000002,25.19,13.1,14.68,27.78,43.26,16.44,202.0,0.209,42.0,20.79,14.0,6.93,0.642,0.171,28.53,13.97,16.84,30.81,30.71,18.58
745010,2024-06-05,2024,543257,R,663947,L,field_out,False,False,51.0,0.275,8.0,15.69,10.0,19.61,0.762,0.07499999999999996,19.18,6.54,24.3,30.84,20.18,13.11,137.0,0.309,32.0,23.36,23.0,16.79,0.952,0.227,18.93,6.53,22.61,29.15,11.97,17.49,70.0,0.238,12.0,17.14,5.0,7.14,0.734,0.20600000000000002,25.19,13.1,14.68,27.78,43.26,16.44,202.0,0.209,42.0,20.79,14.0,6.93,0.642,0.171,28.53,13.97,16.84,30.81,30.71,18.58
745010,2024-06-05,2024,677649,R,663947,L,single,False,False,57.0,0.25,13.0,22.81,5.0,8.77,0.604,0.03799999999999998,22.52,12.25,13.73,25.98,38.46,24.07,132.0,0.273,34.0,25.76,10.0,7.58,0.837,0.2309999999999999,27.68,14.45,13.29,27.75,34.33,21.12,70.0,0.238,12.0,17.14,5.0,7.14,0.734,0.20600000000000002,25.19,13.1,14.68,27.78,43.26,16.44,202.0,0.209,42.0,20.79,14.0,6.93,0.642,0.171,28.53,13.97,16.84,30.81,30.71,18.58
745010,2024-06-05,2024,694671,R,671345,R,field_out,False,False,117.0,0.224,23.0,19.66,9.0,7.69,0.5429999999999999,0.027999999999999997,18.78,8.13,19.51,27.64,23.14,14.65,,,,,,,,,,,,,,,54.0,0.28,10.0,18.52,3.0,5.56,0.675,0.07999999999999996,21.25,10.3,20.0,30.3,29.87,28.57,171.0,0.222,30.0,17.54,7.0,4.09,0.506,0.0249999999999999,14.71,7.13,19.97,27.1,35.23,15.23
746550,2024-06-05,2024,656413,R,621389,L,single,False,False,76.0,0.333,15.0,19.74,10.0,13.16,0.921,0.16699999999999998,37.31,17.92,9.68,27.6,22.88,20.27,113.0,0.226,34.0,30.09,13.0,11.5,0.7,0.1289999999999999,36.84,17.46,14.51,31.97,22.54,26.77,124.0,0.348,14.0,11.29,6.0,4.84,0.912,0.18200000000000005,11.06,5.68,16.36,22.05,29.44,10.77,281.0,0.347,40.0,14.23,21.0,7.47,0.944,0.197,15.42,7.56,16.92,24.48,31.3,14.18
746550,2024-06-05,2024,682829,R,621389,L,sac_bunt,False,False,94.0,0.234,26.0,27.66,11.0,11.7,0.71,0.11699999999999997,33.91,14.97,14.21,29.19,27.73,23.85,122.0,0.184,49.0,40.16,5.0,4.1,0.494,0.079,37.56,17.7,19.4,37.1,38.0,33.33,124.0,0.348,14.0,11.29,6.0,4.84,0.912,0.18200000000000005,11.06,5.68,16.36,22.05,29.44,10.77,281.0,0.347,40.0,14.23,21.0,7.47,0.944,0.197,15.42,7.56,16.92,24.48,31.3,14.18
746550,2024-06-05,2024,600869,R,621389,L,field_out,False,False,74.0,0.254,16.0,21.62,9.0,12.16,0.762,0.14300000000000002,27.74,13.19,13.89,27.08,27.78,19.28,161.0,0.254,36.0,22.36,15.0,9.32,0.793,0.197,21.45,10.5,14.2,24.7,29.83,16.29,124.0,0.348,14.0,11.29,6.0,4.84,0.912,0.18200000000000005,11.06,5.68,16.36,22.05,29.44,10.77,281.0,0.347,40.0,14.23,21.0,7.47,0.944,0.197,15.42,7.56,16.92,24.48,31.3,14.18
746550,2024-06-05,2024,668715,R,621389,L,double,False,False,78.0,0.234,15.0,19.23,11.0,14.1,0.7969999999999999,0.204,21.05,9.06,16.18,25.24,22.5,14.61,180.0,0.312,33.0,18.33,17.0,9.44,0.928,0.238,20.88,9.77,17.74,27.51,26.97,14.47,124.0,0.348,14.0,11.29,6.0,4.84,0.912,0.18200000000000005,11.06,5.68,16.36,22.05,29.44,10.77,281.0,0.347,40.0,14.23,21.0,7.47,0.944,0.197,15.42,7.56,16.92,24.48,31.3,14.18
746550,2024-06-05,2024,663886,R,621389,L,field_out,False,False,58.0,0.255,7.0,12.07,6.0,10.34,0.8180000000000001,0.235,9.41,3.6,21.17,24.77,22.22,11.86,140.0,0.283,30.0,21.43,13.0,9.29,0.7989999999999999,0.166,24.79,10.12,16.75,26.88,18.56,21.13,124.0,0.348,14.0,11.29,6.0,4.84,0.912,0.18200000000000005,11.06,5.68,16.36,22.05,29.44,10.77,281.0,0.347,40.0,14.23,21.0,7.47,0.944,0.197,15.42,7.56,16.92,24.48,31.3,14.18
746550,2024-06-05,2024,453568,L,593423,R,field_out,False,False,157.0,0.231,22.0,14.01,11.0,7.01,0.6659999999999999,0.13999999999999999,18.9,9.5,16.41,25.91,36.99,13.5,309.0,0.272,48.0,15.53,26.0,8.41,0.7909999999999999,0.1689999999999999,21.84,10.67,16.05,26.72,30.66,16.11,125.0,0.275,20.0,16.0,12.0,9.6,0.831,0.193,20.43,9.94,13.66,23.6,27.64,15.04,2.0,1.0,0.0,0.0,1.0,50.0,2.0,0.0,0.0,0.0,14.29,14.29,0.0,
746550,2024-06-05,2024,678662,R,593423,R,strikeout,True,False,191.0,0.3,56.0,29.32,5.0,2.62,0.8089999999999999,0.183,34.74,21.94,10.27,32.21,47.15,23.05,438.0,0.256,109.0,24.89,17.0,3.88,0.69,0.143,29.47,17.51,10.44,27.95,41.11,20.49,109.0,0.192,22.0,20.18,8.0,7.34,0.552,0.10099999999999998,23.32,11.87,14.84,26.71,28.91,15.07,5.0,0.2,1.0,20.0,0.0,0.0,0.6000000000000001,0.2,36.36,21.05,10.53,31.58,45.45,11.11
746550,2024-06-05,2024,641857,L,593423,R,strikeout,True,False,176.0,0.253,46.0,26.14,21.0,11.93,0.761,0.16699999999999998,25.5,11.78,16.1,27.88,26.94,17.9,449.0,0.26,141.0,31.4,52.0,11.58,0.826,0.2209999999999999,31.26,14.84,14.94,29.79,25.26,20.41,125.0,0.275,20.0,16.0,12.0,9.6,0.831,0.193,20.43,9.94,13.66,23.6,27.64,15.04,2.0,1.0,0.0,0.0,1.0,50.0,2.0,0.0,0.0,0.0,14.29,14.29,0.0,
746550,2024-06-05,2024,663697,R,621389,L,strikeout,True,False,76.0,0.295,10.0,13.16,12.0,15.79,0.831,0.11499999999999999,11.43,3.63,24.47,28.1,12.73,10.87,134.0,0.207,36.0,26.87,15.0,11.19,0.642,0.129,23.87,9.31,22.67,31.99,19.93,19.66,124.0,0.348,14.0,11.29,6.0,4.84,0.912,0.18200000000000005,11.06,5.68,16.36,22.05,29.44,10.77,281.0,0.347,40.0,14.23,21.0,7.47,0.944,0.197,15.42,7.56,16.92,24.48,31.3,14.18
746550,2024-06-05,2024,670770,L,621389,L,single,False,False,16.0,0.364,2.0,12.5,2.0,12.5,0.926,0.0,23.81,9.43,20.75,30.19,24.14,14.29,110.0,0.354,20.0,18.18,9.0,8.18,0.963,0.188,19.23,7.48,23.69,31.17,22.46,18.87,43.0,0.171,5.0,11.63,1.0,2.33,0.381,0.023999999999999994,18.67,10.85,16.28,27.13,33.33,16.67,72.0,0.269,10.0,13.89,3.0,4.17,0.813,0.238,14.84,7.34,19.69,27.03,27.42,12.5
746550,2024-06-05,2024,694362,R,621389,L,grounded_into_double_play,False,False,2.0,0.0,0.0,0.0,0.0,0.0,0.0,0.0,33.33,25.0,0.0,25.0,50.0,,,,,,,,,,,,,,,,124.0,0.348,14.0,11.29,6.0,4.84,0.912,0.18200000000000005,11.06,5.68,16.36,22.05,29.44,10.77,281.0,0.347,40.0,14.23,21.0,7.47,0.944,0.197,15.42,7.56,16.92,24.48,31.3,14.18
746550,2024-06-05,2024,553869,R,593423,R,field_out,False,False,139.0,0.302,26.0,18.71,9.0,6.47,0.7889999999999999,0.127,29.37,16.06,11.99,28.05,34.27,17.93,383.0,0.298,92.0,24.02,23.0,6.01,0.777,0.14,29.34,15.86,11.31,27.17,35.61,20.22,109.0,0.192,22.0,20.18,8.0,7.34,0.552,0.10099999999999998,23.32,11.87,14.84,26.71,28.91,15.07,5.0,0.2,1.0,20.0,0.0,0.0,0.6000000000000001,0.2,36.36,21.05,10.53,31.58,45.45,11.11
746550,2024-06-05,2024,663898,R,593423,R,field_out,False,False,170.0,0.255,44.0,25.88,9.0,5.29,0.6419999999999999,0.09299999999999997,25.53,12.57,15.83,28.4,25.62,19.3,138.0,0.269,33.0,23.91,5.0,3.62,0.709,0.1389999999999999,27.31,13.83,17.45,31.28,33.92,25.0,109.0,0.192,22.0,20.18,8.0,7.34,0.552,0.10099999999999998,23.32,11.87,14.84,26.71,28.91,15.07,5.0,0.2,1.0,20.0,0.0,0.0,0.6000000000000001,0.2,36.36,21.05,10.53,31.58,45.45,11.11
746550,2024-06-05,2024,660707,R,593423,R,field_out,False,False,140.0,0.222,29.0,20.71,12.0,8.57,0.637,0.12699999999999997,28.1,15.13,13.36,28.49,36.67,20.28,196.0,0.249,69.0,35.2,12.0,6.12,0.729,0.1689999999999999,41.45,21.48,15.97,37.45,41.94,28.28,109.0,0.192,22.0,20.18,8.0,7.34,0.552,0.10099999999999998,23.32,11.87,14.84,26.71,28.91,15.07,5.0,0.2,1.0,20.0,0.0,0.0,0.6000000000000001,0.2,36.36,21.05,10.53,31.58,45.45,11.11
746550,2024-06-05,2024,571912,R,621389,L,field_out,False,False,28.0,0.208,7.0,25.0,4.0,14.29,0.654,0.12500000000000003,20.83,8.85,15.93,24.78,29.69,21.88,58.0,0.259,14.0,24.14,4.0,6.9,0.754,0.185,28.43,12.61,18.26,30.87,29.46,22.58,124.0,0.348,14.0,11.29,6.0,4.84,0.912,0.18200000000000005,11.06,5.68,16.36,22.05,29.44,10.77,281.0,0.347,40.0,14.23,21.0,7.47,0.944,0.197,15.42,7.56,16.92,24.48,31.3,14.18
746550,2024-06-05,2024,656413,R,621389,L,field_out,False,False,76.0,0.333,15.0,19.74,10.0,13.16,0.921,0.16699999999999998,37.31,17.92,9.68,27.6,22.88,20.27,113.0,0.226,34.0,30.09,13.0,11.5,0.7,0.1289999999999999,36.84,17.46,14.51,31.97,22.54,26.77,124.0,0.348,14.0,11.29,6.0,4.84,0.912,0.18200000000000005,11.06,5.68,16.36,22.05,29.44,10.77,281.0,0.347,40.0,14.23,21.0,7.47,0.944,0.197,15.42,7.56,16.92,24.48,31.3,14.18
746550,2024-06-05,2024,682829,R,621389,L,home_run,False,False,94.0,0.234,26.0,27.66,11.0,11.7,0.71,0.11699999999999997,33.91,14.97,14.21,29.19,27.73,23.85,122.0,0.184,49.0,40.16,5.0,4.1,0.494,0.079,37.56,17.7,19.4,37.1,38.0,33.33,124.0,0.348,14.0,11.29,6.0,4.84,0.912,0.18200000000000005,11.06,5.68,16.36,22.05,29.44,10.77,281.0,0.347,40.0,14.23,21.0,7.47,0.944,0.197,15.42,7.56,16.92,24.48,31.3,14.18
746550,2024-06-05,2024,600869,R,621389,L,single,False,False,74.0,0.254,16.0,21.62,9.0,12.16,0.762,0.14300000000000002,27.74,13.19,13.89,27.08,27.78,19.28,161.0,0.254,36.0,22.36,15.0,9.32,0.793,0.197,21.45,10.5,14.2,24.7,29.83,16.29,124.0,0.348,14.0,11.29,6.0,4.84,0.912,0.18200000000000005,11.06,5.68,16.36,22.05,29.44,10.77,281.0,0.347,40.0,14.23,21.0,7.47,0.944,0.197,15.42,7.56,16.92,24.48,31.3,14.18
746550,2024-06-05,2024,668715,R,621389,L,strikeout,True,False,78.0,0.234,15.0,19.23,11.0,14.1,0.7969999999999999,0.204,21.05,9.06,16.18,25.24,22.5,14.61,180.0,0.312,33.0,18.33,17.0,9.44,0.928,0.238,20.88,9.77,17.74,27.51,26.97,14.47,124.0,0.348,14.0,11.29,6.0,4.84,0.912,0.18200000000000005,11.06,5.68,16.36,22.05,29.44,10.77,281.0,0.347,40.0,14.23,21.0,7.47,0.944,0.197,15.42,7.56,16.92,24.48,31.3,14.18
746550,2024-06-05,2024,686668,R,593423,R,field_out,False,False,182.0,0.264,53.0,29.12,18.0,9.89,0.769,0.16399999999999998,32.09,15.82,15.67,31.49,27.63,27.89,299.0,0.207,98.0,32.78,17.0,5.69,0.597,0.131,34.17,17.56,14.33,31.89,31.96,31.51,109.0,0.192,22.0,20.18,8.0,7.34,0.552,0.10099999999999998,23.32,11.87,14.84,26.71,28.91,15.07,5.0,0.2,1.0,20.0,0.0,0.0,0.6000000000000001,0.2,36.36,21.05,10.53,31.58,45.45,11.11
746550,2024-06-05,2024,595909,L,593423,R,field_out,False,False,82.0,0.267,21.0,25.61,6.0,7.32,0.65,0.066,20.93,10.62,15.34,25.96,31.95,19.09,171.0,0.226,44.0,25.73,12.0,7.02,0.663,0.155,26.67,12.9,15.25,28.15,29.13,19.91,125.0,0.275,20.0,16.0,12.0,9.6,0.831,0.193,20.43,9.94,13.66,23.6,27.64,15.04,2.0,1.0,0.0,0.0,1.0,50.0,2.0,0.0,0.0,0.0,14.29,14.29,0.0,
746550,2024-06-05,2024,696100,R,593423,R,strikeout,True,False,44.0,0.098,14.0,31.82,2.0,4.55,0.281,0.023999999999999994,41.11,23.42,10.13,33.54,36.14,31.82,64.0,0.193,18.0,28.12,5.0,7.81,0.583,0.14,38.6,18.26,16.18,34.44,35.56,28.57,109.0,0.192,22.0,20.18,8.0,7.34,0.552,0.10099999999999998,23.32,11.87,14.84,26.71,28.91,15.07,5.0,0.2,1.0,20.0,0.0,0.0,0.6000000000000001,0.2,36.36,21.05,10.53,31.58,45.45,11.11
746550,2024-06-05,2024,663886,R,621389,L,double,False,False,58.0,0.255,7.0,12.07,6.0,10.34,0.8180000000000001,0.235,9.41,3.6,21.17,24.77,22.22,11.86,140.0,0.283,30.0,21.43,13.0,9.29,0.7989999999999999,0.166,24.79,10.12,16.75,26.88,18.56,21.13,124.0,0.348,14.0,11.29,6.0,4.84,0.912,0.18200000000000005,11.06,5.68,16.36,22.05,29.44,10.77,281.0,0.347,40.0,14.23,21.0,7.47,0.944,0.197,15.42,7.56,16.92,24.48,31.3,14.18
746550,2024-06-05,2024,663697,R,621389,L,hit_by_pitch,False,False,76.0,0.295,10.0,13.16,12.0,15.79,0.831,0.11499999999999999,11.43,3.63,24.47,28.1,12.73,10.87,134.0,0.207,36.0,26.87,15.0,11.19,0.642,0.129,23.87,9.31,22.67,31.99,19.93,19.66,124.0,0.348,14.0,11.29,6.0,4.84,0.912,0.18200000000000005,11.06,5.68,16.36,22.05,29.44,10.77,281.0,0.347,40.0,14.23,21.0,7.47,0.944,0.197,15.42,7.56,16.92,24.48,31.3,14.18
746550,2024-06-05,2024,670770,L,621389,L,field_out,False,False,16.0,0.364,2.0,12.5,2.0,12.5,0.926,0.0,23.81,9.43,20.75,30.19,24.14,14.29,110.0,0.354,20.0,18.18,9.0,8.18,0.963,0.188,19.23,7.48,23.69,31.17,22.46,18.87,43.0,0.171,5.0,11.63,1.0,2.33,0.381,0.023999999999999994,18.67,10.85,16.28,27.13,33.33,16.67,72.0,0.269,10.0,13.89,3.0,4.17,0.813,0.238,14.84,7.34,19.69,27.03,27.42,12.5
746550,2024-06-05,2024,694362,R,621389,L,force_out,False,False,2.0,0.0,0.0,0.0,0.0,0.0,0.0,0.0,33.33,25.0,0.0,25.0,50.0,,,,,,,,,,,,,,,,124.0,0.348,14.0,11.29,6.0,4.84,0.912,0.18200000000000005,11.06,5.68,16.36,22.05,29.44,10.77,281.0,0.347,40.0,14.23,21.0,7.47,0.944,0.197,15.42,7.56,16.92,24.48,31.3,14.18
746550,2024-06-05,2024,571912,R,621389,L,single,False,False,28.0,0.208,7.0,25.0,4.0,14.29,0.654,0.12500000000000003,20.83,8.85,15.93,24.78,29.69,21.88,58.0,0.259,14.0,24.14,4.0,6.9,0.754,0.185,28.43,12.61,18.26,30.87,29.46,22.58,124.0,0.348,14.0,11.29,6.0,4.84,0.912,0.18200000000000005,11.06,5.68,16.36,22.05,29.44,10.77,281.0,0.347,40.0,14.23,21.0,7.47,0.944,0.197,15.42,7.56,16.92,24.48,31.3,14.18
746550,2024-06-05,2024,656413,R,621389,L,single,False,False,76.0,0.333,15.0,19.74,10.0,13.16,0.921,0.16699999999999998,37.31,17.92,9.68,27.6,22.88,20.27,113.0,0.226,34.0,30.09,13.0,11.5,0.7,0.1289999999999999,36.84,17.46,14.51,31.97,22.54,26.77,124.0,0.348,14.0,11.29,6.0,4.84,0.912,0.18200000000000005,11.06,5.68,16.36,22.05,29.44,10.77,281.0,0.347,40.0,14.23,21.0,7.47,0.944,0.197,15.42,7.56,16.92,24.48,31.3,14.18
746550,2024-06-05,2024,682829,R,621389,L,field_out,False,False,94.0,0.234,26.0,27.66,11.0,11.7,0.71,0.11699999999999997,33.91,14.97,14.21,29.19,27.73,23.85,122.0,0.184,49.0,40.16,5.0,4.1,0.494,0.079,37.56,17.7,19.4,37.1,38.0,33.33,124.0,0.348,14.0,11.29,6.0,4.84,0.912,0.18200000000000005,11.06,5.68,16.36,22.05,29.44,10.77,281.0,0.347,40.0,14.23,21.0,7.47,0.944,0.197,15.42,7.56,16.92,24.48,31.3,14.18
746550,2024-06-05,2024,453568,L,593423,R,strikeout,True,False,157.0,0.231,22.0,14.01,11.0,7.01,0.6659999999999999,0.13999999999999999,18.9,9.5,16.41,25.91,36.99,13.5,309.0,0.272,48.0,15.53,26.0,8.41,0.7909999999999999,0.1689999999999999,21.84,10.67,16.05,26.72,30.66,16.11,125.0,0.275,20.0,16.0,12.0,9.6,0.831,0.193,20.43,9.94,13.66,23.6,27.64,15.04,2.0,1.0,0.0,0.0,1.0,50.0,2.0,0.0,0.0,0.0,14.29,14.29,0.0,
746550,2024-06-05,2024,678662,R,593423,R,field_out,False,False,191.0,0.3,56.0,29.32,5.0,2.62,0.8089999999999999,0.183,34.74,21.94,10.27,32.21,47.15,23.05,438.0,0.256,109.0,24.89,17.0,3.88,0.69,0.143,29.47,17.51,10.44,27.95,41.11,20.49,109.0,0.192,22.0,20.18,8.0,7.34,0.552,0.10099999999999998,23.32,11.87,14.84,26.71,28.91,15.07,5.0,0.2,1.0,20.0,0.0,0.0,0.6000000000000001,0.2,36.36,21.05,10.53,31.58,45.45,11.11
746550,2024-06-05,2024,641857,L,593423,R,walk,False,True,176.0,0.253,46.0,26.14,21.0,11.93,0.761,0.16699999999999998,25.5,11.78,16.1,27.88,26.94,17.9,449.0,0.26,141.0,31.4,52.0,11.58,0.826,0.2209999999999999,31.26,14.84,14.94,29.79,25.26,20.41,125.0,0.275,20.0,16.0,12.0,9.6,0.831,0.193,20.43,9.94,13.66,23.6,27.64,15.04,2.0,1.0,0.0,0.0,1.0,50.0,2.0,0.0,0.0,0.0,14.29,14.29,0.0,
746550,2024-06-05,2024,553869,R,593423,R,strikeout,True,False,139.0,0.302,26.0,18.71,9.0,6.47,0.7889999999999999,0.127,29.37,16.06,11.99,28.05,34.27,17.93,383.0,0.298,92.0,24.02,23.0,6.01,0.777,0.14,29.34,15.86,11.31,27.17,35.61,20.22,109.0,0.192,22.0,20.18,8.0,7.34,0.552,0.10099999999999998,23.32,11.87,14.84,26.71,28.91,15.07,5.0,0.2,1.0,20.0,0.0,0.0,0.6000000000000001,0.2,36.36,21.05,10.53,31.58,45.45,11.11
746550,2024-06-05,2024,600869,R,621389,L,field_out,False,False,74.0,0.254,16.0,21.62,9.0,12.16,0.762,0.14300000000000002,27.74,13.19,13.89,27.08,27.78,19.28,161.0,0.254,36.0,22.36,15.0,9.32,0.793,0.197,21.45,10.5,14.2,24.7,29.83,16.29,124.0,0.348,14.0,11.29,6.0,4.84,0.912,0.18200000000000005,11.06,5.68,16.36,22.05,29.44,10.77,281.0,0.347,40.0,14.23,21.0,7.47,0.944,0.197,15.42,7.56,16.92,24.48,31.3,14.18
746550,2024-06-05,2024,668715,R,621389,L,single,False,False,78.0,0.234,15.0,19.23,11.0,14.1,0.7969999999999999,0.204,21.05,9.06,16.18,25.24,22.5,14.61,180.0,0.312,33.0,18.33,17.0,9.44,0.928,0.238,20.88,9.77,17.74,27.51,26.97,14.47,124.0,0.348,14.0,11.29,6.0,4.84,0.912,0.18200000000000005,11.06,5.68,16.36,22.05,29.44,10.77,281.0,0.347,40.0,14.23,21.0,7.47,0.944,0.197,15.42,7.56,16.92,24.48,31.3,14.18
746550,2024-06-05,2024,663886,R,621389,L,field_out,False,False,58.0,0.255,7.0,12.07,6.0,10.34,0.8180000000000001,0.235,9.41,3.6,21.17,24.77,22.22,11.86,140.0,0.283,30.0,21.43,13.0,9.29,0.7989999999999999,0.166,24.79,10.12,16.75,26.88,18.56,21.13,124.0,0.348,14.0,11.29,6.0,4.84,0.912,0.18200000000000005,11.06,5.68,16.36,22.05,29.44,10.77,281.0,0.347,40.0,14.23,21.0,7.47,0.944,0.197,15.42,7.56,16.92,24.48,31.3,14.18
746550,2024-06-05,2024,663697,R,621389,L,single,False,False,76.0,0.295,10.0,13.16,12.0,15.79,0.831,0.11499999999999999,11.43,3.63,24.47,28.1,12.73,10.87,134.0,0.207,36.0,26.87,15.0,11.19,0.642,0.129,23.87,9.31,22.67,31.99,19.93,19.66,124.0,0.348,14.0,11.29,6.0,4.84,0.912,0.18200000000000005,11.06,5.68,16.36,22.05,29.44,10.77,281.0,0.347,40.0,14.23,21.0,7.47,0.944,0.197,15.42,7.56,16.92,24.48,31.3,14.18
746550,2024-06-05,2024,670770,L,621389,L,field_out,False,False,16.0,0.364,2.0,12.5,2.0,12.5,0.926,0.0,23.81,9.43,20.75,30.19,24.14,14.29,110.0,0.354,20.0,18.18,9.0,8.18,0.963,0.188,19.23,7.48,23.69,31.17,22.46,18.87,43.0,0.171,5.0,11.63,1.0,2.33,0.381,0.023999999999999994,18.67,10.85,16.28,27.13,33.33,16.67,72.0,0.269,10.0,13.89,3.0,4.17,0.813,0.238,14.84,7.34,19.69,27.03,27.42,12.5
746550,2024-06-05,2024,663898,R,593423,R,strikeout,True,False,170.0,0.255,44.0,25.88,9.0,5.29,0.6419999999999999,0.09299999999999997,25.53,12.57,15.83,28.4,25.62,19.3,138.0,0.269,33.0,23.91,5.0,3.62,0.709,0.1389999999999999,27.31,13.83,17.45,31.28,33.92,25.0,109.0,0.192,22.0,20.18,8.0,7.34,0.552,0.10099999999999998,23.32,11.87,14.84,26.71,28.91,15.07,5.0,0.2,1.0,20.0,0.0,0.0,0.6000000000000001,0.2,36.36,21.05,10.53,31.58,45.45,11.11
746550,2024-06-05,2024,660707,R,593423,R,strikeout,True,False,140.0,0.222,29.0,20.71,12.0,8.57,0.637,0.12699999999999997,28.1,15.13,13.36,28.49,36.67,20.28,196.0,0.249,69.0,35.2,12.0,6.12,0.729,0.1689999999999999,41.45,21.48,15.97,37.45,41.94,28.28,109.0,0.192,22.0,20.18,8.0,7.34,0.552,0.10099999999999998,23.32,11.87,14.84,26.71,28.91,15.07,5.0,0.2,1.0,20.0,0.0,0.0,0.6000000000000001,0.2,36.36,21.05,10.53,31.58,45.45,11.11
746550,2024-06-05,2024,686668,R,593423,R,field_error,False,False,182.0,0.264,53.0,29.12,18.0,9.89,0.769,0.16399999999999998,32.09,15.82,15.67,31.49,27.63,27.89,299.0,0.207,98.0,32.78,17.0,5.69,0.597,0.131,34.17,17.56,14.33,31.89,31.96,31.51,109.0,0.192,22.0,20.18,8.0,7.34,0.552,0.10099999999999998,23.32,11.87,14.84,26.71,28.91,15.07,5.0,0.2,1.0,20.0,0.0,0.0,0.6000000000000001,0.2,36.36,21.05,10.53,31.58,45.45,11.11
746550,2024-06-05,2024,595909,L,593423,R,walk,False,True,82.0,0.267,21.0,25.61,6.0,7.32,0.65,0.066,20.93,10.62,15.34,25.96,31.95,19.09,171.0,0.226,44.0,25.73,12.0,7.02,0.663,0.155,26.67,12.9,15.25,28.15,29.13,19.91,125.0,0.275,20.0,16.0,12.0,9.6,0.831,0.193,20.43,9.94,13.66,23.6,27.64,15.04,2.0,1.0,0.0,0.0,1.0,50.0,2.0,0.0,0.0,0.0,14.29,14.29,0.0,
746550,2024-06-05,2024,696100,R,593423,R,field_out,False,False,44.0,0.098,14.0,31.82,2.0,4.55,0.281,0.023999999999999994,41.11,23.42,10.13,33.54,36.14,31.82,64.0,0.193,18.0,28.12,5.0,7.81,0.583,0.14,38.6,18.26,16.18,34.44,35.56,28.57,109.0,0.192,22.0,20.18,8.0,7.34,0.552,0.10099999999999998,23.32,11.87,14.84,26.71,28.91,15.07,5.0,0.2,1.0,20.0,0.0,0.0,0.6000000000000001,0.2,36.36,21.05,10.53,31.58,45.45,11.11
746550,2024-06-05,2024,666181,L,571539,R,double,False,False,153.0,0.243,62.0,40.52,17.0,11.11,0.827,0.257,37.91,18.18,14.42,32.6,20.79,29.38,285.0,0.297,89.0,31.23,37.0,12.98,0.938,0.252,31.03,13.11,16.03,29.13,18.51,23.66,15.0,0.538,1.0,6.67,2.0,13.33,1.5230000000000001,0.385,9.38,5.17,8.62,13.79,29.63,4.76,52.0,0.391,5.0,9.62,5.0,9.62,1.094,0.261,20.0,8.51,20.21,28.72,23.16,12.2
746550,2024-06-05,2024,571912,R,571539,R,hit_by_pitch,False,False,55.0,0.167,20.0,36.36,3.0,5.45,0.481,0.04099999999999998,29.81,13.48,17.39,30.87,25.64,27.78,141.0,0.224,35.0,24.82,10.0,7.09,0.675,0.144,25.1,11.19,19.96,31.16,24.62,23.65,16.0,0.133,4.0,25.0,0.0,0.0,0.521,0.2,19.35,10.53,21.05,31.58,42.86,22.22,58.0,0.2,11.0,18.97,6.0,10.34,0.513,0.0199999999999999,25.81,10.76,19.73,30.49,13.46,14.08
746550,2024-06-05,2024,641584,L,571539,R,field_out,False,False,120.0,0.287,27.0,22.5,9.0,7.5,0.7030000000000001,0.07400000000000001,20.85,12.03,9.35,21.38,28.64,17.88,339.0,0.268,66.0,19.47,34.0,10.03,0.815,0.199,24.78,12.84,11.52,24.36,30.55,18.38,15.0,0.538,1.0,6.67,2.0,13.33,1.5230000000000001,0.385,9.38,5.17,8.62,13.79,29.63,4.76,52.0,0.391,5.0,9.62,5.0,9.62,1.094,0.261,20.0,8.51,20.21,28.72,23.16,12.2
746550,2024-06-05,2024,682829,L,571539,R,grounded_into_double_play,False,False,163.0,0.233,58.0,35.58,17.0,10.43,0.779,0.233,33.85,13.84,21.07,34.91,25.23,32.57,307.0,0.255,95.0,30.94,30.0,9.77,0.7989999999999999,0.2159999999999999,26.69,11.86,17.47,29.33,31.27,25.07,15.0,0.538,1.0,6.67,2.0,13.33,1.5230000000000001,0.385,9.38,5.17,8.62,13.79,29.63,4.76,52.0,0.391,5.0,9.62,5.0,9.62,1.094,0.261,20.0,8.51,20.21,28.72,23.16,12.2
746550,2024-06-05,2024,453568,L,593423,R,field_out,False,False,157.0,0.231,22.0,14.01,11.0,7.01,0.6659999999999999,0.13999999999999999,18.9,9.5,16.41,25.91,36.99,13.5,309.0,0.272,48.0,15.53,26.0,8.41,0.7909999999999999,0.1689999999999999,21.84,10.67,16.05,26.72,30.66,16.11,125.0,0.275,20.0,16.0,12.0,9.6,0.831,0.193,20.43,9.94,13.66,23.6,27.64,15.04,2.0,1.0,0.0,0.0,1.0,50.0,2.0,0.0,0.0,0.0,14.29,14.29,0.0,
746550,2024-06-05,2024,678662,R,593423,R,field_out,False,False,191.0,0.3,56.0,29.32,5.0,2.62,0.8089999999999999,0.183,34.74,21.94,10.27,32.21,47.15,23.05,438.0,0.256,109.0,24.89,17.0,3.88,0.69,0.143,29.47,17.51,10.44,27.95,41.11,20.49,109.0,0.192,22.0,20.18,8.0,7.34,0.552,0.10099999999999998,23.32,11.87,14.84,26.71,28.91,15.07,5.0,0.2,1.0,20.0,0.0,0.0,0.6000000000000001,0.2,36.36,21.05,10.53,31.58,45.45,11.11
746550,2024-06-05,2024,641857,L,593423,R,strikeout,True,False,176.0,0.253,46.0,26.14,21.0,11.93,0.761,0.16699999999999998,25.5,11.78,16.1,27.88,26.94,17.9,449.0,0.26,141.0,31.4,52.0,11.58,0.826,0.2209999999999999,31.26,14.84,14.94,29.79,25.26,20.41,125.0,0.275,20.0,16.0,12.0,9.6,0.831,0.193,20.43,9.94,13.66,23.6,27.64,15.04,2.0,1.0,0.0,0.0,1.0,50.0,2.0,0.0,0.0,0.0,14.29,14.29,0.0,
746550,2024-06-05,2024,600869,L,571539,R,field_out,False,False,146.0,0.222,40.0,27.4,8.0,5.48,0.7130000000000001,0.222,28.92,15.23,14.13,29.36,36.23,24.1,415.0,0.251,91.0,21.93,38.0,9.16,0.812,0.2279999999999999,25.42,11.83,16.22,28.05,27.64,18.71,15.0,0.538,1.0,6.67,2.0,13.33,1.5230000000000001,0.385,9.38,5.17,8.62,13.79,29.63,4.76,52.0,0.391,5.0,9.62,5.0,9.62,1.094,0.261,20.0,8.51,20.21,28.72,23.16,12.2
746550,2024-06-05,2024,668715,R,571539,R,field_out,False,False,168.0,0.253,31.0,18.45,20.0,11.9,0.748,0.14400000000000002,21.36,9.3,18.17,27.46,25.0,12.86,487.0,0.256,106.0,21.77,51.0,10.47,0.7789999999999999,0.175,25.48,10.86,19.02,29.88,22.75,18.53,16.0,0.133,4.0,25.0,0.0,0.0,0.521,0.2,19.35,10.53,21.05,31.58,42.86,22.22,58.0,0.2,11.0,18.97,6.0,10.34,0.513,0.0199999999999999,25.81,10.76,19.73,30.49,13.46,14.08
746550,2024-06-05,2024,663886,R,571539,R,single,False,False,114.0,0.262,25.0,21.93,8.0,7.02,0.733,0.14599999999999996,22.78,10.22,19.2,29.43,27.08,21.82,378.0,0.228,105.0,27.78,34.0,8.99,0.657,0.1239999999999999,29.78,12.81,19.96,32.77,26.19,24.59,16.0,0.133,4.0,25.0,0.0,0.0,0.521,0.2,19.35,10.53,21.05,31.58,42.86,22.22,58.0,0.2,11.0,18.97,6.0,10.34,0.513,0.0199999999999999,25.81,10.76,19.73,30.49,13.46,14.08
746550,2024-06-05,2024,663697,R,571539,R,field_out,False,False,148.0,0.214,35.0,23.65,20.0,13.51,0.618,0.07999999999999999,18.7,6.61,21.66,28.26,15.62,18.82,397.0,0.257,73.0,18.39,37.0,9.32,0.7809999999999999,0.175,21.3,8.18,21.42,29.59,19.53,15.19,16.0,0.133,4.0,25.0,0.0,0.0,0.521,0.2,19.35,10.53,21.05,31.58,42.86,22.22,58.0,0.2,11.0,18.97,6.0,10.34,0.513,0.0199999999999999,25.81,10.76,19.73,30.49,13.46,14.08
746550,2024-06-05,2024,553869,R,593423,R,double,False,False,139.0,0.302,26.0,18.71,9.0,6.47,0.7889999999999999,0.127,29.37,16.06,11.99,28.05,34.27,17.93,383.0,0.298,92.0,24.02,23.0,6.01,0.777,0.14,29.34,15.86,11.31,27.17,35.61,20.22,109.0,0.192,22.0,20.18,8.0,7.34,0.552,0.10099999999999998,23.32,11.87,14.84,26.71,28.91,15.07,5.0,0.2,1.0,20.0,0.0,0.0,0.6000000000000001,0.2,36.36,21.05,10.53,31.58,45.45,11.11
746550,2024-06-05,2024,663898,R,593423,R,field_out,False,False,170.0,0.255,44.0,25.88,9.0,5.29,0.6419999999999999,0.09299999999999997,25.53,12.57,15.83,28.4,25.62,19.3,138.0,0.269,33.0,23.91,5.0,3.62,0.709,0.1389999999999999,27.31,13.83,17.45,31.28,33.92,25.0,109.0,0.192,22.0,20.18,8.0,7.34,0.552,0.10099999999999998,23.32,11.87,14.84,26.71,28.91,15.07,5.0,0.2,1.0,20.0,0.0,0.0,0.6000000000000001,0.2,36.36,21.05,10.53,31.58,45.45,11.11
746550,2024-06-05,2024,660707,R,593423,R,strikeout,True,False,140.0,0.222,29.0,20.71,12.0,8.57,0.637,0.12699999999999997,28.1,15.13,13.36,28.49,36.67,20.28,196.0,0.249,69.0,35.2,12.0,6.12,0.729,0.1689999999999999,41.45,21.48,15.97,37.45,41.94,28.28,109.0,0.192,22.0,20.18,8.0,7.34,0.552,0.10099999999999998,23.32,11.87,14.84,26.71,28.91,15.07,5.0,0.2,1.0,20.0,0.0,0.0,0.6000000000000001,0.2,36.36,21.05,10.53,31.58,45.45,11.11
746550,2024-06-05,2024,686668,R,593423,R,field_out,False,False,182.0,0.264,53.0,29.12,18.0,9.89,0.769,0.16399999999999998,32.09,15.82,15.67,31.49,27.63,27.89,299.0,0.207,98.0,32.78,17.0,5.69,0.597,0.131,34.17,17.56,14.33,31.89,31.96,31.51,109.0,0.192,22.0,20.18,8.0,7.34,0.552,0.10099999999999998,23.32,11.87,14.84,26.71,28.91,15.07,5.0,0.2,1.0,20.0,0.0,0.0,0.6000000000000001,0.2,36.36,21.05,10.53,31.58,45.45,11.11
746550,2024-06-05,2024,670770,L,641755,R,field_out,False,False,35.0,0.152,7.0,20.0,2.0,5.71,0.47300000000000003,0.12100000000000002,19.64,8.59,19.53,28.12,25.0,20.59,446.0,0.26,70.0,15.7,38.0,8.52,0.785,0.189,18.12,7.73,19.52,27.25,25.03,13.48,48.0,0.357,11.0,22.92,6.0,12.5,1.081,0.28600000000000003,27.66,12.5,14.42,26.92,25.0,17.46,30.0,0.304,6.0,20.0,4.0,13.33,0.8919999999999999,0.174,23.53,10.81,12.61,23.42,20.34,22.22
746550,2024-06-05,2024,666181,L,641755,R,field_out,False,False,153.0,0.243,62.0,40.52,17.0,11.11,0.827,0.257,37.91,18.18,14.42,32.6,20.79,29.38,285.0,0.297,89.0,31.23,37.0,12.98,0.938,0.252,31.03,13.11,16.03,29.13,18.51,23.66,48.0,0.357,11.0,22.92,6.0,12.5,1.081,0.28600000000000003,27.66,12.5,14.42,26.92,25.0,17.46,30.0,0.304,6.0,20.0,4.0,13.33,0.8919999999999999,0.174,23.53,10.81,12.61,23.42,20.34,22.22
746550,2024-06-05,2024,571912,R,641755,R,strikeout,True,False,55.0,0.167,20.0,36.36,3.0,5.45,0.481,0.04099999999999998,29.81,13.48,17.39,30.87,25.64,27.78,141.0,0.224,35.0,24.82,10.0,7.09,0.675,0.144,25.1,11.19,19.96,31.16,24.62,23.65,61.0,0.259,13.0,21.31,7.0,11.48,0.825,0.22199999999999998,34.11,18.11,12.35,30.45,31.71,17.81,46.0,0.326,11.0,23.91,2.0,4.35,0.883,0.209,22.68,11.76,15.51,27.27,28.41,16.18
746550,2024-06-05,2024,595909,L,518585,R,field_out,False,False,82.0,0.267,21.0,25.61,6.0,7.32,0.65,0.066,20.93,10.62,15.34,25.96,31.95,19.09,171.0,0.226,44.0,25.73,12.0,7.02,0.663,0.155,26.67,12.9,15.25,28.15,29.13,19.91,56.0,0.191,21.0,37.5,9.0,16.07,0.661,0.14900000000000002,35.78,16.32,14.64,30.96,26.23,26.58,128.0,0.231,43.0,33.59,18.0,14.06,0.733,0.158,29.12,13.69,13.69,27.39,27.0,23.76
746550,2024-06-05,2024,696100,R,518585,R,strikeout,True,False,44.0,0.098,14.0,31.82,2.0,4.55,0.281,0.023999999999999994,41.11,23.42,10.13,33.54,36.14,31.82,64.0,0.193,18.0,28.12,5.0,7.81,0.583,0.14,38.6,18.26,16.18,34.44,35.56,28.57,56.0,0.12,31.0,55.36,5.0,8.93,0.336,0.020000000000000018,52.14,26.52,15.22,41.74,41.84,42.47,151.0,0.196,55.0,36.42,10.0,6.62,0.601,0.1519999999999999,39.37,19.93,13.76,33.69,34.92,31.98
746550,2024-06-05,2024,453568,L,518585,R,strikeout,True,False,157.0,0.231,22.0,14.01,11.0,7.01,0.6659999999999999,0.13999999999999999,18.9,9.5,16.41,25.91,36.99,13.5,309.0,0.272,48.0,15.53,26.0,8.41,0.7909999999999999,0.1689999999999999,21.84,10.67,16.05,26.72,30.66,16.11,56.0,0.191,21.0,37.5,9.0,16.07,0.661,0.14900000000000002,35.78,16.32,14.64,30.96,26.23,26.58,128.0,0.231,43.0,33.59,18.0,14.06,0.733,0.158,29.12,13.69,13.69,27.39,27.0,23.76
746550,2024-06-05,2024,641584,L,683232,R,field_out,False,False,120.0,0.287,27.0,22.5,9.0,7.5,0.7030000000000001,0.07400000000000001,20.85,12.03,9.35,21.38,28.64,17.88,339.0,0.268,66.0,19.47,34.0,10.03,0.815,0.199,24.78,12.84,11.52,24.36,30.55,18.38,56.0,0.26,18.0,32.14,6.0,10.71,0.659,0.06,25.49,11.93,18.81,30.73,28.42,25.71,44.0,0.158,10.0,22.73,5.0,11.36,0.457,0.0259999999999999,20.83,8.52,20.45,28.98,26.37,18.52
746550,2024-06-05,2024,682829,L,683232,R,strikeout,True,False,163.0,0.233,58.0,35.58,17.0,10.43,0.779,0.233,33.85,13.84,21.07,34.91,25.23,32.57,307.0,0.255,95.0,30.94,30.0,9.77,0.7989999999999999,0.2159999999999999,26.69,11.86,17.47,29.33,31.27,25.07,56.0,0.26,18.0,32.14,6.0,10.71,0.659,0.06,25.49,11.93,18.81,30.73,28.42,25.71,44.0,0.158,10.0,22.73,5.0,11.36,0.457,0.0259999999999999,20.83,8.52,20.45,28.98,26.37,18.52
746550,2024-06-05,2024,600869,L,683232,R,field_out,False,False,146.0,0.222,40.0,27.4,8.0,5.48,0.7130000000000001,0.222,28.92,15.23,14.13,29.36,36.23,24.1,415.0,0.251,91.0,21.93,38.0,9.16,0.812,0.2279999999999999,25.42,11.83,16.22,28.05,27.64,18.71,56.0,0.26,18.0,32.14,6.0,10.71,0.659,0.06,25.49,11.93,18.81,30.73,28.42,25.71,44.0,0.158,10.0,22.73,5.0,11.36,0.457,0.0259999999999999,20.83,8.52,20.45,28.98,26.37,18.52
746550,2024-06-05,2024,678662,R,571656,R,field_out,False,False,191.0,0.3,56.0,29.32,5.0,2.62,0.8089999999999999,0.183,34.74,21.94,10.27,32.21,47.15,23.05,438.0,0.256,109.0,24.89,17.0,3.88,0.69,0.143,29.47,17.51,10.44,27.95,41.11,20.49,68.0,0.186,11.0,16.18,4.0,5.88,0.567,0.10199999999999998,26.45,12.6,16.93,29.53,34.06,15.07,191.0,0.201,44.0,23.04,14.0,7.33,0.673,0.195,33.99,16.69,15.86,32.55,33.16,19.91
746550,2024-06-05,2024,641857,L,571656,R,strikeout,True,False,176.0,0.253,46.0,26.14,21.0,11.93,0.761,0.16699999999999998,25.5,11.78,16.1,27.88,26.94,17.9,449.0,0.26,141.0,31.4,52.0,11.58,0.826,0.2209999999999999,31.26,14.84,14.94,29.79,25.26,20.41,51.0,0.289,10.0,19.61,6.0,11.76,0.8400000000000001,0.17800000000000005,22.22,9.62,15.87,25.48,25.23,20.0,118.0,0.235,26.0,22.03,15.0,12.71,0.743,0.177,24.55,10.69,15.84,26.53,23.37,18.44
746550,2024-06-05,2024,553869,R,571656,R,single,False,False,139.0,0.302,26.0,18.71,9.0,6.47,0.7889999999999999,0.127,29.37,16.06,11.99,28.05,34.27,17.93,383.0,0.298,92.0,24.02,23.0,6.01,0.777,0.14,29.34,15.86,11.31,27.17,35.61,20.22,68.0,0.186,11.0,16.18,4.0,5.88,0.567,0.10199999999999998,26.45,12.6,16.93,29.53,34.06,15.07,191.0,0.201,44.0,23.04,14.0,7.33,0.673,0.195,33.99,16.69,15.86,32.55,33.16,19.91
746550,2024-06-05,2024,663898,R,571656,R,double,False,False,170.0,0.255,44.0,25.88,9.0,5.29,0.6419999999999999,0.09299999999999997,25.53,12.57,15.83,28.4,25.62,19.3,138.0,0.269,33.0,23.91,5.0,3.62,0.709,0.1389999999999999,27.31,13.83,17.45,31.28,33.92,25.0,68.0,0.186,11.0,16.18,4.0,5.88,0.567,0.10199999999999998,26.45,12.6,16.93,29.53,34.06,15.07,191.0,0.201,44.0,23.04,14.0,7.33,0.673,0.195,33.99,16.69,15.86,32.55,33.16,19.91
746550,2024-06-05,2024,660707,R,571656,R,field_out,False,False,140.0,0.222,29.0,20.71,12.0,8.57,0.637,0.12699999999999997,28.1,15.13,13.36,28.49,36.67,20.28,196.0,0.249,69.0,35.2,12.0,6.12,0.729,0.1689999999999999,41.45,21.48,15.97,37.45,41.94,28.28,68.0,0.186,11.0,16.18,4.0,5.88,0.567,0.10199999999999998,26.45,12.6,16.93,29.53,34.06,15.07,191.0,0.201,44.0,23.04,14.0,7.33,0.673,0.195,33.99,16.69,15.86,32.55,33.16,19.91
744923,2024-06-06,2024,676059,R,579328,L,strikeout,True,False,57.0,0.231,16.0,28.07,4.0,7.02,0.728,0.211,39.09,19.82,14.75,34.56,31.53,25.81,82.0,0.284,23.0,28.05,8.0,9.76,0.786,0.148,32.37,14.29,17.14,31.43,25.99,24.21,237.0,0.28,54.0,22.78,13.0,5.49,0.755,0.15599999999999997,23.16,11.42,16.79,28.21,27.14,19.42,561.0,0.266,142.0,25.31,40.0,7.13,0.756,0.1689999999999999,27.96,13.7,14.72,28.41,29.66,21.23
744923,2024-06-06,2024,668939,R,579328,L,strikeout,True,False,80.0,0.442,11.0,13.75,3.0,3.75,1.163,0.25899999999999995,16.55,7.48,20.56,28.04,25.97,11.83,191.0,0.304,21.0,10.99,31.0,16.23,0.895,0.177,12.46,4.9,20.56,25.46,20.79,8.71,237.0,0.28,54.0,22.78,13.0,5.49,0.755,0.15599999999999997,23.16,11.42,16.79,28.21,27.14,19.42,561.0,0.266,142.0,25.31,40.0,7.13,0.756,0.1689999999999999,27.96,13.7,14.72,28.41,29.66,21.23
744923,2024-06-06,2024,663624,R,579328,L,single,False,False,66.0,0.3,12.0,18.18,6.0,9.09,0.897,0.23300000000000004,20.86,10.98,13.26,24.24,38.3,16.0,161.0,0.338,29.0,18.01,15.0,9.32,1.053,0.317,25.46,14.21,11.82,26.03,41.95,16.86,237.0,0.28,54.0,22.78,13.0,5.49,0.755,0.15599999999999997,23.16,11.42,16.79,28.21,27.14,19.42,561.0,0.266,142.0,25.31,40.0,7.13,0.756,0.1689999999999999,27.96,13.7,14.72,28.41,29.66,21.23
744923,2024-06-06,2024,683002,L,579328,L,double,False,False,88.0,0.286,25.0,28.41,15.0,17.05,0.9909999999999999,0.285,30.56,11.92,18.97,30.89,18.52,22.52,167.0,0.209,42.0,25.15,18.0,10.78,0.617,0.115,28.77,12.92,19.54,32.46,27.19,20.79,42.0,0.2,11.0,26.19,1.0,2.38,0.41400000000000003,0.0,27.78,12.42,20.5,32.92,24.64,27.5,141.0,0.214,39.0,27.66,8.0,5.67,0.659,0.175,28.09,13.35,19.22,32.56,29.18,21.79
744923,2024-06-06,2024,623993,R,579328,L,field_out,False,False,60.0,0.286,16.0,26.67,7.0,11.67,0.931,0.24500000000000005,32.69,14.53,18.8,33.33,30.0,23.19,170.0,0.25,45.0,26.47,24.0,14.12,0.7909999999999999,0.188,28.15,11.77,18.98,30.75,26.34,19.31,237.0,0.28,54.0,22.78,13.0,5.49,0.755,0.15599999999999997,23.16,11.42,16.79,28.21,27.14,19.42,561.0,0.266,142.0,25.31,40.0,7.13,0.756,0.1689999999999999,27.96,13.7,14.72,28.41,29.66,21.23
744923,2024-06-06,2024,676914,R,700249,L,strikeout,True,False,53.0,0.205,16.0,30.19,6.0,11.32,0.743,0.25,32.99,15.09,17.45,32.55,24.77,24.62,54.0,0.326,16.0,29.63,10.0,18.52,1.3,0.5109999999999999,37.65,15.69,17.16,32.84,15.89,28.07,,,,,,,,,,,,,,,,,,,,,,,,,,,,
744923,2024-06-06,2024,643376,R,700249,L,field_out,False,False,29.0,0.348,6.0,20.69,5.0,17.24,0.883,0.08700000000000002,26.67,9.76,20.33,30.08,12.7,18.75,86.0,0.205,16.0,18.6,7.0,8.14,0.792,0.308,17.86,8.52,13.35,21.88,27.32,15.24,,,,,,,,,,,,,,,,,,,,,,,,,,,,
744923,2024-06-06,2024,665489,R,700249,L,field_out,False,False,51.0,0.238,8.0,15.69,9.0,17.65,0.706,0.09500000000000003,23.46,9.45,16.42,25.87,23.42,14.55,124.0,0.284,15.0,12.1,19.0,15.32,0.766,0.079,18.93,8.25,16.07,24.31,22.78,13.51,,,,,,,,,,,,,,,,,,,,,,,,,,,,
744923,2024-06-06,2024,669720,R,579328,L,strikeout,True,False,31.0,0.333,10.0,32.26,1.0,3.23,0.788,0.09999999999999998,33.93,16.1,16.1,32.2,33.87,34.48,167.0,0.262,37.0,22.16,16.0,9.58,0.785,0.194,26.6,11.87,17.25,29.11,29.39,20.9,237.0,0.28,54.0,22.78,13.0,5.49,0.755,0.15599999999999997,23.16,11.42,16.79,28.21,27.14,19.42,561.0,0.266,142.0,25.31,40.0,7.13,0.756,0.1689999999999999,27.96,13.7,14.72,28.41,29.66,21.23
744923,2024-06-06,2024,681393,R,579328,L,single,False,False,1.0,0.0,0.0,0.0,0.0,0.0,0.0,0.0,0.0,0.0,0.0,0.0,,,,,,,,,,,,,,,,,237.0,0.28,54.0,22.78,13.0,5.49,0.755,0.15599999999999997,23.16,11.42,16.79,28.21,27.14,19.42,561.0,0.266,142.0,25.31,40.0,7.13,0.756,0.1689999999999999,27.96,13.7,14.72,28.41,29.66,21.23
744923,2024-06-06,2024,543510,R,579328,L,grounded_into_double_play,False,False,44.0,0.186,11.0,25.0,0.0,0.0,0.488,0.11599999999999999,30.68,17.76,13.82,31.58,39.39,24.44,114.0,0.2,26.0,22.81,3.0,2.63,0.592,0.173,26.42,14.87,13.96,28.83,35.5,16.35,237.0,0.28,54.0,22.78,13.0,5.49,0.755,0.15599999999999997,23.16,11.42,16.79,28.21,27.14,19.42,561.0,0.266,142.0,25.31,40.0,7.13,0.756,0.1689999999999999,27.96,13.7,14.72,28.41,29.66,21.23
744923,2024-06-06,2024,666182,R,700249,L,field_out,False,False,43.0,0.146,7.0,16.28,2.0,4.65,0.357,0.025000000000000022,13.4,8.44,9.74,18.18,43.24,13.21,107.0,0.323,13.0,12.15,7.0,6.54,0.893,0.202,17.62,9.88,9.88,19.75,30.5,10.32,,,,,,,,,,,,,,,,,,,,,,,,,,,,
744923,2024-06-06,2024,543807,R,700249,L,field_out,False,False,54.0,0.156,10.0,18.52,8.0,14.81,0.522,0.088,19.39,8.37,13.22,21.59,17.12,15.87,144.0,0.242,24.0,16.67,17.0,11.81,0.71,0.137,19.37,9.5,11.92,21.42,22.03,14.37,,,,,,,,,,,,,,,,,,,,,,,,,,,,
744923,2024-06-06,2024,457759,R,700249,L,walk,False,True,43.0,0.325,6.0,13.95,2.0,4.65,0.899,0.22500000000000003,9.68,4.71,19.37,24.08,27.59,8.82,164.0,0.285,32.0,19.51,18.0,10.98,0.9,0.243,20.38,9.35,18.71,28.06,27.41,13.45,,,,,,,,,,,,,,,,,,,,,,,,,,,,
744923,2024-06-06,2024,662139,L,700249,L,field_out,False,False,44.0,0.256,5.0,11.36,5.0,11.36,0.726,0.129,15.71,7.05,16.67,23.72,22.08,11.11,117.0,0.292,24.0,20.51,9.0,7.69,0.722,0.085,21.46,10.35,15.42,25.77,22.71,18.32,,,,,,,,,,,,,,,,,,,,,,,,,,,,
744923,2024-06-06,2024,681297,L,579328,L,strikeout,True,False,46.0,0.225,17.0,36.96,3.0,6.52,0.6890000000000001,0.17500000000000002,36.71,15.51,20.32,35.83,21.74,26.98,9.0,0.143,2.0,22.22,1.0,11.11,0.476,0.0,25.0,8.11,27.03,35.14,15.79,18.18,42.0,0.2,11.0,26.19,1.0,2.38,0.41400000000000003,0.0,27.78,12.42,20.5,32.92,24.64,27.5,141.0,0.214,39.0,27.66,8.0,5.67,0.659,0.175,28.09,13.35,19.22,32.56,29.18,21.79
744923,2024-06-06,2024,676059,R,579328,L,field_out,False,False,57.0,0.231,16.0,28.07,4.0,7.02,0.728,0.211,39.09,19.82,14.75,34.56,31.53,25.81,82.0,0.284,23.0,28.05,8.0,9.76,0.786,0.148,32.37,14.29,17.14,31.43,25.99,24.21,237.0,0.28,54.0,22.78,13.0,5.49,0.755,0.15599999999999997,23.16,11.42,16.79,28.21,27.14,19.42,561.0,0.266,142.0,25.31,40.0,7.13,0.756,0.1689999999999999,27.96,13.7,14.72,28.41,29.66,21.23
744923,2024-06-06,2024,668939,R,579328,L,field_out,False,False,80.0,0.442,11.0,13.75,3.0,3.75,1.163,0.25899999999999995,16.55,7.48,20.56,28.04,25.97,11.83,191.0,0.304,21.0,10.99,31.0,16.23,0.895,0.177,12.46,4.9,20.56,25.46,20.79,8.71,237.0,0.28,54.0,22.78,13.0,5.49,0.755,0.15599999999999997,23.16,11.42,16.79,28.21,27.14,19.42,561.0,0.266,142.0,25.31,40.0,7.13,0.756,0.1689999999999999,27.96,13.7,14.72,28.41,29.66,21.23
744923,2024-06-06,2024,643396,R,700249,L,field_out,False,False,56.0,0.269,8.0,14.29,3.0,5.36,0.706,0.11599999999999999,12.5,5.29,23.81,29.1,26.97,20.51,90.0,0.23,16.0,17.78,11.0,12.22,0.634,0.0669999999999999,19.59,8.03,19.67,27.7,20.35,15.09,,,,,,,,,,,,,,,,,,,,,,,,,,,,
744923,2024-06-06,2024,676391,R,700249,L,walk,False,True,46.0,0.31,3.0,6.52,1.0,2.17,0.77,0.119,11.24,6.85,14.38,21.23,43.28,8.11,32.0,0.367,3.0,9.38,1.0,3.12,0.775,0.033,12.96,7.37,17.89,25.26,46.81,17.65,,,,,,,,,,,,,,,,,,,,,,,,,,,,
744923,2024-06-06,2024,676914,R,700249,L,strikeout,True,False,53.0,0.205,16.0,30.19,6.0,11.32,0.743,0.25,32.99,15.09,17.45,32.55,24.77,24.62,54.0,0.326,16.0,29.63,10.0,18.52,1.3,0.5109999999999999,37.65,15.69,17.16,32.84,15.89,28.07,,,,,,,,,,,,,,,,,,,,,,,,,,,,
744923,2024-06-06,2024,643376,R,700249,L,walk,False,True,29.0,0.348,6.0,20.69,5.0,17.24,0.883,0.08700000000000002,26.67,9.76,20.33,30.08,12.7,18.75,86.0,0.205,16.0,18.6,7.0,8.14,0.792,0.308,17.86,8.52,13.35,21.88,27.32,15.24,,,,,,,,,,,,,,,,,,,,,,,,,,,,
744923,2024-06-06,2024,665489,R,700249,L,home_run,False,False,51.0,0.238,8.0,15.69,9.0,17.65,0.706,0.09500000000000003,23.46,9.45,16.42,25.87,23.42,14.55,124.0,0.284,15.0,12.1,19.0,15.32,0.766,0.079,18.93,8.25,16.07,24.31,22.78,13.51,,,,,,,,,,,,,,,,,,,,,,,,,,,,
744923,2024-06-06,2024,666182,R,700249,L,field_out,False,False,43.0,0.146,7.0,16.28,2.0,4.65,0.357,0.025000000000000022,13.4,8.44,9.74,18.18,43.24,13.21,107.0,0.323,13.0,12.15,7.0,6.54,0.893,0.202,17.62,9.88,9.88,19.75,30.5,10.32,,,,,,,,,,,,,,,,,,,,,,,,,,,,
744923,2024-06-06,2024,663624,R,579328,L,field_out,False,False,66.0,0.3,12.0,18.18,6.0,9.09,0.897,0.23300000000000004,20.86,10.98,13.26,24.24,38.3,16.0,161.0,0.338,29.0,18.01,15.0,9.32,1.053,0.317,25.46,14.21,11.82,26.03,41.95,16.86,237.0,0.28,54.0,22.78,13.0,5.49,0.755,0.15599999999999997,23.16,11.42,16.79,28.21,27.14,19.42,561.0,0.266,142.0,25.31,40.0,7.13,0.756,0.1689999999999999,27.96,13.7,14.72,28.41,29.66,21.23
744923,2024-06-06,2024,683002,L,579328,L,walk,False,True,88.0,0.286,25.0,28.41,15.0,17.05,0.9909999999999999,0.285,30.56,11.92,18.97,30.89,18.52,22.52,167.0,0.209,42.0,25.15,18.0,10.78,0.617,0.115,28.77,12.92,19.54,32.46,27.19,20.79,42.0,0.2,11.0,26.19,1.0,2.38,0.41400000000000003,0.0,27.78,12.42,20.5,32.92,24.64,27.5,141.0,0.214,39.0,27.66,8.0,5.67,0.659,0.175,28.09,13.35,19.22,32.56,29.18,21.79
744923,2024-06-06,2024,623993,R,579328,L,field_out,False,False,60.0,0.286,16.0,26.67,7.0,11.67,0.931,0.24500000000000005,32.69,14.53,18.8,33.33,30.0,23.19,170.0,0.25,45.0,26.47,24.0,14.12,0.7909999999999999,0.188,28.15,11.77,18.98,30.75,26.34,19.31,237.0,0.28,54.0,22.78,13.0,5.49,0.755,0.15599999999999997,23.16,11.42,16.79,28.21,27.14,19.42,561.0,0.266,142.0,25.31,40.0,7.13,0.756,0.1689999999999999,27.96,13.7,14.72,28.41,29.66,21.23
744923,2024-06-06,2024,669720,R,579328,L,strikeout,True,False,31.0,0.333,10.0,32.26,1.0,3.23,0.788,0.09999999999999998,33.93,16.1,16.1,32.2,33.87,34.48,167.0,0.262,37.0,22.16,16.0,9.58,0.785,0.194,26.6,11.87,17.25,29.11,29.39,20.9,237.0,0.28,54.0,22.78,13.0,5.49,0.755,0.15599999999999997,23.16,11.42,16.79,28.21,27.14,19.42,561.0,0.266,142.0,25.31,40.0,7.13,0.756,0.1689999999999999,27.96,13.7,14.72,28.41,29.66,21.23
744923,2024-06-06,2024,543807,R,700249,L,field_out,False,False,54.0,0.156,10.0,18.52,8.0,14.81,0.522,0.088,19.39,8.37,13.22,21.59,17.12,15.87,144.0,0.242,24.0,16.67,17.0,11.81,0.71,0.137,19.37,9.5,11.92,21.42,22.03,14.37,,,,,,,,,,,,,,,,,,,,,,,,,,,,
744923,2024-06-06,2024,457759,R,700249,L,field_out,False,False,43.0,0.325,6.0,13.95,2.0,4.65,0.899,0.22500000000000003,9.68,4.71,19.37,24.08,27.59,8.82,164.0,0.285,32.0,19.51,18.0,10.98,0.9,0.243,20.38,9.35,18.71,28.06,27.41,13.45,,,,,,,,,,,,,,,,,,,,,,,,,,,,
744923,2024-06-06,2024,662139,L,700249,L,double,False,False,44.0,0.256,5.0,11.36,5.0,11.36,0.726,0.129,15.71,7.05,16.67,23.72,22.08,11.11,117.0,0.292,24.0,20.51,9.0,7.69,0.722,0.085,21.46,10.35,15.42,25.77,22.71,18.32,,,,,,,,,,,,,,,,,,,,,,,,,,,,
744923,2024-06-06,2024,643396,R,700249,L,single,False,False,56.0,0.269,8.0,14.29,3.0,5.36,0.706,0.11599999999999999,12.5,5.29,23.81,29.1,26.97,20.51,90.0,0.23,16.0,17.78,11.0,12.22,0.634,0.0669999999999999,19.59,8.03,19.67,27.7,20.35,15.09,,,,,,,,,,,,,,,,,,,,,,,,,,,,
744923,2024-06-06,2024,676391,R,700249,L,field_out,False,False,46.0,0.31,3.0,6.52,1.0,2.17,0.77,0.119,11.24,6.85,14.38,21.23,43.28,8.11,32.0,0.367,3.0,9.38,1.0,3.12,0.775,0.033,12.96,7.37,17.89,25.26,46.81,17.65,,,,,,,,,,,,,,,,,,,,,,,,,,,,
744923,2024-06-06,2024,681393,R,579328,L,field_out,False,False,1.0,0.0,0.0,0.0,0.0,0.0,0.0,0.0,0.0,0.0,0.0,0.0,,,,,,,,,,,,,,,,,237.0,0.28,54.0,22.78,13.0,5.49,0.755,0.15599999999999997,23.16,11.42,16.79,28.21,27.14,19.42,561.0,0.266,142.0,25.31,40.0,7.13,0.756,0.1689999999999999,27.96,13.7,14.72,28.41,29.66,21.23
744923,2024-06-06,2024,543510,R,579328,L,field_out,False,False,44.0,0.186,11.0,25.0,0.0,0.0,0.488,0.11599999999999999,30.68,17.76,13.82,31.58,39.39,24.44,114.0,0.2,26.0,22.81,3.0,2.63,0.592,0.173,26.42,14.87,13.96,28.83,35.5,16.35,237.0,0.28,54.0,22.78,13.0,5.49,0.755,0.15599999999999997,23.16,11.42,16.79,28.21,27.14,19.42,561.0,0.266,142.0,25.31,40.0,7.13,0.756,0.1689999999999999,27.96,13.7,14.72,28.41,29.66,21.23
744923,2024-06-06,2024,681297,L,579328,L,field_out,False,False,46.0,0.225,17.0,36.96,3.0,6.52,0.6890000000000001,0.17500000000000002,36.71,15.51,20.32,35.83,21.74,26.98,9.0,0.143,2.0,22.22,1.0,11.11,0.476,0.0,25.0,8.11,27.03,35.14,15.79,18.18,42.0,0.2,11.0,26.19,1.0,2.38,0.41400000000000003,0.0,27.78,12.42,20.5,32.92,24.64,27.5,141.0,0.214,39.0,27.66,8.0,5.67,0.659,0.175,28.09,13.35,19.22,32.56,29.18,21.79
744923,2024-06-06,2024,676914,R,700249,L,field_out,False,False,53.0,0.205,16.0,30.19,6.0,11.32,0.743,0.25,32.99,15.09,17.45,32.55,24.77,24.62,54.0,0.326,16.0,29.63,10.0,18.52,1.3,0.5109999999999999,37.65,15.69,17.16,32.84,15.89,28.07,,,,,,,,,,,,,,,,,,,,,,,,,,,,
744923,2024-06-06,2024,643376,R,700249,L,field_out,False,False,29.0,0.348,6.0,20.69,5.0,17.24,0.883,0.08700000000000002,26.67,9.76,20.33,30.08,12.7,18.75,86.0,0.205,16.0,18.6,7.0,8.14,0.792,0.308,17.86,8.52,13.35,21.88,27.32,15.24,,,,,,,,,,,,,,,,,,,,,,,,,,,,
744923,2024-06-06,2024,665489,R,700249,L,single,False,False,51.0,0.238,8.0,15.69,9.0,17.65,0.706,0.09500000000000003,23.46,9.45,16.42,25.87,23.42,14.55,124.0,0.284,15.0,12.1,19.0,15.32,0.766,0.079,18.93,8.25,16.07,24.31,22.78,13.51,,,,,,,,,,,,,,,,,,,,,,,,,,,,
744923,2024-06-06,2024,666182,R,700249,L,field_out,False,False,43.0,0.146,7.0,16.28,2.0,4.65,0.357,0.025000000000000022,13.4,8.44,9.74,18.18,43.24,13.21,107.0,0.323,13.0,12.15,7.0,6.54,0.893,0.202,17.62,9.88,9.88,19.75,30.5,10.32,,,,,,,,,,,,,,,,,,,,,,,,,,,,
744923,2024-06-06,2024,676059,R,579328,L,field_out,False,False,57.0,0.231,16.0,28.07,4.0,7.02,0.728,0.211,39.09,19.82,14.75,34.56,31.53,25.81,82.0,0.284,23.0,28.05,8.0,9.76,0.786,0.148,32.37,14.29,17.14,31.43,25.99,24.21,237.0,0.28,54.0,22.78,13.0,5.49,0.755,0.15599999999999997,23.16,11.42,16.79,28.21,27.14,19.42,561.0,0.266,142.0,25.31,40.0,7.13,0.756,0.1689999999999999,27.96,13.7,14.72,28.41,29.66,21.23
744923,2024-06-06,2024,668939,R,579328,L,home_run,False,False,80.0,0.442,11.0,13.75,3.0,3.75,1.163,0.25899999999999995,16.55,7.48,20.56,28.04,25.97,11.83,191.0,0.304,21.0,10.99,31.0,16.23,0.895,0.177,12.46,4.9,20.56,25.46,20.79,8.71,237.0,0.28,54.0,22.78,13.0,5.49,0.755,0.15599999999999997,23.16,11.42,16.79,28.21,27.14,19.42,561.0,0.266,142.0,25.31,40.0,7.13,0.756,0.1689999999999999,27.96,13.7,14.72,28.41,29.66,21.23
744923,2024-06-06,2024,663624,R,579328,L,field_out,False,False,66.0,0.3,12.0,18.18,6.0,9.09,0.897,0.23300000000000004,20.86,10.98,13.26,24.24,38.3,16.0,161.0,0.338,29.0,18.01,15.0,9.32,1.053,0.317,25.46,14.21,11.82,26.03,41.95,16.86,237.0,0.28,54.0,22.78,13.0,5.49,0.755,0.15599999999999997,23.16,11.42,16.79,28.21,27.14,19.42,561.0,0.266,142.0,25.31,40.0,7.13,0.756,0.1689999999999999,27.96,13.7,14.72,28.41,29.66,21.23
744923,2024-06-06,2024,683002,L,579328,L,strikeout,True,False,88.0,0.286,25.0,28.41,15.0,17.05,0.9909999999999999,0.285,30.56,11.92,18.97,30.89,18.52,22.52,167.0,0.209,42.0,25.15,18.0,10.78,0.617,0.115,28.77,12.92,19.54,32.46,27.19,20.79,42.0,0.2,11.0,26.19,1.0,2.38,0.41400000000000003,0.0,27.78,12.42,20.5,32.92,24.64,27.5,141.0,0.214,39.0,27.66,8.0,5.67,0.659,0.175,28.09,13.35,19.22,32.56,29.18,21.79
744923,2024-06-06,2024,543807,R,700249,L,field_out,False,False,54.0,0.156,10.0,18.52,8.0,14.81,0.522,0.088,19.39,8.37,13.22,21.59,17.12,15.87,144.0,0.242,24.0,16.67,17.0,11.81,0.71,0.137,19.37,9.5,11.92,21.42,22.03,14.37,,,,,,,,,,,,,,,,,,,,,,,,,,,,
744923,2024-06-06,2024,457759,R,700249,L,single,False,False,43.0,0.325,6.0,13.95,2.0,4.65,0.899,0.22500000000000003,9.68,4.71,19.37,24.08,27.59,8.82,164.0,0.285,32.0,19.51,18.0,10.98,0.9,0.243,20.38,9.35,18.71,28.06,27.41,13.45,,,,,,,,,,,,,,,,,,,,,,,,,,,,
744923,2024-06-06,2024,662139,L,700249,L,walk,False,True,44.0,0.256,5.0,11.36,5.0,11.36,0.726,0.129,15.71,7.05,16.67,23.72,22.08,11.11,117.0,0.292,24.0,20.51,9.0,7.69,0.722,0.085,21.46,10.35,15.42,25.77,22.71,18.32,,,,,,,,,,,,,,,,,,,,,,,,,,,,
744923,2024-06-06,2024,643396,R,622253,R,field_out,False,False,138.0,0.268,20.0,14.49,8.0,5.8,0.7030000000000001,0.126,12.95,5.94,22.13,28.07,32.77,15.15,273.0,0.246,54.0,19.78,17.0,6.23,0.6479999999999999,0.1069999999999999,19.6,9.05,20.2,29.25,28.6,15.56,58.0,0.226,11.0,18.97,3.0,5.17,0.538,0.01899999999999999,18.75,8.37,18.14,26.51,29.91,18.33,,,,,,,,,,,,,,
744923,2024-06-06,2024,676391,R,622253,R,single,False,False,64.0,0.177,5.0,7.81,1.0,1.56,0.478,0.11299999999999999,17.02,10.04,14.23,24.27,45.24,6.94,20.0,0.4,1.0,5.0,0.0,0.0,1.05,0.25,5.71,3.33,15.0,18.33,40.0,7.69,58.0,0.226,11.0,18.97,3.0,5.17,0.538,0.01899999999999999,18.75,8.37,18.14,26.51,29.91,18.33,,,,,,,,,,,,,,
744923,2024-06-06,2024,676914,R,622253,R,strikeout,True,False,149.0,0.26,36.0,24.16,17.0,11.41,0.8109999999999999,0.189,26.82,10.67,19.05,29.73,19.53,16.98,87.0,0.247,27.0,31.03,11.0,12.64,0.8340000000000001,0.219,37.06,13.98,21.9,35.88,15.66,21.77,58.0,0.226,11.0,18.97,3.0,5.17,0.538,0.01899999999999999,18.75,8.37,18.14,26.51,29.91,18.33,,,,,,,,,,,,,,
744923,2024-06-06,2024,623993,L,663878,R,field_out,False,False,174.0,0.206,27.0,15.52,11.0,6.32,0.714,0.23800000000000002,16.71,9.35,11.94,21.29,41.05,12.11,486.0,0.26,107.0,22.02,31.0,6.38,0.798,0.2229999999999999,22.13,11.37,14.84,26.21,37.22,15.21,41.0,0.182,13.0,31.71,5.0,12.2,0.5660000000000001,0.09100000000000003,22.08,9.77,17.24,27.01,20.69,26.53,74.0,0.194,21.0,28.38,11.0,14.86,0.679,0.1609999999999999,28.0,10.7,18.04,28.75,14.62,21.28
744923,2024-06-06,2024,669720,R,663878,R,strikeout,True,False,63.0,0.143,10.0,15.87,4.0,6.35,0.508,0.143,22.86,11.94,12.94,24.88,26.32,22.22,399.0,0.28,104.0,26.07,22.0,5.51,0.762,0.1589999999999999,29.22,13.77,18.52,32.29,31.55,22.92,64.0,0.291,15.0,23.44,6.0,9.38,0.8140000000000001,0.16400000000000003,29.09,12.6,18.9,31.5,26.15,17.65,108.0,0.247,22.0,20.37,7.0,6.48,0.749,0.196,25.39,11.81,15.18,26.99,24.64,20.75
744923,2024-06-06,2024,681393,R,663878,R,field_out,False,False,6.0,0.167,2.0,33.33,0.0,0.0,0.8340000000000001,0.5,20.0,11.54,19.23,30.77,53.85,20.0,,,,,,,,,,,,,,,64.0,0.291,15.0,23.44,6.0,9.38,0.8140000000000001,0.16400000000000003,29.09,12.6,18.9,31.5,26.15,17.65,108.0,0.247,22.0,20.37,7.0,6.48,0.749,0.196,25.39,11.81,15.18,26.99,24.64,20.75
744923,2024-06-06,2024,643376,R,669211,L,field_out,False,False,29.0,0.348,6.0,20.69,5.0,17.24,0.883,0.08700000000000002,26.67,9.76,20.33,30.08,12.7,18.75,86.0,0.205,16.0,18.6,7.0,8.14,0.792,0.308,17.86,8.52,13.35,21.88,27.32,15.24,59.0,0.192,17.0,28.81,5.0,8.47,0.644,0.193,28.97,12.92,17.5,30.42,23.93,24.64,67.0,0.345,18.0,26.87,7.0,10.45,0.857,0.103,25.5,12.88,15.93,28.81,31.58,16.98
744923,2024-06-06,2024,665489,R,669211,L,walk,False,True,51.0,0.238,8.0,15.69,9.0,17.65,0.706,0.09500000000000003,23.46,9.45,16.42,25.87,23.42,14.55,124.0,0.284,15.0,12.1,19.0,15.32,0.766,0.079,18.93,8.25,16.07,24.31,22.78,13.51,59.0,0.192,17.0,28.81,5.0,8.47,0.644,0.193,28.97,12.92,17.5,30.42,23.93,24.64,67.0,0.345,18.0,26.87,7.0,10.45,0.857,0.103,25.5,12.88,15.93,28.81,31.58,16.98
744923,2024-06-06,2024,666182,R,669211,L,field_out,False,False,43.0,0.146,7.0,16.28,2.0,4.65,0.357,0.025000000000000022,13.4,8.44,9.74,18.18,43.24,13.21,107.0,0.323,13.0,12.15,7.0,6.54,0.893,0.202,17.62,9.88,9.88,19.75,30.5,10.32,59.0,0.192,17.0,28.81,5.0,8.47,0.644,0.193,28.97,12.92,17.5,30.42,23.93,24.64,67.0,0.345,18.0,26.87,7.0,10.45,0.857,0.103,25.5,12.88,15.93,28.81,31.58,16.98
744923,2024-06-06,2024,543807,R,669211,L,force_out,False,False,54.0,0.156,10.0,18.52,8.0,14.81,0.522,0.088,19.39,8.37,13.22,21.59,17.12,15.87,144.0,0.242,24.0,16.67,17.0,11.81,0.71,0.137,19.37,9.5,11.92,21.42,22.03,14.37,59.0,0.192,17.0,28.81,5.0,8.47,0.644,0.193,28.97,12.92,17.5,30.42,23.93,24.64,67.0,0.345,18.0,26.87,7.0,10.45,0.857,0.103,25.5,12.88,15.93,28.81,31.58,16.98
744923,2024-06-06,2024,543510,R,647315,R,field_out,False,False,48.0,0.217,6.0,12.5,1.0,2.08,0.512,0.06599999999999998,18.6,10.26,14.1,24.36,36.92,11.9,112.0,0.247,31.0,27.68,6.0,5.36,0.702,0.134,37.09,19.22,14.36,33.58,41.41,26.72,35.0,0.294,4.0,11.43,0.0,0.0,0.9039999999999999,0.324,11.76,6.56,10.66,17.21,38.1,11.43,34.0,0.161,9.0,26.47,3.0,8.82,0.493,0.097,21.67,10.32,23.81,34.13,41.43,21.95
744923,2024-06-06,2024,681297,L,647315,R,strikeout,True,False,150.0,0.236,38.0,25.33,18.0,12.0,0.783,0.20500000000000002,28.88,12.7,16.19,28.89,22.58,21.59,68.0,0.111,20.0,29.41,12.0,17.65,0.427,0.0369999999999999,26.67,10.98,17.07,28.05,21.51,17.7,26.0,0.19,4.0,15.38,3.0,11.54,0.5660000000000001,0.09599999999999997,35.9,15.91,13.64,29.55,28.0,23.53,22.0,0.316,5.0,22.73,3.0,13.64,1.251,0.526,36.36,16.44,13.7,30.14,28.89,31.25
744923,2024-06-06,2024,676059,R,647315,R,walk,False,True,174.0,0.296,28.0,16.09,11.0,6.32,0.854,0.20700000000000002,25.91,13.16,15.33,28.48,30.82,13.92,146.0,0.246,33.0,22.6,8.0,5.48,0.6779999999999999,0.142,22.97,11.73,16.25,27.98,29.59,19.76,35.0,0.294,4.0,11.43,0.0,0.0,0.9039999999999999,0.324,11.76,6.56,10.66,17.21,38.1,11.43,34.0,0.161,9.0,26.47,3.0,8.82,0.493,0.097,21.67,10.32,23.81,34.13,41.43,21.95
744923,2024-06-06,2024,668939,L,647315,R,home_run,False,False,174.0,0.238,32.0,18.39,11.0,6.32,0.637,0.11199999999999999,22.15,10.51,19.56,30.07,33.72,16.41,496.0,0.267,80.0,16.13,61.0,12.3,0.778,0.1519999999999999,16.76,6.91,19.7,26.61,24.41,12.54,26.0,0.19,4.0,15.38,3.0,11.54,0.5660000000000001,0.09599999999999997,35.9,15.91,13.64,29.55,28.0,23.53,22.0,0.316,5.0,22.73,3.0,13.64,1.251,0.526,36.36,16.44,13.7,30.14,28.89,31.25
744923,2024-06-06,2024,663624,R,647315,R,field_out,False,False,166.0,0.274,39.0,23.49,7.0,4.22,0.7909999999999999,0.21599999999999997,23.25,12.75,12.6,25.35,37.71,19.21,310.0,0.235,78.0,25.16,22.0,7.1,0.6399999999999999,0.1139999999999999,29.78,16.05,13.56,29.61,37.06,21.61,35.0,0.294,4.0,11.43,0.0,0.0,0.9039999999999999,0.324,11.76,6.56,10.66,17.21,38.1,11.43,34.0,0.161,9.0,26.47,3.0,8.82,0.493,0.097,21.67,10.32,23.81,34.13,41.43,21.95
744923,2024-06-06,2024,457759,R,669211,L,single,False,False,43.0,0.325,6.0,13.95,2.0,4.65,0.899,0.22500000000000003,9.68,4.71,19.37,24.08,27.59,8.82,164.0,0.285,32.0,19.51,18.0,10.98,0.9,0.243,20.38,9.35,18.71,28.06,27.41,13.45,59.0,0.192,17.0,28.81,5.0,8.47,0.644,0.193,28.97,12.92,17.5,30.42,23.93,24.64,67.0,0.345,18.0,26.87,7.0,10.45,0.857,0.103,25.5,12.88,15.93,28.81,31.58,16.98
744923,2024-06-06,2024,662139,L,669211,L,strikeout,True,False,44.0,0.256,5.0,11.36,5.0,11.36,0.726,0.129,15.71,7.05,16.67,23.72,22.08,11.11,117.0,0.292,24.0,20.51,9.0,7.69,0.722,0.085,21.46,10.35,15.42,25.77,22.71,18.32,53.0,0.234,13.0,24.53,5.0,9.43,0.6910000000000001,0.149,21.59,8.64,20.45,29.09,18.1,20.0,46.0,0.326,9.0,19.57,0.0,0.0,0.869,0.217,24.44,13.33,19.39,32.73,38.36,19.15
744923,2024-06-06,2024,643396,R,669211,L,field_out,False,False,56.0,0.269,8.0,14.29,3.0,5.36,0.706,0.11599999999999999,12.5,5.29,23.81,29.1,26.97,20.51,90.0,0.23,16.0,17.78,11.0,12.22,0.634,0.0669999999999999,19.59,8.03,19.67,27.7,20.35,15.09,59.0,0.192,17.0,28.81,5.0,8.47,0.644,0.193,28.97,12.92,17.5,30.42,23.93,24.64,67.0,0.345,18.0,26.87,7.0,10.45,0.857,0.103,25.5,12.88,15.93,28.81,31.58,16.98
744923,2024-06-06,2024,676391,R,669211,L,field_out,False,False,46.0,0.31,3.0,6.52,1.0,2.17,0.77,0.119,11.24,6.85,14.38,21.23,43.28,8.11,32.0,0.367,3.0,9.38,1.0,3.12,0.775,0.033,12.96,7.37,17.89,25.26,46.81,17.65,59.0,0.192,17.0,28.81,5.0,8.47,0.644,0.193,28.97,12.92,17.5,30.42,23.93,24.64,67.0,0.345,18.0,26.87,7.0,10.45,0.857,0.103,25.5,12.88,15.93,28.81,31.58,16.98
744923,2024-06-06,2024,683002,L,554340,R,strikeout,True,False,184.0,0.255,38.0,20.65,19.0,10.33,0.9259999999999999,0.32899999999999996,23.73,10.79,14.68,25.47,22.56,23.03,455.0,0.272,117.0,25.71,38.0,8.35,0.885,0.277,25.57,12.07,15.7,27.78,26.4,22.35,34.0,0.172,13.0,38.24,5.0,14.71,0.673,0.20700000000000002,37.29,16.06,19.71,35.77,41.1,30.23,108.0,0.237,36.0,33.33,10.0,9.26,0.687,0.129,38.58,17.23,15.87,33.11,25.44,27.69
744923,2024-06-06,2024,623993,L,554340,R,field_out,False,False,174.0,0.206,27.0,15.52,11.0,6.32,0.714,0.23800000000000002,16.71,9.35,11.94,21.29,41.05,12.11,486.0,0.26,107.0,22.02,31.0,6.38,0.798,0.2229999999999999,22.13,11.37,14.84,26.21,37.22,15.21,34.0,0.172,13.0,38.24,5.0,14.71,0.673,0.20700000000000002,37.29,16.06,19.71,35.77,41.1,30.23,108.0,0.237,36.0,33.33,10.0,9.26,0.687,0.129,38.58,17.23,15.87,33.11,25.44,27.69
744923,2024-06-06,2024,669720,R,554340,R,hit_by_pitch,False,False,63.0,0.143,10.0,15.87,4.0,6.35,0.508,0.143,22.86,11.94,12.94,24.88,26.32,22.22,399.0,0.28,104.0,26.07,22.0,5.51,0.762,0.1589999999999999,29.22,13.77,18.52,32.29,31.55,22.92,55.0,0.098,18.0,32.73,2.0,3.64,0.28500000000000003,0.03900000000000001,26.89,14.1,14.98,29.07,33.03,23.68,174.0,0.274,43.0,24.71,5.0,2.87,0.739,0.1529999999999999,27.03,13.64,15.61,29.24,32.93,24.02
744923,2024-06-06,2024,656811,L,554340,R,home_run,False,False,161.0,0.288,17.0,10.56,15.0,9.32,0.827,0.185,17.37,7.75,16.87,24.61,23.96,13.08,340.0,0.297,74.0,21.76,13.0,3.82,0.802,0.178,22.26,11.29,14.37,25.66,31.15,17.72,34.0,0.172,13.0,38.24,5.0,14.71,0.673,0.20700000000000002,37.29,16.06,19.71,35.77,41.1,30.23,108.0,0.237,36.0,33.33,10.0,9.26,0.687,0.129,38.58,17.23,15.87,33.11,25.44,27.69
744923,2024-06-06,2024,669065,L,554340,R,strikeout,True,False,27.0,0.346,8.0,29.63,0.0,0.0,0.846,0.15400000000000003,33.33,20.83,9.38,30.21,33.33,24.24,30.0,0.071,12.0,40.0,2.0,6.67,0.204,0.0,37.29,20.37,12.04,32.41,38.18,40.0,34.0,0.172,13.0,38.24,5.0,14.71,0.673,0.20700000000000002,37.29,16.06,19.71,35.77,41.1,30.23,108.0,0.237,36.0,33.33,10.0,9.26,0.687,0.129,38.58,17.23,15.87,33.11,25.44,27.69
746631,2024-06-06,2024,672580,R,676440,R,field_error,False,False,222.0,0.255,42.0,18.92,18.0,8.11,0.669,0.09999999999999998,19.78,8.49,21.05,29.55,20.54,17.57,400.0,0.258,94.0,23.5,33.0,8.25,0.648,0.071,20.3,8.71,19.59,28.3,19.12,19.96,104.0,0.179,32.0,30.77,3.0,2.88,0.534,0.14700000000000002,31.86,17.65,13.24,30.88,27.06,21.77,317.0,0.253,79.0,24.92,22.0,6.94,0.732,0.1669999999999999,27.8,13.2,16.51,29.71,29.83,21.01
746631,2024-06-06,2024,677951,R,676440,R,strikeout,True,False,231.0,0.329,39.0,16.88,19.0,8.23,0.96,0.24599999999999994,24.72,12.1,13.87,25.97,28.1,16.6,547.0,0.27,93.0,17.0,33.0,6.03,0.8,0.2149999999999999,22.15,10.87,15.53,26.4,29.62,14.44,104.0,0.179,32.0,30.77,3.0,2.88,0.534,0.14700000000000002,31.86,17.65,13.24,30.88,27.06,21.77,317.0,0.253,79.0,24.92,22.0,6.94,0.732,0.1669999999999999,27.8,13.2,16.51,29.71,29.83,21.01
746631,2024-06-06,2024,686469,L,676440,R,double,False,False,192.0,0.221,27.0,14.06,20.0,10.42,0.726,0.19599999999999998,13.08,5.87,16.3,22.16,27.88,13.24,188.0,0.251,23.0,12.23,15.0,7.98,0.784,0.217,14.85,7.02,17.48,24.5,34.8,10.0,168.0,0.272,37.0,22.02,15.0,8.93,0.802,0.185,24.53,11.5,16.08,27.58,24.27,16.37,268.0,0.202,62.0,23.13,23.0,8.58,0.546,0.071,24.7,11.53,16.24,27.77,24.49,18.84
746631,2024-06-06,2024,521692,R,676440,R,field_out,False,False,185.0,0.317,29.0,15.68,12.0,6.49,0.913,0.21600000000000003,23.35,13.73,8.66,22.39,45.05,12.89,437.0,0.264,100.0,22.88,11.0,2.52,0.73,0.174,30.72,18.16,9.73,27.89,45.56,22.08,104.0,0.179,32.0,30.77,3.0,2.88,0.534,0.14700000000000002,31.86,17.65,13.24,30.88,27.06,21.77,317.0,0.253,79.0,24.92,22.0,6.94,0.732,0.1669999999999999,27.8,13.2,16.51,29.71,29.83,21.01
746631,2024-06-06,2024,666023,R,676440,R,strikeout,True,False,69.0,0.266,13.0,18.84,5.0,7.25,0.647,0.062,22.67,12.36,13.09,25.45,35.04,13.98,169.0,0.288,36.0,21.3,9.0,5.33,0.785,0.174,23.9,13.04,10.79,23.84,30.17,16.22,104.0,0.179,32.0,30.77,3.0,2.88,0.534,0.14700000000000002,31.86,17.65,13.24,30.88,27.06,21.77,317.0,0.253,79.0,24.92,22.0,6.94,0.732,0.1669999999999999,27.8,13.2,16.51,29.71,29.83,21.01
746631,2024-06-06,2024,680757,L,663903,R,single,False,False,115.0,0.34,9.0,7.83,9.0,7.83,0.899,0.15499999999999997,7.3,3.01,23.38,26.39,18.23,7.5,494.0,0.272,52.0,10.53,50.0,10.12,0.73,0.1119999999999999,10.22,4.19,22.03,26.23,20.67,8.84,131.0,0.239,34.0,25.95,12.0,9.16,0.765,0.20500000000000002,25.23,10.79,21.77,32.56,25.77,21.66,414.0,0.263,82.0,19.81,35.0,8.45,0.781,0.181,22.79,10.32,17.41,27.72,25.13,21.37
746631,2024-06-06,2024,665926,L,663903,R,fielders_choice,False,False,174.0,0.26,28.0,16.09,11.0,6.32,0.683,0.09699999999999998,25.47,14.09,11.84,25.94,36.83,13.57,419.0,0.243,86.0,20.53,24.0,5.73,0.712,0.162,26.46,14.29,12.8,27.09,38.97,17.27,131.0,0.239,34.0,25.95,12.0,9.16,0.765,0.20500000000000002,25.23,10.79,21.77,32.56,25.77,21.66,414.0,0.263,82.0,19.81,35.0,8.45,0.781,0.181,22.79,10.32,17.41,27.72,25.13,21.37
746631,2024-06-06,2024,608070,L,663903,R,walk,False,True,178.0,0.244,20.0,11.24,12.0,6.74,0.804,0.262,14.09,6.9,14.07,20.97,30.83,9.13,461.0,0.302,48.0,10.41,54.0,11.71,0.863,0.179,15.4,6.98,13.91,20.89,28.02,10.17,131.0,0.239,34.0,25.95,12.0,9.16,0.765,0.20500000000000002,25.23,10.79,21.77,32.56,25.77,21.66,414.0,0.263,82.0,19.81,35.0,8.45,0.781,0.181,22.79,10.32,17.41,27.72,25.13,21.37
746631,2024-06-06,2024,647304,L,663903,R,field_out,False,False,169.0,0.234,22.0,13.02,18.0,10.65,0.835,0.276,20.33,10.32,9.65,19.97,31.21,14.19,348.0,0.311,53.0,15.23,25.0,7.18,0.851,0.184,21.29,11.96,9.18,21.15,41.36,16.99,131.0,0.239,34.0,25.95,12.0,9.16,0.765,0.20500000000000002,25.23,10.79,21.77,32.56,25.77,21.66,414.0,0.263,82.0,19.81,35.0,8.45,0.781,0.181,22.79,10.32,17.41,27.72,25.13,21.37
746631,2024-06-06,2024,700932,L,663903,R,fielders_choice_out,False,False,54.0,0.216,15.0,27.78,2.0,3.7,0.5920000000000001,0.11700000000000002,24.51,11.42,17.81,29.22,23.3,22.73,,,,,,,,,,,,,,,131.0,0.239,34.0,25.95,12.0,9.16,0.765,0.20500000000000002,25.23,10.79,21.77,32.56,25.77,21.66,414.0,0.263,82.0,19.81,35.0,8.45,0.781,0.181,22.79,10.32,17.41,27.72,25.13,21.37
746631,2024-06-06,2024,686823,L,663903,R,field_out,False,False,155.0,0.25,20.0,12.9,12.0,7.74,0.702,0.136,18.84,10.15,11.81,21.96,34.43,15.15,369.0,0.279,45.0,12.2,14.0,3.79,0.6930000000000001,0.0999999999999999,17.97,10.23,12.48,22.71,38.5,12.47,131.0,0.239,34.0,25.95,12.0,9.16,0.765,0.20500000000000002,25.23,10.79,21.77,32.56,25.77,21.66,414.0,0.263,82.0,19.81,35.0,8.45,0.781,0.181,22.79,10.32,17.41,27.72,25.13,21.37
746631,2024-06-06,2024,669004,L,676440,R,field_out,False,False,150.0,0.167,39.0,26.0,11.0,7.33,0.595,0.19499999999999998,29.52,15.19,12.09,27.29,28.53,17.49,459.0,0.239,122.0,26.58,55.0,11.98,0.752,0.181,32.7,15.24,15.56,30.8,24.84,20.68,168.0,0.272,37.0,22.02,15.0,8.93,0.802,0.185,24.53,11.5,16.08,27.58,24.27,16.37,268.0,0.202,62.0,23.13,23.0,8.58,0.546,0.071,24.7,11.53,16.24,27.77,24.49,18.84
746631,2024-06-06,2024,592669,R,676440,R,hit_by_pitch,False,False,116.0,0.181,24.0,20.69,11.0,9.48,0.573,0.133,27.75,11.3,22.17,33.48,24.79,16.67,408.0,0.229,91.0,22.3,35.0,8.58,0.723,0.1969999999999999,28.12,14.44,14.12,28.56,33.7,19.12,104.0,0.179,32.0,30.77,3.0,2.88,0.534,0.14700000000000002,31.86,17.65,13.24,30.88,27.06,21.77,317.0,0.253,79.0,24.92,22.0,6.94,0.732,0.1669999999999999,27.8,13.2,16.51,29.71,29.83,21.01
746631,2024-06-06,2024,641658,R,676440,R,field_out,False,False,37.0,0.324,11.0,29.73,2.0,5.41,0.714,0.02899999999999997,19.44,9.52,19.73,29.25,25.0,22.45,170.0,0.282,45.0,26.47,14.0,8.24,0.74,0.107,24.75,10.81,20.44,31.26,25.39,22.06,104.0,0.179,32.0,30.77,3.0,2.88,0.534,0.14700000000000002,31.86,17.65,13.24,30.88,27.06,21.77,317.0,0.253,79.0,24.92,22.0,6.94,0.732,0.1669999999999999,27.8,13.2,16.51,29.71,29.83,21.01
746631,2024-06-06,2024,664728,L,676440,R,strikeout,True,False,139.0,0.209,23.0,16.55,9.0,6.47,0.61,0.13999999999999999,17.35,7.97,20.96,28.93,30.74,19.66,253.0,0.223,43.0,17.0,12.0,4.74,0.631,0.147,20.48,9.51,19.8,29.31,28.6,18.78,168.0,0.272,37.0,22.02,15.0,8.93,0.802,0.185,24.53,11.5,16.08,27.58,24.27,16.37,268.0,0.202,62.0,23.13,23.0,8.58,0.546,0.071,24.7,11.53,16.24,27.77,24.49,18.84
746631,2024-06-06,2024,682177,L,663903,R,single,False,False,4.0,0.333,0.0,0.0,1.0,25.0,1.167,0.334,0.0,0.0,25.0,25.0,0.0,0.0,,,,,,,,,,,,,,,131.0,0.239,34.0,25.95,12.0,9.16,0.765,0.20500000000000002,25.23,10.79,21.77,32.56,25.77,21.66,414.0,0.263,82.0,19.81,35.0,8.45,0.781,0.181,22.79,10.32,17.41,27.72,25.13,21.37
746631,2024-06-06,2024,666310,L,663903,R,field_out,False,False,125.0,0.17,42.0,33.6,11.0,8.8,0.498,0.07999999999999999,30.77,14.21,17.2,31.4,26.34,22.73,180.0,0.243,40.0,22.22,26.0,14.44,0.852,0.257,22.79,10.11,14.03,24.15,23.6,16.67,131.0,0.239,34.0,25.95,12.0,9.16,0.765,0.20500000000000002,25.23,10.79,21.77,32.56,25.77,21.66,414.0,0.263,82.0,19.81,35.0,8.45,0.781,0.181,22.79,10.32,17.41,27.72,25.13,21.37
746631,2024-06-06,2024,677587,L,663903,R,single,False,False,130.0,0.239,20.0,15.38,18.0,13.85,0.6519999999999999,0.064,22.89,10.78,14.93,25.71,28.77,11.83,53.0,0.3,12.0,22.64,2.0,3.77,0.7010000000000001,0.08,28.07,15.31,15.79,31.1,41.59,17.39,131.0,0.239,34.0,25.95,12.0,9.16,0.765,0.20500000000000002,25.23,10.79,21.77,32.56,25.77,21.66,414.0,0.263,82.0,19.81,35.0,8.45,0.781,0.181,22.79,10.32,17.41,27.72,25.13,21.37
746631,2024-06-06,2024,680757,L,663903,R,sac_bunt,False,False,115.0,0.34,9.0,7.83,9.0,7.83,0.899,0.15499999999999997,7.3,3.01,23.38,26.39,18.23,7.5,494.0,0.272,52.0,10.53,50.0,10.12,0.73,0.1119999999999999,10.22,4.19,22.03,26.23,20.67,8.84,131.0,0.239,34.0,25.95,12.0,9.16,0.765,0.20500000000000002,25.23,10.79,21.77,32.56,25.77,21.66,414.0,0.263,82.0,19.81,35.0,8.45,0.781,0.181,22.79,10.32,17.41,27.72,25.13,21.37
746631,2024-06-06,2024,665926,L,663903,R,field_out,False,False,174.0,0.26,28.0,16.09,11.0,6.32,0.683,0.09699999999999998,25.47,14.09,11.84,25.94,36.83,13.57,419.0,0.243,86.0,20.53,24.0,5.73,0.712,0.162,26.46,14.29,12.8,27.09,38.97,17.27,131.0,0.239,34.0,25.95,12.0,9.16,0.765,0.20500000000000002,25.23,10.79,21.77,32.56,25.77,21.66,414.0,0.263,82.0,19.81,35.0,8.45,0.781,0.181,22.79,10.32,17.41,27.72,25.13,21.37
746631,2024-06-06,2024,672580,R,676440,R,double,False,False,222.0,0.255,42.0,18.92,18.0,8.11,0.669,0.09999999999999998,19.78,8.49,21.05,29.55,20.54,17.57,400.0,0.258,94.0,23.5,33.0,8.25,0.648,0.071,20.3,8.71,19.59,28.3,19.12,19.96,104.0,0.179,32.0,30.77,3.0,2.88,0.534,0.14700000000000002,31.86,17.65,13.24,30.88,27.06,21.77,317.0,0.253,79.0,24.92,22.0,6.94,0.732,0.1669999999999999,27.8,13.2,16.51,29.71,29.83,21.01
746631,2024-06-06,2024,677951,R,676440,R,strikeout,True,False,231.0,0.329,39.0,16.88,19.0,8.23,0.96,0.24599999999999994,24.72,12.1,13.87,25.97,28.1,16.6,547.0,0.27,93.0,17.0,33.0,6.03,0.8,0.2149999999999999,22.15,10.87,15.53,26.4,29.62,14.44,104.0,0.179,32.0,30.77,3.0,2.88,0.534,0.14700000000000002,31.86,17.65,13.24,30.88,27.06,21.77,317.0,0.253,79.0,24.92,22.0,6.94,0.732,0.1669999999999999,27.8,13.2,16.51,29.71,29.83,21.01
746631,2024-06-06,2024,686469,L,676440,R,field_out,False,False,192.0,0.221,27.0,14.06,20.0,10.42,0.726,0.19599999999999998,13.08,5.87,16.3,22.16,27.88,13.24,188.0,0.251,23.0,12.23,15.0,7.98,0.784,0.217,14.85,7.02,17.48,24.5,34.8,10.0,168.0,0.272,37.0,22.02,15.0,8.93,0.802,0.185,24.53,11.5,16.08,27.58,24.27,16.37,268.0,0.202,62.0,23.13,23.0,8.58,0.546,0.071,24.7,11.53,16.24,27.77,24.49,18.84
746631,2024-06-06,2024,521692,R,676440,R,strikeout,True,False,185.0,0.317,29.0,15.68,12.0,6.49,0.913,0.21600000000000003,23.35,13.73,8.66,22.39,45.05,12.89,437.0,0.264,100.0,22.88,11.0,2.52,0.73,0.174,30.72,18.16,9.73,27.89,45.56,22.08,104.0,0.179,32.0,30.77,3.0,2.88,0.534,0.14700000000000002,31.86,17.65,13.24,30.88,27.06,21.77,317.0,0.253,79.0,24.92,22.0,6.94,0.732,0.1669999999999999,27.8,13.2,16.51,29.71,29.83,21.01
746631,2024-06-06,2024,608070,L,663903,R,home_run,False,False,178.0,0.244,20.0,11.24,12.0,6.74,0.804,0.262,14.09,6.9,14.07,20.97,30.83,9.13,461.0,0.302,48.0,10.41,54.0,11.71,0.863,0.179,15.4,6.98,13.91,20.89,28.02,10.17,131.0,0.239,34.0,25.95,12.0,9.16,0.765,0.20500000000000002,25.23,10.79,21.77,32.56,25.77,21.66,414.0,0.263,82.0,19.81,35.0,8.45,0.781,0.181,22.79,10.32,17.41,27.72,25.13,21.37
746631,2024-06-06,2024,647304,L,663903,R,field_out,False,False,169.0,0.234,22.0,13.02,18.0,10.65,0.835,0.276,20.33,10.32,9.65,19.97,31.21,14.19,348.0,0.311,53.0,15.23,25.0,7.18,0.851,0.184,21.29,11.96,9.18,21.15,41.36,16.99,131.0,0.239,34.0,25.95,12.0,9.16,0.765,0.20500000000000002,25.23,10.79,21.77,32.56,25.77,21.66,414.0,0.263,82.0,19.81,35.0,8.45,0.781,0.181,22.79,10.32,17.41,27.72,25.13,21.37
746631,2024-06-06,2024,700932,L,663903,R,double,False,False,54.0,0.216,15.0,27.78,2.0,3.7,0.5920000000000001,0.11700000000000002,24.51,11.42,17.81,29.22,23.3,22.73,,,,,,,,,,,,,,,131.0,0.239,34.0,25.95,12.0,9.16,0.765,0.20500000000000002,25.23,10.79,21.77,32.56,25.77,21.66,414.0,0.263,82.0,19.81,35.0,8.45,0.781,0.181,22.79,10.32,17.41,27.72,25.13,21.37
746631,2024-06-06,2024,686823,L,663903,R,field_out,False,False,155.0,0.25,20.0,12.9,12.0,7.74,0.702,0.136,18.84,10.15,11.81,21.96,34.43,15.15,369.0,0.279,45.0,12.2,14.0,3.79,0.6930000000000001,0.0999999999999999,17.97,10.23,12.48,22.71,38.5,12.47,131.0,0.239,34.0,25.95,12.0,9.16,0.765,0.20500000000000002,25.23,10.79,21.77,32.56,25.77,21.66,414.0,0.263,82.0,19.81,35.0,8.45,0.781,0.181,22.79,10.32,17.41,27.72,25.13,21.37
746631,2024-06-06,2024,682177,L,663903,R,strikeout,True,False,4.0,0.333,0.0,0.0,1.0,25.0,1.167,0.334,0.0,0.0,25.0,25.0,0.0,0.0,,,,,,,,,,,,,,,131.0,0.239,34.0,25.95,12.0,9.16,0.765,0.20500000000000002,25.23,10.79,21.77,32.56,25.77,21.66,414.0,0.263,82.0,19.81,35.0,8.45,0.781,0.181,22.79,10.32,17.41,27.72,25.13,21.37
746631,2024-06-06,2024,666023,R,676440,R,strikeout,True,False,69.0,0.266,13.0,18.84,5.0,7.25,0.647,0.062,22.67,12.36,13.09,25.45,35.04,13.98,169.0,0.288,36.0,21.3,9.0,5.33,0.785,0.174,23.9,13.04,10.79,23.84,30.17,16.22,104.0,0.179,32.0,30.77,3.0,2.88,0.534,0.14700000000000002,31.86,17.65,13.24,30.88,27.06,21.77,317.0,0.253,79.0,24.92,22.0,6.94,0.732,0.1669999999999999,27.8,13.2,16.51,29.71,29.83,21.01
746631,2024-06-06,2024,669004,L,676440,R,strikeout,True,False,150.0,0.167,39.0,26.0,11.0,7.33,0.595,0.19499999999999998,29.52,15.19,12.09,27.29,28.53,17.49,459.0,0.239,122.0,26.58,55.0,11.98,0.752,0.181,32.7,15.24,15.56,30.8,24.84,20.68,168.0,0.272,37.0,22.02,15.0,8.93,0.802,0.185,24.53,11.5,16.08,27.58,24.27,16.37,268.0,0.202,62.0,23.13,23.0,8.58,0.546,0.071,24.7,11.53,16.24,27.77,24.49,18.84
746631,2024-06-06,2024,592669,R,676440,R,single,False,False,116.0,0.181,24.0,20.69,11.0,9.48,0.573,0.133,27.75,11.3,22.17,33.48,24.79,16.67,408.0,0.229,91.0,22.3,35.0,8.58,0.723,0.1969999999999999,28.12,14.44,14.12,28.56,33.7,19.12,104.0,0.179,32.0,30.77,3.0,2.88,0.534,0.14700000000000002,31.86,17.65,13.24,30.88,27.06,21.77,317.0,0.253,79.0,24.92,22.0,6.94,0.732,0.1669999999999999,27.8,13.2,16.51,29.71,29.83,21.01
746631,2024-06-06,2024,641658,R,676440,R,double,False,False,37.0,0.324,11.0,29.73,2.0,5.41,0.714,0.02899999999999997,19.44,9.52,19.73,29.25,25.0,22.45,170.0,0.282,45.0,26.47,14.0,8.24,0.74,0.107,24.75,10.81,20.44,31.26,25.39,22.06,104.0,0.179,32.0,30.77,3.0,2.88,0.534,0.14700000000000002,31.86,17.65,13.24,30.88,27.06,21.77,317.0,0.253,79.0,24.92,22.0,6.94,0.732,0.1669999999999999,27.8,13.2,16.51,29.71,29.83,21.01
746631,2024-06-06,2024,664728,L,676440,R,field_out,False,False,139.0,0.209,23.0,16.55,9.0,6.47,0.61,0.13999999999999999,17.35,7.97,20.96,28.93,30.74,19.66,253.0,0.223,43.0,17.0,12.0,4.74,0.631,0.147,20.48,9.51,19.8,29.31,28.6,18.78,168.0,0.272,37.0,22.02,15.0,8.93,0.802,0.185,24.53,11.5,16.08,27.58,24.27,16.37,268.0,0.202,62.0,23.13,23.0,8.58,0.546,0.071,24.7,11.53,16.24,27.77,24.49,18.84
746631,2024-06-06,2024,666310,L,663903,R,strikeout,True,False,125.0,0.17,42.0,33.6,11.0,8.8,0.498,0.07999999999999999,30.77,14.21,17.2,31.4,26.34,22.73,180.0,0.243,40.0,22.22,26.0,14.44,0.852,0.257,22.79,10.11,14.03,24.15,23.6,16.67,131.0,0.239,34.0,25.95,12.0,9.16,0.765,0.20500000000000002,25.23,10.79,21.77,32.56,25.77,21.66,414.0,0.263,82.0,19.81,35.0,8.45,0.781,0.181,22.79,10.32,17.41,27.72,25.13,21.37
746631,2024-06-06,2024,677587,L,663903,R,single,False,False,130.0,0.239,20.0,15.38,18.0,13.85,0.6519999999999999,0.064,22.89,10.78,14.93,25.71,28.77,11.83,53.0,0.3,12.0,22.64,2.0,3.77,0.7010000000000001,0.08,28.07,15.31,15.79,31.1,41.59,17.39,131.0,0.239,34.0,25.95,12.0,9.16,0.765,0.20500000000000002,25.23,10.79,21.77,32.56,25.77,21.66,414.0,0.263,82.0,19.81,35.0,8.45,0.781,0.181,22.79,10.32,17.41,27.72,25.13,21.37
746631,2024-06-06,2024,680757,L,663903,R,single,False,False,115.0,0.34,9.0,7.83,9.0,7.83,0.899,0.15499999999999997,7.3,3.01,23.38,26.39,18.23,7.5,494.0,0.272,52.0,10.53,50.0,10.12,0.73,0.1119999999999999,10.22,4.19,22.03,26.23,20.67,8.84,131.0,0.239,34.0,25.95,12.0,9.16,0.765,0.20500000000000002,25.23,10.79,21.77,32.56,25.77,21.66,414.0,0.263,82.0,19.81,35.0,8.45,0.781,0.181,22.79,10.32,17.41,27.72,25.13,21.37
746631,2024-06-06,2024,665926,L,663903,R,single,False,False,174.0,0.26,28.0,16.09,11.0,6.32,0.683,0.09699999999999998,25.47,14.09,11.84,25.94,36.83,13.57,419.0,0.243,86.0,20.53,24.0,5.73,0.712,0.162,26.46,14.29,12.8,27.09,38.97,17.27,131.0,0.239,34.0,25.95,12.0,9.16,0.765,0.20500000000000002,25.23,10.79,21.77,32.56,25.77,21.66,414.0,0.263,82.0,19.81,35.0,8.45,0.781,0.181,22.79,10.32,17.41,27.72,25.13,21.37
746631,2024-06-06,2024,608070,L,663903,R,single,False,False,178.0,0.244,20.0,11.24,12.0,6.74,0.804,0.262,14.09,6.9,14.07,20.97,30.83,9.13,461.0,0.302,48.0,10.41,54.0,11.71,0.863,0.179,15.4,6.98,13.91,20.89,28.02,10.17,131.0,0.239,34.0,25.95,12.0,9.16,0.765,0.20500000000000002,25.23,10.79,21.77,32.56,25.77,21.66,414.0,0.263,82.0,19.81,35.0,8.45,0.781,0.181,22.79,10.32,17.41,27.72,25.13,21.37
746631,2024-06-06,2024,647304,L,519293,L,strikeout,True,False,73.0,0.215,17.0,23.29,6.0,8.22,0.7689999999999999,0.262,27.59,13.33,14.58,27.92,36.36,30.91,148.0,0.299,15.0,10.14,8.0,5.41,0.821,0.175,16.23,8.67,12.1,20.77,35.38,11.03,27.0,0.16,7.0,25.93,1.0,3.7,0.385,0.04000000000000001,32.61,14.02,21.5,35.51,32.14,25.93,66.0,0.177,19.0,28.79,4.0,6.06,0.453,0.049,34.85,17.97,15.23,33.2,37.14,21.95
746631,2024-06-06,2024,672580,R,676440,R,field_out,False,False,222.0,0.255,42.0,18.92,18.0,8.11,0.669,0.09999999999999998,19.78,8.49,21.05,29.55,20.54,17.57,400.0,0.258,94.0,23.5,33.0,8.25,0.648,0.071,20.3,8.71,19.59,28.3,19.12,19.96,104.0,0.179,32.0,30.77,3.0,2.88,0.534,0.14700000000000002,31.86,17.65,13.24,30.88,27.06,21.77,317.0,0.253,79.0,24.92,22.0,6.94,0.732,0.1669999999999999,27.8,13.2,16.51,29.71,29.83,21.01
746631,2024-06-06,2024,677951,R,676440,R,single,False,False,231.0,0.329,39.0,16.88,19.0,8.23,0.96,0.24599999999999994,24.72,12.1,13.87,25.97,28.1,16.6,547.0,0.27,93.0,17.0,33.0,6.03,0.8,0.2149999999999999,22.15,10.87,15.53,26.4,29.62,14.44,104.0,0.179,32.0,30.77,3.0,2.88,0.534,0.14700000000000002,31.86,17.65,13.24,30.88,27.06,21.77,317.0,0.253,79.0,24.92,22.0,6.94,0.732,0.1669999999999999,27.8,13.2,16.51,29.71,29.83,21.01
746631,2024-06-06,2024,686469,L,676440,R,field_out,False,False,192.0,0.221,27.0,14.06,20.0,10.42,0.726,0.19599999999999998,13.08,5.87,16.3,22.16,27.88,13.24,188.0,0.251,23.0,12.23,15.0,7.98,0.784,0.217,14.85,7.02,17.48,24.5,34.8,10.0,168.0,0.272,37.0,22.02,15.0,8.93,0.802,0.185,24.53,11.5,16.08,27.58,24.27,16.37,268.0,0.202,62.0,23.13,23.0,8.58,0.546,0.071,24.7,11.53,16.24,27.77,24.49,18.84
746631,2024-06-06,2024,521692,R,676440,R,field_out,False,False,185.0,0.317,29.0,15.68,12.0,6.49,0.913,0.21600000000000003,23.35,13.73,8.66,22.39,45.05,12.89,437.0,0.264,100.0,22.88,11.0,2.52,0.73,0.174,30.72,18.16,9.73,27.89,45.56,22.08,104.0,0.179,32.0,30.77,3.0,2.88,0.534,0.14700000000000002,31.86,17.65,13.24,30.88,27.06,21.77,317.0,0.253,79.0,24.92,22.0,6.94,0.732,0.1669999999999999,27.8,13.2,16.51,29.71,29.83,21.01
746631,2024-06-06,2024,700932,L,519293,L,field_out,False,False,15.0,0.2,5.0,33.33,0.0,0.0,0.533,0.133,34.38,18.33,20.0,38.33,41.38,23.81,,,,,,,,,,,,,,,27.0,0.16,7.0,25.93,1.0,3.7,0.385,0.04000000000000001,32.61,14.02,21.5,35.51,32.14,25.93,66.0,0.177,19.0,28.79,4.0,6.06,0.453,0.049,34.85,17.97,15.23,33.2,37.14,21.95
746631,2024-06-06,2024,686823,L,519293,L,field_out,False,False,20.0,0.2,2.0,10.0,0.0,0.0,0.55,0.14999999999999997,10.0,5.88,10.29,16.18,33.33,12.5,87.0,0.214,12.0,13.79,2.0,2.3,0.495,0.048,19.35,10.42,18.06,28.47,37.5,16.67,27.0,0.16,7.0,25.93,1.0,3.7,0.385,0.04000000000000001,32.61,14.02,21.5,35.51,32.14,25.93,66.0,0.177,19.0,28.79,4.0,6.06,0.453,0.049,34.85,17.97,15.23,33.2,37.14,21.95
746631,2024-06-06,2024,682177,L,519293,L,strikeout,True,False,2.0,0.5,1.0,50.0,0.0,0.0,1.0,0.0,22.22,15.38,7.69,23.08,50.0,11.11,,,,,,,,,,,,,,,27.0,0.16,7.0,25.93,1.0,3.7,0.385,0.04000000000000001,32.61,14.02,21.5,35.51,32.14,25.93,66.0,0.177,19.0,28.79,4.0,6.06,0.453,0.049,34.85,17.97,15.23,33.2,37.14,21.95
746631,2024-06-06,2024,666023,R,676440,R,single,False,False,69.0,0.266,13.0,18.84,5.0,7.25,0.647,0.062,22.67,12.36,13.09,25.45,35.04,13.98,169.0,0.288,36.0,21.3,9.0,5.33,0.785,0.174,23.9,13.04,10.79,23.84,30.17,16.22,104.0,0.179,32.0,30.77,3.0,2.88,0.534,0.14700000000000002,31.86,17.65,13.24,30.88,27.06,21.77,317.0,0.253,79.0,24.92,22.0,6.94,0.732,0.1669999999999999,27.8,13.2,16.51,29.71,29.83,21.01
746631,2024-06-06,2024,669004,L,676440,R,walk,False,True,150.0,0.167,39.0,26.0,11.0,7.33,0.595,0.19499999999999998,29.52,15.19,12.09,27.29,28.53,17.49,459.0,0.239,122.0,26.58,55.0,11.98,0.752,0.181,32.7,15.24,15.56,30.8,24.84,20.68,168.0,0.272,37.0,22.02,15.0,8.93,0.802,0.185,24.53,11.5,16.08,27.58,24.27,16.37,268.0,0.202,62.0,23.13,23.0,8.58,0.546,0.071,24.7,11.53,16.24,27.77,24.49,18.84
746631,2024-06-06,2024,592669,R,680704,R,double,False,False,116.0,0.181,24.0,20.69,11.0,9.48,0.573,0.133,27.75,11.3,22.17,33.48,24.79,16.67,408.0,0.229,91.0,22.3,35.0,8.58,0.723,0.1969999999999999,28.12,14.44,14.12,28.56,33.7,19.12,55.0,0.114,15.0,27.27,8.0,14.55,0.478,0.09099999999999998,36.56,16.35,14.9,31.25,23.15,25.0,167.0,0.197,49.0,29.34,15.0,8.98,0.668,0.198,32.92,15.51,16.96,32.46,31.92,23.11
746631,2024-06-06,2024,624428,L,680704,R,field_out,False,False,120.0,0.202,22.0,18.33,14.0,11.67,0.577,0.067,17.18,7.71,18.38,26.09,25.2,13.1,392.0,0.248,60.0,15.31,26.0,6.63,0.7090000000000001,0.158,19.43,9.43,17.73,27.16,29.49,14.18,47.0,0.14,14.0,29.79,1.0,2.13,0.452,0.11599999999999999,38.54,19.37,14.66,34.03,34.21,25.0,73.0,0.145,17.0,23.29,9.0,12.33,0.635,0.226,29.86,13.48,15.36,28.84,22.56,17.0
746631,2024-06-06,2024,664728,L,680704,R,fielders_choice,False,False,139.0,0.209,23.0,16.55,9.0,6.47,0.61,0.13999999999999999,17.35,7.97,20.96,28.93,30.74,19.66,253.0,0.223,43.0,17.0,12.0,4.74,0.631,0.147,20.48,9.51,19.8,29.31,28.6,18.78,47.0,0.14,14.0,29.79,1.0,2.13,0.452,0.11599999999999999,38.54,19.37,14.66,34.03,34.21,25.0,73.0,0.145,17.0,23.29,9.0,12.33,0.635,0.226,29.86,13.48,15.36,28.84,22.56,17.0
746631,2024-06-06,2024,672580,R,671922,R,grounded_into_double_play,False,False,222.0,0.255,42.0,18.92,18.0,8.11,0.669,0.09999999999999998,19.78,8.49,21.05,29.55,20.54,17.57,400.0,0.258,94.0,23.5,33.0,8.25,0.648,0.071,20.3,8.71,19.59,28.3,19.12,19.96,49.0,0.234,18.0,36.73,1.0,2.04,0.563,0.06399999999999997,31.63,16.49,19.68,36.17,32.89,30.0,,,,,,,,,,,,,,
746631,2024-06-06,2024,671289,R,672582,L,walk,False,True,66.0,0.182,10.0,15.15,7.0,10.61,0.619,0.14500000000000002,17.95,8.08,18.46,26.54,25.93,13.16,80.0,0.216,13.0,16.25,4.0,5.0,0.667,0.176,15.28,7.61,17.3,24.91,28.87,15.66,63.0,0.281,9.0,14.29,6.0,9.52,0.735,0.10499999999999998,12.75,5.1,20.0,25.1,14.04,14.06,134.0,0.301,25.0,18.66,6.0,4.48,0.896,0.244,20.0,10.06,12.9,22.96,25.67,15.72
746631,2024-06-06,2024,681807,R,672582,L,field_out,False,False,72.0,0.408,13.0,18.06,18.0,25.0,1.399,0.408,25.62,10.2,14.8,25.0,16.35,14.61,51.0,0.227,11.0,21.57,5.0,9.8,0.742,0.1819999999999999,25.66,14.43,11.94,26.37,40.95,15.07,63.0,0.281,9.0,14.29,6.0,9.52,0.735,0.10499999999999998,12.75,5.1,20.0,25.1,14.04,14.06,134.0,0.301,25.0,18.66,6.0,4.48,0.896,0.244,20.0,10.06,12.9,22.96,25.67,15.72
746631,2024-06-06,2024,680757,L,672582,L,strikeout,True,False,44.0,0.415,4.0,9.09,3.0,6.82,0.9670000000000001,0.09700000000000003,7.14,2.81,21.91,24.72,20.24,8.7,224.0,0.26,23.0,10.27,20.0,8.93,0.667,0.08,13.41,5.5,21.44,26.95,22.3,10.5,37.0,0.235,12.0,32.43,1.0,2.7,0.505,0.0,18.03,7.38,25.5,32.89,24.19,27.27,48.0,0.196,11.0,22.92,2.0,4.17,0.4679999999999999,0.0429999999999999,19.77,9.44,18.33,27.78,22.37,20.37
746631,2024-06-06,2024,665926,L,672582,L,field_out,False,False,70.0,0.297,9.0,12.86,0.0,0.0,0.765,0.125,20.69,11.49,14.94,26.44,39.06,10.84,197.0,0.268,26.0,13.2,8.0,4.06,0.7130000000000001,0.1169999999999999,23.63,12.79,15.07,27.86,41.69,11.02,37.0,0.235,12.0,32.43,1.0,2.7,0.505,0.0,18.03,7.38,25.5,32.89,24.19,27.27,48.0,0.196,11.0,22.92,2.0,4.17,0.4679999999999999,0.0429999999999999,19.77,9.44,18.33,27.78,22.37,20.37
746631,2024-06-06,2024,677951,R,671922,R,field_out,False,False,231.0,0.329,39.0,16.88,19.0,8.23,0.96,0.24599999999999994,24.72,12.1,13.87,25.97,28.1,16.6,547.0,0.27,93.0,17.0,33.0,6.03,0.8,0.2149999999999999,22.15,10.87,15.53,26.4,29.62,14.44,49.0,0.234,18.0,36.73,1.0,2.04,0.563,0.06399999999999997,31.63,16.49,19.68,36.17,32.89,30.0,,,,,,,,,,,,,,
746631,2024-06-06,2024,686469,L,671922,R,double,False,False,192.0,0.221,27.0,14.06,20.0,10.42,0.726,0.19599999999999998,13.08,5.87,16.3,22.16,27.88,13.24,188.0,0.251,23.0,12.23,15.0,7.98,0.784,0.217,14.85,7.02,17.48,24.5,34.8,10.0,54.0,0.125,20.0,37.04,6.0,11.11,0.451,0.10400000000000001,28.05,10.45,26.82,37.27,19.8,30.65,,,,,,,,,,,,,,
746631,2024-06-06,2024,521692,R,671922,R,hit_by_pitch,False,False,185.0,0.317,29.0,15.68,12.0,6.49,0.913,0.21600000000000003,23.35,13.73,8.66,22.39,45.05,12.89,437.0,0.264,100.0,22.88,11.0,2.52,0.73,0.174,30.72,18.16,9.73,27.89,45.56,22.08,49.0,0.234,18.0,36.73,1.0,2.04,0.563,0.06399999999999997,31.63,16.49,19.68,36.17,32.89,30.0,,,,,,,,,,,,,,
746631,2024-06-06,2024,666023,R,671922,R,grounded_into_double_play,False,False,69.0,0.266,13.0,18.84,5.0,7.25,0.647,0.062,22.67,12.36,13.09,25.45,35.04,13.98,169.0,0.288,36.0,21.3,9.0,5.33,0.785,0.174,23.9,13.04,10.79,23.84,30.17,16.22,49.0,0.234,18.0,36.73,1.0,2.04,0.563,0.06399999999999997,31.63,16.49,19.68,36.17,32.89,30.0,,,,,,,,,,,,,,
746631,2024-06-06,2024,608070,R,669674,L,field_out,False,False,80.0,0.338,9.0,11.25,8.0,10.0,1.02,0.282,20.0,9.9,15.51,25.41,34.67,11.84,230.0,0.243,25.0,10.87,19.0,8.26,0.766,0.219,16.06,7.21,15.81,23.02,28.33,12.18,10.0,0.0,4.0,40.0,1.0,10.0,0.1,0.0,40.0,18.18,22.73,40.91,34.78,25.0,123.0,0.288,20.0,16.26,11.0,8.94,0.8,0.162,19.48,9.34,15.35,24.69,32.23,13.79
746631,2024-06-06,2024,647304,L,669674,L,field_out,False,False,73.0,0.215,17.0,23.29,6.0,8.22,0.7689999999999999,0.262,27.59,13.33,14.58,27.92,36.36,30.91,148.0,0.299,15.0,10.14,8.0,5.41,0.821,0.175,16.23,8.67,12.1,20.77,35.38,11.03,8.0,0.125,1.0,12.5,0.0,0.0,0.25,0.0,15.79,8.57,11.43,20.0,35.29,11.11,76.0,0.27,12.0,15.79,10.0,13.16,0.786,0.1429999999999999,20.98,9.84,17.05,26.89,26.75,11.65
746631,2024-06-06,2024,700932,L,669674,L,walk,False,True,15.0,0.2,5.0,33.33,0.0,0.0,0.533,0.133,34.38,18.33,20.0,38.33,41.38,23.81,,,,,,,,,,,,,,,8.0,0.125,1.0,12.5,0.0,0.0,0.25,0.0,15.79,8.57,11.43,20.0,35.29,11.11,76.0,0.27,12.0,15.79,10.0,13.16,0.786,0.1429999999999999,20.98,9.84,17.05,26.89,26.75,11.65
746631,2024-06-06,2024,686823,L,669674,L,strikeout,True,False,20.0,0.2,2.0,10.0,0.0,0.0,0.55,0.14999999999999997,10.0,5.88,10.29,16.18,33.33,12.5,87.0,0.214,12.0,13.79,2.0,2.3,0.495,0.048,19.35,10.42,18.06,28.47,37.5,16.67,8.0,0.125,1.0,12.5,0.0,0.0,0.25,0.0,15.79,8.57,11.43,20.0,35.29,11.11,76.0,0.27,12.0,15.79,10.0,13.16,0.786,0.1429999999999999,20.98,9.84,17.05,26.89,26.75,11.65
746631,2024-06-06,2024,669004,L,683769,R,field_out,False,False,150.0,0.167,39.0,26.0,11.0,7.33,0.595,0.19499999999999998,29.52,15.19,12.09,27.29,28.53,17.49,459.0,0.239,122.0,26.58,55.0,11.98,0.752,0.181,32.7,15.24,15.56,30.8,24.84,20.68,57.0,0.192,14.0,24.56,3.0,5.26,0.5900000000000001,0.135,23.53,11.59,16.91,28.5,29.41,23.73,100.0,0.226,8.0,8.0,9.0,9.0,0.692,0.143,13.84,5.79,17.63,23.42,18.28,8.33
746631,2024-06-06,2024,592669,R,683769,R,field_out,False,False,116.0,0.181,24.0,20.69,11.0,9.48,0.573,0.133,27.75,11.3,22.17,33.48,24.79,16.67,408.0,0.229,91.0,22.3,35.0,8.58,0.723,0.1969999999999999,28.12,14.44,14.12,28.56,33.7,19.12,50.0,0.167,12.0,24.0,2.0,4.0,0.42900000000000005,0.062,32.63,16.85,19.57,36.41,35.9,19.67,83.0,0.286,16.0,19.28,5.0,6.02,0.857,0.246,20.12,11.07,14.66,25.73,30.23,14.81
746631,2024-06-06,2024,624428,L,683769,R,double,False,False,120.0,0.202,22.0,18.33,14.0,11.67,0.577,0.067,17.18,7.71,18.38,26.09,25.2,13.1,392.0,0.248,60.0,15.31,26.0,6.63,0.7090000000000001,0.158,19.43,9.43,17.73,27.16,29.49,14.18,57.0,0.192,14.0,24.56,3.0,5.26,0.5900000000000001,0.135,23.53,11.59,16.91,28.5,29.41,23.73,100.0,0.226,8.0,8.0,9.0,9.0,0.692,0.143,13.84,5.79,17.63,23.42,18.28,8.33
746631,2024-06-06,2024,664728,L,683769,R,single,False,False,139.0,0.209,23.0,16.55,9.0,6.47,0.61,0.13999999999999999,17.35,7.97,20.96,28.93,30.74,19.66,253.0,0.223,43.0,17.0,12.0,4.74,0.631,0.147,20.48,9.51,19.8,29.31,28.6,18.78,57.0,0.192,14.0,24.56,3.0,5.26,0.5900000000000001,0.135,23.53,11.59,16.91,28.5,29.41,23.73,100.0,0.226,8.0,8.0,9.0,9.0,0.692,0.143,13.84,5.79,17.63,23.42,18.28,8.33
746631,2024-06-06,2024,672580,R,683769,R,field_out,False,False,222.0,0.255,42.0,18.92,18.0,8.11,0.669,0.09999999999999998,19.78,8.49,21.05,29.55,20.54,17.57,400.0,0.258,94.0,23.5,33.0,8.25,0.648,0.071,20.3,8.71,19.59,28.3,19.12,19.96,50.0,0.167,12.0,24.0,2.0,4.0,0.42900000000000005,0.062,32.63,16.85,19.57,36.41,35.9,19.67,83.0,0.286,16.0,19.28,5.0,6.02,0.857,0.246,20.12,11.07,14.66,25.73,30.23,14.81
746631,2024-06-06,2024,682177,L,669674,L,walk,False,True,2.0,0.5,1.0,50.0,0.0,0.0,1.0,0.0,22.22,15.38,7.69,23.08,50.0,11.11,,,,,,,,,,,,,,,8.0,0.125,1.0,12.5,0.0,0.0,0.25,0.0,15.79,8.57,11.43,20.0,35.29,11.11,76.0,0.27,12.0,15.79,10.0,13.16,0.786,0.1429999999999999,20.98,9.84,17.05,26.89,26.75,11.65
746631,2024-06-06,2024,671289,R,670167,R,strikeout,True,False,151.0,0.235,22.0,14.57,9.0,5.96,0.6859999999999999,0.136,16.27,7.59,19.44,27.04,29.81,15.94,89.0,0.266,17.0,19.1,6.0,6.74,0.656,0.076,20.13,9.22,18.73,27.95,29.94,17.0,52.0,0.196,11.0,21.15,4.0,7.69,0.486,0.02099999999999999,16.67,6.73,20.19,26.92,20.91,20.75,125.0,0.204,37.0,29.6,10.0,8.0,0.599,0.123,25.88,11.73,19.48,31.21,28.85,22.42
746631,2024-06-06,2024,681807,R,670167,R,grounded_into_double_play,False,False,72.0,0.29,13.0,18.06,6.0,8.33,0.827,0.16200000000000003,18.98,9.56,14.71,24.26,25.2,14.94,63.0,0.246,19.0,30.16,3.0,4.76,0.727,0.175,29.77,16.96,13.91,30.87,36.11,25.0,52.0,0.196,11.0,21.15,4.0,7.69,0.486,0.02099999999999999,16.67,6.73,20.19,26.92,20.91,20.75,125.0,0.204,37.0,29.6,10.0,8.0,0.599,0.123,25.88,11.73,19.48,31.21,28.85,22.42
746631,2024-06-06,2024,677951,R,605130,R,walk,False,True,231.0,0.329,39.0,16.88,19.0,8.23,0.96,0.24599999999999994,24.72,12.1,13.87,25.97,28.1,16.6,547.0,0.27,93.0,17.0,33.0,6.03,0.8,0.2149999999999999,22.15,10.87,15.53,26.4,29.62,14.44,64.0,0.304,17.0,26.56,7.0,10.94,0.857,0.178,36.97,16.99,16.22,33.2,33.79,22.67,154.0,0.208,45.0,29.22,18.0,11.69,0.5569999999999999,0.046,35.85,15.68,19.97,35.64,29.91,24.19
746631,2024-06-06,2024,686469,L,605130,R,strikeout,True,False,192.0,0.221,27.0,14.06,20.0,10.42,0.726,0.19599999999999998,13.08,5.87,16.3,22.16,27.88,13.24,188.0,0.251,23.0,12.23,15.0,7.98,0.784,0.217,14.85,7.02,17.48,24.5,34.8,10.0,45.0,0.132,17.0,37.78,5.0,11.11,0.45499999999999996,0.07899999999999999,36.84,14.21,21.32,35.53,28.32,30.36,145.0,0.279,34.0,23.45,16.0,11.03,0.798,0.1469999999999999,26.64,11.44,18.74,30.18,30.91,18.78
746631,2024-06-06,2024,521692,R,605130,R,strikeout,True,False,185.0,0.317,29.0,15.68,12.0,6.49,0.913,0.21600000000000003,23.35,13.73,8.66,22.39,45.05,12.89,437.0,0.264,100.0,22.88,11.0,2.52,0.73,0.174,30.72,18.16,9.73,27.89,45.56,22.08,64.0,0.304,17.0,26.56,7.0,10.94,0.857,0.178,36.97,16.99,16.22,33.2,33.79,22.67,154.0,0.208,45.0,29.22,18.0,11.69,0.5569999999999999,0.046,35.85,15.68,19.97,35.64,29.91,24.19
746631,2024-06-06,2024,666023,R,605130,R,walk,False,True,69.0,0.266,13.0,18.84,5.0,7.25,0.647,0.062,22.67,12.36,13.09,25.45,35.04,13.98,169.0,0.288,36.0,21.3,9.0,5.33,0.785,0.174,23.9,13.04,10.79,23.84,30.17,16.22,64.0,0.304,17.0,26.56,7.0,10.94,0.857,0.178,36.97,16.99,16.22,33.2,33.79,22.67,154.0,0.208,45.0,29.22,18.0,11.69,0.5569999999999999,0.046,35.85,15.68,19.97,35.64,29.91,24.19
746631,2024-06-06,2024,679845,R,682120,L,force_out,False,False,15.0,0.333,2.0,13.33,2.0,13.33,0.7330000000000001,0.0,12.0,5.17,15.52,20.69,23.53,11.11,24.0,0.421,5.0,20.83,3.0,12.5,1.079,0.1579999999999999,24.32,10.71,14.29,25.0,18.18,26.32,58.0,0.196,12.0,20.69,7.0,12.07,0.548,0.059,25.22,11.65,18.07,29.72,35.0,14.46,74.0,0.308,18.0,24.32,6.0,8.11,0.8240000000000001,0.138,23.87,11.9,13.5,25.4,29.11,18.09
746631,2024-06-06,2024,680757,L,663704,R,field_out,False,False,115.0,0.34,9.0,7.83,9.0,7.83,0.899,0.15499999999999997,7.3,3.01,23.38,26.39,18.23,7.5,494.0,0.272,52.0,10.53,50.0,10.12,0.73,0.1119999999999999,10.22,4.19,22.03,26.23,20.67,8.84,49.0,0.348,13.0,26.53,1.0,2.04,0.888,0.15200000000000002,30.38,14.29,22.62,36.9,30.95,31.71,38.0,0.257,10.0,26.32,1.0,2.63,0.8599999999999999,0.3139999999999999,22.37,10.69,20.75,31.45,29.17,20.0
746631,2024-06-06,2024,665926,L,663704,R,field_out,False,False,174.0,0.26,28.0,16.09,11.0,6.32,0.683,0.09699999999999998,25.47,14.09,11.84,25.94,36.83,13.57,419.0,0.243,86.0,20.53,24.0,5.73,0.712,0.162,26.46,14.29,12.8,27.09,38.97,17.27,49.0,0.348,13.0,26.53,1.0,2.04,0.888,0.15200000000000002,30.38,14.29,22.62,36.9,30.95,31.71,38.0,0.257,10.0,26.32,1.0,2.63,0.8599999999999999,0.3139999999999999,22.37,10.69,20.75,31.45,29.17,20.0
746631,2024-06-06,2024,608070,L,663704,R,field_out,False,False,178.0,0.244,20.0,11.24,12.0,6.74,0.804,0.262,14.09,6.9,14.07,20.97,30.83,9.13,461.0,0.302,48.0,10.41,54.0,11.71,0.863,0.179,15.4,6.98,13.91,20.89,28.02,10.17,49.0,0.348,13.0,26.53,1.0,2.04,0.888,0.15200000000000002,30.38,14.29,22.62,36.9,30.95,31.71,38.0,0.257,10.0,26.32,1.0,2.63,0.8599999999999999,0.3139999999999999,22.37,10.69,20.75,31.45,29.17,20.0
745657,2024-06-06,2024,641487,L,676664,L,field_out,False,False,45.0,0.3,6.0,13.33,5.0,11.11,0.853,0.175,12.16,4.74,24.21,28.95,10.39,9.23,193.0,0.267,41.0,21.24,27.0,13.99,0.755,0.1149999999999999,19.56,7.7,20.12,27.83,20.15,17.67,71.0,0.206,15.0,21.13,4.0,5.63,0.606,0.143,25.0,12.06,17.02,29.08,27.34,15.96,140.0,0.323,24.0,17.14,13.0,9.29,0.936,0.225,24.38,12.06,15.21,27.27,33.77,12.24
745657,2024-06-06,2024,664238,R,676664,L,strikeout,True,False,60.0,0.235,12.0,20.0,7.0,11.67,0.823,0.255,18.63,8.05,17.37,25.42,19.49,17.91,92.0,0.222,28.0,30.43,10.0,10.87,0.796,0.259,33.33,14.66,18.06,32.72,23.83,23.53,205.0,0.235,30.0,14.63,15.0,7.32,0.722,0.191,19.85,10.07,15.95,26.01,27.83,12.77,597.0,0.232,137.0,22.95,40.0,6.7,0.749,0.214,24.94,12.75,14.01,26.77,28.36,18.52
745657,2024-06-06,2024,677594,R,676664,L,strikeout,True,False,69.0,0.344,18.0,26.09,3.0,4.35,0.866,0.14,33.09,18.52,10.29,28.81,37.3,25.71,169.0,0.301,48.0,28.4,12.0,7.1,0.842,0.186,29.55,15.52,11.29,26.8,35.14,26.23,205.0,0.235,30.0,14.63,15.0,7.32,0.722,0.191,19.85,10.07,15.95,26.01,27.83,12.77,597.0,0.232,137.0,22.95,40.0,6.7,0.749,0.214,24.94,12.75,14.01,26.77,28.36,18.52
745657,2024-06-06,2024,647351,L,693433,R,double,False,False,174.0,0.253,33.0,18.97,9.0,5.17,0.6819999999999999,0.124,20.19,9.26,18.38,27.65,28.57,17.55,20.0,0.412,5.0,25.0,2.0,10.0,1.265,0.353,37.04,15.62,26.56,42.19,25.0,31.25,58.0,0.161,8.0,13.79,2.0,3.45,0.42200000000000004,0.07100000000000001,17.09,9.3,17.67,26.98,24.68,10.13,180.0,0.283,35.0,19.44,23.0,12.78,0.928,0.256,25.33,12.72,12.18,24.9,23.3,15.09
745657,2024-06-06,2024,609280,R,693433,R,field_out,False,False,35.0,0.294,4.0,11.43,0.0,0.0,0.727,0.14700000000000002,6.25,3.08,19.23,22.31,32.81,11.43,52.0,0.229,6.0,11.54,4.0,7.69,0.705,0.1879999999999999,14.58,7.49,13.9,21.39,30.93,12.77,40.0,0.132,10.0,25.0,0.0,0.0,0.28200000000000003,0.0,30.14,15.83,20.14,35.97,27.59,23.81,191.0,0.179,58.0,30.37,8.0,4.19,0.494,0.089,30.94,15.89,18.3,34.18,32.84,25.78
745657,2024-06-06,2024,668709,L,693433,R,field_out,False,False,199.0,0.26,36.0,18.09,25.0,12.56,0.8049999999999999,0.191,26.95,11.39,17.34,28.73,21.92,18.0,232.0,0.209,53.0,22.84,35.0,15.09,0.726,0.184,28.61,12.18,15.3,27.48,19.27,20.46,58.0,0.161,8.0,13.79,2.0,3.45,0.42200000000000004,0.07100000000000001,17.09,9.3,17.67,26.98,24.68,10.13,180.0,0.283,35.0,19.44,23.0,12.78,0.928,0.256,25.33,12.72,12.18,24.9,23.3,15.09
745657,2024-06-06,2024,667670,R,693433,R,strikeout,True,False,155.0,0.295,52.0,33.55,20.0,12.9,0.9570000000000001,0.26600000000000007,37.67,17.66,13.44,31.09,30.14,27.23,351.0,0.23,115.0,32.76,33.0,9.4,0.788,0.2419999999999999,37.94,17.82,16.3,34.12,28.65,23.47,40.0,0.132,10.0,25.0,0.0,0.0,0.28200000000000003,0.0,30.14,15.83,20.14,35.97,27.59,23.81,191.0,0.179,58.0,30.37,8.0,4.19,0.494,0.089,30.94,15.89,18.3,34.18,32.84,25.78
745657,2024-06-06,2024,664034,R,676664,L,field_out,False,False,63.0,0.259,14.0,22.22,8.0,12.7,0.7909999999999999,0.16699999999999998,29.31,13.6,12.4,26.0,25.37,19.44,160.0,0.28,32.0,20.0,6.0,3.75,0.718,0.1129999999999999,21.07,12.16,10.7,22.85,36.66,14.81,205.0,0.235,30.0,14.63,15.0,7.32,0.722,0.191,19.85,10.07,15.95,26.01,27.83,12.77,597.0,0.232,137.0,22.95,40.0,6.7,0.749,0.214,24.94,12.75,14.01,26.77,28.36,18.52
745657,2024-06-06,2024,663728,R,676664,L,walk,False,True,53.0,0.152,17.0,32.08,4.0,7.55,0.704,0.32599999999999996,35.34,18.81,11.47,30.28,36.21,23.94,108.0,0.218,32.0,29.63,7.0,6.48,0.645,0.158,31.38,17.77,9.0,26.78,35.38,24.06,205.0,0.235,30.0,14.63,15.0,7.32,0.722,0.191,19.85,10.07,15.95,26.01,27.83,12.77,597.0,0.232,137.0,22.95,40.0,6.7,0.749,0.214,24.94,12.75,14.01,26.77,28.36,18.52
745657,2024-06-06,2024,571745,R,676664,L,grounded_into_double_play,False,False,64.0,0.167,16.0,25.0,4.0,6.25,0.386,0.0,27.73,12.36,17.98,30.34,23.26,17.44,69.0,0.254,17.0,24.64,5.0,7.25,0.706,0.143,26.02,11.43,17.5,28.93,26.06,19.54,205.0,0.235,30.0,14.63,15.0,7.32,0.722,0.191,19.85,10.07,15.95,26.01,27.83,12.77,597.0,0.232,137.0,22.95,40.0,6.7,0.749,0.214,24.94,12.75,14.01,26.77,28.36,18.52
745657,2024-06-06,2024,664913,L,693433,R,field_error,False,False,154.0,0.197,51.0,33.12,12.0,7.79,0.591,0.134,31.01,16.07,13.28,29.34,33.44,26.84,315.0,0.234,81.0,25.71,24.0,7.62,0.738,0.21,29.85,15.11,13.77,28.88,31.88,22.82,58.0,0.161,8.0,13.79,2.0,3.45,0.42200000000000004,0.07100000000000001,17.09,9.3,17.67,26.98,24.68,10.13,180.0,0.283,35.0,19.44,23.0,12.78,0.928,0.256,25.33,12.72,12.18,24.9,23.3,15.09
745657,2024-06-06,2024,668832,L,693433,R,strikeout,True,False,69.0,0.317,19.0,27.54,9.0,13.04,0.923,0.2,42.98,18.71,15.11,33.81,18.18,24.05,,,,,,,,,,,,,,,58.0,0.161,8.0,13.79,2.0,3.45,0.42200000000000004,0.07100000000000001,17.09,9.3,17.67,26.98,24.68,10.13,180.0,0.283,35.0,19.44,23.0,12.78,0.928,0.256,25.33,12.72,12.18,24.9,23.3,15.09
745657,2024-06-06,2024,691016,L,693433,R,field_out,False,False,52.0,0.186,22.0,42.31,8.0,15.38,0.653,0.14,39.51,16.33,17.86,34.18,30.19,47.83,118.0,0.159,37.0,31.36,10.0,8.47,0.472,0.0839999999999999,33.93,16.67,14.91,31.58,29.36,28.91,58.0,0.161,8.0,13.79,2.0,3.45,0.42200000000000004,0.07100000000000001,17.09,9.3,17.67,26.98,24.68,10.13,180.0,0.283,35.0,19.44,23.0,12.78,0.928,0.256,25.33,12.72,12.18,24.9,23.3,15.09
745657,2024-06-06,2024,680869,R,693433,R,strikeout,True,False,137.0,0.184,45.0,32.85,9.0,6.57,0.5469999999999999,0.12,35.23,17.48,16.35,33.83,27.48,28.66,220.0,0.303,54.0,24.55,18.0,8.18,0.969,0.298,30.92,15.24,15.12,30.36,29.22,21.29,40.0,0.132,10.0,25.0,0.0,0.0,0.28200000000000003,0.0,30.14,15.83,20.14,35.97,27.59,23.81,191.0,0.179,58.0,30.37,8.0,4.19,0.494,0.089,30.94,15.89,18.3,34.18,32.84,25.78
745657,2024-06-06,2024,641598,R,676664,L,walk,False,True,52.0,0.217,14.0,26.92,6.0,11.54,0.743,0.218,26.67,10.26,23.5,33.76,20.87,15.91,84.0,0.344,12.0,14.29,19.0,22.62,0.938,0.094,15.7,5.37,20.06,25.42,13.76,12.9,205.0,0.235,30.0,14.63,15.0,7.32,0.722,0.191,19.85,10.07,15.95,26.01,27.83,12.77,597.0,0.232,137.0,22.95,40.0,6.7,0.749,0.214,24.94,12.75,14.01,26.77,28.36,18.52
745657,2024-06-06,2024,645302,R,676664,L,hit_by_pitch,False,False,8.0,0.0,4.0,50.0,1.0,12.5,0.125,0.0,35.71,20.0,8.0,28.0,33.33,66.67,40.0,0.364,3.0,7.5,4.0,10.0,0.871,0.06,14.49,7.25,11.59,18.84,26.76,8.33,205.0,0.235,30.0,14.63,15.0,7.32,0.722,0.191,19.85,10.07,15.95,26.01,27.83,12.77,597.0,0.232,137.0,22.95,40.0,6.7,0.749,0.214,24.94,12.75,14.01,26.77,28.36,18.52
745657,2024-06-06,2024,669208,R,676664,L,single,False,False,7.0,0.0,2.0,28.57,3.0,42.86,0.429,0.0,40.0,12.5,12.5,25.0,0.0,28.57,,,,,,,,,,,,,,,205.0,0.235,30.0,14.63,15.0,7.32,0.722,0.191,19.85,10.07,15.95,26.01,27.83,12.77,597.0,0.232,137.0,22.95,40.0,6.7,0.749,0.214,24.94,12.75,14.01,26.77,28.36,18.52
745657,2024-06-06,2024,641487,L,676664,L,strikeout,True,False,45.0,0.3,6.0,13.33,5.0,11.11,0.853,0.175,12.16,4.74,24.21,28.95,10.39,9.23,193.0,0.267,41.0,21.24,27.0,13.99,0.755,0.1149999999999999,19.56,7.7,20.12,27.83,20.15,17.67,71.0,0.206,15.0,21.13,4.0,5.63,0.606,0.143,25.0,12.06,17.02,29.08,27.34,15.96,140.0,0.323,24.0,17.14,13.0,9.29,0.936,0.225,24.38,12.06,15.21,27.27,33.77,12.24
745657,2024-06-06,2024,664238,R,676664,L,sac_fly,False,False,60.0,0.235,12.0,20.0,7.0,11.67,0.823,0.255,18.63,8.05,17.37,25.42,19.49,17.91,92.0,0.222,28.0,30.43,10.0,10.87,0.796,0.259,33.33,14.66,18.06,32.72,23.83,23.53,205.0,0.235,30.0,14.63,15.0,7.32,0.722,0.191,19.85,10.07,15.95,26.01,27.83,12.77,597.0,0.232,137.0,22.95,40.0,6.7,0.749,0.214,24.94,12.75,14.01,26.77,28.36,18.52
745657,2024-06-06,2024,677594,R,676664,L,field_out,False,False,69.0,0.344,18.0,26.09,3.0,4.35,0.866,0.14,33.09,18.52,10.29,28.81,37.3,25.71,169.0,0.301,48.0,28.4,12.0,7.1,0.842,0.186,29.55,15.52,11.29,26.8,35.14,26.23,205.0,0.235,30.0,14.63,15.0,7.32,0.722,0.191,19.85,10.07,15.95,26.01,27.83,12.77,597.0,0.232,137.0,22.95,40.0,6.7,0.749,0.214,24.94,12.75,14.01,26.77,28.36,18.52
745657,2024-06-06,2024,680474,R,693433,R,field_out,False,False,92.0,0.277,23.0,25.0,7.0,7.61,0.721,0.09599999999999997,25.32,10.0,21.79,31.79,17.24,20.35,,,,,,,,,,,,,,,40.0,0.132,10.0,25.0,0.0,0.0,0.28200000000000003,0.0,30.14,15.83,20.14,35.97,27.59,23.81,191.0,0.179,58.0,30.37,8.0,4.19,0.494,0.089,30.94,15.89,18.3,34.18,32.84,25.78
745657,2024-06-06,2024,647351,L,693433,R,strikeout,True,False,174.0,0.253,33.0,18.97,9.0,5.17,0.6819999999999999,0.124,20.19,9.26,18.38,27.65,28.57,17.55,20.0,0.412,5.0,25.0,2.0,10.0,1.265,0.353,37.04,15.62,26.56,42.19,25.0,31.25,58.0,0.161,8.0,13.79,2.0,3.45,0.42200000000000004,0.07100000000000001,17.09,9.3,17.67,26.98,24.68,10.13,180.0,0.283,35.0,19.44,23.0,12.78,0.928,0.256,25.33,12.72,12.18,24.9,23.3,15.09
745657,2024-06-06,2024,609280,R,693433,R,field_out,False,False,35.0,0.294,4.0,11.43,0.0,0.0,0.727,0.14700000000000002,6.25,3.08,19.23,22.31,32.81,11.43,52.0,0.229,6.0,11.54,4.0,7.69,0.705,0.1879999999999999,14.58,7.49,13.9,21.39,30.93,12.77,40.0,0.132,10.0,25.0,0.0,0.0,0.28200000000000003,0.0,30.14,15.83,20.14,35.97,27.59,23.81,191.0,0.179,58.0,30.37,8.0,4.19,0.494,0.089,30.94,15.89,18.3,34.18,32.84,25.78
745657,2024-06-06,2024,664034,R,676664,L,strikeout,True,False,63.0,0.259,14.0,22.22,8.0,12.7,0.7909999999999999,0.16699999999999998,29.31,13.6,12.4,26.0,25.37,19.44,160.0,0.28,32.0,20.0,6.0,3.75,0.718,0.1129999999999999,21.07,12.16,10.7,22.85,36.66,14.81,205.0,0.235,30.0,14.63,15.0,7.32,0.722,0.191,19.85,10.07,15.95,26.01,27.83,12.77,597.0,0.232,137.0,22.95,40.0,6.7,0.749,0.214,24.94,12.75,14.01,26.77,28.36,18.52
745657,2024-06-06,2024,663728,R,676664,L,hit_by_pitch,False,False,53.0,0.152,17.0,32.08,4.0,7.55,0.704,0.32599999999999996,35.34,18.81,11.47,30.28,36.21,23.94,108.0,0.218,32.0,29.63,7.0,6.48,0.645,0.158,31.38,17.77,9.0,26.78,35.38,24.06,205.0,0.235,30.0,14.63,15.0,7.32,0.722,0.191,19.85,10.07,15.95,26.01,27.83,12.77,597.0,0.232,137.0,22.95,40.0,6.7,0.749,0.214,24.94,12.75,14.01,26.77,28.36,18.52
745657,2024-06-06,2024,571745,R,676664,L,strikeout,True,False,64.0,0.167,16.0,25.0,4.0,6.25,0.386,0.0,27.73,12.36,17.98,30.34,23.26,17.44,69.0,0.254,17.0,24.64,5.0,7.25,0.706,0.143,26.02,11.43,17.5,28.93,26.06,19.54,205.0,0.235,30.0,14.63,15.0,7.32,0.722,0.191,19.85,10.07,15.95,26.01,27.83,12.77,597.0,0.232,137.0,22.95,40.0,6.7,0.749,0.214,24.94,12.75,14.01,26.77,28.36,18.52
745657,2024-06-06,2024,641598,R,676664,L,single,False,False,52.0,0.217,14.0,26.92,6.0,11.54,0.743,0.218,26.67,10.26,23.5,33.76,20.87,15.91,84.0,0.344,12.0,14.29,19.0,22.62,0.938,0.094,15.7,5.37,20.06,25.42,13.76,12.9,205.0,0.235,30.0,14.63,15.0,7.32,0.722,0.191,19.85,10.07,15.95,26.01,27.83,12.77,597.0,0.232,137.0,22.95,40.0,6.7,0.749,0.214,24.94,12.75,14.01,26.77,28.36,18.52
745657,2024-06-06,2024,645302,R,676664,L,field_out,False,False,8.0,0.0,4.0,50.0,1.0,12.5,0.125,0.0,35.71,20.0,8.0,28.0,33.33,66.67,40.0,0.364,3.0,7.5,4.0,10.0,0.871,0.06,14.49,7.25,11.59,18.84,26.76,8.33,205.0,0.235,30.0,14.63,15.0,7.32,0.722,0.191,19.85,10.07,15.95,26.01,27.83,12.77,597.0,0.232,137.0,22.95,40.0,6.7,0.749,0.214,24.94,12.75,14.01,26.77,28.36,18.52
745657,2024-06-06,2024,668709,L,693433,R,field_out,False,False,199.0,0.26,36.0,18.09,25.0,12.56,0.8049999999999999,0.191,26.95,11.39,17.34,28.73,21.92,18.0,232.0,0.209,53.0,22.84,35.0,15.09,0.726,0.184,28.61,12.18,15.3,27.48,19.27,20.46,58.0,0.161,8.0,13.79,2.0,3.45,0.42200000000000004,0.07100000000000001,17.09,9.3,17.67,26.98,24.68,10.13,180.0,0.283,35.0,19.44,23.0,12.78,0.928,0.256,25.33,12.72,12.18,24.9,23.3,15.09
745657,2024-06-06,2024,667670,R,693433,R,field_out,False,False,155.0,0.295,52.0,33.55,20.0,12.9,0.9570000000000001,0.26600000000000007,37.67,17.66,13.44,31.09,30.14,27.23,351.0,0.23,115.0,32.76,33.0,9.4,0.788,0.2419999999999999,37.94,17.82,16.3,34.12,28.65,23.47,40.0,0.132,10.0,25.0,0.0,0.0,0.28200000000000003,0.0,30.14,15.83,20.14,35.97,27.59,23.81,191.0,0.179,58.0,30.37,8.0,4.19,0.494,0.089,30.94,15.89,18.3,34.18,32.84,25.78
745657,2024-06-06,2024,664913,L,693433,R,field_out,False,False,154.0,0.197,51.0,33.12,12.0,7.79,0.591,0.134,31.01,16.07,13.28,29.34,33.44,26.84,315.0,0.234,81.0,25.71,24.0,7.62,0.738,0.21,29.85,15.11,13.77,28.88,31.88,22.82,58.0,0.161,8.0,13.79,2.0,3.45,0.42200000000000004,0.07100000000000001,17.09,9.3,17.67,26.98,24.68,10.13,180.0,0.283,35.0,19.44,23.0,12.78,0.928,0.256,25.33,12.72,12.18,24.9,23.3,15.09
745657,2024-06-06,2024,669208,R,676664,L,field_out,False,False,7.0,0.0,2.0,28.57,3.0,42.86,0.429,0.0,40.0,12.5,12.5,25.0,0.0,28.57,,,,,,,,,,,,,,,205.0,0.235,30.0,14.63,15.0,7.32,0.722,0.191,19.85,10.07,15.95,26.01,27.83,12.77,597.0,0.232,137.0,22.95,40.0,6.7,0.749,0.214,24.94,12.75,14.01,26.77,28.36,18.52
745657,2024-06-06,2024,641487,L,676664,L,single,False,False,45.0,0.3,6.0,13.33,5.0,11.11,0.853,0.175,12.16,4.74,24.21,28.95,10.39,9.23,193.0,0.267,41.0,21.24,27.0,13.99,0.755,0.1149999999999999,19.56,7.7,20.12,27.83,20.15,17.67,71.0,0.206,15.0,21.13,4.0,5.63,0.606,0.143,25.0,12.06,17.02,29.08,27.34,15.96,140.0,0.323,24.0,17.14,13.0,9.29,0.936,0.225,24.38,12.06,15.21,27.27,33.77,12.24
745657,2024-06-06,2024,664238,R,676664,L,strikeout,True,False,60.0,0.235,12.0,20.0,7.0,11.67,0.823,0.255,18.63,8.05,17.37,25.42,19.49,17.91,92.0,0.222,28.0,30.43,10.0,10.87,0.796,0.259,33.33,14.66,18.06,32.72,23.83,23.53,205.0,0.235,30.0,14.63,15.0,7.32,0.722,0.191,19.85,10.07,15.95,26.01,27.83,12.77,597.0,0.232,137.0,22.95,40.0,6.7,0.749,0.214,24.94,12.75,14.01,26.77,28.36,18.52
745657,2024-06-06,2024,677594,R,676664,L,strikeout,True,False,69.0,0.344,18.0,26.09,3.0,4.35,0.866,0.14,33.09,18.52,10.29,28.81,37.3,25.71,169.0,0.301,48.0,28.4,12.0,7.1,0.842,0.186,29.55,15.52,11.29,26.8,35.14,26.23,205.0,0.235,30.0,14.63,15.0,7.32,0.722,0.191,19.85,10.07,15.95,26.01,27.83,12.77,597.0,0.232,137.0,22.95,40.0,6.7,0.749,0.214,24.94,12.75,14.01,26.77,28.36,18.52
745657,2024-06-06,2024,668832,L,693433,R,field_out,False,False,69.0,0.317,19.0,27.54,9.0,13.04,0.923,0.2,42.98,18.71,15.11,33.81,18.18,24.05,,,,,,,,,,,,,,,58.0,0.161,8.0,13.79,2.0,3.45,0.42200000000000004,0.07100000000000001,17.09,9.3,17.67,26.98,24.68,10.13,180.0,0.283,35.0,19.44,23.0,12.78,0.928,0.256,25.33,12.72,12.18,24.9,23.3,15.09
745657,2024-06-06,2024,691016,L,693433,R,single,False,False,52.0,0.186,22.0,42.31,8.0,15.38,0.653,0.14,39.51,16.33,17.86,34.18,30.19,47.83,118.0,0.159,37.0,31.36,10.0,8.47,0.472,0.0839999999999999,33.93,16.67,14.91,31.58,29.36,28.91,58.0,0.161,8.0,13.79,2.0,3.45,0.42200000000000004,0.07100000000000001,17.09,9.3,17.67,26.98,24.68,10.13,180.0,0.283,35.0,19.44,23.0,12.78,0.928,0.256,25.33,12.72,12.18,24.9,23.3,15.09
745657,2024-06-06,2024,680869,R,693433,R,strikeout,True,False,137.0,0.184,45.0,32.85,9.0,6.57,0.5469999999999999,0.12,35.23,17.48,16.35,33.83,27.48,28.66,220.0,0.303,54.0,24.55,18.0,8.18,0.969,0.298,30.92,15.24,15.12,30.36,29.22,21.29,40.0,0.132,10.0,25.0,0.0,0.0,0.28200000000000003,0.0,30.14,15.83,20.14,35.97,27.59,23.81,191.0,0.179,58.0,30.37,8.0,4.19,0.494,0.089,30.94,15.89,18.3,34.18,32.84,25.78
745657,2024-06-06,2024,680474,R,693433,R,field_out,False,False,92.0,0.277,23.0,25.0,7.0,7.61,0.721,0.09599999999999997,25.32,10.0,21.79,31.79,17.24,20.35,,,,,,,,,,,,,,,40.0,0.132,10.0,25.0,0.0,0.0,0.28200000000000003,0.0,30.14,15.83,20.14,35.97,27.59,23.81,191.0,0.179,58.0,30.37,8.0,4.19,0.494,0.089,30.94,15.89,18.3,34.18,32.84,25.78
745657,2024-06-06,2024,664034,R,676664,L,strikeout,True,False,63.0,0.259,14.0,22.22,8.0,12.7,0.7909999999999999,0.16699999999999998,29.31,13.6,12.4,26.0,25.37,19.44,160.0,0.28,32.0,20.0,6.0,3.75,0.718,0.1129999999999999,21.07,12.16,10.7,22.85,36.66,14.81,205.0,0.235,30.0,14.63,15.0,7.32,0.722,0.191,19.85,10.07,15.95,26.01,27.83,12.77,597.0,0.232,137.0,22.95,40.0,6.7,0.749,0.214,24.94,12.75,14.01,26.77,28.36,18.52
745657,2024-06-06,2024,663728,R,676664,L,field_out,False,False,53.0,0.152,17.0,32.08,4.0,7.55,0.704,0.32599999999999996,35.34,18.81,11.47,30.28,36.21,23.94,108.0,0.218,32.0,29.63,7.0,6.48,0.645,0.158,31.38,17.77,9.0,26.78,35.38,24.06,205.0,0.235,30.0,14.63,15.0,7.32,0.722,0.191,19.85,10.07,15.95,26.01,27.83,12.77,597.0,0.232,137.0,22.95,40.0,6.7,0.749,0.214,24.94,12.75,14.01,26.77,28.36,18.52
745657,2024-06-06,2024,571745,R,676664,L,field_out,False,False,64.0,0.167,16.0,25.0,4.0,6.25,0.386,0.0,27.73,12.36,17.98,30.34,23.26,17.44,69.0,0.254,17.0,24.64,5.0,7.25,0.706,0.143,26.02,11.43,17.5,28.93,26.06,19.54,205.0,0.235,30.0,14.63,15.0,7.32,0.722,0.191,19.85,10.07,15.95,26.01,27.83,12.77,597.0,0.232,137.0,22.95,40.0,6.7,0.749,0.214,24.94,12.75,14.01,26.77,28.36,18.52
745657,2024-06-06,2024,647351,L,693433,R,strikeout,True,False,174.0,0.253,33.0,18.97,9.0,5.17,0.6819999999999999,0.124,20.19,9.26,18.38,27.65,28.57,17.55,20.0,0.412,5.0,25.0,2.0,10.0,1.265,0.353,37.04,15.62,26.56,42.19,25.0,31.25,58.0,0.161,8.0,13.79,2.0,3.45,0.42200000000000004,0.07100000000000001,17.09,9.3,17.67,26.98,24.68,10.13,180.0,0.283,35.0,19.44,23.0,12.78,0.928,0.256,25.33,12.72,12.18,24.9,23.3,15.09
745657,2024-06-06,2024,609280,R,693433,R,field_out,False,False,35.0,0.294,4.0,11.43,0.0,0.0,0.727,0.14700000000000002,6.25,3.08,19.23,22.31,32.81,11.43,52.0,0.229,6.0,11.54,4.0,7.69,0.705,0.1879999999999999,14.58,7.49,13.9,21.39,30.93,12.77,40.0,0.132,10.0,25.0,0.0,0.0,0.28200000000000003,0.0,30.14,15.83,20.14,35.97,27.59,23.81,191.0,0.179,58.0,30.37,8.0,4.19,0.494,0.089,30.94,15.89,18.3,34.18,32.84,25.78
745657,2024-06-06,2024,668709,L,693433,R,field_out,False,False,199.0,0.26,36.0,18.09,25.0,12.56,0.8049999999999999,0.191,26.95,11.39,17.34,28.73,21.92,18.0,232.0,0.209,53.0,22.84,35.0,15.09,0.726,0.184,28.61,12.18,15.3,27.48,19.27,20.46,58.0,0.161,8.0,13.79,2.0,3.45,0.42200000000000004,0.07100000000000001,17.09,9.3,17.67,26.98,24.68,10.13,180.0,0.283,35.0,19.44,23.0,12.78,0.928,0.256,25.33,12.72,12.18,24.9,23.3,15.09
745657,2024-06-06,2024,641598,R,666204,R,walk,False,True,144.0,0.146,47.0,32.64,16.0,11.11,0.509,0.10600000000000001,34.6,13.87,23.35,37.23,20.14,24.35,262.0,0.25,70.0,26.72,25.0,9.54,0.845,0.267,25.84,10.63,19.22,29.85,18.71,21.21,40.0,0.2,8.0,20.0,7.0,17.5,0.75,0.2,29.31,11.26,21.19,32.45,20.78,22.86,58.0,0.152,12.0,20.69,9.0,15.52,0.6339999999999999,0.1959999999999999,29.03,11.44,17.37,28.81,19.85,20.0
745657,2024-06-06,2024,670042,L,666204,R,strikeout,True,False,129.0,0.264,39.0,30.23,3.0,2.33,0.748,0.174,33.46,18.41,11.09,29.5,31.33,30.23,363.0,0.247,112.0,30.85,26.0,7.16,0.8340000000000001,0.25,38.6,19.83,11.57,31.39,31.1,26.79,38.0,0.226,4.0,10.53,7.0,18.42,0.852,0.258,21.43,9.09,17.42,26.52,20.63,13.33,37.0,0.129,9.0,24.32,5.0,13.51,0.437,0.065,25.0,8.62,21.84,30.46,18.37,15.0
745657,2024-06-06,2024,668942,L,666204,R,field_out,False,False,164.0,0.295,26.0,15.85,15.0,9.15,0.8089999999999999,0.15000000000000002,17.81,8.12,16.25,24.38,21.24,14.21,299.0,0.249,64.0,21.4,22.0,7.36,0.6559999999999999,0.1019999999999999,22.77,10.13,19.65,29.78,25.55,19.69,38.0,0.226,4.0,10.53,7.0,18.42,0.852,0.258,21.43,9.09,17.42,26.52,20.63,13.33,37.0,0.129,9.0,24.32,5.0,13.51,0.437,0.065,25.0,8.62,21.84,30.46,18.37,15.0
745657,2024-06-06,2024,641487,L,666204,R,walk,False,True,120.0,0.179,29.0,24.17,12.0,10.0,0.5880000000000001,0.14200000000000002,18.75,7.68,20.28,27.95,19.03,19.33,446.0,0.266,84.0,18.83,67.0,15.02,0.845,0.197,18.19,6.93,19.49,26.42,17.9,17.39,38.0,0.226,4.0,10.53,7.0,18.42,0.852,0.258,21.43,9.09,17.42,26.52,20.63,13.33,37.0,0.129,9.0,24.32,5.0,13.51,0.437,0.065,25.0,8.62,21.84,30.46,18.37,15.0
745657,2024-06-06,2024,664238,R,666204,R,field_out,False,False,125.0,0.212,35.0,28.0,13.0,10.4,0.73,0.18200000000000002,26.15,11.18,18.43,29.61,18.65,22.29,73.0,0.188,28.0,38.36,6.0,8.22,0.647,0.1709999999999999,33.56,16.33,21.33,37.67,34.46,26.17,40.0,0.2,8.0,20.0,7.0,17.5,0.75,0.2,29.31,11.26,21.19,32.45,20.78,22.86,58.0,0.152,12.0,20.69,9.0,15.52,0.6339999999999999,0.1959999999999999,29.03,11.44,17.37,28.81,19.85,20.0
745657,2024-06-06,2024,667670,R,608723,R,strikeout,True,False,155.0,0.295,52.0,33.55,20.0,12.9,0.9570000000000001,0.26600000000000007,37.67,17.66,13.44,31.09,30.14,27.23,351.0,0.23,115.0,32.76,33.0,9.4,0.788,0.2419999999999999,37.94,17.82,16.3,34.12,28.65,23.47,44.0,0.2,12.0,27.27,3.0,6.82,0.623,0.14999999999999997,34.78,18.39,13.79,32.18,40.21,22.22,92.0,0.272,24.0,26.09,8.0,8.7,0.847,0.2339999999999999,30.85,15.63,15.36,31.0,35.26,18.75
745657,2024-06-06,2024,664913,L,608723,R,field_out,False,False,154.0,0.197,51.0,33.12,12.0,7.79,0.591,0.134,31.01,16.07,13.28,29.34,33.44,26.84,315.0,0.234,81.0,25.71,24.0,7.62,0.738,0.21,29.85,15.11,13.77,28.88,31.88,22.82,52.0,0.184,9.0,17.31,2.0,3.85,0.598,0.183,23.71,12.43,14.05,26.49,29.21,18.75,68.0,0.288,10.0,14.71,7.0,10.29,0.772,0.102,13.95,6.08,17.57,23.65,25.81,11.76
745657,2024-06-06,2024,668832,L,608723,R,field_out,False,False,69.0,0.317,19.0,27.54,9.0,13.04,0.923,0.2,42.98,18.71,15.11,33.81,18.18,24.05,,,,,,,,,,,,,,,52.0,0.184,9.0,17.31,2.0,3.85,0.598,0.183,23.71,12.43,14.05,26.49,29.21,18.75,68.0,0.288,10.0,14.71,7.0,10.29,0.772,0.102,13.95,6.08,17.57,23.65,25.81,11.76
745657,2024-06-06,2024,677594,R,666204,R,strikeout,True,False,197.0,0.245,54.0,27.41,12.0,6.09,0.598,0.059,30.66,16.39,12.23,28.63,35.73,19.06,545.0,0.267,127.0,23.3,35.0,6.42,0.8109999999999999,0.2169999999999999,27.93,14.91,13.12,28.03,38.34,22.84,40.0,0.2,8.0,20.0,7.0,17.5,0.75,0.2,29.31,11.26,21.19,32.45,20.78,22.86,58.0,0.152,12.0,20.69,9.0,15.52,0.6339999999999999,0.1959999999999999,29.03,11.44,17.37,28.81,19.85,20.0
745657,2024-06-06,2024,664034,R,666204,R,walk,False,True,165.0,0.245,39.0,23.64,9.0,5.45,0.687,0.139,20.13,9.79,14.85,24.64,26.06,19.12,506.0,0.24,85.0,16.8,37.0,7.31,0.698,0.1169999999999999,22.16,11.42,13.69,25.11,32.3,15.51,40.0,0.2,8.0,20.0,7.0,17.5,0.75,0.2,29.31,11.26,21.19,32.45,20.78,22.86,58.0,0.152,12.0,20.69,9.0,15.52,0.6339999999999999,0.1959999999999999,29.03,11.44,17.37,28.81,19.85,20.0
745657,2024-06-06,2024,663728,L,666204,R,strikeout,True,False,161.0,0.222,56.0,34.78,16.0,9.94,0.6799999999999999,0.16,30.03,15.27,12.97,28.24,31.35,22.63,462.0,0.235,126.0,27.27,47.0,10.17,0.7909999999999999,0.241,29.58,14.2,14.09,28.29,30.53,21.36,38.0,0.226,4.0,10.53,7.0,18.42,0.852,0.258,21.43,9.09,17.42,26.52,20.63,13.33,37.0,0.129,9.0,24.32,5.0,13.51,0.437,0.065,25.0,8.62,21.84,30.46,18.37,15.0
745657,2024-06-06,2024,571745,R,519008,L,field_out,False,False,64.0,0.167,16.0,25.0,4.0,6.25,0.386,0.0,27.73,12.36,17.98,30.34,23.26,17.44,69.0,0.254,17.0,24.64,5.0,7.25,0.706,0.143,26.02,11.43,17.5,28.93,26.06,19.54,48.0,0.302,8.0,16.67,4.0,8.33,0.6799999999999999,0.02400000000000002,18.75,7.94,20.11,28.04,30.43,18.18,6.0,0.6,1.0,16.67,0.0,0.0,1.467,0.2,31.25,15.62,12.5,28.12,42.86,6.25
745657,2024-06-06,2024,691016,L,657508,R,strikeout,True,False,52.0,0.186,22.0,42.31,8.0,15.38,0.653,0.14,39.51,16.33,17.86,34.18,30.19,47.83,118.0,0.159,37.0,31.36,10.0,8.47,0.472,0.0839999999999999,33.93,16.67,14.91,31.58,29.36,28.91,38.0,0.258,7.0,18.42,6.0,15.79,0.723,0.09699999999999998,19.7,9.22,14.89,24.11,20.31,16.67,100.0,0.209,28.0,28.0,14.0,14.0,0.6799999999999999,0.151,26.6,12.25,16.91,29.17,27.69,22.05
745657,2024-06-06,2024,680869,R,657508,R,field_out,False,False,137.0,0.184,45.0,32.85,9.0,6.57,0.5469999999999999,0.12,35.23,17.48,16.35,33.83,27.48,28.66,220.0,0.303,54.0,24.55,18.0,8.18,0.969,0.298,30.92,15.24,15.12,30.36,29.22,21.29,64.0,0.211,13.0,20.31,6.0,9.38,0.63,0.12200000000000003,27.03,12.66,16.88,29.54,25.2,19.12,173.0,0.228,33.0,19.08,19.0,10.98,0.696,0.148,24.01,11.74,12.93,24.67,27.17,16.02
745657,2024-06-06,2024,680474,R,657508,R,field_out,False,False,92.0,0.277,23.0,25.0,7.0,7.61,0.721,0.09599999999999997,25.32,10.0,21.79,31.79,17.24,20.35,,,,,,,,,,,,,,,64.0,0.211,13.0,20.31,6.0,9.38,0.63,0.12200000000000003,27.03,12.66,16.88,29.54,25.2,19.12,173.0,0.228,33.0,19.08,19.0,10.98,0.696,0.148,24.01,11.74,12.93,24.67,27.17,16.02
745657,2024-06-06,2024,641598,R,519008,L,home_run,False,False,52.0,0.217,14.0,26.92,6.0,11.54,0.743,0.218,26.67,10.26,23.5,33.76,20.87,15.91,84.0,0.344,12.0,14.29,19.0,22.62,0.938,0.094,15.7,5.37,20.06,25.42,13.76,12.9,48.0,0.302,8.0,16.67,4.0,8.33,0.6799999999999999,0.02400000000000002,18.75,7.94,20.11,28.04,30.43,18.18,6.0,0.6,1.0,16.67,0.0,0.0,1.467,0.2,31.25,15.62,12.5,28.12,42.86,6.25
745657,2024-06-06,2024,670042,L,519008,L,strikeout,True,False,23.0,0.286,3.0,13.04,2.0,8.7,0.824,0.19,23.81,11.24,16.85,28.09,21.43,13.04,44.0,0.268,16.0,36.36,2.0,4.55,0.741,0.1709999999999999,41.18,22.58,15.48,38.06,33.8,36.36,50.0,0.298,7.0,14.0,2.0,4.0,0.744,0.10600000000000004,20.73,9.77,21.26,31.03,30.26,17.07,5.0,0.25,1.0,20.0,1.0,20.0,0.65,0.0,42.86,15.79,10.53,26.32,16.67,100.0
745657,2024-06-06,2024,668942,L,519008,L,field_out,False,False,19.0,0.167,8.0,42.11,1.0,5.26,0.378,0.0,39.39,17.57,21.62,39.19,25.0,34.78,54.0,0.224,17.0,31.48,5.0,9.26,0.5609999999999999,0.041,32.61,13.64,21.82,35.45,26.36,24.29,50.0,0.298,7.0,14.0,2.0,4.0,0.744,0.10600000000000004,20.73,9.77,21.26,31.03,30.26,17.07,5.0,0.25,1.0,20.0,1.0,20.0,0.65,0.0,42.86,15.79,10.53,26.32,16.67,100.0
745657,2024-06-06,2024,641487,L,519008,L,field_out,False,False,45.0,0.3,6.0,13.33,5.0,11.11,0.853,0.175,12.16,4.74,24.21,28.95,10.39,9.23,193.0,0.267,41.0,21.24,27.0,13.99,0.755,0.1149999999999999,19.56,7.7,20.12,27.83,20.15,17.67,50.0,0.298,7.0,14.0,2.0,4.0,0.744,0.10600000000000004,20.73,9.77,21.26,31.03,30.26,17.07,5.0,0.25,1.0,20.0,1.0,20.0,0.65,0.0,42.86,15.79,10.53,26.32,16.67,100.0
745657,2024-06-06,2024,647351,L,592773,R,field_out,False,False,174.0,0.253,33.0,18.97,9.0,5.17,0.6819999999999999,0.124,20.19,9.26,18.38,27.65,28.57,17.55,20.0,0.412,5.0,25.0,2.0,10.0,1.265,0.353,37.04,15.62,26.56,42.19,25.0,31.25,49.0,0.302,12.0,24.49,4.0,8.16,0.879,0.21000000000000002,26.73,13.57,14.57,28.14,31.25,17.91,97.0,0.209,20.0,20.62,10.0,10.31,0.615,0.117,29.95,15.58,9.3,24.87,27.09,18.02
745657,2024-06-06,2024,609280,R,592773,R,field_out,False,False,35.0,0.294,4.0,11.43,0.0,0.0,0.727,0.14700000000000002,6.25,3.08,19.23,22.31,32.81,11.43,52.0,0.229,6.0,11.54,4.0,7.69,0.705,0.1879999999999999,14.58,7.49,13.9,21.39,30.93,12.77,47.0,0.163,13.0,27.66,3.0,6.38,0.42000000000000004,0.022999999999999993,28.87,15.64,12.85,28.49,34.44,21.31,116.0,0.231,31.0,26.72,11.0,9.48,0.752,0.211,31.3,16.45,11.54,27.99,28.0,17.61
745657,2024-06-06,2024,668709,L,592773,R,field_out,False,False,199.0,0.26,36.0,18.09,25.0,12.56,0.8049999999999999,0.191,26.95,11.39,17.34,28.73,21.92,18.0,232.0,0.209,53.0,22.84,35.0,15.09,0.726,0.184,28.61,12.18,15.3,27.48,19.27,20.46,49.0,0.302,12.0,24.49,4.0,8.16,0.879,0.21000000000000002,26.73,13.57,14.57,28.14,31.25,17.91,97.0,0.209,20.0,20.62,10.0,10.31,0.615,0.117,29.95,15.58,9.3,24.87,27.09,18.02
745495,2024-06-06,2024,605141,R,663559,L,single,False,False,86.0,0.312,7.0,8.14,9.0,10.47,0.865,0.16899999999999998,11.36,4.24,21.47,25.71,22.28,7.53,184.0,0.3,22.0,11.96,30.0,16.3,1.097,0.373,13.08,4.64,20.77,25.41,13.65,12.72,195.0,0.182,29.0,14.87,15.0,7.69,0.589,0.16499999999999998,20.18,10.06,16.62,26.68,26.06,16.2,278.0,0.269,48.0,17.27,17.0,6.12,0.763,0.181,18.05,9.25,15.61,24.86,30.85,15.58
745495,2024-06-06,2024,660271,L,663559,L,single,False,False,89.0,0.305,20.0,22.47,6.0,6.74,0.8109999999999999,0.15800000000000003,26.11,11.68,17.95,29.63,26.29,20.0,170.0,0.245,44.0,25.88,27.0,15.88,0.897,0.287,30.62,13.88,13.59,27.47,31.74,23.04,53.0,0.25,9.0,16.98,1.0,1.89,0.629,0.11499999999999999,20.25,9.09,19.89,28.98,27.16,30.0,69.0,0.364,12.0,17.39,3.0,4.35,1.103,0.348,19.35,9.27,18.53,27.8,22.12,16.22
745495,2024-06-06,2024,518692,L,663559,L,home_run,False,False,99.0,0.229,17.0,17.17,10.0,10.1,0.652,0.096,22.28,11.84,11.58,23.42,31.91,13.18,218.0,0.335,40.0,18.35,15.0,6.88,1.008,0.2739999999999999,21.54,11.31,11.07,22.38,26.41,16.0,53.0,0.25,9.0,16.98,1.0,1.89,0.629,0.11499999999999999,20.25,9.09,19.89,28.98,27.16,30.0,69.0,0.364,12.0,17.39,3.0,4.35,1.103,0.348,19.35,9.27,18.53,27.8,22.12,16.22
745495,2024-06-06,2024,606192,R,663559,L,double,False,False,70.0,0.254,18.0,25.71,3.0,4.29,0.8380000000000001,0.29800000000000004,28.78,15.69,10.2,25.88,28.7,28.57,151.0,0.287,47.0,31.13,5.0,3.31,0.817,0.223,31.76,17.57,12.52,30.09,36.59,25.41,195.0,0.182,29.0,14.87,15.0,7.69,0.589,0.16499999999999998,20.18,10.06,16.62,26.68,26.06,16.2,278.0,0.269,48.0,17.27,17.0,6.12,0.763,0.181,18.05,9.25,15.61,24.86,30.85,15.58
745495,2024-06-06,2024,681624,R,663559,L,strikeout,True,False,41.0,0.359,12.0,29.27,1.0,2.44,0.853,0.128,23.6,12.21,15.7,27.91,36.47,20.34,,,,,,,,,,,,,,,195.0,0.182,29.0,14.87,15.0,7.69,0.589,0.16499999999999998,20.18,10.06,16.62,26.68,26.06,16.2,278.0,0.269,48.0,17.27,17.0,6.12,0.763,0.181,18.05,9.25,15.61,24.86,30.85,15.58
745495,2024-06-06,2024,500743,R,663559,L,single,False,False,51.0,0.283,2.0,3.92,5.0,9.8,0.81,0.17400000000000004,14.12,6.49,15.14,21.62,24.73,3.77,145.0,0.286,12.0,8.28,8.0,5.52,0.7370000000000001,0.12,9.75,4.67,17.48,22.15,29.46,10.08,195.0,0.182,29.0,14.87,15.0,7.69,0.589,0.16499999999999998,20.18,10.06,16.62,26.68,26.06,16.2,278.0,0.269,48.0,17.27,17.0,6.12,0.763,0.181,18.05,9.25,15.61,24.86,30.85,15.58
745495,2024-06-06,2024,571771,R,663559,L,strikeout,True,False,60.0,0.255,9.0,15.0,4.0,6.67,0.687,0.127,16.49,7.17,21.52,28.7,26.13,15.52,162.0,0.239,19.0,11.73,14.0,8.64,0.642,0.099,14.84,6.54,19.31,25.86,25.95,10.67,195.0,0.182,29.0,14.87,15.0,7.69,0.589,0.16499999999999998,20.18,10.06,16.62,26.68,26.06,16.2,278.0,0.269,48.0,17.27,17.0,6.12,0.763,0.181,18.05,9.25,15.61,24.86,30.85,15.58
745495,2024-06-06,2024,678246,R,663559,L,walk,False,True,7.0,0.333,2.0,28.57,1.0,14.29,1.262,0.49999999999999994,15.38,6.25,18.75,25.0,12.5,18.18,93.0,0.171,14.0,15.05,14.0,15.05,0.696,0.224,21.34,9.0,16.97,25.96,17.01,13.33,195.0,0.182,29.0,14.87,15.0,7.69,0.589,0.16499999999999998,20.18,10.06,16.62,26.68,26.06,16.2,278.0,0.269,48.0,17.27,17.0,6.12,0.763,0.181,18.05,9.25,15.61,24.86,30.85,15.58
745495,2024-06-06,2024,605131,R,663559,L,strikeout,True,False,25.0,0.286,2.0,8.0,4.0,16.0,0.7330000000000001,0.04700000000000004,21.43,9.57,12.77,22.34,13.64,8.33,56.0,0.08,14.0,25.0,4.0,7.14,0.264,0.02,20.37,9.28,18.99,28.27,19.09,16.67,195.0,0.182,29.0,14.87,15.0,7.69,0.589,0.16499999999999998,20.18,10.06,16.62,26.68,26.06,16.2,278.0,0.269,48.0,17.27,17.0,6.12,0.763,0.181,18.05,9.25,15.61,24.86,30.85,15.58
745495,2024-06-06,2024,457705,R,621111,R,field_out,False,False,143.0,0.23,37.0,25.87,15.0,10.49,0.6950000000000001,0.143,31.32,13.65,18.09,31.74,18.79,19.89,312.0,0.254,72.0,23.08,49.0,15.71,0.767,0.137,28.77,12.06,17.2,29.26,17.59,17.52,51.0,0.178,10.0,19.61,5.0,9.8,0.653,0.2,16.18,6.18,21.35,27.53,12.79,28.57,,,,,,,,,,,,,,
745495,2024-06-06,2024,668804,L,621111,R,field_out,False,False,181.0,0.239,36.0,19.89,20.0,11.05,0.7030000000000001,0.138,28.08,12.48,15.29,27.77,25.32,17.82,438.0,0.252,94.0,21.46,45.0,10.27,0.821,0.2309999999999999,28.75,13.22,13.73,26.95,24.9,18.49,55.0,0.353,14.0,25.45,2.0,3.64,1.016,0.274,20.87,10.13,18.99,29.11,28.44,16.28,,,,,,,,,,,,,,
745495,2024-06-06,2024,663647,R,621111,R,single,False,False,118.0,0.21,23.0,19.49,10.0,8.47,0.528,0.038000000000000006,17.11,7.31,21.23,28.54,26.24,18.85,358.0,0.26,75.0,20.95,22.0,6.15,0.721,0.1559999999999999,21.48,9.63,20.09,29.72,30.19,22.32,51.0,0.178,10.0,19.61,5.0,9.8,0.653,0.2,16.18,6.18,21.35,27.53,12.79,28.57,,,,,,,,,,,,,,
745495,2024-06-06,2024,665833,L,621111,R,strikeout,True,False,163.0,0.293,55.0,33.74,13.0,7.98,0.843,0.2,36.04,16.49,19.47,35.96,36.19,25.0,33.0,0.185,7.0,21.21,5.0,15.15,0.636,0.148,27.69,13.14,15.33,28.47,34.25,17.95,55.0,0.353,14.0,25.45,2.0,3.64,1.016,0.274,20.87,10.13,18.99,29.11,28.44,16.28,,,,,,,,,,,,,,
745495,2024-06-06,2024,605141,R,663559,L,field_out,False,False,86.0,0.312,7.0,8.14,9.0,10.47,0.865,0.16899999999999998,11.36,4.24,21.47,25.71,22.28,7.53,184.0,0.3,22.0,11.96,30.0,16.3,1.097,0.373,13.08,4.64,20.77,25.41,13.65,12.72,195.0,0.182,29.0,14.87,15.0,7.69,0.589,0.16499999999999998,20.18,10.06,16.62,26.68,26.06,16.2,278.0,0.269,48.0,17.27,17.0,6.12,0.763,0.181,18.05,9.25,15.61,24.86,30.85,15.58
745495,2024-06-06,2024,660271,L,663559,L,strikeout,True,False,89.0,0.305,20.0,22.47,6.0,6.74,0.8109999999999999,0.15800000000000003,26.11,11.68,17.95,29.63,26.29,20.0,170.0,0.245,44.0,25.88,27.0,15.88,0.897,0.287,30.62,13.88,13.59,27.47,31.74,23.04,53.0,0.25,9.0,16.98,1.0,1.89,0.629,0.11499999999999999,20.25,9.09,19.89,28.98,27.16,30.0,69.0,0.364,12.0,17.39,3.0,4.35,1.103,0.348,19.35,9.27,18.53,27.8,22.12,16.22
745495,2024-06-06,2024,518692,L,663559,L,strikeout,True,False,99.0,0.229,17.0,17.17,10.0,10.1,0.652,0.096,22.28,11.84,11.58,23.42,31.91,13.18,218.0,0.335,40.0,18.35,15.0,6.88,1.008,0.2739999999999999,21.54,11.31,11.07,22.38,26.41,16.0,53.0,0.25,9.0,16.98,1.0,1.89,0.629,0.11499999999999999,20.25,9.09,19.89,28.98,27.16,30.0,69.0,0.364,12.0,17.39,3.0,4.35,1.103,0.348,19.35,9.27,18.53,27.8,22.12,16.22
745495,2024-06-06,2024,658668,R,621111,R,field_error,False,False,63.0,0.232,10.0,15.87,5.0,7.94,0.606,0.07199999999999998,22.39,12.0,14.0,26.0,36.51,11.11,261.0,0.256,43.0,16.48,14.0,5.36,0.728,0.1649999999999999,22.47,11.51,14.21,25.73,31.17,15.47,51.0,0.178,10.0,19.61,5.0,9.8,0.653,0.2,16.18,6.18,21.35,27.53,12.79,28.57,,,,,,,,,,,,,,
745495,2024-06-06,2024,693304,R,621111,R,field_out,False,False,59.0,0.308,13.0,22.03,4.0,6.78,0.843,0.173,28.0,14.46,13.64,28.1,31.71,16.46,86.0,0.234,21.0,24.42,3.0,3.49,0.638,0.1299999999999999,30.36,15.84,12.11,27.95,27.85,22.11,51.0,0.178,10.0,19.61,5.0,9.8,0.653,0.2,16.18,6.18,21.35,27.53,12.79,28.57,,,,,,,,,,,,,,
745495,2024-06-06,2024,642133,L,621111,R,field_out,False,False,131.0,0.2,24.0,18.32,9.0,6.87,0.518,0.057999999999999996,21.78,9.28,21.02,30.3,24.6,18.6,300.0,0.223,73.0,24.33,29.0,9.67,0.69,0.173,22.22,8.47,23.11,31.59,24.77,19.95,55.0,0.353,14.0,25.45,2.0,3.64,1.016,0.274,20.87,10.13,18.99,29.11,28.44,16.28,,,,,,,,,,,,,,
745495,2024-06-06,2024,680779,R,621111,R,field_error,False,False,65.0,0.13,26.0,40.0,7.0,10.77,0.37,0.017999999999999988,35.38,15.97,14.93,30.9,21.77,28.89,170.0,0.224,49.0,28.82,15.0,8.82,0.655,0.1309999999999999,29.33,13.02,18.05,31.07,30.65,26.2,51.0,0.178,10.0,19.61,5.0,9.8,0.653,0.2,16.18,6.18,21.35,27.53,12.79,28.57,,,,,,,,,,,,,,
745495,2024-06-06,2024,669261,L,621111,R,single,False,False,131.0,0.15,30.0,22.9,17.0,12.98,0.552,0.142,23.48,10.8,14.71,25.51,22.73,18.18,404.0,0.232,117.0,28.96,61.0,15.1,0.857,0.271,29.06,11.36,18.81,30.17,17.6,22.37,55.0,0.353,14.0,25.45,2.0,3.64,1.016,0.274,20.87,10.13,18.99,29.11,28.44,16.28,,,,,,,,,,,,,,
745495,2024-06-06,2024,457705,R,621111,R,strikeout,True,False,143.0,0.23,37.0,25.87,15.0,10.49,0.6950000000000001,0.143,31.32,13.65,18.09,31.74,18.79,19.89,312.0,0.254,72.0,23.08,49.0,15.71,0.767,0.137,28.77,12.06,17.2,29.26,17.59,17.52,51.0,0.178,10.0,19.61,5.0,9.8,0.653,0.2,16.18,6.18,21.35,27.53,12.79,28.57,,,,,,,,,,,,,,
745495,2024-06-06,2024,606192,R,663559,L,field_out,False,False,70.0,0.254,18.0,25.71,3.0,4.29,0.8380000000000001,0.29800000000000004,28.78,15.69,10.2,25.88,28.7,28.57,151.0,0.287,47.0,31.13,5.0,3.31,0.817,0.223,31.76,17.57,12.52,30.09,36.59,25.41,195.0,0.182,29.0,14.87,15.0,7.69,0.589,0.16499999999999998,20.18,10.06,16.62,26.68,26.06,16.2,278.0,0.269,48.0,17.27,17.0,6.12,0.763,0.181,18.05,9.25,15.61,24.86,30.85,15.58
745495,2024-06-06,2024,681624,R,663559,L,single,False,False,41.0,0.359,12.0,29.27,1.0,2.44,0.853,0.128,23.6,12.21,15.7,27.91,36.47,20.34,,,,,,,,,,,,,,,195.0,0.182,29.0,14.87,15.0,7.69,0.589,0.16499999999999998,20.18,10.06,16.62,26.68,26.06,16.2,278.0,0.269,48.0,17.27,17.0,6.12,0.763,0.181,18.05,9.25,15.61,24.86,30.85,15.58
745495,2024-06-06,2024,500743,R,663559,L,force_out,False,False,51.0,0.283,2.0,3.92,5.0,9.8,0.81,0.17400000000000004,14.12,6.49,15.14,21.62,24.73,3.77,145.0,0.286,12.0,8.28,8.0,5.52,0.7370000000000001,0.12,9.75,4.67,17.48,22.15,29.46,10.08,195.0,0.182,29.0,14.87,15.0,7.69,0.589,0.16499999999999998,20.18,10.06,16.62,26.68,26.06,16.2,278.0,0.269,48.0,17.27,17.0,6.12,0.763,0.181,18.05,9.25,15.61,24.86,30.85,15.58
745495,2024-06-06,2024,571771,R,663559,L,field_out,False,False,60.0,0.255,9.0,15.0,4.0,6.67,0.687,0.127,16.49,7.17,21.52,28.7,26.13,15.52,162.0,0.239,19.0,11.73,14.0,8.64,0.642,0.099,14.84,6.54,19.31,25.86,25.95,10.67,195.0,0.182,29.0,14.87,15.0,7.69,0.589,0.16499999999999998,20.18,10.06,16.62,26.68,26.06,16.2,278.0,0.269,48.0,17.27,17.0,6.12,0.763,0.181,18.05,9.25,15.61,24.86,30.85,15.58
745495,2024-06-06,2024,668804,L,621111,R,strikeout,True,False,181.0,0.239,36.0,19.89,20.0,11.05,0.7030000000000001,0.138,28.08,12.48,15.29,27.77,25.32,17.82,438.0,0.252,94.0,21.46,45.0,10.27,0.821,0.2309999999999999,28.75,13.22,13.73,26.95,24.9,18.49,55.0,0.353,14.0,25.45,2.0,3.64,1.016,0.274,20.87,10.13,18.99,29.11,28.44,16.28,,,,,,,,,,,,,,
745495,2024-06-06,2024,663647,R,621111,R,single,False,False,118.0,0.21,23.0,19.49,10.0,8.47,0.528,0.038000000000000006,17.11,7.31,21.23,28.54,26.24,18.85,358.0,0.26,75.0,20.95,22.0,6.15,0.721,0.1559999999999999,21.48,9.63,20.09,29.72,30.19,22.32,51.0,0.178,10.0,19.61,5.0,9.8,0.653,0.2,16.18,6.18,21.35,27.53,12.79,28.57,,,,,,,,,,,,,,
745495,2024-06-06,2024,665833,L,621111,R,single,False,False,163.0,0.293,55.0,33.74,13.0,7.98,0.843,0.2,36.04,16.49,19.47,35.96,36.19,25.0,33.0,0.185,7.0,21.21,5.0,15.15,0.636,0.148,27.69,13.14,15.33,28.47,34.25,17.95,55.0,0.353,14.0,25.45,2.0,3.64,1.016,0.274,20.87,10.13,18.99,29.11,28.44,16.28,,,,,,,,,,,,,,
745495,2024-06-06,2024,658668,R,621111,R,sac_fly,False,False,63.0,0.232,10.0,15.87,5.0,7.94,0.606,0.07199999999999998,22.39,12.0,14.0,26.0,36.51,11.11,261.0,0.256,43.0,16.48,14.0,5.36,0.728,0.1649999999999999,22.47,11.51,14.21,25.73,31.17,15.47,51.0,0.178,10.0,19.61,5.0,9.8,0.653,0.2,16.18,6.18,21.35,27.53,12.79,28.57,,,,,,,,,,,,,,
745495,2024-06-06,2024,693304,R,621111,R,home_run,False,False,59.0,0.308,13.0,22.03,4.0,6.78,0.843,0.173,28.0,14.46,13.64,28.1,31.71,16.46,86.0,0.234,21.0,24.42,3.0,3.49,0.638,0.1299999999999999,30.36,15.84,12.11,27.95,27.85,22.11,51.0,0.178,10.0,19.61,5.0,9.8,0.653,0.2,16.18,6.18,21.35,27.53,12.79,28.57,,,,,,,,,,,,,,
745495,2024-06-06,2024,642133,L,621111,R,field_error,False,False,131.0,0.2,24.0,18.32,9.0,6.87,0.518,0.057999999999999996,21.78,9.28,21.02,30.3,24.6,18.6,300.0,0.223,73.0,24.33,29.0,9.67,0.69,0.173,22.22,8.47,23.11,31.59,24.77,19.95,55.0,0.353,14.0,25.45,2.0,3.64,1.016,0.274,20.87,10.13,18.99,29.11,28.44,16.28,,,,,,,,,,,,,,
745495,2024-06-06,2024,680779,R,621111,R,walk,False,True,65.0,0.13,26.0,40.0,7.0,10.77,0.37,0.017999999999999988,35.38,15.97,14.93,30.9,21.77,28.89,170.0,0.224,49.0,28.82,15.0,8.82,0.655,0.1309999999999999,29.33,13.02,18.05,31.07,30.65,26.2,51.0,0.178,10.0,19.61,5.0,9.8,0.653,0.2,16.18,6.18,21.35,27.53,12.79,28.57,,,,,,,,,,,,,,
745495,2024-06-06,2024,669261,L,621111,R,single,False,False,131.0,0.15,30.0,22.9,17.0,12.98,0.552,0.142,23.48,10.8,14.71,25.51,22.73,18.18,404.0,0.232,117.0,28.96,61.0,15.1,0.857,0.271,29.06,11.36,18.81,30.17,17.6,22.37,55.0,0.353,14.0,25.45,2.0,3.64,1.016,0.274,20.87,10.13,18.99,29.11,28.44,16.28,,,,,,,,,,,,,,
745495,2024-06-06,2024,457705,R,621111,R,force_out,False,False,143.0,0.23,37.0,25.87,15.0,10.49,0.6950000000000001,0.143,31.32,13.65,18.09,31.74,18.79,19.89,312.0,0.254,72.0,23.08,49.0,15.71,0.767,0.137,28.77,12.06,17.2,29.26,17.59,17.52,51.0,0.178,10.0,19.61,5.0,9.8,0.653,0.2,16.18,6.18,21.35,27.53,12.79,28.57,,,,,,,,,,,,,,
745495,2024-06-06,2024,678246,R,663559,L,double,False,False,7.0,0.333,2.0,28.57,1.0,14.29,1.262,0.49999999999999994,15.38,6.25,18.75,25.0,12.5,18.18,93.0,0.171,14.0,15.05,14.0,15.05,0.696,0.224,21.34,9.0,16.97,25.96,17.01,13.33,195.0,0.182,29.0,14.87,15.0,7.69,0.589,0.16499999999999998,20.18,10.06,16.62,26.68,26.06,16.2,278.0,0.269,48.0,17.27,17.0,6.12,0.763,0.181,18.05,9.25,15.61,24.86,30.85,15.58
745495,2024-06-06,2024,605131,R,663559,L,sac_bunt,False,False,25.0,0.286,2.0,8.0,4.0,16.0,0.7330000000000001,0.04700000000000004,21.43,9.57,12.77,22.34,13.64,8.33,56.0,0.08,14.0,25.0,4.0,7.14,0.264,0.02,20.37,9.28,18.99,28.27,19.09,16.67,195.0,0.182,29.0,14.87,15.0,7.69,0.589,0.16499999999999998,20.18,10.06,16.62,26.68,26.06,16.2,278.0,0.269,48.0,17.27,17.0,6.12,0.763,0.181,18.05,9.25,15.61,24.86,30.85,15.58
745495,2024-06-06,2024,605141,R,663559,L,walk,False,True,86.0,0.312,7.0,8.14,9.0,10.47,0.865,0.16899999999999998,11.36,4.24,21.47,25.71,22.28,7.53,184.0,0.3,22.0,11.96,30.0,16.3,1.097,0.373,13.08,4.64,20.77,25.41,13.65,12.72,195.0,0.182,29.0,14.87,15.0,7.69,0.589,0.16499999999999998,20.18,10.06,16.62,26.68,26.06,16.2,278.0,0.269,48.0,17.27,17.0,6.12,0.763,0.181,18.05,9.25,15.61,24.86,30.85,15.58
745495,2024-06-06,2024,660271,L,663559,L,strikeout,True,False,89.0,0.305,20.0,22.47,6.0,6.74,0.8109999999999999,0.15800000000000003,26.11,11.68,17.95,29.63,26.29,20.0,170.0,0.245,44.0,25.88,27.0,15.88,0.897,0.287,30.62,13.88,13.59,27.47,31.74,23.04,53.0,0.25,9.0,16.98,1.0,1.89,0.629,0.11499999999999999,20.25,9.09,19.89,28.98,27.16,30.0,69.0,0.364,12.0,17.39,3.0,4.35,1.103,0.348,19.35,9.27,18.53,27.8,22.12,16.22
745495,2024-06-06,2024,518692,L,663559,L,field_out,False,False,99.0,0.229,17.0,17.17,10.0,10.1,0.652,0.096,22.28,11.84,11.58,23.42,31.91,13.18,218.0,0.335,40.0,18.35,15.0,6.88,1.008,0.2739999999999999,21.54,11.31,11.07,22.38,26.41,16.0,53.0,0.25,9.0,16.98,1.0,1.89,0.629,0.11499999999999999,20.25,9.09,19.89,28.98,27.16,30.0,69.0,0.364,12.0,17.39,3.0,4.35,1.103,0.348,19.35,9.27,18.53,27.8,22.12,16.22
745495,2024-06-06,2024,668804,L,675627,R,strikeout,True,False,181.0,0.239,36.0,19.89,20.0,11.05,0.7030000000000001,0.138,28.08,12.48,15.29,27.77,25.32,17.82,438.0,0.252,94.0,21.46,45.0,10.27,0.821,0.2309999999999999,28.75,13.22,13.73,26.95,24.9,18.49,39.0,0.125,16.0,41.03,3.0,7.69,0.563,0.15600000000000003,32.53,15.98,14.2,30.18,32.1,25.4,147.0,0.344,28.0,19.05,14.0,9.52,1.003,0.244,20.15,9.35,17.81,27.16,26.12,17.28
745495,2024-06-06,2024,663647,R,675627,R,strikeout,True,False,118.0,0.21,23.0,19.49,10.0,8.47,0.528,0.038000000000000006,17.11,7.31,21.23,28.54,26.24,18.85,358.0,0.26,75.0,20.95,22.0,6.15,0.721,0.1559999999999999,21.48,9.63,20.09,29.72,30.19,22.32,76.0,0.212,21.0,27.63,9.0,11.84,0.606,0.091,31.4,13.1,19.66,32.76,30.19,30.88,155.0,0.255,45.0,29.03,5.0,3.23,0.707,0.1679999999999999,33.22,17.44,15.03,32.47,36.39,26.95
745495,2024-06-06,2024,665833,L,675627,R,field_out,False,False,163.0,0.293,55.0,33.74,13.0,7.98,0.843,0.2,36.04,16.49,19.47,35.96,36.19,25.0,33.0,0.185,7.0,21.21,5.0,15.15,0.636,0.148,27.69,13.14,15.33,28.47,34.25,17.95,39.0,0.125,16.0,41.03,3.0,7.69,0.563,0.15600000000000003,32.53,15.98,14.2,30.18,32.1,25.4,147.0,0.344,28.0,19.05,14.0,9.52,1.003,0.244,20.15,9.35,17.81,27.16,26.12,17.28
745495,2024-06-06,2024,606192,R,663559,L,home_run,False,False,70.0,0.254,18.0,25.71,3.0,4.29,0.8380000000000001,0.29800000000000004,28.78,15.69,10.2,25.88,28.7,28.57,151.0,0.287,47.0,31.13,5.0,3.31,0.817,0.223,31.76,17.57,12.52,30.09,36.59,25.41,195.0,0.182,29.0,14.87,15.0,7.69,0.589,0.16499999999999998,20.18,10.06,16.62,26.68,26.06,16.2,278.0,0.269,48.0,17.27,17.0,6.12,0.763,0.181,18.05,9.25,15.61,24.86,30.85,15.58
745495,2024-06-06,2024,681624,R,621294,R,hit_by_pitch,False,False,131.0,0.231,39.0,29.77,4.0,3.05,0.666,0.166,28.97,16.6,12.06,28.66,34.58,21.31,,,,,,,,,,,,,,,,,,,,,,,,,,,,,45.0,0.15,13.0,28.89,4.0,8.89,0.469,0.075,32.39,14.11,20.25,34.36,32.53,30.23
745495,2024-06-06,2024,500743,R,621294,R,single,False,False,47.0,0.25,6.0,12.77,3.0,6.38,0.6839999999999999,0.136,14.08,6.06,19.39,25.45,23.38,15.38,279.0,0.21,36.0,12.9,18.0,6.45,0.546,0.068,19.79,9.92,16.53,26.45,34.53,12.9,,,,,,,,,,,,,,,45.0,0.15,13.0,28.89,4.0,8.89,0.469,0.075,32.39,14.11,20.25,34.36,32.53,30.23
745495,2024-06-06,2024,571771,R,621294,R,double,False,False,75.0,0.157,18.0,24.0,5.0,6.67,0.41300000000000003,0.04300000000000001,25.17,13.01,16.44,29.45,25.95,20.69,347.0,0.235,78.0,22.48,20.0,5.76,0.647,0.13,27.56,13.17,16.85,30.02,28.91,20.8,,,,,,,,,,,,,,,45.0,0.15,13.0,28.89,4.0,8.89,0.469,0.075,32.39,14.11,20.25,34.36,32.53,30.23
745495,2024-06-06,2024,678246,R,621294,R,fielders_choice_out,False,False,10.0,0.2,3.0,30.0,0.0,0.0,0.6000000000000001,0.2,10.0,4.88,21.95,26.83,25.0,18.75,211.0,0.206,47.0,22.27,24.0,11.37,0.6619999999999999,0.15,22.7,10.21,16.28,26.49,22.52,19.5,,,,,,,,,,,,,,,45.0,0.15,13.0,28.89,4.0,8.89,0.469,0.075,32.39,14.11,20.25,34.36,32.53,30.23
745495,2024-06-06,2024,605131,R,621294,R,single,False,False,31.0,0.148,10.0,32.26,3.0,9.68,0.381,0.0,21.21,9.66,18.62,28.28,20.31,15.15,144.0,0.219,29.0,20.14,13.0,9.03,0.589,0.0779999999999999,23.08,9.96,18.27,28.23,20.08,20.57,,,,,,,,,,,,,,,45.0,0.15,13.0,28.89,4.0,8.89,0.469,0.075,32.39,14.11,20.25,34.36,32.53,30.23
745495,2024-06-06,2024,605141,R,621294,R,home_run,False,False,189.0,0.288,21.0,11.11,29.0,15.34,0.872,0.187,15.46,5.91,20.21,26.12,18.75,8.82,509.0,0.309,85.0,16.7,66.0,12.97,0.949,0.237,17.85,6.92,20.25,27.17,17.64,15.12,,,,,,,,,,,,,,,45.0,0.15,13.0,28.89,4.0,8.89,0.469,0.075,32.39,14.11,20.25,34.36,32.53,30.23
745495,2024-06-06,2024,660271,L,621294,R,field_out,False,False,171.0,0.333,37.0,21.64,21.0,12.28,1.1139999999999999,0.36099999999999993,29.03,14.2,12.91,27.12,30.73,18.69,429.0,0.327,99.0,23.08,64.0,14.92,1.132,0.3739999999999999,32.88,15.48,11.59,27.07,28.86,20.75,,,,,,,,,,,,,,,37.0,0.345,3.0,8.11,7.0,18.92,1.038,0.207,21.43,10.2,13.61,23.81,28.95,5.88
745495,2024-06-06,2024,518692,L,621294,R,strikeout,True,False,168.0,0.338,26.0,15.48,22.0,13.1,1.006,0.23899999999999993,19.75,9.24,12.07,21.31,23.05,14.13,514.0,0.33,81.0,15.76,57.0,11.09,0.962,0.218,19.83,9.77,11.31,21.08,27.01,16.63,,,,,,,,,,,,,,,37.0,0.345,3.0,8.11,7.0,18.92,1.038,0.207,21.43,10.2,13.61,23.81,28.95,5.88
745495,2024-06-06,2024,658668,R,675627,R,field_out,False,False,63.0,0.232,10.0,15.87,5.0,7.94,0.606,0.07199999999999998,22.39,12.0,14.0,26.0,36.51,11.11,261.0,0.256,43.0,16.48,14.0,5.36,0.728,0.1649999999999999,22.47,11.51,14.21,25.73,31.17,15.47,76.0,0.212,21.0,27.63,9.0,11.84,0.606,0.091,31.4,13.1,19.66,32.76,30.19,30.88,155.0,0.255,45.0,29.03,5.0,3.23,0.707,0.1679999999999999,33.22,17.44,15.03,32.47,36.39,26.95
745495,2024-06-06,2024,693304,R,675627,R,field_out,False,False,59.0,0.308,13.0,22.03,4.0,6.78,0.843,0.173,28.0,14.46,13.64,28.1,31.71,16.46,86.0,0.234,21.0,24.42,3.0,3.49,0.638,0.1299999999999999,30.36,15.84,12.11,27.95,27.85,22.11,76.0,0.212,21.0,27.63,9.0,11.84,0.606,0.091,31.4,13.1,19.66,32.76,30.19,30.88,155.0,0.255,45.0,29.03,5.0,3.23,0.707,0.1679999999999999,33.22,17.44,15.03,32.47,36.39,26.95
745495,2024-06-06,2024,642133,L,675627,R,single,False,False,131.0,0.2,24.0,18.32,9.0,6.87,0.518,0.057999999999999996,21.78,9.28,21.02,30.3,24.6,18.6,300.0,0.223,73.0,24.33,29.0,9.67,0.69,0.173,22.22,8.47,23.11,31.59,24.77,19.95,39.0,0.125,16.0,41.03,3.0,7.69,0.563,0.15600000000000003,32.53,15.98,14.2,30.18,32.1,25.4,147.0,0.344,28.0,19.05,14.0,9.52,1.003,0.244,20.15,9.35,17.81,27.16,26.12,17.28
745495,2024-06-06,2024,680779,R,675627,R,strikeout,True,False,65.0,0.13,26.0,40.0,7.0,10.77,0.37,0.017999999999999988,35.38,15.97,14.93,30.9,21.77,28.89,170.0,0.224,49.0,28.82,15.0,8.82,0.655,0.1309999999999999,29.33,13.02,18.05,31.07,30.65,26.2,76.0,0.212,21.0,27.63,9.0,11.84,0.606,0.091,31.4,13.1,19.66,32.76,30.19,30.88,155.0,0.255,45.0,29.03,5.0,3.23,0.707,0.1679999999999999,33.22,17.44,15.03,32.47,36.39,26.95
745495,2024-06-06,2024,606192,R,693312,R,single,False,False,184.0,0.25,56.0,30.43,17.0,9.24,0.755,0.177,35.04,18.1,12.81,30.91,28.35,21.71,529.0,0.249,164.0,31.0,33.0,6.24,0.718,0.1639999999999999,36.92,19.57,14.44,34.01,34.81,23.06,33.0,0.185,10.0,30.3,4.0,12.12,0.577,0.11099999999999999,32.79,13.16,17.76,30.92,19.78,18.52,18.0,0.5,2.0,11.11,3.0,16.67,1.468,0.357,20.0,9.23,16.92,26.15,25.0,15.38
745495,2024-06-06,2024,681624,R,693312,R,walk,False,True,131.0,0.231,39.0,29.77,4.0,3.05,0.666,0.166,28.97,16.6,12.06,28.66,34.58,21.31,,,,,,,,,,,,,,,33.0,0.185,10.0,30.3,4.0,12.12,0.577,0.11099999999999999,32.79,13.16,17.76,30.92,19.78,18.52,18.0,0.5,2.0,11.11,3.0,16.67,1.468,0.357,20.0,9.23,16.92,26.15,25.0,15.38
745495,2024-06-06,2024,500743,R,693312,R,double,False,False,47.0,0.25,6.0,12.77,3.0,6.38,0.6839999999999999,0.136,14.08,6.06,19.39,25.45,23.38,15.38,279.0,0.21,36.0,12.9,18.0,6.45,0.546,0.068,19.79,9.92,16.53,26.45,34.53,12.9,33.0,0.185,10.0,30.3,4.0,12.12,0.577,0.11099999999999999,32.79,13.16,17.76,30.92,19.78,18.52,18.0,0.5,2.0,11.11,3.0,16.67,1.468,0.357,20.0,9.23,16.92,26.15,25.0,15.38
745495,2024-06-06,2024,571771,R,693312,R,walk,False,True,75.0,0.157,18.0,24.0,5.0,6.67,0.41300000000000003,0.04300000000000001,25.17,13.01,16.44,29.45,25.95,20.69,347.0,0.235,78.0,22.48,20.0,5.76,0.647,0.13,27.56,13.17,16.85,30.02,28.91,20.8,33.0,0.185,10.0,30.3,4.0,12.12,0.577,0.11099999999999999,32.79,13.16,17.76,30.92,19.78,18.52,18.0,0.5,2.0,11.11,3.0,16.67,1.468,0.357,20.0,9.23,16.92,26.15,25.0,15.38
745495,2024-06-06,2024,678246,R,693312,R,double_play,False,False,10.0,0.2,3.0,30.0,0.0,0.0,0.6000000000000001,0.2,10.0,4.88,21.95,26.83,25.0,18.75,211.0,0.206,47.0,22.27,24.0,11.37,0.6619999999999999,0.15,22.7,10.21,16.28,26.49,22.52,19.5,33.0,0.185,10.0,30.3,4.0,12.12,0.577,0.11099999999999999,32.79,13.16,17.76,30.92,19.78,18.52,18.0,0.5,2.0,11.11,3.0,16.67,1.468,0.357,20.0,9.23,16.92,26.15,25.0,15.38
745495,2024-06-06,2024,605131,R,693312,R,strikeout,True,False,31.0,0.148,10.0,32.26,3.0,9.68,0.381,0.0,21.21,9.66,18.62,28.28,20.31,15.15,144.0,0.219,29.0,20.14,13.0,9.03,0.589,0.0779999999999999,23.08,9.96,18.27,28.23,20.08,20.57,33.0,0.185,10.0,30.3,4.0,12.12,0.577,0.11099999999999999,32.79,13.16,17.76,30.92,19.78,18.52,18.0,0.5,2.0,11.11,3.0,16.67,1.468,0.357,20.0,9.23,16.92,26.15,25.0,15.38
745495,2024-06-06,2024,669261,L,543339,R,strikeout,True,False,131.0,0.15,30.0,22.9,17.0,12.98,0.552,0.142,23.48,10.8,14.71,25.51,22.73,18.18,404.0,0.232,117.0,28.96,61.0,15.1,0.857,0.271,29.06,11.36,18.81,30.17,17.6,22.37,43.0,0.186,14.0,32.56,0.0,0.0,0.558,0.186,29.91,16.67,11.98,28.65,25.58,17.72,5.0,0.0,2.0,40.0,2.0,40.0,0.4,0.0,50.0,21.74,8.7,30.43,8.33,20.0
745495,2024-06-06,2024,457705,R,543339,R,field_error,False,False,143.0,0.23,37.0,25.87,15.0,10.49,0.6950000000000001,0.143,31.32,13.65,18.09,31.74,18.79,19.89,312.0,0.254,72.0,23.08,49.0,15.71,0.767,0.137,28.77,12.06,17.2,29.26,17.59,17.52,39.0,0.216,10.0,25.64,2.0,5.13,0.634,0.162,33.8,15.48,15.48,30.97,26.19,23.81,9.0,0.25,3.0,33.33,1.0,11.11,0.708,0.125,28.57,14.63,9.76,24.39,30.43,21.43
745495,2024-06-06,2024,668804,L,543339,R,field_out,False,False,181.0,0.239,36.0,19.89,20.0,11.05,0.7030000000000001,0.138,28.08,12.48,15.29,27.77,25.32,17.82,438.0,0.252,94.0,21.46,45.0,10.27,0.821,0.2309999999999999,28.75,13.22,13.73,26.95,24.9,18.49,43.0,0.186,14.0,32.56,0.0,0.0,0.558,0.186,29.91,16.67,11.98,28.65,25.58,17.72,5.0,0.0,2.0,40.0,2.0,40.0,0.4,0.0,50.0,21.74,8.7,30.43,8.33,20.0
745495,2024-06-06,2024,663647,R,543339,R,single,False,False,118.0,0.21,23.0,19.49,10.0,8.47,0.528,0.038000000000000006,17.11,7.31,21.23,28.54,26.24,18.85,358.0,0.26,75.0,20.95,22.0,6.15,0.721,0.1559999999999999,21.48,9.63,20.09,29.72,30.19,22.32,39.0,0.216,10.0,25.64,2.0,5.13,0.634,0.162,33.8,15.48,15.48,30.97,26.19,23.81,9.0,0.25,3.0,33.33,1.0,11.11,0.708,0.125,28.57,14.63,9.76,24.39,30.43,21.43
745495,2024-06-06,2024,665833,L,543339,R,strikeout,True,False,163.0,0.293,55.0,33.74,13.0,7.98,0.843,0.2,36.04,16.49,19.47,35.96,36.19,25.0,33.0,0.185,7.0,21.21,5.0,15.15,0.636,0.148,27.69,13.14,15.33,28.47,34.25,17.95,43.0,0.186,14.0,32.56,0.0,0.0,0.558,0.186,29.91,16.67,11.98,28.65,25.58,17.72,5.0,0.0,2.0,40.0,2.0,40.0,0.4,0.0,50.0,21.74,8.7,30.43,8.33,20.0
745495,2024-06-06,2024,605141,R,693312,R,field_out,False,False,189.0,0.288,21.0,11.11,29.0,15.34,0.872,0.187,15.46,5.91,20.21,26.12,18.75,8.82,509.0,0.309,85.0,16.7,66.0,12.97,0.949,0.237,17.85,6.92,20.25,27.17,17.64,15.12,33.0,0.185,10.0,30.3,4.0,12.12,0.577,0.11099999999999999,32.79,13.16,17.76,30.92,19.78,18.52,18.0,0.5,2.0,11.11,3.0,16.67,1.468,0.357,20.0,9.23,16.92,26.15,25.0,15.38
745495,2024-06-06,2024,660271,L,693312,R,strikeout,True,False,171.0,0.333,37.0,21.64,21.0,12.28,1.1139999999999999,0.36099999999999993,29.03,14.2,12.91,27.12,30.73,18.69,429.0,0.327,99.0,23.08,64.0,14.92,1.132,0.3739999999999999,32.88,15.48,11.59,27.07,28.86,20.75,21.0,0.25,5.0,23.81,4.0,19.05,0.804,0.125,26.19,11.58,10.53,22.11,20.0,15.15,8.0,0.0,5.0,62.5,1.0,12.5,0.125,0.0,39.13,19.57,10.87,30.43,28.0,22.73
745495,2024-06-06,2024,621035,R,693312,R,strikeout,True,False,56.0,0.098,20.0,35.71,3.0,5.36,0.297,0.01999999999999999,31.0,15.12,14.63,29.76,24.21,37.74,224.0,0.255,66.0,29.46,22.0,9.82,0.712,0.125,33.11,15.94,15.09,31.03,23.37,20.82,33.0,0.185,10.0,30.3,4.0,12.12,0.577,0.11099999999999999,32.79,13.16,17.76,30.92,19.78,18.52,18.0,0.5,2.0,11.11,3.0,16.67,1.468,0.357,20.0,9.23,16.92,26.15,25.0,15.38
745495,2024-06-06,2024,658668,R,595014,R,strikeout,True,False,63.0,0.232,10.0,15.87,5.0,7.94,0.606,0.07199999999999998,22.39,12.0,14.0,26.0,36.51,11.11,261.0,0.256,43.0,16.48,14.0,5.36,0.728,0.1649999999999999,22.47,11.51,14.21,25.73,31.17,15.47,21.0,0.2,5.0,23.81,1.0,4.76,0.438,0.0,26.47,12.5,26.39,38.89,40.0,26.32,,,,,,,,,,,,,,
745495,2024-06-06,2024,693304,R,595014,R,single,False,False,59.0,0.308,13.0,22.03,4.0,6.78,0.843,0.173,28.0,14.46,13.64,28.1,31.71,16.46,86.0,0.234,21.0,24.42,3.0,3.49,0.638,0.1299999999999999,30.36,15.84,12.11,27.95,27.85,22.11,21.0,0.2,5.0,23.81,1.0,4.76,0.438,0.0,26.47,12.5,26.39,38.89,40.0,26.32,,,,,,,,,,,,,,
745495,2024-06-06,2024,642133,L,595014,R,strikeout,True,False,131.0,0.2,24.0,18.32,9.0,6.87,0.518,0.057999999999999996,21.78,9.28,21.02,30.3,24.6,18.6,300.0,0.223,73.0,24.33,29.0,9.67,0.69,0.173,22.22,8.47,23.11,31.59,24.77,19.95,14.0,0.143,8.0,57.14,0.0,0.0,0.286,0.0,28.57,16.13,8.06,24.19,40.62,44.44,,,,,,,,,,,,,,
745495,2024-06-06,2024,680779,R,595014,R,strikeout,True,False,65.0,0.13,26.0,40.0,7.0,10.77,0.37,0.017999999999999988,35.38,15.97,14.93,30.9,21.77,28.89,170.0,0.224,49.0,28.82,15.0,8.82,0.655,0.1309999999999999,29.33,13.02,18.05,31.07,30.65,26.2,21.0,0.2,5.0,23.81,1.0,4.76,0.438,0.0,26.47,12.5,26.39,38.89,40.0,26.32,,,,,,,,,,,,,,
745495,2024-06-06,2024,606192,R,693312,R,field_out,False,False,184.0,0.25,56.0,30.43,17.0,9.24,0.755,0.177,35.04,18.1,12.81,30.91,28.35,21.71,529.0,0.249,164.0,31.0,33.0,6.24,0.718,0.1639999999999999,36.92,19.57,14.44,34.01,34.81,23.06,33.0,0.185,10.0,30.3,4.0,12.12,0.577,0.11099999999999999,32.79,13.16,17.76,30.92,19.78,18.52,18.0,0.5,2.0,11.11,3.0,16.67,1.468,0.357,20.0,9.23,16.92,26.15,25.0,15.38
745495,2024-06-06,2024,681624,R,693312,R,walk,False,True,131.0,0.231,39.0,29.77,4.0,3.05,0.666,0.166,28.97,16.6,12.06,28.66,34.58,21.31,,,,,,,,,,,,,,,33.0,0.185,10.0,30.3,4.0,12.12,0.577,0.11099999999999999,32.79,13.16,17.76,30.92,19.78,18.52,18.0,0.5,2.0,11.11,3.0,16.67,1.468,0.357,20.0,9.23,16.92,26.15,25.0,15.38
745495,2024-06-06,2024,666158,L,677865,L,force_out,False,False,14.0,0.077,4.0,28.57,1.0,7.14,0.21999999999999997,0.0,36.0,15.52,24.14,39.66,16.67,26.67,,,,,,,,,,,,,,,,,,,,,,,,,,,,,38.0,0.176,10.0,26.32,2.0,5.26,0.508,0.089,28.57,12.08,22.15,34.23,26.92,21.28
745495,2024-06-06,2024,571771,R,677865,L,force_out,False,False,60.0,0.255,9.0,15.0,4.0,6.67,0.687,0.127,16.49,7.17,21.52,28.7,26.13,15.52,162.0,0.239,19.0,11.73,14.0,8.64,0.642,0.099,14.84,6.54,19.31,25.86,25.95,10.67,,,,,,,,,,,,,,,84.0,0.31,12.0,14.29,9.0,10.71,0.872,0.1689999999999999,22.3,10.4,15.1,25.5,26.35,16.0
745495,2024-06-06,2024,669261,L,623465,R,field_out,False,False,131.0,0.15,30.0,22.9,17.0,12.98,0.552,0.142,23.48,10.8,14.71,25.51,22.73,18.18,404.0,0.232,117.0,28.96,61.0,15.1,0.857,0.271,29.06,11.36,18.81,30.17,17.6,22.37,30.0,0.269,8.0,26.67,4.0,13.33,0.675,0.03899999999999998,20.0,8.45,17.61,26.06,15.15,16.67,118.0,0.222,25.0,21.19,7.0,5.93,0.663,0.167,20.91,9.98,18.0,27.98,27.4,17.61
745495,2024-06-06,2024,457705,R,623465,R,single,False,False,143.0,0.23,37.0,25.87,15.0,10.49,0.6950000000000001,0.143,31.32,13.65,18.09,31.74,18.79,19.89,312.0,0.254,72.0,23.08,49.0,15.71,0.767,0.137,28.77,12.06,17.2,29.26,17.59,17.52,25.0,0.12,9.0,36.0,0.0,0.0,0.24,0.0,36.36,19.28,25.3,44.58,45.45,42.86,117.0,0.131,41.0,35.04,6.0,5.13,0.406,0.0839999999999999,38.6,17.93,20.95,38.88,34.27,31.3
745495,2024-06-06,2024,668804,L,623465,R,single,False,False,181.0,0.239,36.0,19.89,20.0,11.05,0.7030000000000001,0.138,28.08,12.48,15.29,27.77,25.32,17.82,438.0,0.252,94.0,21.46,45.0,10.27,0.821,0.2309999999999999,28.75,13.22,13.73,26.95,24.9,18.49,30.0,0.269,8.0,26.67,4.0,13.33,0.675,0.03899999999999998,20.0,8.45,17.61,26.06,15.15,16.67,118.0,0.222,25.0,21.19,7.0,5.93,0.663,0.167,20.91,9.98,18.0,27.98,27.4,17.61
745495,2024-06-06,2024,663647,R,623465,R,strikeout,True,False,118.0,0.21,23.0,19.49,10.0,8.47,0.528,0.038000000000000006,17.11,7.31,21.23,28.54,26.24,18.85,358.0,0.26,75.0,20.95,22.0,6.15,0.721,0.1559999999999999,21.48,9.63,20.09,29.72,30.19,22.32,25.0,0.12,9.0,36.0,0.0,0.0,0.24,0.0,36.36,19.28,25.3,44.58,45.45,42.86,117.0,0.131,41.0,35.04,6.0,5.13,0.406,0.0839999999999999,38.6,17.93,20.95,38.88,34.27,31.3
745495,2024-06-06,2024,665833,L,623465,R,home_run,False,False,163.0,0.293,55.0,33.74,13.0,7.98,0.843,0.2,36.04,16.49,19.47,35.96,36.19,25.0,33.0,0.185,7.0,21.21,5.0,15.15,0.636,0.148,27.69,13.14,15.33,28.47,34.25,17.95,30.0,0.269,8.0,26.67,4.0,13.33,0.675,0.03899999999999998,20.0,8.45,17.61,26.06,15.15,16.67,118.0,0.222,25.0,21.19,7.0,5.93,0.663,0.167,20.91,9.98,18.0,27.98,27.4,17.61
745495,2024-06-06,2024,658668,R,623465,R,single,False,False,63.0,0.232,10.0,15.87,5.0,7.94,0.606,0.07199999999999998,22.39,12.0,14.0,26.0,36.51,11.11,261.0,0.256,43.0,16.48,14.0,5.36,0.728,0.1649999999999999,22.47,11.51,14.21,25.73,31.17,15.47,25.0,0.12,9.0,36.0,0.0,0.0,0.24,0.0,36.36,19.28,25.3,44.58,45.45,42.86,117.0,0.131,41.0,35.04,6.0,5.13,0.406,0.0839999999999999,38.6,17.93,20.95,38.88,34.27,31.3
745495,2024-06-06,2024,693304,R,623465,R,field_out,False,False,59.0,0.308,13.0,22.03,4.0,6.78,0.843,0.173,28.0,14.46,13.64,28.1,31.71,16.46,86.0,0.234,21.0,24.42,3.0,3.49,0.638,0.1299999999999999,30.36,15.84,12.11,27.95,27.85,22.11,25.0,0.12,9.0,36.0,0.0,0.0,0.24,0.0,36.36,19.28,25.3,44.58,45.45,42.86,117.0,0.131,41.0,35.04,6.0,5.13,0.406,0.0839999999999999,38.6,17.93,20.95,38.88,34.27,31.3
745495,2024-06-06,2024,678246,R,669387,R,field_out,False,False,10.0,0.2,3.0,30.0,0.0,0.0,0.6000000000000001,0.2,10.0,4.88,21.95,26.83,25.0,18.75,211.0,0.206,47.0,22.27,24.0,11.37,0.6619999999999999,0.15,22.7,10.21,16.28,26.49,22.52,19.5,28.0,0.261,8.0,28.57,3.0,10.71,0.792,0.174,30.19,13.56,15.25,28.81,28.57,22.22,87.0,0.213,18.0,20.69,10.0,11.49,0.63,0.107,21.85,9.54,17.63,27.17,22.03,17.14
745495,2024-06-06,2024,605131,R,669387,R,walk,False,True,31.0,0.148,10.0,32.26,3.0,9.68,0.381,0.0,21.21,9.66,18.62,28.28,20.31,15.15,144.0,0.219,29.0,20.14,13.0,9.03,0.589,0.0779999999999999,23.08,9.96,18.27,28.23,20.08,20.57,28.0,0.261,8.0,28.57,3.0,10.71,0.792,0.174,30.19,13.56,15.25,28.81,28.57,22.22,87.0,0.213,18.0,20.69,10.0,11.49,0.63,0.107,21.85,9.54,17.63,27.17,22.03,17.14
745495,2024-06-06,2024,605141,R,669387,R,walk,False,True,189.0,0.288,21.0,11.11,29.0,15.34,0.872,0.187,15.46,5.91,20.21,26.12,18.75,8.82,509.0,0.309,85.0,16.7,66.0,12.97,0.949,0.237,17.85,6.92,20.25,27.17,17.64,15.12,28.0,0.261,8.0,28.57,3.0,10.71,0.792,0.174,30.19,13.56,15.25,28.81,28.57,22.22,87.0,0.213,18.0,20.69,10.0,11.49,0.63,0.107,21.85,9.54,17.63,27.17,22.03,17.14
745495,2024-06-06,2024,660271,L,669387,R,force_out,False,False,171.0,0.333,37.0,21.64,21.0,12.28,1.1139999999999999,0.36099999999999993,29.03,14.2,12.91,27.12,30.73,18.69,429.0,0.327,99.0,23.08,64.0,14.92,1.132,0.3739999999999999,32.88,15.48,11.59,27.07,28.86,20.75,19.0,0.357,2.0,10.53,3.0,15.79,0.921,0.14300000000000002,14.29,7.06,11.76,18.82,15.0,6.67,66.0,0.214,16.0,24.24,8.0,12.12,0.612,0.09,20.93,9.82,15.27,25.09,25.76,17.98
745495,2024-06-06,2024,621035,R,669387,R,strikeout,True,False,56.0,0.098,20.0,35.71,3.0,5.36,0.297,0.01999999999999999,31.0,15.12,14.63,29.76,24.21,37.74,224.0,0.255,66.0,29.46,22.0,9.82,0.712,0.125,33.11,15.94,15.09,31.03,23.37,20.82,28.0,0.261,8.0,28.57,3.0,10.71,0.792,0.174,30.19,13.56,15.25,28.81,28.57,22.22,87.0,0.213,18.0,20.69,10.0,11.49,0.63,0.107,21.85,9.54,17.63,27.17,22.03,17.14
745495,2024-06-06,2024,656582,R,681911,L,strikeout,True,False,89.0,0.291,14.0,15.73,8.0,8.99,0.866,0.21500000000000002,19.87,8.52,17.03,25.55,20.0,12.96,193.0,0.265,40.0,20.73,23.0,11.92,0.8200000000000001,0.187,25.72,9.93,21.34,31.27,18.27,17.32,63.0,0.102,27.0,42.86,12.0,19.05,0.519,0.14300000000000002,36.92,17.78,14.07,31.85,30.83,32.93,124.0,0.25,33.0,26.61,11.0,8.87,0.761,0.188,26.34,12.8,14.4,27.2,26.36,20.75
745495,2024-06-06,2024,680779,R,681911,L,strikeout,True,False,22.0,0.294,4.0,18.18,4.0,18.18,0.9259999999999999,0.177,31.25,11.9,19.05,30.95,18.18,18.18,85.0,0.192,20.0,23.53,10.0,11.76,0.648,0.15,22.64,9.97,17.73,27.7,26.46,16.26,63.0,0.102,27.0,42.86,12.0,19.05,0.519,0.14300000000000002,36.92,17.78,14.07,31.85,30.83,32.93,124.0,0.25,33.0,26.61,11.0,8.87,0.761,0.188,26.34,12.8,14.4,27.2,26.36,20.75
745495,2024-06-06,2024,669707,R,681911,L,strikeout,True,False,64.0,0.214,19.0,29.69,7.0,10.94,0.5469999999999999,0.036000000000000004,31.15,15.32,12.9,28.23,23.08,28.79,65.0,0.293,20.0,30.77,6.0,9.23,0.7829999999999999,0.121,29.41,12.96,18.15,31.11,29.29,21.28,63.0,0.102,27.0,42.86,12.0,19.05,0.519,0.14300000000000002,36.92,17.78,14.07,31.85,30.83,32.93,124.0,0.25,33.0,26.61,11.0,8.87,0.761,0.188,26.34,12.8,14.4,27.2,26.36,20.75
744844,2024-06-06,2024,645277,R,680730,L,field_out,False,False,53.0,0.327,7.0,13.21,1.0,1.89,0.8400000000000001,0.173,21.43,12.57,8.38,20.96,35.23,23.33,133.0,0.391,18.0,13.53,4.0,3.01,1.023,0.2259999999999999,19.5,11.51,10.25,21.76,42.91,12.77,146.0,0.215,32.0,21.92,9.0,6.16,0.5860000000000001,0.11100000000000002,24.19,12.93,14.83,27.76,35.34,17.2,,,,,,,,,,,,,,
744844,2024-06-06,2024,663586,R,680730,L,field_out,False,False,52.0,0.213,11.0,21.15,5.0,9.62,0.607,0.10600000000000001,20.21,10.27,11.35,21.62,24.18,22.92,149.0,0.289,35.0,23.49,17.0,11.41,0.94,0.289,28.03,13.64,12.46,26.09,26.11,18.72,146.0,0.215,32.0,21.92,9.0,6.16,0.5860000000000001,0.11100000000000002,24.19,12.93,14.83,27.76,35.34,17.2,,,,,,,,,,,,,,
744844,2024-06-06,2024,542303,R,680730,L,strikeout,True,False,66.0,0.345,16.0,24.24,11.0,16.67,1.019,0.21899999999999997,29.93,14.43,12.13,26.56,27.59,13.68,139.0,0.278,25.0,17.99,13.0,9.35,0.98,0.357,22.56,11.13,13.17,24.3,30.63,15.53,146.0,0.215,32.0,21.92,9.0,6.16,0.5860000000000001,0.11100000000000002,24.19,12.93,14.83,27.76,35.34,17.2,,,,,,,,,,,,,,
744844,2024-06-06,2024,682928,L,625643,R,strikeout,True,False,175.0,0.204,36.0,20.57,12.0,6.86,0.655,0.18500000000000003,24.45,13.38,12.48,25.86,40.99,16.67,446.0,0.274,78.0,17.49,24.0,5.38,0.786,0.19,21.76,11.82,12.69,24.5,35.86,16.63,123.0,0.202,28.0,22.76,17.0,13.82,0.602,0.08599999999999997,26.83,11.68,17.41,29.09,28.06,21.88,124.0,0.18,35.0,28.23,23.0,18.55,0.633,0.12,30.94,14.64,12.14,26.79,24.49,18.72
744844,2024-06-06,2024,657041,R,625643,R,field_out,False,False,97.0,0.169,25.0,25.77,6.0,6.19,0.486,0.101,23.64,10.08,20.67,30.75,22.8,21.55,490.0,0.242,143.0,29.18,23.0,4.69,0.719,0.185,26.09,11.34,20.58,31.92,28.6,24.48,104.0,0.212,27.0,25.96,3.0,2.88,0.534,0.091,30.0,16.0,16.8,32.8,36.53,25.96,154.0,0.227,48.0,31.17,11.0,7.14,0.6479999999999999,0.1349999999999999,30.11,16.08,12.9,28.98,33.43,19.51
744844,2024-06-06,2024,608385,L,625643,R,field_out,False,False,161.0,0.274,34.0,21.12,20.0,12.42,0.815,0.15599999999999997,23.15,9.97,16.62,26.59,19.12,14.72,184.0,0.2,46.0,25.0,24.0,13.04,0.5660000000000001,0.0449999999999999,25.91,11.04,17.01,28.05,20.4,17.9,123.0,0.202,28.0,22.76,17.0,13.82,0.602,0.08599999999999997,26.83,11.68,17.41,29.09,28.06,21.88,124.0,0.18,35.0,28.23,23.0,18.55,0.633,0.12,30.94,14.64,12.14,26.79,24.49,18.72
744844,2024-06-06,2024,621566,L,680730,L,strikeout,True,False,76.0,0.25,17.0,22.37,5.0,6.58,0.831,0.265,23.45,11.3,14.95,26.25,27.15,16.67,182.0,0.252,52.0,28.57,14.0,7.69,0.7989999999999999,0.239,31.07,15.01,14.87,29.88,27.47,21.94,56.0,0.302,11.0,19.64,3.0,5.36,0.773,0.132,21.05,10.53,17.89,28.42,21.05,23.91,,,,,,,,,,,,,,
744844,2024-06-06,2024,594807,R,680730,L,field_out,False,False,67.0,0.286,11.0,16.42,9.0,13.43,0.977,0.303,16.26,7.27,16.36,23.64,22.3,11.96,93.0,0.244,34.0,36.56,4.0,4.3,0.757,0.2329999999999999,34.95,18.31,16.34,34.65,37.97,29.82,146.0,0.215,32.0,21.92,9.0,6.16,0.5860000000000001,0.11100000000000002,24.19,12.93,14.83,27.76,35.34,17.2,,,,,,,,,,,,,,
744844,2024-06-06,2024,669221,R,680730,L,field_out,False,False,7.0,0.0,2.0,28.57,1.0,14.29,0.143,0.0,33.33,16.67,16.67,33.33,42.86,33.33,101.0,0.274,21.0,20.79,12.0,11.88,0.884,0.2139999999999999,23.12,10.14,16.75,26.89,23.56,16.03,146.0,0.215,32.0,21.92,9.0,6.16,0.5860000000000001,0.11100000000000002,24.19,12.93,14.83,27.76,35.34,17.2,,,,,,,,,,,,,,
744844,2024-06-06,2024,671277,L,625643,R,field_out,False,False,159.0,0.285,27.0,16.98,8.0,5.03,0.765,0.15900000000000003,22.89,11.69,15.47,27.16,35.19,18.49,355.0,0.268,44.0,12.39,23.0,6.48,0.6950000000000001,0.1129999999999999,17.54,8.86,13.52,22.38,31.84,12.54,123.0,0.202,28.0,22.76,17.0,13.82,0.602,0.08599999999999997,26.83,11.68,17.41,29.09,28.06,21.88,124.0,0.18,35.0,28.23,23.0,18.55,0.633,0.12,30.94,14.64,12.14,26.79,24.49,18.72
744844,2024-06-06,2024,660688,L,625643,R,single,False,False,117.0,0.218,18.0,15.38,3.0,2.56,0.565,0.091,14.07,7.04,18.09,25.13,33.67,17.65,403.0,0.249,48.0,11.91,25.0,6.2,0.712,0.1629999999999999,14.96,7.67,15.92,23.59,36.49,14.77,123.0,0.202,28.0,22.76,17.0,13.82,0.602,0.08599999999999997,26.83,11.68,17.41,29.09,28.06,21.88,124.0,0.18,35.0,28.23,23.0,18.55,0.633,0.12,30.94,14.64,12.14,26.79,24.49,18.72
744844,2024-06-06,2024,608841,R,625643,R,strikeout,True,False,152.0,0.261,27.0,17.76,11.0,7.24,0.663,0.08200000000000002,20.35,10.25,13.25,23.5,27.3,16.77,471.0,0.268,97.0,20.59,28.0,5.94,0.7030000000000001,0.12,23.85,11.18,18.94,30.12,30.48,17.38,104.0,0.212,27.0,25.96,3.0,2.88,0.534,0.091,30.0,16.0,16.8,32.8,36.53,25.96,154.0,0.227,48.0,31.17,11.0,7.14,0.6479999999999999,0.1349999999999999,30.11,16.08,12.9,28.98,33.43,19.51
744844,2024-06-06,2024,608336,L,625643,R,strikeout,True,False,106.0,0.188,43.0,40.57,17.0,16.04,0.7330000000000001,0.21200000000000002,44.33,19.03,15.93,34.96,21.89,29.86,273.0,0.177,118.0,43.22,40.0,14.65,0.748,0.271,44.52,21.12,11.99,33.11,25.82,30.1,123.0,0.202,28.0,22.76,17.0,13.82,0.602,0.08599999999999997,26.83,11.68,17.41,29.09,28.06,21.88,124.0,0.18,35.0,28.23,23.0,18.55,0.633,0.12,30.94,14.64,12.14,26.79,24.49,18.72
744844,2024-06-06,2024,671739,L,680730,L,field_out,False,False,75.0,0.274,17.0,22.67,2.0,2.67,0.622,0.05499999999999999,29.5,16.87,17.7,34.57,47.79,25.76,139.0,0.301,25.0,17.99,3.0,2.16,0.797,0.165,22.64,11.79,19.84,31.63,41.0,16.23,56.0,0.302,11.0,19.64,3.0,5.36,0.773,0.132,21.05,10.53,17.89,28.42,21.05,23.91,,,,,,,,,,,,,,
744844,2024-06-06,2024,606115,R,680730,L,field_out,False,False,59.0,0.164,16.0,27.12,2.0,3.39,0.404,0.05399999999999999,26.19,13.36,14.57,27.94,26.5,18.82,112.0,0.302,24.0,21.43,16.0,14.29,1.006,0.302,27.18,11.06,18.79,29.85,21.6,18.32,146.0,0.215,32.0,21.92,9.0,6.16,0.5860000000000001,0.11100000000000002,24.19,12.93,14.83,27.76,35.34,17.2,,,,,,,,,,,,,,
744844,2024-06-06,2024,605119,R,680730,L,field_out,False,False,,,,,,,,,,,,,,,86.0,0.187,25.0,29.07,10.0,11.63,0.598,0.12,33.52,17.46,14.2,31.66,28.75,22.32,146.0,0.215,32.0,21.92,9.0,6.16,0.5860000000000001,0.11100000000000002,24.19,12.93,14.83,27.76,35.34,17.2,,,,,,,,,,,,,,
744844,2024-06-06,2024,669222,R,625643,R,field_out,False,False,107.0,0.222,28.0,26.17,15.0,14.02,0.7070000000000001,0.145,28.98,12.78,17.54,30.33,21.05,26.92,205.0,0.164,51.0,24.88,18.0,8.78,0.497,0.093,25.27,12.43,15.64,28.07,26.72,23.15,104.0,0.212,27.0,25.96,3.0,2.88,0.534,0.091,30.0,16.0,16.8,32.8,36.53,25.96,154.0,0.227,48.0,31.17,11.0,7.14,0.6479999999999999,0.1349999999999999,30.11,16.08,12.9,28.98,33.43,19.51
744844,2024-06-06,2024,696285,R,625643,R,field_out,False,False,115.0,0.248,24.0,20.87,6.0,5.22,0.599,0.03899999999999998,23.59,10.98,20.76,31.74,30.5,22.43,93.0,0.268,17.0,18.28,7.0,7.53,0.687,0.0859999999999999,21.38,9.8,20.46,30.26,30.36,15.74,104.0,0.212,27.0,25.96,3.0,2.88,0.534,0.091,30.0,16.0,16.8,32.8,36.53,25.96,154.0,0.227,48.0,31.17,11.0,7.14,0.6479999999999999,0.1349999999999999,30.11,16.08,12.9,28.98,33.43,19.51
744844,2024-06-06,2024,682928,L,625643,R,strikeout,True,False,175.0,0.204,36.0,20.57,12.0,6.86,0.655,0.18500000000000003,24.45,13.38,12.48,25.86,40.99,16.67,446.0,0.274,78.0,17.49,24.0,5.38,0.786,0.19,21.76,11.82,12.69,24.5,35.86,16.63,123.0,0.202,28.0,22.76,17.0,13.82,0.602,0.08599999999999997,26.83,11.68,17.41,29.09,28.06,21.88,124.0,0.18,35.0,28.23,23.0,18.55,0.633,0.12,30.94,14.64,12.14,26.79,24.49,18.72
744844,2024-06-06,2024,645277,R,680730,L,field_out,False,False,53.0,0.327,7.0,13.21,1.0,1.89,0.8400000000000001,0.173,21.43,12.57,8.38,20.96,35.23,23.33,133.0,0.391,18.0,13.53,4.0,3.01,1.023,0.2259999999999999,19.5,11.51,10.25,21.76,42.91,12.77,146.0,0.215,32.0,21.92,9.0,6.16,0.5860000000000001,0.11100000000000002,24.19,12.93,14.83,27.76,35.34,17.2,,,,,,,,,,,,,,
744844,2024-06-06,2024,663586,R,680730,L,field_out,False,False,52.0,0.213,11.0,21.15,5.0,9.62,0.607,0.10600000000000001,20.21,10.27,11.35,21.62,24.18,22.92,149.0,0.289,35.0,23.49,17.0,11.41,0.94,0.289,28.03,13.64,12.46,26.09,26.11,18.72,146.0,0.215,32.0,21.92,9.0,6.16,0.5860000000000001,0.11100000000000002,24.19,12.93,14.83,27.76,35.34,17.2,,,,,,,,,,,,,,
744844,2024-06-06,2024,542303,R,680730,L,field_out,False,False,66.0,0.345,16.0,24.24,11.0,16.67,1.019,0.21899999999999997,29.93,14.43,12.13,26.56,27.59,13.68,139.0,0.278,25.0,17.99,13.0,9.35,0.98,0.357,22.56,11.13,13.17,24.3,30.63,15.53,146.0,0.215,32.0,21.92,9.0,6.16,0.5860000000000001,0.11100000000000002,24.19,12.93,14.83,27.76,35.34,17.2,,,,,,,,,,,,,,
744844,2024-06-06,2024,657041,R,625643,R,strikeout,True,False,97.0,0.169,25.0,25.77,6.0,6.19,0.486,0.101,23.64,10.08,20.67,30.75,22.8,21.55,490.0,0.242,143.0,29.18,23.0,4.69,0.719,0.185,26.09,11.34,20.58,31.92,28.6,24.48,104.0,0.212,27.0,25.96,3.0,2.88,0.534,0.091,30.0,16.0,16.8,32.8,36.53,25.96,154.0,0.227,48.0,31.17,11.0,7.14,0.6479999999999999,0.1349999999999999,30.11,16.08,12.9,28.98,33.43,19.51
744844,2024-06-06,2024,608385,L,625643,R,single,False,False,161.0,0.274,34.0,21.12,20.0,12.42,0.815,0.15599999999999997,23.15,9.97,16.62,26.59,19.12,14.72,184.0,0.2,46.0,25.0,24.0,13.04,0.5660000000000001,0.0449999999999999,25.91,11.04,17.01,28.05,20.4,17.9,123.0,0.202,28.0,22.76,17.0,13.82,0.602,0.08599999999999997,26.83,11.68,17.41,29.09,28.06,21.88,124.0,0.18,35.0,28.23,23.0,18.55,0.633,0.12,30.94,14.64,12.14,26.79,24.49,18.72
744844,2024-06-06,2024,671277,L,625643,R,field_out,False,False,159.0,0.285,27.0,16.98,8.0,5.03,0.765,0.15900000000000003,22.89,11.69,15.47,27.16,35.19,18.49,355.0,0.268,44.0,12.39,23.0,6.48,0.6950000000000001,0.1129999999999999,17.54,8.86,13.52,22.38,31.84,12.54,123.0,0.202,28.0,22.76,17.0,13.82,0.602,0.08599999999999997,26.83,11.68,17.41,29.09,28.06,21.88,124.0,0.18,35.0,28.23,23.0,18.55,0.633,0.12,30.94,14.64,12.14,26.79,24.49,18.72
744844,2024-06-06,2024,660688,L,625643,R,field_out,False,False,117.0,0.218,18.0,15.38,3.0,2.56,0.565,0.091,14.07,7.04,18.09,25.13,33.67,17.65,403.0,0.249,48.0,11.91,25.0,6.2,0.712,0.1629999999999999,14.96,7.67,15.92,23.59,36.49,14.77,123.0,0.202,28.0,22.76,17.0,13.82,0.602,0.08599999999999997,26.83,11.68,17.41,29.09,28.06,21.88,124.0,0.18,35.0,28.23,23.0,18.55,0.633,0.12,30.94,14.64,12.14,26.79,24.49,18.72
744844,2024-06-06,2024,621566,L,680730,L,field_out,False,False,76.0,0.25,17.0,22.37,5.0,6.58,0.831,0.265,23.45,11.3,14.95,26.25,27.15,16.67,182.0,0.252,52.0,28.57,14.0,7.69,0.7989999999999999,0.239,31.07,15.01,14.87,29.88,27.47,21.94,56.0,0.302,11.0,19.64,3.0,5.36,0.773,0.132,21.05,10.53,17.89,28.42,21.05,23.91,,,,,,,,,,,,,,
744844,2024-06-06,2024,594807,R,680730,L,hit_by_pitch,False,False,67.0,0.286,11.0,16.42,9.0,13.43,0.977,0.303,16.26,7.27,16.36,23.64,22.3,11.96,93.0,0.244,34.0,36.56,4.0,4.3,0.757,0.2329999999999999,34.95,18.31,16.34,34.65,37.97,29.82,146.0,0.215,32.0,21.92,9.0,6.16,0.5860000000000001,0.11100000000000002,24.19,12.93,14.83,27.76,35.34,17.2,,,,,,,,,,,,,,
744844,2024-06-06,2024,669221,R,680730,L,field_out,False,False,7.0,0.0,2.0,28.57,1.0,14.29,0.143,0.0,33.33,16.67,16.67,33.33,42.86,33.33,101.0,0.274,21.0,20.79,12.0,11.88,0.884,0.2139999999999999,23.12,10.14,16.75,26.89,23.56,16.03,146.0,0.215,32.0,21.92,9.0,6.16,0.5860000000000001,0.11100000000000002,24.19,12.93,14.83,27.76,35.34,17.2,,,,,,,,,,,,,,
744844,2024-06-06,2024,671739,L,680730,L,field_out,False,False,75.0,0.274,17.0,22.67,2.0,2.67,0.622,0.05499999999999999,29.5,16.87,17.7,34.57,47.79,25.76,139.0,0.301,25.0,17.99,3.0,2.16,0.797,0.165,22.64,11.79,19.84,31.63,41.0,16.23,56.0,0.302,11.0,19.64,3.0,5.36,0.773,0.132,21.05,10.53,17.89,28.42,21.05,23.91,,,,,,,,,,,,,,
744844,2024-06-06,2024,608841,R,625643,R,field_out,False,False,152.0,0.261,27.0,17.76,11.0,7.24,0.663,0.08200000000000002,20.35,10.25,13.25,23.5,27.3,16.77,471.0,0.268,97.0,20.59,28.0,5.94,0.7030000000000001,0.12,23.85,11.18,18.94,30.12,30.48,17.38,104.0,0.212,27.0,25.96,3.0,2.88,0.534,0.091,30.0,16.0,16.8,32.8,36.53,25.96,154.0,0.227,48.0,31.17,11.0,7.14,0.6479999999999999,0.1349999999999999,30.11,16.08,12.9,28.98,33.43,19.51
744844,2024-06-06,2024,608336,L,625643,R,walk,False,True,106.0,0.188,43.0,40.57,17.0,16.04,0.7330000000000001,0.21200000000000002,44.33,19.03,15.93,34.96,21.89,29.86,273.0,0.177,118.0,43.22,40.0,14.65,0.748,0.271,44.52,21.12,11.99,33.11,25.82,30.1,123.0,0.202,28.0,22.76,17.0,13.82,0.602,0.08599999999999997,26.83,11.68,17.41,29.09,28.06,21.88,124.0,0.18,35.0,28.23,23.0,18.55,0.633,0.12,30.94,14.64,12.14,26.79,24.49,18.72
744844,2024-06-06,2024,669222,R,625643,R,strikeout,True,False,107.0,0.222,28.0,26.17,15.0,14.02,0.7070000000000001,0.145,28.98,12.78,17.54,30.33,21.05,26.92,205.0,0.164,51.0,24.88,18.0,8.78,0.497,0.093,25.27,12.43,15.64,28.07,26.72,23.15,104.0,0.212,27.0,25.96,3.0,2.88,0.534,0.091,30.0,16.0,16.8,32.8,36.53,25.96,154.0,0.227,48.0,31.17,11.0,7.14,0.6479999999999999,0.1349999999999999,30.11,16.08,12.9,28.98,33.43,19.51
744844,2024-06-06,2024,696285,R,625643,R,strikeout,True,False,115.0,0.248,24.0,20.87,6.0,5.22,0.599,0.03899999999999998,23.59,10.98,20.76,31.74,30.5,22.43,93.0,0.268,17.0,18.28,7.0,7.53,0.687,0.0859999999999999,21.38,9.8,20.46,30.26,30.36,15.74,104.0,0.212,27.0,25.96,3.0,2.88,0.534,0.091,30.0,16.0,16.8,32.8,36.53,25.96,154.0,0.227,48.0,31.17,11.0,7.14,0.6479999999999999,0.1349999999999999,30.11,16.08,12.9,28.98,33.43,19.51
744844,2024-06-06,2024,606115,R,680730,L,double,False,False,59.0,0.164,16.0,27.12,2.0,3.39,0.404,0.05399999999999999,26.19,13.36,14.57,27.94,26.5,18.82,112.0,0.302,24.0,21.43,16.0,14.29,1.006,0.302,27.18,11.06,18.79,29.85,21.6,18.32,146.0,0.215,32.0,21.92,9.0,6.16,0.5860000000000001,0.11100000000000002,24.19,12.93,14.83,27.76,35.34,17.2,,,,,,,,,,,,,,
744844,2024-06-06,2024,605119,R,680730,L,field_out,False,False,,,,,,,,,,,,,,,86.0,0.187,25.0,29.07,10.0,11.63,0.598,0.12,33.52,17.46,14.2,31.66,28.75,22.32,146.0,0.215,32.0,21.92,9.0,6.16,0.5860000000000001,0.11100000000000002,24.19,12.93,14.83,27.76,35.34,17.2,,,,,,,,,,,,,,
744844,2024-06-06,2024,645277,R,680730,L,field_out,False,False,53.0,0.327,7.0,13.21,1.0,1.89,0.8400000000000001,0.173,21.43,12.57,8.38,20.96,35.23,23.33,133.0,0.391,18.0,13.53,4.0,3.01,1.023,0.2259999999999999,19.5,11.51,10.25,21.76,42.91,12.77,146.0,0.215,32.0,21.92,9.0,6.16,0.5860000000000001,0.11100000000000002,24.19,12.93,14.83,27.76,35.34,17.2,,,,,,,,,,,,,,
744844,2024-06-06,2024,663586,R,680730,L,field_out,False,False,52.0,0.213,11.0,21.15,5.0,9.62,0.607,0.10600000000000001,20.21,10.27,11.35,21.62,24.18,22.92,149.0,0.289,35.0,23.49,17.0,11.41,0.94,0.289,28.03,13.64,12.46,26.09,26.11,18.72,146.0,0.215,32.0,21.92,9.0,6.16,0.5860000000000001,0.11100000000000002,24.19,12.93,14.83,27.76,35.34,17.2,,,,,,,,,,,,,,
744844,2024-06-06,2024,682928,L,625643,R,home_run,False,False,175.0,0.204,36.0,20.57,12.0,6.86,0.655,0.18500000000000003,24.45,13.38,12.48,25.86,40.99,16.67,446.0,0.274,78.0,17.49,24.0,5.38,0.786,0.19,21.76,11.82,12.69,24.5,35.86,16.63,123.0,0.202,28.0,22.76,17.0,13.82,0.602,0.08599999999999997,26.83,11.68,17.41,29.09,28.06,21.88,124.0,0.18,35.0,28.23,23.0,18.55,0.633,0.12,30.94,14.64,12.14,26.79,24.49,18.72
744844,2024-06-06,2024,657041,R,625643,R,home_run,False,False,97.0,0.169,25.0,25.77,6.0,6.19,0.486,0.101,23.64,10.08,20.67,30.75,22.8,21.55,490.0,0.242,143.0,29.18,23.0,4.69,0.719,0.185,26.09,11.34,20.58,31.92,28.6,24.48,104.0,0.212,27.0,25.96,3.0,2.88,0.534,0.091,30.0,16.0,16.8,32.8,36.53,25.96,154.0,0.227,48.0,31.17,11.0,7.14,0.6479999999999999,0.1349999999999999,30.11,16.08,12.9,28.98,33.43,19.51
744844,2024-06-06,2024,608385,L,625643,R,single,False,False,161.0,0.274,34.0,21.12,20.0,12.42,0.815,0.15599999999999997,23.15,9.97,16.62,26.59,19.12,14.72,184.0,0.2,46.0,25.0,24.0,13.04,0.5660000000000001,0.0449999999999999,25.91,11.04,17.01,28.05,20.4,17.9,123.0,0.202,28.0,22.76,17.0,13.82,0.602,0.08599999999999997,26.83,11.68,17.41,29.09,28.06,21.88,124.0,0.18,35.0,28.23,23.0,18.55,0.633,0.12,30.94,14.64,12.14,26.79,24.49,18.72
744844,2024-06-06,2024,671277,L,625643,R,single,False,False,159.0,0.285,27.0,16.98,8.0,5.03,0.765,0.15900000000000003,22.89,11.69,15.47,27.16,35.19,18.49,355.0,0.268,44.0,12.39,23.0,6.48,0.6950000000000001,0.1129999999999999,17.54,8.86,13.52,22.38,31.84,12.54,123.0,0.202,28.0,22.76,17.0,13.82,0.602,0.08599999999999997,26.83,11.68,17.41,29.09,28.06,21.88,124.0,0.18,35.0,28.23,23.0,18.55,0.633,0.12,30.94,14.64,12.14,26.79,24.49,18.72
744844,2024-06-06,2024,660688,L,625643,R,field_out,False,False,117.0,0.218,18.0,15.38,3.0,2.56,0.565,0.091,14.07,7.04,18.09,25.13,33.67,17.65,403.0,0.249,48.0,11.91,25.0,6.2,0.712,0.1629999999999999,14.96,7.67,15.92,23.59,36.49,14.77,123.0,0.202,28.0,22.76,17.0,13.82,0.602,0.08599999999999997,26.83,11.68,17.41,29.09,28.06,21.88,124.0,0.18,35.0,28.23,23.0,18.55,0.633,0.12,30.94,14.64,12.14,26.79,24.49,18.72
744844,2024-06-06,2024,608841,R,625643,R,grounded_into_double_play,False,False,152.0,0.261,27.0,17.76,11.0,7.24,0.663,0.08200000000000002,20.35,10.25,13.25,23.5,27.3,16.77,471.0,0.268,97.0,20.59,28.0,5.94,0.7030000000000001,0.12,23.85,11.18,18.94,30.12,30.48,17.38,104.0,0.212,27.0,25.96,3.0,2.88,0.534,0.091,30.0,16.0,16.8,32.8,36.53,25.96,154.0,0.227,48.0,31.17,11.0,7.14,0.6479999999999999,0.1349999999999999,30.11,16.08,12.9,28.98,33.43,19.51
744844,2024-06-06,2024,542303,R,680730,L,single,False,False,66.0,0.345,16.0,24.24,11.0,16.67,1.019,0.21899999999999997,29.93,14.43,12.13,26.56,27.59,13.68,139.0,0.278,25.0,17.99,13.0,9.35,0.98,0.357,22.56,11.13,13.17,24.3,30.63,15.53,146.0,0.215,32.0,21.92,9.0,6.16,0.5860000000000001,0.11100000000000002,24.19,12.93,14.83,27.76,35.34,17.2,,,,,,,,,,,,,,
744844,2024-06-06,2024,621566,L,680730,L,field_out,False,False,76.0,0.25,17.0,22.37,5.0,6.58,0.831,0.265,23.45,11.3,14.95,26.25,27.15,16.67,182.0,0.252,52.0,28.57,14.0,7.69,0.7989999999999999,0.239,31.07,15.01,14.87,29.88,27.47,21.94,56.0,0.302,11.0,19.64,3.0,5.36,0.773,0.132,21.05,10.53,17.89,28.42,21.05,23.91,,,,,,,,,,,,,,
744844,2024-06-06,2024,594807,R,680730,L,home_run,False,False,67.0,0.286,11.0,16.42,9.0,13.43,0.977,0.303,16.26,7.27,16.36,23.64,22.3,11.96,93.0,0.244,34.0,36.56,4.0,4.3,0.757,0.2329999999999999,34.95,18.31,16.34,34.65,37.97,29.82,146.0,0.215,32.0,21.92,9.0,6.16,0.5860000000000001,0.11100000000000002,24.19,12.93,14.83,27.76,35.34,17.2,,,,,,,,,,,,,,
744844,2024-06-06,2024,669221,R,680730,L,field_out,False,False,7.0,0.0,2.0,28.57,1.0,14.29,0.143,0.0,33.33,16.67,16.67,33.33,42.86,33.33,101.0,0.274,21.0,20.79,12.0,11.88,0.884,0.2139999999999999,23.12,10.14,16.75,26.89,23.56,16.03,146.0,0.215,32.0,21.92,9.0,6.16,0.5860000000000001,0.11100000000000002,24.19,12.93,14.83,27.76,35.34,17.2,,,,,,,,,,,,,,
744844,2024-06-06,2024,671739,L,680730,L,field_out,False,False,75.0,0.274,17.0,22.67,2.0,2.67,0.622,0.05499999999999999,29.5,16.87,17.7,34.57,47.79,25.76,139.0,0.301,25.0,17.99,3.0,2.16,0.797,0.165,22.64,11.79,19.84,31.63,41.0,16.23,56.0,0.302,11.0,19.64,3.0,5.36,0.773,0.132,21.05,10.53,17.89,28.42,21.05,23.91,,,,,,,,,,,,,,
744844,2024-06-06,2024,608336,L,607481,L,field_out,False,False,46.0,0.116,22.0,47.83,2.0,4.35,0.383,0.09299999999999999,38.37,18.13,14.84,32.97,18.07,37.93,59.0,0.18,24.0,40.68,8.0,13.56,0.7050000000000001,0.22,42.99,19.01,15.7,34.71,27.69,30.0,30.0,0.321,9.0,30.0,2.0,6.67,0.796,0.10799999999999998,27.87,12.59,17.78,30.37,28.36,19.57,93.0,0.231,26.0,27.96,11.0,11.83,0.669,0.09,36.11,13.51,22.6,36.1,26.73,26.0
744844,2024-06-06,2024,669222,R,607481,L,strikeout,True,False,42.0,0.27,5.0,11.9,5.0,11.9,0.871,0.244,14.47,6.59,16.17,22.75,28.92,9.43,126.0,0.347,23.0,18.25,8.0,6.35,1.008,0.272,15.6,7.66,16.89,24.55,26.51,19.66,58.0,0.288,12.0,20.69,4.0,6.9,0.6779999999999999,0.039000000000000035,17.98,7.11,24.0,31.11,25.22,18.75,175.0,0.238,52.0,29.71,25.0,14.29,0.715,0.123,30.95,12.48,21.54,34.02,28.15,23.21
744844,2024-06-06,2024,696285,R,607481,L,field_out,False,False,55.0,0.353,7.0,12.73,2.0,3.64,0.812,0.059,16.25,6.74,21.76,28.5,21.84,14.89,28.0,0.2,5.0,17.86,3.0,10.71,0.5660000000000001,0.08,20.0,9.24,20.17,29.41,29.63,13.16,58.0,0.288,12.0,20.69,4.0,6.9,0.6779999999999999,0.039000000000000035,17.98,7.11,24.0,31.11,25.22,18.75,175.0,0.238,52.0,29.71,25.0,14.29,0.715,0.123,30.95,12.48,21.54,34.02,28.15,23.21
744844,2024-06-06,2024,606115,R,640451,R,field_out,False,False,170.0,0.255,29.0,17.06,5.0,2.94,0.7110000000000001,0.18,23.53,12.18,13.94,26.12,27.09,17.58,421.0,0.255,78.0,18.53,23.0,5.46,0.6739999999999999,0.12,23.54,11.23,17.09,28.32,27.84,15.98,57.0,0.189,16.0,28.07,3.0,5.26,0.548,0.11299999999999999,30.08,16.95,13.56,30.51,26.53,18.07,130.0,0.168,43.0,33.08,8.0,6.15,0.517,0.1179999999999999,27.76,13.76,16.05,29.81,27.61,22.75
744844,2024-06-06,2024,679881,L,640451,R,field_out,False,False,1.0,0.0,1.0,100.0,0.0,0.0,0.0,0.0,50.0,16.67,16.67,33.33,25.0,100.0,38.0,0.222,14.0,36.84,2.0,5.26,0.5960000000000001,0.111,38.03,18.24,18.92,37.16,26.47,35.9,60.0,0.196,18.0,30.0,3.0,5.0,0.536,0.08999999999999997,27.21,14.68,15.48,30.16,40.34,20.69,105.0,0.245,24.0,22.86,5.0,4.76,0.664,0.143,24.4,12.75,15.75,28.5,34.62,19.83
744844,2024-06-06,2024,645277,L,640451,R,double,False,False,171.0,0.253,30.0,17.54,16.0,9.36,0.712,0.12,22.16,12.12,9.38,21.5,31.32,12.05,528.0,0.25,89.0,16.86,42.0,7.95,0.8029999999999999,0.235,20.84,11.11,9.82,20.92,33.45,13.94,60.0,0.196,18.0,30.0,3.0,5.0,0.536,0.08999999999999997,27.21,14.68,15.48,30.16,40.34,20.69,105.0,0.245,24.0,22.86,5.0,4.76,0.664,0.143,24.4,12.75,15.75,28.5,34.62,19.83
744844,2024-06-06,2024,663586,R,640451,R,single,False,False,148.0,0.239,38.0,25.68,11.0,7.43,0.679,0.134,31.14,15.54,12.78,28.32,27.05,20.9,566.0,0.28,137.0,24.2,42.0,7.42,0.841,0.2199999999999999,27.71,13.25,15.53,28.77,27.7,18.53,57.0,0.189,16.0,28.07,3.0,5.26,0.548,0.11299999999999999,30.08,16.95,13.56,30.51,26.53,18.07,130.0,0.168,43.0,33.08,8.0,6.15,0.517,0.1179999999999999,27.76,13.76,16.05,29.81,27.61,22.75
744844,2024-06-06,2024,542303,R,640451,R,home_run,False,False,182.0,0.296,40.0,21.98,17.0,9.34,0.974,0.315,32.15,15.42,13.15,28.57,26.56,20.0,453.0,0.272,109.0,24.06,44.0,9.71,0.882,0.263,27.95,13.42,14.78,28.21,29.59,18.63,57.0,0.189,16.0,28.07,3.0,5.26,0.548,0.11299999999999999,30.08,16.95,13.56,30.51,26.53,18.07,130.0,0.168,43.0,33.08,8.0,6.15,0.517,0.1179999999999999,27.76,13.76,16.05,29.81,27.61,22.75
744844,2024-06-06,2024,621566,L,640451,R,single,False,False,173.0,0.227,46.0,26.59,20.0,11.56,0.7170000000000001,0.166,27.96,13.67,11.17,24.84,27.11,17.72,540.0,0.294,115.0,21.3,90.0,16.67,1.061,0.351,27.51,12.57,12.32,24.89,25.66,14.92,60.0,0.196,18.0,30.0,3.0,5.0,0.536,0.08999999999999997,27.21,14.68,15.48,30.16,40.34,20.69,105.0,0.245,24.0,22.86,5.0,4.76,0.664,0.143,24.4,12.75,15.75,28.5,34.62,19.83
744844,2024-06-06,2024,594807,R,640451,R,force_out,False,False,63.0,0.102,22.0,34.92,3.0,4.76,0.29500000000000004,0.034000000000000016,28.44,13.25,19.23,32.48,29.46,31.43,260.0,0.248,76.0,29.23,18.0,6.92,0.863,0.303,29.41,13.69,18.97,32.66,32.68,27.44,57.0,0.189,16.0,28.07,3.0,5.26,0.548,0.11299999999999999,30.08,16.95,13.56,30.51,26.53,18.07,130.0,0.168,43.0,33.08,8.0,6.15,0.517,0.1179999999999999,27.76,13.76,16.05,29.81,27.61,22.75
744844,2024-06-06,2024,682928,L,641729,R,field_out,False,False,175.0,0.204,36.0,20.57,12.0,6.86,0.655,0.18500000000000003,24.45,13.38,12.48,25.86,40.99,16.67,446.0,0.274,78.0,17.49,24.0,5.38,0.786,0.19,21.76,11.82,12.69,24.5,35.86,16.63,43.0,0.211,10.0,23.26,5.0,11.63,0.513,0.0,27.59,13.79,18.39,32.18,32.89,16.95,94.0,0.239,26.0,27.66,5.0,5.32,0.72,0.204,32.2,16.22,15.48,31.7,24.86,16.77
744844,2024-06-06,2024,657041,R,641729,R,field_out,False,False,97.0,0.169,25.0,25.77,6.0,6.19,0.486,0.101,23.64,10.08,20.67,30.75,22.8,21.55,490.0,0.242,143.0,29.18,23.0,4.69,0.719,0.185,26.09,11.34,20.58,31.92,28.6,24.48,51.0,0.149,15.0,29.41,4.0,7.84,0.386,0.02100000000000002,32.69,17.09,14.57,31.66,30.93,26.79,144.0,0.229,47.0,32.64,9.0,6.25,0.694,0.176,32.23,16.57,16.95,33.52,30.83,29.19
744844,2024-06-06,2024,608385,L,641729,R,strikeout,True,False,161.0,0.274,34.0,21.12,20.0,12.42,0.815,0.15599999999999997,23.15,9.97,16.62,26.59,19.12,14.72,184.0,0.2,46.0,25.0,24.0,13.04,0.5660000000000001,0.0449999999999999,25.91,11.04,17.01,28.05,20.4,17.9,43.0,0.211,10.0,23.26,5.0,11.63,0.513,0.0,27.59,13.79,18.39,32.18,32.89,16.95,94.0,0.239,26.0,27.66,5.0,5.32,0.72,0.204,32.2,16.22,15.48,31.7,24.86,16.77
744844,2024-06-06,2024,669221,R,606930,R,field_out,False,False,18.0,0.25,4.0,22.22,1.0,5.56,0.645,0.062,29.63,12.31,20.0,32.31,31.43,30.77,337.0,0.245,77.0,22.85,37.0,10.98,0.832,0.2309999999999999,26.79,12.43,15.15,27.58,22.74,18.97,48.0,0.283,10.0,20.83,1.0,2.08,0.683,0.10800000000000004,30.1,16.85,10.33,27.17,36.17,16.13,42.0,0.325,6.0,14.29,1.0,2.38,0.857,0.175,26.58,16.03,11.45,27.48,40.0,15.0
744844,2024-06-06,2024,671739,L,606930,R,field_out,False,False,172.0,0.245,36.0,20.93,11.0,6.4,0.681,0.139,24.38,14.59,10.16,24.75,44.26,19.25,400.0,0.29,76.0,19.0,22.0,5.5,0.812,0.191,24.97,13.25,14.35,27.61,37.23,20.32,31.0,0.2,3.0,9.68,5.0,16.13,0.683,0.15999999999999998,22.0,8.73,16.67,25.4,24.24,10.0,19.0,0.294,2.0,10.53,2.0,10.53,0.78,0.118,9.09,3.85,16.67,20.51,21.43,8.7
744844,2024-06-06,2024,606115,R,606930,R,strikeout,True,False,170.0,0.255,29.0,17.06,5.0,2.94,0.7110000000000001,0.18,23.53,12.18,13.94,26.12,27.09,17.58,421.0,0.255,78.0,18.53,23.0,5.46,0.6739999999999999,0.12,23.54,11.23,17.09,28.32,27.84,15.98,48.0,0.283,10.0,20.83,1.0,2.08,0.683,0.10800000000000004,30.1,16.85,10.33,27.17,36.17,16.13,42.0,0.325,6.0,14.29,1.0,2.38,0.857,0.175,26.58,16.03,11.45,27.48,40.0,15.0
744844,2024-06-06,2024,671277,L,628452,R,field_out,False,False,159.0,0.285,27.0,16.98,8.0,5.03,0.765,0.15900000000000003,22.89,11.69,15.47,27.16,35.19,18.49,355.0,0.268,44.0,12.39,23.0,6.48,0.6950000000000001,0.1129999999999999,17.54,8.86,13.52,22.38,31.84,12.54,47.0,0.186,11.0,23.4,3.0,6.38,0.472,0.047000000000000014,28.41,15.15,13.94,29.09,34.83,27.5,123.0,0.255,31.0,25.2,11.0,8.94,0.735,0.1629999999999999,31.56,15.78,14.44,30.22,32.92,28.44
744844,2024-06-06,2024,660688,L,628452,R,field_out,False,False,117.0,0.218,18.0,15.38,3.0,2.56,0.565,0.091,14.07,7.04,18.09,25.13,33.67,17.65,403.0,0.249,48.0,11.91,25.0,6.2,0.712,0.1629999999999999,14.96,7.67,15.92,23.59,36.49,14.77,47.0,0.186,11.0,23.4,3.0,6.38,0.472,0.047000000000000014,28.41,15.15,13.94,29.09,34.83,27.5,123.0,0.255,31.0,25.2,11.0,8.94,0.735,0.1629999999999999,31.56,15.78,14.44,30.22,32.92,28.44
744844,2024-06-06,2024,608841,R,628452,R,field_out,False,False,152.0,0.261,27.0,17.76,11.0,7.24,0.663,0.08200000000000002,20.35,10.25,13.25,23.5,27.3,16.77,471.0,0.268,97.0,20.59,28.0,5.94,0.7030000000000001,0.12,23.85,11.18,18.94,30.12,30.48,17.38,42.0,0.231,5.0,11.9,2.0,4.76,0.619,0.10200000000000001,20.83,9.55,12.74,22.29,23.17,16.13,108.0,0.221,37.0,34.26,4.0,3.7,0.587,0.116,33.75,18.93,13.79,32.71,38.6,26.62
745738,2024-06-06,2024,663616,L,573186,R,field_out,False,False,111.0,0.25,24.0,21.62,10.0,9.01,0.765,0.2,29.15,14.01,16.67,30.68,30.77,19.66,189.0,0.228,60.0,31.75,25.0,13.23,0.766,0.21,36.25,14.96,16.71,31.67,22.55,25.75,126.0,0.25,21.0,16.67,17.0,13.49,0.857,0.25,16.51,6.94,17.53,24.47,25.35,13.12,311.0,0.194,59.0,18.97,35.0,11.25,0.575,0.0879999999999999,19.89,8.59,16.93,25.51,25.45,17.99
745738,2024-06-06,2024,666135,L,573186,R,strikeout,True,False,155.0,0.216,42.0,27.1,13.0,8.39,0.696,0.20099999999999998,30.39,14.68,16.55,31.23,30.36,25.3,264.0,0.3,63.0,23.86,24.0,9.09,0.858,0.185,26.95,12.66,17.1,29.76,32.56,21.58,126.0,0.25,21.0,16.67,17.0,13.49,0.857,0.25,16.51,6.94,17.53,24.47,25.35,13.12,311.0,0.194,59.0,18.97,35.0,11.25,0.575,0.0879999999999999,19.89,8.59,16.93,25.51,25.45,17.99
745738,2024-06-06,2024,621043,R,573186,R,home_run,False,False,129.0,0.259,29.0,22.48,15.0,11.63,0.779,0.179,22.94,9.84,20.67,30.51,27.92,19.59,444.0,0.224,112.0,25.23,42.0,9.46,0.69,0.164,26.37,11.3,19.9,31.19,27.0,21.72,159.0,0.194,34.0,21.38,12.0,7.55,0.542,0.08400000000000002,28.24,12.07,19.09,31.16,30.03,19.54,264.0,0.272,60.0,22.73,17.0,6.44,0.712,0.122,25.22,11.88,16.45,28.32,28.57,21.9
745738,2024-06-06,2024,596146,L,573186,R,field_out,False,False,127.0,0.248,21.0,16.54,11.0,8.66,0.742,0.177,22.49,10.98,12.94,23.92,24.91,13.38,394.0,0.263,84.0,21.32,37.0,9.39,0.8320000000000001,0.2339999999999999,19.92,9.32,15.49,24.81,24.75,18.14,126.0,0.25,21.0,16.67,17.0,13.49,0.857,0.25,16.51,6.94,17.53,24.47,25.35,13.12,311.0,0.194,59.0,18.97,35.0,11.25,0.575,0.0879999999999999,19.89,8.59,16.93,25.51,25.45,17.99
745738,2024-06-06,2024,683011,R,641154,R,strikeout,True,False,214.0,0.296,43.0,20.09,17.0,7.94,0.8280000000000001,0.17000000000000004,21.96,10.25,18.7,28.95,29.31,17.84,467.0,0.198,132.0,28.27,36.0,7.71,0.624,0.1579999999999999,28.15,13.53,17.49,31.02,29.16,23.4,130.0,0.242,37.0,28.46,7.0,5.38,0.725,0.191,30.89,15.77,15.77,31.54,31.06,23.27,394.0,0.205,130.0,32.99,21.0,5.33,0.597,0.137,32.71,17.16,14.87,32.02,35.04,24.16
745738,2024-06-06,2024,665742,L,641154,R,walk,False,True,213.0,0.318,36.0,16.9,33.0,15.49,1.044,0.301,25.15,9.52,18.48,28.0,16.77,15.06,502.0,0.283,81.0,16.14,99.0,19.72,0.98,0.2730000000000001,18.45,6.31,19.31,25.62,15.09,14.14,147.0,0.262,38.0,25.85,4.0,2.72,0.742,0.199,25.61,12.35,16.03,28.38,28.48,19.29,407.0,0.271,104.0,25.55,27.0,6.63,0.754,0.1549999999999999,27.73,14.02,16.28,30.3,33.55,23.21
745738,2024-06-06,2024,592450,R,641154,R,field_out,False,False,217.0,0.298,54.0,24.88,31.0,14.29,1.077,0.37600000000000006,31.49,13.8,14.46,28.26,19.11,20.15,384.0,0.266,109.0,28.39,77.0,20.05,1.011,0.3339999999999999,36.96,15.02,15.7,30.72,19.29,24.12,130.0,0.242,37.0,28.46,7.0,5.38,0.725,0.191,30.89,15.77,15.77,31.54,31.06,23.27,394.0,0.205,130.0,32.99,21.0,5.33,0.597,0.137,32.71,17.16,14.87,32.02,35.04,24.16
745738,2024-06-06,2024,519317,R,641154,R,walk,False,True,163.0,0.245,51.0,31.29,12.0,7.36,0.8440000000000001,0.29800000000000004,32.65,14.98,17.78,32.76,30.89,29.31,341.0,0.175,111.0,32.55,35.0,10.26,0.64,0.201,36.65,15.18,19.37,34.55,27.39,25.58,130.0,0.242,37.0,28.46,7.0,5.38,0.725,0.191,30.89,15.77,15.77,31.54,31.06,23.27,394.0,0.205,130.0,32.99,21.0,5.33,0.597,0.137,32.71,17.16,14.87,32.02,35.04,24.16
745738,2024-06-06,2024,519203,L,641154,R,field_out,False,False,187.0,0.251,31.0,16.58,12.0,6.42,0.719,0.15799999999999997,19.56,10.14,15.57,25.71,38.59,15.35,334.0,0.22,86.0,25.75,27.0,8.08,0.6739999999999999,0.146,25.23,12.17,17.7,29.87,34.73,19.95,147.0,0.262,38.0,25.85,4.0,2.72,0.742,0.199,25.61,12.35,16.03,28.38,28.48,19.29,407.0,0.271,104.0,25.55,27.0,6.63,0.754,0.1549999999999999,27.73,14.02,16.28,30.3,33.55,23.21
745738,2024-06-06,2024,650489,L,573186,R,field_out,False,False,173.0,0.219,43.0,24.86,17.0,9.83,0.6890000000000001,0.158,27.27,12.93,15.52,28.45,29.3,20.48,280.0,0.266,73.0,26.07,23.0,8.21,0.8029999999999999,0.189,28.16,14.39,15.31,29.7,34.97,21.1,126.0,0.25,21.0,16.67,17.0,13.49,0.857,0.25,16.51,6.94,17.53,24.47,25.35,13.12,311.0,0.194,59.0,18.97,35.0,11.25,0.575,0.0879999999999999,19.89,8.59,16.93,25.51,25.45,17.99
745738,2024-06-06,2024,669304,R,573186,R,field_out,False,False,107.0,0.27,17.0,15.89,4.0,3.74,0.782,0.20999999999999996,19.34,9.26,19.58,28.84,34.01,19.54,120.0,0.207,18.0,15.0,8.0,6.67,0.5640000000000001,0.09,23.72,11.83,13.69,25.52,32.37,15.04,159.0,0.194,34.0,21.38,12.0,7.55,0.542,0.08400000000000002,28.24,12.07,19.09,31.16,30.03,19.54,264.0,0.272,60.0,22.73,17.0,6.44,0.712,0.122,25.22,11.88,16.45,28.32,28.57,21.9
745738,2024-06-06,2024,467793,L,573186,R,double,False,False,154.0,0.195,24.0,15.58,18.0,11.69,0.643,0.14300000000000002,23.42,9.81,17.45,27.26,23.28,13.41,460.0,0.231,83.0,18.04,45.0,9.78,0.727,0.1899999999999999,23.76,11.0,14.32,25.31,24.63,16.21,126.0,0.25,21.0,16.67,17.0,13.49,0.857,0.25,16.51,6.94,17.53,24.47,25.35,13.12,311.0,0.194,59.0,18.97,35.0,11.25,0.575,0.0879999999999999,19.89,8.59,16.93,25.51,25.45,17.99
745738,2024-06-06,2024,571657,R,573186,R,field_out,False,False,56.0,0.184,10.0,17.86,5.0,8.93,0.572,0.10199999999999998,21.84,10.38,18.03,28.42,34.48,26.32,241.0,0.239,59.0,24.48,13.0,5.39,0.6950000000000001,0.157,22.45,10.88,18.24,29.12,32.6,21.61,159.0,0.194,34.0,21.38,12.0,7.55,0.542,0.08400000000000002,28.24,12.07,19.09,31.16,30.03,19.54,264.0,0.272,60.0,22.73,17.0,6.44,0.712,0.122,25.22,11.88,16.45,28.32,28.57,21.9
745738,2024-06-06,2024,650402,R,641154,R,strikeout,True,False,195.0,0.236,45.0,23.08,16.0,8.21,0.6599999999999999,0.12,23.96,11.08,16.51,27.59,22.3,15.46,544.0,0.273,78.0,14.34,50.0,9.19,0.772,0.1589999999999999,21.74,10.32,15.57,25.89,26.86,11.29,130.0,0.242,37.0,28.46,7.0,5.38,0.725,0.191,30.89,15.77,15.77,31.54,31.06,23.27,394.0,0.205,130.0,32.99,21.0,5.33,0.597,0.137,32.71,17.16,14.87,32.02,35.04,24.16
745738,2024-06-06,2024,669224,L,641154,R,hit_by_pitch,False,False,105.0,0.189,18.0,17.14,13.0,12.38,0.586,0.11099999999999999,28.19,13.45,13.45,26.9,25.35,17.14,69.0,0.25,12.0,17.39,3.0,4.35,0.81,0.281,28.48,16.48,10.99,27.47,38.03,14.46,147.0,0.262,38.0,25.85,4.0,2.72,0.742,0.199,25.61,12.35,16.03,28.38,28.48,19.29,407.0,0.271,104.0,25.55,27.0,6.63,0.754,0.1549999999999999,27.73,14.02,16.28,30.3,33.55,23.21
745738,2024-06-06,2024,665828,L,641154,R,field_out,False,False,126.0,0.233,22.0,17.46,8.0,6.35,0.64,0.12899999999999998,15.62,7.22,18.97,26.19,30.89,15.17,261.0,0.215,51.0,19.54,22.0,8.43,0.567,0.0679999999999999,22.29,10.93,14.34,25.28,25.97,17.65,147.0,0.262,38.0,25.85,4.0,2.72,0.742,0.199,25.61,12.35,16.03,28.38,28.48,19.29,407.0,0.271,104.0,25.55,27.0,6.63,0.754,0.1549999999999999,27.73,14.02,16.28,30.3,33.55,23.21
745738,2024-06-06,2024,663757,L,641154,R,home_run,False,False,38.0,0.033,10.0,26.32,7.0,18.42,0.349,0.1,26.0,7.43,26.86,34.29,6.1,20.41,412.0,0.178,118.0,28.64,56.0,13.59,0.623,0.147,29.65,12.55,17.63,30.18,22.3,21.15,147.0,0.262,38.0,25.85,4.0,2.72,0.742,0.199,25.61,12.35,16.03,28.38,28.48,19.29,407.0,0.271,104.0,25.55,27.0,6.63,0.754,0.1549999999999999,27.73,14.02,16.28,30.3,33.55,23.21
745738,2024-06-06,2024,683011,R,641154,R,field_out,False,False,214.0,0.296,43.0,20.09,17.0,7.94,0.8280000000000001,0.17000000000000004,21.96,10.25,18.7,28.95,29.31,17.84,467.0,0.198,132.0,28.27,36.0,7.71,0.624,0.1579999999999999,28.15,13.53,17.49,31.02,29.16,23.4,130.0,0.242,37.0,28.46,7.0,5.38,0.725,0.191,30.89,15.77,15.77,31.54,31.06,23.27,394.0,0.205,130.0,32.99,21.0,5.33,0.597,0.137,32.71,17.16,14.87,32.02,35.04,24.16
745738,2024-06-06,2024,543877,R,573186,R,home_run,False,False,79.0,0.151,22.0,27.85,2.0,2.53,0.401,0.068,32.43,17.27,17.63,34.89,39.72,28.95,279.0,0.216,59.0,21.15,22.0,7.89,0.548,0.051,25.76,12.56,16.62,29.18,33.72,23.41,159.0,0.194,34.0,21.38,12.0,7.55,0.542,0.08400000000000002,28.24,12.07,19.09,31.16,30.03,19.54,264.0,0.272,60.0,22.73,17.0,6.44,0.712,0.122,25.22,11.88,16.45,28.32,28.57,21.9
745738,2024-06-06,2024,663616,L,573186,R,walk,False,True,111.0,0.25,24.0,21.62,10.0,9.01,0.765,0.2,29.15,14.01,16.67,30.68,30.77,19.66,189.0,0.228,60.0,31.75,25.0,13.23,0.766,0.21,36.25,14.96,16.71,31.67,22.55,25.75,126.0,0.25,21.0,16.67,17.0,13.49,0.857,0.25,16.51,6.94,17.53,24.47,25.35,13.12,311.0,0.194,59.0,18.97,35.0,11.25,0.575,0.0879999999999999,19.89,8.59,16.93,25.51,25.45,17.99
745738,2024-06-06,2024,666135,L,573186,R,field_out,False,False,155.0,0.216,42.0,27.1,13.0,8.39,0.696,0.20099999999999998,30.39,14.68,16.55,31.23,30.36,25.3,264.0,0.3,63.0,23.86,24.0,9.09,0.858,0.185,26.95,12.66,17.1,29.76,32.56,21.58,126.0,0.25,21.0,16.67,17.0,13.49,0.857,0.25,16.51,6.94,17.53,24.47,25.35,13.12,311.0,0.194,59.0,18.97,35.0,11.25,0.575,0.0879999999999999,19.89,8.59,16.93,25.51,25.45,17.99
745738,2024-06-06,2024,621043,R,573186,R,strikeout,True,False,129.0,0.259,29.0,22.48,15.0,11.63,0.779,0.179,22.94,9.84,20.67,30.51,27.92,19.59,444.0,0.224,112.0,25.23,42.0,9.46,0.69,0.164,26.37,11.3,19.9,31.19,27.0,21.72,159.0,0.194,34.0,21.38,12.0,7.55,0.542,0.08400000000000002,28.24,12.07,19.09,31.16,30.03,19.54,264.0,0.272,60.0,22.73,17.0,6.44,0.712,0.122,25.22,11.88,16.45,28.32,28.57,21.9
745738,2024-06-06,2024,596146,L,573186,R,field_out,False,False,127.0,0.248,21.0,16.54,11.0,8.66,0.742,0.177,22.49,10.98,12.94,23.92,24.91,13.38,394.0,0.263,84.0,21.32,37.0,9.39,0.8320000000000001,0.2339999999999999,19.92,9.32,15.49,24.81,24.75,18.14,126.0,0.25,21.0,16.67,17.0,13.49,0.857,0.25,16.51,6.94,17.53,24.47,25.35,13.12,311.0,0.194,59.0,18.97,35.0,11.25,0.575,0.0879999999999999,19.89,8.59,16.93,25.51,25.45,17.99
745738,2024-06-06,2024,665742,L,641154,R,walk,False,True,213.0,0.318,36.0,16.9,33.0,15.49,1.044,0.301,25.15,9.52,18.48,28.0,16.77,15.06,502.0,0.283,81.0,16.14,99.0,19.72,0.98,0.2730000000000001,18.45,6.31,19.31,25.62,15.09,14.14,147.0,0.262,38.0,25.85,4.0,2.72,0.742,0.199,25.61,12.35,16.03,28.38,28.48,19.29,407.0,0.271,104.0,25.55,27.0,6.63,0.754,0.1549999999999999,27.73,14.02,16.28,30.3,33.55,23.21
745738,2024-06-06,2024,592450,R,641154,R,walk,False,True,217.0,0.298,54.0,24.88,31.0,14.29,1.077,0.37600000000000006,31.49,13.8,14.46,28.26,19.11,20.15,384.0,0.266,109.0,28.39,77.0,20.05,1.011,0.3339999999999999,36.96,15.02,15.7,30.72,19.29,24.12,130.0,0.242,37.0,28.46,7.0,5.38,0.725,0.191,30.89,15.77,15.77,31.54,31.06,23.27,394.0,0.205,130.0,32.99,21.0,5.33,0.597,0.137,32.71,17.16,14.87,32.02,35.04,24.16
745738,2024-06-06,2024,519317,R,641154,R,walk,False,True,163.0,0.245,51.0,31.29,12.0,7.36,0.8440000000000001,0.29800000000000004,32.65,14.98,17.78,32.76,30.89,29.31,341.0,0.175,111.0,32.55,35.0,10.26,0.64,0.201,36.65,15.18,19.37,34.55,27.39,25.58,130.0,0.242,37.0,28.46,7.0,5.38,0.725,0.191,30.89,15.77,15.77,31.54,31.06,23.27,394.0,0.205,130.0,32.99,21.0,5.33,0.597,0.137,32.71,17.16,14.87,32.02,35.04,24.16
745738,2024-06-06,2024,519203,L,641154,R,strikeout,True,False,187.0,0.251,31.0,16.58,12.0,6.42,0.719,0.15799999999999997,19.56,10.14,15.57,25.71,38.59,15.35,334.0,0.22,86.0,25.75,27.0,8.08,0.6739999999999999,0.146,25.23,12.17,17.7,29.87,34.73,19.95,147.0,0.262,38.0,25.85,4.0,2.72,0.742,0.199,25.61,12.35,16.03,28.38,28.48,19.29,407.0,0.271,104.0,25.55,27.0,6.63,0.754,0.1549999999999999,27.73,14.02,16.28,30.3,33.55,23.21
745738,2024-06-06,2024,650402,R,641154,R,double,False,False,195.0,0.236,45.0,23.08,16.0,8.21,0.6599999999999999,0.12,23.96,11.08,16.51,27.59,22.3,15.46,544.0,0.273,78.0,14.34,50.0,9.19,0.772,0.1589999999999999,21.74,10.32,15.57,25.89,26.86,11.29,130.0,0.242,37.0,28.46,7.0,5.38,0.725,0.191,30.89,15.77,15.77,31.54,31.06,23.27,394.0,0.205,130.0,32.99,21.0,5.33,0.597,0.137,32.71,17.16,14.87,32.02,35.04,24.16
745738,2024-06-06,2024,669224,L,641154,R,sac_fly,False,False,105.0,0.189,18.0,17.14,13.0,12.38,0.586,0.11099999999999999,28.19,13.45,13.45,26.9,25.35,17.14,69.0,0.25,12.0,17.39,3.0,4.35,0.81,0.281,28.48,16.48,10.99,27.47,38.03,14.46,147.0,0.262,38.0,25.85,4.0,2.72,0.742,0.199,25.61,12.35,16.03,28.38,28.48,19.29,407.0,0.271,104.0,25.55,27.0,6.63,0.754,0.1549999999999999,27.73,14.02,16.28,30.3,33.55,23.21
745738,2024-06-06,2024,665828,L,641154,R,field_out,False,False,126.0,0.233,22.0,17.46,8.0,6.35,0.64,0.12899999999999998,15.62,7.22,18.97,26.19,30.89,15.17,261.0,0.215,51.0,19.54,22.0,8.43,0.567,0.0679999999999999,22.29,10.93,14.34,25.28,25.97,17.65,147.0,0.262,38.0,25.85,4.0,2.72,0.742,0.199,25.61,12.35,16.03,28.38,28.48,19.29,407.0,0.271,104.0,25.55,27.0,6.63,0.754,0.1549999999999999,27.73,14.02,16.28,30.3,33.55,23.21
745738,2024-06-06,2024,650489,L,573186,R,hit_by_pitch,False,False,173.0,0.219,43.0,24.86,17.0,9.83,0.6890000000000001,0.158,27.27,12.93,15.52,28.45,29.3,20.48,280.0,0.266,73.0,26.07,23.0,8.21,0.8029999999999999,0.189,28.16,14.39,15.31,29.7,34.97,21.1,126.0,0.25,21.0,16.67,17.0,13.49,0.857,0.25,16.51,6.94,17.53,24.47,25.35,13.12,311.0,0.194,59.0,18.97,35.0,11.25,0.575,0.0879999999999999,19.89,8.59,16.93,25.51,25.45,17.99
745738,2024-06-06,2024,669304,R,573186,R,single,False,False,107.0,0.27,17.0,15.89,4.0,3.74,0.782,0.20999999999999996,19.34,9.26,19.58,28.84,34.01,19.54,120.0,0.207,18.0,15.0,8.0,6.67,0.5640000000000001,0.09,23.72,11.83,13.69,25.52,32.37,15.04,159.0,0.194,34.0,21.38,12.0,7.55,0.542,0.08400000000000002,28.24,12.07,19.09,31.16,30.03,19.54,264.0,0.272,60.0,22.73,17.0,6.44,0.712,0.122,25.22,11.88,16.45,28.32,28.57,21.9
745738,2024-06-06,2024,467793,L,573186,R,field_out,False,False,154.0,0.195,24.0,15.58,18.0,11.69,0.643,0.14300000000000002,23.42,9.81,17.45,27.26,23.28,13.41,460.0,0.231,83.0,18.04,45.0,9.78,0.727,0.1899999999999999,23.76,11.0,14.32,25.31,24.63,16.21,126.0,0.25,21.0,16.67,17.0,13.49,0.857,0.25,16.51,6.94,17.53,24.47,25.35,13.12,311.0,0.194,59.0,18.97,35.0,11.25,0.575,0.0879999999999999,19.89,8.59,16.93,25.51,25.45,17.99
745738,2024-06-06,2024,571657,R,573186,R,field_out,False,False,56.0,0.184,10.0,17.86,5.0,8.93,0.572,0.10199999999999998,21.84,10.38,18.03,28.42,34.48,26.32,241.0,0.239,59.0,24.48,13.0,5.39,0.6950000000000001,0.157,22.45,10.88,18.24,29.12,32.6,21.61,159.0,0.194,34.0,21.38,12.0,7.55,0.542,0.08400000000000002,28.24,12.07,19.09,31.16,30.03,19.54,264.0,0.272,60.0,22.73,17.0,6.44,0.712,0.122,25.22,11.88,16.45,28.32,28.57,21.9
745738,2024-06-06,2024,543877,R,573186,R,field_out,False,False,79.0,0.151,22.0,27.85,2.0,2.53,0.401,0.068,32.43,17.27,17.63,34.89,39.72,28.95,279.0,0.216,59.0,21.15,22.0,7.89,0.548,0.051,25.76,12.56,16.62,29.18,33.72,23.41,159.0,0.194,34.0,21.38,12.0,7.55,0.542,0.08400000000000002,28.24,12.07,19.09,31.16,30.03,19.54,264.0,0.272,60.0,22.73,17.0,6.44,0.712,0.122,25.22,11.88,16.45,28.32,28.57,21.9
745738,2024-06-06,2024,663757,L,641154,R,strikeout,True,False,38.0,0.033,10.0,26.32,7.0,18.42,0.349,0.1,26.0,7.43,26.86,34.29,6.1,20.41,412.0,0.178,118.0,28.64,56.0,13.59,0.623,0.147,29.65,12.55,17.63,30.18,22.3,21.15,147.0,0.262,38.0,25.85,4.0,2.72,0.742,0.199,25.61,12.35,16.03,28.38,28.48,19.29,407.0,0.271,104.0,25.55,27.0,6.63,0.754,0.1549999999999999,27.73,14.02,16.28,30.3,33.55,23.21
745738,2024-06-06,2024,683011,R,641154,R,single,False,False,214.0,0.296,43.0,20.09,17.0,7.94,0.8280000000000001,0.17000000000000004,21.96,10.25,18.7,28.95,29.31,17.84,467.0,0.198,132.0,28.27,36.0,7.71,0.624,0.1579999999999999,28.15,13.53,17.49,31.02,29.16,23.4,130.0,0.242,37.0,28.46,7.0,5.38,0.725,0.191,30.89,15.77,15.77,31.54,31.06,23.27,394.0,0.205,130.0,32.99,21.0,5.33,0.597,0.137,32.71,17.16,14.87,32.02,35.04,24.16
745738,2024-06-06,2024,665742,L,641154,R,field_out,False,False,213.0,0.318,36.0,16.9,33.0,15.49,1.044,0.301,25.15,9.52,18.48,28.0,16.77,15.06,502.0,0.283,81.0,16.14,99.0,19.72,0.98,0.2730000000000001,18.45,6.31,19.31,25.62,15.09,14.14,147.0,0.262,38.0,25.85,4.0,2.72,0.742,0.199,25.61,12.35,16.03,28.38,28.48,19.29,407.0,0.271,104.0,25.55,27.0,6.63,0.754,0.1549999999999999,27.73,14.02,16.28,30.3,33.55,23.21
745738,2024-06-06,2024,592450,R,641154,R,walk,False,True,217.0,0.298,54.0,24.88,31.0,14.29,1.077,0.37600000000000006,31.49,13.8,14.46,28.26,19.11,20.15,384.0,0.266,109.0,28.39,77.0,20.05,1.011,0.3339999999999999,36.96,15.02,15.7,30.72,19.29,24.12,130.0,0.242,37.0,28.46,7.0,5.38,0.725,0.191,30.89,15.77,15.77,31.54,31.06,23.27,394.0,0.205,130.0,32.99,21.0,5.33,0.597,0.137,32.71,17.16,14.87,32.02,35.04,24.16
745738,2024-06-06,2024,519317,R,641154,R,single,False,False,163.0,0.245,51.0,31.29,12.0,7.36,0.8440000000000001,0.29800000000000004,32.65,14.98,17.78,32.76,30.89,29.31,341.0,0.175,111.0,32.55,35.0,10.26,0.64,0.201,36.65,15.18,19.37,34.55,27.39,25.58,130.0,0.242,37.0,28.46,7.0,5.38,0.725,0.191,30.89,15.77,15.77,31.54,31.06,23.27,394.0,0.205,130.0,32.99,21.0,5.33,0.597,0.137,32.71,17.16,14.87,32.02,35.04,24.16
745738,2024-06-06,2024,519203,L,641154,R,field_out,False,False,187.0,0.251,31.0,16.58,12.0,6.42,0.719,0.15799999999999997,19.56,10.14,15.57,25.71,38.59,15.35,334.0,0.22,86.0,25.75,27.0,8.08,0.6739999999999999,0.146,25.23,12.17,17.7,29.87,34.73,19.95,147.0,0.262,38.0,25.85,4.0,2.72,0.742,0.199,25.61,12.35,16.03,28.38,28.48,19.29,407.0,0.271,104.0,25.55,27.0,6.63,0.754,0.1549999999999999,27.73,14.02,16.28,30.3,33.55,23.21
745738,2024-06-06,2024,663616,L,573186,R,walk,False,True,111.0,0.25,24.0,21.62,10.0,9.01,0.765,0.2,29.15,14.01,16.67,30.68,30.77,19.66,189.0,0.228,60.0,31.75,25.0,13.23,0.766,0.21,36.25,14.96,16.71,31.67,22.55,25.75,126.0,0.25,21.0,16.67,17.0,13.49,0.857,0.25,16.51,6.94,17.53,24.47,25.35,13.12,311.0,0.194,59.0,18.97,35.0,11.25,0.575,0.0879999999999999,19.89,8.59,16.93,25.51,25.45,17.99
745738,2024-06-06,2024,666135,L,573186,R,double,False,False,155.0,0.216,42.0,27.1,13.0,8.39,0.696,0.20099999999999998,30.39,14.68,16.55,31.23,30.36,25.3,264.0,0.3,63.0,23.86,24.0,9.09,0.858,0.185,26.95,12.66,17.1,29.76,32.56,21.58,126.0,0.25,21.0,16.67,17.0,13.49,0.857,0.25,16.51,6.94,17.53,24.47,25.35,13.12,311.0,0.194,59.0,18.97,35.0,11.25,0.575,0.0879999999999999,19.89,8.59,16.93,25.51,25.45,17.99
745738,2024-06-06,2024,621043,R,573186,R,sac_fly,False,False,129.0,0.259,29.0,22.48,15.0,11.63,0.779,0.179,22.94,9.84,20.67,30.51,27.92,19.59,444.0,0.224,112.0,25.23,42.0,9.46,0.69,0.164,26.37,11.3,19.9,31.19,27.0,21.72,159.0,0.194,34.0,21.38,12.0,7.55,0.542,0.08400000000000002,28.24,12.07,19.09,31.16,30.03,19.54,264.0,0.272,60.0,22.73,17.0,6.44,0.712,0.122,25.22,11.88,16.45,28.32,28.57,21.9
745738,2024-06-06,2024,596146,L,573186,R,double,False,False,127.0,0.248,21.0,16.54,11.0,8.66,0.742,0.177,22.49,10.98,12.94,23.92,24.91,13.38,394.0,0.263,84.0,21.32,37.0,9.39,0.8320000000000001,0.2339999999999999,19.92,9.32,15.49,24.81,24.75,18.14,126.0,0.25,21.0,16.67,17.0,13.49,0.857,0.25,16.51,6.94,17.53,24.47,25.35,13.12,311.0,0.194,59.0,18.97,35.0,11.25,0.575,0.0879999999999999,19.89,8.59,16.93,25.51,25.45,17.99
745738,2024-06-06,2024,650489,L,573186,R,field_out,False,False,173.0,0.219,43.0,24.86,17.0,9.83,0.6890000000000001,0.158,27.27,12.93,15.52,28.45,29.3,20.48,280.0,0.266,73.0,26.07,23.0,8.21,0.8029999999999999,0.189,28.16,14.39,15.31,29.7,34.97,21.1,126.0,0.25,21.0,16.67,17.0,13.49,0.857,0.25,16.51,6.94,17.53,24.47,25.35,13.12,311.0,0.194,59.0,18.97,35.0,11.25,0.575,0.0879999999999999,19.89,8.59,16.93,25.51,25.45,17.99
745738,2024-06-06,2024,669304,R,573186,R,hit_by_pitch,False,False,107.0,0.27,17.0,15.89,4.0,3.74,0.782,0.20999999999999996,19.34,9.26,19.58,28.84,34.01,19.54,120.0,0.207,18.0,15.0,8.0,6.67,0.5640000000000001,0.09,23.72,11.83,13.69,25.52,32.37,15.04,159.0,0.194,34.0,21.38,12.0,7.55,0.542,0.08400000000000002,28.24,12.07,19.09,31.16,30.03,19.54,264.0,0.272,60.0,22.73,17.0,6.44,0.712,0.122,25.22,11.88,16.45,28.32,28.57,21.9
745738,2024-06-06,2024,467793,L,641656,R,single,False,False,154.0,0.195,24.0,15.58,18.0,11.69,0.643,0.14300000000000002,23.42,9.81,17.45,27.26,23.28,13.41,460.0,0.231,83.0,18.04,45.0,9.78,0.727,0.1899999999999999,23.76,11.0,14.32,25.31,24.63,16.21,46.0,0.184,9.0,19.57,6.0,13.04,0.567,0.07900000000000001,28.89,14.94,14.94,29.89,31.03,16.36,110.0,0.198,33.0,30.0,11.0,10.0,0.607,0.125,34.67,16.42,15.79,32.21,30.0,20.25
745738,2024-06-06,2024,571657,R,641656,R,force_out,False,False,56.0,0.184,10.0,17.86,5.0,8.93,0.572,0.10199999999999998,21.84,10.38,18.03,28.42,34.48,26.32,241.0,0.239,59.0,24.48,13.0,5.39,0.6950000000000001,0.157,22.45,10.88,18.24,29.12,32.6,21.61,64.0,0.286,15.0,23.44,4.0,6.25,0.7549999999999999,0.125,37.7,19.25,17.57,36.82,36.8,19.74,130.0,0.23,36.0,27.69,15.0,11.54,0.605,0.044,34.73,16.24,15.66,31.9,32.53,24.49
745738,2024-06-06,2024,650402,R,663485,R,strikeout,True,False,195.0,0.236,45.0,23.08,16.0,8.21,0.6599999999999999,0.12,23.96,11.08,16.51,27.59,22.3,15.46,544.0,0.273,78.0,14.34,50.0,9.19,0.772,0.1589999999999999,21.74,10.32,15.57,25.89,26.86,11.29,64.0,0.23,16.0,25.0,2.0,3.12,0.659,0.163,26.72,13.66,18.5,32.16,38.53,24.24,45.0,0.205,10.0,22.22,6.0,13.33,0.619,0.103,26.76,10.98,21.97,32.95,29.89,16.95
745738,2024-06-06,2024,669224,L,663485,R,single,False,False,105.0,0.189,18.0,17.14,13.0,12.38,0.586,0.11099999999999999,28.19,13.45,13.45,26.9,25.35,17.14,69.0,0.25,12.0,17.39,3.0,4.35,0.81,0.281,28.48,16.48,10.99,27.47,38.03,14.46,40.0,0.206,14.0,35.0,2.0,5.0,0.624,0.11800000000000002,19.48,8.77,18.71,27.49,28.41,20.9,54.0,0.261,11.0,20.37,8.0,14.81,0.913,0.282,14.68,6.67,15.0,21.67,17.95,12.79
745738,2024-06-06,2024,665828,L,663485,R,single,False,False,126.0,0.233,22.0,17.46,8.0,6.35,0.64,0.12899999999999998,15.62,7.22,18.97,26.19,30.89,15.17,261.0,0.215,51.0,19.54,22.0,8.43,0.567,0.0679999999999999,22.29,10.93,14.34,25.28,25.97,17.65,40.0,0.206,14.0,35.0,2.0,5.0,0.624,0.11800000000000002,19.48,8.77,18.71,27.49,28.41,20.9,54.0,0.261,11.0,20.37,8.0,14.81,0.913,0.282,14.68,6.67,15.0,21.67,17.95,12.79
745738,2024-06-06,2024,663757,L,663485,R,sac_fly,False,False,38.0,0.033,10.0,26.32,7.0,18.42,0.349,0.1,26.0,7.43,26.86,34.29,6.1,20.41,412.0,0.178,118.0,28.64,56.0,13.59,0.623,0.147,29.65,12.55,17.63,30.18,22.3,21.15,40.0,0.206,14.0,35.0,2.0,5.0,0.624,0.11800000000000002,19.48,8.77,18.71,27.49,28.41,20.9,54.0,0.261,11.0,20.37,8.0,14.81,0.913,0.282,14.68,6.67,15.0,21.67,17.95,12.79
745738,2024-06-06,2024,683011,R,663485,R,strikeout,True,False,214.0,0.296,43.0,20.09,17.0,7.94,0.8280000000000001,0.17000000000000004,21.96,10.25,18.7,28.95,29.31,17.84,467.0,0.198,132.0,28.27,36.0,7.71,0.624,0.1579999999999999,28.15,13.53,17.49,31.02,29.16,23.4,64.0,0.23,16.0,25.0,2.0,3.12,0.659,0.163,26.72,13.66,18.5,32.16,38.53,24.24,45.0,0.205,10.0,22.22,6.0,13.33,0.619,0.103,26.76,10.98,21.97,32.95,29.89,16.95
745738,2024-06-06,2024,543877,R,624647,L,field_out,False,False,43.0,0.19,8.0,18.6,0.0,0.0,0.376,0.0,16.13,9.62,16.03,25.64,42.47,16.67,76.0,0.25,23.0,30.26,3.0,3.95,0.776,0.25,27.63,13.17,17.24,30.41,31.25,23.23,45.0,0.162,5.0,11.11,7.0,15.56,0.6619999999999999,0.18899999999999997,19.77,9.24,11.41,20.65,31.25,9.09,73.0,0.19,15.0,20.55,7.0,9.59,0.59,0.1119999999999999,30.23,14.29,13.55,27.84,30.92,24.59
745738,2024-06-06,2024,622534,R,624647,L,field_out,False,False,64.0,0.281,9.0,14.06,6.0,9.38,0.73,0.10499999999999998,19.01,8.95,14.4,23.35,30.28,12.86,99.0,0.277,22.0,22.22,3.0,3.03,0.665,0.0949999999999999,26.88,13.81,17.68,31.49,28.93,23.66,45.0,0.162,5.0,11.11,7.0,15.56,0.6619999999999999,0.18899999999999997,19.77,9.24,11.41,20.65,31.25,9.09,73.0,0.19,15.0,20.55,7.0,9.59,0.59,0.1119999999999999,30.23,14.29,13.55,27.84,30.92,24.59
745738,2024-06-06,2024,680777,R,624647,L,walk,False,True,67.0,0.226,20.0,29.85,3.0,4.48,0.784,0.274,29.03,13.9,18.92,32.82,33.07,24.69,95.0,0.263,23.0,24.21,14.0,14.74,0.94,0.29,28.57,11.73,16.53,28.27,26.11,22.77,45.0,0.162,5.0,11.11,7.0,15.56,0.6619999999999999,0.18899999999999997,19.77,9.24,11.41,20.65,31.25,9.09,73.0,0.19,15.0,20.55,7.0,9.59,0.59,0.1119999999999999,30.23,14.29,13.55,27.84,30.92,24.59
745738,2024-06-06,2024,621043,R,596133,R,single,False,False,129.0,0.259,29.0,22.48,15.0,11.63,0.779,0.179,22.94,9.84,20.67,30.51,27.92,19.59,444.0,0.224,112.0,25.23,42.0,9.46,0.69,0.164,26.37,11.3,19.9,31.19,27.0,21.72,75.0,0.147,18.0,24.0,3.0,4.0,0.512,0.162,23.78,13.27,12.59,25.85,34.36,15.6,294.0,0.319,60.0,20.41,15.0,5.1,0.948,0.2709999999999999,21.2,10.46,15.26,25.72,26.0,16.13
745738,2024-06-06,2024,596146,L,596133,R,strikeout,True,False,127.0,0.248,21.0,16.54,11.0,8.66,0.742,0.177,22.49,10.98,12.94,23.92,24.91,13.38,394.0,0.263,84.0,21.32,37.0,9.39,0.8320000000000001,0.2339999999999999,19.92,9.32,15.49,24.81,24.75,18.14,65.0,0.153,22.0,33.85,4.0,6.15,0.486,0.11800000000000002,36.64,17.58,16.48,34.07,33.33,26.51,270.0,0.281,49.0,18.15,25.0,9.26,0.873,0.244,22.2,9.96,16.57,26.54,23.79,17.13
745738,2024-06-06,2024,657077,L,660896,R,field_out,False,False,177.0,0.262,19.0,10.73,13.0,7.34,0.761,0.188,12.01,5.55,19.04,24.59,25.87,10.16,441.0,0.279,66.0,14.97,30.0,6.8,0.793,0.185,15.08,6.28,20.52,26.8,22.64,14.93,32.0,0.192,9.0,28.12,4.0,12.5,0.492,0.0,27.27,11.72,20.31,32.03,18.33,24.32,29.0,0.125,4.0,13.79,4.0,13.79,0.491,0.125,25.0,9.92,20.66,30.58,27.42,11.76
745738,2024-06-06,2024,592450,R,660896,R,strikeout,True,False,217.0,0.298,54.0,24.88,31.0,14.29,1.077,0.37600000000000006,31.49,13.8,14.46,28.26,19.11,20.15,384.0,0.266,109.0,28.39,77.0,20.05,1.011,0.3339999999999999,36.96,15.02,15.7,30.72,19.29,24.12,36.0,0.2,9.0,25.0,4.0,11.11,0.573,0.067,37.88,17.73,14.89,32.62,27.54,18.75,46.0,0.282,12.0,26.09,6.0,13.04,1.058,0.385,25.61,10.55,18.09,28.64,22.02,21.43
745738,2024-06-06,2024,519317,R,660896,R,walk,False,True,163.0,0.245,51.0,31.29,12.0,7.36,0.8440000000000001,0.29800000000000004,32.65,14.98,17.78,32.76,30.89,29.31,341.0,0.175,111.0,32.55,35.0,10.26,0.64,0.201,36.65,15.18,19.37,34.55,27.39,25.58,36.0,0.2,9.0,25.0,4.0,11.11,0.573,0.067,37.88,17.73,14.89,32.62,27.54,18.75,46.0,0.282,12.0,26.09,6.0,13.04,1.058,0.385,25.61,10.55,18.09,28.64,22.02,21.43
745738,2024-06-06,2024,519203,L,660896,R,walk,False,True,187.0,0.251,31.0,16.58,12.0,6.42,0.719,0.15799999999999997,19.56,10.14,15.57,25.71,38.59,15.35,334.0,0.22,86.0,25.75,27.0,8.08,0.6739999999999999,0.146,25.23,12.17,17.7,29.87,34.73,19.95,32.0,0.192,9.0,28.12,4.0,12.5,0.492,0.0,27.27,11.72,20.31,32.03,18.33,24.32,29.0,0.125,4.0,13.79,4.0,13.79,0.491,0.125,25.0,9.92,20.66,30.58,27.42,11.76
745738,2024-06-06,2024,650402,R,660896,R,field_out,False,False,195.0,0.236,45.0,23.08,16.0,8.21,0.6599999999999999,0.12,23.96,11.08,16.51,27.59,22.3,15.46,544.0,0.273,78.0,14.34,50.0,9.19,0.772,0.1589999999999999,21.74,10.32,15.57,25.89,26.86,11.29,36.0,0.2,9.0,25.0,4.0,11.11,0.573,0.067,37.88,17.73,14.89,32.62,27.54,18.75,46.0,0.282,12.0,26.09,6.0,13.04,1.058,0.385,25.61,10.55,18.09,28.64,22.02,21.43
745738,2024-06-06,2024,650489,L,596133,R,field_out,False,False,173.0,0.219,43.0,24.86,17.0,9.83,0.6890000000000001,0.158,27.27,12.93,15.52,28.45,29.3,20.48,280.0,0.266,73.0,26.07,23.0,8.21,0.8029999999999999,0.189,28.16,14.39,15.31,29.7,34.97,21.1,65.0,0.153,22.0,33.85,4.0,6.15,0.486,0.11800000000000002,36.64,17.58,16.48,34.07,33.33,26.51,270.0,0.281,49.0,18.15,25.0,9.26,0.873,0.244,22.2,9.96,16.57,26.54,23.79,17.13
745738,2024-06-06,2024,669304,R,596133,R,field_out,False,False,107.0,0.27,17.0,15.89,4.0,3.74,0.782,0.20999999999999996,19.34,9.26,19.58,28.84,34.01,19.54,120.0,0.207,18.0,15.0,8.0,6.67,0.5640000000000001,0.09,23.72,11.83,13.69,25.52,32.37,15.04,75.0,0.147,18.0,24.0,3.0,4.0,0.512,0.162,23.78,13.27,12.59,25.85,34.36,15.6,294.0,0.319,60.0,20.41,15.0,5.1,0.948,0.2709999999999999,21.2,10.46,15.26,25.72,26.0,16.13
745738,2024-06-06,2024,467793,L,596133,R,field_out,False,False,154.0,0.195,24.0,15.58,18.0,11.69,0.643,0.14300000000000002,23.42,9.81,17.45,27.26,23.28,13.41,460.0,0.231,83.0,18.04,45.0,9.78,0.727,0.1899999999999999,23.76,11.0,14.32,25.31,24.63,16.21,65.0,0.153,22.0,33.85,4.0,6.15,0.486,0.11800000000000002,36.64,17.58,16.48,34.07,33.33,26.51,270.0,0.281,49.0,18.15,25.0,9.26,0.873,0.244,22.2,9.96,16.57,26.54,23.79,17.13
745738,2024-06-06,2024,669224,L,573204,L,strikeout,True,False,16.0,0.2,5.0,31.25,1.0,6.25,0.45,0.0,42.31,20.37,24.07,44.44,40.0,38.46,6.0,0.0,2.0,33.33,0.0,0.0,0.0,0.0,45.45,21.74,13.04,34.78,25.0,100.0,32.0,0.207,10.0,31.25,3.0,9.38,0.522,0.034,28.81,12.88,21.97,34.85,24.24,20.41,48.0,0.128,14.0,29.17,0.0,0.0,0.3409999999999999,0.0849999999999999,21.59,10.73,18.64,29.38,32.89,26.92
745738,2024-06-06,2024,665828,R,573204,L,strikeout,True,False,43.0,0.244,8.0,18.6,2.0,4.65,0.5720000000000001,0.04899999999999999,13.75,6.92,18.87,25.79,31.94,15.09,70.0,0.2,21.0,30.0,3.0,4.29,0.597,0.1539999999999999,28.35,15.65,15.65,31.3,36.19,34.43,37.0,0.438,6.0,16.22,3.0,8.11,1.115,0.21800000000000003,20.63,10.0,18.46,28.46,29.31,19.35,73.0,0.258,22.0,30.14,6.0,8.22,0.94,0.363,25.66,12.79,14.1,26.89,26.11,21.57
745738,2024-06-06,2024,663757,L,573204,L,field_out,False,False,10.0,0.111,5.0,50.0,0.0,0.0,0.311,0.0,15.38,5.26,34.21,39.47,25.0,41.67,143.0,0.256,36.0,25.17,19.0,13.29,0.792,0.174,23.81,9.31,23.01,32.32,19.92,20.57,32.0,0.207,10.0,31.25,3.0,9.38,0.522,0.034,28.81,12.88,21.97,34.85,24.24,20.41,48.0,0.128,14.0,29.17,0.0,0.0,0.3409999999999999,0.0849999999999999,21.59,10.73,18.64,29.38,32.89,26.92
745738,2024-06-06,2024,571657,R,592454,R,strikeout,True,False,56.0,0.184,10.0,17.86,5.0,8.93,0.572,0.10199999999999998,21.84,10.38,18.03,28.42,34.48,26.32,241.0,0.239,59.0,24.48,13.0,5.39,0.6950000000000001,0.157,22.45,10.88,18.24,29.12,32.6,21.61,10.0,0.111,1.0,10.0,1.0,10.0,0.644,0.333,20.0,7.32,17.07,24.39,20.83,14.29,80.0,0.191,26.0,32.5,10.0,12.5,0.583,0.088,41.03,19.57,15.6,35.17,27.84,26.0
745738,2024-06-06,2024,543877,R,592454,R,walk,False,True,79.0,0.151,22.0,27.85,2.0,2.53,0.401,0.068,32.43,17.27,17.63,34.89,39.72,28.95,279.0,0.216,59.0,21.15,22.0,7.89,0.548,0.051,25.76,12.56,16.62,29.18,33.72,23.41,10.0,0.111,1.0,10.0,1.0,10.0,0.644,0.333,20.0,7.32,17.07,24.39,20.83,14.29,80.0,0.191,26.0,32.5,10.0,12.5,0.583,0.088,41.03,19.57,15.6,35.17,27.84,26.0
745738,2024-06-06,2024,622534,R,592454,R,single,False,False,62.0,0.14,14.0,22.58,5.0,8.06,0.368,0.017999999999999988,25.0,12.5,16.96,29.46,29.52,21.21,237.0,0.258,33.0,13.92,15.0,6.33,0.694,0.12,23.38,11.66,15.01,26.67,32.22,16.02,10.0,0.111,1.0,10.0,1.0,10.0,0.644,0.333,20.0,7.32,17.07,24.39,20.83,14.29,80.0,0.191,26.0,32.5,10.0,12.5,0.583,0.088,41.03,19.57,15.6,35.17,27.84,26.0
745738,2024-06-06,2024,680777,R,592454,R,strikeout,True,False,145.0,0.248,31.0,21.38,12.0,8.28,0.868,0.273,23.72,10.36,18.83,29.19,26.71,18.52,242.0,0.281,70.0,28.93,19.0,7.85,0.8280000000000001,0.186,29.53,13.79,18.6,32.39,32.19,21.28,10.0,0.111,1.0,10.0,1.0,10.0,0.644,0.333,20.0,7.32,17.07,24.39,20.83,14.29,80.0,0.191,26.0,32.5,10.0,12.5,0.583,0.088,41.03,19.57,15.6,35.17,27.84,26.0
745738,2024-06-06,2024,621043,R,592454,R,force_out,False,False,129.0,0.259,29.0,22.48,15.0,11.63,0.779,0.179,22.94,9.84,20.67,30.51,27.92,19.59,444.0,0.224,112.0,25.23,42.0,9.46,0.69,0.164,26.37,11.3,19.9,31.19,27.0,21.72,10.0,0.111,1.0,10.0,1.0,10.0,0.644,0.333,20.0,7.32,17.07,24.39,20.83,14.29,80.0,0.191,26.0,32.5,10.0,12.5,0.583,0.088,41.03,19.57,15.6,35.17,27.84,26.0
745738,2024-06-06,2024,683011,R,622251,R,field_out,False,False,214.0,0.296,43.0,20.09,17.0,7.94,0.8280000000000001,0.17000000000000004,21.96,10.25,18.7,28.95,29.31,17.84,467.0,0.198,132.0,28.27,36.0,7.71,0.624,0.1579999999999999,28.15,13.53,17.49,31.02,29.16,23.4,23.0,0.158,3.0,13.04,4.0,17.39,0.46199999999999997,0.0,32.56,14.43,20.62,35.05,23.4,8.57,52.0,0.22,14.0,26.92,10.0,19.23,0.69,0.097,30.53,13.62,13.15,26.76,26.67,25.0
745738,2024-06-06,2024,657077,L,622251,R,single,False,False,177.0,0.262,19.0,10.73,13.0,7.34,0.761,0.188,12.01,5.55,19.04,24.59,25.87,10.16,441.0,0.279,66.0,14.97,30.0,6.8,0.793,0.185,15.08,6.28,20.52,26.8,22.64,14.93,12.0,0.0,4.0,33.33,0.0,0.0,0.0,0.0,21.43,10.53,19.3,29.82,42.42,18.18,37.0,0.219,10.0,27.03,3.0,8.11,0.5740000000000001,0.031,23.29,11.49,13.51,25.0,23.94,21.74
745738,2024-06-06,2024,592450,R,622251,R,field_out,False,False,217.0,0.298,54.0,24.88,31.0,14.29,1.077,0.37600000000000006,31.49,13.8,14.46,28.26,19.11,20.15,384.0,0.266,109.0,28.39,77.0,20.05,1.011,0.3339999999999999,36.96,15.02,15.7,30.72,19.29,24.12,23.0,0.158,3.0,13.04,4.0,17.39,0.46199999999999997,0.0,32.56,14.43,20.62,35.05,23.4,8.57,52.0,0.22,14.0,26.92,10.0,19.23,0.69,0.097,30.53,13.62,13.15,26.76,26.67,25.0
745738,2024-06-06,2024,519317,R,622251,R,field_out,False,False,163.0,0.245,51.0,31.29,12.0,7.36,0.8440000000000001,0.29800000000000004,32.65,14.98,17.78,32.76,30.89,29.31,341.0,0.175,111.0,32.55,35.0,10.26,0.64,0.201,36.65,15.18,19.37,34.55,27.39,25.58,23.0,0.158,3.0,13.04,4.0,17.39,0.46199999999999997,0.0,32.56,14.43,20.62,35.05,23.4,8.57,52.0,0.22,14.0,26.92,10.0,19.23,0.69,0.097,30.53,13.62,13.15,26.76,26.67,25.0
745738,2024-06-06,2024,596146,L,605280,R,strikeout,True,False,127.0,0.248,21.0,16.54,11.0,8.66,0.742,0.177,22.49,10.98,12.94,23.92,24.91,13.38,394.0,0.263,84.0,21.32,37.0,9.39,0.8320000000000001,0.2339999999999999,19.92,9.32,15.49,24.81,24.75,18.14,50.0,0.255,9.0,18.0,2.0,4.0,0.535,0.0,23.68,11.32,20.13,31.45,36.14,25.0,114.0,0.2,26.0,22.81,12.0,10.53,0.5589999999999999,0.07,23.83,10.48,19.36,29.84,22.22,21.67
745738,2024-06-06,2024,650489,L,605280,R,single,False,False,173.0,0.219,43.0,24.86,17.0,9.83,0.6890000000000001,0.158,27.27,12.93,15.52,28.45,29.3,20.48,280.0,0.266,73.0,26.07,23.0,8.21,0.8029999999999999,0.189,28.16,14.39,15.31,29.7,34.97,21.1,50.0,0.255,9.0,18.0,2.0,4.0,0.535,0.0,23.68,11.32,20.13,31.45,36.14,25.0,114.0,0.2,26.0,22.81,12.0,10.53,0.5589999999999999,0.07,23.83,10.48,19.36,29.84,22.22,21.67
745738,2024-06-06,2024,669304,R,605280,R,field_out,False,False,107.0,0.27,17.0,15.89,4.0,3.74,0.782,0.20999999999999996,19.34,9.26,19.58,28.84,34.01,19.54,120.0,0.207,18.0,15.0,8.0,6.67,0.5640000000000001,0.09,23.72,11.83,13.69,25.52,32.37,15.04,62.0,0.241,18.0,29.03,6.0,9.68,0.635,0.05499999999999999,34.31,13.89,24.21,38.1,21.09,19.57,148.0,0.231,45.0,30.41,11.0,7.43,0.603,0.0749999999999999,28.02,12.29,20.82,33.11,26.21,24.32
745738,2024-06-06,2024,467793,L,605280,R,field_out,False,False,154.0,0.195,24.0,15.58,18.0,11.69,0.643,0.14300000000000002,23.42,9.81,17.45,27.26,23.28,13.41,460.0,0.231,83.0,18.04,45.0,9.78,0.727,0.1899999999999999,23.76,11.0,14.32,25.31,24.63,16.21,50.0,0.255,9.0,18.0,2.0,4.0,0.535,0.0,23.68,11.32,20.13,31.45,36.14,25.0,114.0,0.2,26.0,22.81,12.0,10.53,0.5589999999999999,0.07,23.83,10.48,19.36,29.84,22.22,21.67
746707,2024-06-06,2024,643565,L,668881,R,field_out,False,False,173.0,0.269,34.0,19.65,24.0,13.87,0.819,0.172,22.82,11.28,11.53,22.81,23.32,12.06,345.0,0.253,73.0,21.16,50.0,14.49,0.739,0.121,23.95,9.92,17.49,27.41,19.14,15.57,159.0,0.188,46.0,28.93,16.0,10.06,0.613,0.128,28.82,14.45,13.27,27.73,28.61,21.0,244.0,0.215,83.0,34.02,28.0,11.48,0.736,0.2009999999999999,33.14,15.55,14.17,29.71,25.77,23.31
746707,2024-06-06,2024,673548,R,668881,R,double,False,False,114.0,0.267,33.0,28.95,6.0,5.26,0.761,0.16899999999999998,27.98,11.54,21.15,32.69,25.0,21.43,419.0,0.278,102.0,24.34,41.0,9.79,0.839,0.2129999999999999,24.3,9.93,20.44,30.37,19.3,20.2,134.0,0.235,30.0,22.39,14.0,10.45,0.6970000000000001,0.139,30.58,15.8,12.64,28.44,27.51,18.52,254.0,0.288,69.0,27.17,20.0,7.87,0.886,0.245,28.29,14.51,14.91,29.42,33.6,19.33
746707,2024-06-06,2024,641355,L,668881,R,strikeout,True,False,148.0,0.219,27.0,18.24,17.0,11.49,0.763,0.226,26.57,13.14,12.59,25.73,30.86,19.01,373.0,0.291,58.0,15.55,27.0,7.24,0.829,0.198,20.08,10.01,15.91,25.92,29.71,13.74,159.0,0.188,46.0,28.93,16.0,10.06,0.613,0.128,28.82,14.45,13.27,27.73,28.61,21.0,244.0,0.215,83.0,34.02,28.0,11.48,0.736,0.2009999999999999,33.14,15.55,14.17,29.71,25.77,23.31
746707,2024-06-06,2024,666624,R,668881,R,walk,False,True,192.0,0.2,44.0,22.92,22.0,11.46,0.6619999999999999,0.16399999999999998,30.64,14.17,13.64,27.81,25.56,20.66,329.0,0.247,105.0,31.91,27.0,8.21,0.798,0.239,38.21,19.07,13.74,32.81,29.43,27.56,134.0,0.235,30.0,22.39,14.0,10.45,0.6970000000000001,0.139,30.58,15.8,12.64,28.44,27.51,18.52,254.0,0.288,69.0,27.17,20.0,7.87,0.886,0.245,28.29,14.51,14.91,29.42,33.6,19.33
746707,2024-06-06,2024,664023,L,668881,R,field_out,False,False,188.0,0.222,54.0,28.72,25.0,13.3,0.7290000000000001,0.17,28.42,12.94,15.63,28.57,22.28,18.95,502.0,0.258,109.0,21.71,80.0,15.94,0.831,0.192,25.86,11.22,15.24,26.46,20.31,17.34,159.0,0.188,46.0,28.93,16.0,10.06,0.613,0.128,28.82,14.45,13.27,27.73,28.61,21.0,244.0,0.215,83.0,34.02,28.0,11.48,0.736,0.2009999999999999,33.14,15.55,14.17,29.71,25.77,23.31
746707,2024-06-06,2024,670770,L,665871,R,strikeout,True,False,39.0,0.171,8.0,20.51,3.0,7.69,0.627,0.19999999999999998,19.67,8.22,19.18,27.4,22.86,20.51,446.0,0.26,70.0,15.7,38.0,8.52,0.785,0.189,18.12,7.73,19.52,27.25,25.03,13.48,141.0,0.22,36.0,25.53,12.0,8.51,0.625,0.11900000000000002,17.05,7.76,18.1,25.86,26.74,20.22,210.0,0.215,44.0,20.95,20.0,9.52,0.6479999999999999,0.1399999999999999,18.77,8.0,17.9,25.89,22.65,18.38
746707,2024-06-06,2024,682829,L,665871,R,field_out,False,False,167.0,0.247,58.0,34.73,17.0,10.18,0.796,0.22599999999999998,33.33,13.64,21.09,34.73,25.07,32.57,307.0,0.255,95.0,30.94,30.0,9.77,0.7989999999999999,0.2159999999999999,26.69,11.86,17.47,29.33,31.27,25.07,141.0,0.22,36.0,25.53,12.0,8.51,0.625,0.11900000000000002,17.05,7.76,18.1,25.86,26.74,20.22,210.0,0.215,44.0,20.95,20.0,9.52,0.6479999999999999,0.1399999999999999,18.77,8.0,17.9,25.89,22.65,18.38
746707,2024-06-06,2024,600869,L,665871,R,strikeout,True,False,150.0,0.23,41.0,27.33,8.0,5.33,0.7430000000000001,0.23800000000000002,28.81,15.15,14.08,29.23,36.14,24.26,415.0,0.251,91.0,21.93,38.0,9.16,0.812,0.2279999999999999,25.42,11.83,16.22,28.05,27.64,18.71,141.0,0.22,36.0,25.53,12.0,8.51,0.625,0.11900000000000002,17.05,7.76,18.1,25.86,26.74,20.22,210.0,0.215,44.0,20.95,20.0,9.52,0.6479999999999999,0.1399999999999999,18.77,8.0,17.9,25.89,22.65,18.38
746707,2024-06-06,2024,663538,R,668881,R,field_out,False,False,189.0,0.247,18.0,9.52,18.0,9.52,0.688,0.10799999999999998,13.87,6.3,21.52,27.82,31.4,9.94,508.0,0.274,63.0,12.4,40.0,7.87,0.72,0.0979999999999999,13.4,6.0,20.67,26.67,29.91,12.21,134.0,0.235,30.0,22.39,14.0,10.45,0.6970000000000001,0.139,30.58,15.8,12.64,28.44,27.51,18.52,254.0,0.288,69.0,27.17,20.0,7.87,0.886,0.245,28.29,14.51,14.91,29.42,33.6,19.33
746707,2024-06-06,2024,621020,R,668881,R,strikeout,True,False,159.0,0.214,46.0,28.93,12.0,7.55,0.622,0.13099999999999998,33.33,15.99,15.68,31.68,23.92,23.83,478.0,0.244,111.0,23.22,49.0,10.25,0.734,0.161,28.04,13.13,15.12,28.26,23.34,18.66,134.0,0.235,30.0,22.39,14.0,10.45,0.6970000000000001,0.139,30.58,15.8,12.64,28.44,27.51,18.52,254.0,0.288,69.0,27.17,20.0,7.87,0.886,0.245,28.29,14.51,14.91,29.42,33.6,19.33
746707,2024-06-06,2024,691718,L,668881,R,strikeout,True,False,65.0,0.228,11.0,16.92,4.0,6.15,0.637,0.12299999999999997,19.72,11.29,11.29,22.58,37.7,12.5,15.0,0.0,6.0,40.0,2.0,13.33,0.154,0.0,44.44,26.67,8.33,35.0,23.08,27.27,159.0,0.188,46.0,28.93,16.0,10.06,0.613,0.128,28.82,14.45,13.27,27.73,28.61,21.0,244.0,0.215,83.0,34.02,28.0,11.48,0.736,0.2009999999999999,33.14,15.55,14.17,29.71,25.77,23.31
746707,2024-06-06,2024,668715,R,665871,R,field_out,False,False,172.0,0.247,33.0,19.19,20.0,11.63,0.73,0.14,21.59,9.42,18.14,27.56,24.93,13.47,487.0,0.256,106.0,21.77,51.0,10.47,0.7789999999999999,0.175,25.48,10.86,19.02,29.88,22.75,18.53,123.0,0.2,25.0,20.33,14.0,11.38,0.609,0.11399999999999999,19.6,7.8,20.6,28.4,21.09,16.23,240.0,0.245,50.0,20.83,21.0,8.75,0.734,0.172,22.87,9.83,17.49,27.31,23.7,24.39
746707,2024-06-06,2024,641584,L,665871,R,walk,False,True,124.0,0.282,27.0,21.77,11.0,8.87,0.702,0.07300000000000001,20.6,11.7,9.36,21.06,27.49,17.09,339.0,0.268,66.0,19.47,34.0,10.03,0.815,0.199,24.78,12.84,11.52,24.36,30.55,18.38,141.0,0.22,36.0,25.53,12.0,8.51,0.625,0.11900000000000002,17.05,7.76,18.1,25.86,26.74,20.22,210.0,0.215,44.0,20.95,20.0,9.52,0.6479999999999999,0.1399999999999999,18.77,8.0,17.9,25.89,22.65,18.38
746707,2024-06-06,2024,663886,R,665871,R,single,False,False,118.0,0.252,27.0,22.88,8.0,6.78,0.7070000000000001,0.14100000000000001,22.11,10.0,18.81,28.81,26.5,22.41,378.0,0.228,105.0,27.78,34.0,8.99,0.657,0.1239999999999999,29.78,12.81,19.96,32.77,26.19,24.59,123.0,0.2,25.0,20.33,14.0,11.38,0.609,0.11399999999999999,19.6,7.8,20.6,28.4,21.09,16.23,240.0,0.245,50.0,20.83,21.0,8.75,0.734,0.172,22.87,9.83,17.49,27.31,23.7,24.39
746707,2024-06-06,2024,674441,L,665871,R,sac_bunt,False,False,42.0,0.265,8.0,19.05,4.0,9.52,0.719,0.08799999999999997,14.29,5.65,22.6,28.25,16.46,13.79,,,,,,,,,,,,,,,141.0,0.22,36.0,25.53,12.0,8.51,0.625,0.11900000000000002,17.05,7.76,18.1,25.86,26.74,20.22,210.0,0.215,44.0,20.95,20.0,9.52,0.6479999999999999,0.1399999999999999,18.77,8.0,17.9,25.89,22.65,18.38
746707,2024-06-06,2024,663697,R,665871,R,field_out,False,False,153.0,0.217,36.0,23.53,21.0,13.73,0.645,0.101,18.91,6.75,21.44,28.19,15.85,18.95,397.0,0.257,73.0,18.39,37.0,9.32,0.7809999999999999,0.175,21.3,8.18,21.42,29.59,19.53,15.19,123.0,0.2,25.0,20.33,14.0,11.38,0.609,0.11399999999999999,19.6,7.8,20.6,28.4,21.09,16.23,240.0,0.245,50.0,20.83,21.0,8.75,0.734,0.172,22.87,9.83,17.49,27.31,23.7,24.39
746707,2024-06-06,2024,665804,R,668881,R,single,False,False,97.0,0.209,23.0,23.71,8.0,8.25,0.5680000000000001,0.07000000000000003,27.84,15.13,14.57,29.69,37.14,20.54,92.0,0.187,24.0,26.09,7.0,7.61,0.679,0.173,24.72,11.67,16.98,28.65,28.18,19.05,134.0,0.235,30.0,22.39,14.0,10.45,0.6970000000000001,0.139,30.58,15.8,12.64,28.44,27.51,18.52,254.0,0.288,69.0,27.17,20.0,7.87,0.886,0.245,28.29,14.51,14.91,29.42,33.6,19.33
746707,2024-06-06,2024,643565,L,668881,R,field_out,False,False,173.0,0.269,34.0,19.65,24.0,13.87,0.819,0.172,22.82,11.28,11.53,22.81,23.32,12.06,345.0,0.253,73.0,21.16,50.0,14.49,0.739,0.121,23.95,9.92,17.49,27.41,19.14,15.57,159.0,0.188,46.0,28.93,16.0,10.06,0.613,0.128,28.82,14.45,13.27,27.73,28.61,21.0,244.0,0.215,83.0,34.02,28.0,11.48,0.736,0.2009999999999999,33.14,15.55,14.17,29.71,25.77,23.31
746707,2024-06-06,2024,673548,R,668881,R,home_run,False,False,114.0,0.267,33.0,28.95,6.0,5.26,0.761,0.16899999999999998,27.98,11.54,21.15,32.69,25.0,21.43,419.0,0.278,102.0,24.34,41.0,9.79,0.839,0.2129999999999999,24.3,9.93,20.44,30.37,19.3,20.2,134.0,0.235,30.0,22.39,14.0,10.45,0.6970000000000001,0.139,30.58,15.8,12.64,28.44,27.51,18.52,254.0,0.288,69.0,27.17,20.0,7.87,0.886,0.245,28.29,14.51,14.91,29.42,33.6,19.33
746707,2024-06-06,2024,641355,L,668881,R,field_out,False,False,148.0,0.219,27.0,18.24,17.0,11.49,0.763,0.226,26.57,13.14,12.59,25.73,30.86,19.01,373.0,0.291,58.0,15.55,27.0,7.24,0.829,0.198,20.08,10.01,15.91,25.92,29.71,13.74,159.0,0.188,46.0,28.93,16.0,10.06,0.613,0.128,28.82,14.45,13.27,27.73,28.61,21.0,244.0,0.215,83.0,34.02,28.0,11.48,0.736,0.2009999999999999,33.14,15.55,14.17,29.71,25.77,23.31
746707,2024-06-06,2024,666624,R,668881,R,strikeout,True,False,192.0,0.2,44.0,22.92,22.0,11.46,0.6619999999999999,0.16399999999999998,30.64,14.17,13.64,27.81,25.56,20.66,329.0,0.247,105.0,31.91,27.0,8.21,0.798,0.239,38.21,19.07,13.74,32.81,29.43,27.56,134.0,0.235,30.0,22.39,14.0,10.45,0.6970000000000001,0.139,30.58,15.8,12.64,28.44,27.51,18.52,254.0,0.288,69.0,27.17,20.0,7.87,0.886,0.245,28.29,14.51,14.91,29.42,33.6,19.33
746707,2024-06-06,2024,666181,L,665871,R,single,False,False,158.0,0.241,65.0,41.14,17.0,10.76,0.812,0.248,38.92,18.61,14.67,33.28,21.52,30.09,285.0,0.297,89.0,31.23,37.0,12.98,0.938,0.252,31.03,13.11,16.03,29.13,18.51,23.66,141.0,0.22,36.0,25.53,12.0,8.51,0.625,0.11900000000000002,17.05,7.76,18.1,25.86,26.74,20.22,210.0,0.215,44.0,20.95,20.0,9.52,0.6479999999999999,0.1399999999999999,18.77,8.0,17.9,25.89,22.65,18.38
746707,2024-06-06,2024,670770,L,665871,R,walk,False,True,39.0,0.171,8.0,20.51,3.0,7.69,0.627,0.19999999999999998,19.67,8.22,19.18,27.4,22.86,20.51,446.0,0.26,70.0,15.7,38.0,8.52,0.785,0.189,18.12,7.73,19.52,27.25,25.03,13.48,141.0,0.22,36.0,25.53,12.0,8.51,0.625,0.11900000000000002,17.05,7.76,18.1,25.86,26.74,20.22,210.0,0.215,44.0,20.95,20.0,9.52,0.6479999999999999,0.1399999999999999,18.77,8.0,17.9,25.89,22.65,18.38
746707,2024-06-06,2024,682829,L,665871,R,home_run,False,False,167.0,0.247,58.0,34.73,17.0,10.18,0.796,0.22599999999999998,33.33,13.64,21.09,34.73,25.07,32.57,307.0,0.255,95.0,30.94,30.0,9.77,0.7989999999999999,0.2159999999999999,26.69,11.86,17.47,29.33,31.27,25.07,141.0,0.22,36.0,25.53,12.0,8.51,0.625,0.11900000000000002,17.05,7.76,18.1,25.86,26.74,20.22,210.0,0.215,44.0,20.95,20.0,9.52,0.6479999999999999,0.1399999999999999,18.77,8.0,17.9,25.89,22.65,18.38
746707,2024-06-06,2024,600869,L,665871,R,field_out,False,False,150.0,0.23,41.0,27.33,8.0,5.33,0.7430000000000001,0.23800000000000002,28.81,15.15,14.08,29.23,36.14,24.26,415.0,0.251,91.0,21.93,38.0,9.16,0.812,0.2279999999999999,25.42,11.83,16.22,28.05,27.64,18.71,141.0,0.22,36.0,25.53,12.0,8.51,0.625,0.11900000000000002,17.05,7.76,18.1,25.86,26.74,20.22,210.0,0.215,44.0,20.95,20.0,9.52,0.6479999999999999,0.1399999999999999,18.77,8.0,17.9,25.89,22.65,18.38
746707,2024-06-06,2024,668715,R,665871,R,field_out,False,False,172.0,0.247,33.0,19.19,20.0,11.63,0.73,0.14,21.59,9.42,18.14,27.56,24.93,13.47,487.0,0.256,106.0,21.77,51.0,10.47,0.7789999999999999,0.175,25.48,10.86,19.02,29.88,22.75,18.53,123.0,0.2,25.0,20.33,14.0,11.38,0.609,0.11399999999999999,19.6,7.8,20.6,28.4,21.09,16.23,240.0,0.245,50.0,20.83,21.0,8.75,0.734,0.172,22.87,9.83,17.49,27.31,23.7,24.39
746707,2024-06-06,2024,641584,L,665871,R,field_out,False,False,124.0,0.282,27.0,21.77,11.0,8.87,0.702,0.07300000000000001,20.6,11.7,9.36,21.06,27.49,17.09,339.0,0.268,66.0,19.47,34.0,10.03,0.815,0.199,24.78,12.84,11.52,24.36,30.55,18.38,141.0,0.22,36.0,25.53,12.0,8.51,0.625,0.11900000000000002,17.05,7.76,18.1,25.86,26.74,20.22,210.0,0.215,44.0,20.95,20.0,9.52,0.6479999999999999,0.1399999999999999,18.77,8.0,17.9,25.89,22.65,18.38
746707,2024-06-06,2024,664023,L,668881,R,strikeout,True,False,188.0,0.222,54.0,28.72,25.0,13.3,0.7290000000000001,0.17,28.42,12.94,15.63,28.57,22.28,18.95,502.0,0.258,109.0,21.71,80.0,15.94,0.831,0.192,25.86,11.22,15.24,26.46,20.31,17.34,159.0,0.188,46.0,28.93,16.0,10.06,0.613,0.128,28.82,14.45,13.27,27.73,28.61,21.0,244.0,0.215,83.0,34.02,28.0,11.48,0.736,0.2009999999999999,33.14,15.55,14.17,29.71,25.77,23.31
746707,2024-06-06,2024,663538,R,668881,R,hit_by_pitch,False,False,189.0,0.247,18.0,9.52,18.0,9.52,0.688,0.10799999999999998,13.87,6.3,21.52,27.82,31.4,9.94,508.0,0.274,63.0,12.4,40.0,7.87,0.72,0.0979999999999999,13.4,6.0,20.67,26.67,29.91,12.21,134.0,0.235,30.0,22.39,14.0,10.45,0.6970000000000001,0.139,30.58,15.8,12.64,28.44,27.51,18.52,254.0,0.288,69.0,27.17,20.0,7.87,0.886,0.245,28.29,14.51,14.91,29.42,33.6,19.33
746707,2024-06-06,2024,621020,R,668881,R,strikeout,True,False,159.0,0.214,46.0,28.93,12.0,7.55,0.622,0.13099999999999998,33.33,15.99,15.68,31.68,23.92,23.83,478.0,0.244,111.0,23.22,49.0,10.25,0.734,0.161,28.04,13.13,15.12,28.26,23.34,18.66,134.0,0.235,30.0,22.39,14.0,10.45,0.6970000000000001,0.139,30.58,15.8,12.64,28.44,27.51,18.52,254.0,0.288,69.0,27.17,20.0,7.87,0.886,0.245,28.29,14.51,14.91,29.42,33.6,19.33
746707,2024-06-06,2024,691718,L,668881,R,strikeout,True,False,65.0,0.228,11.0,16.92,4.0,6.15,0.637,0.12299999999999997,19.72,11.29,11.29,22.58,37.7,12.5,15.0,0.0,6.0,40.0,2.0,13.33,0.154,0.0,44.44,26.67,8.33,35.0,23.08,27.27,159.0,0.188,46.0,28.93,16.0,10.06,0.613,0.128,28.82,14.45,13.27,27.73,28.61,21.0,244.0,0.215,83.0,34.02,28.0,11.48,0.736,0.2009999999999999,33.14,15.55,14.17,29.71,25.77,23.31
746707,2024-06-06,2024,663886,R,665871,R,single,False,False,118.0,0.252,27.0,22.88,8.0,6.78,0.7070000000000001,0.14100000000000001,22.11,10.0,18.81,28.81,26.5,22.41,378.0,0.228,105.0,27.78,34.0,8.99,0.657,0.1239999999999999,29.78,12.81,19.96,32.77,26.19,24.59,123.0,0.2,25.0,20.33,14.0,11.38,0.609,0.11399999999999999,19.6,7.8,20.6,28.4,21.09,16.23,240.0,0.245,50.0,20.83,21.0,8.75,0.734,0.172,22.87,9.83,17.49,27.31,23.7,24.39
746707,2024-06-06,2024,674441,L,665871,R,strikeout,True,False,42.0,0.265,8.0,19.05,4.0,9.52,0.719,0.08799999999999997,14.29,5.65,22.6,28.25,16.46,13.79,,,,,,,,,,,,,,,141.0,0.22,36.0,25.53,12.0,8.51,0.625,0.11900000000000002,17.05,7.76,18.1,25.86,26.74,20.22,210.0,0.215,44.0,20.95,20.0,9.52,0.6479999999999999,0.1399999999999999,18.77,8.0,17.9,25.89,22.65,18.38
746707,2024-06-06,2024,663697,R,665871,R,strikeout,True,False,153.0,0.217,36.0,23.53,21.0,13.73,0.645,0.101,18.91,6.75,21.44,28.19,15.85,18.95,397.0,0.257,73.0,18.39,37.0,9.32,0.7809999999999999,0.175,21.3,8.18,21.42,29.59,19.53,15.19,123.0,0.2,25.0,20.33,14.0,11.38,0.609,0.11399999999999999,19.6,7.8,20.6,28.4,21.09,16.23,240.0,0.245,50.0,20.83,21.0,8.75,0.734,0.172,22.87,9.83,17.49,27.31,23.7,24.39
746707,2024-06-06,2024,666181,L,665871,R,strikeout,True,False,158.0,0.241,65.0,41.14,17.0,10.76,0.812,0.248,38.92,18.61,14.67,33.28,21.52,30.09,285.0,0.297,89.0,31.23,37.0,12.98,0.938,0.252,31.03,13.11,16.03,29.13,18.51,23.66,141.0,0.22,36.0,25.53,12.0,8.51,0.625,0.11900000000000002,17.05,7.76,18.1,25.86,26.74,20.22,210.0,0.215,44.0,20.95,20.0,9.52,0.6479999999999999,0.1399999999999999,18.77,8.0,17.9,25.89,22.65,18.38
746707,2024-06-06,2024,665804,R,668881,R,field_out,False,False,97.0,0.209,23.0,23.71,8.0,8.25,0.5680000000000001,0.07000000000000003,27.84,15.13,14.57,29.69,37.14,20.54,92.0,0.187,24.0,26.09,7.0,7.61,0.679,0.173,24.72,11.67,16.98,28.65,28.18,19.05,134.0,0.235,30.0,22.39,14.0,10.45,0.6970000000000001,0.139,30.58,15.8,12.64,28.44,27.51,18.52,254.0,0.288,69.0,27.17,20.0,7.87,0.886,0.245,28.29,14.51,14.91,29.42,33.6,19.33
746707,2024-06-06,2024,643565,L,668881,R,strikeout,True,False,173.0,0.269,34.0,19.65,24.0,13.87,0.819,0.172,22.82,11.28,11.53,22.81,23.32,12.06,345.0,0.253,73.0,21.16,50.0,14.49,0.739,0.121,23.95,9.92,17.49,27.41,19.14,15.57,159.0,0.188,46.0,28.93,16.0,10.06,0.613,0.128,28.82,14.45,13.27,27.73,28.61,21.0,244.0,0.215,83.0,34.02,28.0,11.48,0.736,0.2009999999999999,33.14,15.55,14.17,29.71,25.77,23.31
746707,2024-06-06,2024,673548,R,668881,R,field_out,False,False,114.0,0.267,33.0,28.95,6.0,5.26,0.761,0.16899999999999998,27.98,11.54,21.15,32.69,25.0,21.43,419.0,0.278,102.0,24.34,41.0,9.79,0.839,0.2129999999999999,24.3,9.93,20.44,30.37,19.3,20.2,134.0,0.235,30.0,22.39,14.0,10.45,0.6970000000000001,0.139,30.58,15.8,12.64,28.44,27.51,18.52,254.0,0.288,69.0,27.17,20.0,7.87,0.886,0.245,28.29,14.51,14.91,29.42,33.6,19.33
746707,2024-06-06,2024,670770,L,665871,R,field_out,False,False,39.0,0.171,8.0,20.51,3.0,7.69,0.627,0.19999999999999998,19.67,8.22,19.18,27.4,22.86,20.51,446.0,0.26,70.0,15.7,38.0,8.52,0.785,0.189,18.12,7.73,19.52,27.25,25.03,13.48,141.0,0.22,36.0,25.53,12.0,8.51,0.625,0.11900000000000002,17.05,7.76,18.1,25.86,26.74,20.22,210.0,0.215,44.0,20.95,20.0,9.52,0.6479999999999999,0.1399999999999999,18.77,8.0,17.9,25.89,22.65,18.38
746707,2024-06-06,2024,682829,L,665871,R,field_out,False,False,167.0,0.247,58.0,34.73,17.0,10.18,0.796,0.22599999999999998,33.33,13.64,21.09,34.73,25.07,32.57,307.0,0.255,95.0,30.94,30.0,9.77,0.7989999999999999,0.2159999999999999,26.69,11.86,17.47,29.33,31.27,25.07,141.0,0.22,36.0,25.53,12.0,8.51,0.625,0.11900000000000002,17.05,7.76,18.1,25.86,26.74,20.22,210.0,0.215,44.0,20.95,20.0,9.52,0.6479999999999999,0.1399999999999999,18.77,8.0,17.9,25.89,22.65,18.38
746707,2024-06-06,2024,600869,L,665871,R,single,False,False,150.0,0.23,41.0,27.33,8.0,5.33,0.7430000000000001,0.23800000000000002,28.81,15.15,14.08,29.23,36.14,24.26,415.0,0.251,91.0,21.93,38.0,9.16,0.812,0.2279999999999999,25.42,11.83,16.22,28.05,27.64,18.71,141.0,0.22,36.0,25.53,12.0,8.51,0.625,0.11900000000000002,17.05,7.76,18.1,25.86,26.74,20.22,210.0,0.215,44.0,20.95,20.0,9.52,0.6479999999999999,0.1399999999999999,18.77,8.0,17.9,25.89,22.65,18.38
746707,2024-06-06,2024,668715,R,665871,R,strikeout,True,False,172.0,0.247,33.0,19.19,20.0,11.63,0.73,0.14,21.59,9.42,18.14,27.56,24.93,13.47,487.0,0.256,106.0,21.77,51.0,10.47,0.7789999999999999,0.175,25.48,10.86,19.02,29.88,22.75,18.53,123.0,0.2,25.0,20.33,14.0,11.38,0.609,0.11399999999999999,19.6,7.8,20.6,28.4,21.09,16.23,240.0,0.245,50.0,20.83,21.0,8.75,0.734,0.172,22.87,9.83,17.49,27.31,23.7,24.39
746707,2024-06-06,2024,641355,L,668881,R,double,False,False,148.0,0.219,27.0,18.24,17.0,11.49,0.763,0.226,26.57,13.14,12.59,25.73,30.86,19.01,373.0,0.291,58.0,15.55,27.0,7.24,0.829,0.198,20.08,10.01,15.91,25.92,29.71,13.74,159.0,0.188,46.0,28.93,16.0,10.06,0.613,0.128,28.82,14.45,13.27,27.73,28.61,21.0,244.0,0.215,83.0,34.02,28.0,11.48,0.736,0.2009999999999999,33.14,15.55,14.17,29.71,25.77,23.31
746707,2024-06-06,2024,666624,R,668881,R,home_run,False,False,192.0,0.2,44.0,22.92,22.0,11.46,0.6619999999999999,0.16399999999999998,30.64,14.17,13.64,27.81,25.56,20.66,329.0,0.247,105.0,31.91,27.0,8.21,0.798,0.239,38.21,19.07,13.74,32.81,29.43,27.56,134.0,0.235,30.0,22.39,14.0,10.45,0.6970000000000001,0.139,30.58,15.8,12.64,28.44,27.51,18.52,254.0,0.288,69.0,27.17,20.0,7.87,0.886,0.245,28.29,14.51,14.91,29.42,33.6,19.33
746707,2024-06-06,2024,664023,L,668881,R,field_out,False,False,188.0,0.222,54.0,28.72,25.0,13.3,0.7290000000000001,0.17,28.42,12.94,15.63,28.57,22.28,18.95,502.0,0.258,109.0,21.71,80.0,15.94,0.831,0.192,25.86,11.22,15.24,26.46,20.31,17.34,159.0,0.188,46.0,28.93,16.0,10.06,0.613,0.128,28.82,14.45,13.27,27.73,28.61,21.0,244.0,0.215,83.0,34.02,28.0,11.48,0.736,0.2009999999999999,33.14,15.55,14.17,29.71,25.77,23.31
746707,2024-06-06,2024,663538,R,668881,R,field_out,False,False,189.0,0.247,18.0,9.52,18.0,9.52,0.688,0.10799999999999998,13.87,6.3,21.52,27.82,31.4,9.94,508.0,0.274,63.0,12.4,40.0,7.87,0.72,0.0979999999999999,13.4,6.0,20.67,26.67,29.91,12.21,134.0,0.235,30.0,22.39,14.0,10.45,0.6970000000000001,0.139,30.58,15.8,12.64,28.44,27.51,18.52,254.0,0.288,69.0,27.17,20.0,7.87,0.886,0.245,28.29,14.51,14.91,29.42,33.6,19.33
746707,2024-06-06,2024,621020,R,668881,R,field_out,False,False,159.0,0.214,46.0,28.93,12.0,7.55,0.622,0.13099999999999998,33.33,15.99,15.68,31.68,23.92,23.83,478.0,0.244,111.0,23.22,49.0,10.25,0.734,0.161,28.04,13.13,15.12,28.26,23.34,18.66,134.0,0.235,30.0,22.39,14.0,10.45,0.6970000000000001,0.139,30.58,15.8,12.64,28.44,27.51,18.52,254.0,0.288,69.0,27.17,20.0,7.87,0.886,0.245,28.29,14.51,14.91,29.42,33.6,19.33
746707,2024-06-06,2024,641584,L,665871,R,single,False,False,124.0,0.282,27.0,21.77,11.0,8.87,0.702,0.07300000000000001,20.6,11.7,9.36,21.06,27.49,17.09,339.0,0.268,66.0,19.47,34.0,10.03,0.815,0.199,24.78,12.84,11.52,24.36,30.55,18.38,141.0,0.22,36.0,25.53,12.0,8.51,0.625,0.11900000000000002,17.05,7.76,18.1,25.86,26.74,20.22,210.0,0.215,44.0,20.95,20.0,9.52,0.6479999999999999,0.1399999999999999,18.77,8.0,17.9,25.89,22.65,18.38
746707,2024-06-06,2024,663886,R,665871,R,hit_by_pitch,False,False,118.0,0.252,27.0,22.88,8.0,6.78,0.7070000000000001,0.14100000000000001,22.11,10.0,18.81,28.81,26.5,22.41,378.0,0.228,105.0,27.78,34.0,8.99,0.657,0.1239999999999999,29.78,12.81,19.96,32.77,26.19,24.59,123.0,0.2,25.0,20.33,14.0,11.38,0.609,0.11399999999999999,19.6,7.8,20.6,28.4,21.09,16.23,240.0,0.245,50.0,20.83,21.0,8.75,0.734,0.172,22.87,9.83,17.49,27.31,23.7,24.39
746707,2024-06-06,2024,674441,L,665871,R,sac_bunt,False,False,42.0,0.265,8.0,19.05,4.0,9.52,0.719,0.08799999999999997,14.29,5.65,22.6,28.25,16.46,13.79,,,,,,,,,,,,,,,141.0,0.22,36.0,25.53,12.0,8.51,0.625,0.11900000000000002,17.05,7.76,18.1,25.86,26.74,20.22,210.0,0.215,44.0,20.95,20.0,9.52,0.6479999999999999,0.1399999999999999,18.77,8.0,17.9,25.89,22.65,18.38
746707,2024-06-06,2024,663697,R,665871,R,single,False,False,153.0,0.217,36.0,23.53,21.0,13.73,0.645,0.101,18.91,6.75,21.44,28.19,15.85,18.95,397.0,0.257,73.0,18.39,37.0,9.32,0.7809999999999999,0.175,21.3,8.18,21.42,29.59,19.53,15.19,123.0,0.2,25.0,20.33,14.0,11.38,0.609,0.11399999999999999,19.6,7.8,20.6,28.4,21.09,16.23,240.0,0.245,50.0,20.83,21.0,8.75,0.734,0.172,22.87,9.83,17.49,27.31,23.7,24.39
746707,2024-06-06,2024,666181,L,665871,R,strikeout,True,False,158.0,0.241,65.0,41.14,17.0,10.76,0.812,0.248,38.92,18.61,14.67,33.28,21.52,30.09,285.0,0.297,89.0,31.23,37.0,12.98,0.938,0.252,31.03,13.11,16.03,29.13,18.51,23.66,141.0,0.22,36.0,25.53,12.0,8.51,0.625,0.11900000000000002,17.05,7.76,18.1,25.86,26.74,20.22,210.0,0.215,44.0,20.95,20.0,9.52,0.6479999999999999,0.1399999999999999,18.77,8.0,17.9,25.89,22.65,18.38
746707,2024-06-06,2024,670770,L,681432,L,double,False,False,17.0,0.364,2.0,11.76,2.0,11.76,0.952,0.0,30.43,12.07,18.97,31.03,24.24,13.33,110.0,0.354,20.0,18.18,9.0,8.18,0.963,0.188,19.23,7.48,23.69,31.17,22.46,18.87,36.0,0.097,12.0,33.33,5.0,13.89,0.351,0.032,32.76,12.58,22.52,35.1,25.93,30.0,11.0,0.111,4.0,36.36,1.0,9.09,0.404,0.111,46.15,22.22,18.52,40.74,35.71,23.53
746707,2024-06-06,2024,682829,R,681432,L,field_out,False,False,95.0,0.231,26.0,27.37,11.0,11.58,0.701,0.11499999999999996,33.71,14.82,14.57,29.4,27.6,23.64,122.0,0.184,49.0,40.16,5.0,4.1,0.494,0.079,37.56,17.7,19.4,37.1,38.0,33.33,36.0,0.208,5.0,13.89,8.0,22.22,0.861,0.209,22.0,7.64,20.14,27.78,13.24,13.51,19.0,0.267,8.0,42.11,3.0,15.79,0.754,0.066,46.43,15.85,19.51,35.37,15.56,30.77
746707,2024-06-06,2024,691718,L,668881,R,field_out,False,False,65.0,0.228,11.0,16.92,4.0,6.15,0.637,0.12299999999999997,19.72,11.29,11.29,22.58,37.7,12.5,15.0,0.0,6.0,40.0,2.0,13.33,0.154,0.0,44.44,26.67,8.33,35.0,23.08,27.27,159.0,0.188,46.0,28.93,16.0,10.06,0.613,0.128,28.82,14.45,13.27,27.73,28.61,21.0,244.0,0.215,83.0,34.02,28.0,11.48,0.736,0.2009999999999999,33.14,15.55,14.17,29.71,25.77,23.31
746707,2024-06-06,2024,665804,R,668881,R,field_out,False,False,97.0,0.209,23.0,23.71,8.0,8.25,0.5680000000000001,0.07000000000000003,27.84,15.13,14.57,29.69,37.14,20.54,92.0,0.187,24.0,26.09,7.0,7.61,0.679,0.173,24.72,11.67,16.98,28.65,28.18,19.05,134.0,0.235,30.0,22.39,14.0,10.45,0.6970000000000001,0.139,30.58,15.8,12.64,28.44,27.51,18.52,254.0,0.288,69.0,27.17,20.0,7.87,0.886,0.245,28.29,14.51,14.91,29.42,33.6,19.33
746707,2024-06-06,2024,643565,L,668881,R,walk,False,True,173.0,0.269,34.0,19.65,24.0,13.87,0.819,0.172,22.82,11.28,11.53,22.81,23.32,12.06,345.0,0.253,73.0,21.16,50.0,14.49,0.739,0.121,23.95,9.92,17.49,27.41,19.14,15.57,159.0,0.188,46.0,28.93,16.0,10.06,0.613,0.128,28.82,14.45,13.27,27.73,28.61,21.0,244.0,0.215,83.0,34.02,28.0,11.48,0.736,0.2009999999999999,33.14,15.55,14.17,29.71,25.77,23.31
746707,2024-06-06,2024,673548,R,518585,R,strikeout,True,False,114.0,0.267,33.0,28.95,6.0,5.26,0.761,0.16899999999999998,27.98,11.54,21.15,32.69,25.0,21.43,419.0,0.278,102.0,24.34,41.0,9.79,0.839,0.2129999999999999,24.3,9.93,20.44,30.37,19.3,20.2,58.0,0.118,31.0,53.45,5.0,8.62,0.33,0.019000000000000017,50.83,25.96,14.89,40.85,41.67,42.47,151.0,0.196,55.0,36.42,10.0,6.62,0.601,0.1519999999999999,39.37,19.93,13.76,33.69,34.92,31.98
746707,2024-06-06,2024,600869,R,681432,L,walk,False,True,75.0,0.25,16.0,21.33,9.0,12.0,0.751,0.14100000000000001,27.54,13.1,13.79,26.9,27.59,19.28,161.0,0.254,36.0,22.36,15.0,9.32,0.793,0.197,21.45,10.5,14.2,24.7,29.83,16.29,36.0,0.208,5.0,13.89,8.0,22.22,0.861,0.209,22.0,7.64,20.14,27.78,13.24,13.51,19.0,0.267,8.0,42.11,3.0,15.79,0.754,0.066,46.43,15.85,19.51,35.37,15.56,30.77
746707,2024-06-06,2024,668715,R,687863,R,field_out,False,False,172.0,0.247,33.0,19.19,20.0,11.63,0.73,0.14,21.59,9.42,18.14,27.56,24.93,13.47,487.0,0.256,106.0,21.77,51.0,10.47,0.7789999999999999,0.175,25.48,10.86,19.02,29.88,22.75,18.53,9.0,0.125,3.0,33.33,1.0,11.11,0.472,0.125,42.86,17.65,20.59,38.24,18.75,42.86,,,,,,,,,,,,,,
746707,2024-06-06,2024,641584,L,687863,R,field_out,False,False,124.0,0.282,27.0,21.77,11.0,8.87,0.702,0.07300000000000001,20.6,11.7,9.36,21.06,27.49,17.09,339.0,0.268,66.0,19.47,34.0,10.03,0.815,0.199,24.78,12.84,11.52,24.36,30.55,18.38,6.0,0.167,4.0,66.67,0.0,0.0,0.667,0.33299999999999996,46.15,26.09,13.04,39.13,11.11,44.44,,,,,,,,,,,,,,
746707,2024-06-06,2024,663886,R,687863,R,walk,False,True,118.0,0.252,27.0,22.88,8.0,6.78,0.7070000000000001,0.14100000000000001,22.11,10.0,18.81,28.81,26.5,22.41,378.0,0.228,105.0,27.78,34.0,8.99,0.657,0.1239999999999999,29.78,12.81,19.96,32.77,26.19,24.59,9.0,0.125,3.0,33.33,1.0,11.11,0.472,0.125,42.86,17.65,20.59,38.24,18.75,42.86,,,,,,,,,,,,,,
746707,2024-06-06,2024,674441,L,687863,R,walk,False,True,42.0,0.265,8.0,19.05,4.0,9.52,0.719,0.08799999999999997,14.29,5.65,22.6,28.25,16.46,13.79,,,,,,,,,,,,,,,6.0,0.167,4.0,66.67,0.0,0.0,0.667,0.33299999999999996,46.15,26.09,13.04,39.13,11.11,44.44,,,,,,,,,,,,,,
746707,2024-06-06,2024,663697,R,687863,R,walk,False,True,153.0,0.217,36.0,23.53,21.0,13.73,0.645,0.101,18.91,6.75,21.44,28.19,15.85,18.95,397.0,0.257,73.0,18.39,37.0,9.32,0.7809999999999999,0.175,21.3,8.18,21.42,29.59,19.53,15.19,9.0,0.125,3.0,33.33,1.0,11.11,0.472,0.125,42.86,17.65,20.59,38.24,18.75,42.86,,,,,,,,,,,,,,
746707,2024-06-06,2024,666181,L,543294,R,single,False,False,158.0,0.241,65.0,41.14,17.0,10.76,0.812,0.248,38.92,18.61,14.67,33.28,21.52,30.09,285.0,0.297,89.0,31.23,37.0,12.98,0.938,0.252,31.03,13.11,16.03,29.13,18.51,23.66,98.0,0.333,15.0,15.31,7.0,7.14,0.999,0.27799999999999997,22.84,11.08,16.17,27.25,31.55,19.74,300.0,0.225,53.0,17.67,16.0,5.33,0.614,0.1249999999999999,24.57,11.27,18.66,29.93,34.05,16.99
746707,2024-06-06,2024,670770,L,543294,R,other_out,False,False,39.0,0.171,8.0,20.51,3.0,7.69,0.627,0.19999999999999998,19.67,8.22,19.18,27.4,22.86,20.51,446.0,0.26,70.0,15.7,38.0,8.52,0.785,0.189,18.12,7.73,19.52,27.25,25.03,13.48,98.0,0.333,15.0,15.31,7.0,7.14,0.999,0.27799999999999997,22.84,11.08,16.17,27.25,31.55,19.74,300.0,0.225,53.0,17.67,16.0,5.33,0.614,0.1249999999999999,24.57,11.27,18.66,29.93,34.05,16.99
746707,2024-06-06,2024,641355,L,594580,L,field_out,False,False,63.0,0.339,7.0,11.11,0.0,0.0,0.785,0.11299999999999999,20.19,11.17,16.49,27.66,37.5,17.5,183.0,0.337,29.0,15.85,13.0,7.1,0.984,0.2589999999999999,20.0,9.84,17.49,27.32,33.33,11.98,15.0,0.231,5.0,33.33,1.0,6.67,0.498,0.0,37.93,17.19,17.19,34.38,32.35,25.0,121.0,0.161,42.0,34.71,7.0,5.79,0.4579999999999999,0.0799999999999999,27.98,12.53,20.53,33.06,27.27,27.27
746707,2024-06-06,2024,666624,R,594580,L,field_out,False,False,61.0,0.213,11.0,18.03,9.0,14.75,0.829,0.255,27.08,11.93,15.14,27.06,25.45,16.92,101.0,0.25,28.0,27.72,9.0,8.91,0.893,0.3259999999999999,32.8,15.98,13.4,29.38,27.23,25.23,26.0,0.261,3.0,11.54,2.0,7.69,0.6499999999999999,0.04299999999999998,19.15,8.33,18.52,26.85,12.2,8.33,147.0,0.25,26.0,17.69,23.0,15.65,0.7310000000000001,0.086,17.57,7.36,17.69,25.04,26.1,16.25
746707,2024-06-06,2024,664023,R,594580,L,strikeout,True,False,54.0,0.265,10.0,18.52,3.0,5.56,0.7090000000000001,0.123,25.23,13.64,14.14,27.78,24.39,14.93,191.0,0.225,44.0,23.04,19.0,9.95,0.694,0.16,24.04,11.18,15.63,26.81,29.29,17.32,26.0,0.261,3.0,11.54,2.0,7.69,0.6499999999999999,0.04299999999999998,19.15,8.33,18.52,26.85,12.2,8.33,147.0,0.25,26.0,17.69,23.0,15.65,0.7310000000000001,0.086,17.57,7.36,17.69,25.04,26.1,16.25
746707,2024-06-06,2024,670770,L,543294,R,field_out,False,False,39.0,0.171,8.0,20.51,3.0,7.69,0.627,0.19999999999999998,19.67,8.22,19.18,27.4,22.86,20.51,446.0,0.26,70.0,15.7,38.0,8.52,0.785,0.189,18.12,7.73,19.52,27.25,25.03,13.48,98.0,0.333,15.0,15.31,7.0,7.14,0.999,0.27799999999999997,22.84,11.08,16.17,27.25,31.55,19.74,300.0,0.225,53.0,17.67,16.0,5.33,0.614,0.1249999999999999,24.57,11.27,18.66,29.93,34.05,16.99
746707,2024-06-06,2024,682829,L,543294,R,field_out,False,False,167.0,0.247,58.0,34.73,17.0,10.18,0.796,0.22599999999999998,33.33,13.64,21.09,34.73,25.07,32.57,307.0,0.255,95.0,30.94,30.0,9.77,0.7989999999999999,0.2159999999999999,26.69,11.86,17.47,29.33,31.27,25.07,98.0,0.333,15.0,15.31,7.0,7.14,0.999,0.27799999999999997,22.84,11.08,16.17,27.25,31.55,19.74,300.0,0.225,53.0,17.67,16.0,5.33,0.614,0.1249999999999999,24.57,11.27,18.66,29.93,34.05,16.99
746707,2024-06-06,2024,694362,R,543294,R,field_out,False,False,,,,,,,,,,,,,,,,,,,,,,,,,,,,,90.0,0.362,15.0,16.67,8.0,8.89,0.9730000000000001,0.20000000000000007,13.66,6.38,19.71,26.09,29.52,12.71,279.0,0.286,40.0,14.34,11.0,3.94,0.763,0.153,17.28,8.2,19.57,27.77,33.87,15.04
746707,2024-06-06,2024,663538,R,664747,R,walk,False,True,189.0,0.247,18.0,9.52,18.0,9.52,0.688,0.10799999999999998,13.87,6.3,21.52,27.82,31.4,9.94,508.0,0.274,63.0,12.4,40.0,7.87,0.72,0.0979999999999999,13.4,6.0,20.67,26.67,29.91,12.21,57.0,0.208,14.0,24.56,3.0,5.26,0.527,0.05600000000000002,27.27,13.1,18.78,31.88,28.95,19.18,142.0,0.197,38.0,26.76,20.0,14.08,0.634,0.1109999999999999,35.51,17.28,12.35,29.63,29.13,24.05
746707,2024-06-06,2024,621020,R,664747,R,strikeout,True,False,159.0,0.214,46.0,28.93,12.0,7.55,0.622,0.13099999999999998,33.33,15.99,15.68,31.68,23.92,23.83,478.0,0.244,111.0,23.22,49.0,10.25,0.734,0.161,28.04,13.13,15.12,28.26,23.34,18.66,57.0,0.208,14.0,24.56,3.0,5.26,0.527,0.05600000000000002,27.27,13.1,18.78,31.88,28.95,19.18,142.0,0.197,38.0,26.76,20.0,14.08,0.634,0.1109999999999999,35.51,17.28,12.35,29.63,29.13,24.05
746707,2024-06-06,2024,691718,L,664747,R,strikeout,True,False,65.0,0.228,11.0,16.92,4.0,6.15,0.637,0.12299999999999997,19.72,11.29,11.29,22.58,37.7,12.5,15.0,0.0,6.0,40.0,2.0,13.33,0.154,0.0,44.44,26.67,8.33,35.0,23.08,27.27,43.0,0.25,9.0,20.93,13.0,30.23,0.9410000000000001,0.179,21.13,7.89,16.84,24.74,21.0,13.43,144.0,0.176,48.0,33.33,16.0,11.11,0.56,0.076,34.07,15.36,13.02,28.38,26.49,29.27
746707,2024-06-06,2024,683737,L,664747,R,strikeout,True,False,179.0,0.238,63.0,35.2,23.0,12.85,0.791,0.21200000000000002,33.53,14.97,15.1,30.06,25.18,24.51,66.0,0.158,21.0,31.82,8.0,12.12,0.556,0.1399999999999999,29.79,14.48,13.45,27.93,28.39,21.0,43.0,0.25,9.0,20.93,13.0,30.23,0.9410000000000001,0.179,21.13,7.89,16.84,24.74,21.0,13.43,144.0,0.176,48.0,33.33,16.0,11.11,0.56,0.076,34.07,15.36,13.02,28.38,26.49,29.27
745174,2024-06-06,2024,453568,L,543243,R,field_out,False,False,160.0,0.233,22.0,13.75,11.0,6.88,0.6659999999999999,0.13699999999999998,18.86,9.49,16.61,26.1,37.16,13.25,309.0,0.272,48.0,15.53,26.0,8.41,0.7909999999999999,0.1689999999999999,21.84,10.67,16.05,26.72,30.66,16.11,113.0,0.243,35.0,30.97,9.0,7.96,0.669,0.11599999999999999,27.32,12.18,20.0,32.18,25.36,28.23,359.0,0.233,81.0,22.56,28.0,7.8,0.638,0.104,23.05,10.71,17.5,28.21,27.41,21.33
745174,2024-06-06,2024,678662,R,543243,R,field_out,False,False,194.0,0.301,56.0,28.87,5.0,2.58,0.8069999999999999,0.18,34.65,21.88,10.11,31.99,46.93,22.86,438.0,0.256,109.0,24.89,17.0,3.88,0.69,0.143,29.47,17.51,10.44,27.95,41.11,20.49,117.0,0.185,42.0,35.9,6.0,5.13,0.559,0.14800000000000002,32.32,15.8,20.49,36.3,32.0,36.21,396.0,0.22,102.0,25.76,27.0,6.82,0.5800000000000001,0.0829999999999999,28.79,13.92,15.72,29.65,29.23,22.8
745174,2024-06-06,2024,641857,L,543243,R,field_out,False,False,179.0,0.255,46.0,25.7,21.0,11.73,0.759,0.16299999999999998,25.42,11.77,16.04,27.81,27.12,17.69,449.0,0.26,141.0,31.4,52.0,11.58,0.826,0.2209999999999999,31.26,14.84,14.94,29.79,25.26,20.41,113.0,0.243,35.0,30.97,9.0,7.96,0.669,0.11599999999999999,27.32,12.18,20.0,32.18,25.36,28.23,359.0,0.233,81.0,22.56,28.0,7.8,0.638,0.104,23.05,10.71,17.5,28.21,27.41,21.33
745174,2024-06-06,2024,691026,R,615698,R,field_out,False,False,128.0,0.333,19.0,14.84,11.0,8.59,0.7949999999999999,0.08099999999999996,16.87,7.81,18.67,26.48,28.29,12.03,100.0,0.161,19.0,19.0,9.0,9.0,0.478,0.0799999999999999,21.56,9.11,22.03,31.14,24.87,14.88,154.0,0.271,25.0,16.23,10.0,6.49,0.7130000000000001,0.11499999999999999,19.71,9.62,17.13,26.75,26.04,15.15,233.0,0.284,18.0,7.73,4.0,1.72,0.721,0.124,14.21,7.03,15.91,22.93,28.68,8.11
745174,2024-06-06,2024,676475,L,615698,R,strikeout,True,False,137.0,0.305,20.0,14.6,6.0,4.38,0.8320000000000001,0.191,19.0,10.88,11.7,22.59,34.17,14.71,318.0,0.243,39.0,12.26,21.0,6.6,0.698,0.156,17.66,9.16,14.01,23.17,33.05,13.13,129.0,0.223,25.0,19.38,15.0,11.63,0.7050000000000001,0.17,23.48,10.18,14.74,24.91,22.98,15.06,211.0,0.272,40.0,18.96,31.0,14.69,0.851,0.1999999999999999,23.57,10.52,13.62,24.14,24.9,14.34
745174,2024-06-06,2024,502671,R,615698,R,field_out,False,False,192.0,0.214,66.0,34.38,17.0,8.85,0.641,0.13899999999999998,30.43,14.41,18.89,33.29,30.89,21.19,518.0,0.259,120.0,23.17,67.0,12.93,0.8049999999999999,0.187,27.85,12.3,17.85,30.16,25.85,17.44,154.0,0.271,25.0,16.23,10.0,6.49,0.7130000000000001,0.11499999999999999,19.71,9.62,17.13,26.75,26.04,15.15,233.0,0.284,18.0,7.73,4.0,1.72,0.721,0.124,14.21,7.03,15.91,22.93,28.68,8.11
745174,2024-06-06,2024,553869,R,543243,R,strikeout,True,False,143.0,0.315,26.0,18.18,9.0,6.29,0.84,0.15399999999999997,28.99,15.84,11.88,27.72,33.86,17.93,383.0,0.298,92.0,24.02,23.0,6.01,0.777,0.14,29.34,15.86,11.31,27.17,35.61,20.22,117.0,0.185,42.0,35.9,6.0,5.13,0.559,0.14800000000000002,32.32,15.8,20.49,36.3,32.0,36.21,396.0,0.22,102.0,25.76,27.0,6.82,0.5800000000000001,0.0829999999999999,28.79,13.92,15.72,29.65,29.23,22.8
745174,2024-06-06,2024,663898,R,543243,R,field_out,False,False,174.0,0.256,44.0,25.29,9.0,5.17,0.641,0.09199999999999997,25.29,12.48,15.97,28.45,25.85,19.05,138.0,0.269,33.0,23.91,5.0,3.62,0.709,0.1389999999999999,27.31,13.83,17.45,31.28,33.92,25.0,117.0,0.185,42.0,35.9,6.0,5.13,0.559,0.14800000000000002,32.32,15.8,20.49,36.3,32.0,36.21,396.0,0.22,102.0,25.76,27.0,6.82,0.5800000000000001,0.0829999999999999,28.79,13.92,15.72,29.65,29.23,22.8
745174,2024-06-06,2024,686668,R,543243,R,field_out,False,False,182.0,0.264,53.0,29.12,18.0,9.89,0.769,0.16399999999999998,32.09,15.82,15.67,31.49,27.63,27.89,299.0,0.207,98.0,32.78,17.0,5.69,0.597,0.131,34.17,17.56,14.33,31.89,31.96,31.51,117.0,0.185,42.0,35.9,6.0,5.13,0.559,0.14800000000000002,32.32,15.8,20.49,36.3,32.0,36.21,396.0,0.22,102.0,25.76,27.0,6.82,0.5800000000000001,0.0829999999999999,28.79,13.92,15.72,29.65,29.23,22.8
745174,2024-06-06,2024,669357,L,615698,R,field_out,False,False,149.0,0.235,53.0,35.57,16.0,10.74,0.8260000000000001,0.273,40.4,19.97,14.4,34.37,31.09,26.37,378.0,0.231,124.0,32.8,42.0,11.11,0.7969999999999999,0.2459999999999999,35.96,17.73,12.12,29.85,28.13,25.15,129.0,0.223,25.0,19.38,15.0,11.63,0.7050000000000001,0.17,23.48,10.18,14.74,24.91,22.98,15.06,211.0,0.272,40.0,18.96,31.0,14.69,0.851,0.1999999999999999,23.57,10.52,13.62,24.14,24.9,14.34
745174,2024-06-06,2024,571448,R,615698,R,walk,False,True,196.0,0.269,36.0,18.37,16.0,8.16,0.726,0.125,21.74,9.64,19.79,29.43,30.0,16.22,468.0,0.28,81.0,17.31,31.0,6.62,0.8089999999999999,0.2009999999999999,20.4,9.71,17.28,26.99,33.33,16.43,154.0,0.271,25.0,16.23,10.0,6.49,0.7130000000000001,0.11499999999999999,19.71,9.62,17.13,26.75,26.04,15.15,233.0,0.284,18.0,7.73,4.0,1.72,0.721,0.124,14.21,7.03,15.91,22.93,28.68,8.11
745174,2024-06-06,2024,680977,L,615698,R,field_out,False,False,174.0,0.217,30.0,17.24,16.0,9.2,0.659,0.13199999999999998,17.58,7.06,20.15,27.21,22.83,15.46,309.0,0.294,43.0,13.92,27.0,8.74,0.831,0.166,14.96,6.32,19.2,25.52,22.53,13.27,129.0,0.223,25.0,19.38,15.0,11.63,0.7050000000000001,0.17,23.48,10.18,14.74,24.91,22.98,15.06,211.0,0.272,40.0,18.96,31.0,14.69,0.851,0.1999999999999999,23.57,10.52,13.62,24.14,24.9,14.34
745174,2024-06-06,2024,671056,R,615698,R,field_out,False,False,111.0,0.28,26.0,23.42,9.0,8.11,0.722,0.09999999999999998,24.61,10.51,19.91,30.43,29.15,18.98,36.0,0.3,10.0,27.78,4.0,11.11,0.784,0.067,28.57,12.05,14.46,26.51,27.08,17.31,154.0,0.271,25.0,16.23,10.0,6.49,0.7130000000000001,0.11499999999999999,19.71,9.62,17.13,26.75,26.04,15.15,233.0,0.284,18.0,7.73,4.0,1.72,0.721,0.124,14.21,7.03,15.91,22.93,28.68,8.11
745174,2024-06-06,2024,660707,R,543243,R,field_out,False,False,144.0,0.223,31.0,21.53,12.0,8.33,0.633,0.12299999999999997,29.18,15.71,13.41,29.12,37.05,21.09,196.0,0.249,69.0,35.2,12.0,6.12,0.729,0.1689999999999999,41.45,21.48,15.97,37.45,41.94,28.28,117.0,0.185,42.0,35.9,6.0,5.13,0.559,0.14800000000000002,32.32,15.8,20.49,36.3,32.0,36.21,396.0,0.22,102.0,25.76,27.0,6.82,0.5800000000000001,0.0829999999999999,28.79,13.92,15.72,29.65,29.23,22.8
745174,2024-06-06,2024,595909,L,543243,R,walk,False,True,86.0,0.266,23.0,26.74,6.0,6.98,0.656,0.07600000000000001,20.99,10.73,15.25,25.99,32.39,19.83,171.0,0.226,44.0,25.73,12.0,7.02,0.663,0.155,26.67,12.9,15.25,28.15,29.13,19.91,113.0,0.243,35.0,30.97,9.0,7.96,0.669,0.11599999999999999,27.32,12.18,20.0,32.18,25.36,28.23,359.0,0.233,81.0,22.56,28.0,7.8,0.638,0.104,23.05,10.71,17.5,28.21,27.41,21.33
745174,2024-06-06,2024,669911,L,543243,R,single,False,False,35.0,0.088,15.0,42.86,0.0,0.0,0.379,0.17700000000000002,31.71,15.76,16.36,32.12,34.41,23.44,104.0,0.189,29.0,27.88,8.0,7.69,0.628,0.179,34.34,17.26,14.21,31.47,29.0,25.0,113.0,0.243,35.0,30.97,9.0,7.96,0.669,0.11599999999999999,27.32,12.18,20.0,32.18,25.36,28.23,359.0,0.233,81.0,22.56,28.0,7.8,0.638,0.104,23.05,10.71,17.5,28.21,27.41,21.33
745174,2024-06-06,2024,453568,L,543243,R,force_out,False,False,160.0,0.233,22.0,13.75,11.0,6.88,0.6659999999999999,0.13699999999999998,18.86,9.49,16.61,26.1,37.16,13.25,309.0,0.272,48.0,15.53,26.0,8.41,0.7909999999999999,0.1689999999999999,21.84,10.67,16.05,26.72,30.66,16.11,113.0,0.243,35.0,30.97,9.0,7.96,0.669,0.11599999999999999,27.32,12.18,20.0,32.18,25.36,28.23,359.0,0.233,81.0,22.56,28.0,7.8,0.638,0.104,23.05,10.71,17.5,28.21,27.41,21.33
745174,2024-06-06,2024,678662,R,543243,R,strikeout,True,False,194.0,0.301,56.0,28.87,5.0,2.58,0.8069999999999999,0.18,34.65,21.88,10.11,31.99,46.93,22.86,438.0,0.256,109.0,24.89,17.0,3.88,0.69,0.143,29.47,17.51,10.44,27.95,41.11,20.49,117.0,0.185,42.0,35.9,6.0,5.13,0.559,0.14800000000000002,32.32,15.8,20.49,36.3,32.0,36.21,396.0,0.22,102.0,25.76,27.0,6.82,0.5800000000000001,0.0829999999999999,28.79,13.92,15.72,29.65,29.23,22.8
745174,2024-06-06,2024,572761,L,615698,R,walk,False,True,49.0,0.182,14.0,28.57,4.0,8.16,0.523,0.09100000000000003,30.23,13.13,18.18,31.31,22.11,28.0,220.0,0.167,64.0,29.09,38.0,17.27,0.616,0.1319999999999999,29.37,12.01,18.83,30.84,21.25,22.78,129.0,0.223,25.0,19.38,15.0,11.63,0.7050000000000001,0.17,23.48,10.18,14.74,24.91,22.98,15.06,211.0,0.272,40.0,18.96,31.0,14.69,0.851,0.1999999999999999,23.57,10.52,13.62,24.14,24.9,14.34
745174,2024-06-06,2024,672279,L,615698,R,field_out,False,False,83.0,0.274,22.0,26.51,5.0,6.02,0.6859999999999999,0.09599999999999997,29.33,13.92,18.99,32.91,27.59,22.68,3.0,0.0,1.0,33.33,0.0,0.0,0.0,0.0,40.0,14.29,21.43,35.71,0.0,50.0,129.0,0.223,25.0,19.38,15.0,11.63,0.7050000000000001,0.17,23.48,10.18,14.74,24.91,22.98,15.06,211.0,0.272,40.0,18.96,31.0,14.69,0.851,0.1999999999999999,23.57,10.52,13.62,24.14,24.9,14.34
745174,2024-06-06,2024,691026,R,615698,R,single,False,False,128.0,0.333,19.0,14.84,11.0,8.59,0.7949999999999999,0.08099999999999996,16.87,7.81,18.67,26.48,28.29,12.03,100.0,0.161,19.0,19.0,9.0,9.0,0.478,0.0799999999999999,21.56,9.11,22.03,31.14,24.87,14.88,154.0,0.271,25.0,16.23,10.0,6.49,0.7130000000000001,0.11499999999999999,19.71,9.62,17.13,26.75,26.04,15.15,233.0,0.284,18.0,7.73,4.0,1.72,0.721,0.124,14.21,7.03,15.91,22.93,28.68,8.11
745174,2024-06-06,2024,676475,L,615698,R,field_out,False,False,137.0,0.305,20.0,14.6,6.0,4.38,0.8320000000000001,0.191,19.0,10.88,11.7,22.59,34.17,14.71,318.0,0.243,39.0,12.26,21.0,6.6,0.698,0.156,17.66,9.16,14.01,23.17,33.05,13.13,129.0,0.223,25.0,19.38,15.0,11.63,0.7050000000000001,0.17,23.48,10.18,14.74,24.91,22.98,15.06,211.0,0.272,40.0,18.96,31.0,14.69,0.851,0.1999999999999999,23.57,10.52,13.62,24.14,24.9,14.34
745174,2024-06-06,2024,641857,L,543243,R,strikeout,True,False,179.0,0.255,46.0,25.7,21.0,11.73,0.759,0.16299999999999998,25.42,11.77,16.04,27.81,27.12,17.69,449.0,0.26,141.0,31.4,52.0,11.58,0.826,0.2209999999999999,31.26,14.84,14.94,29.79,25.26,20.41,113.0,0.243,35.0,30.97,9.0,7.96,0.669,0.11599999999999999,27.32,12.18,20.0,32.18,25.36,28.23,359.0,0.233,81.0,22.56,28.0,7.8,0.638,0.104,23.05,10.71,17.5,28.21,27.41,21.33
745174,2024-06-06,2024,553869,R,543243,R,strikeout,True,False,143.0,0.315,26.0,18.18,9.0,6.29,0.84,0.15399999999999997,28.99,15.84,11.88,27.72,33.86,17.93,383.0,0.298,92.0,24.02,23.0,6.01,0.777,0.14,29.34,15.86,11.31,27.17,35.61,20.22,117.0,0.185,42.0,35.9,6.0,5.13,0.559,0.14800000000000002,32.32,15.8,20.49,36.3,32.0,36.21,396.0,0.22,102.0,25.76,27.0,6.82,0.5800000000000001,0.0829999999999999,28.79,13.92,15.72,29.65,29.23,22.8
745174,2024-06-06,2024,663898,R,543243,R,strikeout,True,False,174.0,0.256,44.0,25.29,9.0,5.17,0.641,0.09199999999999997,25.29,12.48,15.97,28.45,25.85,19.05,138.0,0.269,33.0,23.91,5.0,3.62,0.709,0.1389999999999999,27.31,13.83,17.45,31.28,33.92,25.0,117.0,0.185,42.0,35.9,6.0,5.13,0.559,0.14800000000000002,32.32,15.8,20.49,36.3,32.0,36.21,396.0,0.22,102.0,25.76,27.0,6.82,0.5800000000000001,0.0829999999999999,28.79,13.92,15.72,29.65,29.23,22.8
745174,2024-06-06,2024,502671,R,615698,R,field_out,False,False,192.0,0.214,66.0,34.38,17.0,8.85,0.641,0.13899999999999998,30.43,14.41,18.89,33.29,30.89,21.19,518.0,0.259,120.0,23.17,67.0,12.93,0.8049999999999999,0.187,27.85,12.3,17.85,30.16,25.85,17.44,154.0,0.271,25.0,16.23,10.0,6.49,0.7130000000000001,0.11499999999999999,19.71,9.62,17.13,26.75,26.04,15.15,233.0,0.284,18.0,7.73,4.0,1.72,0.721,0.124,14.21,7.03,15.91,22.93,28.68,8.11
745174,2024-06-06,2024,669357,L,615698,R,walk,False,True,149.0,0.235,53.0,35.57,16.0,10.74,0.8260000000000001,0.273,40.4,19.97,14.4,34.37,31.09,26.37,378.0,0.231,124.0,32.8,42.0,11.11,0.7969999999999999,0.2459999999999999,35.96,17.73,12.12,29.85,28.13,25.15,129.0,0.223,25.0,19.38,15.0,11.63,0.7050000000000001,0.17,23.48,10.18,14.74,24.91,22.98,15.06,211.0,0.272,40.0,18.96,31.0,14.69,0.851,0.1999999999999999,23.57,10.52,13.62,24.14,24.9,14.34
745174,2024-06-06,2024,571448,R,615698,R,walk,False,True,196.0,0.269,36.0,18.37,16.0,8.16,0.726,0.125,21.74,9.64,19.79,29.43,30.0,16.22,468.0,0.28,81.0,17.31,31.0,6.62,0.8089999999999999,0.2009999999999999,20.4,9.71,17.28,26.99,33.33,16.43,154.0,0.271,25.0,16.23,10.0,6.49,0.7130000000000001,0.11499999999999999,19.71,9.62,17.13,26.75,26.04,15.15,233.0,0.284,18.0,7.73,4.0,1.72,0.721,0.124,14.21,7.03,15.91,22.93,28.68,8.11
745174,2024-06-06,2024,680977,L,615698,R,field_out,False,False,174.0,0.217,30.0,17.24,16.0,9.2,0.659,0.13199999999999998,17.58,7.06,20.15,27.21,22.83,15.46,309.0,0.294,43.0,13.92,27.0,8.74,0.831,0.166,14.96,6.32,19.2,25.52,22.53,13.27,129.0,0.223,25.0,19.38,15.0,11.63,0.7050000000000001,0.17,23.48,10.18,14.74,24.91,22.98,15.06,211.0,0.272,40.0,18.96,31.0,14.69,0.851,0.1999999999999999,23.57,10.52,13.62,24.14,24.9,14.34
745174,2024-06-06,2024,671056,R,615698,R,force_out,False,False,111.0,0.28,26.0,23.42,9.0,8.11,0.722,0.09999999999999998,24.61,10.51,19.91,30.43,29.15,18.98,36.0,0.3,10.0,27.78,4.0,11.11,0.784,0.067,28.57,12.05,14.46,26.51,27.08,17.31,154.0,0.271,25.0,16.23,10.0,6.49,0.7130000000000001,0.11499999999999999,19.71,9.62,17.13,26.75,26.04,15.15,233.0,0.284,18.0,7.73,4.0,1.72,0.721,0.124,14.21,7.03,15.91,22.93,28.68,8.11
745174,2024-06-06,2024,686668,R,543243,R,single,False,False,182.0,0.264,53.0,29.12,18.0,9.89,0.769,0.16399999999999998,32.09,15.82,15.67,31.49,27.63,27.89,299.0,0.207,98.0,32.78,17.0,5.69,0.597,0.131,34.17,17.56,14.33,31.89,31.96,31.51,117.0,0.185,42.0,35.9,6.0,5.13,0.559,0.14800000000000002,32.32,15.8,20.49,36.3,32.0,36.21,396.0,0.22,102.0,25.76,27.0,6.82,0.5800000000000001,0.0829999999999999,28.79,13.92,15.72,29.65,29.23,22.8
745174,2024-06-06,2024,660707,R,543243,R,field_out,False,False,144.0,0.223,31.0,21.53,12.0,8.33,0.633,0.12299999999999997,29.18,15.71,13.41,29.12,37.05,21.09,196.0,0.249,69.0,35.2,12.0,6.12,0.729,0.1689999999999999,41.45,21.48,15.97,37.45,41.94,28.28,117.0,0.185,42.0,35.9,6.0,5.13,0.559,0.14800000000000002,32.32,15.8,20.49,36.3,32.0,36.21,396.0,0.22,102.0,25.76,27.0,6.82,0.5800000000000001,0.0829999999999999,28.79,13.92,15.72,29.65,29.23,22.8
745174,2024-06-06,2024,595909,L,543243,R,walk,False,True,86.0,0.266,23.0,26.74,6.0,6.98,0.656,0.07600000000000001,20.99,10.73,15.25,25.99,32.39,19.83,171.0,0.226,44.0,25.73,12.0,7.02,0.663,0.155,26.67,12.9,15.25,28.15,29.13,19.91,113.0,0.243,35.0,30.97,9.0,7.96,0.669,0.11599999999999999,27.32,12.18,20.0,32.18,25.36,28.23,359.0,0.233,81.0,22.56,28.0,7.8,0.638,0.104,23.05,10.71,17.5,28.21,27.41,21.33
745174,2024-06-06,2024,669911,L,543243,R,field_out,False,False,35.0,0.088,15.0,42.86,0.0,0.0,0.379,0.17700000000000002,31.71,15.76,16.36,32.12,34.41,23.44,104.0,0.189,29.0,27.88,8.0,7.69,0.628,0.179,34.34,17.26,14.21,31.47,29.0,25.0,113.0,0.243,35.0,30.97,9.0,7.96,0.669,0.11599999999999999,27.32,12.18,20.0,32.18,25.36,28.23,359.0,0.233,81.0,22.56,28.0,7.8,0.638,0.104,23.05,10.71,17.5,28.21,27.41,21.33
745174,2024-06-06,2024,453568,L,543243,R,walk,False,True,160.0,0.233,22.0,13.75,11.0,6.88,0.6659999999999999,0.13699999999999998,18.86,9.49,16.61,26.1,37.16,13.25,309.0,0.272,48.0,15.53,26.0,8.41,0.7909999999999999,0.1689999999999999,21.84,10.67,16.05,26.72,30.66,16.11,113.0,0.243,35.0,30.97,9.0,7.96,0.669,0.11599999999999999,27.32,12.18,20.0,32.18,25.36,28.23,359.0,0.233,81.0,22.56,28.0,7.8,0.638,0.104,23.05,10.71,17.5,28.21,27.41,21.33
745174,2024-06-06,2024,678662,R,543243,R,walk,False,True,194.0,0.301,56.0,28.87,5.0,2.58,0.8069999999999999,0.18,34.65,21.88,10.11,31.99,46.93,22.86,438.0,0.256,109.0,24.89,17.0,3.88,0.69,0.143,29.47,17.51,10.44,27.95,41.11,20.49,117.0,0.185,42.0,35.9,6.0,5.13,0.559,0.14800000000000002,32.32,15.8,20.49,36.3,32.0,36.21,396.0,0.22,102.0,25.76,27.0,6.82,0.5800000000000001,0.0829999999999999,28.79,13.92,15.72,29.65,29.23,22.8
745174,2024-06-06,2024,641857,L,669461,L,field_out,False,False,82.0,0.329,24.0,29.27,10.0,12.2,0.9630000000000001,0.21400000000000002,28.93,13.03,17.0,30.03,26.86,21.62,178.0,0.191,57.0,32.02,16.0,8.99,0.573,0.118,35.23,16.38,16.64,33.03,25.79,24.15,42.0,0.125,11.0,26.19,2.0,4.76,0.317,0.024999999999999994,33.33,15.57,17.96,33.53,23.68,20.75,55.0,0.163,9.0,16.36,1.0,1.82,0.522,0.1229999999999999,16.67,7.21,16.83,24.04,19.19,15.25
745174,2024-06-06,2024,572761,L,615698,R,field_out,False,False,49.0,0.182,14.0,28.57,4.0,8.16,0.523,0.09100000000000003,30.23,13.13,18.18,31.31,22.11,28.0,220.0,0.167,64.0,29.09,38.0,17.27,0.616,0.1319999999999999,29.37,12.01,18.83,30.84,21.25,22.78,129.0,0.223,25.0,19.38,15.0,11.63,0.7050000000000001,0.17,23.48,10.18,14.74,24.91,22.98,15.06,211.0,0.272,40.0,18.96,31.0,14.69,0.851,0.1999999999999999,23.57,10.52,13.62,24.14,24.9,14.34
745174,2024-06-06,2024,672279,L,615698,R,field_out,False,False,83.0,0.274,22.0,26.51,5.0,6.02,0.6859999999999999,0.09599999999999997,29.33,13.92,18.99,32.91,27.59,22.68,3.0,0.0,1.0,33.33,0.0,0.0,0.0,0.0,40.0,14.29,21.43,35.71,0.0,50.0,129.0,0.223,25.0,19.38,15.0,11.63,0.7050000000000001,0.17,23.48,10.18,14.74,24.91,22.98,15.06,211.0,0.272,40.0,18.96,31.0,14.69,0.851,0.1999999999999999,23.57,10.52,13.62,24.14,24.9,14.34
745174,2024-06-06,2024,691026,R,615698,R,single,False,False,128.0,0.333,19.0,14.84,11.0,8.59,0.7949999999999999,0.08099999999999996,16.87,7.81,18.67,26.48,28.29,12.03,100.0,0.161,19.0,19.0,9.0,9.0,0.478,0.0799999999999999,21.56,9.11,22.03,31.14,24.87,14.88,154.0,0.271,25.0,16.23,10.0,6.49,0.7130000000000001,0.11499999999999999,19.71,9.62,17.13,26.75,26.04,15.15,233.0,0.284,18.0,7.73,4.0,1.72,0.721,0.124,14.21,7.03,15.91,22.93,28.68,8.11
745174,2024-06-06,2024,676475,L,615698,R,single,False,False,137.0,0.305,20.0,14.6,6.0,4.38,0.8320000000000001,0.191,19.0,10.88,11.7,22.59,34.17,14.71,318.0,0.243,39.0,12.26,21.0,6.6,0.698,0.156,17.66,9.16,14.01,23.17,33.05,13.13,129.0,0.223,25.0,19.38,15.0,11.63,0.7050000000000001,0.17,23.48,10.18,14.74,24.91,22.98,15.06,211.0,0.272,40.0,18.96,31.0,14.69,0.851,0.1999999999999999,23.57,10.52,13.62,24.14,24.9,14.34
745174,2024-06-06,2024,502671,R,615698,R,field_out,False,False,192.0,0.214,66.0,34.38,17.0,8.85,0.641,0.13899999999999998,30.43,14.41,18.89,33.29,30.89,21.19,518.0,0.259,120.0,23.17,67.0,12.93,0.8049999999999999,0.187,27.85,12.3,17.85,30.16,25.85,17.44,154.0,0.271,25.0,16.23,10.0,6.49,0.7130000000000001,0.11499999999999999,19.71,9.62,17.13,26.75,26.04,15.15,233.0,0.284,18.0,7.73,4.0,1.72,0.721,0.124,14.21,7.03,15.91,22.93,28.68,8.11
745174,2024-06-06,2024,553869,R,669461,L,walk,False,True,60.0,0.286,8.0,13.33,2.0,3.33,0.716,0.125,24.46,13.6,8.8,22.4,37.31,8.6,143.0,0.185,26.0,18.18,11.0,7.69,0.583,0.146,26.07,14.71,9.5,24.21,37.76,16.05,80.0,0.328,14.0,17.5,11.0,13.75,0.9849999999999999,0.23899999999999993,23.46,12.18,12.18,24.36,25.87,15.73,220.0,0.302,37.0,16.82,24.0,10.91,0.861,0.182,19.22,8.65,16.02,24.68,24.94,17.29
745174,2024-06-06,2024,663898,R,669461,L,single,False,False,50.0,0.333,6.0,12.0,2.0,4.0,0.902,0.20900000000000002,20.62,10.26,13.85,24.1,28.16,10.53,56.0,0.229,8.0,14.29,6.0,10.71,0.672,0.104,20.62,8.85,17.7,26.55,22.12,11.94,80.0,0.328,14.0,17.5,11.0,13.75,0.9849999999999999,0.23899999999999993,23.46,12.18,12.18,24.36,25.87,15.73,220.0,0.302,37.0,16.82,24.0,10.91,0.861,0.182,19.22,8.65,16.02,24.68,24.94,17.29
745174,2024-06-06,2024,686668,R,669461,L,field_out,False,False,53.0,0.271,10.0,18.87,5.0,9.43,0.694,0.08299999999999996,26.73,14.06,9.38,23.44,24.21,19.61,132.0,0.194,53.0,40.15,5.0,3.79,0.584,0.1609999999999999,39.29,21.57,11.57,33.14,32.3,30.99,80.0,0.328,14.0,17.5,11.0,13.75,0.9849999999999999,0.23899999999999993,23.46,12.18,12.18,24.36,25.87,15.73,220.0,0.302,37.0,16.82,24.0,10.91,0.861,0.182,19.22,8.65,16.02,24.68,24.94,17.29
745174,2024-06-06,2024,660707,R,669461,L,strikeout,True,False,54.0,0.188,10.0,18.52,5.0,9.26,0.447,0.0,28.45,15.57,13.21,28.77,45.24,13.89,111.0,0.234,42.0,37.84,3.0,2.7,0.6910000000000001,0.205,35.78,19.62,15.37,34.99,45.73,29.37,80.0,0.328,14.0,17.5,11.0,13.75,0.9849999999999999,0.23899999999999993,23.46,12.18,12.18,24.36,25.87,15.73,220.0,0.302,37.0,16.82,24.0,10.91,0.861,0.182,19.22,8.65,16.02,24.68,24.94,17.29
745174,2024-06-06,2024,595909,L,669461,L,force_out,False,False,6.0,0.0,4.0,66.67,0.0,0.0,0.0,0.0,45.45,25.0,15.0,40.0,50.0,80.0,33.0,0.138,11.0,33.33,3.0,9.09,0.391,0.0339999999999999,28.79,14.39,18.94,33.33,34.48,22.92,42.0,0.125,11.0,26.19,2.0,4.76,0.317,0.024999999999999994,33.33,15.57,17.96,33.53,23.68,20.75,55.0,0.163,9.0,16.36,1.0,1.82,0.522,0.1229999999999999,16.67,7.21,16.83,24.04,19.19,15.25
745174,2024-06-06,2024,669357,L,571539,R,single,False,False,149.0,0.235,53.0,35.57,16.0,10.74,0.8260000000000001,0.273,40.4,19.97,14.4,34.37,31.09,26.37,378.0,0.231,124.0,32.8,42.0,11.11,0.7969999999999999,0.2459999999999999,35.96,17.73,12.12,29.85,28.13,25.15,15.0,0.538,1.0,6.67,2.0,13.33,1.5230000000000001,0.385,9.38,5.17,8.62,13.79,29.63,4.76,52.0,0.391,5.0,9.62,5.0,9.62,1.094,0.261,20.0,8.51,20.21,28.72,23.16,12.2
745174,2024-06-06,2024,571448,R,571539,R,strikeout,True,False,196.0,0.269,36.0,18.37,16.0,8.16,0.726,0.125,21.74,9.64,19.79,29.43,30.0,16.22,468.0,0.28,81.0,17.31,31.0,6.62,0.8089999999999999,0.2009999999999999,20.4,9.71,17.28,26.99,33.33,16.43,16.0,0.133,4.0,25.0,0.0,0.0,0.521,0.2,19.35,10.53,21.05,31.58,42.86,22.22,58.0,0.2,11.0,18.97,6.0,10.34,0.513,0.0199999999999999,25.81,10.76,19.73,30.49,13.46,14.08
745174,2024-06-06,2024,680977,L,571539,R,single,False,False,174.0,0.217,30.0,17.24,16.0,9.2,0.659,0.13199999999999998,17.58,7.06,20.15,27.21,22.83,15.46,309.0,0.294,43.0,13.92,27.0,8.74,0.831,0.166,14.96,6.32,19.2,25.52,22.53,13.27,15.0,0.538,1.0,6.67,2.0,13.33,1.5230000000000001,0.385,9.38,5.17,8.62,13.79,29.63,4.76,52.0,0.391,5.0,9.62,5.0,9.62,1.094,0.261,20.0,8.51,20.21,28.72,23.16,12.2
745174,2024-06-06,2024,671056,R,571539,R,force_out,False,False,111.0,0.28,26.0,23.42,9.0,8.11,0.722,0.09999999999999998,24.61,10.51,19.91,30.43,29.15,18.98,36.0,0.3,10.0,27.78,4.0,11.11,0.784,0.067,28.57,12.05,14.46,26.51,27.08,17.31,16.0,0.133,4.0,25.0,0.0,0.0,0.521,0.2,19.35,10.53,21.05,31.58,42.86,22.22,58.0,0.2,11.0,18.97,6.0,10.34,0.513,0.0199999999999999,25.81,10.76,19.73,30.49,13.46,14.08
745174,2024-06-06,2024,572761,L,571539,R,single,False,False,49.0,0.182,14.0,28.57,4.0,8.16,0.523,0.09100000000000003,30.23,13.13,18.18,31.31,22.11,28.0,220.0,0.167,64.0,29.09,38.0,17.27,0.616,0.1319999999999999,29.37,12.01,18.83,30.84,21.25,22.78,15.0,0.538,1.0,6.67,2.0,13.33,1.5230000000000001,0.385,9.38,5.17,8.62,13.79,29.63,4.76,52.0,0.391,5.0,9.62,5.0,9.62,1.094,0.261,20.0,8.51,20.21,28.72,23.16,12.2
745174,2024-06-06,2024,672279,L,571539,R,single,False,False,83.0,0.274,22.0,26.51,5.0,6.02,0.6859999999999999,0.09599999999999997,29.33,13.92,18.99,32.91,27.59,22.68,3.0,0.0,1.0,33.33,0.0,0.0,0.0,0.0,40.0,14.29,21.43,35.71,0.0,50.0,15.0,0.538,1.0,6.67,2.0,13.33,1.5230000000000001,0.385,9.38,5.17,8.62,13.79,29.63,4.76,52.0,0.391,5.0,9.62,5.0,9.62,1.094,0.261,20.0,8.51,20.21,28.72,23.16,12.2
745174,2024-06-06,2024,691026,R,680767,R,field_out,False,False,128.0,0.333,19.0,14.84,11.0,8.59,0.7949999999999999,0.08099999999999996,16.87,7.81,18.67,26.48,28.29,12.03,100.0,0.161,19.0,19.0,9.0,9.0,0.478,0.0799999999999999,21.56,9.11,22.03,31.14,24.87,14.88,81.0,0.324,22.0,27.16,7.0,8.64,0.802,0.09499999999999997,22.36,9.92,16.8,26.72,26.46,16.79,27.0,0.333,7.0,25.93,3.0,11.11,0.782,0.0419999999999999,26.42,12.28,14.91,27.19,20.75,19.44
745174,2024-06-06,2024,669911,R,667463,L,field_out,False,False,14.0,0.154,5.0,35.71,1.0,7.14,0.829,0.46099999999999997,26.09,12.77,21.28,34.04,23.81,38.46,48.0,0.109,21.0,43.75,2.0,4.17,0.255,0.0,48.35,23.53,13.9,37.43,32.11,36.21,37.0,0.182,8.0,21.62,1.0,2.7,0.406,0.03,16.39,8.26,20.66,28.93,39.66,29.63,104.0,0.292,12.0,11.54,7.0,6.73,0.722,0.093,20.71,10.06,15.8,25.86,32.8,16.44
745174,2024-06-06,2024,453568,L,667463,L,single,False,False,41.0,0.278,1.0,2.44,5.0,12.2,0.755,0.11099999999999999,6.35,2.94,16.18,19.12,25.37,4.0,105.0,0.299,7.0,6.67,13.0,12.38,0.845,0.138,12.2,5.18,18.91,24.09,22.96,7.95,35.0,0.212,5.0,14.29,1.0,2.86,0.681,0.212,21.05,10.17,17.8,27.97,30.36,18.52,53.0,0.347,8.0,15.09,3.0,5.66,0.7929999999999999,0.061,23.08,11.6,17.68,29.28,28.75,17.39
745174,2024-06-06,2024,678662,R,667463,L,grounded_into_double_play,False,False,76.0,0.271,23.0,30.26,5.0,6.58,0.759,0.172,36.52,22.26,9.25,31.51,38.3,24.73,177.0,0.246,57.0,32.2,8.0,4.52,0.708,0.185,35.75,21.54,12.35,33.89,44.38,25.56,37.0,0.182,8.0,21.62,1.0,2.7,0.406,0.03,16.39,8.26,20.66,28.93,39.66,29.63,104.0,0.292,12.0,11.54,7.0,6.73,0.722,0.093,20.71,10.06,15.8,25.86,32.8,16.44
745174,2024-06-06,2024,676475,L,680767,R,walk,False,True,137.0,0.305,20.0,14.6,6.0,4.38,0.8320000000000001,0.191,19.0,10.88,11.7,22.59,34.17,14.71,318.0,0.243,39.0,12.26,21.0,6.6,0.698,0.156,17.66,9.16,14.01,23.17,33.05,13.13,62.0,0.179,5.0,8.06,6.0,9.68,0.472,0.035,15.74,7.05,14.11,21.16,19.67,7.58,17.0,0.412,5.0,29.41,0.0,0.0,0.941,0.117,16.22,8.33,11.11,19.44,26.32,17.86
745174,2024-06-06,2024,502671,R,680767,R,field_out,False,False,192.0,0.214,66.0,34.38,17.0,8.85,0.641,0.13899999999999998,30.43,14.41,18.89,33.29,30.89,21.19,518.0,0.259,120.0,23.17,67.0,12.93,0.8049999999999999,0.187,27.85,12.3,17.85,30.16,25.85,17.44,81.0,0.324,22.0,27.16,7.0,8.64,0.802,0.09499999999999997,22.36,9.92,16.8,26.72,26.46,16.79,27.0,0.333,7.0,25.93,3.0,11.11,0.782,0.0419999999999999,26.42,12.28,14.91,27.19,20.75,19.44
745174,2024-06-06,2024,669357,L,680767,R,field_out,False,False,149.0,0.235,53.0,35.57,16.0,10.74,0.8260000000000001,0.273,40.4,19.97,14.4,34.37,31.09,26.37,378.0,0.231,124.0,32.8,42.0,11.11,0.7969999999999999,0.2459999999999999,35.96,17.73,12.12,29.85,28.13,25.15,62.0,0.179,5.0,8.06,6.0,9.68,0.472,0.035,15.74,7.05,14.11,21.16,19.67,7.58,17.0,0.412,5.0,29.41,0.0,0.0,0.941,0.117,16.22,8.33,11.11,19.44,26.32,17.86
745174,2024-06-06,2024,571448,R,680767,R,walk,False,True,196.0,0.269,36.0,18.37,16.0,8.16,0.726,0.125,21.74,9.64,19.79,29.43,30.0,16.22,468.0,0.28,81.0,17.31,31.0,6.62,0.8089999999999999,0.2009999999999999,20.4,9.71,17.28,26.99,33.33,16.43,81.0,0.324,22.0,27.16,7.0,8.64,0.802,0.09499999999999997,22.36,9.92,16.8,26.72,26.46,16.79,27.0,0.333,7.0,25.93,3.0,11.11,0.782,0.0419999999999999,26.42,12.28,14.91,27.19,20.75,19.44
745174,2024-06-06,2024,680977,L,680767,R,field_out,False,False,174.0,0.217,30.0,17.24,16.0,9.2,0.659,0.13199999999999998,17.58,7.06,20.15,27.21,22.83,15.46,309.0,0.294,43.0,13.92,27.0,8.74,0.831,0.166,14.96,6.32,19.2,25.52,22.53,13.27,62.0,0.179,5.0,8.06,6.0,9.68,0.472,0.035,15.74,7.05,14.11,21.16,19.67,7.58,17.0,0.412,5.0,29.41,0.0,0.0,0.941,0.117,16.22,8.33,11.11,19.44,26.32,17.86
745174,2024-06-06,2024,641857,L,667463,L,field_out,False,False,82.0,0.329,24.0,29.27,10.0,12.2,0.9630000000000001,0.21400000000000002,28.93,13.03,17.0,30.03,26.86,21.62,178.0,0.191,57.0,32.02,16.0,8.99,0.573,0.118,35.23,16.38,16.64,33.03,25.79,24.15,35.0,0.212,5.0,14.29,1.0,2.86,0.681,0.212,21.05,10.17,17.8,27.97,30.36,18.52,53.0,0.347,8.0,15.09,3.0,5.66,0.7929999999999999,0.061,23.08,11.6,17.68,29.28,28.75,17.39
745174,2024-06-06,2024,553869,R,688297,R,field_out,False,False,143.0,0.315,26.0,18.18,9.0,6.29,0.84,0.15399999999999997,28.99,15.84,11.88,27.72,33.86,17.93,383.0,0.298,92.0,24.02,23.0,6.01,0.777,0.14,29.34,15.86,11.31,27.17,35.61,20.22,18.0,0.235,5.0,27.78,1.0,5.56,0.69,0.177,24.14,12.28,24.56,36.84,37.5,25.0,,,,,,,,,,,,,,
745174,2024-06-06,2024,663898,R,688297,R,field_out,False,False,174.0,0.256,44.0,25.29,9.0,5.17,0.641,0.09199999999999997,25.29,12.48,15.97,28.45,25.85,19.05,138.0,0.269,33.0,23.91,5.0,3.62,0.709,0.1389999999999999,27.31,13.83,17.45,31.28,33.92,25.0,18.0,0.235,5.0,27.78,1.0,5.56,0.69,0.177,24.14,12.28,24.56,36.84,37.5,25.0,,,,,,,,,,,,,,
745174,2024-06-06,2024,671056,R,656222,L,field_out,False,False,48.0,0.238,8.0,16.67,4.0,8.33,0.645,0.09500000000000003,27.59,12.7,16.4,29.1,16.85,14.29,8.0,0.286,1.0,12.5,1.0,12.5,0.661,0.0,6.67,2.94,11.76,14.71,16.67,20.0,84.0,0.243,14.0,16.67,8.0,9.52,0.718,0.16200000000000003,19.87,9.54,13.23,22.77,23.9,17.07,130.0,0.243,27.0,20.77,12.0,9.23,0.7090000000000001,0.148,29.39,14.08,15.55,29.62,28.21,22.31
745174,2024-06-06,2024,665877,R,656222,L,field_out,False,False,17.0,0.188,2.0,11.76,1.0,5.88,0.423,0.0,8.82,4.11,17.81,21.92,28.12,8.0,19.0,0.176,2.0,10.53,2.0,10.53,0.439,0.0,7.41,3.08,23.08,26.15,30.0,13.33,84.0,0.243,14.0,16.67,8.0,9.52,0.718,0.16200000000000003,19.87,9.54,13.23,22.77,23.9,17.07,130.0,0.243,27.0,20.77,12.0,9.23,0.7090000000000001,0.148,29.39,14.08,15.55,29.62,28.21,22.31
745174,2024-06-06,2024,666185,R,656222,L,strikeout,True,False,32.0,0.179,6.0,18.75,4.0,12.5,0.46,0.0,30.0,15.38,12.82,28.21,32.76,22.22,86.0,0.268,12.0,13.95,12.0,13.95,0.77,0.126,22.46,10.88,12.44,23.32,23.98,9.3,84.0,0.243,14.0,16.67,8.0,9.52,0.718,0.16200000000000003,19.87,9.54,13.23,22.77,23.9,17.07,130.0,0.243,27.0,20.77,12.0,9.23,0.7090000000000001,0.148,29.39,14.08,15.55,29.62,28.21,22.31
745174,2024-06-06,2024,686668,R,688297,R,strikeout,True,False,182.0,0.264,53.0,29.12,18.0,9.89,0.769,0.16399999999999998,32.09,15.82,15.67,31.49,27.63,27.89,299.0,0.207,98.0,32.78,17.0,5.69,0.597,0.131,34.17,17.56,14.33,31.89,31.96,31.51,18.0,0.235,5.0,27.78,1.0,5.56,0.69,0.177,24.14,12.28,24.56,36.84,37.5,25.0,,,,,,,,,,,,,,
745174,2024-06-06,2024,660707,R,688297,R,strikeout,True,False,144.0,0.223,31.0,21.53,12.0,8.33,0.633,0.12299999999999997,29.18,15.71,13.41,29.12,37.05,21.09,196.0,0.249,69.0,35.2,12.0,6.12,0.729,0.1689999999999999,41.45,21.48,15.97,37.45,41.94,28.28,18.0,0.235,5.0,27.78,1.0,5.56,0.69,0.177,24.14,12.28,24.56,36.84,37.5,25.0,,,,,,,,,,,,,,
745174,2024-06-06,2024,595909,L,688297,R,strikeout,True,False,86.0,0.266,23.0,26.74,6.0,6.98,0.656,0.07600000000000001,20.99,10.73,15.25,25.99,32.39,19.83,171.0,0.226,44.0,25.73,12.0,7.02,0.663,0.155,26.67,12.9,15.25,28.15,29.13,19.91,15.0,0.364,3.0,20.0,3.0,20.0,1.26,0.363,27.91,15.58,7.79,23.38,34.15,8.33,,,,,,,,,,,,,,
745174,2024-06-06,2024,691026,R,656222,L,strikeout,True,False,69.0,0.266,14.0,20.29,5.0,7.25,0.819,0.23399999999999999,15.22,7.27,17.99,25.26,32.59,17.5,37.0,0.2,7.0,18.92,1.0,2.7,0.445,0.0289999999999999,21.54,10.0,20.0,30.0,25.4,18.92,84.0,0.243,14.0,16.67,8.0,9.52,0.718,0.16200000000000003,19.87,9.54,13.23,22.77,23.9,17.07,130.0,0.243,27.0,20.77,12.0,9.23,0.7090000000000001,0.148,29.39,14.08,15.55,29.62,28.21,22.31
745174,2024-06-06,2024,676475,L,656222,L,field_out,False,False,50.0,0.191,5.0,10.0,2.0,4.0,0.543,0.128,20.39,11.73,10.06,21.79,34.12,10.42,29.0,0.259,6.0,20.69,2.0,6.9,0.606,0.0369999999999999,18.18,9.62,19.23,28.85,41.82,19.35,40.0,0.212,9.0,22.5,6.0,15.0,0.653,0.091,28.95,12.64,11.49,24.14,21.15,21.95,62.0,0.269,20.0,32.26,9.0,14.52,0.736,0.0959999999999999,34.23,14.84,15.62,30.47,25.0,25.0
745174,2024-06-06,2024,502671,R,641755,R,single,False,False,192.0,0.214,66.0,34.38,17.0,8.85,0.641,0.13899999999999998,30.43,14.41,18.89,33.29,30.89,21.19,518.0,0.259,120.0,23.17,67.0,12.93,0.8049999999999999,0.187,27.85,12.3,17.85,30.16,25.85,17.44,63.0,0.255,14.0,22.22,7.0,11.11,0.806,0.21799999999999997,33.08,17.67,12.45,30.12,32.0,18.42,46.0,0.326,11.0,23.91,2.0,4.35,0.883,0.209,22.68,11.76,15.51,27.27,28.41,16.18
745174,2024-06-06,2024,669357,L,641755,R,strikeout,True,False,149.0,0.235,53.0,35.57,16.0,10.74,0.8260000000000001,0.273,40.4,19.97,14.4,34.37,31.09,26.37,378.0,0.231,124.0,32.8,42.0,11.11,0.7969999999999999,0.2459999999999999,35.96,17.73,12.12,29.85,28.13,25.15,51.0,0.364,12.0,23.53,7.0,13.73,1.133,0.31800000000000006,29.41,13.57,13.57,27.15,25.81,17.91,30.0,0.304,6.0,20.0,4.0,13.33,0.8919999999999999,0.174,23.53,10.81,12.61,23.42,20.34,22.22
745654,2024-06-06,2024,641487,L,683155,R,field_out,False,False,120.0,0.179,29.0,24.17,12.0,10.0,0.5880000000000001,0.14200000000000002,18.75,7.68,20.28,27.95,19.03,19.33,446.0,0.266,84.0,18.83,67.0,15.02,0.845,0.197,18.19,6.93,19.49,26.42,17.9,17.39,43.0,0.184,11.0,25.58,5.0,11.63,0.726,0.263,23.76,12.77,13.83,26.6,26.19,14.29,26.0,0.304,4.0,15.38,2.0,7.69,1.124,0.435,31.82,15.05,16.13,31.18,22.5,16.67
745654,2024-06-06,2024,668942,L,683155,R,strikeout,True,False,164.0,0.295,26.0,15.85,15.0,9.15,0.8089999999999999,0.15000000000000002,17.81,8.12,16.25,24.38,21.24,14.21,299.0,0.249,64.0,21.4,22.0,7.36,0.6559999999999999,0.1019999999999999,22.77,10.13,19.65,29.78,25.55,19.69,43.0,0.184,11.0,25.58,5.0,11.63,0.726,0.263,23.76,12.77,13.83,26.6,26.19,14.29,26.0,0.304,4.0,15.38,2.0,7.69,1.124,0.435,31.82,15.05,16.13,31.18,22.5,16.67
745654,2024-06-06,2024,677594,R,683155,R,strikeout,True,False,197.0,0.245,54.0,27.41,12.0,6.09,0.598,0.059,30.66,16.39,12.23,28.63,35.73,19.06,545.0,0.267,127.0,23.3,35.0,6.42,0.8109999999999999,0.2169999999999999,27.93,14.91,13.12,28.03,38.34,22.84,64.0,0.213,14.0,21.88,1.0,1.56,0.578,0.13099999999999998,22.4,12.73,15.91,28.64,34.78,21.88,21.0,0.263,3.0,14.29,0.0,0.0,0.859,0.263,25.58,14.47,14.47,28.95,43.9,15.0
745654,2024-06-06,2024,647351,L,669302,R,field_out,False,False,174.0,0.253,33.0,18.97,9.0,5.17,0.6819999999999999,0.124,20.19,9.26,18.38,27.65,28.57,17.55,20.0,0.412,5.0,25.0,2.0,10.0,1.265,0.353,37.04,15.62,26.56,42.19,25.0,31.25,147.0,0.219,42.0,28.57,8.0,5.44,0.5960000000000001,0.11700000000000002,32.58,15.72,16.09,31.81,27.17,25.62,383.0,0.233,98.0,25.59,18.0,4.7,0.664,0.164,26.12,13.53,15.24,28.78,29.31,20.0
745654,2024-06-06,2024,609280,R,669302,R,strikeout,True,False,35.0,0.294,4.0,11.43,0.0,0.0,0.727,0.14700000000000002,6.25,3.08,19.23,22.31,32.81,11.43,52.0,0.229,6.0,11.54,4.0,7.69,0.705,0.1879999999999999,14.58,7.49,13.9,21.39,30.93,12.77,176.0,0.198,34.0,19.32,12.0,6.82,0.633,0.179,24.69,12.31,15.23,27.54,27.55,17.35,388.0,0.234,91.0,23.45,18.0,4.64,0.6930000000000001,0.1859999999999999,26.67,13.92,14.54,28.46,30.56,20.87
745654,2024-06-06,2024,668709,L,669302,R,field_out,False,False,199.0,0.26,36.0,18.09,25.0,12.56,0.8049999999999999,0.191,26.95,11.39,17.34,28.73,21.92,18.0,232.0,0.209,53.0,22.84,35.0,15.09,0.726,0.184,28.61,12.18,15.3,27.48,19.27,20.46,147.0,0.219,42.0,28.57,8.0,5.44,0.5960000000000001,0.11700000000000002,32.58,15.72,16.09,31.81,27.17,25.62,383.0,0.233,98.0,25.59,18.0,4.7,0.664,0.164,26.12,13.53,15.24,28.78,29.31,20.0
745654,2024-06-06,2024,663728,L,683155,R,field_out,False,False,161.0,0.222,56.0,34.78,16.0,9.94,0.6799999999999999,0.16,30.03,15.27,12.97,28.24,31.35,22.63,462.0,0.235,126.0,27.27,47.0,10.17,0.7909999999999999,0.241,29.58,14.2,14.09,28.29,30.53,21.36,43.0,0.184,11.0,25.58,5.0,11.63,0.726,0.263,23.76,12.77,13.83,26.6,26.19,14.29,26.0,0.304,4.0,15.38,2.0,7.69,1.124,0.435,31.82,15.05,16.13,31.18,22.5,16.67
745654,2024-06-06,2024,664034,R,683155,R,field_out,False,False,165.0,0.245,39.0,23.64,9.0,5.45,0.687,0.139,20.13,9.79,14.85,24.64,26.06,19.12,506.0,0.24,85.0,16.8,37.0,7.31,0.698,0.1169999999999999,22.16,11.42,13.69,25.11,32.3,15.51,64.0,0.213,14.0,21.88,1.0,1.56,0.578,0.13099999999999998,22.4,12.73,15.91,28.64,34.78,21.88,21.0,0.263,3.0,14.29,0.0,0.0,0.859,0.263,25.58,14.47,14.47,28.95,43.9,15.0
745654,2024-06-06,2024,670042,L,683155,R,strikeout,True,False,129.0,0.264,39.0,30.23,3.0,2.33,0.748,0.174,33.46,18.41,11.09,29.5,31.33,30.23,363.0,0.247,112.0,30.85,26.0,7.16,0.8340000000000001,0.25,38.6,19.83,11.57,31.39,31.1,26.79,43.0,0.184,11.0,25.58,5.0,11.63,0.726,0.263,23.76,12.77,13.83,26.6,26.19,14.29,26.0,0.304,4.0,15.38,2.0,7.69,1.124,0.435,31.82,15.05,16.13,31.18,22.5,16.67
745654,2024-06-06,2024,667670,R,669302,R,strikeout,True,False,155.0,0.295,52.0,33.55,20.0,12.9,0.9570000000000001,0.26600000000000007,37.67,17.66,13.44,31.09,30.14,27.23,351.0,0.23,115.0,32.76,33.0,9.4,0.788,0.2419999999999999,37.94,17.82,16.3,34.12,28.65,23.47,176.0,0.198,34.0,19.32,12.0,6.82,0.633,0.179,24.69,12.31,15.23,27.54,27.55,17.35,388.0,0.234,91.0,23.45,18.0,4.64,0.6930000000000001,0.1859999999999999,26.67,13.92,14.54,28.46,30.56,20.87
745654,2024-06-06,2024,669127,R,669302,R,field_out,False,False,142.0,0.222,36.0,25.35,11.0,7.75,0.8200000000000001,0.30200000000000005,29.67,14.29,16.83,31.12,32.57,25.53,344.0,0.217,101.0,29.36,23.0,6.69,0.7230000000000001,0.226,32.34,16.3,14.73,31.03,31.22,23.88,176.0,0.198,34.0,19.32,12.0,6.82,0.633,0.179,24.69,12.31,15.23,27.54,27.55,17.35,388.0,0.234,91.0,23.45,18.0,4.64,0.6930000000000001,0.1859999999999999,26.67,13.92,14.54,28.46,30.56,20.87
745654,2024-06-06,2024,605204,R,669302,R,field_out,False,False,89.0,0.214,21.0,23.6,3.0,3.37,0.579,0.10700000000000001,36.93,20.9,12.86,33.76,28.99,26.92,390.0,0.249,110.0,28.21,40.0,10.26,0.742,0.1589999999999999,35.24,18.37,11.47,29.84,26.41,23.09,176.0,0.198,34.0,19.32,12.0,6.82,0.633,0.179,24.69,12.31,15.23,27.54,27.55,17.35,388.0,0.234,91.0,23.45,18.0,4.64,0.6930000000000001,0.1859999999999999,26.67,13.92,14.54,28.46,30.56,20.87
745654,2024-06-06,2024,571745,R,683155,R,strikeout,True,False,157.0,0.246,44.0,28.03,13.0,8.28,0.731,0.177,29.82,12.48,18.26,30.75,21.36,21.5,161.0,0.189,48.0,29.81,10.0,6.21,0.599,0.1619999999999999,28.57,13.33,19.22,32.56,25.34,22.02,64.0,0.213,14.0,21.88,1.0,1.56,0.578,0.13099999999999998,22.4,12.73,15.91,28.64,34.78,21.88,21.0,0.263,3.0,14.29,0.0,0.0,0.859,0.263,25.58,14.47,14.47,28.95,43.9,15.0
745654,2024-06-06,2024,686527,L,683155,R,field_out,False,False,79.0,0.183,22.0,27.85,7.0,8.86,0.6759999999999999,0.24,34.97,17.73,16.67,34.4,38.93,27.5,155.0,0.221,26.0,16.77,5.0,3.23,0.661,0.1879999999999999,24.65,13.73,16.86,30.59,41.27,21.85,43.0,0.184,11.0,25.58,5.0,11.63,0.726,0.263,23.76,12.77,13.83,26.6,26.19,14.29,26.0,0.304,4.0,15.38,2.0,7.69,1.124,0.435,31.82,15.05,16.13,31.18,22.5,16.67
745654,2024-06-06,2024,664238,R,683155,R,strikeout,True,False,125.0,0.212,35.0,28.0,13.0,10.4,0.73,0.18200000000000002,26.15,11.18,18.43,29.61,18.65,22.29,73.0,0.188,28.0,38.36,6.0,8.22,0.647,0.1709999999999999,33.56,16.33,21.33,37.67,34.46,26.17,64.0,0.213,14.0,21.88,1.0,1.56,0.578,0.13099999999999998,22.4,12.73,15.91,28.64,34.78,21.88,21.0,0.263,3.0,14.29,0.0,0.0,0.859,0.263,25.58,14.47,14.47,28.95,43.9,15.0
745654,2024-06-06,2024,663662,R,669302,R,field_out,False,False,16.0,0.25,2.0,12.5,0.0,0.0,0.5,0.0,22.22,12.5,18.75,31.25,28.57,16.67,,,,,,,,,,,,,,,176.0,0.198,34.0,19.32,12.0,6.82,0.633,0.179,24.69,12.31,15.23,27.54,27.55,17.35,388.0,0.234,91.0,23.45,18.0,4.64,0.6930000000000001,0.1859999999999999,26.67,13.92,14.54,28.46,30.56,20.87
745654,2024-06-06,2024,680869,R,669302,R,home_run,False,False,137.0,0.184,45.0,32.85,9.0,6.57,0.5469999999999999,0.12,35.23,17.48,16.35,33.83,27.48,28.66,220.0,0.303,54.0,24.55,18.0,8.18,0.969,0.298,30.92,15.24,15.12,30.36,29.22,21.29,176.0,0.198,34.0,19.32,12.0,6.82,0.633,0.179,24.69,12.31,15.23,27.54,27.55,17.35,388.0,0.234,91.0,23.45,18.0,4.64,0.6930000000000001,0.1859999999999999,26.67,13.92,14.54,28.46,30.56,20.87
745654,2024-06-06,2024,680474,R,669302,R,field_out,False,False,92.0,0.277,23.0,25.0,7.0,7.61,0.721,0.09599999999999997,25.32,10.0,21.79,31.79,17.24,20.35,,,,,,,,,,,,,,,176.0,0.198,34.0,19.32,12.0,6.82,0.633,0.179,24.69,12.31,15.23,27.54,27.55,17.35,388.0,0.234,91.0,23.45,18.0,4.64,0.6930000000000001,0.1859999999999999,26.67,13.92,14.54,28.46,30.56,20.87
745654,2024-06-06,2024,647351,L,669302,R,field_out,False,False,174.0,0.253,33.0,18.97,9.0,5.17,0.6819999999999999,0.124,20.19,9.26,18.38,27.65,28.57,17.55,20.0,0.412,5.0,25.0,2.0,10.0,1.265,0.353,37.04,15.62,26.56,42.19,25.0,31.25,147.0,0.219,42.0,28.57,8.0,5.44,0.5960000000000001,0.11700000000000002,32.58,15.72,16.09,31.81,27.17,25.62,383.0,0.233,98.0,25.59,18.0,4.7,0.664,0.164,26.12,13.53,15.24,28.78,29.31,20.0
745654,2024-06-06,2024,641487,L,683155,R,field_out,False,False,120.0,0.179,29.0,24.17,12.0,10.0,0.5880000000000001,0.14200000000000002,18.75,7.68,20.28,27.95,19.03,19.33,446.0,0.266,84.0,18.83,67.0,15.02,0.845,0.197,18.19,6.93,19.49,26.42,17.9,17.39,43.0,0.184,11.0,25.58,5.0,11.63,0.726,0.263,23.76,12.77,13.83,26.6,26.19,14.29,26.0,0.304,4.0,15.38,2.0,7.69,1.124,0.435,31.82,15.05,16.13,31.18,22.5,16.67
745654,2024-06-06,2024,668942,L,683155,R,field_out,False,False,164.0,0.295,26.0,15.85,15.0,9.15,0.8089999999999999,0.15000000000000002,17.81,8.12,16.25,24.38,21.24,14.21,299.0,0.249,64.0,21.4,22.0,7.36,0.6559999999999999,0.1019999999999999,22.77,10.13,19.65,29.78,25.55,19.69,43.0,0.184,11.0,25.58,5.0,11.63,0.726,0.263,23.76,12.77,13.83,26.6,26.19,14.29,26.0,0.304,4.0,15.38,2.0,7.69,1.124,0.435,31.82,15.05,16.13,31.18,22.5,16.67
745654,2024-06-06,2024,677594,R,683155,R,field_out,False,False,197.0,0.245,54.0,27.41,12.0,6.09,0.598,0.059,30.66,16.39,12.23,28.63,35.73,19.06,545.0,0.267,127.0,23.3,35.0,6.42,0.8109999999999999,0.2169999999999999,27.93,14.91,13.12,28.03,38.34,22.84,64.0,0.213,14.0,21.88,1.0,1.56,0.578,0.13099999999999998,22.4,12.73,15.91,28.64,34.78,21.88,21.0,0.263,3.0,14.29,0.0,0.0,0.859,0.263,25.58,14.47,14.47,28.95,43.9,15.0
745654,2024-06-06,2024,609280,R,669302,R,field_out,False,False,35.0,0.294,4.0,11.43,0.0,0.0,0.727,0.14700000000000002,6.25,3.08,19.23,22.31,32.81,11.43,52.0,0.229,6.0,11.54,4.0,7.69,0.705,0.1879999999999999,14.58,7.49,13.9,21.39,30.93,12.77,176.0,0.198,34.0,19.32,12.0,6.82,0.633,0.179,24.69,12.31,15.23,27.54,27.55,17.35,388.0,0.234,91.0,23.45,18.0,4.64,0.6930000000000001,0.1859999999999999,26.67,13.92,14.54,28.46,30.56,20.87
745654,2024-06-06,2024,668709,L,669302,R,double,False,False,199.0,0.26,36.0,18.09,25.0,12.56,0.8049999999999999,0.191,26.95,11.39,17.34,28.73,21.92,18.0,232.0,0.209,53.0,22.84,35.0,15.09,0.726,0.184,28.61,12.18,15.3,27.48,19.27,20.46,147.0,0.219,42.0,28.57,8.0,5.44,0.5960000000000001,0.11700000000000002,32.58,15.72,16.09,31.81,27.17,25.62,383.0,0.233,98.0,25.59,18.0,4.7,0.664,0.164,26.12,13.53,15.24,28.78,29.31,20.0
745654,2024-06-06,2024,667670,R,669302,R,strikeout,True,False,155.0,0.295,52.0,33.55,20.0,12.9,0.9570000000000001,0.26600000000000007,37.67,17.66,13.44,31.09,30.14,27.23,351.0,0.23,115.0,32.76,33.0,9.4,0.788,0.2419999999999999,37.94,17.82,16.3,34.12,28.65,23.47,176.0,0.198,34.0,19.32,12.0,6.82,0.633,0.179,24.69,12.31,15.23,27.54,27.55,17.35,388.0,0.234,91.0,23.45,18.0,4.64,0.6930000000000001,0.1859999999999999,26.67,13.92,14.54,28.46,30.56,20.87
745654,2024-06-06,2024,669127,R,669302,R,strikeout,True,False,142.0,0.222,36.0,25.35,11.0,7.75,0.8200000000000001,0.30200000000000005,29.67,14.29,16.83,31.12,32.57,25.53,344.0,0.217,101.0,29.36,23.0,6.69,0.7230000000000001,0.226,32.34,16.3,14.73,31.03,31.22,23.88,176.0,0.198,34.0,19.32,12.0,6.82,0.633,0.179,24.69,12.31,15.23,27.54,27.55,17.35,388.0,0.234,91.0,23.45,18.0,4.64,0.6930000000000001,0.1859999999999999,26.67,13.92,14.54,28.46,30.56,20.87
745654,2024-06-06,2024,663728,L,683155,R,field_out,False,False,161.0,0.222,56.0,34.78,16.0,9.94,0.6799999999999999,0.16,30.03,15.27,12.97,28.24,31.35,22.63,462.0,0.235,126.0,27.27,47.0,10.17,0.7909999999999999,0.241,29.58,14.2,14.09,28.29,30.53,21.36,43.0,0.184,11.0,25.58,5.0,11.63,0.726,0.263,23.76,12.77,13.83,26.6,26.19,14.29,26.0,0.304,4.0,15.38,2.0,7.69,1.124,0.435,31.82,15.05,16.13,31.18,22.5,16.67
745654,2024-06-06,2024,664034,R,683155,R,field_out,False,False,165.0,0.245,39.0,23.64,9.0,5.45,0.687,0.139,20.13,9.79,14.85,24.64,26.06,19.12,506.0,0.24,85.0,16.8,37.0,7.31,0.698,0.1169999999999999,22.16,11.42,13.69,25.11,32.3,15.51,64.0,0.213,14.0,21.88,1.0,1.56,0.578,0.13099999999999998,22.4,12.73,15.91,28.64,34.78,21.88,21.0,0.263,3.0,14.29,0.0,0.0,0.859,0.263,25.58,14.47,14.47,28.95,43.9,15.0
745654,2024-06-06,2024,670042,L,683155,R,field_out,False,False,129.0,0.264,39.0,30.23,3.0,2.33,0.748,0.174,33.46,18.41,11.09,29.5,31.33,30.23,363.0,0.247,112.0,30.85,26.0,7.16,0.8340000000000001,0.25,38.6,19.83,11.57,31.39,31.1,26.79,43.0,0.184,11.0,25.58,5.0,11.63,0.726,0.263,23.76,12.77,13.83,26.6,26.19,14.29,26.0,0.304,4.0,15.38,2.0,7.69,1.124,0.435,31.82,15.05,16.13,31.18,22.5,16.67
745654,2024-06-06,2024,605204,R,669302,R,field_out,False,False,89.0,0.214,21.0,23.6,3.0,3.37,0.579,0.10700000000000001,36.93,20.9,12.86,33.76,28.99,26.92,390.0,0.249,110.0,28.21,40.0,10.26,0.742,0.1589999999999999,35.24,18.37,11.47,29.84,26.41,23.09,176.0,0.198,34.0,19.32,12.0,6.82,0.633,0.179,24.69,12.31,15.23,27.54,27.55,17.35,388.0,0.234,91.0,23.45,18.0,4.64,0.6930000000000001,0.1859999999999999,26.67,13.92,14.54,28.46,30.56,20.87
745654,2024-06-06,2024,663662,R,669302,R,single,False,False,16.0,0.25,2.0,12.5,0.0,0.0,0.5,0.0,22.22,12.5,18.75,31.25,28.57,16.67,,,,,,,,,,,,,,,176.0,0.198,34.0,19.32,12.0,6.82,0.633,0.179,24.69,12.31,15.23,27.54,27.55,17.35,388.0,0.234,91.0,23.45,18.0,4.64,0.6930000000000001,0.1859999999999999,26.67,13.92,14.54,28.46,30.56,20.87
745654,2024-06-06,2024,680869,R,669302,R,single,False,False,137.0,0.184,45.0,32.85,9.0,6.57,0.5469999999999999,0.12,35.23,17.48,16.35,33.83,27.48,28.66,220.0,0.303,54.0,24.55,18.0,8.18,0.969,0.298,30.92,15.24,15.12,30.36,29.22,21.29,176.0,0.198,34.0,19.32,12.0,6.82,0.633,0.179,24.69,12.31,15.23,27.54,27.55,17.35,388.0,0.234,91.0,23.45,18.0,4.64,0.6930000000000001,0.1859999999999999,26.67,13.92,14.54,28.46,30.56,20.87
745654,2024-06-06,2024,680474,R,669302,R,field_out,False,False,92.0,0.277,23.0,25.0,7.0,7.61,0.721,0.09599999999999997,25.32,10.0,21.79,31.79,17.24,20.35,,,,,,,,,,,,,,,176.0,0.198,34.0,19.32,12.0,6.82,0.633,0.179,24.69,12.31,15.23,27.54,27.55,17.35,388.0,0.234,91.0,23.45,18.0,4.64,0.6930000000000001,0.1859999999999999,26.67,13.92,14.54,28.46,30.56,20.87
745654,2024-06-06,2024,647351,L,669302,R,field_out,False,False,174.0,0.253,33.0,18.97,9.0,5.17,0.6819999999999999,0.124,20.19,9.26,18.38,27.65,28.57,17.55,20.0,0.412,5.0,25.0,2.0,10.0,1.265,0.353,37.04,15.62,26.56,42.19,25.0,31.25,147.0,0.219,42.0,28.57,8.0,5.44,0.5960000000000001,0.11700000000000002,32.58,15.72,16.09,31.81,27.17,25.62,383.0,0.233,98.0,25.59,18.0,4.7,0.664,0.164,26.12,13.53,15.24,28.78,29.31,20.0
745654,2024-06-06,2024,571745,R,683155,R,field_out,False,False,157.0,0.246,44.0,28.03,13.0,8.28,0.731,0.177,29.82,12.48,18.26,30.75,21.36,21.5,161.0,0.189,48.0,29.81,10.0,6.21,0.599,0.1619999999999999,28.57,13.33,19.22,32.56,25.34,22.02,64.0,0.213,14.0,21.88,1.0,1.56,0.578,0.13099999999999998,22.4,12.73,15.91,28.64,34.78,21.88,21.0,0.263,3.0,14.29,0.0,0.0,0.859,0.263,25.58,14.47,14.47,28.95,43.9,15.0
745654,2024-06-06,2024,686527,L,683155,R,field_out,False,False,79.0,0.183,22.0,27.85,7.0,8.86,0.6759999999999999,0.24,34.97,17.73,16.67,34.4,38.93,27.5,155.0,0.221,26.0,16.77,5.0,3.23,0.661,0.1879999999999999,24.65,13.73,16.86,30.59,41.27,21.85,43.0,0.184,11.0,25.58,5.0,11.63,0.726,0.263,23.76,12.77,13.83,26.6,26.19,14.29,26.0,0.304,4.0,15.38,2.0,7.69,1.124,0.435,31.82,15.05,16.13,31.18,22.5,16.67
745654,2024-06-06,2024,664238,R,683155,R,field_out,False,False,125.0,0.212,35.0,28.0,13.0,10.4,0.73,0.18200000000000002,26.15,11.18,18.43,29.61,18.65,22.29,73.0,0.188,28.0,38.36,6.0,8.22,0.647,0.1709999999999999,33.56,16.33,21.33,37.67,34.46,26.17,64.0,0.213,14.0,21.88,1.0,1.56,0.578,0.13099999999999998,22.4,12.73,15.91,28.64,34.78,21.88,21.0,0.263,3.0,14.29,0.0,0.0,0.859,0.263,25.58,14.47,14.47,28.95,43.9,15.0
745654,2024-06-06,2024,609280,R,669302,R,field_out,False,False,35.0,0.294,4.0,11.43,0.0,0.0,0.727,0.14700000000000002,6.25,3.08,19.23,22.31,32.81,11.43,52.0,0.229,6.0,11.54,4.0,7.69,0.705,0.1879999999999999,14.58,7.49,13.9,21.39,30.93,12.77,176.0,0.198,34.0,19.32,12.0,6.82,0.633,0.179,24.69,12.31,15.23,27.54,27.55,17.35,388.0,0.234,91.0,23.45,18.0,4.64,0.6930000000000001,0.1859999999999999,26.67,13.92,14.54,28.46,30.56,20.87
745654,2024-06-06,2024,668709,L,669302,R,strikeout,True,False,199.0,0.26,36.0,18.09,25.0,12.56,0.8049999999999999,0.191,26.95,11.39,17.34,28.73,21.92,18.0,232.0,0.209,53.0,22.84,35.0,15.09,0.726,0.184,28.61,12.18,15.3,27.48,19.27,20.46,147.0,0.219,42.0,28.57,8.0,5.44,0.5960000000000001,0.11700000000000002,32.58,15.72,16.09,31.81,27.17,25.62,383.0,0.233,98.0,25.59,18.0,4.7,0.664,0.164,26.12,13.53,15.24,28.78,29.31,20.0
745654,2024-06-06,2024,667670,R,669302,R,field_out,False,False,155.0,0.295,52.0,33.55,20.0,12.9,0.9570000000000001,0.26600000000000007,37.67,17.66,13.44,31.09,30.14,27.23,351.0,0.23,115.0,32.76,33.0,9.4,0.788,0.2419999999999999,37.94,17.82,16.3,34.12,28.65,23.47,176.0,0.198,34.0,19.32,12.0,6.82,0.633,0.179,24.69,12.31,15.23,27.54,27.55,17.35,388.0,0.234,91.0,23.45,18.0,4.64,0.6930000000000001,0.1859999999999999,26.67,13.92,14.54,28.46,30.56,20.87
745654,2024-06-06,2024,641487,L,683155,R,double,False,False,120.0,0.179,29.0,24.17,12.0,10.0,0.5880000000000001,0.14200000000000002,18.75,7.68,20.28,27.95,19.03,19.33,446.0,0.266,84.0,18.83,67.0,15.02,0.845,0.197,18.19,6.93,19.49,26.42,17.9,17.39,43.0,0.184,11.0,25.58,5.0,11.63,0.726,0.263,23.76,12.77,13.83,26.6,26.19,14.29,26.0,0.304,4.0,15.38,2.0,7.69,1.124,0.435,31.82,15.05,16.13,31.18,22.5,16.67
745654,2024-06-06,2024,668942,L,683155,R,field_out,False,False,164.0,0.295,26.0,15.85,15.0,9.15,0.8089999999999999,0.15000000000000002,17.81,8.12,16.25,24.38,21.24,14.21,299.0,0.249,64.0,21.4,22.0,7.36,0.6559999999999999,0.1019999999999999,22.77,10.13,19.65,29.78,25.55,19.69,43.0,0.184,11.0,25.58,5.0,11.63,0.726,0.263,23.76,12.77,13.83,26.6,26.19,14.29,26.0,0.304,4.0,15.38,2.0,7.69,1.124,0.435,31.82,15.05,16.13,31.18,22.5,16.67
745654,2024-06-06,2024,677594,R,613534,R,walk,False,True,197.0,0.245,54.0,27.41,12.0,6.09,0.598,0.059,30.66,16.39,12.23,28.63,35.73,19.06,545.0,0.267,127.0,23.3,35.0,6.42,0.8109999999999999,0.2169999999999999,27.93,14.91,13.12,28.03,38.34,22.84,53.0,0.268,16.0,30.19,8.0,15.09,0.732,0.04899999999999999,41.94,16.88,16.02,32.9,24.63,23.19,52.0,0.267,12.0,23.08,4.0,7.69,0.721,0.0889999999999999,25.93,12.28,15.35,27.63,31.9,16.67
745654,2024-06-06,2024,663728,L,613534,R,field_out,False,False,161.0,0.222,56.0,34.78,16.0,9.94,0.6799999999999999,0.16,30.03,15.27,12.97,28.24,31.35,22.63,462.0,0.235,126.0,27.27,47.0,10.17,0.7909999999999999,0.241,29.58,14.2,14.09,28.29,30.53,21.36,39.0,0.194,12.0,30.77,4.0,10.26,0.7290000000000001,0.193,26.32,11.49,16.67,28.16,26.19,21.82,29.0,0.174,10.0,34.48,4.0,13.79,0.5189999999999999,0.0,35.71,14.81,17.78,32.59,22.73,21.28
745654,2024-06-06,2024,664034,R,613534,R,hit_by_pitch,False,False,165.0,0.245,39.0,23.64,9.0,5.45,0.687,0.139,20.13,9.79,14.85,24.64,26.06,19.12,506.0,0.24,85.0,16.8,37.0,7.31,0.698,0.1169999999999999,22.16,11.42,13.69,25.11,32.3,15.51,53.0,0.268,16.0,30.19,8.0,15.09,0.732,0.04899999999999999,41.94,16.88,16.02,32.9,24.63,23.19,52.0,0.267,12.0,23.08,4.0,7.69,0.721,0.0889999999999999,25.93,12.28,15.35,27.63,31.9,16.67
745654,2024-06-06,2024,641598,R,519008,L,field_out,False,False,52.0,0.217,14.0,26.92,6.0,11.54,0.743,0.218,26.67,10.26,23.5,33.76,20.87,15.91,84.0,0.344,12.0,14.29,19.0,22.62,0.938,0.094,15.7,5.37,20.06,25.42,13.76,12.9,48.0,0.302,8.0,16.67,4.0,8.33,0.6799999999999999,0.02400000000000002,18.75,7.94,20.11,28.04,30.43,18.18,6.0,0.6,1.0,16.67,0.0,0.0,1.467,0.2,31.25,15.62,12.5,28.12,42.86,6.25
745654,2024-06-06,2024,669127,R,669302,R,field_out,False,False,142.0,0.222,36.0,25.35,11.0,7.75,0.8200000000000001,0.30200000000000005,29.67,14.29,16.83,31.12,32.57,25.53,344.0,0.217,101.0,29.36,23.0,6.69,0.7230000000000001,0.226,32.34,16.3,14.73,31.03,31.22,23.88,176.0,0.198,34.0,19.32,12.0,6.82,0.633,0.179,24.69,12.31,15.23,27.54,27.55,17.35,388.0,0.234,91.0,23.45,18.0,4.64,0.6930000000000001,0.1859999999999999,26.67,13.92,14.54,28.46,30.56,20.87
745654,2024-06-06,2024,605204,R,669302,R,single,False,False,89.0,0.214,21.0,23.6,3.0,3.37,0.579,0.10700000000000001,36.93,20.9,12.86,33.76,28.99,26.92,390.0,0.249,110.0,28.21,40.0,10.26,0.742,0.1589999999999999,35.24,18.37,11.47,29.84,26.41,23.09,176.0,0.198,34.0,19.32,12.0,6.82,0.633,0.179,24.69,12.31,15.23,27.54,27.55,17.35,388.0,0.234,91.0,23.45,18.0,4.64,0.6930000000000001,0.1859999999999999,26.67,13.92,14.54,28.46,30.56,20.87
745654,2024-06-06,2024,663662,R,669302,R,grounded_into_double_play,False,False,16.0,0.25,2.0,12.5,0.0,0.0,0.5,0.0,22.22,12.5,18.75,31.25,28.57,16.67,,,,,,,,,,,,,,,176.0,0.198,34.0,19.32,12.0,6.82,0.633,0.179,24.69,12.31,15.23,27.54,27.55,17.35,388.0,0.234,91.0,23.45,18.0,4.64,0.6930000000000001,0.1859999999999999,26.67,13.92,14.54,28.46,30.56,20.87
745654,2024-06-06,2024,571745,R,657697,R,single,False,False,157.0,0.246,44.0,28.03,13.0,8.28,0.731,0.177,29.82,12.48,18.26,30.75,21.36,21.5,161.0,0.189,48.0,29.81,10.0,6.21,0.599,0.1619999999999999,28.57,13.33,19.22,32.56,25.34,22.02,2.0,0.5,1.0,50.0,0.0,0.0,1.0,0.0,33.33,11.11,22.22,33.33,16.67,50.0,10.0,0.222,2.0,20.0,0.0,0.0,0.633,0.111,25.0,12.5,18.75,31.25,28.57,18.18
745654,2024-06-06,2024,686527,L,657697,R,single,False,False,79.0,0.183,22.0,27.85,7.0,8.86,0.6759999999999999,0.24,34.97,17.73,16.67,34.4,38.93,27.5,155.0,0.221,26.0,16.77,5.0,3.23,0.661,0.1879999999999999,24.65,13.73,16.86,30.59,41.27,21.85,1.0,1.0,0.0,0.0,0.0,0.0,2.0,0.0,33.33,33.33,0.0,33.33,100.0,0.0,6.0,0.4,1.0,16.67,0.0,0.0,0.8,0.0,12.5,4.55,18.18,22.73,23.08,33.33
745654,2024-06-06,2024,664238,R,657697,R,strikeout,True,False,125.0,0.212,35.0,28.0,13.0,10.4,0.73,0.18200000000000002,26.15,11.18,18.43,29.61,18.65,22.29,73.0,0.188,28.0,38.36,6.0,8.22,0.647,0.1709999999999999,33.56,16.33,21.33,37.67,34.46,26.17,2.0,0.5,1.0,50.0,0.0,0.0,1.0,0.0,33.33,11.11,22.22,33.33,16.67,50.0,10.0,0.222,2.0,20.0,0.0,0.0,0.633,0.111,25.0,12.5,18.75,31.25,28.57,18.18
745654,2024-06-06,2024,641487,L,695243,R,field_out,False,False,120.0,0.179,29.0,24.17,12.0,10.0,0.5880000000000001,0.14200000000000002,18.75,7.68,20.28,27.95,19.03,19.33,446.0,0.266,84.0,18.83,67.0,15.02,0.845,0.197,18.19,6.93,19.49,26.42,17.9,17.39,48.0,0.095,25.0,52.08,6.0,12.5,0.32699999999999996,0.023999999999999994,45.1,23.23,16.16,39.39,36.78,32.89,62.0,0.167,16.0,25.81,10.0,16.13,0.573,0.0829999999999999,22.31,9.61,13.88,23.49,22.0,18.39
745654,2024-06-06,2024,668942,L,695243,R,field_out,False,False,164.0,0.295,26.0,15.85,15.0,9.15,0.8089999999999999,0.15000000000000002,17.81,8.12,16.25,24.38,21.24,14.21,299.0,0.249,64.0,21.4,22.0,7.36,0.6559999999999999,0.1019999999999999,22.77,10.13,19.65,29.78,25.55,19.69,48.0,0.095,25.0,52.08,6.0,12.5,0.32699999999999996,0.023999999999999994,45.1,23.23,16.16,39.39,36.78,32.89,62.0,0.167,16.0,25.81,10.0,16.13,0.573,0.0829999999999999,22.31,9.61,13.88,23.49,22.0,18.39
745654,2024-06-06,2024,680869,R,657508,R,field_out,False,False,137.0,0.184,45.0,32.85,9.0,6.57,0.5469999999999999,0.12,35.23,17.48,16.35,33.83,27.48,28.66,220.0,0.303,54.0,24.55,18.0,8.18,0.969,0.298,30.92,15.24,15.12,30.36,29.22,21.29,64.0,0.211,13.0,20.31,6.0,9.38,0.63,0.12200000000000003,27.03,12.66,16.88,29.54,25.2,19.12,173.0,0.228,33.0,19.08,19.0,10.98,0.696,0.148,24.01,11.74,12.93,24.67,27.17,16.02
745654,2024-06-06,2024,680474,R,657508,R,strikeout,True,False,92.0,0.277,23.0,25.0,7.0,7.61,0.721,0.09599999999999997,25.32,10.0,21.79,31.79,17.24,20.35,,,,,,,,,,,,,,,64.0,0.211,13.0,20.31,6.0,9.38,0.63,0.12200000000000003,27.03,12.66,16.88,29.54,25.2,19.12,173.0,0.228,33.0,19.08,19.0,10.98,0.696,0.148,24.01,11.74,12.93,24.67,27.17,16.02
745654,2024-06-06,2024,647351,L,657508,R,field_out,False,False,174.0,0.253,33.0,18.97,9.0,5.17,0.6819999999999999,0.124,20.19,9.26,18.38,27.65,28.57,17.55,20.0,0.412,5.0,25.0,2.0,10.0,1.265,0.353,37.04,15.62,26.56,42.19,25.0,31.25,38.0,0.258,7.0,18.42,6.0,15.79,0.723,0.09699999999999998,19.7,9.22,14.89,24.11,20.31,16.67,100.0,0.209,28.0,28.0,14.0,14.0,0.6799999999999999,0.151,26.6,12.25,16.91,29.17,27.69,22.05
745654,2024-06-06,2024,677594,R,695243,R,home_run,False,False,197.0,0.245,54.0,27.41,12.0,6.09,0.598,0.059,30.66,16.39,12.23,28.63,35.73,19.06,545.0,0.267,127.0,23.3,35.0,6.42,0.8109999999999999,0.2169999999999999,27.93,14.91,13.12,28.03,38.34,22.84,57.0,0.2,27.0,47.37,5.0,8.77,0.623,0.15999999999999998,41.8,20.24,18.65,38.89,42.52,32.93,78.0,0.229,22.0,28.21,6.0,7.69,0.642,0.114,29.19,14.24,14.55,28.79,28.75,20.56
745654,2024-06-06,2024,663728,L,695243,R,walk,False,True,161.0,0.222,56.0,34.78,16.0,9.94,0.6799999999999999,0.16,30.03,15.27,12.97,28.24,31.35,22.63,462.0,0.235,126.0,27.27,47.0,10.17,0.7909999999999999,0.241,29.58,14.2,14.09,28.29,30.53,21.36,48.0,0.095,25.0,52.08,6.0,12.5,0.32699999999999996,0.023999999999999994,45.1,23.23,16.16,39.39,36.78,32.89,62.0,0.167,16.0,25.81,10.0,16.13,0.573,0.0829999999999999,22.31,9.61,13.88,23.49,22.0,18.39
745654,2024-06-06,2024,664034,R,695243,R,strikeout,True,False,165.0,0.245,39.0,23.64,9.0,5.45,0.687,0.139,20.13,9.79,14.85,24.64,26.06,19.12,506.0,0.24,85.0,16.8,37.0,7.31,0.698,0.1169999999999999,22.16,11.42,13.69,25.11,32.3,15.51,57.0,0.2,27.0,47.37,5.0,8.77,0.623,0.15999999999999998,41.8,20.24,18.65,38.89,42.52,32.93,78.0,0.229,22.0,28.21,6.0,7.69,0.642,0.114,29.19,14.24,14.55,28.79,28.75,20.56
745654,2024-06-06,2024,645302,R,695243,R,grounded_into_double_play,False,False,26.0,0.158,5.0,19.23,4.0,15.38,0.478,0.0,27.59,13.33,13.33,26.67,26.98,10.42,86.0,0.27,15.0,17.44,7.0,8.14,0.6950000000000001,0.068,25.15,13.52,8.81,22.33,27.11,17.05,57.0,0.2,27.0,47.37,5.0,8.77,0.623,0.15999999999999998,41.8,20.24,18.65,38.89,42.52,32.93,78.0,0.229,22.0,28.21,6.0,7.69,0.642,0.114,29.19,14.24,14.55,28.79,28.75,20.56
745007,2024-06-06,2024,663837,R,570632,R,field_out,False,False,137.0,0.266,33.0,24.09,6.0,4.38,0.817,0.25,20.78,8.74,20.95,29.69,17.65,20.12,383.0,0.26,92.0,24.02,29.0,7.57,0.724,0.14,21.06,9.23,21.95,31.18,28.67,18.31,124.0,0.232,19.0,15.32,11.0,8.87,0.708,0.17,21.7,9.62,15.9,25.52,24.61,14.39,90.0,0.257,14.0,15.56,11.0,12.22,1.001,0.392,23.78,11.17,16.62,27.79,29.95,13.59
745007,2024-06-06,2024,682985,L,570632,R,strikeout,True,False,206.0,0.264,56.0,27.18,29.0,14.08,0.86,0.22499999999999998,29.86,12.16,17.71,29.87,20.81,23.33,323.0,0.291,84.0,26.01,28.0,8.67,0.826,0.182,27.26,12.45,16.06,28.52,24.68,20.14,96.0,0.227,18.0,18.75,6.0,6.25,0.635,0.13699999999999998,26.55,12.5,14.1,26.6,32.0,19.57,115.0,0.304,15.0,13.04,11.0,9.57,0.927,0.255,20.1,9.48,13.51,22.99,30.2,13.51
745007,2024-06-06,2024,592192,R,570632,R,field_out,False,False,183.0,0.236,38.0,20.77,19.0,10.38,0.692,0.121,21.95,8.55,23.47,32.02,21.01,17.84,341.0,0.261,56.0,16.42,28.0,8.21,0.721,0.1079999999999999,18.91,7.86,21.98,29.84,23.71,13.49,124.0,0.232,19.0,15.32,11.0,8.87,0.708,0.17,21.7,9.62,15.9,25.52,24.61,14.39,90.0,0.257,14.0,15.56,11.0,12.22,1.001,0.392,23.78,11.17,16.62,27.79,29.95,13.59
745007,2024-06-06,2024,543760,R,666214,L,field_out,False,False,87.0,0.35,13.0,14.94,7.0,8.05,1.002,0.25,18.42,8.67,15.17,23.84,23.17,16.46,210.0,0.283,33.0,15.71,20.0,9.52,0.8009999999999999,0.156,18.13,8.56,14.97,23.53,20.61,16.58,76.0,0.297,18.0,23.68,8.0,10.53,0.882,0.203,31.33,15.46,13.82,29.28,36.42,19.57,371.0,0.301,79.0,21.29,33.0,8.89,0.924,0.261,26.27,12.72,15.19,27.91,26.14,16.42
745007,2024-06-06,2024,608369,L,666214,L,field_out,False,False,85.0,0.25,25.0,29.41,1.0,1.18,0.64,0.131,27.16,15.17,11.72,26.9,29.46,35.21,166.0,0.314,33.0,19.88,7.0,4.22,0.881,0.218,27.65,15.41,9.68,25.09,30.66,22.92,49.0,0.302,12.0,24.49,5.0,10.2,0.8069999999999999,0.11699999999999999,25.26,12.18,16.75,28.93,27.45,17.65,122.0,0.278,19.0,15.57,14.0,11.48,0.796,0.1569999999999999,22.68,10.23,17.67,27.91,22.64,17.12
745007,2024-06-06,2024,669701,L,666214,L,walk,False,True,57.0,0.32,15.0,26.32,4.0,7.02,0.8440000000000001,0.12,25.0,11.9,16.67,28.57,25.51,23.08,33.0,0.12,9.0,27.27,6.0,18.18,0.6930000000000001,0.24,26.09,9.3,20.93,30.23,19.44,31.03,49.0,0.302,12.0,24.49,5.0,10.2,0.8069999999999999,0.11699999999999999,25.26,12.18,16.75,28.93,27.45,17.65,122.0,0.278,19.0,15.57,14.0,11.48,0.796,0.1569999999999999,22.68,10.23,17.67,27.91,22.64,17.12
745007,2024-06-06,2024,666969,R,666214,L,walk,False,True,81.0,0.268,24.0,29.63,6.0,7.41,0.8140000000000001,0.22499999999999998,29.09,17.08,9.61,26.69,35.82,30.0,152.0,0.244,37.0,24.34,24.0,15.79,0.866,0.26,31.62,13.61,14.56,28.16,22.03,21.26,76.0,0.297,18.0,23.68,8.0,10.53,0.882,0.203,31.33,15.46,13.82,29.28,36.42,19.57,371.0,0.301,79.0,21.29,33.0,8.89,0.924,0.261,26.27,12.72,15.19,27.91,26.14,16.42
745007,2024-06-06,2024,663993,L,666214,L,walk,False,True,58.0,0.28,14.0,24.14,7.0,12.07,0.6819999999999999,0.03999999999999998,16.22,6.64,21.77,28.41,22.4,13.46,219.0,0.223,52.0,23.74,24.0,10.96,0.643,0.109,22.66,9.89,18.18,28.07,24.2,19.48,49.0,0.302,12.0,24.49,5.0,10.2,0.8069999999999999,0.11699999999999999,25.26,12.18,16.75,28.93,27.45,17.65,122.0,0.278,19.0,15.57,14.0,11.48,0.796,0.1569999999999999,22.68,10.23,17.67,27.91,22.64,17.12
745007,2024-06-06,2024,694671,R,666214,L,strikeout,True,False,41.0,0.216,13.0,31.71,3.0,7.32,0.673,0.18900000000000003,32.43,13.41,20.11,33.52,24.18,22.81,,,,,,,,,,,,,,,76.0,0.297,18.0,23.68,8.0,10.53,0.882,0.203,31.33,15.46,13.82,29.28,36.42,19.57,371.0,0.301,79.0,21.29,33.0,8.89,0.924,0.261,26.27,12.72,15.19,27.91,26.14,16.42
745007,2024-06-06,2024,570482,R,570632,R,field_out,False,False,88.0,0.305,10.0,11.36,4.0,4.55,0.768,0.122,20.25,10.16,17.46,27.62,32.9,12.99,175.0,0.276,30.0,17.14,9.0,5.14,0.653,0.061,20.55,11.01,13.8,24.82,34.39,12.39,124.0,0.232,19.0,15.32,11.0,8.87,0.708,0.17,21.7,9.62,15.9,25.52,24.61,14.39,90.0,0.257,14.0,15.56,11.0,12.22,1.001,0.392,23.78,11.17,16.62,27.79,29.95,13.59
745007,2024-06-06,2024,690993,L,570632,R,field_out,False,False,172.0,0.22,29.0,16.86,11.0,6.4,0.569,0.07599999999999998,23.0,10.82,16.3,27.12,31.02,18.24,,,,,,,,,,,,,,,96.0,0.227,18.0,18.75,6.0,6.25,0.635,0.13699999999999998,26.55,12.5,14.1,26.6,32.0,19.57,115.0,0.304,15.0,13.04,11.0,9.57,0.927,0.255,20.1,9.48,13.51,22.99,30.2,13.51
745007,2024-06-06,2024,656716,L,570632,R,field_out,False,False,92.0,0.207,26.0,28.26,8.0,8.7,0.6,0.11000000000000001,28.73,13.94,17.16,31.1,30.56,22.03,475.0,0.23,109.0,22.95,38.0,8.0,0.653,0.1259999999999999,21.06,10.13,16.08,26.2,28.04,19.12,96.0,0.227,18.0,18.75,6.0,6.25,0.635,0.13699999999999998,26.55,12.5,14.1,26.6,32.0,19.57,115.0,0.304,15.0,13.04,11.0,9.57,0.927,0.255,20.1,9.48,13.51,22.99,30.2,13.51
745007,2024-06-06,2024,641680,R,666214,L,single,False,False,64.0,0.254,8.0,12.5,4.0,6.25,0.6699999999999999,0.119,15.75,9.35,10.75,20.09,30.3,13.79,90.0,0.329,13.0,14.44,7.0,7.78,0.866,0.1589999999999999,20.1,11.3,11.3,22.6,34.86,13.0,76.0,0.297,18.0,23.68,8.0,10.53,0.882,0.203,31.33,15.46,13.82,29.28,36.42,19.57,371.0,0.301,79.0,21.29,33.0,8.89,0.924,0.261,26.27,12.72,15.19,27.91,26.14,16.42
745007,2024-06-06,2024,608671,L,666214,L,force_out,False,False,7.0,0.0,0.0,0.0,0.0,0.0,0.0,0.0,16.67,8.0,24.0,32.0,11.11,0.0,32.0,0.214,5.0,15.62,3.0,9.38,0.611,0.107,16.33,5.88,21.32,27.21,14.49,15.15,49.0,0.302,12.0,24.49,5.0,10.2,0.8069999999999999,0.11699999999999999,25.26,12.18,16.75,28.93,27.45,17.65,122.0,0.278,19.0,15.57,14.0,11.48,0.796,0.1569999999999999,22.68,10.23,17.67,27.91,22.64,17.12
745007,2024-06-06,2024,665750,R,666214,L,field_out,False,False,72.0,0.206,15.0,20.83,8.0,11.11,0.582,0.07999999999999999,31.09,13.41,14.86,28.26,21.48,21.13,150.0,0.241,31.0,20.67,10.0,6.67,0.638,0.102,22.26,10.54,15.89,26.42,25.0,19.38,76.0,0.297,18.0,23.68,8.0,10.53,0.882,0.203,31.33,15.46,13.82,29.28,36.42,19.57,371.0,0.301,79.0,21.29,33.0,8.89,0.924,0.261,26.27,12.72,15.19,27.91,26.14,16.42
745007,2024-06-06,2024,543760,R,666214,L,walk,False,True,87.0,0.35,13.0,14.94,7.0,8.05,1.002,0.25,18.42,8.67,15.17,23.84,23.17,16.46,210.0,0.283,33.0,15.71,20.0,9.52,0.8009999999999999,0.156,18.13,8.56,14.97,23.53,20.61,16.58,76.0,0.297,18.0,23.68,8.0,10.53,0.882,0.203,31.33,15.46,13.82,29.28,36.42,19.57,371.0,0.301,79.0,21.29,33.0,8.89,0.924,0.261,26.27,12.72,15.19,27.91,26.14,16.42
745007,2024-06-06,2024,608369,L,666214,L,single,False,False,85.0,0.25,25.0,29.41,1.0,1.18,0.64,0.131,27.16,15.17,11.72,26.9,29.46,35.21,166.0,0.314,33.0,19.88,7.0,4.22,0.881,0.218,27.65,15.41,9.68,25.09,30.66,22.92,49.0,0.302,12.0,24.49,5.0,10.2,0.8069999999999999,0.11699999999999999,25.26,12.18,16.75,28.93,27.45,17.65,122.0,0.278,19.0,15.57,14.0,11.48,0.796,0.1569999999999999,22.68,10.23,17.67,27.91,22.64,17.12
745007,2024-06-06,2024,669701,L,666214,L,pickoff_caught_stealing_2b,False,False,57.0,0.32,15.0,26.32,4.0,7.02,0.8440000000000001,0.12,25.0,11.9,16.67,28.57,25.51,23.08,33.0,0.12,9.0,27.27,6.0,18.18,0.6930000000000001,0.24,26.09,9.3,20.93,30.23,19.44,31.03,49.0,0.302,12.0,24.49,5.0,10.2,0.8069999999999999,0.11699999999999999,25.26,12.18,16.75,28.93,27.45,17.65,122.0,0.278,19.0,15.57,14.0,11.48,0.796,0.1569999999999999,22.68,10.23,17.67,27.91,22.64,17.12
745007,2024-06-06,2024,669234,R,570632,R,field_out,False,False,10.0,0.2,3.0,30.0,0.0,0.0,0.7,0.3,42.11,20.51,20.51,41.03,7.14,25.0,,,,,,,,,,,,,,,124.0,0.232,19.0,15.32,11.0,8.87,0.708,0.17,21.7,9.62,15.9,25.52,24.61,14.39,90.0,0.257,14.0,15.56,11.0,12.22,1.001,0.392,23.78,11.17,16.62,27.79,29.95,13.59
745007,2024-06-06,2024,595879,R,570632,R,strikeout,True,False,144.0,0.176,35.0,24.31,4.0,2.78,0.436,0.059,30.57,16.27,17.07,33.33,47.22,23.18,408.0,0.218,98.0,24.02,12.0,2.94,0.573,0.099,34.03,18.61,14.09,32.7,45.18,22.9,124.0,0.232,19.0,15.32,11.0,8.87,0.708,0.17,21.7,9.62,15.9,25.52,24.61,14.39,90.0,0.257,14.0,15.56,11.0,12.22,1.001,0.392,23.78,11.17,16.62,27.79,29.95,13.59
745007,2024-06-06,2024,668670,R,570632,R,field_out,False,False,89.0,0.238,30.0,33.71,3.0,3.37,0.698,0.179,33.56,15.15,20.0,35.15,24.38,32.26,259.0,0.215,84.0,32.43,20.0,7.72,0.676,0.18,31.32,14.43,18.81,33.23,22.13,28.38,124.0,0.232,19.0,15.32,11.0,8.87,0.708,0.17,21.7,9.62,15.9,25.52,24.61,14.39,90.0,0.257,14.0,15.56,11.0,12.22,1.001,0.392,23.78,11.17,16.62,27.79,29.95,13.59
745007,2024-06-06,2024,669701,L,666214,L,home_run,False,False,57.0,0.32,15.0,26.32,4.0,7.02,0.8440000000000001,0.12,25.0,11.9,16.67,28.57,25.51,23.08,33.0,0.12,9.0,27.27,6.0,18.18,0.6930000000000001,0.24,26.09,9.3,20.93,30.23,19.44,31.03,49.0,0.302,12.0,24.49,5.0,10.2,0.8069999999999999,0.11699999999999999,25.26,12.18,16.75,28.93,27.45,17.65,122.0,0.278,19.0,15.57,14.0,11.48,0.796,0.1569999999999999,22.68,10.23,17.67,27.91,22.64,17.12
745007,2024-06-06,2024,666969,R,666214,L,strikeout,True,False,81.0,0.268,24.0,29.63,6.0,7.41,0.8140000000000001,0.22499999999999998,29.09,17.08,9.61,26.69,35.82,30.0,152.0,0.244,37.0,24.34,24.0,15.79,0.866,0.26,31.62,13.61,14.56,28.16,22.03,21.26,76.0,0.297,18.0,23.68,8.0,10.53,0.882,0.203,31.33,15.46,13.82,29.28,36.42,19.57,371.0,0.301,79.0,21.29,33.0,8.89,0.924,0.261,26.27,12.72,15.19,27.91,26.14,16.42
745007,2024-06-06,2024,663993,L,666214,L,single,False,False,58.0,0.28,14.0,24.14,7.0,12.07,0.6819999999999999,0.03999999999999998,16.22,6.64,21.77,28.41,22.4,13.46,219.0,0.223,52.0,23.74,24.0,10.96,0.643,0.109,22.66,9.89,18.18,28.07,24.2,19.48,49.0,0.302,12.0,24.49,5.0,10.2,0.8069999999999999,0.11699999999999999,25.26,12.18,16.75,28.93,27.45,17.65,122.0,0.278,19.0,15.57,14.0,11.48,0.796,0.1569999999999999,22.68,10.23,17.67,27.91,22.64,17.12
745007,2024-06-06,2024,694671,R,666214,L,field_out,False,False,41.0,0.216,13.0,31.71,3.0,7.32,0.673,0.18900000000000003,32.43,13.41,20.11,33.52,24.18,22.81,,,,,,,,,,,,,,,76.0,0.297,18.0,23.68,8.0,10.53,0.882,0.203,31.33,15.46,13.82,29.28,36.42,19.57,371.0,0.301,79.0,21.29,33.0,8.89,0.924,0.261,26.27,12.72,15.19,27.91,26.14,16.42
745007,2024-06-06,2024,641680,L,669438,R,home_run,False,False,149.0,0.25,31.0,20.81,8.0,5.37,0.6659999999999999,0.121,20.35,10.36,13.75,24.11,32.29,21.09,411.0,0.243,82.0,19.95,33.0,8.03,0.733,0.185,23.06,11.69,13.75,25.44,29.36,17.15,17.0,0.412,1.0,5.88,0.0,0.0,1.236,0.412,14.29,7.46,7.46,14.93,28.95,6.67,99.0,0.337,18.0,18.18,8.0,8.08,0.984,0.2589999999999999,25.12,12.89,12.41,25.3,29.55,12.59
745007,2024-06-06,2024,608671,L,669438,R,field_out,False,False,82.0,0.263,14.0,17.07,4.0,4.88,0.659,0.07900000000000001,12.86,5.59,22.05,27.64,19.44,14.29,256.0,0.269,37.0,14.45,32.0,12.5,0.698,0.064,14.4,5.5,22.1,27.6,16.03,15.16,17.0,0.412,1.0,5.88,0.0,0.0,1.236,0.412,14.29,7.46,7.46,14.93,28.95,6.67,99.0,0.337,18.0,18.18,8.0,8.08,0.984,0.2589999999999999,25.12,12.89,12.41,25.3,29.55,12.59
745007,2024-06-06,2024,663837,R,570632,R,strikeout,True,False,137.0,0.266,33.0,24.09,6.0,4.38,0.817,0.25,20.78,8.74,20.95,29.69,17.65,20.12,383.0,0.26,92.0,24.02,29.0,7.57,0.724,0.14,21.06,9.23,21.95,31.18,28.67,18.31,124.0,0.232,19.0,15.32,11.0,8.87,0.708,0.17,21.7,9.62,15.9,25.52,24.61,14.39,90.0,0.257,14.0,15.56,11.0,12.22,1.001,0.392,23.78,11.17,16.62,27.79,29.95,13.59
745007,2024-06-06,2024,682985,L,570632,R,field_out,False,False,206.0,0.264,56.0,27.18,29.0,14.08,0.86,0.22499999999999998,29.86,12.16,17.71,29.87,20.81,23.33,323.0,0.291,84.0,26.01,28.0,8.67,0.826,0.182,27.26,12.45,16.06,28.52,24.68,20.14,96.0,0.227,18.0,18.75,6.0,6.25,0.635,0.13699999999999998,26.55,12.5,14.1,26.6,32.0,19.57,115.0,0.304,15.0,13.04,11.0,9.57,0.927,0.255,20.1,9.48,13.51,22.99,30.2,13.51
745007,2024-06-06,2024,592192,R,570632,R,strikeout,True,False,183.0,0.236,38.0,20.77,19.0,10.38,0.692,0.121,21.95,8.55,23.47,32.02,21.01,17.84,341.0,0.261,56.0,16.42,28.0,8.21,0.721,0.1079999999999999,18.91,7.86,21.98,29.84,23.71,13.49,124.0,0.232,19.0,15.32,11.0,8.87,0.708,0.17,21.7,9.62,15.9,25.52,24.61,14.39,90.0,0.257,14.0,15.56,11.0,12.22,1.001,0.392,23.78,11.17,16.62,27.79,29.95,13.59
745007,2024-06-06,2024,665750,L,669438,R,field_out,False,False,151.0,0.246,27.0,17.88,13.0,8.61,0.702,0.14500000000000002,22.55,11.05,15.69,26.74,30.69,16.88,405.0,0.275,86.0,21.23,25.0,6.17,0.767,0.174,24.9,12.5,15.05,27.55,29.44,18.34,17.0,0.412,1.0,5.88,0.0,0.0,1.236,0.412,14.29,7.46,7.46,14.93,28.95,6.67,99.0,0.337,18.0,18.18,8.0,8.08,0.984,0.2589999999999999,25.12,12.89,12.41,25.3,29.55,12.59
745007,2024-06-06,2024,543760,R,669438,R,field_out,False,False,192.0,0.224,28.0,14.58,17.0,8.85,0.6599999999999999,0.144,21.66,11.18,12.86,24.04,25.69,17.61,544.0,0.273,77.0,14.15,52.0,9.56,0.8360000000000001,0.2199999999999999,18.01,8.45,14.48,22.93,21.97,13.9,23.0,0.1,5.0,21.74,2.0,8.7,0.517,0.19999999999999998,26.19,11.96,15.22,27.17,28.26,14.71,155.0,0.262,23.0,14.84,9.0,5.81,0.796,0.2199999999999999,22.46,11.46,14.6,26.06,25.61,16.08
745007,2024-06-06,2024,677649,R,669438,R,field_out,False,False,73.0,0.275,17.0,23.29,3.0,4.11,0.663,0.07299999999999995,23.72,12.8,12.46,25.26,37.18,15.04,308.0,0.277,86.0,27.92,13.0,4.22,0.738,0.1409999999999999,28.89,15.73,13.64,29.37,39.12,22.25,23.0,0.1,5.0,21.74,2.0,8.7,0.517,0.19999999999999998,26.19,11.96,15.22,27.17,28.26,14.71,155.0,0.262,23.0,14.84,9.0,5.81,0.796,0.2199999999999999,22.46,11.46,14.6,26.06,25.61,16.08
745007,2024-06-06,2024,570482,R,570632,R,field_out,False,False,88.0,0.305,10.0,11.36,4.0,4.55,0.768,0.122,20.25,10.16,17.46,27.62,32.9,12.99,175.0,0.276,30.0,17.14,9.0,5.14,0.653,0.061,20.55,11.01,13.8,24.82,34.39,12.39,124.0,0.232,19.0,15.32,11.0,8.87,0.708,0.17,21.7,9.62,15.9,25.52,24.61,14.39,90.0,0.257,14.0,15.56,11.0,12.22,1.001,0.392,23.78,11.17,16.62,27.79,29.95,13.59
745007,2024-06-06,2024,690993,L,570632,R,field_out,False,False,172.0,0.22,29.0,16.86,11.0,6.4,0.569,0.07599999999999998,23.0,10.82,16.3,27.12,31.02,18.24,,,,,,,,,,,,,,,96.0,0.227,18.0,18.75,6.0,6.25,0.635,0.13699999999999998,26.55,12.5,14.1,26.6,32.0,19.57,115.0,0.304,15.0,13.04,11.0,9.57,0.927,0.255,20.1,9.48,13.51,22.99,30.2,13.51
745007,2024-06-06,2024,656716,L,570632,R,field_out,False,False,92.0,0.207,26.0,28.26,8.0,8.7,0.6,0.11000000000000001,28.73,13.94,17.16,31.1,30.56,22.03,475.0,0.23,109.0,22.95,38.0,8.0,0.653,0.1259999999999999,21.06,10.13,16.08,26.2,28.04,19.12,96.0,0.227,18.0,18.75,6.0,6.25,0.635,0.13699999999999998,26.55,12.5,14.1,26.6,32.0,19.57,115.0,0.304,15.0,13.04,11.0,9.57,0.927,0.255,20.1,9.48,13.51,22.99,30.2,13.51
745007,2024-06-06,2024,669701,L,669438,R,double,False,False,163.0,0.28,27.0,16.56,14.0,8.59,0.8089999999999999,0.16099999999999998,18.06,8.57,18.1,26.67,24.67,13.3,200.0,0.194,46.0,23.0,19.0,9.5,0.623,0.13,20.71,8.96,19.58,28.54,22.65,15.97,17.0,0.412,1.0,5.88,0.0,0.0,1.236,0.412,14.29,7.46,7.46,14.93,28.95,6.67,99.0,0.337,18.0,18.18,8.0,8.08,0.984,0.2589999999999999,25.12,12.89,12.41,25.3,29.55,12.59
745007,2024-06-06,2024,666969,R,669438,R,field_out,False,False,167.0,0.203,44.0,26.35,10.0,5.99,0.675,0.21499999999999997,35.84,18.95,10.83,29.78,35.54,25.0,480.0,0.245,138.0,28.75,41.0,8.54,0.8260000000000001,0.264,31.65,15.93,13.92,29.85,32.02,21.97,23.0,0.1,5.0,21.74,2.0,8.7,0.517,0.19999999999999998,26.19,11.96,15.22,27.17,28.26,14.71,155.0,0.262,23.0,14.84,9.0,5.81,0.796,0.2199999999999999,22.46,11.46,14.6,26.06,25.61,16.08
745007,2024-06-06,2024,663993,L,669438,R,field_out,False,False,107.0,0.258,21.0,19.63,16.0,14.95,0.734,0.10199999999999998,14.37,5.51,19.6,25.11,24.7,15.33,505.0,0.279,113.0,22.38,69.0,13.66,0.833,0.172,19.81,8.64,15.62,24.26,19.45,16.87,17.0,0.412,1.0,5.88,0.0,0.0,1.236,0.412,14.29,7.46,7.46,14.93,28.95,6.67,99.0,0.337,18.0,18.18,8.0,8.08,0.984,0.2589999999999999,25.12,12.89,12.41,25.3,29.55,12.59
745007,2024-06-06,2024,694671,R,669438,R,field_out,False,False,120.0,0.227,23.0,19.17,9.0,7.5,0.5469999999999999,0.027999999999999997,19.09,8.32,19.21,27.52,23.28,14.29,,,,,,,,,,,,,,,23.0,0.1,5.0,21.74,2.0,8.7,0.517,0.19999999999999998,26.19,11.96,15.22,27.17,28.26,14.71,155.0,0.262,23.0,14.84,9.0,5.81,0.796,0.2199999999999999,22.46,11.46,14.6,26.06,25.61,16.08
745007,2024-06-06,2024,669234,R,570632,R,home_run,False,False,10.0,0.2,3.0,30.0,0.0,0.0,0.7,0.3,42.11,20.51,20.51,41.03,7.14,25.0,,,,,,,,,,,,,,,124.0,0.232,19.0,15.32,11.0,8.87,0.708,0.17,21.7,9.62,15.9,25.52,24.61,14.39,90.0,0.257,14.0,15.56,11.0,12.22,1.001,0.392,23.78,11.17,16.62,27.79,29.95,13.59
745007,2024-06-06,2024,595879,R,570632,R,field_out,False,False,144.0,0.176,35.0,24.31,4.0,2.78,0.436,0.059,30.57,16.27,17.07,33.33,47.22,23.18,408.0,0.218,98.0,24.02,12.0,2.94,0.573,0.099,34.03,18.61,14.09,32.7,45.18,22.9,124.0,0.232,19.0,15.32,11.0,8.87,0.708,0.17,21.7,9.62,15.9,25.52,24.61,14.39,90.0,0.257,14.0,15.56,11.0,12.22,1.001,0.392,23.78,11.17,16.62,27.79,29.95,13.59
745007,2024-06-06,2024,668670,R,570632,R,strikeout,True,False,89.0,0.238,30.0,33.71,3.0,3.37,0.698,0.179,33.56,15.15,20.0,35.15,24.38,32.26,259.0,0.215,84.0,32.43,20.0,7.72,0.676,0.18,31.32,14.43,18.81,33.23,22.13,28.38,124.0,0.232,19.0,15.32,11.0,8.87,0.708,0.17,21.7,9.62,15.9,25.52,24.61,14.39,90.0,0.257,14.0,15.56,11.0,12.22,1.001,0.392,23.78,11.17,16.62,27.79,29.95,13.59
745007,2024-06-06,2024,663837,R,570632,R,field_out,False,False,137.0,0.266,33.0,24.09,6.0,4.38,0.817,0.25,20.78,8.74,20.95,29.69,17.65,20.12,383.0,0.26,92.0,24.02,29.0,7.57,0.724,0.14,21.06,9.23,21.95,31.18,28.67,18.31,124.0,0.232,19.0,15.32,11.0,8.87,0.708,0.17,21.7,9.62,15.9,25.52,24.61,14.39,90.0,0.257,14.0,15.56,11.0,12.22,1.001,0.392,23.78,11.17,16.62,27.79,29.95,13.59
745007,2024-06-06,2024,641680,L,669438,R,double,False,False,149.0,0.25,31.0,20.81,8.0,5.37,0.6659999999999999,0.121,20.35,10.36,13.75,24.11,32.29,21.09,411.0,0.243,82.0,19.95,33.0,8.03,0.733,0.185,23.06,11.69,13.75,25.44,29.36,17.15,17.0,0.412,1.0,5.88,0.0,0.0,1.236,0.412,14.29,7.46,7.46,14.93,28.95,6.67,99.0,0.337,18.0,18.18,8.0,8.08,0.984,0.2589999999999999,25.12,12.89,12.41,25.3,29.55,12.59
745007,2024-06-06,2024,608671,L,669438,R,field_out,False,False,82.0,0.263,14.0,17.07,4.0,4.88,0.659,0.07900000000000001,12.86,5.59,22.05,27.64,19.44,14.29,256.0,0.269,37.0,14.45,32.0,12.5,0.698,0.064,14.4,5.5,22.1,27.6,16.03,15.16,17.0,0.412,1.0,5.88,0.0,0.0,1.236,0.412,14.29,7.46,7.46,14.93,28.95,6.67,99.0,0.337,18.0,18.18,8.0,8.08,0.984,0.2589999999999999,25.12,12.89,12.41,25.3,29.55,12.59
745007,2024-06-06,2024,665750,L,669438,R,field_out,False,False,151.0,0.246,27.0,17.88,13.0,8.61,0.702,0.14500000000000002,22.55,11.05,15.69,26.74,30.69,16.88,405.0,0.275,86.0,21.23,25.0,6.17,0.767,0.174,24.9,12.5,15.05,27.55,29.44,18.34,17.0,0.412,1.0,5.88,0.0,0.0,1.236,0.412,14.29,7.46,7.46,14.93,28.95,6.67,99.0,0.337,18.0,18.18,8.0,8.08,0.984,0.2589999999999999,25.12,12.89,12.41,25.3,29.55,12.59
745007,2024-06-06,2024,543760,R,669438,R,intent_walk,False,True,192.0,0.224,28.0,14.58,17.0,8.85,0.6599999999999999,0.144,21.66,11.18,12.86,24.04,25.69,17.61,544.0,0.273,77.0,14.15,52.0,9.56,0.8360000000000001,0.2199999999999999,18.01,8.45,14.48,22.93,21.97,13.9,23.0,0.1,5.0,21.74,2.0,8.7,0.517,0.19999999999999998,26.19,11.96,15.22,27.17,28.26,14.71,155.0,0.262,23.0,14.84,9.0,5.81,0.796,0.2199999999999999,22.46,11.46,14.6,26.06,25.61,16.08
745007,2024-06-06,2024,677649,R,669438,R,field_error,False,False,73.0,0.275,17.0,23.29,3.0,4.11,0.663,0.07299999999999995,23.72,12.8,12.46,25.26,37.18,15.04,308.0,0.277,86.0,27.92,13.0,4.22,0.738,0.1409999999999999,28.89,15.73,13.64,29.37,39.12,22.25,23.0,0.1,5.0,21.74,2.0,8.7,0.517,0.19999999999999998,26.19,11.96,15.22,27.17,28.26,14.71,155.0,0.262,23.0,14.84,9.0,5.81,0.796,0.2199999999999999,22.46,11.46,14.6,26.06,25.61,16.08
745007,2024-06-06,2024,669701,L,669438,R,single,False,False,163.0,0.28,27.0,16.56,14.0,8.59,0.8089999999999999,0.16099999999999998,18.06,8.57,18.1,26.67,24.67,13.3,200.0,0.194,46.0,23.0,19.0,9.5,0.623,0.13,20.71,8.96,19.58,28.54,22.65,15.97,17.0,0.412,1.0,5.88,0.0,0.0,1.236,0.412,14.29,7.46,7.46,14.93,28.95,6.67,99.0,0.337,18.0,18.18,8.0,8.08,0.984,0.2589999999999999,25.12,12.89,12.41,25.3,29.55,12.59
745007,2024-06-06,2024,666969,R,669438,R,strikeout,True,False,167.0,0.203,44.0,26.35,10.0,5.99,0.675,0.21499999999999997,35.84,18.95,10.83,29.78,35.54,25.0,480.0,0.245,138.0,28.75,41.0,8.54,0.8260000000000001,0.264,31.65,15.93,13.92,29.85,32.02,21.97,23.0,0.1,5.0,21.74,2.0,8.7,0.517,0.19999999999999998,26.19,11.96,15.22,27.17,28.26,14.71,155.0,0.262,23.0,14.84,9.0,5.81,0.796,0.2199999999999999,22.46,11.46,14.6,26.06,25.61,16.08
745007,2024-06-06,2024,682985,L,570632,R,strikeout,True,False,206.0,0.264,56.0,27.18,29.0,14.08,0.86,0.22499999999999998,29.86,12.16,17.71,29.87,20.81,23.33,323.0,0.291,84.0,26.01,28.0,8.67,0.826,0.182,27.26,12.45,16.06,28.52,24.68,20.14,96.0,0.227,18.0,18.75,6.0,6.25,0.635,0.13699999999999998,26.55,12.5,14.1,26.6,32.0,19.57,115.0,0.304,15.0,13.04,11.0,9.57,0.927,0.255,20.1,9.48,13.51,22.99,30.2,13.51
745007,2024-06-06,2024,592192,R,570632,R,field_out,False,False,183.0,0.236,38.0,20.77,19.0,10.38,0.692,0.121,21.95,8.55,23.47,32.02,21.01,17.84,341.0,0.261,56.0,16.42,28.0,8.21,0.721,0.1079999999999999,18.91,7.86,21.98,29.84,23.71,13.49,124.0,0.232,19.0,15.32,11.0,8.87,0.708,0.17,21.7,9.62,15.9,25.52,24.61,14.39,90.0,0.257,14.0,15.56,11.0,12.22,1.001,0.392,23.78,11.17,16.62,27.79,29.95,13.59
745007,2024-06-06,2024,570482,R,570632,R,walk,False,True,88.0,0.305,10.0,11.36,4.0,4.55,0.768,0.122,20.25,10.16,17.46,27.62,32.9,12.99,175.0,0.276,30.0,17.14,9.0,5.14,0.653,0.061,20.55,11.01,13.8,24.82,34.39,12.39,124.0,0.232,19.0,15.32,11.0,8.87,0.708,0.17,21.7,9.62,15.9,25.52,24.61,14.39,90.0,0.257,14.0,15.56,11.0,12.22,1.001,0.392,23.78,11.17,16.62,27.79,29.95,13.59
745007,2024-06-06,2024,690993,L,502085,R,strikeout,True,False,172.0,0.22,29.0,16.86,11.0,6.4,0.569,0.07599999999999998,23.0,10.82,16.3,27.12,31.02,18.24,,,,,,,,,,,,,,,54.0,0.122,21.0,38.89,5.0,9.26,0.388,0.062,28.89,11.82,22.27,34.09,26.17,30.88,130.0,0.226,36.0,27.69,14.0,10.77,0.6719999999999999,0.1309999999999999,29.0,12.74,19.01,31.75,30.96,22.64
745007,2024-06-06,2024,663993,L,676684,R,strikeout,True,False,107.0,0.258,21.0,19.63,16.0,14.95,0.734,0.10199999999999998,14.37,5.51,19.6,25.11,24.7,15.33,505.0,0.279,113.0,22.38,69.0,13.66,0.833,0.172,19.81,8.64,15.62,24.26,19.45,16.87,34.0,0.207,5.0,14.71,3.0,8.82,0.506,0.034,26.15,12.41,16.06,28.47,22.39,13.16,85.0,0.218,24.0,28.24,6.0,7.06,0.646,0.154,21.11,10.24,18.06,28.3,34.72,20.51
745007,2024-06-06,2024,694671,R,676684,R,single,False,False,120.0,0.227,23.0,19.17,9.0,7.5,0.5469999999999999,0.027999999999999997,19.09,8.32,19.21,27.52,23.28,14.29,,,,,,,,,,,,,,,70.0,0.262,15.0,21.43,3.0,4.29,0.675,0.123,25.0,13.46,16.54,30.0,34.21,17.65,114.0,0.215,32.0,28.07,7.0,6.14,0.5529999999999999,0.0749999999999999,27.23,12.59,22.76,35.35,32.97,26.45
745007,2024-06-06,2024,641680,L,676684,R,strikeout,True,False,149.0,0.25,31.0,20.81,8.0,5.37,0.6659999999999999,0.121,20.35,10.36,13.75,24.11,32.29,21.09,411.0,0.243,82.0,19.95,33.0,8.03,0.733,0.185,23.06,11.69,13.75,25.44,29.36,17.15,34.0,0.207,5.0,14.71,3.0,8.82,0.506,0.034,26.15,12.41,16.06,28.47,22.39,13.16,85.0,0.218,24.0,28.24,6.0,7.06,0.646,0.154,21.11,10.24,18.06,28.3,34.72,20.51
745007,2024-06-06,2024,608671,L,676684,R,force_out,False,False,82.0,0.263,14.0,17.07,4.0,4.88,0.659,0.07900000000000001,12.86,5.59,22.05,27.64,19.44,14.29,256.0,0.269,37.0,14.45,32.0,12.5,0.698,0.064,14.4,5.5,22.1,27.6,16.03,15.16,34.0,0.207,5.0,14.71,3.0,8.82,0.506,0.034,26.15,12.41,16.06,28.47,22.39,13.16,85.0,0.218,24.0,28.24,6.0,7.06,0.646,0.154,21.11,10.24,18.06,28.3,34.72,20.51
745007,2024-06-06,2024,656716,L,502085,R,field_out,False,False,92.0,0.207,26.0,28.26,8.0,8.7,0.6,0.11000000000000001,28.73,13.94,17.16,31.1,30.56,22.03,475.0,0.23,109.0,22.95,38.0,8.0,0.653,0.1259999999999999,21.06,10.13,16.08,26.2,28.04,19.12,54.0,0.122,21.0,38.89,5.0,9.26,0.388,0.062,28.89,11.82,22.27,34.09,26.17,30.88,130.0,0.226,36.0,27.69,14.0,10.77,0.6719999999999999,0.1309999999999999,29.0,12.74,19.01,31.75,30.96,22.64
745007,2024-06-06,2024,669234,R,502085,R,single,False,False,10.0,0.2,3.0,30.0,0.0,0.0,0.7,0.3,42.11,20.51,20.51,41.03,7.14,25.0,,,,,,,,,,,,,,,61.0,0.235,19.0,31.15,6.0,9.84,0.647,0.07900000000000001,32.22,11.93,23.05,34.98,24.8,28.36,139.0,0.216,42.0,30.22,11.0,7.91,0.6419999999999999,0.1359999999999999,33.2,15.06,18.51,33.58,26.3,26.42
745007,2024-06-06,2024,595879,R,502085,R,strikeout,True,False,144.0,0.176,35.0,24.31,4.0,2.78,0.436,0.059,30.57,16.27,17.07,33.33,47.22,23.18,408.0,0.218,98.0,24.02,12.0,2.94,0.573,0.099,34.03,18.61,14.09,32.7,45.18,22.9,61.0,0.235,19.0,31.15,6.0,9.84,0.647,0.07900000000000001,32.22,11.93,23.05,34.98,24.8,28.36,139.0,0.216,42.0,30.22,11.0,7.91,0.6419999999999999,0.1359999999999999,33.2,15.06,18.51,33.58,26.3,26.42
745007,2024-06-06,2024,668670,R,502085,R,strikeout,True,False,89.0,0.238,30.0,33.71,3.0,3.37,0.698,0.179,33.56,15.15,20.0,35.15,24.38,32.26,259.0,0.215,84.0,32.43,20.0,7.72,0.676,0.18,31.32,14.43,18.81,33.23,22.13,28.38,61.0,0.235,19.0,31.15,6.0,9.84,0.647,0.07900000000000001,32.22,11.93,23.05,34.98,24.8,28.36,139.0,0.216,42.0,30.22,11.0,7.91,0.6419999999999999,0.1359999999999999,33.2,15.06,18.51,33.58,26.3,26.42
745007,2024-06-06,2024,665750,R,605177,L,walk,False,True,72.0,0.206,15.0,20.83,8.0,11.11,0.582,0.07999999999999999,31.09,13.41,14.86,28.26,21.48,21.13,150.0,0.241,31.0,20.67,10.0,6.67,0.638,0.102,22.26,10.54,15.89,26.42,25.0,19.38,58.0,0.327,14.0,24.14,6.0,10.34,0.839,0.11499999999999999,33.01,15.81,13.95,29.77,34.09,26.42,142.0,0.211,43.0,30.28,17.0,11.97,0.738,0.22,35.02,15.71,14.83,30.54,33.9,27.74
745007,2024-06-06,2024,543760,R,605177,L,single,False,False,87.0,0.35,13.0,14.94,7.0,8.05,1.002,0.25,18.42,8.67,15.17,23.84,23.17,16.46,210.0,0.283,33.0,15.71,20.0,9.52,0.8009999999999999,0.156,18.13,8.56,14.97,23.53,20.61,16.58,58.0,0.327,14.0,24.14,6.0,10.34,0.839,0.11499999999999999,33.01,15.81,13.95,29.77,34.09,26.42,142.0,0.211,43.0,30.28,17.0,11.97,0.738,0.22,35.02,15.71,14.83,30.54,33.9,27.74
745007,2024-06-06,2024,677649,R,605177,L,single,False,False,58.0,0.264,13.0,22.41,5.0,8.62,0.63,0.03799999999999998,22.12,12.08,14.01,26.09,38.46,23.64,132.0,0.273,34.0,25.76,10.0,7.58,0.837,0.2309999999999999,27.68,14.45,13.29,27.75,34.33,21.12,58.0,0.327,14.0,24.14,6.0,10.34,0.839,0.11499999999999999,33.01,15.81,13.95,29.77,34.09,26.42,142.0,0.211,43.0,30.28,17.0,11.97,0.738,0.22,35.02,15.71,14.83,30.54,33.9,27.74
745007,2024-06-06,2024,669701,L,605177,L,fielders_choice,False,False,57.0,0.32,15.0,26.32,4.0,7.02,0.8440000000000001,0.12,25.0,11.9,16.67,28.57,25.51,23.08,33.0,0.12,9.0,27.27,6.0,18.18,0.6930000000000001,0.24,26.09,9.3,20.93,30.23,19.44,31.03,38.0,0.242,10.0,26.32,5.0,13.16,0.645,0.061,23.38,11.54,12.82,24.36,33.7,21.28,84.0,0.264,20.0,23.81,11.0,13.1,0.744,0.1109999999999999,25.9,10.32,20.92,31.23,26.29,18.18
745007,2024-06-06,2024,666969,R,605177,L,strikeout,True,False,81.0,0.268,24.0,29.63,6.0,7.41,0.8140000000000001,0.22499999999999998,29.09,17.08,9.61,26.69,35.82,30.0,152.0,0.244,37.0,24.34,24.0,15.79,0.866,0.26,31.62,13.61,14.56,28.16,22.03,21.26,58.0,0.327,14.0,24.14,6.0,10.34,0.839,0.11499999999999999,33.01,15.81,13.95,29.77,34.09,26.42,142.0,0.211,43.0,30.28,17.0,11.97,0.738,0.22,35.02,15.71,14.83,30.54,33.9,27.74
745007,2024-06-06,2024,663993,L,605177,L,single,False,False,58.0,0.28,14.0,24.14,7.0,12.07,0.6819999999999999,0.03999999999999998,16.22,6.64,21.77,28.41,22.4,13.46,219.0,0.223,52.0,23.74,24.0,10.96,0.643,0.109,22.66,9.89,18.18,28.07,24.2,19.48,38.0,0.242,10.0,26.32,5.0,13.16,0.645,0.061,23.38,11.54,12.82,24.36,33.7,21.28,84.0,0.264,20.0,23.81,11.0,13.1,0.744,0.1109999999999999,25.9,10.32,20.92,31.23,26.29,18.18
745007,2024-06-06,2024,694671,R,656716,R,field_out,False,False,120.0,0.227,23.0,19.17,9.0,7.5,0.5469999999999999,0.027999999999999997,19.09,8.32,19.21,27.52,23.28,14.29,,,,,,,,,,,,,,,3.0,0.0,0.0,0.0,1.0,33.33,0.333,0.0,0.0,0.0,22.22,22.22,16.67,,4.0,0.5,0.0,0.0,0.0,0.0,1.25,0.25,0.0,0.0,23.08,23.08,0.0,0.0
745007,2024-06-06,2024,641680,L,656716,R,field_out,False,False,149.0,0.25,31.0,20.81,8.0,5.37,0.6659999999999999,0.121,20.35,10.36,13.75,24.11,32.29,21.09,411.0,0.243,82.0,19.95,33.0,8.03,0.733,0.185,23.06,11.69,13.75,25.44,29.36,17.15,2.0,0.5,0.0,0.0,0.0,0.0,2.5,1.5,0.0,0.0,20.0,20.0,50.0,,2.0,0.5,0.0,0.0,0.0,0.0,2.5,1.5,0.0,0.0,33.33,33.33,40.0,0.0
745007,2024-06-06,2024,663837,R,489446,R,field_out,False,False,137.0,0.266,33.0,24.09,6.0,4.38,0.817,0.25,20.78,8.74,20.95,29.69,17.65,20.12,383.0,0.26,92.0,24.02,29.0,7.57,0.724,0.14,21.06,9.23,21.95,31.18,28.67,18.31,46.0,0.122,13.0,28.26,4.0,8.7,0.34199999999999997,0.023999999999999994,36.27,18.78,10.66,29.44,33.65,21.31,136.0,0.204,47.0,34.56,16.0,11.76,0.657,0.132,33.07,14.97,16.22,31.19,30.57,26.7
745007,2024-06-06,2024,682985,L,489446,R,strikeout,True,False,206.0,0.264,56.0,27.18,29.0,14.08,0.86,0.22499999999999998,29.86,12.16,17.71,29.87,20.81,23.33,323.0,0.291,84.0,26.01,28.0,8.67,0.826,0.182,27.26,12.45,16.06,28.52,24.68,20.14,35.0,0.107,14.0,40.0,6.0,17.14,0.4,0.03599999999999999,36.51,14.47,21.38,35.85,25.61,27.45,119.0,0.124,33.0,27.73,21.0,17.65,0.575,0.1649999999999999,28.19,12.75,12.15,24.9,24.91,21.85
745007,2024-06-06,2024,628451,R,489446,R,strikeout,True,False,31.0,0.172,12.0,38.71,2.0,6.45,0.433,0.035,33.82,18.25,15.87,34.13,40.3,25.53,265.0,0.265,45.0,16.98,18.0,6.79,0.71,0.127,22.24,11.31,15.49,26.81,34.23,16.73,46.0,0.122,13.0,28.26,4.0,8.7,0.34199999999999997,0.023999999999999994,36.27,18.78,10.66,29.44,33.65,21.31,136.0,0.204,47.0,34.56,16.0,11.76,0.657,0.132,33.07,14.97,16.22,31.19,30.57,26.7
746873,2024-06-06,2024,667452,R,592791,R,home_run,False,False,39.0,0.265,5.0,12.82,5.0,12.82,0.8,0.176,15.07,6.67,17.58,24.24,30.34,8.33,250.0,0.249,56.0,22.4,20.0,8.0,0.659,0.0979999999999999,26.42,11.51,19.54,31.05,28.57,19.44,111.0,0.257,18.0,16.22,3.0,2.7,0.6160000000000001,0.08600000000000002,19.8,10.7,17.38,28.07,34.57,16.67,330.0,0.252,77.0,23.33,9.0,2.73,0.653,0.124,24.68,12.85,17.91,30.76,34.04,20.87
746873,2024-06-06,2024,670032,L,592791,R,single,False,False,152.0,0.254,23.0,15.13,13.0,8.55,0.623,0.044999999999999984,18.62,8.7,16.82,25.52,26.47,17.69,212.0,0.228,33.0,15.57,24.0,11.32,0.647,0.089,22.47,10.7,16.47,27.16,26.6,14.22,102.0,0.293,17.0,16.67,10.0,9.8,0.8200000000000001,0.16400000000000003,15.03,6.36,20.05,26.41,25.62,13.28,326.0,0.266,63.0,19.33,32.0,9.82,0.8540000000000001,0.248,19.32,8.96,15.81,24.77,25.19,16.36
746873,2024-06-06,2024,673357,R,592791,R,grounded_into_double_play,False,False,29.0,0.179,11.0,37.93,1.0,3.45,0.743,0.35700000000000004,39.39,22.81,12.28,35.09,38.98,25.58,477.0,0.252,132.0,27.67,25.0,5.24,0.8340000000000001,0.279,32.83,18.94,10.59,29.53,40.07,24.77,111.0,0.257,18.0,16.22,3.0,2.7,0.6160000000000001,0.08600000000000002,19.8,10.7,17.38,28.07,34.57,16.67,330.0,0.252,77.0,23.33,9.0,2.73,0.653,0.124,24.68,12.85,17.91,30.76,34.04,20.87
746873,2024-06-06,2024,657757,L,592791,R,strikeout,True,False,180.0,0.248,27.0,15.0,24.0,13.33,0.77,0.16399999999999998,18.69,8.15,17.66,25.82,27.97,11.59,324.0,0.212,58.0,17.9,28.0,8.64,0.63,0.1369999999999999,20.44,9.67,14.66,24.33,29.35,14.25,102.0,0.293,17.0,16.67,10.0,9.8,0.8200000000000001,0.16400000000000003,15.03,6.36,20.05,26.41,25.62,13.28,326.0,0.266,63.0,19.33,32.0,9.82,0.8540000000000001,0.248,19.32,8.96,15.81,24.77,25.19,16.36
746873,2024-06-06,2024,643565,L,607200,R,field_out,False,False,173.0,0.269,34.0,19.65,24.0,13.87,0.819,0.172,22.82,11.28,11.53,22.81,23.32,12.06,345.0,0.253,73.0,21.16,50.0,14.49,0.739,0.121,23.95,9.92,17.49,27.41,19.14,15.57,162.0,0.223,37.0,22.84,13.0,8.02,0.6579999999999999,0.149,20.86,9.47,14.44,23.91,25.21,18.41,,,,,,,,,,,,,,
746873,2024-06-06,2024,673548,R,607200,R,strikeout,True,False,114.0,0.267,33.0,28.95,6.0,5.26,0.761,0.16899999999999998,27.98,11.54,21.15,32.69,25.0,21.43,419.0,0.278,102.0,24.34,41.0,9.79,0.839,0.2129999999999999,24.3,9.93,20.44,30.37,19.3,20.2,149.0,0.239,36.0,24.16,9.0,6.04,0.6499999999999999,0.11599999999999999,23.74,10.68,18.74,29.42,27.21,20.45,,,,,,,,,,,,,,
746873,2024-06-06,2024,641355,L,607200,R,field_out,False,False,148.0,0.219,27.0,18.24,17.0,11.49,0.763,0.226,26.57,13.14,12.59,25.73,30.86,19.01,373.0,0.291,58.0,15.55,27.0,7.24,0.829,0.198,20.08,10.01,15.91,25.92,29.71,13.74,162.0,0.223,37.0,22.84,13.0,8.02,0.6579999999999999,0.149,20.86,9.47,14.44,23.91,25.21,18.41,,,,,,,,,,,,,,
746873,2024-06-06,2024,683734,R,592791,R,strikeout,True,False,182.0,0.195,48.0,26.37,14.0,7.69,0.5740000000000001,0.10999999999999999,24.55,11.45,18.02,29.47,29.32,21.15,474.0,0.267,109.0,23.0,29.0,6.12,0.774,0.18,26.24,11.95,18.94,30.89,30.92,21.51,111.0,0.257,18.0,16.22,3.0,2.7,0.6160000000000001,0.08600000000000002,19.8,10.7,17.38,28.07,34.57,16.67,330.0,0.252,77.0,23.33,9.0,2.73,0.653,0.124,24.68,12.85,17.91,30.76,34.04,20.87
746873,2024-06-06,2024,693049,L,592791,R,field_out,False,False,10.0,0.125,2.0,20.0,2.0,20.0,0.425,0.0,22.22,10.0,17.5,27.5,34.62,14.29,200.0,0.225,54.0,27.0,9.0,4.5,0.5840000000000001,0.096,31.03,16.83,13.63,30.46,39.85,27.84,102.0,0.293,17.0,16.67,10.0,9.8,0.8200000000000001,0.16400000000000003,15.03,6.36,20.05,26.41,25.62,13.28,326.0,0.266,63.0,19.33,32.0,9.82,0.8540000000000001,0.248,19.32,8.96,15.81,24.77,25.19,16.36
746873,2024-06-06,2024,657557,R,592791,R,field_out,False,False,144.0,0.263,48.0,33.33,5.0,3.47,0.8160000000000001,0.241,33.23,19.56,9.32,28.88,33.47,26.23,281.0,0.203,86.0,30.6,12.0,4.27,0.603,0.1539999999999999,36.49,19.09,15.38,34.47,35.28,34.68,111.0,0.257,18.0,16.22,3.0,2.7,0.6160000000000001,0.08600000000000002,19.8,10.7,17.38,28.07,34.57,16.67,330.0,0.252,77.0,23.33,9.0,2.73,0.653,0.124,24.68,12.85,17.91,30.76,34.04,20.87
746873,2024-06-06,2024,666624,R,607200,R,single,False,False,192.0,0.2,44.0,22.92,22.0,11.46,0.6619999999999999,0.16399999999999998,30.64,14.17,13.64,27.81,25.56,20.66,329.0,0.247,105.0,31.91,27.0,8.21,0.798,0.239,38.21,19.07,13.74,32.81,29.43,27.56,149.0,0.239,36.0,24.16,9.0,6.04,0.6499999999999999,0.11599999999999999,23.74,10.68,18.74,29.42,27.21,20.45,,,,,,,,,,,,,,
746873,2024-06-06,2024,664023,L,607200,R,field_out,False,False,188.0,0.222,54.0,28.72,25.0,13.3,0.7290000000000001,0.17,28.42,12.94,15.63,28.57,22.28,18.95,502.0,0.258,109.0,21.71,80.0,15.94,0.831,0.192,25.86,11.22,15.24,26.46,20.31,17.34,162.0,0.223,37.0,22.84,13.0,8.02,0.6579999999999999,0.149,20.86,9.47,14.44,23.91,25.21,18.41,,,,,,,,,,,,,,
746873,2024-06-06,2024,663538,R,607200,R,fielders_choice,False,False,189.0,0.247,18.0,9.52,18.0,9.52,0.688,0.10799999999999998,13.87,6.3,21.52,27.82,31.4,9.94,508.0,0.274,63.0,12.4,40.0,7.87,0.72,0.0979999999999999,13.4,6.0,20.67,26.67,29.91,12.21,149.0,0.239,36.0,24.16,9.0,6.04,0.6499999999999999,0.11599999999999999,23.74,10.68,18.74,29.42,27.21,20.45,,,,,,,,,,,,,,
746873,2024-06-06,2024,683737,L,607200,R,single,False,False,179.0,0.238,63.0,35.2,23.0,12.85,0.791,0.21200000000000002,33.53,14.97,15.1,30.06,25.18,24.51,66.0,0.158,21.0,31.82,8.0,12.12,0.556,0.1399999999999999,29.79,14.48,13.45,27.93,28.39,21.0,162.0,0.223,37.0,22.84,13.0,8.02,0.6579999999999999,0.149,20.86,9.47,14.44,23.91,25.21,18.41,,,,,,,,,,,,,,
746873,2024-06-06,2024,621020,R,607200,R,single,False,False,159.0,0.214,46.0,28.93,12.0,7.55,0.622,0.13099999999999998,33.33,15.99,15.68,31.68,23.92,23.83,478.0,0.244,111.0,23.22,49.0,10.25,0.734,0.161,28.04,13.13,15.12,28.26,23.34,18.66,149.0,0.239,36.0,24.16,9.0,6.04,0.6499999999999999,0.11599999999999999,23.74,10.68,18.74,29.42,27.21,20.45,,,,,,,,,,,,,,
746873,2024-06-06,2024,543228,R,607200,R,strikeout,True,False,72.0,0.159,27.0,37.5,1.0,1.39,0.442,0.10200000000000001,33.72,19.8,13.65,33.45,45.07,25.96,281.0,0.26,59.0,21.0,14.0,4.98,0.6719999999999999,0.0979999999999999,25.45,13.09,15.78,28.88,36.89,18.55,149.0,0.239,36.0,24.16,9.0,6.04,0.6499999999999999,0.11599999999999999,23.74,10.68,18.74,29.42,27.21,20.45,,,,,,,,,,,,,,
746873,2024-06-06,2024,643565,L,607200,R,field_out,False,False,173.0,0.269,34.0,19.65,24.0,13.87,0.819,0.172,22.82,11.28,11.53,22.81,23.32,12.06,345.0,0.253,73.0,21.16,50.0,14.49,0.739,0.121,23.95,9.92,17.49,27.41,19.14,15.57,162.0,0.223,37.0,22.84,13.0,8.02,0.6579999999999999,0.149,20.86,9.47,14.44,23.91,25.21,18.41,,,,,,,,,,,,,,
746873,2024-06-06,2024,686676,R,592791,R,field_out,False,False,107.0,0.26,29.0,27.1,6.0,5.61,0.742,0.18,37.27,20.97,11.0,31.97,30.29,22.48,47.0,0.116,12.0,25.53,4.0,8.51,0.4,0.0929999999999999,33.71,18.07,13.25,31.33,34.15,23.53,111.0,0.257,18.0,16.22,3.0,2.7,0.6160000000000001,0.08600000000000002,19.8,10.7,17.38,28.07,34.57,16.67,330.0,0.252,77.0,23.33,9.0,2.73,0.653,0.124,24.68,12.85,17.91,30.76,34.04,20.87
746873,2024-06-06,2024,672820,R,592791,R,single,False,False,40.0,0.167,12.0,30.0,2.0,5.0,0.42500000000000004,0.026999999999999996,29.85,13.99,23.78,37.76,36.62,33.33,123.0,0.178,30.0,24.39,2.0,1.63,0.504,0.136,24.69,13.05,16.81,29.87,39.56,22.39,111.0,0.257,18.0,16.22,3.0,2.7,0.6160000000000001,0.08600000000000002,19.8,10.7,17.38,28.07,34.57,16.67,330.0,0.252,77.0,23.33,9.0,2.73,0.653,0.124,24.68,12.85,17.91,30.76,34.04,20.87
746873,2024-06-06,2024,667452,R,592791,R,single,False,False,39.0,0.265,5.0,12.82,5.0,12.82,0.8,0.176,15.07,6.67,17.58,24.24,30.34,8.33,250.0,0.249,56.0,22.4,20.0,8.0,0.659,0.0979999999999999,26.42,11.51,19.54,31.05,28.57,19.44,111.0,0.257,18.0,16.22,3.0,2.7,0.6160000000000001,0.08600000000000002,19.8,10.7,17.38,28.07,34.57,16.67,330.0,0.252,77.0,23.33,9.0,2.73,0.653,0.124,24.68,12.85,17.91,30.76,34.04,20.87
746873,2024-06-06,2024,670032,L,592791,R,field_out,False,False,152.0,0.254,23.0,15.13,13.0,8.55,0.623,0.044999999999999984,18.62,8.7,16.82,25.52,26.47,17.69,212.0,0.228,33.0,15.57,24.0,11.32,0.647,0.089,22.47,10.7,16.47,27.16,26.6,14.22,102.0,0.293,17.0,16.67,10.0,9.8,0.8200000000000001,0.16400000000000003,15.03,6.36,20.05,26.41,25.62,13.28,326.0,0.266,63.0,19.33,32.0,9.82,0.8540000000000001,0.248,19.32,8.96,15.81,24.77,25.19,16.36
746873,2024-06-06,2024,673357,R,592791,R,strikeout,True,False,29.0,0.179,11.0,37.93,1.0,3.45,0.743,0.35700000000000004,39.39,22.81,12.28,35.09,38.98,25.58,477.0,0.252,132.0,27.67,25.0,5.24,0.8340000000000001,0.279,32.83,18.94,10.59,29.53,40.07,24.77,111.0,0.257,18.0,16.22,3.0,2.7,0.6160000000000001,0.08600000000000002,19.8,10.7,17.38,28.07,34.57,16.67,330.0,0.252,77.0,23.33,9.0,2.73,0.653,0.124,24.68,12.85,17.91,30.76,34.04,20.87
746873,2024-06-06,2024,673548,R,607200,R,field_out,False,False,114.0,0.267,33.0,28.95,6.0,5.26,0.761,0.16899999999999998,27.98,11.54,21.15,32.69,25.0,21.43,419.0,0.278,102.0,24.34,41.0,9.79,0.839,0.2129999999999999,24.3,9.93,20.44,30.37,19.3,20.2,149.0,0.239,36.0,24.16,9.0,6.04,0.6499999999999999,0.11599999999999999,23.74,10.68,18.74,29.42,27.21,20.45,,,,,,,,,,,,,,
746873,2024-06-06,2024,641355,L,607200,R,strikeout,True,False,148.0,0.219,27.0,18.24,17.0,11.49,0.763,0.226,26.57,13.14,12.59,25.73,30.86,19.01,373.0,0.291,58.0,15.55,27.0,7.24,0.829,0.198,20.08,10.01,15.91,25.92,29.71,13.74,162.0,0.223,37.0,22.84,13.0,8.02,0.6579999999999999,0.149,20.86,9.47,14.44,23.91,25.21,18.41,,,,,,,,,,,,,,
746873,2024-06-06,2024,666624,R,607200,R,field_out,False,False,192.0,0.2,44.0,22.92,22.0,11.46,0.6619999999999999,0.16399999999999998,30.64,14.17,13.64,27.81,25.56,20.66,329.0,0.247,105.0,31.91,27.0,8.21,0.798,0.239,38.21,19.07,13.74,32.81,29.43,27.56,149.0,0.239,36.0,24.16,9.0,6.04,0.6499999999999999,0.11599999999999999,23.74,10.68,18.74,29.42,27.21,20.45,,,,,,,,,,,,,,
746873,2024-06-06,2024,657757,L,592791,R,single,False,False,180.0,0.248,27.0,15.0,24.0,13.33,0.77,0.16399999999999998,18.69,8.15,17.66,25.82,27.97,11.59,324.0,0.212,58.0,17.9,28.0,8.64,0.63,0.1369999999999999,20.44,9.67,14.66,24.33,29.35,14.25,102.0,0.293,17.0,16.67,10.0,9.8,0.8200000000000001,0.16400000000000003,15.03,6.36,20.05,26.41,25.62,13.28,326.0,0.266,63.0,19.33,32.0,9.82,0.8540000000000001,0.248,19.32,8.96,15.81,24.77,25.19,16.36
746873,2024-06-06,2024,683734,R,592791,R,single,False,False,182.0,0.195,48.0,26.37,14.0,7.69,0.5740000000000001,0.10999999999999999,24.55,11.45,18.02,29.47,29.32,21.15,474.0,0.267,109.0,23.0,29.0,6.12,0.774,0.18,26.24,11.95,18.94,30.89,30.92,21.51,111.0,0.257,18.0,16.22,3.0,2.7,0.6160000000000001,0.08600000000000002,19.8,10.7,17.38,28.07,34.57,16.67,330.0,0.252,77.0,23.33,9.0,2.73,0.653,0.124,24.68,12.85,17.91,30.76,34.04,20.87
746873,2024-06-06,2024,693049,L,592791,R,single,False,False,10.0,0.125,2.0,20.0,2.0,20.0,0.425,0.0,22.22,10.0,17.5,27.5,34.62,14.29,200.0,0.225,54.0,27.0,9.0,4.5,0.5840000000000001,0.096,31.03,16.83,13.63,30.46,39.85,27.84,102.0,0.293,17.0,16.67,10.0,9.8,0.8200000000000001,0.16400000000000003,15.03,6.36,20.05,26.41,25.62,13.28,326.0,0.266,63.0,19.33,32.0,9.82,0.8540000000000001,0.248,19.32,8.96,15.81,24.77,25.19,16.36
746873,2024-06-06,2024,657557,R,592791,R,field_out,False,False,144.0,0.263,48.0,33.33,5.0,3.47,0.8160000000000001,0.241,33.23,19.56,9.32,28.88,33.47,26.23,281.0,0.203,86.0,30.6,12.0,4.27,0.603,0.1539999999999999,36.49,19.09,15.38,34.47,35.28,34.68,111.0,0.257,18.0,16.22,3.0,2.7,0.6160000000000001,0.08600000000000002,19.8,10.7,17.38,28.07,34.57,16.67,330.0,0.252,77.0,23.33,9.0,2.73,0.653,0.124,24.68,12.85,17.91,30.76,34.04,20.87
746873,2024-06-06,2024,686676,R,592791,R,single,False,False,107.0,0.26,29.0,27.1,6.0,5.61,0.742,0.18,37.27,20.97,11.0,31.97,30.29,22.48,47.0,0.116,12.0,25.53,4.0,8.51,0.4,0.0929999999999999,33.71,18.07,13.25,31.33,34.15,23.53,111.0,0.257,18.0,16.22,3.0,2.7,0.6160000000000001,0.08600000000000002,19.8,10.7,17.38,28.07,34.57,16.67,330.0,0.252,77.0,23.33,9.0,2.73,0.653,0.124,24.68,12.85,17.91,30.76,34.04,20.87
746873,2024-06-06,2024,672820,R,592791,R,single,False,False,40.0,0.167,12.0,30.0,2.0,5.0,0.42500000000000004,0.026999999999999996,29.85,13.99,23.78,37.76,36.62,33.33,123.0,0.178,30.0,24.39,2.0,1.63,0.504,0.136,24.69,13.05,16.81,29.87,39.56,22.39,111.0,0.257,18.0,16.22,3.0,2.7,0.6160000000000001,0.08600000000000002,19.8,10.7,17.38,28.07,34.57,16.67,330.0,0.252,77.0,23.33,9.0,2.73,0.653,0.124,24.68,12.85,17.91,30.76,34.04,20.87
746873,2024-06-06,2024,667452,R,592791,R,field_out,False,False,39.0,0.265,5.0,12.82,5.0,12.82,0.8,0.176,15.07,6.67,17.58,24.24,30.34,8.33,250.0,0.249,56.0,22.4,20.0,8.0,0.659,0.0979999999999999,26.42,11.51,19.54,31.05,28.57,19.44,111.0,0.257,18.0,16.22,3.0,2.7,0.6160000000000001,0.08600000000000002,19.8,10.7,17.38,28.07,34.57,16.67,330.0,0.252,77.0,23.33,9.0,2.73,0.653,0.124,24.68,12.85,17.91,30.76,34.04,20.87
746873,2024-06-06,2024,670032,L,592791,R,single,False,False,152.0,0.254,23.0,15.13,13.0,8.55,0.623,0.044999999999999984,18.62,8.7,16.82,25.52,26.47,17.69,212.0,0.228,33.0,15.57,24.0,11.32,0.647,0.089,22.47,10.7,16.47,27.16,26.6,14.22,102.0,0.293,17.0,16.67,10.0,9.8,0.8200000000000001,0.16400000000000003,15.03,6.36,20.05,26.41,25.62,13.28,326.0,0.266,63.0,19.33,32.0,9.82,0.8540000000000001,0.248,19.32,8.96,15.81,24.77,25.19,16.36
746873,2024-06-06,2024,673357,R,592791,R,strikeout,True,False,29.0,0.179,11.0,37.93,1.0,3.45,0.743,0.35700000000000004,39.39,22.81,12.28,35.09,38.98,25.58,477.0,0.252,132.0,27.67,25.0,5.24,0.8340000000000001,0.279,32.83,18.94,10.59,29.53,40.07,24.77,111.0,0.257,18.0,16.22,3.0,2.7,0.6160000000000001,0.08600000000000002,19.8,10.7,17.38,28.07,34.57,16.67,330.0,0.252,77.0,23.33,9.0,2.73,0.653,0.124,24.68,12.85,17.91,30.76,34.04,20.87
746873,2024-06-06,2024,664023,L,607200,R,strikeout,True,False,188.0,0.222,54.0,28.72,25.0,13.3,0.7290000000000001,0.17,28.42,12.94,15.63,28.57,22.28,18.95,502.0,0.258,109.0,21.71,80.0,15.94,0.831,0.192,25.86,11.22,15.24,26.46,20.31,17.34,162.0,0.223,37.0,22.84,13.0,8.02,0.6579999999999999,0.149,20.86,9.47,14.44,23.91,25.21,18.41,,,,,,,,,,,,,,
746873,2024-06-06,2024,663538,R,607200,R,strikeout,True,False,189.0,0.247,18.0,9.52,18.0,9.52,0.688,0.10799999999999998,13.87,6.3,21.52,27.82,31.4,9.94,508.0,0.274,63.0,12.4,40.0,7.87,0.72,0.0979999999999999,13.4,6.0,20.67,26.67,29.91,12.21,149.0,0.239,36.0,24.16,9.0,6.04,0.6499999999999999,0.11599999999999999,23.74,10.68,18.74,29.42,27.21,20.45,,,,,,,,,,,,,,
746873,2024-06-06,2024,683737,L,607200,R,strikeout,True,False,179.0,0.238,63.0,35.2,23.0,12.85,0.791,0.21200000000000002,33.53,14.97,15.1,30.06,25.18,24.51,66.0,0.158,21.0,31.82,8.0,12.12,0.556,0.1399999999999999,29.79,14.48,13.45,27.93,28.39,21.0,162.0,0.223,37.0,22.84,13.0,8.02,0.6579999999999999,0.149,20.86,9.47,14.44,23.91,25.21,18.41,,,,,,,,,,,,,,
746873,2024-06-06,2024,657757,L,592791,R,field_out,False,False,180.0,0.248,27.0,15.0,24.0,13.33,0.77,0.16399999999999998,18.69,8.15,17.66,25.82,27.97,11.59,324.0,0.212,58.0,17.9,28.0,8.64,0.63,0.1369999999999999,20.44,9.67,14.66,24.33,29.35,14.25,102.0,0.293,17.0,16.67,10.0,9.8,0.8200000000000001,0.16400000000000003,15.03,6.36,20.05,26.41,25.62,13.28,326.0,0.266,63.0,19.33,32.0,9.82,0.8540000000000001,0.248,19.32,8.96,15.81,24.77,25.19,16.36
746873,2024-06-06,2024,683734,R,592791,R,strikeout,True,False,182.0,0.195,48.0,26.37,14.0,7.69,0.5740000000000001,0.10999999999999999,24.55,11.45,18.02,29.47,29.32,21.15,474.0,0.267,109.0,23.0,29.0,6.12,0.774,0.18,26.24,11.95,18.94,30.89,30.92,21.51,111.0,0.257,18.0,16.22,3.0,2.7,0.6160000000000001,0.08600000000000002,19.8,10.7,17.38,28.07,34.57,16.67,330.0,0.252,77.0,23.33,9.0,2.73,0.653,0.124,24.68,12.85,17.91,30.76,34.04,20.87
746873,2024-06-06,2024,693049,L,592791,R,walk,False,True,10.0,0.125,2.0,20.0,2.0,20.0,0.425,0.0,22.22,10.0,17.5,27.5,34.62,14.29,200.0,0.225,54.0,27.0,9.0,4.5,0.5840000000000001,0.096,31.03,16.83,13.63,30.46,39.85,27.84,102.0,0.293,17.0,16.67,10.0,9.8,0.8200000000000001,0.16400000000000003,15.03,6.36,20.05,26.41,25.62,13.28,326.0,0.266,63.0,19.33,32.0,9.82,0.8540000000000001,0.248,19.32,8.96,15.81,24.77,25.19,16.36
746873,2024-06-06,2024,657557,R,592791,R,strikeout,True,False,144.0,0.263,48.0,33.33,5.0,3.47,0.8160000000000001,0.241,33.23,19.56,9.32,28.88,33.47,26.23,281.0,0.203,86.0,30.6,12.0,4.27,0.603,0.1539999999999999,36.49,19.09,15.38,34.47,35.28,34.68,111.0,0.257,18.0,16.22,3.0,2.7,0.6160000000000001,0.08600000000000002,19.8,10.7,17.38,28.07,34.57,16.67,330.0,0.252,77.0,23.33,9.0,2.73,0.653,0.124,24.68,12.85,17.91,30.76,34.04,20.87
746873,2024-06-06,2024,621020,R,607200,R,single,False,False,159.0,0.214,46.0,28.93,12.0,7.55,0.622,0.13099999999999998,33.33,15.99,15.68,31.68,23.92,23.83,478.0,0.244,111.0,23.22,49.0,10.25,0.734,0.161,28.04,13.13,15.12,28.26,23.34,18.66,149.0,0.239,36.0,24.16,9.0,6.04,0.6499999999999999,0.11599999999999999,23.74,10.68,18.74,29.42,27.21,20.45,,,,,,,,,,,,,,
746873,2024-06-06,2024,543228,R,607200,R,field_out,False,False,72.0,0.159,27.0,37.5,1.0,1.39,0.442,0.10200000000000001,33.72,19.8,13.65,33.45,45.07,25.96,281.0,0.26,59.0,21.0,14.0,4.98,0.6719999999999999,0.0979999999999999,25.45,13.09,15.78,28.88,36.89,18.55,149.0,0.239,36.0,24.16,9.0,6.04,0.6499999999999999,0.11599999999999999,23.74,10.68,18.74,29.42,27.21,20.45,,,,,,,,,,,,,,
746873,2024-06-06,2024,643565,L,607200,R,single,False,False,173.0,0.269,34.0,19.65,24.0,13.87,0.819,0.172,22.82,11.28,11.53,22.81,23.32,12.06,345.0,0.253,73.0,21.16,50.0,14.49,0.739,0.121,23.95,9.92,17.49,27.41,19.14,15.57,162.0,0.223,37.0,22.84,13.0,8.02,0.6579999999999999,0.149,20.86,9.47,14.44,23.91,25.21,18.41,,,,,,,,,,,,,,
746873,2024-06-06,2024,673548,R,607200,R,single,False,False,114.0,0.267,33.0,28.95,6.0,5.26,0.761,0.16899999999999998,27.98,11.54,21.15,32.69,25.0,21.43,419.0,0.278,102.0,24.34,41.0,9.79,0.839,0.2129999999999999,24.3,9.93,20.44,30.37,19.3,20.2,149.0,0.239,36.0,24.16,9.0,6.04,0.6499999999999999,0.11599999999999999,23.74,10.68,18.74,29.42,27.21,20.45,,,,,,,,,,,,,,
746873,2024-06-06,2024,641355,L,607200,R,force_out,False,False,148.0,0.219,27.0,18.24,17.0,11.49,0.763,0.226,26.57,13.14,12.59,25.73,30.86,19.01,373.0,0.291,58.0,15.55,27.0,7.24,0.829,0.198,20.08,10.01,15.91,25.92,29.71,13.74,162.0,0.223,37.0,22.84,13.0,8.02,0.6579999999999999,0.149,20.86,9.47,14.44,23.91,25.21,18.41,,,,,,,,,,,,,,
746873,2024-06-06,2024,666624,R,607200,R,strikeout,True,False,192.0,0.2,44.0,22.92,22.0,11.46,0.6619999999999999,0.16399999999999998,30.64,14.17,13.64,27.81,25.56,20.66,329.0,0.247,105.0,31.91,27.0,8.21,0.798,0.239,38.21,19.07,13.74,32.81,29.43,27.56,149.0,0.239,36.0,24.16,9.0,6.04,0.6499999999999999,0.11599999999999999,23.74,10.68,18.74,29.42,27.21,20.45,,,,,,,,,,,,,,
746873,2024-06-06,2024,686676,R,687863,R,strikeout,True,False,107.0,0.26,29.0,27.1,6.0,5.61,0.742,0.18,37.27,20.97,11.0,31.97,30.29,22.48,47.0,0.116,12.0,25.53,4.0,8.51,0.4,0.0929999999999999,33.71,18.07,13.25,31.33,34.15,23.53,9.0,0.125,3.0,33.33,1.0,11.11,0.472,0.125,42.86,17.65,20.59,38.24,18.75,42.86,,,,,,,,,,,,,,
746873,2024-06-06,2024,672820,R,687863,R,walk,False,True,40.0,0.167,12.0,30.0,2.0,5.0,0.42500000000000004,0.026999999999999996,29.85,13.99,23.78,37.76,36.62,33.33,123.0,0.178,30.0,24.39,2.0,1.63,0.504,0.136,24.69,13.05,16.81,29.87,39.56,22.39,9.0,0.125,3.0,33.33,1.0,11.11,0.472,0.125,42.86,17.65,20.59,38.24,18.75,42.86,,,,,,,,,,,,,,
746873,2024-06-06,2024,667452,R,687863,R,grounded_into_double_play,False,False,39.0,0.265,5.0,12.82,5.0,12.82,0.8,0.176,15.07,6.67,17.58,24.24,30.34,8.33,250.0,0.249,56.0,22.4,20.0,8.0,0.659,0.0979999999999999,26.42,11.51,19.54,31.05,28.57,19.44,9.0,0.125,3.0,33.33,1.0,11.11,0.472,0.125,42.86,17.65,20.59,38.24,18.75,42.86,,,,,,,,,,,,,,
746873,2024-06-06,2024,664023,L,647336,R,field_out,False,False,188.0,0.222,54.0,28.72,25.0,13.3,0.7290000000000001,0.17,28.42,12.94,15.63,28.57,22.28,18.95,502.0,0.258,109.0,21.71,80.0,15.94,0.831,0.192,25.86,11.22,15.24,26.46,20.31,17.34,128.0,0.267,24.0,18.75,21.0,16.41,0.886,0.22799999999999998,18.81,7.92,16.41,24.32,22.73,16.9,79.0,0.25,16.0,20.25,5.0,6.33,0.8440000000000001,0.278,20.71,9.48,16.67,26.14,22.15,19.28
746873,2024-06-06,2024,623520,R,647336,R,strikeout,True,False,2.0,0.0,2.0,100.0,0.0,0.0,0.0,0.0,50.0,28.57,28.57,57.14,50.0,100.0,,,,,,,,,,,,,,,124.0,0.226,19.0,15.32,14.0,11.29,0.778,0.227,21.2,9.06,17.91,26.97,26.62,11.73,66.0,0.321,13.0,19.7,7.0,10.61,1.004,0.2679999999999999,27.18,12.12,16.45,28.57,25.86,25.0
746873,2024-06-06,2024,683737,L,647336,R,field_out,False,False,179.0,0.238,63.0,35.2,23.0,12.85,0.791,0.21200000000000002,33.53,14.97,15.1,30.06,25.18,24.51,66.0,0.158,21.0,31.82,8.0,12.12,0.556,0.1399999999999999,29.79,14.48,13.45,27.93,28.39,21.0,128.0,0.267,24.0,18.75,21.0,16.41,0.886,0.22799999999999998,18.81,7.92,16.41,24.32,22.73,16.9,79.0,0.25,16.0,20.25,5.0,6.33,0.8440000000000001,0.278,20.71,9.48,16.67,26.14,22.15,19.28
746873,2024-06-06,2024,670032,L,592767,L,field_out,False,False,31.0,0.233,3.0,9.68,0.0,0.0,0.491,0.0,15.52,8.91,16.83,25.74,40.91,12.0,50.0,0.244,7.0,14.0,2.0,4.0,0.573,0.023,20.21,9.79,16.49,26.29,26.97,12.28,34.0,0.267,8.0,23.53,2.0,5.88,0.753,0.133,33.33,16.18,12.5,28.68,23.81,19.51,160.0,0.338,36.0,22.5,15.0,9.38,0.981,0.2379999999999999,24.16,11.21,18.1,29.31,30.48,24.83
746873,2024-06-06,2024,673357,R,592767,L,field_out,False,False,9.0,0.333,4.0,44.44,0.0,0.0,0.777,0.11099999999999999,47.06,25.0,15.62,40.62,28.57,66.67,119.0,0.312,40.0,33.61,5.0,4.2,0.951,0.2749999999999999,35.71,20.75,11.2,31.95,42.19,22.1,46.0,0.231,9.0,19.57,7.0,15.22,0.835,0.256,26.88,13.09,12.04,25.13,27.72,16.07,466.0,0.241,105.0,22.53,41.0,8.8,0.758,0.205,27.97,13.04,15.89,28.93,32.06,19.66
746873,2024-06-06,2024,657757,L,592767,L,single,False,False,34.0,0.172,10.0,29.41,2.0,5.88,0.614,0.20700000000000002,26.67,11.27,20.42,31.69,20.9,22.73,20.0,0.053,8.0,40.0,0.0,0.0,0.103,0.0,42.11,18.6,20.93,39.53,40.0,26.67,34.0,0.267,8.0,23.53,2.0,5.88,0.753,0.133,33.33,16.18,12.5,28.68,23.81,19.51,160.0,0.338,36.0,22.5,15.0,9.38,0.981,0.2379999999999999,24.16,11.21,18.1,29.31,30.48,24.83
746873,2024-06-06,2024,683734,R,592767,L,double,False,False,47.0,0.267,7.0,14.89,2.0,4.26,0.698,0.133,26.37,13.11,14.75,27.87,33.68,14.29,142.0,0.227,20.0,14.08,7.0,4.93,0.641,0.144,18.15,9.74,13.42,23.16,34.55,11.83,46.0,0.231,9.0,19.57,7.0,15.22,0.835,0.256,26.88,13.09,12.04,25.13,27.72,16.07,466.0,0.241,105.0,22.53,41.0,8.8,0.758,0.205,27.97,13.04,15.89,28.93,32.06,19.66
746873,2024-06-06,2024,693049,L,592767,L,strikeout,True,False,1.0,0.0,1.0,100.0,0.0,0.0,0.0,0.0,100.0,50.0,25.0,75.0,66.67,50.0,63.0,0.19,17.0,26.98,3.0,4.76,0.5309999999999999,0.1029999999999999,34.51,17.73,16.82,34.55,39.82,27.42,34.0,0.267,8.0,23.53,2.0,5.88,0.753,0.133,33.33,16.18,12.5,28.68,23.81,19.51,160.0,0.338,36.0,22.5,15.0,9.38,0.981,0.2379999999999999,24.16,11.21,18.1,29.31,30.48,24.83
746873,2024-06-06,2024,621020,R,647336,R,hit_by_pitch,False,False,159.0,0.214,46.0,28.93,12.0,7.55,0.622,0.13099999999999998,33.33,15.99,15.68,31.68,23.92,23.83,478.0,0.244,111.0,23.22,49.0,10.25,0.734,0.161,28.04,13.13,15.12,28.26,23.34,18.66,124.0,0.226,19.0,15.32,14.0,11.29,0.778,0.227,21.2,9.06,17.91,26.97,26.62,11.73,66.0,0.321,13.0,19.7,7.0,10.61,1.004,0.2679999999999999,27.18,12.12,16.45,28.57,25.86,25.0
746873,2024-06-06,2024,543228,R,647336,R,walk,False,True,72.0,0.159,27.0,37.5,1.0,1.39,0.442,0.10200000000000001,33.72,19.8,13.65,33.45,45.07,25.96,281.0,0.26,59.0,21.0,14.0,4.98,0.6719999999999999,0.0979999999999999,25.45,13.09,15.78,28.88,36.89,18.55,124.0,0.226,19.0,15.32,14.0,11.29,0.778,0.227,21.2,9.06,17.91,26.97,26.62,11.73,66.0,0.321,13.0,19.7,7.0,10.61,1.004,0.2679999999999999,27.18,12.12,16.45,28.57,25.86,25.0
746873,2024-06-06,2024,643565,L,647336,R,walk,False,True,173.0,0.269,34.0,19.65,24.0,13.87,0.819,0.172,22.82,11.28,11.53,22.81,23.32,12.06,345.0,0.253,73.0,21.16,50.0,14.49,0.739,0.121,23.95,9.92,17.49,27.41,19.14,15.57,128.0,0.267,24.0,18.75,21.0,16.41,0.886,0.22799999999999998,18.81,7.92,16.41,24.32,22.73,16.9,79.0,0.25,16.0,20.25,5.0,6.33,0.8440000000000001,0.278,20.71,9.48,16.67,26.14,22.15,19.28
746873,2024-06-06,2024,673548,R,647336,R,strikeout,True,False,114.0,0.267,33.0,28.95,6.0,5.26,0.761,0.16899999999999998,27.98,11.54,21.15,32.69,25.0,21.43,419.0,0.278,102.0,24.34,41.0,9.79,0.839,0.2129999999999999,24.3,9.93,20.44,30.37,19.3,20.2,124.0,0.226,19.0,15.32,14.0,11.29,0.778,0.227,21.2,9.06,17.91,26.97,26.62,11.73,66.0,0.321,13.0,19.7,7.0,10.61,1.004,0.2679999999999999,27.18,12.12,16.45,28.57,25.86,25.0
746873,2024-06-06,2024,641355,L,694363,L,sac_fly,False,False,63.0,0.339,7.0,11.11,0.0,0.0,0.785,0.11299999999999999,20.19,11.17,16.49,27.66,37.5,17.5,183.0,0.337,29.0,15.85,13.0,7.1,0.984,0.2589999999999999,20.0,9.84,17.49,27.32,33.33,11.98,40.0,0.297,5.0,12.5,1.0,2.5,0.7130000000000001,0.10800000000000004,18.29,10.79,11.51,22.3,30.65,12.5,51.0,0.238,8.0,15.69,7.0,13.73,0.738,0.167,25.3,10.66,17.26,27.92,21.82,14.29
746873,2024-06-06,2024,666624,R,694363,L,walk,False,True,61.0,0.213,11.0,18.03,9.0,14.75,0.829,0.255,27.08,11.93,15.14,27.06,25.45,16.92,101.0,0.25,28.0,27.72,9.0,8.91,0.893,0.3259999999999999,32.8,15.98,13.4,29.38,27.23,25.23,68.0,0.193,9.0,13.24,10.0,14.71,0.5900000000000001,0.08800000000000002,23.48,9.54,12.37,21.91,20.24,14.52,179.0,0.27,22.0,12.29,19.0,10.61,0.7989999999999999,0.177,20.58,9.6,15.74,25.34,24.62,12.15
746873,2024-06-06,2024,664023,R,694363,L,single,False,False,54.0,0.265,10.0,18.52,3.0,5.56,0.7090000000000001,0.123,25.23,13.64,14.14,27.78,24.39,14.93,191.0,0.225,44.0,23.04,19.0,9.95,0.694,0.16,24.04,11.18,15.63,26.81,29.29,17.32,68.0,0.193,9.0,13.24,10.0,14.71,0.5900000000000001,0.08800000000000002,23.48,9.54,12.37,21.91,20.24,14.52,179.0,0.27,22.0,12.29,19.0,10.61,0.7989999999999999,0.177,20.58,9.6,15.74,25.34,24.62,12.15
746873,2024-06-06,2024,623520,R,605154,R,strikeout,True,False,2.0,0.0,2.0,100.0,0.0,0.0,0.0,0.0,50.0,28.57,28.57,57.14,50.0,100.0,,,,,,,,,,,,,,,53.0,0.271,13.0,24.53,4.0,7.55,0.736,0.125,29.36,16.0,12.0,28.0,40.0,19.4,107.0,0.221,29.0,27.1,8.0,7.48,0.674,0.179,26.61,12.86,15.74,28.6,25.99,16.96
746873,2024-06-06,2024,657557,R,669713,R,home_run,False,False,144.0,0.263,48.0,33.33,5.0,3.47,0.8160000000000001,0.241,33.23,19.56,9.32,28.88,33.47,26.23,281.0,0.203,86.0,30.6,12.0,4.27,0.603,0.1539999999999999,36.49,19.09,15.38,34.47,35.28,34.68,83.0,0.231,21.0,25.3,5.0,6.02,0.674,0.166,26.9,12.91,18.54,31.46,34.39,24.42,221.0,0.202,57.0,25.79,16.0,7.24,0.617,0.1459999999999999,29.02,12.78,18.23,31.01,30.33,23.27
746873,2024-06-06,2024,686676,R,669713,R,field_out,False,False,107.0,0.26,29.0,27.1,6.0,5.61,0.742,0.18,37.27,20.97,11.0,31.97,30.29,22.48,47.0,0.116,12.0,25.53,4.0,8.51,0.4,0.0929999999999999,33.71,18.07,13.25,31.33,34.15,23.53,83.0,0.231,21.0,25.3,5.0,6.02,0.674,0.166,26.9,12.91,18.54,31.46,34.39,24.42,221.0,0.202,57.0,25.79,16.0,7.24,0.617,0.1459999999999999,29.02,12.78,18.23,31.01,30.33,23.27
746873,2024-06-06,2024,672820,R,669713,R,strikeout,True,False,40.0,0.167,12.0,30.0,2.0,5.0,0.42500000000000004,0.026999999999999996,29.85,13.99,23.78,37.76,36.62,33.33,123.0,0.178,30.0,24.39,2.0,1.63,0.504,0.136,24.69,13.05,16.81,29.87,39.56,22.39,83.0,0.231,21.0,25.3,5.0,6.02,0.674,0.166,26.9,12.91,18.54,31.46,34.39,24.42,221.0,0.202,57.0,25.79,16.0,7.24,0.617,0.1459999999999999,29.02,12.78,18.23,31.01,30.33,23.27
746873,2024-06-06,2024,667452,R,669713,R,walk,False,True,39.0,0.265,5.0,12.82,5.0,12.82,0.8,0.176,15.07,6.67,17.58,24.24,30.34,8.33,250.0,0.249,56.0,22.4,20.0,8.0,0.659,0.0979999999999999,26.42,11.51,19.54,31.05,28.57,19.44,83.0,0.231,21.0,25.3,5.0,6.02,0.674,0.166,26.9,12.91,18.54,31.46,34.39,24.42,221.0,0.202,57.0,25.79,16.0,7.24,0.617,0.1459999999999999,29.02,12.78,18.23,31.01,30.33,23.27
746873,2024-06-06,2024,670032,L,643410,R,strikeout,True,False,152.0,0.254,23.0,15.13,13.0,8.55,0.623,0.044999999999999984,18.62,8.7,16.82,25.52,26.47,17.69,212.0,0.228,33.0,15.57,24.0,11.32,0.647,0.089,22.47,10.7,16.47,27.16,26.6,14.22,66.0,0.233,16.0,24.24,6.0,9.09,0.586,0.04999999999999996,33.62,15.79,13.77,29.55,33.77,24.24,182.0,0.185,58.0,31.87,18.0,9.89,0.567,0.1169999999999999,35.24,15.61,16.6,32.21,29.51,29.29
746873,2024-06-06,2024,683737,L,605154,R,strikeout,True,False,179.0,0.238,63.0,35.2,23.0,12.85,0.791,0.21200000000000002,33.53,14.97,15.1,30.06,25.18,24.51,66.0,0.158,21.0,31.82,8.0,12.12,0.556,0.1399999999999999,29.79,14.48,13.45,27.93,28.39,21.0,42.0,0.231,13.0,30.95,2.0,4.76,0.7989999999999999,0.28200000000000003,23.26,10.64,20.21,30.85,23.81,18.57,55.0,0.204,18.0,32.73,6.0,10.91,0.699,0.204,29.13,12.99,17.75,30.74,29.63,24.32
746873,2024-06-06,2024,621020,R,605154,R,field_out,False,False,159.0,0.214,46.0,28.93,12.0,7.55,0.622,0.13099999999999998,33.33,15.99,15.68,31.68,23.92,23.83,478.0,0.244,111.0,23.22,49.0,10.25,0.734,0.161,28.04,13.13,15.12,28.26,23.34,18.66,53.0,0.271,13.0,24.53,4.0,7.55,0.736,0.125,29.36,16.0,12.0,28.0,40.0,19.4,107.0,0.221,29.0,27.1,8.0,7.48,0.674,0.179,26.61,12.86,15.74,28.6,25.99,16.96
746873,2024-06-06,2024,543228,R,605154,R,strikeout,True,False,72.0,0.159,27.0,37.5,1.0,1.39,0.442,0.10200000000000001,33.72,19.8,13.65,33.45,45.07,25.96,281.0,0.26,59.0,21.0,14.0,4.98,0.6719999999999999,0.0979999999999999,25.45,13.09,15.78,28.88,36.89,18.55,53.0,0.271,13.0,24.53,4.0,7.55,0.736,0.125,29.36,16.0,12.0,28.0,40.0,19.4,107.0,0.221,29.0,27.1,8.0,7.48,0.674,0.179,26.61,12.86,15.74,28.6,25.99,16.96
746873,2024-06-06,2024,673357,R,593576,R,strikeout,True,False,29.0,0.179,11.0,37.93,1.0,3.45,0.743,0.35700000000000004,39.39,22.81,12.28,35.09,38.98,25.58,477.0,0.252,132.0,27.67,25.0,5.24,0.8340000000000001,0.279,32.83,18.94,10.59,29.53,40.07,24.77,54.0,0.255,9.0,16.67,5.0,9.26,0.7230000000000001,0.128,17.43,8.72,12.84,21.56,30.97,14.52,158.0,0.181,45.0,28.48,16.0,10.13,0.6060000000000001,0.145,27.9,14.33,15.14,29.47,31.82,22.39
746873,2024-06-06,2024,657757,L,593576,R,strikeout,True,False,180.0,0.248,27.0,15.0,24.0,13.33,0.77,0.16399999999999998,18.69,8.15,17.66,25.82,27.97,11.59,324.0,0.212,58.0,17.9,28.0,8.64,0.63,0.1369999999999999,20.44,9.67,14.66,24.33,29.35,14.25,46.0,0.176,11.0,23.91,12.0,26.09,0.597,0.03,26.14,11.22,11.22,22.44,25.56,20.75,115.0,0.163,32.0,27.83,15.0,13.04,0.517,0.0819999999999999,34.19,16.91,12.68,29.6,31.32,21.92
746873,2024-06-06,2024,683734,R,593576,R,walk,False,True,182.0,0.195,48.0,26.37,14.0,7.69,0.5740000000000001,0.10999999999999999,24.55,11.45,18.02,29.47,29.32,21.15,474.0,0.267,109.0,23.0,29.0,6.12,0.774,0.18,26.24,11.95,18.94,30.89,30.92,21.51,54.0,0.255,9.0,16.67,5.0,9.26,0.7230000000000001,0.128,17.43,8.72,12.84,21.56,30.97,14.52,158.0,0.181,45.0,28.48,16.0,10.13,0.6060000000000001,0.145,27.9,14.33,15.14,29.47,31.82,22.39
746873,2024-06-06,2024,693049,L,593576,R,field_out,False,False,10.0,0.125,2.0,20.0,2.0,20.0,0.425,0.0,22.22,10.0,17.5,27.5,34.62,14.29,200.0,0.225,54.0,27.0,9.0,4.5,0.5840000000000001,0.096,31.03,16.83,13.63,30.46,39.85,27.84,46.0,0.176,11.0,23.91,12.0,26.09,0.597,0.03,26.14,11.22,11.22,22.44,25.56,20.75,115.0,0.163,32.0,27.83,15.0,13.04,0.517,0.0819999999999999,34.19,16.91,12.68,29.6,31.32,21.92
746873,2024-06-06,2024,643565,L,656629,R,home_run,False,False,173.0,0.269,34.0,19.65,24.0,13.87,0.819,0.172,22.82,11.28,11.53,22.81,23.32,12.06,345.0,0.253,73.0,21.16,50.0,14.49,0.739,0.121,23.95,9.92,17.49,27.41,19.14,15.57,54.0,0.136,21.0,38.89,8.0,14.81,0.619,0.20500000000000002,34.82,16.88,18.18,35.06,27.55,26.92,291.0,0.231,73.0,25.09,50.0,17.18,0.815,0.213,30.04,12.39,14.67,27.06,25.1,22.64
746221,2024-06-06,2024,650333,L,667755,R,single,False,False,159.0,0.38,4.0,2.52,6.0,3.77,0.885,0.09999999999999998,6.55,3.1,19.28,22.38,33.33,2.99,479.0,0.362,17.0,3.55,31.0,6.47,0.891,0.122,6.51,3.2,16.58,19.78,31.29,4.11,161.0,0.206,28.0,17.39,14.0,8.7,0.6000000000000001,0.11300000000000002,19.62,8.92,16.47,25.39,26.33,19.44,81.0,0.147,26.0,32.1,11.0,13.58,0.4309999999999999,0.0,38.46,16.34,20.26,36.6,33.12,28.89
746221,2024-06-06,2024,665487,R,667755,R,single,False,False,187.0,0.294,37.0,19.79,8.0,4.28,0.829,0.20900000000000002,26.59,14.6,11.75,26.35,32.48,23.72,489.0,0.244,114.0,23.31,37.0,7.57,0.728,0.181,31.62,17.66,8.94,26.61,34.25,23.98,108.0,0.247,27.0,25.0,12.0,11.11,0.7190000000000001,0.129,26.77,12.56,16.35,28.91,31.19,20.93,106.0,0.267,30.0,28.3,12.0,11.32,0.853,0.198,34.52,14.57,17.84,32.41,29.36,28.3
746221,2024-06-06,2024,592518,R,667755,R,grounded_into_double_play,False,False,171.0,0.269,36.0,21.05,10.0,5.85,0.6739999999999999,0.09299999999999997,25.23,12.58,14.44,27.02,27.92,20.45,452.0,0.241,83.0,18.36,36.0,7.96,0.747,0.205,24.68,12.42,14.05,26.47,29.58,16.9,108.0,0.247,27.0,25.0,12.0,11.11,0.7190000000000001,0.129,26.77,12.56,16.35,28.91,31.19,20.93,106.0,0.267,30.0,28.3,12.0,11.32,0.853,0.198,34.52,14.57,17.84,32.41,29.36,28.3
746221,2024-06-06,2024,694384,L,656302,R,home_run,False,False,174.0,0.214,31.0,17.82,11.0,6.32,0.591,0.1,15.17,6.51,22.19,28.7,25.6,14.42,104.0,0.291,15.0,14.42,14.0,13.46,0.7569999999999999,0.0579999999999999,18.78,8.02,17.92,25.94,20.47,11.45,143.0,0.213,38.0,26.57,13.0,9.09,0.6599999999999999,0.165,29.29,13.33,15.28,28.62,28.75,20.0,398.0,0.268,91.0,22.86,30.0,7.54,0.797,0.193,27.04,12.73,15.25,27.98,28.21,19.36
746221,2024-06-06,2024,650859,L,656302,R,field_out,False,False,140.0,0.283,19.0,13.57,9.0,6.43,0.738,0.11900000000000005,19.08,10.18,12.42,22.61,33.08,13.29,322.0,0.24,60.0,18.63,31.0,9.63,0.7270000000000001,0.166,24.18,11.79,13.87,25.66,28.19,14.39,143.0,0.213,38.0,26.57,13.0,9.09,0.6599999999999999,0.165,29.29,13.33,15.28,28.62,28.75,20.0,398.0,0.268,91.0,22.86,30.0,7.54,0.797,0.193,27.04,12.73,15.25,27.98,28.21,19.36
746221,2024-06-06,2024,621493,R,656302,R,strikeout,True,False,208.0,0.23,48.0,23.08,21.0,10.1,0.741,0.207,22.92,10.01,18.65,28.66,18.96,20.61,295.0,0.233,61.0,20.68,27.0,9.15,0.702,0.148,23.43,10.4,15.98,26.37,23.09,17.78,162.0,0.169,55.0,33.95,9.0,5.56,0.503,0.11499999999999996,36.42,18.07,14.96,33.04,32.96,24.12,388.0,0.23,123.0,31.7,49.0,12.63,0.673,0.1139999999999999,34.99,15.88,15.7,31.59,28.15,21.5
746221,2024-06-06,2024,641432,L,656302,R,field_out,False,False,94.0,0.286,12.0,12.77,2.0,2.13,0.727,0.14300000000000002,14.45,7.27,15.7,22.97,25.9,13.95,139.0,0.256,15.0,10.79,13.0,9.35,0.756,0.176,14.22,5.56,19.54,25.1,21.32,10.83,143.0,0.213,38.0,26.57,13.0,9.09,0.6599999999999999,0.165,29.29,13.33,15.28,28.62,28.75,20.0,398.0,0.268,91.0,22.86,30.0,7.54,0.797,0.193,27.04,12.73,15.25,27.98,28.21,19.36
746221,2024-06-06,2024,630105,L,667755,R,field_out,False,False,179.0,0.274,28.0,15.64,15.0,8.38,0.849,0.236,17.82,8.27,16.97,25.25,23.77,13.02,367.0,0.23,59.0,16.08,36.0,9.81,0.7,0.154,14.92,6.99,16.69,23.68,24.61,14.08,161.0,0.206,28.0,17.39,14.0,8.7,0.6000000000000001,0.11300000000000002,19.62,8.92,16.47,25.39,26.33,19.44,81.0,0.147,26.0,32.1,11.0,13.58,0.4309999999999999,0.0,38.46,16.34,20.26,36.6,33.12,28.89
746221,2024-06-06,2024,595777,L,667755,R,field_out,False,False,174.0,0.322,27.0,15.52,22.0,12.64,0.893,0.15099999999999997,17.65,8.07,14.16,22.24,23.27,12.44,375.0,0.229,68.0,18.13,37.0,9.87,0.6559999999999999,0.1159999999999999,21.66,10.43,14.17,24.61,26.12,14.59,161.0,0.206,28.0,17.39,14.0,8.7,0.6000000000000001,0.11300000000000002,19.62,8.92,16.47,25.39,26.33,19.44,81.0,0.147,26.0,32.1,11.0,13.58,0.4309999999999999,0.0,38.46,16.34,20.26,36.6,33.12,28.89
746221,2024-06-06,2024,444482,L,667755,R,field_out,False,False,22.0,0.15,7.0,31.82,1.0,4.55,0.33999999999999997,0.0,36.96,20.48,13.25,33.73,45.45,24.0,387.0,0.253,63.0,16.28,19.0,4.91,0.6739999999999999,0.131,22.16,12.01,13.06,25.07,33.57,15.04,161.0,0.206,28.0,17.39,14.0,8.7,0.6000000000000001,0.11300000000000002,19.62,8.92,16.47,25.39,26.33,19.44,81.0,0.147,26.0,32.1,11.0,13.58,0.4309999999999999,0.0,38.46,16.34,20.26,36.6,33.12,28.89
746221,2024-06-06,2024,607680,R,656302,R,field_out,False,False,67.0,0.254,12.0,17.91,4.0,5.97,0.776,0.20400000000000001,21.71,11.11,15.87,26.98,37.96,13.33,95.0,0.202,22.0,23.16,4.0,4.21,0.58,0.1459999999999999,23.46,13.0,15.17,28.17,39.61,20.95,162.0,0.169,55.0,33.95,9.0,5.56,0.503,0.11499999999999996,36.42,18.07,14.96,33.04,32.96,24.12,388.0,0.23,123.0,31.7,49.0,12.63,0.673,0.1139999999999999,34.99,15.88,15.7,31.59,28.15,21.5
746221,2024-06-06,2024,681351,R,656302,R,single,False,False,153.0,0.264,37.0,24.18,10.0,6.54,0.743,0.15699999999999997,32.76,16.38,15.87,32.25,34.82,18.56,154.0,0.22,38.0,24.68,9.0,5.84,0.757,0.262,32.06,17.0,13.8,30.81,36.07,19.69,162.0,0.169,55.0,33.95,9.0,5.56,0.503,0.11499999999999996,36.42,18.07,14.96,33.04,32.96,24.12,388.0,0.23,123.0,31.7,49.0,12.63,0.673,0.1139999999999999,34.99,15.88,15.7,31.59,28.15,21.5
746221,2024-06-06,2024,666176,R,656302,R,field_out,False,False,135.0,0.165,46.0,34.07,8.0,5.93,0.545,0.149,31.25,15.21,15.03,30.23,30.31,23.0,43.0,0.205,18.0,41.86,4.0,9.3,0.7150000000000001,0.231,40.66,20.67,14.53,35.2,30.34,25.35,162.0,0.169,55.0,33.95,9.0,5.56,0.503,0.11499999999999996,36.42,18.07,14.96,33.04,32.96,24.12,388.0,0.23,123.0,31.7,49.0,12.63,0.673,0.1139999999999999,34.99,15.88,15.7,31.59,28.15,21.5
746221,2024-06-06,2024,687263,R,656302,R,home_run,False,False,181.0,0.208,45.0,24.86,12.0,6.63,0.64,0.167,29.23,15.02,14.87,29.9,34.17,21.95,262.0,0.222,62.0,23.66,18.0,6.87,0.6599999999999999,0.1349999999999999,28.77,13.7,16.19,29.89,23.52,18.84,162.0,0.169,55.0,33.95,9.0,5.56,0.503,0.11499999999999996,36.42,18.07,14.96,33.04,32.96,24.12,388.0,0.23,123.0,31.7,49.0,12.63,0.673,0.1139999999999999,34.99,15.88,15.7,31.59,28.15,21.5
746221,2024-06-06,2024,677347,R,656302,R,strikeout,True,False,33.0,0.154,11.0,33.33,6.0,18.18,0.62,0.154,34.0,12.88,20.45,33.33,18.92,28.21,33.0,0.103,13.0,39.39,3.0,9.09,0.291,0.0,37.88,18.25,16.06,34.31,27.27,24.53,162.0,0.169,55.0,33.95,9.0,5.56,0.503,0.11499999999999996,36.42,18.07,14.96,33.04,32.96,24.12,388.0,0.23,123.0,31.7,49.0,12.63,0.673,0.1139999999999999,34.99,15.88,15.7,31.59,28.15,21.5
746221,2024-06-06,2024,701538,L,667755,R,field_out,False,False,150.0,0.293,23.0,15.33,9.0,6.0,0.7290000000000001,0.10000000000000003,17.35,9.34,13.92,23.26,36.26,13.29,,,,,,,,,,,,,,,161.0,0.206,28.0,17.39,14.0,8.7,0.6000000000000001,0.11300000000000002,19.62,8.92,16.47,25.39,26.33,19.44,81.0,0.147,26.0,32.1,11.0,13.58,0.4309999999999999,0.0,38.46,16.34,20.26,36.6,33.12,28.89
746221,2024-06-06,2024,673490,R,667755,R,walk,False,True,173.0,0.238,32.0,18.5,25.0,14.45,0.748,0.15700000000000003,18.42,6.6,24.12,30.73,18.57,13.22,435.0,0.241,94.0,21.61,55.0,12.64,0.681,0.1,18.8,7.03,23.65,30.68,19.23,15.59,108.0,0.247,27.0,25.0,12.0,11.11,0.7190000000000001,0.129,26.77,12.56,16.35,28.91,31.19,20.93,106.0,0.267,30.0,28.3,12.0,11.32,0.853,0.198,34.52,14.57,17.84,32.41,29.36,28.3
746221,2024-06-06,2024,669134,R,667755,R,strikeout,True,False,136.0,0.27,20.0,14.71,10.0,7.35,0.7210000000000001,0.127,21.19,11.34,14.74,26.08,34.74,18.69,127.0,0.289,14.0,11.02,4.0,3.15,0.753,0.141,16.53,9.26,14.96,24.23,34.76,11.97,108.0,0.247,27.0,25.0,12.0,11.11,0.7190000000000001,0.129,26.77,12.56,16.35,28.91,31.19,20.93,106.0,0.267,30.0,28.3,12.0,11.32,0.853,0.198,34.52,14.57,17.84,32.41,29.36,28.3
746221,2024-06-06,2024,650333,L,667755,R,field_out,False,False,159.0,0.38,4.0,2.52,6.0,3.77,0.885,0.09999999999999998,6.55,3.1,19.28,22.38,33.33,2.99,479.0,0.362,17.0,3.55,31.0,6.47,0.891,0.122,6.51,3.2,16.58,19.78,31.29,4.11,161.0,0.206,28.0,17.39,14.0,8.7,0.6000000000000001,0.11300000000000002,19.62,8.92,16.47,25.39,26.33,19.44,81.0,0.147,26.0,32.1,11.0,13.58,0.4309999999999999,0.0,38.46,16.34,20.26,36.6,33.12,28.89
746221,2024-06-06,2024,694384,L,656302,R,strikeout,True,False,174.0,0.214,31.0,17.82,11.0,6.32,0.591,0.1,15.17,6.51,22.19,28.7,25.6,14.42,104.0,0.291,15.0,14.42,14.0,13.46,0.7569999999999999,0.0579999999999999,18.78,8.02,17.92,25.94,20.47,11.45,143.0,0.213,38.0,26.57,13.0,9.09,0.6599999999999999,0.165,29.29,13.33,15.28,28.62,28.75,20.0,398.0,0.268,91.0,22.86,30.0,7.54,0.797,0.193,27.04,12.73,15.25,27.98,28.21,19.36
746221,2024-06-06,2024,650859,L,656302,R,field_out,False,False,140.0,0.283,19.0,13.57,9.0,6.43,0.738,0.11900000000000005,19.08,10.18,12.42,22.61,33.08,13.29,322.0,0.24,60.0,18.63,31.0,9.63,0.7270000000000001,0.166,24.18,11.79,13.87,25.66,28.19,14.39,143.0,0.213,38.0,26.57,13.0,9.09,0.6599999999999999,0.165,29.29,13.33,15.28,28.62,28.75,20.0,398.0,0.268,91.0,22.86,30.0,7.54,0.797,0.193,27.04,12.73,15.25,27.98,28.21,19.36
746221,2024-06-06,2024,621493,R,656302,R,field_out,False,False,208.0,0.23,48.0,23.08,21.0,10.1,0.741,0.207,22.92,10.01,18.65,28.66,18.96,20.61,295.0,0.233,61.0,20.68,27.0,9.15,0.702,0.148,23.43,10.4,15.98,26.37,23.09,17.78,162.0,0.169,55.0,33.95,9.0,5.56,0.503,0.11499999999999996,36.42,18.07,14.96,33.04,32.96,24.12,388.0,0.23,123.0,31.7,49.0,12.63,0.673,0.1139999999999999,34.99,15.88,15.7,31.59,28.15,21.5
746221,2024-06-06,2024,665487,R,667755,R,single,False,False,187.0,0.294,37.0,19.79,8.0,4.28,0.829,0.20900000000000002,26.59,14.6,11.75,26.35,32.48,23.72,489.0,0.244,114.0,23.31,37.0,7.57,0.728,0.181,31.62,17.66,8.94,26.61,34.25,23.98,108.0,0.247,27.0,25.0,12.0,11.11,0.7190000000000001,0.129,26.77,12.56,16.35,28.91,31.19,20.93,106.0,0.267,30.0,28.3,12.0,11.32,0.853,0.198,34.52,14.57,17.84,32.41,29.36,28.3
746221,2024-06-06,2024,592518,R,667755,R,force_out,False,False,171.0,0.269,36.0,21.05,10.0,5.85,0.6739999999999999,0.09299999999999997,25.23,12.58,14.44,27.02,27.92,20.45,452.0,0.241,83.0,18.36,36.0,7.96,0.747,0.205,24.68,12.42,14.05,26.47,29.58,16.9,108.0,0.247,27.0,25.0,12.0,11.11,0.7190000000000001,0.129,26.77,12.56,16.35,28.91,31.19,20.93,106.0,0.267,30.0,28.3,12.0,11.32,0.853,0.198,34.52,14.57,17.84,32.41,29.36,28.3
746221,2024-06-06,2024,630105,L,667755,R,force_out,False,False,179.0,0.274,28.0,15.64,15.0,8.38,0.849,0.236,17.82,8.27,16.97,25.25,23.77,13.02,367.0,0.23,59.0,16.08,36.0,9.81,0.7,0.154,14.92,6.99,16.69,23.68,24.61,14.08,161.0,0.206,28.0,17.39,14.0,8.7,0.6000000000000001,0.11300000000000002,19.62,8.92,16.47,25.39,26.33,19.44,81.0,0.147,26.0,32.1,11.0,13.58,0.4309999999999999,0.0,38.46,16.34,20.26,36.6,33.12,28.89
746221,2024-06-06,2024,595777,L,667755,R,field_out,False,False,174.0,0.322,27.0,15.52,22.0,12.64,0.893,0.15099999999999997,17.65,8.07,14.16,22.24,23.27,12.44,375.0,0.229,68.0,18.13,37.0,9.87,0.6559999999999999,0.1159999999999999,21.66,10.43,14.17,24.61,26.12,14.59,161.0,0.206,28.0,17.39,14.0,8.7,0.6000000000000001,0.11300000000000002,19.62,8.92,16.47,25.39,26.33,19.44,81.0,0.147,26.0,32.1,11.0,13.58,0.4309999999999999,0.0,38.46,16.34,20.26,36.6,33.12,28.89
746221,2024-06-06,2024,641432,L,656302,R,field_out,False,False,94.0,0.286,12.0,12.77,2.0,2.13,0.727,0.14300000000000002,14.45,7.27,15.7,22.97,25.9,13.95,139.0,0.256,15.0,10.79,13.0,9.35,0.756,0.176,14.22,5.56,19.54,25.1,21.32,10.83,143.0,0.213,38.0,26.57,13.0,9.09,0.6599999999999999,0.165,29.29,13.33,15.28,28.62,28.75,20.0,398.0,0.268,91.0,22.86,30.0,7.54,0.797,0.193,27.04,12.73,15.25,27.98,28.21,19.36
746221,2024-06-06,2024,607680,R,656302,R,field_out,False,False,67.0,0.254,12.0,17.91,4.0,5.97,0.776,0.20400000000000001,21.71,11.11,15.87,26.98,37.96,13.33,95.0,0.202,22.0,23.16,4.0,4.21,0.58,0.1459999999999999,23.46,13.0,15.17,28.17,39.61,20.95,162.0,0.169,55.0,33.95,9.0,5.56,0.503,0.11499999999999996,36.42,18.07,14.96,33.04,32.96,24.12,388.0,0.23,123.0,31.7,49.0,12.63,0.673,0.1139999999999999,34.99,15.88,15.7,31.59,28.15,21.5
746221,2024-06-06,2024,681351,R,656302,R,strikeout,True,False,153.0,0.264,37.0,24.18,10.0,6.54,0.743,0.15699999999999997,32.76,16.38,15.87,32.25,34.82,18.56,154.0,0.22,38.0,24.68,9.0,5.84,0.757,0.262,32.06,17.0,13.8,30.81,36.07,19.69,162.0,0.169,55.0,33.95,9.0,5.56,0.503,0.11499999999999996,36.42,18.07,14.96,33.04,32.96,24.12,388.0,0.23,123.0,31.7,49.0,12.63,0.673,0.1139999999999999,34.99,15.88,15.7,31.59,28.15,21.5
746221,2024-06-06,2024,444482,L,667755,R,field_out,False,False,22.0,0.15,7.0,31.82,1.0,4.55,0.33999999999999997,0.0,36.96,20.48,13.25,33.73,45.45,24.0,387.0,0.253,63.0,16.28,19.0,4.91,0.6739999999999999,0.131,22.16,12.01,13.06,25.07,33.57,15.04,161.0,0.206,28.0,17.39,14.0,8.7,0.6000000000000001,0.11300000000000002,19.62,8.92,16.47,25.39,26.33,19.44,81.0,0.147,26.0,32.1,11.0,13.58,0.4309999999999999,0.0,38.46,16.34,20.26,36.6,33.12,28.89
746221,2024-06-06,2024,701538,L,667755,R,field_out,False,False,150.0,0.293,23.0,15.33,9.0,6.0,0.7290000000000001,0.10000000000000003,17.35,9.34,13.92,23.26,36.26,13.29,,,,,,,,,,,,,,,161.0,0.206,28.0,17.39,14.0,8.7,0.6000000000000001,0.11300000000000002,19.62,8.92,16.47,25.39,26.33,19.44,81.0,0.147,26.0,32.1,11.0,13.58,0.4309999999999999,0.0,38.46,16.34,20.26,36.6,33.12,28.89
746221,2024-06-06,2024,673490,R,667755,R,field_out,False,False,173.0,0.238,32.0,18.5,25.0,14.45,0.748,0.15700000000000003,18.42,6.6,24.12,30.73,18.57,13.22,435.0,0.241,94.0,21.61,55.0,12.64,0.681,0.1,18.8,7.03,23.65,30.68,19.23,15.59,108.0,0.247,27.0,25.0,12.0,11.11,0.7190000000000001,0.129,26.77,12.56,16.35,28.91,31.19,20.93,106.0,0.267,30.0,28.3,12.0,11.32,0.853,0.198,34.52,14.57,17.84,32.41,29.36,28.3
746221,2024-06-06,2024,666176,R,656302,R,strikeout,True,False,135.0,0.165,46.0,34.07,8.0,5.93,0.545,0.149,31.25,15.21,15.03,30.23,30.31,23.0,43.0,0.205,18.0,41.86,4.0,9.3,0.7150000000000001,0.231,40.66,20.67,14.53,35.2,30.34,25.35,162.0,0.169,55.0,33.95,9.0,5.56,0.503,0.11499999999999996,36.42,18.07,14.96,33.04,32.96,24.12,388.0,0.23,123.0,31.7,49.0,12.63,0.673,0.1139999999999999,34.99,15.88,15.7,31.59,28.15,21.5
746221,2024-06-06,2024,687263,R,656302,R,strikeout,True,False,181.0,0.208,45.0,24.86,12.0,6.63,0.64,0.167,29.23,15.02,14.87,29.9,34.17,21.95,262.0,0.222,62.0,23.66,18.0,6.87,0.6599999999999999,0.1349999999999999,28.77,13.7,16.19,29.89,23.52,18.84,162.0,0.169,55.0,33.95,9.0,5.56,0.503,0.11499999999999996,36.42,18.07,14.96,33.04,32.96,24.12,388.0,0.23,123.0,31.7,49.0,12.63,0.673,0.1139999999999999,34.99,15.88,15.7,31.59,28.15,21.5
746221,2024-06-06,2024,677347,R,656302,R,catcher_interf,False,False,33.0,0.154,11.0,33.33,6.0,18.18,0.62,0.154,34.0,12.88,20.45,33.33,18.92,28.21,33.0,0.103,13.0,39.39,3.0,9.09,0.291,0.0,37.88,18.25,16.06,34.31,27.27,24.53,162.0,0.169,55.0,33.95,9.0,5.56,0.503,0.11499999999999996,36.42,18.07,14.96,33.04,32.96,24.12,388.0,0.23,123.0,31.7,49.0,12.63,0.673,0.1139999999999999,34.99,15.88,15.7,31.59,28.15,21.5
746221,2024-06-06,2024,694384,L,656302,R,field_out,False,False,174.0,0.214,31.0,17.82,11.0,6.32,0.591,0.1,15.17,6.51,22.19,28.7,25.6,14.42,104.0,0.291,15.0,14.42,14.0,13.46,0.7569999999999999,0.0579999999999999,18.78,8.02,17.92,25.94,20.47,11.45,143.0,0.213,38.0,26.57,13.0,9.09,0.6599999999999999,0.165,29.29,13.33,15.28,28.62,28.75,20.0,398.0,0.268,91.0,22.86,30.0,7.54,0.797,0.193,27.04,12.73,15.25,27.98,28.21,19.36
746221,2024-06-06,2024,669134,R,667755,R,single,False,False,136.0,0.27,20.0,14.71,10.0,7.35,0.7210000000000001,0.127,21.19,11.34,14.74,26.08,34.74,18.69,127.0,0.289,14.0,11.02,4.0,3.15,0.753,0.141,16.53,9.26,14.96,24.23,34.76,11.97,108.0,0.247,27.0,25.0,12.0,11.11,0.7190000000000001,0.129,26.77,12.56,16.35,28.91,31.19,20.93,106.0,0.267,30.0,28.3,12.0,11.32,0.853,0.198,34.52,14.57,17.84,32.41,29.36,28.3
746221,2024-06-06,2024,650333,L,667755,R,double,False,False,159.0,0.38,4.0,2.52,6.0,3.77,0.885,0.09999999999999998,6.55,3.1,19.28,22.38,33.33,2.99,479.0,0.362,17.0,3.55,31.0,6.47,0.891,0.122,6.51,3.2,16.58,19.78,31.29,4.11,161.0,0.206,28.0,17.39,14.0,8.7,0.6000000000000001,0.11300000000000002,19.62,8.92,16.47,25.39,26.33,19.44,81.0,0.147,26.0,32.1,11.0,13.58,0.4309999999999999,0.0,38.46,16.34,20.26,36.6,33.12,28.89
746221,2024-06-06,2024,665487,R,667755,R,single,False,False,187.0,0.294,37.0,19.79,8.0,4.28,0.829,0.20900000000000002,26.59,14.6,11.75,26.35,32.48,23.72,489.0,0.244,114.0,23.31,37.0,7.57,0.728,0.181,31.62,17.66,8.94,26.61,34.25,23.98,108.0,0.247,27.0,25.0,12.0,11.11,0.7190000000000001,0.129,26.77,12.56,16.35,28.91,31.19,20.93,106.0,0.267,30.0,28.3,12.0,11.32,0.853,0.198,34.52,14.57,17.84,32.41,29.36,28.3
746221,2024-06-06,2024,456781,R,667755,R,force_out,False,False,23.0,0.3,4.0,17.39,1.0,4.35,0.741,0.04999999999999999,9.76,4.12,22.68,26.8,17.5,11.43,297.0,0.28,68.0,22.9,29.0,9.76,0.766,0.1059999999999999,26.06,12.14,17.61,29.74,28.81,17.48,108.0,0.247,27.0,25.0,12.0,11.11,0.7190000000000001,0.129,26.77,12.56,16.35,28.91,31.19,20.93,106.0,0.267,30.0,28.3,12.0,11.32,0.853,0.198,34.52,14.57,17.84,32.41,29.36,28.3
746221,2024-06-06,2024,630105,L,667755,R,sac_bunt,False,False,179.0,0.274,28.0,15.64,15.0,8.38,0.849,0.236,17.82,8.27,16.97,25.25,23.77,13.02,367.0,0.23,59.0,16.08,36.0,9.81,0.7,0.154,14.92,6.99,16.69,23.68,24.61,14.08,161.0,0.206,28.0,17.39,14.0,8.7,0.6000000000000001,0.11300000000000002,19.62,8.92,16.47,25.39,26.33,19.44,81.0,0.147,26.0,32.1,11.0,13.58,0.4309999999999999,0.0,38.46,16.34,20.26,36.6,33.12,28.89
746221,2024-06-06,2024,595777,L,667755,R,field_out,False,False,174.0,0.322,27.0,15.52,22.0,12.64,0.893,0.15099999999999997,17.65,8.07,14.16,22.24,23.27,12.44,375.0,0.229,68.0,18.13,37.0,9.87,0.6559999999999999,0.1159999999999999,21.66,10.43,14.17,24.61,26.12,14.59,161.0,0.206,28.0,17.39,14.0,8.7,0.6000000000000001,0.11300000000000002,19.62,8.92,16.47,25.39,26.33,19.44,81.0,0.147,26.0,32.1,11.0,13.58,0.4309999999999999,0.0,38.46,16.34,20.26,36.6,33.12,28.89
746221,2024-06-06,2024,650859,L,656302,R,single,False,False,140.0,0.283,19.0,13.57,9.0,6.43,0.738,0.11900000000000005,19.08,10.18,12.42,22.61,33.08,13.29,322.0,0.24,60.0,18.63,31.0,9.63,0.7270000000000001,0.166,24.18,11.79,13.87,25.66,28.19,14.39,143.0,0.213,38.0,26.57,13.0,9.09,0.6599999999999999,0.165,29.29,13.33,15.28,28.62,28.75,20.0,398.0,0.268,91.0,22.86,30.0,7.54,0.797,0.193,27.04,12.73,15.25,27.98,28.21,19.36
746221,2024-06-06,2024,621493,R,656302,R,walk,False,True,208.0,0.23,48.0,23.08,21.0,10.1,0.741,0.207,22.92,10.01,18.65,28.66,18.96,20.61,295.0,0.233,61.0,20.68,27.0,9.15,0.702,0.148,23.43,10.4,15.98,26.37,23.09,17.78,162.0,0.169,55.0,33.95,9.0,5.56,0.503,0.11499999999999996,36.42,18.07,14.96,33.04,32.96,24.12,388.0,0.23,123.0,31.7,49.0,12.63,0.673,0.1139999999999999,34.99,15.88,15.7,31.59,28.15,21.5
746221,2024-06-06,2024,641432,L,656302,R,field_out,False,False,94.0,0.286,12.0,12.77,2.0,2.13,0.727,0.14300000000000002,14.45,7.27,15.7,22.97,25.9,13.95,139.0,0.256,15.0,10.79,13.0,9.35,0.756,0.176,14.22,5.56,19.54,25.1,21.32,10.83,143.0,0.213,38.0,26.57,13.0,9.09,0.6599999999999999,0.165,29.29,13.33,15.28,28.62,28.75,20.0,398.0,0.268,91.0,22.86,30.0,7.54,0.797,0.193,27.04,12.73,15.25,27.98,28.21,19.36
746221,2024-06-06,2024,607680,R,656302,R,field_out,False,False,67.0,0.254,12.0,17.91,4.0,5.97,0.776,0.20400000000000001,21.71,11.11,15.87,26.98,37.96,13.33,95.0,0.202,22.0,23.16,4.0,4.21,0.58,0.1459999999999999,23.46,13.0,15.17,28.17,39.61,20.95,162.0,0.169,55.0,33.95,9.0,5.56,0.503,0.11499999999999996,36.42,18.07,14.96,33.04,32.96,24.12,388.0,0.23,123.0,31.7,49.0,12.63,0.673,0.1139999999999999,34.99,15.88,15.7,31.59,28.15,21.5
746221,2024-06-06,2024,444482,L,643256,R,field_out,False,False,22.0,0.15,7.0,31.82,1.0,4.55,0.33999999999999997,0.0,36.96,20.48,13.25,33.73,45.45,24.0,387.0,0.253,63.0,16.28,19.0,4.91,0.6739999999999999,0.131,22.16,12.01,13.06,25.07,33.57,15.04,38.0,0.241,9.0,23.68,7.0,18.42,0.6970000000000001,0.03500000000000003,17.39,6.98,16.28,23.26,12.94,18.37,37.0,0.37,7.0,18.92,7.0,18.92,1.269,0.371,21.79,10.0,15.29,25.29,21.35,10.94
746221,2024-06-06,2024,701538,L,643256,R,single,False,False,150.0,0.293,23.0,15.33,9.0,6.0,0.7290000000000001,0.10000000000000003,17.35,9.34,13.92,23.26,36.26,13.29,,,,,,,,,,,,,,,38.0,0.241,9.0,23.68,7.0,18.42,0.6970000000000001,0.03500000000000003,17.39,6.98,16.28,23.26,12.94,18.37,37.0,0.37,7.0,18.92,7.0,18.92,1.269,0.371,21.79,10.0,15.29,25.29,21.35,10.94
746221,2024-06-06,2024,673490,R,643256,R,fielders_choice,False,False,173.0,0.238,32.0,18.5,25.0,14.45,0.748,0.15700000000000003,18.42,6.6,24.12,30.73,18.57,13.22,435.0,0.241,94.0,21.61,55.0,12.64,0.681,0.1,18.8,7.03,23.65,30.68,19.23,15.59,57.0,0.174,9.0,15.79,6.0,10.53,0.5429999999999999,0.065,17.05,7.35,19.12,26.47,28.85,16.07,59.0,0.268,5.0,8.47,0.0,0.0,0.734,0.178,9.38,4.43,22.66,27.09,35.16,9.26
746221,2024-06-06,2024,669134,R,643256,R,field_out,False,False,136.0,0.27,20.0,14.71,10.0,7.35,0.7210000000000001,0.127,21.19,11.34,14.74,26.08,34.74,18.69,127.0,0.289,14.0,11.02,4.0,3.15,0.753,0.141,16.53,9.26,14.96,24.23,34.76,11.97,57.0,0.174,9.0,15.79,6.0,10.53,0.5429999999999999,0.065,17.05,7.35,19.12,26.47,28.85,16.07,59.0,0.268,5.0,8.47,0.0,0.0,0.734,0.178,9.38,4.43,22.66,27.09,35.16,9.26
746221,2024-06-06,2024,650333,L,643256,R,field_out,False,False,159.0,0.38,4.0,2.52,6.0,3.77,0.885,0.09999999999999998,6.55,3.1,19.28,22.38,33.33,2.99,479.0,0.362,17.0,3.55,31.0,6.47,0.891,0.122,6.51,3.2,16.58,19.78,31.29,4.11,38.0,0.241,9.0,23.68,7.0,18.42,0.6970000000000001,0.03500000000000003,17.39,6.98,16.28,23.26,12.94,18.37,37.0,0.37,7.0,18.92,7.0,18.92,1.269,0.371,21.79,10.0,15.29,25.29,21.35,10.94
746221,2024-06-06,2024,681351,R,593974,L,single,False,False,48.0,0.222,13.0,27.08,3.0,6.25,0.649,0.156,26.04,12.63,15.15,27.78,28.43,19.4,46.0,0.293,10.0,21.74,5.0,10.87,0.931,0.268,32.47,14.79,15.38,30.18,27.27,22.73,68.0,0.21,7.0,10.29,4.0,5.88,0.5880000000000001,0.11300000000000002,18.18,8.8,13.2,22.0,31.21,10.94,130.0,0.229,27.0,20.77,20.0,15.38,0.758,0.175,32.0,14.15,13.75,27.9,29.08,20.3
746221,2024-06-06,2024,666176,R,593974,L,grounded_into_double_play,False,False,44.0,0.293,9.0,20.45,3.0,6.82,1.17,0.536,34.95,18.75,8.33,27.08,31.78,14.29,19.0,0.211,7.0,36.84,0.0,0.0,0.6849999999999999,0.263,34.09,18.29,13.41,31.71,34.21,21.88,68.0,0.21,7.0,10.29,4.0,5.88,0.5880000000000001,0.11300000000000002,18.18,8.8,13.2,22.0,31.21,10.94,130.0,0.229,27.0,20.77,20.0,15.38,0.758,0.175,32.0,14.15,13.75,27.9,29.08,20.3
746221,2024-06-06,2024,687263,R,593974,L,single,False,False,38.0,0.459,9.0,23.68,1.0,2.63,1.096,0.16299999999999998,25.88,14.86,12.16,27.03,39.13,17.31,67.0,0.237,15.0,22.39,2.0,2.99,0.786,0.221,28.57,13.88,15.92,29.8,31.5,25.42,68.0,0.21,7.0,10.29,4.0,5.88,0.5880000000000001,0.11300000000000002,18.18,8.8,13.2,22.0,31.21,10.94,130.0,0.229,27.0,20.77,20.0,15.38,0.758,0.175,32.0,14.15,13.75,27.9,29.08,20.3
746221,2024-06-06,2024,677347,R,593974,L,field_out,False,False,23.0,0.091,6.0,26.09,1.0,4.35,0.266,0.04500000000000001,27.45,14.58,10.42,25.0,24.44,17.65,13.0,0.091,4.0,30.77,1.0,7.69,0.322,0.0,35.71,19.23,11.54,30.77,13.04,21.05,68.0,0.21,7.0,10.29,4.0,5.88,0.5880000000000001,0.11300000000000002,18.18,8.8,13.2,22.0,31.21,10.94,130.0,0.229,27.0,20.77,20.0,15.38,0.758,0.175,32.0,14.15,13.75,27.9,29.08,20.3
746221,2024-06-06,2024,665487,R,690829,R,single,False,False,187.0,0.294,37.0,19.79,8.0,4.28,0.829,0.20900000000000002,26.59,14.6,11.75,26.35,32.48,23.72,489.0,0.244,114.0,23.31,37.0,7.57,0.728,0.181,31.62,17.66,8.94,26.61,34.25,23.98,2.0,0.5,0.0,0.0,0.0,0.0,1.0,0.0,28.57,16.67,8.33,25.0,0.0,0.0,29.0,0.333,7.0,24.14,3.0,10.34,0.914,0.1669999999999999,25.0,12.1,19.35,31.45,33.33,17.07
746221,2024-06-06,2024,456781,R,690829,R,field_out,False,False,23.0,0.3,4.0,17.39,1.0,4.35,0.741,0.04999999999999999,9.76,4.12,22.68,26.8,17.5,11.43,297.0,0.28,68.0,22.9,29.0,9.76,0.766,0.1059999999999999,26.06,12.14,17.61,29.74,28.81,17.48,2.0,0.5,0.0,0.0,0.0,0.0,1.0,0.0,28.57,16.67,8.33,25.0,0.0,0.0,29.0,0.333,7.0,24.14,3.0,10.34,0.914,0.1669999999999999,25.0,12.1,19.35,31.45,33.33,17.07
746221,2024-06-06,2024,630105,L,690829,R,field_out,False,False,179.0,0.274,28.0,15.64,15.0,8.38,0.849,0.236,17.82,8.27,16.97,25.25,23.77,13.02,367.0,0.23,59.0,16.08,36.0,9.81,0.7,0.154,14.92,6.99,16.69,23.68,24.61,14.08,2.0,0.0,0.0,0.0,0.0,0.0,0.0,0.0,40.0,40.0,0.0,40.0,100.0,0.0,19.0,0.077,3.0,15.79,6.0,31.58,0.445,0.0,24.0,7.69,15.38,23.08,11.9,18.75
746221,2024-06-06,2024,595777,L,690829,R,field_out,False,False,174.0,0.322,27.0,15.52,22.0,12.64,0.893,0.15099999999999997,17.65,8.07,14.16,22.24,23.27,12.44,375.0,0.229,68.0,18.13,37.0,9.87,0.6559999999999999,0.1159999999999999,21.66,10.43,14.17,24.61,26.12,14.59,2.0,0.0,0.0,0.0,0.0,0.0,0.0,0.0,40.0,40.0,0.0,40.0,100.0,0.0,19.0,0.077,3.0,15.79,6.0,31.58,0.445,0.0,24.0,7.69,15.38,23.08,11.9,18.75
746221,2024-06-06,2024,694384,L,593974,L,field_out,False,False,44.0,0.229,7.0,15.91,5.0,11.36,0.726,0.171,10.34,3.87,21.94,25.81,17.33,19.44,29.0,0.217,4.0,13.79,6.0,20.69,0.64,0.044,12.5,4.55,21.82,26.36,21.05,15.38,29.0,0.231,7.0,24.14,1.0,3.45,0.579,0.038000000000000006,27.27,11.88,15.84,27.72,26.53,29.17,97.0,0.138,24.0,24.74,10.0,10.31,0.483,0.0739999999999999,26.88,13.4,11.26,24.66,37.04,21.24
746221,2024-06-06,2024,650859,L,666745,R,field_out,False,False,140.0,0.283,19.0,13.57,9.0,6.43,0.738,0.11900000000000005,19.08,10.18,12.42,22.61,33.08,13.29,322.0,0.24,60.0,18.63,31.0,9.63,0.7270000000000001,0.166,24.18,11.79,13.87,25.66,28.19,14.39,54.0,0.196,11.0,20.37,2.0,3.7,0.599,0.177,22.34,11.8,13.48,25.28,22.97,25.0,177.0,0.263,28.0,15.82,17.0,9.6,0.771,0.173,23.29,11.05,16.2,27.25,27.19,15.82
746221,2024-06-06,2024,621493,R,666745,R,strikeout,True,False,208.0,0.23,48.0,23.08,21.0,10.1,0.741,0.207,22.92,10.01,18.65,28.66,18.96,20.61,295.0,0.233,61.0,20.68,27.0,9.15,0.702,0.148,23.43,10.4,15.98,26.37,23.09,17.78,72.0,0.309,6.0,8.33,4.0,5.56,0.671,0.015000000000000013,14.55,6.48,17.0,23.48,20.93,11.54,197.0,0.228,44.0,22.34,11.0,5.58,0.715,0.205,20.32,9.9,18.62,28.52,31.41,16.67
746221,2024-06-06,2024,640492,R,519043,L,field_out,False,False,40.0,0.216,9.0,22.5,2.0,5.0,0.499,0.026999999999999996,29.9,19.59,7.43,27.03,51.85,16.67,54.0,0.184,12.0,22.22,1.0,1.85,0.481,0.081,22.12,13.74,10.44,24.18,49.0,21.82,59.0,0.231,14.0,23.73,6.0,10.17,0.745,0.19199999999999998,27.97,14.04,16.6,30.64,31.15,20.0,156.0,0.218,48.0,30.77,10.0,6.41,0.622,0.1269999999999999,30.67,16.47,13.84,30.31,36.77,25.67
746221,2024-06-06,2024,701538,L,519043,L,field_out,False,False,57.0,0.204,7.0,12.28,2.0,3.51,0.432,0.0,20.0,10.66,15.23,25.89,30.0,13.73,,,,,,,,,,,,,,,44.0,0.211,9.0,20.45,6.0,13.64,0.7130000000000001,0.18400000000000002,25.3,11.23,16.58,27.81,26.26,16.07,62.0,0.268,12.0,19.35,5.0,8.06,0.875,0.268,21.49,10.36,14.74,25.1,31.3,15.38
746221,2024-06-06,2024,673490,R,519043,L,field_out,False,False,72.0,0.206,10.0,13.89,8.0,11.11,0.6930000000000001,0.19100000000000003,15.0,6.23,21.45,27.68,17.46,12.05,191.0,0.302,30.0,15.71,20.0,10.47,0.897,0.219,15.84,6.63,22.21,28.83,23.47,11.49,59.0,0.231,14.0,23.73,6.0,10.17,0.745,0.19199999999999998,27.97,14.04,16.6,30.64,31.15,20.0,156.0,0.218,48.0,30.77,10.0,6.41,0.622,0.1269999999999999,30.67,16.47,13.84,30.31,36.77,25.67
746053,2024-06-07,2024,671289,R,677960,L,double,False,False,67.0,0.182,10.0,14.93,8.0,11.94,0.63,0.14500000000000002,17.65,7.89,18.42,26.32,25.71,12.5,80.0,0.216,13.0,16.25,4.0,5.0,0.667,0.176,15.28,7.61,17.3,24.91,28.87,15.66,228.0,0.224,49.0,21.49,14.0,6.14,0.667,0.152,25.68,12.42,15.6,28.02,28.48,16.96,193.0,0.311,28.0,14.51,22.0,11.4,0.93,0.228,21.25,9.41,15.93,25.35,20.91,11.76
746053,2024-06-07,2024,608070,R,677960,L,field_out,False,False,81.0,0.333,9.0,11.11,8.0,9.88,1.006,0.27799999999999997,20.39,10.1,15.31,25.41,34.64,11.84,230.0,0.243,25.0,10.87,19.0,8.26,0.766,0.219,16.06,7.21,15.81,23.02,28.33,12.18,228.0,0.224,49.0,21.49,14.0,6.14,0.667,0.152,25.68,12.42,15.6,28.02,28.48,16.96,193.0,0.311,28.0,14.51,22.0,11.4,0.93,0.228,21.25,9.41,15.93,25.35,20.91,11.76
746053,2024-06-07,2024,647304,L,677960,L,strikeout,True,False,75.0,0.209,18.0,24.0,6.0,8.0,0.747,0.254,27.5,13.36,14.17,27.53,36.5,31.03,148.0,0.299,15.0,10.14,8.0,5.41,0.821,0.175,16.23,8.67,12.1,20.77,35.38,11.03,61.0,0.208,15.0,24.59,6.0,9.84,0.575,0.05600000000000002,32.1,12.15,22.43,34.58,21.62,28.3,64.0,0.286,15.0,23.44,7.0,10.94,0.913,0.268,30.51,13.04,17.75,30.8,20.15,17.86
746053,2024-06-07,2024,669364,R,671106,L,field_out,False,False,,,,,,,,,,,,,,,18.0,0.25,7.0,38.89,1.0,5.56,0.583,0.0,26.47,12.86,20.0,32.86,30.3,26.92,211.0,0.317,39.0,18.48,18.0,8.53,0.947,0.25399999999999995,20.21,9.04,18.19,27.23,22.57,15.29,448.0,0.274,99.0,22.1,38.0,8.48,0.77,0.1609999999999999,23.99,11.45,16.55,28.0,29.16,18.32
746053,2024-06-07,2024,650559,R,671106,L,single,False,False,91.0,0.271,20.0,21.98,4.0,4.4,0.649,0.07,27.17,14.97,12.57,27.54,30.38,23.81,154.0,0.277,35.0,22.73,11.0,7.14,0.708,0.1059999999999999,27.76,13.7,15.51,29.21,33.53,19.77,211.0,0.317,39.0,18.48,18.0,8.53,0.947,0.25399999999999995,20.21,9.04,18.19,27.23,22.57,15.29,448.0,0.274,99.0,22.1,38.0,8.48,0.77,0.1609999999999999,23.99,11.45,16.55,28.0,29.16,18.32
746053,2024-06-07,2024,605137,R,671106,L,field_out,False,False,89.0,0.192,14.0,15.73,10.0,11.24,0.6020000000000001,0.129,23.91,9.91,15.92,25.83,27.75,18.67,186.0,0.265,41.0,22.04,24.0,12.9,0.854,0.2289999999999999,28.46,13.82,12.89,26.71,26.88,18.81,211.0,0.317,39.0,18.48,18.0,8.53,0.947,0.25399999999999995,20.21,9.04,18.19,27.23,22.57,15.29,448.0,0.274,99.0,22.1,38.0,8.48,0.77,0.1609999999999999,23.99,11.45,16.55,28.0,29.16,18.32
746053,2024-06-07,2024,669394,R,671106,L,field_out,False,False,55.0,0.173,12.0,21.82,2.0,3.64,0.41200000000000003,0.03900000000000001,29.81,15.82,16.84,32.65,43.16,22.64,139.0,0.26,37.0,26.62,9.0,6.47,0.907,0.3229999999999999,32.62,17.56,12.21,29.77,35.74,24.5,211.0,0.317,39.0,18.48,18.0,8.53,0.947,0.25399999999999995,20.21,9.04,18.19,27.23,22.57,15.29,448.0,0.274,99.0,22.1,38.0,8.48,0.77,0.1609999999999999,23.99,11.45,16.55,28.0,29.16,18.32
746053,2024-06-07,2024,681807,R,677960,L,strikeout,True,False,73.0,0.4,13.0,17.81,18.0,24.66,1.375,0.4,25.2,10.06,14.94,25.0,16.25,14.44,51.0,0.227,11.0,21.57,5.0,9.8,0.742,0.1819999999999999,25.66,14.43,11.94,26.37,40.95,15.07,228.0,0.224,49.0,21.49,14.0,6.14,0.667,0.152,25.68,12.42,15.6,28.02,28.48,16.96,193.0,0.311,28.0,14.51,22.0,11.4,0.93,0.228,21.25,9.41,15.93,25.35,20.91,11.76
746053,2024-06-07,2024,665926,L,677960,L,field_out,False,False,71.0,0.292,9.0,12.68,0.0,0.0,0.753,0.123,20.41,11.41,14.83,26.24,39.06,10.84,197.0,0.268,26.0,13.2,8.0,4.06,0.7130000000000001,0.1169999999999999,23.63,12.79,15.07,27.86,41.69,11.02,61.0,0.208,15.0,24.59,6.0,9.84,0.575,0.05600000000000002,32.1,12.15,22.43,34.58,21.62,28.3,64.0,0.286,15.0,23.44,7.0,10.94,0.913,0.268,30.51,13.04,17.75,30.8,20.15,17.86
746053,2024-06-07,2024,672356,R,677960,L,single,False,False,43.0,0.275,14.0,32.56,3.0,6.98,0.7010000000000001,0.09999999999999998,37.89,23.84,9.93,33.77,42.42,28.0,119.0,0.083,54.0,45.38,10.0,8.4,0.316,0.0649999999999999,44.4,24.39,12.09,36.48,34.85,30.51,228.0,0.224,49.0,21.49,14.0,6.14,0.667,0.152,25.68,12.42,15.6,28.02,28.48,16.96,193.0,0.311,28.0,14.51,22.0,11.4,0.93,0.228,21.25,9.41,15.93,25.35,20.91,11.76
746053,2024-06-07,2024,686823,L,677960,L,caught_stealing_2b,False,False,22.0,0.182,3.0,13.64,0.0,0.0,0.5,0.136,13.95,8.33,11.11,19.44,33.33,17.65,87.0,0.214,12.0,13.79,2.0,2.3,0.495,0.048,19.35,10.42,18.06,28.47,37.5,16.67,61.0,0.208,15.0,24.59,6.0,9.84,0.575,0.05600000000000002,32.1,12.15,22.43,34.58,21.62,28.3,64.0,0.286,15.0,23.44,7.0,10.94,0.913,0.268,30.51,13.04,17.75,30.8,20.15,17.86
746053,2024-06-07,2024,665862,L,671106,L,strikeout,True,False,85.0,0.241,20.0,23.53,5.0,5.88,0.6990000000000001,0.16400000000000003,25.47,11.85,17.05,28.9,28.82,16.67,94.0,0.172,27.0,28.72,6.0,6.38,0.479,0.081,39.88,19.01,18.18,37.19,30.36,25.23,49.0,0.244,12.0,24.49,2.0,4.08,0.706,0.15600000000000003,30.23,14.05,16.22,30.27,30.1,21.82,90.0,0.205,20.0,22.22,10.0,11.11,0.649,0.141,23.86,11.35,14.32,25.68,24.44,18.87
746053,2024-06-07,2024,667472,R,671106,L,field_out,False,False,32.0,0.259,10.0,31.25,2.0,6.25,0.825,0.22199999999999998,25.0,9.32,27.97,37.29,24.0,26.32,20.0,0.4,4.0,20.0,0.0,0.0,0.9,0.0999999999999999,30.0,13.24,20.59,33.82,28.12,25.0,211.0,0.317,39.0,18.48,18.0,8.53,0.947,0.25399999999999995,20.21,9.04,18.19,27.23,22.57,15.29,448.0,0.274,99.0,22.1,38.0,8.48,0.77,0.1609999999999999,23.99,11.45,16.55,28.0,29.16,18.32
746053,2024-06-07,2024,656896,R,671106,L,walk,False,True,52.0,0.245,12.0,23.08,2.0,3.85,0.574,0.04099999999999998,24.75,12.69,15.23,27.92,34.62,17.91,100.0,0.289,16.0,16.0,7.0,7.0,0.7110000000000001,0.089,21.88,10.45,14.18,24.63,29.33,14.68,211.0,0.317,39.0,18.48,18.0,8.53,0.947,0.25399999999999995,20.21,9.04,18.19,27.23,22.57,15.29,448.0,0.274,99.0,22.1,38.0,8.48,0.77,0.1609999999999999,23.99,11.45,16.55,28.0,29.16,18.32
746053,2024-06-07,2024,660644,R,671106,L,strikeout,True,False,37.0,0.242,5.0,13.51,3.0,8.11,0.688,0.122,26.32,14.29,11.43,25.71,35.38,10.87,22.0,0.1,4.0,18.18,1.0,4.55,0.282,0.0,13.51,7.46,14.93,22.39,35.29,28.57,211.0,0.317,39.0,18.48,18.0,8.53,0.947,0.25399999999999995,20.21,9.04,18.19,27.23,22.57,15.29,448.0,0.274,99.0,22.1,38.0,8.48,0.77,0.1609999999999999,23.99,11.45,16.55,28.0,29.16,18.32
746053,2024-06-07,2024,686823,L,677960,L,strikeout,True,False,22.0,0.182,3.0,13.64,0.0,0.0,0.5,0.136,13.95,8.33,11.11,19.44,33.33,17.65,87.0,0.214,12.0,13.79,2.0,2.3,0.495,0.048,19.35,10.42,18.06,28.47,37.5,16.67,61.0,0.208,15.0,24.59,6.0,9.84,0.575,0.05600000000000002,32.1,12.15,22.43,34.58,21.62,28.3,64.0,0.286,15.0,23.44,7.0,10.94,0.913,0.268,30.51,13.04,17.75,30.8,20.15,17.86
746053,2024-06-07,2024,595978,R,677960,L,single,False,False,30.0,0.107,11.0,36.67,1.0,3.33,0.347,0.107,36.23,19.38,13.18,32.56,24.14,22.45,78.0,0.147,16.0,20.51,5.0,6.41,0.434,0.074,26.21,14.07,10.74,24.81,34.67,21.33,228.0,0.224,49.0,21.49,14.0,6.14,0.667,0.152,25.68,12.42,15.6,28.02,28.48,16.96,193.0,0.311,28.0,14.51,22.0,11.4,0.93,0.228,21.25,9.41,15.93,25.35,20.91,11.76
746053,2024-06-07,2024,677587,R,677960,L,home_run,False,False,57.0,0.12,16.0,28.07,5.0,8.77,0.371,0.04000000000000001,26.21,13.78,14.29,28.06,31.37,31.37,33.0,0.161,15.0,45.45,2.0,6.06,0.438,0.065,39.73,21.64,16.42,38.06,38.1,32.61,228.0,0.224,49.0,21.49,14.0,6.14,0.667,0.152,25.68,12.42,15.6,28.02,28.48,16.96,193.0,0.311,28.0,14.51,22.0,11.4,0.93,0.228,21.25,9.41,15.93,25.35,20.91,11.76
746053,2024-06-07,2024,671289,R,642629,R,field_out,False,False,152.0,0.233,23.0,15.13,9.0,5.92,0.681,0.13499999999999998,16.93,7.88,19.41,27.29,30.0,16.2,89.0,0.266,17.0,19.1,6.0,6.74,0.656,0.076,20.13,9.22,18.73,27.95,29.94,17.0,19.0,0.167,5.0,26.32,0.0,0.0,0.489,0.11100000000000002,33.33,16.18,16.18,32.35,32.26,29.41,,,,,,,,,,,,,,
746053,2024-06-07,2024,608070,L,642629,R,walk,False,True,182.0,0.251,20.0,10.99,13.0,7.14,0.835,0.276,13.71,6.7,13.93,20.63,30.48,8.85,461.0,0.302,48.0,10.41,54.0,11.71,0.863,0.179,15.4,6.98,13.91,20.89,28.02,10.17,6.0,0.167,2.0,33.33,0.0,0.0,0.334,0.0,36.36,16.67,16.67,33.33,23.08,22.22,,,,,,,,,,,,,,
746053,2024-06-07,2024,647304,L,642629,R,force_out,False,False,171.0,0.231,22.0,12.87,18.0,10.53,0.825,0.272,20.2,10.26,9.6,19.87,31.11,14.19,348.0,0.311,53.0,15.23,25.0,7.18,0.851,0.184,21.29,11.96,9.18,21.15,41.36,16.99,6.0,0.167,2.0,33.33,0.0,0.0,0.334,0.0,36.36,16.67,16.67,33.33,23.08,22.22,,,,,,,,,,,,,,
746053,2024-06-07,2024,663743,R,671106,L,field_out,False,False,39.0,0.132,4.0,10.26,1.0,2.56,0.33799999999999997,0.05199999999999999,14.06,7.69,14.53,22.22,33.33,19.05,84.0,0.316,11.0,13.1,3.0,3.57,0.854,0.184,12.5,6.01,14.49,20.49,25.87,17.46,211.0,0.317,39.0,18.48,18.0,8.53,0.947,0.25399999999999995,20.21,9.04,18.19,27.23,22.57,15.29,448.0,0.274,99.0,22.1,38.0,8.48,0.77,0.1609999999999999,23.99,11.45,16.55,28.0,29.16,18.32
746053,2024-06-07,2024,669364,R,671106,L,field_out,False,False,,,,,,,,,,,,,,,18.0,0.25,7.0,38.89,1.0,5.56,0.583,0.0,26.47,12.86,20.0,32.86,30.3,26.92,211.0,0.317,39.0,18.48,18.0,8.53,0.947,0.25399999999999995,20.21,9.04,18.19,27.23,22.57,15.29,448.0,0.274,99.0,22.1,38.0,8.48,0.77,0.1609999999999999,23.99,11.45,16.55,28.0,29.16,18.32
746053,2024-06-07,2024,650559,R,671106,L,home_run,False,False,91.0,0.271,20.0,21.98,4.0,4.4,0.649,0.07,27.17,14.97,12.57,27.54,30.38,23.81,154.0,0.277,35.0,22.73,11.0,7.14,0.708,0.1059999999999999,27.76,13.7,15.51,29.21,33.53,19.77,211.0,0.317,39.0,18.48,18.0,8.53,0.947,0.25399999999999995,20.21,9.04,18.19,27.23,22.57,15.29,448.0,0.274,99.0,22.1,38.0,8.48,0.77,0.1609999999999999,23.99,11.45,16.55,28.0,29.16,18.32
746053,2024-06-07,2024,605137,R,671106,L,home_run,False,False,89.0,0.192,14.0,15.73,10.0,11.24,0.6020000000000001,0.129,23.91,9.91,15.92,25.83,27.75,18.67,186.0,0.265,41.0,22.04,24.0,12.9,0.854,0.2289999999999999,28.46,13.82,12.89,26.71,26.88,18.81,211.0,0.317,39.0,18.48,18.0,8.53,0.947,0.25399999999999995,20.21,9.04,18.19,27.23,22.57,15.29,448.0,0.274,99.0,22.1,38.0,8.48,0.77,0.1609999999999999,23.99,11.45,16.55,28.0,29.16,18.32
746053,2024-06-07,2024,669394,R,671106,L,field_out,False,False,55.0,0.173,12.0,21.82,2.0,3.64,0.41200000000000003,0.03900000000000001,29.81,15.82,16.84,32.65,43.16,22.64,139.0,0.26,37.0,26.62,9.0,6.47,0.907,0.3229999999999999,32.62,17.56,12.21,29.77,35.74,24.5,211.0,0.317,39.0,18.48,18.0,8.53,0.947,0.25399999999999995,20.21,9.04,18.19,27.23,22.57,15.29,448.0,0.274,99.0,22.1,38.0,8.48,0.77,0.1609999999999999,23.99,11.45,16.55,28.0,29.16,18.32
746053,2024-06-07,2024,681807,R,642629,R,double,False,False,73.0,0.286,13.0,17.81,6.0,8.22,0.8140000000000001,0.15800000000000003,18.84,9.42,14.86,24.28,24.81,14.94,63.0,0.246,19.0,30.16,3.0,4.76,0.727,0.175,29.77,16.96,13.91,30.87,36.11,25.0,19.0,0.167,5.0,26.32,0.0,0.0,0.489,0.11100000000000002,33.33,16.18,16.18,32.35,32.26,29.41,,,,,,,,,,,,,,
746053,2024-06-07,2024,665926,L,642629,R,field_out,False,False,178.0,0.259,28.0,15.73,11.0,6.18,0.6779999999999999,0.09499999999999997,25.4,14.01,11.95,25.96,36.58,13.57,419.0,0.243,86.0,20.53,24.0,5.73,0.712,0.162,26.46,14.29,12.8,27.09,38.97,17.27,6.0,0.167,2.0,33.33,0.0,0.0,0.334,0.0,36.36,16.67,16.67,33.33,23.08,22.22,,,,,,,,,,,,,,
746053,2024-06-07,2024,672356,R,642629,R,strikeout,True,False,79.0,0.173,24.0,30.38,2.0,2.53,0.48300000000000004,0.10700000000000004,35.29,21.74,9.78,31.52,40.77,27.91,226.0,0.275,59.0,26.11,18.0,7.96,0.791,0.184,33.96,18.84,11.28,30.12,32.38,20.14,19.0,0.167,5.0,26.32,0.0,0.0,0.489,0.11100000000000002,33.33,16.18,16.18,32.35,32.26,29.41,,,,,,,,,,,,,,
746053,2024-06-07,2024,686823,L,642629,R,field_out,False,False,157.0,0.246,20.0,12.74,12.0,7.64,0.692,0.134,18.64,10.04,11.86,21.9,34.42,15.04,369.0,0.279,45.0,12.2,14.0,3.79,0.6930000000000001,0.0999999999999999,17.97,10.23,12.48,22.71,38.5,12.47,6.0,0.167,2.0,33.33,0.0,0.0,0.334,0.0,36.36,16.67,16.67,33.33,23.08,22.22,,,,,,,,,,,,,,
746053,2024-06-07,2024,665862,L,671106,L,strikeout,True,False,85.0,0.241,20.0,23.53,5.0,5.88,0.6990000000000001,0.16400000000000003,25.47,11.85,17.05,28.9,28.82,16.67,94.0,0.172,27.0,28.72,6.0,6.38,0.479,0.081,39.88,19.01,18.18,37.19,30.36,25.23,49.0,0.244,12.0,24.49,2.0,4.08,0.706,0.15600000000000003,30.23,14.05,16.22,30.27,30.1,21.82,90.0,0.205,20.0,22.22,10.0,11.11,0.649,0.141,23.86,11.35,14.32,25.68,24.44,18.87
746053,2024-06-07,2024,667472,R,671106,L,field_out,False,False,32.0,0.259,10.0,31.25,2.0,6.25,0.825,0.22199999999999998,25.0,9.32,27.97,37.29,24.0,26.32,20.0,0.4,4.0,20.0,0.0,0.0,0.9,0.0999999999999999,30.0,13.24,20.59,33.82,28.12,25.0,211.0,0.317,39.0,18.48,18.0,8.53,0.947,0.25399999999999995,20.21,9.04,18.19,27.23,22.57,15.29,448.0,0.274,99.0,22.1,38.0,8.48,0.77,0.1609999999999999,23.99,11.45,16.55,28.0,29.16,18.32
746053,2024-06-07,2024,656896,R,671106,L,field_out,False,False,52.0,0.245,12.0,23.08,2.0,3.85,0.574,0.04099999999999998,24.75,12.69,15.23,27.92,34.62,17.91,100.0,0.289,16.0,16.0,7.0,7.0,0.7110000000000001,0.089,21.88,10.45,14.18,24.63,29.33,14.68,211.0,0.317,39.0,18.48,18.0,8.53,0.947,0.25399999999999995,20.21,9.04,18.19,27.23,22.57,15.29,448.0,0.274,99.0,22.1,38.0,8.48,0.77,0.1609999999999999,23.99,11.45,16.55,28.0,29.16,18.32
746053,2024-06-07,2024,595978,R,642629,R,strikeout,True,False,25.0,0.125,9.0,36.0,1.0,4.0,0.327,0.04200000000000001,32.65,18.18,17.05,35.23,36.84,33.33,136.0,0.205,31.0,22.79,6.0,4.41,0.477,0.026,29.05,14.86,16.56,31.42,32.03,24.41,19.0,0.167,5.0,26.32,0.0,0.0,0.489,0.11100000000000002,33.33,16.18,16.18,32.35,32.26,29.41,,,,,,,,,,,,,,
746053,2024-06-07,2024,677587,L,642629,R,field_out,False,False,132.0,0.252,20.0,15.15,18.0,13.64,0.6739999999999999,0.063,22.71,10.69,15.01,25.7,28.57,11.83,53.0,0.3,12.0,22.64,2.0,3.77,0.7010000000000001,0.08,28.07,15.31,15.79,31.1,41.59,17.39,6.0,0.167,2.0,33.33,0.0,0.0,0.334,0.0,36.36,16.67,16.67,33.33,23.08,22.22,,,,,,,,,,,,,,
746053,2024-06-07,2024,671289,R,642629,R,field_out,False,False,152.0,0.233,23.0,15.13,9.0,5.92,0.681,0.13499999999999998,16.93,7.88,19.41,27.29,30.0,16.2,89.0,0.266,17.0,19.1,6.0,6.74,0.656,0.076,20.13,9.22,18.73,27.95,29.94,17.0,19.0,0.167,5.0,26.32,0.0,0.0,0.489,0.11100000000000002,33.33,16.18,16.18,32.35,32.26,29.41,,,,,,,,,,,,,,
746053,2024-06-07,2024,660644,R,671106,L,field_out,False,False,37.0,0.242,5.0,13.51,3.0,8.11,0.688,0.122,26.32,14.29,11.43,25.71,35.38,10.87,22.0,0.1,4.0,18.18,1.0,4.55,0.282,0.0,13.51,7.46,14.93,22.39,35.29,28.57,211.0,0.317,39.0,18.48,18.0,8.53,0.947,0.25399999999999995,20.21,9.04,18.19,27.23,22.57,15.29,448.0,0.274,99.0,22.1,38.0,8.48,0.77,0.1609999999999999,23.99,11.45,16.55,28.0,29.16,18.32
746053,2024-06-07,2024,663743,R,671106,L,field_out,False,False,39.0,0.132,4.0,10.26,1.0,2.56,0.33799999999999997,0.05199999999999999,14.06,7.69,14.53,22.22,33.33,19.05,84.0,0.316,11.0,13.1,3.0,3.57,0.854,0.184,12.5,6.01,14.49,20.49,25.87,17.46,211.0,0.317,39.0,18.48,18.0,8.53,0.947,0.25399999999999995,20.21,9.04,18.19,27.23,22.57,15.29,448.0,0.274,99.0,22.1,38.0,8.48,0.77,0.1609999999999999,23.99,11.45,16.55,28.0,29.16,18.32
746053,2024-06-07,2024,669364,R,671106,L,walk,False,True,,,,,,,,,,,,,,,18.0,0.25,7.0,38.89,1.0,5.56,0.583,0.0,26.47,12.86,20.0,32.86,30.3,26.92,211.0,0.317,39.0,18.48,18.0,8.53,0.947,0.25399999999999995,20.21,9.04,18.19,27.23,22.57,15.29,448.0,0.274,99.0,22.1,38.0,8.48,0.77,0.1609999999999999,23.99,11.45,16.55,28.0,29.16,18.32
746053,2024-06-07,2024,650559,R,671106,L,double,False,False,91.0,0.271,20.0,21.98,4.0,4.4,0.649,0.07,27.17,14.97,12.57,27.54,30.38,23.81,154.0,0.277,35.0,22.73,11.0,7.14,0.708,0.1059999999999999,27.76,13.7,15.51,29.21,33.53,19.77,211.0,0.317,39.0,18.48,18.0,8.53,0.947,0.25399999999999995,20.21,9.04,18.19,27.23,22.57,15.29,448.0,0.274,99.0,22.1,38.0,8.48,0.77,0.1609999999999999,23.99,11.45,16.55,28.0,29.16,18.32
746053,2024-06-07,2024,605137,R,671106,L,field_out,False,False,89.0,0.192,14.0,15.73,10.0,11.24,0.6020000000000001,0.129,23.91,9.91,15.92,25.83,27.75,18.67,186.0,0.265,41.0,22.04,24.0,12.9,0.854,0.2289999999999999,28.46,13.82,12.89,26.71,26.88,18.81,211.0,0.317,39.0,18.48,18.0,8.53,0.947,0.25399999999999995,20.21,9.04,18.19,27.23,22.57,15.29,448.0,0.274,99.0,22.1,38.0,8.48,0.77,0.1609999999999999,23.99,11.45,16.55,28.0,29.16,18.32
746053,2024-06-07,2024,608070,R,677053,L,field_out,False,False,81.0,0.333,9.0,11.11,8.0,9.88,1.006,0.27799999999999997,20.39,10.1,15.31,25.41,34.64,11.84,230.0,0.243,25.0,10.87,19.0,8.26,0.766,0.219,16.06,7.21,15.81,23.02,28.33,12.18,59.0,0.302,15.0,25.42,5.0,8.47,0.901,0.22600000000000003,24.63,13.04,15.02,28.06,35.38,17.05,152.0,0.244,43.0,28.29,12.0,7.89,0.7250000000000001,0.156,25.08,13.04,14.17,27.21,33.33,18.53
746053,2024-06-07,2024,647304,L,677053,L,field_out,False,False,75.0,0.209,18.0,24.0,6.0,8.0,0.747,0.254,27.5,13.36,14.17,27.53,36.5,31.03,148.0,0.299,15.0,10.14,8.0,5.41,0.821,0.175,16.23,8.67,12.1,20.77,35.38,11.03,38.0,0.206,13.0,34.21,2.0,5.26,0.508,0.059000000000000025,34.09,18.4,10.43,28.83,35.87,24.53,85.0,0.158,30.0,35.29,9.0,10.59,0.55,0.145,36.02,16.81,16.23,33.04,29.94,28.04
746053,2024-06-07,2024,681807,R,677053,L,field_out,False,False,73.0,0.4,13.0,17.81,18.0,24.66,1.375,0.4,25.2,10.06,14.94,25.0,16.25,14.44,51.0,0.227,11.0,21.57,5.0,9.8,0.742,0.1819999999999999,25.66,14.43,11.94,26.37,40.95,15.07,59.0,0.302,15.0,25.42,5.0,8.47,0.901,0.22600000000000003,24.63,13.04,15.02,28.06,35.38,17.05,152.0,0.244,43.0,28.29,12.0,7.89,0.7250000000000001,0.156,25.08,13.04,14.17,27.21,33.33,18.53
746053,2024-06-07,2024,669394,R,671106,L,field_out,False,False,55.0,0.173,12.0,21.82,2.0,3.64,0.41200000000000003,0.03900000000000001,29.81,15.82,16.84,32.65,43.16,22.64,139.0,0.26,37.0,26.62,9.0,6.47,0.907,0.3229999999999999,32.62,17.56,12.21,29.77,35.74,24.5,211.0,0.317,39.0,18.48,18.0,8.53,0.947,0.25399999999999995,20.21,9.04,18.19,27.23,22.57,15.29,448.0,0.274,99.0,22.1,38.0,8.48,0.77,0.1609999999999999,23.99,11.45,16.55,28.0,29.16,18.32
746053,2024-06-07,2024,665862,L,671106,L,walk,False,True,85.0,0.241,20.0,23.53,5.0,5.88,0.6990000000000001,0.16400000000000003,25.47,11.85,17.05,28.9,28.82,16.67,94.0,0.172,27.0,28.72,6.0,6.38,0.479,0.081,39.88,19.01,18.18,37.19,30.36,25.23,49.0,0.244,12.0,24.49,2.0,4.08,0.706,0.15600000000000003,30.23,14.05,16.22,30.27,30.1,21.82,90.0,0.205,20.0,22.22,10.0,11.11,0.649,0.141,23.86,11.35,14.32,25.68,24.44,18.87
746053,2024-06-07,2024,667472,R,671106,L,field_out,False,False,32.0,0.259,10.0,31.25,2.0,6.25,0.825,0.22199999999999998,25.0,9.32,27.97,37.29,24.0,26.32,20.0,0.4,4.0,20.0,0.0,0.0,0.9,0.0999999999999999,30.0,13.24,20.59,33.82,28.12,25.0,211.0,0.317,39.0,18.48,18.0,8.53,0.947,0.25399999999999995,20.21,9.04,18.19,27.23,22.57,15.29,448.0,0.274,99.0,22.1,38.0,8.48,0.77,0.1609999999999999,23.99,11.45,16.55,28.0,29.16,18.32
746053,2024-06-07,2024,656896,R,671106,L,field_out,False,False,52.0,0.245,12.0,23.08,2.0,3.85,0.574,0.04099999999999998,24.75,12.69,15.23,27.92,34.62,17.91,100.0,0.289,16.0,16.0,7.0,7.0,0.7110000000000001,0.089,21.88,10.45,14.18,24.63,29.33,14.68,211.0,0.317,39.0,18.48,18.0,8.53,0.947,0.25399999999999995,20.21,9.04,18.19,27.23,22.57,15.29,448.0,0.274,99.0,22.1,38.0,8.48,0.77,0.1609999999999999,23.99,11.45,16.55,28.0,29.16,18.32
746053,2024-06-07,2024,665926,L,640462,L,field_out,False,False,71.0,0.292,9.0,12.68,0.0,0.0,0.753,0.123,20.41,11.41,14.83,26.24,39.06,10.84,197.0,0.268,26.0,13.2,8.0,4.06,0.7130000000000001,0.1169999999999999,23.63,12.79,15.07,27.86,41.69,11.02,29.0,0.308,6.0,20.69,3.0,10.34,0.917,0.23000000000000004,19.57,8.33,20.37,28.7,26.53,21.43,76.0,0.197,29.0,38.16,2.0,2.63,0.5780000000000001,0.141,33.08,15.03,23.78,38.81,33.07,30.85
746053,2024-06-07,2024,672356,R,640462,L,strikeout,True,False,43.0,0.275,14.0,32.56,3.0,6.98,0.7010000000000001,0.09999999999999998,37.89,23.84,9.93,33.77,42.42,28.0,119.0,0.083,54.0,45.38,10.0,8.4,0.316,0.0649999999999999,44.4,24.39,12.09,36.48,34.85,30.51,86.0,0.239,11.0,12.79,17.0,19.77,0.788,0.14900000000000002,20.78,8.84,17.13,25.97,24.34,9.82,166.0,0.261,49.0,29.52,11.0,6.63,0.765,0.197,33.03,16.05,18.42,34.47,27.76,21.88
746053,2024-06-07,2024,686823,L,640462,L,field_out,False,False,22.0,0.182,3.0,13.64,0.0,0.0,0.5,0.136,13.95,8.33,11.11,19.44,33.33,17.65,87.0,0.214,12.0,13.79,2.0,2.3,0.495,0.048,19.35,10.42,18.06,28.47,37.5,16.67,29.0,0.308,6.0,20.69,3.0,10.34,0.917,0.23000000000000004,19.57,8.33,20.37,28.7,26.53,21.43,76.0,0.197,29.0,38.16,2.0,2.63,0.5780000000000001,0.141,33.08,15.03,23.78,38.81,33.07,30.85
746053,2024-06-07,2024,660644,L,683769,R,field_out,False,False,86.0,0.266,13.0,15.12,5.0,5.81,0.706,0.11399999999999999,23.6,12.26,13.23,25.48,23.02,13.83,63.0,0.196,17.0,26.98,4.0,6.35,0.494,0.036,25.62,13.36,13.79,27.16,31.45,26.98,60.0,0.218,14.0,23.33,3.0,5.0,0.647,0.146,22.73,11.42,16.44,27.85,29.25,21.21,100.0,0.226,8.0,8.0,9.0,9.0,0.692,0.143,13.84,5.79,17.63,23.42,18.28,8.33
746053,2024-06-07,2024,663743,R,683769,R,field_out,False,False,81.0,0.2,11.0,13.58,3.0,3.7,0.5429999999999999,0.09299999999999997,10.17,4.27,22.06,26.33,21.8,15.49,241.0,0.165,48.0,19.92,14.0,5.81,0.46,0.064,18.93,8.36,19.79,28.15,25.54,22.43,52.0,0.16,12.0,23.08,2.0,3.85,0.41200000000000003,0.06,31.63,16.58,19.25,35.83,35.9,19.67,83.0,0.286,16.0,19.28,5.0,6.02,0.857,0.246,20.12,11.07,14.66,25.73,30.23,14.81
746053,2024-06-07,2024,669364,L,683769,R,field_out,False,False,,,,,,,,,,,,,,,66.0,0.306,7.0,10.61,2.0,3.03,0.683,0.0489999999999999,18.85,10.09,14.47,24.56,29.7,10.45,60.0,0.218,14.0,23.33,3.0,5.0,0.647,0.146,22.73,11.42,16.44,27.85,29.25,21.21,100.0,0.226,8.0,8.0,9.0,9.0,0.692,0.143,13.84,5.79,17.63,23.42,18.28,8.33
746053,2024-06-07,2024,682177,L,676534,R,triple,False,False,6.0,0.4,1.0,16.67,1.0,16.67,1.1,0.19999999999999996,20.0,5.88,29.41,35.29,10.0,33.33,,,,,,,,,,,,,,,32.0,0.231,10.0,31.25,6.0,18.75,0.76,0.154,26.56,11.33,16.0,27.33,26.32,17.24,44.0,0.333,6.0,13.64,4.0,9.09,0.819,0.0769999999999999,19.05,8.42,18.95,27.37,21.98,8.96
746053,2024-06-07,2024,677587,L,676534,R,field_out,False,False,132.0,0.252,20.0,15.15,18.0,13.64,0.6739999999999999,0.063,22.71,10.69,15.01,25.7,28.57,11.83,53.0,0.3,12.0,22.64,2.0,3.77,0.7010000000000001,0.08,28.07,15.31,15.79,31.1,41.59,17.39,32.0,0.231,10.0,31.25,6.0,18.75,0.76,0.154,26.56,11.33,16.0,27.33,26.32,17.24,44.0,0.333,6.0,13.64,4.0,9.09,0.819,0.0769999999999999,19.05,8.42,18.95,27.37,21.98,8.96
746053,2024-06-07,2024,671289,R,676534,R,walk,False,True,152.0,0.233,23.0,15.13,9.0,5.92,0.681,0.13499999999999998,16.93,7.88,19.41,27.29,30.0,16.2,89.0,0.266,17.0,19.1,6.0,6.74,0.656,0.076,20.13,9.22,18.73,27.95,29.94,17.0,64.0,0.263,14.0,21.88,4.0,6.25,0.656,0.07,25.86,11.67,14.01,25.68,21.09,16.87,76.0,0.265,19.0,25.0,8.0,10.53,0.827,0.2199999999999999,25.16,12.27,15.95,28.22,27.98,15.97
746053,2024-06-07,2024,608070,R,656945,L,double_play,False,False,81.0,0.333,9.0,11.11,8.0,9.88,1.006,0.27799999999999997,20.39,10.1,15.31,25.41,34.64,11.84,230.0,0.243,25.0,10.87,19.0,8.26,0.766,0.219,16.06,7.21,15.81,23.02,28.33,12.18,78.0,0.161,20.0,25.64,12.0,15.38,0.507,0.04899999999999999,32.41,15.61,15.95,31.56,33.11,22.99,207.0,0.19,65.0,31.4,13.0,6.28,0.5,0.0529999999999999,32.79,17.6,15.73,33.33,40.1,24.9
746053,2024-06-07,2024,650559,R,671922,R,field_out,False,False,173.0,0.229,46.0,26.59,15.0,8.67,0.734,0.21,33.14,16.59,13.42,30.01,31.17,23.96,473.0,0.251,107.0,22.62,29.0,6.13,0.717,0.1689999999999999,28.95,14.54,15.93,30.47,34.61,18.71,53.0,0.22,18.0,33.96,1.0,1.89,0.544,0.060000000000000026,31.37,16.41,18.97,35.38,32.5,30.0,,,,,,,,,,,,,,
746053,2024-06-07,2024,605137,L,671922,R,field_out,False,False,175.0,0.287,36.0,20.57,10.0,5.71,0.774,0.14,29.97,15.96,10.59,26.55,28.12,23.65,432.0,0.239,93.0,21.53,39.0,9.03,0.6970000000000001,0.148,24.59,11.57,13.95,25.52,28.11,20.58,55.0,0.143,20.0,36.36,6.0,10.91,0.501,0.12200000000000003,27.38,10.27,26.34,36.61,19.42,30.65,,,,,,,,,,,,,,
746053,2024-06-07,2024,669394,R,671922,R,double,False,False,113.0,0.255,29.0,25.66,6.0,5.31,0.679,0.132,24.5,12.66,17.05,29.72,38.19,27.36,402.0,0.247,112.0,27.86,23.0,5.72,0.8,0.249,34.59,18.69,13.25,31.93,39.43,23.09,53.0,0.22,18.0,33.96,1.0,1.89,0.544,0.060000000000000026,31.37,16.41,18.97,35.38,32.5,30.0,,,,,,,,,,,,,,
746053,2024-06-07,2024,665862,L,671922,R,single,False,False,173.0,0.25,41.0,23.7,16.0,9.25,0.753,0.179,28.44,13.23,13.93,27.16,29.57,20.3,290.0,0.275,91.0,31.38,20.0,6.9,0.8540000000000001,0.25,35.14,15.36,16.88,32.24,26.1,27.41,55.0,0.143,20.0,36.36,6.0,10.91,0.501,0.12200000000000003,27.38,10.27,26.34,36.61,19.42,30.65,,,,,,,,,,,,,,
746053,2024-06-07,2024,660821,L,671922,R,single,False,False,157.0,0.266,34.0,21.66,10.0,6.37,0.7170000000000001,0.126,25.48,13.91,12.5,26.41,36.84,18.99,353.0,0.258,93.0,26.35,36.0,10.2,0.805,0.21,29.33,14.21,14.01,28.21,30.32,20.53,55.0,0.143,20.0,36.36,6.0,10.91,0.501,0.12200000000000003,27.38,10.27,26.34,36.61,19.42,30.65,,,,,,,,,,,,,,
746053,2024-06-07,2024,656896,R,671922,R,strikeout,True,False,62.0,0.196,14.0,22.58,8.0,12.9,0.558,0.03899999999999998,29.82,13.18,15.5,28.68,24.66,15.56,185.0,0.246,40.0,21.62,15.0,8.11,0.651,0.1009999999999999,29.38,13.47,17.14,30.61,25.67,18.1,53.0,0.22,18.0,33.96,1.0,1.89,0.544,0.060000000000000026,31.37,16.41,18.97,35.38,32.5,30.0,,,,,,,,,,,,,,
746053,2024-06-07,2024,647304,L,656945,L,field_out,False,False,75.0,0.209,18.0,24.0,6.0,8.0,0.747,0.254,27.5,13.36,14.17,27.53,36.5,31.03,148.0,0.299,15.0,10.14,8.0,5.41,0.821,0.175,16.23,8.67,12.1,20.77,35.38,11.03,29.0,0.143,5.0,17.24,7.0,24.14,0.595,0.095,25.0,10.24,14.17,24.41,17.91,12.5,100.0,0.193,39.0,39.0,11.0,11.0,0.587,0.1139999999999999,43.85,19.57,19.81,39.38,26.13,31.2
746053,2024-06-07,2024,681807,R,656945,L,strikeout,True,False,73.0,0.4,13.0,17.81,18.0,24.66,1.375,0.4,25.2,10.06,14.94,25.0,16.25,14.44,51.0,0.227,11.0,21.57,5.0,9.8,0.742,0.1819999999999999,25.66,14.43,11.94,26.37,40.95,15.07,78.0,0.161,20.0,25.64,12.0,15.38,0.507,0.04899999999999999,32.41,15.61,15.95,31.56,33.11,22.99,207.0,0.19,65.0,31.4,13.0,6.28,0.5,0.0529999999999999,32.79,17.6,15.73,33.33,40.1,24.9
746053,2024-06-07,2024,665926,L,656945,L,strikeout,True,False,71.0,0.292,9.0,12.68,0.0,0.0,0.753,0.123,20.41,11.41,14.83,26.24,39.06,10.84,197.0,0.268,26.0,13.2,8.0,4.06,0.7130000000000001,0.1169999999999999,23.63,12.79,15.07,27.86,41.69,11.02,29.0,0.143,5.0,17.24,7.0,24.14,0.595,0.095,25.0,10.24,14.17,24.41,17.91,12.5,100.0,0.193,39.0,39.0,11.0,11.0,0.587,0.1139999999999999,43.85,19.57,19.81,39.38,26.13,31.2
746704,2024-06-07,2024,621550,R,666157,L,strikeout,True,False,40.0,0.294,10.0,25.0,4.0,10.0,0.963,0.294,28.24,13.64,13.07,26.7,22.09,17.24,131.0,0.217,47.0,35.88,10.0,7.63,0.769,0.275,32.94,15.47,14.92,30.39,23.55,28.83,155.0,0.211,40.0,25.81,7.0,4.52,0.611,0.12700000000000003,31.71,15.61,17.67,33.28,33.57,21.05,140.0,0.361,38.0,27.14,9.0,6.43,1.071,0.278,29.69,13.97,16.73,30.7,30.18,21.71
746704,2024-06-07,2024,673548,R,666157,L,walk,False,True,51.0,0.234,11.0,21.57,4.0,7.84,0.72,0.19199999999999998,22.73,9.43,22.17,31.6,18.75,14.86,168.0,0.306,28.0,16.67,18.0,10.71,0.852,0.1659999999999999,13.89,5.59,20.11,25.7,20.92,12.39,155.0,0.211,40.0,25.81,7.0,4.52,0.611,0.12700000000000003,31.71,15.61,17.67,33.28,33.57,21.05,140.0,0.361,38.0,27.14,9.0,6.43,1.071,0.278,29.69,13.97,16.73,30.7,30.18,21.71
746704,2024-06-07,2024,641355,L,666157,L,strikeout,True,False,64.0,0.333,7.0,10.94,0.0,0.0,0.772,0.11099999999999999,21.1,11.79,15.9,27.69,37.35,15.91,183.0,0.337,29.0,15.85,13.0,7.1,0.984,0.2589999999999999,20.0,9.84,17.49,27.32,33.33,11.98,34.0,0.2,9.0,26.47,3.0,8.82,0.494,0.0,21.57,7.86,23.57,31.43,18.18,19.15,26.0,0.24,9.0,34.62,1.0,3.85,0.7090000000000001,0.2,34.04,15.24,23.81,39.05,44.0,22.5
746704,2024-06-07,2024,666624,R,666157,L,single,False,False,62.0,0.208,11.0,17.74,9.0,14.52,0.813,0.25,26.26,11.71,14.86,26.58,25.89,16.67,101.0,0.25,28.0,27.72,9.0,8.91,0.893,0.3259999999999999,32.8,15.98,13.4,29.38,27.23,25.23,155.0,0.211,40.0,25.81,7.0,4.52,0.611,0.12700000000000003,31.71,15.61,17.67,33.28,33.57,21.05,140.0,0.361,38.0,27.14,9.0,6.43,1.071,0.278,29.69,13.97,16.73,30.7,30.18,21.71
746704,2024-06-07,2024,664023,R,666157,L,strikeout,True,False,55.0,0.26,11.0,20.0,3.0,5.45,0.6950000000000001,0.12,25.0,13.59,13.59,27.18,25.29,15.07,191.0,0.225,44.0,23.04,19.0,9.95,0.694,0.16,24.04,11.18,15.63,26.81,29.29,17.32,155.0,0.211,40.0,25.81,7.0,4.52,0.611,0.12700000000000003,31.71,15.61,17.67,33.28,33.57,21.05,140.0,0.361,38.0,27.14,9.0,6.43,1.071,0.278,29.69,13.97,16.73,30.7,30.18,21.71
746704,2024-06-07,2024,656413,R,657006,L,field_out,False,False,76.0,0.333,15.0,19.74,10.0,13.16,0.921,0.16699999999999998,37.31,17.92,9.68,27.6,22.88,20.27,113.0,0.226,34.0,30.09,13.0,11.5,0.7,0.1289999999999999,36.84,17.46,14.51,31.97,22.54,26.77,125.0,0.265,27.0,21.6,8.0,6.4,0.786,0.20399999999999996,20.27,9.87,17.76,27.63,26.98,20.45,576.0,0.247,134.0,23.26,28.0,4.86,0.637,0.0989999999999999,22.7,12.17,14.45,26.62,32.3,19.88
746704,2024-06-07,2024,682829,R,657006,L,strikeout,True,False,96.0,0.228,26.0,27.08,11.0,11.46,0.6930000000000001,0.11400000000000002,33.52,14.75,14.5,29.25,27.48,23.64,122.0,0.184,49.0,40.16,5.0,4.1,0.494,0.079,37.56,17.7,19.4,37.1,38.0,33.33,125.0,0.265,27.0,21.6,8.0,6.4,0.786,0.20399999999999996,20.27,9.87,17.76,27.63,26.98,20.45,576.0,0.247,134.0,23.26,28.0,4.86,0.637,0.0989999999999999,22.7,12.17,14.45,26.62,32.3,19.88
746704,2024-06-07,2024,600869,R,657006,L,strikeout,True,False,76.0,0.25,16.0,21.05,10.0,13.16,0.759,0.14100000000000001,28.06,13.22,13.56,26.78,27.33,19.28,161.0,0.254,36.0,22.36,15.0,9.32,0.793,0.197,21.45,10.5,14.2,24.7,29.83,16.29,125.0,0.265,27.0,21.6,8.0,6.4,0.786,0.20399999999999996,20.27,9.87,17.76,27.63,26.98,20.45,576.0,0.247,134.0,23.26,28.0,4.86,0.637,0.0989999999999999,22.7,12.17,14.45,26.62,32.3,19.88
746704,2024-06-07,2024,621020,R,666157,L,field_out,False,False,40.0,0.206,9.0,22.5,5.0,12.5,0.649,0.11800000000000002,27.4,12.58,11.95,24.53,21.69,22.5,161.0,0.245,43.0,26.71,17.0,10.56,0.771,0.203,30.48,14.79,13.87,28.66,24.48,20.28,155.0,0.211,40.0,25.81,7.0,4.52,0.611,0.12700000000000003,31.71,15.61,17.67,33.28,33.57,21.05,140.0,0.361,38.0,27.14,9.0,6.43,1.071,0.278,29.69,13.97,16.73,30.7,30.18,21.71
746704,2024-06-07,2024,623520,R,666157,L,strikeout,True,False,3.0,0.0,1.0,33.33,0.0,0.0,0.0,0.0,50.0,28.57,28.57,57.14,,100.0,,,,,,,,,,,,,,,155.0,0.211,40.0,25.81,7.0,4.52,0.611,0.12700000000000003,31.71,15.61,17.67,33.28,33.57,21.05,140.0,0.361,38.0,27.14,9.0,6.43,1.071,0.278,29.69,13.97,16.73,30.7,30.18,21.71
746704,2024-06-07,2024,683737,L,666157,L,double,False,False,22.0,0.238,6.0,27.27,1.0,4.55,0.6060000000000001,0.09500000000000003,26.09,13.64,13.64,27.27,27.91,20.0,15.0,0.2,6.0,40.0,0.0,0.0,0.467,0.067,32.14,14.06,18.75,32.81,34.21,31.58,34.0,0.2,9.0,26.47,3.0,8.82,0.494,0.0,21.57,7.86,23.57,31.43,18.18,19.15,26.0,0.24,9.0,34.62,1.0,3.85,0.7090000000000001,0.2,34.04,15.24,23.81,39.05,44.0,22.5
746704,2024-06-07,2024,665804,R,666157,L,fielders_choice_out,False,False,38.0,0.143,8.0,21.05,1.0,2.63,0.41900000000000004,0.11400000000000002,19.4,9.85,16.67,26.52,25.81,21.62,64.0,0.25,16.0,25.0,5.0,7.81,0.701,0.1069999999999999,31.53,14.11,18.55,32.66,28.79,20.0,155.0,0.211,40.0,25.81,7.0,4.52,0.611,0.12700000000000003,31.71,15.61,17.67,33.28,33.57,21.05,140.0,0.361,38.0,27.14,9.0,6.43,1.071,0.278,29.69,13.97,16.73,30.7,30.18,21.71
746704,2024-06-07,2024,668715,R,657006,L,field_out,False,False,79.0,0.246,15.0,18.99,11.0,13.92,0.859,0.246,20.9,9.0,16.4,25.4,22.5,14.61,180.0,0.312,33.0,18.33,17.0,9.44,0.928,0.238,20.88,9.77,17.74,27.51,26.97,14.47,125.0,0.265,27.0,21.6,8.0,6.4,0.786,0.20399999999999996,20.27,9.87,17.76,27.63,26.98,20.45,576.0,0.247,134.0,23.26,28.0,4.86,0.637,0.0989999999999999,22.7,12.17,14.45,26.62,32.3,19.88
746704,2024-06-07,2024,663886,R,657006,L,field_out,False,False,59.0,0.269,7.0,11.86,6.0,10.17,0.839,0.23099999999999998,9.3,3.54,20.8,24.34,21.62,11.86,140.0,0.283,30.0,21.43,13.0,9.29,0.7989999999999999,0.166,24.79,10.12,16.75,26.88,18.56,21.13,125.0,0.265,27.0,21.6,8.0,6.4,0.786,0.20399999999999996,20.27,9.87,17.76,27.63,26.98,20.45,576.0,0.247,134.0,23.26,28.0,4.86,0.637,0.0989999999999999,22.7,12.17,14.45,26.62,32.3,19.88
746704,2024-06-07,2024,663697,R,657006,L,strikeout,True,False,76.0,0.295,10.0,13.16,12.0,15.79,0.831,0.11499999999999999,11.43,3.63,24.47,28.1,12.73,10.87,134.0,0.207,36.0,26.87,15.0,11.19,0.642,0.129,23.87,9.31,22.67,31.99,19.93,19.66,125.0,0.265,27.0,21.6,8.0,6.4,0.786,0.20399999999999996,20.27,9.87,17.76,27.63,26.98,20.45,576.0,0.247,134.0,23.26,28.0,4.86,0.637,0.0989999999999999,22.7,12.17,14.45,26.62,32.3,19.88
746704,2024-06-07,2024,621550,R,666157,L,strikeout,True,False,40.0,0.294,10.0,25.0,4.0,10.0,0.963,0.294,28.24,13.64,13.07,26.7,22.09,17.24,131.0,0.217,47.0,35.88,10.0,7.63,0.769,0.275,32.94,15.47,14.92,30.39,23.55,28.83,155.0,0.211,40.0,25.81,7.0,4.52,0.611,0.12700000000000003,31.71,15.61,17.67,33.28,33.57,21.05,140.0,0.361,38.0,27.14,9.0,6.43,1.071,0.278,29.69,13.97,16.73,30.7,30.18,21.71
746704,2024-06-07,2024,673548,R,666157,L,field_out,False,False,51.0,0.234,11.0,21.57,4.0,7.84,0.72,0.19199999999999998,22.73,9.43,22.17,31.6,18.75,14.86,168.0,0.306,28.0,16.67,18.0,10.71,0.852,0.1659999999999999,13.89,5.59,20.11,25.7,20.92,12.39,155.0,0.211,40.0,25.81,7.0,4.52,0.611,0.12700000000000003,31.71,15.61,17.67,33.28,33.57,21.05,140.0,0.361,38.0,27.14,9.0,6.43,1.071,0.278,29.69,13.97,16.73,30.7,30.18,21.71
746704,2024-06-07,2024,641355,L,666157,L,field_out,False,False,64.0,0.333,7.0,10.94,0.0,0.0,0.772,0.11099999999999999,21.1,11.79,15.9,27.69,37.35,15.91,183.0,0.337,29.0,15.85,13.0,7.1,0.984,0.2589999999999999,20.0,9.84,17.49,27.32,33.33,11.98,34.0,0.2,9.0,26.47,3.0,8.82,0.494,0.0,21.57,7.86,23.57,31.43,18.18,19.15,26.0,0.24,9.0,34.62,1.0,3.85,0.7090000000000001,0.2,34.04,15.24,23.81,39.05,44.0,22.5
746704,2024-06-07,2024,670770,L,657006,L,strikeout,True,False,18.0,0.417,2.0,11.11,2.0,11.11,1.111,0.08300000000000002,29.17,11.67,20.0,31.67,26.47,13.33,110.0,0.354,20.0,18.18,9.0,8.18,0.963,0.188,19.23,7.48,23.69,31.17,22.46,18.87,35.0,0.133,9.0,25.71,3.0,8.57,0.49,0.1,21.54,11.2,16.0,27.2,28.57,24.32,141.0,0.267,42.0,29.79,8.0,5.67,0.7869999999999999,0.2059999999999999,29.17,14.51,15.37,29.88,30.56,20.1
746704,2024-06-07,2024,669289,R,657006,L,field_out,False,False,63.0,0.235,5.0,7.94,7.0,11.11,0.625,0.07900000000000001,11.32,5.11,16.17,21.28,23.08,9.26,116.0,0.252,14.0,12.07,8.0,6.9,0.657,0.1029999999999999,17.24,7.83,19.46,27.29,25.0,10.94,125.0,0.265,27.0,21.6,8.0,6.4,0.786,0.20399999999999996,20.27,9.87,17.76,27.63,26.98,20.45,576.0,0.247,134.0,23.26,28.0,4.86,0.637,0.0989999999999999,22.7,12.17,14.45,26.62,32.3,19.88
746704,2024-06-07,2024,694362,R,657006,L,field_out,False,False,3.0,0.0,0.0,0.0,1.0,33.33,0.333,0.0,50.0,22.22,0.0,22.22,16.67,,,,,,,,,,,,,,,,125.0,0.265,27.0,21.6,8.0,6.4,0.786,0.20399999999999996,20.27,9.87,17.76,27.63,26.98,20.45,576.0,0.247,134.0,23.26,28.0,4.86,0.637,0.0989999999999999,22.7,12.17,14.45,26.62,32.3,19.88
746704,2024-06-07,2024,666624,R,666157,L,field_out,False,False,62.0,0.208,11.0,17.74,9.0,14.52,0.813,0.25,26.26,11.71,14.86,26.58,25.89,16.67,101.0,0.25,28.0,27.72,9.0,8.91,0.893,0.3259999999999999,32.8,15.98,13.4,29.38,27.23,25.23,155.0,0.211,40.0,25.81,7.0,4.52,0.611,0.12700000000000003,31.71,15.61,17.67,33.28,33.57,21.05,140.0,0.361,38.0,27.14,9.0,6.43,1.071,0.278,29.69,13.97,16.73,30.7,30.18,21.71
746704,2024-06-07,2024,664023,R,666157,L,strikeout,True,False,55.0,0.26,11.0,20.0,3.0,5.45,0.6950000000000001,0.12,25.0,13.59,13.59,27.18,25.29,15.07,191.0,0.225,44.0,23.04,19.0,9.95,0.694,0.16,24.04,11.18,15.63,26.81,29.29,17.32,155.0,0.211,40.0,25.81,7.0,4.52,0.611,0.12700000000000003,31.71,15.61,17.67,33.28,33.57,21.05,140.0,0.361,38.0,27.14,9.0,6.43,1.071,0.278,29.69,13.97,16.73,30.7,30.18,21.71
746704,2024-06-07,2024,621020,R,666157,L,strikeout,True,False,40.0,0.206,9.0,22.5,5.0,12.5,0.649,0.11800000000000002,27.4,12.58,11.95,24.53,21.69,22.5,161.0,0.245,43.0,26.71,17.0,10.56,0.771,0.203,30.48,14.79,13.87,28.66,24.48,20.28,155.0,0.211,40.0,25.81,7.0,4.52,0.611,0.12700000000000003,31.71,15.61,17.67,33.28,33.57,21.05,140.0,0.361,38.0,27.14,9.0,6.43,1.071,0.278,29.69,13.97,16.73,30.7,30.18,21.71
746704,2024-06-07,2024,656413,R,657006,L,field_out,False,False,76.0,0.333,15.0,19.74,10.0,13.16,0.921,0.16699999999999998,37.31,17.92,9.68,27.6,22.88,20.27,113.0,0.226,34.0,30.09,13.0,11.5,0.7,0.1289999999999999,36.84,17.46,14.51,31.97,22.54,26.77,125.0,0.265,27.0,21.6,8.0,6.4,0.786,0.20399999999999996,20.27,9.87,17.76,27.63,26.98,20.45,576.0,0.247,134.0,23.26,28.0,4.86,0.637,0.0989999999999999,22.7,12.17,14.45,26.62,32.3,19.88
746704,2024-06-07,2024,682829,R,657006,L,walk,False,True,96.0,0.228,26.0,27.08,11.0,11.46,0.6930000000000001,0.11400000000000002,33.52,14.75,14.5,29.25,27.48,23.64,122.0,0.184,49.0,40.16,5.0,4.1,0.494,0.079,37.56,17.7,19.4,37.1,38.0,33.33,125.0,0.265,27.0,21.6,8.0,6.4,0.786,0.20399999999999996,20.27,9.87,17.76,27.63,26.98,20.45,576.0,0.247,134.0,23.26,28.0,4.86,0.637,0.0989999999999999,22.7,12.17,14.45,26.62,32.3,19.88
746704,2024-06-07,2024,600869,R,657006,L,field_out,False,False,76.0,0.25,16.0,21.05,10.0,13.16,0.759,0.14100000000000001,28.06,13.22,13.56,26.78,27.33,19.28,161.0,0.254,36.0,22.36,15.0,9.32,0.793,0.197,21.45,10.5,14.2,24.7,29.83,16.29,125.0,0.265,27.0,21.6,8.0,6.4,0.786,0.20399999999999996,20.27,9.87,17.76,27.63,26.98,20.45,576.0,0.247,134.0,23.26,28.0,4.86,0.637,0.0989999999999999,22.7,12.17,14.45,26.62,32.3,19.88
746704,2024-06-07,2024,668715,R,657006,L,strikeout,True,False,79.0,0.246,15.0,18.99,11.0,13.92,0.859,0.246,20.9,9.0,16.4,25.4,22.5,14.61,180.0,0.312,33.0,18.33,17.0,9.44,0.928,0.238,20.88,9.77,17.74,27.51,26.97,14.47,125.0,0.265,27.0,21.6,8.0,6.4,0.786,0.20399999999999996,20.27,9.87,17.76,27.63,26.98,20.45,576.0,0.247,134.0,23.26,28.0,4.86,0.637,0.0989999999999999,22.7,12.17,14.45,26.62,32.3,19.88
746704,2024-06-07,2024,663886,R,657006,L,double,False,False,59.0,0.269,7.0,11.86,6.0,10.17,0.839,0.23099999999999998,9.3,3.54,20.8,24.34,21.62,11.86,140.0,0.283,30.0,21.43,13.0,9.29,0.7989999999999999,0.166,24.79,10.12,16.75,26.88,18.56,21.13,125.0,0.265,27.0,21.6,8.0,6.4,0.786,0.20399999999999996,20.27,9.87,17.76,27.63,26.98,20.45,576.0,0.247,134.0,23.26,28.0,4.86,0.637,0.0989999999999999,22.7,12.17,14.45,26.62,32.3,19.88
746704,2024-06-07,2024,663697,R,657006,L,strikeout,True,False,76.0,0.295,10.0,13.16,12.0,15.79,0.831,0.11499999999999999,11.43,3.63,24.47,28.1,12.73,10.87,134.0,0.207,36.0,26.87,15.0,11.19,0.642,0.129,23.87,9.31,22.67,31.99,19.93,19.66,125.0,0.265,27.0,21.6,8.0,6.4,0.786,0.20399999999999996,20.27,9.87,17.76,27.63,26.98,20.45,576.0,0.247,134.0,23.26,28.0,4.86,0.637,0.0989999999999999,22.7,12.17,14.45,26.62,32.3,19.88
746704,2024-06-07,2024,623520,R,666157,L,field_out,False,False,3.0,0.0,1.0,33.33,0.0,0.0,0.0,0.0,50.0,28.57,28.57,57.14,,100.0,,,,,,,,,,,,,,,155.0,0.211,40.0,25.81,7.0,4.52,0.611,0.12700000000000003,31.71,15.61,17.67,33.28,33.57,21.05,140.0,0.361,38.0,27.14,9.0,6.43,1.071,0.278,29.69,13.97,16.73,30.7,30.18,21.71
746704,2024-06-07,2024,683737,L,666157,L,single,False,False,22.0,0.238,6.0,27.27,1.0,4.55,0.6060000000000001,0.09500000000000003,26.09,13.64,13.64,27.27,27.91,20.0,15.0,0.2,6.0,40.0,0.0,0.0,0.467,0.067,32.14,14.06,18.75,32.81,34.21,31.58,34.0,0.2,9.0,26.47,3.0,8.82,0.494,0.0,21.57,7.86,23.57,31.43,18.18,19.15,26.0,0.24,9.0,34.62,1.0,3.85,0.7090000000000001,0.2,34.04,15.24,23.81,39.05,44.0,22.5
746704,2024-06-07,2024,665804,R,666157,L,field_out,False,False,38.0,0.143,8.0,21.05,1.0,2.63,0.41900000000000004,0.11400000000000002,19.4,9.85,16.67,26.52,25.81,21.62,64.0,0.25,16.0,25.0,5.0,7.81,0.701,0.1069999999999999,31.53,14.11,18.55,32.66,28.79,20.0,155.0,0.211,40.0,25.81,7.0,4.52,0.611,0.12700000000000003,31.71,15.61,17.67,33.28,33.57,21.05,140.0,0.361,38.0,27.14,9.0,6.43,1.071,0.278,29.69,13.97,16.73,30.7,30.18,21.71
746704,2024-06-07,2024,621550,R,666157,L,hit_by_pitch,False,False,40.0,0.294,10.0,25.0,4.0,10.0,0.963,0.294,28.24,13.64,13.07,26.7,22.09,17.24,131.0,0.217,47.0,35.88,10.0,7.63,0.769,0.275,32.94,15.47,14.92,30.39,23.55,28.83,155.0,0.211,40.0,25.81,7.0,4.52,0.611,0.12700000000000003,31.71,15.61,17.67,33.28,33.57,21.05,140.0,0.361,38.0,27.14,9.0,6.43,1.071,0.278,29.69,13.97,16.73,30.7,30.18,21.71
746704,2024-06-07,2024,673548,R,666157,L,walk,False,True,51.0,0.234,11.0,21.57,4.0,7.84,0.72,0.19199999999999998,22.73,9.43,22.17,31.6,18.75,14.86,168.0,0.306,28.0,16.67,18.0,10.71,0.852,0.1659999999999999,13.89,5.59,20.11,25.7,20.92,12.39,155.0,0.211,40.0,25.81,7.0,4.52,0.611,0.12700000000000003,31.71,15.61,17.67,33.28,33.57,21.05,140.0,0.361,38.0,27.14,9.0,6.43,1.071,0.278,29.69,13.97,16.73,30.7,30.18,21.71
746704,2024-06-07,2024,641355,L,666157,L,field_out,False,False,64.0,0.333,7.0,10.94,0.0,0.0,0.772,0.11099999999999999,21.1,11.79,15.9,27.69,37.35,15.91,183.0,0.337,29.0,15.85,13.0,7.1,0.984,0.2589999999999999,20.0,9.84,17.49,27.32,33.33,11.98,34.0,0.2,9.0,26.47,3.0,8.82,0.494,0.0,21.57,7.86,23.57,31.43,18.18,19.15,26.0,0.24,9.0,34.62,1.0,3.85,0.7090000000000001,0.2,34.04,15.24,23.81,39.05,44.0,22.5
746704,2024-06-07,2024,670770,L,657006,L,field_out,False,False,18.0,0.417,2.0,11.11,2.0,11.11,1.111,0.08300000000000002,29.17,11.67,20.0,31.67,26.47,13.33,110.0,0.354,20.0,18.18,9.0,8.18,0.963,0.188,19.23,7.48,23.69,31.17,22.46,18.87,35.0,0.133,9.0,25.71,3.0,8.57,0.49,0.1,21.54,11.2,16.0,27.2,28.57,24.32,141.0,0.267,42.0,29.79,8.0,5.67,0.7869999999999999,0.2059999999999999,29.17,14.51,15.37,29.88,30.56,20.1
746704,2024-06-07,2024,669289,R,657006,L,field_out,False,False,63.0,0.235,5.0,7.94,7.0,11.11,0.625,0.07900000000000001,11.32,5.11,16.17,21.28,23.08,9.26,116.0,0.252,14.0,12.07,8.0,6.9,0.657,0.1029999999999999,17.24,7.83,19.46,27.29,25.0,10.94,125.0,0.265,27.0,21.6,8.0,6.4,0.786,0.20399999999999996,20.27,9.87,17.76,27.63,26.98,20.45,576.0,0.247,134.0,23.26,28.0,4.86,0.637,0.0989999999999999,22.7,12.17,14.45,26.62,32.3,19.88
746704,2024-06-07,2024,694362,R,657006,L,double,False,False,3.0,0.0,0.0,0.0,1.0,33.33,0.333,0.0,50.0,22.22,0.0,22.22,16.67,,,,,,,,,,,,,,,,125.0,0.265,27.0,21.6,8.0,6.4,0.786,0.20399999999999996,20.27,9.87,17.76,27.63,26.98,20.45,576.0,0.247,134.0,23.26,28.0,4.86,0.637,0.0989999999999999,22.7,12.17,14.45,26.62,32.3,19.88
746704,2024-06-07,2024,656413,R,657006,L,single,False,False,76.0,0.333,15.0,19.74,10.0,13.16,0.921,0.16699999999999998,37.31,17.92,9.68,27.6,22.88,20.27,113.0,0.226,34.0,30.09,13.0,11.5,0.7,0.1289999999999999,36.84,17.46,14.51,31.97,22.54,26.77,125.0,0.265,27.0,21.6,8.0,6.4,0.786,0.20399999999999996,20.27,9.87,17.76,27.63,26.98,20.45,576.0,0.247,134.0,23.26,28.0,4.86,0.637,0.0989999999999999,22.7,12.17,14.45,26.62,32.3,19.88
746704,2024-06-07,2024,682829,R,657006,L,strikeout,True,False,96.0,0.228,26.0,27.08,11.0,11.46,0.6930000000000001,0.11400000000000002,33.52,14.75,14.5,29.25,27.48,23.64,122.0,0.184,49.0,40.16,5.0,4.1,0.494,0.079,37.56,17.7,19.4,37.1,38.0,33.33,125.0,0.265,27.0,21.6,8.0,6.4,0.786,0.20399999999999996,20.27,9.87,17.76,27.63,26.98,20.45,576.0,0.247,134.0,23.26,28.0,4.86,0.637,0.0989999999999999,22.7,12.17,14.45,26.62,32.3,19.88
746704,2024-06-07,2024,666624,R,666157,L,field_out,False,False,62.0,0.208,11.0,17.74,9.0,14.52,0.813,0.25,26.26,11.71,14.86,26.58,25.89,16.67,101.0,0.25,28.0,27.72,9.0,8.91,0.893,0.3259999999999999,32.8,15.98,13.4,29.38,27.23,25.23,155.0,0.211,40.0,25.81,7.0,4.52,0.611,0.12700000000000003,31.71,15.61,17.67,33.28,33.57,21.05,140.0,0.361,38.0,27.14,9.0,6.43,1.071,0.278,29.69,13.97,16.73,30.7,30.18,21.71
746704,2024-06-07,2024,664023,R,666157,L,field_out,False,False,55.0,0.26,11.0,20.0,3.0,5.45,0.6950000000000001,0.12,25.0,13.59,13.59,27.18,25.29,15.07,191.0,0.225,44.0,23.04,19.0,9.95,0.694,0.16,24.04,11.18,15.63,26.81,29.29,17.32,155.0,0.211,40.0,25.81,7.0,4.52,0.611,0.12700000000000003,31.71,15.61,17.67,33.28,33.57,21.05,140.0,0.361,38.0,27.14,9.0,6.43,1.071,0.278,29.69,13.97,16.73,30.7,30.18,21.71
746704,2024-06-07,2024,621020,R,666157,L,home_run,False,False,40.0,0.206,9.0,22.5,5.0,12.5,0.649,0.11800000000000002,27.4,12.58,11.95,24.53,21.69,22.5,161.0,0.245,43.0,26.71,17.0,10.56,0.771,0.203,30.48,14.79,13.87,28.66,24.48,20.28,155.0,0.211,40.0,25.81,7.0,4.52,0.611,0.12700000000000003,31.71,15.61,17.67,33.28,33.57,21.05,140.0,0.361,38.0,27.14,9.0,6.43,1.071,0.278,29.69,13.97,16.73,30.7,30.18,21.71
746704,2024-06-07,2024,623520,R,666157,L,field_out,False,False,3.0,0.0,1.0,33.33,0.0,0.0,0.0,0.0,50.0,28.57,28.57,57.14,,100.0,,,,,,,,,,,,,,,155.0,0.211,40.0,25.81,7.0,4.52,0.611,0.12700000000000003,31.71,15.61,17.67,33.28,33.57,21.05,140.0,0.361,38.0,27.14,9.0,6.43,1.071,0.278,29.69,13.97,16.73,30.7,30.18,21.71
746704,2024-06-07,2024,600869,R,657006,L,single,False,False,76.0,0.25,16.0,21.05,10.0,13.16,0.759,0.14100000000000001,28.06,13.22,13.56,26.78,27.33,19.28,161.0,0.254,36.0,22.36,15.0,9.32,0.793,0.197,21.45,10.5,14.2,24.7,29.83,16.29,125.0,0.265,27.0,21.6,8.0,6.4,0.786,0.20399999999999996,20.27,9.87,17.76,27.63,26.98,20.45,576.0,0.247,134.0,23.26,28.0,4.86,0.637,0.0989999999999999,22.7,12.17,14.45,26.62,32.3,19.88
746704,2024-06-07,2024,668715,R,657006,L,field_out,False,False,79.0,0.246,15.0,18.99,11.0,13.92,0.859,0.246,20.9,9.0,16.4,25.4,22.5,14.61,180.0,0.312,33.0,18.33,17.0,9.44,0.928,0.238,20.88,9.77,17.74,27.51,26.97,14.47,125.0,0.265,27.0,21.6,8.0,6.4,0.786,0.20399999999999996,20.27,9.87,17.76,27.63,26.98,20.45,576.0,0.247,134.0,23.26,28.0,4.86,0.637,0.0989999999999999,22.7,12.17,14.45,26.62,32.3,19.88
746704,2024-06-07,2024,663886,R,657006,L,field_out,False,False,59.0,0.269,7.0,11.86,6.0,10.17,0.839,0.23099999999999998,9.3,3.54,20.8,24.34,21.62,11.86,140.0,0.283,30.0,21.43,13.0,9.29,0.7989999999999999,0.166,24.79,10.12,16.75,26.88,18.56,21.13,125.0,0.265,27.0,21.6,8.0,6.4,0.786,0.20399999999999996,20.27,9.87,17.76,27.63,26.98,20.45,576.0,0.247,134.0,23.26,28.0,4.86,0.637,0.0989999999999999,22.7,12.17,14.45,26.62,32.3,19.88
746704,2024-06-07,2024,663697,R,657006,L,force_out,False,False,76.0,0.295,10.0,13.16,12.0,15.79,0.831,0.11499999999999999,11.43,3.63,24.47,28.1,12.73,10.87,134.0,0.207,36.0,26.87,15.0,11.19,0.642,0.129,23.87,9.31,22.67,31.99,19.93,19.66,125.0,0.265,27.0,21.6,8.0,6.4,0.786,0.20399999999999996,20.27,9.87,17.76,27.63,26.98,20.45,576.0,0.247,134.0,23.26,28.0,4.86,0.637,0.0989999999999999,22.7,12.17,14.45,26.62,32.3,19.88
746704,2024-06-07,2024,683737,L,607259,R,field_out,False,False,180.0,0.237,64.0,35.56,23.0,12.78,0.786,0.21000000000000002,33.81,15.13,15.0,30.13,25.24,24.81,66.0,0.158,21.0,31.82,8.0,12.12,0.556,0.1399999999999999,29.79,14.48,13.45,27.93,28.39,21.0,111.0,0.265,17.0,15.32,4.0,3.6,0.725,0.15699999999999997,22.9,11.58,13.71,25.3,35.43,13.18,197.0,0.261,52.0,26.4,16.0,8.12,0.743,0.1539999999999999,31.0,14.69,17.75,32.44,33.17,20.8
746704,2024-06-07,2024,665804,R,607259,R,field_out,False,False,100.0,0.213,23.0,23.0,8.0,8.0,0.571,0.06800000000000003,28.14,15.3,14.48,29.78,36.87,20.18,92.0,0.187,24.0,26.09,7.0,7.61,0.679,0.173,24.72,11.67,16.98,28.65,28.18,19.05,102.0,0.253,21.0,20.59,2.0,1.96,0.649,0.131,24.48,13.2,16.01,29.21,38.01,19.81,265.0,0.224,54.0,20.38,24.0,9.06,0.606,0.0839999999999999,26.67,12.33,17.68,30.01,32.95,21.26
746704,2024-06-07,2024,621550,R,607259,R,field_out,False,False,29.0,0.148,9.0,31.03,2.0,6.9,0.54,0.18500000000000003,28.89,13.0,20.0,33.0,21.74,34.62,172.0,0.196,64.0,37.21,20.0,11.63,0.8049999999999999,0.311,34.35,16.0,14.32,30.32,24.49,24.24,102.0,0.253,21.0,20.59,2.0,1.96,0.649,0.131,24.48,13.2,16.01,29.21,38.01,19.81,265.0,0.224,54.0,20.38,24.0,9.06,0.606,0.0839999999999999,26.67,12.33,17.68,30.01,32.95,21.26
746704,2024-06-07,2024,670770,L,657006,L,single,False,False,18.0,0.417,2.0,11.11,2.0,11.11,1.111,0.08300000000000002,29.17,11.67,20.0,31.67,26.47,13.33,110.0,0.354,20.0,18.18,9.0,8.18,0.963,0.188,19.23,7.48,23.69,31.17,22.46,18.87,35.0,0.133,9.0,25.71,3.0,8.57,0.49,0.1,21.54,11.2,16.0,27.2,28.57,24.32,141.0,0.267,42.0,29.79,8.0,5.67,0.7869999999999999,0.2059999999999999,29.17,14.51,15.37,29.88,30.56,20.1
746704,2024-06-07,2024,669289,R,657006,L,sac_bunt,False,False,63.0,0.235,5.0,7.94,7.0,11.11,0.625,0.07900000000000001,11.32,5.11,16.17,21.28,23.08,9.26,116.0,0.252,14.0,12.07,8.0,6.9,0.657,0.1029999999999999,17.24,7.83,19.46,27.29,25.0,10.94,125.0,0.265,27.0,21.6,8.0,6.4,0.786,0.20399999999999996,20.27,9.87,17.76,27.63,26.98,20.45,576.0,0.247,134.0,23.26,28.0,4.86,0.637,0.0989999999999999,22.7,12.17,14.45,26.62,32.3,19.88
746704,2024-06-07,2024,694362,R,657006,L,field_out,False,False,3.0,0.0,0.0,0.0,1.0,33.33,0.333,0.0,50.0,22.22,0.0,22.22,16.67,,,,,,,,,,,,,,,,125.0,0.265,27.0,21.6,8.0,6.4,0.786,0.20399999999999996,20.27,9.87,17.76,27.63,26.98,20.45,576.0,0.247,134.0,23.26,28.0,4.86,0.637,0.0989999999999999,22.7,12.17,14.45,26.62,32.3,19.88
746704,2024-06-07,2024,656413,R,657006,L,field_out,False,False,76.0,0.333,15.0,19.74,10.0,13.16,0.921,0.16699999999999998,37.31,17.92,9.68,27.6,22.88,20.27,113.0,0.226,34.0,30.09,13.0,11.5,0.7,0.1289999999999999,36.84,17.46,14.51,31.97,22.54,26.77,125.0,0.265,27.0,21.6,8.0,6.4,0.786,0.20399999999999996,20.27,9.87,17.76,27.63,26.98,20.45,576.0,0.247,134.0,23.26,28.0,4.86,0.637,0.0989999999999999,22.7,12.17,14.45,26.62,32.3,19.88
746704,2024-06-07,2024,643565,L,458677,L,single,False,False,46.0,0.268,11.0,23.91,5.0,10.87,0.665,0.04899999999999999,25.0,11.11,17.46,28.57,20.24,20.75,57.0,0.25,13.0,22.81,6.0,10.53,0.741,0.146,27.84,12.05,17.86,29.91,16.5,20.63,30.0,0.259,10.0,33.33,1.0,3.33,0.819,0.26,33.33,15.83,17.5,33.33,32.31,31.25,,,,,,,,,,,,,,
746704,2024-06-07,2024,641355,L,458677,L,field_out,False,False,64.0,0.333,7.0,10.94,0.0,0.0,0.772,0.11099999999999999,21.1,11.79,15.9,27.69,37.35,15.91,183.0,0.337,29.0,15.85,13.0,7.1,0.984,0.2589999999999999,20.0,9.84,17.49,27.32,33.33,11.98,30.0,0.259,10.0,33.33,1.0,3.33,0.819,0.26,33.33,15.83,17.5,33.33,32.31,31.25,,,,,,,,,,,,,,
746704,2024-06-07,2024,666624,R,458677,L,force_out,False,False,62.0,0.208,11.0,17.74,9.0,14.52,0.813,0.25,26.26,11.71,14.86,26.58,25.89,16.67,101.0,0.25,28.0,27.72,9.0,8.91,0.893,0.3259999999999999,32.8,15.98,13.4,29.38,27.23,25.23,22.0,0.35,5.0,22.73,1.0,4.55,0.9590000000000001,0.20000000000000007,20.34,13.04,10.87,23.91,40.62,14.29,,,,,,,,,,,,,,
746704,2024-06-07,2024,664023,R,458677,L,force_out,False,False,55.0,0.26,11.0,20.0,3.0,5.45,0.6950000000000001,0.12,25.0,13.59,13.59,27.18,25.29,15.07,191.0,0.225,44.0,23.04,19.0,9.95,0.694,0.16,24.04,11.18,15.63,26.81,29.29,17.32,22.0,0.35,5.0,22.73,1.0,4.55,0.9590000000000001,0.20000000000000007,20.34,13.04,10.87,23.91,40.62,14.29,,,,,,,,,,,,,,
746704,2024-06-07,2024,682829,R,592767,L,field_out,False,False,96.0,0.228,26.0,27.08,11.0,11.46,0.6930000000000001,0.11400000000000002,33.52,14.75,14.5,29.25,27.48,23.64,122.0,0.184,49.0,40.16,5.0,4.1,0.494,0.079,37.56,17.7,19.4,37.1,38.0,33.33,46.0,0.231,9.0,19.57,7.0,15.22,0.835,0.256,26.88,13.09,12.04,25.13,27.72,16.07,466.0,0.241,105.0,22.53,41.0,8.8,0.758,0.205,27.97,13.04,15.89,28.93,32.06,19.66
746704,2024-06-07,2024,600869,R,592767,L,field_out,False,False,76.0,0.25,16.0,21.05,10.0,13.16,0.759,0.14100000000000001,28.06,13.22,13.56,26.78,27.33,19.28,161.0,0.254,36.0,22.36,15.0,9.32,0.793,0.197,21.45,10.5,14.2,24.7,29.83,16.29,46.0,0.231,9.0,19.57,7.0,15.22,0.835,0.256,26.88,13.09,12.04,25.13,27.72,16.07,466.0,0.241,105.0,22.53,41.0,8.8,0.758,0.205,27.97,13.04,15.89,28.93,32.06,19.66
746704,2024-06-07,2024,668715,R,592767,L,field_out,False,False,79.0,0.246,15.0,18.99,11.0,13.92,0.859,0.246,20.9,9.0,16.4,25.4,22.5,14.61,180.0,0.312,33.0,18.33,17.0,9.44,0.928,0.238,20.88,9.77,17.74,27.51,26.97,14.47,46.0,0.231,9.0,19.57,7.0,15.22,0.835,0.256,26.88,13.09,12.04,25.13,27.72,16.07,466.0,0.241,105.0,22.53,41.0,8.8,0.758,0.205,27.97,13.04,15.89,28.93,32.06,19.66
746704,2024-06-07,2024,621020,R,664747,R,field_out,False,False,163.0,0.208,49.0,30.06,12.0,7.36,0.6060000000000001,0.12800000000000003,34.38,16.54,15.34,31.88,24.2,24.38,478.0,0.244,111.0,23.22,49.0,10.25,0.734,0.161,28.04,13.13,15.12,28.26,23.34,18.66,59.0,0.204,15.0,25.42,4.0,6.78,0.53,0.05500000000000002,27.68,12.97,18.83,31.8,28.33,20.0,142.0,0.197,38.0,26.76,20.0,14.08,0.634,0.1109999999999999,35.51,17.28,12.35,29.63,29.13,24.05
746704,2024-06-07,2024,691718,L,664747,R,field_out,False,False,69.0,0.213,14.0,20.29,4.0,5.8,0.597,0.11500000000000002,21.05,12.08,11.7,23.77,38.64,14.89,15.0,0.0,6.0,40.0,2.0,13.33,0.154,0.0,44.44,26.67,8.33,35.0,23.08,27.27,45.0,0.233,11.0,24.44,13.0,28.89,0.889,0.167,25.0,9.6,16.67,26.26,22.86,15.94,144.0,0.176,48.0,33.33,16.0,11.11,0.56,0.076,34.07,15.36,13.02,28.38,26.49,29.27
746704,2024-06-07,2024,683737,L,664747,R,walk,False,True,180.0,0.237,64.0,35.56,23.0,12.78,0.786,0.21000000000000002,33.81,15.13,15.0,30.13,25.24,24.81,66.0,0.158,21.0,31.82,8.0,12.12,0.556,0.1399999999999999,29.79,14.48,13.45,27.93,28.39,21.0,45.0,0.233,11.0,24.44,13.0,28.89,0.889,0.167,25.0,9.6,16.67,26.26,22.86,15.94,144.0,0.176,48.0,33.33,16.0,11.11,0.56,0.076,34.07,15.36,13.02,28.38,26.49,29.27
746704,2024-06-07,2024,665804,R,664747,R,double,False,False,100.0,0.213,23.0,23.0,8.0,8.0,0.571,0.06800000000000003,28.14,15.3,14.48,29.78,36.87,20.18,92.0,0.187,24.0,26.09,7.0,7.61,0.679,0.173,24.72,11.67,16.98,28.65,28.18,19.05,59.0,0.204,15.0,25.42,4.0,6.78,0.53,0.05500000000000002,27.68,12.97,18.83,31.8,28.33,20.0,142.0,0.197,38.0,26.76,20.0,14.08,0.634,0.1109999999999999,35.51,17.28,12.35,29.63,29.13,24.05
746704,2024-06-07,2024,621550,R,664747,R,strikeout,True,False,29.0,0.148,9.0,31.03,2.0,6.9,0.54,0.18500000000000003,28.89,13.0,20.0,33.0,21.74,34.62,172.0,0.196,64.0,37.21,20.0,11.63,0.8049999999999999,0.311,34.35,16.0,14.32,30.32,24.49,24.24,59.0,0.204,15.0,25.42,4.0,6.78,0.53,0.05500000000000002,27.68,12.97,18.83,31.8,28.33,20.0,142.0,0.197,38.0,26.76,20.0,14.08,0.634,0.1109999999999999,35.51,17.28,12.35,29.63,29.13,24.05
745737,2024-06-07,2024,605141,R,547001,R,strikeout,True,False,192.0,0.29,21.0,10.94,30.0,15.62,0.895,0.20400000000000001,15.25,5.81,20.0,25.81,18.38,8.82,509.0,0.309,85.0,16.7,66.0,12.97,0.949,0.237,17.85,6.92,20.25,27.17,17.64,15.12,18.0,0.222,7.0,38.89,0.0,0.0,0.666,0.222,14.29,6.58,19.74,26.32,32.43,26.92,,,,,,,,,,,,,,
745737,2024-06-07,2024,660271,L,547001,R,field_out,False,False,174.0,0.327,38.0,21.84,21.0,12.07,1.093,0.35300000000000004,29.11,14.33,12.91,27.23,31.2,19.0,429.0,0.327,99.0,23.08,64.0,14.92,1.132,0.3739999999999999,32.88,15.48,11.59,27.07,28.86,20.75,24.0,0.217,3.0,12.5,1.0,4.17,0.598,0.13099999999999998,21.21,8.75,17.5,26.25,17.14,37.5,,,,,,,,,,,,,,
745737,2024-06-07,2024,518692,L,547001,R,walk,False,True,169.0,0.336,27.0,15.98,22.0,13.02,0.9989999999999999,0.23699999999999993,19.87,9.31,12.11,21.42,23.14,14.44,514.0,0.33,81.0,15.76,57.0,11.09,0.962,0.218,19.83,9.77,11.31,21.08,27.01,16.63,24.0,0.217,3.0,12.5,1.0,4.17,0.598,0.13099999999999998,21.21,8.75,17.5,26.25,17.14,37.5,,,,,,,,,,,,,,
745737,2024-06-07,2024,669257,R,547001,R,force_out,False,False,154.0,0.237,27.0,17.53,9.0,5.84,0.688,0.15900000000000003,19.75,9.76,15.43,25.2,28.39,13.71,407.0,0.268,67.0,16.46,42.0,10.32,0.7949999999999999,0.1659999999999999,19.27,8.8,16.84,25.64,24.5,12.79,18.0,0.222,7.0,38.89,0.0,0.0,0.666,0.222,14.29,6.58,19.74,26.32,32.43,26.92,,,,,,,,,,,,,,
745737,2024-06-07,2024,683011,R,808967,R,field_out,False,False,219.0,0.294,45.0,20.55,17.0,7.76,0.817,0.16500000000000004,21.86,10.26,18.87,29.13,29.53,18.0,467.0,0.198,132.0,28.27,36.0,7.71,0.624,0.1579999999999999,28.15,13.53,17.49,31.02,29.16,23.4,129.0,0.266,37.0,28.68,4.0,3.1,0.747,0.194,27.63,14.17,18.76,32.93,34.04,22.56,,,,,,,,,,,,,,
745737,2024-06-07,2024,657077,L,808967,R,field_out,False,False,179.0,0.265,19.0,10.61,13.0,7.26,0.764,0.186,12.03,5.58,18.94,24.52,26.01,9.69,441.0,0.279,66.0,14.97,30.0,6.8,0.793,0.185,15.08,6.28,20.52,26.8,22.64,14.93,131.0,0.183,37.0,28.24,9.0,6.87,0.505,0.08400000000000002,26.36,12.28,19.88,32.16,29.63,22.56,,,,,,,,,,,,,,
745737,2024-06-07,2024,592450,R,808967,R,double,False,False,222.0,0.293,55.0,24.77,33.0,14.86,1.066,0.37000000000000005,31.11,13.49,14.78,28.27,18.84,19.71,384.0,0.266,109.0,28.39,77.0,20.05,1.011,0.3339999999999999,36.96,15.02,15.7,30.72,19.29,24.12,129.0,0.266,37.0,28.68,4.0,3.1,0.747,0.194,27.63,14.17,18.76,32.93,34.04,22.56,,,,,,,,,,,,,,
745737,2024-06-07,2024,519317,R,808967,R,strikeout,True,False,168.0,0.248,51.0,30.36,15.0,8.93,0.857,0.29400000000000004,32.57,14.8,17.34,32.14,30.26,28.49,341.0,0.175,111.0,32.55,35.0,10.26,0.64,0.201,36.65,15.18,19.37,34.55,27.39,25.58,129.0,0.266,37.0,28.68,4.0,3.1,0.747,0.194,27.63,14.17,18.76,32.93,34.04,22.56,,,,,,,,,,,,,,
745737,2024-06-07,2024,606192,R,547001,R,single,False,False,186.0,0.253,56.0,30.11,17.0,9.14,0.758,0.175,34.85,18.06,12.83,30.89,28.64,21.46,529.0,0.249,164.0,31.0,33.0,6.24,0.718,0.1639999999999999,36.92,19.57,14.44,34.01,34.81,23.06,18.0,0.222,7.0,38.89,0.0,0.0,0.666,0.222,14.29,6.58,19.74,26.32,32.43,26.92,,,,,,,,,,,,,,
745737,2024-06-07,2024,518792,L,547001,R,grounded_into_double_play,False,False,50.0,0.227,8.0,16.0,5.0,10.0,0.752,0.205,25.0,13.0,12.5,25.5,29.29,13.33,349.0,0.276,57.0,16.33,32.0,9.17,0.818,0.1949999999999999,20.45,9.51,16.77,26.27,27.56,15.45,24.0,0.217,3.0,12.5,1.0,4.17,0.598,0.13099999999999998,21.21,8.75,17.5,26.25,17.14,37.5,,,,,,,,,,,,,,
745737,2024-06-07,2024,681624,R,547001,R,field_out,False,False,134.0,0.231,39.0,29.1,6.0,4.48,0.683,0.166,28.87,16.22,11.97,28.19,33.07,20.86,,,,,,,,,,,,,,,18.0,0.222,7.0,38.89,0.0,0.0,0.666,0.222,14.29,6.58,19.74,26.32,32.43,26.92,,,,,,,,,,,,,,
745737,2024-06-07,2024,519203,L,808967,R,field_out,False,False,191.0,0.247,32.0,16.75,13.0,6.81,0.7110000000000001,0.15500000000000003,19.95,10.32,15.48,25.8,38.85,15.61,334.0,0.22,86.0,25.75,27.0,8.08,0.6739999999999999,0.146,25.23,12.17,17.7,29.87,34.73,19.95,131.0,0.183,37.0,28.24,9.0,6.87,0.505,0.08400000000000002,26.36,12.28,19.88,32.16,29.63,22.56,,,,,,,,,,,,,,
745737,2024-06-07,2024,650402,R,808967,R,field_error,False,False,199.0,0.236,47.0,23.62,16.0,8.04,0.663,0.124,24.55,11.37,16.71,28.08,22.51,15.88,544.0,0.273,78.0,14.34,50.0,9.19,0.772,0.1589999999999999,21.74,10.32,15.57,25.89,26.86,11.29,129.0,0.266,37.0,28.68,4.0,3.1,0.747,0.194,27.63,14.17,18.76,32.93,34.04,22.56,,,,,,,,,,,,,,
745737,2024-06-07,2024,518934,R,808967,R,strikeout,True,False,19.0,0.143,4.0,21.05,5.0,26.32,0.511,0.0,13.33,5.13,21.79,26.92,20.0,16.67,450.0,0.241,100.0,22.22,45.0,10.0,0.7070000000000001,0.146,19.38,7.76,24.06,31.82,23.84,20.0,129.0,0.266,37.0,28.68,4.0,3.1,0.747,0.194,27.63,14.17,18.76,32.93,34.04,22.56,,,,,,,,,,,,,,
745737,2024-06-07,2024,663757,L,808967,R,single,False,False,41.0,0.062,11.0,26.83,7.0,17.07,0.475,0.188,25.45,7.65,26.23,33.88,6.02,21.15,412.0,0.178,118.0,28.64,56.0,13.59,0.623,0.147,29.65,12.55,17.63,30.18,22.3,21.15,131.0,0.183,37.0,28.24,9.0,6.87,0.505,0.08400000000000002,26.36,12.28,19.88,32.16,29.63,22.56,,,,,,,,,,,,,,
745737,2024-06-07,2024,624431,R,808967,R,strikeout,True,False,74.0,0.294,9.0,12.16,4.0,5.41,0.72,0.08800000000000002,15.09,6.27,22.35,28.63,30.37,16.07,125.0,0.19,20.0,16.0,5.0,4.0,0.495,0.069,18.59,8.22,23.33,31.56,37.86,15.5,129.0,0.266,37.0,28.68,4.0,3.1,0.747,0.194,27.63,14.17,18.76,32.93,34.04,22.56,,,,,,,,,,,,,,
745737,2024-06-07,2024,666158,L,547001,R,field_out,False,False,149.0,0.225,33.0,22.15,11.0,7.38,0.601,0.094,18.99,8.38,18.97,27.35,17.84,19.3,,,,,,,,,,,,,,,24.0,0.217,3.0,12.5,1.0,4.17,0.598,0.13099999999999998,21.21,8.75,17.5,26.25,17.14,37.5,,,,,,,,,,,,,,
745737,2024-06-07,2024,571771,R,547001,R,field_error,False,False,77.0,0.169,18.0,23.38,6.0,7.79,0.459,0.055999999999999994,25.81,13.29,16.28,29.57,25.74,19.78,347.0,0.235,78.0,22.48,20.0,5.76,0.647,0.13,27.56,13.17,16.85,30.02,28.91,20.8,18.0,0.222,7.0,38.89,0.0,0.0,0.666,0.222,14.29,6.58,19.74,26.32,32.43,26.92,,,,,,,,,,,,,,
745737,2024-06-07,2024,605141,R,547001,R,walk,False,True,192.0,0.29,21.0,10.94,30.0,15.62,0.895,0.20400000000000001,15.25,5.81,20.0,25.81,18.38,8.82,509.0,0.309,85.0,16.7,66.0,12.97,0.949,0.237,17.85,6.92,20.25,27.17,17.64,15.12,18.0,0.222,7.0,38.89,0.0,0.0,0.666,0.222,14.29,6.58,19.74,26.32,32.43,26.92,,,,,,,,,,,,,,
745737,2024-06-07,2024,660271,L,547001,R,field_out,False,False,174.0,0.327,38.0,21.84,21.0,12.07,1.093,0.35300000000000004,29.11,14.33,12.91,27.23,31.2,19.0,429.0,0.327,99.0,23.08,64.0,14.92,1.132,0.3739999999999999,32.88,15.48,11.59,27.07,28.86,20.75,24.0,0.217,3.0,12.5,1.0,4.17,0.598,0.13099999999999998,21.21,8.75,17.5,26.25,17.14,37.5,,,,,,,,,,,,,,
745737,2024-06-07,2024,683011,R,808967,R,strikeout,True,False,219.0,0.294,45.0,20.55,17.0,7.76,0.817,0.16500000000000004,21.86,10.26,18.87,29.13,29.53,18.0,467.0,0.198,132.0,28.27,36.0,7.71,0.624,0.1579999999999999,28.15,13.53,17.49,31.02,29.16,23.4,129.0,0.266,37.0,28.68,4.0,3.1,0.747,0.194,27.63,14.17,18.76,32.93,34.04,22.56,,,,,,,,,,,,,,
745737,2024-06-07,2024,657077,L,808967,R,strikeout,True,False,179.0,0.265,19.0,10.61,13.0,7.26,0.764,0.186,12.03,5.58,18.94,24.52,26.01,9.69,441.0,0.279,66.0,14.97,30.0,6.8,0.793,0.185,15.08,6.28,20.52,26.8,22.64,14.93,131.0,0.183,37.0,28.24,9.0,6.87,0.505,0.08400000000000002,26.36,12.28,19.88,32.16,29.63,22.56,,,,,,,,,,,,,,
745737,2024-06-07,2024,592450,R,808967,R,field_out,False,False,222.0,0.293,55.0,24.77,33.0,14.86,1.066,0.37000000000000005,31.11,13.49,14.78,28.27,18.84,19.71,384.0,0.266,109.0,28.39,77.0,20.05,1.011,0.3339999999999999,36.96,15.02,15.7,30.72,19.29,24.12,129.0,0.266,37.0,28.68,4.0,3.1,0.747,0.194,27.63,14.17,18.76,32.93,34.04,22.56,,,,,,,,,,,,,,
745737,2024-06-07,2024,518692,L,547001,R,field_out,False,False,169.0,0.336,27.0,15.98,22.0,13.02,0.9989999999999999,0.23699999999999993,19.87,9.31,12.11,21.42,23.14,14.44,514.0,0.33,81.0,15.76,57.0,11.09,0.962,0.218,19.83,9.77,11.31,21.08,27.01,16.63,24.0,0.217,3.0,12.5,1.0,4.17,0.598,0.13099999999999998,21.21,8.75,17.5,26.25,17.14,37.5,,,,,,,,,,,,,,
745737,2024-06-07,2024,669257,R,547001,R,field_out,False,False,154.0,0.237,27.0,17.53,9.0,5.84,0.688,0.15900000000000003,19.75,9.76,15.43,25.2,28.39,13.71,407.0,0.268,67.0,16.46,42.0,10.32,0.7949999999999999,0.1659999999999999,19.27,8.8,16.84,25.64,24.5,12.79,18.0,0.222,7.0,38.89,0.0,0.0,0.666,0.222,14.29,6.58,19.74,26.32,32.43,26.92,,,,,,,,,,,,,,
745737,2024-06-07,2024,606192,R,547001,R,hit_by_pitch,False,False,186.0,0.253,56.0,30.11,17.0,9.14,0.758,0.175,34.85,18.06,12.83,30.89,28.64,21.46,529.0,0.249,164.0,31.0,33.0,6.24,0.718,0.1639999999999999,36.92,19.57,14.44,34.01,34.81,23.06,18.0,0.222,7.0,38.89,0.0,0.0,0.666,0.222,14.29,6.58,19.74,26.32,32.43,26.92,,,,,,,,,,,,,,
745737,2024-06-07,2024,518792,L,547001,R,field_out,False,False,50.0,0.227,8.0,16.0,5.0,10.0,0.752,0.205,25.0,13.0,12.5,25.5,29.29,13.33,349.0,0.276,57.0,16.33,32.0,9.17,0.818,0.1949999999999999,20.45,9.51,16.77,26.27,27.56,15.45,24.0,0.217,3.0,12.5,1.0,4.17,0.598,0.13099999999999998,21.21,8.75,17.5,26.25,17.14,37.5,,,,,,,,,,,,,,
745737,2024-06-07,2024,519317,R,808967,R,field_out,False,False,168.0,0.248,51.0,30.36,15.0,8.93,0.857,0.29400000000000004,32.57,14.8,17.34,32.14,30.26,28.49,341.0,0.175,111.0,32.55,35.0,10.26,0.64,0.201,36.65,15.18,19.37,34.55,27.39,25.58,129.0,0.266,37.0,28.68,4.0,3.1,0.747,0.194,27.63,14.17,18.76,32.93,34.04,22.56,,,,,,,,,,,,,,
745737,2024-06-07,2024,519203,L,808967,R,field_out,False,False,191.0,0.247,32.0,16.75,13.0,6.81,0.7110000000000001,0.15500000000000003,19.95,10.32,15.48,25.8,38.85,15.61,334.0,0.22,86.0,25.75,27.0,8.08,0.6739999999999999,0.146,25.23,12.17,17.7,29.87,34.73,19.95,131.0,0.183,37.0,28.24,9.0,6.87,0.505,0.08400000000000002,26.36,12.28,19.88,32.16,29.63,22.56,,,,,,,,,,,,,,
745737,2024-06-07,2024,650402,R,808967,R,strikeout,True,False,199.0,0.236,47.0,23.62,16.0,8.04,0.663,0.124,24.55,11.37,16.71,28.08,22.51,15.88,544.0,0.273,78.0,14.34,50.0,9.19,0.772,0.1589999999999999,21.74,10.32,15.57,25.89,26.86,11.29,129.0,0.266,37.0,28.68,4.0,3.1,0.747,0.194,27.63,14.17,18.76,32.93,34.04,22.56,,,,,,,,,,,,,,
745737,2024-06-07,2024,681624,R,547001,R,field_out,False,False,134.0,0.231,39.0,29.1,6.0,4.48,0.683,0.166,28.87,16.22,11.97,28.19,33.07,20.86,,,,,,,,,,,,,,,18.0,0.222,7.0,38.89,0.0,0.0,0.666,0.222,14.29,6.58,19.74,26.32,32.43,26.92,,,,,,,,,,,,,,
745737,2024-06-07,2024,666158,L,547001,R,field_out,False,False,149.0,0.225,33.0,22.15,11.0,7.38,0.601,0.094,18.99,8.38,18.97,27.35,17.84,19.3,,,,,,,,,,,,,,,24.0,0.217,3.0,12.5,1.0,4.17,0.598,0.13099999999999998,21.21,8.75,17.5,26.25,17.14,37.5,,,,,,,,,,,,,,
745737,2024-06-07,2024,571771,R,547001,R,walk,False,True,77.0,0.169,18.0,23.38,6.0,7.79,0.459,0.055999999999999994,25.81,13.29,16.28,29.57,25.74,19.78,347.0,0.235,78.0,22.48,20.0,5.76,0.647,0.13,27.56,13.17,16.85,30.02,28.91,20.8,18.0,0.222,7.0,38.89,0.0,0.0,0.666,0.222,14.29,6.58,19.74,26.32,32.43,26.92,,,,,,,,,,,,,,
745737,2024-06-07,2024,605141,R,547001,R,single,False,False,192.0,0.29,21.0,10.94,30.0,15.62,0.895,0.20400000000000001,15.25,5.81,20.0,25.81,18.38,8.82,509.0,0.309,85.0,16.7,66.0,12.97,0.949,0.237,17.85,6.92,20.25,27.17,17.64,15.12,18.0,0.222,7.0,38.89,0.0,0.0,0.666,0.222,14.29,6.58,19.74,26.32,32.43,26.92,,,,,,,,,,,,,,
745737,2024-06-07,2024,660271,L,624647,L,field_out,False,False,92.0,0.306,22.0,23.91,6.0,6.52,0.8069999999999999,0.15300000000000002,27.27,12.36,18.13,30.49,27.22,20.75,170.0,0.245,44.0,25.88,27.0,15.88,0.897,0.287,30.62,13.88,13.59,27.47,31.74,23.04,23.0,0.143,2.0,8.7,2.0,8.7,0.36,0.0,23.08,8.91,18.81,27.72,18.52,7.41,62.0,0.259,15.0,24.19,3.0,4.84,0.6679999999999999,0.1029999999999999,27.18,11.62,23.65,35.27,30.25,22.39
745737,2024-06-07,2024,518934,R,808967,R,field_out,False,False,19.0,0.143,4.0,21.05,5.0,26.32,0.511,0.0,13.33,5.13,21.79,26.92,20.0,16.67,450.0,0.241,100.0,22.22,45.0,10.0,0.7070000000000001,0.146,19.38,7.76,24.06,31.82,23.84,20.0,129.0,0.266,37.0,28.68,4.0,3.1,0.747,0.194,27.63,14.17,18.76,32.93,34.04,22.56,,,,,,,,,,,,,,
745737,2024-06-07,2024,663757,L,808967,R,field_out,False,False,41.0,0.062,11.0,26.83,7.0,17.07,0.475,0.188,25.45,7.65,26.23,33.88,6.02,21.15,412.0,0.178,118.0,28.64,56.0,13.59,0.623,0.147,29.65,12.55,17.63,30.18,22.3,21.15,131.0,0.183,37.0,28.24,9.0,6.87,0.505,0.08400000000000002,26.36,12.28,19.88,32.16,29.63,22.56,,,,,,,,,,,,,,
745737,2024-06-07,2024,624431,R,808967,R,field_out,False,False,74.0,0.294,9.0,12.16,4.0,5.41,0.72,0.08800000000000002,15.09,6.27,22.35,28.63,30.37,16.07,125.0,0.19,20.0,16.0,5.0,4.0,0.495,0.069,18.59,8.22,23.33,31.56,37.86,15.5,129.0,0.266,37.0,28.68,4.0,3.1,0.747,0.194,27.63,14.17,18.76,32.93,34.04,22.56,,,,,,,,,,,,,,
745737,2024-06-07,2024,518692,L,624647,L,hit_by_pitch,False,False,102.0,0.233,18.0,17.65,10.0,9.8,0.687,0.12699999999999997,22.33,11.92,11.92,23.83,31.75,13.85,218.0,0.335,40.0,18.35,15.0,6.88,1.008,0.2739999999999999,21.54,11.31,11.07,22.38,26.41,16.0,23.0,0.143,2.0,8.7,2.0,8.7,0.36,0.0,23.08,8.91,18.81,27.72,18.52,7.41,62.0,0.259,15.0,24.19,3.0,4.84,0.6679999999999999,0.1029999999999999,27.18,11.62,23.65,35.27,30.25,22.39
745737,2024-06-07,2024,669257,R,624647,L,strikeout,True,False,63.0,0.423,5.0,7.94,10.0,15.87,1.316,0.38500000000000006,16.35,7.3,14.16,21.46,26.85,9.8,147.0,0.24,22.0,14.97,21.0,14.29,0.8,0.206,20.0,8.97,15.38,24.36,26.59,11.52,48.0,0.154,5.0,10.42,8.0,16.67,0.645,0.17900000000000002,19.32,8.76,11.86,20.62,29.91,9.09,73.0,0.19,15.0,20.55,7.0,9.59,0.59,0.1119999999999999,30.23,14.29,13.55,27.84,30.92,24.59
745737,2024-06-07,2024,606192,R,543859,R,strikeout,True,False,186.0,0.253,56.0,30.11,17.0,9.14,0.758,0.175,34.85,18.06,12.83,30.89,28.64,21.46,529.0,0.249,164.0,31.0,33.0,6.24,0.718,0.1639999999999999,36.92,19.57,14.44,34.01,34.81,23.06,75.0,0.234,17.0,22.67,6.0,8.0,0.63,0.06299999999999997,28.67,13.1,17.57,30.67,31.29,16.5,172.0,0.19,42.0,24.42,11.0,6.4,0.613,0.183,25.53,12.71,17.19,29.9,29.81,17.8
745737,2024-06-07,2024,518792,L,543859,R,field_out,False,False,50.0,0.227,8.0,16.0,5.0,10.0,0.752,0.205,25.0,13.0,12.5,25.5,29.29,13.33,349.0,0.276,57.0,16.33,32.0,9.17,0.818,0.1949999999999999,20.45,9.51,16.77,26.27,27.56,15.45,37.0,0.188,7.0,18.92,4.0,10.81,0.52,0.062,21.25,10.49,11.11,21.6,25.0,11.86,153.0,0.248,33.0,21.57,12.0,7.84,0.7030000000000001,0.139,24.04,12.14,15.53,27.67,29.01,16.02
745737,2024-06-07,2024,683011,R,808967,R,field_out,False,False,219.0,0.294,45.0,20.55,17.0,7.76,0.817,0.16500000000000004,21.86,10.26,18.87,29.13,29.53,18.0,467.0,0.198,132.0,28.27,36.0,7.71,0.624,0.1579999999999999,28.15,13.53,17.49,31.02,29.16,23.4,129.0,0.266,37.0,28.68,4.0,3.1,0.747,0.194,27.63,14.17,18.76,32.93,34.04,22.56,,,,,,,,,,,,,,
745737,2024-06-07,2024,657077,L,808967,R,field_out,False,False,179.0,0.265,19.0,10.61,13.0,7.26,0.764,0.186,12.03,5.58,18.94,24.52,26.01,9.69,441.0,0.279,66.0,14.97,30.0,6.8,0.793,0.185,15.08,6.28,20.52,26.8,22.64,14.93,131.0,0.183,37.0,28.24,9.0,6.87,0.505,0.08400000000000002,26.36,12.28,19.88,32.16,29.63,22.56,,,,,,,,,,,,,,
745737,2024-06-07,2024,592450,R,808967,R,walk,False,True,222.0,0.293,55.0,24.77,33.0,14.86,1.066,0.37000000000000005,31.11,13.49,14.78,28.27,18.84,19.71,384.0,0.266,109.0,28.39,77.0,20.05,1.011,0.3339999999999999,36.96,15.02,15.7,30.72,19.29,24.12,129.0,0.266,37.0,28.68,4.0,3.1,0.747,0.194,27.63,14.17,18.76,32.93,34.04,22.56,,,,,,,,,,,,,,
745737,2024-06-07,2024,519317,R,808967,R,strikeout,True,False,168.0,0.248,51.0,30.36,15.0,8.93,0.857,0.29400000000000004,32.57,14.8,17.34,32.14,30.26,28.49,341.0,0.175,111.0,32.55,35.0,10.26,0.64,0.201,36.65,15.18,19.37,34.55,27.39,25.58,129.0,0.266,37.0,28.68,4.0,3.1,0.747,0.194,27.63,14.17,18.76,32.93,34.04,22.56,,,,,,,,,,,,,,
745737,2024-06-07,2024,681624,R,543859,R,strikeout,True,False,134.0,0.231,39.0,29.1,6.0,4.48,0.683,0.166,28.87,16.22,11.97,28.19,33.07,20.86,,,,,,,,,,,,,,,75.0,0.234,17.0,22.67,6.0,8.0,0.63,0.06299999999999997,28.67,13.1,17.57,30.67,31.29,16.5,172.0,0.19,42.0,24.42,11.0,6.4,0.613,0.183,25.53,12.71,17.19,29.9,29.81,17.8
745737,2024-06-07,2024,666158,L,543859,R,field_out,False,False,149.0,0.225,33.0,22.15,11.0,7.38,0.601,0.094,18.99,8.38,18.97,27.35,17.84,19.3,,,,,,,,,,,,,,,37.0,0.188,7.0,18.92,4.0,10.81,0.52,0.062,21.25,10.49,11.11,21.6,25.0,11.86,153.0,0.248,33.0,21.57,12.0,7.84,0.7030000000000001,0.139,24.04,12.14,15.53,27.67,29.01,16.02
745737,2024-06-07,2024,571771,R,543859,R,double,False,False,77.0,0.169,18.0,23.38,6.0,7.79,0.459,0.055999999999999994,25.81,13.29,16.28,29.57,25.74,19.78,347.0,0.235,78.0,22.48,20.0,5.76,0.647,0.13,27.56,13.17,16.85,30.02,28.91,20.8,75.0,0.234,17.0,22.67,6.0,8.0,0.63,0.06299999999999997,28.67,13.1,17.57,30.67,31.29,16.5,172.0,0.19,42.0,24.42,11.0,6.4,0.613,0.183,25.53,12.71,17.19,29.9,29.81,17.8
745737,2024-06-07,2024,605141,R,543859,R,field_out,False,False,192.0,0.29,21.0,10.94,30.0,15.62,0.895,0.20400000000000001,15.25,5.81,20.0,25.81,18.38,8.82,509.0,0.309,85.0,16.7,66.0,12.97,0.949,0.237,17.85,6.92,20.25,27.17,17.64,15.12,75.0,0.234,17.0,22.67,6.0,8.0,0.63,0.06299999999999997,28.67,13.1,17.57,30.67,31.29,16.5,172.0,0.19,42.0,24.42,11.0,6.4,0.613,0.183,25.53,12.71,17.19,29.9,29.81,17.8
745737,2024-06-07,2024,519203,L,808967,R,field_out,False,False,191.0,0.247,32.0,16.75,13.0,6.81,0.7110000000000001,0.15500000000000003,19.95,10.32,15.48,25.8,38.85,15.61,334.0,0.22,86.0,25.75,27.0,8.08,0.6739999999999999,0.146,25.23,12.17,17.7,29.87,34.73,19.95,131.0,0.183,37.0,28.24,9.0,6.87,0.505,0.08400000000000002,26.36,12.28,19.88,32.16,29.63,22.56,,,,,,,,,,,,,,
745737,2024-06-07,2024,650402,R,808967,R,walk,False,True,199.0,0.236,47.0,23.62,16.0,8.04,0.663,0.124,24.55,11.37,16.71,28.08,22.51,15.88,544.0,0.273,78.0,14.34,50.0,9.19,0.772,0.1589999999999999,21.74,10.32,15.57,25.89,26.86,11.29,129.0,0.266,37.0,28.68,4.0,3.1,0.747,0.194,27.63,14.17,18.76,32.93,34.04,22.56,,,,,,,,,,,,,,
745737,2024-06-07,2024,518934,R,808967,R,grounded_into_double_play,False,False,19.0,0.143,4.0,21.05,5.0,26.32,0.511,0.0,13.33,5.13,21.79,26.92,20.0,16.67,450.0,0.241,100.0,22.22,45.0,10.0,0.7070000000000001,0.146,19.38,7.76,24.06,31.82,23.84,20.0,129.0,0.266,37.0,28.68,4.0,3.1,0.747,0.194,27.63,14.17,18.76,32.93,34.04,22.56,,,,,,,,,,,,,,
745737,2024-06-07,2024,660271,L,657571,L,field_out,False,False,92.0,0.306,22.0,23.91,6.0,6.52,0.8069999999999999,0.15300000000000002,27.27,12.36,18.13,30.49,27.22,20.75,170.0,0.245,44.0,25.88,27.0,15.88,0.897,0.287,30.62,13.88,13.59,27.47,31.74,23.04,32.0,0.261,8.0,25.0,7.0,21.88,0.873,0.174,31.91,12.4,15.7,28.1,20.59,24.24,90.0,0.266,26.0,28.89,4.0,4.44,0.748,0.126,27.22,13.33,17.39,30.72,29.94,25.0
745737,2024-06-07,2024,518692,L,657571,L,field_out,False,False,102.0,0.233,18.0,17.65,10.0,9.8,0.687,0.12699999999999997,22.33,11.92,11.92,23.83,31.75,13.85,218.0,0.335,40.0,18.35,15.0,6.88,1.008,0.2739999999999999,21.54,11.31,11.07,22.38,26.41,16.0,32.0,0.261,8.0,25.0,7.0,21.88,0.873,0.174,31.91,12.4,15.7,28.1,20.59,24.24,90.0,0.266,26.0,28.89,4.0,4.44,0.748,0.126,27.22,13.33,17.39,30.72,29.94,25.0
745737,2024-06-07,2024,669257,R,657571,L,strikeout,True,False,63.0,0.423,5.0,7.94,10.0,15.87,1.316,0.38500000000000006,16.35,7.3,14.16,21.46,26.85,9.8,147.0,0.24,22.0,14.97,21.0,14.29,0.8,0.206,20.0,8.97,15.38,24.36,26.59,11.52,54.0,0.235,14.0,25.93,3.0,5.56,0.7090000000000001,0.196,23.73,12.67,16.74,29.41,31.63,16.47,180.0,0.27,44.0,24.44,19.0,10.56,0.702,0.0819999999999999,25.63,12.6,16.34,28.95,28.12,20.66
745737,2024-06-07,2024,663757,L,607455,L,strikeout,True,False,11.0,0.1,5.0,45.45,0.0,0.0,0.28200000000000003,0.0,14.29,5.0,32.5,37.5,23.53,41.67,143.0,0.256,36.0,25.17,19.0,13.29,0.792,0.174,23.81,9.31,23.01,32.32,19.92,20.57,12.0,0.2,4.0,33.33,1.0,8.33,0.47300000000000003,0.0,36.36,16.67,14.58,31.25,20.83,28.57,14.0,0.417,3.0,21.43,1.0,7.14,1.167,0.25,22.86,11.76,16.18,27.94,33.33,11.54
745737,2024-06-07,2024,624431,R,607455,L,strikeout,True,False,48.0,0.214,6.0,12.5,5.0,10.42,0.721,0.215,18.6,7.27,19.55,26.82,24.41,8.45,44.0,0.268,2.0,4.55,3.0,6.82,0.781,0.195,11.11,5.49,18.9,24.39,37.21,4.08,21.0,0.118,3.0,14.29,3.0,14.29,0.356,0.0,13.51,5.81,13.95,19.77,20.93,14.29,21.0,0.25,3.0,14.29,4.0,19.05,0.631,0.0,20.83,10.75,12.9,23.66,31.82,8.82
745737,2024-06-07,2024,683011,R,607455,L,single,False,False,70.0,0.27,15.0,21.43,6.0,8.57,0.73,0.127,18.71,8.93,16.84,25.77,28.1,17.86,134.0,0.248,35.0,26.12,16.0,11.94,0.817,0.2309999999999999,28.81,13.49,15.8,29.29,27.07,23.49,21.0,0.118,3.0,14.29,3.0,14.29,0.356,0.0,13.51,5.81,13.95,19.77,20.93,14.29,21.0,0.25,3.0,14.29,4.0,19.05,0.631,0.0,20.83,10.75,12.9,23.66,31.82,8.82
745737,2024-06-07,2024,657077,L,607455,L,single,False,False,69.0,0.224,12.0,17.39,8.0,11.59,0.681,0.13799999999999998,20.54,8.04,22.73,30.77,22.7,13.79,161.0,0.22,27.0,16.77,15.0,9.32,0.61,0.0779999999999999,17.21,6.6,24.69,31.29,20.83,15.61,12.0,0.2,4.0,33.33,1.0,8.33,0.47300000000000003,0.0,36.36,16.67,14.58,31.25,20.83,28.57,14.0,0.417,3.0,21.43,1.0,7.14,1.167,0.25,22.86,11.76,16.18,27.94,33.33,11.54
745737,2024-06-07,2024,592450,R,595014,R,walk,False,True,222.0,0.293,55.0,24.77,33.0,14.86,1.066,0.37000000000000005,31.11,13.49,14.78,28.27,18.84,19.71,384.0,0.266,109.0,28.39,77.0,20.05,1.011,0.3339999999999999,36.96,15.02,15.7,30.72,19.29,24.12,24.0,0.217,7.0,29.17,1.0,4.17,0.46699999999999997,0.0,30.0,14.12,23.53,37.65,36.36,30.43,,,,,,,,,,,,,,
745737,2024-06-07,2024,519317,R,595014,R,field_out,False,False,168.0,0.248,51.0,30.36,15.0,8.93,0.857,0.29400000000000004,32.57,14.8,17.34,32.14,30.26,28.49,341.0,0.175,111.0,32.55,35.0,10.26,0.64,0.201,36.65,15.18,19.37,34.55,27.39,25.58,24.0,0.217,7.0,29.17,1.0,4.17,0.46699999999999997,0.0,30.0,14.12,23.53,37.65,36.36,30.43,,,,,,,,,,,,,,
745737,2024-06-07,2024,606192,R,605280,R,field_out,False,False,186.0,0.253,56.0,30.11,17.0,9.14,0.758,0.175,34.85,18.06,12.83,30.89,28.64,21.46,529.0,0.249,164.0,31.0,33.0,6.24,0.718,0.1639999999999999,36.92,19.57,14.44,34.01,34.81,23.06,63.0,0.236,18.0,28.57,6.0,9.52,0.624,0.05499999999999999,34.29,14.01,24.12,38.13,21.54,19.15,148.0,0.231,45.0,30.41,11.0,7.43,0.603,0.0749999999999999,28.02,12.29,20.82,33.11,26.21,24.32
745737,2024-06-07,2024,518792,L,605280,R,field_out,False,False,50.0,0.227,8.0,16.0,5.0,10.0,0.752,0.205,25.0,13.0,12.5,25.5,29.29,13.33,349.0,0.276,57.0,16.33,32.0,9.17,0.818,0.1949999999999999,20.45,9.51,16.77,26.27,27.56,15.45,53.0,0.26,10.0,18.87,2.0,3.77,0.5429999999999999,0.0,25.88,12.5,19.89,32.39,36.84,21.74,114.0,0.2,26.0,22.81,12.0,10.53,0.5589999999999999,0.07,23.83,10.48,19.36,29.84,22.22,21.67
745737,2024-06-07,2024,681624,R,605280,R,field_out,False,False,134.0,0.231,39.0,29.1,6.0,4.48,0.683,0.166,28.87,16.22,11.97,28.19,33.07,20.86,,,,,,,,,,,,,,,63.0,0.236,18.0,28.57,6.0,9.52,0.624,0.05499999999999999,34.29,14.01,24.12,38.13,21.54,19.15,148.0,0.231,45.0,30.41,11.0,7.43,0.603,0.0749999999999999,28.02,12.29,20.82,33.11,26.21,24.32
745737,2024-06-07,2024,519203,L,543339,R,field_out,False,False,191.0,0.247,32.0,16.75,13.0,6.81,0.7110000000000001,0.15500000000000003,19.95,10.32,15.48,25.8,38.85,15.61,334.0,0.22,86.0,25.75,27.0,8.08,0.6739999999999999,0.146,25.23,12.17,17.7,29.87,34.73,19.95,46.0,0.174,16.0,34.78,0.0,0.0,0.522,0.174,31.86,17.73,11.82,29.56,24.18,19.75,5.0,0.0,2.0,40.0,2.0,40.0,0.4,0.0,50.0,21.74,8.7,30.43,8.33,20.0
745737,2024-06-07,2024,650402,R,543339,R,field_out,False,False,199.0,0.236,47.0,23.62,16.0,8.04,0.663,0.124,24.55,11.37,16.71,28.08,22.51,15.88,544.0,0.273,78.0,14.34,50.0,9.19,0.772,0.1589999999999999,21.74,10.32,15.57,25.89,26.86,11.29,41.0,0.231,10.0,24.39,2.0,4.88,0.653,0.154,32.88,15.0,15.62,30.63,25.58,23.81,9.0,0.25,3.0,33.33,1.0,11.11,0.708,0.125,28.57,14.63,9.76,24.39,30.43,21.43
745737,2024-06-07,2024,518934,R,543339,R,strikeout,True,False,19.0,0.143,4.0,21.05,5.0,26.32,0.511,0.0,13.33,5.13,21.79,26.92,20.0,16.67,450.0,0.241,100.0,22.22,45.0,10.0,0.7070000000000001,0.146,19.38,7.76,24.06,31.82,23.84,20.0,41.0,0.231,10.0,24.39,2.0,4.88,0.653,0.154,32.88,15.0,15.62,30.63,25.58,23.81,9.0,0.25,3.0,33.33,1.0,11.11,0.708,0.125,28.57,14.63,9.76,24.39,30.43,21.43
745737,2024-06-07,2024,666158,L,641656,R,strikeout,True,False,149.0,0.225,33.0,22.15,11.0,7.38,0.601,0.094,18.99,8.38,18.97,27.35,17.84,19.3,,,,,,,,,,,,,,,47.0,0.205,9.0,19.15,6.0,12.77,0.601,0.07699999999999999,29.03,15.08,15.08,30.17,32.97,15.79,110.0,0.198,33.0,30.0,11.0,10.0,0.607,0.125,34.67,16.42,15.79,32.21,30.0,20.25
745737,2024-06-07,2024,571771,R,641656,R,fielders_choice_out,False,False,77.0,0.169,18.0,23.38,6.0,7.79,0.459,0.055999999999999994,25.81,13.29,16.28,29.57,25.74,19.78,347.0,0.235,78.0,22.48,20.0,5.76,0.647,0.13,27.56,13.17,16.85,30.02,28.91,20.8,65.0,0.281,15.0,23.08,4.0,6.15,0.742,0.123,37.4,19.01,17.36,36.36,36.72,19.74,130.0,0.23,36.0,27.69,15.0,11.54,0.605,0.044,34.73,16.24,15.66,31.9,32.53,24.49
745737,2024-06-07,2024,605141,R,641656,R,walk,False,True,192.0,0.29,21.0,10.94,30.0,15.62,0.895,0.20400000000000001,15.25,5.81,20.0,25.81,18.38,8.82,509.0,0.309,85.0,16.7,66.0,12.97,0.949,0.237,17.85,6.92,20.25,27.17,17.64,15.12,65.0,0.281,15.0,23.08,4.0,6.15,0.742,0.123,37.4,19.01,17.36,36.36,36.72,19.74,130.0,0.23,36.0,27.69,15.0,11.54,0.605,0.044,34.73,16.24,15.66,31.9,32.53,24.49
745737,2024-06-07,2024,660271,L,641656,R,field_out,False,False,174.0,0.327,38.0,21.84,21.0,12.07,1.093,0.35300000000000004,29.11,14.33,12.91,27.23,31.2,19.0,429.0,0.327,99.0,23.08,64.0,14.92,1.132,0.3739999999999999,32.88,15.48,11.59,27.07,28.86,20.75,47.0,0.205,9.0,19.15,6.0,12.77,0.601,0.07699999999999999,29.03,15.08,15.08,30.17,32.97,15.79,110.0,0.198,33.0,30.0,11.0,10.0,0.607,0.125,34.67,16.42,15.79,32.21,30.0,20.25
745737,2024-06-07,2024,663757,L,675627,R,field_out,False,False,41.0,0.062,11.0,26.83,7.0,17.07,0.475,0.188,25.45,7.65,26.23,33.88,6.02,21.15,412.0,0.178,118.0,28.64,56.0,13.59,0.623,0.147,29.65,12.55,17.63,30.18,22.3,21.15,42.0,0.143,17.0,40.48,3.0,7.14,0.572,0.143,31.03,14.92,14.92,29.83,30.68,25.0,147.0,0.344,28.0,19.05,14.0,9.52,1.003,0.244,20.15,9.35,17.81,27.16,26.12,17.28
745737,2024-06-07,2024,624431,R,675627,R,field_out,False,False,74.0,0.294,9.0,12.16,4.0,5.41,0.72,0.08800000000000002,15.09,6.27,22.35,28.63,30.37,16.07,125.0,0.19,20.0,16.0,5.0,4.0,0.495,0.069,18.59,8.22,23.33,31.56,37.86,15.5,80.0,0.2,23.0,28.75,9.0,11.25,0.574,0.08599999999999997,32.31,13.73,19.61,33.33,31.18,30.67,155.0,0.255,45.0,29.03,5.0,3.23,0.707,0.1679999999999999,33.22,17.44,15.03,32.47,36.39,26.95
745737,2024-06-07,2024,683011,R,675627,R,field_out,False,False,219.0,0.294,45.0,20.55,17.0,7.76,0.817,0.16500000000000004,21.86,10.26,18.87,29.13,29.53,18.0,467.0,0.198,132.0,28.27,36.0,7.71,0.624,0.1579999999999999,28.15,13.53,17.49,31.02,29.16,23.4,80.0,0.2,23.0,28.75,9.0,11.25,0.574,0.08599999999999997,32.31,13.73,19.61,33.33,31.18,30.67,155.0,0.255,45.0,29.03,5.0,3.23,0.707,0.1679999999999999,33.22,17.44,15.03,32.47,36.39,26.95
745737,2024-06-07,2024,518692,L,641656,R,walk,False,True,169.0,0.336,27.0,15.98,22.0,13.02,0.9989999999999999,0.23699999999999993,19.87,9.31,12.11,21.42,23.14,14.44,514.0,0.33,81.0,15.76,57.0,11.09,0.962,0.218,19.83,9.77,11.31,21.08,27.01,16.63,47.0,0.205,9.0,19.15,6.0,12.77,0.601,0.07699999999999999,29.03,15.08,15.08,30.17,32.97,15.79,110.0,0.198,33.0,30.0,11.0,10.0,0.607,0.125,34.67,16.42,15.79,32.21,30.0,20.25
745737,2024-06-07,2024,669257,R,641656,R,field_out,False,False,154.0,0.237,27.0,17.53,9.0,5.84,0.688,0.15900000000000003,19.75,9.76,15.43,25.2,28.39,13.71,407.0,0.268,67.0,16.46,42.0,10.32,0.7949999999999999,0.1659999999999999,19.27,8.8,16.84,25.64,24.5,12.79,65.0,0.281,15.0,23.08,4.0,6.15,0.742,0.123,37.4,19.01,17.36,36.36,36.72,19.74,130.0,0.23,36.0,27.69,15.0,11.54,0.605,0.044,34.73,16.24,15.66,31.9,32.53,24.49
745737,2024-06-07,2024,606192,R,641656,R,double,False,False,186.0,0.253,56.0,30.11,17.0,9.14,0.758,0.175,34.85,18.06,12.83,30.89,28.64,21.46,529.0,0.249,164.0,31.0,33.0,6.24,0.718,0.1639999999999999,36.92,19.57,14.44,34.01,34.81,23.06,65.0,0.281,15.0,23.08,4.0,6.15,0.742,0.123,37.4,19.01,17.36,36.36,36.72,19.74,130.0,0.23,36.0,27.69,15.0,11.54,0.605,0.044,34.73,16.24,15.66,31.9,32.53,24.49
745737,2024-06-07,2024,518792,L,642701,R,strikeout,True,False,50.0,0.227,8.0,16.0,5.0,10.0,0.752,0.205,25.0,13.0,12.5,25.5,29.29,13.33,349.0,0.276,57.0,16.33,32.0,9.17,0.818,0.1949999999999999,20.45,9.51,16.77,26.27,27.56,15.45,29.0,0.12,8.0,27.59,4.0,13.79,0.361,0.0,24.07,11.21,15.52,26.72,28.33,25.81,18.0,0.214,3.0,16.67,2.0,11.11,0.619,0.0719999999999999,27.27,14.46,14.46,28.92,30.77,10.34
745737,2024-06-07,2024,681624,R,642701,R,walk,False,True,134.0,0.231,39.0,29.1,6.0,4.48,0.683,0.166,28.87,16.22,11.97,28.19,33.07,20.86,,,,,,,,,,,,,,,75.0,0.3,8.0,10.67,3.0,4.0,0.8380000000000001,0.2,16.67,8.81,16.86,25.67,34.43,10.39,32.0,0.259,9.0,28.12,5.0,15.62,0.931,0.297,29.82,12.23,19.42,31.65,36.9,16.98
745737,2024-06-07,2024,666158,L,642701,R,field_out,False,False,149.0,0.225,33.0,22.15,11.0,7.38,0.601,0.094,18.99,8.38,18.97,27.35,17.84,19.3,,,,,,,,,,,,,,,29.0,0.12,8.0,27.59,4.0,13.79,0.361,0.0,24.07,11.21,15.52,26.72,28.33,25.81,18.0,0.214,3.0,16.67,2.0,11.11,0.619,0.0719999999999999,27.27,14.46,14.46,28.92,30.77,10.34
745737,2024-06-07,2024,657077,L,670990,R,strikeout,True,False,179.0,0.265,19.0,10.61,13.0,7.26,0.764,0.186,12.03,5.58,18.94,24.52,26.01,9.69,441.0,0.279,66.0,14.97,30.0,6.8,0.793,0.185,15.08,6.28,20.52,26.8,22.64,14.93,38.0,0.212,12.0,31.58,3.0,7.89,0.619,0.091,36.21,13.46,19.23,32.69,22.99,32.43,74.0,0.311,12.0,16.22,8.0,10.81,0.907,0.1639999999999999,19.44,7.24,20.0,27.24,18.59,17.14
745737,2024-06-07,2024,592450,R,670990,R,single,False,False,222.0,0.293,55.0,24.77,33.0,14.86,1.066,0.37000000000000005,31.11,13.49,14.78,28.27,18.84,19.71,384.0,0.266,109.0,28.39,77.0,20.05,1.011,0.3339999999999999,36.96,15.02,15.7,30.72,19.29,24.12,61.0,0.24,8.0,13.11,5.0,8.2,0.7010000000000001,0.10000000000000003,21.59,8.44,20.44,28.89,22.52,17.39,102.0,0.233,23.0,22.55,9.0,8.82,0.6220000000000001,0.046,21.23,8.86,20.05,28.9,26.96,16.08
745737,2024-06-07,2024,519317,R,670990,R,strikeout,True,False,168.0,0.248,51.0,30.36,15.0,8.93,0.857,0.29400000000000004,32.57,14.8,17.34,32.14,30.26,28.49,341.0,0.175,111.0,32.55,35.0,10.26,0.64,0.201,36.65,15.18,19.37,34.55,27.39,25.58,61.0,0.24,8.0,13.11,5.0,8.2,0.7010000000000001,0.10000000000000003,21.59,8.44,20.44,28.89,22.52,17.39,102.0,0.233,23.0,22.55,9.0,8.82,0.6220000000000001,0.046,21.23,8.86,20.05,28.9,26.96,16.08
745737,2024-06-07,2024,519203,L,670990,R,field_out,False,False,191.0,0.247,32.0,16.75,13.0,6.81,0.7110000000000001,0.15500000000000003,19.95,10.32,15.48,25.8,38.85,15.61,334.0,0.22,86.0,25.75,27.0,8.08,0.6739999999999999,0.146,25.23,12.17,17.7,29.87,34.73,19.95,38.0,0.212,12.0,31.58,3.0,7.89,0.619,0.091,36.21,13.46,19.23,32.69,22.99,32.43,74.0,0.311,12.0,16.22,8.0,10.81,0.907,0.1639999999999999,19.44,7.24,20.0,27.24,18.59,17.14
745083,2024-06-07,2024,683002,L,650644,R,field_out,False,False,185.0,0.253,39.0,21.08,19.0,10.27,0.921,0.32699999999999996,24.21,11.0,14.71,25.71,22.44,23.35,455.0,0.272,117.0,25.71,38.0,8.35,0.885,0.277,25.57,12.07,15.7,27.78,26.4,22.35,113.0,0.282,30.0,26.55,8.0,7.08,0.821,0.194,21.11,9.5,19.68,29.19,30.94,22.73,254.0,0.234,66.0,25.98,16.0,6.3,0.6679999999999999,0.145,20.86,9.62,20.09,29.72,28.72,18.28
745083,2024-06-07,2024,668939,L,650644,R,strikeout,True,False,175.0,0.242,32.0,18.29,11.0,6.29,0.6639999999999999,0.131,22.02,10.45,19.59,30.04,33.63,16.33,496.0,0.267,80.0,16.13,61.0,12.3,0.778,0.1519999999999999,16.76,6.91,19.7,26.61,24.41,12.54,113.0,0.282,30.0,26.55,8.0,7.08,0.821,0.194,21.11,9.5,19.68,29.19,30.94,22.73,254.0,0.234,66.0,25.98,16.0,6.3,0.6679999999999999,0.145,20.86,9.62,20.09,29.72,28.72,18.28
745083,2024-06-07,2024,663624,R,650644,R,hit_by_pitch,False,False,167.0,0.272,39.0,23.35,7.0,4.19,0.786,0.21499999999999997,23.12,12.67,12.67,25.34,37.96,19.02,310.0,0.235,78.0,25.16,22.0,7.1,0.6399999999999999,0.1139999999999999,29.78,16.05,13.56,29.61,37.06,21.61,154.0,0.254,30.0,19.48,10.0,6.49,0.716,0.16099999999999998,21.05,9.64,18.59,28.23,30.15,17.65,250.0,0.237,50.0,20.0,17.0,6.8,0.643,0.1089999999999999,24.67,11.79,17.37,29.16,32.23,16.89
745083,2024-06-07,2024,656811,L,650644,R,field_out,False,False,162.0,0.293,17.0,10.49,15.0,9.26,0.855,0.20400000000000001,17.24,7.68,16.89,24.57,23.79,12.98,340.0,0.297,74.0,21.76,13.0,3.82,0.802,0.178,22.26,11.29,14.37,25.66,31.15,17.72,113.0,0.282,30.0,26.55,8.0,7.08,0.821,0.194,21.11,9.5,19.68,29.19,30.94,22.73,254.0,0.234,66.0,25.98,16.0,6.3,0.6679999999999999,0.145,20.86,9.62,20.09,29.72,28.72,18.28
745083,2024-06-07,2024,650490,R,608344,L,strikeout,True,False,68.0,0.274,6.0,8.82,4.0,5.88,0.696,0.11299999999999999,8.7,3.97,15.87,19.84,20.34,11.32,139.0,0.355,22.0,15.83,16.0,11.51,1.101,0.314,16.87,7.31,16.22,23.53,19.53,13.75,182.0,0.268,28.0,15.38,11.0,6.04,0.72,0.137,16.57,8.28,17.77,26.05,27.21,14.0,267.0,0.253,59.0,22.1,15.0,5.62,0.744,0.188,20.94,10.76,16.67,27.42,29.92,18.1
745083,2024-06-07,2024,668227,R,608344,L,field_out,False,False,64.0,0.16,13.0,20.31,13.0,20.31,0.653,0.16,26.92,10.45,17.91,28.36,18.49,18.31,138.0,0.254,37.0,26.81,18.0,13.04,0.8280000000000001,0.212,26.44,11.46,18.11,29.57,29.32,19.68,182.0,0.268,28.0,15.38,11.0,6.04,0.72,0.137,16.57,8.28,17.77,26.05,27.21,14.0,267.0,0.253,59.0,22.1,15.0,5.62,0.744,0.188,20.94,10.76,16.67,27.42,29.92,18.1
745083,2024-06-07,2024,642708,R,608344,L,strikeout,True,False,58.0,0.328,10.0,17.24,0.0,0.0,0.794,0.138,25.0,14.63,15.12,29.76,40.82,17.54,193.0,0.282,27.0,13.99,11.0,5.7,0.768,0.16,18.35,9.79,15.18,24.96,39.07,12.33,182.0,0.268,28.0,15.38,11.0,6.04,0.72,0.137,16.57,8.28,17.77,26.05,27.21,14.0,267.0,0.253,59.0,22.1,15.0,5.62,0.744,0.188,20.94,10.76,16.67,27.42,29.92,18.1
745083,2024-06-07,2024,623993,L,650644,R,home_run,False,False,176.0,0.204,27.0,15.34,11.0,6.25,0.7050000000000001,0.234,16.84,9.43,12.0,21.43,41.1,12.0,486.0,0.26,107.0,22.02,31.0,6.38,0.798,0.2229999999999999,22.13,11.37,14.84,26.21,37.22,15.21,113.0,0.282,30.0,26.55,8.0,7.08,0.821,0.194,21.11,9.5,19.68,29.19,30.94,22.73,254.0,0.234,66.0,25.98,16.0,6.3,0.6679999999999999,0.145,20.86,9.62,20.09,29.72,28.72,18.28
745083,2024-06-07,2024,676059,R,650644,R,field_out,False,False,175.0,0.296,28.0,16.0,12.0,6.86,0.857,0.20700000000000002,25.91,13.06,15.36,28.42,30.45,13.92,146.0,0.246,33.0,22.6,8.0,5.48,0.6779999999999999,0.142,22.97,11.73,16.25,27.98,29.59,19.76,154.0,0.254,30.0,19.48,10.0,6.49,0.716,0.16099999999999998,21.05,9.64,18.59,28.23,30.15,17.65,250.0,0.237,50.0,20.0,17.0,6.8,0.643,0.1089999999999999,24.67,11.79,17.37,29.16,32.23,16.89
745083,2024-06-07,2024,681297,L,650644,R,single,False,False,151.0,0.234,39.0,25.83,18.0,11.92,0.778,0.204,29.39,12.93,16.25,29.18,23.0,21.91,68.0,0.111,20.0,29.41,12.0,17.65,0.427,0.0369999999999999,26.67,10.98,17.07,28.05,21.51,17.7,113.0,0.282,30.0,26.55,8.0,7.08,0.821,0.194,21.11,9.5,19.68,29.19,30.94,22.73,254.0,0.234,66.0,25.98,16.0,6.3,0.6679999999999999,0.145,20.86,9.62,20.09,29.72,28.72,18.28
745083,2024-06-07,2024,656775,L,650644,R,field_out,False,False,135.0,0.195,35.0,25.93,9.0,6.67,0.612,0.17099999999999999,20.23,10.6,13.2,23.8,28.86,22.73,336.0,0.233,77.0,22.92,31.0,9.23,0.726,0.1889999999999999,26.24,13.25,14.23,27.48,28.99,18.95,113.0,0.282,30.0,26.55,8.0,7.08,0.821,0.194,21.11,9.5,19.68,29.19,30.94,22.73,254.0,0.234,66.0,25.98,16.0,6.3,0.6679999999999999,0.145,20.86,9.62,20.09,29.72,28.72,18.28
745083,2024-06-07,2024,602104,R,650644,R,double,False,False,54.0,0.255,9.0,16.67,2.0,3.7,0.747,0.196,28.12,13.92,12.89,26.8,25.0,18.0,272.0,0.274,72.0,26.47,17.0,6.25,0.726,0.1169999999999999,29.67,14.82,16.24,31.07,27.7,24.41,154.0,0.254,30.0,19.48,10.0,6.49,0.716,0.16099999999999998,21.05,9.64,18.59,28.23,30.15,17.65,250.0,0.237,50.0,20.0,17.0,6.8,0.643,0.1089999999999999,24.67,11.79,17.37,29.16,32.23,16.89
745083,2024-06-07,2024,683002,L,650644,R,strikeout,True,False,185.0,0.253,39.0,21.08,19.0,10.27,0.921,0.32699999999999996,24.21,11.0,14.71,25.71,22.44,23.35,455.0,0.272,117.0,25.71,38.0,8.35,0.885,0.277,25.57,12.07,15.7,27.78,26.4,22.35,113.0,0.282,30.0,26.55,8.0,7.08,0.821,0.194,21.11,9.5,19.68,29.19,30.94,22.73,254.0,0.234,66.0,25.98,16.0,6.3,0.6679999999999999,0.145,20.86,9.62,20.09,29.72,28.72,18.28
745083,2024-06-07,2024,670623,R,608344,L,field_out,False,False,61.0,0.296,12.0,19.67,6.0,9.84,0.821,0.14800000000000002,18.87,7.91,22.13,30.04,25.74,16.0,136.0,0.259,22.0,16.18,15.0,11.03,0.773,0.146,17.06,7.6,18.37,25.97,26.71,12.64,182.0,0.268,28.0,15.38,11.0,6.04,0.72,0.137,16.57,8.28,17.77,26.05,27.21,14.0,267.0,0.253,59.0,22.1,15.0,5.62,0.744,0.188,20.94,10.76,16.67,27.42,29.92,18.1
745083,2024-06-07,2024,642350,R,608344,L,home_run,False,False,45.0,0.154,16.0,35.56,5.0,11.11,0.603,0.205,43.56,21.67,12.81,34.48,27.88,22.54,93.0,0.198,37.0,39.78,4.0,4.3,0.647,0.2209999999999999,43.46,22.99,15.24,38.23,37.84,32.17,182.0,0.268,28.0,15.38,11.0,6.04,0.72,0.137,16.57,8.28,17.77,26.05,27.21,14.0,267.0,0.253,59.0,22.1,15.0,5.62,0.744,0.188,20.94,10.76,16.67,27.42,29.92,18.1
745083,2024-06-07,2024,676356,R,608344,L,field_out,False,False,28.0,0.174,6.0,21.43,4.0,14.29,0.731,0.261,25.0,12.9,13.71,26.61,37.1,13.04,35.0,0.281,8.0,22.86,3.0,8.57,0.7490000000000001,0.125,27.78,15.15,13.64,28.79,41.67,17.78,182.0,0.268,28.0,15.38,11.0,6.04,0.72,0.137,16.57,8.28,17.77,26.05,27.21,14.0,267.0,0.253,59.0,22.1,15.0,5.62,0.744,0.188,20.94,10.76,16.67,27.42,29.92,18.1
745083,2024-06-07,2024,670764,R,608344,L,double,False,False,,,,,,,,,,,,,,,92.0,0.262,23.0,25.0,11.0,11.96,0.7769999999999999,0.1629999999999999,29.38,13.09,17.27,30.36,20.23,24.21,182.0,0.268,28.0,15.38,11.0,6.04,0.72,0.137,16.57,8.28,17.77,26.05,27.21,14.0,267.0,0.253,59.0,22.1,15.0,5.62,0.744,0.188,20.94,10.76,16.67,27.42,29.92,18.1
745083,2024-06-07,2024,676609,R,608344,L,strikeout,True,False,45.0,0.3,17.0,37.78,1.0,2.22,0.7989999999999999,0.15000000000000002,40.0,22.22,18.13,40.35,40.79,26.15,124.0,0.265,29.0,23.39,13.0,10.48,0.758,0.0979999999999999,21.43,9.88,19.38,29.26,31.78,17.26,182.0,0.268,28.0,15.38,11.0,6.04,0.72,0.137,16.57,8.28,17.77,26.05,27.21,14.0,267.0,0.253,59.0,22.1,15.0,5.62,0.744,0.188,20.94,10.76,16.67,27.42,29.92,18.1
745083,2024-06-07,2024,668939,L,650644,R,strikeout,True,False,175.0,0.242,32.0,18.29,11.0,6.29,0.6639999999999999,0.131,22.02,10.45,19.59,30.04,33.63,16.33,496.0,0.267,80.0,16.13,61.0,12.3,0.778,0.1519999999999999,16.76,6.91,19.7,26.61,24.41,12.54,113.0,0.282,30.0,26.55,8.0,7.08,0.821,0.194,21.11,9.5,19.68,29.19,30.94,22.73,254.0,0.234,66.0,25.98,16.0,6.3,0.6679999999999999,0.145,20.86,9.62,20.09,29.72,28.72,18.28
745083,2024-06-07,2024,663624,R,650644,R,field_out,False,False,167.0,0.272,39.0,23.35,7.0,4.19,0.786,0.21499999999999997,23.12,12.67,12.67,25.34,37.96,19.02,310.0,0.235,78.0,25.16,22.0,7.1,0.6399999999999999,0.1139999999999999,29.78,16.05,13.56,29.61,37.06,21.61,154.0,0.254,30.0,19.48,10.0,6.49,0.716,0.16099999999999998,21.05,9.64,18.59,28.23,30.15,17.65,250.0,0.237,50.0,20.0,17.0,6.8,0.643,0.1089999999999999,24.67,11.79,17.37,29.16,32.23,16.89
745083,2024-06-07,2024,656811,L,650644,R,field_out,False,False,162.0,0.293,17.0,10.49,15.0,9.26,0.855,0.20400000000000001,17.24,7.68,16.89,24.57,23.79,12.98,340.0,0.297,74.0,21.76,13.0,3.82,0.802,0.178,22.26,11.29,14.37,25.66,31.15,17.72,113.0,0.282,30.0,26.55,8.0,7.08,0.821,0.194,21.11,9.5,19.68,29.19,30.94,22.73,254.0,0.234,66.0,25.98,16.0,6.3,0.6679999999999999,0.145,20.86,9.62,20.09,29.72,28.72,18.28
745083,2024-06-07,2024,656577,R,608344,L,field_out,False,False,14.0,0.077,7.0,50.0,0.0,0.0,0.148,0.0,35.0,22.22,7.94,30.16,51.35,26.92,,,,,,,,,,,,,,,182.0,0.268,28.0,15.38,11.0,6.04,0.72,0.137,16.57,8.28,17.77,26.05,27.21,14.0,267.0,0.253,59.0,22.1,15.0,5.62,0.744,0.188,20.94,10.76,16.67,27.42,29.92,18.1
745083,2024-06-07,2024,650490,R,608344,L,single,False,False,68.0,0.274,6.0,8.82,4.0,5.88,0.696,0.11299999999999999,8.7,3.97,15.87,19.84,20.34,11.32,139.0,0.355,22.0,15.83,16.0,11.51,1.101,0.314,16.87,7.31,16.22,23.53,19.53,13.75,182.0,0.268,28.0,15.38,11.0,6.04,0.72,0.137,16.57,8.28,17.77,26.05,27.21,14.0,267.0,0.253,59.0,22.1,15.0,5.62,0.744,0.188,20.94,10.76,16.67,27.42,29.92,18.1
745083,2024-06-07,2024,668227,R,608344,L,double,False,False,64.0,0.16,13.0,20.31,13.0,20.31,0.653,0.16,26.92,10.45,17.91,28.36,18.49,18.31,138.0,0.254,37.0,26.81,18.0,13.04,0.8280000000000001,0.212,26.44,11.46,18.11,29.57,29.32,19.68,182.0,0.268,28.0,15.38,11.0,6.04,0.72,0.137,16.57,8.28,17.77,26.05,27.21,14.0,267.0,0.253,59.0,22.1,15.0,5.62,0.744,0.188,20.94,10.76,16.67,27.42,29.92,18.1
745083,2024-06-07,2024,642708,R,608344,L,sac_fly,False,False,58.0,0.328,10.0,17.24,0.0,0.0,0.794,0.138,25.0,14.63,15.12,29.76,40.82,17.54,193.0,0.282,27.0,13.99,11.0,5.7,0.768,0.16,18.35,9.79,15.18,24.96,39.07,12.33,182.0,0.268,28.0,15.38,11.0,6.04,0.72,0.137,16.57,8.28,17.77,26.05,27.21,14.0,267.0,0.253,59.0,22.1,15.0,5.62,0.744,0.188,20.94,10.76,16.67,27.42,29.92,18.1
745083,2024-06-07,2024,670623,R,608344,L,field_out,False,False,61.0,0.296,12.0,19.67,6.0,9.84,0.821,0.14800000000000002,18.87,7.91,22.13,30.04,25.74,16.0,136.0,0.259,22.0,16.18,15.0,11.03,0.773,0.146,17.06,7.6,18.37,25.97,26.71,12.64,182.0,0.268,28.0,15.38,11.0,6.04,0.72,0.137,16.57,8.28,17.77,26.05,27.21,14.0,267.0,0.253,59.0,22.1,15.0,5.62,0.744,0.188,20.94,10.76,16.67,27.42,29.92,18.1
745083,2024-06-07,2024,623993,L,650644,R,single,False,False,176.0,0.204,27.0,15.34,11.0,6.25,0.7050000000000001,0.234,16.84,9.43,12.0,21.43,41.1,12.0,486.0,0.26,107.0,22.02,31.0,6.38,0.798,0.2229999999999999,22.13,11.37,14.84,26.21,37.22,15.21,113.0,0.282,30.0,26.55,8.0,7.08,0.821,0.194,21.11,9.5,19.68,29.19,30.94,22.73,254.0,0.234,66.0,25.98,16.0,6.3,0.6679999999999999,0.145,20.86,9.62,20.09,29.72,28.72,18.28
745083,2024-06-07,2024,676059,R,650644,R,single,False,False,175.0,0.296,28.0,16.0,12.0,6.86,0.857,0.20700000000000002,25.91,13.06,15.36,28.42,30.45,13.92,146.0,0.246,33.0,22.6,8.0,5.48,0.6779999999999999,0.142,22.97,11.73,16.25,27.98,29.59,19.76,154.0,0.254,30.0,19.48,10.0,6.49,0.716,0.16099999999999998,21.05,9.64,18.59,28.23,30.15,17.65,250.0,0.237,50.0,20.0,17.0,6.8,0.643,0.1089999999999999,24.67,11.79,17.37,29.16,32.23,16.89
745083,2024-06-07,2024,681297,L,650644,R,strikeout,True,False,151.0,0.234,39.0,25.83,18.0,11.92,0.778,0.204,29.39,12.93,16.25,29.18,23.0,21.91,68.0,0.111,20.0,29.41,12.0,17.65,0.427,0.0369999999999999,26.67,10.98,17.07,28.05,21.51,17.7,113.0,0.282,30.0,26.55,8.0,7.08,0.821,0.194,21.11,9.5,19.68,29.19,30.94,22.73,254.0,0.234,66.0,25.98,16.0,6.3,0.6679999999999999,0.145,20.86,9.62,20.09,29.72,28.72,18.28
745083,2024-06-07,2024,656775,L,650644,R,strikeout,True,False,135.0,0.195,35.0,25.93,9.0,6.67,0.612,0.17099999999999999,20.23,10.6,13.2,23.8,28.86,22.73,336.0,0.233,77.0,22.92,31.0,9.23,0.726,0.1889999999999999,26.24,13.25,14.23,27.48,28.99,18.95,113.0,0.282,30.0,26.55,8.0,7.08,0.821,0.194,21.11,9.5,19.68,29.19,30.94,22.73,254.0,0.234,66.0,25.98,16.0,6.3,0.6679999999999999,0.145,20.86,9.62,20.09,29.72,28.72,18.28
745083,2024-06-07,2024,602104,R,650644,R,strikeout,True,False,54.0,0.255,9.0,16.67,2.0,3.7,0.747,0.196,28.12,13.92,12.89,26.8,25.0,18.0,272.0,0.274,72.0,26.47,17.0,6.25,0.726,0.1169999999999999,29.67,14.82,16.24,31.07,27.7,24.41,154.0,0.254,30.0,19.48,10.0,6.49,0.716,0.16099999999999998,21.05,9.64,18.59,28.23,30.15,17.65,250.0,0.237,50.0,20.0,17.0,6.8,0.643,0.1089999999999999,24.67,11.79,17.37,29.16,32.23,16.89
745083,2024-06-07,2024,642350,R,608344,L,field_out,False,False,45.0,0.154,16.0,35.56,5.0,11.11,0.603,0.205,43.56,21.67,12.81,34.48,27.88,22.54,93.0,0.198,37.0,39.78,4.0,4.3,0.647,0.2209999999999999,43.46,22.99,15.24,38.23,37.84,32.17,182.0,0.268,28.0,15.38,11.0,6.04,0.72,0.137,16.57,8.28,17.77,26.05,27.21,14.0,267.0,0.253,59.0,22.1,15.0,5.62,0.744,0.188,20.94,10.76,16.67,27.42,29.92,18.1
745083,2024-06-07,2024,676356,R,608344,L,field_out,False,False,28.0,0.174,6.0,21.43,4.0,14.29,0.731,0.261,25.0,12.9,13.71,26.61,37.1,13.04,35.0,0.281,8.0,22.86,3.0,8.57,0.7490000000000001,0.125,27.78,15.15,13.64,28.79,41.67,17.78,182.0,0.268,28.0,15.38,11.0,6.04,0.72,0.137,16.57,8.28,17.77,26.05,27.21,14.0,267.0,0.253,59.0,22.1,15.0,5.62,0.744,0.188,20.94,10.76,16.67,27.42,29.92,18.1
745083,2024-06-07,2024,670764,R,608344,L,strikeout,True,False,,,,,,,,,,,,,,,92.0,0.262,23.0,25.0,11.0,11.96,0.7769999999999999,0.1629999999999999,29.38,13.09,17.27,30.36,20.23,24.21,182.0,0.268,28.0,15.38,11.0,6.04,0.72,0.137,16.57,8.28,17.77,26.05,27.21,14.0,267.0,0.253,59.0,22.1,15.0,5.62,0.744,0.188,20.94,10.76,16.67,27.42,29.92,18.1
745083,2024-06-07,2024,683002,L,650644,R,single,False,False,185.0,0.253,39.0,21.08,19.0,10.27,0.921,0.32699999999999996,24.21,11.0,14.71,25.71,22.44,23.35,455.0,0.272,117.0,25.71,38.0,8.35,0.885,0.277,25.57,12.07,15.7,27.78,26.4,22.35,113.0,0.282,30.0,26.55,8.0,7.08,0.821,0.194,21.11,9.5,19.68,29.19,30.94,22.73,254.0,0.234,66.0,25.98,16.0,6.3,0.6679999999999999,0.145,20.86,9.62,20.09,29.72,28.72,18.28
745083,2024-06-07,2024,668939,L,650644,R,field_out,False,False,175.0,0.242,32.0,18.29,11.0,6.29,0.6639999999999999,0.131,22.02,10.45,19.59,30.04,33.63,16.33,496.0,0.267,80.0,16.13,61.0,12.3,0.778,0.1519999999999999,16.76,6.91,19.7,26.61,24.41,12.54,113.0,0.282,30.0,26.55,8.0,7.08,0.821,0.194,21.11,9.5,19.68,29.19,30.94,22.73,254.0,0.234,66.0,25.98,16.0,6.3,0.6679999999999999,0.145,20.86,9.62,20.09,29.72,28.72,18.28
745083,2024-06-07,2024,663624,R,650644,R,home_run,False,False,167.0,0.272,39.0,23.35,7.0,4.19,0.786,0.21499999999999997,23.12,12.67,12.67,25.34,37.96,19.02,310.0,0.235,78.0,25.16,22.0,7.1,0.6399999999999999,0.1139999999999999,29.78,16.05,13.56,29.61,37.06,21.61,154.0,0.254,30.0,19.48,10.0,6.49,0.716,0.16099999999999998,21.05,9.64,18.59,28.23,30.15,17.65,250.0,0.237,50.0,20.0,17.0,6.8,0.643,0.1089999999999999,24.67,11.79,17.37,29.16,32.23,16.89
745083,2024-06-07,2024,656811,L,650644,R,strikeout,True,False,162.0,0.293,17.0,10.49,15.0,9.26,0.855,0.20400000000000001,17.24,7.68,16.89,24.57,23.79,12.98,340.0,0.297,74.0,21.76,13.0,3.82,0.802,0.178,22.26,11.29,14.37,25.66,31.15,17.72,113.0,0.282,30.0,26.55,8.0,7.08,0.821,0.194,21.11,9.5,19.68,29.19,30.94,22.73,254.0,0.234,66.0,25.98,16.0,6.3,0.6679999999999999,0.145,20.86,9.62,20.09,29.72,28.72,18.28
745083,2024-06-07,2024,623993,L,650644,R,walk,False,True,176.0,0.204,27.0,15.34,11.0,6.25,0.7050000000000001,0.234,16.84,9.43,12.0,21.43,41.1,12.0,486.0,0.26,107.0,22.02,31.0,6.38,0.798,0.2229999999999999,22.13,11.37,14.84,26.21,37.22,15.21,113.0,0.282,30.0,26.55,8.0,7.08,0.821,0.194,21.11,9.5,19.68,29.19,30.94,22.73,254.0,0.234,66.0,25.98,16.0,6.3,0.6679999999999999,0.145,20.86,9.62,20.09,29.72,28.72,18.28
745083,2024-06-07,2024,676059,R,650644,R,strikeout,True,False,175.0,0.296,28.0,16.0,12.0,6.86,0.857,0.20700000000000002,25.91,13.06,15.36,28.42,30.45,13.92,146.0,0.246,33.0,22.6,8.0,5.48,0.6779999999999999,0.142,22.97,11.73,16.25,27.98,29.59,19.76,154.0,0.254,30.0,19.48,10.0,6.49,0.716,0.16099999999999998,21.05,9.64,18.59,28.23,30.15,17.65,250.0,0.237,50.0,20.0,17.0,6.8,0.643,0.1089999999999999,24.67,11.79,17.37,29.16,32.23,16.89
745083,2024-06-07,2024,676609,R,608344,L,double,False,False,45.0,0.3,17.0,37.78,1.0,2.22,0.7989999999999999,0.15000000000000002,40.0,22.22,18.13,40.35,40.79,26.15,124.0,0.265,29.0,23.39,13.0,10.48,0.758,0.0979999999999999,21.43,9.88,19.38,29.26,31.78,17.26,182.0,0.268,28.0,15.38,11.0,6.04,0.72,0.137,16.57,8.28,17.77,26.05,27.21,14.0,267.0,0.253,59.0,22.1,15.0,5.62,0.744,0.188,20.94,10.76,16.67,27.42,29.92,18.1
745083,2024-06-07,2024,656577,R,608344,L,strikeout,True,False,14.0,0.077,7.0,50.0,0.0,0.0,0.148,0.0,35.0,22.22,7.94,30.16,51.35,26.92,,,,,,,,,,,,,,,182.0,0.268,28.0,15.38,11.0,6.04,0.72,0.137,16.57,8.28,17.77,26.05,27.21,14.0,267.0,0.253,59.0,22.1,15.0,5.62,0.744,0.188,20.94,10.76,16.67,27.42,29.92,18.1
745083,2024-06-07,2024,650490,R,608344,L,field_out,False,False,68.0,0.274,6.0,8.82,4.0,5.88,0.696,0.11299999999999999,8.7,3.97,15.87,19.84,20.34,11.32,139.0,0.355,22.0,15.83,16.0,11.51,1.101,0.314,16.87,7.31,16.22,23.53,19.53,13.75,182.0,0.268,28.0,15.38,11.0,6.04,0.72,0.137,16.57,8.28,17.77,26.05,27.21,14.0,267.0,0.253,59.0,22.1,15.0,5.62,0.744,0.188,20.94,10.76,16.67,27.42,29.92,18.1
745083,2024-06-07,2024,668227,R,608344,L,field_out,False,False,64.0,0.16,13.0,20.31,13.0,20.31,0.653,0.16,26.92,10.45,17.91,28.36,18.49,18.31,138.0,0.254,37.0,26.81,18.0,13.04,0.8280000000000001,0.212,26.44,11.46,18.11,29.57,29.32,19.68,182.0,0.268,28.0,15.38,11.0,6.04,0.72,0.137,16.57,8.28,17.77,26.05,27.21,14.0,267.0,0.253,59.0,22.1,15.0,5.62,0.744,0.188,20.94,10.76,16.67,27.42,29.92,18.1
745083,2024-06-07,2024,681297,L,663992,L,strikeout,True,False,48.0,0.214,18.0,37.5,3.0,6.25,0.658,0.167,37.35,15.9,20.0,35.9,22.68,27.27,9.0,0.143,2.0,22.22,1.0,11.11,0.476,0.0,25.0,8.11,27.03,35.14,15.79,18.18,25.0,0.318,4.0,16.0,2.0,8.0,0.724,0.045999999999999985,21.74,10.53,9.47,20.0,26.67,17.39,39.0,0.156,10.0,25.64,3.0,7.69,0.638,0.219,26.15,11.41,22.15,33.56,29.23,25.64
745083,2024-06-07,2024,656775,L,663992,L,field_out,False,False,48.0,0.13,12.0,25.0,1.0,2.08,0.34099999999999997,0.043999999999999984,20.21,10.44,15.93,26.37,27.71,23.53,120.0,0.233,24.0,20.0,12.0,10.0,0.708,0.165,20.83,9.68,19.35,29.03,20.0,14.81,25.0,0.318,4.0,16.0,2.0,8.0,0.724,0.045999999999999985,21.74,10.53,9.47,20.0,26.67,17.39,39.0,0.156,10.0,25.64,3.0,7.69,0.638,0.219,26.15,11.41,22.15,33.56,29.23,25.64
745083,2024-06-07,2024,602104,R,663992,L,field_out,False,False,25.0,0.227,3.0,12.0,1.0,4.0,0.638,0.091,17.65,8.18,16.36,24.55,22.22,8.82,124.0,0.241,29.0,23.39,10.0,8.06,0.654,0.098,26.55,12.58,16.35,28.93,29.75,21.64,32.0,0.367,7.0,21.88,1.0,3.12,0.954,0.19999999999999996,25.45,12.28,20.18,32.46,34.0,20.59,58.0,0.208,14.0,24.14,7.0,12.07,0.685,0.167,23.58,10.87,17.83,28.7,23.64,20.29
745083,2024-06-07,2024,642708,R,608344,L,field_out,False,False,58.0,0.328,10.0,17.24,0.0,0.0,0.794,0.138,25.0,14.63,15.12,29.76,40.82,17.54,193.0,0.282,27.0,13.99,11.0,5.7,0.768,0.16,18.35,9.79,15.18,24.96,39.07,12.33,182.0,0.268,28.0,15.38,11.0,6.04,0.72,0.137,16.57,8.28,17.77,26.05,27.21,14.0,267.0,0.253,59.0,22.1,15.0,5.62,0.744,0.188,20.94,10.76,16.67,27.42,29.92,18.1
745083,2024-06-07,2024,670623,R,608344,L,strikeout,True,False,61.0,0.296,12.0,19.67,6.0,9.84,0.821,0.14800000000000002,18.87,7.91,22.13,30.04,25.74,16.0,136.0,0.259,22.0,16.18,15.0,11.03,0.773,0.146,17.06,7.6,18.37,25.97,26.71,12.64,182.0,0.268,28.0,15.38,11.0,6.04,0.72,0.137,16.57,8.28,17.77,26.05,27.21,14.0,267.0,0.253,59.0,22.1,15.0,5.62,0.744,0.188,20.94,10.76,16.67,27.42,29.92,18.1
745083,2024-06-07,2024,642350,R,608344,L,single,False,False,45.0,0.154,16.0,35.56,5.0,11.11,0.603,0.205,43.56,21.67,12.81,34.48,27.88,22.54,93.0,0.198,37.0,39.78,4.0,4.3,0.647,0.2209999999999999,43.46,22.99,15.24,38.23,37.84,32.17,182.0,0.268,28.0,15.38,11.0,6.04,0.72,0.137,16.57,8.28,17.77,26.05,27.21,14.0,267.0,0.253,59.0,22.1,15.0,5.62,0.744,0.188,20.94,10.76,16.67,27.42,29.92,18.1
745083,2024-06-07,2024,676356,R,608344,L,single,False,False,28.0,0.174,6.0,21.43,4.0,14.29,0.731,0.261,25.0,12.9,13.71,26.61,37.1,13.04,35.0,0.281,8.0,22.86,3.0,8.57,0.7490000000000001,0.125,27.78,15.15,13.64,28.79,41.67,17.78,182.0,0.268,28.0,15.38,11.0,6.04,0.72,0.137,16.57,8.28,17.77,26.05,27.21,14.0,267.0,0.253,59.0,22.1,15.0,5.62,0.744,0.188,20.94,10.76,16.67,27.42,29.92,18.1
745083,2024-06-07,2024,670764,R,608344,L,single,False,False,,,,,,,,,,,,,,,92.0,0.262,23.0,25.0,11.0,11.96,0.7769999999999999,0.1629999999999999,29.38,13.09,17.27,30.36,20.23,24.21,182.0,0.268,28.0,15.38,11.0,6.04,0.72,0.137,16.57,8.28,17.77,26.05,27.21,14.0,267.0,0.253,59.0,22.1,15.0,5.62,0.744,0.188,20.94,10.76,16.67,27.42,29.92,18.1
745083,2024-06-07,2024,676609,R,657097,R,field_out,False,False,159.0,0.25,43.0,27.04,10.0,6.29,0.661,0.09699999999999998,29.82,13.6,20.0,33.6,32.38,22.05,156.0,0.186,37.0,23.72,15.0,9.62,0.588,0.1009999999999999,24.9,10.03,24.36,34.39,27.59,18.69,75.0,0.219,16.0,21.33,11.0,14.67,0.661,0.10900000000000001,25.93,11.9,15.65,27.55,21.01,18.18,154.0,0.178,38.0,24.68,15.0,9.74,0.6080000000000001,0.155,31.15,16.29,14.33,30.62,34.71,18.27
745083,2024-06-07,2024,683002,L,606965,R,strikeout,True,False,185.0,0.253,39.0,21.08,19.0,10.27,0.921,0.32699999999999996,24.21,11.0,14.71,25.71,22.44,23.35,455.0,0.272,117.0,25.71,38.0,8.35,0.885,0.277,25.57,12.07,15.7,27.78,26.4,22.35,40.0,0.184,9.0,22.5,2.0,5.0,0.541,0.132,29.63,13.87,19.08,32.95,30.23,14.06,72.0,0.206,14.0,19.44,5.0,6.94,0.601,0.127,24.64,11.76,14.53,26.3,32.69,16.67
745083,2024-06-07,2024,668939,L,606965,R,field_out,False,False,175.0,0.242,32.0,18.29,11.0,6.29,0.6639999999999999,0.131,22.02,10.45,19.59,30.04,33.63,16.33,496.0,0.267,80.0,16.13,61.0,12.3,0.778,0.1519999999999999,16.76,6.91,19.7,26.61,24.41,12.54,40.0,0.184,9.0,22.5,2.0,5.0,0.541,0.132,29.63,13.87,19.08,32.95,30.23,14.06,72.0,0.206,14.0,19.44,5.0,6.94,0.601,0.127,24.64,11.76,14.53,26.3,32.69,16.67
745083,2024-06-07,2024,663624,R,606965,R,field_out,False,False,167.0,0.272,39.0,23.35,7.0,4.19,0.786,0.21499999999999997,23.12,12.67,12.67,25.34,37.96,19.02,310.0,0.235,78.0,25.16,22.0,7.1,0.6399999999999999,0.1139999999999999,29.78,16.05,13.56,29.61,37.06,21.61,43.0,0.361,5.0,11.63,7.0,16.28,1.243,0.41700000000000004,26.67,10.99,17.03,28.02,21.78,8.33,101.0,0.245,28.0,27.72,6.0,5.94,0.702,0.1699999999999999,32.8,15.66,15.91,31.57,27.49,22.76
745083,2024-06-07,2024,680700,L,657097,R,field_out,False,False,160.0,0.254,37.0,23.12,20.0,12.5,0.73,0.119,27.6,13.36,13.99,27.36,27.07,18.59,82.0,0.216,10.0,12.2,6.0,7.32,0.7390000000000001,0.243,15.71,6.75,18.4,25.15,18.99,10.75,38.0,0.111,9.0,23.68,2.0,5.26,0.29700000000000004,0.02800000000000001,28.17,14.81,17.04,31.85,31.15,24.32,78.0,0.246,19.0,24.36,15.0,19.23,0.79,0.147,34.42,16.36,12.04,28.4,29.88,18.27
745083,2024-06-07,2024,650490,R,657097,R,field_out,False,False,200.0,0.232,30.0,15.0,21.0,10.5,0.659,0.10700000000000001,11.52,4.95,17.27,22.22,22.35,12.1,462.0,0.322,72.0,15.58,49.0,10.61,0.881,0.1559999999999999,18.95,8.0,18.68,26.68,19.71,15.69,75.0,0.219,16.0,21.33,11.0,14.67,0.661,0.10900000000000001,25.93,11.9,15.65,27.55,21.01,18.18,154.0,0.178,38.0,24.68,15.0,9.74,0.6080000000000001,0.155,31.15,16.29,14.33,30.62,34.71,18.27
745083,2024-06-07,2024,668227,R,657097,R,single,False,False,187.0,0.172,55.0,29.41,18.0,9.63,0.5880000000000001,0.14700000000000002,36.94,15.34,19.95,35.29,24.76,21.32,517.0,0.254,119.0,23.02,62.0,11.99,0.7769999999999999,0.1589999999999999,29.93,12.82,18.77,31.59,26.93,19.44,75.0,0.219,16.0,21.33,11.0,14.67,0.661,0.10900000000000001,25.93,11.9,15.65,27.55,21.01,18.18,154.0,0.178,38.0,24.68,15.0,9.74,0.6080000000000001,0.155,31.15,16.29,14.33,30.62,34.71,18.27
745083,2024-06-07,2024,642708,R,657097,R,field_out,False,False,128.0,0.29,20.0,15.62,4.0,3.12,0.7150000000000001,0.11300000000000004,20.4,11.36,14.03,25.39,40.0,14.08,353.0,0.252,72.0,20.4,18.0,5.1,0.636,0.091,25.7,13.68,14.7,28.38,39.8,19.35,75.0,0.219,16.0,21.33,11.0,14.67,0.661,0.10900000000000001,25.93,11.9,15.65,27.55,21.01,18.18,154.0,0.178,38.0,24.68,15.0,9.74,0.6080000000000001,0.155,31.15,16.29,14.33,30.62,34.71,18.27
745083,2024-06-07,2024,656811,L,606965,R,double,False,False,162.0,0.293,17.0,10.49,15.0,9.26,0.855,0.20400000000000001,17.24,7.68,16.89,24.57,23.79,12.98,340.0,0.297,74.0,21.76,13.0,3.82,0.802,0.178,22.26,11.29,14.37,25.66,31.15,17.72,40.0,0.184,9.0,22.5,2.0,5.0,0.541,0.132,29.63,13.87,19.08,32.95,30.23,14.06,72.0,0.206,14.0,19.44,5.0,6.94,0.601,0.127,24.64,11.76,14.53,26.3,32.69,16.67
745083,2024-06-07,2024,623993,L,606965,R,field_out,False,False,176.0,0.204,27.0,15.34,11.0,6.25,0.7050000000000001,0.234,16.84,9.43,12.0,21.43,41.1,12.0,486.0,0.26,107.0,22.02,31.0,6.38,0.798,0.2229999999999999,22.13,11.37,14.84,26.21,37.22,15.21,40.0,0.184,9.0,22.5,2.0,5.0,0.541,0.132,29.63,13.87,19.08,32.95,30.23,14.06,72.0,0.206,14.0,19.44,5.0,6.94,0.601,0.127,24.64,11.76,14.53,26.3,32.69,16.67
745083,2024-06-07,2024,676059,R,606965,R,home_run,False,False,175.0,0.296,28.0,16.0,12.0,6.86,0.857,0.20700000000000002,25.91,13.06,15.36,28.42,30.45,13.92,146.0,0.246,33.0,22.6,8.0,5.48,0.6779999999999999,0.142,22.97,11.73,16.25,27.98,29.59,19.76,43.0,0.361,5.0,11.63,7.0,16.28,1.243,0.41700000000000004,26.67,10.99,17.03,28.02,21.78,8.33,101.0,0.245,28.0,27.72,6.0,5.94,0.702,0.1699999999999999,32.8,15.66,15.91,31.57,27.49,22.76
745083,2024-06-07,2024,681297,L,606965,R,strikeout,True,False,151.0,0.234,39.0,25.83,18.0,11.92,0.778,0.204,29.39,12.93,16.25,29.18,23.0,21.91,68.0,0.111,20.0,29.41,12.0,17.65,0.427,0.0369999999999999,26.67,10.98,17.07,28.05,21.51,17.7,40.0,0.184,9.0,22.5,2.0,5.0,0.541,0.132,29.63,13.87,19.08,32.95,30.23,14.06,72.0,0.206,14.0,19.44,5.0,6.94,0.601,0.127,24.64,11.76,14.53,26.3,32.69,16.67
745083,2024-06-07,2024,656775,L,606965,R,field_out,False,False,135.0,0.195,35.0,25.93,9.0,6.67,0.612,0.17099999999999999,20.23,10.6,13.2,23.8,28.86,22.73,336.0,0.233,77.0,22.92,31.0,9.23,0.726,0.1889999999999999,26.24,13.25,14.23,27.48,28.99,18.95,40.0,0.184,9.0,22.5,2.0,5.0,0.541,0.132,29.63,13.87,19.08,32.95,30.23,14.06,72.0,0.206,14.0,19.44,5.0,6.94,0.601,0.127,24.64,11.76,14.53,26.3,32.69,16.67
745083,2024-06-07,2024,670623,R,666974,R,strikeout,True,False,188.0,0.298,28.0,14.89,19.0,10.11,0.901,0.21800000000000003,16.67,7.52,18.52,26.04,27.94,8.78,438.0,0.247,82.0,18.72,43.0,9.82,0.86,0.266,18.6,8.55,16.71,25.26,28.98,14.09,77.0,0.221,22.0,28.57,8.0,10.39,0.65,0.11700000000000002,31.45,15.72,15.41,31.13,37.8,20.0,173.0,0.202,45.0,26.01,6.0,3.47,0.5569999999999999,0.1109999999999999,25.79,12.87,18.68,31.55,32.06,21.84
745083,2024-06-07,2024,642350,R,666974,R,walk,False,True,127.0,0.2,45.0,35.43,8.0,6.3,0.609,0.127,37.67,17.0,20.85,37.85,32.17,27.78,271.0,0.23,93.0,34.32,16.0,5.9,0.801,0.29,39.19,20.65,15.06,35.71,37.69,31.08,77.0,0.221,22.0,28.57,8.0,10.39,0.65,0.11700000000000002,31.45,15.72,15.41,31.13,37.8,20.0,173.0,0.202,45.0,26.01,6.0,3.47,0.5569999999999999,0.1109999999999999,25.79,12.87,18.68,31.55,32.06,21.84
745083,2024-06-07,2024,666139,L,666974,R,field_out,False,False,50.0,0.244,13.0,26.0,4.0,8.0,0.75,0.2,25.0,12.5,15.38,27.88,30.3,19.4,435.0,0.3,104.0,23.91,27.0,6.21,0.8540000000000001,0.211,29.41,15.52,12.38,27.9,34.65,18.39,38.0,0.257,3.0,7.89,3.0,7.89,0.773,0.2,28.57,14.39,9.35,23.74,34.94,10.0,110.0,0.262,20.0,18.18,7.0,6.36,0.6679999999999999,0.0969999999999999,25.13,12.66,12.14,24.81,32.71,22.22
745083,2024-06-07,2024,670764,L,666974,R,strikeout,True,False,,,,,,,,,,,,,,,257.0,0.179,69.0,26.85,33.0,12.84,0.588,0.121,26.28,11.1,17.87,28.97,16.97,23.15,38.0,0.257,3.0,7.89,3.0,7.89,0.773,0.2,28.57,14.39,9.35,23.74,34.94,10.0,110.0,0.262,20.0,18.18,7.0,6.36,0.6679999999999999,0.0969999999999999,25.13,12.66,12.14,24.81,32.71,22.22
745083,2024-06-07,2024,602104,R,687330,R,strikeout,True,False,54.0,0.255,9.0,16.67,2.0,3.7,0.747,0.196,28.12,13.92,12.89,26.8,25.0,18.0,272.0,0.274,72.0,26.47,17.0,6.25,0.726,0.1169999999999999,29.67,14.82,16.24,31.07,27.7,24.41,67.0,0.279,16.0,23.88,3.0,4.48,0.759,0.14699999999999996,21.28,8.66,26.41,35.06,26.73,23.19,172.0,0.211,29.0,16.86,5.0,2.91,0.554,0.0809999999999999,21.07,9.75,21.21,30.96,29.68,13.74
745083,2024-06-07,2024,683002,L,687330,R,field_out,False,False,185.0,0.253,39.0,21.08,19.0,10.27,0.921,0.32699999999999996,24.21,11.0,14.71,25.71,22.44,23.35,455.0,0.272,117.0,25.71,38.0,8.35,0.885,0.277,25.57,12.07,15.7,27.78,26.4,22.35,38.0,0.194,7.0,18.42,0.0,0.0,0.633,0.22299999999999998,13.33,5.97,23.13,29.1,25.81,17.5,104.0,0.211,27.0,25.96,10.0,9.62,0.65,0.122,24.16,10.19,19.67,29.86,20.39,21.31
745083,2024-06-07,2024,668939,L,687330,R,strikeout,True,False,175.0,0.242,32.0,18.29,11.0,6.29,0.6639999999999999,0.131,22.02,10.45,19.59,30.04,33.63,16.33,496.0,0.267,80.0,16.13,61.0,12.3,0.778,0.1519999999999999,16.76,6.91,19.7,26.61,24.41,12.54,38.0,0.194,7.0,18.42,0.0,0.0,0.633,0.22299999999999998,13.33,5.97,23.13,29.1,25.81,17.5,104.0,0.211,27.0,25.96,10.0,9.62,0.65,0.122,24.16,10.19,19.67,29.86,20.39,21.31
745083,2024-06-07,2024,676609,R,518886,R,field_out,False,False,159.0,0.25,43.0,27.04,10.0,6.29,0.661,0.09699999999999998,29.82,13.6,20.0,33.6,32.38,22.05,156.0,0.186,37.0,23.72,15.0,9.62,0.588,0.1009999999999999,24.9,10.03,24.36,34.39,27.59,18.69,46.0,0.162,15.0,32.61,6.0,13.04,0.493,0.026999999999999996,31.08,11.73,18.88,30.61,19.42,35.71,162.0,0.179,56.0,34.57,14.0,8.64,0.614,0.18,31.13,14.35,18.32,32.67,27.59,25.81
745083,2024-06-07,2024,680700,L,518886,R,field_out,False,False,160.0,0.254,37.0,23.12,20.0,12.5,0.73,0.119,27.6,13.36,13.99,27.36,27.07,18.59,82.0,0.216,10.0,12.2,6.0,7.32,0.7390000000000001,0.243,15.71,6.75,18.4,25.15,18.99,10.75,40.0,0.194,16.0,40.0,3.0,7.5,0.645,0.195,30.14,12.79,23.26,36.05,25.33,28.57,116.0,0.184,38.0,32.76,14.0,12.07,0.608,0.122,35.96,16.91,15.67,32.58,30.67,23.6
745083,2024-06-07,2024,650490,R,518886,R,field_out,False,False,200.0,0.232,30.0,15.0,21.0,10.5,0.659,0.10700000000000001,11.52,4.95,17.27,22.22,22.35,12.1,462.0,0.322,72.0,15.58,49.0,10.61,0.881,0.1559999999999999,18.95,8.0,18.68,26.68,19.71,15.69,46.0,0.162,15.0,32.61,6.0,13.04,0.493,0.026999999999999996,31.08,11.73,18.88,30.61,19.42,35.71,162.0,0.179,56.0,34.57,14.0,8.64,0.614,0.18,31.13,14.35,18.32,32.67,27.59,25.81
744845,2024-06-07,2024,671739,L,663623,R,strikeout,True,False,173.0,0.244,36.0,20.81,11.0,6.36,0.6759999999999999,0.137,24.12,14.45,10.23,24.68,44.66,18.95,400.0,0.29,76.0,19.0,22.0,5.5,0.812,0.191,24.97,13.25,14.35,27.61,37.23,20.32,153.0,0.257,31.0,20.26,11.0,7.19,0.741,0.16399999999999998,21.81,10.53,15.72,26.26,24.07,15.9,286.0,0.274,48.0,16.78,30.0,10.49,0.853,0.2219999999999999,16.95,7.84,17.16,25.0,24.68,13.01
744845,2024-06-07,2024,663586,R,663623,R,field_out,False,False,149.0,0.244,38.0,25.5,11.0,7.38,0.6890000000000001,0.134,31.27,15.64,12.71,28.35,26.96,20.9,566.0,0.28,137.0,24.2,42.0,7.42,0.841,0.2199999999999999,27.71,13.25,15.53,28.77,27.7,18.53,122.0,0.192,29.0,23.77,1.0,0.82,0.53,0.133,22.47,10.87,18.98,29.85,28.43,19.18,244.0,0.233,51.0,20.9,24.0,9.84,0.6719999999999999,0.1189999999999999,19.25,7.79,20.22,28.01,20.24,17.11
744845,2024-06-07,2024,542303,R,663623,R,field_out,False,False,183.0,0.301,40.0,21.86,17.0,9.29,0.998,0.331,32.06,15.4,13.14,28.53,26.56,20.0,453.0,0.272,109.0,24.06,44.0,9.71,0.882,0.263,27.95,13.42,14.78,28.21,29.59,18.63,122.0,0.192,29.0,23.77,1.0,0.82,0.53,0.133,22.47,10.87,18.98,29.85,28.43,19.18,244.0,0.233,51.0,20.9,24.0,9.84,0.6719999999999999,0.1189999999999999,19.25,7.79,20.22,28.01,20.24,17.11
744845,2024-06-07,2024,682928,L,519242,L,strikeout,True,False,69.0,0.343,14.0,20.29,1.0,1.45,0.944,0.23899999999999993,24.46,13.39,16.14,29.53,39.47,16.67,170.0,0.166,40.0,23.53,8.0,4.71,0.512,0.106,24.68,12.36,17.24,29.59,32.89,21.74,53.0,0.143,17.0,32.08,2.0,3.77,0.478,0.143,28.12,13.64,22.73,36.36,39.77,25.37,56.0,0.245,18.0,32.14,3.0,5.36,0.778,0.2239999999999999,26.32,12.08,20.77,32.85,33.33,29.03
744845,2024-06-07,2024,657041,R,519242,L,strikeout,True,False,45.0,0.289,4.0,8.89,5.0,11.11,0.754,0.07900000000000001,14.81,6.22,18.13,24.35,20.79,6.06,192.0,0.331,33.0,17.19,13.0,6.77,0.948,0.2419999999999999,14.83,6.49,18.37,24.86,23.4,17.65,216.0,0.23,65.0,30.09,8.0,3.7,0.5940000000000001,0.094,30.82,16.19,17.15,33.33,35.92,23.38,370.0,0.224,107.0,28.92,26.0,7.03,0.699,0.1849999999999999,30.18,14.61,16.72,31.33,33.77,23.11
744845,2024-06-07,2024,669222,R,519242,L,field_out,False,False,43.0,0.263,6.0,13.95,5.0,11.63,0.849,0.237,15.38,6.94,16.76,23.7,28.24,10.91,126.0,0.347,23.0,18.25,8.0,6.35,1.008,0.272,15.6,7.66,16.89,24.55,26.51,19.66,216.0,0.23,65.0,30.09,8.0,3.7,0.5940000000000001,0.094,30.82,16.19,17.15,33.33,35.92,23.38,370.0,0.224,107.0,28.92,26.0,7.03,0.699,0.1849999999999999,30.18,14.61,16.72,31.33,33.77,23.11
744845,2024-06-07,2024,621566,L,663623,R,strikeout,True,False,174.0,0.232,46.0,26.44,20.0,11.49,0.7250000000000001,0.165,27.81,13.61,11.26,24.87,27.05,17.65,540.0,0.294,115.0,21.3,90.0,16.67,1.061,0.351,27.51,12.57,12.32,24.89,25.66,14.92,153.0,0.257,31.0,20.26,11.0,7.19,0.741,0.16399999999999998,21.81,10.53,15.72,26.26,24.07,15.9,286.0,0.274,48.0,16.78,30.0,10.49,0.853,0.2219999999999999,16.95,7.84,17.16,25.0,24.68,13.01
744845,2024-06-07,2024,645277,L,663623,R,field_out,False,False,172.0,0.258,30.0,17.44,16.0,9.3,0.7270000000000001,0.126,21.93,12.0,9.29,21.29,31.44,11.86,528.0,0.25,89.0,16.86,42.0,7.95,0.8029999999999999,0.235,20.84,11.11,9.82,20.92,33.45,13.94,153.0,0.257,31.0,20.26,11.0,7.19,0.741,0.16399999999999998,21.81,10.53,15.72,26.26,24.07,15.9,286.0,0.274,48.0,16.78,30.0,10.49,0.853,0.2219999999999999,16.95,7.84,17.16,25.0,24.68,13.01
744845,2024-06-07,2024,594807,R,663623,R,field_out,False,False,64.0,0.1,22.0,34.38,3.0,4.69,0.28900000000000003,0.033,27.43,12.92,19.17,32.08,30.43,29.73,260.0,0.248,76.0,29.23,18.0,6.92,0.863,0.303,29.41,13.69,18.97,32.66,32.68,27.44,122.0,0.192,29.0,23.77,1.0,0.82,0.53,0.133,22.47,10.87,18.98,29.85,28.43,19.18,244.0,0.233,51.0,20.9,24.0,9.84,0.6719999999999999,0.1189999999999999,19.25,7.79,20.22,28.01,20.24,17.11
744845,2024-06-07,2024,608841,R,519242,L,field_out,False,False,68.0,0.18,14.0,20.59,5.0,7.35,0.46299999999999997,0.033,21.95,11.02,16.33,27.35,35.9,19.72,188.0,0.291,33.0,17.55,10.0,5.32,0.771,0.143,23.12,11.37,16.16,27.53,33.86,14.29,216.0,0.23,65.0,30.09,8.0,3.7,0.5940000000000001,0.094,30.82,16.19,17.15,33.33,35.92,23.38,370.0,0.224,107.0,28.92,26.0,7.03,0.699,0.1849999999999999,30.18,14.61,16.72,31.33,33.77,23.11
744845,2024-06-07,2024,545121,R,519242,L,strikeout,True,False,51.0,0.319,8.0,15.69,4.0,7.84,0.8200000000000001,0.128,18.6,8.56,17.11,25.67,29.79,16.33,108.0,0.291,9.0,8.33,4.0,3.7,0.8,0.185,11.41,5.43,19.64,25.06,34.21,8.49,216.0,0.23,65.0,30.09,8.0,3.7,0.5940000000000001,0.094,30.82,16.19,17.15,33.33,35.92,23.38,370.0,0.224,107.0,28.92,26.0,7.03,0.699,0.1849999999999999,30.18,14.61,16.72,31.33,33.77,23.11
744845,2024-06-07,2024,660688,R,519242,L,strikeout,True,False,41.0,0.154,5.0,12.2,1.0,2.44,0.42600000000000005,0.07700000000000001,11.11,5.81,19.35,25.16,46.34,10.64,159.0,0.289,10.0,6.29,6.0,3.77,0.73,0.114,12.6,6.29,17.14,23.43,36.59,8.85,216.0,0.23,65.0,30.09,8.0,3.7,0.5940000000000001,0.094,30.82,16.19,17.15,33.33,35.92,23.38,370.0,0.224,107.0,28.92,26.0,7.03,0.699,0.1849999999999999,30.18,14.61,16.72,31.33,33.77,23.11
744845,2024-06-07,2024,606115,R,663623,R,field_out,False,False,172.0,0.252,30.0,17.44,5.0,2.91,0.702,0.177,23.62,12.16,14.06,26.22,26.73,18.07,421.0,0.255,78.0,18.53,23.0,5.46,0.6739999999999999,0.12,23.54,11.23,17.09,28.32,27.84,15.98,122.0,0.192,29.0,23.77,1.0,0.82,0.53,0.133,22.47,10.87,18.98,29.85,28.43,19.18,244.0,0.233,51.0,20.9,24.0,9.84,0.6719999999999999,0.1189999999999999,19.25,7.79,20.22,28.01,20.24,17.11
744845,2024-06-07,2024,669221,R,663623,R,field_out,False,False,19.0,0.235,4.0,21.05,1.0,5.26,0.61,0.059,27.59,11.59,18.84,30.43,29.73,30.77,337.0,0.245,77.0,22.85,37.0,10.98,0.832,0.2309999999999999,26.79,12.43,15.15,27.58,22.74,18.97,122.0,0.192,29.0,23.77,1.0,0.82,0.53,0.133,22.47,10.87,18.98,29.85,28.43,19.18,244.0,0.233,51.0,20.9,24.0,9.84,0.6719999999999999,0.1189999999999999,19.25,7.79,20.22,28.01,20.24,17.11
744845,2024-06-07,2024,679881,L,663623,R,double,False,False,2.0,0.0,1.0,50.0,0.0,0.0,0.0,0.0,33.33,14.29,14.29,28.57,25.0,100.0,38.0,0.222,14.0,36.84,2.0,5.26,0.5960000000000001,0.111,38.03,18.24,18.92,37.16,26.47,35.9,153.0,0.257,31.0,20.26,11.0,7.19,0.741,0.16399999999999998,21.81,10.53,15.72,26.26,24.07,15.9,286.0,0.274,48.0,16.78,30.0,10.49,0.853,0.2219999999999999,16.95,7.84,17.16,25.0,24.68,13.01
744845,2024-06-07,2024,671739,L,663623,R,walk,False,True,173.0,0.244,36.0,20.81,11.0,6.36,0.6759999999999999,0.137,24.12,14.45,10.23,24.68,44.66,18.95,400.0,0.29,76.0,19.0,22.0,5.5,0.812,0.191,24.97,13.25,14.35,27.61,37.23,20.32,153.0,0.257,31.0,20.26,11.0,7.19,0.741,0.16399999999999998,21.81,10.53,15.72,26.26,24.07,15.9,286.0,0.274,48.0,16.78,30.0,10.49,0.853,0.2219999999999999,16.95,7.84,17.16,25.0,24.68,13.01
744845,2024-06-07,2024,663586,R,663623,R,walk,False,True,149.0,0.244,38.0,25.5,11.0,7.38,0.6890000000000001,0.134,31.27,15.64,12.71,28.35,26.96,20.9,566.0,0.28,137.0,24.2,42.0,7.42,0.841,0.2199999999999999,27.71,13.25,15.53,28.77,27.7,18.53,122.0,0.192,29.0,23.77,1.0,0.82,0.53,0.133,22.47,10.87,18.98,29.85,28.43,19.18,244.0,0.233,51.0,20.9,24.0,9.84,0.6719999999999999,0.1189999999999999,19.25,7.79,20.22,28.01,20.24,17.11
744845,2024-06-07,2024,542303,R,663623,R,force_out,False,False,183.0,0.301,40.0,21.86,17.0,9.29,0.998,0.331,32.06,15.4,13.14,28.53,26.56,20.0,453.0,0.272,109.0,24.06,44.0,9.71,0.882,0.263,27.95,13.42,14.78,28.21,29.59,18.63,122.0,0.192,29.0,23.77,1.0,0.82,0.53,0.133,22.47,10.87,18.98,29.85,28.43,19.18,244.0,0.233,51.0,20.9,24.0,9.84,0.6719999999999999,0.1189999999999999,19.25,7.79,20.22,28.01,20.24,17.11
744845,2024-06-07,2024,608385,L,519242,L,field_out,False,False,73.0,0.197,23.0,31.51,9.0,12.33,0.626,0.11399999999999999,22.73,8.83,21.55,30.39,18.85,24.21,13.0,0.182,5.0,38.46,2.0,15.38,0.581,0.091,15.38,6.15,20.0,26.15,7.14,19.23,53.0,0.143,17.0,32.08,2.0,3.77,0.478,0.143,28.12,13.64,22.73,36.36,39.77,25.37,56.0,0.245,18.0,32.14,3.0,5.36,0.778,0.2239999999999999,26.32,12.08,20.77,32.85,33.33,29.03
744845,2024-06-07,2024,696285,R,519242,L,field_out,False,False,56.0,0.346,7.0,12.5,2.0,3.57,0.797,0.05800000000000005,16.05,6.57,22.22,28.79,21.35,14.29,28.0,0.2,5.0,17.86,3.0,10.71,0.5660000000000001,0.08,20.0,9.24,20.17,29.41,29.63,13.16,216.0,0.23,65.0,30.09,8.0,3.7,0.5940000000000001,0.094,30.82,16.19,17.15,33.33,35.92,23.38,370.0,0.224,107.0,28.92,26.0,7.03,0.699,0.1849999999999999,30.18,14.61,16.72,31.33,33.77,23.11
744845,2024-06-07,2024,686452,R,519242,L,strikeout,True,False,2.0,0.0,1.0,50.0,0.0,0.0,0.0,0.0,33.33,16.67,33.33,50.0,50.0,100.0,11.0,0.111,2.0,18.18,1.0,9.09,0.311,0.0,26.32,12.82,17.95,30.77,29.41,20.0,216.0,0.23,65.0,30.09,8.0,3.7,0.5940000000000001,0.094,30.82,16.19,17.15,33.33,35.92,23.38,370.0,0.224,107.0,28.92,26.0,7.03,0.699,0.1849999999999999,30.18,14.61,16.72,31.33,33.77,23.11
744845,2024-06-07,2024,621566,L,663623,R,strikeout,True,False,174.0,0.232,46.0,26.44,20.0,11.49,0.7250000000000001,0.165,27.81,13.61,11.26,24.87,27.05,17.65,540.0,0.294,115.0,21.3,90.0,16.67,1.061,0.351,27.51,12.57,12.32,24.89,25.66,14.92,153.0,0.257,31.0,20.26,11.0,7.19,0.741,0.16399999999999998,21.81,10.53,15.72,26.26,24.07,15.9,286.0,0.274,48.0,16.78,30.0,10.49,0.853,0.2219999999999999,16.95,7.84,17.16,25.0,24.68,13.01
744845,2024-06-07,2024,645277,L,663623,R,field_out,False,False,172.0,0.258,30.0,17.44,16.0,9.3,0.7270000000000001,0.126,21.93,12.0,9.29,21.29,31.44,11.86,528.0,0.25,89.0,16.86,42.0,7.95,0.8029999999999999,0.235,20.84,11.11,9.82,20.92,33.45,13.94,153.0,0.257,31.0,20.26,11.0,7.19,0.741,0.16399999999999998,21.81,10.53,15.72,26.26,24.07,15.9,286.0,0.274,48.0,16.78,30.0,10.49,0.853,0.2219999999999999,16.95,7.84,17.16,25.0,24.68,13.01
744845,2024-06-07,2024,594807,R,663623,R,strikeout,True,False,64.0,0.1,22.0,34.38,3.0,4.69,0.28900000000000003,0.033,27.43,12.92,19.17,32.08,30.43,29.73,260.0,0.248,76.0,29.23,18.0,6.92,0.863,0.303,29.41,13.69,18.97,32.66,32.68,27.44,122.0,0.192,29.0,23.77,1.0,0.82,0.53,0.133,22.47,10.87,18.98,29.85,28.43,19.18,244.0,0.233,51.0,20.9,24.0,9.84,0.6719999999999999,0.1189999999999999,19.25,7.79,20.22,28.01,20.24,17.11
744845,2024-06-07,2024,682928,L,519242,L,double,False,False,69.0,0.343,14.0,20.29,1.0,1.45,0.944,0.23899999999999993,24.46,13.39,16.14,29.53,39.47,16.67,170.0,0.166,40.0,23.53,8.0,4.71,0.512,0.106,24.68,12.36,17.24,29.59,32.89,21.74,53.0,0.143,17.0,32.08,2.0,3.77,0.478,0.143,28.12,13.64,22.73,36.36,39.77,25.37,56.0,0.245,18.0,32.14,3.0,5.36,0.778,0.2239999999999999,26.32,12.08,20.77,32.85,33.33,29.03
744845,2024-06-07,2024,657041,R,519242,L,field_out,False,False,45.0,0.289,4.0,8.89,5.0,11.11,0.754,0.07900000000000001,14.81,6.22,18.13,24.35,20.79,6.06,192.0,0.331,33.0,17.19,13.0,6.77,0.948,0.2419999999999999,14.83,6.49,18.37,24.86,23.4,17.65,216.0,0.23,65.0,30.09,8.0,3.7,0.5940000000000001,0.094,30.82,16.19,17.15,33.33,35.92,23.38,370.0,0.224,107.0,28.92,26.0,7.03,0.699,0.1849999999999999,30.18,14.61,16.72,31.33,33.77,23.11
744845,2024-06-07,2024,669222,R,519242,L,walk,False,True,43.0,0.263,6.0,13.95,5.0,11.63,0.849,0.237,15.38,6.94,16.76,23.7,28.24,10.91,126.0,0.347,23.0,18.25,8.0,6.35,1.008,0.272,15.6,7.66,16.89,24.55,26.51,19.66,216.0,0.23,65.0,30.09,8.0,3.7,0.5940000000000001,0.094,30.82,16.19,17.15,33.33,35.92,23.38,370.0,0.224,107.0,28.92,26.0,7.03,0.699,0.1849999999999999,30.18,14.61,16.72,31.33,33.77,23.11
744845,2024-06-07,2024,608841,R,519242,L,strikeout,True,False,68.0,0.18,14.0,20.59,5.0,7.35,0.46299999999999997,0.033,21.95,11.02,16.33,27.35,35.9,19.72,188.0,0.291,33.0,17.55,10.0,5.32,0.771,0.143,23.12,11.37,16.16,27.53,33.86,14.29,216.0,0.23,65.0,30.09,8.0,3.7,0.5940000000000001,0.094,30.82,16.19,17.15,33.33,35.92,23.38,370.0,0.224,107.0,28.92,26.0,7.03,0.699,0.1849999999999999,30.18,14.61,16.72,31.33,33.77,23.11
744845,2024-06-07,2024,545121,R,519242,L,single,False,False,51.0,0.319,8.0,15.69,4.0,7.84,0.8200000000000001,0.128,18.6,8.56,17.11,25.67,29.79,16.33,108.0,0.291,9.0,8.33,4.0,3.7,0.8,0.185,11.41,5.43,19.64,25.06,34.21,8.49,216.0,0.23,65.0,30.09,8.0,3.7,0.5940000000000001,0.094,30.82,16.19,17.15,33.33,35.92,23.38,370.0,0.224,107.0,28.92,26.0,7.03,0.699,0.1849999999999999,30.18,14.61,16.72,31.33,33.77,23.11
744845,2024-06-07,2024,660688,R,519242,L,field_out,False,False,41.0,0.154,5.0,12.2,1.0,2.44,0.42600000000000005,0.07700000000000001,11.11,5.81,19.35,25.16,46.34,10.64,159.0,0.289,10.0,6.29,6.0,3.77,0.73,0.114,12.6,6.29,17.14,23.43,36.59,8.85,216.0,0.23,65.0,30.09,8.0,3.7,0.5940000000000001,0.094,30.82,16.19,17.15,33.33,35.92,23.38,370.0,0.224,107.0,28.92,26.0,7.03,0.699,0.1849999999999999,30.18,14.61,16.72,31.33,33.77,23.11
744845,2024-06-07,2024,606115,R,663623,R,double,False,False,172.0,0.252,30.0,17.44,5.0,2.91,0.702,0.177,23.62,12.16,14.06,26.22,26.73,18.07,421.0,0.255,78.0,18.53,23.0,5.46,0.6739999999999999,0.12,23.54,11.23,17.09,28.32,27.84,15.98,122.0,0.192,29.0,23.77,1.0,0.82,0.53,0.133,22.47,10.87,18.98,29.85,28.43,19.18,244.0,0.233,51.0,20.9,24.0,9.84,0.6719999999999999,0.1189999999999999,19.25,7.79,20.22,28.01,20.24,17.11
744845,2024-06-07,2024,669221,R,663623,R,field_out,False,False,19.0,0.235,4.0,21.05,1.0,5.26,0.61,0.059,27.59,11.59,18.84,30.43,29.73,30.77,337.0,0.245,77.0,22.85,37.0,10.98,0.832,0.2309999999999999,26.79,12.43,15.15,27.58,22.74,18.97,122.0,0.192,29.0,23.77,1.0,0.82,0.53,0.133,22.47,10.87,18.98,29.85,28.43,19.18,244.0,0.233,51.0,20.9,24.0,9.84,0.6719999999999999,0.1189999999999999,19.25,7.79,20.22,28.01,20.24,17.11
744845,2024-06-07,2024,679881,L,663623,R,field_out,False,False,2.0,0.0,1.0,50.0,0.0,0.0,0.0,0.0,33.33,14.29,14.29,28.57,25.0,100.0,38.0,0.222,14.0,36.84,2.0,5.26,0.5960000000000001,0.111,38.03,18.24,18.92,37.16,26.47,35.9,153.0,0.257,31.0,20.26,11.0,7.19,0.741,0.16399999999999998,21.81,10.53,15.72,26.26,24.07,15.9,286.0,0.274,48.0,16.78,30.0,10.49,0.853,0.2219999999999999,16.95,7.84,17.16,25.0,24.68,13.01
744845,2024-06-07,2024,671739,L,663623,R,field_out,False,False,173.0,0.244,36.0,20.81,11.0,6.36,0.6759999999999999,0.137,24.12,14.45,10.23,24.68,44.66,18.95,400.0,0.29,76.0,19.0,22.0,5.5,0.812,0.191,24.97,13.25,14.35,27.61,37.23,20.32,153.0,0.257,31.0,20.26,11.0,7.19,0.741,0.16399999999999998,21.81,10.53,15.72,26.26,24.07,15.9,286.0,0.274,48.0,16.78,30.0,10.49,0.853,0.2219999999999999,16.95,7.84,17.16,25.0,24.68,13.01
744845,2024-06-07,2024,608385,L,519242,L,single,False,False,73.0,0.197,23.0,31.51,9.0,12.33,0.626,0.11399999999999999,22.73,8.83,21.55,30.39,18.85,24.21,13.0,0.182,5.0,38.46,2.0,15.38,0.581,0.091,15.38,6.15,20.0,26.15,7.14,19.23,53.0,0.143,17.0,32.08,2.0,3.77,0.478,0.143,28.12,13.64,22.73,36.36,39.77,25.37,56.0,0.245,18.0,32.14,3.0,5.36,0.778,0.2239999999999999,26.32,12.08,20.77,32.85,33.33,29.03
744845,2024-06-07,2024,696285,R,519242,L,strikeout,True,False,56.0,0.346,7.0,12.5,2.0,3.57,0.797,0.05800000000000005,16.05,6.57,22.22,28.79,21.35,14.29,28.0,0.2,5.0,17.86,3.0,10.71,0.5660000000000001,0.08,20.0,9.24,20.17,29.41,29.63,13.16,216.0,0.23,65.0,30.09,8.0,3.7,0.5940000000000001,0.094,30.82,16.19,17.15,33.33,35.92,23.38,370.0,0.224,107.0,28.92,26.0,7.03,0.699,0.1849999999999999,30.18,14.61,16.72,31.33,33.77,23.11
744845,2024-06-07,2024,686452,R,519242,L,field_out,False,False,2.0,0.0,1.0,50.0,0.0,0.0,0.0,0.0,33.33,16.67,33.33,50.0,50.0,100.0,11.0,0.111,2.0,18.18,1.0,9.09,0.311,0.0,26.32,12.82,17.95,30.77,29.41,20.0,216.0,0.23,65.0,30.09,8.0,3.7,0.5940000000000001,0.094,30.82,16.19,17.15,33.33,35.92,23.38,370.0,0.224,107.0,28.92,26.0,7.03,0.699,0.1849999999999999,30.18,14.61,16.72,31.33,33.77,23.11
744845,2024-06-07,2024,682928,L,519242,L,field_out,False,False,69.0,0.343,14.0,20.29,1.0,1.45,0.944,0.23899999999999993,24.46,13.39,16.14,29.53,39.47,16.67,170.0,0.166,40.0,23.53,8.0,4.71,0.512,0.106,24.68,12.36,17.24,29.59,32.89,21.74,53.0,0.143,17.0,32.08,2.0,3.77,0.478,0.143,28.12,13.64,22.73,36.36,39.77,25.37,56.0,0.245,18.0,32.14,3.0,5.36,0.778,0.2239999999999999,26.32,12.08,20.77,32.85,33.33,29.03
744845,2024-06-07,2024,663586,R,663623,R,single,False,False,149.0,0.244,38.0,25.5,11.0,7.38,0.6890000000000001,0.134,31.27,15.64,12.71,28.35,26.96,20.9,566.0,0.28,137.0,24.2,42.0,7.42,0.841,0.2199999999999999,27.71,13.25,15.53,28.77,27.7,18.53,122.0,0.192,29.0,23.77,1.0,0.82,0.53,0.133,22.47,10.87,18.98,29.85,28.43,19.18,244.0,0.233,51.0,20.9,24.0,9.84,0.6719999999999999,0.1189999999999999,19.25,7.79,20.22,28.01,20.24,17.11
744845,2024-06-07,2024,542303,R,663623,R,double,False,False,183.0,0.301,40.0,21.86,17.0,9.29,0.998,0.331,32.06,15.4,13.14,28.53,26.56,20.0,453.0,0.272,109.0,24.06,44.0,9.71,0.882,0.263,27.95,13.42,14.78,28.21,29.59,18.63,122.0,0.192,29.0,23.77,1.0,0.82,0.53,0.133,22.47,10.87,18.98,29.85,28.43,19.18,244.0,0.233,51.0,20.9,24.0,9.84,0.6719999999999999,0.1189999999999999,19.25,7.79,20.22,28.01,20.24,17.11
744845,2024-06-07,2024,621566,L,663623,R,field_out,False,False,174.0,0.232,46.0,26.44,20.0,11.49,0.7250000000000001,0.165,27.81,13.61,11.26,24.87,27.05,17.65,540.0,0.294,115.0,21.3,90.0,16.67,1.061,0.351,27.51,12.57,12.32,24.89,25.66,14.92,153.0,0.257,31.0,20.26,11.0,7.19,0.741,0.16399999999999998,21.81,10.53,15.72,26.26,24.07,15.9,286.0,0.274,48.0,16.78,30.0,10.49,0.853,0.2219999999999999,16.95,7.84,17.16,25.0,24.68,13.01
744845,2024-06-07,2024,645277,L,663623,R,field_out,False,False,172.0,0.258,30.0,17.44,16.0,9.3,0.7270000000000001,0.126,21.93,12.0,9.29,21.29,31.44,11.86,528.0,0.25,89.0,16.86,42.0,7.95,0.8029999999999999,0.235,20.84,11.11,9.82,20.92,33.45,13.94,153.0,0.257,31.0,20.26,11.0,7.19,0.741,0.16399999999999998,21.81,10.53,15.72,26.26,24.07,15.9,286.0,0.274,48.0,16.78,30.0,10.49,0.853,0.2219999999999999,16.95,7.84,17.16,25.0,24.68,13.01
744845,2024-06-07,2024,594807,R,663623,R,field_out,False,False,64.0,0.1,22.0,34.38,3.0,4.69,0.28900000000000003,0.033,27.43,12.92,19.17,32.08,30.43,29.73,260.0,0.248,76.0,29.23,18.0,6.92,0.863,0.303,29.41,13.69,18.97,32.66,32.68,27.44,122.0,0.192,29.0,23.77,1.0,0.82,0.53,0.133,22.47,10.87,18.98,29.85,28.43,19.18,244.0,0.233,51.0,20.9,24.0,9.84,0.6719999999999999,0.1189999999999999,19.25,7.79,20.22,28.01,20.24,17.11
744845,2024-06-07,2024,657041,R,519242,L,triple,False,False,45.0,0.289,4.0,8.89,5.0,11.11,0.754,0.07900000000000001,14.81,6.22,18.13,24.35,20.79,6.06,192.0,0.331,33.0,17.19,13.0,6.77,0.948,0.2419999999999999,14.83,6.49,18.37,24.86,23.4,17.65,216.0,0.23,65.0,30.09,8.0,3.7,0.5940000000000001,0.094,30.82,16.19,17.15,33.33,35.92,23.38,370.0,0.224,107.0,28.92,26.0,7.03,0.699,0.1849999999999999,30.18,14.61,16.72,31.33,33.77,23.11
744845,2024-06-07,2024,669222,R,519242,L,field_out,False,False,43.0,0.263,6.0,13.95,5.0,11.63,0.849,0.237,15.38,6.94,16.76,23.7,28.24,10.91,126.0,0.347,23.0,18.25,8.0,6.35,1.008,0.272,15.6,7.66,16.89,24.55,26.51,19.66,216.0,0.23,65.0,30.09,8.0,3.7,0.5940000000000001,0.094,30.82,16.19,17.15,33.33,35.92,23.38,370.0,0.224,107.0,28.92,26.0,7.03,0.699,0.1849999999999999,30.18,14.61,16.72,31.33,33.77,23.11
744845,2024-06-07,2024,608841,R,519242,L,field_out,False,False,68.0,0.18,14.0,20.59,5.0,7.35,0.46299999999999997,0.033,21.95,11.02,16.33,27.35,35.9,19.72,188.0,0.291,33.0,17.55,10.0,5.32,0.771,0.143,23.12,11.37,16.16,27.53,33.86,14.29,216.0,0.23,65.0,30.09,8.0,3.7,0.5940000000000001,0.094,30.82,16.19,17.15,33.33,35.92,23.38,370.0,0.224,107.0,28.92,26.0,7.03,0.699,0.1849999999999999,30.18,14.61,16.72,31.33,33.77,23.11
744845,2024-06-07,2024,545121,R,519242,L,field_out,False,False,51.0,0.319,8.0,15.69,4.0,7.84,0.8200000000000001,0.128,18.6,8.56,17.11,25.67,29.79,16.33,108.0,0.291,9.0,8.33,4.0,3.7,0.8,0.185,11.41,5.43,19.64,25.06,34.21,8.49,216.0,0.23,65.0,30.09,8.0,3.7,0.5940000000000001,0.094,30.82,16.19,17.15,33.33,35.92,23.38,370.0,0.224,107.0,28.92,26.0,7.03,0.699,0.1849999999999999,30.18,14.61,16.72,31.33,33.77,23.11
744845,2024-06-07,2024,606115,R,571882,R,field_out,False,False,172.0,0.252,30.0,17.44,5.0,2.91,0.702,0.177,23.62,12.16,14.06,26.22,26.73,18.07,421.0,0.255,78.0,18.53,23.0,5.46,0.6739999999999999,0.12,23.54,11.23,17.09,28.32,27.84,15.98,92.0,0.293,12.0,13.04,5.0,5.43,0.72,0.09700000000000003,23.23,12.0,13.67,25.67,32.37,15.58,128.0,0.234,24.0,18.75,12.0,9.38,0.6799999999999999,0.1259999999999999,31.08,15.73,12.1,27.82,32.58,15.38
744845,2024-06-07,2024,669221,R,571882,R,strikeout,True,False,19.0,0.235,4.0,21.05,1.0,5.26,0.61,0.059,27.59,11.59,18.84,30.43,29.73,30.77,337.0,0.245,77.0,22.85,37.0,10.98,0.832,0.2309999999999999,26.79,12.43,15.15,27.58,22.74,18.97,92.0,0.293,12.0,13.04,5.0,5.43,0.72,0.09700000000000003,23.23,12.0,13.67,25.67,32.37,15.58,128.0,0.234,24.0,18.75,12.0,9.38,0.6799999999999999,0.1259999999999999,31.08,15.73,12.1,27.82,32.58,15.38
744845,2024-06-07,2024,679881,L,571882,R,strikeout,True,False,2.0,0.0,1.0,50.0,0.0,0.0,0.0,0.0,33.33,14.29,14.29,28.57,25.0,100.0,38.0,0.222,14.0,36.84,2.0,5.26,0.5960000000000001,0.111,38.03,18.24,18.92,37.16,26.47,35.9,59.0,0.216,19.0,32.2,8.0,13.56,0.616,0.07799999999999999,32.5,15.06,14.67,29.73,33.77,22.89,113.0,0.245,21.0,18.58,14.0,12.39,0.712,0.122,22.33,9.87,16.31,26.18,24.79,14.19
744845,2024-06-07,2024,660688,R,519242,L,strikeout,True,False,41.0,0.154,5.0,12.2,1.0,2.44,0.42600000000000005,0.07700000000000001,11.11,5.81,19.35,25.16,46.34,10.64,159.0,0.289,10.0,6.29,6.0,3.77,0.73,0.114,12.6,6.29,17.14,23.43,36.59,8.85,216.0,0.23,65.0,30.09,8.0,3.7,0.5940000000000001,0.094,30.82,16.19,17.15,33.33,35.92,23.38,370.0,0.224,107.0,28.92,26.0,7.03,0.699,0.1849999999999999,30.18,14.61,16.72,31.33,33.77,23.11
744845,2024-06-07,2024,608385,L,519242,L,single,False,False,73.0,0.197,23.0,31.51,9.0,12.33,0.626,0.11399999999999999,22.73,8.83,21.55,30.39,18.85,24.21,13.0,0.182,5.0,38.46,2.0,15.38,0.581,0.091,15.38,6.15,20.0,26.15,7.14,19.23,53.0,0.143,17.0,32.08,2.0,3.77,0.478,0.143,28.12,13.64,22.73,36.36,39.77,25.37,56.0,0.245,18.0,32.14,3.0,5.36,0.778,0.2239999999999999,26.32,12.08,20.77,32.85,33.33,29.03
744845,2024-06-07,2024,696285,R,519242,L,strikeout,True,False,56.0,0.346,7.0,12.5,2.0,3.57,0.797,0.05800000000000005,16.05,6.57,22.22,28.79,21.35,14.29,28.0,0.2,5.0,17.86,3.0,10.71,0.5660000000000001,0.08,20.0,9.24,20.17,29.41,29.63,13.16,216.0,0.23,65.0,30.09,8.0,3.7,0.5940000000000001,0.094,30.82,16.19,17.15,33.33,35.92,23.38,370.0,0.224,107.0,28.92,26.0,7.03,0.699,0.1849999999999999,30.18,14.61,16.72,31.33,33.77,23.11
744845,2024-06-07,2024,686452,R,519242,L,strikeout,True,False,2.0,0.0,1.0,50.0,0.0,0.0,0.0,0.0,33.33,16.67,33.33,50.0,50.0,100.0,11.0,0.111,2.0,18.18,1.0,9.09,0.311,0.0,26.32,12.82,17.95,30.77,29.41,20.0,216.0,0.23,65.0,30.09,8.0,3.7,0.5940000000000001,0.094,30.82,16.19,17.15,33.33,35.92,23.38,370.0,0.224,107.0,28.92,26.0,7.03,0.699,0.1849999999999999,30.18,14.61,16.72,31.33,33.77,23.11
744845,2024-06-07,2024,671739,L,640451,R,field_out,False,False,173.0,0.244,36.0,20.81,11.0,6.36,0.6759999999999999,0.137,24.12,14.45,10.23,24.68,44.66,18.95,400.0,0.29,76.0,19.0,22.0,5.5,0.812,0.191,24.97,13.25,14.35,27.61,37.23,20.32,63.0,0.22,18.0,28.57,3.0,4.76,0.5920000000000001,0.10200000000000001,25.87,14.07,15.21,29.28,40.0,19.57,105.0,0.245,24.0,22.86,5.0,4.76,0.664,0.143,24.4,12.75,15.75,28.5,34.62,19.83
744845,2024-06-07,2024,663586,R,640451,R,field_out,False,False,149.0,0.244,38.0,25.5,11.0,7.38,0.6890000000000001,0.134,31.27,15.64,12.71,28.35,26.96,20.9,566.0,0.28,137.0,24.2,42.0,7.42,0.841,0.2199999999999999,27.71,13.25,15.53,28.77,27.7,18.53,61.0,0.211,16.0,26.23,3.0,4.92,0.63,0.157,29.08,16.47,13.65,30.12,27.18,17.24,130.0,0.168,43.0,33.08,8.0,6.15,0.517,0.1179999999999999,27.76,13.76,16.05,29.81,27.61,22.75
744845,2024-06-07,2024,542303,R,640451,R,double,False,False,183.0,0.301,40.0,21.86,17.0,9.29,0.998,0.331,32.06,15.4,13.14,28.53,26.56,20.0,453.0,0.272,109.0,24.06,44.0,9.71,0.882,0.263,27.95,13.42,14.78,28.21,29.59,18.63,61.0,0.211,16.0,26.23,3.0,4.92,0.63,0.157,29.08,16.47,13.65,30.12,27.18,17.24,130.0,0.168,43.0,33.08,8.0,6.15,0.517,0.1179999999999999,27.76,13.76,16.05,29.81,27.61,22.75
744845,2024-06-07,2024,621566,L,640451,R,single,False,False,174.0,0.232,46.0,26.44,20.0,11.49,0.7250000000000001,0.165,27.81,13.61,11.26,24.87,27.05,17.65,540.0,0.294,115.0,21.3,90.0,16.67,1.061,0.351,27.51,12.57,12.32,24.89,25.66,14.92,63.0,0.22,18.0,28.57,3.0,4.76,0.5920000000000001,0.10200000000000001,25.87,14.07,15.21,29.28,40.0,19.57,105.0,0.245,24.0,22.86,5.0,4.76,0.664,0.143,24.4,12.75,15.75,28.5,34.62,19.83
744845,2024-06-07,2024,645277,L,640451,R,field_out,False,False,172.0,0.258,30.0,17.44,16.0,9.3,0.7270000000000001,0.126,21.93,12.0,9.29,21.29,31.44,11.86,528.0,0.25,89.0,16.86,42.0,7.95,0.8029999999999999,0.235,20.84,11.11,9.82,20.92,33.45,13.94,63.0,0.22,18.0,28.57,3.0,4.76,0.5920000000000001,0.10200000000000001,25.87,14.07,15.21,29.28,40.0,19.57,105.0,0.245,24.0,22.86,5.0,4.76,0.664,0.143,24.4,12.75,15.75,28.5,34.62,19.83
744845,2024-06-07,2024,682928,L,572955,R,field_out,False,False,179.0,0.205,38.0,21.23,12.0,6.7,0.67,0.19900000000000004,24.4,13.38,12.65,26.03,40.97,17.19,446.0,0.274,78.0,17.49,24.0,5.38,0.786,0.19,21.76,11.82,12.69,24.5,35.86,16.63,39.0,0.206,13.0,33.33,5.0,12.82,0.632,0.11800000000000002,25.71,11.18,18.63,29.81,29.27,24.53,116.0,0.255,41.0,35.34,16.0,13.79,0.888,0.276,34.88,15.59,18.71,34.3,29.28,26.8
744845,2024-06-07,2024,657041,R,572955,R,walk,False,True,101.0,0.172,26.0,25.74,6.0,5.94,0.519,0.129,23.26,9.98,20.45,30.42,22.5,21.31,490.0,0.242,143.0,29.18,23.0,4.69,0.719,0.185,26.09,11.34,20.58,31.92,28.6,24.48,46.0,0.268,14.0,30.43,4.0,8.7,0.6890000000000001,0.07300000000000001,32.91,15.12,21.51,36.63,29.87,26.92,161.0,0.259,49.0,30.43,14.0,8.7,0.6970000000000001,0.1149999999999999,31.85,15.3,18.91,34.21,36.56,26.63
744845,2024-06-07,2024,669222,R,572955,R,strikeout,True,False,109.0,0.217,29.0,26.61,15.0,13.76,0.692,0.142,28.49,12.56,17.73,30.3,20.83,27.62,205.0,0.164,51.0,24.88,18.0,8.78,0.497,0.093,25.27,12.43,15.64,28.07,26.72,23.15,46.0,0.268,14.0,30.43,4.0,8.7,0.6890000000000001,0.07300000000000001,32.91,15.12,21.51,36.63,29.87,26.92,161.0,0.259,49.0,30.43,14.0,8.7,0.6970000000000001,0.1149999999999999,31.85,15.3,18.91,34.21,36.56,26.63
744845,2024-06-07,2024,594807,R,640448,R,strikeout,True,False,64.0,0.1,22.0,34.38,3.0,4.69,0.28900000000000003,0.033,27.43,12.92,19.17,32.08,30.43,29.73,260.0,0.248,76.0,29.23,18.0,6.92,0.863,0.303,29.41,13.69,18.97,32.66,32.68,27.44,49.0,0.163,8.0,16.33,6.0,12.24,0.591,0.163,22.33,11.98,13.02,25.0,23.68,12.31,157.0,0.27,36.0,22.93,7.0,4.46,0.772,0.196,25.88,13.73,13.9,27.63,28.08,18.95
744845,2024-06-07,2024,606115,R,640448,R,grounded_into_double_play,False,False,172.0,0.252,30.0,17.44,5.0,2.91,0.702,0.177,23.62,12.16,14.06,26.22,26.73,18.07,421.0,0.255,78.0,18.53,23.0,5.46,0.6739999999999999,0.12,23.54,11.23,17.09,28.32,27.84,15.98,49.0,0.163,8.0,16.33,6.0,12.24,0.591,0.163,22.33,11.98,13.02,25.0,23.68,12.31,157.0,0.27,36.0,22.93,7.0,4.46,0.772,0.196,25.88,13.73,13.9,27.63,28.08,18.95
744845,2024-06-07,2024,669221,R,640448,R,strikeout,True,False,19.0,0.235,4.0,21.05,1.0,5.26,0.61,0.059,27.59,11.59,18.84,30.43,29.73,30.77,337.0,0.245,77.0,22.85,37.0,10.98,0.832,0.2309999999999999,26.79,12.43,15.15,27.58,22.74,18.97,49.0,0.163,8.0,16.33,6.0,12.24,0.591,0.163,22.33,11.98,13.02,25.0,23.68,12.31,157.0,0.27,36.0,22.93,7.0,4.46,0.772,0.196,25.88,13.73,13.9,27.63,28.08,18.95
746466,2024-06-07,2024,668930,L,681857,R,strikeout,True,False,192.0,0.3,30.0,15.62,16.0,8.33,0.778,0.118,12.75,5.96,18.56,24.53,25.23,14.85,376.0,0.224,82.0,21.81,30.0,7.98,0.608,0.097,22.03,10.83,16.08,26.9,28.59,16.14,137.0,0.169,31.0,22.63,13.0,9.49,0.543,0.11100000000000002,25.38,11.71,16.26,27.97,29.69,16.49,190.0,0.218,50.0,26.32,23.0,12.11,0.687,0.158,25.27,11.11,16.18,27.29,26.16,18.12
746466,2024-06-07,2024,661388,R,681857,R,strikeout,True,False,217.0,0.312,38.0,17.51,23.0,10.6,0.897,0.193,29.71,13.81,14.06,27.87,23.47,16.59,434.0,0.262,94.0,21.66,42.0,9.68,0.72,0.119,27.61,11.63,19.55,31.17,24.86,18.08,115.0,0.245,21.0,18.26,7.0,6.09,0.589,0.056999999999999995,28.95,13.29,18.12,31.4,32.03,18.58,232.0,0.213,53.0,22.84,10.0,4.31,0.621,0.158,29.12,14.08,17.25,31.33,33.69,18.86
746466,2024-06-07,2024,592885,L,681857,R,walk,False,True,108.0,0.287,23.0,21.3,13.0,12.04,0.8420000000000001,0.18100000000000005,22.34,10.14,14.06,24.19,24.34,16.31,473.0,0.294,103.0,21.78,64.0,13.53,0.882,0.195,26.99,11.53,15.4,26.93,23.89,19.07,137.0,0.169,31.0,22.63,13.0,9.49,0.543,0.11100000000000002,25.38,11.71,16.26,27.97,29.69,16.49,190.0,0.218,50.0,26.32,23.0,12.11,0.687,0.158,25.27,11.11,16.18,27.29,26.16,18.12
746466,2024-06-07,2024,642715,R,681857,R,strikeout,True,False,214.0,0.262,48.0,22.43,21.0,9.81,0.793,0.193,30.67,14.57,15.28,29.86,26.78,18.97,480.0,0.212,117.0,24.38,47.0,9.79,0.702,0.194,32.44,16.53,12.85,29.38,32.69,19.28,115.0,0.245,21.0,18.26,7.0,6.09,0.589,0.056999999999999995,28.95,13.29,18.12,31.4,32.03,18.58,232.0,0.213,53.0,22.84,10.0,4.31,0.621,0.158,29.12,14.08,17.25,31.33,33.69,18.86
746466,2024-06-07,2024,663837,R,668964,R,single,False,False,137.0,0.266,33.0,24.09,6.0,4.38,0.817,0.25,20.78,8.74,20.95,29.69,17.65,20.12,383.0,0.26,92.0,24.02,29.0,7.57,0.724,0.14,21.06,9.23,21.95,31.18,28.67,18.31,60.0,0.278,17.0,28.33,4.0,6.67,0.9870000000000001,0.37,25.66,12.18,17.23,29.41,28.8,20.78,,,,,,,,,,,,,,
746466,2024-06-07,2024,682985,L,668964,R,strikeout,True,False,206.0,0.264,56.0,27.18,29.0,14.08,0.86,0.22499999999999998,29.86,12.16,17.71,29.87,20.81,23.33,323.0,0.291,84.0,26.01,28.0,8.67,0.826,0.182,27.26,12.45,16.06,28.52,24.68,20.14,58.0,0.275,10.0,17.24,6.0,10.34,0.737,0.11699999999999999,16.67,7.51,16.9,24.41,30.7,19.61,,,,,,,,,,,,,,
746466,2024-06-07,2024,672761,L,668964,R,field_out,False,False,122.0,0.229,25.0,20.49,11.0,9.02,0.702,0.17500000000000002,18.92,8.37,19.12,27.49,24.8,15.53,,,,,,,,,,,,,,,58.0,0.275,10.0,17.24,6.0,10.34,0.737,0.11699999999999999,16.67,7.51,16.9,24.41,30.7,19.61,,,,,,,,,,,,,,
746466,2024-06-07,2024,686217,L,681857,R,single,False,False,191.0,0.244,38.0,19.9,20.0,10.47,0.645,0.066,15.68,6.22,22.65,28.87,26.88,18.1,180.0,0.261,30.0,16.67,23.0,12.78,0.722,0.1049999999999999,15.26,6.63,20.31,26.94,29.52,13.18,137.0,0.169,31.0,22.63,13.0,9.49,0.543,0.11100000000000002,25.38,11.71,16.26,27.97,29.69,16.49,190.0,0.218,50.0,26.32,23.0,12.11,0.687,0.158,25.27,11.11,16.18,27.29,26.16,18.12
746466,2024-06-07,2024,656555,R,681857,R,double,False,False,148.0,0.256,34.0,22.97,16.0,10.81,0.855,0.248,23.66,9.27,21.08,30.34,21.45,15.67,,,,,,,,,,,,,,,115.0,0.245,21.0,18.26,7.0,6.09,0.589,0.056999999999999995,28.95,13.29,18.12,31.4,32.03,18.58,232.0,0.213,53.0,22.84,10.0,4.31,0.621,0.158,29.12,14.08,17.25,31.33,33.69,18.86
746466,2024-06-07,2024,641343,L,681857,R,strikeout,True,False,139.0,0.205,50.0,35.97,13.0,9.35,0.6739999999999999,0.17200000000000001,30.95,13.93,18.75,32.68,21.65,28.74,244.0,0.205,83.0,34.02,26.0,10.66,0.72,0.228,32.78,14.71,16.21,30.93,23.65,23.92,137.0,0.169,31.0,22.63,13.0,9.49,0.543,0.11100000000000002,25.38,11.71,16.26,27.97,29.69,16.49,190.0,0.218,50.0,26.32,23.0,12.11,0.687,0.158,25.27,11.11,16.18,27.29,26.16,18.12
746466,2024-06-07,2024,687401,R,681857,R,single,False,False,129.0,0.321,15.0,11.63,17.0,13.18,0.9610000000000001,0.22900000000000004,14.65,5.66,21.88,27.54,22.31,10.34,13.0,0.077,3.0,23.08,0.0,0.0,0.2309999999999999,0.077,15.79,8.11,21.62,29.73,26.67,33.33,115.0,0.245,21.0,18.26,7.0,6.09,0.589,0.056999999999999995,28.95,13.29,18.12,31.4,32.03,18.58,232.0,0.213,53.0,22.84,10.0,4.31,0.621,0.158,29.12,14.08,17.25,31.33,33.69,18.86
746466,2024-06-07,2024,663368,L,681857,R,triple,False,False,149.0,0.263,42.0,28.19,12.0,8.05,0.7190000000000001,0.12,31.06,12.78,21.19,33.98,25.08,28.38,110.0,0.231,33.0,30.0,17.0,15.45,0.715,0.1319999999999999,24.04,9.0,23.31,32.31,18.26,20.5,137.0,0.169,31.0,22.63,13.0,9.49,0.543,0.11100000000000002,25.38,11.71,16.26,27.97,29.69,16.49,190.0,0.218,50.0,26.32,23.0,12.11,0.687,0.158,25.27,11.11,16.18,27.29,26.16,18.12
746466,2024-06-07,2024,668930,L,681857,R,single,False,False,192.0,0.3,30.0,15.62,16.0,8.33,0.778,0.118,12.75,5.96,18.56,24.53,25.23,14.85,376.0,0.224,82.0,21.81,30.0,7.98,0.608,0.097,22.03,10.83,16.08,26.9,28.59,16.14,137.0,0.169,31.0,22.63,13.0,9.49,0.543,0.11100000000000002,25.38,11.71,16.26,27.97,29.69,16.49,190.0,0.218,50.0,26.32,23.0,12.11,0.687,0.158,25.27,11.11,16.18,27.29,26.16,18.12
746466,2024-06-07,2024,661388,R,681857,R,field_out,False,False,217.0,0.312,38.0,17.51,23.0,10.6,0.897,0.193,29.71,13.81,14.06,27.87,23.47,16.59,434.0,0.262,94.0,21.66,42.0,9.68,0.72,0.119,27.61,11.63,19.55,31.17,24.86,18.08,115.0,0.245,21.0,18.26,7.0,6.09,0.589,0.056999999999999995,28.95,13.29,18.12,31.4,32.03,18.58,232.0,0.213,53.0,22.84,10.0,4.31,0.621,0.158,29.12,14.08,17.25,31.33,33.69,18.86
746466,2024-06-07,2024,592885,L,681857,R,single,False,False,108.0,0.287,23.0,21.3,13.0,12.04,0.8420000000000001,0.18100000000000005,22.34,10.14,14.06,24.19,24.34,16.31,473.0,0.294,103.0,21.78,64.0,13.53,0.882,0.195,26.99,11.53,15.4,26.93,23.89,19.07,137.0,0.169,31.0,22.63,13.0,9.49,0.543,0.11100000000000002,25.38,11.71,16.26,27.97,29.69,16.49,190.0,0.218,50.0,26.32,23.0,12.11,0.687,0.158,25.27,11.11,16.18,27.29,26.16,18.12
746466,2024-06-07,2024,642715,R,681857,R,field_out,False,False,214.0,0.262,48.0,22.43,21.0,9.81,0.793,0.193,30.67,14.57,15.28,29.86,26.78,18.97,480.0,0.212,117.0,24.38,47.0,9.79,0.702,0.194,32.44,16.53,12.85,29.38,32.69,19.28,115.0,0.245,21.0,18.26,7.0,6.09,0.589,0.056999999999999995,28.95,13.29,18.12,31.4,32.03,18.58,232.0,0.213,53.0,22.84,10.0,4.31,0.621,0.158,29.12,14.08,17.25,31.33,33.69,18.86
746466,2024-06-07,2024,592192,R,668964,R,field_out,False,False,183.0,0.236,38.0,20.77,19.0,10.38,0.692,0.121,21.95,8.55,23.47,32.02,21.01,17.84,341.0,0.261,56.0,16.42,28.0,8.21,0.721,0.1079999999999999,18.91,7.86,21.98,29.84,23.71,13.49,60.0,0.278,17.0,28.33,4.0,6.67,0.9870000000000001,0.37,25.66,12.18,17.23,29.41,28.8,20.78,,,,,,,,,,,,,,
746466,2024-06-07,2024,570482,R,668964,R,field_out,False,False,88.0,0.305,10.0,11.36,4.0,4.55,0.768,0.122,20.25,10.16,17.46,27.62,32.9,12.99,175.0,0.276,30.0,17.14,9.0,5.14,0.653,0.061,20.55,11.01,13.8,24.82,34.39,12.39,60.0,0.278,17.0,28.33,4.0,6.67,0.9870000000000001,0.37,25.66,12.18,17.23,29.41,28.8,20.78,,,,,,,,,,,,,,
746466,2024-06-07,2024,690993,L,668964,R,field_out,False,False,172.0,0.22,29.0,16.86,11.0,6.4,0.569,0.07599999999999998,23.0,10.82,16.3,27.12,31.02,18.24,,,,,,,,,,,,,,,58.0,0.275,10.0,17.24,6.0,10.34,0.737,0.11699999999999999,16.67,7.51,16.9,24.41,30.7,19.61,,,,,,,,,,,,,,
746466,2024-06-07,2024,686217,L,681857,R,field_out,False,False,191.0,0.244,38.0,19.9,20.0,10.47,0.645,0.066,15.68,6.22,22.65,28.87,26.88,18.1,180.0,0.261,30.0,16.67,23.0,12.78,0.722,0.1049999999999999,15.26,6.63,20.31,26.94,29.52,13.18,137.0,0.169,31.0,22.63,13.0,9.49,0.543,0.11100000000000002,25.38,11.71,16.26,27.97,29.69,16.49,190.0,0.218,50.0,26.32,23.0,12.11,0.687,0.158,25.27,11.11,16.18,27.29,26.16,18.12
746466,2024-06-07,2024,656555,R,681857,R,field_out,False,False,148.0,0.256,34.0,22.97,16.0,10.81,0.855,0.248,23.66,9.27,21.08,30.34,21.45,15.67,,,,,,,,,,,,,,,115.0,0.245,21.0,18.26,7.0,6.09,0.589,0.056999999999999995,28.95,13.29,18.12,31.4,32.03,18.58,232.0,0.213,53.0,22.84,10.0,4.31,0.621,0.158,29.12,14.08,17.25,31.33,33.69,18.86
746466,2024-06-07,2024,641343,L,681857,R,strikeout,True,False,139.0,0.205,50.0,35.97,13.0,9.35,0.6739999999999999,0.17200000000000001,30.95,13.93,18.75,32.68,21.65,28.74,244.0,0.205,83.0,34.02,26.0,10.66,0.72,0.228,32.78,14.71,16.21,30.93,23.65,23.92,137.0,0.169,31.0,22.63,13.0,9.49,0.543,0.11100000000000002,25.38,11.71,16.26,27.97,29.69,16.49,190.0,0.218,50.0,26.32,23.0,12.11,0.687,0.158,25.27,11.11,16.18,27.29,26.16,18.12
746466,2024-06-07,2024,669234,R,668964,R,walk,False,True,10.0,0.2,3.0,30.0,0.0,0.0,0.7,0.3,42.11,20.51,20.51,41.03,7.14,25.0,,,,,,,,,,,,,,,60.0,0.278,17.0,28.33,4.0,6.67,0.9870000000000001,0.37,25.66,12.18,17.23,29.41,28.8,20.78,,,,,,,,,,,,,,
746466,2024-06-07,2024,595879,R,668964,R,field_out,False,False,144.0,0.176,35.0,24.31,4.0,2.78,0.436,0.059,30.57,16.27,17.07,33.33,47.22,23.18,408.0,0.218,98.0,24.02,12.0,2.94,0.573,0.099,34.03,18.61,14.09,32.7,45.18,22.9,60.0,0.278,17.0,28.33,4.0,6.67,0.9870000000000001,0.37,25.66,12.18,17.23,29.41,28.8,20.78,,,,,,,,,,,,,,
746466,2024-06-07,2024,608348,R,668964,R,strikeout,True,False,93.0,0.22,21.0,22.58,7.0,7.53,0.645,0.12100000000000002,23.31,10.19,20.91,31.1,22.73,17.95,108.0,0.198,27.0,25.0,6.0,5.56,0.479,0.0399999999999999,28.73,13.54,19.79,33.33,28.41,25.0,60.0,0.278,17.0,28.33,4.0,6.67,0.9870000000000001,0.37,25.66,12.18,17.23,29.41,28.8,20.78,,,,,,,,,,,,,,
746466,2024-06-07,2024,663837,R,668964,R,field_out,False,False,137.0,0.266,33.0,24.09,6.0,4.38,0.817,0.25,20.78,8.74,20.95,29.69,17.65,20.12,383.0,0.26,92.0,24.02,29.0,7.57,0.724,0.14,21.06,9.23,21.95,31.18,28.67,18.31,60.0,0.278,17.0,28.33,4.0,6.67,0.9870000000000001,0.37,25.66,12.18,17.23,29.41,28.8,20.78,,,,,,,,,,,,,,
746466,2024-06-07,2024,687401,R,681857,R,single,False,False,129.0,0.321,15.0,11.63,17.0,13.18,0.9610000000000001,0.22900000000000004,14.65,5.66,21.88,27.54,22.31,10.34,13.0,0.077,3.0,23.08,0.0,0.0,0.2309999999999999,0.077,15.79,8.11,21.62,29.73,26.67,33.33,115.0,0.245,21.0,18.26,7.0,6.09,0.589,0.056999999999999995,28.95,13.29,18.12,31.4,32.03,18.58,232.0,0.213,53.0,22.84,10.0,4.31,0.621,0.158,29.12,14.08,17.25,31.33,33.69,18.86
746466,2024-06-07,2024,663368,L,681857,R,single,False,False,149.0,0.263,42.0,28.19,12.0,8.05,0.7190000000000001,0.12,31.06,12.78,21.19,33.98,25.08,28.38,110.0,0.231,33.0,30.0,17.0,15.45,0.715,0.1319999999999999,24.04,9.0,23.31,32.31,18.26,20.5,137.0,0.169,31.0,22.63,13.0,9.49,0.543,0.11100000000000002,25.38,11.71,16.26,27.97,29.69,16.49,190.0,0.218,50.0,26.32,23.0,12.11,0.687,0.158,25.27,11.11,16.18,27.29,26.16,18.12
746466,2024-06-07,2024,668930,L,681857,R,double,False,False,192.0,0.3,30.0,15.62,16.0,8.33,0.778,0.118,12.75,5.96,18.56,24.53,25.23,14.85,376.0,0.224,82.0,21.81,30.0,7.98,0.608,0.097,22.03,10.83,16.08,26.9,28.59,16.14,137.0,0.169,31.0,22.63,13.0,9.49,0.543,0.11100000000000002,25.38,11.71,16.26,27.97,29.69,16.49,190.0,0.218,50.0,26.32,23.0,12.11,0.687,0.158,25.27,11.11,16.18,27.29,26.16,18.12
746466,2024-06-07,2024,661388,R,681857,R,double,False,False,217.0,0.312,38.0,17.51,23.0,10.6,0.897,0.193,29.71,13.81,14.06,27.87,23.47,16.59,434.0,0.262,94.0,21.66,42.0,9.68,0.72,0.119,27.61,11.63,19.55,31.17,24.86,18.08,115.0,0.245,21.0,18.26,7.0,6.09,0.589,0.056999999999999995,28.95,13.29,18.12,31.4,32.03,18.58,232.0,0.213,53.0,22.84,10.0,4.31,0.621,0.158,29.12,14.08,17.25,31.33,33.69,18.86
746466,2024-06-07,2024,592885,L,681857,R,single,False,False,108.0,0.287,23.0,21.3,13.0,12.04,0.8420000000000001,0.18100000000000005,22.34,10.14,14.06,24.19,24.34,16.31,473.0,0.294,103.0,21.78,64.0,13.53,0.882,0.195,26.99,11.53,15.4,26.93,23.89,19.07,137.0,0.169,31.0,22.63,13.0,9.49,0.543,0.11100000000000002,25.38,11.71,16.26,27.97,29.69,16.49,190.0,0.218,50.0,26.32,23.0,12.11,0.687,0.158,25.27,11.11,16.18,27.29,26.16,18.12
746466,2024-06-07,2024,642715,R,681857,R,strikeout,True,False,214.0,0.262,48.0,22.43,21.0,9.81,0.793,0.193,30.67,14.57,15.28,29.86,26.78,18.97,480.0,0.212,117.0,24.38,47.0,9.79,0.702,0.194,32.44,16.53,12.85,29.38,32.69,19.28,115.0,0.245,21.0,18.26,7.0,6.09,0.589,0.056999999999999995,28.95,13.29,18.12,31.4,32.03,18.58,232.0,0.213,53.0,22.84,10.0,4.31,0.621,0.158,29.12,14.08,17.25,31.33,33.69,18.86
746466,2024-06-07,2024,686217,L,681857,R,single,False,False,191.0,0.244,38.0,19.9,20.0,10.47,0.645,0.066,15.68,6.22,22.65,28.87,26.88,18.1,180.0,0.261,30.0,16.67,23.0,12.78,0.722,0.1049999999999999,15.26,6.63,20.31,26.94,29.52,13.18,137.0,0.169,31.0,22.63,13.0,9.49,0.543,0.11100000000000002,25.38,11.71,16.26,27.97,29.69,16.49,190.0,0.218,50.0,26.32,23.0,12.11,0.687,0.158,25.27,11.11,16.18,27.29,26.16,18.12
746466,2024-06-07,2024,656555,R,681857,R,field_out,False,False,148.0,0.256,34.0,22.97,16.0,10.81,0.855,0.248,23.66,9.27,21.08,30.34,21.45,15.67,,,,,,,,,,,,,,,115.0,0.245,21.0,18.26,7.0,6.09,0.589,0.056999999999999995,28.95,13.29,18.12,31.4,32.03,18.58,232.0,0.213,53.0,22.84,10.0,4.31,0.621,0.158,29.12,14.08,17.25,31.33,33.69,18.86
746466,2024-06-07,2024,682985,L,668964,R,strikeout,True,False,206.0,0.264,56.0,27.18,29.0,14.08,0.86,0.22499999999999998,29.86,12.16,17.71,29.87,20.81,23.33,323.0,0.291,84.0,26.01,28.0,8.67,0.826,0.182,27.26,12.45,16.06,28.52,24.68,20.14,58.0,0.275,10.0,17.24,6.0,10.34,0.737,0.11699999999999999,16.67,7.51,16.9,24.41,30.7,19.61,,,,,,,,,,,,,,
746466,2024-06-07,2024,672761,L,668964,R,walk,False,True,122.0,0.229,25.0,20.49,11.0,9.02,0.702,0.17500000000000002,18.92,8.37,19.12,27.49,24.8,15.53,,,,,,,,,,,,,,,58.0,0.275,10.0,17.24,6.0,10.34,0.737,0.11699999999999999,16.67,7.51,16.9,24.41,30.7,19.61,,,,,,,,,,,,,,
746466,2024-06-07,2024,592192,R,668964,R,field_out,False,False,183.0,0.236,38.0,20.77,19.0,10.38,0.692,0.121,21.95,8.55,23.47,32.02,21.01,17.84,341.0,0.261,56.0,16.42,28.0,8.21,0.721,0.1079999999999999,18.91,7.86,21.98,29.84,23.71,13.49,60.0,0.278,17.0,28.33,4.0,6.67,0.9870000000000001,0.37,25.66,12.18,17.23,29.41,28.8,20.78,,,,,,,,,,,,,,
746466,2024-06-07,2024,570482,R,668964,R,field_out,False,False,88.0,0.305,10.0,11.36,4.0,4.55,0.768,0.122,20.25,10.16,17.46,27.62,32.9,12.99,175.0,0.276,30.0,17.14,9.0,5.14,0.653,0.061,20.55,11.01,13.8,24.82,34.39,12.39,60.0,0.278,17.0,28.33,4.0,6.67,0.9870000000000001,0.37,25.66,12.18,17.23,29.41,28.8,20.78,,,,,,,,,,,,,,
746466,2024-06-07,2024,641343,L,689225,R,walk,False,True,139.0,0.205,50.0,35.97,13.0,9.35,0.6739999999999999,0.17200000000000001,30.95,13.93,18.75,32.68,21.65,28.74,244.0,0.205,83.0,34.02,26.0,10.66,0.72,0.228,32.78,14.71,16.21,30.93,23.65,23.92,18.0,0.059,5.0,27.78,1.0,5.56,0.287,0.11699999999999999,30.43,16.67,10.71,27.38,35.42,16.13,64.0,0.254,11.0,17.19,5.0,7.81,0.6679999999999999,0.1019999999999999,18.9,8.99,13.11,22.1,24.09,13.25
746466,2024-06-07,2024,687401,R,689225,R,field_out,False,False,129.0,0.321,15.0,11.63,17.0,13.18,0.9610000000000001,0.22900000000000004,14.65,5.66,21.88,27.54,22.31,10.34,13.0,0.077,3.0,23.08,0.0,0.0,0.2309999999999999,0.077,15.79,8.11,21.62,29.73,26.67,33.33,24.0,0.227,3.0,12.5,2.0,8.33,0.565,0.04600000000000001,20.0,9.41,18.82,28.24,34.88,13.64,88.0,0.262,20.0,22.73,7.0,7.95,0.768,0.188,23.94,12.13,14.56,26.68,37.2,14.93
746466,2024-06-07,2024,663368,L,689225,R,triple,False,False,149.0,0.263,42.0,28.19,12.0,8.05,0.7190000000000001,0.12,31.06,12.78,21.19,33.98,25.08,28.38,110.0,0.231,33.0,30.0,17.0,15.45,0.715,0.1319999999999999,24.04,9.0,23.31,32.31,18.26,20.5,18.0,0.059,5.0,27.78,1.0,5.56,0.287,0.11699999999999999,30.43,16.67,10.71,27.38,35.42,16.13,64.0,0.254,11.0,17.19,5.0,7.81,0.6679999999999999,0.1019999999999999,18.9,8.99,13.11,22.1,24.09,13.25
746466,2024-06-07,2024,668930,L,689225,R,single,False,False,192.0,0.3,30.0,15.62,16.0,8.33,0.778,0.118,12.75,5.96,18.56,24.53,25.23,14.85,376.0,0.224,82.0,21.81,30.0,7.98,0.608,0.097,22.03,10.83,16.08,26.9,28.59,16.14,18.0,0.059,5.0,27.78,1.0,5.56,0.287,0.11699999999999999,30.43,16.67,10.71,27.38,35.42,16.13,64.0,0.254,11.0,17.19,5.0,7.81,0.6679999999999999,0.1019999999999999,18.9,8.99,13.11,22.1,24.09,13.25
746466,2024-06-07,2024,661388,R,689225,R,grounded_into_double_play,False,False,217.0,0.312,38.0,17.51,23.0,10.6,0.897,0.193,29.71,13.81,14.06,27.87,23.47,16.59,434.0,0.262,94.0,21.66,42.0,9.68,0.72,0.119,27.61,11.63,19.55,31.17,24.86,18.08,24.0,0.227,3.0,12.5,2.0,8.33,0.565,0.04600000000000001,20.0,9.41,18.82,28.24,34.88,13.64,88.0,0.262,20.0,22.73,7.0,7.95,0.768,0.188,23.94,12.13,14.56,26.68,37.2,14.93
746466,2024-06-07,2024,690993,L,668964,R,field_out,False,False,172.0,0.22,29.0,16.86,11.0,6.4,0.569,0.07599999999999998,23.0,10.82,16.3,27.12,31.02,18.24,,,,,,,,,,,,,,,58.0,0.275,10.0,17.24,6.0,10.34,0.737,0.11699999999999999,16.67,7.51,16.9,24.41,30.7,19.61,,,,,,,,,,,,,,
746466,2024-06-07,2024,669234,R,668964,R,strikeout,True,False,10.0,0.2,3.0,30.0,0.0,0.0,0.7,0.3,42.11,20.51,20.51,41.03,7.14,25.0,,,,,,,,,,,,,,,60.0,0.278,17.0,28.33,4.0,6.67,0.9870000000000001,0.37,25.66,12.18,17.23,29.41,28.8,20.78,,,,,,,,,,,,,,
746466,2024-06-07,2024,595879,R,668964,R,field_out,False,False,144.0,0.176,35.0,24.31,4.0,2.78,0.436,0.059,30.57,16.27,17.07,33.33,47.22,23.18,408.0,0.218,98.0,24.02,12.0,2.94,0.573,0.099,34.03,18.61,14.09,32.7,45.18,22.9,60.0,0.278,17.0,28.33,4.0,6.67,0.9870000000000001,0.37,25.66,12.18,17.23,29.41,28.8,20.78,,,,,,,,,,,,,,
746466,2024-06-07,2024,592885,L,689225,R,single,False,False,108.0,0.287,23.0,21.3,13.0,12.04,0.8420000000000001,0.18100000000000005,22.34,10.14,14.06,24.19,24.34,16.31,473.0,0.294,103.0,21.78,64.0,13.53,0.882,0.195,26.99,11.53,15.4,26.93,23.89,19.07,18.0,0.059,5.0,27.78,1.0,5.56,0.287,0.11699999999999999,30.43,16.67,10.71,27.38,35.42,16.13,64.0,0.254,11.0,17.19,5.0,7.81,0.6679999999999999,0.1019999999999999,18.9,8.99,13.11,22.1,24.09,13.25
746466,2024-06-07,2024,642715,R,689225,R,walk,False,True,214.0,0.262,48.0,22.43,21.0,9.81,0.793,0.193,30.67,14.57,15.28,29.86,26.78,18.97,480.0,0.212,117.0,24.38,47.0,9.79,0.702,0.194,32.44,16.53,12.85,29.38,32.69,19.28,24.0,0.227,3.0,12.5,2.0,8.33,0.565,0.04600000000000001,20.0,9.41,18.82,28.24,34.88,13.64,88.0,0.262,20.0,22.73,7.0,7.95,0.768,0.188,23.94,12.13,14.56,26.68,37.2,14.93
746466,2024-06-07,2024,686217,L,689225,R,strikeout,True,False,191.0,0.244,38.0,19.9,20.0,10.47,0.645,0.066,15.68,6.22,22.65,28.87,26.88,18.1,180.0,0.261,30.0,16.67,23.0,12.78,0.722,0.1049999999999999,15.26,6.63,20.31,26.94,29.52,13.18,18.0,0.059,5.0,27.78,1.0,5.56,0.287,0.11699999999999999,30.43,16.67,10.71,27.38,35.42,16.13,64.0,0.254,11.0,17.19,5.0,7.81,0.6679999999999999,0.1019999999999999,18.9,8.99,13.11,22.1,24.09,13.25
746466,2024-06-07,2024,656555,R,689225,R,strikeout,True,False,148.0,0.256,34.0,22.97,16.0,10.81,0.855,0.248,23.66,9.27,21.08,30.34,21.45,15.67,,,,,,,,,,,,,,,24.0,0.227,3.0,12.5,2.0,8.33,0.565,0.04600000000000001,20.0,9.41,18.82,28.24,34.88,13.64,88.0,0.262,20.0,22.73,7.0,7.95,0.768,0.188,23.94,12.13,14.56,26.68,37.2,14.93
746466,2024-06-07,2024,641343,L,689225,R,field_out,False,False,139.0,0.205,50.0,35.97,13.0,9.35,0.6739999999999999,0.17200000000000001,30.95,13.93,18.75,32.68,21.65,28.74,244.0,0.205,83.0,34.02,26.0,10.66,0.72,0.228,32.78,14.71,16.21,30.93,23.65,23.92,18.0,0.059,5.0,27.78,1.0,5.56,0.287,0.11699999999999999,30.43,16.67,10.71,27.38,35.42,16.13,64.0,0.254,11.0,17.19,5.0,7.81,0.6679999999999999,0.1019999999999999,18.9,8.99,13.11,22.1,24.09,13.25
746466,2024-06-07,2024,608348,R,668964,R,field_out,False,False,93.0,0.22,21.0,22.58,7.0,7.53,0.645,0.12100000000000002,23.31,10.19,20.91,31.1,22.73,17.95,108.0,0.198,27.0,25.0,6.0,5.56,0.479,0.0399999999999999,28.73,13.54,19.79,33.33,28.41,25.0,60.0,0.278,17.0,28.33,4.0,6.67,0.9870000000000001,0.37,25.66,12.18,17.23,29.41,28.8,20.78,,,,,,,,,,,,,,
746466,2024-06-07,2024,663837,R,668964,R,field_out,False,False,137.0,0.266,33.0,24.09,6.0,4.38,0.817,0.25,20.78,8.74,20.95,29.69,17.65,20.12,383.0,0.26,92.0,24.02,29.0,7.57,0.724,0.14,21.06,9.23,21.95,31.18,28.67,18.31,60.0,0.278,17.0,28.33,4.0,6.67,0.9870000000000001,0.37,25.66,12.18,17.23,29.41,28.8,20.78,,,,,,,,,,,,,,
746466,2024-06-07,2024,682985,L,668964,R,field_out,False,False,206.0,0.264,56.0,27.18,29.0,14.08,0.86,0.22499999999999998,29.86,12.16,17.71,29.87,20.81,23.33,323.0,0.291,84.0,26.01,28.0,8.67,0.826,0.182,27.26,12.45,16.06,28.52,24.68,20.14,58.0,0.275,10.0,17.24,6.0,10.34,0.737,0.11699999999999999,16.67,7.51,16.9,24.41,30.7,19.61,,,,,,,,,,,,,,
746466,2024-06-07,2024,687401,R,676684,R,strikeout,True,False,129.0,0.321,15.0,11.63,17.0,13.18,0.9610000000000001,0.22900000000000004,14.65,5.66,21.88,27.54,22.31,10.34,13.0,0.077,3.0,23.08,0.0,0.0,0.2309999999999999,0.077,15.79,8.11,21.62,29.73,26.67,33.33,70.0,0.262,15.0,21.43,3.0,4.29,0.675,0.123,25.0,13.46,16.54,30.0,34.21,17.65,114.0,0.215,32.0,28.07,7.0,6.14,0.5529999999999999,0.0749999999999999,27.23,12.59,22.76,35.35,32.97,26.45
746466,2024-06-07,2024,663368,L,676684,R,field_out,False,False,149.0,0.263,42.0,28.19,12.0,8.05,0.7190000000000001,0.12,31.06,12.78,21.19,33.98,25.08,28.38,110.0,0.231,33.0,30.0,17.0,15.45,0.715,0.1319999999999999,24.04,9.0,23.31,32.31,18.26,20.5,34.0,0.207,5.0,14.71,3.0,8.82,0.506,0.034,26.15,12.41,16.06,28.47,22.39,13.16,85.0,0.218,24.0,28.24,6.0,7.06,0.646,0.154,21.11,10.24,18.06,28.3,34.72,20.51
746466,2024-06-07,2024,668930,L,676684,R,single,False,False,192.0,0.3,30.0,15.62,16.0,8.33,0.778,0.118,12.75,5.96,18.56,24.53,25.23,14.85,376.0,0.224,82.0,21.81,30.0,7.98,0.608,0.097,22.03,10.83,16.08,26.9,28.59,16.14,34.0,0.207,5.0,14.71,3.0,8.82,0.506,0.034,26.15,12.41,16.06,28.47,22.39,13.16,85.0,0.218,24.0,28.24,6.0,7.06,0.646,0.154,21.11,10.24,18.06,28.3,34.72,20.51
746466,2024-06-07,2024,661388,R,676684,R,strikeout,True,False,217.0,0.312,38.0,17.51,23.0,10.6,0.897,0.193,29.71,13.81,14.06,27.87,23.47,16.59,434.0,0.262,94.0,21.66,42.0,9.68,0.72,0.119,27.61,11.63,19.55,31.17,24.86,18.08,70.0,0.262,15.0,21.43,3.0,4.29,0.675,0.123,25.0,13.46,16.54,30.0,34.21,17.65,114.0,0.215,32.0,28.07,7.0,6.14,0.5529999999999999,0.0749999999999999,27.23,12.59,22.76,35.35,32.97,26.45
746466,2024-06-07,2024,672761,L,668964,R,field_out,False,False,122.0,0.229,25.0,20.49,11.0,9.02,0.702,0.17500000000000002,18.92,8.37,19.12,27.49,24.8,15.53,,,,,,,,,,,,,,,58.0,0.275,10.0,17.24,6.0,10.34,0.737,0.11699999999999999,16.67,7.51,16.9,24.41,30.7,19.61,,,,,,,,,,,,,,
746466,2024-06-07,2024,628451,R,668964,R,field_out,False,False,31.0,0.172,12.0,38.71,2.0,6.45,0.433,0.035,33.82,18.25,15.87,34.13,40.3,25.53,265.0,0.265,45.0,16.98,18.0,6.79,0.71,0.127,22.24,11.31,15.49,26.81,34.23,16.73,60.0,0.278,17.0,28.33,4.0,6.67,0.9870000000000001,0.37,25.66,12.18,17.23,29.41,28.8,20.78,,,,,,,,,,,,,,
746466,2024-06-07,2024,570482,R,668964,R,field_out,False,False,88.0,0.305,10.0,11.36,4.0,4.55,0.768,0.122,20.25,10.16,17.46,27.62,32.9,12.99,175.0,0.276,30.0,17.14,9.0,5.14,0.653,0.061,20.55,11.01,13.8,24.82,34.39,12.39,60.0,0.278,17.0,28.33,4.0,6.67,0.9870000000000001,0.37,25.66,12.18,17.23,29.41,28.8,20.78,,,,,,,,,,,,,,
746466,2024-06-07,2024,592885,L,663947,L,hit_by_pitch,False,False,47.0,0.357,10.0,21.28,5.0,10.64,1.045,0.262,23.38,9.94,16.02,25.97,25.0,22.22,159.0,0.234,37.0,23.27,14.0,8.81,0.633,0.097,26.17,13.04,15.53,28.57,28.16,18.32,52.0,0.122,13.0,25.0,0.0,0.0,0.357,0.062,23.68,10.78,22.75,33.53,32.47,33.33,122.0,0.147,32.0,26.23,4.0,3.28,0.363,0.034,24.29,11.78,19.86,31.64,32.18,22.86
746466,2024-06-07,2024,642715,R,663947,L,field_out,False,False,59.0,0.196,13.0,22.03,7.0,11.86,0.621,0.137,28.57,12.67,14.93,27.6,23.33,22.81,160.0,0.231,48.0,30.0,24.0,15.0,0.762,0.1789999999999999,26.61,12.38,15.79,28.17,29.47,20.17,70.0,0.238,12.0,17.14,5.0,7.14,0.734,0.20600000000000002,25.19,13.1,14.68,27.78,43.26,16.44,202.0,0.209,42.0,20.79,14.0,6.93,0.642,0.171,28.53,13.97,16.84,30.81,30.71,18.58
746466,2024-06-07,2024,694192,R,663947,L,grounded_into_double_play,False,False,47.0,0.143,11.0,23.4,5.0,10.64,0.448,0.07100000000000001,25.0,13.11,13.66,26.78,34.74,18.97,,,,,,,,,,,,,,,70.0,0.238,12.0,17.14,5.0,7.14,0.734,0.20600000000000002,25.19,13.1,14.68,27.78,43.26,16.44,202.0,0.209,42.0,20.79,14.0,6.93,0.642,0.171,28.53,13.97,16.84,30.81,30.71,18.58
746466,2024-06-07,2024,690993,L,668964,R,field_out,False,False,172.0,0.22,29.0,16.86,11.0,6.4,0.569,0.07599999999999998,23.0,10.82,16.3,27.12,31.02,18.24,,,,,,,,,,,,,,,58.0,0.275,10.0,17.24,6.0,10.34,0.737,0.11699999999999999,16.67,7.51,16.9,24.41,30.7,19.61,,,,,,,,,,,,,,
746466,2024-06-07,2024,669234,R,668964,R,walk,False,True,10.0,0.2,3.0,30.0,0.0,0.0,0.7,0.3,42.11,20.51,20.51,41.03,7.14,25.0,,,,,,,,,,,,,,,60.0,0.278,17.0,28.33,4.0,6.67,0.9870000000000001,0.37,25.66,12.18,17.23,29.41,28.8,20.78,,,,,,,,,,,,,,
746466,2024-06-07,2024,595879,R,668964,R,strikeout,True,False,144.0,0.176,35.0,24.31,4.0,2.78,0.436,0.059,30.57,16.27,17.07,33.33,47.22,23.18,408.0,0.218,98.0,24.02,12.0,2.94,0.573,0.099,34.03,18.61,14.09,32.7,45.18,22.9,60.0,0.278,17.0,28.33,4.0,6.67,0.9870000000000001,0.37,25.66,12.18,17.23,29.41,28.8,20.78,,,,,,,,,,,,,,
746466,2024-06-07,2024,608348,R,668964,R,field_out,False,False,93.0,0.22,21.0,22.58,7.0,7.53,0.645,0.12100000000000002,23.31,10.19,20.91,31.1,22.73,17.95,108.0,0.198,27.0,25.0,6.0,5.56,0.479,0.0399999999999999,28.73,13.54,19.79,33.33,28.41,25.0,60.0,0.278,17.0,28.33,4.0,6.67,0.9870000000000001,0.37,25.66,12.18,17.23,29.41,28.8,20.78,,,,,,,,,,,,,,
746466,2024-06-07,2024,656555,R,656716,R,field_out,False,False,148.0,0.256,34.0,22.97,16.0,10.81,0.855,0.248,23.66,9.27,21.08,30.34,21.45,15.67,,,,,,,,,,,,,,,3.0,0.0,0.0,0.0,1.0,33.33,0.333,0.0,0.0,0.0,22.22,22.22,16.67,,4.0,0.5,0.0,0.0,0.0,0.0,1.25,0.25,0.0,0.0,23.08,23.08,0.0,0.0
746466,2024-06-07,2024,641343,L,656716,R,field_out,False,False,139.0,0.205,50.0,35.97,13.0,9.35,0.6739999999999999,0.17200000000000001,30.95,13.93,18.75,32.68,21.65,28.74,244.0,0.205,83.0,34.02,26.0,10.66,0.72,0.228,32.78,14.71,16.21,30.93,23.65,23.92,2.0,0.5,0.0,0.0,0.0,0.0,2.5,1.5,0.0,0.0,20.0,20.0,50.0,,2.0,0.5,0.0,0.0,0.0,0.0,2.5,1.5,0.0,0.0,33.33,33.33,40.0,0.0
746466,2024-06-07,2024,687401,R,656716,R,field_out,False,False,129.0,0.321,15.0,11.63,17.0,13.18,0.9610000000000001,0.22900000000000004,14.65,5.66,21.88,27.54,22.31,10.34,13.0,0.077,3.0,23.08,0.0,0.0,0.2309999999999999,0.077,15.79,8.11,21.62,29.73,26.67,33.33,3.0,0.0,0.0,0.0,1.0,33.33,0.333,0.0,0.0,0.0,22.22,22.22,16.67,,4.0,0.5,0.0,0.0,0.0,0.0,1.25,0.25,0.0,0.0,23.08,23.08,0.0,0.0
746466,2024-06-07,2024,663837,R,703231,R,walk,False,True,137.0,0.266,33.0,24.09,6.0,4.38,0.817,0.25,20.78,8.74,20.95,29.69,17.65,20.12,383.0,0.26,92.0,24.02,29.0,7.57,0.724,0.14,21.06,9.23,21.95,31.18,28.67,18.31,,,,,,,,,,,,,,,,,,,,,,,,,,,,
746466,2024-06-07,2024,656716,L,703231,R,single,False,False,92.0,0.207,26.0,28.26,8.0,8.7,0.6,0.11000000000000001,28.73,13.94,17.16,31.1,30.56,22.03,475.0,0.23,109.0,22.95,38.0,8.0,0.653,0.1259999999999999,21.06,10.13,16.08,26.2,28.04,19.12,,,,,,,,,,,,,,,,,,,,,,,,,,,,
746466,2024-06-07,2024,672761,L,703231,R,field_out,False,False,122.0,0.229,25.0,20.49,11.0,9.02,0.702,0.17500000000000002,18.92,8.37,19.12,27.49,24.8,15.53,,,,,,,,,,,,,,,,,,,,,,,,,,,,,,,,,,,,,,,,,,
746466,2024-06-07,2024,628451,R,703231,R,grounded_into_double_play,False,False,31.0,0.172,12.0,38.71,2.0,6.45,0.433,0.035,33.82,18.25,15.87,34.13,40.3,25.53,265.0,0.265,45.0,16.98,18.0,6.79,0.71,0.127,22.24,11.31,15.49,26.81,34.23,16.73,,,,,,,,,,,,,,,,,,,,,,,,,,,,
745496,2024-06-07,2024,663616,L,656605,R,double,False,False,114.0,0.248,24.0,21.05,12.0,10.53,0.771,0.198,28.57,13.52,16.55,30.07,29.49,18.7,189.0,0.228,60.0,31.75,25.0,13.23,0.766,0.21,36.25,14.96,16.71,31.67,22.55,25.75,163.0,0.25,44.0,26.99,9.0,5.52,0.722,0.178,22.22,10.76,20.0,30.76,31.99,26.51,430.0,0.253,115.0,26.74,37.0,8.6,0.776,0.202,24.73,12.08,17.13,29.21,25.7,21.9
745496,2024-06-07,2024,621043,R,656605,R,walk,False,True,134.0,0.267,30.0,22.39,15.0,11.19,0.809,0.199,22.67,9.77,20.5,30.27,27.41,20.0,444.0,0.224,112.0,25.23,42.0,9.46,0.69,0.164,26.37,11.3,19.9,31.19,27.0,21.72,148.0,0.25,22.0,14.86,11.0,7.43,0.6859999999999999,0.10899999999999999,22.62,10.54,16.64,27.17,27.24,14.19,395.0,0.244,95.0,24.05,18.0,4.56,0.645,0.1069999999999999,21.38,9.92,20.33,30.26,29.0,22.35
745496,2024-06-07,2024,668904,R,656605,R,field_out,False,False,5.0,0.667,0.0,0.0,2.0,40.0,3.4669999999999996,1.9999999999999998,0.0,0.0,11.11,11.11,16.67,0.0,183.0,0.307,43.0,23.5,15.0,8.2,0.962,0.283,27.16,12.8,18.57,31.36,28.0,20.98,148.0,0.25,22.0,14.86,11.0,7.43,0.6859999999999999,0.10899999999999999,22.62,10.54,16.64,27.17,27.24,14.19,395.0,0.244,95.0,24.05,18.0,4.56,0.645,0.1069999999999999,21.38,9.92,20.33,30.26,29.0,22.35
745496,2024-06-07,2024,596146,L,656605,R,strikeout,True,False,132.0,0.246,23.0,17.42,11.0,8.33,0.737,0.178,23.44,11.54,13.08,24.62,25.56,14.37,394.0,0.263,84.0,21.32,37.0,9.39,0.8320000000000001,0.2339999999999999,19.92,9.32,15.49,24.81,24.75,18.14,163.0,0.25,44.0,26.99,9.0,5.52,0.722,0.178,22.22,10.76,20.0,30.76,31.99,26.51,430.0,0.253,115.0,26.74,37.0,8.6,0.776,0.202,24.73,12.08,17.13,29.21,25.7,21.9
745496,2024-06-07,2024,680777,R,656605,R,strikeout,True,False,146.0,0.246,32.0,21.92,12.0,8.22,0.861,0.27,24.31,10.6,18.8,29.4,26.69,18.9,242.0,0.281,70.0,28.93,19.0,7.85,0.8280000000000001,0.186,29.53,13.79,18.6,32.39,32.19,21.28,148.0,0.25,22.0,14.86,11.0,7.43,0.6859999999999999,0.10899999999999999,22.62,10.54,16.64,27.17,27.24,14.19,395.0,0.244,95.0,24.05,18.0,4.56,0.645,0.1069999999999999,21.38,9.92,20.33,30.26,29.0,22.35
745496,2024-06-07,2024,656582,R,657746,R,field_out,False,False,131.0,0.259,29.0,22.14,13.0,9.92,0.732,0.129,24.65,10.64,19.28,29.92,23.98,21.01,279.0,0.235,70.0,25.09,27.0,9.68,0.72,0.166,22.25,8.9,20.93,29.83,20.67,18.23,150.0,0.243,39.0,26.0,5.0,3.33,0.726,0.21500000000000002,26.89,13.64,16.31,29.95,28.41,19.4,357.0,0.269,117.0,32.77,14.0,3.92,0.8300000000000001,0.261,30.56,16.38,13.59,29.97,33.29,22.75
745496,2024-06-07,2024,668804,L,657746,R,field_out,False,False,186.0,0.238,38.0,20.43,20.0,10.75,0.6950000000000001,0.134,27.95,12.4,15.56,27.96,25.38,18.45,438.0,0.252,94.0,21.46,45.0,10.27,0.821,0.2309999999999999,28.75,13.22,13.73,26.95,24.9,18.49,136.0,0.209,38.0,27.94,6.0,4.41,0.599,0.13999999999999999,23.81,12.5,16.15,28.65,32.62,20.21,315.0,0.222,80.0,25.4,20.0,6.35,0.64,0.1389999999999999,22.74,12.88,14.0,26.88,32.64,17.86
745496,2024-06-07,2024,663647,R,657746,R,strikeout,True,False,123.0,0.227,25.0,20.33,10.0,8.13,0.5569999999999999,0.037000000000000005,17.35,7.39,21.52,28.91,26.5,19.38,358.0,0.26,75.0,20.95,22.0,6.15,0.721,0.1559999999999999,21.48,9.63,20.09,29.72,30.19,22.32,150.0,0.243,39.0,26.0,5.0,3.33,0.726,0.21500000000000002,26.89,13.64,16.31,29.95,28.41,19.4,357.0,0.269,117.0,32.77,14.0,3.92,0.8300000000000001,0.261,30.56,16.38,13.59,29.97,33.29,22.75
745496,2024-06-07,2024,669304,R,656605,R,field_out,False,False,112.0,0.269,17.0,15.18,4.0,3.57,0.7769999999999999,0.20199999999999996,20.42,9.82,19.14,28.97,34.13,18.68,120.0,0.207,18.0,15.0,8.0,6.67,0.5640000000000001,0.09,23.72,11.83,13.69,25.52,32.37,15.04,148.0,0.25,22.0,14.86,11.0,7.43,0.6859999999999999,0.10899999999999999,22.62,10.54,16.64,27.17,27.24,14.19,395.0,0.244,95.0,24.05,18.0,4.56,0.645,0.1069999999999999,21.38,9.92,20.33,30.26,29.0,22.35
745496,2024-06-07,2024,621439,R,656605,R,strikeout,True,False,109.0,0.22,34.0,31.19,5.0,4.59,0.605,0.11000000000000001,35.06,18.84,11.63,30.47,35.78,23.45,257.0,0.217,80.0,31.13,26.0,10.12,0.767,0.243,29.69,15.03,12.96,27.99,29.53,25.0,148.0,0.25,22.0,14.86,11.0,7.43,0.6859999999999999,0.10899999999999999,22.62,10.54,16.64,27.17,27.24,14.19,395.0,0.244,95.0,24.05,18.0,4.56,0.645,0.1069999999999999,21.38,9.92,20.33,30.26,29.0,22.35
745496,2024-06-07,2024,467793,L,656605,R,field_out,False,False,159.0,0.203,24.0,15.09,18.0,11.32,0.6559999999999999,0.14499999999999996,22.78,9.57,17.64,27.2,24.29,12.63,460.0,0.231,83.0,18.04,45.0,9.78,0.727,0.1899999999999999,23.76,11.0,14.32,25.31,24.63,16.21,163.0,0.25,44.0,26.99,9.0,5.52,0.722,0.178,22.22,10.76,20.0,30.76,31.99,26.51,430.0,0.253,115.0,26.74,37.0,8.6,0.776,0.202,24.73,12.08,17.13,29.21,25.7,21.9
745496,2024-06-07,2024,665833,L,657746,R,home_run,False,False,168.0,0.297,57.0,33.93,13.0,7.74,0.861,0.21300000000000002,36.16,16.5,19.23,35.72,35.45,25.22,33.0,0.185,7.0,21.21,5.0,15.15,0.636,0.148,27.69,13.14,15.33,28.47,34.25,17.95,136.0,0.209,38.0,27.94,6.0,4.41,0.599,0.13999999999999999,23.81,12.5,16.15,28.65,32.62,20.21,315.0,0.222,80.0,25.4,20.0,6.35,0.64,0.1389999999999999,22.74,12.88,14.0,26.88,32.64,17.86
745496,2024-06-07,2024,658668,R,657746,R,field_out,False,False,68.0,0.233,11.0,16.18,5.0,7.35,0.594,0.06699999999999998,23.97,12.96,13.33,26.3,35.29,11.83,261.0,0.256,43.0,16.48,14.0,5.36,0.728,0.1649999999999999,22.47,11.51,14.21,25.73,31.17,15.47,150.0,0.243,39.0,26.0,5.0,3.33,0.726,0.21500000000000002,26.89,13.64,16.31,29.95,28.41,19.4,357.0,0.269,117.0,32.77,14.0,3.92,0.8300000000000001,0.261,30.56,16.38,13.59,29.97,33.29,22.75
745496,2024-06-07,2024,693304,R,657746,R,strikeout,True,False,64.0,0.316,13.0,20.31,4.0,6.25,0.891,0.21000000000000002,26.06,13.91,12.41,26.32,33.09,14.44,86.0,0.234,21.0,24.42,3.0,3.49,0.638,0.1299999999999999,30.36,15.84,12.11,27.95,27.85,22.11,150.0,0.243,39.0,26.0,5.0,3.33,0.726,0.21500000000000002,26.89,13.64,16.31,29.95,28.41,19.4,357.0,0.269,117.0,32.77,14.0,3.92,0.8300000000000001,0.261,30.56,16.38,13.59,29.97,33.29,22.75
745496,2024-06-07,2024,518735,L,657746,R,field_out,False,False,44.0,0.159,9.0,20.45,0.0,0.0,0.5,0.18200000000000002,22.5,10.29,25.14,35.43,35.96,18.0,309.0,0.235,61.0,19.74,27.0,8.74,0.636,0.094,22.36,10.08,19.44,29.52,27.06,17.13,136.0,0.209,38.0,27.94,6.0,4.41,0.599,0.13999999999999999,23.81,12.5,16.15,28.65,32.62,20.21,315.0,0.222,80.0,25.4,20.0,6.35,0.64,0.1389999999999999,22.74,12.88,14.0,26.88,32.64,17.86
745496,2024-06-07,2024,650489,L,656605,R,field_out,False,False,178.0,0.219,43.0,24.16,17.0,9.55,0.6890000000000001,0.155,27.73,13.22,15.47,28.69,29.47,20.19,280.0,0.266,73.0,26.07,23.0,8.21,0.8029999999999999,0.189,28.16,14.39,15.31,29.7,34.97,21.1,163.0,0.25,44.0,26.99,9.0,5.52,0.722,0.178,22.22,10.76,20.0,30.76,31.99,26.51,430.0,0.253,115.0,26.74,37.0,8.6,0.776,0.202,24.73,12.08,17.13,29.21,25.7,21.9
745496,2024-06-07,2024,663616,L,656605,R,field_out,False,False,114.0,0.248,24.0,21.05,12.0,10.53,0.771,0.198,28.57,13.52,16.55,30.07,29.49,18.7,189.0,0.228,60.0,31.75,25.0,13.23,0.766,0.21,36.25,14.96,16.71,31.67,22.55,25.75,163.0,0.25,44.0,26.99,9.0,5.52,0.722,0.178,22.22,10.76,20.0,30.76,31.99,26.51,430.0,0.253,115.0,26.74,37.0,8.6,0.776,0.202,24.73,12.08,17.13,29.21,25.7,21.9
745496,2024-06-07,2024,621043,R,656605,R,single,False,False,134.0,0.267,30.0,22.39,15.0,11.19,0.809,0.199,22.67,9.77,20.5,30.27,27.41,20.0,444.0,0.224,112.0,25.23,42.0,9.46,0.69,0.164,26.37,11.3,19.9,31.19,27.0,21.72,148.0,0.25,22.0,14.86,11.0,7.43,0.6859999999999999,0.10899999999999999,22.62,10.54,16.64,27.17,27.24,14.19,395.0,0.244,95.0,24.05,18.0,4.56,0.645,0.1069999999999999,21.38,9.92,20.33,30.26,29.0,22.35
745496,2024-06-07,2024,668904,R,656605,R,strikeout,True,False,5.0,0.667,0.0,0.0,2.0,40.0,3.4669999999999996,1.9999999999999998,0.0,0.0,11.11,11.11,16.67,0.0,183.0,0.307,43.0,23.5,15.0,8.2,0.962,0.283,27.16,12.8,18.57,31.36,28.0,20.98,148.0,0.25,22.0,14.86,11.0,7.43,0.6859999999999999,0.10899999999999999,22.62,10.54,16.64,27.17,27.24,14.19,395.0,0.244,95.0,24.05,18.0,4.56,0.645,0.1069999999999999,21.38,9.92,20.33,30.26,29.0,22.35
745496,2024-06-07,2024,669261,L,657746,R,field_out,False,False,135.0,0.162,31.0,22.96,17.0,12.59,0.5660000000000001,0.13699999999999998,22.87,10.61,14.75,25.36,22.14,17.92,404.0,0.232,117.0,28.96,61.0,15.1,0.857,0.271,29.06,11.36,18.81,30.17,17.6,22.37,136.0,0.209,38.0,27.94,6.0,4.41,0.599,0.13999999999999999,23.81,12.5,16.15,28.65,32.62,20.21,315.0,0.222,80.0,25.4,20.0,6.35,0.64,0.1389999999999999,22.74,12.88,14.0,26.88,32.64,17.86
745496,2024-06-07,2024,680779,R,657746,R,strikeout,True,False,69.0,0.123,28.0,40.58,8.0,11.59,0.364,0.017000000000000015,34.78,15.53,15.21,30.74,22.22,28.57,170.0,0.224,49.0,28.82,15.0,8.82,0.655,0.1309999999999999,29.33,13.02,18.05,31.07,30.65,26.2,150.0,0.243,39.0,26.0,5.0,3.33,0.726,0.21500000000000002,26.89,13.64,16.31,29.95,28.41,19.4,357.0,0.269,117.0,32.77,14.0,3.92,0.8300000000000001,0.261,30.56,16.38,13.59,29.97,33.29,22.75
745496,2024-06-07,2024,656582,R,657746,R,strikeout,True,False,131.0,0.259,29.0,22.14,13.0,9.92,0.732,0.129,24.65,10.64,19.28,29.92,23.98,21.01,279.0,0.235,70.0,25.09,27.0,9.68,0.72,0.166,22.25,8.9,20.93,29.83,20.67,18.23,150.0,0.243,39.0,26.0,5.0,3.33,0.726,0.21500000000000002,26.89,13.64,16.31,29.95,28.41,19.4,357.0,0.269,117.0,32.77,14.0,3.92,0.8300000000000001,0.261,30.56,16.38,13.59,29.97,33.29,22.75
745496,2024-06-07,2024,596146,L,656605,R,strikeout,True,False,132.0,0.246,23.0,17.42,11.0,8.33,0.737,0.178,23.44,11.54,13.08,24.62,25.56,14.37,394.0,0.263,84.0,21.32,37.0,9.39,0.8320000000000001,0.2339999999999999,19.92,9.32,15.49,24.81,24.75,18.14,163.0,0.25,44.0,26.99,9.0,5.52,0.722,0.178,22.22,10.76,20.0,30.76,31.99,26.51,430.0,0.253,115.0,26.74,37.0,8.6,0.776,0.202,24.73,12.08,17.13,29.21,25.7,21.9
745496,2024-06-07,2024,680777,R,656605,R,field_out,False,False,146.0,0.246,32.0,21.92,12.0,8.22,0.861,0.27,24.31,10.6,18.8,29.4,26.69,18.9,242.0,0.281,70.0,28.93,19.0,7.85,0.8280000000000001,0.186,29.53,13.79,18.6,32.39,32.19,21.28,148.0,0.25,22.0,14.86,11.0,7.43,0.6859999999999999,0.10899999999999999,22.62,10.54,16.64,27.17,27.24,14.19,395.0,0.244,95.0,24.05,18.0,4.56,0.645,0.1069999999999999,21.38,9.92,20.33,30.26,29.0,22.35
745496,2024-06-07,2024,669304,R,656605,R,single,False,False,112.0,0.269,17.0,15.18,4.0,3.57,0.7769999999999999,0.20199999999999996,20.42,9.82,19.14,28.97,34.13,18.68,120.0,0.207,18.0,15.0,8.0,6.67,0.5640000000000001,0.09,23.72,11.83,13.69,25.52,32.37,15.04,148.0,0.25,22.0,14.86,11.0,7.43,0.6859999999999999,0.10899999999999999,22.62,10.54,16.64,27.17,27.24,14.19,395.0,0.244,95.0,24.05,18.0,4.56,0.645,0.1069999999999999,21.38,9.92,20.33,30.26,29.0,22.35
745496,2024-06-07,2024,621439,R,656605,R,force_out,False,False,109.0,0.22,34.0,31.19,5.0,4.59,0.605,0.11000000000000001,35.06,18.84,11.63,30.47,35.78,23.45,257.0,0.217,80.0,31.13,26.0,10.12,0.767,0.243,29.69,15.03,12.96,27.99,29.53,25.0,148.0,0.25,22.0,14.86,11.0,7.43,0.6859999999999999,0.10899999999999999,22.62,10.54,16.64,27.17,27.24,14.19,395.0,0.244,95.0,24.05,18.0,4.56,0.645,0.1069999999999999,21.38,9.92,20.33,30.26,29.0,22.35
745496,2024-06-07,2024,668804,L,657746,R,double,False,False,186.0,0.238,38.0,20.43,20.0,10.75,0.6950000000000001,0.134,27.95,12.4,15.56,27.96,25.38,18.45,438.0,0.252,94.0,21.46,45.0,10.27,0.821,0.2309999999999999,28.75,13.22,13.73,26.95,24.9,18.49,136.0,0.209,38.0,27.94,6.0,4.41,0.599,0.13999999999999999,23.81,12.5,16.15,28.65,32.62,20.21,315.0,0.222,80.0,25.4,20.0,6.35,0.64,0.1389999999999999,22.74,12.88,14.0,26.88,32.64,17.86
745496,2024-06-07,2024,663647,R,657746,R,strikeout,True,False,123.0,0.227,25.0,20.33,10.0,8.13,0.5569999999999999,0.037000000000000005,17.35,7.39,21.52,28.91,26.5,19.38,358.0,0.26,75.0,20.95,22.0,6.15,0.721,0.1559999999999999,21.48,9.63,20.09,29.72,30.19,22.32,150.0,0.243,39.0,26.0,5.0,3.33,0.726,0.21500000000000002,26.89,13.64,16.31,29.95,28.41,19.4,357.0,0.269,117.0,32.77,14.0,3.92,0.8300000000000001,0.261,30.56,16.38,13.59,29.97,33.29,22.75
745496,2024-06-07,2024,665833,L,657746,R,walk,False,True,168.0,0.297,57.0,33.93,13.0,7.74,0.861,0.21300000000000002,36.16,16.5,19.23,35.72,35.45,25.22,33.0,0.185,7.0,21.21,5.0,15.15,0.636,0.148,27.69,13.14,15.33,28.47,34.25,17.95,136.0,0.209,38.0,27.94,6.0,4.41,0.599,0.13999999999999999,23.81,12.5,16.15,28.65,32.62,20.21,315.0,0.222,80.0,25.4,20.0,6.35,0.64,0.1389999999999999,22.74,12.88,14.0,26.88,32.64,17.86
745496,2024-06-07,2024,658668,R,657746,R,walk,False,True,68.0,0.233,11.0,16.18,5.0,7.35,0.594,0.06699999999999998,23.97,12.96,13.33,26.3,35.29,11.83,261.0,0.256,43.0,16.48,14.0,5.36,0.728,0.1649999999999999,22.47,11.51,14.21,25.73,31.17,15.47,150.0,0.243,39.0,26.0,5.0,3.33,0.726,0.21500000000000002,26.89,13.64,16.31,29.95,28.41,19.4,357.0,0.269,117.0,32.77,14.0,3.92,0.8300000000000001,0.261,30.56,16.38,13.59,29.97,33.29,22.75
745496,2024-06-07,2024,693304,R,657746,R,sac_fly,False,False,64.0,0.316,13.0,20.31,4.0,6.25,0.891,0.21000000000000002,26.06,13.91,12.41,26.32,33.09,14.44,86.0,0.234,21.0,24.42,3.0,3.49,0.638,0.1299999999999999,30.36,15.84,12.11,27.95,27.85,22.11,150.0,0.243,39.0,26.0,5.0,3.33,0.726,0.21500000000000002,26.89,13.64,16.31,29.95,28.41,19.4,357.0,0.269,117.0,32.77,14.0,3.92,0.8300000000000001,0.261,30.56,16.38,13.59,29.97,33.29,22.75
745496,2024-06-07,2024,518735,L,657746,R,field_out,False,False,44.0,0.159,9.0,20.45,0.0,0.0,0.5,0.18200000000000002,22.5,10.29,25.14,35.43,35.96,18.0,309.0,0.235,61.0,19.74,27.0,8.74,0.636,0.094,22.36,10.08,19.44,29.52,27.06,17.13,136.0,0.209,38.0,27.94,6.0,4.41,0.599,0.13999999999999999,23.81,12.5,16.15,28.65,32.62,20.21,315.0,0.222,80.0,25.4,20.0,6.35,0.64,0.1389999999999999,22.74,12.88,14.0,26.88,32.64,17.86
745496,2024-06-07,2024,467793,L,656605,R,strikeout,True,False,159.0,0.203,24.0,15.09,18.0,11.32,0.6559999999999999,0.14499999999999996,22.78,9.57,17.64,27.2,24.29,12.63,460.0,0.231,83.0,18.04,45.0,9.78,0.727,0.1899999999999999,23.76,11.0,14.32,25.31,24.63,16.21,163.0,0.25,44.0,26.99,9.0,5.52,0.722,0.178,22.22,10.76,20.0,30.76,31.99,26.51,430.0,0.253,115.0,26.74,37.0,8.6,0.776,0.202,24.73,12.08,17.13,29.21,25.7,21.9
745496,2024-06-07,2024,650489,L,656605,R,walk,False,True,178.0,0.219,43.0,24.16,17.0,9.55,0.6890000000000001,0.155,27.73,13.22,15.47,28.69,29.47,20.19,280.0,0.266,73.0,26.07,23.0,8.21,0.8029999999999999,0.189,28.16,14.39,15.31,29.7,34.97,21.1,163.0,0.25,44.0,26.99,9.0,5.52,0.722,0.178,22.22,10.76,20.0,30.76,31.99,26.51,430.0,0.253,115.0,26.74,37.0,8.6,0.776,0.202,24.73,12.08,17.13,29.21,25.7,21.9
745496,2024-06-07,2024,663616,L,656605,R,single,False,False,114.0,0.248,24.0,21.05,12.0,10.53,0.771,0.198,28.57,13.52,16.55,30.07,29.49,18.7,189.0,0.228,60.0,31.75,25.0,13.23,0.766,0.21,36.25,14.96,16.71,31.67,22.55,25.75,163.0,0.25,44.0,26.99,9.0,5.52,0.722,0.178,22.22,10.76,20.0,30.76,31.99,26.51,430.0,0.253,115.0,26.74,37.0,8.6,0.776,0.202,24.73,12.08,17.13,29.21,25.7,21.9
745496,2024-06-07,2024,621043,R,656605,R,single,False,False,134.0,0.267,30.0,22.39,15.0,11.19,0.809,0.199,22.67,9.77,20.5,30.27,27.41,20.0,444.0,0.224,112.0,25.23,42.0,9.46,0.69,0.164,26.37,11.3,19.9,31.19,27.0,21.72,148.0,0.25,22.0,14.86,11.0,7.43,0.6859999999999999,0.10899999999999999,22.62,10.54,16.64,27.17,27.24,14.19,395.0,0.244,95.0,24.05,18.0,4.56,0.645,0.1069999999999999,21.38,9.92,20.33,30.26,29.0,22.35
745496,2024-06-07,2024,668904,R,656605,R,strikeout,True,False,5.0,0.667,0.0,0.0,2.0,40.0,3.4669999999999996,1.9999999999999998,0.0,0.0,11.11,11.11,16.67,0.0,183.0,0.307,43.0,23.5,15.0,8.2,0.962,0.283,27.16,12.8,18.57,31.36,28.0,20.98,148.0,0.25,22.0,14.86,11.0,7.43,0.6859999999999999,0.10899999999999999,22.62,10.54,16.64,27.17,27.24,14.19,395.0,0.244,95.0,24.05,18.0,4.56,0.645,0.1069999999999999,21.38,9.92,20.33,30.26,29.0,22.35
745496,2024-06-07,2024,596146,L,656605,R,strikeout,True,False,132.0,0.246,23.0,17.42,11.0,8.33,0.737,0.178,23.44,11.54,13.08,24.62,25.56,14.37,394.0,0.263,84.0,21.32,37.0,9.39,0.8320000000000001,0.2339999999999999,19.92,9.32,15.49,24.81,24.75,18.14,163.0,0.25,44.0,26.99,9.0,5.52,0.722,0.178,22.22,10.76,20.0,30.76,31.99,26.51,430.0,0.253,115.0,26.74,37.0,8.6,0.776,0.202,24.73,12.08,17.13,29.21,25.7,21.9
745496,2024-06-07,2024,669261,L,657746,R,strikeout,True,False,135.0,0.162,31.0,22.96,17.0,12.59,0.5660000000000001,0.13699999999999998,22.87,10.61,14.75,25.36,22.14,17.92,404.0,0.232,117.0,28.96,61.0,15.1,0.857,0.271,29.06,11.36,18.81,30.17,17.6,22.37,136.0,0.209,38.0,27.94,6.0,4.41,0.599,0.13999999999999999,23.81,12.5,16.15,28.65,32.62,20.21,315.0,0.222,80.0,25.4,20.0,6.35,0.64,0.1389999999999999,22.74,12.88,14.0,26.88,32.64,17.86
745496,2024-06-07,2024,680779,R,657746,R,strikeout,True,False,69.0,0.123,28.0,40.58,8.0,11.59,0.364,0.017000000000000015,34.78,15.53,15.21,30.74,22.22,28.57,170.0,0.224,49.0,28.82,15.0,8.82,0.655,0.1309999999999999,29.33,13.02,18.05,31.07,30.65,26.2,150.0,0.243,39.0,26.0,5.0,3.33,0.726,0.21500000000000002,26.89,13.64,16.31,29.95,28.41,19.4,357.0,0.269,117.0,32.77,14.0,3.92,0.8300000000000001,0.261,30.56,16.38,13.59,29.97,33.29,22.75
745496,2024-06-07,2024,656582,R,657746,R,field_out,False,False,131.0,0.259,29.0,22.14,13.0,9.92,0.732,0.129,24.65,10.64,19.28,29.92,23.98,21.01,279.0,0.235,70.0,25.09,27.0,9.68,0.72,0.166,22.25,8.9,20.93,29.83,20.67,18.23,150.0,0.243,39.0,26.0,5.0,3.33,0.726,0.21500000000000002,26.89,13.64,16.31,29.95,28.41,19.4,357.0,0.269,117.0,32.77,14.0,3.92,0.8300000000000001,0.261,30.56,16.38,13.59,29.97,33.29,22.75
745496,2024-06-07,2024,680777,R,656605,R,field_out,False,False,146.0,0.246,32.0,21.92,12.0,8.22,0.861,0.27,24.31,10.6,18.8,29.4,26.69,18.9,242.0,0.281,70.0,28.93,19.0,7.85,0.8280000000000001,0.186,29.53,13.79,18.6,32.39,32.19,21.28,148.0,0.25,22.0,14.86,11.0,7.43,0.6859999999999999,0.10899999999999999,22.62,10.54,16.64,27.17,27.24,14.19,395.0,0.244,95.0,24.05,18.0,4.56,0.645,0.1069999999999999,21.38,9.92,20.33,30.26,29.0,22.35
745496,2024-06-07,2024,669304,R,656605,R,single,False,False,112.0,0.269,17.0,15.18,4.0,3.57,0.7769999999999999,0.20199999999999996,20.42,9.82,19.14,28.97,34.13,18.68,120.0,0.207,18.0,15.0,8.0,6.67,0.5640000000000001,0.09,23.72,11.83,13.69,25.52,32.37,15.04,148.0,0.25,22.0,14.86,11.0,7.43,0.6859999999999999,0.10899999999999999,22.62,10.54,16.64,27.17,27.24,14.19,395.0,0.244,95.0,24.05,18.0,4.56,0.645,0.1069999999999999,21.38,9.92,20.33,30.26,29.0,22.35
745496,2024-06-07,2024,621439,R,656605,R,single,False,False,109.0,0.22,34.0,31.19,5.0,4.59,0.605,0.11000000000000001,35.06,18.84,11.63,30.47,35.78,23.45,257.0,0.217,80.0,31.13,26.0,10.12,0.767,0.243,29.69,15.03,12.96,27.99,29.53,25.0,148.0,0.25,22.0,14.86,11.0,7.43,0.6859999999999999,0.10899999999999999,22.62,10.54,16.64,27.17,27.24,14.19,395.0,0.244,95.0,24.05,18.0,4.56,0.645,0.1069999999999999,21.38,9.92,20.33,30.26,29.0,22.35
745496,2024-06-07,2024,467793,L,656605,R,field_out,False,False,159.0,0.203,24.0,15.09,18.0,11.32,0.6559999999999999,0.14499999999999996,22.78,9.57,17.64,27.2,24.29,12.63,460.0,0.231,83.0,18.04,45.0,9.78,0.727,0.1899999999999999,23.76,11.0,14.32,25.31,24.63,16.21,163.0,0.25,44.0,26.99,9.0,5.52,0.722,0.178,22.22,10.76,20.0,30.76,31.99,26.51,430.0,0.253,115.0,26.74,37.0,8.6,0.776,0.202,24.73,12.08,17.13,29.21,25.7,21.9
745496,2024-06-07,2024,668804,L,657746,R,field_out,False,False,186.0,0.238,38.0,20.43,20.0,10.75,0.6950000000000001,0.134,27.95,12.4,15.56,27.96,25.38,18.45,438.0,0.252,94.0,21.46,45.0,10.27,0.821,0.2309999999999999,28.75,13.22,13.73,26.95,24.9,18.49,136.0,0.209,38.0,27.94,6.0,4.41,0.599,0.13999999999999999,23.81,12.5,16.15,28.65,32.62,20.21,315.0,0.222,80.0,25.4,20.0,6.35,0.64,0.1389999999999999,22.74,12.88,14.0,26.88,32.64,17.86
745496,2024-06-07,2024,663647,R,657746,R,strikeout,True,False,123.0,0.227,25.0,20.33,10.0,8.13,0.5569999999999999,0.037000000000000005,17.35,7.39,21.52,28.91,26.5,19.38,358.0,0.26,75.0,20.95,22.0,6.15,0.721,0.1559999999999999,21.48,9.63,20.09,29.72,30.19,22.32,150.0,0.243,39.0,26.0,5.0,3.33,0.726,0.21500000000000002,26.89,13.64,16.31,29.95,28.41,19.4,357.0,0.269,117.0,32.77,14.0,3.92,0.8300000000000001,0.261,30.56,16.38,13.59,29.97,33.29,22.75
745496,2024-06-07,2024,665833,L,657746,R,field_out,False,False,168.0,0.297,57.0,33.93,13.0,7.74,0.861,0.21300000000000002,36.16,16.5,19.23,35.72,35.45,25.22,33.0,0.185,7.0,21.21,5.0,15.15,0.636,0.148,27.69,13.14,15.33,28.47,34.25,17.95,136.0,0.209,38.0,27.94,6.0,4.41,0.599,0.13999999999999999,23.81,12.5,16.15,28.65,32.62,20.21,315.0,0.222,80.0,25.4,20.0,6.35,0.64,0.1389999999999999,22.74,12.88,14.0,26.88,32.64,17.86
745496,2024-06-07,2024,650489,R,547973,L,strikeout,True,False,57.0,0.352,16.0,28.07,3.0,5.26,0.886,0.14800000000000002,31.36,16.23,15.35,31.58,35.96,23.53,129.0,0.237,26.0,20.16,11.0,8.53,0.636,0.079,27.27,14.12,14.71,28.82,33.85,15.03,67.0,0.164,30.0,44.78,12.0,17.91,0.6579999999999999,0.18099999999999997,37.88,15.48,16.72,32.2,24.0,27.52,200.0,0.161,86.0,43.0,26.0,13.0,0.534,0.103,41.53,18.67,19.04,37.71,23.68,36.29
745496,2024-06-07,2024,663616,L,547973,L,field_out,False,False,5.0,0.4,1.0,20.0,0.0,0.0,0.8,0.0,33.33,20.0,0.0,20.0,22.22,20.0,23.0,0.095,12.0,52.17,2.0,8.7,0.412,0.143,38.64,14.53,19.66,34.19,26.76,29.27,34.0,0.304,8.0,23.53,11.0,32.35,0.964,0.131,34.78,11.03,21.38,32.41,18.29,22.86,50.0,0.243,17.0,34.0,10.0,20.0,0.651,0.0,44.83,18.84,17.39,36.23,23.36,28.81
745496,2024-06-07,2024,621043,R,547973,L,strikeout,True,False,46.0,0.214,8.0,17.39,3.0,6.52,0.642,0.167,17.44,7.94,16.93,24.87,20.41,15.09,136.0,0.248,19.0,13.97,17.0,12.5,0.782,0.188,21.1,9.54,17.18,26.72,26.2,13.01,67.0,0.164,30.0,44.78,12.0,17.91,0.6579999999999999,0.18099999999999997,37.88,15.48,16.72,32.2,24.0,27.52,200.0,0.161,86.0,43.0,26.0,13.0,0.534,0.103,41.53,18.67,19.04,37.71,23.68,36.29
745496,2024-06-07,2024,658668,R,657746,R,field_out,False,False,68.0,0.233,11.0,16.18,5.0,7.35,0.594,0.06699999999999998,23.97,12.96,13.33,26.3,35.29,11.83,261.0,0.256,43.0,16.48,14.0,5.36,0.728,0.1649999999999999,22.47,11.51,14.21,25.73,31.17,15.47,150.0,0.243,39.0,26.0,5.0,3.33,0.726,0.21500000000000002,26.89,13.64,16.31,29.95,28.41,19.4,357.0,0.269,117.0,32.77,14.0,3.92,0.8300000000000001,0.261,30.56,16.38,13.59,29.97,33.29,22.75
745496,2024-06-07,2024,693304,R,657746,R,field_out,False,False,64.0,0.316,13.0,20.31,4.0,6.25,0.891,0.21000000000000002,26.06,13.91,12.41,26.32,33.09,14.44,86.0,0.234,21.0,24.42,3.0,3.49,0.638,0.1299999999999999,30.36,15.84,12.11,27.95,27.85,22.11,150.0,0.243,39.0,26.0,5.0,3.33,0.726,0.21500000000000002,26.89,13.64,16.31,29.95,28.41,19.4,357.0,0.269,117.0,32.77,14.0,3.92,0.8300000000000001,0.261,30.56,16.38,13.59,29.97,33.29,22.75
745496,2024-06-07,2024,518735,L,657746,R,field_out,False,False,44.0,0.159,9.0,20.45,0.0,0.0,0.5,0.18200000000000002,22.5,10.29,25.14,35.43,35.96,18.0,309.0,0.235,61.0,19.74,27.0,8.74,0.636,0.094,22.36,10.08,19.44,29.52,27.06,17.13,136.0,0.209,38.0,27.94,6.0,4.41,0.599,0.13999999999999999,23.81,12.5,16.15,28.65,32.62,20.21,315.0,0.222,80.0,25.4,20.0,6.35,0.64,0.1389999999999999,22.74,12.88,14.0,26.88,32.64,17.86
745496,2024-06-07,2024,668904,R,670059,R,field_out,False,False,5.0,0.667,0.0,0.0,2.0,40.0,3.4669999999999996,1.9999999999999998,0.0,0.0,11.11,11.11,16.67,0.0,183.0,0.307,43.0,23.5,15.0,8.2,0.962,0.283,27.16,12.8,18.57,31.36,28.0,20.98,46.0,0.095,15.0,32.61,1.0,2.17,0.271,0.023999999999999994,30.38,13.71,21.14,34.86,28.09,30.0,132.0,0.256,32.0,24.24,13.0,9.85,0.7010000000000001,0.1119999999999999,24.65,10.91,18.93,29.84,24.05,23.88
745496,2024-06-07,2024,596146,L,670059,R,field_out,False,False,132.0,0.246,23.0,17.42,11.0,8.33,0.737,0.178,23.44,11.54,13.08,24.62,25.56,14.37,394.0,0.263,84.0,21.32,37.0,9.39,0.8320000000000001,0.2339999999999999,19.92,9.32,15.49,24.81,24.75,18.14,36.0,0.214,11.0,30.56,8.0,22.22,0.782,0.17900000000000002,29.51,11.69,16.23,27.92,12.66,21.57,108.0,0.255,26.0,24.07,7.0,6.48,0.665,0.1019999999999999,21.83,11.04,11.26,22.3,27.56,16.45
745496,2024-06-07,2024,680777,R,670059,R,field_out,False,False,146.0,0.246,32.0,21.92,12.0,8.22,0.861,0.27,24.31,10.6,18.8,29.4,26.69,18.9,242.0,0.281,70.0,28.93,19.0,7.85,0.8280000000000001,0.186,29.53,13.79,18.6,32.39,32.19,21.28,46.0,0.095,15.0,32.61,1.0,2.17,0.271,0.023999999999999994,30.38,13.71,21.14,34.86,28.09,30.0,132.0,0.256,32.0,24.24,13.0,9.85,0.7010000000000001,0.1119999999999999,24.65,10.91,18.93,29.84,24.05,23.88
745496,2024-06-07,2024,669261,L,643377,R,field_out,False,False,135.0,0.162,31.0,22.96,17.0,12.59,0.5660000000000001,0.13699999999999998,22.87,10.61,14.75,25.36,22.14,17.92,404.0,0.232,117.0,28.96,61.0,15.1,0.857,0.271,29.06,11.36,18.81,30.17,17.6,22.37,43.0,0.158,12.0,27.91,4.0,9.3,0.501,0.10500000000000001,32.05,14.62,22.22,36.84,28.75,21.82,117.0,0.238,35.0,29.91,11.0,9.4,0.6970000000000001,0.143,29.15,14.01,20.91,34.91,36.23,23.81
745496,2024-06-07,2024,680779,R,643377,R,strikeout,True,False,69.0,0.123,28.0,40.58,8.0,11.59,0.364,0.017000000000000015,34.78,15.53,15.21,30.74,22.22,28.57,170.0,0.224,49.0,28.82,15.0,8.82,0.655,0.1309999999999999,29.33,13.02,18.05,31.07,30.65,26.2,55.0,0.176,21.0,38.18,3.0,5.45,0.41400000000000003,0.020000000000000018,38.46,19.74,15.35,35.09,37.1,24.71,157.0,0.228,33.0,21.02,8.0,5.1,0.599,0.089,24.56,11.73,18.37,30.1,27.92,20.25
745496,2024-06-07,2024,656582,R,643377,R,home_run,False,False,131.0,0.259,29.0,22.14,13.0,9.92,0.732,0.129,24.65,10.64,19.28,29.92,23.98,21.01,279.0,0.235,70.0,25.09,27.0,9.68,0.72,0.166,22.25,8.9,20.93,29.83,20.67,18.23,55.0,0.176,21.0,38.18,3.0,5.45,0.41400000000000003,0.020000000000000018,38.46,19.74,15.35,35.09,37.1,24.71,157.0,0.228,33.0,21.02,8.0,5.1,0.599,0.089,24.56,11.73,18.37,30.1,27.92,20.25
745496,2024-06-07,2024,668804,L,643377,R,double,False,False,186.0,0.238,38.0,20.43,20.0,10.75,0.6950000000000001,0.134,27.95,12.4,15.56,27.96,25.38,18.45,438.0,0.252,94.0,21.46,45.0,10.27,0.821,0.2309999999999999,28.75,13.22,13.73,26.95,24.9,18.49,43.0,0.158,12.0,27.91,4.0,9.3,0.501,0.10500000000000001,32.05,14.62,22.22,36.84,28.75,21.82,117.0,0.238,35.0,29.91,11.0,9.4,0.6970000000000001,0.143,29.15,14.01,20.91,34.91,36.23,23.81
745496,2024-06-07,2024,663647,R,643377,R,field_out,False,False,123.0,0.227,25.0,20.33,10.0,8.13,0.5569999999999999,0.037000000000000005,17.35,7.39,21.52,28.91,26.5,19.38,358.0,0.26,75.0,20.95,22.0,6.15,0.721,0.1559999999999999,21.48,9.63,20.09,29.72,30.19,22.32,55.0,0.176,21.0,38.18,3.0,5.45,0.41400000000000003,0.020000000000000018,38.46,19.74,15.35,35.09,37.1,24.71,157.0,0.228,33.0,21.02,8.0,5.1,0.599,0.089,24.56,11.73,18.37,30.1,27.92,20.25
745496,2024-06-07,2024,666135,L,670280,R,strikeout,True,False,158.0,0.218,43.0,27.22,13.0,8.23,0.7030000000000001,0.205,30.45,14.81,16.5,31.31,30.39,25.6,264.0,0.3,63.0,23.86,24.0,9.09,0.858,0.185,26.95,12.66,17.1,29.76,32.56,21.58,52.0,0.191,12.0,23.08,4.0,7.69,0.654,0.21300000000000002,24.04,12.63,16.16,28.79,33.33,19.35,135.0,0.22,39.0,28.89,12.0,8.89,0.606,0.0849999999999999,28.03,14.31,13.25,27.56,33.22,20.63
745496,2024-06-07,2024,621439,R,670280,R,single,False,False,109.0,0.22,34.0,31.19,5.0,4.59,0.605,0.11000000000000001,35.06,18.84,11.63,30.47,35.78,23.45,257.0,0.217,80.0,31.13,26.0,10.12,0.767,0.243,29.69,15.03,12.96,27.99,29.53,25.0,58.0,0.278,13.0,22.41,2.0,3.45,0.7170000000000001,0.11099999999999999,28.8,14.57,15.79,30.36,35.94,16.25,142.0,0.209,41.0,28.87,9.0,6.34,0.5880000000000001,0.117,37.22,20.68,12.23,32.91,35.84,22.16
745496,2024-06-07,2024,467793,L,670280,R,field_out,False,False,159.0,0.203,24.0,15.09,18.0,11.32,0.6559999999999999,0.14499999999999996,22.78,9.57,17.64,27.2,24.29,12.63,460.0,0.231,83.0,18.04,45.0,9.78,0.727,0.1899999999999999,23.76,11.0,14.32,25.31,24.63,16.21,52.0,0.191,12.0,23.08,4.0,7.69,0.654,0.21300000000000002,24.04,12.63,16.16,28.79,33.33,19.35,135.0,0.22,39.0,28.89,12.0,8.89,0.606,0.0849999999999999,28.03,14.31,13.25,27.56,33.22,20.63
745496,2024-06-07,2024,650489,L,670280,R,field_out,False,False,178.0,0.219,43.0,24.16,17.0,9.55,0.6890000000000001,0.155,27.73,13.22,15.47,28.69,29.47,20.19,280.0,0.266,73.0,26.07,23.0,8.21,0.8029999999999999,0.189,28.16,14.39,15.31,29.7,34.97,21.1,52.0,0.191,12.0,23.08,4.0,7.69,0.654,0.21300000000000002,24.04,12.63,16.16,28.79,33.33,19.35,135.0,0.22,39.0,28.89,12.0,8.89,0.606,0.0849999999999999,28.03,14.31,13.25,27.56,33.22,20.63
745408,2024-06-07,2024,682998,L,681190,R,single,False,False,172.0,0.2,34.0,19.77,20.0,11.63,0.604,0.10699999999999998,21.23,9.52,16.28,25.81,26.29,20.48,472.0,0.286,105.0,22.25,46.0,9.75,0.921,0.266,22.34,10.24,16.27,26.51,28.83,21.92,50.0,0.417,5.0,10.0,1.0,2.0,1.086,0.22900000000000004,20.18,11.06,10.58,21.63,31.37,7.46,80.0,0.206,10.0,12.5,8.0,10.0,0.73,0.22,15.33,6.89,18.36,25.25,23.33,11.36
745408,2024-06-07,2024,606466,L,681190,R,strikeout,True,False,172.0,0.243,42.0,24.42,14.0,8.14,0.6699999999999999,0.125,24.68,11.9,14.22,26.12,26.61,22.53,452.0,0.259,85.0,18.81,54.0,11.95,0.827,0.2199999999999999,20.87,9.03,16.76,25.8,21.17,17.28,50.0,0.417,5.0,10.0,1.0,2.0,1.086,0.22900000000000004,20.18,11.06,10.58,21.63,31.37,7.46,80.0,0.206,10.0,12.5,8.0,10.0,0.73,0.22,15.33,6.89,18.36,25.25,23.33,11.36
745408,2024-06-07,2024,592626,L,681190,R,field_out,False,False,162.0,0.281,40.0,24.69,18.0,11.11,0.858,0.19999999999999996,25.4,11.63,17.23,28.87,28.41,20.3,373.0,0.241,74.0,19.84,49.0,13.14,0.786,0.194,24.13,10.89,15.07,25.96,29.36,16.09,50.0,0.417,5.0,10.0,1.0,2.0,1.086,0.22900000000000004,20.18,11.06,10.58,21.63,31.37,7.46,80.0,0.206,10.0,12.5,8.0,10.0,0.73,0.22,15.33,6.89,18.36,25.25,23.33,11.36
745408,2024-06-07,2024,572233,R,681190,R,double,False,False,192.0,0.25,43.0,22.4,25.0,13.02,0.823,0.21899999999999997,25.71,12.3,13.04,25.34,24.94,16.1,497.0,0.259,95.0,19.11,42.0,8.45,0.8009999999999999,0.2129999999999999,26.19,12.83,14.15,26.98,26.84,15.33,97.0,0.264,16.0,16.49,4.0,4.12,0.772,0.20899999999999996,22.16,11.0,15.35,26.34,24.18,13.11,86.0,0.216,23.0,26.74,10.0,11.63,0.637,0.095,19.88,9.34,17.58,26.92,34.01,18.11
745408,2024-06-07,2024,666971,R,681190,R,hit_by_pitch,False,False,175.0,0.201,32.0,18.29,9.0,5.14,0.5800000000000001,0.128,21.07,10.66,15.62,26.28,31.6,16.0,433.0,0.247,85.0,19.63,21.0,4.85,0.756,0.22,20.07,9.99,16.64,26.63,31.06,17.82,97.0,0.264,16.0,16.49,4.0,4.12,0.772,0.20899999999999996,22.16,11.0,15.35,26.34,24.18,13.11,86.0,0.216,23.0,26.74,10.0,11.63,0.637,0.095,19.88,9.34,17.58,26.92,34.01,18.11
745408,2024-06-07,2024,656976,L,681190,R,field_out,False,False,54.0,0.265,7.0,12.96,4.0,7.41,0.784,0.20399999999999996,16.46,6.99,18.28,25.27,17.05,13.95,186.0,0.196,33.0,17.74,31.0,16.67,0.681,0.1499999999999999,18.87,7.59,19.04,26.63,22.88,16.84,50.0,0.417,5.0,10.0,1.0,2.0,1.086,0.22900000000000004,20.18,11.06,10.58,21.63,31.37,7.46,80.0,0.206,10.0,12.5,8.0,10.0,0.73,0.22,15.33,6.89,18.36,25.25,23.33,11.36
745408,2024-06-07,2024,650333,L,677944,R,field_out,False,False,164.0,0.374,4.0,2.44,6.0,3.66,0.87,0.09699999999999998,6.62,3.16,19.1,22.26,33.55,2.8,479.0,0.362,17.0,3.55,31.0,6.47,0.891,0.122,6.51,3.2,16.58,19.78,31.29,4.11,91.0,0.244,11.0,12.09,5.0,5.49,0.763,0.21900000000000003,17.18,8.62,14.46,23.08,22.82,12.94,56.0,0.245,8.0,14.29,2.0,3.57,0.74,0.2269999999999999,14.55,7.77,12.14,19.9,24.21,13.79
745408,2024-06-07,2024,665487,R,677944,R,single,False,False,192.0,0.302,37.0,19.27,8.0,4.17,0.8440000000000001,0.20900000000000002,25.77,14.22,11.59,25.81,32.28,22.56,489.0,0.244,114.0,23.31,37.0,7.57,0.728,0.181,31.62,17.66,8.94,26.61,34.25,23.98,79.0,0.243,18.0,22.78,4.0,5.06,0.8049999999999999,0.271,17.78,7.79,20.45,28.25,17.05,19.15,55.0,0.275,12.0,21.82,2.0,3.64,0.798,0.1959999999999999,22.83,9.91,17.92,27.83,16.35,19.05
745408,2024-06-07,2024,595777,L,677944,R,strikeout,True,False,179.0,0.322,29.0,16.2,23.0,12.85,0.891,0.14799999999999996,17.47,7.97,14.29,22.25,23.12,12.84,375.0,0.229,68.0,18.13,37.0,9.87,0.6559999999999999,0.1159999999999999,21.66,10.43,14.17,24.61,26.12,14.59,91.0,0.244,11.0,12.09,5.0,5.49,0.763,0.21900000000000003,17.18,8.62,14.46,23.08,22.82,12.94,56.0,0.245,8.0,14.29,2.0,3.57,0.74,0.2269999999999999,14.55,7.77,12.14,19.9,24.21,13.79
745408,2024-06-07,2024,630105,L,677944,R,walk,False,True,183.0,0.27,29.0,15.85,16.0,8.74,0.8460000000000001,0.23299999999999998,17.56,8.05,17.05,25.1,23.18,13.12,367.0,0.23,59.0,16.08,36.0,9.81,0.7,0.154,14.92,6.99,16.69,23.68,24.61,14.08,91.0,0.244,11.0,12.09,5.0,5.49,0.763,0.21900000000000003,17.18,8.62,14.46,23.08,22.82,12.94,56.0,0.245,8.0,14.29,2.0,3.57,0.74,0.2269999999999999,14.55,7.77,12.14,19.9,24.21,13.79
745408,2024-06-07,2024,444482,L,677944,R,field_out,False,False,24.0,0.182,7.0,29.17,1.0,4.17,0.399,0.0,35.29,20.22,12.36,32.58,44.44,21.43,387.0,0.253,63.0,16.28,19.0,4.91,0.6739999999999999,0.131,22.16,12.01,13.06,25.07,33.57,15.04,91.0,0.244,11.0,12.09,5.0,5.49,0.763,0.21900000000000003,17.18,8.62,14.46,23.08,22.82,12.94,56.0,0.245,8.0,14.29,2.0,3.57,0.74,0.2269999999999999,14.55,7.77,12.14,19.9,24.21,13.79
745408,2024-06-07,2024,553993,R,681190,R,home_run,False,False,173.0,0.196,48.0,27.75,8.0,4.62,0.591,0.14600000000000002,30.47,14.82,15.54,30.36,28.32,22.43,537.0,0.227,161.0,29.98,48.0,8.94,0.706,0.167,32.3,14.54,16.91,31.45,23.96,22.87,97.0,0.264,16.0,16.49,4.0,4.12,0.772,0.20899999999999996,22.16,11.0,15.35,26.34,24.18,13.11,86.0,0.216,23.0,26.74,10.0,11.63,0.637,0.095,19.88,9.34,17.58,26.92,34.01,18.11
745408,2024-06-07,2024,672515,R,681190,R,home_run,False,False,107.0,0.247,20.0,18.69,13.0,12.15,0.722,0.129,18.68,7.46,22.59,30.04,20.28,16.13,264.0,0.253,43.0,16.29,24.0,9.09,0.6779999999999999,0.0989999999999999,19.31,7.98,21.75,29.72,25.58,15.58,97.0,0.264,16.0,16.49,4.0,4.12,0.772,0.20899999999999996,22.16,11.0,15.35,26.34,24.18,13.11,86.0,0.216,23.0,26.74,10.0,11.63,0.637,0.095,19.88,9.34,17.58,26.92,34.01,18.11
745408,2024-06-07,2024,621028,R,681190,R,field_out,False,False,96.0,0.239,17.0,17.71,6.0,6.25,0.617,0.09100000000000003,21.43,9.85,20.0,29.85,24.1,20.0,143.0,0.234,18.0,12.59,7.0,4.9,0.571,0.0549999999999999,15.29,7.27,19.84,27.11,26.2,13.04,97.0,0.264,16.0,16.49,4.0,4.12,0.772,0.20899999999999996,22.16,11.0,15.35,26.34,24.18,13.11,86.0,0.216,23.0,26.74,10.0,11.63,0.637,0.095,19.88,9.34,17.58,26.92,34.01,18.11
745408,2024-06-07,2024,682998,L,681190,R,single,False,False,172.0,0.2,34.0,19.77,20.0,11.63,0.604,0.10699999999999998,21.23,9.52,16.28,25.81,26.29,20.48,472.0,0.286,105.0,22.25,46.0,9.75,0.921,0.266,22.34,10.24,16.27,26.51,28.83,21.92,50.0,0.417,5.0,10.0,1.0,2.0,1.086,0.22900000000000004,20.18,11.06,10.58,21.63,31.37,7.46,80.0,0.206,10.0,12.5,8.0,10.0,0.73,0.22,15.33,6.89,18.36,25.25,23.33,11.36
745408,2024-06-07,2024,606466,L,681190,R,field_out,False,False,172.0,0.243,42.0,24.42,14.0,8.14,0.6699999999999999,0.125,24.68,11.9,14.22,26.12,26.61,22.53,452.0,0.259,85.0,18.81,54.0,11.95,0.827,0.2199999999999999,20.87,9.03,16.76,25.8,21.17,17.28,50.0,0.417,5.0,10.0,1.0,2.0,1.086,0.22900000000000004,20.18,11.06,10.58,21.63,31.37,7.46,80.0,0.206,10.0,12.5,8.0,10.0,0.73,0.22,15.33,6.89,18.36,25.25,23.33,11.36
745408,2024-06-07,2024,592626,L,681190,R,field_out,False,False,162.0,0.281,40.0,24.69,18.0,11.11,0.858,0.19999999999999996,25.4,11.63,17.23,28.87,28.41,20.3,373.0,0.241,74.0,19.84,49.0,13.14,0.786,0.194,24.13,10.89,15.07,25.96,29.36,16.09,50.0,0.417,5.0,10.0,1.0,2.0,1.086,0.22900000000000004,20.18,11.06,10.58,21.63,31.37,7.46,80.0,0.206,10.0,12.5,8.0,10.0,0.73,0.22,15.33,6.89,18.36,25.25,23.33,11.36
745408,2024-06-07,2024,701538,L,677944,R,double,False,False,153.0,0.296,23.0,15.03,9.0,5.88,0.7390000000000001,0.10500000000000004,17.06,9.24,13.77,23.01,36.13,13.29,,,,,,,,,,,,,,,91.0,0.244,11.0,12.09,5.0,5.49,0.763,0.21900000000000003,17.18,8.62,14.46,23.08,22.82,12.94,56.0,0.245,8.0,14.29,2.0,3.57,0.74,0.2269999999999999,14.55,7.77,12.14,19.9,24.21,13.79
745408,2024-06-07,2024,673490,R,677944,R,field_out,False,False,176.0,0.233,32.0,18.18,25.0,14.2,0.734,0.154,18.22,6.53,24.13,30.67,18.36,13.22,435.0,0.241,94.0,21.61,55.0,12.64,0.681,0.1,18.8,7.03,23.65,30.68,19.23,15.59,79.0,0.243,18.0,22.78,4.0,5.06,0.8049999999999999,0.271,17.78,7.79,20.45,28.25,17.05,19.15,55.0,0.275,12.0,21.82,2.0,3.64,0.798,0.1959999999999999,22.83,9.91,17.92,27.83,16.35,19.05
745408,2024-06-07,2024,642180,L,677944,R,field_out,False,False,79.0,0.221,17.0,21.52,8.0,10.13,0.562,0.028999999999999998,21.85,8.84,20.07,28.91,22.6,26.15,48.0,0.283,12.0,25.0,2.0,4.17,0.6599999999999999,0.065,24.1,10.93,22.4,33.33,28.95,20.0,91.0,0.244,11.0,12.09,5.0,5.49,0.763,0.21900000000000003,17.18,8.62,14.46,23.08,22.82,12.94,56.0,0.245,8.0,14.29,2.0,3.57,0.74,0.2269999999999999,14.55,7.77,12.14,19.9,24.21,13.79
745408,2024-06-07,2024,543309,R,677944,R,strikeout,True,False,32.0,0.188,13.0,40.62,0.0,0.0,0.626,0.25,27.87,14.05,23.97,38.02,36.73,32.5,192.0,0.233,53.0,27.6,12.0,6.25,0.654,0.142,28.81,14.15,17.01,31.16,30.17,24.88,79.0,0.243,18.0,22.78,4.0,5.06,0.8049999999999999,0.271,17.78,7.79,20.45,28.25,17.05,19.15,55.0,0.275,12.0,21.82,2.0,3.64,0.798,0.1959999999999999,22.83,9.91,17.92,27.83,16.35,19.05
745408,2024-06-07,2024,572233,R,681190,R,strikeout,True,False,192.0,0.25,43.0,22.4,25.0,13.02,0.823,0.21899999999999997,25.71,12.3,13.04,25.34,24.94,16.1,497.0,0.259,95.0,19.11,42.0,8.45,0.8009999999999999,0.2129999999999999,26.19,12.83,14.15,26.98,26.84,15.33,97.0,0.264,16.0,16.49,4.0,4.12,0.772,0.20899999999999996,22.16,11.0,15.35,26.34,24.18,13.11,86.0,0.216,23.0,26.74,10.0,11.63,0.637,0.095,19.88,9.34,17.58,26.92,34.01,18.11
745408,2024-06-07,2024,666971,R,681190,R,field_out,False,False,175.0,0.201,32.0,18.29,9.0,5.14,0.5800000000000001,0.128,21.07,10.66,15.62,26.28,31.6,16.0,433.0,0.247,85.0,19.63,21.0,4.85,0.756,0.22,20.07,9.99,16.64,26.63,31.06,17.82,97.0,0.264,16.0,16.49,4.0,4.12,0.772,0.20899999999999996,22.16,11.0,15.35,26.34,24.18,13.11,86.0,0.216,23.0,26.74,10.0,11.63,0.637,0.095,19.88,9.34,17.58,26.92,34.01,18.11
745408,2024-06-07,2024,656976,L,681190,R,field_out,False,False,54.0,0.265,7.0,12.96,4.0,7.41,0.784,0.20399999999999996,16.46,6.99,18.28,25.27,17.05,13.95,186.0,0.196,33.0,17.74,31.0,16.67,0.681,0.1499999999999999,18.87,7.59,19.04,26.63,22.88,16.84,50.0,0.417,5.0,10.0,1.0,2.0,1.086,0.22900000000000004,20.18,11.06,10.58,21.63,31.37,7.46,80.0,0.206,10.0,12.5,8.0,10.0,0.73,0.22,15.33,6.89,18.36,25.25,23.33,11.36
745408,2024-06-07,2024,650333,L,677944,R,field_out,False,False,164.0,0.374,4.0,2.44,6.0,3.66,0.87,0.09699999999999998,6.62,3.16,19.1,22.26,33.55,2.8,479.0,0.362,17.0,3.55,31.0,6.47,0.891,0.122,6.51,3.2,16.58,19.78,31.29,4.11,91.0,0.244,11.0,12.09,5.0,5.49,0.763,0.21900000000000003,17.18,8.62,14.46,23.08,22.82,12.94,56.0,0.245,8.0,14.29,2.0,3.57,0.74,0.2269999999999999,14.55,7.77,12.14,19.9,24.21,13.79
745408,2024-06-07,2024,665487,R,677944,R,double,False,False,192.0,0.302,37.0,19.27,8.0,4.17,0.8440000000000001,0.20900000000000002,25.77,14.22,11.59,25.81,32.28,22.56,489.0,0.244,114.0,23.31,37.0,7.57,0.728,0.181,31.62,17.66,8.94,26.61,34.25,23.98,79.0,0.243,18.0,22.78,4.0,5.06,0.8049999999999999,0.271,17.78,7.79,20.45,28.25,17.05,19.15,55.0,0.275,12.0,21.82,2.0,3.64,0.798,0.1959999999999999,22.83,9.91,17.92,27.83,16.35,19.05
745408,2024-06-07,2024,595777,L,677944,R,strikeout,True,False,179.0,0.322,29.0,16.2,23.0,12.85,0.891,0.14799999999999996,17.47,7.97,14.29,22.25,23.12,12.84,375.0,0.229,68.0,18.13,37.0,9.87,0.6559999999999999,0.1159999999999999,21.66,10.43,14.17,24.61,26.12,14.59,91.0,0.244,11.0,12.09,5.0,5.49,0.763,0.21900000000000003,17.18,8.62,14.46,23.08,22.82,12.94,56.0,0.245,8.0,14.29,2.0,3.57,0.74,0.2269999999999999,14.55,7.77,12.14,19.9,24.21,13.79
745408,2024-06-07,2024,553993,R,681190,R,strikeout,True,False,173.0,0.196,48.0,27.75,8.0,4.62,0.591,0.14600000000000002,30.47,14.82,15.54,30.36,28.32,22.43,537.0,0.227,161.0,29.98,48.0,8.94,0.706,0.167,32.3,14.54,16.91,31.45,23.96,22.87,97.0,0.264,16.0,16.49,4.0,4.12,0.772,0.20899999999999996,22.16,11.0,15.35,26.34,24.18,13.11,86.0,0.216,23.0,26.74,10.0,11.63,0.637,0.095,19.88,9.34,17.58,26.92,34.01,18.11
745408,2024-06-07,2024,672515,R,681190,R,field_out,False,False,107.0,0.247,20.0,18.69,13.0,12.15,0.722,0.129,18.68,7.46,22.59,30.04,20.28,16.13,264.0,0.253,43.0,16.29,24.0,9.09,0.6779999999999999,0.0989999999999999,19.31,7.98,21.75,29.72,25.58,15.58,97.0,0.264,16.0,16.49,4.0,4.12,0.772,0.20899999999999996,22.16,11.0,15.35,26.34,24.18,13.11,86.0,0.216,23.0,26.74,10.0,11.63,0.637,0.095,19.88,9.34,17.58,26.92,34.01,18.11
745408,2024-06-07,2024,621028,R,681190,R,field_out,False,False,96.0,0.239,17.0,17.71,6.0,6.25,0.617,0.09100000000000003,21.43,9.85,20.0,29.85,24.1,20.0,143.0,0.234,18.0,12.59,7.0,4.9,0.571,0.0549999999999999,15.29,7.27,19.84,27.11,26.2,13.04,97.0,0.264,16.0,16.49,4.0,4.12,0.772,0.20899999999999996,22.16,11.0,15.35,26.34,24.18,13.11,86.0,0.216,23.0,26.74,10.0,11.63,0.637,0.095,19.88,9.34,17.58,26.92,34.01,18.11
745408,2024-06-07,2024,630105,L,677944,R,hit_by_pitch,False,False,183.0,0.27,29.0,15.85,16.0,8.74,0.8460000000000001,0.23299999999999998,17.56,8.05,17.05,25.1,23.18,13.12,367.0,0.23,59.0,16.08,36.0,9.81,0.7,0.154,14.92,6.99,16.69,23.68,24.61,14.08,91.0,0.244,11.0,12.09,5.0,5.49,0.763,0.21900000000000003,17.18,8.62,14.46,23.08,22.82,12.94,56.0,0.245,8.0,14.29,2.0,3.57,0.74,0.2269999999999999,14.55,7.77,12.14,19.9,24.21,13.79
745408,2024-06-07,2024,444482,L,677944,R,single,False,False,24.0,0.182,7.0,29.17,1.0,4.17,0.399,0.0,35.29,20.22,12.36,32.58,44.44,21.43,387.0,0.253,63.0,16.28,19.0,4.91,0.6739999999999999,0.131,22.16,12.01,13.06,25.07,33.57,15.04,91.0,0.244,11.0,12.09,5.0,5.49,0.763,0.21900000000000003,17.18,8.62,14.46,23.08,22.82,12.94,56.0,0.245,8.0,14.29,2.0,3.57,0.74,0.2269999999999999,14.55,7.77,12.14,19.9,24.21,13.79
745408,2024-06-07,2024,701538,L,677944,R,field_out,False,False,153.0,0.296,23.0,15.03,9.0,5.88,0.7390000000000001,0.10500000000000004,17.06,9.24,13.77,23.01,36.13,13.29,,,,,,,,,,,,,,,91.0,0.244,11.0,12.09,5.0,5.49,0.763,0.21900000000000003,17.18,8.62,14.46,23.08,22.82,12.94,56.0,0.245,8.0,14.29,2.0,3.57,0.74,0.2269999999999999,14.55,7.77,12.14,19.9,24.21,13.79
745408,2024-06-07,2024,673490,R,677944,R,field_out,False,False,176.0,0.233,32.0,18.18,25.0,14.2,0.734,0.154,18.22,6.53,24.13,30.67,18.36,13.22,435.0,0.241,94.0,21.61,55.0,12.64,0.681,0.1,18.8,7.03,23.65,30.68,19.23,15.59,79.0,0.243,18.0,22.78,4.0,5.06,0.8049999999999999,0.271,17.78,7.79,20.45,28.25,17.05,19.15,55.0,0.275,12.0,21.82,2.0,3.64,0.798,0.1959999999999999,22.83,9.91,17.92,27.83,16.35,19.05
745408,2024-06-07,2024,642180,L,677944,R,field_out,False,False,79.0,0.221,17.0,21.52,8.0,10.13,0.562,0.028999999999999998,21.85,8.84,20.07,28.91,22.6,26.15,48.0,0.283,12.0,25.0,2.0,4.17,0.6599999999999999,0.065,24.1,10.93,22.4,33.33,28.95,20.0,91.0,0.244,11.0,12.09,5.0,5.49,0.763,0.21900000000000003,17.18,8.62,14.46,23.08,22.82,12.94,56.0,0.245,8.0,14.29,2.0,3.57,0.74,0.2269999999999999,14.55,7.77,12.14,19.9,24.21,13.79
745408,2024-06-07,2024,682998,L,681190,R,field_out,False,False,172.0,0.2,34.0,19.77,20.0,11.63,0.604,0.10699999999999998,21.23,9.52,16.28,25.81,26.29,20.48,472.0,0.286,105.0,22.25,46.0,9.75,0.921,0.266,22.34,10.24,16.27,26.51,28.83,21.92,50.0,0.417,5.0,10.0,1.0,2.0,1.086,0.22900000000000004,20.18,11.06,10.58,21.63,31.37,7.46,80.0,0.206,10.0,12.5,8.0,10.0,0.73,0.22,15.33,6.89,18.36,25.25,23.33,11.36
745408,2024-06-07,2024,606466,L,681190,R,single,False,False,172.0,0.243,42.0,24.42,14.0,8.14,0.6699999999999999,0.125,24.68,11.9,14.22,26.12,26.61,22.53,452.0,0.259,85.0,18.81,54.0,11.95,0.827,0.2199999999999999,20.87,9.03,16.76,25.8,21.17,17.28,50.0,0.417,5.0,10.0,1.0,2.0,1.086,0.22900000000000004,20.18,11.06,10.58,21.63,31.37,7.46,80.0,0.206,10.0,12.5,8.0,10.0,0.73,0.22,15.33,6.89,18.36,25.25,23.33,11.36
745408,2024-06-07,2024,592626,L,681190,R,field_out,False,False,162.0,0.281,40.0,24.69,18.0,11.11,0.858,0.19999999999999996,25.4,11.63,17.23,28.87,28.41,20.3,373.0,0.241,74.0,19.84,49.0,13.14,0.786,0.194,24.13,10.89,15.07,25.96,29.36,16.09,50.0,0.417,5.0,10.0,1.0,2.0,1.086,0.22900000000000004,20.18,11.06,10.58,21.63,31.37,7.46,80.0,0.206,10.0,12.5,8.0,10.0,0.73,0.22,15.33,6.89,18.36,25.25,23.33,11.36
745408,2024-06-07,2024,572233,R,681190,R,field_out,False,False,192.0,0.25,43.0,22.4,25.0,13.02,0.823,0.21899999999999997,25.71,12.3,13.04,25.34,24.94,16.1,497.0,0.259,95.0,19.11,42.0,8.45,0.8009999999999999,0.2129999999999999,26.19,12.83,14.15,26.98,26.84,15.33,97.0,0.264,16.0,16.49,4.0,4.12,0.772,0.20899999999999996,22.16,11.0,15.35,26.34,24.18,13.11,86.0,0.216,23.0,26.74,10.0,11.63,0.637,0.095,19.88,9.34,17.58,26.92,34.01,18.11
745408,2024-06-07,2024,543309,R,677944,R,home_run,False,False,32.0,0.188,13.0,40.62,0.0,0.0,0.626,0.25,27.87,14.05,23.97,38.02,36.73,32.5,192.0,0.233,53.0,27.6,12.0,6.25,0.654,0.142,28.81,14.15,17.01,31.16,30.17,24.88,79.0,0.243,18.0,22.78,4.0,5.06,0.8049999999999999,0.271,17.78,7.79,20.45,28.25,17.05,19.15,55.0,0.275,12.0,21.82,2.0,3.64,0.798,0.1959999999999999,22.83,9.91,17.92,27.83,16.35,19.05
745408,2024-06-07,2024,650333,L,677944,R,single,False,False,164.0,0.374,4.0,2.44,6.0,3.66,0.87,0.09699999999999998,6.62,3.16,19.1,22.26,33.55,2.8,479.0,0.362,17.0,3.55,31.0,6.47,0.891,0.122,6.51,3.2,16.58,19.78,31.29,4.11,91.0,0.244,11.0,12.09,5.0,5.49,0.763,0.21900000000000003,17.18,8.62,14.46,23.08,22.82,12.94,56.0,0.245,8.0,14.29,2.0,3.57,0.74,0.2269999999999999,14.55,7.77,12.14,19.9,24.21,13.79
745408,2024-06-07,2024,665487,R,677944,R,single,False,False,192.0,0.302,37.0,19.27,8.0,4.17,0.8440000000000001,0.20900000000000002,25.77,14.22,11.59,25.81,32.28,22.56,489.0,0.244,114.0,23.31,37.0,7.57,0.728,0.181,31.62,17.66,8.94,26.61,34.25,23.98,79.0,0.243,18.0,22.78,4.0,5.06,0.8049999999999999,0.271,17.78,7.79,20.45,28.25,17.05,19.15,55.0,0.275,12.0,21.82,2.0,3.64,0.798,0.1959999999999999,22.83,9.91,17.92,27.83,16.35,19.05
745408,2024-06-07,2024,595777,L,677944,R,sac_bunt,False,False,179.0,0.322,29.0,16.2,23.0,12.85,0.891,0.14799999999999996,17.47,7.97,14.29,22.25,23.12,12.84,375.0,0.229,68.0,18.13,37.0,9.87,0.6559999999999999,0.1159999999999999,21.66,10.43,14.17,24.61,26.12,14.59,91.0,0.244,11.0,12.09,5.0,5.49,0.763,0.21900000000000003,17.18,8.62,14.46,23.08,22.82,12.94,56.0,0.245,8.0,14.29,2.0,3.57,0.74,0.2269999999999999,14.55,7.77,12.14,19.9,24.21,13.79
745408,2024-06-07,2024,630105,L,573009,L,double,False,False,78.0,0.194,15.0,19.23,5.0,6.41,0.494,0.055999999999999994,16.34,7.76,15.22,22.98,21.33,14.85,156.0,0.229,38.0,24.36,10.0,6.41,0.665,0.1349999999999999,18.48,9.0,20.1,29.1,30.82,17.84,44.0,0.233,9.0,20.45,1.0,2.27,0.622,0.13899999999999998,25.97,14.08,18.31,32.39,38.71,23.68,67.0,0.185,15.0,22.39,2.0,2.99,0.44,0.046,26.02,12.75,19.52,32.27,37.1,20.0
745408,2024-06-07,2024,456781,R,573009,L,field_out,False,False,41.0,0.351,5.0,12.2,4.0,9.76,0.901,0.135,20.51,8.79,20.88,29.67,25.27,8.47,153.0,0.286,32.0,20.92,11.0,7.19,0.746,0.114,24.12,11.77,18.21,29.98,32.04,14.35,46.0,0.22,9.0,19.57,5.0,10.87,0.645,0.12100000000000002,33.72,16.48,12.5,28.98,36.17,20.45,90.0,0.277,13.0,14.44,7.0,7.78,0.875,0.265,21.12,10.49,15.43,25.93,33.13,16.25
745408,2024-06-07,2024,701538,L,573009,L,field_out,False,False,58.0,0.2,7.0,12.07,2.0,3.45,0.42400000000000004,0.0,19.44,10.34,15.27,25.62,30.85,12.73,,,,,,,,,,,,,,,44.0,0.233,9.0,20.45,1.0,2.27,0.622,0.13899999999999998,25.97,14.08,18.31,32.39,38.71,23.68,67.0,0.185,15.0,22.39,2.0,2.99,0.44,0.046,26.02,12.75,19.52,32.27,37.1,20.0
745408,2024-06-07,2024,666971,R,681190,R,field_out,False,False,175.0,0.201,32.0,18.29,9.0,5.14,0.5800000000000001,0.128,21.07,10.66,15.62,26.28,31.6,16.0,433.0,0.247,85.0,19.63,21.0,4.85,0.756,0.22,20.07,9.99,16.64,26.63,31.06,17.82,97.0,0.264,16.0,16.49,4.0,4.12,0.772,0.20899999999999996,22.16,11.0,15.35,26.34,24.18,13.11,86.0,0.216,23.0,26.74,10.0,11.63,0.637,0.095,19.88,9.34,17.58,26.92,34.01,18.11
745408,2024-06-07,2024,656976,L,681190,R,field_out,False,False,54.0,0.265,7.0,12.96,4.0,7.41,0.784,0.20399999999999996,16.46,6.99,18.28,25.27,17.05,13.95,186.0,0.196,33.0,17.74,31.0,16.67,0.681,0.1499999999999999,18.87,7.59,19.04,26.63,22.88,16.84,50.0,0.417,5.0,10.0,1.0,2.0,1.086,0.22900000000000004,20.18,11.06,10.58,21.63,31.37,7.46,80.0,0.206,10.0,12.5,8.0,10.0,0.73,0.22,15.33,6.89,18.36,25.25,23.33,11.36
745408,2024-06-07,2024,553993,R,681190,R,field_out,False,False,173.0,0.196,48.0,27.75,8.0,4.62,0.591,0.14600000000000002,30.47,14.82,15.54,30.36,28.32,22.43,537.0,0.227,161.0,29.98,48.0,8.94,0.706,0.167,32.3,14.54,16.91,31.45,23.96,22.87,97.0,0.264,16.0,16.49,4.0,4.12,0.772,0.20899999999999996,22.16,11.0,15.35,26.34,24.18,13.11,86.0,0.216,23.0,26.74,10.0,11.63,0.637,0.095,19.88,9.34,17.58,26.92,34.01,18.11
745408,2024-06-07,2024,673490,R,573009,L,field_out,False,False,73.0,0.203,10.0,13.7,8.0,10.96,0.683,0.188,14.63,6.1,21.36,27.46,17.19,11.63,191.0,0.302,30.0,15.71,20.0,10.47,0.897,0.219,15.84,6.63,22.21,28.83,23.47,11.49,46.0,0.22,9.0,19.57,5.0,10.87,0.645,0.12100000000000002,33.72,16.48,12.5,28.98,36.17,20.45,90.0,0.277,13.0,14.44,7.0,7.78,0.875,0.265,21.12,10.49,15.43,25.93,33.13,16.25
745408,2024-06-07,2024,642180,L,573009,L,strikeout,True,False,8.0,0.286,2.0,25.0,0.0,0.0,0.572,0.0,38.46,19.23,19.23,38.46,46.15,33.33,7.0,0.0,1.0,14.29,2.0,28.57,0.286,0.0,14.29,4.35,21.74,26.09,15.38,25.0,44.0,0.233,9.0,20.45,1.0,2.27,0.622,0.13899999999999998,25.97,14.08,18.31,32.39,38.71,23.68,67.0,0.185,15.0,22.39,2.0,2.99,0.44,0.046,26.02,12.75,19.52,32.27,37.1,20.0
745408,2024-06-07,2024,543309,R,656464,R,field_out,False,False,32.0,0.188,13.0,40.62,0.0,0.0,0.626,0.25,27.87,14.05,23.97,38.02,36.73,32.5,192.0,0.233,53.0,27.6,12.0,6.25,0.654,0.142,28.81,14.15,17.01,31.16,30.17,24.88,48.0,0.289,6.0,12.5,2.0,4.17,0.6890000000000001,0.067,19.32,9.24,14.67,23.91,27.78,13.33,151.0,0.185,41.0,27.15,13.0,8.61,0.5469999999999999,0.1039999999999999,30.77,14.13,15.57,29.7,28.31,21.24
745408,2024-06-07,2024,672515,R,681190,R,field_out,False,False,107.0,0.247,20.0,18.69,13.0,12.15,0.722,0.129,18.68,7.46,22.59,30.04,20.28,16.13,264.0,0.253,43.0,16.29,24.0,9.09,0.6779999999999999,0.0989999999999999,19.31,7.98,21.75,29.72,25.58,15.58,97.0,0.264,16.0,16.49,4.0,4.12,0.772,0.20899999999999996,22.16,11.0,15.35,26.34,24.18,13.11,86.0,0.216,23.0,26.74,10.0,11.63,0.637,0.095,19.88,9.34,17.58,26.92,34.01,18.11
745408,2024-06-07,2024,621028,R,681190,R,field_out,False,False,96.0,0.239,17.0,17.71,6.0,6.25,0.617,0.09100000000000003,21.43,9.85,20.0,29.85,24.1,20.0,143.0,0.234,18.0,12.59,7.0,4.9,0.571,0.0549999999999999,15.29,7.27,19.84,27.11,26.2,13.04,97.0,0.264,16.0,16.49,4.0,4.12,0.772,0.20899999999999996,22.16,11.0,15.35,26.34,24.18,13.11,86.0,0.216,23.0,26.74,10.0,11.63,0.637,0.095,19.88,9.34,17.58,26.92,34.01,18.11
745408,2024-06-07,2024,682998,L,669093,R,double,False,False,172.0,0.2,34.0,19.77,20.0,11.63,0.604,0.10699999999999998,21.23,9.52,16.28,25.81,26.29,20.48,472.0,0.286,105.0,22.25,46.0,9.75,0.921,0.266,22.34,10.24,16.27,26.51,28.83,21.92,27.0,0.08,14.0,51.85,1.0,3.7,0.23099999999999998,0.039999999999999994,38.6,20.75,14.15,34.91,37.25,40.0,22.0,0.235,4.0,18.18,5.0,22.73,0.762,0.118,19.51,9.09,13.64,22.73,23.08,12.9
745408,2024-06-07,2024,606466,L,669093,R,single,False,False,172.0,0.243,42.0,24.42,14.0,8.14,0.6699999999999999,0.125,24.68,11.9,14.22,26.12,26.61,22.53,452.0,0.259,85.0,18.81,54.0,11.95,0.827,0.2199999999999999,20.87,9.03,16.76,25.8,21.17,17.28,27.0,0.08,14.0,51.85,1.0,3.7,0.23099999999999998,0.039999999999999994,38.6,20.75,14.15,34.91,37.25,40.0,22.0,0.235,4.0,18.18,5.0,22.73,0.762,0.118,19.51,9.09,13.64,22.73,23.08,12.9
745408,2024-06-07,2024,592626,L,669093,R,walk,False,True,162.0,0.281,40.0,24.69,18.0,11.11,0.858,0.19999999999999996,25.4,11.63,17.23,28.87,28.41,20.3,373.0,0.241,74.0,19.84,49.0,13.14,0.786,0.194,24.13,10.89,15.07,25.96,29.36,16.09,27.0,0.08,14.0,51.85,1.0,3.7,0.23099999999999998,0.039999999999999994,38.6,20.75,14.15,34.91,37.25,40.0,22.0,0.235,4.0,18.18,5.0,22.73,0.762,0.118,19.51,9.09,13.64,22.73,23.08,12.9
745408,2024-06-07,2024,572233,R,669093,R,strikeout,True,False,192.0,0.25,43.0,22.4,25.0,13.02,0.823,0.21899999999999997,25.71,12.3,13.04,25.34,24.94,16.1,497.0,0.259,95.0,19.11,42.0,8.45,0.8009999999999999,0.2129999999999999,26.19,12.83,14.15,26.98,26.84,15.33,41.0,0.167,16.0,39.02,4.0,9.76,0.494,0.08299999999999999,32.5,14.94,14.37,29.31,26.44,30.77,34.0,0.308,9.0,26.47,7.0,20.59,1.21,0.461,27.4,12.99,12.34,25.32,24.05,17.65
745408,2024-06-07,2024,650333,L,656464,R,field_out,False,False,164.0,0.374,4.0,2.44,6.0,3.66,0.87,0.09699999999999998,6.62,3.16,19.1,22.26,33.55,2.8,479.0,0.362,17.0,3.55,31.0,6.47,0.891,0.122,6.51,3.2,16.58,19.78,31.29,4.11,59.0,0.255,15.0,25.42,3.0,5.08,0.724,0.181,24.37,11.93,14.81,26.75,32.31,17.28,104.0,0.176,29.0,27.88,11.0,10.58,0.5549999999999999,0.1099999999999999,31.73,15.1,13.73,28.83,30.34,19.58
745408,2024-06-07,2024,665487,R,656464,R,field_out,False,False,192.0,0.302,37.0,19.27,8.0,4.17,0.8440000000000001,0.20900000000000002,25.77,14.22,11.59,25.81,32.28,22.56,489.0,0.244,114.0,23.31,37.0,7.57,0.728,0.181,31.62,17.66,8.94,26.61,34.25,23.98,48.0,0.289,6.0,12.5,2.0,4.17,0.6890000000000001,0.067,19.32,9.24,14.67,23.91,27.78,13.33,151.0,0.185,41.0,27.15,13.0,8.61,0.5469999999999999,0.1039999999999999,30.77,14.13,15.57,29.7,28.31,21.24
745408,2024-06-07,2024,595777,L,656464,R,single,False,False,179.0,0.322,29.0,16.2,23.0,12.85,0.891,0.14799999999999996,17.47,7.97,14.29,22.25,23.12,12.84,375.0,0.229,68.0,18.13,37.0,9.87,0.6559999999999999,0.1159999999999999,21.66,10.43,14.17,24.61,26.12,14.59,59.0,0.255,15.0,25.42,3.0,5.08,0.724,0.181,24.37,11.93,14.81,26.75,32.31,17.28,104.0,0.176,29.0,27.88,11.0,10.58,0.5549999999999999,0.1099999999999999,31.73,15.1,13.73,28.83,30.34,19.58
745408,2024-06-07,2024,630105,L,656464,R,field_out,False,False,183.0,0.27,29.0,15.85,16.0,8.74,0.8460000000000001,0.23299999999999998,17.56,8.05,17.05,25.1,23.18,13.12,367.0,0.23,59.0,16.08,36.0,9.81,0.7,0.154,14.92,6.99,16.69,23.68,24.61,14.08,59.0,0.255,15.0,25.42,3.0,5.08,0.724,0.181,24.37,11.93,14.81,26.75,32.31,17.28,104.0,0.176,29.0,27.88,11.0,10.58,0.5549999999999999,0.1099999999999999,31.73,15.1,13.73,28.83,30.34,19.58
745408,2024-06-07,2024,666971,R,660853,R,field_out,False,False,175.0,0.201,32.0,18.29,9.0,5.14,0.5800000000000001,0.128,21.07,10.66,15.62,26.28,31.6,16.0,433.0,0.247,85.0,19.63,21.0,4.85,0.756,0.22,20.07,9.99,16.64,26.63,31.06,17.82,69.0,0.231,22.0,31.88,3.0,4.35,0.69,0.18399999999999997,35.48,20.15,14.65,34.8,30.7,22.0,143.0,0.171,44.0,30.77,10.0,6.99,0.516,0.093,35.46,18.12,15.04,33.15,32.74,25.88
745408,2024-06-07,2024,656976,L,660853,R,walk,False,True,54.0,0.265,7.0,12.96,4.0,7.41,0.784,0.20399999999999996,16.46,6.99,18.28,25.27,17.05,13.95,186.0,0.196,33.0,17.74,31.0,16.67,0.681,0.1499999999999999,18.87,7.59,19.04,26.63,22.88,16.84,33.0,0.25,6.0,18.18,5.0,15.15,1.0430000000000001,0.42900000000000005,28.57,12.41,15.86,28.28,23.53,14.63,119.0,0.272,18.0,15.13,15.0,12.61,0.778,0.1449999999999999,17.99,8.48,14.0,22.49,22.82,10.53
745408,2024-06-07,2024,553993,R,660853,R,field_out,False,False,173.0,0.196,48.0,27.75,8.0,4.62,0.591,0.14600000000000002,30.47,14.82,15.54,30.36,28.32,22.43,537.0,0.227,161.0,29.98,48.0,8.94,0.706,0.167,32.3,14.54,16.91,31.45,23.96,22.87,69.0,0.231,22.0,31.88,3.0,4.35,0.69,0.18399999999999997,35.48,20.15,14.65,34.8,30.7,22.0,143.0,0.171,44.0,30.77,10.0,6.99,0.516,0.093,35.46,18.12,15.04,33.15,32.74,25.88
745408,2024-06-07,2024,672515,R,660853,R,field_out,False,False,107.0,0.247,20.0,18.69,13.0,12.15,0.722,0.129,18.68,7.46,22.59,30.04,20.28,16.13,264.0,0.253,43.0,16.29,24.0,9.09,0.6779999999999999,0.0989999999999999,19.31,7.98,21.75,29.72,25.58,15.58,69.0,0.231,22.0,31.88,3.0,4.35,0.69,0.18399999999999997,35.48,20.15,14.65,34.8,30.7,22.0,143.0,0.171,44.0,30.77,10.0,6.99,0.516,0.093,35.46,18.12,15.04,33.15,32.74,25.88
745408,2024-06-07,2024,456781,R,657044,R,single,False,False,24.0,0.333,4.0,16.67,1.0,4.17,0.798,0.04799999999999999,9.52,4.0,23.0,27.0,17.5,11.43,297.0,0.28,68.0,22.9,29.0,9.76,0.766,0.1059999999999999,26.06,12.14,17.61,29.74,28.81,17.48,55.0,0.241,13.0,23.64,1.0,1.82,0.5700000000000001,0.07400000000000001,23.3,12.12,19.19,31.31,38.27,20.31,73.0,0.169,14.0,19.18,7.0,9.59,0.5980000000000001,0.169,19.13,8.09,20.96,29.04,23.62,20.9
745408,2024-06-07,2024,701538,L,657044,R,sac_bunt,False,False,153.0,0.296,23.0,15.03,9.0,5.88,0.7390000000000001,0.10500000000000004,17.06,9.24,13.77,23.01,36.13,13.29,,,,,,,,,,,,,,,45.0,0.238,7.0,15.56,2.0,4.44,0.6060000000000001,0.09500000000000003,16.46,8.72,18.79,27.52,34.25,18.92,48.0,0.209,7.0,14.58,1.0,2.08,0.579,0.093,15.85,7.43,18.29,25.71,25.64,16.28
745408,2024-06-07,2024,673490,R,657044,R,field_out,False,False,176.0,0.233,32.0,18.18,25.0,14.2,0.734,0.154,18.22,6.53,24.13,30.67,18.36,13.22,435.0,0.241,94.0,21.61,55.0,12.64,0.681,0.1,18.8,7.03,23.65,30.68,19.23,15.59,55.0,0.241,13.0,23.64,1.0,1.82,0.5700000000000001,0.07400000000000001,23.3,12.12,19.19,31.31,38.27,20.31,73.0,0.169,14.0,19.18,7.0,9.59,0.5980000000000001,0.169,19.13,8.09,20.96,29.04,23.62,20.9
745408,2024-06-07,2024,642180,L,657044,R,walk,False,True,79.0,0.221,17.0,21.52,8.0,10.13,0.562,0.028999999999999998,21.85,8.84,20.07,28.91,22.6,26.15,48.0,0.283,12.0,25.0,2.0,4.17,0.6599999999999999,0.065,24.1,10.93,22.4,33.33,28.95,20.0,45.0,0.238,7.0,15.56,2.0,4.44,0.6060000000000001,0.09500000000000003,16.46,8.72,18.79,27.52,34.25,18.92,48.0,0.209,7.0,14.58,1.0,2.08,0.579,0.093,15.85,7.43,18.29,25.71,25.64,16.28
745408,2024-06-07,2024,592518,R,657044,R,field_out,False,False,172.0,0.267,36.0,20.93,10.0,5.81,0.6699999999999999,0.09299999999999997,25.31,12.63,14.33,26.96,27.74,20.22,452.0,0.241,83.0,18.36,36.0,7.96,0.747,0.205,24.68,12.42,14.05,26.47,29.58,16.9,55.0,0.241,13.0,23.64,1.0,1.82,0.5700000000000001,0.07400000000000001,23.3,12.12,19.19,31.31,38.27,20.31,73.0,0.169,14.0,19.18,7.0,9.59,0.5980000000000001,0.169,19.13,8.09,20.96,29.04,23.62,20.9
745408,2024-06-07,2024,621028,R,670970,L,double,False,False,59.0,0.293,6.0,10.17,1.0,1.69,0.753,0.15500000000000003,9.82,5.42,15.27,20.69,34.04,10.91,110.0,0.278,16.0,14.55,10.0,9.09,0.813,0.186,14.21,6.42,19.26,25.68,27.4,13.79,62.0,0.288,14.0,22.58,3.0,4.84,0.764,0.15300000000000002,30.4,16.96,12.5,29.46,39.25,21.88,26.0,0.435,3.0,11.54,3.0,11.54,1.152,0.217,15.0,6.38,15.96,22.34,15.22,15.79
745408,2024-06-07,2024,682998,L,670970,L,field_out,False,False,92.0,0.202,18.0,19.57,5.0,5.43,0.523,0.06,20.5,9.43,19.14,28.57,31.84,18.0,174.0,0.283,20.0,11.49,11.0,6.32,0.7210000000000001,0.099,19.57,8.84,18.17,27.0,25.0,14.71,38.0,0.121,16.0,42.11,3.0,7.89,0.33599999999999997,0.031,35.14,16.77,18.06,34.84,30.0,27.59,18.0,0.267,5.0,27.78,2.0,11.11,0.753,0.133,20.0,8.82,19.12,27.94,20.0,23.81
745408,2024-06-07,2024,606466,R,670970,L,intent_walk,False,True,105.0,0.337,11.0,10.48,8.0,7.62,1.105,0.36799999999999994,20.97,11.21,10.92,22.13,33.74,12.5,199.0,0.313,24.0,12.06,17.0,8.54,0.879,0.184,19.78,9.92,12.91,22.83,31.78,12.7,62.0,0.288,14.0,22.58,3.0,4.84,0.764,0.15300000000000002,30.4,16.96,12.5,29.46,39.25,21.88,26.0,0.435,3.0,11.54,3.0,11.54,1.152,0.217,15.0,6.38,15.96,22.34,15.22,15.79
745408,2024-06-07,2024,545341,R,670970,L,strikeout,True,False,74.0,0.292,9.0,12.16,5.0,6.76,0.72,0.07700000000000001,18.9,8.99,16.1,25.09,28.15,13.43,134.0,0.328,17.0,12.69,12.0,8.96,0.995,0.2789999999999999,21.25,10.26,14.29,24.55,32.84,12.78,62.0,0.288,14.0,22.58,3.0,4.84,0.764,0.15300000000000002,30.4,16.96,12.5,29.46,39.25,21.88,26.0,0.435,3.0,11.54,3.0,11.54,1.152,0.217,15.0,6.38,15.96,22.34,15.22,15.79
745408,2024-06-07,2024,572233,R,670970,L,field_out,False,False,77.0,0.275,23.0,29.87,7.0,9.09,0.787,0.174,29.75,13.91,15.98,29.88,24.26,18.7,168.0,0.255,32.0,19.05,20.0,11.9,0.922,0.3189999999999999,27.22,12.57,12.85,25.42,24.16,14.55,62.0,0.288,14.0,22.58,3.0,4.84,0.764,0.15300000000000002,30.4,16.96,12.5,29.46,39.25,21.88,26.0,0.435,3.0,11.54,3.0,11.54,1.152,0.217,15.0,6.38,15.96,22.34,15.22,15.79
745408,2024-06-07,2024,650333,L,623149,R,field_out,False,False,164.0,0.374,4.0,2.44,6.0,3.66,0.87,0.09699999999999998,6.62,3.16,19.1,22.26,33.55,2.8,479.0,0.362,17.0,3.55,31.0,6.47,0.891,0.122,6.51,3.2,16.58,19.78,31.29,4.11,17.0,0.067,5.0,29.41,2.0,11.76,0.243,0.0,17.86,8.33,13.33,21.67,22.22,35.71,120.0,0.202,39.0,32.5,15.0,12.5,0.6779999999999999,0.173,29.17,13.65,18.13,31.77,23.77,22.29
745408,2024-06-07,2024,665487,R,623149,R,field_out,False,False,192.0,0.302,37.0,19.27,8.0,4.17,0.8440000000000001,0.20900000000000002,25.77,14.22,11.59,25.81,32.28,22.56,489.0,0.244,114.0,23.31,37.0,7.57,0.728,0.181,31.62,17.66,8.94,26.61,34.25,23.98,20.0,0.105,6.0,30.0,0.0,0.0,0.41300000000000003,0.15800000000000003,26.79,17.24,11.49,28.74,20.69,17.14,129.0,0.214,41.0,31.78,9.0,6.98,0.6060000000000001,0.119,29.35,15.31,15.5,30.81,33.61,22.65
745408,2024-06-07,2024,595777,L,623149,R,walk,False,True,179.0,0.322,29.0,16.2,23.0,12.85,0.891,0.14799999999999996,17.47,7.97,14.29,22.25,23.12,12.84,375.0,0.229,68.0,18.13,37.0,9.87,0.6559999999999999,0.1159999999999999,21.66,10.43,14.17,24.61,26.12,14.59,17.0,0.067,5.0,29.41,2.0,11.76,0.243,0.0,17.86,8.33,13.33,21.67,22.22,35.71,120.0,0.202,39.0,32.5,15.0,12.5,0.6779999999999999,0.173,29.17,13.65,18.13,31.77,23.77,22.29
745408,2024-06-07,2024,630105,L,623149,R,strikeout,True,False,183.0,0.27,29.0,15.85,16.0,8.74,0.8460000000000001,0.23299999999999998,17.56,8.05,17.05,25.1,23.18,13.12,367.0,0.23,59.0,16.08,36.0,9.81,0.7,0.154,14.92,6.99,16.69,23.68,24.61,14.08,17.0,0.067,5.0,29.41,2.0,11.76,0.243,0.0,17.86,8.33,13.33,21.67,22.22,35.71,120.0,0.202,39.0,32.5,15.0,12.5,0.6779999999999999,0.173,29.17,13.65,18.13,31.77,23.77,22.29
745169,2024-06-07,2024,453568,L,458681,R,strikeout,True,False,163.0,0.23,22.0,13.5,12.0,7.36,0.661,0.13499999999999998,18.94,9.42,16.69,26.12,36.3,13.1,309.0,0.272,48.0,15.53,26.0,8.41,0.7909999999999999,0.1689999999999999,21.84,10.67,16.05,26.72,30.66,16.11,155.0,0.261,28.0,18.06,15.0,9.68,0.763,0.16699999999999998,23.02,10.46,14.24,24.7,23.46,18.3,401.0,0.29,80.0,19.95,39.0,9.73,0.909,0.259,26.41,12.9,13.22,26.12,27.13,16.13
745169,2024-06-07,2024,678662,R,458681,R,field_out,False,False,197.0,0.297,57.0,28.93,6.0,3.05,0.802,0.179,34.71,21.86,9.97,31.83,46.88,23.17,438.0,0.256,109.0,24.89,17.0,3.88,0.69,0.143,29.47,17.51,10.44,27.95,41.11,20.49,114.0,0.21,29.0,25.44,10.0,8.77,0.622,0.12000000000000002,26.05,12.81,13.43,26.24,29.39,18.24,407.0,0.23,111.0,27.27,28.0,6.88,0.719,0.1919999999999999,30.85,15.73,13.93,29.66,29.38,20.64
745169,2024-06-07,2024,641857,L,458681,R,strikeout,True,False,181.0,0.252,47.0,25.97,21.0,11.6,0.75,0.16099999999999998,25.21,11.62,16.22,27.84,26.83,17.87,449.0,0.26,141.0,31.4,52.0,11.58,0.826,0.2209999999999999,31.26,14.84,14.94,29.79,25.26,20.41,155.0,0.261,28.0,18.06,15.0,9.68,0.763,0.16699999999999998,23.02,10.46,14.24,24.7,23.46,18.3,401.0,0.29,80.0,19.95,39.0,9.73,0.909,0.259,26.41,12.9,13.22,26.12,27.13,16.13
745169,2024-06-07,2024,691026,R,596295,L,double,False,False,70.0,0.262,15.0,21.43,5.0,7.14,0.806,0.22999999999999998,15.83,7.51,18.43,25.94,32.37,18.52,37.0,0.2,7.0,18.92,1.0,2.7,0.445,0.0289999999999999,21.54,10.0,20.0,30.0,25.4,18.92,202.0,0.23,33.0,16.34,19.0,9.41,0.679,0.147,21.74,9.86,18.66,28.52,22.55,15.42,477.0,0.278,72.0,15.09,33.0,6.92,0.8089999999999999,0.1979999999999999,18.82,8.97,15.75,24.71,24.01,15.86
745169,2024-06-07,2024,676475,L,596295,L,single,False,False,51.0,0.188,5.0,9.8,2.0,3.92,0.532,0.124,20.19,11.48,10.38,21.86,32.95,10.42,29.0,0.259,6.0,20.69,2.0,6.9,0.606,0.0369999999999999,18.18,9.62,19.23,28.85,41.82,19.35,50.0,0.229,10.0,20.0,1.0,2.0,0.782,0.31300000000000006,20.59,9.95,18.96,28.91,27.84,13.51,127.0,0.372,15.0,11.81,10.0,7.87,1.074,0.283,20.3,9.37,18.74,28.1,25.25,15.0
745169,2024-06-07,2024,502671,R,596295,L,single,False,False,66.0,0.25,12.0,18.18,7.0,10.61,0.701,0.10699999999999998,22.5,9.47,19.3,28.77,24.65,12.12,170.0,0.295,41.0,24.12,20.0,11.76,0.8260000000000001,0.155,26.26,11.0,20.45,31.45,28.73,20.4,202.0,0.23,33.0,16.34,19.0,9.41,0.679,0.147,21.74,9.86,18.66,28.52,22.55,15.42,477.0,0.278,72.0,15.09,33.0,6.92,0.8089999999999999,0.1979999999999999,18.82,8.97,15.75,24.71,24.01,15.86
745169,2024-06-07,2024,571448,R,596295,L,sac_fly,False,False,52.0,0.196,4.0,7.69,1.0,1.92,0.526,0.118,19.77,9.44,18.33,27.78,31.33,10.81,146.0,0.22,20.0,13.7,10.0,6.85,0.662,0.166,19.62,9.73,14.31,24.05,36.88,13.25,202.0,0.23,33.0,16.34,19.0,9.41,0.679,0.147,21.74,9.86,18.66,28.52,22.55,15.42,477.0,0.278,72.0,15.09,33.0,6.92,0.8089999999999999,0.1979999999999999,18.82,8.97,15.75,24.71,24.01,15.86
745169,2024-06-07,2024,669357,L,596295,L,single,False,False,63.0,0.218,20.0,31.75,7.0,11.11,0.7789999999999999,0.255,33.64,15.35,17.43,32.78,30.33,25.32,86.0,0.26,24.0,27.91,11.0,12.79,0.839,0.2189999999999999,33.77,15.79,17.34,33.13,24.68,27.59,50.0,0.229,10.0,20.0,1.0,2.0,0.782,0.31300000000000006,20.59,9.95,18.96,28.91,27.84,13.51,127.0,0.372,15.0,11.81,10.0,7.87,1.074,0.283,20.3,9.37,18.74,28.1,25.25,15.0
745169,2024-06-07,2024,671056,R,596295,L,strikeout,True,False,49.0,0.233,8.0,16.33,4.0,8.16,0.632,0.093,27.27,12.63,16.32,28.95,16.85,14.29,8.0,0.286,1.0,12.5,1.0,12.5,0.661,0.0,6.67,2.94,11.76,14.71,16.67,20.0,202.0,0.23,33.0,16.34,19.0,9.41,0.679,0.147,21.74,9.86,18.66,28.52,22.55,15.42,477.0,0.278,72.0,15.09,33.0,6.92,0.8089999999999999,0.1979999999999999,18.82,8.97,15.75,24.71,24.01,15.86
745169,2024-06-07,2024,665877,R,596295,L,field_out,False,False,18.0,0.176,2.0,11.11,1.0,5.56,0.398,0.0,8.33,3.85,17.95,21.79,27.27,7.69,19.0,0.176,2.0,10.53,2.0,10.53,0.439,0.0,7.41,3.08,23.08,26.15,30.0,13.33,202.0,0.23,33.0,16.34,19.0,9.41,0.679,0.147,21.74,9.86,18.66,28.52,22.55,15.42,477.0,0.278,72.0,15.09,33.0,6.92,0.8089999999999999,0.1979999999999999,18.82,8.97,15.75,24.71,24.01,15.86
745169,2024-06-07,2024,553869,R,458681,R,field_out,False,False,146.0,0.308,28.0,19.18,9.0,6.16,0.8220000000000001,0.15100000000000002,29.18,15.95,12.26,28.21,34.24,18.92,383.0,0.298,92.0,24.02,23.0,6.01,0.777,0.14,29.34,15.86,11.31,27.17,35.61,20.22,114.0,0.21,29.0,25.44,10.0,8.77,0.622,0.12000000000000002,26.05,12.81,13.43,26.24,29.39,18.24,407.0,0.23,111.0,27.27,28.0,6.88,0.719,0.1919999999999999,30.85,15.73,13.93,29.66,29.38,20.64
745169,2024-06-07,2024,663898,R,458681,R,single,False,False,177.0,0.251,45.0,25.42,9.0,5.08,0.629,0.09000000000000002,25.14,12.45,16.02,28.47,25.69,19.31,138.0,0.269,33.0,23.91,5.0,3.62,0.709,0.1389999999999999,27.31,13.83,17.45,31.28,33.92,25.0,114.0,0.21,29.0,25.44,10.0,8.77,0.622,0.12000000000000002,26.05,12.81,13.43,26.24,29.39,18.24,407.0,0.23,111.0,27.27,28.0,6.88,0.719,0.1919999999999999,30.85,15.73,13.93,29.66,29.38,20.64
745169,2024-06-07,2024,686668,R,458681,R,single,False,False,185.0,0.265,54.0,29.19,18.0,9.73,0.767,0.16099999999999998,32.0,15.76,15.76,31.52,28.02,27.98,299.0,0.207,98.0,32.78,17.0,5.69,0.597,0.131,34.17,17.56,14.33,31.89,31.96,31.51,114.0,0.21,29.0,25.44,10.0,8.77,0.622,0.12000000000000002,26.05,12.81,13.43,26.24,29.39,18.24,407.0,0.23,111.0,27.27,28.0,6.88,0.719,0.1919999999999999,30.85,15.73,13.93,29.66,29.38,20.64
745169,2024-06-07,2024,660707,R,458681,R,field_out,False,False,147.0,0.218,32.0,21.77,12.0,8.16,0.619,0.12000000000000002,29.07,15.7,13.08,28.79,36.62,21.19,196.0,0.249,69.0,35.2,12.0,6.12,0.729,0.1689999999999999,41.45,21.48,15.97,37.45,41.94,28.28,114.0,0.21,29.0,25.44,10.0,8.77,0.622,0.12000000000000002,26.05,12.81,13.43,26.24,29.39,18.24,407.0,0.23,111.0,27.27,28.0,6.88,0.719,0.1919999999999999,30.85,15.73,13.93,29.66,29.38,20.64
745169,2024-06-07,2024,595909,L,458681,R,walk,False,True,89.0,0.262,24.0,26.97,8.0,8.99,0.664,0.07600000000000001,21.54,11.08,14.51,25.59,32.8,18.46,171.0,0.226,44.0,25.73,12.0,7.02,0.663,0.155,26.67,12.9,15.25,28.15,29.13,19.91,155.0,0.261,28.0,18.06,15.0,9.68,0.763,0.16699999999999998,23.02,10.46,14.24,24.7,23.46,18.3,401.0,0.29,80.0,19.95,39.0,9.73,0.909,0.259,26.41,12.9,13.22,26.12,27.13,16.13
745169,2024-06-07,2024,669911,L,458681,R,strikeout,True,False,37.0,0.111,15.0,40.54,0.0,0.0,0.41300000000000003,0.16700000000000004,31.82,15.91,15.34,31.25,33.33,22.39,104.0,0.189,29.0,27.88,8.0,7.69,0.628,0.179,34.34,17.26,14.21,31.47,29.0,25.0,155.0,0.261,28.0,18.06,15.0,9.68,0.763,0.16699999999999998,23.02,10.46,14.24,24.7,23.46,18.3,401.0,0.29,80.0,19.95,39.0,9.73,0.909,0.259,26.41,12.9,13.22,26.12,27.13,16.13
745169,2024-06-07,2024,680977,L,596295,L,field_out,False,False,72.0,0.281,5.0,6.94,3.0,4.17,0.7390000000000001,0.125,12.04,4.94,20.91,25.86,18.97,7.94,63.0,0.236,10.0,15.87,6.0,9.52,0.569,0.0,14.29,6.33,19.83,26.16,24.58,15.87,50.0,0.229,10.0,20.0,1.0,2.0,0.782,0.31300000000000006,20.59,9.95,18.96,28.91,27.84,13.51,127.0,0.372,15.0,11.81,10.0,7.87,1.074,0.283,20.3,9.37,18.74,28.1,25.25,15.0
745169,2024-06-07,2024,666185,R,596295,L,field_out,False,False,33.0,0.172,7.0,21.21,4.0,12.12,0.445,0.0,32.81,16.94,12.1,29.03,33.33,22.58,86.0,0.268,12.0,13.95,12.0,13.95,0.77,0.126,22.46,10.88,12.44,23.32,23.98,9.3,202.0,0.23,33.0,16.34,19.0,9.41,0.679,0.147,21.74,9.86,18.66,28.52,22.55,15.42,477.0,0.278,72.0,15.09,33.0,6.92,0.8089999999999999,0.1979999999999999,18.82,8.97,15.75,24.71,24.01,15.86
745169,2024-06-07,2024,691026,R,596295,L,walk,False,True,70.0,0.262,15.0,21.43,5.0,7.14,0.806,0.22999999999999998,15.83,7.51,18.43,25.94,32.37,18.52,37.0,0.2,7.0,18.92,1.0,2.7,0.445,0.0289999999999999,21.54,10.0,20.0,30.0,25.4,18.92,202.0,0.23,33.0,16.34,19.0,9.41,0.679,0.147,21.74,9.86,18.66,28.52,22.55,15.42,477.0,0.278,72.0,15.09,33.0,6.92,0.8089999999999999,0.1979999999999999,18.82,8.97,15.75,24.71,24.01,15.86
745169,2024-06-07,2024,676475,L,596295,L,single,False,False,51.0,0.188,5.0,9.8,2.0,3.92,0.532,0.124,20.19,11.48,10.38,21.86,32.95,10.42,29.0,0.259,6.0,20.69,2.0,6.9,0.606,0.0369999999999999,18.18,9.62,19.23,28.85,41.82,19.35,50.0,0.229,10.0,20.0,1.0,2.0,0.782,0.31300000000000006,20.59,9.95,18.96,28.91,27.84,13.51,127.0,0.372,15.0,11.81,10.0,7.87,1.074,0.283,20.3,9.37,18.74,28.1,25.25,15.0
745169,2024-06-07,2024,502671,R,596295,L,single,False,False,66.0,0.25,12.0,18.18,7.0,10.61,0.701,0.10699999999999998,22.5,9.47,19.3,28.77,24.65,12.12,170.0,0.295,41.0,24.12,20.0,11.76,0.8260000000000001,0.155,26.26,11.0,20.45,31.45,28.73,20.4,202.0,0.23,33.0,16.34,19.0,9.41,0.679,0.147,21.74,9.86,18.66,28.52,22.55,15.42,477.0,0.278,72.0,15.09,33.0,6.92,0.8089999999999999,0.1979999999999999,18.82,8.97,15.75,24.71,24.01,15.86
745169,2024-06-07,2024,571448,R,596295,L,field_out,False,False,52.0,0.196,4.0,7.69,1.0,1.92,0.526,0.118,19.77,9.44,18.33,27.78,31.33,10.81,146.0,0.22,20.0,13.7,10.0,6.85,0.662,0.166,19.62,9.73,14.31,24.05,36.88,13.25,202.0,0.23,33.0,16.34,19.0,9.41,0.679,0.147,21.74,9.86,18.66,28.52,22.55,15.42,477.0,0.278,72.0,15.09,33.0,6.92,0.8089999999999999,0.1979999999999999,18.82,8.97,15.75,24.71,24.01,15.86
745169,2024-06-07,2024,453568,L,458681,R,strikeout,True,False,163.0,0.23,22.0,13.5,12.0,7.36,0.661,0.13499999999999998,18.94,9.42,16.69,26.12,36.3,13.1,309.0,0.272,48.0,15.53,26.0,8.41,0.7909999999999999,0.1689999999999999,21.84,10.67,16.05,26.72,30.66,16.11,155.0,0.261,28.0,18.06,15.0,9.68,0.763,0.16699999999999998,23.02,10.46,14.24,24.7,23.46,18.3,401.0,0.29,80.0,19.95,39.0,9.73,0.909,0.259,26.41,12.9,13.22,26.12,27.13,16.13
745169,2024-06-07,2024,678662,R,458681,R,strikeout,True,False,197.0,0.297,57.0,28.93,6.0,3.05,0.802,0.179,34.71,21.86,9.97,31.83,46.88,23.17,438.0,0.256,109.0,24.89,17.0,3.88,0.69,0.143,29.47,17.51,10.44,27.95,41.11,20.49,114.0,0.21,29.0,25.44,10.0,8.77,0.622,0.12000000000000002,26.05,12.81,13.43,26.24,29.39,18.24,407.0,0.23,111.0,27.27,28.0,6.88,0.719,0.1919999999999999,30.85,15.73,13.93,29.66,29.38,20.64
745169,2024-06-07,2024,641857,L,458681,R,strikeout,True,False,181.0,0.252,47.0,25.97,21.0,11.6,0.75,0.16099999999999998,25.21,11.62,16.22,27.84,26.83,17.87,449.0,0.26,141.0,31.4,52.0,11.58,0.826,0.2209999999999999,31.26,14.84,14.94,29.79,25.26,20.41,155.0,0.261,28.0,18.06,15.0,9.68,0.763,0.16699999999999998,23.02,10.46,14.24,24.7,23.46,18.3,401.0,0.29,80.0,19.95,39.0,9.73,0.909,0.259,26.41,12.9,13.22,26.12,27.13,16.13
745169,2024-06-07,2024,669357,L,596295,L,field_out,False,False,63.0,0.218,20.0,31.75,7.0,11.11,0.7789999999999999,0.255,33.64,15.35,17.43,32.78,30.33,25.32,86.0,0.26,24.0,27.91,11.0,12.79,0.839,0.2189999999999999,33.77,15.79,17.34,33.13,24.68,27.59,50.0,0.229,10.0,20.0,1.0,2.0,0.782,0.31300000000000006,20.59,9.95,18.96,28.91,27.84,13.51,127.0,0.372,15.0,11.81,10.0,7.87,1.074,0.283,20.3,9.37,18.74,28.1,25.25,15.0
745169,2024-06-07,2024,671056,R,596295,L,strikeout,True,False,49.0,0.233,8.0,16.33,4.0,8.16,0.632,0.093,27.27,12.63,16.32,28.95,16.85,14.29,8.0,0.286,1.0,12.5,1.0,12.5,0.661,0.0,6.67,2.94,11.76,14.71,16.67,20.0,202.0,0.23,33.0,16.34,19.0,9.41,0.679,0.147,21.74,9.86,18.66,28.52,22.55,15.42,477.0,0.278,72.0,15.09,33.0,6.92,0.8089999999999999,0.1979999999999999,18.82,8.97,15.75,24.71,24.01,15.86
745169,2024-06-07,2024,665877,R,596295,L,strikeout,True,False,18.0,0.176,2.0,11.11,1.0,5.56,0.398,0.0,8.33,3.85,17.95,21.79,27.27,7.69,19.0,0.176,2.0,10.53,2.0,10.53,0.439,0.0,7.41,3.08,23.08,26.15,30.0,13.33,202.0,0.23,33.0,16.34,19.0,9.41,0.679,0.147,21.74,9.86,18.66,28.52,22.55,15.42,477.0,0.278,72.0,15.09,33.0,6.92,0.8089999999999999,0.1979999999999999,18.82,8.97,15.75,24.71,24.01,15.86
745169,2024-06-07,2024,553869,R,458681,R,single,False,False,146.0,0.308,28.0,19.18,9.0,6.16,0.8220000000000001,0.15100000000000002,29.18,15.95,12.26,28.21,34.24,18.92,383.0,0.298,92.0,24.02,23.0,6.01,0.777,0.14,29.34,15.86,11.31,27.17,35.61,20.22,114.0,0.21,29.0,25.44,10.0,8.77,0.622,0.12000000000000002,26.05,12.81,13.43,26.24,29.39,18.24,407.0,0.23,111.0,27.27,28.0,6.88,0.719,0.1919999999999999,30.85,15.73,13.93,29.66,29.38,20.64
745169,2024-06-07,2024,663898,R,458681,R,force_out,False,False,177.0,0.251,45.0,25.42,9.0,5.08,0.629,0.09000000000000002,25.14,12.45,16.02,28.47,25.69,19.31,138.0,0.269,33.0,23.91,5.0,3.62,0.709,0.1389999999999999,27.31,13.83,17.45,31.28,33.92,25.0,114.0,0.21,29.0,25.44,10.0,8.77,0.622,0.12000000000000002,26.05,12.81,13.43,26.24,29.39,18.24,407.0,0.23,111.0,27.27,28.0,6.88,0.719,0.1919999999999999,30.85,15.73,13.93,29.66,29.38,20.64
745169,2024-06-07,2024,686668,R,458681,R,single,False,False,185.0,0.265,54.0,29.19,18.0,9.73,0.767,0.16099999999999998,32.0,15.76,15.76,31.52,28.02,27.98,299.0,0.207,98.0,32.78,17.0,5.69,0.597,0.131,34.17,17.56,14.33,31.89,31.96,31.51,114.0,0.21,29.0,25.44,10.0,8.77,0.622,0.12000000000000002,26.05,12.81,13.43,26.24,29.39,18.24,407.0,0.23,111.0,27.27,28.0,6.88,0.719,0.1919999999999999,30.85,15.73,13.93,29.66,29.38,20.64
745169,2024-06-07,2024,660707,R,458681,R,field_out,False,False,147.0,0.218,32.0,21.77,12.0,8.16,0.619,0.12000000000000002,29.07,15.7,13.08,28.79,36.62,21.19,196.0,0.249,69.0,35.2,12.0,6.12,0.729,0.1689999999999999,41.45,21.48,15.97,37.45,41.94,28.28,114.0,0.21,29.0,25.44,10.0,8.77,0.622,0.12000000000000002,26.05,12.81,13.43,26.24,29.39,18.24,407.0,0.23,111.0,27.27,28.0,6.88,0.719,0.1919999999999999,30.85,15.73,13.93,29.66,29.38,20.64
745169,2024-06-07,2024,595909,L,458681,R,walk,False,True,89.0,0.262,24.0,26.97,8.0,8.99,0.664,0.07600000000000001,21.54,11.08,14.51,25.59,32.8,18.46,171.0,0.226,44.0,25.73,12.0,7.02,0.663,0.155,26.67,12.9,15.25,28.15,29.13,19.91,155.0,0.261,28.0,18.06,15.0,9.68,0.763,0.16699999999999998,23.02,10.46,14.24,24.7,23.46,18.3,401.0,0.29,80.0,19.95,39.0,9.73,0.909,0.259,26.41,12.9,13.22,26.12,27.13,16.13
745169,2024-06-07,2024,669911,L,458681,R,triple,False,False,37.0,0.111,15.0,40.54,0.0,0.0,0.41300000000000003,0.16700000000000004,31.82,15.91,15.34,31.25,33.33,22.39,104.0,0.189,29.0,27.88,8.0,7.69,0.628,0.179,34.34,17.26,14.21,31.47,29.0,25.0,155.0,0.261,28.0,18.06,15.0,9.68,0.763,0.16699999999999998,23.02,10.46,14.24,24.7,23.46,18.3,401.0,0.29,80.0,19.95,39.0,9.73,0.909,0.259,26.41,12.9,13.22,26.12,27.13,16.13
745169,2024-06-07,2024,453568,L,458681,R,single,False,False,163.0,0.23,22.0,13.5,12.0,7.36,0.661,0.13499999999999998,18.94,9.42,16.69,26.12,36.3,13.1,309.0,0.272,48.0,15.53,26.0,8.41,0.7909999999999999,0.1689999999999999,21.84,10.67,16.05,26.72,30.66,16.11,155.0,0.261,28.0,18.06,15.0,9.68,0.763,0.16699999999999998,23.02,10.46,14.24,24.7,23.46,18.3,401.0,0.29,80.0,19.95,39.0,9.73,0.909,0.259,26.41,12.9,13.22,26.12,27.13,16.13
745169,2024-06-07,2024,678662,R,458681,R,field_out,False,False,197.0,0.297,57.0,28.93,6.0,3.05,0.802,0.179,34.71,21.86,9.97,31.83,46.88,23.17,438.0,0.256,109.0,24.89,17.0,3.88,0.69,0.143,29.47,17.51,10.44,27.95,41.11,20.49,114.0,0.21,29.0,25.44,10.0,8.77,0.622,0.12000000000000002,26.05,12.81,13.43,26.24,29.39,18.24,407.0,0.23,111.0,27.27,28.0,6.88,0.719,0.1919999999999999,30.85,15.73,13.93,29.66,29.38,20.64
745169,2024-06-07,2024,680977,L,596295,L,field_out,False,False,72.0,0.281,5.0,6.94,3.0,4.17,0.7390000000000001,0.125,12.04,4.94,20.91,25.86,18.97,7.94,63.0,0.236,10.0,15.87,6.0,9.52,0.569,0.0,14.29,6.33,19.83,26.16,24.58,15.87,50.0,0.229,10.0,20.0,1.0,2.0,0.782,0.31300000000000006,20.59,9.95,18.96,28.91,27.84,13.51,127.0,0.372,15.0,11.81,10.0,7.87,1.074,0.283,20.3,9.37,18.74,28.1,25.25,15.0
745169,2024-06-07,2024,666185,R,596295,L,field_out,False,False,33.0,0.172,7.0,21.21,4.0,12.12,0.445,0.0,32.81,16.94,12.1,29.03,33.33,22.58,86.0,0.268,12.0,13.95,12.0,13.95,0.77,0.126,22.46,10.88,12.44,23.32,23.98,9.3,202.0,0.23,33.0,16.34,19.0,9.41,0.679,0.147,21.74,9.86,18.66,28.52,22.55,15.42,477.0,0.278,72.0,15.09,33.0,6.92,0.8089999999999999,0.1979999999999999,18.82,8.97,15.75,24.71,24.01,15.86
745169,2024-06-07,2024,691026,R,596295,L,field_out,False,False,70.0,0.262,15.0,21.43,5.0,7.14,0.806,0.22999999999999998,15.83,7.51,18.43,25.94,32.37,18.52,37.0,0.2,7.0,18.92,1.0,2.7,0.445,0.0289999999999999,21.54,10.0,20.0,30.0,25.4,18.92,202.0,0.23,33.0,16.34,19.0,9.41,0.679,0.147,21.74,9.86,18.66,28.52,22.55,15.42,477.0,0.278,72.0,15.09,33.0,6.92,0.8089999999999999,0.1979999999999999,18.82,8.97,15.75,24.71,24.01,15.86
745169,2024-06-07,2024,641857,L,681517,R,double,False,False,181.0,0.252,47.0,25.97,21.0,11.6,0.75,0.16099999999999998,25.21,11.62,16.22,27.84,26.83,17.87,449.0,0.26,141.0,31.4,52.0,11.58,0.826,0.2209999999999999,31.26,14.84,14.94,29.79,25.26,20.41,29.0,0.269,6.0,20.69,3.0,10.34,0.691,0.07699999999999996,23.64,10.66,18.03,28.69,26.56,16.22,2.0,1.0,0.0,0.0,1.0,50.0,3.0,1.0,0.0,0.0,12.5,12.5,0.0,
745169,2024-06-07,2024,553869,R,681517,R,field_out,False,False,146.0,0.308,28.0,19.18,9.0,6.16,0.8220000000000001,0.15100000000000002,29.18,15.95,12.26,28.21,34.24,18.92,383.0,0.298,92.0,24.02,23.0,6.01,0.777,0.14,29.34,15.86,11.31,27.17,35.61,20.22,43.0,0.2,5.0,11.63,2.0,4.65,0.483,0.04999999999999999,21.95,11.69,9.74,21.43,30.14,12.82,13.0,0.375,2.0,15.38,4.0,30.77,1.615,0.625,35.29,12.0,18.0,30.0,7.41,25.0
745169,2024-06-07,2024,676701,R,681517,R,single,False,False,23.0,0.087,5.0,21.74,0.0,0.0,0.174,0.0,23.08,13.48,14.61,28.09,34.09,13.51,122.0,0.257,24.0,19.67,7.0,5.74,0.6950000000000001,0.132,20.9,11.11,14.38,25.49,35.06,16.55,43.0,0.2,5.0,11.63,2.0,4.65,0.483,0.04999999999999999,21.95,11.69,9.74,21.43,30.14,12.82,13.0,0.375,2.0,15.38,4.0,30.77,1.615,0.625,35.29,12.0,18.0,30.0,7.41,25.0
745169,2024-06-07,2024,686668,R,681517,R,field_out,False,False,185.0,0.265,54.0,29.19,18.0,9.73,0.767,0.16099999999999998,32.0,15.76,15.76,31.52,28.02,27.98,299.0,0.207,98.0,32.78,17.0,5.69,0.597,0.131,34.17,17.56,14.33,31.89,31.96,31.51,43.0,0.2,5.0,11.63,2.0,4.65,0.483,0.04999999999999999,21.95,11.69,9.74,21.43,30.14,12.82,13.0,0.375,2.0,15.38,4.0,30.77,1.615,0.625,35.29,12.0,18.0,30.0,7.41,25.0
745169,2024-06-07,2024,660707,R,681517,R,strikeout,True,False,147.0,0.218,32.0,21.77,12.0,8.16,0.619,0.12000000000000002,29.07,15.7,13.08,28.79,36.62,21.19,196.0,0.249,69.0,35.2,12.0,6.12,0.729,0.1689999999999999,41.45,21.48,15.97,37.45,41.94,28.28,43.0,0.2,5.0,11.63,2.0,4.65,0.483,0.04999999999999999,21.95,11.69,9.74,21.43,30.14,12.82,13.0,0.375,2.0,15.38,4.0,30.77,1.615,0.625,35.29,12.0,18.0,30.0,7.41,25.0
745169,2024-06-07,2024,676475,L,596295,L,strikeout,True,False,51.0,0.188,5.0,9.8,2.0,3.92,0.532,0.124,20.19,11.48,10.38,21.86,32.95,10.42,29.0,0.259,6.0,20.69,2.0,6.9,0.606,0.0369999999999999,18.18,9.62,19.23,28.85,41.82,19.35,50.0,0.229,10.0,20.0,1.0,2.0,0.782,0.31300000000000006,20.59,9.95,18.96,28.91,27.84,13.51,127.0,0.372,15.0,11.81,10.0,7.87,1.074,0.283,20.3,9.37,18.74,28.1,25.25,15.0
745169,2024-06-07,2024,502671,R,596295,L,field_out,False,False,66.0,0.25,12.0,18.18,7.0,10.61,0.701,0.10699999999999998,22.5,9.47,19.3,28.77,24.65,12.12,170.0,0.295,41.0,24.12,20.0,11.76,0.8260000000000001,0.155,26.26,11.0,20.45,31.45,28.73,20.4,202.0,0.23,33.0,16.34,19.0,9.41,0.679,0.147,21.74,9.86,18.66,28.52,22.55,15.42,477.0,0.278,72.0,15.09,33.0,6.92,0.8089999999999999,0.1979999999999999,18.82,8.97,15.75,24.71,24.01,15.86
745169,2024-06-07,2024,571448,R,596295,L,field_out,False,False,52.0,0.196,4.0,7.69,1.0,1.92,0.526,0.118,19.77,9.44,18.33,27.78,31.33,10.81,146.0,0.22,20.0,13.7,10.0,6.85,0.662,0.166,19.62,9.73,14.31,24.05,36.88,13.25,202.0,0.23,33.0,16.34,19.0,9.41,0.679,0.147,21.74,9.86,18.66,28.52,22.55,15.42,477.0,0.278,72.0,15.09,33.0,6.92,0.8089999999999999,0.1979999999999999,18.82,8.97,15.75,24.71,24.01,15.86
745169,2024-06-07,2024,595909,L,667463,L,strikeout,True,False,7.0,0.0,4.0,57.14,0.0,0.0,0.0,0.0,41.67,23.81,14.29,38.1,50.0,80.0,33.0,0.138,11.0,33.33,3.0,9.09,0.391,0.0339999999999999,28.79,14.39,18.94,33.33,34.48,22.92,37.0,0.229,5.0,13.51,1.0,2.7,0.6990000000000001,0.19999999999999998,21.67,10.48,17.74,28.23,29.31,18.52,53.0,0.347,8.0,15.09,3.0,5.66,0.7929999999999999,0.061,23.08,11.6,17.68,29.28,28.75,17.39
745169,2024-06-07,2024,669911,R,667463,L,single,False,False,15.0,0.143,5.0,33.33,1.0,6.67,0.7709999999999999,0.42799999999999994,25.0,12.0,20.0,32.0,21.74,38.46,48.0,0.109,21.0,43.75,2.0,4.17,0.255,0.0,48.35,23.53,13.9,37.43,32.11,36.21,39.0,0.171,8.0,20.51,1.0,2.56,0.384,0.028999999999999998,15.62,7.87,19.69,27.56,37.7,29.63,104.0,0.292,12.0,11.54,7.0,6.73,0.722,0.093,20.71,10.06,15.8,25.86,32.8,16.44
745169,2024-06-07,2024,453568,L,667463,L,single,False,False,42.0,0.297,1.0,2.38,5.0,11.9,0.786,0.10800000000000004,6.25,2.86,16.43,19.29,24.64,4.0,105.0,0.299,7.0,6.67,13.0,12.38,0.845,0.138,12.2,5.18,18.91,24.09,22.96,7.95,37.0,0.229,5.0,13.51,1.0,2.7,0.6990000000000001,0.19999999999999998,21.67,10.48,17.74,28.23,29.31,18.52,53.0,0.347,8.0,15.09,3.0,5.66,0.7929999999999999,0.061,23.08,11.6,17.68,29.28,28.75,17.39
745169,2024-06-07,2024,678662,R,667463,L,strikeout,True,False,77.0,0.268,23.0,29.87,5.0,6.49,0.749,0.16899999999999998,36.11,22.03,9.15,31.19,38.03,24.73,177.0,0.246,57.0,32.2,8.0,4.52,0.708,0.185,35.75,21.54,12.35,33.89,44.38,25.56,39.0,0.171,8.0,20.51,1.0,2.56,0.384,0.028999999999999998,15.62,7.87,19.69,27.56,37.7,29.63,104.0,0.292,12.0,11.54,7.0,6.73,0.722,0.093,20.71,10.06,15.8,25.86,32.8,16.44
745169,2024-06-07,2024,641857,L,667463,L,strikeout,True,False,84.0,0.319,24.0,28.57,10.0,11.9,0.938,0.20900000000000002,29.01,13.06,16.94,30.0,26.4,21.62,178.0,0.191,57.0,32.02,16.0,8.99,0.573,0.118,35.23,16.38,16.64,33.03,25.79,24.15,37.0,0.229,5.0,13.51,1.0,2.7,0.6990000000000001,0.19999999999999998,21.67,10.48,17.74,28.23,29.31,18.52,53.0,0.347,8.0,15.09,3.0,5.66,0.7929999999999999,0.061,23.08,11.6,17.68,29.28,28.75,17.39
745169,2024-06-07,2024,669357,L,683627,R,field_out,False,False,154.0,0.235,54.0,35.06,17.0,11.04,0.8200000000000001,0.265,40.06,19.78,14.24,34.02,30.43,26.21,378.0,0.231,124.0,32.8,42.0,11.11,0.7969999999999999,0.2459999999999999,35.96,17.73,12.12,29.85,28.13,25.15,43.0,0.25,6.0,13.95,9.0,20.93,0.749,0.09399999999999997,16.67,6.35,19.05,25.4,16.13,11.11,,,,,,,,,,,,,,
745169,2024-06-07,2024,671056,R,683627,R,single,False,False,114.0,0.272,26.0,22.81,9.0,7.89,0.702,0.09699999999999998,24.1,10.28,19.91,30.2,28.95,18.98,36.0,0.3,10.0,27.78,4.0,11.11,0.784,0.067,28.57,12.05,14.46,26.51,27.08,17.31,52.0,0.396,3.0,5.77,2.0,3.85,0.9850000000000001,0.16600000000000004,10.11,4.95,14.84,19.78,22.22,6.98,,,,,,,,,,,,,,
745169,2024-06-07,2024,572761,L,683627,R,strikeout,True,False,52.0,0.196,14.0,26.92,5.0,9.62,0.558,0.08699999999999997,29.67,12.62,18.69,31.31,21.15,25.45,220.0,0.167,64.0,29.09,38.0,17.27,0.616,0.1319999999999999,29.37,12.01,18.83,30.84,21.25,22.78,43.0,0.25,6.0,13.95,9.0,20.93,0.749,0.09399999999999997,16.67,6.35,19.05,25.4,16.13,11.11,,,,,,,,,,,,,,
745169,2024-06-07,2024,680977,L,683627,R,single,False,False,178.0,0.218,30.0,16.85,16.0,8.99,0.655,0.12799999999999997,17.63,7.08,20.23,27.31,22.99,15.38,309.0,0.294,43.0,13.92,27.0,8.74,0.831,0.166,14.96,6.32,19.2,25.52,22.53,13.27,43.0,0.25,6.0,13.95,9.0,20.93,0.749,0.09399999999999997,16.67,6.35,19.05,25.4,16.13,11.11,,,,,,,,,,,,,,
745169,2024-06-07,2024,666185,L,683627,R,single,False,False,21.0,0.056,7.0,33.33,2.0,9.52,0.246,0.0,39.53,18.68,14.29,32.97,25.0,23.33,170.0,0.196,37.0,21.76,14.0,8.24,0.592,0.1079999999999999,22.71,10.14,18.91,29.05,25.44,21.14,43.0,0.25,6.0,13.95,9.0,20.93,0.749,0.09399999999999997,16.67,6.35,19.05,25.4,16.13,11.11,,,,,,,,,,,,,,
745169,2024-06-07,2024,691026,R,683627,R,field_out,False,False,132.0,0.339,19.0,14.39,11.0,8.33,0.802,0.07799999999999996,16.6,7.72,18.57,26.29,28.46,11.45,100.0,0.161,19.0,19.0,9.0,9.0,0.478,0.0799999999999999,21.56,9.11,22.03,31.14,24.87,14.88,52.0,0.396,3.0,5.77,2.0,3.85,0.9850000000000001,0.16600000000000004,10.11,4.95,14.84,19.78,22.22,6.98,,,,,,,,,,,,,,
745169,2024-06-07,2024,553869,R,552640,R,walk,False,True,146.0,0.308,28.0,19.18,9.0,6.16,0.8220000000000001,0.15100000000000002,29.18,15.95,12.26,28.21,34.24,18.92,383.0,0.298,92.0,24.02,23.0,6.01,0.777,0.14,29.34,15.86,11.31,27.17,35.61,20.22,67.0,0.161,15.0,22.39,5.0,7.46,0.45,0.065,25.38,13.81,15.06,28.87,41.94,22.73,31.0,0.333,7.0,22.58,0.0,0.0,0.788,0.0999999999999999,20.0,11.21,15.89,27.1,40.0,22.58
745169,2024-06-07,2024,676701,R,552640,R,force_out,False,False,23.0,0.087,5.0,21.74,0.0,0.0,0.174,0.0,23.08,13.48,14.61,28.09,34.09,13.51,122.0,0.257,24.0,19.67,7.0,5.74,0.6950000000000001,0.132,20.9,11.11,14.38,25.49,35.06,16.55,67.0,0.161,15.0,22.39,5.0,7.46,0.45,0.065,25.38,13.81,15.06,28.87,41.94,22.73,31.0,0.333,7.0,22.58,0.0,0.0,0.788,0.0999999999999999,20.0,11.21,15.89,27.1,40.0,22.58
745169,2024-06-07,2024,686668,R,552640,R,strikeout,True,False,185.0,0.265,54.0,29.19,18.0,9.73,0.767,0.16099999999999998,32.0,15.76,15.76,31.52,28.02,27.98,299.0,0.207,98.0,32.78,17.0,5.69,0.597,0.131,34.17,17.56,14.33,31.89,31.96,31.51,67.0,0.161,15.0,22.39,5.0,7.46,0.45,0.065,25.38,13.81,15.06,28.87,41.94,22.73,31.0,0.333,7.0,22.58,0.0,0.0,0.788,0.0999999999999999,20.0,11.21,15.89,27.1,40.0,22.58
745169,2024-06-07,2024,660707,R,552640,R,field_out,False,False,147.0,0.218,32.0,21.77,12.0,8.16,0.619,0.12000000000000002,29.07,15.7,13.08,28.79,36.62,21.19,196.0,0.249,69.0,35.2,12.0,6.12,0.729,0.1689999999999999,41.45,21.48,15.97,37.45,41.94,28.28,67.0,0.161,15.0,22.39,5.0,7.46,0.45,0.065,25.38,13.81,15.06,28.87,41.94,22.73,31.0,0.333,7.0,22.58,0.0,0.0,0.788,0.0999999999999999,20.0,11.21,15.89,27.1,40.0,22.58
745169,2024-06-07,2024,676475,L,683627,R,field_out,False,False,141.0,0.306,21.0,14.89,7.0,4.96,0.833,0.187,19.44,11.09,11.68,22.77,33.86,14.69,318.0,0.243,39.0,12.26,21.0,6.6,0.698,0.156,17.66,9.16,14.01,23.17,33.05,13.13,43.0,0.25,6.0,13.95,9.0,20.93,0.749,0.09399999999999997,16.67,6.35,19.05,25.4,16.13,11.11,,,,,,,,,,,,,,
745169,2024-06-07,2024,502671,R,683627,R,field_out,False,False,197.0,0.213,66.0,33.5,17.0,8.63,0.6339999999999999,0.13499999999999998,29.75,14.1,18.84,32.94,30.35,21.05,518.0,0.259,120.0,23.17,67.0,12.93,0.8049999999999999,0.187,27.85,12.3,17.85,30.16,25.85,17.44,52.0,0.396,3.0,5.77,2.0,3.85,0.9850000000000001,0.16600000000000004,10.11,4.95,14.84,19.78,22.22,6.98,,,,,,,,,,,,,,
745169,2024-06-07,2024,571448,R,683627,R,field_out,False,False,200.0,0.267,37.0,18.5,19.0,9.5,0.732,0.125,21.94,9.59,19.8,29.39,29.04,16.16,468.0,0.28,81.0,17.31,31.0,6.62,0.8089999999999999,0.2009999999999999,20.4,9.71,17.28,26.99,33.33,16.43,52.0,0.396,3.0,5.77,2.0,3.85,0.9850000000000001,0.16600000000000004,10.11,4.95,14.84,19.78,22.22,6.98,,,,,,,,,,,,,,
745169,2024-06-07,2024,696100,R,668941,L,field_out,False,False,19.0,0.333,4.0,21.05,0.0,0.0,1.201,0.49999999999999994,22.86,11.43,20.0,31.43,32.43,18.18,13.0,0.231,6.0,46.15,0.0,0.0,0.846,0.384,35.71,18.87,18.87,37.74,36.0,30.0,78.0,0.225,16.0,20.51,2.0,2.56,0.671,0.18299999999999997,24.31,12.07,18.28,30.34,30.6,19.28,106.0,0.26,30.0,28.3,7.0,6.6,0.6890000000000001,0.1149999999999999,36.41,18.59,17.02,35.6,31.89,28.04
745169,2024-06-07,2024,669911,R,668941,L,field_out,False,False,15.0,0.143,5.0,33.33,1.0,6.67,0.7709999999999999,0.42799999999999994,25.0,12.0,20.0,32.0,21.74,38.46,48.0,0.109,21.0,43.75,2.0,4.17,0.255,0.0,48.35,23.53,13.9,37.43,32.11,36.21,78.0,0.225,16.0,20.51,2.0,2.56,0.671,0.18299999999999997,24.31,12.07,18.28,30.34,30.6,19.28,106.0,0.26,30.0,28.3,7.0,6.6,0.6890000000000001,0.1149999999999999,36.41,18.59,17.02,35.6,31.89,28.04
745169,2024-06-07,2024,453568,L,668941,L,hit_by_pitch,False,False,42.0,0.297,1.0,2.38,5.0,11.9,0.786,0.10800000000000004,6.25,2.86,16.43,19.29,24.64,4.0,105.0,0.299,7.0,6.67,13.0,12.38,0.845,0.138,12.2,5.18,18.91,24.09,22.96,7.95,41.0,0.154,15.0,36.59,2.0,4.88,0.349,0.0,36.99,15.7,22.09,37.79,29.41,25.42,42.0,0.105,12.0,28.57,3.0,7.14,0.276,0.0,35.82,14.29,23.21,37.5,22.67,23.53
745169,2024-06-07,2024,678662,R,668941,L,strikeout,True,False,77.0,0.268,23.0,29.87,5.0,6.49,0.749,0.16899999999999998,36.11,22.03,9.15,31.19,38.03,24.73,177.0,0.246,57.0,32.2,8.0,4.52,0.708,0.185,35.75,21.54,12.35,33.89,44.38,25.56,78.0,0.225,16.0,20.51,2.0,2.56,0.671,0.18299999999999997,24.31,12.07,18.28,30.34,30.6,19.28,106.0,0.26,30.0,28.3,7.0,6.6,0.6890000000000001,0.1149999999999999,36.41,18.59,17.02,35.6,31.89,28.04
745169,2024-06-07,2024,669357,L,571539,R,walk,False,True,154.0,0.235,54.0,35.06,17.0,11.04,0.8200000000000001,0.265,40.06,19.78,14.24,34.02,30.43,26.21,378.0,0.231,124.0,32.8,42.0,11.11,0.7969999999999999,0.2459999999999999,35.96,17.73,12.12,29.85,28.13,25.15,19.0,0.647,1.0,5.26,2.0,10.53,1.625,0.29399999999999993,8.11,4.05,12.16,16.22,27.78,4.35,52.0,0.391,5.0,9.62,5.0,9.62,1.094,0.261,20.0,8.51,20.21,28.72,23.16,12.2
745169,2024-06-07,2024,671056,R,571539,R,single,False,False,114.0,0.272,26.0,22.81,9.0,7.89,0.702,0.09699999999999998,24.1,10.28,19.91,30.2,28.95,18.98,36.0,0.3,10.0,27.78,4.0,11.11,0.784,0.067,28.57,12.05,14.46,26.51,27.08,17.31,18.0,0.118,5.0,27.78,0.0,0.0,0.46099999999999997,0.176,20.59,10.61,22.73,33.33,37.5,23.81,58.0,0.2,11.0,18.97,6.0,10.34,0.513,0.0199999999999999,25.81,10.76,19.73,30.49,13.46,14.08
745169,2024-06-07,2024,572761,L,571539,R,field_out,False,False,52.0,0.196,14.0,26.92,5.0,9.62,0.558,0.08699999999999997,29.67,12.62,18.69,31.31,21.15,25.45,220.0,0.167,64.0,29.09,38.0,17.27,0.616,0.1319999999999999,29.37,12.01,18.83,30.84,21.25,22.78,19.0,0.647,1.0,5.26,2.0,10.53,1.625,0.29399999999999993,8.11,4.05,12.16,16.22,27.78,4.35,52.0,0.391,5.0,9.62,5.0,9.62,1.094,0.261,20.0,8.51,20.21,28.72,23.16,12.2
745169,2024-06-07,2024,680977,L,571539,R,single,False,False,178.0,0.218,30.0,16.85,16.0,8.99,0.655,0.12799999999999997,17.63,7.08,20.23,27.31,22.99,15.38,309.0,0.294,43.0,13.92,27.0,8.74,0.831,0.166,14.96,6.32,19.2,25.52,22.53,13.27,19.0,0.647,1.0,5.26,2.0,10.53,1.625,0.29399999999999993,8.11,4.05,12.16,16.22,27.78,4.35,52.0,0.391,5.0,9.62,5.0,9.62,1.094,0.261,20.0,8.51,20.21,28.72,23.16,12.2
745169,2024-06-07,2024,666185,L,571539,R,double,False,False,21.0,0.056,7.0,33.33,2.0,9.52,0.246,0.0,39.53,18.68,14.29,32.97,25.0,23.33,170.0,0.196,37.0,21.76,14.0,8.24,0.592,0.1079999999999999,22.71,10.14,18.91,29.05,25.44,21.14,19.0,0.647,1.0,5.26,2.0,10.53,1.625,0.29399999999999993,8.11,4.05,12.16,16.22,27.78,4.35,52.0,0.391,5.0,9.62,5.0,9.62,1.094,0.261,20.0,8.51,20.21,28.72,23.16,12.2
745169,2024-06-07,2024,691026,R,571539,R,strikeout,True,False,132.0,0.339,19.0,14.39,11.0,8.33,0.802,0.07799999999999996,16.6,7.72,18.57,26.29,28.46,11.45,100.0,0.161,19.0,19.0,9.0,9.0,0.478,0.0799999999999999,21.56,9.11,22.03,31.14,24.87,14.88,18.0,0.118,5.0,27.78,0.0,0.0,0.46099999999999997,0.176,20.59,10.61,22.73,33.33,37.5,23.81,58.0,0.2,11.0,18.97,6.0,10.34,0.513,0.0199999999999999,25.81,10.76,19.73,30.49,13.46,14.08
745169,2024-06-07,2024,676475,L,642028,L,field_out,False,False,51.0,0.188,5.0,9.8,2.0,3.92,0.532,0.124,20.19,11.48,10.38,21.86,32.95,10.42,29.0,0.259,6.0,20.69,2.0,6.9,0.606,0.0369999999999999,18.18,9.62,19.23,28.85,41.82,19.35,19.0,0.294,2.0,10.53,1.0,5.26,0.669,0.059,15.15,7.46,20.9,28.36,33.33,11.11,,,,,,,,,,,,,,
745169,2024-06-07,2024,641857,L,664854,R,field_out,False,False,181.0,0.252,47.0,25.97,21.0,11.6,0.75,0.16099999999999998,25.21,11.62,16.22,27.84,26.83,17.87,449.0,0.26,141.0,31.4,52.0,11.58,0.826,0.2209999999999999,31.26,14.84,14.94,29.79,25.26,20.41,54.0,0.18,18.0,33.33,3.0,5.56,0.46199999999999997,0.06,32.63,17.32,17.88,35.2,33.8,30.51,66.0,0.224,22.0,33.33,7.0,10.61,0.6970000000000001,0.155,31.01,14.44,15.88,30.32,30.28,23.91
745169,2024-06-07,2024,553869,R,664854,R,strikeout,True,False,146.0,0.308,28.0,19.18,9.0,6.16,0.8220000000000001,0.15100000000000002,29.18,15.95,12.26,28.21,34.24,18.92,383.0,0.298,92.0,24.02,23.0,6.01,0.777,0.14,29.34,15.86,11.31,27.17,35.61,20.22,54.0,0.28,11.0,20.37,3.0,5.56,0.675,0.07999999999999996,33.65,18.72,12.83,31.55,31.82,22.45,80.0,0.134,30.0,37.5,10.0,12.5,0.402,0.03,37.93,19.76,13.17,32.93,33.13,27.27
745169,2024-06-07,2024,676701,R,664854,R,strikeout,True,False,23.0,0.087,5.0,21.74,0.0,0.0,0.174,0.0,23.08,13.48,14.61,28.09,34.09,13.51,122.0,0.257,24.0,19.67,7.0,5.74,0.6950000000000001,0.132,20.9,11.11,14.38,25.49,35.06,16.55,54.0,0.28,11.0,20.37,3.0,5.56,0.675,0.07999999999999996,33.65,18.72,12.83,31.55,31.82,22.45,80.0,0.134,30.0,37.5,10.0,12.5,0.402,0.03,37.93,19.76,13.17,32.93,33.13,27.27
746784,2024-06-07,2024,680776,L,663765,R,home_run,False,False,203.0,0.29,43.0,21.18,15.0,7.39,0.893,0.25800000000000006,23.8,11.42,15.02,26.44,28.29,19.82,314.0,0.296,75.0,23.89,21.0,6.69,0.84,0.195,24.68,12.92,13.75,26.67,30.3,19.02,19.0,0.25,3.0,15.79,3.0,15.79,1.056,0.43799999999999994,9.68,4.17,16.67,20.83,16.67,16.67,108.0,0.333,12.0,11.11,8.0,7.41,0.983,0.2609999999999999,15.26,6.59,19.55,26.14,17.81,9.23
746784,2024-06-07,2024,665839,L,663765,R,field_out,False,False,100.0,0.226,26.0,26.0,4.0,4.0,0.702,0.226,21.43,10.63,17.97,28.61,31.84,19.4,133.0,0.28,32.0,24.06,7.0,5.26,0.806,0.2079999999999999,23.05,10.04,20.07,30.11,28.72,21.48,19.0,0.25,3.0,15.79,3.0,15.79,1.056,0.43799999999999994,9.68,4.17,16.67,20.83,16.67,16.67,108.0,0.333,12.0,11.11,8.0,7.41,0.983,0.2609999999999999,15.26,6.59,19.55,26.14,17.81,9.23
746784,2024-06-07,2024,608701,R,663765,R,double,False,False,70.0,0.355,13.0,18.57,6.0,8.57,0.9849999999999999,0.20999999999999996,18.4,8.61,17.6,26.22,23.02,15.12,98.0,0.159,25.0,25.51,10.0,10.2,0.466,0.036,25.0,10.43,19.91,30.33,20.39,18.38,27.0,0.458,4.0,14.81,2.0,7.41,1.1440000000000001,0.16699999999999998,23.4,10.89,17.82,28.71,23.91,12.5,114.0,0.296,17.0,14.91,14.0,12.28,0.937,0.255,16.4,6.6,18.72,25.32,17.23,14.41
746784,2024-06-07,2024,646240,L,663765,R,strikeout,True,False,152.0,0.3,29.0,19.08,21.0,13.82,1.057,0.36200000000000004,23.71,11.17,13.11,24.27,31.27,15.76,469.0,0.27,89.0,18.98,51.0,10.87,0.863,0.235,25.44,13.04,9.74,22.78,33.05,15.06,19.0,0.25,3.0,15.79,3.0,15.79,1.056,0.43799999999999994,9.68,4.17,16.67,20.83,16.67,16.67,108.0,0.333,12.0,11.11,8.0,7.41,0.983,0.2609999999999999,15.26,6.59,19.55,26.14,17.81,9.23
746784,2024-06-07,2024,641933,R,663765,R,walk,False,True,126.0,0.228,42.0,33.33,10.0,7.94,0.758,0.228,34.89,15.71,17.62,33.33,26.77,25.93,187.0,0.233,53.0,28.34,15.0,8.02,0.6839999999999999,0.157,29.39,13.29,17.12,30.41,25.99,26.5,27.0,0.458,4.0,14.81,2.0,7.41,1.1440000000000001,0.16699999999999998,23.4,10.89,17.82,28.71,23.91,12.5,114.0,0.296,17.0,14.91,14.0,12.28,0.937,0.255,16.4,6.6,18.72,25.32,17.23,14.41
746784,2024-06-07,2024,642086,L,663765,R,field_out,False,False,96.0,0.202,18.0,18.75,11.0,11.46,0.5760000000000001,0.07200000000000001,23.81,11.49,16.09,27.59,31.84,20.45,414.0,0.263,62.0,14.98,33.0,7.97,0.736,0.135,19.9,10.09,14.56,24.65,32.27,13.42,19.0,0.25,3.0,15.79,3.0,15.79,1.056,0.43799999999999994,9.68,4.17,16.67,20.83,16.67,16.67,108.0,0.333,12.0,11.11,8.0,7.41,0.983,0.2609999999999999,15.26,6.59,19.55,26.14,17.81,9.23
746784,2024-06-07,2024,676113,L,656557,R,strikeout,True,False,9.0,0.125,4.0,44.44,1.0,11.11,0.472,0.125,33.33,13.79,24.14,37.93,30.77,40.0,,,,,,,,,,,,,,,187.0,0.195,37.0,19.79,10.0,5.35,0.487,0.04099999999999998,21.58,10.57,19.64,30.21,26.94,21.14,240.0,0.271,51.0,21.25,25.0,10.42,0.858,0.2309999999999999,28.05,13.03,14.96,27.99,27.35,19.69
746784,2024-06-07,2024,670032,L,656557,R,field_out,False,False,155.0,0.248,24.0,15.48,13.0,8.39,0.61,0.043999999999999984,18.65,8.7,16.85,25.56,26.35,18.32,212.0,0.228,33.0,15.57,24.0,11.32,0.647,0.089,22.47,10.7,16.47,27.16,26.6,14.22,187.0,0.195,37.0,19.79,10.0,5.35,0.487,0.04099999999999998,21.58,10.57,19.64,30.21,26.94,21.14,240.0,0.271,51.0,21.25,25.0,10.42,0.858,0.2309999999999999,28.05,13.03,14.96,27.99,27.35,19.69
746784,2024-06-07,2024,673357,R,656557,R,strikeout,True,False,32.0,0.161,14.0,43.75,1.0,3.12,0.6719999999999999,0.32299999999999995,40.85,23.02,14.29,37.3,39.39,29.79,477.0,0.252,132.0,27.67,25.0,5.24,0.8340000000000001,0.279,32.83,18.94,10.59,29.53,40.07,24.77,149.0,0.206,47.0,31.54,5.0,3.36,0.525,0.07100000000000004,26.79,12.46,22.81,35.26,36.04,25.82,225.0,0.236,48.0,21.33,16.0,7.11,0.622,0.089,29.72,14.27,17.37,31.64,31.71,21.52
746784,2024-06-07,2024,657136,R,663765,R,hit_by_pitch,False,False,114.0,0.314,23.0,20.18,1.0,0.88,0.802,0.14300000000000002,26.21,14.29,14.81,29.1,34.46,23.23,296.0,0.262,94.0,31.76,13.0,4.39,0.734,0.1669999999999999,32.08,16.95,15.14,32.09,35.28,27.01,27.0,0.458,4.0,14.81,2.0,7.41,1.1440000000000001,0.16699999999999998,23.4,10.89,17.82,28.71,23.91,12.5,114.0,0.296,17.0,14.91,14.0,12.28,0.937,0.255,16.4,6.6,18.72,25.32,17.23,14.41
746784,2024-06-07,2024,666152,L,663765,R,double,False,False,101.0,0.283,23.0,22.77,8.0,7.92,0.782,0.15200000000000002,26.38,11.11,20.16,31.27,19.59,21.3,36.0,0.1,10.0,27.78,6.0,16.67,0.417,0.067,20.0,8.44,23.38,31.82,26.39,15.38,19.0,0.25,3.0,15.79,3.0,15.79,1.056,0.43799999999999994,9.68,4.17,16.67,20.83,16.67,16.67,108.0,0.333,12.0,11.11,8.0,7.41,0.983,0.2609999999999999,15.26,6.59,19.55,26.14,17.81,9.23
746784,2024-06-07,2024,678882,R,663765,R,single,False,False,173.0,0.215,45.0,26.01,5.0,2.89,0.606,0.153,32.35,20.0,11.9,31.9,44.52,22.73,62.0,0.263,20.0,32.26,3.0,4.84,0.6739999999999999,0.1049999999999999,27.08,15.6,11.2,26.8,42.11,22.22,27.0,0.458,4.0,14.81,2.0,7.41,1.1440000000000001,0.16699999999999998,23.4,10.89,17.82,28.71,23.91,12.5,114.0,0.296,17.0,14.91,14.0,12.28,0.937,0.255,16.4,6.6,18.72,25.32,17.23,14.41
746784,2024-06-07,2024,680776,L,663765,R,field_out,False,False,203.0,0.29,43.0,21.18,15.0,7.39,0.893,0.25800000000000006,23.8,11.42,15.02,26.44,28.29,19.82,314.0,0.296,75.0,23.89,21.0,6.69,0.84,0.195,24.68,12.92,13.75,26.67,30.3,19.02,19.0,0.25,3.0,15.79,3.0,15.79,1.056,0.43799999999999994,9.68,4.17,16.67,20.83,16.67,16.67,108.0,0.333,12.0,11.11,8.0,7.41,0.983,0.2609999999999999,15.26,6.59,19.55,26.14,17.81,9.23
746784,2024-06-07,2024,665839,L,663765,R,field_out,False,False,100.0,0.226,26.0,26.0,4.0,4.0,0.702,0.226,21.43,10.63,17.97,28.61,31.84,19.4,133.0,0.28,32.0,24.06,7.0,5.26,0.806,0.2079999999999999,23.05,10.04,20.07,30.11,28.72,21.48,19.0,0.25,3.0,15.79,3.0,15.79,1.056,0.43799999999999994,9.68,4.17,16.67,20.83,16.67,16.67,108.0,0.333,12.0,11.11,8.0,7.41,0.983,0.2609999999999999,15.26,6.59,19.55,26.14,17.81,9.23
746784,2024-06-07,2024,608701,R,663765,R,single,False,False,70.0,0.355,13.0,18.57,6.0,8.57,0.9849999999999999,0.20999999999999996,18.4,8.61,17.6,26.22,23.02,15.12,98.0,0.159,25.0,25.51,10.0,10.2,0.466,0.036,25.0,10.43,19.91,30.33,20.39,18.38,27.0,0.458,4.0,14.81,2.0,7.41,1.1440000000000001,0.16699999999999998,23.4,10.89,17.82,28.71,23.91,12.5,114.0,0.296,17.0,14.91,14.0,12.28,0.937,0.255,16.4,6.6,18.72,25.32,17.23,14.41
746784,2024-06-07,2024,646240,L,663765,R,field_out,False,False,152.0,0.3,29.0,19.08,21.0,13.82,1.057,0.36200000000000004,23.71,11.17,13.11,24.27,31.27,15.76,469.0,0.27,89.0,18.98,51.0,10.87,0.863,0.235,25.44,13.04,9.74,22.78,33.05,15.06,19.0,0.25,3.0,15.79,3.0,15.79,1.056,0.43799999999999994,9.68,4.17,16.67,20.83,16.67,16.67,108.0,0.333,12.0,11.11,8.0,7.41,0.983,0.2609999999999999,15.26,6.59,19.55,26.14,17.81,9.23
746784,2024-06-07,2024,657757,L,656557,R,field_out,False,False,183.0,0.244,27.0,14.75,24.0,13.11,0.756,0.16000000000000003,18.4,8.03,17.8,25.84,27.87,11.44,324.0,0.212,58.0,17.9,28.0,8.64,0.63,0.1369999999999999,20.44,9.67,14.66,24.33,29.35,14.25,187.0,0.195,37.0,19.79,10.0,5.35,0.487,0.04099999999999998,21.58,10.57,19.64,30.21,26.94,21.14,240.0,0.271,51.0,21.25,25.0,10.42,0.858,0.2309999999999999,28.05,13.03,14.96,27.99,27.35,19.69
746784,2024-06-07,2024,683734,R,656557,R,strikeout,True,False,185.0,0.198,50.0,27.03,14.0,7.57,0.593,0.125,24.49,11.48,18.03,29.51,30.5,21.19,474.0,0.267,109.0,23.0,29.0,6.12,0.774,0.18,26.24,11.95,18.94,30.89,30.92,21.51,149.0,0.206,47.0,31.54,5.0,3.36,0.525,0.07100000000000004,26.79,12.46,22.81,35.26,36.04,25.82,225.0,0.236,48.0,21.33,16.0,7.11,0.622,0.089,29.72,14.27,17.37,31.64,31.71,21.52
746784,2024-06-07,2024,657557,R,656557,R,hit_by_pitch,False,False,147.0,0.259,49.0,33.33,5.0,3.4,0.8089999999999999,0.237,32.83,19.22,9.43,28.65,33.33,25.93,281.0,0.203,86.0,30.6,12.0,4.27,0.603,0.1539999999999999,36.49,19.09,15.38,34.47,35.28,34.68,149.0,0.206,47.0,31.54,5.0,3.36,0.525,0.07100000000000004,26.79,12.46,22.81,35.26,36.04,25.82,225.0,0.236,48.0,21.33,16.0,7.11,0.622,0.089,29.72,14.27,17.37,31.64,31.71,21.52
746784,2024-06-07,2024,686676,R,656557,R,field_out,False,False,110.0,0.252,30.0,27.27,6.0,5.45,0.721,0.175,37.5,21.0,11.5,32.5,31.11,22.73,47.0,0.116,12.0,25.53,4.0,8.51,0.4,0.0929999999999999,33.71,18.07,13.25,31.33,34.15,23.53,149.0,0.206,47.0,31.54,5.0,3.36,0.525,0.07100000000000004,26.79,12.46,22.81,35.26,36.04,25.82,225.0,0.236,48.0,21.33,16.0,7.11,0.622,0.089,29.72,14.27,17.37,31.64,31.71,21.52
746784,2024-06-07,2024,641933,R,663765,R,strikeout,True,False,126.0,0.228,42.0,33.33,10.0,7.94,0.758,0.228,34.89,15.71,17.62,33.33,26.77,25.93,187.0,0.233,53.0,28.34,15.0,8.02,0.6839999999999999,0.157,29.39,13.29,17.12,30.41,25.99,26.5,27.0,0.458,4.0,14.81,2.0,7.41,1.1440000000000001,0.16699999999999998,23.4,10.89,17.82,28.71,23.91,12.5,114.0,0.296,17.0,14.91,14.0,12.28,0.937,0.255,16.4,6.6,18.72,25.32,17.23,14.41
746784,2024-06-07,2024,642086,L,663765,R,single,False,False,96.0,0.202,18.0,18.75,11.0,11.46,0.5760000000000001,0.07200000000000001,23.81,11.49,16.09,27.59,31.84,20.45,414.0,0.263,62.0,14.98,33.0,7.97,0.736,0.135,19.9,10.09,14.56,24.65,32.27,13.42,19.0,0.25,3.0,15.79,3.0,15.79,1.056,0.43799999999999994,9.68,4.17,16.67,20.83,16.67,16.67,108.0,0.333,12.0,11.11,8.0,7.41,0.983,0.2609999999999999,15.26,6.59,19.55,26.14,17.81,9.23
746784,2024-06-07,2024,657136,R,663765,R,field_out,False,False,114.0,0.314,23.0,20.18,1.0,0.88,0.802,0.14300000000000002,26.21,14.29,14.81,29.1,34.46,23.23,296.0,0.262,94.0,31.76,13.0,4.39,0.734,0.1669999999999999,32.08,16.95,15.14,32.09,35.28,27.01,27.0,0.458,4.0,14.81,2.0,7.41,1.1440000000000001,0.16699999999999998,23.4,10.89,17.82,28.71,23.91,12.5,114.0,0.296,17.0,14.91,14.0,12.28,0.937,0.255,16.4,6.6,18.72,25.32,17.23,14.41
746784,2024-06-07,2024,666152,L,663765,R,field_out,False,False,101.0,0.283,23.0,22.77,8.0,7.92,0.782,0.15200000000000002,26.38,11.11,20.16,31.27,19.59,21.3,36.0,0.1,10.0,27.78,6.0,16.67,0.417,0.067,20.0,8.44,23.38,31.82,26.39,15.38,19.0,0.25,3.0,15.79,3.0,15.79,1.056,0.43799999999999994,9.68,4.17,16.67,20.83,16.67,16.67,108.0,0.333,12.0,11.11,8.0,7.41,0.983,0.2609999999999999,15.26,6.59,19.55,26.14,17.81,9.23
746784,2024-06-07,2024,672820,R,656557,R,field_out,False,False,42.0,0.184,12.0,28.57,2.0,4.76,0.45499999999999996,0.026999999999999996,28.57,13.51,24.32,37.84,38.36,32.43,123.0,0.178,30.0,24.39,2.0,1.63,0.504,0.136,24.69,13.05,16.81,29.87,39.56,22.39,149.0,0.206,47.0,31.54,5.0,3.36,0.525,0.07100000000000004,26.79,12.46,22.81,35.26,36.04,25.82,225.0,0.236,48.0,21.33,16.0,7.11,0.622,0.089,29.72,14.27,17.37,31.64,31.71,21.52
746784,2024-06-07,2024,668752,L,656557,R,field_out,False,False,2.0,0.0,0.0,0.0,0.0,0.0,0.0,0.0,0.0,0.0,14.29,14.29,25.0,0.0,,,,,,,,,,,,,,,187.0,0.195,37.0,19.79,10.0,5.35,0.487,0.04099999999999998,21.58,10.57,19.64,30.21,26.94,21.14,240.0,0.271,51.0,21.25,25.0,10.42,0.858,0.2309999999999999,28.05,13.03,14.96,27.99,27.35,19.69
746784,2024-06-07,2024,676113,L,656557,R,field_out,False,False,9.0,0.125,4.0,44.44,1.0,11.11,0.472,0.125,33.33,13.79,24.14,37.93,30.77,40.0,,,,,,,,,,,,,,,187.0,0.195,37.0,19.79,10.0,5.35,0.487,0.04099999999999998,21.58,10.57,19.64,30.21,26.94,21.14,240.0,0.271,51.0,21.25,25.0,10.42,0.858,0.2309999999999999,28.05,13.03,14.96,27.99,27.35,19.69
746784,2024-06-07,2024,678882,R,663765,R,single,False,False,173.0,0.215,45.0,26.01,5.0,2.89,0.606,0.153,32.35,20.0,11.9,31.9,44.52,22.73,62.0,0.263,20.0,32.26,3.0,4.84,0.6739999999999999,0.1049999999999999,27.08,15.6,11.2,26.8,42.11,22.22,27.0,0.458,4.0,14.81,2.0,7.41,1.1440000000000001,0.16699999999999998,23.4,10.89,17.82,28.71,23.91,12.5,114.0,0.296,17.0,14.91,14.0,12.28,0.937,0.255,16.4,6.6,18.72,25.32,17.23,14.41
746784,2024-06-07,2024,680776,L,663765,R,walk,False,True,203.0,0.29,43.0,21.18,15.0,7.39,0.893,0.25800000000000006,23.8,11.42,15.02,26.44,28.29,19.82,314.0,0.296,75.0,23.89,21.0,6.69,0.84,0.195,24.68,12.92,13.75,26.67,30.3,19.02,19.0,0.25,3.0,15.79,3.0,15.79,1.056,0.43799999999999994,9.68,4.17,16.67,20.83,16.67,16.67,108.0,0.333,12.0,11.11,8.0,7.41,0.983,0.2609999999999999,15.26,6.59,19.55,26.14,17.81,9.23
746784,2024-06-07,2024,665839,L,663765,R,home_run,False,False,100.0,0.226,26.0,26.0,4.0,4.0,0.702,0.226,21.43,10.63,17.97,28.61,31.84,19.4,133.0,0.28,32.0,24.06,7.0,5.26,0.806,0.2079999999999999,23.05,10.04,20.07,30.11,28.72,21.48,19.0,0.25,3.0,15.79,3.0,15.79,1.056,0.43799999999999994,9.68,4.17,16.67,20.83,16.67,16.67,108.0,0.333,12.0,11.11,8.0,7.41,0.983,0.2609999999999999,15.26,6.59,19.55,26.14,17.81,9.23
746784,2024-06-07,2024,608701,R,663765,R,strikeout,True,False,70.0,0.355,13.0,18.57,6.0,8.57,0.9849999999999999,0.20999999999999996,18.4,8.61,17.6,26.22,23.02,15.12,98.0,0.159,25.0,25.51,10.0,10.2,0.466,0.036,25.0,10.43,19.91,30.33,20.39,18.38,27.0,0.458,4.0,14.81,2.0,7.41,1.1440000000000001,0.16699999999999998,23.4,10.89,17.82,28.71,23.91,12.5,114.0,0.296,17.0,14.91,14.0,12.28,0.937,0.255,16.4,6.6,18.72,25.32,17.23,14.41
746784,2024-06-07,2024,646240,L,663765,R,field_out,False,False,152.0,0.3,29.0,19.08,21.0,13.82,1.057,0.36200000000000004,23.71,11.17,13.11,24.27,31.27,15.76,469.0,0.27,89.0,18.98,51.0,10.87,0.863,0.235,25.44,13.04,9.74,22.78,33.05,15.06,19.0,0.25,3.0,15.79,3.0,15.79,1.056,0.43799999999999994,9.68,4.17,16.67,20.83,16.67,16.67,108.0,0.333,12.0,11.11,8.0,7.41,0.983,0.2609999999999999,15.26,6.59,19.55,26.14,17.81,9.23
746784,2024-06-07,2024,641933,R,663765,R,single,False,False,126.0,0.228,42.0,33.33,10.0,7.94,0.758,0.228,34.89,15.71,17.62,33.33,26.77,25.93,187.0,0.233,53.0,28.34,15.0,8.02,0.6839999999999999,0.157,29.39,13.29,17.12,30.41,25.99,26.5,27.0,0.458,4.0,14.81,2.0,7.41,1.1440000000000001,0.16699999999999998,23.4,10.89,17.82,28.71,23.91,12.5,114.0,0.296,17.0,14.91,14.0,12.28,0.937,0.255,16.4,6.6,18.72,25.32,17.23,14.41
746784,2024-06-07,2024,642086,L,663765,R,walk,False,True,96.0,0.202,18.0,18.75,11.0,11.46,0.5760000000000001,0.07200000000000001,23.81,11.49,16.09,27.59,31.84,20.45,414.0,0.263,62.0,14.98,33.0,7.97,0.736,0.135,19.9,10.09,14.56,24.65,32.27,13.42,19.0,0.25,3.0,15.79,3.0,15.79,1.056,0.43799999999999994,9.68,4.17,16.67,20.83,16.67,16.67,108.0,0.333,12.0,11.11,8.0,7.41,0.983,0.2609999999999999,15.26,6.59,19.55,26.14,17.81,9.23
746784,2024-06-07,2024,657136,R,663765,R,single,False,False,114.0,0.314,23.0,20.18,1.0,0.88,0.802,0.14300000000000002,26.21,14.29,14.81,29.1,34.46,23.23,296.0,0.262,94.0,31.76,13.0,4.39,0.734,0.1669999999999999,32.08,16.95,15.14,32.09,35.28,27.01,27.0,0.458,4.0,14.81,2.0,7.41,1.1440000000000001,0.16699999999999998,23.4,10.89,17.82,28.71,23.91,12.5,114.0,0.296,17.0,14.91,14.0,12.28,0.937,0.255,16.4,6.6,18.72,25.32,17.23,14.41
746784,2024-06-07,2024,666152,L,663765,R,field_out,False,False,101.0,0.283,23.0,22.77,8.0,7.92,0.782,0.15200000000000002,26.38,11.11,20.16,31.27,19.59,21.3,36.0,0.1,10.0,27.78,6.0,16.67,0.417,0.067,20.0,8.44,23.38,31.82,26.39,15.38,19.0,0.25,3.0,15.79,3.0,15.79,1.056,0.43799999999999994,9.68,4.17,16.67,20.83,16.67,16.67,108.0,0.333,12.0,11.11,8.0,7.41,0.983,0.2609999999999999,15.26,6.59,19.55,26.14,17.81,9.23
746784,2024-06-07,2024,670032,L,656557,R,field_out,False,False,155.0,0.248,24.0,15.48,13.0,8.39,0.61,0.043999999999999984,18.65,8.7,16.85,25.56,26.35,18.32,212.0,0.228,33.0,15.57,24.0,11.32,0.647,0.089,22.47,10.7,16.47,27.16,26.6,14.22,187.0,0.195,37.0,19.79,10.0,5.35,0.487,0.04099999999999998,21.58,10.57,19.64,30.21,26.94,21.14,240.0,0.271,51.0,21.25,25.0,10.42,0.858,0.2309999999999999,28.05,13.03,14.96,27.99,27.35,19.69
746784,2024-06-07,2024,673357,R,656557,R,strikeout,True,False,32.0,0.161,14.0,43.75,1.0,3.12,0.6719999999999999,0.32299999999999995,40.85,23.02,14.29,37.3,39.39,29.79,477.0,0.252,132.0,27.67,25.0,5.24,0.8340000000000001,0.279,32.83,18.94,10.59,29.53,40.07,24.77,149.0,0.206,47.0,31.54,5.0,3.36,0.525,0.07100000000000004,26.79,12.46,22.81,35.26,36.04,25.82,225.0,0.236,48.0,21.33,16.0,7.11,0.622,0.089,29.72,14.27,17.37,31.64,31.71,21.52
746784,2024-06-07,2024,657757,L,656557,R,field_out,False,False,183.0,0.244,27.0,14.75,24.0,13.11,0.756,0.16000000000000003,18.4,8.03,17.8,25.84,27.87,11.44,324.0,0.212,58.0,17.9,28.0,8.64,0.63,0.1369999999999999,20.44,9.67,14.66,24.33,29.35,14.25,187.0,0.195,37.0,19.79,10.0,5.35,0.487,0.04099999999999998,21.58,10.57,19.64,30.21,26.94,21.14,240.0,0.271,51.0,21.25,25.0,10.42,0.858,0.2309999999999999,28.05,13.03,14.96,27.99,27.35,19.69
746784,2024-06-07,2024,678882,R,657612,L,field_out,False,False,55.0,0.216,16.0,29.09,3.0,5.45,0.651,0.17600000000000002,33.63,18.45,14.56,33.01,41.12,25.0,27.0,0.192,8.0,29.63,1.0,3.7,0.645,0.2309999999999999,36.36,19.23,14.42,33.65,30.0,24.24,65.0,0.379,9.0,13.85,6.0,9.23,0.8280000000000001,0.018000000000000016,13.27,6.2,15.29,21.49,19.0,14.75,110.0,0.378,15.0,13.64,9.0,8.18,1.037,0.2239999999999999,16.49,8.31,14.03,22.34,25.41,14.71
746784,2024-06-07,2024,680776,L,657612,L,single,False,False,84.0,0.222,21.0,25.0,8.0,9.52,0.563,0.027999999999999997,26.57,11.45,20.48,31.93,30.0,23.08,49.0,0.289,15.0,30.61,3.0,6.12,0.749,0.133,24.44,10.73,20.0,30.73,27.27,25.86,50.0,0.422,4.0,8.0,4.0,8.0,0.969,0.067,13.58,6.79,16.05,22.84,35.14,9.76,92.0,0.275,11.0,11.96,5.0,5.43,0.752,0.125,13.33,6.61,18.32,24.92,35.48,10.58
746784,2024-06-07,2024,665839,L,657612,L,field_out,False,False,20.0,0.0,6.0,30.0,1.0,5.0,0.053,0.0,39.47,21.74,13.04,34.78,48.78,37.5,16.0,0.143,5.0,31.25,1.0,6.25,0.393,0.0,37.5,16.98,16.98,33.96,31.03,50.0,50.0,0.422,4.0,8.0,4.0,8.0,0.969,0.067,13.58,6.79,16.05,22.84,35.14,9.76,92.0,0.275,11.0,11.96,5.0,5.43,0.752,0.125,13.33,6.61,18.32,24.92,35.48,10.58
746784,2024-06-07,2024,608701,R,657612,L,field_out,False,False,47.0,0.333,14.0,29.79,4.0,8.51,0.88,0.14299999999999996,34.52,16.38,20.34,36.72,24.36,22.58,146.0,0.308,22.0,15.07,23.0,15.75,0.8280000000000001,0.092,21.59,8.39,20.38,28.77,17.59,13.66,65.0,0.379,9.0,13.85,6.0,9.23,0.8280000000000001,0.018000000000000016,13.27,6.2,15.29,21.49,19.0,14.75,110.0,0.378,15.0,13.64,9.0,8.18,1.037,0.2239999999999999,16.49,8.31,14.03,22.34,25.41,14.71
746784,2024-06-07,2024,683734,R,656557,R,strikeout,True,False,185.0,0.198,50.0,27.03,14.0,7.57,0.593,0.125,24.49,11.48,18.03,29.51,30.5,21.19,474.0,0.267,109.0,23.0,29.0,6.12,0.774,0.18,26.24,11.95,18.94,30.89,30.92,21.51,149.0,0.206,47.0,31.54,5.0,3.36,0.525,0.07100000000000004,26.79,12.46,22.81,35.26,36.04,25.82,225.0,0.236,48.0,21.33,16.0,7.11,0.622,0.089,29.72,14.27,17.37,31.64,31.71,21.52
746784,2024-06-07,2024,657557,R,656557,R,field_out,False,False,147.0,0.259,49.0,33.33,5.0,3.4,0.8089999999999999,0.237,32.83,19.22,9.43,28.65,33.33,25.93,281.0,0.203,86.0,30.6,12.0,4.27,0.603,0.1539999999999999,36.49,19.09,15.38,34.47,35.28,34.68,149.0,0.206,47.0,31.54,5.0,3.36,0.525,0.07100000000000004,26.79,12.46,22.81,35.26,36.04,25.82,225.0,0.236,48.0,21.33,16.0,7.11,0.622,0.089,29.72,14.27,17.37,31.64,31.71,21.52
746784,2024-06-07,2024,686676,R,656557,R,field_out,False,False,110.0,0.252,30.0,27.27,6.0,5.45,0.721,0.175,37.5,21.0,11.5,32.5,31.11,22.73,47.0,0.116,12.0,25.53,4.0,8.51,0.4,0.0929999999999999,33.71,18.07,13.25,31.33,34.15,23.53,149.0,0.206,47.0,31.54,5.0,3.36,0.525,0.07100000000000004,26.79,12.46,22.81,35.26,36.04,25.82,225.0,0.236,48.0,21.33,16.0,7.11,0.622,0.089,29.72,14.27,17.37,31.64,31.71,21.52
746784,2024-06-07,2024,646240,L,657612,L,single,False,False,73.0,0.262,23.0,31.51,6.0,8.22,0.7270000000000001,0.123,29.3,15.86,12.76,28.62,31.06,23.71,188.0,0.273,37.0,19.68,11.0,5.85,0.823,0.2149999999999999,27.74,14.71,11.61,26.32,30.93,15.19,50.0,0.422,4.0,8.0,4.0,8.0,0.969,0.067,13.58,6.79,16.05,22.84,35.14,9.76,92.0,0.275,11.0,11.96,5.0,5.43,0.752,0.125,13.33,6.61,18.32,24.92,35.48,10.58
746784,2024-06-07,2024,641933,R,657612,L,single,False,False,54.0,0.317,18.0,33.33,13.0,24.07,1.115,0.317,29.76,9.96,19.12,29.08,17.74,25.35,79.0,0.227,14.0,17.72,13.0,16.46,0.7929999999999999,0.212,23.91,10.58,16.03,26.6,24.28,14.14,65.0,0.379,9.0,13.85,6.0,9.23,0.8280000000000001,0.018000000000000016,13.27,6.2,15.29,21.49,19.0,14.75,110.0,0.378,15.0,13.64,9.0,8.18,1.037,0.2239999999999999,16.49,8.31,14.03,22.34,25.41,14.71
746784,2024-06-07,2024,642086,L,657612,L,single,False,False,16.0,0.4,3.0,18.75,1.0,6.25,1.171,0.33299999999999996,14.29,6.15,20.0,26.15,22.58,15.0,172.0,0.234,29.0,16.86,14.0,8.14,0.588,0.0569999999999999,20.07,8.92,18.77,27.69,25.32,16.2,50.0,0.422,4.0,8.0,4.0,8.0,0.969,0.067,13.58,6.79,16.05,22.84,35.14,9.76,92.0,0.275,11.0,11.96,5.0,5.43,0.752,0.125,13.33,6.61,18.32,24.92,35.48,10.58
746784,2024-06-07,2024,657136,R,657612,L,single,False,False,60.0,0.353,11.0,18.33,8.0,13.33,0.921,0.118,23.48,12.45,11.24,23.69,29.51,13.25,108.0,0.156,40.0,37.04,9.0,8.33,0.501,0.104,32.9,17.27,14.32,31.59,33.33,27.86,65.0,0.379,9.0,13.85,6.0,9.23,0.8280000000000001,0.018000000000000016,13.27,6.2,15.29,21.49,19.0,14.75,110.0,0.378,15.0,13.64,9.0,8.18,1.037,0.2239999999999999,16.49,8.31,14.03,22.34,25.41,14.71
746784,2024-06-07,2024,666152,L,657612,L,field_out,False,False,14.0,0.231,4.0,28.57,1.0,7.14,0.517,0.0,31.58,12.0,20.0,32.0,12.5,28.57,3.0,0.333,0.0,0.0,0.0,0.0,0.666,0.0,25.0,16.67,16.67,33.33,50.0,,50.0,0.422,4.0,8.0,4.0,8.0,0.969,0.067,13.58,6.79,16.05,22.84,35.14,9.76,92.0,0.275,11.0,11.96,5.0,5.43,0.752,0.125,13.33,6.61,18.32,24.92,35.48,10.58
746784,2024-06-07,2024,678882,R,657612,L,single,False,False,55.0,0.216,16.0,29.09,3.0,5.45,0.651,0.17600000000000002,33.63,18.45,14.56,33.01,41.12,25.0,27.0,0.192,8.0,29.63,1.0,3.7,0.645,0.2309999999999999,36.36,19.23,14.42,33.65,30.0,24.24,65.0,0.379,9.0,13.85,6.0,9.23,0.8280000000000001,0.018000000000000016,13.27,6.2,15.29,21.49,19.0,14.75,110.0,0.378,15.0,13.64,9.0,8.18,1.037,0.2239999999999999,16.49,8.31,14.03,22.34,25.41,14.71
746784,2024-06-07,2024,680776,L,694363,L,sac_fly,False,False,84.0,0.222,21.0,25.0,8.0,9.52,0.563,0.027999999999999997,26.57,11.45,20.48,31.93,30.0,23.08,49.0,0.289,15.0,30.61,3.0,6.12,0.749,0.133,24.44,10.73,20.0,30.73,27.27,25.86,44.0,0.308,5.0,11.36,2.0,4.55,0.736,0.10199999999999998,19.54,11.11,11.76,22.88,29.58,12.2,51.0,0.238,8.0,15.69,7.0,13.73,0.738,0.167,25.3,10.66,17.26,27.92,21.82,14.29
746784,2024-06-07,2024,665839,L,694363,L,walk,False,True,20.0,0.0,6.0,30.0,1.0,5.0,0.053,0.0,39.47,21.74,13.04,34.78,48.78,37.5,16.0,0.143,5.0,31.25,1.0,6.25,0.393,0.0,37.5,16.98,16.98,33.96,31.03,50.0,44.0,0.308,5.0,11.36,2.0,4.55,0.736,0.10199999999999998,19.54,11.11,11.76,22.88,29.58,12.2,51.0,0.238,8.0,15.69,7.0,13.73,0.738,0.167,25.3,10.66,17.26,27.92,21.82,14.29
746784,2024-06-07,2024,608701,R,694363,L,strikeout,True,False,47.0,0.333,14.0,29.79,4.0,8.51,0.88,0.14299999999999996,34.52,16.38,20.34,36.72,24.36,22.58,146.0,0.308,22.0,15.07,23.0,15.75,0.8280000000000001,0.092,21.59,8.39,20.38,28.77,17.59,13.66,73.0,0.213,10.0,13.7,11.0,15.07,0.673,0.13099999999999998,22.83,9.45,12.38,21.82,21.43,14.49,179.0,0.27,22.0,12.29,19.0,10.61,0.7989999999999999,0.177,20.58,9.6,15.74,25.34,24.62,12.15
746784,2024-06-07,2024,672820,R,656557,R,single,False,False,42.0,0.184,12.0,28.57,2.0,4.76,0.45499999999999996,0.026999999999999996,28.57,13.51,24.32,37.84,38.36,32.43,123.0,0.178,30.0,24.39,2.0,1.63,0.504,0.136,24.69,13.05,16.81,29.87,39.56,22.39,149.0,0.206,47.0,31.54,5.0,3.36,0.525,0.07100000000000004,26.79,12.46,22.81,35.26,36.04,25.82,225.0,0.236,48.0,21.33,16.0,7.11,0.622,0.089,29.72,14.27,17.37,31.64,31.71,21.52
746784,2024-06-07,2024,668752,L,656557,R,field_out,False,False,2.0,0.0,0.0,0.0,0.0,0.0,0.0,0.0,0.0,0.0,14.29,14.29,25.0,0.0,,,,,,,,,,,,,,,187.0,0.195,37.0,19.79,10.0,5.35,0.487,0.04099999999999998,21.58,10.57,19.64,30.21,26.94,21.14,240.0,0.271,51.0,21.25,25.0,10.42,0.858,0.2309999999999999,28.05,13.03,14.96,27.99,27.35,19.69
746784,2024-06-07,2024,676113,L,656557,R,double,False,False,9.0,0.125,4.0,44.44,1.0,11.11,0.472,0.125,33.33,13.79,24.14,37.93,30.77,40.0,,,,,,,,,,,,,,,187.0,0.195,37.0,19.79,10.0,5.35,0.487,0.04099999999999998,21.58,10.57,19.64,30.21,26.94,21.14,240.0,0.271,51.0,21.25,25.0,10.42,0.858,0.2309999999999999,28.05,13.03,14.96,27.99,27.35,19.69
746784,2024-06-07,2024,670032,L,656557,R,strikeout,True,False,155.0,0.248,24.0,15.48,13.0,8.39,0.61,0.043999999999999984,18.65,8.7,16.85,25.56,26.35,18.32,212.0,0.228,33.0,15.57,24.0,11.32,0.647,0.089,22.47,10.7,16.47,27.16,26.6,14.22,187.0,0.195,37.0,19.79,10.0,5.35,0.487,0.04099999999999998,21.58,10.57,19.64,30.21,26.94,21.14,240.0,0.271,51.0,21.25,25.0,10.42,0.858,0.2309999999999999,28.05,13.03,14.96,27.99,27.35,19.69
746784,2024-06-07,2024,673357,R,656557,R,strikeout,True,False,32.0,0.161,14.0,43.75,1.0,3.12,0.6719999999999999,0.32299999999999995,40.85,23.02,14.29,37.3,39.39,29.79,477.0,0.252,132.0,27.67,25.0,5.24,0.8340000000000001,0.279,32.83,18.94,10.59,29.53,40.07,24.77,149.0,0.206,47.0,31.54,5.0,3.36,0.525,0.07100000000000004,26.79,12.46,22.81,35.26,36.04,25.82,225.0,0.236,48.0,21.33,16.0,7.11,0.622,0.089,29.72,14.27,17.37,31.64,31.71,21.52
746784,2024-06-07,2024,666915,R,694363,L,field_out,False,False,25.0,0.13,13.0,52.0,2.0,8.0,0.33,0.0,45.28,20.87,20.0,40.87,22.41,30.23,22.0,0.35,11.0,50.0,2.0,9.09,0.859,0.1,50.0,23.16,18.95,42.11,28.85,39.29,73.0,0.213,10.0,13.7,11.0,15.07,0.673,0.13099999999999998,22.83,9.45,12.38,21.82,21.43,14.49,179.0,0.27,22.0,12.29,19.0,10.61,0.7989999999999999,0.177,20.58,9.6,15.74,25.34,24.62,12.15
746784,2024-06-07,2024,642197,R,694363,L,home_run,False,False,5.0,0.5,0.0,0.0,1.0,20.0,2.75,1.5,0.0,0.0,23.53,23.53,18.18,0.0,,,,,,,,,,,,,,,73.0,0.213,10.0,13.7,11.0,15.07,0.673,0.13099999999999998,22.83,9.45,12.38,21.82,21.43,14.49,179.0,0.27,22.0,12.29,19.0,10.61,0.7989999999999999,0.177,20.58,9.6,15.74,25.34,24.62,12.15
746784,2024-06-07,2024,642086,L,694363,L,single,False,False,16.0,0.4,3.0,18.75,1.0,6.25,1.171,0.33299999999999996,14.29,6.15,20.0,26.15,22.58,15.0,172.0,0.234,29.0,16.86,14.0,8.14,0.588,0.0569999999999999,20.07,8.92,18.77,27.69,25.32,16.2,44.0,0.308,5.0,11.36,2.0,4.55,0.736,0.10199999999999998,19.54,11.11,11.76,22.88,29.58,12.2,51.0,0.238,8.0,15.69,7.0,13.73,0.738,0.167,25.3,10.66,17.26,27.92,21.82,14.29
746784,2024-06-07,2024,657136,R,694363,L,walk,False,True,60.0,0.353,11.0,18.33,8.0,13.33,0.921,0.118,23.48,12.45,11.24,23.69,29.51,13.25,108.0,0.156,40.0,37.04,9.0,8.33,0.501,0.104,32.9,17.27,14.32,31.59,33.33,27.86,73.0,0.213,10.0,13.7,11.0,15.07,0.673,0.13099999999999998,22.83,9.45,12.38,21.82,21.43,14.49,179.0,0.27,22.0,12.29,19.0,10.61,0.7989999999999999,0.177,20.58,9.6,15.74,25.34,24.62,12.15
746784,2024-06-07,2024,666152,L,694363,L,force_out,False,False,14.0,0.231,4.0,28.57,1.0,7.14,0.517,0.0,31.58,12.0,20.0,32.0,12.5,28.57,3.0,0.333,0.0,0.0,0.0,0.0,0.666,0.0,25.0,16.67,16.67,33.33,50.0,,44.0,0.308,5.0,11.36,2.0,4.55,0.736,0.10199999999999998,19.54,11.11,11.76,22.88,29.58,12.2,51.0,0.238,8.0,15.69,7.0,13.73,0.738,0.167,25.3,10.66,17.26,27.92,21.82,14.29
746784,2024-06-07,2024,678882,R,694363,L,single,False,False,55.0,0.216,16.0,29.09,3.0,5.45,0.651,0.17600000000000002,33.63,18.45,14.56,33.01,41.12,25.0,27.0,0.192,8.0,29.63,1.0,3.7,0.645,0.2309999999999999,36.36,19.23,14.42,33.65,30.0,24.24,73.0,0.213,10.0,13.7,11.0,15.07,0.673,0.13099999999999998,22.83,9.45,12.38,21.82,21.43,14.49,179.0,0.27,22.0,12.29,19.0,10.61,0.7989999999999999,0.177,20.58,9.6,15.74,25.34,24.62,12.15
746784,2024-06-07,2024,680776,L,605121,R,single,False,False,203.0,0.29,43.0,21.18,15.0,7.39,0.893,0.25800000000000006,23.8,11.42,15.02,26.44,28.29,19.82,314.0,0.296,75.0,23.89,21.0,6.69,0.84,0.195,24.68,12.92,13.75,26.67,30.3,19.02,15.0,0.167,3.0,20.0,2.0,13.33,0.5,0.0,14.81,7.02,14.04,21.05,30.0,16.67,,,,,,,,,,,,,,
746784,2024-06-07,2024,665839,L,605121,R,field_out,False,False,100.0,0.226,26.0,26.0,4.0,4.0,0.702,0.226,21.43,10.63,17.97,28.61,31.84,19.4,133.0,0.28,32.0,24.06,7.0,5.26,0.806,0.2079999999999999,23.05,10.04,20.07,30.11,28.72,21.48,15.0,0.167,3.0,20.0,2.0,13.33,0.5,0.0,14.81,7.02,14.04,21.05,30.0,16.67,,,,,,,,,,,,,,
746784,2024-06-07,2024,657757,L,656557,R,field_out,False,False,183.0,0.244,27.0,14.75,24.0,13.11,0.756,0.16000000000000003,18.4,8.03,17.8,25.84,27.87,11.44,324.0,0.212,58.0,17.9,28.0,8.64,0.63,0.1369999999999999,20.44,9.67,14.66,24.33,29.35,14.25,187.0,0.195,37.0,19.79,10.0,5.35,0.487,0.04099999999999998,21.58,10.57,19.64,30.21,26.94,21.14,240.0,0.271,51.0,21.25,25.0,10.42,0.858,0.2309999999999999,28.05,13.03,14.96,27.99,27.35,19.69
746784,2024-06-07,2024,683734,R,656557,R,home_run,False,False,185.0,0.198,50.0,27.03,14.0,7.57,0.593,0.125,24.49,11.48,18.03,29.51,30.5,21.19,474.0,0.267,109.0,23.0,29.0,6.12,0.774,0.18,26.24,11.95,18.94,30.89,30.92,21.51,149.0,0.206,47.0,31.54,5.0,3.36,0.525,0.07100000000000004,26.79,12.46,22.81,35.26,36.04,25.82,225.0,0.236,48.0,21.33,16.0,7.11,0.622,0.089,29.72,14.27,17.37,31.64,31.71,21.52
746784,2024-06-07,2024,657557,R,656557,R,strikeout,True,False,147.0,0.259,49.0,33.33,5.0,3.4,0.8089999999999999,0.237,32.83,19.22,9.43,28.65,33.33,25.93,281.0,0.203,86.0,30.6,12.0,4.27,0.603,0.1539999999999999,36.49,19.09,15.38,34.47,35.28,34.68,149.0,0.206,47.0,31.54,5.0,3.36,0.525,0.07100000000000004,26.79,12.46,22.81,35.26,36.04,25.82,225.0,0.236,48.0,21.33,16.0,7.11,0.622,0.089,29.72,14.27,17.37,31.64,31.71,21.52
746784,2024-06-07,2024,686676,R,656557,R,strikeout,True,False,110.0,0.252,30.0,27.27,6.0,5.45,0.721,0.175,37.5,21.0,11.5,32.5,31.11,22.73,47.0,0.116,12.0,25.53,4.0,8.51,0.4,0.0929999999999999,33.71,18.07,13.25,31.33,34.15,23.53,149.0,0.206,47.0,31.54,5.0,3.36,0.525,0.07100000000000004,26.79,12.46,22.81,35.26,36.04,25.82,225.0,0.236,48.0,21.33,16.0,7.11,0.622,0.089,29.72,14.27,17.37,31.64,31.71,21.52
746784,2024-06-07,2024,608701,R,605121,R,double,False,False,70.0,0.355,13.0,18.57,6.0,8.57,0.9849999999999999,0.20999999999999996,18.4,8.61,17.6,26.22,23.02,15.12,98.0,0.159,25.0,25.51,10.0,10.2,0.466,0.036,25.0,10.43,19.91,30.33,20.39,18.38,33.0,0.345,7.0,21.21,4.0,12.12,0.976,0.20700000000000007,32.76,13.97,21.32,35.29,37.18,12.5,,,,,,,,,,,,,,
746784,2024-06-07,2024,666915,R,605121,R,single,False,False,40.0,0.167,18.0,45.0,2.0,5.0,0.453,0.05499999999999999,42.67,19.88,21.74,41.61,27.94,30.0,31.0,0.103,17.0,54.84,2.0,6.45,0.368,0.104,45.45,22.22,17.78,40.0,36.11,38.64,33.0,0.345,7.0,21.21,4.0,12.12,0.976,0.20700000000000007,32.76,13.97,21.32,35.29,37.18,12.5,,,,,,,,,,,,,,
746784,2024-06-07,2024,642197,R,605121,R,field_out,False,False,3.0,0.333,1.0,33.33,0.0,0.0,0.666,0.0,20.0,9.09,18.18,27.27,33.33,33.33,,,,,,,,,,,,,,,33.0,0.345,7.0,21.21,4.0,12.12,0.976,0.20700000000000007,32.76,13.97,21.32,35.29,37.18,12.5,,,,,,,,,,,,,,
746784,2024-06-07,2024,642086,L,605121,R,field_out,False,False,96.0,0.202,18.0,18.75,11.0,11.46,0.5760000000000001,0.07200000000000001,23.81,11.49,16.09,27.59,31.84,20.45,414.0,0.263,62.0,14.98,33.0,7.97,0.736,0.135,19.9,10.09,14.56,24.65,32.27,13.42,15.0,0.167,3.0,20.0,2.0,13.33,0.5,0.0,14.81,7.02,14.04,21.05,30.0,16.67,,,,,,,,,,,,,,
746784,2024-06-07,2024,657136,R,605121,R,strikeout,True,False,114.0,0.314,23.0,20.18,1.0,0.88,0.802,0.14300000000000002,26.21,14.29,14.81,29.1,34.46,23.23,296.0,0.262,94.0,31.76,13.0,4.39,0.734,0.1669999999999999,32.08,16.95,15.14,32.09,35.28,27.01,33.0,0.345,7.0,21.21,4.0,12.12,0.976,0.20700000000000007,32.76,13.97,21.32,35.29,37.18,12.5,,,,,,,,,,,,,,
746784,2024-06-07,2024,672820,R,592155,L,field_out,False,False,17.0,0.312,4.0,23.53,1.0,5.88,0.915,0.25000000000000006,20.0,8.82,17.65,26.47,25.0,25.0,50.0,0.261,10.0,20.0,3.0,6.0,0.741,0.174,22.11,11.8,17.98,29.78,44.19,18.87,59.0,0.241,18.0,30.51,4.0,6.78,0.714,0.185,33.05,18.57,15.71,34.29,41.3,33.33,,,,,,,,,,,,,,
746784,2024-06-07,2024,668752,L,592155,L,strikeout,True,False,1.0,0.0,1.0,100.0,0.0,0.0,0.0,0.0,33.33,20.0,20.0,40.0,0.0,50.0,,,,,,,,,,,,,,,36.0,0.257,10.0,27.78,1.0,2.78,0.649,0.11399999999999999,23.88,12.03,19.55,31.58,32.79,24.39,,,,,,,,,,,,,,
746784,2024-06-07,2024,676113,L,592155,L,strikeout,True,False,1.0,0.0,1.0,100.0,0.0,0.0,0.0,0.0,50.0,33.33,33.33,66.67,,100.0,,,,,,,,,,,,,,,36.0,0.257,10.0,27.78,1.0,2.78,0.649,0.11399999999999999,23.88,12.03,19.55,31.58,32.79,24.39,,,,,,,,,,,,,,
746784,2024-06-07,2024,666152,L,664901,R,single,False,False,101.0,0.283,23.0,22.77,8.0,7.92,0.782,0.15200000000000002,26.38,11.11,20.16,31.27,19.59,21.3,36.0,0.1,10.0,27.78,6.0,16.67,0.417,0.067,20.0,8.44,23.38,31.82,26.39,15.38,3.0,0.667,0.0,0.0,0.0,0.0,1.334,0.0,0.0,0.0,27.27,27.27,25.0,0.0,7.0,0.571,0.0,0.0,0.0,0.0,1.857,0.7150000000000001,0.0,0.0,5.0,5.0,40.0,0.0
746784,2024-06-07,2024,678882,R,664901,R,field_out,False,False,173.0,0.215,45.0,26.01,5.0,2.89,0.606,0.153,32.35,20.0,11.9,31.9,44.52,22.73,62.0,0.263,20.0,32.26,3.0,4.84,0.6739999999999999,0.1049999999999999,27.08,15.6,11.2,26.8,42.11,22.22,1.0,0.0,0.0,0.0,0.0,0.0,0.0,0.0,0.0,0.0,0.0,0.0,66.67,0.0,8.0,0.625,0.0,0.0,0.0,0.0,1.75,0.5,7.14,5.56,0.0,5.56,42.86,0.0
746784,2024-06-07,2024,680776,L,664901,R,single,False,False,203.0,0.29,43.0,21.18,15.0,7.39,0.893,0.25800000000000006,23.8,11.42,15.02,26.44,28.29,19.82,314.0,0.296,75.0,23.89,21.0,6.69,0.84,0.195,24.68,12.92,13.75,26.67,30.3,19.02,3.0,0.667,0.0,0.0,0.0,0.0,1.334,0.0,0.0,0.0,27.27,27.27,25.0,0.0,7.0,0.571,0.0,0.0,0.0,0.0,1.857,0.7150000000000001,0.0,0.0,5.0,5.0,40.0,0.0
746784,2024-06-07,2024,665839,L,664901,R,grounded_into_double_play,False,False,100.0,0.226,26.0,26.0,4.0,4.0,0.702,0.226,21.43,10.63,17.97,28.61,31.84,19.4,133.0,0.28,32.0,24.06,7.0,5.26,0.806,0.2079999999999999,23.05,10.04,20.07,30.11,28.72,21.48,3.0,0.667,0.0,0.0,0.0,0.0,1.334,0.0,0.0,0.0,27.27,27.27,25.0,0.0,7.0,0.571,0.0,0.0,0.0,0.0,1.857,0.7150000000000001,0.0,0.0,5.0,5.0,40.0,0.0
746784,2024-06-07,2024,670032,L,592155,L,strikeout,True,False,32.0,0.226,4.0,12.5,0.0,0.0,0.476,0.0,15.87,9.17,16.51,25.69,44.0,12.9,50.0,0.244,7.0,14.0,2.0,4.0,0.573,0.023,20.21,9.79,16.49,26.29,26.97,12.28,36.0,0.257,10.0,27.78,1.0,2.78,0.649,0.11399999999999999,23.88,12.03,19.55,31.58,32.79,24.39,,,,,,,,,,,,,,
746784,2024-06-07,2024,664901,R,592155,L,walk,False,True,28.0,0.32,5.0,17.86,3.0,10.71,1.073,0.36000000000000004,20.0,9.09,15.45,24.55,20.69,20.0,41.0,0.225,10.0,24.39,1.0,2.44,0.544,0.0749999999999999,22.67,10.62,20.0,30.63,24.29,21.74,59.0,0.241,18.0,30.51,4.0,6.78,0.714,0.185,33.05,18.57,15.71,34.29,41.3,33.33,,,,,,,,,,,,,,
746784,2024-06-07,2024,693049,L,592155,L,single,False,False,2.0,0.5,1.0,50.0,0.0,0.0,1.0,0.0,66.67,33.33,16.67,50.0,50.0,50.0,63.0,0.19,17.0,26.98,3.0,4.76,0.5309999999999999,0.1029999999999999,34.51,17.73,16.82,34.55,39.82,27.42,36.0,0.257,10.0,27.78,1.0,2.78,0.649,0.11399999999999999,23.88,12.03,19.55,31.58,32.79,24.39,,,,,,,,,,,,,,
746784,2024-06-07,2024,683734,R,592155,L,field_out,False,False,48.0,0.261,7.0,14.58,2.0,4.17,0.683,0.13,26.09,12.9,15.05,27.96,33.33,14.29,142.0,0.227,20.0,14.08,7.0,4.93,0.641,0.144,18.15,9.74,13.42,23.16,34.55,11.83,59.0,0.241,18.0,30.51,4.0,6.78,0.714,0.185,33.05,18.57,15.71,34.29,41.3,33.33,,,,,,,,,,,,,,
746784,2024-06-07,2024,657557,R,592155,L,field_out,False,False,49.0,0.111,17.0,34.69,2.0,4.08,0.43000000000000005,0.15600000000000003,41.82,24.08,9.42,33.51,29.79,28.81,119.0,0.217,35.0,29.41,9.0,7.56,0.635,0.1319999999999999,33.2,18.24,12.75,30.99,37.18,23.03,59.0,0.241,18.0,30.51,4.0,6.78,0.714,0.185,33.05,18.57,15.71,34.29,41.3,33.33,,,,,,,,,,,,,,
745814,2024-06-08,2024,656941,L,640455,L,field_out,False,False,114.0,0.312,31.0,27.19,18.0,15.79,0.8999999999999999,0.16699999999999998,34.68,13.04,21.74,34.78,19.18,25.62,253.0,0.188,87.0,34.39,41.0,16.21,0.758,0.242,32.04,11.82,21.04,32.86,21.61,24.51,37.0,0.265,11.0,29.73,3.0,8.11,0.706,0.11699999999999999,25.0,10.84,18.07,28.92,23.68,21.57,172.0,0.2,49.0,28.49,14.0,8.14,0.5700000000000001,0.0969999999999999,22.78,10.21,19.15,29.36,25.81,20.08
745814,2024-06-08,2024,592663,R,640455,L,strikeout,True,False,71.0,0.328,18.0,25.35,4.0,5.63,0.888,0.194,23.24,11.96,17.75,29.71,29.75,21.18,151.0,0.255,43.0,28.48,9.0,5.96,0.8380000000000001,0.263,29.97,14.7,15.97,30.67,32.79,21.5,205.0,0.228,46.0,22.44,21.0,10.24,0.645,0.10500000000000001,25.75,12.94,12.7,25.64,27.27,17.56,328.0,0.253,79.0,24.09,28.0,8.54,0.773,0.193,24.72,12.91,14.09,27.0,27.61,17.17
745814,2024-06-08,2024,547180,L,640455,L,double,False,False,101.0,0.271,28.0,27.72,15.0,14.85,0.847,0.19999999999999996,33.0,16.34,11.39,27.72,32.42,25.23,171.0,0.289,39.0,22.81,20.0,11.7,0.884,0.221,38.61,20.03,9.85,29.89,35.59,22.41,37.0,0.265,11.0,29.73,3.0,8.11,0.706,0.11699999999999999,25.0,10.84,18.07,28.92,23.68,21.57,172.0,0.2,49.0,28.49,14.0,8.14,0.5700000000000001,0.0969999999999999,22.78,10.21,19.15,29.36,25.81,20.08
745814,2024-06-08,2024,664761,R,640455,L,field_out,False,False,85.0,0.266,10.0,11.76,6.0,7.06,0.748,0.16399999999999998,11.89,5.7,14.77,20.47,23.81,12.82,167.0,0.303,26.0,15.57,8.0,4.79,0.929,0.291,20.3,10.86,12.97,23.82,35.24,14.21,205.0,0.228,46.0,22.44,21.0,10.24,0.645,0.10500000000000001,25.75,12.94,12.7,25.64,27.27,17.56,328.0,0.253,79.0,24.09,28.0,8.54,0.773,0.193,24.72,12.91,14.09,27.0,27.61,17.17
745814,2024-06-08,2024,596019,R,624133,L,double,False,False,63.0,0.286,4.0,6.35,4.0,6.35,0.901,0.25000000000000006,13.76,6.33,17.3,23.63,22.69,7.41,204.0,0.281,35.0,17.16,15.0,7.35,0.916,0.2919999999999999,20.49,9.45,15.99,25.44,24.88,16.36,222.0,0.172,62.0,27.93,15.0,6.76,0.49,0.08300000000000002,25.56,11.84,17.24,29.08,31.39,22.76,448.0,0.278,100.0,22.32,45.0,10.04,0.7749999999999999,0.1459999999999999,24.15,10.61,17.49,28.1,27.96,20.41
745814,2024-06-08,2024,624413,R,624133,L,strikeout,True,False,67.0,0.22,14.0,20.9,6.0,8.96,0.821,0.28800000000000003,20.45,9.78,14.86,24.64,28.26,15.38,183.0,0.224,42.0,22.95,21.0,11.48,0.859,0.302,25.52,11.15,17.51,28.66,27.34,16.87,222.0,0.172,62.0,27.93,15.0,6.76,0.49,0.08300000000000002,25.56,11.84,17.24,29.08,31.39,22.76,448.0,0.278,100.0,22.32,45.0,10.04,0.7749999999999999,0.1459999999999999,24.15,10.61,17.49,28.1,27.96,20.41
745814,2024-06-08,2024,607043,L,624133,L,field_out,False,False,68.0,0.246,13.0,19.12,2.0,2.94,0.75,0.18,28.44,12.65,19.59,32.24,30.16,20.31,236.0,0.286,48.0,20.34,14.0,5.93,0.749,0.118,24.0,10.48,21.38,31.86,21.45,15.14,55.0,0.151,17.0,30.91,1.0,1.82,0.46499999999999997,0.13199999999999998,22.12,11.92,20.21,32.12,43.33,25.76,93.0,0.218,19.0,20.43,3.0,3.23,0.612,0.15,17.48,8.93,20.0,28.93,40.77,29.69
745814,2024-06-08,2024,502110,R,624133,L,hit_by_pitch,False,False,43.0,0.342,8.0,18.6,5.0,11.63,0.972,0.21100000000000002,19.57,9.57,10.64,20.21,30.19,12.7,137.0,0.274,43.0,31.39,13.0,9.49,0.924,0.3069999999999999,30.91,15.57,13.74,29.3,29.27,23.5,222.0,0.172,62.0,27.93,15.0,6.76,0.49,0.08300000000000002,25.56,11.84,17.24,29.08,31.39,22.76,448.0,0.278,100.0,22.32,45.0,10.04,0.7749999999999999,0.1459999999999999,24.15,10.61,17.49,28.1,27.96,20.41
745814,2024-06-08,2024,516782,R,624133,L,double,False,False,60.0,0.302,12.0,20.0,6.0,10.0,0.8360000000000001,0.15100000000000002,28.68,14.92,12.5,27.42,31.2,12.77,96.0,0.273,18.0,18.75,5.0,5.21,0.66,0.068,25.99,13.29,13.87,27.17,35.98,20.22,222.0,0.172,62.0,27.93,15.0,6.76,0.49,0.08300000000000002,25.56,11.84,17.24,29.08,31.39,22.76,448.0,0.278,100.0,22.32,45.0,10.04,0.7749999999999999,0.1459999999999999,24.15,10.61,17.49,28.1,27.96,20.41
745814,2024-06-08,2024,668901,R,624133,L,strikeout,True,False,36.0,0.406,6.0,16.67,4.0,11.11,1.284,0.406,25.71,14.06,10.16,24.22,32.0,19.35,88.0,0.214,30.0,34.09,2.0,2.27,0.584,0.1309999999999999,40.66,21.26,14.94,36.21,36.02,26.79,222.0,0.172,62.0,27.93,15.0,6.76,0.49,0.08300000000000002,25.56,11.84,17.24,29.08,31.39,22.76,448.0,0.278,100.0,22.32,45.0,10.04,0.7749999999999999,0.1459999999999999,24.15,10.61,17.49,28.1,27.96,20.41
745814,2024-06-08,2024,592206,R,640455,L,strikeout,True,False,75.0,0.239,20.0,26.67,4.0,5.33,0.7450000000000001,0.22600000000000003,34.19,18.73,11.66,30.39,37.93,25.0,188.0,0.324,45.0,23.94,11.0,5.85,0.93,0.237,31.05,17.91,10.17,28.07,42.3,21.63,205.0,0.228,46.0,22.44,21.0,10.24,0.645,0.10500000000000001,25.75,12.94,12.7,25.64,27.27,17.56,328.0,0.253,79.0,24.09,28.0,8.54,0.773,0.193,24.72,12.91,14.09,27.0,27.61,17.17
745814,2024-06-08,2024,681082,L,640455,L,strikeout,True,False,63.0,0.241,11.0,17.46,8.0,12.7,0.6639999999999999,0.07400000000000001,17.2,6.4,24.0,30.4,16.38,16.42,167.0,0.282,24.0,14.37,13.0,7.78,0.73,0.101,17.59,7.8,22.11,29.91,32.56,10.39,37.0,0.265,11.0,29.73,3.0,8.11,0.706,0.11699999999999999,25.0,10.84,18.07,28.92,23.68,21.57,172.0,0.2,49.0,28.49,14.0,8.14,0.5700000000000001,0.0969999999999999,22.78,10.21,19.15,29.36,25.81,20.08
745814,2024-06-08,2024,624641,R,640455,L,field_out,False,False,49.0,0.326,9.0,18.37,5.0,10.2,1.129,0.39499999999999996,29.81,15.66,12.63,28.28,36.04,16.07,124.0,0.267,33.0,26.61,3.0,2.42,0.792,0.2159999999999999,27.7,16.7,13.23,29.93,44.69,21.29,205.0,0.228,46.0,22.44,21.0,10.24,0.645,0.10500000000000001,25.75,12.94,12.7,25.64,27.27,17.56,328.0,0.253,79.0,24.09,28.0,8.54,0.773,0.193,24.72,12.91,14.09,27.0,27.61,17.17
745814,2024-06-08,2024,664056,R,624133,L,field_out,False,False,66.0,0.237,11.0,16.67,5.0,7.58,0.6439999999999999,0.119,21.85,10.53,17.41,27.94,36.94,17.46,97.0,0.299,14.0,14.43,8.0,8.25,0.936,0.2759999999999999,23.49,10.71,18.68,29.4,31.94,16.67,222.0,0.172,62.0,27.93,15.0,6.76,0.49,0.08300000000000002,25.56,11.84,17.24,29.08,31.39,22.76,448.0,0.278,100.0,22.32,45.0,10.04,0.7749999999999999,0.1459999999999999,24.15,10.61,17.49,28.1,27.96,20.41
745814,2024-06-08,2024,578428,R,624133,L,strikeout,True,False,12.0,0.417,2.0,16.67,0.0,0.0,0.917,0.08300000000000002,31.58,18.18,18.18,36.36,50.0,25.0,,,,,,,,,,,,,,,222.0,0.172,62.0,27.93,15.0,6.76,0.49,0.08300000000000002,25.56,11.84,17.24,29.08,31.39,22.76,448.0,0.278,100.0,22.32,45.0,10.04,0.7749999999999999,0.1459999999999999,24.15,10.61,17.49,28.1,27.96,20.41
745814,2024-06-08,2024,620443,R,624133,L,field_out,False,False,4.0,0.5,2.0,50.0,0.0,0.0,2.5,1.5,30.77,21.05,10.53,31.58,33.33,22.22,21.0,0.3,6.0,28.57,1.0,4.76,0.7330000000000001,0.1,28.57,16.87,12.05,28.92,44.19,25.0,222.0,0.172,62.0,27.93,15.0,6.76,0.49,0.08300000000000002,25.56,11.84,17.24,29.08,31.39,22.76,448.0,0.278,100.0,22.32,45.0,10.04,0.7749999999999999,0.1459999999999999,24.15,10.61,17.49,28.1,27.96,20.41
745814,2024-06-08,2024,593160,R,640455,L,field_out,False,False,55.0,0.192,4.0,7.27,2.0,3.64,0.568,0.15399999999999997,18.63,9.74,16.92,26.67,29.21,6.56,147.0,0.259,21.0,14.29,9.0,6.12,0.692,0.134,17.44,9.06,13.12,22.18,31.02,14.19,205.0,0.228,46.0,22.44,21.0,10.24,0.645,0.10500000000000001,25.75,12.94,12.7,25.64,27.27,17.56,328.0,0.253,79.0,24.09,28.0,8.54,0.773,0.193,24.72,12.91,14.09,27.0,27.61,17.17
745814,2024-06-08,2024,665506,R,640455,L,field_out,False,False,44.0,0.194,15.0,34.09,8.0,18.18,0.619,0.08400000000000002,31.25,13.23,15.34,28.57,18.56,26.32,57.0,0.314,13.0,22.81,5.0,8.77,0.924,0.235,32.38,15.45,14.09,29.55,25.93,19.4,205.0,0.228,46.0,22.44,21.0,10.24,0.645,0.10500000000000001,25.75,12.94,12.7,25.64,27.27,17.56,328.0,0.253,79.0,24.09,28.0,8.54,0.773,0.193,24.72,12.91,14.09,27.0,27.61,17.17
745814,2024-06-08,2024,656941,L,640455,L,field_out,False,False,114.0,0.312,31.0,27.19,18.0,15.79,0.8999999999999999,0.16699999999999998,34.68,13.04,21.74,34.78,19.18,25.62,253.0,0.188,87.0,34.39,41.0,16.21,0.758,0.242,32.04,11.82,21.04,32.86,21.61,24.51,37.0,0.265,11.0,29.73,3.0,8.11,0.706,0.11699999999999999,25.0,10.84,18.07,28.92,23.68,21.57,172.0,0.2,49.0,28.49,14.0,8.14,0.5700000000000001,0.0969999999999999,22.78,10.21,19.15,29.36,25.81,20.08
745814,2024-06-08,2024,596019,R,624133,L,field_out,False,False,63.0,0.286,4.0,6.35,4.0,6.35,0.901,0.25000000000000006,13.76,6.33,17.3,23.63,22.69,7.41,204.0,0.281,35.0,17.16,15.0,7.35,0.916,0.2919999999999999,20.49,9.45,15.99,25.44,24.88,16.36,222.0,0.172,62.0,27.93,15.0,6.76,0.49,0.08300000000000002,25.56,11.84,17.24,29.08,31.39,22.76,448.0,0.278,100.0,22.32,45.0,10.04,0.7749999999999999,0.1459999999999999,24.15,10.61,17.49,28.1,27.96,20.41
745814,2024-06-08,2024,624413,R,624133,L,walk,False,True,67.0,0.22,14.0,20.9,6.0,8.96,0.821,0.28800000000000003,20.45,9.78,14.86,24.64,28.26,15.38,183.0,0.224,42.0,22.95,21.0,11.48,0.859,0.302,25.52,11.15,17.51,28.66,27.34,16.87,222.0,0.172,62.0,27.93,15.0,6.76,0.49,0.08300000000000002,25.56,11.84,17.24,29.08,31.39,22.76,448.0,0.278,100.0,22.32,45.0,10.04,0.7749999999999999,0.1459999999999999,24.15,10.61,17.49,28.1,27.96,20.41
745814,2024-06-08,2024,607043,L,624133,L,force_out,False,False,68.0,0.246,13.0,19.12,2.0,2.94,0.75,0.18,28.44,12.65,19.59,32.24,30.16,20.31,236.0,0.286,48.0,20.34,14.0,5.93,0.749,0.118,24.0,10.48,21.38,31.86,21.45,15.14,55.0,0.151,17.0,30.91,1.0,1.82,0.46499999999999997,0.13199999999999998,22.12,11.92,20.21,32.12,43.33,25.76,93.0,0.218,19.0,20.43,3.0,3.23,0.612,0.15,17.48,8.93,20.0,28.93,40.77,29.69
745814,2024-06-08,2024,502110,R,624133,L,strikeout,True,False,43.0,0.342,8.0,18.6,5.0,11.63,0.972,0.21100000000000002,19.57,9.57,10.64,20.21,30.19,12.7,137.0,0.274,43.0,31.39,13.0,9.49,0.924,0.3069999999999999,30.91,15.57,13.74,29.3,29.27,23.5,222.0,0.172,62.0,27.93,15.0,6.76,0.49,0.08300000000000002,25.56,11.84,17.24,29.08,31.39,22.76,448.0,0.278,100.0,22.32,45.0,10.04,0.7749999999999999,0.1459999999999999,24.15,10.61,17.49,28.1,27.96,20.41
745814,2024-06-08,2024,592663,R,640455,L,field_out,False,False,71.0,0.328,18.0,25.35,4.0,5.63,0.888,0.194,23.24,11.96,17.75,29.71,29.75,21.18,151.0,0.255,43.0,28.48,9.0,5.96,0.8380000000000001,0.263,29.97,14.7,15.97,30.67,32.79,21.5,205.0,0.228,46.0,22.44,21.0,10.24,0.645,0.10500000000000001,25.75,12.94,12.7,25.64,27.27,17.56,328.0,0.253,79.0,24.09,28.0,8.54,0.773,0.193,24.72,12.91,14.09,27.0,27.61,17.17
745814,2024-06-08,2024,547180,L,640455,L,home_run,False,False,101.0,0.271,28.0,27.72,15.0,14.85,0.847,0.19999999999999996,33.0,16.34,11.39,27.72,32.42,25.23,171.0,0.289,39.0,22.81,20.0,11.7,0.884,0.221,38.61,20.03,9.85,29.89,35.59,22.41,37.0,0.265,11.0,29.73,3.0,8.11,0.706,0.11699999999999999,25.0,10.84,18.07,28.92,23.68,21.57,172.0,0.2,49.0,28.49,14.0,8.14,0.5700000000000001,0.0969999999999999,22.78,10.21,19.15,29.36,25.81,20.08
745814,2024-06-08,2024,664761,R,640455,L,single,False,False,85.0,0.266,10.0,11.76,6.0,7.06,0.748,0.16399999999999998,11.89,5.7,14.77,20.47,23.81,12.82,167.0,0.303,26.0,15.57,8.0,4.79,0.929,0.291,20.3,10.86,12.97,23.82,35.24,14.21,205.0,0.228,46.0,22.44,21.0,10.24,0.645,0.10500000000000001,25.75,12.94,12.7,25.64,27.27,17.56,328.0,0.253,79.0,24.09,28.0,8.54,0.773,0.193,24.72,12.91,14.09,27.0,27.61,17.17
745814,2024-06-08,2024,592206,R,640455,L,field_out,False,False,75.0,0.239,20.0,26.67,4.0,5.33,0.7450000000000001,0.22600000000000003,34.19,18.73,11.66,30.39,37.93,25.0,188.0,0.324,45.0,23.94,11.0,5.85,0.93,0.237,31.05,17.91,10.17,28.07,42.3,21.63,205.0,0.228,46.0,22.44,21.0,10.24,0.645,0.10500000000000001,25.75,12.94,12.7,25.64,27.27,17.56,328.0,0.253,79.0,24.09,28.0,8.54,0.773,0.193,24.72,12.91,14.09,27.0,27.61,17.17
745814,2024-06-08,2024,681082,L,640455,L,walk,False,True,63.0,0.241,11.0,17.46,8.0,12.7,0.6639999999999999,0.07400000000000001,17.2,6.4,24.0,30.4,16.38,16.42,167.0,0.282,24.0,14.37,13.0,7.78,0.73,0.101,17.59,7.8,22.11,29.91,32.56,10.39,37.0,0.265,11.0,29.73,3.0,8.11,0.706,0.11699999999999999,25.0,10.84,18.07,28.92,23.68,21.57,172.0,0.2,49.0,28.49,14.0,8.14,0.5700000000000001,0.0969999999999999,22.78,10.21,19.15,29.36,25.81,20.08
745814,2024-06-08,2024,624641,R,640455,L,single,False,False,49.0,0.326,9.0,18.37,5.0,10.2,1.129,0.39499999999999996,29.81,15.66,12.63,28.28,36.04,16.07,124.0,0.267,33.0,26.61,3.0,2.42,0.792,0.2159999999999999,27.7,16.7,13.23,29.93,44.69,21.29,205.0,0.228,46.0,22.44,21.0,10.24,0.645,0.10500000000000001,25.75,12.94,12.7,25.64,27.27,17.56,328.0,0.253,79.0,24.09,28.0,8.54,0.773,0.193,24.72,12.91,14.09,27.0,27.61,17.17
745814,2024-06-08,2024,593160,R,640455,L,home_run,False,False,55.0,0.192,4.0,7.27,2.0,3.64,0.568,0.15399999999999997,18.63,9.74,16.92,26.67,29.21,6.56,147.0,0.259,21.0,14.29,9.0,6.12,0.692,0.134,17.44,9.06,13.12,22.18,31.02,14.19,205.0,0.228,46.0,22.44,21.0,10.24,0.645,0.10500000000000001,25.75,12.94,12.7,25.64,27.27,17.56,328.0,0.253,79.0,24.09,28.0,8.54,0.773,0.193,24.72,12.91,14.09,27.0,27.61,17.17
745814,2024-06-08,2024,665506,R,640455,L,double,False,False,44.0,0.194,15.0,34.09,8.0,18.18,0.619,0.08400000000000002,31.25,13.23,15.34,28.57,18.56,26.32,57.0,0.314,13.0,22.81,5.0,8.77,0.924,0.235,32.38,15.45,14.09,29.55,25.93,19.4,205.0,0.228,46.0,22.44,21.0,10.24,0.645,0.10500000000000001,25.75,12.94,12.7,25.64,27.27,17.56,328.0,0.253,79.0,24.09,28.0,8.54,0.773,0.193,24.72,12.91,14.09,27.0,27.61,17.17
745814,2024-06-08,2024,656941,L,640455,L,single,False,False,114.0,0.312,31.0,27.19,18.0,15.79,0.8999999999999999,0.16699999999999998,34.68,13.04,21.74,34.78,19.18,25.62,253.0,0.188,87.0,34.39,41.0,16.21,0.758,0.242,32.04,11.82,21.04,32.86,21.61,24.51,37.0,0.265,11.0,29.73,3.0,8.11,0.706,0.11699999999999999,25.0,10.84,18.07,28.92,23.68,21.57,172.0,0.2,49.0,28.49,14.0,8.14,0.5700000000000001,0.0969999999999999,22.78,10.21,19.15,29.36,25.81,20.08
745814,2024-06-08,2024,592663,R,656887,R,field_out,False,False,143.0,0.235,40.0,27.97,7.0,4.9,0.653,0.136,29.72,15.4,14.49,29.89,30.83,23.95,389.0,0.25,95.0,24.42,26.0,6.68,0.733,0.176,24.63,12.47,14.02,26.48,29.65,21.02,45.0,0.216,11.0,24.44,8.0,17.78,0.599,0.026999999999999996,28.57,11.96,21.74,33.7,19.39,20.75,16.0,0.083,6.0,37.5,3.0,18.75,0.417,0.084,31.03,12.33,24.66,36.99,20.0,25.0
745814,2024-06-08,2024,516782,R,624133,L,single,False,False,60.0,0.302,12.0,20.0,6.0,10.0,0.8360000000000001,0.15100000000000002,28.68,14.92,12.5,27.42,31.2,12.77,96.0,0.273,18.0,18.75,5.0,5.21,0.66,0.068,25.99,13.29,13.87,27.17,35.98,20.22,222.0,0.172,62.0,27.93,15.0,6.76,0.49,0.08300000000000002,25.56,11.84,17.24,29.08,31.39,22.76,448.0,0.278,100.0,22.32,45.0,10.04,0.7749999999999999,0.1459999999999999,24.15,10.61,17.49,28.1,27.96,20.41
745814,2024-06-08,2024,668901,R,624133,L,force_out,False,False,36.0,0.406,6.0,16.67,4.0,11.11,1.284,0.406,25.71,14.06,10.16,24.22,32.0,19.35,88.0,0.214,30.0,34.09,2.0,2.27,0.584,0.1309999999999999,40.66,21.26,14.94,36.21,36.02,26.79,222.0,0.172,62.0,27.93,15.0,6.76,0.49,0.08300000000000002,25.56,11.84,17.24,29.08,31.39,22.76,448.0,0.278,100.0,22.32,45.0,10.04,0.7749999999999999,0.1459999999999999,24.15,10.61,17.49,28.1,27.96,20.41
745814,2024-06-08,2024,664056,R,624133,L,field_out,False,False,66.0,0.237,11.0,16.67,5.0,7.58,0.6439999999999999,0.119,21.85,10.53,17.41,27.94,36.94,17.46,97.0,0.299,14.0,14.43,8.0,8.25,0.936,0.2759999999999999,23.49,10.71,18.68,29.4,31.94,16.67,222.0,0.172,62.0,27.93,15.0,6.76,0.49,0.08300000000000002,25.56,11.84,17.24,29.08,31.39,22.76,448.0,0.278,100.0,22.32,45.0,10.04,0.7749999999999999,0.1459999999999999,24.15,10.61,17.49,28.1,27.96,20.41
745814,2024-06-08,2024,578428,R,624133,L,double,False,False,12.0,0.417,2.0,16.67,0.0,0.0,0.917,0.08300000000000002,31.58,18.18,18.18,36.36,50.0,25.0,,,,,,,,,,,,,,,222.0,0.172,62.0,27.93,15.0,6.76,0.49,0.08300000000000002,25.56,11.84,17.24,29.08,31.39,22.76,448.0,0.278,100.0,22.32,45.0,10.04,0.7749999999999999,0.1459999999999999,24.15,10.61,17.49,28.1,27.96,20.41
745814,2024-06-08,2024,620443,R,624133,L,strikeout,True,False,4.0,0.5,2.0,50.0,0.0,0.0,2.5,1.5,30.77,21.05,10.53,31.58,33.33,22.22,21.0,0.3,6.0,28.57,1.0,4.76,0.7330000000000001,0.1,28.57,16.87,12.05,28.92,44.19,25.0,222.0,0.172,62.0,27.93,15.0,6.76,0.49,0.08300000000000002,25.56,11.84,17.24,29.08,31.39,22.76,448.0,0.278,100.0,22.32,45.0,10.04,0.7749999999999999,0.1459999999999999,24.15,10.61,17.49,28.1,27.96,20.41
745814,2024-06-08,2024,547180,L,605288,R,single,False,False,153.0,0.266,30.0,19.61,24.0,15.69,0.918,0.273,30.0,14.55,9.53,24.08,33.14,18.99,375.0,0.295,80.0,21.33,60.0,16.0,0.907,0.199,31.39,15.65,8.66,24.31,32.27,20.0,111.0,0.245,12.0,10.81,15.0,13.51,0.77,0.16999999999999998,18.5,8.83,12.17,21.0,23.53,10.08,220.0,0.268,46.0,20.91,23.0,10.45,0.7929999999999999,0.18,19.51,8.22,17.92,26.14,20.53,18.62
745814,2024-06-08,2024,664761,R,605288,R,field_out,False,False,176.0,0.304,26.0,14.77,12.0,6.82,0.852,0.19,18.09,8.59,15.07,23.66,25.0,16.67,445.0,0.263,68.0,15.28,34.0,7.64,0.7010000000000001,0.1139999999999999,17.17,8.27,16.06,24.33,28.14,13.48,102.0,0.279,13.0,12.75,13.0,12.75,0.754,0.09299999999999997,14.77,6.18,21.35,27.53,17.79,14.77,261.0,0.277,50.0,19.16,11.0,4.21,0.681,0.0959999999999999,18.24,8.65,19.33,27.98,31.95,16.78
745814,2024-06-08,2024,592206,R,605288,R,strikeout,True,False,185.0,0.204,35.0,18.92,15.0,8.11,0.581,0.101,32.08,18.45,10.23,28.68,37.95,17.86,485.0,0.252,140.0,28.87,25.0,5.15,0.733,0.192,37.06,20.57,11.78,32.36,40.41,25.27,102.0,0.279,13.0,12.75,13.0,12.75,0.754,0.09299999999999997,14.77,6.18,21.35,27.53,17.79,14.77,261.0,0.277,50.0,19.16,11.0,4.21,0.681,0.0959999999999999,18.24,8.65,19.33,27.98,31.95,16.78
745814,2024-06-08,2024,596019,R,624133,L,single,False,False,63.0,0.286,4.0,6.35,4.0,6.35,0.901,0.25000000000000006,13.76,6.33,17.3,23.63,22.69,7.41,204.0,0.281,35.0,17.16,15.0,7.35,0.916,0.2919999999999999,20.49,9.45,15.99,25.44,24.88,16.36,222.0,0.172,62.0,27.93,15.0,6.76,0.49,0.08300000000000002,25.56,11.84,17.24,29.08,31.39,22.76,448.0,0.278,100.0,22.32,45.0,10.04,0.7749999999999999,0.1459999999999999,24.15,10.61,17.49,28.1,27.96,20.41
745814,2024-06-08,2024,624413,R,624133,L,double,False,False,67.0,0.22,14.0,20.9,6.0,8.96,0.821,0.28800000000000003,20.45,9.78,14.86,24.64,28.26,15.38,183.0,0.224,42.0,22.95,21.0,11.48,0.859,0.302,25.52,11.15,17.51,28.66,27.34,16.87,222.0,0.172,62.0,27.93,15.0,6.76,0.49,0.08300000000000002,25.56,11.84,17.24,29.08,31.39,22.76,448.0,0.278,100.0,22.32,45.0,10.04,0.7749999999999999,0.1459999999999999,24.15,10.61,17.49,28.1,27.96,20.41
745814,2024-06-08,2024,607043,L,624133,L,strikeout,True,False,68.0,0.246,13.0,19.12,2.0,2.94,0.75,0.18,28.44,12.65,19.59,32.24,30.16,20.31,236.0,0.286,48.0,20.34,14.0,5.93,0.749,0.118,24.0,10.48,21.38,31.86,21.45,15.14,55.0,0.151,17.0,30.91,1.0,1.82,0.46499999999999997,0.13199999999999998,22.12,11.92,20.21,32.12,43.33,25.76,93.0,0.218,19.0,20.43,3.0,3.23,0.612,0.15,17.48,8.93,20.0,28.93,40.77,29.69
745814,2024-06-08,2024,502110,R,624133,L,field_out,False,False,43.0,0.342,8.0,18.6,5.0,11.63,0.972,0.21100000000000002,19.57,9.57,10.64,20.21,30.19,12.7,137.0,0.274,43.0,31.39,13.0,9.49,0.924,0.3069999999999999,30.91,15.57,13.74,29.3,29.27,23.5,222.0,0.172,62.0,27.93,15.0,6.76,0.49,0.08300000000000002,25.56,11.84,17.24,29.08,31.39,22.76,448.0,0.278,100.0,22.32,45.0,10.04,0.7749999999999999,0.1459999999999999,24.15,10.61,17.49,28.1,27.96,20.41
745814,2024-06-08,2024,516782,R,624133,L,field_out,False,False,60.0,0.302,12.0,20.0,6.0,10.0,0.8360000000000001,0.15100000000000002,28.68,14.92,12.5,27.42,31.2,12.77,96.0,0.273,18.0,18.75,5.0,5.21,0.66,0.068,25.99,13.29,13.87,27.17,35.98,20.22,222.0,0.172,62.0,27.93,15.0,6.76,0.49,0.08300000000000002,25.56,11.84,17.24,29.08,31.39,22.76,448.0,0.278,100.0,22.32,45.0,10.04,0.7749999999999999,0.1459999999999999,24.15,10.61,17.49,28.1,27.96,20.41
745814,2024-06-08,2024,681082,L,605288,R,field_out,False,False,163.0,0.243,21.0,12.88,20.0,12.27,0.734,0.15400000000000003,16.38,6.97,21.81,28.78,27.13,10.88,474.0,0.28,76.0,16.03,26.0,5.49,0.753,0.1509999999999999,14.49,6.52,22.08,28.6,28.42,11.93,111.0,0.245,12.0,10.81,15.0,13.51,0.77,0.16999999999999998,18.5,8.83,12.17,21.0,23.53,10.08,220.0,0.268,46.0,20.91,23.0,10.45,0.7929999999999999,0.18,19.51,8.22,17.92,26.14,20.53,18.62
745814,2024-06-08,2024,624641,R,605288,R,field_out,False,False,64.0,0.271,20.0,31.25,2.0,3.12,0.724,0.13599999999999995,38.41,21.89,9.81,31.7,44.87,21.74,176.0,0.239,41.0,23.3,5.0,2.84,0.669,0.148,29.23,17.12,12.31,29.43,41.96,19.16,102.0,0.279,13.0,12.75,13.0,12.75,0.754,0.09299999999999997,14.77,6.18,21.35,27.53,17.79,14.77,261.0,0.277,50.0,19.16,11.0,4.21,0.681,0.0959999999999999,18.24,8.65,19.33,27.98,31.95,16.78
745814,2024-06-08,2024,593160,R,605288,R,strikeout,True,False,63.0,0.151,7.0,11.11,9.0,14.29,0.463,0.038000000000000006,15.45,7.05,15.77,22.82,27.69,11.67,446.0,0.277,80.0,17.94,27.0,6.05,0.7030000000000001,0.1019999999999999,20.17,10.18,16.71,26.89,32.97,15.33,102.0,0.279,13.0,12.75,13.0,12.75,0.754,0.09299999999999997,14.77,6.18,21.35,27.53,17.79,14.77,261.0,0.277,50.0,19.16,11.0,4.21,0.681,0.0959999999999999,18.24,8.65,19.33,27.98,31.95,16.78
745814,2024-06-08,2024,668901,R,624133,L,field_out,False,False,36.0,0.406,6.0,16.67,4.0,11.11,1.284,0.406,25.71,14.06,10.16,24.22,32.0,19.35,88.0,0.214,30.0,34.09,2.0,2.27,0.584,0.1309999999999999,40.66,21.26,14.94,36.21,36.02,26.79,222.0,0.172,62.0,27.93,15.0,6.76,0.49,0.08300000000000002,25.56,11.84,17.24,29.08,31.39,22.76,448.0,0.278,100.0,22.32,45.0,10.04,0.7749999999999999,0.1459999999999999,24.15,10.61,17.49,28.1,27.96,20.41
745814,2024-06-08,2024,664056,R,624133,L,field_out,False,False,66.0,0.237,11.0,16.67,5.0,7.58,0.6439999999999999,0.119,21.85,10.53,17.41,27.94,36.94,17.46,97.0,0.299,14.0,14.43,8.0,8.25,0.936,0.2759999999999999,23.49,10.71,18.68,29.4,31.94,16.67,222.0,0.172,62.0,27.93,15.0,6.76,0.49,0.08300000000000002,25.56,11.84,17.24,29.08,31.39,22.76,448.0,0.278,100.0,22.32,45.0,10.04,0.7749999999999999,0.1459999999999999,24.15,10.61,17.49,28.1,27.96,20.41
745814,2024-06-08,2024,578428,R,624133,L,single,False,False,12.0,0.417,2.0,16.67,0.0,0.0,0.917,0.08300000000000002,31.58,18.18,18.18,36.36,50.0,25.0,,,,,,,,,,,,,,,222.0,0.172,62.0,27.93,15.0,6.76,0.49,0.08300000000000002,25.56,11.84,17.24,29.08,31.39,22.76,448.0,0.278,100.0,22.32,45.0,10.04,0.7749999999999999,0.1459999999999999,24.15,10.61,17.49,28.1,27.96,20.41
745814,2024-06-08,2024,620443,R,624133,L,single,False,False,4.0,0.5,2.0,50.0,0.0,0.0,2.5,1.5,30.77,21.05,10.53,31.58,33.33,22.22,21.0,0.3,6.0,28.57,1.0,4.76,0.7330000000000001,0.1,28.57,16.87,12.05,28.92,44.19,25.0,222.0,0.172,62.0,27.93,15.0,6.76,0.49,0.08300000000000002,25.56,11.84,17.24,29.08,31.39,22.76,448.0,0.278,100.0,22.32,45.0,10.04,0.7749999999999999,0.1459999999999999,24.15,10.61,17.49,28.1,27.96,20.41
745814,2024-06-08,2024,596019,L,689147,R,strikeout,True,False,216.0,0.221,42.0,19.44,15.0,6.94,0.6579999999999999,0.153,24.26,12.03,14.95,26.97,25.98,17.65,483.0,0.242,102.0,21.12,51.0,10.56,0.757,0.182,23.68,11.49,14.35,25.84,28.12,17.29,40.0,0.206,11.0,27.5,2.0,5.0,0.495,0.0,23.53,11.24,21.91,33.15,24.32,14.1,7.0,0.143,5.0,71.43,0.0,0.0,0.4289999999999999,0.143,63.64,26.92,30.77,57.69,41.67,71.43
745814,2024-06-08,2024,665506,R,605288,R,field_out,False,False,20.0,0.211,9.0,45.0,0.0,0.0,0.41100000000000003,0.0,42.86,21.69,15.66,37.35,23.68,36.0,38.0,0.121,14.0,36.84,5.0,13.16,0.4489999999999999,0.091,39.47,18.18,14.55,32.73,25.3,24.56,102.0,0.279,13.0,12.75,13.0,12.75,0.754,0.09299999999999997,14.77,6.18,21.35,27.53,17.79,14.77,261.0,0.277,50.0,19.16,11.0,4.21,0.681,0.0959999999999999,18.24,8.65,19.33,27.98,31.95,16.78
745814,2024-06-08,2024,656941,L,605288,R,field_out,False,False,167.0,0.173,50.0,29.94,28.0,16.77,0.642,0.15800000000000003,33.45,13.71,15.29,29.0,22.66,23.9,469.0,0.201,128.0,27.29,85.0,18.12,0.848,0.296,31.18,11.75,19.66,31.41,21.53,23.1,111.0,0.245,12.0,10.81,15.0,13.51,0.77,0.16999999999999998,18.5,8.83,12.17,21.0,23.53,10.08,220.0,0.268,46.0,20.91,23.0,10.45,0.7929999999999999,0.18,19.51,8.22,17.92,26.14,20.53,18.62
745814,2024-06-08,2024,592663,R,605288,R,single,False,False,143.0,0.235,40.0,27.97,7.0,4.9,0.653,0.136,29.72,15.4,14.49,29.89,30.83,23.95,389.0,0.25,95.0,24.42,26.0,6.68,0.733,0.176,24.63,12.47,14.02,26.48,29.65,21.02,102.0,0.279,13.0,12.75,13.0,12.75,0.754,0.09299999999999997,14.77,6.18,21.35,27.53,17.79,14.77,261.0,0.277,50.0,19.16,11.0,4.21,0.681,0.0959999999999999,18.24,8.65,19.33,27.98,31.95,16.78
745814,2024-06-08,2024,547180,L,664849,L,strikeout,True,False,101.0,0.271,28.0,27.72,15.0,14.85,0.847,0.19999999999999996,33.0,16.34,11.39,27.72,32.42,25.23,171.0,0.289,39.0,22.81,20.0,11.7,0.884,0.221,38.61,20.03,9.85,29.89,35.59,22.41,5.0,0.2,2.0,40.0,0.0,0.0,0.4,0.0,44.44,18.18,18.18,36.36,33.33,40.0,15.0,0.308,5.0,33.33,1.0,6.67,0.785,0.077,24.0,10.17,25.42,35.59,23.08,29.41
745814,2024-06-08,2024,624413,R,689147,R,strikeout,True,False,201.0,0.244,39.0,19.4,17.0,8.46,0.782,0.22300000000000003,22.9,10.44,18.89,29.33,30.0,18.27,475.0,0.214,109.0,22.95,44.0,9.26,0.8069999999999999,0.281,26.53,11.43,18.24,29.67,27.59,22.11,44.0,0.19,10.0,22.73,2.0,4.55,0.46499999999999997,0.04799999999999999,27.85,12.94,21.18,34.12,30.86,19.23,7.0,0.4,1.0,14.29,2.0,28.57,0.971,0.0,18.18,5.71,22.86,28.57,25.0,10.0
745814,2024-06-08,2024,607043,L,689147,R,strikeout,True,False,193.0,0.213,49.0,25.39,32.0,16.58,0.729,0.155,24.58,10.14,16.59,26.73,19.95,17.56,448.0,0.266,98.0,21.88,60.0,13.39,0.874,0.235,20.87,8.67,19.47,28.14,19.23,16.42,40.0,0.206,11.0,27.5,2.0,5.0,0.495,0.0,23.53,11.24,21.91,33.15,24.32,14.1,7.0,0.143,5.0,71.43,0.0,0.0,0.4289999999999999,0.143,63.64,26.92,30.77,57.69,41.67,71.43
745814,2024-06-08,2024,502110,R,689147,R,field_out,False,False,103.0,0.258,35.0,33.98,5.0,4.85,0.727,0.175,31.17,17.06,13.03,30.09,35.98,21.88,343.0,0.27,106.0,30.9,21.0,6.12,0.8799999999999999,0.2979999999999999,35.71,19.2,12.73,31.93,33.23,24.42,44.0,0.19,10.0,22.73,2.0,4.55,0.46499999999999997,0.04799999999999999,27.85,12.94,21.18,34.12,30.86,19.23,7.0,0.4,1.0,14.29,2.0,28.57,0.971,0.0,18.18,5.71,22.86,28.57,25.0,10.0
745814,2024-06-08,2024,664761,R,664849,L,field_out,False,False,85.0,0.266,10.0,11.76,6.0,7.06,0.748,0.16399999999999998,11.89,5.7,14.77,20.47,23.81,12.82,167.0,0.303,26.0,15.57,8.0,4.79,0.929,0.291,20.3,10.86,12.97,23.82,35.24,14.21,20.0,0.118,6.0,30.0,3.0,15.0,0.485,0.11699999999999999,41.94,17.33,21.33,38.67,43.75,28.57,20.0,0.176,6.0,30.0,1.0,5.0,0.476,0.0,33.33,13.16,21.05,34.21,27.27,26.09
745814,2024-06-08,2024,592206,R,664849,L,home_run,False,False,75.0,0.239,20.0,26.67,4.0,5.33,0.7450000000000001,0.22600000000000003,34.19,18.73,11.66,30.39,37.93,25.0,188.0,0.324,45.0,23.94,11.0,5.85,0.93,0.237,31.05,17.91,10.17,28.07,42.3,21.63,20.0,0.118,6.0,30.0,3.0,15.0,0.485,0.11699999999999999,41.94,17.33,21.33,38.67,43.75,28.57,20.0,0.176,6.0,30.0,1.0,5.0,0.476,0.0,33.33,13.16,21.05,34.21,27.27,26.09
745814,2024-06-08,2024,681082,L,664849,L,single,False,False,63.0,0.241,11.0,17.46,8.0,12.7,0.6639999999999999,0.07400000000000001,17.2,6.4,24.0,30.4,16.38,16.42,167.0,0.282,24.0,14.37,13.0,7.78,0.73,0.101,17.59,7.8,22.11,29.91,32.56,10.39,5.0,0.2,2.0,40.0,0.0,0.0,0.4,0.0,44.44,18.18,18.18,36.36,33.33,40.0,15.0,0.308,5.0,33.33,1.0,6.67,0.785,0.077,24.0,10.17,25.42,35.59,23.08,29.41
745814,2024-06-08,2024,624641,R,493603,R,field_out,False,False,64.0,0.271,20.0,31.25,2.0,3.12,0.724,0.13599999999999995,38.41,21.89,9.81,31.7,44.87,21.74,176.0,0.239,41.0,23.3,5.0,2.84,0.669,0.148,29.23,17.12,12.31,29.43,41.96,19.16,57.0,0.235,20.0,35.09,4.0,7.02,0.618,0.07900000000000001,24.44,10.05,24.2,34.25,27.36,28.17,161.0,0.203,37.0,22.98,14.0,8.7,0.581,0.072,23.79,9.42,23.0,32.43,25.31,19.89
745814,2024-06-08,2024,593160,R,493603,R,field_out,False,False,63.0,0.151,7.0,11.11,9.0,14.29,0.463,0.038000000000000006,15.45,7.05,15.77,22.82,27.69,11.67,446.0,0.277,80.0,17.94,27.0,6.05,0.7030000000000001,0.1019999999999999,20.17,10.18,16.71,26.89,32.97,15.33,57.0,0.235,20.0,35.09,4.0,7.02,0.618,0.07900000000000001,24.44,10.05,24.2,34.25,27.36,28.17,161.0,0.203,37.0,22.98,14.0,8.7,0.581,0.072,23.79,9.42,23.0,32.43,25.31,19.89
745814,2024-06-08,2024,516782,R,622554,R,field_out,False,False,168.0,0.268,37.0,22.02,8.0,4.76,0.706,0.133,27.54,13.79,18.06,31.86,31.03,21.39,245.0,0.238,51.0,20.82,11.0,4.49,0.611,0.079,28.63,15.5,14.75,30.25,37.87,18.35,56.0,0.264,14.0,25.0,3.0,5.36,0.776,0.20799999999999996,27.43,12.76,16.46,29.22,26.89,16.47,146.0,0.219,38.0,26.03,16.0,10.96,0.643,0.109,32.43,16.61,10.55,27.16,28.94,21.11
745814,2024-06-08,2024,668901,R,622554,R,field_out,False,False,38.0,0.265,9.0,23.68,3.0,7.89,0.757,0.176,38.81,18.57,17.14,35.71,30.99,25.0,145.0,0.209,41.0,28.28,8.0,5.52,0.643,0.172,34.08,18.24,17.03,35.27,36.73,29.93,56.0,0.264,14.0,25.0,3.0,5.36,0.776,0.20799999999999996,27.43,12.76,16.46,29.22,26.89,16.47,146.0,0.219,38.0,26.03,16.0,10.96,0.643,0.109,32.43,16.61,10.55,27.16,28.94,21.11
745814,2024-06-08,2024,664056,R,622554,R,walk,False,True,123.0,0.289,29.0,23.58,5.0,4.07,0.7190000000000001,0.09700000000000003,27.7,13.14,21.38,34.52,37.39,22.66,248.0,0.207,45.0,18.15,9.0,3.63,0.504,0.056,25.06,12.41,16.74,29.16,37.02,20.45,56.0,0.264,14.0,25.0,3.0,5.36,0.776,0.20799999999999996,27.43,12.76,16.46,29.22,26.89,16.47,146.0,0.219,38.0,26.03,16.0,10.96,0.643,0.109,32.43,16.61,10.55,27.16,28.94,21.11
745814,2024-06-08,2024,578428,R,622554,R,field_out,False,False,7.0,0.333,0.0,0.0,1.0,14.29,0.762,0.0,0.0,0.0,15.79,15.79,25.0,0.0,,,,,,,,,,,,,,,56.0,0.264,14.0,25.0,3.0,5.36,0.776,0.20799999999999996,27.43,12.76,16.46,29.22,26.89,16.47,146.0,0.219,38.0,26.03,16.0,10.96,0.643,0.109,32.43,16.61,10.55,27.16,28.94,21.11
745814,2024-06-08,2024,665506,R,518617,L,field_out,False,False,44.0,0.194,15.0,34.09,8.0,18.18,0.619,0.08400000000000002,31.25,13.23,15.34,28.57,18.56,26.32,57.0,0.314,13.0,22.81,5.0,8.77,0.924,0.235,32.38,15.45,14.09,29.55,25.93,19.4,45.0,0.171,17.0,37.78,8.0,17.78,0.847,0.34299999999999997,41.46,17.44,17.95,35.38,21.65,26.15,142.0,0.151,39.0,27.46,22.0,15.49,0.524,0.0839999999999999,31.09,13.93,16.61,30.54,24.91,20.31
745814,2024-06-08,2024,656941,L,518617,L,field_out,False,False,114.0,0.312,31.0,27.19,18.0,15.79,0.8999999999999999,0.16699999999999998,34.68,13.04,21.74,34.78,19.18,25.62,253.0,0.188,87.0,34.39,41.0,16.21,0.758,0.242,32.04,11.82,21.04,32.86,21.61,24.51,38.0,0.172,10.0,26.32,6.0,15.79,0.531,0.035,25.81,10.32,20.0,30.32,25.3,22.73,102.0,0.229,25.0,24.51,16.0,15.69,0.663,0.0839999999999999,17.02,5.96,24.07,30.02,20.5,23.81
745814,2024-06-08,2024,592663,R,518617,L,field_out,False,False,71.0,0.328,18.0,25.35,4.0,5.63,0.888,0.194,23.24,11.96,17.75,29.71,29.75,21.18,151.0,0.255,43.0,28.48,9.0,5.96,0.8380000000000001,0.263,29.97,14.7,15.97,30.67,32.79,21.5,45.0,0.171,17.0,37.78,8.0,17.78,0.847,0.34299999999999997,41.46,17.44,17.95,35.38,21.65,26.15,142.0,0.151,39.0,27.46,22.0,15.49,0.524,0.0839999999999999,31.09,13.93,16.61,30.54,24.91,20.31
745814,2024-06-08,2024,621466,L,614179,R,field_out,False,False,115.0,0.207,24.0,20.87,19.0,16.52,0.737,0.17300000000000001,29.51,11.84,16.01,27.85,13.72,19.67,136.0,0.273,43.0,31.62,10.0,7.35,0.92,0.3059999999999999,35.89,18.63,10.49,29.11,25.44,24.85,21.0,0.25,7.0,33.33,1.0,4.76,0.586,0.04999999999999999,36.36,21.74,5.43,27.17,46.43,20.59,88.0,0.315,13.0,14.77,11.0,12.5,1.012,0.288,26.76,11.52,14.24,25.76,25.7,20.0
745814,2024-06-08,2024,596019,L,614179,R,walk,False,True,216.0,0.221,42.0,19.44,15.0,6.94,0.6579999999999999,0.153,24.26,12.03,14.95,26.97,25.98,17.65,483.0,0.242,102.0,21.12,51.0,10.56,0.757,0.182,23.68,11.49,14.35,25.84,28.12,17.29,21.0,0.25,7.0,33.33,1.0,4.76,0.586,0.04999999999999999,36.36,21.74,5.43,27.17,46.43,20.59,88.0,0.315,13.0,14.77,11.0,12.5,1.012,0.288,26.76,11.52,14.24,25.76,25.7,20.0
745814,2024-06-08,2024,624413,R,614179,R,single,False,False,201.0,0.244,39.0,19.4,17.0,8.46,0.782,0.22300000000000003,22.9,10.44,18.89,29.33,30.0,18.27,475.0,0.214,109.0,22.95,44.0,9.26,0.8069999999999999,0.281,26.53,11.43,18.24,29.67,27.59,22.11,33.0,0.179,7.0,21.21,3.0,9.09,0.5589999999999999,0.10699999999999998,29.23,14.62,17.69,32.31,36.67,15.56,119.0,0.276,26.0,21.85,10.0,8.4,0.8280000000000001,0.191,31.2,14.75,13.94,28.69,29.14,16.03
745814,2024-06-08,2024,607043,L,614179,R,single,False,False,193.0,0.213,49.0,25.39,32.0,16.58,0.729,0.155,24.58,10.14,16.59,26.73,19.95,17.56,448.0,0.266,98.0,21.88,60.0,13.39,0.874,0.235,20.87,8.67,19.47,28.14,19.23,16.42,21.0,0.25,7.0,33.33,1.0,4.76,0.586,0.04999999999999999,36.36,21.74,5.43,27.17,46.43,20.59,88.0,0.315,13.0,14.77,11.0,12.5,1.012,0.288,26.76,11.52,14.24,25.76,25.7,20.0
745814,2024-06-08,2024,502110,R,614179,R,grounded_into_double_play,False,False,103.0,0.258,35.0,33.98,5.0,4.85,0.727,0.175,31.17,17.06,13.03,30.09,35.98,21.88,343.0,0.27,106.0,30.9,21.0,6.12,0.8799999999999999,0.2979999999999999,35.71,19.2,12.73,31.93,33.23,24.42,33.0,0.179,7.0,21.21,3.0,9.09,0.5589999999999999,0.10699999999999998,29.23,14.62,17.69,32.31,36.67,15.56,119.0,0.276,26.0,21.85,10.0,8.4,0.8280000000000001,0.191,31.2,14.75,13.94,28.69,29.14,16.03
746300,2024-06-08,2024,641487,L,679525,R,home_run,False,False,124.0,0.176,29.0,23.39,14.0,11.29,0.589,0.139,19.16,7.78,20.3,28.08,19.46,18.71,446.0,0.266,84.0,18.83,67.0,15.02,0.845,0.197,18.19,6.93,19.49,26.42,17.9,17.39,143.0,0.185,25.0,17.48,9.0,6.29,0.514,0.08400000000000002,19.93,10.02,15.77,25.79,29.39,15.82,164.0,0.28,41.0,25.0,26.0,15.85,0.968,0.281,28.16,12.62,15.32,27.94,28.5,19.62
746300,2024-06-08,2024,668942,L,679525,R,field_out,False,False,167.0,0.289,27.0,16.17,15.0,8.98,0.794,0.14700000000000002,18.46,8.47,16.33,24.81,21.17,14.52,299.0,0.249,64.0,21.4,22.0,7.36,0.6559999999999999,0.1019999999999999,22.77,10.13,19.65,29.78,25.55,19.69,143.0,0.185,25.0,17.48,9.0,6.29,0.514,0.08400000000000002,19.93,10.02,15.77,25.79,29.39,15.82,164.0,0.28,41.0,25.0,26.0,15.85,0.968,0.281,28.16,12.62,15.32,27.94,28.5,19.62
746300,2024-06-08,2024,677594,R,679525,R,strikeout,True,False,200.0,0.241,56.0,28.0,12.0,6.0,0.589,0.057999999999999996,30.93,16.54,12.31,28.86,35.93,19.5,545.0,0.267,127.0,23.3,35.0,6.42,0.8109999999999999,0.2169999999999999,27.93,14.91,13.12,28.03,38.34,22.84,83.0,0.293,21.0,25.3,8.0,9.64,0.948,0.294,30.28,13.27,19.14,32.41,24.03,23.26,178.0,0.253,44.0,24.72,13.0,7.3,0.827,0.241,31.29,14.44,17.58,32.03,29.05,26.51
746300,2024-06-08,2024,663728,L,679525,R,strikeout,True,False,164.0,0.219,58.0,35.37,17.0,10.37,0.6759999999999999,0.158,30.47,15.47,13.08,28.55,31.48,22.62,462.0,0.235,126.0,27.27,47.0,10.17,0.7909999999999999,0.241,29.58,14.2,14.09,28.29,30.53,21.36,143.0,0.185,25.0,17.48,9.0,6.29,0.514,0.08400000000000002,19.93,10.02,15.77,25.79,29.39,15.82,164.0,0.28,41.0,25.0,26.0,15.85,0.968,0.281,28.16,12.62,15.32,27.94,28.5,19.62
746300,2024-06-08,2024,672580,R,622491,R,single,False,False,232.0,0.248,42.0,18.1,18.0,7.76,0.6519999999999999,0.09999999999999998,19.31,8.39,20.69,29.08,21.09,16.94,400.0,0.258,94.0,23.5,33.0,8.25,0.648,0.071,20.3,8.71,19.59,28.3,19.12,19.96,170.0,0.208,52.0,30.59,11.0,6.47,0.626,0.156,34.17,17.55,13.69,31.24,33.77,22.97,373.0,0.205,102.0,27.35,20.0,5.36,0.591,0.132,30.45,15.84,15.15,30.98,33.29,22.7
746300,2024-06-08,2024,677951,R,622491,R,field_out,False,False,241.0,0.333,42.0,17.43,20.0,8.3,0.969,0.24599999999999994,24.95,12.27,13.77,26.04,28.75,17.28,547.0,0.27,93.0,17.0,33.0,6.03,0.8,0.2149999999999999,22.15,10.87,15.53,26.4,29.62,14.44,170.0,0.208,52.0,30.59,11.0,6.47,0.626,0.156,34.17,17.55,13.69,31.24,33.77,22.97,373.0,0.205,102.0,27.35,20.0,5.36,0.591,0.132,30.45,15.84,15.15,30.98,33.29,22.7
746300,2024-06-08,2024,686469,L,622491,R,field_out,False,False,202.0,0.228,29.0,14.36,22.0,10.89,0.745,0.19899999999999998,14.05,6.29,15.91,22.19,28.31,13.55,188.0,0.251,23.0,12.23,15.0,7.98,0.784,0.217,14.85,7.02,17.48,24.5,34.8,10.0,153.0,0.257,29.0,18.95,11.0,7.19,0.745,0.172,21.45,10.75,15.6,26.34,28.57,15.34,431.0,0.229,117.0,27.15,36.0,8.35,0.741,0.217,30.72,16.0,13.84,29.84,29.45,19.4
746300,2024-06-08,2024,521692,R,622491,R,single,False,False,195.0,0.305,32.0,16.41,14.0,7.18,0.887,0.20600000000000002,24.21,13.98,8.76,22.74,43.95,13.68,437.0,0.264,100.0,22.88,11.0,2.52,0.73,0.174,30.72,18.16,9.73,27.89,45.56,22.08,170.0,0.208,52.0,30.59,11.0,6.47,0.626,0.156,34.17,17.55,13.69,31.24,33.77,22.97,373.0,0.205,102.0,27.35,20.0,5.36,0.591,0.132,30.45,15.84,15.15,30.98,33.29,22.7
746300,2024-06-08,2024,669004,L,622491,R,strikeout,True,False,157.0,0.168,40.0,25.48,13.0,8.28,0.62,0.21,29.77,15.28,11.72,27.0,27.61,17.02,459.0,0.239,122.0,26.58,55.0,11.98,0.752,0.181,32.7,15.24,15.56,30.8,24.84,20.68,153.0,0.257,29.0,18.95,11.0,7.19,0.745,0.172,21.45,10.75,15.6,26.34,28.57,15.34,431.0,0.229,117.0,27.15,36.0,8.35,0.741,0.217,30.72,16.0,13.84,29.84,29.45,19.4
746300,2024-06-08,2024,670042,L,679525,R,strikeout,True,False,132.0,0.266,41.0,31.06,3.0,2.27,0.746,0.16899999999999998,34.44,19.06,11.07,30.12,31.06,30.83,363.0,0.247,112.0,30.85,26.0,7.16,0.8340000000000001,0.25,38.6,19.83,11.57,31.39,31.1,26.79,143.0,0.185,25.0,17.48,9.0,6.29,0.514,0.08400000000000002,19.93,10.02,15.77,25.79,29.39,15.82,164.0,0.28,41.0,25.0,26.0,15.85,0.968,0.281,28.16,12.62,15.32,27.94,28.5,19.62
746300,2024-06-08,2024,641598,R,679525,R,strikeout,True,False,147.0,0.152,48.0,32.65,17.0,11.56,0.529,0.11200000000000002,34.3,13.67,23.23,36.9,19.58,24.0,262.0,0.25,70.0,26.72,25.0,9.54,0.845,0.267,25.84,10.63,19.22,29.85,18.71,21.21,83.0,0.293,21.0,25.3,8.0,9.64,0.948,0.294,30.28,13.27,19.14,32.41,24.03,23.26,178.0,0.253,44.0,24.72,13.0,7.3,0.827,0.241,31.29,14.44,17.58,32.03,29.05,26.51
746300,2024-06-08,2024,664238,R,679525,R,field_out,False,False,128.0,0.215,35.0,27.34,13.0,10.16,0.738,0.18700000000000003,26.01,11.2,18.15,29.34,18.43,22.29,73.0,0.188,28.0,38.36,6.0,8.22,0.647,0.1709999999999999,33.56,16.33,21.33,37.67,34.46,26.17,83.0,0.293,21.0,25.3,8.0,9.64,0.948,0.294,30.28,13.27,19.14,32.41,24.03,23.26,178.0,0.253,44.0,24.72,13.0,7.3,0.827,0.241,31.29,14.44,17.58,32.03,29.05,26.51
746300,2024-06-08,2024,676369,R,622491,R,field_out,False,False,137.0,0.205,40.0,29.2,8.0,5.84,0.6639999999999999,0.204,36.73,16.92,15.98,32.89,28.08,24.84,125.0,0.257,36.0,28.8,9.0,7.2,0.966,0.389,35.34,17.89,12.6,30.49,29.12,21.95,170.0,0.208,52.0,30.59,11.0,6.47,0.626,0.156,34.17,17.55,13.69,31.24,33.77,22.97,373.0,0.205,102.0,27.35,20.0,5.36,0.591,0.132,30.45,15.84,15.15,30.98,33.29,22.7
746300,2024-06-08,2024,624428,L,622491,R,home_run,False,False,124.0,0.213,22.0,17.74,14.0,11.29,0.602,0.07399999999999998,17.3,7.87,18.43,26.3,25.59,12.57,392.0,0.248,60.0,15.31,26.0,6.63,0.7090000000000001,0.158,19.43,9.43,17.73,27.16,29.49,14.18,153.0,0.257,29.0,18.95,11.0,7.19,0.745,0.172,21.45,10.75,15.6,26.34,28.57,15.34,431.0,0.229,117.0,27.15,36.0,8.35,0.741,0.217,30.72,16.0,13.84,29.84,29.45,19.4
746300,2024-06-08,2024,679845,R,622491,R,strikeout,True,False,47.0,0.25,6.0,12.77,5.0,10.64,0.5760000000000001,0.0,20.59,8.92,18.47,27.39,24.39,13.95,44.0,0.279,7.0,15.91,1.0,2.27,0.667,0.0929999999999999,20.0,9.64,16.87,26.51,25.61,14.29,170.0,0.208,52.0,30.59,11.0,6.47,0.626,0.156,34.17,17.55,13.69,31.24,33.77,22.97,373.0,0.205,102.0,27.35,20.0,5.36,0.591,0.132,30.45,15.84,15.15,30.98,33.29,22.7
746300,2024-06-08,2024,664728,L,622491,R,field_out,False,False,145.0,0.207,24.0,16.55,9.0,6.21,0.5980000000000001,0.13400000000000004,17.18,7.93,21.14,29.07,31.22,19.83,253.0,0.223,43.0,17.0,12.0,4.74,0.631,0.147,20.48,9.51,19.8,29.31,28.6,18.78,153.0,0.257,29.0,18.95,11.0,7.19,0.745,0.172,21.45,10.75,15.6,26.34,28.57,15.34,431.0,0.229,117.0,27.15,36.0,8.35,0.741,0.217,30.72,16.0,13.84,29.84,29.45,19.4
746300,2024-06-08,2024,686527,L,679525,R,strikeout,True,False,79.0,0.183,22.0,27.85,7.0,8.86,0.6759999999999999,0.24,34.97,17.73,16.67,34.4,38.93,27.5,155.0,0.221,26.0,16.77,5.0,3.23,0.661,0.1879999999999999,24.65,13.73,16.86,30.59,41.27,21.85,143.0,0.185,25.0,17.48,9.0,6.29,0.514,0.08400000000000002,19.93,10.02,15.77,25.79,29.39,15.82,164.0,0.28,41.0,25.0,26.0,15.85,0.968,0.281,28.16,12.62,15.32,27.94,28.5,19.62
746300,2024-06-08,2024,669208,R,679525,R,strikeout,True,False,9.0,0.125,0.0,0.0,1.0,11.11,0.347,0.0,6.67,2.94,11.76,14.71,6.67,0.0,,,,,,,,,,,,,,,83.0,0.293,21.0,25.3,8.0,9.64,0.948,0.294,30.28,13.27,19.14,32.41,24.03,23.26,178.0,0.253,44.0,24.72,13.0,7.3,0.827,0.241,31.29,14.44,17.58,32.03,29.05,26.51
746300,2024-06-08,2024,641487,L,679525,R,field_out,False,False,124.0,0.176,29.0,23.39,14.0,11.29,0.589,0.139,19.16,7.78,20.3,28.08,19.46,18.71,446.0,0.266,84.0,18.83,67.0,15.02,0.845,0.197,18.19,6.93,19.49,26.42,17.9,17.39,143.0,0.185,25.0,17.48,9.0,6.29,0.514,0.08400000000000002,19.93,10.02,15.77,25.79,29.39,15.82,164.0,0.28,41.0,25.0,26.0,15.85,0.968,0.281,28.16,12.62,15.32,27.94,28.5,19.62
746300,2024-06-08,2024,672580,R,622491,R,strikeout,True,False,232.0,0.248,42.0,18.1,18.0,7.76,0.6519999999999999,0.09999999999999998,19.31,8.39,20.69,29.08,21.09,16.94,400.0,0.258,94.0,23.5,33.0,8.25,0.648,0.071,20.3,8.71,19.59,28.3,19.12,19.96,170.0,0.208,52.0,30.59,11.0,6.47,0.626,0.156,34.17,17.55,13.69,31.24,33.77,22.97,373.0,0.205,102.0,27.35,20.0,5.36,0.591,0.132,30.45,15.84,15.15,30.98,33.29,22.7
746300,2024-06-08,2024,677951,R,622491,R,field_out,False,False,241.0,0.333,42.0,17.43,20.0,8.3,0.969,0.24599999999999994,24.95,12.27,13.77,26.04,28.75,17.28,547.0,0.27,93.0,17.0,33.0,6.03,0.8,0.2149999999999999,22.15,10.87,15.53,26.4,29.62,14.44,170.0,0.208,52.0,30.59,11.0,6.47,0.626,0.156,34.17,17.55,13.69,31.24,33.77,22.97,373.0,0.205,102.0,27.35,20.0,5.36,0.591,0.132,30.45,15.84,15.15,30.98,33.29,22.7
746300,2024-06-08,2024,686469,L,622491,R,field_out,False,False,202.0,0.228,29.0,14.36,22.0,10.89,0.745,0.19899999999999998,14.05,6.29,15.91,22.19,28.31,13.55,188.0,0.251,23.0,12.23,15.0,7.98,0.784,0.217,14.85,7.02,17.48,24.5,34.8,10.0,153.0,0.257,29.0,18.95,11.0,7.19,0.745,0.172,21.45,10.75,15.6,26.34,28.57,15.34,431.0,0.229,117.0,27.15,36.0,8.35,0.741,0.217,30.72,16.0,13.84,29.84,29.45,19.4
746300,2024-06-08,2024,668942,L,679525,R,field_out,False,False,167.0,0.289,27.0,16.17,15.0,8.98,0.794,0.14700000000000002,18.46,8.47,16.33,24.81,21.17,14.52,299.0,0.249,64.0,21.4,22.0,7.36,0.6559999999999999,0.1019999999999999,22.77,10.13,19.65,29.78,25.55,19.69,143.0,0.185,25.0,17.48,9.0,6.29,0.514,0.08400000000000002,19.93,10.02,15.77,25.79,29.39,15.82,164.0,0.28,41.0,25.0,26.0,15.85,0.968,0.281,28.16,12.62,15.32,27.94,28.5,19.62
746300,2024-06-08,2024,677594,R,679525,R,strikeout,True,False,200.0,0.241,56.0,28.0,12.0,6.0,0.589,0.057999999999999996,30.93,16.54,12.31,28.86,35.93,19.5,545.0,0.267,127.0,23.3,35.0,6.42,0.8109999999999999,0.2169999999999999,27.93,14.91,13.12,28.03,38.34,22.84,83.0,0.293,21.0,25.3,8.0,9.64,0.948,0.294,30.28,13.27,19.14,32.41,24.03,23.26,178.0,0.253,44.0,24.72,13.0,7.3,0.827,0.241,31.29,14.44,17.58,32.03,29.05,26.51
746300,2024-06-08,2024,663728,L,679525,R,strikeout,True,False,164.0,0.219,58.0,35.37,17.0,10.37,0.6759999999999999,0.158,30.47,15.47,13.08,28.55,31.48,22.62,462.0,0.235,126.0,27.27,47.0,10.17,0.7909999999999999,0.241,29.58,14.2,14.09,28.29,30.53,21.36,143.0,0.185,25.0,17.48,9.0,6.29,0.514,0.08400000000000002,19.93,10.02,15.77,25.79,29.39,15.82,164.0,0.28,41.0,25.0,26.0,15.85,0.968,0.281,28.16,12.62,15.32,27.94,28.5,19.62
746300,2024-06-08,2024,521692,R,622491,R,field_out,False,False,195.0,0.305,32.0,16.41,14.0,7.18,0.887,0.20600000000000002,24.21,13.98,8.76,22.74,43.95,13.68,437.0,0.264,100.0,22.88,11.0,2.52,0.73,0.174,30.72,18.16,9.73,27.89,45.56,22.08,170.0,0.208,52.0,30.59,11.0,6.47,0.626,0.156,34.17,17.55,13.69,31.24,33.77,22.97,373.0,0.205,102.0,27.35,20.0,5.36,0.591,0.132,30.45,15.84,15.15,30.98,33.29,22.7
746300,2024-06-08,2024,669004,L,622491,R,field_out,False,False,157.0,0.168,40.0,25.48,13.0,8.28,0.62,0.21,29.77,15.28,11.72,27.0,27.61,17.02,459.0,0.239,122.0,26.58,55.0,11.98,0.752,0.181,32.7,15.24,15.56,30.8,24.84,20.68,153.0,0.257,29.0,18.95,11.0,7.19,0.745,0.172,21.45,10.75,15.6,26.34,28.57,15.34,431.0,0.229,117.0,27.15,36.0,8.35,0.741,0.217,30.72,16.0,13.84,29.84,29.45,19.4
746300,2024-06-08,2024,676369,R,622491,R,strikeout,True,False,137.0,0.205,40.0,29.2,8.0,5.84,0.6639999999999999,0.204,36.73,16.92,15.98,32.89,28.08,24.84,125.0,0.257,36.0,28.8,9.0,7.2,0.966,0.389,35.34,17.89,12.6,30.49,29.12,21.95,170.0,0.208,52.0,30.59,11.0,6.47,0.626,0.156,34.17,17.55,13.69,31.24,33.77,22.97,373.0,0.205,102.0,27.35,20.0,5.36,0.591,0.132,30.45,15.84,15.15,30.98,33.29,22.7
746300,2024-06-08,2024,670042,L,679525,R,field_out,False,False,132.0,0.266,41.0,31.06,3.0,2.27,0.746,0.16899999999999998,34.44,19.06,11.07,30.12,31.06,30.83,363.0,0.247,112.0,30.85,26.0,7.16,0.8340000000000001,0.25,38.6,19.83,11.57,31.39,31.1,26.79,143.0,0.185,25.0,17.48,9.0,6.29,0.514,0.08400000000000002,19.93,10.02,15.77,25.79,29.39,15.82,164.0,0.28,41.0,25.0,26.0,15.85,0.968,0.281,28.16,12.62,15.32,27.94,28.5,19.62
746300,2024-06-08,2024,641598,R,679525,R,home_run,False,False,147.0,0.152,48.0,32.65,17.0,11.56,0.529,0.11200000000000002,34.3,13.67,23.23,36.9,19.58,24.0,262.0,0.25,70.0,26.72,25.0,9.54,0.845,0.267,25.84,10.63,19.22,29.85,18.71,21.21,83.0,0.293,21.0,25.3,8.0,9.64,0.948,0.294,30.28,13.27,19.14,32.41,24.03,23.26,178.0,0.253,44.0,24.72,13.0,7.3,0.827,0.241,31.29,14.44,17.58,32.03,29.05,26.51
746300,2024-06-08,2024,664238,R,679525,R,field_out,False,False,128.0,0.215,35.0,27.34,13.0,10.16,0.738,0.18700000000000003,26.01,11.2,18.15,29.34,18.43,22.29,73.0,0.188,28.0,38.36,6.0,8.22,0.647,0.1709999999999999,33.56,16.33,21.33,37.67,34.46,26.17,83.0,0.293,21.0,25.3,8.0,9.64,0.948,0.294,30.28,13.27,19.14,32.41,24.03,23.26,178.0,0.253,44.0,24.72,13.0,7.3,0.827,0.241,31.29,14.44,17.58,32.03,29.05,26.51
746300,2024-06-08,2024,686527,L,679525,R,single,False,False,79.0,0.183,22.0,27.85,7.0,8.86,0.6759999999999999,0.24,34.97,17.73,16.67,34.4,38.93,27.5,155.0,0.221,26.0,16.77,5.0,3.23,0.661,0.1879999999999999,24.65,13.73,16.86,30.59,41.27,21.85,143.0,0.185,25.0,17.48,9.0,6.29,0.514,0.08400000000000002,19.93,10.02,15.77,25.79,29.39,15.82,164.0,0.28,41.0,25.0,26.0,15.85,0.968,0.281,28.16,12.62,15.32,27.94,28.5,19.62
746300,2024-06-08,2024,669208,R,679525,R,single,False,False,9.0,0.125,0.0,0.0,1.0,11.11,0.347,0.0,6.67,2.94,11.76,14.71,6.67,0.0,,,,,,,,,,,,,,,83.0,0.293,21.0,25.3,8.0,9.64,0.948,0.294,30.28,13.27,19.14,32.41,24.03,23.26,178.0,0.253,44.0,24.72,13.0,7.3,0.827,0.241,31.29,14.44,17.58,32.03,29.05,26.51
746300,2024-06-08,2024,641487,L,679525,R,single,False,False,124.0,0.176,29.0,23.39,14.0,11.29,0.589,0.139,19.16,7.78,20.3,28.08,19.46,18.71,446.0,0.266,84.0,18.83,67.0,15.02,0.845,0.197,18.19,6.93,19.49,26.42,17.9,17.39,143.0,0.185,25.0,17.48,9.0,6.29,0.514,0.08400000000000002,19.93,10.02,15.77,25.79,29.39,15.82,164.0,0.28,41.0,25.0,26.0,15.85,0.968,0.281,28.16,12.62,15.32,27.94,28.5,19.62
746300,2024-06-08,2024,668942,L,679525,R,field_out,False,False,167.0,0.289,27.0,16.17,15.0,8.98,0.794,0.14700000000000002,18.46,8.47,16.33,24.81,21.17,14.52,299.0,0.249,64.0,21.4,22.0,7.36,0.6559999999999999,0.1019999999999999,22.77,10.13,19.65,29.78,25.55,19.69,143.0,0.185,25.0,17.48,9.0,6.29,0.514,0.08400000000000002,19.93,10.02,15.77,25.79,29.39,15.82,164.0,0.28,41.0,25.0,26.0,15.85,0.968,0.281,28.16,12.62,15.32,27.94,28.5,19.62
746300,2024-06-08,2024,624428,L,622491,R,double,False,False,124.0,0.213,22.0,17.74,14.0,11.29,0.602,0.07399999999999998,17.3,7.87,18.43,26.3,25.59,12.57,392.0,0.248,60.0,15.31,26.0,6.63,0.7090000000000001,0.158,19.43,9.43,17.73,27.16,29.49,14.18,153.0,0.257,29.0,18.95,11.0,7.19,0.745,0.172,21.45,10.75,15.6,26.34,28.57,15.34,431.0,0.229,117.0,27.15,36.0,8.35,0.741,0.217,30.72,16.0,13.84,29.84,29.45,19.4
746300,2024-06-08,2024,679845,R,622491,R,single,False,False,47.0,0.25,6.0,12.77,5.0,10.64,0.5760000000000001,0.0,20.59,8.92,18.47,27.39,24.39,13.95,44.0,0.279,7.0,15.91,1.0,2.27,0.667,0.0929999999999999,20.0,9.64,16.87,26.51,25.61,14.29,170.0,0.208,52.0,30.59,11.0,6.47,0.626,0.156,34.17,17.55,13.69,31.24,33.77,22.97,373.0,0.205,102.0,27.35,20.0,5.36,0.591,0.132,30.45,15.84,15.15,30.98,33.29,22.7
746300,2024-06-08,2024,664728,L,622491,R,sac_bunt,False,False,145.0,0.207,24.0,16.55,9.0,6.21,0.5980000000000001,0.13400000000000004,17.18,7.93,21.14,29.07,31.22,19.83,253.0,0.223,43.0,17.0,12.0,4.74,0.631,0.147,20.48,9.51,19.8,29.31,28.6,18.78,153.0,0.257,29.0,18.95,11.0,7.19,0.745,0.172,21.45,10.75,15.6,26.34,28.57,15.34,431.0,0.229,117.0,27.15,36.0,8.35,0.741,0.217,30.72,16.0,13.84,29.84,29.45,19.4
746300,2024-06-08,2024,672580,R,622491,R,walk,False,True,232.0,0.248,42.0,18.1,18.0,7.76,0.6519999999999999,0.09999999999999998,19.31,8.39,20.69,29.08,21.09,16.94,400.0,0.258,94.0,23.5,33.0,8.25,0.648,0.071,20.3,8.71,19.59,28.3,19.12,19.96,170.0,0.208,52.0,30.59,11.0,6.47,0.626,0.156,34.17,17.55,13.69,31.24,33.77,22.97,373.0,0.205,102.0,27.35,20.0,5.36,0.591,0.132,30.45,15.84,15.15,30.98,33.29,22.7
746300,2024-06-08,2024,677951,R,622491,R,field_out,False,False,241.0,0.333,42.0,17.43,20.0,8.3,0.969,0.24599999999999994,24.95,12.27,13.77,26.04,28.75,17.28,547.0,0.27,93.0,17.0,33.0,6.03,0.8,0.2149999999999999,22.15,10.87,15.53,26.4,29.62,14.44,170.0,0.208,52.0,30.59,11.0,6.47,0.626,0.156,34.17,17.55,13.69,31.24,33.77,22.97,373.0,0.205,102.0,27.35,20.0,5.36,0.591,0.132,30.45,15.84,15.15,30.98,33.29,22.7
746300,2024-06-08,2024,686469,L,622491,R,double,False,False,202.0,0.228,29.0,14.36,22.0,10.89,0.745,0.19899999999999998,14.05,6.29,15.91,22.19,28.31,13.55,188.0,0.251,23.0,12.23,15.0,7.98,0.784,0.217,14.85,7.02,17.48,24.5,34.8,10.0,153.0,0.257,29.0,18.95,11.0,7.19,0.745,0.172,21.45,10.75,15.6,26.34,28.57,15.34,431.0,0.229,117.0,27.15,36.0,8.35,0.741,0.217,30.72,16.0,13.84,29.84,29.45,19.4
746300,2024-06-08,2024,521692,R,622491,R,field_out,False,False,195.0,0.305,32.0,16.41,14.0,7.18,0.887,0.20600000000000002,24.21,13.98,8.76,22.74,43.95,13.68,437.0,0.264,100.0,22.88,11.0,2.52,0.73,0.174,30.72,18.16,9.73,27.89,45.56,22.08,170.0,0.208,52.0,30.59,11.0,6.47,0.626,0.156,34.17,17.55,13.69,31.24,33.77,22.97,373.0,0.205,102.0,27.35,20.0,5.36,0.591,0.132,30.45,15.84,15.15,30.98,33.29,22.7
746300,2024-06-08,2024,677594,R,679525,R,single,False,False,200.0,0.241,56.0,28.0,12.0,6.0,0.589,0.057999999999999996,30.93,16.54,12.31,28.86,35.93,19.5,545.0,0.267,127.0,23.3,35.0,6.42,0.8109999999999999,0.2169999999999999,27.93,14.91,13.12,28.03,38.34,22.84,83.0,0.293,21.0,25.3,8.0,9.64,0.948,0.294,30.28,13.27,19.14,32.41,24.03,23.26,178.0,0.253,44.0,24.72,13.0,7.3,0.827,0.241,31.29,14.44,17.58,32.03,29.05,26.51
746300,2024-06-08,2024,663728,L,679525,R,single,False,False,164.0,0.219,58.0,35.37,17.0,10.37,0.6759999999999999,0.158,30.47,15.47,13.08,28.55,31.48,22.62,462.0,0.235,126.0,27.27,47.0,10.17,0.7909999999999999,0.241,29.58,14.2,14.09,28.29,30.53,21.36,143.0,0.185,25.0,17.48,9.0,6.29,0.514,0.08400000000000002,19.93,10.02,15.77,25.79,29.39,15.82,164.0,0.28,41.0,25.0,26.0,15.85,0.968,0.281,28.16,12.62,15.32,27.94,28.5,19.62
746300,2024-06-08,2024,670042,L,669674,L,strikeout,True,False,24.0,0.273,4.0,16.67,2.0,8.33,0.788,0.182,26.67,13.04,16.3,29.35,25.0,16.67,44.0,0.268,16.0,36.36,2.0,4.55,0.741,0.1709999999999999,41.18,22.58,15.48,38.06,33.8,36.36,12.0,0.1,2.0,16.67,2.0,16.67,0.35,0.0,22.73,10.42,10.42,20.83,26.92,20.0,76.0,0.27,12.0,15.79,10.0,13.16,0.786,0.1429999999999999,20.98,9.84,17.05,26.89,26.75,11.65
746300,2024-06-08,2024,641598,R,669674,L,walk,False,True,58.0,0.24,14.0,24.14,8.0,13.79,0.845,0.26,23.76,8.99,23.22,32.21,20.74,13.73,84.0,0.344,12.0,14.29,19.0,22.62,0.938,0.094,15.7,5.37,20.06,25.42,13.76,12.9,11.0,0.0,4.0,36.36,1.0,9.09,0.091,0.0,40.91,18.75,20.83,39.58,34.62,25.0,123.0,0.288,20.0,16.26,11.0,8.94,0.8,0.162,19.48,9.34,15.35,24.69,32.23,13.79
746300,2024-06-08,2024,664238,R,669674,L,sac_fly,False,False,66.0,0.218,14.0,21.21,7.0,10.61,0.773,0.23700000000000002,19.64,8.33,17.05,25.38,18.32,18.67,92.0,0.222,28.0,30.43,10.0,10.87,0.796,0.259,33.33,14.66,18.06,32.72,23.83,23.53,11.0,0.0,4.0,36.36,1.0,9.09,0.091,0.0,40.91,18.75,20.83,39.58,34.62,25.0,123.0,0.288,20.0,16.26,11.0,8.94,0.8,0.162,19.48,9.34,15.35,24.69,32.23,13.79
746300,2024-06-08,2024,686527,L,669674,L,strikeout,True,False,6.0,0.0,2.0,33.33,1.0,16.67,0.167,0.0,36.36,13.33,20.0,33.33,6.67,20.0,27.0,0.208,6.0,22.22,3.0,11.11,0.629,0.125,31.11,14.74,20.0,34.74,44.23,23.08,12.0,0.1,2.0,16.67,2.0,16.67,0.35,0.0,22.73,10.42,10.42,20.83,26.92,20.0,76.0,0.27,12.0,15.79,10.0,13.16,0.786,0.1429999999999999,20.98,9.84,17.05,26.89,26.75,11.65
746300,2024-06-08,2024,669004,L,669912,L,field_out,False,False,32.0,0.161,9.0,28.12,1.0,3.12,0.349,0.0,25.0,13.64,12.73,26.36,25.0,29.03,144.0,0.222,48.0,33.33,7.0,4.86,0.597,0.111,39.78,20.52,15.71,36.23,34.2,30.0,17.0,0.312,4.0,23.53,1.0,5.88,0.7909999999999999,0.126,25.81,11.94,17.91,29.85,40.0,15.38,26.0,0.32,5.0,19.23,1.0,3.85,0.826,0.1599999999999999,25.0,11.54,25.64,37.18,34.29,21.74
746300,2024-06-08,2024,676369,R,669912,L,walk,False,True,57.0,0.245,16.0,28.07,7.0,12.28,0.7589999999999999,0.16299999999999998,36.52,17.8,11.44,29.24,24.0,22.54,54.0,0.184,15.0,27.78,5.0,9.26,0.708,0.265,29.81,14.62,15.57,30.19,30.09,20.0,21.0,0.316,3.0,14.29,2.0,9.52,0.855,0.15799999999999997,27.03,11.49,16.09,27.59,23.91,12.5,30.0,0.24,4.0,13.33,5.0,16.67,0.647,0.04,23.53,10.08,12.61,22.69,24.24,10.53
746300,2024-06-08,2024,592669,R,669912,L,field_out,False,False,57.0,0.192,9.0,15.79,5.0,8.77,0.628,0.173,20.83,10.26,17.95,28.21,34.02,16.98,140.0,0.244,34.0,24.29,9.0,6.43,0.6859999999999999,0.142,21.48,10.53,16.33,26.86,32.76,20.36,21.0,0.316,3.0,14.29,2.0,9.52,0.855,0.15799999999999997,27.03,11.49,16.09,27.59,23.91,12.5,30.0,0.24,4.0,13.33,5.0,16.67,0.647,0.04,23.53,10.08,12.61,22.69,24.24,10.53
746300,2024-06-08,2024,679845,R,669912,L,walk,False,True,17.0,0.357,2.0,11.76,2.0,11.76,0.7689999999999999,0.0,10.71,4.84,14.52,19.35,25.0,11.11,24.0,0.421,5.0,20.83,3.0,12.5,1.079,0.1579999999999999,24.32,10.71,14.29,25.0,18.18,26.32,21.0,0.316,3.0,14.29,2.0,9.52,0.855,0.15799999999999997,27.03,11.49,16.09,27.59,23.91,12.5,30.0,0.24,4.0,13.33,5.0,16.67,0.647,0.04,23.53,10.08,12.61,22.69,24.24,10.53
746300,2024-06-08,2024,664728,L,669912,L,double,False,False,21.0,0.2,6.0,28.57,0.0,0.0,0.438,0.0,18.75,7.32,26.83,34.15,30.0,22.22,61.0,0.315,16.0,26.23,5.0,8.2,0.7989999999999999,0.1109999999999999,20.72,9.87,17.17,27.04,27.93,21.05,17.0,0.312,4.0,23.53,1.0,5.88,0.7909999999999999,0.126,25.81,11.94,17.91,29.85,40.0,15.38,26.0,0.32,5.0,19.23,1.0,3.85,0.826,0.1599999999999999,25.0,11.54,25.64,37.18,34.29,21.74
746300,2024-06-08,2024,672580,R,669912,L,field_out,False,False,53.0,0.314,3.0,5.66,1.0,1.89,0.8959999999999999,0.25499999999999995,10.75,5.29,21.16,26.46,28.57,5.17,116.0,0.315,21.0,18.1,5.0,4.31,0.79,0.139,16.58,7.23,23.31,30.54,25.87,18.75,21.0,0.316,3.0,14.29,2.0,9.52,0.855,0.15799999999999997,27.03,11.49,16.09,27.59,23.91,12.5,30.0,0.24,4.0,13.33,5.0,16.67,0.647,0.04,23.53,10.08,12.61,22.69,24.24,10.53
746300,2024-06-08,2024,669208,R,519293,L,strikeout,True,False,11.0,0.25,3.0,27.27,3.0,27.27,1.08,0.375,37.5,13.95,13.95,27.91,9.52,30.0,,,,,,,,,,,,,,,57.0,0.354,5.0,8.77,7.0,12.28,0.988,0.18800000000000006,21.18,9.28,14.43,23.71,22.58,13.51,161.0,0.224,36.0,22.36,13.0,8.07,0.683,0.171,26.4,12.8,16.48,29.28,32.28,20.34
746300,2024-06-08,2024,641487,L,519293,L,field_out,False,False,52.0,0.298,7.0,13.46,5.0,9.62,0.812,0.14900000000000002,11.76,4.57,23.74,28.31,9.89,9.72,193.0,0.267,41.0,21.24,27.0,13.99,0.755,0.1149999999999999,19.56,7.7,20.12,27.83,20.15,17.67,31.0,0.138,9.0,29.03,1.0,3.23,0.33299999999999996,0.033999999999999975,33.33,15.08,19.84,34.92,33.33,23.08,66.0,0.177,19.0,28.79,4.0,6.06,0.453,0.049,34.85,17.97,15.23,33.2,37.14,21.95
746300,2024-06-08,2024,668942,L,519293,L,field_out,False,False,20.0,0.158,8.0,40.0,1.0,5.0,0.358,0.0,38.24,17.11,22.37,39.47,25.0,34.78,54.0,0.224,17.0,31.48,5.0,9.26,0.5609999999999999,0.041,32.61,13.64,21.82,35.45,26.36,24.29,31.0,0.138,9.0,29.03,1.0,3.23,0.33299999999999996,0.033999999999999975,33.33,15.08,19.84,34.92,33.33,23.08,66.0,0.177,19.0,28.79,4.0,6.06,0.453,0.049,34.85,17.97,15.23,33.2,37.14,21.95
746300,2024-06-08,2024,677951,R,676092,R,single,False,False,241.0,0.333,42.0,17.43,20.0,8.3,0.969,0.24599999999999994,24.95,12.27,13.77,26.04,28.75,17.28,547.0,0.27,93.0,17.0,33.0,6.03,0.8,0.2149999999999999,22.15,10.87,15.53,26.4,29.62,14.44,5.0,0.25,1.0,20.0,1.0,20.0,0.65,0.0,18.18,7.69,11.54,19.23,29.41,11.11,58.0,0.286,9.0,15.52,9.0,15.52,0.866,0.183,20.45,7.93,21.59,29.52,25.2,13.24
746300,2024-06-08,2024,686469,L,676092,R,field_out,False,False,202.0,0.228,29.0,14.36,22.0,10.89,0.745,0.19899999999999998,14.05,6.29,15.91,22.19,28.31,13.55,188.0,0.251,23.0,12.23,15.0,7.98,0.784,0.217,14.85,7.02,17.48,24.5,34.8,10.0,11.0,0.222,2.0,18.18,1.0,9.09,0.522,0.0,27.78,14.71,11.76,26.47,20.0,50.0,37.0,0.312,2.0,5.41,4.0,10.81,0.847,0.1569999999999999,13.56,5.71,12.86,18.57,10.14,5.71
746300,2024-06-08,2024,521692,R,676092,R,strikeout,True,False,195.0,0.305,32.0,16.41,14.0,7.18,0.887,0.20600000000000002,24.21,13.98,8.76,22.74,43.95,13.68,437.0,0.264,100.0,22.88,11.0,2.52,0.73,0.174,30.72,18.16,9.73,27.89,45.56,22.08,5.0,0.25,1.0,20.0,1.0,20.0,0.65,0.0,18.18,7.69,11.54,19.23,29.41,11.11,58.0,0.286,9.0,15.52,9.0,15.52,0.866,0.183,20.45,7.93,21.59,29.52,25.2,13.24
746300,2024-06-08,2024,669004,L,676092,R,strikeout,True,False,157.0,0.168,40.0,25.48,13.0,8.28,0.62,0.21,29.77,15.28,11.72,27.0,27.61,17.02,459.0,0.239,122.0,26.58,55.0,11.98,0.752,0.181,32.7,15.24,15.56,30.8,24.84,20.68,11.0,0.222,2.0,18.18,1.0,9.09,0.522,0.0,27.78,14.71,11.76,26.47,20.0,50.0,37.0,0.312,2.0,5.41,4.0,10.81,0.847,0.1569999999999999,13.56,5.71,12.86,18.57,10.14,5.71
746300,2024-06-08,2024,677594,R,670167,R,field_out,False,False,200.0,0.241,56.0,28.0,12.0,6.0,0.589,0.057999999999999996,30.93,16.54,12.31,28.86,35.93,19.5,545.0,0.267,127.0,23.3,35.0,6.42,0.8109999999999999,0.2169999999999999,27.93,14.91,13.12,28.03,38.34,22.84,54.0,0.188,12.0,22.22,4.0,7.41,0.46699999999999997,0.01999999999999999,18.39,7.34,20.18,27.52,21.37,21.05,125.0,0.204,37.0,29.6,10.0,8.0,0.599,0.123,25.88,11.73,19.48,31.21,28.85,22.42
746300,2024-06-08,2024,663728,L,670167,R,field_out,False,False,164.0,0.219,58.0,35.37,17.0,10.37,0.6759999999999999,0.158,30.47,15.47,13.08,28.55,31.48,22.62,462.0,0.235,126.0,27.27,47.0,10.17,0.7909999999999999,0.241,29.58,14.2,14.09,28.29,30.53,21.36,56.0,0.34,6.0,10.71,3.0,5.36,0.853,0.12,16.22,8.82,12.75,21.57,30.53,8.82,79.0,0.3,16.0,20.25,15.0,18.99,0.989,0.233,22.22,9.17,16.51,25.69,22.49,17.58
746300,2024-06-08,2024,670042,L,670167,R,walk,False,True,132.0,0.266,41.0,31.06,3.0,2.27,0.746,0.16899999999999998,34.44,19.06,11.07,30.12,31.06,30.83,363.0,0.247,112.0,30.85,26.0,7.16,0.8340000000000001,0.25,38.6,19.83,11.57,31.39,31.1,26.79,56.0,0.34,6.0,10.71,3.0,5.36,0.853,0.12,16.22,8.82,12.75,21.57,30.53,8.82,79.0,0.3,16.0,20.25,15.0,18.99,0.989,0.233,22.22,9.17,16.51,25.69,22.49,17.58
746300,2024-06-08,2024,641598,R,670167,R,field_out,False,False,147.0,0.152,48.0,32.65,17.0,11.56,0.529,0.11200000000000002,34.3,13.67,23.23,36.9,19.58,24.0,262.0,0.25,70.0,26.72,25.0,9.54,0.845,0.267,25.84,10.63,19.22,29.85,18.71,21.21,54.0,0.188,12.0,22.22,4.0,7.41,0.46699999999999997,0.01999999999999999,18.39,7.34,20.18,27.52,21.37,21.05,125.0,0.204,37.0,29.6,10.0,8.0,0.599,0.123,25.88,11.73,19.48,31.21,28.85,22.42
746300,2024-06-08,2024,676369,R,663423,R,field_out,False,False,137.0,0.205,40.0,29.2,8.0,5.84,0.6639999999999999,0.204,36.73,16.92,15.98,32.89,28.08,24.84,125.0,0.257,36.0,28.8,9.0,7.2,0.966,0.389,35.34,17.89,12.6,30.49,29.12,21.95,60.0,0.16,13.0,21.67,7.0,11.67,0.516,0.07999999999999999,32.71,14.83,16.95,31.78,24.41,17.81,70.0,0.209,19.0,27.14,3.0,4.29,0.5860000000000001,0.134,26.12,13.36,17.18,30.53,37.78,20.88
746300,2024-06-08,2024,592669,R,663423,R,double,False,False,123.0,0.189,24.0,19.51,11.0,8.94,0.5920000000000001,0.135,26.19,10.89,21.78,32.67,25.19,15.0,408.0,0.229,91.0,22.3,35.0,8.58,0.723,0.1969999999999999,28.12,14.44,14.12,28.56,33.7,19.12,60.0,0.16,13.0,21.67,7.0,11.67,0.516,0.07999999999999999,32.71,14.83,16.95,31.78,24.41,17.81,70.0,0.209,19.0,27.14,3.0,4.29,0.5860000000000001,0.134,26.12,13.36,17.18,30.53,37.78,20.88
746300,2024-06-08,2024,679845,R,663423,R,walk,False,True,47.0,0.25,6.0,12.77,5.0,10.64,0.5760000000000001,0.0,20.59,8.92,18.47,27.39,24.39,13.95,44.0,0.279,7.0,15.91,1.0,2.27,0.667,0.0929999999999999,20.0,9.64,16.87,26.51,25.61,14.29,60.0,0.16,13.0,21.67,7.0,11.67,0.516,0.07999999999999999,32.71,14.83,16.95,31.78,24.41,17.81,70.0,0.209,19.0,27.14,3.0,4.29,0.5860000000000001,0.134,26.12,13.36,17.18,30.53,37.78,20.88
746300,2024-06-08,2024,664728,L,663423,R,sac_fly,False,False,145.0,0.207,24.0,16.55,9.0,6.21,0.5980000000000001,0.13400000000000004,17.18,7.93,21.14,29.07,31.22,19.83,253.0,0.223,43.0,17.0,12.0,4.74,0.631,0.147,20.48,9.51,19.8,29.31,28.6,18.78,48.0,0.267,14.0,29.17,2.0,4.17,0.6539999999999999,0.08899999999999997,22.43,12.97,16.22,29.19,42.68,21.21,55.0,0.308,7.0,12.73,3.0,5.45,0.903,0.25,15.48,6.6,22.34,28.93,14.63,11.86
746300,2024-06-08,2024,672580,R,663423,R,field_out,False,False,232.0,0.248,42.0,18.1,18.0,7.76,0.6519999999999999,0.09999999999999998,19.31,8.39,20.69,29.08,21.09,16.94,400.0,0.258,94.0,23.5,33.0,8.25,0.648,0.071,20.3,8.71,19.59,28.3,19.12,19.96,60.0,0.16,13.0,21.67,7.0,11.67,0.516,0.07999999999999999,32.71,14.83,16.95,31.78,24.41,17.81,70.0,0.209,19.0,27.14,3.0,4.29,0.5860000000000001,0.134,26.12,13.36,17.18,30.53,37.78,20.88
746300,2024-06-08,2024,664238,R,663704,R,field_out,False,False,128.0,0.215,35.0,27.34,13.0,10.16,0.738,0.18700000000000003,26.01,11.2,18.15,29.34,18.43,22.29,73.0,0.188,28.0,38.36,6.0,8.22,0.647,0.1709999999999999,33.56,16.33,21.33,37.67,34.46,26.17,59.0,0.281,10.0,16.95,2.0,3.39,0.7789999999999999,0.19299999999999995,31.73,14.86,18.47,33.33,30.43,16.13,52.0,0.22,13.0,25.0,1.0,1.92,0.531,0.0799999999999999,27.06,12.64,23.08,35.71,30.59,28.26
746300,2024-06-08,2024,686527,L,663704,R,field_out,False,False,79.0,0.183,22.0,27.85,7.0,8.86,0.6759999999999999,0.24,34.97,17.73,16.67,34.4,38.93,27.5,155.0,0.221,26.0,16.77,5.0,3.23,0.661,0.1879999999999999,24.65,13.73,16.86,30.59,41.27,21.85,52.0,0.327,13.0,25.0,1.0,1.92,0.834,0.14199999999999996,28.92,13.48,23.03,36.52,31.46,30.95,38.0,0.257,10.0,26.32,1.0,2.63,0.8599999999999999,0.3139999999999999,22.37,10.69,20.75,31.45,29.17,20.0
746300,2024-06-08,2024,669208,R,663704,R,field_out,False,False,9.0,0.125,0.0,0.0,1.0,11.11,0.347,0.0,6.67,2.94,11.76,14.71,6.67,0.0,,,,,,,,,,,,,,,59.0,0.281,10.0,16.95,2.0,3.39,0.7789999999999999,0.19299999999999995,31.73,14.86,18.47,33.33,30.43,16.13,52.0,0.22,13.0,25.0,1.0,1.92,0.531,0.0799999999999999,27.06,12.64,23.08,35.71,30.59,28.26
745082,2024-06-08,2024,683002,L,671737,R,strikeout,True,False,190.0,0.251,41.0,21.58,19.0,10.0,0.9059999999999999,0.31799999999999995,24.16,11.03,14.66,25.7,22.34,23.98,455.0,0.272,117.0,25.71,38.0,8.35,0.885,0.277,25.57,12.07,15.7,27.78,26.4,22.35,60.0,0.268,19.0,31.67,3.0,5.0,0.835,0.25,30.33,16.52,12.95,29.46,35.14,30.16,230.0,0.227,75.0,32.61,20.0,8.7,0.677,0.159,29.2,13.82,16.1,29.92,24.77,27.17
745082,2024-06-08,2024,668939,L,671737,R,strikeout,True,False,180.0,0.235,35.0,19.44,11.0,6.11,0.6439999999999999,0.126,22.35,10.67,19.66,30.34,33.9,16.91,496.0,0.267,80.0,16.13,61.0,12.3,0.778,0.1519999999999999,16.76,6.91,19.7,26.61,24.41,12.54,60.0,0.268,19.0,31.67,3.0,5.0,0.835,0.25,30.33,16.52,12.95,29.46,35.14,30.16,230.0,0.227,75.0,32.61,20.0,8.7,0.677,0.159,29.2,13.82,16.1,29.92,24.77,27.17
745082,2024-06-08,2024,663624,R,671737,R,single,False,False,171.0,0.273,39.0,22.81,7.0,4.09,0.8069999999999999,0.22999999999999998,22.87,12.5,12.65,25.15,37.6,19.02,310.0,0.235,78.0,25.16,22.0,7.1,0.6399999999999999,0.1139999999999999,29.78,16.05,13.56,29.61,37.06,21.61,52.0,0.205,13.0,25.0,6.0,11.54,0.7649999999999999,0.272,26.21,12.39,14.22,26.61,23.68,18.06,230.0,0.282,54.0,23.48,19.0,8.26,0.946,0.321,21.36,11.52,13.29,24.81,30.0,18.12
745082,2024-06-08,2024,656811,L,671737,R,field_out,False,False,166.0,0.291,18.0,10.84,15.0,9.04,0.852,0.20600000000000002,17.91,7.93,16.86,24.79,23.33,13.43,340.0,0.297,74.0,21.76,13.0,3.82,0.802,0.178,22.26,11.29,14.37,25.66,31.15,17.72,60.0,0.268,19.0,31.67,3.0,5.0,0.835,0.25,30.33,16.52,12.95,29.46,35.14,30.16,230.0,0.227,75.0,32.61,20.0,8.7,0.677,0.159,29.2,13.82,16.1,29.92,24.77,27.17
745082,2024-06-08,2024,650490,R,680694,R,single,False,False,202.0,0.229,30.0,14.85,21.0,10.4,0.652,0.10600000000000001,11.42,4.89,17.18,22.08,22.09,12.1,462.0,0.322,72.0,15.58,49.0,10.61,0.881,0.1559999999999999,18.95,8.0,18.68,26.68,19.71,15.69,67.0,0.228,21.0,31.34,9.0,13.43,0.6839999999999999,0.12299999999999997,24.32,9.89,22.34,32.23,23.88,22.11,368.0,0.211,90.0,24.46,17.0,4.62,0.5900000000000001,0.119,26.97,12.79,18.3,31.1,29.84,21.63
745082,2024-06-08,2024,664040,L,680694,R,strikeout,True,False,66.0,0.179,16.0,24.24,8.0,12.12,0.642,0.16000000000000003,26.89,13.85,9.52,23.38,26.98,28.07,374.0,0.241,103.0,27.54,42.0,11.23,0.813,0.237,31.86,16.63,11.13,27.77,30.39,21.33,58.0,0.2,19.0,32.76,5.0,8.62,0.5700000000000001,0.06,26.53,10.88,20.92,31.8,23.48,27.54,304.0,0.22,78.0,25.66,27.0,8.88,0.624,0.11,24.81,10.84,18.01,28.85,25.16,21.31
745082,2024-06-08,2024,668227,R,680694,R,field_out,False,False,188.0,0.177,55.0,29.26,18.0,9.57,0.5960000000000001,0.14600000000000002,36.72,15.26,19.98,35.24,24.7,21.15,517.0,0.254,119.0,23.02,62.0,11.99,0.7769999999999999,0.1589999999999999,29.93,12.82,18.77,31.59,26.93,19.44,67.0,0.228,21.0,31.34,9.0,13.43,0.6839999999999999,0.12299999999999997,24.32,9.89,22.34,32.23,23.88,22.11,368.0,0.211,90.0,24.46,17.0,4.62,0.5900000000000001,0.119,26.97,12.79,18.3,31.1,29.84,21.63
745082,2024-06-08,2024,670623,R,680694,R,field_out,False,False,189.0,0.296,29.0,15.34,19.0,10.05,0.895,0.21600000000000003,16.67,7.57,18.35,25.92,28.15,8.92,438.0,0.247,82.0,18.72,43.0,9.82,0.86,0.266,18.6,8.55,16.71,25.26,28.98,14.09,67.0,0.228,21.0,31.34,9.0,13.43,0.6839999999999999,0.12299999999999997,24.32,9.89,22.34,32.23,23.88,22.11,368.0,0.211,90.0,24.46,17.0,4.62,0.5900000000000001,0.119,26.97,12.79,18.3,31.1,29.84,21.63
745082,2024-06-08,2024,623993,L,671737,R,walk,False,True,180.0,0.212,27.0,15.0,12.0,6.67,0.7390000000000001,0.24900000000000003,16.67,9.18,12.8,21.97,40.66,11.74,486.0,0.26,107.0,22.02,31.0,6.38,0.798,0.2229999999999999,22.13,11.37,14.84,26.21,37.22,15.21,60.0,0.268,19.0,31.67,3.0,5.0,0.835,0.25,30.33,16.52,12.95,29.46,35.14,30.16,230.0,0.227,75.0,32.61,20.0,8.7,0.677,0.159,29.2,13.82,16.1,29.92,24.77,27.17
745082,2024-06-08,2024,676059,R,671737,R,field_out,False,False,179.0,0.301,29.0,16.2,12.0,6.7,0.879,0.22000000000000003,26.11,13.21,15.17,28.38,30.61,14.14,146.0,0.246,33.0,22.6,8.0,5.48,0.6779999999999999,0.142,22.97,11.73,16.25,27.98,29.59,19.76,52.0,0.205,13.0,25.0,6.0,11.54,0.7649999999999999,0.272,26.21,12.39,14.22,26.61,23.68,18.06,230.0,0.282,54.0,23.48,19.0,8.26,0.946,0.321,21.36,11.52,13.29,24.81,30.0,18.12
745082,2024-06-08,2024,669065,L,671737,R,force_out,False,False,28.0,0.333,9.0,32.14,0.0,0.0,0.8140000000000001,0.14799999999999996,34.92,21.78,8.91,30.69,33.33,25.71,30.0,0.071,12.0,40.0,2.0,6.67,0.204,0.0,37.29,20.37,12.04,32.41,38.18,40.0,60.0,0.268,19.0,31.67,3.0,5.0,0.835,0.25,30.33,16.52,12.95,29.46,35.14,30.16,230.0,0.227,75.0,32.61,20.0,8.7,0.677,0.159,29.2,13.82,16.1,29.92,24.77,27.17
745082,2024-06-08,2024,681393,R,671737,R,strikeout,True,False,7.0,0.143,2.0,28.57,0.0,0.0,0.714,0.42799999999999994,18.75,10.0,20.0,30.0,46.67,20.0,,,,,,,,,,,,,,,52.0,0.205,13.0,25.0,6.0,11.54,0.7649999999999999,0.272,26.21,12.39,14.22,26.61,23.68,18.06,230.0,0.282,54.0,23.48,19.0,8.26,0.946,0.321,21.36,11.52,13.29,24.81,30.0,18.12
745082,2024-06-08,2024,666139,L,680694,R,field_out,False,False,51.0,0.239,13.0,25.49,4.0,7.84,0.735,0.196,24.77,12.56,14.88,27.44,31.73,18.06,435.0,0.3,104.0,23.91,27.0,6.21,0.8540000000000001,0.211,29.41,15.52,12.38,27.9,34.65,18.39,58.0,0.2,19.0,32.76,5.0,8.62,0.5700000000000001,0.06,26.53,10.88,20.92,31.8,23.48,27.54,304.0,0.22,78.0,25.66,27.0,8.88,0.624,0.11,24.81,10.84,18.01,28.85,25.16,21.31
745082,2024-06-08,2024,642350,R,680694,R,strikeout,True,False,128.0,0.2,45.0,35.16,9.0,7.03,0.615,0.127,37.67,16.8,21.0,37.8,31.8,27.11,271.0,0.23,93.0,34.32,16.0,5.9,0.801,0.29,39.19,20.65,15.06,35.71,37.69,31.08,67.0,0.228,21.0,31.34,9.0,13.43,0.6839999999999999,0.12299999999999997,24.32,9.89,22.34,32.23,23.88,22.11,368.0,0.211,90.0,24.46,17.0,4.62,0.5900000000000001,0.119,26.97,12.79,18.3,31.1,29.84,21.63
745082,2024-06-08,2024,670764,L,680694,R,field_out,False,False,1.0,0.0,1.0,100.0,0.0,0.0,0.0,0.0,100.0,60.0,0.0,60.0,0.0,50.0,257.0,0.179,69.0,26.85,33.0,12.84,0.588,0.121,26.28,11.1,17.87,28.97,16.97,23.15,58.0,0.2,19.0,32.76,5.0,8.62,0.5700000000000001,0.06,26.53,10.88,20.92,31.8,23.48,27.54,304.0,0.22,78.0,25.66,27.0,8.88,0.624,0.11,24.81,10.84,18.01,28.85,25.16,21.31
745082,2024-06-08,2024,656775,L,671737,R,strikeout,True,False,138.0,0.19,36.0,26.09,9.0,6.52,0.598,0.16699999999999998,20.59,10.81,12.93,23.75,28.91,22.09,336.0,0.233,77.0,22.92,31.0,9.23,0.726,0.1889999999999999,26.24,13.25,14.23,27.48,28.99,18.95,60.0,0.268,19.0,31.67,3.0,5.0,0.835,0.25,30.33,16.52,12.95,29.46,35.14,30.16,230.0,0.227,75.0,32.61,20.0,8.7,0.677,0.159,29.2,13.82,16.1,29.92,24.77,27.17
745082,2024-06-08,2024,683002,L,671737,R,strikeout,True,False,190.0,0.251,41.0,21.58,19.0,10.0,0.9059999999999999,0.31799999999999995,24.16,11.03,14.66,25.7,22.34,23.98,455.0,0.272,117.0,25.71,38.0,8.35,0.885,0.277,25.57,12.07,15.7,27.78,26.4,22.35,60.0,0.268,19.0,31.67,3.0,5.0,0.835,0.25,30.33,16.52,12.95,29.46,35.14,30.16,230.0,0.227,75.0,32.61,20.0,8.7,0.677,0.159,29.2,13.82,16.1,29.92,24.77,27.17
745082,2024-06-08,2024,668939,L,671737,R,single,False,False,180.0,0.235,35.0,19.44,11.0,6.11,0.6439999999999999,0.126,22.35,10.67,19.66,30.34,33.9,16.91,496.0,0.267,80.0,16.13,61.0,12.3,0.778,0.1519999999999999,16.76,6.91,19.7,26.61,24.41,12.54,60.0,0.268,19.0,31.67,3.0,5.0,0.835,0.25,30.33,16.52,12.95,29.46,35.14,30.16,230.0,0.227,75.0,32.61,20.0,8.7,0.677,0.159,29.2,13.82,16.1,29.92,24.77,27.17
745082,2024-06-08,2024,663624,R,671737,R,force_out,False,False,171.0,0.273,39.0,22.81,7.0,4.09,0.8069999999999999,0.22999999999999998,22.87,12.5,12.65,25.15,37.6,19.02,310.0,0.235,78.0,25.16,22.0,7.1,0.6399999999999999,0.1139999999999999,29.78,16.05,13.56,29.61,37.06,21.61,52.0,0.205,13.0,25.0,6.0,11.54,0.7649999999999999,0.272,26.21,12.39,14.22,26.61,23.68,18.06,230.0,0.282,54.0,23.48,19.0,8.26,0.946,0.321,21.36,11.52,13.29,24.81,30.0,18.12
745082,2024-06-08,2024,680700,L,680694,R,field_out,False,False,162.0,0.25,37.0,22.84,20.0,12.35,0.72,0.118,27.42,13.32,13.95,27.27,27.07,18.59,82.0,0.216,10.0,12.2,6.0,7.32,0.7390000000000001,0.243,15.71,6.75,18.4,25.15,18.99,10.75,58.0,0.2,19.0,32.76,5.0,8.62,0.5700000000000001,0.06,26.53,10.88,20.92,31.8,23.48,27.54,304.0,0.22,78.0,25.66,27.0,8.88,0.624,0.11,24.81,10.84,18.01,28.85,25.16,21.31
745082,2024-06-08,2024,656577,R,680694,R,strikeout,True,False,32.0,0.036,14.0,43.75,2.0,6.25,0.17099999999999999,0.034999999999999996,43.75,23.33,18.33,41.67,43.1,34.15,,,,,,,,,,,,,,,67.0,0.228,21.0,31.34,9.0,13.43,0.6839999999999999,0.12299999999999997,24.32,9.89,22.34,32.23,23.88,22.11,368.0,0.211,90.0,24.46,17.0,4.62,0.5900000000000001,0.119,26.97,12.79,18.3,31.1,29.84,21.63
745082,2024-06-08,2024,650490,R,680694,R,field_out,False,False,202.0,0.229,30.0,14.85,21.0,10.4,0.652,0.10600000000000001,11.42,4.89,17.18,22.08,22.09,12.1,462.0,0.322,72.0,15.58,49.0,10.61,0.881,0.1559999999999999,18.95,8.0,18.68,26.68,19.71,15.69,67.0,0.228,21.0,31.34,9.0,13.43,0.6839999999999999,0.12299999999999997,24.32,9.89,22.34,32.23,23.88,22.11,368.0,0.211,90.0,24.46,17.0,4.62,0.5900000000000001,0.119,26.97,12.79,18.3,31.1,29.84,21.63
745082,2024-06-08,2024,656811,L,671737,R,home_run,False,False,166.0,0.291,18.0,10.84,15.0,9.04,0.852,0.20600000000000002,17.91,7.93,16.86,24.79,23.33,13.43,340.0,0.297,74.0,21.76,13.0,3.82,0.802,0.178,22.26,11.29,14.37,25.66,31.15,17.72,60.0,0.268,19.0,31.67,3.0,5.0,0.835,0.25,30.33,16.52,12.95,29.46,35.14,30.16,230.0,0.227,75.0,32.61,20.0,8.7,0.677,0.159,29.2,13.82,16.1,29.92,24.77,27.17
745082,2024-06-08,2024,623993,L,671737,R,field_out,False,False,180.0,0.212,27.0,15.0,12.0,6.67,0.7390000000000001,0.24900000000000003,16.67,9.18,12.8,21.97,40.66,11.74,486.0,0.26,107.0,22.02,31.0,6.38,0.798,0.2229999999999999,22.13,11.37,14.84,26.21,37.22,15.21,60.0,0.268,19.0,31.67,3.0,5.0,0.835,0.25,30.33,16.52,12.95,29.46,35.14,30.16,230.0,0.227,75.0,32.61,20.0,8.7,0.677,0.159,29.2,13.82,16.1,29.92,24.77,27.17
745082,2024-06-08,2024,676059,R,671737,R,field_out,False,False,179.0,0.301,29.0,16.2,12.0,6.7,0.879,0.22000000000000003,26.11,13.21,15.17,28.38,30.61,14.14,146.0,0.246,33.0,22.6,8.0,5.48,0.6779999999999999,0.142,22.97,11.73,16.25,27.98,29.59,19.76,52.0,0.205,13.0,25.0,6.0,11.54,0.7649999999999999,0.272,26.21,12.39,14.22,26.61,23.68,18.06,230.0,0.282,54.0,23.48,19.0,8.26,0.946,0.321,21.36,11.52,13.29,24.81,30.0,18.12
745082,2024-06-08,2024,669065,L,671737,R,strikeout,True,False,28.0,0.333,9.0,32.14,0.0,0.0,0.8140000000000001,0.14799999999999996,34.92,21.78,8.91,30.69,33.33,25.71,30.0,0.071,12.0,40.0,2.0,6.67,0.204,0.0,37.29,20.37,12.04,32.41,38.18,40.0,60.0,0.268,19.0,31.67,3.0,5.0,0.835,0.25,30.33,16.52,12.95,29.46,35.14,30.16,230.0,0.227,75.0,32.61,20.0,8.7,0.677,0.159,29.2,13.82,16.1,29.92,24.77,27.17
745082,2024-06-08,2024,664040,L,680694,R,field_out,False,False,66.0,0.179,16.0,24.24,8.0,12.12,0.642,0.16000000000000003,26.89,13.85,9.52,23.38,26.98,28.07,374.0,0.241,103.0,27.54,42.0,11.23,0.813,0.237,31.86,16.63,11.13,27.77,30.39,21.33,58.0,0.2,19.0,32.76,5.0,8.62,0.5700000000000001,0.06,26.53,10.88,20.92,31.8,23.48,27.54,304.0,0.22,78.0,25.66,27.0,8.88,0.624,0.11,24.81,10.84,18.01,28.85,25.16,21.31
745082,2024-06-08,2024,668227,R,680694,R,strikeout,True,False,188.0,0.177,55.0,29.26,18.0,9.57,0.5960000000000001,0.14600000000000002,36.72,15.26,19.98,35.24,24.7,21.15,517.0,0.254,119.0,23.02,62.0,11.99,0.7769999999999999,0.1589999999999999,29.93,12.82,18.77,31.59,26.93,19.44,67.0,0.228,21.0,31.34,9.0,13.43,0.6839999999999999,0.12299999999999997,24.32,9.89,22.34,32.23,23.88,22.11,368.0,0.211,90.0,24.46,17.0,4.62,0.5900000000000001,0.119,26.97,12.79,18.3,31.1,29.84,21.63
745082,2024-06-08,2024,670623,R,680694,R,field_out,False,False,189.0,0.296,29.0,15.34,19.0,10.05,0.895,0.21600000000000003,16.67,7.57,18.35,25.92,28.15,8.92,438.0,0.247,82.0,18.72,43.0,9.82,0.86,0.266,18.6,8.55,16.71,25.26,28.98,14.09,67.0,0.228,21.0,31.34,9.0,13.43,0.6839999999999999,0.12299999999999997,24.32,9.89,22.34,32.23,23.88,22.11,368.0,0.211,90.0,24.46,17.0,4.62,0.5900000000000001,0.119,26.97,12.79,18.3,31.1,29.84,21.63
745082,2024-06-08,2024,681393,R,671737,R,field_out,False,False,7.0,0.143,2.0,28.57,0.0,0.0,0.714,0.42799999999999994,18.75,10.0,20.0,30.0,46.67,20.0,,,,,,,,,,,,,,,52.0,0.205,13.0,25.0,6.0,11.54,0.7649999999999999,0.272,26.21,12.39,14.22,26.61,23.68,18.06,230.0,0.282,54.0,23.48,19.0,8.26,0.946,0.321,21.36,11.52,13.29,24.81,30.0,18.12
745082,2024-06-08,2024,656775,L,671737,R,strikeout,True,False,138.0,0.19,36.0,26.09,9.0,6.52,0.598,0.16699999999999998,20.59,10.81,12.93,23.75,28.91,22.09,336.0,0.233,77.0,22.92,31.0,9.23,0.726,0.1889999999999999,26.24,13.25,14.23,27.48,28.99,18.95,60.0,0.268,19.0,31.67,3.0,5.0,0.835,0.25,30.33,16.52,12.95,29.46,35.14,30.16,230.0,0.227,75.0,32.61,20.0,8.7,0.677,0.159,29.2,13.82,16.1,29.92,24.77,27.17
745082,2024-06-08,2024,683002,L,671737,R,field_out,False,False,190.0,0.251,41.0,21.58,19.0,10.0,0.9059999999999999,0.31799999999999995,24.16,11.03,14.66,25.7,22.34,23.98,455.0,0.272,117.0,25.71,38.0,8.35,0.885,0.277,25.57,12.07,15.7,27.78,26.4,22.35,60.0,0.268,19.0,31.67,3.0,5.0,0.835,0.25,30.33,16.52,12.95,29.46,35.14,30.16,230.0,0.227,75.0,32.61,20.0,8.7,0.677,0.159,29.2,13.82,16.1,29.92,24.77,27.17
745082,2024-06-08,2024,666139,L,680694,R,strikeout,True,False,51.0,0.239,13.0,25.49,4.0,7.84,0.735,0.196,24.77,12.56,14.88,27.44,31.73,18.06,435.0,0.3,104.0,23.91,27.0,6.21,0.8540000000000001,0.211,29.41,15.52,12.38,27.9,34.65,18.39,58.0,0.2,19.0,32.76,5.0,8.62,0.5700000000000001,0.06,26.53,10.88,20.92,31.8,23.48,27.54,304.0,0.22,78.0,25.66,27.0,8.88,0.624,0.11,24.81,10.84,18.01,28.85,25.16,21.31
745082,2024-06-08,2024,642350,R,680694,R,strikeout,True,False,128.0,0.2,45.0,35.16,9.0,7.03,0.615,0.127,37.67,16.8,21.0,37.8,31.8,27.11,271.0,0.23,93.0,34.32,16.0,5.9,0.801,0.29,39.19,20.65,15.06,35.71,37.69,31.08,67.0,0.228,21.0,31.34,9.0,13.43,0.6839999999999999,0.12299999999999997,24.32,9.89,22.34,32.23,23.88,22.11,368.0,0.211,90.0,24.46,17.0,4.62,0.5900000000000001,0.119,26.97,12.79,18.3,31.1,29.84,21.63
745082,2024-06-08,2024,670764,L,680694,R,strikeout,True,False,1.0,0.0,1.0,100.0,0.0,0.0,0.0,0.0,100.0,60.0,0.0,60.0,0.0,50.0,257.0,0.179,69.0,26.85,33.0,12.84,0.588,0.121,26.28,11.1,17.87,28.97,16.97,23.15,58.0,0.2,19.0,32.76,5.0,8.62,0.5700000000000001,0.06,26.53,10.88,20.92,31.8,23.48,27.54,304.0,0.22,78.0,25.66,27.0,8.88,0.624,0.11,24.81,10.84,18.01,28.85,25.16,21.31
745082,2024-06-08,2024,668939,L,542888,R,walk,False,True,180.0,0.235,35.0,19.44,11.0,6.11,0.6439999999999999,0.126,22.35,10.67,19.66,30.34,33.9,16.91,496.0,0.267,80.0,16.13,61.0,12.3,0.778,0.1519999999999999,16.76,6.91,19.7,26.61,24.41,12.54,44.0,0.282,10.0,22.73,5.0,11.36,0.774,0.128,17.5,8.33,19.05,27.38,24.0,20.41,98.0,0.209,24.0,24.49,5.0,5.1,0.552,0.088,21.9,12.01,15.67,27.68,36.52,18.05
745082,2024-06-08,2024,663624,R,542888,R,strikeout,True,False,171.0,0.273,39.0,22.81,7.0,4.09,0.8069999999999999,0.22999999999999998,22.87,12.5,12.65,25.15,37.6,19.02,310.0,0.235,78.0,25.16,22.0,7.1,0.6399999999999999,0.1139999999999999,29.78,16.05,13.56,29.61,37.06,21.61,80.0,0.227,23.0,28.75,4.0,5.0,0.635,0.13299999999999998,26.88,14.33,17.33,31.67,29.23,21.9,109.0,0.17,30.0,27.52,6.0,5.5,0.489,0.0799999999999999,30.59,16.11,13.7,29.81,33.17,23.08
745082,2024-06-08,2024,656811,L,542888,R,field_out,False,False,166.0,0.291,18.0,10.84,15.0,9.04,0.852,0.20600000000000002,17.91,7.93,16.86,24.79,23.33,13.43,340.0,0.297,74.0,21.76,13.0,3.82,0.802,0.178,22.26,11.29,14.37,25.66,31.15,17.72,44.0,0.282,10.0,22.73,5.0,11.36,0.774,0.128,17.5,8.33,19.05,27.38,24.0,20.41,98.0,0.209,24.0,24.49,5.0,5.1,0.552,0.088,21.9,12.01,15.67,27.68,36.52,18.05
745082,2024-06-08,2024,623993,L,542888,R,double,False,False,180.0,0.212,27.0,15.0,12.0,6.67,0.7390000000000001,0.24900000000000003,16.67,9.18,12.8,21.97,40.66,11.74,486.0,0.26,107.0,22.02,31.0,6.38,0.798,0.2229999999999999,22.13,11.37,14.84,26.21,37.22,15.21,44.0,0.282,10.0,22.73,5.0,11.36,0.774,0.128,17.5,8.33,19.05,27.38,24.0,20.41,98.0,0.209,24.0,24.49,5.0,5.1,0.552,0.088,21.9,12.01,15.67,27.68,36.52,18.05
745082,2024-06-08,2024,676059,R,542888,R,field_out,False,False,179.0,0.301,29.0,16.2,12.0,6.7,0.879,0.22000000000000003,26.11,13.21,15.17,28.38,30.61,14.14,146.0,0.246,33.0,22.6,8.0,5.48,0.6779999999999999,0.142,22.97,11.73,16.25,27.98,29.59,19.76,80.0,0.227,23.0,28.75,4.0,5.0,0.635,0.13299999999999998,26.88,14.33,17.33,31.67,29.23,21.9,109.0,0.17,30.0,27.52,6.0,5.5,0.489,0.0799999999999999,30.59,16.11,13.7,29.81,33.17,23.08
745082,2024-06-08,2024,680700,L,680694,R,strikeout,True,False,162.0,0.25,37.0,22.84,20.0,12.35,0.72,0.118,27.42,13.32,13.95,27.27,27.07,18.59,82.0,0.216,10.0,12.2,6.0,7.32,0.7390000000000001,0.243,15.71,6.75,18.4,25.15,18.99,10.75,58.0,0.2,19.0,32.76,5.0,8.62,0.5700000000000001,0.06,26.53,10.88,20.92,31.8,23.48,27.54,304.0,0.22,78.0,25.66,27.0,8.88,0.624,0.11,24.81,10.84,18.01,28.85,25.16,21.31
745082,2024-06-08,2024,656577,R,680694,R,strikeout,True,False,32.0,0.036,14.0,43.75,2.0,6.25,0.17099999999999999,0.034999999999999996,43.75,23.33,18.33,41.67,43.1,34.15,,,,,,,,,,,,,,,67.0,0.228,21.0,31.34,9.0,13.43,0.6839999999999999,0.12299999999999997,24.32,9.89,22.34,32.23,23.88,22.11,368.0,0.211,90.0,24.46,17.0,4.62,0.5900000000000001,0.119,26.97,12.79,18.3,31.1,29.84,21.63
745082,2024-06-08,2024,650490,R,680694,R,field_out,False,False,202.0,0.229,30.0,14.85,21.0,10.4,0.652,0.10600000000000001,11.42,4.89,17.18,22.08,22.09,12.1,462.0,0.322,72.0,15.58,49.0,10.61,0.881,0.1559999999999999,18.95,8.0,18.68,26.68,19.71,15.69,67.0,0.228,21.0,31.34,9.0,13.43,0.6839999999999999,0.12299999999999997,24.32,9.89,22.34,32.23,23.88,22.11,368.0,0.211,90.0,24.46,17.0,4.62,0.5900000000000001,0.119,26.97,12.79,18.3,31.1,29.84,21.63
745082,2024-06-08,2024,681297,L,621363,L,walk,False,True,49.0,0.209,19.0,38.78,3.0,6.12,0.643,0.163,37.65,16.08,20.1,36.18,22.22,28.36,9.0,0.143,2.0,22.22,1.0,11.11,0.476,0.0,25.0,8.11,27.03,35.14,15.79,18.18,10.0,0.556,2.0,20.0,1.0,10.0,1.6,0.44399999999999995,20.0,8.82,20.59,29.41,28.57,20.0,74.0,0.185,25.0,33.78,8.0,10.81,0.597,0.138,35.92,17.23,16.55,33.78,28.28,25.81
745082,2024-06-08,2024,681393,R,621363,L,field_out,False,False,3.0,0.333,0.0,0.0,0.0,0.0,0.666,0.0,14.29,11.11,11.11,22.22,75.0,0.0,,,,,,,,,,,,,,,32.0,0.241,4.0,12.5,2.0,6.25,0.7290000000000001,0.20700000000000002,22.41,12.04,6.48,18.52,34.92,14.29,172.0,0.199,36.0,20.93,16.0,9.3,0.5740000000000001,0.0989999999999999,25.81,12.6,14.49,27.09,32.74,21.95
745082,2024-06-08,2024,656775,L,621363,L,field_out,False,False,49.0,0.128,12.0,24.49,1.0,2.04,0.333,0.04200000000000001,20.62,10.75,16.13,26.88,27.71,22.64,120.0,0.233,24.0,20.0,12.0,10.0,0.708,0.165,20.83,9.68,19.35,29.03,20.0,14.81,10.0,0.556,2.0,20.0,1.0,10.0,1.6,0.44399999999999995,20.0,8.82,20.59,29.41,28.57,20.0,74.0,0.185,25.0,33.78,8.0,10.81,0.597,0.138,35.92,17.23,16.55,33.78,28.28,25.81
745082,2024-06-08,2024,683002,L,621363,L,walk,False,True,91.0,0.292,26.0,28.57,16.0,17.58,1.012,0.291,31.54,12.3,18.59,30.89,18.27,23.21,167.0,0.209,42.0,25.15,18.0,10.78,0.617,0.115,28.77,12.92,19.54,32.46,27.19,20.79,10.0,0.556,2.0,20.0,1.0,10.0,1.6,0.44399999999999995,20.0,8.82,20.59,29.41,28.57,20.0,74.0,0.185,25.0,33.78,8.0,10.81,0.597,0.138,35.92,17.23,16.55,33.78,28.28,25.81
745082,2024-06-08,2024,668939,R,621363,L,field_out,False,False,83.0,0.438,12.0,14.46,3.0,3.61,1.183,0.287,18.0,8.16,20.54,28.7,26.88,12.63,191.0,0.304,21.0,10.99,31.0,16.23,0.895,0.177,12.46,4.9,20.56,25.46,20.79,8.71,32.0,0.241,4.0,12.5,2.0,6.25,0.7290000000000001,0.20700000000000002,22.41,12.04,6.48,18.52,34.92,14.29,172.0,0.199,36.0,20.93,16.0,9.3,0.5740000000000001,0.0989999999999999,25.81,12.6,14.49,27.09,32.74,21.95
745082,2024-06-08,2024,664040,L,543056,L,field_out,False,False,13.0,0.417,3.0,23.08,1.0,7.69,1.212,0.333,38.46,20.83,6.25,27.08,18.18,23.08,63.0,0.17,16.0,25.4,8.0,12.7,0.512,0.0559999999999999,33.05,15.79,14.98,30.77,27.69,23.19,33.0,0.182,8.0,24.24,0.0,0.0,0.424,0.06,23.08,11.01,22.02,33.03,25.0,25.81,92.0,0.256,20.0,21.74,8.0,8.7,0.5860000000000001,0.0,30.07,13.07,17.33,30.4,26.32,24.1
745082,2024-06-08,2024,668227,R,543056,L,field_out,False,False,67.0,0.17,13.0,19.4,13.0,19.4,0.673,0.17,26.85,10.36,17.86,28.21,17.65,18.31,138.0,0.254,37.0,26.81,18.0,13.04,0.8280000000000001,0.212,26.44,11.46,18.11,29.57,29.32,19.68,53.0,0.14,17.0,32.08,3.0,5.66,0.529,0.2,26.5,12.2,17.72,29.92,33.1,18.68,119.0,0.212,38.0,31.93,4.0,3.36,0.618,0.16,29.87,14.37,17.29,31.67,38.32,23.46
745082,2024-06-08,2024,670623,R,543056,L,field_out,False,False,64.0,0.281,13.0,20.31,6.0,9.38,0.78,0.13999999999999996,20.54,8.81,21.84,30.65,26.28,16.88,136.0,0.259,22.0,16.18,15.0,11.03,0.773,0.146,17.06,7.6,18.37,25.97,26.71,12.64,53.0,0.14,17.0,32.08,3.0,5.66,0.529,0.2,26.5,12.2,17.72,29.92,33.1,18.68,119.0,0.212,38.0,31.93,4.0,3.36,0.618,0.16,29.87,14.37,17.29,31.67,38.32,23.46
745082,2024-06-08,2024,663624,R,592094,R,strikeout,True,False,171.0,0.273,39.0,22.81,7.0,4.09,0.8069999999999999,0.22999999999999998,22.87,12.5,12.65,25.15,37.6,19.02,310.0,0.235,78.0,25.16,22.0,7.1,0.6399999999999999,0.1139999999999999,29.78,16.05,13.56,29.61,37.06,21.61,57.0,0.133,12.0,21.05,7.0,12.28,0.43700000000000006,0.022999999999999993,36.36,17.02,14.89,31.91,29.03,16.67,112.0,0.196,30.0,26.79,9.0,8.04,0.634,0.134,33.33,15.66,15.45,31.11,29.8,18.18
745082,2024-06-08,2024,656811,L,592094,R,single,False,False,166.0,0.291,18.0,10.84,15.0,9.04,0.852,0.20600000000000002,17.91,7.93,16.86,24.79,23.33,13.43,340.0,0.297,74.0,21.76,13.0,3.82,0.802,0.178,22.26,11.29,14.37,25.66,31.15,17.72,43.0,0.184,9.0,20.93,4.0,9.3,0.657,0.21100000000000002,36.84,18.3,13.73,32.03,33.77,20.0,110.0,0.167,39.0,35.45,11.0,10.0,0.627,0.1869999999999999,35.6,15.81,20.0,35.81,28.04,29.55
745082,2024-06-08,2024,623993,L,592094,R,strikeout,True,False,180.0,0.212,27.0,15.0,12.0,6.67,0.7390000000000001,0.24900000000000003,16.67,9.18,12.8,21.97,40.66,11.74,486.0,0.26,107.0,22.02,31.0,6.38,0.798,0.2229999999999999,22.13,11.37,14.84,26.21,37.22,15.21,43.0,0.184,9.0,20.93,4.0,9.3,0.657,0.21100000000000002,36.84,18.3,13.73,32.03,33.77,20.0,110.0,0.167,39.0,35.45,11.0,10.0,0.627,0.1869999999999999,35.6,15.81,20.0,35.81,28.04,29.55
745082,2024-06-08,2024,676059,R,592094,R,triple,False,False,179.0,0.301,29.0,16.2,12.0,6.7,0.879,0.22000000000000003,26.11,13.21,15.17,28.38,30.61,14.14,146.0,0.246,33.0,22.6,8.0,5.48,0.6779999999999999,0.142,22.97,11.73,16.25,27.98,29.59,19.76,57.0,0.133,12.0,21.05,7.0,12.28,0.43700000000000006,0.022999999999999993,36.36,17.02,14.89,31.91,29.03,16.67,112.0,0.196,30.0,26.79,9.0,8.04,0.634,0.134,33.33,15.66,15.45,31.11,29.8,18.18
745082,2024-06-08,2024,681297,L,592094,R,field_out,False,False,154.0,0.237,41.0,26.62,18.0,11.69,0.775,0.198,30.18,13.4,16.36,29.75,23.73,22.78,68.0,0.111,20.0,29.41,12.0,17.65,0.427,0.0369999999999999,26.67,10.98,17.07,28.05,21.51,17.7,43.0,0.184,9.0,20.93,4.0,9.3,0.657,0.21100000000000002,36.84,18.3,13.73,32.03,33.77,20.0,110.0,0.167,39.0,35.45,11.0,10.0,0.627,0.1869999999999999,35.6,15.81,20.0,35.81,28.04,29.55
745082,2024-06-08,2024,666139,L,543056,L,strikeout,True,False,9.0,0.222,3.0,33.33,0.0,0.0,0.666,0.222,52.94,23.68,21.05,44.74,27.78,23.08,68.0,0.238,20.0,29.41,4.0,5.88,0.713,0.191,35.42,19.54,13.03,32.57,42.18,21.74,33.0,0.182,8.0,24.24,0.0,0.0,0.424,0.06,23.08,11.01,22.02,33.03,25.0,25.81,92.0,0.256,20.0,21.74,8.0,8.7,0.5860000000000001,0.0,30.07,13.07,17.33,30.4,26.32,24.1
745082,2024-06-08,2024,642350,R,543056,L,strikeout,True,False,48.0,0.19,16.0,33.33,5.0,10.42,0.7230000000000001,0.262,41.51,20.85,12.8,33.65,27.62,21.62,93.0,0.198,37.0,39.78,4.0,4.3,0.647,0.2209999999999999,43.46,22.99,15.24,38.23,37.84,32.17,53.0,0.14,17.0,32.08,3.0,5.66,0.529,0.2,26.5,12.2,17.72,29.92,33.1,18.68,119.0,0.212,38.0,31.93,4.0,3.36,0.618,0.16,29.87,14.37,17.29,31.67,38.32,23.46
745082,2024-06-08,2024,670764,R,543056,L,strikeout,True,False,3.0,0.667,1.0,33.33,0.0,0.0,1.667,0.33299999999999996,40.0,15.38,15.38,30.77,16.67,16.67,92.0,0.262,23.0,25.0,11.0,11.96,0.7769999999999999,0.1629999999999999,29.38,13.09,17.27,30.36,20.23,24.21,53.0,0.14,17.0,32.08,3.0,5.66,0.529,0.2,26.5,12.2,17.72,29.92,33.1,18.68,119.0,0.212,38.0,31.93,4.0,3.36,0.618,0.16,29.87,14.37,17.29,31.67,38.32,23.46
745082,2024-06-08,2024,681393,R,664208,R,single,False,False,7.0,0.143,2.0,28.57,0.0,0.0,0.714,0.42799999999999994,18.75,10.0,20.0,30.0,46.67,20.0,,,,,,,,,,,,,,,54.0,0.217,9.0,16.67,7.0,12.96,0.637,0.087,33.01,15.96,14.55,30.52,29.41,16.98,136.0,0.153,44.0,32.35,8.0,5.88,0.431,0.0569999999999999,39.26,20.62,13.04,33.66,34.2,29.86
745082,2024-06-08,2024,656775,L,664208,R,walk,False,True,138.0,0.19,36.0,26.09,9.0,6.52,0.598,0.16699999999999998,20.59,10.81,12.93,23.75,28.91,22.09,336.0,0.233,77.0,22.92,31.0,9.23,0.726,0.1889999999999999,26.24,13.25,14.23,27.48,28.99,18.95,43.0,0.235,10.0,23.26,6.0,13.95,0.924,0.29400000000000004,23.75,10.5,14.36,24.86,31.96,18.87,138.0,0.265,30.0,21.74,17.0,12.32,0.856,0.2039999999999999,26.0,12.2,15.95,28.14,26.22,19.87
745082,2024-06-08,2024,683002,L,664208,R,home_run,False,False,190.0,0.251,41.0,21.58,19.0,10.0,0.9059999999999999,0.31799999999999995,24.16,11.03,14.66,25.7,22.34,23.98,455.0,0.272,117.0,25.71,38.0,8.35,0.885,0.277,25.57,12.07,15.7,27.78,26.4,22.35,43.0,0.235,10.0,23.26,6.0,13.95,0.924,0.29400000000000004,23.75,10.5,14.36,24.86,31.96,18.87,138.0,0.265,30.0,21.74,17.0,12.32,0.856,0.2039999999999999,26.0,12.2,15.95,28.14,26.22,19.87
745082,2024-06-08,2024,668939,L,664208,R,field_out,False,False,180.0,0.235,35.0,19.44,11.0,6.11,0.6439999999999999,0.126,22.35,10.67,19.66,30.34,33.9,16.91,496.0,0.267,80.0,16.13,61.0,12.3,0.778,0.1519999999999999,16.76,6.91,19.7,26.61,24.41,12.54,43.0,0.235,10.0,23.26,6.0,13.95,0.924,0.29400000000000004,23.75,10.5,14.36,24.86,31.96,18.87,138.0,0.265,30.0,21.74,17.0,12.32,0.856,0.2039999999999999,26.0,12.2,15.95,28.14,26.22,19.87
745082,2024-06-08,2024,663624,R,664208,R,walk,False,True,171.0,0.273,39.0,22.81,7.0,4.09,0.8069999999999999,0.22999999999999998,22.87,12.5,12.65,25.15,37.6,19.02,310.0,0.235,78.0,25.16,22.0,7.1,0.6399999999999999,0.1139999999999999,29.78,16.05,13.56,29.61,37.06,21.61,54.0,0.217,9.0,16.67,7.0,12.96,0.637,0.087,33.01,15.96,14.55,30.52,29.41,16.98,136.0,0.153,44.0,32.35,8.0,5.88,0.431,0.0569999999999999,39.26,20.62,13.04,33.66,34.2,29.86
745082,2024-06-08,2024,669720,R,664208,R,double,False,False,65.0,0.14,11.0,16.92,4.0,6.15,0.512,0.14100000000000001,24.3,12.5,13.46,25.96,26.26,23.4,399.0,0.28,104.0,26.07,22.0,5.51,0.762,0.1589999999999999,29.22,13.77,18.52,32.29,31.55,22.92,54.0,0.217,9.0,16.67,7.0,12.96,0.637,0.087,33.01,15.96,14.55,30.52,29.41,16.98,136.0,0.153,44.0,32.35,8.0,5.88,0.431,0.0569999999999999,39.26,20.62,13.04,33.66,34.2,29.86
745082,2024-06-08,2024,623993,L,687330,R,field_out,False,False,180.0,0.212,27.0,15.0,12.0,6.67,0.7390000000000001,0.24900000000000003,16.67,9.18,12.8,21.97,40.66,11.74,486.0,0.26,107.0,22.02,31.0,6.38,0.798,0.2229999999999999,22.13,11.37,14.84,26.21,37.22,15.21,40.0,0.184,8.0,20.0,0.0,0.0,0.6,0.21100000000000002,14.06,6.47,23.02,29.5,26.98,19.05,104.0,0.211,27.0,25.96,10.0,9.62,0.65,0.122,24.16,10.19,19.67,29.86,20.39,21.31
745082,2024-06-08,2024,676059,R,687330,R,strikeout,True,False,179.0,0.301,29.0,16.2,12.0,6.7,0.879,0.22000000000000003,26.11,13.21,15.17,28.38,30.61,14.14,146.0,0.246,33.0,22.6,8.0,5.48,0.6779999999999999,0.142,22.97,11.73,16.25,27.98,29.59,19.76,68.0,0.274,17.0,25.0,3.0,4.41,0.747,0.14499999999999996,21.65,8.9,25.85,34.75,26.92,23.94,172.0,0.211,29.0,16.86,5.0,2.91,0.554,0.0809999999999999,21.07,9.75,21.21,30.96,29.68,13.74
745082,2024-06-08,2024,680700,L,672335,L,field_out,False,False,15.0,0.333,6.0,40.0,0.0,0.0,0.666,0.0,21.43,9.38,18.75,28.12,23.53,40.0,20.0,0.421,1.0,5.0,0.0,0.0,1.158,0.316,13.33,7.32,14.63,21.95,33.33,3.33,26.0,0.167,7.0,26.92,1.0,3.85,0.481,0.08299999999999999,23.91,12.22,13.33,25.56,34.78,28.0,109.0,0.213,24.0,22.02,13.0,11.93,0.602,0.0739999999999999,21.23,9.38,17.28,26.67,28.02,21.24
745082,2024-06-08,2024,656577,R,672335,L,strikeout,True,False,16.0,0.067,8.0,50.0,0.0,0.0,0.129,0.0,34.04,21.62,8.11,29.73,53.49,24.24,,,,,,,,,,,,,,,34.0,0.241,7.0,20.59,5.0,14.71,0.732,0.138,32.73,14.17,14.17,28.35,26.03,19.44,139.0,0.305,20.0,14.39,14.0,10.07,0.771,0.076,19.11,8.9,16.36,25.26,26.96,15.87
745082,2024-06-08,2024,650490,R,672335,L,single,False,False,71.0,0.277,7.0,9.86,4.0,5.63,0.6950000000000001,0.10799999999999998,8.4,3.8,16.35,20.15,19.67,12.5,139.0,0.355,22.0,15.83,16.0,11.51,1.101,0.314,16.87,7.31,16.22,23.53,19.53,13.75,34.0,0.241,7.0,20.59,5.0,14.71,0.732,0.138,32.73,14.17,14.17,28.35,26.03,19.44,139.0,0.305,20.0,14.39,14.0,10.07,0.771,0.076,19.11,8.9,16.36,25.26,26.96,15.87
745082,2024-06-08,2024,664040,L,672335,L,strikeout,True,False,13.0,0.417,3.0,23.08,1.0,7.69,1.212,0.333,38.46,20.83,6.25,27.08,18.18,23.08,63.0,0.17,16.0,25.4,8.0,12.7,0.512,0.0559999999999999,33.05,15.79,14.98,30.77,27.69,23.19,26.0,0.167,7.0,26.92,1.0,3.85,0.481,0.08299999999999999,23.91,12.22,13.33,25.56,34.78,28.0,109.0,0.213,24.0,22.02,13.0,11.93,0.602,0.0739999999999999,21.23,9.38,17.28,26.67,28.02,21.24
746786,2024-06-08,2024,680776,L,680897,R,walk,False,True,205.0,0.287,44.0,21.46,15.0,7.32,0.8840000000000001,0.25600000000000006,23.82,11.46,14.99,26.45,28.12,19.64,314.0,0.296,75.0,23.89,21.0,6.69,0.84,0.195,24.68,12.92,13.75,26.67,30.3,19.02,38.0,0.28,2.0,5.26,13.0,34.21,1.046,0.24,23.21,8.07,15.53,23.6,20.21,4.65,,,,,,,,,,,,,,
746786,2024-06-08,2024,665839,L,680897,R,strikeout,True,False,100.0,0.226,26.0,26.0,4.0,4.0,0.702,0.226,21.43,10.63,17.97,28.61,31.84,19.4,133.0,0.28,32.0,24.06,7.0,5.26,0.806,0.2079999999999999,23.05,10.04,20.07,30.11,28.72,21.48,38.0,0.28,2.0,5.26,13.0,34.21,1.046,0.24,23.21,8.07,15.53,23.6,20.21,4.65,,,,,,,,,,,,,,
746786,2024-06-08,2024,608701,R,680897,R,strikeout,True,False,71.0,0.349,13.0,18.31,6.0,8.45,0.97,0.20700000000000007,18.9,8.82,17.65,26.47,22.66,14.77,98.0,0.159,25.0,25.51,10.0,10.2,0.466,0.036,25.0,10.43,19.91,30.33,20.39,18.38,65.0,0.263,12.0,18.46,7.0,10.77,0.845,0.22799999999999998,27.1,11.79,14.63,26.42,22.56,23.08,,,,,,,,,,,,,,
746786,2024-06-08,2024,646240,L,680897,R,field_out,False,False,153.0,0.298,30.0,19.61,21.0,13.73,1.048,0.35800000000000004,23.81,11.24,13.16,24.4,31.38,16.04,469.0,0.27,89.0,18.98,51.0,10.87,0.863,0.235,25.44,13.04,9.74,22.78,33.05,15.06,38.0,0.28,2.0,5.26,13.0,34.21,1.046,0.24,23.21,8.07,15.53,23.6,20.21,4.65,,,,,,,,,,,,,,
746786,2024-06-08,2024,667452,R,678394,R,field_out,False,False,43.0,0.237,6.0,13.95,5.0,11.63,0.7210000000000001,0.15800000000000003,13.75,6.01,19.13,25.14,30.93,9.09,250.0,0.249,56.0,22.4,20.0,8.0,0.659,0.0979999999999999,26.42,11.51,19.54,31.05,28.57,19.44,106.0,0.235,24.0,22.64,6.0,5.66,0.6499999999999999,0.132,21.18,10.19,17.54,27.73,30.62,17.91,346.0,0.229,88.0,25.43,24.0,6.94,0.6779999999999999,0.16,27.11,13.0,16.03,29.03,30.58,20.05
746786,2024-06-08,2024,676113,L,678394,R,field_out,False,False,9.0,0.125,4.0,44.44,1.0,11.11,0.472,0.125,33.33,13.79,24.14,37.93,30.77,40.0,,,,,,,,,,,,,,,123.0,0.241,25.0,20.33,12.0,9.76,0.772,0.203,29.58,12.91,16.19,29.1,28.16,19.38,322.0,0.313,44.0,13.66,21.0,6.52,0.883,0.209,21.39,10.43,13.34,23.77,28.42,13.66
746786,2024-06-08,2024,683734,R,678394,R,strikeout,True,False,189.0,0.205,50.0,26.46,14.0,7.41,0.62,0.13999999999999999,24.21,11.28,17.99,29.26,30.03,21.19,474.0,0.267,109.0,23.0,29.0,6.12,0.774,0.18,26.24,11.95,18.94,30.89,30.92,21.51,106.0,0.235,24.0,22.64,6.0,5.66,0.6499999999999999,0.132,21.18,10.19,17.54,27.73,30.62,17.91,346.0,0.229,88.0,25.43,24.0,6.94,0.6779999999999999,0.16,27.11,13.0,16.03,29.03,30.58,20.05
746786,2024-06-08,2024,657136,R,680897,R,walk,False,True,115.0,0.321,23.0,20.0,1.0,0.87,0.813,0.14100000000000001,25.96,14.21,14.74,28.95,34.46,23.23,296.0,0.262,94.0,31.76,13.0,4.39,0.734,0.1669999999999999,32.08,16.95,15.14,32.09,35.28,27.01,65.0,0.263,12.0,18.46,7.0,10.77,0.845,0.22799999999999998,27.1,11.79,14.63,26.42,22.56,23.08,,,,,,,,,,,,,,
746786,2024-06-08,2024,642086,L,680897,R,walk,False,True,98.0,0.198,19.0,19.39,11.0,11.22,0.563,0.069,24.14,11.73,15.64,27.37,31.89,20.21,414.0,0.263,62.0,14.98,33.0,7.97,0.736,0.135,19.9,10.09,14.56,24.65,32.27,13.42,38.0,0.28,2.0,5.26,13.0,34.21,1.046,0.24,23.21,8.07,15.53,23.6,20.21,4.65,,,,,,,,,,,,,,
746786,2024-06-08,2024,666915,R,680897,R,strikeout,True,False,40.0,0.167,18.0,45.0,2.0,5.0,0.453,0.05499999999999999,42.67,19.88,21.74,41.61,27.94,30.0,31.0,0.103,17.0,54.84,2.0,6.45,0.368,0.104,45.45,22.22,17.78,40.0,36.11,38.64,65.0,0.263,12.0,18.46,7.0,10.77,0.845,0.22799999999999998,27.1,11.79,14.63,26.42,22.56,23.08,,,,,,,,,,,,,,
746786,2024-06-08,2024,666152,L,680897,R,strikeout,True,False,102.0,0.28,24.0,23.53,8.0,7.84,0.773,0.14999999999999997,26.83,11.22,20.41,31.63,19.39,21.82,36.0,0.1,10.0,27.78,6.0,16.67,0.417,0.067,20.0,8.44,23.38,31.82,26.39,15.38,38.0,0.28,2.0,5.26,13.0,34.21,1.046,0.24,23.21,8.07,15.53,23.6,20.21,4.65,,,,,,,,,,,,,,
746786,2024-06-08,2024,678882,R,680897,R,field_out,False,False,175.0,0.218,45.0,25.71,5.0,2.86,0.611,0.152,32.45,20.16,11.8,31.97,45.1,22.61,62.0,0.263,20.0,32.26,3.0,4.84,0.6739999999999999,0.1049999999999999,27.08,15.6,11.2,26.8,42.11,22.22,65.0,0.263,12.0,18.46,7.0,10.77,0.845,0.22799999999999998,27.1,11.79,14.63,26.42,22.56,23.08,,,,,,,,,,,,,,
746786,2024-06-08,2024,657757,L,678394,R,single,False,False,187.0,0.247,28.0,14.97,26.0,13.9,0.784,0.177,18.43,7.96,17.75,25.72,27.55,11.57,324.0,0.212,58.0,17.9,28.0,8.64,0.63,0.1369999999999999,20.44,9.67,14.66,24.33,29.35,14.25,123.0,0.241,25.0,20.33,12.0,9.76,0.772,0.203,29.58,12.91,16.19,29.1,28.16,19.38,322.0,0.313,44.0,13.66,21.0,6.52,0.883,0.209,21.39,10.43,13.34,23.77,28.42,13.66
746786,2024-06-08,2024,657557,R,678394,R,field_out,False,False,151.0,0.266,49.0,32.45,5.0,3.31,0.8220000000000001,0.238,32.14,18.78,9.39,28.17,33.46,25.52,281.0,0.203,86.0,30.6,12.0,4.27,0.603,0.1539999999999999,36.49,19.09,15.38,34.47,35.28,34.68,106.0,0.235,24.0,22.64,6.0,5.66,0.6499999999999999,0.132,21.18,10.19,17.54,27.73,30.62,17.91,346.0,0.229,88.0,25.43,24.0,6.94,0.6779999999999999,0.16,27.11,13.0,16.03,29.03,30.58,20.05
746786,2024-06-08,2024,693049,L,678394,R,field_out,False,False,14.0,0.182,2.0,14.29,2.0,14.29,0.5389999999999999,0.0,20.83,9.43,15.09,24.53,32.35,14.29,200.0,0.225,54.0,27.0,9.0,4.5,0.5840000000000001,0.096,31.03,16.83,13.63,30.46,39.85,27.84,123.0,0.241,25.0,20.33,12.0,9.76,0.772,0.203,29.58,12.91,16.19,29.1,28.16,19.38,322.0,0.313,44.0,13.66,21.0,6.52,0.883,0.209,21.39,10.43,13.34,23.77,28.42,13.66
746786,2024-06-08,2024,672820,R,678394,R,single,False,False,45.0,0.171,13.0,28.89,2.0,4.44,0.42200000000000004,0.023999999999999994,27.71,13.45,22.22,35.67,38.55,25.49,123.0,0.178,30.0,24.39,2.0,1.63,0.504,0.136,24.69,13.05,16.81,29.87,39.56,22.39,106.0,0.235,24.0,22.64,6.0,5.66,0.6499999999999999,0.132,21.18,10.19,17.54,27.73,30.62,17.91,346.0,0.229,88.0,25.43,24.0,6.94,0.6779999999999999,0.16,27.11,13.0,16.03,29.03,30.58,20.05
746786,2024-06-08,2024,664901,R,678394,R,field_out,False,False,60.0,0.175,19.0,31.67,1.0,1.67,0.43100000000000005,0.05300000000000002,31.19,15.67,18.89,34.56,31.68,27.94,29.0,0.12,5.0,17.24,3.0,10.34,0.4539999999999999,0.12,26.53,11.21,21.55,32.76,20.83,12.5,106.0,0.235,24.0,22.64,6.0,5.66,0.6499999999999999,0.132,21.18,10.19,17.54,27.73,30.62,17.91,346.0,0.229,88.0,25.43,24.0,6.94,0.6779999999999999,0.16,27.11,13.0,16.03,29.03,30.58,20.05
746786,2024-06-08,2024,680776,L,680897,R,field_out,False,False,205.0,0.287,44.0,21.46,15.0,7.32,0.8840000000000001,0.25600000000000006,23.82,11.46,14.99,26.45,28.12,19.64,314.0,0.296,75.0,23.89,21.0,6.69,0.84,0.195,24.68,12.92,13.75,26.67,30.3,19.02,38.0,0.28,2.0,5.26,13.0,34.21,1.046,0.24,23.21,8.07,15.53,23.6,20.21,4.65,,,,,,,,,,,,,,
746786,2024-06-08,2024,665839,L,680897,R,field_out,False,False,100.0,0.226,26.0,26.0,4.0,4.0,0.702,0.226,21.43,10.63,17.97,28.61,31.84,19.4,133.0,0.28,32.0,24.06,7.0,5.26,0.806,0.2079999999999999,23.05,10.04,20.07,30.11,28.72,21.48,38.0,0.28,2.0,5.26,13.0,34.21,1.046,0.24,23.21,8.07,15.53,23.6,20.21,4.65,,,,,,,,,,,,,,
746786,2024-06-08,2024,608701,R,680897,R,field_out,False,False,71.0,0.349,13.0,18.31,6.0,8.45,0.97,0.20700000000000007,18.9,8.82,17.65,26.47,22.66,14.77,98.0,0.159,25.0,25.51,10.0,10.2,0.466,0.036,25.0,10.43,19.91,30.33,20.39,18.38,65.0,0.263,12.0,18.46,7.0,10.77,0.845,0.22799999999999998,27.1,11.79,14.63,26.42,22.56,23.08,,,,,,,,,,,,,,
746786,2024-06-08,2024,455117,R,678394,R,walk,False,True,68.0,0.111,25.0,36.76,4.0,5.88,0.33899999999999997,0.06399999999999999,37.21,18.82,18.43,37.25,35.04,31.17,308.0,0.175,104.0,33.77,20.0,6.49,0.538,0.124,33.85,16.55,17.4,33.96,32.93,28.3,106.0,0.235,24.0,22.64,6.0,5.66,0.6499999999999999,0.132,21.18,10.19,17.54,27.73,30.62,17.91,346.0,0.229,88.0,25.43,24.0,6.94,0.6779999999999999,0.16,27.11,13.0,16.03,29.03,30.58,20.05
746786,2024-06-08,2024,667452,R,678394,R,grounded_into_double_play,False,False,43.0,0.237,6.0,13.95,5.0,11.63,0.7210000000000001,0.15800000000000003,13.75,6.01,19.13,25.14,30.93,9.09,250.0,0.249,56.0,22.4,20.0,8.0,0.659,0.0979999999999999,26.42,11.51,19.54,31.05,28.57,19.44,106.0,0.235,24.0,22.64,6.0,5.66,0.6499999999999999,0.132,21.18,10.19,17.54,27.73,30.62,17.91,346.0,0.229,88.0,25.43,24.0,6.94,0.6779999999999999,0.16,27.11,13.0,16.03,29.03,30.58,20.05
746786,2024-06-08,2024,676113,L,678394,R,field_out,False,False,9.0,0.125,4.0,44.44,1.0,11.11,0.472,0.125,33.33,13.79,24.14,37.93,30.77,40.0,,,,,,,,,,,,,,,123.0,0.241,25.0,20.33,12.0,9.76,0.772,0.203,29.58,12.91,16.19,29.1,28.16,19.38,322.0,0.313,44.0,13.66,21.0,6.52,0.883,0.209,21.39,10.43,13.34,23.77,28.42,13.66
746786,2024-06-08,2024,646240,L,680897,R,walk,False,True,153.0,0.298,30.0,19.61,21.0,13.73,1.048,0.35800000000000004,23.81,11.24,13.16,24.4,31.38,16.04,469.0,0.27,89.0,18.98,51.0,10.87,0.863,0.235,25.44,13.04,9.74,22.78,33.05,15.06,38.0,0.28,2.0,5.26,13.0,34.21,1.046,0.24,23.21,8.07,15.53,23.6,20.21,4.65,,,,,,,,,,,,,,
746786,2024-06-08,2024,657136,R,680897,R,force_out,False,False,115.0,0.321,23.0,20.0,1.0,0.87,0.813,0.14100000000000001,25.96,14.21,14.74,28.95,34.46,23.23,296.0,0.262,94.0,31.76,13.0,4.39,0.734,0.1669999999999999,32.08,16.95,15.14,32.09,35.28,27.01,65.0,0.263,12.0,18.46,7.0,10.77,0.845,0.22799999999999998,27.1,11.79,14.63,26.42,22.56,23.08,,,,,,,,,,,,,,
746786,2024-06-08,2024,642086,L,680897,R,grounded_into_double_play,False,False,98.0,0.198,19.0,19.39,11.0,11.22,0.563,0.069,24.14,11.73,15.64,27.37,31.89,20.21,414.0,0.263,62.0,14.98,33.0,7.97,0.736,0.135,19.9,10.09,14.56,24.65,32.27,13.42,38.0,0.28,2.0,5.26,13.0,34.21,1.046,0.24,23.21,8.07,15.53,23.6,20.21,4.65,,,,,,,,,,,,,,
746786,2024-06-08,2024,683734,R,678394,R,field_out,False,False,189.0,0.205,50.0,26.46,14.0,7.41,0.62,0.13999999999999999,24.21,11.28,17.99,29.26,30.03,21.19,474.0,0.267,109.0,23.0,29.0,6.12,0.774,0.18,26.24,11.95,18.94,30.89,30.92,21.51,106.0,0.235,24.0,22.64,6.0,5.66,0.6499999999999999,0.132,21.18,10.19,17.54,27.73,30.62,17.91,346.0,0.229,88.0,25.43,24.0,6.94,0.6779999999999999,0.16,27.11,13.0,16.03,29.03,30.58,20.05
746786,2024-06-08,2024,657757,L,678394,R,single,False,False,187.0,0.247,28.0,14.97,26.0,13.9,0.784,0.177,18.43,7.96,17.75,25.72,27.55,11.57,324.0,0.212,58.0,17.9,28.0,8.64,0.63,0.1369999999999999,20.44,9.67,14.66,24.33,29.35,14.25,123.0,0.241,25.0,20.33,12.0,9.76,0.772,0.203,29.58,12.91,16.19,29.1,28.16,19.38,322.0,0.313,44.0,13.66,21.0,6.52,0.883,0.209,21.39,10.43,13.34,23.77,28.42,13.66
746786,2024-06-08,2024,657557,R,678394,R,field_out,False,False,151.0,0.266,49.0,32.45,5.0,3.31,0.8220000000000001,0.238,32.14,18.78,9.39,28.17,33.46,25.52,281.0,0.203,86.0,30.6,12.0,4.27,0.603,0.1539999999999999,36.49,19.09,15.38,34.47,35.28,34.68,106.0,0.235,24.0,22.64,6.0,5.66,0.6499999999999999,0.132,21.18,10.19,17.54,27.73,30.62,17.91,346.0,0.229,88.0,25.43,24.0,6.94,0.6779999999999999,0.16,27.11,13.0,16.03,29.03,30.58,20.05
746786,2024-06-08,2024,693049,L,678394,R,strikeout,True,False,14.0,0.182,2.0,14.29,2.0,14.29,0.5389999999999999,0.0,20.83,9.43,15.09,24.53,32.35,14.29,200.0,0.225,54.0,27.0,9.0,4.5,0.5840000000000001,0.096,31.03,16.83,13.63,30.46,39.85,27.84,123.0,0.241,25.0,20.33,12.0,9.76,0.772,0.203,29.58,12.91,16.19,29.1,28.16,19.38,322.0,0.313,44.0,13.66,21.0,6.52,0.883,0.209,21.39,10.43,13.34,23.77,28.42,13.66
746786,2024-06-08,2024,666915,R,680897,R,home_run,False,False,40.0,0.167,18.0,45.0,2.0,5.0,0.453,0.05499999999999999,42.67,19.88,21.74,41.61,27.94,30.0,31.0,0.103,17.0,54.84,2.0,6.45,0.368,0.104,45.45,22.22,17.78,40.0,36.11,38.64,65.0,0.263,12.0,18.46,7.0,10.77,0.845,0.22799999999999998,27.1,11.79,14.63,26.42,22.56,23.08,,,,,,,,,,,,,,
746786,2024-06-08,2024,666152,L,680897,R,single,False,False,102.0,0.28,24.0,23.53,8.0,7.84,0.773,0.14999999999999997,26.83,11.22,20.41,31.63,19.39,21.82,36.0,0.1,10.0,27.78,6.0,16.67,0.417,0.067,20.0,8.44,23.38,31.82,26.39,15.38,38.0,0.28,2.0,5.26,13.0,34.21,1.046,0.24,23.21,8.07,15.53,23.6,20.21,4.65,,,,,,,,,,,,,,
746786,2024-06-08,2024,678882,R,680897,R,strikeout,True,False,175.0,0.218,45.0,25.71,5.0,2.86,0.611,0.152,32.45,20.16,11.8,31.97,45.1,22.61,62.0,0.263,20.0,32.26,3.0,4.84,0.6739999999999999,0.1049999999999999,27.08,15.6,11.2,26.8,42.11,22.22,65.0,0.263,12.0,18.46,7.0,10.77,0.845,0.22799999999999998,27.1,11.79,14.63,26.42,22.56,23.08,,,,,,,,,,,,,,
746786,2024-06-08,2024,680776,L,680897,R,walk,False,True,205.0,0.287,44.0,21.46,15.0,7.32,0.8840000000000001,0.25600000000000006,23.82,11.46,14.99,26.45,28.12,19.64,314.0,0.296,75.0,23.89,21.0,6.69,0.84,0.195,24.68,12.92,13.75,26.67,30.3,19.02,38.0,0.28,2.0,5.26,13.0,34.21,1.046,0.24,23.21,8.07,15.53,23.6,20.21,4.65,,,,,,,,,,,,,,
746786,2024-06-08,2024,642197,R,621383,L,strikeout,True,False,8.0,0.25,1.0,12.5,2.0,25.0,1.571,0.75,12.5,3.57,21.43,25.0,21.05,33.33,,,,,,,,,,,,,,,73.0,0.328,17.0,23.29,3.0,4.11,0.893,0.20900000000000002,22.86,11.39,15.66,27.05,27.34,18.09,163.0,0.282,28.0,17.18,10.0,6.13,0.881,0.268,22.22,10.14,16.28,26.42,20.83,15.91
746786,2024-06-08,2024,672820,R,678394,R,field_out,False,False,45.0,0.171,13.0,28.89,2.0,4.44,0.42200000000000004,0.023999999999999994,27.71,13.45,22.22,35.67,38.55,25.49,123.0,0.178,30.0,24.39,2.0,1.63,0.504,0.136,24.69,13.05,16.81,29.87,39.56,22.39,106.0,0.235,24.0,22.64,6.0,5.66,0.6499999999999999,0.132,21.18,10.19,17.54,27.73,30.62,17.91,346.0,0.229,88.0,25.43,24.0,6.94,0.6779999999999999,0.16,27.11,13.0,16.03,29.03,30.58,20.05
746786,2024-06-08,2024,664901,R,678394,R,double,False,False,60.0,0.175,19.0,31.67,1.0,1.67,0.43100000000000005,0.05300000000000002,31.19,15.67,18.89,34.56,31.68,27.94,29.0,0.12,5.0,17.24,3.0,10.34,0.4539999999999999,0.12,26.53,11.21,21.55,32.76,20.83,12.5,106.0,0.235,24.0,22.64,6.0,5.66,0.6499999999999999,0.132,21.18,10.19,17.54,27.73,30.62,17.91,346.0,0.229,88.0,25.43,24.0,6.94,0.6779999999999999,0.16,27.11,13.0,16.03,29.03,30.58,20.05
746786,2024-06-08,2024,455117,R,678394,R,field_out,False,False,68.0,0.111,25.0,36.76,4.0,5.88,0.33899999999999997,0.06399999999999999,37.21,18.82,18.43,37.25,35.04,31.17,308.0,0.175,104.0,33.77,20.0,6.49,0.538,0.124,33.85,16.55,17.4,33.96,32.93,28.3,106.0,0.235,24.0,22.64,6.0,5.66,0.6499999999999999,0.132,21.18,10.19,17.54,27.73,30.62,17.91,346.0,0.229,88.0,25.43,24.0,6.94,0.6779999999999999,0.16,27.11,13.0,16.03,29.03,30.58,20.05
746786,2024-06-08,2024,667452,R,678394,R,walk,False,True,43.0,0.237,6.0,13.95,5.0,11.63,0.7210000000000001,0.15800000000000003,13.75,6.01,19.13,25.14,30.93,9.09,250.0,0.249,56.0,22.4,20.0,8.0,0.659,0.0979999999999999,26.42,11.51,19.54,31.05,28.57,19.44,106.0,0.235,24.0,22.64,6.0,5.66,0.6499999999999999,0.132,21.18,10.19,17.54,27.73,30.62,17.91,346.0,0.229,88.0,25.43,24.0,6.94,0.6779999999999999,0.16,27.11,13.0,16.03,29.03,30.58,20.05
746786,2024-06-08,2024,676113,L,678394,R,walk,False,True,9.0,0.125,4.0,44.44,1.0,11.11,0.472,0.125,33.33,13.79,24.14,37.93,30.77,40.0,,,,,,,,,,,,,,,123.0,0.241,25.0,20.33,12.0,9.76,0.772,0.203,29.58,12.91,16.19,29.1,28.16,19.38,322.0,0.313,44.0,13.66,21.0,6.52,0.883,0.209,21.39,10.43,13.34,23.77,28.42,13.66
746786,2024-06-08,2024,683734,R,678394,R,single,False,False,189.0,0.205,50.0,26.46,14.0,7.41,0.62,0.13999999999999999,24.21,11.28,17.99,29.26,30.03,21.19,474.0,0.267,109.0,23.0,29.0,6.12,0.774,0.18,26.24,11.95,18.94,30.89,30.92,21.51,106.0,0.235,24.0,22.64,6.0,5.66,0.6499999999999999,0.132,21.18,10.19,17.54,27.73,30.62,17.91,346.0,0.229,88.0,25.43,24.0,6.94,0.6779999999999999,0.16,27.11,13.0,16.03,29.03,30.58,20.05
746786,2024-06-08,2024,657757,L,678394,R,home_run,False,False,187.0,0.247,28.0,14.97,26.0,13.9,0.784,0.177,18.43,7.96,17.75,25.72,27.55,11.57,324.0,0.212,58.0,17.9,28.0,8.64,0.63,0.1369999999999999,20.44,9.67,14.66,24.33,29.35,14.25,123.0,0.241,25.0,20.33,12.0,9.76,0.772,0.203,29.58,12.91,16.19,29.1,28.16,19.38,322.0,0.313,44.0,13.66,21.0,6.52,0.883,0.209,21.39,10.43,13.34,23.77,28.42,13.66
746786,2024-06-08,2024,657557,R,678394,R,single,False,False,151.0,0.266,49.0,32.45,5.0,3.31,0.8220000000000001,0.238,32.14,18.78,9.39,28.17,33.46,25.52,281.0,0.203,86.0,30.6,12.0,4.27,0.603,0.1539999999999999,36.49,19.09,15.38,34.47,35.28,34.68,106.0,0.235,24.0,22.64,6.0,5.66,0.6499999999999999,0.132,21.18,10.19,17.54,27.73,30.62,17.91,346.0,0.229,88.0,25.43,24.0,6.94,0.6779999999999999,0.16,27.11,13.0,16.03,29.03,30.58,20.05
746786,2024-06-08,2024,693049,L,678394,R,single,False,False,14.0,0.182,2.0,14.29,2.0,14.29,0.5389999999999999,0.0,20.83,9.43,15.09,24.53,32.35,14.29,200.0,0.225,54.0,27.0,9.0,4.5,0.5840000000000001,0.096,31.03,16.83,13.63,30.46,39.85,27.84,123.0,0.241,25.0,20.33,12.0,9.76,0.772,0.203,29.58,12.91,16.19,29.1,28.16,19.38,322.0,0.313,44.0,13.66,21.0,6.52,0.883,0.209,21.39,10.43,13.34,23.77,28.42,13.66
746786,2024-06-08,2024,672820,R,678394,R,single,False,False,45.0,0.171,13.0,28.89,2.0,4.44,0.42200000000000004,0.023999999999999994,27.71,13.45,22.22,35.67,38.55,25.49,123.0,0.178,30.0,24.39,2.0,1.63,0.504,0.136,24.69,13.05,16.81,29.87,39.56,22.39,106.0,0.235,24.0,22.64,6.0,5.66,0.6499999999999999,0.132,21.18,10.19,17.54,27.73,30.62,17.91,346.0,0.229,88.0,25.43,24.0,6.94,0.6779999999999999,0.16,27.11,13.0,16.03,29.03,30.58,20.05
746786,2024-06-08,2024,664901,R,677161,R,field_out,False,False,60.0,0.175,19.0,31.67,1.0,1.67,0.43100000000000005,0.05300000000000002,31.19,15.67,18.89,34.56,31.68,27.94,29.0,0.12,5.0,17.24,3.0,10.34,0.4539999999999999,0.12,26.53,11.21,21.55,32.76,20.83,12.5,39.0,0.147,8.0,20.51,4.0,10.26,0.521,0.11800000000000002,25.76,11.18,21.05,32.24,26.32,16.33,19.0,0.214,2.0,10.53,2.0,10.53,0.746,0.143,13.04,4.84,20.97,25.81,24.24,16.67
746786,2024-06-08,2024,608701,R,621383,L,strikeout,True,False,50.0,0.341,14.0,28.0,4.0,8.0,0.897,0.13599999999999995,33.71,15.96,19.68,35.64,22.89,21.54,146.0,0.308,22.0,15.07,23.0,15.75,0.8280000000000001,0.092,21.59,8.39,20.38,28.77,17.59,13.66,73.0,0.328,17.0,23.29,3.0,4.11,0.893,0.20900000000000002,22.86,11.39,15.66,27.05,27.34,18.09,163.0,0.282,28.0,17.18,10.0,6.13,0.881,0.268,22.22,10.14,16.28,26.42,20.83,15.91
746786,2024-06-08,2024,646240,L,621383,L,field_out,False,False,76.0,0.265,25.0,32.89,6.0,7.89,0.724,0.11699999999999999,30.86,16.72,13.04,29.77,31.62,25.0,188.0,0.273,37.0,19.68,11.0,5.85,0.823,0.2149999999999999,27.74,14.71,11.61,26.32,30.93,15.19,48.0,0.233,14.0,29.17,3.0,6.25,0.603,0.093,29.89,14.36,17.13,31.49,28.89,30.43,93.0,0.205,23.0,24.73,6.0,6.45,0.609,0.132,29.59,13.85,17.73,31.58,25.86,19.33
746786,2024-06-08,2024,657136,R,621383,L,single,False,False,63.0,0.352,13.0,20.63,8.0,12.7,0.907,0.11100000000000004,24.82,13.13,11.58,24.71,28.8,15.12,108.0,0.156,40.0,37.04,9.0,8.33,0.501,0.104,32.9,17.27,14.32,31.59,33.33,27.86,73.0,0.328,17.0,23.29,3.0,4.11,0.893,0.20900000000000002,22.86,11.39,15.66,27.05,27.34,18.09,163.0,0.282,28.0,17.18,10.0,6.13,0.881,0.268,22.22,10.14,16.28,26.42,20.83,15.91
746786,2024-06-08,2024,642086,L,621383,L,field_out,False,False,16.0,0.4,3.0,18.75,1.0,6.25,1.171,0.33299999999999996,14.29,6.15,20.0,26.15,22.58,15.0,172.0,0.234,29.0,16.86,14.0,8.14,0.588,0.0569999999999999,20.07,8.92,18.77,27.69,25.32,16.2,48.0,0.233,14.0,29.17,3.0,6.25,0.603,0.093,29.89,14.36,17.13,31.49,28.89,30.43,93.0,0.205,23.0,24.73,6.0,6.45,0.609,0.132,29.59,13.85,17.73,31.58,25.86,19.33
746786,2024-06-08,2024,455117,R,502624,R,strikeout,True,False,68.0,0.111,25.0,36.76,4.0,5.88,0.33899999999999997,0.06399999999999999,37.21,18.82,18.43,37.25,35.04,31.17,308.0,0.175,104.0,33.77,20.0,6.49,0.538,0.124,33.85,16.55,17.4,33.96,32.93,28.3,71.0,0.242,7.0,9.86,5.0,7.04,0.749,0.193,24.6,11.83,14.12,25.95,23.66,10.77,216.0,0.282,32.0,14.81,14.0,6.48,0.817,0.195,20.78,9.74,15.19,24.94,26.33,16.24
746786,2024-06-08,2024,667452,R,502624,R,field_out,False,False,43.0,0.237,6.0,13.95,5.0,11.63,0.7210000000000001,0.15800000000000003,13.75,6.01,19.13,25.14,30.93,9.09,250.0,0.249,56.0,22.4,20.0,8.0,0.659,0.0979999999999999,26.42,11.51,19.54,31.05,28.57,19.44,71.0,0.242,7.0,9.86,5.0,7.04,0.749,0.193,24.6,11.83,14.12,25.95,23.66,10.77,216.0,0.282,32.0,14.81,14.0,6.48,0.817,0.195,20.78,9.74,15.19,24.94,26.33,16.24
746786,2024-06-08,2024,676113,L,502624,R,walk,False,True,9.0,0.125,4.0,44.44,1.0,11.11,0.472,0.125,33.33,13.79,24.14,37.93,30.77,40.0,,,,,,,,,,,,,,,65.0,0.207,10.0,15.38,6.0,9.23,0.591,0.10300000000000001,23.08,10.04,18.59,28.62,23.66,13.89,156.0,0.261,32.0,20.51,19.0,12.18,0.835,0.2089999999999999,22.48,10.16,13.55,23.71,24.6,16.67
746786,2024-06-08,2024,683734,R,502624,R,field_out,False,False,189.0,0.205,50.0,26.46,14.0,7.41,0.62,0.13999999999999999,24.21,11.28,17.99,29.26,30.03,21.19,474.0,0.267,109.0,23.0,29.0,6.12,0.774,0.18,26.24,11.95,18.94,30.89,30.92,21.51,71.0,0.242,7.0,9.86,5.0,7.04,0.749,0.193,24.6,11.83,14.12,25.95,23.66,10.77,216.0,0.282,32.0,14.81,14.0,6.48,0.817,0.195,20.78,9.74,15.19,24.94,26.33,16.24
746786,2024-06-08,2024,666915,R,605154,R,strikeout,True,False,40.0,0.167,18.0,45.0,2.0,5.0,0.453,0.05499999999999999,42.67,19.88,21.74,41.61,27.94,30.0,31.0,0.103,17.0,54.84,2.0,6.45,0.368,0.104,45.45,22.22,17.78,40.0,36.11,38.64,53.0,0.271,13.0,24.53,4.0,7.55,0.736,0.125,29.36,16.0,12.0,28.0,40.0,19.4,107.0,0.221,29.0,27.1,8.0,7.48,0.674,0.179,26.61,12.86,15.74,28.6,25.99,16.96
746786,2024-06-08,2024,666152,L,605154,R,strikeout,True,False,102.0,0.28,24.0,23.53,8.0,7.84,0.773,0.14999999999999997,26.83,11.22,20.41,31.63,19.39,21.82,36.0,0.1,10.0,27.78,6.0,16.67,0.417,0.067,20.0,8.44,23.38,31.82,26.39,15.38,42.0,0.231,13.0,30.95,2.0,4.76,0.7989999999999999,0.28200000000000003,23.26,10.64,20.21,30.85,23.81,18.57,55.0,0.204,18.0,32.73,6.0,10.91,0.699,0.204,29.13,12.99,17.75,30.74,29.63,24.32
746786,2024-06-08,2024,678882,R,605154,R,single,False,False,175.0,0.218,45.0,25.71,5.0,2.86,0.611,0.152,32.45,20.16,11.8,31.97,45.1,22.61,62.0,0.263,20.0,32.26,3.0,4.84,0.6739999999999999,0.1049999999999999,27.08,15.6,11.2,26.8,42.11,22.22,53.0,0.271,13.0,24.53,4.0,7.55,0.736,0.125,29.36,16.0,12.0,28.0,40.0,19.4,107.0,0.221,29.0,27.1,8.0,7.48,0.674,0.179,26.61,12.86,15.74,28.6,25.99,16.96
746786,2024-06-08,2024,680776,L,605154,R,field_out,False,False,205.0,0.287,44.0,21.46,15.0,7.32,0.8840000000000001,0.25600000000000006,23.82,11.46,14.99,26.45,28.12,19.64,314.0,0.296,75.0,23.89,21.0,6.69,0.84,0.195,24.68,12.92,13.75,26.67,30.3,19.02,42.0,0.231,13.0,30.95,2.0,4.76,0.7989999999999999,0.28200000000000003,23.26,10.64,20.21,30.85,23.81,18.57,55.0,0.204,18.0,32.73,6.0,10.91,0.699,0.204,29.13,12.99,17.75,30.74,29.63,24.32
746786,2024-06-08,2024,657757,L,502624,R,field_out,False,False,187.0,0.247,28.0,14.97,26.0,13.9,0.784,0.177,18.43,7.96,17.75,25.72,27.55,11.57,324.0,0.212,58.0,17.9,28.0,8.64,0.63,0.1369999999999999,20.44,9.67,14.66,24.33,29.35,14.25,65.0,0.207,10.0,15.38,6.0,9.23,0.591,0.10300000000000001,23.08,10.04,18.59,28.62,23.66,13.89,156.0,0.261,32.0,20.51,19.0,12.18,0.835,0.2089999999999999,22.48,10.16,13.55,23.71,24.6,16.67
746786,2024-06-08,2024,657557,R,502624,R,home_run,False,False,151.0,0.266,49.0,32.45,5.0,3.31,0.8220000000000001,0.238,32.14,18.78,9.39,28.17,33.46,25.52,281.0,0.203,86.0,30.6,12.0,4.27,0.603,0.1539999999999999,36.49,19.09,15.38,34.47,35.28,34.68,71.0,0.242,7.0,9.86,5.0,7.04,0.749,0.193,24.6,11.83,14.12,25.95,23.66,10.77,216.0,0.282,32.0,14.81,14.0,6.48,0.817,0.195,20.78,9.74,15.19,24.94,26.33,16.24
746786,2024-06-08,2024,693049,L,502624,R,field_out,False,False,14.0,0.182,2.0,14.29,2.0,14.29,0.5389999999999999,0.0,20.83,9.43,15.09,24.53,32.35,14.29,200.0,0.225,54.0,27.0,9.0,4.5,0.5840000000000001,0.096,31.03,16.83,13.63,30.46,39.85,27.84,65.0,0.207,10.0,15.38,6.0,9.23,0.591,0.10300000000000001,23.08,10.04,18.59,28.62,23.66,13.89,156.0,0.261,32.0,20.51,19.0,12.18,0.835,0.2089999999999999,22.48,10.16,13.55,23.71,24.6,16.67
746786,2024-06-08,2024,672820,R,502624,R,field_out,False,False,45.0,0.171,13.0,28.89,2.0,4.44,0.42200000000000004,0.023999999999999994,27.71,13.45,22.22,35.67,38.55,25.49,123.0,0.178,30.0,24.39,2.0,1.63,0.504,0.136,24.69,13.05,16.81,29.87,39.56,22.39,71.0,0.242,7.0,9.86,5.0,7.04,0.749,0.193,24.6,11.83,14.12,25.95,23.66,10.77,216.0,0.282,32.0,14.81,14.0,6.48,0.817,0.195,20.78,9.74,15.19,24.94,26.33,16.24
746786,2024-06-08,2024,642197,R,673929,R,strikeout,True,False,4.0,0.25,1.0,25.0,0.0,0.0,0.5,0.0,25.0,11.11,16.67,27.78,20.0,14.29,,,,,,,,,,,,,,,61.0,0.25,13.0,21.31,9.0,14.75,0.688,0.07700000000000001,26.96,12.97,13.39,26.36,26.19,20.0,,,,,,,,,,,,,,
746786,2024-06-08,2024,608701,R,673929,R,strikeout,True,False,71.0,0.349,13.0,18.31,6.0,8.45,0.97,0.20700000000000007,18.9,8.82,17.65,26.47,22.66,14.77,98.0,0.159,25.0,25.51,10.0,10.2,0.466,0.036,25.0,10.43,19.91,30.33,20.39,18.38,61.0,0.25,13.0,21.31,9.0,14.75,0.688,0.07700000000000001,26.96,12.97,13.39,26.36,26.19,20.0,,,,,,,,,,,,,,
746786,2024-06-08,2024,624512,L,673929,R,field_out,False,False,100.0,0.209,27.0,27.0,9.0,9.0,0.577,0.08199999999999999,27.37,12.53,18.41,30.95,31.07,25.0,179.0,0.25,47.0,26.26,10.0,5.59,0.639,0.0979999999999999,22.84,12.46,16.72,29.18,42.86,22.6,51.0,0.163,11.0,21.57,6.0,11.76,0.577,0.13899999999999998,30.48,15.17,14.22,29.38,26.0,20.0,,,,,,,,,,,,,,
746786,2024-06-08,2024,664901,R,502624,R,field_out,False,False,60.0,0.175,19.0,31.67,1.0,1.67,0.43100000000000005,0.05300000000000002,31.19,15.67,18.89,34.56,31.68,27.94,29.0,0.12,5.0,17.24,3.0,10.34,0.4539999999999999,0.12,26.53,11.21,21.55,32.76,20.83,12.5,71.0,0.242,7.0,9.86,5.0,7.04,0.749,0.193,24.6,11.83,14.12,25.95,23.66,10.77,216.0,0.282,32.0,14.81,14.0,6.48,0.817,0.195,20.78,9.74,15.19,24.94,26.33,16.24
746786,2024-06-08,2024,455117,R,502624,R,field_out,False,False,68.0,0.111,25.0,36.76,4.0,5.88,0.33899999999999997,0.06399999999999999,37.21,18.82,18.43,37.25,35.04,31.17,308.0,0.175,104.0,33.77,20.0,6.49,0.538,0.124,33.85,16.55,17.4,33.96,32.93,28.3,71.0,0.242,7.0,9.86,5.0,7.04,0.749,0.193,24.6,11.83,14.12,25.95,23.66,10.77,216.0,0.282,32.0,14.81,14.0,6.48,0.817,0.195,20.78,9.74,15.19,24.94,26.33,16.24
746786,2024-06-08,2024,667452,R,502624,R,field_out,False,False,43.0,0.237,6.0,13.95,5.0,11.63,0.7210000000000001,0.15800000000000003,13.75,6.01,19.13,25.14,30.93,9.09,250.0,0.249,56.0,22.4,20.0,8.0,0.659,0.0979999999999999,26.42,11.51,19.54,31.05,28.57,19.44,71.0,0.242,7.0,9.86,5.0,7.04,0.749,0.193,24.6,11.83,14.12,25.95,23.66,10.77,216.0,0.282,32.0,14.81,14.0,6.48,0.817,0.195,20.78,9.74,15.19,24.94,26.33,16.24
746786,2024-06-08,2024,657136,R,656629,R,field_out,False,False,115.0,0.321,23.0,20.0,1.0,0.87,0.813,0.14100000000000001,25.96,14.21,14.74,28.95,34.46,23.23,296.0,0.262,94.0,31.76,13.0,4.39,0.734,0.1669999999999999,32.08,16.95,15.14,32.09,35.28,27.01,57.0,0.292,14.0,24.56,7.0,12.28,0.883,0.187,23.15,10.64,18.3,28.94,26.96,17.07,300.0,0.245,61.0,20.33,41.0,13.67,0.859,0.249,23.75,10.21,17.43,27.63,24.11,17.39
746786,2024-06-08,2024,642086,L,656629,R,hit_by_pitch,False,False,98.0,0.198,19.0,19.39,11.0,11.22,0.563,0.069,24.14,11.73,15.64,27.37,31.89,20.21,414.0,0.263,62.0,14.98,33.0,7.97,0.736,0.135,19.9,10.09,14.56,24.65,32.27,13.42,54.0,0.136,21.0,38.89,8.0,14.81,0.619,0.20500000000000002,34.82,16.88,18.18,35.06,27.55,26.92,291.0,0.231,73.0,25.09,50.0,17.18,0.815,0.213,30.04,12.39,14.67,27.06,25.1,22.64
746786,2024-06-08,2024,666915,R,656629,R,walk,False,True,40.0,0.167,18.0,45.0,2.0,5.0,0.453,0.05499999999999999,42.67,19.88,21.74,41.61,27.94,30.0,31.0,0.103,17.0,54.84,2.0,6.45,0.368,0.104,45.45,22.22,17.78,40.0,36.11,38.64,57.0,0.292,14.0,24.56,7.0,12.28,0.883,0.187,23.15,10.64,18.3,28.94,26.96,17.07,300.0,0.245,61.0,20.33,41.0,13.67,0.859,0.249,23.75,10.21,17.43,27.63,24.11,17.39
746786,2024-06-08,2024,666152,L,656629,R,single,False,False,102.0,0.28,24.0,23.53,8.0,7.84,0.773,0.14999999999999997,26.83,11.22,20.41,31.63,19.39,21.82,36.0,0.1,10.0,27.78,6.0,16.67,0.417,0.067,20.0,8.44,23.38,31.82,26.39,15.38,54.0,0.136,21.0,38.89,8.0,14.81,0.619,0.20500000000000002,34.82,16.88,18.18,35.06,27.55,26.92,291.0,0.231,73.0,25.09,50.0,17.18,0.815,0.213,30.04,12.39,14.67,27.06,25.1,22.64
746786,2024-06-08,2024,678882,R,656629,R,strikeout,True,False,175.0,0.218,45.0,25.71,5.0,2.86,0.611,0.152,32.45,20.16,11.8,31.97,45.1,22.61,62.0,0.263,20.0,32.26,3.0,4.84,0.6739999999999999,0.1049999999999999,27.08,15.6,11.2,26.8,42.11,22.22,57.0,0.292,14.0,24.56,7.0,12.28,0.883,0.187,23.15,10.64,18.3,28.94,26.96,17.07,300.0,0.245,61.0,20.33,41.0,13.67,0.859,0.249,23.75,10.21,17.43,27.63,24.11,17.39
746786,2024-06-08,2024,680776,L,656629,R,strikeout,True,False,205.0,0.287,44.0,21.46,15.0,7.32,0.8840000000000001,0.25600000000000006,23.82,11.46,14.99,26.45,28.12,19.64,314.0,0.296,75.0,23.89,21.0,6.69,0.84,0.195,24.68,12.92,13.75,26.67,30.3,19.02,54.0,0.136,21.0,38.89,8.0,14.81,0.619,0.20500000000000002,34.82,16.88,18.18,35.06,27.55,26.92,291.0,0.231,73.0,25.09,50.0,17.18,0.815,0.213,30.04,12.39,14.67,27.06,25.1,22.64
746461,2024-06-08,2024,668930,L,663554,R,walk,False,True,197.0,0.314,31.0,15.74,16.0,8.12,0.8049999999999999,0.12,12.75,5.97,18.7,24.67,25.59,14.98,376.0,0.224,82.0,21.81,30.0,7.98,0.608,0.097,22.03,10.83,16.08,26.9,28.59,16.14,121.0,0.217,19.0,15.7,12.0,9.92,0.649,0.13199999999999998,23.08,10.54,16.74,27.27,23.95,12.67,,,,,,,,,,,,,,
746461,2024-06-08,2024,661388,R,663554,R,field_out,False,False,222.0,0.31,40.0,18.02,23.0,10.36,0.89,0.193,30.03,13.99,14.36,28.35,23.6,17.24,434.0,0.262,94.0,21.66,42.0,9.68,0.72,0.119,27.61,11.63,19.55,31.17,24.86,18.08,119.0,0.357,19.0,15.97,4.0,3.36,0.882,0.14700000000000002,20.0,10.67,13.56,24.22,29.02,11.88,,,,,,,,,,,,,,
746461,2024-06-08,2024,592885,L,663554,R,single,False,False,112.0,0.309,23.0,20.54,14.0,12.5,0.881,0.176,23.19,10.55,13.63,24.18,25.51,15.44,473.0,0.294,103.0,21.78,64.0,13.53,0.882,0.195,26.99,11.53,15.4,26.93,23.89,19.07,121.0,0.217,19.0,15.7,12.0,9.92,0.649,0.13199999999999998,23.08,10.54,16.74,27.27,23.95,12.67,,,,,,,,,,,,,,
746461,2024-06-08,2024,642715,R,663554,R,grounded_into_double_play,False,False,218.0,0.258,50.0,22.94,22.0,10.09,0.784,0.19,30.64,14.43,15.36,29.79,26.67,19.38,480.0,0.212,117.0,24.38,47.0,9.79,0.702,0.194,32.44,16.53,12.85,29.38,32.69,19.28,119.0,0.357,19.0,15.97,4.0,3.36,0.882,0.14700000000000002,20.0,10.67,13.56,24.22,29.02,11.88,,,,,,,,,,,,,,
746461,2024-06-08,2024,663837,R,642547,R,strikeout,True,False,141.0,0.267,33.0,23.4,7.0,4.96,0.8180000000000001,0.244,20.34,8.53,20.78,29.31,17.48,20.0,383.0,0.26,92.0,24.02,29.0,7.57,0.724,0.14,21.06,9.23,21.95,31.18,28.67,18.31,137.0,0.22,43.0,31.39,11.0,8.03,0.6990000000000001,0.17,32.98,16.04,13.65,29.69,28.39,21.61,318.0,0.209,115.0,36.16,19.0,5.97,0.669,0.192,37.03,17.53,15.68,33.21,29.6,24.11
746461,2024-06-08,2024,682985,L,642547,R,walk,False,True,209.0,0.26,58.0,27.75,29.0,13.88,0.845,0.21999999999999997,29.91,12.2,17.65,29.85,20.75,23.87,323.0,0.291,84.0,26.01,28.0,8.67,0.826,0.182,27.26,12.45,16.06,28.52,24.68,20.14,135.0,0.194,46.0,34.07,10.0,7.41,0.56,0.11199999999999999,34.96,15.84,15.29,31.12,28.33,28.48,362.0,0.215,95.0,26.24,35.0,9.67,0.669,0.16,30.45,14.66,14.59,29.25,27.92,19.08
746461,2024-06-08,2024,592192,R,642547,R,walk,False,True,185.0,0.233,38.0,20.54,19.0,10.27,0.6839999999999999,0.11899999999999997,21.8,8.49,23.72,32.21,21.01,17.76,341.0,0.261,56.0,16.42,28.0,8.21,0.721,0.1079999999999999,18.91,7.86,21.98,29.84,23.71,13.49,137.0,0.22,43.0,31.39,11.0,8.03,0.6990000000000001,0.17,32.98,16.04,13.65,29.69,28.39,21.61,318.0,0.209,115.0,36.16,19.0,5.97,0.669,0.192,37.03,17.53,15.68,33.21,29.6,24.11
746461,2024-06-08,2024,570482,R,642547,R,single,False,False,91.0,0.294,10.0,10.99,4.0,4.4,0.742,0.118,19.39,9.7,17.88,27.58,32.92,11.49,175.0,0.276,30.0,17.14,9.0,5.14,0.653,0.061,20.55,11.01,13.8,24.82,34.39,12.39,137.0,0.22,43.0,31.39,11.0,8.03,0.6990000000000001,0.17,32.98,16.04,13.65,29.69,28.39,21.61,318.0,0.209,115.0,36.16,19.0,5.97,0.669,0.192,37.03,17.53,15.68,33.21,29.6,24.11
746461,2024-06-08,2024,690993,L,642547,R,strikeout,True,False,175.0,0.216,29.0,16.57,11.0,6.29,0.5589999999999999,0.07399999999999998,22.7,10.65,16.36,27.01,30.86,18.12,,,,,,,,,,,,,,,135.0,0.194,46.0,34.07,10.0,7.41,0.56,0.11199999999999999,34.96,15.84,15.29,31.12,28.33,28.48,362.0,0.215,95.0,26.24,35.0,9.67,0.669,0.16,30.45,14.66,14.59,29.25,27.92,19.08
746461,2024-06-08,2024,669234,R,642547,R,field_out,False,False,13.0,0.182,4.0,30.77,2.0,15.38,0.763,0.273,38.1,15.09,20.75,35.85,4.55,28.57,,,,,,,,,,,,,,,137.0,0.22,43.0,31.39,11.0,8.03,0.6990000000000001,0.17,32.98,16.04,13.65,29.69,28.39,21.61,318.0,0.209,115.0,36.16,19.0,5.97,0.669,0.192,37.03,17.53,15.68,33.21,29.6,24.11
746461,2024-06-08,2024,656555,R,663554,R,field_out,False,False,153.0,0.254,35.0,22.88,16.0,10.46,0.846,0.246,23.9,9.45,21.08,30.52,21.83,15.84,,,,,,,,,,,,,,,119.0,0.357,19.0,15.97,4.0,3.36,0.882,0.14700000000000002,20.0,10.67,13.56,24.22,29.02,11.88,,,,,,,,,,,,,,
746461,2024-06-08,2024,686217,L,663554,R,single,False,False,195.0,0.25,39.0,20.0,20.0,10.26,0.652,0.064,15.25,6.08,22.57,28.65,26.65,17.97,180.0,0.261,30.0,16.67,23.0,12.78,0.722,0.1049999999999999,15.26,6.63,20.31,26.94,29.52,13.18,121.0,0.217,19.0,15.7,12.0,9.92,0.649,0.13199999999999998,23.08,10.54,16.74,27.27,23.95,12.67,,,,,,,,,,,,,,
746461,2024-06-08,2024,687401,R,663554,R,field_out,False,False,134.0,0.325,16.0,11.94,17.0,12.69,0.954,0.21900000000000003,14.98,5.78,22.01,27.8,22.73,10.39,13.0,0.077,3.0,23.08,0.0,0.0,0.2309999999999999,0.077,15.79,8.11,21.62,29.73,26.67,33.33,119.0,0.357,19.0,15.97,4.0,3.36,0.882,0.14700000000000002,20.0,10.67,13.56,24.22,29.02,11.88,,,,,,,,,,,,,,
746461,2024-06-08,2024,663368,L,663554,R,field_out,False,False,153.0,0.277,42.0,27.45,12.0,7.84,0.7689999999999999,0.14599999999999996,30.71,12.67,20.89,33.56,24.83,28.38,110.0,0.231,33.0,30.0,17.0,15.45,0.715,0.1319999999999999,24.04,9.0,23.31,32.31,18.26,20.5,121.0,0.217,19.0,15.7,12.0,9.92,0.649,0.13199999999999998,23.08,10.54,16.74,27.27,23.95,12.67,,,,,,,,,,,,,,
746461,2024-06-08,2024,668731,L,642547,R,walk,False,True,22.0,0.211,6.0,27.27,2.0,9.09,0.799,0.31500000000000006,31.25,17.24,11.49,28.74,39.58,22.22,347.0,0.218,87.0,25.07,42.0,12.1,0.688,0.158,25.51,11.78,14.66,26.44,24.86,21.97,135.0,0.194,46.0,34.07,10.0,7.41,0.56,0.11199999999999999,34.96,15.84,15.29,31.12,28.33,28.48,362.0,0.215,95.0,26.24,35.0,9.67,0.669,0.16,30.45,14.66,14.59,29.25,27.92,19.08
746461,2024-06-08,2024,595879,R,642547,R,single,False,False,147.0,0.173,36.0,24.49,4.0,2.72,0.42700000000000005,0.05700000000000002,30.74,16.37,17.55,33.93,47.59,23.38,408.0,0.218,98.0,24.02,12.0,2.94,0.573,0.099,34.03,18.61,14.09,32.7,45.18,22.9,137.0,0.22,43.0,31.39,11.0,8.03,0.6990000000000001,0.17,32.98,16.04,13.65,29.69,28.39,21.61,318.0,0.209,115.0,36.16,19.0,5.97,0.669,0.192,37.03,17.53,15.68,33.21,29.6,24.11
746461,2024-06-08,2024,608348,R,642547,R,single,False,False,96.0,0.212,22.0,22.92,7.0,7.29,0.624,0.11700000000000002,23.08,10.13,20.78,30.91,23.5,18.03,108.0,0.198,27.0,25.0,6.0,5.56,0.479,0.0399999999999999,28.73,13.54,19.79,33.33,28.41,25.0,137.0,0.22,43.0,31.39,11.0,8.03,0.6990000000000001,0.17,32.98,16.04,13.65,29.69,28.39,21.61,318.0,0.209,115.0,36.16,19.0,5.97,0.669,0.192,37.03,17.53,15.68,33.21,29.6,24.11
746461,2024-06-08,2024,663837,R,642547,R,field_out,False,False,141.0,0.267,33.0,23.4,7.0,4.96,0.8180000000000001,0.244,20.34,8.53,20.78,29.31,17.48,20.0,383.0,0.26,92.0,24.02,29.0,7.57,0.724,0.14,21.06,9.23,21.95,31.18,28.67,18.31,137.0,0.22,43.0,31.39,11.0,8.03,0.6990000000000001,0.17,32.98,16.04,13.65,29.69,28.39,21.61,318.0,0.209,115.0,36.16,19.0,5.97,0.669,0.192,37.03,17.53,15.68,33.21,29.6,24.11
746461,2024-06-08,2024,682985,L,642547,R,fielders_choice_out,False,False,209.0,0.26,58.0,27.75,29.0,13.88,0.845,0.21999999999999997,29.91,12.2,17.65,29.85,20.75,23.87,323.0,0.291,84.0,26.01,28.0,8.67,0.826,0.182,27.26,12.45,16.06,28.52,24.68,20.14,135.0,0.194,46.0,34.07,10.0,7.41,0.56,0.11199999999999999,34.96,15.84,15.29,31.12,28.33,28.48,362.0,0.215,95.0,26.24,35.0,9.67,0.669,0.16,30.45,14.66,14.59,29.25,27.92,19.08
746461,2024-06-08,2024,592192,R,642547,R,single,False,False,185.0,0.233,38.0,20.54,19.0,10.27,0.6839999999999999,0.11899999999999997,21.8,8.49,23.72,32.21,21.01,17.76,341.0,0.261,56.0,16.42,28.0,8.21,0.721,0.1079999999999999,18.91,7.86,21.98,29.84,23.71,13.49,137.0,0.22,43.0,31.39,11.0,8.03,0.6990000000000001,0.17,32.98,16.04,13.65,29.69,28.39,21.61,318.0,0.209,115.0,36.16,19.0,5.97,0.669,0.192,37.03,17.53,15.68,33.21,29.6,24.11
746461,2024-06-08,2024,570482,R,642547,R,field_out,False,False,91.0,0.294,10.0,10.99,4.0,4.4,0.742,0.118,19.39,9.7,17.88,27.58,32.92,11.49,175.0,0.276,30.0,17.14,9.0,5.14,0.653,0.061,20.55,11.01,13.8,24.82,34.39,12.39,137.0,0.22,43.0,31.39,11.0,8.03,0.6990000000000001,0.17,32.98,16.04,13.65,29.69,28.39,21.61,318.0,0.209,115.0,36.16,19.0,5.97,0.669,0.192,37.03,17.53,15.68,33.21,29.6,24.11
746461,2024-06-08,2024,694192,R,663554,R,single,False,False,136.0,0.233,39.0,28.68,5.0,3.68,0.639,0.147,32.27,16.67,18.72,35.39,37.08,26.17,,,,,,,,,,,,,,,119.0,0.357,19.0,15.97,4.0,3.36,0.882,0.14700000000000002,20.0,10.67,13.56,24.22,29.02,11.88,,,,,,,,,,,,,,
746461,2024-06-08,2024,668930,L,663554,R,single,False,False,197.0,0.314,31.0,15.74,16.0,8.12,0.8049999999999999,0.12,12.75,5.97,18.7,24.67,25.59,14.98,376.0,0.224,82.0,21.81,30.0,7.98,0.608,0.097,22.03,10.83,16.08,26.9,28.59,16.14,121.0,0.217,19.0,15.7,12.0,9.92,0.649,0.13199999999999998,23.08,10.54,16.74,27.27,23.95,12.67,,,,,,,,,,,,,,
746461,2024-06-08,2024,661388,R,663554,R,field_error,False,False,222.0,0.31,40.0,18.02,23.0,10.36,0.89,0.193,30.03,13.99,14.36,28.35,23.6,17.24,434.0,0.262,94.0,21.66,42.0,9.68,0.72,0.119,27.61,11.63,19.55,31.17,24.86,18.08,119.0,0.357,19.0,15.97,4.0,3.36,0.882,0.14700000000000002,20.0,10.67,13.56,24.22,29.02,11.88,,,,,,,,,,,,,,
746461,2024-06-08,2024,592885,L,663554,R,sac_fly,False,False,112.0,0.309,23.0,20.54,14.0,12.5,0.881,0.176,23.19,10.55,13.63,24.18,25.51,15.44,473.0,0.294,103.0,21.78,64.0,13.53,0.882,0.195,26.99,11.53,15.4,26.93,23.89,19.07,121.0,0.217,19.0,15.7,12.0,9.92,0.649,0.13199999999999998,23.08,10.54,16.74,27.27,23.95,12.67,,,,,,,,,,,,,,
746461,2024-06-08,2024,642715,R,663554,R,field_out,False,False,218.0,0.258,50.0,22.94,22.0,10.09,0.784,0.19,30.64,14.43,15.36,29.79,26.67,19.38,480.0,0.212,117.0,24.38,47.0,9.79,0.702,0.194,32.44,16.53,12.85,29.38,32.69,19.28,119.0,0.357,19.0,15.97,4.0,3.36,0.882,0.14700000000000002,20.0,10.67,13.56,24.22,29.02,11.88,,,,,,,,,,,,,,
746461,2024-06-08,2024,656555,R,663554,R,field_out,False,False,153.0,0.254,35.0,22.88,16.0,10.46,0.846,0.246,23.9,9.45,21.08,30.52,21.83,15.84,,,,,,,,,,,,,,,119.0,0.357,19.0,15.97,4.0,3.36,0.882,0.14700000000000002,20.0,10.67,13.56,24.22,29.02,11.88,,,,,,,,,,,,,,
746461,2024-06-08,2024,656716,L,642547,R,field_out,False,False,93.0,0.217,26.0,27.96,8.0,8.6,0.615,0.10800000000000001,28.57,13.83,17.02,30.85,30.22,22.03,475.0,0.23,109.0,22.95,38.0,8.0,0.653,0.1259999999999999,21.06,10.13,16.08,26.2,28.04,19.12,135.0,0.194,46.0,34.07,10.0,7.41,0.56,0.11199999999999999,34.96,15.84,15.29,31.12,28.33,28.48,362.0,0.215,95.0,26.24,35.0,9.67,0.669,0.16,30.45,14.66,14.59,29.25,27.92,19.08
746461,2024-06-08,2024,669234,R,642547,R,walk,False,True,13.0,0.182,4.0,30.77,2.0,15.38,0.763,0.273,38.1,15.09,20.75,35.85,4.55,28.57,,,,,,,,,,,,,,,137.0,0.22,43.0,31.39,11.0,8.03,0.6990000000000001,0.17,32.98,16.04,13.65,29.69,28.39,21.61,318.0,0.209,115.0,36.16,19.0,5.97,0.669,0.192,37.03,17.53,15.68,33.21,29.6,24.11
746461,2024-06-08,2024,668731,L,642547,R,field_out,False,False,22.0,0.211,6.0,27.27,2.0,9.09,0.799,0.31500000000000006,31.25,17.24,11.49,28.74,39.58,22.22,347.0,0.218,87.0,25.07,42.0,12.1,0.688,0.158,25.51,11.78,14.66,26.44,24.86,21.97,135.0,0.194,46.0,34.07,10.0,7.41,0.56,0.11199999999999999,34.96,15.84,15.29,31.12,28.33,28.48,362.0,0.215,95.0,26.24,35.0,9.67,0.669,0.16,30.45,14.66,14.59,29.25,27.92,19.08
746461,2024-06-08,2024,595879,R,642547,R,field_out,False,False,147.0,0.173,36.0,24.49,4.0,2.72,0.42700000000000005,0.05700000000000002,30.74,16.37,17.55,33.93,47.59,23.38,408.0,0.218,98.0,24.02,12.0,2.94,0.573,0.099,34.03,18.61,14.09,32.7,45.18,22.9,137.0,0.22,43.0,31.39,11.0,8.03,0.6990000000000001,0.17,32.98,16.04,13.65,29.69,28.39,21.61,318.0,0.209,115.0,36.16,19.0,5.97,0.669,0.192,37.03,17.53,15.68,33.21,29.6,24.11
746461,2024-06-08,2024,686217,L,663554,R,single,False,False,195.0,0.25,39.0,20.0,20.0,10.26,0.652,0.064,15.25,6.08,22.57,28.65,26.65,17.97,180.0,0.261,30.0,16.67,23.0,12.78,0.722,0.1049999999999999,15.26,6.63,20.31,26.94,29.52,13.18,121.0,0.217,19.0,15.7,12.0,9.92,0.649,0.13199999999999998,23.08,10.54,16.74,27.27,23.95,12.67,,,,,,,,,,,,,,
746461,2024-06-08,2024,687401,R,663554,R,grounded_into_double_play,False,False,134.0,0.325,16.0,11.94,17.0,12.69,0.954,0.21900000000000003,14.98,5.78,22.01,27.8,22.73,10.39,13.0,0.077,3.0,23.08,0.0,0.0,0.2309999999999999,0.077,15.79,8.11,21.62,29.73,26.67,33.33,119.0,0.357,19.0,15.97,4.0,3.36,0.882,0.14700000000000002,20.0,10.67,13.56,24.22,29.02,11.88,,,,,,,,,,,,,,
746461,2024-06-08,2024,663368,L,663554,R,strikeout,True,False,153.0,0.277,42.0,27.45,12.0,7.84,0.7689999999999999,0.14599999999999996,30.71,12.67,20.89,33.56,24.83,28.38,110.0,0.231,33.0,30.0,17.0,15.45,0.715,0.1319999999999999,24.04,9.0,23.31,32.31,18.26,20.5,121.0,0.217,19.0,15.7,12.0,9.92,0.649,0.13199999999999998,23.08,10.54,16.74,27.27,23.95,12.67,,,,,,,,,,,,,,
746461,2024-06-08,2024,608348,R,642547,R,strikeout,True,False,96.0,0.212,22.0,22.92,7.0,7.29,0.624,0.11700000000000002,23.08,10.13,20.78,30.91,23.5,18.03,108.0,0.198,27.0,25.0,6.0,5.56,0.479,0.0399999999999999,28.73,13.54,19.79,33.33,28.41,25.0,137.0,0.22,43.0,31.39,11.0,8.03,0.6990000000000001,0.17,32.98,16.04,13.65,29.69,28.39,21.61,318.0,0.209,115.0,36.16,19.0,5.97,0.669,0.192,37.03,17.53,15.68,33.21,29.6,24.11
746461,2024-06-08,2024,663837,R,642547,R,walk,False,True,141.0,0.267,33.0,23.4,7.0,4.96,0.8180000000000001,0.244,20.34,8.53,20.78,29.31,17.48,20.0,383.0,0.26,92.0,24.02,29.0,7.57,0.724,0.14,21.06,9.23,21.95,31.18,28.67,18.31,137.0,0.22,43.0,31.39,11.0,8.03,0.6990000000000001,0.17,32.98,16.04,13.65,29.69,28.39,21.61,318.0,0.209,115.0,36.16,19.0,5.97,0.669,0.192,37.03,17.53,15.68,33.21,29.6,24.11
746461,2024-06-08,2024,682985,L,657649,L,field_out,False,False,55.0,0.176,15.0,27.27,4.0,7.27,0.569,0.15700000000000003,26.73,12.11,20.18,32.29,24.49,18.75,93.0,0.279,30.0,32.26,7.0,7.53,0.6930000000000001,0.0809999999999999,30.96,15.64,16.92,32.56,32.98,21.74,45.0,0.262,8.0,17.78,2.0,4.44,0.628,0.07100000000000001,20.24,10.12,20.24,30.36,33.82,13.33,,,,,,,,,,,,,,
746461,2024-06-08,2024,592192,R,657649,L,field_out,False,False,49.0,0.25,12.0,24.49,8.0,16.33,0.863,0.22499999999999998,30.0,12.0,19.11,31.11,17.31,14.63,168.0,0.264,23.0,13.69,21.0,12.5,0.825,0.2,17.23,7.09,21.84,28.93,23.86,9.54,69.0,0.197,14.0,20.29,4.0,5.8,0.558,0.08200000000000002,23.81,10.68,18.8,29.49,26.67,26.42,,,,,,,,,,,,,,
746461,2024-06-08,2024,694192,R,663554,R,field_error,False,False,136.0,0.233,39.0,28.68,5.0,3.68,0.639,0.147,32.27,16.67,18.72,35.39,37.08,26.17,,,,,,,,,,,,,,,119.0,0.357,19.0,15.97,4.0,3.36,0.882,0.14700000000000002,20.0,10.67,13.56,24.22,29.02,11.88,,,,,,,,,,,,,,
746461,2024-06-08,2024,668930,L,663554,R,single,False,False,197.0,0.314,31.0,15.74,16.0,8.12,0.8049999999999999,0.12,12.75,5.97,18.7,24.67,25.59,14.98,376.0,0.224,82.0,21.81,30.0,7.98,0.608,0.097,22.03,10.83,16.08,26.9,28.59,16.14,121.0,0.217,19.0,15.7,12.0,9.92,0.649,0.13199999999999998,23.08,10.54,16.74,27.27,23.95,12.67,,,,,,,,,,,,,,
746461,2024-06-08,2024,661388,R,663554,R,field_out,False,False,222.0,0.31,40.0,18.02,23.0,10.36,0.89,0.193,30.03,13.99,14.36,28.35,23.6,17.24,434.0,0.262,94.0,21.66,42.0,9.68,0.72,0.119,27.61,11.63,19.55,31.17,24.86,18.08,119.0,0.357,19.0,15.97,4.0,3.36,0.882,0.14700000000000002,20.0,10.67,13.56,24.22,29.02,11.88,,,,,,,,,,,,,,
746461,2024-06-08,2024,592885,L,663554,R,single,False,False,112.0,0.309,23.0,20.54,14.0,12.5,0.881,0.176,23.19,10.55,13.63,24.18,25.51,15.44,473.0,0.294,103.0,21.78,64.0,13.53,0.882,0.195,26.99,11.53,15.4,26.93,23.89,19.07,121.0,0.217,19.0,15.7,12.0,9.92,0.649,0.13199999999999998,23.08,10.54,16.74,27.27,23.95,12.67,,,,,,,,,,,,,,
746461,2024-06-08,2024,642715,R,663554,R,field_out,False,False,218.0,0.258,50.0,22.94,22.0,10.09,0.784,0.19,30.64,14.43,15.36,29.79,26.67,19.38,480.0,0.212,117.0,24.38,47.0,9.79,0.702,0.194,32.44,16.53,12.85,29.38,32.69,19.28,119.0,0.357,19.0,15.97,4.0,3.36,0.882,0.14700000000000002,20.0,10.67,13.56,24.22,29.02,11.88,,,,,,,,,,,,,,
746461,2024-06-08,2024,570482,R,657649,L,field_out,False,False,34.0,0.182,8.0,23.53,1.0,2.94,0.418,0.03,21.21,13.33,9.52,22.86,43.64,32.0,53.0,0.373,6.0,11.32,1.0,1.89,0.867,0.1169999999999999,13.56,7.96,11.94,19.9,44.55,8.82,69.0,0.197,14.0,20.29,4.0,5.8,0.558,0.08200000000000002,23.81,10.68,18.8,29.49,26.67,26.42,,,,,,,,,,,,,,
746461,2024-06-08,2024,656716,L,657649,L,field_error,False,False,6.0,0.0,1.0,16.67,0.0,0.0,0.0,0.0,18.18,9.09,36.36,45.45,50.0,11.11,46.0,0.243,4.0,8.7,6.0,13.04,0.653,0.0539999999999999,14.29,5.47,20.9,26.37,17.35,6.78,45.0,0.262,8.0,17.78,2.0,4.44,0.628,0.07100000000000001,20.24,10.12,20.24,30.36,33.82,13.33,,,,,,,,,,,,,,
746461,2024-06-08,2024,669234,R,657649,L,strikeout,True,False,,,,,,,,,,,,,,,,,,,,,,,,,,,,,69.0,0.197,14.0,20.29,4.0,5.8,0.558,0.08200000000000002,23.81,10.68,18.8,29.49,26.67,26.42,,,,,,,,,,,,,,
746461,2024-06-08,2024,628451,R,657649,L,strikeout,True,False,52.0,0.333,11.0,21.15,1.0,1.92,0.867,0.188,30.48,17.98,10.11,28.09,41.67,26.19,118.0,0.261,24.0,20.34,6.0,5.08,0.8200000000000001,0.262,23.36,12.59,13.85,26.45,37.13,23.53,69.0,0.197,14.0,20.29,4.0,5.8,0.558,0.08200000000000002,23.81,10.68,18.8,29.49,26.67,26.42,,,,,,,,,,,,,,
746461,2024-06-08,2024,656555,R,663554,R,walk,False,True,153.0,0.254,35.0,22.88,16.0,10.46,0.846,0.246,23.9,9.45,21.08,30.52,21.83,15.84,,,,,,,,,,,,,,,119.0,0.357,19.0,15.97,4.0,3.36,0.882,0.14700000000000002,20.0,10.67,13.56,24.22,29.02,11.88,,,,,,,,,,,,,,
746461,2024-06-08,2024,686217,L,663554,R,field_out,False,False,195.0,0.25,39.0,20.0,20.0,10.26,0.652,0.064,15.25,6.08,22.57,28.65,26.65,17.97,180.0,0.261,30.0,16.67,23.0,12.78,0.722,0.1049999999999999,15.26,6.63,20.31,26.94,29.52,13.18,121.0,0.217,19.0,15.7,12.0,9.92,0.649,0.13199999999999998,23.08,10.54,16.74,27.27,23.95,12.67,,,,,,,,,,,,,,
746461,2024-06-08,2024,687401,R,663554,R,single,False,False,134.0,0.325,16.0,11.94,17.0,12.69,0.954,0.21900000000000003,14.98,5.78,22.01,27.8,22.73,10.39,13.0,0.077,3.0,23.08,0.0,0.0,0.2309999999999999,0.077,15.79,8.11,21.62,29.73,26.67,33.33,119.0,0.357,19.0,15.97,4.0,3.36,0.882,0.14700000000000002,20.0,10.67,13.56,24.22,29.02,11.88,,,,,,,,,,,,,,
746461,2024-06-08,2024,663368,L,571946,R,force_out,False,False,153.0,0.277,42.0,27.45,12.0,7.84,0.7689999999999999,0.14599999999999996,30.71,12.67,20.89,33.56,24.83,28.38,110.0,0.231,33.0,30.0,17.0,15.45,0.715,0.1319999999999999,24.04,9.0,23.31,32.31,18.26,20.5,33.0,0.097,11.0,33.33,2.0,6.06,0.313,0.064,37.29,17.32,19.69,37.01,31.75,30.56,76.0,0.129,23.0,30.26,13.0,17.11,0.563,0.145,31.54,12.46,19.15,31.61,18.95,25.27
746461,2024-06-08,2024,694192,R,571946,R,double,False,False,136.0,0.233,39.0,28.68,5.0,3.68,0.639,0.147,32.27,16.67,18.72,35.39,37.08,26.17,,,,,,,,,,,,,,,40.0,0.242,7.0,17.5,4.0,10.0,0.774,0.182,19.05,8.63,15.83,24.46,25.37,25.0,88.0,0.139,19.0,21.59,6.0,6.82,0.424,0.0759999999999999,21.29,9.73,19.47,29.2,26.71,19.59
746461,2024-06-08,2024,668930,L,571946,R,field_out,False,False,197.0,0.314,31.0,15.74,16.0,8.12,0.8049999999999999,0.12,12.75,5.97,18.7,24.67,25.59,14.98,376.0,0.224,82.0,21.81,30.0,7.98,0.608,0.097,22.03,10.83,16.08,26.9,28.59,16.14,33.0,0.097,11.0,33.33,2.0,6.06,0.313,0.064,37.29,17.32,19.69,37.01,31.75,30.56,76.0,0.129,23.0,30.26,13.0,17.11,0.563,0.145,31.54,12.46,19.15,31.61,18.95,25.27
746461,2024-06-08,2024,595879,R,660600,R,strikeout,True,False,147.0,0.173,36.0,24.49,4.0,2.72,0.42700000000000005,0.05700000000000002,30.74,16.37,17.55,33.93,47.59,23.38,408.0,0.218,98.0,24.02,12.0,2.94,0.573,0.099,34.03,18.61,14.09,32.7,45.18,22.9,14.0,0.0,3.0,21.43,0.0,0.0,0.071,0.0,15.38,7.69,19.23,26.92,42.31,21.43,,,,,,,,,,,,,,
746461,2024-06-08,2024,608348,R,660600,R,single,False,False,96.0,0.212,22.0,22.92,7.0,7.29,0.624,0.11700000000000002,23.08,10.13,20.78,30.91,23.5,18.03,108.0,0.198,27.0,25.0,6.0,5.56,0.479,0.0399999999999999,28.73,13.54,19.79,33.33,28.41,25.0,14.0,0.0,3.0,21.43,0.0,0.0,0.071,0.0,15.38,7.69,19.23,26.92,42.31,21.43,,,,,,,,,,,,,,
746461,2024-06-08,2024,663837,R,660600,R,force_out,False,False,141.0,0.267,33.0,23.4,7.0,4.96,0.8180000000000001,0.244,20.34,8.53,20.78,29.31,17.48,20.0,383.0,0.26,92.0,24.02,29.0,7.57,0.724,0.14,21.06,9.23,21.95,31.18,28.67,18.31,14.0,0.0,3.0,21.43,0.0,0.0,0.071,0.0,15.38,7.69,19.23,26.92,42.31,21.43,,,,,,,,,,,,,,
746461,2024-06-08,2024,682985,L,663542,L,catcher_interf,False,False,55.0,0.176,15.0,27.27,4.0,7.27,0.569,0.15700000000000003,26.73,12.11,20.18,32.29,24.49,18.75,93.0,0.279,30.0,32.26,7.0,7.53,0.6930000000000001,0.0809999999999999,30.96,15.64,16.92,32.56,32.98,21.74,42.0,0.135,13.0,30.95,4.0,9.52,0.43,0.08099999999999999,26.03,12.1,17.83,29.94,24.32,30.95,19.0,0.286,1.0,5.26,3.0,15.79,0.707,0.0,18.92,8.75,21.25,30.0,15.15,3.45
746461,2024-06-08,2024,592192,R,663542,L,strikeout,True,False,49.0,0.25,12.0,24.49,8.0,16.33,0.863,0.22499999999999998,30.0,12.0,19.11,31.11,17.31,14.63,168.0,0.264,23.0,13.69,21.0,12.5,0.825,0.2,17.23,7.09,21.84,28.93,23.86,9.54,83.0,0.156,26.0,31.33,4.0,4.82,0.516,0.143,27.12,14.04,17.25,31.29,29.8,22.03,25.0,0.333,6.0,24.0,1.0,4.0,0.902,0.209,30.95,15.48,23.81,39.29,31.25,28.57
746461,2024-06-08,2024,661388,R,571946,R,field_out,False,False,222.0,0.31,40.0,18.02,23.0,10.36,0.89,0.193,30.03,13.99,14.36,28.35,23.6,17.24,434.0,0.262,94.0,21.66,42.0,9.68,0.72,0.119,27.61,11.63,19.55,31.17,24.86,18.08,40.0,0.242,7.0,17.5,4.0,10.0,0.774,0.182,19.05,8.63,15.83,24.46,25.37,25.0,88.0,0.139,19.0,21.59,6.0,6.82,0.424,0.0759999999999999,21.29,9.73,19.47,29.2,26.71,19.59
746461,2024-06-08,2024,592885,L,571946,R,strikeout,True,False,112.0,0.309,23.0,20.54,14.0,12.5,0.881,0.176,23.19,10.55,13.63,24.18,25.51,15.44,473.0,0.294,103.0,21.78,64.0,13.53,0.882,0.195,26.99,11.53,15.4,26.93,23.89,19.07,33.0,0.097,11.0,33.33,2.0,6.06,0.313,0.064,37.29,17.32,19.69,37.01,31.75,30.56,76.0,0.129,23.0,30.26,13.0,17.11,0.563,0.145,31.54,12.46,19.15,31.61,18.95,25.27
746461,2024-06-08,2024,642715,R,571946,R,strikeout,True,False,218.0,0.258,50.0,22.94,22.0,10.09,0.784,0.19,30.64,14.43,15.36,29.79,26.67,19.38,480.0,0.212,117.0,24.38,47.0,9.79,0.702,0.194,32.44,16.53,12.85,29.38,32.69,19.28,40.0,0.242,7.0,17.5,4.0,10.0,0.774,0.182,19.05,8.63,15.83,24.46,25.37,25.0,88.0,0.139,19.0,21.59,6.0,6.82,0.424,0.0759999999999999,21.29,9.73,19.47,29.2,26.71,19.59
746461,2024-06-08,2024,570482,R,663542,L,field_out,False,False,34.0,0.182,8.0,23.53,1.0,2.94,0.418,0.03,21.21,13.33,9.52,22.86,43.64,32.0,53.0,0.373,6.0,11.32,1.0,1.89,0.867,0.1169999999999999,13.56,7.96,11.94,19.9,44.55,8.82,83.0,0.156,26.0,31.33,4.0,4.82,0.516,0.143,27.12,14.04,17.25,31.29,29.8,22.03,25.0,0.333,6.0,24.0,1.0,4.0,0.902,0.209,30.95,15.48,23.81,39.29,31.25,28.57
746461,2024-06-08,2024,656716,L,663542,L,strikeout,True,False,6.0,0.0,1.0,16.67,0.0,0.0,0.0,0.0,18.18,9.09,36.36,45.45,50.0,11.11,46.0,0.243,4.0,8.7,6.0,13.04,0.653,0.0539999999999999,14.29,5.47,20.9,26.37,17.35,6.78,42.0,0.135,13.0,30.95,4.0,9.52,0.43,0.08099999999999999,26.03,12.1,17.83,29.94,24.32,30.95,19.0,0.286,1.0,5.26,3.0,15.79,0.707,0.0,18.92,8.75,21.25,30.0,15.15,3.45
746461,2024-06-08,2024,669234,R,663542,L,strikeout,True,False,,,,,,,,,,,,,,,,,,,,,,,,,,,,,83.0,0.156,26.0,31.33,4.0,4.82,0.516,0.143,27.12,14.04,17.25,31.29,29.8,22.03,25.0,0.333,6.0,24.0,1.0,4.0,0.902,0.209,30.95,15.48,23.81,39.29,31.25,28.57
746461,2024-06-08,2024,656555,R,671345,R,field_out,False,False,153.0,0.254,35.0,22.88,16.0,10.46,0.846,0.246,23.9,9.45,21.08,30.52,21.83,15.84,,,,,,,,,,,,,,,54.0,0.28,10.0,18.52,3.0,5.56,0.675,0.07999999999999996,21.25,10.3,20.0,30.3,29.87,28.57,171.0,0.222,30.0,17.54,7.0,4.09,0.506,0.0249999999999999,14.71,7.13,19.97,27.1,35.23,15.23
746461,2024-06-08,2024,686217,L,671345,R,field_out,False,False,195.0,0.25,39.0,20.0,20.0,10.26,0.652,0.064,15.25,6.08,22.57,28.65,26.65,17.97,180.0,0.261,30.0,16.67,23.0,12.78,0.722,0.1049999999999999,15.26,6.63,20.31,26.94,29.52,13.18,43.0,0.237,8.0,18.6,5.0,11.63,0.642,0.07900000000000001,21.59,10.33,17.39,27.72,23.17,11.76,106.0,0.299,25.0,23.58,8.0,7.55,0.847,0.196,22.89,10.82,13.41,24.24,29.46,19.83
746461,2024-06-08,2024,687401,R,671345,R,field_out,False,False,134.0,0.325,16.0,11.94,17.0,12.69,0.954,0.21900000000000003,14.98,5.78,22.01,27.8,22.73,10.39,13.0,0.077,3.0,23.08,0.0,0.0,0.2309999999999999,0.077,15.79,8.11,21.62,29.73,26.67,33.33,54.0,0.28,10.0,18.52,3.0,5.56,0.675,0.07999999999999996,21.25,10.3,20.0,30.3,29.87,28.57,171.0,0.222,30.0,17.54,7.0,4.09,0.506,0.0249999999999999,14.71,7.13,19.97,27.1,35.23,15.23
746461,2024-06-08,2024,672761,L,606303,R,strikeout,True,False,126.0,0.223,25.0,19.84,12.0,9.52,0.6890000000000001,0.17,18.67,8.16,19.22,27.38,24.11,15.53,,,,,,,,,,,,,,,44.0,0.195,9.0,20.45,3.0,6.82,0.616,0.17099999999999999,25.88,12.72,16.18,28.9,30.12,16.98,116.0,0.226,33.0,28.45,5.0,4.31,0.668,0.17,26.21,12.44,17.97,30.41,25.0,26.19
746461,2024-06-08,2024,595879,R,606303,R,field_out,False,False,147.0,0.173,36.0,24.49,4.0,2.72,0.42700000000000005,0.05700000000000002,30.74,16.37,17.55,33.93,47.59,23.38,408.0,0.218,98.0,24.02,12.0,2.94,0.573,0.099,34.03,18.61,14.09,32.7,45.18,22.9,47.0,0.233,9.0,19.15,2.0,4.26,0.6319999999999999,0.11599999999999996,21.84,10.44,17.58,28.02,28.57,16.98,172.0,0.214,44.0,25.58,12.0,6.98,0.587,0.091,27.46,11.27,19.65,30.92,25.96,22.05
746461,2024-06-08,2024,608348,R,606303,R,strikeout,True,False,96.0,0.212,22.0,22.92,7.0,7.29,0.624,0.11700000000000002,23.08,10.13,20.78,30.91,23.5,18.03,108.0,0.198,27.0,25.0,6.0,5.56,0.479,0.0399999999999999,28.73,13.54,19.79,33.33,28.41,25.0,47.0,0.233,9.0,19.15,2.0,4.26,0.6319999999999999,0.11599999999999996,21.84,10.44,17.58,28.02,28.57,16.98,172.0,0.214,44.0,25.58,12.0,6.98,0.587,0.091,27.46,11.27,19.65,30.92,25.96,22.05
746461,2024-06-08,2024,663368,R,605177,L,walk,False,True,49.0,0.205,10.0,20.41,5.0,10.2,0.604,0.11300000000000002,25.0,10.53,22.11,32.63,23.91,24.39,58.0,0.192,13.0,22.41,6.0,10.34,0.603,0.135,20.48,7.2,25.0,32.2,14.41,24.53,58.0,0.327,14.0,24.14,6.0,10.34,0.839,0.11499999999999999,33.01,15.81,13.95,29.77,34.09,26.42,142.0,0.211,43.0,30.28,17.0,11.97,0.738,0.22,35.02,15.71,14.83,30.54,33.9,27.74
746461,2024-06-08,2024,694192,R,605177,L,field_out,False,False,48.0,0.14,11.0,22.92,5.0,10.42,0.438,0.06899999999999998,24.74,12.97,13.51,26.49,34.74,18.97,,,,,,,,,,,,,,,58.0,0.327,14.0,24.14,6.0,10.34,0.839,0.11499999999999999,33.01,15.81,13.95,29.77,34.09,26.42,142.0,0.211,43.0,30.28,17.0,11.97,0.738,0.22,35.02,15.71,14.83,30.54,33.9,27.74
746461,2024-06-08,2024,668930,L,605177,L,force_out,False,False,30.0,0.231,6.0,20.0,4.0,13.33,0.6020000000000001,0.038000000000000006,17.31,6.77,19.55,26.32,16.92,15.38,73.0,0.188,12.0,16.44,8.0,10.96,0.466,0.0,20.18,7.94,23.47,31.41,18.75,17.39,38.0,0.242,10.0,26.32,5.0,13.16,0.645,0.061,23.38,11.54,12.82,24.36,33.7,21.28,84.0,0.264,20.0,23.81,11.0,13.1,0.744,0.1109999999999999,25.9,10.32,20.92,31.23,26.29,18.18
746461,2024-06-08,2024,661388,R,605177,L,single,False,False,63.0,0.316,17.0,26.98,4.0,6.35,0.753,0.08800000000000002,29.32,14.61,13.86,28.46,31.69,20.48,177.0,0.357,32.0,18.08,21.0,11.86,1.087,0.292,28.8,12.96,16.38,29.34,24.36,16.24,58.0,0.327,14.0,24.14,6.0,10.34,0.839,0.11499999999999999,33.01,15.81,13.95,29.77,34.09,26.42,142.0,0.211,43.0,30.28,17.0,11.97,0.738,0.22,35.02,15.71,14.83,30.54,33.9,27.74
746461,2024-06-08,2024,592885,L,605177,L,field_out,False,False,48.0,0.357,10.0,20.83,5.0,10.42,1.057,0.262,23.38,9.89,15.93,25.82,24.75,22.22,159.0,0.234,37.0,23.27,14.0,8.81,0.633,0.097,26.17,13.04,15.53,28.57,28.16,18.32,38.0,0.242,10.0,26.32,5.0,13.16,0.645,0.061,23.38,11.54,12.82,24.36,33.7,21.28,84.0,0.264,20.0,23.81,11.0,13.1,0.744,0.1109999999999999,25.9,10.32,20.92,31.23,26.29,18.18
746461,2024-06-08,2024,663837,R,656730,R,field_out,False,False,141.0,0.267,33.0,23.4,7.0,4.96,0.8180000000000001,0.244,20.34,8.53,20.78,29.31,17.48,20.0,383.0,0.26,92.0,24.02,29.0,7.57,0.724,0.14,21.06,9.23,21.95,31.18,28.67,18.31,34.0,0.273,11.0,32.35,1.0,2.94,0.6579999999999999,0.09099999999999997,36.49,21.77,12.1,33.87,44.07,26.83,76.0,0.254,29.0,38.16,5.0,6.58,0.751,0.194,33.77,16.89,18.87,35.76,34.06,31.18
746461,2024-06-08,2024,682985,L,656730,R,field_out,False,False,209.0,0.26,58.0,27.75,29.0,13.88,0.845,0.21999999999999997,29.91,12.2,17.65,29.85,20.75,23.87,323.0,0.291,84.0,26.01,28.0,8.67,0.826,0.182,27.26,12.45,16.06,28.52,24.68,20.14,32.0,0.179,13.0,40.62,3.0,9.38,0.437,0.0,36.07,16.42,17.16,33.58,27.42,34.21,72.0,0.277,23.0,31.94,7.0,9.72,0.6699999999999999,0.0459999999999999,31.01,13.33,20.0,33.33,24.29,22.77
746461,2024-06-08,2024,592192,R,656730,R,field_out,False,False,185.0,0.233,38.0,20.54,19.0,10.27,0.6839999999999999,0.11899999999999997,21.8,8.49,23.72,32.21,21.01,17.76,341.0,0.261,56.0,16.42,28.0,8.21,0.721,0.1079999999999999,18.91,7.86,21.98,29.84,23.71,13.49,34.0,0.273,11.0,32.35,1.0,2.94,0.6579999999999999,0.09099999999999997,36.49,21.77,12.1,33.87,44.07,26.83,76.0,0.254,29.0,38.16,5.0,6.58,0.751,0.194,33.77,16.89,18.87,35.76,34.06,31.18
745166,2024-06-08,2024,453568,L,502043,R,single,False,False,166.0,0.232,24.0,14.46,12.0,7.23,0.661,0.13199999999999998,19.09,9.52,16.94,26.45,36.13,13.71,309.0,0.272,48.0,15.53,26.0,8.41,0.7909999999999999,0.1689999999999999,21.84,10.67,16.05,26.72,30.66,16.11,157.0,0.246,29.0,18.47,18.0,11.46,0.8400000000000001,0.254,22.5,8.75,17.34,26.09,23.68,22.48,402.0,0.292,73.0,18.16,26.0,6.47,0.8180000000000001,0.188,21.2,9.58,16.26,25.84,26.03,18.09
745166,2024-06-08,2024,686668,R,502043,R,walk,False,True,189.0,0.271,55.0,29.1,18.0,9.52,0.772,0.15699999999999997,31.55,15.66,15.51,31.17,28.74,27.5,299.0,0.207,98.0,32.78,17.0,5.69,0.597,0.131,34.17,17.56,14.33,31.89,31.96,31.51,136.0,0.208,31.0,22.79,10.0,7.35,0.545,0.07200000000000004,30.97,13.97,18.56,32.53,31.8,24.6,407.0,0.249,84.0,20.64,29.0,7.13,0.7010000000000001,0.146,29.66,13.56,17.04,30.6,29.49,20.14
745166,2024-06-08,2024,678662,R,502043,R,single,False,False,200.0,0.293,58.0,29.0,6.0,3.0,0.789,0.17500000000000004,34.33,21.58,9.92,31.5,46.56,23.02,438.0,0.256,109.0,24.89,17.0,3.88,0.69,0.143,29.47,17.51,10.44,27.95,41.11,20.49,136.0,0.208,31.0,22.79,10.0,7.35,0.545,0.07200000000000004,30.97,13.97,18.56,32.53,31.8,24.6,407.0,0.249,84.0,20.64,29.0,7.13,0.7010000000000001,0.146,29.66,13.56,17.04,30.6,29.49,20.14
745166,2024-06-08,2024,641857,L,502043,R,fielders_choice_out,False,False,185.0,0.252,49.0,26.49,21.0,11.35,0.75,0.16299999999999998,26.02,12.06,16.08,28.14,26.47,18.49,449.0,0.26,141.0,31.4,52.0,11.58,0.826,0.2209999999999999,31.26,14.84,14.94,29.79,25.26,20.41,157.0,0.246,29.0,18.47,18.0,11.46,0.8400000000000001,0.254,22.5,8.75,17.34,26.09,23.68,22.48,402.0,0.292,73.0,18.16,26.0,6.47,0.8180000000000001,0.188,21.2,9.58,16.26,25.84,26.03,18.09
745166,2024-06-08,2024,660707,R,502043,R,strikeout,True,False,151.0,0.212,33.0,21.85,12.0,7.95,0.601,0.11600000000000002,28.86,15.66,12.93,28.6,36.77,20.89,196.0,0.249,69.0,35.2,12.0,6.12,0.729,0.1689999999999999,41.45,21.48,15.97,37.45,41.94,28.28,136.0,0.208,31.0,22.79,10.0,7.35,0.545,0.07200000000000004,30.97,13.97,18.56,32.53,31.8,24.6,407.0,0.249,84.0,20.64,29.0,7.13,0.7010000000000001,0.146,29.66,13.56,17.04,30.6,29.49,20.14
745166,2024-06-08,2024,691026,R,663372,R,strikeout,True,False,134.0,0.333,20.0,14.93,11.0,8.21,0.7889999999999999,0.07699999999999996,16.67,7.72,18.49,26.21,27.82,11.63,100.0,0.161,19.0,19.0,9.0,9.0,0.478,0.0799999999999999,21.56,9.11,22.03,31.14,24.87,14.88,135.0,0.287,25.0,18.52,9.0,6.67,0.759,0.131,24.05,11.56,15.82,27.38,27.51,18.25,91.0,0.262,19.0,20.88,10.0,10.99,0.7290000000000001,0.126,20.25,9.17,20.06,29.23,27.81,18.1
745166,2024-06-08,2024,676475,L,663372,R,strikeout,True,False,142.0,0.304,21.0,14.79,7.0,4.93,0.827,0.185,19.38,11.02,11.81,22.83,33.99,14.69,318.0,0.243,39.0,12.26,21.0,6.6,0.698,0.156,17.66,9.16,14.01,23.17,33.05,13.13,151.0,0.329,27.0,17.88,9.0,5.96,0.914,0.22100000000000003,22.33,12.07,13.33,25.41,28.12,16.25,110.0,0.267,19.0,17.27,18.0,16.36,0.7330000000000001,0.066,22.58,9.66,17.47,27.13,23.0,14.62
745166,2024-06-08,2024,502671,R,663372,R,field_out,False,False,198.0,0.212,66.0,33.33,17.0,8.59,0.6299999999999999,0.13399999999999998,29.53,13.98,18.92,32.9,30.12,20.78,518.0,0.259,120.0,23.17,67.0,12.93,0.8049999999999999,0.187,27.85,12.3,17.85,30.16,25.85,17.44,135.0,0.287,25.0,18.52,9.0,6.67,0.759,0.131,24.05,11.56,15.82,27.38,27.51,18.25,91.0,0.262,19.0,20.88,10.0,10.99,0.7290000000000001,0.126,20.25,9.17,20.06,29.23,27.81,18.1
745166,2024-06-08,2024,607732,R,502043,R,field_out,False,False,65.0,0.263,13.0,20.0,5.0,7.69,0.705,0.08799999999999997,25.44,11.42,18.9,30.31,21.19,16.25,225.0,0.186,56.0,24.89,24.0,10.67,0.547,0.082,22.79,8.98,20.99,29.97,22.2,22.95,136.0,0.208,31.0,22.79,10.0,7.35,0.545,0.07200000000000004,30.97,13.97,18.56,32.53,31.8,24.6,407.0,0.249,84.0,20.64,29.0,7.13,0.7010000000000001,0.146,29.66,13.56,17.04,30.6,29.49,20.14
745166,2024-06-08,2024,595909,L,502043,R,field_out,False,False,91.0,0.262,24.0,26.37,10.0,10.99,0.679,0.07600000000000001,21.43,10.77,14.62,25.38,31.31,18.05,171.0,0.226,44.0,25.73,12.0,7.02,0.663,0.155,26.67,12.9,15.25,28.15,29.13,19.91,157.0,0.246,29.0,18.47,18.0,11.46,0.8400000000000001,0.254,22.5,8.75,17.34,26.09,23.68,22.48,402.0,0.292,73.0,18.16,26.0,6.47,0.8180000000000001,0.188,21.2,9.58,16.26,25.84,26.03,18.09
745166,2024-06-08,2024,669911,L,502043,R,strikeout,True,False,39.0,0.132,16.0,41.03,0.0,0.0,0.496,0.21000000000000002,31.87,16.02,15.47,31.49,33.66,23.53,104.0,0.189,29.0,27.88,8.0,7.69,0.628,0.179,34.34,17.26,14.21,31.47,29.0,25.0,157.0,0.246,29.0,18.47,18.0,11.46,0.8400000000000001,0.254,22.5,8.75,17.34,26.09,23.68,22.48,402.0,0.292,73.0,18.16,26.0,6.47,0.8180000000000001,0.188,21.2,9.58,16.26,25.84,26.03,18.09
745166,2024-06-08,2024,669357,L,663372,R,strikeout,True,False,156.0,0.234,54.0,34.62,18.0,11.54,0.819,0.262,39.87,19.63,14.33,33.96,30.61,25.84,378.0,0.231,124.0,32.8,42.0,11.11,0.7969999999999999,0.2459999999999999,35.96,17.73,12.12,29.85,28.13,25.15,151.0,0.329,27.0,17.88,9.0,5.96,0.914,0.22100000000000003,22.33,12.07,13.33,25.41,28.12,16.25,110.0,0.267,19.0,17.27,18.0,16.36,0.7330000000000001,0.066,22.58,9.66,17.47,27.13,23.0,14.62
745166,2024-06-08,2024,571448,R,663372,R,field_out,False,False,201.0,0.266,37.0,18.41,19.0,9.45,0.728,0.124,21.69,9.49,19.73,29.22,29.17,15.74,468.0,0.28,81.0,17.31,31.0,6.62,0.8089999999999999,0.2009999999999999,20.4,9.71,17.28,26.99,33.33,16.43,135.0,0.287,25.0,18.52,9.0,6.67,0.759,0.131,24.05,11.56,15.82,27.38,27.51,18.25,91.0,0.262,19.0,20.88,10.0,10.99,0.7290000000000001,0.126,20.25,9.17,20.06,29.23,27.81,18.1
745166,2024-06-08,2024,680977,L,663372,R,strikeout,True,False,180.0,0.228,30.0,16.67,16.0,8.89,0.671,0.12599999999999997,17.31,6.96,20.17,27.13,22.89,14.93,309.0,0.294,43.0,13.92,27.0,8.74,0.831,0.166,14.96,6.32,19.2,25.52,22.53,13.27,151.0,0.329,27.0,17.88,9.0,5.96,0.914,0.22100000000000003,22.33,12.07,13.33,25.41,28.12,16.25,110.0,0.267,19.0,17.27,18.0,16.36,0.7330000000000001,0.066,22.58,9.66,17.47,27.13,23.0,14.62
745166,2024-06-08,2024,676701,R,502043,R,single,False,False,26.0,0.115,6.0,23.08,0.0,0.0,0.23,0.0,24.14,14.74,13.68,28.42,39.58,15.79,122.0,0.257,24.0,19.67,7.0,5.74,0.6950000000000001,0.132,20.9,11.11,14.38,25.49,35.06,16.55,136.0,0.208,31.0,22.79,10.0,7.35,0.545,0.07200000000000004,30.97,13.97,18.56,32.53,31.8,24.6,407.0,0.249,84.0,20.64,29.0,7.13,0.7010000000000001,0.146,29.66,13.56,17.04,30.6,29.49,20.14
745166,2024-06-08,2024,453568,L,502043,R,fielders_choice,False,False,166.0,0.232,24.0,14.46,12.0,7.23,0.661,0.13199999999999998,19.09,9.52,16.94,26.45,36.13,13.71,309.0,0.272,48.0,15.53,26.0,8.41,0.7909999999999999,0.1689999999999999,21.84,10.67,16.05,26.72,30.66,16.11,157.0,0.246,29.0,18.47,18.0,11.46,0.8400000000000001,0.254,22.5,8.75,17.34,26.09,23.68,22.48,402.0,0.292,73.0,18.16,26.0,6.47,0.8180000000000001,0.188,21.2,9.58,16.26,25.84,26.03,18.09
745166,2024-06-08,2024,686668,R,502043,R,field_out,False,False,189.0,0.271,55.0,29.1,18.0,9.52,0.772,0.15699999999999997,31.55,15.66,15.51,31.17,28.74,27.5,299.0,0.207,98.0,32.78,17.0,5.69,0.597,0.131,34.17,17.56,14.33,31.89,31.96,31.51,136.0,0.208,31.0,22.79,10.0,7.35,0.545,0.07200000000000004,30.97,13.97,18.56,32.53,31.8,24.6,407.0,0.249,84.0,20.64,29.0,7.13,0.7010000000000001,0.146,29.66,13.56,17.04,30.6,29.49,20.14
745166,2024-06-08,2024,678662,R,502043,R,single,False,False,200.0,0.293,58.0,29.0,6.0,3.0,0.789,0.17500000000000004,34.33,21.58,9.92,31.5,46.56,23.02,438.0,0.256,109.0,24.89,17.0,3.88,0.69,0.143,29.47,17.51,10.44,27.95,41.11,20.49,136.0,0.208,31.0,22.79,10.0,7.35,0.545,0.07200000000000004,30.97,13.97,18.56,32.53,31.8,24.6,407.0,0.249,84.0,20.64,29.0,7.13,0.7010000000000001,0.146,29.66,13.56,17.04,30.6,29.49,20.14
745166,2024-06-08,2024,641857,L,502043,R,grounded_into_double_play,False,False,185.0,0.252,49.0,26.49,21.0,11.35,0.75,0.16299999999999998,26.02,12.06,16.08,28.14,26.47,18.49,449.0,0.26,141.0,31.4,52.0,11.58,0.826,0.2209999999999999,31.26,14.84,14.94,29.79,25.26,20.41,157.0,0.246,29.0,18.47,18.0,11.46,0.8400000000000001,0.254,22.5,8.75,17.34,26.09,23.68,22.48,402.0,0.292,73.0,18.16,26.0,6.47,0.8180000000000001,0.188,21.2,9.58,16.26,25.84,26.03,18.09
745166,2024-06-08,2024,671056,R,663372,R,field_out,False,False,116.0,0.286,26.0,22.41,9.0,7.76,0.726,0.09500000000000003,23.86,10.13,20.04,30.17,28.88,18.71,36.0,0.3,10.0,27.78,4.0,11.11,0.784,0.067,28.57,12.05,14.46,26.51,27.08,17.31,135.0,0.287,25.0,18.52,9.0,6.67,0.759,0.131,24.05,11.56,15.82,27.38,27.51,18.25,91.0,0.262,19.0,20.88,10.0,10.99,0.7290000000000001,0.126,20.25,9.17,20.06,29.23,27.81,18.1
745166,2024-06-08,2024,572761,L,663372,R,strikeout,True,False,54.0,0.188,15.0,27.78,5.0,9.26,0.535,0.08300000000000002,30.11,12.79,19.18,31.96,21.7,26.32,220.0,0.167,64.0,29.09,38.0,17.27,0.616,0.1319999999999999,29.37,12.01,18.83,30.84,21.25,22.78,151.0,0.329,27.0,17.88,9.0,5.96,0.914,0.22100000000000003,22.33,12.07,13.33,25.41,28.12,16.25,110.0,0.267,19.0,17.27,18.0,16.36,0.7330000000000001,0.066,22.58,9.66,17.47,27.13,23.0,14.62
745166,2024-06-08,2024,666185,L,663372,R,field_out,False,False,23.0,0.15,7.0,30.43,2.0,8.7,0.461,0.05000000000000002,39.13,17.82,15.84,33.66,22.0,21.88,170.0,0.196,37.0,21.76,14.0,8.24,0.592,0.1079999999999999,22.71,10.14,18.91,29.05,25.44,21.14,151.0,0.329,27.0,17.88,9.0,5.96,0.914,0.22100000000000003,22.33,12.07,13.33,25.41,28.12,16.25,110.0,0.267,19.0,17.27,18.0,16.36,0.7330000000000001,0.066,22.58,9.66,17.47,27.13,23.0,14.62
745166,2024-06-08,2024,660707,R,502043,R,strikeout,True,False,151.0,0.212,33.0,21.85,12.0,7.95,0.601,0.11600000000000002,28.86,15.66,12.93,28.6,36.77,20.89,196.0,0.249,69.0,35.2,12.0,6.12,0.729,0.1689999999999999,41.45,21.48,15.97,37.45,41.94,28.28,136.0,0.208,31.0,22.79,10.0,7.35,0.545,0.07200000000000004,30.97,13.97,18.56,32.53,31.8,24.6,407.0,0.249,84.0,20.64,29.0,7.13,0.7010000000000001,0.146,29.66,13.56,17.04,30.6,29.49,20.14
745166,2024-06-08,2024,607732,R,502043,R,strikeout,True,False,65.0,0.263,13.0,20.0,5.0,7.69,0.705,0.08799999999999997,25.44,11.42,18.9,30.31,21.19,16.25,225.0,0.186,56.0,24.89,24.0,10.67,0.547,0.082,22.79,8.98,20.99,29.97,22.2,22.95,136.0,0.208,31.0,22.79,10.0,7.35,0.545,0.07200000000000004,30.97,13.97,18.56,32.53,31.8,24.6,407.0,0.249,84.0,20.64,29.0,7.13,0.7010000000000001,0.146,29.66,13.56,17.04,30.6,29.49,20.14
745166,2024-06-08,2024,595909,L,502043,R,strikeout,True,False,91.0,0.262,24.0,26.37,10.0,10.99,0.679,0.07600000000000001,21.43,10.77,14.62,25.38,31.31,18.05,171.0,0.226,44.0,25.73,12.0,7.02,0.663,0.155,26.67,12.9,15.25,28.15,29.13,19.91,157.0,0.246,29.0,18.47,18.0,11.46,0.8400000000000001,0.254,22.5,8.75,17.34,26.09,23.68,22.48,402.0,0.292,73.0,18.16,26.0,6.47,0.8180000000000001,0.188,21.2,9.58,16.26,25.84,26.03,18.09
745166,2024-06-08,2024,691026,R,663372,R,field_out,False,False,134.0,0.333,20.0,14.93,11.0,8.21,0.7889999999999999,0.07699999999999996,16.67,7.72,18.49,26.21,27.82,11.63,100.0,0.161,19.0,19.0,9.0,9.0,0.478,0.0799999999999999,21.56,9.11,22.03,31.14,24.87,14.88,135.0,0.287,25.0,18.52,9.0,6.67,0.759,0.131,24.05,11.56,15.82,27.38,27.51,18.25,91.0,0.262,19.0,20.88,10.0,10.99,0.7290000000000001,0.126,20.25,9.17,20.06,29.23,27.81,18.1
745166,2024-06-08,2024,676475,L,663372,R,field_out,False,False,142.0,0.304,21.0,14.79,7.0,4.93,0.827,0.185,19.38,11.02,11.81,22.83,33.99,14.69,318.0,0.243,39.0,12.26,21.0,6.6,0.698,0.156,17.66,9.16,14.01,23.17,33.05,13.13,151.0,0.329,27.0,17.88,9.0,5.96,0.914,0.22100000000000003,22.33,12.07,13.33,25.41,28.12,16.25,110.0,0.267,19.0,17.27,18.0,16.36,0.7330000000000001,0.066,22.58,9.66,17.47,27.13,23.0,14.62
745166,2024-06-08,2024,502671,R,663372,R,single,False,False,198.0,0.212,66.0,33.33,17.0,8.59,0.6299999999999999,0.13399999999999998,29.53,13.98,18.92,32.9,30.12,20.78,518.0,0.259,120.0,23.17,67.0,12.93,0.8049999999999999,0.187,27.85,12.3,17.85,30.16,25.85,17.44,135.0,0.287,25.0,18.52,9.0,6.67,0.759,0.131,24.05,11.56,15.82,27.38,27.51,18.25,91.0,0.262,19.0,20.88,10.0,10.99,0.7290000000000001,0.126,20.25,9.17,20.06,29.23,27.81,18.1
745166,2024-06-08,2024,669357,L,663372,R,field_out,False,False,156.0,0.234,54.0,34.62,18.0,11.54,0.819,0.262,39.87,19.63,14.33,33.96,30.61,25.84,378.0,0.231,124.0,32.8,42.0,11.11,0.7969999999999999,0.2459999999999999,35.96,17.73,12.12,29.85,28.13,25.15,151.0,0.329,27.0,17.88,9.0,5.96,0.914,0.22100000000000003,22.33,12.07,13.33,25.41,28.12,16.25,110.0,0.267,19.0,17.27,18.0,16.36,0.7330000000000001,0.066,22.58,9.66,17.47,27.13,23.0,14.62
745166,2024-06-08,2024,669911,L,502043,R,single,False,False,39.0,0.132,16.0,41.03,0.0,0.0,0.496,0.21000000000000002,31.87,16.02,15.47,31.49,33.66,23.53,104.0,0.189,29.0,27.88,8.0,7.69,0.628,0.179,34.34,17.26,14.21,31.47,29.0,25.0,157.0,0.246,29.0,18.47,18.0,11.46,0.8400000000000001,0.254,22.5,8.75,17.34,26.09,23.68,22.48,402.0,0.292,73.0,18.16,26.0,6.47,0.8180000000000001,0.188,21.2,9.58,16.26,25.84,26.03,18.09
745166,2024-06-08,2024,676701,R,502043,R,sac_bunt,False,False,26.0,0.115,6.0,23.08,0.0,0.0,0.23,0.0,24.14,14.74,13.68,28.42,39.58,15.79,122.0,0.257,24.0,19.67,7.0,5.74,0.6950000000000001,0.132,20.9,11.11,14.38,25.49,35.06,16.55,136.0,0.208,31.0,22.79,10.0,7.35,0.545,0.07200000000000004,30.97,13.97,18.56,32.53,31.8,24.6,407.0,0.249,84.0,20.64,29.0,7.13,0.7010000000000001,0.146,29.66,13.56,17.04,30.6,29.49,20.14
745166,2024-06-08,2024,453568,L,502043,R,walk,False,True,166.0,0.232,24.0,14.46,12.0,7.23,0.661,0.13199999999999998,19.09,9.52,16.94,26.45,36.13,13.71,309.0,0.272,48.0,15.53,26.0,8.41,0.7909999999999999,0.1689999999999999,21.84,10.67,16.05,26.72,30.66,16.11,157.0,0.246,29.0,18.47,18.0,11.46,0.8400000000000001,0.254,22.5,8.75,17.34,26.09,23.68,22.48,402.0,0.292,73.0,18.16,26.0,6.47,0.8180000000000001,0.188,21.2,9.58,16.26,25.84,26.03,18.09
745166,2024-06-08,2024,686668,R,502043,R,grounded_into_double_play,False,False,189.0,0.271,55.0,29.1,18.0,9.52,0.772,0.15699999999999997,31.55,15.66,15.51,31.17,28.74,27.5,299.0,0.207,98.0,32.78,17.0,5.69,0.597,0.131,34.17,17.56,14.33,31.89,31.96,31.51,136.0,0.208,31.0,22.79,10.0,7.35,0.545,0.07200000000000004,30.97,13.97,18.56,32.53,31.8,24.6,407.0,0.249,84.0,20.64,29.0,7.13,0.7010000000000001,0.146,29.66,13.56,17.04,30.6,29.49,20.14
745166,2024-06-08,2024,571448,R,663372,R,strikeout,True,False,201.0,0.266,37.0,18.41,19.0,9.45,0.728,0.124,21.69,9.49,19.73,29.22,29.17,15.74,468.0,0.28,81.0,17.31,31.0,6.62,0.8089999999999999,0.2009999999999999,20.4,9.71,17.28,26.99,33.33,16.43,135.0,0.287,25.0,18.52,9.0,6.67,0.759,0.131,24.05,11.56,15.82,27.38,27.51,18.25,91.0,0.262,19.0,20.88,10.0,10.99,0.7290000000000001,0.126,20.25,9.17,20.06,29.23,27.81,18.1
745166,2024-06-08,2024,680977,L,663372,R,field_out,False,False,180.0,0.228,30.0,16.67,16.0,8.89,0.671,0.12599999999999997,17.31,6.96,20.17,27.13,22.89,14.93,309.0,0.294,43.0,13.92,27.0,8.74,0.831,0.166,14.96,6.32,19.2,25.52,22.53,13.27,151.0,0.329,27.0,17.88,9.0,5.96,0.914,0.22100000000000003,22.33,12.07,13.33,25.41,28.12,16.25,110.0,0.267,19.0,17.27,18.0,16.36,0.7330000000000001,0.066,22.58,9.66,17.47,27.13,23.0,14.62
745166,2024-06-08,2024,671056,R,663372,R,field_out,False,False,116.0,0.286,26.0,22.41,9.0,7.76,0.726,0.09500000000000003,23.86,10.13,20.04,30.17,28.88,18.71,36.0,0.3,10.0,27.78,4.0,11.11,0.784,0.067,28.57,12.05,14.46,26.51,27.08,17.31,135.0,0.287,25.0,18.52,9.0,6.67,0.759,0.131,24.05,11.56,15.82,27.38,27.51,18.25,91.0,0.262,19.0,20.88,10.0,10.99,0.7290000000000001,0.126,20.25,9.17,20.06,29.23,27.81,18.1
745166,2024-06-08,2024,678662,R,502043,R,home_run,False,False,200.0,0.293,58.0,29.0,6.0,3.0,0.789,0.17500000000000004,34.33,21.58,9.92,31.5,46.56,23.02,438.0,0.256,109.0,24.89,17.0,3.88,0.69,0.143,29.47,17.51,10.44,27.95,41.11,20.49,136.0,0.208,31.0,22.79,10.0,7.35,0.545,0.07200000000000004,30.97,13.97,18.56,32.53,31.8,24.6,407.0,0.249,84.0,20.64,29.0,7.13,0.7010000000000001,0.146,29.66,13.56,17.04,30.6,29.49,20.14
745166,2024-06-08,2024,641857,L,502043,R,strikeout,True,False,185.0,0.252,49.0,26.49,21.0,11.35,0.75,0.16299999999999998,26.02,12.06,16.08,28.14,26.47,18.49,449.0,0.26,141.0,31.4,52.0,11.58,0.826,0.2209999999999999,31.26,14.84,14.94,29.79,25.26,20.41,157.0,0.246,29.0,18.47,18.0,11.46,0.8400000000000001,0.254,22.5,8.75,17.34,26.09,23.68,22.48,402.0,0.292,73.0,18.16,26.0,6.47,0.8180000000000001,0.188,21.2,9.58,16.26,25.84,26.03,18.09
745166,2024-06-08,2024,660707,R,502043,R,double,False,False,151.0,0.212,33.0,21.85,12.0,7.95,0.601,0.11600000000000002,28.86,15.66,12.93,28.6,36.77,20.89,196.0,0.249,69.0,35.2,12.0,6.12,0.729,0.1689999999999999,41.45,21.48,15.97,37.45,41.94,28.28,136.0,0.208,31.0,22.79,10.0,7.35,0.545,0.07200000000000004,30.97,13.97,18.56,32.53,31.8,24.6,407.0,0.249,84.0,20.64,29.0,7.13,0.7010000000000001,0.146,29.66,13.56,17.04,30.6,29.49,20.14
745166,2024-06-08,2024,607732,R,502043,R,field_out,False,False,65.0,0.263,13.0,20.0,5.0,7.69,0.705,0.08799999999999997,25.44,11.42,18.9,30.31,21.19,16.25,225.0,0.186,56.0,24.89,24.0,10.67,0.547,0.082,22.79,8.98,20.99,29.97,22.2,22.95,136.0,0.208,31.0,22.79,10.0,7.35,0.545,0.07200000000000004,30.97,13.97,18.56,32.53,31.8,24.6,407.0,0.249,84.0,20.64,29.0,7.13,0.7010000000000001,0.146,29.66,13.56,17.04,30.6,29.49,20.14
745166,2024-06-08,2024,595909,L,502043,R,single,False,False,91.0,0.262,24.0,26.37,10.0,10.99,0.679,0.07600000000000001,21.43,10.77,14.62,25.38,31.31,18.05,171.0,0.226,44.0,25.73,12.0,7.02,0.663,0.155,26.67,12.9,15.25,28.15,29.13,19.91,157.0,0.246,29.0,18.47,18.0,11.46,0.8400000000000001,0.254,22.5,8.75,17.34,26.09,23.68,22.48,402.0,0.292,73.0,18.16,26.0,6.47,0.8180000000000001,0.188,21.2,9.58,16.26,25.84,26.03,18.09
745166,2024-06-08,2024,669911,L,502043,R,strikeout,True,False,39.0,0.132,16.0,41.03,0.0,0.0,0.496,0.21000000000000002,31.87,16.02,15.47,31.49,33.66,23.53,104.0,0.189,29.0,27.88,8.0,7.69,0.628,0.179,34.34,17.26,14.21,31.47,29.0,25.0,157.0,0.246,29.0,18.47,18.0,11.46,0.8400000000000001,0.254,22.5,8.75,17.34,26.09,23.68,22.48,402.0,0.292,73.0,18.16,26.0,6.47,0.8180000000000001,0.188,21.2,9.58,16.26,25.84,26.03,18.09
745166,2024-06-08,2024,572761,L,663372,R,walk,False,True,54.0,0.188,15.0,27.78,5.0,9.26,0.535,0.08300000000000002,30.11,12.79,19.18,31.96,21.7,26.32,220.0,0.167,64.0,29.09,38.0,17.27,0.616,0.1319999999999999,29.37,12.01,18.83,30.84,21.25,22.78,151.0,0.329,27.0,17.88,9.0,5.96,0.914,0.22100000000000003,22.33,12.07,13.33,25.41,28.12,16.25,110.0,0.267,19.0,17.27,18.0,16.36,0.7330000000000001,0.066,22.58,9.66,17.47,27.13,23.0,14.62
745166,2024-06-08,2024,666185,L,663372,R,single,False,False,23.0,0.15,7.0,30.43,2.0,8.7,0.461,0.05000000000000002,39.13,17.82,15.84,33.66,22.0,21.88,170.0,0.196,37.0,21.76,14.0,8.24,0.592,0.1079999999999999,22.71,10.14,18.91,29.05,25.44,21.14,151.0,0.329,27.0,17.88,9.0,5.96,0.914,0.22100000000000003,22.33,12.07,13.33,25.41,28.12,16.25,110.0,0.267,19.0,17.27,18.0,16.36,0.7330000000000001,0.066,22.58,9.66,17.47,27.13,23.0,14.62
745166,2024-06-08,2024,691026,R,663372,R,strikeout,True,False,134.0,0.333,20.0,14.93,11.0,8.21,0.7889999999999999,0.07699999999999996,16.67,7.72,18.49,26.21,27.82,11.63,100.0,0.161,19.0,19.0,9.0,9.0,0.478,0.0799999999999999,21.56,9.11,22.03,31.14,24.87,14.88,135.0,0.287,25.0,18.52,9.0,6.67,0.759,0.131,24.05,11.56,15.82,27.38,27.51,18.25,91.0,0.262,19.0,20.88,10.0,10.99,0.7290000000000001,0.126,20.25,9.17,20.06,29.23,27.81,18.1
745166,2024-06-08,2024,676475,L,663372,R,field_error,False,False,142.0,0.304,21.0,14.79,7.0,4.93,0.827,0.185,19.38,11.02,11.81,22.83,33.99,14.69,318.0,0.243,39.0,12.26,21.0,6.6,0.698,0.156,17.66,9.16,14.01,23.17,33.05,13.13,151.0,0.329,27.0,17.88,9.0,5.96,0.914,0.22100000000000003,22.33,12.07,13.33,25.41,28.12,16.25,110.0,0.267,19.0,17.27,18.0,16.36,0.7330000000000001,0.066,22.58,9.66,17.47,27.13,23.0,14.62
745166,2024-06-08,2024,502671,R,663372,R,fielders_choice,False,False,198.0,0.212,66.0,33.33,17.0,8.59,0.6299999999999999,0.13399999999999998,29.53,13.98,18.92,32.9,30.12,20.78,518.0,0.259,120.0,23.17,67.0,12.93,0.8049999999999999,0.187,27.85,12.3,17.85,30.16,25.85,17.44,135.0,0.287,25.0,18.52,9.0,6.67,0.759,0.131,24.05,11.56,15.82,27.38,27.51,18.25,91.0,0.262,19.0,20.88,10.0,10.99,0.7290000000000001,0.126,20.25,9.17,20.06,29.23,27.81,18.1
745166,2024-06-08,2024,669357,L,680767,R,strikeout,True,False,156.0,0.234,54.0,34.62,18.0,11.54,0.819,0.262,39.87,19.63,14.33,33.96,30.61,25.84,378.0,0.231,124.0,32.8,42.0,11.11,0.7969999999999999,0.2459999999999999,35.96,17.73,12.12,29.85,28.13,25.15,65.0,0.172,5.0,7.69,7.0,10.77,0.469,0.035,15.18,6.8,14.0,20.8,19.53,7.04,17.0,0.412,5.0,29.41,0.0,0.0,0.941,0.117,16.22,8.33,11.11,19.44,26.32,17.86
745166,2024-06-08,2024,571448,R,680767,R,single,False,False,201.0,0.266,37.0,18.41,19.0,9.45,0.728,0.124,21.69,9.49,19.73,29.22,29.17,15.74,468.0,0.28,81.0,17.31,31.0,6.62,0.8089999999999999,0.2009999999999999,20.4,9.71,17.28,26.99,33.33,16.43,84.0,0.316,22.0,26.19,8.0,9.52,0.7889999999999999,0.09199999999999997,22.29,9.89,16.58,26.47,25.64,16.54,27.0,0.333,7.0,25.93,3.0,11.11,0.782,0.0419999999999999,26.42,12.28,14.91,27.19,20.75,19.44
745166,2024-06-08,2024,680977,L,680767,R,field_out,False,False,180.0,0.228,30.0,16.67,16.0,8.89,0.671,0.12599999999999997,17.31,6.96,20.17,27.13,22.89,14.93,309.0,0.294,43.0,13.92,27.0,8.74,0.831,0.166,14.96,6.32,19.2,25.52,22.53,13.27,65.0,0.172,5.0,7.69,7.0,10.77,0.469,0.035,15.18,6.8,14.0,20.8,19.53,7.04,17.0,0.412,5.0,29.41,0.0,0.0,0.941,0.117,16.22,8.33,11.11,19.44,26.32,17.86
745166,2024-06-08,2024,676701,R,552640,R,field_out,False,False,26.0,0.115,6.0,23.08,0.0,0.0,0.23,0.0,24.14,14.74,13.68,28.42,39.58,15.79,122.0,0.257,24.0,19.67,7.0,5.74,0.6950000000000001,0.132,20.9,11.11,14.38,25.49,35.06,16.55,71.0,0.154,16.0,22.54,6.0,8.45,0.44,0.061,25.0,13.67,14.45,28.12,42.65,21.33,31.0,0.333,7.0,22.58,0.0,0.0,0.788,0.0999999999999999,20.0,11.21,15.89,27.1,40.0,22.58
745166,2024-06-08,2024,453568,L,552640,R,double,False,False,166.0,0.232,24.0,14.46,12.0,7.23,0.661,0.13199999999999998,19.09,9.52,16.94,26.45,36.13,13.71,309.0,0.272,48.0,15.53,26.0,8.41,0.7909999999999999,0.1689999999999999,21.84,10.67,16.05,26.72,30.66,16.11,39.0,0.324,12.0,30.77,2.0,5.13,0.9,0.21700000000000003,32.58,18.83,12.34,31.17,38.16,19.67,19.0,0.118,3.0,15.79,2.0,10.53,0.505,0.176,17.02,10.0,11.25,21.25,43.59,8.57
745166,2024-06-08,2024,686668,R,552640,R,single,False,False,189.0,0.271,55.0,29.1,18.0,9.52,0.772,0.15699999999999997,31.55,15.66,15.51,31.17,28.74,27.5,299.0,0.207,98.0,32.78,17.0,5.69,0.597,0.131,34.17,17.56,14.33,31.89,31.96,31.51,71.0,0.154,16.0,22.54,6.0,8.45,0.44,0.061,25.0,13.67,14.45,28.12,42.65,21.33,31.0,0.333,7.0,22.58,0.0,0.0,0.788,0.0999999999999999,20.0,11.21,15.89,27.1,40.0,22.58
745166,2024-06-08,2024,678662,R,552640,R,home_run,False,False,200.0,0.293,58.0,29.0,6.0,3.0,0.789,0.17500000000000004,34.33,21.58,9.92,31.5,46.56,23.02,438.0,0.256,109.0,24.89,17.0,3.88,0.69,0.143,29.47,17.51,10.44,27.95,41.11,20.49,71.0,0.154,16.0,22.54,6.0,8.45,0.44,0.061,25.0,13.67,14.45,28.12,42.65,21.33,31.0,0.333,7.0,22.58,0.0,0.0,0.788,0.0999999999999999,20.0,11.21,15.89,27.1,40.0,22.58
745166,2024-06-08,2024,641857,L,552640,R,strikeout,True,False,185.0,0.252,49.0,26.49,21.0,11.35,0.75,0.16299999999999998,26.02,12.06,16.08,28.14,26.47,18.49,449.0,0.26,141.0,31.4,52.0,11.58,0.826,0.2209999999999999,31.26,14.84,14.94,29.79,25.26,20.41,39.0,0.324,12.0,30.77,2.0,5.13,0.9,0.21700000000000003,32.58,18.83,12.34,31.17,38.16,19.67,19.0,0.118,3.0,15.79,2.0,10.53,0.505,0.176,17.02,10.0,11.25,21.25,43.59,8.57
745166,2024-06-08,2024,660707,R,552640,R,field_out,False,False,151.0,0.212,33.0,21.85,12.0,7.95,0.601,0.11600000000000002,28.86,15.66,12.93,28.6,36.77,20.89,196.0,0.249,69.0,35.2,12.0,6.12,0.729,0.1689999999999999,41.45,21.48,15.97,37.45,41.94,28.28,71.0,0.154,16.0,22.54,6.0,8.45,0.44,0.061,25.0,13.67,14.45,28.12,42.65,21.33,31.0,0.333,7.0,22.58,0.0,0.0,0.788,0.0999999999999999,20.0,11.21,15.89,27.1,40.0,22.58
745166,2024-06-08,2024,671056,R,680767,R,field_out,False,False,116.0,0.286,26.0,22.41,9.0,7.76,0.726,0.09500000000000003,23.86,10.13,20.04,30.17,28.88,18.71,36.0,0.3,10.0,27.78,4.0,11.11,0.784,0.067,28.57,12.05,14.46,26.51,27.08,17.31,84.0,0.316,22.0,26.19,8.0,9.52,0.7889999999999999,0.09199999999999997,22.29,9.89,16.58,26.47,25.64,16.54,27.0,0.333,7.0,25.93,3.0,11.11,0.782,0.0419999999999999,26.42,12.28,14.91,27.19,20.75,19.44
745166,2024-06-08,2024,572761,L,680767,R,home_run,False,False,54.0,0.188,15.0,27.78,5.0,9.26,0.535,0.08300000000000002,30.11,12.79,19.18,31.96,21.7,26.32,220.0,0.167,64.0,29.09,38.0,17.27,0.616,0.1319999999999999,29.37,12.01,18.83,30.84,21.25,22.78,65.0,0.172,5.0,7.69,7.0,10.77,0.469,0.035,15.18,6.8,14.0,20.8,19.53,7.04,17.0,0.412,5.0,29.41,0.0,0.0,0.941,0.117,16.22,8.33,11.11,19.44,26.32,17.86
745166,2024-06-08,2024,666185,L,680767,R,strikeout,True,False,23.0,0.15,7.0,30.43,2.0,8.7,0.461,0.05000000000000002,39.13,17.82,15.84,33.66,22.0,21.88,170.0,0.196,37.0,21.76,14.0,8.24,0.592,0.1079999999999999,22.71,10.14,18.91,29.05,25.44,21.14,65.0,0.172,5.0,7.69,7.0,10.77,0.469,0.035,15.18,6.8,14.0,20.8,19.53,7.04,17.0,0.412,5.0,29.41,0.0,0.0,0.941,0.117,16.22,8.33,11.11,19.44,26.32,17.86
745166,2024-06-08,2024,691026,R,680767,R,field_out,False,False,134.0,0.333,20.0,14.93,11.0,8.21,0.7889999999999999,0.07699999999999996,16.67,7.72,18.49,26.21,27.82,11.63,100.0,0.161,19.0,19.0,9.0,9.0,0.478,0.0799999999999999,21.56,9.11,22.03,31.14,24.87,14.88,84.0,0.316,22.0,26.19,8.0,9.52,0.7889999999999999,0.09199999999999997,22.29,9.89,16.58,26.47,25.64,16.54,27.0,0.333,7.0,25.93,3.0,11.11,0.782,0.0419999999999999,26.42,12.28,14.91,27.19,20.75,19.44
745166,2024-06-08,2024,607732,R,688297,R,field_out,False,False,65.0,0.263,13.0,20.0,5.0,7.69,0.705,0.08799999999999997,25.44,11.42,18.9,30.31,21.19,16.25,225.0,0.186,56.0,24.89,24.0,10.67,0.547,0.082,22.79,8.98,20.99,29.97,22.2,22.95,22.0,0.19,7.0,31.82,1.0,4.55,0.56,0.14300000000000002,24.32,12.33,23.29,35.62,37.5,25.93,,,,,,,,,,,,,,
745166,2024-06-08,2024,595909,L,688297,R,field_out,False,False,91.0,0.262,24.0,26.37,10.0,10.99,0.679,0.07600000000000001,21.43,10.77,14.62,25.38,31.31,18.05,171.0,0.226,44.0,25.73,12.0,7.02,0.663,0.155,26.67,12.9,15.25,28.15,29.13,19.91,16.0,0.333,4.0,25.0,3.0,18.75,1.167,0.334,30.43,16.87,8.43,25.3,34.09,10.26,,,,,,,,,,,,,,
745166,2024-06-08,2024,669911,L,688297,R,field_out,False,False,39.0,0.132,16.0,41.03,0.0,0.0,0.496,0.21000000000000002,31.87,16.02,15.47,31.49,33.66,23.53,104.0,0.189,29.0,27.88,8.0,7.69,0.628,0.179,34.34,17.26,14.21,31.47,29.0,25.0,16.0,0.333,4.0,25.0,3.0,18.75,1.167,0.334,30.43,16.87,8.43,25.3,34.09,10.26,,,,,,,,,,,,,,
745166,2024-06-08,2024,665877,R,656222,L,field_out,False,False,20.0,0.158,3.0,15.0,1.0,5.0,0.358,0.0,9.76,4.65,18.6,23.26,28.57,10.34,19.0,0.176,2.0,10.53,2.0,10.53,0.439,0.0,7.41,3.08,23.08,26.15,30.0,13.33,88.0,0.231,16.0,18.18,8.0,9.09,0.6839999999999999,0.154,21.34,10.23,13.45,23.68,24.26,18.18,130.0,0.243,27.0,20.77,12.0,9.23,0.7090000000000001,0.148,29.39,14.08,15.55,29.62,28.21,22.31
745166,2024-06-08,2024,502671,R,656222,L,strikeout,True,False,69.0,0.271,12.0,17.39,7.0,10.14,0.731,0.10199999999999998,21.95,9.22,19.45,28.67,24.66,12.12,170.0,0.295,41.0,24.12,20.0,11.76,0.8260000000000001,0.155,26.26,11.0,20.45,31.45,28.73,20.4,88.0,0.231,16.0,18.18,8.0,9.09,0.6839999999999999,0.154,21.34,10.23,13.45,23.68,24.26,18.18,130.0,0.243,27.0,20.77,12.0,9.23,0.7090000000000001,0.148,29.39,14.08,15.55,29.62,28.21,22.31
745166,2024-06-08,2024,669357,L,656222,L,strikeout,True,False,65.0,0.228,20.0,30.77,7.0,10.77,0.786,0.24599999999999997,33.63,15.51,17.14,32.65,30.65,25.32,86.0,0.26,24.0,27.91,11.0,12.79,0.839,0.2189999999999999,33.77,15.79,17.34,33.13,24.68,27.59,41.0,0.206,9.0,21.95,6.0,14.63,0.635,0.088,28.57,12.36,11.8,24.16,20.56,21.95,62.0,0.269,20.0,32.26,9.0,14.52,0.736,0.0959999999999999,34.23,14.84,15.62,30.47,25.0,25.0
745166,2024-06-08,2024,676701,R,688297,R,strikeout,True,False,26.0,0.115,6.0,23.08,0.0,0.0,0.23,0.0,24.14,14.74,13.68,28.42,39.58,15.79,122.0,0.257,24.0,19.67,7.0,5.74,0.6950000000000001,0.132,20.9,11.11,14.38,25.49,35.06,16.55,22.0,0.19,7.0,31.82,1.0,4.55,0.56,0.14300000000000002,24.32,12.33,23.29,35.62,37.5,25.93,,,,,,,,,,,,,,
745166,2024-06-08,2024,453568,L,688297,R,single,False,False,166.0,0.232,24.0,14.46,12.0,7.23,0.661,0.13199999999999998,19.09,9.52,16.94,26.45,36.13,13.71,309.0,0.272,48.0,15.53,26.0,8.41,0.7909999999999999,0.1689999999999999,21.84,10.67,16.05,26.72,30.66,16.11,16.0,0.333,4.0,25.0,3.0,18.75,1.167,0.334,30.43,16.87,8.43,25.3,34.09,10.26,,,,,,,,,,,,,,
745166,2024-06-08,2024,686668,R,688297,R,grounded_into_double_play,False,False,189.0,0.271,55.0,29.1,18.0,9.52,0.772,0.15699999999999997,31.55,15.66,15.51,31.17,28.74,27.5,299.0,0.207,98.0,32.78,17.0,5.69,0.597,0.131,34.17,17.56,14.33,31.89,31.96,31.51,22.0,0.19,7.0,31.82,1.0,4.55,0.56,0.14300000000000002,24.32,12.33,23.29,35.62,37.5,25.93,,,,,,,,,,,,,,
745166,2024-06-08,2024,571448,R,641755,R,strikeout,True,False,201.0,0.266,37.0,18.41,19.0,9.45,0.728,0.124,21.69,9.49,19.73,29.22,29.17,15.74,468.0,0.28,81.0,17.31,31.0,6.62,0.8089999999999999,0.2009999999999999,20.4,9.71,17.28,26.99,33.33,16.43,64.0,0.268,14.0,21.88,7.0,10.94,0.826,0.21399999999999997,32.84,17.39,12.65,30.04,31.5,18.42,46.0,0.326,11.0,23.91,2.0,4.35,0.883,0.209,22.68,11.76,15.51,27.27,28.41,16.18
745166,2024-06-08,2024,680977,L,641755,R,double,False,False,180.0,0.228,30.0,16.67,16.0,8.89,0.671,0.12599999999999997,17.31,6.96,20.17,27.13,22.89,14.93,309.0,0.294,43.0,13.92,27.0,8.74,0.831,0.166,14.96,6.32,19.2,25.52,22.53,13.27,52.0,0.356,13.0,25.0,7.0,13.46,1.109,0.31100000000000005,30.19,14.16,13.27,27.43,25.6,18.57,30.0,0.304,6.0,20.0,4.0,13.33,0.8919999999999999,0.174,23.53,10.81,12.61,23.42,20.34,22.22
745166,2024-06-08,2024,671056,R,641755,R,field_out,False,False,116.0,0.286,26.0,22.41,9.0,7.76,0.726,0.09500000000000003,23.86,10.13,20.04,30.17,28.88,18.71,36.0,0.3,10.0,27.78,4.0,11.11,0.784,0.067,28.57,12.05,14.46,26.51,27.08,17.31,64.0,0.268,14.0,21.88,7.0,10.94,0.826,0.21399999999999997,32.84,17.39,12.65,30.04,31.5,18.42,46.0,0.326,11.0,23.91,2.0,4.35,0.883,0.209,22.68,11.76,15.51,27.27,28.41,16.18
745166,2024-06-08,2024,572761,L,641755,R,field_out,False,False,54.0,0.188,15.0,27.78,5.0,9.26,0.535,0.08300000000000002,30.11,12.79,19.18,31.96,21.7,26.32,220.0,0.167,64.0,29.09,38.0,17.27,0.616,0.1319999999999999,29.37,12.01,18.83,30.84,21.25,22.78,52.0,0.356,13.0,25.0,7.0,13.46,1.109,0.31100000000000005,30.19,14.16,13.27,27.43,25.6,18.57,30.0,0.304,6.0,20.0,4.0,13.33,0.8919999999999999,0.174,23.53,10.81,12.61,23.42,20.34,22.22
746057,2024-06-08,2024,680757,L,682610,R,single,False,False,119.0,0.349,9.0,7.56,9.0,7.56,0.9099999999999999,0.15100000000000002,7.07,2.93,23.65,26.58,18.46,7.32,494.0,0.272,52.0,10.53,50.0,10.12,0.73,0.1119999999999999,10.22,4.19,22.03,26.23,20.67,8.84,25.0,0.273,9.0,36.0,3.0,12.0,1.224,0.591,29.27,11.43,21.9,33.33,17.65,25.71,,,,,,,,,,,,,,
746057,2024-06-08,2024,665926,L,682610,R,field_out,False,False,179.0,0.258,28.0,15.64,11.0,6.15,0.6739999999999999,0.09399999999999997,25.33,13.99,11.95,25.95,37.1,13.17,419.0,0.243,86.0,20.53,24.0,5.73,0.712,0.162,26.46,14.29,12.8,27.09,38.97,17.27,25.0,0.273,9.0,36.0,3.0,12.0,1.224,0.591,29.27,11.43,21.9,33.33,17.65,25.71,,,,,,,,,,,,,,
746057,2024-06-08,2024,608070,L,682610,R,home_run,False,False,183.0,0.251,20.0,10.93,14.0,7.65,0.8380000000000001,0.276,13.71,6.67,13.86,20.52,30.17,8.85,461.0,0.302,48.0,10.41,54.0,11.71,0.863,0.179,15.4,6.98,13.91,20.89,28.02,10.17,25.0,0.273,9.0,36.0,3.0,12.0,1.224,0.591,29.27,11.43,21.9,33.33,17.65,25.71,,,,,,,,,,,,,,
746057,2024-06-08,2024,647304,L,682610,R,strikeout,True,False,172.0,0.23,22.0,12.79,18.0,10.47,0.8200000000000001,0.27,20.13,10.23,9.57,19.8,31.01,14.19,348.0,0.311,53.0,15.23,25.0,7.18,0.851,0.184,21.29,11.96,9.18,21.15,41.36,16.99,25.0,0.273,9.0,36.0,3.0,12.0,1.224,0.591,29.27,11.43,21.9,33.33,17.65,25.71,,,,,,,,,,,,,,
746057,2024-06-08,2024,665862,L,594902,R,field_out,False,False,174.0,0.255,41.0,23.56,16.0,9.2,0.761,0.178,28.36,13.21,13.91,27.12,29.57,20.3,290.0,0.275,91.0,31.38,20.0,6.9,0.8540000000000001,0.25,35.14,15.36,16.88,32.24,26.1,27.41,97.0,0.169,25.0,25.77,8.0,8.25,0.585,0.17899999999999996,21.51,10.15,18.27,28.43,20.32,20.49,201.0,0.296,36.0,17.91,15.0,7.46,0.918,0.2739999999999999,16.46,7.4,18.02,25.42,23.68,22.09
746057,2024-06-08,2024,650559,R,594902,R,field_out,False,False,174.0,0.228,46.0,26.44,15.0,8.62,0.73,0.209,32.95,16.48,13.61,30.09,31.45,23.71,473.0,0.251,107.0,22.62,29.0,6.13,0.717,0.1689999999999999,28.95,14.54,15.93,30.47,34.61,18.71,106.0,0.296,22.0,20.75,7.0,6.6,0.812,0.173,18.82,8.75,18.0,26.75,23.98,19.64,182.0,0.243,43.0,23.63,10.0,5.49,0.6990000000000001,0.159,25.16,11.53,19.16,30.69,25.39,23.5
746057,2024-06-08,2024,605137,L,594902,R,field_out,False,False,176.0,0.285,36.0,20.45,10.0,5.68,0.7689999999999999,0.139,29.79,15.81,10.65,26.45,27.85,23.33,432.0,0.239,93.0,21.53,39.0,9.03,0.6970000000000001,0.148,24.59,11.57,13.95,25.52,28.11,20.58,97.0,0.169,25.0,25.77,8.0,8.25,0.585,0.17899999999999996,21.51,10.15,18.27,28.43,20.32,20.49,201.0,0.296,36.0,17.91,15.0,7.46,0.918,0.2739999999999999,16.46,7.4,18.02,25.42,23.68,22.09
746057,2024-06-08,2024,681807,R,682610,R,field_out,False,False,74.0,0.297,13.0,17.57,6.0,8.11,0.847,0.172,18.71,9.32,14.7,24.01,24.43,14.94,63.0,0.246,19.0,30.16,3.0,4.76,0.727,0.175,29.77,16.96,13.91,30.87,36.11,25.0,41.0,0.162,10.0,24.39,4.0,9.76,0.5680000000000001,0.162,26.58,13.29,14.56,27.85,35.37,19.23,,,,,,,,,,,,,,
746057,2024-06-08,2024,700932,L,682610,R,strikeout,True,False,56.0,0.226,15.0,26.79,2.0,3.57,0.626,0.13199999999999998,24.76,11.4,17.98,29.39,23.15,22.39,,,,,,,,,,,,,,,25.0,0.273,9.0,36.0,3.0,12.0,1.224,0.591,29.27,11.43,21.9,33.33,17.65,25.71,,,,,,,,,,,,,,
746057,2024-06-08,2024,686823,L,682610,R,walk,False,True,158.0,0.245,20.0,12.66,12.0,7.59,0.688,0.133,18.52,9.96,11.78,21.74,34.17,15.04,369.0,0.279,45.0,12.2,14.0,3.79,0.6930000000000001,0.0999999999999999,17.97,10.23,12.48,22.71,38.5,12.47,25.0,0.273,9.0,36.0,3.0,12.0,1.224,0.591,29.27,11.43,21.9,33.33,17.65,25.71,,,,,,,,,,,,,,
746057,2024-06-08,2024,671289,R,682610,R,walk,False,True,155.0,0.23,23.0,14.84,10.0,6.45,0.677,0.13299999999999998,16.8,7.75,19.46,27.21,29.45,16.2,89.0,0.266,17.0,19.1,6.0,6.74,0.656,0.076,20.13,9.22,18.73,27.95,29.94,17.0,41.0,0.162,10.0,24.39,4.0,9.76,0.5680000000000001,0.162,26.58,13.29,14.56,27.85,35.37,19.23,,,,,,,,,,,,,,
746057,2024-06-08,2024,682177,L,682610,R,field_out,False,False,7.0,0.5,1.0,14.29,1.0,14.29,1.571,0.5,16.67,5.26,26.32,31.58,9.09,33.33,,,,,,,,,,,,,,,25.0,0.273,9.0,36.0,3.0,12.0,1.224,0.591,29.27,11.43,21.9,33.33,17.65,25.71,,,,,,,,,,,,,,
746057,2024-06-08,2024,669394,R,594902,R,field_out,False,False,114.0,0.262,29.0,25.44,6.0,5.26,0.7,0.14,24.02,12.44,17.01,29.44,37.81,26.36,402.0,0.247,112.0,27.86,23.0,5.72,0.8,0.249,34.59,18.69,13.25,31.93,39.43,23.09,106.0,0.296,22.0,20.75,7.0,6.6,0.812,0.173,18.82,8.75,18.0,26.75,23.98,19.64,182.0,0.243,43.0,23.63,10.0,5.49,0.6990000000000001,0.159,25.16,11.53,19.16,30.69,25.39,23.5
746057,2024-06-08,2024,660821,L,594902,R,field_out,False,False,158.0,0.271,34.0,21.52,10.0,6.33,0.7250000000000001,0.125,25.4,13.88,12.48,26.36,36.84,18.99,353.0,0.258,93.0,26.35,36.0,10.2,0.805,0.21,29.33,14.21,14.01,28.21,30.32,20.53,97.0,0.169,25.0,25.77,8.0,8.25,0.585,0.17899999999999996,21.51,10.15,18.27,28.43,20.32,20.49,201.0,0.296,36.0,17.91,15.0,7.46,0.918,0.2739999999999999,16.46,7.4,18.02,25.42,23.68,22.09
746057,2024-06-08,2024,669364,L,594902,R,strikeout,True,False,1.0,0.0,0.0,0.0,0.0,0.0,0.0,0.0,0.0,0.0,0.0,0.0,0.0,,66.0,0.306,7.0,10.61,2.0,3.03,0.683,0.0489999999999999,18.85,10.09,14.47,24.56,29.7,10.45,97.0,0.169,25.0,25.77,8.0,8.25,0.585,0.17899999999999996,21.51,10.15,18.27,28.43,20.32,20.49,201.0,0.296,36.0,17.91,15.0,7.46,0.918,0.2739999999999999,16.46,7.4,18.02,25.42,23.68,22.09
746057,2024-06-08,2024,680757,L,682610,R,walk,False,True,119.0,0.349,9.0,7.56,9.0,7.56,0.9099999999999999,0.15100000000000002,7.07,2.93,23.65,26.58,18.46,7.32,494.0,0.272,52.0,10.53,50.0,10.12,0.73,0.1119999999999999,10.22,4.19,22.03,26.23,20.67,8.84,25.0,0.273,9.0,36.0,3.0,12.0,1.224,0.591,29.27,11.43,21.9,33.33,17.65,25.71,,,,,,,,,,,,,,
746057,2024-06-08,2024,665926,L,682610,R,double,False,False,179.0,0.258,28.0,15.64,11.0,6.15,0.6739999999999999,0.09399999999999997,25.33,13.99,11.95,25.95,37.1,13.17,419.0,0.243,86.0,20.53,24.0,5.73,0.712,0.162,26.46,14.29,12.8,27.09,38.97,17.27,25.0,0.273,9.0,36.0,3.0,12.0,1.224,0.591,29.27,11.43,21.9,33.33,17.65,25.71,,,,,,,,,,,,,,
746057,2024-06-08,2024,608070,L,682610,R,field_out,False,False,183.0,0.251,20.0,10.93,14.0,7.65,0.8380000000000001,0.276,13.71,6.67,13.86,20.52,30.17,8.85,461.0,0.302,48.0,10.41,54.0,11.71,0.863,0.179,15.4,6.98,13.91,20.89,28.02,10.17,25.0,0.273,9.0,36.0,3.0,12.0,1.224,0.591,29.27,11.43,21.9,33.33,17.65,25.71,,,,,,,,,,,,,,
746057,2024-06-08,2024,647304,L,682610,R,single,False,False,172.0,0.23,22.0,12.79,18.0,10.47,0.8200000000000001,0.27,20.13,10.23,9.57,19.8,31.01,14.19,348.0,0.311,53.0,15.23,25.0,7.18,0.851,0.184,21.29,11.96,9.18,21.15,41.36,16.99,25.0,0.273,9.0,36.0,3.0,12.0,1.224,0.591,29.27,11.43,21.9,33.33,17.65,25.71,,,,,,,,,,,,,,
746057,2024-06-08,2024,681807,R,682610,R,grounded_into_double_play,False,False,74.0,0.297,13.0,17.57,6.0,8.11,0.847,0.172,18.71,9.32,14.7,24.01,24.43,14.94,63.0,0.246,19.0,30.16,3.0,4.76,0.727,0.175,29.77,16.96,13.91,30.87,36.11,25.0,41.0,0.162,10.0,24.39,4.0,9.76,0.5680000000000001,0.162,26.58,13.29,14.56,27.85,35.37,19.23,,,,,,,,,,,,,,
746057,2024-06-08,2024,624503,L,594902,R,field_out,False,False,146.0,0.239,32.0,21.92,6.0,4.11,0.646,0.138,30.03,18.01,10.34,28.35,44.91,19.39,83.0,0.16,10.0,12.05,1.0,1.2,0.48,0.149,20.99,12.19,10.39,22.58,38.35,12.82,97.0,0.169,25.0,25.77,8.0,8.25,0.585,0.17899999999999996,21.51,10.15,18.27,28.43,20.32,20.49,201.0,0.296,36.0,17.91,15.0,7.46,0.918,0.2739999999999999,16.46,7.4,18.02,25.42,23.68,22.09
746057,2024-06-08,2024,660644,L,594902,R,double,False,False,87.0,0.262,13.0,14.94,5.0,5.75,0.6970000000000001,0.11299999999999999,23.31,12.18,13.14,25.32,23.02,13.83,63.0,0.196,17.0,26.98,4.0,6.35,0.494,0.036,25.62,13.36,13.79,27.16,31.45,26.98,97.0,0.169,25.0,25.77,8.0,8.25,0.585,0.17899999999999996,21.51,10.15,18.27,28.43,20.32,20.49,201.0,0.296,36.0,17.91,15.0,7.46,0.918,0.2739999999999999,16.46,7.4,18.02,25.42,23.68,22.09
746057,2024-06-08,2024,542194,R,594902,R,field_out,False,False,46.0,0.146,12.0,26.09,2.0,4.35,0.4,0.049000000000000016,29.52,18.02,9.88,27.91,48.45,20.0,259.0,0.236,69.0,26.64,9.0,3.47,0.631,0.134,37.41,21.77,10.72,32.49,43.56,25.27,106.0,0.296,22.0,20.75,7.0,6.6,0.812,0.173,18.82,8.75,18.0,26.75,23.98,19.64,182.0,0.243,43.0,23.63,10.0,5.49,0.6990000000000001,0.159,25.16,11.53,19.16,30.69,25.39,23.5
746057,2024-06-08,2024,665862,L,594902,R,field_out,False,False,174.0,0.255,41.0,23.56,16.0,9.2,0.761,0.178,28.36,13.21,13.91,27.12,29.57,20.3,290.0,0.275,91.0,31.38,20.0,6.9,0.8540000000000001,0.25,35.14,15.36,16.88,32.24,26.1,27.41,97.0,0.169,25.0,25.77,8.0,8.25,0.585,0.17899999999999996,21.51,10.15,18.27,28.43,20.32,20.49,201.0,0.296,36.0,17.91,15.0,7.46,0.918,0.2739999999999999,16.46,7.4,18.02,25.42,23.68,22.09
746057,2024-06-08,2024,700932,L,682610,R,field_out,False,False,56.0,0.226,15.0,26.79,2.0,3.57,0.626,0.13199999999999998,24.76,11.4,17.98,29.39,23.15,22.39,,,,,,,,,,,,,,,25.0,0.273,9.0,36.0,3.0,12.0,1.224,0.591,29.27,11.43,21.9,33.33,17.65,25.71,,,,,,,,,,,,,,
746057,2024-06-08,2024,686823,L,682610,R,strikeout,True,False,158.0,0.245,20.0,12.66,12.0,7.59,0.688,0.133,18.52,9.96,11.78,21.74,34.17,15.04,369.0,0.279,45.0,12.2,14.0,3.79,0.6930000000000001,0.0999999999999999,17.97,10.23,12.48,22.71,38.5,12.47,25.0,0.273,9.0,36.0,3.0,12.0,1.224,0.591,29.27,11.43,21.9,33.33,17.65,25.71,,,,,,,,,,,,,,
746057,2024-06-08,2024,671289,R,682610,R,field_out,False,False,155.0,0.23,23.0,14.84,10.0,6.45,0.677,0.13299999999999998,16.8,7.75,19.46,27.21,29.45,16.2,89.0,0.266,17.0,19.1,6.0,6.74,0.656,0.076,20.13,9.22,18.73,27.95,29.94,17.0,41.0,0.162,10.0,24.39,4.0,9.76,0.5680000000000001,0.162,26.58,13.29,14.56,27.85,35.37,19.23,,,,,,,,,,,,,,
746057,2024-06-08,2024,650559,R,594902,R,field_out,False,False,174.0,0.228,46.0,26.44,15.0,8.62,0.73,0.209,32.95,16.48,13.61,30.09,31.45,23.71,473.0,0.251,107.0,22.62,29.0,6.13,0.717,0.1689999999999999,28.95,14.54,15.93,30.47,34.61,18.71,106.0,0.296,22.0,20.75,7.0,6.6,0.812,0.173,18.82,8.75,18.0,26.75,23.98,19.64,182.0,0.243,43.0,23.63,10.0,5.49,0.6990000000000001,0.159,25.16,11.53,19.16,30.69,25.39,23.5
746057,2024-06-08,2024,605137,L,594902,R,single,False,False,176.0,0.285,36.0,20.45,10.0,5.68,0.7689999999999999,0.139,29.79,15.81,10.65,26.45,27.85,23.33,432.0,0.239,93.0,21.53,39.0,9.03,0.6970000000000001,0.148,24.59,11.57,13.95,25.52,28.11,20.58,97.0,0.169,25.0,25.77,8.0,8.25,0.585,0.17899999999999996,21.51,10.15,18.27,28.43,20.32,20.49,201.0,0.296,36.0,17.91,15.0,7.46,0.918,0.2739999999999999,16.46,7.4,18.02,25.42,23.68,22.09
746057,2024-06-08,2024,669394,R,594902,R,field_out,False,False,114.0,0.262,29.0,25.44,6.0,5.26,0.7,0.14,24.02,12.44,17.01,29.44,37.81,26.36,402.0,0.247,112.0,27.86,23.0,5.72,0.8,0.249,34.59,18.69,13.25,31.93,39.43,23.09,106.0,0.296,22.0,20.75,7.0,6.6,0.812,0.173,18.82,8.75,18.0,26.75,23.98,19.64,182.0,0.243,43.0,23.63,10.0,5.49,0.6990000000000001,0.159,25.16,11.53,19.16,30.69,25.39,23.5
746057,2024-06-08,2024,660821,L,594902,R,field_out,False,False,158.0,0.271,34.0,21.52,10.0,6.33,0.7250000000000001,0.125,25.4,13.88,12.48,26.36,36.84,18.99,353.0,0.258,93.0,26.35,36.0,10.2,0.805,0.21,29.33,14.21,14.01,28.21,30.32,20.53,97.0,0.169,25.0,25.77,8.0,8.25,0.585,0.17899999999999996,21.51,10.15,18.27,28.43,20.32,20.49,201.0,0.296,36.0,17.91,15.0,7.46,0.918,0.2739999999999999,16.46,7.4,18.02,25.42,23.68,22.09
746057,2024-06-08,2024,682177,L,682610,R,walk,False,True,7.0,0.5,1.0,14.29,1.0,14.29,1.571,0.5,16.67,5.26,26.32,31.58,9.09,33.33,,,,,,,,,,,,,,,25.0,0.273,9.0,36.0,3.0,12.0,1.224,0.591,29.27,11.43,21.9,33.33,17.65,25.71,,,,,,,,,,,,,,
746057,2024-06-08,2024,680757,L,682610,R,home_run,False,False,119.0,0.349,9.0,7.56,9.0,7.56,0.9099999999999999,0.15100000000000002,7.07,2.93,23.65,26.58,18.46,7.32,494.0,0.272,52.0,10.53,50.0,10.12,0.73,0.1119999999999999,10.22,4.19,22.03,26.23,20.67,8.84,25.0,0.273,9.0,36.0,3.0,12.0,1.224,0.591,29.27,11.43,21.9,33.33,17.65,25.71,,,,,,,,,,,,,,
746057,2024-06-08,2024,665926,L,686539,R,single,False,False,179.0,0.258,28.0,15.64,11.0,6.15,0.6739999999999999,0.09399999999999997,25.33,13.99,11.95,25.95,37.1,13.17,419.0,0.243,86.0,20.53,24.0,5.73,0.712,0.162,26.46,14.29,12.8,27.09,38.97,17.27,37.0,0.258,6.0,16.22,5.0,13.51,0.6679999999999999,0.03199999999999997,22.81,10.92,15.97,26.89,27.66,23.08,24.0,0.429,2.0,8.33,3.0,12.5,1.262,0.333,6.45,2.44,19.51,21.95,10.53,7.14
746057,2024-06-08,2024,608070,L,686539,R,walk,False,True,183.0,0.251,20.0,10.93,14.0,7.65,0.8380000000000001,0.276,13.71,6.67,13.86,20.52,30.17,8.85,461.0,0.302,48.0,10.41,54.0,11.71,0.863,0.179,15.4,6.98,13.91,20.89,28.02,10.17,37.0,0.258,6.0,16.22,5.0,13.51,0.6679999999999999,0.03199999999999997,22.81,10.92,15.97,26.89,27.66,23.08,24.0,0.429,2.0,8.33,3.0,12.5,1.262,0.333,6.45,2.44,19.51,21.95,10.53,7.14
746057,2024-06-08,2024,647304,L,686539,R,single,False,False,172.0,0.23,22.0,12.79,18.0,10.47,0.8200000000000001,0.27,20.13,10.23,9.57,19.8,31.01,14.19,348.0,0.311,53.0,15.23,25.0,7.18,0.851,0.184,21.29,11.96,9.18,21.15,41.36,16.99,37.0,0.258,6.0,16.22,5.0,13.51,0.6679999999999999,0.03199999999999997,22.81,10.92,15.97,26.89,27.66,23.08,24.0,0.429,2.0,8.33,3.0,12.5,1.262,0.333,6.45,2.44,19.51,21.95,10.53,7.14
746057,2024-06-08,2024,681807,R,686539,R,double,False,False,74.0,0.297,13.0,17.57,6.0,8.11,0.847,0.172,18.71,9.32,14.7,24.01,24.43,14.94,63.0,0.246,19.0,30.16,3.0,4.76,0.727,0.175,29.77,16.96,13.91,30.87,36.11,25.0,86.0,0.221,23.0,26.74,7.0,8.14,0.523,0.0,32.93,16.22,13.81,30.03,26.67,24.73,27.0,0.095,6.0,22.22,4.0,14.81,0.534,0.143,23.53,10.81,15.32,26.13,33.33,16.22
746057,2024-06-08,2024,700932,L,686539,R,sac_fly,False,False,56.0,0.226,15.0,26.79,2.0,3.57,0.626,0.13199999999999998,24.76,11.4,17.98,29.39,23.15,22.39,,,,,,,,,,,,,,,37.0,0.258,6.0,16.22,5.0,13.51,0.6679999999999999,0.03199999999999997,22.81,10.92,15.97,26.89,27.66,23.08,24.0,0.429,2.0,8.33,3.0,12.5,1.262,0.333,6.45,2.44,19.51,21.95,10.53,7.14
746057,2024-06-08,2024,686823,L,686539,R,single,False,False,158.0,0.245,20.0,12.66,12.0,7.59,0.688,0.133,18.52,9.96,11.78,21.74,34.17,15.04,369.0,0.279,45.0,12.2,14.0,3.79,0.6930000000000001,0.0999999999999999,17.97,10.23,12.48,22.71,38.5,12.47,37.0,0.258,6.0,16.22,5.0,13.51,0.6679999999999999,0.03199999999999997,22.81,10.92,15.97,26.89,27.66,23.08,24.0,0.429,2.0,8.33,3.0,12.5,1.262,0.333,6.45,2.44,19.51,21.95,10.53,7.14
746057,2024-06-08,2024,671289,R,623211,R,field_out,False,False,155.0,0.23,23.0,14.84,10.0,6.45,0.677,0.13299999999999998,16.8,7.75,19.46,27.21,29.45,16.2,89.0,0.266,17.0,19.1,6.0,6.74,0.656,0.076,20.13,9.22,18.73,27.95,29.94,17.0,12.0,0.2,4.0,33.33,1.0,8.33,0.533,0.0,30.3,17.86,8.93,26.79,41.38,18.18,161.0,0.209,46.0,28.57,20.0,12.42,0.618,0.0819999999999999,31.65,14.73,15.91,30.63,34.11,20.72
746057,2024-06-08,2024,682177,L,623211,R,walk,False,True,7.0,0.5,1.0,14.29,1.0,14.29,1.571,0.5,16.67,5.26,26.32,31.58,9.09,33.33,,,,,,,,,,,,,,,7.0,0.0,2.0,28.57,3.0,42.86,0.429,0.0,50.0,17.65,8.82,26.47,20.83,33.33,96.0,0.298,19.0,19.79,11.0,11.46,0.815,0.142,31.52,15.03,14.45,29.48,33.7,20.43
746057,2024-06-08,2024,680757,L,623211,R,field_out,False,False,119.0,0.349,9.0,7.56,9.0,7.56,0.9099999999999999,0.15100000000000002,7.07,2.93,23.65,26.58,18.46,7.32,494.0,0.272,52.0,10.53,50.0,10.12,0.73,0.1119999999999999,10.22,4.19,22.03,26.23,20.67,8.84,7.0,0.0,2.0,28.57,3.0,42.86,0.429,0.0,50.0,17.65,8.82,26.47,20.83,33.33,96.0,0.298,19.0,19.79,11.0,11.46,0.815,0.142,31.52,15.03,14.45,29.48,33.7,20.43
746057,2024-06-08,2024,669364,L,594902,R,single,False,False,1.0,0.0,0.0,0.0,0.0,0.0,0.0,0.0,0.0,0.0,0.0,0.0,0.0,,66.0,0.306,7.0,10.61,2.0,3.03,0.683,0.0489999999999999,18.85,10.09,14.47,24.56,29.7,10.45,97.0,0.169,25.0,25.77,8.0,8.25,0.585,0.17899999999999996,21.51,10.15,18.27,28.43,20.32,20.49,201.0,0.296,36.0,17.91,15.0,7.46,0.918,0.2739999999999999,16.46,7.4,18.02,25.42,23.68,22.09
746057,2024-06-08,2024,624503,L,594902,R,force_out,False,False,146.0,0.239,32.0,21.92,6.0,4.11,0.646,0.138,30.03,18.01,10.34,28.35,44.91,19.39,83.0,0.16,10.0,12.05,1.0,1.2,0.48,0.149,20.99,12.19,10.39,22.58,38.35,12.82,97.0,0.169,25.0,25.77,8.0,8.25,0.585,0.17899999999999996,21.51,10.15,18.27,28.43,20.32,20.49,201.0,0.296,36.0,17.91,15.0,7.46,0.918,0.2739999999999999,16.46,7.4,18.02,25.42,23.68,22.09
746057,2024-06-08,2024,660644,L,594902,R,field_out,False,False,87.0,0.262,13.0,14.94,5.0,5.75,0.6970000000000001,0.11299999999999999,23.31,12.18,13.14,25.32,23.02,13.83,63.0,0.196,17.0,26.98,4.0,6.35,0.494,0.036,25.62,13.36,13.79,27.16,31.45,26.98,97.0,0.169,25.0,25.77,8.0,8.25,0.585,0.17899999999999996,21.51,10.15,18.27,28.43,20.32,20.49,201.0,0.296,36.0,17.91,15.0,7.46,0.918,0.2739999999999999,16.46,7.4,18.02,25.42,23.68,22.09
746057,2024-06-08,2024,542194,R,594902,R,force_out,False,False,46.0,0.146,12.0,26.09,2.0,4.35,0.4,0.049000000000000016,29.52,18.02,9.88,27.91,48.45,20.0,259.0,0.236,69.0,26.64,9.0,3.47,0.631,0.134,37.41,21.77,10.72,32.49,43.56,25.27,106.0,0.296,22.0,20.75,7.0,6.6,0.812,0.173,18.82,8.75,18.0,26.75,23.98,19.64,182.0,0.243,43.0,23.63,10.0,5.49,0.6990000000000001,0.159,25.16,11.53,19.16,30.69,25.39,23.5
746057,2024-06-08,2024,665926,L,623211,R,field_out,False,False,179.0,0.258,28.0,15.64,11.0,6.15,0.6739999999999999,0.09399999999999997,25.33,13.99,11.95,25.95,37.1,13.17,419.0,0.243,86.0,20.53,24.0,5.73,0.712,0.162,26.46,14.29,12.8,27.09,38.97,17.27,7.0,0.0,2.0,28.57,3.0,42.86,0.429,0.0,50.0,17.65,8.82,26.47,20.83,33.33,96.0,0.298,19.0,19.79,11.0,11.46,0.815,0.142,31.52,15.03,14.45,29.48,33.7,20.43
746057,2024-06-08,2024,608070,L,623211,R,field_out,False,False,183.0,0.251,20.0,10.93,14.0,7.65,0.8380000000000001,0.276,13.71,6.67,13.86,20.52,30.17,8.85,461.0,0.302,48.0,10.41,54.0,11.71,0.863,0.179,15.4,6.98,13.91,20.89,28.02,10.17,7.0,0.0,2.0,28.57,3.0,42.86,0.429,0.0,50.0,17.65,8.82,26.47,20.83,33.33,96.0,0.298,19.0,19.79,11.0,11.46,0.815,0.142,31.52,15.03,14.45,29.48,33.7,20.43
746057,2024-06-08,2024,647304,L,623211,R,field_out,False,False,172.0,0.23,22.0,12.79,18.0,10.47,0.8200000000000001,0.27,20.13,10.23,9.57,19.8,31.01,14.19,348.0,0.311,53.0,15.23,25.0,7.18,0.851,0.184,21.29,11.96,9.18,21.15,41.36,16.99,7.0,0.0,2.0,28.57,3.0,42.86,0.429,0.0,50.0,17.65,8.82,26.47,20.83,33.33,96.0,0.298,19.0,19.79,11.0,11.46,0.815,0.142,31.52,15.03,14.45,29.48,33.7,20.43
746057,2024-06-08,2024,665862,L,656529,L,single,False,False,88.0,0.235,22.0,25.0,6.0,6.82,0.69,0.16000000000000003,25.75,11.81,17.03,28.85,27.87,17.32,94.0,0.172,27.0,28.72,6.0,6.38,0.479,0.081,39.88,19.01,18.18,37.19,30.36,25.23,14.0,0.154,4.0,28.57,0.0,0.0,0.616,0.30800000000000005,23.81,11.11,26.67,37.78,36.84,28.57,81.0,0.28,19.0,23.46,5.0,6.17,0.7210000000000001,0.12,24.82,11.6,16.72,28.33,29.05,30.16
746057,2024-06-08,2024,650559,R,656529,L,strikeout,True,False,94.0,0.295,20.0,21.28,4.0,4.26,0.739,0.11399999999999999,26.6,14.58,12.24,26.82,29.45,23.81,154.0,0.277,35.0,22.73,11.0,7.14,0.708,0.1059999999999999,27.76,13.7,15.51,29.21,33.53,19.77,23.0,0.182,5.0,21.74,1.0,4.35,0.49,0.09100000000000003,26.32,13.16,17.11,30.26,35.9,27.78,142.0,0.248,37.0,26.06,13.0,9.15,0.619,0.0539999999999999,28.86,12.59,20.21,32.8,25.09,22.84
746057,2024-06-08,2024,605137,R,656529,L,field_out,False,False,92.0,0.198,14.0,15.22,10.0,10.87,0.641,0.15999999999999998,23.45,9.94,15.79,25.73,27.98,17.72,186.0,0.265,41.0,22.04,24.0,12.9,0.854,0.2289999999999999,28.46,13.82,12.89,26.71,26.88,18.81,23.0,0.182,5.0,21.74,1.0,4.35,0.49,0.09100000000000003,26.32,13.16,17.11,30.26,35.9,27.78,142.0,0.248,37.0,26.06,13.0,9.15,0.619,0.0539999999999999,28.86,12.59,20.21,32.8,25.09,22.84
746057,2024-06-08,2024,669394,R,656529,L,strikeout,True,False,58.0,0.164,12.0,20.69,2.0,3.45,0.39,0.036000000000000004,28.7,15.2,17.16,32.35,42.42,21.82,139.0,0.26,37.0,26.62,9.0,6.47,0.907,0.3229999999999999,32.62,17.56,12.21,29.77,35.74,24.5,23.0,0.182,5.0,21.74,1.0,4.35,0.49,0.09100000000000003,26.32,13.16,17.11,30.26,35.9,27.78,142.0,0.248,37.0,26.06,13.0,9.15,0.619,0.0539999999999999,28.86,12.59,20.21,32.8,25.09,22.84
746057,2024-06-08,2024,681807,R,623211,R,field_out,False,False,74.0,0.297,13.0,17.57,6.0,8.11,0.847,0.172,18.71,9.32,14.7,24.01,24.43,14.94,63.0,0.246,19.0,30.16,3.0,4.76,0.727,0.175,29.77,16.96,13.91,30.87,36.11,25.0,12.0,0.2,4.0,33.33,1.0,8.33,0.533,0.0,30.3,17.86,8.93,26.79,41.38,18.18,161.0,0.209,46.0,28.57,20.0,12.42,0.618,0.0819999999999999,31.65,14.73,15.91,30.63,34.11,20.72
746057,2024-06-08,2024,700932,L,623211,R,single,False,False,56.0,0.226,15.0,26.79,2.0,3.57,0.626,0.13199999999999998,24.76,11.4,17.98,29.39,23.15,22.39,,,,,,,,,,,,,,,7.0,0.0,2.0,28.57,3.0,42.86,0.429,0.0,50.0,17.65,8.82,26.47,20.83,33.33,96.0,0.298,19.0,19.79,11.0,11.46,0.815,0.142,31.52,15.03,14.45,29.48,33.7,20.43
746057,2024-06-08,2024,686823,L,623211,R,force_out,False,False,158.0,0.245,20.0,12.66,12.0,7.59,0.688,0.133,18.52,9.96,11.78,21.74,34.17,15.04,369.0,0.279,45.0,12.2,14.0,3.79,0.6930000000000001,0.0999999999999999,17.97,10.23,12.48,22.71,38.5,12.47,7.0,0.0,2.0,28.57,3.0,42.86,0.429,0.0,50.0,17.65,8.82,26.47,20.83,33.33,96.0,0.298,19.0,19.79,11.0,11.46,0.815,0.142,31.52,15.03,14.45,29.48,33.7,20.43
746057,2024-06-08,2024,671289,R,623211,R,field_out,False,False,155.0,0.23,23.0,14.84,10.0,6.45,0.677,0.13299999999999998,16.8,7.75,19.46,27.21,29.45,16.2,89.0,0.266,17.0,19.1,6.0,6.74,0.656,0.076,20.13,9.22,18.73,27.95,29.94,17.0,12.0,0.2,4.0,33.33,1.0,8.33,0.533,0.0,30.3,17.86,8.93,26.79,41.38,18.18,161.0,0.209,46.0,28.57,20.0,12.42,0.618,0.0819999999999999,31.65,14.73,15.91,30.63,34.11,20.72
746057,2024-06-08,2024,660821,L,658648,R,field_out,False,False,158.0,0.271,34.0,21.52,10.0,6.33,0.7250000000000001,0.125,25.4,13.88,12.48,26.36,36.84,18.99,353.0,0.258,93.0,26.35,36.0,10.2,0.805,0.21,29.33,14.21,14.01,28.21,30.32,20.53,46.0,0.15,14.0,30.43,3.0,6.52,0.396,0.05000000000000002,27.85,11.76,18.72,30.48,30.56,29.17,96.0,0.188,19.0,19.79,14.0,14.58,0.5780000000000001,0.074,21.64,9.25,15.0,24.25,24.89,16.1
746057,2024-06-08,2024,669364,L,658648,R,walk,False,True,1.0,0.0,0.0,0.0,0.0,0.0,0.0,0.0,0.0,0.0,0.0,0.0,0.0,,66.0,0.306,7.0,10.61,2.0,3.03,0.683,0.0489999999999999,18.85,10.09,14.47,24.56,29.7,10.45,46.0,0.15,14.0,30.43,3.0,6.52,0.396,0.05000000000000002,27.85,11.76,18.72,30.48,30.56,29.17,96.0,0.188,19.0,19.79,14.0,14.58,0.5780000000000001,0.074,21.64,9.25,15.0,24.25,24.89,16.1
746057,2024-06-08,2024,624503,L,658648,R,strikeout,True,False,146.0,0.239,32.0,21.92,6.0,4.11,0.646,0.138,30.03,18.01,10.34,28.35,44.91,19.39,83.0,0.16,10.0,12.05,1.0,1.2,0.48,0.149,20.99,12.19,10.39,22.58,38.35,12.82,46.0,0.15,14.0,30.43,3.0,6.52,0.396,0.05000000000000002,27.85,11.76,18.72,30.48,30.56,29.17,96.0,0.188,19.0,19.79,14.0,14.58,0.5780000000000001,0.074,21.64,9.25,15.0,24.25,24.89,16.1
746057,2024-06-08,2024,660644,L,658648,R,walk,False,True,87.0,0.262,13.0,14.94,5.0,5.75,0.6970000000000001,0.11299999999999999,23.31,12.18,13.14,25.32,23.02,13.83,63.0,0.196,17.0,26.98,4.0,6.35,0.494,0.036,25.62,13.36,13.79,27.16,31.45,26.98,46.0,0.15,14.0,30.43,3.0,6.52,0.396,0.05000000000000002,27.85,11.76,18.72,30.48,30.56,29.17,96.0,0.188,19.0,19.79,14.0,14.58,0.5780000000000001,0.074,21.64,9.25,15.0,24.25,24.89,16.1
746057,2024-06-08,2024,542194,R,658648,R,strikeout,True,False,46.0,0.146,12.0,26.09,2.0,4.35,0.4,0.049000000000000016,29.52,18.02,9.88,27.91,48.45,20.0,259.0,0.236,69.0,26.64,9.0,3.47,0.631,0.134,37.41,21.77,10.72,32.49,43.56,25.27,74.0,0.292,17.0,22.97,6.0,8.11,0.924,0.26200000000000007,27.01,14.18,12.64,26.82,33.08,21.79,125.0,0.262,35.0,28.0,11.0,8.8,0.743,0.131,34.03,16.36,15.35,31.72,30.53,20.0
746057,2024-06-08,2024,682177,L,623211,R,single,False,False,7.0,0.5,1.0,14.29,1.0,14.29,1.571,0.5,16.67,5.26,26.32,31.58,9.09,33.33,,,,,,,,,,,,,,,7.0,0.0,2.0,28.57,3.0,42.86,0.429,0.0,50.0,17.65,8.82,26.47,20.83,33.33,96.0,0.298,19.0,19.79,11.0,11.46,0.815,0.142,31.52,15.03,14.45,29.48,33.7,20.43
746057,2024-06-08,2024,680757,L,623211,R,walk,False,True,119.0,0.349,9.0,7.56,9.0,7.56,0.9099999999999999,0.15100000000000002,7.07,2.93,23.65,26.58,18.46,7.32,494.0,0.272,52.0,10.53,50.0,10.12,0.73,0.1119999999999999,10.22,4.19,22.03,26.23,20.67,8.84,7.0,0.0,2.0,28.57,3.0,42.86,0.429,0.0,50.0,17.65,8.82,26.47,20.83,33.33,96.0,0.298,19.0,19.79,11.0,11.46,0.815,0.142,31.52,15.03,14.45,29.48,33.7,20.43
746057,2024-06-08,2024,665926,L,623211,R,grounded_into_double_play,False,False,179.0,0.258,28.0,15.64,11.0,6.15,0.6739999999999999,0.09399999999999997,25.33,13.99,11.95,25.95,37.1,13.17,419.0,0.243,86.0,20.53,24.0,5.73,0.712,0.162,26.46,14.29,12.8,27.09,38.97,17.27,7.0,0.0,2.0,28.57,3.0,42.86,0.429,0.0,50.0,17.65,8.82,26.47,20.83,33.33,96.0,0.298,19.0,19.79,11.0,11.46,0.815,0.142,31.52,15.03,14.45,29.48,33.7,20.43
746057,2024-06-08,2024,608070,L,623211,R,field_out,False,False,183.0,0.251,20.0,10.93,14.0,7.65,0.8380000000000001,0.276,13.71,6.67,13.86,20.52,30.17,8.85,461.0,0.302,48.0,10.41,54.0,11.71,0.863,0.179,15.4,6.98,13.91,20.89,28.02,10.17,7.0,0.0,2.0,28.57,3.0,42.86,0.429,0.0,50.0,17.65,8.82,26.47,20.83,33.33,96.0,0.298,19.0,19.79,11.0,11.46,0.815,0.142,31.52,15.03,14.45,29.48,33.7,20.43
746057,2024-06-08,2024,656484,L,658648,R,field_out,False,False,5.0,0.0,2.0,40.0,0.0,0.0,0.0,0.0,45.45,23.81,9.52,33.33,27.27,50.0,5.0,0.4,0.0,0.0,0.0,0.0,1.4,0.6,20.0,14.29,0.0,14.29,50.0,0.0,46.0,0.15,14.0,30.43,3.0,6.52,0.396,0.05000000000000002,27.85,11.76,18.72,30.48,30.56,29.17,96.0,0.188,19.0,19.79,14.0,14.58,0.5780000000000001,0.074,21.64,9.25,15.0,24.25,24.89,16.1
746057,2024-06-08,2024,650559,R,658648,R,strikeout,True,False,174.0,0.228,46.0,26.44,15.0,8.62,0.73,0.209,32.95,16.48,13.61,30.09,31.45,23.71,473.0,0.251,107.0,22.62,29.0,6.13,0.717,0.1689999999999999,28.95,14.54,15.93,30.47,34.61,18.71,74.0,0.292,17.0,22.97,6.0,8.11,0.924,0.26200000000000007,27.01,14.18,12.64,26.82,33.08,21.79,125.0,0.262,35.0,28.0,11.0,8.8,0.743,0.131,34.03,16.36,15.35,31.72,30.53,20.0
746057,2024-06-08,2024,667472,R,658648,R,strikeout,True,False,17.0,0.2,7.0,41.18,2.0,11.76,0.494,0.0,27.27,11.25,21.25,32.5,27.91,23.33,50.0,0.213,15.0,30.0,2.0,4.0,0.538,0.0849999999999999,23.71,11.79,17.95,29.74,31.82,22.39,74.0,0.292,17.0,22.97,6.0,8.11,0.924,0.26200000000000007,27.01,14.18,12.64,26.82,33.08,21.79,125.0,0.262,35.0,28.0,11.0,8.8,0.743,0.131,34.03,16.36,15.35,31.72,30.53,20.0
746057,2024-06-08,2024,647304,L,656896,R,field_out,False,False,172.0,0.23,22.0,12.79,18.0,10.47,0.8200000000000001,0.27,20.13,10.23,9.57,19.8,31.01,14.19,348.0,0.311,53.0,15.23,25.0,7.18,0.851,0.184,21.29,11.96,9.18,21.15,41.36,16.99,3.0,0.667,0.0,0.0,0.0,0.0,1.334,0.0,0.0,0.0,0.0,0.0,50.0,,,,,,,,,,,,,,,
746057,2024-06-08,2024,681807,R,656896,R,single,False,False,74.0,0.297,13.0,17.57,6.0,8.11,0.847,0.172,18.71,9.32,14.7,24.01,24.43,14.94,63.0,0.246,19.0,30.16,3.0,4.76,0.727,0.175,29.77,16.96,13.91,30.87,36.11,25.0,5.0,0.5,0.0,0.0,0.0,0.0,1.85,0.75,14.29,6.67,20.0,26.67,28.57,0.0,,,,,,,,,,,,,,
746057,2024-06-08,2024,700932,L,656896,R,field_out,False,False,56.0,0.226,15.0,26.79,2.0,3.57,0.626,0.13199999999999998,24.76,11.4,17.98,29.39,23.15,22.39,,,,,,,,,,,,,,,3.0,0.667,0.0,0.0,0.0,0.0,1.334,0.0,0.0,0.0,0.0,0.0,50.0,,,,,,,,,,,,,,,
746057,2024-06-08,2024,686823,L,656896,R,field_out,False,False,158.0,0.245,20.0,12.66,12.0,7.59,0.688,0.133,18.52,9.96,11.78,21.74,34.17,15.04,369.0,0.279,45.0,12.2,14.0,3.79,0.6930000000000001,0.0999999999999999,17.97,10.23,12.48,22.71,38.5,12.47,3.0,0.667,0.0,0.0,0.0,0.0,1.334,0.0,0.0,0.0,0.0,0.0,50.0,,,,,,,,,,,,,,,
746057,2024-06-08,2024,669394,R,658648,R,field_out,False,False,114.0,0.262,29.0,25.44,6.0,5.26,0.7,0.14,24.02,12.44,17.01,29.44,37.81,26.36,402.0,0.247,112.0,27.86,23.0,5.72,0.8,0.249,34.59,18.69,13.25,31.93,39.43,23.09,74.0,0.292,17.0,22.97,6.0,8.11,0.924,0.26200000000000007,27.01,14.18,12.64,26.82,33.08,21.79,125.0,0.262,35.0,28.0,11.0,8.8,0.743,0.131,34.03,16.36,15.35,31.72,30.53,20.0
746057,2024-06-08,2024,660821,L,658648,R,strikeout,True,False,158.0,0.271,34.0,21.52,10.0,6.33,0.7250000000000001,0.125,25.4,13.88,12.48,26.36,36.84,18.99,353.0,0.258,93.0,26.35,36.0,10.2,0.805,0.21,29.33,14.21,14.01,28.21,30.32,20.53,46.0,0.15,14.0,30.43,3.0,6.52,0.396,0.05000000000000002,27.85,11.76,18.72,30.48,30.56,29.17,96.0,0.188,19.0,19.79,14.0,14.58,0.5780000000000001,0.074,21.64,9.25,15.0,24.25,24.89,16.1
746057,2024-06-08,2024,669364,L,658648,R,strikeout,True,False,1.0,0.0,0.0,0.0,0.0,0.0,0.0,0.0,0.0,0.0,0.0,0.0,0.0,,66.0,0.306,7.0,10.61,2.0,3.03,0.683,0.0489999999999999,18.85,10.09,14.47,24.56,29.7,10.45,46.0,0.15,14.0,30.43,3.0,6.52,0.396,0.05000000000000002,27.85,11.76,18.72,30.48,30.56,29.17,96.0,0.188,19.0,19.79,14.0,14.58,0.5780000000000001,0.074,21.64,9.25,15.0,24.25,24.89,16.1
745735,2024-06-08,2024,605141,R,641482,L,field_out,False,False,89.0,0.316,7.0,7.87,10.0,11.24,0.874,0.16499999999999998,11.11,4.11,21.37,25.48,21.61,7.45,184.0,0.3,22.0,11.96,30.0,16.3,1.097,0.373,13.08,4.64,20.77,25.41,13.65,12.72,255.0,0.237,60.0,23.53,11.0,4.31,0.6839999999999999,0.174,23.25,12.0,15.12,27.12,28.93,18.61,221.0,0.261,53.0,23.98,18.0,8.14,0.797,0.206,22.32,10.86,15.63,26.5,25.23,18.86
745735,2024-06-08,2024,660271,L,641482,L,strikeout,True,False,94.0,0.299,22.0,23.4,6.0,6.38,0.788,0.14900000000000002,27.38,12.43,18.38,30.81,26.92,20.37,170.0,0.245,44.0,25.88,27.0,15.88,0.897,0.287,30.62,13.88,13.59,27.47,31.74,23.04,50.0,0.217,14.0,28.0,4.0,8.0,0.541,0.04400000000000001,27.37,14.21,16.39,30.6,21.05,24.14,45.0,0.163,14.0,31.11,2.0,4.44,0.526,0.163,33.71,17.86,19.64,37.5,31.43,22.22
745735,2024-06-08,2024,518692,L,641482,L,field_out,False,False,104.0,0.23,18.0,17.31,10.0,9.62,0.6859999999999999,0.12599999999999997,21.9,11.59,12.34,23.93,31.28,13.33,218.0,0.335,40.0,18.35,15.0,6.88,1.008,0.2739999999999999,21.54,11.31,11.07,22.38,26.41,16.0,50.0,0.217,14.0,28.0,4.0,8.0,0.541,0.04400000000000001,27.37,14.21,16.39,30.6,21.05,24.14,45.0,0.163,14.0,31.11,2.0,4.44,0.526,0.163,33.71,17.86,19.64,37.5,31.43,22.22
745735,2024-06-08,2024,683011,R,694813,R,single,False,False,223.0,0.288,46.0,20.63,17.0,7.62,0.8009999999999999,0.16100000000000003,21.87,10.29,18.84,29.13,29.49,18.11,467.0,0.198,132.0,28.27,36.0,7.71,0.624,0.1579999999999999,28.15,13.53,17.49,31.02,29.16,23.4,139.0,0.235,26.0,18.71,5.0,3.6,0.6020000000000001,0.10600000000000004,25.65,13.77,14.17,27.94,31.78,19.12,87.0,0.351,11.0,12.64,8.0,9.2,1.074,0.298,26.14,12.82,15.71,28.53,30.57,12.64
745735,2024-06-08,2024,657077,L,694813,R,single,False,False,183.0,0.259,21.0,11.48,13.0,7.1,0.746,0.181,12.65,5.86,19.14,25.0,25.9,10.4,441.0,0.279,66.0,14.97,30.0,6.8,0.793,0.185,15.08,6.28,20.52,26.8,22.64,14.93,114.0,0.24,21.0,18.42,14.0,12.28,0.653,0.08000000000000002,24.41,11.93,14.22,26.15,30.8,17.5,65.0,0.322,11.0,16.92,5.0,7.69,0.911,0.22,36.8,19.49,10.17,29.66,38.62,18.33
745735,2024-06-08,2024,592450,R,694813,R,field_out,False,False,227.0,0.299,55.0,24.23,35.0,15.42,1.08,0.36900000000000005,30.77,13.31,14.66,27.96,18.89,18.84,384.0,0.266,109.0,28.39,77.0,20.05,1.011,0.3339999999999999,36.96,15.02,15.7,30.72,19.29,24.12,139.0,0.235,26.0,18.71,5.0,3.6,0.6020000000000001,0.10600000000000004,25.65,13.77,14.17,27.94,31.78,19.12,87.0,0.351,11.0,12.64,8.0,9.2,1.074,0.298,26.14,12.82,15.71,28.53,30.57,12.64
745735,2024-06-08,2024,519317,R,694813,R,field_out,False,False,173.0,0.241,54.0,31.21,15.0,8.67,0.831,0.28400000000000003,32.27,14.68,17.73,32.41,30.51,29.03,341.0,0.175,111.0,32.55,35.0,10.26,0.64,0.201,36.65,15.18,19.37,34.55,27.39,25.58,139.0,0.235,26.0,18.71,5.0,3.6,0.6020000000000001,0.10600000000000004,25.65,13.77,14.17,27.94,31.78,19.12,87.0,0.351,11.0,12.64,8.0,9.2,1.074,0.298,26.14,12.82,15.71,28.53,30.57,12.64
745735,2024-06-08,2024,519203,L,694813,R,field_out,False,False,196.0,0.24,32.0,16.33,13.0,6.63,0.692,0.15100000000000002,19.74,10.18,15.6,25.78,38.78,15.24,334.0,0.22,86.0,25.75,27.0,8.08,0.6739999999999999,0.146,25.23,12.17,17.7,29.87,34.73,19.95,114.0,0.24,21.0,18.42,14.0,12.28,0.653,0.08000000000000002,24.41,11.93,14.22,26.15,30.8,17.5,65.0,0.322,11.0,16.92,5.0,7.69,0.911,0.22,36.8,19.49,10.17,29.66,38.62,18.33
745735,2024-06-08,2024,669257,R,641482,L,field_out,False,False,65.0,0.407,7.0,10.77,10.0,15.38,1.27,0.37100000000000005,16.51,7.29,14.57,21.86,26.5,11.67,147.0,0.24,22.0,14.97,21.0,14.29,0.8,0.206,20.0,8.97,15.38,24.36,26.59,11.52,255.0,0.237,60.0,23.53,11.0,4.31,0.6839999999999999,0.174,23.25,12.0,15.12,27.12,28.93,18.61,221.0,0.261,53.0,23.98,18.0,8.14,0.797,0.206,22.32,10.86,15.63,26.5,25.23,18.86
745735,2024-06-08,2024,606192,R,641482,L,home_run,False,False,73.0,0.271,18.0,24.66,3.0,4.11,0.915,0.34299999999999997,27.78,15.15,10.23,25.38,28.57,27.27,151.0,0.287,47.0,31.13,5.0,3.31,0.817,0.223,31.76,17.57,12.52,30.09,36.59,25.41,255.0,0.237,60.0,23.53,11.0,4.31,0.6839999999999999,0.174,23.25,12.0,15.12,27.12,28.93,18.61,221.0,0.261,53.0,23.98,18.0,8.14,0.797,0.206,22.32,10.86,15.63,26.5,25.23,18.86
745735,2024-06-08,2024,681624,R,641482,L,single,False,False,43.0,0.366,13.0,30.23,1.0,2.33,0.86,0.122,23.4,12.22,15.56,27.78,35.96,21.31,,,,,,,,,,,,,,,255.0,0.237,60.0,23.53,11.0,4.31,0.6839999999999999,0.174,23.25,12.0,15.12,27.12,28.93,18.61,221.0,0.261,53.0,23.98,18.0,8.14,0.797,0.206,22.32,10.86,15.63,26.5,25.23,18.86
745735,2024-06-08,2024,500743,R,641482,L,grounded_into_double_play,False,False,53.0,0.292,2.0,3.77,5.0,9.43,0.8160000000000001,0.16600000000000004,13.19,6.15,14.36,20.51,25.51,3.51,145.0,0.286,12.0,8.28,8.0,5.52,0.7370000000000001,0.12,9.75,4.67,17.48,22.15,29.46,10.08,255.0,0.237,60.0,23.53,11.0,4.31,0.6839999999999999,0.174,23.25,12.0,15.12,27.12,28.93,18.61,221.0,0.261,53.0,23.98,18.0,8.14,0.797,0.206,22.32,10.86,15.63,26.5,25.23,18.86
745735,2024-06-08,2024,650402,R,694813,R,single,False,False,203.0,0.232,48.0,23.65,17.0,8.37,0.6559999999999999,0.12199999999999997,25.19,11.69,16.55,28.24,22.68,15.79,544.0,0.273,78.0,14.34,50.0,9.19,0.772,0.1589999999999999,21.74,10.32,15.57,25.89,26.86,11.29,139.0,0.235,26.0,18.71,5.0,3.6,0.6020000000000001,0.10600000000000004,25.65,13.77,14.17,27.94,31.78,19.12,87.0,0.351,11.0,12.64,8.0,9.2,1.074,0.298,26.14,12.82,15.71,28.53,30.57,12.64
745735,2024-06-08,2024,518934,R,694813,R,single,False,False,23.0,0.111,6.0,26.09,5.0,21.74,0.415,0.0,18.42,7.69,21.98,29.67,25.64,20.69,450.0,0.241,100.0,22.22,45.0,10.0,0.7070000000000001,0.146,19.38,7.76,24.06,31.82,23.84,20.0,139.0,0.235,26.0,18.71,5.0,3.6,0.6020000000000001,0.10600000000000004,25.65,13.77,14.17,27.94,31.78,19.12,87.0,0.351,11.0,12.64,8.0,9.2,1.074,0.298,26.14,12.82,15.71,28.53,30.57,12.64
745735,2024-06-08,2024,669224,L,694813,R,force_out,False,False,108.0,0.198,18.0,16.67,13.0,12.04,0.604,0.10999999999999999,28.35,13.61,13.37,26.98,25.35,16.51,69.0,0.25,12.0,17.39,3.0,4.35,0.81,0.281,28.48,16.48,10.99,27.47,38.03,14.46,114.0,0.24,21.0,18.42,14.0,12.28,0.653,0.08000000000000002,24.41,11.93,14.22,26.15,30.8,17.5,65.0,0.322,11.0,16.92,5.0,7.69,0.911,0.22,36.8,19.49,10.17,29.66,38.62,18.33
745735,2024-06-08,2024,663757,L,694813,R,field_out,False,False,44.0,0.086,11.0,25.0,7.0,15.91,0.49,0.171,24.19,7.65,25.51,33.16,6.82,19.64,412.0,0.178,118.0,28.64,56.0,13.59,0.623,0.147,29.65,12.55,17.63,30.18,22.3,21.15,114.0,0.24,21.0,18.42,14.0,12.28,0.653,0.08000000000000002,24.41,11.93,14.22,26.15,30.8,17.5,65.0,0.322,11.0,16.92,5.0,7.69,0.911,0.22,36.8,19.49,10.17,29.66,38.62,18.33
745735,2024-06-08,2024,683011,R,694813,R,strikeout,True,False,223.0,0.288,46.0,20.63,17.0,7.62,0.8009999999999999,0.16100000000000003,21.87,10.29,18.84,29.13,29.49,18.11,467.0,0.198,132.0,28.27,36.0,7.71,0.624,0.1579999999999999,28.15,13.53,17.49,31.02,29.16,23.4,139.0,0.235,26.0,18.71,5.0,3.6,0.6020000000000001,0.10600000000000004,25.65,13.77,14.17,27.94,31.78,19.12,87.0,0.351,11.0,12.64,8.0,9.2,1.074,0.298,26.14,12.82,15.71,28.53,30.57,12.64
745735,2024-06-08,2024,571771,R,641482,L,walk,False,True,63.0,0.241,10.0,15.87,4.0,6.35,0.6519999999999999,0.121,17.48,7.69,21.37,29.06,26.09,16.13,162.0,0.239,19.0,11.73,14.0,8.64,0.642,0.099,14.84,6.54,19.31,25.86,25.95,10.67,255.0,0.237,60.0,23.53,11.0,4.31,0.6839999999999999,0.174,23.25,12.0,15.12,27.12,28.93,18.61,221.0,0.261,53.0,23.98,18.0,8.14,0.797,0.206,22.32,10.86,15.63,26.5,25.23,18.86
745735,2024-06-08,2024,621035,R,641482,L,single,False,False,39.0,0.097,16.0,41.03,6.0,15.38,0.33399999999999996,0.0,39.51,19.05,10.12,29.17,21.25,30.19,162.0,0.21,59.0,36.42,19.0,11.73,0.7949999999999999,0.268,39.5,18.23,13.46,31.69,20.29,25.54,255.0,0.237,60.0,23.53,11.0,4.31,0.6839999999999999,0.174,23.25,12.0,15.12,27.12,28.93,18.61,221.0,0.261,53.0,23.98,18.0,8.14,0.797,0.206,22.32,10.86,15.63,26.5,25.23,18.86
745735,2024-06-08,2024,605141,R,641482,L,field_out,False,False,89.0,0.316,7.0,7.87,10.0,11.24,0.874,0.16499999999999998,11.11,4.11,21.37,25.48,21.61,7.45,184.0,0.3,22.0,11.96,30.0,16.3,1.097,0.373,13.08,4.64,20.77,25.41,13.65,12.72,255.0,0.237,60.0,23.53,11.0,4.31,0.6839999999999999,0.174,23.25,12.0,15.12,27.12,28.93,18.61,221.0,0.261,53.0,23.98,18.0,8.14,0.797,0.206,22.32,10.86,15.63,26.5,25.23,18.86
745735,2024-06-08,2024,660271,L,641482,L,single,False,False,94.0,0.299,22.0,23.4,6.0,6.38,0.788,0.14900000000000002,27.38,12.43,18.38,30.81,26.92,20.37,170.0,0.245,44.0,25.88,27.0,15.88,0.897,0.287,30.62,13.88,13.59,27.47,31.74,23.04,50.0,0.217,14.0,28.0,4.0,8.0,0.541,0.04400000000000001,27.37,14.21,16.39,30.6,21.05,24.14,45.0,0.163,14.0,31.11,2.0,4.44,0.526,0.163,33.71,17.86,19.64,37.5,31.43,22.22
745735,2024-06-08,2024,518692,L,641482,L,grounded_into_double_play,False,False,104.0,0.23,18.0,17.31,10.0,9.62,0.6859999999999999,0.12599999999999997,21.9,11.59,12.34,23.93,31.28,13.33,218.0,0.335,40.0,18.35,15.0,6.88,1.008,0.2739999999999999,21.54,11.31,11.07,22.38,26.41,16.0,50.0,0.217,14.0,28.0,4.0,8.0,0.541,0.04400000000000001,27.37,14.21,16.39,30.6,21.05,24.14,45.0,0.163,14.0,31.11,2.0,4.44,0.526,0.163,33.71,17.86,19.64,37.5,31.43,22.22
745735,2024-06-08,2024,657077,L,694813,R,strikeout,True,False,183.0,0.259,21.0,11.48,13.0,7.1,0.746,0.181,12.65,5.86,19.14,25.0,25.9,10.4,441.0,0.279,66.0,14.97,30.0,6.8,0.793,0.185,15.08,6.28,20.52,26.8,22.64,14.93,114.0,0.24,21.0,18.42,14.0,12.28,0.653,0.08000000000000002,24.41,11.93,14.22,26.15,30.8,17.5,65.0,0.322,11.0,16.92,5.0,7.69,0.911,0.22,36.8,19.49,10.17,29.66,38.62,18.33
745735,2024-06-08,2024,592450,R,694813,R,home_run,False,False,227.0,0.299,55.0,24.23,35.0,15.42,1.08,0.36900000000000005,30.77,13.31,14.66,27.96,18.89,18.84,384.0,0.266,109.0,28.39,77.0,20.05,1.011,0.3339999999999999,36.96,15.02,15.7,30.72,19.29,24.12,139.0,0.235,26.0,18.71,5.0,3.6,0.6020000000000001,0.10600000000000004,25.65,13.77,14.17,27.94,31.78,19.12,87.0,0.351,11.0,12.64,8.0,9.2,1.074,0.298,26.14,12.82,15.71,28.53,30.57,12.64
745735,2024-06-08,2024,519317,R,694813,R,strikeout,True,False,173.0,0.241,54.0,31.21,15.0,8.67,0.831,0.28400000000000003,32.27,14.68,17.73,32.41,30.51,29.03,341.0,0.175,111.0,32.55,35.0,10.26,0.64,0.201,36.65,15.18,19.37,34.55,27.39,25.58,139.0,0.235,26.0,18.71,5.0,3.6,0.6020000000000001,0.10600000000000004,25.65,13.77,14.17,27.94,31.78,19.12,87.0,0.351,11.0,12.64,8.0,9.2,1.074,0.298,26.14,12.82,15.71,28.53,30.57,12.64
745735,2024-06-08,2024,519203,L,694813,R,field_out,False,False,196.0,0.24,32.0,16.33,13.0,6.63,0.692,0.15100000000000002,19.74,10.18,15.6,25.78,38.78,15.24,334.0,0.22,86.0,25.75,27.0,8.08,0.6739999999999999,0.146,25.23,12.17,17.7,29.87,34.73,19.95,114.0,0.24,21.0,18.42,14.0,12.28,0.653,0.08000000000000002,24.41,11.93,14.22,26.15,30.8,17.5,65.0,0.322,11.0,16.92,5.0,7.69,0.911,0.22,36.8,19.49,10.17,29.66,38.62,18.33
745735,2024-06-08,2024,669257,R,641482,L,strikeout,True,False,65.0,0.407,7.0,10.77,10.0,15.38,1.27,0.37100000000000005,16.51,7.29,14.57,21.86,26.5,11.67,147.0,0.24,22.0,14.97,21.0,14.29,0.8,0.206,20.0,8.97,15.38,24.36,26.59,11.52,255.0,0.237,60.0,23.53,11.0,4.31,0.6839999999999999,0.174,23.25,12.0,15.12,27.12,28.93,18.61,221.0,0.261,53.0,23.98,18.0,8.14,0.797,0.206,22.32,10.86,15.63,26.5,25.23,18.86
745735,2024-06-08,2024,606192,R,641482,L,strikeout,True,False,73.0,0.271,18.0,24.66,3.0,4.11,0.915,0.34299999999999997,27.78,15.15,10.23,25.38,28.57,27.27,151.0,0.287,47.0,31.13,5.0,3.31,0.817,0.223,31.76,17.57,12.52,30.09,36.59,25.41,255.0,0.237,60.0,23.53,11.0,4.31,0.6839999999999999,0.174,23.25,12.0,15.12,27.12,28.93,18.61,221.0,0.261,53.0,23.98,18.0,8.14,0.797,0.206,22.32,10.86,15.63,26.5,25.23,18.86
745735,2024-06-08,2024,681624,R,641482,L,field_out,False,False,43.0,0.366,13.0,30.23,1.0,2.33,0.86,0.122,23.4,12.22,15.56,27.78,35.96,21.31,,,,,,,,,,,,,,,255.0,0.237,60.0,23.53,11.0,4.31,0.6839999999999999,0.174,23.25,12.0,15.12,27.12,28.93,18.61,221.0,0.261,53.0,23.98,18.0,8.14,0.797,0.206,22.32,10.86,15.63,26.5,25.23,18.86
745735,2024-06-08,2024,650402,R,694813,R,field_out,False,False,203.0,0.232,48.0,23.65,17.0,8.37,0.6559999999999999,0.12199999999999997,25.19,11.69,16.55,28.24,22.68,15.79,544.0,0.273,78.0,14.34,50.0,9.19,0.772,0.1589999999999999,21.74,10.32,15.57,25.89,26.86,11.29,139.0,0.235,26.0,18.71,5.0,3.6,0.6020000000000001,0.10600000000000004,25.65,13.77,14.17,27.94,31.78,19.12,87.0,0.351,11.0,12.64,8.0,9.2,1.074,0.298,26.14,12.82,15.71,28.53,30.57,12.64
745735,2024-06-08,2024,518934,R,694813,R,field_out,False,False,23.0,0.111,6.0,26.09,5.0,21.74,0.415,0.0,18.42,7.69,21.98,29.67,25.64,20.69,450.0,0.241,100.0,22.22,45.0,10.0,0.7070000000000001,0.146,19.38,7.76,24.06,31.82,23.84,20.0,139.0,0.235,26.0,18.71,5.0,3.6,0.6020000000000001,0.10600000000000004,25.65,13.77,14.17,27.94,31.78,19.12,87.0,0.351,11.0,12.64,8.0,9.2,1.074,0.298,26.14,12.82,15.71,28.53,30.57,12.64
745735,2024-06-08,2024,669224,L,694813,R,strikeout,True,False,108.0,0.198,18.0,16.67,13.0,12.04,0.604,0.10999999999999999,28.35,13.61,13.37,26.98,25.35,16.51,69.0,0.25,12.0,17.39,3.0,4.35,0.81,0.281,28.48,16.48,10.99,27.47,38.03,14.46,114.0,0.24,21.0,18.42,14.0,12.28,0.653,0.08000000000000002,24.41,11.93,14.22,26.15,30.8,17.5,65.0,0.322,11.0,16.92,5.0,7.69,0.911,0.22,36.8,19.49,10.17,29.66,38.62,18.33
745735,2024-06-08,2024,500743,R,641482,L,field_out,False,False,53.0,0.292,2.0,3.77,5.0,9.43,0.8160000000000001,0.16600000000000004,13.19,6.15,14.36,20.51,25.51,3.51,145.0,0.286,12.0,8.28,8.0,5.52,0.7370000000000001,0.12,9.75,4.67,17.48,22.15,29.46,10.08,255.0,0.237,60.0,23.53,11.0,4.31,0.6839999999999999,0.174,23.25,12.0,15.12,27.12,28.93,18.61,221.0,0.261,53.0,23.98,18.0,8.14,0.797,0.206,22.32,10.86,15.63,26.5,25.23,18.86
745735,2024-06-08,2024,571771,R,641482,L,home_run,False,False,63.0,0.241,10.0,15.87,4.0,6.35,0.6519999999999999,0.121,17.48,7.69,21.37,29.06,26.09,16.13,162.0,0.239,19.0,11.73,14.0,8.64,0.642,0.099,14.84,6.54,19.31,25.86,25.95,10.67,255.0,0.237,60.0,23.53,11.0,4.31,0.6839999999999999,0.174,23.25,12.0,15.12,27.12,28.93,18.61,221.0,0.261,53.0,23.98,18.0,8.14,0.797,0.206,22.32,10.86,15.63,26.5,25.23,18.86
745735,2024-06-08,2024,621035,R,641482,L,strikeout,True,False,39.0,0.097,16.0,41.03,6.0,15.38,0.33399999999999996,0.0,39.51,19.05,10.12,29.17,21.25,30.19,162.0,0.21,59.0,36.42,19.0,11.73,0.7949999999999999,0.268,39.5,18.23,13.46,31.69,20.29,25.54,255.0,0.237,60.0,23.53,11.0,4.31,0.6839999999999999,0.174,23.25,12.0,15.12,27.12,28.93,18.61,221.0,0.261,53.0,23.98,18.0,8.14,0.797,0.206,22.32,10.86,15.63,26.5,25.23,18.86
745735,2024-06-08,2024,605141,R,641482,L,field_out,False,False,89.0,0.316,7.0,7.87,10.0,11.24,0.874,0.16499999999999998,11.11,4.11,21.37,25.48,21.61,7.45,184.0,0.3,22.0,11.96,30.0,16.3,1.097,0.373,13.08,4.64,20.77,25.41,13.65,12.72,255.0,0.237,60.0,23.53,11.0,4.31,0.6839999999999999,0.174,23.25,12.0,15.12,27.12,28.93,18.61,221.0,0.261,53.0,23.98,18.0,8.14,0.797,0.206,22.32,10.86,15.63,26.5,25.23,18.86
745735,2024-06-08,2024,663757,L,694813,R,strikeout,True,False,44.0,0.086,11.0,25.0,7.0,15.91,0.49,0.171,24.19,7.65,25.51,33.16,6.82,19.64,412.0,0.178,118.0,28.64,56.0,13.59,0.623,0.147,29.65,12.55,17.63,30.18,22.3,21.15,114.0,0.24,21.0,18.42,14.0,12.28,0.653,0.08000000000000002,24.41,11.93,14.22,26.15,30.8,17.5,65.0,0.322,11.0,16.92,5.0,7.69,0.911,0.22,36.8,19.49,10.17,29.66,38.62,18.33
745735,2024-06-08,2024,683011,R,694813,R,strikeout,True,False,223.0,0.288,46.0,20.63,17.0,7.62,0.8009999999999999,0.16100000000000003,21.87,10.29,18.84,29.13,29.49,18.11,467.0,0.198,132.0,28.27,36.0,7.71,0.624,0.1579999999999999,28.15,13.53,17.49,31.02,29.16,23.4,139.0,0.235,26.0,18.71,5.0,3.6,0.6020000000000001,0.10600000000000004,25.65,13.77,14.17,27.94,31.78,19.12,87.0,0.351,11.0,12.64,8.0,9.2,1.074,0.298,26.14,12.82,15.71,28.53,30.57,12.64
745735,2024-06-08,2024,657077,L,694813,R,double,False,False,183.0,0.259,21.0,11.48,13.0,7.1,0.746,0.181,12.65,5.86,19.14,25.0,25.9,10.4,441.0,0.279,66.0,14.97,30.0,6.8,0.793,0.185,15.08,6.28,20.52,26.8,22.64,14.93,114.0,0.24,21.0,18.42,14.0,12.28,0.653,0.08000000000000002,24.41,11.93,14.22,26.15,30.8,17.5,65.0,0.322,11.0,16.92,5.0,7.69,0.911,0.22,36.8,19.49,10.17,29.66,38.62,18.33
745735,2024-06-08,2024,592450,R,694813,R,walk,False,True,227.0,0.299,55.0,24.23,35.0,15.42,1.08,0.36900000000000005,30.77,13.31,14.66,27.96,18.89,18.84,384.0,0.266,109.0,28.39,77.0,20.05,1.011,0.3339999999999999,36.96,15.02,15.7,30.72,19.29,24.12,139.0,0.235,26.0,18.71,5.0,3.6,0.6020000000000001,0.10600000000000004,25.65,13.77,14.17,27.94,31.78,19.12,87.0,0.351,11.0,12.64,8.0,9.2,1.074,0.298,26.14,12.82,15.71,28.53,30.57,12.64
745735,2024-06-08,2024,519317,R,694813,R,field_out,False,False,173.0,0.241,54.0,31.21,15.0,8.67,0.831,0.28400000000000003,32.27,14.68,17.73,32.41,30.51,29.03,341.0,0.175,111.0,32.55,35.0,10.26,0.64,0.201,36.65,15.18,19.37,34.55,27.39,25.58,139.0,0.235,26.0,18.71,5.0,3.6,0.6020000000000001,0.10600000000000004,25.65,13.77,14.17,27.94,31.78,19.12,87.0,0.351,11.0,12.64,8.0,9.2,1.074,0.298,26.14,12.82,15.71,28.53,30.57,12.64
745735,2024-06-08,2024,660271,L,641482,L,field_out,False,False,94.0,0.299,22.0,23.4,6.0,6.38,0.788,0.14900000000000002,27.38,12.43,18.38,30.81,26.92,20.37,170.0,0.245,44.0,25.88,27.0,15.88,0.897,0.287,30.62,13.88,13.59,27.47,31.74,23.04,50.0,0.217,14.0,28.0,4.0,8.0,0.541,0.04400000000000001,27.37,14.21,16.39,30.6,21.05,24.14,45.0,0.163,14.0,31.11,2.0,4.44,0.526,0.163,33.71,17.86,19.64,37.5,31.43,22.22
745735,2024-06-08,2024,518692,L,641482,L,double,False,False,104.0,0.23,18.0,17.31,10.0,9.62,0.6859999999999999,0.12599999999999997,21.9,11.59,12.34,23.93,31.28,13.33,218.0,0.335,40.0,18.35,15.0,6.88,1.008,0.2739999999999999,21.54,11.31,11.07,22.38,26.41,16.0,50.0,0.217,14.0,28.0,4.0,8.0,0.541,0.04400000000000001,27.37,14.21,16.39,30.6,21.05,24.14,45.0,0.163,14.0,31.11,2.0,4.44,0.526,0.163,33.71,17.86,19.64,37.5,31.43,22.22
745735,2024-06-08,2024,669257,R,641482,L,single,False,False,65.0,0.407,7.0,10.77,10.0,15.38,1.27,0.37100000000000005,16.51,7.29,14.57,21.86,26.5,11.67,147.0,0.24,22.0,14.97,21.0,14.29,0.8,0.206,20.0,8.97,15.38,24.36,26.59,11.52,255.0,0.237,60.0,23.53,11.0,4.31,0.6839999999999999,0.174,23.25,12.0,15.12,27.12,28.93,18.61,221.0,0.261,53.0,23.98,18.0,8.14,0.797,0.206,22.32,10.86,15.63,26.5,25.23,18.86
745735,2024-06-08,2024,606192,R,543859,R,force_out,False,False,191.0,0.259,57.0,29.84,17.0,8.9,0.772,0.176,35.31,18.38,12.72,31.11,29.07,21.59,529.0,0.249,164.0,31.0,33.0,6.24,0.718,0.1639999999999999,36.92,19.57,14.44,34.01,34.81,23.06,79.0,0.235,19.0,24.05,6.0,7.59,0.638,0.07400000000000001,30.0,13.68,17.93,31.61,31.36,17.76,172.0,0.19,42.0,24.42,11.0,6.4,0.613,0.183,25.53,12.71,17.19,29.9,29.81,17.8
745735,2024-06-08,2024,681624,R,543859,R,strikeout,True,False,139.0,0.224,40.0,28.78,7.0,5.04,0.667,0.16,28.62,15.89,12.52,28.41,32.3,20.62,,,,,,,,,,,,,,,79.0,0.235,19.0,24.05,6.0,7.59,0.638,0.07400000000000001,30.0,13.68,17.93,31.61,31.36,17.76,172.0,0.19,42.0,24.42,11.0,6.4,0.613,0.183,25.53,12.71,17.19,29.9,29.81,17.8
745735,2024-06-08,2024,519203,L,694813,R,field_out,False,False,196.0,0.24,32.0,16.33,13.0,6.63,0.692,0.15100000000000002,19.74,10.18,15.6,25.78,38.78,15.24,334.0,0.22,86.0,25.75,27.0,8.08,0.6739999999999999,0.146,25.23,12.17,17.7,29.87,34.73,19.95,114.0,0.24,21.0,18.42,14.0,12.28,0.653,0.08000000000000002,24.41,11.93,14.22,26.15,30.8,17.5,65.0,0.322,11.0,16.92,5.0,7.69,0.911,0.22,36.8,19.49,10.17,29.66,38.62,18.33
745735,2024-06-08,2024,650402,R,694813,R,field_out,False,False,203.0,0.232,48.0,23.65,17.0,8.37,0.6559999999999999,0.12199999999999997,25.19,11.69,16.55,28.24,22.68,15.79,544.0,0.273,78.0,14.34,50.0,9.19,0.772,0.1589999999999999,21.74,10.32,15.57,25.89,26.86,11.29,139.0,0.235,26.0,18.71,5.0,3.6,0.6020000000000001,0.10600000000000004,25.65,13.77,14.17,27.94,31.78,19.12,87.0,0.351,11.0,12.64,8.0,9.2,1.074,0.298,26.14,12.82,15.71,28.53,30.57,12.64
745735,2024-06-08,2024,518934,R,694813,R,single,False,False,23.0,0.111,6.0,26.09,5.0,21.74,0.415,0.0,18.42,7.69,21.98,29.67,25.64,20.69,450.0,0.241,100.0,22.22,45.0,10.0,0.7070000000000001,0.146,19.38,7.76,24.06,31.82,23.84,20.0,139.0,0.235,26.0,18.71,5.0,3.6,0.6020000000000001,0.10600000000000004,25.65,13.77,14.17,27.94,31.78,19.12,87.0,0.351,11.0,12.64,8.0,9.2,1.074,0.298,26.14,12.82,15.71,28.53,30.57,12.64
745735,2024-06-08,2024,669224,L,694813,R,single,False,False,108.0,0.198,18.0,16.67,13.0,12.04,0.604,0.10999999999999999,28.35,13.61,13.37,26.98,25.35,16.51,69.0,0.25,12.0,17.39,3.0,4.35,0.81,0.281,28.48,16.48,10.99,27.47,38.03,14.46,114.0,0.24,21.0,18.42,14.0,12.28,0.653,0.08000000000000002,24.41,11.93,14.22,26.15,30.8,17.5,65.0,0.322,11.0,16.92,5.0,7.69,0.911,0.22,36.8,19.49,10.17,29.66,38.62,18.33
745735,2024-06-08,2024,663757,L,694813,R,walk,False,True,44.0,0.086,11.0,25.0,7.0,15.91,0.49,0.171,24.19,7.65,25.51,33.16,6.82,19.64,412.0,0.178,118.0,28.64,56.0,13.59,0.623,0.147,29.65,12.55,17.63,30.18,22.3,21.15,114.0,0.24,21.0,18.42,14.0,12.28,0.653,0.08000000000000002,24.41,11.93,14.22,26.15,30.8,17.5,65.0,0.322,11.0,16.92,5.0,7.69,0.911,0.22,36.8,19.49,10.17,29.66,38.62,18.33
745735,2024-06-08,2024,683011,R,681911,L,field_out,False,False,71.0,0.281,15.0,21.13,6.0,8.45,0.7490000000000001,0.125,18.44,8.84,17.01,25.85,28.1,17.65,134.0,0.248,35.0,26.12,16.0,11.94,0.817,0.2309999999999999,28.81,13.49,15.8,29.29,27.07,23.49,66.0,0.096,30.0,45.45,12.0,18.18,0.493,0.135,37.68,18.25,14.04,32.28,30.5,33.71,124.0,0.25,33.0,26.61,11.0,8.87,0.761,0.188,26.34,12.8,14.4,27.2,26.36,20.75
745735,2024-06-08,2024,500743,R,543859,R,field_out,False,False,49.0,0.283,6.0,12.24,3.0,6.12,0.762,0.15200000000000002,13.51,5.88,19.41,25.29,25.0,14.63,279.0,0.21,36.0,12.9,18.0,6.45,0.546,0.068,19.79,9.92,16.53,26.45,34.53,12.9,79.0,0.235,19.0,24.05,6.0,7.59,0.638,0.07400000000000001,30.0,13.68,17.93,31.61,31.36,17.76,172.0,0.19,42.0,24.42,11.0,6.4,0.613,0.183,25.53,12.71,17.19,29.9,29.81,17.8
745735,2024-06-08,2024,571771,R,543859,R,field_out,False,False,81.0,0.176,18.0,22.22,7.0,8.64,0.49,0.067,27.27,14.02,15.89,29.91,27.15,18.18,347.0,0.235,78.0,22.48,20.0,5.76,0.647,0.13,27.56,13.17,16.85,30.02,28.91,20.8,79.0,0.235,19.0,24.05,6.0,7.59,0.638,0.07400000000000001,30.0,13.68,17.93,31.61,31.36,17.76,172.0,0.19,42.0,24.42,11.0,6.4,0.613,0.183,25.53,12.71,17.19,29.9,29.81,17.8
745735,2024-06-08,2024,621035,R,543859,R,strikeout,True,False,58.0,0.094,22.0,37.93,3.0,5.17,0.285,0.019000000000000003,32.38,16.04,14.62,30.66,25.25,39.29,224.0,0.255,66.0,29.46,22.0,9.82,0.712,0.125,33.11,15.94,15.09,31.03,23.37,20.82,79.0,0.235,19.0,24.05,6.0,7.59,0.638,0.07400000000000001,30.0,13.68,17.93,31.61,31.36,17.76,172.0,0.19,42.0,24.42,11.0,6.4,0.613,0.183,25.53,12.71,17.19,29.9,29.81,17.8
745735,2024-06-08,2024,657077,L,681911,L,field_out,False,False,70.0,0.237,12.0,17.14,8.0,11.43,0.702,0.136,20.35,7.96,22.84,30.8,22.54,13.79,161.0,0.22,27.0,16.77,15.0,9.32,0.61,0.0779999999999999,17.21,6.6,24.69,31.29,20.83,15.61,38.0,0.118,8.0,21.05,2.0,5.26,0.395,0.088,26.47,12.86,15.0,27.86,23.08,16.33,93.0,0.279,31.0,33.33,6.0,6.45,0.7170000000000001,0.1049999999999999,35.26,18.31,12.57,30.87,30.39,26.27
745735,2024-06-08,2024,592450,R,681911,L,strikeout,True,False,63.0,0.273,16.0,25.4,19.0,30.16,1.1280000000000001,0.363,33.33,11.27,15.27,26.55,16.45,22.54,74.0,0.274,21.0,28.38,11.0,14.86,1.0550000000000002,0.403,34.59,13.9,15.71,29.61,19.89,21.65,66.0,0.096,30.0,45.45,12.0,18.18,0.493,0.135,37.68,18.25,14.04,32.28,30.5,33.71,124.0,0.25,33.0,26.61,11.0,8.87,0.761,0.188,26.34,12.8,14.4,27.2,26.36,20.75
745735,2024-06-08,2024,519317,R,681911,L,field_out,False,False,59.0,0.214,18.0,30.51,2.0,3.39,0.616,0.161,31.53,15.98,17.81,33.79,35.45,29.03,74.0,0.265,13.0,17.57,6.0,8.11,0.942,0.353,21.88,10.11,15.16,25.27,26.09,20.0,66.0,0.096,30.0,45.45,12.0,18.18,0.493,0.135,37.68,18.25,14.04,32.28,30.5,33.71,124.0,0.25,33.0,26.61,11.0,8.87,0.761,0.188,26.34,12.8,14.4,27.2,26.36,20.75
745735,2024-06-08,2024,605141,R,592454,R,walk,False,True,197.0,0.291,22.0,11.17,32.0,16.24,0.897,0.2,15.33,5.75,20.38,26.12,17.99,8.87,509.0,0.309,85.0,16.7,66.0,12.97,0.949,0.237,17.85,6.92,20.25,27.17,17.64,15.12,15.0,0.154,3.0,20.0,2.0,13.33,0.652,0.231,21.43,8.7,14.49,23.19,22.5,17.65,80.0,0.191,26.0,32.5,10.0,12.5,0.583,0.088,41.03,19.57,15.6,35.17,27.84,26.0
745735,2024-06-08,2024,660271,L,592454,R,fielders_choice,False,False,177.0,0.32,38.0,21.47,21.0,11.86,1.073,0.34700000000000003,29.06,14.27,13.01,27.27,31.33,18.81,429.0,0.327,99.0,23.08,64.0,14.92,1.132,0.3739999999999999,32.88,15.48,11.59,27.07,28.86,20.75,6.0,0.0,2.0,33.33,0.0,0.0,0.167,0.0,53.85,31.82,9.09,40.91,50.0,33.33,85.0,0.176,22.0,25.88,9.0,10.59,0.637,0.202,29.22,12.47,19.67,32.13,30.46,19.82
745735,2024-06-08,2024,518692,L,592454,R,strikeout,True,False,172.0,0.333,27.0,15.7,24.0,13.95,0.9989999999999999,0.23599999999999993,19.75,9.21,12.09,21.29,23.27,13.85,514.0,0.33,81.0,15.76,57.0,11.09,0.962,0.218,19.83,9.77,11.31,21.08,27.01,16.63,6.0,0.0,2.0,33.33,0.0,0.0,0.167,0.0,53.85,31.82,9.09,40.91,50.0,33.33,85.0,0.176,22.0,25.88,9.0,10.59,0.637,0.202,29.22,12.47,19.67,32.13,30.46,19.82
745735,2024-06-08,2024,669257,R,592454,R,walk,False,True,157.0,0.232,27.0,17.2,9.0,5.73,0.6739999999999999,0.155,19.38,9.57,15.43,25.0,28.04,13.37,407.0,0.268,67.0,16.46,42.0,10.32,0.7949999999999999,0.1659999999999999,19.27,8.8,16.84,25.64,24.5,12.79,15.0,0.154,3.0,20.0,2.0,13.33,0.652,0.231,21.43,8.7,14.49,23.19,22.5,17.65,80.0,0.191,26.0,32.5,10.0,12.5,0.583,0.088,41.03,19.57,15.6,35.17,27.84,26.0
745735,2024-06-08,2024,606192,R,592454,R,home_run,False,False,191.0,0.259,57.0,29.84,17.0,8.9,0.772,0.176,35.31,18.38,12.72,31.11,29.07,21.59,529.0,0.249,164.0,31.0,33.0,6.24,0.718,0.1639999999999999,36.92,19.57,14.44,34.01,34.81,23.06,15.0,0.154,3.0,20.0,2.0,13.33,0.652,0.231,21.43,8.7,14.49,23.19,22.5,17.65,80.0,0.191,26.0,32.5,10.0,12.5,0.583,0.088,41.03,19.57,15.6,35.17,27.84,26.0
745735,2024-06-08,2024,681624,R,642701,R,field_out,False,False,139.0,0.224,40.0,28.78,7.0,5.04,0.667,0.16,28.62,15.89,12.52,28.41,32.3,20.62,,,,,,,,,,,,,,,76.0,0.3,8.0,10.53,4.0,5.26,0.847,0.2,16.67,8.61,17.23,25.84,33.33,9.88,32.0,0.259,9.0,28.12,5.0,15.62,0.931,0.297,29.82,12.23,19.42,31.65,36.9,16.98
745735,2024-06-08,2024,500743,R,642701,R,single,False,False,49.0,0.283,6.0,12.24,3.0,6.12,0.762,0.15200000000000002,13.51,5.88,19.41,25.29,25.0,14.63,279.0,0.21,36.0,12.9,18.0,6.45,0.546,0.068,19.79,9.92,16.53,26.45,34.53,12.9,76.0,0.3,8.0,10.53,4.0,5.26,0.847,0.2,16.67,8.61,17.23,25.84,33.33,9.88,32.0,0.259,9.0,28.12,5.0,15.62,0.931,0.297,29.82,12.23,19.42,31.65,36.9,16.98
745735,2024-06-08,2024,519203,L,642232,L,field_out,False,False,67.0,0.194,14.0,20.9,2.0,2.99,0.46399999999999997,0.015999999999999986,20.69,10.08,17.23,27.31,27.64,23.33,87.0,0.333,11.0,12.64,8.0,9.2,0.825,0.0899999999999999,23.87,11.56,17.81,29.38,30.82,12.64,56.0,0.115,8.0,14.29,1.0,1.79,0.379,0.116,22.73,12.89,14.43,27.32,31.17,15.09,106.0,0.28,20.0,18.87,6.0,5.66,0.771,0.1699999999999999,25.45,13.66,16.1,29.76,37.43,14.39
745735,2024-06-08,2024,650402,R,642232,L,strikeout,True,False,63.0,0.218,17.0,26.98,8.0,12.7,0.608,0.07299999999999998,28.68,13.45,16.55,30.0,18.6,14.53,128.0,0.278,20.0,15.62,17.0,13.28,0.921,0.268,22.12,9.54,15.71,25.25,21.8,13.33,101.0,0.244,9.0,8.91,8.0,7.92,0.671,0.09999999999999998,14.2,6.54,15.18,21.73,28.21,8.65,270.0,0.268,47.0,17.41,7.0,2.59,0.716,0.1409999999999999,21.6,10.93,16.14,27.07,32.38,14.69
745735,2024-06-08,2024,518934,R,642232,L,walk,False,True,9.0,0.25,2.0,22.22,1.0,11.11,0.583,0.0,12.5,6.25,18.75,25.0,41.18,25.0,113.0,0.255,25.0,22.12,15.0,13.27,0.761,0.149,20.93,7.45,24.22,31.68,20.95,18.66,101.0,0.244,9.0,8.91,8.0,7.92,0.671,0.09999999999999998,14.2,6.54,15.18,21.73,28.21,8.65,270.0,0.268,47.0,17.41,7.0,2.59,0.716,0.1409999999999999,21.6,10.93,16.14,27.07,32.38,14.69
745735,2024-06-08,2024,624431,R,642232,L,single,False,False,49.0,0.209,7.0,14.29,5.0,10.2,0.705,0.21,19.32,7.56,20.0,27.56,25.38,9.59,44.0,0.268,2.0,4.55,3.0,6.82,0.781,0.195,11.11,5.49,18.9,24.39,37.21,4.08,101.0,0.244,9.0,8.91,8.0,7.92,0.671,0.09999999999999998,14.2,6.54,15.18,21.73,28.21,8.65,270.0,0.268,47.0,17.41,7.0,2.59,0.716,0.1409999999999999,21.6,10.93,16.14,27.07,32.38,14.69
745735,2024-06-08,2024,663330,R,642232,L,field_out,False,False,4.0,0.333,1.0,25.0,1.0,25.0,1.833,1.0,50.0,18.75,18.75,37.5,12.5,14.29,8.0,0.25,3.0,37.5,0.0,0.0,0.625,0.125,18.75,9.38,15.62,25.0,18.75,30.0,101.0,0.244,9.0,8.91,8.0,7.92,0.671,0.09999999999999998,14.2,6.54,15.18,21.73,28.21,8.65,270.0,0.268,47.0,17.41,7.0,2.59,0.716,0.1409999999999999,21.6,10.93,16.14,27.07,32.38,14.69
745735,2024-06-08,2024,571771,R,642701,R,strikeout,True,False,81.0,0.176,18.0,22.22,7.0,8.64,0.49,0.067,27.27,14.02,15.89,29.91,27.15,18.18,347.0,0.235,78.0,22.48,20.0,5.76,0.647,0.13,27.56,13.17,16.85,30.02,28.91,20.8,76.0,0.3,8.0,10.53,4.0,5.26,0.847,0.2,16.67,8.61,17.23,25.84,33.33,9.88,32.0,0.259,9.0,28.12,5.0,15.62,0.931,0.297,29.82,12.23,19.42,31.65,36.9,16.98
745735,2024-06-08,2024,621035,R,642701,R,strikeout,True,False,58.0,0.094,22.0,37.93,3.0,5.17,0.285,0.019000000000000003,32.38,16.04,14.62,30.66,25.25,39.29,224.0,0.255,66.0,29.46,22.0,9.82,0.712,0.125,33.11,15.94,15.09,31.03,23.37,20.82,76.0,0.3,8.0,10.53,4.0,5.26,0.847,0.2,16.67,8.61,17.23,25.84,33.33,9.88,32.0,0.259,9.0,28.12,5.0,15.62,0.931,0.297,29.82,12.23,19.42,31.65,36.9,16.98
745735,2024-06-08,2024,605141,R,642701,R,single,False,False,197.0,0.291,22.0,11.17,32.0,16.24,0.897,0.2,15.33,5.75,20.38,26.12,17.99,8.87,509.0,0.309,85.0,16.7,66.0,12.97,0.949,0.237,17.85,6.92,20.25,27.17,17.64,15.12,76.0,0.3,8.0,10.53,4.0,5.26,0.847,0.2,16.67,8.61,17.23,25.84,33.33,9.88,32.0,0.259,9.0,28.12,5.0,15.62,0.931,0.297,29.82,12.23,19.42,31.65,36.9,16.98
745735,2024-06-08,2024,660271,L,642701,R,walk,False,True,177.0,0.32,38.0,21.47,21.0,11.86,1.073,0.34700000000000003,29.06,14.27,13.01,27.27,31.33,18.81,429.0,0.327,99.0,23.08,64.0,14.92,1.132,0.3739999999999999,32.88,15.48,11.59,27.07,28.86,20.75,31.0,0.111,9.0,29.03,4.0,12.9,0.337,0.0,27.12,13.11,14.75,27.87,30.16,28.12,18.0,0.214,3.0,16.67,2.0,11.11,0.619,0.0719999999999999,27.27,14.46,14.46,28.92,30.77,10.34
745735,2024-06-08,2024,518692,L,642701,R,double,False,False,172.0,0.333,27.0,15.7,24.0,13.95,0.9989999999999999,0.23599999999999993,19.75,9.21,12.09,21.29,23.27,13.85,514.0,0.33,81.0,15.76,57.0,11.09,0.962,0.218,19.83,9.77,11.31,21.08,27.01,16.63,31.0,0.111,9.0,29.03,4.0,12.9,0.337,0.0,27.12,13.11,14.75,27.87,30.16,28.12,18.0,0.214,3.0,16.67,2.0,11.11,0.619,0.0719999999999999,27.27,14.46,14.46,28.92,30.77,10.34
745735,2024-06-08,2024,669257,R,642701,R,walk,False,True,157.0,0.232,27.0,17.2,9.0,5.73,0.6739999999999999,0.155,19.38,9.57,15.43,25.0,28.04,13.37,407.0,0.268,67.0,16.46,42.0,10.32,0.7949999999999999,0.1659999999999999,19.27,8.8,16.84,25.64,24.5,12.79,76.0,0.3,8.0,10.53,4.0,5.26,0.847,0.2,16.67,8.61,17.23,25.84,33.33,9.88,32.0,0.259,9.0,28.12,5.0,15.62,0.931,0.297,29.82,12.23,19.42,31.65,36.9,16.98
745735,2024-06-08,2024,606192,R,665828,R,walk,False,True,191.0,0.259,57.0,29.84,17.0,8.9,0.772,0.176,35.31,18.38,12.72,31.11,29.07,21.59,529.0,0.249,164.0,31.0,33.0,6.24,0.718,0.1639999999999999,36.92,19.57,14.44,34.01,34.81,23.06,,,,,,,,,,,,,,,,,,,,,,,,,,,,
745735,2024-06-08,2024,681624,R,665828,R,walk,False,True,139.0,0.224,40.0,28.78,7.0,5.04,0.667,0.16,28.62,15.89,12.52,28.41,32.3,20.62,,,,,,,,,,,,,,,,,,,,,,,,,,,,,,,,,,,,,,,,,,
745735,2024-06-08,2024,500743,R,665828,R,force_out,False,False,49.0,0.283,6.0,12.24,3.0,6.12,0.762,0.15200000000000002,13.51,5.88,19.41,25.29,25.0,14.63,279.0,0.21,36.0,12.9,18.0,6.45,0.546,0.068,19.79,9.92,16.53,26.45,34.53,12.9,,,,,,,,,,,,,,,,,,,,,,,,,,,,
745735,2024-06-08,2024,683011,R,642232,L,field_out,False,False,71.0,0.281,15.0,21.13,6.0,8.45,0.7490000000000001,0.125,18.44,8.84,17.01,25.85,28.1,17.65,134.0,0.248,35.0,26.12,16.0,11.94,0.817,0.2309999999999999,28.81,13.49,15.8,29.29,27.07,23.49,101.0,0.244,9.0,8.91,8.0,7.92,0.671,0.09999999999999998,14.2,6.54,15.18,21.73,28.21,8.65,270.0,0.268,47.0,17.41,7.0,2.59,0.716,0.1409999999999999,21.6,10.93,16.14,27.07,32.38,14.69
745735,2024-06-08,2024,657077,L,642232,L,field_out,False,False,70.0,0.237,12.0,17.14,8.0,11.43,0.702,0.136,20.35,7.96,22.84,30.8,22.54,13.79,161.0,0.22,27.0,16.77,15.0,9.32,0.61,0.0779999999999999,17.21,6.6,24.69,31.29,20.83,15.61,56.0,0.115,8.0,14.29,1.0,1.79,0.379,0.116,22.73,12.89,14.43,27.32,31.17,15.09,106.0,0.28,20.0,18.87,6.0,5.66,0.771,0.1699999999999999,25.45,13.66,16.1,29.76,37.43,14.39
745735,2024-06-08,2024,592450,R,642232,L,home_run,False,False,63.0,0.273,16.0,25.4,19.0,30.16,1.1280000000000001,0.363,33.33,11.27,15.27,26.55,16.45,22.54,74.0,0.274,21.0,28.38,11.0,14.86,1.0550000000000002,0.403,34.59,13.9,15.71,29.61,19.89,21.65,101.0,0.244,9.0,8.91,8.0,7.92,0.671,0.09999999999999998,14.2,6.54,15.18,21.73,28.21,8.65,270.0,0.268,47.0,17.41,7.0,2.59,0.716,0.1409999999999999,21.6,10.93,16.14,27.07,32.38,14.69
745735,2024-06-08,2024,519317,R,642232,L,field_out,False,False,59.0,0.214,18.0,30.51,2.0,3.39,0.616,0.161,31.53,15.98,17.81,33.79,35.45,29.03,74.0,0.265,13.0,17.57,6.0,8.11,0.942,0.353,21.88,10.11,15.16,25.27,26.09,20.0,101.0,0.244,9.0,8.91,8.0,7.92,0.671,0.09999999999999998,14.2,6.54,15.18,21.73,28.21,8.65,270.0,0.268,47.0,17.41,7.0,2.59,0.716,0.1409999999999999,21.6,10.93,16.14,27.07,32.38,14.69
746703,2024-06-08,2024,621550,R,671096,L,strikeout,True,False,43.0,0.278,12.0,27.91,4.0,9.3,0.928,0.278,27.47,13.3,13.83,27.13,24.73,19.05,131.0,0.217,47.0,35.88,10.0,7.63,0.769,0.275,32.94,15.47,14.92,30.39,23.55,28.83,218.0,0.233,38.0,17.43,16.0,7.34,0.754,0.232,19.32,9.26,15.36,24.62,24.88,15.55,374.0,0.259,92.0,24.6,40.0,10.7,0.8,0.204,24.44,11.1,16.17,27.27,25.93,18.62
746703,2024-06-08,2024,666624,R,671096,L,strikeout,True,False,66.0,0.212,11.0,16.67,9.0,13.64,0.79,0.23,24.76,11.26,14.72,25.97,26.09,16.18,101.0,0.25,28.0,27.72,9.0,8.91,0.893,0.3259999999999999,32.8,15.98,13.4,29.38,27.23,25.23,218.0,0.233,38.0,17.43,16.0,7.34,0.754,0.232,19.32,9.26,15.36,24.62,24.88,15.55,374.0,0.259,92.0,24.6,40.0,10.7,0.8,0.204,24.44,11.1,16.17,27.27,25.93,18.62
746703,2024-06-08,2024,641355,L,671096,L,single,False,False,68.0,0.313,8.0,11.76,0.0,0.0,0.727,0.10499999999999998,21.74,11.96,16.75,28.71,37.08,16.0,183.0,0.337,29.0,15.85,13.0,7.1,0.984,0.2589999999999999,20.0,9.84,17.49,27.32,33.33,11.98,64.0,0.23,14.0,21.88,2.0,3.12,0.5940000000000001,0.098,20.17,9.52,19.44,28.97,21.9,18.67,85.0,0.185,28.0,32.94,4.0,4.71,0.496,0.087,30.59,16.2,15.26,31.46,35.29,29.47
746703,2024-06-08,2024,621020,R,671096,L,double,False,False,43.0,0.216,10.0,23.26,5.0,11.63,0.7310000000000001,0.18900000000000003,26.92,12.35,11.76,24.12,21.59,23.26,161.0,0.245,43.0,26.71,17.0,10.56,0.771,0.203,30.48,14.79,13.87,28.66,24.48,20.28,218.0,0.233,38.0,17.43,16.0,7.34,0.754,0.232,19.32,9.26,15.36,24.62,24.88,15.55,374.0,0.259,92.0,24.6,40.0,10.7,0.8,0.204,24.44,11.1,16.17,27.27,25.93,18.62
746703,2024-06-08,2024,664023,R,671096,L,walk,False,True,59.0,0.241,13.0,22.03,3.0,5.08,0.645,0.11099999999999999,27.5,15.0,13.18,28.18,27.84,16.46,191.0,0.225,44.0,23.04,19.0,9.95,0.694,0.16,24.04,11.18,15.63,26.81,29.29,17.32,218.0,0.233,38.0,17.43,16.0,7.34,0.754,0.232,19.32,9.26,15.36,24.62,24.88,15.55,374.0,0.259,92.0,24.6,40.0,10.7,0.8,0.204,24.44,11.1,16.17,27.27,25.93,18.62
746703,2024-06-08,2024,643565,L,671096,L,field_out,False,False,47.0,0.286,11.0,23.4,5.0,10.64,0.6950000000000001,0.04700000000000004,24.14,10.71,17.35,28.06,21.35,19.3,57.0,0.25,13.0,22.81,6.0,10.53,0.741,0.146,27.84,12.05,17.86,29.91,16.5,20.63,64.0,0.23,14.0,21.88,2.0,3.12,0.5940000000000001,0.098,20.17,9.52,19.44,28.97,21.9,18.67,85.0,0.185,28.0,32.94,4.0,4.71,0.496,0.087,30.59,16.2,15.26,31.46,35.29,29.47
746703,2024-06-08,2024,670770,L,676962,R,field_out,False,False,44.0,0.158,9.0,20.45,4.0,9.09,0.5980000000000001,0.18400000000000002,18.57,7.56,18.6,26.16,22.09,18.75,446.0,0.26,70.0,15.7,38.0,8.52,0.785,0.189,18.12,7.73,19.52,27.25,25.03,13.48,107.0,0.228,32.0,29.91,13.0,12.15,0.631,0.07599999999999998,31.12,14.52,17.86,32.38,26.96,25.6,,,,,,,,,,,,,,
746703,2024-06-08,2024,682829,L,676962,R,field_out,False,False,171.0,0.247,58.0,33.92,17.0,9.94,0.8089999999999999,0.24,32.84,13.44,21.22,34.66,24.93,32.57,307.0,0.255,95.0,30.94,30.0,9.77,0.7989999999999999,0.2159999999999999,26.69,11.86,17.47,29.33,31.27,25.07,107.0,0.228,32.0,29.91,13.0,12.15,0.631,0.07599999999999998,31.12,14.52,17.86,32.38,26.96,25.6,,,,,,,,,,,,,,
746703,2024-06-08,2024,600869,L,676962,R,home_run,False,False,153.0,0.232,42.0,27.45,8.0,5.23,0.7410000000000001,0.233,29.0,15.18,14.31,29.49,36.43,24.14,415.0,0.251,91.0,21.93,38.0,9.16,0.812,0.2279999999999999,25.42,11.83,16.22,28.05,27.64,18.71,107.0,0.228,32.0,29.91,13.0,12.15,0.631,0.07599999999999998,31.12,14.52,17.86,32.38,26.96,25.6,,,,,,,,,,,,,,
746703,2024-06-08,2024,668715,R,676962,R,field_out,False,False,176.0,0.24,34.0,19.32,20.0,11.36,0.712,0.137,21.74,9.55,17.87,27.42,25.26,13.82,487.0,0.256,106.0,21.77,51.0,10.47,0.7789999999999999,0.175,25.48,10.86,19.02,29.88,22.75,18.53,99.0,0.189,29.0,29.29,5.0,5.05,0.535,0.122,32.54,15.11,20.33,35.44,31.36,27.36,,,,,,,,,,,,,,
746703,2024-06-08,2024,623520,R,671096,L,double,False,False,6.0,0.0,2.0,33.33,0.0,0.0,0.0,0.0,37.5,17.65,23.53,41.18,20.0,33.33,,,,,,,,,,,,,,,218.0,0.233,38.0,17.43,16.0,7.34,0.754,0.232,19.32,9.26,15.36,24.62,24.88,15.55,374.0,0.259,92.0,24.6,40.0,10.7,0.8,0.204,24.44,11.1,16.17,27.27,25.93,18.62
746703,2024-06-08,2024,683737,L,671096,L,field_out,False,False,24.0,0.304,6.0,25.0,1.0,4.17,0.768,0.131,23.53,12.0,15.0,27.0,27.08,16.22,15.0,0.2,6.0,40.0,0.0,0.0,0.467,0.067,32.14,14.06,18.75,32.81,34.21,31.58,64.0,0.23,14.0,21.88,2.0,3.12,0.5940000000000001,0.098,20.17,9.52,19.44,28.97,21.9,18.67,85.0,0.185,28.0,32.94,4.0,4.71,0.496,0.087,30.59,16.2,15.26,31.46,35.29,29.47
746703,2024-06-08,2024,543228,R,671096,L,field_out,False,False,13.0,0.083,7.0,53.85,1.0,7.69,0.237,0.0,41.38,23.08,15.38,38.46,42.86,38.89,140.0,0.281,22.0,15.71,7.0,5.0,0.825,0.2269999999999999,21.58,11.67,14.79,26.46,37.25,15.83,218.0,0.233,38.0,17.43,16.0,7.34,0.754,0.232,19.32,9.26,15.36,24.62,24.88,15.55,374.0,0.259,92.0,24.6,40.0,10.7,0.8,0.204,24.44,11.1,16.17,27.27,25.93,18.62
746703,2024-06-08,2024,621550,R,671096,L,strikeout,True,False,43.0,0.278,12.0,27.91,4.0,9.3,0.928,0.278,27.47,13.3,13.83,27.13,24.73,19.05,131.0,0.217,47.0,35.88,10.0,7.63,0.769,0.275,32.94,15.47,14.92,30.39,23.55,28.83,218.0,0.233,38.0,17.43,16.0,7.34,0.754,0.232,19.32,9.26,15.36,24.62,24.88,15.55,374.0,0.259,92.0,24.6,40.0,10.7,0.8,0.204,24.44,11.1,16.17,27.27,25.93,18.62
746703,2024-06-08,2024,641584,L,676962,R,field_out,False,False,128.0,0.283,27.0,21.09,12.0,9.38,0.706,0.07100000000000001,20.22,11.39,9.52,20.91,26.73,16.98,339.0,0.268,66.0,19.47,34.0,10.03,0.815,0.199,24.78,12.84,11.52,24.36,30.55,18.38,107.0,0.228,32.0,29.91,13.0,12.15,0.631,0.07599999999999998,31.12,14.52,17.86,32.38,26.96,25.6,,,,,,,,,,,,,,
746703,2024-06-08,2024,663886,R,676962,R,field_out,False,False,122.0,0.266,27.0,22.13,9.0,7.38,0.74,0.138,21.76,9.72,18.75,28.47,26.09,21.85,378.0,0.228,105.0,27.78,34.0,8.99,0.657,0.1239999999999999,29.78,12.81,19.96,32.77,26.19,24.59,99.0,0.189,29.0,29.29,5.0,5.05,0.535,0.122,32.54,15.11,20.33,35.44,31.36,27.36,,,,,,,,,,,,,,
746703,2024-06-08,2024,674441,L,676962,R,field_out,False,False,46.0,0.257,9.0,19.57,5.0,10.87,0.7150000000000001,0.08600000000000002,13.51,5.26,22.11,27.37,15.12,14.75,,,,,,,,,,,,,,,107.0,0.228,32.0,29.91,13.0,12.15,0.631,0.07599999999999998,31.12,14.52,17.86,32.38,26.96,25.6,,,,,,,,,,,,,,
746703,2024-06-08,2024,666624,R,671096,L,strikeout,True,False,66.0,0.212,11.0,16.67,9.0,13.64,0.79,0.23,24.76,11.26,14.72,25.97,26.09,16.18,101.0,0.25,28.0,27.72,9.0,8.91,0.893,0.3259999999999999,32.8,15.98,13.4,29.38,27.23,25.23,218.0,0.233,38.0,17.43,16.0,7.34,0.754,0.232,19.32,9.26,15.36,24.62,24.88,15.55,374.0,0.259,92.0,24.6,40.0,10.7,0.8,0.204,24.44,11.1,16.17,27.27,25.93,18.62
746703,2024-06-08,2024,641355,L,671096,L,single,False,False,68.0,0.313,8.0,11.76,0.0,0.0,0.727,0.10499999999999998,21.74,11.96,16.75,28.71,37.08,16.0,183.0,0.337,29.0,15.85,13.0,7.1,0.984,0.2589999999999999,20.0,9.84,17.49,27.32,33.33,11.98,64.0,0.23,14.0,21.88,2.0,3.12,0.5940000000000001,0.098,20.17,9.52,19.44,28.97,21.9,18.67,85.0,0.185,28.0,32.94,4.0,4.71,0.496,0.087,30.59,16.2,15.26,31.46,35.29,29.47
746703,2024-06-08,2024,621020,R,671096,L,walk,False,True,43.0,0.216,10.0,23.26,5.0,11.63,0.7310000000000001,0.18900000000000003,26.92,12.35,11.76,24.12,21.59,23.26,161.0,0.245,43.0,26.71,17.0,10.56,0.771,0.203,30.48,14.79,13.87,28.66,24.48,20.28,218.0,0.233,38.0,17.43,16.0,7.34,0.754,0.232,19.32,9.26,15.36,24.62,24.88,15.55,374.0,0.259,92.0,24.6,40.0,10.7,0.8,0.204,24.44,11.1,16.17,27.27,25.93,18.62
746703,2024-06-08,2024,664023,R,671096,L,field_out,False,False,59.0,0.241,13.0,22.03,3.0,5.08,0.645,0.11099999999999999,27.5,15.0,13.18,28.18,27.84,16.46,191.0,0.225,44.0,23.04,19.0,9.95,0.694,0.16,24.04,11.18,15.63,26.81,29.29,17.32,218.0,0.233,38.0,17.43,16.0,7.34,0.754,0.232,19.32,9.26,15.36,24.62,24.88,15.55,374.0,0.259,92.0,24.6,40.0,10.7,0.8,0.204,24.44,11.1,16.17,27.27,25.93,18.62
746703,2024-06-08,2024,643565,L,671096,L,field_out,False,False,47.0,0.286,11.0,23.4,5.0,10.64,0.6950000000000001,0.04700000000000004,24.14,10.71,17.35,28.06,21.35,19.3,57.0,0.25,13.0,22.81,6.0,10.53,0.741,0.146,27.84,12.05,17.86,29.91,16.5,20.63,64.0,0.23,14.0,21.88,2.0,3.12,0.5940000000000001,0.098,20.17,9.52,19.44,28.97,21.9,18.67,85.0,0.185,28.0,32.94,4.0,4.71,0.496,0.087,30.59,16.2,15.26,31.46,35.29,29.47
746703,2024-06-08,2024,663697,R,676962,R,walk,False,True,157.0,0.22,37.0,23.57,22.0,14.01,0.649,0.098,18.85,6.72,21.17,27.88,15.68,19.07,397.0,0.257,73.0,18.39,37.0,9.32,0.7809999999999999,0.175,21.3,8.18,21.42,29.59,19.53,15.19,99.0,0.189,29.0,29.29,5.0,5.05,0.535,0.122,32.54,15.11,20.33,35.44,31.36,27.36,,,,,,,,,,,,,,
746703,2024-06-08,2024,666181,L,676962,R,strikeout,True,False,162.0,0.248,67.0,41.36,17.0,10.49,0.817,0.242,38.82,18.57,14.86,33.43,21.63,30.59,285.0,0.297,89.0,31.23,37.0,12.98,0.938,0.252,31.03,13.11,16.03,29.13,18.51,23.66,107.0,0.228,32.0,29.91,13.0,12.15,0.631,0.07599999999999998,31.12,14.52,17.86,32.38,26.96,25.6,,,,,,,,,,,,,,
746703,2024-06-08,2024,670770,L,676962,R,home_run,False,False,44.0,0.158,9.0,20.45,4.0,9.09,0.5980000000000001,0.18400000000000002,18.57,7.56,18.6,26.16,22.09,18.75,446.0,0.26,70.0,15.7,38.0,8.52,0.785,0.189,18.12,7.73,19.52,27.25,25.03,13.48,107.0,0.228,32.0,29.91,13.0,12.15,0.631,0.07599999999999998,31.12,14.52,17.86,32.38,26.96,25.6,,,,,,,,,,,,,,
746703,2024-06-08,2024,682829,L,676962,R,field_out,False,False,171.0,0.247,58.0,33.92,17.0,9.94,0.8089999999999999,0.24,32.84,13.44,21.22,34.66,24.93,32.57,307.0,0.255,95.0,30.94,30.0,9.77,0.7989999999999999,0.2159999999999999,26.69,11.86,17.47,29.33,31.27,25.07,107.0,0.228,32.0,29.91,13.0,12.15,0.631,0.07599999999999998,31.12,14.52,17.86,32.38,26.96,25.6,,,,,,,,,,,,,,
746703,2024-06-08,2024,600869,L,676962,R,field_out,False,False,153.0,0.232,42.0,27.45,8.0,5.23,0.7410000000000001,0.233,29.0,15.18,14.31,29.49,36.43,24.14,415.0,0.251,91.0,21.93,38.0,9.16,0.812,0.2279999999999999,25.42,11.83,16.22,28.05,27.64,18.71,107.0,0.228,32.0,29.91,13.0,12.15,0.631,0.07599999999999998,31.12,14.52,17.86,32.38,26.96,25.6,,,,,,,,,,,,,,
746703,2024-06-08,2024,623520,R,671096,L,field_out,False,False,6.0,0.0,2.0,33.33,0.0,0.0,0.0,0.0,37.5,17.65,23.53,41.18,20.0,33.33,,,,,,,,,,,,,,,218.0,0.233,38.0,17.43,16.0,7.34,0.754,0.232,19.32,9.26,15.36,24.62,24.88,15.55,374.0,0.259,92.0,24.6,40.0,10.7,0.8,0.204,24.44,11.1,16.17,27.27,25.93,18.62
746703,2024-06-08,2024,683737,L,671096,L,walk,False,True,24.0,0.304,6.0,25.0,1.0,4.17,0.768,0.131,23.53,12.0,15.0,27.0,27.08,16.22,15.0,0.2,6.0,40.0,0.0,0.0,0.467,0.067,32.14,14.06,18.75,32.81,34.21,31.58,64.0,0.23,14.0,21.88,2.0,3.12,0.5940000000000001,0.098,20.17,9.52,19.44,28.97,21.9,18.67,85.0,0.185,28.0,32.94,4.0,4.71,0.496,0.087,30.59,16.2,15.26,31.46,35.29,29.47
746703,2024-06-08,2024,543228,R,671096,L,field_out,False,False,13.0,0.083,7.0,53.85,1.0,7.69,0.237,0.0,41.38,23.08,15.38,38.46,42.86,38.89,140.0,0.281,22.0,15.71,7.0,5.0,0.825,0.2269999999999999,21.58,11.67,14.79,26.46,37.25,15.83,218.0,0.233,38.0,17.43,16.0,7.34,0.754,0.232,19.32,9.26,15.36,24.62,24.88,15.55,374.0,0.259,92.0,24.6,40.0,10.7,0.8,0.204,24.44,11.1,16.17,27.27,25.93,18.62
746703,2024-06-08,2024,621550,R,671096,L,strikeout,True,False,43.0,0.278,12.0,27.91,4.0,9.3,0.928,0.278,27.47,13.3,13.83,27.13,24.73,19.05,131.0,0.217,47.0,35.88,10.0,7.63,0.769,0.275,32.94,15.47,14.92,30.39,23.55,28.83,218.0,0.233,38.0,17.43,16.0,7.34,0.754,0.232,19.32,9.26,15.36,24.62,24.88,15.55,374.0,0.259,92.0,24.6,40.0,10.7,0.8,0.204,24.44,11.1,16.17,27.27,25.93,18.62
746703,2024-06-08,2024,668715,R,676962,R,strikeout,True,False,176.0,0.24,34.0,19.32,20.0,11.36,0.712,0.137,21.74,9.55,17.87,27.42,25.26,13.82,487.0,0.256,106.0,21.77,51.0,10.47,0.7789999999999999,0.175,25.48,10.86,19.02,29.88,22.75,18.53,99.0,0.189,29.0,29.29,5.0,5.05,0.535,0.122,32.54,15.11,20.33,35.44,31.36,27.36,,,,,,,,,,,,,,
746703,2024-06-08,2024,641584,L,676962,R,single,False,False,128.0,0.283,27.0,21.09,12.0,9.38,0.706,0.07100000000000001,20.22,11.39,9.52,20.91,26.73,16.98,339.0,0.268,66.0,19.47,34.0,10.03,0.815,0.199,24.78,12.84,11.52,24.36,30.55,18.38,107.0,0.228,32.0,29.91,13.0,12.15,0.631,0.07599999999999998,31.12,14.52,17.86,32.38,26.96,25.6,,,,,,,,,,,,,,
746703,2024-06-08,2024,663886,R,676962,R,strikeout,True,False,122.0,0.266,27.0,22.13,9.0,7.38,0.74,0.138,21.76,9.72,18.75,28.47,26.09,21.85,378.0,0.228,105.0,27.78,34.0,8.99,0.657,0.1239999999999999,29.78,12.81,19.96,32.77,26.19,24.59,99.0,0.189,29.0,29.29,5.0,5.05,0.535,0.122,32.54,15.11,20.33,35.44,31.36,27.36,,,,,,,,,,,,,,
746703,2024-06-08,2024,674441,L,676962,R,field_out,False,False,46.0,0.257,9.0,19.57,5.0,10.87,0.7150000000000001,0.08600000000000002,13.51,5.26,22.11,27.37,15.12,14.75,,,,,,,,,,,,,,,107.0,0.228,32.0,29.91,13.0,12.15,0.631,0.07599999999999998,31.12,14.52,17.86,32.38,26.96,25.6,,,,,,,,,,,,,,
746703,2024-06-08,2024,666624,R,671096,L,field_out,False,False,66.0,0.212,11.0,16.67,9.0,13.64,0.79,0.23,24.76,11.26,14.72,25.97,26.09,16.18,101.0,0.25,28.0,27.72,9.0,8.91,0.893,0.3259999999999999,32.8,15.98,13.4,29.38,27.23,25.23,218.0,0.233,38.0,17.43,16.0,7.34,0.754,0.232,19.32,9.26,15.36,24.62,24.88,15.55,374.0,0.259,92.0,24.6,40.0,10.7,0.8,0.204,24.44,11.1,16.17,27.27,25.93,18.62
746703,2024-06-08,2024,641355,L,671096,L,field_out,False,False,68.0,0.313,8.0,11.76,0.0,0.0,0.727,0.10499999999999998,21.74,11.96,16.75,28.71,37.08,16.0,183.0,0.337,29.0,15.85,13.0,7.1,0.984,0.2589999999999999,20.0,9.84,17.49,27.32,33.33,11.98,64.0,0.23,14.0,21.88,2.0,3.12,0.5940000000000001,0.098,20.17,9.52,19.44,28.97,21.9,18.67,85.0,0.185,28.0,32.94,4.0,4.71,0.496,0.087,30.59,16.2,15.26,31.46,35.29,29.47
746703,2024-06-08,2024,621020,R,671096,L,double,False,False,43.0,0.216,10.0,23.26,5.0,11.63,0.7310000000000001,0.18900000000000003,26.92,12.35,11.76,24.12,21.59,23.26,161.0,0.245,43.0,26.71,17.0,10.56,0.771,0.203,30.48,14.79,13.87,28.66,24.48,20.28,218.0,0.233,38.0,17.43,16.0,7.34,0.754,0.232,19.32,9.26,15.36,24.62,24.88,15.55,374.0,0.259,92.0,24.6,40.0,10.7,0.8,0.204,24.44,11.1,16.17,27.27,25.93,18.62
746703,2024-06-08,2024,664023,R,671096,L,walk,False,True,59.0,0.241,13.0,22.03,3.0,5.08,0.645,0.11099999999999999,27.5,15.0,13.18,28.18,27.84,16.46,191.0,0.225,44.0,23.04,19.0,9.95,0.694,0.16,24.04,11.18,15.63,26.81,29.29,17.32,218.0,0.233,38.0,17.43,16.0,7.34,0.754,0.232,19.32,9.26,15.36,24.62,24.88,15.55,374.0,0.259,92.0,24.6,40.0,10.7,0.8,0.204,24.44,11.1,16.17,27.27,25.93,18.62
746703,2024-06-08,2024,643565,L,671096,L,field_out,False,False,47.0,0.286,11.0,23.4,5.0,10.64,0.6950000000000001,0.04700000000000004,24.14,10.71,17.35,28.06,21.35,19.3,57.0,0.25,13.0,22.81,6.0,10.53,0.741,0.146,27.84,12.05,17.86,29.91,16.5,20.63,64.0,0.23,14.0,21.88,2.0,3.12,0.5940000000000001,0.098,20.17,9.52,19.44,28.97,21.9,18.67,85.0,0.185,28.0,32.94,4.0,4.71,0.496,0.087,30.59,16.2,15.26,31.46,35.29,29.47
746703,2024-06-08,2024,663697,R,696136,L,single,False,False,79.0,0.281,12.0,15.19,12.0,15.19,0.796,0.10999999999999999,12.73,4.09,24.56,28.65,13.61,12.77,134.0,0.207,36.0,26.87,15.0,11.19,0.642,0.129,23.87,9.31,22.67,31.99,19.93,19.66,82.0,0.253,23.0,28.05,6.0,7.32,0.7170000000000001,0.14700000000000002,30.41,16.25,10.94,27.19,33.52,23.96,128.0,0.261,18.0,14.06,8.0,6.25,0.739,0.174,22.47,10.43,15.54,25.97,28.26,13.64
746703,2024-06-08,2024,666181,L,696136,L,sac_bunt,False,False,53.0,0.095,16.0,30.19,9.0,16.98,0.478,0.119,38.1,17.17,13.73,30.9,22.5,17.98,44.0,0.146,14.0,31.82,3.0,6.82,0.4,0.049,34.18,15.79,19.3,35.09,25.64,27.45,26.0,0.318,5.0,19.23,3.0,11.54,0.878,0.137,24.59,12.61,10.08,22.69,35.29,10.64,20.0,0.188,6.0,30.0,3.0,15.0,0.754,0.25,27.91,12.77,13.83,26.6,36.84,17.65
746703,2024-06-08,2024,670770,L,696136,L,field_out,False,False,21.0,0.4,3.0,14.29,2.0,9.52,1.038,0.067,32.14,13.43,22.39,35.82,28.57,17.65,110.0,0.354,20.0,18.18,9.0,8.18,0.963,0.188,19.23,7.48,23.69,31.17,22.46,18.87,26.0,0.318,5.0,19.23,3.0,11.54,0.878,0.137,24.59,12.61,10.08,22.69,35.29,10.64,20.0,0.188,6.0,30.0,3.0,15.0,0.754,0.25,27.91,12.77,13.83,26.6,36.84,17.65
746703,2024-06-08,2024,682829,R,696136,L,single,False,False,100.0,0.22,28.0,28.0,12.0,12.0,0.6759999999999999,0.10900000000000001,34.07,14.8,14.8,29.59,26.64,24.35,122.0,0.184,49.0,40.16,5.0,4.1,0.494,0.079,37.56,17.7,19.4,37.1,38.0,33.33,82.0,0.253,23.0,28.05,6.0,7.32,0.7170000000000001,0.14700000000000002,30.41,16.25,10.94,27.19,33.52,23.96,128.0,0.261,18.0,14.06,8.0,6.25,0.739,0.174,22.47,10.43,15.54,25.97,28.26,13.64
746703,2024-06-08,2024,600869,R,696136,L,field_out,False,False,80.0,0.25,17.0,21.25,10.0,12.5,0.744,0.132,29.14,14.1,13.14,27.24,29.11,19.32,161.0,0.254,36.0,22.36,15.0,9.32,0.793,0.197,21.45,10.5,14.2,24.7,29.83,16.29,82.0,0.253,23.0,28.05,6.0,7.32,0.7170000000000001,0.14700000000000002,30.41,16.25,10.94,27.19,33.52,23.96,128.0,0.261,18.0,14.06,8.0,6.25,0.739,0.174,22.47,10.43,15.54,25.97,28.26,13.64
746703,2024-06-08,2024,623520,R,641941,R,single,False,False,2.0,0.0,2.0,100.0,0.0,0.0,0.0,0.0,50.0,28.57,28.57,57.14,50.0,100.0,,,,,,,,,,,,,,,51.0,0.292,13.0,25.49,2.0,3.92,0.653,0.041000000000000036,28.42,15.0,15.0,30.0,32.14,26.0,153.0,0.163,32.0,20.92,10.0,6.54,0.508,0.1209999999999999,20.37,11.48,13.22,24.7,31.05,16.93
746703,2024-06-08,2024,683737,L,641941,R,strikeout,True,False,182.0,0.235,64.0,35.16,24.0,13.19,0.785,0.20900000000000002,33.71,15.01,15.01,30.03,25.0,24.81,66.0,0.158,21.0,31.82,8.0,12.12,0.556,0.1399999999999999,29.79,14.48,13.45,27.93,28.39,21.0,32.0,0.185,12.0,37.5,5.0,15.62,0.9790000000000001,0.48200000000000004,37.14,18.84,11.59,30.43,34.18,21.43,120.0,0.206,33.0,27.5,11.0,9.17,0.611,0.13,29.41,15.12,11.09,26.21,27.97,20.51
746703,2024-06-08,2024,543228,R,641941,R,double,False,False,72.0,0.159,27.0,37.5,1.0,1.39,0.442,0.10200000000000001,33.72,19.8,13.65,33.45,45.07,25.96,281.0,0.26,59.0,21.0,14.0,4.98,0.6719999999999999,0.0979999999999999,25.45,13.09,15.78,28.88,36.89,18.55,51.0,0.292,13.0,25.49,2.0,3.92,0.653,0.041000000000000036,28.42,15.0,15.0,30.0,32.14,26.0,153.0,0.163,32.0,20.92,10.0,6.54,0.508,0.1209999999999999,20.37,11.48,13.22,24.7,31.05,16.93
746703,2024-06-08,2024,621550,R,641941,R,field_out,False,False,31.0,0.138,10.0,32.26,2.0,6.45,0.504,0.172,28.3,13.51,18.92,32.43,22.45,30.3,172.0,0.196,64.0,37.21,20.0,11.63,0.8049999999999999,0.311,34.35,16.0,14.32,30.32,24.49,24.24,51.0,0.292,13.0,25.49,2.0,3.92,0.653,0.041000000000000036,28.42,15.0,15.0,30.0,32.14,26.0,153.0,0.163,32.0,20.92,10.0,6.54,0.508,0.1209999999999999,20.37,11.48,13.22,24.7,31.05,16.93
746703,2024-06-08,2024,666624,R,641941,R,field_out,False,False,195.0,0.204,45.0,23.08,23.0,11.79,0.687,0.17900000000000002,30.68,14.14,13.61,27.75,25.12,20.45,329.0,0.247,105.0,31.91,27.0,8.21,0.798,0.239,38.21,19.07,13.74,32.81,29.43,27.56,51.0,0.292,13.0,25.49,2.0,3.92,0.653,0.041000000000000036,28.42,15.0,15.0,30.0,32.14,26.0,153.0,0.163,32.0,20.92,10.0,6.54,0.508,0.1209999999999999,20.37,11.48,13.22,24.7,31.05,16.93
746703,2024-06-08,2024,668715,R,696136,L,double,False,False,83.0,0.232,16.0,19.28,11.0,13.25,0.813,0.232,21.28,9.32,16.46,25.78,24.24,15.38,180.0,0.312,33.0,18.33,17.0,9.44,0.928,0.238,20.88,9.77,17.74,27.51,26.97,14.47,82.0,0.253,23.0,28.05,6.0,7.32,0.7170000000000001,0.14700000000000002,30.41,16.25,10.94,27.19,33.52,23.96,128.0,0.261,18.0,14.06,8.0,6.25,0.739,0.174,22.47,10.43,15.54,25.97,28.26,13.64
746703,2024-06-08,2024,641584,L,696136,L,field_out,False,False,30.0,0.31,3.0,10.0,1.0,3.33,0.747,0.10399999999999998,16.0,9.3,13.95,23.26,36.84,16.67,41.0,0.147,5.0,12.2,3.0,7.32,0.503,0.088,17.39,8.7,15.22,23.91,26.56,15.15,26.0,0.318,5.0,19.23,3.0,11.54,0.878,0.137,24.59,12.61,10.08,22.69,35.29,10.64,20.0,0.188,6.0,30.0,3.0,15.0,0.754,0.25,27.91,12.77,13.83,26.6,36.84,17.65
746703,2024-06-08,2024,663886,R,696136,L,double_play,False,False,62.0,0.273,7.0,11.29,6.0,9.68,0.8480000000000001,0.236,8.89,3.42,20.51,23.93,21.05,11.86,140.0,0.283,30.0,21.43,13.0,9.29,0.7989999999999999,0.166,24.79,10.12,16.75,26.88,18.56,21.13,82.0,0.253,23.0,28.05,6.0,7.32,0.7170000000000001,0.14700000000000002,30.41,16.25,10.94,27.19,33.52,23.96,128.0,0.261,18.0,14.06,8.0,6.25,0.739,0.174,22.47,10.43,15.54,25.97,28.26,13.64
746703,2024-06-08,2024,641355,L,594580,L,strikeout,True,False,68.0,0.313,8.0,11.76,0.0,0.0,0.727,0.10499999999999998,21.74,11.96,16.75,28.71,37.08,16.0,183.0,0.337,29.0,15.85,13.0,7.1,0.984,0.2589999999999999,20.0,9.84,17.49,27.32,33.33,11.98,16.0,0.214,5.0,31.25,1.0,6.25,0.46399999999999997,0.0,38.24,18.31,15.49,33.8,32.43,20.83,121.0,0.161,42.0,34.71,7.0,5.79,0.4579999999999999,0.0799999999999999,27.98,12.53,20.53,33.06,27.27,27.27
746703,2024-06-08,2024,621020,R,594580,L,field_out,False,False,43.0,0.216,10.0,23.26,5.0,11.63,0.7310000000000001,0.18900000000000003,26.92,12.35,11.76,24.12,21.59,23.26,161.0,0.245,43.0,26.71,17.0,10.56,0.771,0.203,30.48,14.79,13.87,28.66,24.48,20.28,28.0,0.24,4.0,14.29,2.0,7.14,0.601,0.040000000000000036,18.18,8.33,16.67,25.0,16.67,9.3,147.0,0.25,26.0,17.69,23.0,15.65,0.7310000000000001,0.086,17.57,7.36,17.69,25.04,26.1,16.25
746703,2024-06-08,2024,664023,R,594580,L,field_out,False,False,59.0,0.241,13.0,22.03,3.0,5.08,0.645,0.11099999999999999,27.5,15.0,13.18,28.18,27.84,16.46,191.0,0.225,44.0,23.04,19.0,9.95,0.694,0.16,24.04,11.18,15.63,26.81,29.29,17.32,28.0,0.24,4.0,14.29,2.0,7.14,0.601,0.040000000000000036,18.18,8.33,16.67,25.0,16.67,9.3,147.0,0.25,26.0,17.69,23.0,15.65,0.7310000000000001,0.086,17.57,7.36,17.69,25.04,26.1,16.25
746703,2024-06-08,2024,656413,R,696136,L,field_out,False,False,80.0,0.329,15.0,18.75,10.0,12.5,0.8979999999999999,0.15699999999999997,36.69,17.71,9.72,27.43,22.58,20.27,113.0,0.226,34.0,30.09,13.0,11.5,0.7,0.1289999999999999,36.84,17.46,14.51,31.97,22.54,26.77,82.0,0.253,23.0,28.05,6.0,7.32,0.7170000000000001,0.14700000000000002,30.41,16.25,10.94,27.19,33.52,23.96,128.0,0.261,18.0,14.06,8.0,6.25,0.739,0.174,22.47,10.43,15.54,25.97,28.26,13.64
746703,2024-06-08,2024,663697,R,696136,L,field_out,False,False,79.0,0.281,12.0,15.19,12.0,15.19,0.796,0.10999999999999999,12.73,4.09,24.56,28.65,13.61,12.77,134.0,0.207,36.0,26.87,15.0,11.19,0.642,0.129,23.87,9.31,22.67,31.99,19.93,19.66,82.0,0.253,23.0,28.05,6.0,7.32,0.7170000000000001,0.14700000000000002,30.41,16.25,10.94,27.19,33.52,23.96,128.0,0.261,18.0,14.06,8.0,6.25,0.739,0.174,22.47,10.43,15.54,25.97,28.26,13.64
746703,2024-06-08,2024,694362,R,696136,L,strikeout,True,False,6.0,0.2,0.0,0.0,1.0,16.67,0.7330000000000001,0.2,37.5,18.75,6.25,25.0,12.5,0.0,,,,,,,,,,,,,,,82.0,0.253,23.0,28.05,6.0,7.32,0.7170000000000001,0.14700000000000002,30.41,16.25,10.94,27.19,33.52,23.96,128.0,0.261,18.0,14.06,8.0,6.25,0.739,0.174,22.47,10.43,15.54,25.97,28.26,13.64
746703,2024-06-08,2024,643565,L,518585,R,field_out,False,False,177.0,0.264,35.0,19.77,25.0,14.12,0.8069999999999999,0.16799999999999998,22.78,11.18,11.8,22.98,23.29,12.24,345.0,0.253,73.0,21.16,50.0,14.49,0.739,0.121,23.95,9.92,17.49,27.41,19.14,15.57,58.0,0.204,21.0,36.21,9.0,15.52,0.6950000000000001,0.163,35.4,16.33,14.69,31.02,27.2,25.93,128.0,0.231,43.0,33.59,18.0,14.06,0.733,0.158,29.12,13.69,13.69,27.39,27.0,23.76
746703,2024-06-08,2024,623520,R,518585,R,single,False,False,2.0,0.0,2.0,100.0,0.0,0.0,0.0,0.0,50.0,28.57,28.57,57.14,50.0,100.0,,,,,,,,,,,,,,,59.0,0.115,32.0,54.24,5.0,8.47,0.325,0.020000000000000004,51.24,25.73,15.35,41.08,40.82,42.11,151.0,0.196,55.0,36.42,10.0,6.62,0.601,0.1519999999999999,39.37,19.93,13.76,33.69,34.92,31.98
746703,2024-06-08,2024,683737,L,518585,R,double,False,False,182.0,0.235,64.0,35.16,24.0,13.19,0.785,0.20900000000000002,33.71,15.01,15.01,30.03,25.0,24.81,66.0,0.158,21.0,31.82,8.0,12.12,0.556,0.1399999999999999,29.79,14.48,13.45,27.93,28.39,21.0,58.0,0.204,21.0,36.21,9.0,15.52,0.6950000000000001,0.163,35.4,16.33,14.69,31.02,27.2,25.93,128.0,0.231,43.0,33.59,18.0,14.06,0.733,0.158,29.12,13.69,13.69,27.39,27.0,23.76
746703,2024-06-08,2024,691718,L,518585,R,field_out,False,False,70.0,0.21,14.0,20.0,4.0,5.71,0.5880000000000001,0.11300000000000002,21.94,12.59,11.48,24.07,38.52,14.58,15.0,0.0,6.0,40.0,2.0,13.33,0.154,0.0,44.44,26.67,8.33,35.0,23.08,27.27,58.0,0.204,21.0,36.21,9.0,15.52,0.6950000000000001,0.163,35.4,16.33,14.69,31.02,27.2,25.93,128.0,0.231,43.0,33.59,18.0,14.06,0.733,0.158,29.12,13.69,13.69,27.39,27.0,23.76
746703,2024-06-08,2024,621550,R,518585,R,field_out,False,False,31.0,0.138,10.0,32.26,2.0,6.45,0.504,0.172,28.3,13.51,18.92,32.43,22.45,30.3,172.0,0.196,64.0,37.21,20.0,11.63,0.8049999999999999,0.311,34.35,16.0,14.32,30.32,24.49,24.24,59.0,0.115,32.0,54.24,5.0,8.47,0.325,0.020000000000000004,51.24,25.73,15.35,41.08,40.82,42.11,151.0,0.196,55.0,36.42,10.0,6.62,0.601,0.1519999999999999,39.37,19.93,13.76,33.69,34.92,31.98
746703,2024-06-08,2024,670770,L,696136,L,walk,False,True,21.0,0.4,3.0,14.29,2.0,9.52,1.038,0.067,32.14,13.43,22.39,35.82,28.57,17.65,110.0,0.354,20.0,18.18,9.0,8.18,0.963,0.188,19.23,7.48,23.69,31.17,22.46,18.87,26.0,0.318,5.0,19.23,3.0,11.54,0.878,0.137,24.59,12.61,10.08,22.69,35.29,10.64,20.0,0.188,6.0,30.0,3.0,15.0,0.754,0.25,27.91,12.77,13.83,26.6,36.84,17.65
746703,2024-06-08,2024,682829,R,696136,L,strikeout,True,False,100.0,0.22,28.0,28.0,12.0,12.0,0.6759999999999999,0.10900000000000001,34.07,14.8,14.8,29.59,26.64,24.35,122.0,0.184,49.0,40.16,5.0,4.1,0.494,0.079,37.56,17.7,19.4,37.1,38.0,33.33,82.0,0.253,23.0,28.05,6.0,7.32,0.7170000000000001,0.14700000000000002,30.41,16.25,10.94,27.19,33.52,23.96,128.0,0.261,18.0,14.06,8.0,6.25,0.739,0.174,22.47,10.43,15.54,25.97,28.26,13.64
746703,2024-06-08,2024,600869,L,643410,R,field_out,False,False,153.0,0.232,42.0,27.45,8.0,5.23,0.7410000000000001,0.233,29.0,15.18,14.31,29.49,36.43,24.14,415.0,0.251,91.0,21.93,38.0,9.16,0.812,0.2279999999999999,25.42,11.83,16.22,28.05,27.64,18.71,66.0,0.233,16.0,24.24,6.0,9.09,0.586,0.04999999999999996,33.62,15.79,13.77,29.55,33.77,24.24,182.0,0.185,58.0,31.87,18.0,9.89,0.567,0.1169999999999999,35.24,15.61,16.6,32.21,29.51,29.29
746703,2024-06-08,2024,668715,R,643410,R,field_out,False,False,176.0,0.24,34.0,19.32,20.0,11.36,0.712,0.137,21.74,9.55,17.87,27.42,25.26,13.82,487.0,0.256,106.0,21.77,51.0,10.47,0.7789999999999999,0.175,25.48,10.86,19.02,29.88,22.75,18.53,35.0,0.212,16.0,45.71,2.0,5.71,0.56,0.091,40.0,18.06,18.75,36.81,34.18,35.56,87.0,0.254,19.0,21.84,6.0,6.9,0.875,0.253,26.32,11.56,15.32,26.88,23.2,20.21
746703,2024-06-08,2024,666624,R,608371,R,walk,False,True,195.0,0.204,45.0,23.08,23.0,11.79,0.687,0.17900000000000002,30.68,14.14,13.61,27.75,25.12,20.45,329.0,0.247,105.0,31.91,27.0,8.21,0.798,0.239,38.21,19.07,13.74,32.81,29.43,27.56,58.0,0.204,19.0,32.76,8.0,13.79,0.739,0.225,30.97,14.11,16.94,31.05,25.2,23.46,145.0,0.126,47.0,32.41,24.0,16.55,0.5640000000000001,0.144,36.09,15.87,16.53,32.4,27.51,23.74
746703,2024-06-08,2024,641355,L,608371,R,force_out,False,False,151.0,0.221,28.0,18.54,17.0,11.26,0.768,0.229,26.81,13.31,12.59,25.9,30.51,19.58,373.0,0.291,58.0,15.55,27.0,7.24,0.829,0.198,20.08,10.01,15.91,25.92,29.71,13.74,29.0,0.25,4.0,13.79,4.0,13.79,0.921,0.29200000000000004,14.29,6.86,15.69,22.55,27.08,18.18,114.0,0.209,25.0,21.93,15.0,13.16,0.6950000000000001,0.132,29.49,14.0,12.47,26.48,28.16,19.23
746703,2024-06-08,2024,621020,R,608371,R,single,False,False,164.0,0.207,49.0,29.88,12.0,7.32,0.601,0.12600000000000003,34.16,16.44,15.25,31.69,24.13,24.38,478.0,0.244,111.0,23.22,49.0,10.25,0.734,0.161,28.04,13.13,15.12,28.26,23.34,18.66,58.0,0.204,19.0,32.76,8.0,13.79,0.739,0.225,30.97,14.11,16.94,31.05,25.2,23.46,145.0,0.126,47.0,32.41,24.0,16.55,0.5640000000000001,0.144,36.09,15.87,16.53,32.4,27.51,23.74
746703,2024-06-08,2024,664023,R,458677,L,field_out,False,False,59.0,0.241,13.0,22.03,3.0,5.08,0.645,0.11099999999999999,27.5,15.0,13.18,28.18,27.84,16.46,191.0,0.225,44.0,23.04,19.0,9.95,0.694,0.16,24.04,11.18,15.63,26.81,29.29,17.32,24.0,0.318,5.0,20.83,1.0,4.17,0.875,0.182,19.35,12.5,10.42,22.92,44.44,14.29,,,,,,,,,,,,,,
746703,2024-06-08,2024,643565,L,458677,L,field_out,False,False,47.0,0.286,11.0,23.4,5.0,10.64,0.6950000000000001,0.04700000000000004,24.14,10.71,17.35,28.06,21.35,19.3,57.0,0.25,13.0,22.81,6.0,10.53,0.741,0.146,27.84,12.05,17.86,29.91,16.5,20.63,32.0,0.276,10.0,31.25,1.0,3.12,0.829,0.241,32.26,15.5,17.05,32.56,32.86,27.78,,,,,,,,,,,,,,
745652,2024-06-08,2024,676914,R,665622,R,field_out,False,False,150.0,0.258,37.0,24.67,17.0,11.33,0.8049999999999999,0.187,26.89,10.76,18.94,29.7,19.94,17.37,87.0,0.247,27.0,31.03,11.0,12.64,0.8340000000000001,0.219,37.06,13.98,21.9,35.88,15.66,21.77,12.0,0.091,3.0,25.0,1.0,8.33,0.349,0.091,26.09,11.54,15.38,26.92,34.48,18.75,278.0,0.247,64.0,23.02,30.0,10.79,0.796,0.218,27.38,12.79,14.88,27.68,28.05,20.71
745652,2024-06-08,2024,687462,L,665622,R,walk,False,True,,,,,,,,,,,,,,,38.0,0.265,10.0,26.32,3.0,7.89,0.754,0.1469999999999999,27.14,13.01,17.12,30.14,25.35,21.74,9.0,0.125,3.0,33.33,1.0,11.11,0.347,0.0,20.83,13.51,8.11,21.62,44.44,21.43,217.0,0.266,42.0,19.35,27.0,12.44,0.786,0.1419999999999999,20.68,9.23,14.6,23.83,24.15,17.57
745652,2024-06-08,2024,665489,R,665622,R,walk,False,True,220.0,0.304,39.0,17.73,25.0,11.36,0.819,0.129,24.11,11.15,15.67,26.82,24.01,13.88,558.0,0.26,85.0,15.23,48.0,8.6,0.792,0.2,23.83,12.29,11.94,24.23,30.21,15.37,12.0,0.091,3.0,25.0,1.0,8.33,0.349,0.091,26.09,11.54,15.38,26.92,34.48,18.75,278.0,0.247,64.0,23.02,30.0,10.79,0.796,0.218,27.38,12.79,14.88,27.68,28.05,20.71
745652,2024-06-08,2024,666182,R,665622,R,walk,False,True,203.0,0.261,34.0,16.75,11.0,5.42,0.698,0.127,22.25,12.72,10.82,23.54,37.16,17.0,496.0,0.303,102.0,20.56,20.0,4.03,0.797,0.161,21.9,12.38,11.73,24.11,38.01,17.91,12.0,0.091,3.0,25.0,1.0,8.33,0.349,0.091,26.09,11.54,15.38,26.92,34.48,18.75,278.0,0.247,64.0,23.02,30.0,10.79,0.796,0.218,27.38,12.79,14.88,27.68,28.05,20.71
745652,2024-06-08,2024,643376,R,665622,R,sac_fly,False,False,99.0,0.256,13.0,13.13,9.0,9.09,0.8340000000000001,0.255,16.67,6.67,20.25,26.91,20.1,10.17,215.0,0.237,46.0,21.4,16.0,7.44,0.784,0.221,25.13,11.59,15.17,26.76,23.75,20.09,12.0,0.091,3.0,25.0,1.0,8.33,0.349,0.091,26.09,11.54,15.38,26.92,34.48,18.75,278.0,0.247,64.0,23.02,30.0,10.79,0.796,0.218,27.38,12.79,14.88,27.68,28.05,20.71
745652,2024-06-08,2024,596129,L,665622,R,field_out,False,False,69.0,0.21,16.0,23.19,7.0,10.14,0.629,0.12900000000000003,15.96,4.66,29.81,34.47,17.72,16.67,303.0,0.246,73.0,24.09,41.0,13.53,0.78,0.181,21.0,7.56,23.65,31.21,20.86,18.3,9.0,0.125,3.0,33.33,1.0,11.11,0.347,0.0,20.83,13.51,8.11,21.62,44.44,21.43,217.0,0.266,42.0,19.35,27.0,12.44,0.786,0.1419999999999999,20.68,9.23,14.6,23.83,24.15,17.57
745652,2024-06-08,2024,647351,L,592332,R,field_out,False,False,182.0,0.253,36.0,19.78,9.0,4.95,0.6779999999999999,0.123,19.7,9.12,18.37,27.49,28.93,18.18,20.0,0.412,5.0,25.0,2.0,10.0,1.265,0.353,37.04,15.62,26.56,42.19,25.0,31.25,117.0,0.308,22.0,18.8,9.0,7.69,0.885,0.21500000000000002,25.78,11.84,17.55,29.39,29.18,14.1,350.0,0.25,103.0,29.43,28.0,8.0,0.731,0.172,27.92,13.34,17.63,30.97,31.79,21.06
745652,2024-06-08,2024,668709,L,592332,R,field_out,False,False,207.0,0.254,36.0,17.39,25.0,12.08,0.798,0.199,25.86,10.98,17.32,28.29,21.96,17.39,232.0,0.209,53.0,22.84,35.0,15.09,0.726,0.184,28.61,12.18,15.3,27.48,19.27,20.46,117.0,0.308,22.0,18.8,9.0,7.69,0.885,0.21500000000000002,25.78,11.84,17.55,29.39,29.18,14.1,350.0,0.25,103.0,29.43,28.0,8.0,0.731,0.172,27.92,13.34,17.63,30.97,31.79,21.06
745652,2024-06-08,2024,667670,R,592332,R,walk,False,True,161.0,0.29,55.0,34.16,20.0,12.42,0.931,0.25300000000000006,37.34,17.53,13.52,31.05,29.84,26.7,351.0,0.23,115.0,32.76,33.0,9.4,0.788,0.2419999999999999,37.94,17.82,16.3,34.12,28.65,23.47,144.0,0.244,37.0,25.69,6.0,4.17,0.687,0.16299999999999998,24.6,13.04,14.75,27.79,34.66,18.59,416.0,0.218,134.0,32.21,27.0,6.49,0.6180000000000001,0.124,29.84,15.11,15.79,30.9,33.37,26.53
745652,2024-06-08,2024,663662,R,592332,R,field_out,False,False,16.0,0.25,2.0,12.5,0.0,0.0,0.5,0.0,22.22,12.5,18.75,31.25,28.57,16.67,,,,,,,,,,,,,,,144.0,0.244,37.0,25.69,6.0,4.17,0.687,0.16299999999999998,24.6,13.04,14.75,27.79,34.66,18.59,416.0,0.218,134.0,32.21,27.0,6.49,0.6180000000000001,0.124,29.84,15.11,15.79,30.9,33.37,26.53
745652,2024-06-08,2024,662139,L,665622,R,single,False,False,172.0,0.201,48.0,27.91,18.0,10.47,0.7589999999999999,0.27299999999999996,25.53,11.76,15.83,27.59,23.94,23.65,466.0,0.202,111.0,23.82,36.0,7.73,0.662,0.19,25.51,12.84,15.05,27.89,29.23,18.26,9.0,0.125,3.0,33.33,1.0,11.11,0.347,0.0,20.83,13.51,8.11,21.62,44.44,21.43,217.0,0.266,42.0,19.35,27.0,12.44,0.786,0.1419999999999999,20.68,9.23,14.6,23.83,24.15,17.57
745652,2024-06-08,2024,643396,R,665622,R,field_out,False,False,140.0,0.264,20.0,14.29,8.0,5.71,0.692,0.124,13.16,6.09,22.11,28.19,32.77,15.04,273.0,0.246,54.0,19.78,17.0,6.23,0.6479999999999999,0.1069999999999999,19.6,9.05,20.2,29.25,28.6,15.56,12.0,0.091,3.0,25.0,1.0,8.33,0.349,0.091,26.09,11.54,15.38,26.92,34.48,18.75,278.0,0.247,64.0,23.02,30.0,10.79,0.796,0.218,27.38,12.79,14.88,27.68,28.05,20.71
745652,2024-06-08,2024,595281,L,665622,R,field_out,False,False,96.0,0.205,30.0,31.25,3.0,3.12,0.5549999999999999,0.11300000000000002,35.96,19.36,12.47,31.83,33.16,25.64,312.0,0.26,63.0,20.19,25.0,8.01,0.753,0.1709999999999999,29.15,14.21,14.3,28.51,25.39,21.07,9.0,0.125,3.0,33.33,1.0,11.11,0.347,0.0,20.83,13.51,8.11,21.62,44.44,21.43,217.0,0.266,42.0,19.35,27.0,12.44,0.786,0.1419999999999999,20.68,9.23,14.6,23.83,24.15,17.57
745652,2024-06-08,2024,676914,R,665622,R,walk,False,True,150.0,0.258,37.0,24.67,17.0,11.33,0.8049999999999999,0.187,26.89,10.76,18.94,29.7,19.94,17.37,87.0,0.247,27.0,31.03,11.0,12.64,0.8340000000000001,0.219,37.06,13.98,21.9,35.88,15.66,21.77,12.0,0.091,3.0,25.0,1.0,8.33,0.349,0.091,26.09,11.54,15.38,26.92,34.48,18.75,278.0,0.247,64.0,23.02,30.0,10.79,0.796,0.218,27.38,12.79,14.88,27.68,28.05,20.71
745652,2024-06-08,2024,687462,L,665622,R,field_out,False,False,,,,,,,,,,,,,,,38.0,0.265,10.0,26.32,3.0,7.89,0.754,0.1469999999999999,27.14,13.01,17.12,30.14,25.35,21.74,9.0,0.125,3.0,33.33,1.0,11.11,0.347,0.0,20.83,13.51,8.11,21.62,44.44,21.43,217.0,0.266,42.0,19.35,27.0,12.44,0.786,0.1419999999999999,20.68,9.23,14.6,23.83,24.15,17.57
745652,2024-06-08,2024,664913,L,592332,R,strikeout,True,False,160.0,0.19,51.0,31.87,13.0,8.12,0.5760000000000001,0.13,30.15,15.56,13.17,28.73,32.83,26.02,315.0,0.234,81.0,25.71,24.0,7.62,0.738,0.21,29.85,15.11,13.77,28.88,31.88,22.82,117.0,0.308,22.0,18.8,9.0,7.69,0.885,0.21500000000000002,25.78,11.84,17.55,29.39,29.18,14.1,350.0,0.25,103.0,29.43,28.0,8.0,0.731,0.172,27.92,13.34,17.63,30.97,31.79,21.06
745652,2024-06-08,2024,669127,R,592332,R,strikeout,True,False,145.0,0.217,37.0,25.52,11.0,7.59,0.802,0.29500000000000004,29.76,14.4,16.7,31.09,32.33,25.52,344.0,0.217,101.0,29.36,23.0,6.69,0.7230000000000001,0.226,32.34,16.3,14.73,31.03,31.22,23.88,144.0,0.244,37.0,25.69,6.0,4.17,0.687,0.16299999999999998,24.6,13.04,14.75,27.79,34.66,18.59,416.0,0.218,134.0,32.21,27.0,6.49,0.6180000000000001,0.124,29.84,15.11,15.79,30.9,33.37,26.53
745652,2024-06-08,2024,691016,L,592332,R,field_out,False,False,58.0,0.208,23.0,39.66,9.0,15.52,0.6779999999999999,0.12500000000000003,36.84,15.62,16.96,32.59,30.0,41.07,118.0,0.159,37.0,31.36,10.0,8.47,0.472,0.0839999999999999,33.93,16.67,14.91,31.58,29.36,28.91,117.0,0.308,22.0,18.8,9.0,7.69,0.885,0.21500000000000002,25.78,11.84,17.55,29.39,29.18,14.1,350.0,0.25,103.0,29.43,28.0,8.0,0.731,0.172,27.92,13.34,17.63,30.97,31.79,21.06
745652,2024-06-08,2024,665489,R,665622,R,field_out,False,False,220.0,0.304,39.0,17.73,25.0,11.36,0.819,0.129,24.11,11.15,15.67,26.82,24.01,13.88,558.0,0.26,85.0,15.23,48.0,8.6,0.792,0.2,23.83,12.29,11.94,24.23,30.21,15.37,12.0,0.091,3.0,25.0,1.0,8.33,0.349,0.091,26.09,11.54,15.38,26.92,34.48,18.75,278.0,0.247,64.0,23.02,30.0,10.79,0.796,0.218,27.38,12.79,14.88,27.68,28.05,20.71
745652,2024-06-08,2024,666182,R,665622,R,strikeout,True,False,203.0,0.261,34.0,16.75,11.0,5.42,0.698,0.127,22.25,12.72,10.82,23.54,37.16,17.0,496.0,0.303,102.0,20.56,20.0,4.03,0.797,0.161,21.9,12.38,11.73,24.11,38.01,17.91,12.0,0.091,3.0,25.0,1.0,8.33,0.349,0.091,26.09,11.54,15.38,26.92,34.48,18.75,278.0,0.247,64.0,23.02,30.0,10.79,0.796,0.218,27.38,12.79,14.88,27.68,28.05,20.71
745652,2024-06-08,2024,643376,R,665622,R,field_out,False,False,99.0,0.256,13.0,13.13,9.0,9.09,0.8340000000000001,0.255,16.67,6.67,20.25,26.91,20.1,10.17,215.0,0.237,46.0,21.4,16.0,7.44,0.784,0.221,25.13,11.59,15.17,26.76,23.75,20.09,12.0,0.091,3.0,25.0,1.0,8.33,0.349,0.091,26.09,11.54,15.38,26.92,34.48,18.75,278.0,0.247,64.0,23.02,30.0,10.79,0.796,0.218,27.38,12.79,14.88,27.68,28.05,20.71
745652,2024-06-08,2024,680869,R,592332,R,strikeout,True,False,143.0,0.176,48.0,33.57,9.0,6.29,0.522,0.11399999999999999,35.71,18.15,15.97,34.12,28.62,29.09,220.0,0.303,54.0,24.55,18.0,8.18,0.969,0.298,30.92,15.24,15.12,30.36,29.22,21.29,144.0,0.244,37.0,25.69,6.0,4.17,0.687,0.16299999999999998,24.6,13.04,14.75,27.79,34.66,18.59,416.0,0.218,134.0,32.21,27.0,6.49,0.6180000000000001,0.124,29.84,15.11,15.79,30.9,33.37,26.53
745652,2024-06-08,2024,680474,R,592332,R,single,False,False,98.0,0.27,23.0,23.47,7.0,7.14,0.6970000000000001,0.08999999999999997,25.15,10.1,21.67,31.77,17.88,19.66,,,,,,,,,,,,,,,144.0,0.244,37.0,25.69,6.0,4.17,0.687,0.16299999999999998,24.6,13.04,14.75,27.79,34.66,18.59,416.0,0.218,134.0,32.21,27.0,6.49,0.6180000000000001,0.124,29.84,15.11,15.79,30.9,33.37,26.53
745652,2024-06-08,2024,647351,L,592332,R,strikeout,True,False,182.0,0.253,36.0,19.78,9.0,4.95,0.6779999999999999,0.123,19.7,9.12,18.37,27.49,28.93,18.18,20.0,0.412,5.0,25.0,2.0,10.0,1.265,0.353,37.04,15.62,26.56,42.19,25.0,31.25,117.0,0.308,22.0,18.8,9.0,7.69,0.885,0.21500000000000002,25.78,11.84,17.55,29.39,29.18,14.1,350.0,0.25,103.0,29.43,28.0,8.0,0.731,0.172,27.92,13.34,17.63,30.97,31.79,21.06
745652,2024-06-08,2024,668709,L,592332,R,strikeout,True,False,207.0,0.254,36.0,17.39,25.0,12.08,0.798,0.199,25.86,10.98,17.32,28.29,21.96,17.39,232.0,0.209,53.0,22.84,35.0,15.09,0.726,0.184,28.61,12.18,15.3,27.48,19.27,20.46,117.0,0.308,22.0,18.8,9.0,7.69,0.885,0.21500000000000002,25.78,11.84,17.55,29.39,29.18,14.1,350.0,0.25,103.0,29.43,28.0,8.0,0.731,0.172,27.92,13.34,17.63,30.97,31.79,21.06
745652,2024-06-08,2024,596129,L,665622,R,field_out,False,False,69.0,0.21,16.0,23.19,7.0,10.14,0.629,0.12900000000000003,15.96,4.66,29.81,34.47,17.72,16.67,303.0,0.246,73.0,24.09,41.0,13.53,0.78,0.181,21.0,7.56,23.65,31.21,20.86,18.3,9.0,0.125,3.0,33.33,1.0,11.11,0.347,0.0,20.83,13.51,8.11,21.62,44.44,21.43,217.0,0.266,42.0,19.35,27.0,12.44,0.786,0.1419999999999999,20.68,9.23,14.6,23.83,24.15,17.57
745652,2024-06-08,2024,662139,L,665622,R,field_out,False,False,172.0,0.201,48.0,27.91,18.0,10.47,0.7589999999999999,0.27299999999999996,25.53,11.76,15.83,27.59,23.94,23.65,466.0,0.202,111.0,23.82,36.0,7.73,0.662,0.19,25.51,12.84,15.05,27.89,29.23,18.26,9.0,0.125,3.0,33.33,1.0,11.11,0.347,0.0,20.83,13.51,8.11,21.62,44.44,21.43,217.0,0.266,42.0,19.35,27.0,12.44,0.786,0.1419999999999999,20.68,9.23,14.6,23.83,24.15,17.57
745652,2024-06-08,2024,643396,R,665622,R,field_out,False,False,140.0,0.264,20.0,14.29,8.0,5.71,0.692,0.124,13.16,6.09,22.11,28.19,32.77,15.04,273.0,0.246,54.0,19.78,17.0,6.23,0.6479999999999999,0.1069999999999999,19.6,9.05,20.2,29.25,28.6,15.56,12.0,0.091,3.0,25.0,1.0,8.33,0.349,0.091,26.09,11.54,15.38,26.92,34.48,18.75,278.0,0.247,64.0,23.02,30.0,10.79,0.796,0.218,27.38,12.79,14.88,27.68,28.05,20.71
745652,2024-06-08,2024,667670,R,592332,R,strikeout,True,False,161.0,0.29,55.0,34.16,20.0,12.42,0.931,0.25300000000000006,37.34,17.53,13.52,31.05,29.84,26.7,351.0,0.23,115.0,32.76,33.0,9.4,0.788,0.2419999999999999,37.94,17.82,16.3,34.12,28.65,23.47,144.0,0.244,37.0,25.69,6.0,4.17,0.687,0.16299999999999998,24.6,13.04,14.75,27.79,34.66,18.59,416.0,0.218,134.0,32.21,27.0,6.49,0.6180000000000001,0.124,29.84,15.11,15.79,30.9,33.37,26.53
745652,2024-06-08,2024,663662,R,592332,R,field_out,False,False,16.0,0.25,2.0,12.5,0.0,0.0,0.5,0.0,22.22,12.5,18.75,31.25,28.57,16.67,,,,,,,,,,,,,,,144.0,0.244,37.0,25.69,6.0,4.17,0.687,0.16299999999999998,24.6,13.04,14.75,27.79,34.66,18.59,416.0,0.218,134.0,32.21,27.0,6.49,0.6180000000000001,0.124,29.84,15.11,15.79,30.9,33.37,26.53
745652,2024-06-08,2024,664913,L,592332,R,strikeout,True,False,160.0,0.19,51.0,31.87,13.0,8.12,0.5760000000000001,0.13,30.15,15.56,13.17,28.73,32.83,26.02,315.0,0.234,81.0,25.71,24.0,7.62,0.738,0.21,29.85,15.11,13.77,28.88,31.88,22.82,117.0,0.308,22.0,18.8,9.0,7.69,0.885,0.21500000000000002,25.78,11.84,17.55,29.39,29.18,14.1,350.0,0.25,103.0,29.43,28.0,8.0,0.731,0.172,27.92,13.34,17.63,30.97,31.79,21.06
745652,2024-06-08,2024,595281,L,665622,R,home_run,False,False,96.0,0.205,30.0,31.25,3.0,3.12,0.5549999999999999,0.11300000000000002,35.96,19.36,12.47,31.83,33.16,25.64,312.0,0.26,63.0,20.19,25.0,8.01,0.753,0.1709999999999999,29.15,14.21,14.3,28.51,25.39,21.07,9.0,0.125,3.0,33.33,1.0,11.11,0.347,0.0,20.83,13.51,8.11,21.62,44.44,21.43,217.0,0.266,42.0,19.35,27.0,12.44,0.786,0.1419999999999999,20.68,9.23,14.6,23.83,24.15,17.57
745652,2024-06-08,2024,676914,R,665622,R,field_out,False,False,150.0,0.258,37.0,24.67,17.0,11.33,0.8049999999999999,0.187,26.89,10.76,18.94,29.7,19.94,17.37,87.0,0.247,27.0,31.03,11.0,12.64,0.8340000000000001,0.219,37.06,13.98,21.9,35.88,15.66,21.77,12.0,0.091,3.0,25.0,1.0,8.33,0.349,0.091,26.09,11.54,15.38,26.92,34.48,18.75,278.0,0.247,64.0,23.02,30.0,10.79,0.796,0.218,27.38,12.79,14.88,27.68,28.05,20.71
745652,2024-06-08,2024,687462,L,665622,R,field_out,False,False,,,,,,,,,,,,,,,38.0,0.265,10.0,26.32,3.0,7.89,0.754,0.1469999999999999,27.14,13.01,17.12,30.14,25.35,21.74,9.0,0.125,3.0,33.33,1.0,11.11,0.347,0.0,20.83,13.51,8.11,21.62,44.44,21.43,217.0,0.266,42.0,19.35,27.0,12.44,0.786,0.1419999999999999,20.68,9.23,14.6,23.83,24.15,17.57
745652,2024-06-08,2024,665489,R,665622,R,double,False,False,220.0,0.304,39.0,17.73,25.0,11.36,0.819,0.129,24.11,11.15,15.67,26.82,24.01,13.88,558.0,0.26,85.0,15.23,48.0,8.6,0.792,0.2,23.83,12.29,11.94,24.23,30.21,15.37,12.0,0.091,3.0,25.0,1.0,8.33,0.349,0.091,26.09,11.54,15.38,26.92,34.48,18.75,278.0,0.247,64.0,23.02,30.0,10.79,0.796,0.218,27.38,12.79,14.88,27.68,28.05,20.71
745652,2024-06-08,2024,666182,R,665622,R,double,False,False,203.0,0.261,34.0,16.75,11.0,5.42,0.698,0.127,22.25,12.72,10.82,23.54,37.16,17.0,496.0,0.303,102.0,20.56,20.0,4.03,0.797,0.161,21.9,12.38,11.73,24.11,38.01,17.91,12.0,0.091,3.0,25.0,1.0,8.33,0.349,0.091,26.09,11.54,15.38,26.92,34.48,18.75,278.0,0.247,64.0,23.02,30.0,10.79,0.796,0.218,27.38,12.79,14.88,27.68,28.05,20.71
745652,2024-06-08,2024,643376,R,665622,R,double,False,False,99.0,0.256,13.0,13.13,9.0,9.09,0.8340000000000001,0.255,16.67,6.67,20.25,26.91,20.1,10.17,215.0,0.237,46.0,21.4,16.0,7.44,0.784,0.221,25.13,11.59,15.17,26.76,23.75,20.09,12.0,0.091,3.0,25.0,1.0,8.33,0.349,0.091,26.09,11.54,15.38,26.92,34.48,18.75,278.0,0.247,64.0,23.02,30.0,10.79,0.796,0.218,27.38,12.79,14.88,27.68,28.05,20.71
745652,2024-06-08,2024,596129,L,665622,R,walk,False,True,69.0,0.21,16.0,23.19,7.0,10.14,0.629,0.12900000000000003,15.96,4.66,29.81,34.47,17.72,16.67,303.0,0.246,73.0,24.09,41.0,13.53,0.78,0.181,21.0,7.56,23.65,31.21,20.86,18.3,9.0,0.125,3.0,33.33,1.0,11.11,0.347,0.0,20.83,13.51,8.11,21.62,44.44,21.43,217.0,0.266,42.0,19.35,27.0,12.44,0.786,0.1419999999999999,20.68,9.23,14.6,23.83,24.15,17.57
745652,2024-06-08,2024,662139,L,672552,L,walk,False,True,48.0,0.262,6.0,12.5,6.0,12.5,0.759,0.14300000000000002,17.33,7.51,17.34,24.86,19.77,12.24,117.0,0.292,24.0,20.51,9.0,7.69,0.722,0.085,21.46,10.35,15.42,25.77,22.71,18.32,6.0,0.333,2.0,33.33,0.0,0.0,0.666,0.0,15.38,6.9,20.69,27.59,20.0,14.29,,,,,,,,,,,,,,
745652,2024-06-08,2024,643396,R,672552,L,single,False,False,61.0,0.281,8.0,13.11,3.0,4.92,0.714,0.10499999999999998,11.49,4.95,24.26,29.21,28.72,19.05,90.0,0.23,16.0,17.78,11.0,12.22,0.634,0.0669999999999999,19.59,8.03,19.67,27.7,20.35,15.09,10.0,0.222,0.0,0.0,1.0,10.0,0.522,0.0,23.53,12.12,12.12,24.24,33.33,0.0,,,,,,,,,,,,,,
745652,2024-06-08,2024,595281,L,672552,L,strikeout,True,False,27.0,0.217,8.0,29.63,4.0,14.81,0.5940000000000001,0.04400000000000001,39.58,17.92,12.26,30.19,29.51,26.67,96.0,0.281,23.0,23.96,4.0,4.17,0.708,0.1009999999999999,35.75,18.44,15.85,34.29,33.33,23.23,6.0,0.333,2.0,33.33,0.0,0.0,0.666,0.0,15.38,6.9,20.69,27.59,20.0,14.29,,,,,,,,,,,,,,
745652,2024-06-08,2024,669127,R,592332,R,single,False,False,145.0,0.217,37.0,25.52,11.0,7.59,0.802,0.29500000000000004,29.76,14.4,16.7,31.09,32.33,25.52,344.0,0.217,101.0,29.36,23.0,6.69,0.7230000000000001,0.226,32.34,16.3,14.73,31.03,31.22,23.88,144.0,0.244,37.0,25.69,6.0,4.17,0.687,0.16299999999999998,24.6,13.04,14.75,27.79,34.66,18.59,416.0,0.218,134.0,32.21,27.0,6.49,0.6180000000000001,0.124,29.84,15.11,15.79,30.9,33.37,26.53
745652,2024-06-08,2024,691016,L,592332,R,grounded_into_double_play,False,False,58.0,0.208,23.0,39.66,9.0,15.52,0.6779999999999999,0.12500000000000003,36.84,15.62,16.96,32.59,30.0,41.07,118.0,0.159,37.0,31.36,10.0,8.47,0.472,0.0839999999999999,33.93,16.67,14.91,31.58,29.36,28.91,117.0,0.308,22.0,18.8,9.0,7.69,0.885,0.21500000000000002,25.78,11.84,17.55,29.39,29.18,14.1,350.0,0.25,103.0,29.43,28.0,8.0,0.731,0.172,27.92,13.34,17.63,30.97,31.79,21.06
745652,2024-06-08,2024,680869,R,592332,R,field_out,False,False,143.0,0.176,48.0,33.57,9.0,6.29,0.522,0.11399999999999999,35.71,18.15,15.97,34.12,28.62,29.09,220.0,0.303,54.0,24.55,18.0,8.18,0.969,0.298,30.92,15.24,15.12,30.36,29.22,21.29,144.0,0.244,37.0,25.69,6.0,4.17,0.687,0.16299999999999998,24.6,13.04,14.75,27.79,34.66,18.59,416.0,0.218,134.0,32.21,27.0,6.49,0.6180000000000001,0.124,29.84,15.11,15.79,30.9,33.37,26.53
745652,2024-06-08,2024,676914,R,672552,L,field_out,False,False,60.0,0.176,19.0,31.67,6.0,10.0,0.646,0.21600000000000003,32.46,15.1,17.14,32.24,26.56,23.46,54.0,0.326,16.0,29.63,10.0,18.52,1.3,0.5109999999999999,37.65,15.69,17.16,32.84,15.89,28.07,10.0,0.222,0.0,0.0,1.0,10.0,0.522,0.0,23.53,12.12,12.12,24.24,33.33,0.0,,,,,,,,,,,,,,
745652,2024-06-08,2024,676391,R,672552,L,double,False,False,51.0,0.283,3.0,5.88,2.0,3.92,0.718,0.10800000000000004,11.34,6.71,15.24,21.95,42.67,7.32,32.0,0.367,3.0,9.38,1.0,3.12,0.775,0.033,12.96,7.37,17.89,25.26,46.81,17.65,10.0,0.222,0.0,0.0,1.0,10.0,0.522,0.0,23.53,12.12,12.12,24.24,33.33,0.0,,,,,,,,,,,,,,
745652,2024-06-08,2024,665489,R,672552,L,field_out,False,False,57.0,0.255,8.0,14.04,10.0,17.54,0.79,0.14900000000000002,23.33,9.5,16.29,25.79,21.85,13.33,124.0,0.284,15.0,12.1,19.0,15.32,0.766,0.079,18.93,8.25,16.07,24.31,22.78,13.51,10.0,0.222,0.0,0.0,1.0,10.0,0.522,0.0,23.53,12.12,12.12,24.24,33.33,0.0,,,,,,,,,,,,,,
745652,2024-06-08,2024,666182,R,672552,L,field_out,False,False,49.0,0.149,7.0,14.29,2.0,4.08,0.354,0.02100000000000002,12.15,7.65,8.82,16.47,40.74,12.96,107.0,0.323,13.0,12.15,7.0,6.54,0.893,0.202,17.62,9.88,9.88,19.75,30.5,10.32,10.0,0.222,0.0,0.0,1.0,10.0,0.522,0.0,23.53,12.12,12.12,24.24,33.33,0.0,,,,,,,,,,,,,,
745652,2024-06-08,2024,680474,R,592332,R,strikeout,True,False,98.0,0.27,23.0,23.47,7.0,7.14,0.6970000000000001,0.08999999999999997,25.15,10.1,21.67,31.77,17.88,19.66,,,,,,,,,,,,,,,144.0,0.244,37.0,25.69,6.0,4.17,0.687,0.16299999999999998,24.6,13.04,14.75,27.79,34.66,18.59,416.0,0.218,134.0,32.21,27.0,6.49,0.6180000000000001,0.124,29.84,15.11,15.79,30.9,33.37,26.53
745652,2024-06-08,2024,647351,L,592332,R,strikeout,True,False,182.0,0.253,36.0,19.78,9.0,4.95,0.6779999999999999,0.123,19.7,9.12,18.37,27.49,28.93,18.18,20.0,0.412,5.0,25.0,2.0,10.0,1.265,0.353,37.04,15.62,26.56,42.19,25.0,31.25,117.0,0.308,22.0,18.8,9.0,7.69,0.885,0.21500000000000002,25.78,11.84,17.55,29.39,29.18,14.1,350.0,0.25,103.0,29.43,28.0,8.0,0.731,0.172,27.92,13.34,17.63,30.97,31.79,21.06
745652,2024-06-08,2024,668709,L,592332,R,field_out,False,False,207.0,0.254,36.0,17.39,25.0,12.08,0.798,0.199,25.86,10.98,17.32,28.29,21.96,17.39,232.0,0.209,53.0,22.84,35.0,15.09,0.726,0.184,28.61,12.18,15.3,27.48,19.27,20.46,117.0,0.308,22.0,18.8,9.0,7.69,0.885,0.21500000000000002,25.78,11.84,17.55,29.39,29.18,14.1,350.0,0.25,103.0,29.43,28.0,8.0,0.731,0.172,27.92,13.34,17.63,30.97,31.79,21.06
745652,2024-06-08,2024,643376,R,672552,L,field_out,False,False,34.0,0.296,6.0,17.65,6.0,17.65,0.782,0.07400000000000001,24.07,8.84,18.37,27.21,12.66,15.79,86.0,0.205,16.0,18.6,7.0,8.14,0.792,0.308,17.86,8.52,13.35,21.88,27.32,15.24,10.0,0.222,0.0,0.0,1.0,10.0,0.522,0.0,23.53,12.12,12.12,24.24,33.33,0.0,,,,,,,,,,,,,,
745652,2024-06-08,2024,457759,R,672552,L,field_out,False,False,51.0,0.326,8.0,15.69,4.0,7.84,0.895,0.196,11.11,5.15,19.31,24.46,26.61,9.76,164.0,0.285,32.0,19.51,18.0,10.98,0.9,0.243,20.38,9.35,18.71,28.06,27.41,13.45,10.0,0.222,0.0,0.0,1.0,10.0,0.522,0.0,23.53,12.12,12.12,24.24,33.33,0.0,,,,,,,,,,,,,,
745652,2024-06-08,2024,662139,L,672552,L,field_out,False,False,48.0,0.262,6.0,12.5,6.0,12.5,0.759,0.14300000000000002,17.33,7.51,17.34,24.86,19.77,12.24,117.0,0.292,24.0,20.51,9.0,7.69,0.722,0.085,21.46,10.35,15.42,25.77,22.71,18.32,6.0,0.333,2.0,33.33,0.0,0.0,0.666,0.0,15.38,6.9,20.69,27.59,20.0,14.29,,,,,,,,,,,,,,
745652,2024-06-08,2024,667670,R,592332,R,single,False,False,161.0,0.29,55.0,34.16,20.0,12.42,0.931,0.25300000000000006,37.34,17.53,13.52,31.05,29.84,26.7,351.0,0.23,115.0,32.76,33.0,9.4,0.788,0.2419999999999999,37.94,17.82,16.3,34.12,28.65,23.47,144.0,0.244,37.0,25.69,6.0,4.17,0.687,0.16299999999999998,24.6,13.04,14.75,27.79,34.66,18.59,416.0,0.218,134.0,32.21,27.0,6.49,0.6180000000000001,0.124,29.84,15.11,15.79,30.9,33.37,26.53
745652,2024-06-08,2024,663662,R,592332,R,field_out,False,False,16.0,0.25,2.0,12.5,0.0,0.0,0.5,0.0,22.22,12.5,18.75,31.25,28.57,16.67,,,,,,,,,,,,,,,144.0,0.244,37.0,25.69,6.0,4.17,0.687,0.16299999999999998,24.6,13.04,14.75,27.79,34.66,18.59,416.0,0.218,134.0,32.21,27.0,6.49,0.6180000000000001,0.124,29.84,15.11,15.79,30.9,33.37,26.53
745652,2024-06-08,2024,664913,L,592332,R,single,False,False,160.0,0.19,51.0,31.87,13.0,8.12,0.5760000000000001,0.13,30.15,15.56,13.17,28.73,32.83,26.02,315.0,0.234,81.0,25.71,24.0,7.62,0.738,0.21,29.85,15.11,13.77,28.88,31.88,22.82,117.0,0.308,22.0,18.8,9.0,7.69,0.885,0.21500000000000002,25.78,11.84,17.55,29.39,29.18,14.1,350.0,0.25,103.0,29.43,28.0,8.0,0.731,0.172,27.92,13.34,17.63,30.97,31.79,21.06
745652,2024-06-08,2024,669127,R,592332,R,field_out,False,False,145.0,0.217,37.0,25.52,11.0,7.59,0.802,0.29500000000000004,29.76,14.4,16.7,31.09,32.33,25.52,344.0,0.217,101.0,29.36,23.0,6.69,0.7230000000000001,0.226,32.34,16.3,14.73,31.03,31.22,23.88,144.0,0.244,37.0,25.69,6.0,4.17,0.687,0.16299999999999998,24.6,13.04,14.75,27.79,34.66,18.59,416.0,0.218,134.0,32.21,27.0,6.49,0.6180000000000001,0.124,29.84,15.11,15.79,30.9,33.37,26.53
745652,2024-06-08,2024,691016,L,592332,R,strikeout,True,False,58.0,0.208,23.0,39.66,9.0,15.52,0.6779999999999999,0.12500000000000003,36.84,15.62,16.96,32.59,30.0,41.07,118.0,0.159,37.0,31.36,10.0,8.47,0.472,0.0839999999999999,33.93,16.67,14.91,31.58,29.36,28.91,117.0,0.308,22.0,18.8,9.0,7.69,0.885,0.21500000000000002,25.78,11.84,17.55,29.39,29.18,14.1,350.0,0.25,103.0,29.43,28.0,8.0,0.731,0.172,27.92,13.34,17.63,30.97,31.79,21.06
745652,2024-06-08,2024,643396,R,672552,L,field_out,False,False,61.0,0.281,8.0,13.11,3.0,4.92,0.714,0.10499999999999998,11.49,4.95,24.26,29.21,28.72,19.05,90.0,0.23,16.0,17.78,11.0,12.22,0.634,0.0669999999999999,19.59,8.03,19.67,27.7,20.35,15.09,10.0,0.222,0.0,0.0,1.0,10.0,0.522,0.0,23.53,12.12,12.12,24.24,33.33,0.0,,,,,,,,,,,,,,
745652,2024-06-08,2024,595281,L,672552,L,field_out,False,False,27.0,0.217,8.0,29.63,4.0,14.81,0.5940000000000001,0.04400000000000001,39.58,17.92,12.26,30.19,29.51,26.67,96.0,0.281,23.0,23.96,4.0,4.17,0.708,0.1009999999999999,35.75,18.44,15.85,34.29,33.33,23.23,6.0,0.333,2.0,33.33,0.0,0.0,0.666,0.0,15.38,6.9,20.69,27.59,20.0,14.29,,,,,,,,,,,,,,
745652,2024-06-08,2024,676914,R,672552,L,walk,False,True,60.0,0.176,19.0,31.67,6.0,10.0,0.646,0.21600000000000003,32.46,15.1,17.14,32.24,26.56,23.46,54.0,0.326,16.0,29.63,10.0,18.52,1.3,0.5109999999999999,37.65,15.69,17.16,32.84,15.89,28.07,10.0,0.222,0.0,0.0,1.0,10.0,0.522,0.0,23.53,12.12,12.12,24.24,33.33,0.0,,,,,,,,,,,,,,
745652,2024-06-08,2024,676391,R,672552,L,force_out,False,False,51.0,0.283,3.0,5.88,2.0,3.92,0.718,0.10800000000000004,11.34,6.71,15.24,21.95,42.67,7.32,32.0,0.367,3.0,9.38,1.0,3.12,0.775,0.033,12.96,7.37,17.89,25.26,46.81,17.65,10.0,0.222,0.0,0.0,1.0,10.0,0.522,0.0,23.53,12.12,12.12,24.24,33.33,0.0,,,,,,,,,,,,,,
745652,2024-06-08,2024,680869,R,592332,R,field_out,False,False,143.0,0.176,48.0,33.57,9.0,6.29,0.522,0.11399999999999999,35.71,18.15,15.97,34.12,28.62,29.09,220.0,0.303,54.0,24.55,18.0,8.18,0.969,0.298,30.92,15.24,15.12,30.36,29.22,21.29,144.0,0.244,37.0,25.69,6.0,4.17,0.687,0.16299999999999998,24.6,13.04,14.75,27.79,34.66,18.59,416.0,0.218,134.0,32.21,27.0,6.49,0.6180000000000001,0.124,29.84,15.11,15.79,30.9,33.37,26.53
745652,2024-06-08,2024,680474,R,592332,R,field_out,False,False,98.0,0.27,23.0,23.47,7.0,7.14,0.6970000000000001,0.08999999999999997,25.15,10.1,21.67,31.77,17.88,19.66,,,,,,,,,,,,,,,144.0,0.244,37.0,25.69,6.0,4.17,0.687,0.16299999999999998,24.6,13.04,14.75,27.79,34.66,18.59,416.0,0.218,134.0,32.21,27.0,6.49,0.6180000000000001,0.124,29.84,15.11,15.79,30.9,33.37,26.53
745652,2024-06-08,2024,647351,L,592332,R,single,False,False,182.0,0.253,36.0,19.78,9.0,4.95,0.6779999999999999,0.123,19.7,9.12,18.37,27.49,28.93,18.18,20.0,0.412,5.0,25.0,2.0,10.0,1.265,0.353,37.04,15.62,26.56,42.19,25.0,31.25,117.0,0.308,22.0,18.8,9.0,7.69,0.885,0.21500000000000002,25.78,11.84,17.55,29.39,29.18,14.1,350.0,0.25,103.0,29.43,28.0,8.0,0.731,0.172,27.92,13.34,17.63,30.97,31.79,21.06
745652,2024-06-08,2024,668709,L,592332,R,field_out,False,False,207.0,0.254,36.0,17.39,25.0,12.08,0.798,0.199,25.86,10.98,17.32,28.29,21.96,17.39,232.0,0.209,53.0,22.84,35.0,15.09,0.726,0.184,28.61,12.18,15.3,27.48,19.27,20.46,117.0,0.308,22.0,18.8,9.0,7.69,0.885,0.21500000000000002,25.78,11.84,17.55,29.39,29.18,14.1,350.0,0.25,103.0,29.43,28.0,8.0,0.731,0.172,27.92,13.34,17.63,30.97,31.79,21.06
745652,2024-06-08,2024,665489,R,657697,R,field_out,False,False,220.0,0.304,39.0,17.73,25.0,11.36,0.819,0.129,24.11,11.15,15.67,26.82,24.01,13.88,558.0,0.26,85.0,15.23,48.0,8.6,0.792,0.2,23.83,12.29,11.94,24.23,30.21,15.37,2.0,0.5,1.0,50.0,0.0,0.0,1.0,0.0,33.33,11.11,22.22,33.33,16.67,50.0,10.0,0.222,2.0,20.0,0.0,0.0,0.633,0.111,25.0,12.5,18.75,31.25,28.57,18.18
745652,2024-06-08,2024,666182,R,657697,R,double,False,False,203.0,0.261,34.0,16.75,11.0,5.42,0.698,0.127,22.25,12.72,10.82,23.54,37.16,17.0,496.0,0.303,102.0,20.56,20.0,4.03,0.797,0.161,21.9,12.38,11.73,24.11,38.01,17.91,2.0,0.5,1.0,50.0,0.0,0.0,1.0,0.0,33.33,11.11,22.22,33.33,16.67,50.0,10.0,0.222,2.0,20.0,0.0,0.0,0.633,0.111,25.0,12.5,18.75,31.25,28.57,18.18
745652,2024-06-08,2024,643376,R,657697,R,single,False,False,99.0,0.256,13.0,13.13,9.0,9.09,0.8340000000000001,0.255,16.67,6.67,20.25,26.91,20.1,10.17,215.0,0.237,46.0,21.4,16.0,7.44,0.784,0.221,25.13,11.59,15.17,26.76,23.75,20.09,2.0,0.5,1.0,50.0,0.0,0.0,1.0,0.0,33.33,11.11,22.22,33.33,16.67,50.0,10.0,0.222,2.0,20.0,0.0,0.0,0.633,0.111,25.0,12.5,18.75,31.25,28.57,18.18
745652,2024-06-08,2024,457759,R,657697,R,single,False,False,159.0,0.196,27.0,16.98,18.0,11.32,0.593,0.10099999999999998,20.24,9.55,16.01,25.56,27.5,10.98,462.0,0.273,78.0,16.88,33.0,7.14,0.765,0.1569999999999999,16.44,7.32,17.97,25.29,25.33,12.0,2.0,0.5,1.0,50.0,0.0,0.0,1.0,0.0,33.33,11.11,22.22,33.33,16.67,50.0,10.0,0.222,2.0,20.0,0.0,0.0,0.633,0.111,25.0,12.5,18.75,31.25,28.57,18.18
745652,2024-06-08,2024,662139,L,657697,R,strikeout,True,False,172.0,0.201,48.0,27.91,18.0,10.47,0.7589999999999999,0.27299999999999996,25.53,11.76,15.83,27.59,23.94,23.65,466.0,0.202,111.0,23.82,36.0,7.73,0.662,0.19,25.51,12.84,15.05,27.89,29.23,18.26,1.0,1.0,0.0,0.0,0.0,0.0,2.0,0.0,33.33,33.33,0.0,33.33,100.0,0.0,6.0,0.4,1.0,16.67,0.0,0.0,0.8,0.0,12.5,4.55,18.18,22.73,23.08,33.33
745652,2024-06-08,2024,643396,R,657697,R,walk,False,True,140.0,0.264,20.0,14.29,8.0,5.71,0.692,0.124,13.16,6.09,22.11,28.19,32.77,15.04,273.0,0.246,54.0,19.78,17.0,6.23,0.6479999999999999,0.1069999999999999,19.6,9.05,20.2,29.25,28.6,15.56,2.0,0.5,1.0,50.0,0.0,0.0,1.0,0.0,33.33,11.11,22.22,33.33,16.67,50.0,10.0,0.222,2.0,20.0,0.0,0.0,0.633,0.111,25.0,12.5,18.75,31.25,28.57,18.18
745652,2024-06-08,2024,595281,L,657697,R,field_out,False,False,96.0,0.205,30.0,31.25,3.0,3.12,0.5549999999999999,0.11300000000000002,35.96,19.36,12.47,31.83,33.16,25.64,312.0,0.26,63.0,20.19,25.0,8.01,0.753,0.1709999999999999,29.15,14.21,14.3,28.51,25.39,21.07,1.0,1.0,0.0,0.0,0.0,0.0,2.0,0.0,33.33,33.33,0.0,33.33,100.0,0.0,6.0,0.4,1.0,16.67,0.0,0.0,0.8,0.0,12.5,4.55,18.18,22.73,23.08,33.33
745652,2024-06-08,2024,667670,R,592332,R,field_out,False,False,161.0,0.29,55.0,34.16,20.0,12.42,0.931,0.25300000000000006,37.34,17.53,13.52,31.05,29.84,26.7,351.0,0.23,115.0,32.76,33.0,9.4,0.788,0.2419999999999999,37.94,17.82,16.3,34.12,28.65,23.47,144.0,0.244,37.0,25.69,6.0,4.17,0.687,0.16299999999999998,24.6,13.04,14.75,27.79,34.66,18.59,416.0,0.218,134.0,32.21,27.0,6.49,0.6180000000000001,0.124,29.84,15.11,15.79,30.9,33.37,26.53
745652,2024-06-08,2024,663662,R,592332,R,field_out,False,False,16.0,0.25,2.0,12.5,0.0,0.0,0.5,0.0,22.22,12.5,18.75,31.25,28.57,16.67,,,,,,,,,,,,,,,144.0,0.244,37.0,25.69,6.0,4.17,0.687,0.16299999999999998,24.6,13.04,14.75,27.79,34.66,18.59,416.0,0.218,134.0,32.21,27.0,6.49,0.6180000000000001,0.124,29.84,15.11,15.79,30.9,33.37,26.53
745652,2024-06-08,2024,664913,L,592332,R,field_out,False,False,160.0,0.19,51.0,31.87,13.0,8.12,0.5760000000000001,0.13,30.15,15.56,13.17,28.73,32.83,26.02,315.0,0.234,81.0,25.71,24.0,7.62,0.738,0.21,29.85,15.11,13.77,28.88,31.88,22.82,117.0,0.308,22.0,18.8,9.0,7.69,0.885,0.21500000000000002,25.78,11.84,17.55,29.39,29.18,14.1,350.0,0.25,103.0,29.43,28.0,8.0,0.731,0.172,27.92,13.34,17.63,30.97,31.79,21.06
744848,2024-06-08,2024,645277,R,669022,L,strikeout,True,False,56.0,0.309,7.0,12.5,1.0,1.79,0.794,0.16399999999999998,20.79,12.07,8.62,20.69,34.07,23.33,133.0,0.391,18.0,13.53,4.0,3.01,1.023,0.2259999999999999,19.5,11.51,10.25,21.76,42.91,12.77,212.0,0.267,59.0,27.83,14.0,6.6,0.714,0.12,27.63,14.16,13.6,27.75,27.46,19.6,452.0,0.241,113.0,25.0,39.0,8.63,0.76,0.212,26.77,13.05,14.99,28.05,30.71,20.29
744848,2024-06-08,2024,663586,R,669022,L,strikeout,True,False,55.0,0.2,11.0,20.0,5.0,9.09,0.573,0.09999999999999998,19.59,9.95,11.52,21.47,23.66,22.92,149.0,0.289,35.0,23.49,17.0,11.41,0.94,0.289,28.03,13.64,12.46,26.09,26.11,18.72,212.0,0.267,59.0,27.83,14.0,6.6,0.714,0.12,27.63,14.16,13.6,27.75,27.46,19.6,452.0,0.241,113.0,25.0,39.0,8.63,0.76,0.212,26.77,13.05,14.99,28.05,30.71,20.29
744848,2024-06-08,2024,542303,R,669022,L,single,False,False,69.0,0.345,17.0,24.64,11.0,15.94,1.0010000000000001,0.20700000000000007,29.22,14.2,11.99,26.18,26.97,14.05,139.0,0.278,25.0,17.99,13.0,9.35,0.98,0.357,22.56,11.13,13.17,24.3,30.63,15.53,212.0,0.267,59.0,27.83,14.0,6.6,0.714,0.12,27.63,14.16,13.6,27.75,27.46,19.6,452.0,0.241,113.0,25.0,39.0,8.63,0.76,0.212,26.77,13.05,14.99,28.05,30.71,20.29
744848,2024-06-08,2024,621566,L,669022,L,double,False,False,79.0,0.239,18.0,22.78,5.0,6.33,0.7969999999999999,0.254,23.65,11.36,15.58,26.95,26.97,17.31,182.0,0.252,52.0,28.57,14.0,7.69,0.7989999999999999,0.239,31.07,15.01,14.87,29.88,27.47,21.94,60.0,0.264,15.0,25.0,7.0,11.67,0.784,0.16999999999999998,27.97,13.47,14.29,27.76,26.67,20.83,132.0,0.319,38.0,28.79,18.0,13.64,0.8899999999999999,0.1589999999999999,31.49,14.97,13.32,28.29,24.59,19.0
744848,2024-06-08,2024,594807,R,669022,L,walk,False,True,70.0,0.293,11.0,15.71,9.0,12.86,1.038,0.34500000000000003,15.87,7.12,16.01,23.13,22.0,11.96,93.0,0.244,34.0,36.56,4.0,4.3,0.757,0.2329999999999999,34.95,18.31,16.34,34.65,37.97,29.82,212.0,0.267,59.0,27.83,14.0,6.6,0.714,0.12,27.63,14.16,13.6,27.75,27.46,19.6,452.0,0.241,113.0,25.0,39.0,8.63,0.76,0.212,26.77,13.05,14.99,28.05,30.71,20.29
744848,2024-06-08,2024,606115,R,669022,L,field_out,False,False,61.0,0.175,16.0,26.23,2.0,3.28,0.443,0.07100000000000001,26.15,13.28,14.45,27.73,27.42,18.39,112.0,0.302,24.0,21.43,16.0,14.29,1.006,0.302,27.18,11.06,18.79,29.85,21.6,18.32,212.0,0.267,59.0,27.83,14.0,6.6,0.714,0.12,27.63,14.16,13.6,27.75,27.46,19.6,452.0,0.241,113.0,25.0,39.0,8.63,0.76,0.212,26.77,13.05,14.99,28.05,30.71,20.29
744848,2024-06-08,2024,682928,L,450203,R,hit_by_pitch,False,False,180.0,0.204,38.0,21.11,12.0,6.67,0.665,0.19700000000000004,24.33,13.36,12.63,25.99,40.97,17.19,446.0,0.274,78.0,17.49,24.0,5.38,0.786,0.19,21.76,11.82,12.69,24.5,35.86,16.63,155.0,0.242,40.0,25.81,20.0,12.9,0.766,0.15600000000000003,29.05,14.24,14.9,29.14,27.24,21.91,351.0,0.234,100.0,28.49,47.0,13.39,0.721,0.1299999999999999,36.41,15.33,18.52,33.84,28.99,23.42
744848,2024-06-08,2024,657041,R,450203,R,single,False,False,102.0,0.172,26.0,25.49,7.0,6.86,0.526,0.129,23.12,9.83,20.39,30.22,21.95,20.63,490.0,0.242,143.0,29.18,23.0,4.69,0.719,0.185,26.09,11.34,20.58,31.92,28.6,24.48,106.0,0.224,25.0,23.58,8.0,7.55,0.6299999999999999,0.12299999999999997,22.71,11.14,15.4,26.54,27.88,16.67,367.0,0.253,83.0,22.62,36.0,9.81,0.708,0.124,28.15,12.12,17.62,29.74,27.53,21.67
744848,2024-06-08,2024,608385,L,450203,R,sac_bunt,False,False,165.0,0.281,35.0,21.21,20.0,12.12,0.8200000000000001,0.15099999999999997,23.28,10.04,16.83,26.87,19.38,14.89,184.0,0.2,46.0,25.0,24.0,13.04,0.5660000000000001,0.0449999999999999,25.91,11.04,17.01,28.05,20.4,17.9,155.0,0.242,40.0,25.81,20.0,12.9,0.766,0.15600000000000003,29.05,14.24,14.9,29.14,27.24,21.91,351.0,0.234,100.0,28.49,47.0,13.39,0.721,0.1299999999999999,36.41,15.33,18.52,33.84,28.99,23.42
744848,2024-06-08,2024,592696,L,450203,R,double,False,False,156.0,0.178,40.0,25.64,10.0,6.41,0.608,0.199,29.02,14.89,14.72,29.61,35.15,20.83,449.0,0.258,104.0,23.16,29.0,6.46,0.762,0.199,29.98,17.01,12.43,29.45,43.87,20.59,155.0,0.242,40.0,25.81,20.0,12.9,0.766,0.15600000000000003,29.05,14.24,14.9,29.14,27.24,21.91,351.0,0.234,100.0,28.49,47.0,13.39,0.721,0.1299999999999999,36.41,15.33,18.52,33.84,28.99,23.42
744848,2024-06-08,2024,671277,L,450203,R,field_out,False,False,163.0,0.284,27.0,16.56,8.0,4.91,0.758,0.15500000000000003,22.76,11.68,15.4,27.08,35.62,18.24,355.0,0.268,44.0,12.39,23.0,6.48,0.6950000000000001,0.1129999999999999,17.54,8.86,13.52,22.38,31.84,12.54,155.0,0.242,40.0,25.81,20.0,12.9,0.766,0.15600000000000003,29.05,14.24,14.9,29.14,27.24,21.91,351.0,0.234,100.0,28.49,47.0,13.39,0.721,0.1299999999999999,36.41,15.33,18.52,33.84,28.99,23.42
744848,2024-06-08,2024,660688,L,450203,R,field_out,False,False,121.0,0.219,18.0,14.88,3.0,2.48,0.563,0.088,13.66,6.9,17.98,24.88,34.17,17.65,403.0,0.249,48.0,11.91,25.0,6.2,0.712,0.1629999999999999,14.96,7.67,15.92,23.59,36.49,14.77,155.0,0.242,40.0,25.81,20.0,12.9,0.766,0.15600000000000003,29.05,14.24,14.9,29.14,27.24,21.91,351.0,0.234,100.0,28.49,47.0,13.39,0.721,0.1299999999999999,36.41,15.33,18.52,33.84,28.99,23.42
744848,2024-06-08,2024,671739,L,669022,L,field_out,False,False,78.0,0.263,17.0,21.79,2.0,2.56,0.598,0.05299999999999999,28.77,16.67,17.46,34.13,48.28,24.29,139.0,0.301,25.0,17.99,3.0,2.16,0.797,0.165,22.64,11.79,19.84,31.63,41.0,16.23,60.0,0.264,15.0,25.0,7.0,11.67,0.784,0.16999999999999998,27.97,13.47,14.29,27.76,26.67,20.83,132.0,0.319,38.0,28.79,18.0,13.64,0.8899999999999999,0.1589999999999999,31.49,14.97,13.32,28.29,24.59,19.0
744848,2024-06-08,2024,669221,R,669022,L,field_out,False,False,10.0,0.0,2.0,20.0,1.0,10.0,0.1,0.0,25.0,11.76,20.59,32.35,41.18,22.22,101.0,0.274,21.0,20.79,12.0,11.88,0.884,0.2139999999999999,23.12,10.14,16.75,26.89,23.56,16.03,212.0,0.267,59.0,27.83,14.0,6.6,0.714,0.12,27.63,14.16,13.6,27.75,27.46,19.6,452.0,0.241,113.0,25.0,39.0,8.63,0.76,0.212,26.77,13.05,14.99,28.05,30.71,20.29
744848,2024-06-08,2024,672284,L,669022,L,strikeout,True,False,16.0,0.25,5.0,31.25,0.0,0.0,0.562,0.062,40.0,22.22,18.52,40.74,37.5,31.25,92.0,0.259,27.0,29.35,7.0,7.61,0.774,0.2,27.91,12.83,16.31,29.14,26.49,24.55,60.0,0.264,15.0,25.0,7.0,11.67,0.784,0.16999999999999998,27.97,13.47,14.29,27.76,26.67,20.83,132.0,0.319,38.0,28.79,18.0,13.64,0.8899999999999999,0.1589999999999999,31.49,14.97,13.32,28.29,24.59,19.0
744848,2024-06-08,2024,669222,R,450203,R,double,False,False,110.0,0.215,30.0,27.27,15.0,13.64,0.685,0.13999999999999999,28.96,12.86,17.48,30.34,21.43,28.04,205.0,0.164,51.0,24.88,18.0,8.78,0.497,0.093,25.27,12.43,15.64,28.07,26.72,23.15,106.0,0.224,25.0,23.58,8.0,7.55,0.6299999999999999,0.12299999999999997,22.71,11.14,15.4,26.54,27.88,16.67,367.0,0.253,83.0,22.62,36.0,9.81,0.708,0.124,28.15,12.12,17.62,29.74,27.53,21.67
744848,2024-06-08,2024,608336,L,450203,R,field_out,False,False,108.0,0.186,44.0,40.74,18.0,16.67,0.7310000000000001,0.20900000000000002,44.67,18.97,15.95,34.91,21.25,29.53,273.0,0.177,118.0,43.22,40.0,14.65,0.748,0.271,44.52,21.12,11.99,33.11,25.82,30.1,155.0,0.242,40.0,25.81,20.0,12.9,0.766,0.15600000000000003,29.05,14.24,14.9,29.14,27.24,21.91,351.0,0.234,100.0,28.49,47.0,13.39,0.721,0.1299999999999999,36.41,15.33,18.52,33.84,28.99,23.42
744848,2024-06-08,2024,696285,R,450203,R,field_out,False,False,117.0,0.243,25.0,21.37,6.0,5.13,0.589,0.03899999999999998,23.12,10.8,20.89,31.69,31.03,22.94,93.0,0.268,17.0,18.28,7.0,7.53,0.687,0.0859999999999999,21.38,9.8,20.46,30.26,30.36,15.74,106.0,0.224,25.0,23.58,8.0,7.55,0.6299999999999999,0.12299999999999997,22.71,11.14,15.4,26.54,27.88,16.67,367.0,0.253,83.0,22.62,36.0,9.81,0.708,0.124,28.15,12.12,17.62,29.74,27.53,21.67
744848,2024-06-08,2024,682928,L,450203,R,single,False,False,180.0,0.204,38.0,21.11,12.0,6.67,0.665,0.19700000000000004,24.33,13.36,12.63,25.99,40.97,17.19,446.0,0.274,78.0,17.49,24.0,5.38,0.786,0.19,21.76,11.82,12.69,24.5,35.86,16.63,155.0,0.242,40.0,25.81,20.0,12.9,0.766,0.15600000000000003,29.05,14.24,14.9,29.14,27.24,21.91,351.0,0.234,100.0,28.49,47.0,13.39,0.721,0.1299999999999999,36.41,15.33,18.52,33.84,28.99,23.42
744848,2024-06-08,2024,657041,R,450203,R,pickoff_caught_stealing_2b,False,False,102.0,0.172,26.0,25.49,7.0,6.86,0.526,0.129,23.12,9.83,20.39,30.22,21.95,20.63,490.0,0.242,143.0,29.18,23.0,4.69,0.719,0.185,26.09,11.34,20.58,31.92,28.6,24.48,106.0,0.224,25.0,23.58,8.0,7.55,0.6299999999999999,0.12299999999999997,22.71,11.14,15.4,26.54,27.88,16.67,367.0,0.253,83.0,22.62,36.0,9.81,0.708,0.124,28.15,12.12,17.62,29.74,27.53,21.67
744848,2024-06-08,2024,645277,R,669022,L,field_out,False,False,56.0,0.309,7.0,12.5,1.0,1.79,0.794,0.16399999999999998,20.79,12.07,8.62,20.69,34.07,23.33,133.0,0.391,18.0,13.53,4.0,3.01,1.023,0.2259999999999999,19.5,11.51,10.25,21.76,42.91,12.77,212.0,0.267,59.0,27.83,14.0,6.6,0.714,0.12,27.63,14.16,13.6,27.75,27.46,19.6,452.0,0.241,113.0,25.0,39.0,8.63,0.76,0.212,26.77,13.05,14.99,28.05,30.71,20.29
744848,2024-06-08,2024,663586,R,669022,L,single,False,False,55.0,0.2,11.0,20.0,5.0,9.09,0.573,0.09999999999999998,19.59,9.95,11.52,21.47,23.66,22.92,149.0,0.289,35.0,23.49,17.0,11.41,0.94,0.289,28.03,13.64,12.46,26.09,26.11,18.72,212.0,0.267,59.0,27.83,14.0,6.6,0.714,0.12,27.63,14.16,13.6,27.75,27.46,19.6,452.0,0.241,113.0,25.0,39.0,8.63,0.76,0.212,26.77,13.05,14.99,28.05,30.71,20.29
744848,2024-06-08,2024,542303,R,669022,L,grounded_into_double_play,False,False,69.0,0.345,17.0,24.64,11.0,15.94,1.0010000000000001,0.20700000000000007,29.22,14.2,11.99,26.18,26.97,14.05,139.0,0.278,25.0,17.99,13.0,9.35,0.98,0.357,22.56,11.13,13.17,24.3,30.63,15.53,212.0,0.267,59.0,27.83,14.0,6.6,0.714,0.12,27.63,14.16,13.6,27.75,27.46,19.6,452.0,0.241,113.0,25.0,39.0,8.63,0.76,0.212,26.77,13.05,14.99,28.05,30.71,20.29
744848,2024-06-08,2024,657041,R,450203,R,strikeout,True,False,102.0,0.172,26.0,25.49,7.0,6.86,0.526,0.129,23.12,9.83,20.39,30.22,21.95,20.63,490.0,0.242,143.0,29.18,23.0,4.69,0.719,0.185,26.09,11.34,20.58,31.92,28.6,24.48,106.0,0.224,25.0,23.58,8.0,7.55,0.6299999999999999,0.12299999999999997,22.71,11.14,15.4,26.54,27.88,16.67,367.0,0.253,83.0,22.62,36.0,9.81,0.708,0.124,28.15,12.12,17.62,29.74,27.53,21.67
744848,2024-06-08,2024,608385,L,450203,R,field_out,False,False,165.0,0.281,35.0,21.21,20.0,12.12,0.8200000000000001,0.15099999999999997,23.28,10.04,16.83,26.87,19.38,14.89,184.0,0.2,46.0,25.0,24.0,13.04,0.5660000000000001,0.0449999999999999,25.91,11.04,17.01,28.05,20.4,17.9,155.0,0.242,40.0,25.81,20.0,12.9,0.766,0.15600000000000003,29.05,14.24,14.9,29.14,27.24,21.91,351.0,0.234,100.0,28.49,47.0,13.39,0.721,0.1299999999999999,36.41,15.33,18.52,33.84,28.99,23.42
744848,2024-06-08,2024,592696,L,450203,R,field_out,False,False,156.0,0.178,40.0,25.64,10.0,6.41,0.608,0.199,29.02,14.89,14.72,29.61,35.15,20.83,449.0,0.258,104.0,23.16,29.0,6.46,0.762,0.199,29.98,17.01,12.43,29.45,43.87,20.59,155.0,0.242,40.0,25.81,20.0,12.9,0.766,0.15600000000000003,29.05,14.24,14.9,29.14,27.24,21.91,351.0,0.234,100.0,28.49,47.0,13.39,0.721,0.1299999999999999,36.41,15.33,18.52,33.84,28.99,23.42
744848,2024-06-08,2024,621566,L,669022,L,strikeout,True,False,79.0,0.239,18.0,22.78,5.0,6.33,0.7969999999999999,0.254,23.65,11.36,15.58,26.95,26.97,17.31,182.0,0.252,52.0,28.57,14.0,7.69,0.7989999999999999,0.239,31.07,15.01,14.87,29.88,27.47,21.94,60.0,0.264,15.0,25.0,7.0,11.67,0.784,0.16999999999999998,27.97,13.47,14.29,27.76,26.67,20.83,132.0,0.319,38.0,28.79,18.0,13.64,0.8899999999999999,0.1589999999999999,31.49,14.97,13.32,28.29,24.59,19.0
744848,2024-06-08,2024,594807,R,669022,L,strikeout,True,False,70.0,0.293,11.0,15.71,9.0,12.86,1.038,0.34500000000000003,15.87,7.12,16.01,23.13,22.0,11.96,93.0,0.244,34.0,36.56,4.0,4.3,0.757,0.2329999999999999,34.95,18.31,16.34,34.65,37.97,29.82,212.0,0.267,59.0,27.83,14.0,6.6,0.714,0.12,27.63,14.16,13.6,27.75,27.46,19.6,452.0,0.241,113.0,25.0,39.0,8.63,0.76,0.212,26.77,13.05,14.99,28.05,30.71,20.29
744848,2024-06-08,2024,606115,R,669022,L,field_out,False,False,61.0,0.175,16.0,26.23,2.0,3.28,0.443,0.07100000000000001,26.15,13.28,14.45,27.73,27.42,18.39,112.0,0.302,24.0,21.43,16.0,14.29,1.006,0.302,27.18,11.06,18.79,29.85,21.6,18.32,212.0,0.267,59.0,27.83,14.0,6.6,0.714,0.12,27.63,14.16,13.6,27.75,27.46,19.6,452.0,0.241,113.0,25.0,39.0,8.63,0.76,0.212,26.77,13.05,14.99,28.05,30.71,20.29
744848,2024-06-08,2024,671277,L,450203,R,double,False,False,163.0,0.284,27.0,16.56,8.0,4.91,0.758,0.15500000000000003,22.76,11.68,15.4,27.08,35.62,18.24,355.0,0.268,44.0,12.39,23.0,6.48,0.6950000000000001,0.1129999999999999,17.54,8.86,13.52,22.38,31.84,12.54,155.0,0.242,40.0,25.81,20.0,12.9,0.766,0.15600000000000003,29.05,14.24,14.9,29.14,27.24,21.91,351.0,0.234,100.0,28.49,47.0,13.39,0.721,0.1299999999999999,36.41,15.33,18.52,33.84,28.99,23.42
744848,2024-06-08,2024,660688,L,450203,R,field_out,False,False,121.0,0.219,18.0,14.88,3.0,2.48,0.563,0.088,13.66,6.9,17.98,24.88,34.17,17.65,403.0,0.249,48.0,11.91,25.0,6.2,0.712,0.1629999999999999,14.96,7.67,15.92,23.59,36.49,14.77,155.0,0.242,40.0,25.81,20.0,12.9,0.766,0.15600000000000003,29.05,14.24,14.9,29.14,27.24,21.91,351.0,0.234,100.0,28.49,47.0,13.39,0.721,0.1299999999999999,36.41,15.33,18.52,33.84,28.99,23.42
744848,2024-06-08,2024,669222,R,450203,R,double,False,False,110.0,0.215,30.0,27.27,15.0,13.64,0.685,0.13999999999999999,28.96,12.86,17.48,30.34,21.43,28.04,205.0,0.164,51.0,24.88,18.0,8.78,0.497,0.093,25.27,12.43,15.64,28.07,26.72,23.15,106.0,0.224,25.0,23.58,8.0,7.55,0.6299999999999999,0.12299999999999997,22.71,11.14,15.4,26.54,27.88,16.67,367.0,0.253,83.0,22.62,36.0,9.81,0.708,0.124,28.15,12.12,17.62,29.74,27.53,21.67
744848,2024-06-08,2024,608336,L,450203,R,strikeout,True,False,108.0,0.186,44.0,40.74,18.0,16.67,0.7310000000000001,0.20900000000000002,44.67,18.97,15.95,34.91,21.25,29.53,273.0,0.177,118.0,43.22,40.0,14.65,0.748,0.271,44.52,21.12,11.99,33.11,25.82,30.1,155.0,0.242,40.0,25.81,20.0,12.9,0.766,0.15600000000000003,29.05,14.24,14.9,29.14,27.24,21.91,351.0,0.234,100.0,28.49,47.0,13.39,0.721,0.1299999999999999,36.41,15.33,18.52,33.84,28.99,23.42
744848,2024-06-08,2024,696285,R,450203,R,field_out,False,False,117.0,0.243,25.0,21.37,6.0,5.13,0.589,0.03899999999999998,23.12,10.8,20.89,31.69,31.03,22.94,93.0,0.268,17.0,18.28,7.0,7.53,0.687,0.0859999999999999,21.38,9.8,20.46,30.26,30.36,15.74,106.0,0.224,25.0,23.58,8.0,7.55,0.6299999999999999,0.12299999999999997,22.71,11.14,15.4,26.54,27.88,16.67,367.0,0.253,83.0,22.62,36.0,9.81,0.708,0.124,28.15,12.12,17.62,29.74,27.53,21.67
744848,2024-06-08,2024,671739,L,669022,L,hit_by_pitch,False,False,78.0,0.263,17.0,21.79,2.0,2.56,0.598,0.05299999999999999,28.77,16.67,17.46,34.13,48.28,24.29,139.0,0.301,25.0,17.99,3.0,2.16,0.797,0.165,22.64,11.79,19.84,31.63,41.0,16.23,60.0,0.264,15.0,25.0,7.0,11.67,0.784,0.16999999999999998,27.97,13.47,14.29,27.76,26.67,20.83,132.0,0.319,38.0,28.79,18.0,13.64,0.8899999999999999,0.1589999999999999,31.49,14.97,13.32,28.29,24.59,19.0
744848,2024-06-08,2024,669221,R,669022,L,strikeout,True,False,10.0,0.0,2.0,20.0,1.0,10.0,0.1,0.0,25.0,11.76,20.59,32.35,41.18,22.22,101.0,0.274,21.0,20.79,12.0,11.88,0.884,0.2139999999999999,23.12,10.14,16.75,26.89,23.56,16.03,212.0,0.267,59.0,27.83,14.0,6.6,0.714,0.12,27.63,14.16,13.6,27.75,27.46,19.6,452.0,0.241,113.0,25.0,39.0,8.63,0.76,0.212,26.77,13.05,14.99,28.05,30.71,20.29
744848,2024-06-08,2024,672284,L,669022,L,field_out,False,False,16.0,0.25,5.0,31.25,0.0,0.0,0.562,0.062,40.0,22.22,18.52,40.74,37.5,31.25,92.0,0.259,27.0,29.35,7.0,7.61,0.774,0.2,27.91,12.83,16.31,29.14,26.49,24.55,60.0,0.264,15.0,25.0,7.0,11.67,0.784,0.16999999999999998,27.97,13.47,14.29,27.76,26.67,20.83,132.0,0.319,38.0,28.79,18.0,13.64,0.8899999999999999,0.1589999999999999,31.49,14.97,13.32,28.29,24.59,19.0
744848,2024-06-08,2024,645277,R,669022,L,double,False,False,56.0,0.309,7.0,12.5,1.0,1.79,0.794,0.16399999999999998,20.79,12.07,8.62,20.69,34.07,23.33,133.0,0.391,18.0,13.53,4.0,3.01,1.023,0.2259999999999999,19.5,11.51,10.25,21.76,42.91,12.77,212.0,0.267,59.0,27.83,14.0,6.6,0.714,0.12,27.63,14.16,13.6,27.75,27.46,19.6,452.0,0.241,113.0,25.0,39.0,8.63,0.76,0.212,26.77,13.05,14.99,28.05,30.71,20.29
744848,2024-06-08,2024,663586,R,669022,L,strikeout,True,False,55.0,0.2,11.0,20.0,5.0,9.09,0.573,0.09999999999999998,19.59,9.95,11.52,21.47,23.66,22.92,149.0,0.289,35.0,23.49,17.0,11.41,0.94,0.289,28.03,13.64,12.46,26.09,26.11,18.72,212.0,0.267,59.0,27.83,14.0,6.6,0.714,0.12,27.63,14.16,13.6,27.75,27.46,19.6,452.0,0.241,113.0,25.0,39.0,8.63,0.76,0.212,26.77,13.05,14.99,28.05,30.71,20.29
744848,2024-06-08,2024,682928,L,450203,R,field_out,False,False,180.0,0.204,38.0,21.11,12.0,6.67,0.665,0.19700000000000004,24.33,13.36,12.63,25.99,40.97,17.19,446.0,0.274,78.0,17.49,24.0,5.38,0.786,0.19,21.76,11.82,12.69,24.5,35.86,16.63,155.0,0.242,40.0,25.81,20.0,12.9,0.766,0.15600000000000003,29.05,14.24,14.9,29.14,27.24,21.91,351.0,0.234,100.0,28.49,47.0,13.39,0.721,0.1299999999999999,36.41,15.33,18.52,33.84,28.99,23.42
744848,2024-06-08,2024,657041,R,450203,R,field_error,False,False,102.0,0.172,26.0,25.49,7.0,6.86,0.526,0.129,23.12,9.83,20.39,30.22,21.95,20.63,490.0,0.242,143.0,29.18,23.0,4.69,0.719,0.185,26.09,11.34,20.58,31.92,28.6,24.48,106.0,0.224,25.0,23.58,8.0,7.55,0.6299999999999999,0.12299999999999997,22.71,11.14,15.4,26.54,27.88,16.67,367.0,0.253,83.0,22.62,36.0,9.81,0.708,0.124,28.15,12.12,17.62,29.74,27.53,21.67
744848,2024-06-08,2024,608385,L,450203,R,strikeout,True,False,165.0,0.281,35.0,21.21,20.0,12.12,0.8200000000000001,0.15099999999999997,23.28,10.04,16.83,26.87,19.38,14.89,184.0,0.2,46.0,25.0,24.0,13.04,0.5660000000000001,0.0449999999999999,25.91,11.04,17.01,28.05,20.4,17.9,155.0,0.242,40.0,25.81,20.0,12.9,0.766,0.15600000000000003,29.05,14.24,14.9,29.14,27.24,21.91,351.0,0.234,100.0,28.49,47.0,13.39,0.721,0.1299999999999999,36.41,15.33,18.52,33.84,28.99,23.42
744848,2024-06-08,2024,592696,L,450203,R,single,False,False,156.0,0.178,40.0,25.64,10.0,6.41,0.608,0.199,29.02,14.89,14.72,29.61,35.15,20.83,449.0,0.258,104.0,23.16,29.0,6.46,0.762,0.199,29.98,17.01,12.43,29.45,43.87,20.59,155.0,0.242,40.0,25.81,20.0,12.9,0.766,0.15600000000000003,29.05,14.24,14.9,29.14,27.24,21.91,351.0,0.234,100.0,28.49,47.0,13.39,0.721,0.1299999999999999,36.41,15.33,18.52,33.84,28.99,23.42
744848,2024-06-08,2024,671277,L,450203,R,field_out,False,False,163.0,0.284,27.0,16.56,8.0,4.91,0.758,0.15500000000000003,22.76,11.68,15.4,27.08,35.62,18.24,355.0,0.268,44.0,12.39,23.0,6.48,0.6950000000000001,0.1129999999999999,17.54,8.86,13.52,22.38,31.84,12.54,155.0,0.242,40.0,25.81,20.0,12.9,0.766,0.15600000000000003,29.05,14.24,14.9,29.14,27.24,21.91,351.0,0.234,100.0,28.49,47.0,13.39,0.721,0.1299999999999999,36.41,15.33,18.52,33.84,28.99,23.42
744848,2024-06-08,2024,542303,R,669022,L,single,False,False,69.0,0.345,17.0,24.64,11.0,15.94,1.0010000000000001,0.20700000000000007,29.22,14.2,11.99,26.18,26.97,14.05,139.0,0.278,25.0,17.99,13.0,9.35,0.98,0.357,22.56,11.13,13.17,24.3,30.63,15.53,212.0,0.267,59.0,27.83,14.0,6.6,0.714,0.12,27.63,14.16,13.6,27.75,27.46,19.6,452.0,0.241,113.0,25.0,39.0,8.63,0.76,0.212,26.77,13.05,14.99,28.05,30.71,20.29
744848,2024-06-08,2024,621566,L,669022,L,single,False,False,79.0,0.239,18.0,22.78,5.0,6.33,0.7969999999999999,0.254,23.65,11.36,15.58,26.95,26.97,17.31,182.0,0.252,52.0,28.57,14.0,7.69,0.7989999999999999,0.239,31.07,15.01,14.87,29.88,27.47,21.94,60.0,0.264,15.0,25.0,7.0,11.67,0.784,0.16999999999999998,27.97,13.47,14.29,27.76,26.67,20.83,132.0,0.319,38.0,28.79,18.0,13.64,0.8899999999999999,0.1589999999999999,31.49,14.97,13.32,28.29,24.59,19.0
744848,2024-06-08,2024,594807,R,571882,R,strikeout,True,False,68.0,0.094,24.0,35.29,3.0,4.41,0.272,0.031,27.5,13.04,18.97,32.02,30.58,31.58,260.0,0.248,76.0,29.23,18.0,6.92,0.863,0.303,29.41,13.69,18.97,32.66,32.68,27.44,94.0,0.286,13.0,13.83,5.0,5.32,0.704,0.09500000000000003,23.42,12.05,14.01,26.06,32.64,16.67,128.0,0.234,24.0,18.75,12.0,9.38,0.6799999999999999,0.1259999999999999,31.08,15.73,12.1,27.82,32.58,15.38
744848,2024-06-08,2024,606115,R,571882,R,field_out,False,False,176.0,0.251,30.0,17.05,5.0,2.84,0.704,0.18,23.12,11.86,14.18,26.04,26.37,17.86,421.0,0.255,78.0,18.53,23.0,5.46,0.6739999999999999,0.12,23.54,11.23,17.09,28.32,27.84,15.98,94.0,0.286,13.0,13.83,5.0,5.32,0.704,0.09500000000000003,23.42,12.05,14.01,26.06,32.64,16.67,128.0,0.234,24.0,18.75,12.0,9.38,0.6799999999999999,0.1259999999999999,31.08,15.73,12.1,27.82,32.58,15.38
744848,2024-06-08,2024,671739,L,571882,R,strikeout,True,False,177.0,0.239,37.0,20.9,12.0,6.78,0.6679999999999999,0.135,24.47,14.56,10.28,24.84,43.85,18.97,400.0,0.29,76.0,19.0,22.0,5.5,0.812,0.191,24.97,13.25,14.35,27.61,37.23,20.32,60.0,0.212,20.0,33.33,8.0,13.33,0.605,0.07599999999999998,33.61,15.53,14.77,30.3,34.19,23.26,113.0,0.245,21.0,18.58,14.0,12.39,0.712,0.122,22.33,9.87,16.31,26.18,24.79,14.19
744848,2024-06-08,2024,660688,R,669276,L,single,False,False,44.0,0.143,7.0,15.91,1.0,2.27,0.396,0.07100000000000001,15.12,7.98,19.63,27.61,47.67,14.29,159.0,0.289,10.0,6.29,6.0,3.77,0.73,0.114,12.6,6.29,17.14,23.43,36.59,8.85,71.0,0.217,11.0,15.49,9.0,12.68,0.614,0.08299999999999999,33.08,17.34,10.48,27.82,33.87,17.46,61.0,0.315,11.0,18.03,6.0,9.84,0.8089999999999999,0.1109999999999999,24.26,13.36,13.77,27.13,40.44,11.34
744848,2024-06-08,2024,669222,R,669276,L,home_run,False,False,46.0,0.25,6.0,13.04,6.0,13.04,0.823,0.22499999999999998,15.0,6.52,16.85,23.37,26.09,10.91,126.0,0.347,23.0,18.25,8.0,6.35,1.008,0.272,15.6,7.66,16.89,24.55,26.51,19.66,71.0,0.217,11.0,15.49,9.0,12.68,0.614,0.08299999999999999,33.08,17.34,10.48,27.82,33.87,17.46,61.0,0.315,11.0,18.03,6.0,9.84,0.8089999999999999,0.1109999999999999,24.26,13.36,13.77,27.13,40.44,11.34
744848,2024-06-08,2024,608336,L,669276,L,strikeout,True,False,47.0,0.114,22.0,46.81,2.0,4.26,0.375,0.09099999999999998,37.93,17.93,14.67,32.61,18.82,37.93,59.0,0.18,24.0,40.68,8.0,13.56,0.7050000000000001,0.22,42.99,19.01,15.7,34.71,27.69,30.0,38.0,0.263,12.0,31.58,0.0,0.0,0.71,0.184,30.49,18.66,16.42,35.07,43.14,27.27,40.0,0.189,13.0,32.5,2.0,5.0,0.663,0.243,40.54,20.69,20.69,41.38,31.03,32.5
744848,2024-06-08,2024,696285,R,669276,L,field_out,False,False,59.0,0.327,9.0,15.25,2.0,3.39,0.755,0.05499999999999999,17.24,7.08,22.17,29.25,22.92,16.67,28.0,0.2,5.0,17.86,3.0,10.71,0.5660000000000001,0.08,20.0,9.24,20.17,29.41,29.63,13.16,71.0,0.217,11.0,15.49,9.0,12.68,0.614,0.08299999999999999,33.08,17.34,10.48,27.82,33.87,17.46,61.0,0.315,11.0,18.03,6.0,9.84,0.8089999999999999,0.1109999999999999,24.26,13.36,13.77,27.13,40.44,11.34
744848,2024-06-08,2024,682928,L,669276,L,strikeout,True,False,72.0,0.343,15.0,20.83,1.0,1.39,0.947,0.24299999999999994,26.35,14.55,15.3,29.85,38.84,16.48,170.0,0.166,40.0,23.53,8.0,4.71,0.512,0.106,24.68,12.36,17.24,29.59,32.89,21.74,38.0,0.263,12.0,31.58,0.0,0.0,0.71,0.184,30.49,18.66,16.42,35.07,43.14,27.27,40.0,0.189,13.0,32.5,2.0,5.0,0.663,0.243,40.54,20.69,20.69,41.38,31.03,32.5
744848,2024-06-08,2024,669221,R,571882,R,home_run,False,False,23.0,0.19,6.0,26.09,1.0,4.35,0.499,0.04799999999999999,25.71,11.11,22.22,33.33,31.71,35.29,337.0,0.245,77.0,22.85,37.0,10.98,0.832,0.2309999999999999,26.79,12.43,15.15,27.58,22.74,18.97,94.0,0.286,13.0,13.83,5.0,5.32,0.704,0.09500000000000003,23.42,12.05,14.01,26.06,32.64,16.67,128.0,0.234,24.0,18.75,12.0,9.38,0.6799999999999999,0.1259999999999999,31.08,15.73,12.1,27.82,32.58,15.38
744848,2024-06-08,2024,672284,L,571882,R,strikeout,True,False,138.0,0.266,41.0,29.71,9.0,6.52,0.726,0.14799999999999996,33.45,17.24,13.82,31.06,31.54,23.03,324.0,0.251,105.0,32.41,34.0,10.49,0.738,0.1569999999999999,35.42,16.4,14.8,31.2,29.2,26.99,60.0,0.212,20.0,33.33,8.0,13.33,0.605,0.07599999999999998,33.61,15.53,14.77,30.3,34.19,23.26,113.0,0.245,21.0,18.58,14.0,12.39,0.712,0.122,22.33,9.87,16.31,26.18,24.79,14.19
744848,2024-06-08,2024,645277,L,571882,R,field_out,False,False,176.0,0.252,30.0,17.05,16.0,9.09,0.7090000000000001,0.122,21.63,11.9,9.24,21.15,31.65,11.72,528.0,0.25,89.0,16.86,42.0,7.95,0.8029999999999999,0.235,20.84,11.11,9.82,20.92,33.45,13.94,60.0,0.212,20.0,33.33,8.0,13.33,0.605,0.07599999999999998,33.61,15.53,14.77,30.3,34.19,23.26,113.0,0.245,21.0,18.58,14.0,12.39,0.712,0.122,22.33,9.87,16.31,26.18,24.79,14.19
744848,2024-06-08,2024,663586,R,571882,R,field_out,False,False,153.0,0.246,38.0,24.84,12.0,7.84,0.6930000000000001,0.131,31.21,15.6,12.75,28.36,27.24,20.22,566.0,0.28,137.0,24.2,42.0,7.42,0.841,0.2199999999999999,27.71,13.25,15.53,28.77,27.7,18.53,94.0,0.286,13.0,13.83,5.0,5.32,0.704,0.09500000000000003,23.42,12.05,14.01,26.06,32.64,16.67,128.0,0.234,24.0,18.75,12.0,9.38,0.6799999999999999,0.1259999999999999,31.08,15.73,12.1,27.82,32.58,15.38
744848,2024-06-08,2024,657041,R,678061,L,single,False,False,48.0,0.293,5.0,10.42,5.0,10.42,0.798,0.122,15.12,6.31,18.93,25.24,20.56,7.14,192.0,0.331,33.0,17.19,13.0,6.77,0.948,0.2419999999999999,14.83,6.49,18.37,24.86,23.4,17.65,57.0,0.327,16.0,28.07,1.0,1.75,0.906,0.21100000000000002,34.91,17.62,16.67,34.29,34.31,27.59,78.0,0.278,20.0,25.64,6.0,7.69,0.93,0.3189999999999999,32.82,15.41,14.7,30.11,30.07,29.41
744848,2024-06-08,2024,608385,L,678061,L,single,False,False,76.0,0.219,23.0,30.26,9.0,11.84,0.657,0.10900000000000001,22.12,8.56,21.58,30.14,19.38,24.21,13.0,0.182,5.0,38.46,2.0,15.38,0.581,0.091,15.38,6.15,20.0,26.15,7.14,19.23,33.0,0.276,9.0,27.27,3.0,9.09,0.827,0.20699999999999996,37.93,18.33,15.83,34.17,33.33,30.0,36.0,0.161,15.0,41.67,3.0,8.33,0.5469999999999999,0.1289999999999999,30.99,14.1,19.23,33.33,28.57,28.3
744848,2024-06-08,2024,592696,L,678061,L,grounded_into_double_play,False,False,26.0,0.2,4.0,15.38,3.0,11.54,0.492,0.0,27.27,12.63,11.58,24.21,19.61,20.0,67.0,0.233,18.0,26.87,5.0,7.46,0.7030000000000001,0.167,28.57,17.02,12.34,29.36,40.91,20.69,33.0,0.276,9.0,27.27,3.0,9.09,0.827,0.20699999999999996,37.93,18.33,15.83,34.17,33.33,30.0,36.0,0.161,15.0,41.67,3.0,8.33,0.5469999999999999,0.1289999999999999,30.99,14.1,19.23,33.33,28.57,28.3
744848,2024-06-08,2024,671277,L,678061,L,strikeout,True,False,36.0,0.182,9.0,25.0,3.0,8.33,0.46199999999999997,0.03,21.43,10.49,16.78,27.27,35.44,20.93,129.0,0.261,16.0,12.4,4.0,3.1,0.668,0.134,18.96,9.55,16.71,26.25,27.88,16.49,33.0,0.276,9.0,27.27,3.0,9.09,0.827,0.20699999999999996,37.93,18.33,15.83,34.17,33.33,30.0,36.0,0.161,15.0,41.67,3.0,8.33,0.5469999999999999,0.1289999999999999,30.99,14.1,19.23,33.33,28.57,28.3
744848,2024-06-08,2024,542303,R,571670,R,field_out,False,False,187.0,0.305,40.0,21.39,17.0,9.09,1.01,0.336,31.52,15.24,13.02,28.25,26.55,19.61,453.0,0.272,109.0,24.06,44.0,9.71,0.882,0.263,27.95,13.42,14.78,28.21,29.59,18.63,77.0,0.214,14.0,18.18,6.0,7.79,0.516,0.028999999999999998,20.18,8.07,24.21,32.28,21.21,19.18,138.0,0.258,33.0,23.91,6.0,4.35,0.596,0.0309999999999999,25.42,12.25,19.88,32.13,34.13,23.08
744848,2024-06-08,2024,621566,L,571670,R,field_out,False,False,178.0,0.232,48.0,26.97,20.0,11.24,0.72,0.162,28.57,14.03,11.22,25.26,27.12,17.87,540.0,0.294,115.0,21.3,90.0,16.67,1.061,0.351,27.51,12.57,12.32,24.89,25.66,14.92,43.0,0.2,9.0,20.93,3.0,6.98,0.506,0.04999999999999999,25.35,10.78,20.36,31.14,19.28,19.15,111.0,0.374,25.0,22.52,11.0,9.91,0.998,0.1919999999999999,22.28,9.55,18.05,27.6,25.9,17.99
744848,2024-06-08,2024,594807,R,571670,R,strikeout,True,False,68.0,0.094,24.0,35.29,3.0,4.41,0.272,0.031,27.5,13.04,18.97,32.02,30.58,31.58,260.0,0.248,76.0,29.23,18.0,6.92,0.863,0.303,29.41,13.69,18.97,32.66,32.68,27.44,77.0,0.214,14.0,18.18,6.0,7.79,0.516,0.028999999999999998,20.18,8.07,24.21,32.28,21.21,19.18,138.0,0.258,33.0,23.91,6.0,4.35,0.596,0.0309999999999999,25.42,12.25,19.88,32.13,34.13,23.08
744848,2024-06-08,2024,660688,L,678226,R,field_out,False,False,121.0,0.219,18.0,14.88,3.0,2.48,0.563,0.088,13.66,6.9,17.98,24.88,34.17,17.65,403.0,0.249,48.0,11.91,25.0,6.2,0.712,0.1629999999999999,14.96,7.67,15.92,23.59,36.49,14.77,4.0,0.5,1.0,25.0,0.0,0.0,1.0,0.0,16.67,10.0,20.0,30.0,33.33,100.0,12.0,0.1,6.0,50.0,2.0,16.67,0.65,0.3,46.15,22.64,15.09,37.74,33.33,33.33
744848,2024-06-08,2024,669222,R,678226,R,walk,False,True,110.0,0.215,30.0,27.27,15.0,13.64,0.685,0.13999999999999999,28.96,12.86,17.48,30.34,21.43,28.04,205.0,0.164,51.0,24.88,18.0,8.78,0.497,0.093,25.27,12.43,15.64,28.07,26.72,23.15,6.0,0.2,0.0,0.0,1.0,16.67,0.533,0.0,11.11,4.35,17.39,21.74,30.77,0.0,8.0,0.714,0.0,0.0,1.0,12.5,1.464,0.0,16.67,10.0,3.33,13.33,47.37,0.0
744848,2024-06-08,2024,608336,L,678226,R,strikeout,True,False,108.0,0.186,44.0,40.74,18.0,16.67,0.7310000000000001,0.20900000000000002,44.67,18.97,15.95,34.91,21.25,29.53,273.0,0.177,118.0,43.22,40.0,14.65,0.748,0.271,44.52,21.12,11.99,33.11,25.82,30.1,4.0,0.5,1.0,25.0,0.0,0.0,1.0,0.0,16.67,10.0,20.0,30.0,33.33,100.0,12.0,0.1,6.0,50.0,2.0,16.67,0.65,0.3,46.15,22.64,15.09,37.74,33.33,33.33
744848,2024-06-08,2024,696285,R,678226,R,single,False,False,117.0,0.243,25.0,21.37,6.0,5.13,0.589,0.03899999999999998,23.12,10.8,20.89,31.69,31.03,22.94,93.0,0.268,17.0,18.28,7.0,7.53,0.687,0.0859999999999999,21.38,9.8,20.46,30.26,30.36,15.74,6.0,0.2,0.0,0.0,1.0,16.67,0.533,0.0,11.11,4.35,17.39,21.74,30.77,0.0,8.0,0.714,0.0,0.0,1.0,12.5,1.464,0.0,16.67,10.0,3.33,13.33,47.37,0.0
744848,2024-06-08,2024,682928,L,678226,R,strikeout,True,False,180.0,0.204,38.0,21.11,12.0,6.67,0.665,0.19700000000000004,24.33,13.36,12.63,25.99,40.97,17.19,446.0,0.274,78.0,17.49,24.0,5.38,0.786,0.19,21.76,11.82,12.69,24.5,35.86,16.63,4.0,0.5,1.0,25.0,0.0,0.0,1.0,0.0,16.67,10.0,20.0,30.0,33.33,100.0,12.0,0.1,6.0,50.0,2.0,16.67,0.65,0.3,46.15,22.64,15.09,37.74,33.33,33.33
744848,2024-06-08,2024,606115,R,676395,L,strikeout,True,False,61.0,0.175,16.0,26.23,2.0,3.28,0.443,0.07100000000000001,26.15,13.28,14.45,27.73,27.42,18.39,112.0,0.302,24.0,21.43,16.0,14.29,1.006,0.302,27.18,11.06,18.79,29.85,21.6,18.32,42.0,0.316,13.0,30.95,3.0,7.14,0.7869999999999999,0.10499999999999998,23.08,11.46,16.56,28.03,29.73,28.89,76.0,0.246,23.0,30.26,7.0,9.21,0.6639999999999999,0.1019999999999999,26.51,13.41,14.63,28.05,35.12,17.83
744848,2024-06-08,2024,671739,L,676395,L,strikeout,True,False,78.0,0.263,17.0,21.79,2.0,2.56,0.598,0.05299999999999999,28.77,16.67,17.46,34.13,48.28,24.29,139.0,0.301,25.0,17.99,3.0,2.16,0.797,0.165,22.64,11.79,19.84,31.63,41.0,16.23,40.0,0.229,11.0,27.5,4.0,10.0,0.671,0.142,24.05,12.03,20.25,32.28,26.67,19.3,51.0,0.214,10.0,19.61,5.0,9.8,0.608,0.096,20.62,9.9,17.33,27.23,24.72,15.87
744848,2024-06-08,2024,669221,R,676395,L,field_out,False,False,10.0,0.0,2.0,20.0,1.0,10.0,0.1,0.0,25.0,11.76,20.59,32.35,41.18,22.22,101.0,0.274,21.0,20.79,12.0,11.88,0.884,0.2139999999999999,23.12,10.14,16.75,26.89,23.56,16.03,42.0,0.316,13.0,30.95,3.0,7.14,0.7869999999999999,0.10499999999999998,23.08,11.46,16.56,28.03,29.73,28.89,76.0,0.246,23.0,30.26,7.0,9.21,0.6639999999999999,0.1019999999999999,26.51,13.41,14.63,28.05,35.12,17.83
745492,2024-06-08,2024,663616,L,669387,R,field_out,False,False,117.0,0.26,24.0,20.51,12.0,10.26,0.795,0.202,28.02,13.3,16.51,29.82,29.22,18.55,189.0,0.228,60.0,31.75,25.0,13.23,0.766,0.21,36.25,14.96,16.71,31.67,22.55,25.75,20.0,0.333,2.0,10.0,3.0,15.0,0.867,0.134,13.64,6.74,12.36,19.1,16.67,6.45,66.0,0.214,16.0,24.24,8.0,12.12,0.612,0.09,20.93,9.82,15.27,25.09,25.76,17.98
745492,2024-06-08,2024,621043,R,669387,R,field_out,False,False,137.0,0.28,30.0,21.9,16.0,11.68,0.833,0.19499999999999995,22.27,9.55,20.6,30.15,27.08,19.35,444.0,0.224,112.0,25.23,42.0,9.46,0.69,0.164,26.37,11.3,19.9,31.19,27.0,21.72,32.0,0.24,9.0,28.12,5.0,15.62,0.775,0.16000000000000003,31.03,13.24,15.44,28.68,25.0,22.5,87.0,0.213,18.0,20.69,10.0,11.49,0.63,0.107,21.85,9.54,17.63,27.17,22.03,17.14
745492,2024-06-08,2024,668904,R,669387,R,field_out,False,False,9.0,0.286,2.0,22.22,2.0,22.22,1.587,0.857,35.71,13.51,16.22,29.73,19.05,18.18,183.0,0.307,43.0,23.5,15.0,8.2,0.962,0.283,27.16,12.8,18.57,31.36,28.0,20.98,32.0,0.24,9.0,28.12,5.0,15.62,0.775,0.16000000000000003,31.03,13.24,15.44,28.68,25.0,22.5,87.0,0.213,18.0,20.69,10.0,11.49,0.63,0.107,21.85,9.54,17.63,27.17,22.03,17.14
745492,2024-06-08,2024,457705,R,680573,R,single,False,False,148.0,0.229,38.0,25.68,15.0,10.14,0.6839999999999999,0.13699999999999998,31.37,13.69,18.04,31.72,18.69,20.11,312.0,0.254,72.0,23.08,49.0,15.71,0.767,0.137,28.77,12.06,17.2,29.26,17.59,17.52,110.0,0.255,22.0,20.0,4.0,3.64,0.67,0.137,19.83,10.57,13.79,24.37,24.74,15.83,13.0,0.4,4.0,30.77,2.0,15.38,1.1,0.1999999999999999,17.86,8.62,13.79,22.41,21.43,20.0
745492,2024-06-08,2024,668804,L,680573,R,single,False,False,190.0,0.244,38.0,20.0,20.0,10.53,0.7130000000000001,0.14300000000000002,27.79,12.4,15.77,28.17,25.75,17.92,438.0,0.252,94.0,21.46,45.0,10.27,0.821,0.2309999999999999,28.75,13.22,13.73,26.95,24.9,18.49,72.0,0.19,14.0,19.44,7.0,9.72,0.546,0.064,20.44,9.36,18.73,28.09,30.46,13.59,11.0,0.3,1.0,9.09,1.0,9.09,0.964,0.3,10.53,4.88,12.2,17.07,33.33,10.0
745492,2024-06-08,2024,656582,R,680573,R,field_out,False,False,135.0,0.258,30.0,22.22,13.0,9.63,0.749,0.14999999999999997,24.66,10.6,19.46,30.06,23.62,20.69,279.0,0.235,70.0,25.09,27.0,9.68,0.72,0.166,22.25,8.9,20.93,29.83,20.67,18.23,110.0,0.255,22.0,20.0,4.0,3.64,0.67,0.137,19.83,10.57,13.79,24.37,24.74,15.83,13.0,0.4,4.0,30.77,2.0,15.38,1.1,0.1999999999999999,17.86,8.62,13.79,22.41,21.43,20.0
745492,2024-06-08,2024,665833,L,680573,R,field_out,False,False,171.0,0.299,57.0,33.33,14.0,8.19,0.886,0.23000000000000004,35.58,16.27,18.93,35.2,34.97,24.46,33.0,0.185,7.0,21.21,5.0,15.15,0.636,0.148,27.69,13.14,15.33,28.47,34.25,17.95,72.0,0.19,14.0,19.44,7.0,9.72,0.546,0.064,20.44,9.36,18.73,28.09,30.46,13.59,11.0,0.3,1.0,9.09,1.0,9.09,0.964,0.3,10.53,4.88,12.2,17.07,33.33,10.0
745492,2024-06-08,2024,663647,R,680573,R,field_out,False,False,127.0,0.219,28.0,22.05,10.0,7.87,0.5369999999999999,0.035,17.33,7.38,21.94,29.32,26.47,20.9,358.0,0.26,75.0,20.95,22.0,6.15,0.721,0.1559999999999999,21.48,9.63,20.09,29.72,30.19,22.32,110.0,0.255,22.0,20.0,4.0,3.64,0.67,0.137,19.83,10.57,13.79,24.37,24.74,15.83,13.0,0.4,4.0,30.77,2.0,15.38,1.1,0.1999999999999999,17.86,8.62,13.79,22.41,21.43,20.0
745492,2024-06-08,2024,596146,L,669387,R,strikeout,True,False,136.0,0.238,26.0,19.12,11.0,8.09,0.714,0.172,23.13,11.42,13.08,24.49,26.06,15.38,394.0,0.263,84.0,21.32,37.0,9.39,0.8320000000000001,0.2339999999999999,19.92,9.32,15.49,24.81,24.75,18.14,20.0,0.333,2.0,10.0,3.0,15.0,0.867,0.134,13.64,6.74,12.36,19.1,16.67,6.45,66.0,0.214,16.0,24.24,8.0,12.12,0.612,0.09,20.93,9.82,15.27,25.09,25.76,17.98
745492,2024-06-08,2024,669304,R,669387,R,field_out,False,False,115.0,0.28,17.0,14.78,4.0,3.48,0.7929999999999999,0.19699999999999995,19.8,9.51,18.78,28.29,33.8,17.89,120.0,0.207,18.0,15.0,8.0,6.67,0.5640000000000001,0.09,23.72,11.83,13.69,25.52,32.37,15.04,32.0,0.24,9.0,28.12,5.0,15.62,0.775,0.16000000000000003,31.03,13.24,15.44,28.68,25.0,22.5,87.0,0.213,18.0,20.69,10.0,11.49,0.63,0.107,21.85,9.54,17.63,27.17,22.03,17.14
745492,2024-06-08,2024,650489,L,669387,R,hit_by_pitch,False,False,181.0,0.217,43.0,23.76,18.0,9.94,0.6839999999999999,0.152,27.41,13.04,15.4,28.43,29.09,20.09,280.0,0.266,73.0,26.07,23.0,8.21,0.8029999999999999,0.189,28.16,14.39,15.31,29.7,34.97,21.1,20.0,0.333,2.0,10.0,3.0,15.0,0.867,0.134,13.64,6.74,12.36,19.1,16.67,6.45,66.0,0.214,16.0,24.24,8.0,12.12,0.612,0.09,20.93,9.82,15.27,25.09,25.76,17.98
745492,2024-06-08,2024,621439,R,682847,R,field_out,False,False,113.0,0.231,35.0,30.97,5.0,4.42,0.62,0.10600000000000001,34.87,18.69,12.16,30.86,36.13,23.33,257.0,0.217,80.0,31.13,26.0,10.12,0.767,0.243,29.69,15.03,12.96,27.99,29.53,25.0,95.0,0.195,18.0,18.95,5.0,5.26,0.55,0.09199999999999997,21.12,10.46,15.08,25.54,25.16,21.69,223.0,0.253,36.0,16.14,24.0,10.76,0.7070000000000001,0.118,22.28,10.14,16.3,26.45,26.65,17.22
745492,2024-06-08,2024,693304,R,680573,R,single,False,False,67.0,0.305,14.0,20.9,4.0,5.97,0.856,0.203,27.21,14.55,12.0,26.55,32.14,15.38,86.0,0.234,21.0,24.42,3.0,3.49,0.638,0.1299999999999999,30.36,15.84,12.11,27.95,27.85,22.11,110.0,0.255,22.0,20.0,4.0,3.64,0.67,0.137,19.83,10.57,13.79,24.37,24.74,15.83,13.0,0.4,4.0,30.77,2.0,15.38,1.1,0.1999999999999999,17.86,8.62,13.79,22.41,21.43,20.0
745492,2024-06-08,2024,642133,L,680573,R,grounded_into_double_play,False,False,135.0,0.202,25.0,18.52,9.0,6.67,0.517,0.055999999999999994,21.74,9.21,20.81,30.02,24.42,19.23,300.0,0.223,73.0,24.33,29.0,9.67,0.69,0.173,22.22,8.47,23.11,31.59,24.77,19.95,72.0,0.19,14.0,19.44,7.0,9.72,0.546,0.064,20.44,9.36,18.73,28.09,30.46,13.59,11.0,0.3,1.0,9.09,1.0,9.09,0.964,0.3,10.53,4.88,12.2,17.07,33.33,10.0
745492,2024-06-08,2024,518735,L,680573,R,strikeout,True,False,47.0,0.149,9.0,19.15,0.0,0.0,0.46799999999999997,0.17,21.18,9.94,24.86,34.81,35.96,18.0,309.0,0.235,61.0,19.74,27.0,8.74,0.636,0.094,22.36,10.08,19.44,29.52,27.06,17.13,72.0,0.19,14.0,19.44,7.0,9.72,0.546,0.064,20.44,9.36,18.73,28.09,30.46,13.59,11.0,0.3,1.0,9.09,1.0,9.09,0.964,0.3,10.53,4.88,12.2,17.07,33.33,10.0
745492,2024-06-08,2024,666135,L,682847,R,walk,False,True,159.0,0.217,44.0,27.67,13.0,8.18,0.698,0.20299999999999999,30.38,14.86,16.53,31.39,30.62,25.73,264.0,0.3,63.0,23.86,24.0,9.09,0.858,0.185,26.95,12.66,17.1,29.76,32.56,21.58,49.0,0.167,9.0,18.37,11.0,22.45,0.597,0.08299999999999999,20.45,8.26,14.22,22.48,22.69,15.79,177.0,0.333,23.0,12.99,24.0,13.56,0.965,0.214,22.92,10.41,13.56,23.97,25.57,14.84
745492,2024-06-08,2024,543877,R,682847,R,single,False,False,82.0,0.16,22.0,26.83,3.0,3.66,0.467,0.10700000000000001,31.58,16.49,17.18,33.68,38.0,27.5,279.0,0.216,59.0,21.15,22.0,7.89,0.548,0.051,25.76,12.56,16.62,29.18,33.72,23.41,95.0,0.195,18.0,18.95,5.0,5.26,0.55,0.09199999999999997,21.12,10.46,15.08,25.54,25.16,21.69,223.0,0.253,36.0,16.14,24.0,10.76,0.7070000000000001,0.118,22.28,10.14,16.3,26.45,26.65,17.22
745492,2024-06-08,2024,663616,L,682847,R,grounded_into_double_play,False,False,117.0,0.26,24.0,20.51,12.0,10.26,0.795,0.202,28.02,13.3,16.51,29.82,29.22,18.55,189.0,0.228,60.0,31.75,25.0,13.23,0.766,0.21,36.25,14.96,16.71,31.67,22.55,25.75,49.0,0.167,9.0,18.37,11.0,22.45,0.597,0.08299999999999999,20.45,8.26,14.22,22.48,22.69,15.79,177.0,0.333,23.0,12.99,24.0,13.56,0.965,0.214,22.92,10.41,13.56,23.97,25.57,14.84
745492,2024-06-08,2024,621043,R,682847,R,field_out,False,False,137.0,0.28,30.0,21.9,16.0,11.68,0.833,0.19499999999999995,22.27,9.55,20.6,30.15,27.08,19.35,444.0,0.224,112.0,25.23,42.0,9.46,0.69,0.164,26.37,11.3,19.9,31.19,27.0,21.72,95.0,0.195,18.0,18.95,5.0,5.26,0.55,0.09199999999999997,21.12,10.46,15.08,25.54,25.16,21.69,223.0,0.253,36.0,16.14,24.0,10.76,0.7070000000000001,0.118,22.28,10.14,16.3,26.45,26.65,17.22
745492,2024-06-08,2024,572191,R,680573,R,strikeout,True,False,86.0,0.19,33.0,38.37,5.0,5.81,0.44999999999999996,0.024999999999999994,39.76,18.44,17.6,36.03,31.82,27.73,276.0,0.206,95.0,34.42,18.0,6.52,0.641,0.171,34.66,17.23,15.91,33.15,32.6,28.53,110.0,0.255,22.0,20.0,4.0,3.64,0.67,0.137,19.83,10.57,13.79,24.37,24.74,15.83,13.0,0.4,4.0,30.77,2.0,15.38,1.1,0.1999999999999999,17.86,8.62,13.79,22.41,21.43,20.0
745492,2024-06-08,2024,457705,R,680573,R,single,False,False,148.0,0.229,38.0,25.68,15.0,10.14,0.6839999999999999,0.13699999999999998,31.37,13.69,18.04,31.72,18.69,20.11,312.0,0.254,72.0,23.08,49.0,15.71,0.767,0.137,28.77,12.06,17.2,29.26,17.59,17.52,110.0,0.255,22.0,20.0,4.0,3.64,0.67,0.137,19.83,10.57,13.79,24.37,24.74,15.83,13.0,0.4,4.0,30.77,2.0,15.38,1.1,0.1999999999999999,17.86,8.62,13.79,22.41,21.43,20.0
745492,2024-06-08,2024,668804,L,680573,R,single,False,False,190.0,0.244,38.0,20.0,20.0,10.53,0.7130000000000001,0.14300000000000002,27.79,12.4,15.77,28.17,25.75,17.92,438.0,0.252,94.0,21.46,45.0,10.27,0.821,0.2309999999999999,28.75,13.22,13.73,26.95,24.9,18.49,72.0,0.19,14.0,19.44,7.0,9.72,0.546,0.064,20.44,9.36,18.73,28.09,30.46,13.59,11.0,0.3,1.0,9.09,1.0,9.09,0.964,0.3,10.53,4.88,12.2,17.07,33.33,10.0
745492,2024-06-08,2024,656582,R,680573,R,field_out,False,False,135.0,0.258,30.0,22.22,13.0,9.63,0.749,0.14999999999999997,24.66,10.6,19.46,30.06,23.62,20.69,279.0,0.235,70.0,25.09,27.0,9.68,0.72,0.166,22.25,8.9,20.93,29.83,20.67,18.23,110.0,0.255,22.0,20.0,4.0,3.64,0.67,0.137,19.83,10.57,13.79,24.37,24.74,15.83,13.0,0.4,4.0,30.77,2.0,15.38,1.1,0.1999999999999999,17.86,8.62,13.79,22.41,21.43,20.0
745492,2024-06-08,2024,665833,L,680573,R,field_out,False,False,171.0,0.299,57.0,33.33,14.0,8.19,0.886,0.23000000000000004,35.58,16.27,18.93,35.2,34.97,24.46,33.0,0.185,7.0,21.21,5.0,15.15,0.636,0.148,27.69,13.14,15.33,28.47,34.25,17.95,72.0,0.19,14.0,19.44,7.0,9.72,0.546,0.064,20.44,9.36,18.73,28.09,30.46,13.59,11.0,0.3,1.0,9.09,1.0,9.09,0.964,0.3,10.53,4.88,12.2,17.07,33.33,10.0
745492,2024-06-08,2024,668904,R,682847,R,strikeout,True,False,9.0,0.286,2.0,22.22,2.0,22.22,1.587,0.857,35.71,13.51,16.22,29.73,19.05,18.18,183.0,0.307,43.0,23.5,15.0,8.2,0.962,0.283,27.16,12.8,18.57,31.36,28.0,20.98,95.0,0.195,18.0,18.95,5.0,5.26,0.55,0.09199999999999997,21.12,10.46,15.08,25.54,25.16,21.69,223.0,0.253,36.0,16.14,24.0,10.76,0.7070000000000001,0.118,22.28,10.14,16.3,26.45,26.65,17.22
745492,2024-06-08,2024,596146,L,682847,R,strikeout,True,False,136.0,0.238,26.0,19.12,11.0,8.09,0.714,0.172,23.13,11.42,13.08,24.49,26.06,15.38,394.0,0.263,84.0,21.32,37.0,9.39,0.8320000000000001,0.2339999999999999,19.92,9.32,15.49,24.81,24.75,18.14,49.0,0.167,9.0,18.37,11.0,22.45,0.597,0.08299999999999999,20.45,8.26,14.22,22.48,22.69,15.79,177.0,0.333,23.0,12.99,24.0,13.56,0.965,0.214,22.92,10.41,13.56,23.97,25.57,14.84
745492,2024-06-08,2024,669304,R,682847,R,strikeout,True,False,115.0,0.28,17.0,14.78,4.0,3.48,0.7929999999999999,0.19699999999999995,19.8,9.51,18.78,28.29,33.8,17.89,120.0,0.207,18.0,15.0,8.0,6.67,0.5640000000000001,0.09,23.72,11.83,13.69,25.52,32.37,15.04,95.0,0.195,18.0,18.95,5.0,5.26,0.55,0.09199999999999997,21.12,10.46,15.08,25.54,25.16,21.69,223.0,0.253,36.0,16.14,24.0,10.76,0.7070000000000001,0.118,22.28,10.14,16.3,26.45,26.65,17.22
745492,2024-06-08,2024,663647,R,680573,R,strikeout,True,False,127.0,0.219,28.0,22.05,10.0,7.87,0.5369999999999999,0.035,17.33,7.38,21.94,29.32,26.47,20.9,358.0,0.26,75.0,20.95,22.0,6.15,0.721,0.1559999999999999,21.48,9.63,20.09,29.72,30.19,22.32,110.0,0.255,22.0,20.0,4.0,3.64,0.67,0.137,19.83,10.57,13.79,24.37,24.74,15.83,13.0,0.4,4.0,30.77,2.0,15.38,1.1,0.1999999999999999,17.86,8.62,13.79,22.41,21.43,20.0
745492,2024-06-08,2024,693304,R,680573,R,strikeout,True,False,67.0,0.305,14.0,20.9,4.0,5.97,0.856,0.203,27.21,14.55,12.0,26.55,32.14,15.38,86.0,0.234,21.0,24.42,3.0,3.49,0.638,0.1299999999999999,30.36,15.84,12.11,27.95,27.85,22.11,110.0,0.255,22.0,20.0,4.0,3.64,0.67,0.137,19.83,10.57,13.79,24.37,24.74,15.83,13.0,0.4,4.0,30.77,2.0,15.38,1.1,0.1999999999999999,17.86,8.62,13.79,22.41,21.43,20.0
745492,2024-06-08,2024,642133,L,680573,R,strikeout,True,False,135.0,0.202,25.0,18.52,9.0,6.67,0.517,0.055999999999999994,21.74,9.21,20.81,30.02,24.42,19.23,300.0,0.223,73.0,24.33,29.0,9.67,0.69,0.173,22.22,8.47,23.11,31.59,24.77,19.95,72.0,0.19,14.0,19.44,7.0,9.72,0.546,0.064,20.44,9.36,18.73,28.09,30.46,13.59,11.0,0.3,1.0,9.09,1.0,9.09,0.964,0.3,10.53,4.88,12.2,17.07,33.33,10.0
745492,2024-06-08,2024,650489,L,682847,R,single,False,False,181.0,0.217,43.0,23.76,18.0,9.94,0.6839999999999999,0.152,27.41,13.04,15.4,28.43,29.09,20.09,280.0,0.266,73.0,26.07,23.0,8.21,0.8029999999999999,0.189,28.16,14.39,15.31,29.7,34.97,21.1,49.0,0.167,9.0,18.37,11.0,22.45,0.597,0.08299999999999999,20.45,8.26,14.22,22.48,22.69,15.79,177.0,0.333,23.0,12.99,24.0,13.56,0.965,0.214,22.92,10.41,13.56,23.97,25.57,14.84
745492,2024-06-08,2024,621439,R,682847,R,grounded_into_double_play,False,False,113.0,0.231,35.0,30.97,5.0,4.42,0.62,0.10600000000000001,34.87,18.69,12.16,30.86,36.13,23.33,257.0,0.217,80.0,31.13,26.0,10.12,0.767,0.243,29.69,15.03,12.96,27.99,29.53,25.0,95.0,0.195,18.0,18.95,5.0,5.26,0.55,0.09199999999999997,21.12,10.46,15.08,25.54,25.16,21.69,223.0,0.253,36.0,16.14,24.0,10.76,0.7070000000000001,0.118,22.28,10.14,16.3,26.45,26.65,17.22
745492,2024-06-08,2024,666135,L,682847,R,field_out,False,False,159.0,0.217,44.0,27.67,13.0,8.18,0.698,0.20299999999999999,30.38,14.86,16.53,31.39,30.62,25.73,264.0,0.3,63.0,23.86,24.0,9.09,0.858,0.185,26.95,12.66,17.1,29.76,32.56,21.58,49.0,0.167,9.0,18.37,11.0,22.45,0.597,0.08299999999999999,20.45,8.26,14.22,22.48,22.69,15.79,177.0,0.333,23.0,12.99,24.0,13.56,0.965,0.214,22.92,10.41,13.56,23.97,25.57,14.84
745492,2024-06-08,2024,518735,L,680573,R,field_error,False,False,47.0,0.149,9.0,19.15,0.0,0.0,0.46799999999999997,0.17,21.18,9.94,24.86,34.81,35.96,18.0,309.0,0.235,61.0,19.74,27.0,8.74,0.636,0.094,22.36,10.08,19.44,29.52,27.06,17.13,72.0,0.19,14.0,19.44,7.0,9.72,0.546,0.064,20.44,9.36,18.73,28.09,30.46,13.59,11.0,0.3,1.0,9.09,1.0,9.09,0.964,0.3,10.53,4.88,12.2,17.07,33.33,10.0
745492,2024-06-08,2024,572191,R,680573,R,sac_bunt,False,False,86.0,0.19,33.0,38.37,5.0,5.81,0.44999999999999996,0.024999999999999994,39.76,18.44,17.6,36.03,31.82,27.73,276.0,0.206,95.0,34.42,18.0,6.52,0.641,0.171,34.66,17.23,15.91,33.15,32.6,28.53,110.0,0.255,22.0,20.0,4.0,3.64,0.67,0.137,19.83,10.57,13.79,24.37,24.74,15.83,13.0,0.4,4.0,30.77,2.0,15.38,1.1,0.1999999999999999,17.86,8.62,13.79,22.41,21.43,20.0
745492,2024-06-08,2024,457705,R,680573,R,strikeout,True,False,148.0,0.229,38.0,25.68,15.0,10.14,0.6839999999999999,0.13699999999999998,31.37,13.69,18.04,31.72,18.69,20.11,312.0,0.254,72.0,23.08,49.0,15.71,0.767,0.137,28.77,12.06,17.2,29.26,17.59,17.52,110.0,0.255,22.0,20.0,4.0,3.64,0.67,0.137,19.83,10.57,13.79,24.37,24.74,15.83,13.0,0.4,4.0,30.77,2.0,15.38,1.1,0.1999999999999999,17.86,8.62,13.79,22.41,21.43,20.0
745492,2024-06-08,2024,668804,L,680573,R,field_out,False,False,190.0,0.244,38.0,20.0,20.0,10.53,0.7130000000000001,0.14300000000000002,27.79,12.4,15.77,28.17,25.75,17.92,438.0,0.252,94.0,21.46,45.0,10.27,0.821,0.2309999999999999,28.75,13.22,13.73,26.95,24.9,18.49,72.0,0.19,14.0,19.44,7.0,9.72,0.546,0.064,20.44,9.36,18.73,28.09,30.46,13.59,11.0,0.3,1.0,9.09,1.0,9.09,0.964,0.3,10.53,4.88,12.2,17.07,33.33,10.0
745492,2024-06-08,2024,543877,R,682847,R,field_out,False,False,82.0,0.16,22.0,26.83,3.0,3.66,0.467,0.10700000000000001,31.58,16.49,17.18,33.68,38.0,27.5,279.0,0.216,59.0,21.15,22.0,7.89,0.548,0.051,25.76,12.56,16.62,29.18,33.72,23.41,95.0,0.195,18.0,18.95,5.0,5.26,0.55,0.09199999999999997,21.12,10.46,15.08,25.54,25.16,21.69,223.0,0.253,36.0,16.14,24.0,10.76,0.7070000000000001,0.118,22.28,10.14,16.3,26.45,26.65,17.22
745492,2024-06-08,2024,663616,L,682847,R,single,False,False,117.0,0.26,24.0,20.51,12.0,10.26,0.795,0.202,28.02,13.3,16.51,29.82,29.22,18.55,189.0,0.228,60.0,31.75,25.0,13.23,0.766,0.21,36.25,14.96,16.71,31.67,22.55,25.75,49.0,0.167,9.0,18.37,11.0,22.45,0.597,0.08299999999999999,20.45,8.26,14.22,22.48,22.69,15.79,177.0,0.333,23.0,12.99,24.0,13.56,0.965,0.214,22.92,10.41,13.56,23.97,25.57,14.84
745492,2024-06-08,2024,621043,R,682847,R,field_out,False,False,137.0,0.28,30.0,21.9,16.0,11.68,0.833,0.19499999999999995,22.27,9.55,20.6,30.15,27.08,19.35,444.0,0.224,112.0,25.23,42.0,9.46,0.69,0.164,26.37,11.3,19.9,31.19,27.0,21.72,95.0,0.195,18.0,18.95,5.0,5.26,0.55,0.09199999999999997,21.12,10.46,15.08,25.54,25.16,21.69,223.0,0.253,36.0,16.14,24.0,10.76,0.7070000000000001,0.118,22.28,10.14,16.3,26.45,26.65,17.22
745492,2024-06-08,2024,668904,R,682847,R,force_out,False,False,9.0,0.286,2.0,22.22,2.0,22.22,1.587,0.857,35.71,13.51,16.22,29.73,19.05,18.18,183.0,0.307,43.0,23.5,15.0,8.2,0.962,0.283,27.16,12.8,18.57,31.36,28.0,20.98,95.0,0.195,18.0,18.95,5.0,5.26,0.55,0.09199999999999997,21.12,10.46,15.08,25.54,25.16,21.69,223.0,0.253,36.0,16.14,24.0,10.76,0.7070000000000001,0.118,22.28,10.14,16.3,26.45,26.65,17.22
745492,2024-06-08,2024,656582,R,680573,R,field_out,False,False,135.0,0.258,30.0,22.22,13.0,9.63,0.749,0.14999999999999997,24.66,10.6,19.46,30.06,23.62,20.69,279.0,0.235,70.0,25.09,27.0,9.68,0.72,0.166,22.25,8.9,20.93,29.83,20.67,18.23,110.0,0.255,22.0,20.0,4.0,3.64,0.67,0.137,19.83,10.57,13.79,24.37,24.74,15.83,13.0,0.4,4.0,30.77,2.0,15.38,1.1,0.1999999999999999,17.86,8.62,13.79,22.41,21.43,20.0
745492,2024-06-08,2024,665833,L,680573,R,field_out,False,False,171.0,0.299,57.0,33.33,14.0,8.19,0.886,0.23000000000000004,35.58,16.27,18.93,35.2,34.97,24.46,33.0,0.185,7.0,21.21,5.0,15.15,0.636,0.148,27.69,13.14,15.33,28.47,34.25,17.95,72.0,0.19,14.0,19.44,7.0,9.72,0.546,0.064,20.44,9.36,18.73,28.09,30.46,13.59,11.0,0.3,1.0,9.09,1.0,9.09,0.964,0.3,10.53,4.88,12.2,17.07,33.33,10.0
745492,2024-06-08,2024,663647,R,680573,R,field_out,False,False,127.0,0.219,28.0,22.05,10.0,7.87,0.5369999999999999,0.035,17.33,7.38,21.94,29.32,26.47,20.9,358.0,0.26,75.0,20.95,22.0,6.15,0.721,0.1559999999999999,21.48,9.63,20.09,29.72,30.19,22.32,110.0,0.255,22.0,20.0,4.0,3.64,0.67,0.137,19.83,10.57,13.79,24.37,24.74,15.83,13.0,0.4,4.0,30.77,2.0,15.38,1.1,0.1999999999999999,17.86,8.62,13.79,22.41,21.43,20.0
745492,2024-06-08,2024,596146,L,677865,L,single,False,False,26.0,0.333,4.0,15.38,1.0,3.85,0.927,0.20900000000000002,10.87,5.21,17.71,22.92,28.26,14.81,97.0,0.25,22.0,22.68,8.0,8.25,0.752,0.182,19.46,9.73,13.51,23.24,25.0,18.42,1.0,0.0,0.0,0.0,0.0,0.0,0.0,0.0,0.0,0.0,33.33,33.33,0.0,,38.0,0.176,10.0,26.32,2.0,5.26,0.508,0.089,28.57,12.08,22.15,34.23,26.92,21.28
745492,2024-06-08,2024,669304,R,677865,L,grounded_into_double_play,False,False,52.0,0.28,7.0,13.46,1.0,1.92,0.748,0.15999999999999998,17.35,9.19,12.97,22.16,34.74,13.73,32.0,0.226,6.0,18.75,1.0,3.12,0.573,0.097,29.85,17.54,10.53,28.07,44.44,20.0,1.0,0.0,0.0,0.0,0.0,0.0,0.0,0.0,33.33,20.0,20.0,40.0,50.0,0.0,84.0,0.31,12.0,14.29,9.0,10.71,0.872,0.1689999999999999,22.3,10.4,15.1,25.5,26.35,16.0
745492,2024-06-08,2024,650489,R,677865,L,hit_by_pitch,False,False,58.0,0.345,17.0,29.31,3.0,5.17,0.87,0.14600000000000002,31.36,15.88,16.31,32.19,35.04,23.94,129.0,0.237,26.0,20.16,11.0,8.53,0.636,0.079,27.27,14.12,14.71,28.82,33.85,15.03,1.0,0.0,0.0,0.0,0.0,0.0,0.0,0.0,33.33,20.0,20.0,40.0,50.0,0.0,84.0,0.31,12.0,14.29,9.0,10.71,0.872,0.1689999999999999,22.3,10.4,15.1,25.5,26.35,16.0
745492,2024-06-08,2024,621439,R,677865,L,single,False,False,48.0,0.222,16.0,33.33,2.0,4.17,0.7150000000000001,0.222,33.33,16.39,18.03,34.43,27.38,29.09,90.0,0.179,29.0,32.22,9.0,10.0,0.628,0.193,33.14,15.66,14.56,30.22,23.24,27.88,1.0,0.0,0.0,0.0,0.0,0.0,0.0,0.0,33.33,20.0,20.0,40.0,50.0,0.0,84.0,0.31,12.0,14.29,9.0,10.71,0.872,0.1689999999999999,22.3,10.4,15.1,25.5,26.35,16.0
745492,2024-06-08,2024,622534,R,676702,R,field_out,False,False,63.0,0.155,14.0,22.22,5.0,7.94,0.394,0.016999999999999987,24.14,12.17,16.52,28.7,29.63,20.29,237.0,0.258,33.0,13.92,15.0,6.33,0.694,0.12,23.38,11.66,15.01,26.67,32.22,16.02,72.0,0.194,16.0,22.22,4.0,5.56,0.563,0.119,29.61,15.9,13.43,29.33,32.89,16.16,25.0,0.182,5.0,20.0,3.0,12.0,0.5980000000000001,0.136,28.57,16.0,13.0,29.0,39.22,14.29
745492,2024-06-08,2024,693304,R,680573,R,field_out,False,False,67.0,0.305,14.0,20.9,4.0,5.97,0.856,0.203,27.21,14.55,12.0,26.55,32.14,15.38,86.0,0.234,21.0,24.42,3.0,3.49,0.638,0.1299999999999999,30.36,15.84,12.11,27.95,27.85,22.11,110.0,0.255,22.0,20.0,4.0,3.64,0.67,0.137,19.83,10.57,13.79,24.37,24.74,15.83,13.0,0.4,4.0,30.77,2.0,15.38,1.1,0.1999999999999999,17.86,8.62,13.79,22.41,21.43,20.0
745492,2024-06-08,2024,642133,L,680573,R,home_run,False,False,135.0,0.202,25.0,18.52,9.0,6.67,0.517,0.055999999999999994,21.74,9.21,20.81,30.02,24.42,19.23,300.0,0.223,73.0,24.33,29.0,9.67,0.69,0.173,22.22,8.47,23.11,31.59,24.77,19.95,72.0,0.19,14.0,19.44,7.0,9.72,0.546,0.064,20.44,9.36,18.73,28.09,30.46,13.59,11.0,0.3,1.0,9.09,1.0,9.09,0.964,0.3,10.53,4.88,12.2,17.07,33.33,10.0
745492,2024-06-08,2024,518735,L,680573,R,field_error,False,False,47.0,0.149,9.0,19.15,0.0,0.0,0.46799999999999997,0.17,21.18,9.94,24.86,34.81,35.96,18.0,309.0,0.235,61.0,19.74,27.0,8.74,0.636,0.094,22.36,10.08,19.44,29.52,27.06,17.13,72.0,0.19,14.0,19.44,7.0,9.72,0.546,0.064,20.44,9.36,18.73,28.09,30.46,13.59,11.0,0.3,1.0,9.09,1.0,9.09,0.964,0.3,10.53,4.88,12.2,17.07,33.33,10.0
745492,2024-06-08,2024,572191,R,660896,R,force_out,False,False,86.0,0.19,33.0,38.37,5.0,5.81,0.44999999999999996,0.024999999999999994,39.76,18.44,17.6,36.03,31.82,27.73,276.0,0.206,95.0,34.42,18.0,6.52,0.641,0.171,34.66,17.23,15.91,33.15,32.6,28.53,39.0,0.188,10.0,25.64,5.0,12.82,0.558,0.062,36.49,17.09,14.56,31.65,27.16,17.86,46.0,0.282,12.0,26.09,6.0,13.04,1.058,0.385,25.61,10.55,18.09,28.64,22.02,21.43
745492,2024-06-08,2024,457705,R,660896,R,single,False,False,148.0,0.229,38.0,25.68,15.0,10.14,0.6839999999999999,0.13699999999999998,31.37,13.69,18.04,31.72,18.69,20.11,312.0,0.254,72.0,23.08,49.0,15.71,0.767,0.137,28.77,12.06,17.2,29.26,17.59,17.52,39.0,0.188,10.0,25.64,5.0,12.82,0.558,0.062,36.49,17.09,14.56,31.65,27.16,17.86,46.0,0.282,12.0,26.09,6.0,13.04,1.058,0.385,25.61,10.55,18.09,28.64,22.02,21.43
745492,2024-06-08,2024,668804,L,660896,R,strikeout,True,False,190.0,0.244,38.0,20.0,20.0,10.53,0.7130000000000001,0.14300000000000002,27.79,12.4,15.77,28.17,25.75,17.92,438.0,0.252,94.0,21.46,45.0,10.27,0.821,0.2309999999999999,28.75,13.22,13.73,26.95,24.9,18.49,34.0,0.185,9.0,26.47,5.0,14.71,0.497,0.0,25.0,10.64,19.86,30.5,17.91,20.93,29.0,0.125,4.0,13.79,4.0,13.79,0.491,0.125,25.0,9.92,20.66,30.58,27.42,11.76
745492,2024-06-08,2024,680777,R,670059,R,field_out,False,False,150.0,0.238,33.0,22.0,12.0,8.0,0.8360000000000001,0.262,24.14,10.55,18.93,29.48,27.36,18.93,242.0,0.281,70.0,28.93,19.0,7.85,0.8280000000000001,0.186,29.53,13.79,18.6,32.39,32.19,21.28,48.0,0.091,15.0,31.25,1.0,2.08,0.26,0.023000000000000007,29.27,13.11,21.31,34.43,26.88,27.78,132.0,0.256,32.0,24.24,13.0,9.85,0.7010000000000001,0.1119999999999999,24.65,10.91,18.93,29.84,24.05,23.88
745492,2024-06-08,2024,663616,L,670059,R,strikeout,True,False,117.0,0.26,24.0,20.51,12.0,10.26,0.795,0.202,28.02,13.3,16.51,29.82,29.22,18.55,189.0,0.228,60.0,31.75,25.0,13.23,0.766,0.21,36.25,14.96,16.71,31.67,22.55,25.75,37.0,0.207,11.0,29.73,8.0,21.62,0.757,0.17200000000000001,27.69,11.18,15.53,26.71,14.29,20.75,108.0,0.255,26.0,24.07,7.0,6.48,0.665,0.1019999999999999,21.83,11.04,11.26,22.3,27.56,16.45
745492,2024-06-08,2024,621043,R,670059,R,field_out,False,False,137.0,0.28,30.0,21.9,16.0,11.68,0.833,0.19499999999999995,22.27,9.55,20.6,30.15,27.08,19.35,444.0,0.224,112.0,25.23,42.0,9.46,0.69,0.164,26.37,11.3,19.9,31.19,27.0,21.72,48.0,0.091,15.0,31.25,1.0,2.08,0.26,0.023000000000000007,29.27,13.11,21.31,34.43,26.88,27.78,132.0,0.256,32.0,24.24,13.0,9.85,0.7010000000000001,0.1119999999999999,24.65,10.91,18.93,29.84,24.05,23.88
745492,2024-06-08,2024,656582,R,661395,R,field_out,False,False,135.0,0.258,30.0,22.22,13.0,9.63,0.749,0.14999999999999997,24.66,10.6,19.46,30.06,23.62,20.69,279.0,0.235,70.0,25.09,27.0,9.68,0.72,0.166,22.25,8.9,20.93,29.83,20.67,18.23,26.0,0.25,6.0,23.08,1.0,3.85,0.725,0.16699999999999998,28.26,13.27,20.41,33.67,27.66,20.0,127.0,0.209,33.0,25.98,11.0,8.66,0.722,0.209,29.03,14.78,13.76,28.54,30.67,22.45
745492,2024-06-08,2024,665833,L,661395,R,walk,False,True,171.0,0.299,57.0,33.33,14.0,8.19,0.886,0.23000000000000004,35.58,16.27,18.93,35.2,34.97,24.46,33.0,0.185,7.0,21.21,5.0,15.15,0.636,0.148,27.69,13.14,15.33,28.47,34.25,17.95,36.0,0.2,8.0,22.22,4.0,11.11,0.714,0.2,33.9,15.04,16.54,31.58,24.24,21.05,128.0,0.205,51.0,39.84,14.0,10.94,0.523,0.027,41.24,20.66,12.8,33.46,29.78,27.62
745492,2024-06-08,2024,663647,R,661395,R,single,False,False,127.0,0.219,28.0,22.05,10.0,7.87,0.5369999999999999,0.035,17.33,7.38,21.94,29.32,26.47,20.9,358.0,0.26,75.0,20.95,22.0,6.15,0.721,0.1559999999999999,21.48,9.63,20.09,29.72,30.19,22.32,26.0,0.25,6.0,23.08,1.0,3.85,0.725,0.16699999999999998,28.26,13.27,20.41,33.67,27.66,20.0,127.0,0.209,33.0,25.98,11.0,8.66,0.722,0.209,29.03,14.78,13.76,28.54,30.67,22.45
745492,2024-06-08,2024,693304,R,661395,R,strikeout,True,False,67.0,0.305,14.0,20.9,4.0,5.97,0.856,0.203,27.21,14.55,12.0,26.55,32.14,15.38,86.0,0.234,21.0,24.42,3.0,3.49,0.638,0.1299999999999999,30.36,15.84,12.11,27.95,27.85,22.11,26.0,0.25,6.0,23.08,1.0,3.85,0.725,0.16699999999999998,28.26,13.27,20.41,33.67,27.66,20.0,127.0,0.209,33.0,25.98,11.0,8.66,0.722,0.209,29.03,14.78,13.76,28.54,30.67,22.45
745492,2024-06-08,2024,642133,L,661395,R,single,False,False,135.0,0.202,25.0,18.52,9.0,6.67,0.517,0.055999999999999994,21.74,9.21,20.81,30.02,24.42,19.23,300.0,0.223,73.0,24.33,29.0,9.67,0.69,0.173,22.22,8.47,23.11,31.59,24.77,19.95,36.0,0.2,8.0,22.22,4.0,11.11,0.714,0.2,33.9,15.04,16.54,31.58,24.24,21.05,128.0,0.205,51.0,39.84,14.0,10.94,0.523,0.027,41.24,20.66,12.8,33.46,29.78,27.62
745492,2024-06-08,2024,518735,L,650895,R,walk,False,True,47.0,0.149,9.0,19.15,0.0,0.0,0.46799999999999997,0.17,21.18,9.94,24.86,34.81,35.96,18.0,309.0,0.235,61.0,19.74,27.0,8.74,0.636,0.094,22.36,10.08,19.44,29.52,27.06,17.13,8.0,0.2,0.0,0.0,2.0,25.0,0.575,0.0,10.0,3.23,19.35,22.58,11.76,0.0,14.0,0.167,1.0,7.14,2.0,14.29,0.703,0.2499999999999999,20.69,11.32,9.43,20.75,24.0,7.14
745492,2024-06-08,2024,572191,R,650895,R,single,False,False,86.0,0.19,33.0,38.37,5.0,5.81,0.44999999999999996,0.024999999999999994,39.76,18.44,17.6,36.03,31.82,27.73,276.0,0.206,95.0,34.42,18.0,6.52,0.641,0.171,34.66,17.23,15.91,33.15,32.6,28.53,15.0,0.25,2.0,13.33,3.0,20.0,0.817,0.16699999999999998,21.43,9.38,15.62,25.0,23.33,10.0,27.0,0.238,6.0,22.22,5.0,18.52,0.836,0.191,30.19,14.68,13.76,28.44,23.64,18.75
745492,2024-06-08,2024,457705,R,650895,R,field_out,False,False,148.0,0.229,38.0,25.68,15.0,10.14,0.6839999999999999,0.13699999999999998,31.37,13.69,18.04,31.72,18.69,20.11,312.0,0.254,72.0,23.08,49.0,15.71,0.767,0.137,28.77,12.06,17.2,29.26,17.59,17.52,15.0,0.25,2.0,13.33,3.0,20.0,0.817,0.16699999999999998,21.43,9.38,15.62,25.0,23.33,10.0,27.0,0.238,6.0,22.22,5.0,18.52,0.836,0.191,30.19,14.68,13.76,28.44,23.64,18.75
745492,2024-06-08,2024,668904,R,670280,R,single,False,False,9.0,0.286,2.0,22.22,2.0,22.22,1.587,0.857,35.71,13.51,16.22,29.73,19.05,18.18,183.0,0.307,43.0,23.5,15.0,8.2,0.962,0.283,27.16,12.8,18.57,31.36,28.0,20.98,59.0,0.291,13.0,22.03,2.0,3.39,0.7390000000000001,0.10900000000000004,28.57,14.34,16.33,30.68,36.15,16.05,142.0,0.209,41.0,28.87,9.0,6.34,0.5880000000000001,0.117,37.22,20.68,12.23,32.91,35.84,22.16
745492,2024-06-08,2024,596146,L,670280,R,strikeout,True,False,136.0,0.238,26.0,19.12,11.0,8.09,0.714,0.172,23.13,11.42,13.08,24.49,26.06,15.38,394.0,0.263,84.0,21.32,37.0,9.39,0.8320000000000001,0.2339999999999999,19.92,9.32,15.49,24.81,24.75,18.14,55.0,0.18,13.0,23.64,4.0,7.27,0.616,0.2,23.01,12.38,15.71,28.1,33.33,19.7,135.0,0.22,39.0,28.89,12.0,8.89,0.606,0.0849999999999999,28.03,14.31,13.25,27.56,33.22,20.63
745492,2024-06-08,2024,669304,R,670280,R,strikeout,True,False,115.0,0.28,17.0,14.78,4.0,3.48,0.7929999999999999,0.19699999999999995,19.8,9.51,18.78,28.29,33.8,17.89,120.0,0.207,18.0,15.0,8.0,6.67,0.5640000000000001,0.09,23.72,11.83,13.69,25.52,32.37,15.04,59.0,0.291,13.0,22.03,2.0,3.39,0.7390000000000001,0.10900000000000004,28.57,14.34,16.33,30.68,36.15,16.05,142.0,0.209,41.0,28.87,9.0,6.34,0.5880000000000001,0.117,37.22,20.68,12.23,32.91,35.84,22.16
745492,2024-06-08,2024,650489,L,670280,R,field_out,False,False,181.0,0.217,43.0,23.76,18.0,9.94,0.6839999999999999,0.152,27.41,13.04,15.4,28.43,29.09,20.09,280.0,0.266,73.0,26.07,23.0,8.21,0.8029999999999999,0.189,28.16,14.39,15.31,29.7,34.97,21.1,55.0,0.18,13.0,23.64,4.0,7.27,0.616,0.2,23.01,12.38,15.71,28.1,33.33,19.7,135.0,0.22,39.0,28.89,12.0,8.89,0.606,0.0849999999999999,28.03,14.31,13.25,27.56,33.22,20.63
745655,2024-06-08,2024,676914,R,663687,L,strikeout,True,False,60.0,0.176,19.0,31.67,6.0,10.0,0.646,0.21600000000000003,32.46,15.1,17.14,32.24,26.56,23.46,54.0,0.326,16.0,29.63,10.0,18.52,1.3,0.5109999999999999,37.65,15.69,17.16,32.84,15.89,28.07,60.0,0.212,12.0,20.0,6.0,10.0,0.665,0.153,23.73,11.48,15.98,27.46,28.07,15.79,225.0,0.258,45.0,20.0,21.0,9.33,0.8069999999999999,0.2169999999999999,23.04,10.97,17.42,28.39,22.75,16.54
745655,2024-06-08,2024,457759,R,663687,L,field_out,False,False,51.0,0.326,8.0,15.69,4.0,7.84,0.895,0.196,11.11,5.15,19.31,24.46,26.61,9.76,164.0,0.285,32.0,19.51,18.0,10.98,0.9,0.243,20.38,9.35,18.71,28.06,27.41,13.45,60.0,0.212,12.0,20.0,6.0,10.0,0.665,0.153,23.73,11.48,15.98,27.46,28.07,15.79,225.0,0.258,45.0,20.0,21.0,9.33,0.8069999999999999,0.2169999999999999,23.04,10.97,17.42,28.39,22.75,16.54
745655,2024-06-08,2024,665489,R,663687,L,field_out,False,False,57.0,0.255,8.0,14.04,10.0,17.54,0.79,0.14900000000000002,23.33,9.5,16.29,25.79,21.85,13.33,124.0,0.284,15.0,12.1,19.0,15.32,0.766,0.079,18.93,8.25,16.07,24.31,22.78,13.51,60.0,0.212,12.0,20.0,6.0,10.0,0.665,0.153,23.73,11.48,15.98,27.46,28.07,15.79,225.0,0.258,45.0,20.0,21.0,9.33,0.8069999999999999,0.2169999999999999,23.04,10.97,17.42,28.39,22.75,16.54
745655,2024-06-08,2024,647351,L,605135,R,field_out,False,False,182.0,0.253,36.0,19.78,9.0,4.95,0.6779999999999999,0.123,19.7,9.12,18.37,27.49,28.93,18.18,20.0,0.412,5.0,25.0,2.0,10.0,1.265,0.353,37.04,15.62,26.56,42.19,25.0,31.25,148.0,0.299,24.0,16.22,18.0,12.16,0.864,0.173,17.97,7.86,17.61,25.47,23.71,13.64,403.0,0.265,97.0,24.07,36.0,8.93,0.841,0.239,22.76,10.56,17.85,28.41,24.8,20.13
745655,2024-06-08,2024,609280,R,605135,R,strikeout,True,False,43.0,0.238,7.0,16.28,0.0,0.0,0.59,0.119,11.9,6.1,18.9,25.0,38.55,14.89,52.0,0.229,6.0,11.54,4.0,7.69,0.705,0.1879999999999999,14.58,7.49,13.9,21.39,30.93,12.77,169.0,0.227,46.0,27.22,10.0,5.92,0.558,0.03900000000000001,24.35,11.09,20.41,31.51,27.47,20.91,425.0,0.208,89.0,20.94,23.0,5.41,0.573,0.102,21.02,10.01,19.18,29.19,29.2,18.62
745655,2024-06-08,2024,668709,L,605135,R,field_out,False,False,207.0,0.254,36.0,17.39,25.0,12.08,0.798,0.199,25.86,10.98,17.32,28.29,21.96,17.39,232.0,0.209,53.0,22.84,35.0,15.09,0.726,0.184,28.61,12.18,15.3,27.48,19.27,20.46,148.0,0.299,24.0,16.22,18.0,12.16,0.864,0.173,17.97,7.86,17.61,25.47,23.71,13.64,403.0,0.265,97.0,24.07,36.0,8.93,0.841,0.239,22.76,10.56,17.85,28.41,24.8,20.13
745655,2024-06-08,2024,666182,R,663687,L,field_out,False,False,49.0,0.149,7.0,14.29,2.0,4.08,0.354,0.02100000000000002,12.15,7.65,8.82,16.47,40.74,12.96,107.0,0.323,13.0,12.15,7.0,6.54,0.893,0.202,17.62,9.88,9.88,19.75,30.5,10.32,60.0,0.212,12.0,20.0,6.0,10.0,0.665,0.153,23.73,11.48,15.98,27.46,28.07,15.79,225.0,0.258,45.0,20.0,21.0,9.33,0.8069999999999999,0.2169999999999999,23.04,10.97,17.42,28.39,22.75,16.54
745655,2024-06-08,2024,543807,R,663687,L,field_out,False,False,60.0,0.137,10.0,16.67,8.0,13.33,0.46599999999999997,0.07899999999999999,19.83,9.02,12.55,21.57,20.33,13.33,144.0,0.242,24.0,16.67,17.0,11.81,0.71,0.137,19.37,9.5,11.92,21.42,22.03,14.37,60.0,0.212,12.0,20.0,6.0,10.0,0.665,0.153,23.73,11.48,15.98,27.46,28.07,15.79,225.0,0.258,45.0,20.0,21.0,9.33,0.8069999999999999,0.2169999999999999,23.04,10.97,17.42,28.39,22.75,16.54
745655,2024-06-08,2024,672386,R,663687,L,field_out,False,False,35.0,0.167,5.0,14.29,5.0,14.29,0.486,0.033,19.3,7.33,20.0,27.33,20.25,11.63,128.0,0.264,17.0,13.28,17.0,13.28,0.732,0.1089999999999999,11.34,4.1,23.84,27.93,25.62,11.11,60.0,0.212,12.0,20.0,6.0,10.0,0.665,0.153,23.73,11.48,15.98,27.46,28.07,15.79,225.0,0.258,45.0,20.0,21.0,9.33,0.8069999999999999,0.2169999999999999,23.04,10.97,17.42,28.39,22.75,16.54
745655,2024-06-08,2024,667670,R,605135,R,single,False,False,161.0,0.29,55.0,34.16,20.0,12.42,0.931,0.25300000000000006,37.34,17.53,13.52,31.05,29.84,26.7,351.0,0.23,115.0,32.76,33.0,9.4,0.788,0.2419999999999999,37.94,17.82,16.3,34.12,28.65,23.47,169.0,0.227,46.0,27.22,10.0,5.92,0.558,0.03900000000000001,24.35,11.09,20.41,31.51,27.47,20.91,425.0,0.208,89.0,20.94,23.0,5.41,0.573,0.102,21.02,10.01,19.18,29.19,29.2,18.62
745655,2024-06-08,2024,669127,R,605135,R,field_out,False,False,145.0,0.217,37.0,25.52,11.0,7.59,0.802,0.29500000000000004,29.76,14.4,16.7,31.09,32.33,25.52,344.0,0.217,101.0,29.36,23.0,6.69,0.7230000000000001,0.226,32.34,16.3,14.73,31.03,31.22,23.88,169.0,0.227,46.0,27.22,10.0,5.92,0.558,0.03900000000000001,24.35,11.09,20.41,31.51,27.47,20.91,425.0,0.208,89.0,20.94,23.0,5.41,0.573,0.102,21.02,10.01,19.18,29.19,29.2,18.62
745655,2024-06-08,2024,664913,L,605135,R,walk,False,True,160.0,0.19,51.0,31.87,13.0,8.12,0.5760000000000001,0.13,30.15,15.56,13.17,28.73,32.83,26.02,315.0,0.234,81.0,25.71,24.0,7.62,0.738,0.21,29.85,15.11,13.77,28.88,31.88,22.82,148.0,0.299,24.0,16.22,18.0,12.16,0.864,0.173,17.97,7.86,17.61,25.47,23.71,13.64,403.0,0.265,97.0,24.07,36.0,8.93,0.841,0.239,22.76,10.56,17.85,28.41,24.8,20.13
745655,2024-06-08,2024,691016,L,605135,R,grounded_into_double_play,False,False,58.0,0.208,23.0,39.66,9.0,15.52,0.6779999999999999,0.12500000000000003,36.84,15.62,16.96,32.59,30.0,41.07,118.0,0.159,37.0,31.36,10.0,8.47,0.472,0.0839999999999999,33.93,16.67,14.91,31.58,29.36,28.91,148.0,0.299,24.0,16.22,18.0,12.16,0.864,0.173,17.97,7.86,17.61,25.47,23.71,13.64,403.0,0.265,97.0,24.07,36.0,8.93,0.841,0.239,22.76,10.56,17.85,28.41,24.8,20.13
745655,2024-06-08,2024,643396,R,663687,L,field_out,False,False,61.0,0.281,8.0,13.11,3.0,4.92,0.714,0.10499999999999998,11.49,4.95,24.26,29.21,28.72,19.05,90.0,0.23,16.0,17.78,11.0,12.22,0.634,0.0669999999999999,19.59,8.03,19.67,27.7,20.35,15.09,60.0,0.212,12.0,20.0,6.0,10.0,0.665,0.153,23.73,11.48,15.98,27.46,28.07,15.79,225.0,0.258,45.0,20.0,21.0,9.33,0.8069999999999999,0.2169999999999999,23.04,10.97,17.42,28.39,22.75,16.54
745655,2024-06-08,2024,676391,R,663687,L,field_out,False,False,51.0,0.283,3.0,5.88,2.0,3.92,0.718,0.10800000000000004,11.34,6.71,15.24,21.95,42.67,7.32,32.0,0.367,3.0,9.38,1.0,3.12,0.775,0.033,12.96,7.37,17.89,25.26,46.81,17.65,60.0,0.212,12.0,20.0,6.0,10.0,0.665,0.153,23.73,11.48,15.98,27.46,28.07,15.79,225.0,0.258,45.0,20.0,21.0,9.33,0.8069999999999999,0.2169999999999999,23.04,10.97,17.42,28.39,22.75,16.54
745655,2024-06-08,2024,595281,L,663687,L,single,False,False,27.0,0.217,8.0,29.63,4.0,14.81,0.5940000000000001,0.04400000000000001,39.58,17.92,12.26,30.19,29.51,26.67,96.0,0.281,23.0,23.96,4.0,4.17,0.708,0.1009999999999999,35.75,18.44,15.85,34.29,33.33,23.23,21.0,0.211,6.0,28.57,2.0,9.52,0.5489999999999999,0.05200000000000002,23.53,8.7,23.91,32.61,17.78,16.67,59.0,0.314,11.0,18.64,7.0,11.86,0.858,0.137,23.6,9.33,20.0,29.33,16.49,22.92
745655,2024-06-08,2024,680869,R,605135,R,strikeout,True,False,143.0,0.176,48.0,33.57,9.0,6.29,0.522,0.11399999999999999,35.71,18.15,15.97,34.12,28.62,29.09,220.0,0.303,54.0,24.55,18.0,8.18,0.969,0.298,30.92,15.24,15.12,30.36,29.22,21.29,169.0,0.227,46.0,27.22,10.0,5.92,0.558,0.03900000000000001,24.35,11.09,20.41,31.51,27.47,20.91,425.0,0.208,89.0,20.94,23.0,5.41,0.573,0.102,21.02,10.01,19.18,29.19,29.2,18.62
745655,2024-06-08,2024,680474,R,605135,R,field_out,False,False,98.0,0.27,23.0,23.47,7.0,7.14,0.6970000000000001,0.08999999999999997,25.15,10.1,21.67,31.77,17.88,19.66,,,,,,,,,,,,,,,169.0,0.227,46.0,27.22,10.0,5.92,0.558,0.03900000000000001,24.35,11.09,20.41,31.51,27.47,20.91,425.0,0.208,89.0,20.94,23.0,5.41,0.573,0.102,21.02,10.01,19.18,29.19,29.2,18.62
745655,2024-06-08,2024,647351,L,605135,R,field_out,False,False,182.0,0.253,36.0,19.78,9.0,4.95,0.6779999999999999,0.123,19.7,9.12,18.37,27.49,28.93,18.18,20.0,0.412,5.0,25.0,2.0,10.0,1.265,0.353,37.04,15.62,26.56,42.19,25.0,31.25,148.0,0.299,24.0,16.22,18.0,12.16,0.864,0.173,17.97,7.86,17.61,25.47,23.71,13.64,403.0,0.265,97.0,24.07,36.0,8.93,0.841,0.239,22.76,10.56,17.85,28.41,24.8,20.13
745655,2024-06-08,2024,676914,R,663687,L,field_out,False,False,60.0,0.176,19.0,31.67,6.0,10.0,0.646,0.21600000000000003,32.46,15.1,17.14,32.24,26.56,23.46,54.0,0.326,16.0,29.63,10.0,18.52,1.3,0.5109999999999999,37.65,15.69,17.16,32.84,15.89,28.07,60.0,0.212,12.0,20.0,6.0,10.0,0.665,0.153,23.73,11.48,15.98,27.46,28.07,15.79,225.0,0.258,45.0,20.0,21.0,9.33,0.8069999999999999,0.2169999999999999,23.04,10.97,17.42,28.39,22.75,16.54
745655,2024-06-08,2024,457759,R,663687,L,walk,False,True,51.0,0.326,8.0,15.69,4.0,7.84,0.895,0.196,11.11,5.15,19.31,24.46,26.61,9.76,164.0,0.285,32.0,19.51,18.0,10.98,0.9,0.243,20.38,9.35,18.71,28.06,27.41,13.45,60.0,0.212,12.0,20.0,6.0,10.0,0.665,0.153,23.73,11.48,15.98,27.46,28.07,15.79,225.0,0.258,45.0,20.0,21.0,9.33,0.8069999999999999,0.2169999999999999,23.04,10.97,17.42,28.39,22.75,16.54
745655,2024-06-08,2024,665489,R,663687,L,grounded_into_double_play,False,False,57.0,0.255,8.0,14.04,10.0,17.54,0.79,0.14900000000000002,23.33,9.5,16.29,25.79,21.85,13.33,124.0,0.284,15.0,12.1,19.0,15.32,0.766,0.079,18.93,8.25,16.07,24.31,22.78,13.51,60.0,0.212,12.0,20.0,6.0,10.0,0.665,0.153,23.73,11.48,15.98,27.46,28.07,15.79,225.0,0.258,45.0,20.0,21.0,9.33,0.8069999999999999,0.2169999999999999,23.04,10.97,17.42,28.39,22.75,16.54
745655,2024-06-08,2024,609280,R,605135,R,field_out,False,False,43.0,0.238,7.0,16.28,0.0,0.0,0.59,0.119,11.9,6.1,18.9,25.0,38.55,14.89,52.0,0.229,6.0,11.54,4.0,7.69,0.705,0.1879999999999999,14.58,7.49,13.9,21.39,30.93,12.77,169.0,0.227,46.0,27.22,10.0,5.92,0.558,0.03900000000000001,24.35,11.09,20.41,31.51,27.47,20.91,425.0,0.208,89.0,20.94,23.0,5.41,0.573,0.102,21.02,10.01,19.18,29.19,29.2,18.62
745655,2024-06-08,2024,668709,L,605135,R,field_out,False,False,207.0,0.254,36.0,17.39,25.0,12.08,0.798,0.199,25.86,10.98,17.32,28.29,21.96,17.39,232.0,0.209,53.0,22.84,35.0,15.09,0.726,0.184,28.61,12.18,15.3,27.48,19.27,20.46,148.0,0.299,24.0,16.22,18.0,12.16,0.864,0.173,17.97,7.86,17.61,25.47,23.71,13.64,403.0,0.265,97.0,24.07,36.0,8.93,0.841,0.239,22.76,10.56,17.85,28.41,24.8,20.13
745655,2024-06-08,2024,667670,R,605135,R,strikeout,True,False,161.0,0.29,55.0,34.16,20.0,12.42,0.931,0.25300000000000006,37.34,17.53,13.52,31.05,29.84,26.7,351.0,0.23,115.0,32.76,33.0,9.4,0.788,0.2419999999999999,37.94,17.82,16.3,34.12,28.65,23.47,169.0,0.227,46.0,27.22,10.0,5.92,0.558,0.03900000000000001,24.35,11.09,20.41,31.51,27.47,20.91,425.0,0.208,89.0,20.94,23.0,5.41,0.573,0.102,21.02,10.01,19.18,29.19,29.2,18.62
745655,2024-06-08,2024,666182,R,663687,L,single,False,False,49.0,0.149,7.0,14.29,2.0,4.08,0.354,0.02100000000000002,12.15,7.65,8.82,16.47,40.74,12.96,107.0,0.323,13.0,12.15,7.0,6.54,0.893,0.202,17.62,9.88,9.88,19.75,30.5,10.32,60.0,0.212,12.0,20.0,6.0,10.0,0.665,0.153,23.73,11.48,15.98,27.46,28.07,15.79,225.0,0.258,45.0,20.0,21.0,9.33,0.8069999999999999,0.2169999999999999,23.04,10.97,17.42,28.39,22.75,16.54
745655,2024-06-08,2024,543807,R,663687,L,grounded_into_double_play,False,False,60.0,0.137,10.0,16.67,8.0,13.33,0.46599999999999997,0.07899999999999999,19.83,9.02,12.55,21.57,20.33,13.33,144.0,0.242,24.0,16.67,17.0,11.81,0.71,0.137,19.37,9.5,11.92,21.42,22.03,14.37,60.0,0.212,12.0,20.0,6.0,10.0,0.665,0.153,23.73,11.48,15.98,27.46,28.07,15.79,225.0,0.258,45.0,20.0,21.0,9.33,0.8069999999999999,0.2169999999999999,23.04,10.97,17.42,28.39,22.75,16.54
745655,2024-06-08,2024,672386,R,663687,L,walk,False,True,35.0,0.167,5.0,14.29,5.0,14.29,0.486,0.033,19.3,7.33,20.0,27.33,20.25,11.63,128.0,0.264,17.0,13.28,17.0,13.28,0.732,0.1089999999999999,11.34,4.1,23.84,27.93,25.62,11.11,60.0,0.212,12.0,20.0,6.0,10.0,0.665,0.153,23.73,11.48,15.98,27.46,28.07,15.79,225.0,0.258,45.0,20.0,21.0,9.33,0.8069999999999999,0.2169999999999999,23.04,10.97,17.42,28.39,22.75,16.54
745655,2024-06-08,2024,643396,R,663687,L,single,False,False,61.0,0.281,8.0,13.11,3.0,4.92,0.714,0.10499999999999998,11.49,4.95,24.26,29.21,28.72,19.05,90.0,0.23,16.0,17.78,11.0,12.22,0.634,0.0669999999999999,19.59,8.03,19.67,27.7,20.35,15.09,60.0,0.212,12.0,20.0,6.0,10.0,0.665,0.153,23.73,11.48,15.98,27.46,28.07,15.79,225.0,0.258,45.0,20.0,21.0,9.33,0.8069999999999999,0.2169999999999999,23.04,10.97,17.42,28.39,22.75,16.54
745655,2024-06-08,2024,676391,R,663687,L,field_out,False,False,51.0,0.283,3.0,5.88,2.0,3.92,0.718,0.10800000000000004,11.34,6.71,15.24,21.95,42.67,7.32,32.0,0.367,3.0,9.38,1.0,3.12,0.775,0.033,12.96,7.37,17.89,25.26,46.81,17.65,60.0,0.212,12.0,20.0,6.0,10.0,0.665,0.153,23.73,11.48,15.98,27.46,28.07,15.79,225.0,0.258,45.0,20.0,21.0,9.33,0.8069999999999999,0.2169999999999999,23.04,10.97,17.42,28.39,22.75,16.54
745655,2024-06-08,2024,669127,R,605135,R,field_out,False,False,145.0,0.217,37.0,25.52,11.0,7.59,0.802,0.29500000000000004,29.76,14.4,16.7,31.09,32.33,25.52,344.0,0.217,101.0,29.36,23.0,6.69,0.7230000000000001,0.226,32.34,16.3,14.73,31.03,31.22,23.88,169.0,0.227,46.0,27.22,10.0,5.92,0.558,0.03900000000000001,24.35,11.09,20.41,31.51,27.47,20.91,425.0,0.208,89.0,20.94,23.0,5.41,0.573,0.102,21.02,10.01,19.18,29.19,29.2,18.62
745655,2024-06-08,2024,664913,L,605135,R,field_out,False,False,160.0,0.19,51.0,31.87,13.0,8.12,0.5760000000000001,0.13,30.15,15.56,13.17,28.73,32.83,26.02,315.0,0.234,81.0,25.71,24.0,7.62,0.738,0.21,29.85,15.11,13.77,28.88,31.88,22.82,148.0,0.299,24.0,16.22,18.0,12.16,0.864,0.173,17.97,7.86,17.61,25.47,23.71,13.64,403.0,0.265,97.0,24.07,36.0,8.93,0.841,0.239,22.76,10.56,17.85,28.41,24.8,20.13
745655,2024-06-08,2024,691016,L,605135,R,single,False,False,58.0,0.208,23.0,39.66,9.0,15.52,0.6779999999999999,0.12500000000000003,36.84,15.62,16.96,32.59,30.0,41.07,118.0,0.159,37.0,31.36,10.0,8.47,0.472,0.0839999999999999,33.93,16.67,14.91,31.58,29.36,28.91,148.0,0.299,24.0,16.22,18.0,12.16,0.864,0.173,17.97,7.86,17.61,25.47,23.71,13.64,403.0,0.265,97.0,24.07,36.0,8.93,0.841,0.239,22.76,10.56,17.85,28.41,24.8,20.13
745655,2024-06-08,2024,680869,R,605135,R,field_out,False,False,143.0,0.176,48.0,33.57,9.0,6.29,0.522,0.11399999999999999,35.71,18.15,15.97,34.12,28.62,29.09,220.0,0.303,54.0,24.55,18.0,8.18,0.969,0.298,30.92,15.24,15.12,30.36,29.22,21.29,169.0,0.227,46.0,27.22,10.0,5.92,0.558,0.03900000000000001,24.35,11.09,20.41,31.51,27.47,20.91,425.0,0.208,89.0,20.94,23.0,5.41,0.573,0.102,21.02,10.01,19.18,29.19,29.2,18.62
745655,2024-06-08,2024,595281,L,663687,L,strikeout,True,False,27.0,0.217,8.0,29.63,4.0,14.81,0.5940000000000001,0.04400000000000001,39.58,17.92,12.26,30.19,29.51,26.67,96.0,0.281,23.0,23.96,4.0,4.17,0.708,0.1009999999999999,35.75,18.44,15.85,34.29,33.33,23.23,21.0,0.211,6.0,28.57,2.0,9.52,0.5489999999999999,0.05200000000000002,23.53,8.7,23.91,32.61,17.78,16.67,59.0,0.314,11.0,18.64,7.0,11.86,0.858,0.137,23.6,9.33,20.0,29.33,16.49,22.92
745655,2024-06-08,2024,676914,R,663687,L,field_out,False,False,60.0,0.176,19.0,31.67,6.0,10.0,0.646,0.21600000000000003,32.46,15.1,17.14,32.24,26.56,23.46,54.0,0.326,16.0,29.63,10.0,18.52,1.3,0.5109999999999999,37.65,15.69,17.16,32.84,15.89,28.07,60.0,0.212,12.0,20.0,6.0,10.0,0.665,0.153,23.73,11.48,15.98,27.46,28.07,15.79,225.0,0.258,45.0,20.0,21.0,9.33,0.8069999999999999,0.2169999999999999,23.04,10.97,17.42,28.39,22.75,16.54
745655,2024-06-08,2024,457759,R,663687,L,strikeout,True,False,51.0,0.326,8.0,15.69,4.0,7.84,0.895,0.196,11.11,5.15,19.31,24.46,26.61,9.76,164.0,0.285,32.0,19.51,18.0,10.98,0.9,0.243,20.38,9.35,18.71,28.06,27.41,13.45,60.0,0.212,12.0,20.0,6.0,10.0,0.665,0.153,23.73,11.48,15.98,27.46,28.07,15.79,225.0,0.258,45.0,20.0,21.0,9.33,0.8069999999999999,0.2169999999999999,23.04,10.97,17.42,28.39,22.75,16.54
745655,2024-06-08,2024,680474,R,605135,R,single,False,False,98.0,0.27,23.0,23.47,7.0,7.14,0.6970000000000001,0.08999999999999997,25.15,10.1,21.67,31.77,17.88,19.66,,,,,,,,,,,,,,,169.0,0.227,46.0,27.22,10.0,5.92,0.558,0.03900000000000001,24.35,11.09,20.41,31.51,27.47,20.91,425.0,0.208,89.0,20.94,23.0,5.41,0.573,0.102,21.02,10.01,19.18,29.19,29.2,18.62
745655,2024-06-08,2024,647351,L,605135,R,single,False,False,182.0,0.253,36.0,19.78,9.0,4.95,0.6779999999999999,0.123,19.7,9.12,18.37,27.49,28.93,18.18,20.0,0.412,5.0,25.0,2.0,10.0,1.265,0.353,37.04,15.62,26.56,42.19,25.0,31.25,148.0,0.299,24.0,16.22,18.0,12.16,0.864,0.173,17.97,7.86,17.61,25.47,23.71,13.64,403.0,0.265,97.0,24.07,36.0,8.93,0.841,0.239,22.76,10.56,17.85,28.41,24.8,20.13
745655,2024-06-08,2024,609280,R,605135,R,strikeout,True,False,43.0,0.238,7.0,16.28,0.0,0.0,0.59,0.119,11.9,6.1,18.9,25.0,38.55,14.89,52.0,0.229,6.0,11.54,4.0,7.69,0.705,0.1879999999999999,14.58,7.49,13.9,21.39,30.93,12.77,169.0,0.227,46.0,27.22,10.0,5.92,0.558,0.03900000000000001,24.35,11.09,20.41,31.51,27.47,20.91,425.0,0.208,89.0,20.94,23.0,5.41,0.573,0.102,21.02,10.01,19.18,29.19,29.2,18.62
745655,2024-06-08,2024,668709,L,605135,R,field_out,False,False,207.0,0.254,36.0,17.39,25.0,12.08,0.798,0.199,25.86,10.98,17.32,28.29,21.96,17.39,232.0,0.209,53.0,22.84,35.0,15.09,0.726,0.184,28.61,12.18,15.3,27.48,19.27,20.46,148.0,0.299,24.0,16.22,18.0,12.16,0.864,0.173,17.97,7.86,17.61,25.47,23.71,13.64,403.0,0.265,97.0,24.07,36.0,8.93,0.841,0.239,22.76,10.56,17.85,28.41,24.8,20.13
745655,2024-06-08,2024,667670,R,605135,R,field_out,False,False,161.0,0.29,55.0,34.16,20.0,12.42,0.931,0.25300000000000006,37.34,17.53,13.52,31.05,29.84,26.7,351.0,0.23,115.0,32.76,33.0,9.4,0.788,0.2419999999999999,37.94,17.82,16.3,34.12,28.65,23.47,169.0,0.227,46.0,27.22,10.0,5.92,0.558,0.03900000000000001,24.35,11.09,20.41,31.51,27.47,20.91,425.0,0.208,89.0,20.94,23.0,5.41,0.573,0.102,21.02,10.01,19.18,29.19,29.2,18.62
745655,2024-06-08,2024,665489,R,613534,R,double,False,False,220.0,0.304,39.0,17.73,25.0,11.36,0.819,0.129,24.11,11.15,15.67,26.82,24.01,13.88,558.0,0.26,85.0,15.23,48.0,8.6,0.792,0.2,23.83,12.29,11.94,24.23,30.21,15.37,59.0,0.283,16.0,27.12,8.0,13.56,0.772,0.065,38.1,15.81,17.0,32.81,24.64,20.25,52.0,0.267,12.0,23.08,4.0,7.69,0.721,0.0889999999999999,25.93,12.28,15.35,27.63,31.9,16.67
745655,2024-06-08,2024,666182,R,613534,R,single,False,False,203.0,0.261,34.0,16.75,11.0,5.42,0.698,0.127,22.25,12.72,10.82,23.54,37.16,17.0,496.0,0.303,102.0,20.56,20.0,4.03,0.797,0.161,21.9,12.38,11.73,24.11,38.01,17.91,59.0,0.283,16.0,27.12,8.0,13.56,0.772,0.065,38.1,15.81,17.0,32.81,24.64,20.25,52.0,0.267,12.0,23.08,4.0,7.69,0.721,0.0889999999999999,25.93,12.28,15.35,27.63,31.9,16.67
745655,2024-06-08,2024,543807,R,613534,R,field_out,False,False,183.0,0.222,26.0,14.21,19.0,10.38,0.639,0.11100000000000002,23.81,12.21,13.28,25.5,25.16,13.68,539.0,0.262,101.0,18.74,43.0,7.98,0.738,0.1489999999999999,23.18,11.37,14.48,25.84,23.35,18.21,59.0,0.283,16.0,27.12,8.0,13.56,0.772,0.065,38.1,15.81,17.0,32.81,24.64,20.25,52.0,0.267,12.0,23.08,4.0,7.69,0.721,0.0889999999999999,25.93,12.28,15.35,27.63,31.9,16.67
745655,2024-06-08,2024,672386,R,613534,R,hit_by_pitch,False,False,85.0,0.233,11.0,12.94,8.0,9.41,0.621,0.08199999999999999,16.44,6.69,22.84,29.53,23.12,9.4,295.0,0.244,28.0,9.49,25.0,8.47,0.6739999999999999,0.1069999999999999,13.38,5.86,20.77,26.63,27.21,7.67,59.0,0.283,16.0,27.12,8.0,13.56,0.772,0.065,38.1,15.81,17.0,32.81,24.64,20.25,52.0,0.267,12.0,23.08,4.0,7.69,0.721,0.0889999999999999,25.93,12.28,15.35,27.63,31.9,16.67
745655,2024-06-08,2024,643396,R,613534,R,field_out,False,False,140.0,0.264,20.0,14.29,8.0,5.71,0.692,0.124,13.16,6.09,22.11,28.19,32.77,15.04,273.0,0.246,54.0,19.78,17.0,6.23,0.6479999999999999,0.1069999999999999,19.6,9.05,20.2,29.25,28.6,15.56,59.0,0.283,16.0,27.12,8.0,13.56,0.772,0.065,38.1,15.81,17.0,32.81,24.64,20.25,52.0,0.267,12.0,23.08,4.0,7.69,0.721,0.0889999999999999,25.93,12.28,15.35,27.63,31.9,16.67
745655,2024-06-08,2024,676391,R,613534,R,field_out,False,False,66.0,0.188,5.0,7.58,1.0,1.52,0.494,0.10899999999999999,16.67,9.8,14.69,24.49,45.31,6.85,20.0,0.4,1.0,5.0,0.0,0.0,1.05,0.25,5.71,3.33,15.0,18.33,40.0,7.69,59.0,0.283,16.0,27.12,8.0,13.56,0.772,0.065,38.1,15.81,17.0,32.81,24.64,20.25,52.0,0.267,12.0,23.08,4.0,7.69,0.721,0.0889999999999999,25.93,12.28,15.35,27.63,31.9,16.67
745655,2024-06-08,2024,669127,R,605135,R,strikeout,True,False,145.0,0.217,37.0,25.52,11.0,7.59,0.802,0.29500000000000004,29.76,14.4,16.7,31.09,32.33,25.52,344.0,0.217,101.0,29.36,23.0,6.69,0.7230000000000001,0.226,32.34,16.3,14.73,31.03,31.22,23.88,169.0,0.227,46.0,27.22,10.0,5.92,0.558,0.03900000000000001,24.35,11.09,20.41,31.51,27.47,20.91,425.0,0.208,89.0,20.94,23.0,5.41,0.573,0.102,21.02,10.01,19.18,29.19,29.2,18.62
745655,2024-06-08,2024,664913,L,605135,R,field_out,False,False,160.0,0.19,51.0,31.87,13.0,8.12,0.5760000000000001,0.13,30.15,15.56,13.17,28.73,32.83,26.02,315.0,0.234,81.0,25.71,24.0,7.62,0.738,0.21,29.85,15.11,13.77,28.88,31.88,22.82,148.0,0.299,24.0,16.22,18.0,12.16,0.864,0.173,17.97,7.86,17.61,25.47,23.71,13.64,403.0,0.265,97.0,24.07,36.0,8.93,0.841,0.239,22.76,10.56,17.85,28.41,24.8,20.13
745655,2024-06-08,2024,691016,L,605135,R,walk,False,True,58.0,0.208,23.0,39.66,9.0,15.52,0.6779999999999999,0.12500000000000003,36.84,15.62,16.96,32.59,30.0,41.07,118.0,0.159,37.0,31.36,10.0,8.47,0.472,0.0839999999999999,33.93,16.67,14.91,31.58,29.36,28.91,148.0,0.299,24.0,16.22,18.0,12.16,0.864,0.173,17.97,7.86,17.61,25.47,23.71,13.64,403.0,0.265,97.0,24.07,36.0,8.93,0.841,0.239,22.76,10.56,17.85,28.41,24.8,20.13
745655,2024-06-08,2024,680869,R,605135,R,force_out,False,False,143.0,0.176,48.0,33.57,9.0,6.29,0.522,0.11399999999999999,35.71,18.15,15.97,34.12,28.62,29.09,220.0,0.303,54.0,24.55,18.0,8.18,0.969,0.298,30.92,15.24,15.12,30.36,29.22,21.29,169.0,0.227,46.0,27.22,10.0,5.92,0.558,0.03900000000000001,24.35,11.09,20.41,31.51,27.47,20.91,425.0,0.208,89.0,20.94,23.0,5.41,0.573,0.102,21.02,10.01,19.18,29.19,29.2,18.62
745655,2024-06-08,2024,643376,R,518397,L,field_out,False,False,34.0,0.296,6.0,17.65,6.0,17.65,0.782,0.07400000000000001,24.07,8.84,18.37,27.21,12.66,15.79,86.0,0.205,16.0,18.6,7.0,8.14,0.792,0.308,17.86,8.52,13.35,21.88,27.32,15.24,13.0,0.154,3.0,23.08,0.0,0.0,0.616,0.30800000000000005,26.92,17.07,7.32,24.39,45.45,27.27,125.0,0.328,15.0,12.0,8.0,6.4,0.781,0.077,16.67,8.44,14.64,23.08,30.3,17.65
745655,2024-06-08,2024,676914,R,518397,L,field_out,False,False,60.0,0.176,19.0,31.67,6.0,10.0,0.646,0.21600000000000003,32.46,15.1,17.14,32.24,26.56,23.46,54.0,0.326,16.0,29.63,10.0,18.52,1.3,0.5109999999999999,37.65,15.69,17.16,32.84,15.89,28.07,13.0,0.154,3.0,23.08,0.0,0.0,0.616,0.30800000000000005,26.92,17.07,7.32,24.39,45.45,27.27,125.0,0.328,15.0,12.0,8.0,6.4,0.781,0.077,16.67,8.44,14.64,23.08,30.3,17.65
745655,2024-06-08,2024,457759,R,518397,L,strikeout,True,False,51.0,0.326,8.0,15.69,4.0,7.84,0.895,0.196,11.11,5.15,19.31,24.46,26.61,9.76,164.0,0.285,32.0,19.51,18.0,10.98,0.9,0.243,20.38,9.35,18.71,28.06,27.41,13.45,13.0,0.154,3.0,23.08,0.0,0.0,0.616,0.30800000000000005,26.92,17.07,7.32,24.39,45.45,27.27,125.0,0.328,15.0,12.0,8.0,6.4,0.781,0.077,16.67,8.44,14.64,23.08,30.3,17.65
745655,2024-06-08,2024,680474,R,605135,R,field_out,False,False,98.0,0.27,23.0,23.47,7.0,7.14,0.6970000000000001,0.08999999999999997,25.15,10.1,21.67,31.77,17.88,19.66,,,,,,,,,,,,,,,169.0,0.227,46.0,27.22,10.0,5.92,0.558,0.03900000000000001,24.35,11.09,20.41,31.51,27.47,20.91,425.0,0.208,89.0,20.94,23.0,5.41,0.573,0.102,21.02,10.01,19.18,29.19,29.2,18.62
745655,2024-06-08,2024,647351,L,605135,R,strikeout,True,False,182.0,0.253,36.0,19.78,9.0,4.95,0.6779999999999999,0.123,19.7,9.12,18.37,27.49,28.93,18.18,20.0,0.412,5.0,25.0,2.0,10.0,1.265,0.353,37.04,15.62,26.56,42.19,25.0,31.25,148.0,0.299,24.0,16.22,18.0,12.16,0.864,0.173,17.97,7.86,17.61,25.47,23.71,13.64,403.0,0.265,97.0,24.07,36.0,8.93,0.841,0.239,22.76,10.56,17.85,28.41,24.8,20.13
745655,2024-06-08,2024,609280,R,605135,R,strikeout,True,False,43.0,0.238,7.0,16.28,0.0,0.0,0.59,0.119,11.9,6.1,18.9,25.0,38.55,14.89,52.0,0.229,6.0,11.54,4.0,7.69,0.705,0.1879999999999999,14.58,7.49,13.9,21.39,30.93,12.77,169.0,0.227,46.0,27.22,10.0,5.92,0.558,0.03900000000000001,24.35,11.09,20.41,31.51,27.47,20.91,425.0,0.208,89.0,20.94,23.0,5.41,0.573,0.102,21.02,10.01,19.18,29.19,29.2,18.62
745655,2024-06-08,2024,665489,R,695243,R,strikeout,True,False,220.0,0.304,39.0,17.73,25.0,11.36,0.819,0.129,24.11,11.15,15.67,26.82,24.01,13.88,558.0,0.26,85.0,15.23,48.0,8.6,0.792,0.2,23.83,12.29,11.94,24.23,30.21,15.37,60.0,0.189,29.0,48.33,5.0,8.33,0.5900000000000001,0.15100000000000002,41.86,20.45,18.18,38.64,42.54,34.12,78.0,0.229,22.0,28.21,6.0,7.69,0.642,0.114,29.19,14.24,14.55,28.79,28.75,20.56
745655,2024-06-08,2024,666182,R,695243,R,strikeout,True,False,203.0,0.261,34.0,16.75,11.0,5.42,0.698,0.127,22.25,12.72,10.82,23.54,37.16,17.0,496.0,0.303,102.0,20.56,20.0,4.03,0.797,0.161,21.9,12.38,11.73,24.11,38.01,17.91,60.0,0.189,29.0,48.33,5.0,8.33,0.5900000000000001,0.15100000000000002,41.86,20.45,18.18,38.64,42.54,34.12,78.0,0.229,22.0,28.21,6.0,7.69,0.642,0.114,29.19,14.24,14.55,28.79,28.75,20.56
745655,2024-06-08,2024,543807,R,695243,R,field_out,False,False,183.0,0.222,26.0,14.21,19.0,10.38,0.639,0.11100000000000002,23.81,12.21,13.28,25.5,25.16,13.68,539.0,0.262,101.0,18.74,43.0,7.98,0.738,0.1489999999999999,23.18,11.37,14.48,25.84,23.35,18.21,60.0,0.189,29.0,48.33,5.0,8.33,0.5900000000000001,0.15100000000000002,41.86,20.45,18.18,38.64,42.54,34.12,78.0,0.229,22.0,28.21,6.0,7.69,0.642,0.114,29.19,14.24,14.55,28.79,28.75,20.56
745655,2024-06-08,2024,668709,L,643338,R,home_run,False,False,207.0,0.254,36.0,17.39,25.0,12.08,0.798,0.199,25.86,10.98,17.32,28.29,21.96,17.39,232.0,0.209,53.0,22.84,35.0,15.09,0.726,0.184,28.61,12.18,15.3,27.48,19.27,20.46,21.0,0.211,4.0,19.05,2.0,9.52,0.865,0.368,24.44,12.64,11.49,24.14,27.27,12.5,17.0,0.2,7.0,41.18,2.0,11.76,0.694,0.2,43.18,25.68,5.41,31.08,29.03,23.33
745001,2024-06-08,2024,596103,R,571760,L,walk,False,True,45.0,0.135,11.0,24.44,7.0,15.56,0.424,0.0,28.57,11.52,17.28,28.8,16.0,19.64,147.0,0.288,40.0,27.21,13.0,8.84,0.8,0.151,27.27,11.44,19.76,31.2,22.15,21.51,198.0,0.255,45.0,22.73,9.0,4.55,0.722,0.16899999999999998,29.86,15.81,13.8,29.61,34.4,17.31,514.0,0.246,125.0,24.32,38.0,7.39,0.762,0.202,27.12,13.67,13.77,27.44,32.52,19.0
745001,2024-06-08,2024,671218,R,571760,L,double,False,False,31.0,0.381,7.0,22.58,9.0,29.03,1.486,0.524,29.11,13.86,9.04,22.89,20.93,10.14,46.0,0.186,16.0,34.78,3.0,6.52,0.588,0.1629999999999999,32.35,16.67,13.64,30.3,30.21,23.53,198.0,0.255,45.0,22.73,9.0,4.55,0.722,0.16899999999999998,29.86,15.81,13.8,29.61,34.4,17.31,514.0,0.246,125.0,24.32,38.0,7.39,0.762,0.202,27.12,13.67,13.77,27.44,32.52,19.0
745001,2024-06-08,2024,527038,R,571760,L,field_out,False,False,77.0,0.221,10.0,12.99,6.0,7.79,0.658,0.161,12.69,5.65,19.27,24.92,27.95,11.24,182.0,0.303,28.0,15.38,14.0,7.69,0.886,0.224,17.07,7.55,21.16,28.71,29.47,12.17,198.0,0.255,45.0,22.73,9.0,4.55,0.722,0.16899999999999998,29.86,15.81,13.8,29.61,34.4,17.31,514.0,0.246,125.0,24.32,38.0,7.39,0.762,0.202,27.12,13.67,13.77,27.44,32.52,19.0
745001,2024-06-08,2024,656305,R,571760,L,field_out,False,False,66.0,0.345,11.0,16.67,8.0,12.12,1.027,0.258,12.88,6.05,16.37,22.42,26.62,11.46,113.0,0.307,26.0,23.01,10.0,8.85,0.89,0.208,30.77,13.88,17.35,31.24,20.45,17.81,198.0,0.255,45.0,22.73,9.0,4.55,0.722,0.16899999999999998,29.86,15.81,13.8,29.61,34.4,17.31,514.0,0.246,125.0,24.32,38.0,7.39,0.762,0.202,27.12,13.67,13.77,27.44,32.52,19.0
745001,2024-06-08,2024,624424,L,571760,L,field_out,False,False,41.0,0.325,10.0,24.39,1.0,2.44,0.891,0.22500000000000003,28.05,14.94,19.48,34.42,34.92,20.41,102.0,0.219,29.0,28.43,3.0,2.94,0.5980000000000001,0.114,29.28,13.52,20.15,33.67,28.95,22.83,47.0,0.293,8.0,17.02,5.0,10.64,0.76,0.09700000000000003,11.39,4.97,15.47,20.44,19.1,14.81,128.0,0.276,26.0,20.31,22.0,17.19,0.806,0.124,23.36,9.23,18.82,28.04,22.3,14.88
745001,2024-06-08,2024,543760,R,675921,R,walk,False,True,196.0,0.225,28.0,14.29,17.0,8.67,0.6559999999999999,0.13999999999999999,21.28,10.94,13.19,24.14,25.6,17.07,544.0,0.273,77.0,14.15,52.0,9.56,0.8360000000000001,0.2199999999999999,18.01,8.45,14.48,22.93,21.97,13.9,17.0,0.529,2.0,11.76,0.0,0.0,1.47,0.4119999999999999,18.75,12.5,4.17,16.67,30.0,15.38,14.0,0.273,1.0,7.14,2.0,14.29,0.974,0.272,29.17,10.61,16.67,27.27,18.42,4.76
745001,2024-06-08,2024,669701,L,675921,R,walk,False,True,167.0,0.272,27.0,16.17,14.0,8.38,0.788,0.15699999999999997,17.76,8.42,18.41,26.83,24.84,13.17,200.0,0.194,46.0,23.0,19.0,9.5,0.623,0.13,20.71,8.96,19.58,28.54,22.65,15.97,17.0,0.0,5.0,29.41,0.0,0.0,0.0,0.0,32.26,14.71,19.12,33.82,29.73,16.67,4.0,0.333,1.0,25.0,1.0,25.0,0.833,0.0,66.67,26.67,20.0,46.67,37.5,33.33
745001,2024-06-08,2024,666969,R,675921,R,field_out,False,False,171.0,0.197,46.0,26.9,10.0,5.85,0.659,0.21099999999999997,36.28,19.01,11.28,30.29,35.2,25.14,480.0,0.245,138.0,28.75,41.0,8.54,0.8260000000000001,0.264,31.65,15.93,13.92,29.85,32.02,21.97,17.0,0.529,2.0,11.76,0.0,0.0,1.47,0.4119999999999999,18.75,12.5,4.17,16.67,30.0,15.38,14.0,0.273,1.0,7.14,2.0,14.29,0.974,0.272,29.17,10.61,16.67,27.27,18.42,4.76
745001,2024-06-08,2024,663993,L,675921,R,sac_fly,False,False,111.0,0.258,22.0,19.82,16.0,14.41,0.724,0.09699999999999998,15.59,6.12,18.99,25.11,25.77,15.07,505.0,0.279,113.0,22.38,69.0,13.66,0.833,0.172,19.81,8.64,15.62,24.26,19.45,16.87,17.0,0.0,5.0,29.41,0.0,0.0,0.0,0.0,32.26,14.71,19.12,33.82,29.73,16.67,4.0,0.333,1.0,25.0,1.0,25.0,0.833,0.0,66.67,26.67,20.0,46.67,37.5,33.33
745001,2024-06-08,2024,677649,R,675921,R,field_out,False,False,76.0,0.292,17.0,22.37,3.0,3.95,0.69,0.069,23.6,12.67,12.67,25.33,36.48,14.78,308.0,0.277,86.0,27.92,13.0,4.22,0.738,0.1409999999999999,28.89,15.73,13.64,29.37,39.12,22.25,17.0,0.529,2.0,11.76,0.0,0.0,1.47,0.4119999999999999,18.75,12.5,4.17,16.67,30.0,15.38,14.0,0.273,1.0,7.14,2.0,14.29,0.974,0.272,29.17,10.61,16.67,27.27,18.42,4.76
745001,2024-06-08,2024,624585,R,571760,L,strikeout,True,False,61.0,0.241,14.0,22.95,5.0,8.2,0.791,0.22200000000000003,29.75,14.57,12.96,27.53,31.21,18.42,135.0,0.277,30.0,22.22,20.0,14.81,1.081,0.4109999999999999,26.29,11.6,16.16,27.76,25.27,18.75,198.0,0.255,45.0,22.73,9.0,4.55,0.722,0.16899999999999998,29.86,15.81,13.8,29.61,34.4,17.31,514.0,0.246,125.0,24.32,38.0,7.39,0.762,0.202,27.12,13.67,13.77,27.44,32.52,19.0
745001,2024-06-08,2024,642731,R,571760,L,field_out,False,False,62.0,0.241,11.0,17.74,3.0,4.84,0.671,0.15600000000000003,20.18,10.73,17.07,27.8,34.31,21.15,150.0,0.257,36.0,24.0,7.0,4.67,0.643,0.079,21.99,10.73,18.17,28.89,37.46,20.57,198.0,0.255,45.0,22.73,9.0,4.55,0.722,0.16899999999999998,29.86,15.81,13.8,29.61,34.4,17.31,514.0,0.246,125.0,24.32,38.0,7.39,0.762,0.202,27.12,13.67,13.77,27.44,32.52,19.0
745001,2024-06-08,2024,592200,R,571760,L,field_out,False,False,14.0,0.083,2.0,14.29,2.0,14.29,0.297,0.0,9.52,3.39,18.64,22.03,17.24,16.67,33.0,0.185,5.0,15.15,5.0,15.15,0.534,0.037,20.59,9.79,11.19,20.98,18.06,8.47,198.0,0.255,45.0,22.73,9.0,4.55,0.722,0.16899999999999998,29.86,15.81,13.8,29.61,34.4,17.31,514.0,0.246,125.0,24.32,38.0,7.39,0.762,0.202,27.12,13.67,13.77,27.44,32.52,19.0
745001,2024-06-08,2024,641680,L,675921,R,field_out,False,False,153.0,0.243,32.0,20.92,8.0,5.23,0.649,0.118,20.34,10.42,13.54,23.96,32.43,21.05,411.0,0.243,82.0,19.95,33.0,8.03,0.733,0.185,23.06,11.69,13.75,25.44,29.36,17.15,17.0,0.0,5.0,29.41,0.0,0.0,0.0,0.0,32.26,14.71,19.12,33.82,29.73,16.67,4.0,0.333,1.0,25.0,1.0,25.0,0.833,0.0,66.67,26.67,20.0,46.67,37.5,33.33
745001,2024-06-08,2024,608671,L,675921,R,single,False,False,82.0,0.263,14.0,17.07,4.0,4.88,0.659,0.07900000000000001,12.86,5.59,22.05,27.64,19.44,14.29,256.0,0.269,37.0,14.45,32.0,12.5,0.698,0.064,14.4,5.5,22.1,27.6,16.03,15.16,17.0,0.0,5.0,29.41,0.0,0.0,0.0,0.0,32.26,14.71,19.12,33.82,29.73,16.67,4.0,0.333,1.0,25.0,1.0,25.0,0.833,0.0,66.67,26.67,20.0,46.67,37.5,33.33
745001,2024-06-08,2024,665750,L,675921,R,force_out,False,False,154.0,0.241,28.0,18.18,13.0,8.44,0.688,0.14200000000000002,22.58,11.09,16.02,27.11,30.93,17.28,405.0,0.275,86.0,21.23,25.0,6.17,0.767,0.174,24.9,12.5,15.05,27.55,29.44,18.34,17.0,0.0,5.0,29.41,0.0,0.0,0.0,0.0,32.26,14.71,19.12,33.82,29.73,16.67,4.0,0.333,1.0,25.0,1.0,25.0,0.833,0.0,66.67,26.67,20.0,46.67,37.5,33.33
745001,2024-06-08,2024,668800,R,675921,R,strikeout,True,False,26.0,0.16,6.0,23.08,1.0,3.85,0.47200000000000003,0.12000000000000002,30.61,14.71,19.61,34.31,40.0,18.18,161.0,0.264,40.0,24.84,9.0,5.59,0.731,0.1549999999999999,26.76,14.36,14.36,28.73,35.04,24.84,17.0,0.529,2.0,11.76,0.0,0.0,1.47,0.4119999999999999,18.75,12.5,4.17,16.67,30.0,15.38,14.0,0.273,1.0,7.14,2.0,14.29,0.974,0.272,29.17,10.61,16.67,27.27,18.42,4.76
745001,2024-06-08,2024,666149,R,571760,L,field_out,False,False,37.0,0.265,12.0,32.43,3.0,8.11,0.648,0.059,30.86,14.53,14.53,29.07,16.47,20.0,12.0,0.25,4.0,33.33,0.0,0.0,1.0,0.5,21.74,9.26,20.37,29.63,8.33,23.53,198.0,0.255,45.0,22.73,9.0,4.55,0.722,0.16899999999999998,29.86,15.81,13.8,29.61,34.4,17.31,514.0,0.246,125.0,24.32,38.0,7.39,0.762,0.202,27.12,13.67,13.77,27.44,32.52,19.0
745001,2024-06-08,2024,596103,R,571760,L,single,False,False,45.0,0.135,11.0,24.44,7.0,15.56,0.424,0.0,28.57,11.52,17.28,28.8,16.0,19.64,147.0,0.288,40.0,27.21,13.0,8.84,0.8,0.151,27.27,11.44,19.76,31.2,22.15,21.51,198.0,0.255,45.0,22.73,9.0,4.55,0.722,0.16899999999999998,29.86,15.81,13.8,29.61,34.4,17.31,514.0,0.246,125.0,24.32,38.0,7.39,0.762,0.202,27.12,13.67,13.77,27.44,32.52,19.0
745001,2024-06-08,2024,671218,R,571760,L,home_run,False,False,31.0,0.381,7.0,22.58,9.0,29.03,1.486,0.524,29.11,13.86,9.04,22.89,20.93,10.14,46.0,0.186,16.0,34.78,3.0,6.52,0.588,0.1629999999999999,32.35,16.67,13.64,30.3,30.21,23.53,198.0,0.255,45.0,22.73,9.0,4.55,0.722,0.16899999999999998,29.86,15.81,13.8,29.61,34.4,17.31,514.0,0.246,125.0,24.32,38.0,7.39,0.762,0.202,27.12,13.67,13.77,27.44,32.52,19.0
745001,2024-06-08,2024,527038,R,571760,L,field_out,False,False,77.0,0.221,10.0,12.99,6.0,7.79,0.658,0.161,12.69,5.65,19.27,24.92,27.95,11.24,182.0,0.303,28.0,15.38,14.0,7.69,0.886,0.224,17.07,7.55,21.16,28.71,29.47,12.17,198.0,0.255,45.0,22.73,9.0,4.55,0.722,0.16899999999999998,29.86,15.81,13.8,29.61,34.4,17.31,514.0,0.246,125.0,24.32,38.0,7.39,0.762,0.202,27.12,13.67,13.77,27.44,32.52,19.0
745001,2024-06-08,2024,656305,R,571760,L,strikeout,True,False,66.0,0.345,11.0,16.67,8.0,12.12,1.027,0.258,12.88,6.05,16.37,22.42,26.62,11.46,113.0,0.307,26.0,23.01,10.0,8.85,0.89,0.208,30.77,13.88,17.35,31.24,20.45,17.81,198.0,0.255,45.0,22.73,9.0,4.55,0.722,0.16899999999999998,29.86,15.81,13.8,29.61,34.4,17.31,514.0,0.246,125.0,24.32,38.0,7.39,0.762,0.202,27.12,13.67,13.77,27.44,32.52,19.0
745001,2024-06-08,2024,543760,R,675921,R,field_out,False,False,196.0,0.225,28.0,14.29,17.0,8.67,0.6559999999999999,0.13999999999999999,21.28,10.94,13.19,24.14,25.6,17.07,544.0,0.273,77.0,14.15,52.0,9.56,0.8360000000000001,0.2199999999999999,18.01,8.45,14.48,22.93,21.97,13.9,17.0,0.529,2.0,11.76,0.0,0.0,1.47,0.4119999999999999,18.75,12.5,4.17,16.67,30.0,15.38,14.0,0.273,1.0,7.14,2.0,14.29,0.974,0.272,29.17,10.61,16.67,27.27,18.42,4.76
745001,2024-06-08,2024,669701,L,675921,R,single,False,False,167.0,0.272,27.0,16.17,14.0,8.38,0.788,0.15699999999999997,17.76,8.42,18.41,26.83,24.84,13.17,200.0,0.194,46.0,23.0,19.0,9.5,0.623,0.13,20.71,8.96,19.58,28.54,22.65,15.97,17.0,0.0,5.0,29.41,0.0,0.0,0.0,0.0,32.26,14.71,19.12,33.82,29.73,16.67,4.0,0.333,1.0,25.0,1.0,25.0,0.833,0.0,66.67,26.67,20.0,46.67,37.5,33.33
745001,2024-06-08,2024,666969,R,675921,R,walk,False,True,171.0,0.197,46.0,26.9,10.0,5.85,0.659,0.21099999999999997,36.28,19.01,11.28,30.29,35.2,25.14,480.0,0.245,138.0,28.75,41.0,8.54,0.8260000000000001,0.264,31.65,15.93,13.92,29.85,32.02,21.97,17.0,0.529,2.0,11.76,0.0,0.0,1.47,0.4119999999999999,18.75,12.5,4.17,16.67,30.0,15.38,14.0,0.273,1.0,7.14,2.0,14.29,0.974,0.272,29.17,10.61,16.67,27.27,18.42,4.76
745001,2024-06-08,2024,663993,L,675921,R,grounded_into_double_play,False,False,111.0,0.258,22.0,19.82,16.0,14.41,0.724,0.09699999999999998,15.59,6.12,18.99,25.11,25.77,15.07,505.0,0.279,113.0,22.38,69.0,13.66,0.833,0.172,19.81,8.64,15.62,24.26,19.45,16.87,17.0,0.0,5.0,29.41,0.0,0.0,0.0,0.0,32.26,14.71,19.12,33.82,29.73,16.67,4.0,0.333,1.0,25.0,1.0,25.0,0.833,0.0,66.67,26.67,20.0,46.67,37.5,33.33
745001,2024-06-08,2024,624424,L,571760,L,strikeout,True,False,41.0,0.325,10.0,24.39,1.0,2.44,0.891,0.22500000000000003,28.05,14.94,19.48,34.42,34.92,20.41,102.0,0.219,29.0,28.43,3.0,2.94,0.5980000000000001,0.114,29.28,13.52,20.15,33.67,28.95,22.83,47.0,0.293,8.0,17.02,5.0,10.64,0.76,0.09700000000000003,11.39,4.97,15.47,20.44,19.1,14.81,128.0,0.276,26.0,20.31,22.0,17.19,0.806,0.124,23.36,9.23,18.82,28.04,22.3,14.88
745001,2024-06-08,2024,624585,R,571760,L,field_out,False,False,61.0,0.241,14.0,22.95,5.0,8.2,0.791,0.22200000000000003,29.75,14.57,12.96,27.53,31.21,18.42,135.0,0.277,30.0,22.22,20.0,14.81,1.081,0.4109999999999999,26.29,11.6,16.16,27.76,25.27,18.75,198.0,0.255,45.0,22.73,9.0,4.55,0.722,0.16899999999999998,29.86,15.81,13.8,29.61,34.4,17.31,514.0,0.246,125.0,24.32,38.0,7.39,0.762,0.202,27.12,13.67,13.77,27.44,32.52,19.0
745001,2024-06-08,2024,642731,R,571760,L,field_out,False,False,62.0,0.241,11.0,17.74,3.0,4.84,0.671,0.15600000000000003,20.18,10.73,17.07,27.8,34.31,21.15,150.0,0.257,36.0,24.0,7.0,4.67,0.643,0.079,21.99,10.73,18.17,28.89,37.46,20.57,198.0,0.255,45.0,22.73,9.0,4.55,0.722,0.16899999999999998,29.86,15.81,13.8,29.61,34.4,17.31,514.0,0.246,125.0,24.32,38.0,7.39,0.762,0.202,27.12,13.67,13.77,27.44,32.52,19.0
745001,2024-06-08,2024,677649,R,675921,R,field_out,False,False,76.0,0.292,17.0,22.37,3.0,3.95,0.69,0.069,23.6,12.67,12.67,25.33,36.48,14.78,308.0,0.277,86.0,27.92,13.0,4.22,0.738,0.1409999999999999,28.89,15.73,13.64,29.37,39.12,22.25,17.0,0.529,2.0,11.76,0.0,0.0,1.47,0.4119999999999999,18.75,12.5,4.17,16.67,30.0,15.38,14.0,0.273,1.0,7.14,2.0,14.29,0.974,0.272,29.17,10.61,16.67,27.27,18.42,4.76
745001,2024-06-08,2024,641680,L,675921,R,field_out,False,False,153.0,0.243,32.0,20.92,8.0,5.23,0.649,0.118,20.34,10.42,13.54,23.96,32.43,21.05,411.0,0.243,82.0,19.95,33.0,8.03,0.733,0.185,23.06,11.69,13.75,25.44,29.36,17.15,17.0,0.0,5.0,29.41,0.0,0.0,0.0,0.0,32.26,14.71,19.12,33.82,29.73,16.67,4.0,0.333,1.0,25.0,1.0,25.0,0.833,0.0,66.67,26.67,20.0,46.67,37.5,33.33
745001,2024-06-08,2024,608671,L,675921,R,strikeout,True,False,82.0,0.263,14.0,17.07,4.0,4.88,0.659,0.07900000000000001,12.86,5.59,22.05,27.64,19.44,14.29,256.0,0.269,37.0,14.45,32.0,12.5,0.698,0.064,14.4,5.5,22.1,27.6,16.03,15.16,17.0,0.0,5.0,29.41,0.0,0.0,0.0,0.0,32.26,14.71,19.12,33.82,29.73,16.67,4.0,0.333,1.0,25.0,1.0,25.0,0.833,0.0,66.67,26.67,20.0,46.67,37.5,33.33
745001,2024-06-08,2024,592200,R,571760,L,field_out,False,False,14.0,0.083,2.0,14.29,2.0,14.29,0.297,0.0,9.52,3.39,18.64,22.03,17.24,16.67,33.0,0.185,5.0,15.15,5.0,15.15,0.534,0.037,20.59,9.79,11.19,20.98,18.06,8.47,198.0,0.255,45.0,22.73,9.0,4.55,0.722,0.16899999999999998,29.86,15.81,13.8,29.61,34.4,17.31,514.0,0.246,125.0,24.32,38.0,7.39,0.762,0.202,27.12,13.67,13.77,27.44,32.52,19.0
745001,2024-06-08,2024,666149,R,571760,L,field_out,False,False,37.0,0.265,12.0,32.43,3.0,8.11,0.648,0.059,30.86,14.53,14.53,29.07,16.47,20.0,12.0,0.25,4.0,33.33,0.0,0.0,1.0,0.5,21.74,9.26,20.37,29.63,8.33,23.53,198.0,0.255,45.0,22.73,9.0,4.55,0.722,0.16899999999999998,29.86,15.81,13.8,29.61,34.4,17.31,514.0,0.246,125.0,24.32,38.0,7.39,0.762,0.202,27.12,13.67,13.77,27.44,32.52,19.0
745001,2024-06-08,2024,596103,R,571760,L,strikeout,True,False,45.0,0.135,11.0,24.44,7.0,15.56,0.424,0.0,28.57,11.52,17.28,28.8,16.0,19.64,147.0,0.288,40.0,27.21,13.0,8.84,0.8,0.151,27.27,11.44,19.76,31.2,22.15,21.51,198.0,0.255,45.0,22.73,9.0,4.55,0.722,0.16899999999999998,29.86,15.81,13.8,29.61,34.4,17.31,514.0,0.246,125.0,24.32,38.0,7.39,0.762,0.202,27.12,13.67,13.77,27.44,32.52,19.0
745001,2024-06-08,2024,665750,L,675921,R,field_out,False,False,154.0,0.241,28.0,18.18,13.0,8.44,0.688,0.14200000000000002,22.58,11.09,16.02,27.11,30.93,17.28,405.0,0.275,86.0,21.23,25.0,6.17,0.767,0.174,24.9,12.5,15.05,27.55,29.44,18.34,17.0,0.0,5.0,29.41,0.0,0.0,0.0,0.0,32.26,14.71,19.12,33.82,29.73,16.67,4.0,0.333,1.0,25.0,1.0,25.0,0.833,0.0,66.67,26.67,20.0,46.67,37.5,33.33
745001,2024-06-08,2024,668800,R,675921,R,single,False,False,26.0,0.16,6.0,23.08,1.0,3.85,0.47200000000000003,0.12000000000000002,30.61,14.71,19.61,34.31,40.0,18.18,161.0,0.264,40.0,24.84,9.0,5.59,0.731,0.1549999999999999,26.76,14.36,14.36,28.73,35.04,24.84,17.0,0.529,2.0,11.76,0.0,0.0,1.47,0.4119999999999999,18.75,12.5,4.17,16.67,30.0,15.38,14.0,0.273,1.0,7.14,2.0,14.29,0.974,0.272,29.17,10.61,16.67,27.27,18.42,4.76
745001,2024-06-08,2024,543760,R,675921,R,field_out,False,False,196.0,0.225,28.0,14.29,17.0,8.67,0.6559999999999999,0.13999999999999999,21.28,10.94,13.19,24.14,25.6,17.07,544.0,0.273,77.0,14.15,52.0,9.56,0.8360000000000001,0.2199999999999999,18.01,8.45,14.48,22.93,21.97,13.9,17.0,0.529,2.0,11.76,0.0,0.0,1.47,0.4119999999999999,18.75,12.5,4.17,16.67,30.0,15.38,14.0,0.273,1.0,7.14,2.0,14.29,0.974,0.272,29.17,10.61,16.67,27.27,18.42,4.76
745001,2024-06-08,2024,669701,L,669062,L,strikeout,True,False,57.0,0.32,15.0,26.32,4.0,7.02,0.8440000000000001,0.12,25.0,11.9,16.67,28.57,25.51,23.08,33.0,0.12,9.0,27.27,6.0,18.18,0.6930000000000001,0.24,26.09,9.3,20.93,30.23,19.44,31.03,45.0,0.139,17.0,37.78,8.0,17.78,0.505,0.05499999999999999,37.5,12.86,21.9,34.76,18.8,21.92,,,,,,,,,,,,,,
745001,2024-06-08,2024,671218,R,571760,L,field_out,False,False,31.0,0.381,7.0,22.58,9.0,29.03,1.486,0.524,29.11,13.86,9.04,22.89,20.93,10.14,46.0,0.186,16.0,34.78,3.0,6.52,0.588,0.1629999999999999,32.35,16.67,13.64,30.3,30.21,23.53,198.0,0.255,45.0,22.73,9.0,4.55,0.722,0.16899999999999998,29.86,15.81,13.8,29.61,34.4,17.31,514.0,0.246,125.0,24.32,38.0,7.39,0.762,0.202,27.12,13.67,13.77,27.44,32.52,19.0
745001,2024-06-08,2024,527038,R,571760,L,single,False,False,77.0,0.221,10.0,12.99,6.0,7.79,0.658,0.161,12.69,5.65,19.27,24.92,27.95,11.24,182.0,0.303,28.0,15.38,14.0,7.69,0.886,0.224,17.07,7.55,21.16,28.71,29.47,12.17,198.0,0.255,45.0,22.73,9.0,4.55,0.722,0.16899999999999998,29.86,15.81,13.8,29.61,34.4,17.31,514.0,0.246,125.0,24.32,38.0,7.39,0.762,0.202,27.12,13.67,13.77,27.44,32.52,19.0
745001,2024-06-08,2024,656305,R,571760,L,single,False,False,66.0,0.345,11.0,16.67,8.0,12.12,1.027,0.258,12.88,6.05,16.37,22.42,26.62,11.46,113.0,0.307,26.0,23.01,10.0,8.85,0.89,0.208,30.77,13.88,17.35,31.24,20.45,17.81,198.0,0.255,45.0,22.73,9.0,4.55,0.722,0.16899999999999998,29.86,15.81,13.8,29.61,34.4,17.31,514.0,0.246,125.0,24.32,38.0,7.39,0.762,0.202,27.12,13.67,13.77,27.44,32.52,19.0
745001,2024-06-08,2024,624424,L,571760,L,strikeout,True,False,41.0,0.325,10.0,24.39,1.0,2.44,0.891,0.22500000000000003,28.05,14.94,19.48,34.42,34.92,20.41,102.0,0.219,29.0,28.43,3.0,2.94,0.5980000000000001,0.114,29.28,13.52,20.15,33.67,28.95,22.83,47.0,0.293,8.0,17.02,5.0,10.64,0.76,0.09700000000000003,11.39,4.97,15.47,20.44,19.1,14.81,128.0,0.276,26.0,20.31,22.0,17.19,0.806,0.124,23.36,9.23,18.82,28.04,22.3,14.88
745001,2024-06-08,2024,624585,R,592351,R,strikeout,True,False,152.0,0.204,33.0,21.71,13.0,8.55,0.6060000000000001,0.13200000000000003,26.74,12.9,15.02,27.92,28.42,21.57,446.0,0.242,111.0,24.89,46.0,10.31,0.788,0.22,27.97,12.22,16.15,28.37,25.71,21.19,118.0,0.228,28.0,23.73,3.0,2.54,0.5549999999999999,0.07899999999999999,32.77,18.01,15.01,33.03,41.31,20.14,324.0,0.262,73.0,22.53,19.0,5.86,0.6970000000000001,0.1169999999999999,29.56,16.06,15.52,31.58,36.67,22.88
745001,2024-06-08,2024,666969,R,669062,L,field_out,False,False,81.0,0.268,24.0,29.63,6.0,7.41,0.8140000000000001,0.22499999999999998,29.09,17.08,9.61,26.69,35.82,30.0,152.0,0.244,37.0,24.34,24.0,15.79,0.866,0.26,31.62,13.61,14.56,28.16,22.03,21.26,71.0,0.203,19.0,26.76,7.0,9.86,0.7509999999999999,0.26599999999999996,33.56,16.23,14.61,30.84,25.83,17.43,,,,,,,,,,,,,,
745001,2024-06-08,2024,663993,L,669062,L,strikeout,True,False,58.0,0.28,14.0,24.14,7.0,12.07,0.6819999999999999,0.03999999999999998,16.22,6.64,21.77,28.41,22.4,13.46,219.0,0.223,52.0,23.74,24.0,10.96,0.643,0.109,22.66,9.89,18.18,28.07,24.2,19.48,45.0,0.139,17.0,37.78,8.0,17.78,0.505,0.05499999999999999,37.5,12.86,21.9,34.76,18.8,21.92,,,,,,,,,,,,,,
745001,2024-06-08,2024,677649,R,669062,L,single,False,False,58.0,0.264,13.0,22.41,5.0,8.62,0.63,0.03799999999999998,22.12,12.08,14.01,26.09,38.46,23.64,132.0,0.273,34.0,25.76,10.0,7.58,0.837,0.2309999999999999,27.68,14.45,13.29,27.75,34.33,21.12,71.0,0.203,19.0,26.76,7.0,9.86,0.7509999999999999,0.26599999999999996,33.56,16.23,14.61,30.84,25.83,17.43,,,,,,,,,,,,,,
745001,2024-06-08,2024,641680,L,676254,R,strikeout,True,False,153.0,0.243,32.0,20.92,8.0,5.23,0.649,0.118,20.34,10.42,13.54,23.96,32.43,21.05,411.0,0.243,82.0,19.95,33.0,8.03,0.733,0.185,23.06,11.69,13.75,25.44,29.36,17.15,53.0,0.2,19.0,35.85,2.0,3.77,0.585,0.14,36.45,17.73,18.18,35.91,29.7,25.68,96.0,0.221,29.0,30.21,7.0,7.29,0.711,0.1979999999999999,31.22,14.6,18.81,33.42,31.25,19.72
745001,2024-06-08,2024,642731,R,592351,R,field_out,False,False,183.0,0.253,35.0,19.13,5.0,2.73,0.704,0.16699999999999998,19.75,9.77,19.53,29.3,35.74,19.13,380.0,0.276,84.0,22.11,15.0,3.95,0.767,0.172,21.44,11.24,17.01,28.25,38.17,20.1,118.0,0.228,28.0,23.73,3.0,2.54,0.5549999999999999,0.07899999999999999,32.77,18.01,15.01,33.03,41.31,20.14,324.0,0.262,73.0,22.53,19.0,5.86,0.6970000000000001,0.1169999999999999,29.56,16.06,15.52,31.58,36.67,22.88
745001,2024-06-08,2024,592200,R,592351,R,strikeout,True,False,21.0,0.25,1.0,4.76,3.0,14.29,0.65,0.0,9.09,4.17,12.5,16.67,6.67,4.0,63.0,0.17,18.0,28.57,6.0,9.52,0.468,0.0189999999999999,27.45,12.23,18.34,30.57,25.0,26.87,118.0,0.228,28.0,23.73,3.0,2.54,0.5549999999999999,0.07899999999999999,32.77,18.01,15.01,33.03,41.31,20.14,324.0,0.262,73.0,22.53,19.0,5.86,0.6970000000000001,0.1169999999999999,29.56,16.06,15.52,31.58,36.67,22.88
745001,2024-06-08,2024,666149,R,592351,R,single,False,False,31.0,0.276,12.0,38.71,1.0,3.23,0.8400000000000001,0.241,30.91,12.69,22.39,35.07,21.54,27.91,22.0,0.2,6.0,27.27,2.0,9.09,0.573,0.0999999999999999,27.91,12.9,18.28,31.18,20.45,18.18,118.0,0.228,28.0,23.73,3.0,2.54,0.5549999999999999,0.07899999999999999,32.77,18.01,15.01,33.03,41.31,20.14,324.0,0.262,73.0,22.53,19.0,5.86,0.6970000000000001,0.1169999999999999,29.56,16.06,15.52,31.58,36.67,22.88
745001,2024-06-08,2024,573262,L,592351,R,walk,False,True,157.0,0.217,45.0,28.66,12.0,7.64,0.669,0.17500000000000002,25.7,10.66,18.98,29.64,18.9,22.28,296.0,0.243,75.0,25.34,40.0,13.51,0.831,0.235,23.69,9.65,18.67,28.32,20.68,19.69,118.0,0.243,28.0,23.73,14.0,11.86,0.7,0.126,22.62,10.33,15.08,25.41,23.14,20.0,335.0,0.25,69.0,20.6,35.0,10.45,0.753,0.1709999999999999,23.27,11.0,15.21,26.21,28.53,18.96
745001,2024-06-08,2024,671218,R,592351,R,strikeout,True,False,82.0,0.303,27.0,32.93,6.0,7.32,0.762,0.10499999999999998,34.23,15.36,16.27,31.63,27.37,27.55,14.0,0.154,4.0,28.57,1.0,7.14,0.368,0.0,30.43,14.58,18.75,33.33,26.09,50.0,118.0,0.228,28.0,23.73,3.0,2.54,0.5549999999999999,0.07899999999999999,32.77,18.01,15.01,33.03,41.31,20.14,324.0,0.262,73.0,22.53,19.0,5.86,0.6970000000000001,0.1169999999999999,29.56,16.06,15.52,31.58,36.67,22.88
745001,2024-06-08,2024,608671,L,676254,R,field_out,False,False,82.0,0.263,14.0,17.07,4.0,4.88,0.659,0.07900000000000001,12.86,5.59,22.05,27.64,19.44,14.29,256.0,0.269,37.0,14.45,32.0,12.5,0.698,0.064,14.4,5.5,22.1,27.6,16.03,15.16,53.0,0.2,19.0,35.85,2.0,3.77,0.585,0.14,36.45,17.73,18.18,35.91,29.7,25.68,96.0,0.221,29.0,30.21,7.0,7.29,0.711,0.1979999999999999,31.22,14.6,18.81,33.42,31.25,19.72
745001,2024-06-08,2024,665750,L,676254,R,field_out,False,False,154.0,0.241,28.0,18.18,13.0,8.44,0.688,0.14200000000000002,22.58,11.09,16.02,27.11,30.93,17.28,405.0,0.275,86.0,21.23,25.0,6.17,0.767,0.174,24.9,12.5,15.05,27.55,29.44,18.34,53.0,0.2,19.0,35.85,2.0,3.77,0.585,0.14,36.45,17.73,18.18,35.91,29.7,25.68,96.0,0.221,29.0,30.21,7.0,7.29,0.711,0.1979999999999999,31.22,14.6,18.81,33.42,31.25,19.72
745001,2024-06-08,2024,668800,R,676254,R,field_out,False,False,26.0,0.16,6.0,23.08,1.0,3.85,0.47200000000000003,0.12000000000000002,30.61,14.71,19.61,34.31,40.0,18.18,161.0,0.264,40.0,24.84,9.0,5.59,0.731,0.1549999999999999,26.76,14.36,14.36,28.73,35.04,24.84,75.0,0.227,25.0,33.33,4.0,5.33,0.5800000000000001,0.04600000000000001,27.48,12.24,22.45,34.69,31.16,24.75,168.0,0.286,49.0,29.17,17.0,10.12,0.78,0.136,32.45,14.5,19.97,34.47,33.33,24.5
745001,2024-06-08,2024,527038,R,592351,R,field_out,False,False,102.0,0.227,13.0,12.75,10.0,9.8,0.644,0.10300000000000001,15.12,6.21,23.87,30.07,27.19,10.32,273.0,0.271,35.0,12.82,27.0,9.89,0.849,0.2249999999999999,14.98,6.76,19.32,26.08,27.75,9.09,118.0,0.228,28.0,23.73,3.0,2.54,0.5549999999999999,0.07899999999999999,32.77,18.01,15.01,33.03,41.31,20.14,324.0,0.262,73.0,22.53,19.0,5.86,0.6970000000000001,0.1169999999999999,29.56,16.06,15.52,31.58,36.67,22.88
745001,2024-06-08,2024,656305,R,592351,R,strikeout,True,False,204.0,0.207,50.0,24.51,17.0,8.33,0.6319999999999999,0.141,26.17,12.14,18.99,31.13,26.48,19.23,471.0,0.223,139.0,29.51,52.0,11.04,0.722,0.179,31.15,13.33,17.79,31.11,18.61,21.72,118.0,0.228,28.0,23.73,3.0,2.54,0.5549999999999999,0.07899999999999999,32.77,18.01,15.01,33.03,41.31,20.14,324.0,0.262,73.0,22.53,19.0,5.86,0.6970000000000001,0.1169999999999999,29.56,16.06,15.52,31.58,36.67,22.88
745001,2024-06-08,2024,624424,L,592351,R,field_out,False,False,129.0,0.248,25.0,19.38,12.0,9.3,0.771,0.20500000000000002,23.27,10.92,15.9,26.82,28.94,15.92,368.0,0.245,77.0,20.92,50.0,13.59,0.753,0.155,23.68,10.56,15.02,25.57,23.23,16.81,118.0,0.243,28.0,23.73,14.0,11.86,0.7,0.126,22.62,10.33,15.08,25.41,23.14,20.0,335.0,0.25,69.0,20.6,35.0,10.45,0.753,0.1709999999999999,23.27,11.0,15.21,26.21,28.53,18.96
745001,2024-06-08,2024,543760,R,643511,R,field_out,False,False,196.0,0.225,28.0,14.29,17.0,8.67,0.6559999999999999,0.13999999999999999,21.28,10.94,13.19,24.14,25.6,17.07,544.0,0.273,77.0,14.15,52.0,9.56,0.8360000000000001,0.2199999999999999,18.01,8.45,14.48,22.93,21.97,13.9,71.0,0.225,15.0,21.13,0.0,0.0,0.591,0.141,20.63,11.61,16.07,27.68,35.05,25.42,173.0,0.262,28.0,16.18,10.0,5.78,0.733,0.1629999999999999,23.75,12.04,17.27,29.32,30.54,16.37
745001,2024-06-08,2024,669701,L,643511,R,field_out,False,False,167.0,0.272,27.0,16.17,14.0,8.38,0.788,0.15699999999999997,17.76,8.42,18.41,26.83,24.84,13.17,200.0,0.194,46.0,23.0,19.0,9.5,0.623,0.13,20.71,8.96,19.58,28.54,22.65,15.97,55.0,0.271,7.0,12.73,1.0,1.82,0.687,0.08299999999999996,14.42,7.77,18.65,26.42,26.76,11.67,136.0,0.2,32.0,23.53,9.0,6.62,0.5569999999999999,0.0919999999999999,20.7,10.56,18.33,28.88,27.6,21.33
745001,2024-06-08,2024,666969,R,643511,R,field_out,False,False,171.0,0.197,46.0,26.9,10.0,5.85,0.659,0.21099999999999997,36.28,19.01,11.28,30.29,35.2,25.14,480.0,0.245,138.0,28.75,41.0,8.54,0.8260000000000001,0.264,31.65,15.93,13.92,29.85,32.02,21.97,71.0,0.225,15.0,21.13,0.0,0.0,0.591,0.141,20.63,11.61,16.07,27.68,35.05,25.42,173.0,0.262,28.0,16.18,10.0,5.78,0.733,0.1629999999999999,23.75,12.04,17.27,29.32,30.54,16.37
745001,2024-06-08,2024,624585,R,622786,R,field_out,False,False,152.0,0.204,33.0,21.71,13.0,8.55,0.6060000000000001,0.13200000000000003,26.74,12.9,15.02,27.92,28.42,21.57,446.0,0.242,111.0,24.89,46.0,10.31,0.788,0.22,27.97,12.22,16.15,28.37,25.71,21.19,15.0,0.286,4.0,26.67,0.0,0.0,0.833,0.21400000000000002,36.0,18.37,18.37,36.73,33.33,40.0,,,,,,,,,,,,,,
745001,2024-06-08,2024,642731,R,622786,R,strikeout,True,False,183.0,0.253,35.0,19.13,5.0,2.73,0.704,0.16699999999999998,19.75,9.77,19.53,29.3,35.74,19.13,380.0,0.276,84.0,22.11,15.0,3.95,0.767,0.172,21.44,11.24,17.01,28.25,38.17,20.1,15.0,0.286,4.0,26.67,0.0,0.0,0.833,0.21400000000000002,36.0,18.37,18.37,36.73,33.33,40.0,,,,,,,,,,,,,,
745001,2024-06-08,2024,672275,L,622786,R,walk,False,True,118.0,0.275,22.0,18.64,12.0,10.17,0.783,0.16599999999999998,22.08,10.71,13.45,24.16,27.92,17.19,240.0,0.203,70.0,29.17,13.0,5.42,0.5569999999999999,0.0989999999999999,26.61,12.88,17.55,30.43,28.93,23.81,19.0,0.278,3.0,15.79,1.0,5.26,0.8160000000000001,0.22199999999999998,24.44,12.5,12.5,25.0,37.25,9.09,,,,,,,,,,,,,,
745001,2024-06-08,2024,666149,R,622786,R,walk,False,True,31.0,0.276,12.0,38.71,1.0,3.23,0.8400000000000001,0.241,30.91,12.69,22.39,35.07,21.54,27.91,22.0,0.2,6.0,27.27,2.0,9.09,0.573,0.0999999999999999,27.91,12.9,18.28,31.18,20.45,18.18,15.0,0.286,4.0,26.67,0.0,0.0,0.833,0.21400000000000002,36.0,18.37,18.37,36.73,33.33,40.0,,,,,,,,,,,,,,
745001,2024-06-08,2024,573262,L,656641,L,strikeout,True,False,24.0,0.2,7.0,29.17,3.0,12.5,0.633,0.09999999999999998,37.5,15.62,13.54,29.17,18.75,38.89,85.0,0.203,24.0,28.24,5.0,5.88,0.5920000000000001,0.139,23.31,9.57,22.84,32.41,18.67,26.37,43.0,0.243,10.0,23.26,6.0,13.95,0.727,0.135,24.14,10.77,14.36,25.13,21.11,15.62,5.0,0.0,2.0,40.0,0.0,0.0,0.0,0.0,10.0,4.35,17.39,21.74,28.57,28.57
745001,2024-06-08,2024,663993,L,666808,R,walk,False,True,111.0,0.258,22.0,19.82,16.0,14.41,0.724,0.09699999999999998,15.59,6.12,18.99,25.11,25.77,15.07,505.0,0.279,113.0,22.38,69.0,13.66,0.833,0.172,19.81,8.64,15.62,24.26,19.45,16.87,55.0,0.292,16.0,29.09,7.0,12.73,0.882,0.20800000000000002,34.91,15.29,16.94,32.23,28.68,25.81,147.0,0.174,43.0,29.25,18.0,12.24,0.588,0.1149999999999999,31.29,14.99,14.68,29.68,31.58,19.72
745001,2024-06-08,2024,677649,R,666808,R,field_out,False,False,76.0,0.292,17.0,22.37,3.0,3.95,0.69,0.069,23.6,12.67,12.67,25.33,36.48,14.78,308.0,0.277,86.0,27.92,13.0,4.22,0.738,0.1409999999999999,28.89,15.73,13.64,29.37,39.12,22.25,57.0,0.149,15.0,26.32,10.0,17.54,0.575,0.12800000000000003,34.19,16.6,15.35,31.95,30.16,20.0,136.0,0.244,44.0,32.35,8.0,5.88,0.594,0.0409999999999999,35.9,16.28,17.05,33.33,26.79,34.38
745001,2024-06-08,2024,641680,L,666808,R,single,False,False,153.0,0.243,32.0,20.92,8.0,5.23,0.649,0.118,20.34,10.42,13.54,23.96,32.43,21.05,411.0,0.243,82.0,19.95,33.0,8.03,0.733,0.185,23.06,11.69,13.75,25.44,29.36,17.15,55.0,0.292,16.0,29.09,7.0,12.73,0.882,0.20800000000000002,34.91,15.29,16.94,32.23,28.68,25.81,147.0,0.174,43.0,29.25,18.0,12.24,0.588,0.1149999999999999,31.29,14.99,14.68,29.68,31.58,19.72
745001,2024-06-08,2024,608671,L,666808,R,field_out,False,False,82.0,0.263,14.0,17.07,4.0,4.88,0.659,0.07900000000000001,12.86,5.59,22.05,27.64,19.44,14.29,256.0,0.269,37.0,14.45,32.0,12.5,0.698,0.064,14.4,5.5,22.1,27.6,16.03,15.16,55.0,0.292,16.0,29.09,7.0,12.73,0.882,0.20800000000000002,34.91,15.29,16.94,32.23,28.68,25.81,147.0,0.174,43.0,29.25,18.0,12.24,0.588,0.1149999999999999,31.29,14.99,14.68,29.68,31.58,19.72
745001,2024-06-08,2024,665750,L,666808,R,field_out,False,False,154.0,0.241,28.0,18.18,13.0,8.44,0.688,0.14200000000000002,22.58,11.09,16.02,27.11,30.93,17.28,405.0,0.275,86.0,21.23,25.0,6.17,0.767,0.174,24.9,12.5,15.05,27.55,29.44,18.34,55.0,0.292,16.0,29.09,7.0,12.73,0.882,0.20800000000000002,34.91,15.29,16.94,32.23,28.68,25.81,147.0,0.174,43.0,29.25,18.0,12.24,0.588,0.1149999999999999,31.29,14.99,14.68,29.68,31.58,19.72
746220,2024-06-08,2024,514888,R,656288,R,strikeout,True,False,207.0,0.295,39.0,18.84,13.0,6.28,0.799,0.16100000000000003,19.32,9.88,16.82,26.7,37.73,18.14,297.0,0.322,55.0,18.52,32.0,10.77,0.941,0.218,19.43,8.47,19.0,27.48,31.81,17.74,135.0,0.213,21.0,15.56,9.0,6.67,0.5760000000000001,0.08199999999999999,21.67,10.83,15.21,26.04,28.03,16.15,277.0,0.271,78.0,28.16,16.0,5.78,0.8260000000000001,0.237,28.77,14.19,17.3,31.49,29.39,19.31
746220,2024-06-08,2024,608324,R,656288,R,field_out,False,False,177.0,0.259,31.0,17.51,16.0,9.04,0.777,0.19,14.47,6.43,19.57,26.0,23.56,14.49,508.0,0.282,67.0,13.19,65.0,12.8,0.8500000000000001,0.186,14.53,5.58,19.65,25.23,16.96,12.88,135.0,0.213,21.0,15.56,9.0,6.67,0.5760000000000001,0.08199999999999999,21.67,10.83,15.21,26.04,28.03,16.15,277.0,0.271,78.0,28.16,16.0,5.78,0.8260000000000001,0.237,28.77,14.19,17.3,31.49,29.39,19.31
746220,2024-06-08,2024,670541,L,656288,R,single,False,False,179.0,0.269,24.0,13.41,20.0,11.17,0.858,0.23099999999999998,19.33,8.79,16.36,25.15,30.28,13.48,322.0,0.292,55.0,17.08,49.0,15.22,1.044,0.333,21.1,8.88,15.37,24.25,23.99,15.32,169.0,0.301,26.0,15.38,17.0,10.06,0.926,0.25400000000000006,22.93,10.88,14.65,25.53,31.13,15.66,259.0,0.217,61.0,23.55,20.0,7.72,0.6319999999999999,0.1279999999999999,29.4,13.84,16.18,30.02,28.54,20.4
746220,2024-06-08,2024,665161,R,656288,R,single,False,False,192.0,0.292,35.0,18.23,8.0,4.17,0.698,0.07300000000000001,24.93,13.06,14.95,28.01,35.75,16.43,461.0,0.239,107.0,23.21,34.0,7.38,0.655,0.1089999999999999,30.36,15.5,13.92,29.42,35.52,20.7,135.0,0.213,21.0,15.56,9.0,6.67,0.5760000000000001,0.08199999999999999,21.67,10.83,15.21,26.04,28.03,16.15,277.0,0.271,78.0,28.16,16.0,5.78,0.8260000000000001,0.237,28.77,14.19,17.3,31.49,29.39,19.31
746220,2024-06-08,2024,673237,R,656288,R,single,False,False,163.0,0.247,26.0,15.95,5.0,3.07,0.668,0.15600000000000003,21.81,12.41,10.99,23.4,41.59,16.67,274.0,0.307,47.0,17.15,7.0,2.55,0.931,0.292,24.58,14.19,11.31,25.51,43.08,17.42,135.0,0.213,21.0,15.56,9.0,6.67,0.5760000000000001,0.08199999999999999,21.67,10.83,15.21,26.04,28.03,16.15,277.0,0.271,78.0,28.16,16.0,5.78,0.8260000000000001,0.237,28.77,14.19,17.3,31.49,29.39,19.31
746220,2024-06-08,2024,676694,R,656288,R,field_out,False,False,128.0,0.28,29.0,22.66,7.0,5.47,0.757,0.15199999999999997,32.38,15.7,16.17,31.87,31.22,23.77,263.0,0.218,69.0,26.24,18.0,6.84,0.6459999999999999,0.146,25.89,12.2,16.27,28.47,24.49,21.12,135.0,0.213,21.0,15.56,9.0,6.67,0.5760000000000001,0.08199999999999999,21.67,10.83,15.21,26.04,28.03,16.15,277.0,0.271,78.0,28.16,16.0,5.78,0.8260000000000001,0.237,28.77,14.19,17.3,31.49,29.39,19.31
746220,2024-06-08,2024,694384,L,664285,L,field_out,False,False,48.0,0.205,8.0,16.67,5.0,10.42,0.657,0.154,10.94,4.09,22.22,26.32,15.85,19.05,29.0,0.217,4.0,13.79,6.0,20.69,0.64,0.044,12.5,4.55,21.82,26.36,21.05,15.38,31.0,0.321,6.0,19.35,2.0,6.45,0.887,0.179,15.91,6.31,21.62,27.93,18.18,20.0,142.0,0.22,45.0,31.69,14.0,9.86,0.7070000000000001,0.178,30.62,13.86,16.14,30.0,31.17,27.44
746220,2024-06-08,2024,650859,R,664285,L,field_out,False,False,41.0,0.436,7.0,17.07,2.0,4.88,1.104,0.20500000000000002,26.74,16.43,7.86,24.29,45.95,15.22,124.0,0.324,22.0,17.74,10.0,8.06,0.928,0.217,25.43,13.56,9.89,23.45,30.28,18.64,223.0,0.23,44.0,19.73,16.0,7.17,0.633,0.11000000000000001,26.87,12.19,17.34,29.52,28.0,20.37,666.0,0.23,155.0,23.27,43.0,6.46,0.645,0.1289999999999999,25.9,12.29,16.56,28.85,28.37,25.66
746220,2024-06-08,2024,621493,R,664285,L,field_out,False,False,55.0,0.347,12.0,21.82,5.0,9.09,0.869,0.122,25.0,10.23,22.79,33.02,23.08,22.22,116.0,0.303,19.0,16.38,12.0,10.34,0.896,0.222,15.0,6.62,15.67,22.3,23.32,14.73,223.0,0.23,44.0,19.73,16.0,7.17,0.633,0.11000000000000001,26.87,12.19,17.34,29.52,28.0,20.37,666.0,0.23,155.0,23.27,43.0,6.46,0.645,0.1289999999999999,25.9,12.29,16.56,28.85,28.37,25.66
746220,2024-06-08,2024,605170,L,656288,R,field_out,False,False,81.0,0.211,11.0,13.58,5.0,6.17,0.698,0.212,19.05,8.92,17.84,26.77,24.8,19.64,168.0,0.262,33.0,19.64,15.0,8.93,0.745,0.1539999999999999,19.57,9.05,17.76,26.8,23.55,20.0,169.0,0.301,26.0,15.38,17.0,10.06,0.926,0.25400000000000006,22.93,10.88,14.65,25.53,31.13,15.66,259.0,0.217,61.0,23.55,20.0,7.72,0.6319999999999999,0.1279999999999999,29.4,13.84,16.18,30.02,28.54,20.4
746220,2024-06-08,2024,547989,R,656288,R,strikeout,True,False,77.0,0.137,21.0,27.27,2.0,2.6,0.388,0.08199999999999999,31.45,16.29,18.57,34.85,37.09,20.19,416.0,0.238,94.0,22.6,27.0,6.49,0.653,0.119,29.38,14.86,16.49,31.35,37.27,18.69,135.0,0.213,21.0,15.56,9.0,6.67,0.5760000000000001,0.08199999999999999,21.67,10.83,15.21,26.04,28.03,16.15,277.0,0.271,78.0,28.16,16.0,5.78,0.8260000000000001,0.237,28.77,14.19,17.3,31.49,29.39,19.31
746220,2024-06-08,2024,663550,L,656288,R,field_out,False,False,19.0,0.263,4.0,21.05,0.0,0.0,0.737,0.21099999999999997,26.32,14.29,11.43,25.71,30.3,18.18,52.0,0.22,24.0,46.15,1.0,1.92,0.5710000000000001,0.12,50.0,32.99,6.09,39.09,46.53,37.5,169.0,0.301,26.0,15.38,17.0,10.06,0.926,0.25400000000000006,22.93,10.88,14.65,25.53,31.13,15.66,259.0,0.217,61.0,23.55,20.0,7.72,0.6319999999999999,0.1279999999999999,29.4,13.84,16.18,30.02,28.54,20.4
746220,2024-06-08,2024,607680,R,664285,L,home_run,False,False,50.0,0.413,8.0,16.0,3.0,6.0,1.221,0.34800000000000003,23.71,11.62,13.64,25.25,33.33,14.81,111.0,0.25,28.0,25.23,2.0,1.8,0.733,0.2219999999999999,28.46,16.17,12.7,28.87,40.87,21.05,223.0,0.23,44.0,19.73,16.0,7.17,0.633,0.11000000000000001,26.87,12.19,17.34,29.52,28.0,20.37,666.0,0.23,155.0,23.27,43.0,6.46,0.645,0.1289999999999999,25.9,12.29,16.56,28.85,28.37,25.66
746220,2024-06-08,2024,681351,R,664285,L,double,False,False,51.0,0.229,14.0,27.45,3.0,5.88,0.671,0.167,26.47,12.92,15.79,28.71,28.3,19.72,46.0,0.293,10.0,21.74,5.0,10.87,0.931,0.268,32.47,14.79,15.38,30.18,27.27,22.73,223.0,0.23,44.0,19.73,16.0,7.17,0.633,0.11000000000000001,26.87,12.19,17.34,29.52,28.0,20.37,666.0,0.23,155.0,23.27,43.0,6.46,0.645,0.1289999999999999,25.9,12.29,16.56,28.85,28.37,25.66
746220,2024-06-08,2024,666176,R,664285,L,field_out,False,False,47.0,0.273,9.0,19.15,3.0,6.38,1.092,0.5,34.26,18.23,8.87,27.09,31.86,13.43,19.0,0.211,7.0,36.84,0.0,0.0,0.6849999999999999,0.263,34.09,18.29,13.41,31.71,34.21,21.88,223.0,0.23,44.0,19.73,16.0,7.17,0.633,0.11000000000000001,26.87,12.19,17.34,29.52,28.0,20.37,666.0,0.23,155.0,23.27,43.0,6.46,0.645,0.1289999999999999,25.9,12.29,16.56,28.85,28.37,25.66
746220,2024-06-08,2024,687263,R,664285,L,field_out,False,False,41.0,0.425,9.0,21.95,1.0,2.44,1.014,0.14999999999999997,24.72,14.01,13.38,27.39,38.89,16.67,67.0,0.237,15.0,22.39,2.0,2.99,0.786,0.221,28.57,13.88,15.92,29.8,31.5,25.42,223.0,0.23,44.0,19.73,16.0,7.17,0.633,0.11000000000000001,26.87,12.19,17.34,29.52,28.0,20.37,666.0,0.23,155.0,23.27,43.0,6.46,0.645,0.1289999999999999,25.9,12.29,16.56,28.85,28.37,25.66
746220,2024-06-08,2024,657061,R,664285,L,strikeout,True,False,22.0,0.05,8.0,36.36,2.0,9.09,0.186,0.0,34.69,16.19,12.38,28.57,22.22,24.24,6.0,0.8,1.0,16.67,1.0,16.67,1.633,0.0,28.57,8.7,26.09,34.78,10.0,16.67,223.0,0.23,44.0,19.73,16.0,7.17,0.633,0.11000000000000001,26.87,12.19,17.34,29.52,28.0,20.37,666.0,0.23,155.0,23.27,43.0,6.46,0.645,0.1289999999999999,25.9,12.29,16.56,28.85,28.37,25.66
746220,2024-06-08,2024,514888,R,656288,R,field_out,False,False,207.0,0.295,39.0,18.84,13.0,6.28,0.799,0.16100000000000003,19.32,9.88,16.82,26.7,37.73,18.14,297.0,0.322,55.0,18.52,32.0,10.77,0.941,0.218,19.43,8.47,19.0,27.48,31.81,17.74,135.0,0.213,21.0,15.56,9.0,6.67,0.5760000000000001,0.08199999999999999,21.67,10.83,15.21,26.04,28.03,16.15,277.0,0.271,78.0,28.16,16.0,5.78,0.8260000000000001,0.237,28.77,14.19,17.3,31.49,29.39,19.31
746220,2024-06-08,2024,608324,R,656288,R,field_out,False,False,177.0,0.259,31.0,17.51,16.0,9.04,0.777,0.19,14.47,6.43,19.57,26.0,23.56,14.49,508.0,0.282,67.0,13.19,65.0,12.8,0.8500000000000001,0.186,14.53,5.58,19.65,25.23,16.96,12.88,135.0,0.213,21.0,15.56,9.0,6.67,0.5760000000000001,0.08199999999999999,21.67,10.83,15.21,26.04,28.03,16.15,277.0,0.271,78.0,28.16,16.0,5.78,0.8260000000000001,0.237,28.77,14.19,17.3,31.49,29.39,19.31
746220,2024-06-08,2024,670541,L,656288,R,walk,False,True,179.0,0.269,24.0,13.41,20.0,11.17,0.858,0.23099999999999998,19.33,8.79,16.36,25.15,30.28,13.48,322.0,0.292,55.0,17.08,49.0,15.22,1.044,0.333,21.1,8.88,15.37,24.25,23.99,15.32,169.0,0.301,26.0,15.38,17.0,10.06,0.926,0.25400000000000006,22.93,10.88,14.65,25.53,31.13,15.66,259.0,0.217,61.0,23.55,20.0,7.72,0.6319999999999999,0.1279999999999999,29.4,13.84,16.18,30.02,28.54,20.4
746220,2024-06-08,2024,665161,R,656288,R,field_out,False,False,192.0,0.292,35.0,18.23,8.0,4.17,0.698,0.07300000000000001,24.93,13.06,14.95,28.01,35.75,16.43,461.0,0.239,107.0,23.21,34.0,7.38,0.655,0.1089999999999999,30.36,15.5,13.92,29.42,35.52,20.7,135.0,0.213,21.0,15.56,9.0,6.67,0.5760000000000001,0.08199999999999999,21.67,10.83,15.21,26.04,28.03,16.15,277.0,0.271,78.0,28.16,16.0,5.78,0.8260000000000001,0.237,28.77,14.19,17.3,31.49,29.39,19.31
746220,2024-06-08,2024,677347,R,664285,L,field_out,False,False,26.0,0.08,6.0,23.08,1.0,3.85,0.235,0.039999999999999994,25.93,13.46,10.58,24.04,22.92,17.65,13.0,0.091,4.0,30.77,1.0,7.69,0.322,0.0,35.71,19.23,11.54,30.77,13.04,21.05,223.0,0.23,44.0,19.73,16.0,7.17,0.633,0.11000000000000001,26.87,12.19,17.34,29.52,28.0,20.37,666.0,0.23,155.0,23.27,43.0,6.46,0.645,0.1289999999999999,25.9,12.29,16.56,28.85,28.37,25.66
746220,2024-06-08,2024,694384,L,664285,L,strikeout,True,False,48.0,0.205,8.0,16.67,5.0,10.42,0.657,0.154,10.94,4.09,22.22,26.32,15.85,19.05,29.0,0.217,4.0,13.79,6.0,20.69,0.64,0.044,12.5,4.55,21.82,26.36,21.05,15.38,31.0,0.321,6.0,19.35,2.0,6.45,0.887,0.179,15.91,6.31,21.62,27.93,18.18,20.0,142.0,0.22,45.0,31.69,14.0,9.86,0.7070000000000001,0.178,30.62,13.86,16.14,30.0,31.17,27.44
746220,2024-06-08,2024,650859,R,664285,L,strikeout,True,False,41.0,0.436,7.0,17.07,2.0,4.88,1.104,0.20500000000000002,26.74,16.43,7.86,24.29,45.95,15.22,124.0,0.324,22.0,17.74,10.0,8.06,0.928,0.217,25.43,13.56,9.89,23.45,30.28,18.64,223.0,0.23,44.0,19.73,16.0,7.17,0.633,0.11000000000000001,26.87,12.19,17.34,29.52,28.0,20.37,666.0,0.23,155.0,23.27,43.0,6.46,0.645,0.1289999999999999,25.9,12.29,16.56,28.85,28.37,25.66
746220,2024-06-08,2024,673237,R,656288,R,field_out,False,False,163.0,0.247,26.0,15.95,5.0,3.07,0.668,0.15600000000000003,21.81,12.41,10.99,23.4,41.59,16.67,274.0,0.307,47.0,17.15,7.0,2.55,0.931,0.292,24.58,14.19,11.31,25.51,43.08,17.42,135.0,0.213,21.0,15.56,9.0,6.67,0.5760000000000001,0.08199999999999999,21.67,10.83,15.21,26.04,28.03,16.15,277.0,0.271,78.0,28.16,16.0,5.78,0.8260000000000001,0.237,28.77,14.19,17.3,31.49,29.39,19.31
746220,2024-06-08,2024,676694,R,656288,R,field_out,False,False,128.0,0.28,29.0,22.66,7.0,5.47,0.757,0.15199999999999997,32.38,15.7,16.17,31.87,31.22,23.77,263.0,0.218,69.0,26.24,18.0,6.84,0.6459999999999999,0.146,25.89,12.2,16.27,28.47,24.49,21.12,135.0,0.213,21.0,15.56,9.0,6.67,0.5760000000000001,0.08199999999999999,21.67,10.83,15.21,26.04,28.03,16.15,277.0,0.271,78.0,28.16,16.0,5.78,0.8260000000000001,0.237,28.77,14.19,17.3,31.49,29.39,19.31
746220,2024-06-08,2024,605170,L,656288,R,walk,False,True,81.0,0.211,11.0,13.58,5.0,6.17,0.698,0.212,19.05,8.92,17.84,26.77,24.8,19.64,168.0,0.262,33.0,19.64,15.0,8.93,0.745,0.1539999999999999,19.57,9.05,17.76,26.8,23.55,20.0,169.0,0.301,26.0,15.38,17.0,10.06,0.926,0.25400000000000006,22.93,10.88,14.65,25.53,31.13,15.66,259.0,0.217,61.0,23.55,20.0,7.72,0.6319999999999999,0.1279999999999999,29.4,13.84,16.18,30.02,28.54,20.4
746220,2024-06-08,2024,547989,R,656288,R,field_out,False,False,77.0,0.137,21.0,27.27,2.0,2.6,0.388,0.08199999999999999,31.45,16.29,18.57,34.85,37.09,20.19,416.0,0.238,94.0,22.6,27.0,6.49,0.653,0.119,29.38,14.86,16.49,31.35,37.27,18.69,135.0,0.213,21.0,15.56,9.0,6.67,0.5760000000000001,0.08199999999999999,21.67,10.83,15.21,26.04,28.03,16.15,277.0,0.271,78.0,28.16,16.0,5.78,0.8260000000000001,0.237,28.77,14.19,17.3,31.49,29.39,19.31
746220,2024-06-08,2024,621493,R,664285,L,single,False,False,55.0,0.347,12.0,21.82,5.0,9.09,0.869,0.122,25.0,10.23,22.79,33.02,23.08,22.22,116.0,0.303,19.0,16.38,12.0,10.34,0.896,0.222,15.0,6.62,15.67,22.3,23.32,14.73,223.0,0.23,44.0,19.73,16.0,7.17,0.633,0.11000000000000001,26.87,12.19,17.34,29.52,28.0,20.37,666.0,0.23,155.0,23.27,43.0,6.46,0.645,0.1289999999999999,25.9,12.29,16.56,28.85,28.37,25.66
746220,2024-06-08,2024,607680,R,664285,L,field_out,False,False,50.0,0.413,8.0,16.0,3.0,6.0,1.221,0.34800000000000003,23.71,11.62,13.64,25.25,33.33,14.81,111.0,0.25,28.0,25.23,2.0,1.8,0.733,0.2219999999999999,28.46,16.17,12.7,28.87,40.87,21.05,223.0,0.23,44.0,19.73,16.0,7.17,0.633,0.11000000000000001,26.87,12.19,17.34,29.52,28.0,20.37,666.0,0.23,155.0,23.27,43.0,6.46,0.645,0.1289999999999999,25.9,12.29,16.56,28.85,28.37,25.66
746220,2024-06-08,2024,681351,R,664285,L,grounded_into_double_play,False,False,51.0,0.229,14.0,27.45,3.0,5.88,0.671,0.167,26.47,12.92,15.79,28.71,28.3,19.72,46.0,0.293,10.0,21.74,5.0,10.87,0.931,0.268,32.47,14.79,15.38,30.18,27.27,22.73,223.0,0.23,44.0,19.73,16.0,7.17,0.633,0.11000000000000001,26.87,12.19,17.34,29.52,28.0,20.37,666.0,0.23,155.0,23.27,43.0,6.46,0.645,0.1289999999999999,25.9,12.29,16.56,28.85,28.37,25.66
746220,2024-06-08,2024,663550,L,656288,R,field_out,False,False,19.0,0.263,4.0,21.05,0.0,0.0,0.737,0.21099999999999997,26.32,14.29,11.43,25.71,30.3,18.18,52.0,0.22,24.0,46.15,1.0,1.92,0.5710000000000001,0.12,50.0,32.99,6.09,39.09,46.53,37.5,169.0,0.301,26.0,15.38,17.0,10.06,0.926,0.25400000000000006,22.93,10.88,14.65,25.53,31.13,15.66,259.0,0.217,61.0,23.55,20.0,7.72,0.6319999999999999,0.1279999999999999,29.4,13.84,16.18,30.02,28.54,20.4
746220,2024-06-08,2024,514888,R,656288,R,field_out,False,False,207.0,0.295,39.0,18.84,13.0,6.28,0.799,0.16100000000000003,19.32,9.88,16.82,26.7,37.73,18.14,297.0,0.322,55.0,18.52,32.0,10.77,0.941,0.218,19.43,8.47,19.0,27.48,31.81,17.74,135.0,0.213,21.0,15.56,9.0,6.67,0.5760000000000001,0.08199999999999999,21.67,10.83,15.21,26.04,28.03,16.15,277.0,0.271,78.0,28.16,16.0,5.78,0.8260000000000001,0.237,28.77,14.19,17.3,31.49,29.39,19.31
746220,2024-06-08,2024,608324,R,656288,R,single,False,False,177.0,0.259,31.0,17.51,16.0,9.04,0.777,0.19,14.47,6.43,19.57,26.0,23.56,14.49,508.0,0.282,67.0,13.19,65.0,12.8,0.8500000000000001,0.186,14.53,5.58,19.65,25.23,16.96,12.88,135.0,0.213,21.0,15.56,9.0,6.67,0.5760000000000001,0.08199999999999999,21.67,10.83,15.21,26.04,28.03,16.15,277.0,0.271,78.0,28.16,16.0,5.78,0.8260000000000001,0.237,28.77,14.19,17.3,31.49,29.39,19.31
746220,2024-06-08,2024,670541,L,656288,R,field_out,False,False,179.0,0.269,24.0,13.41,20.0,11.17,0.858,0.23099999999999998,19.33,8.79,16.36,25.15,30.28,13.48,322.0,0.292,55.0,17.08,49.0,15.22,1.044,0.333,21.1,8.88,15.37,24.25,23.99,15.32,169.0,0.301,26.0,15.38,17.0,10.06,0.926,0.25400000000000006,22.93,10.88,14.65,25.53,31.13,15.66,259.0,0.217,61.0,23.55,20.0,7.72,0.6319999999999999,0.1279999999999999,29.4,13.84,16.18,30.02,28.54,20.4
746220,2024-06-08,2024,666176,R,664285,L,field_out,False,False,47.0,0.273,9.0,19.15,3.0,6.38,1.092,0.5,34.26,18.23,8.87,27.09,31.86,13.43,19.0,0.211,7.0,36.84,0.0,0.0,0.6849999999999999,0.263,34.09,18.29,13.41,31.71,34.21,21.88,223.0,0.23,44.0,19.73,16.0,7.17,0.633,0.11000000000000001,26.87,12.19,17.34,29.52,28.0,20.37,666.0,0.23,155.0,23.27,43.0,6.46,0.645,0.1289999999999999,25.9,12.29,16.56,28.85,28.37,25.66
746220,2024-06-08,2024,687263,R,664285,L,field_out,False,False,41.0,0.425,9.0,21.95,1.0,2.44,1.014,0.14999999999999997,24.72,14.01,13.38,27.39,38.89,16.67,67.0,0.237,15.0,22.39,2.0,2.99,0.786,0.221,28.57,13.88,15.92,29.8,31.5,25.42,223.0,0.23,44.0,19.73,16.0,7.17,0.633,0.11000000000000001,26.87,12.19,17.34,29.52,28.0,20.37,666.0,0.23,155.0,23.27,43.0,6.46,0.645,0.1289999999999999,25.9,12.29,16.56,28.85,28.37,25.66
746220,2024-06-08,2024,657061,R,664285,L,strikeout,True,False,22.0,0.05,8.0,36.36,2.0,9.09,0.186,0.0,34.69,16.19,12.38,28.57,22.22,24.24,6.0,0.8,1.0,16.67,1.0,16.67,1.633,0.0,28.57,8.7,26.09,34.78,10.0,16.67,223.0,0.23,44.0,19.73,16.0,7.17,0.633,0.11000000000000001,26.87,12.19,17.34,29.52,28.0,20.37,666.0,0.23,155.0,23.27,43.0,6.46,0.645,0.1289999999999999,25.9,12.29,16.56,28.85,28.37,25.66
746220,2024-06-08,2024,665161,R,656288,R,field_out,False,False,192.0,0.292,35.0,18.23,8.0,4.17,0.698,0.07300000000000001,24.93,13.06,14.95,28.01,35.75,16.43,461.0,0.239,107.0,23.21,34.0,7.38,0.655,0.1089999999999999,30.36,15.5,13.92,29.42,35.52,20.7,135.0,0.213,21.0,15.56,9.0,6.67,0.5760000000000001,0.08199999999999999,21.67,10.83,15.21,26.04,28.03,16.15,277.0,0.271,78.0,28.16,16.0,5.78,0.8260000000000001,0.237,28.77,14.19,17.3,31.49,29.39,19.31
746220,2024-06-08,2024,673237,R,656288,R,single,False,False,163.0,0.247,26.0,15.95,5.0,3.07,0.668,0.15600000000000003,21.81,12.41,10.99,23.4,41.59,16.67,274.0,0.307,47.0,17.15,7.0,2.55,0.931,0.292,24.58,14.19,11.31,25.51,43.08,17.42,135.0,0.213,21.0,15.56,9.0,6.67,0.5760000000000001,0.08199999999999999,21.67,10.83,15.21,26.04,28.03,16.15,277.0,0.271,78.0,28.16,16.0,5.78,0.8260000000000001,0.237,28.77,14.19,17.3,31.49,29.39,19.31
746220,2024-06-08,2024,676694,R,656288,R,field_out,False,False,128.0,0.28,29.0,22.66,7.0,5.47,0.757,0.15199999999999997,32.38,15.7,16.17,31.87,31.22,23.77,263.0,0.218,69.0,26.24,18.0,6.84,0.6459999999999999,0.146,25.89,12.2,16.27,28.47,24.49,21.12,135.0,0.213,21.0,15.56,9.0,6.67,0.5760000000000001,0.08199999999999999,21.67,10.83,15.21,26.04,28.03,16.15,277.0,0.271,78.0,28.16,16.0,5.78,0.8260000000000001,0.237,28.77,14.19,17.3,31.49,29.39,19.31
746220,2024-06-08,2024,605170,L,656288,R,field_out,False,False,81.0,0.211,11.0,13.58,5.0,6.17,0.698,0.212,19.05,8.92,17.84,26.77,24.8,19.64,168.0,0.262,33.0,19.64,15.0,8.93,0.745,0.1539999999999999,19.57,9.05,17.76,26.8,23.55,20.0,169.0,0.301,26.0,15.38,17.0,10.06,0.926,0.25400000000000006,22.93,10.88,14.65,25.53,31.13,15.66,259.0,0.217,61.0,23.55,20.0,7.72,0.6319999999999999,0.1279999999999999,29.4,13.84,16.18,30.02,28.54,20.4
746220,2024-06-08,2024,677347,R,664285,L,field_out,False,False,26.0,0.08,6.0,23.08,1.0,3.85,0.235,0.039999999999999994,25.93,13.46,10.58,24.04,22.92,17.65,13.0,0.091,4.0,30.77,1.0,7.69,0.322,0.0,35.71,19.23,11.54,30.77,13.04,21.05,223.0,0.23,44.0,19.73,16.0,7.17,0.633,0.11000000000000001,26.87,12.19,17.34,29.52,28.0,20.37,666.0,0.23,155.0,23.27,43.0,6.46,0.645,0.1289999999999999,25.9,12.29,16.56,28.85,28.37,25.66
746220,2024-06-08,2024,694384,L,664285,L,field_out,False,False,48.0,0.205,8.0,16.67,5.0,10.42,0.657,0.154,10.94,4.09,22.22,26.32,15.85,19.05,29.0,0.217,4.0,13.79,6.0,20.69,0.64,0.044,12.5,4.55,21.82,26.36,21.05,15.38,31.0,0.321,6.0,19.35,2.0,6.45,0.887,0.179,15.91,6.31,21.62,27.93,18.18,20.0,142.0,0.22,45.0,31.69,14.0,9.86,0.7070000000000001,0.178,30.62,13.86,16.14,30.0,31.17,27.44
746220,2024-06-08,2024,650859,R,664285,L,strikeout,True,False,41.0,0.436,7.0,17.07,2.0,4.88,1.104,0.20500000000000002,26.74,16.43,7.86,24.29,45.95,15.22,124.0,0.324,22.0,17.74,10.0,8.06,0.928,0.217,25.43,13.56,9.89,23.45,30.28,18.64,223.0,0.23,44.0,19.73,16.0,7.17,0.633,0.11000000000000001,26.87,12.19,17.34,29.52,28.0,20.37,666.0,0.23,155.0,23.27,43.0,6.46,0.645,0.1289999999999999,25.9,12.29,16.56,28.85,28.37,25.66
746220,2024-06-08,2024,547989,R,656288,R,field_out,False,False,77.0,0.137,21.0,27.27,2.0,2.6,0.388,0.08199999999999999,31.45,16.29,18.57,34.85,37.09,20.19,416.0,0.238,94.0,22.6,27.0,6.49,0.653,0.119,29.38,14.86,16.49,31.35,37.27,18.69,135.0,0.213,21.0,15.56,9.0,6.67,0.5760000000000001,0.08199999999999999,21.67,10.83,15.21,26.04,28.03,16.15,277.0,0.271,78.0,28.16,16.0,5.78,0.8260000000000001,0.237,28.77,14.19,17.3,31.49,29.39,19.31
746220,2024-06-08,2024,663550,L,656288,R,single,False,False,19.0,0.263,4.0,21.05,0.0,0.0,0.737,0.21099999999999997,26.32,14.29,11.43,25.71,30.3,18.18,52.0,0.22,24.0,46.15,1.0,1.92,0.5710000000000001,0.12,50.0,32.99,6.09,39.09,46.53,37.5,169.0,0.301,26.0,15.38,17.0,10.06,0.926,0.25400000000000006,22.93,10.88,14.65,25.53,31.13,15.66,259.0,0.217,61.0,23.55,20.0,7.72,0.6319999999999999,0.1279999999999999,29.4,13.84,16.18,30.02,28.54,20.4
746220,2024-06-08,2024,514888,R,656288,R,single,False,False,207.0,0.295,39.0,18.84,13.0,6.28,0.799,0.16100000000000003,19.32,9.88,16.82,26.7,37.73,18.14,297.0,0.322,55.0,18.52,32.0,10.77,0.941,0.218,19.43,8.47,19.0,27.48,31.81,17.74,135.0,0.213,21.0,15.56,9.0,6.67,0.5760000000000001,0.08199999999999999,21.67,10.83,15.21,26.04,28.03,16.15,277.0,0.271,78.0,28.16,16.0,5.78,0.8260000000000001,0.237,28.77,14.19,17.3,31.49,29.39,19.31
746220,2024-06-08,2024,608324,R,519326,R,walk,False,True,177.0,0.259,31.0,17.51,16.0,9.04,0.777,0.19,14.47,6.43,19.57,26.0,23.56,14.49,508.0,0.282,67.0,13.19,65.0,12.8,0.8500000000000001,0.186,14.53,5.58,19.65,25.23,16.96,12.88,70.0,0.194,16.0,22.86,3.0,4.29,0.5720000000000001,0.14900000000000002,24.44,12.13,15.44,27.57,28.45,18.82,,,,,,,,,,,,,,
746220,2024-06-08,2024,670541,L,519326,R,double,False,False,179.0,0.269,24.0,13.41,20.0,11.17,0.858,0.23099999999999998,19.33,8.79,16.36,25.15,30.28,13.48,322.0,0.292,55.0,17.08,49.0,15.22,1.044,0.333,21.1,8.88,15.37,24.25,23.99,15.32,32.0,0.172,5.0,15.62,3.0,9.38,0.526,0.10400000000000004,14.55,5.93,20.74,26.67,17.91,15.62,,,,,,,,,,,,,,
746220,2024-06-08,2024,665161,R,519326,R,field_out,False,False,192.0,0.292,35.0,18.23,8.0,4.17,0.698,0.07300000000000001,24.93,13.06,14.95,28.01,35.75,16.43,461.0,0.239,107.0,23.21,34.0,7.38,0.655,0.1089999999999999,30.36,15.5,13.92,29.42,35.52,20.7,70.0,0.194,16.0,22.86,3.0,4.29,0.5720000000000001,0.14900000000000002,24.44,12.13,15.44,27.57,28.45,18.82,,,,,,,,,,,,,,
746220,2024-06-08,2024,673237,R,519326,R,home_run,False,False,163.0,0.247,26.0,15.95,5.0,3.07,0.668,0.15600000000000003,21.81,12.41,10.99,23.4,41.59,16.67,274.0,0.307,47.0,17.15,7.0,2.55,0.931,0.292,24.58,14.19,11.31,25.51,43.08,17.42,70.0,0.194,16.0,22.86,3.0,4.29,0.5720000000000001,0.14900000000000002,24.44,12.13,15.44,27.57,28.45,18.82,,,,,,,,,,,,,,
746220,2024-06-08,2024,676694,R,519326,R,field_out,False,False,128.0,0.28,29.0,22.66,7.0,5.47,0.757,0.15199999999999997,32.38,15.7,16.17,31.87,31.22,23.77,263.0,0.218,69.0,26.24,18.0,6.84,0.6459999999999999,0.146,25.89,12.2,16.27,28.47,24.49,21.12,70.0,0.194,16.0,22.86,3.0,4.29,0.5720000000000001,0.14900000000000002,24.44,12.13,15.44,27.57,28.45,18.82,,,,,,,,,,,,,,
746220,2024-06-08,2024,621493,R,664285,L,field_out,False,False,55.0,0.347,12.0,21.82,5.0,9.09,0.869,0.122,25.0,10.23,22.79,33.02,23.08,22.22,116.0,0.303,19.0,16.38,12.0,10.34,0.896,0.222,15.0,6.62,15.67,22.3,23.32,14.73,223.0,0.23,44.0,19.73,16.0,7.17,0.633,0.11000000000000001,26.87,12.19,17.34,29.52,28.0,20.37,666.0,0.23,155.0,23.27,43.0,6.46,0.645,0.1289999999999999,25.9,12.29,16.56,28.85,28.37,25.66
746220,2024-06-08,2024,607680,R,664285,L,single,False,False,50.0,0.413,8.0,16.0,3.0,6.0,1.221,0.34800000000000003,23.71,11.62,13.64,25.25,33.33,14.81,111.0,0.25,28.0,25.23,2.0,1.8,0.733,0.2219999999999999,28.46,16.17,12.7,28.87,40.87,21.05,223.0,0.23,44.0,19.73,16.0,7.17,0.633,0.11000000000000001,26.87,12.19,17.34,29.52,28.0,20.37,666.0,0.23,155.0,23.27,43.0,6.46,0.645,0.1289999999999999,25.9,12.29,16.56,28.85,28.37,25.66
746220,2024-06-08,2024,681351,R,664285,L,strikeout,True,False,51.0,0.229,14.0,27.45,3.0,5.88,0.671,0.167,26.47,12.92,15.79,28.71,28.3,19.72,46.0,0.293,10.0,21.74,5.0,10.87,0.931,0.268,32.47,14.79,15.38,30.18,27.27,22.73,223.0,0.23,44.0,19.73,16.0,7.17,0.633,0.11000000000000001,26.87,12.19,17.34,29.52,28.0,20.37,666.0,0.23,155.0,23.27,43.0,6.46,0.645,0.1289999999999999,25.9,12.29,16.56,28.85,28.37,25.66
746220,2024-06-08,2024,666176,R,664285,L,field_out,False,False,47.0,0.273,9.0,19.15,3.0,6.38,1.092,0.5,34.26,18.23,8.87,27.09,31.86,13.43,19.0,0.211,7.0,36.84,0.0,0.0,0.6849999999999999,0.263,34.09,18.29,13.41,31.71,34.21,21.88,223.0,0.23,44.0,19.73,16.0,7.17,0.633,0.11000000000000001,26.87,12.19,17.34,29.52,28.0,20.37,666.0,0.23,155.0,23.27,43.0,6.46,0.645,0.1289999999999999,25.9,12.29,16.56,28.85,28.37,25.66
746220,2024-06-08,2024,605170,L,672710,R,field_out,False,False,81.0,0.211,11.0,13.58,5.0,6.17,0.698,0.212,19.05,8.92,17.84,26.77,24.8,19.64,168.0,0.262,33.0,19.64,15.0,8.93,0.745,0.1539999999999999,19.57,9.05,17.76,26.8,23.55,20.0,43.0,0.25,7.0,16.28,3.0,6.98,0.602,0.04999999999999999,19.44,8.28,17.16,25.44,21.95,16.67,142.0,0.302,17.0,11.97,13.0,9.15,0.893,0.222,20.48,9.98,15.26,25.24,29.01,11.68
746220,2024-06-08,2024,547989,R,672710,R,home_run,False,False,77.0,0.137,21.0,27.27,2.0,2.6,0.388,0.08199999999999999,31.45,16.29,18.57,34.85,37.09,20.19,416.0,0.238,94.0,22.6,27.0,6.49,0.653,0.119,29.38,14.86,16.49,31.35,37.27,18.69,62.0,0.25,16.0,25.81,8.0,12.9,0.88,0.269,26.32,13.76,11.01,24.77,28.71,25.0,160.0,0.264,38.0,23.75,19.0,11.88,0.766,0.1499999999999999,31.71,14.33,18.27,32.6,29.6,19.69
746220,2024-06-08,2024,663550,L,672710,R,strikeout,True,False,19.0,0.263,4.0,21.05,0.0,0.0,0.737,0.21099999999999997,26.32,14.29,11.43,25.71,30.3,18.18,52.0,0.22,24.0,46.15,1.0,1.92,0.5710000000000001,0.12,50.0,32.99,6.09,39.09,46.53,37.5,43.0,0.25,7.0,16.28,3.0,6.98,0.602,0.04999999999999999,19.44,8.28,17.16,25.44,21.95,16.67,142.0,0.302,17.0,11.97,13.0,9.15,0.893,0.222,20.48,9.98,15.26,25.24,29.01,11.68
746220,2024-06-08,2024,514888,R,672710,R,strikeout,True,False,207.0,0.295,39.0,18.84,13.0,6.28,0.799,0.16100000000000003,19.32,9.88,16.82,26.7,37.73,18.14,297.0,0.322,55.0,18.52,32.0,10.77,0.941,0.218,19.43,8.47,19.0,27.48,31.81,17.74,62.0,0.25,16.0,25.81,8.0,12.9,0.88,0.269,26.32,13.76,11.01,24.77,28.71,25.0,160.0,0.264,38.0,23.75,19.0,11.88,0.766,0.1499999999999999,31.71,14.33,18.27,32.6,29.6,19.69
746220,2024-06-08,2024,687263,R,664285,L,field_out,False,False,41.0,0.425,9.0,21.95,1.0,2.44,1.014,0.14999999999999997,24.72,14.01,13.38,27.39,38.89,16.67,67.0,0.237,15.0,22.39,2.0,2.99,0.786,0.221,28.57,13.88,15.92,29.8,31.5,25.42,223.0,0.23,44.0,19.73,16.0,7.17,0.633,0.11000000000000001,26.87,12.19,17.34,29.52,28.0,20.37,666.0,0.23,155.0,23.27,43.0,6.46,0.645,0.1289999999999999,25.9,12.29,16.56,28.85,28.37,25.66
746220,2024-06-08,2024,657061,R,664285,L,strikeout,True,False,22.0,0.05,8.0,36.36,2.0,9.09,0.186,0.0,34.69,16.19,12.38,28.57,22.22,24.24,6.0,0.8,1.0,16.67,1.0,16.67,1.633,0.0,28.57,8.7,26.09,34.78,10.0,16.67,223.0,0.23,44.0,19.73,16.0,7.17,0.633,0.11000000000000001,26.87,12.19,17.34,29.52,28.0,20.37,666.0,0.23,155.0,23.27,43.0,6.46,0.645,0.1289999999999999,25.9,12.29,16.56,28.85,28.37,25.66
746220,2024-06-08,2024,677347,R,664285,L,field_out,False,False,26.0,0.08,6.0,23.08,1.0,3.85,0.235,0.039999999999999994,25.93,13.46,10.58,24.04,22.92,17.65,13.0,0.091,4.0,30.77,1.0,7.69,0.322,0.0,35.71,19.23,11.54,30.77,13.04,21.05,223.0,0.23,44.0,19.73,16.0,7.17,0.633,0.11000000000000001,26.87,12.19,17.34,29.52,28.0,20.37,666.0,0.23,155.0,23.27,43.0,6.46,0.645,0.1289999999999999,25.9,12.29,16.56,28.85,28.37,25.66
746220,2024-06-08,2024,608324,R,672710,R,single,False,False,177.0,0.259,31.0,17.51,16.0,9.04,0.777,0.19,14.47,6.43,19.57,26.0,23.56,14.49,508.0,0.282,67.0,13.19,65.0,12.8,0.8500000000000001,0.186,14.53,5.58,19.65,25.23,16.96,12.88,62.0,0.25,16.0,25.81,8.0,12.9,0.88,0.269,26.32,13.76,11.01,24.77,28.71,25.0,160.0,0.264,38.0,23.75,19.0,11.88,0.766,0.1499999999999999,31.71,14.33,18.27,32.6,29.6,19.69
746220,2024-06-08,2024,670541,L,672710,R,field_out,False,False,179.0,0.269,24.0,13.41,20.0,11.17,0.858,0.23099999999999998,19.33,8.79,16.36,25.15,30.28,13.48,322.0,0.292,55.0,17.08,49.0,15.22,1.044,0.333,21.1,8.88,15.37,24.25,23.99,15.32,43.0,0.25,7.0,16.28,3.0,6.98,0.602,0.04999999999999999,19.44,8.28,17.16,25.44,21.95,16.67,142.0,0.302,17.0,11.97,13.0,9.15,0.893,0.222,20.48,9.98,15.26,25.24,29.01,11.68
746220,2024-06-08,2024,665161,R,672710,R,field_out,False,False,192.0,0.292,35.0,18.23,8.0,4.17,0.698,0.07300000000000001,24.93,13.06,14.95,28.01,35.75,16.43,461.0,0.239,107.0,23.21,34.0,7.38,0.655,0.1089999999999999,30.36,15.5,13.92,29.42,35.52,20.7,62.0,0.25,16.0,25.81,8.0,12.9,0.88,0.269,26.32,13.76,11.01,24.77,28.71,25.0,160.0,0.264,38.0,23.75,19.0,11.88,0.766,0.1499999999999999,31.71,14.33,18.27,32.6,29.6,19.69
746220,2024-06-08,2024,673237,R,672710,R,field_out,False,False,163.0,0.247,26.0,15.95,5.0,3.07,0.668,0.15600000000000003,21.81,12.41,10.99,23.4,41.59,16.67,274.0,0.307,47.0,17.15,7.0,2.55,0.931,0.292,24.58,14.19,11.31,25.51,43.08,17.42,62.0,0.25,16.0,25.81,8.0,12.9,0.88,0.269,26.32,13.76,11.01,24.77,28.71,25.0,160.0,0.264,38.0,23.75,19.0,11.88,0.766,0.1499999999999999,31.71,14.33,18.27,32.6,29.6,19.69
746220,2024-06-08,2024,694384,L,664285,L,field_out,False,False,48.0,0.205,8.0,16.67,5.0,10.42,0.657,0.154,10.94,4.09,22.22,26.32,15.85,19.05,29.0,0.217,4.0,13.79,6.0,20.69,0.64,0.044,12.5,4.55,21.82,26.36,21.05,15.38,31.0,0.321,6.0,19.35,2.0,6.45,0.887,0.179,15.91,6.31,21.62,27.93,18.18,20.0,142.0,0.22,45.0,31.69,14.0,9.86,0.7070000000000001,0.178,30.62,13.86,16.14,30.0,31.17,27.44
746220,2024-06-08,2024,650859,R,664285,L,strikeout,True,False,41.0,0.436,7.0,17.07,2.0,4.88,1.104,0.20500000000000002,26.74,16.43,7.86,24.29,45.95,15.22,124.0,0.324,22.0,17.74,10.0,8.06,0.928,0.217,25.43,13.56,9.89,23.45,30.28,18.64,223.0,0.23,44.0,19.73,16.0,7.17,0.633,0.11000000000000001,26.87,12.19,17.34,29.52,28.0,20.37,666.0,0.23,155.0,23.27,43.0,6.46,0.645,0.1289999999999999,25.9,12.29,16.56,28.85,28.37,25.66
746220,2024-06-08,2024,621493,R,664285,L,walk,False,True,55.0,0.347,12.0,21.82,5.0,9.09,0.869,0.122,25.0,10.23,22.79,33.02,23.08,22.22,116.0,0.303,19.0,16.38,12.0,10.34,0.896,0.222,15.0,6.62,15.67,22.3,23.32,14.73,223.0,0.23,44.0,19.73,16.0,7.17,0.633,0.11000000000000001,26.87,12.19,17.34,29.52,28.0,20.37,666.0,0.23,155.0,23.27,43.0,6.46,0.645,0.1289999999999999,25.9,12.29,16.56,28.85,28.37,25.66
746220,2024-06-08,2024,607680,R,664285,L,field_out,False,False,50.0,0.413,8.0,16.0,3.0,6.0,1.221,0.34800000000000003,23.71,11.62,13.64,25.25,33.33,14.81,111.0,0.25,28.0,25.23,2.0,1.8,0.733,0.2219999999999999,28.46,16.17,12.7,28.87,40.87,21.05,223.0,0.23,44.0,19.73,16.0,7.17,0.633,0.11000000000000001,26.87,12.19,17.34,29.52,28.0,20.37,666.0,0.23,155.0,23.27,43.0,6.46,0.645,0.1289999999999999,25.9,12.29,16.56,28.85,28.37,25.66
745406,2024-06-08,2024,682998,L,650633,R,walk,False,True,175.0,0.197,34.0,19.43,21.0,12.0,0.6,0.10599999999999998,21.28,9.49,16.27,25.75,26.18,20.24,472.0,0.286,105.0,22.25,46.0,9.75,0.921,0.266,22.34,10.24,16.27,26.51,28.83,21.92,149.0,0.227,30.0,20.13,15.0,10.07,0.6950000000000001,0.159,26.58,11.31,19.93,31.24,30.0,21.58,182.0,0.179,48.0,26.37,17.0,9.34,0.542,0.099,26.86,11.79,18.61,30.4,25.21,24.87
745406,2024-06-08,2024,606466,L,650633,R,field_out,False,False,175.0,0.245,43.0,24.57,14.0,8.0,0.671,0.123,24.21,11.6,14.61,26.2,26.79,22.11,452.0,0.259,85.0,18.81,54.0,11.95,0.827,0.2199999999999999,20.87,9.03,16.76,25.8,21.17,17.28,149.0,0.227,30.0,20.13,15.0,10.07,0.6950000000000001,0.159,26.58,11.31,19.93,31.24,30.0,21.58,182.0,0.179,48.0,26.37,17.0,9.34,0.542,0.099,26.86,11.79,18.61,30.4,25.21,24.87
745406,2024-06-08,2024,592626,L,650633,R,single,False,False,165.0,0.29,41.0,24.85,18.0,10.91,0.876,0.203,25.32,11.63,17.15,28.78,28.17,20.71,373.0,0.241,74.0,19.84,49.0,13.14,0.786,0.194,24.13,10.89,15.07,25.96,29.36,16.09,149.0,0.227,30.0,20.13,15.0,10.07,0.6950000000000001,0.159,26.58,11.31,19.93,31.24,30.0,21.58,182.0,0.179,48.0,26.37,17.0,9.34,0.542,0.099,26.86,11.79,18.61,30.4,25.21,24.87
745406,2024-06-08,2024,572233,R,650633,R,strikeout,True,False,196.0,0.244,46.0,23.47,25.0,12.76,0.804,0.21300000000000002,26.38,12.64,13.24,25.87,25.51,16.73,497.0,0.259,95.0,19.11,42.0,8.45,0.8009999999999999,0.2129999999999999,26.19,12.83,14.15,26.98,26.84,15.33,163.0,0.204,48.0,29.45,14.0,8.59,0.654,0.17700000000000002,27.13,12.63,18.8,31.42,28.37,18.75,249.0,0.259,79.0,31.73,15.0,6.02,0.708,0.136,31.36,12.93,23.52,36.46,30.93,26.69
745406,2024-06-08,2024,664983,L,650633,R,field_out,False,False,124.0,0.236,24.0,19.35,11.0,8.87,0.6859999999999999,0.122,20.83,9.78,16.3,26.09,26.69,17.14,230.0,0.255,51.0,22.17,17.0,7.39,0.643,0.072,22.4,11.76,13.9,25.65,32.76,19.39,149.0,0.227,30.0,20.13,15.0,10.07,0.6950000000000001,0.159,26.58,11.31,19.93,31.24,30.0,21.58,182.0,0.179,48.0,26.37,17.0,9.34,0.542,0.099,26.86,11.79,18.61,30.4,25.21,24.87
745406,2024-06-08,2024,650333,L,694297,R,strikeout,True,False,169.0,0.377,5.0,2.96,7.0,4.14,0.877,0.09499999999999997,6.8,3.23,19.35,22.58,33.54,3.42,479.0,0.362,17.0,3.55,31.0,6.47,0.891,0.122,6.51,3.2,16.58,19.78,31.29,4.11,168.0,0.288,32.0,19.05,8.0,4.76,0.793,0.18000000000000005,20.21,9.43,18.21,27.64,27.3,18.39,196.0,0.273,43.0,21.94,16.0,8.16,0.867,0.261,23.08,10.53,17.04,27.57,23.51,19.2
745406,2024-06-08,2024,665487,R,694297,R,home_run,False,False,197.0,0.301,37.0,18.78,8.0,4.06,0.857,0.22100000000000003,25.9,14.26,11.68,25.95,31.99,22.29,489.0,0.244,114.0,23.31,37.0,7.57,0.728,0.181,31.62,17.66,8.94,26.61,34.25,23.98,157.0,0.195,44.0,28.03,7.0,4.46,0.585,0.15399999999999997,27.76,14.49,17.45,31.94,32.08,25.29,226.0,0.29,51.0,22.57,10.0,4.42,0.857,0.243,26.58,13.96,15.98,29.94,34.54,19.92
745406,2024-06-08,2024,595777,L,694297,R,home_run,False,False,184.0,0.325,30.0,16.3,23.0,12.5,0.915,0.16899999999999998,16.96,7.72,14.51,22.24,22.72,13.0,375.0,0.229,68.0,18.13,37.0,9.87,0.6559999999999999,0.1159999999999999,21.66,10.43,14.17,24.61,26.12,14.59,168.0,0.288,32.0,19.05,8.0,4.76,0.793,0.18000000000000005,20.21,9.43,18.21,27.64,27.3,18.39,196.0,0.273,43.0,21.94,16.0,8.16,0.867,0.261,23.08,10.53,17.04,27.57,23.51,19.2
745406,2024-06-08,2024,630105,L,694297,R,single,False,False,188.0,0.274,30.0,15.96,16.0,8.51,0.844,0.22599999999999998,17.63,8.09,17.24,25.33,22.8,13.1,367.0,0.23,59.0,16.08,36.0,9.81,0.7,0.154,14.92,6.99,16.69,23.68,24.61,14.08,168.0,0.288,32.0,19.05,8.0,4.76,0.793,0.18000000000000005,20.21,9.43,18.21,27.64,27.3,18.39,196.0,0.273,43.0,21.94,16.0,8.16,0.867,0.261,23.08,10.53,17.04,27.57,23.51,19.2
745406,2024-06-08,2024,456781,R,694297,R,force_out,False,False,29.0,0.308,5.0,17.24,1.0,3.45,0.725,0.03799999999999998,9.8,4.27,23.93,28.21,17.78,12.5,297.0,0.28,68.0,22.9,29.0,9.76,0.766,0.1059999999999999,26.06,12.14,17.61,29.74,28.81,17.48,157.0,0.195,44.0,28.03,7.0,4.46,0.585,0.15399999999999997,27.76,14.49,17.45,31.94,32.08,25.29,226.0,0.29,51.0,22.57,10.0,4.42,0.857,0.243,26.58,13.96,15.98,29.94,34.54,19.92
745406,2024-06-08,2024,444482,L,694297,R,field_out,False,False,29.0,0.154,7.0,24.14,2.0,6.9,0.368,0.0,33.87,19.44,11.11,30.56,40.74,18.18,387.0,0.253,63.0,16.28,19.0,4.91,0.6739999999999999,0.131,22.16,12.01,13.06,25.07,33.57,15.04,168.0,0.288,32.0,19.05,8.0,4.76,0.793,0.18000000000000005,20.21,9.43,18.21,27.64,27.3,18.39,196.0,0.273,43.0,21.94,16.0,8.16,0.867,0.261,23.08,10.53,17.04,27.57,23.51,19.2
745406,2024-06-08,2024,545341,R,650633,R,single,False,False,30.0,0.31,5.0,16.67,1.0,3.33,0.8160000000000001,0.173,22.92,10.28,21.5,31.78,26.92,17.24,338.0,0.244,79.0,23.37,17.0,5.03,0.6950000000000001,0.157,28.73,14.51,15.56,30.06,36.02,21.7,163.0,0.204,48.0,29.45,14.0,8.59,0.654,0.17700000000000002,27.13,12.63,18.8,31.42,28.37,18.75,249.0,0.259,79.0,31.73,15.0,6.02,0.708,0.136,31.36,12.93,23.52,36.46,30.93,26.69
745406,2024-06-08,2024,553993,R,650633,R,strikeout,True,False,177.0,0.191,50.0,28.25,8.0,4.52,0.5760000000000001,0.14200000000000002,30.26,14.81,15.51,30.32,28.08,22.83,537.0,0.227,161.0,29.98,48.0,8.94,0.706,0.167,32.3,14.54,16.91,31.45,23.96,22.87,163.0,0.204,48.0,29.45,14.0,8.59,0.654,0.17700000000000002,27.13,12.63,18.8,31.42,28.37,18.75,249.0,0.259,79.0,31.73,15.0,6.02,0.708,0.136,31.36,12.93,23.52,36.46,30.93,26.69
745406,2024-06-08,2024,672515,R,650633,R,field_out,False,False,111.0,0.237,20.0,18.02,13.0,11.71,0.694,0.124,18.78,7.71,21.88,29.58,21.68,14.49,264.0,0.253,43.0,16.29,24.0,9.09,0.6779999999999999,0.0989999999999999,19.31,7.98,21.75,29.72,25.58,15.58,163.0,0.204,48.0,29.45,14.0,8.59,0.654,0.17700000000000002,27.13,12.63,18.8,31.42,28.37,18.75,249.0,0.259,79.0,31.73,15.0,6.02,0.708,0.136,31.36,12.93,23.52,36.46,30.93,26.69
745406,2024-06-08,2024,677942,R,650633,R,single,False,False,69.0,0.25,17.0,24.64,5.0,7.25,0.632,0.07800000000000001,28.91,14.45,14.45,28.91,34.35,22.97,,,,,,,,,,,,,,,163.0,0.204,48.0,29.45,14.0,8.59,0.654,0.17700000000000002,27.13,12.63,18.8,31.42,28.37,18.75,249.0,0.259,79.0,31.73,15.0,6.02,0.708,0.136,31.36,12.93,23.52,36.46,30.93,26.69
745406,2024-06-08,2024,682998,L,650633,R,field_out,False,False,175.0,0.197,34.0,19.43,21.0,12.0,0.6,0.10599999999999998,21.28,9.49,16.27,25.75,26.18,20.24,472.0,0.286,105.0,22.25,46.0,9.75,0.921,0.266,22.34,10.24,16.27,26.51,28.83,21.92,149.0,0.227,30.0,20.13,15.0,10.07,0.6950000000000001,0.159,26.58,11.31,19.93,31.24,30.0,21.58,182.0,0.179,48.0,26.37,17.0,9.34,0.542,0.099,26.86,11.79,18.61,30.4,25.21,24.87
745406,2024-06-08,2024,701538,L,694297,R,field_out,False,False,157.0,0.295,24.0,15.29,9.0,5.73,0.732,0.10200000000000004,17.1,9.28,13.84,23.12,36.62,13.19,,,,,,,,,,,,,,,168.0,0.288,32.0,19.05,8.0,4.76,0.793,0.18000000000000005,20.21,9.43,18.21,27.64,27.3,18.39,196.0,0.273,43.0,21.94,16.0,8.16,0.867,0.261,23.08,10.53,17.04,27.57,23.51,19.2
745406,2024-06-08,2024,673490,R,694297,R,strikeout,True,False,180.0,0.242,33.0,18.33,26.0,14.44,0.768,0.16999999999999998,18.25,6.51,24.22,30.73,17.96,13.41,435.0,0.241,94.0,21.61,55.0,12.64,0.681,0.1,18.8,7.03,23.65,30.68,19.23,15.59,157.0,0.195,44.0,28.03,7.0,4.46,0.585,0.15399999999999997,27.76,14.49,17.45,31.94,32.08,25.29,226.0,0.29,51.0,22.57,10.0,4.42,0.857,0.243,26.58,13.96,15.98,29.94,34.54,19.92
745406,2024-06-08,2024,669134,R,694297,R,field_out,False,False,140.0,0.285,20.0,14.29,10.0,7.14,0.751,0.13,20.66,11.06,14.6,25.66,34.4,18.52,127.0,0.289,14.0,11.02,4.0,3.15,0.753,0.141,16.53,9.26,14.96,24.23,34.76,11.97,157.0,0.195,44.0,28.03,7.0,4.46,0.585,0.15399999999999997,27.76,14.49,17.45,31.94,32.08,25.29,226.0,0.29,51.0,22.57,10.0,4.42,0.857,0.243,26.58,13.96,15.98,29.94,34.54,19.92
745406,2024-06-08,2024,606466,L,650633,R,strikeout,True,False,175.0,0.245,43.0,24.57,14.0,8.0,0.671,0.123,24.21,11.6,14.61,26.2,26.79,22.11,452.0,0.259,85.0,18.81,54.0,11.95,0.827,0.2199999999999999,20.87,9.03,16.76,25.8,21.17,17.28,149.0,0.227,30.0,20.13,15.0,10.07,0.6950000000000001,0.159,26.58,11.31,19.93,31.24,30.0,21.58,182.0,0.179,48.0,26.37,17.0,9.34,0.542,0.099,26.86,11.79,18.61,30.4,25.21,24.87
745406,2024-06-08,2024,592626,L,650633,R,double,False,False,165.0,0.29,41.0,24.85,18.0,10.91,0.876,0.203,25.32,11.63,17.15,28.78,28.17,20.71,373.0,0.241,74.0,19.84,49.0,13.14,0.786,0.194,24.13,10.89,15.07,25.96,29.36,16.09,149.0,0.227,30.0,20.13,15.0,10.07,0.6950000000000001,0.159,26.58,11.31,19.93,31.24,30.0,21.58,182.0,0.179,48.0,26.37,17.0,9.34,0.542,0.099,26.86,11.79,18.61,30.4,25.21,24.87
745406,2024-06-08,2024,572233,R,650633,R,strikeout,True,False,196.0,0.244,46.0,23.47,25.0,12.76,0.804,0.21300000000000002,26.38,12.64,13.24,25.87,25.51,16.73,497.0,0.259,95.0,19.11,42.0,8.45,0.8009999999999999,0.2129999999999999,26.19,12.83,14.15,26.98,26.84,15.33,163.0,0.204,48.0,29.45,14.0,8.59,0.654,0.17700000000000002,27.13,12.63,18.8,31.42,28.37,18.75,249.0,0.259,79.0,31.73,15.0,6.02,0.708,0.136,31.36,12.93,23.52,36.46,30.93,26.69
745406,2024-06-08,2024,664983,L,650633,R,hit_by_pitch,False,False,124.0,0.236,24.0,19.35,11.0,8.87,0.6859999999999999,0.122,20.83,9.78,16.3,26.09,26.69,17.14,230.0,0.255,51.0,22.17,17.0,7.39,0.643,0.072,22.4,11.76,13.9,25.65,32.76,19.39,149.0,0.227,30.0,20.13,15.0,10.07,0.6950000000000001,0.159,26.58,11.31,19.93,31.24,30.0,21.58,182.0,0.179,48.0,26.37,17.0,9.34,0.542,0.099,26.86,11.79,18.61,30.4,25.21,24.87
745406,2024-06-08,2024,545341,R,650633,R,field_out,False,False,30.0,0.31,5.0,16.67,1.0,3.33,0.8160000000000001,0.173,22.92,10.28,21.5,31.78,26.92,17.24,338.0,0.244,79.0,23.37,17.0,5.03,0.6950000000000001,0.157,28.73,14.51,15.56,30.06,36.02,21.7,163.0,0.204,48.0,29.45,14.0,8.59,0.654,0.17700000000000002,27.13,12.63,18.8,31.42,28.37,18.75,249.0,0.259,79.0,31.73,15.0,6.02,0.708,0.136,31.36,12.93,23.52,36.46,30.93,26.69
745406,2024-06-08,2024,650333,L,694297,R,single,False,False,169.0,0.377,5.0,2.96,7.0,4.14,0.877,0.09499999999999997,6.8,3.23,19.35,22.58,33.54,3.42,479.0,0.362,17.0,3.55,31.0,6.47,0.891,0.122,6.51,3.2,16.58,19.78,31.29,4.11,168.0,0.288,32.0,19.05,8.0,4.76,0.793,0.18000000000000005,20.21,9.43,18.21,27.64,27.3,18.39,196.0,0.273,43.0,21.94,16.0,8.16,0.867,0.261,23.08,10.53,17.04,27.57,23.51,19.2
745406,2024-06-08,2024,665487,R,694297,R,field_out,False,False,197.0,0.301,37.0,18.78,8.0,4.06,0.857,0.22100000000000003,25.9,14.26,11.68,25.95,31.99,22.29,489.0,0.244,114.0,23.31,37.0,7.57,0.728,0.181,31.62,17.66,8.94,26.61,34.25,23.98,157.0,0.195,44.0,28.03,7.0,4.46,0.585,0.15399999999999997,27.76,14.49,17.45,31.94,32.08,25.29,226.0,0.29,51.0,22.57,10.0,4.42,0.857,0.243,26.58,13.96,15.98,29.94,34.54,19.92
745406,2024-06-08,2024,595777,L,694297,R,strikeout,True,False,184.0,0.325,30.0,16.3,23.0,12.5,0.915,0.16899999999999998,16.96,7.72,14.51,22.24,22.72,13.0,375.0,0.229,68.0,18.13,37.0,9.87,0.6559999999999999,0.1159999999999999,21.66,10.43,14.17,24.61,26.12,14.59,168.0,0.288,32.0,19.05,8.0,4.76,0.793,0.18000000000000005,20.21,9.43,18.21,27.64,27.3,18.39,196.0,0.273,43.0,21.94,16.0,8.16,0.867,0.261,23.08,10.53,17.04,27.57,23.51,19.2
745406,2024-06-08,2024,630105,L,694297,R,single,False,False,188.0,0.274,30.0,15.96,16.0,8.51,0.844,0.22599999999999998,17.63,8.09,17.24,25.33,22.8,13.1,367.0,0.23,59.0,16.08,36.0,9.81,0.7,0.154,14.92,6.99,16.69,23.68,24.61,14.08,168.0,0.288,32.0,19.05,8.0,4.76,0.793,0.18000000000000005,20.21,9.43,18.21,27.64,27.3,18.39,196.0,0.273,43.0,21.94,16.0,8.16,0.867,0.261,23.08,10.53,17.04,27.57,23.51,19.2
745406,2024-06-08,2024,456781,R,694297,R,field_out,False,False,29.0,0.308,5.0,17.24,1.0,3.45,0.725,0.03799999999999998,9.8,4.27,23.93,28.21,17.78,12.5,297.0,0.28,68.0,22.9,29.0,9.76,0.766,0.1059999999999999,26.06,12.14,17.61,29.74,28.81,17.48,157.0,0.195,44.0,28.03,7.0,4.46,0.585,0.15399999999999997,27.76,14.49,17.45,31.94,32.08,25.29,226.0,0.29,51.0,22.57,10.0,4.42,0.857,0.243,26.58,13.96,15.98,29.94,34.54,19.92
745406,2024-06-08,2024,553993,R,650633,R,field_out,False,False,177.0,0.191,50.0,28.25,8.0,4.52,0.5760000000000001,0.14200000000000002,30.26,14.81,15.51,30.32,28.08,22.83,537.0,0.227,161.0,29.98,48.0,8.94,0.706,0.167,32.3,14.54,16.91,31.45,23.96,22.87,163.0,0.204,48.0,29.45,14.0,8.59,0.654,0.17700000000000002,27.13,12.63,18.8,31.42,28.37,18.75,249.0,0.259,79.0,31.73,15.0,6.02,0.708,0.136,31.36,12.93,23.52,36.46,30.93,26.69
745406,2024-06-08,2024,672515,R,650633,R,field_out,False,False,111.0,0.237,20.0,18.02,13.0,11.71,0.694,0.124,18.78,7.71,21.88,29.58,21.68,14.49,264.0,0.253,43.0,16.29,24.0,9.09,0.6779999999999999,0.0989999999999999,19.31,7.98,21.75,29.72,25.58,15.58,163.0,0.204,48.0,29.45,14.0,8.59,0.654,0.17700000000000002,27.13,12.63,18.8,31.42,28.37,18.75,249.0,0.259,79.0,31.73,15.0,6.02,0.708,0.136,31.36,12.93,23.52,36.46,30.93,26.69
745406,2024-06-08,2024,677942,R,650633,R,field_out,False,False,69.0,0.25,17.0,24.64,5.0,7.25,0.632,0.07800000000000001,28.91,14.45,14.45,28.91,34.35,22.97,,,,,,,,,,,,,,,163.0,0.204,48.0,29.45,14.0,8.59,0.654,0.17700000000000002,27.13,12.63,18.8,31.42,28.37,18.75,249.0,0.259,79.0,31.73,15.0,6.02,0.708,0.136,31.36,12.93,23.52,36.46,30.93,26.69
745406,2024-06-08,2024,444482,L,694297,R,field_out,False,False,29.0,0.154,7.0,24.14,2.0,6.9,0.368,0.0,33.87,19.44,11.11,30.56,40.74,18.18,387.0,0.253,63.0,16.28,19.0,4.91,0.6739999999999999,0.131,22.16,12.01,13.06,25.07,33.57,15.04,168.0,0.288,32.0,19.05,8.0,4.76,0.793,0.18000000000000005,20.21,9.43,18.21,27.64,27.3,18.39,196.0,0.273,43.0,21.94,16.0,8.16,0.867,0.261,23.08,10.53,17.04,27.57,23.51,19.2
745406,2024-06-08,2024,701538,L,694297,R,strikeout,True,False,157.0,0.295,24.0,15.29,9.0,5.73,0.732,0.10200000000000004,17.1,9.28,13.84,23.12,36.62,13.19,,,,,,,,,,,,,,,168.0,0.288,32.0,19.05,8.0,4.76,0.793,0.18000000000000005,20.21,9.43,18.21,27.64,27.3,18.39,196.0,0.273,43.0,21.94,16.0,8.16,0.867,0.261,23.08,10.53,17.04,27.57,23.51,19.2
745406,2024-06-08,2024,673490,R,694297,R,single,False,False,180.0,0.242,33.0,18.33,26.0,14.44,0.768,0.16999999999999998,18.25,6.51,24.22,30.73,17.96,13.41,435.0,0.241,94.0,21.61,55.0,12.64,0.681,0.1,18.8,7.03,23.65,30.68,19.23,15.59,157.0,0.195,44.0,28.03,7.0,4.46,0.585,0.15399999999999997,27.76,14.49,17.45,31.94,32.08,25.29,226.0,0.29,51.0,22.57,10.0,4.42,0.857,0.243,26.58,13.96,15.98,29.94,34.54,19.92
745406,2024-06-08,2024,669134,R,694297,R,single,False,False,140.0,0.285,20.0,14.29,10.0,7.14,0.751,0.13,20.66,11.06,14.6,25.66,34.4,18.52,127.0,0.289,14.0,11.02,4.0,3.15,0.753,0.141,16.53,9.26,14.96,24.23,34.76,11.97,157.0,0.195,44.0,28.03,7.0,4.46,0.585,0.15399999999999997,27.76,14.49,17.45,31.94,32.08,25.29,226.0,0.29,51.0,22.57,10.0,4.42,0.857,0.243,26.58,13.96,15.98,29.94,34.54,19.92
745406,2024-06-08,2024,650333,L,694297,R,single,False,False,169.0,0.377,5.0,2.96,7.0,4.14,0.877,0.09499999999999997,6.8,3.23,19.35,22.58,33.54,3.42,479.0,0.362,17.0,3.55,31.0,6.47,0.891,0.122,6.51,3.2,16.58,19.78,31.29,4.11,168.0,0.288,32.0,19.05,8.0,4.76,0.793,0.18000000000000005,20.21,9.43,18.21,27.64,27.3,18.39,196.0,0.273,43.0,21.94,16.0,8.16,0.867,0.261,23.08,10.53,17.04,27.57,23.51,19.2
745406,2024-06-08,2024,665487,R,694297,R,field_out,False,False,197.0,0.301,37.0,18.78,8.0,4.06,0.857,0.22100000000000003,25.9,14.26,11.68,25.95,31.99,22.29,489.0,0.244,114.0,23.31,37.0,7.57,0.728,0.181,31.62,17.66,8.94,26.61,34.25,23.98,157.0,0.195,44.0,28.03,7.0,4.46,0.585,0.15399999999999997,27.76,14.49,17.45,31.94,32.08,25.29,226.0,0.29,51.0,22.57,10.0,4.42,0.857,0.243,26.58,13.96,15.98,29.94,34.54,19.92
745406,2024-06-08,2024,682998,L,650633,R,field_out,False,False,175.0,0.197,34.0,19.43,21.0,12.0,0.6,0.10599999999999998,21.28,9.49,16.27,25.75,26.18,20.24,472.0,0.286,105.0,22.25,46.0,9.75,0.921,0.266,22.34,10.24,16.27,26.51,28.83,21.92,149.0,0.227,30.0,20.13,15.0,10.07,0.6950000000000001,0.159,26.58,11.31,19.93,31.24,30.0,21.58,182.0,0.179,48.0,26.37,17.0,9.34,0.542,0.099,26.86,11.79,18.61,30.4,25.21,24.87
745406,2024-06-08,2024,606466,L,650633,R,single,False,False,175.0,0.245,43.0,24.57,14.0,8.0,0.671,0.123,24.21,11.6,14.61,26.2,26.79,22.11,452.0,0.259,85.0,18.81,54.0,11.95,0.827,0.2199999999999999,20.87,9.03,16.76,25.8,21.17,17.28,149.0,0.227,30.0,20.13,15.0,10.07,0.6950000000000001,0.159,26.58,11.31,19.93,31.24,30.0,21.58,182.0,0.179,48.0,26.37,17.0,9.34,0.542,0.099,26.86,11.79,18.61,30.4,25.21,24.87
745406,2024-06-08,2024,592626,L,650633,R,strikeout,True,False,165.0,0.29,41.0,24.85,18.0,10.91,0.876,0.203,25.32,11.63,17.15,28.78,28.17,20.71,373.0,0.241,74.0,19.84,49.0,13.14,0.786,0.194,24.13,10.89,15.07,25.96,29.36,16.09,149.0,0.227,30.0,20.13,15.0,10.07,0.6950000000000001,0.159,26.58,11.31,19.93,31.24,30.0,21.58,182.0,0.179,48.0,26.37,17.0,9.34,0.542,0.099,26.86,11.79,18.61,30.4,25.21,24.87
745406,2024-06-08,2024,572233,R,650633,R,field_out,False,False,196.0,0.244,46.0,23.47,25.0,12.76,0.804,0.21300000000000002,26.38,12.64,13.24,25.87,25.51,16.73,497.0,0.259,95.0,19.11,42.0,8.45,0.8009999999999999,0.2129999999999999,26.19,12.83,14.15,26.98,26.84,15.33,163.0,0.204,48.0,29.45,14.0,8.59,0.654,0.17700000000000002,27.13,12.63,18.8,31.42,28.37,18.75,249.0,0.259,79.0,31.73,15.0,6.02,0.708,0.136,31.36,12.93,23.52,36.46,30.93,26.69
745406,2024-06-08,2024,595777,L,694297,R,field_out,False,False,184.0,0.325,30.0,16.3,23.0,12.5,0.915,0.16899999999999998,16.96,7.72,14.51,22.24,22.72,13.0,375.0,0.229,68.0,18.13,37.0,9.87,0.6559999999999999,0.1159999999999999,21.66,10.43,14.17,24.61,26.12,14.59,168.0,0.288,32.0,19.05,8.0,4.76,0.793,0.18000000000000005,20.21,9.43,18.21,27.64,27.3,18.39,196.0,0.273,43.0,21.94,16.0,8.16,0.867,0.261,23.08,10.53,17.04,27.57,23.51,19.2
745406,2024-06-08,2024,630105,L,694297,R,field_out,False,False,188.0,0.274,30.0,15.96,16.0,8.51,0.844,0.22599999999999998,17.63,8.09,17.24,25.33,22.8,13.1,367.0,0.23,59.0,16.08,36.0,9.81,0.7,0.154,14.92,6.99,16.69,23.68,24.61,14.08,168.0,0.288,32.0,19.05,8.0,4.76,0.793,0.18000000000000005,20.21,9.43,18.21,27.64,27.3,18.39,196.0,0.273,43.0,21.94,16.0,8.16,0.867,0.261,23.08,10.53,17.04,27.57,23.51,19.2
745406,2024-06-08,2024,456781,R,694297,R,strikeout,True,False,29.0,0.308,5.0,17.24,1.0,3.45,0.725,0.03799999999999998,9.8,4.27,23.93,28.21,17.78,12.5,297.0,0.28,68.0,22.9,29.0,9.76,0.766,0.1059999999999999,26.06,12.14,17.61,29.74,28.81,17.48,157.0,0.195,44.0,28.03,7.0,4.46,0.585,0.15399999999999997,27.76,14.49,17.45,31.94,32.08,25.29,226.0,0.29,51.0,22.57,10.0,4.42,0.857,0.243,26.58,13.96,15.98,29.94,34.54,19.92
745406,2024-06-08,2024,664983,L,660853,R,field_out,False,False,124.0,0.236,24.0,19.35,11.0,8.87,0.6859999999999999,0.122,20.83,9.78,16.3,26.09,26.69,17.14,230.0,0.255,51.0,22.17,17.0,7.39,0.643,0.072,22.4,11.76,13.9,25.65,32.76,19.39,34.0,0.241,6.0,17.65,5.0,14.71,1.008,0.41400000000000003,27.27,11.92,15.89,27.81,23.94,13.33,119.0,0.272,18.0,15.13,15.0,12.61,0.778,0.1449999999999999,17.99,8.48,14.0,22.49,22.82,10.53
745406,2024-06-08,2024,545341,R,660853,R,single,False,False,30.0,0.31,5.0,16.67,1.0,3.33,0.8160000000000001,0.173,22.92,10.28,21.5,31.78,26.92,17.24,338.0,0.244,79.0,23.37,17.0,5.03,0.6950000000000001,0.157,28.73,14.51,15.56,30.06,36.02,21.7,72.0,0.235,23.0,31.94,3.0,4.17,0.69,0.177,34.36,19.51,14.63,34.15,30.25,21.7,143.0,0.171,44.0,30.77,10.0,6.99,0.516,0.093,35.46,18.12,15.04,33.15,32.74,25.88
745406,2024-06-08,2024,553993,R,660853,R,strikeout,True,False,177.0,0.191,50.0,28.25,8.0,4.52,0.5760000000000001,0.14200000000000002,30.26,14.81,15.51,30.32,28.08,22.83,537.0,0.227,161.0,29.98,48.0,8.94,0.706,0.167,32.3,14.54,16.91,31.45,23.96,22.87,72.0,0.235,23.0,31.94,3.0,4.17,0.69,0.177,34.36,19.51,14.63,34.15,30.25,21.7,143.0,0.171,44.0,30.77,10.0,6.99,0.516,0.093,35.46,18.12,15.04,33.15,32.74,25.88
745406,2024-06-08,2024,672515,R,660853,R,field_out,False,False,111.0,0.237,20.0,18.02,13.0,11.71,0.694,0.124,18.78,7.71,21.88,29.58,21.68,14.49,264.0,0.253,43.0,16.29,24.0,9.09,0.6779999999999999,0.0989999999999999,19.31,7.98,21.75,29.72,25.58,15.58,72.0,0.235,23.0,31.94,3.0,4.17,0.69,0.177,34.36,19.51,14.63,34.15,30.25,21.7,143.0,0.171,44.0,30.77,10.0,6.99,0.516,0.093,35.46,18.12,15.04,33.15,32.74,25.88
745406,2024-06-08,2024,444482,L,694297,R,walk,False,True,29.0,0.154,7.0,24.14,2.0,6.9,0.368,0.0,33.87,19.44,11.11,30.56,40.74,18.18,387.0,0.253,63.0,16.28,19.0,4.91,0.6739999999999999,0.131,22.16,12.01,13.06,25.07,33.57,15.04,168.0,0.288,32.0,19.05,8.0,4.76,0.793,0.18000000000000005,20.21,9.43,18.21,27.64,27.3,18.39,196.0,0.273,43.0,21.94,16.0,8.16,0.867,0.261,23.08,10.53,17.04,27.57,23.51,19.2
745406,2024-06-08,2024,701538,L,694297,R,field_out,False,False,157.0,0.295,24.0,15.29,9.0,5.73,0.732,0.10200000000000004,17.1,9.28,13.84,23.12,36.62,13.19,,,,,,,,,,,,,,,168.0,0.288,32.0,19.05,8.0,4.76,0.793,0.18000000000000005,20.21,9.43,18.21,27.64,27.3,18.39,196.0,0.273,43.0,21.94,16.0,8.16,0.867,0.261,23.08,10.53,17.04,27.57,23.51,19.2
745406,2024-06-08,2024,673490,R,694297,R,home_run,False,False,180.0,0.242,33.0,18.33,26.0,14.44,0.768,0.16999999999999998,18.25,6.51,24.22,30.73,17.96,13.41,435.0,0.241,94.0,21.61,55.0,12.64,0.681,0.1,18.8,7.03,23.65,30.68,19.23,15.59,157.0,0.195,44.0,28.03,7.0,4.46,0.585,0.15399999999999997,27.76,14.49,17.45,31.94,32.08,25.29,226.0,0.29,51.0,22.57,10.0,4.42,0.857,0.243,26.58,13.96,15.98,29.94,34.54,19.92
745406,2024-06-08,2024,669134,R,528748,R,double,False,False,140.0,0.285,20.0,14.29,10.0,7.14,0.751,0.13,20.66,11.06,14.6,25.66,34.4,18.52,127.0,0.289,14.0,11.02,4.0,3.15,0.753,0.141,16.53,9.26,14.96,24.23,34.76,11.97,7.0,0.6,0.0,0.0,1.0,14.29,1.514,0.20000000000000007,11.11,4.55,13.64,18.18,9.09,0.0,,,,,,,,,,,,,,
745406,2024-06-08,2024,650333,L,528748,R,walk,False,True,169.0,0.377,5.0,2.96,7.0,4.14,0.877,0.09499999999999997,6.8,3.23,19.35,22.58,33.54,3.42,479.0,0.362,17.0,3.55,31.0,6.47,0.891,0.122,6.51,3.2,16.58,19.78,31.29,4.11,8.0,0.286,1.0,12.5,1.0,12.5,0.804,0.14300000000000002,15.0,7.89,13.16,21.05,18.75,7.69,,,,,,,,,,,,,,
745406,2024-06-08,2024,665487,R,528748,R,force_out,False,False,197.0,0.301,37.0,18.78,8.0,4.06,0.857,0.22100000000000003,25.9,14.26,11.68,25.95,31.99,22.29,489.0,0.244,114.0,23.31,37.0,7.57,0.728,0.181,31.62,17.66,8.94,26.61,34.25,23.98,7.0,0.6,0.0,0.0,1.0,14.29,1.514,0.20000000000000007,11.11,4.55,13.64,18.18,9.09,0.0,,,,,,,,,,,,,,
745406,2024-06-08,2024,595777,L,528748,R,field_out,False,False,184.0,0.325,30.0,16.3,23.0,12.5,0.915,0.16899999999999998,16.96,7.72,14.51,22.24,22.72,13.0,375.0,0.229,68.0,18.13,37.0,9.87,0.6559999999999999,0.1159999999999999,21.66,10.43,14.17,24.61,26.12,14.59,8.0,0.286,1.0,12.5,1.0,12.5,0.804,0.14300000000000002,15.0,7.89,13.16,21.05,18.75,7.69,,,,,,,,,,,,,,
745406,2024-06-08,2024,677942,R,593974,L,strikeout,True,False,66.0,0.35,19.0,28.79,6.0,9.09,0.942,0.18300000000000005,26.28,13.33,12.59,25.93,22.79,20.0,,,,,,,,,,,,,,,71.0,0.231,8.0,11.27,4.0,5.63,0.713,0.19999999999999998,19.38,9.51,13.31,22.81,33.55,11.59,130.0,0.229,27.0,20.77,20.0,15.38,0.758,0.175,32.0,14.15,13.75,27.9,29.08,20.3
745406,2024-06-08,2024,682998,L,593974,L,walk,False,True,94.0,0.2,18.0,19.15,6.0,6.38,0.525,0.059,20.25,9.17,18.89,28.06,31.72,18.0,174.0,0.283,20.0,11.49,11.0,6.32,0.7210000000000001,0.099,19.57,8.84,18.17,27.0,25.0,14.71,30.0,0.231,7.0,23.33,2.0,6.67,0.6020000000000001,0.038000000000000006,26.67,11.32,15.09,26.42,25.93,29.17,97.0,0.138,24.0,24.74,10.0,10.31,0.483,0.0739999999999999,26.88,13.4,11.26,24.66,37.04,21.24
745406,2024-06-08,2024,606466,R,593974,L,home_run,False,False,107.0,0.34,12.0,11.21,8.0,7.48,1.134,0.39199999999999996,21.76,11.73,10.61,22.35,34.71,13.04,199.0,0.313,24.0,12.06,17.0,8.54,0.879,0.184,19.78,9.92,12.91,22.83,31.78,12.7,71.0,0.231,8.0,11.27,4.0,5.63,0.713,0.19999999999999998,19.38,9.51,13.31,22.81,33.55,11.59,130.0,0.229,27.0,20.77,20.0,15.38,0.758,0.175,32.0,14.15,13.75,27.9,29.08,20.3
745406,2024-06-08,2024,666971,R,593974,L,home_run,False,False,77.0,0.324,15.0,19.48,3.0,3.9,0.905,0.23000000000000004,21.62,10.81,17.57,28.38,37.09,15.79,160.0,0.301,18.0,11.25,12.0,7.5,0.8140000000000001,0.151,14.39,6.67,17.26,23.93,28.33,12.16,71.0,0.231,8.0,11.27,4.0,5.63,0.713,0.19999999999999998,19.38,9.51,13.31,22.81,33.55,11.59,130.0,0.229,27.0,20.77,20.0,15.38,0.758,0.175,32.0,14.15,13.75,27.9,29.08,20.3
745406,2024-06-08,2024,572233,R,669093,R,strikeout,True,False,196.0,0.244,46.0,23.47,25.0,12.76,0.804,0.21300000000000002,26.38,12.64,13.24,25.87,25.51,16.73,497.0,0.259,95.0,19.11,42.0,8.45,0.8009999999999999,0.2129999999999999,26.19,12.83,14.15,26.98,26.84,15.33,45.0,0.15,18.0,40.0,4.0,8.89,0.447,0.07500000000000001,35.63,16.85,14.67,31.52,27.78,32.73,34.0,0.308,9.0,26.47,7.0,20.59,1.21,0.461,27.4,12.99,12.34,25.32,24.05,17.65
745406,2024-06-08,2024,664983,L,669093,R,single,False,False,124.0,0.236,24.0,19.35,11.0,8.87,0.6859999999999999,0.122,20.83,9.78,16.3,26.09,26.69,17.14,230.0,0.255,51.0,22.17,17.0,7.39,0.643,0.072,22.4,11.76,13.9,25.65,32.76,19.39,29.0,0.111,15.0,51.72,1.0,3.45,0.28600000000000003,0.03699999999999999,38.33,20.18,14.91,35.09,34.55,39.47,22.0,0.235,4.0,18.18,5.0,22.73,0.762,0.118,19.51,9.09,13.64,22.73,23.08,12.9
745406,2024-06-08,2024,656976,L,669093,R,strikeout,True,False,55.0,0.26,8.0,14.55,4.0,7.27,0.769,0.2,17.28,7.25,18.65,25.91,16.3,15.22,186.0,0.196,33.0,17.74,31.0,16.67,0.681,0.1499999999999999,18.87,7.59,19.04,26.63,22.88,16.84,29.0,0.111,15.0,51.72,1.0,3.45,0.28600000000000003,0.03699999999999999,38.33,20.18,14.91,35.09,34.55,39.47,22.0,0.235,4.0,18.18,5.0,22.73,0.762,0.118,19.51,9.09,13.64,22.73,23.08,12.9
745406,2024-06-08,2024,630105,L,528748,R,strikeout,True,False,188.0,0.274,30.0,15.96,16.0,8.51,0.844,0.22599999999999998,17.63,8.09,17.24,25.33,22.8,13.1,367.0,0.23,59.0,16.08,36.0,9.81,0.7,0.154,14.92,6.99,16.69,23.68,24.61,14.08,8.0,0.286,1.0,12.5,1.0,12.5,0.804,0.14300000000000002,15.0,7.89,13.16,21.05,18.75,7.69,,,,,,,,,,,,,,
745406,2024-06-08,2024,456781,R,528748,R,field_out,False,False,29.0,0.308,5.0,17.24,1.0,3.45,0.725,0.03799999999999998,9.8,4.27,23.93,28.21,17.78,12.5,297.0,0.28,68.0,22.9,29.0,9.76,0.766,0.1059999999999999,26.06,12.14,17.61,29.74,28.81,17.48,7.0,0.6,0.0,0.0,1.0,14.29,1.514,0.20000000000000007,11.11,4.55,13.64,18.18,9.09,0.0,,,,,,,,,,,,,,
745406,2024-06-08,2024,444482,L,528748,R,field_out,False,False,29.0,0.154,7.0,24.14,2.0,6.9,0.368,0.0,33.87,19.44,11.11,30.56,40.74,18.18,387.0,0.253,63.0,16.28,19.0,4.91,0.6739999999999999,0.131,22.16,12.01,13.06,25.07,33.57,15.04,8.0,0.286,1.0,12.5,1.0,12.5,0.804,0.14300000000000002,15.0,7.89,13.16,21.05,18.75,7.69,,,,,,,,,,,,,,
745406,2024-06-08,2024,553993,R,669093,R,field_out,False,False,177.0,0.191,50.0,28.25,8.0,4.52,0.5760000000000001,0.14200000000000002,30.26,14.81,15.51,30.32,28.08,22.83,537.0,0.227,161.0,29.98,48.0,8.94,0.706,0.167,32.3,14.54,16.91,31.45,23.96,22.87,45.0,0.15,18.0,40.0,4.0,8.89,0.447,0.07500000000000001,35.63,16.85,14.67,31.52,27.78,32.73,34.0,0.308,9.0,26.47,7.0,20.59,1.21,0.461,27.4,12.99,12.34,25.32,24.05,17.65
745406,2024-06-08,2024,672515,R,669093,R,field_out,False,False,111.0,0.237,20.0,18.02,13.0,11.71,0.694,0.124,18.78,7.71,21.88,29.58,21.68,14.49,264.0,0.253,43.0,16.29,24.0,9.09,0.6779999999999999,0.0989999999999999,19.31,7.98,21.75,29.72,25.58,15.58,45.0,0.15,18.0,40.0,4.0,8.89,0.447,0.07500000000000001,35.63,16.85,14.67,31.52,27.78,32.73,34.0,0.308,9.0,26.47,7.0,20.59,1.21,0.461,27.4,12.99,12.34,25.32,24.05,17.65
745406,2024-06-08,2024,677942,R,669093,R,strikeout,True,False,69.0,0.25,17.0,24.64,5.0,7.25,0.632,0.07800000000000001,28.91,14.45,14.45,28.91,34.35,22.97,,,,,,,,,,,,,,,45.0,0.15,18.0,40.0,4.0,8.89,0.447,0.07500000000000001,35.63,16.85,14.67,31.52,27.78,32.73,34.0,0.308,9.0,26.47,7.0,20.59,1.21,0.461,27.4,12.99,12.34,25.32,24.05,17.65
745406,2024-06-08,2024,701538,L,528748,R,single,False,False,157.0,0.295,24.0,15.29,9.0,5.73,0.732,0.10200000000000004,17.1,9.28,13.84,23.12,36.62,13.19,,,,,,,,,,,,,,,8.0,0.286,1.0,12.5,1.0,12.5,0.804,0.14300000000000002,15.0,7.89,13.16,21.05,18.75,7.69,,,,,,,,,,,,,,
745406,2024-06-08,2024,673490,R,528748,R,walk,False,True,180.0,0.242,33.0,18.33,26.0,14.44,0.768,0.16999999999999998,18.25,6.51,24.22,30.73,17.96,13.41,435.0,0.241,94.0,21.61,55.0,12.64,0.681,0.1,18.8,7.03,23.65,30.68,19.23,15.59,7.0,0.6,0.0,0.0,1.0,14.29,1.514,0.20000000000000007,11.11,4.55,13.64,18.18,9.09,0.0,,,,,,,,,,,,,,
745406,2024-06-08,2024,669134,R,528748,R,single,False,False,140.0,0.285,20.0,14.29,10.0,7.14,0.751,0.13,20.66,11.06,14.6,25.66,34.4,18.52,127.0,0.289,14.0,11.02,4.0,3.15,0.753,0.141,16.53,9.26,14.96,24.23,34.76,11.97,7.0,0.6,0.0,0.0,1.0,14.29,1.514,0.20000000000000007,11.11,4.55,13.64,18.18,9.09,0.0,,,,,,,,,,,,,,
745406,2024-06-08,2024,650333,L,528748,R,field_out,False,False,169.0,0.377,5.0,2.96,7.0,4.14,0.877,0.09499999999999997,6.8,3.23,19.35,22.58,33.54,3.42,479.0,0.362,17.0,3.55,31.0,6.47,0.891,0.122,6.51,3.2,16.58,19.78,31.29,4.11,8.0,0.286,1.0,12.5,1.0,12.5,0.804,0.14300000000000002,15.0,7.89,13.16,21.05,18.75,7.69,,,,,,,,,,,,,,
745406,2024-06-08,2024,665487,R,528748,R,hit_by_pitch,False,False,197.0,0.301,37.0,18.78,8.0,4.06,0.857,0.22100000000000003,25.9,14.26,11.68,25.95,31.99,22.29,489.0,0.244,114.0,23.31,37.0,7.57,0.728,0.181,31.62,17.66,8.94,26.61,34.25,23.98,7.0,0.6,0.0,0.0,1.0,14.29,1.514,0.20000000000000007,11.11,4.55,13.64,18.18,9.09,0.0,,,,,,,,,,,,,,
745406,2024-06-08,2024,595777,L,528748,R,double,False,False,184.0,0.325,30.0,16.3,23.0,12.5,0.915,0.16899999999999998,16.96,7.72,14.51,22.24,22.72,13.0,375.0,0.229,68.0,18.13,37.0,9.87,0.6559999999999999,0.1159999999999999,21.66,10.43,14.17,24.61,26.12,14.59,8.0,0.286,1.0,12.5,1.0,12.5,0.804,0.14300000000000002,15.0,7.89,13.16,21.05,18.75,7.69,,,,,,,,,,,,,,
745406,2024-06-08,2024,630105,L,528748,R,field_out,False,False,188.0,0.274,30.0,15.96,16.0,8.51,0.844,0.22599999999999998,17.63,8.09,17.24,25.33,22.8,13.1,367.0,0.23,59.0,16.08,36.0,9.81,0.7,0.154,14.92,6.99,16.69,23.68,24.61,14.08,8.0,0.286,1.0,12.5,1.0,12.5,0.804,0.14300000000000002,15.0,7.89,13.16,21.05,18.75,7.69,,,,,,,,,,,,,,
745406,2024-06-08,2024,456781,R,528748,R,single,False,False,29.0,0.308,5.0,17.24,1.0,3.45,0.725,0.03799999999999998,9.8,4.27,23.93,28.21,17.78,12.5,297.0,0.28,68.0,22.9,29.0,9.76,0.766,0.1059999999999999,26.06,12.14,17.61,29.74,28.81,17.48,7.0,0.6,0.0,0.0,1.0,14.29,1.514,0.20000000000000007,11.11,4.55,13.64,18.18,9.09,0.0,,,,,,,,,,,,,,
745406,2024-06-08,2024,444482,L,600986,R,field_out,False,False,29.0,0.154,7.0,24.14,2.0,6.9,0.368,0.0,33.87,19.44,11.11,30.56,40.74,18.18,387.0,0.253,63.0,16.28,19.0,4.91,0.6739999999999999,0.131,22.16,12.01,13.06,25.07,33.57,15.04,49.0,0.231,10.0,20.41,9.0,18.37,0.875,0.256,28.26,11.66,15.7,27.35,22.81,14.93,4.0,0.0,1.0,25.0,0.0,0.0,0.0,0.0,23.08,16.67,11.11,27.78,50.0,12.5
745406,2024-06-08,2024,682998,L,673513,L,field_out,False,False,94.0,0.2,18.0,19.15,6.0,6.38,0.525,0.059,20.25,9.17,18.89,28.06,31.72,18.0,174.0,0.283,20.0,11.49,11.0,6.32,0.7210000000000001,0.099,19.57,8.84,18.17,27.0,25.0,14.71,36.0,0.241,8.0,22.22,4.0,11.11,0.669,0.10399999999999998,38.81,17.69,14.97,32.65,32.05,20.51,,,,,,,,,,,,,,
745406,2024-06-08,2024,606466,R,673513,L,strikeout,True,False,107.0,0.34,12.0,11.21,8.0,7.48,1.134,0.39199999999999996,21.76,11.73,10.61,22.35,34.71,13.04,199.0,0.313,24.0,12.06,17.0,8.54,0.879,0.184,19.78,9.92,12.91,22.83,31.78,12.7,68.0,0.167,13.0,19.12,12.0,17.65,0.587,0.11100000000000002,25.62,11.44,12.18,23.62,23.81,17.11,,,,,,,,,,,,,,
745406,2024-06-08,2024,666971,R,673513,L,strikeout,True,False,77.0,0.324,15.0,19.48,3.0,3.9,0.905,0.23000000000000004,21.62,10.81,17.57,28.38,37.09,15.79,160.0,0.301,18.0,11.25,12.0,7.5,0.8140000000000001,0.151,14.39,6.67,17.26,23.93,28.33,12.16,68.0,0.167,13.0,19.12,12.0,17.65,0.587,0.11100000000000002,25.62,11.44,12.18,23.62,23.81,17.11,,,,,,,,,,,,,,
746785,2024-06-08,2024,680776,L,676979,L,field_out,False,False,87.0,0.213,22.0,25.29,8.0,9.2,0.542,0.026999999999999996,26.32,11.46,20.06,31.52,30.34,22.0,49.0,0.289,15.0,30.61,3.0,6.12,0.749,0.133,24.44,10.73,20.0,30.73,27.27,25.86,49.0,0.178,21.0,42.86,4.0,8.16,0.46699999999999997,0.04400000000000001,31.96,15.66,14.14,29.8,25.77,32.31,22.0,0.389,4.0,18.18,3.0,13.64,0.944,0.0549999999999999,27.5,11.96,19.57,31.52,21.43,14.29
746785,2024-06-08,2024,608701,R,676979,L,field_out,False,False,50.0,0.341,14.0,28.0,4.0,8.0,0.897,0.13599999999999995,33.71,15.96,19.68,35.64,22.89,21.54,146.0,0.308,22.0,15.07,23.0,15.75,0.8280000000000001,0.092,21.59,8.39,20.38,28.77,17.59,13.66,251.0,0.192,82.0,32.67,13.0,5.18,0.598,0.16299999999999998,30.7,15.76,15.86,31.62,31.4,23.98,42.0,0.172,8.0,19.05,10.0,23.81,0.745,0.207,25.56,11.5,13.5,25.0,25.93,11.76
746785,2024-06-08,2024,657136,R,676979,L,single,False,False,63.0,0.352,13.0,20.63,8.0,12.7,0.907,0.11100000000000004,24.82,13.13,11.58,24.71,28.8,15.12,108.0,0.156,40.0,37.04,9.0,8.33,0.501,0.104,32.9,17.27,14.32,31.59,33.33,27.86,251.0,0.192,82.0,32.67,13.0,5.18,0.598,0.16299999999999998,30.7,15.76,15.86,31.62,31.4,23.98,42.0,0.172,8.0,19.05,10.0,23.81,0.745,0.207,25.56,11.5,13.5,25.0,25.93,11.76
746785,2024-06-08,2024,646240,L,676979,L,strikeout,True,False,76.0,0.265,25.0,32.89,6.0,7.89,0.724,0.11699999999999999,30.86,16.72,13.04,29.77,31.62,25.0,188.0,0.273,37.0,19.68,11.0,5.85,0.823,0.2149999999999999,27.74,14.71,11.61,26.32,30.93,15.19,49.0,0.178,21.0,42.86,4.0,8.16,0.46699999999999997,0.04400000000000001,31.96,15.66,14.14,29.8,25.77,32.31,22.0,0.389,4.0,18.18,3.0,13.64,0.944,0.0549999999999999,27.5,11.96,19.57,31.52,21.43,14.29
746785,2024-06-08,2024,667452,R,681867,R,field_out,False,False,43.0,0.237,6.0,13.95,5.0,11.63,0.7210000000000001,0.15800000000000003,13.75,6.01,19.13,25.14,30.93,9.09,250.0,0.249,56.0,22.4,20.0,8.0,0.659,0.0979999999999999,26.42,11.51,19.54,31.05,28.57,19.44,95.0,0.273,19.0,20.0,5.0,5.26,0.8049999999999999,0.21599999999999997,18.92,8.14,21.86,30.0,31.74,11.88,90.0,0.274,21.0,23.33,3.0,3.33,0.74,0.1549999999999999,20.89,9.85,20.6,30.45,29.3,20.39
746785,2024-06-08,2024,670032,L,681867,R,field_out,False,False,159.0,0.248,24.0,15.09,13.0,8.18,0.607,0.04299999999999998,17.94,8.45,16.55,25.0,26.41,17.39,212.0,0.228,33.0,15.57,24.0,11.32,0.647,0.089,22.47,10.7,16.47,27.16,26.6,14.22,106.0,0.237,24.0,22.64,6.0,5.66,0.653,0.124,19.7,8.76,17.98,26.74,29.22,18.75,61.0,0.333,6.0,9.84,8.0,13.11,1.051,0.2749999999999999,13.68,5.83,17.49,23.32,25.23,11.11
746785,2024-06-08,2024,673357,R,681867,R,home_run,False,False,36.0,0.171,15.0,41.67,1.0,2.78,0.7370000000000001,0.372,40.0,22.22,14.58,36.81,40.26,28.85,477.0,0.252,132.0,27.67,25.0,5.24,0.8340000000000001,0.279,32.83,18.94,10.59,29.53,40.07,24.77,95.0,0.273,19.0,20.0,5.0,5.26,0.8049999999999999,0.21599999999999997,18.92,8.14,21.86,30.0,31.74,11.88,90.0,0.274,21.0,23.33,3.0,3.33,0.74,0.1549999999999999,20.89,9.85,20.6,30.45,29.3,20.39
746785,2024-06-08,2024,657757,L,681867,R,strikeout,True,False,187.0,0.247,28.0,14.97,26.0,13.9,0.784,0.177,18.43,7.96,17.75,25.72,27.55,11.57,324.0,0.212,58.0,17.9,28.0,8.64,0.63,0.1369999999999999,20.44,9.67,14.66,24.33,29.35,14.25,106.0,0.237,24.0,22.64,6.0,5.66,0.653,0.124,19.7,8.76,17.98,26.74,29.22,18.75,61.0,0.333,6.0,9.84,8.0,13.11,1.051,0.2749999999999999,13.68,5.83,17.49,23.32,25.23,11.11
746785,2024-06-08,2024,641933,R,676979,L,field_out,False,False,55.0,0.31,18.0,32.73,13.0,23.64,1.092,0.309,28.74,9.77,19.14,28.91,17.6,24.32,79.0,0.227,14.0,17.72,13.0,16.46,0.7929999999999999,0.212,23.91,10.58,16.03,26.6,24.28,14.14,251.0,0.192,82.0,32.67,13.0,5.18,0.598,0.16299999999999998,30.7,15.76,15.86,31.62,31.4,23.98,42.0,0.172,8.0,19.05,10.0,23.81,0.745,0.207,25.56,11.5,13.5,25.0,25.93,11.76
746785,2024-06-08,2024,642197,R,676979,L,strikeout,True,False,8.0,0.25,1.0,12.5,2.0,25.0,1.571,0.75,12.5,3.57,21.43,25.0,21.05,33.33,,,,,,,,,,,,,,,251.0,0.192,82.0,32.67,13.0,5.18,0.598,0.16299999999999998,30.7,15.76,15.86,31.62,31.4,23.98,42.0,0.172,8.0,19.05,10.0,23.81,0.745,0.207,25.56,11.5,13.5,25.0,25.93,11.76
746785,2024-06-08,2024,643265,R,676979,L,strikeout,True,False,43.0,0.244,13.0,30.23,2.0,4.65,0.645,0.122,34.44,18.56,14.97,33.53,43.62,26.0,112.0,0.324,35.0,31.25,8.0,7.14,0.904,0.205,35.12,19.14,13.29,32.43,38.77,27.56,251.0,0.192,82.0,32.67,13.0,5.18,0.598,0.16299999999999998,30.7,15.76,15.86,31.62,31.4,23.98,42.0,0.172,8.0,19.05,10.0,23.81,0.745,0.207,25.56,11.5,13.5,25.0,25.93,11.76
746785,2024-06-08,2024,683734,R,681867,R,field_out,False,False,189.0,0.205,50.0,26.46,14.0,7.41,0.62,0.13999999999999999,24.21,11.28,17.99,29.26,30.03,21.19,474.0,0.267,109.0,23.0,29.0,6.12,0.774,0.18,26.24,11.95,18.94,30.89,30.92,21.51,95.0,0.273,19.0,20.0,5.0,5.26,0.8049999999999999,0.21599999999999997,18.92,8.14,21.86,30.0,31.74,11.88,90.0,0.274,21.0,23.33,3.0,3.33,0.74,0.1549999999999999,20.89,9.85,20.6,30.45,29.3,20.39
746785,2024-06-08,2024,657557,R,681867,R,field_out,False,False,151.0,0.266,49.0,32.45,5.0,3.31,0.8220000000000001,0.238,32.14,18.78,9.39,28.17,33.46,25.52,281.0,0.203,86.0,30.6,12.0,4.27,0.603,0.1539999999999999,36.49,19.09,15.38,34.47,35.28,34.68,95.0,0.273,19.0,20.0,5.0,5.26,0.8049999999999999,0.21599999999999997,18.92,8.14,21.86,30.0,31.74,11.88,90.0,0.274,21.0,23.33,3.0,3.33,0.74,0.1549999999999999,20.89,9.85,20.6,30.45,29.3,20.39
746785,2024-06-08,2024,693049,L,681867,R,hit_by_pitch,False,False,14.0,0.182,2.0,14.29,2.0,14.29,0.5389999999999999,0.0,20.83,9.43,15.09,24.53,32.35,14.29,200.0,0.225,54.0,27.0,9.0,4.5,0.5840000000000001,0.096,31.03,16.83,13.63,30.46,39.85,27.84,106.0,0.237,24.0,22.64,6.0,5.66,0.653,0.124,19.7,8.76,17.98,26.74,29.22,18.75,61.0,0.333,6.0,9.84,8.0,13.11,1.051,0.2749999999999999,13.68,5.83,17.49,23.32,25.23,11.11
746785,2024-06-08,2024,686676,R,681867,R,strikeout,True,False,113.0,0.245,31.0,27.43,6.0,5.31,0.701,0.16999999999999998,37.93,21.36,11.41,32.77,32.8,22.79,47.0,0.116,12.0,25.53,4.0,8.51,0.4,0.0929999999999999,33.71,18.07,13.25,31.33,34.15,23.53,95.0,0.273,19.0,20.0,5.0,5.26,0.8049999999999999,0.21599999999999997,18.92,8.14,21.86,30.0,31.74,11.88,90.0,0.274,21.0,23.33,3.0,3.33,0.74,0.1549999999999999,20.89,9.85,20.6,30.45,29.3,20.39
746785,2024-06-08,2024,666915,R,676979,L,walk,False,True,27.0,0.125,13.0,48.15,3.0,11.11,0.347,0.0,43.64,19.51,19.51,39.02,20.63,30.23,22.0,0.35,11.0,50.0,2.0,9.09,0.859,0.1,50.0,23.16,18.95,42.11,28.85,39.29,251.0,0.192,82.0,32.67,13.0,5.18,0.598,0.16299999999999998,30.7,15.76,15.86,31.62,31.4,23.98,42.0,0.172,8.0,19.05,10.0,23.81,0.745,0.207,25.56,11.5,13.5,25.0,25.93,11.76
746785,2024-06-08,2024,678882,R,676979,L,strikeout,True,False,57.0,0.208,18.0,31.58,3.0,5.26,0.627,0.169,34.75,19.25,15.02,34.27,41.82,26.87,27.0,0.192,8.0,29.63,1.0,3.7,0.645,0.2309999999999999,36.36,19.23,14.42,33.65,30.0,24.24,251.0,0.192,82.0,32.67,13.0,5.18,0.598,0.16299999999999998,30.7,15.76,15.86,31.62,31.4,23.98,42.0,0.172,8.0,19.05,10.0,23.81,0.745,0.207,25.56,11.5,13.5,25.0,25.93,11.76
746785,2024-06-08,2024,680776,L,676979,L,field_error,False,False,87.0,0.213,22.0,25.29,8.0,9.2,0.542,0.026999999999999996,26.32,11.46,20.06,31.52,30.34,22.0,49.0,0.289,15.0,30.61,3.0,6.12,0.749,0.133,24.44,10.73,20.0,30.73,27.27,25.86,49.0,0.178,21.0,42.86,4.0,8.16,0.46699999999999997,0.04400000000000001,31.96,15.66,14.14,29.8,25.77,32.31,22.0,0.389,4.0,18.18,3.0,13.64,0.944,0.0549999999999999,27.5,11.96,19.57,31.52,21.43,14.29
746785,2024-06-08,2024,608701,R,676979,L,single,False,False,50.0,0.341,14.0,28.0,4.0,8.0,0.897,0.13599999999999995,33.71,15.96,19.68,35.64,22.89,21.54,146.0,0.308,22.0,15.07,23.0,15.75,0.8280000000000001,0.092,21.59,8.39,20.38,28.77,17.59,13.66,251.0,0.192,82.0,32.67,13.0,5.18,0.598,0.16299999999999998,30.7,15.76,15.86,31.62,31.4,23.98,42.0,0.172,8.0,19.05,10.0,23.81,0.745,0.207,25.56,11.5,13.5,25.0,25.93,11.76
746785,2024-06-08,2024,657136,R,676979,L,strikeout,True,False,63.0,0.352,13.0,20.63,8.0,12.7,0.907,0.11100000000000004,24.82,13.13,11.58,24.71,28.8,15.12,108.0,0.156,40.0,37.04,9.0,8.33,0.501,0.104,32.9,17.27,14.32,31.59,33.33,27.86,251.0,0.192,82.0,32.67,13.0,5.18,0.598,0.16299999999999998,30.7,15.76,15.86,31.62,31.4,23.98,42.0,0.172,8.0,19.05,10.0,23.81,0.745,0.207,25.56,11.5,13.5,25.0,25.93,11.76
746785,2024-06-08,2024,672820,R,681867,R,field_out,False,False,45.0,0.171,13.0,28.89,2.0,4.44,0.42200000000000004,0.023999999999999994,27.71,13.45,22.22,35.67,38.55,25.49,123.0,0.178,30.0,24.39,2.0,1.63,0.504,0.136,24.69,13.05,16.81,29.87,39.56,22.39,95.0,0.273,19.0,20.0,5.0,5.26,0.8049999999999999,0.21599999999999997,18.92,8.14,21.86,30.0,31.74,11.88,90.0,0.274,21.0,23.33,3.0,3.33,0.74,0.1549999999999999,20.89,9.85,20.6,30.45,29.3,20.39
746785,2024-06-08,2024,667452,R,681867,R,field_out,False,False,43.0,0.237,6.0,13.95,5.0,11.63,0.7210000000000001,0.15800000000000003,13.75,6.01,19.13,25.14,30.93,9.09,250.0,0.249,56.0,22.4,20.0,8.0,0.659,0.0979999999999999,26.42,11.51,19.54,31.05,28.57,19.44,95.0,0.273,19.0,20.0,5.0,5.26,0.8049999999999999,0.21599999999999997,18.92,8.14,21.86,30.0,31.74,11.88,90.0,0.274,21.0,23.33,3.0,3.33,0.74,0.1549999999999999,20.89,9.85,20.6,30.45,29.3,20.39
746785,2024-06-08,2024,670032,L,681867,R,field_out,False,False,159.0,0.248,24.0,15.09,13.0,8.18,0.607,0.04299999999999998,17.94,8.45,16.55,25.0,26.41,17.39,212.0,0.228,33.0,15.57,24.0,11.32,0.647,0.089,22.47,10.7,16.47,27.16,26.6,14.22,106.0,0.237,24.0,22.64,6.0,5.66,0.653,0.124,19.7,8.76,17.98,26.74,29.22,18.75,61.0,0.333,6.0,9.84,8.0,13.11,1.051,0.2749999999999999,13.68,5.83,17.49,23.32,25.23,11.11
746785,2024-06-08,2024,646240,L,676979,L,single,False,False,76.0,0.265,25.0,32.89,6.0,7.89,0.724,0.11699999999999999,30.86,16.72,13.04,29.77,31.62,25.0,188.0,0.273,37.0,19.68,11.0,5.85,0.823,0.2149999999999999,27.74,14.71,11.61,26.32,30.93,15.19,49.0,0.178,21.0,42.86,4.0,8.16,0.46699999999999997,0.04400000000000001,31.96,15.66,14.14,29.8,25.77,32.31,22.0,0.389,4.0,18.18,3.0,13.64,0.944,0.0549999999999999,27.5,11.96,19.57,31.52,21.43,14.29
746785,2024-06-08,2024,666152,L,676979,L,force_out,False,False,16.0,0.2,4.0,25.0,1.0,6.25,0.45,0.0,27.27,11.11,20.37,31.48,16.0,26.67,3.0,0.333,0.0,0.0,0.0,0.0,0.666,0.0,25.0,16.67,16.67,33.33,50.0,,49.0,0.178,21.0,42.86,4.0,8.16,0.46699999999999997,0.04400000000000001,31.96,15.66,14.14,29.8,25.77,32.31,22.0,0.389,4.0,18.18,3.0,13.64,0.944,0.0549999999999999,27.5,11.96,19.57,31.52,21.43,14.29
746785,2024-06-08,2024,642197,R,676979,L,walk,False,True,8.0,0.25,1.0,12.5,2.0,25.0,1.571,0.75,12.5,3.57,21.43,25.0,21.05,33.33,,,,,,,,,,,,,,,251.0,0.192,82.0,32.67,13.0,5.18,0.598,0.16299999999999998,30.7,15.76,15.86,31.62,31.4,23.98,42.0,0.172,8.0,19.05,10.0,23.81,0.745,0.207,25.56,11.5,13.5,25.0,25.93,11.76
746785,2024-06-08,2024,643265,R,676979,L,strikeout,True,False,43.0,0.244,13.0,30.23,2.0,4.65,0.645,0.122,34.44,18.56,14.97,33.53,43.62,26.0,112.0,0.324,35.0,31.25,8.0,7.14,0.904,0.205,35.12,19.14,13.29,32.43,38.77,27.56,251.0,0.192,82.0,32.67,13.0,5.18,0.598,0.16299999999999998,30.7,15.76,15.86,31.62,31.4,23.98,42.0,0.172,8.0,19.05,10.0,23.81,0.745,0.207,25.56,11.5,13.5,25.0,25.93,11.76
746785,2024-06-08,2024,666915,R,676979,L,field_out,False,False,27.0,0.125,13.0,48.15,3.0,11.11,0.347,0.0,43.64,19.51,19.51,39.02,20.63,30.23,22.0,0.35,11.0,50.0,2.0,9.09,0.859,0.1,50.0,23.16,18.95,42.11,28.85,39.29,251.0,0.192,82.0,32.67,13.0,5.18,0.598,0.16299999999999998,30.7,15.76,15.86,31.62,31.4,23.98,42.0,0.172,8.0,19.05,10.0,23.81,0.745,0.207,25.56,11.5,13.5,25.0,25.93,11.76
746785,2024-06-08,2024,673357,R,681867,R,field_out,False,False,36.0,0.171,15.0,41.67,1.0,2.78,0.7370000000000001,0.372,40.0,22.22,14.58,36.81,40.26,28.85,477.0,0.252,132.0,27.67,25.0,5.24,0.8340000000000001,0.279,32.83,18.94,10.59,29.53,40.07,24.77,95.0,0.273,19.0,20.0,5.0,5.26,0.8049999999999999,0.21599999999999997,18.92,8.14,21.86,30.0,31.74,11.88,90.0,0.274,21.0,23.33,3.0,3.33,0.74,0.1549999999999999,20.89,9.85,20.6,30.45,29.3,20.39
746785,2024-06-08,2024,657757,L,681867,R,walk,False,True,187.0,0.247,28.0,14.97,26.0,13.9,0.784,0.177,18.43,7.96,17.75,25.72,27.55,11.57,324.0,0.212,58.0,17.9,28.0,8.64,0.63,0.1369999999999999,20.44,9.67,14.66,24.33,29.35,14.25,106.0,0.237,24.0,22.64,6.0,5.66,0.653,0.124,19.7,8.76,17.98,26.74,29.22,18.75,61.0,0.333,6.0,9.84,8.0,13.11,1.051,0.2749999999999999,13.68,5.83,17.49,23.32,25.23,11.11
746785,2024-06-08,2024,683734,R,681867,R,single,False,False,189.0,0.205,50.0,26.46,14.0,7.41,0.62,0.13999999999999999,24.21,11.28,17.99,29.26,30.03,21.19,474.0,0.267,109.0,23.0,29.0,6.12,0.774,0.18,26.24,11.95,18.94,30.89,30.92,21.51,95.0,0.273,19.0,20.0,5.0,5.26,0.8049999999999999,0.21599999999999997,18.92,8.14,21.86,30.0,31.74,11.88,90.0,0.274,21.0,23.33,3.0,3.33,0.74,0.1549999999999999,20.89,9.85,20.6,30.45,29.3,20.39
746785,2024-06-08,2024,657557,R,681867,R,single,False,False,151.0,0.266,49.0,32.45,5.0,3.31,0.8220000000000001,0.238,32.14,18.78,9.39,28.17,33.46,25.52,281.0,0.203,86.0,30.6,12.0,4.27,0.603,0.1539999999999999,36.49,19.09,15.38,34.47,35.28,34.68,95.0,0.273,19.0,20.0,5.0,5.26,0.8049999999999999,0.21599999999999997,18.92,8.14,21.86,30.0,31.74,11.88,90.0,0.274,21.0,23.33,3.0,3.33,0.74,0.1549999999999999,20.89,9.85,20.6,30.45,29.3,20.39
746785,2024-06-08,2024,693049,L,681867,R,single,False,False,14.0,0.182,2.0,14.29,2.0,14.29,0.5389999999999999,0.0,20.83,9.43,15.09,24.53,32.35,14.29,200.0,0.225,54.0,27.0,9.0,4.5,0.5840000000000001,0.096,31.03,16.83,13.63,30.46,39.85,27.84,106.0,0.237,24.0,22.64,6.0,5.66,0.653,0.124,19.7,8.76,17.98,26.74,29.22,18.75,61.0,0.333,6.0,9.84,8.0,13.11,1.051,0.2749999999999999,13.68,5.83,17.49,23.32,25.23,11.11
746785,2024-06-08,2024,686676,R,681867,R,field_out,False,False,113.0,0.245,31.0,27.43,6.0,5.31,0.701,0.16999999999999998,37.93,21.36,11.41,32.77,32.8,22.79,47.0,0.116,12.0,25.53,4.0,8.51,0.4,0.0929999999999999,33.71,18.07,13.25,31.33,34.15,23.53,95.0,0.273,19.0,20.0,5.0,5.26,0.8049999999999999,0.21599999999999997,18.92,8.14,21.86,30.0,31.74,11.88,90.0,0.274,21.0,23.33,3.0,3.33,0.74,0.1549999999999999,20.89,9.85,20.6,30.45,29.3,20.39
746785,2024-06-08,2024,672820,R,681867,R,fielders_choice_out,False,False,45.0,0.171,13.0,28.89,2.0,4.44,0.42200000000000004,0.023999999999999994,27.71,13.45,22.22,35.67,38.55,25.49,123.0,0.178,30.0,24.39,2.0,1.63,0.504,0.136,24.69,13.05,16.81,29.87,39.56,22.39,95.0,0.273,19.0,20.0,5.0,5.26,0.8049999999999999,0.21599999999999997,18.92,8.14,21.86,30.0,31.74,11.88,90.0,0.274,21.0,23.33,3.0,3.33,0.74,0.1549999999999999,20.89,9.85,20.6,30.45,29.3,20.39
746785,2024-06-08,2024,678882,R,676979,L,strikeout,True,False,57.0,0.208,18.0,31.58,3.0,5.26,0.627,0.169,34.75,19.25,15.02,34.27,41.82,26.87,27.0,0.192,8.0,29.63,1.0,3.7,0.645,0.2309999999999999,36.36,19.23,14.42,33.65,30.0,24.24,251.0,0.192,82.0,32.67,13.0,5.18,0.598,0.16299999999999998,30.7,15.76,15.86,31.62,31.4,23.98,42.0,0.172,8.0,19.05,10.0,23.81,0.745,0.207,25.56,11.5,13.5,25.0,25.93,11.76
746785,2024-06-08,2024,680776,L,676979,L,strikeout,True,False,87.0,0.213,22.0,25.29,8.0,9.2,0.542,0.026999999999999996,26.32,11.46,20.06,31.52,30.34,22.0,49.0,0.289,15.0,30.61,3.0,6.12,0.749,0.133,24.44,10.73,20.0,30.73,27.27,25.86,49.0,0.178,21.0,42.86,4.0,8.16,0.46699999999999997,0.04400000000000001,31.96,15.66,14.14,29.8,25.77,32.31,22.0,0.389,4.0,18.18,3.0,13.64,0.944,0.0549999999999999,27.5,11.96,19.57,31.52,21.43,14.29
746785,2024-06-08,2024,608701,R,676979,L,hit_by_pitch,False,False,50.0,0.341,14.0,28.0,4.0,8.0,0.897,0.13599999999999995,33.71,15.96,19.68,35.64,22.89,21.54,146.0,0.308,22.0,15.07,23.0,15.75,0.8280000000000001,0.092,21.59,8.39,20.38,28.77,17.59,13.66,251.0,0.192,82.0,32.67,13.0,5.18,0.598,0.16299999999999998,30.7,15.76,15.86,31.62,31.4,23.98,42.0,0.172,8.0,19.05,10.0,23.81,0.745,0.207,25.56,11.5,13.5,25.0,25.93,11.76
746785,2024-06-08,2024,657136,R,676979,L,strikeout,True,False,63.0,0.352,13.0,20.63,8.0,12.7,0.907,0.11100000000000004,24.82,13.13,11.58,24.71,28.8,15.12,108.0,0.156,40.0,37.04,9.0,8.33,0.501,0.104,32.9,17.27,14.32,31.59,33.33,27.86,251.0,0.192,82.0,32.67,13.0,5.18,0.598,0.16299999999999998,30.7,15.76,15.86,31.62,31.4,23.98,42.0,0.172,8.0,19.05,10.0,23.81,0.745,0.207,25.56,11.5,13.5,25.0,25.93,11.76
746785,2024-06-08,2024,667452,R,681867,R,field_out,False,False,43.0,0.237,6.0,13.95,5.0,11.63,0.7210000000000001,0.15800000000000003,13.75,6.01,19.13,25.14,30.93,9.09,250.0,0.249,56.0,22.4,20.0,8.0,0.659,0.0979999999999999,26.42,11.51,19.54,31.05,28.57,19.44,95.0,0.273,19.0,20.0,5.0,5.26,0.8049999999999999,0.21599999999999997,18.92,8.14,21.86,30.0,31.74,11.88,90.0,0.274,21.0,23.33,3.0,3.33,0.74,0.1549999999999999,20.89,9.85,20.6,30.45,29.3,20.39
746785,2024-06-08,2024,670032,L,681867,R,single,False,False,159.0,0.248,24.0,15.09,13.0,8.18,0.607,0.04299999999999998,17.94,8.45,16.55,25.0,26.41,17.39,212.0,0.228,33.0,15.57,24.0,11.32,0.647,0.089,22.47,10.7,16.47,27.16,26.6,14.22,106.0,0.237,24.0,22.64,6.0,5.66,0.653,0.124,19.7,8.76,17.98,26.74,29.22,18.75,61.0,0.333,6.0,9.84,8.0,13.11,1.051,0.2749999999999999,13.68,5.83,17.49,23.32,25.23,11.11
746785,2024-06-08,2024,673357,R,669711,R,strikeout,True,False,36.0,0.171,15.0,41.67,1.0,2.78,0.7370000000000001,0.372,40.0,22.22,14.58,36.81,40.26,28.85,477.0,0.252,132.0,27.67,25.0,5.24,0.8340000000000001,0.279,32.83,18.94,10.59,29.53,40.07,24.77,57.0,0.263,13.0,22.81,0.0,0.0,0.614,0.08799999999999997,19.27,9.38,18.3,27.68,31.78,20.63,54.0,0.261,12.0,22.22,6.0,11.11,0.7709999999999999,0.1519999999999999,21.28,8.77,19.3,28.07,18.18,17.19
746785,2024-06-08,2024,646240,L,676979,L,strikeout,True,False,76.0,0.265,25.0,32.89,6.0,7.89,0.724,0.11699999999999999,30.86,16.72,13.04,29.77,31.62,25.0,188.0,0.273,37.0,19.68,11.0,5.85,0.823,0.2149999999999999,27.74,14.71,11.61,26.32,30.93,15.19,49.0,0.178,21.0,42.86,4.0,8.16,0.46699999999999997,0.04400000000000001,31.96,15.66,14.14,29.8,25.77,32.31,22.0,0.389,4.0,18.18,3.0,13.64,0.944,0.0549999999999999,27.5,11.96,19.57,31.52,21.43,14.29
746785,2024-06-08,2024,666152,L,676979,L,field_out,False,False,16.0,0.2,4.0,25.0,1.0,6.25,0.45,0.0,27.27,11.11,20.37,31.48,16.0,26.67,3.0,0.333,0.0,0.0,0.0,0.0,0.666,0.0,25.0,16.67,16.67,33.33,50.0,,49.0,0.178,21.0,42.86,4.0,8.16,0.46699999999999997,0.04400000000000001,31.96,15.66,14.14,29.8,25.77,32.31,22.0,0.389,4.0,18.18,3.0,13.64,0.944,0.0549999999999999,27.5,11.96,19.57,31.52,21.43,14.29
746785,2024-06-08,2024,642197,R,676979,L,field_out,False,False,8.0,0.25,1.0,12.5,2.0,25.0,1.571,0.75,12.5,3.57,21.43,25.0,21.05,33.33,,,,,,,,,,,,,,,251.0,0.192,82.0,32.67,13.0,5.18,0.598,0.16299999999999998,30.7,15.76,15.86,31.62,31.4,23.98,42.0,0.172,8.0,19.05,10.0,23.81,0.745,0.207,25.56,11.5,13.5,25.0,25.93,11.76
746785,2024-06-08,2024,657757,L,669711,R,home_run,False,False,187.0,0.247,28.0,14.97,26.0,13.9,0.784,0.177,18.43,7.96,17.75,25.72,27.55,11.57,324.0,0.212,58.0,17.9,28.0,8.64,0.63,0.1369999999999999,20.44,9.67,14.66,24.33,29.35,14.25,49.0,0.279,15.0,30.61,5.0,10.2,0.9349999999999999,0.30199999999999994,25.0,12.68,14.55,27.23,33.65,20.0,33.0,0.29,10.0,30.3,2.0,6.06,0.752,0.129,39.29,18.33,16.67,35.0,25.81,35.71
746785,2024-06-08,2024,683734,R,669711,R,home_run,False,False,189.0,0.205,50.0,26.46,14.0,7.41,0.62,0.13999999999999999,24.21,11.28,17.99,29.26,30.03,21.19,474.0,0.267,109.0,23.0,29.0,6.12,0.774,0.18,26.24,11.95,18.94,30.89,30.92,21.51,57.0,0.263,13.0,22.81,0.0,0.0,0.614,0.08799999999999997,19.27,9.38,18.3,27.68,31.78,20.63,54.0,0.261,12.0,22.22,6.0,11.11,0.7709999999999999,0.1519999999999999,21.28,8.77,19.3,28.07,18.18,17.19
746785,2024-06-08,2024,657557,R,669711,R,field_out,False,False,151.0,0.266,49.0,32.45,5.0,3.31,0.8220000000000001,0.238,32.14,18.78,9.39,28.17,33.46,25.52,281.0,0.203,86.0,30.6,12.0,4.27,0.603,0.1539999999999999,36.49,19.09,15.38,34.47,35.28,34.68,57.0,0.263,13.0,22.81,0.0,0.0,0.614,0.08799999999999997,19.27,9.38,18.3,27.68,31.78,20.63,54.0,0.261,12.0,22.22,6.0,11.11,0.7709999999999999,0.1519999999999999,21.28,8.77,19.3,28.07,18.18,17.19
746785,2024-06-08,2024,693049,L,669711,R,field_out,False,False,14.0,0.182,2.0,14.29,2.0,14.29,0.5389999999999999,0.0,20.83,9.43,15.09,24.53,32.35,14.29,200.0,0.225,54.0,27.0,9.0,4.5,0.5840000000000001,0.096,31.03,16.83,13.63,30.46,39.85,27.84,49.0,0.279,15.0,30.61,5.0,10.2,0.9349999999999999,0.30199999999999994,25.0,12.68,14.55,27.23,33.65,20.0,33.0,0.29,10.0,30.3,2.0,6.06,0.752,0.129,39.29,18.33,16.67,35.0,25.81,35.71
746785,2024-06-08,2024,686676,R,669711,R,field_out,False,False,113.0,0.245,31.0,27.43,6.0,5.31,0.701,0.16999999999999998,37.93,21.36,11.41,32.77,32.8,22.79,47.0,0.116,12.0,25.53,4.0,8.51,0.4,0.0929999999999999,33.71,18.07,13.25,31.33,34.15,23.53,57.0,0.263,13.0,22.81,0.0,0.0,0.614,0.08799999999999997,19.27,9.38,18.3,27.68,31.78,20.63,54.0,0.261,12.0,22.22,6.0,11.11,0.7709999999999999,0.1519999999999999,21.28,8.77,19.3,28.07,18.18,17.19
746785,2024-06-08,2024,643265,R,686563,R,single,False,False,70.0,0.175,21.0,30.0,5.0,7.14,0.511,0.07900000000000001,25.64,11.03,22.43,33.46,32.61,25.0,345.0,0.228,97.0,28.12,23.0,6.67,0.665,0.156,29.15,15.03,15.69,30.72,39.78,20.95,39.0,0.216,7.0,17.95,2.0,5.13,0.526,0.05400000000000002,21.18,10.65,17.75,28.4,27.85,10.61,,,,,,,,,,,,,,
746785,2024-06-08,2024,642086,L,686563,R,strikeout,True,False,98.0,0.198,19.0,19.39,11.0,11.22,0.563,0.069,24.14,11.73,15.64,27.37,31.89,20.21,414.0,0.263,62.0,14.98,33.0,7.97,0.736,0.135,19.9,10.09,14.56,24.65,32.27,13.42,37.0,0.429,10.0,27.03,2.0,5.41,1.202,0.314,25.0,12.16,15.54,27.7,32.91,19.23,,,,,,,,,,,,,,
746785,2024-06-08,2024,678882,R,686563,R,single,False,False,175.0,0.218,45.0,25.71,5.0,2.86,0.611,0.152,32.45,20.16,11.8,31.97,45.1,22.61,62.0,0.263,20.0,32.26,3.0,4.84,0.6739999999999999,0.1049999999999999,27.08,15.6,11.2,26.8,42.11,22.22,39.0,0.216,7.0,17.95,2.0,5.13,0.526,0.05400000000000002,21.18,10.65,17.75,28.4,27.85,10.61,,,,,,,,,,,,,,
746785,2024-06-08,2024,680776,L,686563,R,strikeout,True,False,205.0,0.287,44.0,21.46,15.0,7.32,0.8840000000000001,0.25600000000000006,23.82,11.46,14.99,26.45,28.12,19.64,314.0,0.296,75.0,23.89,21.0,6.69,0.84,0.195,24.68,12.92,13.75,26.67,30.3,19.02,37.0,0.429,10.0,27.03,2.0,5.41,1.202,0.314,25.0,12.16,15.54,27.7,32.91,19.23,,,,,,,,,,,,,,
746785,2024-06-08,2024,608701,R,686563,R,field_out,False,False,71.0,0.349,13.0,18.31,6.0,8.45,0.97,0.20700000000000007,18.9,8.82,17.65,26.47,22.66,14.77,98.0,0.159,25.0,25.51,10.0,10.2,0.466,0.036,25.0,10.43,19.91,30.33,20.39,18.38,39.0,0.216,7.0,17.95,2.0,5.13,0.526,0.05400000000000002,21.18,10.65,17.75,28.4,27.85,10.61,,,,,,,,,,,,,,
746785,2024-06-08,2024,672820,R,641745,R,strikeout,True,False,45.0,0.171,13.0,28.89,2.0,4.44,0.42200000000000004,0.023999999999999994,27.71,13.45,22.22,35.67,38.55,25.49,123.0,0.178,30.0,24.39,2.0,1.63,0.504,0.136,24.69,13.05,16.81,29.87,39.56,22.39,62.0,0.281,11.0,17.74,5.0,8.06,0.935,0.31499999999999995,20.72,9.27,18.95,28.23,22.88,13.75,102.0,0.256,15.0,14.71,22.0,21.57,0.7769999999999999,0.0899999999999999,25.0,8.96,17.43,26.39,22.82,15.62
746785,2024-06-08,2024,667452,R,641745,R,strikeout,True,False,43.0,0.237,6.0,13.95,5.0,11.63,0.7210000000000001,0.15800000000000003,13.75,6.01,19.13,25.14,30.93,9.09,250.0,0.249,56.0,22.4,20.0,8.0,0.659,0.0979999999999999,26.42,11.51,19.54,31.05,28.57,19.44,62.0,0.281,11.0,17.74,5.0,8.06,0.935,0.31499999999999995,20.72,9.27,18.95,28.23,22.88,13.75,102.0,0.256,15.0,14.71,22.0,21.57,0.7769999999999999,0.0899999999999999,25.0,8.96,17.43,26.39,22.82,15.62
746785,2024-06-08,2024,670032,L,641745,R,field_out,False,False,159.0,0.248,24.0,15.09,13.0,8.18,0.607,0.04299999999999998,17.94,8.45,16.55,25.0,26.41,17.39,212.0,0.228,33.0,15.57,24.0,11.32,0.647,0.089,22.47,10.7,16.47,27.16,26.6,14.22,53.0,0.22,8.0,15.09,3.0,5.66,0.644,0.16,21.43,10.0,15.24,25.24,29.31,14.29,109.0,0.262,16.0,14.68,23.0,21.1,0.8029999999999999,0.119,20.99,8.15,16.95,25.11,17.86,12.7
746785,2024-06-08,2024,657136,R,686563,R,single,False,False,115.0,0.321,23.0,20.0,1.0,0.87,0.813,0.14100000000000001,25.96,14.21,14.74,28.95,34.46,23.23,296.0,0.262,94.0,31.76,13.0,4.39,0.734,0.1669999999999999,32.08,16.95,15.14,32.09,35.28,27.01,39.0,0.216,7.0,17.95,2.0,5.13,0.526,0.05400000000000002,21.18,10.65,17.75,28.4,27.85,10.61,,,,,,,,,,,,,,
746785,2024-06-08,2024,646240,L,686563,R,strikeout,True,False,153.0,0.298,30.0,19.61,21.0,13.73,1.048,0.35800000000000004,23.81,11.24,13.16,24.4,31.38,16.04,469.0,0.27,89.0,18.98,51.0,10.87,0.863,0.235,25.44,13.04,9.74,22.78,33.05,15.06,37.0,0.429,10.0,27.03,2.0,5.41,1.202,0.314,25.0,12.16,15.54,27.7,32.91,19.23,,,,,,,,,,,,,,
746785,2024-06-08,2024,666152,L,686563,R,strikeout,True,False,102.0,0.28,24.0,23.53,8.0,7.84,0.773,0.14999999999999997,26.83,11.22,20.41,31.63,19.39,21.82,36.0,0.1,10.0,27.78,6.0,16.67,0.417,0.067,20.0,8.44,23.38,31.82,26.39,15.38,37.0,0.429,10.0,27.03,2.0,5.41,1.202,0.314,25.0,12.16,15.54,27.7,32.91,19.23,,,,,,,,,,,,,,
746785,2024-06-08,2024,642197,R,686563,R,field_out,False,False,4.0,0.25,1.0,25.0,0.0,0.0,0.5,0.0,25.0,11.11,16.67,27.78,20.0,14.29,,,,,,,,,,,,,,,39.0,0.216,7.0,17.95,2.0,5.13,0.526,0.05400000000000002,21.18,10.65,17.75,28.4,27.85,10.61,,,,,,,,,,,,,,
746785,2024-06-08,2024,673357,R,641745,R,field_out,False,False,36.0,0.171,15.0,41.67,1.0,2.78,0.7370000000000001,0.372,40.0,22.22,14.58,36.81,40.26,28.85,477.0,0.252,132.0,27.67,25.0,5.24,0.8340000000000001,0.279,32.83,18.94,10.59,29.53,40.07,24.77,62.0,0.281,11.0,17.74,5.0,8.06,0.935,0.31499999999999995,20.72,9.27,18.95,28.23,22.88,13.75,102.0,0.256,15.0,14.71,22.0,21.57,0.7769999999999999,0.0899999999999999,25.0,8.96,17.43,26.39,22.82,15.62
746785,2024-06-08,2024,657757,L,641745,R,walk,False,True,187.0,0.247,28.0,14.97,26.0,13.9,0.784,0.177,18.43,7.96,17.75,25.72,27.55,11.57,324.0,0.212,58.0,17.9,28.0,8.64,0.63,0.1369999999999999,20.44,9.67,14.66,24.33,29.35,14.25,53.0,0.22,8.0,15.09,3.0,5.66,0.644,0.16,21.43,10.0,15.24,25.24,29.31,14.29,109.0,0.262,16.0,14.68,23.0,21.1,0.8029999999999999,0.119,20.99,8.15,16.95,25.11,17.86,12.7
746785,2024-06-08,2024,683734,R,641745,R,field_out,False,False,189.0,0.205,50.0,26.46,14.0,7.41,0.62,0.13999999999999999,24.21,11.28,17.99,29.26,30.03,21.19,474.0,0.267,109.0,23.0,29.0,6.12,0.774,0.18,26.24,11.95,18.94,30.89,30.92,21.51,62.0,0.281,11.0,17.74,5.0,8.06,0.935,0.31499999999999995,20.72,9.27,18.95,28.23,22.88,13.75,102.0,0.256,15.0,14.71,22.0,21.57,0.7769999999999999,0.0899999999999999,25.0,8.96,17.43,26.39,22.82,15.62
746785,2024-06-08,2024,657557,R,641745,R,double,False,False,151.0,0.266,49.0,32.45,5.0,3.31,0.8220000000000001,0.238,32.14,18.78,9.39,28.17,33.46,25.52,281.0,0.203,86.0,30.6,12.0,4.27,0.603,0.1539999999999999,36.49,19.09,15.38,34.47,35.28,34.68,62.0,0.281,11.0,17.74,5.0,8.06,0.935,0.31499999999999995,20.72,9.27,18.95,28.23,22.88,13.75,102.0,0.256,15.0,14.71,22.0,21.57,0.7769999999999999,0.0899999999999999,25.0,8.96,17.43,26.39,22.82,15.62
746785,2024-06-08,2024,693049,L,641745,R,field_out,False,False,14.0,0.182,2.0,14.29,2.0,14.29,0.5389999999999999,0.0,20.83,9.43,15.09,24.53,32.35,14.29,200.0,0.225,54.0,27.0,9.0,4.5,0.5840000000000001,0.096,31.03,16.83,13.63,30.46,39.85,27.84,53.0,0.22,8.0,15.09,3.0,5.66,0.644,0.16,21.43,10.0,15.24,25.24,29.31,14.29,109.0,0.262,16.0,14.68,23.0,21.1,0.8029999999999999,0.119,20.99,8.15,16.95,25.11,17.86,12.7
746785,2024-06-08,2024,643265,R,686563,R,field_out,False,False,70.0,0.175,21.0,30.0,5.0,7.14,0.511,0.07900000000000001,25.64,11.03,22.43,33.46,32.61,25.0,345.0,0.228,97.0,28.12,23.0,6.67,0.665,0.156,29.15,15.03,15.69,30.72,39.78,20.95,39.0,0.216,7.0,17.95,2.0,5.13,0.526,0.05400000000000002,21.18,10.65,17.75,28.4,27.85,10.61,,,,,,,,,,,,,,
746785,2024-06-08,2024,642086,L,686563,R,field_out,False,False,98.0,0.198,19.0,19.39,11.0,11.22,0.563,0.069,24.14,11.73,15.64,27.37,31.89,20.21,414.0,0.263,62.0,14.98,33.0,7.97,0.736,0.135,19.9,10.09,14.56,24.65,32.27,13.42,37.0,0.429,10.0,27.03,2.0,5.41,1.202,0.314,25.0,12.16,15.54,27.7,32.91,19.23,,,,,,,,,,,,,,
746785,2024-06-08,2024,678882,R,686563,R,field_error,False,False,175.0,0.218,45.0,25.71,5.0,2.86,0.611,0.152,32.45,20.16,11.8,31.97,45.1,22.61,62.0,0.263,20.0,32.26,3.0,4.84,0.6739999999999999,0.1049999999999999,27.08,15.6,11.2,26.8,42.11,22.22,39.0,0.216,7.0,17.95,2.0,5.13,0.526,0.05400000000000002,21.18,10.65,17.75,28.4,27.85,10.61,,,,,,,,,,,,,,
746785,2024-06-08,2024,680776,L,686563,R,field_out,False,False,205.0,0.287,44.0,21.46,15.0,7.32,0.8840000000000001,0.25600000000000006,23.82,11.46,14.99,26.45,28.12,19.64,314.0,0.296,75.0,23.89,21.0,6.69,0.84,0.195,24.68,12.92,13.75,26.67,30.3,19.02,37.0,0.429,10.0,27.03,2.0,5.41,1.202,0.314,25.0,12.16,15.54,27.7,32.91,19.23,,,,,,,,,,,,,,
746302,2024-06-08,2024,641487,L,663738,L,field_out,False,False,52.0,0.298,7.0,13.46,5.0,9.62,0.812,0.14900000000000002,11.76,4.57,23.74,28.31,9.89,9.72,193.0,0.267,41.0,21.24,27.0,13.99,0.755,0.1149999999999999,19.56,7.7,20.12,27.83,20.15,17.67,12.0,0.1,4.0,33.33,1.0,8.33,0.267,0.0,20.83,9.26,18.52,27.78,20.0,17.39,32.0,0.333,4.0,12.5,1.0,3.12,0.708,0.0,18.64,9.65,16.67,26.32,19.57,12.5
746302,2024-06-08,2024,664238,R,663738,L,hit_by_pitch,False,False,66.0,0.218,14.0,21.21,7.0,10.61,0.773,0.23700000000000002,19.64,8.33,17.05,25.38,18.32,18.67,92.0,0.222,28.0,30.43,10.0,10.87,0.796,0.259,33.33,14.66,18.06,32.72,23.83,23.53,58.0,0.24,8.0,13.79,5.0,8.62,0.825,0.24,19.79,9.41,15.35,24.75,22.22,16.67,191.0,0.23,30.0,15.71,15.0,7.85,0.731,0.213,25.67,12.37,13.81,26.19,30.4,17.14
746302,2024-06-08,2024,677594,R,663738,L,single,False,False,75.0,0.338,20.0,26.67,5.0,6.67,0.863,0.13299999999999995,33.56,18.18,10.18,28.36,36.49,25.64,169.0,0.301,48.0,28.4,12.0,7.1,0.842,0.186,29.55,15.52,11.29,26.8,35.14,26.23,58.0,0.24,8.0,13.79,5.0,8.62,0.825,0.24,19.79,9.41,15.35,24.75,22.22,16.67,191.0,0.23,30.0,15.71,15.0,7.85,0.731,0.213,25.67,12.37,13.81,26.19,30.4,17.14
746302,2024-06-08,2024,664034,R,663738,L,hit_by_pitch,False,False,69.0,0.254,17.0,24.64,8.0,11.59,0.786,0.16999999999999998,31.25,14.6,13.14,27.74,26.71,21.79,160.0,0.28,32.0,20.0,6.0,3.75,0.718,0.1129999999999999,21.07,12.16,10.7,22.85,36.66,14.81,58.0,0.24,8.0,13.79,5.0,8.62,0.825,0.24,19.79,9.41,15.35,24.75,22.22,16.67,191.0,0.23,30.0,15.71,15.0,7.85,0.731,0.213,25.67,12.37,13.81,26.19,30.4,17.14
746302,2024-06-08,2024,663728,R,663738,L,field_out,False,False,59.0,0.143,18.0,30.51,6.0,10.17,0.7030000000000001,0.30600000000000005,35.94,19.09,10.37,29.46,34.11,22.5,108.0,0.218,32.0,29.63,7.0,6.48,0.645,0.158,31.38,17.77,9.0,26.78,35.38,24.06,58.0,0.24,8.0,13.79,5.0,8.62,0.825,0.24,19.79,9.41,15.35,24.75,22.22,16.67,191.0,0.23,30.0,15.71,15.0,7.85,0.731,0.213,25.67,12.37,13.81,26.19,30.4,17.14
746302,2024-06-08,2024,641598,R,663738,L,walk,False,True,58.0,0.24,14.0,24.14,8.0,13.79,0.845,0.26,23.76,8.99,23.22,32.21,20.74,13.73,84.0,0.344,12.0,14.29,19.0,22.62,0.938,0.094,15.7,5.37,20.06,25.42,13.76,12.9,58.0,0.24,8.0,13.79,5.0,8.62,0.825,0.24,19.79,9.41,15.35,24.75,22.22,16.67,191.0,0.23,30.0,15.71,15.0,7.85,0.731,0.213,25.67,12.37,13.81,26.19,30.4,17.14
746302,2024-06-08,2024,571745,R,663738,L,double,False,False,70.0,0.167,17.0,24.29,4.0,5.71,0.396,0.014999999999999986,27.34,12.41,17.73,30.14,23.7,17.98,69.0,0.254,17.0,24.64,5.0,7.25,0.706,0.143,26.02,11.43,17.5,28.93,26.06,19.54,58.0,0.24,8.0,13.79,5.0,8.62,0.825,0.24,19.79,9.41,15.35,24.75,22.22,16.67,191.0,0.23,30.0,15.71,15.0,7.85,0.731,0.213,25.67,12.37,13.81,26.19,30.4,17.14
746302,2024-06-08,2024,645302,R,663738,L,double,False,False,12.0,0.1,5.0,41.67,1.0,8.33,0.45,0.1,31.58,17.14,11.43,28.57,35.29,50.0,40.0,0.364,3.0,7.5,4.0,10.0,0.871,0.06,14.49,7.25,11.59,18.84,26.76,8.33,58.0,0.24,8.0,13.79,5.0,8.62,0.825,0.24,19.79,9.41,15.35,24.75,22.22,16.67,191.0,0.23,30.0,15.71,15.0,7.85,0.731,0.213,25.67,12.37,13.81,26.19,30.4,17.14
746302,2024-06-08,2024,669208,R,663738,L,home_run,False,False,11.0,0.25,3.0,27.27,3.0,27.27,1.08,0.375,37.5,13.95,13.95,27.91,9.52,30.0,,,,,,,,,,,,,,,58.0,0.24,8.0,13.79,5.0,8.62,0.825,0.24,19.79,9.41,15.35,24.75,22.22,16.67,191.0,0.23,30.0,15.71,15.0,7.85,0.731,0.213,25.67,12.37,13.81,26.19,30.4,17.14
746302,2024-06-08,2024,641487,L,663738,L,field_out,False,False,52.0,0.298,7.0,13.46,5.0,9.62,0.812,0.14900000000000002,11.76,4.57,23.74,28.31,9.89,9.72,193.0,0.267,41.0,21.24,27.0,13.99,0.755,0.1149999999999999,19.56,7.7,20.12,27.83,20.15,17.67,12.0,0.1,4.0,33.33,1.0,8.33,0.267,0.0,20.83,9.26,18.52,27.78,20.0,17.39,32.0,0.333,4.0,12.5,1.0,3.12,0.708,0.0,18.64,9.65,16.67,26.32,19.57,12.5
746302,2024-06-08,2024,672580,R,682243,R,field_out,False,False,232.0,0.248,42.0,18.1,18.0,7.76,0.6519999999999999,0.09999999999999998,19.31,8.39,20.69,29.08,21.09,16.94,400.0,0.258,94.0,23.5,33.0,8.25,0.648,0.071,20.3,8.71,19.59,28.3,19.12,19.96,138.0,0.215,39.0,28.26,7.0,5.07,0.562,0.093,26.56,12.73,17.6,30.34,24.8,22.35,282.0,0.2,72.0,25.53,10.0,3.55,0.549,0.1149999999999999,25.0,13.61,14.7,28.31,29.61,20.28
746302,2024-06-08,2024,677951,R,682243,R,single,False,False,241.0,0.333,42.0,17.43,20.0,8.3,0.969,0.24599999999999994,24.95,12.27,13.77,26.04,28.75,17.28,547.0,0.27,93.0,17.0,33.0,6.03,0.8,0.2149999999999999,22.15,10.87,15.53,26.4,29.62,14.44,138.0,0.215,39.0,28.26,7.0,5.07,0.562,0.093,26.56,12.73,17.6,30.34,24.8,22.35,282.0,0.2,72.0,25.53,10.0,3.55,0.549,0.1149999999999999,25.0,13.61,14.7,28.31,29.61,20.28
746302,2024-06-08,2024,686469,L,682243,R,field_out,False,False,202.0,0.228,29.0,14.36,22.0,10.89,0.745,0.19899999999999998,14.05,6.29,15.91,22.19,28.31,13.55,188.0,0.251,23.0,12.23,15.0,7.98,0.784,0.217,14.85,7.02,17.48,24.5,34.8,10.0,161.0,0.186,33.0,20.5,15.0,9.32,0.6679999999999999,0.22099999999999997,23.95,12.09,14.22,26.31,27.0,17.74,256.0,0.303,47.0,18.36,16.0,6.25,0.916,0.255,23.37,11.88,14.6,26.49,27.52,16.04
746302,2024-06-08,2024,521692,R,682243,R,strikeout,True,False,195.0,0.305,32.0,16.41,14.0,7.18,0.887,0.20600000000000002,24.21,13.98,8.76,22.74,43.95,13.68,437.0,0.264,100.0,22.88,11.0,2.52,0.73,0.174,30.72,18.16,9.73,27.89,45.56,22.08,138.0,0.215,39.0,28.26,7.0,5.07,0.562,0.093,26.56,12.73,17.6,30.34,24.8,22.35,282.0,0.2,72.0,25.53,10.0,3.55,0.549,0.1149999999999999,25.0,13.61,14.7,28.31,29.61,20.28
746302,2024-06-08,2024,664238,R,663738,L,field_out,False,False,66.0,0.218,14.0,21.21,7.0,10.61,0.773,0.23700000000000002,19.64,8.33,17.05,25.38,18.32,18.67,92.0,0.222,28.0,30.43,10.0,10.87,0.796,0.259,33.33,14.66,18.06,32.72,23.83,23.53,58.0,0.24,8.0,13.79,5.0,8.62,0.825,0.24,19.79,9.41,15.35,24.75,22.22,16.67,191.0,0.23,30.0,15.71,15.0,7.85,0.731,0.213,25.67,12.37,13.81,26.19,30.4,17.14
746302,2024-06-08,2024,677594,R,663738,L,walk,False,True,75.0,0.338,20.0,26.67,5.0,6.67,0.863,0.13299999999999995,33.56,18.18,10.18,28.36,36.49,25.64,169.0,0.301,48.0,28.4,12.0,7.1,0.842,0.186,29.55,15.52,11.29,26.8,35.14,26.23,58.0,0.24,8.0,13.79,5.0,8.62,0.825,0.24,19.79,9.41,15.35,24.75,22.22,16.67,191.0,0.23,30.0,15.71,15.0,7.85,0.731,0.213,25.67,12.37,13.81,26.19,30.4,17.14
746302,2024-06-08,2024,664034,R,663738,L,strikeout,True,False,69.0,0.254,17.0,24.64,8.0,11.59,0.786,0.16999999999999998,31.25,14.6,13.14,27.74,26.71,21.79,160.0,0.28,32.0,20.0,6.0,3.75,0.718,0.1129999999999999,21.07,12.16,10.7,22.85,36.66,14.81,58.0,0.24,8.0,13.79,5.0,8.62,0.825,0.24,19.79,9.41,15.35,24.75,22.22,16.67,191.0,0.23,30.0,15.71,15.0,7.85,0.731,0.213,25.67,12.37,13.81,26.19,30.4,17.14
746302,2024-06-08,2024,663728,R,663738,L,walk,False,True,59.0,0.143,18.0,30.51,6.0,10.17,0.7030000000000001,0.30600000000000005,35.94,19.09,10.37,29.46,34.11,22.5,108.0,0.218,32.0,29.63,7.0,6.48,0.645,0.158,31.38,17.77,9.0,26.78,35.38,24.06,58.0,0.24,8.0,13.79,5.0,8.62,0.825,0.24,19.79,9.41,15.35,24.75,22.22,16.67,191.0,0.23,30.0,15.71,15.0,7.85,0.731,0.213,25.67,12.37,13.81,26.19,30.4,17.14
746302,2024-06-08,2024,641598,R,663738,L,field_out,False,False,58.0,0.24,14.0,24.14,8.0,13.79,0.845,0.26,23.76,8.99,23.22,32.21,20.74,13.73,84.0,0.344,12.0,14.29,19.0,22.62,0.938,0.094,15.7,5.37,20.06,25.42,13.76,12.9,58.0,0.24,8.0,13.79,5.0,8.62,0.825,0.24,19.79,9.41,15.35,24.75,22.22,16.67,191.0,0.23,30.0,15.71,15.0,7.85,0.731,0.213,25.67,12.37,13.81,26.19,30.4,17.14
746302,2024-06-08,2024,676369,R,682243,R,field_out,False,False,137.0,0.205,40.0,29.2,8.0,5.84,0.6639999999999999,0.204,36.73,16.92,15.98,32.89,28.08,24.84,125.0,0.257,36.0,28.8,9.0,7.2,0.966,0.389,35.34,17.89,12.6,30.49,29.12,21.95,138.0,0.215,39.0,28.26,7.0,5.07,0.562,0.093,26.56,12.73,17.6,30.34,24.8,22.35,282.0,0.2,72.0,25.53,10.0,3.55,0.549,0.1149999999999999,25.0,13.61,14.7,28.31,29.61,20.28
746302,2024-06-08,2024,669004,L,682243,R,field_out,False,False,157.0,0.168,40.0,25.48,13.0,8.28,0.62,0.21,29.77,15.28,11.72,27.0,27.61,17.02,459.0,0.239,122.0,26.58,55.0,11.98,0.752,0.181,32.7,15.24,15.56,30.8,24.84,20.68,161.0,0.186,33.0,20.5,15.0,9.32,0.6679999999999999,0.22099999999999997,23.95,12.09,14.22,26.31,27.0,17.74,256.0,0.303,47.0,18.36,16.0,6.25,0.916,0.255,23.37,11.88,14.6,26.49,27.52,16.04
746302,2024-06-08,2024,592669,R,682243,R,field_out,False,False,123.0,0.189,24.0,19.51,11.0,8.94,0.5920000000000001,0.135,26.19,10.89,21.78,32.67,25.19,15.0,408.0,0.229,91.0,22.3,35.0,8.58,0.723,0.1969999999999999,28.12,14.44,14.12,28.56,33.7,19.12,138.0,0.215,39.0,28.26,7.0,5.07,0.562,0.093,26.56,12.73,17.6,30.34,24.8,22.35,282.0,0.2,72.0,25.53,10.0,3.55,0.549,0.1149999999999999,25.0,13.61,14.7,28.31,29.61,20.28
746302,2024-06-08,2024,571745,R,663738,L,field_out,False,False,70.0,0.167,17.0,24.29,4.0,5.71,0.396,0.014999999999999986,27.34,12.41,17.73,30.14,23.7,17.98,69.0,0.254,17.0,24.64,5.0,7.25,0.706,0.143,26.02,11.43,17.5,28.93,26.06,19.54,58.0,0.24,8.0,13.79,5.0,8.62,0.825,0.24,19.79,9.41,15.35,24.75,22.22,16.67,191.0,0.23,30.0,15.71,15.0,7.85,0.731,0.213,25.67,12.37,13.81,26.19,30.4,17.14
746302,2024-06-08,2024,645302,R,663738,L,strikeout,True,False,12.0,0.1,5.0,41.67,1.0,8.33,0.45,0.1,31.58,17.14,11.43,28.57,35.29,50.0,40.0,0.364,3.0,7.5,4.0,10.0,0.871,0.06,14.49,7.25,11.59,18.84,26.76,8.33,58.0,0.24,8.0,13.79,5.0,8.62,0.825,0.24,19.79,9.41,15.35,24.75,22.22,16.67,191.0,0.23,30.0,15.71,15.0,7.85,0.731,0.213,25.67,12.37,13.81,26.19,30.4,17.14
746302,2024-06-08,2024,669208,R,663738,L,strikeout,True,False,11.0,0.25,3.0,27.27,3.0,27.27,1.08,0.375,37.5,13.95,13.95,27.91,9.52,30.0,,,,,,,,,,,,,,,58.0,0.24,8.0,13.79,5.0,8.62,0.825,0.24,19.79,9.41,15.35,24.75,22.22,16.67,191.0,0.23,30.0,15.71,15.0,7.85,0.731,0.213,25.67,12.37,13.81,26.19,30.4,17.14
746302,2024-06-08,2024,624428,L,682243,R,single,False,False,124.0,0.213,22.0,17.74,14.0,11.29,0.602,0.07399999999999998,17.3,7.87,18.43,26.3,25.59,12.57,392.0,0.248,60.0,15.31,26.0,6.63,0.7090000000000001,0.158,19.43,9.43,17.73,27.16,29.49,14.18,161.0,0.186,33.0,20.5,15.0,9.32,0.6679999999999999,0.22099999999999997,23.95,12.09,14.22,26.31,27.0,17.74,256.0,0.303,47.0,18.36,16.0,6.25,0.916,0.255,23.37,11.88,14.6,26.49,27.52,16.04
746302,2024-06-08,2024,664728,L,682243,R,force_out,False,False,145.0,0.207,24.0,16.55,9.0,6.21,0.5980000000000001,0.13400000000000004,17.18,7.93,21.14,29.07,31.22,19.83,253.0,0.223,43.0,17.0,12.0,4.74,0.631,0.147,20.48,9.51,19.8,29.31,28.6,18.78,161.0,0.186,33.0,20.5,15.0,9.32,0.6679999999999999,0.22099999999999997,23.95,12.09,14.22,26.31,27.0,17.74,256.0,0.303,47.0,18.36,16.0,6.25,0.916,0.255,23.37,11.88,14.6,26.49,27.52,16.04
746302,2024-06-08,2024,672580,R,682243,R,grounded_into_double_play,False,False,232.0,0.248,42.0,18.1,18.0,7.76,0.6519999999999999,0.09999999999999998,19.31,8.39,20.69,29.08,21.09,16.94,400.0,0.258,94.0,23.5,33.0,8.25,0.648,0.071,20.3,8.71,19.59,28.3,19.12,19.96,138.0,0.215,39.0,28.26,7.0,5.07,0.562,0.093,26.56,12.73,17.6,30.34,24.8,22.35,282.0,0.2,72.0,25.53,10.0,3.55,0.549,0.1149999999999999,25.0,13.61,14.7,28.31,29.61,20.28
746302,2024-06-08,2024,641487,L,663738,L,single,False,False,52.0,0.298,7.0,13.46,5.0,9.62,0.812,0.14900000000000002,11.76,4.57,23.74,28.31,9.89,9.72,193.0,0.267,41.0,21.24,27.0,13.99,0.755,0.1149999999999999,19.56,7.7,20.12,27.83,20.15,17.67,12.0,0.1,4.0,33.33,1.0,8.33,0.267,0.0,20.83,9.26,18.52,27.78,20.0,17.39,32.0,0.333,4.0,12.5,1.0,3.12,0.708,0.0,18.64,9.65,16.67,26.32,19.57,12.5
746302,2024-06-08,2024,664238,R,663738,L,field_out,False,False,66.0,0.218,14.0,21.21,7.0,10.61,0.773,0.23700000000000002,19.64,8.33,17.05,25.38,18.32,18.67,92.0,0.222,28.0,30.43,10.0,10.87,0.796,0.259,33.33,14.66,18.06,32.72,23.83,23.53,58.0,0.24,8.0,13.79,5.0,8.62,0.825,0.24,19.79,9.41,15.35,24.75,22.22,16.67,191.0,0.23,30.0,15.71,15.0,7.85,0.731,0.213,25.67,12.37,13.81,26.19,30.4,17.14
746302,2024-06-08,2024,677594,R,663738,L,walk,False,True,75.0,0.338,20.0,26.67,5.0,6.67,0.863,0.13299999999999995,33.56,18.18,10.18,28.36,36.49,25.64,169.0,0.301,48.0,28.4,12.0,7.1,0.842,0.186,29.55,15.52,11.29,26.8,35.14,26.23,58.0,0.24,8.0,13.79,5.0,8.62,0.825,0.24,19.79,9.41,15.35,24.75,22.22,16.67,191.0,0.23,30.0,15.71,15.0,7.85,0.731,0.213,25.67,12.37,13.81,26.19,30.4,17.14
746302,2024-06-08,2024,664034,R,663738,L,double,False,False,69.0,0.254,17.0,24.64,8.0,11.59,0.786,0.16999999999999998,31.25,14.6,13.14,27.74,26.71,21.79,160.0,0.28,32.0,20.0,6.0,3.75,0.718,0.1129999999999999,21.07,12.16,10.7,22.85,36.66,14.81,58.0,0.24,8.0,13.79,5.0,8.62,0.825,0.24,19.79,9.41,15.35,24.75,22.22,16.67,191.0,0.23,30.0,15.71,15.0,7.85,0.731,0.213,25.67,12.37,13.81,26.19,30.4,17.14
746302,2024-06-08,2024,663728,R,663738,L,strikeout,True,False,59.0,0.143,18.0,30.51,6.0,10.17,0.7030000000000001,0.30600000000000005,35.94,19.09,10.37,29.46,34.11,22.5,108.0,0.218,32.0,29.63,7.0,6.48,0.645,0.158,31.38,17.77,9.0,26.78,35.38,24.06,58.0,0.24,8.0,13.79,5.0,8.62,0.825,0.24,19.79,9.41,15.35,24.75,22.22,16.67,191.0,0.23,30.0,15.71,15.0,7.85,0.731,0.213,25.67,12.37,13.81,26.19,30.4,17.14
746302,2024-06-08,2024,641598,R,663738,L,field_out,False,False,58.0,0.24,14.0,24.14,8.0,13.79,0.845,0.26,23.76,8.99,23.22,32.21,20.74,13.73,84.0,0.344,12.0,14.29,19.0,22.62,0.938,0.094,15.7,5.37,20.06,25.42,13.76,12.9,58.0,0.24,8.0,13.79,5.0,8.62,0.825,0.24,19.79,9.41,15.35,24.75,22.22,16.67,191.0,0.23,30.0,15.71,15.0,7.85,0.731,0.213,25.67,12.37,13.81,26.19,30.4,17.14
746302,2024-06-08,2024,677951,R,682243,R,single,False,False,241.0,0.333,42.0,17.43,20.0,8.3,0.969,0.24599999999999994,24.95,12.27,13.77,26.04,28.75,17.28,547.0,0.27,93.0,17.0,33.0,6.03,0.8,0.2149999999999999,22.15,10.87,15.53,26.4,29.62,14.44,138.0,0.215,39.0,28.26,7.0,5.07,0.562,0.093,26.56,12.73,17.6,30.34,24.8,22.35,282.0,0.2,72.0,25.53,10.0,3.55,0.549,0.1149999999999999,25.0,13.61,14.7,28.31,29.61,20.28
746302,2024-06-08,2024,686469,L,682243,R,walk,False,True,202.0,0.228,29.0,14.36,22.0,10.89,0.745,0.19899999999999998,14.05,6.29,15.91,22.19,28.31,13.55,188.0,0.251,23.0,12.23,15.0,7.98,0.784,0.217,14.85,7.02,17.48,24.5,34.8,10.0,161.0,0.186,33.0,20.5,15.0,9.32,0.6679999999999999,0.22099999999999997,23.95,12.09,14.22,26.31,27.0,17.74,256.0,0.303,47.0,18.36,16.0,6.25,0.916,0.255,23.37,11.88,14.6,26.49,27.52,16.04
746302,2024-06-08,2024,521692,R,682243,R,field_out,False,False,195.0,0.305,32.0,16.41,14.0,7.18,0.887,0.20600000000000002,24.21,13.98,8.76,22.74,43.95,13.68,437.0,0.264,100.0,22.88,11.0,2.52,0.73,0.174,30.72,18.16,9.73,27.89,45.56,22.08,138.0,0.215,39.0,28.26,7.0,5.07,0.562,0.093,26.56,12.73,17.6,30.34,24.8,22.35,282.0,0.2,72.0,25.53,10.0,3.55,0.549,0.1149999999999999,25.0,13.61,14.7,28.31,29.61,20.28
746302,2024-06-08,2024,676369,R,682243,R,single,False,False,137.0,0.205,40.0,29.2,8.0,5.84,0.6639999999999999,0.204,36.73,16.92,15.98,32.89,28.08,24.84,125.0,0.257,36.0,28.8,9.0,7.2,0.966,0.389,35.34,17.89,12.6,30.49,29.12,21.95,138.0,0.215,39.0,28.26,7.0,5.07,0.562,0.093,26.56,12.73,17.6,30.34,24.8,22.35,282.0,0.2,72.0,25.53,10.0,3.55,0.549,0.1149999999999999,25.0,13.61,14.7,28.31,29.61,20.28
746302,2024-06-08,2024,669004,L,682243,R,home_run,False,False,157.0,0.168,40.0,25.48,13.0,8.28,0.62,0.21,29.77,15.28,11.72,27.0,27.61,17.02,459.0,0.239,122.0,26.58,55.0,11.98,0.752,0.181,32.7,15.24,15.56,30.8,24.84,20.68,161.0,0.186,33.0,20.5,15.0,9.32,0.6679999999999999,0.22099999999999997,23.95,12.09,14.22,26.31,27.0,17.74,256.0,0.303,47.0,18.36,16.0,6.25,0.916,0.255,23.37,11.88,14.6,26.49,27.52,16.04
746302,2024-06-08,2024,592669,R,682243,R,field_out,False,False,123.0,0.189,24.0,19.51,11.0,8.94,0.5920000000000001,0.135,26.19,10.89,21.78,32.67,25.19,15.0,408.0,0.229,91.0,22.3,35.0,8.58,0.723,0.1969999999999999,28.12,14.44,14.12,28.56,33.7,19.12,138.0,0.215,39.0,28.26,7.0,5.07,0.562,0.093,26.56,12.73,17.6,30.34,24.8,22.35,282.0,0.2,72.0,25.53,10.0,3.55,0.549,0.1149999999999999,25.0,13.61,14.7,28.31,29.61,20.28
746302,2024-06-08,2024,624428,L,682243,R,field_out,False,False,124.0,0.213,22.0,17.74,14.0,11.29,0.602,0.07399999999999998,17.3,7.87,18.43,26.3,25.59,12.57,392.0,0.248,60.0,15.31,26.0,6.63,0.7090000000000001,0.158,19.43,9.43,17.73,27.16,29.49,14.18,161.0,0.186,33.0,20.5,15.0,9.32,0.6679999999999999,0.22099999999999997,23.95,12.09,14.22,26.31,27.0,17.74,256.0,0.303,47.0,18.36,16.0,6.25,0.916,0.255,23.37,11.88,14.6,26.49,27.52,16.04
746302,2024-06-08,2024,571745,R,608717,R,walk,False,True,160.0,0.243,44.0,27.5,14.0,8.75,0.725,0.174,29.6,12.35,18.22,30.57,21.1,21.5,161.0,0.189,48.0,29.81,10.0,6.21,0.599,0.1619999999999999,28.57,13.33,19.22,32.56,25.34,22.02,76.0,0.159,17.0,22.37,10.0,13.16,0.597,0.158,27.78,12.28,15.44,27.72,23.65,28.33,234.0,0.242,46.0,19.66,11.0,4.7,0.679,0.158,22.17,11.23,16.08,27.31,29.37,16.37
746302,2024-06-08,2024,645302,R,608717,R,strikeout,True,False,27.0,0.15,6.0,22.22,4.0,14.81,0.45799999999999996,0.0,28.33,13.6,14.4,28.0,26.56,11.76,86.0,0.27,15.0,17.44,7.0,8.14,0.6950000000000001,0.068,25.15,13.52,8.81,22.33,27.11,17.05,76.0,0.159,17.0,22.37,10.0,13.16,0.597,0.158,27.78,12.28,15.44,27.72,23.65,28.33,234.0,0.242,46.0,19.66,11.0,4.7,0.679,0.158,22.17,11.23,16.08,27.31,29.37,16.37
746302,2024-06-08,2024,669208,R,608717,R,field_out,False,False,9.0,0.125,0.0,0.0,1.0,11.11,0.347,0.0,6.67,2.94,11.76,14.71,6.67,0.0,,,,,,,,,,,,,,,76.0,0.159,17.0,22.37,10.0,13.16,0.597,0.158,27.78,12.28,15.44,27.72,23.65,28.33,234.0,0.242,46.0,19.66,11.0,4.7,0.679,0.158,22.17,11.23,16.08,27.31,29.37,16.37
746302,2024-06-08,2024,641487,L,608717,R,field_out,False,False,124.0,0.176,29.0,23.39,14.0,11.29,0.589,0.139,19.16,7.78,20.3,28.08,19.46,18.71,446.0,0.266,84.0,18.83,67.0,15.02,0.845,0.197,18.19,6.93,19.49,26.42,17.9,17.39,42.0,0.273,9.0,21.43,9.0,21.43,0.702,0.0,22.97,8.99,18.52,27.51,26.73,16.98,104.0,0.191,35.0,33.65,14.0,13.46,0.59,0.1009999999999999,21.74,8.85,21.02,29.87,22.5,22.88
746302,2024-06-08,2024,664728,L,682243,R,field_out,False,False,145.0,0.207,24.0,16.55,9.0,6.21,0.5980000000000001,0.13400000000000004,17.18,7.93,21.14,29.07,31.22,19.83,253.0,0.223,43.0,17.0,12.0,4.74,0.631,0.147,20.48,9.51,19.8,29.31,28.6,18.78,161.0,0.186,33.0,20.5,15.0,9.32,0.6679999999999999,0.22099999999999997,23.95,12.09,14.22,26.31,27.0,17.74,256.0,0.303,47.0,18.36,16.0,6.25,0.916,0.255,23.37,11.88,14.6,26.49,27.52,16.04
746302,2024-06-08,2024,672580,R,682243,R,field_out,False,False,232.0,0.248,42.0,18.1,18.0,7.76,0.6519999999999999,0.09999999999999998,19.31,8.39,20.69,29.08,21.09,16.94,400.0,0.258,94.0,23.5,33.0,8.25,0.648,0.071,20.3,8.71,19.59,28.3,19.12,19.96,138.0,0.215,39.0,28.26,7.0,5.07,0.562,0.093,26.56,12.73,17.6,30.34,24.8,22.35,282.0,0.2,72.0,25.53,10.0,3.55,0.549,0.1149999999999999,25.0,13.61,14.7,28.31,29.61,20.28
746302,2024-06-08,2024,677951,R,682243,R,field_out,False,False,241.0,0.333,42.0,17.43,20.0,8.3,0.969,0.24599999999999994,24.95,12.27,13.77,26.04,28.75,17.28,547.0,0.27,93.0,17.0,33.0,6.03,0.8,0.2149999999999999,22.15,10.87,15.53,26.4,29.62,14.44,138.0,0.215,39.0,28.26,7.0,5.07,0.562,0.093,26.56,12.73,17.6,30.34,24.8,22.35,282.0,0.2,72.0,25.53,10.0,3.55,0.549,0.1149999999999999,25.0,13.61,14.7,28.31,29.61,20.28
746302,2024-06-08,2024,664238,R,608717,R,double,False,False,128.0,0.215,35.0,27.34,13.0,10.16,0.738,0.18700000000000003,26.01,11.2,18.15,29.34,18.43,22.29,73.0,0.188,28.0,38.36,6.0,8.22,0.647,0.1709999999999999,33.56,16.33,21.33,37.67,34.46,26.17,76.0,0.159,17.0,22.37,10.0,13.16,0.597,0.158,27.78,12.28,15.44,27.72,23.65,28.33,234.0,0.242,46.0,19.66,11.0,4.7,0.679,0.158,22.17,11.23,16.08,27.31,29.37,16.37
746302,2024-06-08,2024,677594,R,608717,R,strikeout,True,False,200.0,0.241,56.0,28.0,12.0,6.0,0.589,0.057999999999999996,30.93,16.54,12.31,28.86,35.93,19.5,545.0,0.267,127.0,23.3,35.0,6.42,0.8109999999999999,0.2169999999999999,27.93,14.91,13.12,28.03,38.34,22.84,76.0,0.159,17.0,22.37,10.0,13.16,0.597,0.158,27.78,12.28,15.44,27.72,23.65,28.33,234.0,0.242,46.0,19.66,11.0,4.7,0.679,0.158,22.17,11.23,16.08,27.31,29.37,16.37
746302,2024-06-08,2024,664034,R,608717,R,walk,False,True,168.0,0.25,39.0,23.21,11.0,6.55,0.71,0.14500000000000002,19.87,9.52,15.05,24.58,25.24,18.57,506.0,0.24,85.0,16.8,37.0,7.31,0.698,0.1169999999999999,22.16,11.42,13.69,25.11,32.3,15.51,76.0,0.159,17.0,22.37,10.0,13.16,0.597,0.158,27.78,12.28,15.44,27.72,23.65,28.33,234.0,0.242,46.0,19.66,11.0,4.7,0.679,0.158,22.17,11.23,16.08,27.31,29.37,16.37
746302,2024-06-08,2024,663728,L,608717,R,strikeout,True,False,164.0,0.219,58.0,35.37,17.0,10.37,0.6759999999999999,0.158,30.47,15.47,13.08,28.55,31.48,22.62,462.0,0.235,126.0,27.27,47.0,10.17,0.7909999999999999,0.241,29.58,14.2,14.09,28.29,30.53,21.36,42.0,0.273,9.0,21.43,9.0,21.43,0.702,0.0,22.97,8.99,18.52,27.51,26.73,16.98,104.0,0.191,35.0,33.65,14.0,13.46,0.59,0.1009999999999999,21.74,8.85,21.02,29.87,22.5,22.88
746302,2024-06-08,2024,641598,R,608717,R,double,False,False,147.0,0.152,48.0,32.65,17.0,11.56,0.529,0.11200000000000002,34.3,13.67,23.23,36.9,19.58,24.0,262.0,0.25,70.0,26.72,25.0,9.54,0.845,0.267,25.84,10.63,19.22,29.85,18.71,21.21,76.0,0.159,17.0,22.37,10.0,13.16,0.597,0.158,27.78,12.28,15.44,27.72,23.65,28.33,234.0,0.242,46.0,19.66,11.0,4.7,0.679,0.158,22.17,11.23,16.08,27.31,29.37,16.37
746302,2024-06-08,2024,571745,R,608717,R,field_out,False,False,160.0,0.243,44.0,27.5,14.0,8.75,0.725,0.174,29.6,12.35,18.22,30.57,21.1,21.5,161.0,0.189,48.0,29.81,10.0,6.21,0.599,0.1619999999999999,28.57,13.33,19.22,32.56,25.34,22.02,76.0,0.159,17.0,22.37,10.0,13.16,0.597,0.158,27.78,12.28,15.44,27.72,23.65,28.33,234.0,0.242,46.0,19.66,11.0,4.7,0.679,0.158,22.17,11.23,16.08,27.31,29.37,16.37
746302,2024-06-08,2024,686469,L,682243,R,single,False,False,202.0,0.228,29.0,14.36,22.0,10.89,0.745,0.19899999999999998,14.05,6.29,15.91,22.19,28.31,13.55,188.0,0.251,23.0,12.23,15.0,7.98,0.784,0.217,14.85,7.02,17.48,24.5,34.8,10.0,161.0,0.186,33.0,20.5,15.0,9.32,0.6679999999999999,0.22099999999999997,23.95,12.09,14.22,26.31,27.0,17.74,256.0,0.303,47.0,18.36,16.0,6.25,0.916,0.255,23.37,11.88,14.6,26.49,27.52,16.04
746302,2024-06-08,2024,521692,R,682243,R,walk,False,True,195.0,0.305,32.0,16.41,14.0,7.18,0.887,0.20600000000000002,24.21,13.98,8.76,22.74,43.95,13.68,437.0,0.264,100.0,22.88,11.0,2.52,0.73,0.174,30.72,18.16,9.73,27.89,45.56,22.08,138.0,0.215,39.0,28.26,7.0,5.07,0.562,0.093,26.56,12.73,17.6,30.34,24.8,22.35,282.0,0.2,72.0,25.53,10.0,3.55,0.549,0.1149999999999999,25.0,13.61,14.7,28.31,29.61,20.28
746302,2024-06-08,2024,676369,R,682243,R,walk,False,True,137.0,0.205,40.0,29.2,8.0,5.84,0.6639999999999999,0.204,36.73,16.92,15.98,32.89,28.08,24.84,125.0,0.257,36.0,28.8,9.0,7.2,0.966,0.389,35.34,17.89,12.6,30.49,29.12,21.95,138.0,0.215,39.0,28.26,7.0,5.07,0.562,0.093,26.56,12.73,17.6,30.34,24.8,22.35,282.0,0.2,72.0,25.53,10.0,3.55,0.549,0.1149999999999999,25.0,13.61,14.7,28.31,29.61,20.28
746302,2024-06-08,2024,669004,L,642048,L,field_out,False,False,32.0,0.161,9.0,28.12,1.0,3.12,0.349,0.0,25.0,13.64,12.73,26.36,25.0,29.03,144.0,0.222,48.0,33.33,7.0,4.86,0.597,0.111,39.78,20.52,15.71,36.23,34.2,30.0,28.0,0.174,8.0,28.57,4.0,14.29,0.538,0.04300000000000001,27.08,11.82,17.27,29.09,26.79,23.53,69.0,0.21,16.0,23.19,4.0,5.8,0.516,0.048,28.1,13.77,21.05,34.82,33.02,23.19
746302,2024-06-08,2024,592669,R,642048,L,single,False,False,57.0,0.192,9.0,15.79,5.0,8.77,0.628,0.173,20.83,10.26,17.95,28.21,34.02,16.98,140.0,0.244,34.0,24.29,9.0,6.43,0.6859999999999999,0.142,21.48,10.53,16.33,26.86,32.76,20.36,40.0,0.27,8.0,20.0,3.0,7.5,0.73,0.135,28.57,13.7,14.38,28.08,39.08,21.05,139.0,0.248,27.0,19.42,19.0,13.67,0.72,0.088,30.42,13.42,15.81,29.23,33.43,18.75
746302,2024-06-08,2024,679845,R,642048,L,single,False,False,17.0,0.357,2.0,11.76,2.0,11.76,0.7689999999999999,0.0,10.71,4.84,14.52,19.35,25.0,11.11,24.0,0.421,5.0,20.83,3.0,12.5,1.079,0.1579999999999999,24.32,10.71,14.29,25.0,18.18,26.32,40.0,0.27,8.0,20.0,3.0,7.5,0.73,0.135,28.57,13.7,14.38,28.08,39.08,21.05,139.0,0.248,27.0,19.42,19.0,13.67,0.72,0.088,30.42,13.42,15.81,29.23,33.43,18.75
746302,2024-06-08,2024,641658,R,642048,L,strikeout,True,False,46.0,0.293,14.0,30.43,4.0,8.7,0.722,0.07300000000000001,25.0,12.07,13.79,25.86,22.22,29.79,82.0,0.264,22.0,26.83,9.0,10.98,0.707,0.0969999999999999,30.16,12.62,19.93,32.56,26.03,28.95,40.0,0.27,8.0,20.0,3.0,7.5,0.73,0.135,28.57,13.7,14.38,28.08,39.08,21.05,139.0,0.248,27.0,19.42,19.0,13.67,0.72,0.088,30.42,13.42,15.81,29.23,33.43,18.75
746302,2024-06-08,2024,672580,R,663423,R,field_out,False,False,232.0,0.248,42.0,18.1,18.0,7.76,0.6519999999999999,0.09999999999999998,19.31,8.39,20.69,29.08,21.09,16.94,400.0,0.258,94.0,23.5,33.0,8.25,0.648,0.071,20.3,8.71,19.59,28.3,19.12,19.96,60.0,0.16,13.0,21.67,7.0,11.67,0.516,0.07999999999999999,32.71,14.83,16.95,31.78,24.41,17.81,70.0,0.209,19.0,27.14,3.0,4.29,0.5860000000000001,0.134,26.12,13.36,17.18,30.53,37.78,20.88
746302,2024-06-08,2024,668942,L,694361,R,field_out,False,False,167.0,0.289,27.0,16.17,15.0,8.98,0.794,0.14700000000000002,18.46,8.47,16.33,24.81,21.17,14.52,299.0,0.249,64.0,21.4,22.0,7.36,0.6559999999999999,0.1019999999999999,22.77,10.13,19.65,29.78,25.55,19.69,10.0,0.5,2.0,20.0,2.0,20.0,1.225,0.125,31.58,15.38,12.82,28.21,33.33,18.18,,,,,,,,,,,,,,
746302,2024-06-08,2024,670042,L,694361,R,single,False,False,132.0,0.266,41.0,31.06,3.0,2.27,0.746,0.16899999999999998,34.44,19.06,11.07,30.12,31.06,30.83,363.0,0.247,112.0,30.85,26.0,7.16,0.8340000000000001,0.25,38.6,19.83,11.57,31.39,31.1,26.79,10.0,0.5,2.0,20.0,2.0,20.0,1.225,0.125,31.58,15.38,12.82,28.21,33.33,18.18,,,,,,,,,,,,,,
746302,2024-06-08,2024,641487,L,694361,R,walk,False,True,124.0,0.176,29.0,23.39,14.0,11.29,0.589,0.139,19.16,7.78,20.3,28.08,19.46,18.71,446.0,0.266,84.0,18.83,67.0,15.02,0.845,0.197,18.19,6.93,19.49,26.42,17.9,17.39,10.0,0.5,2.0,20.0,2.0,20.0,1.225,0.125,31.58,15.38,12.82,28.21,33.33,18.18,,,,,,,,,,,,,,
746302,2024-06-08,2024,664238,R,694361,R,grounded_into_double_play,False,False,128.0,0.215,35.0,27.34,13.0,10.16,0.738,0.18700000000000003,26.01,11.2,18.15,29.34,18.43,22.29,73.0,0.188,28.0,38.36,6.0,8.22,0.647,0.1709999999999999,33.56,16.33,21.33,37.67,34.46,26.17,12.0,0.167,4.0,33.33,0.0,0.0,0.41700000000000004,0.08299999999999999,6.67,2.13,27.66,29.79,5.0,28.57,,,,,,,,,,,,,,
746302,2024-06-08,2024,677951,R,663423,R,strikeout,True,False,241.0,0.333,42.0,17.43,20.0,8.3,0.969,0.24599999999999994,24.95,12.27,13.77,26.04,28.75,17.28,547.0,0.27,93.0,17.0,33.0,6.03,0.8,0.2149999999999999,22.15,10.87,15.53,26.4,29.62,14.44,60.0,0.16,13.0,21.67,7.0,11.67,0.516,0.07999999999999999,32.71,14.83,16.95,31.78,24.41,17.81,70.0,0.209,19.0,27.14,3.0,4.29,0.5860000000000001,0.134,26.12,13.36,17.18,30.53,37.78,20.88
746302,2024-06-08,2024,686469,L,663423,R,strikeout,True,False,202.0,0.228,29.0,14.36,22.0,10.89,0.745,0.19899999999999998,14.05,6.29,15.91,22.19,28.31,13.55,188.0,0.251,23.0,12.23,15.0,7.98,0.784,0.217,14.85,7.02,17.48,24.5,34.8,10.0,48.0,0.267,14.0,29.17,2.0,4.17,0.6539999999999999,0.08899999999999997,22.43,12.97,16.22,29.19,42.68,21.21,55.0,0.308,7.0,12.73,3.0,5.45,0.903,0.25,15.48,6.6,22.34,28.93,14.63,11.86
746302,2024-06-08,2024,521692,R,663423,R,field_out,False,False,195.0,0.305,32.0,16.41,14.0,7.18,0.887,0.20600000000000002,24.21,13.98,8.76,22.74,43.95,13.68,437.0,0.264,100.0,22.88,11.0,2.52,0.73,0.174,30.72,18.16,9.73,27.89,45.56,22.08,60.0,0.16,13.0,21.67,7.0,11.67,0.516,0.07999999999999999,32.71,14.83,16.95,31.78,24.41,17.81,70.0,0.209,19.0,27.14,3.0,4.29,0.5860000000000001,0.134,26.12,13.36,17.18,30.53,37.78,20.88
746302,2024-06-08,2024,677594,R,694361,R,field_out,False,False,200.0,0.241,56.0,28.0,12.0,6.0,0.589,0.057999999999999996,30.93,16.54,12.31,28.86,35.93,19.5,545.0,0.267,127.0,23.3,35.0,6.42,0.8109999999999999,0.2169999999999999,27.93,14.91,13.12,28.03,38.34,22.84,12.0,0.167,4.0,33.33,0.0,0.0,0.41700000000000004,0.08299999999999999,6.67,2.13,27.66,29.79,5.0,28.57,,,,,,,,,,,,,,
746302,2024-06-08,2024,664034,R,694361,R,double,False,False,168.0,0.25,39.0,23.21,11.0,6.55,0.71,0.14500000000000002,19.87,9.52,15.05,24.58,25.24,18.57,506.0,0.24,85.0,16.8,37.0,7.31,0.698,0.1169999999999999,22.16,11.42,13.69,25.11,32.3,15.51,12.0,0.167,4.0,33.33,0.0,0.0,0.41700000000000004,0.08299999999999999,6.67,2.13,27.66,29.79,5.0,28.57,,,,,,,,,,,,,,
746302,2024-06-08,2024,663728,L,694361,R,walk,False,True,164.0,0.219,58.0,35.37,17.0,10.37,0.6759999999999999,0.158,30.47,15.47,13.08,28.55,31.48,22.62,462.0,0.235,126.0,27.27,47.0,10.17,0.7909999999999999,0.241,29.58,14.2,14.09,28.29,30.53,21.36,10.0,0.5,2.0,20.0,2.0,20.0,1.225,0.125,31.58,15.38,12.82,28.21,33.33,18.18,,,,,,,,,,,,,,
746302,2024-06-08,2024,641598,R,694361,R,strikeout,True,False,147.0,0.152,48.0,32.65,17.0,11.56,0.529,0.11200000000000002,34.3,13.67,23.23,36.9,19.58,24.0,262.0,0.25,70.0,26.72,25.0,9.54,0.845,0.267,25.84,10.63,19.22,29.85,18.71,21.21,12.0,0.167,4.0,33.33,0.0,0.0,0.41700000000000004,0.08299999999999999,6.67,2.13,27.66,29.79,5.0,28.57,,,,,,,,,,,,,,
746302,2024-06-08,2024,571745,R,694361,R,field_out,False,False,160.0,0.243,44.0,27.5,14.0,8.75,0.725,0.174,29.6,12.35,18.22,30.57,21.1,21.5,161.0,0.189,48.0,29.81,10.0,6.21,0.599,0.1619999999999999,28.57,13.33,19.22,32.56,25.34,22.02,12.0,0.167,4.0,33.33,0.0,0.0,0.41700000000000004,0.08299999999999999,6.67,2.13,27.66,29.79,5.0,28.57,,,,,,,,,,,,,,
746302,2024-06-08,2024,676369,R,676092,R,strikeout,True,False,137.0,0.205,40.0,29.2,8.0,5.84,0.6639999999999999,0.204,36.73,16.92,15.98,32.89,28.08,24.84,125.0,0.257,36.0,28.8,9.0,7.2,0.966,0.389,35.34,17.89,12.6,30.49,29.12,21.95,5.0,0.25,1.0,20.0,1.0,20.0,0.65,0.0,18.18,7.69,11.54,19.23,29.41,11.11,58.0,0.286,9.0,15.52,9.0,15.52,0.866,0.183,20.45,7.93,21.59,29.52,25.2,13.24
746302,2024-06-08,2024,669004,L,676092,R,walk,False,True,157.0,0.168,40.0,25.48,13.0,8.28,0.62,0.21,29.77,15.28,11.72,27.0,27.61,17.02,459.0,0.239,122.0,26.58,55.0,11.98,0.752,0.181,32.7,15.24,15.56,30.8,24.84,20.68,11.0,0.222,2.0,18.18,1.0,9.09,0.522,0.0,27.78,14.71,11.76,26.47,20.0,50.0,37.0,0.312,2.0,5.41,4.0,10.81,0.847,0.1569999999999999,13.56,5.71,12.86,18.57,10.14,5.71
746302,2024-06-08,2024,592669,R,676092,R,grounded_into_double_play,False,False,123.0,0.189,24.0,19.51,11.0,8.94,0.5920000000000001,0.135,26.19,10.89,21.78,32.67,25.19,15.0,408.0,0.229,91.0,22.3,35.0,8.58,0.723,0.1969999999999999,28.12,14.44,14.12,28.56,33.7,19.12,5.0,0.25,1.0,20.0,1.0,20.0,0.65,0.0,18.18,7.69,11.54,19.23,29.41,11.11,58.0,0.286,9.0,15.52,9.0,15.52,0.866,0.183,20.45,7.93,21.59,29.52,25.2,13.24
746302,2024-06-08,2024,668942,L,623433,R,strikeout,True,False,167.0,0.289,27.0,16.17,15.0,8.98,0.794,0.14700000000000002,18.46,8.47,16.33,24.81,21.17,14.52,299.0,0.249,64.0,21.4,22.0,7.36,0.6559999999999999,0.1019999999999999,22.77,10.13,19.65,29.78,25.55,19.69,50.0,0.233,6.0,12.0,6.0,12.0,0.646,0.093,25.64,11.17,16.2,27.37,21.74,16.67,58.0,0.14,17.0,29.31,1.0,1.72,0.366,0.0709999999999999,32.46,17.7,20.1,37.8,39.36,23.61
746302,2024-06-08,2024,670042,L,623433,R,strikeout,True,False,132.0,0.266,41.0,31.06,3.0,2.27,0.746,0.16899999999999998,34.44,19.06,11.07,30.12,31.06,30.83,363.0,0.247,112.0,30.85,26.0,7.16,0.8340000000000001,0.25,38.6,19.83,11.57,31.39,31.1,26.79,50.0,0.233,6.0,12.0,6.0,12.0,0.646,0.093,25.64,11.17,16.2,27.37,21.74,16.67,58.0,0.14,17.0,29.31,1.0,1.72,0.366,0.0709999999999999,32.46,17.7,20.1,37.8,39.36,23.61
746302,2024-06-08,2024,641487,L,623433,R,field_out,False,False,124.0,0.176,29.0,23.39,14.0,11.29,0.589,0.139,19.16,7.78,20.3,28.08,19.46,18.71,446.0,0.266,84.0,18.83,67.0,15.02,0.845,0.197,18.19,6.93,19.49,26.42,17.9,17.39,50.0,0.233,6.0,12.0,6.0,12.0,0.646,0.093,25.64,11.17,16.2,27.37,21.74,16.67,58.0,0.14,17.0,29.31,1.0,1.72,0.366,0.0709999999999999,32.46,17.7,20.1,37.8,39.36,23.61
746302,2024-06-08,2024,679845,R,592773,R,walk,False,True,47.0,0.25,6.0,12.77,5.0,10.64,0.5760000000000001,0.0,20.59,8.92,18.47,27.39,24.39,13.95,44.0,0.279,7.0,15.91,1.0,2.27,0.667,0.0929999999999999,20.0,9.64,16.87,26.51,25.61,14.29,54.0,0.188,13.0,24.07,5.0,9.26,0.528,0.062,27.83,15.17,11.37,26.54,38.39,17.57,116.0,0.231,31.0,26.72,11.0,9.48,0.752,0.211,31.3,16.45,11.54,27.99,28.0,17.61
746302,2024-06-08,2024,641658,R,592773,R,single,False,False,40.0,0.351,11.0,27.5,2.0,5.0,0.79,0.05400000000000005,19.23,9.62,19.23,28.85,24.24,21.57,170.0,0.282,45.0,26.47,14.0,8.24,0.74,0.107,24.75,10.81,20.44,31.26,25.39,22.06,54.0,0.188,13.0,24.07,5.0,9.26,0.528,0.062,27.83,15.17,11.37,26.54,38.39,17.57,116.0,0.231,31.0,26.72,11.0,9.48,0.752,0.211,31.3,16.45,11.54,27.99,28.0,17.61
746302,2024-06-08,2024,672580,R,592773,R,field_out,False,False,232.0,0.248,42.0,18.1,18.0,7.76,0.6519999999999999,0.09999999999999998,19.31,8.39,20.69,29.08,21.09,16.94,400.0,0.258,94.0,23.5,33.0,8.25,0.648,0.071,20.3,8.71,19.59,28.3,19.12,19.96,54.0,0.188,13.0,24.07,5.0,9.26,0.528,0.062,27.83,15.17,11.37,26.54,38.39,17.57,116.0,0.231,31.0,26.72,11.0,9.48,0.752,0.211,31.3,16.45,11.54,27.99,28.0,17.61
746302,2024-06-08,2024,677951,R,592773,R,triple,False,False,241.0,0.333,42.0,17.43,20.0,8.3,0.969,0.24599999999999994,24.95,12.27,13.77,26.04,28.75,17.28,547.0,0.27,93.0,17.0,33.0,6.03,0.8,0.2149999999999999,22.15,10.87,15.53,26.4,29.62,14.44,54.0,0.188,13.0,24.07,5.0,9.26,0.528,0.062,27.83,15.17,11.37,26.54,38.39,17.57,116.0,0.231,31.0,26.72,11.0,9.48,0.752,0.211,31.3,16.45,11.54,27.99,28.0,17.61
746302,2024-06-08,2024,686469,L,592773,R,intent_walk,False,True,202.0,0.228,29.0,14.36,22.0,10.89,0.745,0.19899999999999998,14.05,6.29,15.91,22.19,28.31,13.55,188.0,0.251,23.0,12.23,15.0,7.98,0.784,0.217,14.85,7.02,17.48,24.5,34.8,10.0,52.0,0.289,12.0,23.08,5.0,9.62,0.854,0.2,25.47,12.62,14.49,27.1,31.0,17.14,97.0,0.209,20.0,20.62,10.0,10.31,0.615,0.117,29.95,15.58,9.3,24.87,27.09,18.02
746302,2024-06-08,2024,521692,R,592773,R,intent_walk,False,True,195.0,0.305,32.0,16.41,14.0,7.18,0.887,0.20600000000000002,24.21,13.98,8.76,22.74,43.95,13.68,437.0,0.264,100.0,22.88,11.0,2.52,0.73,0.174,30.72,18.16,9.73,27.89,45.56,22.08,54.0,0.188,13.0,24.07,5.0,9.26,0.528,0.062,27.83,15.17,11.37,26.54,38.39,17.57,116.0,0.231,31.0,26.72,11.0,9.48,0.752,0.211,31.3,16.45,11.54,27.99,28.0,17.61
746302,2024-06-08,2024,676369,R,592773,R,fielders_choice_out,False,False,137.0,0.205,40.0,29.2,8.0,5.84,0.6639999999999999,0.204,36.73,16.92,15.98,32.89,28.08,24.84,125.0,0.257,36.0,28.8,9.0,7.2,0.966,0.389,35.34,17.89,12.6,30.49,29.12,21.95,54.0,0.188,13.0,24.07,5.0,9.26,0.528,0.062,27.83,15.17,11.37,26.54,38.39,17.57,116.0,0.231,31.0,26.72,11.0,9.48,0.752,0.211,31.3,16.45,11.54,27.99,28.0,17.61
745008,2024-06-08,2024,671218,R,547179,R,field_out,False,False,82.0,0.303,27.0,32.93,6.0,7.32,0.762,0.10499999999999998,34.23,15.36,16.27,31.63,27.37,27.55,14.0,0.154,4.0,28.57,1.0,7.14,0.368,0.0,30.43,14.58,18.75,33.33,26.09,50.0,125.0,0.318,18.0,14.4,13.0,10.4,0.973,0.25499999999999995,18.69,8.21,18.48,26.69,24.51,12.86,271.0,0.275,41.0,15.13,15.0,5.54,0.734,0.1429999999999999,17.01,8.49,18.12,26.6,31.74,13.95
745008,2024-06-08,2024,672275,L,547179,R,single,False,False,118.0,0.275,22.0,18.64,12.0,10.17,0.783,0.16599999999999998,22.08,10.71,13.45,24.16,27.92,17.19,240.0,0.203,70.0,29.17,13.0,5.42,0.5569999999999999,0.0989999999999999,26.61,12.88,17.55,30.43,28.93,23.81,113.0,0.103,27.0,23.89,15.0,13.27,0.345,0.021000000000000005,26.42,12.28,14.47,26.75,26.45,19.7,354.0,0.218,70.0,19.77,32.0,9.04,0.6739999999999999,0.165,25.07,12.26,15.11,27.37,28.81,16.67
745008,2024-06-08,2024,656305,R,547179,R,field_out,False,False,204.0,0.207,50.0,24.51,17.0,8.33,0.6319999999999999,0.141,26.17,12.14,18.99,31.13,26.48,19.23,471.0,0.223,139.0,29.51,52.0,11.04,0.722,0.179,31.15,13.33,17.79,31.11,18.61,21.72,125.0,0.318,18.0,14.4,13.0,10.4,0.973,0.25499999999999995,18.69,8.21,18.48,26.69,24.51,12.86,271.0,0.275,41.0,15.13,15.0,5.54,0.734,0.1429999999999999,17.01,8.49,18.12,26.6,31.74,13.95
745008,2024-06-08,2024,624424,L,547179,R,field_out,False,False,129.0,0.248,25.0,19.38,12.0,9.3,0.771,0.20500000000000002,23.27,10.92,15.9,26.82,28.94,15.92,368.0,0.245,77.0,20.92,50.0,13.59,0.753,0.155,23.68,10.56,15.02,25.57,23.23,16.81,113.0,0.103,27.0,23.89,15.0,13.27,0.345,0.021000000000000005,26.42,12.28,14.47,26.75,26.45,19.7,354.0,0.218,70.0,19.77,32.0,9.04,0.6739999999999999,0.165,25.07,12.26,15.11,27.37,28.81,16.67
745008,2024-06-08,2024,543760,R,657277,R,field_out,False,False,196.0,0.225,28.0,14.29,17.0,8.67,0.6559999999999999,0.13999999999999999,21.28,10.94,13.19,24.14,25.6,17.07,544.0,0.273,77.0,14.15,52.0,9.56,0.8360000000000001,0.2199999999999999,18.01,8.45,14.48,22.93,21.97,13.9,169.0,0.258,31.0,18.34,7.0,4.14,0.617,0.063,17.38,7.4,22.05,29.46,27.3,15.05,421.0,0.268,90.0,21.38,16.0,3.8,0.712,0.1429999999999999,20.51,9.76,20.8,30.55,33.33,18.67
745008,2024-06-08,2024,669701,L,657277,R,field_out,False,False,167.0,0.272,27.0,16.17,14.0,8.38,0.788,0.15699999999999997,17.76,8.42,18.41,26.83,24.84,13.17,200.0,0.194,46.0,23.0,19.0,9.5,0.623,0.13,20.71,8.96,19.58,28.54,22.65,15.97,185.0,0.254,42.0,22.7,13.0,7.03,0.659,0.10099999999999998,20.12,9.22,19.13,28.35,32.73,18.92,429.0,0.228,104.0,24.24,15.0,3.5,0.5960000000000001,0.109,21.2,9.96,20.05,30.01,31.36,21.62
745008,2024-06-08,2024,641680,L,657277,R,strikeout,True,False,153.0,0.243,32.0,20.92,8.0,5.23,0.649,0.118,20.34,10.42,13.54,23.96,32.43,21.05,411.0,0.243,82.0,19.95,33.0,8.03,0.733,0.185,23.06,11.69,13.75,25.44,29.36,17.15,185.0,0.254,42.0,22.7,13.0,7.03,0.659,0.10099999999999998,20.12,9.22,19.13,28.35,32.73,18.92,429.0,0.228,104.0,24.24,15.0,3.5,0.5960000000000001,0.109,21.2,9.96,20.05,30.01,31.36,21.62
745008,2024-06-08,2024,624585,R,547179,R,field_out,False,False,152.0,0.204,33.0,21.71,13.0,8.55,0.6060000000000001,0.13200000000000003,26.74,12.9,15.02,27.92,28.42,21.57,446.0,0.242,111.0,24.89,46.0,10.31,0.788,0.22,27.97,12.22,16.15,28.37,25.71,21.19,125.0,0.318,18.0,14.4,13.0,10.4,0.973,0.25499999999999995,18.69,8.21,18.48,26.69,24.51,12.86,271.0,0.275,41.0,15.13,15.0,5.54,0.734,0.1429999999999999,17.01,8.49,18.12,26.6,31.74,13.95
745008,2024-06-08,2024,527038,R,547179,R,home_run,False,False,102.0,0.227,13.0,12.75,10.0,9.8,0.644,0.10300000000000001,15.12,6.21,23.87,30.07,27.19,10.32,273.0,0.271,35.0,12.82,27.0,9.89,0.849,0.2249999999999999,14.98,6.76,19.32,26.08,27.75,9.09,125.0,0.318,18.0,14.4,13.0,10.4,0.973,0.25499999999999995,18.69,8.21,18.48,26.69,24.51,12.86,271.0,0.275,41.0,15.13,15.0,5.54,0.734,0.1429999999999999,17.01,8.49,18.12,26.6,31.74,13.95
745008,2024-06-08,2024,573262,L,547179,R,single,False,False,157.0,0.217,45.0,28.66,12.0,7.64,0.669,0.17500000000000002,25.7,10.66,18.98,29.64,18.9,22.28,296.0,0.243,75.0,25.34,40.0,13.51,0.831,0.235,23.69,9.65,18.67,28.32,20.68,19.69,113.0,0.103,27.0,23.89,15.0,13.27,0.345,0.021000000000000005,26.42,12.28,14.47,26.75,26.45,19.7,354.0,0.218,70.0,19.77,32.0,9.04,0.6739999999999999,0.165,25.07,12.26,15.11,27.37,28.81,16.67
745008,2024-06-08,2024,642731,R,547179,R,strikeout,True,False,183.0,0.253,35.0,19.13,5.0,2.73,0.704,0.16699999999999998,19.75,9.77,19.53,29.3,35.74,19.13,380.0,0.276,84.0,22.11,15.0,3.95,0.767,0.172,21.44,11.24,17.01,28.25,38.17,20.1,125.0,0.318,18.0,14.4,13.0,10.4,0.973,0.25499999999999995,18.69,8.21,18.48,26.69,24.51,12.86,271.0,0.275,41.0,15.13,15.0,5.54,0.734,0.1429999999999999,17.01,8.49,18.12,26.6,31.74,13.95
745008,2024-06-08,2024,689172,L,547179,R,field_out,False,False,35.0,0.281,7.0,20.0,2.0,5.71,0.6579999999999999,0.06299999999999994,25.0,12.4,17.83,30.23,39.06,18.92,106.0,0.155,30.0,28.3,8.0,7.55,0.4639999999999999,0.092,28.32,14.65,14.19,28.83,32.6,19.86,113.0,0.103,27.0,23.89,15.0,13.27,0.345,0.021000000000000005,26.42,12.28,14.47,26.75,26.45,19.7,354.0,0.218,70.0,19.77,32.0,9.04,0.6739999999999999,0.165,25.07,12.26,15.11,27.37,28.81,16.67
745008,2024-06-08,2024,666969,R,657277,R,strikeout,True,False,171.0,0.197,46.0,26.9,10.0,5.85,0.659,0.21099999999999997,36.28,19.01,11.28,30.29,35.2,25.14,480.0,0.245,138.0,28.75,41.0,8.54,0.8260000000000001,0.264,31.65,15.93,13.92,29.85,32.02,21.97,169.0,0.258,31.0,18.34,7.0,4.14,0.617,0.063,17.38,7.4,22.05,29.46,27.3,15.05,421.0,0.268,90.0,21.38,16.0,3.8,0.712,0.1429999999999999,20.51,9.76,20.8,30.55,33.33,18.67
745008,2024-06-08,2024,663993,L,657277,R,field_out,False,False,111.0,0.258,22.0,19.82,16.0,14.41,0.724,0.09699999999999998,15.59,6.12,18.99,25.11,25.77,15.07,505.0,0.279,113.0,22.38,69.0,13.66,0.833,0.172,19.81,8.64,15.62,24.26,19.45,16.87,185.0,0.254,42.0,22.7,13.0,7.03,0.659,0.10099999999999998,20.12,9.22,19.13,28.35,32.73,18.92,429.0,0.228,104.0,24.24,15.0,3.5,0.5960000000000001,0.109,21.2,9.96,20.05,30.01,31.36,21.62
745008,2024-06-08,2024,694671,R,657277,R,strikeout,True,False,123.0,0.23,24.0,19.51,9.0,7.32,0.558,0.035,18.92,8.12,19.92,28.05,22.85,14.37,,,,,,,,,,,,,,,169.0,0.258,31.0,18.34,7.0,4.14,0.617,0.063,17.38,7.4,22.05,29.46,27.3,15.05,421.0,0.268,90.0,21.38,16.0,3.8,0.712,0.1429999999999999,20.51,9.76,20.8,30.55,33.33,18.67
745008,2024-06-08,2024,671218,R,547179,R,single,False,False,82.0,0.303,27.0,32.93,6.0,7.32,0.762,0.10499999999999998,34.23,15.36,16.27,31.63,27.37,27.55,14.0,0.154,4.0,28.57,1.0,7.14,0.368,0.0,30.43,14.58,18.75,33.33,26.09,50.0,125.0,0.318,18.0,14.4,13.0,10.4,0.973,0.25499999999999995,18.69,8.21,18.48,26.69,24.51,12.86,271.0,0.275,41.0,15.13,15.0,5.54,0.734,0.1429999999999999,17.01,8.49,18.12,26.6,31.74,13.95
745008,2024-06-08,2024,672275,L,547179,R,field_out,False,False,118.0,0.275,22.0,18.64,12.0,10.17,0.783,0.16599999999999998,22.08,10.71,13.45,24.16,27.92,17.19,240.0,0.203,70.0,29.17,13.0,5.42,0.5569999999999999,0.0989999999999999,26.61,12.88,17.55,30.43,28.93,23.81,113.0,0.103,27.0,23.89,15.0,13.27,0.345,0.021000000000000005,26.42,12.28,14.47,26.75,26.45,19.7,354.0,0.218,70.0,19.77,32.0,9.04,0.6739999999999999,0.165,25.07,12.26,15.11,27.37,28.81,16.67
745008,2024-06-08,2024,656305,R,547179,R,walk,False,True,204.0,0.207,50.0,24.51,17.0,8.33,0.6319999999999999,0.141,26.17,12.14,18.99,31.13,26.48,19.23,471.0,0.223,139.0,29.51,52.0,11.04,0.722,0.179,31.15,13.33,17.79,31.11,18.61,21.72,125.0,0.318,18.0,14.4,13.0,10.4,0.973,0.25499999999999995,18.69,8.21,18.48,26.69,24.51,12.86,271.0,0.275,41.0,15.13,15.0,5.54,0.734,0.1429999999999999,17.01,8.49,18.12,26.6,31.74,13.95
745008,2024-06-08,2024,624424,L,547179,R,field_out,False,False,129.0,0.248,25.0,19.38,12.0,9.3,0.771,0.20500000000000002,23.27,10.92,15.9,26.82,28.94,15.92,368.0,0.245,77.0,20.92,50.0,13.59,0.753,0.155,23.68,10.56,15.02,25.57,23.23,16.81,113.0,0.103,27.0,23.89,15.0,13.27,0.345,0.021000000000000005,26.42,12.28,14.47,26.75,26.45,19.7,354.0,0.218,70.0,19.77,32.0,9.04,0.6739999999999999,0.165,25.07,12.26,15.11,27.37,28.81,16.67
745008,2024-06-08,2024,624585,R,547179,R,force_out,False,False,152.0,0.204,33.0,21.71,13.0,8.55,0.6060000000000001,0.13200000000000003,26.74,12.9,15.02,27.92,28.42,21.57,446.0,0.242,111.0,24.89,46.0,10.31,0.788,0.22,27.97,12.22,16.15,28.37,25.71,21.19,125.0,0.318,18.0,14.4,13.0,10.4,0.973,0.25499999999999995,18.69,8.21,18.48,26.69,24.51,12.86,271.0,0.275,41.0,15.13,15.0,5.54,0.734,0.1429999999999999,17.01,8.49,18.12,26.6,31.74,13.95
745008,2024-06-08,2024,543257,L,657277,R,strikeout,True,False,75.0,0.141,19.0,25.33,10.0,13.33,0.425,0.031,20.63,7.76,19.4,27.16,14.63,19.19,283.0,0.206,66.0,23.32,34.0,12.01,0.633,0.123,20.58,8.17,20.25,28.42,17.66,20.62,185.0,0.254,42.0,22.7,13.0,7.03,0.659,0.10099999999999998,20.12,9.22,19.13,28.35,32.73,18.92,429.0,0.228,104.0,24.24,15.0,3.5,0.5960000000000001,0.109,21.2,9.96,20.05,30.01,31.36,21.62
745008,2024-06-08,2024,677649,R,657277,R,single,False,False,76.0,0.292,17.0,22.37,3.0,3.95,0.69,0.069,23.6,12.67,12.67,25.33,36.48,14.78,308.0,0.277,86.0,27.92,13.0,4.22,0.738,0.1409999999999999,28.89,15.73,13.64,29.37,39.12,22.25,169.0,0.258,31.0,18.34,7.0,4.14,0.617,0.063,17.38,7.4,22.05,29.46,27.3,15.05,421.0,0.268,90.0,21.38,16.0,3.8,0.712,0.1429999999999999,20.51,9.76,20.8,30.55,33.33,18.67
745008,2024-06-08,2024,665750,L,657277,R,field_out,False,False,154.0,0.241,28.0,18.18,13.0,8.44,0.688,0.14200000000000002,22.58,11.09,16.02,27.11,30.93,17.28,405.0,0.275,86.0,21.23,25.0,6.17,0.767,0.174,24.9,12.5,15.05,27.55,29.44,18.34,185.0,0.254,42.0,22.7,13.0,7.03,0.659,0.10099999999999998,20.12,9.22,19.13,28.35,32.73,18.92,429.0,0.228,104.0,24.24,15.0,3.5,0.5960000000000001,0.109,21.2,9.96,20.05,30.01,31.36,21.62
745008,2024-06-08,2024,543760,R,657277,R,field_out,False,False,196.0,0.225,28.0,14.29,17.0,8.67,0.6559999999999999,0.13999999999999999,21.28,10.94,13.19,24.14,25.6,17.07,544.0,0.273,77.0,14.15,52.0,9.56,0.8360000000000001,0.2199999999999999,18.01,8.45,14.48,22.93,21.97,13.9,169.0,0.258,31.0,18.34,7.0,4.14,0.617,0.063,17.38,7.4,22.05,29.46,27.3,15.05,421.0,0.268,90.0,21.38,16.0,3.8,0.712,0.1429999999999999,20.51,9.76,20.8,30.55,33.33,18.67
745008,2024-06-08,2024,527038,R,547179,R,home_run,False,False,102.0,0.227,13.0,12.75,10.0,9.8,0.644,0.10300000000000001,15.12,6.21,23.87,30.07,27.19,10.32,273.0,0.271,35.0,12.82,27.0,9.89,0.849,0.2249999999999999,14.98,6.76,19.32,26.08,27.75,9.09,125.0,0.318,18.0,14.4,13.0,10.4,0.973,0.25499999999999995,18.69,8.21,18.48,26.69,24.51,12.86,271.0,0.275,41.0,15.13,15.0,5.54,0.734,0.1429999999999999,17.01,8.49,18.12,26.6,31.74,13.95
745008,2024-06-08,2024,573262,L,547179,R,field_out,False,False,157.0,0.217,45.0,28.66,12.0,7.64,0.669,0.17500000000000002,25.7,10.66,18.98,29.64,18.9,22.28,296.0,0.243,75.0,25.34,40.0,13.51,0.831,0.235,23.69,9.65,18.67,28.32,20.68,19.69,113.0,0.103,27.0,23.89,15.0,13.27,0.345,0.021000000000000005,26.42,12.28,14.47,26.75,26.45,19.7,354.0,0.218,70.0,19.77,32.0,9.04,0.6739999999999999,0.165,25.07,12.26,15.11,27.37,28.81,16.67
745008,2024-06-08,2024,642731,R,547179,R,field_out,False,False,183.0,0.253,35.0,19.13,5.0,2.73,0.704,0.16699999999999998,19.75,9.77,19.53,29.3,35.74,19.13,380.0,0.276,84.0,22.11,15.0,3.95,0.767,0.172,21.44,11.24,17.01,28.25,38.17,20.1,125.0,0.318,18.0,14.4,13.0,10.4,0.973,0.25499999999999995,18.69,8.21,18.48,26.69,24.51,12.86,271.0,0.275,41.0,15.13,15.0,5.54,0.734,0.1429999999999999,17.01,8.49,18.12,26.6,31.74,13.95
745008,2024-06-08,2024,689172,L,547179,R,field_out,False,False,35.0,0.281,7.0,20.0,2.0,5.71,0.6579999999999999,0.06299999999999994,25.0,12.4,17.83,30.23,39.06,18.92,106.0,0.155,30.0,28.3,8.0,7.55,0.4639999999999999,0.092,28.32,14.65,14.19,28.83,32.6,19.86,113.0,0.103,27.0,23.89,15.0,13.27,0.345,0.021000000000000005,26.42,12.28,14.47,26.75,26.45,19.7,354.0,0.218,70.0,19.77,32.0,9.04,0.6739999999999999,0.165,25.07,12.26,15.11,27.37,28.81,16.67
745008,2024-06-08,2024,669701,L,657277,R,field_out,False,False,167.0,0.272,27.0,16.17,14.0,8.38,0.788,0.15699999999999997,17.76,8.42,18.41,26.83,24.84,13.17,200.0,0.194,46.0,23.0,19.0,9.5,0.623,0.13,20.71,8.96,19.58,28.54,22.65,15.97,185.0,0.254,42.0,22.7,13.0,7.03,0.659,0.10099999999999998,20.12,9.22,19.13,28.35,32.73,18.92,429.0,0.228,104.0,24.24,15.0,3.5,0.5960000000000001,0.109,21.2,9.96,20.05,30.01,31.36,21.62
745008,2024-06-08,2024,641680,L,657277,R,field_out,False,False,153.0,0.243,32.0,20.92,8.0,5.23,0.649,0.118,20.34,10.42,13.54,23.96,32.43,21.05,411.0,0.243,82.0,19.95,33.0,8.03,0.733,0.185,23.06,11.69,13.75,25.44,29.36,17.15,185.0,0.254,42.0,22.7,13.0,7.03,0.659,0.10099999999999998,20.12,9.22,19.13,28.35,32.73,18.92,429.0,0.228,104.0,24.24,15.0,3.5,0.5960000000000001,0.109,21.2,9.96,20.05,30.01,31.36,21.62
745008,2024-06-08,2024,666969,R,657277,R,strikeout,True,False,171.0,0.197,46.0,26.9,10.0,5.85,0.659,0.21099999999999997,36.28,19.01,11.28,30.29,35.2,25.14,480.0,0.245,138.0,28.75,41.0,8.54,0.8260000000000001,0.264,31.65,15.93,13.92,29.85,32.02,21.97,169.0,0.258,31.0,18.34,7.0,4.14,0.617,0.063,17.38,7.4,22.05,29.46,27.3,15.05,421.0,0.268,90.0,21.38,16.0,3.8,0.712,0.1429999999999999,20.51,9.76,20.8,30.55,33.33,18.67
745008,2024-06-08,2024,671218,R,547179,R,single,False,False,82.0,0.303,27.0,32.93,6.0,7.32,0.762,0.10499999999999998,34.23,15.36,16.27,31.63,27.37,27.55,14.0,0.154,4.0,28.57,1.0,7.14,0.368,0.0,30.43,14.58,18.75,33.33,26.09,50.0,125.0,0.318,18.0,14.4,13.0,10.4,0.973,0.25499999999999995,18.69,8.21,18.48,26.69,24.51,12.86,271.0,0.275,41.0,15.13,15.0,5.54,0.734,0.1429999999999999,17.01,8.49,18.12,26.6,31.74,13.95
745008,2024-06-08,2024,672275,L,547179,R,field_out,False,False,118.0,0.275,22.0,18.64,12.0,10.17,0.783,0.16599999999999998,22.08,10.71,13.45,24.16,27.92,17.19,240.0,0.203,70.0,29.17,13.0,5.42,0.5569999999999999,0.0989999999999999,26.61,12.88,17.55,30.43,28.93,23.81,113.0,0.103,27.0,23.89,15.0,13.27,0.345,0.021000000000000005,26.42,12.28,14.47,26.75,26.45,19.7,354.0,0.218,70.0,19.77,32.0,9.04,0.6739999999999999,0.165,25.07,12.26,15.11,27.37,28.81,16.67
745008,2024-06-08,2024,656305,R,547179,R,single,False,False,204.0,0.207,50.0,24.51,17.0,8.33,0.6319999999999999,0.141,26.17,12.14,18.99,31.13,26.48,19.23,471.0,0.223,139.0,29.51,52.0,11.04,0.722,0.179,31.15,13.33,17.79,31.11,18.61,21.72,125.0,0.318,18.0,14.4,13.0,10.4,0.973,0.25499999999999995,18.69,8.21,18.48,26.69,24.51,12.86,271.0,0.275,41.0,15.13,15.0,5.54,0.734,0.1429999999999999,17.01,8.49,18.12,26.6,31.74,13.95
745008,2024-06-08,2024,624424,L,547179,R,walk,False,True,129.0,0.248,25.0,19.38,12.0,9.3,0.771,0.20500000000000002,23.27,10.92,15.9,26.82,28.94,15.92,368.0,0.245,77.0,20.92,50.0,13.59,0.753,0.155,23.68,10.56,15.02,25.57,23.23,16.81,113.0,0.103,27.0,23.89,15.0,13.27,0.345,0.021000000000000005,26.42,12.28,14.47,26.75,26.45,19.7,354.0,0.218,70.0,19.77,32.0,9.04,0.6739999999999999,0.165,25.07,12.26,15.11,27.37,28.81,16.67
745008,2024-06-08,2024,624585,R,642546,R,strikeout,True,False,152.0,0.204,33.0,21.71,13.0,8.55,0.6060000000000001,0.13200000000000003,26.74,12.9,15.02,27.92,28.42,21.57,446.0,0.242,111.0,24.89,46.0,10.31,0.788,0.22,27.97,12.22,16.15,28.37,25.71,21.19,48.0,0.179,11.0,22.92,9.0,18.75,0.615,0.10299999999999998,34.38,15.64,13.74,29.38,28.69,15.28,92.0,0.329,22.0,23.91,9.0,9.78,0.934,0.203,29.73,12.83,19.24,32.07,27.13,23.91
745008,2024-06-08,2024,527038,R,642546,R,strikeout,True,False,102.0,0.227,13.0,12.75,10.0,9.8,0.644,0.10300000000000001,15.12,6.21,23.87,30.07,27.19,10.32,273.0,0.271,35.0,12.82,27.0,9.89,0.849,0.2249999999999999,14.98,6.76,19.32,26.08,27.75,9.09,48.0,0.179,11.0,22.92,9.0,18.75,0.615,0.10299999999999998,34.38,15.64,13.74,29.38,28.69,15.28,92.0,0.329,22.0,23.91,9.0,9.78,0.934,0.203,29.73,12.83,19.24,32.07,27.13,23.91
745008,2024-06-08,2024,663993,L,657277,R,single,False,False,111.0,0.258,22.0,19.82,16.0,14.41,0.724,0.09699999999999998,15.59,6.12,18.99,25.11,25.77,15.07,505.0,0.279,113.0,22.38,69.0,13.66,0.833,0.172,19.81,8.64,15.62,24.26,19.45,16.87,185.0,0.254,42.0,22.7,13.0,7.03,0.659,0.10099999999999998,20.12,9.22,19.13,28.35,32.73,18.92,429.0,0.228,104.0,24.24,15.0,3.5,0.5960000000000001,0.109,21.2,9.96,20.05,30.01,31.36,21.62
745008,2024-06-08,2024,694671,R,657277,R,double,False,False,123.0,0.23,24.0,19.51,9.0,7.32,0.558,0.035,18.92,8.12,19.92,28.05,22.85,14.37,,,,,,,,,,,,,,,169.0,0.258,31.0,18.34,7.0,4.14,0.617,0.063,17.38,7.4,22.05,29.46,27.3,15.05,421.0,0.268,90.0,21.38,16.0,3.8,0.712,0.1429999999999999,20.51,9.76,20.8,30.55,33.33,18.67
745008,2024-06-08,2024,543257,L,657277,R,sac_fly,False,False,75.0,0.141,19.0,25.33,10.0,13.33,0.425,0.031,20.63,7.76,19.4,27.16,14.63,19.19,283.0,0.206,66.0,23.32,34.0,12.01,0.633,0.123,20.58,8.17,20.25,28.42,17.66,20.62,185.0,0.254,42.0,22.7,13.0,7.03,0.659,0.10099999999999998,20.12,9.22,19.13,28.35,32.73,18.92,429.0,0.228,104.0,24.24,15.0,3.5,0.5960000000000001,0.109,21.2,9.96,20.05,30.01,31.36,21.62
745008,2024-06-08,2024,677649,R,657277,R,single,False,False,76.0,0.292,17.0,22.37,3.0,3.95,0.69,0.069,23.6,12.67,12.67,25.33,36.48,14.78,308.0,0.277,86.0,27.92,13.0,4.22,0.738,0.1409999999999999,28.89,15.73,13.64,29.37,39.12,22.25,169.0,0.258,31.0,18.34,7.0,4.14,0.617,0.063,17.38,7.4,22.05,29.46,27.3,15.05,421.0,0.268,90.0,21.38,16.0,3.8,0.712,0.1429999999999999,20.51,9.76,20.8,30.55,33.33,18.67
745008,2024-06-08,2024,665750,L,657277,R,field_out,False,False,154.0,0.241,28.0,18.18,13.0,8.44,0.688,0.14200000000000002,22.58,11.09,16.02,27.11,30.93,17.28,405.0,0.275,86.0,21.23,25.0,6.17,0.767,0.174,24.9,12.5,15.05,27.55,29.44,18.34,185.0,0.254,42.0,22.7,13.0,7.03,0.659,0.10099999999999998,20.12,9.22,19.13,28.35,32.73,18.92,429.0,0.228,104.0,24.24,15.0,3.5,0.5960000000000001,0.109,21.2,9.96,20.05,30.01,31.36,21.62
745008,2024-06-08,2024,543760,R,657277,R,single,False,False,196.0,0.225,28.0,14.29,17.0,8.67,0.6559999999999999,0.13999999999999999,21.28,10.94,13.19,24.14,25.6,17.07,544.0,0.273,77.0,14.15,52.0,9.56,0.8360000000000001,0.2199999999999999,18.01,8.45,14.48,22.93,21.97,13.9,169.0,0.258,31.0,18.34,7.0,4.14,0.617,0.063,17.38,7.4,22.05,29.46,27.3,15.05,421.0,0.268,90.0,21.38,16.0,3.8,0.712,0.1429999999999999,20.51,9.76,20.8,30.55,33.33,18.67
745008,2024-06-08,2024,669701,L,657277,R,field_out,False,False,167.0,0.272,27.0,16.17,14.0,8.38,0.788,0.15699999999999997,17.76,8.42,18.41,26.83,24.84,13.17,200.0,0.194,46.0,23.0,19.0,9.5,0.623,0.13,20.71,8.96,19.58,28.54,22.65,15.97,185.0,0.254,42.0,22.7,13.0,7.03,0.659,0.10099999999999998,20.12,9.22,19.13,28.35,32.73,18.92,429.0,0.228,104.0,24.24,15.0,3.5,0.5960000000000001,0.109,21.2,9.96,20.05,30.01,31.36,21.62
745008,2024-06-08,2024,573262,L,642546,R,walk,False,True,157.0,0.217,45.0,28.66,12.0,7.64,0.669,0.17500000000000002,25.7,10.66,18.98,29.64,18.9,22.28,296.0,0.243,75.0,25.34,40.0,13.51,0.831,0.235,23.69,9.65,18.67,28.32,20.68,19.69,36.0,0.207,7.0,19.44,7.0,19.44,0.706,0.13799999999999998,27.87,12.14,16.43,28.57,28.05,16.67,55.0,0.196,12.0,21.82,6.0,10.91,0.5760000000000001,0.065,30.53,13.55,14.49,28.04,29.31,20.69
745008,2024-06-08,2024,642731,R,642546,R,field_out,False,False,183.0,0.253,35.0,19.13,5.0,2.73,0.704,0.16699999999999998,19.75,9.77,19.53,29.3,35.74,19.13,380.0,0.276,84.0,22.11,15.0,3.95,0.767,0.172,21.44,11.24,17.01,28.25,38.17,20.1,48.0,0.179,11.0,22.92,9.0,18.75,0.615,0.10299999999999998,34.38,15.64,13.74,29.38,28.69,15.28,92.0,0.329,22.0,23.91,9.0,9.78,0.934,0.203,29.73,12.83,19.24,32.07,27.13,23.91
745008,2024-06-08,2024,689172,L,642546,R,strikeout,True,False,35.0,0.281,7.0,20.0,2.0,5.71,0.6579999999999999,0.06299999999999994,25.0,12.4,17.83,30.23,39.06,18.92,106.0,0.155,30.0,28.3,8.0,7.55,0.4639999999999999,0.092,28.32,14.65,14.19,28.83,32.6,19.86,36.0,0.207,7.0,19.44,7.0,19.44,0.706,0.13799999999999998,27.87,12.14,16.43,28.57,28.05,16.67,55.0,0.196,12.0,21.82,6.0,10.91,0.5760000000000001,0.065,30.53,13.55,14.49,28.04,29.31,20.69
745008,2024-06-08,2024,671218,R,642546,R,field_out,False,False,82.0,0.303,27.0,32.93,6.0,7.32,0.762,0.10499999999999998,34.23,15.36,16.27,31.63,27.37,27.55,14.0,0.154,4.0,28.57,1.0,7.14,0.368,0.0,30.43,14.58,18.75,33.33,26.09,50.0,48.0,0.179,11.0,22.92,9.0,18.75,0.615,0.10299999999999998,34.38,15.64,13.74,29.38,28.69,15.28,92.0,0.329,22.0,23.91,9.0,9.78,0.934,0.203,29.73,12.83,19.24,32.07,27.13,23.91
745008,2024-06-08,2024,641680,L,657277,R,field_out,False,False,153.0,0.243,32.0,20.92,8.0,5.23,0.649,0.118,20.34,10.42,13.54,23.96,32.43,21.05,411.0,0.243,82.0,19.95,33.0,8.03,0.733,0.185,23.06,11.69,13.75,25.44,29.36,17.15,185.0,0.254,42.0,22.7,13.0,7.03,0.659,0.10099999999999998,20.12,9.22,19.13,28.35,32.73,18.92,429.0,0.228,104.0,24.24,15.0,3.5,0.5960000000000001,0.109,21.2,9.96,20.05,30.01,31.36,21.62
745008,2024-06-08,2024,666969,R,657277,R,field_out,False,False,171.0,0.197,46.0,26.9,10.0,5.85,0.659,0.21099999999999997,36.28,19.01,11.28,30.29,35.2,25.14,480.0,0.245,138.0,28.75,41.0,8.54,0.8260000000000001,0.264,31.65,15.93,13.92,29.85,32.02,21.97,169.0,0.258,31.0,18.34,7.0,4.14,0.617,0.063,17.38,7.4,22.05,29.46,27.3,15.05,421.0,0.268,90.0,21.38,16.0,3.8,0.712,0.1429999999999999,20.51,9.76,20.8,30.55,33.33,18.67
745008,2024-06-08,2024,663993,L,657277,R,field_out,False,False,111.0,0.258,22.0,19.82,16.0,14.41,0.724,0.09699999999999998,15.59,6.12,18.99,25.11,25.77,15.07,505.0,0.279,113.0,22.38,69.0,13.66,0.833,0.172,19.81,8.64,15.62,24.26,19.45,16.87,185.0,0.254,42.0,22.7,13.0,7.03,0.659,0.10099999999999998,20.12,9.22,19.13,28.35,32.73,18.92,429.0,0.228,104.0,24.24,15.0,3.5,0.5960000000000001,0.109,21.2,9.96,20.05,30.01,31.36,21.62
745008,2024-06-08,2024,672275,L,502085,R,field_out,False,False,118.0,0.275,22.0,18.64,12.0,10.17,0.783,0.16599999999999998,22.08,10.71,13.45,24.16,27.92,17.19,240.0,0.203,70.0,29.17,13.0,5.42,0.5569999999999999,0.0989999999999999,26.61,12.88,17.55,30.43,28.93,23.81,56.0,0.137,21.0,37.5,5.0,8.93,0.469,0.118,28.72,11.64,22.41,34.05,25.44,28.38,130.0,0.226,36.0,27.69,14.0,10.77,0.6719999999999999,0.1309999999999999,29.0,12.74,19.01,31.75,30.96,22.64
745008,2024-06-08,2024,656305,R,502085,R,walk,False,True,204.0,0.207,50.0,24.51,17.0,8.33,0.6319999999999999,0.141,26.17,12.14,18.99,31.13,26.48,19.23,471.0,0.223,139.0,29.51,52.0,11.04,0.722,0.179,31.15,13.33,17.79,31.11,18.61,21.72,64.0,0.245,19.0,29.69,7.0,10.94,0.6699999999999999,0.07600000000000001,32.26,11.86,22.53,34.39,23.66,28.36,139.0,0.216,42.0,30.22,11.0,7.91,0.6419999999999999,0.1359999999999999,33.2,15.06,18.51,33.58,26.3,26.42
745008,2024-06-08,2024,624424,L,502085,R,home_run,False,False,129.0,0.248,25.0,19.38,12.0,9.3,0.771,0.20500000000000002,23.27,10.92,15.9,26.82,28.94,15.92,368.0,0.245,77.0,20.92,50.0,13.59,0.753,0.155,23.68,10.56,15.02,25.57,23.23,16.81,56.0,0.137,21.0,37.5,5.0,8.93,0.469,0.118,28.72,11.64,22.41,34.05,25.44,28.38,130.0,0.226,36.0,27.69,14.0,10.77,0.6719999999999999,0.1309999999999999,29.0,12.74,19.01,31.75,30.96,22.64
745008,2024-06-08,2024,624585,R,502085,R,single,False,False,152.0,0.204,33.0,21.71,13.0,8.55,0.6060000000000001,0.13200000000000003,26.74,12.9,15.02,27.92,28.42,21.57,446.0,0.242,111.0,24.89,46.0,10.31,0.788,0.22,27.97,12.22,16.15,28.37,25.71,21.19,64.0,0.245,19.0,29.69,7.0,10.94,0.6699999999999999,0.07600000000000001,32.26,11.86,22.53,34.39,23.66,28.36,139.0,0.216,42.0,30.22,11.0,7.91,0.6419999999999999,0.1359999999999999,33.2,15.06,18.51,33.58,26.3,26.42
745008,2024-06-08,2024,527038,R,502085,R,field_out,False,False,102.0,0.227,13.0,12.75,10.0,9.8,0.644,0.10300000000000001,15.12,6.21,23.87,30.07,27.19,10.32,273.0,0.271,35.0,12.82,27.0,9.89,0.849,0.2249999999999999,14.98,6.76,19.32,26.08,27.75,9.09,64.0,0.245,19.0,29.69,7.0,10.94,0.6699999999999999,0.07600000000000001,32.26,11.86,22.53,34.39,23.66,28.36,139.0,0.216,42.0,30.22,11.0,7.91,0.6419999999999999,0.1359999999999999,33.2,15.06,18.51,33.58,26.3,26.42
745008,2024-06-08,2024,573262,L,681982,R,strikeout,True,False,157.0,0.217,45.0,28.66,12.0,7.64,0.669,0.17500000000000002,25.7,10.66,18.98,29.64,18.9,22.28,296.0,0.243,75.0,25.34,40.0,13.51,0.831,0.235,23.69,9.65,18.67,28.32,20.68,19.69,28.0,0.136,8.0,28.57,5.0,17.86,0.73,0.27299999999999996,37.5,15.93,13.27,29.2,21.28,33.33,50.0,0.326,10.0,20.0,7.0,14.0,1.048,0.302,26.25,10.94,15.62,26.56,23.0,23.26
745008,2024-06-08,2024,694671,R,657277,R,field_out,False,False,123.0,0.23,24.0,19.51,9.0,7.32,0.558,0.035,18.92,8.12,19.92,28.05,22.85,14.37,,,,,,,,,,,,,,,169.0,0.258,31.0,18.34,7.0,4.14,0.617,0.063,17.38,7.4,22.05,29.46,27.3,15.05,421.0,0.268,90.0,21.38,16.0,3.8,0.712,0.1429999999999999,20.51,9.76,20.8,30.55,33.33,18.67
745008,2024-06-08,2024,543257,L,657277,R,strikeout,True,False,75.0,0.141,19.0,25.33,10.0,13.33,0.425,0.031,20.63,7.76,19.4,27.16,14.63,19.19,283.0,0.206,66.0,23.32,34.0,12.01,0.633,0.123,20.58,8.17,20.25,28.42,17.66,20.62,185.0,0.254,42.0,22.7,13.0,7.03,0.659,0.10099999999999998,20.12,9.22,19.13,28.35,32.73,18.92,429.0,0.228,104.0,24.24,15.0,3.5,0.5960000000000001,0.109,21.2,9.96,20.05,30.01,31.36,21.62
745008,2024-06-08,2024,677649,R,657277,R,field_out,False,False,76.0,0.292,17.0,22.37,3.0,3.95,0.69,0.069,23.6,12.67,12.67,25.33,36.48,14.78,308.0,0.277,86.0,27.92,13.0,4.22,0.738,0.1409999999999999,28.89,15.73,13.64,29.37,39.12,22.25,169.0,0.258,31.0,18.34,7.0,4.14,0.617,0.063,17.38,7.4,22.05,29.46,27.3,15.05,421.0,0.268,90.0,21.38,16.0,3.8,0.712,0.1429999999999999,20.51,9.76,20.8,30.55,33.33,18.67
745008,2024-06-08,2024,642731,R,681982,R,single,False,False,183.0,0.253,35.0,19.13,5.0,2.73,0.704,0.16699999999999998,19.75,9.77,19.53,29.3,35.74,19.13,380.0,0.276,84.0,22.11,15.0,3.95,0.767,0.172,21.44,11.24,17.01,28.25,38.17,20.1,41.0,0.333,9.0,21.95,2.0,4.88,0.725,0.025999999999999968,21.88,9.52,22.45,31.97,26.87,27.27,105.0,0.255,20.0,19.05,7.0,6.67,0.648,0.085,19.35,8.8,21.03,29.83,28.5,16.67
745008,2024-06-08,2024,689172,L,681982,R,walk,False,True,35.0,0.281,7.0,20.0,2.0,5.71,0.6579999999999999,0.06299999999999994,25.0,12.4,17.83,30.23,39.06,18.92,106.0,0.155,30.0,28.3,8.0,7.55,0.4639999999999999,0.092,28.32,14.65,14.19,28.83,32.6,19.86,28.0,0.136,8.0,28.57,5.0,17.86,0.73,0.27299999999999996,37.5,15.93,13.27,29.2,21.28,33.33,50.0,0.326,10.0,20.0,7.0,14.0,1.048,0.302,26.25,10.94,15.62,26.56,23.0,23.26
745008,2024-06-08,2024,671218,R,681982,R,single,False,False,82.0,0.303,27.0,32.93,6.0,7.32,0.762,0.10499999999999998,34.23,15.36,16.27,31.63,27.37,27.55,14.0,0.154,4.0,28.57,1.0,7.14,0.368,0.0,30.43,14.58,18.75,33.33,26.09,50.0,41.0,0.333,9.0,21.95,2.0,4.88,0.725,0.025999999999999968,21.88,9.52,22.45,31.97,26.87,27.27,105.0,0.255,20.0,19.05,7.0,6.67,0.648,0.085,19.35,8.8,21.03,29.83,28.5,16.67
745008,2024-06-08,2024,672275,L,622786,R,strikeout,True,False,118.0,0.275,22.0,18.64,12.0,10.17,0.783,0.16599999999999998,22.08,10.71,13.45,24.16,27.92,17.19,240.0,0.203,70.0,29.17,13.0,5.42,0.5569999999999999,0.0989999999999999,26.61,12.88,17.55,30.43,28.93,23.81,19.0,0.278,3.0,15.79,1.0,5.26,0.8160000000000001,0.22199999999999998,24.44,12.5,12.5,25.0,37.25,9.09,,,,,,,,,,,,,,
745008,2024-06-08,2024,656305,R,622786,R,strikeout,True,False,204.0,0.207,50.0,24.51,17.0,8.33,0.6319999999999999,0.141,26.17,12.14,18.99,31.13,26.48,19.23,471.0,0.223,139.0,29.51,52.0,11.04,0.722,0.179,31.15,13.33,17.79,31.11,18.61,21.72,15.0,0.286,4.0,26.67,0.0,0.0,0.833,0.21400000000000002,36.0,18.37,18.37,36.73,33.33,40.0,,,,,,,,,,,,,,
745008,2024-06-08,2024,624424,L,622786,R,field_out,False,False,129.0,0.248,25.0,19.38,12.0,9.3,0.771,0.20500000000000002,23.27,10.92,15.9,26.82,28.94,15.92,368.0,0.245,77.0,20.92,50.0,13.59,0.753,0.155,23.68,10.56,15.02,25.57,23.23,16.81,19.0,0.278,3.0,15.79,1.0,5.26,0.8160000000000001,0.22199999999999998,24.44,12.5,12.5,25.0,37.25,9.09,,,,,,,,,,,,,,
745008,2024-06-08,2024,665750,L,643511,R,strikeout,True,False,154.0,0.241,28.0,18.18,13.0,8.44,0.688,0.14200000000000002,22.58,11.09,16.02,27.11,30.93,17.28,405.0,0.275,86.0,21.23,25.0,6.17,0.767,0.174,24.9,12.5,15.05,27.55,29.44,18.34,55.0,0.271,7.0,12.73,1.0,1.82,0.687,0.08299999999999996,14.42,7.77,18.65,26.42,26.76,11.67,136.0,0.2,32.0,23.53,9.0,6.62,0.5569999999999999,0.0919999999999999,20.7,10.56,18.33,28.88,27.6,21.33
745008,2024-06-08,2024,543760,R,643511,R,field_out,False,False,196.0,0.225,28.0,14.29,17.0,8.67,0.6559999999999999,0.13999999999999999,21.28,10.94,13.19,24.14,25.6,17.07,544.0,0.273,77.0,14.15,52.0,9.56,0.8360000000000001,0.2199999999999999,18.01,8.45,14.48,22.93,21.97,13.9,71.0,0.225,15.0,21.13,0.0,0.0,0.591,0.141,20.63,11.61,16.07,27.68,35.05,25.42,173.0,0.262,28.0,16.18,10.0,5.78,0.733,0.1629999999999999,23.75,12.04,17.27,29.32,30.54,16.37
745008,2024-06-08,2024,669701,L,643511,R,field_out,False,False,167.0,0.272,27.0,16.17,14.0,8.38,0.788,0.15699999999999997,17.76,8.42,18.41,26.83,24.84,13.17,200.0,0.194,46.0,23.0,19.0,9.5,0.623,0.13,20.71,8.96,19.58,28.54,22.65,15.97,55.0,0.271,7.0,12.73,1.0,1.82,0.687,0.08299999999999996,14.42,7.77,18.65,26.42,26.76,11.67,136.0,0.2,32.0,23.53,9.0,6.62,0.5569999999999999,0.0919999999999999,20.7,10.56,18.33,28.88,27.6,21.33
745008,2024-06-08,2024,624585,R,642520,R,strikeout,True,False,152.0,0.204,33.0,21.71,13.0,8.55,0.6060000000000001,0.13200000000000003,26.74,12.9,15.02,27.92,28.42,21.57,446.0,0.242,111.0,24.89,46.0,10.31,0.788,0.22,27.97,12.22,16.15,28.37,25.71,21.19,10.0,0.111,2.0,20.0,1.0,10.0,0.311,0.0,26.32,10.64,25.53,36.17,33.33,12.5,,,,,,,,,,,,,,
745008,2024-06-08,2024,527038,R,642520,R,field_out,False,False,102.0,0.227,13.0,12.75,10.0,9.8,0.644,0.10300000000000001,15.12,6.21,23.87,30.07,27.19,10.32,273.0,0.271,35.0,12.82,27.0,9.89,0.849,0.2249999999999999,14.98,6.76,19.32,26.08,27.75,9.09,10.0,0.111,2.0,20.0,1.0,10.0,0.311,0.0,26.32,10.64,25.53,36.17,33.33,12.5,,,,,,,,,,,,,,
745008,2024-06-08,2024,573262,L,642520,R,strikeout,True,False,157.0,0.217,45.0,28.66,12.0,7.64,0.669,0.17500000000000002,25.7,10.66,18.98,29.64,18.9,22.28,296.0,0.243,75.0,25.34,40.0,13.51,0.831,0.235,23.69,9.65,18.67,28.32,20.68,19.69,15.0,0.273,3.0,20.0,4.0,26.67,0.922,0.182,13.33,5.26,18.42,23.68,16.22,10.34,,,,,,,,,,,,,,
745008,2024-06-08,2024,641680,L,666808,R,field_out,False,False,153.0,0.243,32.0,20.92,8.0,5.23,0.649,0.118,20.34,10.42,13.54,23.96,32.43,21.05,411.0,0.243,82.0,19.95,33.0,8.03,0.733,0.185,23.06,11.69,13.75,25.44,29.36,17.15,55.0,0.292,16.0,29.09,7.0,12.73,0.882,0.20800000000000002,34.91,15.29,16.94,32.23,28.68,25.81,147.0,0.174,43.0,29.25,18.0,12.24,0.588,0.1149999999999999,31.29,14.99,14.68,29.68,31.58,19.72
745008,2024-06-08,2024,666969,R,666808,R,field_out,False,False,171.0,0.197,46.0,26.9,10.0,5.85,0.659,0.21099999999999997,36.28,19.01,11.28,30.29,35.2,25.14,480.0,0.245,138.0,28.75,41.0,8.54,0.8260000000000001,0.264,31.65,15.93,13.92,29.85,32.02,21.97,57.0,0.149,15.0,26.32,10.0,17.54,0.575,0.12800000000000003,34.19,16.6,15.35,31.95,30.16,20.0,136.0,0.244,44.0,32.35,8.0,5.88,0.594,0.0409999999999999,35.9,16.28,17.05,33.33,26.79,34.38
745008,2024-06-08,2024,663993,L,666808,R,strikeout,True,False,111.0,0.258,22.0,19.82,16.0,14.41,0.724,0.09699999999999998,15.59,6.12,18.99,25.11,25.77,15.07,505.0,0.279,113.0,22.38,69.0,13.66,0.833,0.172,19.81,8.64,15.62,24.26,19.45,16.87,55.0,0.292,16.0,29.09,7.0,12.73,0.882,0.20800000000000002,34.91,15.29,16.94,32.23,28.68,25.81,147.0,0.174,43.0,29.25,18.0,12.24,0.588,0.1149999999999999,31.29,14.99,14.68,29.68,31.58,19.72
745085,2024-06-09,2024,683002,L,641793,R,field_out,False,False,194.0,0.251,43.0,22.16,19.0,9.79,0.9139999999999999,0.32799999999999996,25.15,11.53,14.38,25.92,22.43,24.43,455.0,0.272,117.0,25.71,38.0,8.35,0.885,0.277,25.57,12.07,15.7,27.78,26.4,22.35,138.0,0.256,27.0,19.57,8.0,5.8,0.71,0.15499999999999997,22.59,11.51,16.6,28.11,29.55,15.29,183.0,0.233,41.0,22.4,8.0,4.37,0.681,0.1799999999999999,22.16,11.64,17.0,28.64,32.55,20.2
745085,2024-06-09,2024,668939,L,641793,R,field_out,False,False,184.0,0.237,36.0,19.57,12.0,6.52,0.649,0.124,22.41,10.66,19.54,30.19,33.7,16.82,496.0,0.267,80.0,16.13,61.0,12.3,0.778,0.1519999999999999,16.76,6.91,19.7,26.61,24.41,12.54,138.0,0.256,27.0,19.57,8.0,5.8,0.71,0.15499999999999997,22.59,11.51,16.6,28.11,29.55,15.29,183.0,0.233,41.0,22.4,8.0,4.37,0.681,0.1799999999999999,22.16,11.64,17.0,28.64,32.55,20.2
745085,2024-06-09,2024,663624,R,641793,R,walk,False,True,176.0,0.273,41.0,23.3,8.0,4.55,0.804,0.22399999999999998,23.36,12.88,12.45,25.33,37.74,18.81,310.0,0.235,78.0,25.16,22.0,7.1,0.6399999999999999,0.1139999999999999,29.78,16.05,13.56,29.61,37.06,21.61,152.0,0.301,39.0,25.66,3.0,1.97,0.7190000000000001,0.08900000000000002,24.34,13.58,15.41,28.99,34.69,20.97,196.0,0.287,33.0,16.84,4.0,2.04,0.76,0.16,19.89,10.69,14.35,25.04,30.7,16.92
745085,2024-06-09,2024,656811,L,641793,R,field_out,False,False,170.0,0.297,18.0,10.59,15.0,8.82,0.875,0.21900000000000003,17.5,7.81,16.43,24.24,22.98,12.59,340.0,0.297,74.0,21.76,13.0,3.82,0.802,0.178,22.26,11.29,14.37,25.66,31.15,17.72,138.0,0.256,27.0,19.57,8.0,5.8,0.71,0.15499999999999997,22.59,11.51,16.6,28.11,29.55,15.29,183.0,0.233,41.0,22.4,8.0,4.37,0.681,0.1799999999999999,22.16,11.64,17.0,28.64,32.55,20.2
745085,2024-06-09,2024,650490,R,680570,R,field_out,False,False,205.0,0.231,30.0,14.63,21.0,10.24,0.652,0.10400000000000001,11.29,4.85,17.16,22.01,21.99,12.1,462.0,0.322,72.0,15.58,49.0,10.61,0.881,0.1559999999999999,18.95,8.0,18.68,26.68,19.71,15.69,132.0,0.267,34.0,25.76,9.0,6.82,0.766,0.16599999999999998,28.7,14.32,16.7,31.02,29.3,23.74,294.0,0.246,79.0,26.87,18.0,6.12,0.667,0.125,25.64,12.88,16.81,29.69,28.75,19.85
745085,2024-06-09,2024,664040,L,680570,R,field_out,False,False,68.0,0.172,17.0,25.0,8.0,11.76,0.622,0.15600000000000003,26.23,13.39,10.04,23.43,27.13,28.33,374.0,0.241,103.0,27.54,42.0,11.23,0.813,0.237,31.86,16.63,11.13,27.77,30.39,21.33,115.0,0.216,31.0,26.96,12.0,10.43,0.651,0.13699999999999998,31.28,15.14,15.6,30.73,28.77,24.03,221.0,0.277,50.0,22.62,24.0,10.86,0.837,0.2049999999999999,27.18,13.73,13.84,27.58,30.67,15.92
745085,2024-06-09,2024,668227,R,680570,R,field_out,False,False,190.0,0.175,56.0,29.47,18.0,9.47,0.589,0.14400000000000002,36.66,15.32,19.85,35.17,24.52,21.05,517.0,0.254,119.0,23.02,62.0,11.99,0.7769999999999999,0.1589999999999999,29.93,12.82,18.77,31.59,26.93,19.44,132.0,0.267,34.0,25.76,9.0,6.82,0.766,0.16599999999999998,28.7,14.32,16.7,31.02,29.3,23.74,294.0,0.246,79.0,26.87,18.0,6.12,0.667,0.125,25.64,12.88,16.81,29.69,28.75,19.85
745085,2024-06-09,2024,623993,L,641793,R,field_out,False,False,185.0,0.213,28.0,15.14,13.0,7.03,0.7430000000000001,0.24900000000000003,16.67,9.09,13.16,22.25,40.15,12.02,486.0,0.26,107.0,22.02,31.0,6.38,0.798,0.2229999999999999,22.13,11.37,14.84,26.21,37.22,15.21,138.0,0.256,27.0,19.57,8.0,5.8,0.71,0.15499999999999997,22.59,11.51,16.6,28.11,29.55,15.29,183.0,0.233,41.0,22.4,8.0,4.37,0.681,0.1799999999999999,22.16,11.64,17.0,28.64,32.55,20.2
745085,2024-06-09,2024,676059,R,641793,R,strikeout,True,False,184.0,0.298,30.0,16.3,12.0,6.52,0.877,0.22600000000000003,25.64,12.99,15.01,27.99,30.25,13.68,146.0,0.246,33.0,22.6,8.0,5.48,0.6779999999999999,0.142,22.97,11.73,16.25,27.98,29.59,19.76,152.0,0.301,39.0,25.66,3.0,1.97,0.7190000000000001,0.08900000000000002,24.34,13.58,15.41,28.99,34.69,20.97,196.0,0.287,33.0,16.84,4.0,2.04,0.76,0.16,19.89,10.69,14.35,25.04,30.7,16.92
745085,2024-06-09,2024,681297,L,641793,R,single,False,False,155.0,0.235,41.0,26.45,18.0,11.61,0.77,0.197,30.07,13.35,16.46,29.81,23.73,22.78,68.0,0.111,20.0,29.41,12.0,17.65,0.427,0.0369999999999999,26.67,10.98,17.07,28.05,21.51,17.7,138.0,0.256,27.0,19.57,8.0,5.8,0.71,0.15499999999999997,22.59,11.51,16.6,28.11,29.55,15.29,183.0,0.233,41.0,22.4,8.0,4.37,0.681,0.1799999999999999,22.16,11.64,17.0,28.64,32.55,20.2
745085,2024-06-09,2024,602104,R,641793,R,field_out,False,False,57.0,0.259,11.0,19.3,2.0,3.51,0.761,0.20400000000000001,28.97,14.55,12.21,26.76,24.77,18.03,272.0,0.274,72.0,26.47,17.0,6.25,0.726,0.1169999999999999,29.67,14.82,16.24,31.07,27.7,24.41,152.0,0.301,39.0,25.66,3.0,1.97,0.7190000000000001,0.08900000000000002,24.34,13.58,15.41,28.99,34.69,20.97,196.0,0.287,33.0,16.84,4.0,2.04,0.76,0.16,19.89,10.69,14.35,25.04,30.7,16.92
745085,2024-06-09,2024,666139,L,680570,R,strikeout,True,False,53.0,0.229,14.0,26.42,4.0,7.55,0.705,0.18799999999999997,25.86,13.22,14.54,27.75,31.19,17.95,435.0,0.3,104.0,23.91,27.0,6.21,0.8540000000000001,0.211,29.41,15.52,12.38,27.9,34.65,18.39,115.0,0.216,31.0,26.96,12.0,10.43,0.651,0.13699999999999998,31.28,15.14,15.6,30.73,28.77,24.03,221.0,0.277,50.0,22.62,24.0,10.86,0.837,0.2049999999999999,27.18,13.73,13.84,27.58,30.67,15.92
745085,2024-06-09,2024,676356,R,680570,R,field_out,False,False,67.0,0.169,15.0,22.39,6.0,8.96,0.523,0.08499999999999999,26.23,13.45,15.13,28.57,37.4,20.0,10.0,0.2,0.0,0.0,0.0,0.0,0.7,0.3,19.05,11.43,11.43,22.86,44.44,0.0,132.0,0.267,34.0,25.76,9.0,6.82,0.766,0.16599999999999998,28.7,14.32,16.7,31.02,29.3,23.74,294.0,0.246,79.0,26.87,18.0,6.12,0.667,0.125,25.64,12.88,16.81,29.69,28.75,19.85
745085,2024-06-09,2024,680700,L,680570,R,strikeout,True,False,164.0,0.246,38.0,23.17,20.0,12.2,0.71,0.11599999999999999,27.62,13.47,13.93,27.4,27.59,18.91,82.0,0.216,10.0,12.2,6.0,7.32,0.7390000000000001,0.243,15.71,6.75,18.4,25.15,18.99,10.75,115.0,0.216,31.0,26.96,12.0,10.43,0.651,0.13699999999999998,31.28,15.14,15.6,30.73,28.77,24.03,221.0,0.277,50.0,22.62,24.0,10.86,0.837,0.2049999999999999,27.18,13.73,13.84,27.58,30.67,15.92
745085,2024-06-09,2024,656775,L,641793,R,field_out,False,False,141.0,0.188,38.0,26.95,10.0,7.09,0.595,0.16399999999999998,20.79,10.9,12.78,23.68,29.06,22.35,336.0,0.233,77.0,22.92,31.0,9.23,0.726,0.1889999999999999,26.24,13.25,14.23,27.48,28.99,18.95,138.0,0.256,27.0,19.57,8.0,5.8,0.71,0.15499999999999997,22.59,11.51,16.6,28.11,29.55,15.29,183.0,0.233,41.0,22.4,8.0,4.37,0.681,0.1799999999999999,22.16,11.64,17.0,28.64,32.55,20.2
745085,2024-06-09,2024,683002,L,641793,R,double,False,False,194.0,0.251,43.0,22.16,19.0,9.79,0.9139999999999999,0.32799999999999996,25.15,11.53,14.38,25.92,22.43,24.43,455.0,0.272,117.0,25.71,38.0,8.35,0.885,0.277,25.57,12.07,15.7,27.78,26.4,22.35,138.0,0.256,27.0,19.57,8.0,5.8,0.71,0.15499999999999997,22.59,11.51,16.6,28.11,29.55,15.29,183.0,0.233,41.0,22.4,8.0,4.37,0.681,0.1799999999999999,22.16,11.64,17.0,28.64,32.55,20.2
745085,2024-06-09,2024,668939,L,641793,R,single,False,False,184.0,0.237,36.0,19.57,12.0,6.52,0.649,0.124,22.41,10.66,19.54,30.19,33.7,16.82,496.0,0.267,80.0,16.13,61.0,12.3,0.778,0.1519999999999999,16.76,6.91,19.7,26.61,24.41,12.54,138.0,0.256,27.0,19.57,8.0,5.8,0.71,0.15499999999999997,22.59,11.51,16.6,28.11,29.55,15.29,183.0,0.233,41.0,22.4,8.0,4.37,0.681,0.1799999999999999,22.16,11.64,17.0,28.64,32.55,20.2
745085,2024-06-09,2024,663624,R,641793,R,field_out,False,False,176.0,0.273,41.0,23.3,8.0,4.55,0.804,0.22399999999999998,23.36,12.88,12.45,25.33,37.74,18.81,310.0,0.235,78.0,25.16,22.0,7.1,0.6399999999999999,0.1139999999999999,29.78,16.05,13.56,29.61,37.06,21.61,152.0,0.301,39.0,25.66,3.0,1.97,0.7190000000000001,0.08900000000000002,24.34,13.58,15.41,28.99,34.69,20.97,196.0,0.287,33.0,16.84,4.0,2.04,0.76,0.16,19.89,10.69,14.35,25.04,30.7,16.92
745085,2024-06-09,2024,656811,L,641793,R,field_out,False,False,170.0,0.297,18.0,10.59,15.0,8.82,0.875,0.21900000000000003,17.5,7.81,16.43,24.24,22.98,12.59,340.0,0.297,74.0,21.76,13.0,3.82,0.802,0.178,22.26,11.29,14.37,25.66,31.15,17.72,138.0,0.256,27.0,19.57,8.0,5.8,0.71,0.15499999999999997,22.59,11.51,16.6,28.11,29.55,15.29,183.0,0.233,41.0,22.4,8.0,4.37,0.681,0.1799999999999999,22.16,11.64,17.0,28.64,32.55,20.2
745085,2024-06-09,2024,670764,L,680570,R,field_out,False,False,3.0,0.0,2.0,66.67,0.0,0.0,0.0,0.0,83.33,41.67,16.67,58.33,20.0,50.0,257.0,0.179,69.0,26.85,33.0,12.84,0.588,0.121,26.28,11.1,17.87,28.97,16.97,23.15,115.0,0.216,31.0,26.96,12.0,10.43,0.651,0.13699999999999998,31.28,15.14,15.6,30.73,28.77,24.03,221.0,0.277,50.0,22.62,24.0,10.86,0.837,0.2049999999999999,27.18,13.73,13.84,27.58,30.67,15.92
745085,2024-06-09,2024,666163,L,680570,R,field_out,False,False,110.0,0.253,28.0,25.45,14.0,12.73,0.6499999999999999,0.04199999999999998,24.76,10.99,17.34,28.33,27.12,17.53,72.0,0.133,15.0,20.83,10.0,13.89,0.507,0.1169999999999999,25.64,10.56,17.96,28.52,20.41,17.5,115.0,0.216,31.0,26.96,12.0,10.43,0.651,0.13699999999999998,31.28,15.14,15.6,30.73,28.77,24.03,221.0,0.277,50.0,22.62,24.0,10.86,0.837,0.2049999999999999,27.18,13.73,13.84,27.58,30.67,15.92
745085,2024-06-09,2024,676609,R,680570,R,field_out,False,False,161.0,0.247,43.0,26.71,10.0,6.21,0.653,0.09500000000000003,29.79,13.62,19.72,33.33,32.49,21.5,156.0,0.186,37.0,23.72,15.0,9.62,0.588,0.1009999999999999,24.9,10.03,24.36,34.39,27.59,18.69,132.0,0.267,34.0,25.76,9.0,6.82,0.766,0.16599999999999998,28.7,14.32,16.7,31.02,29.3,23.74,294.0,0.246,79.0,26.87,18.0,6.12,0.667,0.125,25.64,12.88,16.81,29.69,28.75,19.85
745085,2024-06-09,2024,623993,L,641793,R,home_run,False,False,185.0,0.213,28.0,15.14,13.0,7.03,0.7430000000000001,0.24900000000000003,16.67,9.09,13.16,22.25,40.15,12.02,486.0,0.26,107.0,22.02,31.0,6.38,0.798,0.2229999999999999,22.13,11.37,14.84,26.21,37.22,15.21,138.0,0.256,27.0,19.57,8.0,5.8,0.71,0.15499999999999997,22.59,11.51,16.6,28.11,29.55,15.29,183.0,0.233,41.0,22.4,8.0,4.37,0.681,0.1799999999999999,22.16,11.64,17.0,28.64,32.55,20.2
745085,2024-06-09,2024,676059,R,641793,R,field_out,False,False,184.0,0.298,30.0,16.3,12.0,6.52,0.877,0.22600000000000003,25.64,12.99,15.01,27.99,30.25,13.68,146.0,0.246,33.0,22.6,8.0,5.48,0.6779999999999999,0.142,22.97,11.73,16.25,27.98,29.59,19.76,152.0,0.301,39.0,25.66,3.0,1.97,0.7190000000000001,0.08900000000000002,24.34,13.58,15.41,28.99,34.69,20.97,196.0,0.287,33.0,16.84,4.0,2.04,0.76,0.16,19.89,10.69,14.35,25.04,30.7,16.92
745085,2024-06-09,2024,681297,L,641793,R,field_out,False,False,155.0,0.235,41.0,26.45,18.0,11.61,0.77,0.197,30.07,13.35,16.46,29.81,23.73,22.78,68.0,0.111,20.0,29.41,12.0,17.65,0.427,0.0369999999999999,26.67,10.98,17.07,28.05,21.51,17.7,138.0,0.256,27.0,19.57,8.0,5.8,0.71,0.15499999999999997,22.59,11.51,16.6,28.11,29.55,15.29,183.0,0.233,41.0,22.4,8.0,4.37,0.681,0.1799999999999999,22.16,11.64,17.0,28.64,32.55,20.2
745085,2024-06-09,2024,602104,R,641793,R,field_out,False,False,57.0,0.259,11.0,19.3,2.0,3.51,0.761,0.20400000000000001,28.97,14.55,12.21,26.76,24.77,18.03,272.0,0.274,72.0,26.47,17.0,6.25,0.726,0.1169999999999999,29.67,14.82,16.24,31.07,27.7,24.41,152.0,0.301,39.0,25.66,3.0,1.97,0.7190000000000001,0.08900000000000002,24.34,13.58,15.41,28.99,34.69,20.97,196.0,0.287,33.0,16.84,4.0,2.04,0.76,0.16,19.89,10.69,14.35,25.04,30.7,16.92
745085,2024-06-09,2024,650490,R,680570,R,field_out,False,False,205.0,0.231,30.0,14.63,21.0,10.24,0.652,0.10400000000000001,11.29,4.85,17.16,22.01,21.99,12.1,462.0,0.322,72.0,15.58,49.0,10.61,0.881,0.1559999999999999,18.95,8.0,18.68,26.68,19.71,15.69,132.0,0.267,34.0,25.76,9.0,6.82,0.766,0.16599999999999998,28.7,14.32,16.7,31.02,29.3,23.74,294.0,0.246,79.0,26.87,18.0,6.12,0.667,0.125,25.64,12.88,16.81,29.69,28.75,19.85
745085,2024-06-09,2024,664040,L,680570,R,strikeout,True,False,68.0,0.172,17.0,25.0,8.0,11.76,0.622,0.15600000000000003,26.23,13.39,10.04,23.43,27.13,28.33,374.0,0.241,103.0,27.54,42.0,11.23,0.813,0.237,31.86,16.63,11.13,27.77,30.39,21.33,115.0,0.216,31.0,26.96,12.0,10.43,0.651,0.13699999999999998,31.28,15.14,15.6,30.73,28.77,24.03,221.0,0.277,50.0,22.62,24.0,10.86,0.837,0.2049999999999999,27.18,13.73,13.84,27.58,30.67,15.92
745085,2024-06-09,2024,668227,R,680570,R,strikeout,True,False,190.0,0.175,56.0,29.47,18.0,9.47,0.589,0.14400000000000002,36.66,15.32,19.85,35.17,24.52,21.05,517.0,0.254,119.0,23.02,62.0,11.99,0.7769999999999999,0.1589999999999999,29.93,12.82,18.77,31.59,26.93,19.44,132.0,0.267,34.0,25.76,9.0,6.82,0.766,0.16599999999999998,28.7,14.32,16.7,31.02,29.3,23.74,294.0,0.246,79.0,26.87,18.0,6.12,0.667,0.125,25.64,12.88,16.81,29.69,28.75,19.85
745085,2024-06-09,2024,656775,L,641793,R,single,False,False,141.0,0.188,38.0,26.95,10.0,7.09,0.595,0.16399999999999998,20.79,10.9,12.78,23.68,29.06,22.35,336.0,0.233,77.0,22.92,31.0,9.23,0.726,0.1889999999999999,26.24,13.25,14.23,27.48,28.99,18.95,138.0,0.256,27.0,19.57,8.0,5.8,0.71,0.15499999999999997,22.59,11.51,16.6,28.11,29.55,15.29,183.0,0.233,41.0,22.4,8.0,4.37,0.681,0.1799999999999999,22.16,11.64,17.0,28.64,32.55,20.2
745085,2024-06-09,2024,683002,L,641793,R,strikeout,True,False,194.0,0.251,43.0,22.16,19.0,9.79,0.9139999999999999,0.32799999999999996,25.15,11.53,14.38,25.92,22.43,24.43,455.0,0.272,117.0,25.71,38.0,8.35,0.885,0.277,25.57,12.07,15.7,27.78,26.4,22.35,138.0,0.256,27.0,19.57,8.0,5.8,0.71,0.15499999999999997,22.59,11.51,16.6,28.11,29.55,15.29,183.0,0.233,41.0,22.4,8.0,4.37,0.681,0.1799999999999999,22.16,11.64,17.0,28.64,32.55,20.2
745085,2024-06-09,2024,668939,L,641793,R,field_out,False,False,184.0,0.237,36.0,19.57,12.0,6.52,0.649,0.124,22.41,10.66,19.54,30.19,33.7,16.82,496.0,0.267,80.0,16.13,61.0,12.3,0.778,0.1519999999999999,16.76,6.91,19.7,26.61,24.41,12.54,138.0,0.256,27.0,19.57,8.0,5.8,0.71,0.15499999999999997,22.59,11.51,16.6,28.11,29.55,15.29,183.0,0.233,41.0,22.4,8.0,4.37,0.681,0.1799999999999999,22.16,11.64,17.0,28.64,32.55,20.2
745085,2024-06-09,2024,663624,R,641793,R,field_out,False,False,176.0,0.273,41.0,23.3,8.0,4.55,0.804,0.22399999999999998,23.36,12.88,12.45,25.33,37.74,18.81,310.0,0.235,78.0,25.16,22.0,7.1,0.6399999999999999,0.1139999999999999,29.78,16.05,13.56,29.61,37.06,21.61,152.0,0.301,39.0,25.66,3.0,1.97,0.7190000000000001,0.08900000000000002,24.34,13.58,15.41,28.99,34.69,20.97,196.0,0.287,33.0,16.84,4.0,2.04,0.76,0.16,19.89,10.69,14.35,25.04,30.7,16.92
745085,2024-06-09,2024,666139,L,680570,R,field_out,False,False,53.0,0.229,14.0,26.42,4.0,7.55,0.705,0.18799999999999997,25.86,13.22,14.54,27.75,31.19,17.95,435.0,0.3,104.0,23.91,27.0,6.21,0.8540000000000001,0.211,29.41,15.52,12.38,27.9,34.65,18.39,115.0,0.216,31.0,26.96,12.0,10.43,0.651,0.13699999999999998,31.28,15.14,15.6,30.73,28.77,24.03,221.0,0.277,50.0,22.62,24.0,10.86,0.837,0.2049999999999999,27.18,13.73,13.84,27.58,30.67,15.92
745085,2024-06-09,2024,676356,R,680570,R,field_out,False,False,67.0,0.169,15.0,22.39,6.0,8.96,0.523,0.08499999999999999,26.23,13.45,15.13,28.57,37.4,20.0,10.0,0.2,0.0,0.0,0.0,0.0,0.7,0.3,19.05,11.43,11.43,22.86,44.44,0.0,132.0,0.267,34.0,25.76,9.0,6.82,0.766,0.16599999999999998,28.7,14.32,16.7,31.02,29.3,23.74,294.0,0.246,79.0,26.87,18.0,6.12,0.667,0.125,25.64,12.88,16.81,29.69,28.75,19.85
745085,2024-06-09,2024,680700,L,680570,R,strikeout,True,False,164.0,0.246,38.0,23.17,20.0,12.2,0.71,0.11599999999999999,27.62,13.47,13.93,27.4,27.59,18.91,82.0,0.216,10.0,12.2,6.0,7.32,0.7390000000000001,0.243,15.71,6.75,18.4,25.15,18.99,10.75,115.0,0.216,31.0,26.96,12.0,10.43,0.651,0.13699999999999998,31.28,15.14,15.6,30.73,28.77,24.03,221.0,0.277,50.0,22.62,24.0,10.86,0.837,0.2049999999999999,27.18,13.73,13.84,27.58,30.67,15.92
745085,2024-06-09,2024,656811,L,641793,R,field_out,False,False,170.0,0.297,18.0,10.59,15.0,8.82,0.875,0.21900000000000003,17.5,7.81,16.43,24.24,22.98,12.59,340.0,0.297,74.0,21.76,13.0,3.82,0.802,0.178,22.26,11.29,14.37,25.66,31.15,17.72,138.0,0.256,27.0,19.57,8.0,5.8,0.71,0.15499999999999997,22.59,11.51,16.6,28.11,29.55,15.29,183.0,0.233,41.0,22.4,8.0,4.37,0.681,0.1799999999999999,22.16,11.64,17.0,28.64,32.55,20.2
745085,2024-06-09,2024,623993,L,641793,R,strikeout,True,False,185.0,0.213,28.0,15.14,13.0,7.03,0.7430000000000001,0.24900000000000003,16.67,9.09,13.16,22.25,40.15,12.02,486.0,0.26,107.0,22.02,31.0,6.38,0.798,0.2229999999999999,22.13,11.37,14.84,26.21,37.22,15.21,138.0,0.256,27.0,19.57,8.0,5.8,0.71,0.15499999999999997,22.59,11.51,16.6,28.11,29.55,15.29,183.0,0.233,41.0,22.4,8.0,4.37,0.681,0.1799999999999999,22.16,11.64,17.0,28.64,32.55,20.2
745085,2024-06-09,2024,676059,R,641793,R,double,False,False,184.0,0.298,30.0,16.3,12.0,6.52,0.877,0.22600000000000003,25.64,12.99,15.01,27.99,30.25,13.68,146.0,0.246,33.0,22.6,8.0,5.48,0.6779999999999999,0.142,22.97,11.73,16.25,27.98,29.59,19.76,152.0,0.301,39.0,25.66,3.0,1.97,0.7190000000000001,0.08900000000000002,24.34,13.58,15.41,28.99,34.69,20.97,196.0,0.287,33.0,16.84,4.0,2.04,0.76,0.16,19.89,10.69,14.35,25.04,30.7,16.92
745085,2024-06-09,2024,681297,L,641793,R,triple,False,False,155.0,0.235,41.0,26.45,18.0,11.61,0.77,0.197,30.07,13.35,16.46,29.81,23.73,22.78,68.0,0.111,20.0,29.41,12.0,17.65,0.427,0.0369999999999999,26.67,10.98,17.07,28.05,21.51,17.7,138.0,0.256,27.0,19.57,8.0,5.8,0.71,0.15499999999999997,22.59,11.51,16.6,28.11,29.55,15.29,183.0,0.233,41.0,22.4,8.0,4.37,0.681,0.1799999999999999,22.16,11.64,17.0,28.64,32.55,20.2
745085,2024-06-09,2024,602104,R,641793,R,field_out,False,False,57.0,0.259,11.0,19.3,2.0,3.51,0.761,0.20400000000000001,28.97,14.55,12.21,26.76,24.77,18.03,272.0,0.274,72.0,26.47,17.0,6.25,0.726,0.1169999999999999,29.67,14.82,16.24,31.07,27.7,24.41,152.0,0.301,39.0,25.66,3.0,1.97,0.7190000000000001,0.08900000000000002,24.34,13.58,15.41,28.99,34.69,20.97,196.0,0.287,33.0,16.84,4.0,2.04,0.76,0.16,19.89,10.69,14.35,25.04,30.7,16.92
745085,2024-06-09,2024,670764,L,680570,R,walk,False,True,3.0,0.0,2.0,66.67,0.0,0.0,0.0,0.0,83.33,41.67,16.67,58.33,20.0,50.0,257.0,0.179,69.0,26.85,33.0,12.84,0.588,0.121,26.28,11.1,17.87,28.97,16.97,23.15,115.0,0.216,31.0,26.96,12.0,10.43,0.651,0.13699999999999998,31.28,15.14,15.6,30.73,28.77,24.03,221.0,0.277,50.0,22.62,24.0,10.86,0.837,0.2049999999999999,27.18,13.73,13.84,27.58,30.67,15.92
745085,2024-06-09,2024,666163,L,680570,R,strikeout,True,False,110.0,0.253,28.0,25.45,14.0,12.73,0.6499999999999999,0.04199999999999998,24.76,10.99,17.34,28.33,27.12,17.53,72.0,0.133,15.0,20.83,10.0,13.89,0.507,0.1169999999999999,25.64,10.56,17.96,28.52,20.41,17.5,115.0,0.216,31.0,26.96,12.0,10.43,0.651,0.13699999999999998,31.28,15.14,15.6,30.73,28.77,24.03,221.0,0.277,50.0,22.62,24.0,10.86,0.837,0.2049999999999999,27.18,13.73,13.84,27.58,30.67,15.92
745085,2024-06-09,2024,676609,R,680570,R,field_out,False,False,161.0,0.247,43.0,26.71,10.0,6.21,0.653,0.09500000000000003,29.79,13.62,19.72,33.33,32.49,21.5,156.0,0.186,37.0,23.72,15.0,9.62,0.588,0.1009999999999999,24.9,10.03,24.36,34.39,27.59,18.69,132.0,0.267,34.0,25.76,9.0,6.82,0.766,0.16599999999999998,28.7,14.32,16.7,31.02,29.3,23.74,294.0,0.246,79.0,26.87,18.0,6.12,0.667,0.125,25.64,12.88,16.81,29.69,28.75,19.85
745085,2024-06-09,2024,650490,R,680570,R,single,False,False,205.0,0.231,30.0,14.63,21.0,10.24,0.652,0.10400000000000001,11.29,4.85,17.16,22.01,21.99,12.1,462.0,0.322,72.0,15.58,49.0,10.61,0.881,0.1559999999999999,18.95,8.0,18.68,26.68,19.71,15.69,132.0,0.267,34.0,25.76,9.0,6.82,0.766,0.16599999999999998,28.7,14.32,16.7,31.02,29.3,23.74,294.0,0.246,79.0,26.87,18.0,6.12,0.667,0.125,25.64,12.88,16.81,29.69,28.75,19.85
745085,2024-06-09,2024,664040,L,680570,R,single,False,False,68.0,0.172,17.0,25.0,8.0,11.76,0.622,0.15600000000000003,26.23,13.39,10.04,23.43,27.13,28.33,374.0,0.241,103.0,27.54,42.0,11.23,0.813,0.237,31.86,16.63,11.13,27.77,30.39,21.33,115.0,0.216,31.0,26.96,12.0,10.43,0.651,0.13699999999999998,31.28,15.14,15.6,30.73,28.77,24.03,221.0,0.277,50.0,22.62,24.0,10.86,0.837,0.2049999999999999,27.18,13.73,13.84,27.58,30.67,15.92
745085,2024-06-09,2024,668227,R,622253,R,single,False,False,190.0,0.175,56.0,29.47,18.0,9.47,0.589,0.14400000000000002,36.66,15.32,19.85,35.17,24.52,21.05,517.0,0.254,119.0,23.02,62.0,11.99,0.7769999999999999,0.1589999999999999,29.93,12.82,18.77,31.59,26.93,19.44,61.0,0.232,12.0,19.67,3.0,4.92,0.5449999999999999,0.017999999999999988,19.42,8.85,18.14,26.99,31.25,19.05,,,,,,,,,,,,,,
745085,2024-06-09,2024,666139,L,622253,R,walk,False,True,53.0,0.229,14.0,26.42,4.0,7.55,0.705,0.18799999999999997,25.86,13.22,14.54,27.75,31.19,17.95,435.0,0.3,104.0,23.91,27.0,6.21,0.8540000000000001,0.211,29.41,15.52,12.38,27.9,34.65,18.39,21.0,0.278,0.0,0.0,3.0,14.29,0.881,0.22199999999999998,7.69,3.17,14.29,17.46,13.33,0.0,,,,,,,,,,,,,,
745085,2024-06-09,2024,676356,R,622253,R,strikeout,True,False,67.0,0.169,15.0,22.39,6.0,8.96,0.523,0.08499999999999999,26.23,13.45,15.13,28.57,37.4,20.0,10.0,0.2,0.0,0.0,0.0,0.0,0.7,0.3,19.05,11.43,11.43,22.86,44.44,0.0,61.0,0.232,12.0,19.67,3.0,4.92,0.5449999999999999,0.017999999999999988,19.42,8.85,18.14,26.99,31.25,19.05,,,,,,,,,,,,,,
745085,2024-06-09,2024,656775,L,664076,L,triple,False,False,50.0,0.125,12.0,24.0,1.0,2.0,0.327,0.04200000000000001,21.0,10.99,15.71,26.7,27.91,22.22,120.0,0.233,24.0,20.0,12.0,10.0,0.708,0.165,20.83,9.68,19.35,29.03,20.0,14.81,35.0,0.185,13.0,37.14,6.0,17.14,0.593,0.037000000000000005,28.57,12.42,21.12,33.54,28.21,20.31,15.0,0.182,6.0,40.0,4.0,26.67,0.5820000000000001,0.0,27.78,12.2,17.07,29.27,32.61,16.22
745085,2024-06-09,2024,683002,L,664076,L,single,False,False,92.0,0.292,26.0,28.26,17.0,18.48,1.018,0.291,31.58,12.34,18.25,30.59,17.91,22.41,167.0,0.209,42.0,25.15,18.0,10.78,0.617,0.115,28.77,12.92,19.54,32.46,27.19,20.79,35.0,0.185,13.0,37.14,6.0,17.14,0.593,0.037000000000000005,28.57,12.42,21.12,33.54,28.21,20.31,15.0,0.182,6.0,40.0,4.0,26.67,0.5820000000000001,0.0,27.78,12.2,17.07,29.27,32.61,16.22
745085,2024-06-09,2024,668939,R,664076,L,single,False,False,84.0,0.432,12.0,14.29,3.0,3.57,1.168,0.284,17.88,8.08,20.66,28.74,26.71,12.63,191.0,0.304,21.0,10.99,31.0,16.23,0.895,0.177,12.46,4.9,20.56,25.46,20.79,8.71,72.0,0.18,20.0,27.78,9.0,12.5,0.493,0.017000000000000015,30.14,15.07,14.38,29.45,33.77,20.41,33.0,0.133,8.0,24.24,2.0,6.06,0.579,0.2339999999999999,25.0,10.08,19.38,29.46,28.17,24.24
745085,2024-06-09,2024,663624,R,664076,L,field_out,False,False,69.0,0.302,12.0,17.39,6.0,8.7,0.886,0.22200000000000003,20.95,11.11,12.9,24.01,38.51,14.63,161.0,0.338,29.0,18.01,15.0,9.32,1.053,0.317,25.46,14.21,11.82,26.03,41.95,16.86,72.0,0.18,20.0,27.78,9.0,12.5,0.493,0.017000000000000015,30.14,15.07,14.38,29.45,33.77,20.41,33.0,0.133,8.0,24.24,2.0,6.06,0.579,0.2339999999999999,25.0,10.08,19.38,29.46,28.17,24.24
745085,2024-06-09,2024,656811,L,664076,L,field_out,False,False,10.0,0.1,0.0,0.0,0.0,0.0,0.2,0.0,21.05,11.43,22.86,34.29,40.0,0.0,29.0,0.192,8.0,27.59,2.0,6.9,0.788,0.346,34.43,16.41,14.84,31.25,27.94,16.0,35.0,0.185,13.0,37.14,6.0,17.14,0.593,0.037000000000000005,28.57,12.42,21.12,33.54,28.21,20.31,15.0,0.182,6.0,40.0,4.0,26.67,0.5820000000000001,0.0,27.78,12.2,17.07,29.27,32.61,16.22
745085,2024-06-09,2024,623993,R,664076,L,field_out,False,False,62.0,0.275,16.0,25.81,7.0,11.29,0.897,0.235,32.71,14.64,18.41,33.05,29.51,23.19,170.0,0.25,45.0,26.47,24.0,14.12,0.7909999999999999,0.188,28.15,11.77,18.98,30.75,26.34,19.31,72.0,0.18,20.0,27.78,9.0,12.5,0.493,0.017000000000000015,30.14,15.07,14.38,29.45,33.77,20.41,33.0,0.133,8.0,24.24,2.0,6.06,0.579,0.2339999999999999,25.0,10.08,19.38,29.46,28.17,24.24
745085,2024-06-09,2024,642708,R,672335,L,strikeout,True,False,61.0,0.317,11.0,18.03,0.0,0.0,0.761,0.133,25.6,15.09,14.62,29.72,41.0,18.97,193.0,0.282,27.0,13.99,11.0,5.7,0.768,0.16,18.35,9.79,15.18,24.96,39.07,12.33,36.0,0.258,8.0,22.22,5.0,13.89,0.748,0.129,32.76,14.39,15.15,29.55,25.68,21.62,139.0,0.305,20.0,14.39,14.0,10.07,0.771,0.076,19.11,8.9,16.36,25.26,26.96,15.87
745085,2024-06-09,2024,670764,R,672335,L,field_out,False,False,4.0,0.5,2.0,50.0,0.0,0.0,1.25,0.25,33.33,11.11,22.22,33.33,12.5,28.57,92.0,0.262,23.0,25.0,11.0,11.96,0.7769999999999999,0.1629999999999999,29.38,13.09,17.27,30.36,20.23,24.21,36.0,0.258,8.0,22.22,5.0,13.89,0.748,0.129,32.76,14.39,15.15,29.55,25.68,21.62,139.0,0.305,20.0,14.39,14.0,10.07,0.771,0.076,19.11,8.9,16.36,25.26,26.96,15.87
745085,2024-06-09,2024,666163,L,672335,L,field_out,False,False,16.0,0.167,4.0,25.0,4.0,25.0,0.542,0.0,27.27,10.0,16.67,26.67,25.64,23.53,9.0,0.0,4.0,44.44,1.0,11.11,0.111,0.0,42.11,21.05,18.42,39.47,29.41,26.67,28.0,0.154,8.0,28.57,1.0,3.57,0.445,0.07700000000000001,25.49,13.54,12.5,26.04,36.17,30.77,109.0,0.213,24.0,22.02,13.0,11.93,0.602,0.0739999999999999,21.23,9.38,17.28,26.67,28.02,21.24
745085,2024-06-09,2024,676059,R,664208,R,triple,False,False,184.0,0.298,30.0,16.3,12.0,6.52,0.877,0.22600000000000003,25.64,12.99,15.01,27.99,30.25,13.68,146.0,0.246,33.0,22.6,8.0,5.48,0.6779999999999999,0.142,22.97,11.73,16.25,27.98,29.59,19.76,57.0,0.25,9.0,15.79,8.0,14.04,0.722,0.10399999999999998,30.7,15.22,13.48,28.7,29.13,14.52,136.0,0.153,44.0,32.35,8.0,5.88,0.431,0.0569999999999999,39.26,20.62,13.04,33.66,34.2,29.86
745085,2024-06-09,2024,681297,L,664208,R,field_out,False,False,155.0,0.235,41.0,26.45,18.0,11.61,0.77,0.197,30.07,13.35,16.46,29.81,23.73,22.78,68.0,0.111,20.0,29.41,12.0,17.65,0.427,0.0369999999999999,26.67,10.98,17.07,28.05,21.51,17.7,46.0,0.25,10.0,21.74,7.0,15.22,1.024,0.361,22.62,9.74,14.87,24.62,31.78,17.54,138.0,0.265,30.0,21.74,17.0,12.32,0.856,0.2039999999999999,26.0,12.2,15.95,28.14,26.22,19.87
745085,2024-06-09,2024,602104,R,664208,R,walk,False,True,57.0,0.259,11.0,19.3,2.0,3.51,0.761,0.20400000000000001,28.97,14.55,12.21,26.76,24.77,18.03,272.0,0.274,72.0,26.47,17.0,6.25,0.726,0.1169999999999999,29.67,14.82,16.24,31.07,27.7,24.41,57.0,0.25,9.0,15.79,8.0,14.04,0.722,0.10399999999999998,30.7,15.22,13.48,28.7,29.13,14.52,136.0,0.153,44.0,32.35,8.0,5.88,0.431,0.0569999999999999,39.26,20.62,13.04,33.66,34.2,29.86
745085,2024-06-09,2024,656775,L,664208,R,field_out,False,False,141.0,0.188,38.0,26.95,10.0,7.09,0.595,0.16399999999999998,20.79,10.9,12.78,23.68,29.06,22.35,336.0,0.233,77.0,22.92,31.0,9.23,0.726,0.1889999999999999,26.24,13.25,14.23,27.48,28.99,18.95,46.0,0.25,10.0,21.74,7.0,15.22,1.024,0.361,22.62,9.74,14.87,24.62,31.78,17.54,138.0,0.265,30.0,21.74,17.0,12.32,0.856,0.2039999999999999,26.0,12.2,15.95,28.14,26.22,19.87
745085,2024-06-09,2024,683002,L,664208,R,walk,False,True,194.0,0.251,43.0,22.16,19.0,9.79,0.9139999999999999,0.32799999999999996,25.15,11.53,14.38,25.92,22.43,24.43,455.0,0.272,117.0,25.71,38.0,8.35,0.885,0.277,25.57,12.07,15.7,27.78,26.4,22.35,46.0,0.25,10.0,21.74,7.0,15.22,1.024,0.361,22.62,9.74,14.87,24.62,31.78,17.54,138.0,0.265,30.0,21.74,17.0,12.32,0.856,0.2039999999999999,26.0,12.2,15.95,28.14,26.22,19.87
745085,2024-06-09,2024,668939,L,664208,R,home_run,False,False,184.0,0.237,36.0,19.57,12.0,6.52,0.649,0.124,22.41,10.66,19.54,30.19,33.7,16.82,496.0,0.267,80.0,16.13,61.0,12.3,0.778,0.1519999999999999,16.76,6.91,19.7,26.61,24.41,12.54,46.0,0.25,10.0,21.74,7.0,15.22,1.024,0.361,22.62,9.74,14.87,24.62,31.78,17.54,138.0,0.265,30.0,21.74,17.0,12.32,0.856,0.2039999999999999,26.0,12.2,15.95,28.14,26.22,19.87
745085,2024-06-09,2024,663624,R,664208,R,field_out,False,False,176.0,0.273,41.0,23.3,8.0,4.55,0.804,0.22399999999999998,23.36,12.88,12.45,25.33,37.74,18.81,310.0,0.235,78.0,25.16,22.0,7.1,0.6399999999999999,0.1139999999999999,29.78,16.05,13.56,29.61,37.06,21.61,57.0,0.25,9.0,15.79,8.0,14.04,0.722,0.10399999999999998,30.7,15.22,13.48,28.7,29.13,14.52,136.0,0.153,44.0,32.35,8.0,5.88,0.431,0.0569999999999999,39.26,20.62,13.04,33.66,34.2,29.86
745085,2024-06-09,2024,676609,R,669211,L,strikeout,True,False,47.0,0.31,18.0,38.3,1.0,2.13,0.832,0.16599999999999998,40.21,21.91,18.54,40.45,39.51,26.87,124.0,0.265,29.0,23.39,13.0,10.48,0.758,0.0979999999999999,21.43,9.88,19.38,29.26,31.78,17.26,66.0,0.19,17.0,25.76,6.0,9.09,0.624,0.172,28.33,12.78,16.92,29.7,23.26,22.67,67.0,0.345,18.0,26.87,7.0,10.45,0.857,0.103,25.5,12.88,15.93,28.81,31.58,16.98
745085,2024-06-09,2024,650490,R,669211,L,single,False,False,72.0,0.288,7.0,9.72,4.0,5.56,0.7130000000000001,0.10600000000000004,8.33,3.77,16.6,20.38,19.67,12.5,139.0,0.355,22.0,15.83,16.0,11.51,1.101,0.314,16.87,7.31,16.22,23.53,19.53,13.75,66.0,0.19,17.0,25.76,6.0,9.09,0.624,0.172,28.33,12.78,16.92,29.7,23.26,22.67,67.0,0.345,18.0,26.87,7.0,10.45,0.857,0.103,25.5,12.88,15.93,28.81,31.58,16.98
745085,2024-06-09,2024,664040,L,669211,L,field_out,False,False,15.0,0.357,4.0,26.67,1.0,6.67,1.0430000000000001,0.28600000000000003,40.62,23.21,5.36,28.57,26.92,25.0,63.0,0.17,16.0,25.4,8.0,12.7,0.512,0.0559999999999999,33.05,15.79,14.98,30.77,27.69,23.19,54.0,0.229,14.0,25.93,5.0,9.26,0.677,0.146,22.22,8.97,20.63,29.6,18.1,21.21,46.0,0.326,9.0,19.57,0.0,0.0,0.869,0.217,24.44,13.33,19.39,32.73,38.36,19.15
745085,2024-06-09,2024,668227,R,669211,L,single,False,False,68.0,0.167,13.0,19.12,13.0,19.12,0.661,0.166,26.36,10.14,18.18,28.32,17.83,17.81,138.0,0.254,37.0,26.81,18.0,13.04,0.8280000000000001,0.212,26.44,11.46,18.11,29.57,29.32,19.68,66.0,0.19,17.0,25.76,6.0,9.09,0.624,0.172,28.33,12.78,16.92,29.7,23.26,22.67,67.0,0.345,18.0,26.87,7.0,10.45,0.857,0.103,25.5,12.88,15.93,28.81,31.58,16.98
745085,2024-06-09,2024,666139,L,669211,L,strikeout,True,False,10.0,0.2,4.0,40.0,0.0,0.0,0.6000000000000001,0.2,50.0,20.93,23.26,44.19,23.81,28.57,68.0,0.238,20.0,29.41,4.0,5.88,0.713,0.191,35.42,19.54,13.03,32.57,42.18,21.74,54.0,0.229,14.0,25.93,5.0,9.26,0.677,0.146,22.22,8.97,20.63,29.6,18.1,21.21,46.0,0.326,9.0,19.57,0.0,0.0,0.869,0.217,24.44,13.33,19.39,32.73,38.36,19.15
745085,2024-06-09,2024,656811,L,664126,R,field_out,False,False,170.0,0.297,18.0,10.59,15.0,8.82,0.875,0.21900000000000003,17.5,7.81,16.43,24.24,22.98,12.59,340.0,0.297,74.0,21.76,13.0,3.82,0.802,0.178,22.26,11.29,14.37,25.66,31.15,17.72,34.0,0.29,8.0,23.53,3.0,8.82,0.6759999999999999,0.03300000000000003,17.65,6.62,25.0,31.62,19.67,22.22,86.0,0.211,35.0,40.7,9.0,10.47,0.565,0.052,32.88,13.79,25.29,39.08,26.17,31.25
745085,2024-06-09,2024,623993,L,664126,R,field_out,False,False,185.0,0.213,28.0,15.14,13.0,7.03,0.7430000000000001,0.24900000000000003,16.67,9.09,13.16,22.25,40.15,12.02,486.0,0.26,107.0,22.02,31.0,6.38,0.798,0.2229999999999999,22.13,11.37,14.84,26.21,37.22,15.21,34.0,0.29,8.0,23.53,3.0,8.82,0.6759999999999999,0.03300000000000003,17.65,6.62,25.0,31.62,19.67,22.22,86.0,0.211,35.0,40.7,9.0,10.47,0.565,0.052,32.88,13.79,25.29,39.08,26.17,31.25
745085,2024-06-09,2024,676059,R,664126,R,single,False,False,184.0,0.298,30.0,16.3,12.0,6.52,0.877,0.22600000000000003,25.64,12.99,15.01,27.99,30.25,13.68,146.0,0.246,33.0,22.6,8.0,5.48,0.6779999999999999,0.142,22.97,11.73,16.25,27.98,29.59,19.76,46.0,0.158,14.0,30.43,7.0,15.22,0.5,0.05299999999999999,27.78,12.05,19.28,31.33,23.46,33.33,99.0,0.12,33.0,33.33,11.0,11.11,0.4519999999999999,0.0849999999999999,29.08,14.69,18.3,32.99,29.89,26.83
745085,2024-06-09,2024,681297,L,664126,R,strikeout,True,False,155.0,0.235,41.0,26.45,18.0,11.61,0.77,0.197,30.07,13.35,16.46,29.81,23.73,22.78,68.0,0.111,20.0,29.41,12.0,17.65,0.427,0.0369999999999999,26.67,10.98,17.07,28.05,21.51,17.7,34.0,0.29,8.0,23.53,3.0,8.82,0.6759999999999999,0.03300000000000003,17.65,6.62,25.0,31.62,19.67,22.22,86.0,0.211,35.0,40.7,9.0,10.47,0.565,0.052,32.88,13.79,25.29,39.08,26.17,31.25
745085,2024-06-09,2024,676356,R,669211,L,field_out,False,False,31.0,0.192,6.0,19.35,4.0,12.9,0.723,0.23099999999999998,23.19,12.12,13.64,25.76,35.94,12.5,35.0,0.281,8.0,22.86,3.0,8.57,0.7490000000000001,0.125,27.78,15.15,13.64,28.79,41.67,17.78,66.0,0.19,17.0,25.76,6.0,9.09,0.624,0.172,28.33,12.78,16.92,29.7,23.26,22.67,67.0,0.345,18.0,26.87,7.0,10.45,0.857,0.103,25.5,12.88,15.93,28.81,31.58,16.98
745085,2024-06-09,2024,642708,R,669211,L,walk,False,True,61.0,0.317,11.0,18.03,0.0,0.0,0.761,0.133,25.6,15.09,14.62,29.72,41.0,18.97,193.0,0.282,27.0,13.99,11.0,5.7,0.768,0.16,18.35,9.79,15.18,24.96,39.07,12.33,66.0,0.19,17.0,25.76,6.0,9.09,0.624,0.172,28.33,12.78,16.92,29.7,23.26,22.67,67.0,0.345,18.0,26.87,7.0,10.45,0.857,0.103,25.5,12.88,15.93,28.81,31.58,16.98
745085,2024-06-09,2024,670764,R,669211,L,field_out,False,False,4.0,0.5,2.0,50.0,0.0,0.0,1.25,0.25,33.33,11.11,22.22,33.33,12.5,28.57,92.0,0.262,23.0,25.0,11.0,11.96,0.7769999999999999,0.1629999999999999,29.38,13.09,17.27,30.36,20.23,24.21,66.0,0.19,17.0,25.76,6.0,9.09,0.624,0.172,28.33,12.78,16.92,29.7,23.26,22.67,67.0,0.345,18.0,26.87,7.0,10.45,0.857,0.103,25.5,12.88,15.93,28.81,31.58,16.98
745085,2024-06-09,2024,666163,L,669211,L,double,False,False,16.0,0.167,4.0,25.0,4.0,25.0,0.542,0.0,27.27,10.0,16.67,26.67,25.64,23.53,9.0,0.0,4.0,44.44,1.0,11.11,0.111,0.0,42.11,21.05,18.42,39.47,29.41,26.67,54.0,0.229,14.0,25.93,5.0,9.26,0.677,0.146,22.22,8.97,20.63,29.6,18.1,21.21,46.0,0.326,9.0,19.57,0.0,0.0,0.869,0.217,24.44,13.33,19.39,32.73,38.36,19.15
745085,2024-06-09,2024,676609,R,669211,L,strikeout,True,False,47.0,0.31,18.0,38.3,1.0,2.13,0.832,0.16599999999999998,40.21,21.91,18.54,40.45,39.51,26.87,124.0,0.265,29.0,23.39,13.0,10.48,0.758,0.0979999999999999,21.43,9.88,19.38,29.26,31.78,17.26,66.0,0.19,17.0,25.76,6.0,9.09,0.624,0.172,28.33,12.78,16.92,29.7,23.26,22.67,67.0,0.345,18.0,26.87,7.0,10.45,0.857,0.103,25.5,12.88,15.93,28.81,31.58,16.98
746054,2024-06-09,2024,680757,L,669432,L,field_out,False,False,45.0,0.405,5.0,11.11,3.0,6.67,0.944,0.09499999999999997,6.85,2.7,22.16,24.86,20.69,10.0,224.0,0.26,23.0,10.27,20.0,8.93,0.667,0.08,13.41,5.5,21.44,26.95,22.3,10.5,63.0,0.281,14.0,22.22,6.0,9.52,0.84,0.20999999999999996,25.62,11.74,16.67,28.41,29.01,17.28,17.0,0.2,5.0,29.41,1.0,5.88,0.494,0.0,30.3,14.49,21.74,36.23,34.48,20.0
746054,2024-06-09,2024,671289,R,669432,L,hit_by_pitch,False,False,68.0,0.196,10.0,14.71,8.0,11.76,0.6699999999999999,0.16099999999999998,18.03,8.12,18.08,26.2,25.35,12.2,80.0,0.216,13.0,16.25,4.0,5.0,0.667,0.176,15.28,7.61,17.3,24.91,28.87,15.66,207.0,0.311,33.0,15.94,21.0,10.14,0.874,0.181,22.52,10.73,14.05,24.78,30.48,15.53,62.0,0.236,14.0,22.58,5.0,8.06,0.687,0.128,26.4,12.64,14.94,27.59,37.33,16.67
746054,2024-06-09,2024,608070,R,669432,L,strikeout,True,False,84.0,0.32,9.0,10.71,8.0,9.52,0.968,0.26699999999999996,19.62,9.75,15.09,24.84,34.18,11.39,230.0,0.243,25.0,10.87,19.0,8.26,0.766,0.219,16.06,7.21,15.81,23.02,28.33,12.18,207.0,0.311,33.0,15.94,21.0,10.14,0.874,0.181,22.52,10.73,14.05,24.78,30.48,15.53,62.0,0.236,14.0,22.58,5.0,8.06,0.687,0.128,26.4,12.64,14.94,27.59,37.33,16.67
746054,2024-06-09,2024,647304,L,669432,L,force_out,False,False,78.0,0.2,19.0,24.36,6.0,7.69,0.716,0.243,28.57,13.95,13.95,27.91,37.5,31.15,148.0,0.299,15.0,10.14,8.0,5.41,0.821,0.175,16.23,8.67,12.1,20.77,35.38,11.03,63.0,0.281,14.0,22.22,6.0,9.52,0.84,0.20999999999999996,25.62,11.74,16.67,28.41,29.01,17.28,17.0,0.2,5.0,29.41,1.0,5.88,0.494,0.0,30.3,14.49,21.74,36.23,34.48,20.0
746054,2024-06-09,2024,665862,L,471911,R,strikeout,True,False,176.0,0.252,41.0,23.3,16.0,9.09,0.752,0.176,28.11,13.1,13.93,27.03,29.41,20.3,290.0,0.275,91.0,31.38,20.0,6.9,0.8540000000000001,0.25,35.14,15.36,16.88,32.24,26.1,27.41,115.0,0.293,23.0,20.0,16.0,13.91,0.866,0.182,24.34,10.45,16.59,27.05,23.9,19.33,188.0,0.288,25.0,13.3,26.0,13.83,0.871,0.193,23.78,9.88,15.43,25.3,24.54,14.53
746054,2024-06-09,2024,650559,R,471911,R,field_out,False,False,177.0,0.224,47.0,26.55,15.0,8.47,0.717,0.205,32.77,16.43,13.62,30.06,31.48,23.5,473.0,0.251,107.0,22.62,29.0,6.13,0.717,0.1689999999999999,28.95,14.54,15.93,30.47,34.61,18.71,103.0,0.274,16.0,15.53,3.0,2.91,0.8480000000000001,0.263,22.87,11.65,15.18,26.83,29.73,16.16,230.0,0.327,41.0,17.83,12.0,5.22,0.943,0.2419999999999999,25.4,13.01,14.77,27.78,31.94,14.29
746054,2024-06-09,2024,605137,L,471911,R,field_out,False,False,178.0,0.288,36.0,20.22,10.0,5.62,0.772,0.137,29.73,15.76,10.51,26.27,27.95,23.33,432.0,0.239,93.0,21.53,39.0,9.03,0.6970000000000001,0.148,24.59,11.57,13.95,25.52,28.11,20.58,115.0,0.293,23.0,20.0,16.0,13.91,0.866,0.182,24.34,10.45,16.59,27.05,23.9,19.33,188.0,0.288,25.0,13.3,26.0,13.83,0.871,0.193,23.78,9.88,15.43,25.3,24.54,14.53
746054,2024-06-09,2024,681807,R,669432,L,strikeout,True,False,76.0,0.377,15.0,19.74,18.0,23.68,1.308,0.378,25.78,10.28,15.58,25.86,17.26,15.96,51.0,0.227,11.0,21.57,5.0,9.8,0.742,0.1819999999999999,25.66,14.43,11.94,26.37,40.95,15.07,207.0,0.311,33.0,15.94,21.0,10.14,0.874,0.181,22.52,10.73,14.05,24.78,30.48,15.53,62.0,0.236,14.0,22.58,5.0,8.06,0.687,0.128,26.4,12.64,14.94,27.59,37.33,16.67
746054,2024-06-09,2024,665926,L,669432,L,field_out,False,False,74.0,0.279,10.0,13.51,0.0,0.0,0.7210000000000001,0.118,21.29,12.09,14.65,26.74,41.04,11.63,197.0,0.268,26.0,13.2,8.0,4.06,0.7130000000000001,0.1169999999999999,23.63,12.79,15.07,27.86,41.69,11.02,63.0,0.281,14.0,22.22,6.0,9.52,0.84,0.20999999999999996,25.62,11.74,16.67,28.41,29.01,17.28,17.0,0.2,5.0,29.41,1.0,5.88,0.494,0.0,30.3,14.49,21.74,36.23,34.48,20.0
746054,2024-06-09,2024,672356,R,669432,L,home_run,False,False,45.0,0.286,15.0,33.33,3.0,6.67,0.714,0.09500000000000003,39.39,24.84,10.19,35.03,42.65,29.41,119.0,0.083,54.0,45.38,10.0,8.4,0.316,0.0649999999999999,44.4,24.39,12.09,36.48,34.85,30.51,207.0,0.311,33.0,15.94,21.0,10.14,0.874,0.181,22.52,10.73,14.05,24.78,30.48,15.53,62.0,0.236,14.0,22.58,5.0,8.06,0.687,0.128,26.4,12.64,14.94,27.59,37.33,16.67
746054,2024-06-09,2024,682177,L,669432,L,walk,False,True,4.0,0.333,2.0,50.0,1.0,25.0,0.833,0.0,23.08,11.54,11.54,23.08,35.71,12.5,,,,,,,,,,,,,,,63.0,0.281,14.0,22.22,6.0,9.52,0.84,0.20999999999999996,25.62,11.74,16.67,28.41,29.01,17.28,17.0,0.2,5.0,29.41,1.0,5.88,0.494,0.0,30.3,14.49,21.74,36.23,34.48,20.0
746054,2024-06-09,2024,677587,R,669432,L,field_out,False,False,58.0,0.137,16.0,27.59,5.0,8.62,0.45899999999999996,0.09799999999999998,25.96,13.57,14.07,27.64,30.77,31.37,33.0,0.161,15.0,45.45,2.0,6.06,0.438,0.065,39.73,21.64,16.42,38.06,38.1,32.61,207.0,0.311,33.0,15.94,21.0,10.14,0.874,0.181,22.52,10.73,14.05,24.78,30.48,15.53,62.0,0.236,14.0,22.58,5.0,8.06,0.687,0.128,26.4,12.64,14.94,27.59,37.33,16.67
746054,2024-06-09,2024,669394,R,471911,R,strikeout,True,False,117.0,0.255,29.0,24.79,6.0,5.13,0.6819999999999999,0.136,23.67,12.22,16.96,29.18,37.86,26.36,402.0,0.247,112.0,27.86,23.0,5.72,0.8,0.249,34.59,18.69,13.25,31.93,39.43,23.09,103.0,0.274,16.0,15.53,3.0,2.91,0.8480000000000001,0.263,22.87,11.65,15.18,26.83,29.73,16.16,230.0,0.327,41.0,17.83,12.0,5.22,0.943,0.2419999999999999,25.4,13.01,14.77,27.78,31.94,14.29
746054,2024-06-09,2024,660821,L,471911,R,field_out,False,False,162.0,0.264,35.0,21.6,10.0,6.17,0.706,0.121,25.08,13.65,12.63,26.28,36.62,18.72,353.0,0.258,93.0,26.35,36.0,10.2,0.805,0.21,29.33,14.21,14.01,28.21,30.32,20.53,115.0,0.293,23.0,20.0,16.0,13.91,0.866,0.182,24.34,10.45,16.59,27.05,23.9,19.33,188.0,0.288,25.0,13.3,26.0,13.83,0.871,0.193,23.78,9.88,15.43,25.3,24.54,14.53
746054,2024-06-09,2024,669364,L,471911,R,field_out,False,False,5.0,0.25,2.0,40.0,1.0,20.0,0.65,0.0,40.0,15.38,15.38,30.77,23.53,20.0,66.0,0.306,7.0,10.61,2.0,3.03,0.683,0.0489999999999999,18.85,10.09,14.47,24.56,29.7,10.45,115.0,0.293,23.0,20.0,16.0,13.91,0.866,0.182,24.34,10.45,16.59,27.05,23.9,19.33,188.0,0.288,25.0,13.3,26.0,13.83,0.871,0.193,23.78,9.88,15.43,25.3,24.54,14.53
746054,2024-06-09,2024,680757,L,669432,L,walk,False,True,45.0,0.405,5.0,11.11,3.0,6.67,0.944,0.09499999999999997,6.85,2.7,22.16,24.86,20.69,10.0,224.0,0.26,23.0,10.27,20.0,8.93,0.667,0.08,13.41,5.5,21.44,26.95,22.3,10.5,63.0,0.281,14.0,22.22,6.0,9.52,0.84,0.20999999999999996,25.62,11.74,16.67,28.41,29.01,17.28,17.0,0.2,5.0,29.41,1.0,5.88,0.494,0.0,30.3,14.49,21.74,36.23,34.48,20.0
746054,2024-06-09,2024,671289,R,669432,L,strikeout,True,False,68.0,0.196,10.0,14.71,8.0,11.76,0.6699999999999999,0.16099999999999998,18.03,8.12,18.08,26.2,25.35,12.2,80.0,0.216,13.0,16.25,4.0,5.0,0.667,0.176,15.28,7.61,17.3,24.91,28.87,15.66,207.0,0.311,33.0,15.94,21.0,10.14,0.874,0.181,22.52,10.73,14.05,24.78,30.48,15.53,62.0,0.236,14.0,22.58,5.0,8.06,0.687,0.128,26.4,12.64,14.94,27.59,37.33,16.67
746054,2024-06-09,2024,608070,R,669432,L,grounded_into_double_play,False,False,84.0,0.32,9.0,10.71,8.0,9.52,0.968,0.26699999999999996,19.62,9.75,15.09,24.84,34.18,11.39,230.0,0.243,25.0,10.87,19.0,8.26,0.766,0.219,16.06,7.21,15.81,23.02,28.33,12.18,207.0,0.311,33.0,15.94,21.0,10.14,0.874,0.181,22.52,10.73,14.05,24.78,30.48,15.53,62.0,0.236,14.0,22.58,5.0,8.06,0.687,0.128,26.4,12.64,14.94,27.59,37.33,16.67
746054,2024-06-09,2024,624503,L,471911,R,field_out,False,False,149.0,0.234,33.0,22.15,6.0,4.03,0.633,0.13499999999999998,30.31,18.27,10.36,28.63,45.33,19.76,83.0,0.16,10.0,12.05,1.0,1.2,0.48,0.149,20.99,12.19,10.39,22.58,38.35,12.82,115.0,0.293,23.0,20.0,16.0,13.91,0.866,0.182,24.34,10.45,16.59,27.05,23.9,19.33,188.0,0.288,25.0,13.3,26.0,13.83,0.871,0.193,23.78,9.88,15.43,25.3,24.54,14.53
746054,2024-06-09,2024,660644,L,471911,R,field_out,False,False,90.0,0.268,13.0,14.44,6.0,6.67,0.7230000000000001,0.122,23.49,12.19,12.81,25.0,22.22,13.83,63.0,0.196,17.0,26.98,4.0,6.35,0.494,0.036,25.62,13.36,13.79,27.16,31.45,26.98,115.0,0.293,23.0,20.0,16.0,13.91,0.866,0.182,24.34,10.45,16.59,27.05,23.9,19.33,188.0,0.288,25.0,13.3,26.0,13.83,0.871,0.193,23.78,9.88,15.43,25.3,24.54,14.53
746054,2024-06-09,2024,663743,R,471911,R,field_out,False,False,82.0,0.197,11.0,13.41,3.0,3.66,0.536,0.09199999999999997,10.08,4.23,21.83,26.06,22.06,15.49,241.0,0.165,48.0,19.92,14.0,5.81,0.46,0.064,18.93,8.36,19.79,28.15,25.54,22.43,103.0,0.274,16.0,15.53,3.0,2.91,0.8480000000000001,0.263,22.87,11.65,15.18,26.83,29.73,16.16,230.0,0.327,41.0,17.83,12.0,5.22,0.943,0.2419999999999999,25.4,13.01,14.77,27.78,31.94,14.29
746054,2024-06-09,2024,647304,L,669432,L,walk,False,True,78.0,0.2,19.0,24.36,6.0,7.69,0.716,0.243,28.57,13.95,13.95,27.91,37.5,31.15,148.0,0.299,15.0,10.14,8.0,5.41,0.821,0.175,16.23,8.67,12.1,20.77,35.38,11.03,63.0,0.281,14.0,22.22,6.0,9.52,0.84,0.20999999999999996,25.62,11.74,16.67,28.41,29.01,17.28,17.0,0.2,5.0,29.41,1.0,5.88,0.494,0.0,30.3,14.49,21.74,36.23,34.48,20.0
746054,2024-06-09,2024,681807,R,669432,L,grounded_into_double_play,False,False,76.0,0.377,15.0,19.74,18.0,23.68,1.308,0.378,25.78,10.28,15.58,25.86,17.26,15.96,51.0,0.227,11.0,21.57,5.0,9.8,0.742,0.1819999999999999,25.66,14.43,11.94,26.37,40.95,15.07,207.0,0.311,33.0,15.94,21.0,10.14,0.874,0.181,22.52,10.73,14.05,24.78,30.48,15.53,62.0,0.236,14.0,22.58,5.0,8.06,0.687,0.128,26.4,12.64,14.94,27.59,37.33,16.67
746054,2024-06-09,2024,665926,L,669432,L,single,False,False,74.0,0.279,10.0,13.51,0.0,0.0,0.7210000000000001,0.118,21.29,12.09,14.65,26.74,41.04,11.63,197.0,0.268,26.0,13.2,8.0,4.06,0.7130000000000001,0.1169999999999999,23.63,12.79,15.07,27.86,41.69,11.02,63.0,0.281,14.0,22.22,6.0,9.52,0.84,0.20999999999999996,25.62,11.74,16.67,28.41,29.01,17.28,17.0,0.2,5.0,29.41,1.0,5.88,0.494,0.0,30.3,14.49,21.74,36.23,34.48,20.0
746054,2024-06-09,2024,672356,R,669432,L,field_out,False,False,45.0,0.286,15.0,33.33,3.0,6.67,0.714,0.09500000000000003,39.39,24.84,10.19,35.03,42.65,29.41,119.0,0.083,54.0,45.38,10.0,8.4,0.316,0.0649999999999999,44.4,24.39,12.09,36.48,34.85,30.51,207.0,0.311,33.0,15.94,21.0,10.14,0.874,0.181,22.52,10.73,14.05,24.78,30.48,15.53,62.0,0.236,14.0,22.58,5.0,8.06,0.687,0.128,26.4,12.64,14.94,27.59,37.33,16.67
746054,2024-06-09,2024,665862,L,471911,R,home_run,False,False,176.0,0.252,41.0,23.3,16.0,9.09,0.752,0.176,28.11,13.1,13.93,27.03,29.41,20.3,290.0,0.275,91.0,31.38,20.0,6.9,0.8540000000000001,0.25,35.14,15.36,16.88,32.24,26.1,27.41,115.0,0.293,23.0,20.0,16.0,13.91,0.866,0.182,24.34,10.45,16.59,27.05,23.9,19.33,188.0,0.288,25.0,13.3,26.0,13.83,0.871,0.193,23.78,9.88,15.43,25.3,24.54,14.53
746054,2024-06-09,2024,650559,R,471911,R,double,False,False,177.0,0.224,47.0,26.55,15.0,8.47,0.717,0.205,32.77,16.43,13.62,30.06,31.48,23.5,473.0,0.251,107.0,22.62,29.0,6.13,0.717,0.1689999999999999,28.95,14.54,15.93,30.47,34.61,18.71,103.0,0.274,16.0,15.53,3.0,2.91,0.8480000000000001,0.263,22.87,11.65,15.18,26.83,29.73,16.16,230.0,0.327,41.0,17.83,12.0,5.22,0.943,0.2419999999999999,25.4,13.01,14.77,27.78,31.94,14.29
746054,2024-06-09,2024,605137,L,471911,R,field_out,False,False,178.0,0.288,36.0,20.22,10.0,5.62,0.772,0.137,29.73,15.76,10.51,26.27,27.95,23.33,432.0,0.239,93.0,21.53,39.0,9.03,0.6970000000000001,0.148,24.59,11.57,13.95,25.52,28.11,20.58,115.0,0.293,23.0,20.0,16.0,13.91,0.866,0.182,24.34,10.45,16.59,27.05,23.9,19.33,188.0,0.288,25.0,13.3,26.0,13.83,0.871,0.193,23.78,9.88,15.43,25.3,24.54,14.53
746054,2024-06-09,2024,669394,R,471911,R,strikeout,True,False,117.0,0.255,29.0,24.79,6.0,5.13,0.6819999999999999,0.136,23.67,12.22,16.96,29.18,37.86,26.36,402.0,0.247,112.0,27.86,23.0,5.72,0.8,0.249,34.59,18.69,13.25,31.93,39.43,23.09,103.0,0.274,16.0,15.53,3.0,2.91,0.8480000000000001,0.263,22.87,11.65,15.18,26.83,29.73,16.16,230.0,0.327,41.0,17.83,12.0,5.22,0.943,0.2419999999999999,25.4,13.01,14.77,27.78,31.94,14.29
746054,2024-06-09,2024,660821,L,471911,R,field_out,False,False,162.0,0.264,35.0,21.6,10.0,6.17,0.706,0.121,25.08,13.65,12.63,26.28,36.62,18.72,353.0,0.258,93.0,26.35,36.0,10.2,0.805,0.21,29.33,14.21,14.01,28.21,30.32,20.53,115.0,0.293,23.0,20.0,16.0,13.91,0.866,0.182,24.34,10.45,16.59,27.05,23.9,19.33,188.0,0.288,25.0,13.3,26.0,13.83,0.871,0.193,23.78,9.88,15.43,25.3,24.54,14.53
746054,2024-06-09,2024,682177,L,669432,L,strikeout,True,False,4.0,0.333,2.0,50.0,1.0,25.0,0.833,0.0,23.08,11.54,11.54,23.08,35.71,12.5,,,,,,,,,,,,,,,63.0,0.281,14.0,22.22,6.0,9.52,0.84,0.20999999999999996,25.62,11.74,16.67,28.41,29.01,17.28,17.0,0.2,5.0,29.41,1.0,5.88,0.494,0.0,30.3,14.49,21.74,36.23,34.48,20.0
746054,2024-06-09,2024,677587,R,669432,L,field_out,False,False,58.0,0.137,16.0,27.59,5.0,8.62,0.45899999999999996,0.09799999999999998,25.96,13.57,14.07,27.64,30.77,31.37,33.0,0.161,15.0,45.45,2.0,6.06,0.438,0.065,39.73,21.64,16.42,38.06,38.1,32.61,207.0,0.311,33.0,15.94,21.0,10.14,0.874,0.181,22.52,10.73,14.05,24.78,30.48,15.53,62.0,0.236,14.0,22.58,5.0,8.06,0.687,0.128,26.4,12.64,14.94,27.59,37.33,16.67
746054,2024-06-09,2024,680757,L,669432,L,walk,False,True,45.0,0.405,5.0,11.11,3.0,6.67,0.944,0.09499999999999997,6.85,2.7,22.16,24.86,20.69,10.0,224.0,0.26,23.0,10.27,20.0,8.93,0.667,0.08,13.41,5.5,21.44,26.95,22.3,10.5,63.0,0.281,14.0,22.22,6.0,9.52,0.84,0.20999999999999996,25.62,11.74,16.67,28.41,29.01,17.28,17.0,0.2,5.0,29.41,1.0,5.88,0.494,0.0,30.3,14.49,21.74,36.23,34.48,20.0
746054,2024-06-09,2024,671289,R,669432,L,strikeout,True,False,68.0,0.196,10.0,14.71,8.0,11.76,0.6699999999999999,0.16099999999999998,18.03,8.12,18.08,26.2,25.35,12.2,80.0,0.216,13.0,16.25,4.0,5.0,0.667,0.176,15.28,7.61,17.3,24.91,28.87,15.66,207.0,0.311,33.0,15.94,21.0,10.14,0.874,0.181,22.52,10.73,14.05,24.78,30.48,15.53,62.0,0.236,14.0,22.58,5.0,8.06,0.687,0.128,26.4,12.64,14.94,27.59,37.33,16.67
746054,2024-06-09,2024,669364,L,471911,R,double,False,False,5.0,0.25,2.0,40.0,1.0,20.0,0.65,0.0,40.0,15.38,15.38,30.77,23.53,20.0,66.0,0.306,7.0,10.61,2.0,3.03,0.683,0.0489999999999999,18.85,10.09,14.47,24.56,29.7,10.45,115.0,0.293,23.0,20.0,16.0,13.91,0.866,0.182,24.34,10.45,16.59,27.05,23.9,19.33,188.0,0.288,25.0,13.3,26.0,13.83,0.871,0.193,23.78,9.88,15.43,25.3,24.54,14.53
746054,2024-06-09,2024,624503,L,471911,R,single,False,False,149.0,0.234,33.0,22.15,6.0,4.03,0.633,0.13499999999999998,30.31,18.27,10.36,28.63,45.33,19.76,83.0,0.16,10.0,12.05,1.0,1.2,0.48,0.149,20.99,12.19,10.39,22.58,38.35,12.82,115.0,0.293,23.0,20.0,16.0,13.91,0.866,0.182,24.34,10.45,16.59,27.05,23.9,19.33,188.0,0.288,25.0,13.3,26.0,13.83,0.871,0.193,23.78,9.88,15.43,25.3,24.54,14.53
746054,2024-06-09,2024,660644,L,471911,R,field_out,False,False,90.0,0.268,13.0,14.44,6.0,6.67,0.7230000000000001,0.122,23.49,12.19,12.81,25.0,22.22,13.83,63.0,0.196,17.0,26.98,4.0,6.35,0.494,0.036,25.62,13.36,13.79,27.16,31.45,26.98,115.0,0.293,23.0,20.0,16.0,13.91,0.866,0.182,24.34,10.45,16.59,27.05,23.9,19.33,188.0,0.288,25.0,13.3,26.0,13.83,0.871,0.193,23.78,9.88,15.43,25.3,24.54,14.53
746054,2024-06-09,2024,663743,R,471911,R,field_out,False,False,82.0,0.197,11.0,13.41,3.0,3.66,0.536,0.09199999999999997,10.08,4.23,21.83,26.06,22.06,15.49,241.0,0.165,48.0,19.92,14.0,5.81,0.46,0.064,18.93,8.36,19.79,28.15,25.54,22.43,103.0,0.274,16.0,15.53,3.0,2.91,0.8480000000000001,0.263,22.87,11.65,15.18,26.83,29.73,16.16,230.0,0.327,41.0,17.83,12.0,5.22,0.943,0.2419999999999999,25.4,13.01,14.77,27.78,31.94,14.29
746054,2024-06-09,2024,665862,L,682120,L,strikeout,True,False,89.0,0.244,22.0,24.72,6.0,6.74,0.7050000000000001,0.15800000000000003,26.04,11.96,17.12,29.08,28.49,17.19,94.0,0.172,27.0,28.72,6.0,6.38,0.479,0.081,39.88,19.01,18.18,37.19,30.36,25.23,37.0,0.094,11.0,29.73,3.0,8.11,0.28800000000000003,0.0,28.77,13.38,19.75,33.12,30.77,19.64,47.0,0.231,14.0,29.79,6.0,12.77,0.666,0.102,32.18,14.07,19.6,33.67,32.04,24.14
746054,2024-06-09,2024,608070,R,677053,L,double,False,False,84.0,0.32,9.0,10.71,8.0,9.52,0.968,0.26699999999999996,19.62,9.75,15.09,24.84,34.18,11.39,230.0,0.243,25.0,10.87,19.0,8.26,0.766,0.219,16.06,7.21,15.81,23.02,28.33,12.18,61.0,0.291,15.0,24.59,5.0,8.2,0.87,0.21800000000000003,24.26,12.69,15.38,28.08,35.07,17.05,152.0,0.244,43.0,28.29,12.0,7.89,0.7250000000000001,0.156,25.08,13.04,14.17,27.21,33.33,18.53
746054,2024-06-09,2024,647304,L,677053,L,field_out,False,False,78.0,0.2,19.0,24.36,6.0,7.69,0.716,0.243,28.57,13.95,13.95,27.91,37.5,31.15,148.0,0.299,15.0,10.14,8.0,5.41,0.821,0.175,16.23,8.67,12.1,20.77,35.38,11.03,39.0,0.2,13.0,33.33,2.0,5.13,0.494,0.056999999999999995,34.44,18.45,10.71,29.17,35.79,23.64,85.0,0.158,30.0,35.29,9.0,10.59,0.55,0.145,36.02,16.81,16.23,33.04,29.94,28.04
746054,2024-06-09,2024,681807,R,677053,L,single,False,False,76.0,0.377,15.0,19.74,18.0,23.68,1.308,0.378,25.78,10.28,15.58,25.86,17.26,15.96,51.0,0.227,11.0,21.57,5.0,9.8,0.742,0.1819999999999999,25.66,14.43,11.94,26.37,40.95,15.07,61.0,0.291,15.0,24.59,5.0,8.2,0.87,0.21800000000000003,24.26,12.69,15.38,28.08,35.07,17.05,152.0,0.244,43.0,28.29,12.0,7.89,0.7250000000000001,0.156,25.08,13.04,14.17,27.21,33.33,18.53
746054,2024-06-09,2024,665926,L,677053,L,strikeout,True,False,74.0,0.279,10.0,13.51,0.0,0.0,0.7210000000000001,0.118,21.29,12.09,14.65,26.74,41.04,11.63,197.0,0.268,26.0,13.2,8.0,4.06,0.7130000000000001,0.1169999999999999,23.63,12.79,15.07,27.86,41.69,11.02,39.0,0.2,13.0,33.33,2.0,5.13,0.494,0.056999999999999995,34.44,18.45,10.71,29.17,35.79,23.64,85.0,0.158,30.0,35.29,9.0,10.59,0.55,0.145,36.02,16.81,16.23,33.04,29.94,28.04
746054,2024-06-09,2024,672356,R,677053,L,strikeout,True,False,45.0,0.286,15.0,33.33,3.0,6.67,0.714,0.09500000000000003,39.39,24.84,10.19,35.03,42.65,29.41,119.0,0.083,54.0,45.38,10.0,8.4,0.316,0.0649999999999999,44.4,24.39,12.09,36.48,34.85,30.51,61.0,0.291,15.0,24.59,5.0,8.2,0.87,0.21800000000000003,24.26,12.69,15.38,28.08,35.07,17.05,152.0,0.244,43.0,28.29,12.0,7.89,0.7250000000000001,0.156,25.08,13.04,14.17,27.21,33.33,18.53
746054,2024-06-09,2024,650559,R,680704,R,field_out,False,False,177.0,0.224,47.0,26.55,15.0,8.47,0.717,0.205,32.77,16.43,13.62,30.06,31.48,23.5,473.0,0.251,107.0,22.62,29.0,6.13,0.717,0.1689999999999999,28.95,14.54,15.93,30.47,34.61,18.71,56.0,0.133,15.0,26.79,8.0,14.29,0.53,0.11099999999999999,36.17,16.11,15.17,31.28,22.94,25.0,167.0,0.197,49.0,29.34,15.0,8.98,0.668,0.198,32.92,15.51,16.96,32.46,31.92,23.11
746054,2024-06-09,2024,605137,L,680704,R,field_out,False,False,178.0,0.288,36.0,20.22,10.0,5.62,0.772,0.137,29.73,15.76,10.51,26.27,27.95,23.33,432.0,0.239,93.0,21.53,39.0,9.03,0.6970000000000001,0.148,24.59,11.57,13.95,25.52,28.11,20.58,49.0,0.133,14.0,28.57,1.0,2.04,0.432,0.11099999999999999,38.38,19.49,14.87,34.36,35.34,25.0,73.0,0.145,17.0,23.29,9.0,12.33,0.635,0.226,29.86,13.48,15.36,28.84,22.56,17.0
746054,2024-06-09,2024,669394,R,680704,R,field_out,False,False,117.0,0.255,29.0,24.79,6.0,5.13,0.6819999999999999,0.136,23.67,12.22,16.96,29.18,37.86,26.36,402.0,0.247,112.0,27.86,23.0,5.72,0.8,0.249,34.59,18.69,13.25,31.93,39.43,23.09,56.0,0.133,15.0,26.79,8.0,14.29,0.53,0.11099999999999999,36.17,16.11,15.17,31.28,22.94,25.0,167.0,0.197,49.0,29.34,15.0,8.98,0.668,0.198,32.92,15.51,16.96,32.46,31.92,23.11
746054,2024-06-09,2024,682177,L,640462,L,field_out,False,False,4.0,0.333,2.0,50.0,1.0,25.0,0.833,0.0,23.08,11.54,11.54,23.08,35.71,12.5,,,,,,,,,,,,,,,31.0,0.286,6.0,19.35,3.0,9.68,0.855,0.21400000000000002,18.37,7.96,21.24,29.2,28.0,20.69,76.0,0.197,29.0,38.16,2.0,2.63,0.5780000000000001,0.141,33.08,15.03,23.78,38.81,33.07,30.85
746054,2024-06-09,2024,677587,R,640462,L,single,False,False,58.0,0.137,16.0,27.59,5.0,8.62,0.45899999999999996,0.09799999999999998,25.96,13.57,14.07,27.64,30.77,31.37,33.0,0.161,15.0,45.45,2.0,6.06,0.438,0.065,39.73,21.64,16.42,38.06,38.1,32.61,87.0,0.235,12.0,13.79,17.0,19.54,0.777,0.14700000000000002,22.29,9.59,16.99,26.58,24.74,10.62,166.0,0.261,49.0,29.52,11.0,6.63,0.765,0.197,33.03,16.05,18.42,34.47,27.76,21.88
746054,2024-06-09,2024,680757,L,640462,L,single,False,False,45.0,0.405,5.0,11.11,3.0,6.67,0.944,0.09499999999999997,6.85,2.7,22.16,24.86,20.69,10.0,224.0,0.26,23.0,10.27,20.0,8.93,0.667,0.08,13.41,5.5,21.44,26.95,22.3,10.5,31.0,0.286,6.0,19.35,3.0,9.68,0.855,0.21400000000000002,18.37,7.96,21.24,29.2,28.0,20.69,76.0,0.197,29.0,38.16,2.0,2.63,0.5780000000000001,0.141,33.08,15.03,23.78,38.81,33.07,30.85
746054,2024-06-09,2024,671289,R,640462,L,home_run,False,False,68.0,0.196,10.0,14.71,8.0,11.76,0.6699999999999999,0.16099999999999998,18.03,8.12,18.08,26.2,25.35,12.2,80.0,0.216,13.0,16.25,4.0,5.0,0.667,0.176,15.28,7.61,17.3,24.91,28.87,15.66,87.0,0.235,12.0,13.79,17.0,19.54,0.777,0.14700000000000002,22.29,9.59,16.99,26.58,24.74,10.62,166.0,0.261,49.0,29.52,11.0,6.63,0.765,0.197,33.03,16.05,18.42,34.47,27.76,21.88
746054,2024-06-09,2024,608070,L,669622,R,field_out,False,False,188.0,0.251,20.0,10.64,15.0,7.98,0.8520000000000001,0.28700000000000003,13.84,6.73,13.71,20.43,30.02,8.47,461.0,0.302,48.0,10.41,54.0,11.71,0.863,0.179,15.4,6.98,13.91,20.89,28.02,10.17,42.0,0.278,8.0,19.05,5.0,11.9,0.798,0.13899999999999996,20.0,8.64,17.28,25.93,25.64,16.67,,,,,,,,,,,,,,
746054,2024-06-09,2024,647304,L,669622,R,strikeout,True,False,177.0,0.235,23.0,12.99,18.0,10.17,0.819,0.262,20.5,10.56,9.6,20.16,32.73,14.11,348.0,0.311,53.0,15.23,25.0,7.18,0.851,0.184,21.29,11.96,9.18,21.15,41.36,16.99,42.0,0.278,8.0,19.05,5.0,11.9,0.798,0.13899999999999996,20.0,8.64,17.28,25.93,25.64,16.67,,,,,,,,,,,,,,
746054,2024-06-09,2024,660821,L,656529,L,field_out,False,False,25.0,0.125,4.0,16.0,0.0,0.0,0.25,0.0,27.66,18.57,10.0,28.57,51.52,22.22,50.0,0.213,15.0,30.0,2.0,4.0,0.5640000000000001,0.106,36.46,18.82,18.82,37.63,40.62,23.73,15.0,0.214,4.0,26.67,0.0,0.0,0.714,0.28600000000000003,26.09,12.24,26.53,38.78,40.91,26.67,81.0,0.28,19.0,23.46,5.0,6.17,0.7210000000000001,0.12,24.82,11.6,16.72,28.33,29.05,30.16
746054,2024-06-09,2024,669364,R,656529,L,strikeout,True,False,3.0,0.0,0.0,0.0,1.0,33.33,0.333,0.0,0.0,0.0,18.18,18.18,0.0,0.0,18.0,0.25,7.0,38.89,1.0,5.56,0.583,0.0,26.47,12.86,20.0,32.86,30.3,26.92,26.0,0.16,7.0,26.92,1.0,3.85,0.432,0.07999999999999999,30.43,15.91,15.91,31.82,38.3,33.33,142.0,0.248,37.0,26.06,13.0,9.15,0.619,0.0539999999999999,28.86,12.59,20.21,32.8,25.09,22.84
746054,2024-06-09,2024,667472,R,656529,L,strikeout,True,False,35.0,0.233,10.0,28.57,2.0,5.71,0.747,0.19999999999999998,23.4,8.94,26.83,35.77,23.08,26.32,20.0,0.4,4.0,20.0,0.0,0.0,0.9,0.0999999999999999,30.0,13.24,20.59,33.82,28.12,25.0,26.0,0.16,7.0,26.92,1.0,3.85,0.432,0.07999999999999999,30.43,15.91,15.91,31.82,38.3,33.33,142.0,0.248,37.0,26.06,13.0,9.15,0.619,0.0539999999999999,28.86,12.59,20.21,32.8,25.09,22.84
746054,2024-06-09,2024,681807,R,572143,R,field_out,False,False,79.0,0.304,13.0,16.46,6.0,7.59,0.858,0.174,18.92,9.62,14.43,24.05,25.19,14.44,63.0,0.246,19.0,30.16,3.0,4.76,0.727,0.175,29.77,16.96,13.91,30.87,36.11,25.0,77.0,0.273,14.0,18.18,6.0,7.79,0.651,0.044999999999999984,21.25,12.01,12.01,24.03,27.43,16.28,,,,,,,,,,,,,,
746054,2024-06-09,2024,665926,L,572143,R,strikeout,True,False,184.0,0.262,28.0,15.22,11.0,5.98,0.6839999999999999,0.09799999999999998,25.0,13.72,12.16,25.88,36.72,12.74,419.0,0.243,86.0,20.53,24.0,5.73,0.712,0.162,26.46,14.29,12.8,27.09,38.97,17.27,42.0,0.385,7.0,16.67,3.0,7.14,0.865,0.05099999999999999,25.37,11.72,16.55,28.28,24.32,25.0,,,,,,,,,,,,,,
746054,2024-06-09,2024,700932,L,572143,R,double,False,False,61.0,0.228,16.0,26.23,2.0,3.28,0.613,0.12299999999999997,24.35,11.38,17.89,29.27,25.64,21.33,,,,,,,,,,,,,,,42.0,0.385,7.0,16.67,3.0,7.14,0.865,0.05099999999999999,25.37,11.72,16.55,28.28,24.32,25.0,,,,,,,,,,,,,,
746054,2024-06-09,2024,686823,L,572143,R,field_out,False,False,163.0,0.245,21.0,12.88,13.0,7.98,0.687,0.129,18.69,9.98,11.73,21.72,33.33,15.33,369.0,0.279,45.0,12.2,14.0,3.79,0.6930000000000001,0.0999999999999999,17.97,10.23,12.48,22.71,38.5,12.47,42.0,0.385,7.0,16.67,3.0,7.14,0.865,0.05099999999999999,25.37,11.72,16.55,28.28,24.32,25.0,,,,,,,,,,,,,,
746054,2024-06-09,2024,660644,L,683769,R,strikeout,True,False,90.0,0.268,13.0,14.44,6.0,6.67,0.7230000000000001,0.122,23.49,12.19,12.81,25.0,22.22,13.83,63.0,0.196,17.0,26.98,4.0,6.35,0.494,0.036,25.62,13.36,13.79,27.16,31.45,26.98,62.0,0.211,14.0,22.58,3.0,4.84,0.625,0.13999999999999999,22.12,11.21,16.14,27.35,28.97,21.21,100.0,0.226,8.0,8.0,9.0,9.0,0.692,0.143,13.84,5.79,17.63,23.42,18.28,8.33
746054,2024-06-09,2024,656484,L,683769,R,strikeout,True,False,6.0,0.0,2.0,33.33,0.0,0.0,0.0,0.0,42.86,23.08,7.69,30.77,23.08,40.0,5.0,0.4,0.0,0.0,0.0,0.0,1.4,0.6,20.0,14.29,0.0,14.29,50.0,0.0,62.0,0.211,14.0,22.58,3.0,4.84,0.625,0.13999999999999999,22.12,11.21,16.14,27.35,28.97,21.21,100.0,0.226,8.0,8.0,9.0,9.0,0.692,0.143,13.84,5.79,17.63,23.42,18.28,8.33
746054,2024-06-09,2024,665862,L,683769,R,field_out,False,False,176.0,0.252,41.0,23.3,16.0,9.09,0.752,0.176,28.11,13.1,13.93,27.03,29.41,20.3,290.0,0.275,91.0,31.38,20.0,6.9,0.8540000000000001,0.25,35.14,15.36,16.88,32.24,26.1,27.41,62.0,0.211,14.0,22.58,3.0,4.84,0.625,0.13999999999999999,22.12,11.21,16.14,27.35,28.97,21.21,100.0,0.226,8.0,8.0,9.0,9.0,0.692,0.143,13.84,5.79,17.63,23.42,18.28,8.33
746054,2024-06-09,2024,677587,L,572143,R,field_out,False,False,134.0,0.248,20.0,14.93,18.0,13.43,0.663,0.062,22.44,10.59,15.06,25.65,28.72,11.76,53.0,0.3,12.0,22.64,2.0,3.77,0.7010000000000001,0.08,28.07,15.31,15.79,31.1,41.59,17.39,42.0,0.385,7.0,16.67,3.0,7.14,0.865,0.05099999999999999,25.37,11.72,16.55,28.28,24.32,25.0,,,,,,,,,,,,,,
746054,2024-06-09,2024,680757,L,572143,R,field_out,False,False,124.0,0.358,9.0,7.26,11.0,8.87,0.958,0.17400000000000004,6.77,2.77,22.98,25.74,18.1,7.09,494.0,0.272,52.0,10.53,50.0,10.12,0.73,0.1119999999999999,10.22,4.19,22.03,26.23,20.67,8.84,42.0,0.385,7.0,16.67,3.0,7.14,0.865,0.05099999999999999,25.37,11.72,16.55,28.28,24.32,25.0,,,,,,,,,,,,,,
746054,2024-06-09,2024,671289,R,572143,R,single,False,False,159.0,0.225,23.0,14.47,11.0,6.92,0.667,0.12999999999999998,16.73,7.67,19.34,27.0,29.27,15.65,89.0,0.266,17.0,19.1,6.0,6.74,0.656,0.076,20.13,9.22,18.73,27.95,29.94,17.0,77.0,0.273,14.0,18.18,6.0,7.79,0.651,0.044999999999999984,21.25,12.01,12.01,24.03,27.43,16.28,,,,,,,,,,,,,,
746054,2024-06-09,2024,608070,L,572143,R,single,False,False,188.0,0.251,20.0,10.64,15.0,7.98,0.8520000000000001,0.28700000000000003,13.84,6.73,13.71,20.43,30.02,8.47,461.0,0.302,48.0,10.41,54.0,11.71,0.863,0.179,15.4,6.98,13.91,20.89,28.02,10.17,42.0,0.385,7.0,16.67,3.0,7.14,0.865,0.05099999999999999,25.37,11.72,16.55,28.28,24.32,25.0,,,,,,,,,,,,,,
746054,2024-06-09,2024,647304,L,572143,R,strikeout,True,False,177.0,0.235,23.0,12.99,18.0,10.17,0.819,0.262,20.5,10.56,9.6,20.16,32.73,14.11,348.0,0.311,53.0,15.23,25.0,7.18,0.851,0.184,21.29,11.96,9.18,21.15,41.36,16.99,42.0,0.385,7.0,16.67,3.0,7.14,0.865,0.05099999999999999,25.37,11.72,16.55,28.28,24.32,25.0,,,,,,,,,,,,,,
746054,2024-06-09,2024,650559,R,661403,R,field_out,False,False,177.0,0.224,47.0,26.55,15.0,8.47,0.717,0.205,32.77,16.43,13.62,30.06,31.48,23.5,473.0,0.251,107.0,22.62,29.0,6.13,0.717,0.1689999999999999,28.95,14.54,15.93,30.47,34.61,18.71,47.0,0.233,11.0,23.4,2.0,4.26,0.556,0.04600000000000001,27.62,14.65,12.12,26.77,27.0,15.71,151.0,0.232,22.0,14.57,6.0,3.97,0.5980000000000001,0.106,27.57,16.05,13.35,29.4,33.82,15.38
746054,2024-06-09,2024,605137,L,661403,R,field_out,False,False,178.0,0.288,36.0,20.22,10.0,5.62,0.772,0.137,29.73,15.76,10.51,26.27,27.95,23.33,432.0,0.239,93.0,21.53,39.0,9.03,0.6970000000000001,0.148,24.59,11.57,13.95,25.52,28.11,20.58,62.0,0.1,20.0,32.26,1.0,1.61,0.248,0.033,32.5,17.73,18.64,36.36,48.15,29.85,151.0,0.252,42.0,27.81,10.0,6.62,0.622,0.065,27.27,13.15,15.91,29.06,28.67,22.58
746054,2024-06-09,2024,669394,R,661403,R,home_run,False,False,117.0,0.255,29.0,24.79,6.0,5.13,0.6819999999999999,0.136,23.67,12.22,16.96,29.18,37.86,26.36,402.0,0.247,112.0,27.86,23.0,5.72,0.8,0.249,34.59,18.69,13.25,31.93,39.43,23.09,47.0,0.233,11.0,23.4,2.0,4.26,0.556,0.04600000000000001,27.62,14.65,12.12,26.77,27.0,15.71,151.0,0.232,22.0,14.57,6.0,3.97,0.5980000000000001,0.106,27.57,16.05,13.35,29.4,33.82,15.38
746054,2024-06-09,2024,660821,L,661403,R,strikeout,True,False,162.0,0.264,35.0,21.6,10.0,6.17,0.706,0.121,25.08,13.65,12.63,26.28,36.62,18.72,353.0,0.258,93.0,26.35,36.0,10.2,0.805,0.21,29.33,14.21,14.01,28.21,30.32,20.53,62.0,0.1,20.0,32.26,1.0,1.61,0.248,0.033,32.5,17.73,18.64,36.36,48.15,29.85,151.0,0.252,42.0,27.81,10.0,6.62,0.622,0.065,27.27,13.15,15.91,29.06,28.67,22.58
746463,2024-06-09,2024,687401,R,669373,L,strikeout,True,False,57.0,0.213,12.0,21.05,8.0,14.04,0.679,0.12700000000000003,18.89,7.3,20.17,27.47,17.5,22.64,21.0,0.3,6.0,28.57,0.0,0.0,0.586,0.0,26.32,13.33,25.33,38.67,40.0,24.0,235.0,0.193,72.0,30.64,10.0,4.26,0.54,0.121,31.16,16.19,17.83,34.03,31.11,24.66,268.0,0.21,98.0,36.57,12.0,4.48,0.567,0.103,33.05,17.57,16.29,33.85,34.51,25.72
746463,2024-06-09,2024,656555,R,669373,L,strikeout,True,False,27.0,0.136,3.0,11.11,3.0,11.11,0.532,0.137,22.22,9.09,19.09,28.18,19.61,10.34,,,,,,,,,,,,,,,235.0,0.193,72.0,30.64,10.0,4.26,0.54,0.121,31.16,16.19,17.83,34.03,31.11,24.66,268.0,0.21,98.0,36.57,12.0,4.48,0.567,0.103,33.05,17.57,16.29,33.85,34.51,25.72
746463,2024-06-09,2024,592885,L,669373,L,strikeout,True,False,49.0,0.349,10.0,20.41,5.0,10.2,1.034,0.256,23.08,9.84,15.85,25.68,24.75,22.22,159.0,0.234,37.0,23.27,14.0,8.81,0.633,0.097,26.17,13.04,15.53,28.57,28.16,18.32,48.0,0.182,14.0,29.17,3.0,6.25,0.432,0.0,28.92,14.2,20.71,34.91,36.84,28.0,42.0,0.125,4.0,9.52,2.0,4.76,0.367,0.075,15.62,7.94,17.46,25.4,22.45,17.39
746463,2024-06-09,2024,672761,L,669060,R,single,False,False,127.0,0.221,26.0,20.47,12.0,9.45,0.683,0.168,19.38,8.46,19.23,27.69,24.22,16.05,,,,,,,,,,,,,,,98.0,0.302,18.0,18.37,12.0,12.24,0.958,0.26799999999999996,19.34,8.58,17.65,26.23,20.9,13.85,124.0,0.239,28.0,22.58,14.0,11.29,0.784,0.22,17.35,7.63,16.87,24.5,22.09,20.59
746463,2024-06-09,2024,663837,R,669060,R,field_out,False,False,146.0,0.259,34.0,23.29,8.0,5.48,0.7989999999999999,0.237,20.4,8.64,20.68,29.32,18.22,18.68,383.0,0.26,92.0,24.02,29.0,7.57,0.724,0.14,21.06,9.23,21.95,31.18,28.67,18.31,125.0,0.174,22.0,17.6,8.0,6.4,0.51,0.09600000000000003,21.15,10.07,17.16,27.23,24.62,20.0,190.0,0.194,33.0,17.37,8.0,4.21,0.5609999999999999,0.132,19.19,10.0,15.76,25.76,30.57,18.33
746463,2024-06-09,2024,592192,R,669060,R,hit_by_pitch,False,False,188.0,0.236,38.0,20.21,20.0,10.64,0.6910000000000001,0.118,21.81,8.56,23.45,32.02,20.89,16.89,341.0,0.261,56.0,16.42,28.0,8.21,0.721,0.1079999999999999,18.91,7.86,21.98,29.84,23.71,13.49,125.0,0.174,22.0,17.6,8.0,6.4,0.51,0.09600000000000003,21.15,10.07,17.16,27.23,24.62,20.0,190.0,0.194,33.0,17.37,8.0,4.21,0.5609999999999999,0.132,19.19,10.0,15.76,25.76,30.57,18.33
746463,2024-06-09,2024,682985,L,669060,R,double,False,False,212.0,0.257,58.0,27.36,30.0,14.15,0.84,0.21799999999999997,29.78,12.13,17.73,29.86,20.74,23.48,323.0,0.291,84.0,26.01,28.0,8.67,0.826,0.182,27.26,12.45,16.06,28.52,24.68,20.14,98.0,0.302,18.0,18.37,12.0,12.24,0.958,0.26799999999999996,19.34,8.58,17.65,26.23,20.9,13.85,124.0,0.239,28.0,22.58,14.0,11.29,0.784,0.22,17.35,7.63,16.87,24.5,22.09,20.59
746463,2024-06-09,2024,570482,R,669060,R,fielders_choice,False,False,93.0,0.299,10.0,10.75,4.0,4.3,0.747,0.11499999999999999,19.16,9.61,18.02,27.63,33.33,11.49,175.0,0.276,30.0,17.14,9.0,5.14,0.653,0.061,20.55,11.01,13.8,24.82,34.39,12.39,125.0,0.174,22.0,17.6,8.0,6.4,0.51,0.09600000000000003,21.15,10.07,17.16,27.23,24.62,20.0,190.0,0.194,33.0,17.37,8.0,4.21,0.5609999999999999,0.132,19.19,10.0,15.76,25.76,30.57,18.33
746463,2024-06-09,2024,669234,R,669060,R,sac_fly,False,False,15.0,0.167,4.0,26.67,3.0,20.0,0.75,0.24999999999999997,32.0,11.76,22.06,33.82,3.45,16.67,,,,,,,,,,,,,,,125.0,0.174,22.0,17.6,8.0,6.4,0.51,0.09600000000000003,21.15,10.07,17.16,27.23,24.62,20.0,190.0,0.194,33.0,17.37,8.0,4.21,0.5609999999999999,0.132,19.19,10.0,15.76,25.76,30.57,18.33
746463,2024-06-09,2024,656716,L,669060,R,field_out,False,False,94.0,0.214,26.0,27.66,8.0,8.51,0.608,0.10700000000000001,28.26,13.61,17.02,30.63,29.73,21.67,475.0,0.23,109.0,22.95,38.0,8.0,0.653,0.1259999999999999,21.06,10.13,16.08,26.2,28.04,19.12,98.0,0.302,18.0,18.37,12.0,12.24,0.958,0.26799999999999996,19.34,8.58,17.65,26.23,20.9,13.85,124.0,0.239,28.0,22.58,14.0,11.29,0.784,0.22,17.35,7.63,16.87,24.5,22.09,20.59
746463,2024-06-09,2024,642715,R,669373,L,single,False,False,60.0,0.192,13.0,21.67,7.0,11.67,0.61,0.135,28.28,12.56,14.8,27.35,23.33,22.81,160.0,0.231,48.0,30.0,24.0,15.0,0.762,0.1789999999999999,26.61,12.38,15.79,28.17,29.47,20.17,235.0,0.193,72.0,30.64,10.0,4.26,0.54,0.121,31.16,16.19,17.83,34.03,31.11,24.66,268.0,0.21,98.0,36.57,12.0,4.48,0.567,0.103,33.05,17.57,16.29,33.85,34.51,25.72
746463,2024-06-09,2024,596142,R,669373,L,field_out,False,False,44.0,0.225,10.0,22.73,3.0,6.82,0.845,0.32500000000000007,28.4,13.29,21.39,34.68,28.92,17.24,79.0,0.267,18.0,22.78,4.0,5.06,0.984,0.413,25.18,10.61,22.12,32.73,24.07,18.18,235.0,0.193,72.0,30.64,10.0,4.26,0.54,0.121,31.16,16.19,17.83,34.03,31.11,24.66,268.0,0.21,98.0,36.57,12.0,4.48,0.567,0.103,33.05,17.57,16.29,33.85,34.51,25.72
746463,2024-06-09,2024,663368,R,669373,L,single,False,False,50.0,0.205,10.0,20.0,6.0,12.0,0.618,0.11300000000000002,25.0,10.31,21.65,31.96,22.92,24.39,58.0,0.192,13.0,22.41,6.0,10.34,0.603,0.135,20.48,7.2,25.0,32.2,14.41,24.53,235.0,0.193,72.0,30.64,10.0,4.26,0.54,0.121,31.16,16.19,17.83,34.03,31.11,24.66,268.0,0.21,98.0,36.57,12.0,4.48,0.567,0.103,33.05,17.57,16.29,33.85,34.51,25.72
746463,2024-06-09,2024,694192,R,669373,L,strikeout,True,False,49.0,0.136,11.0,22.45,5.0,10.2,0.429,0.06899999999999998,24.49,12.83,13.37,26.2,34.38,18.97,,,,,,,,,,,,,,,235.0,0.193,72.0,30.64,10.0,4.26,0.54,0.121,31.16,16.19,17.83,34.03,31.11,24.66,268.0,0.21,98.0,36.57,12.0,4.48,0.567,0.103,33.05,17.57,16.29,33.85,34.51,25.72
746463,2024-06-09,2024,655316,R,669373,L,field_out,False,False,23.0,0.15,6.0,26.09,3.0,13.04,0.5609999999999999,0.15,23.08,8.18,26.36,34.55,18.03,13.64,93.0,0.291,19.0,20.43,12.0,12.9,0.779,0.101,20.0,8.4,19.75,28.15,26.29,15.32,235.0,0.193,72.0,30.64,10.0,4.26,0.54,0.121,31.16,16.19,17.83,34.03,31.11,24.66,268.0,0.21,98.0,36.57,12.0,4.48,0.567,0.103,33.05,17.57,16.29,33.85,34.51,25.72
746463,2024-06-09,2024,628451,R,669060,R,field_out,False,False,33.0,0.161,12.0,36.36,2.0,6.06,0.406,0.033,31.94,17.29,16.54,33.83,39.71,24.0,265.0,0.265,45.0,16.98,18.0,6.79,0.71,0.127,22.24,11.31,15.49,26.81,34.23,16.73,125.0,0.174,22.0,17.6,8.0,6.4,0.51,0.09600000000000003,21.15,10.07,17.16,27.23,24.62,20.0,190.0,0.194,33.0,17.37,8.0,4.21,0.5609999999999999,0.132,19.19,10.0,15.76,25.76,30.57,18.33
746463,2024-06-09,2024,668670,R,669060,R,single,False,False,89.0,0.238,30.0,33.71,3.0,3.37,0.698,0.179,33.56,15.15,20.0,35.15,24.38,32.26,259.0,0.215,84.0,32.43,20.0,7.72,0.676,0.18,31.32,14.43,18.81,33.23,22.13,28.38,125.0,0.174,22.0,17.6,8.0,6.4,0.51,0.09600000000000003,21.15,10.07,17.16,27.23,24.62,20.0,190.0,0.194,33.0,17.37,8.0,4.21,0.5609999999999999,0.132,19.19,10.0,15.76,25.76,30.57,18.33
746463,2024-06-09,2024,672761,L,669060,R,strikeout,True,False,127.0,0.221,26.0,20.47,12.0,9.45,0.683,0.168,19.38,8.46,19.23,27.69,24.22,16.05,,,,,,,,,,,,,,,98.0,0.302,18.0,18.37,12.0,12.24,0.958,0.26799999999999996,19.34,8.58,17.65,26.23,20.9,13.85,124.0,0.239,28.0,22.58,14.0,11.29,0.784,0.22,17.35,7.63,16.87,24.5,22.09,20.59
746463,2024-06-09,2024,663837,R,669060,R,strikeout,True,False,146.0,0.259,34.0,23.29,8.0,5.48,0.7989999999999999,0.237,20.4,8.64,20.68,29.32,18.22,18.68,383.0,0.26,92.0,24.02,29.0,7.57,0.724,0.14,21.06,9.23,21.95,31.18,28.67,18.31,125.0,0.174,22.0,17.6,8.0,6.4,0.51,0.09600000000000003,21.15,10.07,17.16,27.23,24.62,20.0,190.0,0.194,33.0,17.37,8.0,4.21,0.5609999999999999,0.132,19.19,10.0,15.76,25.76,30.57,18.33
746463,2024-06-09,2024,668930,L,669373,L,strikeout,True,False,31.0,0.222,6.0,19.35,4.0,12.9,0.5820000000000001,0.037000000000000005,16.98,6.57,19.71,26.28,16.42,15.38,73.0,0.188,12.0,16.44,8.0,10.96,0.466,0.0,20.18,7.94,23.47,31.41,18.75,17.39,48.0,0.182,14.0,29.17,3.0,6.25,0.432,0.0,28.92,14.2,20.71,34.91,36.84,28.0,42.0,0.125,4.0,9.52,2.0,4.76,0.367,0.075,15.62,7.94,17.46,25.4,22.45,17.39
746463,2024-06-09,2024,687401,R,669373,L,strikeout,True,False,57.0,0.213,12.0,21.05,8.0,14.04,0.679,0.12700000000000003,18.89,7.3,20.17,27.47,17.5,22.64,21.0,0.3,6.0,28.57,0.0,0.0,0.586,0.0,26.32,13.33,25.33,38.67,40.0,24.0,235.0,0.193,72.0,30.64,10.0,4.26,0.54,0.121,31.16,16.19,17.83,34.03,31.11,24.66,268.0,0.21,98.0,36.57,12.0,4.48,0.567,0.103,33.05,17.57,16.29,33.85,34.51,25.72
746463,2024-06-09,2024,656555,R,669373,L,field_out,False,False,27.0,0.136,3.0,11.11,3.0,11.11,0.532,0.137,22.22,9.09,19.09,28.18,19.61,10.34,,,,,,,,,,,,,,,235.0,0.193,72.0,30.64,10.0,4.26,0.54,0.121,31.16,16.19,17.83,34.03,31.11,24.66,268.0,0.21,98.0,36.57,12.0,4.48,0.567,0.103,33.05,17.57,16.29,33.85,34.51,25.72
746463,2024-06-09,2024,592192,R,669060,R,field_out,False,False,188.0,0.236,38.0,20.21,20.0,10.64,0.6910000000000001,0.118,21.81,8.56,23.45,32.02,20.89,16.89,341.0,0.261,56.0,16.42,28.0,8.21,0.721,0.1079999999999999,18.91,7.86,21.98,29.84,23.71,13.49,125.0,0.174,22.0,17.6,8.0,6.4,0.51,0.09600000000000003,21.15,10.07,17.16,27.23,24.62,20.0,190.0,0.194,33.0,17.37,8.0,4.21,0.5609999999999999,0.132,19.19,10.0,15.76,25.76,30.57,18.33
746463,2024-06-09,2024,682985,L,669060,R,double,False,False,212.0,0.257,58.0,27.36,30.0,14.15,0.84,0.21799999999999997,29.78,12.13,17.73,29.86,20.74,23.48,323.0,0.291,84.0,26.01,28.0,8.67,0.826,0.182,27.26,12.45,16.06,28.52,24.68,20.14,98.0,0.302,18.0,18.37,12.0,12.24,0.958,0.26799999999999996,19.34,8.58,17.65,26.23,20.9,13.85,124.0,0.239,28.0,22.58,14.0,11.29,0.784,0.22,17.35,7.63,16.87,24.5,22.09,20.59
746463,2024-06-09,2024,570482,R,669060,R,field_out,False,False,93.0,0.299,10.0,10.75,4.0,4.3,0.747,0.11499999999999999,19.16,9.61,18.02,27.63,33.33,11.49,175.0,0.276,30.0,17.14,9.0,5.14,0.653,0.061,20.55,11.01,13.8,24.82,34.39,12.39,125.0,0.174,22.0,17.6,8.0,6.4,0.51,0.09600000000000003,21.15,10.07,17.16,27.23,24.62,20.0,190.0,0.194,33.0,17.37,8.0,4.21,0.5609999999999999,0.132,19.19,10.0,15.76,25.76,30.57,18.33
746463,2024-06-09,2024,669234,R,669060,R,field_out,False,False,15.0,0.167,4.0,26.67,3.0,20.0,0.75,0.24999999999999997,32.0,11.76,22.06,33.82,3.45,16.67,,,,,,,,,,,,,,,125.0,0.174,22.0,17.6,8.0,6.4,0.51,0.09600000000000003,21.15,10.07,17.16,27.23,24.62,20.0,190.0,0.194,33.0,17.37,8.0,4.21,0.5609999999999999,0.132,19.19,10.0,15.76,25.76,30.57,18.33
746463,2024-06-09,2024,592885,L,669373,L,field_out,False,False,49.0,0.349,10.0,20.41,5.0,10.2,1.034,0.256,23.08,9.84,15.85,25.68,24.75,22.22,159.0,0.234,37.0,23.27,14.0,8.81,0.633,0.097,26.17,13.04,15.53,28.57,28.16,18.32,48.0,0.182,14.0,29.17,3.0,6.25,0.432,0.0,28.92,14.2,20.71,34.91,36.84,28.0,42.0,0.125,4.0,9.52,2.0,4.76,0.367,0.075,15.62,7.94,17.46,25.4,22.45,17.39
746463,2024-06-09,2024,642715,R,669373,L,walk,False,True,60.0,0.192,13.0,21.67,7.0,11.67,0.61,0.135,28.28,12.56,14.8,27.35,23.33,22.81,160.0,0.231,48.0,30.0,24.0,15.0,0.762,0.1789999999999999,26.61,12.38,15.79,28.17,29.47,20.17,235.0,0.193,72.0,30.64,10.0,4.26,0.54,0.121,31.16,16.19,17.83,34.03,31.11,24.66,268.0,0.21,98.0,36.57,12.0,4.48,0.567,0.103,33.05,17.57,16.29,33.85,34.51,25.72
746463,2024-06-09,2024,596142,R,669373,L,walk,False,True,44.0,0.225,10.0,22.73,3.0,6.82,0.845,0.32500000000000007,28.4,13.29,21.39,34.68,28.92,17.24,79.0,0.267,18.0,22.78,4.0,5.06,0.984,0.413,25.18,10.61,22.12,32.73,24.07,18.18,235.0,0.193,72.0,30.64,10.0,4.26,0.54,0.121,31.16,16.19,17.83,34.03,31.11,24.66,268.0,0.21,98.0,36.57,12.0,4.48,0.567,0.103,33.05,17.57,16.29,33.85,34.51,25.72
746463,2024-06-09,2024,663368,R,669373,L,force_out,False,False,50.0,0.205,10.0,20.0,6.0,12.0,0.618,0.11300000000000002,25.0,10.31,21.65,31.96,22.92,24.39,58.0,0.192,13.0,22.41,6.0,10.34,0.603,0.135,20.48,7.2,25.0,32.2,14.41,24.53,235.0,0.193,72.0,30.64,10.0,4.26,0.54,0.121,31.16,16.19,17.83,34.03,31.11,24.66,268.0,0.21,98.0,36.57,12.0,4.48,0.567,0.103,33.05,17.57,16.29,33.85,34.51,25.72
746463,2024-06-09,2024,694192,R,669373,L,field_out,False,False,49.0,0.136,11.0,22.45,5.0,10.2,0.429,0.06899999999999998,24.49,12.83,13.37,26.2,34.38,18.97,,,,,,,,,,,,,,,235.0,0.193,72.0,30.64,10.0,4.26,0.54,0.121,31.16,16.19,17.83,34.03,31.11,24.66,268.0,0.21,98.0,36.57,12.0,4.48,0.567,0.103,33.05,17.57,16.29,33.85,34.51,25.72
746463,2024-06-09,2024,656716,L,669060,R,strikeout,True,False,94.0,0.214,26.0,27.66,8.0,8.51,0.608,0.10700000000000001,28.26,13.61,17.02,30.63,29.73,21.67,475.0,0.23,109.0,22.95,38.0,8.0,0.653,0.1259999999999999,21.06,10.13,16.08,26.2,28.04,19.12,98.0,0.302,18.0,18.37,12.0,12.24,0.958,0.26799999999999996,19.34,8.58,17.65,26.23,20.9,13.85,124.0,0.239,28.0,22.58,14.0,11.29,0.784,0.22,17.35,7.63,16.87,24.5,22.09,20.59
746463,2024-06-09,2024,628451,R,669060,R,strikeout,True,False,33.0,0.161,12.0,36.36,2.0,6.06,0.406,0.033,31.94,17.29,16.54,33.83,39.71,24.0,265.0,0.265,45.0,16.98,18.0,6.79,0.71,0.127,22.24,11.31,15.49,26.81,34.23,16.73,125.0,0.174,22.0,17.6,8.0,6.4,0.51,0.09600000000000003,21.15,10.07,17.16,27.23,24.62,20.0,190.0,0.194,33.0,17.37,8.0,4.21,0.5609999999999999,0.132,19.19,10.0,15.76,25.76,30.57,18.33
746463,2024-06-09,2024,668670,R,669060,R,field_out,False,False,89.0,0.238,30.0,33.71,3.0,3.37,0.698,0.179,33.56,15.15,20.0,35.15,24.38,32.26,259.0,0.215,84.0,32.43,20.0,7.72,0.676,0.18,31.32,14.43,18.81,33.23,22.13,28.38,125.0,0.174,22.0,17.6,8.0,6.4,0.51,0.09600000000000003,21.15,10.07,17.16,27.23,24.62,20.0,190.0,0.194,33.0,17.37,8.0,4.21,0.5609999999999999,0.132,19.19,10.0,15.76,25.76,30.57,18.33
746463,2024-06-09,2024,655316,R,669373,L,field_out,False,False,23.0,0.15,6.0,26.09,3.0,13.04,0.5609999999999999,0.15,23.08,8.18,26.36,34.55,18.03,13.64,93.0,0.291,19.0,20.43,12.0,12.9,0.779,0.101,20.0,8.4,19.75,28.15,26.29,15.32,235.0,0.193,72.0,30.64,10.0,4.26,0.54,0.121,31.16,16.19,17.83,34.03,31.11,24.66,268.0,0.21,98.0,36.57,12.0,4.48,0.567,0.103,33.05,17.57,16.29,33.85,34.51,25.72
746463,2024-06-09,2024,668930,L,669373,L,strikeout,True,False,31.0,0.222,6.0,19.35,4.0,12.9,0.5820000000000001,0.037000000000000005,16.98,6.57,19.71,26.28,16.42,15.38,73.0,0.188,12.0,16.44,8.0,10.96,0.466,0.0,20.18,7.94,23.47,31.41,18.75,17.39,48.0,0.182,14.0,29.17,3.0,6.25,0.432,0.0,28.92,14.2,20.71,34.91,36.84,28.0,42.0,0.125,4.0,9.52,2.0,4.76,0.367,0.075,15.62,7.94,17.46,25.4,22.45,17.39
746463,2024-06-09,2024,687401,R,669373,L,strikeout,True,False,57.0,0.213,12.0,21.05,8.0,14.04,0.679,0.12700000000000003,18.89,7.3,20.17,27.47,17.5,22.64,21.0,0.3,6.0,28.57,0.0,0.0,0.586,0.0,26.32,13.33,25.33,38.67,40.0,24.0,235.0,0.193,72.0,30.64,10.0,4.26,0.54,0.121,31.16,16.19,17.83,34.03,31.11,24.66,268.0,0.21,98.0,36.57,12.0,4.48,0.567,0.103,33.05,17.57,16.29,33.85,34.51,25.72
746463,2024-06-09,2024,672761,L,669060,R,single,False,False,127.0,0.221,26.0,20.47,12.0,9.45,0.683,0.168,19.38,8.46,19.23,27.69,24.22,16.05,,,,,,,,,,,,,,,98.0,0.302,18.0,18.37,12.0,12.24,0.958,0.26799999999999996,19.34,8.58,17.65,26.23,20.9,13.85,124.0,0.239,28.0,22.58,14.0,11.29,0.784,0.22,17.35,7.63,16.87,24.5,22.09,20.59
746463,2024-06-09,2024,663837,R,669060,R,field_out,False,False,146.0,0.259,34.0,23.29,8.0,5.48,0.7989999999999999,0.237,20.4,8.64,20.68,29.32,18.22,18.68,383.0,0.26,92.0,24.02,29.0,7.57,0.724,0.14,21.06,9.23,21.95,31.18,28.67,18.31,125.0,0.174,22.0,17.6,8.0,6.4,0.51,0.09600000000000003,21.15,10.07,17.16,27.23,24.62,20.0,190.0,0.194,33.0,17.37,8.0,4.21,0.5609999999999999,0.132,19.19,10.0,15.76,25.76,30.57,18.33
746463,2024-06-09,2024,592192,R,669060,R,hit_by_pitch,False,False,188.0,0.236,38.0,20.21,20.0,10.64,0.6910000000000001,0.118,21.81,8.56,23.45,32.02,20.89,16.89,341.0,0.261,56.0,16.42,28.0,8.21,0.721,0.1079999999999999,18.91,7.86,21.98,29.84,23.71,13.49,125.0,0.174,22.0,17.6,8.0,6.4,0.51,0.09600000000000003,21.15,10.07,17.16,27.23,24.62,20.0,190.0,0.194,33.0,17.37,8.0,4.21,0.5609999999999999,0.132,19.19,10.0,15.76,25.76,30.57,18.33
746463,2024-06-09,2024,682985,L,669060,R,walk,False,True,212.0,0.257,58.0,27.36,30.0,14.15,0.84,0.21799999999999997,29.78,12.13,17.73,29.86,20.74,23.48,323.0,0.291,84.0,26.01,28.0,8.67,0.826,0.182,27.26,12.45,16.06,28.52,24.68,20.14,98.0,0.302,18.0,18.37,12.0,12.24,0.958,0.26799999999999996,19.34,8.58,17.65,26.23,20.9,13.85,124.0,0.239,28.0,22.58,14.0,11.29,0.784,0.22,17.35,7.63,16.87,24.5,22.09,20.59
746463,2024-06-09,2024,570482,R,669060,R,single,False,False,93.0,0.299,10.0,10.75,4.0,4.3,0.747,0.11499999999999999,19.16,9.61,18.02,27.63,33.33,11.49,175.0,0.276,30.0,17.14,9.0,5.14,0.653,0.061,20.55,11.01,13.8,24.82,34.39,12.39,125.0,0.174,22.0,17.6,8.0,6.4,0.51,0.09600000000000003,21.15,10.07,17.16,27.23,24.62,20.0,190.0,0.194,33.0,17.37,8.0,4.21,0.5609999999999999,0.132,19.19,10.0,15.76,25.76,30.57,18.33
746463,2024-06-09,2024,669234,R,669060,R,walk,False,True,15.0,0.167,4.0,26.67,3.0,20.0,0.75,0.24999999999999997,32.0,11.76,22.06,33.82,3.45,16.67,,,,,,,,,,,,,,,125.0,0.174,22.0,17.6,8.0,6.4,0.51,0.09600000000000003,21.15,10.07,17.16,27.23,24.62,20.0,190.0,0.194,33.0,17.37,8.0,4.21,0.5609999999999999,0.132,19.19,10.0,15.76,25.76,30.57,18.33
746463,2024-06-09,2024,656716,L,571948,L,single,False,False,8.0,0.0,2.0,25.0,0.0,0.0,0.0,0.0,21.43,10.0,30.0,40.0,40.0,20.0,46.0,0.243,4.0,8.7,6.0,13.04,0.653,0.0539999999999999,14.29,5.47,20.9,26.37,17.35,6.78,56.0,0.25,13.0,23.21,1.0,1.79,0.644,0.135,14.89,6.51,20.93,27.44,31.19,19.4,121.0,0.155,27.0,22.31,8.0,6.61,0.45,0.072,20.1,8.44,23.05,31.48,32.82,16.77
746463,2024-06-09,2024,628451,R,571948,L,single,False,False,53.0,0.327,12.0,22.64,1.0,1.89,0.8500000000000001,0.183,31.48,18.48,10.33,28.8,41.41,26.09,118.0,0.261,24.0,20.34,6.0,5.08,0.8200000000000001,0.262,23.36,12.59,13.85,26.45,37.13,23.53,69.0,0.19,17.0,24.64,7.0,10.14,0.545,0.08600000000000002,19.05,7.33,22.71,30.04,17.6,19.32,131.0,0.256,32.0,24.43,5.0,3.82,0.6819999999999999,0.144,21.12,9.06,21.44,30.5,26.81,18.82
746463,2024-06-09,2024,668670,R,571948,L,home_run,False,False,37.0,0.188,10.0,27.03,5.0,13.51,0.5469999999999999,0.062,34.38,14.67,18.67,33.33,20.78,27.78,108.0,0.235,34.0,31.48,8.0,7.41,0.8600000000000001,0.326,32.64,14.72,17.76,32.48,23.9,29.06,69.0,0.19,17.0,24.64,7.0,10.14,0.545,0.08600000000000002,19.05,7.33,22.71,30.04,17.6,19.32,131.0,0.256,32.0,24.43,5.0,3.82,0.6819999999999999,0.144,21.12,9.06,21.44,30.5,26.81,18.82
746463,2024-06-09,2024,672761,L,622694,R,field_out,False,False,127.0,0.221,26.0,20.47,12.0,9.45,0.683,0.168,19.38,8.46,19.23,27.69,24.22,16.05,,,,,,,,,,,,,,,12.0,0.2,3.0,25.0,2.0,16.67,1.133,0.6000000000000001,33.33,15.79,17.54,33.33,28.57,13.04,,,,,,,,,,,,,,
746463,2024-06-09,2024,663837,R,622694,R,double,False,False,146.0,0.259,34.0,23.29,8.0,5.48,0.7989999999999999,0.237,20.4,8.64,20.68,29.32,18.22,18.68,383.0,0.26,92.0,24.02,29.0,7.57,0.724,0.14,21.06,9.23,21.95,31.18,28.67,18.31,30.0,0.241,3.0,10.0,1.0,3.33,0.853,0.345,21.28,9.71,22.33,32.04,21.28,9.38,,,,,,,,,,,,,,
746463,2024-06-09,2024,592192,R,622694,R,field_out,False,False,188.0,0.236,38.0,20.21,20.0,10.64,0.6910000000000001,0.118,21.81,8.56,23.45,32.02,20.89,16.89,341.0,0.261,56.0,16.42,28.0,8.21,0.721,0.1079999999999999,18.91,7.86,21.98,29.84,23.71,13.49,30.0,0.241,3.0,10.0,1.0,3.33,0.853,0.345,21.28,9.71,22.33,32.04,21.28,9.38,,,,,,,,,,,,,,
746463,2024-06-09,2024,656555,R,669373,L,single,False,False,27.0,0.136,3.0,11.11,3.0,11.11,0.532,0.137,22.22,9.09,19.09,28.18,19.61,10.34,,,,,,,,,,,,,,,235.0,0.193,72.0,30.64,10.0,4.26,0.54,0.121,31.16,16.19,17.83,34.03,31.11,24.66,268.0,0.21,98.0,36.57,12.0,4.48,0.567,0.103,33.05,17.57,16.29,33.85,34.51,25.72
746463,2024-06-09,2024,686217,L,669373,L,grounded_into_double_play,False,False,22.0,0.286,6.0,27.27,1.0,4.55,0.794,0.19,16.13,6.76,22.97,29.73,18.18,35.29,43.0,0.184,7.0,16.28,5.0,11.63,0.5680000000000001,0.1049999999999999,11.43,4.71,21.18,25.88,26.83,17.07,48.0,0.182,14.0,29.17,3.0,6.25,0.432,0.0,28.92,14.2,20.71,34.91,36.84,28.0,42.0,0.125,4.0,9.52,2.0,4.76,0.367,0.075,15.62,7.94,17.46,25.4,22.45,17.39
746463,2024-06-09,2024,686554,L,669373,L,hit_by_pitch,False,False,5.0,0.2,3.0,60.0,0.0,0.0,0.4,0.0,37.5,16.67,27.78,44.44,0.0,42.86,,,,,,,,,,,,,,,48.0,0.182,14.0,29.17,3.0,6.25,0.432,0.0,28.92,14.2,20.71,34.91,36.84,28.0,42.0,0.125,4.0,9.52,2.0,4.76,0.367,0.075,15.62,7.94,17.46,25.4,22.45,17.39
746463,2024-06-09,2024,596142,R,669373,L,strikeout,True,False,44.0,0.225,10.0,22.73,3.0,6.82,0.845,0.32500000000000007,28.4,13.29,21.39,34.68,28.92,17.24,79.0,0.267,18.0,22.78,4.0,5.06,0.984,0.413,25.18,10.61,22.12,32.73,24.07,18.18,235.0,0.193,72.0,30.64,10.0,4.26,0.54,0.121,31.16,16.19,17.83,34.03,31.11,24.66,268.0,0.21,98.0,36.57,12.0,4.48,0.567,0.103,33.05,17.57,16.29,33.85,34.51,25.72
746463,2024-06-09,2024,682985,L,622694,R,field_out,False,False,212.0,0.257,58.0,27.36,30.0,14.15,0.84,0.21799999999999997,29.78,12.13,17.73,29.86,20.74,23.48,323.0,0.291,84.0,26.01,28.0,8.67,0.826,0.182,27.26,12.45,16.06,28.52,24.68,20.14,12.0,0.2,3.0,25.0,2.0,16.67,1.133,0.6000000000000001,33.33,15.79,17.54,33.33,28.57,13.04,,,,,,,,,,,,,,
746463,2024-06-09,2024,570482,R,622694,R,single,False,False,93.0,0.299,10.0,10.75,4.0,4.3,0.747,0.11499999999999999,19.16,9.61,18.02,27.63,33.33,11.49,175.0,0.276,30.0,17.14,9.0,5.14,0.653,0.061,20.55,11.01,13.8,24.82,34.39,12.39,30.0,0.241,3.0,10.0,1.0,3.33,0.853,0.345,21.28,9.71,22.33,32.04,21.28,9.38,,,,,,,,,,,,,,
746463,2024-06-09,2024,669234,R,622694,R,single,False,False,15.0,0.167,4.0,26.67,3.0,20.0,0.75,0.24999999999999997,32.0,11.76,22.06,33.82,3.45,16.67,,,,,,,,,,,,,,,30.0,0.241,3.0,10.0,1.0,3.33,0.853,0.345,21.28,9.71,22.33,32.04,21.28,9.38,,,,,,,,,,,,,,
746463,2024-06-09,2024,656716,L,622694,R,grounded_into_double_play,False,False,94.0,0.214,26.0,27.66,8.0,8.51,0.608,0.10700000000000001,28.26,13.61,17.02,30.63,29.73,21.67,475.0,0.23,109.0,22.95,38.0,8.0,0.653,0.1259999999999999,21.06,10.13,16.08,26.2,28.04,19.12,12.0,0.2,3.0,25.0,2.0,16.67,1.133,0.6000000000000001,33.33,15.79,17.54,33.33,28.57,13.04,,,,,,,,,,,,,,
746463,2024-06-09,2024,663368,R,669373,L,strikeout,True,False,50.0,0.205,10.0,20.0,6.0,12.0,0.618,0.11300000000000002,25.0,10.31,21.65,31.96,22.92,24.39,58.0,0.192,13.0,22.41,6.0,10.34,0.603,0.135,20.48,7.2,25.0,32.2,14.41,24.53,235.0,0.193,72.0,30.64,10.0,4.26,0.54,0.121,31.16,16.19,17.83,34.03,31.11,24.66,268.0,0.21,98.0,36.57,12.0,4.48,0.567,0.103,33.05,17.57,16.29,33.85,34.51,25.72
746463,2024-06-09,2024,694192,R,669373,L,single,False,False,49.0,0.136,11.0,22.45,5.0,10.2,0.429,0.06899999999999998,24.49,12.83,13.37,26.2,34.38,18.97,,,,,,,,,,,,,,,235.0,0.193,72.0,30.64,10.0,4.26,0.54,0.121,31.16,16.19,17.83,34.03,31.11,24.66,268.0,0.21,98.0,36.57,12.0,4.48,0.567,0.103,33.05,17.57,16.29,33.85,34.51,25.72
746463,2024-06-09,2024,655316,R,669373,L,field_out,False,False,23.0,0.15,6.0,26.09,3.0,13.04,0.5609999999999999,0.15,23.08,8.18,26.36,34.55,18.03,13.64,93.0,0.291,19.0,20.43,12.0,12.9,0.779,0.101,20.0,8.4,19.75,28.15,26.29,15.32,235.0,0.193,72.0,30.64,10.0,4.26,0.54,0.121,31.16,16.19,17.83,34.03,31.11,24.66,268.0,0.21,98.0,36.57,12.0,4.48,0.567,0.103,33.05,17.57,16.29,33.85,34.51,25.72
746463,2024-06-09,2024,668930,L,669373,L,triple,False,False,31.0,0.222,6.0,19.35,4.0,12.9,0.5820000000000001,0.037000000000000005,16.98,6.57,19.71,26.28,16.42,15.38,73.0,0.188,12.0,16.44,8.0,10.96,0.466,0.0,20.18,7.94,23.47,31.41,18.75,17.39,48.0,0.182,14.0,29.17,3.0,6.25,0.432,0.0,28.92,14.2,20.71,34.91,36.84,28.0,42.0,0.125,4.0,9.52,2.0,4.76,0.367,0.075,15.62,7.94,17.46,25.4,22.45,17.39
746463,2024-06-09,2024,687401,R,676684,R,field_out,False,False,138.0,0.322,16.0,11.59,17.0,12.32,0.9400000000000001,0.21200000000000002,14.75,5.79,21.7,27.49,23.72,10.0,13.0,0.077,3.0,23.08,0.0,0.0,0.2309999999999999,0.077,15.79,8.11,21.62,29.73,26.67,33.33,72.0,0.254,17.0,23.61,3.0,4.17,0.655,0.119,26.39,14.13,16.73,30.86,33.62,19.54,114.0,0.215,32.0,28.07,7.0,6.14,0.5529999999999999,0.0749999999999999,27.23,12.59,22.76,35.35,32.97,26.45
746463,2024-06-09,2024,628451,R,643361,R,strikeout,True,False,33.0,0.161,12.0,36.36,2.0,6.06,0.406,0.033,31.94,17.29,16.54,33.83,39.71,24.0,265.0,0.265,45.0,16.98,18.0,6.79,0.71,0.127,22.24,11.31,15.49,26.81,34.23,16.73,18.0,0.062,4.0,22.22,2.0,11.11,0.229,0.0,17.86,7.81,28.12,35.94,28.57,21.05,60.0,0.25,8.0,13.33,3.0,5.0,0.764,0.214,22.22,10.88,15.06,25.94,24.77,11.94
746463,2024-06-09,2024,668670,R,643361,R,field_out,False,False,89.0,0.238,30.0,33.71,3.0,3.37,0.698,0.179,33.56,15.15,20.0,35.15,24.38,32.26,259.0,0.215,84.0,32.43,20.0,7.72,0.676,0.18,31.32,14.43,18.81,33.23,22.13,28.38,18.0,0.062,4.0,22.22,2.0,11.11,0.229,0.0,17.86,7.81,28.12,35.94,28.57,21.05,60.0,0.25,8.0,13.33,3.0,5.0,0.764,0.214,22.22,10.88,15.06,25.94,24.77,11.94
746463,2024-06-09,2024,672761,L,643361,R,field_out,False,False,127.0,0.221,26.0,20.47,12.0,9.45,0.683,0.168,19.38,8.46,19.23,27.69,24.22,16.05,,,,,,,,,,,,,,,12.0,0.273,2.0,16.67,1.0,8.33,0.9690000000000001,0.363,27.78,12.82,20.51,33.33,33.33,22.22,45.0,0.293,5.0,11.11,3.0,6.67,0.893,0.244,15.66,7.1,16.94,24.04,29.03,8.47
746463,2024-06-09,2024,641343,L,666214,L,field_out,False,False,17.0,0.286,2.0,11.76,1.0,5.88,1.018,0.35700000000000004,27.59,12.7,17.46,30.16,12.0,11.76,28.0,0.185,12.0,42.86,1.0,3.57,0.473,0.074,37.5,20.59,22.55,43.14,39.47,31.58,49.0,0.302,12.0,24.49,5.0,10.2,0.8069999999999999,0.11699999999999999,25.26,12.18,16.75,28.93,27.45,17.65,122.0,0.278,19.0,15.57,14.0,11.48,0.796,0.1569999999999999,22.68,10.23,17.67,27.91,22.64,17.12
746463,2024-06-09,2024,686217,L,666214,L,field_out,False,False,22.0,0.286,6.0,27.27,1.0,4.55,0.794,0.19,16.13,6.76,22.97,29.73,18.18,35.29,43.0,0.184,7.0,16.28,5.0,11.63,0.5680000000000001,0.1049999999999999,11.43,4.71,21.18,25.88,26.83,17.07,49.0,0.302,12.0,24.49,5.0,10.2,0.8069999999999999,0.11699999999999999,25.26,12.18,16.75,28.93,27.45,17.65,122.0,0.278,19.0,15.57,14.0,11.48,0.796,0.1569999999999999,22.68,10.23,17.67,27.91,22.64,17.12
746463,2024-06-09,2024,686554,L,666214,L,strikeout,True,False,5.0,0.2,3.0,60.0,0.0,0.0,0.4,0.0,37.5,16.67,27.78,44.44,0.0,42.86,,,,,,,,,,,,,,,49.0,0.302,12.0,24.49,5.0,10.2,0.8069999999999999,0.11699999999999999,25.26,12.18,16.75,28.93,27.45,17.65,122.0,0.278,19.0,15.57,14.0,11.48,0.796,0.1569999999999999,22.68,10.23,17.67,27.91,22.64,17.12
746463,2024-06-09,2024,663837,R,641343,L,walk,False,True,60.0,0.316,11.0,18.33,2.0,3.33,0.7370000000000001,0.08800000000000002,13.39,6.36,19.92,26.27,23.85,16.18,147.0,0.264,20.0,13.61,15.0,10.2,0.6990000000000001,0.0929999999999999,14.72,6.63,19.9,26.53,28.37,10.75,3.0,0.5,0.0,0.0,1.0,33.33,1.167,0.0,0.0,0.0,12.5,12.5,28.57,,,,,,,,,,,,,,,
746463,2024-06-09,2024,592192,R,641343,L,field_out,False,False,51.0,0.238,13.0,25.49,8.0,15.69,0.825,0.21400000000000002,28.42,11.25,19.58,30.83,16.36,14.77,168.0,0.264,23.0,13.69,21.0,12.5,0.825,0.2,17.23,7.09,21.84,28.93,23.86,9.54,3.0,0.5,0.0,0.0,1.0,33.33,1.167,0.0,0.0,0.0,12.5,12.5,28.57,,,,,,,,,,,,,,,
746463,2024-06-09,2024,682985,L,641343,L,field_out,False,False,57.0,0.173,15.0,26.32,4.0,7.02,0.559,0.15400000000000003,25.71,11.64,20.26,31.9,23.76,17.86,93.0,0.279,30.0,32.26,7.0,7.53,0.6930000000000001,0.0809999999999999,30.96,15.64,16.92,32.56,32.98,21.74,3.0,0.0,0.0,0.0,1.0,33.33,0.333,0.0,11.11,5.56,5.56,11.11,27.27,0.0,,,,,,,,,,,,,,
746463,2024-06-09,2024,570482,R,641343,L,field_out,False,False,36.0,0.171,8.0,22.22,1.0,2.78,0.394,0.028999999999999998,20.59,12.73,10.91,23.64,42.86,30.77,53.0,0.373,6.0,11.32,1.0,1.89,0.867,0.1169999999999999,13.56,7.96,11.94,19.9,44.55,8.82,3.0,0.5,0.0,0.0,1.0,33.33,1.167,0.0,0.0,0.0,12.5,12.5,28.57,,,,,,,,,,,,,,,
746463,2024-06-09,2024,596142,R,669438,R,single,False,False,92.0,0.207,24.0,26.09,6.0,6.52,0.649,0.159,32.19,13.24,24.51,37.75,32.29,22.86,189.0,0.194,49.0,25.93,17.0,8.99,0.688,0.212,28.71,11.9,21.7,33.59,27.27,21.43,23.0,0.1,5.0,21.74,2.0,8.7,0.517,0.19999999999999998,26.19,11.96,15.22,27.17,28.26,14.71,155.0,0.262,23.0,14.84,9.0,5.81,0.796,0.2199999999999999,22.46,11.46,14.6,26.06,25.61,16.08
746463,2024-06-09,2024,663368,L,669438,R,field_out,False,False,156.0,0.271,43.0,27.56,12.0,7.69,0.754,0.14299999999999996,30.36,12.52,21.2,33.72,24.6,27.56,110.0,0.231,33.0,30.0,17.0,15.45,0.715,0.1319999999999999,24.04,9.0,23.31,32.31,18.26,20.5,17.0,0.412,1.0,5.88,0.0,0.0,1.236,0.412,14.29,7.46,7.46,14.93,28.95,6.67,99.0,0.337,18.0,18.18,8.0,8.08,0.984,0.2589999999999999,25.12,12.89,12.41,25.3,29.55,12.59
746463,2024-06-09,2024,694192,R,669438,R,field_out,False,False,139.0,0.242,39.0,28.06,5.0,3.6,0.662,0.15200000000000002,31.76,16.33,18.95,35.28,36.48,26.0,,,,,,,,,,,,,,,23.0,0.1,5.0,21.74,2.0,8.7,0.517,0.19999999999999998,26.19,11.96,15.22,27.17,28.26,14.71,155.0,0.262,23.0,14.84,9.0,5.81,0.796,0.2199999999999999,22.46,11.46,14.6,26.06,25.61,16.08
746463,2024-06-09,2024,655316,R,669438,R,double,False,False,12.0,0.1,3.0,25.0,2.0,16.67,0.35,0.0,30.43,12.5,17.86,30.36,23.08,13.64,222.0,0.246,47.0,21.17,16.0,7.21,0.636,0.084,22.47,9.47,20.0,29.47,20.54,16.43,23.0,0.1,5.0,21.74,2.0,8.7,0.517,0.19999999999999998,26.19,11.96,15.22,27.17,28.26,14.71,155.0,0.262,23.0,14.84,9.0,5.81,0.796,0.2199999999999999,22.46,11.46,14.6,26.06,25.61,16.08
746463,2024-06-09,2024,668930,L,669438,R,field_out,False,False,201.0,0.32,31.0,15.42,17.0,8.46,0.817,0.118,12.81,5.93,18.94,24.87,25.14,14.49,376.0,0.224,82.0,21.81,30.0,7.98,0.608,0.097,22.03,10.83,16.08,26.9,28.59,16.14,17.0,0.412,1.0,5.88,0.0,0.0,1.236,0.412,14.29,7.46,7.46,14.93,28.95,6.67,99.0,0.337,18.0,18.18,8.0,8.08,0.984,0.2589999999999999,25.12,12.89,12.41,25.3,29.55,12.59
746297,2024-06-09,2024,641487,L,666142,L,home_run,False,False,53.0,0.292,7.0,13.21,5.0,9.43,0.796,0.14600000000000002,11.49,4.44,23.56,28.0,9.68,9.59,193.0,0.267,41.0,21.24,27.0,13.99,0.755,0.1149999999999999,19.56,7.7,20.12,27.83,20.15,17.67,44.0,0.317,9.0,20.45,1.0,2.27,0.715,0.04899999999999999,13.04,5.88,17.65,23.53,22.67,24.32,93.0,0.253,22.0,23.66,11.0,11.83,0.711,0.1139999999999999,29.07,14.04,14.33,28.37,23.95,20.56
746297,2024-06-09,2024,664238,R,666142,L,strikeout,True,False,67.0,0.218,14.0,20.9,7.0,10.45,0.768,0.23700000000000002,19.3,8.27,16.92,25.19,18.32,18.67,92.0,0.222,28.0,30.43,10.0,10.87,0.796,0.259,33.33,14.66,18.06,32.72,23.83,23.53,259.0,0.213,80.0,30.89,23.0,8.88,0.594,0.098,33.4,16.75,14.95,31.69,31.21,24.46,299.0,0.187,91.0,30.43,30.0,10.03,0.556,0.0979999999999999,31.59,15.63,14.33,29.96,29.28,22.58
746297,2024-06-09,2024,677594,R,666142,L,strikeout,True,False,75.0,0.338,20.0,26.67,5.0,6.67,0.863,0.13299999999999995,33.56,18.18,10.18,28.36,36.49,25.64,169.0,0.301,48.0,28.4,12.0,7.1,0.842,0.186,29.55,15.52,11.29,26.8,35.14,26.23,259.0,0.213,80.0,30.89,23.0,8.88,0.594,0.098,33.4,16.75,14.95,31.69,31.21,24.46,299.0,0.187,91.0,30.43,30.0,10.03,0.556,0.0979999999999999,31.59,15.63,14.33,29.96,29.28,22.58
746297,2024-06-09,2024,641598,R,666142,L,strikeout,True,False,59.0,0.24,14.0,23.73,9.0,15.25,0.856,0.26,23.53,8.82,22.79,31.62,20.14,13.73,84.0,0.344,12.0,14.29,19.0,22.62,0.938,0.094,15.7,5.37,20.06,25.42,13.76,12.9,259.0,0.213,80.0,30.89,23.0,8.88,0.594,0.098,33.4,16.75,14.95,31.69,31.21,24.46,299.0,0.187,91.0,30.43,30.0,10.03,0.556,0.0979999999999999,31.59,15.63,14.33,29.96,29.28,22.58
746297,2024-06-09,2024,672580,R,669923,R,field_out,False,False,236.0,0.249,43.0,18.22,19.0,8.05,0.655,0.09799999999999998,19.23,8.4,20.6,29.0,21.33,16.48,400.0,0.258,94.0,23.5,33.0,8.25,0.648,0.071,20.3,8.71,19.59,28.3,19.12,19.96,151.0,0.223,30.0,19.87,1.0,0.66,0.5710000000000001,0.11500000000000002,21.71,12.28,14.36,26.64,37.77,14.42,404.0,0.247,90.0,22.28,8.0,1.98,0.659,0.141,24.39,13.48,15.5,28.98,35.88,18.67
746297,2024-06-09,2024,677951,R,669923,R,field_out,False,False,245.0,0.332,42.0,17.14,20.0,8.16,0.961,0.24099999999999994,24.89,12.24,13.92,26.16,29.01,17.21,547.0,0.27,93.0,17.0,33.0,6.03,0.8,0.2149999999999999,22.15,10.87,15.53,26.4,29.62,14.44,151.0,0.223,30.0,19.87,1.0,0.66,0.5710000000000001,0.11500000000000002,21.71,12.28,14.36,26.64,37.77,14.42,404.0,0.247,90.0,22.28,8.0,1.98,0.659,0.141,24.39,13.48,15.5,28.98,35.88,18.67
746297,2024-06-09,2024,686469,L,669923,R,triple,False,False,206.0,0.229,29.0,14.08,22.0,10.68,0.746,0.19999999999999998,13.78,6.2,16.04,22.24,28.67,13.24,188.0,0.251,23.0,12.23,15.0,7.98,0.784,0.217,14.85,7.02,17.48,24.5,34.8,10.0,151.0,0.264,44.0,29.14,6.0,3.97,0.7709999999999999,0.20699999999999996,26.64,13.63,17.88,31.5,25.78,23.53,354.0,0.246,82.0,23.16,11.0,3.11,0.672,0.156,21.25,11.4,17.29,28.69,29.11,18.14
746297,2024-06-09,2024,521692,R,669923,R,strikeout,True,False,199.0,0.303,33.0,16.58,14.0,7.04,0.88,0.203,24.34,14.03,9.03,23.06,43.63,13.98,437.0,0.264,100.0,22.88,11.0,2.52,0.73,0.174,30.72,18.16,9.73,27.89,45.56,22.08,151.0,0.223,30.0,19.87,1.0,0.66,0.5710000000000001,0.11500000000000002,21.71,12.28,14.36,26.64,37.77,14.42,404.0,0.247,90.0,22.28,8.0,1.98,0.659,0.141,24.39,13.48,15.5,28.98,35.88,18.67
746297,2024-06-09,2024,663728,R,666142,L,field_out,False,False,59.0,0.143,18.0,30.51,6.0,10.17,0.7030000000000001,0.30600000000000005,35.94,19.09,10.37,29.46,34.11,22.5,108.0,0.218,32.0,29.63,7.0,6.48,0.645,0.158,31.38,17.77,9.0,26.78,35.38,24.06,259.0,0.213,80.0,30.89,23.0,8.88,0.594,0.098,33.4,16.75,14.95,31.69,31.21,24.46,299.0,0.187,91.0,30.43,30.0,10.03,0.556,0.0979999999999999,31.59,15.63,14.33,29.96,29.28,22.58
746297,2024-06-09,2024,571745,R,666142,L,strikeout,True,False,70.0,0.167,17.0,24.29,4.0,5.71,0.396,0.014999999999999986,27.34,12.41,17.73,30.14,23.7,17.98,69.0,0.254,17.0,24.64,5.0,7.25,0.706,0.143,26.02,11.43,17.5,28.93,26.06,19.54,259.0,0.213,80.0,30.89,23.0,8.88,0.594,0.098,33.4,16.75,14.95,31.69,31.21,24.46,299.0,0.187,91.0,30.43,30.0,10.03,0.556,0.0979999999999999,31.59,15.63,14.33,29.96,29.28,22.58
746297,2024-06-09,2024,682988,R,666142,L,strikeout,True,False,,,,,,,,,,,,,,,,,,,,,,,,,,,,,259.0,0.213,80.0,30.89,23.0,8.88,0.594,0.098,33.4,16.75,14.95,31.69,31.21,24.46,299.0,0.187,91.0,30.43,30.0,10.03,0.556,0.0979999999999999,31.59,15.63,14.33,29.96,29.28,22.58
746297,2024-06-09,2024,679845,R,669923,R,field_out,False,False,50.0,0.262,7.0,14.0,6.0,12.0,0.609,0.0,21.13,8.98,19.16,28.14,23.26,15.56,44.0,0.279,7.0,15.91,1.0,2.27,0.667,0.0929999999999999,20.0,9.64,16.87,26.51,25.61,14.29,151.0,0.223,30.0,19.87,1.0,0.66,0.5710000000000001,0.11500000000000002,21.71,12.28,14.36,26.64,37.77,14.42,404.0,0.247,90.0,22.28,8.0,1.98,0.659,0.141,24.39,13.48,15.5,28.98,35.88,18.67
746297,2024-06-09,2024,669004,L,669923,R,strikeout,True,False,160.0,0.164,42.0,26.25,13.0,8.12,0.608,0.206,30.23,15.51,11.59,27.1,27.07,17.65,459.0,0.239,122.0,26.58,55.0,11.98,0.752,0.181,32.7,15.24,15.56,30.8,24.84,20.68,151.0,0.264,44.0,29.14,6.0,3.97,0.7709999999999999,0.20699999999999996,26.64,13.63,17.88,31.5,25.78,23.53,354.0,0.246,82.0,23.16,11.0,3.11,0.672,0.156,21.25,11.4,17.29,28.69,29.11,18.14
746297,2024-06-09,2024,666023,R,669923,R,field_out,False,False,74.0,0.265,15.0,20.27,6.0,8.11,0.648,0.059,23.75,12.79,13.13,25.93,33.77,14.71,169.0,0.288,36.0,21.3,9.0,5.33,0.785,0.174,23.9,13.04,10.79,23.84,30.17,16.22,151.0,0.223,30.0,19.87,1.0,0.66,0.5710000000000001,0.11500000000000002,21.71,12.28,14.36,26.64,37.77,14.42,404.0,0.247,90.0,22.28,8.0,1.98,0.659,0.141,24.39,13.48,15.5,28.98,35.88,18.67
746297,2024-06-09,2024,645302,R,666142,L,field_out,False,False,12.0,0.1,5.0,41.67,1.0,8.33,0.45,0.1,31.58,17.14,11.43,28.57,35.29,50.0,40.0,0.364,3.0,7.5,4.0,10.0,0.871,0.06,14.49,7.25,11.59,18.84,26.76,8.33,259.0,0.213,80.0,30.89,23.0,8.88,0.594,0.098,33.4,16.75,14.95,31.69,31.21,24.46,299.0,0.187,91.0,30.43,30.0,10.03,0.556,0.0979999999999999,31.59,15.63,14.33,29.96,29.28,22.58
746297,2024-06-09,2024,669208,R,666142,L,strikeout,True,False,12.0,0.222,4.0,33.33,3.0,25.0,0.9730000000000001,0.3340000000000001,44.44,17.39,15.22,32.61,13.04,36.36,,,,,,,,,,,,,,,259.0,0.213,80.0,30.89,23.0,8.88,0.594,0.098,33.4,16.75,14.95,31.69,31.21,24.46,299.0,0.187,91.0,30.43,30.0,10.03,0.556,0.0979999999999999,31.59,15.63,14.33,29.96,29.28,22.58
746297,2024-06-09,2024,641487,L,666142,L,single,False,False,53.0,0.292,7.0,13.21,5.0,9.43,0.796,0.14600000000000002,11.49,4.44,23.56,28.0,9.68,9.59,193.0,0.267,41.0,21.24,27.0,13.99,0.755,0.1149999999999999,19.56,7.7,20.12,27.83,20.15,17.67,44.0,0.317,9.0,20.45,1.0,2.27,0.715,0.04899999999999999,13.04,5.88,17.65,23.53,22.67,24.32,93.0,0.253,22.0,23.66,11.0,11.83,0.711,0.1139999999999999,29.07,14.04,14.33,28.37,23.95,20.56
746297,2024-06-09,2024,664238,R,666142,L,strikeout,True,False,67.0,0.218,14.0,20.9,7.0,10.45,0.768,0.23700000000000002,19.3,8.27,16.92,25.19,18.32,18.67,92.0,0.222,28.0,30.43,10.0,10.87,0.796,0.259,33.33,14.66,18.06,32.72,23.83,23.53,259.0,0.213,80.0,30.89,23.0,8.88,0.594,0.098,33.4,16.75,14.95,31.69,31.21,24.46,299.0,0.187,91.0,30.43,30.0,10.03,0.556,0.0979999999999999,31.59,15.63,14.33,29.96,29.28,22.58
746297,2024-06-09,2024,592669,R,669923,R,field_out,False,False,124.0,0.196,24.0,19.35,11.0,8.87,0.613,0.14300000000000002,25.94,10.83,21.65,32.48,25.38,15.0,408.0,0.229,91.0,22.3,35.0,8.58,0.723,0.1969999999999999,28.12,14.44,14.12,28.56,33.7,19.12,151.0,0.223,30.0,19.87,1.0,0.66,0.5710000000000001,0.11500000000000002,21.71,12.28,14.36,26.64,37.77,14.42,404.0,0.247,90.0,22.28,8.0,1.98,0.659,0.141,24.39,13.48,15.5,28.98,35.88,18.67
746297,2024-06-09,2024,664728,L,669923,R,single,False,False,148.0,0.206,24.0,16.22,9.0,6.08,0.591,0.13200000000000003,16.96,7.85,20.93,28.77,31.54,19.83,253.0,0.223,43.0,17.0,12.0,4.74,0.631,0.147,20.48,9.51,19.8,29.31,28.6,18.78,151.0,0.264,44.0,29.14,6.0,3.97,0.7709999999999999,0.20699999999999996,26.64,13.63,17.88,31.5,25.78,23.53,354.0,0.246,82.0,23.16,11.0,3.11,0.672,0.156,21.25,11.4,17.29,28.69,29.11,18.14
746297,2024-06-09,2024,672580,R,669923,R,field_out,False,False,236.0,0.249,43.0,18.22,19.0,8.05,0.655,0.09799999999999998,19.23,8.4,20.6,29.0,21.33,16.48,400.0,0.258,94.0,23.5,33.0,8.25,0.648,0.071,20.3,8.71,19.59,28.3,19.12,19.96,151.0,0.223,30.0,19.87,1.0,0.66,0.5710000000000001,0.11500000000000002,21.71,12.28,14.36,26.64,37.77,14.42,404.0,0.247,90.0,22.28,8.0,1.98,0.659,0.141,24.39,13.48,15.5,28.98,35.88,18.67
746297,2024-06-09,2024,677951,R,669923,R,force_out,False,False,245.0,0.332,42.0,17.14,20.0,8.16,0.961,0.24099999999999994,24.89,12.24,13.92,26.16,29.01,17.21,547.0,0.27,93.0,17.0,33.0,6.03,0.8,0.2149999999999999,22.15,10.87,15.53,26.4,29.62,14.44,151.0,0.223,30.0,19.87,1.0,0.66,0.5710000000000001,0.11500000000000002,21.71,12.28,14.36,26.64,37.77,14.42,404.0,0.247,90.0,22.28,8.0,1.98,0.659,0.141,24.39,13.48,15.5,28.98,35.88,18.67
746297,2024-06-09,2024,677594,R,666142,L,strikeout,True,False,75.0,0.338,20.0,26.67,5.0,6.67,0.863,0.13299999999999995,33.56,18.18,10.18,28.36,36.49,25.64,169.0,0.301,48.0,28.4,12.0,7.1,0.842,0.186,29.55,15.52,11.29,26.8,35.14,26.23,259.0,0.213,80.0,30.89,23.0,8.88,0.594,0.098,33.4,16.75,14.95,31.69,31.21,24.46,299.0,0.187,91.0,30.43,30.0,10.03,0.556,0.0979999999999999,31.59,15.63,14.33,29.96,29.28,22.58
746297,2024-06-09,2024,641598,R,666142,L,field_out,False,False,59.0,0.24,14.0,23.73,9.0,15.25,0.856,0.26,23.53,8.82,22.79,31.62,20.14,13.73,84.0,0.344,12.0,14.29,19.0,22.62,0.938,0.094,15.7,5.37,20.06,25.42,13.76,12.9,259.0,0.213,80.0,30.89,23.0,8.88,0.594,0.098,33.4,16.75,14.95,31.69,31.21,24.46,299.0,0.187,91.0,30.43,30.0,10.03,0.556,0.0979999999999999,31.59,15.63,14.33,29.96,29.28,22.58
746297,2024-06-09,2024,663728,R,666142,L,field_out,False,False,59.0,0.143,18.0,30.51,6.0,10.17,0.7030000000000001,0.30600000000000005,35.94,19.09,10.37,29.46,34.11,22.5,108.0,0.218,32.0,29.63,7.0,6.48,0.645,0.158,31.38,17.77,9.0,26.78,35.38,24.06,259.0,0.213,80.0,30.89,23.0,8.88,0.594,0.098,33.4,16.75,14.95,31.69,31.21,24.46,299.0,0.187,91.0,30.43,30.0,10.03,0.556,0.0979999999999999,31.59,15.63,14.33,29.96,29.28,22.58
746297,2024-06-09,2024,686469,L,669923,R,field_out,False,False,206.0,0.229,29.0,14.08,22.0,10.68,0.746,0.19999999999999998,13.78,6.2,16.04,22.24,28.67,13.24,188.0,0.251,23.0,12.23,15.0,7.98,0.784,0.217,14.85,7.02,17.48,24.5,34.8,10.0,151.0,0.264,44.0,29.14,6.0,3.97,0.7709999999999999,0.20699999999999996,26.64,13.63,17.88,31.5,25.78,23.53,354.0,0.246,82.0,23.16,11.0,3.11,0.672,0.156,21.25,11.4,17.29,28.69,29.11,18.14
746297,2024-06-09,2024,521692,R,669923,R,strikeout,True,False,199.0,0.303,33.0,16.58,14.0,7.04,0.88,0.203,24.34,14.03,9.03,23.06,43.63,13.98,437.0,0.264,100.0,22.88,11.0,2.52,0.73,0.174,30.72,18.16,9.73,27.89,45.56,22.08,151.0,0.223,30.0,19.87,1.0,0.66,0.5710000000000001,0.11500000000000002,21.71,12.28,14.36,26.64,37.77,14.42,404.0,0.247,90.0,22.28,8.0,1.98,0.659,0.141,24.39,13.48,15.5,28.98,35.88,18.67
746297,2024-06-09,2024,679845,R,669923,R,field_out,False,False,50.0,0.262,7.0,14.0,6.0,12.0,0.609,0.0,21.13,8.98,19.16,28.14,23.26,15.56,44.0,0.279,7.0,15.91,1.0,2.27,0.667,0.0929999999999999,20.0,9.64,16.87,26.51,25.61,14.29,151.0,0.223,30.0,19.87,1.0,0.66,0.5710000000000001,0.11500000000000002,21.71,12.28,14.36,26.64,37.77,14.42,404.0,0.247,90.0,22.28,8.0,1.98,0.659,0.141,24.39,13.48,15.5,28.98,35.88,18.67
746297,2024-06-09,2024,571745,R,666142,L,walk,False,True,70.0,0.167,17.0,24.29,4.0,5.71,0.396,0.014999999999999986,27.34,12.41,17.73,30.14,23.7,17.98,69.0,0.254,17.0,24.64,5.0,7.25,0.706,0.143,26.02,11.43,17.5,28.93,26.06,19.54,259.0,0.213,80.0,30.89,23.0,8.88,0.594,0.098,33.4,16.75,14.95,31.69,31.21,24.46,299.0,0.187,91.0,30.43,30.0,10.03,0.556,0.0979999999999999,31.59,15.63,14.33,29.96,29.28,22.58
746297,2024-06-09,2024,682988,R,666142,L,field_out,False,False,,,,,,,,,,,,,,,,,,,,,,,,,,,,,259.0,0.213,80.0,30.89,23.0,8.88,0.594,0.098,33.4,16.75,14.95,31.69,31.21,24.46,299.0,0.187,91.0,30.43,30.0,10.03,0.556,0.0979999999999999,31.59,15.63,14.33,29.96,29.28,22.58
746297,2024-06-09,2024,645302,R,666142,L,sac_bunt,False,False,12.0,0.1,5.0,41.67,1.0,8.33,0.45,0.1,31.58,17.14,11.43,28.57,35.29,50.0,40.0,0.364,3.0,7.5,4.0,10.0,0.871,0.06,14.49,7.25,11.59,18.84,26.76,8.33,259.0,0.213,80.0,30.89,23.0,8.88,0.594,0.098,33.4,16.75,14.95,31.69,31.21,24.46,299.0,0.187,91.0,30.43,30.0,10.03,0.556,0.0979999999999999,31.59,15.63,14.33,29.96,29.28,22.58
746297,2024-06-09,2024,669208,R,666142,L,field_out,False,False,12.0,0.222,4.0,33.33,3.0,25.0,0.9730000000000001,0.3340000000000001,44.44,17.39,15.22,32.61,13.04,36.36,,,,,,,,,,,,,,,259.0,0.213,80.0,30.89,23.0,8.88,0.594,0.098,33.4,16.75,14.95,31.69,31.21,24.46,299.0,0.187,91.0,30.43,30.0,10.03,0.556,0.0979999999999999,31.59,15.63,14.33,29.96,29.28,22.58
746297,2024-06-09,2024,669004,L,669923,R,field_out,False,False,160.0,0.164,42.0,26.25,13.0,8.12,0.608,0.206,30.23,15.51,11.59,27.1,27.07,17.65,459.0,0.239,122.0,26.58,55.0,11.98,0.752,0.181,32.7,15.24,15.56,30.8,24.84,20.68,151.0,0.264,44.0,29.14,6.0,3.97,0.7709999999999999,0.20699999999999996,26.64,13.63,17.88,31.5,25.78,23.53,354.0,0.246,82.0,23.16,11.0,3.11,0.672,0.156,21.25,11.4,17.29,28.69,29.11,18.14
746297,2024-06-09,2024,666023,R,669923,R,single,False,False,74.0,0.265,15.0,20.27,6.0,8.11,0.648,0.059,23.75,12.79,13.13,25.93,33.77,14.71,169.0,0.288,36.0,21.3,9.0,5.33,0.785,0.174,23.9,13.04,10.79,23.84,30.17,16.22,151.0,0.223,30.0,19.87,1.0,0.66,0.5710000000000001,0.11500000000000002,21.71,12.28,14.36,26.64,37.77,14.42,404.0,0.247,90.0,22.28,8.0,1.98,0.659,0.141,24.39,13.48,15.5,28.98,35.88,18.67
746297,2024-06-09,2024,592669,R,669923,R,single,False,False,124.0,0.196,24.0,19.35,11.0,8.87,0.613,0.14300000000000002,25.94,10.83,21.65,32.48,25.38,15.0,408.0,0.229,91.0,22.3,35.0,8.58,0.723,0.1969999999999999,28.12,14.44,14.12,28.56,33.7,19.12,151.0,0.223,30.0,19.87,1.0,0.66,0.5710000000000001,0.11500000000000002,21.71,12.28,14.36,26.64,37.77,14.42,404.0,0.247,90.0,22.28,8.0,1.98,0.659,0.141,24.39,13.48,15.5,28.98,35.88,18.67
746297,2024-06-09,2024,664728,L,669923,R,sac_bunt,False,False,148.0,0.206,24.0,16.22,9.0,6.08,0.591,0.13200000000000003,16.96,7.85,20.93,28.77,31.54,19.83,253.0,0.223,43.0,17.0,12.0,4.74,0.631,0.147,20.48,9.51,19.8,29.31,28.6,18.78,151.0,0.264,44.0,29.14,6.0,3.97,0.7709999999999999,0.20699999999999996,26.64,13.63,17.88,31.5,25.78,23.53,354.0,0.246,82.0,23.16,11.0,3.11,0.672,0.156,21.25,11.4,17.29,28.69,29.11,18.14
746297,2024-06-09,2024,672580,R,669923,R,field_out,False,False,236.0,0.249,43.0,18.22,19.0,8.05,0.655,0.09799999999999998,19.23,8.4,20.6,29.0,21.33,16.48,400.0,0.258,94.0,23.5,33.0,8.25,0.648,0.071,20.3,8.71,19.59,28.3,19.12,19.96,151.0,0.223,30.0,19.87,1.0,0.66,0.5710000000000001,0.11500000000000002,21.71,12.28,14.36,26.64,37.77,14.42,404.0,0.247,90.0,22.28,8.0,1.98,0.659,0.141,24.39,13.48,15.5,28.98,35.88,18.67
746297,2024-06-09,2024,641487,L,666142,L,field_out,False,False,53.0,0.292,7.0,13.21,5.0,9.43,0.796,0.14600000000000002,11.49,4.44,23.56,28.0,9.68,9.59,193.0,0.267,41.0,21.24,27.0,13.99,0.755,0.1149999999999999,19.56,7.7,20.12,27.83,20.15,17.67,44.0,0.317,9.0,20.45,1.0,2.27,0.715,0.04899999999999999,13.04,5.88,17.65,23.53,22.67,24.32,93.0,0.253,22.0,23.66,11.0,11.83,0.711,0.1139999999999999,29.07,14.04,14.33,28.37,23.95,20.56
746297,2024-06-09,2024,664238,R,666142,L,single,False,False,67.0,0.218,14.0,20.9,7.0,10.45,0.768,0.23700000000000002,19.3,8.27,16.92,25.19,18.32,18.67,92.0,0.222,28.0,30.43,10.0,10.87,0.796,0.259,33.33,14.66,18.06,32.72,23.83,23.53,259.0,0.213,80.0,30.89,23.0,8.88,0.594,0.098,33.4,16.75,14.95,31.69,31.21,24.46,299.0,0.187,91.0,30.43,30.0,10.03,0.556,0.0979999999999999,31.59,15.63,14.33,29.96,29.28,22.58
746297,2024-06-09,2024,677594,R,666142,L,field_out,False,False,75.0,0.338,20.0,26.67,5.0,6.67,0.863,0.13299999999999995,33.56,18.18,10.18,28.36,36.49,25.64,169.0,0.301,48.0,28.4,12.0,7.1,0.842,0.186,29.55,15.52,11.29,26.8,35.14,26.23,259.0,0.213,80.0,30.89,23.0,8.88,0.594,0.098,33.4,16.75,14.95,31.69,31.21,24.46,299.0,0.187,91.0,30.43,30.0,10.03,0.556,0.0979999999999999,31.59,15.63,14.33,29.96,29.28,22.58
746297,2024-06-09,2024,641598,R,666142,L,strikeout,True,False,59.0,0.24,14.0,23.73,9.0,15.25,0.856,0.26,23.53,8.82,22.79,31.62,20.14,13.73,84.0,0.344,12.0,14.29,19.0,22.62,0.938,0.094,15.7,5.37,20.06,25.42,13.76,12.9,259.0,0.213,80.0,30.89,23.0,8.88,0.594,0.098,33.4,16.75,14.95,31.69,31.21,24.46,299.0,0.187,91.0,30.43,30.0,10.03,0.556,0.0979999999999999,31.59,15.63,14.33,29.96,29.28,22.58
746297,2024-06-09,2024,677951,R,669923,R,single,False,False,245.0,0.332,42.0,17.14,20.0,8.16,0.961,0.24099999999999994,24.89,12.24,13.92,26.16,29.01,17.21,547.0,0.27,93.0,17.0,33.0,6.03,0.8,0.2149999999999999,22.15,10.87,15.53,26.4,29.62,14.44,151.0,0.223,30.0,19.87,1.0,0.66,0.5710000000000001,0.11500000000000002,21.71,12.28,14.36,26.64,37.77,14.42,404.0,0.247,90.0,22.28,8.0,1.98,0.659,0.141,24.39,13.48,15.5,28.98,35.88,18.67
746297,2024-06-09,2024,686469,L,669923,R,field_out,False,False,206.0,0.229,29.0,14.08,22.0,10.68,0.746,0.19999999999999998,13.78,6.2,16.04,22.24,28.67,13.24,188.0,0.251,23.0,12.23,15.0,7.98,0.784,0.217,14.85,7.02,17.48,24.5,34.8,10.0,151.0,0.264,44.0,29.14,6.0,3.97,0.7709999999999999,0.20699999999999996,26.64,13.63,17.88,31.5,25.78,23.53,354.0,0.246,82.0,23.16,11.0,3.11,0.672,0.156,21.25,11.4,17.29,28.69,29.11,18.14
746297,2024-06-09,2024,521692,R,669923,R,field_out,False,False,199.0,0.303,33.0,16.58,14.0,7.04,0.88,0.203,24.34,14.03,9.03,23.06,43.63,13.98,437.0,0.264,100.0,22.88,11.0,2.52,0.73,0.174,30.72,18.16,9.73,27.89,45.56,22.08,151.0,0.223,30.0,19.87,1.0,0.66,0.5710000000000001,0.11500000000000002,21.71,12.28,14.36,26.64,37.77,14.42,404.0,0.247,90.0,22.28,8.0,1.98,0.659,0.141,24.39,13.48,15.5,28.98,35.88,18.67
746297,2024-06-09,2024,679845,R,669923,R,field_out,False,False,50.0,0.262,7.0,14.0,6.0,12.0,0.609,0.0,21.13,8.98,19.16,28.14,23.26,15.56,44.0,0.279,7.0,15.91,1.0,2.27,0.667,0.0929999999999999,20.0,9.64,16.87,26.51,25.61,14.29,151.0,0.223,30.0,19.87,1.0,0.66,0.5710000000000001,0.11500000000000002,21.71,12.28,14.36,26.64,37.77,14.42,404.0,0.247,90.0,22.28,8.0,1.98,0.659,0.141,24.39,13.48,15.5,28.98,35.88,18.67
746297,2024-06-09,2024,663728,L,694361,R,single,False,False,168.0,0.22,60.0,35.71,17.0,10.12,0.671,0.153,30.46,15.52,13.05,28.57,31.43,22.78,462.0,0.235,126.0,27.27,47.0,10.17,0.7909999999999999,0.241,29.58,14.2,14.09,28.29,30.53,21.36,10.0,0.5,2.0,20.0,2.0,20.0,1.225,0.125,31.58,15.38,12.82,28.21,33.33,18.18,,,,,,,,,,,,,,
746297,2024-06-09,2024,571745,R,694361,R,force_out,False,False,160.0,0.243,44.0,27.5,14.0,8.75,0.725,0.174,29.6,12.35,18.22,30.57,21.1,21.5,161.0,0.189,48.0,29.81,10.0,6.21,0.599,0.1619999999999999,28.57,13.33,19.22,32.56,25.34,22.02,12.0,0.167,4.0,33.33,0.0,0.0,0.41700000000000004,0.08299999999999999,6.67,2.13,27.66,29.79,5.0,28.57,,,,,,,,,,,,,,
746297,2024-06-09,2024,682988,R,694361,R,double,False,False,,,,,,,,,,,,,,,,,,,,,,,,,,,,,12.0,0.167,4.0,33.33,0.0,0.0,0.41700000000000004,0.08299999999999999,6.67,2.13,27.66,29.79,5.0,28.57,,,,,,,,,,,,,,
746297,2024-06-09,2024,668942,L,694361,R,single,False,False,170.0,0.283,27.0,15.88,15.0,8.82,0.7789999999999999,0.14500000000000002,18.03,8.36,16.11,24.47,21.29,14.36,299.0,0.249,64.0,21.4,22.0,7.36,0.6559999999999999,0.1019999999999999,22.77,10.13,19.65,29.78,25.55,19.69,10.0,0.5,2.0,20.0,2.0,20.0,1.225,0.125,31.58,15.38,12.82,28.21,33.33,18.18,,,,,,,,,,,,,,
746297,2024-06-09,2024,669208,R,694361,R,single,False,False,12.0,0.182,1.0,8.33,1.0,8.33,0.432,0.0,10.53,5.0,12.5,17.5,6.25,8.33,,,,,,,,,,,,,,,12.0,0.167,4.0,33.33,0.0,0.0,0.41700000000000004,0.08299999999999999,6.67,2.13,27.66,29.79,5.0,28.57,,,,,,,,,,,,,,
746297,2024-06-09,2024,641487,L,672582,L,field_out,False,False,53.0,0.292,7.0,13.21,5.0,9.43,0.796,0.14600000000000002,11.49,4.44,23.56,28.0,9.68,9.59,193.0,0.267,41.0,21.24,27.0,13.99,0.755,0.1149999999999999,19.56,7.7,20.12,27.83,20.15,17.67,39.0,0.222,13.0,33.33,1.0,2.56,0.478,0.0,16.67,6.92,25.16,32.08,24.62,27.08,48.0,0.196,11.0,22.92,2.0,4.17,0.4679999999999999,0.0429999999999999,19.77,9.44,18.33,27.78,22.37,20.37
746297,2024-06-09,2024,669004,L,669923,R,field_out,False,False,160.0,0.164,42.0,26.25,13.0,8.12,0.608,0.206,30.23,15.51,11.59,27.1,27.07,17.65,459.0,0.239,122.0,26.58,55.0,11.98,0.752,0.181,32.7,15.24,15.56,30.8,24.84,20.68,151.0,0.264,44.0,29.14,6.0,3.97,0.7709999999999999,0.20699999999999996,26.64,13.63,17.88,31.5,25.78,23.53,354.0,0.246,82.0,23.16,11.0,3.11,0.672,0.156,21.25,11.4,17.29,28.69,29.11,18.14
746297,2024-06-09,2024,666023,R,669923,R,strikeout,True,False,74.0,0.265,15.0,20.27,6.0,8.11,0.648,0.059,23.75,12.79,13.13,25.93,33.77,14.71,169.0,0.288,36.0,21.3,9.0,5.33,0.785,0.174,23.9,13.04,10.79,23.84,30.17,16.22,151.0,0.223,30.0,19.87,1.0,0.66,0.5710000000000001,0.11500000000000002,21.71,12.28,14.36,26.64,37.77,14.42,404.0,0.247,90.0,22.28,8.0,1.98,0.659,0.141,24.39,13.48,15.5,28.98,35.88,18.67
746297,2024-06-09,2024,592669,R,669923,R,field_out,False,False,124.0,0.196,24.0,19.35,11.0,8.87,0.613,0.14300000000000002,25.94,10.83,21.65,32.48,25.38,15.0,408.0,0.229,91.0,22.3,35.0,8.58,0.723,0.1969999999999999,28.12,14.44,14.12,28.56,33.7,19.12,151.0,0.223,30.0,19.87,1.0,0.66,0.5710000000000001,0.11500000000000002,21.71,12.28,14.36,26.64,37.77,14.42,404.0,0.247,90.0,22.28,8.0,1.98,0.659,0.141,24.39,13.48,15.5,28.98,35.88,18.67
746297,2024-06-09,2024,664238,R,623433,R,field_out,False,False,131.0,0.209,35.0,26.72,13.0,9.92,0.7190000000000001,0.18200000000000002,25.33,10.88,18.39,29.27,18.25,21.34,73.0,0.188,28.0,38.36,6.0,8.22,0.647,0.1709999999999999,33.56,16.33,21.33,37.67,34.46,26.17,55.0,0.333,11.0,20.0,6.0,10.91,1.001,0.24999999999999994,16.67,7.37,22.58,29.95,24.18,15.07,85.0,0.297,19.0,22.35,8.0,9.41,0.847,0.189,24.16,10.62,20.94,31.56,23.42,18.63
746297,2024-06-09,2024,677594,R,623433,R,double,False,False,204.0,0.241,58.0,28.43,12.0,5.88,0.587,0.056999999999999995,30.82,16.44,12.42,28.87,35.94,19.79,545.0,0.267,127.0,23.3,35.0,6.42,0.8109999999999999,0.2169999999999999,27.93,14.91,13.12,28.03,38.34,22.84,55.0,0.333,11.0,20.0,6.0,10.91,1.001,0.24999999999999994,16.67,7.37,22.58,29.95,24.18,15.07,85.0,0.297,19.0,22.35,8.0,9.41,0.847,0.189,24.16,10.62,20.94,31.56,23.42,18.63
746297,2024-06-09,2024,641598,R,623433,R,field_out,False,False,150.0,0.156,49.0,32.67,17.0,11.33,0.556,0.13299999999999998,33.73,13.48,22.95,36.44,19.39,23.79,262.0,0.25,70.0,26.72,25.0,9.54,0.845,0.267,25.84,10.63,19.22,29.85,18.71,21.21,55.0,0.333,11.0,20.0,6.0,10.91,1.001,0.24999999999999994,16.67,7.37,22.58,29.95,24.18,15.07,85.0,0.297,19.0,22.35,8.0,9.41,0.847,0.189,24.16,10.62,20.94,31.56,23.42,18.63
746297,2024-06-09,2024,663728,L,623433,R,strikeout,True,False,168.0,0.22,60.0,35.71,17.0,10.12,0.671,0.153,30.46,15.52,13.05,28.57,31.43,22.78,462.0,0.235,126.0,27.27,47.0,10.17,0.7909999999999999,0.241,29.58,14.2,14.09,28.29,30.53,21.36,50.0,0.233,6.0,12.0,6.0,12.0,0.646,0.093,25.64,11.17,16.2,27.37,21.74,16.67,58.0,0.14,17.0,29.31,1.0,1.72,0.366,0.0709999999999999,32.46,17.7,20.1,37.8,39.36,23.61
746297,2024-06-09,2024,664728,L,662253,R,field_out,False,False,148.0,0.206,24.0,16.22,9.0,6.08,0.591,0.13200000000000003,16.96,7.85,20.93,28.77,31.54,19.83,253.0,0.223,43.0,17.0,12.0,4.74,0.631,0.147,20.48,9.51,19.8,29.31,28.6,18.78,46.0,0.231,12.0,26.09,6.0,13.04,0.733,0.154,26.32,11.3,19.21,30.51,31.31,27.27,104.0,0.242,31.0,29.81,10.0,9.62,0.671,0.099,36.45,17.25,16.55,33.8,30.63,24.03
746297,2024-06-09,2024,672580,R,662253,R,field_out,False,False,236.0,0.249,43.0,18.22,19.0,8.05,0.655,0.09799999999999998,19.23,8.4,20.6,29.0,21.33,16.48,400.0,0.258,94.0,23.5,33.0,8.25,0.648,0.071,20.3,8.71,19.59,28.3,19.12,19.96,55.0,0.151,24.0,43.64,2.0,3.64,0.352,0.019000000000000017,47.41,23.31,16.1,39.41,36.36,34.29,108.0,0.194,36.0,33.33,12.0,11.11,0.575,0.075,42.42,20.05,17.9,37.95,33.98,28.12
746297,2024-06-09,2024,677951,R,662253,R,strikeout,True,False,245.0,0.332,42.0,17.14,20.0,8.16,0.961,0.24099999999999994,24.89,12.24,13.92,26.16,29.01,17.21,547.0,0.27,93.0,17.0,33.0,6.03,0.8,0.2149999999999999,22.15,10.87,15.53,26.4,29.62,14.44,55.0,0.151,24.0,43.64,2.0,3.64,0.352,0.019000000000000017,47.41,23.31,16.1,39.41,36.36,34.29,108.0,0.194,36.0,33.33,12.0,11.11,0.575,0.075,42.42,20.05,17.9,37.95,33.98,28.12
746297,2024-06-09,2024,670042,L,608717,R,field_out,False,False,135.0,0.262,42.0,31.11,4.0,2.96,0.74,0.16699999999999998,34.67,18.96,10.98,29.94,30.45,30.88,363.0,0.247,112.0,30.85,26.0,7.16,0.8340000000000001,0.25,38.6,19.83,11.57,31.39,31.1,26.79,42.0,0.273,9.0,21.43,9.0,21.43,0.702,0.0,22.97,8.99,18.52,27.51,26.73,16.98,104.0,0.191,35.0,33.65,14.0,13.46,0.59,0.1009999999999999,21.74,8.85,21.02,29.87,22.5,22.88
746297,2024-06-09,2024,682988,R,608717,R,field_out,False,False,,,,,,,,,,,,,,,,,,,,,,,,,,,,,76.0,0.159,17.0,22.37,10.0,13.16,0.597,0.158,27.78,12.28,15.44,27.72,23.65,28.33,234.0,0.242,46.0,19.66,11.0,4.7,0.679,0.158,22.17,11.23,16.08,27.31,29.37,16.37
746297,2024-06-09,2024,668942,L,608717,R,field_out,False,False,170.0,0.283,27.0,15.88,15.0,8.82,0.7789999999999999,0.14500000000000002,18.03,8.36,16.11,24.47,21.29,14.36,299.0,0.249,64.0,21.4,22.0,7.36,0.6559999999999999,0.1019999999999999,22.77,10.13,19.65,29.78,25.55,19.69,42.0,0.273,9.0,21.43,9.0,21.43,0.702,0.0,22.97,8.99,18.52,27.51,26.73,16.98,104.0,0.191,35.0,33.65,14.0,13.46,0.59,0.1009999999999999,21.74,8.85,21.02,29.87,22.5,22.88
746297,2024-06-09,2024,686469,L,657508,R,strikeout,True,False,206.0,0.229,29.0,14.08,22.0,10.68,0.746,0.19999999999999998,13.78,6.2,16.04,22.24,28.67,13.24,188.0,0.251,23.0,12.23,15.0,7.98,0.784,0.217,14.85,7.02,17.48,24.5,34.8,10.0,39.0,0.25,8.0,20.51,6.0,15.38,0.703,0.09399999999999997,19.72,9.46,14.86,24.32,21.21,17.02,100.0,0.209,28.0,28.0,14.0,14.0,0.6799999999999999,0.151,26.6,12.25,16.91,29.17,27.69,22.05
746297,2024-06-09,2024,521692,R,657508,R,strikeout,True,False,199.0,0.303,33.0,16.58,14.0,7.04,0.88,0.203,24.34,14.03,9.03,23.06,43.63,13.98,437.0,0.264,100.0,22.88,11.0,2.52,0.73,0.174,30.72,18.16,9.73,27.89,45.56,22.08,66.0,0.203,13.0,19.7,6.0,9.09,0.61,0.119,26.72,12.81,16.53,29.34,26.98,18.57,173.0,0.228,33.0,19.08,19.0,10.98,0.696,0.148,24.01,11.74,12.93,24.67,27.17,16.02
746297,2024-06-09,2024,679845,R,657508,R,double,False,False,50.0,0.262,7.0,14.0,6.0,12.0,0.609,0.0,21.13,8.98,19.16,28.14,23.26,15.56,44.0,0.279,7.0,15.91,1.0,2.27,0.667,0.0929999999999999,20.0,9.64,16.87,26.51,25.61,14.29,66.0,0.203,13.0,19.7,6.0,9.09,0.61,0.119,26.72,12.81,16.53,29.34,26.98,18.57,173.0,0.228,33.0,19.08,19.0,10.98,0.696,0.148,24.01,11.74,12.93,24.67,27.17,16.02
746297,2024-06-09,2024,669004,L,657508,R,home_run,False,False,160.0,0.164,42.0,26.25,13.0,8.12,0.608,0.206,30.23,15.51,11.59,27.1,27.07,17.65,459.0,0.239,122.0,26.58,55.0,11.98,0.752,0.181,32.7,15.24,15.56,30.8,24.84,20.68,39.0,0.25,8.0,20.51,6.0,15.38,0.703,0.09399999999999997,19.72,9.46,14.86,24.32,21.21,17.02,100.0,0.209,28.0,28.0,14.0,14.0,0.6799999999999999,0.151,26.6,12.25,16.91,29.17,27.69,22.05
746297,2024-06-09,2024,666023,R,657508,R,strikeout,True,False,74.0,0.265,15.0,20.27,6.0,8.11,0.648,0.059,23.75,12.79,13.13,25.93,33.77,14.71,169.0,0.288,36.0,21.3,9.0,5.33,0.785,0.174,23.9,13.04,10.79,23.84,30.17,16.22,66.0,0.203,13.0,19.7,6.0,9.09,0.61,0.119,26.72,12.81,16.53,29.34,26.98,18.57,173.0,0.228,33.0,19.08,19.0,10.98,0.696,0.148,24.01,11.74,12.93,24.67,27.17,16.02
746297,2024-06-09,2024,669208,R,663704,R,sac_bunt,False,False,12.0,0.182,1.0,8.33,1.0,8.33,0.432,0.0,10.53,5.0,12.5,17.5,6.25,8.33,,,,,,,,,,,,,,,61.0,0.271,10.0,16.39,2.0,3.28,0.753,0.187,30.56,14.41,18.34,32.75,30.51,15.38,52.0,0.22,13.0,25.0,1.0,1.92,0.531,0.0799999999999999,27.06,12.64,23.08,35.71,30.59,28.26
746297,2024-06-09,2024,641487,L,663704,R,strikeout,True,False,127.0,0.189,29.0,22.83,14.0,11.02,0.6339999999999999,0.16199999999999998,18.72,7.62,20.26,27.88,19.47,18.47,446.0,0.266,84.0,18.83,67.0,15.02,0.845,0.197,18.19,6.93,19.49,26.42,17.9,17.39,53.0,0.32,13.0,24.53,1.0,1.89,0.8180000000000001,0.14,30.23,14.36,22.65,37.02,32.22,30.23,38.0,0.257,10.0,26.32,1.0,2.63,0.8599999999999999,0.3139999999999999,22.37,10.69,20.75,31.45,29.17,20.0
746297,2024-06-09,2024,664238,R,663704,R,walk,False,True,131.0,0.209,35.0,26.72,13.0,9.92,0.7190000000000001,0.18200000000000002,25.33,10.88,18.39,29.27,18.25,21.34,73.0,0.188,28.0,38.36,6.0,8.22,0.647,0.1709999999999999,33.56,16.33,21.33,37.67,34.46,26.17,61.0,0.271,10.0,16.39,2.0,3.28,0.753,0.187,30.56,14.41,18.34,32.75,30.51,15.38,52.0,0.22,13.0,25.0,1.0,1.92,0.531,0.0799999999999999,27.06,12.64,23.08,35.71,30.59,28.26
746297,2024-06-09,2024,677594,R,663704,R,single,False,False,204.0,0.241,58.0,28.43,12.0,5.88,0.587,0.056999999999999995,30.82,16.44,12.42,28.87,35.94,19.79,545.0,0.267,127.0,23.3,35.0,6.42,0.8109999999999999,0.2169999999999999,27.93,14.91,13.12,28.03,38.34,22.84,61.0,0.271,10.0,16.39,2.0,3.28,0.753,0.187,30.56,14.41,18.34,32.75,30.51,15.38,52.0,0.22,13.0,25.0,1.0,1.92,0.531,0.0799999999999999,27.06,12.64,23.08,35.71,30.59,28.26
746297,2024-06-09,2024,641598,R,663704,R,walk,False,True,150.0,0.156,49.0,32.67,17.0,11.33,0.556,0.13299999999999998,33.73,13.48,22.95,36.44,19.39,23.79,262.0,0.25,70.0,26.72,25.0,9.54,0.845,0.267,25.84,10.63,19.22,29.85,18.71,21.21,61.0,0.271,10.0,16.39,2.0,3.28,0.753,0.187,30.56,14.41,18.34,32.75,30.51,15.38,52.0,0.22,13.0,25.0,1.0,1.92,0.531,0.0799999999999999,27.06,12.64,23.08,35.71,30.59,28.26
746297,2024-06-09,2024,663728,L,663704,R,single,False,False,168.0,0.22,60.0,35.71,17.0,10.12,0.671,0.153,30.46,15.52,13.05,28.57,31.43,22.78,462.0,0.235,126.0,27.27,47.0,10.17,0.7909999999999999,0.241,29.58,14.2,14.09,28.29,30.53,21.36,53.0,0.32,13.0,24.53,1.0,1.89,0.8180000000000001,0.14,30.23,14.36,22.65,37.02,32.22,30.23,38.0,0.257,10.0,26.32,1.0,2.63,0.8599999999999999,0.3139999999999999,22.37,10.69,20.75,31.45,29.17,20.0
746297,2024-06-09,2024,670042,L,519293,L,strikeout,True,False,25.0,0.261,5.0,20.0,2.0,8.0,0.755,0.174,27.08,13.13,16.16,29.29,25.0,18.52,44.0,0.268,16.0,36.36,2.0,4.55,0.741,0.1709999999999999,41.18,22.58,15.48,38.06,33.8,36.36,33.0,0.129,9.0,27.27,1.0,3.03,0.313,0.032,31.67,14.18,20.15,34.33,32.35,22.5,66.0,0.177,19.0,28.79,4.0,6.06,0.453,0.049,34.85,17.97,15.23,33.2,37.14,21.95
746297,2024-06-09,2024,592669,R,608723,R,home_run,False,False,124.0,0.196,24.0,19.35,11.0,8.87,0.613,0.14300000000000002,25.94,10.83,21.65,32.48,25.38,15.0,408.0,0.229,91.0,22.3,35.0,8.58,0.723,0.1969999999999999,28.12,14.44,14.12,28.56,33.7,19.12,45.0,0.195,13.0,28.89,3.0,6.67,0.6080000000000001,0.14600000000000002,35.11,18.33,13.89,32.22,39.6,23.21,92.0,0.272,24.0,26.09,8.0,8.7,0.847,0.2339999999999999,30.85,15.63,15.36,31.0,35.26,18.75
746297,2024-06-09,2024,664728,L,608723,R,single,False,False,148.0,0.206,24.0,16.22,9.0,6.08,0.591,0.13200000000000003,16.96,7.85,20.93,28.77,31.54,19.83,253.0,0.223,43.0,17.0,12.0,4.74,0.631,0.147,20.48,9.51,19.8,29.31,28.6,18.78,54.0,0.176,9.0,16.67,2.0,3.7,0.575,0.177,24.0,12.37,14.43,26.8,28.72,18.37,68.0,0.288,10.0,14.71,7.0,10.29,0.772,0.102,13.95,6.08,17.57,23.65,25.81,11.76
746297,2024-06-09,2024,672580,R,608723,R,force_out,False,False,236.0,0.249,43.0,18.22,19.0,8.05,0.655,0.09799999999999998,19.23,8.4,20.6,29.0,21.33,16.48,400.0,0.258,94.0,23.5,33.0,8.25,0.648,0.071,20.3,8.71,19.59,28.3,19.12,19.96,45.0,0.195,13.0,28.89,3.0,6.67,0.6080000000000001,0.14600000000000002,35.11,18.33,13.89,32.22,39.6,23.21,92.0,0.272,24.0,26.09,8.0,8.7,0.847,0.2339999999999999,30.85,15.63,15.36,31.0,35.26,18.75
746297,2024-06-09,2024,677951,R,608723,R,field_out,False,False,245.0,0.332,42.0,17.14,20.0,8.16,0.961,0.24099999999999994,24.89,12.24,13.92,26.16,29.01,17.21,547.0,0.27,93.0,17.0,33.0,6.03,0.8,0.2149999999999999,22.15,10.87,15.53,26.4,29.62,14.44,45.0,0.195,13.0,28.89,3.0,6.67,0.6080000000000001,0.14600000000000002,35.11,18.33,13.89,32.22,39.6,23.21,92.0,0.272,24.0,26.09,8.0,8.7,0.847,0.2339999999999999,30.85,15.63,15.36,31.0,35.26,18.75
746297,2024-06-09,2024,686469,L,642048,L,field_out,False,False,47.0,0.31,6.0,12.77,1.0,2.13,0.771,0.14200000000000002,20.45,9.73,18.92,28.65,32.61,10.71,72.0,0.233,8.0,11.11,10.0,13.89,0.697,0.1169999999999999,25.44,10.86,18.35,29.21,25.19,14.29,28.0,0.174,8.0,28.57,4.0,14.29,0.538,0.04300000000000001,27.08,11.82,17.27,29.09,26.79,23.53,69.0,0.21,16.0,23.19,4.0,5.8,0.516,0.048,28.1,13.77,21.05,34.82,33.02,23.19
746787,2024-06-09,2024,680776,L,623167,R,field_out,False,False,210.0,0.283,45.0,21.43,17.0,8.1,0.877,0.25100000000000006,24.04,11.42,15.07,26.49,27.53,19.15,314.0,0.296,75.0,23.89,21.0,6.69,0.84,0.195,24.68,12.92,13.75,26.67,30.3,19.02,86.0,0.238,17.0,19.77,5.0,5.81,0.782,0.262,21.3,10.84,13.55,24.4,30.36,16.16,210.0,0.282,42.0,20.0,17.0,8.1,0.7949999999999999,0.165,24.87,11.52,15.86,27.39,27.68,20.49
746787,2024-06-09,2024,665839,L,623167,R,field_out,False,False,102.0,0.221,27.0,26.47,4.0,3.92,0.687,0.221,21.61,10.64,18.07,28.71,31.22,20.0,133.0,0.28,32.0,24.06,7.0,5.26,0.806,0.2079999999999999,23.05,10.04,20.07,30.11,28.72,21.48,86.0,0.238,17.0,19.77,5.0,5.81,0.782,0.262,21.3,10.84,13.55,24.4,30.36,16.16,210.0,0.282,42.0,20.0,17.0,8.1,0.7949999999999999,0.165,24.87,11.52,15.86,27.39,27.68,20.49
746787,2024-06-09,2024,608701,R,623167,R,field_out,False,False,74.0,0.333,15.0,20.27,6.0,8.11,0.927,0.197,19.7,9.15,17.61,26.76,22.39,15.96,98.0,0.159,25.0,25.51,10.0,10.2,0.466,0.036,25.0,10.43,19.91,30.33,20.39,18.38,165.0,0.26,29.0,17.58,17.0,10.3,0.7190000000000001,0.124,21.8,9.77,16.74,26.51,25.78,16.48,256.0,0.345,32.0,12.5,21.0,8.2,1.025,0.28,20.3,10.02,13.61,23.63,27.49,12.06
746787,2024-06-09,2024,667452,R,677161,R,field_out,False,False,48.0,0.214,6.0,12.5,6.0,12.5,0.669,0.143,15.56,6.8,17.96,24.76,29.36,8.22,250.0,0.249,56.0,22.4,20.0,8.0,0.659,0.0979999999999999,26.42,11.51,19.54,31.05,28.57,19.44,40.0,0.143,8.0,20.0,4.0,10.0,0.507,0.11400000000000002,26.47,11.46,21.02,32.48,25.64,15.69,19.0,0.214,2.0,10.53,2.0,10.53,0.746,0.143,13.04,4.84,20.97,25.81,24.24,16.67
746787,2024-06-09,2024,670032,L,677161,R,field_out,False,False,159.0,0.248,24.0,15.09,13.0,8.18,0.607,0.04299999999999998,17.94,8.45,16.55,25.0,26.41,17.39,212.0,0.228,33.0,15.57,24.0,11.32,0.647,0.089,22.47,10.7,16.47,27.16,26.6,14.22,36.0,0.2,8.0,22.22,6.0,16.67,0.633,0.09999999999999998,24.36,11.8,14.29,26.09,29.63,14.29,24.0,0.222,4.0,16.67,6.0,25.0,0.806,0.167,27.45,11.76,15.13,26.89,26.76,10.0
746787,2024-06-09,2024,673357,R,677161,R,strikeout,True,False,36.0,0.171,15.0,41.67,1.0,2.78,0.7370000000000001,0.372,40.0,22.22,14.58,36.81,40.26,28.85,477.0,0.252,132.0,27.67,25.0,5.24,0.8340000000000001,0.279,32.83,18.94,10.59,29.53,40.07,24.77,40.0,0.143,8.0,20.0,4.0,10.0,0.507,0.11400000000000002,26.47,11.46,21.02,32.48,25.64,15.69,19.0,0.214,2.0,10.53,2.0,10.53,0.746,0.143,13.04,4.84,20.97,25.81,24.24,16.67
746787,2024-06-09,2024,642086,L,623167,R,strikeout,True,False,101.0,0.195,19.0,18.81,12.0,11.88,0.571,0.069,24.16,11.56,15.59,27.15,30.57,19.59,414.0,0.263,62.0,14.98,33.0,7.97,0.736,0.135,19.9,10.09,14.56,24.65,32.27,13.42,86.0,0.238,17.0,19.77,5.0,5.81,0.782,0.262,21.3,10.84,13.55,24.4,30.36,16.16,210.0,0.282,42.0,20.0,17.0,8.1,0.7949999999999999,0.165,24.87,11.52,15.86,27.39,27.68,20.49
746787,2024-06-09,2024,657136,R,623167,R,field_out,False,False,118.0,0.315,23.0,19.49,2.0,1.69,0.804,0.139,26.64,14.47,14.72,29.19,33.88,22.33,296.0,0.262,94.0,31.76,13.0,4.39,0.734,0.1669999999999999,32.08,16.95,15.14,32.09,35.28,27.01,165.0,0.26,29.0,17.58,17.0,10.3,0.7190000000000001,0.124,21.8,9.77,16.74,26.51,25.78,16.48,256.0,0.345,32.0,12.5,21.0,8.2,1.025,0.28,20.3,10.02,13.61,23.63,27.49,12.06
746787,2024-06-09,2024,666152,L,623167,R,strikeout,True,False,106.0,0.289,26.0,24.53,8.0,7.55,0.782,0.14400000000000002,26.9,11.25,20.78,32.03,18.91,22.61,36.0,0.1,10.0,27.78,6.0,16.67,0.417,0.067,20.0,8.44,23.38,31.82,26.39,15.38,86.0,0.238,17.0,19.77,5.0,5.81,0.782,0.262,21.3,10.84,13.55,24.4,30.36,16.16,210.0,0.282,42.0,20.0,17.0,8.1,0.7949999999999999,0.165,24.87,11.52,15.86,27.39,27.68,20.49
746787,2024-06-09,2024,657757,L,677161,R,walk,False,True,191.0,0.259,28.0,14.66,26.0,13.61,0.819,0.192,18.64,8.04,17.73,25.77,27.44,11.48,324.0,0.212,58.0,17.9,28.0,8.64,0.63,0.1369999999999999,20.44,9.67,14.66,24.33,29.35,14.25,36.0,0.2,8.0,22.22,6.0,16.67,0.633,0.09999999999999998,24.36,11.8,14.29,26.09,29.63,14.29,24.0,0.222,4.0,16.67,6.0,25.0,0.806,0.167,27.45,11.76,15.13,26.89,26.76,10.0
746787,2024-06-09,2024,683734,R,677161,R,strikeout,True,False,193.0,0.206,51.0,26.42,14.0,7.25,0.6180000000000001,0.13700000000000004,23.74,11.05,18.08,29.13,30.3,20.65,474.0,0.267,109.0,23.0,29.0,6.12,0.774,0.18,26.24,11.95,18.94,30.89,30.92,21.51,40.0,0.143,8.0,20.0,4.0,10.0,0.507,0.11400000000000002,26.47,11.46,21.02,32.48,25.64,15.69,19.0,0.214,2.0,10.53,2.0,10.53,0.746,0.143,13.04,4.84,20.97,25.81,24.24,16.67
746787,2024-06-09,2024,657557,R,677161,R,force_out,False,False,155.0,0.273,49.0,31.61,5.0,3.23,0.847,0.251,31.87,18.63,9.4,28.03,33.33,25.13,281.0,0.203,86.0,30.6,12.0,4.27,0.603,0.1539999999999999,36.49,19.09,15.38,34.47,35.28,34.68,40.0,0.143,8.0,20.0,4.0,10.0,0.507,0.11400000000000002,26.47,11.46,21.02,32.48,25.64,15.69,19.0,0.214,2.0,10.53,2.0,10.53,0.746,0.143,13.04,4.84,20.97,25.81,24.24,16.67
746787,2024-06-09,2024,693049,L,677161,R,walk,False,True,18.0,0.2,3.0,16.67,2.0,11.11,0.533,0.0,19.35,9.23,18.46,27.69,35.14,16.67,200.0,0.225,54.0,27.0,9.0,4.5,0.5840000000000001,0.096,31.03,16.83,13.63,30.46,39.85,27.84,36.0,0.2,8.0,22.22,6.0,16.67,0.633,0.09999999999999998,24.36,11.8,14.29,26.09,29.63,14.29,24.0,0.222,4.0,16.67,6.0,25.0,0.806,0.167,27.45,11.76,15.13,26.89,26.76,10.0
746787,2024-06-09,2024,672820,R,677161,R,strikeout,True,False,49.0,0.2,13.0,26.53,2.0,4.08,0.472,0.021999999999999992,26.67,13.11,21.86,34.97,38.64,25.0,123.0,0.178,30.0,24.39,2.0,1.63,0.504,0.136,24.69,13.05,16.81,29.87,39.56,22.39,40.0,0.143,8.0,20.0,4.0,10.0,0.507,0.11400000000000002,26.47,11.46,21.02,32.48,25.64,15.69,19.0,0.214,2.0,10.53,2.0,10.53,0.746,0.143,13.04,4.84,20.97,25.81,24.24,16.67
746787,2024-06-09,2024,666915,R,623167,R,field_out,False,False,44.0,0.179,20.0,45.45,3.0,6.82,0.5640000000000001,0.129,44.05,20.22,20.77,40.98,26.92,28.17,31.0,0.103,17.0,54.84,2.0,6.45,0.368,0.104,45.45,22.22,17.78,40.0,36.11,38.64,165.0,0.26,29.0,17.58,17.0,10.3,0.7190000000000001,0.124,21.8,9.77,16.74,26.51,25.78,16.48,256.0,0.345,32.0,12.5,21.0,8.2,1.025,0.28,20.3,10.02,13.61,23.63,27.49,12.06
746787,2024-06-09,2024,624512,L,623167,R,field_out,False,False,101.0,0.207,27.0,26.73,9.0,8.91,0.57,0.07999999999999999,27.07,12.37,18.18,30.56,30.62,25.0,179.0,0.25,47.0,26.26,10.0,5.59,0.639,0.0979999999999999,22.84,12.46,16.72,29.18,42.86,22.6,86.0,0.238,17.0,19.77,5.0,5.81,0.782,0.262,21.3,10.84,13.55,24.4,30.36,16.16,210.0,0.282,42.0,20.0,17.0,8.1,0.7949999999999999,0.165,24.87,11.52,15.86,27.39,27.68,20.49
746787,2024-06-09,2024,678882,R,623167,R,strikeout,True,False,179.0,0.219,47.0,26.26,5.0,2.79,0.609,0.148,33.33,20.7,11.62,32.32,45.82,22.93,62.0,0.263,20.0,32.26,3.0,4.84,0.6739999999999999,0.1049999999999999,27.08,15.6,11.2,26.8,42.11,22.22,165.0,0.26,29.0,17.58,17.0,10.3,0.7190000000000001,0.124,21.8,9.77,16.74,26.51,25.78,16.48,256.0,0.345,32.0,12.5,21.0,8.2,1.025,0.28,20.3,10.02,13.61,23.63,27.49,12.06
746787,2024-06-09,2024,455117,R,669711,R,field_out,False,False,72.0,0.106,26.0,36.11,5.0,6.94,0.336,0.06100000000000001,36.3,18.15,18.15,36.3,34.13,30.49,308.0,0.175,104.0,33.77,20.0,6.49,0.538,0.124,33.85,16.55,17.4,33.96,32.93,28.3,57.0,0.263,13.0,22.81,0.0,0.0,0.614,0.08799999999999997,19.27,9.38,18.3,27.68,31.78,20.63,54.0,0.261,12.0,22.22,6.0,11.11,0.7709999999999999,0.1519999999999999,21.28,8.77,19.3,28.07,18.18,17.19
746787,2024-06-09,2024,667452,R,669711,R,single,False,False,48.0,0.214,6.0,12.5,6.0,12.5,0.669,0.143,15.56,6.8,17.96,24.76,29.36,8.22,250.0,0.249,56.0,22.4,20.0,8.0,0.659,0.0979999999999999,26.42,11.51,19.54,31.05,28.57,19.44,57.0,0.263,13.0,22.81,0.0,0.0,0.614,0.08799999999999997,19.27,9.38,18.3,27.68,31.78,20.63,54.0,0.261,12.0,22.22,6.0,11.11,0.7709999999999999,0.1519999999999999,21.28,8.77,19.3,28.07,18.18,17.19
746787,2024-06-09,2024,670032,L,669711,R,strikeout,True,False,159.0,0.248,24.0,15.09,13.0,8.18,0.607,0.04299999999999998,17.94,8.45,16.55,25.0,26.41,17.39,212.0,0.228,33.0,15.57,24.0,11.32,0.647,0.089,22.47,10.7,16.47,27.16,26.6,14.22,49.0,0.279,15.0,30.61,5.0,10.2,0.9349999999999999,0.30199999999999994,25.0,12.68,14.55,27.23,33.65,20.0,33.0,0.29,10.0,30.3,2.0,6.06,0.752,0.129,39.29,18.33,16.67,35.0,25.81,35.71
746787,2024-06-09,2024,673357,R,669711,R,field_out,False,False,36.0,0.171,15.0,41.67,1.0,2.78,0.7370000000000001,0.372,40.0,22.22,14.58,36.81,40.26,28.85,477.0,0.252,132.0,27.67,25.0,5.24,0.8340000000000001,0.279,32.83,18.94,10.59,29.53,40.07,24.77,57.0,0.263,13.0,22.81,0.0,0.0,0.614,0.08799999999999997,19.27,9.38,18.3,27.68,31.78,20.63,54.0,0.261,12.0,22.22,6.0,11.11,0.7709999999999999,0.1519999999999999,21.28,8.77,19.3,28.07,18.18,17.19
746787,2024-06-09,2024,680776,L,623167,R,triple,False,False,210.0,0.283,45.0,21.43,17.0,8.1,0.877,0.25100000000000006,24.04,11.42,15.07,26.49,27.53,19.15,314.0,0.296,75.0,23.89,21.0,6.69,0.84,0.195,24.68,12.92,13.75,26.67,30.3,19.02,86.0,0.238,17.0,19.77,5.0,5.81,0.782,0.262,21.3,10.84,13.55,24.4,30.36,16.16,210.0,0.282,42.0,20.0,17.0,8.1,0.7949999999999999,0.165,24.87,11.52,15.86,27.39,27.68,20.49
746787,2024-06-09,2024,665839,L,623167,R,walk,False,True,102.0,0.221,27.0,26.47,4.0,3.92,0.687,0.221,21.61,10.64,18.07,28.71,31.22,20.0,133.0,0.28,32.0,24.06,7.0,5.26,0.806,0.2079999999999999,23.05,10.04,20.07,30.11,28.72,21.48,86.0,0.238,17.0,19.77,5.0,5.81,0.782,0.262,21.3,10.84,13.55,24.4,30.36,16.16,210.0,0.282,42.0,20.0,17.0,8.1,0.7949999999999999,0.165,24.87,11.52,15.86,27.39,27.68,20.49
746787,2024-06-09,2024,608701,R,623167,R,grounded_into_double_play,False,False,74.0,0.333,15.0,20.27,6.0,8.11,0.927,0.197,19.7,9.15,17.61,26.76,22.39,15.96,98.0,0.159,25.0,25.51,10.0,10.2,0.466,0.036,25.0,10.43,19.91,30.33,20.39,18.38,165.0,0.26,29.0,17.58,17.0,10.3,0.7190000000000001,0.124,21.8,9.77,16.74,26.51,25.78,16.48,256.0,0.345,32.0,12.5,21.0,8.2,1.025,0.28,20.3,10.02,13.61,23.63,27.49,12.06
746787,2024-06-09,2024,642086,L,623167,R,walk,False,True,101.0,0.195,19.0,18.81,12.0,11.88,0.571,0.069,24.16,11.56,15.59,27.15,30.57,19.59,414.0,0.263,62.0,14.98,33.0,7.97,0.736,0.135,19.9,10.09,14.56,24.65,32.27,13.42,86.0,0.238,17.0,19.77,5.0,5.81,0.782,0.262,21.3,10.84,13.55,24.4,30.36,16.16,210.0,0.282,42.0,20.0,17.0,8.1,0.7949999999999999,0.165,24.87,11.52,15.86,27.39,27.68,20.49
746787,2024-06-09,2024,657136,R,623167,R,field_out,False,False,118.0,0.315,23.0,19.49,2.0,1.69,0.804,0.139,26.64,14.47,14.72,29.19,33.88,22.33,296.0,0.262,94.0,31.76,13.0,4.39,0.734,0.1669999999999999,32.08,16.95,15.14,32.09,35.28,27.01,165.0,0.26,29.0,17.58,17.0,10.3,0.7190000000000001,0.124,21.8,9.77,16.74,26.51,25.78,16.48,256.0,0.345,32.0,12.5,21.0,8.2,1.025,0.28,20.3,10.02,13.61,23.63,27.49,12.06
746787,2024-06-09,2024,657757,L,686580,R,single,False,False,191.0,0.259,28.0,14.66,26.0,13.61,0.819,0.192,18.64,8.04,17.73,25.77,27.44,11.48,324.0,0.212,58.0,17.9,28.0,8.64,0.63,0.1369999999999999,20.44,9.67,14.66,24.33,29.35,14.25,54.0,0.2,16.0,29.63,4.0,7.41,0.519,0.06,29.2,15.42,13.08,28.5,33.96,23.53,,,,,,,,,,,,,,
746787,2024-06-09,2024,683734,R,686580,R,fielders_choice,False,False,193.0,0.206,51.0,26.42,14.0,7.25,0.6180000000000001,0.13700000000000004,23.74,11.05,18.08,29.13,30.3,20.65,474.0,0.267,109.0,23.0,29.0,6.12,0.774,0.18,26.24,11.95,18.94,30.89,30.92,21.51,62.0,0.271,15.0,24.19,0.0,0.0,0.579,0.033999999999999975,31.58,16.67,13.43,30.09,37.5,28.85,,,,,,,,,,,,,,
746787,2024-06-09,2024,657557,R,686580,R,home_run,False,False,155.0,0.273,49.0,31.61,5.0,3.23,0.847,0.251,31.87,18.63,9.4,28.03,33.33,25.13,281.0,0.203,86.0,30.6,12.0,4.27,0.603,0.1539999999999999,36.49,19.09,15.38,34.47,35.28,34.68,62.0,0.271,15.0,24.19,0.0,0.0,0.579,0.033999999999999975,31.58,16.67,13.43,30.09,37.5,28.85,,,,,,,,,,,,,,
746787,2024-06-09,2024,693049,L,686580,R,field_out,False,False,18.0,0.2,3.0,16.67,2.0,11.11,0.533,0.0,19.35,9.23,18.46,27.69,35.14,16.67,200.0,0.225,54.0,27.0,9.0,4.5,0.5840000000000001,0.096,31.03,16.83,13.63,30.46,39.85,27.84,54.0,0.2,16.0,29.63,4.0,7.41,0.519,0.06,29.2,15.42,13.08,28.5,33.96,23.53,,,,,,,,,,,,,,
746787,2024-06-09,2024,672820,R,686580,R,strikeout,True,False,49.0,0.2,13.0,26.53,2.0,4.08,0.472,0.021999999999999992,26.67,13.11,21.86,34.97,38.64,25.0,123.0,0.178,30.0,24.39,2.0,1.63,0.504,0.136,24.69,13.05,16.81,29.87,39.56,22.39,62.0,0.271,15.0,24.19,0.0,0.0,0.579,0.033999999999999975,31.58,16.67,13.43,30.09,37.5,28.85,,,,,,,,,,,,,,
746787,2024-06-09,2024,455117,R,686580,R,field_out,False,False,72.0,0.106,26.0,36.11,5.0,6.94,0.336,0.06100000000000001,36.3,18.15,18.15,36.3,34.13,30.49,308.0,0.175,104.0,33.77,20.0,6.49,0.538,0.124,33.85,16.55,17.4,33.96,32.93,28.3,62.0,0.271,15.0,24.19,0.0,0.0,0.579,0.033999999999999975,31.58,16.67,13.43,30.09,37.5,28.85,,,,,,,,,,,,,,
746787,2024-06-09,2024,666152,L,623167,R,home_run,False,False,106.0,0.289,26.0,24.53,8.0,7.55,0.782,0.14400000000000002,26.9,11.25,20.78,32.03,18.91,22.61,36.0,0.1,10.0,27.78,6.0,16.67,0.417,0.067,20.0,8.44,23.38,31.82,26.39,15.38,86.0,0.238,17.0,19.77,5.0,5.81,0.782,0.262,21.3,10.84,13.55,24.4,30.36,16.16,210.0,0.282,42.0,20.0,17.0,8.1,0.7949999999999999,0.165,24.87,11.52,15.86,27.39,27.68,20.49
746787,2024-06-09,2024,666915,R,623167,R,field_out,False,False,44.0,0.179,20.0,45.45,3.0,6.82,0.5640000000000001,0.129,44.05,20.22,20.77,40.98,26.92,28.17,31.0,0.103,17.0,54.84,2.0,6.45,0.368,0.104,45.45,22.22,17.78,40.0,36.11,38.64,165.0,0.26,29.0,17.58,17.0,10.3,0.7190000000000001,0.124,21.8,9.77,16.74,26.51,25.78,16.48,256.0,0.345,32.0,12.5,21.0,8.2,1.025,0.28,20.3,10.02,13.61,23.63,27.49,12.06
746787,2024-06-09,2024,624512,L,623167,R,field_out,False,False,101.0,0.207,27.0,26.73,9.0,8.91,0.57,0.07999999999999999,27.07,12.37,18.18,30.56,30.62,25.0,179.0,0.25,47.0,26.26,10.0,5.59,0.639,0.0979999999999999,22.84,12.46,16.72,29.18,42.86,22.6,86.0,0.238,17.0,19.77,5.0,5.81,0.782,0.262,21.3,10.84,13.55,24.4,30.36,16.16,210.0,0.282,42.0,20.0,17.0,8.1,0.7949999999999999,0.165,24.87,11.52,15.86,27.39,27.68,20.49
746787,2024-06-09,2024,678882,R,623167,R,field_out,False,False,179.0,0.219,47.0,26.26,5.0,2.79,0.609,0.148,33.33,20.7,11.62,32.32,45.82,22.93,62.0,0.263,20.0,32.26,3.0,4.84,0.6739999999999999,0.1049999999999999,27.08,15.6,11.2,26.8,42.11,22.22,165.0,0.26,29.0,17.58,17.0,10.3,0.7190000000000001,0.124,21.8,9.77,16.74,26.51,25.78,16.48,256.0,0.345,32.0,12.5,21.0,8.2,1.025,0.28,20.3,10.02,13.61,23.63,27.49,12.06
746787,2024-06-09,2024,667452,R,686580,R,strikeout,True,False,48.0,0.214,6.0,12.5,6.0,12.5,0.669,0.143,15.56,6.8,17.96,24.76,29.36,8.22,250.0,0.249,56.0,22.4,20.0,8.0,0.659,0.0979999999999999,26.42,11.51,19.54,31.05,28.57,19.44,62.0,0.271,15.0,24.19,0.0,0.0,0.579,0.033999999999999975,31.58,16.67,13.43,30.09,37.5,28.85,,,,,,,,,,,,,,
746787,2024-06-09,2024,670032,L,686580,R,strikeout,True,False,159.0,0.248,24.0,15.09,13.0,8.18,0.607,0.04299999999999998,17.94,8.45,16.55,25.0,26.41,17.39,212.0,0.228,33.0,15.57,24.0,11.32,0.647,0.089,22.47,10.7,16.47,27.16,26.6,14.22,54.0,0.2,16.0,29.63,4.0,7.41,0.519,0.06,29.2,15.42,13.08,28.5,33.96,23.53,,,,,,,,,,,,,,
746787,2024-06-09,2024,673357,R,686580,R,field_out,False,False,36.0,0.171,15.0,41.67,1.0,2.78,0.7370000000000001,0.372,40.0,22.22,14.58,36.81,40.26,28.85,477.0,0.252,132.0,27.67,25.0,5.24,0.8340000000000001,0.279,32.83,18.94,10.59,29.53,40.07,24.77,62.0,0.271,15.0,24.19,0.0,0.0,0.579,0.033999999999999975,31.58,16.67,13.43,30.09,37.5,28.85,,,,,,,,,,,,,,
746787,2024-06-09,2024,680776,L,671111,L,walk,False,True,87.0,0.213,22.0,25.29,8.0,9.2,0.542,0.026999999999999996,26.32,11.46,20.06,31.52,30.34,22.0,49.0,0.289,15.0,30.61,3.0,6.12,0.749,0.133,24.44,10.73,20.0,30.73,27.27,25.86,,,,,,,,,,,,,,,36.0,0.161,10.0,27.78,5.0,13.89,0.504,0.065,28.12,12.24,18.37,30.61,26.51,21.74
746787,2024-06-09,2024,642197,R,671111,L,field_out,False,False,9.0,0.2,2.0,22.22,2.0,22.22,1.3,0.6000000000000001,11.11,2.94,23.53,26.47,18.18,50.0,,,,,,,,,,,,,,,,,,,,,,,,,,,,,54.0,0.292,8.0,14.81,6.0,11.11,0.87,0.208,16.96,8.19,18.97,27.16,33.63,9.52
746787,2024-06-09,2024,608701,R,671111,L,single,False,False,51.0,0.333,15.0,29.41,4.0,7.84,0.879,0.134,34.41,16.41,18.97,35.38,22.99,22.06,146.0,0.308,22.0,15.07,23.0,15.75,0.8280000000000001,0.092,21.59,8.39,20.38,28.77,17.59,13.66,,,,,,,,,,,,,,,54.0,0.292,8.0,14.81,6.0,11.11,0.87,0.208,16.96,8.19,18.97,27.16,33.63,9.52
746787,2024-06-09,2024,643265,R,605121,R,field_out,False,False,70.0,0.175,21.0,30.0,5.0,7.14,0.511,0.07900000000000001,25.64,11.03,22.43,33.46,32.61,25.0,345.0,0.228,97.0,28.12,23.0,6.67,0.665,0.156,29.15,15.03,15.69,30.72,39.78,20.95,33.0,0.345,7.0,21.21,4.0,12.12,0.976,0.20700000000000007,32.76,13.97,21.32,35.29,37.18,12.5,,,,,,,,,,,,,,
746787,2024-06-09,2024,657136,R,605121,R,hit_by_pitch,False,False,118.0,0.315,23.0,19.49,2.0,1.69,0.804,0.139,26.64,14.47,14.72,29.19,33.88,22.33,296.0,0.262,94.0,31.76,13.0,4.39,0.734,0.1669999999999999,32.08,16.95,15.14,32.09,35.28,27.01,33.0,0.345,7.0,21.21,4.0,12.12,0.976,0.20700000000000007,32.76,13.97,21.32,35.29,37.18,12.5,,,,,,,,,,,,,,
746787,2024-06-09,2024,666152,L,605121,R,field_out,False,False,106.0,0.289,26.0,24.53,8.0,7.55,0.782,0.14400000000000002,26.9,11.25,20.78,32.03,18.91,22.61,36.0,0.1,10.0,27.78,6.0,16.67,0.417,0.067,20.0,8.44,23.38,31.82,26.39,15.38,15.0,0.167,3.0,20.0,2.0,13.33,0.5,0.0,14.81,7.02,14.04,21.05,30.0,16.67,,,,,,,,,,,,,,
746787,2024-06-09,2024,657757,L,657514,L,strikeout,True,False,34.0,0.172,10.0,29.41,2.0,5.88,0.614,0.20700000000000002,26.67,11.27,20.42,31.69,20.9,22.73,20.0,0.053,8.0,40.0,0.0,0.0,0.103,0.0,42.11,18.6,20.93,39.53,40.0,26.67,48.0,0.116,14.0,29.17,3.0,6.25,0.377,0.06999999999999999,21.13,8.02,26.74,34.76,12.99,24.14,84.0,0.169,23.0,27.38,3.0,3.57,0.4589999999999999,0.0519999999999999,24.82,10.84,23.53,34.37,22.79,26.74
746787,2024-06-09,2024,683734,R,657514,L,single,False,False,48.0,0.261,7.0,14.58,2.0,4.17,0.683,0.13,26.09,12.9,15.05,27.96,33.33,14.29,142.0,0.227,20.0,14.08,7.0,4.93,0.641,0.144,18.15,9.74,13.42,23.16,34.55,11.83,45.0,0.139,11.0,24.44,7.0,15.56,0.428,0.0,20.25,9.09,17.61,26.7,21.43,19.64,132.0,0.304,35.0,26.52,15.0,11.36,0.872,0.174,24.64,9.56,20.22,29.78,16.48,23.33
746787,2024-06-09,2024,657557,R,657514,L,double,False,False,49.0,0.111,17.0,34.69,2.0,4.08,0.43000000000000005,0.15600000000000003,41.82,24.08,9.42,33.51,29.79,28.81,119.0,0.217,35.0,29.41,9.0,7.56,0.635,0.1319999999999999,33.2,18.24,12.75,30.99,37.18,23.03,45.0,0.139,11.0,24.44,7.0,15.56,0.428,0.0,20.25,9.09,17.61,26.7,21.43,19.64,132.0,0.304,35.0,26.52,15.0,11.36,0.872,0.174,24.64,9.56,20.22,29.78,16.48,23.33
746787,2024-06-09,2024,693049,L,657514,L,strikeout,True,False,2.0,0.5,1.0,50.0,0.0,0.0,1.0,0.0,66.67,33.33,16.67,50.0,50.0,50.0,63.0,0.19,17.0,26.98,3.0,4.76,0.5309999999999999,0.1029999999999999,34.51,17.73,16.82,34.55,39.82,27.42,48.0,0.116,14.0,29.17,3.0,6.25,0.377,0.06999999999999999,21.13,8.02,26.74,34.76,12.99,24.14,84.0,0.169,23.0,27.38,3.0,3.57,0.4589999999999999,0.0519999999999999,24.82,10.84,23.53,34.37,22.79,26.74
746787,2024-06-09,2024,672820,R,657514,L,intent_walk,False,True,17.0,0.312,4.0,23.53,1.0,5.88,0.915,0.25000000000000006,20.0,8.82,17.65,26.47,25.0,25.0,50.0,0.261,10.0,20.0,3.0,6.0,0.741,0.174,22.11,11.8,17.98,29.78,44.19,18.87,45.0,0.139,11.0,24.44,7.0,15.56,0.428,0.0,20.25,9.09,17.61,26.7,21.43,19.64,132.0,0.304,35.0,26.52,15.0,11.36,0.872,0.174,24.64,9.56,20.22,29.78,16.48,23.33
746787,2024-06-09,2024,455117,R,657514,L,field_out,False,False,32.0,0.0,12.0,37.5,1.0,3.12,0.033,0.0,31.58,14.52,22.58,37.1,29.09,31.58,99.0,0.239,35.0,35.35,10.0,10.1,0.8160000000000001,0.261,35.58,18.09,13.69,31.78,32.32,26.12,45.0,0.139,11.0,24.44,7.0,15.56,0.428,0.0,20.25,9.09,17.61,26.7,21.43,19.64,132.0,0.304,35.0,26.52,15.0,11.36,0.872,0.174,24.64,9.56,20.22,29.78,16.48,23.33
746787,2024-06-09,2024,666915,R,605121,R,strikeout,True,False,44.0,0.179,20.0,45.45,3.0,6.82,0.5640000000000001,0.129,44.05,20.22,20.77,40.98,26.92,28.17,31.0,0.103,17.0,54.84,2.0,6.45,0.368,0.104,45.45,22.22,17.78,40.0,36.11,38.64,33.0,0.345,7.0,21.21,4.0,12.12,0.976,0.20700000000000007,32.76,13.97,21.32,35.29,37.18,12.5,,,,,,,,,,,,,,
746787,2024-06-09,2024,624512,L,605121,R,single,False,False,101.0,0.207,27.0,26.73,9.0,8.91,0.57,0.07999999999999999,27.07,12.37,18.18,30.56,30.62,25.0,179.0,0.25,47.0,26.26,10.0,5.59,0.639,0.0979999999999999,22.84,12.46,16.72,29.18,42.86,22.6,15.0,0.167,3.0,20.0,2.0,13.33,0.5,0.0,14.81,7.02,14.04,21.05,30.0,16.67,,,,,,,,,,,,,,
746787,2024-06-09,2024,678882,R,605121,R,strikeout,True,False,179.0,0.219,47.0,26.26,5.0,2.79,0.609,0.148,33.33,20.7,11.62,32.32,45.82,22.93,62.0,0.263,20.0,32.26,3.0,4.84,0.6739999999999999,0.1049999999999999,27.08,15.6,11.2,26.8,42.11,22.22,33.0,0.345,7.0,21.21,4.0,12.12,0.976,0.20700000000000007,32.76,13.97,21.32,35.29,37.18,12.5,,,,,,,,,,,,,,
746787,2024-06-09,2024,680776,L,605121,R,field_out,False,False,210.0,0.283,45.0,21.43,17.0,8.1,0.877,0.25100000000000006,24.04,11.42,15.07,26.49,27.53,19.15,314.0,0.296,75.0,23.89,21.0,6.69,0.84,0.195,24.68,12.92,13.75,26.67,30.3,19.02,15.0,0.167,3.0,20.0,2.0,13.33,0.5,0.0,14.81,7.02,14.04,21.05,30.0,16.67,,,,,,,,,,,,,,
746787,2024-06-09,2024,667452,R,657514,L,double,False,False,22.0,0.4,7.0,31.82,2.0,9.09,1.105,0.25,31.82,15.73,17.98,33.71,36.59,21.88,76.0,0.233,19.0,25.0,2.0,2.63,0.62,0.1369999999999999,22.62,11.91,15.05,26.96,35.67,17.27,45.0,0.139,11.0,24.44,7.0,15.56,0.428,0.0,20.25,9.09,17.61,26.7,21.43,19.64,132.0,0.304,35.0,26.52,15.0,11.36,0.872,0.174,24.64,9.56,20.22,29.78,16.48,23.33
746787,2024-06-09,2024,670032,L,657514,L,sac_bunt,False,False,32.0,0.226,4.0,12.5,0.0,0.0,0.476,0.0,15.87,9.17,16.51,25.69,44.0,12.9,50.0,0.244,7.0,14.0,2.0,4.0,0.573,0.023,20.21,9.79,16.49,26.29,26.97,12.28,48.0,0.116,14.0,29.17,3.0,6.25,0.377,0.06999999999999999,21.13,8.02,26.74,34.76,12.99,24.14,84.0,0.169,23.0,27.38,3.0,3.57,0.4589999999999999,0.0519999999999999,24.82,10.84,23.53,34.37,22.79,26.74
746787,2024-06-09,2024,673357,R,657514,L,intent_walk,False,True,9.0,0.333,4.0,44.44,0.0,0.0,0.777,0.11099999999999999,47.06,25.0,15.62,40.62,28.57,66.67,119.0,0.312,40.0,33.61,5.0,4.2,0.951,0.2749999999999999,35.71,20.75,11.2,31.95,42.19,22.1,45.0,0.139,11.0,24.44,7.0,15.56,0.428,0.0,20.25,9.09,17.61,26.7,21.43,19.64,132.0,0.304,35.0,26.52,15.0,11.36,0.872,0.174,24.64,9.56,20.22,29.78,16.48,23.33
746787,2024-06-09,2024,657757,L,657514,L,single,False,False,34.0,0.172,10.0,29.41,2.0,5.88,0.614,0.20700000000000002,26.67,11.27,20.42,31.69,20.9,22.73,20.0,0.053,8.0,40.0,0.0,0.0,0.103,0.0,42.11,18.6,20.93,39.53,40.0,26.67,48.0,0.116,14.0,29.17,3.0,6.25,0.377,0.06999999999999999,21.13,8.02,26.74,34.76,12.99,24.14,84.0,0.169,23.0,27.38,3.0,3.57,0.4589999999999999,0.0519999999999999,24.82,10.84,23.53,34.37,22.79,26.74
746787,2024-06-09,2024,683734,R,641745,R,field_out,False,False,193.0,0.206,51.0,26.42,14.0,7.25,0.6180000000000001,0.13700000000000004,23.74,11.05,18.08,29.13,30.3,20.65,474.0,0.267,109.0,23.0,29.0,6.12,0.774,0.18,26.24,11.95,18.94,30.89,30.92,21.51,62.0,0.281,11.0,17.74,5.0,8.06,0.935,0.31499999999999995,20.72,9.27,18.95,28.23,22.88,13.75,102.0,0.256,15.0,14.71,22.0,21.57,0.7769999999999999,0.0899999999999999,25.0,8.96,17.43,26.39,22.82,15.62
746787,2024-06-09,2024,657557,R,641745,R,strikeout,True,False,155.0,0.273,49.0,31.61,5.0,3.23,0.847,0.251,31.87,18.63,9.4,28.03,33.33,25.13,281.0,0.203,86.0,30.6,12.0,4.27,0.603,0.1539999999999999,36.49,19.09,15.38,34.47,35.28,34.68,62.0,0.281,11.0,17.74,5.0,8.06,0.935,0.31499999999999995,20.72,9.27,18.95,28.23,22.88,13.75,102.0,0.256,15.0,14.71,22.0,21.57,0.7769999999999999,0.0899999999999999,25.0,8.96,17.43,26.39,22.82,15.62
746787,2024-06-09,2024,642197,R,605154,R,strikeout,True,False,5.0,0.2,2.0,40.0,0.0,0.0,0.4,0.0,20.0,8.0,20.0,28.0,23.08,20.0,,,,,,,,,,,,,,,55.0,0.28,14.0,25.45,4.0,7.27,0.745,0.12,31.3,17.22,11.48,28.71,41.74,20.29,107.0,0.221,29.0,27.1,8.0,7.48,0.674,0.179,26.61,12.86,15.74,28.6,25.99,16.96
746787,2024-06-09,2024,608701,R,605154,R,field_out,False,False,74.0,0.333,15.0,20.27,6.0,8.11,0.927,0.197,19.7,9.15,17.61,26.76,22.39,15.96,98.0,0.159,25.0,25.51,10.0,10.2,0.466,0.036,25.0,10.43,19.91,30.33,20.39,18.38,55.0,0.28,14.0,25.45,4.0,7.27,0.745,0.12,31.3,17.22,11.48,28.71,41.74,20.29,107.0,0.221,29.0,27.1,8.0,7.48,0.674,0.179,26.61,12.86,15.74,28.6,25.99,16.96
746787,2024-06-09,2024,643265,R,605154,R,single,False,False,70.0,0.175,21.0,30.0,5.0,7.14,0.511,0.07900000000000001,25.64,11.03,22.43,33.46,32.61,25.0,345.0,0.228,97.0,28.12,23.0,6.67,0.665,0.156,29.15,15.03,15.69,30.72,39.78,20.95,55.0,0.28,14.0,25.45,4.0,7.27,0.745,0.12,31.3,17.22,11.48,28.71,41.74,20.29,107.0,0.221,29.0,27.1,8.0,7.48,0.674,0.179,26.61,12.86,15.74,28.6,25.99,16.96
746787,2024-06-09,2024,657136,R,605154,R,field_out,False,False,118.0,0.315,23.0,19.49,2.0,1.69,0.804,0.139,26.64,14.47,14.72,29.19,33.88,22.33,296.0,0.262,94.0,31.76,13.0,4.39,0.734,0.1669999999999999,32.08,16.95,15.14,32.09,35.28,27.01,55.0,0.28,14.0,25.45,4.0,7.27,0.745,0.12,31.3,17.22,11.48,28.71,41.74,20.29,107.0,0.221,29.0,27.1,8.0,7.48,0.674,0.179,26.61,12.86,15.74,28.6,25.99,16.96
746787,2024-06-09,2024,693049,L,445276,R,strikeout,True,False,18.0,0.2,3.0,16.67,2.0,11.11,0.533,0.0,19.35,9.23,18.46,27.69,35.14,16.67,200.0,0.225,54.0,27.0,9.0,4.5,0.5840000000000001,0.096,31.03,16.83,13.63,30.46,39.85,27.84,37.0,0.2,13.0,35.14,4.0,10.81,0.486,0.0,25.35,12.33,17.81,30.14,21.67,20.0,89.0,0.198,25.0,28.09,8.0,8.99,0.616,0.1479999999999999,25.58,12.57,17.71,30.29,30.43,21.55
746787,2024-06-09,2024,672820,R,445276,R,double,False,False,49.0,0.2,13.0,26.53,2.0,4.08,0.472,0.021999999999999992,26.67,13.11,21.86,34.97,38.64,25.0,123.0,0.178,30.0,24.39,2.0,1.63,0.504,0.136,24.69,13.05,16.81,29.87,39.56,22.39,44.0,0.194,11.0,25.0,6.0,13.64,0.5680000000000001,0.055999999999999994,31.82,13.12,18.75,31.87,17.57,28.21,99.0,0.273,27.0,27.27,9.0,9.09,0.7629999999999999,0.1359999999999999,31.86,17.2,13.76,30.95,32.18,23.68
746787,2024-06-09,2024,455117,R,445276,R,strikeout,True,False,72.0,0.106,26.0,36.11,5.0,6.94,0.336,0.06100000000000001,36.3,18.15,18.15,36.3,34.13,30.49,308.0,0.175,104.0,33.77,20.0,6.49,0.538,0.124,33.85,16.55,17.4,33.96,32.93,28.3,44.0,0.194,11.0,25.0,6.0,13.64,0.5680000000000001,0.055999999999999994,31.82,13.12,18.75,31.87,17.57,28.21,99.0,0.273,27.0,27.27,9.0,9.09,0.7629999999999999,0.1359999999999999,31.86,17.2,13.76,30.95,32.18,23.68
746787,2024-06-09,2024,668752,L,445276,R,strikeout,True,False,2.0,0.0,0.0,0.0,0.0,0.0,0.0,0.0,0.0,0.0,14.29,14.29,25.0,0.0,,,,,,,,,,,,,,,37.0,0.2,13.0,35.14,4.0,10.81,0.486,0.0,25.35,12.33,17.81,30.14,21.67,20.0,89.0,0.198,25.0,28.09,8.0,8.99,0.616,0.1479999999999999,25.58,12.57,17.71,30.29,30.43,21.55
746787,2024-06-09,2024,666152,L,621383,L,double,False,False,16.0,0.2,4.0,25.0,1.0,6.25,0.45,0.0,27.27,11.11,20.37,31.48,16.0,26.67,3.0,0.333,0.0,0.0,0.0,0.0,0.666,0.0,25.0,16.67,16.67,33.33,50.0,,50.0,0.222,14.0,28.0,3.0,6.0,0.5760000000000001,0.089,28.89,13.83,17.02,30.85,27.96,28.57,93.0,0.205,23.0,24.73,6.0,6.45,0.609,0.132,29.59,13.85,17.73,31.58,25.86,19.33
746787,2024-06-09,2024,666915,R,621383,L,strikeout,True,False,27.0,0.125,13.0,48.15,3.0,11.11,0.347,0.0,43.64,19.51,19.51,39.02,20.63,30.23,22.0,0.35,11.0,50.0,2.0,9.09,0.859,0.1,50.0,23.16,18.95,42.11,28.85,39.29,76.0,0.329,19.0,25.0,3.0,3.95,0.884,0.2,23.29,11.49,15.88,27.36,26.71,19.39,163.0,0.282,28.0,17.18,10.0,6.13,0.881,0.268,22.22,10.14,16.28,26.42,20.83,15.91
746787,2024-06-09,2024,624512,L,621383,L,sac_fly,False,False,10.0,0.3,3.0,30.0,0.0,0.0,0.8999999999999999,0.3,26.32,12.5,20.0,32.5,35.0,27.27,27.0,0.391,6.0,22.22,1.0,3.7,0.875,0.0439999999999999,25.53,11.21,23.36,34.58,33.96,18.18,50.0,0.222,14.0,28.0,3.0,6.0,0.5760000000000001,0.089,28.89,13.83,17.02,30.85,27.96,28.57,93.0,0.205,23.0,24.73,6.0,6.45,0.609,0.132,29.59,13.85,17.73,31.58,25.86,19.33
746787,2024-06-09,2024,678882,R,621383,L,field_out,False,False,57.0,0.208,18.0,31.58,3.0,5.26,0.627,0.169,34.75,19.25,15.02,34.27,41.82,26.87,27.0,0.192,8.0,29.63,1.0,3.7,0.645,0.2309999999999999,36.36,19.23,14.42,33.65,30.0,24.24,76.0,0.329,19.0,25.0,3.0,3.95,0.884,0.2,23.29,11.49,15.88,27.36,26.71,19.39,163.0,0.282,28.0,17.18,10.0,6.13,0.881,0.268,22.22,10.14,16.28,26.42,20.83,15.91
746787,2024-06-09,2024,670032,L,445276,R,field_out,False,False,159.0,0.248,24.0,15.09,13.0,8.18,0.607,0.04299999999999998,17.94,8.45,16.55,25.0,26.41,17.39,212.0,0.228,33.0,15.57,24.0,11.32,0.647,0.089,22.47,10.7,16.47,27.16,26.6,14.22,37.0,0.2,13.0,35.14,4.0,10.81,0.486,0.0,25.35,12.33,17.81,30.14,21.67,20.0,89.0,0.198,25.0,28.09,8.0,8.99,0.616,0.1479999999999999,25.58,12.57,17.71,30.29,30.43,21.55
746787,2024-06-09,2024,673357,R,445276,R,strikeout,True,False,36.0,0.171,15.0,41.67,1.0,2.78,0.7370000000000001,0.372,40.0,22.22,14.58,36.81,40.26,28.85,477.0,0.252,132.0,27.67,25.0,5.24,0.8340000000000001,0.279,32.83,18.94,10.59,29.53,40.07,24.77,44.0,0.194,11.0,25.0,6.0,13.64,0.5680000000000001,0.055999999999999994,31.82,13.12,18.75,31.87,17.57,28.21,99.0,0.273,27.0,27.27,9.0,9.09,0.7629999999999999,0.1359999999999999,31.86,17.2,13.76,30.95,32.18,23.68
746787,2024-06-09,2024,657757,L,445276,R,strikeout,True,False,191.0,0.259,28.0,14.66,26.0,13.61,0.819,0.192,18.64,8.04,17.73,25.77,27.44,11.48,324.0,0.212,58.0,17.9,28.0,8.64,0.63,0.1369999999999999,20.44,9.67,14.66,24.33,29.35,14.25,37.0,0.2,13.0,35.14,4.0,10.81,0.486,0.0,25.35,12.33,17.81,30.14,21.67,20.0,89.0,0.198,25.0,28.09,8.0,8.99,0.616,0.1479999999999999,25.58,12.57,17.71,30.29,30.43,21.55
746787,2024-06-09,2024,680776,L,647336,R,field_error,False,False,210.0,0.283,45.0,21.43,17.0,8.1,0.877,0.25100000000000006,24.04,11.42,15.07,26.49,27.53,19.15,314.0,0.296,75.0,23.89,21.0,6.69,0.84,0.195,24.68,12.92,13.75,26.67,30.3,19.02,128.0,0.267,24.0,18.75,21.0,16.41,0.886,0.22799999999999998,18.81,7.92,16.41,24.32,22.73,16.9,79.0,0.25,16.0,20.25,5.0,6.33,0.8440000000000001,0.278,20.71,9.48,16.67,26.14,22.15,19.28
746787,2024-06-09,2024,642197,R,647336,R,sac_fly,False,False,5.0,0.2,2.0,40.0,0.0,0.0,0.4,0.0,20.0,8.0,20.0,28.0,23.08,20.0,,,,,,,,,,,,,,,124.0,0.226,19.0,15.32,14.0,11.29,0.778,0.227,21.2,9.06,17.91,26.97,26.62,11.73,66.0,0.321,13.0,19.7,7.0,10.61,1.004,0.2679999999999999,27.18,12.12,16.45,28.57,25.86,25.0
746787,2024-06-09,2024,608701,R,647336,R,single,False,False,74.0,0.333,15.0,20.27,6.0,8.11,0.927,0.197,19.7,9.15,17.61,26.76,22.39,15.96,98.0,0.159,25.0,25.51,10.0,10.2,0.466,0.036,25.0,10.43,19.91,30.33,20.39,18.38,124.0,0.226,19.0,15.32,14.0,11.29,0.778,0.227,21.2,9.06,17.91,26.97,26.62,11.73,66.0,0.321,13.0,19.7,7.0,10.61,1.004,0.2679999999999999,27.18,12.12,16.45,28.57,25.86,25.0
746787,2024-06-09,2024,643265,R,647336,R,strikeout,True,False,70.0,0.175,21.0,30.0,5.0,7.14,0.511,0.07900000000000001,25.64,11.03,22.43,33.46,32.61,25.0,345.0,0.228,97.0,28.12,23.0,6.67,0.665,0.156,29.15,15.03,15.69,30.72,39.78,20.95,124.0,0.226,19.0,15.32,14.0,11.29,0.778,0.227,21.2,9.06,17.91,26.97,26.62,11.73,66.0,0.321,13.0,19.7,7.0,10.61,1.004,0.2679999999999999,27.18,12.12,16.45,28.57,25.86,25.0
746787,2024-06-09,2024,657136,R,647336,R,single,False,False,118.0,0.315,23.0,19.49,2.0,1.69,0.804,0.139,26.64,14.47,14.72,29.19,33.88,22.33,296.0,0.262,94.0,31.76,13.0,4.39,0.734,0.1669999999999999,32.08,16.95,15.14,32.09,35.28,27.01,124.0,0.226,19.0,15.32,14.0,11.29,0.778,0.227,21.2,9.06,17.91,26.97,26.62,11.73,66.0,0.321,13.0,19.7,7.0,10.61,1.004,0.2679999999999999,27.18,12.12,16.45,28.57,25.86,25.0
746787,2024-06-09,2024,666152,L,647336,R,strikeout,True,False,106.0,0.289,26.0,24.53,8.0,7.55,0.782,0.14400000000000002,26.9,11.25,20.78,32.03,18.91,22.61,36.0,0.1,10.0,27.78,6.0,16.67,0.417,0.067,20.0,8.44,23.38,31.82,26.39,15.38,128.0,0.267,24.0,18.75,21.0,16.41,0.886,0.22799999999999998,18.81,7.92,16.41,24.32,22.73,16.9,79.0,0.25,16.0,20.25,5.0,6.33,0.8440000000000001,0.278,20.71,9.48,16.67,26.14,22.15,19.28
746787,2024-06-09,2024,683734,R,592155,L,strikeout,True,False,48.0,0.261,7.0,14.58,2.0,4.17,0.683,0.13,26.09,12.9,15.05,27.96,33.33,14.29,142.0,0.227,20.0,14.08,7.0,4.93,0.641,0.144,18.15,9.74,13.42,23.16,34.55,11.83,59.0,0.241,18.0,30.51,4.0,6.78,0.714,0.185,33.05,18.57,15.71,34.29,41.3,33.33,,,,,,,,,,,,,,
746787,2024-06-09,2024,657557,R,592155,L,strikeout,True,False,49.0,0.111,17.0,34.69,2.0,4.08,0.43000000000000005,0.15600000000000003,41.82,24.08,9.42,33.51,29.79,28.81,119.0,0.217,35.0,29.41,9.0,7.56,0.635,0.1319999999999999,33.2,18.24,12.75,30.99,37.18,23.03,59.0,0.241,18.0,30.51,4.0,6.78,0.714,0.185,33.05,18.57,15.71,34.29,41.3,33.33,,,,,,,,,,,,,,
746787,2024-06-09,2024,664901,R,592155,L,field_out,False,False,28.0,0.32,5.0,17.86,3.0,10.71,1.073,0.36000000000000004,20.0,9.09,15.45,24.55,20.69,20.0,41.0,0.225,10.0,24.39,1.0,2.44,0.544,0.0749999999999999,22.67,10.62,20.0,30.63,24.29,21.74,59.0,0.241,18.0,30.51,4.0,6.78,0.714,0.185,33.05,18.57,15.71,34.29,41.3,33.33,,,,,,,,,,,,,,
746216,2024-06-09,2024,514888,R,663776,L,single,False,False,76.0,0.275,13.0,17.11,5.0,6.58,0.7330000000000001,0.11599999999999999,18.37,9.61,12.1,21.71,38.92,16.67,113.0,0.283,16.0,14.16,12.0,10.62,0.847,0.192,16.9,8.18,15.68,23.86,33.07,11.68,246.0,0.267,55.0,22.36,23.0,9.35,0.7310000000000001,0.131,27.93,12.92,16.96,29.88,27.29,18.77,539.0,0.262,108.0,20.04,66.0,12.24,0.746,0.129,28.03,12.89,16.14,29.04,27.7,16.95
746216,2024-06-09,2024,608324,R,663776,L,grounded_into_double_play,False,False,84.0,0.192,6.0,7.14,6.0,7.14,0.571,0.129,7.69,3.27,22.88,26.14,23.84,7.14,216.0,0.215,20.0,9.26,27.0,12.5,0.6950000000000001,0.161,13.03,5.13,19.07,24.2,22.25,9.57,246.0,0.267,55.0,22.36,23.0,9.35,0.7310000000000001,0.131,27.93,12.92,16.96,29.88,27.29,18.77,539.0,0.262,108.0,20.04,66.0,12.24,0.746,0.129,28.03,12.89,16.14,29.04,27.7,16.95
746216,2024-06-09,2024,670541,L,663776,L,field_out,False,False,98.0,0.337,20.0,20.41,6.0,6.12,0.916,0.191,22.09,10.89,14.33,25.21,35.64,24.1,174.0,0.295,37.0,21.26,20.0,11.49,0.892,0.212,24.91,11.27,17.53,28.79,30.5,20.79,47.0,0.211,16.0,34.04,5.0,10.64,0.6639999999999999,0.10500000000000001,28.57,11.88,20.79,32.67,28.28,23.88,114.0,0.228,20.0,17.54,8.0,7.02,0.589,0.0689999999999999,26.17,12.61,14.41,27.03,35.18,16.39
746216,2024-06-09,2024,683021,R,434378,R,field_out,False,False,1.0,1.0,0.0,0.0,0.0,0.0,2.0,0.0,0.0,0.0,25.0,25.0,0.0,0.0,52.0,0.348,7.0,13.46,5.0,9.62,0.836,0.065,6.58,2.6,20.83,23.44,14.58,14.89,112.0,0.272,24.0,21.43,6.0,5.36,0.751,0.15499999999999997,21.93,11.29,16.03,27.31,26.7,15.19,367.0,0.237,76.0,20.71,27.0,7.36,0.708,0.173,23.07,11.18,16.94,28.12,30.6,19.1
746216,2024-06-09,2024,650859,L,434378,R,field_out,False,False,145.0,0.275,20.0,13.79,10.0,6.9,0.72,0.11399999999999999,20.07,10.74,12.11,22.85,33.21,13.42,322.0,0.24,60.0,18.63,31.0,9.63,0.7270000000000001,0.166,24.18,11.79,13.87,25.66,28.19,14.39,106.0,0.183,24.0,22.64,11.0,10.38,0.6970000000000001,0.247,24.04,11.96,14.83,26.79,26.83,19.83,303.0,0.214,68.0,22.44,18.0,5.94,0.5840000000000001,0.106,21.84,11.08,14.86,25.94,30.9,17.89
746216,2024-06-09,2024,621493,R,434378,R,field_out,False,False,213.0,0.227,48.0,22.54,24.0,11.27,0.743,0.205,22.54,9.74,18.64,28.38,18.55,20.17,295.0,0.233,61.0,20.68,27.0,9.15,0.702,0.148,23.43,10.4,15.98,26.37,23.09,17.78,112.0,0.272,24.0,21.43,6.0,5.36,0.751,0.15499999999999997,21.93,11.29,16.03,27.31,26.7,15.19,367.0,0.237,76.0,20.71,27.0,7.36,0.708,0.173,23.07,11.18,16.94,28.12,30.6,19.1
746216,2024-06-09,2024,665161,R,663776,L,field_out,False,False,71.0,0.319,8.0,11.27,1.0,1.41,0.851,0.203,21.13,12.55,12.55,25.1,41.03,11.59,174.0,0.325,22.0,12.64,9.0,5.17,0.8340000000000001,0.141,23.71,13.93,8.22,22.15,36.96,13.17,246.0,0.267,55.0,22.36,23.0,9.35,0.7310000000000001,0.131,27.93,12.92,16.96,29.88,27.29,18.77,539.0,0.262,108.0,20.04,66.0,12.24,0.746,0.129,28.03,12.89,16.14,29.04,27.7,16.95
746216,2024-06-09,2024,673237,R,663776,L,field_out,False,False,62.0,0.276,8.0,12.9,3.0,4.84,0.754,0.15499999999999997,22.14,13.19,8.51,21.7,38.21,10.39,103.0,0.214,27.0,26.21,4.0,3.88,0.621,0.164,35.0,21.33,9.97,31.3,46.31,24.76,246.0,0.267,55.0,22.36,23.0,9.35,0.7310000000000001,0.131,27.93,12.92,16.96,29.88,27.29,18.77,539.0,0.262,108.0,20.04,66.0,12.24,0.746,0.129,28.03,12.89,16.14,29.04,27.7,16.95
746216,2024-06-09,2024,676694,R,663776,L,strikeout,True,False,51.0,0.209,6.0,11.76,6.0,11.76,0.752,0.21,25.61,11.73,16.76,28.49,26.04,13.04,79.0,0.257,19.0,24.05,8.0,10.13,0.785,0.186,30.49,15.72,12.89,28.62,32.93,16.67,246.0,0.267,55.0,22.36,23.0,9.35,0.7310000000000001,0.131,27.93,12.92,16.96,29.88,27.29,18.77,539.0,0.262,108.0,20.04,66.0,12.24,0.746,0.129,28.03,12.89,16.14,29.04,27.7,16.95
746216,2024-06-09,2024,641432,L,434378,R,field_out,False,False,98.0,0.287,13.0,13.27,3.0,3.06,0.732,0.139,14.69,7.26,16.2,23.46,25.43,14.61,139.0,0.256,15.0,10.79,13.0,9.35,0.756,0.176,14.22,5.56,19.54,25.1,21.32,10.83,106.0,0.183,24.0,22.64,11.0,10.38,0.6970000000000001,0.247,24.04,11.96,14.83,26.79,26.83,19.83,303.0,0.214,68.0,22.44,18.0,5.94,0.5840000000000001,0.106,21.84,11.08,14.86,25.94,30.9,17.89
746216,2024-06-09,2024,607680,R,434378,R,double,False,False,67.0,0.254,12.0,17.91,4.0,5.97,0.776,0.20400000000000001,21.71,11.11,15.87,26.98,37.96,13.33,95.0,0.202,22.0,23.16,4.0,4.21,0.58,0.1459999999999999,23.46,13.0,15.17,28.17,39.61,20.95,112.0,0.272,24.0,21.43,6.0,5.36,0.751,0.15499999999999997,21.93,11.29,16.03,27.31,26.7,15.19,367.0,0.237,76.0,20.71,27.0,7.36,0.708,0.173,23.07,11.18,16.94,28.12,30.6,19.1
746216,2024-06-09,2024,681351,R,434378,R,single,False,False,153.0,0.264,37.0,24.18,10.0,6.54,0.743,0.15699999999999997,32.76,16.38,15.87,32.25,34.82,18.56,154.0,0.22,38.0,24.68,9.0,5.84,0.757,0.262,32.06,17.0,13.8,30.81,36.07,19.69,112.0,0.272,24.0,21.43,6.0,5.36,0.751,0.15499999999999997,21.93,11.29,16.03,27.31,26.7,15.19,367.0,0.237,76.0,20.71,27.0,7.36,0.708,0.173,23.07,11.18,16.94,28.12,30.6,19.1
746216,2024-06-09,2024,694384,L,434378,R,sac_fly,False,False,179.0,0.215,33.0,18.44,12.0,6.7,0.6120000000000001,0.11600000000000002,15.44,6.58,22.03,28.61,25.0,15.02,104.0,0.291,15.0,14.42,14.0,13.46,0.7569999999999999,0.0579999999999999,18.78,8.02,17.92,25.94,20.47,11.45,106.0,0.183,24.0,22.64,11.0,10.38,0.6970000000000001,0.247,24.04,11.96,14.83,26.79,26.83,19.83,303.0,0.214,68.0,22.44,18.0,5.94,0.5840000000000001,0.106,21.84,11.08,14.86,25.94,30.9,17.89
746216,2024-06-09,2024,687263,R,434378,R,strikeout,True,False,186.0,0.203,46.0,24.73,12.0,6.45,0.629,0.16299999999999998,29.13,14.81,15.24,30.06,34.05,21.6,262.0,0.222,62.0,23.66,18.0,6.87,0.6599999999999999,0.1349999999999999,28.77,13.7,16.19,29.89,23.52,18.84,112.0,0.272,24.0,21.43,6.0,5.36,0.751,0.15499999999999997,21.93,11.29,16.03,27.31,26.7,15.19,367.0,0.237,76.0,20.71,27.0,7.36,0.708,0.173,23.07,11.18,16.94,28.12,30.6,19.1
746216,2024-06-09,2024,643289,R,663776,L,walk,False,True,45.0,0.326,2.0,4.44,1.0,2.22,0.798,0.139,19.59,12.26,8.39,20.65,43.75,4.55,117.0,0.327,12.0,10.26,6.0,5.13,0.859,0.1639999999999999,13.48,8.22,11.41,19.63,41.01,10.91,246.0,0.267,55.0,22.36,23.0,9.35,0.7310000000000001,0.131,27.93,12.92,16.96,29.88,27.29,18.77,539.0,0.262,108.0,20.04,66.0,12.24,0.746,0.129,28.03,12.89,16.14,29.04,27.7,16.95
746216,2024-06-09,2024,547989,R,663776,L,single,False,False,31.0,0.071,5.0,16.13,2.0,6.45,0.268,0.036000000000000004,26.87,13.64,14.39,28.03,29.85,11.9,179.0,0.235,36.0,20.11,15.0,8.38,0.74,0.209,19.78,9.63,17.94,27.57,34.21,14.69,246.0,0.267,55.0,22.36,23.0,9.35,0.7310000000000001,0.131,27.93,12.92,16.96,29.88,27.29,18.77,539.0,0.262,108.0,20.04,66.0,12.24,0.746,0.129,28.03,12.89,16.14,29.04,27.7,16.95
746216,2024-06-09,2024,676801,R,663776,L,strikeout,True,False,29.0,0.231,5.0,17.24,3.0,10.34,0.618,0.07699999999999999,19.64,10.48,12.38,22.86,29.41,18.52,138.0,0.325,35.0,25.36,13.0,9.42,1.009,0.285,31.52,15.56,12.88,28.44,29.0,20.96,246.0,0.267,55.0,22.36,23.0,9.35,0.7310000000000001,0.131,27.93,12.92,16.96,29.88,27.29,18.77,539.0,0.262,108.0,20.04,66.0,12.24,0.746,0.129,28.03,12.89,16.14,29.04,27.7,16.95
746216,2024-06-09,2024,514888,R,663776,L,single,False,False,76.0,0.275,13.0,17.11,5.0,6.58,0.7330000000000001,0.11599999999999999,18.37,9.61,12.1,21.71,38.92,16.67,113.0,0.283,16.0,14.16,12.0,10.62,0.847,0.192,16.9,8.18,15.68,23.86,33.07,11.68,246.0,0.267,55.0,22.36,23.0,9.35,0.7310000000000001,0.131,27.93,12.92,16.96,29.88,27.29,18.77,539.0,0.262,108.0,20.04,66.0,12.24,0.746,0.129,28.03,12.89,16.14,29.04,27.7,16.95
746216,2024-06-09,2024,608324,R,663776,L,double,False,False,84.0,0.192,6.0,7.14,6.0,7.14,0.571,0.129,7.69,3.27,22.88,26.14,23.84,7.14,216.0,0.215,20.0,9.26,27.0,12.5,0.6950000000000001,0.161,13.03,5.13,19.07,24.2,22.25,9.57,246.0,0.267,55.0,22.36,23.0,9.35,0.7310000000000001,0.131,27.93,12.92,16.96,29.88,27.29,18.77,539.0,0.262,108.0,20.04,66.0,12.24,0.746,0.129,28.03,12.89,16.14,29.04,27.7,16.95
746216,2024-06-09,2024,670541,L,663776,L,intent_walk,False,True,98.0,0.337,20.0,20.41,6.0,6.12,0.916,0.191,22.09,10.89,14.33,25.21,35.64,24.1,174.0,0.295,37.0,21.26,20.0,11.49,0.892,0.212,24.91,11.27,17.53,28.79,30.5,20.79,47.0,0.211,16.0,34.04,5.0,10.64,0.6639999999999999,0.10500000000000001,28.57,11.88,20.79,32.67,28.28,23.88,114.0,0.228,20.0,17.54,8.0,7.02,0.589,0.0689999999999999,26.17,12.61,14.41,27.03,35.18,16.39
746216,2024-06-09,2024,665161,R,663776,L,single,False,False,71.0,0.319,8.0,11.27,1.0,1.41,0.851,0.203,21.13,12.55,12.55,25.1,41.03,11.59,174.0,0.325,22.0,12.64,9.0,5.17,0.8340000000000001,0.141,23.71,13.93,8.22,22.15,36.96,13.17,246.0,0.267,55.0,22.36,23.0,9.35,0.7310000000000001,0.131,27.93,12.92,16.96,29.88,27.29,18.77,539.0,0.262,108.0,20.04,66.0,12.24,0.746,0.129,28.03,12.89,16.14,29.04,27.7,16.95
746216,2024-06-09,2024,673237,R,663776,L,grounded_into_double_play,False,False,62.0,0.276,8.0,12.9,3.0,4.84,0.754,0.15499999999999997,22.14,13.19,8.51,21.7,38.21,10.39,103.0,0.214,27.0,26.21,4.0,3.88,0.621,0.164,35.0,21.33,9.97,31.3,46.31,24.76,246.0,0.267,55.0,22.36,23.0,9.35,0.7310000000000001,0.131,27.93,12.92,16.96,29.88,27.29,18.77,539.0,0.262,108.0,20.04,66.0,12.24,0.746,0.129,28.03,12.89,16.14,29.04,27.7,16.95
746216,2024-06-09,2024,666160,L,434378,R,strikeout,True,False,140.0,0.172,37.0,26.43,6.0,4.29,0.45299999999999996,0.07400000000000001,27.9,16.15,11.43,27.59,37.32,20.79,259.0,0.293,93.0,35.91,7.0,2.7,0.8620000000000001,0.249,38.62,24.01,9.43,33.44,46.84,30.07,106.0,0.183,24.0,22.64,11.0,10.38,0.6970000000000001,0.247,24.04,11.96,14.83,26.79,26.83,19.83,303.0,0.214,68.0,22.44,18.0,5.94,0.5840000000000001,0.106,21.84,11.08,14.86,25.94,30.9,17.89
746216,2024-06-09,2024,683021,R,434378,R,field_out,False,False,1.0,1.0,0.0,0.0,0.0,0.0,2.0,0.0,0.0,0.0,25.0,25.0,0.0,0.0,52.0,0.348,7.0,13.46,5.0,9.62,0.836,0.065,6.58,2.6,20.83,23.44,14.58,14.89,112.0,0.272,24.0,21.43,6.0,5.36,0.751,0.15499999999999997,21.93,11.29,16.03,27.31,26.7,15.19,367.0,0.237,76.0,20.71,27.0,7.36,0.708,0.173,23.07,11.18,16.94,28.12,30.6,19.1
746216,2024-06-09,2024,650859,L,434378,R,single,False,False,145.0,0.275,20.0,13.79,10.0,6.9,0.72,0.11399999999999999,20.07,10.74,12.11,22.85,33.21,13.42,322.0,0.24,60.0,18.63,31.0,9.63,0.7270000000000001,0.166,24.18,11.79,13.87,25.66,28.19,14.39,106.0,0.183,24.0,22.64,11.0,10.38,0.6970000000000001,0.247,24.04,11.96,14.83,26.79,26.83,19.83,303.0,0.214,68.0,22.44,18.0,5.94,0.5840000000000001,0.106,21.84,11.08,14.86,25.94,30.9,17.89
746216,2024-06-09,2024,621493,R,434378,R,field_out,False,False,213.0,0.227,48.0,22.54,24.0,11.27,0.743,0.205,22.54,9.74,18.64,28.38,18.55,20.17,295.0,0.233,61.0,20.68,27.0,9.15,0.702,0.148,23.43,10.4,15.98,26.37,23.09,17.78,112.0,0.272,24.0,21.43,6.0,5.36,0.751,0.15499999999999997,21.93,11.29,16.03,27.31,26.7,15.19,367.0,0.237,76.0,20.71,27.0,7.36,0.708,0.173,23.07,11.18,16.94,28.12,30.6,19.1
746216,2024-06-09,2024,676694,R,663776,L,single,False,False,51.0,0.209,6.0,11.76,6.0,11.76,0.752,0.21,25.61,11.73,16.76,28.49,26.04,13.04,79.0,0.257,19.0,24.05,8.0,10.13,0.785,0.186,30.49,15.72,12.89,28.62,32.93,16.67,246.0,0.267,55.0,22.36,23.0,9.35,0.7310000000000001,0.131,27.93,12.92,16.96,29.88,27.29,18.77,539.0,0.262,108.0,20.04,66.0,12.24,0.746,0.129,28.03,12.89,16.14,29.04,27.7,16.95
746216,2024-06-09,2024,643289,R,663776,L,field_out,False,False,45.0,0.326,2.0,4.44,1.0,2.22,0.798,0.139,19.59,12.26,8.39,20.65,43.75,4.55,117.0,0.327,12.0,10.26,6.0,5.13,0.859,0.1639999999999999,13.48,8.22,11.41,19.63,41.01,10.91,246.0,0.267,55.0,22.36,23.0,9.35,0.7310000000000001,0.131,27.93,12.92,16.96,29.88,27.29,18.77,539.0,0.262,108.0,20.04,66.0,12.24,0.746,0.129,28.03,12.89,16.14,29.04,27.7,16.95
746216,2024-06-09,2024,547989,R,663776,L,field_out,False,False,31.0,0.071,5.0,16.13,2.0,6.45,0.268,0.036000000000000004,26.87,13.64,14.39,28.03,29.85,11.9,179.0,0.235,36.0,20.11,15.0,8.38,0.74,0.209,19.78,9.63,17.94,27.57,34.21,14.69,246.0,0.267,55.0,22.36,23.0,9.35,0.7310000000000001,0.131,27.93,12.92,16.96,29.88,27.29,18.77,539.0,0.262,108.0,20.04,66.0,12.24,0.746,0.129,28.03,12.89,16.14,29.04,27.7,16.95
746216,2024-06-09,2024,676801,R,663776,L,strikeout,True,False,29.0,0.231,5.0,17.24,3.0,10.34,0.618,0.07699999999999999,19.64,10.48,12.38,22.86,29.41,18.52,138.0,0.325,35.0,25.36,13.0,9.42,1.009,0.285,31.52,15.56,12.88,28.44,29.0,20.96,246.0,0.267,55.0,22.36,23.0,9.35,0.7310000000000001,0.131,27.93,12.92,16.96,29.88,27.29,18.77,539.0,0.262,108.0,20.04,66.0,12.24,0.746,0.129,28.03,12.89,16.14,29.04,27.7,16.95
746216,2024-06-09,2024,641432,L,434378,R,single,False,False,98.0,0.287,13.0,13.27,3.0,3.06,0.732,0.139,14.69,7.26,16.2,23.46,25.43,14.61,139.0,0.256,15.0,10.79,13.0,9.35,0.756,0.176,14.22,5.56,19.54,25.1,21.32,10.83,106.0,0.183,24.0,22.64,11.0,10.38,0.6970000000000001,0.247,24.04,11.96,14.83,26.79,26.83,19.83,303.0,0.214,68.0,22.44,18.0,5.94,0.5840000000000001,0.106,21.84,11.08,14.86,25.94,30.9,17.89
746216,2024-06-09,2024,607680,R,434378,R,hit_by_pitch,False,False,67.0,0.254,12.0,17.91,4.0,5.97,0.776,0.20400000000000001,21.71,11.11,15.87,26.98,37.96,13.33,95.0,0.202,22.0,23.16,4.0,4.21,0.58,0.1459999999999999,23.46,13.0,15.17,28.17,39.61,20.95,112.0,0.272,24.0,21.43,6.0,5.36,0.751,0.15499999999999997,21.93,11.29,16.03,27.31,26.7,15.19,367.0,0.237,76.0,20.71,27.0,7.36,0.708,0.173,23.07,11.18,16.94,28.12,30.6,19.1
746216,2024-06-09,2024,681351,R,434378,R,single,False,False,153.0,0.264,37.0,24.18,10.0,6.54,0.743,0.15699999999999997,32.76,16.38,15.87,32.25,34.82,18.56,154.0,0.22,38.0,24.68,9.0,5.84,0.757,0.262,32.06,17.0,13.8,30.81,36.07,19.69,112.0,0.272,24.0,21.43,6.0,5.36,0.751,0.15499999999999997,21.93,11.29,16.03,27.31,26.7,15.19,367.0,0.237,76.0,20.71,27.0,7.36,0.708,0.173,23.07,11.18,16.94,28.12,30.6,19.1
746216,2024-06-09,2024,694384,L,434378,R,sac_fly,False,False,179.0,0.215,33.0,18.44,12.0,6.7,0.6120000000000001,0.11600000000000002,15.44,6.58,22.03,28.61,25.0,15.02,104.0,0.291,15.0,14.42,14.0,13.46,0.7569999999999999,0.0579999999999999,18.78,8.02,17.92,25.94,20.47,11.45,106.0,0.183,24.0,22.64,11.0,10.38,0.6970000000000001,0.247,24.04,11.96,14.83,26.79,26.83,19.83,303.0,0.214,68.0,22.44,18.0,5.94,0.5840000000000001,0.106,21.84,11.08,14.86,25.94,30.9,17.89
746216,2024-06-09,2024,687263,R,434378,R,hit_by_pitch,False,False,186.0,0.203,46.0,24.73,12.0,6.45,0.629,0.16299999999999998,29.13,14.81,15.24,30.06,34.05,21.6,262.0,0.222,62.0,23.66,18.0,6.87,0.6599999999999999,0.1349999999999999,28.77,13.7,16.19,29.89,23.52,18.84,112.0,0.272,24.0,21.43,6.0,5.36,0.751,0.15499999999999997,21.93,11.29,16.03,27.31,26.7,15.19,367.0,0.237,76.0,20.71,27.0,7.36,0.708,0.173,23.07,11.18,16.94,28.12,30.6,19.1
746216,2024-06-09,2024,666160,L,434378,R,force_out,False,False,140.0,0.172,37.0,26.43,6.0,4.29,0.45299999999999996,0.07400000000000001,27.9,16.15,11.43,27.59,37.32,20.79,259.0,0.293,93.0,35.91,7.0,2.7,0.8620000000000001,0.249,38.62,24.01,9.43,33.44,46.84,30.07,106.0,0.183,24.0,22.64,11.0,10.38,0.6970000000000001,0.247,24.04,11.96,14.83,26.79,26.83,19.83,303.0,0.214,68.0,22.44,18.0,5.94,0.5840000000000001,0.106,21.84,11.08,14.86,25.94,30.9,17.89
746216,2024-06-09,2024,683021,R,434378,R,field_out,False,False,1.0,1.0,0.0,0.0,0.0,0.0,2.0,0.0,0.0,0.0,25.0,25.0,0.0,0.0,52.0,0.348,7.0,13.46,5.0,9.62,0.836,0.065,6.58,2.6,20.83,23.44,14.58,14.89,112.0,0.272,24.0,21.43,6.0,5.36,0.751,0.15499999999999997,21.93,11.29,16.03,27.31,26.7,15.19,367.0,0.237,76.0,20.71,27.0,7.36,0.708,0.173,23.07,11.18,16.94,28.12,30.6,19.1
746216,2024-06-09,2024,514888,R,663776,L,field_out,False,False,76.0,0.275,13.0,17.11,5.0,6.58,0.7330000000000001,0.11599999999999999,18.37,9.61,12.1,21.71,38.92,16.67,113.0,0.283,16.0,14.16,12.0,10.62,0.847,0.192,16.9,8.18,15.68,23.86,33.07,11.68,246.0,0.267,55.0,22.36,23.0,9.35,0.7310000000000001,0.131,27.93,12.92,16.96,29.88,27.29,18.77,539.0,0.262,108.0,20.04,66.0,12.24,0.746,0.129,28.03,12.89,16.14,29.04,27.7,16.95
746216,2024-06-09,2024,608324,R,663776,L,field_out,False,False,84.0,0.192,6.0,7.14,6.0,7.14,0.571,0.129,7.69,3.27,22.88,26.14,23.84,7.14,216.0,0.215,20.0,9.26,27.0,12.5,0.6950000000000001,0.161,13.03,5.13,19.07,24.2,22.25,9.57,246.0,0.267,55.0,22.36,23.0,9.35,0.7310000000000001,0.131,27.93,12.92,16.96,29.88,27.29,18.77,539.0,0.262,108.0,20.04,66.0,12.24,0.746,0.129,28.03,12.89,16.14,29.04,27.7,16.95
746216,2024-06-09,2024,670541,L,663776,L,walk,False,True,98.0,0.337,20.0,20.41,6.0,6.12,0.916,0.191,22.09,10.89,14.33,25.21,35.64,24.1,174.0,0.295,37.0,21.26,20.0,11.49,0.892,0.212,24.91,11.27,17.53,28.79,30.5,20.79,47.0,0.211,16.0,34.04,5.0,10.64,0.6639999999999999,0.10500000000000001,28.57,11.88,20.79,32.67,28.28,23.88,114.0,0.228,20.0,17.54,8.0,7.02,0.589,0.0689999999999999,26.17,12.61,14.41,27.03,35.18,16.39
746216,2024-06-09,2024,665161,R,663776,L,field_out,False,False,71.0,0.319,8.0,11.27,1.0,1.41,0.851,0.203,21.13,12.55,12.55,25.1,41.03,11.59,174.0,0.325,22.0,12.64,9.0,5.17,0.8340000000000001,0.141,23.71,13.93,8.22,22.15,36.96,13.17,246.0,0.267,55.0,22.36,23.0,9.35,0.7310000000000001,0.131,27.93,12.92,16.96,29.88,27.29,18.77,539.0,0.262,108.0,20.04,66.0,12.24,0.746,0.129,28.03,12.89,16.14,29.04,27.7,16.95
746216,2024-06-09,2024,650859,L,434378,R,single,False,False,145.0,0.275,20.0,13.79,10.0,6.9,0.72,0.11399999999999999,20.07,10.74,12.11,22.85,33.21,13.42,322.0,0.24,60.0,18.63,31.0,9.63,0.7270000000000001,0.166,24.18,11.79,13.87,25.66,28.19,14.39,106.0,0.183,24.0,22.64,11.0,10.38,0.6970000000000001,0.247,24.04,11.96,14.83,26.79,26.83,19.83,303.0,0.214,68.0,22.44,18.0,5.94,0.5840000000000001,0.106,21.84,11.08,14.86,25.94,30.9,17.89
746216,2024-06-09,2024,621493,R,434378,R,strikeout,True,False,213.0,0.227,48.0,22.54,24.0,11.27,0.743,0.205,22.54,9.74,18.64,28.38,18.55,20.17,295.0,0.233,61.0,20.68,27.0,9.15,0.702,0.148,23.43,10.4,15.98,26.37,23.09,17.78,112.0,0.272,24.0,21.43,6.0,5.36,0.751,0.15499999999999997,21.93,11.29,16.03,27.31,26.7,15.19,367.0,0.237,76.0,20.71,27.0,7.36,0.708,0.173,23.07,11.18,16.94,28.12,30.6,19.1
746216,2024-06-09,2024,641432,L,434378,R,single,False,False,98.0,0.287,13.0,13.27,3.0,3.06,0.732,0.139,14.69,7.26,16.2,23.46,25.43,14.61,139.0,0.256,15.0,10.79,13.0,9.35,0.756,0.176,14.22,5.56,19.54,25.1,21.32,10.83,106.0,0.183,24.0,22.64,11.0,10.38,0.6970000000000001,0.247,24.04,11.96,14.83,26.79,26.83,19.83,303.0,0.214,68.0,22.44,18.0,5.94,0.5840000000000001,0.106,21.84,11.08,14.86,25.94,30.9,17.89
746216,2024-06-09,2024,607680,R,434378,R,grounded_into_double_play,False,False,67.0,0.254,12.0,17.91,4.0,5.97,0.776,0.20400000000000001,21.71,11.11,15.87,26.98,37.96,13.33,95.0,0.202,22.0,23.16,4.0,4.21,0.58,0.1459999999999999,23.46,13.0,15.17,28.17,39.61,20.95,112.0,0.272,24.0,21.43,6.0,5.36,0.751,0.15499999999999997,21.93,11.29,16.03,27.31,26.7,15.19,367.0,0.237,76.0,20.71,27.0,7.36,0.708,0.173,23.07,11.18,16.94,28.12,30.6,19.1
746216,2024-06-09,2024,673237,R,663776,L,field_out,False,False,62.0,0.276,8.0,12.9,3.0,4.84,0.754,0.15499999999999997,22.14,13.19,8.51,21.7,38.21,10.39,103.0,0.214,27.0,26.21,4.0,3.88,0.621,0.164,35.0,21.33,9.97,31.3,46.31,24.76,246.0,0.267,55.0,22.36,23.0,9.35,0.7310000000000001,0.131,27.93,12.92,16.96,29.88,27.29,18.77,539.0,0.262,108.0,20.04,66.0,12.24,0.746,0.129,28.03,12.89,16.14,29.04,27.7,16.95
746216,2024-06-09,2024,676694,R,663776,L,strikeout,True,False,51.0,0.209,6.0,11.76,6.0,11.76,0.752,0.21,25.61,11.73,16.76,28.49,26.04,13.04,79.0,0.257,19.0,24.05,8.0,10.13,0.785,0.186,30.49,15.72,12.89,28.62,32.93,16.67,246.0,0.267,55.0,22.36,23.0,9.35,0.7310000000000001,0.131,27.93,12.92,16.96,29.88,27.29,18.77,539.0,0.262,108.0,20.04,66.0,12.24,0.746,0.129,28.03,12.89,16.14,29.04,27.7,16.95
746216,2024-06-09,2024,643289,R,663776,L,single,False,False,45.0,0.326,2.0,4.44,1.0,2.22,0.798,0.139,19.59,12.26,8.39,20.65,43.75,4.55,117.0,0.327,12.0,10.26,6.0,5.13,0.859,0.1639999999999999,13.48,8.22,11.41,19.63,41.01,10.91,246.0,0.267,55.0,22.36,23.0,9.35,0.7310000000000001,0.131,27.93,12.92,16.96,29.88,27.29,18.77,539.0,0.262,108.0,20.04,66.0,12.24,0.746,0.129,28.03,12.89,16.14,29.04,27.7,16.95
746216,2024-06-09,2024,547989,R,663776,L,double,False,False,31.0,0.071,5.0,16.13,2.0,6.45,0.268,0.036000000000000004,26.87,13.64,14.39,28.03,29.85,11.9,179.0,0.235,36.0,20.11,15.0,8.38,0.74,0.209,19.78,9.63,17.94,27.57,34.21,14.69,246.0,0.267,55.0,22.36,23.0,9.35,0.7310000000000001,0.131,27.93,12.92,16.96,29.88,27.29,18.77,539.0,0.262,108.0,20.04,66.0,12.24,0.746,0.129,28.03,12.89,16.14,29.04,27.7,16.95
746216,2024-06-09,2024,676801,R,519326,R,double,False,False,81.0,0.192,26.0,32.1,6.0,7.41,0.492,0.04100000000000001,34.36,16.67,15.77,32.44,31.11,21.93,319.0,0.25,82.0,25.71,27.0,8.46,0.769,0.186,28.62,13.94,15.79,29.73,30.75,21.75,70.0,0.194,16.0,22.86,3.0,4.29,0.5720000000000001,0.14900000000000002,24.44,12.13,15.44,27.57,28.45,18.82,,,,,,,,,,,,,,
746216,2024-06-09,2024,514888,R,519326,R,home_run,False,False,209.0,0.292,40.0,19.14,13.0,6.22,0.791,0.15900000000000003,19.69,10.08,16.84,26.92,37.95,18.52,297.0,0.322,55.0,18.52,32.0,10.77,0.941,0.218,19.43,8.47,19.0,27.48,31.81,17.74,70.0,0.194,16.0,22.86,3.0,4.29,0.5720000000000001,0.14900000000000002,24.44,12.13,15.44,27.57,28.45,18.82,,,,,,,,,,,,,,
746216,2024-06-09,2024,608324,R,519326,R,hit_by_pitch,False,False,179.0,0.256,33.0,18.44,16.0,8.94,0.768,0.188,15.77,7.02,19.38,26.4,23.88,14.93,508.0,0.282,67.0,13.19,65.0,12.8,0.8500000000000001,0.186,14.53,5.58,19.65,25.23,16.96,12.88,70.0,0.194,16.0,22.86,3.0,4.29,0.5720000000000001,0.14900000000000002,24.44,12.13,15.44,27.57,28.45,18.82,,,,,,,,,,,,,,
746216,2024-06-09,2024,670541,L,519326,R,field_out,False,False,181.0,0.272,24.0,13.26,20.0,11.05,0.865,0.23399999999999999,19.21,8.73,16.42,25.15,30.19,13.48,322.0,0.292,55.0,17.08,49.0,15.22,1.044,0.333,21.1,8.88,15.37,24.25,23.99,15.32,32.0,0.172,5.0,15.62,3.0,9.38,0.526,0.10400000000000004,14.55,5.93,20.74,26.67,17.91,15.62,,,,,,,,,,,,,,
746216,2024-06-09,2024,681351,R,661527,R,single,False,False,153.0,0.264,37.0,24.18,10.0,6.54,0.743,0.15699999999999997,32.76,16.38,15.87,32.25,34.82,18.56,154.0,0.22,38.0,24.68,9.0,5.84,0.757,0.262,32.06,17.0,13.8,30.81,36.07,19.69,72.0,0.169,13.0,18.06,5.0,6.94,0.558,0.13899999999999998,26.52,12.73,17.82,30.55,30.94,14.94,113.0,0.221,34.0,30.09,3.0,2.65,0.687,0.183,25.62,12.06,18.56,30.63,28.44,23.61
746216,2024-06-09,2024,694384,L,661527,R,strikeout,True,False,179.0,0.215,33.0,18.44,12.0,6.7,0.6120000000000001,0.11600000000000002,15.44,6.58,22.03,28.61,25.0,15.02,104.0,0.291,15.0,14.42,14.0,13.46,0.7569999999999999,0.0579999999999999,18.78,8.02,17.92,25.94,20.47,11.45,57.0,0.22,3.0,5.26,7.0,12.28,0.716,0.18000000000000002,20.22,8.26,14.68,22.94,16.67,6.52,82.0,0.333,11.0,13.41,16.0,19.51,0.948,0.1519999999999999,25.17,10.82,14.04,24.85,24.73,10.58
746216,2024-06-09,2024,687263,R,661527,R,strikeout,True,False,186.0,0.203,46.0,24.73,12.0,6.45,0.629,0.16299999999999998,29.13,14.81,15.24,30.06,34.05,21.6,262.0,0.222,62.0,23.66,18.0,6.87,0.6599999999999999,0.1349999999999999,28.77,13.7,16.19,29.89,23.52,18.84,72.0,0.169,13.0,18.06,5.0,6.94,0.558,0.13899999999999998,26.52,12.73,17.82,30.55,30.94,14.94,113.0,0.221,34.0,30.09,3.0,2.65,0.687,0.183,25.62,12.06,18.56,30.63,28.44,23.61
746216,2024-06-09,2024,666160,L,606160,R,single,False,False,140.0,0.172,37.0,26.43,6.0,4.29,0.45299999999999996,0.07400000000000001,27.9,16.15,11.43,27.59,37.32,20.79,259.0,0.293,93.0,35.91,7.0,2.7,0.8620000000000001,0.249,38.62,24.01,9.43,33.44,46.84,30.07,57.0,0.216,8.0,14.04,6.0,10.53,0.808,0.29400000000000004,21.43,10.17,13.56,23.73,30.66,10.67,151.0,0.267,35.0,23.18,18.0,11.92,0.7849999999999999,0.1599999999999999,29.78,14.29,12.03,26.32,27.17,16.51
746216,2024-06-09,2024,683021,R,606160,R,caught_stealing_2b,False,False,1.0,1.0,0.0,0.0,0.0,0.0,2.0,0.0,0.0,0.0,25.0,25.0,0.0,0.0,52.0,0.348,7.0,13.46,5.0,9.62,0.836,0.065,6.58,2.6,20.83,23.44,14.58,14.89,49.0,0.19,10.0,20.41,4.0,8.16,0.592,0.09599999999999997,16.67,7.62,15.24,22.86,26.5,14.49,147.0,0.291,44.0,29.93,11.0,7.48,0.884,0.239,30.51,15.31,14.8,30.1,32.81,22.45
746216,2024-06-09,2024,665161,R,519043,L,field_out,False,False,71.0,0.319,8.0,11.27,1.0,1.41,0.851,0.203,21.13,12.55,12.55,25.1,41.03,11.59,174.0,0.325,22.0,12.64,9.0,5.17,0.8340000000000001,0.141,23.71,13.93,8.22,22.15,36.96,13.17,59.0,0.231,14.0,23.73,6.0,10.17,0.745,0.19199999999999998,27.97,14.04,16.6,30.64,31.15,20.0,156.0,0.218,48.0,30.77,10.0,6.41,0.622,0.1269999999999999,30.67,16.47,13.84,30.31,36.77,25.67
746216,2024-06-09,2024,673237,R,519043,L,single,False,False,62.0,0.276,8.0,12.9,3.0,4.84,0.754,0.15499999999999997,22.14,13.19,8.51,21.7,38.21,10.39,103.0,0.214,27.0,26.21,4.0,3.88,0.621,0.164,35.0,21.33,9.97,31.3,46.31,24.76,59.0,0.231,14.0,23.73,6.0,10.17,0.745,0.19199999999999998,27.97,14.04,16.6,30.64,31.15,20.0,156.0,0.218,48.0,30.77,10.0,6.41,0.622,0.1269999999999999,30.67,16.47,13.84,30.31,36.77,25.67
746216,2024-06-09,2024,676694,R,519043,L,double,False,False,51.0,0.209,6.0,11.76,6.0,11.76,0.752,0.21,25.61,11.73,16.76,28.49,26.04,13.04,79.0,0.257,19.0,24.05,8.0,10.13,0.785,0.186,30.49,15.72,12.89,28.62,32.93,16.67,59.0,0.231,14.0,23.73,6.0,10.17,0.745,0.19199999999999998,27.97,14.04,16.6,30.64,31.15,20.0,156.0,0.218,48.0,30.77,10.0,6.41,0.622,0.1269999999999999,30.67,16.47,13.84,30.31,36.77,25.67
746216,2024-06-09,2024,643289,R,519043,L,field_out,False,False,45.0,0.326,2.0,4.44,1.0,2.22,0.798,0.139,19.59,12.26,8.39,20.65,43.75,4.55,117.0,0.327,12.0,10.26,6.0,5.13,0.859,0.1639999999999999,13.48,8.22,11.41,19.63,41.01,10.91,59.0,0.231,14.0,23.73,6.0,10.17,0.745,0.19199999999999998,27.97,14.04,16.6,30.64,31.15,20.0,156.0,0.218,48.0,30.77,10.0,6.41,0.622,0.1269999999999999,30.67,16.47,13.84,30.31,36.77,25.67
746216,2024-06-09,2024,547989,R,519043,L,field_out,False,False,31.0,0.071,5.0,16.13,2.0,6.45,0.268,0.036000000000000004,26.87,13.64,14.39,28.03,29.85,11.9,179.0,0.235,36.0,20.11,15.0,8.38,0.74,0.209,19.78,9.63,17.94,27.57,34.21,14.69,59.0,0.231,14.0,23.73,6.0,10.17,0.745,0.19199999999999998,27.97,14.04,16.6,30.64,31.15,20.0,156.0,0.218,48.0,30.77,10.0,6.41,0.622,0.1269999999999999,30.67,16.47,13.84,30.31,36.77,25.67
746216,2024-06-09,2024,683021,R,650556,R,field_out,False,False,1.0,1.0,0.0,0.0,0.0,0.0,2.0,0.0,0.0,0.0,25.0,25.0,0.0,0.0,52.0,0.348,7.0,13.46,5.0,9.62,0.836,0.065,6.58,2.6,20.83,23.44,14.58,14.89,64.0,0.14,27.0,42.19,6.0,9.38,0.497,0.123,38.02,17.36,17.74,35.09,30.37,35.06,143.0,0.171,50.0,34.97,11.0,7.69,0.51,0.1,41.52,19.59,17.04,36.63,32.11,25.64
746216,2024-06-09,2024,650859,L,650556,R,hit_by_pitch,False,False,145.0,0.275,20.0,13.79,10.0,6.9,0.72,0.11399999999999999,20.07,10.74,12.11,22.85,33.21,13.42,322.0,0.24,60.0,18.63,31.0,9.63,0.7270000000000001,0.166,24.18,11.79,13.87,25.66,28.19,14.39,77.0,0.311,21.0,27.27,13.0,16.88,0.9470000000000001,0.181,29.77,12.54,17.04,29.58,21.43,25.0,145.0,0.185,50.0,34.48,20.0,13.79,0.611,0.118,37.97,16.01,17.43,33.44,22.96,29.94
746216,2024-06-09,2024,621493,R,650556,R,force_out,False,False,213.0,0.227,48.0,22.54,24.0,11.27,0.743,0.205,22.54,9.74,18.64,28.38,18.55,20.17,295.0,0.233,61.0,20.68,27.0,9.15,0.702,0.148,23.43,10.4,15.98,26.37,23.09,17.78,64.0,0.14,27.0,42.19,6.0,9.38,0.497,0.123,38.02,17.36,17.74,35.09,30.37,35.06,143.0,0.171,50.0,34.97,11.0,7.69,0.51,0.1,41.52,19.59,17.04,36.63,32.11,25.64
746216,2024-06-09,2024,641432,L,650556,R,walk,False,True,98.0,0.287,13.0,13.27,3.0,3.06,0.732,0.139,14.69,7.26,16.2,23.46,25.43,14.61,139.0,0.256,15.0,10.79,13.0,9.35,0.756,0.176,14.22,5.56,19.54,25.1,21.32,10.83,77.0,0.311,21.0,27.27,13.0,16.88,0.9470000000000001,0.181,29.77,12.54,17.04,29.58,21.43,25.0,145.0,0.185,50.0,34.48,20.0,13.79,0.611,0.118,37.97,16.01,17.43,33.44,22.96,29.94
746216,2024-06-09,2024,607680,R,650556,R,strikeout,True,False,67.0,0.254,12.0,17.91,4.0,5.97,0.776,0.20400000000000001,21.71,11.11,15.87,26.98,37.96,13.33,95.0,0.202,22.0,23.16,4.0,4.21,0.58,0.1459999999999999,23.46,13.0,15.17,28.17,39.61,20.95,64.0,0.14,27.0,42.19,6.0,9.38,0.497,0.123,38.02,17.36,17.74,35.09,30.37,35.06,143.0,0.171,50.0,34.97,11.0,7.69,0.51,0.1,41.52,19.59,17.04,36.63,32.11,25.64
746216,2024-06-09,2024,676801,R,472610,R,single,False,False,81.0,0.192,26.0,32.1,6.0,7.41,0.492,0.04100000000000001,34.36,16.67,15.77,32.44,31.11,21.93,319.0,0.25,82.0,25.71,27.0,8.46,0.769,0.186,28.62,13.94,15.79,29.73,30.75,21.75,63.0,0.22,14.0,22.22,3.0,4.76,0.575,0.08499999999999999,26.98,14.11,14.94,29.05,39.69,17.95,159.0,0.214,31.0,19.5,12.0,7.55,0.69,0.172,23.78,11.22,14.36,25.58,27.18,17.22
746216,2024-06-09,2024,514888,R,472610,R,single,False,False,209.0,0.292,40.0,19.14,13.0,6.22,0.791,0.15900000000000003,19.69,10.08,16.84,26.92,37.95,18.52,297.0,0.322,55.0,18.52,32.0,10.77,0.941,0.218,19.43,8.47,19.0,27.48,31.81,17.74,63.0,0.22,14.0,22.22,3.0,4.76,0.575,0.08499999999999999,26.98,14.11,14.94,29.05,39.69,17.95,159.0,0.214,31.0,19.5,12.0,7.55,0.69,0.172,23.78,11.22,14.36,25.58,27.18,17.22
746216,2024-06-09,2024,663550,L,472610,R,strikeout,True,False,19.0,0.263,4.0,21.05,0.0,0.0,0.737,0.21099999999999997,26.32,14.29,11.43,25.71,30.3,18.18,52.0,0.22,24.0,46.15,1.0,1.92,0.5710000000000001,0.12,50.0,32.99,6.09,39.09,46.53,37.5,49.0,0.262,13.0,26.53,4.0,8.16,0.752,0.14300000000000002,26.58,10.82,23.71,34.54,23.71,25.0,108.0,0.309,22.0,20.37,12.0,11.11,0.734,0.0419999999999999,27.84,13.24,12.01,25.25,30.67,20.18
746216,2024-06-09,2024,670541,L,472610,R,grounded_into_double_play,False,False,181.0,0.272,24.0,13.26,20.0,11.05,0.865,0.23399999999999999,19.21,8.73,16.42,25.15,30.19,13.48,322.0,0.292,55.0,17.08,49.0,15.22,1.044,0.333,21.1,8.88,15.37,24.25,23.99,15.32,49.0,0.262,13.0,26.53,4.0,8.16,0.752,0.14300000000000002,26.58,10.82,23.71,34.54,23.71,25.0,108.0,0.309,22.0,20.37,12.0,11.11,0.734,0.0419999999999999,27.84,13.24,12.01,25.25,30.67,20.18
746216,2024-06-09,2024,681351,R,519151,R,double,False,False,153.0,0.264,37.0,24.18,10.0,6.54,0.743,0.15699999999999997,32.76,16.38,15.87,32.25,34.82,18.56,154.0,0.22,38.0,24.68,9.0,5.84,0.757,0.262,32.06,17.0,13.8,30.81,36.07,19.69,53.0,0.311,11.0,20.75,5.0,9.43,0.929,0.24500000000000005,29.0,14.65,14.14,28.79,29.79,18.97,130.0,0.222,36.0,27.69,10.0,7.69,0.593,0.094,31.52,16.14,16.14,32.27,33.46,24.32
746216,2024-06-09,2024,694384,L,519151,R,strikeout,True,False,179.0,0.215,33.0,18.44,12.0,6.7,0.6120000000000001,0.11600000000000002,15.44,6.58,22.03,28.61,25.0,15.02,104.0,0.291,15.0,14.42,14.0,13.46,0.7569999999999999,0.0579999999999999,18.78,8.02,17.92,25.94,20.47,11.45,59.0,0.296,21.0,35.59,3.0,5.08,0.7170000000000001,0.09300000000000003,30.63,13.65,20.08,33.73,29.92,24.14,138.0,0.217,38.0,27.54,6.0,4.35,0.649,0.178,31.54,15.68,16.63,32.31,35.45,25.0
746216,2024-06-09,2024,687263,R,519151,R,double,False,False,186.0,0.203,46.0,24.73,12.0,6.45,0.629,0.16299999999999998,29.13,14.81,15.24,30.06,34.05,21.6,262.0,0.222,62.0,23.66,18.0,6.87,0.6599999999999999,0.1349999999999999,28.77,13.7,16.19,29.89,23.52,18.84,53.0,0.311,11.0,20.75,5.0,9.43,0.929,0.24500000000000005,29.0,14.65,14.14,28.79,29.79,18.97,130.0,0.222,36.0,27.69,10.0,7.69,0.593,0.094,31.52,16.14,16.14,32.27,33.46,24.32
746216,2024-06-09,2024,666160,L,519151,R,walk,False,True,140.0,0.172,37.0,26.43,6.0,4.29,0.45299999999999996,0.07400000000000001,27.9,16.15,11.43,27.59,37.32,20.79,259.0,0.293,93.0,35.91,7.0,2.7,0.8620000000000001,0.249,38.62,24.01,9.43,33.44,46.84,30.07,59.0,0.296,21.0,35.59,3.0,5.08,0.7170000000000001,0.09300000000000003,30.63,13.65,20.08,33.73,29.92,24.14,138.0,0.217,38.0,27.54,6.0,4.35,0.649,0.178,31.54,15.68,16.63,32.31,35.45,25.0
746216,2024-06-09,2024,683021,R,519151,R,field_out,False,False,1.0,1.0,0.0,0.0,0.0,0.0,2.0,0.0,0.0,0.0,25.0,25.0,0.0,0.0,52.0,0.348,7.0,13.46,5.0,9.62,0.836,0.065,6.58,2.6,20.83,23.44,14.58,14.89,53.0,0.311,11.0,20.75,5.0,9.43,0.929,0.24500000000000005,29.0,14.65,14.14,28.79,29.79,18.97,130.0,0.222,36.0,27.69,10.0,7.69,0.593,0.094,31.52,16.14,16.14,32.27,33.46,24.32
746216,2024-06-09,2024,650859,R,623352,L,field_error,False,False,41.0,0.436,7.0,17.07,2.0,4.88,1.104,0.20500000000000002,26.74,16.43,7.86,24.29,45.95,15.22,124.0,0.324,22.0,17.74,10.0,8.06,0.928,0.217,25.43,13.56,9.89,23.45,30.28,18.64,88.0,0.212,33.0,37.5,8.0,9.09,0.622,0.12600000000000003,37.37,19.22,13.51,32.73,31.66,24.63,184.0,0.146,69.0,37.5,24.0,13.04,0.489,0.071,31.35,15.37,13.74,29.1,32.49,22.62
746216,2024-06-09,2024,621493,R,623352,L,strikeout,True,False,55.0,0.347,12.0,21.82,5.0,9.09,0.869,0.122,25.0,10.23,22.79,33.02,23.08,22.22,116.0,0.303,19.0,16.38,12.0,10.34,0.896,0.222,15.0,6.62,15.67,22.3,23.32,14.73,88.0,0.212,33.0,37.5,8.0,9.09,0.622,0.12600000000000003,37.37,19.22,13.51,32.73,31.66,24.63,184.0,0.146,69.0,37.5,24.0,13.04,0.489,0.071,31.35,15.37,13.74,29.1,32.49,22.62
746216,2024-06-09,2024,665161,R,608032,R,field_out,False,False,193.0,0.296,35.0,18.13,8.0,4.15,0.706,0.07300000000000001,24.73,12.97,14.84,27.81,35.73,16.36,461.0,0.239,107.0,23.21,34.0,7.38,0.655,0.1089999999999999,30.36,15.5,13.92,29.42,35.52,20.7,35.0,0.265,8.0,22.86,0.0,0.0,0.786,0.264,25.76,13.28,20.31,33.59,29.63,21.05,149.0,0.242,47.0,31.54,12.0,8.05,0.665,0.099,29.14,14.99,16.01,31.01,31.39,23.27
746216,2024-06-09,2024,673237,R,608032,R,strikeout,True,False,164.0,0.252,26.0,15.85,5.0,3.05,0.676,0.15400000000000003,21.71,12.41,10.84,23.25,42.06,16.25,274.0,0.307,47.0,17.15,7.0,2.55,0.931,0.292,24.58,14.19,11.31,25.51,43.08,17.42,35.0,0.265,8.0,22.86,0.0,0.0,0.786,0.264,25.76,13.28,20.31,33.59,29.63,21.05,149.0,0.242,47.0,31.54,12.0,8.05,0.665,0.099,29.14,14.99,16.01,31.01,31.39,23.27
746216,2024-06-09,2024,676694,R,608032,R,field_out,False,False,129.0,0.277,29.0,22.48,7.0,5.43,0.752,0.15199999999999997,32.23,15.56,16.25,31.81,31.25,23.77,263.0,0.218,69.0,26.24,18.0,6.84,0.6459999999999999,0.146,25.89,12.2,16.27,28.47,24.49,21.12,35.0,0.265,8.0,22.86,0.0,0.0,0.786,0.264,25.76,13.28,20.31,33.59,29.63,21.05,149.0,0.242,47.0,31.54,12.0,8.05,0.665,0.099,29.14,14.99,16.01,31.01,31.39,23.27
746216,2024-06-09,2024,666176,R,623352,L,field_out,False,False,47.0,0.273,9.0,19.15,3.0,6.38,1.092,0.5,34.26,18.23,8.87,27.09,31.86,13.43,19.0,0.211,7.0,36.84,0.0,0.0,0.6849999999999999,0.263,34.09,18.29,13.41,31.71,34.21,21.88,88.0,0.212,33.0,37.5,8.0,9.09,0.622,0.12600000000000003,37.37,19.22,13.51,32.73,31.66,24.63,184.0,0.146,69.0,37.5,24.0,13.04,0.489,0.071,31.35,15.37,13.74,29.1,32.49,22.62
746216,2024-06-09,2024,607680,R,623352,L,single,False,False,50.0,0.413,8.0,16.0,3.0,6.0,1.221,0.34800000000000003,23.71,11.62,13.64,25.25,33.33,14.81,111.0,0.25,28.0,25.23,2.0,1.8,0.733,0.2219999999999999,28.46,16.17,12.7,28.87,40.87,21.05,88.0,0.212,33.0,37.5,8.0,9.09,0.622,0.12600000000000003,37.37,19.22,13.51,32.73,31.66,24.63,184.0,0.146,69.0,37.5,24.0,13.04,0.489,0.071,31.35,15.37,13.74,29.1,32.49,22.62
746216,2024-06-09,2024,681351,R,623352,L,home_run,False,False,51.0,0.229,14.0,27.45,3.0,5.88,0.671,0.167,26.47,12.92,15.79,28.71,28.3,19.72,46.0,0.293,10.0,21.74,5.0,10.87,0.931,0.268,32.47,14.79,15.38,30.18,27.27,22.73,88.0,0.212,33.0,37.5,8.0,9.09,0.622,0.12600000000000003,37.37,19.22,13.51,32.73,31.66,24.63,184.0,0.146,69.0,37.5,24.0,13.04,0.489,0.071,31.35,15.37,13.74,29.1,32.49,22.62
746705,2024-06-09,2024,643565,L,593423,R,walk,False,True,178.0,0.262,35.0,19.66,25.0,14.04,0.8029999999999999,0.16799999999999998,22.73,11.17,11.79,22.95,23.29,12.24,345.0,0.253,73.0,21.16,50.0,14.49,0.739,0.121,23.95,9.92,17.49,27.41,19.14,15.57,125.0,0.275,20.0,16.0,12.0,9.6,0.831,0.193,20.43,9.94,13.66,23.6,27.64,15.04,2.0,1.0,0.0,0.0,1.0,50.0,2.0,0.0,0.0,0.0,14.29,14.29,0.0,
746705,2024-06-09,2024,673548,R,593423,R,double,False,False,118.0,0.276,34.0,28.81,6.0,5.08,0.8069999999999999,0.19999999999999996,28.0,11.57,20.87,32.44,25.3,21.52,419.0,0.278,102.0,24.34,41.0,9.79,0.839,0.2129999999999999,24.3,9.93,20.44,30.37,19.3,20.2,109.0,0.192,22.0,20.18,8.0,7.34,0.552,0.10099999999999998,23.32,11.87,14.84,26.71,28.91,15.07,5.0,0.2,1.0,20.0,0.0,0.0,0.6000000000000001,0.2,36.36,21.05,10.53,31.58,45.45,11.11
746705,2024-06-09,2024,641355,L,593423,R,field_out,False,False,152.0,0.22,28.0,18.42,17.0,11.18,0.763,0.227,26.71,13.26,12.54,25.81,30.4,19.58,373.0,0.291,58.0,15.55,27.0,7.24,0.829,0.198,20.08,10.01,15.91,25.92,29.71,13.74,125.0,0.275,20.0,16.0,12.0,9.6,0.831,0.193,20.43,9.94,13.66,23.6,27.64,15.04,2.0,1.0,0.0,0.0,1.0,50.0,2.0,0.0,0.0,0.0,14.29,14.29,0.0,
746705,2024-06-09,2024,666624,R,593423,R,walk,False,True,197.0,0.202,45.0,22.84,24.0,12.18,0.687,0.179,30.79,14.14,13.49,27.63,25.0,20.45,329.0,0.247,105.0,31.91,27.0,8.21,0.798,0.239,38.21,19.07,13.74,32.81,29.43,27.56,109.0,0.192,22.0,20.18,8.0,7.34,0.552,0.10099999999999998,23.32,11.87,14.84,26.71,28.91,15.07,5.0,0.2,1.0,20.0,0.0,0.0,0.6000000000000001,0.2,36.36,21.05,10.53,31.58,45.45,11.11
746705,2024-06-09,2024,664023,L,593423,R,double,False,False,191.0,0.217,55.0,28.8,25.0,13.09,0.7170000000000001,0.168,28.31,12.88,15.76,28.64,22.06,19.03,502.0,0.258,109.0,21.71,80.0,15.94,0.831,0.192,25.86,11.22,15.24,26.46,20.31,17.34,125.0,0.275,20.0,16.0,12.0,9.6,0.831,0.193,20.43,9.94,13.66,23.6,27.64,15.04,2.0,1.0,0.0,0.0,1.0,50.0,2.0,0.0,0.0,0.0,14.29,14.29,0.0,
746705,2024-06-09,2024,621020,R,593423,R,strikeout,True,False,165.0,0.212,49.0,29.7,12.0,7.27,0.611,0.12600000000000003,33.85,16.34,15.16,31.5,24.29,24.26,478.0,0.244,111.0,23.22,49.0,10.25,0.734,0.161,28.04,13.13,15.12,28.26,23.34,18.66,109.0,0.192,22.0,20.18,8.0,7.34,0.552,0.10099999999999998,23.32,11.87,14.84,26.71,28.91,15.07,5.0,0.2,1.0,20.0,0.0,0.0,0.6000000000000001,0.2,36.36,21.05,10.53,31.58,45.45,11.11
746705,2024-06-09,2024,683737,L,593423,R,walk,False,True,184.0,0.239,65.0,35.33,24.0,13.04,0.794,0.21300000000000002,33.8,15.09,14.97,30.06,25.18,24.81,66.0,0.158,21.0,31.82,8.0,12.12,0.556,0.1399999999999999,29.79,14.48,13.45,27.93,28.39,21.0,125.0,0.275,20.0,16.0,12.0,9.6,0.831,0.193,20.43,9.94,13.66,23.6,27.64,15.04,2.0,1.0,0.0,0.0,1.0,50.0,2.0,0.0,0.0,0.0,14.29,14.29,0.0,
746705,2024-06-09,2024,691718,L,593423,R,field_out,False,False,71.0,0.206,14.0,19.72,4.0,5.63,0.5780000000000001,0.11100000000000002,22.29,12.87,11.4,24.26,38.52,14.58,15.0,0.0,6.0,40.0,2.0,13.33,0.154,0.0,44.44,26.67,8.33,35.0,23.08,27.27,125.0,0.275,20.0,16.0,12.0,9.6,0.831,0.193,20.43,9.94,13.66,23.6,27.64,15.04,2.0,1.0,0.0,0.0,1.0,50.0,2.0,0.0,0.0,0.0,14.29,14.29,0.0,
746705,2024-06-09,2024,656413,R,684007,L,strikeout,True,False,81.0,0.324,15.0,18.52,10.0,12.35,0.8859999999999999,0.15499999999999997,36.17,17.41,9.56,26.96,22.15,20.27,113.0,0.226,34.0,30.09,13.0,11.5,0.7,0.1289999999999999,36.84,17.46,14.51,31.97,22.54,26.77,195.0,0.222,52.0,26.67,10.0,5.13,0.603,0.11900000000000002,32.28,17.97,11.08,29.05,35.15,23.64,,,,,,,,,,,,,,
746705,2024-06-09,2024,682829,R,684007,L,field_out,False,False,102.0,0.226,29.0,28.43,12.0,11.76,0.683,0.10700000000000001,34.05,14.65,14.88,29.53,26.27,25.0,122.0,0.184,49.0,40.16,5.0,4.1,0.494,0.079,37.56,17.7,19.4,37.1,38.0,33.33,195.0,0.222,52.0,26.67,10.0,5.13,0.603,0.11900000000000002,32.28,17.97,11.08,29.05,35.15,23.64,,,,,,,,,,,,,,
746705,2024-06-09,2024,600869,R,684007,L,strikeout,True,False,81.0,0.246,17.0,20.99,10.0,12.35,0.735,0.131,28.21,13.79,12.85,26.65,29.63,18.28,161.0,0.254,36.0,22.36,15.0,9.32,0.793,0.197,21.45,10.5,14.2,24.7,29.83,16.29,195.0,0.222,52.0,26.67,10.0,5.13,0.603,0.11900000000000002,32.28,17.97,11.08,29.05,35.15,23.64,,,,,,,,,,,,,,
746705,2024-06-09,2024,665804,R,593423,R,double,False,False,102.0,0.22,23.0,22.55,8.0,7.84,0.591,0.07699999999999999,27.94,15.2,14.4,29.6,37.3,19.66,92.0,0.187,24.0,26.09,7.0,7.61,0.679,0.173,24.72,11.67,16.98,28.65,28.18,19.05,109.0,0.192,22.0,20.18,8.0,7.34,0.552,0.10099999999999998,23.32,11.87,14.84,26.71,28.91,15.07,5.0,0.2,1.0,20.0,0.0,0.0,0.6000000000000001,0.2,36.36,21.05,10.53,31.58,45.45,11.11
746705,2024-06-09,2024,643565,L,593423,R,single,False,False,178.0,0.262,35.0,19.66,25.0,14.04,0.8029999999999999,0.16799999999999998,22.73,11.17,11.79,22.95,23.29,12.24,345.0,0.253,73.0,21.16,50.0,14.49,0.739,0.121,23.95,9.92,17.49,27.41,19.14,15.57,125.0,0.275,20.0,16.0,12.0,9.6,0.831,0.193,20.43,9.94,13.66,23.6,27.64,15.04,2.0,1.0,0.0,0.0,1.0,50.0,2.0,0.0,0.0,0.0,14.29,14.29,0.0,
746705,2024-06-09,2024,673548,R,593423,R,strikeout,True,False,118.0,0.276,34.0,28.81,6.0,5.08,0.8069999999999999,0.19999999999999996,28.0,11.57,20.87,32.44,25.3,21.52,419.0,0.278,102.0,24.34,41.0,9.79,0.839,0.2129999999999999,24.3,9.93,20.44,30.37,19.3,20.2,109.0,0.192,22.0,20.18,8.0,7.34,0.552,0.10099999999999998,23.32,11.87,14.84,26.71,28.91,15.07,5.0,0.2,1.0,20.0,0.0,0.0,0.6000000000000001,0.2,36.36,21.05,10.53,31.58,45.45,11.11
746705,2024-06-09,2024,641355,L,593423,R,single,False,False,152.0,0.22,28.0,18.42,17.0,11.18,0.763,0.227,26.71,13.26,12.54,25.81,30.4,19.58,373.0,0.291,58.0,15.55,27.0,7.24,0.829,0.198,20.08,10.01,15.91,25.92,29.71,13.74,125.0,0.275,20.0,16.0,12.0,9.6,0.831,0.193,20.43,9.94,13.66,23.6,27.64,15.04,2.0,1.0,0.0,0.0,1.0,50.0,2.0,0.0,0.0,0.0,14.29,14.29,0.0,
746705,2024-06-09,2024,666624,R,686730,R,strikeout,True,False,197.0,0.202,45.0,22.84,24.0,12.18,0.687,0.179,30.79,14.14,13.49,27.63,25.0,20.45,329.0,0.247,105.0,31.91,27.0,8.21,0.798,0.239,38.21,19.07,13.74,32.81,29.43,27.56,27.0,0.16,6.0,22.22,2.0,7.41,0.46199999999999997,0.07999999999999999,24.44,11.46,19.79,31.25,28.57,20.0,31.0,0.214,8.0,25.81,3.0,9.68,0.683,0.179,18.46,8.63,20.14,28.78,30.65,16.0
746705,2024-06-09,2024,664023,L,686730,R,field_out,False,False,191.0,0.217,55.0,28.8,25.0,13.09,0.7170000000000001,0.168,28.31,12.88,15.76,28.64,22.06,19.03,502.0,0.258,109.0,21.71,80.0,15.94,0.831,0.192,25.86,11.22,15.24,26.46,20.31,17.34,31.0,0.379,2.0,6.45,1.0,3.23,0.9019999999999999,0.10399999999999998,14.55,7.69,19.23,26.92,19.51,9.09,33.0,0.429,4.0,12.12,4.0,12.12,0.964,0.035,22.08,11.18,8.55,19.74,29.89,8.7
746705,2024-06-09,2024,668715,R,684007,L,field_out,False,False,84.0,0.243,16.0,19.05,11.0,13.1,0.843,0.243,21.13,9.2,16.87,26.07,24.4,15.22,180.0,0.312,33.0,18.33,17.0,9.44,0.928,0.238,20.88,9.77,17.74,27.51,26.97,14.47,195.0,0.222,52.0,26.67,10.0,5.13,0.603,0.11900000000000002,32.28,17.97,11.08,29.05,35.15,23.64,,,,,,,,,,,,,,
746705,2024-06-09,2024,663697,R,684007,L,field_out,False,False,81.0,0.288,12.0,14.81,12.0,14.81,0.8009999999999999,0.10600000000000004,13.79,4.57,24.29,28.86,14.04,12.37,134.0,0.207,36.0,26.87,15.0,11.19,0.642,0.129,23.87,9.31,22.67,31.99,19.93,19.66,195.0,0.222,52.0,26.67,10.0,5.13,0.603,0.11900000000000002,32.28,17.97,11.08,29.05,35.15,23.64,,,,,,,,,,,,,,
746705,2024-06-09,2024,669289,R,684007,L,single,False,False,66.0,0.226,5.0,7.58,7.0,10.61,0.604,0.07599999999999998,10.71,4.92,15.98,20.9,25.2,8.93,116.0,0.252,14.0,12.07,8.0,6.9,0.657,0.1029999999999999,17.24,7.83,19.46,27.29,25.0,10.94,195.0,0.222,52.0,26.67,10.0,5.13,0.603,0.11900000000000002,32.28,17.97,11.08,29.05,35.15,23.64,,,,,,,,,,,,,,
746705,2024-06-09,2024,670770,L,684007,L,field_out,False,False,23.0,0.375,3.0,13.04,3.0,13.04,1.003,0.063,31.03,12.0,22.67,34.67,25.0,17.65,110.0,0.354,20.0,18.18,9.0,8.18,0.963,0.188,19.23,7.48,23.69,31.17,22.46,18.87,56.0,0.25,13.0,23.21,0.0,0.0,0.554,0.05399999999999999,22.12,12.95,13.47,26.42,39.08,20.97,,,,,,,,,,,,,,
746705,2024-06-09,2024,621020,R,686730,R,single,False,False,165.0,0.212,49.0,29.7,12.0,7.27,0.611,0.12600000000000003,33.85,16.34,15.16,31.5,24.29,24.26,478.0,0.244,111.0,23.22,49.0,10.25,0.734,0.161,28.04,13.13,15.12,28.26,23.34,18.66,27.0,0.16,6.0,22.22,2.0,7.41,0.46199999999999997,0.07999999999999999,24.44,11.46,19.79,31.25,28.57,20.0,31.0,0.214,8.0,25.81,3.0,9.68,0.683,0.179,18.46,8.63,20.14,28.78,30.65,16.0
746705,2024-06-09,2024,683737,L,686730,R,strikeout,True,False,184.0,0.239,65.0,35.33,24.0,13.04,0.794,0.21300000000000002,33.8,15.09,14.97,30.06,25.18,24.81,66.0,0.158,21.0,31.82,8.0,12.12,0.556,0.1399999999999999,29.79,14.48,13.45,27.93,28.39,21.0,31.0,0.379,2.0,6.45,1.0,3.23,0.9019999999999999,0.10399999999999998,14.55,7.69,19.23,26.92,19.51,9.09,33.0,0.429,4.0,12.12,4.0,12.12,0.964,0.035,22.08,11.18,8.55,19.74,29.89,8.7
746705,2024-06-09,2024,691718,L,686730,R,strikeout,True,False,71.0,0.206,14.0,19.72,4.0,5.63,0.5780000000000001,0.11100000000000002,22.29,12.87,11.4,24.26,38.52,14.58,15.0,0.0,6.0,40.0,2.0,13.33,0.154,0.0,44.44,26.67,8.33,35.0,23.08,27.27,31.0,0.379,2.0,6.45,1.0,3.23,0.9019999999999999,0.10399999999999998,14.55,7.69,19.23,26.92,19.51,9.09,33.0,0.429,4.0,12.12,4.0,12.12,0.964,0.035,22.08,11.18,8.55,19.74,29.89,8.7
746705,2024-06-09,2024,665804,R,686730,R,hit_by_pitch,False,False,102.0,0.22,23.0,22.55,8.0,7.84,0.591,0.07699999999999999,27.94,15.2,14.4,29.6,37.3,19.66,92.0,0.187,24.0,26.09,7.0,7.61,0.679,0.173,24.72,11.67,16.98,28.65,28.18,19.05,27.0,0.16,6.0,22.22,2.0,7.41,0.46199999999999997,0.07999999999999999,24.44,11.46,19.79,31.25,28.57,20.0,31.0,0.214,8.0,25.81,3.0,9.68,0.683,0.179,18.46,8.63,20.14,28.78,30.65,16.0
746705,2024-06-09,2024,643565,L,686730,R,field_out,False,False,178.0,0.262,35.0,19.66,25.0,14.04,0.8029999999999999,0.16799999999999998,22.73,11.17,11.79,22.95,23.29,12.24,345.0,0.253,73.0,21.16,50.0,14.49,0.739,0.121,23.95,9.92,17.49,27.41,19.14,15.57,31.0,0.379,2.0,6.45,1.0,3.23,0.9019999999999999,0.10399999999999998,14.55,7.69,19.23,26.92,19.51,9.09,33.0,0.429,4.0,12.12,4.0,12.12,0.964,0.035,22.08,11.18,8.55,19.74,29.89,8.7
746705,2024-06-09,2024,571912,R,684007,L,home_run,False,False,28.0,0.208,7.0,25.0,4.0,14.29,0.654,0.12500000000000003,20.83,8.85,15.93,24.78,29.69,21.88,58.0,0.259,14.0,24.14,4.0,6.9,0.754,0.185,28.43,12.61,18.26,30.87,29.46,22.58,195.0,0.222,52.0,26.67,10.0,5.13,0.603,0.11900000000000002,32.28,17.97,11.08,29.05,35.15,23.64,,,,,,,,,,,,,,
746705,2024-06-09,2024,694362,R,684007,L,field_out,False,False,7.0,0.167,1.0,14.29,1.0,14.29,0.619,0.166,44.44,20.0,15.0,35.0,18.18,33.33,,,,,,,,,,,,,,,195.0,0.222,52.0,26.67,10.0,5.13,0.603,0.11900000000000002,32.28,17.97,11.08,29.05,35.15,23.64,,,,,,,,,,,,,,
746705,2024-06-09,2024,656413,R,684007,L,field_out,False,False,81.0,0.324,15.0,18.52,10.0,12.35,0.8859999999999999,0.15499999999999997,36.17,17.41,9.56,26.96,22.15,20.27,113.0,0.226,34.0,30.09,13.0,11.5,0.7,0.1289999999999999,36.84,17.46,14.51,31.97,22.54,26.77,195.0,0.222,52.0,26.67,10.0,5.13,0.603,0.11900000000000002,32.28,17.97,11.08,29.05,35.15,23.64,,,,,,,,,,,,,,
746705,2024-06-09,2024,682829,R,684007,L,field_out,False,False,102.0,0.226,29.0,28.43,12.0,11.76,0.683,0.10700000000000001,34.05,14.65,14.88,29.53,26.27,25.0,122.0,0.184,49.0,40.16,5.0,4.1,0.494,0.079,37.56,17.7,19.4,37.1,38.0,33.33,195.0,0.222,52.0,26.67,10.0,5.13,0.603,0.11900000000000002,32.28,17.97,11.08,29.05,35.15,23.64,,,,,,,,,,,,,,
746705,2024-06-09,2024,673548,R,686730,R,single,False,False,118.0,0.276,34.0,28.81,6.0,5.08,0.8069999999999999,0.19999999999999996,28.0,11.57,20.87,32.44,25.3,21.52,419.0,0.278,102.0,24.34,41.0,9.79,0.839,0.2129999999999999,24.3,9.93,20.44,30.37,19.3,20.2,27.0,0.16,6.0,22.22,2.0,7.41,0.46199999999999997,0.07999999999999999,24.44,11.46,19.79,31.25,28.57,20.0,31.0,0.214,8.0,25.81,3.0,9.68,0.683,0.179,18.46,8.63,20.14,28.78,30.65,16.0
746705,2024-06-09,2024,641355,L,686730,R,strikeout,True,False,152.0,0.22,28.0,18.42,17.0,11.18,0.763,0.227,26.71,13.26,12.54,25.81,30.4,19.58,373.0,0.291,58.0,15.55,27.0,7.24,0.829,0.198,20.08,10.01,15.91,25.92,29.71,13.74,31.0,0.379,2.0,6.45,1.0,3.23,0.9019999999999999,0.10399999999999998,14.55,7.69,19.23,26.92,19.51,9.09,33.0,0.429,4.0,12.12,4.0,12.12,0.964,0.035,22.08,11.18,8.55,19.74,29.89,8.7
746705,2024-06-09,2024,666624,R,686730,R,field_out,False,False,197.0,0.202,45.0,22.84,24.0,12.18,0.687,0.179,30.79,14.14,13.49,27.63,25.0,20.45,329.0,0.247,105.0,31.91,27.0,8.21,0.798,0.239,38.21,19.07,13.74,32.81,29.43,27.56,27.0,0.16,6.0,22.22,2.0,7.41,0.46199999999999997,0.07999999999999999,24.44,11.46,19.79,31.25,28.57,20.0,31.0,0.214,8.0,25.81,3.0,9.68,0.683,0.179,18.46,8.63,20.14,28.78,30.65,16.0
746705,2024-06-09,2024,664023,L,686730,R,strikeout,True,False,191.0,0.217,55.0,28.8,25.0,13.09,0.7170000000000001,0.168,28.31,12.88,15.76,28.64,22.06,19.03,502.0,0.258,109.0,21.71,80.0,15.94,0.831,0.192,25.86,11.22,15.24,26.46,20.31,17.34,31.0,0.379,2.0,6.45,1.0,3.23,0.9019999999999999,0.10399999999999998,14.55,7.69,19.23,26.92,19.51,9.09,33.0,0.429,4.0,12.12,4.0,12.12,0.964,0.035,22.08,11.18,8.55,19.74,29.89,8.7
746705,2024-06-09,2024,600869,R,684007,L,field_out,False,False,81.0,0.246,17.0,20.99,10.0,12.35,0.735,0.131,28.21,13.79,12.85,26.65,29.63,18.28,161.0,0.254,36.0,22.36,15.0,9.32,0.793,0.197,21.45,10.5,14.2,24.7,29.83,16.29,195.0,0.222,52.0,26.67,10.0,5.13,0.603,0.11900000000000002,32.28,17.97,11.08,29.05,35.15,23.64,,,,,,,,,,,,,,
746705,2024-06-09,2024,668715,R,684007,L,walk,False,True,84.0,0.243,16.0,19.05,11.0,13.1,0.843,0.243,21.13,9.2,16.87,26.07,24.4,15.22,180.0,0.312,33.0,18.33,17.0,9.44,0.928,0.238,20.88,9.77,17.74,27.51,26.97,14.47,195.0,0.222,52.0,26.67,10.0,5.13,0.603,0.11900000000000002,32.28,17.97,11.08,29.05,35.15,23.64,,,,,,,,,,,,,,
746705,2024-06-09,2024,663697,R,684007,L,strikeout,True,False,81.0,0.288,12.0,14.81,12.0,14.81,0.8009999999999999,0.10600000000000004,13.79,4.57,24.29,28.86,14.04,12.37,134.0,0.207,36.0,26.87,15.0,11.19,0.642,0.129,23.87,9.31,22.67,31.99,19.93,19.66,195.0,0.222,52.0,26.67,10.0,5.13,0.603,0.11900000000000002,32.28,17.97,11.08,29.05,35.15,23.64,,,,,,,,,,,,,,
746705,2024-06-09,2024,669289,R,684007,L,field_out,False,False,66.0,0.226,5.0,7.58,7.0,10.61,0.604,0.07599999999999998,10.71,4.92,15.98,20.9,25.2,8.93,116.0,0.252,14.0,12.07,8.0,6.9,0.657,0.1029999999999999,17.24,7.83,19.46,27.29,25.0,10.94,195.0,0.222,52.0,26.67,10.0,5.13,0.603,0.11900000000000002,32.28,17.97,11.08,29.05,35.15,23.64,,,,,,,,,,,,,,
746705,2024-06-09,2024,621020,R,686730,R,double,False,False,165.0,0.212,49.0,29.7,12.0,7.27,0.611,0.12600000000000003,33.85,16.34,15.16,31.5,24.29,24.26,478.0,0.244,111.0,23.22,49.0,10.25,0.734,0.161,28.04,13.13,15.12,28.26,23.34,18.66,27.0,0.16,6.0,22.22,2.0,7.41,0.46199999999999997,0.07999999999999999,24.44,11.46,19.79,31.25,28.57,20.0,31.0,0.214,8.0,25.81,3.0,9.68,0.683,0.179,18.46,8.63,20.14,28.78,30.65,16.0
746705,2024-06-09,2024,683737,L,686730,R,field_out,False,False,184.0,0.239,65.0,35.33,24.0,13.04,0.794,0.21300000000000002,33.8,15.09,14.97,30.06,25.18,24.81,66.0,0.158,21.0,31.82,8.0,12.12,0.556,0.1399999999999999,29.79,14.48,13.45,27.93,28.39,21.0,31.0,0.379,2.0,6.45,1.0,3.23,0.9019999999999999,0.10399999999999998,14.55,7.69,19.23,26.92,19.51,9.09,33.0,0.429,4.0,12.12,4.0,12.12,0.964,0.035,22.08,11.18,8.55,19.74,29.89,8.7
746705,2024-06-09,2024,691718,L,686730,R,field_out,False,False,71.0,0.206,14.0,19.72,4.0,5.63,0.5780000000000001,0.11100000000000002,22.29,12.87,11.4,24.26,38.52,14.58,15.0,0.0,6.0,40.0,2.0,13.33,0.154,0.0,44.44,26.67,8.33,35.0,23.08,27.27,31.0,0.379,2.0,6.45,1.0,3.23,0.9019999999999999,0.10399999999999998,14.55,7.69,19.23,26.92,19.51,9.09,33.0,0.429,4.0,12.12,4.0,12.12,0.964,0.035,22.08,11.18,8.55,19.74,29.89,8.7
746705,2024-06-09,2024,665804,R,686730,R,field_out,False,False,102.0,0.22,23.0,22.55,8.0,7.84,0.591,0.07699999999999999,27.94,15.2,14.4,29.6,37.3,19.66,92.0,0.187,24.0,26.09,7.0,7.61,0.679,0.173,24.72,11.67,16.98,28.65,28.18,19.05,27.0,0.16,6.0,22.22,2.0,7.41,0.46199999999999997,0.07999999999999999,24.44,11.46,19.79,31.25,28.57,20.0,31.0,0.214,8.0,25.81,3.0,9.68,0.683,0.179,18.46,8.63,20.14,28.78,30.65,16.0
746705,2024-06-09,2024,670770,L,684007,L,strikeout,True,False,23.0,0.375,3.0,13.04,3.0,13.04,1.003,0.063,31.03,12.0,22.67,34.67,25.0,17.65,110.0,0.354,20.0,18.18,9.0,8.18,0.963,0.188,19.23,7.48,23.69,31.17,22.46,18.87,56.0,0.25,13.0,23.21,0.0,0.0,0.554,0.05399999999999999,22.12,12.95,13.47,26.42,39.08,20.97,,,,,,,,,,,,,,
746705,2024-06-09,2024,571912,R,684007,L,strikeout,True,False,28.0,0.208,7.0,25.0,4.0,14.29,0.654,0.12500000000000003,20.83,8.85,15.93,24.78,29.69,21.88,58.0,0.259,14.0,24.14,4.0,6.9,0.754,0.185,28.43,12.61,18.26,30.87,29.46,22.58,195.0,0.222,52.0,26.67,10.0,5.13,0.603,0.11900000000000002,32.28,17.97,11.08,29.05,35.15,23.64,,,,,,,,,,,,,,
746705,2024-06-09,2024,694362,R,684007,L,field_out,False,False,7.0,0.167,1.0,14.29,1.0,14.29,0.619,0.166,44.44,20.0,15.0,35.0,18.18,33.33,,,,,,,,,,,,,,,195.0,0.222,52.0,26.67,10.0,5.13,0.603,0.11900000000000002,32.28,17.97,11.08,29.05,35.15,23.64,,,,,,,,,,,,,,
746705,2024-06-09,2024,643565,L,686730,R,field_out,False,False,178.0,0.262,35.0,19.66,25.0,14.04,0.8029999999999999,0.16799999999999998,22.73,11.17,11.79,22.95,23.29,12.24,345.0,0.253,73.0,21.16,50.0,14.49,0.739,0.121,23.95,9.92,17.49,27.41,19.14,15.57,31.0,0.379,2.0,6.45,1.0,3.23,0.9019999999999999,0.10399999999999998,14.55,7.69,19.23,26.92,19.51,9.09,33.0,0.429,4.0,12.12,4.0,12.12,0.964,0.035,22.08,11.18,8.55,19.74,29.89,8.7
746705,2024-06-09,2024,673548,R,686730,R,strikeout,True,False,118.0,0.276,34.0,28.81,6.0,5.08,0.8069999999999999,0.19999999999999996,28.0,11.57,20.87,32.44,25.3,21.52,419.0,0.278,102.0,24.34,41.0,9.79,0.839,0.2129999999999999,24.3,9.93,20.44,30.37,19.3,20.2,27.0,0.16,6.0,22.22,2.0,7.41,0.46199999999999997,0.07999999999999999,24.44,11.46,19.79,31.25,28.57,20.0,31.0,0.214,8.0,25.81,3.0,9.68,0.683,0.179,18.46,8.63,20.14,28.78,30.65,16.0
746705,2024-06-09,2024,641355,L,686730,R,field_out,False,False,152.0,0.22,28.0,18.42,17.0,11.18,0.763,0.227,26.71,13.26,12.54,25.81,30.4,19.58,373.0,0.291,58.0,15.55,27.0,7.24,0.829,0.198,20.08,10.01,15.91,25.92,29.71,13.74,31.0,0.379,2.0,6.45,1.0,3.23,0.9019999999999999,0.10399999999999998,14.55,7.69,19.23,26.92,19.51,9.09,33.0,0.429,4.0,12.12,4.0,12.12,0.964,0.035,22.08,11.18,8.55,19.74,29.89,8.7
746705,2024-06-09,2024,656413,R,684007,L,strikeout,True,False,81.0,0.324,15.0,18.52,10.0,12.35,0.8859999999999999,0.15499999999999997,36.17,17.41,9.56,26.96,22.15,20.27,113.0,0.226,34.0,30.09,13.0,11.5,0.7,0.1289999999999999,36.84,17.46,14.51,31.97,22.54,26.77,195.0,0.222,52.0,26.67,10.0,5.13,0.603,0.11900000000000002,32.28,17.97,11.08,29.05,35.15,23.64,,,,,,,,,,,,,,
746705,2024-06-09,2024,682829,R,684007,L,field_out,False,False,102.0,0.226,29.0,28.43,12.0,11.76,0.683,0.10700000000000001,34.05,14.65,14.88,29.53,26.27,25.0,122.0,0.184,49.0,40.16,5.0,4.1,0.494,0.079,37.56,17.7,19.4,37.1,38.0,33.33,195.0,0.222,52.0,26.67,10.0,5.13,0.603,0.11900000000000002,32.28,17.97,11.08,29.05,35.15,23.64,,,,,,,,,,,,,,
746705,2024-06-09,2024,600869,R,684007,L,field_out,False,False,81.0,0.246,17.0,20.99,10.0,12.35,0.735,0.131,28.21,13.79,12.85,26.65,29.63,18.28,161.0,0.254,36.0,22.36,15.0,9.32,0.793,0.197,21.45,10.5,14.2,24.7,29.83,16.29,195.0,0.222,52.0,26.67,10.0,5.13,0.603,0.11900000000000002,32.28,17.97,11.08,29.05,35.15,23.64,,,,,,,,,,,,,,
746705,2024-06-09,2024,666624,R,686730,R,single,False,False,197.0,0.202,45.0,22.84,24.0,12.18,0.687,0.179,30.79,14.14,13.49,27.63,25.0,20.45,329.0,0.247,105.0,31.91,27.0,8.21,0.798,0.239,38.21,19.07,13.74,32.81,29.43,27.56,27.0,0.16,6.0,22.22,2.0,7.41,0.46199999999999997,0.07999999999999999,24.44,11.46,19.79,31.25,28.57,20.0,31.0,0.214,8.0,25.81,3.0,9.68,0.683,0.179,18.46,8.63,20.14,28.78,30.65,16.0
746705,2024-06-09,2024,664023,L,686730,R,walk,False,True,191.0,0.217,55.0,28.8,25.0,13.09,0.7170000000000001,0.168,28.31,12.88,15.76,28.64,22.06,19.03,502.0,0.258,109.0,21.71,80.0,15.94,0.831,0.192,25.86,11.22,15.24,26.46,20.31,17.34,31.0,0.379,2.0,6.45,1.0,3.23,0.9019999999999999,0.10399999999999998,14.55,7.69,19.23,26.92,19.51,9.09,33.0,0.429,4.0,12.12,4.0,12.12,0.964,0.035,22.08,11.18,8.55,19.74,29.89,8.7
746705,2024-06-09,2024,621020,R,686730,R,grounded_into_double_play,False,False,165.0,0.212,49.0,29.7,12.0,7.27,0.611,0.12600000000000003,33.85,16.34,15.16,31.5,24.29,24.26,478.0,0.244,111.0,23.22,49.0,10.25,0.734,0.161,28.04,13.13,15.12,28.26,23.34,18.66,27.0,0.16,6.0,22.22,2.0,7.41,0.46199999999999997,0.07999999999999999,24.44,11.46,19.79,31.25,28.57,20.0,31.0,0.214,8.0,25.81,3.0,9.68,0.683,0.179,18.46,8.63,20.14,28.78,30.65,16.0
746705,2024-06-09,2024,683737,L,686730,R,strikeout,True,False,184.0,0.239,65.0,35.33,24.0,13.04,0.794,0.21300000000000002,33.8,15.09,14.97,30.06,25.18,24.81,66.0,0.158,21.0,31.82,8.0,12.12,0.556,0.1399999999999999,29.79,14.48,13.45,27.93,28.39,21.0,31.0,0.379,2.0,6.45,1.0,3.23,0.9019999999999999,0.10399999999999998,14.55,7.69,19.23,26.92,19.51,9.09,33.0,0.429,4.0,12.12,4.0,12.12,0.964,0.035,22.08,11.18,8.55,19.74,29.89,8.7
746705,2024-06-09,2024,668715,R,684007,L,single,False,False,84.0,0.243,16.0,19.05,11.0,13.1,0.843,0.243,21.13,9.2,16.87,26.07,24.4,15.22,180.0,0.312,33.0,18.33,17.0,9.44,0.928,0.238,20.88,9.77,17.74,27.51,26.97,14.47,195.0,0.222,52.0,26.67,10.0,5.13,0.603,0.11900000000000002,32.28,17.97,11.08,29.05,35.15,23.64,,,,,,,,,,,,,,
746705,2024-06-09,2024,663697,R,684007,L,single,False,False,81.0,0.288,12.0,14.81,12.0,14.81,0.8009999999999999,0.10600000000000004,13.79,4.57,24.29,28.86,14.04,12.37,134.0,0.207,36.0,26.87,15.0,11.19,0.642,0.129,23.87,9.31,22.67,31.99,19.93,19.66,195.0,0.222,52.0,26.67,10.0,5.13,0.603,0.11900000000000002,32.28,17.97,11.08,29.05,35.15,23.64,,,,,,,,,,,,,,
746705,2024-06-09,2024,669289,R,684007,L,single,False,False,66.0,0.226,5.0,7.58,7.0,10.61,0.604,0.07599999999999998,10.71,4.92,15.98,20.9,25.2,8.93,116.0,0.252,14.0,12.07,8.0,6.9,0.657,0.1029999999999999,17.24,7.83,19.46,27.29,25.0,10.94,195.0,0.222,52.0,26.67,10.0,5.13,0.603,0.11900000000000002,32.28,17.97,11.08,29.05,35.15,23.64,,,,,,,,,,,,,,
746705,2024-06-09,2024,670770,L,684007,L,strikeout,True,False,23.0,0.375,3.0,13.04,3.0,13.04,1.003,0.063,31.03,12.0,22.67,34.67,25.0,17.65,110.0,0.354,20.0,18.18,9.0,8.18,0.963,0.188,19.23,7.48,23.69,31.17,22.46,18.87,56.0,0.25,13.0,23.21,0.0,0.0,0.554,0.05399999999999999,22.12,12.95,13.47,26.42,39.08,20.97,,,,,,,,,,,,,,
746705,2024-06-09,2024,641584,L,643410,R,strikeout,True,False,130.0,0.287,27.0,20.77,12.0,9.23,0.711,0.07,19.93,11.27,9.43,20.7,26.94,16.98,339.0,0.268,66.0,19.47,34.0,10.03,0.815,0.199,24.78,12.84,11.52,24.36,30.55,18.38,67.0,0.23,16.0,23.88,6.0,8.96,0.5780000000000001,0.049000000000000016,33.33,15.66,14.06,29.72,34.21,24.24,182.0,0.185,58.0,31.87,18.0,9.89,0.567,0.1169999999999999,35.24,15.61,16.6,32.21,29.51,29.29
746705,2024-06-09,2024,691718,L,608718,L,field_out,False,False,12.0,0.273,5.0,41.67,0.0,0.0,0.6060000000000001,0.0,42.11,22.22,25.0,47.22,50.0,50.0,4.0,0.0,1.0,25.0,1.0,25.0,0.25,0.0,33.33,7.69,30.77,38.46,0.0,50.0,56.0,0.226,12.0,21.43,1.0,1.79,0.665,0.18899999999999997,21.1,11.22,12.2,23.41,26.8,19.35,108.0,0.284,14.0,12.96,12.0,11.11,0.7909999999999999,0.137,15.29,6.27,17.11,23.37,15.26,12.61
746705,2024-06-09,2024,665804,R,608718,L,field_out,False,False,40.0,0.135,8.0,20.0,1.0,2.5,0.397,0.10799999999999998,18.06,9.35,16.55,25.9,25.4,20.51,64.0,0.25,16.0,25.0,5.0,7.81,0.701,0.1069999999999999,31.53,14.11,18.55,32.66,28.79,20.0,88.0,0.3,16.0,18.18,7.0,7.95,0.84,0.188,21.95,10.0,17.78,27.78,30.2,13.56,185.0,0.229,41.0,22.16,13.0,7.03,0.585,0.0659999999999999,25.84,11.89,18.32,30.21,31.25,19.25
746705,2024-06-09,2024,643565,L,608718,L,field_out,False,False,51.0,0.261,11.0,21.57,5.0,9.8,0.637,0.04299999999999998,23.96,10.7,17.21,27.91,21.21,17.74,57.0,0.25,13.0,22.81,6.0,10.53,0.741,0.146,27.84,12.05,17.86,29.91,16.5,20.63,56.0,0.226,12.0,21.43,1.0,1.79,0.665,0.18899999999999997,21.1,11.22,12.2,23.41,26.8,19.35,108.0,0.284,14.0,12.96,12.0,11.11,0.7909999999999999,0.137,15.29,6.27,17.11,23.37,15.26,12.61
746705,2024-06-09,2024,663886,R,643410,R,field_out,False,False,124.0,0.261,28.0,22.58,9.0,7.26,0.7270000000000001,0.135,22.34,10.0,18.86,28.86,26.07,22.31,378.0,0.228,105.0,27.78,34.0,8.99,0.657,0.1239999999999999,29.78,12.81,19.96,32.77,26.19,24.59,36.0,0.206,16.0,44.44,2.0,5.56,0.544,0.088,39.71,18.37,18.37,36.73,34.18,34.78,87.0,0.254,19.0,21.84,6.0,6.9,0.875,0.253,26.32,11.56,15.32,26.88,23.2,20.21
746705,2024-06-09,2024,666181,L,643410,R,strikeout,True,False,163.0,0.247,68.0,41.72,17.0,10.43,0.8109999999999999,0.239,39.08,18.73,14.9,33.63,21.74,30.63,285.0,0.297,89.0,31.23,37.0,12.98,0.938,0.252,31.03,13.11,16.03,29.13,18.51,23.66,67.0,0.23,16.0,23.88,6.0,8.96,0.5780000000000001,0.049000000000000016,33.33,15.66,14.06,29.72,34.21,24.24,182.0,0.185,58.0,31.87,18.0,9.89,0.567,0.1169999999999999,35.24,15.61,16.6,32.21,29.51,29.29
746705,2024-06-09,2024,682829,L,643410,R,walk,False,True,173.0,0.244,58.0,33.53,17.0,9.83,0.7989999999999999,0.237,32.47,13.23,21.5,34.74,24.71,31.67,307.0,0.255,95.0,30.94,30.0,9.77,0.7989999999999999,0.2159999999999999,26.69,11.86,17.47,29.33,31.27,25.07,67.0,0.23,16.0,23.88,6.0,8.96,0.5780000000000001,0.049000000000000016,33.33,15.66,14.06,29.72,34.21,24.24,182.0,0.185,58.0,31.87,18.0,9.89,0.567,0.1169999999999999,35.24,15.61,16.6,32.21,29.51,29.29
746705,2024-06-09,2024,600869,L,643410,R,field_out,False,False,156.0,0.234,42.0,26.92,8.0,5.13,0.76,0.24899999999999997,29.08,15.21,14.36,29.57,36.36,23.73,415.0,0.251,91.0,21.93,38.0,9.16,0.812,0.2279999999999999,25.42,11.83,16.22,28.05,27.64,18.71,67.0,0.23,16.0,23.88,6.0,8.96,0.5780000000000001,0.049000000000000016,33.33,15.66,14.06,29.72,34.21,24.24,182.0,0.185,58.0,31.87,18.0,9.89,0.567,0.1169999999999999,35.24,15.61,16.6,32.21,29.51,29.29
746705,2024-06-09,2024,673548,R,571656,R,single,False,False,118.0,0.276,34.0,28.81,6.0,5.08,0.8069999999999999,0.19999999999999996,28.0,11.57,20.87,32.44,25.3,21.52,419.0,0.278,102.0,24.34,41.0,9.79,0.839,0.2129999999999999,24.3,9.93,20.44,30.37,19.3,20.2,68.0,0.186,11.0,16.18,4.0,5.88,0.567,0.10199999999999998,26.45,12.6,16.93,29.53,34.06,15.07,191.0,0.201,44.0,23.04,14.0,7.33,0.673,0.195,33.99,16.69,15.86,32.55,33.16,19.91
746705,2024-06-09,2024,641355,L,571656,R,single,False,False,152.0,0.22,28.0,18.42,17.0,11.18,0.763,0.227,26.71,13.26,12.54,25.81,30.4,19.58,373.0,0.291,58.0,15.55,27.0,7.24,0.829,0.198,20.08,10.01,15.91,25.92,29.71,13.74,51.0,0.289,10.0,19.61,6.0,11.76,0.8400000000000001,0.17800000000000005,22.22,9.62,15.87,25.48,25.23,20.0,118.0,0.235,26.0,22.03,15.0,12.71,0.743,0.177,24.55,10.69,15.84,26.53,23.37,18.44
746705,2024-06-09,2024,666624,R,571656,R,grounded_into_double_play,False,False,197.0,0.202,45.0,22.84,24.0,12.18,0.687,0.179,30.79,14.14,13.49,27.63,25.0,20.45,329.0,0.247,105.0,31.91,27.0,8.21,0.798,0.239,38.21,19.07,13.74,32.81,29.43,27.56,68.0,0.186,11.0,16.18,4.0,5.88,0.567,0.10199999999999998,26.45,12.6,16.93,29.53,34.06,15.07,191.0,0.201,44.0,23.04,14.0,7.33,0.673,0.195,33.99,16.69,15.86,32.55,33.16,19.91
746705,2024-06-09,2024,664023,L,571656,R,intent_walk,False,True,191.0,0.217,55.0,28.8,25.0,13.09,0.7170000000000001,0.168,28.31,12.88,15.76,28.64,22.06,19.03,502.0,0.258,109.0,21.71,80.0,15.94,0.831,0.192,25.86,11.22,15.24,26.46,20.31,17.34,51.0,0.289,10.0,19.61,6.0,11.76,0.8400000000000001,0.17800000000000005,22.22,9.62,15.87,25.48,25.23,20.0,118.0,0.235,26.0,22.03,15.0,12.71,0.743,0.177,24.55,10.69,15.84,26.53,23.37,18.44
746705,2024-06-09,2024,621020,R,571656,R,intent_walk,False,True,165.0,0.212,49.0,29.7,12.0,7.27,0.611,0.12600000000000003,33.85,16.34,15.16,31.5,24.29,24.26,478.0,0.244,111.0,23.22,49.0,10.25,0.734,0.161,28.04,13.13,15.12,28.26,23.34,18.66,68.0,0.186,11.0,16.18,4.0,5.88,0.567,0.10199999999999998,26.45,12.6,16.93,29.53,34.06,15.07,191.0,0.201,44.0,23.04,14.0,7.33,0.673,0.195,33.99,16.69,15.86,32.55,33.16,19.91
746705,2024-06-09,2024,623520,R,571656,R,field_out,False,False,4.0,0.5,2.0,50.0,0.0,0.0,1.0,0.0,28.57,16.67,25.0,41.67,33.33,100.0,,,,,,,,,,,,,,,68.0,0.186,11.0,16.18,4.0,5.88,0.567,0.10199999999999998,26.45,12.6,16.93,29.53,34.06,15.07,191.0,0.201,44.0,23.04,14.0,7.33,0.673,0.195,33.99,16.69,15.86,32.55,33.16,19.91
746705,2024-06-09,2024,668715,R,593576,R,strikeout,True,False,179.0,0.236,35.0,19.55,20.0,11.17,0.6990000000000001,0.133,21.88,9.69,17.63,27.32,25.26,14.11,487.0,0.256,106.0,21.77,51.0,10.47,0.7789999999999999,0.175,25.48,10.86,19.02,29.88,22.75,18.53,54.0,0.255,9.0,16.67,5.0,9.26,0.7230000000000001,0.128,17.43,8.72,12.84,21.56,30.97,14.52,158.0,0.181,45.0,28.48,16.0,10.13,0.6060000000000001,0.145,27.9,14.33,15.14,29.47,31.82,22.39
746705,2024-06-09,2024,663697,R,593576,R,strikeout,True,False,158.0,0.22,37.0,23.42,23.0,14.56,0.653,0.098,19.18,6.8,21.13,27.93,15.74,18.69,397.0,0.257,73.0,18.39,37.0,9.32,0.7809999999999999,0.175,21.3,8.18,21.42,29.59,19.53,15.19,54.0,0.255,9.0,16.67,5.0,9.26,0.7230000000000001,0.128,17.43,8.72,12.84,21.56,30.97,14.52,158.0,0.181,45.0,28.48,16.0,10.13,0.6060000000000001,0.145,27.9,14.33,15.14,29.47,31.82,22.39
746705,2024-06-09,2024,669289,R,593576,R,field_out,False,False,78.0,0.167,14.0,17.95,4.0,5.13,0.486,0.11100000000000002,10.71,4.84,17.1,21.94,24.0,16.28,138.0,0.244,22.0,15.94,10.0,7.25,0.633,0.073,17.87,7.68,20.84,28.52,25.34,15.6,54.0,0.255,9.0,16.67,5.0,9.26,0.7230000000000001,0.128,17.43,8.72,12.84,21.56,30.97,14.52,158.0,0.181,45.0,28.48,16.0,10.13,0.6060000000000001,0.145,27.9,14.33,15.14,29.47,31.82,22.39
745651,2024-06-09,2024,687462,L,687765,R,single,False,False,3.0,0.0,0.0,0.0,1.0,33.33,0.333,0.0,0.0,0.0,0.0,0.0,0.0,,38.0,0.265,10.0,26.32,3.0,7.89,0.754,0.1469999999999999,27.14,13.01,17.12,30.14,25.35,21.74,81.0,0.253,22.0,27.16,5.0,6.17,0.7090000000000001,0.14700000000000002,23.93,11.89,16.16,28.05,31.14,21.43,,,,,,,,,,,,,,
745651,2024-06-09,2024,643376,R,687765,R,field_out,False,False,103.0,0.269,13.0,12.62,9.0,8.74,0.857,0.258,16.67,6.67,20.24,26.9,19.9,9.76,215.0,0.237,46.0,21.4,16.0,7.44,0.784,0.221,25.13,11.59,15.17,26.76,23.75,20.09,101.0,0.239,15.0,14.85,8.0,7.92,0.6479999999999999,0.10899999999999999,23.38,12.27,13.32,25.59,30.69,12.73,,,,,,,,,,,,,,
745651,2024-06-09,2024,665489,R,687765,R,single,False,False,224.0,0.305,39.0,17.41,26.0,11.61,0.825,0.132,24.24,11.23,15.49,26.72,23.91,13.83,558.0,0.26,85.0,15.23,48.0,8.6,0.792,0.2,23.83,12.29,11.94,24.23,30.21,15.37,101.0,0.239,15.0,14.85,8.0,7.92,0.6479999999999999,0.10899999999999999,23.38,12.27,13.32,25.59,30.69,12.73,,,,,,,,,,,,,,
745651,2024-06-09,2024,666182,R,687765,R,grounded_into_double_play,False,False,207.0,0.267,35.0,16.91,12.0,5.8,0.722,0.136,22.19,12.68,10.83,23.5,36.69,16.99,496.0,0.303,102.0,20.56,20.0,4.03,0.797,0.161,21.9,12.38,11.73,24.11,38.01,17.91,101.0,0.239,15.0,14.85,8.0,7.92,0.6479999999999999,0.10899999999999999,23.38,12.27,13.32,25.59,30.69,12.73,,,,,,,,,,,,,,
745651,2024-06-09,2024,647351,L,670102,R,strikeout,True,False,186.0,0.253,38.0,20.43,9.0,4.84,0.675,0.121,19.65,9.24,18.21,27.45,29.72,18.81,20.0,0.412,5.0,25.0,2.0,10.0,1.265,0.353,37.04,15.62,26.56,42.19,25.0,31.25,31.0,0.269,6.0,19.35,4.0,12.9,0.849,0.193,22.95,11.67,14.17,25.83,21.15,18.18,73.0,0.197,13.0,17.81,2.0,2.74,0.557,0.141,14.29,7.34,17.83,25.17,34.33,14.29
745651,2024-06-09,2024,668709,L,670102,R,walk,False,True,211.0,0.249,37.0,17.54,25.0,11.85,0.781,0.194,25.92,11.06,17.31,28.37,21.93,17.7,232.0,0.209,53.0,22.84,35.0,15.09,0.726,0.184,28.61,12.18,15.3,27.48,19.27,20.46,31.0,0.269,6.0,19.35,4.0,12.9,0.849,0.193,22.95,11.67,14.17,25.83,21.15,18.18,73.0,0.197,13.0,17.81,2.0,2.74,0.557,0.141,14.29,7.34,17.83,25.17,34.33,14.29
745651,2024-06-09,2024,667670,R,670102,R,field_out,False,False,165.0,0.291,56.0,33.94,21.0,12.73,0.929,0.24800000000000005,37.23,17.54,13.19,30.72,29.77,26.79,351.0,0.23,115.0,32.76,33.0,9.4,0.788,0.2419999999999999,37.94,17.82,16.3,34.12,28.65,23.47,53.0,0.327,13.0,24.53,3.0,5.66,1.071,0.36699999999999994,21.88,11.29,17.74,29.03,25.93,22.41,63.0,0.145,22.0,34.92,6.0,9.52,0.5289999999999999,0.146,34.17,16.21,17.0,33.2,24.22,24.44
745651,2024-06-09,2024,609280,R,670102,R,field_out,False,False,43.0,0.238,7.0,16.28,0.0,0.0,0.59,0.119,11.9,6.1,18.9,25.0,38.55,14.89,52.0,0.229,6.0,11.54,4.0,7.69,0.705,0.1879999999999999,14.58,7.49,13.9,21.39,30.93,12.77,53.0,0.327,13.0,24.53,3.0,5.66,1.071,0.36699999999999994,21.88,11.29,17.74,29.03,25.93,22.41,63.0,0.145,22.0,34.92,6.0,9.52,0.5289999999999999,0.146,34.17,16.21,17.0,33.2,24.22,24.44
745651,2024-06-09,2024,457759,R,687765,R,double,False,False,160.0,0.201,27.0,16.88,18.0,11.25,0.602,0.10099999999999998,20.18,9.5,16.06,25.56,27.47,10.98,462.0,0.273,78.0,16.88,33.0,7.14,0.765,0.1569999999999999,16.44,7.32,17.97,25.29,25.33,12.0,101.0,0.239,15.0,14.85,8.0,7.92,0.6479999999999999,0.10899999999999999,23.38,12.27,13.32,25.59,30.69,12.73,,,,,,,,,,,,,,
745651,2024-06-09,2024,543807,R,687765,R,single,False,False,183.0,0.222,26.0,14.21,19.0,10.38,0.639,0.11100000000000002,23.81,12.21,13.28,25.5,25.16,13.68,539.0,0.262,101.0,18.74,43.0,7.98,0.738,0.1489999999999999,23.18,11.37,14.48,25.84,23.35,18.21,101.0,0.239,15.0,14.85,8.0,7.92,0.6479999999999999,0.10899999999999999,23.38,12.27,13.32,25.59,30.69,12.73,,,,,,,,,,,,,,
745651,2024-06-09,2024,662139,L,687765,R,strikeout,True,False,175.0,0.204,49.0,28.0,18.0,10.29,0.7569999999999999,0.267,25.6,11.85,15.7,27.55,24.1,23.56,466.0,0.202,111.0,23.82,36.0,7.73,0.662,0.19,25.51,12.84,15.05,27.89,29.23,18.26,81.0,0.253,22.0,27.16,5.0,6.17,0.7090000000000001,0.14700000000000002,23.93,11.89,16.16,28.05,31.14,21.43,,,,,,,,,,,,,,
745651,2024-06-09,2024,643396,R,687765,R,single,False,False,143.0,0.26,20.0,13.99,9.0,6.29,0.687,0.122,13.04,5.98,22.11,28.09,31.95,15.04,273.0,0.246,54.0,19.78,17.0,6.23,0.6479999999999999,0.1069999999999999,19.6,9.05,20.2,29.25,28.6,15.56,101.0,0.239,15.0,14.85,8.0,7.92,0.6479999999999999,0.10899999999999999,23.38,12.27,13.32,25.59,30.69,12.73,,,,,,,,,,,,,,
745651,2024-06-09,2024,595281,L,687765,R,field_out,False,False,99.0,0.209,30.0,30.3,3.0,3.03,0.592,0.143,35.44,19.11,12.3,31.41,32.8,25.64,312.0,0.26,63.0,20.19,25.0,8.01,0.753,0.1709999999999999,29.15,14.21,14.3,28.51,25.39,21.07,81.0,0.253,22.0,27.16,5.0,6.17,0.7090000000000001,0.14700000000000002,23.93,11.89,16.16,28.05,31.14,21.43,,,,,,,,,,,,,,
745651,2024-06-09,2024,687462,L,687765,R,caught_stealing_2b,False,False,3.0,0.0,0.0,0.0,1.0,33.33,0.333,0.0,0.0,0.0,0.0,0.0,0.0,,38.0,0.265,10.0,26.32,3.0,7.89,0.754,0.1469999999999999,27.14,13.01,17.12,30.14,25.35,21.74,81.0,0.253,22.0,27.16,5.0,6.17,0.7090000000000001,0.14700000000000002,23.93,11.89,16.16,28.05,31.14,21.43,,,,,,,,,,,,,,
745651,2024-06-09,2024,663662,R,670102,R,single,False,False,20.0,0.2,2.0,10.0,0.0,0.0,0.4,0.0,17.14,9.68,16.13,25.81,28.57,12.5,,,,,,,,,,,,,,,53.0,0.327,13.0,24.53,3.0,5.66,1.071,0.36699999999999994,21.88,11.29,17.74,29.03,25.93,22.41,63.0,0.145,22.0,34.92,6.0,9.52,0.5289999999999999,0.146,34.17,16.21,17.0,33.2,24.22,24.44
745651,2024-06-09,2024,669127,R,670102,R,field_out,False,False,148.0,0.22,38.0,25.68,11.0,7.43,0.7989999999999999,0.28800000000000003,29.96,14.58,16.67,31.25,32.46,26.03,344.0,0.217,101.0,29.36,23.0,6.69,0.7230000000000001,0.226,32.34,16.3,14.73,31.03,31.22,23.88,53.0,0.327,13.0,24.53,3.0,5.66,1.071,0.36699999999999994,21.88,11.29,17.74,29.03,25.93,22.41,63.0,0.145,22.0,34.92,6.0,9.52,0.5289999999999999,0.146,34.17,16.21,17.0,33.2,24.22,24.44
745651,2024-06-09,2024,691016,L,670102,R,single,False,False,61.0,0.196,24.0,39.34,9.0,14.75,0.642,0.118,36.0,15.19,16.88,32.07,28.57,41.38,118.0,0.159,37.0,31.36,10.0,8.47,0.472,0.0839999999999999,33.93,16.67,14.91,31.58,29.36,28.91,31.0,0.269,6.0,19.35,4.0,12.9,0.849,0.193,22.95,11.67,14.17,25.83,21.15,18.18,73.0,0.197,13.0,17.81,2.0,2.74,0.557,0.141,14.29,7.34,17.83,25.17,34.33,14.29
745651,2024-06-09,2024,649557,R,670102,R,field_out,False,False,6.0,0.0,0.0,0.0,0.0,0.0,0.0,0.0,0.0,0.0,33.33,33.33,75.0,,207.0,0.225,42.0,20.29,8.0,3.86,0.6020000000000001,0.1,24.15,12.87,15.66,28.53,35.94,22.34,53.0,0.327,13.0,24.53,3.0,5.66,1.071,0.36699999999999994,21.88,11.29,17.74,29.03,25.93,22.41,63.0,0.145,22.0,34.92,6.0,9.52,0.5289999999999999,0.146,34.17,16.21,17.0,33.2,24.22,24.44
745651,2024-06-09,2024,680474,R,670102,R,field_out,False,False,101.0,0.272,24.0,23.76,7.0,6.93,0.696,0.08699999999999997,25.29,10.34,21.39,31.73,18.48,20.0,,,,,,,,,,,,,,,53.0,0.327,13.0,24.53,3.0,5.66,1.071,0.36699999999999994,21.88,11.29,17.74,29.03,25.93,22.41,63.0,0.145,22.0,34.92,6.0,9.52,0.5289999999999999,0.146,34.17,16.21,17.0,33.2,24.22,24.44
745651,2024-06-09,2024,687462,L,687765,R,field_out,False,False,3.0,0.0,0.0,0.0,1.0,33.33,0.333,0.0,0.0,0.0,0.0,0.0,0.0,,38.0,0.265,10.0,26.32,3.0,7.89,0.754,0.1469999999999999,27.14,13.01,17.12,30.14,25.35,21.74,81.0,0.253,22.0,27.16,5.0,6.17,0.7090000000000001,0.14700000000000002,23.93,11.89,16.16,28.05,31.14,21.43,,,,,,,,,,,,,,
745651,2024-06-09,2024,643376,R,687765,R,field_out,False,False,103.0,0.269,13.0,12.62,9.0,8.74,0.857,0.258,16.67,6.67,20.24,26.9,19.9,9.76,215.0,0.237,46.0,21.4,16.0,7.44,0.784,0.221,25.13,11.59,15.17,26.76,23.75,20.09,101.0,0.239,15.0,14.85,8.0,7.92,0.6479999999999999,0.10899999999999999,23.38,12.27,13.32,25.59,30.69,12.73,,,,,,,,,,,,,,
745651,2024-06-09,2024,665489,R,687765,R,field_out,False,False,224.0,0.305,39.0,17.41,26.0,11.61,0.825,0.132,24.24,11.23,15.49,26.72,23.91,13.83,558.0,0.26,85.0,15.23,48.0,8.6,0.792,0.2,23.83,12.29,11.94,24.23,30.21,15.37,101.0,0.239,15.0,14.85,8.0,7.92,0.6479999999999999,0.10899999999999999,23.38,12.27,13.32,25.59,30.69,12.73,,,,,,,,,,,,,,
745651,2024-06-09,2024,647351,L,670102,R,field_out,False,False,186.0,0.253,38.0,20.43,9.0,4.84,0.675,0.121,19.65,9.24,18.21,27.45,29.72,18.81,20.0,0.412,5.0,25.0,2.0,10.0,1.265,0.353,37.04,15.62,26.56,42.19,25.0,31.25,31.0,0.269,6.0,19.35,4.0,12.9,0.849,0.193,22.95,11.67,14.17,25.83,21.15,18.18,73.0,0.197,13.0,17.81,2.0,2.74,0.557,0.141,14.29,7.34,17.83,25.17,34.33,14.29
745651,2024-06-09,2024,668709,L,670102,R,field_out,False,False,211.0,0.249,37.0,17.54,25.0,11.85,0.781,0.194,25.92,11.06,17.31,28.37,21.93,17.7,232.0,0.209,53.0,22.84,35.0,15.09,0.726,0.184,28.61,12.18,15.3,27.48,19.27,20.46,31.0,0.269,6.0,19.35,4.0,12.9,0.849,0.193,22.95,11.67,14.17,25.83,21.15,18.18,73.0,0.197,13.0,17.81,2.0,2.74,0.557,0.141,14.29,7.34,17.83,25.17,34.33,14.29
745651,2024-06-09,2024,667670,R,670102,R,strikeout,True,False,165.0,0.291,56.0,33.94,21.0,12.73,0.929,0.24800000000000005,37.23,17.54,13.19,30.72,29.77,26.79,351.0,0.23,115.0,32.76,33.0,9.4,0.788,0.2419999999999999,37.94,17.82,16.3,34.12,28.65,23.47,53.0,0.327,13.0,24.53,3.0,5.66,1.071,0.36699999999999994,21.88,11.29,17.74,29.03,25.93,22.41,63.0,0.145,22.0,34.92,6.0,9.52,0.5289999999999999,0.146,34.17,16.21,17.0,33.2,24.22,24.44
745651,2024-06-09,2024,666182,R,687765,R,field_out,False,False,207.0,0.267,35.0,16.91,12.0,5.8,0.722,0.136,22.19,12.68,10.83,23.5,36.69,16.99,496.0,0.303,102.0,20.56,20.0,4.03,0.797,0.161,21.9,12.38,11.73,24.11,38.01,17.91,101.0,0.239,15.0,14.85,8.0,7.92,0.6479999999999999,0.10899999999999999,23.38,12.27,13.32,25.59,30.69,12.73,,,,,,,,,,,,,,
745651,2024-06-09,2024,457759,R,687765,R,strikeout,True,False,160.0,0.201,27.0,16.88,18.0,11.25,0.602,0.10099999999999998,20.18,9.5,16.06,25.56,27.47,10.98,462.0,0.273,78.0,16.88,33.0,7.14,0.765,0.1569999999999999,16.44,7.32,17.97,25.29,25.33,12.0,101.0,0.239,15.0,14.85,8.0,7.92,0.6479999999999999,0.10899999999999999,23.38,12.27,13.32,25.59,30.69,12.73,,,,,,,,,,,,,,
745651,2024-06-09,2024,543807,R,687765,R,field_out,False,False,183.0,0.222,26.0,14.21,19.0,10.38,0.639,0.11100000000000002,23.81,12.21,13.28,25.5,25.16,13.68,539.0,0.262,101.0,18.74,43.0,7.98,0.738,0.1489999999999999,23.18,11.37,14.48,25.84,23.35,18.21,101.0,0.239,15.0,14.85,8.0,7.92,0.6479999999999999,0.10899999999999999,23.38,12.27,13.32,25.59,30.69,12.73,,,,,,,,,,,,,,
745651,2024-06-09,2024,609280,R,670102,R,double,False,False,43.0,0.238,7.0,16.28,0.0,0.0,0.59,0.119,11.9,6.1,18.9,25.0,38.55,14.89,52.0,0.229,6.0,11.54,4.0,7.69,0.705,0.1879999999999999,14.58,7.49,13.9,21.39,30.93,12.77,53.0,0.327,13.0,24.53,3.0,5.66,1.071,0.36699999999999994,21.88,11.29,17.74,29.03,25.93,22.41,63.0,0.145,22.0,34.92,6.0,9.52,0.5289999999999999,0.146,34.17,16.21,17.0,33.2,24.22,24.44
745651,2024-06-09,2024,663662,R,670102,R,field_out,False,False,20.0,0.2,2.0,10.0,0.0,0.0,0.4,0.0,17.14,9.68,16.13,25.81,28.57,12.5,,,,,,,,,,,,,,,53.0,0.327,13.0,24.53,3.0,5.66,1.071,0.36699999999999994,21.88,11.29,17.74,29.03,25.93,22.41,63.0,0.145,22.0,34.92,6.0,9.52,0.5289999999999999,0.146,34.17,16.21,17.0,33.2,24.22,24.44
745651,2024-06-09,2024,669127,R,670102,R,strikeout,True,False,148.0,0.22,38.0,25.68,11.0,7.43,0.7989999999999999,0.28800000000000003,29.96,14.58,16.67,31.25,32.46,26.03,344.0,0.217,101.0,29.36,23.0,6.69,0.7230000000000001,0.226,32.34,16.3,14.73,31.03,31.22,23.88,53.0,0.327,13.0,24.53,3.0,5.66,1.071,0.36699999999999994,21.88,11.29,17.74,29.03,25.93,22.41,63.0,0.145,22.0,34.92,6.0,9.52,0.5289999999999999,0.146,34.17,16.21,17.0,33.2,24.22,24.44
745651,2024-06-09,2024,691016,L,670102,R,field_out,False,False,61.0,0.196,24.0,39.34,9.0,14.75,0.642,0.118,36.0,15.19,16.88,32.07,28.57,41.38,118.0,0.159,37.0,31.36,10.0,8.47,0.472,0.0839999999999999,33.93,16.67,14.91,31.58,29.36,28.91,31.0,0.269,6.0,19.35,4.0,12.9,0.849,0.193,22.95,11.67,14.17,25.83,21.15,18.18,73.0,0.197,13.0,17.81,2.0,2.74,0.557,0.141,14.29,7.34,17.83,25.17,34.33,14.29
745651,2024-06-09,2024,662139,L,687765,R,field_out,False,False,175.0,0.204,49.0,28.0,18.0,10.29,0.7569999999999999,0.267,25.6,11.85,15.7,27.55,24.1,23.56,466.0,0.202,111.0,23.82,36.0,7.73,0.662,0.19,25.51,12.84,15.05,27.89,29.23,18.26,81.0,0.253,22.0,27.16,5.0,6.17,0.7090000000000001,0.14700000000000002,23.93,11.89,16.16,28.05,31.14,21.43,,,,,,,,,,,,,,
745651,2024-06-09,2024,643396,R,687765,R,field_out,False,False,143.0,0.26,20.0,13.99,9.0,6.29,0.687,0.122,13.04,5.98,22.11,28.09,31.95,15.04,273.0,0.246,54.0,19.78,17.0,6.23,0.6479999999999999,0.1069999999999999,19.6,9.05,20.2,29.25,28.6,15.56,101.0,0.239,15.0,14.85,8.0,7.92,0.6479999999999999,0.10899999999999999,23.38,12.27,13.32,25.59,30.69,12.73,,,,,,,,,,,,,,
745651,2024-06-09,2024,595281,L,687765,R,strikeout,True,False,99.0,0.209,30.0,30.3,3.0,3.03,0.592,0.143,35.44,19.11,12.3,31.41,32.8,25.64,312.0,0.26,63.0,20.19,25.0,8.01,0.753,0.1709999999999999,29.15,14.21,14.3,28.51,25.39,21.07,81.0,0.253,22.0,27.16,5.0,6.17,0.7090000000000001,0.14700000000000002,23.93,11.89,16.16,28.05,31.14,21.43,,,,,,,,,,,,,,
745651,2024-06-09,2024,649557,R,647315,R,strikeout,True,False,6.0,0.0,0.0,0.0,0.0,0.0,0.0,0.0,0.0,0.0,33.33,33.33,75.0,,207.0,0.225,42.0,20.29,8.0,3.86,0.6020000000000001,0.1,24.15,12.87,15.66,28.53,35.94,22.34,38.0,0.278,4.0,10.53,1.0,2.63,0.8719999999999999,0.30499999999999994,11.27,6.02,11.28,17.29,36.62,10.81,34.0,0.161,9.0,26.47,3.0,8.82,0.493,0.097,21.67,10.32,23.81,34.13,41.43,21.95
745651,2024-06-09,2024,680474,R,647315,R,strikeout,True,False,101.0,0.272,24.0,23.76,7.0,6.93,0.696,0.08699999999999997,25.29,10.34,21.39,31.73,18.48,20.0,,,,,,,,,,,,,,,38.0,0.278,4.0,10.53,1.0,2.63,0.8719999999999999,0.30499999999999994,11.27,6.02,11.28,17.29,36.62,10.81,34.0,0.161,9.0,26.47,3.0,8.82,0.493,0.097,21.67,10.32,23.81,34.13,41.43,21.95
745651,2024-06-09,2024,647351,L,647315,R,strikeout,True,False,186.0,0.253,38.0,20.43,9.0,4.84,0.675,0.121,19.65,9.24,18.21,27.45,29.72,18.81,20.0,0.412,5.0,25.0,2.0,10.0,1.265,0.353,37.04,15.62,26.56,42.19,25.0,31.25,28.0,0.217,5.0,17.86,3.0,10.71,0.731,0.218,37.21,16.67,14.58,31.25,29.63,25.0,22.0,0.316,5.0,22.73,3.0,13.64,1.251,0.526,36.36,16.44,13.7,30.14,28.89,31.25
745651,2024-06-09,2024,687462,L,687765,R,field_out,False,False,3.0,0.0,0.0,0.0,1.0,33.33,0.333,0.0,0.0,0.0,0.0,0.0,0.0,,38.0,0.265,10.0,26.32,3.0,7.89,0.754,0.1469999999999999,27.14,13.01,17.12,30.14,25.35,21.74,81.0,0.253,22.0,27.16,5.0,6.17,0.7090000000000001,0.14700000000000002,23.93,11.89,16.16,28.05,31.14,21.43,,,,,,,,,,,,,,
745651,2024-06-09,2024,643376,R,687765,R,field_out,False,False,103.0,0.269,13.0,12.62,9.0,8.74,0.857,0.258,16.67,6.67,20.24,26.9,19.9,9.76,215.0,0.237,46.0,21.4,16.0,7.44,0.784,0.221,25.13,11.59,15.17,26.76,23.75,20.09,101.0,0.239,15.0,14.85,8.0,7.92,0.6479999999999999,0.10899999999999999,23.38,12.27,13.32,25.59,30.69,12.73,,,,,,,,,,,,,,
745651,2024-06-09,2024,665489,R,687765,R,field_out,False,False,224.0,0.305,39.0,17.41,26.0,11.61,0.825,0.132,24.24,11.23,15.49,26.72,23.91,13.83,558.0,0.26,85.0,15.23,48.0,8.6,0.792,0.2,23.83,12.29,11.94,24.23,30.21,15.37,101.0,0.239,15.0,14.85,8.0,7.92,0.6479999999999999,0.10899999999999999,23.38,12.27,13.32,25.59,30.69,12.73,,,,,,,,,,,,,,
745651,2024-06-09,2024,668709,L,663878,R,field_out,False,False,211.0,0.249,37.0,17.54,25.0,11.85,0.781,0.194,25.92,11.06,17.31,28.37,21.93,17.7,232.0,0.209,53.0,22.84,35.0,15.09,0.726,0.184,28.61,12.18,15.3,27.48,19.27,20.46,42.0,0.176,13.0,30.95,5.0,11.9,0.5509999999999999,0.08900000000000002,22.78,10.11,17.42,27.53,21.35,25.49,74.0,0.194,21.0,28.38,11.0,14.86,0.679,0.1609999999999999,28.0,10.7,18.04,28.75,14.62,21.28
745651,2024-06-09,2024,667670,R,663878,R,home_run,False,False,165.0,0.291,56.0,33.94,21.0,12.73,0.929,0.24800000000000005,37.23,17.54,13.19,30.72,29.77,26.79,351.0,0.23,115.0,32.76,33.0,9.4,0.788,0.2419999999999999,37.94,17.82,16.3,34.12,28.65,23.47,66.0,0.281,16.0,24.24,6.0,9.09,0.7869999999999999,0.15799999999999997,30.09,12.93,19.01,31.94,25.93,18.39,108.0,0.247,22.0,20.37,7.0,6.48,0.749,0.196,25.39,11.81,15.18,26.99,24.64,20.75
745651,2024-06-09,2024,609280,R,663878,R,single,False,False,43.0,0.238,7.0,16.28,0.0,0.0,0.59,0.119,11.9,6.1,18.9,25.0,38.55,14.89,52.0,0.229,6.0,11.54,4.0,7.69,0.705,0.1879999999999999,14.58,7.49,13.9,21.39,30.93,12.77,66.0,0.281,16.0,24.24,6.0,9.09,0.7869999999999999,0.15799999999999997,30.09,12.93,19.01,31.94,25.93,18.39,108.0,0.247,22.0,20.37,7.0,6.48,0.749,0.196,25.39,11.81,15.18,26.99,24.64,20.75
745651,2024-06-09,2024,663662,R,663878,R,field_out,False,False,20.0,0.2,2.0,10.0,0.0,0.0,0.4,0.0,17.14,9.68,16.13,25.81,28.57,12.5,,,,,,,,,,,,,,,66.0,0.281,16.0,24.24,6.0,9.09,0.7869999999999999,0.15799999999999997,30.09,12.93,19.01,31.94,25.93,18.39,108.0,0.247,22.0,20.37,7.0,6.48,0.749,0.196,25.39,11.81,15.18,26.99,24.64,20.75
745651,2024-06-09,2024,669127,R,663878,R,strikeout,True,False,148.0,0.22,38.0,25.68,11.0,7.43,0.7989999999999999,0.28800000000000003,29.96,14.58,16.67,31.25,32.46,26.03,344.0,0.217,101.0,29.36,23.0,6.69,0.7230000000000001,0.226,32.34,16.3,14.73,31.03,31.22,23.88,66.0,0.281,16.0,24.24,6.0,9.09,0.7869999999999999,0.15799999999999997,30.09,12.93,19.01,31.94,25.93,18.39,108.0,0.247,22.0,20.37,7.0,6.48,0.749,0.196,25.39,11.81,15.18,26.99,24.64,20.75
745651,2024-06-09,2024,666182,R,687765,R,field_out,False,False,207.0,0.267,35.0,16.91,12.0,5.8,0.722,0.136,22.19,12.68,10.83,23.5,36.69,16.99,496.0,0.303,102.0,20.56,20.0,4.03,0.797,0.161,21.9,12.38,11.73,24.11,38.01,17.91,101.0,0.239,15.0,14.85,8.0,7.92,0.6479999999999999,0.10899999999999999,23.38,12.27,13.32,25.59,30.69,12.73,,,,,,,,,,,,,,
745651,2024-06-09,2024,457759,R,687765,R,field_out,False,False,160.0,0.201,27.0,16.88,18.0,11.25,0.602,0.10099999999999998,20.18,9.5,16.06,25.56,27.47,10.98,462.0,0.273,78.0,16.88,33.0,7.14,0.765,0.1569999999999999,16.44,7.32,17.97,25.29,25.33,12.0,101.0,0.239,15.0,14.85,8.0,7.92,0.6479999999999999,0.10899999999999999,23.38,12.27,13.32,25.59,30.69,12.73,,,,,,,,,,,,,,
745651,2024-06-09,2024,543807,R,687765,R,field_out,False,False,183.0,0.222,26.0,14.21,19.0,10.38,0.639,0.11100000000000002,23.81,12.21,13.28,25.5,25.16,13.68,539.0,0.262,101.0,18.74,43.0,7.98,0.738,0.1489999999999999,23.18,11.37,14.48,25.84,23.35,18.21,101.0,0.239,15.0,14.85,8.0,7.92,0.6479999999999999,0.10899999999999999,23.38,12.27,13.32,25.59,30.69,12.73,,,,,,,,,,,,,,
745651,2024-06-09,2024,691016,L,670950,R,walk,False,True,61.0,0.196,24.0,39.34,9.0,14.75,0.642,0.118,36.0,15.19,16.88,32.07,28.57,41.38,118.0,0.159,37.0,31.36,10.0,8.47,0.472,0.0839999999999999,33.93,16.67,14.91,31.58,29.36,28.91,45.0,0.103,10.0,22.22,4.0,8.89,0.387,0.102,21.05,8.65,23.24,31.89,25.53,17.54,138.0,0.207,42.0,30.43,20.0,14.49,0.724,0.198,36.69,16.72,15.57,32.3,37.93,19.44
745651,2024-06-09,2024,649557,R,670950,R,single,False,False,6.0,0.0,0.0,0.0,0.0,0.0,0.0,0.0,0.0,0.0,33.33,33.33,75.0,,207.0,0.225,42.0,20.29,8.0,3.86,0.6020000000000001,0.1,24.15,12.87,15.66,28.53,35.94,22.34,73.0,0.129,20.0,27.4,9.0,12.33,0.542,0.177,26.06,11.21,19.39,30.61,31.46,18.52,178.0,0.244,63.0,35.39,15.0,8.43,0.754,0.194,37.26,17.97,16.38,34.35,37.0,24.51
745651,2024-06-09,2024,680474,R,670950,R,sac_bunt,False,False,101.0,0.272,24.0,23.76,7.0,6.93,0.696,0.08699999999999997,25.29,10.34,21.39,31.73,18.48,20.0,,,,,,,,,,,,,,,73.0,0.129,20.0,27.4,9.0,12.33,0.542,0.177,26.06,11.21,19.39,30.61,31.46,18.52,178.0,0.244,63.0,35.39,15.0,8.43,0.754,0.194,37.26,17.97,16.38,34.35,37.0,24.51
745651,2024-06-09,2024,647351,L,670950,R,single,False,False,186.0,0.253,38.0,20.43,9.0,4.84,0.675,0.121,19.65,9.24,18.21,27.45,29.72,18.81,20.0,0.412,5.0,25.0,2.0,10.0,1.265,0.353,37.04,15.62,26.56,42.19,25.0,31.25,45.0,0.103,10.0,22.22,4.0,8.89,0.387,0.102,21.05,8.65,23.24,31.89,25.53,17.54,138.0,0.207,42.0,30.43,20.0,14.49,0.724,0.198,36.69,16.72,15.57,32.3,37.93,19.44
745651,2024-06-09,2024,668709,L,670950,R,field_out,False,False,211.0,0.249,37.0,17.54,25.0,11.85,0.781,0.194,25.92,11.06,17.31,28.37,21.93,17.7,232.0,0.209,53.0,22.84,35.0,15.09,0.726,0.184,28.61,12.18,15.3,27.48,19.27,20.46,45.0,0.103,10.0,22.22,4.0,8.89,0.387,0.102,21.05,8.65,23.24,31.89,25.53,17.54,138.0,0.207,42.0,30.43,20.0,14.49,0.724,0.198,36.69,16.72,15.57,32.3,37.93,19.44
745651,2024-06-09,2024,667670,R,643338,R,field_out,False,False,165.0,0.291,56.0,33.94,21.0,12.73,0.929,0.24800000000000005,37.23,17.54,13.19,30.72,29.77,26.79,351.0,0.23,115.0,32.76,33.0,9.4,0.788,0.2419999999999999,37.94,17.82,16.3,34.12,28.65,23.47,25.0,0.182,5.0,20.0,2.0,8.0,0.5680000000000001,0.136,23.08,10.62,12.39,23.01,20.63,15.62,35.0,0.273,9.0,25.71,2.0,5.71,0.738,0.1509999999999999,32.31,16.8,16.8,33.6,40.85,20.93
745651,2024-06-09,2024,662139,L,518397,L,single,False,False,50.0,0.256,6.0,12.0,7.0,14.0,0.755,0.139,16.88,7.22,17.22,24.44,18.89,12.24,117.0,0.292,24.0,20.51,9.0,7.69,0.722,0.085,21.46,10.35,15.42,25.77,22.71,18.32,11.0,0.091,2.0,18.18,0.0,0.0,0.182,0.0,10.53,5.56,25.0,30.56,43.75,22.22,83.0,0.215,16.0,19.28,3.0,3.61,0.56,0.101,24.84,13.2,16.17,29.37,31.5,16.84
745651,2024-06-09,2024,643396,R,518397,L,sac_bunt,False,False,63.0,0.288,8.0,12.7,3.0,4.76,0.7230000000000001,0.10200000000000004,11.24,4.85,23.79,28.64,28.12,19.05,90.0,0.23,16.0,17.78,11.0,12.22,0.634,0.0669999999999999,19.59,8.03,19.67,27.7,20.35,15.09,13.0,0.154,3.0,23.08,0.0,0.0,0.616,0.30800000000000005,26.92,17.07,7.32,24.39,45.45,27.27,125.0,0.328,15.0,12.0,8.0,6.4,0.781,0.077,16.67,8.44,14.64,23.08,30.3,17.65
745651,2024-06-09,2024,676914,R,518397,L,sac_fly,False,False,62.0,0.173,19.0,30.65,7.0,11.29,0.647,0.21200000000000002,32.77,15.12,16.67,31.78,27.01,21.59,54.0,0.326,16.0,29.63,10.0,18.52,1.3,0.5109999999999999,37.65,15.69,17.16,32.84,15.89,28.07,13.0,0.154,3.0,23.08,0.0,0.0,0.616,0.30800000000000005,26.92,17.07,7.32,24.39,45.45,27.27,125.0,0.328,15.0,12.0,8.0,6.4,0.781,0.077,16.67,8.44,14.64,23.08,30.3,17.65
745651,2024-06-09,2024,687462,L,518397,L,field_out,False,False,,,,,,,,,,,,,,,6.0,0.2,2.0,33.33,1.0,16.67,0.533,0.0,36.36,17.39,17.39,34.78,27.27,18.18,11.0,0.091,2.0,18.18,0.0,0.0,0.182,0.0,10.53,5.56,25.0,30.56,43.75,22.22,83.0,0.215,16.0,19.28,3.0,3.61,0.56,0.101,24.84,13.2,16.17,29.37,31.5,16.84
745651,2024-06-09,2024,609280,R,643338,R,strikeout,True,False,43.0,0.238,7.0,16.28,0.0,0.0,0.59,0.119,11.9,6.1,18.9,25.0,38.55,14.89,52.0,0.229,6.0,11.54,4.0,7.69,0.705,0.1879999999999999,14.58,7.49,13.9,21.39,30.93,12.77,25.0,0.182,5.0,20.0,2.0,8.0,0.5680000000000001,0.136,23.08,10.62,12.39,23.01,20.63,15.62,35.0,0.273,9.0,25.71,2.0,5.71,0.738,0.1509999999999999,32.31,16.8,16.8,33.6,40.85,20.93
745651,2024-06-09,2024,664913,L,643338,R,strikeout,True,False,164.0,0.192,53.0,32.32,13.0,7.93,0.5740000000000001,0.126,30.54,15.81,13.02,28.84,32.94,26.24,315.0,0.234,81.0,25.71,24.0,7.62,0.738,0.21,29.85,15.11,13.77,28.88,31.88,22.82,21.0,0.211,4.0,19.05,2.0,9.52,0.865,0.368,24.44,12.64,11.49,24.14,27.27,12.5,17.0,0.2,7.0,41.18,2.0,11.76,0.694,0.2,43.18,25.68,5.41,31.08,29.03,23.33
745651,2024-06-09,2024,669127,R,643338,R,field_out,False,False,148.0,0.22,38.0,25.68,11.0,7.43,0.7989999999999999,0.28800000000000003,29.96,14.58,16.67,31.25,32.46,26.03,344.0,0.217,101.0,29.36,23.0,6.69,0.7230000000000001,0.226,32.34,16.3,14.73,31.03,31.22,23.88,25.0,0.182,5.0,20.0,2.0,8.0,0.5680000000000001,0.136,23.08,10.62,12.39,23.01,20.63,15.62,35.0,0.273,9.0,25.71,2.0,5.71,0.738,0.1509999999999999,32.31,16.8,16.8,33.6,40.85,20.93
745651,2024-06-09,2024,643376,R,695243,R,field_out,False,False,103.0,0.269,13.0,12.62,9.0,8.74,0.857,0.258,16.67,6.67,20.24,26.9,19.9,9.76,215.0,0.237,46.0,21.4,16.0,7.44,0.784,0.221,25.13,11.59,15.17,26.76,23.75,20.09,60.0,0.189,29.0,48.33,5.0,8.33,0.5900000000000001,0.15100000000000002,41.86,20.45,18.18,38.64,42.54,34.12,78.0,0.229,22.0,28.21,6.0,7.69,0.642,0.114,29.19,14.24,14.55,28.79,28.75,20.56
745651,2024-06-09,2024,665489,R,695243,R,strikeout,True,False,224.0,0.305,39.0,17.41,26.0,11.61,0.825,0.132,24.24,11.23,15.49,26.72,23.91,13.83,558.0,0.26,85.0,15.23,48.0,8.6,0.792,0.2,23.83,12.29,11.94,24.23,30.21,15.37,60.0,0.189,29.0,48.33,5.0,8.33,0.5900000000000001,0.15100000000000002,41.86,20.45,18.18,38.64,42.54,34.12,78.0,0.229,22.0,28.21,6.0,7.69,0.642,0.114,29.19,14.24,14.55,28.79,28.75,20.56
745651,2024-06-09,2024,666182,R,695243,R,field_out,False,False,207.0,0.267,35.0,16.91,12.0,5.8,0.722,0.136,22.19,12.68,10.83,23.5,36.69,16.99,496.0,0.303,102.0,20.56,20.0,4.03,0.797,0.161,21.9,12.38,11.73,24.11,38.01,17.91,60.0,0.189,29.0,48.33,5.0,8.33,0.5900000000000001,0.15100000000000002,41.86,20.45,18.18,38.64,42.54,34.12,78.0,0.229,22.0,28.21,6.0,7.69,0.642,0.114,29.19,14.24,14.55,28.79,28.75,20.56
745651,2024-06-09,2024,691016,L,554340,R,field_out,False,False,61.0,0.196,24.0,39.34,9.0,14.75,0.642,0.118,36.0,15.19,16.88,32.07,28.57,41.38,118.0,0.159,37.0,31.36,10.0,8.47,0.472,0.0839999999999999,33.93,16.67,14.91,31.58,29.36,28.91,38.0,0.182,15.0,39.47,5.0,13.16,0.744,0.273,38.81,16.99,18.95,35.95,38.75,31.25,108.0,0.237,36.0,33.33,10.0,9.26,0.687,0.129,38.58,17.23,15.87,33.11,25.44,27.69
745651,2024-06-09,2024,649557,R,554340,R,field_out,False,False,6.0,0.0,0.0,0.0,0.0,0.0,0.0,0.0,0.0,0.0,33.33,33.33,75.0,,207.0,0.225,42.0,20.29,8.0,3.86,0.6020000000000001,0.1,24.15,12.87,15.66,28.53,35.94,22.34,56.0,0.098,18.0,32.14,2.0,3.57,0.30100000000000005,0.03900000000000001,26.89,13.97,15.28,29.26,32.73,23.68,174.0,0.274,43.0,24.71,5.0,2.87,0.739,0.1529999999999999,27.03,13.64,15.61,29.24,32.93,24.02
745651,2024-06-09,2024,680474,R,554340,R,strikeout,True,False,101.0,0.272,24.0,23.76,7.0,6.93,0.696,0.08699999999999997,25.29,10.34,21.39,31.73,18.48,20.0,,,,,,,,,,,,,,,56.0,0.098,18.0,32.14,2.0,3.57,0.30100000000000005,0.03900000000000001,26.89,13.97,15.28,29.26,32.73,23.68,174.0,0.274,43.0,24.71,5.0,2.87,0.739,0.1529999999999999,27.03,13.64,15.61,29.24,32.93,24.02
745651,2024-06-09,2024,457759,R,613534,R,walk,False,True,160.0,0.201,27.0,16.88,18.0,11.25,0.602,0.10099999999999998,20.18,9.5,16.06,25.56,27.47,10.98,462.0,0.273,78.0,16.88,33.0,7.14,0.765,0.1569999999999999,16.44,7.32,17.97,25.29,25.33,12.0,59.0,0.283,16.0,27.12,8.0,13.56,0.772,0.065,38.1,15.81,17.0,32.81,24.64,20.25,52.0,0.267,12.0,23.08,4.0,7.69,0.721,0.0889999999999999,25.93,12.28,15.35,27.63,31.9,16.67
745651,2024-06-09,2024,543807,R,613534,R,field_out,False,False,183.0,0.222,26.0,14.21,19.0,10.38,0.639,0.11100000000000002,23.81,12.21,13.28,25.5,25.16,13.68,539.0,0.262,101.0,18.74,43.0,7.98,0.738,0.1489999999999999,23.18,11.37,14.48,25.84,23.35,18.21,59.0,0.283,16.0,27.12,8.0,13.56,0.772,0.065,38.1,15.81,17.0,32.81,24.64,20.25,52.0,0.267,12.0,23.08,4.0,7.69,0.721,0.0889999999999999,25.93,12.28,15.35,27.63,31.9,16.67
745651,2024-06-09,2024,662139,L,613534,R,hit_by_pitch,False,False,175.0,0.204,49.0,28.0,18.0,10.29,0.7569999999999999,0.267,25.6,11.85,15.7,27.55,24.1,23.56,466.0,0.202,111.0,23.82,36.0,7.73,0.662,0.19,25.51,12.84,15.05,27.89,29.23,18.26,39.0,0.194,12.0,30.77,4.0,10.26,0.7290000000000001,0.193,26.32,11.49,16.67,28.16,26.19,21.82,29.0,0.174,10.0,34.48,4.0,13.79,0.5189999999999999,0.0,35.71,14.81,17.78,32.59,22.73,21.28
745651,2024-06-09,2024,643396,R,613534,R,double,False,False,143.0,0.26,20.0,13.99,9.0,6.29,0.687,0.122,13.04,5.98,22.11,28.09,31.95,15.04,273.0,0.246,54.0,19.78,17.0,6.23,0.6479999999999999,0.1069999999999999,19.6,9.05,20.2,29.25,28.6,15.56,59.0,0.283,16.0,27.12,8.0,13.56,0.772,0.065,38.1,15.81,17.0,32.81,24.64,20.25,52.0,0.267,12.0,23.08,4.0,7.69,0.721,0.0889999999999999,25.93,12.28,15.35,27.63,31.9,16.67
745651,2024-06-09,2024,676914,R,613534,R,field_out,False,False,153.0,0.254,37.0,24.18,18.0,11.76,0.7969999999999999,0.184,26.67,10.67,18.81,29.48,19.94,16.97,87.0,0.247,27.0,31.03,11.0,12.64,0.8340000000000001,0.219,37.06,13.98,21.9,35.88,15.66,21.77,59.0,0.283,16.0,27.12,8.0,13.56,0.772,0.065,38.1,15.81,17.0,32.81,24.64,20.25,52.0,0.267,12.0,23.08,4.0,7.69,0.721,0.0889999999999999,25.93,12.28,15.35,27.63,31.9,16.67
745651,2024-06-09,2024,687462,L,613534,R,intent_walk,False,True,3.0,0.0,0.0,0.0,1.0,33.33,0.333,0.0,0.0,0.0,0.0,0.0,0.0,,38.0,0.265,10.0,26.32,3.0,7.89,0.754,0.1469999999999999,27.14,13.01,17.12,30.14,25.35,21.74,39.0,0.194,12.0,30.77,4.0,10.26,0.7290000000000001,0.193,26.32,11.49,16.67,28.16,26.19,21.82,29.0,0.174,10.0,34.48,4.0,13.79,0.5189999999999999,0.0,35.71,14.81,17.78,32.59,22.73,21.28
745651,2024-06-09,2024,643376,R,613534,R,walk,False,True,103.0,0.269,13.0,12.62,9.0,8.74,0.857,0.258,16.67,6.67,20.24,26.9,19.9,9.76,215.0,0.237,46.0,21.4,16.0,7.44,0.784,0.221,25.13,11.59,15.17,26.76,23.75,20.09,59.0,0.283,16.0,27.12,8.0,13.56,0.772,0.065,38.1,15.81,17.0,32.81,24.64,20.25,52.0,0.267,12.0,23.08,4.0,7.69,0.721,0.0889999999999999,25.93,12.28,15.35,27.63,31.9,16.67
745651,2024-06-09,2024,665489,R,613534,R,strikeout,True,False,224.0,0.305,39.0,17.41,26.0,11.61,0.825,0.132,24.24,11.23,15.49,26.72,23.91,13.83,558.0,0.26,85.0,15.23,48.0,8.6,0.792,0.2,23.83,12.29,11.94,24.23,30.21,15.37,59.0,0.283,16.0,27.12,8.0,13.56,0.772,0.065,38.1,15.81,17.0,32.81,24.64,20.25,52.0,0.267,12.0,23.08,4.0,7.69,0.721,0.0889999999999999,25.93,12.28,15.35,27.63,31.9,16.67
745651,2024-06-09,2024,647351,R,650893,L,field_out,False,False,70.0,0.318,8.0,11.43,2.0,2.86,0.818,0.15199999999999997,14.07,6.71,19.08,25.8,30.56,8.7,1.0,1.0,0.0,0.0,0.0,0.0,2.0,0.0,50.0,20.0,20.0,40.0,0.0,0.0,62.0,0.385,8.0,12.9,8.0,12.9,1.01,0.17300000000000004,18.09,8.1,17.62,25.71,27.08,13.79,128.0,0.264,27.0,21.09,17.0,13.28,0.804,0.181,28.36,14.05,11.65,25.69,30.85,15.52
745651,2024-06-09,2024,668709,L,650893,L,field_out,False,False,51.0,0.213,12.0,23.53,3.0,5.88,0.792,0.31900000000000006,30.77,14.43,16.49,30.93,26.88,22.64,72.0,0.154,19.0,26.39,7.0,9.72,0.482,0.092,27.07,12.54,16.03,28.57,22.56,21.84,47.0,0.205,7.0,14.89,5.0,10.64,0.714,0.205,25.27,12.71,11.6,24.31,27.84,14.89,111.0,0.198,31.0,27.93,7.0,6.31,0.63,0.1679999999999999,31.68,15.17,17.06,32.23,29.76,26.5
745651,2024-06-09,2024,667670,R,650893,L,field_out,False,False,53.0,0.22,17.0,32.08,3.0,5.66,0.784,0.30000000000000004,31.07,17.02,14.89,31.91,38.46,29.82,175.0,0.279,57.0,32.57,16.0,9.14,0.873,0.24,38.91,17.09,17.51,34.6,24.59,28.22,62.0,0.385,8.0,12.9,8.0,12.9,1.01,0.17300000000000004,18.09,8.1,17.62,25.71,27.08,13.79,128.0,0.264,27.0,21.09,17.0,13.28,0.804,0.181,28.36,14.05,11.65,25.69,30.85,15.52
745407,2024-06-09,2024,682998,L,800049,R,single,False,False,179.0,0.199,34.0,18.99,21.0,11.73,0.597,0.10199999999999998,20.93,9.28,16.49,25.77,26.03,19.77,472.0,0.286,105.0,22.25,46.0,9.75,0.921,0.266,22.34,10.24,16.27,26.51,28.83,21.92,12.0,0.25,0.0,0.0,4.0,33.33,0.75,0.0,15.79,6.67,13.33,20.0,28.57,0.0,,,,,,,,,,,,,,
745407,2024-06-09,2024,606466,L,800049,R,field_out,False,False,175.0,0.245,43.0,24.57,14.0,8.0,0.671,0.123,24.21,11.6,14.61,26.2,26.79,22.11,452.0,0.259,85.0,18.81,54.0,11.95,0.827,0.2199999999999999,20.87,9.03,16.76,25.8,21.17,17.28,12.0,0.25,0.0,0.0,4.0,33.33,0.75,0.0,15.79,6.67,13.33,20.0,28.57,0.0,,,,,,,,,,,,,,
745407,2024-06-09,2024,592626,L,800049,R,walk,False,True,168.0,0.284,42.0,25.0,18.0,10.71,0.858,0.198,24.85,11.51,17.19,28.69,28.53,20.19,373.0,0.241,74.0,19.84,49.0,13.14,0.786,0.194,24.13,10.89,15.07,25.96,29.36,16.09,12.0,0.25,0.0,0.0,4.0,33.33,0.75,0.0,15.79,6.67,13.33,20.0,28.57,0.0,,,,,,,,,,,,,,
745407,2024-06-09,2024,572233,R,800049,R,single,False,False,200.0,0.244,46.0,23.0,25.0,12.5,0.8029999999999999,0.21400000000000002,25.93,12.47,13.18,25.65,25.34,16.43,497.0,0.259,95.0,19.11,42.0,8.45,0.8009999999999999,0.2129999999999999,26.19,12.83,14.15,26.98,26.84,15.33,9.0,0.0,2.0,22.22,0.0,0.0,0.0,0.0,28.57,12.12,21.21,33.33,40.0,25.0,,,,,,,,,,,,,,
745407,2024-06-09,2024,666971,R,800049,R,field_out,False,False,179.0,0.208,33.0,18.44,9.0,5.03,0.5900000000000001,0.12500000000000003,20.93,10.64,15.81,26.44,32.02,16.34,433.0,0.247,85.0,19.63,21.0,4.85,0.756,0.22,20.07,9.99,16.64,26.63,31.06,17.82,9.0,0.0,2.0,22.22,0.0,0.0,0.0,0.0,28.57,12.12,21.21,33.33,40.0,25.0,,,,,,,,,,,,,,
745407,2024-06-09,2024,664983,L,800049,R,single,False,False,128.0,0.229,25.0,19.53,12.0,9.38,0.6739999999999999,0.11999999999999997,21.62,10.08,16.39,26.47,26.23,17.48,230.0,0.255,51.0,22.17,17.0,7.39,0.643,0.072,22.4,11.76,13.9,25.65,32.76,19.39,12.0,0.25,0.0,0.0,4.0,33.33,0.75,0.0,15.79,6.67,13.33,20.0,28.57,0.0,,,,,,,,,,,,,,
745407,2024-06-09,2024,553993,R,800049,R,field_out,False,False,181.0,0.194,50.0,27.62,9.0,4.97,0.5820000000000001,0.139,30.51,14.86,15.41,30.26,27.98,22.62,537.0,0.227,161.0,29.98,48.0,8.94,0.706,0.167,32.3,14.54,16.91,31.45,23.96,22.87,9.0,0.0,2.0,22.22,0.0,0.0,0.0,0.0,28.57,12.12,21.21,33.33,40.0,25.0,,,,,,,,,,,,,,
745407,2024-06-09,2024,650333,L,543518,R,field_out,False,False,173.0,0.374,5.0,2.89,7.0,4.05,0.867,0.09200000000000003,6.64,3.16,19.43,22.59,33.84,3.33,479.0,0.362,17.0,3.55,31.0,6.47,0.891,0.122,6.51,3.2,16.58,19.78,31.29,4.11,28.0,0.25,5.0,17.86,7.0,25.0,0.7789999999999999,0.09999999999999998,27.27,10.26,18.8,29.06,18.03,17.24,140.0,0.163,40.0,28.57,13.0,9.29,0.593,0.178,31.92,14.09,17.15,31.24,28.75,21.62
745407,2024-06-09,2024,665487,R,543518,R,home_run,False,False,201.0,0.302,37.0,18.41,9.0,4.48,0.8620000000000001,0.22200000000000003,25.89,14.09,11.57,25.67,31.23,22.29,489.0,0.244,114.0,23.31,37.0,7.57,0.728,0.181,31.62,17.66,8.94,26.61,34.25,23.98,47.0,0.31,6.0,12.77,3.0,6.38,0.9590000000000001,0.309,27.47,14.79,10.06,24.85,28.92,13.04,162.0,0.28,46.0,28.4,17.0,10.49,0.876,0.244,32.11,16.06,15.44,31.5,34.25,22.89
745407,2024-06-09,2024,595777,L,543518,R,strikeout,True,False,187.0,0.321,31.0,16.58,24.0,12.83,0.9059999999999999,0.16599999999999998,17.0,7.71,14.64,22.35,22.62,13.22,375.0,0.229,68.0,18.13,37.0,9.87,0.6559999999999999,0.1159999999999999,21.66,10.43,14.17,24.61,26.12,14.59,28.0,0.25,5.0,17.86,7.0,25.0,0.7789999999999999,0.09999999999999998,27.27,10.26,18.8,29.06,18.03,17.24,140.0,0.163,40.0,28.57,13.0,9.29,0.593,0.178,31.92,14.09,17.15,31.24,28.75,21.62
745407,2024-06-09,2024,630105,L,674072,L,field_out,False,False,80.0,0.216,15.0,18.75,5.0,6.25,0.573,0.095,16.67,7.95,14.98,22.94,21.05,14.85,156.0,0.229,38.0,24.36,10.0,6.41,0.665,0.1349999999999999,18.48,9.0,20.1,29.1,30.82,17.84,41.0,0.297,7.0,17.07,2.0,4.88,0.852,0.189,22.22,9.82,22.09,31.9,25.64,12.96,96.0,0.259,13.0,13.54,10.0,10.42,0.8029999999999999,0.2,23.31,11.31,16.07,27.38,25.5,15.29
745407,2024-06-09,2024,672515,R,800049,R,field_out,False,False,111.0,0.237,20.0,18.02,13.0,11.71,0.694,0.124,18.78,7.71,21.88,29.58,21.68,14.49,264.0,0.253,43.0,16.29,24.0,9.09,0.6779999999999999,0.0989999999999999,19.31,7.98,21.75,29.72,25.58,15.58,9.0,0.0,2.0,22.22,0.0,0.0,0.0,0.0,28.57,12.12,21.21,33.33,40.0,25.0,,,,,,,,,,,,,,
745407,2024-06-09,2024,621028,R,800049,R,single,False,False,100.0,0.228,18.0,18.0,6.0,6.0,0.591,0.087,21.25,9.83,20.23,30.06,24.26,20.69,143.0,0.234,18.0,12.59,7.0,4.9,0.571,0.0549999999999999,15.29,7.27,19.84,27.11,26.2,13.04,9.0,0.0,2.0,22.22,0.0,0.0,0.0,0.0,28.57,12.12,21.21,33.33,40.0,25.0,,,,,,,,,,,,,,
745407,2024-06-09,2024,682998,L,800049,R,walk,False,True,179.0,0.199,34.0,18.99,21.0,11.73,0.597,0.10199999999999998,20.93,9.28,16.49,25.77,26.03,19.77,472.0,0.286,105.0,22.25,46.0,9.75,0.921,0.266,22.34,10.24,16.27,26.51,28.83,21.92,12.0,0.25,0.0,0.0,4.0,33.33,0.75,0.0,15.79,6.67,13.33,20.0,28.57,0.0,,,,,,,,,,,,,,
745407,2024-06-09,2024,606466,L,800049,R,single,False,False,175.0,0.245,43.0,24.57,14.0,8.0,0.671,0.123,24.21,11.6,14.61,26.2,26.79,22.11,452.0,0.259,85.0,18.81,54.0,11.95,0.827,0.2199999999999999,20.87,9.03,16.76,25.8,21.17,17.28,12.0,0.25,0.0,0.0,4.0,33.33,0.75,0.0,15.79,6.67,13.33,20.0,28.57,0.0,,,,,,,,,,,,,,
745407,2024-06-09,2024,592626,L,800049,R,single,False,False,168.0,0.284,42.0,25.0,18.0,10.71,0.858,0.198,24.85,11.51,17.19,28.69,28.53,20.19,373.0,0.241,74.0,19.84,49.0,13.14,0.786,0.194,24.13,10.89,15.07,25.96,29.36,16.09,12.0,0.25,0.0,0.0,4.0,33.33,0.75,0.0,15.79,6.67,13.33,20.0,28.57,0.0,,,,,,,,,,,,,,
745407,2024-06-09,2024,572233,R,800049,R,strikeout,True,False,200.0,0.244,46.0,23.0,25.0,12.5,0.8029999999999999,0.21400000000000002,25.93,12.47,13.18,25.65,25.34,16.43,497.0,0.259,95.0,19.11,42.0,8.45,0.8009999999999999,0.2129999999999999,26.19,12.83,14.15,26.98,26.84,15.33,9.0,0.0,2.0,22.22,0.0,0.0,0.0,0.0,28.57,12.12,21.21,33.33,40.0,25.0,,,,,,,,,,,,,,
745407,2024-06-09,2024,666971,R,800049,R,double,False,False,179.0,0.208,33.0,18.44,9.0,5.03,0.5900000000000001,0.12500000000000003,20.93,10.64,15.81,26.44,32.02,16.34,433.0,0.247,85.0,19.63,21.0,4.85,0.756,0.22,20.07,9.99,16.64,26.63,31.06,17.82,9.0,0.0,2.0,22.22,0.0,0.0,0.0,0.0,28.57,12.12,21.21,33.33,40.0,25.0,,,,,,,,,,,,,,
745407,2024-06-09,2024,664983,L,800049,R,home_run,False,False,128.0,0.229,25.0,19.53,12.0,9.38,0.6739999999999999,0.11999999999999997,21.62,10.08,16.39,26.47,26.23,17.48,230.0,0.255,51.0,22.17,17.0,7.39,0.643,0.072,22.4,11.76,13.9,25.65,32.76,19.39,12.0,0.25,0.0,0.0,4.0,33.33,0.75,0.0,15.79,6.67,13.33,20.0,28.57,0.0,,,,,,,,,,,,,,
745407,2024-06-09,2024,553993,R,800049,R,strikeout,True,False,181.0,0.194,50.0,27.62,9.0,4.97,0.5820000000000001,0.139,30.51,14.86,15.41,30.26,27.98,22.62,537.0,0.227,161.0,29.98,48.0,8.94,0.706,0.167,32.3,14.54,16.91,31.45,23.96,22.87,9.0,0.0,2.0,22.22,0.0,0.0,0.0,0.0,28.57,12.12,21.21,33.33,40.0,25.0,,,,,,,,,,,,,,
745407,2024-06-09,2024,456781,R,674072,L,walk,False,True,42.0,0.342,5.0,11.9,4.0,9.52,0.879,0.13199999999999995,20.25,8.65,20.54,29.19,24.73,8.47,153.0,0.286,32.0,20.92,11.0,7.19,0.746,0.114,24.12,11.77,18.21,29.98,32.04,14.35,91.0,0.304,17.0,18.68,9.0,9.89,0.903,0.22800000000000004,17.13,8.78,14.45,23.23,26.95,14.91,286.0,0.249,51.0,17.83,25.0,8.74,0.728,0.156,21.94,10.66,13.87,24.53,32.06,19.1
745407,2024-06-09,2024,444482,L,674072,L,single,False,False,2.0,1.0,0.0,0.0,0.0,0.0,3.0,1.0,0.0,0.0,30.0,30.0,0.0,0.0,36.0,0.314,9.0,25.0,1.0,2.78,0.676,0.029,26.87,14.88,14.05,28.93,41.07,25.0,41.0,0.297,7.0,17.07,2.0,4.88,0.852,0.189,22.22,9.82,22.09,31.9,25.64,12.96,96.0,0.259,13.0,13.54,10.0,10.42,0.8029999999999999,0.2,23.31,11.31,16.07,27.38,25.5,15.29
745407,2024-06-09,2024,701538,L,674072,L,fielders_choice,False,False,60.0,0.214,7.0,11.67,3.0,5.0,0.482,0.018000000000000016,18.92,9.81,14.95,24.77,28.71,12.28,,,,,,,,,,,,,,,41.0,0.297,7.0,17.07,2.0,4.88,0.852,0.189,22.22,9.82,22.09,31.9,25.64,12.96,96.0,0.259,13.0,13.54,10.0,10.42,0.8029999999999999,0.2,23.31,11.31,16.07,27.38,25.5,15.29
745407,2024-06-09,2024,673490,R,674072,L,strikeout,True,False,75.0,0.197,10.0,13.33,8.0,10.67,0.663,0.182,14.06,5.94,21.12,27.06,17.56,11.24,191.0,0.302,30.0,15.71,20.0,10.47,0.897,0.219,15.84,6.63,22.21,28.83,23.47,11.49,91.0,0.304,17.0,18.68,9.0,9.89,0.903,0.22800000000000004,17.13,8.78,14.45,23.23,26.95,14.91,286.0,0.249,51.0,17.83,25.0,8.74,0.728,0.156,21.94,10.66,13.87,24.53,32.06,19.1
745407,2024-06-09,2024,669134,R,674072,L,single,False,False,47.0,0.068,5.0,10.64,3.0,6.38,0.28700000000000003,0.091,15.48,7.78,14.37,22.16,30.59,12.5,47.0,0.405,7.0,14.89,3.0,6.38,1.114,0.262,21.88,11.54,12.09,23.63,36.79,11.67,91.0,0.304,17.0,18.68,9.0,9.89,0.903,0.22800000000000004,17.13,8.78,14.45,23.23,26.95,14.91,286.0,0.249,51.0,17.83,25.0,8.74,0.728,0.156,21.94,10.66,13.87,24.53,32.06,19.1
745407,2024-06-09,2024,650333,L,674072,L,grounded_into_double_play,False,False,116.0,0.28,12.0,10.34,5.0,4.31,0.644,0.02799999999999997,13.02,5.95,19.52,25.48,31.75,12.0,138.0,0.326,17.0,12.32,4.0,2.9,0.76,0.0909999999999999,12.5,6.61,16.32,22.93,33.48,12.88,41.0,0.297,7.0,17.07,2.0,4.88,0.852,0.189,22.22,9.82,22.09,31.9,25.64,12.96,96.0,0.259,13.0,13.54,10.0,10.42,0.8029999999999999,0.2,23.31,11.31,16.07,27.38,25.5,15.29
745407,2024-06-09,2024,672515,R,800049,R,field_out,False,False,111.0,0.237,20.0,18.02,13.0,11.71,0.694,0.124,18.78,7.71,21.88,29.58,21.68,14.49,264.0,0.253,43.0,16.29,24.0,9.09,0.6779999999999999,0.0989999999999999,19.31,7.98,21.75,29.72,25.58,15.58,9.0,0.0,2.0,22.22,0.0,0.0,0.0,0.0,28.57,12.12,21.21,33.33,40.0,25.0,,,,,,,,,,,,,,
745407,2024-06-09,2024,621028,R,800049,R,field_out,False,False,100.0,0.228,18.0,18.0,6.0,6.0,0.591,0.087,21.25,9.83,20.23,30.06,24.26,20.69,143.0,0.234,18.0,12.59,7.0,4.9,0.571,0.0549999999999999,15.29,7.27,19.84,27.11,26.2,13.04,9.0,0.0,2.0,22.22,0.0,0.0,0.0,0.0,28.57,12.12,21.21,33.33,40.0,25.0,,,,,,,,,,,,,,
745407,2024-06-09,2024,682998,L,800049,R,field_out,False,False,179.0,0.199,34.0,18.99,21.0,11.73,0.597,0.10199999999999998,20.93,9.28,16.49,25.77,26.03,19.77,472.0,0.286,105.0,22.25,46.0,9.75,0.921,0.266,22.34,10.24,16.27,26.51,28.83,21.92,12.0,0.25,0.0,0.0,4.0,33.33,0.75,0.0,15.79,6.67,13.33,20.0,28.57,0.0,,,,,,,,,,,,,,
745407,2024-06-09,2024,665487,R,674072,L,field_out,False,False,88.0,0.217,22.0,25.0,17.0,19.32,0.6759999999999999,0.07299999999999998,25.66,10.66,15.03,25.68,20.71,18.33,146.0,0.305,27.0,18.49,16.0,10.96,0.915,0.226,26.9,13.07,10.55,23.62,26.91,14.44,91.0,0.304,17.0,18.68,9.0,9.89,0.903,0.22800000000000004,17.13,8.78,14.45,23.23,26.95,14.91,286.0,0.249,51.0,17.83,25.0,8.74,0.728,0.156,21.94,10.66,13.87,24.53,32.06,19.1
745407,2024-06-09,2024,595777,R,674072,L,home_run,False,False,80.0,0.333,7.0,8.75,10.0,12.5,0.94,0.189,16.3,7.12,16.18,23.3,23.18,6.67,147.0,0.275,22.0,14.97,13.0,8.84,0.774,0.1519999999999999,15.44,6.84,17.44,24.27,22.81,13.33,91.0,0.304,17.0,18.68,9.0,9.89,0.903,0.22800000000000004,17.13,8.78,14.45,23.23,26.95,14.91,286.0,0.249,51.0,17.83,25.0,8.74,0.728,0.156,21.94,10.66,13.87,24.53,32.06,19.1
745407,2024-06-09,2024,630105,L,674072,L,walk,False,True,80.0,0.216,15.0,18.75,5.0,6.25,0.573,0.095,16.67,7.95,14.98,22.94,21.05,14.85,156.0,0.229,38.0,24.36,10.0,6.41,0.665,0.1349999999999999,18.48,9.0,20.1,29.1,30.82,17.84,41.0,0.297,7.0,17.07,2.0,4.88,0.852,0.189,22.22,9.82,22.09,31.9,25.64,12.96,96.0,0.259,13.0,13.54,10.0,10.42,0.8029999999999999,0.2,23.31,11.31,16.07,27.38,25.5,15.29
745407,2024-06-09,2024,456781,R,674072,L,field_out,False,False,42.0,0.342,5.0,11.9,4.0,9.52,0.879,0.13199999999999995,20.25,8.65,20.54,29.19,24.73,8.47,153.0,0.286,32.0,20.92,11.0,7.19,0.746,0.114,24.12,11.77,18.21,29.98,32.04,14.35,91.0,0.304,17.0,18.68,9.0,9.89,0.903,0.22800000000000004,17.13,8.78,14.45,23.23,26.95,14.91,286.0,0.249,51.0,17.83,25.0,8.74,0.728,0.156,21.94,10.66,13.87,24.53,32.06,19.1
745407,2024-06-09,2024,444482,L,674072,L,hit_by_pitch,False,False,2.0,1.0,0.0,0.0,0.0,0.0,3.0,1.0,0.0,0.0,30.0,30.0,0.0,0.0,36.0,0.314,9.0,25.0,1.0,2.78,0.676,0.029,26.87,14.88,14.05,28.93,41.07,25.0,41.0,0.297,7.0,17.07,2.0,4.88,0.852,0.189,22.22,9.82,22.09,31.9,25.64,12.96,96.0,0.259,13.0,13.54,10.0,10.42,0.8029999999999999,0.2,23.31,11.31,16.07,27.38,25.5,15.29
745407,2024-06-09,2024,701538,L,674072,L,field_out,False,False,60.0,0.214,7.0,11.67,3.0,5.0,0.482,0.018000000000000016,18.92,9.81,14.95,24.77,28.71,12.28,,,,,,,,,,,,,,,41.0,0.297,7.0,17.07,2.0,4.88,0.852,0.189,22.22,9.82,22.09,31.9,25.64,12.96,96.0,0.259,13.0,13.54,10.0,10.42,0.8029999999999999,0.2,23.31,11.31,16.07,27.38,25.5,15.29
745407,2024-06-09,2024,606466,L,800049,R,walk,False,True,175.0,0.245,43.0,24.57,14.0,8.0,0.671,0.123,24.21,11.6,14.61,26.2,26.79,22.11,452.0,0.259,85.0,18.81,54.0,11.95,0.827,0.2199999999999999,20.87,9.03,16.76,25.8,21.17,17.28,12.0,0.25,0.0,0.0,4.0,33.33,0.75,0.0,15.79,6.67,13.33,20.0,28.57,0.0,,,,,,,,,,,,,,
745407,2024-06-09,2024,592626,L,666745,R,strikeout,True,False,168.0,0.284,42.0,25.0,18.0,10.71,0.858,0.198,24.85,11.51,17.19,28.69,28.53,20.19,373.0,0.241,74.0,19.84,49.0,13.14,0.786,0.194,24.13,10.89,15.07,25.96,29.36,16.09,54.0,0.196,11.0,20.37,2.0,3.7,0.599,0.177,22.34,11.8,13.48,25.28,22.97,25.0,177.0,0.263,28.0,15.82,17.0,9.6,0.771,0.173,23.29,11.05,16.2,27.25,27.19,15.82
745407,2024-06-09,2024,572233,R,666745,R,single,False,False,200.0,0.244,46.0,23.0,25.0,12.5,0.8029999999999999,0.21400000000000002,25.93,12.47,13.18,25.65,25.34,16.43,497.0,0.259,95.0,19.11,42.0,8.45,0.8009999999999999,0.2129999999999999,26.19,12.83,14.15,26.98,26.84,15.33,76.0,0.306,6.0,7.89,4.0,5.26,0.661,0.013000000000000012,13.79,6.25,16.8,23.05,21.21,11.54,197.0,0.228,44.0,22.34,11.0,5.58,0.715,0.205,20.32,9.9,18.62,28.52,31.41,16.67
745407,2024-06-09,2024,666971,R,666745,R,single,False,False,179.0,0.208,33.0,18.44,9.0,5.03,0.5900000000000001,0.12500000000000003,20.93,10.64,15.81,26.44,32.02,16.34,433.0,0.247,85.0,19.63,21.0,4.85,0.756,0.22,20.07,9.99,16.64,26.63,31.06,17.82,76.0,0.306,6.0,7.89,4.0,5.26,0.661,0.013000000000000012,13.79,6.25,16.8,23.05,21.21,11.54,197.0,0.228,44.0,22.34,11.0,5.58,0.715,0.205,20.32,9.9,18.62,28.52,31.41,16.67
745407,2024-06-09,2024,664983,L,666745,R,single,False,False,128.0,0.229,25.0,19.53,12.0,9.38,0.6739999999999999,0.11999999999999997,21.62,10.08,16.39,26.47,26.23,17.48,230.0,0.255,51.0,22.17,17.0,7.39,0.643,0.072,22.4,11.76,13.9,25.65,32.76,19.39,54.0,0.196,11.0,20.37,2.0,3.7,0.599,0.177,22.34,11.8,13.48,25.28,22.97,25.0,177.0,0.263,28.0,15.82,17.0,9.6,0.771,0.173,23.29,11.05,16.2,27.25,27.19,15.82
745407,2024-06-09,2024,553993,R,666745,R,single,False,False,181.0,0.194,50.0,27.62,9.0,4.97,0.5820000000000001,0.139,30.51,14.86,15.41,30.26,27.98,22.62,537.0,0.227,161.0,29.98,48.0,8.94,0.706,0.167,32.3,14.54,16.91,31.45,23.96,22.87,76.0,0.306,6.0,7.89,4.0,5.26,0.661,0.013000000000000012,13.79,6.25,16.8,23.05,21.21,11.54,197.0,0.228,44.0,22.34,11.0,5.58,0.715,0.205,20.32,9.9,18.62,28.52,31.41,16.67
745407,2024-06-09,2024,672515,R,666745,R,field_out,False,False,111.0,0.237,20.0,18.02,13.0,11.71,0.694,0.124,18.78,7.71,21.88,29.58,21.68,14.49,264.0,0.253,43.0,16.29,24.0,9.09,0.6779999999999999,0.0989999999999999,19.31,7.98,21.75,29.72,25.58,15.58,76.0,0.306,6.0,7.89,4.0,5.26,0.661,0.013000000000000012,13.79,6.25,16.8,23.05,21.21,11.54,197.0,0.228,44.0,22.34,11.0,5.58,0.715,0.205,20.32,9.9,18.62,28.52,31.41,16.67
745407,2024-06-09,2024,673490,R,656464,R,field_out,False,False,183.0,0.245,33.0,18.03,27.0,14.75,0.7929999999999999,0.187,18.12,6.43,24.29,30.72,17.71,13.2,435.0,0.241,94.0,21.61,55.0,12.64,0.681,0.1,18.8,7.03,23.65,30.68,19.23,15.59,48.0,0.289,6.0,12.5,2.0,4.17,0.6890000000000001,0.067,19.32,9.24,14.67,23.91,27.78,13.33,151.0,0.185,41.0,27.15,13.0,8.61,0.5469999999999999,0.1039999999999999,30.77,14.13,15.57,29.7,28.31,21.24
745407,2024-06-09,2024,669134,R,656464,R,field_out,False,False,140.0,0.285,20.0,14.29,10.0,7.14,0.751,0.13,20.66,11.06,14.6,25.66,34.4,18.52,127.0,0.289,14.0,11.02,4.0,3.15,0.753,0.141,16.53,9.26,14.96,24.23,34.76,11.97,48.0,0.289,6.0,12.5,2.0,4.17,0.6890000000000001,0.067,19.32,9.24,14.67,23.91,27.78,13.33,151.0,0.185,41.0,27.15,13.0,8.61,0.5469999999999999,0.1039999999999999,30.77,14.13,15.57,29.7,28.31,21.24
745407,2024-06-09,2024,650333,L,656464,R,field_out,False,False,173.0,0.374,5.0,2.89,7.0,4.05,0.867,0.09200000000000003,6.64,3.16,19.43,22.59,33.84,3.33,479.0,0.362,17.0,3.55,31.0,6.47,0.891,0.122,6.51,3.2,16.58,19.78,31.29,4.11,59.0,0.255,15.0,25.42,3.0,5.08,0.724,0.181,24.37,11.93,14.81,26.75,32.31,17.28,104.0,0.176,29.0,27.88,11.0,10.58,0.5549999999999999,0.1099999999999999,31.73,15.1,13.73,28.83,30.34,19.58
745407,2024-06-09,2024,621028,R,666745,R,single,False,False,100.0,0.228,18.0,18.0,6.0,6.0,0.591,0.087,21.25,9.83,20.23,30.06,24.26,20.69,143.0,0.234,18.0,12.59,7.0,4.9,0.571,0.0549999999999999,15.29,7.27,19.84,27.11,26.2,13.04,76.0,0.306,6.0,7.89,4.0,5.26,0.661,0.013000000000000012,13.79,6.25,16.8,23.05,21.21,11.54,197.0,0.228,44.0,22.34,11.0,5.58,0.715,0.205,20.32,9.9,18.62,28.52,31.41,16.67
745407,2024-06-09,2024,682998,L,666745,R,force_out,False,False,179.0,0.199,34.0,18.99,21.0,11.73,0.597,0.10199999999999998,20.93,9.28,16.49,25.77,26.03,19.77,472.0,0.286,105.0,22.25,46.0,9.75,0.921,0.266,22.34,10.24,16.27,26.51,28.83,21.92,54.0,0.196,11.0,20.37,2.0,3.7,0.599,0.177,22.34,11.8,13.48,25.28,22.97,25.0,177.0,0.263,28.0,15.82,17.0,9.6,0.771,0.173,23.29,11.05,16.2,27.25,27.19,15.82
745407,2024-06-09,2024,606466,L,666745,R,field_out,False,False,175.0,0.245,43.0,24.57,14.0,8.0,0.671,0.123,24.21,11.6,14.61,26.2,26.79,22.11,452.0,0.259,85.0,18.81,54.0,11.95,0.827,0.2199999999999999,20.87,9.03,16.76,25.8,21.17,17.28,54.0,0.196,11.0,20.37,2.0,3.7,0.599,0.177,22.34,11.8,13.48,25.28,22.97,25.0,177.0,0.263,28.0,15.82,17.0,9.6,0.771,0.173,23.29,11.05,16.2,27.25,27.19,15.82
745407,2024-06-09,2024,592626,L,666745,R,field_out,False,False,168.0,0.284,42.0,25.0,18.0,10.71,0.858,0.198,24.85,11.51,17.19,28.69,28.53,20.19,373.0,0.241,74.0,19.84,49.0,13.14,0.786,0.194,24.13,10.89,15.07,25.96,29.36,16.09,54.0,0.196,11.0,20.37,2.0,3.7,0.599,0.177,22.34,11.8,13.48,25.28,22.97,25.0,177.0,0.263,28.0,15.82,17.0,9.6,0.771,0.173,23.29,11.05,16.2,27.25,27.19,15.82
745407,2024-06-09,2024,665487,R,656464,R,field_out,False,False,201.0,0.302,37.0,18.41,9.0,4.48,0.8620000000000001,0.22200000000000003,25.89,14.09,11.57,25.67,31.23,22.29,489.0,0.244,114.0,23.31,37.0,7.57,0.728,0.181,31.62,17.66,8.94,26.61,34.25,23.98,48.0,0.289,6.0,12.5,2.0,4.17,0.6890000000000001,0.067,19.32,9.24,14.67,23.91,27.78,13.33,151.0,0.185,41.0,27.15,13.0,8.61,0.5469999999999999,0.1039999999999999,30.77,14.13,15.57,29.7,28.31,21.24
745407,2024-06-09,2024,595777,L,656464,R,single,False,False,187.0,0.321,31.0,16.58,24.0,12.83,0.9059999999999999,0.16599999999999998,17.0,7.71,14.64,22.35,22.62,13.22,375.0,0.229,68.0,18.13,37.0,9.87,0.6559999999999999,0.1159999999999999,21.66,10.43,14.17,24.61,26.12,14.59,59.0,0.255,15.0,25.42,3.0,5.08,0.724,0.181,24.37,11.93,14.81,26.75,32.31,17.28,104.0,0.176,29.0,27.88,11.0,10.58,0.5549999999999999,0.1099999999999999,31.73,15.1,13.73,28.83,30.34,19.58
745407,2024-06-09,2024,630105,L,573009,L,field_out,False,False,80.0,0.216,15.0,18.75,5.0,6.25,0.573,0.095,16.67,7.95,14.98,22.94,21.05,14.85,156.0,0.229,38.0,24.36,10.0,6.41,0.665,0.1349999999999999,18.48,9.0,20.1,29.1,30.82,17.84,44.0,0.233,9.0,20.45,1.0,2.27,0.622,0.13899999999999998,25.97,14.08,18.31,32.39,38.71,23.68,67.0,0.185,15.0,22.39,2.0,2.99,0.44,0.046,26.02,12.75,19.52,32.27,37.1,20.0
745407,2024-06-09,2024,456781,R,573009,L,field_out,False,False,42.0,0.342,5.0,11.9,4.0,9.52,0.879,0.13199999999999995,20.25,8.65,20.54,29.19,24.73,8.47,153.0,0.286,32.0,20.92,11.0,7.19,0.746,0.114,24.12,11.77,18.21,29.98,32.04,14.35,46.0,0.22,9.0,19.57,5.0,10.87,0.645,0.12100000000000002,33.72,16.48,12.5,28.98,36.17,20.45,90.0,0.277,13.0,14.44,7.0,7.78,0.875,0.265,21.12,10.49,15.43,25.93,33.13,16.25
745407,2024-06-09,2024,572233,R,666745,R,strikeout,True,False,200.0,0.244,46.0,23.0,25.0,12.5,0.8029999999999999,0.21400000000000002,25.93,12.47,13.18,25.65,25.34,16.43,497.0,0.259,95.0,19.11,42.0,8.45,0.8009999999999999,0.2129999999999999,26.19,12.83,14.15,26.98,26.84,15.33,76.0,0.306,6.0,7.89,4.0,5.26,0.661,0.013000000000000012,13.79,6.25,16.8,23.05,21.21,11.54,197.0,0.228,44.0,22.34,11.0,5.58,0.715,0.205,20.32,9.9,18.62,28.52,31.41,16.67
745407,2024-06-09,2024,666971,R,666745,R,strikeout,True,False,179.0,0.208,33.0,18.44,9.0,5.03,0.5900000000000001,0.12500000000000003,20.93,10.64,15.81,26.44,32.02,16.34,433.0,0.247,85.0,19.63,21.0,4.85,0.756,0.22,20.07,9.99,16.64,26.63,31.06,17.82,76.0,0.306,6.0,7.89,4.0,5.26,0.661,0.013000000000000012,13.79,6.25,16.8,23.05,21.21,11.54,197.0,0.228,44.0,22.34,11.0,5.58,0.715,0.205,20.32,9.9,18.62,28.52,31.41,16.67
745407,2024-06-09,2024,664983,L,666745,R,field_out,False,False,128.0,0.229,25.0,19.53,12.0,9.38,0.6739999999999999,0.11999999999999997,21.62,10.08,16.39,26.47,26.23,17.48,230.0,0.255,51.0,22.17,17.0,7.39,0.643,0.072,22.4,11.76,13.9,25.65,32.76,19.39,54.0,0.196,11.0,20.37,2.0,3.7,0.599,0.177,22.34,11.8,13.48,25.28,22.97,25.0,177.0,0.263,28.0,15.82,17.0,9.6,0.771,0.173,23.29,11.05,16.2,27.25,27.19,15.82
745407,2024-06-09,2024,444482,L,573009,L,strikeout,True,False,2.0,1.0,0.0,0.0,0.0,0.0,3.0,1.0,0.0,0.0,30.0,30.0,0.0,0.0,36.0,0.314,9.0,25.0,1.0,2.78,0.676,0.029,26.87,14.88,14.05,28.93,41.07,25.0,44.0,0.233,9.0,20.45,1.0,2.27,0.622,0.13899999999999998,25.97,14.08,18.31,32.39,38.71,23.68,67.0,0.185,15.0,22.39,2.0,2.99,0.44,0.046,26.02,12.75,19.52,32.27,37.1,20.0
745407,2024-06-09,2024,701538,L,573009,L,field_out,False,False,60.0,0.214,7.0,11.67,3.0,5.0,0.482,0.018000000000000016,18.92,9.81,14.95,24.77,28.71,12.28,,,,,,,,,,,,,,,44.0,0.233,9.0,20.45,1.0,2.27,0.622,0.13899999999999998,25.97,14.08,18.31,32.39,38.71,23.68,67.0,0.185,15.0,22.39,2.0,2.99,0.44,0.046,26.02,12.75,19.52,32.27,37.1,20.0
745407,2024-06-09,2024,673490,R,679885,R,field_out,False,False,183.0,0.245,33.0,18.03,27.0,14.75,0.7929999999999999,0.187,18.12,6.43,24.29,30.72,17.71,13.2,435.0,0.241,94.0,21.61,55.0,12.64,0.681,0.1,18.8,7.03,23.65,30.68,19.23,15.59,51.0,0.233,15.0,29.41,8.0,15.69,0.586,0.0,39.39,17.49,18.39,35.87,28.18,19.48,32.0,0.192,9.0,28.12,4.0,12.5,0.6519999999999999,0.1159999999999999,36.73,14.75,17.21,31.97,22.73,33.33
745407,2024-06-09,2024,553993,R,663568,R,field_out,False,False,181.0,0.194,50.0,27.62,9.0,4.97,0.5820000000000001,0.139,30.51,14.86,15.41,30.26,27.98,22.62,537.0,0.227,161.0,29.98,48.0,8.94,0.706,0.167,32.3,14.54,16.91,31.45,23.96,22.87,78.0,0.375,13.0,16.67,5.0,6.41,1.006,0.20799999999999996,22.52,11.37,15.72,27.09,24.06,14.61,,,,,,,,,,,,,,
745407,2024-06-09,2024,672515,R,663568,R,field_out,False,False,111.0,0.237,20.0,18.02,13.0,11.71,0.694,0.124,18.78,7.71,21.88,29.58,21.68,14.49,264.0,0.253,43.0,16.29,24.0,9.09,0.6779999999999999,0.0989999999999999,19.31,7.98,21.75,29.72,25.58,15.58,78.0,0.375,13.0,16.67,5.0,6.41,1.006,0.20799999999999996,22.52,11.37,15.72,27.09,24.06,14.61,,,,,,,,,,,,,,
745407,2024-06-09,2024,621028,R,663568,R,single,False,False,100.0,0.228,18.0,18.0,6.0,6.0,0.591,0.087,21.25,9.83,20.23,30.06,24.26,20.69,143.0,0.234,18.0,12.59,7.0,4.9,0.571,0.0549999999999999,15.29,7.27,19.84,27.11,26.2,13.04,78.0,0.375,13.0,16.67,5.0,6.41,1.006,0.20799999999999996,22.52,11.37,15.72,27.09,24.06,14.61,,,,,,,,,,,,,,
745407,2024-06-09,2024,682998,L,663568,R,caught_stealing_2b,False,False,179.0,0.199,34.0,18.99,21.0,11.73,0.597,0.10199999999999998,20.93,9.28,16.49,25.77,26.03,19.77,472.0,0.286,105.0,22.25,46.0,9.75,0.921,0.266,22.34,10.24,16.27,26.51,28.83,21.92,44.0,0.214,10.0,22.73,2.0,4.55,0.488,0.023999999999999994,16.05,8.33,19.87,28.21,31.75,20.0,,,,,,,,,,,,,,
745407,2024-06-09,2024,669134,R,679885,R,field_out,False,False,140.0,0.285,20.0,14.29,10.0,7.14,0.751,0.13,20.66,11.06,14.6,25.66,34.4,18.52,127.0,0.289,14.0,11.02,4.0,3.15,0.753,0.141,16.53,9.26,14.96,24.23,34.76,11.97,51.0,0.233,15.0,29.41,8.0,15.69,0.586,0.0,39.39,17.49,18.39,35.87,28.18,19.48,32.0,0.192,9.0,28.12,4.0,12.5,0.6519999999999999,0.1159999999999999,36.73,14.75,17.21,31.97,22.73,33.33
745407,2024-06-09,2024,650333,L,679885,R,field_out,False,False,173.0,0.374,5.0,2.89,7.0,4.05,0.867,0.09200000000000003,6.64,3.16,19.43,22.59,33.84,3.33,479.0,0.362,17.0,3.55,31.0,6.47,0.891,0.122,6.51,3.2,16.58,19.78,31.29,4.11,37.0,0.094,11.0,29.73,5.0,13.51,0.34099999999999997,0.031,30.14,13.84,16.35,30.19,28.4,20.37,25.0,0.444,5.0,20.0,7.0,28.0,1.4329999999999998,0.3889999999999999,28.89,11.02,13.56,24.58,32.39,14.71
745407,2024-06-09,2024,665487,R,679885,R,walk,False,True,201.0,0.302,37.0,18.41,9.0,4.48,0.8620000000000001,0.22200000000000003,25.89,14.09,11.57,25.67,31.23,22.29,489.0,0.244,114.0,23.31,37.0,7.57,0.728,0.181,31.62,17.66,8.94,26.61,34.25,23.98,51.0,0.233,15.0,29.41,8.0,15.69,0.586,0.0,39.39,17.49,18.39,35.87,28.18,19.48,32.0,0.192,9.0,28.12,4.0,12.5,0.6519999999999999,0.1159999999999999,36.73,14.75,17.21,31.97,22.73,33.33
745407,2024-06-09,2024,595777,L,679885,R,strikeout,True,False,187.0,0.321,31.0,16.58,24.0,12.83,0.9059999999999999,0.16599999999999998,17.0,7.71,14.64,22.35,22.62,13.22,375.0,0.229,68.0,18.13,37.0,9.87,0.6559999999999999,0.1159999999999999,21.66,10.43,14.17,24.61,26.12,14.59,37.0,0.094,11.0,29.73,5.0,13.51,0.34099999999999997,0.031,30.14,13.84,16.35,30.19,28.4,20.37,25.0,0.444,5.0,20.0,7.0,28.0,1.4329999999999998,0.3889999999999999,28.89,11.02,13.56,24.58,32.39,14.71
745407,2024-06-09,2024,682998,L,663568,R,single,False,False,179.0,0.199,34.0,18.99,21.0,11.73,0.597,0.10199999999999998,20.93,9.28,16.49,25.77,26.03,19.77,472.0,0.286,105.0,22.25,46.0,9.75,0.921,0.266,22.34,10.24,16.27,26.51,28.83,21.92,44.0,0.214,10.0,22.73,2.0,4.55,0.488,0.023999999999999994,16.05,8.33,19.87,28.21,31.75,20.0,,,,,,,,,,,,,,
745407,2024-06-09,2024,606466,L,663568,R,field_out,False,False,175.0,0.245,43.0,24.57,14.0,8.0,0.671,0.123,24.21,11.6,14.61,26.2,26.79,22.11,452.0,0.259,85.0,18.81,54.0,11.95,0.827,0.2199999999999999,20.87,9.03,16.76,25.8,21.17,17.28,44.0,0.214,10.0,22.73,2.0,4.55,0.488,0.023999999999999994,16.05,8.33,19.87,28.21,31.75,20.0,,,,,,,,,,,,,,
745407,2024-06-09,2024,592626,L,663568,R,strikeout,True,False,168.0,0.284,42.0,25.0,18.0,10.71,0.858,0.198,24.85,11.51,17.19,28.69,28.53,20.19,373.0,0.241,74.0,19.84,49.0,13.14,0.786,0.194,24.13,10.89,15.07,25.96,29.36,16.09,44.0,0.214,10.0,22.73,2.0,4.55,0.488,0.023999999999999994,16.05,8.33,19.87,28.21,31.75,20.0,,,,,,,,,,,,,,
745407,2024-06-09,2024,572233,R,663568,R,field_out,False,False,200.0,0.244,46.0,23.0,25.0,12.5,0.8029999999999999,0.21400000000000002,25.93,12.47,13.18,25.65,25.34,16.43,497.0,0.259,95.0,19.11,42.0,8.45,0.8009999999999999,0.2129999999999999,26.19,12.83,14.15,26.98,26.84,15.33,78.0,0.375,13.0,16.67,5.0,6.41,1.006,0.20799999999999996,22.52,11.37,15.72,27.09,24.06,14.61,,,,,,,,,,,,,,
745407,2024-06-09,2024,630105,L,657044,R,single,False,False,191.0,0.269,31.0,16.23,16.0,8.38,0.8300000000000001,0.22199999999999998,17.85,8.22,17.23,25.46,23.31,13.19,367.0,0.23,59.0,16.08,36.0,9.81,0.7,0.154,14.92,6.99,16.69,23.68,24.61,14.08,45.0,0.238,7.0,15.56,2.0,4.44,0.6060000000000001,0.09500000000000003,16.46,8.72,18.79,27.52,34.25,18.92,48.0,0.209,7.0,14.58,1.0,2.08,0.579,0.093,15.85,7.43,18.29,25.71,25.64,16.28
745407,2024-06-09,2024,456781,R,657044,R,strikeout,True,False,33.0,0.31,5.0,15.15,1.0,3.03,0.709,0.034999999999999976,10.0,4.58,22.9,27.48,20.0,10.64,297.0,0.28,68.0,22.9,29.0,9.76,0.766,0.1059999999999999,26.06,12.14,17.61,29.74,28.81,17.48,55.0,0.241,13.0,23.64,1.0,1.82,0.5700000000000001,0.07400000000000001,23.3,12.12,19.19,31.31,38.27,20.31,73.0,0.169,14.0,19.18,7.0,9.59,0.5980000000000001,0.169,19.13,8.09,20.96,29.04,23.62,20.9
745407,2024-06-09,2024,444482,L,657044,R,field_out,False,False,32.0,0.214,7.0,21.88,3.0,9.38,0.54,0.036000000000000004,28.95,16.67,9.85,26.52,38.81,12.77,387.0,0.253,63.0,16.28,19.0,4.91,0.6739999999999999,0.131,22.16,12.01,13.06,25.07,33.57,15.04,45.0,0.238,7.0,15.56,2.0,4.44,0.6060000000000001,0.09500000000000003,16.46,8.72,18.79,27.52,34.25,18.92,48.0,0.209,7.0,14.58,1.0,2.08,0.579,0.093,15.85,7.43,18.29,25.71,25.64,16.28
745407,2024-06-09,2024,701538,L,657044,R,single,False,False,160.0,0.295,25.0,15.62,9.0,5.62,0.738,0.10800000000000004,17.24,9.45,13.75,23.2,37.15,13.37,,,,,,,,,,,,,,,45.0,0.238,7.0,15.56,2.0,4.44,0.6060000000000001,0.09500000000000003,16.46,8.72,18.79,27.52,34.25,18.92,48.0,0.209,7.0,14.58,1.0,2.08,0.579,0.093,15.85,7.43,18.29,25.71,25.64,16.28
745407,2024-06-09,2024,673490,R,657044,R,field_out,False,False,183.0,0.245,33.0,18.03,27.0,14.75,0.7929999999999999,0.187,18.12,6.43,24.29,30.72,17.71,13.2,435.0,0.241,94.0,21.61,55.0,12.64,0.681,0.1,18.8,7.03,23.65,30.68,19.23,15.59,55.0,0.241,13.0,23.64,1.0,1.82,0.5700000000000001,0.07400000000000001,23.3,12.12,19.19,31.31,38.27,20.31,73.0,0.169,14.0,19.18,7.0,9.59,0.5980000000000001,0.169,19.13,8.09,20.96,29.04,23.62,20.9
745407,2024-06-09,2024,666971,R,673513,L,field_out,False,False,77.0,0.324,15.0,19.48,3.0,3.9,0.905,0.23000000000000004,21.62,10.81,17.57,28.38,37.09,15.79,160.0,0.301,18.0,11.25,12.0,7.5,0.8140000000000001,0.151,14.39,6.67,17.26,23.93,28.33,12.16,68.0,0.167,13.0,19.12,12.0,17.65,0.587,0.11100000000000002,25.62,11.44,12.18,23.62,23.81,17.11,,,,,,,,,,,,,,
745407,2024-06-09,2024,664983,L,673513,L,walk,False,True,32.0,0.414,5.0,15.62,3.0,9.38,0.917,0.03400000000000003,18.87,7.63,24.43,32.06,21.67,10.81,82.0,0.206,11.0,13.41,9.0,10.98,0.649,0.118,24.22,10.62,16.1,26.71,27.5,14.67,36.0,0.241,8.0,22.22,4.0,11.11,0.669,0.10399999999999998,38.81,17.69,14.97,32.65,32.05,20.51,,,,,,,,,,,,,,
745407,2024-06-09,2024,553993,R,673513,L,field_out,False,False,71.0,0.217,23.0,32.39,8.0,11.27,0.593,0.06599999999999998,30.58,12.63,20.14,32.76,22.45,28.05,158.0,0.252,53.0,33.54,22.0,13.92,0.743,0.13,34.48,14.75,15.49,30.24,22.05,25.0,68.0,0.167,13.0,19.12,12.0,17.65,0.587,0.11100000000000002,25.62,11.44,12.18,23.62,23.81,17.11,,,,,,,,,,,,,,
745407,2024-06-09,2024,672515,R,673513,L,field_out,False,False,70.0,0.234,9.0,12.86,5.0,7.14,0.583,0.06299999999999997,17.02,7.77,19.42,27.18,26.9,9.38,116.0,0.352,32.0,27.59,5.0,4.31,0.899,0.176,20.55,9.15,21.54,30.69,27.88,22.38,68.0,0.167,13.0,19.12,12.0,17.65,0.587,0.11100000000000002,25.62,11.44,12.18,23.62,23.81,17.11,,,,,,,,,,,,,,
745407,2024-06-09,2024,669134,R,686826,R,strikeout,True,False,140.0,0.285,20.0,14.29,10.0,7.14,0.751,0.13,20.66,11.06,14.6,25.66,34.4,18.52,127.0,0.289,14.0,11.02,4.0,3.15,0.753,0.141,16.53,9.26,14.96,24.23,34.76,11.97,98.0,0.224,17.0,17.35,12.0,12.24,0.7150000000000001,0.164,24.19,11.51,15.86,27.37,26.94,14.91,55.0,0.151,11.0,20.0,2.0,3.64,0.484,0.151,22.22,10.05,15.98,26.03,30.25,18.03
745407,2024-06-09,2024,650333,L,686826,R,field_out,False,False,173.0,0.374,5.0,2.89,7.0,4.05,0.867,0.09200000000000003,6.64,3.16,19.43,22.59,33.84,3.33,479.0,0.362,17.0,3.55,31.0,6.47,0.891,0.122,6.51,3.2,16.58,19.78,31.29,4.11,58.0,0.267,8.0,13.79,12.0,20.69,0.8089999999999999,0.11099999999999999,22.61,10.0,11.15,21.15,22.22,8.7,37.0,0.207,1.0,2.7,7.0,18.92,0.661,0.103,11.67,4.64,13.91,18.54,9.76,2.56
745407,2024-06-09,2024,665487,R,686826,R,field_out,False,False,201.0,0.302,37.0,18.41,9.0,4.48,0.8620000000000001,0.22200000000000003,25.89,14.09,11.57,25.67,31.23,22.29,489.0,0.244,114.0,23.31,37.0,7.57,0.728,0.181,31.62,17.66,8.94,26.61,34.25,23.98,98.0,0.224,17.0,17.35,12.0,12.24,0.7150000000000001,0.164,24.19,11.51,15.86,27.37,26.94,14.91,55.0,0.151,11.0,20.0,2.0,3.64,0.484,0.151,22.22,10.05,15.98,26.03,30.25,18.03
745736,2024-06-09,2024,605141,R,661563,R,strikeout,True,False,199.0,0.295,22.0,11.06,33.0,16.58,0.9059999999999999,0.199,15.56,5.82,20.42,26.24,18.2,8.8,509.0,0.309,85.0,16.7,66.0,12.97,0.949,0.237,17.85,6.92,20.25,27.17,17.64,15.12,154.0,0.128,51.0,33.12,19.0,12.34,0.45999999999999996,0.09,31.36,13.64,17.27,30.91,24.48,26.29,,,,,,,,,,,,,,
745736,2024-06-09,2024,660271,L,661563,R,field_out,False,False,179.0,0.318,38.0,21.23,22.0,12.29,1.069,0.34400000000000003,29.18,14.25,13.0,27.25,31.03,18.63,429.0,0.327,99.0,23.08,64.0,14.92,1.132,0.3739999999999999,32.88,15.48,11.59,27.07,28.86,20.75,116.0,0.13,34.0,29.31,15.0,12.93,0.46099999999999997,0.09,28.63,13.74,15.43,29.18,29.48,22.52,,,,,,,,,,,,,,
745736,2024-06-09,2024,518692,L,661563,R,walk,False,True,174.0,0.336,28.0,16.09,24.0,13.79,1.006,0.23899999999999993,20.12,9.39,12.23,21.62,23.5,14.14,514.0,0.33,81.0,15.76,57.0,11.09,0.962,0.218,19.83,9.77,11.31,21.08,27.01,16.63,116.0,0.13,34.0,29.31,15.0,12.93,0.46099999999999997,0.09,28.63,13.74,15.43,29.18,29.48,22.52,,,,,,,,,,,,,,
745736,2024-06-09,2024,669257,R,661563,R,field_out,False,False,159.0,0.232,27.0,16.98,11.0,6.92,0.683,0.155,19.38,9.5,15.38,24.89,27.58,12.92,407.0,0.268,67.0,16.46,42.0,10.32,0.7949999999999999,0.1659999999999999,19.27,8.8,16.84,25.64,24.5,12.79,154.0,0.128,51.0,33.12,19.0,12.34,0.45999999999999996,0.09,31.36,13.64,17.27,30.91,24.48,26.29,,,,,,,,,,,,,,
745736,2024-06-09,2024,683011,R,607192,R,field_out,False,False,226.0,0.289,48.0,21.24,17.0,7.52,0.7989999999999999,0.15900000000000003,21.98,10.4,18.86,29.26,29.59,18.68,467.0,0.198,132.0,28.27,36.0,7.71,0.624,0.1579999999999999,28.15,13.53,17.49,31.02,29.16,23.4,149.0,0.165,55.0,36.91,9.0,6.04,0.489,0.10800000000000001,31.47,15.18,17.2,32.38,29.08,29.1,219.0,0.164,74.0,33.79,16.0,7.31,0.492,0.1,36.45,17.61,16.8,34.41,28.81,25.69
745736,2024-06-09,2024,657077,L,607192,R,strikeout,True,False,186.0,0.266,22.0,11.83,13.0,6.99,0.762,0.184,13.11,6.07,19.07,25.14,25.89,10.78,441.0,0.279,66.0,14.97,30.0,6.8,0.793,0.185,15.08,6.28,20.52,26.8,22.64,14.93,143.0,0.183,46.0,32.17,10.0,6.99,0.615,0.191,27.88,13.94,14.87,28.81,25.1,29.3,266.0,0.247,88.0,33.08,21.0,7.89,0.721,0.1689999999999999,34.59,16.73,17.12,33.85,30.97,28.03
745736,2024-06-09,2024,592450,R,607192,R,strikeout,True,False,230.0,0.302,55.0,23.91,36.0,15.65,1.098,0.38100000000000006,30.88,13.32,14.65,27.97,18.62,18.64,384.0,0.266,109.0,28.39,77.0,20.05,1.011,0.3339999999999999,36.96,15.02,15.7,30.72,19.29,24.12,149.0,0.165,55.0,36.91,9.0,6.04,0.489,0.10800000000000001,31.47,15.18,17.2,32.38,29.08,29.1,219.0,0.164,74.0,33.79,16.0,7.31,0.492,0.1,36.45,17.61,16.8,34.41,28.81,25.69
745736,2024-06-09,2024,606192,R,661563,R,double,False,False,194.0,0.262,57.0,29.38,18.0,9.28,0.795,0.191,35.37,18.31,12.75,31.06,28.75,21.43,529.0,0.249,164.0,31.0,33.0,6.24,0.718,0.1639999999999999,36.92,19.57,14.44,34.01,34.81,23.06,154.0,0.128,51.0,33.12,19.0,12.34,0.45999999999999996,0.09,31.36,13.64,17.27,30.91,24.48,26.29,,,,,,,,,,,,,,
745736,2024-06-09,2024,518792,L,661563,R,field_out,False,False,55.0,0.204,9.0,16.36,5.0,9.09,0.679,0.18400000000000002,24.79,13.24,12.33,25.57,32.11,13.24,349.0,0.276,57.0,16.33,32.0,9.17,0.818,0.1949999999999999,20.45,9.51,16.77,26.27,27.56,15.45,116.0,0.13,34.0,29.31,15.0,12.93,0.46099999999999997,0.09,28.63,13.74,15.43,29.18,29.48,22.52,,,,,,,,,,,,,,
745736,2024-06-09,2024,681624,R,661563,R,strikeout,True,False,142.0,0.22,41.0,28.87,8.0,5.63,0.6619999999999999,0.158,28.34,15.73,12.3,28.03,32.71,20.4,,,,,,,,,,,,,,,154.0,0.128,51.0,33.12,19.0,12.34,0.45999999999999996,0.09,31.36,13.64,17.27,30.91,24.48,26.29,,,,,,,,,,,,,,
745736,2024-06-09,2024,666158,L,661563,R,strikeout,True,False,154.0,0.217,34.0,22.08,11.0,7.14,0.581,0.091,19.1,8.44,18.87,27.32,18.51,19.32,,,,,,,,,,,,,,,116.0,0.13,34.0,29.31,15.0,12.93,0.46099999999999997,0.09,28.63,13.74,15.43,29.18,29.48,22.52,,,,,,,,,,,,,,
745736,2024-06-09,2024,519317,R,607192,R,field_out,False,False,176.0,0.236,55.0,31.25,15.0,8.52,0.817,0.28,32.6,14.86,17.71,32.57,30.75,29.26,341.0,0.175,111.0,32.55,35.0,10.26,0.64,0.201,36.65,15.18,19.37,34.55,27.39,25.58,149.0,0.165,55.0,36.91,9.0,6.04,0.489,0.10800000000000001,31.47,15.18,17.2,32.38,29.08,29.1,219.0,0.164,74.0,33.79,16.0,7.31,0.492,0.1,36.45,17.61,16.8,34.41,28.81,25.69
745736,2024-06-09,2024,663757,L,607192,R,walk,False,True,47.0,0.081,12.0,25.53,8.0,17.02,0.482,0.16199999999999998,23.53,7.55,24.06,31.6,6.19,20.0,412.0,0.178,118.0,28.64,56.0,13.59,0.623,0.147,29.65,12.55,17.63,30.18,22.3,21.15,143.0,0.183,46.0,32.17,10.0,6.99,0.615,0.191,27.88,13.94,14.87,28.81,25.1,29.3,266.0,0.247,88.0,33.08,21.0,7.89,0.721,0.1689999999999999,34.59,16.73,17.12,33.85,30.97,28.03
745736,2024-06-09,2024,650402,R,607192,R,field_out,False,False,206.0,0.234,48.0,23.3,17.0,8.25,0.655,0.11899999999999997,25.0,11.61,16.67,28.28,22.62,15.69,544.0,0.273,78.0,14.34,50.0,9.19,0.772,0.1589999999999999,21.74,10.32,15.57,25.89,26.86,11.29,149.0,0.165,55.0,36.91,9.0,6.04,0.489,0.10800000000000001,31.47,15.18,17.2,32.38,29.08,29.1,219.0,0.164,74.0,33.79,16.0,7.31,0.492,0.1,36.45,17.61,16.8,34.41,28.81,25.69
745736,2024-06-09,2024,518934,R,607192,R,strikeout,True,False,26.0,0.19,6.0,23.08,5.0,19.23,0.536,0.0,16.28,6.93,21.78,28.71,25.58,19.35,450.0,0.241,100.0,22.22,45.0,10.0,0.7070000000000001,0.146,19.38,7.76,24.06,31.82,23.84,20.0,149.0,0.165,55.0,36.91,9.0,6.04,0.489,0.10800000000000001,31.47,15.18,17.2,32.38,29.08,29.1,219.0,0.164,74.0,33.79,16.0,7.31,0.492,0.1,36.45,17.61,16.8,34.41,28.81,25.69
745736,2024-06-09,2024,571771,R,661563,R,field_out,False,False,83.0,0.171,19.0,22.89,7.0,8.43,0.478,0.06599999999999998,27.33,14.24,15.45,29.7,27.74,18.45,347.0,0.235,78.0,22.48,20.0,5.76,0.647,0.13,27.56,13.17,16.85,30.02,28.91,20.8,154.0,0.128,51.0,33.12,19.0,12.34,0.45999999999999996,0.09,31.36,13.64,17.27,30.91,24.48,26.29,,,,,,,,,,,,,,
745736,2024-06-09,2024,605141,R,661563,R,field_out,False,False,199.0,0.295,22.0,11.06,33.0,16.58,0.9059999999999999,0.199,15.56,5.82,20.42,26.24,18.2,8.8,509.0,0.309,85.0,16.7,66.0,12.97,0.949,0.237,17.85,6.92,20.25,27.17,17.64,15.12,154.0,0.128,51.0,33.12,19.0,12.34,0.45999999999999996,0.09,31.36,13.64,17.27,30.91,24.48,26.29,,,,,,,,,,,,,,
745736,2024-06-09,2024,660271,L,661563,R,field_out,False,False,179.0,0.318,38.0,21.23,22.0,12.29,1.069,0.34400000000000003,29.18,14.25,13.0,27.25,31.03,18.63,429.0,0.327,99.0,23.08,64.0,14.92,1.132,0.3739999999999999,32.88,15.48,11.59,27.07,28.86,20.75,116.0,0.13,34.0,29.31,15.0,12.93,0.46099999999999997,0.09,28.63,13.74,15.43,29.18,29.48,22.52,,,,,,,,,,,,,,
745736,2024-06-09,2024,665828,L,607192,R,home_run,False,False,129.0,0.235,22.0,17.05,8.0,6.2,0.64,0.126,15.79,7.3,18.66,25.96,30.68,15.17,261.0,0.215,51.0,19.54,22.0,8.43,0.567,0.0679999999999999,22.29,10.93,14.34,25.28,25.97,17.65,143.0,0.183,46.0,32.17,10.0,6.99,0.615,0.191,27.88,13.94,14.87,28.81,25.1,29.3,266.0,0.247,88.0,33.08,21.0,7.89,0.721,0.1689999999999999,34.59,16.73,17.12,33.85,30.97,28.03
745736,2024-06-09,2024,624431,R,607192,R,field_out,False,False,77.0,0.282,10.0,12.99,4.0,5.19,0.6910000000000001,0.08400000000000002,15.32,6.44,22.35,28.79,31.21,17.24,125.0,0.19,20.0,16.0,5.0,4.0,0.495,0.069,18.59,8.22,23.33,31.56,37.86,15.5,149.0,0.165,55.0,36.91,9.0,6.04,0.489,0.10800000000000001,31.47,15.18,17.2,32.38,29.08,29.1,219.0,0.164,74.0,33.79,16.0,7.31,0.492,0.1,36.45,17.61,16.8,34.41,28.81,25.69
745736,2024-06-09,2024,683011,R,607192,R,field_out,False,False,226.0,0.289,48.0,21.24,17.0,7.52,0.7989999999999999,0.15900000000000003,21.98,10.4,18.86,29.26,29.59,18.68,467.0,0.198,132.0,28.27,36.0,7.71,0.624,0.1579999999999999,28.15,13.53,17.49,31.02,29.16,23.4,149.0,0.165,55.0,36.91,9.0,6.04,0.489,0.10800000000000001,31.47,15.18,17.2,32.38,29.08,29.1,219.0,0.164,74.0,33.79,16.0,7.31,0.492,0.1,36.45,17.61,16.8,34.41,28.81,25.69
745736,2024-06-09,2024,657077,L,607192,R,double,False,False,186.0,0.266,22.0,11.83,13.0,6.99,0.762,0.184,13.11,6.07,19.07,25.14,25.89,10.78,441.0,0.279,66.0,14.97,30.0,6.8,0.793,0.185,15.08,6.28,20.52,26.8,22.64,14.93,143.0,0.183,46.0,32.17,10.0,6.99,0.615,0.191,27.88,13.94,14.87,28.81,25.1,29.3,266.0,0.247,88.0,33.08,21.0,7.89,0.721,0.1689999999999999,34.59,16.73,17.12,33.85,30.97,28.03
745736,2024-06-09,2024,592450,R,607192,R,double,False,False,230.0,0.302,55.0,23.91,36.0,15.65,1.098,0.38100000000000006,30.88,13.32,14.65,27.97,18.62,18.64,384.0,0.266,109.0,28.39,77.0,20.05,1.011,0.3339999999999999,36.96,15.02,15.7,30.72,19.29,24.12,149.0,0.165,55.0,36.91,9.0,6.04,0.489,0.10800000000000001,31.47,15.18,17.2,32.38,29.08,29.1,219.0,0.164,74.0,33.79,16.0,7.31,0.492,0.1,36.45,17.61,16.8,34.41,28.81,25.69
745736,2024-06-09,2024,519317,R,607192,R,strikeout,True,False,176.0,0.236,55.0,31.25,15.0,8.52,0.817,0.28,32.6,14.86,17.71,32.57,30.75,29.26,341.0,0.175,111.0,32.55,35.0,10.26,0.64,0.201,36.65,15.18,19.37,34.55,27.39,25.58,149.0,0.165,55.0,36.91,9.0,6.04,0.489,0.10800000000000001,31.47,15.18,17.2,32.38,29.08,29.1,219.0,0.164,74.0,33.79,16.0,7.31,0.492,0.1,36.45,17.61,16.8,34.41,28.81,25.69
745736,2024-06-09,2024,518692,L,661563,R,field_out,False,False,174.0,0.336,28.0,16.09,24.0,13.79,1.006,0.23899999999999993,20.12,9.39,12.23,21.62,23.5,14.14,514.0,0.33,81.0,15.76,57.0,11.09,0.962,0.218,19.83,9.77,11.31,21.08,27.01,16.63,116.0,0.13,34.0,29.31,15.0,12.93,0.46099999999999997,0.09,28.63,13.74,15.43,29.18,29.48,22.52,,,,,,,,,,,,,,
745736,2024-06-09,2024,669257,R,661563,R,field_out,False,False,159.0,0.232,27.0,16.98,11.0,6.92,0.683,0.155,19.38,9.5,15.38,24.89,27.58,12.92,407.0,0.268,67.0,16.46,42.0,10.32,0.7949999999999999,0.1659999999999999,19.27,8.8,16.84,25.64,24.5,12.79,154.0,0.128,51.0,33.12,19.0,12.34,0.45999999999999996,0.09,31.36,13.64,17.27,30.91,24.48,26.29,,,,,,,,,,,,,,
745736,2024-06-09,2024,606192,R,661563,R,field_out,False,False,194.0,0.262,57.0,29.38,18.0,9.28,0.795,0.191,35.37,18.31,12.75,31.06,28.75,21.43,529.0,0.249,164.0,31.0,33.0,6.24,0.718,0.1639999999999999,36.92,19.57,14.44,34.01,34.81,23.06,154.0,0.128,51.0,33.12,19.0,12.34,0.45999999999999996,0.09,31.36,13.64,17.27,30.91,24.48,26.29,,,,,,,,,,,,,,
745736,2024-06-09,2024,663757,L,607192,R,strikeout,True,False,47.0,0.081,12.0,25.53,8.0,17.02,0.482,0.16199999999999998,23.53,7.55,24.06,31.6,6.19,20.0,412.0,0.178,118.0,28.64,56.0,13.59,0.623,0.147,29.65,12.55,17.63,30.18,22.3,21.15,143.0,0.183,46.0,32.17,10.0,6.99,0.615,0.191,27.88,13.94,14.87,28.81,25.1,29.3,266.0,0.247,88.0,33.08,21.0,7.89,0.721,0.1689999999999999,34.59,16.73,17.12,33.85,30.97,28.03
745736,2024-06-09,2024,650402,R,607192,R,strikeout,True,False,206.0,0.234,48.0,23.3,17.0,8.25,0.655,0.11899999999999997,25.0,11.61,16.67,28.28,22.62,15.69,544.0,0.273,78.0,14.34,50.0,9.19,0.772,0.1589999999999999,21.74,10.32,15.57,25.89,26.86,11.29,149.0,0.165,55.0,36.91,9.0,6.04,0.489,0.10800000000000001,31.47,15.18,17.2,32.38,29.08,29.1,219.0,0.164,74.0,33.79,16.0,7.31,0.492,0.1,36.45,17.61,16.8,34.41,28.81,25.69
745736,2024-06-09,2024,518934,R,607192,R,single,False,False,26.0,0.19,6.0,23.08,5.0,19.23,0.536,0.0,16.28,6.93,21.78,28.71,25.58,19.35,450.0,0.241,100.0,22.22,45.0,10.0,0.7070000000000001,0.146,19.38,7.76,24.06,31.82,23.84,20.0,149.0,0.165,55.0,36.91,9.0,6.04,0.489,0.10800000000000001,31.47,15.18,17.2,32.38,29.08,29.1,219.0,0.164,74.0,33.79,16.0,7.31,0.492,0.1,36.45,17.61,16.8,34.41,28.81,25.69
745736,2024-06-09,2024,665828,L,607192,R,caught_stealing_2b,False,False,129.0,0.235,22.0,17.05,8.0,6.2,0.64,0.126,15.79,7.3,18.66,25.96,30.68,15.17,261.0,0.215,51.0,19.54,22.0,8.43,0.567,0.0679999999999999,22.29,10.93,14.34,25.28,25.97,17.65,143.0,0.183,46.0,32.17,10.0,6.99,0.615,0.191,27.88,13.94,14.87,28.81,25.1,29.3,266.0,0.247,88.0,33.08,21.0,7.89,0.721,0.1689999999999999,34.59,16.73,17.12,33.85,30.97,28.03
745736,2024-06-09,2024,518792,L,661563,R,strikeout,True,False,55.0,0.204,9.0,16.36,5.0,9.09,0.679,0.18400000000000002,24.79,13.24,12.33,25.57,32.11,13.24,349.0,0.276,57.0,16.33,32.0,9.17,0.818,0.1949999999999999,20.45,9.51,16.77,26.27,27.56,15.45,116.0,0.13,34.0,29.31,15.0,12.93,0.46099999999999997,0.09,28.63,13.74,15.43,29.18,29.48,22.52,,,,,,,,,,,,,,
745736,2024-06-09,2024,681624,R,661563,R,double,False,False,142.0,0.22,41.0,28.87,8.0,5.63,0.6619999999999999,0.158,28.34,15.73,12.3,28.03,32.71,20.4,,,,,,,,,,,,,,,154.0,0.128,51.0,33.12,19.0,12.34,0.45999999999999996,0.09,31.36,13.64,17.27,30.91,24.48,26.29,,,,,,,,,,,,,,
745736,2024-06-09,2024,666158,L,661563,R,single,False,False,154.0,0.217,34.0,22.08,11.0,7.14,0.581,0.091,19.1,8.44,18.87,27.32,18.51,19.32,,,,,,,,,,,,,,,116.0,0.13,34.0,29.31,15.0,12.93,0.46099999999999997,0.09,28.63,13.74,15.43,29.18,29.48,22.52,,,,,,,,,,,,,,
745736,2024-06-09,2024,571771,R,661563,R,strikeout,True,False,83.0,0.171,19.0,22.89,7.0,8.43,0.478,0.06599999999999998,27.33,14.24,15.45,29.7,27.74,18.45,347.0,0.235,78.0,22.48,20.0,5.76,0.647,0.13,27.56,13.17,16.85,30.02,28.91,20.8,154.0,0.128,51.0,33.12,19.0,12.34,0.45999999999999996,0.09,31.36,13.64,17.27,30.91,24.48,26.29,,,,,,,,,,,,,,
745736,2024-06-09,2024,605141,R,661563,R,double,False,False,199.0,0.295,22.0,11.06,33.0,16.58,0.9059999999999999,0.199,15.56,5.82,20.42,26.24,18.2,8.8,509.0,0.309,85.0,16.7,66.0,12.97,0.949,0.237,17.85,6.92,20.25,27.17,17.64,15.12,154.0,0.128,51.0,33.12,19.0,12.34,0.45999999999999996,0.09,31.36,13.64,17.27,30.91,24.48,26.29,,,,,,,,,,,,,,
745736,2024-06-09,2024,660271,L,661563,R,field_out,False,False,179.0,0.318,38.0,21.23,22.0,12.29,1.069,0.34400000000000003,29.18,14.25,13.0,27.25,31.03,18.63,429.0,0.327,99.0,23.08,64.0,14.92,1.132,0.3739999999999999,32.88,15.48,11.59,27.07,28.86,20.75,116.0,0.13,34.0,29.31,15.0,12.93,0.46099999999999997,0.09,28.63,13.74,15.43,29.18,29.48,22.52,,,,,,,,,,,,,,
745736,2024-06-09,2024,665828,L,607192,R,strikeout,True,False,129.0,0.235,22.0,17.05,8.0,6.2,0.64,0.126,15.79,7.3,18.66,25.96,30.68,15.17,261.0,0.215,51.0,19.54,22.0,8.43,0.567,0.0679999999999999,22.29,10.93,14.34,25.28,25.97,17.65,143.0,0.183,46.0,32.17,10.0,6.99,0.615,0.191,27.88,13.94,14.87,28.81,25.1,29.3,266.0,0.247,88.0,33.08,21.0,7.89,0.721,0.1689999999999999,34.59,16.73,17.12,33.85,30.97,28.03
745736,2024-06-09,2024,624431,R,607192,R,strikeout,True,False,77.0,0.282,10.0,12.99,4.0,5.19,0.6910000000000001,0.08400000000000002,15.32,6.44,22.35,28.79,31.21,17.24,125.0,0.19,20.0,16.0,5.0,4.0,0.495,0.069,18.59,8.22,23.33,31.56,37.86,15.5,149.0,0.165,55.0,36.91,9.0,6.04,0.489,0.10800000000000001,31.47,15.18,17.2,32.38,29.08,29.1,219.0,0.164,74.0,33.79,16.0,7.31,0.492,0.1,36.45,17.61,16.8,34.41,28.81,25.69
745736,2024-06-09,2024,683011,R,607192,R,strikeout,True,False,226.0,0.289,48.0,21.24,17.0,7.52,0.7989999999999999,0.15900000000000003,21.98,10.4,18.86,29.26,29.59,18.68,467.0,0.198,132.0,28.27,36.0,7.71,0.624,0.1579999999999999,28.15,13.53,17.49,31.02,29.16,23.4,149.0,0.165,55.0,36.91,9.0,6.04,0.489,0.10800000000000001,31.47,15.18,17.2,32.38,29.08,29.1,219.0,0.164,74.0,33.79,16.0,7.31,0.492,0.1,36.45,17.61,16.8,34.41,28.81,25.69
745736,2024-06-09,2024,518692,L,661563,R,field_out,False,False,174.0,0.336,28.0,16.09,24.0,13.79,1.006,0.23899999999999993,20.12,9.39,12.23,21.62,23.5,14.14,514.0,0.33,81.0,15.76,57.0,11.09,0.962,0.218,19.83,9.77,11.31,21.08,27.01,16.63,116.0,0.13,34.0,29.31,15.0,12.93,0.46099999999999997,0.09,28.63,13.74,15.43,29.18,29.48,22.52,,,,,,,,,,,,,,
745736,2024-06-09,2024,669257,R,661563,R,field_out,False,False,159.0,0.232,27.0,16.98,11.0,6.92,0.683,0.155,19.38,9.5,15.38,24.89,27.58,12.92,407.0,0.268,67.0,16.46,42.0,10.32,0.7949999999999999,0.1659999999999999,19.27,8.8,16.84,25.64,24.5,12.79,154.0,0.128,51.0,33.12,19.0,12.34,0.45999999999999996,0.09,31.36,13.64,17.27,30.91,24.48,26.29,,,,,,,,,,,,,,
745736,2024-06-09,2024,606192,R,661563,R,home_run,False,False,194.0,0.262,57.0,29.38,18.0,9.28,0.795,0.191,35.37,18.31,12.75,31.06,28.75,21.43,529.0,0.249,164.0,31.0,33.0,6.24,0.718,0.1639999999999999,36.92,19.57,14.44,34.01,34.81,23.06,154.0,0.128,51.0,33.12,19.0,12.34,0.45999999999999996,0.09,31.36,13.64,17.27,30.91,24.48,26.29,,,,,,,,,,,,,,
745736,2024-06-09,2024,518792,L,657571,L,strikeout,True,False,2.0,1.0,0.0,0.0,0.0,0.0,3.5,1.5,25.0,14.29,14.29,28.57,33.33,0.0,28.0,0.192,7.0,25.0,2.0,7.14,0.75,0.308,23.64,11.93,19.27,31.19,40.0,22.58,34.0,0.24,8.0,23.53,7.0,20.59,0.812,0.16000000000000003,30.77,12.21,16.03,28.24,20.55,21.05,90.0,0.266,26.0,28.89,4.0,4.44,0.748,0.126,27.22,13.33,17.39,30.72,29.94,25.0
745736,2024-06-09,2024,657077,L,607192,R,single,False,False,186.0,0.266,22.0,11.83,13.0,6.99,0.762,0.184,13.11,6.07,19.07,25.14,25.89,10.78,441.0,0.279,66.0,14.97,30.0,6.8,0.793,0.185,15.08,6.28,20.52,26.8,22.64,14.93,143.0,0.183,46.0,32.17,10.0,6.99,0.615,0.191,27.88,13.94,14.87,28.81,25.1,29.3,266.0,0.247,88.0,33.08,21.0,7.89,0.721,0.1689999999999999,34.59,16.73,17.12,33.85,30.97,28.03
745736,2024-06-09,2024,592450,R,607192,R,single,False,False,230.0,0.302,55.0,23.91,36.0,15.65,1.098,0.38100000000000006,30.88,13.32,14.65,27.97,18.62,18.64,384.0,0.266,109.0,28.39,77.0,20.05,1.011,0.3339999999999999,36.96,15.02,15.7,30.72,19.29,24.12,149.0,0.165,55.0,36.91,9.0,6.04,0.489,0.10800000000000001,31.47,15.18,17.2,32.38,29.08,29.1,219.0,0.164,74.0,33.79,16.0,7.31,0.492,0.1,36.45,17.61,16.8,34.41,28.81,25.69
745736,2024-06-09,2024,519317,R,607192,R,strikeout,True,False,176.0,0.236,55.0,31.25,15.0,8.52,0.817,0.28,32.6,14.86,17.71,32.57,30.75,29.26,341.0,0.175,111.0,32.55,35.0,10.26,0.64,0.201,36.65,15.18,19.37,34.55,27.39,25.58,149.0,0.165,55.0,36.91,9.0,6.04,0.489,0.10800000000000001,31.47,15.18,17.2,32.38,29.08,29.1,219.0,0.164,74.0,33.79,16.0,7.31,0.492,0.1,36.45,17.61,16.8,34.41,28.81,25.69
745736,2024-06-09,2024,663757,L,607192,R,home_run,False,False,47.0,0.081,12.0,25.53,8.0,17.02,0.482,0.16199999999999998,23.53,7.55,24.06,31.6,6.19,20.0,412.0,0.178,118.0,28.64,56.0,13.59,0.623,0.147,29.65,12.55,17.63,30.18,22.3,21.15,143.0,0.183,46.0,32.17,10.0,6.99,0.615,0.191,27.88,13.94,14.87,28.81,25.1,29.3,266.0,0.247,88.0,33.08,21.0,7.89,0.721,0.1689999999999999,34.59,16.73,17.12,33.85,30.97,28.03
745736,2024-06-09,2024,650402,R,607192,R,single,False,False,206.0,0.234,48.0,23.3,17.0,8.25,0.655,0.11899999999999997,25.0,11.61,16.67,28.28,22.62,15.69,544.0,0.273,78.0,14.34,50.0,9.19,0.772,0.1589999999999999,21.74,10.32,15.57,25.89,26.86,11.29,149.0,0.165,55.0,36.91,9.0,6.04,0.489,0.10800000000000001,31.47,15.18,17.2,32.38,29.08,29.1,219.0,0.164,74.0,33.79,16.0,7.31,0.492,0.1,36.45,17.61,16.8,34.41,28.81,25.69
745736,2024-06-09,2024,518934,R,607192,R,strikeout,True,False,26.0,0.19,6.0,23.08,5.0,19.23,0.536,0.0,16.28,6.93,21.78,28.71,25.58,19.35,450.0,0.241,100.0,22.22,45.0,10.0,0.7070000000000001,0.146,19.38,7.76,24.06,31.82,23.84,20.0,149.0,0.165,55.0,36.91,9.0,6.04,0.489,0.10800000000000001,31.47,15.18,17.2,32.38,29.08,29.1,219.0,0.164,74.0,33.79,16.0,7.31,0.492,0.1,36.45,17.61,16.8,34.41,28.81,25.69
745736,2024-06-09,2024,665828,L,607192,R,strikeout,True,False,129.0,0.235,22.0,17.05,8.0,6.2,0.64,0.126,15.79,7.3,18.66,25.96,30.68,15.17,261.0,0.215,51.0,19.54,22.0,8.43,0.567,0.0679999999999999,22.29,10.93,14.34,25.28,25.97,17.65,143.0,0.183,46.0,32.17,10.0,6.99,0.615,0.191,27.88,13.94,14.87,28.81,25.1,29.3,266.0,0.247,88.0,33.08,21.0,7.89,0.721,0.1689999999999999,34.59,16.73,17.12,33.85,30.97,28.03
745736,2024-06-09,2024,681624,R,657571,L,walk,False,True,45.0,0.372,13.0,28.89,1.0,2.22,0.866,0.11599999999999999,23.0,12.23,14.89,27.13,36.56,20.31,,,,,,,,,,,,,,,55.0,0.231,15.0,27.27,3.0,5.45,0.696,0.19199999999999998,23.33,12.28,17.11,29.39,31.07,16.85,180.0,0.27,44.0,24.44,19.0,10.56,0.702,0.0819999999999999,25.63,12.6,16.34,28.95,28.12,20.66
745736,2024-06-09,2024,666158,L,657571,L,single,False,False,15.0,0.071,4.0,26.67,1.0,6.67,0.20400000000000001,0.0,34.62,14.75,24.59,39.34,16.0,26.67,,,,,,,,,,,,,,,34.0,0.24,8.0,23.53,7.0,20.59,0.812,0.16000000000000003,30.77,12.21,16.03,28.24,20.55,21.05,90.0,0.266,26.0,28.89,4.0,4.44,0.748,0.126,27.22,13.33,17.39,30.72,29.94,25.0
745736,2024-06-09,2024,571771,R,596133,R,force_out,False,False,83.0,0.171,19.0,22.89,7.0,8.43,0.478,0.06599999999999998,27.33,14.24,15.45,29.7,27.74,18.45,347.0,0.235,78.0,22.48,20.0,5.76,0.647,0.13,27.56,13.17,16.85,30.02,28.91,20.8,77.0,0.157,18.0,23.38,3.0,3.9,0.525,0.157,23.95,13.47,12.46,25.93,34.76,15.6,294.0,0.319,60.0,20.41,15.0,5.1,0.948,0.2709999999999999,21.2,10.46,15.26,25.72,26.0,16.13
745736,2024-06-09,2024,605141,R,596133,R,grounded_into_double_play,False,False,199.0,0.295,22.0,11.06,33.0,16.58,0.9059999999999999,0.199,15.56,5.82,20.42,26.24,18.2,8.8,509.0,0.309,85.0,16.7,66.0,12.97,0.949,0.237,17.85,6.92,20.25,27.17,17.64,15.12,77.0,0.157,18.0,23.38,3.0,3.9,0.525,0.157,23.95,13.47,12.46,25.93,34.76,15.6,294.0,0.319,60.0,20.41,15.0,5.1,0.948,0.2709999999999999,21.2,10.46,15.26,25.72,26.0,16.13
745736,2024-06-09,2024,624431,R,670990,R,field_out,False,False,77.0,0.282,10.0,12.99,4.0,5.19,0.6910000000000001,0.08400000000000002,15.32,6.44,22.35,28.79,31.21,17.24,125.0,0.19,20.0,16.0,5.0,4.0,0.495,0.069,18.59,8.22,23.33,31.56,37.86,15.5,63.0,0.25,9.0,14.29,5.0,7.94,0.711,0.09599999999999997,20.88,8.15,21.03,29.18,22.12,18.37,102.0,0.233,23.0,22.55,9.0,8.82,0.6220000000000001,0.046,21.23,8.86,20.05,28.9,26.96,16.08
745736,2024-06-09,2024,683011,R,670990,R,strikeout,True,False,226.0,0.289,48.0,21.24,17.0,7.52,0.7989999999999999,0.15900000000000003,21.98,10.4,18.86,29.26,29.59,18.68,467.0,0.198,132.0,28.27,36.0,7.71,0.624,0.1579999999999999,28.15,13.53,17.49,31.02,29.16,23.4,63.0,0.25,9.0,14.29,5.0,7.94,0.711,0.09599999999999997,20.88,8.15,21.03,29.18,22.12,18.37,102.0,0.233,23.0,22.55,9.0,8.82,0.6220000000000001,0.046,21.23,8.86,20.05,28.9,26.96,16.08
745736,2024-06-09,2024,657077,L,670990,R,field_out,False,False,186.0,0.266,22.0,11.83,13.0,6.99,0.762,0.184,13.11,6.07,19.07,25.14,25.89,10.78,441.0,0.279,66.0,14.97,30.0,6.8,0.793,0.185,15.08,6.28,20.52,26.8,22.64,14.93,40.0,0.2,13.0,32.5,3.0,7.5,0.586,0.08599999999999997,37.1,14.2,19.14,33.33,23.6,34.21,74.0,0.311,12.0,16.22,8.0,10.81,0.907,0.1639999999999999,19.44,7.24,20.0,27.24,18.59,17.14
745736,2024-06-09,2024,660271,L,596133,R,double,False,False,179.0,0.318,38.0,21.23,22.0,12.29,1.069,0.34400000000000003,29.18,14.25,13.0,27.25,31.03,18.63,429.0,0.327,99.0,23.08,64.0,14.92,1.132,0.3739999999999999,32.88,15.48,11.59,27.07,28.86,20.75,68.0,0.145,23.0,33.82,4.0,5.88,0.46399999999999997,0.11300000000000002,36.76,17.79,17.08,34.88,34.39,27.06,270.0,0.281,49.0,18.15,25.0,9.26,0.873,0.244,22.2,9.96,16.57,26.54,23.79,17.13
745736,2024-06-09,2024,518692,L,596133,R,field_out,False,False,174.0,0.336,28.0,16.09,24.0,13.79,1.006,0.23899999999999993,20.12,9.39,12.23,21.62,23.5,14.14,514.0,0.33,81.0,15.76,57.0,11.09,0.962,0.218,19.83,9.77,11.31,21.08,27.01,16.63,68.0,0.145,23.0,33.82,4.0,5.88,0.46399999999999997,0.11300000000000002,36.76,17.79,17.08,34.88,34.39,27.06,270.0,0.281,49.0,18.15,25.0,9.26,0.873,0.244,22.2,9.96,16.57,26.54,23.79,17.13
745736,2024-06-09,2024,669257,R,596133,R,sac_fly,False,False,159.0,0.232,27.0,16.98,11.0,6.92,0.683,0.155,19.38,9.5,15.38,24.89,27.58,12.92,407.0,0.268,67.0,16.46,42.0,10.32,0.7949999999999999,0.1659999999999999,19.27,8.8,16.84,25.64,24.5,12.79,77.0,0.157,18.0,23.38,3.0,3.9,0.525,0.157,23.95,13.47,12.46,25.93,34.76,15.6,294.0,0.319,60.0,20.41,15.0,5.1,0.948,0.2709999999999999,21.2,10.46,15.26,25.72,26.0,16.13
745736,2024-06-09,2024,606192,R,596133,R,strikeout,True,False,194.0,0.262,57.0,29.38,18.0,9.28,0.795,0.191,35.37,18.31,12.75,31.06,28.75,21.43,529.0,0.249,164.0,31.0,33.0,6.24,0.718,0.1639999999999999,36.92,19.57,14.44,34.01,34.81,23.06,77.0,0.157,18.0,23.38,3.0,3.9,0.525,0.157,23.95,13.47,12.46,25.93,34.76,15.6,294.0,0.319,60.0,20.41,15.0,5.1,0.948,0.2709999999999999,21.2,10.46,15.26,25.72,26.0,16.13
745736,2024-06-09,2024,592450,R,670990,R,home_run,False,False,230.0,0.302,55.0,23.91,36.0,15.65,1.098,0.38100000000000006,30.88,13.32,14.65,27.97,18.62,18.64,384.0,0.266,109.0,28.39,77.0,20.05,1.011,0.3339999999999999,36.96,15.02,15.7,30.72,19.29,24.12,63.0,0.25,9.0,14.29,5.0,7.94,0.711,0.09599999999999997,20.88,8.15,21.03,29.18,22.12,18.37,102.0,0.233,23.0,22.55,9.0,8.82,0.6220000000000001,0.046,21.23,8.86,20.05,28.9,26.96,16.08
745736,2024-06-09,2024,519317,R,670990,R,strikeout,True,False,176.0,0.236,55.0,31.25,15.0,8.52,0.817,0.28,32.6,14.86,17.71,32.57,30.75,29.26,341.0,0.175,111.0,32.55,35.0,10.26,0.64,0.201,36.65,15.18,19.37,34.55,27.39,25.58,63.0,0.25,9.0,14.29,5.0,7.94,0.711,0.09599999999999997,20.88,8.15,21.03,29.18,22.12,18.37,102.0,0.233,23.0,22.55,9.0,8.82,0.6220000000000001,0.046,21.23,8.86,20.05,28.9,26.96,16.08
745736,2024-06-09,2024,663757,L,670990,R,walk,False,True,47.0,0.081,12.0,25.53,8.0,17.02,0.482,0.16199999999999998,23.53,7.55,24.06,31.6,6.19,20.0,412.0,0.178,118.0,28.64,56.0,13.59,0.623,0.147,29.65,12.55,17.63,30.18,22.3,21.15,40.0,0.2,13.0,32.5,3.0,7.5,0.586,0.08599999999999997,37.1,14.2,19.14,33.33,23.6,34.21,74.0,0.311,12.0,16.22,8.0,10.81,0.907,0.1639999999999999,19.44,7.24,20.0,27.24,18.59,17.14
745736,2024-06-09,2024,650402,R,670990,R,grounded_into_double_play,False,False,206.0,0.234,48.0,23.3,17.0,8.25,0.655,0.11899999999999997,25.0,11.61,16.67,28.28,22.62,15.69,544.0,0.273,78.0,14.34,50.0,9.19,0.772,0.1589999999999999,21.74,10.32,15.57,25.89,26.86,11.29,63.0,0.25,9.0,14.29,5.0,7.94,0.711,0.09599999999999997,20.88,8.15,21.03,29.18,22.12,18.37,102.0,0.233,23.0,22.55,9.0,8.82,0.6220000000000001,0.046,21.23,8.86,20.05,28.9,26.96,16.08
745736,2024-06-09,2024,518792,L,605280,R,field_out,False,False,55.0,0.204,9.0,16.36,5.0,9.09,0.679,0.18400000000000002,24.79,13.24,12.33,25.57,32.11,13.24,349.0,0.276,57.0,16.33,32.0,9.17,0.818,0.1949999999999999,20.45,9.51,16.77,26.27,27.56,15.45,54.0,0.255,10.0,18.52,2.0,3.7,0.533,0.0,25.0,12.22,20.0,32.22,37.5,20.83,114.0,0.2,26.0,22.81,12.0,10.53,0.5589999999999999,0.07,23.83,10.48,19.36,29.84,22.22,21.67
745736,2024-06-09,2024,681624,R,605280,R,field_out,False,False,142.0,0.22,41.0,28.87,8.0,5.63,0.6619999999999999,0.158,28.34,15.73,12.3,28.03,32.71,20.4,,,,,,,,,,,,,,,65.0,0.228,18.0,27.69,6.0,9.23,0.6040000000000001,0.05300000000000002,33.64,13.69,24.33,38.02,21.21,18.95,148.0,0.231,45.0,30.41,11.0,7.43,0.603,0.0749999999999999,28.02,12.29,20.82,33.11,26.21,24.32
745736,2024-06-09,2024,666158,L,605280,R,single,False,False,154.0,0.217,34.0,22.08,11.0,7.14,0.581,0.091,19.1,8.44,18.87,27.32,18.51,19.32,,,,,,,,,,,,,,,54.0,0.255,10.0,18.52,2.0,3.7,0.533,0.0,25.0,12.22,20.0,32.22,37.5,20.83,114.0,0.2,26.0,22.81,12.0,10.53,0.5589999999999999,0.07,23.83,10.48,19.36,29.84,22.22,21.67
745736,2024-06-09,2024,571771,R,605280,R,single,False,False,83.0,0.171,19.0,22.89,7.0,8.43,0.478,0.06599999999999998,27.33,14.24,15.45,29.7,27.74,18.45,347.0,0.235,78.0,22.48,20.0,5.76,0.647,0.13,27.56,13.17,16.85,30.02,28.91,20.8,65.0,0.228,18.0,27.69,6.0,9.23,0.6040000000000001,0.05300000000000002,33.64,13.69,24.33,38.02,21.21,18.95,148.0,0.231,45.0,30.41,11.0,7.43,0.603,0.0749999999999999,28.02,12.29,20.82,33.11,26.21,24.32
745736,2024-06-09,2024,605141,R,605280,R,strikeout,True,False,199.0,0.295,22.0,11.06,33.0,16.58,0.9059999999999999,0.199,15.56,5.82,20.42,26.24,18.2,8.8,509.0,0.309,85.0,16.7,66.0,12.97,0.949,0.237,17.85,6.92,20.25,27.17,17.64,15.12,65.0,0.228,18.0,27.69,6.0,9.23,0.6040000000000001,0.05300000000000002,33.64,13.69,24.33,38.02,21.21,18.95,148.0,0.231,45.0,30.41,11.0,7.43,0.603,0.0749999999999999,28.02,12.29,20.82,33.11,26.21,24.32
745167,2024-06-09,2024,453568,L,669467,R,field_out,False,False,171.0,0.245,24.0,14.04,13.0,7.6,0.6930000000000001,0.136,18.79,9.32,17.06,26.38,35.87,13.64,309.0,0.272,48.0,15.53,26.0,8.41,0.7909999999999999,0.1689999999999999,21.84,10.67,16.05,26.72,30.66,16.11,47.0,0.209,7.0,14.89,4.0,8.51,0.51,0.02400000000000002,17.5,7.87,18.54,26.4,20.73,14.89,168.0,0.234,22.0,13.1,12.0,7.14,0.694,0.162,16.39,7.94,14.44,22.38,26.07,12.43
745167,2024-06-09,2024,678662,R,669467,R,field_out,False,False,204.0,0.307,58.0,28.43,6.0,2.94,0.845,0.203,34.17,21.45,10.13,31.58,46.62,22.66,438.0,0.256,109.0,24.89,17.0,3.88,0.69,0.143,29.47,17.51,10.44,27.95,41.11,20.49,43.0,0.4,4.0,9.3,7.0,16.28,1.141,0.22899999999999998,15.07,6.43,14.62,21.05,24.21,9.09,135.0,0.357,21.0,15.56,18.0,13.33,0.882,0.081,20.85,8.63,16.27,24.9,16.8,16.41
745167,2024-06-09,2024,641857,L,669467,R,field_out,False,False,189.0,0.245,51.0,26.98,21.0,11.11,0.7330000000000001,0.16000000000000003,26.47,12.19,16.26,28.45,26.56,18.89,449.0,0.26,141.0,31.4,52.0,11.58,0.826,0.2209999999999999,31.26,14.84,14.94,29.79,25.26,20.41,47.0,0.209,7.0,14.89,4.0,8.51,0.51,0.02400000000000002,17.5,7.87,18.54,26.4,20.73,14.89,168.0,0.234,22.0,13.1,12.0,7.14,0.694,0.162,16.39,7.94,14.44,22.38,26.07,12.43
745167,2024-06-09,2024,691026,R,621389,L,strikeout,True,False,73.0,0.269,15.0,20.55,6.0,8.22,0.8360000000000001,0.238,15.54,7.4,18.33,25.72,32.21,16.67,37.0,0.2,7.0,18.92,1.0,2.7,0.445,0.0289999999999999,21.54,10.0,20.0,30.0,25.4,18.92,124.0,0.348,14.0,11.29,6.0,4.84,0.912,0.18200000000000005,11.06,5.68,16.36,22.05,29.44,10.77,281.0,0.347,40.0,14.23,21.0,7.47,0.944,0.197,15.42,7.56,16.92,24.48,31.3,14.18
745167,2024-06-09,2024,676475,L,621389,L,field_out,False,False,55.0,0.212,6.0,10.91,2.0,3.64,0.5680000000000001,0.11500000000000002,20.72,11.79,10.26,22.05,32.26,12.24,29.0,0.259,6.0,20.69,2.0,6.9,0.606,0.0369999999999999,18.18,9.62,19.23,28.85,41.82,19.35,43.0,0.171,5.0,11.63,1.0,2.33,0.381,0.023999999999999994,18.67,10.85,16.28,27.13,33.33,16.67,72.0,0.269,10.0,13.89,3.0,4.17,0.813,0.238,14.84,7.34,19.69,27.03,27.42,12.5
745167,2024-06-09,2024,502671,R,621389,L,single,False,False,70.0,0.267,13.0,18.57,7.0,10.0,0.72,0.09999999999999998,22.05,9.36,19.06,28.43,25.33,12.87,170.0,0.295,41.0,24.12,20.0,11.76,0.8260000000000001,0.155,26.26,11.0,20.45,31.45,28.73,20.4,124.0,0.348,14.0,11.29,6.0,4.84,0.912,0.18200000000000005,11.06,5.68,16.36,22.05,29.44,10.77,281.0,0.347,40.0,14.23,21.0,7.47,0.944,0.197,15.42,7.56,16.92,24.48,31.3,14.18
745167,2024-06-09,2024,571448,R,621389,L,single,False,False,55.0,0.189,4.0,7.27,1.0,1.82,0.502,0.11299999999999999,17.71,8.54,18.59,27.14,32.98,8.51,146.0,0.22,20.0,13.7,10.0,6.85,0.662,0.166,19.62,9.73,14.31,24.05,36.88,13.25,124.0,0.348,14.0,11.29,6.0,4.84,0.912,0.18200000000000005,11.06,5.68,16.36,22.05,29.44,10.77,281.0,0.347,40.0,14.23,21.0,7.47,0.944,0.197,15.42,7.56,16.92,24.48,31.3,14.18
745167,2024-06-09,2024,669357,L,621389,L,field_out,False,False,66.0,0.224,21.0,31.82,7.0,10.61,0.774,0.24200000000000002,34.48,16.13,16.94,33.06,31.2,26.25,86.0,0.26,24.0,27.91,11.0,12.79,0.839,0.2189999999999999,33.77,15.79,17.34,33.13,24.68,27.59,43.0,0.171,5.0,11.63,1.0,2.33,0.381,0.023999999999999994,18.67,10.85,16.28,27.13,33.33,16.67,72.0,0.269,10.0,13.89,3.0,4.17,0.813,0.238,14.84,7.34,19.69,27.03,27.42,12.5
745167,2024-06-09,2024,553869,R,669467,R,single,False,False,151.0,0.307,29.0,19.21,10.0,6.62,0.817,0.14600000000000002,28.96,15.75,12.27,28.02,34.18,17.47,383.0,0.298,92.0,24.02,23.0,6.01,0.777,0.14,29.34,15.86,11.31,27.17,35.61,20.22,43.0,0.4,4.0,9.3,7.0,16.28,1.141,0.22899999999999998,15.07,6.43,14.62,21.05,24.21,9.09,135.0,0.357,21.0,15.56,18.0,13.33,0.882,0.081,20.85,8.63,16.27,24.9,16.8,16.41
745167,2024-06-09,2024,686668,R,669467,R,single,False,False,194.0,0.271,55.0,28.35,19.0,9.79,0.77,0.15299999999999997,30.72,15.21,15.49,30.7,28.41,26.7,299.0,0.207,98.0,32.78,17.0,5.69,0.597,0.131,34.17,17.56,14.33,31.89,31.96,31.51,43.0,0.4,4.0,9.3,7.0,16.28,1.141,0.22899999999999998,15.07,6.43,14.62,21.05,24.21,9.09,135.0,0.357,21.0,15.56,18.0,13.33,0.882,0.081,20.85,8.63,16.27,24.9,16.8,16.41
745167,2024-06-09,2024,595909,L,669467,R,grounded_into_double_play,False,False,95.0,0.262,25.0,26.32,10.0,10.53,0.67,0.07100000000000001,21.39,10.7,14.68,25.37,30.54,18.52,171.0,0.226,44.0,25.73,12.0,7.02,0.663,0.155,26.67,12.9,15.25,28.15,29.13,19.91,47.0,0.209,7.0,14.89,4.0,8.51,0.51,0.02400000000000002,17.5,7.87,18.54,26.4,20.73,14.89,168.0,0.234,22.0,13.1,12.0,7.14,0.694,0.162,16.39,7.94,14.44,22.38,26.07,12.43
745167,2024-06-09,2024,669911,L,669467,R,strikeout,True,False,43.0,0.143,18.0,41.86,0.0,0.0,0.496,0.19000000000000003,32.65,16.16,16.67,32.83,34.55,23.38,104.0,0.189,29.0,27.88,8.0,7.69,0.628,0.179,34.34,17.26,14.21,31.47,29.0,25.0,47.0,0.209,7.0,14.89,4.0,8.51,0.51,0.02400000000000002,17.5,7.87,18.54,26.4,20.73,14.89,168.0,0.234,22.0,13.1,12.0,7.14,0.694,0.162,16.39,7.94,14.44,22.38,26.07,12.43
745167,2024-06-09,2024,666185,R,621389,L,double,False,False,35.0,0.161,7.0,20.0,4.0,11.43,0.41800000000000004,0.0,32.35,16.92,12.31,29.23,32.81,21.21,86.0,0.268,12.0,13.95,12.0,13.95,0.77,0.126,22.46,10.88,12.44,23.32,23.98,9.3,124.0,0.348,14.0,11.29,6.0,4.84,0.912,0.18200000000000005,11.06,5.68,16.36,22.05,29.44,10.77,281.0,0.347,40.0,14.23,21.0,7.47,0.944,0.197,15.42,7.56,16.92,24.48,31.3,14.18
745167,2024-06-09,2024,680977,L,621389,L,field_out,False,False,74.0,0.273,5.0,6.76,3.0,4.05,0.718,0.121,11.82,4.78,20.96,25.74,19.01,7.94,63.0,0.236,10.0,15.87,6.0,9.52,0.569,0.0,14.29,6.33,19.83,26.16,24.58,15.87,43.0,0.171,5.0,11.63,1.0,2.33,0.381,0.023999999999999994,18.67,10.85,16.28,27.13,33.33,16.67,72.0,0.269,10.0,13.89,3.0,4.17,0.813,0.238,14.84,7.34,19.69,27.03,27.42,12.5
745167,2024-06-09,2024,686780,R,621389,L,sac_fly,False,False,11.0,0.1,2.0,18.18,1.0,9.09,0.382,0.1,22.22,11.43,17.14,28.57,16.67,25.0,,,,,,,,,,,,,,,124.0,0.348,14.0,11.29,6.0,4.84,0.912,0.18200000000000005,11.06,5.68,16.36,22.05,29.44,10.77,281.0,0.347,40.0,14.23,21.0,7.47,0.944,0.197,15.42,7.56,16.92,24.48,31.3,14.18
745167,2024-06-09,2024,672279,L,621389,L,single,False,False,48.0,0.071,13.0,27.08,2.0,4.17,0.20400000000000001,0.0,25.25,13.89,18.33,32.22,33.8,18.06,3.0,0.0,0.0,0.0,1.0,33.33,0.333,0.0,33.33,6.67,20.0,26.67,10.0,0.0,43.0,0.171,5.0,11.63,1.0,2.33,0.381,0.023999999999999994,18.67,10.85,16.28,27.13,33.33,16.67,72.0,0.269,10.0,13.89,3.0,4.17,0.813,0.238,14.84,7.34,19.69,27.03,27.42,12.5
745167,2024-06-09,2024,691026,R,621389,L,strikeout,True,False,73.0,0.269,15.0,20.55,6.0,8.22,0.8360000000000001,0.238,15.54,7.4,18.33,25.72,32.21,16.67,37.0,0.2,7.0,18.92,1.0,2.7,0.445,0.0289999999999999,21.54,10.0,20.0,30.0,25.4,18.92,124.0,0.348,14.0,11.29,6.0,4.84,0.912,0.18200000000000005,11.06,5.68,16.36,22.05,29.44,10.77,281.0,0.347,40.0,14.23,21.0,7.47,0.944,0.197,15.42,7.56,16.92,24.48,31.3,14.18
745167,2024-06-09,2024,691182,L,669467,R,single,False,False,,,,,,,,,,,,,,,,,,,,,,,,,,,,,47.0,0.209,7.0,14.89,4.0,8.51,0.51,0.02400000000000002,17.5,7.87,18.54,26.4,20.73,14.89,168.0,0.234,22.0,13.1,12.0,7.14,0.694,0.162,16.39,7.94,14.44,22.38,26.07,12.43
745167,2024-06-09,2024,675659,L,669467,R,strikeout,True,False,,,,,,,,,,,,,,,,,,,,,,,,,,,,,47.0,0.209,7.0,14.89,4.0,8.51,0.51,0.02400000000000002,17.5,7.87,18.54,26.4,20.73,14.89,168.0,0.234,22.0,13.1,12.0,7.14,0.694,0.162,16.39,7.94,14.44,22.38,26.07,12.43
745167,2024-06-09,2024,453568,L,669467,R,field_out,False,False,171.0,0.245,24.0,14.04,13.0,7.6,0.6930000000000001,0.136,18.79,9.32,17.06,26.38,35.87,13.64,309.0,0.272,48.0,15.53,26.0,8.41,0.7909999999999999,0.1689999999999999,21.84,10.67,16.05,26.72,30.66,16.11,47.0,0.209,7.0,14.89,4.0,8.51,0.51,0.02400000000000002,17.5,7.87,18.54,26.4,20.73,14.89,168.0,0.234,22.0,13.1,12.0,7.14,0.694,0.162,16.39,7.94,14.44,22.38,26.07,12.43
745167,2024-06-09,2024,678662,R,669467,R,field_out,False,False,204.0,0.307,58.0,28.43,6.0,2.94,0.845,0.203,34.17,21.45,10.13,31.58,46.62,22.66,438.0,0.256,109.0,24.89,17.0,3.88,0.69,0.143,29.47,17.51,10.44,27.95,41.11,20.49,43.0,0.4,4.0,9.3,7.0,16.28,1.141,0.22899999999999998,15.07,6.43,14.62,21.05,24.21,9.09,135.0,0.357,21.0,15.56,18.0,13.33,0.882,0.081,20.85,8.63,16.27,24.9,16.8,16.41
745167,2024-06-09,2024,676475,L,621389,L,home_run,False,False,55.0,0.212,6.0,10.91,2.0,3.64,0.5680000000000001,0.11500000000000002,20.72,11.79,10.26,22.05,32.26,12.24,29.0,0.259,6.0,20.69,2.0,6.9,0.606,0.0369999999999999,18.18,9.62,19.23,28.85,41.82,19.35,43.0,0.171,5.0,11.63,1.0,2.33,0.381,0.023999999999999994,18.67,10.85,16.28,27.13,33.33,16.67,72.0,0.269,10.0,13.89,3.0,4.17,0.813,0.238,14.84,7.34,19.69,27.03,27.42,12.5
745167,2024-06-09,2024,502671,R,621389,L,strikeout,True,False,70.0,0.267,13.0,18.57,7.0,10.0,0.72,0.09999999999999998,22.05,9.36,19.06,28.43,25.33,12.87,170.0,0.295,41.0,24.12,20.0,11.76,0.8260000000000001,0.155,26.26,11.0,20.45,31.45,28.73,20.4,124.0,0.348,14.0,11.29,6.0,4.84,0.912,0.18200000000000005,11.06,5.68,16.36,22.05,29.44,10.77,281.0,0.347,40.0,14.23,21.0,7.47,0.944,0.197,15.42,7.56,16.92,24.48,31.3,14.18
745167,2024-06-09,2024,571448,R,621389,L,field_out,False,False,55.0,0.189,4.0,7.27,1.0,1.82,0.502,0.11299999999999999,17.71,8.54,18.59,27.14,32.98,8.51,146.0,0.22,20.0,13.7,10.0,6.85,0.662,0.166,19.62,9.73,14.31,24.05,36.88,13.25,124.0,0.348,14.0,11.29,6.0,4.84,0.912,0.18200000000000005,11.06,5.68,16.36,22.05,29.44,10.77,281.0,0.347,40.0,14.23,21.0,7.47,0.944,0.197,15.42,7.56,16.92,24.48,31.3,14.18
745167,2024-06-09,2024,669357,L,621389,L,field_out,False,False,66.0,0.224,21.0,31.82,7.0,10.61,0.774,0.24200000000000002,34.48,16.13,16.94,33.06,31.2,26.25,86.0,0.26,24.0,27.91,11.0,12.79,0.839,0.2189999999999999,33.77,15.79,17.34,33.13,24.68,27.59,43.0,0.171,5.0,11.63,1.0,2.33,0.381,0.023999999999999994,18.67,10.85,16.28,27.13,33.33,16.67,72.0,0.269,10.0,13.89,3.0,4.17,0.813,0.238,14.84,7.34,19.69,27.03,27.42,12.5
745167,2024-06-09,2024,641857,L,669467,R,strikeout,True,False,189.0,0.245,51.0,26.98,21.0,11.11,0.7330000000000001,0.16000000000000003,26.47,12.19,16.26,28.45,26.56,18.89,449.0,0.26,141.0,31.4,52.0,11.58,0.826,0.2209999999999999,31.26,14.84,14.94,29.79,25.26,20.41,47.0,0.209,7.0,14.89,4.0,8.51,0.51,0.02400000000000002,17.5,7.87,18.54,26.4,20.73,14.89,168.0,0.234,22.0,13.1,12.0,7.14,0.694,0.162,16.39,7.94,14.44,22.38,26.07,12.43
745167,2024-06-09,2024,553869,R,669467,R,field_out,False,False,151.0,0.307,29.0,19.21,10.0,6.62,0.817,0.14600000000000002,28.96,15.75,12.27,28.02,34.18,17.47,383.0,0.298,92.0,24.02,23.0,6.01,0.777,0.14,29.34,15.86,11.31,27.17,35.61,20.22,43.0,0.4,4.0,9.3,7.0,16.28,1.141,0.22899999999999998,15.07,6.43,14.62,21.05,24.21,9.09,135.0,0.357,21.0,15.56,18.0,13.33,0.882,0.081,20.85,8.63,16.27,24.9,16.8,16.41
745167,2024-06-09,2024,686668,R,669467,R,strikeout,True,False,194.0,0.271,55.0,28.35,19.0,9.79,0.77,0.15299999999999997,30.72,15.21,15.49,30.7,28.41,26.7,299.0,0.207,98.0,32.78,17.0,5.69,0.597,0.131,34.17,17.56,14.33,31.89,31.96,31.51,43.0,0.4,4.0,9.3,7.0,16.28,1.141,0.22899999999999998,15.07,6.43,14.62,21.05,24.21,9.09,135.0,0.357,21.0,15.56,18.0,13.33,0.882,0.081,20.85,8.63,16.27,24.9,16.8,16.41
745167,2024-06-09,2024,666185,R,621389,L,field_out,False,False,35.0,0.161,7.0,20.0,4.0,11.43,0.41800000000000004,0.0,32.35,16.92,12.31,29.23,32.81,21.21,86.0,0.268,12.0,13.95,12.0,13.95,0.77,0.126,22.46,10.88,12.44,23.32,23.98,9.3,124.0,0.348,14.0,11.29,6.0,4.84,0.912,0.18200000000000005,11.06,5.68,16.36,22.05,29.44,10.77,281.0,0.347,40.0,14.23,21.0,7.47,0.944,0.197,15.42,7.56,16.92,24.48,31.3,14.18
745167,2024-06-09,2024,680977,L,621389,L,single,False,False,74.0,0.273,5.0,6.76,3.0,4.05,0.718,0.121,11.82,4.78,20.96,25.74,19.01,7.94,63.0,0.236,10.0,15.87,6.0,9.52,0.569,0.0,14.29,6.33,19.83,26.16,24.58,15.87,43.0,0.171,5.0,11.63,1.0,2.33,0.381,0.023999999999999994,18.67,10.85,16.28,27.13,33.33,16.67,72.0,0.269,10.0,13.89,3.0,4.17,0.813,0.238,14.84,7.34,19.69,27.03,27.42,12.5
745167,2024-06-09,2024,686780,R,621389,L,single,False,False,11.0,0.1,2.0,18.18,1.0,9.09,0.382,0.1,22.22,11.43,17.14,28.57,16.67,25.0,,,,,,,,,,,,,,,124.0,0.348,14.0,11.29,6.0,4.84,0.912,0.18200000000000005,11.06,5.68,16.36,22.05,29.44,10.77,281.0,0.347,40.0,14.23,21.0,7.47,0.944,0.197,15.42,7.56,16.92,24.48,31.3,14.18
745167,2024-06-09,2024,672279,L,621389,L,sac_bunt,False,False,48.0,0.071,13.0,27.08,2.0,4.17,0.20400000000000001,0.0,25.25,13.89,18.33,32.22,33.8,18.06,3.0,0.0,0.0,0.0,1.0,33.33,0.333,0.0,33.33,6.67,20.0,26.67,10.0,0.0,43.0,0.171,5.0,11.63,1.0,2.33,0.381,0.023999999999999994,18.67,10.85,16.28,27.13,33.33,16.67,72.0,0.269,10.0,13.89,3.0,4.17,0.813,0.238,14.84,7.34,19.69,27.03,27.42,12.5
745167,2024-06-09,2024,691026,R,621389,L,single,False,False,73.0,0.269,15.0,20.55,6.0,8.22,0.8360000000000001,0.238,15.54,7.4,18.33,25.72,32.21,16.67,37.0,0.2,7.0,18.92,1.0,2.7,0.445,0.0289999999999999,21.54,10.0,20.0,30.0,25.4,18.92,124.0,0.348,14.0,11.29,6.0,4.84,0.912,0.18200000000000005,11.06,5.68,16.36,22.05,29.44,10.77,281.0,0.347,40.0,14.23,21.0,7.47,0.944,0.197,15.42,7.56,16.92,24.48,31.3,14.18
745167,2024-06-09,2024,676475,L,621389,L,field_out,False,False,55.0,0.212,6.0,10.91,2.0,3.64,0.5680000000000001,0.11500000000000002,20.72,11.79,10.26,22.05,32.26,12.24,29.0,0.259,6.0,20.69,2.0,6.9,0.606,0.0369999999999999,18.18,9.62,19.23,28.85,41.82,19.35,43.0,0.171,5.0,11.63,1.0,2.33,0.381,0.023999999999999994,18.67,10.85,16.28,27.13,33.33,16.67,72.0,0.269,10.0,13.89,3.0,4.17,0.813,0.238,14.84,7.34,19.69,27.03,27.42,12.5
745167,2024-06-09,2024,595909,L,669467,R,field_out,False,False,95.0,0.262,25.0,26.32,10.0,10.53,0.67,0.07100000000000001,21.39,10.7,14.68,25.37,30.54,18.52,171.0,0.226,44.0,25.73,12.0,7.02,0.663,0.155,26.67,12.9,15.25,28.15,29.13,19.91,47.0,0.209,7.0,14.89,4.0,8.51,0.51,0.02400000000000002,17.5,7.87,18.54,26.4,20.73,14.89,168.0,0.234,22.0,13.1,12.0,7.14,0.694,0.162,16.39,7.94,14.44,22.38,26.07,12.43
745167,2024-06-09,2024,669911,L,669467,R,walk,False,True,43.0,0.143,18.0,41.86,0.0,0.0,0.496,0.19000000000000003,32.65,16.16,16.67,32.83,34.55,23.38,104.0,0.189,29.0,27.88,8.0,7.69,0.628,0.179,34.34,17.26,14.21,31.47,29.0,25.0,47.0,0.209,7.0,14.89,4.0,8.51,0.51,0.02400000000000002,17.5,7.87,18.54,26.4,20.73,14.89,168.0,0.234,22.0,13.1,12.0,7.14,0.694,0.162,16.39,7.94,14.44,22.38,26.07,12.43
745167,2024-06-09,2024,691182,L,669467,R,strikeout,True,False,,,,,,,,,,,,,,,,,,,,,,,,,,,,,47.0,0.209,7.0,14.89,4.0,8.51,0.51,0.02400000000000002,17.5,7.87,18.54,26.4,20.73,14.89,168.0,0.234,22.0,13.1,12.0,7.14,0.694,0.162,16.39,7.94,14.44,22.38,26.07,12.43
745167,2024-06-09,2024,675659,L,669467,R,strikeout,True,False,,,,,,,,,,,,,,,,,,,,,,,,,,,,,47.0,0.209,7.0,14.89,4.0,8.51,0.51,0.02400000000000002,17.5,7.87,18.54,26.4,20.73,14.89,168.0,0.234,22.0,13.1,12.0,7.14,0.694,0.162,16.39,7.94,14.44,22.38,26.07,12.43
745167,2024-06-09,2024,502671,R,621389,L,walk,False,True,70.0,0.267,13.0,18.57,7.0,10.0,0.72,0.09999999999999998,22.05,9.36,19.06,28.43,25.33,12.87,170.0,0.295,41.0,24.12,20.0,11.76,0.8260000000000001,0.155,26.26,11.0,20.45,31.45,28.73,20.4,124.0,0.348,14.0,11.29,6.0,4.84,0.912,0.18200000000000005,11.06,5.68,16.36,22.05,29.44,10.77,281.0,0.347,40.0,14.23,21.0,7.47,0.944,0.197,15.42,7.56,16.92,24.48,31.3,14.18
745167,2024-06-09,2024,571448,R,621389,L,field_out,False,False,55.0,0.189,4.0,7.27,1.0,1.82,0.502,0.11299999999999999,17.71,8.54,18.59,27.14,32.98,8.51,146.0,0.22,20.0,13.7,10.0,6.85,0.662,0.166,19.62,9.73,14.31,24.05,36.88,13.25,124.0,0.348,14.0,11.29,6.0,4.84,0.912,0.18200000000000005,11.06,5.68,16.36,22.05,29.44,10.77,281.0,0.347,40.0,14.23,21.0,7.47,0.944,0.197,15.42,7.56,16.92,24.48,31.3,14.18
745167,2024-06-09,2024,669357,L,621389,L,field_out,False,False,66.0,0.224,21.0,31.82,7.0,10.61,0.774,0.24200000000000002,34.48,16.13,16.94,33.06,31.2,26.25,86.0,0.26,24.0,27.91,11.0,12.79,0.839,0.2189999999999999,33.77,15.79,17.34,33.13,24.68,27.59,43.0,0.171,5.0,11.63,1.0,2.33,0.381,0.023999999999999994,18.67,10.85,16.28,27.13,33.33,16.67,72.0,0.269,10.0,13.89,3.0,4.17,0.813,0.238,14.84,7.34,19.69,27.03,27.42,12.5
745167,2024-06-09,2024,666185,R,621389,L,hit_by_pitch,False,False,35.0,0.161,7.0,20.0,4.0,11.43,0.41800000000000004,0.0,32.35,16.92,12.31,29.23,32.81,21.21,86.0,0.268,12.0,13.95,12.0,13.95,0.77,0.126,22.46,10.88,12.44,23.32,23.98,9.3,124.0,0.348,14.0,11.29,6.0,4.84,0.912,0.18200000000000005,11.06,5.68,16.36,22.05,29.44,10.77,281.0,0.347,40.0,14.23,21.0,7.47,0.944,0.197,15.42,7.56,16.92,24.48,31.3,14.18
745167,2024-06-09,2024,680977,L,621389,L,field_out,False,False,74.0,0.273,5.0,6.76,3.0,4.05,0.718,0.121,11.82,4.78,20.96,25.74,19.01,7.94,63.0,0.236,10.0,15.87,6.0,9.52,0.569,0.0,14.29,6.33,19.83,26.16,24.58,15.87,43.0,0.171,5.0,11.63,1.0,2.33,0.381,0.023999999999999994,18.67,10.85,16.28,27.13,33.33,16.67,72.0,0.269,10.0,13.89,3.0,4.17,0.813,0.238,14.84,7.34,19.69,27.03,27.42,12.5
745167,2024-06-09,2024,453568,L,669461,L,field_out,False,False,44.0,0.316,1.0,2.27,5.0,11.36,0.83,0.10499999999999998,7.46,3.31,16.56,19.87,22.67,3.57,105.0,0.299,7.0,6.67,13.0,12.38,0.845,0.138,12.2,5.18,18.91,24.09,22.96,7.95,44.0,0.119,11.0,25.0,2.0,4.55,0.302,0.023999999999999994,32.5,15.03,17.92,32.95,22.78,20.75,55.0,0.163,9.0,16.36,1.0,1.82,0.522,0.1229999999999999,16.67,7.21,16.83,24.04,19.19,15.25
745167,2024-06-09,2024,678662,R,669461,L,field_out,False,False,79.0,0.26,25.0,31.65,5.0,6.33,0.729,0.16499999999999998,36.76,22.44,9.24,31.68,39.19,26.04,177.0,0.246,57.0,32.2,8.0,4.52,0.708,0.185,35.75,21.54,12.35,33.89,44.38,25.56,84.0,0.329,15.0,17.86,12.0,14.29,0.9790000000000001,0.22800000000000004,22.54,11.85,11.85,23.71,27.45,15.31,220.0,0.302,37.0,16.82,24.0,10.91,0.861,0.182,19.22,8.65,16.02,24.68,24.94,17.29
745167,2024-06-09,2024,641857,L,669461,L,field_out,False,False,85.0,0.315,25.0,29.41,10.0,11.76,0.926,0.20600000000000002,28.57,13.04,16.58,29.62,26.92,21.55,178.0,0.191,57.0,32.02,16.0,8.99,0.573,0.118,35.23,16.38,16.64,33.03,25.79,24.15,44.0,0.119,11.0,25.0,2.0,4.55,0.302,0.023999999999999994,32.5,15.03,17.92,32.95,22.78,20.75,55.0,0.163,9.0,16.36,1.0,1.82,0.522,0.1229999999999999,16.67,7.21,16.83,24.04,19.19,15.25
745167,2024-06-09,2024,686780,R,664129,R,walk,False,True,14.0,0.0,6.0,42.86,3.0,21.43,0.214,0.0,26.09,10.91,21.82,32.73,32.14,40.0,,,,,,,,,,,,,,,,,,,,,,,,,,,,,8.0,0.167,2.0,25.0,2.0,25.0,1.042,0.5,17.65,7.89,10.53,18.42,15.0,16.67
745167,2024-06-09,2024,672279,L,664129,R,strikeout,True,False,86.0,0.276,22.0,25.58,5.0,5.81,0.685,0.09199999999999997,28.48,13.76,18.35,32.11,28.0,21.78,3.0,0.0,1.0,33.33,0.0,0.0,0.0,0.0,40.0,14.29,21.43,35.71,0.0,50.0,,,,,,,,,,,,,,,8.0,0.143,1.0,12.5,1.0,12.5,0.393,0.0,23.08,10.71,14.29,25.0,21.43,16.67
745167,2024-06-09,2024,691026,R,664129,R,single,False,False,138.0,0.322,22.0,15.94,11.0,7.97,0.765,0.07500000000000001,16.85,7.77,18.65,26.42,27.54,12.22,100.0,0.161,19.0,19.0,9.0,9.0,0.478,0.0799999999999999,21.56,9.11,22.03,31.14,24.87,14.88,,,,,,,,,,,,,,,8.0,0.167,2.0,25.0,2.0,25.0,1.042,0.5,17.65,7.89,10.53,18.42,15.0,16.67
745167,2024-06-09,2024,676475,L,664129,R,force_out,False,False,145.0,0.297,22.0,15.17,7.0,4.83,0.8089999999999999,0.181,19.66,11.15,11.73,22.88,33.85,14.97,318.0,0.243,39.0,12.26,21.0,6.6,0.698,0.156,17.66,9.16,14.01,23.17,33.05,13.13,,,,,,,,,,,,,,,8.0,0.143,1.0,12.5,1.0,12.5,0.393,0.0,23.08,10.71,14.29,25.0,21.43,16.67
745167,2024-06-09,2024,502671,R,664129,R,field_out,False,False,201.0,0.214,66.0,32.84,17.0,8.46,0.631,0.13199999999999998,29.41,13.92,19.03,32.95,30.07,20.51,518.0,0.259,120.0,23.17,67.0,12.93,0.8049999999999999,0.187,27.85,12.3,17.85,30.16,25.85,17.44,,,,,,,,,,,,,,,8.0,0.167,2.0,25.0,2.0,25.0,1.042,0.5,17.65,7.89,10.53,18.42,15.0,16.67
745167,2024-06-09,2024,553869,R,681676,R,strikeout,True,False,151.0,0.307,29.0,19.21,10.0,6.62,0.817,0.14600000000000002,28.96,15.75,12.27,28.02,34.18,17.47,383.0,0.298,92.0,24.02,23.0,6.01,0.777,0.14,29.34,15.86,11.31,27.17,35.61,20.22,62.0,0.259,18.0,29.03,4.0,6.45,0.599,0.033999999999999975,36.29,17.65,14.9,32.55,30.08,22.5,,,,,,,,,,,,,,
745167,2024-06-09,2024,686668,R,681676,R,field_out,False,False,194.0,0.271,55.0,28.35,19.0,9.79,0.77,0.15299999999999997,30.72,15.21,15.49,30.7,28.41,26.7,299.0,0.207,98.0,32.78,17.0,5.69,0.597,0.131,34.17,17.56,14.33,31.89,31.96,31.51,62.0,0.259,18.0,29.03,4.0,6.45,0.599,0.033999999999999975,36.29,17.65,14.9,32.55,30.08,22.5,,,,,,,,,,,,,,
745167,2024-06-09,2024,595909,L,681676,R,field_out,False,False,95.0,0.262,25.0,26.32,10.0,10.53,0.67,0.07100000000000001,21.39,10.7,14.68,25.37,30.54,18.52,171.0,0.226,44.0,25.73,12.0,7.02,0.663,0.155,26.67,12.9,15.25,28.15,29.13,19.91,43.0,0.229,10.0,23.26,4.0,9.3,0.79,0.228,27.71,12.57,15.3,27.87,24.18,18.87,,,,,,,,,,,,,,
745167,2024-06-09,2024,571448,R,664129,R,single,False,False,205.0,0.265,39.0,19.02,19.0,9.27,0.724,0.122,21.76,9.52,19.64,29.16,29.19,16.25,468.0,0.28,81.0,17.31,31.0,6.62,0.8089999999999999,0.2009999999999999,20.4,9.71,17.28,26.99,33.33,16.43,,,,,,,,,,,,,,,8.0,0.167,2.0,25.0,2.0,25.0,1.042,0.5,17.65,7.89,10.53,18.42,15.0,16.67
745167,2024-06-09,2024,669357,L,664129,R,field_out,False,False,159.0,0.229,56.0,35.22,18.0,11.32,0.802,0.257,39.88,19.54,14.5,34.05,30.36,25.93,378.0,0.231,124.0,32.8,42.0,11.11,0.7969999999999999,0.2459999999999999,35.96,17.73,12.12,29.85,28.13,25.15,,,,,,,,,,,,,,,8.0,0.143,1.0,12.5,1.0,12.5,0.393,0.0,23.08,10.71,14.29,25.0,21.43,16.67
745167,2024-06-09,2024,666185,L,664129,R,strikeout,True,False,26.0,0.174,8.0,30.77,2.0,7.69,0.486,0.04300000000000001,38.18,18.1,14.66,32.76,23.21,20.51,170.0,0.196,37.0,21.76,14.0,8.24,0.592,0.1079999999999999,22.71,10.14,18.91,29.05,25.44,21.14,,,,,,,,,,,,,,,8.0,0.143,1.0,12.5,1.0,12.5,0.393,0.0,23.08,10.71,14.29,25.0,21.43,16.67
745167,2024-06-09,2024,680977,L,664129,R,field_out,False,False,184.0,0.228,31.0,16.85,16.0,8.7,0.673,0.12999999999999998,17.3,6.99,20.28,27.27,22.72,15.35,309.0,0.294,43.0,13.92,27.0,8.74,0.831,0.166,14.96,6.32,19.2,25.52,22.53,13.27,,,,,,,,,,,,,,,8.0,0.143,1.0,12.5,1.0,12.5,0.393,0.0,23.08,10.71,14.29,25.0,21.43,16.67
745167,2024-06-09,2024,669911,L,681676,R,field_out,False,False,43.0,0.143,18.0,41.86,0.0,0.0,0.496,0.19000000000000003,32.65,16.16,16.67,32.83,34.55,23.38,104.0,0.189,29.0,27.88,8.0,7.69,0.628,0.179,34.34,17.26,14.21,31.47,29.0,25.0,43.0,0.229,10.0,23.26,4.0,9.3,0.79,0.228,27.71,12.57,15.3,27.87,24.18,18.87,,,,,,,,,,,,,,
745167,2024-06-09,2024,691182,L,681676,R,field_out,False,False,,,,,,,,,,,,,,,,,,,,,,,,,,,,,43.0,0.229,10.0,23.26,4.0,9.3,0.79,0.228,27.71,12.57,15.3,27.87,24.18,18.87,,,,,,,,,,,,,,
745167,2024-06-09,2024,675659,L,681676,R,walk,False,True,,,,,,,,,,,,,,,,,,,,,,,,,,,,,43.0,0.229,10.0,23.26,4.0,9.3,0.79,0.228,27.71,12.57,15.3,27.87,24.18,18.87,,,,,,,,,,,,,,
745167,2024-06-09,2024,453568,L,667463,L,field_out,False,False,44.0,0.316,1.0,2.27,5.0,11.36,0.83,0.10499999999999998,7.46,3.31,16.56,19.87,22.67,3.57,105.0,0.299,7.0,6.67,13.0,12.38,0.845,0.138,12.2,5.18,18.91,24.09,22.96,7.95,40.0,0.237,7.0,17.5,1.0,2.5,0.696,0.184,22.54,11.35,17.02,28.37,30.77,20.0,53.0,0.347,8.0,15.09,3.0,5.66,0.7929999999999999,0.061,23.08,11.6,17.68,29.28,28.75,17.39
745167,2024-06-09,2024,686780,R,683409,R,strikeout,True,False,14.0,0.0,6.0,42.86,3.0,21.43,0.214,0.0,26.09,10.91,21.82,32.73,32.14,40.0,,,,,,,,,,,,,,,4.0,1.0,0.0,0.0,0.0,0.0,3.5,1.5,42.86,23.08,0.0,23.08,33.33,0.0,,,,,,,,,,,,,,
745167,2024-06-09,2024,672279,L,683409,R,field_out,False,False,86.0,0.276,22.0,25.58,5.0,5.81,0.685,0.09199999999999997,28.48,13.76,18.35,32.11,28.0,21.78,3.0,0.0,1.0,33.33,0.0,0.0,0.0,0.0,40.0,14.29,21.43,35.71,0.0,50.0,7.0,0.143,0.0,0.0,0.0,0.0,0.286,0.0,16.67,8.33,8.33,16.67,20.0,0.0,,,,,,,,,,,,,,
745167,2024-06-09,2024,691026,R,683409,R,field_out,False,False,138.0,0.322,22.0,15.94,11.0,7.97,0.765,0.07500000000000001,16.85,7.77,18.65,26.42,27.54,12.22,100.0,0.161,19.0,19.0,9.0,9.0,0.478,0.0799999999999999,21.56,9.11,22.03,31.14,24.87,14.88,4.0,1.0,0.0,0.0,0.0,0.0,3.5,1.5,42.86,23.08,0.0,23.08,33.33,0.0,,,,,,,,,,,,,,
745167,2024-06-09,2024,678662,R,667463,L,double,False,False,79.0,0.26,25.0,31.65,5.0,6.33,0.729,0.16499999999999998,36.76,22.44,9.24,31.68,39.19,26.04,177.0,0.246,57.0,32.2,8.0,4.52,0.708,0.185,35.75,21.54,12.35,33.89,44.38,25.56,41.0,0.189,9.0,21.95,1.0,2.44,0.41600000000000004,0.026999999999999996,17.39,8.82,19.12,27.94,38.81,31.03,104.0,0.292,12.0,11.54,7.0,6.73,0.722,0.093,20.71,10.06,15.8,25.86,32.8,16.44
745167,2024-06-09,2024,641857,L,667463,L,field_out,False,False,85.0,0.315,25.0,29.41,10.0,11.76,0.926,0.20600000000000002,28.57,13.04,16.58,29.62,26.92,21.55,178.0,0.191,57.0,32.02,16.0,8.99,0.573,0.118,35.23,16.38,16.64,33.03,25.79,24.15,40.0,0.237,7.0,17.5,1.0,2.5,0.696,0.184,22.54,11.35,17.02,28.37,30.77,20.0,53.0,0.347,8.0,15.09,3.0,5.66,0.7929999999999999,0.061,23.08,11.6,17.68,29.28,28.75,17.39
745167,2024-06-09,2024,553869,R,667463,L,single,False,False,61.0,0.286,8.0,13.11,3.0,4.92,0.728,0.125,23.94,13.23,8.56,21.79,37.14,8.25,143.0,0.185,26.0,18.18,11.0,7.69,0.583,0.146,26.07,14.71,9.5,24.21,37.76,16.05,41.0,0.189,9.0,21.95,1.0,2.44,0.41600000000000004,0.026999999999999996,17.39,8.82,19.12,27.94,38.81,31.03,104.0,0.292,12.0,11.54,7.0,6.73,0.722,0.093,20.71,10.06,15.8,25.86,32.8,16.44
745167,2024-06-09,2024,686668,R,667463,L,field_out,False,False,54.0,0.265,10.0,18.52,5.0,9.26,0.6799999999999999,0.08199999999999996,26.47,13.99,9.33,23.32,24.21,19.61,132.0,0.194,53.0,40.15,5.0,3.79,0.584,0.1609999999999999,39.29,21.57,11.57,33.14,32.3,30.99,41.0,0.189,9.0,21.95,1.0,2.44,0.41600000000000004,0.026999999999999996,17.39,8.82,19.12,27.94,38.81,31.03,104.0,0.292,12.0,11.54,7.0,6.73,0.722,0.093,20.71,10.06,15.8,25.86,32.8,16.44
745167,2024-06-09,2024,607732,R,667463,L,strikeout,True,False,27.0,0.391,5.0,18.52,3.0,11.11,1.183,0.348,37.5,16.48,19.78,36.26,19.05,33.33,52.0,0.213,11.0,21.15,3.0,5.77,0.637,0.149,23.08,10.71,20.41,31.12,23.46,19.3,41.0,0.189,9.0,21.95,1.0,2.44,0.41600000000000004,0.026999999999999996,17.39,8.82,19.12,27.94,38.81,31.03,104.0,0.292,12.0,11.54,7.0,6.73,0.722,0.093,20.71,10.06,15.8,25.86,32.8,16.44
744849,2024-06-09,2024,645277,R,687792,L,field_out,False,False,59.0,0.31,8.0,13.56,1.0,1.69,0.8049999999999999,0.173,21.7,12.37,9.14,21.51,33.33,25.81,133.0,0.391,18.0,13.53,4.0,3.01,1.023,0.2259999999999999,19.5,11.51,10.25,21.76,42.91,12.77,18.0,0.353,3.0,16.67,1.0,5.56,1.036,0.29400000000000004,24.14,11.11,20.63,31.75,24.0,20.0,,,,,,,,,,,,,,
744849,2024-06-09,2024,663586,R,687792,L,field_out,False,False,58.0,0.208,13.0,22.41,5.0,8.62,0.5780000000000001,0.094,20.56,10.63,10.63,21.26,25.24,24.07,149.0,0.289,35.0,23.49,17.0,11.41,0.94,0.289,28.03,13.64,12.46,26.09,26.11,18.72,18.0,0.353,3.0,16.67,1.0,5.56,1.036,0.29400000000000004,24.14,11.11,20.63,31.75,24.0,20.0,,,,,,,,,,,,,,
744849,2024-06-09,2024,542303,R,687792,L,strikeout,True,False,72.0,0.361,17.0,23.61,11.0,15.28,1.0150000000000001,0.19600000000000006,30.67,15.15,11.52,26.67,26.78,13.6,139.0,0.278,25.0,17.99,13.0,9.35,0.98,0.357,22.56,11.13,13.17,24.3,30.63,15.53,18.0,0.353,3.0,16.67,1.0,5.56,1.036,0.29400000000000004,24.14,11.11,20.63,31.75,24.0,20.0,,,,,,,,,,,,,,
744849,2024-06-09,2024,682928,L,694462,R,field_out,False,False,184.0,0.206,39.0,21.2,12.0,6.52,0.669,0.19400000000000003,24.28,13.36,12.79,26.15,41.5,17.18,446.0,0.274,78.0,17.49,24.0,5.38,0.786,0.19,21.76,11.82,12.69,24.5,35.86,16.63,,,,,,,,,,,,,,,,,,,,,,,,,,,,
744849,2024-06-09,2024,657041,R,694462,R,walk,False,True,105.0,0.177,27.0,25.71,7.0,6.67,0.531,0.125,22.47,9.48,20.85,30.33,21.7,20.3,490.0,0.242,143.0,29.18,23.0,4.69,0.719,0.185,26.09,11.34,20.58,31.92,28.6,24.48,,,,,,,,,,,,,,,,,,,,,,,,,,,,
744849,2024-06-09,2024,608385,L,694462,R,field_out,False,False,168.0,0.277,36.0,21.43,20.0,11.9,0.8089999999999999,0.14899999999999997,23.05,9.92,17.04,26.96,19.45,15.25,184.0,0.2,46.0,25.0,24.0,13.04,0.5660000000000001,0.0449999999999999,25.91,11.04,17.01,28.05,20.4,17.9,,,,,,,,,,,,,,,,,,,,,,,,,,,,
744849,2024-06-09,2024,592696,L,694462,R,caught_stealing_2b,False,False,159.0,0.188,40.0,25.16,10.0,6.29,0.628,0.201,28.79,14.76,14.76,29.52,35.21,20.41,449.0,0.258,104.0,23.16,29.0,6.46,0.762,0.199,29.98,17.01,12.43,29.45,43.87,20.59,,,,,,,,,,,,,,,,,,,,,,,,,,,,
744849,2024-06-09,2024,621566,L,687792,L,strikeout,True,False,82.0,0.257,19.0,23.17,5.0,6.1,0.831,0.257,23.27,11.42,14.81,26.23,27.04,16.96,182.0,0.252,52.0,28.57,14.0,7.69,0.7989999999999999,0.239,31.07,15.01,14.87,29.88,27.47,21.94,3.0,0.5,0.0,0.0,1.0,33.33,1.167,0.0,25.0,8.33,16.67,25.0,14.29,0.0,,,,,,,,,,,,,,
744849,2024-06-09,2024,594807,R,687792,L,walk,False,True,72.0,0.288,12.0,16.67,10.0,13.89,1.03,0.339,16.92,7.56,16.15,23.71,21.66,12.37,93.0,0.244,34.0,36.56,4.0,4.3,0.757,0.2329999999999999,34.95,18.31,16.34,34.65,37.97,29.82,18.0,0.353,3.0,16.67,1.0,5.56,1.036,0.29400000000000004,24.14,11.11,20.63,31.75,24.0,20.0,,,,,,,,,,,,,,
744849,2024-06-09,2024,518595,R,687792,L,single,False,False,36.0,0.333,8.0,22.22,2.0,5.56,1.119,0.425,29.63,16.78,8.39,25.17,32.0,16.0,66.0,0.263,17.0,25.76,9.0,13.64,0.7849999999999999,0.1579999999999999,33.33,16.36,10.91,27.27,23.57,19.1,18.0,0.353,3.0,16.67,1.0,5.56,1.036,0.29400000000000004,24.14,11.11,20.63,31.75,24.0,20.0,,,,,,,,,,,,,,
744849,2024-06-09,2024,671739,L,687792,L,single,False,False,81.0,0.256,18.0,22.22,2.0,2.47,0.592,0.05199999999999999,28.86,16.29,17.8,34.09,45.53,24.32,139.0,0.301,25.0,17.99,3.0,2.16,0.797,0.165,22.64,11.79,19.84,31.63,41.0,16.23,3.0,0.5,0.0,0.0,1.0,33.33,1.167,0.0,25.0,8.33,16.67,25.0,14.29,0.0,,,,,,,,,,,,,,
744849,2024-06-09,2024,606115,R,687792,L,walk,False,True,64.0,0.167,17.0,26.56,2.0,3.12,0.42100000000000004,0.066,26.67,13.53,14.66,28.2,28.46,18.89,112.0,0.302,24.0,21.43,16.0,14.29,1.006,0.302,27.18,11.06,18.79,29.85,21.6,18.32,18.0,0.353,3.0,16.67,1.0,5.56,1.036,0.29400000000000004,24.14,11.11,20.63,31.75,24.0,20.0,,,,,,,,,,,,,,
744849,2024-06-09,2024,672284,L,687792,L,strikeout,True,False,18.0,0.222,6.0,33.33,0.0,0.0,0.5,0.05600000000000002,40.0,20.9,17.91,38.81,33.33,28.57,92.0,0.259,27.0,29.35,7.0,7.61,0.774,0.2,27.91,12.83,16.31,29.14,26.49,24.55,3.0,0.5,0.0,0.0,1.0,33.33,1.167,0.0,25.0,8.33,16.67,25.0,14.29,0.0,,,,,,,,,,,,,,
744849,2024-06-09,2024,645277,R,687792,L,field_out,False,False,59.0,0.31,8.0,13.56,1.0,1.69,0.8049999999999999,0.173,21.7,12.37,9.14,21.51,33.33,25.81,133.0,0.391,18.0,13.53,4.0,3.01,1.023,0.2259999999999999,19.5,11.51,10.25,21.76,42.91,12.77,18.0,0.353,3.0,16.67,1.0,5.56,1.036,0.29400000000000004,24.14,11.11,20.63,31.75,24.0,20.0,,,,,,,,,,,,,,
744849,2024-06-09,2024,592696,L,694462,R,strikeout,True,False,159.0,0.188,40.0,25.16,10.0,6.29,0.628,0.201,28.79,14.76,14.76,29.52,35.21,20.41,449.0,0.258,104.0,23.16,29.0,6.46,0.762,0.199,29.98,17.01,12.43,29.45,43.87,20.59,,,,,,,,,,,,,,,,,,,,,,,,,,,,
744849,2024-06-09,2024,671277,L,694462,R,field_out,False,False,166.0,0.285,27.0,16.27,8.0,4.82,0.762,0.15800000000000003,22.22,11.48,15.3,26.78,35.47,17.76,355.0,0.268,44.0,12.39,23.0,6.48,0.6950000000000001,0.1129999999999999,17.54,8.86,13.52,22.38,31.84,12.54,,,,,,,,,,,,,,,,,,,,,,,,,,,,
744849,2024-06-09,2024,660688,L,694462,R,field_out,False,False,124.0,0.214,18.0,14.52,3.0,2.42,0.5489999999999999,0.08499999999999999,13.33,6.76,17.87,24.64,34.8,17.65,403.0,0.249,48.0,11.91,25.0,6.2,0.712,0.1629999999999999,14.96,7.67,15.92,23.59,36.49,14.77,,,,,,,,,,,,,,,,,,,,,,,,,,,,
744849,2024-06-09,2024,663586,R,687792,L,field_out,False,False,58.0,0.208,13.0,22.41,5.0,8.62,0.5780000000000001,0.094,20.56,10.63,10.63,21.26,25.24,24.07,149.0,0.289,35.0,23.49,17.0,11.41,0.94,0.289,28.03,13.64,12.46,26.09,26.11,18.72,18.0,0.353,3.0,16.67,1.0,5.56,1.036,0.29400000000000004,24.14,11.11,20.63,31.75,24.0,20.0,,,,,,,,,,,,,,
744849,2024-06-09,2024,542303,R,687792,L,field_out,False,False,72.0,0.361,17.0,23.61,11.0,15.28,1.0150000000000001,0.19600000000000006,30.67,15.15,11.52,26.67,26.78,13.6,139.0,0.278,25.0,17.99,13.0,9.35,0.98,0.357,22.56,11.13,13.17,24.3,30.63,15.53,18.0,0.353,3.0,16.67,1.0,5.56,1.036,0.29400000000000004,24.14,11.11,20.63,31.75,24.0,20.0,,,,,,,,,,,,,,
744849,2024-06-09,2024,621566,L,687792,L,single,False,False,82.0,0.257,19.0,23.17,5.0,6.1,0.831,0.257,23.27,11.42,14.81,26.23,27.04,16.96,182.0,0.252,52.0,28.57,14.0,7.69,0.7989999999999999,0.239,31.07,15.01,14.87,29.88,27.47,21.94,3.0,0.5,0.0,0.0,1.0,33.33,1.167,0.0,25.0,8.33,16.67,25.0,14.29,0.0,,,,,,,,,,,,,,
744849,2024-06-09,2024,594807,R,687792,L,strikeout,True,False,72.0,0.288,12.0,16.67,10.0,13.89,1.03,0.339,16.92,7.56,16.15,23.71,21.66,12.37,93.0,0.244,34.0,36.56,4.0,4.3,0.757,0.2329999999999999,34.95,18.31,16.34,34.65,37.97,29.82,18.0,0.353,3.0,16.67,1.0,5.56,1.036,0.29400000000000004,24.14,11.11,20.63,31.75,24.0,20.0,,,,,,,,,,,,,,
744849,2024-06-09,2024,669222,R,694462,R,field_out,False,False,113.0,0.232,30.0,26.55,16.0,14.16,0.737,0.157,28.34,12.5,17.45,29.95,21.18,27.52,205.0,0.164,51.0,24.88,18.0,8.78,0.497,0.093,25.27,12.43,15.64,28.07,26.72,23.15,,,,,,,,,,,,,,,,,,,,,,,,,,,,
744849,2024-06-09,2024,608336,L,694462,R,field_error,False,False,111.0,0.18,46.0,41.44,18.0,16.22,0.7090000000000001,0.202,44.33,18.87,16.14,35.01,21.22,30.07,273.0,0.177,118.0,43.22,40.0,14.65,0.748,0.271,44.52,21.12,11.99,33.11,25.82,30.1,,,,,,,,,,,,,,,,,,,,,,,,,,,,
744849,2024-06-09,2024,696285,R,694462,R,grounded_into_double_play,False,False,120.0,0.245,25.0,20.83,6.0,5.0,0.591,0.03799999999999998,22.66,10.5,20.78,31.28,30.48,22.94,93.0,0.268,17.0,18.28,7.0,7.53,0.687,0.0859999999999999,21.38,9.8,20.46,30.26,30.36,15.74,,,,,,,,,,,,,,,,,,,,,,,,,,,,
744849,2024-06-09,2024,518595,R,687792,L,field_out,False,False,36.0,0.333,8.0,22.22,2.0,5.56,1.119,0.425,29.63,16.78,8.39,25.17,32.0,16.0,66.0,0.263,17.0,25.76,9.0,13.64,0.7849999999999999,0.1579999999999999,33.33,16.36,10.91,27.27,23.57,19.1,18.0,0.353,3.0,16.67,1.0,5.56,1.036,0.29400000000000004,24.14,11.11,20.63,31.75,24.0,20.0,,,,,,,,,,,,,,
744849,2024-06-09,2024,671739,L,687792,L,field_out,False,False,81.0,0.256,18.0,22.22,2.0,2.47,0.592,0.05199999999999999,28.86,16.29,17.8,34.09,45.53,24.32,139.0,0.301,25.0,17.99,3.0,2.16,0.797,0.165,22.64,11.79,19.84,31.63,41.0,16.23,3.0,0.5,0.0,0.0,1.0,33.33,1.167,0.0,25.0,8.33,16.67,25.0,14.29,0.0,,,,,,,,,,,,,,
744849,2024-06-09,2024,606115,R,687792,L,strikeout,True,False,64.0,0.167,17.0,26.56,2.0,3.12,0.42100000000000004,0.066,26.67,13.53,14.66,28.2,28.46,18.89,112.0,0.302,24.0,21.43,16.0,14.29,1.006,0.302,27.18,11.06,18.79,29.85,21.6,18.32,18.0,0.353,3.0,16.67,1.0,5.56,1.036,0.29400000000000004,24.14,11.11,20.63,31.75,24.0,20.0,,,,,,,,,,,,,,
744849,2024-06-09,2024,682928,L,694462,R,field_out,False,False,184.0,0.206,39.0,21.2,12.0,6.52,0.669,0.19400000000000003,24.28,13.36,12.79,26.15,41.5,17.18,446.0,0.274,78.0,17.49,24.0,5.38,0.786,0.19,21.76,11.82,12.69,24.5,35.86,16.63,,,,,,,,,,,,,,,,,,,,,,,,,,,,
744849,2024-06-09,2024,657041,R,694462,R,single,False,False,105.0,0.177,27.0,25.71,7.0,6.67,0.531,0.125,22.47,9.48,20.85,30.33,21.7,20.3,490.0,0.242,143.0,29.18,23.0,4.69,0.719,0.185,26.09,11.34,20.58,31.92,28.6,24.48,,,,,,,,,,,,,,,,,,,,,,,,,,,,
744849,2024-06-09,2024,608385,L,694462,R,walk,False,True,168.0,0.277,36.0,21.43,20.0,11.9,0.8089999999999999,0.14899999999999997,23.05,9.92,17.04,26.96,19.45,15.25,184.0,0.2,46.0,25.0,24.0,13.04,0.5660000000000001,0.0449999999999999,25.91,11.04,17.01,28.05,20.4,17.9,,,,,,,,,,,,,,,,,,,,,,,,,,,,
744849,2024-06-09,2024,592696,L,694462,R,field_out,False,False,159.0,0.188,40.0,25.16,10.0,6.29,0.628,0.201,28.79,14.76,14.76,29.52,35.21,20.41,449.0,0.258,104.0,23.16,29.0,6.46,0.762,0.199,29.98,17.01,12.43,29.45,43.87,20.59,,,,,,,,,,,,,,,,,,,,,,,,,,,,
744849,2024-06-09,2024,671277,L,694462,R,single,False,False,166.0,0.285,27.0,16.27,8.0,4.82,0.762,0.15800000000000003,22.22,11.48,15.3,26.78,35.47,17.76,355.0,0.268,44.0,12.39,23.0,6.48,0.6950000000000001,0.1129999999999999,17.54,8.86,13.52,22.38,31.84,12.54,,,,,,,,,,,,,,,,,,,,,,,,,,,,
744849,2024-06-09,2024,660688,L,694462,R,home_run,False,False,124.0,0.214,18.0,14.52,3.0,2.42,0.5489999999999999,0.08499999999999999,13.33,6.76,17.87,24.64,34.8,17.65,403.0,0.249,48.0,11.91,25.0,6.2,0.712,0.1629999999999999,14.96,7.67,15.92,23.59,36.49,14.77,,,,,,,,,,,,,,,,,,,,,,,,,,,,
744849,2024-06-09,2024,669222,R,694462,R,walk,False,True,113.0,0.232,30.0,26.55,16.0,14.16,0.737,0.157,28.34,12.5,17.45,29.95,21.18,27.52,205.0,0.164,51.0,24.88,18.0,8.78,0.497,0.093,25.27,12.43,15.64,28.07,26.72,23.15,,,,,,,,,,,,,,,,,,,,,,,,,,,,
744849,2024-06-09,2024,608336,L,694462,R,single,False,False,111.0,0.18,46.0,41.44,18.0,16.22,0.7090000000000001,0.202,44.33,18.87,16.14,35.01,21.22,30.07,273.0,0.177,118.0,43.22,40.0,14.65,0.748,0.271,44.52,21.12,11.99,33.11,25.82,30.1,,,,,,,,,,,,,,,,,,,,,,,,,,,,
744849,2024-06-09,2024,696285,R,694462,R,walk,False,True,120.0,0.245,25.0,20.83,6.0,5.0,0.591,0.03799999999999998,22.66,10.5,20.78,31.28,30.48,22.94,93.0,0.268,17.0,18.28,7.0,7.53,0.687,0.0859999999999999,21.38,9.8,20.46,30.26,30.36,15.74,,,,,,,,,,,,,,,,,,,,,,,,,,,,
744849,2024-06-09,2024,682928,L,607481,L,double,False,False,73.0,0.338,16.0,21.92,1.0,1.37,0.9329999999999999,0.23899999999999993,26.67,14.76,15.5,30.26,39.34,17.39,170.0,0.166,40.0,23.53,8.0,4.71,0.512,0.106,24.68,12.36,17.24,29.59,32.89,21.74,31.0,0.31,9.0,29.03,2.0,6.45,0.7689999999999999,0.10399999999999998,27.42,12.41,17.52,29.93,28.99,19.57,93.0,0.231,26.0,27.96,11.0,11.83,0.669,0.09,36.11,13.51,22.6,36.1,26.73,26.0
744849,2024-06-09,2024,657041,R,607481,L,strikeout,True,False,49.0,0.31,5.0,10.2,5.0,10.2,0.825,0.119,14.94,6.28,18.84,25.12,20.56,7.14,192.0,0.331,33.0,17.19,13.0,6.77,0.948,0.2419999999999999,14.83,6.49,18.37,24.86,23.4,17.65,60.0,0.278,13.0,21.67,4.0,6.67,0.654,0.03699999999999998,18.48,7.2,24.58,31.78,24.37,19.12,175.0,0.238,52.0,29.71,25.0,14.29,0.715,0.123,30.95,12.48,21.54,34.02,28.15,23.21
744849,2024-06-09,2024,672284,L,687792,L,single,False,False,18.0,0.222,6.0,33.33,0.0,0.0,0.5,0.05600000000000002,40.0,20.9,17.91,38.81,33.33,28.57,92.0,0.259,27.0,29.35,7.0,7.61,0.774,0.2,27.91,12.83,16.31,29.14,26.49,24.55,3.0,0.5,0.0,0.0,1.0,33.33,1.167,0.0,25.0,8.33,16.67,25.0,14.29,0.0,,,,,,,,,,,,,,
744849,2024-06-09,2024,645277,R,687792,L,field_out,False,False,59.0,0.31,8.0,13.56,1.0,1.69,0.8049999999999999,0.173,21.7,12.37,9.14,21.51,33.33,25.81,133.0,0.391,18.0,13.53,4.0,3.01,1.023,0.2259999999999999,19.5,11.51,10.25,21.76,42.91,12.77,18.0,0.353,3.0,16.67,1.0,5.56,1.036,0.29400000000000004,24.14,11.11,20.63,31.75,24.0,20.0,,,,,,,,,,,,,,
744849,2024-06-09,2024,663586,R,687792,L,walk,False,True,58.0,0.208,13.0,22.41,5.0,8.62,0.5780000000000001,0.094,20.56,10.63,10.63,21.26,25.24,24.07,149.0,0.289,35.0,23.49,17.0,11.41,0.94,0.289,28.03,13.64,12.46,26.09,26.11,18.72,18.0,0.353,3.0,16.67,1.0,5.56,1.036,0.29400000000000004,24.14,11.11,20.63,31.75,24.0,20.0,,,,,,,,,,,,,,
744849,2024-06-09,2024,542303,R,606930,R,strikeout,True,False,188.0,0.304,40.0,21.28,17.0,9.04,1.004,0.333,31.43,15.15,13.22,28.37,26.48,19.42,453.0,0.272,109.0,24.06,44.0,9.71,0.882,0.263,27.95,13.42,14.78,28.21,29.59,18.63,50.0,0.271,11.0,22.0,1.0,2.0,0.655,0.10399999999999998,29.91,16.49,10.31,26.8,34.34,17.46,42.0,0.325,6.0,14.29,1.0,2.38,0.857,0.175,26.58,16.03,11.45,27.48,40.0,15.0
744849,2024-06-09,2024,621566,L,606930,R,walk,False,True,179.0,0.231,48.0,26.82,20.0,11.17,0.7150000000000001,0.16,28.42,13.99,11.2,25.19,27.29,17.87,540.0,0.294,115.0,21.3,90.0,16.67,1.061,0.351,27.51,12.57,12.32,24.89,25.66,14.92,32.0,0.192,3.0,9.38,5.0,15.62,0.6579999999999999,0.15399999999999997,20.37,8.33,16.67,25.0,27.14,9.09,19.0,0.294,2.0,10.53,2.0,10.53,0.78,0.118,9.09,3.85,16.67,20.51,21.43,8.7
744849,2024-06-09,2024,594807,R,606930,R,field_out,False,False,70.0,0.091,26.0,37.14,3.0,4.29,0.264,0.03,28.23,13.41,19.16,32.57,30.95,32.91,260.0,0.248,76.0,29.23,18.0,6.92,0.863,0.303,29.41,13.69,18.97,32.66,32.68,27.44,50.0,0.271,11.0,22.0,1.0,2.0,0.655,0.10399999999999998,29.91,16.49,10.31,26.8,34.34,17.46,42.0,0.325,6.0,14.29,1.0,2.38,0.857,0.175,26.58,16.03,11.45,27.48,40.0,15.0
744849,2024-06-09,2024,608385,L,607481,L,walk,False,True,77.0,0.231,23.0,29.87,9.0,11.69,0.676,0.10700000000000001,22.22,8.72,21.14,29.87,19.7,23.71,13.0,0.182,5.0,38.46,2.0,15.38,0.581,0.091,15.38,6.15,20.0,26.15,7.14,19.23,31.0,0.31,9.0,29.03,2.0,6.45,0.7689999999999999,0.10399999999999998,27.42,12.41,17.52,29.93,28.99,19.57,93.0,0.231,26.0,27.96,11.0,11.83,0.669,0.09,36.11,13.51,22.6,36.1,26.73,26.0
744849,2024-06-09,2024,592696,L,607481,L,single,False,False,27.0,0.19,4.0,14.81,3.0,11.11,0.47000000000000003,0.0,26.67,12.37,11.34,23.71,20.75,20.0,67.0,0.233,18.0,26.87,5.0,7.46,0.7030000000000001,0.167,28.57,17.02,12.34,29.36,40.91,20.69,31.0,0.31,9.0,29.03,2.0,6.45,0.7689999999999999,0.10399999999999998,27.42,12.41,17.52,29.93,28.99,19.57,93.0,0.231,26.0,27.96,11.0,11.83,0.669,0.09,36.11,13.51,22.6,36.1,26.73,26.0
744849,2024-06-09,2024,671277,L,607481,L,single,False,False,37.0,0.176,10.0,27.03,3.0,8.11,0.44899999999999995,0.03,24.32,12.16,16.22,28.38,37.35,21.74,129.0,0.261,16.0,12.4,4.0,3.1,0.668,0.134,18.96,9.55,16.71,26.25,27.88,16.49,31.0,0.31,9.0,29.03,2.0,6.45,0.7689999999999999,0.10399999999999998,27.42,12.41,17.52,29.93,28.99,19.57,93.0,0.231,26.0,27.96,11.0,11.83,0.669,0.09,36.11,13.51,22.6,36.1,26.73,26.0
744849,2024-06-09,2024,660688,R,607481,L,sac_fly,False,False,45.0,0.163,7.0,15.56,1.0,2.22,0.43300000000000005,0.07,15.91,8.38,19.16,27.54,47.13,14.29,159.0,0.289,10.0,6.29,6.0,3.77,0.73,0.114,12.6,6.29,17.14,23.43,36.59,8.85,60.0,0.278,13.0,21.67,4.0,6.67,0.654,0.03699999999999998,18.48,7.2,24.58,31.78,24.37,19.12,175.0,0.238,52.0,29.71,25.0,14.29,0.715,0.123,30.95,12.48,21.54,34.02,28.15,23.21
744849,2024-06-09,2024,669222,R,445926,R,strikeout,True,False,113.0,0.232,30.0,26.55,16.0,14.16,0.737,0.157,28.34,12.5,17.45,29.95,21.18,27.52,205.0,0.164,51.0,24.88,18.0,8.78,0.497,0.093,25.27,12.43,15.64,28.07,26.72,23.15,56.0,0.212,11.0,19.64,2.0,3.57,0.673,0.211,24.51,11.06,17.7,28.76,26.32,17.74,78.0,0.243,24.0,30.77,7.0,8.97,0.7210000000000001,0.157,32.85,13.68,23.4,37.08,27.96,23.08
744849,2024-06-09,2024,608336,L,445926,R,walk,False,True,111.0,0.18,46.0,41.44,18.0,16.22,0.7090000000000001,0.202,44.33,18.87,16.14,35.01,21.22,30.07,273.0,0.177,118.0,43.22,40.0,14.65,0.748,0.271,44.52,21.12,11.99,33.11,25.82,30.1,43.0,0.222,6.0,13.95,6.0,13.95,0.611,0.05600000000000002,6.58,2.89,20.81,23.7,27.91,11.32,67.0,0.155,15.0,22.39,5.0,7.46,0.414,0.0169999999999999,22.33,9.09,20.95,30.04,25.0,22.73
744849,2024-06-09,2024,696285,R,445926,R,strikeout,True,False,120.0,0.245,25.0,20.83,6.0,5.0,0.591,0.03799999999999998,22.66,10.5,20.78,31.28,30.48,22.94,93.0,0.268,17.0,18.28,7.0,7.53,0.687,0.0859999999999999,21.38,9.8,20.46,30.26,30.36,15.74,56.0,0.212,11.0,19.64,2.0,3.57,0.673,0.211,24.51,11.06,17.7,28.76,26.32,17.74,78.0,0.243,24.0,30.77,7.0,8.97,0.7210000000000001,0.157,32.85,13.68,23.4,37.08,27.96,23.08
744849,2024-06-09,2024,518595,R,606930,R,field_out,False,False,115.0,0.218,28.0,24.35,10.0,8.7,0.6599999999999999,0.13799999999999998,34.86,16.85,15.96,32.82,27.16,21.54,226.0,0.214,50.0,22.12,12.0,5.31,0.655,0.176,27.19,14.35,12.93,27.28,28.43,19.61,50.0,0.271,11.0,22.0,1.0,2.0,0.655,0.10399999999999998,29.91,16.49,10.31,26.8,34.34,17.46,42.0,0.325,6.0,14.29,1.0,2.38,0.857,0.175,26.58,16.03,11.45,27.48,40.0,15.0
744849,2024-06-09,2024,671739,L,676395,L,field_out,False,False,81.0,0.256,18.0,22.22,2.0,2.47,0.592,0.05199999999999999,28.86,16.29,17.8,34.09,45.53,24.32,139.0,0.301,25.0,17.99,3.0,2.16,0.797,0.165,22.64,11.79,19.84,31.63,41.0,16.23,41.0,0.222,12.0,29.27,4.0,9.76,0.6539999999999999,0.13899999999999998,24.69,12.2,20.73,32.93,25.81,19.67,51.0,0.214,10.0,19.61,5.0,9.8,0.608,0.096,20.62,9.9,17.33,27.23,24.72,15.87
744849,2024-06-09,2024,606115,R,676395,L,single,False,False,64.0,0.167,17.0,26.56,2.0,3.12,0.42100000000000004,0.066,26.67,13.53,14.66,28.2,28.46,18.89,112.0,0.302,24.0,21.43,16.0,14.29,1.006,0.302,27.18,11.06,18.79,29.85,21.6,18.32,44.0,0.3,14.0,31.82,3.0,6.82,0.749,0.10000000000000003,24.39,12.35,16.67,29.01,33.33,30.43,76.0,0.246,23.0,30.26,7.0,9.21,0.6639999999999999,0.1019999999999999,26.51,13.41,14.63,28.05,35.12,17.83
744849,2024-06-09,2024,672284,L,676395,L,field_out,False,False,18.0,0.222,6.0,33.33,0.0,0.0,0.5,0.05600000000000002,40.0,20.9,17.91,38.81,33.33,28.57,92.0,0.259,27.0,29.35,7.0,7.61,0.774,0.2,27.91,12.83,16.31,29.14,26.49,24.55,41.0,0.222,12.0,29.27,4.0,9.76,0.6539999999999999,0.13899999999999998,24.69,12.2,20.73,32.93,25.81,19.67,51.0,0.214,10.0,19.61,5.0,9.8,0.608,0.096,20.62,9.9,17.33,27.23,24.72,15.87
744849,2024-06-09,2024,682928,L,445926,R,field_out,False,False,184.0,0.206,39.0,21.2,12.0,6.52,0.669,0.19400000000000003,24.28,13.36,12.79,26.15,41.5,17.18,446.0,0.274,78.0,17.49,24.0,5.38,0.786,0.19,21.76,11.82,12.69,24.5,35.86,16.63,43.0,0.222,6.0,13.95,6.0,13.95,0.611,0.05600000000000002,6.58,2.89,20.81,23.7,27.91,11.32,67.0,0.155,15.0,22.39,5.0,7.46,0.414,0.0169999999999999,22.33,9.09,20.95,30.04,25.0,22.73
744849,2024-06-09,2024,657041,R,445926,R,strikeout,True,False,105.0,0.177,27.0,25.71,7.0,6.67,0.531,0.125,22.47,9.48,20.85,30.33,21.7,20.3,490.0,0.242,143.0,29.18,23.0,4.69,0.719,0.185,26.09,11.34,20.58,31.92,28.6,24.48,56.0,0.212,11.0,19.64,2.0,3.57,0.673,0.211,24.51,11.06,17.7,28.76,26.32,17.74,78.0,0.243,24.0,30.77,7.0,8.97,0.7210000000000001,0.157,32.85,13.68,23.4,37.08,27.96,23.08
744849,2024-06-09,2024,608385,L,445926,R,walk,False,True,168.0,0.277,36.0,21.43,20.0,11.9,0.8089999999999999,0.14899999999999997,23.05,9.92,17.04,26.96,19.45,15.25,184.0,0.2,46.0,25.0,24.0,13.04,0.5660000000000001,0.0449999999999999,25.91,11.04,17.01,28.05,20.4,17.9,43.0,0.222,6.0,13.95,6.0,13.95,0.611,0.05600000000000002,6.58,2.89,20.81,23.7,27.91,11.32,67.0,0.155,15.0,22.39,5.0,7.46,0.414,0.0169999999999999,22.33,9.09,20.95,30.04,25.0,22.73
744849,2024-06-09,2024,592696,L,445926,R,field_out,False,False,159.0,0.188,40.0,25.16,10.0,6.29,0.628,0.201,28.79,14.76,14.76,29.52,35.21,20.41,449.0,0.258,104.0,23.16,29.0,6.46,0.762,0.199,29.98,17.01,12.43,29.45,43.87,20.59,43.0,0.222,6.0,13.95,6.0,13.95,0.611,0.05600000000000002,6.58,2.89,20.81,23.7,27.91,11.32,67.0,0.155,15.0,22.39,5.0,7.46,0.414,0.0169999999999999,22.33,9.09,20.95,30.04,25.0,22.73
744849,2024-06-09,2024,645277,R,676395,L,field_out,False,False,59.0,0.31,8.0,13.56,1.0,1.69,0.8049999999999999,0.173,21.7,12.37,9.14,21.51,33.33,25.81,133.0,0.391,18.0,13.53,4.0,3.01,1.023,0.2259999999999999,19.5,11.51,10.25,21.76,42.91,12.77,44.0,0.3,14.0,31.82,3.0,6.82,0.749,0.10000000000000003,24.39,12.35,16.67,29.01,33.33,30.43,76.0,0.246,23.0,30.26,7.0,9.21,0.6639999999999999,0.1019999999999999,26.51,13.41,14.63,28.05,35.12,17.83
744849,2024-06-09,2024,663586,R,676395,L,field_out,False,False,58.0,0.208,13.0,22.41,5.0,8.62,0.5780000000000001,0.094,20.56,10.63,10.63,21.26,25.24,24.07,149.0,0.289,35.0,23.49,17.0,11.41,0.94,0.289,28.03,13.64,12.46,26.09,26.11,18.72,44.0,0.3,14.0,31.82,3.0,6.82,0.749,0.10000000000000003,24.39,12.35,16.67,29.01,33.33,30.43,76.0,0.246,23.0,30.26,7.0,9.21,0.6639999999999999,0.1019999999999999,26.51,13.41,14.63,28.05,35.12,17.83
744849,2024-06-09,2024,542303,R,676395,L,field_out,False,False,72.0,0.361,17.0,23.61,11.0,15.28,1.0150000000000001,0.19600000000000006,30.67,15.15,11.52,26.67,26.78,13.6,139.0,0.278,25.0,17.99,13.0,9.35,0.98,0.357,22.56,11.13,13.17,24.3,30.63,15.53,44.0,0.3,14.0,31.82,3.0,6.82,0.749,0.10000000000000003,24.39,12.35,16.67,29.01,33.33,30.43,76.0,0.246,23.0,30.26,7.0,9.21,0.6639999999999999,0.1019999999999999,26.51,13.41,14.63,28.05,35.12,17.83
744849,2024-06-09,2024,671277,L,641729,R,field_out,False,False,166.0,0.285,27.0,16.27,8.0,4.82,0.762,0.15800000000000003,22.22,11.48,15.3,26.78,35.47,17.76,355.0,0.268,44.0,12.39,23.0,6.48,0.6950000000000001,0.1129999999999999,17.54,8.86,13.52,22.38,31.84,12.54,45.0,0.2,11.0,24.44,5.0,11.11,0.489,0.0,28.09,13.74,19.78,33.52,32.91,17.74,94.0,0.239,26.0,27.66,5.0,5.32,0.72,0.204,32.2,16.22,15.48,31.7,24.86,16.77
744849,2024-06-09,2024,660688,L,641729,R,field_out,False,False,124.0,0.214,18.0,14.52,3.0,2.42,0.5489999999999999,0.08499999999999999,13.33,6.76,17.87,24.64,34.8,17.65,403.0,0.249,48.0,11.91,25.0,6.2,0.712,0.1629999999999999,14.96,7.67,15.92,23.59,36.49,14.77,45.0,0.2,11.0,24.44,5.0,11.11,0.489,0.0,28.09,13.74,19.78,33.52,32.91,17.74,94.0,0.239,26.0,27.66,5.0,5.32,0.72,0.204,32.2,16.22,15.48,31.7,24.86,16.77
744849,2024-06-09,2024,669222,R,641729,R,walk,False,True,113.0,0.232,30.0,26.55,16.0,14.16,0.737,0.157,28.34,12.5,17.45,29.95,21.18,27.52,205.0,0.164,51.0,24.88,18.0,8.78,0.497,0.093,25.27,12.43,15.64,28.07,26.72,23.15,52.0,0.146,15.0,28.85,4.0,7.69,0.379,0.02100000000000002,32.38,17.0,14.5,31.5,30.93,26.79,144.0,0.229,47.0,32.64,9.0,6.25,0.694,0.176,32.23,16.57,16.95,33.52,30.83,29.19
744849,2024-06-09,2024,608336,L,641729,R,strikeout,True,False,111.0,0.18,46.0,41.44,18.0,16.22,0.7090000000000001,0.202,44.33,18.87,16.14,35.01,21.22,30.07,273.0,0.177,118.0,43.22,40.0,14.65,0.748,0.271,44.52,21.12,11.99,33.11,25.82,30.1,45.0,0.2,11.0,24.44,5.0,11.11,0.489,0.0,28.09,13.74,19.78,33.52,32.91,17.74,94.0,0.239,26.0,27.66,5.0,5.32,0.72,0.204,32.2,16.22,15.48,31.7,24.86,16.77
744849,2024-06-09,2024,621566,L,571670,R,strikeout,True,False,179.0,0.231,48.0,26.82,20.0,11.17,0.7150000000000001,0.16,28.42,13.99,11.2,25.19,27.29,17.87,540.0,0.294,115.0,21.3,90.0,16.67,1.061,0.351,27.51,12.57,12.32,24.89,25.66,14.92,44.0,0.195,9.0,20.45,3.0,6.82,0.494,0.04899999999999999,24.66,10.65,20.12,30.77,20.24,19.15,111.0,0.374,25.0,22.52,11.0,9.91,0.998,0.1919999999999999,22.28,9.55,18.05,27.6,25.9,17.99
744849,2024-06-09,2024,594807,R,571670,R,field_out,False,False,70.0,0.091,26.0,37.14,3.0,4.29,0.264,0.03,28.23,13.41,19.16,32.57,30.95,32.91,260.0,0.248,76.0,29.23,18.0,6.92,0.863,0.303,29.41,13.69,18.97,32.66,32.68,27.44,79.0,0.208,15.0,18.99,6.0,7.59,0.502,0.027999999999999997,20.69,8.19,24.91,33.11,20.74,19.48,138.0,0.258,33.0,23.91,6.0,4.35,0.596,0.0309999999999999,25.42,12.25,19.88,32.13,34.13,23.08
744849,2024-06-09,2024,518595,R,571670,R,field_out,False,False,115.0,0.218,28.0,24.35,10.0,8.7,0.6599999999999999,0.13799999999999998,34.86,16.85,15.96,32.82,27.16,21.54,226.0,0.214,50.0,22.12,12.0,5.31,0.655,0.176,27.19,14.35,12.93,27.28,28.43,19.61,79.0,0.208,15.0,18.99,6.0,7.59,0.502,0.027999999999999997,20.69,8.19,24.91,33.11,20.74,19.48,138.0,0.258,33.0,23.91,6.0,4.35,0.596,0.0309999999999999,25.42,12.25,19.88,32.13,34.13,23.08
744849,2024-06-09,2024,696285,R,628452,R,strikeout,True,False,120.0,0.245,25.0,20.83,6.0,5.0,0.591,0.03799999999999998,22.66,10.5,20.78,31.28,30.48,22.94,93.0,0.268,17.0,18.28,7.0,7.53,0.687,0.0859999999999999,21.38,9.8,20.46,30.26,30.36,15.74,43.0,0.225,5.0,11.63,2.0,4.65,0.6040000000000001,0.1,21.33,9.82,12.88,22.7,24.71,14.29,108.0,0.221,37.0,34.26,4.0,3.7,0.587,0.116,33.75,18.93,13.79,32.71,38.6,26.62
744849,2024-06-09,2024,682928,L,628452,R,field_out,False,False,184.0,0.206,39.0,21.2,12.0,6.52,0.669,0.19400000000000003,24.28,13.36,12.79,26.15,41.5,17.18,446.0,0.274,78.0,17.49,24.0,5.38,0.786,0.19,21.76,11.82,12.69,24.5,35.86,16.63,49.0,0.178,11.0,22.45,3.0,6.12,0.451,0.04400000000000001,27.78,14.88,14.29,29.17,34.83,27.5,123.0,0.255,31.0,25.2,11.0,8.94,0.735,0.1629999999999999,31.56,15.78,14.44,30.22,32.92,28.44
744849,2024-06-09,2024,657041,R,628452,R,field_out,False,False,105.0,0.177,27.0,25.71,7.0,6.67,0.531,0.125,22.47,9.48,20.85,30.33,21.7,20.3,490.0,0.242,143.0,29.18,23.0,4.69,0.719,0.185,26.09,11.34,20.58,31.92,28.6,24.48,43.0,0.225,5.0,11.63,2.0,4.65,0.6040000000000001,0.1,21.33,9.82,12.88,22.7,24.71,14.29,108.0,0.221,37.0,34.26,4.0,3.7,0.587,0.116,33.75,18.93,13.79,32.71,38.6,26.62
744849,2024-06-09,2024,671739,L,607179,R,single,False,False,178.0,0.238,38.0,21.35,12.0,6.74,0.6639999999999999,0.134,24.6,14.6,10.36,24.96,43.75,19.29,400.0,0.29,76.0,19.0,22.0,5.5,0.812,0.191,24.97,13.25,14.35,27.61,37.23,20.32,47.0,0.366,6.0,12.77,5.0,10.64,0.9590000000000001,0.14600000000000002,20.55,10.0,14.0,24.0,21.13,24.0,95.0,0.227,19.0,20.0,18.0,18.95,0.783,0.173,22.6,8.89,15.9,24.8,19.27,24.68
744849,2024-06-09,2024,606115,R,607179,R,walk,False,True,177.0,0.25,30.0,16.95,5.0,2.82,0.7,0.179,22.99,11.81,14.26,26.07,26.84,17.75,421.0,0.255,78.0,18.53,23.0,5.46,0.6739999999999999,0.12,23.54,11.23,17.09,28.32,27.84,15.98,61.0,0.173,14.0,22.95,8.0,13.11,0.507,0.03900000000000001,22.58,11.11,15.48,26.59,28.69,16.47,137.0,0.174,41.0,29.93,10.0,7.3,0.631,0.214,29.39,13.51,15.61,29.12,25.94,23.03
744849,2024-06-09,2024,672284,L,607179,R,home_run,False,False,139.0,0.264,42.0,30.22,9.0,6.47,0.72,0.14699999999999996,33.68,17.32,14.11,31.43,31.67,23.46,324.0,0.251,105.0,32.41,34.0,10.49,0.738,0.1569999999999999,35.42,16.4,14.8,31.2,29.2,26.99,47.0,0.366,6.0,12.77,5.0,10.64,0.9590000000000001,0.14600000000000002,20.55,10.0,14.0,24.0,21.13,24.0,95.0,0.227,19.0,20.0,18.0,18.95,0.783,0.173,22.6,8.89,15.9,24.8,19.27,24.68
744849,2024-06-09,2024,645277,L,607179,R,single,False,False,177.0,0.25,30.0,16.95,16.0,9.04,0.7050000000000001,0.122,21.46,11.79,9.43,21.22,31.66,11.54,528.0,0.25,89.0,16.86,42.0,7.95,0.8029999999999999,0.235,20.84,11.11,9.82,20.92,33.45,13.94,47.0,0.366,6.0,12.77,5.0,10.64,0.9590000000000001,0.14600000000000002,20.55,10.0,14.0,24.0,21.13,24.0,95.0,0.227,19.0,20.0,18.0,18.95,0.783,0.173,22.6,8.89,15.9,24.8,19.27,24.68
744849,2024-06-09,2024,663586,R,640448,R,field_out,False,False,154.0,0.245,38.0,24.68,12.0,7.79,0.688,0.129,31.33,15.69,12.85,28.55,27.72,20.11,566.0,0.28,137.0,24.2,42.0,7.42,0.841,0.2199999999999999,27.71,13.25,15.53,28.77,27.7,18.53,52.0,0.152,10.0,19.23,6.0,11.54,0.554,0.152,22.02,11.94,13.43,25.37,25.0,14.93,157.0,0.27,36.0,22.93,7.0,4.46,0.772,0.196,25.88,13.73,13.9,27.63,28.08,18.95
744849,2024-06-09,2024,542303,R,640448,R,field_out,False,False,188.0,0.304,40.0,21.28,17.0,9.04,1.004,0.333,31.43,15.15,13.22,28.37,26.48,19.42,453.0,0.272,109.0,24.06,44.0,9.71,0.882,0.263,27.95,13.42,14.78,28.21,29.59,18.63,52.0,0.152,10.0,19.23,6.0,11.54,0.554,0.152,22.02,11.94,13.43,25.37,25.0,14.93,157.0,0.27,36.0,22.93,7.0,4.46,0.772,0.196,25.88,13.73,13.9,27.63,28.08,18.95
744849,2024-06-09,2024,621566,L,640448,R,strikeout,True,False,179.0,0.231,48.0,26.82,20.0,11.17,0.7150000000000001,0.16,28.42,13.99,11.2,25.19,27.29,17.87,540.0,0.294,115.0,21.3,90.0,16.67,1.061,0.351,27.51,12.57,12.32,24.89,25.66,14.92,45.0,0.15,15.0,33.33,4.0,8.89,0.522,0.15,31.18,15.26,17.37,32.63,32.5,21.13,131.0,0.232,27.0,20.61,17.0,12.98,0.6990000000000001,0.1339999999999999,23.4,10.42,17.23,27.65,20.92,17.09
745003,2024-06-09,2024,671218,R,543135,R,strikeout,True,False,83.0,0.299,28.0,33.73,6.0,7.23,0.752,0.10400000000000004,34.87,15.73,16.02,31.75,27.87,28.28,14.0,0.154,4.0,28.57,1.0,7.14,0.368,0.0,30.43,14.58,18.75,33.33,26.09,50.0,115.0,0.235,24.0,20.87,12.0,10.43,0.748,0.183,30.32,14.89,14.67,29.56,30.58,17.27,315.0,0.245,80.0,25.4,30.0,9.52,0.762,0.188,26.86,12.53,15.37,27.9,29.24,19.32
745003,2024-06-09,2024,672275,L,543135,R,field_out,False,False,119.0,0.275,22.0,18.49,13.0,10.92,0.788,0.16599999999999998,22.41,10.79,13.49,24.27,27.46,17.05,240.0,0.203,70.0,29.17,13.0,5.42,0.5569999999999999,0.0989999999999999,26.61,12.88,17.55,30.43,28.93,23.81,87.0,0.177,29.0,33.33,7.0,8.05,0.519,0.10100000000000003,31.45,15.38,18.77,34.15,33.33,31.52,264.0,0.201,52.0,19.7,17.0,6.44,0.579,0.123,25.95,12.73,14.8,27.54,27.76,20.08
745003,2024-06-09,2024,527038,R,543135,R,field_out,False,False,103.0,0.225,13.0,12.62,10.0,9.71,0.637,0.101,15.03,6.19,23.81,30.0,27.19,10.32,273.0,0.271,35.0,12.82,27.0,9.89,0.849,0.2249999999999999,14.98,6.76,19.32,26.08,27.75,9.09,115.0,0.235,24.0,20.87,12.0,10.43,0.748,0.183,30.32,14.89,14.67,29.56,30.58,17.27,315.0,0.245,80.0,25.4,30.0,9.52,0.762,0.188,26.86,12.53,15.37,27.9,29.24,19.32
745003,2024-06-09,2024,543760,R,676775,R,hit_by_pitch,False,False,200.0,0.221,28.0,14.0,18.0,9.0,0.649,0.13799999999999998,21.2,10.83,13.47,24.3,25.59,16.67,544.0,0.273,77.0,14.15,52.0,9.56,0.8360000000000001,0.2199999999999999,18.01,8.45,14.48,22.93,21.97,13.9,98.0,0.302,14.0,14.29,7.0,7.14,0.871,0.198,22.92,12.32,14.57,26.89,34.29,12.17,103.0,0.2,21.0,20.39,5.0,4.85,0.648,0.178,31.46,16.72,15.52,32.24,29.49,23.26
745003,2024-06-09,2024,669701,L,676775,R,walk,False,True,170.0,0.275,27.0,15.88,15.0,8.82,0.7949999999999999,0.15499999999999997,17.48,8.24,18.47,26.72,24.52,12.8,200.0,0.194,46.0,23.0,19.0,9.5,0.623,0.13,20.71,8.96,19.58,28.54,22.65,15.97,80.0,0.2,19.0,23.75,8.0,10.0,0.649,0.17099999999999999,21.71,10.41,16.72,27.13,32.91,21.35,70.0,0.273,14.0,20.0,3.0,4.29,0.784,0.1969999999999999,29.63,15.44,14.67,30.12,35.38,19.44
745003,2024-06-09,2024,666969,R,676775,R,single,False,False,174.0,0.195,46.0,26.44,11.0,6.32,0.656,0.20800000000000002,35.65,18.66,11.38,30.05,35.09,24.47,480.0,0.245,138.0,28.75,41.0,8.54,0.8260000000000001,0.264,31.65,15.93,13.92,29.85,32.02,21.97,98.0,0.302,14.0,14.29,7.0,7.14,0.871,0.198,22.92,12.32,14.57,26.89,34.29,12.17,103.0,0.2,21.0,20.39,5.0,4.85,0.648,0.178,31.46,16.72,15.52,32.24,29.49,23.26
745003,2024-06-09,2024,663993,L,676775,R,strikeout,True,False,114.0,0.255,22.0,19.3,17.0,14.91,0.719,0.09599999999999997,15.03,5.94,18.65,24.59,25.37,14.47,505.0,0.279,113.0,22.38,69.0,13.66,0.833,0.172,19.81,8.64,15.62,24.26,19.45,16.87,80.0,0.2,19.0,23.75,8.0,10.0,0.649,0.17099999999999999,21.71,10.41,16.72,27.13,32.91,21.35,70.0,0.273,14.0,20.0,3.0,4.29,0.784,0.1969999999999999,29.63,15.44,14.67,30.12,35.38,19.44
745003,2024-06-09,2024,677649,R,676775,R,strikeout,True,False,79.0,0.28,17.0,21.52,3.0,3.8,0.663,0.06699999999999995,23.64,12.75,12.42,25.16,36.42,14.78,308.0,0.277,86.0,27.92,13.0,4.22,0.738,0.1409999999999999,28.89,15.73,13.64,29.37,39.12,22.25,98.0,0.302,14.0,14.29,7.0,7.14,0.871,0.198,22.92,12.32,14.57,26.89,34.29,12.17,103.0,0.2,21.0,20.39,5.0,4.85,0.648,0.178,31.46,16.72,15.52,32.24,29.49,23.26
745003,2024-06-09,2024,694671,R,676775,R,single,False,False,123.0,0.23,24.0,19.51,9.0,7.32,0.558,0.035,18.92,8.12,19.92,28.05,22.85,14.37,,,,,,,,,,,,,,,98.0,0.302,14.0,14.29,7.0,7.14,0.871,0.198,22.92,12.32,14.57,26.89,34.29,12.17,103.0,0.2,21.0,20.39,5.0,4.85,0.648,0.178,31.46,16.72,15.52,32.24,29.49,23.26
745003,2024-06-09,2024,641680,L,676775,R,strikeout,True,False,157.0,0.243,33.0,21.02,8.0,5.1,0.645,0.11499999999999999,20.79,10.7,13.58,24.28,32.78,21.43,411.0,0.243,82.0,19.95,33.0,8.03,0.733,0.185,23.06,11.69,13.75,25.44,29.36,17.15,80.0,0.2,19.0,23.75,8.0,10.0,0.649,0.17099999999999999,21.71,10.41,16.72,27.13,32.91,21.35,70.0,0.273,14.0,20.0,3.0,4.29,0.784,0.1969999999999999,29.63,15.44,14.67,30.12,35.38,19.44
745003,2024-06-09,2024,624424,L,543135,R,strikeout,True,False,130.0,0.246,25.0,19.23,12.0,9.23,0.764,0.203,23.17,10.86,16.19,27.05,28.94,15.82,368.0,0.245,77.0,20.92,50.0,13.59,0.753,0.155,23.68,10.56,15.02,25.57,23.23,16.81,87.0,0.177,29.0,33.33,7.0,8.05,0.519,0.10100000000000003,31.45,15.38,18.77,34.15,33.33,31.52,264.0,0.201,52.0,19.7,17.0,6.44,0.579,0.123,25.95,12.73,14.8,27.54,27.76,20.08
745003,2024-06-09,2024,642731,R,543135,R,strikeout,True,False,185.0,0.25,36.0,19.46,5.0,2.7,0.696,0.16499999999999998,19.81,9.77,19.54,29.31,35.49,19.15,380.0,0.276,84.0,22.11,15.0,3.95,0.767,0.172,21.44,11.24,17.01,28.25,38.17,20.1,115.0,0.235,24.0,20.87,12.0,10.43,0.748,0.183,30.32,14.89,14.67,29.56,30.58,17.27,315.0,0.245,80.0,25.4,30.0,9.52,0.762,0.188,26.86,12.53,15.37,27.9,29.24,19.32
745003,2024-06-09,2024,573262,L,543135,R,strikeout,True,False,158.0,0.217,45.0,28.48,13.0,8.23,0.6739999999999999,0.17500000000000002,25.7,10.56,19.1,29.67,18.62,22.17,296.0,0.243,75.0,25.34,40.0,13.51,0.831,0.235,23.69,9.65,18.67,28.32,20.68,19.69,87.0,0.177,29.0,33.33,7.0,8.05,0.519,0.10100000000000003,31.45,15.38,18.77,34.15,33.33,31.52,264.0,0.201,52.0,19.7,17.0,6.44,0.579,0.123,25.95,12.73,14.8,27.54,27.76,20.08
745003,2024-06-09,2024,608671,L,676775,R,single,False,False,86.0,0.262,15.0,17.44,4.0,4.65,0.652,0.07600000000000001,12.16,5.28,22.29,27.57,19.48,14.29,256.0,0.269,37.0,14.45,32.0,12.5,0.698,0.064,14.4,5.5,22.1,27.6,16.03,15.16,80.0,0.2,19.0,23.75,8.0,10.0,0.649,0.17099999999999999,21.71,10.41,16.72,27.13,32.91,21.35,70.0,0.273,14.0,20.0,3.0,4.29,0.784,0.1969999999999999,29.63,15.44,14.67,30.12,35.38,19.44
745003,2024-06-09,2024,665750,L,676775,R,strikeout,True,False,158.0,0.234,28.0,17.72,13.0,8.23,0.669,0.13799999999999998,22.34,11.09,15.7,26.79,31.1,16.67,405.0,0.275,86.0,21.23,25.0,6.17,0.767,0.174,24.9,12.5,15.05,27.55,29.44,18.34,80.0,0.2,19.0,23.75,8.0,10.0,0.649,0.17099999999999999,21.71,10.41,16.72,27.13,32.91,21.35,70.0,0.273,14.0,20.0,3.0,4.29,0.784,0.1969999999999999,29.63,15.44,14.67,30.12,35.38,19.44
745003,2024-06-09,2024,543760,R,676775,R,home_run,False,False,200.0,0.221,28.0,14.0,18.0,9.0,0.649,0.13799999999999998,21.2,10.83,13.47,24.3,25.59,16.67,544.0,0.273,77.0,14.15,52.0,9.56,0.8360000000000001,0.2199999999999999,18.01,8.45,14.48,22.93,21.97,13.9,98.0,0.302,14.0,14.29,7.0,7.14,0.871,0.198,22.92,12.32,14.57,26.89,34.29,12.17,103.0,0.2,21.0,20.39,5.0,4.85,0.648,0.178,31.46,16.72,15.52,32.24,29.49,23.26
745003,2024-06-09,2024,669701,L,676775,R,strikeout,True,False,170.0,0.275,27.0,15.88,15.0,8.82,0.7949999999999999,0.15499999999999997,17.48,8.24,18.47,26.72,24.52,12.8,200.0,0.194,46.0,23.0,19.0,9.5,0.623,0.13,20.71,8.96,19.58,28.54,22.65,15.97,80.0,0.2,19.0,23.75,8.0,10.0,0.649,0.17099999999999999,21.71,10.41,16.72,27.13,32.91,21.35,70.0,0.273,14.0,20.0,3.0,4.29,0.784,0.1969999999999999,29.63,15.44,14.67,30.12,35.38,19.44
745003,2024-06-09,2024,666969,R,676775,R,field_out,False,False,174.0,0.195,46.0,26.44,11.0,6.32,0.656,0.20800000000000002,35.65,18.66,11.38,30.05,35.09,24.47,480.0,0.245,138.0,28.75,41.0,8.54,0.8260000000000001,0.264,31.65,15.93,13.92,29.85,32.02,21.97,98.0,0.302,14.0,14.29,7.0,7.14,0.871,0.198,22.92,12.32,14.57,26.89,34.29,12.17,103.0,0.2,21.0,20.39,5.0,4.85,0.648,0.178,31.46,16.72,15.52,32.24,29.49,23.26
745003,2024-06-09,2024,689172,L,543135,R,field_out,False,False,35.0,0.281,7.0,20.0,2.0,5.71,0.6579999999999999,0.06299999999999994,25.0,12.4,17.83,30.23,39.06,18.92,106.0,0.155,30.0,28.3,8.0,7.55,0.4639999999999999,0.092,28.32,14.65,14.19,28.83,32.6,19.86,87.0,0.177,29.0,33.33,7.0,8.05,0.519,0.10100000000000003,31.45,15.38,18.77,34.15,33.33,31.52,264.0,0.201,52.0,19.7,17.0,6.44,0.579,0.123,25.95,12.73,14.8,27.54,27.76,20.08
745003,2024-06-09,2024,669477,R,543135,R,single,False,False,25.0,0.2,5.0,20.0,0.0,0.0,0.56,0.15999999999999998,23.08,13.24,22.06,35.29,46.15,33.33,162.0,0.193,45.0,27.78,8.0,4.94,0.5549999999999999,0.1099999999999999,29.87,16.43,14.82,31.25,40.93,29.03,115.0,0.235,24.0,20.87,12.0,10.43,0.748,0.183,30.32,14.89,14.67,29.56,30.58,17.27,315.0,0.245,80.0,25.4,30.0,9.52,0.762,0.188,26.86,12.53,15.37,27.9,29.24,19.32
745003,2024-06-09,2024,670092,L,543135,R,single,False,False,11.0,0.111,3.0,27.27,2.0,18.18,0.384,0.0,25.0,7.84,23.53,31.37,16.13,25.0,,,,,,,,,,,,,,,87.0,0.177,29.0,33.33,7.0,8.05,0.519,0.10100000000000003,31.45,15.38,18.77,34.15,33.33,31.52,264.0,0.201,52.0,19.7,17.0,6.44,0.579,0.123,25.95,12.73,14.8,27.54,27.76,20.08
745003,2024-06-09,2024,671218,R,543135,R,field_out,False,False,83.0,0.299,28.0,33.73,6.0,7.23,0.752,0.10400000000000004,34.87,15.73,16.02,31.75,27.87,28.28,14.0,0.154,4.0,28.57,1.0,7.14,0.368,0.0,30.43,14.58,18.75,33.33,26.09,50.0,115.0,0.235,24.0,20.87,12.0,10.43,0.748,0.183,30.32,14.89,14.67,29.56,30.58,17.27,315.0,0.245,80.0,25.4,30.0,9.52,0.762,0.188,26.86,12.53,15.37,27.9,29.24,19.32
745003,2024-06-09,2024,672275,L,543135,R,single,False,False,119.0,0.275,22.0,18.49,13.0,10.92,0.788,0.16599999999999998,22.41,10.79,13.49,24.27,27.46,17.05,240.0,0.203,70.0,29.17,13.0,5.42,0.5569999999999999,0.0989999999999999,26.61,12.88,17.55,30.43,28.93,23.81,87.0,0.177,29.0,33.33,7.0,8.05,0.519,0.10100000000000003,31.45,15.38,18.77,34.15,33.33,31.52,264.0,0.201,52.0,19.7,17.0,6.44,0.579,0.123,25.95,12.73,14.8,27.54,27.76,20.08
745003,2024-06-09,2024,527038,R,543135,R,field_out,False,False,103.0,0.225,13.0,12.62,10.0,9.71,0.637,0.101,15.03,6.19,23.81,30.0,27.19,10.32,273.0,0.271,35.0,12.82,27.0,9.89,0.849,0.2249999999999999,14.98,6.76,19.32,26.08,27.75,9.09,115.0,0.235,24.0,20.87,12.0,10.43,0.748,0.183,30.32,14.89,14.67,29.56,30.58,17.27,315.0,0.245,80.0,25.4,30.0,9.52,0.762,0.188,26.86,12.53,15.37,27.9,29.24,19.32
745003,2024-06-09,2024,663993,L,676775,R,field_out,False,False,114.0,0.255,22.0,19.3,17.0,14.91,0.719,0.09599999999999997,15.03,5.94,18.65,24.59,25.37,14.47,505.0,0.279,113.0,22.38,69.0,13.66,0.833,0.172,19.81,8.64,15.62,24.26,19.45,16.87,80.0,0.2,19.0,23.75,8.0,10.0,0.649,0.17099999999999999,21.71,10.41,16.72,27.13,32.91,21.35,70.0,0.273,14.0,20.0,3.0,4.29,0.784,0.1969999999999999,29.63,15.44,14.67,30.12,35.38,19.44
745003,2024-06-09,2024,677649,R,676775,R,strikeout,True,False,79.0,0.28,17.0,21.52,3.0,3.8,0.663,0.06699999999999995,23.64,12.75,12.42,25.16,36.42,14.78,308.0,0.277,86.0,27.92,13.0,4.22,0.738,0.1409999999999999,28.89,15.73,13.64,29.37,39.12,22.25,98.0,0.302,14.0,14.29,7.0,7.14,0.871,0.198,22.92,12.32,14.57,26.89,34.29,12.17,103.0,0.2,21.0,20.39,5.0,4.85,0.648,0.178,31.46,16.72,15.52,32.24,29.49,23.26
745003,2024-06-09,2024,694671,R,676775,R,triple,False,False,123.0,0.23,24.0,19.51,9.0,7.32,0.558,0.035,18.92,8.12,19.92,28.05,22.85,14.37,,,,,,,,,,,,,,,98.0,0.302,14.0,14.29,7.0,7.14,0.871,0.198,22.92,12.32,14.57,26.89,34.29,12.17,103.0,0.2,21.0,20.39,5.0,4.85,0.648,0.178,31.46,16.72,15.52,32.24,29.49,23.26
745003,2024-06-09,2024,641680,L,676775,R,field_out,False,False,157.0,0.243,33.0,21.02,8.0,5.1,0.645,0.11499999999999999,20.79,10.7,13.58,24.28,32.78,21.43,411.0,0.243,82.0,19.95,33.0,8.03,0.733,0.185,23.06,11.69,13.75,25.44,29.36,17.15,80.0,0.2,19.0,23.75,8.0,10.0,0.649,0.17099999999999999,21.71,10.41,16.72,27.13,32.91,21.35,70.0,0.273,14.0,20.0,3.0,4.29,0.784,0.1969999999999999,29.63,15.44,14.67,30.12,35.38,19.44
745003,2024-06-09,2024,624424,L,543135,R,field_out,False,False,130.0,0.246,25.0,19.23,12.0,9.23,0.764,0.203,23.17,10.86,16.19,27.05,28.94,15.82,368.0,0.245,77.0,20.92,50.0,13.59,0.753,0.155,23.68,10.56,15.02,25.57,23.23,16.81,87.0,0.177,29.0,33.33,7.0,8.05,0.519,0.10100000000000003,31.45,15.38,18.77,34.15,33.33,31.52,264.0,0.201,52.0,19.7,17.0,6.44,0.579,0.123,25.95,12.73,14.8,27.54,27.76,20.08
745003,2024-06-09,2024,642731,R,543135,R,field_out,False,False,185.0,0.25,36.0,19.46,5.0,2.7,0.696,0.16499999999999998,19.81,9.77,19.54,29.31,35.49,19.15,380.0,0.276,84.0,22.11,15.0,3.95,0.767,0.172,21.44,11.24,17.01,28.25,38.17,20.1,115.0,0.235,24.0,20.87,12.0,10.43,0.748,0.183,30.32,14.89,14.67,29.56,30.58,17.27,315.0,0.245,80.0,25.4,30.0,9.52,0.762,0.188,26.86,12.53,15.37,27.9,29.24,19.32
745003,2024-06-09,2024,573262,L,543135,R,home_run,False,False,158.0,0.217,45.0,28.48,13.0,8.23,0.6739999999999999,0.17500000000000002,25.7,10.56,19.1,29.67,18.62,22.17,296.0,0.243,75.0,25.34,40.0,13.51,0.831,0.235,23.69,9.65,18.67,28.32,20.68,19.69,87.0,0.177,29.0,33.33,7.0,8.05,0.519,0.10100000000000003,31.45,15.38,18.77,34.15,33.33,31.52,264.0,0.201,52.0,19.7,17.0,6.44,0.579,0.123,25.95,12.73,14.8,27.54,27.76,20.08
745003,2024-06-09,2024,689172,L,543135,R,field_out,False,False,35.0,0.281,7.0,20.0,2.0,5.71,0.6579999999999999,0.06299999999999994,25.0,12.4,17.83,30.23,39.06,18.92,106.0,0.155,30.0,28.3,8.0,7.55,0.4639999999999999,0.092,28.32,14.65,14.19,28.83,32.6,19.86,87.0,0.177,29.0,33.33,7.0,8.05,0.519,0.10100000000000003,31.45,15.38,18.77,34.15,33.33,31.52,264.0,0.201,52.0,19.7,17.0,6.44,0.579,0.123,25.95,12.73,14.8,27.54,27.76,20.08
745003,2024-06-09,2024,608671,L,676775,R,strikeout,True,False,86.0,0.262,15.0,17.44,4.0,4.65,0.652,0.07600000000000001,12.16,5.28,22.29,27.57,19.48,14.29,256.0,0.269,37.0,14.45,32.0,12.5,0.698,0.064,14.4,5.5,22.1,27.6,16.03,15.16,80.0,0.2,19.0,23.75,8.0,10.0,0.649,0.17099999999999999,21.71,10.41,16.72,27.13,32.91,21.35,70.0,0.273,14.0,20.0,3.0,4.29,0.784,0.1969999999999999,29.63,15.44,14.67,30.12,35.38,19.44
745003,2024-06-09,2024,665750,L,676775,R,field_out,False,False,158.0,0.234,28.0,17.72,13.0,8.23,0.669,0.13799999999999998,22.34,11.09,15.7,26.79,31.1,16.67,405.0,0.275,86.0,21.23,25.0,6.17,0.767,0.174,24.9,12.5,15.05,27.55,29.44,18.34,80.0,0.2,19.0,23.75,8.0,10.0,0.649,0.17099999999999999,21.71,10.41,16.72,27.13,32.91,21.35,70.0,0.273,14.0,20.0,3.0,4.29,0.784,0.1969999999999999,29.63,15.44,14.67,30.12,35.38,19.44
745003,2024-06-09,2024,543760,R,676775,R,field_out,False,False,200.0,0.221,28.0,14.0,18.0,9.0,0.649,0.13799999999999998,21.2,10.83,13.47,24.3,25.59,16.67,544.0,0.273,77.0,14.15,52.0,9.56,0.8360000000000001,0.2199999999999999,18.01,8.45,14.48,22.93,21.97,13.9,98.0,0.302,14.0,14.29,7.0,7.14,0.871,0.198,22.92,12.32,14.57,26.89,34.29,12.17,103.0,0.2,21.0,20.39,5.0,4.85,0.648,0.178,31.46,16.72,15.52,32.24,29.49,23.26
745003,2024-06-09,2024,669477,R,543135,R,field_out,False,False,25.0,0.2,5.0,20.0,0.0,0.0,0.56,0.15999999999999998,23.08,13.24,22.06,35.29,46.15,33.33,162.0,0.193,45.0,27.78,8.0,4.94,0.5549999999999999,0.1099999999999999,29.87,16.43,14.82,31.25,40.93,29.03,115.0,0.235,24.0,20.87,12.0,10.43,0.748,0.183,30.32,14.89,14.67,29.56,30.58,17.27,315.0,0.245,80.0,25.4,30.0,9.52,0.762,0.188,26.86,12.53,15.37,27.9,29.24,19.32
745003,2024-06-09,2024,670092,L,543135,R,field_out,False,False,11.0,0.111,3.0,27.27,2.0,18.18,0.384,0.0,25.0,7.84,23.53,31.37,16.13,25.0,,,,,,,,,,,,,,,87.0,0.177,29.0,33.33,7.0,8.05,0.519,0.10100000000000003,31.45,15.38,18.77,34.15,33.33,31.52,264.0,0.201,52.0,19.7,17.0,6.44,0.579,0.123,25.95,12.73,14.8,27.54,27.76,20.08
745003,2024-06-09,2024,671218,R,543135,R,field_out,False,False,83.0,0.299,28.0,33.73,6.0,7.23,0.752,0.10400000000000004,34.87,15.73,16.02,31.75,27.87,28.28,14.0,0.154,4.0,28.57,1.0,7.14,0.368,0.0,30.43,14.58,18.75,33.33,26.09,50.0,115.0,0.235,24.0,20.87,12.0,10.43,0.748,0.183,30.32,14.89,14.67,29.56,30.58,17.27,315.0,0.245,80.0,25.4,30.0,9.52,0.762,0.188,26.86,12.53,15.37,27.9,29.24,19.32
745003,2024-06-09,2024,669701,L,676775,R,walk,False,True,170.0,0.275,27.0,15.88,15.0,8.82,0.7949999999999999,0.15499999999999997,17.48,8.24,18.47,26.72,24.52,12.8,200.0,0.194,46.0,23.0,19.0,9.5,0.623,0.13,20.71,8.96,19.58,28.54,22.65,15.97,80.0,0.2,19.0,23.75,8.0,10.0,0.649,0.17099999999999999,21.71,10.41,16.72,27.13,32.91,21.35,70.0,0.273,14.0,20.0,3.0,4.29,0.784,0.1969999999999999,29.63,15.44,14.67,30.12,35.38,19.44
745003,2024-06-09,2024,666969,R,676775,R,field_out,False,False,174.0,0.195,46.0,26.44,11.0,6.32,0.656,0.20800000000000002,35.65,18.66,11.38,30.05,35.09,24.47,480.0,0.245,138.0,28.75,41.0,8.54,0.8260000000000001,0.264,31.65,15.93,13.92,29.85,32.02,21.97,98.0,0.302,14.0,14.29,7.0,7.14,0.871,0.198,22.92,12.32,14.57,26.89,34.29,12.17,103.0,0.2,21.0,20.39,5.0,4.85,0.648,0.178,31.46,16.72,15.52,32.24,29.49,23.26
745003,2024-06-09,2024,663993,L,676775,R,double,False,False,114.0,0.255,22.0,19.3,17.0,14.91,0.719,0.09599999999999997,15.03,5.94,18.65,24.59,25.37,14.47,505.0,0.279,113.0,22.38,69.0,13.66,0.833,0.172,19.81,8.64,15.62,24.26,19.45,16.87,80.0,0.2,19.0,23.75,8.0,10.0,0.649,0.17099999999999999,21.71,10.41,16.72,27.13,32.91,21.35,70.0,0.273,14.0,20.0,3.0,4.29,0.784,0.1969999999999999,29.63,15.44,14.67,30.12,35.38,19.44
745003,2024-06-09,2024,677649,R,678495,R,single,False,False,79.0,0.28,17.0,21.52,3.0,3.8,0.663,0.06699999999999995,23.64,12.75,12.42,25.16,36.42,14.78,308.0,0.277,86.0,27.92,13.0,4.22,0.738,0.1409999999999999,28.89,15.73,13.64,29.37,39.12,22.25,50.0,0.182,13.0,26.0,5.0,10.0,0.538,0.09100000000000003,29.29,15.34,13.76,29.1,32.61,24.07,,,,,,,,,,,,,,
745003,2024-06-09,2024,694671,R,678495,R,force_out,False,False,123.0,0.23,24.0,19.51,9.0,7.32,0.558,0.035,18.92,8.12,19.92,28.05,22.85,14.37,,,,,,,,,,,,,,,50.0,0.182,13.0,26.0,5.0,10.0,0.538,0.09100000000000003,29.29,15.34,13.76,29.1,32.61,24.07,,,,,,,,,,,,,,
745003,2024-06-09,2024,641680,L,678495,R,field_out,False,False,157.0,0.243,33.0,21.02,8.0,5.1,0.645,0.11499999999999999,20.79,10.7,13.58,24.28,32.78,21.43,411.0,0.243,82.0,19.95,33.0,8.03,0.733,0.185,23.06,11.69,13.75,25.44,29.36,17.15,31.0,0.31,11.0,35.48,2.0,6.45,0.872,0.20700000000000002,22.58,10.77,20.77,31.54,31.75,23.91,,,,,,,,,,,,,,
745003,2024-06-09,2024,672275,L,543135,R,walk,False,True,119.0,0.275,22.0,18.49,13.0,10.92,0.788,0.16599999999999998,22.41,10.79,13.49,24.27,27.46,17.05,240.0,0.203,70.0,29.17,13.0,5.42,0.5569999999999999,0.0989999999999999,26.61,12.88,17.55,30.43,28.93,23.81,87.0,0.177,29.0,33.33,7.0,8.05,0.519,0.10100000000000003,31.45,15.38,18.77,34.15,33.33,31.52,264.0,0.201,52.0,19.7,17.0,6.44,0.579,0.123,25.95,12.73,14.8,27.54,27.76,20.08
745003,2024-06-09,2024,527038,R,543135,R,force_out,False,False,103.0,0.225,13.0,12.62,10.0,9.71,0.637,0.101,15.03,6.19,23.81,30.0,27.19,10.32,273.0,0.271,35.0,12.82,27.0,9.89,0.849,0.2249999999999999,14.98,6.76,19.32,26.08,27.75,9.09,115.0,0.235,24.0,20.87,12.0,10.43,0.748,0.183,30.32,14.89,14.67,29.56,30.58,17.27,315.0,0.245,80.0,25.4,30.0,9.52,0.762,0.188,26.86,12.53,15.37,27.9,29.24,19.32
745003,2024-06-09,2024,624424,L,543135,R,strikeout,True,False,130.0,0.246,25.0,19.23,12.0,9.23,0.764,0.203,23.17,10.86,16.19,27.05,28.94,15.82,368.0,0.245,77.0,20.92,50.0,13.59,0.753,0.155,23.68,10.56,15.02,25.57,23.23,16.81,87.0,0.177,29.0,33.33,7.0,8.05,0.519,0.10100000000000003,31.45,15.38,18.77,34.15,33.33,31.52,264.0,0.201,52.0,19.7,17.0,6.44,0.579,0.123,25.95,12.73,14.8,27.54,27.76,20.08
745003,2024-06-09,2024,642731,R,543135,R,single,False,False,185.0,0.25,36.0,19.46,5.0,2.7,0.696,0.16499999999999998,19.81,9.77,19.54,29.31,35.49,19.15,380.0,0.276,84.0,22.11,15.0,3.95,0.767,0.172,21.44,11.24,17.01,28.25,38.17,20.1,115.0,0.235,24.0,20.87,12.0,10.43,0.748,0.183,30.32,14.89,14.67,29.56,30.58,17.27,315.0,0.245,80.0,25.4,30.0,9.52,0.762,0.188,26.86,12.53,15.37,27.9,29.24,19.32
745003,2024-06-09,2024,573262,L,543135,R,field_out,False,False,158.0,0.217,45.0,28.48,13.0,8.23,0.6739999999999999,0.17500000000000002,25.7,10.56,19.1,29.67,18.62,22.17,296.0,0.243,75.0,25.34,40.0,13.51,0.831,0.235,23.69,9.65,18.67,28.32,20.68,19.69,87.0,0.177,29.0,33.33,7.0,8.05,0.519,0.10100000000000003,31.45,15.38,18.77,34.15,33.33,31.52,264.0,0.201,52.0,19.7,17.0,6.44,0.579,0.123,25.95,12.73,14.8,27.54,27.76,20.08
745003,2024-06-09,2024,608671,L,678495,R,field_out,False,False,86.0,0.262,15.0,17.44,4.0,4.65,0.652,0.07600000000000001,12.16,5.28,22.29,27.57,19.48,14.29,256.0,0.269,37.0,14.45,32.0,12.5,0.698,0.064,14.4,5.5,22.1,27.6,16.03,15.16,31.0,0.31,11.0,35.48,2.0,6.45,0.872,0.20700000000000002,22.58,10.77,20.77,31.54,31.75,23.91,,,,,,,,,,,,,,
745003,2024-06-09,2024,665750,L,678495,R,strikeout,True,False,158.0,0.234,28.0,17.72,13.0,8.23,0.669,0.13799999999999998,22.34,11.09,15.7,26.79,31.1,16.67,405.0,0.275,86.0,21.23,25.0,6.17,0.767,0.174,24.9,12.5,15.05,27.55,29.44,18.34,31.0,0.31,11.0,35.48,2.0,6.45,0.872,0.20700000000000002,22.58,10.77,20.77,31.54,31.75,23.91,,,,,,,,,,,,,,
745003,2024-06-09,2024,543760,R,678495,R,field_out,False,False,200.0,0.221,28.0,14.0,18.0,9.0,0.649,0.13799999999999998,21.2,10.83,13.47,24.3,25.59,16.67,544.0,0.273,77.0,14.15,52.0,9.56,0.8360000000000001,0.2199999999999999,18.01,8.45,14.48,22.93,21.97,13.9,50.0,0.182,13.0,26.0,5.0,10.0,0.538,0.09100000000000003,29.29,15.34,13.76,29.1,32.61,24.07,,,,,,,,,,,,,,
745003,2024-06-09,2024,689172,L,543135,R,field_out,False,False,35.0,0.281,7.0,20.0,2.0,5.71,0.6579999999999999,0.06299999999999994,25.0,12.4,17.83,30.23,39.06,18.92,106.0,0.155,30.0,28.3,8.0,7.55,0.4639999999999999,0.092,28.32,14.65,14.19,28.83,32.6,19.86,87.0,0.177,29.0,33.33,7.0,8.05,0.519,0.10100000000000003,31.45,15.38,18.77,34.15,33.33,31.52,264.0,0.201,52.0,19.7,17.0,6.44,0.579,0.123,25.95,12.73,14.8,27.54,27.76,20.08
745003,2024-06-09,2024,669477,R,543135,R,field_out,False,False,25.0,0.2,5.0,20.0,0.0,0.0,0.56,0.15999999999999998,23.08,13.24,22.06,35.29,46.15,33.33,162.0,0.193,45.0,27.78,8.0,4.94,0.5549999999999999,0.1099999999999999,29.87,16.43,14.82,31.25,40.93,29.03,115.0,0.235,24.0,20.87,12.0,10.43,0.748,0.183,30.32,14.89,14.67,29.56,30.58,17.27,315.0,0.245,80.0,25.4,30.0,9.52,0.762,0.188,26.86,12.53,15.37,27.9,29.24,19.32
745003,2024-06-09,2024,670092,L,543135,R,field_out,False,False,11.0,0.111,3.0,27.27,2.0,18.18,0.384,0.0,25.0,7.84,23.53,31.37,16.13,25.0,,,,,,,,,,,,,,,87.0,0.177,29.0,33.33,7.0,8.05,0.519,0.10100000000000003,31.45,15.38,18.77,34.15,33.33,31.52,264.0,0.201,52.0,19.7,17.0,6.44,0.579,0.123,25.95,12.73,14.8,27.54,27.76,20.08
745003,2024-06-09,2024,669701,L,573124,L,single,False,False,58.0,0.314,16.0,27.59,4.0,6.9,0.8280000000000001,0.11699999999999999,26.21,12.56,16.28,28.84,25.74,24.24,33.0,0.12,9.0,27.27,6.0,18.18,0.6930000000000001,0.24,26.09,9.3,20.93,30.23,19.44,31.03,43.0,0.289,12.0,27.91,4.0,9.3,0.7929999999999999,0.132,27.69,10.84,22.89,33.73,25.3,31.58,103.0,0.101,39.0,37.86,11.0,10.68,0.3299999999999999,0.0229999999999999,32.18,13.05,23.78,36.83,25.84,25.83
745003,2024-06-09,2024,666969,R,573124,L,grounded_into_double_play,False,False,82.0,0.264,24.0,29.27,6.0,7.32,0.8029999999999999,0.22199999999999998,28.4,16.67,9.38,26.04,35.51,28.92,152.0,0.244,37.0,24.34,24.0,15.79,0.866,0.26,31.62,13.61,14.56,28.16,22.03,21.26,57.0,0.17,17.0,29.82,3.0,5.26,0.605,0.207,29.0,12.55,22.51,35.06,25.0,21.25,113.0,0.312,25.0,22.12,14.0,12.39,0.98,0.2609999999999999,21.26,8.83,21.48,30.31,29.61,23.15
745003,2024-06-09,2024,663993,L,573124,L,walk,False,True,59.0,0.275,15.0,25.42,7.0,11.86,0.6699999999999999,0.03899999999999998,16.22,6.57,22.63,29.2,22.05,14.29,219.0,0.223,52.0,23.74,24.0,10.96,0.643,0.109,22.66,9.89,18.18,28.07,24.2,19.48,43.0,0.289,12.0,27.91,4.0,9.3,0.7929999999999999,0.132,27.69,10.84,22.89,33.73,25.3,31.58,103.0,0.101,39.0,37.86,11.0,10.68,0.3299999999999999,0.0229999999999999,32.18,13.05,23.78,36.83,25.84,25.83
745003,2024-06-09,2024,677649,R,573124,L,field_out,False,False,59.0,0.278,13.0,22.03,5.0,8.47,0.654,0.03699999999999998,21.74,11.85,14.22,26.07,38.68,22.81,132.0,0.273,34.0,25.76,10.0,7.58,0.837,0.2309999999999999,27.68,14.45,13.29,27.75,34.33,21.12,57.0,0.17,17.0,29.82,3.0,5.26,0.605,0.207,29.0,12.55,22.51,35.06,25.0,21.25,113.0,0.312,25.0,22.12,14.0,12.39,0.98,0.2609999999999999,21.26,8.83,21.48,30.31,29.61,23.15
745003,2024-06-09,2024,671218,R,600917,R,field_out,False,False,83.0,0.299,28.0,33.73,6.0,7.23,0.752,0.10400000000000004,34.87,15.73,16.02,31.75,27.87,28.28,14.0,0.154,4.0,28.57,1.0,7.14,0.368,0.0,30.43,14.58,18.75,33.33,26.09,50.0,74.0,0.169,27.0,36.49,7.0,9.46,0.5980000000000001,0.169,40.38,19.27,13.76,33.03,26.74,24.32,158.0,0.149,50.0,31.65,16.0,10.13,0.496,0.106,38.34,18.88,11.63,30.51,34.32,24.27
745003,2024-06-09,2024,672275,L,600917,R,strikeout,True,False,119.0,0.275,22.0,18.49,13.0,10.92,0.788,0.16599999999999998,22.41,10.79,13.49,24.27,27.46,17.05,240.0,0.203,70.0,29.17,13.0,5.42,0.5569999999999999,0.0989999999999999,26.61,12.88,17.55,30.43,28.93,23.81,44.0,0.188,9.0,20.45,11.0,25.0,0.659,0.062,28.17,11.05,15.47,26.52,19.23,16.67,75.0,0.262,17.0,22.67,12.0,16.0,0.764,0.1149999999999999,29.58,12.96,14.2,27.16,25.84,16.5
745003,2024-06-09,2024,527038,R,600917,R,strikeout,True,False,103.0,0.225,13.0,12.62,10.0,9.71,0.637,0.101,15.03,6.19,23.81,30.0,27.19,10.32,273.0,0.271,35.0,12.82,27.0,9.89,0.849,0.2249999999999999,14.98,6.76,19.32,26.08,27.75,9.09,74.0,0.169,27.0,36.49,7.0,9.46,0.5980000000000001,0.169,40.38,19.27,13.76,33.03,26.74,24.32,158.0,0.149,50.0,31.65,16.0,10.13,0.496,0.106,38.34,18.88,11.63,30.51,34.32,24.27
745003,2024-06-09,2024,694671,R,592426,R,field_out,False,False,123.0,0.23,24.0,19.51,9.0,7.32,0.558,0.035,18.92,8.12,19.92,28.05,22.85,14.37,,,,,,,,,,,,,,,44.0,0.225,12.0,27.27,3.0,6.82,0.554,0.05000000000000002,25.81,13.56,13.56,27.12,35.56,17.91,98.0,0.182,31.0,31.63,9.0,9.18,0.5720000000000001,0.125,28.42,13.83,13.83,27.66,29.59,25.2
745003,2024-06-09,2024,641680,L,592426,R,single,False,False,157.0,0.243,33.0,21.02,8.0,5.1,0.645,0.11499999999999999,20.79,10.7,13.58,24.28,32.78,21.43,411.0,0.243,82.0,19.95,33.0,8.03,0.733,0.185,23.06,11.69,13.75,25.44,29.36,17.15,35.0,0.333,7.0,20.0,7.0,20.0,0.976,0.186,27.27,12.5,14.58,27.08,32.14,16.28,45.0,0.263,12.0,26.67,6.0,13.33,0.7769999999999999,0.1579999999999999,35.14,16.15,16.15,32.3,28.21,26.09
745003,2024-06-09,2024,608671,L,592426,R,grounded_into_double_play,False,False,86.0,0.262,15.0,17.44,4.0,4.65,0.652,0.07600000000000001,12.16,5.28,22.29,27.57,19.48,14.29,256.0,0.269,37.0,14.45,32.0,12.5,0.698,0.064,14.4,5.5,22.1,27.6,16.03,15.16,35.0,0.333,7.0,20.0,7.0,20.0,0.976,0.186,27.27,12.5,14.58,27.08,32.14,16.28,45.0,0.263,12.0,26.67,6.0,13.33,0.7769999999999999,0.1579999999999999,35.14,16.15,16.15,32.3,28.21,26.09
745003,2024-06-09,2024,624424,L,489446,R,strikeout,True,False,130.0,0.246,25.0,19.23,12.0,9.23,0.764,0.203,23.17,10.86,16.19,27.05,28.94,15.82,368.0,0.245,77.0,20.92,50.0,13.59,0.753,0.155,23.68,10.56,15.02,25.57,23.23,16.81,35.0,0.107,14.0,40.0,6.0,17.14,0.4,0.03599999999999999,36.51,14.47,21.38,35.85,25.61,27.45,119.0,0.124,33.0,27.73,21.0,17.65,0.575,0.1649999999999999,28.19,12.75,12.15,24.9,24.91,21.85
745003,2024-06-09,2024,642731,R,489446,R,field_out,False,False,185.0,0.25,36.0,19.46,5.0,2.7,0.696,0.16499999999999998,19.81,9.77,19.54,29.31,35.49,19.15,380.0,0.276,84.0,22.11,15.0,3.95,0.767,0.172,21.44,11.24,17.01,28.25,38.17,20.1,46.0,0.122,13.0,28.26,4.0,8.7,0.34199999999999997,0.023999999999999994,36.27,18.78,10.66,29.44,33.65,21.31,136.0,0.204,47.0,34.56,16.0,11.76,0.657,0.132,33.07,14.97,16.22,31.19,30.57,26.7
745003,2024-06-09,2024,573262,L,489446,R,strikeout,True,False,158.0,0.217,45.0,28.48,13.0,8.23,0.6739999999999999,0.17500000000000002,25.7,10.56,19.1,29.67,18.62,22.17,296.0,0.243,75.0,25.34,40.0,13.51,0.831,0.235,23.69,9.65,18.67,28.32,20.68,19.69,35.0,0.107,14.0,40.0,6.0,17.14,0.4,0.03599999999999999,36.51,14.47,21.38,35.85,25.61,27.45,119.0,0.124,33.0,27.73,21.0,17.65,0.575,0.1649999999999999,28.19,12.75,12.15,24.9,24.91,21.85
745571,2024-06-09,2024,596019,L,592836,R,field_out,False,False,218.0,0.219,43.0,19.72,16.0,7.34,0.6579999999999999,0.153,24.03,11.86,14.97,26.83,26.15,17.84,483.0,0.242,102.0,21.12,51.0,10.56,0.757,0.182,23.68,11.49,14.35,25.84,28.12,17.29,87.0,0.364,13.0,14.94,9.0,10.34,1.061,0.272,14.49,6.41,17.95,24.36,22.58,18.84,376.0,0.226,75.0,19.95,40.0,10.64,0.716,0.176,23.44,10.16,16.18,26.34,24.84,18.43
745571,2024-06-09,2024,624413,R,592836,R,field_out,False,False,203.0,0.247,40.0,19.7,17.0,8.37,0.784,0.22000000000000003,23.14,10.56,18.9,29.47,30.13,18.4,475.0,0.214,109.0,22.95,44.0,9.26,0.8069999999999999,0.281,26.53,11.43,18.24,29.67,27.59,22.11,81.0,0.236,17.0,20.99,6.0,7.41,0.7010000000000001,0.15300000000000002,19.55,8.97,19.31,28.28,29.08,20.73,361.0,0.252,63.0,17.45,31.0,8.59,0.7170000000000001,0.139,17.51,7.85,16.95,24.8,30.27,15.82
745571,2024-06-09,2024,607043,L,592836,R,strikeout,True,False,195.0,0.217,50.0,25.64,32.0,16.41,0.732,0.152,24.11,9.98,16.67,26.64,19.78,17.36,448.0,0.266,98.0,21.88,60.0,13.39,0.874,0.235,20.87,8.67,19.47,28.14,19.23,16.42,87.0,0.364,13.0,14.94,9.0,10.34,1.061,0.272,14.49,6.41,17.95,24.36,22.58,18.84,376.0,0.226,75.0,19.95,40.0,10.64,0.716,0.176,23.44,10.16,16.18,26.34,24.84,18.43
745571,2024-06-09,2024,656941,L,500779,L,single,False,False,118.0,0.31,31.0,26.27,18.0,15.25,0.885,0.15999999999999998,34.44,12.97,21.55,34.52,18.58,25.0,253.0,0.188,87.0,34.39,41.0,16.21,0.758,0.242,32.04,11.82,21.04,32.86,21.61,24.51,58.0,0.236,8.0,13.79,2.0,3.45,0.79,0.29100000000000004,15.38,7.18,16.92,24.1,25.53,18.18,57.0,0.222,10.0,17.54,2.0,3.51,0.639,0.167,17.82,8.41,17.76,26.17,27.55,14.29
745571,2024-06-09,2024,592663,R,500779,L,walk,False,True,74.0,0.314,19.0,25.68,4.0,5.41,0.851,0.186,22.88,11.9,17.35,29.25,29.69,20.0,151.0,0.255,43.0,28.48,9.0,5.96,0.8380000000000001,0.263,29.97,14.7,15.97,30.67,32.79,21.5,216.0,0.277,35.0,16.2,19.0,8.8,0.802,0.173,20.49,8.81,15.63,24.44,25.77,14.4,263.0,0.268,50.0,19.01,22.0,8.37,0.685,0.0889999999999999,22.49,10.13,16.62,26.75,30.68,16.23
745571,2024-06-09,2024,547180,L,500779,L,walk,False,True,104.0,0.284,29.0,27.88,15.0,14.42,0.908,0.23900000000000005,32.7,16.39,10.93,27.32,32.75,24.58,171.0,0.289,39.0,22.81,20.0,11.7,0.884,0.221,38.61,20.03,9.85,29.89,35.59,22.41,58.0,0.236,8.0,13.79,2.0,3.45,0.79,0.29100000000000004,15.38,7.18,16.92,24.1,25.53,18.18,57.0,0.222,10.0,17.54,2.0,3.51,0.639,0.167,17.82,8.41,17.76,26.17,27.55,14.29
745571,2024-06-09,2024,664761,R,500779,L,grounded_into_double_play,False,False,88.0,0.268,10.0,11.36,6.0,6.82,0.745,0.15899999999999997,12.16,5.84,14.94,20.78,23.84,12.2,167.0,0.303,26.0,15.57,8.0,4.79,0.929,0.291,20.3,10.86,12.97,23.82,35.24,14.21,216.0,0.277,35.0,16.2,19.0,8.8,0.802,0.173,20.49,8.81,15.63,24.44,25.77,14.4,263.0,0.268,50.0,19.01,22.0,8.37,0.685,0.0889999999999999,22.49,10.13,16.62,26.75,30.68,16.23
745571,2024-06-09,2024,592206,R,500779,L,field_out,False,False,78.0,0.243,21.0,26.92,4.0,5.13,0.782,0.257,33.75,18.62,12.07,30.69,38.51,25.61,188.0,0.324,45.0,23.94,11.0,5.85,0.93,0.237,31.05,17.91,10.17,28.07,42.3,21.63,216.0,0.277,35.0,16.2,19.0,8.8,0.802,0.173,20.49,8.81,15.63,24.44,25.77,14.4,263.0,0.268,50.0,19.01,22.0,8.37,0.685,0.0889999999999999,22.49,10.13,16.62,26.75,30.68,16.23
745571,2024-06-09,2024,502110,R,592836,R,strikeout,True,False,105.0,0.253,35.0,33.33,5.0,4.76,0.712,0.17099999999999999,31.36,17.25,13.05,30.3,36.11,21.6,343.0,0.27,106.0,30.9,21.0,6.12,0.8799999999999999,0.2979999999999999,35.71,19.2,12.73,31.93,33.23,24.42,81.0,0.236,17.0,20.99,6.0,7.41,0.7010000000000001,0.15300000000000002,19.55,8.97,19.31,28.28,29.08,20.73,361.0,0.252,63.0,17.45,31.0,8.59,0.7170000000000001,0.139,17.51,7.85,16.95,24.8,30.27,15.82
745571,2024-06-09,2024,621466,L,592836,R,strikeout,True,False,116.0,0.204,24.0,20.69,19.0,16.38,0.729,0.17200000000000001,29.73,12.01,15.94,27.95,13.72,19.67,136.0,0.273,43.0,31.62,10.0,7.35,0.92,0.3059999999999999,35.89,18.63,10.49,29.11,25.44,24.85,87.0,0.364,13.0,14.94,9.0,10.34,1.061,0.272,14.49,6.41,17.95,24.36,22.58,18.84,376.0,0.226,75.0,19.95,40.0,10.64,0.716,0.176,23.44,10.16,16.18,26.34,24.84,18.43
745571,2024-06-09,2024,621438,R,592836,R,field_out,False,False,80.0,0.257,16.0,20.0,4.0,5.0,0.696,0.14800000000000002,19.33,9.42,19.81,29.22,28.78,17.02,162.0,0.23,37.0,22.84,6.0,3.7,0.706,0.204,25.24,12.91,16.56,29.47,36.98,19.47,81.0,0.236,17.0,20.99,6.0,7.41,0.7010000000000001,0.15300000000000002,19.55,8.97,19.31,28.28,29.08,20.73,361.0,0.252,63.0,17.45,31.0,8.59,0.7170000000000001,0.139,17.51,7.85,16.95,24.8,30.27,15.82
745571,2024-06-09,2024,624641,R,500779,L,hit_by_pitch,False,False,51.0,0.333,9.0,17.65,5.0,9.8,1.123,0.37799999999999995,29.36,15.46,12.08,27.54,35.34,15.79,124.0,0.267,33.0,26.61,3.0,2.42,0.792,0.2159999999999999,27.7,16.7,13.23,29.93,44.69,21.29,216.0,0.277,35.0,16.2,19.0,8.8,0.802,0.173,20.49,8.81,15.63,24.44,25.77,14.4,263.0,0.268,50.0,19.01,22.0,8.37,0.685,0.0889999999999999,22.49,10.13,16.62,26.75,30.68,16.23
745571,2024-06-09,2024,593160,R,500779,L,grounded_into_double_play,False,False,57.0,0.204,4.0,7.02,2.0,3.51,0.639,0.20299999999999999,18.1,9.55,16.58,26.13,28.89,6.56,147.0,0.259,21.0,14.29,9.0,6.12,0.692,0.134,17.44,9.06,13.12,22.18,31.02,14.19,216.0,0.277,35.0,16.2,19.0,8.8,0.802,0.173,20.49,8.81,15.63,24.44,25.77,14.4,263.0,0.268,50.0,19.01,22.0,8.37,0.685,0.0889999999999999,22.49,10.13,16.62,26.75,30.68,16.23
745571,2024-06-09,2024,642215,R,500779,L,field_out,False,False,,,,,,,,,,,,,,,9.0,0.25,2.0,22.22,5.0,55.56,1.667,0.75,36.84,13.46,9.62,23.08,15.15,11.76,216.0,0.277,35.0,16.2,19.0,8.8,0.802,0.173,20.49,8.81,15.63,24.44,25.77,14.4,263.0,0.268,50.0,19.01,22.0,8.37,0.685,0.0889999999999999,22.49,10.13,16.62,26.75,30.68,16.23
745571,2024-06-09,2024,643446,L,592836,R,field_out,False,False,155.0,0.217,17.0,10.97,14.0,9.03,0.618,0.10200000000000001,13.12,6.88,13.57,20.45,28.57,11.89,447.0,0.26,48.0,10.74,25.0,5.59,0.6930000000000001,0.1149999999999999,14.08,7.59,11.21,18.8,32.05,12.57,87.0,0.364,13.0,14.94,9.0,10.34,1.061,0.272,14.49,6.41,17.95,24.36,22.58,18.84,376.0,0.226,75.0,19.95,40.0,10.64,0.716,0.176,23.44,10.16,16.18,26.34,24.84,18.43
745571,2024-06-09,2024,683146,L,592836,R,single,False,False,132.0,0.237,31.0,23.48,14.0,10.61,0.657,0.10200000000000004,26.34,12.99,16.38,29.38,32.59,17.54,292.0,0.225,80.0,27.4,25.0,8.56,0.641,0.1189999999999999,30.1,13.64,17.18,30.83,25.34,24.84,87.0,0.364,13.0,14.94,9.0,10.34,1.061,0.272,14.49,6.41,17.95,24.36,22.58,18.84,376.0,0.226,75.0,19.95,40.0,10.64,0.716,0.176,23.44,10.16,16.18,26.34,24.84,18.43
745571,2024-06-09,2024,620443,R,592836,R,field_out,False,False,7.0,0.167,1.0,14.29,1.0,14.29,0.619,0.166,27.27,9.68,25.81,35.48,14.29,11.11,9.0,0.125,3.0,33.33,0.0,0.0,0.472,0.125,20.0,6.98,20.93,27.91,29.63,25.0,81.0,0.236,17.0,20.99,6.0,7.41,0.7010000000000001,0.15300000000000002,19.55,8.97,19.31,28.28,29.08,20.73,361.0,0.252,63.0,17.45,31.0,8.59,0.7170000000000001,0.139,17.51,7.85,16.95,24.8,30.27,15.82
745571,2024-06-09,2024,596019,L,592836,R,field_out,False,False,218.0,0.219,43.0,19.72,16.0,7.34,0.6579999999999999,0.153,24.03,11.86,14.97,26.83,26.15,17.84,483.0,0.242,102.0,21.12,51.0,10.56,0.757,0.182,23.68,11.49,14.35,25.84,28.12,17.29,87.0,0.364,13.0,14.94,9.0,10.34,1.061,0.272,14.49,6.41,17.95,24.36,22.58,18.84,376.0,0.226,75.0,19.95,40.0,10.64,0.716,0.176,23.44,10.16,16.18,26.34,24.84,18.43
745571,2024-06-09,2024,679032,R,500779,L,field_out,False,False,47.0,0.205,12.0,25.53,1.0,2.13,0.46599999999999997,0.02200000000000002,23.26,11.36,23.3,34.66,37.35,19.05,65.0,0.333,19.0,29.23,1.0,1.54,0.788,0.0999999999999999,26.02,14.29,18.75,33.04,41.07,27.14,216.0,0.277,35.0,16.2,19.0,8.8,0.802,0.173,20.49,8.81,15.63,24.44,25.77,14.4,263.0,0.268,50.0,19.01,22.0,8.37,0.685,0.0889999999999999,22.49,10.13,16.62,26.75,30.68,16.23
745571,2024-06-09,2024,656941,L,500779,L,single,False,False,118.0,0.31,31.0,26.27,18.0,15.25,0.885,0.15999999999999998,34.44,12.97,21.55,34.52,18.58,25.0,253.0,0.188,87.0,34.39,41.0,16.21,0.758,0.242,32.04,11.82,21.04,32.86,21.61,24.51,58.0,0.236,8.0,13.79,2.0,3.45,0.79,0.29100000000000004,15.38,7.18,16.92,24.1,25.53,18.18,57.0,0.222,10.0,17.54,2.0,3.51,0.639,0.167,17.82,8.41,17.76,26.17,27.55,14.29
745571,2024-06-09,2024,592663,R,500779,L,field_out,False,False,74.0,0.314,19.0,25.68,4.0,5.41,0.851,0.186,22.88,11.9,17.35,29.25,29.69,20.0,151.0,0.255,43.0,28.48,9.0,5.96,0.8380000000000001,0.263,29.97,14.7,15.97,30.67,32.79,21.5,216.0,0.277,35.0,16.2,19.0,8.8,0.802,0.173,20.49,8.81,15.63,24.44,25.77,14.4,263.0,0.268,50.0,19.01,22.0,8.37,0.685,0.0889999999999999,22.49,10.13,16.62,26.75,30.68,16.23
745571,2024-06-09,2024,547180,L,500779,L,strikeout,True,False,104.0,0.284,29.0,27.88,15.0,14.42,0.908,0.23900000000000005,32.7,16.39,10.93,27.32,32.75,24.58,171.0,0.289,39.0,22.81,20.0,11.7,0.884,0.221,38.61,20.03,9.85,29.89,35.59,22.41,58.0,0.236,8.0,13.79,2.0,3.45,0.79,0.29100000000000004,15.38,7.18,16.92,24.1,25.53,18.18,57.0,0.222,10.0,17.54,2.0,3.51,0.639,0.167,17.82,8.41,17.76,26.17,27.55,14.29
745571,2024-06-09,2024,624413,R,592836,R,field_out,False,False,203.0,0.247,40.0,19.7,17.0,8.37,0.784,0.22000000000000003,23.14,10.56,18.9,29.47,30.13,18.4,475.0,0.214,109.0,22.95,44.0,9.26,0.8069999999999999,0.281,26.53,11.43,18.24,29.67,27.59,22.11,81.0,0.236,17.0,20.99,6.0,7.41,0.7010000000000001,0.15300000000000002,19.55,8.97,19.31,28.28,29.08,20.73,361.0,0.252,63.0,17.45,31.0,8.59,0.7170000000000001,0.139,17.51,7.85,16.95,24.8,30.27,15.82
745571,2024-06-09,2024,607043,L,592836,R,strikeout,True,False,195.0,0.217,50.0,25.64,32.0,16.41,0.732,0.152,24.11,9.98,16.67,26.64,19.78,17.36,448.0,0.266,98.0,21.88,60.0,13.39,0.874,0.235,20.87,8.67,19.47,28.14,19.23,16.42,87.0,0.364,13.0,14.94,9.0,10.34,1.061,0.272,14.49,6.41,17.95,24.36,22.58,18.84,376.0,0.226,75.0,19.95,40.0,10.64,0.716,0.176,23.44,10.16,16.18,26.34,24.84,18.43
745571,2024-06-09,2024,502110,R,592836,R,strikeout,True,False,105.0,0.253,35.0,33.33,5.0,4.76,0.712,0.17099999999999999,31.36,17.25,13.05,30.3,36.11,21.6,343.0,0.27,106.0,30.9,21.0,6.12,0.8799999999999999,0.2979999999999999,35.71,19.2,12.73,31.93,33.23,24.42,81.0,0.236,17.0,20.99,6.0,7.41,0.7010000000000001,0.15300000000000002,19.55,8.97,19.31,28.28,29.08,20.73,361.0,0.252,63.0,17.45,31.0,8.59,0.7170000000000001,0.139,17.51,7.85,16.95,24.8,30.27,15.82
745571,2024-06-09,2024,664761,R,500779,L,field_out,False,False,88.0,0.268,10.0,11.36,6.0,6.82,0.745,0.15899999999999997,12.16,5.84,14.94,20.78,23.84,12.2,167.0,0.303,26.0,15.57,8.0,4.79,0.929,0.291,20.3,10.86,12.97,23.82,35.24,14.21,216.0,0.277,35.0,16.2,19.0,8.8,0.802,0.173,20.49,8.81,15.63,24.44,25.77,14.4,263.0,0.268,50.0,19.01,22.0,8.37,0.685,0.0889999999999999,22.49,10.13,16.62,26.75,30.68,16.23
745571,2024-06-09,2024,592206,R,500779,L,single,False,False,78.0,0.243,21.0,26.92,4.0,5.13,0.782,0.257,33.75,18.62,12.07,30.69,38.51,25.61,188.0,0.324,45.0,23.94,11.0,5.85,0.93,0.237,31.05,17.91,10.17,28.07,42.3,21.63,216.0,0.277,35.0,16.2,19.0,8.8,0.802,0.173,20.49,8.81,15.63,24.44,25.77,14.4,263.0,0.268,50.0,19.01,22.0,8.37,0.685,0.0889999999999999,22.49,10.13,16.62,26.75,30.68,16.23
745571,2024-06-09,2024,624641,R,500779,L,double,False,False,51.0,0.333,9.0,17.65,5.0,9.8,1.123,0.37799999999999995,29.36,15.46,12.08,27.54,35.34,15.79,124.0,0.267,33.0,26.61,3.0,2.42,0.792,0.2159999999999999,27.7,16.7,13.23,29.93,44.69,21.29,216.0,0.277,35.0,16.2,19.0,8.8,0.802,0.173,20.49,8.81,15.63,24.44,25.77,14.4,263.0,0.268,50.0,19.01,22.0,8.37,0.685,0.0889999999999999,22.49,10.13,16.62,26.75,30.68,16.23
745571,2024-06-09,2024,593160,R,500779,L,single,False,False,57.0,0.204,4.0,7.02,2.0,3.51,0.639,0.20299999999999999,18.1,9.55,16.58,26.13,28.89,6.56,147.0,0.259,21.0,14.29,9.0,6.12,0.692,0.134,17.44,9.06,13.12,22.18,31.02,14.19,216.0,0.277,35.0,16.2,19.0,8.8,0.802,0.173,20.49,8.81,15.63,24.44,25.77,14.4,263.0,0.268,50.0,19.01,22.0,8.37,0.685,0.0889999999999999,22.49,10.13,16.62,26.75,30.68,16.23
745571,2024-06-09,2024,642215,R,500779,L,field_out,False,False,,,,,,,,,,,,,,,9.0,0.25,2.0,22.22,5.0,55.56,1.667,0.75,36.84,13.46,9.62,23.08,15.15,11.76,216.0,0.277,35.0,16.2,19.0,8.8,0.802,0.173,20.49,8.81,15.63,24.44,25.77,14.4,263.0,0.268,50.0,19.01,22.0,8.37,0.685,0.0889999999999999,22.49,10.13,16.62,26.75,30.68,16.23
745571,2024-06-09,2024,679032,R,500779,L,single,False,False,47.0,0.205,12.0,25.53,1.0,2.13,0.46599999999999997,0.02200000000000002,23.26,11.36,23.3,34.66,37.35,19.05,65.0,0.333,19.0,29.23,1.0,1.54,0.788,0.0999999999999999,26.02,14.29,18.75,33.04,41.07,27.14,216.0,0.277,35.0,16.2,19.0,8.8,0.802,0.173,20.49,8.81,15.63,24.44,25.77,14.4,263.0,0.268,50.0,19.01,22.0,8.37,0.685,0.0889999999999999,22.49,10.13,16.62,26.75,30.68,16.23
745571,2024-06-09,2024,656941,L,664849,L,walk,False,True,118.0,0.31,31.0,26.27,18.0,15.25,0.885,0.15999999999999998,34.44,12.97,21.55,34.52,18.58,25.0,253.0,0.188,87.0,34.39,41.0,16.21,0.758,0.242,32.04,11.82,21.04,32.86,21.61,24.51,7.0,0.286,3.0,42.86,0.0,0.0,0.572,0.0,38.46,17.86,17.86,35.71,41.67,50.0,15.0,0.308,5.0,33.33,1.0,6.67,0.785,0.077,24.0,10.17,25.42,35.59,23.08,29.41
745571,2024-06-09,2024,592663,R,664849,L,strikeout,True,False,74.0,0.314,19.0,25.68,4.0,5.41,0.851,0.186,22.88,11.9,17.35,29.25,29.69,20.0,151.0,0.255,43.0,28.48,9.0,5.96,0.8380000000000001,0.263,29.97,14.7,15.97,30.67,32.79,21.5,22.0,0.158,6.0,27.27,3.0,13.64,0.694,0.263,39.39,16.67,20.51,37.18,42.86,28.57,20.0,0.176,6.0,30.0,1.0,5.0,0.476,0.0,33.33,13.16,21.05,34.21,27.27,26.09
745571,2024-06-09,2024,621466,L,592836,R,field_out,False,False,116.0,0.204,24.0,20.69,19.0,16.38,0.729,0.17200000000000001,29.73,12.01,15.94,27.95,13.72,19.67,136.0,0.273,43.0,31.62,10.0,7.35,0.92,0.3059999999999999,35.89,18.63,10.49,29.11,25.44,24.85,87.0,0.364,13.0,14.94,9.0,10.34,1.061,0.272,14.49,6.41,17.95,24.36,22.58,18.84,376.0,0.226,75.0,19.95,40.0,10.64,0.716,0.176,23.44,10.16,16.18,26.34,24.84,18.43
745571,2024-06-09,2024,621438,R,592836,R,strikeout,True,False,80.0,0.257,16.0,20.0,4.0,5.0,0.696,0.14800000000000002,19.33,9.42,19.81,29.22,28.78,17.02,162.0,0.23,37.0,22.84,6.0,3.7,0.706,0.204,25.24,12.91,16.56,29.47,36.98,19.47,81.0,0.236,17.0,20.99,6.0,7.41,0.7010000000000001,0.15300000000000002,19.55,8.97,19.31,28.28,29.08,20.73,361.0,0.252,63.0,17.45,31.0,8.59,0.7170000000000001,0.139,17.51,7.85,16.95,24.8,30.27,15.82
745571,2024-06-09,2024,643446,L,592836,R,field_out,False,False,155.0,0.217,17.0,10.97,14.0,9.03,0.618,0.10200000000000001,13.12,6.88,13.57,20.45,28.57,11.89,447.0,0.26,48.0,10.74,25.0,5.59,0.6930000000000001,0.1149999999999999,14.08,7.59,11.21,18.8,32.05,12.57,87.0,0.364,13.0,14.94,9.0,10.34,1.061,0.272,14.49,6.41,17.95,24.36,22.58,18.84,376.0,0.226,75.0,19.95,40.0,10.64,0.716,0.176,23.44,10.16,16.18,26.34,24.84,18.43
745571,2024-06-09,2024,547180,L,664849,L,strikeout,True,False,104.0,0.284,29.0,27.88,15.0,14.42,0.908,0.23900000000000005,32.7,16.39,10.93,27.32,32.75,24.58,171.0,0.289,39.0,22.81,20.0,11.7,0.884,0.221,38.61,20.03,9.85,29.89,35.59,22.41,7.0,0.286,3.0,42.86,0.0,0.0,0.572,0.0,38.46,17.86,17.86,35.71,41.67,50.0,15.0,0.308,5.0,33.33,1.0,6.67,0.785,0.077,24.0,10.17,25.42,35.59,23.08,29.41
745571,2024-06-09,2024,664761,R,673380,R,single,False,False,177.0,0.302,26.0,14.69,12.0,6.78,0.847,0.189,18.03,8.53,15.14,23.67,24.74,16.67,445.0,0.263,68.0,15.28,34.0,7.64,0.7010000000000001,0.1139999999999999,17.17,8.27,16.06,24.33,28.14,13.48,37.0,0.171,18.0,48.65,1.0,2.7,0.508,0.143,41.33,22.14,19.29,41.43,29.09,43.9,,,,,,,,,,,,,,
745571,2024-06-09,2024,592206,R,673380,R,field_out,False,False,186.0,0.202,36.0,19.35,15.0,8.06,0.5780000000000001,0.10199999999999998,32.17,18.49,10.32,28.81,37.91,18.18,485.0,0.252,140.0,28.87,25.0,5.15,0.733,0.192,37.06,20.57,11.78,32.36,40.41,25.27,37.0,0.171,18.0,48.65,1.0,2.7,0.508,0.143,41.33,22.14,19.29,41.43,29.09,43.9,,,,,,,,,,,,,,
745571,2024-06-09,2024,624641,R,673380,R,pickoff_1b,False,False,66.0,0.262,20.0,30.3,2.0,3.03,0.7010000000000001,0.131,38.31,21.85,10.0,31.85,44.94,21.74,176.0,0.239,41.0,23.3,5.0,2.84,0.669,0.148,29.23,17.12,12.31,29.43,41.96,19.16,37.0,0.171,18.0,48.65,1.0,2.7,0.508,0.143,41.33,22.14,19.29,41.43,29.09,43.9,,,,,,,,,,,,,,
745571,2024-06-09,2024,683146,L,592836,R,field_out,False,False,132.0,0.237,31.0,23.48,14.0,10.61,0.657,0.10200000000000004,26.34,12.99,16.38,29.38,32.59,17.54,292.0,0.225,80.0,27.4,25.0,8.56,0.641,0.1189999999999999,30.1,13.64,17.18,30.83,25.34,24.84,87.0,0.364,13.0,14.94,9.0,10.34,1.061,0.272,14.49,6.41,17.95,24.36,22.58,18.84,376.0,0.226,75.0,19.95,40.0,10.64,0.716,0.176,23.44,10.16,16.18,26.34,24.84,18.43
745571,2024-06-09,2024,620443,R,592836,R,single,False,False,7.0,0.167,1.0,14.29,1.0,14.29,0.619,0.166,27.27,9.68,25.81,35.48,14.29,11.11,9.0,0.125,3.0,33.33,0.0,0.0,0.472,0.125,20.0,6.98,20.93,27.91,29.63,25.0,81.0,0.236,17.0,20.99,6.0,7.41,0.7010000000000001,0.15300000000000002,19.55,8.97,19.31,28.28,29.08,20.73,361.0,0.252,63.0,17.45,31.0,8.59,0.7170000000000001,0.139,17.51,7.85,16.95,24.8,30.27,15.82
745571,2024-06-09,2024,596019,L,592836,R,field_out,False,False,218.0,0.219,43.0,19.72,16.0,7.34,0.6579999999999999,0.153,24.03,11.86,14.97,26.83,26.15,17.84,483.0,0.242,102.0,21.12,51.0,10.56,0.757,0.182,23.68,11.49,14.35,25.84,28.12,17.29,87.0,0.364,13.0,14.94,9.0,10.34,1.061,0.272,14.49,6.41,17.95,24.36,22.58,18.84,376.0,0.226,75.0,19.95,40.0,10.64,0.716,0.176,23.44,10.16,16.18,26.34,24.84,18.43
745571,2024-06-09,2024,624413,R,592836,R,walk,False,True,203.0,0.247,40.0,19.7,17.0,8.37,0.784,0.22000000000000003,23.14,10.56,18.9,29.47,30.13,18.4,475.0,0.214,109.0,22.95,44.0,9.26,0.8069999999999999,0.281,26.53,11.43,18.24,29.67,27.59,22.11,81.0,0.236,17.0,20.99,6.0,7.41,0.7010000000000001,0.15300000000000002,19.55,8.97,19.31,28.28,29.08,20.73,361.0,0.252,63.0,17.45,31.0,8.59,0.7170000000000001,0.139,17.51,7.85,16.95,24.8,30.27,15.82
745571,2024-06-09,2024,607043,L,642397,L,double,False,False,71.0,0.234,14.0,19.72,2.0,2.82,0.716,0.17200000000000001,28.7,12.64,19.54,32.18,29.41,20.29,236.0,0.286,48.0,20.34,14.0,5.93,0.749,0.118,24.0,10.48,21.38,31.86,21.45,15.14,27.0,0.24,5.0,18.52,2.0,7.41,0.6559999999999999,0.12,20.93,9.28,20.62,29.9,35.42,16.67,88.0,0.127,20.0,22.73,7.0,7.95,0.433,0.101,31.33,14.03,22.09,36.12,32.03,18.87
745571,2024-06-09,2024,502110,R,642397,L,single,False,False,46.0,0.325,9.0,19.57,5.0,10.87,0.938,0.2,20.41,10.1,11.11,21.21,31.53,13.64,137.0,0.274,43.0,31.39,13.0,9.49,0.924,0.3069999999999999,30.91,15.57,13.74,29.3,29.27,23.5,60.0,0.34,14.0,23.33,10.0,16.67,0.897,0.10699999999999998,32.73,15.25,11.86,27.12,28.21,22.22,162.0,0.255,45.0,27.78,15.0,9.26,0.72,0.138,35.35,17.56,15.35,32.91,29.93,22.5
745571,2024-06-09,2024,664056,R,642397,L,walk,False,True,69.0,0.226,11.0,15.94,5.0,7.25,0.6140000000000001,0.11300000000000002,21.14,10.16,17.58,27.73,35.96,17.46,97.0,0.299,14.0,14.43,8.0,8.25,0.936,0.2759999999999999,23.49,10.71,18.68,29.4,31.94,16.67,60.0,0.34,14.0,23.33,10.0,16.67,0.897,0.10699999999999998,32.73,15.25,11.86,27.12,28.21,22.22,162.0,0.255,45.0,27.78,15.0,9.26,0.72,0.138,35.35,17.56,15.35,32.91,29.93,22.5
745571,2024-06-09,2024,621438,R,621381,L,strikeout,True,False,45.0,0.2,11.0,24.44,0.0,0.0,0.467,0.067,26.58,13.55,18.06,31.61,35.44,29.73,81.0,0.241,18.0,22.22,2.0,2.47,0.7270000000000001,0.227,24.34,12.94,16.43,29.37,33.06,22.22,63.0,0.169,24.0,38.1,3.0,4.76,0.494,0.11899999999999997,23.18,12.24,17.48,29.72,31.15,20.17,253.0,0.214,77.0,30.43,19.0,7.51,0.671,0.183,28.04,14.1,15.88,29.98,27.99,24.6
745571,2024-06-09,2024,624641,R,673380,R,field_out,False,False,66.0,0.262,20.0,30.3,2.0,3.03,0.7010000000000001,0.131,38.31,21.85,10.0,31.85,44.94,21.74,176.0,0.239,41.0,23.3,5.0,2.84,0.669,0.148,29.23,17.12,12.31,29.43,41.96,19.16,37.0,0.171,18.0,48.65,1.0,2.7,0.508,0.143,41.33,22.14,19.29,41.43,29.09,43.9,,,,,,,,,,,,,,
745571,2024-06-09,2024,593160,R,673380,R,field_out,False,False,65.0,0.145,8.0,12.31,9.0,13.85,0.448,0.037000000000000005,15.93,7.29,15.79,23.08,27.82,13.11,446.0,0.277,80.0,17.94,27.0,6.05,0.7030000000000001,0.1019999999999999,20.17,10.18,16.71,26.89,32.97,15.33,37.0,0.171,18.0,48.65,1.0,2.7,0.508,0.143,41.33,22.14,19.29,41.43,29.09,43.9,,,,,,,,,,,,,,
745571,2024-06-09,2024,642215,R,673380,R,field_out,False,False,,,,,,,,,,,,,,,13.0,0.333,3.0,23.08,1.0,7.69,0.718,0.0,22.22,9.09,20.45,29.55,15.79,42.86,37.0,0.171,18.0,48.65,1.0,2.7,0.508,0.143,41.33,22.14,19.29,41.43,29.09,43.9,,,,,,,,,,,,,,
745571,2024-06-09,2024,643446,L,621381,L,single,False,False,69.0,0.246,8.0,11.59,3.0,4.35,0.613,0.07700000000000001,13.6,6.88,11.74,18.62,25.2,12.7,201.0,0.294,17.0,8.46,14.0,6.97,0.753,0.09,12.21,6.17,14.39,20.56,24.68,10.37,29.0,0.207,11.0,37.93,0.0,0.0,0.414,0.0,27.59,15.24,19.05,34.29,33.33,24.44,98.0,0.209,31.0,31.63,2.0,2.04,0.556,0.11,27.93,14.16,19.83,33.99,33.1,28.44
745571,2024-06-09,2024,668901,R,621381,L,walk,False,True,39.0,0.371,7.0,17.95,4.0,10.26,1.179,0.372,25.68,14.07,10.37,24.44,31.17,21.88,88.0,0.214,30.0,34.09,2.0,2.27,0.584,0.1309999999999999,40.66,21.26,14.94,36.21,36.02,26.79,63.0,0.169,24.0,38.1,3.0,4.76,0.494,0.11899999999999997,23.18,12.24,17.48,29.72,31.15,20.17,253.0,0.214,77.0,30.43,19.0,7.51,0.671,0.183,28.04,14.1,15.88,29.98,27.99,24.6
745571,2024-06-09,2024,620443,R,621381,L,field_out,False,False,7.0,0.429,3.0,42.86,0.0,0.0,1.715,0.857,29.41,17.24,17.24,34.48,33.33,30.0,21.0,0.3,6.0,28.57,1.0,4.76,0.7330000000000001,0.1,28.57,16.87,12.05,28.92,44.19,25.0,63.0,0.169,24.0,38.1,3.0,4.76,0.494,0.11899999999999997,23.18,12.24,17.48,29.72,31.15,20.17,253.0,0.214,77.0,30.43,19.0,7.51,0.671,0.183,28.04,14.1,15.88,29.98,27.99,24.6
745571,2024-06-09,2024,596019,R,621381,L,field_out,False,False,66.0,0.305,4.0,6.06,4.0,6.06,0.9380000000000001,0.25400000000000006,14.16,6.56,17.62,24.18,23.14,7.27,204.0,0.281,35.0,17.16,15.0,7.35,0.916,0.2919999999999999,20.49,9.45,15.99,25.44,24.88,16.36,63.0,0.169,24.0,38.1,3.0,4.76,0.494,0.11899999999999997,23.18,12.24,17.48,29.72,31.15,20.17,253.0,0.214,77.0,30.43,19.0,7.51,0.671,0.183,28.04,14.1,15.88,29.98,27.99,24.6
745571,2024-06-09,2024,624413,R,656546,R,strikeout,True,False,203.0,0.247,40.0,19.7,17.0,8.37,0.784,0.22000000000000003,23.14,10.56,18.9,29.47,30.13,18.4,475.0,0.214,109.0,22.95,44.0,9.26,0.8069999999999999,0.281,26.53,11.43,18.24,29.67,27.59,22.11,66.0,0.172,20.0,30.3,6.0,9.09,0.436,0.018000000000000016,36.51,17.97,14.84,32.81,29.69,25.0,129.0,0.122,43.0,33.33,10.0,7.75,0.423,0.104,34.44,17.65,14.42,32.07,34.34,24.57
745571,2024-06-09,2024,621311,L,673380,R,home_run,False,False,5.0,0.6,1.0,20.0,0.0,0.0,2.0,0.7999999999999999,20.0,10.53,5.26,15.79,33.33,20.0,9.0,0.111,2.0,22.22,0.0,0.0,0.555,0.333,25.0,12.9,16.13,29.03,33.33,33.33,9.0,0.286,1.0,11.11,2.0,22.22,0.873,0.14300000000000002,20.0,10.26,10.26,20.51,21.05,7.69,,,,,,,,,,,,,,
745571,2024-06-09,2024,656941,L,518617,L,strikeout,True,False,118.0,0.31,31.0,26.27,18.0,15.25,0.885,0.15999999999999998,34.44,12.97,21.55,34.52,18.58,25.0,253.0,0.188,87.0,34.39,41.0,16.21,0.758,0.242,32.04,11.82,21.04,32.86,21.61,24.51,39.0,0.167,10.0,25.64,6.0,15.38,0.516,0.033,25.4,10.0,20.0,30.0,24.42,22.73,102.0,0.229,25.0,24.51,16.0,15.69,0.663,0.0839999999999999,17.02,5.96,24.07,30.02,20.5,23.81
745571,2024-06-09,2024,592663,R,518617,L,field_out,False,False,74.0,0.314,19.0,25.68,4.0,5.41,0.851,0.186,22.88,11.9,17.35,29.25,29.69,20.0,151.0,0.255,43.0,28.48,9.0,5.96,0.8380000000000001,0.263,29.97,14.7,15.97,30.67,32.79,21.5,47.0,0.162,17.0,36.17,8.0,17.02,0.8049999999999999,0.32399999999999995,37.36,16.35,17.31,33.65,21.78,22.97,142.0,0.151,39.0,27.46,22.0,15.49,0.524,0.0839999999999999,31.09,13.93,16.61,30.54,24.91,20.31
745571,2024-06-09,2024,547180,L,518617,L,walk,False,True,104.0,0.284,29.0,27.88,15.0,14.42,0.908,0.23900000000000005,32.7,16.39,10.93,27.32,32.75,24.58,171.0,0.289,39.0,22.81,20.0,11.7,0.884,0.221,38.61,20.03,9.85,29.89,35.59,22.41,39.0,0.167,10.0,25.64,6.0,15.38,0.516,0.033,25.4,10.0,20.0,30.0,24.42,22.73,102.0,0.229,25.0,24.51,16.0,15.69,0.663,0.0839999999999999,17.02,5.96,24.07,30.02,20.5,23.81
745571,2024-06-09,2024,664761,R,657585,R,walk,False,True,177.0,0.302,26.0,14.69,12.0,6.78,0.847,0.189,18.03,8.53,15.14,23.67,24.74,16.67,445.0,0.263,68.0,15.28,34.0,7.64,0.7010000000000001,0.1139999999999999,17.17,8.27,16.06,24.33,28.14,13.48,71.0,0.213,23.0,32.39,8.0,11.27,0.638,0.11500000000000002,40.14,20.36,13.21,33.57,35.98,24.73,61.0,0.333,10.0,16.39,5.0,8.2,0.863,0.13,29.75,14.46,14.46,28.92,26.52,11.36
745571,2024-06-09,2024,592206,R,657585,R,strikeout,True,False,186.0,0.202,36.0,19.35,15.0,8.06,0.5780000000000001,0.10199999999999998,32.17,18.49,10.32,28.81,37.91,18.18,485.0,0.252,140.0,28.87,25.0,5.15,0.733,0.192,37.06,20.57,11.78,32.36,40.41,25.27,71.0,0.213,23.0,32.39,8.0,11.27,0.638,0.11500000000000002,40.14,20.36,13.21,33.57,35.98,24.73,61.0,0.333,10.0,16.39,5.0,8.2,0.863,0.13,29.75,14.46,14.46,28.92,26.52,11.36
745571,2024-06-09,2024,607043,L,656546,R,field_out,False,False,195.0,0.217,50.0,25.64,32.0,16.41,0.732,0.152,24.11,9.98,16.67,26.64,19.78,17.36,448.0,0.266,98.0,21.88,60.0,13.39,0.874,0.235,20.87,8.67,19.47,28.14,19.23,16.42,44.0,0.214,15.0,34.09,2.0,4.55,0.655,0.19100000000000003,31.82,17.5,15.0,32.5,42.25,31.25,80.0,0.221,26.0,32.5,9.0,11.25,0.63,0.088,34.86,17.48,12.61,30.09,33.51,21.31
745571,2024-06-09,2024,502110,R,656546,R,field_out,False,False,105.0,0.253,35.0,33.33,5.0,4.76,0.712,0.17099999999999999,31.36,17.25,13.05,30.3,36.11,21.6,343.0,0.27,106.0,30.9,21.0,6.12,0.8799999999999999,0.2979999999999999,35.71,19.2,12.73,31.93,33.23,24.42,66.0,0.172,20.0,30.3,6.0,9.09,0.436,0.018000000000000016,36.51,17.97,14.84,32.81,29.69,25.0,129.0,0.122,43.0,33.33,10.0,7.75,0.423,0.104,34.44,17.65,14.42,32.07,34.34,24.57
745571,2024-06-09,2024,664056,R,656546,R,field_out,False,False,124.0,0.289,29.0,23.39,6.0,4.84,0.7250000000000001,0.09700000000000003,27.7,13.02,21.19,34.22,36.89,22.66,248.0,0.207,45.0,18.15,9.0,3.63,0.504,0.056,25.06,12.41,16.74,29.16,37.02,20.45,66.0,0.172,20.0,30.3,6.0,9.09,0.436,0.018000000000000016,36.51,17.97,14.84,32.81,29.69,25.0,129.0,0.122,43.0,33.33,10.0,7.75,0.423,0.104,34.44,17.65,14.42,32.07,34.34,24.57
745571,2024-06-09,2024,624641,R,657585,R,field_out,False,False,66.0,0.262,20.0,30.3,2.0,3.03,0.7010000000000001,0.131,38.31,21.85,10.0,31.85,44.94,21.74,176.0,0.239,41.0,23.3,5.0,2.84,0.669,0.148,29.23,17.12,12.31,29.43,41.96,19.16,71.0,0.213,23.0,32.39,8.0,11.27,0.638,0.11500000000000002,40.14,20.36,13.21,33.57,35.98,24.73,61.0,0.333,10.0,16.39,5.0,8.2,0.863,0.13,29.75,14.46,14.46,28.92,26.52,11.36
745571,2024-06-09,2024,593160,R,657585,R,strikeout,True,False,65.0,0.145,8.0,12.31,9.0,13.85,0.448,0.037000000000000005,15.93,7.29,15.79,23.08,27.82,13.11,446.0,0.277,80.0,17.94,27.0,6.05,0.7030000000000001,0.1019999999999999,20.17,10.18,16.71,26.89,32.97,15.33,71.0,0.213,23.0,32.39,8.0,11.27,0.638,0.11500000000000002,40.14,20.36,13.21,33.57,35.98,24.73,61.0,0.333,10.0,16.39,5.0,8.2,0.863,0.13,29.75,14.46,14.46,28.92,26.52,11.36
745571,2024-06-09,2024,681082,L,657585,R,field_out,False,False,164.0,0.241,21.0,12.8,20.0,12.2,0.7290000000000001,0.15300000000000002,16.26,6.92,21.65,28.57,26.89,10.88,474.0,0.28,76.0,16.03,26.0,5.49,0.753,0.1509999999999999,14.49,6.52,22.08,28.6,28.42,11.93,63.0,0.255,26.0,41.27,8.0,12.7,0.749,0.14500000000000002,38.61,15.48,19.44,34.92,31.72,35.14,27.0,0.167,6.0,22.22,2.0,7.41,0.68,0.291,26.32,15.15,9.09,24.24,38.46,21.43
745571,2024-06-09,2024,621438,R,621237,L,walk,False,True,45.0,0.2,11.0,24.44,0.0,0.0,0.467,0.067,26.58,13.55,18.06,31.61,35.44,29.73,81.0,0.241,18.0,22.22,2.0,2.47,0.7270000000000001,0.227,24.34,12.94,16.43,29.37,33.06,22.22,76.0,0.235,22.0,28.95,7.0,9.21,0.641,0.10300000000000004,26.11,12.42,15.15,27.58,30.51,19.3,126.0,0.187,51.0,40.48,18.0,14.29,0.612,0.121,38.81,19.34,13.24,32.58,30.61,23.83
745571,2024-06-09,2024,643446,L,621237,L,single,False,False,69.0,0.246,8.0,11.59,3.0,4.35,0.613,0.07700000000000001,13.6,6.88,11.74,18.62,25.2,12.7,201.0,0.294,17.0,8.46,14.0,6.97,0.753,0.09,12.21,6.17,14.39,20.56,24.68,10.37,32.0,0.069,7.0,21.88,3.0,9.38,0.259,0.03399999999999999,27.12,14.41,19.82,34.23,42.55,20.0,47.0,0.217,13.0,27.66,0.0,0.0,0.521,0.087,14.81,7.02,22.81,29.82,36.84,27.66
745571,2024-06-09,2024,668901,R,621237,L,single,False,False,39.0,0.371,7.0,17.95,4.0,10.26,1.179,0.372,25.68,14.07,10.37,24.44,31.17,21.88,88.0,0.214,30.0,34.09,2.0,2.27,0.584,0.1309999999999999,40.66,21.26,14.94,36.21,36.02,26.79,76.0,0.235,22.0,28.95,7.0,9.21,0.641,0.10300000000000004,26.11,12.42,15.15,27.58,30.51,19.3,126.0,0.187,51.0,40.48,18.0,14.29,0.612,0.121,38.81,19.34,13.24,32.58,30.61,23.83
745571,2024-06-09,2024,620443,R,621237,L,walk,False,True,7.0,0.429,3.0,42.86,0.0,0.0,1.715,0.857,29.41,17.24,17.24,34.48,33.33,30.0,21.0,0.3,6.0,28.57,1.0,4.76,0.7330000000000001,0.1,28.57,16.87,12.05,28.92,44.19,25.0,76.0,0.235,22.0,28.95,7.0,9.21,0.641,0.10300000000000004,26.11,12.42,15.15,27.58,30.51,19.3,126.0,0.187,51.0,40.48,18.0,14.29,0.612,0.121,38.81,19.34,13.24,32.58,30.61,23.83
745571,2024-06-09,2024,596019,R,621237,L,strikeout,True,False,66.0,0.305,4.0,6.06,4.0,6.06,0.9380000000000001,0.25400000000000006,14.16,6.56,17.62,24.18,23.14,7.27,204.0,0.281,35.0,17.16,15.0,7.35,0.916,0.2919999999999999,20.49,9.45,15.99,25.44,24.88,16.36,76.0,0.235,22.0,28.95,7.0,9.21,0.641,0.10300000000000004,26.11,12.42,15.15,27.58,30.51,19.3,126.0,0.187,51.0,40.48,18.0,14.29,0.612,0.121,38.81,19.34,13.24,32.58,30.61,23.83
745571,2024-06-09,2024,624413,R,621237,L,hit_by_pitch,False,False,70.0,0.23,15.0,21.43,7.0,10.0,0.8540000000000001,0.29500000000000004,20.15,9.44,15.03,24.48,27.59,16.3,183.0,0.224,42.0,22.95,21.0,11.48,0.859,0.302,25.52,11.15,17.51,28.66,27.34,16.87,76.0,0.235,22.0,28.95,7.0,9.21,0.641,0.10300000000000004,26.11,12.42,15.15,27.58,30.51,19.3,126.0,0.187,51.0,40.48,18.0,14.29,0.612,0.121,38.81,19.34,13.24,32.58,30.61,23.83
745571,2024-06-09,2024,607043,L,621237,L,strikeout,True,False,71.0,0.234,14.0,19.72,2.0,2.82,0.716,0.17200000000000001,28.7,12.64,19.54,32.18,29.41,20.29,236.0,0.286,48.0,20.34,14.0,5.93,0.749,0.118,24.0,10.48,21.38,31.86,21.45,15.14,32.0,0.069,7.0,21.88,3.0,9.38,0.259,0.03399999999999999,27.12,14.41,19.82,34.23,42.55,20.0,47.0,0.217,13.0,27.66,0.0,0.0,0.521,0.087,14.81,7.02,22.81,29.82,36.84,27.66
745571,2024-06-09,2024,502110,R,614179,R,field_out,False,False,105.0,0.253,35.0,33.33,5.0,4.76,0.712,0.17099999999999999,31.36,17.25,13.05,30.3,36.11,21.6,343.0,0.27,106.0,30.9,21.0,6.12,0.8799999999999999,0.2979999999999999,35.71,19.2,12.73,31.93,33.23,24.42,35.0,0.2,7.0,20.0,3.0,8.57,0.586,0.09999999999999998,30.56,15.83,17.27,33.09,38.1,14.29,119.0,0.276,26.0,21.85,10.0,8.4,0.8280000000000001,0.191,31.2,14.75,13.94,28.69,29.14,16.03
745571,2024-06-09,2024,665506,R,657585,R,single,False,False,21.0,0.2,9.0,42.86,0.0,0.0,0.39,0.0,43.18,22.35,15.29,37.65,23.68,36.0,38.0,0.121,14.0,36.84,5.0,13.16,0.4489999999999999,0.091,39.47,18.18,14.55,32.73,25.3,24.56,71.0,0.213,23.0,32.39,8.0,11.27,0.638,0.11500000000000002,40.14,20.36,13.21,33.57,35.98,24.73,61.0,0.333,10.0,16.39,5.0,8.2,0.863,0.13,29.75,14.46,14.46,28.92,26.52,11.36
745571,2024-06-09,2024,656941,L,657585,R,field_out,False,False,168.0,0.172,50.0,29.76,28.0,16.67,0.638,0.15600000000000003,33.45,13.76,15.18,28.94,22.74,23.67,469.0,0.201,128.0,27.29,85.0,18.12,0.848,0.296,31.18,11.75,19.66,31.41,21.53,23.1,63.0,0.255,26.0,41.27,8.0,12.7,0.749,0.14500000000000002,38.61,15.48,19.44,34.92,31.72,35.14,27.0,0.167,6.0,22.22,2.0,7.41,0.68,0.291,26.32,15.15,9.09,24.24,38.46,21.43
745571,2024-06-09,2024,592663,R,657585,R,hit_by_pitch,False,False,145.0,0.239,40.0,27.59,7.0,4.83,0.6579999999999999,0.134,29.41,15.18,14.46,29.64,30.37,23.81,389.0,0.25,95.0,24.42,26.0,6.68,0.733,0.176,24.63,12.47,14.02,26.48,29.65,21.02,71.0,0.213,23.0,32.39,8.0,11.27,0.638,0.11500000000000002,40.14,20.36,13.21,33.57,35.98,24.73,61.0,0.333,10.0,16.39,5.0,8.2,0.863,0.13,29.75,14.46,14.46,28.92,26.52,11.36
745571,2024-06-09,2024,547180,L,622098,R,single,False,False,154.0,0.271,30.0,19.48,24.0,15.58,0.926,0.272,29.79,14.48,9.48,23.96,33.04,18.99,375.0,0.295,80.0,21.33,60.0,16.0,0.907,0.199,31.39,15.65,8.66,24.31,32.27,20.0,19.0,0.25,5.0,26.32,3.0,15.79,0.743,0.125,36.11,17.57,12.16,29.73,27.5,16.67,102.0,0.247,27.0,26.47,14.0,13.73,0.8,0.2,26.51,12.61,13.5,26.11,27.27,18.62
745571,2024-06-09,2024,664761,R,622098,R,walk,False,True,177.0,0.302,26.0,14.69,12.0,6.78,0.847,0.189,18.03,8.53,15.14,23.67,24.74,16.67,445.0,0.263,68.0,15.28,34.0,7.64,0.7010000000000001,0.1139999999999999,17.17,8.27,16.06,24.33,28.14,13.48,30.0,0.24,7.0,23.33,4.0,13.33,0.653,0.08000000000000002,24.66,13.14,11.68,24.82,21.31,14.58,142.0,0.236,33.0,23.24,15.0,10.56,0.777,0.203,25.69,11.73,15.53,27.26,25.36,15.87
745571,2024-06-09,2024,592206,R,622098,R,grounded_into_double_play,False,False,186.0,0.202,36.0,19.35,15.0,8.06,0.5780000000000001,0.10199999999999998,32.17,18.49,10.32,28.81,37.91,18.18,485.0,0.252,140.0,28.87,25.0,5.15,0.733,0.192,37.06,20.57,11.78,32.36,40.41,25.27,30.0,0.24,7.0,23.33,4.0,13.33,0.653,0.08000000000000002,24.66,13.14,11.68,24.82,21.31,14.58,142.0,0.236,33.0,23.24,15.0,10.56,0.777,0.203,25.69,11.73,15.53,27.26,25.36,15.87
746223,2024-06-09,2024,514888,R,542881,L,single,False,False,76.0,0.275,13.0,17.11,5.0,6.58,0.7330000000000001,0.11599999999999999,18.37,9.61,12.1,21.71,38.92,16.67,113.0,0.283,16.0,14.16,12.0,10.62,0.847,0.192,16.9,8.18,15.68,23.86,33.07,11.68,241.0,0.22,36.0,14.94,23.0,9.54,0.653,0.13799999999999998,25.74,12.88,15.39,28.28,32.9,16.36,491.0,0.266,93.0,18.94,44.0,8.96,0.783,0.181,28.26,14.37,13.47,27.84,30.37,16.52
746223,2024-06-09,2024,608324,R,542881,L,strikeout,True,False,84.0,0.192,6.0,7.14,6.0,7.14,0.571,0.129,7.69,3.27,22.88,26.14,23.84,7.14,216.0,0.215,20.0,9.26,27.0,12.5,0.6950000000000001,0.161,13.03,5.13,19.07,24.2,22.25,9.57,241.0,0.22,36.0,14.94,23.0,9.54,0.653,0.13799999999999998,25.74,12.88,15.39,28.28,32.9,16.36,491.0,0.266,93.0,18.94,44.0,8.96,0.783,0.181,28.26,14.37,13.47,27.84,30.37,16.52
746223,2024-06-09,2024,670541,L,542881,L,double,False,False,98.0,0.337,20.0,20.41,6.0,6.12,0.916,0.191,22.09,10.89,14.33,25.21,35.64,24.1,174.0,0.295,37.0,21.26,20.0,11.49,0.892,0.212,24.91,11.27,17.53,28.79,30.5,20.79,91.0,0.165,17.0,18.68,10.0,10.99,0.68,0.24000000000000002,23.87,10.98,14.54,25.52,25.28,20.73,140.0,0.265,26.0,18.57,20.0,14.29,0.868,0.2219999999999999,26.0,11.84,15.3,27.14,26.32,15.85
746223,2024-06-09,2024,665161,R,542881,L,fielders_choice_out,False,False,71.0,0.319,8.0,11.27,1.0,1.41,0.851,0.203,21.13,12.55,12.55,25.1,41.03,11.59,174.0,0.325,22.0,12.64,9.0,5.17,0.8340000000000001,0.141,23.71,13.93,8.22,22.15,36.96,13.17,241.0,0.22,36.0,14.94,23.0,9.54,0.653,0.13799999999999998,25.74,12.88,15.39,28.28,32.9,16.36,491.0,0.266,93.0,18.94,44.0,8.96,0.783,0.181,28.26,14.37,13.47,27.84,30.37,16.52
746223,2024-06-09,2024,673237,R,542881,L,field_out,False,False,62.0,0.276,8.0,12.9,3.0,4.84,0.754,0.15499999999999997,22.14,13.19,8.51,21.7,38.21,10.39,103.0,0.214,27.0,26.21,4.0,3.88,0.621,0.164,35.0,21.33,9.97,31.3,46.31,24.76,241.0,0.22,36.0,14.94,23.0,9.54,0.653,0.13799999999999998,25.74,12.88,15.39,28.28,32.9,16.36,491.0,0.266,93.0,18.94,44.0,8.96,0.783,0.181,28.26,14.37,13.47,27.84,30.37,16.52
746223,2024-06-09,2024,694384,L,686613,R,strikeout,True,False,179.0,0.215,33.0,18.44,12.0,6.7,0.6120000000000001,0.11600000000000002,15.44,6.58,22.03,28.61,25.0,15.02,104.0,0.291,15.0,14.42,14.0,13.46,0.7569999999999999,0.0579999999999999,18.78,8.02,17.92,25.94,20.47,11.45,156.0,0.257,42.0,26.92,16.0,10.26,0.776,0.186,28.57,12.31,18.77,31.08,27.05,20.94,312.0,0.246,85.0,27.24,30.0,9.62,0.7290000000000001,0.16,27.12,12.49,16.55,29.04,26.95,21.0
746223,2024-06-09,2024,650859,L,686613,R,field_out,False,False,145.0,0.275,20.0,13.79,10.0,6.9,0.72,0.11399999999999999,20.07,10.74,12.11,22.85,33.21,13.42,322.0,0.24,60.0,18.63,31.0,9.63,0.7270000000000001,0.166,24.18,11.79,13.87,25.66,28.19,14.39,156.0,0.257,42.0,26.92,16.0,10.26,0.776,0.186,28.57,12.31,18.77,31.08,27.05,20.94,312.0,0.246,85.0,27.24,30.0,9.62,0.7290000000000001,0.16,27.12,12.49,16.55,29.04,26.95,21.0
746223,2024-06-09,2024,621493,R,686613,R,walk,False,True,213.0,0.227,48.0,22.54,24.0,11.27,0.743,0.205,22.54,9.74,18.64,28.38,18.55,20.17,295.0,0.233,61.0,20.68,27.0,9.15,0.702,0.148,23.43,10.4,15.98,26.37,23.09,17.78,116.0,0.28,25.0,21.55,13.0,11.21,0.859,0.19999999999999996,23.22,10.38,16.31,26.69,25.71,16.89,356.0,0.276,93.0,26.12,25.0,7.02,0.839,0.2219999999999999,22.69,10.56,16.76,27.32,28.13,20.31
746223,2024-06-09,2024,641432,L,686613,R,single,False,False,98.0,0.287,13.0,13.27,3.0,3.06,0.732,0.139,14.69,7.26,16.2,23.46,25.43,14.61,139.0,0.256,15.0,10.79,13.0,9.35,0.756,0.176,14.22,5.56,19.54,25.1,21.32,10.83,156.0,0.257,42.0,26.92,16.0,10.26,0.776,0.186,28.57,12.31,18.77,31.08,27.05,20.94,312.0,0.246,85.0,27.24,30.0,9.62,0.7290000000000001,0.16,27.12,12.49,16.55,29.04,26.95,21.0
746223,2024-06-09,2024,687263,R,686613,R,hit_by_pitch,False,False,186.0,0.203,46.0,24.73,12.0,6.45,0.629,0.16299999999999998,29.13,14.81,15.24,30.06,34.05,21.6,262.0,0.222,62.0,23.66,18.0,6.87,0.6599999999999999,0.1349999999999999,28.77,13.7,16.19,29.89,23.52,18.84,116.0,0.28,25.0,21.55,13.0,11.21,0.859,0.19999999999999996,23.22,10.38,16.31,26.69,25.71,16.89,356.0,0.276,93.0,26.12,25.0,7.02,0.839,0.2219999999999999,22.69,10.56,16.76,27.32,28.13,20.31
746223,2024-06-09,2024,642136,L,686613,R,strikeout,True,False,53.0,0.244,17.0,32.08,7.0,13.21,0.724,0.134,41.57,17.13,15.74,32.87,26.23,26.15,266.0,0.215,71.0,26.69,31.0,11.65,0.6759999999999999,0.145,34.8,16.01,13.25,29.25,18.13,22.15,156.0,0.257,42.0,26.92,16.0,10.26,0.776,0.186,28.57,12.31,18.77,31.08,27.05,20.94,312.0,0.246,85.0,27.24,30.0,9.62,0.7290000000000001,0.16,27.12,12.49,16.55,29.04,26.95,21.0
746223,2024-06-09,2024,676694,R,542881,L,field_out,False,False,51.0,0.209,6.0,11.76,6.0,11.76,0.752,0.21,25.61,11.73,16.76,28.49,26.04,13.04,79.0,0.257,19.0,24.05,8.0,10.13,0.785,0.186,30.49,15.72,12.89,28.62,32.93,16.67,241.0,0.22,36.0,14.94,23.0,9.54,0.653,0.13799999999999998,25.74,12.88,15.39,28.28,32.9,16.36,491.0,0.266,93.0,18.94,44.0,8.96,0.783,0.181,28.26,14.37,13.47,27.84,30.37,16.52
746223,2024-06-09,2024,643289,R,542881,L,field_out,False,False,45.0,0.326,2.0,4.44,1.0,2.22,0.798,0.139,19.59,12.26,8.39,20.65,43.75,4.55,117.0,0.327,12.0,10.26,6.0,5.13,0.859,0.1639999999999999,13.48,8.22,11.41,19.63,41.01,10.91,241.0,0.22,36.0,14.94,23.0,9.54,0.653,0.13799999999999998,25.74,12.88,15.39,28.28,32.9,16.36,491.0,0.266,93.0,18.94,44.0,8.96,0.783,0.181,28.26,14.37,13.47,27.84,30.37,16.52
746223,2024-06-09,2024,547989,R,542881,L,field_out,False,False,31.0,0.071,5.0,16.13,2.0,6.45,0.268,0.036000000000000004,26.87,13.64,14.39,28.03,29.85,11.9,179.0,0.235,36.0,20.11,15.0,8.38,0.74,0.209,19.78,9.63,17.94,27.57,34.21,14.69,241.0,0.22,36.0,14.94,23.0,9.54,0.653,0.13799999999999998,25.74,12.88,15.39,28.28,32.9,16.36,491.0,0.266,93.0,18.94,44.0,8.96,0.783,0.181,28.26,14.37,13.47,27.84,30.37,16.52
746223,2024-06-09,2024,666176,R,686613,R,walk,False,True,139.0,0.161,47.0,33.81,9.0,6.47,0.538,0.145,31.43,15.3,14.96,30.26,30.51,22.93,43.0,0.205,18.0,41.86,4.0,9.3,0.7150000000000001,0.231,40.66,20.67,14.53,35.2,30.34,25.35,116.0,0.28,25.0,21.55,13.0,11.21,0.859,0.19999999999999996,23.22,10.38,16.31,26.69,25.71,16.89,356.0,0.276,93.0,26.12,25.0,7.02,0.839,0.2219999999999999,22.69,10.56,16.76,27.32,28.13,20.31
746223,2024-06-09,2024,666160,L,686613,R,field_out,False,False,140.0,0.172,37.0,26.43,6.0,4.29,0.45299999999999996,0.07400000000000001,27.9,16.15,11.43,27.59,37.32,20.79,259.0,0.293,93.0,35.91,7.0,2.7,0.8620000000000001,0.249,38.62,24.01,9.43,33.44,46.84,30.07,156.0,0.257,42.0,26.92,16.0,10.26,0.776,0.186,28.57,12.31,18.77,31.08,27.05,20.94,312.0,0.246,85.0,27.24,30.0,9.62,0.7290000000000001,0.16,27.12,12.49,16.55,29.04,26.95,21.0
746223,2024-06-09,2024,641645,L,686613,R,field_out,False,False,66.0,0.254,12.0,18.18,6.0,9.09,0.657,0.08500000000000002,22.03,10.04,17.37,27.41,26.19,16.67,96.0,0.218,19.0,19.79,8.0,8.33,0.591,0.092,15.23,6.02,21.47,27.49,22.05,19.79,156.0,0.257,42.0,26.92,16.0,10.26,0.776,0.186,28.57,12.31,18.77,31.08,27.05,20.94,312.0,0.246,85.0,27.24,30.0,9.62,0.7290000000000001,0.16,27.12,12.49,16.55,29.04,26.95,21.0
746223,2024-06-09,2024,694384,L,686613,R,walk,False,True,179.0,0.215,33.0,18.44,12.0,6.7,0.6120000000000001,0.11600000000000002,15.44,6.58,22.03,28.61,25.0,15.02,104.0,0.291,15.0,14.42,14.0,13.46,0.7569999999999999,0.0579999999999999,18.78,8.02,17.92,25.94,20.47,11.45,156.0,0.257,42.0,26.92,16.0,10.26,0.776,0.186,28.57,12.31,18.77,31.08,27.05,20.94,312.0,0.246,85.0,27.24,30.0,9.62,0.7290000000000001,0.16,27.12,12.49,16.55,29.04,26.95,21.0
746223,2024-06-09,2024,650859,L,686613,R,strikeout,True,False,145.0,0.275,20.0,13.79,10.0,6.9,0.72,0.11399999999999999,20.07,10.74,12.11,22.85,33.21,13.42,322.0,0.24,60.0,18.63,31.0,9.63,0.7270000000000001,0.166,24.18,11.79,13.87,25.66,28.19,14.39,156.0,0.257,42.0,26.92,16.0,10.26,0.776,0.186,28.57,12.31,18.77,31.08,27.05,20.94,312.0,0.246,85.0,27.24,30.0,9.62,0.7290000000000001,0.16,27.12,12.49,16.55,29.04,26.95,21.0
746223,2024-06-09,2024,676801,R,542881,L,triple,False,False,29.0,0.231,5.0,17.24,3.0,10.34,0.618,0.07699999999999999,19.64,10.48,12.38,22.86,29.41,18.52,138.0,0.325,35.0,25.36,13.0,9.42,1.009,0.285,31.52,15.56,12.88,28.44,29.0,20.96,241.0,0.22,36.0,14.94,23.0,9.54,0.653,0.13799999999999998,25.74,12.88,15.39,28.28,32.9,16.36,491.0,0.266,93.0,18.94,44.0,8.96,0.783,0.181,28.26,14.37,13.47,27.84,30.37,16.52
746223,2024-06-09,2024,514888,R,542881,L,single,False,False,76.0,0.275,13.0,17.11,5.0,6.58,0.7330000000000001,0.11599999999999999,18.37,9.61,12.1,21.71,38.92,16.67,113.0,0.283,16.0,14.16,12.0,10.62,0.847,0.192,16.9,8.18,15.68,23.86,33.07,11.68,241.0,0.22,36.0,14.94,23.0,9.54,0.653,0.13799999999999998,25.74,12.88,15.39,28.28,32.9,16.36,491.0,0.266,93.0,18.94,44.0,8.96,0.783,0.181,28.26,14.37,13.47,27.84,30.37,16.52
746223,2024-06-09,2024,608324,R,542881,L,walk,False,True,84.0,0.192,6.0,7.14,6.0,7.14,0.571,0.129,7.69,3.27,22.88,26.14,23.84,7.14,216.0,0.215,20.0,9.26,27.0,12.5,0.6950000000000001,0.161,13.03,5.13,19.07,24.2,22.25,9.57,241.0,0.22,36.0,14.94,23.0,9.54,0.653,0.13799999999999998,25.74,12.88,15.39,28.28,32.9,16.36,491.0,0.266,93.0,18.94,44.0,8.96,0.783,0.181,28.26,14.37,13.47,27.84,30.37,16.52
746223,2024-06-09,2024,670541,L,542881,L,hit_by_pitch,False,False,98.0,0.337,20.0,20.41,6.0,6.12,0.916,0.191,22.09,10.89,14.33,25.21,35.64,24.1,174.0,0.295,37.0,21.26,20.0,11.49,0.892,0.212,24.91,11.27,17.53,28.79,30.5,20.79,91.0,0.165,17.0,18.68,10.0,10.99,0.68,0.24000000000000002,23.87,10.98,14.54,25.52,25.28,20.73,140.0,0.265,26.0,18.57,20.0,14.29,0.868,0.2219999999999999,26.0,11.84,15.3,27.14,26.32,15.85
746223,2024-06-09,2024,665161,R,542881,L,strikeout,True,False,71.0,0.319,8.0,11.27,1.0,1.41,0.851,0.203,21.13,12.55,12.55,25.1,41.03,11.59,174.0,0.325,22.0,12.64,9.0,5.17,0.8340000000000001,0.141,23.71,13.93,8.22,22.15,36.96,13.17,241.0,0.22,36.0,14.94,23.0,9.54,0.653,0.13799999999999998,25.74,12.88,15.39,28.28,32.9,16.36,491.0,0.266,93.0,18.94,44.0,8.96,0.783,0.181,28.26,14.37,13.47,27.84,30.37,16.52
746223,2024-06-09,2024,673237,R,542881,L,strikeout,True,False,62.0,0.276,8.0,12.9,3.0,4.84,0.754,0.15499999999999997,22.14,13.19,8.51,21.7,38.21,10.39,103.0,0.214,27.0,26.21,4.0,3.88,0.621,0.164,35.0,21.33,9.97,31.3,46.31,24.76,241.0,0.22,36.0,14.94,23.0,9.54,0.653,0.13799999999999998,25.74,12.88,15.39,28.28,32.9,16.36,491.0,0.266,93.0,18.94,44.0,8.96,0.783,0.181,28.26,14.37,13.47,27.84,30.37,16.52
746223,2024-06-09,2024,676694,R,542881,L,single,False,False,51.0,0.209,6.0,11.76,6.0,11.76,0.752,0.21,25.61,11.73,16.76,28.49,26.04,13.04,79.0,0.257,19.0,24.05,8.0,10.13,0.785,0.186,30.49,15.72,12.89,28.62,32.93,16.67,241.0,0.22,36.0,14.94,23.0,9.54,0.653,0.13799999999999998,25.74,12.88,15.39,28.28,32.9,16.36,491.0,0.266,93.0,18.94,44.0,8.96,0.783,0.181,28.26,14.37,13.47,27.84,30.37,16.52
746223,2024-06-09,2024,621493,R,686613,R,field_out,False,False,213.0,0.227,48.0,22.54,24.0,11.27,0.743,0.205,22.54,9.74,18.64,28.38,18.55,20.17,295.0,0.233,61.0,20.68,27.0,9.15,0.702,0.148,23.43,10.4,15.98,26.37,23.09,17.78,116.0,0.28,25.0,21.55,13.0,11.21,0.859,0.19999999999999996,23.22,10.38,16.31,26.69,25.71,16.89,356.0,0.276,93.0,26.12,25.0,7.02,0.839,0.2219999999999999,22.69,10.56,16.76,27.32,28.13,20.31
746223,2024-06-09,2024,641432,L,686613,R,strikeout,True,False,98.0,0.287,13.0,13.27,3.0,3.06,0.732,0.139,14.69,7.26,16.2,23.46,25.43,14.61,139.0,0.256,15.0,10.79,13.0,9.35,0.756,0.176,14.22,5.56,19.54,25.1,21.32,10.83,156.0,0.257,42.0,26.92,16.0,10.26,0.776,0.186,28.57,12.31,18.77,31.08,27.05,20.94,312.0,0.246,85.0,27.24,30.0,9.62,0.7290000000000001,0.16,27.12,12.49,16.55,29.04,26.95,21.0
746223,2024-06-09,2024,687263,R,686613,R,strikeout,True,False,186.0,0.203,46.0,24.73,12.0,6.45,0.629,0.16299999999999998,29.13,14.81,15.24,30.06,34.05,21.6,262.0,0.222,62.0,23.66,18.0,6.87,0.6599999999999999,0.1349999999999999,28.77,13.7,16.19,29.89,23.52,18.84,116.0,0.28,25.0,21.55,13.0,11.21,0.859,0.19999999999999996,23.22,10.38,16.31,26.69,25.71,16.89,356.0,0.276,93.0,26.12,25.0,7.02,0.839,0.2219999999999999,22.69,10.56,16.76,27.32,28.13,20.31
746223,2024-06-09,2024,643289,R,542881,L,field_out,False,False,45.0,0.326,2.0,4.44,1.0,2.22,0.798,0.139,19.59,12.26,8.39,20.65,43.75,4.55,117.0,0.327,12.0,10.26,6.0,5.13,0.859,0.1639999999999999,13.48,8.22,11.41,19.63,41.01,10.91,241.0,0.22,36.0,14.94,23.0,9.54,0.653,0.13799999999999998,25.74,12.88,15.39,28.28,32.9,16.36,491.0,0.266,93.0,18.94,44.0,8.96,0.783,0.181,28.26,14.37,13.47,27.84,30.37,16.52
746223,2024-06-09,2024,547989,R,542881,L,field_out,False,False,31.0,0.071,5.0,16.13,2.0,6.45,0.268,0.036000000000000004,26.87,13.64,14.39,28.03,29.85,11.9,179.0,0.235,36.0,20.11,15.0,8.38,0.74,0.209,19.78,9.63,17.94,27.57,34.21,14.69,241.0,0.22,36.0,14.94,23.0,9.54,0.653,0.13799999999999998,25.74,12.88,15.39,28.28,32.9,16.36,491.0,0.266,93.0,18.94,44.0,8.96,0.783,0.181,28.26,14.37,13.47,27.84,30.37,16.52
746223,2024-06-09,2024,676801,R,542881,L,field_out,False,False,29.0,0.231,5.0,17.24,3.0,10.34,0.618,0.07699999999999999,19.64,10.48,12.38,22.86,29.41,18.52,138.0,0.325,35.0,25.36,13.0,9.42,1.009,0.285,31.52,15.56,12.88,28.44,29.0,20.96,241.0,0.22,36.0,14.94,23.0,9.54,0.653,0.13799999999999998,25.74,12.88,15.39,28.28,32.9,16.36,491.0,0.266,93.0,18.94,44.0,8.96,0.783,0.181,28.26,14.37,13.47,27.84,30.37,16.52
746223,2024-06-09,2024,642136,L,686613,R,strikeout,True,False,53.0,0.244,17.0,32.08,7.0,13.21,0.724,0.134,41.57,17.13,15.74,32.87,26.23,26.15,266.0,0.215,71.0,26.69,31.0,11.65,0.6759999999999999,0.145,34.8,16.01,13.25,29.25,18.13,22.15,156.0,0.257,42.0,26.92,16.0,10.26,0.776,0.186,28.57,12.31,18.77,31.08,27.05,20.94,312.0,0.246,85.0,27.24,30.0,9.62,0.7290000000000001,0.16,27.12,12.49,16.55,29.04,26.95,21.0
746223,2024-06-09,2024,666176,R,686613,R,field_out,False,False,139.0,0.161,47.0,33.81,9.0,6.47,0.538,0.145,31.43,15.3,14.96,30.26,30.51,22.93,43.0,0.205,18.0,41.86,4.0,9.3,0.7150000000000001,0.231,40.66,20.67,14.53,35.2,30.34,25.35,116.0,0.28,25.0,21.55,13.0,11.21,0.859,0.19999999999999996,23.22,10.38,16.31,26.69,25.71,16.89,356.0,0.276,93.0,26.12,25.0,7.02,0.839,0.2219999999999999,22.69,10.56,16.76,27.32,28.13,20.31
746223,2024-06-09,2024,666160,L,686613,R,single,False,False,140.0,0.172,37.0,26.43,6.0,4.29,0.45299999999999996,0.07400000000000001,27.9,16.15,11.43,27.59,37.32,20.79,259.0,0.293,93.0,35.91,7.0,2.7,0.8620000000000001,0.249,38.62,24.01,9.43,33.44,46.84,30.07,156.0,0.257,42.0,26.92,16.0,10.26,0.776,0.186,28.57,12.31,18.77,31.08,27.05,20.94,312.0,0.246,85.0,27.24,30.0,9.62,0.7290000000000001,0.16,27.12,12.49,16.55,29.04,26.95,21.0
746223,2024-06-09,2024,641645,L,686613,R,field_out,False,False,66.0,0.254,12.0,18.18,6.0,9.09,0.657,0.08500000000000002,22.03,10.04,17.37,27.41,26.19,16.67,96.0,0.218,19.0,19.79,8.0,8.33,0.591,0.092,15.23,6.02,21.47,27.49,22.05,19.79,156.0,0.257,42.0,26.92,16.0,10.26,0.776,0.186,28.57,12.31,18.77,31.08,27.05,20.94,312.0,0.246,85.0,27.24,30.0,9.62,0.7290000000000001,0.16,27.12,12.49,16.55,29.04,26.95,21.0
746223,2024-06-09,2024,514888,R,542881,L,field_out,False,False,76.0,0.275,13.0,17.11,5.0,6.58,0.7330000000000001,0.11599999999999999,18.37,9.61,12.1,21.71,38.92,16.67,113.0,0.283,16.0,14.16,12.0,10.62,0.847,0.192,16.9,8.18,15.68,23.86,33.07,11.68,241.0,0.22,36.0,14.94,23.0,9.54,0.653,0.13799999999999998,25.74,12.88,15.39,28.28,32.9,16.36,491.0,0.266,93.0,18.94,44.0,8.96,0.783,0.181,28.26,14.37,13.47,27.84,30.37,16.52
746223,2024-06-09,2024,608324,R,542881,L,single,False,False,84.0,0.192,6.0,7.14,6.0,7.14,0.571,0.129,7.69,3.27,22.88,26.14,23.84,7.14,216.0,0.215,20.0,9.26,27.0,12.5,0.6950000000000001,0.161,13.03,5.13,19.07,24.2,22.25,9.57,241.0,0.22,36.0,14.94,23.0,9.54,0.653,0.13799999999999998,25.74,12.88,15.39,28.28,32.9,16.36,491.0,0.266,93.0,18.94,44.0,8.96,0.783,0.181,28.26,14.37,13.47,27.84,30.37,16.52
746223,2024-06-09,2024,670541,L,542881,L,home_run,False,False,98.0,0.337,20.0,20.41,6.0,6.12,0.916,0.191,22.09,10.89,14.33,25.21,35.64,24.1,174.0,0.295,37.0,21.26,20.0,11.49,0.892,0.212,24.91,11.27,17.53,28.79,30.5,20.79,91.0,0.165,17.0,18.68,10.0,10.99,0.68,0.24000000000000002,23.87,10.98,14.54,25.52,25.28,20.73,140.0,0.265,26.0,18.57,20.0,14.29,0.868,0.2219999999999999,26.0,11.84,15.3,27.14,26.32,15.85
746223,2024-06-09,2024,665161,R,542881,L,field_out,False,False,71.0,0.319,8.0,11.27,1.0,1.41,0.851,0.203,21.13,12.55,12.55,25.1,41.03,11.59,174.0,0.325,22.0,12.64,9.0,5.17,0.8340000000000001,0.141,23.71,13.93,8.22,22.15,36.96,13.17,241.0,0.22,36.0,14.94,23.0,9.54,0.653,0.13799999999999998,25.74,12.88,15.39,28.28,32.9,16.36,491.0,0.266,93.0,18.94,44.0,8.96,0.783,0.181,28.26,14.37,13.47,27.84,30.37,16.52
746223,2024-06-09,2024,673237,R,542881,L,field_out,False,False,62.0,0.276,8.0,12.9,3.0,4.84,0.754,0.15499999999999997,22.14,13.19,8.51,21.7,38.21,10.39,103.0,0.214,27.0,26.21,4.0,3.88,0.621,0.164,35.0,21.33,9.97,31.3,46.31,24.76,241.0,0.22,36.0,14.94,23.0,9.54,0.653,0.13799999999999998,25.74,12.88,15.39,28.28,32.9,16.36,491.0,0.266,93.0,18.94,44.0,8.96,0.783,0.181,28.26,14.37,13.47,27.84,30.37,16.52
746223,2024-06-09,2024,694384,L,686613,R,field_out,False,False,179.0,0.215,33.0,18.44,12.0,6.7,0.6120000000000001,0.11600000000000002,15.44,6.58,22.03,28.61,25.0,15.02,104.0,0.291,15.0,14.42,14.0,13.46,0.7569999999999999,0.0579999999999999,18.78,8.02,17.92,25.94,20.47,11.45,156.0,0.257,42.0,26.92,16.0,10.26,0.776,0.186,28.57,12.31,18.77,31.08,27.05,20.94,312.0,0.246,85.0,27.24,30.0,9.62,0.7290000000000001,0.16,27.12,12.49,16.55,29.04,26.95,21.0
746223,2024-06-09,2024,650859,L,686613,R,field_out,False,False,145.0,0.275,20.0,13.79,10.0,6.9,0.72,0.11399999999999999,20.07,10.74,12.11,22.85,33.21,13.42,322.0,0.24,60.0,18.63,31.0,9.63,0.7270000000000001,0.166,24.18,11.79,13.87,25.66,28.19,14.39,156.0,0.257,42.0,26.92,16.0,10.26,0.776,0.186,28.57,12.31,18.77,31.08,27.05,20.94,312.0,0.246,85.0,27.24,30.0,9.62,0.7290000000000001,0.16,27.12,12.49,16.55,29.04,26.95,21.0
746223,2024-06-09,2024,621493,R,686613,R,walk,False,True,213.0,0.227,48.0,22.54,24.0,11.27,0.743,0.205,22.54,9.74,18.64,28.38,18.55,20.17,295.0,0.233,61.0,20.68,27.0,9.15,0.702,0.148,23.43,10.4,15.98,26.37,23.09,17.78,116.0,0.28,25.0,21.55,13.0,11.21,0.859,0.19999999999999996,23.22,10.38,16.31,26.69,25.71,16.89,356.0,0.276,93.0,26.12,25.0,7.02,0.839,0.2219999999999999,22.69,10.56,16.76,27.32,28.13,20.31
746223,2024-06-09,2024,641432,L,686613,R,field_out,False,False,98.0,0.287,13.0,13.27,3.0,3.06,0.732,0.139,14.69,7.26,16.2,23.46,25.43,14.61,139.0,0.256,15.0,10.79,13.0,9.35,0.756,0.176,14.22,5.56,19.54,25.1,21.32,10.83,156.0,0.257,42.0,26.92,16.0,10.26,0.776,0.186,28.57,12.31,18.77,31.08,27.05,20.94,312.0,0.246,85.0,27.24,30.0,9.62,0.7290000000000001,0.16,27.12,12.49,16.55,29.04,26.95,21.0
746223,2024-06-09,2024,676694,R,542881,L,field_out,False,False,51.0,0.209,6.0,11.76,6.0,11.76,0.752,0.21,25.61,11.73,16.76,28.49,26.04,13.04,79.0,0.257,19.0,24.05,8.0,10.13,0.785,0.186,30.49,15.72,12.89,28.62,32.93,16.67,241.0,0.22,36.0,14.94,23.0,9.54,0.653,0.13799999999999998,25.74,12.88,15.39,28.28,32.9,16.36,491.0,0.266,93.0,18.94,44.0,8.96,0.783,0.181,28.26,14.37,13.47,27.84,30.37,16.52
746223,2024-06-09,2024,643289,R,542881,L,field_out,False,False,45.0,0.326,2.0,4.44,1.0,2.22,0.798,0.139,19.59,12.26,8.39,20.65,43.75,4.55,117.0,0.327,12.0,10.26,6.0,5.13,0.859,0.1639999999999999,13.48,8.22,11.41,19.63,41.01,10.91,241.0,0.22,36.0,14.94,23.0,9.54,0.653,0.13799999999999998,25.74,12.88,15.39,28.28,32.9,16.36,491.0,0.266,93.0,18.94,44.0,8.96,0.783,0.181,28.26,14.37,13.47,27.84,30.37,16.52
746223,2024-06-09,2024,547989,R,542881,L,field_out,False,False,31.0,0.071,5.0,16.13,2.0,6.45,0.268,0.036000000000000004,26.87,13.64,14.39,28.03,29.85,11.9,179.0,0.235,36.0,20.11,15.0,8.38,0.74,0.209,19.78,9.63,17.94,27.57,34.21,14.69,241.0,0.22,36.0,14.94,23.0,9.54,0.653,0.13799999999999998,25.74,12.88,15.39,28.28,32.9,16.36,491.0,0.266,93.0,18.94,44.0,8.96,0.783,0.181,28.26,14.37,13.47,27.84,30.37,16.52
746223,2024-06-09,2024,687263,R,686613,R,field_out,False,False,186.0,0.203,46.0,24.73,12.0,6.45,0.629,0.16299999999999998,29.13,14.81,15.24,30.06,34.05,21.6,262.0,0.222,62.0,23.66,18.0,6.87,0.6599999999999999,0.1349999999999999,28.77,13.7,16.19,29.89,23.52,18.84,116.0,0.28,25.0,21.55,13.0,11.21,0.859,0.19999999999999996,23.22,10.38,16.31,26.69,25.71,16.89,356.0,0.276,93.0,26.12,25.0,7.02,0.839,0.2219999999999999,22.69,10.56,16.76,27.32,28.13,20.31
746223,2024-06-09,2024,642136,L,686613,R,field_out,False,False,53.0,0.244,17.0,32.08,7.0,13.21,0.724,0.134,41.57,17.13,15.74,32.87,26.23,26.15,266.0,0.215,71.0,26.69,31.0,11.65,0.6759999999999999,0.145,34.8,16.01,13.25,29.25,18.13,22.15,156.0,0.257,42.0,26.92,16.0,10.26,0.776,0.186,28.57,12.31,18.77,31.08,27.05,20.94,312.0,0.246,85.0,27.24,30.0,9.62,0.7290000000000001,0.16,27.12,12.49,16.55,29.04,26.95,21.0
746223,2024-06-09,2024,666176,R,686613,R,strikeout,True,False,139.0,0.161,47.0,33.81,9.0,6.47,0.538,0.145,31.43,15.3,14.96,30.26,30.51,22.93,43.0,0.205,18.0,41.86,4.0,9.3,0.7150000000000001,0.231,40.66,20.67,14.53,35.2,30.34,25.35,116.0,0.28,25.0,21.55,13.0,11.21,0.859,0.19999999999999996,23.22,10.38,16.31,26.69,25.71,16.89,356.0,0.276,93.0,26.12,25.0,7.02,0.839,0.2219999999999999,22.69,10.56,16.76,27.32,28.13,20.31
746223,2024-06-09,2024,676801,R,643256,R,field_out,False,False,81.0,0.192,26.0,32.1,6.0,7.41,0.492,0.04100000000000001,34.36,16.67,15.77,32.44,31.11,21.93,319.0,0.25,82.0,25.71,27.0,8.46,0.769,0.186,28.62,13.94,15.79,29.73,30.75,21.75,60.0,0.163,10.0,16.67,6.0,10.0,0.512,0.061,18.28,7.91,19.07,26.98,28.44,16.13,59.0,0.268,5.0,8.47,0.0,0.0,0.734,0.178,9.38,4.43,22.66,27.09,35.16,9.26
746223,2024-06-09,2024,514888,R,643256,R,field_out,False,False,209.0,0.292,40.0,19.14,13.0,6.22,0.791,0.15900000000000003,19.69,10.08,16.84,26.92,37.95,18.52,297.0,0.322,55.0,18.52,32.0,10.77,0.941,0.218,19.43,8.47,19.0,27.48,31.81,17.74,60.0,0.163,10.0,16.67,6.0,10.0,0.512,0.061,18.28,7.91,19.07,26.98,28.44,16.13,59.0,0.268,5.0,8.47,0.0,0.0,0.734,0.178,9.38,4.43,22.66,27.09,35.16,9.26
746223,2024-06-09,2024,608324,R,643256,R,strikeout,True,False,179.0,0.256,33.0,18.44,16.0,8.94,0.768,0.188,15.77,7.02,19.38,26.4,23.88,14.93,508.0,0.282,67.0,13.19,65.0,12.8,0.8500000000000001,0.186,14.53,5.58,19.65,25.23,16.96,12.88,60.0,0.163,10.0,16.67,6.0,10.0,0.512,0.061,18.28,7.91,19.07,26.98,28.44,16.13,59.0,0.268,5.0,8.47,0.0,0.0,0.734,0.178,9.38,4.43,22.66,27.09,35.16,9.26
746223,2024-06-09,2024,666160,L,606160,R,field_out,False,False,140.0,0.172,37.0,26.43,6.0,4.29,0.45299999999999996,0.07400000000000001,27.9,16.15,11.43,27.59,37.32,20.79,259.0,0.293,93.0,35.91,7.0,2.7,0.8620000000000001,0.249,38.62,24.01,9.43,33.44,46.84,30.07,57.0,0.216,8.0,14.04,6.0,10.53,0.808,0.29400000000000004,21.43,10.17,13.56,23.73,30.66,10.67,151.0,0.267,35.0,23.18,18.0,11.92,0.7849999999999999,0.1599999999999999,29.78,14.29,12.03,26.32,27.17,16.51
746223,2024-06-09,2024,641645,L,606160,R,field_out,False,False,66.0,0.254,12.0,18.18,6.0,9.09,0.657,0.08500000000000002,22.03,10.04,17.37,27.41,26.19,16.67,96.0,0.218,19.0,19.79,8.0,8.33,0.591,0.092,15.23,6.02,21.47,27.49,22.05,19.79,57.0,0.216,8.0,14.04,6.0,10.53,0.808,0.29400000000000004,21.43,10.17,13.56,23.73,30.66,10.67,151.0,0.267,35.0,23.18,18.0,11.92,0.7849999999999999,0.1599999999999999,29.78,14.29,12.03,26.32,27.17,16.51
746223,2024-06-09,2024,694384,L,606160,R,home_run,False,False,179.0,0.215,33.0,18.44,12.0,6.7,0.6120000000000001,0.11600000000000002,15.44,6.58,22.03,28.61,25.0,15.02,104.0,0.291,15.0,14.42,14.0,13.46,0.7569999999999999,0.0579999999999999,18.78,8.02,17.92,25.94,20.47,11.45,57.0,0.216,8.0,14.04,6.0,10.53,0.808,0.29400000000000004,21.43,10.17,13.56,23.73,30.66,10.67,151.0,0.267,35.0,23.18,18.0,11.92,0.7849999999999999,0.1599999999999999,29.78,14.29,12.03,26.32,27.17,16.51
746223,2024-06-09,2024,650859,L,606160,R,walk,False,True,145.0,0.275,20.0,13.79,10.0,6.9,0.72,0.11399999999999999,20.07,10.74,12.11,22.85,33.21,13.42,322.0,0.24,60.0,18.63,31.0,9.63,0.7270000000000001,0.166,24.18,11.79,13.87,25.66,28.19,14.39,57.0,0.216,8.0,14.04,6.0,10.53,0.808,0.29400000000000004,21.43,10.17,13.56,23.73,30.66,10.67,151.0,0.267,35.0,23.18,18.0,11.92,0.7849999999999999,0.1599999999999999,29.78,14.29,12.03,26.32,27.17,16.51
746223,2024-06-09,2024,621493,R,650556,R,walk,False,True,213.0,0.227,48.0,22.54,24.0,11.27,0.743,0.205,22.54,9.74,18.64,28.38,18.55,20.17,295.0,0.233,61.0,20.68,27.0,9.15,0.702,0.148,23.43,10.4,15.98,26.37,23.09,17.78,64.0,0.14,27.0,42.19,6.0,9.38,0.497,0.123,38.02,17.36,17.74,35.09,30.37,35.06,143.0,0.171,50.0,34.97,11.0,7.69,0.51,0.1,41.52,19.59,17.04,36.63,32.11,25.64
746223,2024-06-09,2024,641432,L,650556,R,walk,False,True,98.0,0.287,13.0,13.27,3.0,3.06,0.732,0.139,14.69,7.26,16.2,23.46,25.43,14.61,139.0,0.256,15.0,10.79,13.0,9.35,0.756,0.176,14.22,5.56,19.54,25.1,21.32,10.83,77.0,0.311,21.0,27.27,13.0,16.88,0.9470000000000001,0.181,29.77,12.54,17.04,29.58,21.43,25.0,145.0,0.185,50.0,34.48,20.0,13.79,0.611,0.118,37.97,16.01,17.43,33.44,22.96,29.94
746223,2024-06-09,2024,687263,R,650556,R,field_out,False,False,186.0,0.203,46.0,24.73,12.0,6.45,0.629,0.16299999999999998,29.13,14.81,15.24,30.06,34.05,21.6,262.0,0.222,62.0,23.66,18.0,6.87,0.6599999999999999,0.1349999999999999,28.77,13.7,16.19,29.89,23.52,18.84,64.0,0.14,27.0,42.19,6.0,9.38,0.497,0.123,38.02,17.36,17.74,35.09,30.37,35.06,143.0,0.171,50.0,34.97,11.0,7.69,0.51,0.1,41.52,19.59,17.04,36.63,32.11,25.64
746223,2024-06-09,2024,670541,L,690829,R,double,False,False,181.0,0.272,24.0,13.26,20.0,11.05,0.865,0.23399999999999999,19.21,8.73,16.42,25.15,30.19,13.48,322.0,0.292,55.0,17.08,49.0,15.22,1.044,0.333,21.1,8.88,15.37,24.25,23.99,15.32,3.0,0.333,0.0,0.0,0.0,0.0,1.0,0.334,33.33,28.57,0.0,28.57,50.0,0.0,19.0,0.077,3.0,15.79,6.0,31.58,0.445,0.0,24.0,7.69,15.38,23.08,11.9,18.75
746223,2024-06-09,2024,665161,R,690829,R,single,False,False,193.0,0.296,35.0,18.13,8.0,4.15,0.706,0.07300000000000001,24.73,12.97,14.84,27.81,35.73,16.36,461.0,0.239,107.0,23.21,34.0,7.38,0.655,0.1089999999999999,30.36,15.5,13.92,29.42,35.52,20.7,6.0,0.667,0.0,0.0,0.0,0.0,1.334,0.0,16.67,10.0,6.67,16.67,40.0,0.0,29.0,0.333,7.0,24.14,3.0,10.34,0.914,0.1669999999999999,25.0,12.1,19.35,31.45,33.33,17.07
746223,2024-06-09,2024,673237,R,690829,R,single,False,False,164.0,0.252,26.0,15.85,5.0,3.05,0.676,0.15400000000000003,21.71,12.41,10.84,23.25,42.06,16.25,274.0,0.307,47.0,17.15,7.0,2.55,0.931,0.292,24.58,14.19,11.31,25.51,43.08,17.42,6.0,0.667,0.0,0.0,0.0,0.0,1.334,0.0,16.67,10.0,6.67,16.67,40.0,0.0,29.0,0.333,7.0,24.14,3.0,10.34,0.914,0.1669999999999999,25.0,12.1,19.35,31.45,33.33,17.07
746223,2024-06-09,2024,676694,R,690829,R,field_out,False,False,129.0,0.277,29.0,22.48,7.0,5.43,0.752,0.15199999999999997,32.23,15.56,16.25,31.81,31.25,23.77,263.0,0.218,69.0,26.24,18.0,6.84,0.6459999999999999,0.146,25.89,12.2,16.27,28.47,24.49,21.12,6.0,0.667,0.0,0.0,0.0,0.0,1.334,0.0,16.67,10.0,6.67,16.67,40.0,0.0,29.0,0.333,7.0,24.14,3.0,10.34,0.914,0.1669999999999999,25.0,12.1,19.35,31.45,33.33,17.07
746223,2024-06-09,2024,643289,R,690829,R,single,False,False,105.0,0.283,8.0,7.62,4.0,3.81,0.6779999999999999,0.08100000000000002,16.49,9.58,12.28,21.86,42.19,8.7,375.0,0.263,58.0,15.47,13.0,3.47,0.6779999999999999,0.124,19.01,10.95,13.18,24.13,40.64,15.68,6.0,0.667,0.0,0.0,0.0,0.0,1.334,0.0,16.67,10.0,6.67,16.67,40.0,0.0,29.0,0.333,7.0,24.14,3.0,10.34,0.914,0.1669999999999999,25.0,12.1,19.35,31.45,33.33,17.07
746223,2024-06-09,2024,547989,R,608334,R,strikeout,True,False,78.0,0.135,22.0,28.21,2.0,2.56,0.383,0.08099999999999999,31.48,16.4,18.33,34.73,36.84,20.95,416.0,0.238,94.0,22.6,27.0,6.49,0.653,0.119,29.38,14.86,16.49,31.35,37.27,18.69,56.0,0.196,18.0,32.14,10.0,17.86,0.5780000000000001,0.04299999999999998,27.36,12.34,15.32,27.66,34.92,25.35,17.0,0.214,1.0,5.88,3.0,17.65,0.782,0.215,12.5,4.48,17.91,22.39,14.71,9.09
746223,2024-06-09,2024,676801,R,608334,R,strikeout,True,False,81.0,0.192,26.0,32.1,6.0,7.41,0.492,0.04100000000000001,34.36,16.67,15.77,32.44,31.11,21.93,319.0,0.25,82.0,25.71,27.0,8.46,0.769,0.186,28.62,13.94,15.79,29.73,30.75,21.75,56.0,0.196,18.0,32.14,10.0,17.86,0.5780000000000001,0.04299999999999998,27.36,12.34,15.32,27.66,34.92,25.35,17.0,0.214,1.0,5.88,3.0,17.65,0.782,0.215,12.5,4.48,17.91,22.39,14.71,9.09
746223,2024-06-09,2024,642136,L,519151,R,single,False,False,53.0,0.244,17.0,32.08,7.0,13.21,0.724,0.134,41.57,17.13,15.74,32.87,26.23,26.15,266.0,0.215,71.0,26.69,31.0,11.65,0.6759999999999999,0.145,34.8,16.01,13.25,29.25,18.13,22.15,59.0,0.296,21.0,35.59,3.0,5.08,0.7170000000000001,0.09300000000000003,30.63,13.65,20.08,33.73,29.92,24.14,138.0,0.217,38.0,27.54,6.0,4.35,0.649,0.178,31.54,15.68,16.63,32.31,35.45,25.0
746223,2024-06-09,2024,666176,R,519151,R,field_out,False,False,139.0,0.161,47.0,33.81,9.0,6.47,0.538,0.145,31.43,15.3,14.96,30.26,30.51,22.93,43.0,0.205,18.0,41.86,4.0,9.3,0.7150000000000001,0.231,40.66,20.67,14.53,35.2,30.34,25.35,53.0,0.311,11.0,20.75,5.0,9.43,0.929,0.24500000000000005,29.0,14.65,14.14,28.79,29.79,18.97,130.0,0.222,36.0,27.69,10.0,7.69,0.593,0.094,31.52,16.14,16.14,32.27,33.46,24.32
746223,2024-06-09,2024,666160,L,519151,R,strikeout,True,False,140.0,0.172,37.0,26.43,6.0,4.29,0.45299999999999996,0.07400000000000001,27.9,16.15,11.43,27.59,37.32,20.79,259.0,0.293,93.0,35.91,7.0,2.7,0.8620000000000001,0.249,38.62,24.01,9.43,33.44,46.84,30.07,59.0,0.296,21.0,35.59,3.0,5.08,0.7170000000000001,0.09300000000000003,30.63,13.65,20.08,33.73,29.92,24.14,138.0,0.217,38.0,27.54,6.0,4.35,0.649,0.178,31.54,15.68,16.63,32.31,35.45,25.0
746223,2024-06-09,2024,641645,L,519151,R,single,False,False,66.0,0.254,12.0,18.18,6.0,9.09,0.657,0.08500000000000002,22.03,10.04,17.37,27.41,26.19,16.67,96.0,0.218,19.0,19.79,8.0,8.33,0.591,0.092,15.23,6.02,21.47,27.49,22.05,19.79,59.0,0.296,21.0,35.59,3.0,5.08,0.7170000000000001,0.09300000000000003,30.63,13.65,20.08,33.73,29.92,24.14,138.0,0.217,38.0,27.54,6.0,4.35,0.649,0.178,31.54,15.68,16.63,32.31,35.45,25.0
746223,2024-06-09,2024,694384,L,519151,R,strikeout,True,False,179.0,0.215,33.0,18.44,12.0,6.7,0.6120000000000001,0.11600000000000002,15.44,6.58,22.03,28.61,25.0,15.02,104.0,0.291,15.0,14.42,14.0,13.46,0.7569999999999999,0.0579999999999999,18.78,8.02,17.92,25.94,20.47,11.45,59.0,0.296,21.0,35.59,3.0,5.08,0.7170000000000001,0.09300000000000003,30.63,13.65,20.08,33.73,29.92,24.14,138.0,0.217,38.0,27.54,6.0,4.35,0.649,0.178,31.54,15.68,16.63,32.31,35.45,25.0
746223,2024-06-09,2024,514888,R,608334,R,strikeout,True,False,209.0,0.292,40.0,19.14,13.0,6.22,0.791,0.15900000000000003,19.69,10.08,16.84,26.92,37.95,18.52,297.0,0.322,55.0,18.52,32.0,10.77,0.941,0.218,19.43,8.47,19.0,27.48,31.81,17.74,56.0,0.196,18.0,32.14,10.0,17.86,0.5780000000000001,0.04299999999999998,27.36,12.34,15.32,27.66,34.92,25.35,17.0,0.214,1.0,5.88,3.0,17.65,0.782,0.215,12.5,4.48,17.91,22.39,14.71,9.09
746223,2024-06-09,2024,608324,R,608334,R,strikeout,True,False,179.0,0.256,33.0,18.44,16.0,8.94,0.768,0.188,15.77,7.02,19.38,26.4,23.88,14.93,508.0,0.282,67.0,13.19,65.0,12.8,0.8500000000000001,0.186,14.53,5.58,19.65,25.23,16.96,12.88,56.0,0.196,18.0,32.14,10.0,17.86,0.5780000000000001,0.04299999999999998,27.36,12.34,15.32,27.66,34.92,25.35,17.0,0.214,1.0,5.88,3.0,17.65,0.782,0.215,12.5,4.48,17.91,22.39,14.71,9.09
746223,2024-06-09,2024,670541,L,608334,R,field_out,False,False,181.0,0.272,24.0,13.26,20.0,11.05,0.865,0.23399999999999999,19.21,8.73,16.42,25.15,30.19,13.48,322.0,0.292,55.0,17.08,49.0,15.22,1.044,0.333,21.1,8.88,15.37,24.25,23.99,15.32,57.0,0.18,9.0,15.79,5.0,8.77,0.7010000000000001,0.24,23.4,10.28,16.36,26.64,28.07,15.79,22.0,0.15,5.0,22.73,1.0,4.55,0.527,0.15,25.58,12.22,16.67,28.89,26.19,17.86
746223,2024-06-09,2024,650859,L,605463,R,field_out,False,False,145.0,0.275,20.0,13.79,10.0,6.9,0.72,0.11399999999999999,20.07,10.74,12.11,22.85,33.21,13.42,322.0,0.24,60.0,18.63,31.0,9.63,0.7270000000000001,0.166,24.18,11.79,13.87,25.66,28.19,14.39,65.0,0.148,13.0,20.0,8.0,12.31,0.41400000000000003,0.0,27.83,12.21,17.18,29.39,27.08,19.12,27.0,0.15,5.0,18.52,6.0,22.22,0.72,0.1999999999999999,30.23,11.3,12.17,23.48,18.33,15.62
746223,2024-06-09,2024,621493,R,605463,R,field_out,False,False,213.0,0.227,48.0,22.54,24.0,11.27,0.743,0.205,22.54,9.74,18.64,28.38,18.55,20.17,295.0,0.233,61.0,20.68,27.0,9.15,0.702,0.148,23.43,10.4,15.98,26.37,23.09,17.78,65.0,0.211,17.0,26.15,7.0,10.77,0.589,0.07000000000000003,28.33,12.01,19.08,31.1,24.32,17.89,61.0,0.37,12.0,19.67,4.0,6.56,1.074,0.278,22.52,10.82,16.02,26.84,31.45,17.91
746223,2024-06-09,2024,683021,R,605463,R,single,False,False,1.0,1.0,0.0,0.0,0.0,0.0,2.0,0.0,0.0,0.0,25.0,25.0,0.0,0.0,52.0,0.348,7.0,13.46,5.0,9.62,0.836,0.065,6.58,2.6,20.83,23.44,14.58,14.89,65.0,0.211,17.0,26.15,7.0,10.77,0.589,0.07000000000000003,28.33,12.01,19.08,31.1,24.32,17.89,61.0,0.37,12.0,19.67,4.0,6.56,1.074,0.278,22.52,10.82,16.02,26.84,31.45,17.91
746223,2024-06-09,2024,687263,R,605463,R,field_out,False,False,186.0,0.203,46.0,24.73,12.0,6.45,0.629,0.16299999999999998,29.13,14.81,15.24,30.06,34.05,21.6,262.0,0.222,62.0,23.66,18.0,6.87,0.6599999999999999,0.1349999999999999,28.77,13.7,16.19,29.89,23.52,18.84,65.0,0.211,17.0,26.15,7.0,10.77,0.589,0.07000000000000003,28.33,12.01,19.08,31.1,24.32,17.89,61.0,0.37,12.0,19.67,4.0,6.56,1.074,0.278,22.52,10.82,16.02,26.84,31.45,17.91
745410,2024-06-09,2024,682998,L,663362,R,field_out,False,False,179.0,0.199,34.0,18.99,21.0,11.73,0.597,0.10199999999999998,20.93,9.28,16.49,25.77,26.03,19.77,472.0,0.286,105.0,22.25,46.0,9.75,0.921,0.266,22.34,10.24,16.27,26.51,28.83,21.92,146.0,0.282,33.0,22.6,12.0,8.22,0.813,0.18400000000000005,18.82,8.18,19.59,27.77,24.14,20.12,85.0,0.267,12.0,14.12,9.0,10.59,0.794,0.186,18.24,7.96,19.47,27.43,22.36,12.63
745410,2024-06-09,2024,664983,L,663362,R,field_out,False,False,128.0,0.229,25.0,19.53,12.0,9.38,0.6739999999999999,0.11999999999999997,21.62,10.08,16.39,26.47,26.23,17.48,230.0,0.255,51.0,22.17,17.0,7.39,0.643,0.072,22.4,11.76,13.9,25.65,32.76,19.39,146.0,0.282,33.0,22.6,12.0,8.22,0.813,0.18400000000000005,18.82,8.18,19.59,27.77,24.14,20.12,85.0,0.267,12.0,14.12,9.0,10.59,0.794,0.186,18.24,7.96,19.47,27.43,22.36,12.63
745410,2024-06-09,2024,592626,L,663362,R,strikeout,True,False,168.0,0.284,42.0,25.0,18.0,10.71,0.858,0.198,24.85,11.51,17.19,28.69,28.53,20.19,373.0,0.241,74.0,19.84,49.0,13.14,0.786,0.194,24.13,10.89,15.07,25.96,29.36,16.09,146.0,0.282,33.0,22.6,12.0,8.22,0.813,0.18400000000000005,18.82,8.18,19.59,27.77,24.14,20.12,85.0,0.267,12.0,14.12,9.0,10.59,0.794,0.186,18.24,7.96,19.47,27.43,22.36,12.63
745410,2024-06-09,2024,650333,L,669194,R,single,False,False,173.0,0.374,5.0,2.89,7.0,4.05,0.867,0.09200000000000003,6.64,3.16,19.43,22.59,33.84,3.33,479.0,0.362,17.0,3.55,31.0,6.47,0.891,0.122,6.51,3.2,16.58,19.78,31.29,4.11,124.0,0.252,16.0,12.9,8.0,6.45,0.75,0.2,13.2,6.63,15.66,22.29,31.33,9.58,304.0,0.294,42.0,13.82,33.0,10.86,0.896,0.237,18.17,8.64,15.1,23.74,25.09,12.03
745410,2024-06-09,2024,665487,R,669194,R,field_out,False,False,201.0,0.302,37.0,18.41,9.0,4.48,0.8620000000000001,0.22200000000000003,25.89,14.09,11.57,25.67,31.23,22.29,489.0,0.244,114.0,23.31,37.0,7.57,0.728,0.181,31.62,17.66,8.94,26.61,34.25,23.98,112.0,0.406,17.0,15.18,9.0,8.04,1.079,0.21799999999999997,22.12,11.17,13.83,25.0,26.11,13.49,315.0,0.276,54.0,17.14,13.0,4.13,0.808,0.2259999999999999,22.31,11.58,14.58,26.16,25.24,14.32
745410,2024-06-09,2024,595777,L,669194,R,strikeout,True,False,187.0,0.321,31.0,16.58,24.0,12.83,0.9059999999999999,0.16599999999999998,17.0,7.71,14.64,22.35,22.62,13.22,375.0,0.229,68.0,18.13,37.0,9.87,0.6559999999999999,0.1159999999999999,21.66,10.43,14.17,24.61,26.12,14.59,124.0,0.252,16.0,12.9,8.0,6.45,0.75,0.2,13.2,6.63,15.66,22.29,31.33,9.58,304.0,0.294,42.0,13.82,33.0,10.86,0.896,0.237,18.17,8.64,15.1,23.74,25.09,12.03
745410,2024-06-09,2024,630105,L,669194,R,field_out,False,False,191.0,0.269,31.0,16.23,16.0,8.38,0.8300000000000001,0.22199999999999998,17.85,8.22,17.23,25.46,23.31,13.19,367.0,0.23,59.0,16.08,36.0,9.81,0.7,0.154,14.92,6.99,16.69,23.68,24.61,14.08,124.0,0.252,16.0,12.9,8.0,6.45,0.75,0.2,13.2,6.63,15.66,22.29,31.33,9.58,304.0,0.294,42.0,13.82,33.0,10.86,0.896,0.237,18.17,8.64,15.1,23.74,25.09,12.03
745410,2024-06-09,2024,572233,R,663362,R,field_out,False,False,200.0,0.244,46.0,23.0,25.0,12.5,0.8029999999999999,0.21400000000000002,25.93,12.47,13.18,25.65,25.34,16.43,497.0,0.259,95.0,19.11,42.0,8.45,0.8009999999999999,0.2129999999999999,26.19,12.83,14.15,26.98,26.84,15.33,147.0,0.197,35.0,23.81,9.0,6.12,0.53,0.08799999999999997,23.08,10.96,17.04,28.0,22.46,18.92,88.0,0.224,19.0,21.59,3.0,3.41,0.756,0.282,19.54,10.18,14.07,24.25,29.3,18.45
745410,2024-06-09,2024,666971,R,663362,R,strikeout,True,False,179.0,0.208,33.0,18.44,9.0,5.03,0.5900000000000001,0.12500000000000003,20.93,10.64,15.81,26.44,32.02,16.34,433.0,0.247,85.0,19.63,21.0,4.85,0.756,0.22,20.07,9.99,16.64,26.63,31.06,17.82,147.0,0.197,35.0,23.81,9.0,6.12,0.53,0.08799999999999997,23.08,10.96,17.04,28.0,22.46,18.92,88.0,0.224,19.0,21.59,3.0,3.41,0.756,0.282,19.54,10.18,14.07,24.25,29.3,18.45
745410,2024-06-09,2024,677942,R,663362,R,strikeout,True,False,73.0,0.239,18.0,24.66,6.0,8.22,0.614,0.07400000000000001,28.89,14.44,14.44,28.89,35.21,22.22,,,,,,,,,,,,,,,147.0,0.197,35.0,23.81,9.0,6.12,0.53,0.08799999999999997,23.08,10.96,17.04,28.0,22.46,18.92,88.0,0.224,19.0,21.59,3.0,3.41,0.756,0.282,19.54,10.18,14.07,24.25,29.3,18.45
745410,2024-06-09,2024,456781,R,669194,R,single,False,False,33.0,0.31,5.0,15.15,1.0,3.03,0.709,0.034999999999999976,10.0,4.58,22.9,27.48,20.0,10.64,297.0,0.28,68.0,22.9,29.0,9.76,0.766,0.1059999999999999,26.06,12.14,17.61,29.74,28.81,17.48,112.0,0.406,17.0,15.18,9.0,8.04,1.079,0.21799999999999997,22.12,11.17,13.83,25.0,26.11,13.49,315.0,0.276,54.0,17.14,13.0,4.13,0.808,0.2259999999999999,22.31,11.58,14.58,26.16,25.24,14.32
745410,2024-06-09,2024,444482,L,669194,R,single,False,False,32.0,0.214,7.0,21.88,3.0,9.38,0.54,0.036000000000000004,28.95,16.67,9.85,26.52,38.81,12.77,387.0,0.253,63.0,16.28,19.0,4.91,0.6739999999999999,0.131,22.16,12.01,13.06,25.07,33.57,15.04,124.0,0.252,16.0,12.9,8.0,6.45,0.75,0.2,13.2,6.63,15.66,22.29,31.33,9.58,304.0,0.294,42.0,13.82,33.0,10.86,0.896,0.237,18.17,8.64,15.1,23.74,25.09,12.03
745410,2024-06-09,2024,701538,L,669194,R,fielders_choice,False,False,160.0,0.295,25.0,15.62,9.0,5.62,0.738,0.10800000000000004,17.24,9.45,13.75,23.2,37.15,13.37,,,,,,,,,,,,,,,124.0,0.252,16.0,12.9,8.0,6.45,0.75,0.2,13.2,6.63,15.66,22.29,31.33,9.58,304.0,0.294,42.0,13.82,33.0,10.86,0.896,0.237,18.17,8.64,15.1,23.74,25.09,12.03
745410,2024-06-09,2024,673490,R,669194,R,home_run,False,False,183.0,0.245,33.0,18.03,27.0,14.75,0.7929999999999999,0.187,18.12,6.43,24.29,30.72,17.71,13.2,435.0,0.241,94.0,21.61,55.0,12.64,0.681,0.1,18.8,7.03,23.65,30.68,19.23,15.59,112.0,0.406,17.0,15.18,9.0,8.04,1.079,0.21799999999999997,22.12,11.17,13.83,25.0,26.11,13.49,315.0,0.276,54.0,17.14,13.0,4.13,0.808,0.2259999999999999,22.31,11.58,14.58,26.16,25.24,14.32
745410,2024-06-09,2024,543309,R,669194,R,field_out,False,False,35.0,0.2,13.0,37.14,0.0,0.0,0.714,0.314,24.64,12.5,23.53,36.03,36.84,26.53,192.0,0.233,53.0,27.6,12.0,6.25,0.654,0.142,28.81,14.15,17.01,31.16,30.17,24.88,112.0,0.406,17.0,15.18,9.0,8.04,1.079,0.21799999999999997,22.12,11.17,13.83,25.0,26.11,13.49,315.0,0.276,54.0,17.14,13.0,4.13,0.808,0.2259999999999999,22.31,11.58,14.58,26.16,25.24,14.32
745410,2024-06-09,2024,650333,L,669194,R,field_out,False,False,173.0,0.374,5.0,2.89,7.0,4.05,0.867,0.09200000000000003,6.64,3.16,19.43,22.59,33.84,3.33,479.0,0.362,17.0,3.55,31.0,6.47,0.891,0.122,6.51,3.2,16.58,19.78,31.29,4.11,124.0,0.252,16.0,12.9,8.0,6.45,0.75,0.2,13.2,6.63,15.66,22.29,31.33,9.58,304.0,0.294,42.0,13.82,33.0,10.86,0.896,0.237,18.17,8.64,15.1,23.74,25.09,12.03
745410,2024-06-09,2024,665487,R,669194,R,walk,False,True,201.0,0.302,37.0,18.41,9.0,4.48,0.8620000000000001,0.22200000000000003,25.89,14.09,11.57,25.67,31.23,22.29,489.0,0.244,114.0,23.31,37.0,7.57,0.728,0.181,31.62,17.66,8.94,26.61,34.25,23.98,112.0,0.406,17.0,15.18,9.0,8.04,1.079,0.21799999999999997,22.12,11.17,13.83,25.0,26.11,13.49,315.0,0.276,54.0,17.14,13.0,4.13,0.808,0.2259999999999999,22.31,11.58,14.58,26.16,25.24,14.32
745410,2024-06-09,2024,595777,L,669194,R,field_out,False,False,187.0,0.321,31.0,16.58,24.0,12.83,0.9059999999999999,0.16599999999999998,17.0,7.71,14.64,22.35,22.62,13.22,375.0,0.229,68.0,18.13,37.0,9.87,0.6559999999999999,0.1159999999999999,21.66,10.43,14.17,24.61,26.12,14.59,124.0,0.252,16.0,12.9,8.0,6.45,0.75,0.2,13.2,6.63,15.66,22.29,31.33,9.58,304.0,0.294,42.0,13.82,33.0,10.86,0.896,0.237,18.17,8.64,15.1,23.74,25.09,12.03
745410,2024-06-09,2024,553993,R,663362,R,field_out,False,False,181.0,0.194,50.0,27.62,9.0,4.97,0.5820000000000001,0.139,30.51,14.86,15.41,30.26,27.98,22.62,537.0,0.227,161.0,29.98,48.0,8.94,0.706,0.167,32.3,14.54,16.91,31.45,23.96,22.87,147.0,0.197,35.0,23.81,9.0,6.12,0.53,0.08799999999999997,23.08,10.96,17.04,28.0,22.46,18.92,88.0,0.224,19.0,21.59,3.0,3.41,0.756,0.282,19.54,10.18,14.07,24.25,29.3,18.45
745410,2024-06-09,2024,621028,R,663362,R,strikeout,True,False,100.0,0.228,18.0,18.0,6.0,6.0,0.591,0.087,21.25,9.83,20.23,30.06,24.26,20.69,143.0,0.234,18.0,12.59,7.0,4.9,0.571,0.0549999999999999,15.29,7.27,19.84,27.11,26.2,13.04,147.0,0.197,35.0,23.81,9.0,6.12,0.53,0.08799999999999997,23.08,10.96,17.04,28.0,22.46,18.92,88.0,0.224,19.0,21.59,3.0,3.41,0.756,0.282,19.54,10.18,14.07,24.25,29.3,18.45
745410,2024-06-09,2024,571466,L,663362,R,field_out,False,False,49.0,0.162,15.0,30.61,11.0,22.45,0.5429999999999999,0.026999999999999996,27.16,10.58,17.79,28.37,18.69,23.81,106.0,0.191,33.0,31.13,10.0,9.43,0.508,0.043,24.64,11.67,18.08,29.75,29.3,20.75,146.0,0.282,33.0,22.6,12.0,8.22,0.813,0.18400000000000005,18.82,8.18,19.59,27.77,24.14,20.12,85.0,0.267,12.0,14.12,9.0,10.59,0.794,0.186,18.24,7.96,19.47,27.43,22.36,12.63
745410,2024-06-09,2024,630105,L,669194,R,field_out,False,False,191.0,0.269,31.0,16.23,16.0,8.38,0.8300000000000001,0.22199999999999998,17.85,8.22,17.23,25.46,23.31,13.19,367.0,0.23,59.0,16.08,36.0,9.81,0.7,0.154,14.92,6.99,16.69,23.68,24.61,14.08,124.0,0.252,16.0,12.9,8.0,6.45,0.75,0.2,13.2,6.63,15.66,22.29,31.33,9.58,304.0,0.294,42.0,13.82,33.0,10.86,0.896,0.237,18.17,8.64,15.1,23.74,25.09,12.03
745410,2024-06-09,2024,456781,R,669194,R,field_out,False,False,33.0,0.31,5.0,15.15,1.0,3.03,0.709,0.034999999999999976,10.0,4.58,22.9,27.48,20.0,10.64,297.0,0.28,68.0,22.9,29.0,9.76,0.766,0.1059999999999999,26.06,12.14,17.61,29.74,28.81,17.48,112.0,0.406,17.0,15.18,9.0,8.04,1.079,0.21799999999999997,22.12,11.17,13.83,25.0,26.11,13.49,315.0,0.276,54.0,17.14,13.0,4.13,0.808,0.2259999999999999,22.31,11.58,14.58,26.16,25.24,14.32
745410,2024-06-09,2024,444482,L,669194,R,walk,False,True,32.0,0.214,7.0,21.88,3.0,9.38,0.54,0.036000000000000004,28.95,16.67,9.85,26.52,38.81,12.77,387.0,0.253,63.0,16.28,19.0,4.91,0.6739999999999999,0.131,22.16,12.01,13.06,25.07,33.57,15.04,124.0,0.252,16.0,12.9,8.0,6.45,0.75,0.2,13.2,6.63,15.66,22.29,31.33,9.58,304.0,0.294,42.0,13.82,33.0,10.86,0.896,0.237,18.17,8.64,15.1,23.74,25.09,12.03
745410,2024-06-09,2024,701538,L,669194,R,double,False,False,160.0,0.295,25.0,15.62,9.0,5.62,0.738,0.10800000000000004,17.24,9.45,13.75,23.2,37.15,13.37,,,,,,,,,,,,,,,124.0,0.252,16.0,12.9,8.0,6.45,0.75,0.2,13.2,6.63,15.66,22.29,31.33,9.58,304.0,0.294,42.0,13.82,33.0,10.86,0.896,0.237,18.17,8.64,15.1,23.74,25.09,12.03
745410,2024-06-09,2024,673490,R,669194,R,walk,False,True,183.0,0.245,33.0,18.03,27.0,14.75,0.7929999999999999,0.187,18.12,6.43,24.29,30.72,17.71,13.2,435.0,0.241,94.0,21.61,55.0,12.64,0.681,0.1,18.8,7.03,23.65,30.68,19.23,15.59,112.0,0.406,17.0,15.18,9.0,8.04,1.079,0.21799999999999997,22.12,11.17,13.83,25.0,26.11,13.49,315.0,0.276,54.0,17.14,13.0,4.13,0.808,0.2259999999999999,22.31,11.58,14.58,26.16,25.24,14.32
745410,2024-06-09,2024,543309,R,669194,R,field_out,False,False,35.0,0.2,13.0,37.14,0.0,0.0,0.714,0.314,24.64,12.5,23.53,36.03,36.84,26.53,192.0,0.233,53.0,27.6,12.0,6.25,0.654,0.142,28.81,14.15,17.01,31.16,30.17,24.88,112.0,0.406,17.0,15.18,9.0,8.04,1.079,0.21799999999999997,22.12,11.17,13.83,25.0,26.11,13.49,315.0,0.276,54.0,17.14,13.0,4.13,0.808,0.2259999999999999,22.31,11.58,14.58,26.16,25.24,14.32
745410,2024-06-09,2024,682998,L,663362,R,field_out,False,False,179.0,0.199,34.0,18.99,21.0,11.73,0.597,0.10199999999999998,20.93,9.28,16.49,25.77,26.03,19.77,472.0,0.286,105.0,22.25,46.0,9.75,0.921,0.266,22.34,10.24,16.27,26.51,28.83,21.92,146.0,0.282,33.0,22.6,12.0,8.22,0.813,0.18400000000000005,18.82,8.18,19.59,27.77,24.14,20.12,85.0,0.267,12.0,14.12,9.0,10.59,0.794,0.186,18.24,7.96,19.47,27.43,22.36,12.63
745410,2024-06-09,2024,664983,L,663362,R,field_out,False,False,128.0,0.229,25.0,19.53,12.0,9.38,0.6739999999999999,0.11999999999999997,21.62,10.08,16.39,26.47,26.23,17.48,230.0,0.255,51.0,22.17,17.0,7.39,0.643,0.072,22.4,11.76,13.9,25.65,32.76,19.39,146.0,0.282,33.0,22.6,12.0,8.22,0.813,0.18400000000000005,18.82,8.18,19.59,27.77,24.14,20.12,85.0,0.267,12.0,14.12,9.0,10.59,0.794,0.186,18.24,7.96,19.47,27.43,22.36,12.63
745410,2024-06-09,2024,592626,L,663362,R,field_out,False,False,168.0,0.284,42.0,25.0,18.0,10.71,0.858,0.198,24.85,11.51,17.19,28.69,28.53,20.19,373.0,0.241,74.0,19.84,49.0,13.14,0.786,0.194,24.13,10.89,15.07,25.96,29.36,16.09,146.0,0.282,33.0,22.6,12.0,8.22,0.813,0.18400000000000005,18.82,8.18,19.59,27.77,24.14,20.12,85.0,0.267,12.0,14.12,9.0,10.59,0.794,0.186,18.24,7.96,19.47,27.43,22.36,12.63
745410,2024-06-09,2024,650333,L,669194,R,field_out,False,False,173.0,0.374,5.0,2.89,7.0,4.05,0.867,0.09200000000000003,6.64,3.16,19.43,22.59,33.84,3.33,479.0,0.362,17.0,3.55,31.0,6.47,0.891,0.122,6.51,3.2,16.58,19.78,31.29,4.11,124.0,0.252,16.0,12.9,8.0,6.45,0.75,0.2,13.2,6.63,15.66,22.29,31.33,9.58,304.0,0.294,42.0,13.82,33.0,10.86,0.896,0.237,18.17,8.64,15.1,23.74,25.09,12.03
745410,2024-06-09,2024,665487,R,669194,R,double,False,False,201.0,0.302,37.0,18.41,9.0,4.48,0.8620000000000001,0.22200000000000003,25.89,14.09,11.57,25.67,31.23,22.29,489.0,0.244,114.0,23.31,37.0,7.57,0.728,0.181,31.62,17.66,8.94,26.61,34.25,23.98,112.0,0.406,17.0,15.18,9.0,8.04,1.079,0.21799999999999997,22.12,11.17,13.83,25.0,26.11,13.49,315.0,0.276,54.0,17.14,13.0,4.13,0.808,0.2259999999999999,22.31,11.58,14.58,26.16,25.24,14.32
745410,2024-06-09,2024,595777,L,669194,R,walk,False,True,187.0,0.321,31.0,16.58,24.0,12.83,0.9059999999999999,0.16599999999999998,17.0,7.71,14.64,22.35,22.62,13.22,375.0,0.229,68.0,18.13,37.0,9.87,0.6559999999999999,0.1159999999999999,21.66,10.43,14.17,24.61,26.12,14.59,124.0,0.252,16.0,12.9,8.0,6.45,0.75,0.2,13.2,6.63,15.66,22.29,31.33,9.58,304.0,0.294,42.0,13.82,33.0,10.86,0.896,0.237,18.17,8.64,15.1,23.74,25.09,12.03
745410,2024-06-09,2024,630105,L,663531,L,home_run,False,False,80.0,0.216,15.0,18.75,5.0,6.25,0.573,0.095,16.67,7.95,14.98,22.94,21.05,14.85,156.0,0.229,38.0,24.36,10.0,6.41,0.665,0.1349999999999999,18.48,9.0,20.1,29.1,30.82,17.84,47.0,0.333,7.0,14.89,2.0,4.26,0.838,0.14299999999999996,23.75,12.26,20.65,32.9,21.43,17.07,,,,,,,,,,,,,,
745410,2024-06-09,2024,456781,R,663531,L,field_out,False,False,42.0,0.342,5.0,11.9,4.0,9.52,0.879,0.13199999999999995,20.25,8.65,20.54,29.19,24.73,8.47,153.0,0.286,32.0,20.92,11.0,7.19,0.746,0.114,24.12,11.77,18.21,29.98,32.04,14.35,81.0,0.25,14.0,17.28,8.0,9.88,0.708,0.125,17.65,8.57,11.43,20.0,21.74,16.47,,,,,,,,,,,,,,
745410,2024-06-09,2024,444482,L,663531,L,double,False,False,2.0,1.0,0.0,0.0,0.0,0.0,3.0,1.0,0.0,0.0,30.0,30.0,0.0,0.0,36.0,0.314,9.0,25.0,1.0,2.78,0.676,0.029,26.87,14.88,14.05,28.93,41.07,25.0,47.0,0.333,7.0,14.89,2.0,4.26,0.838,0.14299999999999996,23.75,12.26,20.65,32.9,21.43,17.07,,,,,,,,,,,,,,
745410,2024-06-09,2024,701538,L,663531,L,double,False,False,60.0,0.214,7.0,11.67,3.0,5.0,0.482,0.018000000000000016,18.92,9.81,14.95,24.77,28.71,12.28,,,,,,,,,,,,,,,47.0,0.333,7.0,14.89,2.0,4.26,0.838,0.14299999999999996,23.75,12.26,20.65,32.9,21.43,17.07,,,,,,,,,,,,,,
745410,2024-06-09,2024,673490,R,663531,L,field_out,False,False,75.0,0.197,10.0,13.33,8.0,10.67,0.663,0.182,14.06,5.94,21.12,27.06,17.56,11.24,191.0,0.302,30.0,15.71,20.0,10.47,0.897,0.219,15.84,6.63,22.21,28.83,23.47,11.49,81.0,0.25,14.0,17.28,8.0,9.88,0.708,0.125,17.65,8.57,11.43,20.0,21.74,16.47,,,,,,,,,,,,,,
745410,2024-06-09,2024,572233,R,663362,R,double,False,False,200.0,0.244,46.0,23.0,25.0,12.5,0.8029999999999999,0.21400000000000002,25.93,12.47,13.18,25.65,25.34,16.43,497.0,0.259,95.0,19.11,42.0,8.45,0.8009999999999999,0.2129999999999999,26.19,12.83,14.15,26.98,26.84,15.33,147.0,0.197,35.0,23.81,9.0,6.12,0.53,0.08799999999999997,23.08,10.96,17.04,28.0,22.46,18.92,88.0,0.224,19.0,21.59,3.0,3.41,0.756,0.282,19.54,10.18,14.07,24.25,29.3,18.45
745410,2024-06-09,2024,666971,R,663362,R,single,False,False,179.0,0.208,33.0,18.44,9.0,5.03,0.5900000000000001,0.12500000000000003,20.93,10.64,15.81,26.44,32.02,16.34,433.0,0.247,85.0,19.63,21.0,4.85,0.756,0.22,20.07,9.99,16.64,26.63,31.06,17.82,147.0,0.197,35.0,23.81,9.0,6.12,0.53,0.08799999999999997,23.08,10.96,17.04,28.0,22.46,18.92,88.0,0.224,19.0,21.59,3.0,3.41,0.756,0.282,19.54,10.18,14.07,24.25,29.3,18.45
745410,2024-06-09,2024,677942,R,663362,R,walk,False,True,73.0,0.239,18.0,24.66,6.0,8.22,0.614,0.07400000000000001,28.89,14.44,14.44,28.89,35.21,22.22,,,,,,,,,,,,,,,147.0,0.197,35.0,23.81,9.0,6.12,0.53,0.08799999999999997,23.08,10.96,17.04,28.0,22.46,18.92,88.0,0.224,19.0,21.59,3.0,3.41,0.756,0.282,19.54,10.18,14.07,24.25,29.3,18.45
745410,2024-06-09,2024,553993,R,663362,R,single,False,False,181.0,0.194,50.0,27.62,9.0,4.97,0.5820000000000001,0.139,30.51,14.86,15.41,30.26,27.98,22.62,537.0,0.227,161.0,29.98,48.0,8.94,0.706,0.167,32.3,14.54,16.91,31.45,23.96,22.87,147.0,0.197,35.0,23.81,9.0,6.12,0.53,0.08799999999999997,23.08,10.96,17.04,28.0,22.46,18.92,88.0,0.224,19.0,21.59,3.0,3.41,0.756,0.282,19.54,10.18,14.07,24.25,29.3,18.45
745410,2024-06-09,2024,621028,R,663362,R,field_out,False,False,100.0,0.228,18.0,18.0,6.0,6.0,0.591,0.087,21.25,9.83,20.23,30.06,24.26,20.69,143.0,0.234,18.0,12.59,7.0,4.9,0.571,0.0549999999999999,15.29,7.27,19.84,27.11,26.2,13.04,147.0,0.197,35.0,23.81,9.0,6.12,0.53,0.08799999999999997,23.08,10.96,17.04,28.0,22.46,18.92,88.0,0.224,19.0,21.59,3.0,3.41,0.756,0.282,19.54,10.18,14.07,24.25,29.3,18.45
745410,2024-06-09,2024,571466,L,663362,R,force_out,False,False,49.0,0.162,15.0,30.61,11.0,22.45,0.5429999999999999,0.026999999999999996,27.16,10.58,17.79,28.37,18.69,23.81,106.0,0.191,33.0,31.13,10.0,9.43,0.508,0.043,24.64,11.67,18.08,29.75,29.3,20.75,146.0,0.282,33.0,22.6,12.0,8.22,0.813,0.18400000000000005,18.82,8.18,19.59,27.77,24.14,20.12,85.0,0.267,12.0,14.12,9.0,10.59,0.794,0.186,18.24,7.96,19.47,27.43,22.36,12.63
745410,2024-06-09,2024,682998,L,663362,R,field_out,False,False,179.0,0.199,34.0,18.99,21.0,11.73,0.597,0.10199999999999998,20.93,9.28,16.49,25.77,26.03,19.77,472.0,0.286,105.0,22.25,46.0,9.75,0.921,0.266,22.34,10.24,16.27,26.51,28.83,21.92,146.0,0.282,33.0,22.6,12.0,8.22,0.813,0.18400000000000005,18.82,8.18,19.59,27.77,24.14,20.12,85.0,0.267,12.0,14.12,9.0,10.59,0.794,0.186,18.24,7.96,19.47,27.43,22.36,12.63
745410,2024-06-09,2024,543309,R,663531,L,single,False,False,27.0,0.154,10.0,37.04,1.0,3.7,0.454,0.11500000000000002,30.91,16.04,17.92,33.96,32.0,26.32,69.0,0.242,21.0,30.43,2.0,2.9,0.776,0.273,28.06,14.13,16.67,30.8,33.33,22.83,81.0,0.25,14.0,17.28,8.0,9.88,0.708,0.125,17.65,8.57,11.43,20.0,21.74,16.47,,,,,,,,,,,,,,
745410,2024-06-09,2024,650333,L,663531,L,single,False,False,116.0,0.28,12.0,10.34,5.0,4.31,0.644,0.02799999999999997,13.02,5.95,19.52,25.48,31.75,12.0,138.0,0.326,17.0,12.32,4.0,2.9,0.76,0.0909999999999999,12.5,6.61,16.32,22.93,33.48,12.88,47.0,0.333,7.0,14.89,2.0,4.26,0.838,0.14299999999999996,23.75,12.26,20.65,32.9,21.43,17.07,,,,,,,,,,,,,,
745410,2024-06-09,2024,665487,R,663531,L,strikeout,True,False,88.0,0.217,22.0,25.0,17.0,19.32,0.6759999999999999,0.07299999999999998,25.66,10.66,15.03,25.68,20.71,18.33,146.0,0.305,27.0,18.49,16.0,10.96,0.915,0.226,26.9,13.07,10.55,23.62,26.91,14.44,81.0,0.25,14.0,17.28,8.0,9.88,0.708,0.125,17.65,8.57,11.43,20.0,21.74,16.47,,,,,,,,,,,,,,
745410,2024-06-09,2024,595777,R,663531,L,walk,False,True,80.0,0.333,7.0,8.75,10.0,12.5,0.94,0.189,16.3,7.12,16.18,23.3,23.18,6.67,147.0,0.275,22.0,14.97,13.0,8.84,0.774,0.1519999999999999,15.44,6.84,17.44,24.27,22.81,13.33,81.0,0.25,14.0,17.28,8.0,9.88,0.708,0.125,17.65,8.57,11.43,20.0,21.74,16.47,,,,,,,,,,,,,,
745410,2024-06-09,2024,630105,L,663531,L,single,False,False,80.0,0.216,15.0,18.75,5.0,6.25,0.573,0.095,16.67,7.95,14.98,22.94,21.05,14.85,156.0,0.229,38.0,24.36,10.0,6.41,0.665,0.1349999999999999,18.48,9.0,20.1,29.1,30.82,17.84,47.0,0.333,7.0,14.89,2.0,4.26,0.838,0.14299999999999996,23.75,12.26,20.65,32.9,21.43,17.07,,,,,,,,,,,,,,
745410,2024-06-09,2024,456781,R,600986,R,sac_fly,False,False,33.0,0.31,5.0,15.15,1.0,3.03,0.709,0.034999999999999976,10.0,4.58,22.9,27.48,20.0,10.64,297.0,0.28,68.0,22.9,29.0,9.76,0.766,0.1059999999999999,26.06,12.14,17.61,29.74,28.81,17.48,67.0,0.321,15.0,22.39,8.0,11.94,0.992,0.26799999999999996,23.85,10.0,20.38,30.38,28.24,21.43,6.0,0.0,1.0,16.67,1.0,16.67,0.167,0.0,25.0,11.11,16.67,27.78,33.33,50.0
745410,2024-06-09,2024,444482,L,600986,R,double,False,False,32.0,0.214,7.0,21.88,3.0,9.38,0.54,0.036000000000000004,28.95,16.67,9.85,26.52,38.81,12.77,387.0,0.253,63.0,16.28,19.0,4.91,0.6739999999999999,0.131,22.16,12.01,13.06,25.07,33.57,15.04,52.0,0.238,11.0,21.15,9.0,17.31,0.885,0.262,27.88,12.08,15.0,27.08,23.97,14.67,4.0,0.0,1.0,25.0,0.0,0.0,0.0,0.0,23.08,16.67,11.11,27.78,50.0,12.5
745410,2024-06-09,2024,701538,L,600986,R,strikeout,True,False,160.0,0.295,25.0,15.62,9.0,5.62,0.738,0.10800000000000004,17.24,9.45,13.75,23.2,37.15,13.37,,,,,,,,,,,,,,,52.0,0.238,11.0,21.15,9.0,17.31,0.885,0.262,27.88,12.08,15.0,27.08,23.97,14.67,4.0,0.0,1.0,25.0,0.0,0.0,0.0,0.0,23.08,16.67,11.11,27.78,50.0,12.5
745410,2024-06-09,2024,664983,L,663362,R,walk,False,True,128.0,0.229,25.0,19.53,12.0,9.38,0.6739999999999999,0.11999999999999997,21.62,10.08,16.39,26.47,26.23,17.48,230.0,0.255,51.0,22.17,17.0,7.39,0.643,0.072,22.4,11.76,13.9,25.65,32.76,19.39,146.0,0.282,33.0,22.6,12.0,8.22,0.813,0.18400000000000005,18.82,8.18,19.59,27.77,24.14,20.12,85.0,0.267,12.0,14.12,9.0,10.59,0.794,0.186,18.24,7.96,19.47,27.43,22.36,12.63
745410,2024-06-09,2024,592626,L,663362,R,field_out,False,False,168.0,0.284,42.0,25.0,18.0,10.71,0.858,0.198,24.85,11.51,17.19,28.69,28.53,20.19,373.0,0.241,74.0,19.84,49.0,13.14,0.786,0.194,24.13,10.89,15.07,25.96,29.36,16.09,146.0,0.282,33.0,22.6,12.0,8.22,0.813,0.18400000000000005,18.82,8.18,19.59,27.77,24.14,20.12,85.0,0.267,12.0,14.12,9.0,10.59,0.794,0.186,18.24,7.96,19.47,27.43,22.36,12.63
745410,2024-06-09,2024,572233,R,663362,R,field_out,False,False,200.0,0.244,46.0,23.0,25.0,12.5,0.8029999999999999,0.21400000000000002,25.93,12.47,13.18,25.65,25.34,16.43,497.0,0.259,95.0,19.11,42.0,8.45,0.8009999999999999,0.2129999999999999,26.19,12.83,14.15,26.98,26.84,15.33,147.0,0.197,35.0,23.81,9.0,6.12,0.53,0.08799999999999997,23.08,10.96,17.04,28.0,22.46,18.92,88.0,0.224,19.0,21.59,3.0,3.41,0.756,0.282,19.54,10.18,14.07,24.25,29.3,18.45
745410,2024-06-09,2024,666971,R,663362,R,field_out,False,False,179.0,0.208,33.0,18.44,9.0,5.03,0.5900000000000001,0.12500000000000003,20.93,10.64,15.81,26.44,32.02,16.34,433.0,0.247,85.0,19.63,21.0,4.85,0.756,0.22,20.07,9.99,16.64,26.63,31.06,17.82,147.0,0.197,35.0,23.81,9.0,6.12,0.53,0.08799999999999997,23.08,10.96,17.04,28.0,22.46,18.92,88.0,0.224,19.0,21.59,3.0,3.41,0.756,0.282,19.54,10.18,14.07,24.25,29.3,18.45
745410,2024-06-09,2024,673490,R,600986,R,field_out,False,False,183.0,0.245,33.0,18.03,27.0,14.75,0.7929999999999999,0.187,18.12,6.43,24.29,30.72,17.71,13.2,435.0,0.241,94.0,21.61,55.0,12.64,0.681,0.1,18.8,7.03,23.65,30.68,19.23,15.59,67.0,0.321,15.0,22.39,8.0,11.94,0.992,0.26799999999999996,23.85,10.0,20.38,30.38,28.24,21.43,6.0,0.0,1.0,16.67,1.0,16.67,0.167,0.0,25.0,11.11,16.67,27.78,33.33,50.0
745410,2024-06-09,2024,543309,R,600986,R,home_run,False,False,35.0,0.2,13.0,37.14,0.0,0.0,0.714,0.314,24.64,12.5,23.53,36.03,36.84,26.53,192.0,0.233,53.0,27.6,12.0,6.25,0.654,0.142,28.81,14.15,17.01,31.16,30.17,24.88,67.0,0.321,15.0,22.39,8.0,11.94,0.992,0.26799999999999996,23.85,10.0,20.38,30.38,28.24,21.43,6.0,0.0,1.0,16.67,1.0,16.67,0.167,0.0,25.0,11.11,16.67,27.78,33.33,50.0
745410,2024-06-09,2024,650333,L,600986,R,field_out,False,False,173.0,0.374,5.0,2.89,7.0,4.05,0.867,0.09200000000000003,6.64,3.16,19.43,22.59,33.84,3.33,479.0,0.362,17.0,3.55,31.0,6.47,0.891,0.122,6.51,3.2,16.58,19.78,31.29,4.11,52.0,0.238,11.0,21.15,9.0,17.31,0.885,0.262,27.88,12.08,15.0,27.08,23.97,14.67,4.0,0.0,1.0,25.0,0.0,0.0,0.0,0.0,23.08,16.67,11.11,27.78,50.0,12.5
745410,2024-06-09,2024,665487,R,600986,R,field_out,False,False,201.0,0.302,37.0,18.41,9.0,4.48,0.8620000000000001,0.22200000000000003,25.89,14.09,11.57,25.67,31.23,22.29,489.0,0.244,114.0,23.31,37.0,7.57,0.728,0.181,31.62,17.66,8.94,26.61,34.25,23.98,67.0,0.321,15.0,22.39,8.0,11.94,0.992,0.26799999999999996,23.85,10.0,20.38,30.38,28.24,21.43,6.0,0.0,1.0,16.67,1.0,16.67,0.167,0.0,25.0,11.11,16.67,27.78,33.33,50.0
745410,2024-06-09,2024,677942,R,663568,R,field_out,False,False,73.0,0.239,18.0,24.66,6.0,8.22,0.614,0.07400000000000001,28.89,14.44,14.44,28.89,35.21,22.22,,,,,,,,,,,,,,,78.0,0.375,13.0,16.67,5.0,6.41,1.006,0.20799999999999996,22.52,11.37,15.72,27.09,24.06,14.61,,,,,,,,,,,,,,
745410,2024-06-09,2024,553993,R,663568,R,walk,False,True,181.0,0.194,50.0,27.62,9.0,4.97,0.5820000000000001,0.139,30.51,14.86,15.41,30.26,27.98,22.62,537.0,0.227,161.0,29.98,48.0,8.94,0.706,0.167,32.3,14.54,16.91,31.45,23.96,22.87,78.0,0.375,13.0,16.67,5.0,6.41,1.006,0.20799999999999996,22.52,11.37,15.72,27.09,24.06,14.61,,,,,,,,,,,,,,
745410,2024-06-09,2024,621028,R,663568,R,field_out,False,False,100.0,0.228,18.0,18.0,6.0,6.0,0.591,0.087,21.25,9.83,20.23,30.06,24.26,20.69,143.0,0.234,18.0,12.59,7.0,4.9,0.571,0.0549999999999999,15.29,7.27,19.84,27.11,26.2,13.04,78.0,0.375,13.0,16.67,5.0,6.41,1.006,0.20799999999999996,22.52,11.37,15.72,27.09,24.06,14.61,,,,,,,,,,,,,,
745410,2024-06-09,2024,571466,L,663568,R,strikeout,True,False,49.0,0.162,15.0,30.61,11.0,22.45,0.5429999999999999,0.026999999999999996,27.16,10.58,17.79,28.37,18.69,23.81,106.0,0.191,33.0,31.13,10.0,9.43,0.508,0.043,24.64,11.67,18.08,29.75,29.3,20.75,44.0,0.214,10.0,22.73,2.0,4.55,0.488,0.023999999999999994,16.05,8.33,19.87,28.21,31.75,20.0,,,,,,,,,,,,,,
745410,2024-06-09,2024,640492,R,543518,R,field_out,False,False,30.0,0.222,8.0,26.67,3.0,10.0,0.5589999999999999,0.037000000000000005,32.35,18.64,11.86,30.51,46.15,18.6,48.0,0.286,12.0,25.0,3.0,6.25,0.824,0.19,25.0,13.1,18.45,31.55,43.33,22.64,47.0,0.31,6.0,12.77,3.0,6.38,0.9590000000000001,0.309,27.47,14.79,10.06,24.85,28.92,13.04,162.0,0.28,46.0,28.4,17.0,10.49,0.876,0.244,32.11,16.06,15.44,31.5,34.25,22.89
745410,2024-06-09,2024,630105,L,543518,R,strikeout,True,False,191.0,0.269,31.0,16.23,16.0,8.38,0.8300000000000001,0.22199999999999998,17.85,8.22,17.23,25.46,23.31,13.19,367.0,0.23,59.0,16.08,36.0,9.81,0.7,0.154,14.92,6.99,16.69,23.68,24.61,14.08,28.0,0.25,5.0,17.86,7.0,25.0,0.7789999999999999,0.09999999999999998,27.27,10.26,18.8,29.06,18.03,17.24,140.0,0.163,40.0,28.57,13.0,9.29,0.593,0.178,31.92,14.09,17.15,31.24,28.75,21.62
745410,2024-06-09,2024,456781,R,543518,R,field_out,False,False,33.0,0.31,5.0,15.15,1.0,3.03,0.709,0.034999999999999976,10.0,4.58,22.9,27.48,20.0,10.64,297.0,0.28,68.0,22.9,29.0,9.76,0.766,0.1059999999999999,26.06,12.14,17.61,29.74,28.81,17.48,47.0,0.31,6.0,12.77,3.0,6.38,0.9590000000000001,0.309,27.47,14.79,10.06,24.85,28.92,13.04,162.0,0.28,46.0,28.4,17.0,10.49,0.876,0.244,32.11,16.06,15.44,31.5,34.25,22.89
745410,2024-06-09,2024,682998,L,663568,R,single,False,False,179.0,0.199,34.0,18.99,21.0,11.73,0.597,0.10199999999999998,20.93,9.28,16.49,25.77,26.03,19.77,472.0,0.286,105.0,22.25,46.0,9.75,0.921,0.266,22.34,10.24,16.27,26.51,28.83,21.92,44.0,0.214,10.0,22.73,2.0,4.55,0.488,0.023999999999999994,16.05,8.33,19.87,28.21,31.75,20.0,,,,,,,,,,,,,,
745410,2024-06-09,2024,664983,L,663568,R,strikeout,True,False,128.0,0.229,25.0,19.53,12.0,9.38,0.6739999999999999,0.11999999999999997,21.62,10.08,16.39,26.47,26.23,17.48,230.0,0.255,51.0,22.17,17.0,7.39,0.643,0.072,22.4,11.76,13.9,25.65,32.76,19.39,44.0,0.214,10.0,22.73,2.0,4.55,0.488,0.023999999999999994,16.05,8.33,19.87,28.21,31.75,20.0,,,,,,,,,,,,,,
745410,2024-06-09,2024,656976,L,663568,R,strikeout,True,False,56.0,0.255,9.0,16.07,4.0,7.14,0.755,0.196,18.29,7.58,19.19,26.77,16.84,16.33,186.0,0.196,33.0,17.74,31.0,16.67,0.681,0.1499999999999999,18.87,7.59,19.04,26.63,22.88,16.84,44.0,0.214,10.0,22.73,2.0,4.55,0.488,0.023999999999999994,16.05,8.33,19.87,28.21,31.75,20.0,,,,,,,,,,,,,,
745410,2024-06-09,2024,572233,R,663568,R,field_out,False,False,200.0,0.244,46.0,23.0,25.0,12.5,0.8029999999999999,0.21400000000000002,25.93,12.47,13.18,25.65,25.34,16.43,497.0,0.259,95.0,19.11,42.0,8.45,0.8009999999999999,0.2129999999999999,26.19,12.83,14.15,26.98,26.84,15.33,78.0,0.375,13.0,16.67,5.0,6.41,1.006,0.20799999999999996,22.52,11.37,15.72,27.09,24.06,14.61,,,,,,,,,,,,,,
745410,2024-06-09,2024,444482,L,656976,L,hit_by_pitch,False,False,2.0,1.0,0.0,0.0,0.0,0.0,3.0,1.0,0.0,0.0,30.0,30.0,0.0,0.0,36.0,0.314,9.0,25.0,1.0,2.78,0.676,0.029,26.87,14.88,14.05,28.93,41.07,25.0,3.0,0.0,0.0,0.0,1.0,33.33,0.667,0.0,0.0,0.0,18.18,18.18,11.11,,,,,,,,,,,,,,,
745410,2024-06-09,2024,701538,L,656976,L,walk,False,True,60.0,0.214,7.0,11.67,3.0,5.0,0.482,0.018000000000000016,18.92,9.81,14.95,24.77,28.71,12.28,,,,,,,,,,,,,,,3.0,0.0,0.0,0.0,1.0,33.33,0.667,0.0,0.0,0.0,18.18,18.18,11.11,,,,,,,,,,,,,,,
745410,2024-06-09,2024,673490,R,656976,L,field_out,False,False,75.0,0.197,10.0,13.33,8.0,10.67,0.663,0.182,14.06,5.94,21.12,27.06,17.56,11.24,191.0,0.302,30.0,15.71,20.0,10.47,0.897,0.219,15.84,6.63,22.21,28.83,23.47,11.49,2.0,0.0,0.0,0.0,0.0,0.0,0.0,0.0,0.0,0.0,33.33,33.33,50.0,0.0,,,,,,,,,,,,,,
745410,2024-06-09,2024,543309,R,656976,L,field_error,False,False,27.0,0.154,10.0,37.04,1.0,3.7,0.454,0.11500000000000002,30.91,16.04,17.92,33.96,32.0,26.32,69.0,0.242,21.0,30.43,2.0,2.9,0.776,0.273,28.06,14.13,16.67,30.8,33.33,22.83,2.0,0.0,0.0,0.0,0.0,0.0,0.0,0.0,0.0,0.0,33.33,33.33,50.0,0.0,,,,,,,,,,,,,,
745410,2024-06-09,2024,650333,L,656976,L,grounded_into_double_play,False,False,116.0,0.28,12.0,10.34,5.0,4.31,0.644,0.02799999999999997,13.02,5.95,19.52,25.48,31.75,12.0,138.0,0.326,17.0,12.32,4.0,2.9,0.76,0.0909999999999999,12.5,6.61,16.32,22.93,33.48,12.88,3.0,0.0,0.0,0.0,1.0,33.33,0.667,0.0,0.0,0.0,18.18,18.18,11.11,,,,,,,,,,,,,,,
745410,2024-06-09,2024,666971,R,666745,R,single,False,False,179.0,0.208,33.0,18.44,9.0,5.03,0.5900000000000001,0.12500000000000003,20.93,10.64,15.81,26.44,32.02,16.34,433.0,0.247,85.0,19.63,21.0,4.85,0.756,0.22,20.07,9.99,16.64,26.63,31.06,17.82,76.0,0.306,6.0,7.89,4.0,5.26,0.661,0.013000000000000012,13.79,6.25,16.8,23.05,21.21,11.54,197.0,0.228,44.0,22.34,11.0,5.58,0.715,0.205,20.32,9.9,18.62,28.52,31.41,16.67
745410,2024-06-09,2024,677942,R,666745,R,field_out,False,False,73.0,0.239,18.0,24.66,6.0,8.22,0.614,0.07400000000000001,28.89,14.44,14.44,28.89,35.21,22.22,,,,,,,,,,,,,,,76.0,0.306,6.0,7.89,4.0,5.26,0.661,0.013000000000000012,13.79,6.25,16.8,23.05,21.21,11.54,197.0,0.228,44.0,22.34,11.0,5.58,0.715,0.205,20.32,9.9,18.62,28.52,31.41,16.67
745410,2024-06-09,2024,553993,R,666745,R,field_out,False,False,181.0,0.194,50.0,27.62,9.0,4.97,0.5820000000000001,0.139,30.51,14.86,15.41,30.26,27.98,22.62,537.0,0.227,161.0,29.98,48.0,8.94,0.706,0.167,32.3,14.54,16.91,31.45,23.96,22.87,76.0,0.306,6.0,7.89,4.0,5.26,0.661,0.013000000000000012,13.79,6.25,16.8,23.05,21.21,11.54,197.0,0.228,44.0,22.34,11.0,5.58,0.715,0.205,20.32,9.9,18.62,28.52,31.41,16.67
745410,2024-06-09,2024,621028,R,666745,R,field_out,False,False,100.0,0.228,18.0,18.0,6.0,6.0,0.591,0.087,21.25,9.83,20.23,30.06,24.26,20.69,143.0,0.234,18.0,12.59,7.0,4.9,0.571,0.0549999999999999,15.29,7.27,19.84,27.11,26.2,13.04,76.0,0.306,6.0,7.89,4.0,5.26,0.661,0.013000000000000012,13.79,6.25,16.8,23.05,21.21,11.54,197.0,0.228,44.0,22.34,11.0,5.58,0.715,0.205,20.32,9.9,18.62,28.52,31.41,16.67
745491,2024-06-09,2024,467793,L,683003,R,strikeout,True,False,163.0,0.197,25.0,15.34,18.0,11.04,0.639,0.14100000000000001,23.1,9.8,17.54,27.34,24.44,12.95,460.0,0.231,83.0,18.04,45.0,9.78,0.727,0.1899999999999999,23.76,11.0,14.32,25.31,24.63,16.21,136.0,0.228,43.0,31.62,8.0,5.88,0.7370000000000001,0.23700000000000002,35.03,19.81,12.31,32.12,34.3,27.27,,,,,,,,,,,,,,
745491,2024-06-09,2024,663616,L,683003,R,single,False,False,121.0,0.259,25.0,20.66,12.0,9.92,0.785,0.195,28.17,13.36,16.26,29.62,29.33,19.05,189.0,0.228,60.0,31.75,25.0,13.23,0.766,0.21,36.25,14.96,16.71,31.67,22.55,25.75,136.0,0.228,43.0,31.62,8.0,5.88,0.7370000000000001,0.23700000000000002,35.03,19.81,12.31,32.12,34.3,27.27,,,,,,,,,,,,,,
745491,2024-06-09,2024,621043,R,683003,R,single,False,False,141.0,0.27,30.0,21.28,16.0,11.35,0.8069999999999999,0.189,21.7,9.38,20.59,29.96,27.66,19.23,444.0,0.224,112.0,25.23,42.0,9.46,0.69,0.164,26.37,11.3,19.9,31.19,27.0,21.72,141.0,0.2,33.0,23.4,7.0,4.96,0.604,0.15399999999999997,30.32,16.25,16.05,32.3,33.87,20.12,,,,,,,,,,,,,,
745491,2024-06-09,2024,596146,L,683003,R,walk,False,True,139.0,0.232,29.0,20.86,11.0,7.91,0.6970000000000001,0.168,23.83,11.81,13.24,25.04,26.96,16.48,394.0,0.263,84.0,21.32,37.0,9.39,0.8320000000000001,0.2339999999999999,19.92,9.32,15.49,24.81,24.75,18.14,136.0,0.228,43.0,31.62,8.0,5.88,0.7370000000000001,0.23700000000000002,35.03,19.81,12.31,32.12,34.3,27.27,,,,,,,,,,,,,,
745491,2024-06-09,2024,669304,R,683003,R,walk,False,True,118.0,0.273,19.0,16.1,4.0,3.39,0.772,0.191,19.9,9.69,18.2,27.9,34.08,19.0,120.0,0.207,18.0,15.0,8.0,6.67,0.5640000000000001,0.09,23.72,11.83,13.69,25.52,32.37,15.04,141.0,0.2,33.0,23.4,7.0,4.96,0.604,0.15399999999999997,30.32,16.25,16.05,32.3,33.87,20.12,,,,,,,,,,,,,,
745491,2024-06-09,2024,666135,L,683003,R,force_out,False,False,161.0,0.215,44.0,27.33,14.0,8.7,0.698,0.20199999999999999,30.17,14.71,16.36,31.07,30.45,25.73,264.0,0.3,63.0,23.86,24.0,9.09,0.858,0.185,26.95,12.66,17.1,29.76,32.56,21.58,136.0,0.228,43.0,31.62,8.0,5.88,0.7370000000000001,0.23700000000000002,35.03,19.81,12.31,32.12,34.3,27.27,,,,,,,,,,,,,,
745491,2024-06-09,2024,621439,R,683003,R,field_out,False,False,115.0,0.226,35.0,30.43,5.0,4.35,0.6080000000000001,0.10400000000000001,34.71,18.71,12.25,30.96,36.4,23.18,257.0,0.217,80.0,31.13,26.0,10.12,0.767,0.243,29.69,15.03,12.96,27.99,29.53,25.0,141.0,0.2,33.0,23.4,7.0,4.96,0.604,0.15399999999999997,30.32,16.25,16.05,32.3,33.87,20.12,,,,,,,,,,,,,,
745491,2024-06-09,2024,457705,R,641927,R,strikeout,True,False,153.0,0.243,39.0,25.49,15.0,9.8,0.702,0.132,31.43,13.75,17.81,31.56,18.47,20.21,312.0,0.254,72.0,23.08,49.0,15.71,0.767,0.137,28.77,12.06,17.2,29.26,17.59,17.52,139.0,0.262,35.0,25.18,8.0,5.76,0.8320000000000001,0.261,24.74,12.83,14.8,27.63,32.29,17.33,286.0,0.236,83.0,29.02,12.0,4.2,0.7350000000000001,0.221,32.64,17.53,12.37,29.9,34.21,19.48
745491,2024-06-09,2024,668804,L,641927,R,strikeout,True,False,194.0,0.25,39.0,20.1,20.0,10.31,0.72,0.14,27.81,12.52,15.58,28.1,25.99,18.22,438.0,0.252,94.0,21.46,45.0,10.27,0.821,0.2309999999999999,28.75,13.22,13.73,26.95,24.9,18.49,115.0,0.194,25.0,21.74,8.0,6.96,0.62,0.16499999999999998,26.73,12.8,17.66,30.46,29.78,16.45,293.0,0.228,63.0,21.5,17.0,5.8,0.629,0.1209999999999999,24.59,12.9,15.05,27.94,33.04,15.98
745491,2024-06-09,2024,656582,R,641927,R,field_out,False,False,139.0,0.25,30.0,21.58,13.0,9.35,0.726,0.14500000000000002,24.56,10.59,19.47,30.06,23.26,20.41,279.0,0.235,70.0,25.09,27.0,9.68,0.72,0.166,22.25,8.9,20.93,29.83,20.67,18.23,139.0,0.262,35.0,25.18,8.0,5.76,0.8320000000000001,0.261,24.74,12.83,14.8,27.63,32.29,17.33,286.0,0.236,83.0,29.02,12.0,4.2,0.7350000000000001,0.221,32.64,17.53,12.37,29.9,34.21,19.48
745491,2024-06-09,2024,680777,R,683003,R,double,False,False,151.0,0.236,33.0,21.85,12.0,7.95,0.829,0.26,24.05,10.52,19.03,29.55,27.59,18.93,242.0,0.281,70.0,28.93,19.0,7.85,0.8280000000000001,0.186,29.53,13.79,18.6,32.39,32.19,21.28,141.0,0.2,33.0,23.4,7.0,4.96,0.604,0.15399999999999997,30.32,16.25,16.05,32.3,33.87,20.12,,,,,,,,,,,,,,
745491,2024-06-09,2024,650489,L,683003,R,walk,False,True,184.0,0.22,43.0,23.37,18.0,9.78,0.692,0.151,27.14,12.89,15.33,28.22,28.75,19.46,280.0,0.266,73.0,26.07,23.0,8.21,0.8029999999999999,0.189,28.16,14.39,15.31,29.7,34.97,21.1,136.0,0.228,43.0,31.62,8.0,5.88,0.7370000000000001,0.23700000000000002,35.03,19.81,12.31,32.12,34.3,27.27,,,,,,,,,,,,,,
745491,2024-06-09,2024,467793,L,683003,R,field_out,False,False,163.0,0.197,25.0,15.34,18.0,11.04,0.639,0.14100000000000001,23.1,9.8,17.54,27.34,24.44,12.95,460.0,0.231,83.0,18.04,45.0,9.78,0.727,0.1899999999999999,23.76,11.0,14.32,25.31,24.63,16.21,136.0,0.228,43.0,31.62,8.0,5.88,0.7370000000000001,0.23700000000000002,35.03,19.81,12.31,32.12,34.3,27.27,,,,,,,,,,,,,,
745491,2024-06-09,2024,663616,L,683003,R,field_out,False,False,121.0,0.259,25.0,20.66,12.0,9.92,0.785,0.195,28.17,13.36,16.26,29.62,29.33,19.05,189.0,0.228,60.0,31.75,25.0,13.23,0.766,0.21,36.25,14.96,16.71,31.67,22.55,25.75,136.0,0.228,43.0,31.62,8.0,5.88,0.7370000000000001,0.23700000000000002,35.03,19.81,12.31,32.12,34.3,27.27,,,,,,,,,,,,,,
745491,2024-06-09,2024,621043,R,683003,R,force_out,False,False,141.0,0.27,30.0,21.28,16.0,11.35,0.8069999999999999,0.189,21.7,9.38,20.59,29.96,27.66,19.23,444.0,0.224,112.0,25.23,42.0,9.46,0.69,0.164,26.37,11.3,19.9,31.19,27.0,21.72,141.0,0.2,33.0,23.4,7.0,4.96,0.604,0.15399999999999997,30.32,16.25,16.05,32.3,33.87,20.12,,,,,,,,,,,,,,
745491,2024-06-09,2024,665833,L,641927,R,single,False,False,175.0,0.294,57.0,32.57,15.0,8.57,0.873,0.22500000000000003,35.52,16.23,18.83,35.06,35.09,23.65,33.0,0.185,7.0,21.21,5.0,15.15,0.636,0.148,27.69,13.14,15.33,28.47,34.25,17.95,115.0,0.194,25.0,21.74,8.0,6.96,0.62,0.16499999999999998,26.73,12.8,17.66,30.46,29.78,16.45,293.0,0.228,63.0,21.5,17.0,5.8,0.629,0.1209999999999999,24.59,12.9,15.05,27.94,33.04,15.98
745491,2024-06-09,2024,693304,R,641927,R,grounded_into_double_play,False,False,71.0,0.302,16.0,22.54,4.0,5.63,0.835,0.19,27.22,14.53,11.82,26.35,32.03,16.0,86.0,0.234,21.0,24.42,3.0,3.49,0.638,0.1299999999999999,30.36,15.84,12.11,27.95,27.85,22.11,139.0,0.262,35.0,25.18,8.0,5.76,0.8320000000000001,0.261,24.74,12.83,14.8,27.63,32.29,17.33,286.0,0.236,83.0,29.02,12.0,4.2,0.7350000000000001,0.221,32.64,17.53,12.37,29.9,34.21,19.48
745491,2024-06-09,2024,642133,L,641927,R,double,False,False,139.0,0.211,26.0,18.71,9.0,6.47,0.5549999999999999,0.07799999999999999,21.43,9.12,20.75,29.87,25.19,19.4,300.0,0.223,73.0,24.33,29.0,9.67,0.69,0.173,22.22,8.47,23.11,31.59,24.77,19.95,115.0,0.194,25.0,21.74,8.0,6.96,0.62,0.16499999999999998,26.73,12.8,17.66,30.46,29.78,16.45,293.0,0.228,63.0,21.5,17.0,5.8,0.629,0.1209999999999999,24.59,12.9,15.05,27.94,33.04,15.98
745491,2024-06-09,2024,669707,R,641927,R,single,False,False,147.0,0.217,33.0,22.45,14.0,9.52,0.595,0.08499999999999999,25.09,12.29,15.99,28.28,28.33,15.0,144.0,0.301,43.0,29.86,18.0,12.5,0.786,0.089,33.87,14.74,17.72,32.46,24.23,24.57,139.0,0.262,35.0,25.18,8.0,5.76,0.8320000000000001,0.261,24.74,12.83,14.8,27.63,32.29,17.33,286.0,0.236,83.0,29.02,12.0,4.2,0.7350000000000001,0.221,32.64,17.53,12.37,29.9,34.21,19.48
745491,2024-06-09,2024,669261,L,641927,R,strikeout,True,False,138.0,0.158,32.0,23.19,17.0,12.32,0.5529999999999999,0.13399999999999998,23.19,10.83,14.74,25.58,22.06,18.29,404.0,0.232,117.0,28.96,61.0,15.1,0.857,0.271,29.06,11.36,18.81,30.17,17.6,22.37,115.0,0.194,25.0,21.74,8.0,6.96,0.62,0.16499999999999998,26.73,12.8,17.66,30.46,29.78,16.45,293.0,0.228,63.0,21.5,17.0,5.8,0.629,0.1209999999999999,24.59,12.9,15.05,27.94,33.04,15.98
745491,2024-06-09,2024,596146,L,683003,R,field_out,False,False,139.0,0.232,29.0,20.86,11.0,7.91,0.6970000000000001,0.168,23.83,11.81,13.24,25.04,26.96,16.48,394.0,0.263,84.0,21.32,37.0,9.39,0.8320000000000001,0.2339999999999999,19.92,9.32,15.49,24.81,24.75,18.14,136.0,0.228,43.0,31.62,8.0,5.88,0.7370000000000001,0.23700000000000002,35.03,19.81,12.31,32.12,34.3,27.27,,,,,,,,,,,,,,
745491,2024-06-09,2024,669304,R,683003,R,double,False,False,118.0,0.273,19.0,16.1,4.0,3.39,0.772,0.191,19.9,9.69,18.2,27.9,34.08,19.0,120.0,0.207,18.0,15.0,8.0,6.67,0.5640000000000001,0.09,23.72,11.83,13.69,25.52,32.37,15.04,141.0,0.2,33.0,23.4,7.0,4.96,0.604,0.15399999999999997,30.32,16.25,16.05,32.3,33.87,20.12,,,,,,,,,,,,,,
745491,2024-06-09,2024,666135,L,683003,R,fielders_choice_out,False,False,161.0,0.215,44.0,27.33,14.0,8.7,0.698,0.20199999999999999,30.17,14.71,16.36,31.07,30.45,25.73,264.0,0.3,63.0,23.86,24.0,9.09,0.858,0.185,26.95,12.66,17.1,29.76,32.56,21.58,136.0,0.228,43.0,31.62,8.0,5.88,0.7370000000000001,0.23700000000000002,35.03,19.81,12.31,32.12,34.3,27.27,,,,,,,,,,,,,,
745491,2024-06-09,2024,621439,R,683003,R,field_out,False,False,115.0,0.226,35.0,30.43,5.0,4.35,0.6080000000000001,0.10400000000000001,34.71,18.71,12.25,30.96,36.4,23.18,257.0,0.217,80.0,31.13,26.0,10.12,0.767,0.243,29.69,15.03,12.96,27.99,29.53,25.0,141.0,0.2,33.0,23.4,7.0,4.96,0.604,0.15399999999999997,30.32,16.25,16.05,32.3,33.87,20.12,,,,,,,,,,,,,,
745491,2024-06-09,2024,680779,R,641927,R,field_out,False,False,72.0,0.117,31.0,43.06,8.0,11.11,0.347,0.016,35.86,16.2,15.58,31.78,23.21,30.1,170.0,0.224,49.0,28.82,15.0,8.82,0.655,0.1309999999999999,29.33,13.02,18.05,31.07,30.65,26.2,139.0,0.262,35.0,25.18,8.0,5.76,0.8320000000000001,0.261,24.74,12.83,14.8,27.63,32.29,17.33,286.0,0.236,83.0,29.02,12.0,4.2,0.7350000000000001,0.221,32.64,17.53,12.37,29.9,34.21,19.48
745491,2024-06-09,2024,457705,R,641927,R,single,False,False,153.0,0.243,39.0,25.49,15.0,9.8,0.702,0.132,31.43,13.75,17.81,31.56,18.47,20.21,312.0,0.254,72.0,23.08,49.0,15.71,0.767,0.137,28.77,12.06,17.2,29.26,17.59,17.52,139.0,0.262,35.0,25.18,8.0,5.76,0.8320000000000001,0.261,24.74,12.83,14.8,27.63,32.29,17.33,286.0,0.236,83.0,29.02,12.0,4.2,0.7350000000000001,0.221,32.64,17.53,12.37,29.9,34.21,19.48
745491,2024-06-09,2024,668804,L,641927,R,grounded_into_double_play,False,False,194.0,0.25,39.0,20.1,20.0,10.31,0.72,0.14,27.81,12.52,15.58,28.1,25.99,18.22,438.0,0.252,94.0,21.46,45.0,10.27,0.821,0.2309999999999999,28.75,13.22,13.73,26.95,24.9,18.49,115.0,0.194,25.0,21.74,8.0,6.96,0.62,0.16499999999999998,26.73,12.8,17.66,30.46,29.78,16.45,293.0,0.228,63.0,21.5,17.0,5.8,0.629,0.1209999999999999,24.59,12.9,15.05,27.94,33.04,15.98
745491,2024-06-09,2024,680777,R,683003,R,field_out,False,False,151.0,0.236,33.0,21.85,12.0,7.95,0.829,0.26,24.05,10.52,19.03,29.55,27.59,18.93,242.0,0.281,70.0,28.93,19.0,7.85,0.8280000000000001,0.186,29.53,13.79,18.6,32.39,32.19,21.28,141.0,0.2,33.0,23.4,7.0,4.96,0.604,0.15399999999999997,30.32,16.25,16.05,32.3,33.87,20.12,,,,,,,,,,,,,,
745491,2024-06-09,2024,650489,L,683003,R,strikeout,True,False,184.0,0.22,43.0,23.37,18.0,9.78,0.692,0.151,27.14,12.89,15.33,28.22,28.75,19.46,280.0,0.266,73.0,26.07,23.0,8.21,0.8029999999999999,0.189,28.16,14.39,15.31,29.7,34.97,21.1,136.0,0.228,43.0,31.62,8.0,5.88,0.7370000000000001,0.23700000000000002,35.03,19.81,12.31,32.12,34.3,27.27,,,,,,,,,,,,,,
745491,2024-06-09,2024,467793,L,683003,R,strikeout,True,False,163.0,0.197,25.0,15.34,18.0,11.04,0.639,0.14100000000000001,23.1,9.8,17.54,27.34,24.44,12.95,460.0,0.231,83.0,18.04,45.0,9.78,0.727,0.1899999999999999,23.76,11.0,14.32,25.31,24.63,16.21,136.0,0.228,43.0,31.62,8.0,5.88,0.7370000000000001,0.23700000000000002,35.03,19.81,12.31,32.12,34.3,27.27,,,,,,,,,,,,,,
745491,2024-06-09,2024,656582,R,641927,R,strikeout,True,False,139.0,0.25,30.0,21.58,13.0,9.35,0.726,0.14500000000000002,24.56,10.59,19.47,30.06,23.26,20.41,279.0,0.235,70.0,25.09,27.0,9.68,0.72,0.166,22.25,8.9,20.93,29.83,20.67,18.23,139.0,0.262,35.0,25.18,8.0,5.76,0.8320000000000001,0.261,24.74,12.83,14.8,27.63,32.29,17.33,286.0,0.236,83.0,29.02,12.0,4.2,0.7350000000000001,0.221,32.64,17.53,12.37,29.9,34.21,19.48
745491,2024-06-09,2024,665833,L,641927,R,field_out,False,False,175.0,0.294,57.0,32.57,15.0,8.57,0.873,0.22500000000000003,35.52,16.23,18.83,35.06,35.09,23.65,33.0,0.185,7.0,21.21,5.0,15.15,0.636,0.148,27.69,13.14,15.33,28.47,34.25,17.95,115.0,0.194,25.0,21.74,8.0,6.96,0.62,0.16499999999999998,26.73,12.8,17.66,30.46,29.78,16.45,293.0,0.228,63.0,21.5,17.0,5.8,0.629,0.1209999999999999,24.59,12.9,15.05,27.94,33.04,15.98
745491,2024-06-09,2024,693304,R,641927,R,single,False,False,71.0,0.302,16.0,22.54,4.0,5.63,0.835,0.19,27.22,14.53,11.82,26.35,32.03,16.0,86.0,0.234,21.0,24.42,3.0,3.49,0.638,0.1299999999999999,30.36,15.84,12.11,27.95,27.85,22.11,139.0,0.262,35.0,25.18,8.0,5.76,0.8320000000000001,0.261,24.74,12.83,14.8,27.63,32.29,17.33,286.0,0.236,83.0,29.02,12.0,4.2,0.7350000000000001,0.221,32.64,17.53,12.37,29.9,34.21,19.48
745491,2024-06-09,2024,642133,L,641927,R,field_out,False,False,139.0,0.211,26.0,18.71,9.0,6.47,0.5549999999999999,0.07799999999999999,21.43,9.12,20.75,29.87,25.19,19.4,300.0,0.223,73.0,24.33,29.0,9.67,0.69,0.173,22.22,8.47,23.11,31.59,24.77,19.95,115.0,0.194,25.0,21.74,8.0,6.96,0.62,0.16499999999999998,26.73,12.8,17.66,30.46,29.78,16.45,293.0,0.228,63.0,21.5,17.0,5.8,0.629,0.1209999999999999,24.59,12.9,15.05,27.94,33.04,15.98
745491,2024-06-09,2024,663616,L,683003,R,field_out,False,False,121.0,0.259,25.0,20.66,12.0,9.92,0.785,0.195,28.17,13.36,16.26,29.62,29.33,19.05,189.0,0.228,60.0,31.75,25.0,13.23,0.766,0.21,36.25,14.96,16.71,31.67,22.55,25.75,136.0,0.228,43.0,31.62,8.0,5.88,0.7370000000000001,0.23700000000000002,35.03,19.81,12.31,32.12,34.3,27.27,,,,,,,,,,,,,,
745491,2024-06-09,2024,621043,R,683003,R,single,False,False,141.0,0.27,30.0,21.28,16.0,11.35,0.8069999999999999,0.189,21.7,9.38,20.59,29.96,27.66,19.23,444.0,0.224,112.0,25.23,42.0,9.46,0.69,0.164,26.37,11.3,19.9,31.19,27.0,21.72,141.0,0.2,33.0,23.4,7.0,4.96,0.604,0.15399999999999997,30.32,16.25,16.05,32.3,33.87,20.12,,,,,,,,,,,,,,
745491,2024-06-09,2024,596146,L,683003,R,single,False,False,139.0,0.232,29.0,20.86,11.0,7.91,0.6970000000000001,0.168,23.83,11.81,13.24,25.04,26.96,16.48,394.0,0.263,84.0,21.32,37.0,9.39,0.8320000000000001,0.2339999999999999,19.92,9.32,15.49,24.81,24.75,18.14,136.0,0.228,43.0,31.62,8.0,5.88,0.7370000000000001,0.23700000000000002,35.03,19.81,12.31,32.12,34.3,27.27,,,,,,,,,,,,,,
745491,2024-06-09,2024,669304,R,683003,R,field_out,False,False,118.0,0.273,19.0,16.1,4.0,3.39,0.772,0.191,19.9,9.69,18.2,27.9,34.08,19.0,120.0,0.207,18.0,15.0,8.0,6.67,0.5640000000000001,0.09,23.72,11.83,13.69,25.52,32.37,15.04,141.0,0.2,33.0,23.4,7.0,4.96,0.604,0.15399999999999997,30.32,16.25,16.05,32.3,33.87,20.12,,,,,,,,,,,,,,
745491,2024-06-09,2024,666135,L,683003,R,force_out,False,False,161.0,0.215,44.0,27.33,14.0,8.7,0.698,0.20199999999999999,30.17,14.71,16.36,31.07,30.45,25.73,264.0,0.3,63.0,23.86,24.0,9.09,0.858,0.185,26.95,12.66,17.1,29.76,32.56,21.58,136.0,0.228,43.0,31.62,8.0,5.88,0.7370000000000001,0.23700000000000002,35.03,19.81,12.31,32.12,34.3,27.27,,,,,,,,,,,,,,
745491,2024-06-09,2024,669707,R,641927,R,field_out,False,False,147.0,0.217,33.0,22.45,14.0,9.52,0.595,0.08499999999999999,25.09,12.29,15.99,28.28,28.33,15.0,144.0,0.301,43.0,29.86,18.0,12.5,0.786,0.089,33.87,14.74,17.72,32.46,24.23,24.57,139.0,0.262,35.0,25.18,8.0,5.76,0.8320000000000001,0.261,24.74,12.83,14.8,27.63,32.29,17.33,286.0,0.236,83.0,29.02,12.0,4.2,0.7350000000000001,0.221,32.64,17.53,12.37,29.9,34.21,19.48
745491,2024-06-09,2024,669261,L,641927,R,strikeout,True,False,138.0,0.158,32.0,23.19,17.0,12.32,0.5529999999999999,0.13399999999999998,23.19,10.83,14.74,25.58,22.06,18.29,404.0,0.232,117.0,28.96,61.0,15.1,0.857,0.271,29.06,11.36,18.81,30.17,17.6,22.37,115.0,0.194,25.0,21.74,8.0,6.96,0.62,0.16499999999999998,26.73,12.8,17.66,30.46,29.78,16.45,293.0,0.228,63.0,21.5,17.0,5.8,0.629,0.1209999999999999,24.59,12.9,15.05,27.94,33.04,15.98
745491,2024-06-09,2024,680779,R,641927,R,walk,False,True,72.0,0.117,31.0,43.06,8.0,11.11,0.347,0.016,35.86,16.2,15.58,31.78,23.21,30.1,170.0,0.224,49.0,28.82,15.0,8.82,0.655,0.1309999999999999,29.33,13.02,18.05,31.07,30.65,26.2,139.0,0.262,35.0,25.18,8.0,5.76,0.8320000000000001,0.261,24.74,12.83,14.8,27.63,32.29,17.33,286.0,0.236,83.0,29.02,12.0,4.2,0.7350000000000001,0.221,32.64,17.53,12.37,29.9,34.21,19.48
745491,2024-06-09,2024,457705,R,641927,R,walk,False,True,153.0,0.243,39.0,25.49,15.0,9.8,0.702,0.132,31.43,13.75,17.81,31.56,18.47,20.21,312.0,0.254,72.0,23.08,49.0,15.71,0.767,0.137,28.77,12.06,17.2,29.26,17.59,17.52,139.0,0.262,35.0,25.18,8.0,5.76,0.8320000000000001,0.261,24.74,12.83,14.8,27.63,32.29,17.33,286.0,0.236,83.0,29.02,12.0,4.2,0.7350000000000001,0.221,32.64,17.53,12.37,29.9,34.21,19.48
745491,2024-06-09,2024,668804,L,641927,R,double,False,False,194.0,0.25,39.0,20.1,20.0,10.31,0.72,0.14,27.81,12.52,15.58,28.1,25.99,18.22,438.0,0.252,94.0,21.46,45.0,10.27,0.821,0.2309999999999999,28.75,13.22,13.73,26.95,24.9,18.49,115.0,0.194,25.0,21.74,8.0,6.96,0.62,0.16499999999999998,26.73,12.8,17.66,30.46,29.78,16.45,293.0,0.228,63.0,21.5,17.0,5.8,0.629,0.1209999999999999,24.59,12.9,15.05,27.94,33.04,15.98
745491,2024-06-09,2024,656582,R,641927,R,triple,False,False,139.0,0.25,30.0,21.58,13.0,9.35,0.726,0.14500000000000002,24.56,10.59,19.47,30.06,23.26,20.41,279.0,0.235,70.0,25.09,27.0,9.68,0.72,0.166,22.25,8.9,20.93,29.83,20.67,18.23,139.0,0.262,35.0,25.18,8.0,5.76,0.8320000000000001,0.261,24.74,12.83,14.8,27.63,32.29,17.33,286.0,0.236,83.0,29.02,12.0,4.2,0.7350000000000001,0.221,32.64,17.53,12.37,29.9,34.21,19.48
745491,2024-06-09,2024,665833,L,573204,L,field_out,False,False,61.0,0.103,23.0,37.7,3.0,4.92,0.355,0.104,30.28,14.29,22.08,36.36,35.14,33.82,7.0,0.6,1.0,14.29,2.0,28.57,1.314,0.0,50.0,14.81,18.52,33.33,12.5,14.29,34.0,0.194,11.0,32.35,3.0,8.82,0.491,0.032,27.42,12.23,22.3,34.53,23.19,21.15,48.0,0.128,14.0,29.17,0.0,0.0,0.3409999999999999,0.0849999999999999,21.59,10.73,18.64,29.38,32.89,26.92
745491,2024-06-09,2024,621439,R,693312,R,field_out,False,False,115.0,0.226,35.0,30.43,5.0,4.35,0.6080000000000001,0.10400000000000001,34.71,18.71,12.25,30.96,36.4,23.18,257.0,0.217,80.0,31.13,26.0,10.12,0.767,0.243,29.69,15.03,12.96,27.99,29.53,25.0,43.0,0.206,12.0,27.91,7.0,16.28,0.657,0.11800000000000002,31.65,12.89,16.49,29.38,19.66,17.14,18.0,0.5,2.0,11.11,3.0,16.67,1.468,0.357,20.0,9.23,16.92,26.15,25.0,15.38
745491,2024-06-09,2024,680777,R,693312,R,single,False,False,151.0,0.236,33.0,21.85,12.0,7.95,0.829,0.26,24.05,10.52,19.03,29.55,27.59,18.93,242.0,0.281,70.0,28.93,19.0,7.85,0.8280000000000001,0.186,29.53,13.79,18.6,32.39,32.19,21.28,43.0,0.206,12.0,27.91,7.0,16.28,0.657,0.11800000000000002,31.65,12.89,16.49,29.38,19.66,17.14,18.0,0.5,2.0,11.11,3.0,16.67,1.468,0.357,20.0,9.23,16.92,26.15,25.0,15.38
745491,2024-06-09,2024,650489,L,693312,R,hit_by_pitch,False,False,184.0,0.22,43.0,23.37,18.0,9.78,0.692,0.151,27.14,12.89,15.33,28.22,28.75,19.46,280.0,0.266,73.0,26.07,23.0,8.21,0.8029999999999999,0.189,28.16,14.39,15.31,29.7,34.97,21.1,22.0,0.235,6.0,27.27,4.0,18.18,0.762,0.118,28.89,13.27,10.2,23.47,21.43,17.65,8.0,0.0,5.0,62.5,1.0,12.5,0.125,0.0,39.13,19.57,10.87,30.43,28.0,22.73
745491,2024-06-09,2024,467793,L,693312,R,walk,False,True,163.0,0.197,25.0,15.34,18.0,11.04,0.639,0.14100000000000001,23.1,9.8,17.54,27.34,24.44,12.95,460.0,0.231,83.0,18.04,45.0,9.78,0.727,0.1899999999999999,23.76,11.0,14.32,25.31,24.63,16.21,22.0,0.235,6.0,27.27,4.0,18.18,0.762,0.118,28.89,13.27,10.2,23.47,21.43,17.65,8.0,0.0,5.0,62.5,1.0,12.5,0.125,0.0,39.13,19.57,10.87,30.43,28.0,22.73
745491,2024-06-09,2024,668904,R,677865,L,sac_fly,False,False,4.0,0.5,1.0,25.0,0.0,0.0,1.75,0.75,37.5,23.08,15.38,38.46,50.0,20.0,56.0,0.314,12.0,21.43,5.0,8.93,0.7869999999999999,0.0979999999999999,27.66,13.33,16.92,30.26,30.21,23.53,4.0,0.333,0.0,0.0,0.0,0.0,0.833,0.0,22.22,14.29,14.29,28.57,50.0,0.0,84.0,0.31,12.0,14.29,9.0,10.71,0.872,0.1689999999999999,22.3,10.4,15.1,25.5,26.35,16.0
745491,2024-06-09,2024,621043,R,677865,L,intent_walk,False,True,47.0,0.209,9.0,19.15,3.0,6.38,0.627,0.163,18.18,8.33,17.19,25.52,20.41,16.67,136.0,0.248,19.0,13.97,17.0,12.5,0.782,0.188,21.1,9.54,17.18,26.72,26.2,13.01,4.0,0.333,0.0,0.0,0.0,0.0,0.833,0.0,22.22,14.29,14.29,28.57,50.0,0.0,84.0,0.31,12.0,14.29,9.0,10.71,0.872,0.1689999999999999,22.3,10.4,15.1,25.5,26.35,16.0
745491,2024-06-09,2024,596146,L,677865,L,field_out,False,False,27.0,0.36,4.0,14.81,1.0,3.7,0.9670000000000001,0.20000000000000007,10.64,5.15,17.53,22.68,29.79,14.81,97.0,0.25,22.0,22.68,8.0,8.25,0.752,0.182,19.46,9.73,13.51,23.24,25.0,18.42,2.0,0.5,0.0,0.0,0.0,0.0,1.0,0.0,0.0,0.0,25.0,25.0,50.0,,38.0,0.176,10.0,26.32,2.0,5.26,0.508,0.089,28.57,12.08,22.15,34.23,26.92,21.28
745491,2024-06-09,2024,693304,R,663485,R,single,False,False,71.0,0.302,16.0,22.54,4.0,5.63,0.835,0.19,27.22,14.53,11.82,26.35,32.03,16.0,86.0,0.234,21.0,24.42,3.0,3.49,0.638,0.1299999999999999,30.36,15.84,12.11,27.95,27.85,22.11,66.0,0.222,18.0,27.27,2.0,3.03,0.639,0.159,28.1,14.53,18.8,33.33,39.64,26.09,45.0,0.205,10.0,22.22,6.0,13.33,0.619,0.103,26.76,10.98,21.97,32.95,29.89,16.95
745491,2024-06-09,2024,642133,L,663485,R,single,False,False,139.0,0.211,26.0,18.71,9.0,6.47,0.5549999999999999,0.07799999999999999,21.43,9.12,20.75,29.87,25.19,19.4,300.0,0.223,73.0,24.33,29.0,9.67,0.69,0.173,22.22,8.47,23.11,31.59,24.77,19.95,43.0,0.25,14.0,32.56,2.0,4.65,0.687,0.11099999999999999,18.52,8.33,18.33,26.67,27.47,20.29,54.0,0.261,11.0,20.37,8.0,14.81,0.913,0.282,14.68,6.67,15.0,21.67,17.95,12.79
745491,2024-06-09,2024,669707,R,663485,R,field_out,False,False,147.0,0.217,33.0,22.45,14.0,9.52,0.595,0.08499999999999999,25.09,12.29,15.99,28.28,28.33,15.0,144.0,0.301,43.0,29.86,18.0,12.5,0.786,0.089,33.87,14.74,17.72,32.46,24.23,24.57,66.0,0.222,18.0,27.27,2.0,3.03,0.639,0.159,28.1,14.53,18.8,33.33,39.64,26.09,45.0,0.205,10.0,22.22,6.0,13.33,0.619,0.103,26.76,10.98,21.97,32.95,29.89,16.95
745491,2024-06-09,2024,669261,L,663485,R,field_out,False,False,138.0,0.158,32.0,23.19,17.0,12.32,0.5529999999999999,0.13399999999999998,23.19,10.83,14.74,25.58,22.06,18.29,404.0,0.232,117.0,28.96,61.0,15.1,0.857,0.271,29.06,11.36,18.81,30.17,17.6,22.37,43.0,0.25,14.0,32.56,2.0,4.65,0.687,0.11099999999999999,18.52,8.33,18.33,26.67,27.47,20.29,54.0,0.261,11.0,20.37,8.0,14.81,0.913,0.282,14.68,6.67,15.0,21.67,17.95,12.79
745491,2024-06-09,2024,680779,R,663485,R,strikeout,True,False,72.0,0.117,31.0,43.06,8.0,11.11,0.347,0.016,35.86,16.2,15.58,31.78,23.21,30.1,170.0,0.224,49.0,28.82,15.0,8.82,0.655,0.1309999999999999,29.33,13.02,18.05,31.07,30.65,26.2,66.0,0.222,18.0,27.27,2.0,3.03,0.639,0.159,28.1,14.53,18.8,33.33,39.64,26.09,45.0,0.205,10.0,22.22,6.0,13.33,0.619,0.103,26.76,10.98,21.97,32.95,29.89,16.95
745491,2024-06-09,2024,669304,R,677865,L,field_out,False,False,53.0,0.275,7.0,13.21,1.0,1.89,0.733,0.15599999999999997,17.82,9.52,13.23,22.75,36.08,13.21,32.0,0.226,6.0,18.75,1.0,3.12,0.573,0.097,29.85,17.54,10.53,28.07,44.44,20.0,4.0,0.333,0.0,0.0,0.0,0.0,0.833,0.0,22.22,14.29,14.29,28.57,50.0,0.0,84.0,0.31,12.0,14.29,9.0,10.71,0.872,0.1689999999999999,22.3,10.4,15.1,25.5,26.35,16.0
745491,2024-06-09,2024,622534,R,676702,R,field_out,False,False,64.0,0.153,14.0,21.88,5.0,7.81,0.388,0.016000000000000014,23.93,12.02,16.74,28.76,30.0,20.29,237.0,0.258,33.0,13.92,15.0,6.33,0.694,0.12,23.38,11.66,15.01,26.67,32.22,16.02,73.0,0.191,16.0,21.92,4.0,5.48,0.556,0.118,29.41,15.73,13.64,29.37,33.12,16.16,25.0,0.182,5.0,20.0,3.0,12.0,0.5980000000000001,0.136,28.57,16.0,13.0,29.0,39.22,14.29
745491,2024-06-09,2024,621439,R,676702,R,strikeout,True,False,115.0,0.226,35.0,30.43,5.0,4.35,0.6080000000000001,0.10400000000000001,34.71,18.71,12.25,30.96,36.4,23.18,257.0,0.217,80.0,31.13,26.0,10.12,0.767,0.243,29.69,15.03,12.96,27.99,29.53,25.0,73.0,0.191,16.0,21.92,4.0,5.48,0.556,0.118,29.41,15.73,13.64,29.37,33.12,16.16,25.0,0.182,5.0,20.0,3.0,12.0,0.5980000000000001,0.136,28.57,16.0,13.0,29.0,39.22,14.29
745491,2024-06-09,2024,457705,R,643377,R,strikeout,True,False,153.0,0.243,39.0,25.49,15.0,9.8,0.702,0.132,31.43,13.75,17.81,31.56,18.47,20.21,312.0,0.254,72.0,23.08,49.0,15.71,0.767,0.137,28.77,12.06,17.2,29.26,17.59,17.52,58.0,0.185,22.0,37.93,3.0,5.17,0.483,0.07400000000000001,38.4,19.92,15.35,35.27,36.43,24.18,157.0,0.228,33.0,21.02,8.0,5.1,0.599,0.089,24.56,11.73,18.37,30.1,27.92,20.25
745491,2024-06-09,2024,668804,L,643377,R,walk,False,True,194.0,0.25,39.0,20.1,20.0,10.31,0.72,0.14,27.81,12.52,15.58,28.1,25.99,18.22,438.0,0.252,94.0,21.46,45.0,10.27,0.821,0.2309999999999999,28.75,13.22,13.73,26.95,24.9,18.49,45.0,0.175,12.0,26.67,4.0,8.89,0.55,0.125,32.53,15.25,22.03,37.29,30.49,21.05,117.0,0.238,35.0,29.91,11.0,9.4,0.6970000000000001,0.143,29.15,14.01,20.91,34.91,36.23,23.81
745491,2024-06-09,2024,656582,R,643377,R,strikeout,True,False,139.0,0.25,30.0,21.58,13.0,9.35,0.726,0.14500000000000002,24.56,10.59,19.47,30.06,23.26,20.41,279.0,0.235,70.0,25.09,27.0,9.68,0.72,0.166,22.25,8.9,20.93,29.83,20.67,18.23,58.0,0.185,22.0,37.93,3.0,5.17,0.483,0.07400000000000001,38.4,19.92,15.35,35.27,36.43,24.18,157.0,0.228,33.0,21.02,8.0,5.1,0.599,0.089,24.56,11.73,18.37,30.1,27.92,20.25
745491,2024-06-09,2024,665833,L,643377,R,force_out,False,False,175.0,0.294,57.0,32.57,15.0,8.57,0.873,0.22500000000000003,35.52,16.23,18.83,35.06,35.09,23.65,33.0,0.185,7.0,21.21,5.0,15.15,0.636,0.148,27.69,13.14,15.33,28.47,34.25,17.95,45.0,0.175,12.0,26.67,4.0,8.89,0.55,0.125,32.53,15.25,22.03,37.29,30.49,21.05,117.0,0.238,35.0,29.91,11.0,9.4,0.6970000000000001,0.143,29.15,14.01,20.91,34.91,36.23,23.81
745491,2024-06-09,2024,680777,R,676702,R,field_out,False,False,151.0,0.236,33.0,21.85,12.0,7.95,0.829,0.26,24.05,10.52,19.03,29.55,27.59,18.93,242.0,0.281,70.0,28.93,19.0,7.85,0.8280000000000001,0.186,29.53,13.79,18.6,32.39,32.19,21.28,73.0,0.191,16.0,21.92,4.0,5.48,0.556,0.118,29.41,15.73,13.64,29.37,33.12,16.16,25.0,0.182,5.0,20.0,3.0,12.0,0.5980000000000001,0.136,28.57,16.0,13.0,29.0,39.22,14.29
745491,2024-06-09,2024,650489,L,676702,R,field_out,False,False,184.0,0.22,43.0,23.37,18.0,9.78,0.692,0.151,27.14,12.89,15.33,28.22,28.75,19.46,280.0,0.266,73.0,26.07,23.0,8.21,0.8029999999999999,0.189,28.16,14.39,15.31,29.7,34.97,21.1,52.0,0.354,12.0,23.08,1.0,1.92,0.922,0.18800000000000006,27.27,15.25,15.25,30.51,34.67,20.0,22.0,0.238,5.0,22.73,0.0,0.0,0.892,0.381,26.83,14.67,18.67,33.33,24.0,25.0
745491,2024-06-09,2024,467793,L,676702,R,field_out,False,False,163.0,0.197,25.0,15.34,18.0,11.04,0.639,0.14100000000000001,23.1,9.8,17.54,27.34,24.44,12.95,460.0,0.231,83.0,18.04,45.0,9.78,0.727,0.1899999999999999,23.76,11.0,14.32,25.31,24.63,16.21,52.0,0.354,12.0,23.08,1.0,1.92,0.922,0.18800000000000006,27.27,15.25,15.25,30.51,34.67,20.0,22.0,0.238,5.0,22.73,0.0,0.0,0.892,0.381,26.83,14.67,18.67,33.33,24.0,25.0
745491,2024-06-09,2024,693304,R,660896,R,field_out,False,False,71.0,0.302,16.0,22.54,4.0,5.63,0.835,0.19,27.22,14.53,11.82,26.35,32.03,16.0,86.0,0.234,21.0,24.42,3.0,3.49,0.638,0.1299999999999999,30.36,15.84,12.11,27.95,27.85,22.11,41.0,0.206,10.0,24.39,5.0,12.2,0.5820000000000001,0.059000000000000025,36.36,16.87,15.06,31.93,26.51,17.54,46.0,0.282,12.0,26.09,6.0,13.04,1.058,0.385,25.61,10.55,18.09,28.64,22.02,21.43
745491,2024-06-09,2024,642133,L,660896,R,walk,False,True,139.0,0.211,26.0,18.71,9.0,6.47,0.5549999999999999,0.07799999999999999,21.43,9.12,20.75,29.87,25.19,19.4,300.0,0.223,73.0,24.33,29.0,9.67,0.69,0.173,22.22,8.47,23.11,31.59,24.77,19.95,35.0,0.179,10.0,28.57,5.0,14.29,0.482,0.0,26.56,11.64,19.18,30.82,20.0,22.22,29.0,0.125,4.0,13.79,4.0,13.79,0.491,0.125,25.0,9.92,20.66,30.58,27.42,11.76
745491,2024-06-09,2024,669707,R,660896,R,field_out,False,False,147.0,0.217,33.0,22.45,14.0,9.52,0.595,0.08499999999999999,25.09,12.29,15.99,28.28,28.33,15.0,144.0,0.301,43.0,29.86,18.0,12.5,0.786,0.089,33.87,14.74,17.72,32.46,24.23,24.57,41.0,0.206,10.0,24.39,5.0,12.2,0.5820000000000001,0.059000000000000025,36.36,16.87,15.06,31.93,26.51,17.54,46.0,0.282,12.0,26.09,6.0,13.04,1.058,0.385,25.61,10.55,18.09,28.64,22.02,21.43
745491,2024-06-09,2024,669261,L,660896,R,walk,False,True,138.0,0.158,32.0,23.19,17.0,12.32,0.5529999999999999,0.13399999999999998,23.19,10.83,14.74,25.58,22.06,18.29,404.0,0.232,117.0,28.96,61.0,15.1,0.857,0.271,29.06,11.36,18.81,30.17,17.6,22.37,35.0,0.179,10.0,28.57,5.0,14.29,0.482,0.0,26.56,11.64,19.18,30.82,20.0,22.22,29.0,0.125,4.0,13.79,4.0,13.79,0.491,0.125,25.0,9.92,20.66,30.58,27.42,11.76
745491,2024-06-09,2024,518735,L,660896,R,field_out,False,False,51.0,0.14,10.0,19.61,1.0,1.96,0.45699999999999996,0.15999999999999998,22.58,10.61,24.24,34.85,36.08,17.54,309.0,0.235,61.0,19.74,27.0,8.74,0.636,0.094,22.36,10.08,19.44,29.52,27.06,17.13,35.0,0.179,10.0,28.57,5.0,14.29,0.482,0.0,26.56,11.64,19.18,30.82,20.0,22.22,29.0,0.125,4.0,13.79,4.0,13.79,0.491,0.125,25.0,9.92,20.66,30.58,27.42,11.76
745491,2024-06-09,2024,668904,R,547973,L,double,False,False,4.0,0.5,1.0,25.0,0.0,0.0,1.75,0.75,37.5,23.08,15.38,38.46,50.0,20.0,56.0,0.314,12.0,21.43,5.0,8.93,0.7869999999999999,0.0979999999999999,27.66,13.33,16.92,30.26,30.21,23.53,69.0,0.158,32.0,46.38,12.0,17.39,0.637,0.17500000000000002,38.06,15.41,17.52,32.93,23.6,28.32,200.0,0.161,86.0,43.0,26.0,13.0,0.534,0.103,41.53,18.67,19.04,37.71,23.68,36.29
745491,2024-06-09,2024,621043,R,547973,L,field_out,False,False,47.0,0.209,9.0,19.15,3.0,6.38,0.627,0.163,18.18,8.33,17.19,25.52,20.41,16.67,136.0,0.248,19.0,13.97,17.0,12.5,0.782,0.188,21.1,9.54,17.18,26.72,26.2,13.01,69.0,0.158,32.0,46.38,12.0,17.39,0.637,0.17500000000000002,38.06,15.41,17.52,32.93,23.6,28.32,200.0,0.161,86.0,43.0,26.0,13.0,0.534,0.103,41.53,18.67,19.04,37.71,23.68,36.29
745491,2024-06-09,2024,596146,L,547973,L,field_out,False,False,27.0,0.36,4.0,14.81,1.0,3.7,0.9670000000000001,0.20000000000000007,10.64,5.15,17.53,22.68,29.79,14.81,97.0,0.25,22.0,22.68,8.0,8.25,0.752,0.182,19.46,9.73,13.51,23.24,25.0,18.42,35.0,0.292,8.0,22.86,11.0,31.43,0.931,0.125,33.33,10.81,21.62,32.43,20.0,22.22,50.0,0.243,17.0,34.0,10.0,20.0,0.651,0.0,44.83,18.84,17.39,36.23,23.36,28.81
745491,2024-06-09,2024,669304,R,547973,L,field_out,False,False,53.0,0.275,7.0,13.21,1.0,1.89,0.733,0.15599999999999997,17.82,9.52,13.23,22.75,36.08,13.21,32.0,0.226,6.0,18.75,1.0,3.12,0.573,0.097,29.85,17.54,10.53,28.07,44.44,20.0,69.0,0.158,32.0,46.38,12.0,17.39,0.637,0.17500000000000002,38.06,15.41,17.52,32.93,23.6,28.32,200.0,0.161,86.0,43.0,26.0,13.0,0.534,0.103,41.53,18.67,19.04,37.71,23.68,36.29
745491,2024-06-09,2024,457705,R,661395,R,strikeout,True,False,153.0,0.243,39.0,25.49,15.0,9.8,0.702,0.132,31.43,13.75,17.81,31.56,18.47,20.21,312.0,0.254,72.0,23.08,49.0,15.71,0.767,0.137,28.77,12.06,17.2,29.26,17.59,17.52,29.0,0.259,7.0,24.14,1.0,3.45,0.717,0.14799999999999996,27.45,12.96,20.37,33.33,26.92,21.21,127.0,0.209,33.0,25.98,11.0,8.66,0.722,0.209,29.03,14.78,13.76,28.54,30.67,22.45
745491,2024-06-09,2024,668804,L,661395,R,field_out,False,False,194.0,0.25,39.0,20.1,20.0,10.31,0.72,0.14,27.81,12.52,15.58,28.1,25.99,18.22,438.0,0.252,94.0,21.46,45.0,10.27,0.821,0.2309999999999999,28.75,13.22,13.73,26.95,24.9,18.49,38.0,0.226,8.0,21.05,5.0,13.16,0.77,0.19299999999999998,33.87,14.79,16.2,30.99,25.0,20.0,128.0,0.205,51.0,39.84,14.0,10.94,0.523,0.027,41.24,20.66,12.8,33.46,29.78,27.62
745491,2024-06-09,2024,656582,R,661395,R,field_out,False,False,139.0,0.25,30.0,21.58,13.0,9.35,0.726,0.14500000000000002,24.56,10.59,19.47,30.06,23.26,20.41,279.0,0.235,70.0,25.09,27.0,9.68,0.72,0.166,22.25,8.9,20.93,29.83,20.67,18.23,29.0,0.259,7.0,24.14,1.0,3.45,0.717,0.14799999999999996,27.45,12.96,20.37,33.33,26.92,21.21,127.0,0.209,33.0,25.98,11.0,8.66,0.722,0.209,29.03,14.78,13.76,28.54,30.67,22.45
745491,2024-06-09,2024,622534,R,621294,R,triple,False,False,64.0,0.153,14.0,21.88,5.0,7.81,0.388,0.016000000000000014,23.93,12.02,16.74,28.76,30.0,20.29,237.0,0.258,33.0,13.92,15.0,6.33,0.694,0.12,23.38,11.66,15.01,26.67,32.22,16.02,6.0,0.8,0.0,0.0,0.0,0.0,2.433,0.8,16.67,8.7,8.7,17.39,35.71,0.0,45.0,0.15,13.0,28.89,4.0,8.89,0.469,0.075,32.39,14.11,20.25,34.36,32.53,30.23
745491,2024-06-09,2024,621439,R,621294,R,hit_by_pitch,False,False,115.0,0.226,35.0,30.43,5.0,4.35,0.6080000000000001,0.10400000000000001,34.71,18.71,12.25,30.96,36.4,23.18,257.0,0.217,80.0,31.13,26.0,10.12,0.767,0.243,29.69,15.03,12.96,27.99,29.53,25.0,6.0,0.8,0.0,0.0,0.0,0.0,2.433,0.8,16.67,8.7,8.7,17.39,35.71,0.0,45.0,0.15,13.0,28.89,4.0,8.89,0.469,0.075,32.39,14.11,20.25,34.36,32.53,30.23
745491,2024-06-09,2024,680777,R,621294,R,walk,False,True,151.0,0.236,33.0,21.85,12.0,7.95,0.829,0.26,24.05,10.52,19.03,29.55,27.59,18.93,242.0,0.281,70.0,28.93,19.0,7.85,0.8280000000000001,0.186,29.53,13.79,18.6,32.39,32.19,21.28,6.0,0.8,0.0,0.0,0.0,0.0,2.433,0.8,16.67,8.7,8.7,17.39,35.71,0.0,45.0,0.15,13.0,28.89,4.0,8.89,0.469,0.075,32.39,14.11,20.25,34.36,32.53,30.23
745491,2024-06-09,2024,650489,L,621294,R,hit_by_pitch,False,False,184.0,0.22,43.0,23.37,18.0,9.78,0.692,0.151,27.14,12.89,15.33,28.22,28.75,19.46,280.0,0.266,73.0,26.07,23.0,8.21,0.8029999999999999,0.189,28.16,14.39,15.31,29.7,34.97,21.1,2.0,0.0,1.0,50.0,0.0,0.0,0.0,0.0,25.0,14.29,14.29,28.57,50.0,33.33,37.0,0.345,3.0,8.11,7.0,18.92,1.038,0.207,21.43,10.2,13.61,23.81,28.95,5.88
745491,2024-06-09,2024,467793,L,621294,R,double,False,False,163.0,0.197,25.0,15.34,18.0,11.04,0.639,0.14100000000000001,23.1,9.8,17.54,27.34,24.44,12.95,460.0,0.231,83.0,18.04,45.0,9.78,0.727,0.1899999999999999,23.76,11.0,14.32,25.31,24.63,16.21,2.0,0.0,1.0,50.0,0.0,0.0,0.0,0.0,25.0,14.29,14.29,28.57,50.0,33.33,37.0,0.345,3.0,8.11,7.0,18.92,1.038,0.207,21.43,10.2,13.61,23.81,28.95,5.88
745491,2024-06-09,2024,668904,R,621294,R,strikeout,True,False,13.0,0.273,3.0,23.08,2.0,15.38,1.2029999999999998,0.5449999999999999,28.57,10.91,14.55,25.45,16.13,23.08,183.0,0.307,43.0,23.5,15.0,8.2,0.962,0.283,27.16,12.8,18.57,31.36,28.0,20.98,6.0,0.8,0.0,0.0,0.0,0.0,2.433,0.8,16.67,8.7,8.7,17.39,35.71,0.0,45.0,0.15,13.0,28.89,4.0,8.89,0.469,0.075,32.39,14.11,20.25,34.36,32.53,30.23
745491,2024-06-09,2024,621043,R,621294,R,single,False,False,141.0,0.27,30.0,21.28,16.0,11.35,0.8069999999999999,0.189,21.7,9.38,20.59,29.96,27.66,19.23,444.0,0.224,112.0,25.23,42.0,9.46,0.69,0.164,26.37,11.3,19.9,31.19,27.0,21.72,6.0,0.8,0.0,0.0,0.0,0.0,2.433,0.8,16.67,8.7,8.7,17.39,35.71,0.0,45.0,0.15,13.0,28.89,4.0,8.89,0.469,0.075,32.39,14.11,20.25,34.36,32.53,30.23
745491,2024-06-09,2024,596146,L,621294,R,single,False,False,139.0,0.232,29.0,20.86,11.0,7.91,0.6970000000000001,0.168,23.83,11.81,13.24,25.04,26.96,16.48,394.0,0.263,84.0,21.32,37.0,9.39,0.8320000000000001,0.2339999999999999,19.92,9.32,15.49,24.81,24.75,18.14,2.0,0.0,1.0,50.0,0.0,0.0,0.0,0.0,25.0,14.29,14.29,28.57,50.0,33.33,37.0,0.345,3.0,8.11,7.0,18.92,1.038,0.207,21.43,10.2,13.61,23.81,28.95,5.88
745491,2024-06-09,2024,571657,R,621294,R,hit_by_pitch,False,False,60.0,0.17,11.0,18.33,5.0,8.33,0.531,0.094,21.05,10.15,17.26,27.41,34.74,26.19,241.0,0.239,59.0,24.48,13.0,5.39,0.6950000000000001,0.157,22.45,10.88,18.24,29.12,32.6,21.61,6.0,0.8,0.0,0.0,0.0,0.0,2.433,0.8,16.67,8.7,8.7,17.39,35.71,0.0,45.0,0.15,13.0,28.89,4.0,8.89,0.469,0.075,32.39,14.11,20.25,34.36,32.53,30.23
745491,2024-06-09,2024,622534,R,621294,R,single,False,False,64.0,0.153,14.0,21.88,5.0,7.81,0.388,0.016000000000000014,23.93,12.02,16.74,28.76,30.0,20.29,237.0,0.258,33.0,13.92,15.0,6.33,0.694,0.12,23.38,11.66,15.01,26.67,32.22,16.02,6.0,0.8,0.0,0.0,0.0,0.0,2.433,0.8,16.67,8.7,8.7,17.39,35.71,0.0,45.0,0.15,13.0,28.89,4.0,8.89,0.469,0.075,32.39,14.11,20.25,34.36,32.53,30.23
745491,2024-06-09,2024,621439,R,621294,R,strikeout,True,False,115.0,0.226,35.0,30.43,5.0,4.35,0.6080000000000001,0.10400000000000001,34.71,18.71,12.25,30.96,36.4,23.18,257.0,0.217,80.0,31.13,26.0,10.12,0.767,0.243,29.69,15.03,12.96,27.99,29.53,25.0,6.0,0.8,0.0,0.0,0.0,0.0,2.433,0.8,16.67,8.7,8.7,17.39,35.71,0.0,45.0,0.15,13.0,28.89,4.0,8.89,0.469,0.075,32.39,14.11,20.25,34.36,32.53,30.23
745491,2024-06-09,2024,680777,R,621294,R,field_out,False,False,151.0,0.236,33.0,21.85,12.0,7.95,0.829,0.26,24.05,10.52,19.03,29.55,27.59,18.93,242.0,0.281,70.0,28.93,19.0,7.85,0.8280000000000001,0.186,29.53,13.79,18.6,32.39,32.19,21.28,6.0,0.8,0.0,0.0,0.0,0.0,2.433,0.8,16.67,8.7,8.7,17.39,35.71,0.0,45.0,0.15,13.0,28.89,4.0,8.89,0.469,0.075,32.39,14.11,20.25,34.36,32.53,30.23
745491,2024-06-09,2024,665833,L,622251,R,single,False,False,175.0,0.294,57.0,32.57,15.0,8.57,0.873,0.22500000000000003,35.52,16.23,18.83,35.06,35.09,23.65,33.0,0.185,7.0,21.21,5.0,15.15,0.636,0.148,27.69,13.14,15.33,28.47,34.25,17.95,13.0,0.077,4.0,30.77,0.0,0.0,0.154,0.0,22.58,11.11,19.05,30.16,41.67,16.0,37.0,0.219,10.0,27.03,3.0,8.11,0.5740000000000001,0.031,23.29,11.49,13.51,25.0,23.94,21.74
745491,2024-06-09,2024,693304,R,622251,R,force_out,False,False,71.0,0.302,16.0,22.54,4.0,5.63,0.835,0.19,27.22,14.53,11.82,26.35,32.03,16.0,86.0,0.234,21.0,24.42,3.0,3.49,0.638,0.1299999999999999,30.36,15.84,12.11,27.95,27.85,22.11,26.0,0.136,3.0,11.54,4.0,15.38,0.405,0.0,29.17,12.73,22.73,35.45,23.53,7.5,52.0,0.22,14.0,26.92,10.0,19.23,0.69,0.097,30.53,13.62,13.15,26.76,26.67,25.0
745491,2024-06-09,2024,572191,R,622251,R,force_out,False,False,90.0,0.195,34.0,37.78,5.0,5.56,0.45899999999999996,0.024999999999999994,40.46,19.02,17.66,36.68,32.2,28.1,276.0,0.206,95.0,34.42,18.0,6.52,0.641,0.171,34.66,17.23,15.91,33.15,32.6,28.53,26.0,0.136,3.0,11.54,4.0,15.38,0.405,0.0,29.17,12.73,22.73,35.45,23.53,7.5,52.0,0.22,14.0,26.92,10.0,19.23,0.69,0.097,30.53,13.62,13.15,26.76,26.67,25.0
745491,2024-06-09,2024,669707,R,622251,R,field_out,False,False,147.0,0.217,33.0,22.45,14.0,9.52,0.595,0.08499999999999999,25.09,12.29,15.99,28.28,28.33,15.0,144.0,0.301,43.0,29.86,18.0,12.5,0.786,0.089,33.87,14.74,17.72,32.46,24.23,24.57,26.0,0.136,3.0,11.54,4.0,15.38,0.405,0.0,29.17,12.73,22.73,35.45,23.53,7.5,52.0,0.22,14.0,26.92,10.0,19.23,0.69,0.097,30.53,13.62,13.15,26.76,26.67,25.0
745080,2024-06-10,2024,683002,L,686752,R,home_run,False,False,198.0,0.253,44.0,22.22,20.0,10.1,0.9179999999999999,0.32699999999999996,25.36,11.58,14.61,26.18,22.51,23.91,455.0,0.272,117.0,25.71,38.0,8.35,0.885,0.277,25.57,12.07,15.7,27.78,26.4,22.35,102.0,0.189,30.0,29.41,11.0,10.78,0.651,0.178,28.42,12.26,17.92,30.19,23.5,22.22,75.0,0.111,13.0,17.33,2.0,2.67,0.383,0.1249999999999999,19.74,9.38,17.19,26.56,29.09,12.62
745080,2024-06-10,2024,676059,R,686752,R,field_out,False,False,189.0,0.306,31.0,16.4,12.0,6.35,0.903,0.23700000000000004,25.55,12.92,15.0,27.92,29.62,13.39,146.0,0.246,33.0,22.6,8.0,5.48,0.6779999999999999,0.142,22.97,11.73,16.25,27.98,29.59,19.76,102.0,0.181,29.0,28.43,5.0,4.9,0.534,0.128,33.5,17.22,15.44,32.66,28.27,22.66,84.0,0.241,25.0,29.76,3.0,3.57,0.7669999999999999,0.24,34.83,18.56,15.87,34.43,34.91,20.83
745080,2024-06-10,2024,656811,L,686752,R,single,False,False,174.0,0.289,18.0,10.34,15.0,8.62,0.854,0.21400000000000002,17.19,7.68,16.61,24.29,22.76,12.59,340.0,0.297,74.0,21.76,13.0,3.82,0.802,0.178,22.26,11.29,14.37,25.66,31.15,17.72,102.0,0.189,30.0,29.41,11.0,10.78,0.651,0.178,28.42,12.26,17.92,30.19,23.5,22.22,75.0,0.111,13.0,17.33,2.0,2.67,0.383,0.1249999999999999,19.74,9.38,17.19,26.56,29.09,12.62
745080,2024-06-10,2024,663624,R,686752,R,single,False,False,180.0,0.268,41.0,22.78,9.0,5.0,0.794,0.21999999999999997,23.2,12.68,12.39,25.07,36.81,18.55,310.0,0.235,78.0,25.16,22.0,7.1,0.6399999999999999,0.1139999999999999,29.78,16.05,13.56,29.61,37.06,21.61,102.0,0.181,29.0,28.43,5.0,4.9,0.534,0.128,33.5,17.22,15.44,32.66,28.27,22.66,84.0,0.241,25.0,29.76,3.0,3.57,0.7669999999999999,0.24,34.83,18.56,15.87,34.43,34.91,20.83
745080,2024-06-10,2024,623993,L,686752,R,grounded_into_double_play,False,False,189.0,0.214,29.0,15.34,13.0,6.88,0.754,0.26,16.63,8.97,13.46,22.43,39.95,12.03,486.0,0.26,107.0,22.02,31.0,6.38,0.798,0.2229999999999999,22.13,11.37,14.84,26.21,37.22,15.21,102.0,0.189,30.0,29.41,11.0,10.78,0.651,0.178,28.42,12.26,17.92,30.19,23.5,22.22,75.0,0.111,13.0,17.33,2.0,2.67,0.383,0.1249999999999999,19.74,9.38,17.19,26.56,29.09,12.62
745080,2024-06-10,2024,650490,R,669203,R,single,False,False,208.0,0.232,30.0,14.42,21.0,10.1,0.652,0.10300000000000001,11.2,4.85,17.09,21.94,22.45,11.49,462.0,0.322,72.0,15.58,49.0,10.61,0.881,0.1559999999999999,18.95,8.0,18.68,26.68,19.71,15.69,184.0,0.243,50.0,27.17,10.0,5.43,0.671,0.14400000000000002,31.64,15.89,16.45,32.34,36.73,23.26,396.0,0.229,88.0,22.22,26.0,6.57,0.677,0.158,27.84,13.46,15.95,29.41,29.79,18.68
745080,2024-06-10,2024,668227,R,669203,R,field_out,False,False,193.0,0.178,57.0,29.53,18.0,9.33,0.591,0.14200000000000002,36.29,15.21,19.76,34.97,24.3,20.58,517.0,0.254,119.0,23.02,62.0,11.99,0.7769999999999999,0.1589999999999999,29.93,12.82,18.77,31.59,26.93,19.44,184.0,0.243,50.0,27.17,10.0,5.43,0.671,0.14400000000000002,31.64,15.89,16.45,32.34,36.73,23.26,396.0,0.229,88.0,22.22,26.0,6.57,0.677,0.158,27.84,13.46,15.95,29.41,29.79,18.68
745080,2024-06-10,2024,664040,L,669203,R,walk,False,True,71.0,0.18,18.0,25.35,8.0,11.27,0.624,0.14800000000000002,27.27,13.95,10.47,24.42,29.08,25.35,374.0,0.241,103.0,27.54,42.0,11.23,0.813,0.237,31.86,16.63,11.13,27.77,30.39,21.33,131.0,0.15,26.0,19.85,11.0,8.4,0.41300000000000003,0.04200000000000001,23.93,10.59,18.71,29.3,28.78,16.25,388.0,0.17,112.0,28.87,40.0,10.31,0.515,0.087,29.82,13.15,18.05,31.21,30.03,25.51
745080,2024-06-10,2024,670623,R,669203,R,strikeout,True,False,191.0,0.293,29.0,15.18,19.0,9.95,0.885,0.21300000000000002,16.5,7.48,18.37,25.85,28.05,8.84,438.0,0.247,82.0,18.72,43.0,9.82,0.86,0.266,18.6,8.55,16.71,25.26,28.98,14.09,184.0,0.243,50.0,27.17,10.0,5.43,0.671,0.14400000000000002,31.64,15.89,16.45,32.34,36.73,23.26,396.0,0.229,88.0,22.22,26.0,6.57,0.677,0.158,27.84,13.46,15.95,29.41,29.79,18.68
745080,2024-06-10,2024,642708,R,669203,R,strikeout,True,False,129.0,0.288,20.0,15.5,4.0,3.1,0.71,0.11200000000000004,20.32,11.33,14.0,25.33,40.27,14.08,353.0,0.252,72.0,20.4,18.0,5.1,0.636,0.091,25.7,13.68,14.7,28.38,39.8,19.35,184.0,0.243,50.0,27.17,10.0,5.43,0.671,0.14400000000000002,31.64,15.89,16.45,32.34,36.73,23.26,396.0,0.229,88.0,22.22,26.0,6.57,0.677,0.158,27.84,13.46,15.95,29.41,29.79,18.68
745080,2024-06-10,2024,681297,L,686752,R,strikeout,True,False,160.0,0.241,42.0,26.25,18.0,11.25,0.785,0.20400000000000001,29.93,13.35,16.54,29.89,23.6,22.83,68.0,0.111,20.0,29.41,12.0,17.65,0.427,0.0369999999999999,26.67,10.98,17.07,28.05,21.51,17.7,102.0,0.189,30.0,29.41,11.0,10.78,0.651,0.178,28.42,12.26,17.92,30.19,23.5,22.22,75.0,0.111,13.0,17.33,2.0,2.67,0.383,0.1249999999999999,19.74,9.38,17.19,26.56,29.09,12.62
745080,2024-06-10,2024,602104,R,686752,R,field_out,False,False,61.0,0.246,11.0,18.03,3.0,4.92,0.734,0.193,27.93,13.66,12.78,26.43,24.58,17.19,272.0,0.274,72.0,26.47,17.0,6.25,0.726,0.1169999999999999,29.67,14.82,16.24,31.07,27.7,24.41,102.0,0.181,29.0,28.43,5.0,4.9,0.534,0.128,33.5,17.22,15.44,32.66,28.27,22.66,84.0,0.241,25.0,29.76,3.0,3.57,0.7669999999999999,0.24,34.83,18.56,15.87,34.43,34.91,20.83
745080,2024-06-10,2024,656775,L,686752,R,field_out,False,False,144.0,0.191,38.0,26.39,10.0,6.94,0.596,0.15999999999999998,20.57,10.76,12.99,23.75,28.84,22.09,336.0,0.233,77.0,22.92,31.0,9.23,0.726,0.1889999999999999,26.24,13.25,14.23,27.48,28.99,18.95,102.0,0.189,30.0,29.41,11.0,10.78,0.651,0.178,28.42,12.26,17.92,30.19,23.5,22.22,75.0,0.111,13.0,17.33,2.0,2.67,0.383,0.1249999999999999,19.74,9.38,17.19,26.56,29.09,12.62
745080,2024-06-10,2024,642350,R,669203,R,strikeout,True,False,130.0,0.196,47.0,36.15,9.0,6.92,0.604,0.125,37.78,16.6,21.29,37.89,31.58,27.33,271.0,0.23,93.0,34.32,16.0,5.9,0.801,0.29,39.19,20.65,15.06,35.71,37.69,31.08,184.0,0.243,50.0,27.17,10.0,5.43,0.671,0.14400000000000002,31.64,15.89,16.45,32.34,36.73,23.26,396.0,0.229,88.0,22.22,26.0,6.57,0.677,0.158,27.84,13.46,15.95,29.41,29.79,18.68
745080,2024-06-10,2024,680700,L,669203,R,field_out,False,False,166.0,0.243,40.0,24.1,20.0,12.05,0.701,0.11399999999999999,28.44,13.87,13.87,27.74,27.91,19.61,82.0,0.216,10.0,12.2,6.0,7.32,0.7390000000000001,0.243,15.71,6.75,18.4,25.15,18.99,10.75,131.0,0.15,26.0,19.85,11.0,8.4,0.41300000000000003,0.04200000000000001,23.93,10.59,18.71,29.3,28.78,16.25,388.0,0.17,112.0,28.87,40.0,10.31,0.515,0.087,29.82,13.15,18.05,31.21,30.03,25.51
745080,2024-06-10,2024,676609,R,669203,R,field_error,False,False,163.0,0.243,43.0,26.38,10.0,6.13,0.645,0.09500000000000003,29.63,13.54,19.54,33.08,32.04,21.08,156.0,0.186,37.0,23.72,15.0,9.62,0.588,0.1009999999999999,24.9,10.03,24.36,34.39,27.59,18.69,184.0,0.243,50.0,27.17,10.0,5.43,0.671,0.14400000000000002,31.64,15.89,16.45,32.34,36.73,23.26,396.0,0.229,88.0,22.22,26.0,6.57,0.677,0.158,27.84,13.46,15.95,29.41,29.79,18.68
745080,2024-06-10,2024,656577,R,669203,R,home_run,False,False,34.0,0.033,16.0,47.06,2.0,5.88,0.161,0.034,44.44,23.88,17.91,41.79,43.94,33.33,,,,,,,,,,,,,,,184.0,0.243,50.0,27.17,10.0,5.43,0.671,0.14400000000000002,31.64,15.89,16.45,32.34,36.73,23.26,396.0,0.229,88.0,22.22,26.0,6.57,0.677,0.158,27.84,13.46,15.95,29.41,29.79,18.68
745080,2024-06-10,2024,650490,R,669203,R,field_out,False,False,208.0,0.232,30.0,14.42,21.0,10.1,0.652,0.10300000000000001,11.2,4.85,17.09,21.94,22.45,11.49,462.0,0.322,72.0,15.58,49.0,10.61,0.881,0.1559999999999999,18.95,8.0,18.68,26.68,19.71,15.69,184.0,0.243,50.0,27.17,10.0,5.43,0.671,0.14400000000000002,31.64,15.89,16.45,32.34,36.73,23.26,396.0,0.229,88.0,22.22,26.0,6.57,0.677,0.158,27.84,13.46,15.95,29.41,29.79,18.68
745080,2024-06-10,2024,543510,R,686752,R,home_run,False,False,49.0,0.213,6.0,12.24,1.0,2.04,0.501,0.06400000000000003,18.39,10.13,13.92,24.05,36.36,11.9,112.0,0.247,31.0,27.68,6.0,5.36,0.702,0.134,37.09,19.22,14.36,33.58,41.41,26.72,102.0,0.181,29.0,28.43,5.0,4.9,0.534,0.128,33.5,17.22,15.44,32.66,28.27,22.66,84.0,0.241,25.0,29.76,3.0,3.57,0.7669999999999999,0.24,34.83,18.56,15.87,34.43,34.91,20.83
745080,2024-06-10,2024,683002,L,686752,R,strikeout,True,False,198.0,0.253,44.0,22.22,20.0,10.1,0.9179999999999999,0.32699999999999996,25.36,11.58,14.61,26.18,22.51,23.91,455.0,0.272,117.0,25.71,38.0,8.35,0.885,0.277,25.57,12.07,15.7,27.78,26.4,22.35,102.0,0.189,30.0,29.41,11.0,10.78,0.651,0.178,28.42,12.26,17.92,30.19,23.5,22.22,75.0,0.111,13.0,17.33,2.0,2.67,0.383,0.1249999999999999,19.74,9.38,17.19,26.56,29.09,12.62
745080,2024-06-10,2024,676059,R,686752,R,field_out,False,False,189.0,0.306,31.0,16.4,12.0,6.35,0.903,0.23700000000000004,25.55,12.92,15.0,27.92,29.62,13.39,146.0,0.246,33.0,22.6,8.0,5.48,0.6779999999999999,0.142,22.97,11.73,16.25,27.98,29.59,19.76,102.0,0.181,29.0,28.43,5.0,4.9,0.534,0.128,33.5,17.22,15.44,32.66,28.27,22.66,84.0,0.241,25.0,29.76,3.0,3.57,0.7669999999999999,0.24,34.83,18.56,15.87,34.43,34.91,20.83
745080,2024-06-10,2024,656811,L,686752,R,strikeout,True,False,174.0,0.289,18.0,10.34,15.0,8.62,0.854,0.21400000000000002,17.19,7.68,16.61,24.29,22.76,12.59,340.0,0.297,74.0,21.76,13.0,3.82,0.802,0.178,22.26,11.29,14.37,25.66,31.15,17.72,102.0,0.189,30.0,29.41,11.0,10.78,0.651,0.178,28.42,12.26,17.92,30.19,23.5,22.22,75.0,0.111,13.0,17.33,2.0,2.67,0.383,0.1249999999999999,19.74,9.38,17.19,26.56,29.09,12.62
745080,2024-06-10,2024,668227,R,669203,R,field_out,False,False,193.0,0.178,57.0,29.53,18.0,9.33,0.591,0.14200000000000002,36.29,15.21,19.76,34.97,24.3,20.58,517.0,0.254,119.0,23.02,62.0,11.99,0.7769999999999999,0.1589999999999999,29.93,12.82,18.77,31.59,26.93,19.44,184.0,0.243,50.0,27.17,10.0,5.43,0.671,0.14400000000000002,31.64,15.89,16.45,32.34,36.73,23.26,396.0,0.229,88.0,22.22,26.0,6.57,0.677,0.158,27.84,13.46,15.95,29.41,29.79,18.68
745080,2024-06-10,2024,664040,L,669203,R,strikeout,True,False,71.0,0.18,18.0,25.35,8.0,11.27,0.624,0.14800000000000002,27.27,13.95,10.47,24.42,29.08,25.35,374.0,0.241,103.0,27.54,42.0,11.23,0.813,0.237,31.86,16.63,11.13,27.77,30.39,21.33,131.0,0.15,26.0,19.85,11.0,8.4,0.41300000000000003,0.04200000000000001,23.93,10.59,18.71,29.3,28.78,16.25,388.0,0.17,112.0,28.87,40.0,10.31,0.515,0.087,29.82,13.15,18.05,31.21,30.03,25.51
745080,2024-06-10,2024,670623,R,669203,R,field_out,False,False,191.0,0.293,29.0,15.18,19.0,9.95,0.885,0.21300000000000002,16.5,7.48,18.37,25.85,28.05,8.84,438.0,0.247,82.0,18.72,43.0,9.82,0.86,0.266,18.6,8.55,16.71,25.26,28.98,14.09,184.0,0.243,50.0,27.17,10.0,5.43,0.671,0.14400000000000002,31.64,15.89,16.45,32.34,36.73,23.26,396.0,0.229,88.0,22.22,26.0,6.57,0.677,0.158,27.84,13.46,15.95,29.41,29.79,18.68
745080,2024-06-10,2024,663624,R,686752,R,single,False,False,180.0,0.268,41.0,22.78,9.0,5.0,0.794,0.21999999999999997,23.2,12.68,12.39,25.07,36.81,18.55,310.0,0.235,78.0,25.16,22.0,7.1,0.6399999999999999,0.1139999999999999,29.78,16.05,13.56,29.61,37.06,21.61,102.0,0.181,29.0,28.43,5.0,4.9,0.534,0.128,33.5,17.22,15.44,32.66,28.27,22.66,84.0,0.241,25.0,29.76,3.0,3.57,0.7669999999999999,0.24,34.83,18.56,15.87,34.43,34.91,20.83
745080,2024-06-10,2024,623993,L,686752,R,field_out,False,False,189.0,0.214,29.0,15.34,13.0,6.88,0.754,0.26,16.63,8.97,13.46,22.43,39.95,12.03,486.0,0.26,107.0,22.02,31.0,6.38,0.798,0.2229999999999999,22.13,11.37,14.84,26.21,37.22,15.21,102.0,0.189,30.0,29.41,11.0,10.78,0.651,0.178,28.42,12.26,17.92,30.19,23.5,22.22,75.0,0.111,13.0,17.33,2.0,2.67,0.383,0.1249999999999999,19.74,9.38,17.19,26.56,29.09,12.62
745080,2024-06-10,2024,681297,L,686752,R,strikeout,True,False,160.0,0.241,42.0,26.25,18.0,11.25,0.785,0.20400000000000001,29.93,13.35,16.54,29.89,23.6,22.83,68.0,0.111,20.0,29.41,12.0,17.65,0.427,0.0369999999999999,26.67,10.98,17.07,28.05,21.51,17.7,102.0,0.189,30.0,29.41,11.0,10.78,0.651,0.178,28.42,12.26,17.92,30.19,23.5,22.22,75.0,0.111,13.0,17.33,2.0,2.67,0.383,0.1249999999999999,19.74,9.38,17.19,26.56,29.09,12.62
745080,2024-06-10,2024,602104,R,686752,R,force_out,False,False,61.0,0.246,11.0,18.03,3.0,4.92,0.734,0.193,27.93,13.66,12.78,26.43,24.58,17.19,272.0,0.274,72.0,26.47,17.0,6.25,0.726,0.1169999999999999,29.67,14.82,16.24,31.07,27.7,24.41,102.0,0.181,29.0,28.43,5.0,4.9,0.534,0.128,33.5,17.22,15.44,32.66,28.27,22.66,84.0,0.241,25.0,29.76,3.0,3.57,0.7669999999999999,0.24,34.83,18.56,15.87,34.43,34.91,20.83
745080,2024-06-10,2024,642708,R,669203,R,single,False,False,129.0,0.288,20.0,15.5,4.0,3.1,0.71,0.11200000000000004,20.32,11.33,14.0,25.33,40.27,14.08,353.0,0.252,72.0,20.4,18.0,5.1,0.636,0.091,25.7,13.68,14.7,28.38,39.8,19.35,184.0,0.243,50.0,27.17,10.0,5.43,0.671,0.14400000000000002,31.64,15.89,16.45,32.34,36.73,23.26,396.0,0.229,88.0,22.22,26.0,6.57,0.677,0.158,27.84,13.46,15.95,29.41,29.79,18.68
745080,2024-06-10,2024,642350,R,669203,R,strikeout,True,False,130.0,0.196,47.0,36.15,9.0,6.92,0.604,0.125,37.78,16.6,21.29,37.89,31.58,27.33,271.0,0.23,93.0,34.32,16.0,5.9,0.801,0.29,39.19,20.65,15.06,35.71,37.69,31.08,184.0,0.243,50.0,27.17,10.0,5.43,0.671,0.14400000000000002,31.64,15.89,16.45,32.34,36.73,23.26,396.0,0.229,88.0,22.22,26.0,6.57,0.677,0.158,27.84,13.46,15.95,29.41,29.79,18.68
745080,2024-06-10,2024,680700,L,669203,R,field_out,False,False,166.0,0.243,40.0,24.1,20.0,12.05,0.701,0.11399999999999999,28.44,13.87,13.87,27.74,27.91,19.61,82.0,0.216,10.0,12.2,6.0,7.32,0.7390000000000001,0.243,15.71,6.75,18.4,25.15,18.99,10.75,131.0,0.15,26.0,19.85,11.0,8.4,0.41300000000000003,0.04200000000000001,23.93,10.59,18.71,29.3,28.78,16.25,388.0,0.17,112.0,28.87,40.0,10.31,0.515,0.087,29.82,13.15,18.05,31.21,30.03,25.51
745080,2024-06-10,2024,676609,R,669203,R,field_out,False,False,163.0,0.243,43.0,26.38,10.0,6.13,0.645,0.09500000000000003,29.63,13.54,19.54,33.08,32.04,21.08,156.0,0.186,37.0,23.72,15.0,9.62,0.588,0.1009999999999999,24.9,10.03,24.36,34.39,27.59,18.69,184.0,0.243,50.0,27.17,10.0,5.43,0.671,0.14400000000000002,31.64,15.89,16.45,32.34,36.73,23.26,396.0,0.229,88.0,22.22,26.0,6.57,0.677,0.158,27.84,13.46,15.95,29.41,29.79,18.68
745080,2024-06-10,2024,656775,L,686752,R,field_out,False,False,144.0,0.191,38.0,26.39,10.0,6.94,0.596,0.15999999999999998,20.57,10.76,12.99,23.75,28.84,22.09,336.0,0.233,77.0,22.92,31.0,9.23,0.726,0.1889999999999999,26.24,13.25,14.23,27.48,28.99,18.95,102.0,0.189,30.0,29.41,11.0,10.78,0.651,0.178,28.42,12.26,17.92,30.19,23.5,22.22,75.0,0.111,13.0,17.33,2.0,2.67,0.383,0.1249999999999999,19.74,9.38,17.19,26.56,29.09,12.62
745080,2024-06-10,2024,543510,R,686752,R,single,False,False,49.0,0.213,6.0,12.24,1.0,2.04,0.501,0.06400000000000003,18.39,10.13,13.92,24.05,36.36,11.9,112.0,0.247,31.0,27.68,6.0,5.36,0.702,0.134,37.09,19.22,14.36,33.58,41.41,26.72,102.0,0.181,29.0,28.43,5.0,4.9,0.534,0.128,33.5,17.22,15.44,32.66,28.27,22.66,84.0,0.241,25.0,29.76,3.0,3.57,0.7669999999999999,0.24,34.83,18.56,15.87,34.43,34.91,20.83
745080,2024-06-10,2024,683002,L,686752,R,single,False,False,198.0,0.253,44.0,22.22,20.0,10.1,0.9179999999999999,0.32699999999999996,25.36,11.58,14.61,26.18,22.51,23.91,455.0,0.272,117.0,25.71,38.0,8.35,0.885,0.277,25.57,12.07,15.7,27.78,26.4,22.35,102.0,0.189,30.0,29.41,11.0,10.78,0.651,0.178,28.42,12.26,17.92,30.19,23.5,22.22,75.0,0.111,13.0,17.33,2.0,2.67,0.383,0.1249999999999999,19.74,9.38,17.19,26.56,29.09,12.62
745080,2024-06-10,2024,676059,R,686752,R,strikeout,True,False,189.0,0.306,31.0,16.4,12.0,6.35,0.903,0.23700000000000004,25.55,12.92,15.0,27.92,29.62,13.39,146.0,0.246,33.0,22.6,8.0,5.48,0.6779999999999999,0.142,22.97,11.73,16.25,27.98,29.59,19.76,102.0,0.181,29.0,28.43,5.0,4.9,0.534,0.128,33.5,17.22,15.44,32.66,28.27,22.66,84.0,0.241,25.0,29.76,3.0,3.57,0.7669999999999999,0.24,34.83,18.56,15.87,34.43,34.91,20.83
745080,2024-06-10,2024,656811,L,686752,R,double,False,False,174.0,0.289,18.0,10.34,15.0,8.62,0.854,0.21400000000000002,17.19,7.68,16.61,24.29,22.76,12.59,340.0,0.297,74.0,21.76,13.0,3.82,0.802,0.178,22.26,11.29,14.37,25.66,31.15,17.72,102.0,0.189,30.0,29.41,11.0,10.78,0.651,0.178,28.42,12.26,17.92,30.19,23.5,22.22,75.0,0.111,13.0,17.33,2.0,2.67,0.383,0.1249999999999999,19.74,9.38,17.19,26.56,29.09,12.62
745080,2024-06-10,2024,663624,R,686752,R,strikeout,True,False,180.0,0.268,41.0,22.78,9.0,5.0,0.794,0.21999999999999997,23.2,12.68,12.39,25.07,36.81,18.55,310.0,0.235,78.0,25.16,22.0,7.1,0.6399999999999999,0.1139999999999999,29.78,16.05,13.56,29.61,37.06,21.61,102.0,0.181,29.0,28.43,5.0,4.9,0.534,0.128,33.5,17.22,15.44,32.66,28.27,22.66,84.0,0.241,25.0,29.76,3.0,3.57,0.7669999999999999,0.24,34.83,18.56,15.87,34.43,34.91,20.83
745080,2024-06-10,2024,656577,R,669203,R,field_out,False,False,34.0,0.033,16.0,47.06,2.0,5.88,0.161,0.034,44.44,23.88,17.91,41.79,43.94,33.33,,,,,,,,,,,,,,,184.0,0.243,50.0,27.17,10.0,5.43,0.671,0.14400000000000002,31.64,15.89,16.45,32.34,36.73,23.26,396.0,0.229,88.0,22.22,26.0,6.57,0.677,0.158,27.84,13.46,15.95,29.41,29.79,18.68
745080,2024-06-10,2024,650490,R,669203,R,single,False,False,208.0,0.232,30.0,14.42,21.0,10.1,0.652,0.10300000000000001,11.2,4.85,17.09,21.94,22.45,11.49,462.0,0.322,72.0,15.58,49.0,10.61,0.881,0.1559999999999999,18.95,8.0,18.68,26.68,19.71,15.69,184.0,0.243,50.0,27.17,10.0,5.43,0.671,0.14400000000000002,31.64,15.89,16.45,32.34,36.73,23.26,396.0,0.229,88.0,22.22,26.0,6.57,0.677,0.158,27.84,13.46,15.95,29.41,29.79,18.68
745080,2024-06-10,2024,668227,R,669203,R,field_out,False,False,193.0,0.178,57.0,29.53,18.0,9.33,0.591,0.14200000000000002,36.29,15.21,19.76,34.97,24.3,20.58,517.0,0.254,119.0,23.02,62.0,11.99,0.7769999999999999,0.1589999999999999,29.93,12.82,18.77,31.59,26.93,19.44,184.0,0.243,50.0,27.17,10.0,5.43,0.671,0.14400000000000002,31.64,15.89,16.45,32.34,36.73,23.26,396.0,0.229,88.0,22.22,26.0,6.57,0.677,0.158,27.84,13.46,15.95,29.41,29.79,18.68
745080,2024-06-10,2024,664040,L,669203,R,field_out,False,False,71.0,0.18,18.0,25.35,8.0,11.27,0.624,0.14800000000000002,27.27,13.95,10.47,24.42,29.08,25.35,374.0,0.241,103.0,27.54,42.0,11.23,0.813,0.237,31.86,16.63,11.13,27.77,30.39,21.33,131.0,0.15,26.0,19.85,11.0,8.4,0.41300000000000003,0.04200000000000001,23.93,10.59,18.71,29.3,28.78,16.25,388.0,0.17,112.0,28.87,40.0,10.31,0.515,0.087,29.82,13.15,18.05,31.21,30.03,25.51
745080,2024-06-10,2024,623993,L,686752,R,strikeout,True,False,189.0,0.214,29.0,15.34,13.0,6.88,0.754,0.26,16.63,8.97,13.46,22.43,39.95,12.03,486.0,0.26,107.0,22.02,31.0,6.38,0.798,0.2229999999999999,22.13,11.37,14.84,26.21,37.22,15.21,102.0,0.189,30.0,29.41,11.0,10.78,0.651,0.178,28.42,12.26,17.92,30.19,23.5,22.22,75.0,0.111,13.0,17.33,2.0,2.67,0.383,0.1249999999999999,19.74,9.38,17.19,26.56,29.09,12.62
745080,2024-06-10,2024,681297,L,686752,R,single,False,False,160.0,0.241,42.0,26.25,18.0,11.25,0.785,0.20400000000000001,29.93,13.35,16.54,29.89,23.6,22.83,68.0,0.111,20.0,29.41,12.0,17.65,0.427,0.0369999999999999,26.67,10.98,17.07,28.05,21.51,17.7,102.0,0.189,30.0,29.41,11.0,10.78,0.651,0.178,28.42,12.26,17.92,30.19,23.5,22.22,75.0,0.111,13.0,17.33,2.0,2.67,0.383,0.1249999999999999,19.74,9.38,17.19,26.56,29.09,12.62
745080,2024-06-10,2024,602104,R,686752,R,strikeout,True,False,61.0,0.246,11.0,18.03,3.0,4.92,0.734,0.193,27.93,13.66,12.78,26.43,24.58,17.19,272.0,0.274,72.0,26.47,17.0,6.25,0.726,0.1169999999999999,29.67,14.82,16.24,31.07,27.7,24.41,102.0,0.181,29.0,28.43,5.0,4.9,0.534,0.128,33.5,17.22,15.44,32.66,28.27,22.66,84.0,0.241,25.0,29.76,3.0,3.57,0.7669999999999999,0.24,34.83,18.56,15.87,34.43,34.91,20.83
745080,2024-06-10,2024,656775,L,686752,R,strikeout,True,False,144.0,0.191,38.0,26.39,10.0,6.94,0.596,0.15999999999999998,20.57,10.76,12.99,23.75,28.84,22.09,336.0,0.233,77.0,22.92,31.0,9.23,0.726,0.1889999999999999,26.24,13.25,14.23,27.48,28.99,18.95,102.0,0.189,30.0,29.41,11.0,10.78,0.651,0.178,28.42,12.26,17.92,30.19,23.5,22.22,75.0,0.111,13.0,17.33,2.0,2.67,0.383,0.1249999999999999,19.74,9.38,17.19,26.56,29.09,12.62
745080,2024-06-10,2024,670623,R,669203,R,single,False,False,191.0,0.293,29.0,15.18,19.0,9.95,0.885,0.21300000000000002,16.5,7.48,18.37,25.85,28.05,8.84,438.0,0.247,82.0,18.72,43.0,9.82,0.86,0.266,18.6,8.55,16.71,25.26,28.98,14.09,184.0,0.243,50.0,27.17,10.0,5.43,0.671,0.14400000000000002,31.64,15.89,16.45,32.34,36.73,23.26,396.0,0.229,88.0,22.22,26.0,6.57,0.677,0.158,27.84,13.46,15.95,29.41,29.79,18.68
745080,2024-06-10,2024,642708,R,669203,R,grounded_into_double_play,False,False,129.0,0.288,20.0,15.5,4.0,3.1,0.71,0.11200000000000004,20.32,11.33,14.0,25.33,40.27,14.08,353.0,0.252,72.0,20.4,18.0,5.1,0.636,0.091,25.7,13.68,14.7,28.38,39.8,19.35,184.0,0.243,50.0,27.17,10.0,5.43,0.671,0.14400000000000002,31.64,15.89,16.45,32.34,36.73,23.26,396.0,0.229,88.0,22.22,26.0,6.57,0.677,0.158,27.84,13.46,15.95,29.41,29.79,18.68
745080,2024-06-10,2024,642350,R,669203,R,field_out,False,False,130.0,0.196,47.0,36.15,9.0,6.92,0.604,0.125,37.78,16.6,21.29,37.89,31.58,27.33,271.0,0.23,93.0,34.32,16.0,5.9,0.801,0.29,39.19,20.65,15.06,35.71,37.69,31.08,184.0,0.243,50.0,27.17,10.0,5.43,0.671,0.14400000000000002,31.64,15.89,16.45,32.34,36.73,23.26,396.0,0.229,88.0,22.22,26.0,6.57,0.677,0.158,27.84,13.46,15.95,29.41,29.79,18.68
745080,2024-06-10,2024,543510,R,687330,R,strikeout,True,False,49.0,0.213,6.0,12.24,1.0,2.04,0.501,0.06400000000000003,18.39,10.13,13.92,24.05,36.36,11.9,112.0,0.247,31.0,27.68,6.0,5.36,0.702,0.134,37.09,19.22,14.36,33.58,41.41,26.72,69.0,0.27,18.0,26.09,3.0,4.35,0.737,0.14299999999999996,22.45,9.17,26.25,35.42,27.1,25.0,172.0,0.211,29.0,16.86,5.0,2.91,0.554,0.0809999999999999,21.07,9.75,21.21,30.96,29.68,13.74
745080,2024-06-10,2024,683002,L,687330,R,double,False,False,198.0,0.253,44.0,22.22,20.0,10.1,0.9179999999999999,0.32699999999999996,25.36,11.58,14.61,26.18,22.51,23.91,455.0,0.272,117.0,25.71,38.0,8.35,0.885,0.277,25.57,12.07,15.7,27.78,26.4,22.35,41.0,0.179,8.0,19.51,0.0,0.0,0.585,0.20600000000000002,13.85,6.43,22.86,29.29,26.98,19.05,104.0,0.211,27.0,25.96,10.0,9.62,0.65,0.122,24.16,10.19,19.67,29.86,20.39,21.31
745080,2024-06-10,2024,676059,R,687330,R,field_out,False,False,189.0,0.306,31.0,16.4,12.0,6.35,0.903,0.23700000000000004,25.55,12.92,15.0,27.92,29.62,13.39,146.0,0.246,33.0,22.6,8.0,5.48,0.6779999999999999,0.142,22.97,11.73,16.25,27.98,29.59,19.76,69.0,0.27,18.0,26.09,3.0,4.35,0.737,0.14299999999999996,22.45,9.17,26.25,35.42,27.1,25.0,172.0,0.211,29.0,16.86,5.0,2.91,0.554,0.0809999999999999,21.07,9.75,21.21,30.96,29.68,13.74
745080,2024-06-10,2024,656811,L,687330,R,single,False,False,174.0,0.289,18.0,10.34,15.0,8.62,0.854,0.21400000000000002,17.19,7.68,16.61,24.29,22.76,12.59,340.0,0.297,74.0,21.76,13.0,3.82,0.802,0.178,22.26,11.29,14.37,25.66,31.15,17.72,41.0,0.179,8.0,19.51,0.0,0.0,0.585,0.20600000000000002,13.85,6.43,22.86,29.29,26.98,19.05,104.0,0.211,27.0,25.96,10.0,9.62,0.65,0.122,24.16,10.19,19.67,29.86,20.39,21.31
745080,2024-06-10,2024,663624,R,687330,R,strikeout,True,False,180.0,0.268,41.0,22.78,9.0,5.0,0.794,0.21999999999999997,23.2,12.68,12.39,25.07,36.81,18.55,310.0,0.235,78.0,25.16,22.0,7.1,0.6399999999999999,0.1139999999999999,29.78,16.05,13.56,29.61,37.06,21.61,69.0,0.27,18.0,26.09,3.0,4.35,0.737,0.14299999999999996,22.45,9.17,26.25,35.42,27.1,25.0,172.0,0.211,29.0,16.86,5.0,2.91,0.554,0.0809999999999999,21.07,9.75,21.21,30.96,29.68,13.74
745080,2024-06-10,2024,680700,L,669203,R,strikeout,True,False,166.0,0.243,40.0,24.1,20.0,12.05,0.701,0.11399999999999999,28.44,13.87,13.87,27.74,27.91,19.61,82.0,0.216,10.0,12.2,6.0,7.32,0.7390000000000001,0.243,15.71,6.75,18.4,25.15,18.99,10.75,131.0,0.15,26.0,19.85,11.0,8.4,0.41300000000000003,0.04200000000000001,23.93,10.59,18.71,29.3,28.78,16.25,388.0,0.17,112.0,28.87,40.0,10.31,0.515,0.087,29.82,13.15,18.05,31.21,30.03,25.51
745080,2024-06-10,2024,676609,R,669203,R,field_out,False,False,163.0,0.243,43.0,26.38,10.0,6.13,0.645,0.09500000000000003,29.63,13.54,19.54,33.08,32.04,21.08,156.0,0.186,37.0,23.72,15.0,9.62,0.588,0.1009999999999999,24.9,10.03,24.36,34.39,27.59,18.69,184.0,0.243,50.0,27.17,10.0,5.43,0.671,0.14400000000000002,31.64,15.89,16.45,32.34,36.73,23.26,396.0,0.229,88.0,22.22,26.0,6.57,0.677,0.158,27.84,13.46,15.95,29.41,29.79,18.68
745080,2024-06-10,2024,656577,R,669203,R,field_out,False,False,34.0,0.033,16.0,47.06,2.0,5.88,0.161,0.034,44.44,23.88,17.91,41.79,43.94,33.33,,,,,,,,,,,,,,,184.0,0.243,50.0,27.17,10.0,5.43,0.671,0.14400000000000002,31.64,15.89,16.45,32.34,36.73,23.26,396.0,0.229,88.0,22.22,26.0,6.57,0.677,0.158,27.84,13.46,15.95,29.41,29.79,18.68
745080,2024-06-10,2024,623993,R,621363,L,field_out,False,False,63.0,0.269,16.0,25.4,7.0,11.11,0.881,0.23099999999999998,32.41,14.58,18.33,32.92,29.51,23.19,170.0,0.25,45.0,26.47,24.0,14.12,0.7909999999999999,0.188,28.15,11.77,18.98,30.75,26.34,19.31,34.0,0.226,4.0,11.76,2.0,5.88,0.6839999999999999,0.19299999999999998,21.31,11.11,7.69,18.8,32.84,13.79,172.0,0.199,36.0,20.93,16.0,9.3,0.5740000000000001,0.0989999999999999,25.81,12.6,14.49,27.09,32.74,21.95
745080,2024-06-10,2024,681297,L,621363,L,strikeout,True,False,50.0,0.209,19.0,38.0,4.0,8.0,0.6579999999999999,0.163,36.78,15.53,19.9,35.44,21.15,27.14,9.0,0.143,2.0,22.22,1.0,11.11,0.476,0.0,25.0,8.11,27.03,35.14,15.79,18.18,13.0,0.5,2.0,15.38,3.0,23.08,1.5150000000000001,0.4,21.74,9.43,15.09,24.53,19.23,11.11,74.0,0.185,25.0,33.78,8.0,10.81,0.597,0.138,35.92,17.23,16.55,33.78,28.28,25.81
745080,2024-06-10,2024,602104,R,621363,L,strikeout,True,False,26.0,0.217,3.0,11.54,1.0,3.85,0.612,0.087,17.31,8.11,16.22,24.32,22.22,8.82,124.0,0.241,29.0,23.39,10.0,8.06,0.654,0.098,26.55,12.58,16.35,28.93,29.75,21.64,34.0,0.226,4.0,11.76,2.0,5.88,0.6839999999999999,0.19299999999999998,21.31,11.11,7.69,18.8,32.84,13.79,172.0,0.199,36.0,20.93,16.0,9.3,0.5740000000000001,0.0989999999999999,25.81,12.6,14.49,27.09,32.74,21.95
745080,2024-06-10,2024,650490,R,666974,R,strikeout,True,False,208.0,0.232,30.0,14.42,21.0,10.1,0.652,0.10300000000000001,11.2,4.85,17.09,21.94,22.45,11.49,462.0,0.322,72.0,15.58,49.0,10.61,0.881,0.1559999999999999,18.95,8.0,18.68,26.68,19.71,15.69,79.0,0.217,23.0,29.11,9.0,11.39,0.649,0.11600000000000002,30.91,15.36,15.36,30.72,37.43,19.17,173.0,0.202,45.0,26.01,6.0,3.47,0.5569999999999999,0.1109999999999999,25.79,12.87,18.68,31.55,32.06,21.84
745080,2024-06-10,2024,668227,R,666974,R,field_out,False,False,193.0,0.178,57.0,29.53,18.0,9.33,0.591,0.14200000000000002,36.29,15.21,19.76,34.97,24.3,20.58,517.0,0.254,119.0,23.02,62.0,11.99,0.7769999999999999,0.1589999999999999,29.93,12.82,18.77,31.59,26.93,19.44,79.0,0.217,23.0,29.11,9.0,11.39,0.649,0.11600000000000002,30.91,15.36,15.36,30.72,37.43,19.17,173.0,0.202,45.0,26.01,6.0,3.47,0.5569999999999999,0.1109999999999999,25.79,12.87,18.68,31.55,32.06,21.84
745080,2024-06-10,2024,664040,L,666974,R,walk,False,True,71.0,0.18,18.0,25.35,8.0,11.27,0.624,0.14800000000000002,27.27,13.95,10.47,24.42,29.08,25.35,374.0,0.241,103.0,27.54,42.0,11.23,0.813,0.237,31.86,16.63,11.13,27.77,30.39,21.33,40.0,0.243,4.0,10.0,3.0,7.5,0.732,0.189,30.77,15.89,8.61,24.5,35.56,10.81,110.0,0.262,20.0,18.18,7.0,6.36,0.6679999999999999,0.0969999999999999,25.13,12.66,12.14,24.81,32.71,22.22
745080,2024-06-10,2024,670623,R,666974,R,strikeout,True,False,191.0,0.293,29.0,15.18,19.0,9.95,0.885,0.21300000000000002,16.5,7.48,18.37,25.85,28.05,8.84,438.0,0.247,82.0,18.72,43.0,9.82,0.86,0.266,18.6,8.55,16.71,25.26,28.98,14.09,79.0,0.217,23.0,29.11,9.0,11.39,0.649,0.11600000000000002,30.91,15.36,15.36,30.72,37.43,19.17,173.0,0.202,45.0,26.01,6.0,3.47,0.5569999999999999,0.1109999999999999,25.79,12.87,18.68,31.55,32.06,21.84
745080,2024-06-10,2024,656775,L,606965,R,field_out,False,False,144.0,0.191,38.0,26.39,10.0,6.94,0.596,0.15999999999999998,20.57,10.76,12.99,23.75,28.84,22.09,336.0,0.233,77.0,22.92,31.0,9.23,0.726,0.1889999999999999,26.24,13.25,14.23,27.48,28.99,18.95,46.0,0.182,11.0,23.91,2.0,4.35,0.535,0.136,30.21,14.5,18.5,33.0,31.31,15.28,72.0,0.206,14.0,19.44,5.0,6.94,0.601,0.127,24.64,11.76,14.53,26.3,32.69,16.67
745080,2024-06-10,2024,543510,R,606965,R,walk,False,True,49.0,0.213,6.0,12.24,1.0,2.04,0.501,0.06400000000000003,18.39,10.13,13.92,24.05,36.36,11.9,112.0,0.247,31.0,27.68,6.0,5.36,0.702,0.134,37.09,19.22,14.36,33.58,41.41,26.72,45.0,0.368,5.0,11.11,7.0,15.56,1.309,0.474,25.32,10.75,16.67,27.42,23.3,8.33,101.0,0.245,28.0,27.72,6.0,5.94,0.702,0.1699999999999999,32.8,15.66,15.91,31.57,27.49,22.76
745080,2024-06-10,2024,683002,L,606965,R,field_out,False,False,198.0,0.253,44.0,22.22,20.0,10.1,0.9179999999999999,0.32699999999999996,25.36,11.58,14.61,26.18,22.51,23.91,455.0,0.272,117.0,25.71,38.0,8.35,0.885,0.277,25.57,12.07,15.7,27.78,26.4,22.35,46.0,0.182,11.0,23.91,2.0,4.35,0.535,0.136,30.21,14.5,18.5,33.0,31.31,15.28,72.0,0.206,14.0,19.44,5.0,6.94,0.601,0.127,24.64,11.76,14.53,26.3,32.69,16.67
745080,2024-06-10,2024,676059,R,606965,R,strikeout,True,False,189.0,0.306,31.0,16.4,12.0,6.35,0.903,0.23700000000000004,25.55,12.92,15.0,27.92,29.62,13.39,146.0,0.246,33.0,22.6,8.0,5.48,0.6779999999999999,0.142,22.97,11.73,16.25,27.98,29.59,19.76,45.0,0.368,5.0,11.11,7.0,15.56,1.309,0.474,25.32,10.75,16.67,27.42,23.3,8.33,101.0,0.245,28.0,27.72,6.0,5.94,0.702,0.1699999999999999,32.8,15.66,15.91,31.57,27.49,22.76
745080,2024-06-10,2024,642708,R,518886,R,walk,False,True,129.0,0.288,20.0,15.5,4.0,3.1,0.71,0.11200000000000004,20.32,11.33,14.0,25.33,40.27,14.08,353.0,0.252,72.0,20.4,18.0,5.1,0.636,0.091,25.7,13.68,14.7,28.38,39.8,19.35,48.0,0.154,15.0,31.25,6.0,12.5,0.471,0.024999999999999994,30.86,11.96,17.7,29.67,19.09,32.61,162.0,0.179,56.0,34.57,14.0,8.64,0.614,0.18,31.13,14.35,18.32,32.67,27.59,25.81
745080,2024-06-10,2024,642350,R,518886,R,strikeout,True,False,130.0,0.196,47.0,36.15,9.0,6.92,0.604,0.125,37.78,16.6,21.29,37.89,31.58,27.33,271.0,0.23,93.0,34.32,16.0,5.9,0.801,0.29,39.19,20.65,15.06,35.71,37.69,31.08,48.0,0.154,15.0,31.25,6.0,12.5,0.471,0.024999999999999994,30.86,11.96,17.7,29.67,19.09,32.61,162.0,0.179,56.0,34.57,14.0,8.64,0.614,0.18,31.13,14.35,18.32,32.67,27.59,25.81
745080,2024-06-10,2024,680700,L,518886,R,strikeout,True,False,166.0,0.243,40.0,24.1,20.0,12.05,0.701,0.11399999999999999,28.44,13.87,13.87,27.74,27.91,19.61,82.0,0.216,10.0,12.2,6.0,7.32,0.7390000000000001,0.243,15.71,6.75,18.4,25.15,18.99,10.75,41.0,0.189,16.0,39.02,3.0,7.32,0.628,0.189,29.73,12.72,23.12,35.84,25.33,28.57,116.0,0.184,38.0,32.76,14.0,12.07,0.608,0.122,35.96,16.91,15.67,32.58,30.67,23.6
745080,2024-06-10,2024,676609,R,518886,R,field_out,False,False,163.0,0.243,43.0,26.38,10.0,6.13,0.645,0.09500000000000003,29.63,13.54,19.54,33.08,32.04,21.08,156.0,0.186,37.0,23.72,15.0,9.62,0.588,0.1009999999999999,24.9,10.03,24.36,34.39,27.59,18.69,48.0,0.154,15.0,31.25,6.0,12.5,0.471,0.024999999999999994,30.86,11.96,17.7,29.67,19.09,32.61,162.0,0.179,56.0,34.57,14.0,8.64,0.614,0.18,31.13,14.35,18.32,32.67,27.59,25.81
745897,2024-06-10,2024,453568,L,663978,R,single,False,False,173.0,0.242,24.0,13.87,13.0,7.51,0.6839999999999999,0.134,18.93,9.39,17.06,26.45,35.85,13.64,309.0,0.272,48.0,15.53,26.0,8.41,0.7909999999999999,0.1689999999999999,21.84,10.67,16.05,26.72,30.66,16.11,147.0,0.287,26.0,17.69,8.0,5.44,0.746,0.132,20.6,10.32,15.38,25.7,32.62,17.69,5.0,0.2,3.0,60.0,0.0,0.0,1.0,0.6000000000000001,40.0,21.05,15.79,36.84,37.5,75.0
745897,2024-06-10,2024,678662,R,663978,R,single,False,False,206.0,0.304,58.0,28.16,6.0,2.91,0.837,0.201,33.96,21.28,10.05,31.33,46.4,22.66,438.0,0.256,109.0,24.89,17.0,3.88,0.69,0.143,29.47,17.51,10.44,27.95,41.11,20.49,139.0,0.293,35.0,25.18,6.0,4.32,0.813,0.196,26.97,13.33,15.93,29.26,28.52,20.35,17.0,0.312,5.0,29.41,1.0,5.88,0.728,0.063,31.03,15.0,20.0,35.0,19.23,26.32
745897,2024-06-10,2024,553869,R,663978,R,grounded_into_double_play,False,False,154.0,0.307,30.0,19.48,10.0,6.49,0.8140000000000001,0.14300000000000002,28.9,15.62,12.39,28.01,33.81,17.65,383.0,0.298,92.0,24.02,23.0,6.01,0.777,0.14,29.34,15.86,11.31,27.17,35.61,20.22,139.0,0.293,35.0,25.18,6.0,4.32,0.813,0.196,26.97,13.33,15.93,29.26,28.52,20.35,17.0,0.312,5.0,29.41,1.0,5.88,0.728,0.063,31.03,15.0,20.0,35.0,19.23,26.32
745897,2024-06-10,2024,641857,L,663978,R,strikeout,True,False,191.0,0.242,52.0,27.23,21.0,10.99,0.724,0.15800000000000003,26.65,12.33,16.24,28.57,26.87,19.12,449.0,0.26,141.0,31.4,52.0,11.58,0.826,0.2209999999999999,31.26,14.84,14.94,29.79,25.26,20.41,147.0,0.287,26.0,17.69,8.0,5.44,0.746,0.132,20.6,10.32,15.38,25.7,32.62,17.69,5.0,0.2,3.0,60.0,0.0,0.0,1.0,0.6000000000000001,40.0,21.05,15.79,36.84,37.5,75.0
745897,2024-06-10,2024,650489,L,641712,R,field_out,False,False,189.0,0.217,44.0,23.28,19.0,10.05,0.694,0.149,27.02,12.71,15.47,28.18,28.5,19.05,280.0,0.266,73.0,26.07,23.0,8.21,0.8029999999999999,0.189,28.16,14.39,15.31,29.7,34.97,21.1,134.0,0.286,18.0,13.43,20.0,14.93,0.851,0.16900000000000004,17.44,6.55,19.08,25.63,15.21,14.75,174.0,0.305,19.0,10.92,19.0,10.92,0.837,0.15,18.95,8.36,15.94,24.3,20.62,13.01
745897,2024-06-10,2024,663616,L,641712,R,field_out,False,False,124.0,0.261,25.0,20.16,12.0,9.68,0.781,0.189,27.98,13.29,16.34,29.63,29.26,18.9,189.0,0.228,60.0,31.75,25.0,13.23,0.766,0.21,36.25,14.96,16.71,31.67,22.55,25.75,134.0,0.286,18.0,13.43,20.0,14.93,0.851,0.16900000000000004,17.44,6.55,19.08,25.63,15.21,14.75,174.0,0.305,19.0,10.92,19.0,10.92,0.837,0.15,18.95,8.36,15.94,24.3,20.62,13.01
745897,2024-06-10,2024,668904,R,641712,R,field_out,False,False,14.0,0.25,4.0,28.57,2.0,14.29,1.107,0.5,30.43,11.67,15.0,26.67,17.65,26.67,183.0,0.307,43.0,23.5,15.0,8.2,0.962,0.283,27.16,12.8,18.57,31.36,28.0,20.98,144.0,0.228,17.0,11.81,13.0,9.03,0.638,0.095,20.0,9.32,15.97,25.29,27.41,11.49,180.0,0.261,26.0,14.44,15.0,8.33,0.7709999999999999,0.1659999999999999,21.19,10.57,12.8,23.36,28.41,14.94
745897,2024-06-10,2024,686668,R,663978,R,strikeout,True,False,197.0,0.272,56.0,28.43,19.0,9.64,0.7669999999999999,0.14999999999999997,30.86,15.19,15.75,30.94,28.8,26.54,299.0,0.207,98.0,32.78,17.0,5.69,0.597,0.131,34.17,17.56,14.33,31.89,31.96,31.51,139.0,0.293,35.0,25.18,6.0,4.32,0.813,0.196,26.97,13.33,15.93,29.26,28.52,20.35,17.0,0.312,5.0,29.41,1.0,5.88,0.728,0.063,31.03,15.0,20.0,35.0,19.23,26.32
745897,2024-06-10,2024,669911,L,663978,R,field_out,False,False,46.0,0.136,19.0,41.3,1.0,2.17,0.492,0.182,32.38,15.81,16.28,32.09,33.61,22.62,104.0,0.189,29.0,27.88,8.0,7.69,0.628,0.179,34.34,17.26,14.21,31.47,29.0,25.0,147.0,0.287,26.0,17.69,8.0,5.44,0.746,0.132,20.6,10.32,15.38,25.7,32.62,17.69,5.0,0.2,3.0,60.0,0.0,0.0,1.0,0.6000000000000001,40.0,21.05,15.79,36.84,37.5,75.0
745897,2024-06-10,2024,595909,L,663978,R,single,False,False,98.0,0.253,25.0,25.51,10.0,10.2,0.649,0.069,21.63,10.84,14.7,25.54,30.62,17.99,171.0,0.226,44.0,25.73,12.0,7.02,0.663,0.155,26.67,12.9,15.25,28.15,29.13,19.91,147.0,0.287,26.0,17.69,8.0,5.44,0.746,0.132,20.6,10.32,15.38,25.7,32.62,17.69,5.0,0.2,3.0,60.0,0.0,0.0,1.0,0.6000000000000001,40.0,21.05,15.79,36.84,37.5,75.0
745897,2024-06-10,2024,696100,R,663978,R,field_out,False,False,44.0,0.098,14.0,31.82,2.0,4.55,0.281,0.023999999999999994,41.11,23.42,10.13,33.54,36.14,31.82,64.0,0.193,18.0,28.12,5.0,7.81,0.583,0.14,38.6,18.26,16.18,34.44,35.56,28.57,139.0,0.293,35.0,25.18,6.0,4.32,0.813,0.196,26.97,13.33,15.93,29.26,28.52,20.35,17.0,0.312,5.0,29.41,1.0,5.88,0.728,0.063,31.03,15.0,20.0,35.0,19.23,26.32
745897,2024-06-10,2024,596146,L,641712,R,field_out,False,False,143.0,0.242,29.0,20.28,12.0,8.39,0.716,0.16400000000000003,23.94,11.87,13.09,24.96,26.42,16.11,394.0,0.263,84.0,21.32,37.0,9.39,0.8320000000000001,0.2339999999999999,19.92,9.32,15.49,24.81,24.75,18.14,134.0,0.286,18.0,13.43,20.0,14.93,0.851,0.16900000000000004,17.44,6.55,19.08,25.63,15.21,14.75,174.0,0.305,19.0,10.92,19.0,10.92,0.837,0.15,18.95,8.36,15.94,24.3,20.62,13.01
745897,2024-06-10,2024,621043,R,641712,R,field_out,False,False,145.0,0.286,30.0,20.69,16.0,11.03,0.827,0.18200000000000005,21.58,9.44,20.51,29.95,27.92,19.11,444.0,0.224,112.0,25.23,42.0,9.46,0.69,0.164,26.37,11.3,19.9,31.19,27.0,21.72,144.0,0.228,17.0,11.81,13.0,9.03,0.638,0.095,20.0,9.32,15.97,25.29,27.41,11.49,180.0,0.261,26.0,14.44,15.0,8.33,0.7709999999999999,0.1659999999999999,21.19,10.57,12.8,23.36,28.41,14.94
745897,2024-06-10,2024,467793,L,641712,R,field_out,False,False,169.0,0.197,27.0,15.98,19.0,11.24,0.642,0.14300000000000002,23.23,9.8,17.47,27.27,24.05,13.85,460.0,0.231,83.0,18.04,45.0,9.78,0.727,0.1899999999999999,23.76,11.0,14.32,25.31,24.63,16.21,134.0,0.286,18.0,13.43,20.0,14.93,0.851,0.16900000000000004,17.44,6.55,19.08,25.63,15.21,14.75,174.0,0.305,19.0,10.92,19.0,10.92,0.837,0.15,18.95,8.36,15.94,24.3,20.62,13.01
745897,2024-06-10,2024,691182,L,663978,R,field_out,False,False,3.0,0.333,1.0,33.33,0.0,0.0,0.666,0.0,40.0,28.57,14.29,42.86,66.67,100.0,,,,,,,,,,,,,,,147.0,0.287,26.0,17.69,8.0,5.44,0.746,0.132,20.6,10.32,15.38,25.7,32.62,17.69,5.0,0.2,3.0,60.0,0.0,0.0,1.0,0.6000000000000001,40.0,21.05,15.79,36.84,37.5,75.0
745897,2024-06-10,2024,453568,L,663978,R,single,False,False,173.0,0.242,24.0,13.87,13.0,7.51,0.6839999999999999,0.134,18.93,9.39,17.06,26.45,35.85,13.64,309.0,0.272,48.0,15.53,26.0,8.41,0.7909999999999999,0.1689999999999999,21.84,10.67,16.05,26.72,30.66,16.11,147.0,0.287,26.0,17.69,8.0,5.44,0.746,0.132,20.6,10.32,15.38,25.7,32.62,17.69,5.0,0.2,3.0,60.0,0.0,0.0,1.0,0.6000000000000001,40.0,21.05,15.79,36.84,37.5,75.0
745897,2024-06-10,2024,678662,R,663978,R,field_out,False,False,206.0,0.304,58.0,28.16,6.0,2.91,0.837,0.201,33.96,21.28,10.05,31.33,46.4,22.66,438.0,0.256,109.0,24.89,17.0,3.88,0.69,0.143,29.47,17.51,10.44,27.95,41.11,20.49,139.0,0.293,35.0,25.18,6.0,4.32,0.813,0.196,26.97,13.33,15.93,29.26,28.52,20.35,17.0,0.312,5.0,29.41,1.0,5.88,0.728,0.063,31.03,15.0,20.0,35.0,19.23,26.32
745897,2024-06-10,2024,607732,R,663978,R,strikeout,True,False,69.0,0.246,14.0,20.29,5.0,7.25,0.661,0.08200000000000002,26.67,12.03,18.42,30.45,21.6,17.07,225.0,0.186,56.0,24.89,24.0,10.67,0.547,0.082,22.79,8.98,20.99,29.97,22.2,22.95,139.0,0.293,35.0,25.18,6.0,4.32,0.813,0.196,26.97,13.33,15.93,29.26,28.52,20.35,17.0,0.312,5.0,29.41,1.0,5.88,0.728,0.063,31.03,15.0,20.0,35.0,19.23,26.32
745897,2024-06-10,2024,666135,L,641712,R,field_out,False,False,164.0,0.211,44.0,26.83,14.0,8.54,0.6839999999999999,0.19699999999999998,30.46,14.89,16.18,31.07,30.19,25.14,264.0,0.3,63.0,23.86,24.0,9.09,0.858,0.185,26.95,12.66,17.1,29.76,32.56,21.58,134.0,0.286,18.0,13.43,20.0,14.93,0.851,0.16900000000000004,17.44,6.55,19.08,25.63,15.21,14.75,174.0,0.305,19.0,10.92,19.0,10.92,0.837,0.15,18.95,8.36,15.94,24.3,20.62,13.01
745897,2024-06-10,2024,622534,R,641712,R,double,False,False,67.0,0.177,14.0,20.9,5.0,7.46,0.46499999999999997,0.049000000000000016,23.33,11.67,17.5,29.17,31.86,20.0,237.0,0.258,33.0,13.92,15.0,6.33,0.694,0.12,23.38,11.66,15.01,26.67,32.22,16.02,144.0,0.228,17.0,11.81,13.0,9.03,0.638,0.095,20.0,9.32,15.97,25.29,27.41,11.49,180.0,0.261,26.0,14.44,15.0,8.33,0.7709999999999999,0.1659999999999999,21.19,10.57,12.8,23.36,28.41,14.94
745897,2024-06-10,2024,543877,R,641712,R,sac_fly,False,False,84.0,0.169,22.0,26.19,3.0,3.57,0.48,0.10400000000000001,30.97,16.22,17.57,33.78,38.41,27.16,279.0,0.216,59.0,21.15,22.0,7.89,0.548,0.051,25.76,12.56,16.62,29.18,33.72,23.41,144.0,0.228,17.0,11.81,13.0,9.03,0.638,0.095,20.0,9.32,15.97,25.29,27.41,11.49,180.0,0.261,26.0,14.44,15.0,8.33,0.7709999999999999,0.1659999999999999,21.19,10.57,12.8,23.36,28.41,14.94
745897,2024-06-10,2024,650489,L,641712,R,field_out,False,False,189.0,0.217,44.0,23.28,19.0,10.05,0.694,0.149,27.02,12.71,15.47,28.18,28.5,19.05,280.0,0.266,73.0,26.07,23.0,8.21,0.8029999999999999,0.189,28.16,14.39,15.31,29.7,34.97,21.1,134.0,0.286,18.0,13.43,20.0,14.93,0.851,0.16900000000000004,17.44,6.55,19.08,25.63,15.21,14.75,174.0,0.305,19.0,10.92,19.0,10.92,0.837,0.15,18.95,8.36,15.94,24.3,20.62,13.01
745897,2024-06-10,2024,641857,L,663978,R,strikeout,True,False,191.0,0.242,52.0,27.23,21.0,10.99,0.724,0.15800000000000003,26.65,12.33,16.24,28.57,26.87,19.12,449.0,0.26,141.0,31.4,52.0,11.58,0.826,0.2209999999999999,31.26,14.84,14.94,29.79,25.26,20.41,147.0,0.287,26.0,17.69,8.0,5.44,0.746,0.132,20.6,10.32,15.38,25.7,32.62,17.69,5.0,0.2,3.0,60.0,0.0,0.0,1.0,0.6000000000000001,40.0,21.05,15.79,36.84,37.5,75.0
745897,2024-06-10,2024,686668,R,663978,R,strikeout,True,False,197.0,0.272,56.0,28.43,19.0,9.64,0.7669999999999999,0.14999999999999997,30.86,15.19,15.75,30.94,28.8,26.54,299.0,0.207,98.0,32.78,17.0,5.69,0.597,0.131,34.17,17.56,14.33,31.89,31.96,31.51,139.0,0.293,35.0,25.18,6.0,4.32,0.813,0.196,26.97,13.33,15.93,29.26,28.52,20.35,17.0,0.312,5.0,29.41,1.0,5.88,0.728,0.063,31.03,15.0,20.0,35.0,19.23,26.32
745897,2024-06-10,2024,669911,L,663978,R,single,False,False,46.0,0.136,19.0,41.3,1.0,2.17,0.492,0.182,32.38,15.81,16.28,32.09,33.61,22.62,104.0,0.189,29.0,27.88,8.0,7.69,0.628,0.179,34.34,17.26,14.21,31.47,29.0,25.0,147.0,0.287,26.0,17.69,8.0,5.44,0.746,0.132,20.6,10.32,15.38,25.7,32.62,17.69,5.0,0.2,3.0,60.0,0.0,0.0,1.0,0.6000000000000001,40.0,21.05,15.79,36.84,37.5,75.0
745897,2024-06-10,2024,595909,L,663978,R,field_out,False,False,98.0,0.253,25.0,25.51,10.0,10.2,0.649,0.069,21.63,10.84,14.7,25.54,30.62,17.99,171.0,0.226,44.0,25.73,12.0,7.02,0.663,0.155,26.67,12.9,15.25,28.15,29.13,19.91,147.0,0.287,26.0,17.69,8.0,5.44,0.746,0.132,20.6,10.32,15.38,25.7,32.62,17.69,5.0,0.2,3.0,60.0,0.0,0.0,1.0,0.6000000000000001,40.0,21.05,15.79,36.84,37.5,75.0
745897,2024-06-10,2024,663616,L,641712,R,single,False,False,124.0,0.261,25.0,20.16,12.0,9.68,0.781,0.189,27.98,13.29,16.34,29.63,29.26,18.9,189.0,0.228,60.0,31.75,25.0,13.23,0.766,0.21,36.25,14.96,16.71,31.67,22.55,25.75,134.0,0.286,18.0,13.43,20.0,14.93,0.851,0.16900000000000004,17.44,6.55,19.08,25.63,15.21,14.75,174.0,0.305,19.0,10.92,19.0,10.92,0.837,0.15,18.95,8.36,15.94,24.3,20.62,13.01
745897,2024-06-10,2024,668904,R,641712,R,force_out,False,False,14.0,0.25,4.0,28.57,2.0,14.29,1.107,0.5,30.43,11.67,15.0,26.67,17.65,26.67,183.0,0.307,43.0,23.5,15.0,8.2,0.962,0.283,27.16,12.8,18.57,31.36,28.0,20.98,144.0,0.228,17.0,11.81,13.0,9.03,0.638,0.095,20.0,9.32,15.97,25.29,27.41,11.49,180.0,0.261,26.0,14.44,15.0,8.33,0.7709999999999999,0.1659999999999999,21.19,10.57,12.8,23.36,28.41,14.94
745897,2024-06-10,2024,596146,L,641712,R,field_out,False,False,143.0,0.242,29.0,20.28,12.0,8.39,0.716,0.16400000000000003,23.94,11.87,13.09,24.96,26.42,16.11,394.0,0.263,84.0,21.32,37.0,9.39,0.8320000000000001,0.2339999999999999,19.92,9.32,15.49,24.81,24.75,18.14,134.0,0.286,18.0,13.43,20.0,14.93,0.851,0.16900000000000004,17.44,6.55,19.08,25.63,15.21,14.75,174.0,0.305,19.0,10.92,19.0,10.92,0.837,0.15,18.95,8.36,15.94,24.3,20.62,13.01
745897,2024-06-10,2024,621043,R,641712,R,double,False,False,145.0,0.286,30.0,20.69,16.0,11.03,0.827,0.18200000000000005,21.58,9.44,20.51,29.95,27.92,19.11,444.0,0.224,112.0,25.23,42.0,9.46,0.69,0.164,26.37,11.3,19.9,31.19,27.0,21.72,144.0,0.228,17.0,11.81,13.0,9.03,0.638,0.095,20.0,9.32,15.97,25.29,27.41,11.49,180.0,0.261,26.0,14.44,15.0,8.33,0.7709999999999999,0.1659999999999999,21.19,10.57,12.8,23.36,28.41,14.94
745897,2024-06-10,2024,467793,L,641712,R,strikeout,True,False,169.0,0.197,27.0,15.98,19.0,11.24,0.642,0.14300000000000002,23.23,9.8,17.47,27.27,24.05,13.85,460.0,0.231,83.0,18.04,45.0,9.78,0.727,0.1899999999999999,23.76,11.0,14.32,25.31,24.63,16.21,134.0,0.286,18.0,13.43,20.0,14.93,0.851,0.16900000000000004,17.44,6.55,19.08,25.63,15.21,14.75,174.0,0.305,19.0,10.92,19.0,10.92,0.837,0.15,18.95,8.36,15.94,24.3,20.62,13.01
745897,2024-06-10,2024,696100,R,663978,R,field_out,False,False,44.0,0.098,14.0,31.82,2.0,4.55,0.281,0.023999999999999994,41.11,23.42,10.13,33.54,36.14,31.82,64.0,0.193,18.0,28.12,5.0,7.81,0.583,0.14,38.6,18.26,16.18,34.44,35.56,28.57,139.0,0.293,35.0,25.18,6.0,4.32,0.813,0.196,26.97,13.33,15.93,29.26,28.52,20.35,17.0,0.312,5.0,29.41,1.0,5.88,0.728,0.063,31.03,15.0,20.0,35.0,19.23,26.32
745897,2024-06-10,2024,691182,L,663978,R,strikeout,True,False,3.0,0.333,1.0,33.33,0.0,0.0,0.666,0.0,40.0,28.57,14.29,42.86,66.67,100.0,,,,,,,,,,,,,,,147.0,0.287,26.0,17.69,8.0,5.44,0.746,0.132,20.6,10.32,15.38,25.7,32.62,17.69,5.0,0.2,3.0,60.0,0.0,0.0,1.0,0.6000000000000001,40.0,21.05,15.79,36.84,37.5,75.0
745897,2024-06-10,2024,453568,L,663978,R,field_out,False,False,173.0,0.242,24.0,13.87,13.0,7.51,0.6839999999999999,0.134,18.93,9.39,17.06,26.45,35.85,13.64,309.0,0.272,48.0,15.53,26.0,8.41,0.7909999999999999,0.1689999999999999,21.84,10.67,16.05,26.72,30.66,16.11,147.0,0.287,26.0,17.69,8.0,5.44,0.746,0.132,20.6,10.32,15.38,25.7,32.62,17.69,5.0,0.2,3.0,60.0,0.0,0.0,1.0,0.6000000000000001,40.0,21.05,15.79,36.84,37.5,75.0
745897,2024-06-10,2024,666135,L,641712,R,field_out,False,False,164.0,0.211,44.0,26.83,14.0,8.54,0.6839999999999999,0.19699999999999998,30.46,14.89,16.18,31.07,30.19,25.14,264.0,0.3,63.0,23.86,24.0,9.09,0.858,0.185,26.95,12.66,17.1,29.76,32.56,21.58,134.0,0.286,18.0,13.43,20.0,14.93,0.851,0.16900000000000004,17.44,6.55,19.08,25.63,15.21,14.75,174.0,0.305,19.0,10.92,19.0,10.92,0.837,0.15,18.95,8.36,15.94,24.3,20.62,13.01
745897,2024-06-10,2024,622534,R,641712,R,walk,False,True,67.0,0.177,14.0,20.9,5.0,7.46,0.46499999999999997,0.049000000000000016,23.33,11.67,17.5,29.17,31.86,20.0,237.0,0.258,33.0,13.92,15.0,6.33,0.694,0.12,23.38,11.66,15.01,26.67,32.22,16.02,144.0,0.228,17.0,11.81,13.0,9.03,0.638,0.095,20.0,9.32,15.97,25.29,27.41,11.49,180.0,0.261,26.0,14.44,15.0,8.33,0.7709999999999999,0.1659999999999999,21.19,10.57,12.8,23.36,28.41,14.94
745897,2024-06-10,2024,543877,R,641712,R,grounded_into_double_play,False,False,84.0,0.169,22.0,26.19,3.0,3.57,0.48,0.10400000000000001,30.97,16.22,17.57,33.78,38.41,27.16,279.0,0.216,59.0,21.15,22.0,7.89,0.548,0.051,25.76,12.56,16.62,29.18,33.72,23.41,144.0,0.228,17.0,11.81,13.0,9.03,0.638,0.095,20.0,9.32,15.97,25.29,27.41,11.49,180.0,0.261,26.0,14.44,15.0,8.33,0.7709999999999999,0.1659999999999999,21.19,10.57,12.8,23.36,28.41,14.94
745897,2024-06-10,2024,678662,R,663978,R,field_out,False,False,206.0,0.304,58.0,28.16,6.0,2.91,0.837,0.201,33.96,21.28,10.05,31.33,46.4,22.66,438.0,0.256,109.0,24.89,17.0,3.88,0.69,0.143,29.47,17.51,10.44,27.95,41.11,20.49,139.0,0.293,35.0,25.18,6.0,4.32,0.813,0.196,26.97,13.33,15.93,29.26,28.52,20.35,17.0,0.312,5.0,29.41,1.0,5.88,0.728,0.063,31.03,15.0,20.0,35.0,19.23,26.32
745897,2024-06-10,2024,607732,R,663978,R,single,False,False,69.0,0.246,14.0,20.29,5.0,7.25,0.661,0.08200000000000002,26.67,12.03,18.42,30.45,21.6,17.07,225.0,0.186,56.0,24.89,24.0,10.67,0.547,0.082,22.79,8.98,20.99,29.97,22.2,22.95,139.0,0.293,35.0,25.18,6.0,4.32,0.813,0.196,26.97,13.33,15.93,29.26,28.52,20.35,17.0,0.312,5.0,29.41,1.0,5.88,0.728,0.063,31.03,15.0,20.0,35.0,19.23,26.32
745897,2024-06-10,2024,641857,L,663978,R,grounded_into_double_play,False,False,191.0,0.242,52.0,27.23,21.0,10.99,0.724,0.15800000000000003,26.65,12.33,16.24,28.57,26.87,19.12,449.0,0.26,141.0,31.4,52.0,11.58,0.826,0.2209999999999999,31.26,14.84,14.94,29.79,25.26,20.41,147.0,0.287,26.0,17.69,8.0,5.44,0.746,0.132,20.6,10.32,15.38,25.7,32.62,17.69,5.0,0.2,3.0,60.0,0.0,0.0,1.0,0.6000000000000001,40.0,21.05,15.79,36.84,37.5,75.0
745897,2024-06-10,2024,650489,L,641712,R,field_out,False,False,189.0,0.217,44.0,23.28,19.0,10.05,0.694,0.149,27.02,12.71,15.47,28.18,28.5,19.05,280.0,0.266,73.0,26.07,23.0,8.21,0.8029999999999999,0.189,28.16,14.39,15.31,29.7,34.97,21.1,134.0,0.286,18.0,13.43,20.0,14.93,0.851,0.16900000000000004,17.44,6.55,19.08,25.63,15.21,14.75,174.0,0.305,19.0,10.92,19.0,10.92,0.837,0.15,18.95,8.36,15.94,24.3,20.62,13.01
745897,2024-06-10,2024,663616,L,641712,R,field_out,False,False,124.0,0.261,25.0,20.16,12.0,9.68,0.781,0.189,27.98,13.29,16.34,29.63,29.26,18.9,189.0,0.228,60.0,31.75,25.0,13.23,0.766,0.21,36.25,14.96,16.71,31.67,22.55,25.75,134.0,0.286,18.0,13.43,20.0,14.93,0.851,0.16900000000000004,17.44,6.55,19.08,25.63,15.21,14.75,174.0,0.305,19.0,10.92,19.0,10.92,0.837,0.15,18.95,8.36,15.94,24.3,20.62,13.01
745897,2024-06-10,2024,668904,R,641712,R,field_out,False,False,14.0,0.25,4.0,28.57,2.0,14.29,1.107,0.5,30.43,11.67,15.0,26.67,17.65,26.67,183.0,0.307,43.0,23.5,15.0,8.2,0.962,0.283,27.16,12.8,18.57,31.36,28.0,20.98,144.0,0.228,17.0,11.81,13.0,9.03,0.638,0.095,20.0,9.32,15.97,25.29,27.41,11.49,180.0,0.261,26.0,14.44,15.0,8.33,0.7709999999999999,0.1659999999999999,21.19,10.57,12.8,23.36,28.41,14.94
745897,2024-06-10,2024,686668,R,663978,R,field_out,False,False,197.0,0.272,56.0,28.43,19.0,9.64,0.7669999999999999,0.14999999999999997,30.86,15.19,15.75,30.94,28.8,26.54,299.0,0.207,98.0,32.78,17.0,5.69,0.597,0.131,34.17,17.56,14.33,31.89,31.96,31.51,139.0,0.293,35.0,25.18,6.0,4.32,0.813,0.196,26.97,13.33,15.93,29.26,28.52,20.35,17.0,0.312,5.0,29.41,1.0,5.88,0.728,0.063,31.03,15.0,20.0,35.0,19.23,26.32
745897,2024-06-10,2024,669911,R,595345,L,field_out,False,False,17.0,0.188,5.0,29.41,1.0,5.88,0.797,0.37400000000000005,21.43,10.34,20.69,31.03,22.22,33.33,48.0,0.109,21.0,43.75,2.0,4.17,0.255,0.0,48.35,23.53,13.9,37.43,32.11,36.21,51.0,0.295,11.0,21.57,7.0,13.73,0.96,0.27299999999999996,20.93,8.91,19.31,28.22,19.35,18.97,152.0,0.222,40.0,26.32,14.0,9.21,0.747,0.222,28.47,13.79,16.75,30.54,27.09,21.39
745897,2024-06-10,2024,660707,R,595345,L,field_out,False,False,55.0,0.184,11.0,20.0,5.0,9.09,0.439,0.0,28.33,15.6,13.3,28.9,46.15,14.47,111.0,0.234,42.0,37.84,3.0,2.7,0.6910000000000001,0.205,35.78,19.62,15.37,34.99,45.73,29.37,51.0,0.295,11.0,21.57,7.0,13.73,0.96,0.27299999999999996,20.93,8.91,19.31,28.22,19.35,18.97,152.0,0.222,40.0,26.32,14.0,9.21,0.747,0.222,28.47,13.79,16.75,30.54,27.09,21.39
745897,2024-06-10,2024,596146,L,641712,R,field_out,False,False,143.0,0.242,29.0,20.28,12.0,8.39,0.716,0.16400000000000003,23.94,11.87,13.09,24.96,26.42,16.11,394.0,0.263,84.0,21.32,37.0,9.39,0.8320000000000001,0.2339999999999999,19.92,9.32,15.49,24.81,24.75,18.14,134.0,0.286,18.0,13.43,20.0,14.93,0.851,0.16900000000000004,17.44,6.55,19.08,25.63,15.21,14.75,174.0,0.305,19.0,10.92,19.0,10.92,0.837,0.15,18.95,8.36,15.94,24.3,20.62,13.01
745897,2024-06-10,2024,621043,R,641712,R,single,False,False,145.0,0.286,30.0,20.69,16.0,11.03,0.827,0.18200000000000005,21.58,9.44,20.51,29.95,27.92,19.11,444.0,0.224,112.0,25.23,42.0,9.46,0.69,0.164,26.37,11.3,19.9,31.19,27.0,21.72,144.0,0.228,17.0,11.81,13.0,9.03,0.638,0.095,20.0,9.32,15.97,25.29,27.41,11.49,180.0,0.261,26.0,14.44,15.0,8.33,0.7709999999999999,0.1659999999999999,21.19,10.57,12.8,23.36,28.41,14.94
745897,2024-06-10,2024,467793,L,641712,R,field_out,False,False,169.0,0.197,27.0,15.98,19.0,11.24,0.642,0.14300000000000002,23.23,9.8,17.47,27.27,24.05,13.85,460.0,0.231,83.0,18.04,45.0,9.78,0.727,0.1899999999999999,23.76,11.0,14.32,25.31,24.63,16.21,134.0,0.286,18.0,13.43,20.0,14.93,0.851,0.16900000000000004,17.44,6.55,19.08,25.63,15.21,14.75,174.0,0.305,19.0,10.92,19.0,10.92,0.837,0.15,18.95,8.36,15.94,24.3,20.62,13.01
745897,2024-06-10,2024,666135,L,641712,R,walk,False,True,164.0,0.211,44.0,26.83,14.0,8.54,0.6839999999999999,0.19699999999999998,30.46,14.89,16.18,31.07,30.19,25.14,264.0,0.3,63.0,23.86,24.0,9.09,0.858,0.185,26.95,12.66,17.1,29.76,32.56,21.58,134.0,0.286,18.0,13.43,20.0,14.93,0.851,0.16900000000000004,17.44,6.55,19.08,25.63,15.21,14.75,174.0,0.305,19.0,10.92,19.0,10.92,0.837,0.15,18.95,8.36,15.94,24.3,20.62,13.01
745897,2024-06-10,2024,622534,R,683232,R,field_out,False,False,67.0,0.177,14.0,20.9,5.0,7.46,0.46499999999999997,0.049000000000000016,23.33,11.67,17.5,29.17,31.86,20.0,237.0,0.258,33.0,13.92,15.0,6.33,0.694,0.12,23.38,11.66,15.01,26.67,32.22,16.02,64.0,0.259,15.0,23.44,10.0,15.62,0.727,0.09299999999999997,26.92,10.85,18.22,29.07,24.32,25.0,43.0,0.235,11.0,25.58,9.0,20.93,0.866,0.236,25.32,10.7,16.58,27.27,23.3,20.0
745897,2024-06-10,2024,696100,R,643377,R,strikeout,True,False,44.0,0.098,14.0,31.82,2.0,4.55,0.281,0.023999999999999994,41.11,23.42,10.13,33.54,36.14,31.82,64.0,0.193,18.0,28.12,5.0,7.81,0.583,0.14,38.6,18.26,16.18,34.44,35.56,28.57,60.0,0.179,24.0,40.0,3.0,5.0,0.46699999999999997,0.07100000000000001,38.17,19.69,15.75,35.43,36.57,24.49,157.0,0.228,33.0,21.02,8.0,5.1,0.599,0.089,24.56,11.73,18.37,30.1,27.92,20.25
745897,2024-06-10,2024,691182,L,643377,R,strikeout,True,False,3.0,0.333,1.0,33.33,0.0,0.0,0.666,0.0,40.0,28.57,14.29,42.86,66.67,100.0,,,,,,,,,,,,,,,47.0,0.171,12.0,25.53,5.0,10.64,0.554,0.12199999999999997,33.33,15.43,21.28,36.7,30.34,20.0,117.0,0.238,35.0,29.91,11.0,9.4,0.6970000000000001,0.143,29.15,14.01,20.91,34.91,36.23,23.81
745897,2024-06-10,2024,453568,L,643377,R,strikeout,True,False,173.0,0.242,24.0,13.87,13.0,7.51,0.6839999999999999,0.134,18.93,9.39,17.06,26.45,35.85,13.64,309.0,0.272,48.0,15.53,26.0,8.41,0.7909999999999999,0.1689999999999999,21.84,10.67,16.05,26.72,30.66,16.11,47.0,0.171,12.0,25.53,5.0,10.64,0.554,0.12199999999999997,33.33,15.43,21.28,36.7,30.34,20.0,117.0,0.238,35.0,29.91,11.0,9.4,0.6970000000000001,0.143,29.15,14.01,20.91,34.91,36.23,23.81
745897,2024-06-10,2024,543877,R,683232,R,double,False,False,84.0,0.169,22.0,26.19,3.0,3.57,0.48,0.10400000000000001,30.97,16.22,17.57,33.78,38.41,27.16,279.0,0.216,59.0,21.15,22.0,7.89,0.548,0.051,25.76,12.56,16.62,29.18,33.72,23.41,64.0,0.259,15.0,23.44,10.0,15.62,0.727,0.09299999999999997,26.92,10.85,18.22,29.07,24.32,25.0,43.0,0.235,11.0,25.58,9.0,20.93,0.866,0.236,25.32,10.7,16.58,27.27,23.3,20.0
745897,2024-06-10,2024,650489,L,683232,R,single,False,False,189.0,0.217,44.0,23.28,19.0,10.05,0.694,0.149,27.02,12.71,15.47,28.18,28.5,19.05,280.0,0.266,73.0,26.07,23.0,8.21,0.8029999999999999,0.189,28.16,14.39,15.31,29.7,34.97,21.1,60.0,0.278,19.0,31.67,6.0,10.0,0.683,0.05499999999999999,26.36,12.34,18.72,31.06,29.81,25.68,44.0,0.158,10.0,22.73,5.0,11.36,0.457,0.0259999999999999,20.83,8.52,20.45,28.98,26.37,18.52
745897,2024-06-10,2024,663616,L,683232,R,sac_fly,False,False,124.0,0.261,25.0,20.16,12.0,9.68,0.781,0.189,27.98,13.29,16.34,29.63,29.26,18.9,189.0,0.228,60.0,31.75,25.0,13.23,0.766,0.21,36.25,14.96,16.71,31.67,22.55,25.75,60.0,0.278,19.0,31.67,6.0,10.0,0.683,0.05499999999999999,26.36,12.34,18.72,31.06,29.81,25.68,44.0,0.158,10.0,22.73,5.0,11.36,0.457,0.0259999999999999,20.83,8.52,20.45,28.98,26.37,18.52
745897,2024-06-10,2024,668904,R,683232,R,home_run,False,False,14.0,0.25,4.0,28.57,2.0,14.29,1.107,0.5,30.43,11.67,15.0,26.67,17.65,26.67,183.0,0.307,43.0,23.5,15.0,8.2,0.962,0.283,27.16,12.8,18.57,31.36,28.0,20.98,64.0,0.259,15.0,23.44,10.0,15.62,0.727,0.09299999999999997,26.92,10.85,18.22,29.07,24.32,25.0,43.0,0.235,11.0,25.58,9.0,20.93,0.866,0.236,25.32,10.7,16.58,27.27,23.3,20.0
745897,2024-06-10,2024,596146,L,683232,R,field_out,False,False,143.0,0.242,29.0,20.28,12.0,8.39,0.716,0.16400000000000003,23.94,11.87,13.09,24.96,26.42,16.11,394.0,0.263,84.0,21.32,37.0,9.39,0.8320000000000001,0.2339999999999999,19.92,9.32,15.49,24.81,24.75,18.14,60.0,0.278,19.0,31.67,6.0,10.0,0.683,0.05499999999999999,26.36,12.34,18.72,31.06,29.81,25.68,44.0,0.158,10.0,22.73,5.0,11.36,0.457,0.0259999999999999,20.83,8.52,20.45,28.98,26.37,18.52
745897,2024-06-10,2024,621043,R,683232,R,strikeout,True,False,145.0,0.286,30.0,20.69,16.0,11.03,0.827,0.18200000000000005,21.58,9.44,20.51,29.95,27.92,19.11,444.0,0.224,112.0,25.23,42.0,9.46,0.69,0.164,26.37,11.3,19.9,31.19,27.0,21.72,64.0,0.259,15.0,23.44,10.0,15.62,0.727,0.09299999999999997,26.92,10.85,18.22,29.07,24.32,25.0,43.0,0.235,11.0,25.58,9.0,20.93,0.866,0.236,25.32,10.7,16.58,27.27,23.3,20.0
745897,2024-06-10,2024,678662,R,650895,R,field_out,False,False,206.0,0.304,58.0,28.16,6.0,2.91,0.837,0.201,33.96,21.28,10.05,31.33,46.4,22.66,438.0,0.256,109.0,24.89,17.0,3.88,0.69,0.143,29.47,17.51,10.44,27.95,41.11,20.49,17.0,0.286,2.0,11.76,3.0,17.65,0.841,0.14300000000000002,21.88,10.14,14.49,24.64,22.58,10.0,27.0,0.238,6.0,22.22,5.0,18.52,0.836,0.191,30.19,14.68,13.76,28.44,23.64,18.75
745897,2024-06-10,2024,607732,R,650895,R,walk,False,True,69.0,0.246,14.0,20.29,5.0,7.25,0.661,0.08200000000000002,26.67,12.03,18.42,30.45,21.6,17.07,225.0,0.186,56.0,24.89,24.0,10.67,0.547,0.082,22.79,8.98,20.99,29.97,22.2,22.95,17.0,0.286,2.0,11.76,3.0,17.65,0.841,0.14300000000000002,21.88,10.14,14.49,24.64,22.58,10.0,27.0,0.238,6.0,22.22,5.0,18.52,0.836,0.191,30.19,14.68,13.76,28.44,23.64,18.75
745897,2024-06-10,2024,641857,L,650895,R,field_out,False,False,191.0,0.242,52.0,27.23,21.0,10.99,0.724,0.15800000000000003,26.65,12.33,16.24,28.57,26.87,19.12,449.0,0.26,141.0,31.4,52.0,11.58,0.826,0.2209999999999999,31.26,14.84,14.94,29.79,25.26,20.41,9.0,0.2,0.0,0.0,3.0,33.33,0.644,0.0,9.09,2.7,18.92,21.62,10.0,0.0,14.0,0.167,1.0,7.14,2.0,14.29,0.703,0.2499999999999999,20.69,11.32,9.43,20.75,24.0,7.14
745897,2024-06-10,2024,686668,R,650895,R,strikeout,True,False,197.0,0.272,56.0,28.43,19.0,9.64,0.7669999999999999,0.14999999999999997,30.86,15.19,15.75,30.94,28.8,26.54,299.0,0.207,98.0,32.78,17.0,5.69,0.597,0.131,34.17,17.56,14.33,31.89,31.96,31.51,17.0,0.286,2.0,11.76,3.0,17.65,0.841,0.14300000000000002,21.88,10.14,14.49,24.64,22.58,10.0,27.0,0.238,6.0,22.22,5.0,18.52,0.836,0.191,30.19,14.68,13.76,28.44,23.64,18.75
745248,2024-06-11,2024,667452,R,669302,R,field_out,False,False,56.0,0.22,10.0,17.86,6.0,10.71,0.704,0.18000000000000002,19.63,8.82,17.23,26.05,27.87,11.9,250.0,0.249,56.0,22.4,20.0,8.0,0.659,0.0979999999999999,26.42,11.51,19.54,31.05,28.57,19.44,193.0,0.212,39.0,20.21,12.0,6.22,0.666,0.19000000000000003,26.59,13.37,15.18,28.55,28.57,17.65,388.0,0.234,91.0,23.45,18.0,4.64,0.6930000000000001,0.1859999999999999,26.67,13.92,14.54,28.46,30.56,20.87
745248,2024-06-11,2024,670032,L,669302,R,strikeout,True,False,168.0,0.24,27.0,16.07,13.0,7.74,0.585,0.040000000000000036,18.51,8.84,16.5,25.34,26.35,18.24,212.0,0.228,33.0,15.57,24.0,11.32,0.647,0.089,22.47,10.7,16.47,27.16,26.6,14.22,156.0,0.205,45.0,28.85,8.0,5.13,0.56,0.11000000000000001,32.37,15.68,16.38,32.06,27.17,26.04,383.0,0.233,98.0,25.59,18.0,4.7,0.664,0.164,26.12,13.53,15.24,28.78,29.31,20.0
745248,2024-06-11,2024,673357,R,669302,R,field_out,False,False,45.0,0.163,19.0,42.22,2.0,4.44,0.7350000000000001,0.372,38.78,20.32,17.11,37.43,37.76,27.14,477.0,0.252,132.0,27.67,25.0,5.24,0.8340000000000001,0.279,32.83,18.94,10.59,29.53,40.07,24.77,193.0,0.212,39.0,20.21,12.0,6.22,0.666,0.19000000000000003,26.59,13.37,15.18,28.55,28.57,17.65,388.0,0.234,91.0,23.45,18.0,4.64,0.6930000000000001,0.1859999999999999,26.67,13.92,14.54,28.46,30.56,20.87
745248,2024-06-11,2024,641487,L,607200,R,field_out,False,False,133.0,0.183,31.0,23.31,16.0,12.03,0.625,0.15600000000000003,17.98,7.21,20.21,27.42,18.28,18.67,446.0,0.266,84.0,18.83,67.0,15.02,0.845,0.197,18.19,6.93,19.49,26.42,17.9,17.39,177.0,0.215,40.0,22.6,13.0,7.34,0.641,0.153,20.5,9.23,14.97,24.2,24.87,18.78,,,,,,,,,,,,,,
745248,2024-06-11,2024,668942,L,607200,R,field_out,False,False,177.0,0.285,27.0,15.25,16.0,9.04,0.778,0.139,17.83,8.18,16.5,24.67,21.3,13.99,299.0,0.249,64.0,21.4,22.0,7.36,0.6559999999999999,0.1019999999999999,22.77,10.13,19.65,29.78,25.55,19.69,177.0,0.215,40.0,22.6,13.0,7.34,0.641,0.153,20.5,9.23,14.97,24.2,24.87,18.78,,,,,,,,,,,,,,
745248,2024-06-11,2024,677594,R,607200,R,field_out,False,False,211.0,0.253,59.0,27.96,12.0,5.69,0.612,0.06,30.82,16.49,12.34,28.83,36.23,19.86,545.0,0.267,127.0,23.3,35.0,6.42,0.8109999999999999,0.2169999999999999,27.93,14.91,13.12,28.03,38.34,22.84,160.0,0.243,37.0,23.12,10.0,6.25,0.6579999999999999,0.11499999999999999,24.19,10.91,18.4,29.32,27.5,19.47,,,,,,,,,,,,,,
745248,2024-06-11,2024,657757,L,669302,R,strikeout,True,False,197.0,0.257,31.0,15.74,27.0,13.71,0.81,0.186,19.48,8.38,17.76,26.14,27.68,12.3,324.0,0.212,58.0,17.9,28.0,8.64,0.63,0.1369999999999999,20.44,9.67,14.66,24.33,29.35,14.25,156.0,0.205,45.0,28.85,8.0,5.13,0.56,0.11000000000000001,32.37,15.68,16.38,32.06,27.17,26.04,383.0,0.233,98.0,25.59,18.0,4.7,0.664,0.164,26.12,13.53,15.24,28.78,29.31,20.0
745248,2024-06-11,2024,683734,R,669302,R,single,False,False,199.0,0.21,52.0,26.13,14.0,7.04,0.624,0.13799999999999998,23.1,10.77,18.25,29.02,30.27,20.63,474.0,0.267,109.0,23.0,29.0,6.12,0.774,0.18,26.24,11.95,18.94,30.89,30.92,21.51,193.0,0.212,39.0,20.21,12.0,6.22,0.666,0.19000000000000003,26.59,13.37,15.18,28.55,28.57,17.65,388.0,0.234,91.0,23.45,18.0,4.64,0.6930000000000001,0.1859999999999999,26.67,13.92,14.54,28.46,30.56,20.87
745248,2024-06-11,2024,657557,R,669302,R,force_out,False,False,161.0,0.268,52.0,32.3,5.0,3.11,0.847,0.262,32.49,19.02,9.34,28.36,33.8,25.74,281.0,0.203,86.0,30.6,12.0,4.27,0.603,0.1539999999999999,36.49,19.09,15.38,34.47,35.28,34.68,193.0,0.212,39.0,20.21,12.0,6.22,0.666,0.19000000000000003,26.59,13.37,15.18,28.55,28.57,17.65,388.0,0.234,91.0,23.45,18.0,4.64,0.6930000000000001,0.1859999999999999,26.67,13.92,14.54,28.46,30.56,20.87
745248,2024-06-11,2024,672820,R,669302,R,single,False,False,55.0,0.235,15.0,27.27,2.0,3.64,0.553,0.040000000000000036,28.16,14.01,21.26,35.27,38.38,23.81,123.0,0.178,30.0,24.39,2.0,1.63,0.504,0.136,24.69,13.05,16.81,29.87,39.56,22.39,193.0,0.212,39.0,20.21,12.0,6.22,0.666,0.19000000000000003,26.59,13.37,15.18,28.55,28.57,17.65,388.0,0.234,91.0,23.45,18.0,4.64,0.6930000000000001,0.1859999999999999,26.67,13.92,14.54,28.46,30.56,20.87
745248,2024-06-11,2024,676113,L,669302,R,field_out,False,False,16.0,0.077,4.0,25.0,3.0,18.75,0.404,0.077,27.27,10.91,18.18,29.09,19.23,23.53,,,,,,,,,,,,,,,156.0,0.205,45.0,28.85,8.0,5.13,0.56,0.11000000000000001,32.37,15.68,16.38,32.06,27.17,26.04,383.0,0.233,98.0,25.59,18.0,4.7,0.664,0.164,26.12,13.53,15.24,28.78,29.31,20.0
745248,2024-06-11,2024,663728,L,607200,R,field_out,False,False,176.0,0.228,63.0,35.8,17.0,9.66,0.6930000000000001,0.164,30.39,15.35,13.39,28.74,31.09,23.13,462.0,0.235,126.0,27.27,47.0,10.17,0.7909999999999999,0.241,29.58,14.2,14.09,28.29,30.53,21.36,177.0,0.215,40.0,22.6,13.0,7.34,0.641,0.153,20.5,9.23,14.97,24.2,24.87,18.78,,,,,,,,,,,,,,
745248,2024-06-11,2024,571745,R,607200,R,double,False,False,165.0,0.25,44.0,26.67,15.0,9.09,0.743,0.176,30.18,12.61,18.04,30.65,21.3,20.98,161.0,0.189,48.0,29.81,10.0,6.21,0.599,0.1619999999999999,28.57,13.33,19.22,32.56,25.34,22.02,160.0,0.243,37.0,23.12,10.0,6.25,0.6579999999999999,0.11499999999999999,24.19,10.91,18.4,29.32,27.5,19.47,,,,,,,,,,,,,,
745248,2024-06-11,2024,670042,L,607200,R,field_out,False,False,140.0,0.267,43.0,30.71,4.0,2.86,0.741,0.15999999999999998,34.75,18.99,10.85,29.84,30.56,30.71,363.0,0.247,112.0,30.85,26.0,7.16,0.8340000000000001,0.25,38.6,19.83,11.57,31.39,31.1,26.79,177.0,0.215,40.0,22.6,13.0,7.34,0.641,0.153,20.5,9.23,14.97,24.2,24.87,18.78,,,,,,,,,,,,,,
745248,2024-06-11,2024,682988,R,607200,R,field_out,False,False,6.0,0.4,0.0,0.0,0.0,0.0,1.1,0.19999999999999996,9.09,4.76,9.52,14.29,30.0,0.0,,,,,,,,,,,,,,,160.0,0.243,37.0,23.12,10.0,6.25,0.6579999999999999,0.11499999999999999,24.19,10.91,18.4,29.32,27.5,19.47,,,,,,,,,,,,,,
745248,2024-06-11,2024,686676,R,669302,R,field_out,False,False,117.0,0.245,32.0,27.35,6.0,5.13,0.702,0.173,38.84,21.81,11.14,32.95,32.49,22.7,47.0,0.116,12.0,25.53,4.0,8.51,0.4,0.0929999999999999,33.71,18.07,13.25,31.33,34.15,23.53,193.0,0.212,39.0,20.21,12.0,6.22,0.666,0.19000000000000003,26.59,13.37,15.18,28.55,28.57,17.65,388.0,0.234,91.0,23.45,18.0,4.64,0.6930000000000001,0.1859999999999999,26.67,13.92,14.54,28.46,30.56,20.87
745248,2024-06-11,2024,667452,R,669302,R,strikeout,True,False,56.0,0.22,10.0,17.86,6.0,10.71,0.704,0.18000000000000002,19.63,8.82,17.23,26.05,27.87,11.9,250.0,0.249,56.0,22.4,20.0,8.0,0.659,0.0979999999999999,26.42,11.51,19.54,31.05,28.57,19.44,193.0,0.212,39.0,20.21,12.0,6.22,0.666,0.19000000000000003,26.59,13.37,15.18,28.55,28.57,17.65,388.0,0.234,91.0,23.45,18.0,4.64,0.6930000000000001,0.1859999999999999,26.67,13.92,14.54,28.46,30.56,20.87
745248,2024-06-11,2024,670032,L,669302,R,field_out,False,False,168.0,0.24,27.0,16.07,13.0,7.74,0.585,0.040000000000000036,18.51,8.84,16.5,25.34,26.35,18.24,212.0,0.228,33.0,15.57,24.0,11.32,0.647,0.089,22.47,10.7,16.47,27.16,26.6,14.22,156.0,0.205,45.0,28.85,8.0,5.13,0.56,0.11000000000000001,32.37,15.68,16.38,32.06,27.17,26.04,383.0,0.233,98.0,25.59,18.0,4.7,0.664,0.164,26.12,13.53,15.24,28.78,29.31,20.0
745248,2024-06-11,2024,686527,L,607200,R,field_out,False,False,86.0,0.192,23.0,26.74,7.0,8.14,0.7050000000000001,0.257,33.76,17.55,16.23,33.77,39.49,26.44,155.0,0.221,26.0,16.77,5.0,3.23,0.661,0.1879999999999999,24.65,13.73,16.86,30.59,41.27,21.85,177.0,0.215,40.0,22.6,13.0,7.34,0.641,0.153,20.5,9.23,14.97,24.2,24.87,18.78,,,,,,,,,,,,,,
745248,2024-06-11,2024,669208,R,607200,R,strikeout,True,False,18.0,0.25,2.0,11.11,1.0,5.56,0.544,0.0,17.24,8.47,11.86,20.34,8.33,11.76,,,,,,,,,,,,,,,160.0,0.243,37.0,23.12,10.0,6.25,0.6579999999999999,0.11499999999999999,24.19,10.91,18.4,29.32,27.5,19.47,,,,,,,,,,,,,,
745248,2024-06-11,2024,641487,L,607200,R,strikeout,True,False,133.0,0.183,31.0,23.31,16.0,12.03,0.625,0.15600000000000003,17.98,7.21,20.21,27.42,18.28,18.67,446.0,0.266,84.0,18.83,67.0,15.02,0.845,0.197,18.19,6.93,19.49,26.42,17.9,17.39,177.0,0.215,40.0,22.6,13.0,7.34,0.641,0.153,20.5,9.23,14.97,24.2,24.87,18.78,,,,,,,,,,,,,,
745248,2024-06-11,2024,673357,R,669302,R,strikeout,True,False,45.0,0.163,19.0,42.22,2.0,4.44,0.7350000000000001,0.372,38.78,20.32,17.11,37.43,37.76,27.14,477.0,0.252,132.0,27.67,25.0,5.24,0.8340000000000001,0.279,32.83,18.94,10.59,29.53,40.07,24.77,193.0,0.212,39.0,20.21,12.0,6.22,0.666,0.19000000000000003,26.59,13.37,15.18,28.55,28.57,17.65,388.0,0.234,91.0,23.45,18.0,4.64,0.6930000000000001,0.1859999999999999,26.67,13.92,14.54,28.46,30.56,20.87
745248,2024-06-11,2024,657757,L,669302,R,field_out,False,False,197.0,0.257,31.0,15.74,27.0,13.71,0.81,0.186,19.48,8.38,17.76,26.14,27.68,12.3,324.0,0.212,58.0,17.9,28.0,8.64,0.63,0.1369999999999999,20.44,9.67,14.66,24.33,29.35,14.25,156.0,0.205,45.0,28.85,8.0,5.13,0.56,0.11000000000000001,32.37,15.68,16.38,32.06,27.17,26.04,383.0,0.233,98.0,25.59,18.0,4.7,0.664,0.164,26.12,13.53,15.24,28.78,29.31,20.0
745248,2024-06-11,2024,683734,R,669302,R,field_out,False,False,199.0,0.21,52.0,26.13,14.0,7.04,0.624,0.13799999999999998,23.1,10.77,18.25,29.02,30.27,20.63,474.0,0.267,109.0,23.0,29.0,6.12,0.774,0.18,26.24,11.95,18.94,30.89,30.92,21.51,193.0,0.212,39.0,20.21,12.0,6.22,0.666,0.19000000000000003,26.59,13.37,15.18,28.55,28.57,17.65,388.0,0.234,91.0,23.45,18.0,4.64,0.6930000000000001,0.1859999999999999,26.67,13.92,14.54,28.46,30.56,20.87
745248,2024-06-11,2024,668942,L,607200,R,field_out,False,False,177.0,0.285,27.0,15.25,16.0,9.04,0.778,0.139,17.83,8.18,16.5,24.67,21.3,13.99,299.0,0.249,64.0,21.4,22.0,7.36,0.6559999999999999,0.1019999999999999,22.77,10.13,19.65,29.78,25.55,19.69,177.0,0.215,40.0,22.6,13.0,7.34,0.641,0.153,20.5,9.23,14.97,24.2,24.87,18.78,,,,,,,,,,,,,,
745248,2024-06-11,2024,677594,R,607200,R,single,False,False,211.0,0.253,59.0,27.96,12.0,5.69,0.612,0.06,30.82,16.49,12.34,28.83,36.23,19.86,545.0,0.267,127.0,23.3,35.0,6.42,0.8109999999999999,0.2169999999999999,27.93,14.91,13.12,28.03,38.34,22.84,160.0,0.243,37.0,23.12,10.0,6.25,0.6579999999999999,0.11499999999999999,24.19,10.91,18.4,29.32,27.5,19.47,,,,,,,,,,,,,,
745248,2024-06-11,2024,663728,L,607200,R,field_out,False,False,176.0,0.228,63.0,35.8,17.0,9.66,0.6930000000000001,0.164,30.39,15.35,13.39,28.74,31.09,23.13,462.0,0.235,126.0,27.27,47.0,10.17,0.7909999999999999,0.241,29.58,14.2,14.09,28.29,30.53,21.36,177.0,0.215,40.0,22.6,13.0,7.34,0.641,0.153,20.5,9.23,14.97,24.2,24.87,18.78,,,,,,,,,,,,,,
745248,2024-06-11,2024,571745,R,607200,R,field_out,False,False,165.0,0.25,44.0,26.67,15.0,9.09,0.743,0.176,30.18,12.61,18.04,30.65,21.3,20.98,161.0,0.189,48.0,29.81,10.0,6.21,0.599,0.1619999999999999,28.57,13.33,19.22,32.56,25.34,22.02,160.0,0.243,37.0,23.12,10.0,6.25,0.6579999999999999,0.11499999999999999,24.19,10.91,18.4,29.32,27.5,19.47,,,,,,,,,,,,,,
745248,2024-06-11,2024,657557,R,669302,R,strikeout,True,False,161.0,0.268,52.0,32.3,5.0,3.11,0.847,0.262,32.49,19.02,9.34,28.36,33.8,25.74,281.0,0.203,86.0,30.6,12.0,4.27,0.603,0.1539999999999999,36.49,19.09,15.38,34.47,35.28,34.68,193.0,0.212,39.0,20.21,12.0,6.22,0.666,0.19000000000000003,26.59,13.37,15.18,28.55,28.57,17.65,388.0,0.234,91.0,23.45,18.0,4.64,0.6930000000000001,0.1859999999999999,26.67,13.92,14.54,28.46,30.56,20.87
745248,2024-06-11,2024,672820,R,669302,R,field_out,False,False,55.0,0.235,15.0,27.27,2.0,3.64,0.553,0.040000000000000036,28.16,14.01,21.26,35.27,38.38,23.81,123.0,0.178,30.0,24.39,2.0,1.63,0.504,0.136,24.69,13.05,16.81,29.87,39.56,22.39,193.0,0.212,39.0,20.21,12.0,6.22,0.666,0.19000000000000003,26.59,13.37,15.18,28.55,28.57,17.65,388.0,0.234,91.0,23.45,18.0,4.64,0.6930000000000001,0.1859999999999999,26.67,13.92,14.54,28.46,30.56,20.87
745248,2024-06-11,2024,676113,L,669302,R,field_out,False,False,16.0,0.077,4.0,25.0,3.0,18.75,0.404,0.077,27.27,10.91,18.18,29.09,19.23,23.53,,,,,,,,,,,,,,,156.0,0.205,45.0,28.85,8.0,5.13,0.56,0.11000000000000001,32.37,15.68,16.38,32.06,27.17,26.04,383.0,0.233,98.0,25.59,18.0,4.7,0.664,0.164,26.12,13.53,15.24,28.78,29.31,20.0
745248,2024-06-11,2024,670042,L,607200,R,strikeout,True,False,140.0,0.267,43.0,30.71,4.0,2.86,0.741,0.15999999999999998,34.75,18.99,10.85,29.84,30.56,30.71,363.0,0.247,112.0,30.85,26.0,7.16,0.8340000000000001,0.25,38.6,19.83,11.57,31.39,31.1,26.79,177.0,0.215,40.0,22.6,13.0,7.34,0.641,0.153,20.5,9.23,14.97,24.2,24.87,18.78,,,,,,,,,,,,,,
745248,2024-06-11,2024,682988,R,607200,R,single,False,False,6.0,0.4,0.0,0.0,0.0,0.0,1.1,0.19999999999999996,9.09,4.76,9.52,14.29,30.0,0.0,,,,,,,,,,,,,,,160.0,0.243,37.0,23.12,10.0,6.25,0.6579999999999999,0.11499999999999999,24.19,10.91,18.4,29.32,27.5,19.47,,,,,,,,,,,,,,
745248,2024-06-11,2024,686527,L,607200,R,field_out,False,False,86.0,0.192,23.0,26.74,7.0,8.14,0.7050000000000001,0.257,33.76,17.55,16.23,33.77,39.49,26.44,155.0,0.221,26.0,16.77,5.0,3.23,0.661,0.1879999999999999,24.65,13.73,16.86,30.59,41.27,21.85,177.0,0.215,40.0,22.6,13.0,7.34,0.641,0.153,20.5,9.23,14.97,24.2,24.87,18.78,,,,,,,,,,,,,,
745248,2024-06-11,2024,669208,R,607200,R,field_out,False,False,18.0,0.25,2.0,11.11,1.0,5.56,0.544,0.0,17.24,8.47,11.86,20.34,8.33,11.76,,,,,,,,,,,,,,,160.0,0.243,37.0,23.12,10.0,6.25,0.6579999999999999,0.11499999999999999,24.19,10.91,18.4,29.32,27.5,19.47,,,,,,,,,,,,,,
745248,2024-06-11,2024,686676,R,669302,R,double,False,False,117.0,0.245,32.0,27.35,6.0,5.13,0.702,0.173,38.84,21.81,11.14,32.95,32.49,22.7,47.0,0.116,12.0,25.53,4.0,8.51,0.4,0.0929999999999999,33.71,18.07,13.25,31.33,34.15,23.53,193.0,0.212,39.0,20.21,12.0,6.22,0.666,0.19000000000000003,26.59,13.37,15.18,28.55,28.57,17.65,388.0,0.234,91.0,23.45,18.0,4.64,0.6930000000000001,0.1859999999999999,26.67,13.92,14.54,28.46,30.56,20.87
745248,2024-06-11,2024,667452,R,669302,R,strikeout,True,False,56.0,0.22,10.0,17.86,6.0,10.71,0.704,0.18000000000000002,19.63,8.82,17.23,26.05,27.87,11.9,250.0,0.249,56.0,22.4,20.0,8.0,0.659,0.0979999999999999,26.42,11.51,19.54,31.05,28.57,19.44,193.0,0.212,39.0,20.21,12.0,6.22,0.666,0.19000000000000003,26.59,13.37,15.18,28.55,28.57,17.65,388.0,0.234,91.0,23.45,18.0,4.64,0.6930000000000001,0.1859999999999999,26.67,13.92,14.54,28.46,30.56,20.87
745248,2024-06-11,2024,670032,L,669302,R,field_out,False,False,168.0,0.24,27.0,16.07,13.0,7.74,0.585,0.040000000000000036,18.51,8.84,16.5,25.34,26.35,18.24,212.0,0.228,33.0,15.57,24.0,11.32,0.647,0.089,22.47,10.7,16.47,27.16,26.6,14.22,156.0,0.205,45.0,28.85,8.0,5.13,0.56,0.11000000000000001,32.37,15.68,16.38,32.06,27.17,26.04,383.0,0.233,98.0,25.59,18.0,4.7,0.664,0.164,26.12,13.53,15.24,28.78,29.31,20.0
745248,2024-06-11,2024,673357,R,669302,R,home_run,False,False,45.0,0.163,19.0,42.22,2.0,4.44,0.7350000000000001,0.372,38.78,20.32,17.11,37.43,37.76,27.14,477.0,0.252,132.0,27.67,25.0,5.24,0.8340000000000001,0.279,32.83,18.94,10.59,29.53,40.07,24.77,193.0,0.212,39.0,20.21,12.0,6.22,0.666,0.19000000000000003,26.59,13.37,15.18,28.55,28.57,17.65,388.0,0.234,91.0,23.45,18.0,4.64,0.6930000000000001,0.1859999999999999,26.67,13.92,14.54,28.46,30.56,20.87
745248,2024-06-11,2024,657757,L,669302,R,strikeout,True,False,197.0,0.257,31.0,15.74,27.0,13.71,0.81,0.186,19.48,8.38,17.76,26.14,27.68,12.3,324.0,0.212,58.0,17.9,28.0,8.64,0.63,0.1369999999999999,20.44,9.67,14.66,24.33,29.35,14.25,156.0,0.205,45.0,28.85,8.0,5.13,0.56,0.11000000000000001,32.37,15.68,16.38,32.06,27.17,26.04,383.0,0.233,98.0,25.59,18.0,4.7,0.664,0.164,26.12,13.53,15.24,28.78,29.31,20.0
745248,2024-06-11,2024,641487,L,607200,R,field_out,False,False,133.0,0.183,31.0,23.31,16.0,12.03,0.625,0.15600000000000003,17.98,7.21,20.21,27.42,18.28,18.67,446.0,0.266,84.0,18.83,67.0,15.02,0.845,0.197,18.19,6.93,19.49,26.42,17.9,17.39,177.0,0.215,40.0,22.6,13.0,7.34,0.641,0.153,20.5,9.23,14.97,24.2,24.87,18.78,,,,,,,,,,,,,,
745248,2024-06-11,2024,668942,L,607200,R,field_out,False,False,177.0,0.285,27.0,15.25,16.0,9.04,0.778,0.139,17.83,8.18,16.5,24.67,21.3,13.99,299.0,0.249,64.0,21.4,22.0,7.36,0.6559999999999999,0.1019999999999999,22.77,10.13,19.65,29.78,25.55,19.69,177.0,0.215,40.0,22.6,13.0,7.34,0.641,0.153,20.5,9.23,14.97,24.2,24.87,18.78,,,,,,,,,,,,,,
745248,2024-06-11,2024,677594,R,607200,R,field_out,False,False,211.0,0.253,59.0,27.96,12.0,5.69,0.612,0.06,30.82,16.49,12.34,28.83,36.23,19.86,545.0,0.267,127.0,23.3,35.0,6.42,0.8109999999999999,0.2169999999999999,27.93,14.91,13.12,28.03,38.34,22.84,160.0,0.243,37.0,23.12,10.0,6.25,0.6579999999999999,0.11499999999999999,24.19,10.91,18.4,29.32,27.5,19.47,,,,,,,,,,,,,,
745248,2024-06-11,2024,683734,R,669302,R,double,False,False,199.0,0.21,52.0,26.13,14.0,7.04,0.624,0.13799999999999998,23.1,10.77,18.25,29.02,30.27,20.63,474.0,0.267,109.0,23.0,29.0,6.12,0.774,0.18,26.24,11.95,18.94,30.89,30.92,21.51,193.0,0.212,39.0,20.21,12.0,6.22,0.666,0.19000000000000003,26.59,13.37,15.18,28.55,28.57,17.65,388.0,0.234,91.0,23.45,18.0,4.64,0.6930000000000001,0.1859999999999999,26.67,13.92,14.54,28.46,30.56,20.87
745248,2024-06-11,2024,657557,R,669302,R,strikeout,True,False,161.0,0.268,52.0,32.3,5.0,3.11,0.847,0.262,32.49,19.02,9.34,28.36,33.8,25.74,281.0,0.203,86.0,30.6,12.0,4.27,0.603,0.1539999999999999,36.49,19.09,15.38,34.47,35.28,34.68,193.0,0.212,39.0,20.21,12.0,6.22,0.666,0.19000000000000003,26.59,13.37,15.18,28.55,28.57,17.65,388.0,0.234,91.0,23.45,18.0,4.64,0.6930000000000001,0.1859999999999999,26.67,13.92,14.54,28.46,30.56,20.87
745248,2024-06-11,2024,672820,R,669302,R,single,False,False,55.0,0.235,15.0,27.27,2.0,3.64,0.553,0.040000000000000036,28.16,14.01,21.26,35.27,38.38,23.81,123.0,0.178,30.0,24.39,2.0,1.63,0.504,0.136,24.69,13.05,16.81,29.87,39.56,22.39,193.0,0.212,39.0,20.21,12.0,6.22,0.666,0.19000000000000003,26.59,13.37,15.18,28.55,28.57,17.65,388.0,0.234,91.0,23.45,18.0,4.64,0.6930000000000001,0.1859999999999999,26.67,13.92,14.54,28.46,30.56,20.87
745248,2024-06-11,2024,676113,L,669302,R,field_out,False,False,16.0,0.077,4.0,25.0,3.0,18.75,0.404,0.077,27.27,10.91,18.18,29.09,19.23,23.53,,,,,,,,,,,,,,,156.0,0.205,45.0,28.85,8.0,5.13,0.56,0.11000000000000001,32.37,15.68,16.38,32.06,27.17,26.04,383.0,0.233,98.0,25.59,18.0,4.7,0.664,0.164,26.12,13.53,15.24,28.78,29.31,20.0
745248,2024-06-11,2024,686676,R,621199,R,field_out,False,False,117.0,0.245,32.0,27.35,6.0,5.13,0.702,0.173,38.84,21.81,11.14,32.95,32.49,22.7,47.0,0.116,12.0,25.53,4.0,8.51,0.4,0.0929999999999999,33.71,18.07,13.25,31.33,34.15,23.53,37.0,0.182,6.0,16.22,3.0,8.11,0.755,0.303,17.74,7.43,18.24,25.68,17.33,13.04,16.0,0.286,3.0,18.75,1.0,6.25,0.812,0.214,13.04,4.55,27.27,31.82,16.22,20.0
745248,2024-06-11,2024,663728,L,607200,R,strikeout,True,False,176.0,0.228,63.0,35.8,17.0,9.66,0.6930000000000001,0.164,30.39,15.35,13.39,28.74,31.09,23.13,462.0,0.235,126.0,27.27,47.0,10.17,0.7909999999999999,0.241,29.58,14.2,14.09,28.29,30.53,21.36,177.0,0.215,40.0,22.6,13.0,7.34,0.641,0.153,20.5,9.23,14.97,24.2,24.87,18.78,,,,,,,,,,,,,,
745248,2024-06-11,2024,571745,R,607200,R,walk,False,True,165.0,0.25,44.0,26.67,15.0,9.09,0.743,0.176,30.18,12.61,18.04,30.65,21.3,20.98,161.0,0.189,48.0,29.81,10.0,6.21,0.599,0.1619999999999999,28.57,13.33,19.22,32.56,25.34,22.02,160.0,0.243,37.0,23.12,10.0,6.25,0.6579999999999999,0.11499999999999999,24.19,10.91,18.4,29.32,27.5,19.47,,,,,,,,,,,,,,
745248,2024-06-11,2024,670042,L,607200,R,single,False,False,140.0,0.267,43.0,30.71,4.0,2.86,0.741,0.15999999999999998,34.75,18.99,10.85,29.84,30.56,30.71,363.0,0.247,112.0,30.85,26.0,7.16,0.8340000000000001,0.25,38.6,19.83,11.57,31.39,31.1,26.79,177.0,0.215,40.0,22.6,13.0,7.34,0.641,0.153,20.5,9.23,14.97,24.2,24.87,18.78,,,,,,,,,,,,,,
745248,2024-06-11,2024,682988,R,607200,R,grounded_into_double_play,False,False,6.0,0.4,0.0,0.0,0.0,0.0,1.1,0.19999999999999996,9.09,4.76,9.52,14.29,30.0,0.0,,,,,,,,,,,,,,,160.0,0.243,37.0,23.12,10.0,6.25,0.6579999999999999,0.11499999999999999,24.19,10.91,18.4,29.32,27.5,19.47,,,,,,,,,,,,,,
745248,2024-06-11,2024,667452,R,621199,R,home_run,False,False,56.0,0.22,10.0,17.86,6.0,10.71,0.704,0.18000000000000002,19.63,8.82,17.23,26.05,27.87,11.9,250.0,0.249,56.0,22.4,20.0,8.0,0.659,0.0979999999999999,26.42,11.51,19.54,31.05,28.57,19.44,37.0,0.182,6.0,16.22,3.0,8.11,0.755,0.303,17.74,7.43,18.24,25.68,17.33,13.04,16.0,0.286,3.0,18.75,1.0,6.25,0.812,0.214,13.04,4.55,27.27,31.82,16.22,20.0
745248,2024-06-11,2024,670032,L,621199,R,field_out,False,False,168.0,0.24,27.0,16.07,13.0,7.74,0.585,0.040000000000000036,18.51,8.84,16.5,25.34,26.35,18.24,212.0,0.228,33.0,15.57,24.0,11.32,0.647,0.089,22.47,10.7,16.47,27.16,26.6,14.22,29.0,0.208,4.0,13.79,4.0,13.79,0.72,0.167,13.95,5.41,17.12,22.52,20.63,16.0,4.0,0.667,0.0,0.0,1.0,25.0,1.75,0.3329999999999999,11.11,4.76,14.29,19.05,37.5,0.0
745248,2024-06-11,2024,673357,R,621199,R,walk,False,True,45.0,0.163,19.0,42.22,2.0,4.44,0.7350000000000001,0.372,38.78,20.32,17.11,37.43,37.76,27.14,477.0,0.252,132.0,27.67,25.0,5.24,0.8340000000000001,0.279,32.83,18.94,10.59,29.53,40.07,24.77,37.0,0.182,6.0,16.22,3.0,8.11,0.755,0.303,17.74,7.43,18.24,25.68,17.33,13.04,16.0,0.286,3.0,18.75,1.0,6.25,0.812,0.214,13.04,4.55,27.27,31.82,16.22,20.0
745248,2024-06-11,2024,657757,L,669912,L,walk,False,True,37.0,0.194,11.0,29.73,3.0,8.11,0.657,0.193,29.69,12.42,20.26,32.68,21.13,24.44,20.0,0.053,8.0,40.0,0.0,0.0,0.103,0.0,42.11,18.6,20.93,39.53,40.0,26.67,20.0,0.333,4.0,20.0,2.0,10.0,0.9,0.16699999999999998,26.47,11.84,17.11,28.95,35.9,15.38,26.0,0.32,5.0,19.23,1.0,3.85,0.826,0.1599999999999999,25.0,11.54,25.64,37.18,34.29,21.74
745248,2024-06-11,2024,683734,R,669912,L,force_out,False,False,51.0,0.265,8.0,15.69,2.0,3.92,0.6819999999999999,0.123,25.24,12.75,14.22,26.96,34.91,14.29,142.0,0.227,20.0,14.08,7.0,4.93,0.641,0.144,18.15,9.74,13.42,23.16,34.55,11.83,28.0,0.261,3.0,10.71,5.0,17.86,0.784,0.13,26.09,9.92,16.53,26.45,19.7,9.38,30.0,0.24,4.0,13.33,5.0,16.67,0.647,0.04,23.53,10.08,12.61,22.69,24.24,10.53
745248,2024-06-11,2024,657557,R,669912,L,walk,False,True,52.0,0.128,18.0,34.62,3.0,5.77,0.49,0.16999999999999998,40.83,23.79,8.74,32.52,29.7,26.87,119.0,0.217,35.0,29.41,9.0,7.56,0.635,0.1319999999999999,33.2,18.24,12.75,30.99,37.18,23.03,28.0,0.261,3.0,10.71,5.0,17.86,0.784,0.13,26.09,9.92,16.53,26.45,19.7,9.38,30.0,0.24,4.0,13.33,5.0,16.67,0.647,0.04,23.53,10.08,12.61,22.69,24.24,10.53
745248,2024-06-11,2024,672820,R,669912,L,field_out,False,False,19.0,0.294,4.0,21.05,2.0,10.53,0.897,0.23500000000000004,21.88,9.09,16.88,25.97,25.71,22.22,50.0,0.261,10.0,20.0,3.0,6.0,0.741,0.174,22.11,11.8,17.98,29.78,44.19,18.87,28.0,0.261,3.0,10.71,5.0,17.86,0.784,0.13,26.09,9.92,16.53,26.45,19.7,9.38,30.0,0.24,4.0,13.33,5.0,16.67,0.647,0.04,23.53,10.08,12.61,22.69,24.24,10.53
745248,2024-06-11,2024,686527,L,607200,R,home_run,False,False,86.0,0.192,23.0,26.74,7.0,8.14,0.7050000000000001,0.257,33.76,17.55,16.23,33.77,39.49,26.44,155.0,0.221,26.0,16.77,5.0,3.23,0.661,0.1879999999999999,24.65,13.73,16.86,30.59,41.27,21.85,177.0,0.215,40.0,22.6,13.0,7.34,0.641,0.153,20.5,9.23,14.97,24.2,24.87,18.78,,,,,,,,,,,,,,
745248,2024-06-11,2024,669208,R,656629,R,single,False,False,18.0,0.25,2.0,11.11,1.0,5.56,0.544,0.0,17.24,8.47,11.86,20.34,8.33,11.76,,,,,,,,,,,,,,,64.0,0.302,16.0,25.0,8.0,12.5,0.8939999999999999,0.16999999999999998,26.02,12.03,17.67,29.7,27.13,17.02,300.0,0.245,61.0,20.33,41.0,13.67,0.859,0.249,23.75,10.21,17.43,27.63,24.11,17.39
745248,2024-06-11,2024,641487,L,656629,R,walk,False,True,133.0,0.183,31.0,23.31,16.0,12.03,0.625,0.15600000000000003,17.98,7.21,20.21,27.42,18.28,18.67,446.0,0.266,84.0,18.83,67.0,15.02,0.845,0.197,18.19,6.93,19.49,26.42,17.9,17.39,61.0,0.184,23.0,37.7,9.0,14.75,0.6950000000000001,0.183,33.33,15.71,18.77,34.48,26.55,26.44,291.0,0.231,73.0,25.09,50.0,17.18,0.815,0.213,30.04,12.39,14.67,27.06,25.1,22.64
745248,2024-06-11,2024,668942,L,656629,R,single,False,False,177.0,0.285,27.0,15.25,16.0,9.04,0.778,0.139,17.83,8.18,16.5,24.67,21.3,13.99,299.0,0.249,64.0,21.4,22.0,7.36,0.6559999999999999,0.1019999999999999,22.77,10.13,19.65,29.78,25.55,19.69,61.0,0.184,23.0,37.7,9.0,14.75,0.6950000000000001,0.183,33.33,15.71,18.77,34.48,26.55,26.44,291.0,0.231,73.0,25.09,50.0,17.18,0.815,0.213,30.04,12.39,14.67,27.06,25.1,22.64
745248,2024-06-11,2024,677594,R,656629,R,strikeout,True,False,211.0,0.253,59.0,27.96,12.0,5.69,0.612,0.06,30.82,16.49,12.34,28.83,36.23,19.86,545.0,0.267,127.0,23.3,35.0,6.42,0.8109999999999999,0.2169999999999999,27.93,14.91,13.12,28.03,38.34,22.84,64.0,0.302,16.0,25.0,8.0,12.5,0.8939999999999999,0.16999999999999998,26.02,12.03,17.67,29.7,27.13,17.02,300.0,0.245,61.0,20.33,41.0,13.67,0.859,0.249,23.75,10.21,17.43,27.63,24.11,17.39
745248,2024-06-11,2024,663728,L,656629,R,strikeout,True,False,176.0,0.228,63.0,35.8,17.0,9.66,0.6930000000000001,0.164,30.39,15.35,13.39,28.74,31.09,23.13,462.0,0.235,126.0,27.27,47.0,10.17,0.7909999999999999,0.241,29.58,14.2,14.09,28.29,30.53,21.36,61.0,0.184,23.0,37.7,9.0,14.75,0.6950000000000001,0.183,33.33,15.71,18.77,34.48,26.55,26.44,291.0,0.231,73.0,25.09,50.0,17.18,0.815,0.213,30.04,12.39,14.67,27.06,25.1,22.64
745248,2024-06-11,2024,571745,R,656629,R,single,False,False,165.0,0.25,44.0,26.67,15.0,9.09,0.743,0.176,30.18,12.61,18.04,30.65,21.3,20.98,161.0,0.189,48.0,29.81,10.0,6.21,0.599,0.1619999999999999,28.57,13.33,19.22,32.56,25.34,22.02,64.0,0.302,16.0,25.0,8.0,12.5,0.8939999999999999,0.16999999999999998,26.02,12.03,17.67,29.7,27.13,17.02,300.0,0.245,61.0,20.33,41.0,13.67,0.859,0.249,23.75,10.21,17.43,27.63,24.11,17.39
745248,2024-06-11,2024,670042,L,656629,R,single,False,False,140.0,0.267,43.0,30.71,4.0,2.86,0.741,0.15999999999999998,34.75,18.99,10.85,29.84,30.56,30.71,363.0,0.247,112.0,30.85,26.0,7.16,0.8340000000000001,0.25,38.6,19.83,11.57,31.39,31.1,26.79,61.0,0.184,23.0,37.7,9.0,14.75,0.6950000000000001,0.183,33.33,15.71,18.77,34.48,26.55,26.44,291.0,0.231,73.0,25.09,50.0,17.18,0.815,0.213,30.04,12.39,14.67,27.06,25.1,22.64
745248,2024-06-11,2024,682988,R,656629,R,hit_by_pitch,False,False,6.0,0.4,0.0,0.0,0.0,0.0,1.1,0.19999999999999996,9.09,4.76,9.52,14.29,30.0,0.0,,,,,,,,,,,,,,,64.0,0.302,16.0,25.0,8.0,12.5,0.8939999999999999,0.16999999999999998,26.02,12.03,17.67,29.7,27.13,17.02,300.0,0.245,61.0,20.33,41.0,13.67,0.859,0.249,23.75,10.21,17.43,27.63,24.11,17.39
745248,2024-06-11,2024,686527,L,673929,R,field_out,False,False,86.0,0.192,23.0,26.74,7.0,8.14,0.7050000000000001,0.257,33.76,17.55,16.23,33.77,39.49,26.44,155.0,0.221,26.0,16.77,5.0,3.23,0.661,0.1879999999999999,24.65,13.73,16.86,30.59,41.27,21.85,56.0,0.174,11.0,19.64,8.0,14.29,0.6739999999999999,0.196,28.83,13.85,13.42,27.27,23.21,19.64,,,,,,,,,,,,,,
745248,2024-06-11,2024,693049,L,592773,R,single,False,False,22.0,0.222,4.0,18.18,3.0,13.64,0.586,0.0,27.03,12.5,20.0,32.5,32.56,18.18,200.0,0.225,54.0,27.0,9.0,4.5,0.5840000000000001,0.096,31.03,16.83,13.63,30.46,39.85,27.84,54.0,0.319,12.0,22.22,5.0,9.26,0.9,0.192,25.45,12.61,14.86,27.48,30.1,16.44,97.0,0.209,20.0,20.62,10.0,10.31,0.615,0.117,29.95,15.58,9.3,24.87,27.09,18.02
745248,2024-06-11,2024,686676,R,592773,R,strikeout,True,False,117.0,0.245,32.0,27.35,6.0,5.13,0.702,0.173,38.84,21.81,11.14,32.95,32.49,22.7,47.0,0.116,12.0,25.53,4.0,8.51,0.4,0.0929999999999999,33.71,18.07,13.25,31.33,34.15,23.53,57.0,0.176,16.0,28.07,5.0,8.77,0.498,0.059,31.45,17.26,11.06,28.32,38.14,20.25,116.0,0.231,31.0,26.72,11.0,9.48,0.752,0.211,31.3,16.45,11.54,27.99,28.0,17.61
745248,2024-06-11,2024,667452,R,592773,R,strikeout,True,False,56.0,0.22,10.0,17.86,6.0,10.71,0.704,0.18000000000000002,19.63,8.82,17.23,26.05,27.87,11.9,250.0,0.249,56.0,22.4,20.0,8.0,0.659,0.0979999999999999,26.42,11.51,19.54,31.05,28.57,19.44,57.0,0.176,16.0,28.07,5.0,8.77,0.498,0.059,31.45,17.26,11.06,28.32,38.14,20.25,116.0,0.231,31.0,26.72,11.0,9.48,0.752,0.211,31.3,16.45,11.54,27.99,28.0,17.61
745248,2024-06-11,2024,670032,L,592773,R,single,False,False,168.0,0.24,27.0,16.07,13.0,7.74,0.585,0.040000000000000036,18.51,8.84,16.5,25.34,26.35,18.24,212.0,0.228,33.0,15.57,24.0,11.32,0.647,0.089,22.47,10.7,16.47,27.16,26.6,14.22,54.0,0.319,12.0,22.22,5.0,9.26,0.9,0.192,25.45,12.61,14.86,27.48,30.1,16.44,97.0,0.209,20.0,20.62,10.0,10.31,0.615,0.117,29.95,15.58,9.3,24.87,27.09,18.02
745248,2024-06-11,2024,673357,R,592773,R,strikeout,True,False,45.0,0.163,19.0,42.22,2.0,4.44,0.7350000000000001,0.372,38.78,20.32,17.11,37.43,37.76,27.14,477.0,0.252,132.0,27.67,25.0,5.24,0.8340000000000001,0.279,32.83,18.94,10.59,29.53,40.07,24.77,57.0,0.176,16.0,28.07,5.0,8.77,0.498,0.059,31.45,17.26,11.06,28.32,38.14,20.25,116.0,0.231,31.0,26.72,11.0,9.48,0.752,0.211,31.3,16.45,11.54,27.99,28.0,17.61
745248,2024-06-11,2024,669208,R,673929,R,field_out,False,False,18.0,0.25,2.0,11.11,1.0,5.56,0.544,0.0,17.24,8.47,11.86,20.34,8.33,11.76,,,,,,,,,,,,,,,65.0,0.25,15.0,23.08,9.0,13.85,0.675,0.07100000000000001,26.83,12.79,13.95,26.74,26.12,20.83,,,,,,,,,,,,,,
745248,2024-06-11,2024,641487,L,673929,R,walk,False,True,133.0,0.183,31.0,23.31,16.0,12.03,0.625,0.15600000000000003,17.98,7.21,20.21,27.42,18.28,18.67,446.0,0.266,84.0,18.83,67.0,15.02,0.845,0.197,18.19,6.93,19.49,26.42,17.9,17.39,56.0,0.174,11.0,19.64,8.0,14.29,0.6739999999999999,0.196,28.83,13.85,13.42,27.27,23.21,19.64,,,,,,,,,,,,,,
745248,2024-06-11,2024,668942,L,673929,R,walk,False,True,177.0,0.285,27.0,15.25,16.0,9.04,0.778,0.139,17.83,8.18,16.5,24.67,21.3,13.99,299.0,0.249,64.0,21.4,22.0,7.36,0.6559999999999999,0.1019999999999999,22.77,10.13,19.65,29.78,25.55,19.69,56.0,0.174,11.0,19.64,8.0,14.29,0.6739999999999999,0.196,28.83,13.85,13.42,27.27,23.21,19.64,,,,,,,,,,,,,,
745248,2024-06-11,2024,677594,R,673929,R,single,False,False,211.0,0.253,59.0,27.96,12.0,5.69,0.612,0.06,30.82,16.49,12.34,28.83,36.23,19.86,545.0,0.267,127.0,23.3,35.0,6.42,0.8109999999999999,0.2169999999999999,27.93,14.91,13.12,28.03,38.34,22.84,65.0,0.25,15.0,23.08,9.0,13.85,0.675,0.07100000000000001,26.83,12.79,13.95,26.74,26.12,20.83,,,,,,,,,,,,,,
745248,2024-06-11,2024,663728,L,673929,R,home_run,False,False,176.0,0.228,63.0,35.8,17.0,9.66,0.6930000000000001,0.164,30.39,15.35,13.39,28.74,31.09,23.13,462.0,0.235,126.0,27.27,47.0,10.17,0.7909999999999999,0.241,29.58,14.2,14.09,28.29,30.53,21.36,56.0,0.174,11.0,19.64,8.0,14.29,0.6739999999999999,0.196,28.83,13.85,13.42,27.27,23.21,19.64,,,,,,,,,,,,,,
745334,2024-06-11,2024,514888,R,690986,L,field_error,False,False,83.0,0.303,13.0,15.66,5.0,6.02,0.7689999999999999,0.10499999999999998,18.99,9.93,12.58,22.52,39.11,16.25,113.0,0.283,16.0,14.16,12.0,10.62,0.847,0.192,16.9,8.18,15.68,23.86,33.07,11.68,260.0,0.268,46.0,17.69,19.0,7.31,0.756,0.16599999999999998,21.75,10.46,16.31,26.77,23.31,16.61,105.0,0.179,33.0,31.43,6.0,5.71,0.637,0.21,28.57,13.33,19.76,33.1,27.86,23.91
745334,2024-06-11,2024,608324,R,690986,L,grounded_into_double_play,False,False,91.0,0.2,6.0,6.59,6.0,6.59,0.5820000000000001,0.129,7.04,3.02,22.36,25.38,24.07,6.59,216.0,0.215,20.0,9.26,27.0,12.5,0.6950000000000001,0.161,13.03,5.13,19.07,24.2,22.25,9.57,260.0,0.268,46.0,17.69,19.0,7.31,0.756,0.16599999999999998,21.75,10.46,16.31,26.77,23.31,16.61,105.0,0.179,33.0,31.43,6.0,5.71,0.637,0.21,28.57,13.33,19.76,33.1,27.86,23.91
745334,2024-06-11,2024,670541,L,690986,L,field_out,False,False,105.0,0.33,20.0,19.05,8.0,7.62,0.922,0.202,21.35,10.38,13.66,24.04,34.36,24.1,174.0,0.295,37.0,21.26,20.0,11.49,0.892,0.212,24.91,11.27,17.53,28.79,30.5,20.79,72.0,0.277,22.0,30.56,3.0,4.17,0.762,0.13799999999999996,28.03,14.07,17.87,31.94,37.4,25.58,43.0,0.333,2.0,4.65,5.0,11.63,1.068,0.306,10.67,4.76,17.26,22.02,27.06,4.08
745334,2024-06-11,2024,689172,L,681293,R,single,False,False,43.0,0.275,8.0,18.6,2.0,4.65,0.627,0.04999999999999999,21.95,11.32,16.98,28.3,40.26,16.67,106.0,0.155,30.0,28.3,8.0,7.55,0.4639999999999999,0.092,28.32,14.65,14.19,28.83,32.6,19.86,137.0,0.272,32.0,23.36,19.0,13.87,0.77,0.123,24.9,11.01,17.13,28.15,23.59,20.0,,,,,,,,,,,,,,
745334,2024-06-11,2024,671218,R,681293,R,strikeout,True,False,92.0,0.291,30.0,32.61,6.0,6.52,0.7210000000000001,0.09300000000000003,34.94,15.93,16.76,32.69,28.5,27.78,14.0,0.154,4.0,28.57,1.0,7.14,0.368,0.0,30.43,14.58,18.75,33.33,26.09,50.0,104.0,0.272,29.0,27.88,10.0,9.62,0.774,0.15199999999999997,30.93,14.89,16.63,31.51,25.97,22.83,,,,,,,,,,,,,,
745334,2024-06-11,2024,672275,L,681293,R,walk,False,True,128.0,0.28,23.0,17.97,17.0,13.28,0.8089999999999999,0.15899999999999997,21.54,10.0,13.77,23.77,25.64,16.31,240.0,0.203,70.0,29.17,13.0,5.42,0.5569999999999999,0.0989999999999999,26.61,12.88,17.55,30.43,28.93,23.81,137.0,0.272,32.0,23.36,19.0,13.87,0.77,0.123,24.9,11.01,17.13,28.15,23.59,20.0,,,,,,,,,,,,,,
745334,2024-06-11,2024,624424,L,681293,R,field_out,False,False,139.0,0.228,30.0,21.58,12.0,8.63,0.712,0.18899999999999997,24.05,11.39,16.27,27.67,29.12,18.18,368.0,0.245,77.0,20.92,50.0,13.59,0.753,0.155,23.68,10.56,15.02,25.57,23.23,16.81,137.0,0.272,32.0,23.36,19.0,13.87,0.77,0.123,24.9,11.01,17.13,28.15,23.59,20.0,,,,,,,,,,,,,,
745334,2024-06-11,2024,624585,R,681293,R,field_out,False,False,159.0,0.203,34.0,21.38,14.0,8.81,0.599,0.126,26.48,12.75,14.93,27.68,28.71,20.86,446.0,0.242,111.0,24.89,46.0,10.31,0.788,0.22,27.97,12.22,16.15,28.37,25.71,21.19,104.0,0.272,29.0,27.88,10.0,9.62,0.774,0.15199999999999997,30.93,14.89,16.63,31.51,25.97,22.83,,,,,,,,,,,,,,
745334,2024-06-11,2024,665161,R,690986,L,field_out,False,False,78.0,0.307,8.0,10.26,1.0,1.28,0.8049999999999999,0.186,21.88,12.82,12.82,25.64,40.74,9.76,174.0,0.325,22.0,12.64,9.0,5.17,0.8340000000000001,0.141,23.71,13.93,8.22,22.15,36.96,13.17,260.0,0.268,46.0,17.69,19.0,7.31,0.756,0.16599999999999998,21.75,10.46,16.31,26.77,23.31,16.61,105.0,0.179,33.0,31.43,6.0,5.71,0.637,0.21,28.57,13.33,19.76,33.1,27.86,23.91
745334,2024-06-11,2024,676694,R,690986,L,strikeout,True,False,58.0,0.26,9.0,15.52,6.0,10.34,0.842,0.21999999999999997,25.77,12.14,16.02,28.16,26.17,16.98,79.0,0.257,19.0,24.05,8.0,10.13,0.785,0.186,30.49,15.72,12.89,28.62,32.93,16.67,260.0,0.268,46.0,17.69,19.0,7.31,0.756,0.16599999999999998,21.75,10.46,16.31,26.77,23.31,16.61,105.0,0.179,33.0,31.43,6.0,5.71,0.637,0.21,28.57,13.33,19.76,33.1,27.86,23.91
745334,2024-06-11,2024,643289,R,690986,L,strikeout,True,False,51.0,0.312,3.0,5.88,2.0,3.92,0.771,0.126,19.63,12.07,8.62,20.69,42.05,5.88,117.0,0.327,12.0,10.26,6.0,5.13,0.859,0.1639999999999999,13.48,8.22,11.41,19.63,41.01,10.91,260.0,0.268,46.0,17.69,19.0,7.31,0.756,0.16599999999999998,21.75,10.46,16.31,26.77,23.31,16.61,105.0,0.179,33.0,31.43,6.0,5.71,0.637,0.21,28.57,13.33,19.76,33.1,27.86,23.91
745334,2024-06-11,2024,573262,L,681293,R,strikeout,True,False,165.0,0.22,48.0,29.09,13.0,7.88,0.702,0.19999999999999998,25.93,10.64,19.34,29.97,18.73,22.33,296.0,0.243,75.0,25.34,40.0,13.51,0.831,0.235,23.69,9.65,18.67,28.32,20.68,19.69,137.0,0.272,32.0,23.36,19.0,13.87,0.77,0.123,24.9,11.01,17.13,28.15,23.59,20.0,,,,,,,,,,,,,,
745334,2024-06-11,2024,642731,R,681293,R,strikeout,True,False,192.0,0.246,38.0,19.79,5.0,2.6,0.68,0.15800000000000003,19.4,9.54,19.82,29.37,35.52,19.49,380.0,0.276,84.0,22.11,15.0,3.95,0.767,0.172,21.44,11.24,17.01,28.25,38.17,20.1,104.0,0.272,29.0,27.88,10.0,9.62,0.774,0.15199999999999997,30.93,14.89,16.63,31.51,25.97,22.83,,,,,,,,,,,,,,
745334,2024-06-11,2024,670092,L,681293,R,field_out,False,False,17.0,0.133,3.0,17.65,2.0,11.76,0.368,0.0,23.08,8.7,23.19,31.88,18.92,18.75,,,,,,,,,,,,,,,137.0,0.272,32.0,23.36,19.0,13.87,0.77,0.123,24.9,11.01,17.13,28.15,23.59,20.0,,,,,,,,,,,,,,
745334,2024-06-11,2024,547989,R,690986,L,field_out,False,False,37.0,0.118,5.0,13.51,2.0,5.41,0.365,0.057999999999999996,24.05,12.18,14.74,26.92,27.85,10.2,179.0,0.235,36.0,20.11,15.0,8.38,0.74,0.209,19.78,9.63,17.94,27.57,34.21,14.69,260.0,0.268,46.0,17.69,19.0,7.31,0.756,0.16599999999999998,21.75,10.46,16.31,26.77,23.31,16.61,105.0,0.179,33.0,31.43,6.0,5.71,0.637,0.21,28.57,13.33,19.76,33.1,27.86,23.91
745334,2024-06-11,2024,676801,R,690986,L,field_out,False,False,33.0,0.2,8.0,24.24,3.0,9.09,0.54,0.067,25.0,12.8,12.0,24.8,25.81,24.24,138.0,0.325,35.0,25.36,13.0,9.42,1.009,0.285,31.52,15.56,12.88,28.44,29.0,20.96,260.0,0.268,46.0,17.69,19.0,7.31,0.756,0.16599999999999998,21.75,10.46,16.31,26.77,23.31,16.61,105.0,0.179,33.0,31.43,6.0,5.71,0.637,0.21,28.57,13.33,19.76,33.1,27.86,23.91
745334,2024-06-11,2024,605170,R,690986,L,field_out,False,False,18.0,0.294,2.0,11.11,0.0,0.0,0.69,0.118,10.87,6.76,10.81,17.57,41.67,6.45,59.0,0.25,12.0,20.34,4.0,6.78,0.61,0.0379999999999999,25.84,11.06,16.83,27.88,19.63,21.43,260.0,0.268,46.0,17.69,19.0,7.31,0.756,0.16599999999999998,21.75,10.46,16.31,26.77,23.31,16.61,105.0,0.179,33.0,31.43,6.0,5.71,0.637,0.21,28.57,13.33,19.76,33.1,27.86,23.91
745334,2024-06-11,2024,669477,R,681293,R,field_out,False,False,31.0,0.194,6.0,19.35,0.0,0.0,0.517,0.129,22.45,12.94,21.18,34.12,50.0,35.29,162.0,0.193,45.0,27.78,8.0,4.94,0.5549999999999999,0.1099999999999999,29.87,16.43,14.82,31.25,40.93,29.03,104.0,0.272,29.0,27.88,10.0,9.62,0.774,0.15199999999999997,30.93,14.89,16.63,31.51,25.97,22.83,,,,,,,,,,,,,,
745334,2024-06-11,2024,689172,L,681293,R,field_out,False,False,43.0,0.275,8.0,18.6,2.0,4.65,0.627,0.04999999999999999,21.95,11.32,16.98,28.3,40.26,16.67,106.0,0.155,30.0,28.3,8.0,7.55,0.4639999999999999,0.092,28.32,14.65,14.19,28.83,32.6,19.86,137.0,0.272,32.0,23.36,19.0,13.87,0.77,0.123,24.9,11.01,17.13,28.15,23.59,20.0,,,,,,,,,,,,,,
745334,2024-06-11,2024,671218,R,681293,R,single,False,False,92.0,0.291,30.0,32.61,6.0,6.52,0.7210000000000001,0.09300000000000003,34.94,15.93,16.76,32.69,28.5,27.78,14.0,0.154,4.0,28.57,1.0,7.14,0.368,0.0,30.43,14.58,18.75,33.33,26.09,50.0,104.0,0.272,29.0,27.88,10.0,9.62,0.774,0.15199999999999997,30.93,14.89,16.63,31.51,25.97,22.83,,,,,,,,,,,,,,
745334,2024-06-11,2024,672275,L,681293,R,walk,False,True,128.0,0.28,23.0,17.97,17.0,13.28,0.8089999999999999,0.15899999999999997,21.54,10.0,13.77,23.77,25.64,16.31,240.0,0.203,70.0,29.17,13.0,5.42,0.5569999999999999,0.0989999999999999,26.61,12.88,17.55,30.43,28.93,23.81,137.0,0.272,32.0,23.36,19.0,13.87,0.77,0.123,24.9,11.01,17.13,28.15,23.59,20.0,,,,,,,,,,,,,,
745334,2024-06-11,2024,624424,L,681293,R,strikeout,True,False,139.0,0.228,30.0,21.58,12.0,8.63,0.712,0.18899999999999997,24.05,11.39,16.27,27.67,29.12,18.18,368.0,0.245,77.0,20.92,50.0,13.59,0.753,0.155,23.68,10.56,15.02,25.57,23.23,16.81,137.0,0.272,32.0,23.36,19.0,13.87,0.77,0.123,24.9,11.01,17.13,28.15,23.59,20.0,,,,,,,,,,,,,,
745334,2024-06-11,2024,514888,R,690986,L,single,False,False,83.0,0.303,13.0,15.66,5.0,6.02,0.7689999999999999,0.10499999999999998,18.99,9.93,12.58,22.52,39.11,16.25,113.0,0.283,16.0,14.16,12.0,10.62,0.847,0.192,16.9,8.18,15.68,23.86,33.07,11.68,260.0,0.268,46.0,17.69,19.0,7.31,0.756,0.16599999999999998,21.75,10.46,16.31,26.77,23.31,16.61,105.0,0.179,33.0,31.43,6.0,5.71,0.637,0.21,28.57,13.33,19.76,33.1,27.86,23.91
745334,2024-06-11,2024,608324,R,690986,L,field_out,False,False,91.0,0.2,6.0,6.59,6.0,6.59,0.5820000000000001,0.129,7.04,3.02,22.36,25.38,24.07,6.59,216.0,0.215,20.0,9.26,27.0,12.5,0.6950000000000001,0.161,13.03,5.13,19.07,24.2,22.25,9.57,260.0,0.268,46.0,17.69,19.0,7.31,0.756,0.16599999999999998,21.75,10.46,16.31,26.77,23.31,16.61,105.0,0.179,33.0,31.43,6.0,5.71,0.637,0.21,28.57,13.33,19.76,33.1,27.86,23.91
745334,2024-06-11,2024,670541,L,690986,L,force_out,False,False,105.0,0.33,20.0,19.05,8.0,7.62,0.922,0.202,21.35,10.38,13.66,24.04,34.36,24.1,174.0,0.295,37.0,21.26,20.0,11.49,0.892,0.212,24.91,11.27,17.53,28.79,30.5,20.79,72.0,0.277,22.0,30.56,3.0,4.17,0.762,0.13799999999999996,28.03,14.07,17.87,31.94,37.4,25.58,43.0,0.333,2.0,4.65,5.0,11.63,1.068,0.306,10.67,4.76,17.26,22.02,27.06,4.08
745334,2024-06-11,2024,665161,R,690986,L,field_out,False,False,78.0,0.307,8.0,10.26,1.0,1.28,0.8049999999999999,0.186,21.88,12.82,12.82,25.64,40.74,9.76,174.0,0.325,22.0,12.64,9.0,5.17,0.8340000000000001,0.141,23.71,13.93,8.22,22.15,36.96,13.17,260.0,0.268,46.0,17.69,19.0,7.31,0.756,0.16599999999999998,21.75,10.46,16.31,26.77,23.31,16.61,105.0,0.179,33.0,31.43,6.0,5.71,0.637,0.21,28.57,13.33,19.76,33.1,27.86,23.91
745334,2024-06-11,2024,624585,R,681293,R,single,False,False,159.0,0.203,34.0,21.38,14.0,8.81,0.599,0.126,26.48,12.75,14.93,27.68,28.71,20.86,446.0,0.242,111.0,24.89,46.0,10.31,0.788,0.22,27.97,12.22,16.15,28.37,25.71,21.19,104.0,0.272,29.0,27.88,10.0,9.62,0.774,0.15199999999999997,30.93,14.89,16.63,31.51,25.97,22.83,,,,,,,,,,,,,,
745334,2024-06-11,2024,573262,L,681293,R,field_out,False,False,165.0,0.22,48.0,29.09,13.0,7.88,0.702,0.19999999999999998,25.93,10.64,19.34,29.97,18.73,22.33,296.0,0.243,75.0,25.34,40.0,13.51,0.831,0.235,23.69,9.65,18.67,28.32,20.68,19.69,137.0,0.272,32.0,23.36,19.0,13.87,0.77,0.123,24.9,11.01,17.13,28.15,23.59,20.0,,,,,,,,,,,,,,
745334,2024-06-11,2024,642731,R,681293,R,field_out,False,False,192.0,0.246,38.0,19.79,5.0,2.6,0.68,0.15800000000000003,19.4,9.54,19.82,29.37,35.52,19.49,380.0,0.276,84.0,22.11,15.0,3.95,0.767,0.172,21.44,11.24,17.01,28.25,38.17,20.1,104.0,0.272,29.0,27.88,10.0,9.62,0.774,0.15199999999999997,30.93,14.89,16.63,31.51,25.97,22.83,,,,,,,,,,,,,,
745334,2024-06-11,2024,670092,L,681293,R,field_out,False,False,17.0,0.133,3.0,17.65,2.0,11.76,0.368,0.0,23.08,8.7,23.19,31.88,18.92,18.75,,,,,,,,,,,,,,,137.0,0.272,32.0,23.36,19.0,13.87,0.77,0.123,24.9,11.01,17.13,28.15,23.59,20.0,,,,,,,,,,,,,,
745334,2024-06-11,2024,676694,R,690986,L,single,False,False,58.0,0.26,9.0,15.52,6.0,10.34,0.842,0.21999999999999997,25.77,12.14,16.02,28.16,26.17,16.98,79.0,0.257,19.0,24.05,8.0,10.13,0.785,0.186,30.49,15.72,12.89,28.62,32.93,16.67,260.0,0.268,46.0,17.69,19.0,7.31,0.756,0.16599999999999998,21.75,10.46,16.31,26.77,23.31,16.61,105.0,0.179,33.0,31.43,6.0,5.71,0.637,0.21,28.57,13.33,19.76,33.1,27.86,23.91
745334,2024-06-11,2024,643289,R,690986,L,field_out,False,False,51.0,0.312,3.0,5.88,2.0,3.92,0.771,0.126,19.63,12.07,8.62,20.69,42.05,5.88,117.0,0.327,12.0,10.26,6.0,5.13,0.859,0.1639999999999999,13.48,8.22,11.41,19.63,41.01,10.91,260.0,0.268,46.0,17.69,19.0,7.31,0.756,0.16599999999999998,21.75,10.46,16.31,26.77,23.31,16.61,105.0,0.179,33.0,31.43,6.0,5.71,0.637,0.21,28.57,13.33,19.76,33.1,27.86,23.91
745334,2024-06-11,2024,547989,R,690986,L,field_out,False,False,37.0,0.118,5.0,13.51,2.0,5.41,0.365,0.057999999999999996,24.05,12.18,14.74,26.92,27.85,10.2,179.0,0.235,36.0,20.11,15.0,8.38,0.74,0.209,19.78,9.63,17.94,27.57,34.21,14.69,260.0,0.268,46.0,17.69,19.0,7.31,0.756,0.16599999999999998,21.75,10.46,16.31,26.77,23.31,16.61,105.0,0.179,33.0,31.43,6.0,5.71,0.637,0.21,28.57,13.33,19.76,33.1,27.86,23.91
745334,2024-06-11,2024,676801,R,690986,L,strikeout,True,False,33.0,0.2,8.0,24.24,3.0,9.09,0.54,0.067,25.0,12.8,12.0,24.8,25.81,24.24,138.0,0.325,35.0,25.36,13.0,9.42,1.009,0.285,31.52,15.56,12.88,28.44,29.0,20.96,260.0,0.268,46.0,17.69,19.0,7.31,0.756,0.16599999999999998,21.75,10.46,16.31,26.77,23.31,16.61,105.0,0.179,33.0,31.43,6.0,5.71,0.637,0.21,28.57,13.33,19.76,33.1,27.86,23.91
745334,2024-06-11,2024,669477,R,681293,R,field_out,False,False,31.0,0.194,6.0,19.35,0.0,0.0,0.517,0.129,22.45,12.94,21.18,34.12,50.0,35.29,162.0,0.193,45.0,27.78,8.0,4.94,0.5549999999999999,0.1099999999999999,29.87,16.43,14.82,31.25,40.93,29.03,104.0,0.272,29.0,27.88,10.0,9.62,0.774,0.15199999999999997,30.93,14.89,16.63,31.51,25.97,22.83,,,,,,,,,,,,,,
745334,2024-06-11,2024,689172,L,681293,R,strikeout,True,False,43.0,0.275,8.0,18.6,2.0,4.65,0.627,0.04999999999999999,21.95,11.32,16.98,28.3,40.26,16.67,106.0,0.155,30.0,28.3,8.0,7.55,0.4639999999999999,0.092,28.32,14.65,14.19,28.83,32.6,19.86,137.0,0.272,32.0,23.36,19.0,13.87,0.77,0.123,24.9,11.01,17.13,28.15,23.59,20.0,,,,,,,,,,,,,,
745334,2024-06-11,2024,671218,R,681293,R,field_out,False,False,92.0,0.291,30.0,32.61,6.0,6.52,0.7210000000000001,0.09300000000000003,34.94,15.93,16.76,32.69,28.5,27.78,14.0,0.154,4.0,28.57,1.0,7.14,0.368,0.0,30.43,14.58,18.75,33.33,26.09,50.0,104.0,0.272,29.0,27.88,10.0,9.62,0.774,0.15199999999999997,30.93,14.89,16.63,31.51,25.97,22.83,,,,,,,,,,,,,,
745334,2024-06-11,2024,605170,R,690986,L,field_out,False,False,18.0,0.294,2.0,11.11,0.0,0.0,0.69,0.118,10.87,6.76,10.81,17.57,41.67,6.45,59.0,0.25,12.0,20.34,4.0,6.78,0.61,0.0379999999999999,25.84,11.06,16.83,27.88,19.63,21.43,260.0,0.268,46.0,17.69,19.0,7.31,0.756,0.16599999999999998,21.75,10.46,16.31,26.77,23.31,16.61,105.0,0.179,33.0,31.43,6.0,5.71,0.637,0.21,28.57,13.33,19.76,33.1,27.86,23.91
745334,2024-06-11,2024,514888,R,690986,L,field_out,False,False,83.0,0.303,13.0,15.66,5.0,6.02,0.7689999999999999,0.10499999999999998,18.99,9.93,12.58,22.52,39.11,16.25,113.0,0.283,16.0,14.16,12.0,10.62,0.847,0.192,16.9,8.18,15.68,23.86,33.07,11.68,260.0,0.268,46.0,17.69,19.0,7.31,0.756,0.16599999999999998,21.75,10.46,16.31,26.77,23.31,16.61,105.0,0.179,33.0,31.43,6.0,5.71,0.637,0.21,28.57,13.33,19.76,33.1,27.86,23.91
745334,2024-06-11,2024,608324,R,690986,L,field_out,False,False,91.0,0.2,6.0,6.59,6.0,6.59,0.5820000000000001,0.129,7.04,3.02,22.36,25.38,24.07,6.59,216.0,0.215,20.0,9.26,27.0,12.5,0.6950000000000001,0.161,13.03,5.13,19.07,24.2,22.25,9.57,260.0,0.268,46.0,17.69,19.0,7.31,0.756,0.16599999999999998,21.75,10.46,16.31,26.77,23.31,16.61,105.0,0.179,33.0,31.43,6.0,5.71,0.637,0.21,28.57,13.33,19.76,33.1,27.86,23.91
745334,2024-06-11,2024,672275,L,681293,R,field_out,False,False,128.0,0.28,23.0,17.97,17.0,13.28,0.8089999999999999,0.15899999999999997,21.54,10.0,13.77,23.77,25.64,16.31,240.0,0.203,70.0,29.17,13.0,5.42,0.5569999999999999,0.0989999999999999,26.61,12.88,17.55,30.43,28.93,23.81,137.0,0.272,32.0,23.36,19.0,13.87,0.77,0.123,24.9,11.01,17.13,28.15,23.59,20.0,,,,,,,,,,,,,,
745334,2024-06-11,2024,624424,L,681293,R,strikeout,True,False,139.0,0.228,30.0,21.58,12.0,8.63,0.712,0.18899999999999997,24.05,11.39,16.27,27.67,29.12,18.18,368.0,0.245,77.0,20.92,50.0,13.59,0.753,0.155,23.68,10.56,15.02,25.57,23.23,16.81,137.0,0.272,32.0,23.36,19.0,13.87,0.77,0.123,24.9,11.01,17.13,28.15,23.59,20.0,,,,,,,,,,,,,,
745334,2024-06-11,2024,624585,R,681293,R,walk,False,True,159.0,0.203,34.0,21.38,14.0,8.81,0.599,0.126,26.48,12.75,14.93,27.68,28.71,20.86,446.0,0.242,111.0,24.89,46.0,10.31,0.788,0.22,27.97,12.22,16.15,28.37,25.71,21.19,104.0,0.272,29.0,27.88,10.0,9.62,0.774,0.15199999999999997,30.93,14.89,16.63,31.51,25.97,22.83,,,,,,,,,,,,,,
745334,2024-06-11,2024,573262,L,681293,R,triple,False,False,165.0,0.22,48.0,29.09,13.0,7.88,0.702,0.19999999999999998,25.93,10.64,19.34,29.97,18.73,22.33,296.0,0.243,75.0,25.34,40.0,13.51,0.831,0.235,23.69,9.65,18.67,28.32,20.68,19.69,137.0,0.272,32.0,23.36,19.0,13.87,0.77,0.123,24.9,11.01,17.13,28.15,23.59,20.0,,,,,,,,,,,,,,
745334,2024-06-11,2024,642731,R,661527,R,field_out,False,False,192.0,0.246,38.0,19.79,5.0,2.6,0.68,0.15800000000000003,19.4,9.54,19.82,29.37,35.52,19.49,380.0,0.276,84.0,22.11,15.0,3.95,0.767,0.172,21.44,11.24,17.01,28.25,38.17,20.1,75.0,0.176,14.0,18.67,5.0,6.67,0.562,0.133,26.28,12.59,17.83,30.42,30.07,15.73,113.0,0.221,34.0,30.09,3.0,2.65,0.687,0.183,25.62,12.06,18.56,30.63,28.44,23.61
745334,2024-06-11,2024,670541,L,690986,L,triple,False,False,105.0,0.33,20.0,19.05,8.0,7.62,0.922,0.202,21.35,10.38,13.66,24.04,34.36,24.1,174.0,0.295,37.0,21.26,20.0,11.49,0.892,0.212,24.91,11.27,17.53,28.79,30.5,20.79,72.0,0.277,22.0,30.56,3.0,4.17,0.762,0.13799999999999996,28.03,14.07,17.87,31.94,37.4,25.58,43.0,0.333,2.0,4.65,5.0,11.63,1.068,0.306,10.67,4.76,17.26,22.02,27.06,4.08
745334,2024-06-11,2024,665161,R,690986,L,sac_fly,False,False,78.0,0.307,8.0,10.26,1.0,1.28,0.8049999999999999,0.186,21.88,12.82,12.82,25.64,40.74,9.76,174.0,0.325,22.0,12.64,9.0,5.17,0.8340000000000001,0.141,23.71,13.93,8.22,22.15,36.96,13.17,260.0,0.268,46.0,17.69,19.0,7.31,0.756,0.16599999999999998,21.75,10.46,16.31,26.77,23.31,16.61,105.0,0.179,33.0,31.43,6.0,5.71,0.637,0.21,28.57,13.33,19.76,33.1,27.86,23.91
745334,2024-06-11,2024,676694,R,690986,L,double,False,False,58.0,0.26,9.0,15.52,6.0,10.34,0.842,0.21999999999999997,25.77,12.14,16.02,28.16,26.17,16.98,79.0,0.257,19.0,24.05,8.0,10.13,0.785,0.186,30.49,15.72,12.89,28.62,32.93,16.67,260.0,0.268,46.0,17.69,19.0,7.31,0.756,0.16599999999999998,21.75,10.46,16.31,26.77,23.31,16.61,105.0,0.179,33.0,31.43,6.0,5.71,0.637,0.21,28.57,13.33,19.76,33.1,27.86,23.91
745334,2024-06-11,2024,643289,R,663546,R,field_out,False,False,107.0,0.287,8.0,7.48,4.0,3.74,0.6839999999999999,0.07900000000000001,16.33,9.52,12.2,21.73,42.49,8.7,375.0,0.263,58.0,15.47,13.0,3.47,0.6779999999999999,0.124,19.01,10.95,13.18,24.13,40.64,15.68,60.0,0.241,16.0,26.67,1.0,1.67,0.577,0.069,30.69,14.35,23.15,37.5,35.19,25.4,79.0,0.333,19.0,24.05,8.0,10.13,0.853,0.1019999999999999,21.37,8.56,22.6,31.16,26.67,26.03
745334,2024-06-11,2024,547989,R,663546,R,field_out,False,False,80.0,0.132,23.0,28.75,2.0,2.5,0.373,0.07899999999999999,32.53,16.93,18.18,35.11,36.54,21.7,416.0,0.238,94.0,22.6,27.0,6.49,0.653,0.119,29.38,14.86,16.49,31.35,37.27,18.69,60.0,0.241,16.0,26.67,1.0,1.67,0.577,0.069,30.69,14.35,23.15,37.5,35.19,25.4,79.0,0.333,19.0,24.05,8.0,10.13,0.853,0.1019999999999999,21.37,8.56,22.6,31.16,26.67,26.03
745334,2024-06-11,2024,670092,L,605463,R,field_out,False,False,17.0,0.133,3.0,17.65,2.0,11.76,0.368,0.0,23.08,8.7,23.19,31.88,18.92,18.75,,,,,,,,,,,,,,,69.0,0.14,13.0,18.84,9.0,13.04,0.405,0.0,26.02,11.55,16.25,27.8,27.27,18.06,27.0,0.15,5.0,18.52,6.0,22.22,0.72,0.1999999999999999,30.23,11.3,12.17,23.48,18.33,15.62
745334,2024-06-11,2024,669477,R,605463,R,strikeout,True,False,31.0,0.194,6.0,19.35,0.0,0.0,0.517,0.129,22.45,12.94,21.18,34.12,50.0,35.29,162.0,0.193,45.0,27.78,8.0,4.94,0.5549999999999999,0.1099999999999999,29.87,16.43,14.82,31.25,40.93,29.03,68.0,0.2,18.0,26.47,7.0,10.29,0.5609999999999999,0.067,28.0,11.78,19.87,31.65,25.16,18.0,61.0,0.37,12.0,19.67,4.0,6.56,1.074,0.278,22.52,10.82,16.02,26.84,31.45,17.91
745334,2024-06-11,2024,689172,L,605463,R,field_out,False,False,43.0,0.275,8.0,18.6,2.0,4.65,0.627,0.04999999999999999,21.95,11.32,16.98,28.3,40.26,16.67,106.0,0.155,30.0,28.3,8.0,7.55,0.4639999999999999,0.092,28.32,14.65,14.19,28.83,32.6,19.86,69.0,0.14,13.0,18.84,9.0,13.04,0.405,0.0,26.02,11.55,16.25,27.8,27.27,18.06,27.0,0.15,5.0,18.52,6.0,22.22,0.72,0.1999999999999999,30.23,11.3,12.17,23.48,18.33,15.62
745334,2024-06-11,2024,572138,L,676254,R,field_out,False,False,126.0,0.215,29.0,23.02,18.0,14.29,0.671,0.13099999999999998,25.51,10.27,18.89,29.16,19.68,22.66,79.0,0.13,19.0,24.05,9.0,11.39,0.402,0.0439999999999999,22.79,9.69,16.56,26.25,24.43,21.11,58.0,0.2,20.0,34.48,2.0,3.45,0.5680000000000001,0.127,35.09,17.17,17.6,34.76,30.28,26.67,96.0,0.221,29.0,30.21,7.0,7.29,0.711,0.1979999999999999,31.22,14.6,18.81,33.42,31.25,19.72
745334,2024-06-11,2024,605170,L,676254,R,single,False,False,82.0,0.222,11.0,13.41,5.0,6.1,0.715,0.209,18.9,8.89,17.78,26.67,25.4,19.64,168.0,0.262,33.0,19.64,15.0,8.93,0.745,0.1539999999999999,19.57,9.05,17.76,26.8,23.55,20.0,58.0,0.2,20.0,34.48,2.0,3.45,0.5680000000000001,0.127,35.09,17.17,17.6,34.76,30.28,26.67,96.0,0.221,29.0,30.21,7.0,7.29,0.711,0.1979999999999999,31.22,14.6,18.81,33.42,31.25,19.72
745334,2024-06-11,2024,514888,R,676254,R,field_out,False,False,212.0,0.298,40.0,18.87,13.0,6.13,0.814,0.172,19.54,10.01,17.0,27.01,37.95,18.52,297.0,0.322,55.0,18.52,32.0,10.77,0.941,0.218,19.43,8.47,19.0,27.48,31.81,17.74,78.0,0.217,25.0,32.05,4.0,5.13,0.556,0.04400000000000001,27.21,12.13,22.62,34.75,31.94,24.27,168.0,0.286,49.0,29.17,17.0,10.12,0.78,0.136,32.45,14.5,19.97,34.47,33.33,24.5
745334,2024-06-11,2024,608324,R,676254,R,field_out,False,False,181.0,0.255,33.0,18.23,16.0,8.84,0.767,0.186,15.89,7.05,19.36,26.42,23.97,14.67,508.0,0.282,67.0,13.19,65.0,12.8,0.8500000000000001,0.186,14.53,5.58,19.65,25.23,16.96,12.88,78.0,0.217,25.0,32.05,4.0,5.13,0.556,0.04400000000000001,27.21,12.13,22.62,34.75,31.94,24.27,168.0,0.286,49.0,29.17,17.0,10.12,0.78,0.136,32.45,14.5,19.97,34.47,33.33,24.5
745334,2024-06-11,2024,671218,R,605463,R,field_out,False,False,92.0,0.291,30.0,32.61,6.0,6.52,0.7210000000000001,0.09300000000000003,34.94,15.93,16.76,32.69,28.5,27.78,14.0,0.154,4.0,28.57,1.0,7.14,0.368,0.0,30.43,14.58,18.75,33.33,26.09,50.0,68.0,0.2,18.0,26.47,7.0,10.29,0.5609999999999999,0.067,28.0,11.78,19.87,31.65,25.16,18.0,61.0,0.37,12.0,19.67,4.0,6.56,1.074,0.278,22.52,10.82,16.02,26.84,31.45,17.91
745334,2024-06-11,2024,672275,L,605463,R,walk,False,True,128.0,0.28,23.0,17.97,17.0,13.28,0.8089999999999999,0.15899999999999997,21.54,10.0,13.77,23.77,25.64,16.31,240.0,0.203,70.0,29.17,13.0,5.42,0.5569999999999999,0.0989999999999999,26.61,12.88,17.55,30.43,28.93,23.81,69.0,0.14,13.0,18.84,9.0,13.04,0.405,0.0,26.02,11.55,16.25,27.8,27.27,18.06,27.0,0.15,5.0,18.52,6.0,22.22,0.72,0.1999999999999999,30.23,11.3,12.17,23.48,18.33,15.62
745334,2024-06-11,2024,624424,L,605463,R,field_out,False,False,139.0,0.228,30.0,21.58,12.0,8.63,0.712,0.18899999999999997,24.05,11.39,16.27,27.67,29.12,18.18,368.0,0.245,77.0,20.92,50.0,13.59,0.753,0.155,23.68,10.56,15.02,25.57,23.23,16.81,69.0,0.14,13.0,18.84,9.0,13.04,0.405,0.0,26.02,11.55,16.25,27.8,27.27,18.06,27.0,0.15,5.0,18.52,6.0,22.22,0.72,0.1999999999999999,30.23,11.3,12.17,23.48,18.33,15.62
745334,2024-06-11,2024,624585,R,605463,R,field_out,False,False,159.0,0.203,34.0,21.38,14.0,8.81,0.599,0.126,26.48,12.75,14.93,27.68,28.71,20.86,446.0,0.242,111.0,24.89,46.0,10.31,0.788,0.22,27.97,12.22,16.15,28.37,25.71,21.19,68.0,0.2,18.0,26.47,7.0,10.29,0.5609999999999999,0.067,28.0,11.78,19.87,31.65,25.16,18.0,61.0,0.37,12.0,19.67,4.0,6.56,1.074,0.278,22.52,10.82,16.02,26.84,31.45,17.91
745334,2024-06-11,2024,670541,L,666808,R,strikeout,True,False,184.0,0.267,25.0,13.59,20.0,10.87,0.85,0.22999999999999998,19.54,8.93,16.52,25.45,30.68,13.89,322.0,0.292,55.0,17.08,49.0,15.22,1.044,0.333,21.1,8.88,15.37,24.25,23.99,15.32,60.0,0.288,17.0,28.33,8.0,13.33,0.864,0.193,33.9,14.98,16.48,31.46,28.67,24.29,147.0,0.174,43.0,29.25,18.0,12.24,0.588,0.1149999999999999,31.29,14.99,14.68,29.68,31.58,19.72
745334,2024-06-11,2024,665161,R,666808,R,walk,False,True,196.0,0.293,35.0,17.86,9.0,4.59,0.702,0.07200000000000001,24.32,12.73,14.71,27.44,35.34,16.2,461.0,0.239,107.0,23.21,34.0,7.38,0.655,0.1089999999999999,30.36,15.5,13.92,29.42,35.52,20.7,62.0,0.157,17.0,27.42,11.0,17.74,0.581,0.11800000000000002,36.0,17.51,14.79,32.3,30.66,21.79,136.0,0.244,44.0,32.35,8.0,5.88,0.594,0.0409999999999999,35.9,16.28,17.05,33.33,26.79,34.38
745334,2024-06-11,2024,676694,R,666808,R,strikeout,True,False,131.0,0.273,30.0,22.9,7.0,5.34,0.739,0.14799999999999996,32.87,15.96,16.18,32.13,31.58,23.81,263.0,0.218,69.0,26.24,18.0,6.84,0.6459999999999999,0.146,25.89,12.2,16.27,28.47,24.49,21.12,62.0,0.157,17.0,27.42,11.0,17.74,0.581,0.11800000000000002,36.0,17.51,14.79,32.3,30.66,21.79,136.0,0.244,44.0,32.35,8.0,5.88,0.594,0.0409999999999999,35.9,16.28,17.05,33.33,26.79,34.38
745334,2024-06-11,2024,643289,R,666808,R,single,False,False,107.0,0.287,8.0,7.48,4.0,3.74,0.6839999999999999,0.07900000000000001,16.33,9.52,12.2,21.73,42.49,8.7,375.0,0.263,58.0,15.47,13.0,3.47,0.6779999999999999,0.124,19.01,10.95,13.18,24.13,40.64,15.68,62.0,0.157,17.0,27.42,11.0,17.74,0.581,0.11800000000000002,36.0,17.51,14.79,32.3,30.66,21.79,136.0,0.244,44.0,32.35,8.0,5.88,0.594,0.0409999999999999,35.9,16.28,17.05,33.33,26.79,34.38
745334,2024-06-11,2024,547989,R,666808,R,strikeout,True,False,80.0,0.132,23.0,28.75,2.0,2.5,0.373,0.07899999999999999,32.53,16.93,18.18,35.11,36.54,21.7,416.0,0.238,94.0,22.6,27.0,6.49,0.653,0.119,29.38,14.86,16.49,31.35,37.27,18.69,62.0,0.157,17.0,27.42,11.0,17.74,0.581,0.11800000000000002,36.0,17.51,14.79,32.3,30.66,21.79,136.0,0.244,44.0,32.35,8.0,5.88,0.594,0.0409999999999999,35.9,16.28,17.05,33.33,26.79,34.38
745334,2024-06-11,2024,596103,R,623352,L,field_out,False,False,49.0,0.15,12.0,24.49,8.0,16.33,0.45599999999999996,0.0,29.55,12.32,16.59,28.91,18.75,17.65,147.0,0.288,40.0,27.21,13.0,8.84,0.8,0.151,27.27,11.44,19.76,31.2,22.15,21.51,97.0,0.225,34.0,35.05,8.0,8.25,0.6599999999999999,0.146,36.97,19.02,13.41,32.44,31.43,24.64,184.0,0.146,69.0,37.5,24.0,13.04,0.489,0.071,31.35,15.37,13.74,29.1,32.49,22.62
745334,2024-06-11,2024,642731,R,623352,L,field_out,False,False,65.0,0.23,11.0,16.92,3.0,4.62,0.639,0.147,20.0,10.6,17.51,28.11,35.78,19.64,150.0,0.257,36.0,24.0,7.0,4.67,0.643,0.079,21.99,10.73,18.17,28.89,37.46,20.57,97.0,0.225,34.0,35.05,8.0,8.25,0.6599999999999999,0.146,36.97,19.02,13.41,32.44,31.43,24.64,184.0,0.146,69.0,37.5,24.0,13.04,0.489,0.071,31.35,15.37,13.74,29.1,32.49,22.62
745334,2024-06-11,2024,527038,R,623352,L,single,False,False,81.0,0.236,10.0,12.35,6.0,7.41,0.677,0.15300000000000002,12.77,5.68,19.56,25.24,28.07,10.87,182.0,0.303,28.0,15.38,14.0,7.69,0.886,0.224,17.07,7.55,21.16,28.71,29.47,12.17,97.0,0.225,34.0,35.05,8.0,8.25,0.6599999999999999,0.146,36.97,19.02,13.41,32.44,31.43,24.64,184.0,0.146,69.0,37.5,24.0,13.04,0.489,0.071,31.35,15.37,13.74,29.1,32.49,22.62
745334,2024-06-11,2024,669477,R,623352,L,field_out,False,False,11.0,0.3,2.0,18.18,0.0,0.0,0.964,0.3,14.29,7.89,18.42,26.32,37.5,16.67,115.0,0.222,20.0,17.39,5.0,4.35,0.613,0.1299999999999999,23.42,12.78,14.0,26.78,35.32,18.02,97.0,0.225,34.0,35.05,8.0,8.25,0.6599999999999999,0.146,36.97,19.02,13.41,32.44,31.43,24.64,184.0,0.146,69.0,37.5,24.0,13.04,0.489,0.071,31.35,15.37,13.74,29.1,32.49,22.62
745334,2024-06-11,2024,663550,L,669062,L,single,False,False,3.0,0.333,2.0,66.67,0.0,0.0,0.666,0.0,60.0,33.33,22.22,55.56,50.0,100.0,4.0,0.0,2.0,50.0,1.0,25.0,0.25,0.0,70.0,36.84,5.26,42.11,42.86,28.57,49.0,0.15,19.0,38.78,8.0,16.33,0.506,0.05000000000000002,37.66,13.12,22.17,35.29,18.7,24.0,,,,,,,,,,,,,,
745334,2024-06-11,2024,605170,R,669062,L,sac_fly,False,False,18.0,0.294,2.0,11.11,0.0,0.0,0.69,0.118,10.87,6.76,10.81,17.57,41.67,6.45,59.0,0.25,12.0,20.34,4.0,6.78,0.61,0.0379999999999999,25.84,11.06,16.83,27.88,19.63,21.43,76.0,0.235,19.0,25.0,7.0,9.21,0.788,0.25,30.49,14.88,13.99,28.87,26.35,15.7,,,,,,,,,,,,,,
745334,2024-06-11,2024,514888,R,669062,L,single,False,False,83.0,0.303,13.0,15.66,5.0,6.02,0.7689999999999999,0.10499999999999998,18.99,9.93,12.58,22.52,39.11,16.25,113.0,0.283,16.0,14.16,12.0,10.62,0.847,0.192,16.9,8.18,15.68,23.86,33.07,11.68,76.0,0.235,19.0,25.0,7.0,9.21,0.788,0.25,30.49,14.88,13.99,28.87,26.35,15.7,,,,,,,,,,,,,,
745334,2024-06-11,2024,608324,R,669062,L,single,False,False,91.0,0.2,6.0,6.59,6.0,6.59,0.5820000000000001,0.129,7.04,3.02,22.36,25.38,24.07,6.59,216.0,0.215,20.0,9.26,27.0,12.5,0.6950000000000001,0.161,13.03,5.13,19.07,24.2,22.25,9.57,76.0,0.235,19.0,25.0,7.0,9.21,0.788,0.25,30.49,14.88,13.99,28.87,26.35,15.7,,,,,,,,,,,,,,
745334,2024-06-11,2024,670541,L,669062,L,field_out,False,False,105.0,0.33,20.0,19.05,8.0,7.62,0.922,0.202,21.35,10.38,13.66,24.04,34.36,24.1,174.0,0.295,37.0,21.26,20.0,11.49,0.892,0.212,24.91,11.27,17.53,28.79,30.5,20.79,49.0,0.15,19.0,38.78,8.0,16.33,0.506,0.05000000000000002,37.66,13.12,22.17,35.29,18.7,24.0,,,,,,,,,,,,,,
745334,2024-06-11,2024,665161,R,678495,R,field_out,False,False,196.0,0.293,35.0,17.86,9.0,4.59,0.702,0.07200000000000001,24.32,12.73,14.71,27.44,35.34,16.2,461.0,0.239,107.0,23.21,34.0,7.38,0.655,0.1089999999999999,30.36,15.5,13.92,29.42,35.52,20.7,54.0,0.188,13.0,24.07,5.0,9.26,0.535,0.08300000000000002,28.57,15.08,13.07,28.14,32.65,24.07,,,,,,,,,,,,,,
745334,2024-06-11,2024,689172,L,606160,R,single,False,False,43.0,0.275,8.0,18.6,2.0,4.65,0.627,0.04999999999999999,21.95,11.32,16.98,28.3,40.26,16.67,106.0,0.155,30.0,28.3,8.0,7.55,0.4639999999999999,0.092,28.32,14.65,14.19,28.83,32.6,19.86,61.0,0.255,8.0,13.11,6.0,9.84,0.855,0.272,21.01,10.08,13.31,23.39,30.0,10.13,151.0,0.267,35.0,23.18,18.0,11.92,0.7849999999999999,0.1599999999999999,29.78,14.29,12.03,26.32,27.17,16.51
745334,2024-06-11,2024,671218,R,606160,R,single,False,False,92.0,0.291,30.0,32.61,6.0,6.52,0.7210000000000001,0.09300000000000003,34.94,15.93,16.76,32.69,28.5,27.78,14.0,0.154,4.0,28.57,1.0,7.14,0.368,0.0,30.43,14.58,18.75,33.33,26.09,50.0,53.0,0.222,10.0,18.87,4.0,7.55,0.638,0.089,16.0,7.24,15.38,22.62,26.02,14.49,147.0,0.291,44.0,29.93,11.0,7.48,0.884,0.239,30.51,15.31,14.8,30.1,32.81,22.45
745334,2024-06-11,2024,672275,L,606160,R,single,False,False,128.0,0.28,23.0,17.97,17.0,13.28,0.8089999999999999,0.15899999999999997,21.54,10.0,13.77,23.77,25.64,16.31,240.0,0.203,70.0,29.17,13.0,5.42,0.5569999999999999,0.0989999999999999,26.61,12.88,17.55,30.43,28.93,23.81,61.0,0.255,8.0,13.11,6.0,9.84,0.855,0.272,21.01,10.08,13.31,23.39,30.0,10.13,151.0,0.267,35.0,23.18,18.0,11.92,0.7849999999999999,0.1599999999999999,29.78,14.29,12.03,26.32,27.17,16.51
745334,2024-06-11,2024,624424,L,606160,R,fielders_choice,False,False,139.0,0.228,30.0,21.58,12.0,8.63,0.712,0.18899999999999997,24.05,11.39,16.27,27.67,29.12,18.18,368.0,0.245,77.0,20.92,50.0,13.59,0.753,0.155,23.68,10.56,15.02,25.57,23.23,16.81,61.0,0.255,8.0,13.11,6.0,9.84,0.855,0.272,21.01,10.08,13.31,23.39,30.0,10.13,151.0,0.267,35.0,23.18,18.0,11.92,0.7849999999999999,0.1599999999999999,29.78,14.29,12.03,26.32,27.17,16.51
745334,2024-06-11,2024,624585,R,606160,R,force_out,False,False,159.0,0.203,34.0,21.38,14.0,8.81,0.599,0.126,26.48,12.75,14.93,27.68,28.71,20.86,446.0,0.242,111.0,24.89,46.0,10.31,0.788,0.22,27.97,12.22,16.15,28.37,25.71,21.19,53.0,0.222,10.0,18.87,4.0,7.55,0.638,0.089,16.0,7.24,15.38,22.62,26.02,14.49,147.0,0.291,44.0,29.93,11.0,7.48,0.884,0.239,30.51,15.31,14.8,30.1,32.81,22.45
745334,2024-06-11,2024,596103,R,606160,R,single,False,False,9.0,0.286,3.0,33.33,1.0,11.11,0.73,0.0,36.36,13.33,23.33,36.67,15.38,30.0,60.0,0.226,18.0,30.0,7.0,11.67,0.619,0.0759999999999999,36.36,15.52,18.1,33.62,22.5,28.12,53.0,0.222,10.0,18.87,4.0,7.55,0.638,0.089,16.0,7.24,15.38,22.62,26.02,14.49,147.0,0.291,44.0,29.93,11.0,7.48,0.884,0.239,30.51,15.31,14.8,30.1,32.81,22.45
747027,2024-06-11,2024,671739,L,544150,R,triple,False,False,179.0,0.242,38.0,21.23,12.0,6.7,0.6719999999999999,0.134,24.54,14.55,10.33,24.88,43.61,19.29,400.0,0.29,76.0,19.0,22.0,5.5,0.812,0.191,24.97,13.25,14.35,27.61,37.23,20.32,59.0,0.192,13.0,22.03,6.0,10.17,0.622,0.15399999999999997,30.0,15.35,8.27,23.62,23.57,13.98,,,,,,,,,,,,,,
747027,2024-06-11,2024,645277,L,544150,R,field_out,False,False,178.0,0.255,30.0,16.85,16.0,8.99,0.7130000000000001,0.121,21.61,11.83,9.49,21.32,31.77,11.49,528.0,0.25,89.0,16.86,42.0,7.95,0.8029999999999999,0.235,20.84,11.11,9.82,20.92,33.45,13.94,59.0,0.192,13.0,22.03,6.0,10.17,0.622,0.15399999999999997,30.0,15.35,8.27,23.62,23.57,13.98,,,,,,,,,,,,,,
747027,2024-06-11,2024,663586,R,544150,R,strikeout,True,False,155.0,0.243,38.0,24.52,12.0,7.74,0.683,0.128,31.13,15.59,12.94,28.52,27.63,19.89,566.0,0.28,137.0,24.2,42.0,7.42,0.841,0.2199999999999999,27.71,13.25,15.53,28.77,27.7,18.53,98.0,0.213,20.0,20.41,5.0,5.1,0.539,0.06800000000000003,23.15,11.58,14.04,25.62,28.85,14.71,,,,,,,,,,,,,,
747027,2024-06-11,2024,621566,L,544150,R,field_out,False,False,182.0,0.228,50.0,27.47,21.0,11.54,0.71,0.158,28.43,14.0,11.25,25.25,27.32,18.35,540.0,0.294,115.0,21.3,90.0,16.67,1.061,0.351,27.51,12.57,12.32,24.89,25.66,14.92,59.0,0.192,13.0,22.03,6.0,10.17,0.622,0.15399999999999997,30.0,15.35,8.27,23.62,23.57,13.98,,,,,,,,,,,,,,
747027,2024-06-11,2024,676059,R,608331,L,strikeout,True,False,60.0,0.218,17.0,28.33,4.0,6.67,0.6890000000000001,0.19999999999999998,39.5,20.35,13.85,34.2,31.36,24.64,82.0,0.284,23.0,28.05,8.0,9.76,0.786,0.148,32.37,14.29,17.14,31.43,25.99,24.21,222.0,0.144,53.0,23.87,18.0,8.11,0.4,0.03900000000000001,26.88,12.44,16.74,29.19,28.39,20.54,260.0,0.249,65.0,25.0,11.0,4.23,0.6379999999999999,0.1059999999999999,25.83,12.03,16.97,29.0,28.77,22.26
747027,2024-06-11,2024,668939,R,608331,L,field_out,False,False,85.0,0.439,12.0,14.12,3.0,3.53,1.179,0.28099999999999997,17.76,8.04,20.83,28.87,26.54,12.63,191.0,0.304,21.0,10.99,31.0,16.23,0.895,0.177,12.46,4.9,20.56,25.46,20.79,8.71,222.0,0.144,53.0,23.87,18.0,8.11,0.4,0.03900000000000001,26.88,12.44,16.74,29.19,28.39,20.54,260.0,0.249,65.0,25.0,11.0,4.23,0.6379999999999999,0.1059999999999999,25.83,12.03,16.97,29.0,28.77,22.26
747027,2024-06-11,2024,663624,R,608331,L,field_out,False,False,70.0,0.297,12.0,17.14,6.0,8.57,0.873,0.21900000000000003,21.19,11.27,12.68,23.94,38.41,14.29,161.0,0.338,29.0,18.01,15.0,9.32,1.053,0.317,25.46,14.21,11.82,26.03,41.95,16.86,222.0,0.144,53.0,23.87,18.0,8.11,0.4,0.03900000000000001,26.88,12.44,16.74,29.19,28.39,20.54,260.0,0.249,65.0,25.0,11.0,4.23,0.6379999999999999,0.1059999999999999,25.83,12.03,16.97,29.0,28.77,22.26
747027,2024-06-11,2024,542303,R,544150,R,walk,False,True,190.0,0.3,41.0,21.58,17.0,8.95,0.992,0.329,31.44,15.14,13.37,28.51,26.21,19.71,453.0,0.272,109.0,24.06,44.0,9.71,0.882,0.263,27.95,13.42,14.78,28.21,29.59,18.63,98.0,0.213,20.0,20.41,5.0,5.1,0.539,0.06800000000000003,23.15,11.58,14.04,25.62,28.85,14.71,,,,,,,,,,,,,,
747027,2024-06-11,2024,594807,R,544150,R,field_out,False,False,72.0,0.088,26.0,36.11,3.0,4.17,0.257,0.03,27.56,13.06,19.4,32.46,30.23,32.1,260.0,0.248,76.0,29.23,18.0,6.92,0.863,0.303,29.41,13.69,18.97,32.66,32.68,27.44,98.0,0.213,20.0,20.41,5.0,5.1,0.539,0.06800000000000003,23.15,11.58,14.04,25.62,28.85,14.71,,,,,,,,,,,,,,
747027,2024-06-11,2024,672284,L,544150,R,walk,False,True,140.0,0.269,42.0,30.0,9.0,6.43,0.752,0.16899999999999998,33.79,17.44,14.06,31.49,31.67,23.46,324.0,0.251,105.0,32.41,34.0,10.49,0.738,0.1569999999999999,35.42,16.4,14.8,31.2,29.2,26.99,59.0,0.192,13.0,22.03,6.0,10.17,0.622,0.15399999999999997,30.0,15.35,8.27,23.62,23.57,13.98,,,,,,,,,,,,,,
747027,2024-06-11,2024,669221,R,544150,R,field_out,False,False,24.0,0.227,6.0,25.0,1.0,4.17,0.701,0.18199999999999997,25.0,10.98,21.95,32.93,31.71,35.29,337.0,0.245,77.0,22.85,37.0,10.98,0.832,0.2309999999999999,26.79,12.43,15.15,27.58,22.74,18.97,98.0,0.213,20.0,20.41,5.0,5.1,0.539,0.06800000000000003,23.15,11.58,14.04,25.62,28.85,14.71,,,,,,,,,,,,,,
747027,2024-06-11,2024,606115,R,544150,R,field_out,False,False,178.0,0.25,30.0,16.85,6.0,3.37,0.704,0.179,23.21,11.85,14.29,26.14,26.5,17.44,421.0,0.255,78.0,18.53,23.0,5.46,0.6739999999999999,0.12,23.54,11.23,17.09,28.32,27.84,15.98,98.0,0.213,20.0,20.41,5.0,5.1,0.539,0.06800000000000003,23.15,11.58,14.04,25.62,28.85,14.71,,,,,,,,,,,,,,
747027,2024-06-11,2024,623993,R,608331,L,walk,False,True,64.0,0.264,16.0,25.0,7.0,10.94,0.866,0.22699999999999998,32.11,14.52,18.26,32.78,29.51,23.19,170.0,0.25,45.0,26.47,24.0,14.12,0.7909999999999999,0.188,28.15,11.77,18.98,30.75,26.34,19.31,222.0,0.144,53.0,23.87,18.0,8.11,0.4,0.03900000000000001,26.88,12.44,16.74,29.19,28.39,20.54,260.0,0.249,65.0,25.0,11.0,4.23,0.6379999999999999,0.1059999999999999,25.83,12.03,16.97,29.0,28.77,22.26
747027,2024-06-11,2024,669720,R,608331,L,single,False,False,33.0,0.312,12.0,36.36,1.0,3.03,0.7390000000000001,0.09400000000000003,37.7,18.25,15.87,34.13,33.85,38.71,167.0,0.262,37.0,22.16,16.0,9.58,0.785,0.194,26.6,11.87,17.25,29.11,29.39,20.9,222.0,0.144,53.0,23.87,18.0,8.11,0.4,0.03900000000000001,26.88,12.44,16.74,29.19,28.39,20.54,260.0,0.249,65.0,25.0,11.0,4.23,0.6379999999999999,0.1059999999999999,25.83,12.03,16.97,29.0,28.77,22.26
747027,2024-06-11,2024,622761,R,608331,L,home_run,False,False,55.0,0.265,14.0,25.45,5.0,9.09,0.876,0.266,20.0,9.72,16.2,25.93,31.58,19.72,138.0,0.276,23.0,16.67,9.0,6.52,0.745,0.1409999999999999,24.81,12.67,15.88,28.54,31.42,15.23,222.0,0.144,53.0,23.87,18.0,8.11,0.4,0.03900000000000001,26.88,12.44,16.74,29.19,28.39,20.54,260.0,0.249,65.0,25.0,11.0,4.23,0.6379999999999999,0.1059999999999999,25.83,12.03,16.97,29.0,28.77,22.26
747027,2024-06-11,2024,602104,R,608331,L,single,False,False,27.0,0.208,4.0,14.81,1.0,3.7,0.588,0.08399999999999999,18.18,8.77,15.79,24.56,25.0,11.43,124.0,0.241,29.0,23.39,10.0,8.06,0.654,0.098,26.55,12.58,16.35,28.93,29.75,21.64,222.0,0.144,53.0,23.87,18.0,8.11,0.4,0.03900000000000001,26.88,12.44,16.74,29.19,28.39,20.54,260.0,0.249,65.0,25.0,11.0,4.23,0.6379999999999999,0.1059999999999999,25.83,12.03,16.97,29.0,28.77,22.26
747027,2024-06-11,2024,543510,R,608331,L,field_out,False,False,46.0,0.178,11.0,23.91,0.0,0.0,0.46699999999999997,0.11099999999999999,31.18,18.12,14.37,32.5,40.0,22.92,114.0,0.2,26.0,22.81,3.0,2.63,0.592,0.173,26.42,14.87,13.96,28.83,35.5,16.35,222.0,0.144,53.0,23.87,18.0,8.11,0.4,0.03900000000000001,26.88,12.44,16.74,29.19,28.39,20.54,260.0,0.249,65.0,25.0,11.0,4.23,0.6379999999999999,0.1059999999999999,25.83,12.03,16.97,29.0,28.77,22.26
747027,2024-06-11,2024,681297,L,608331,L,strikeout,True,False,51.0,0.205,20.0,39.22,4.0,7.84,0.644,0.159,37.5,15.71,20.48,36.19,20.95,28.17,9.0,0.143,2.0,22.22,1.0,11.11,0.476,0.0,25.0,8.11,27.03,35.14,15.79,18.18,68.0,0.387,14.0,20.59,4.0,5.88,1.006,0.17799999999999994,23.33,10.41,17.84,28.25,31.11,17.28,52.0,0.205,15.0,28.85,7.0,13.46,0.6000000000000001,0.068,33.67,15.49,15.49,30.99,29.84,25.0
747027,2024-06-11,2024,676059,R,608331,L,field_out,False,False,60.0,0.218,17.0,28.33,4.0,6.67,0.6890000000000001,0.19999999999999998,39.5,20.35,13.85,34.2,31.36,24.64,82.0,0.284,23.0,28.05,8.0,9.76,0.786,0.148,32.37,14.29,17.14,31.43,25.99,24.21,222.0,0.144,53.0,23.87,18.0,8.11,0.4,0.03900000000000001,26.88,12.44,16.74,29.19,28.39,20.54,260.0,0.249,65.0,25.0,11.0,4.23,0.6379999999999999,0.1059999999999999,25.83,12.03,16.97,29.0,28.77,22.26
747027,2024-06-11,2024,671739,L,544150,R,field_out,False,False,179.0,0.242,38.0,21.23,12.0,6.7,0.6719999999999999,0.134,24.54,14.55,10.33,24.88,43.61,19.29,400.0,0.29,76.0,19.0,22.0,5.5,0.812,0.191,24.97,13.25,14.35,27.61,37.23,20.32,59.0,0.192,13.0,22.03,6.0,10.17,0.622,0.15399999999999997,30.0,15.35,8.27,23.62,23.57,13.98,,,,,,,,,,,,,,
747027,2024-06-11,2024,645277,L,544150,R,field_out,False,False,178.0,0.255,30.0,16.85,16.0,8.99,0.7130000000000001,0.121,21.61,11.83,9.49,21.32,31.77,11.49,528.0,0.25,89.0,16.86,42.0,7.95,0.8029999999999999,0.235,20.84,11.11,9.82,20.92,33.45,13.94,59.0,0.192,13.0,22.03,6.0,10.17,0.622,0.15399999999999997,30.0,15.35,8.27,23.62,23.57,13.98,,,,,,,,,,,,,,
747027,2024-06-11,2024,663586,R,544150,R,strikeout,True,False,155.0,0.243,38.0,24.52,12.0,7.74,0.683,0.128,31.13,15.59,12.94,28.52,27.63,19.89,566.0,0.28,137.0,24.2,42.0,7.42,0.841,0.2199999999999999,27.71,13.25,15.53,28.77,27.7,18.53,98.0,0.213,20.0,20.41,5.0,5.1,0.539,0.06800000000000003,23.15,11.58,14.04,25.62,28.85,14.71,,,,,,,,,,,,,,
747027,2024-06-11,2024,668939,R,608331,L,field_out,False,False,85.0,0.439,12.0,14.12,3.0,3.53,1.179,0.28099999999999997,17.76,8.04,20.83,28.87,26.54,12.63,191.0,0.304,21.0,10.99,31.0,16.23,0.895,0.177,12.46,4.9,20.56,25.46,20.79,8.71,222.0,0.144,53.0,23.87,18.0,8.11,0.4,0.03900000000000001,26.88,12.44,16.74,29.19,28.39,20.54,260.0,0.249,65.0,25.0,11.0,4.23,0.6379999999999999,0.1059999999999999,25.83,12.03,16.97,29.0,28.77,22.26
747027,2024-06-11,2024,663624,R,608331,L,field_out,False,False,70.0,0.297,12.0,17.14,6.0,8.57,0.873,0.21900000000000003,21.19,11.27,12.68,23.94,38.41,14.29,161.0,0.338,29.0,18.01,15.0,9.32,1.053,0.317,25.46,14.21,11.82,26.03,41.95,16.86,222.0,0.144,53.0,23.87,18.0,8.11,0.4,0.03900000000000001,26.88,12.44,16.74,29.19,28.39,20.54,260.0,0.249,65.0,25.0,11.0,4.23,0.6379999999999999,0.1059999999999999,25.83,12.03,16.97,29.0,28.77,22.26
747027,2024-06-11,2024,623993,R,608331,L,field_out,False,False,64.0,0.264,16.0,25.0,7.0,10.94,0.866,0.22699999999999998,32.11,14.52,18.26,32.78,29.51,23.19,170.0,0.25,45.0,26.47,24.0,14.12,0.7909999999999999,0.188,28.15,11.77,18.98,30.75,26.34,19.31,222.0,0.144,53.0,23.87,18.0,8.11,0.4,0.03900000000000001,26.88,12.44,16.74,29.19,28.39,20.54,260.0,0.249,65.0,25.0,11.0,4.23,0.6379999999999999,0.1059999999999999,25.83,12.03,16.97,29.0,28.77,22.26
747027,2024-06-11,2024,621566,L,544150,R,walk,False,True,182.0,0.228,50.0,27.47,21.0,11.54,0.71,0.158,28.43,14.0,11.25,25.25,27.32,18.35,540.0,0.294,115.0,21.3,90.0,16.67,1.061,0.351,27.51,12.57,12.32,24.89,25.66,14.92,59.0,0.192,13.0,22.03,6.0,10.17,0.622,0.15399999999999997,30.0,15.35,8.27,23.62,23.57,13.98,,,,,,,,,,,,,,
747027,2024-06-11,2024,542303,R,544150,R,strikeout,True,False,190.0,0.3,41.0,21.58,17.0,8.95,0.992,0.329,31.44,15.14,13.37,28.51,26.21,19.71,453.0,0.272,109.0,24.06,44.0,9.71,0.882,0.263,27.95,13.42,14.78,28.21,29.59,18.63,98.0,0.213,20.0,20.41,5.0,5.1,0.539,0.06800000000000003,23.15,11.58,14.04,25.62,28.85,14.71,,,,,,,,,,,,,,
747027,2024-06-11,2024,594807,R,544150,R,field_out,False,False,72.0,0.088,26.0,36.11,3.0,4.17,0.257,0.03,27.56,13.06,19.4,32.46,30.23,32.1,260.0,0.248,76.0,29.23,18.0,6.92,0.863,0.303,29.41,13.69,18.97,32.66,32.68,27.44,98.0,0.213,20.0,20.41,5.0,5.1,0.539,0.06800000000000003,23.15,11.58,14.04,25.62,28.85,14.71,,,,,,,,,,,,,,
747027,2024-06-11,2024,672284,L,544150,R,field_out,False,False,140.0,0.269,42.0,30.0,9.0,6.43,0.752,0.16899999999999998,33.79,17.44,14.06,31.49,31.67,23.46,324.0,0.251,105.0,32.41,34.0,10.49,0.738,0.1569999999999999,35.42,16.4,14.8,31.2,29.2,26.99,59.0,0.192,13.0,22.03,6.0,10.17,0.622,0.15399999999999997,30.0,15.35,8.27,23.62,23.57,13.98,,,,,,,,,,,,,,
747027,2024-06-11,2024,669720,R,608331,L,single,False,False,33.0,0.312,12.0,36.36,1.0,3.03,0.7390000000000001,0.09400000000000003,37.7,18.25,15.87,34.13,33.85,38.71,167.0,0.262,37.0,22.16,16.0,9.58,0.785,0.194,26.6,11.87,17.25,29.11,29.39,20.9,222.0,0.144,53.0,23.87,18.0,8.11,0.4,0.03900000000000001,26.88,12.44,16.74,29.19,28.39,20.54,260.0,0.249,65.0,25.0,11.0,4.23,0.6379999999999999,0.1059999999999999,25.83,12.03,16.97,29.0,28.77,22.26
747027,2024-06-11,2024,622761,R,608331,L,field_out,False,False,55.0,0.265,14.0,25.45,5.0,9.09,0.876,0.266,20.0,9.72,16.2,25.93,31.58,19.72,138.0,0.276,23.0,16.67,9.0,6.52,0.745,0.1409999999999999,24.81,12.67,15.88,28.54,31.42,15.23,222.0,0.144,53.0,23.87,18.0,8.11,0.4,0.03900000000000001,26.88,12.44,16.74,29.19,28.39,20.54,260.0,0.249,65.0,25.0,11.0,4.23,0.6379999999999999,0.1059999999999999,25.83,12.03,16.97,29.0,28.77,22.26
747027,2024-06-11,2024,602104,R,608331,L,field_out,False,False,27.0,0.208,4.0,14.81,1.0,3.7,0.588,0.08399999999999999,18.18,8.77,15.79,24.56,25.0,11.43,124.0,0.241,29.0,23.39,10.0,8.06,0.654,0.098,26.55,12.58,16.35,28.93,29.75,21.64,222.0,0.144,53.0,23.87,18.0,8.11,0.4,0.03900000000000001,26.88,12.44,16.74,29.19,28.39,20.54,260.0,0.249,65.0,25.0,11.0,4.23,0.6379999999999999,0.1059999999999999,25.83,12.03,16.97,29.0,28.77,22.26
747027,2024-06-11,2024,543510,R,608331,L,strikeout,True,False,46.0,0.178,11.0,23.91,0.0,0.0,0.46699999999999997,0.11099999999999999,31.18,18.12,14.37,32.5,40.0,22.92,114.0,0.2,26.0,22.81,3.0,2.63,0.592,0.173,26.42,14.87,13.96,28.83,35.5,16.35,222.0,0.144,53.0,23.87,18.0,8.11,0.4,0.03900000000000001,26.88,12.44,16.74,29.19,28.39,20.54,260.0,0.249,65.0,25.0,11.0,4.23,0.6379999999999999,0.1059999999999999,25.83,12.03,16.97,29.0,28.77,22.26
747027,2024-06-11,2024,669221,R,544150,R,strikeout,True,False,24.0,0.227,6.0,25.0,1.0,4.17,0.701,0.18199999999999997,25.0,10.98,21.95,32.93,31.71,35.29,337.0,0.245,77.0,22.85,37.0,10.98,0.832,0.2309999999999999,26.79,12.43,15.15,27.58,22.74,18.97,98.0,0.213,20.0,20.41,5.0,5.1,0.539,0.06800000000000003,23.15,11.58,14.04,25.62,28.85,14.71,,,,,,,,,,,,,,
747027,2024-06-11,2024,606115,R,544150,R,single,False,False,178.0,0.25,30.0,16.85,6.0,3.37,0.704,0.179,23.21,11.85,14.29,26.14,26.5,17.44,421.0,0.255,78.0,18.53,23.0,5.46,0.6739999999999999,0.12,23.54,11.23,17.09,28.32,27.84,15.98,98.0,0.213,20.0,20.41,5.0,5.1,0.539,0.06800000000000003,23.15,11.58,14.04,25.62,28.85,14.71,,,,,,,,,,,,,,
747027,2024-06-11,2024,671739,L,544150,R,field_out,False,False,179.0,0.242,38.0,21.23,12.0,6.7,0.6719999999999999,0.134,24.54,14.55,10.33,24.88,43.61,19.29,400.0,0.29,76.0,19.0,22.0,5.5,0.812,0.191,24.97,13.25,14.35,27.61,37.23,20.32,59.0,0.192,13.0,22.03,6.0,10.17,0.622,0.15399999999999997,30.0,15.35,8.27,23.62,23.57,13.98,,,,,,,,,,,,,,
747027,2024-06-11,2024,645277,L,544150,R,field_out,False,False,178.0,0.255,30.0,16.85,16.0,8.99,0.7130000000000001,0.121,21.61,11.83,9.49,21.32,31.77,11.49,528.0,0.25,89.0,16.86,42.0,7.95,0.8029999999999999,0.235,20.84,11.11,9.82,20.92,33.45,13.94,59.0,0.192,13.0,22.03,6.0,10.17,0.622,0.15399999999999997,30.0,15.35,8.27,23.62,23.57,13.98,,,,,,,,,,,,,,
747027,2024-06-11,2024,681297,L,608331,L,field_out,False,False,51.0,0.205,20.0,39.22,4.0,7.84,0.644,0.159,37.5,15.71,20.48,36.19,20.95,28.17,9.0,0.143,2.0,22.22,1.0,11.11,0.476,0.0,25.0,8.11,27.03,35.14,15.79,18.18,68.0,0.387,14.0,20.59,4.0,5.88,1.006,0.17799999999999994,23.33,10.41,17.84,28.25,31.11,17.28,52.0,0.205,15.0,28.85,7.0,13.46,0.6000000000000001,0.068,33.67,15.49,15.49,30.99,29.84,25.0
747027,2024-06-11,2024,676059,R,608331,L,field_out,False,False,60.0,0.218,17.0,28.33,4.0,6.67,0.6890000000000001,0.19999999999999998,39.5,20.35,13.85,34.2,31.36,24.64,82.0,0.284,23.0,28.05,8.0,9.76,0.786,0.148,32.37,14.29,17.14,31.43,25.99,24.21,222.0,0.144,53.0,23.87,18.0,8.11,0.4,0.03900000000000001,26.88,12.44,16.74,29.19,28.39,20.54,260.0,0.249,65.0,25.0,11.0,4.23,0.6379999999999999,0.1059999999999999,25.83,12.03,16.97,29.0,28.77,22.26
747027,2024-06-11,2024,668939,R,608331,L,field_out,False,False,85.0,0.439,12.0,14.12,3.0,3.53,1.179,0.28099999999999997,17.76,8.04,20.83,28.87,26.54,12.63,191.0,0.304,21.0,10.99,31.0,16.23,0.895,0.177,12.46,4.9,20.56,25.46,20.79,8.71,222.0,0.144,53.0,23.87,18.0,8.11,0.4,0.03900000000000001,26.88,12.44,16.74,29.19,28.39,20.54,260.0,0.249,65.0,25.0,11.0,4.23,0.6379999999999999,0.1059999999999999,25.83,12.03,16.97,29.0,28.77,22.26
747027,2024-06-11,2024,663586,R,544150,R,field_out,False,False,155.0,0.243,38.0,24.52,12.0,7.74,0.683,0.128,31.13,15.59,12.94,28.52,27.63,19.89,566.0,0.28,137.0,24.2,42.0,7.42,0.841,0.2199999999999999,27.71,13.25,15.53,28.77,27.7,18.53,98.0,0.213,20.0,20.41,5.0,5.1,0.539,0.06800000000000003,23.15,11.58,14.04,25.62,28.85,14.71,,,,,,,,,,,,,,
747027,2024-06-11,2024,621566,L,544150,R,single,False,False,182.0,0.228,50.0,27.47,21.0,11.54,0.71,0.158,28.43,14.0,11.25,25.25,27.32,18.35,540.0,0.294,115.0,21.3,90.0,16.67,1.061,0.351,27.51,12.57,12.32,24.89,25.66,14.92,59.0,0.192,13.0,22.03,6.0,10.17,0.622,0.15399999999999997,30.0,15.35,8.27,23.62,23.57,13.98,,,,,,,,,,,,,,
747027,2024-06-11,2024,542303,R,544150,R,single,False,False,190.0,0.3,41.0,21.58,17.0,8.95,0.992,0.329,31.44,15.14,13.37,28.51,26.21,19.71,453.0,0.272,109.0,24.06,44.0,9.71,0.882,0.263,27.95,13.42,14.78,28.21,29.59,18.63,98.0,0.213,20.0,20.41,5.0,5.1,0.539,0.06800000000000003,23.15,11.58,14.04,25.62,28.85,14.71,,,,,,,,,,,,,,
747027,2024-06-11,2024,594807,R,657097,R,strikeout,True,False,72.0,0.088,26.0,36.11,3.0,4.17,0.257,0.03,27.56,13.06,19.4,32.46,30.23,32.1,260.0,0.248,76.0,29.23,18.0,6.92,0.863,0.303,29.41,13.69,18.97,32.66,32.68,27.44,79.0,0.221,16.0,20.25,11.0,13.92,0.653,0.10300000000000001,24.82,11.29,15.81,27.1,21.92,17.58,154.0,0.178,38.0,24.68,15.0,9.74,0.6080000000000001,0.155,31.15,16.29,14.33,30.62,34.71,18.27
747027,2024-06-11,2024,672284,L,657097,R,field_out,False,False,140.0,0.269,42.0,30.0,9.0,6.43,0.752,0.16899999999999998,33.79,17.44,14.06,31.49,31.67,23.46,324.0,0.251,105.0,32.41,34.0,10.49,0.738,0.1569999999999999,35.42,16.4,14.8,31.2,29.2,26.99,39.0,0.108,9.0,23.08,2.0,5.13,0.28900000000000003,0.02700000000000001,27.78,14.71,16.91,31.62,31.15,24.32,78.0,0.246,19.0,24.36,15.0,19.23,0.79,0.147,34.42,16.36,12.04,28.4,29.88,18.27
747027,2024-06-11,2024,663624,R,608331,L,walk,False,True,70.0,0.297,12.0,17.14,6.0,8.57,0.873,0.21900000000000003,21.19,11.27,12.68,23.94,38.41,14.29,161.0,0.338,29.0,18.01,15.0,9.32,1.053,0.317,25.46,14.21,11.82,26.03,41.95,16.86,222.0,0.144,53.0,23.87,18.0,8.11,0.4,0.03900000000000001,26.88,12.44,16.74,29.19,28.39,20.54,260.0,0.249,65.0,25.0,11.0,4.23,0.6379999999999999,0.1059999999999999,25.83,12.03,16.97,29.0,28.77,22.26
747027,2024-06-11,2024,623993,R,608331,L,single,False,False,64.0,0.264,16.0,25.0,7.0,10.94,0.866,0.22699999999999998,32.11,14.52,18.26,32.78,29.51,23.19,170.0,0.25,45.0,26.47,24.0,14.12,0.7909999999999999,0.188,28.15,11.77,18.98,30.75,26.34,19.31,222.0,0.144,53.0,23.87,18.0,8.11,0.4,0.03900000000000001,26.88,12.44,16.74,29.19,28.39,20.54,260.0,0.249,65.0,25.0,11.0,4.23,0.6379999999999999,0.1059999999999999,25.83,12.03,16.97,29.0,28.77,22.26
747027,2024-06-11,2024,669720,R,608331,L,single,False,False,33.0,0.312,12.0,36.36,1.0,3.03,0.7390000000000001,0.09400000000000003,37.7,18.25,15.87,34.13,33.85,38.71,167.0,0.262,37.0,22.16,16.0,9.58,0.785,0.194,26.6,11.87,17.25,29.11,29.39,20.9,222.0,0.144,53.0,23.87,18.0,8.11,0.4,0.03900000000000001,26.88,12.44,16.74,29.19,28.39,20.54,260.0,0.249,65.0,25.0,11.0,4.23,0.6379999999999999,0.1059999999999999,25.83,12.03,16.97,29.0,28.77,22.26
747027,2024-06-11,2024,622761,R,572955,R,field_out,False,False,73.0,0.231,16.0,21.92,3.0,4.11,0.639,0.154,21.62,11.15,16.03,27.18,30.0,17.86,214.0,0.178,59.0,27.57,13.0,6.07,0.515,0.1099999999999999,30.51,15.04,17.45,32.49,35.45,26.94,48.0,0.262,15.0,31.25,5.0,10.42,0.687,0.07100000000000001,33.33,15.22,20.65,35.87,29.07,25.86,161.0,0.259,49.0,30.43,14.0,8.7,0.6970000000000001,0.1149999999999999,31.85,15.3,18.91,34.21,36.56,26.63
747027,2024-06-11,2024,602104,R,572955,R,field_out,False,False,64.0,0.233,12.0,18.75,3.0,4.69,0.698,0.18399999999999997,28.21,13.87,13.03,26.89,25.0,17.91,272.0,0.274,72.0,26.47,17.0,6.25,0.726,0.1169999999999999,29.67,14.82,16.24,31.07,27.7,24.41,48.0,0.262,15.0,31.25,5.0,10.42,0.687,0.07100000000000001,33.33,15.22,20.65,35.87,29.07,25.86,161.0,0.259,49.0,30.43,14.0,8.7,0.6970000000000001,0.1149999999999999,31.85,15.3,18.91,34.21,36.56,26.63
747027,2024-06-11,2024,543510,R,572955,R,strikeout,True,False,53.0,0.24,7.0,13.21,2.0,3.77,0.624,0.12,19.57,10.59,14.71,25.29,34.72,13.95,112.0,0.247,31.0,27.68,6.0,5.36,0.702,0.134,37.09,19.22,14.36,33.58,41.41,26.72,48.0,0.262,15.0,31.25,5.0,10.42,0.687,0.07100000000000001,33.33,15.22,20.65,35.87,29.07,25.86,161.0,0.259,49.0,30.43,14.0,8.7,0.6970000000000001,0.1149999999999999,31.85,15.3,18.91,34.21,36.56,26.63
747027,2024-06-11,2024,669221,R,657097,R,field_out,False,False,24.0,0.227,6.0,25.0,1.0,4.17,0.701,0.18199999999999997,25.0,10.98,21.95,32.93,31.71,35.29,337.0,0.245,77.0,22.85,37.0,10.98,0.832,0.2309999999999999,26.79,12.43,15.15,27.58,22.74,18.97,79.0,0.221,16.0,20.25,11.0,13.92,0.653,0.10300000000000001,24.82,11.29,15.81,27.1,21.92,17.58,154.0,0.178,38.0,24.68,15.0,9.74,0.6080000000000001,0.155,31.15,16.29,14.33,30.62,34.71,18.27
747027,2024-06-11,2024,606115,R,657097,R,strikeout,True,False,178.0,0.25,30.0,16.85,6.0,3.37,0.704,0.179,23.21,11.85,14.29,26.14,26.5,17.44,421.0,0.255,78.0,18.53,23.0,5.46,0.6739999999999999,0.12,23.54,11.23,17.09,28.32,27.84,15.98,79.0,0.221,16.0,20.25,11.0,13.92,0.653,0.10300000000000001,24.82,11.29,15.81,27.1,21.92,17.58,154.0,0.178,38.0,24.68,15.0,9.74,0.6080000000000001,0.155,31.15,16.29,14.33,30.62,34.71,18.27
747027,2024-06-11,2024,671739,L,657097,R,walk,False,True,179.0,0.242,38.0,21.23,12.0,6.7,0.6719999999999999,0.134,24.54,14.55,10.33,24.88,43.61,19.29,400.0,0.29,76.0,19.0,22.0,5.5,0.812,0.191,24.97,13.25,14.35,27.61,37.23,20.32,39.0,0.108,9.0,23.08,2.0,5.13,0.28900000000000003,0.02700000000000001,27.78,14.71,16.91,31.62,31.15,24.32,78.0,0.246,19.0,24.36,15.0,19.23,0.79,0.147,34.42,16.36,12.04,28.4,29.88,18.27
747027,2024-06-11,2024,645277,L,657097,R,field_error,False,False,178.0,0.255,30.0,16.85,16.0,8.99,0.7130000000000001,0.121,21.61,11.83,9.49,21.32,31.77,11.49,528.0,0.25,89.0,16.86,42.0,7.95,0.8029999999999999,0.235,20.84,11.11,9.82,20.92,33.45,13.94,39.0,0.108,9.0,23.08,2.0,5.13,0.28900000000000003,0.02700000000000001,27.78,14.71,16.91,31.62,31.15,24.32,78.0,0.246,19.0,24.36,15.0,19.23,0.79,0.147,34.42,16.36,12.04,28.4,29.88,18.27
747027,2024-06-11,2024,663586,R,666974,R,strikeout,True,False,155.0,0.243,38.0,24.52,12.0,7.74,0.683,0.128,31.13,15.59,12.94,28.52,27.63,19.89,566.0,0.28,137.0,24.2,42.0,7.42,0.841,0.2199999999999999,27.71,13.25,15.53,28.77,27.7,18.53,82.0,0.208,25.0,30.49,9.0,10.98,0.624,0.11100000000000002,31.36,15.23,16.09,31.32,35.96,20.0,173.0,0.202,45.0,26.01,6.0,3.47,0.5569999999999999,0.1109999999999999,25.79,12.87,18.68,31.55,32.06,21.84
747027,2024-06-11,2024,681297,L,669276,L,field_out,False,False,51.0,0.205,20.0,39.22,4.0,7.84,0.644,0.159,37.5,15.71,20.48,36.19,20.95,28.17,9.0,0.143,2.0,22.22,1.0,11.11,0.476,0.0,25.0,8.11,27.03,35.14,15.79,18.18,40.0,0.25,14.0,35.0,0.0,0.0,0.675,0.175,33.33,20.57,16.31,36.88,46.43,30.43,40.0,0.189,13.0,32.5,2.0,5.0,0.663,0.243,40.54,20.69,20.69,41.38,31.03,32.5
747027,2024-06-11,2024,676059,R,669276,L,strikeout,True,False,60.0,0.218,17.0,28.33,4.0,6.67,0.6890000000000001,0.19999999999999998,39.5,20.35,13.85,34.2,31.36,24.64,82.0,0.284,23.0,28.05,8.0,9.76,0.786,0.148,32.37,14.29,17.14,31.43,25.99,24.21,74.0,0.238,11.0,14.86,9.0,12.16,0.694,0.127,33.33,17.65,10.2,27.84,33.6,17.46,61.0,0.315,11.0,18.03,6.0,9.84,0.8089999999999999,0.1109999999999999,24.26,13.36,13.77,27.13,40.44,11.34
747027,2024-06-11,2024,668939,R,669276,L,strikeout,True,False,85.0,0.439,12.0,14.12,3.0,3.53,1.179,0.28099999999999997,17.76,8.04,20.83,28.87,26.54,12.63,191.0,0.304,21.0,10.99,31.0,16.23,0.895,0.177,12.46,4.9,20.56,25.46,20.79,8.71,74.0,0.238,11.0,14.86,9.0,12.16,0.694,0.127,33.33,17.65,10.2,27.84,33.6,17.46,61.0,0.315,11.0,18.03,6.0,9.84,0.8089999999999999,0.1109999999999999,24.26,13.36,13.77,27.13,40.44,11.34
747027,2024-06-11,2024,621566,L,672335,L,field_out,False,False,84.0,0.263,20.0,23.81,5.0,5.95,0.8340000000000001,0.25,23.64,11.54,14.79,26.33,26.79,16.67,182.0,0.252,52.0,28.57,14.0,7.69,0.7989999999999999,0.239,31.07,15.01,14.87,29.88,27.47,21.94,29.0,0.148,8.0,27.59,1.0,3.45,0.429,0.07400000000000001,26.42,13.73,12.75,26.47,34.0,29.63,109.0,0.213,24.0,22.02,13.0,11.93,0.602,0.0739999999999999,21.23,9.38,17.28,26.67,28.02,21.24
747027,2024-06-11,2024,542303,R,672335,L,single,False,False,75.0,0.344,18.0,24.0,11.0,14.67,0.9710000000000001,0.18700000000000006,31.14,15.38,11.54,26.92,26.98,14.29,139.0,0.278,25.0,17.99,13.0,9.35,0.98,0.357,22.56,11.13,13.17,24.3,30.63,15.53,38.0,0.242,9.0,23.68,5.0,13.16,0.706,0.122,34.43,15.11,15.83,30.94,25.97,23.08,139.0,0.305,20.0,14.39,14.0,10.07,0.771,0.076,19.11,8.9,16.36,25.26,26.96,15.87
747027,2024-06-11,2024,594807,R,672335,L,force_out,False,False,74.0,0.283,13.0,17.57,11.0,14.86,1.022,0.334,18.05,7.97,16.28,24.25,22.09,12.87,93.0,0.244,34.0,36.56,4.0,4.3,0.757,0.2329999999999999,34.95,18.31,16.34,34.65,37.97,29.82,38.0,0.242,9.0,23.68,5.0,13.16,0.706,0.122,34.43,15.11,15.83,30.94,25.97,23.08,139.0,0.305,20.0,14.39,14.0,10.07,0.771,0.076,19.11,8.9,16.36,25.26,26.96,15.87
747027,2024-06-11,2024,518595,R,672335,L,field_out,False,False,38.0,0.343,8.0,21.05,2.0,5.26,1.111,0.39999999999999997,28.92,15.89,9.27,25.17,30.38,16.0,66.0,0.263,17.0,25.76,9.0,13.64,0.7849999999999999,0.1579999999999999,33.33,16.36,10.91,27.27,23.57,19.1,38.0,0.242,9.0,23.68,5.0,13.16,0.706,0.122,34.43,15.11,15.83,30.94,25.97,23.08,139.0,0.305,20.0,14.39,14.0,10.07,0.771,0.076,19.11,8.9,16.36,25.26,26.96,15.87
747027,2024-06-11,2024,663624,R,678061,L,field_out,False,False,70.0,0.297,12.0,17.14,6.0,8.57,0.873,0.21900000000000003,21.19,11.27,12.68,23.94,38.41,14.29,161.0,0.338,29.0,18.01,15.0,9.32,1.053,0.317,25.46,14.21,11.82,26.03,41.95,16.86,58.0,0.34,16.0,27.59,1.0,1.72,0.926,0.20700000000000002,34.58,17.54,16.59,34.12,34.31,27.59,78.0,0.278,20.0,25.64,6.0,7.69,0.93,0.3189999999999999,32.82,15.41,14.7,30.11,30.07,29.41
747027,2024-06-11,2024,623993,R,678061,L,strikeout,True,False,64.0,0.264,16.0,25.0,7.0,10.94,0.866,0.22699999999999998,32.11,14.52,18.26,32.78,29.51,23.19,170.0,0.25,45.0,26.47,24.0,14.12,0.7909999999999999,0.188,28.15,11.77,18.98,30.75,26.34,19.31,58.0,0.34,16.0,27.59,1.0,1.72,0.926,0.20700000000000002,34.58,17.54,16.59,34.12,34.31,27.59,78.0,0.278,20.0,25.64,6.0,7.69,0.93,0.3189999999999999,32.82,15.41,14.7,30.11,30.07,29.41
747027,2024-06-11,2024,669720,R,678061,L,field_out,False,False,33.0,0.312,12.0,36.36,1.0,3.03,0.7390000000000001,0.09400000000000003,37.7,18.25,15.87,34.13,33.85,38.71,167.0,0.262,37.0,22.16,16.0,9.58,0.785,0.194,26.6,11.87,17.25,29.11,29.39,20.9,58.0,0.34,16.0,27.59,1.0,1.72,0.926,0.20700000000000002,34.58,17.54,16.59,34.12,34.31,27.59,78.0,0.278,20.0,25.64,6.0,7.69,0.93,0.3189999999999999,32.82,15.41,14.7,30.11,30.07,29.41
747027,2024-06-11,2024,669221,R,622253,R,strikeout,True,False,24.0,0.227,6.0,25.0,1.0,4.17,0.701,0.18199999999999997,25.0,10.98,21.95,32.93,31.71,35.29,337.0,0.245,77.0,22.85,37.0,10.98,0.832,0.2309999999999999,26.79,12.43,15.15,27.58,22.74,18.97,63.0,0.241,13.0,20.63,3.0,4.76,0.5609999999999999,0.018000000000000016,19.27,8.86,18.14,27.0,30.43,18.57,,,,,,,,,,,,,,
747027,2024-06-11,2024,606115,R,622253,R,walk,False,True,178.0,0.25,30.0,16.85,6.0,3.37,0.704,0.179,23.21,11.85,14.29,26.14,26.5,17.44,421.0,0.255,78.0,18.53,23.0,5.46,0.6739999999999999,0.12,23.54,11.23,17.09,28.32,27.84,15.98,63.0,0.241,13.0,20.63,3.0,4.76,0.5609999999999999,0.018000000000000016,19.27,8.86,18.14,27.0,30.43,18.57,,,,,,,,,,,,,,
747027,2024-06-11,2024,671739,L,622253,R,field_out,False,False,179.0,0.242,38.0,21.23,12.0,6.7,0.6719999999999999,0.134,24.54,14.55,10.33,24.88,43.61,19.29,400.0,0.29,76.0,19.0,22.0,5.5,0.812,0.191,24.97,13.25,14.35,27.61,37.23,20.32,22.0,0.278,0.0,0.0,4.0,18.18,0.909,0.22199999999999998,7.41,2.94,13.24,16.18,11.76,0.0,,,,,,,,,,,,,,
747027,2024-06-11,2024,645277,L,622253,R,strikeout,True,False,178.0,0.255,30.0,16.85,16.0,8.99,0.7130000000000001,0.121,21.61,11.83,9.49,21.32,31.77,11.49,528.0,0.25,89.0,16.86,42.0,7.95,0.8029999999999999,0.235,20.84,11.11,9.82,20.92,33.45,13.94,22.0,0.278,0.0,0.0,4.0,18.18,0.909,0.22199999999999998,7.41,2.94,13.24,16.18,11.76,0.0,,,,,,,,,,,,,,
745077,2024-06-11,2024,643565,L,621107,R,field_out,False,False,182.0,0.263,35.0,19.23,26.0,14.29,0.804,0.16499999999999998,22.47,11.03,12.0,23.03,23.33,11.82,345.0,0.253,73.0,21.16,50.0,14.49,0.739,0.121,23.95,9.92,17.49,27.41,19.14,15.57,112.0,0.218,20.0,17.86,2.0,1.79,0.559,0.10900000000000001,18.54,8.87,17.47,26.34,23.78,23.26,345.0,0.21,80.0,23.19,13.0,3.77,0.594,0.144,21.17,10.93,16.75,27.67,33.11,21.82
745077,2024-06-11,2024,673548,R,621107,R,field_out,False,False,123.0,0.291,36.0,29.27,6.0,4.88,0.8320000000000001,0.2,27.75,11.44,21.1,32.54,24.61,21.69,419.0,0.278,102.0,24.34,41.0,9.79,0.839,0.2129999999999999,24.3,9.93,20.44,30.37,19.3,20.2,149.0,0.303,27.0,18.12,2.0,1.34,0.8320000000000001,0.21400000000000002,21.8,11.26,19.42,30.68,34.55,16.77,361.0,0.259,106.0,29.36,11.0,3.05,0.6890000000000001,0.143,27.2,13.04,21.18,34.21,34.97,26.5
745077,2024-06-11,2024,641355,L,621107,R,single,False,False,157.0,0.226,29.0,18.47,17.0,10.83,0.763,0.219,26.55,13.39,12.52,25.91,31.67,19.46,373.0,0.291,58.0,15.55,27.0,7.24,0.829,0.198,20.08,10.01,15.91,25.92,29.71,13.74,112.0,0.218,20.0,17.86,2.0,1.79,0.559,0.10900000000000001,18.54,8.87,17.47,26.34,23.78,23.26,345.0,0.21,80.0,23.19,13.0,3.77,0.594,0.144,21.17,10.93,16.75,27.67,33.11,21.82
745077,2024-06-11,2024,666624,R,621107,R,field_out,False,False,202.0,0.203,46.0,22.77,25.0,12.38,0.6859999999999999,0.175,30.75,14.09,13.58,27.66,25.0,20.72,329.0,0.247,105.0,31.91,27.0,8.21,0.798,0.239,38.21,19.07,13.74,32.81,29.43,27.56,149.0,0.303,27.0,18.12,2.0,1.34,0.8320000000000001,0.21400000000000002,21.8,11.26,19.42,30.68,34.55,16.77,361.0,0.259,106.0,29.36,11.0,3.05,0.6890000000000001,0.143,27.2,13.04,21.18,34.21,34.97,26.5
745077,2024-06-11,2024,650490,R,592791,R,field_out,False,False,212.0,0.238,31.0,14.62,21.0,9.91,0.66,0.10100000000000003,12.21,5.31,16.84,22.15,22.84,11.61,462.0,0.322,72.0,15.58,49.0,10.61,0.881,0.1559999999999999,18.95,8.0,18.68,26.68,19.71,15.69,111.0,0.257,18.0,16.22,3.0,2.7,0.6160000000000001,0.08600000000000002,19.8,10.7,17.38,28.07,34.57,16.67,330.0,0.252,77.0,23.33,9.0,2.73,0.653,0.124,24.68,12.85,17.91,30.76,34.04,20.87
745077,2024-06-11,2024,664040,L,592791,R,field_out,False,False,75.0,0.175,19.0,25.33,10.0,13.33,0.624,0.14200000000000002,27.54,13.87,10.22,24.09,28.0,24.68,374.0,0.241,103.0,27.54,42.0,11.23,0.813,0.237,31.86,16.63,11.13,27.77,30.39,21.33,102.0,0.293,17.0,16.67,10.0,9.8,0.8200000000000001,0.16400000000000003,15.03,6.36,20.05,26.41,25.62,13.28,326.0,0.266,63.0,19.33,32.0,9.82,0.8540000000000001,0.248,19.32,8.96,15.81,24.77,25.19,16.36
745077,2024-06-11,2024,670623,R,592791,R,field_out,False,False,195.0,0.292,31.0,15.9,19.0,9.74,0.876,0.20800000000000002,16.63,7.48,18.64,26.12,27.72,9.37,438.0,0.247,82.0,18.72,43.0,9.82,0.86,0.266,18.6,8.55,16.71,25.26,28.98,14.09,111.0,0.257,18.0,16.22,3.0,2.7,0.6160000000000001,0.08600000000000002,19.8,10.7,17.38,28.07,34.57,16.67,330.0,0.252,77.0,23.33,9.0,2.73,0.653,0.124,24.68,12.85,17.91,30.76,34.04,20.87
745077,2024-06-11,2024,664023,L,621107,R,field_out,False,False,196.0,0.22,56.0,28.57,27.0,13.78,0.728,0.17,28.24,12.76,15.57,28.34,22.2,19.05,502.0,0.258,109.0,21.71,80.0,15.94,0.831,0.192,25.86,11.22,15.24,26.46,20.31,17.34,112.0,0.218,20.0,17.86,2.0,1.79,0.559,0.10900000000000001,18.54,8.87,17.47,26.34,23.78,23.26,345.0,0.21,80.0,23.19,13.0,3.77,0.594,0.144,21.17,10.93,16.75,27.67,33.11,21.82
745077,2024-06-11,2024,621020,R,621107,R,field_out,False,False,170.0,0.219,50.0,29.41,13.0,7.65,0.6299999999999999,0.12899999999999998,33.33,16.12,14.96,31.08,24.46,23.81,478.0,0.244,111.0,23.22,49.0,10.25,0.734,0.161,28.04,13.13,15.12,28.26,23.34,18.66,149.0,0.303,27.0,18.12,2.0,1.34,0.8320000000000001,0.21400000000000002,21.8,11.26,19.42,30.68,34.55,16.77,361.0,0.259,106.0,29.36,11.0,3.05,0.6890000000000001,0.143,27.2,13.04,21.18,34.21,34.97,26.5
745077,2024-06-11,2024,683737,L,621107,R,single,False,False,188.0,0.234,67.0,35.64,25.0,13.3,0.783,0.209,33.98,15.09,15.21,30.31,25.06,24.81,66.0,0.158,21.0,31.82,8.0,12.12,0.556,0.1399999999999999,29.79,14.48,13.45,27.93,28.39,21.0,112.0,0.218,20.0,17.86,2.0,1.79,0.559,0.10900000000000001,18.54,8.87,17.47,26.34,23.78,23.26,345.0,0.21,80.0,23.19,13.0,3.77,0.594,0.144,21.17,10.93,16.75,27.67,33.11,21.82
745077,2024-06-11,2024,691718,L,621107,R,single,False,False,74.0,0.197,15.0,20.27,4.0,5.41,0.5529999999999999,0.10599999999999998,21.69,12.72,10.95,23.67,39.72,15.0,15.0,0.0,6.0,40.0,2.0,13.33,0.154,0.0,44.44,26.67,8.33,35.0,23.08,27.27,112.0,0.218,20.0,17.86,2.0,1.79,0.559,0.10900000000000001,18.54,8.87,17.47,26.34,23.78,23.26,345.0,0.21,80.0,23.19,13.0,3.77,0.594,0.144,21.17,10.93,16.75,27.67,33.11,21.82
745077,2024-06-11,2024,665804,R,621107,R,field_out,False,False,105.0,0.226,23.0,21.9,8.0,7.62,0.617,0.086,28.1,15.36,14.06,29.43,36.7,19.33,92.0,0.187,24.0,26.09,7.0,7.61,0.679,0.173,24.72,11.67,16.98,28.65,28.18,19.05,149.0,0.303,27.0,18.12,2.0,1.34,0.8320000000000001,0.21400000000000002,21.8,11.26,19.42,30.68,34.55,16.77,361.0,0.259,106.0,29.36,11.0,3.05,0.6890000000000001,0.143,27.2,13.04,21.18,34.21,34.97,26.5
745077,2024-06-11,2024,666139,L,592791,R,strikeout,True,False,56.0,0.22,15.0,26.79,5.0,8.93,0.6910000000000001,0.18000000000000002,27.2,13.82,13.82,27.64,29.41,17.44,435.0,0.3,104.0,23.91,27.0,6.21,0.8540000000000001,0.211,29.41,15.52,12.38,27.9,34.65,18.39,102.0,0.293,17.0,16.67,10.0,9.8,0.8200000000000001,0.16400000000000003,15.03,6.36,20.05,26.41,25.62,13.28,326.0,0.266,63.0,19.33,32.0,9.82,0.8540000000000001,0.248,19.32,8.96,15.81,24.77,25.19,16.36
745077,2024-06-11,2024,676356,R,592791,R,field_out,False,False,70.0,0.161,16.0,22.86,6.0,8.57,0.499,0.08099999999999999,26.56,13.65,15.66,29.32,37.78,20.0,10.0,0.2,0.0,0.0,0.0,0.0,0.7,0.3,19.05,11.43,11.43,22.86,44.44,0.0,111.0,0.257,18.0,16.22,3.0,2.7,0.6160000000000001,0.08600000000000002,19.8,10.7,17.38,28.07,34.57,16.67,330.0,0.252,77.0,23.33,9.0,2.73,0.653,0.124,24.68,12.85,17.91,30.76,34.04,20.87
745077,2024-06-11,2024,680700,L,592791,R,field_out,False,False,170.0,0.236,42.0,24.71,20.0,11.76,0.6819999999999999,0.11099999999999999,28.44,13.88,13.88,27.76,28.14,20.29,82.0,0.216,10.0,12.2,6.0,7.32,0.7390000000000001,0.243,15.71,6.75,18.4,25.15,18.99,10.75,102.0,0.293,17.0,16.67,10.0,9.8,0.8200000000000001,0.16400000000000003,15.03,6.36,20.05,26.41,25.62,13.28,326.0,0.266,63.0,19.33,32.0,9.82,0.8540000000000001,0.248,19.32,8.96,15.81,24.77,25.19,16.36
745077,2024-06-11,2024,643565,L,621107,R,field_out,False,False,182.0,0.263,35.0,19.23,26.0,14.29,0.804,0.16499999999999998,22.47,11.03,12.0,23.03,23.33,11.82,345.0,0.253,73.0,21.16,50.0,14.49,0.739,0.121,23.95,9.92,17.49,27.41,19.14,15.57,112.0,0.218,20.0,17.86,2.0,1.79,0.559,0.10900000000000001,18.54,8.87,17.47,26.34,23.78,23.26,345.0,0.21,80.0,23.19,13.0,3.77,0.594,0.144,21.17,10.93,16.75,27.67,33.11,21.82
745077,2024-06-11,2024,673548,R,621107,R,field_out,False,False,123.0,0.291,36.0,29.27,6.0,4.88,0.8320000000000001,0.2,27.75,11.44,21.1,32.54,24.61,21.69,419.0,0.278,102.0,24.34,41.0,9.79,0.839,0.2129999999999999,24.3,9.93,20.44,30.37,19.3,20.2,149.0,0.303,27.0,18.12,2.0,1.34,0.8320000000000001,0.21400000000000002,21.8,11.26,19.42,30.68,34.55,16.77,361.0,0.259,106.0,29.36,11.0,3.05,0.6890000000000001,0.143,27.2,13.04,21.18,34.21,34.97,26.5
745077,2024-06-11,2024,641355,L,621107,R,field_out,False,False,157.0,0.226,29.0,18.47,17.0,10.83,0.763,0.219,26.55,13.39,12.52,25.91,31.67,19.46,373.0,0.291,58.0,15.55,27.0,7.24,0.829,0.198,20.08,10.01,15.91,25.92,29.71,13.74,112.0,0.218,20.0,17.86,2.0,1.79,0.559,0.10900000000000001,18.54,8.87,17.47,26.34,23.78,23.26,345.0,0.21,80.0,23.19,13.0,3.77,0.594,0.144,21.17,10.93,16.75,27.67,33.11,21.82
745077,2024-06-11,2024,642350,R,592791,R,field_out,False,False,134.0,0.19,50.0,37.31,9.0,6.72,0.585,0.12,38.2,16.98,21.18,38.17,31.48,28.41,271.0,0.23,93.0,34.32,16.0,5.9,0.801,0.29,39.19,20.65,15.06,35.71,37.69,31.08,111.0,0.257,18.0,16.22,3.0,2.7,0.6160000000000001,0.08600000000000002,19.8,10.7,17.38,28.07,34.57,16.67,330.0,0.252,77.0,23.33,9.0,2.73,0.653,0.124,24.68,12.85,17.91,30.76,34.04,20.87
745077,2024-06-11,2024,666163,L,592791,R,single,False,False,112.0,0.247,29.0,25.89,14.0,12.5,0.637,0.04199999999999998,24.77,11.06,17.33,28.39,27.62,18.06,72.0,0.133,15.0,20.83,10.0,13.89,0.507,0.1169999999999999,25.64,10.56,17.96,28.52,20.41,17.5,102.0,0.293,17.0,16.67,10.0,9.8,0.8200000000000001,0.16400000000000003,15.03,6.36,20.05,26.41,25.62,13.28,326.0,0.266,63.0,19.33,32.0,9.82,0.8540000000000001,0.248,19.32,8.96,15.81,24.77,25.19,16.36
745077,2024-06-11,2024,670764,L,592791,R,strikeout,True,False,5.0,0.0,2.0,40.0,1.0,20.0,0.2,0.0,71.43,26.32,21.05,47.37,11.11,50.0,257.0,0.179,69.0,26.85,33.0,12.84,0.588,0.121,26.28,11.1,17.87,28.97,16.97,23.15,102.0,0.293,17.0,16.67,10.0,9.8,0.8200000000000001,0.16400000000000003,15.03,6.36,20.05,26.41,25.62,13.28,326.0,0.266,63.0,19.33,32.0,9.82,0.8540000000000001,0.248,19.32,8.96,15.81,24.77,25.19,16.36
745077,2024-06-11,2024,650490,R,592791,R,single,False,False,212.0,0.238,31.0,14.62,21.0,9.91,0.66,0.10100000000000003,12.21,5.31,16.84,22.15,22.84,11.61,462.0,0.322,72.0,15.58,49.0,10.61,0.881,0.1559999999999999,18.95,8.0,18.68,26.68,19.71,15.69,111.0,0.257,18.0,16.22,3.0,2.7,0.6160000000000001,0.08600000000000002,19.8,10.7,17.38,28.07,34.57,16.67,330.0,0.252,77.0,23.33,9.0,2.73,0.653,0.124,24.68,12.85,17.91,30.76,34.04,20.87
745077,2024-06-11,2024,664040,L,592791,R,field_out,False,False,75.0,0.175,19.0,25.33,10.0,13.33,0.624,0.14200000000000002,27.54,13.87,10.22,24.09,28.0,24.68,374.0,0.241,103.0,27.54,42.0,11.23,0.813,0.237,31.86,16.63,11.13,27.77,30.39,21.33,102.0,0.293,17.0,16.67,10.0,9.8,0.8200000000000001,0.16400000000000003,15.03,6.36,20.05,26.41,25.62,13.28,326.0,0.266,63.0,19.33,32.0,9.82,0.8540000000000001,0.248,19.32,8.96,15.81,24.77,25.19,16.36
745077,2024-06-11,2024,666624,R,621107,R,home_run,False,False,202.0,0.203,46.0,22.77,25.0,12.38,0.6859999999999999,0.175,30.75,14.09,13.58,27.66,25.0,20.72,329.0,0.247,105.0,31.91,27.0,8.21,0.798,0.239,38.21,19.07,13.74,32.81,29.43,27.56,149.0,0.303,27.0,18.12,2.0,1.34,0.8320000000000001,0.21400000000000002,21.8,11.26,19.42,30.68,34.55,16.77,361.0,0.259,106.0,29.36,11.0,3.05,0.6890000000000001,0.143,27.2,13.04,21.18,34.21,34.97,26.5
745077,2024-06-11,2024,664023,L,621107,R,field_out,False,False,196.0,0.22,56.0,28.57,27.0,13.78,0.728,0.17,28.24,12.76,15.57,28.34,22.2,19.05,502.0,0.258,109.0,21.71,80.0,15.94,0.831,0.192,25.86,11.22,15.24,26.46,20.31,17.34,112.0,0.218,20.0,17.86,2.0,1.79,0.559,0.10900000000000001,18.54,8.87,17.47,26.34,23.78,23.26,345.0,0.21,80.0,23.19,13.0,3.77,0.594,0.144,21.17,10.93,16.75,27.67,33.11,21.82
745077,2024-06-11,2024,621020,R,621107,R,field_out,False,False,170.0,0.219,50.0,29.41,13.0,7.65,0.6299999999999999,0.12899999999999998,33.33,16.12,14.96,31.08,24.46,23.81,478.0,0.244,111.0,23.22,49.0,10.25,0.734,0.161,28.04,13.13,15.12,28.26,23.34,18.66,149.0,0.303,27.0,18.12,2.0,1.34,0.8320000000000001,0.21400000000000002,21.8,11.26,19.42,30.68,34.55,16.77,361.0,0.259,106.0,29.36,11.0,3.05,0.6890000000000001,0.143,27.2,13.04,21.18,34.21,34.97,26.5
745077,2024-06-11,2024,683737,L,621107,R,field_out,False,False,188.0,0.234,67.0,35.64,25.0,13.3,0.783,0.209,33.98,15.09,15.21,30.31,25.06,24.81,66.0,0.158,21.0,31.82,8.0,12.12,0.556,0.1399999999999999,29.79,14.48,13.45,27.93,28.39,21.0,112.0,0.218,20.0,17.86,2.0,1.79,0.559,0.10900000000000001,18.54,8.87,17.47,26.34,23.78,23.26,345.0,0.21,80.0,23.19,13.0,3.77,0.594,0.144,21.17,10.93,16.75,27.67,33.11,21.82
745077,2024-06-11,2024,670623,R,592791,R,single,False,False,195.0,0.292,31.0,15.9,19.0,9.74,0.876,0.20800000000000002,16.63,7.48,18.64,26.12,27.72,9.37,438.0,0.247,82.0,18.72,43.0,9.82,0.86,0.266,18.6,8.55,16.71,25.26,28.98,14.09,111.0,0.257,18.0,16.22,3.0,2.7,0.6160000000000001,0.08600000000000002,19.8,10.7,17.38,28.07,34.57,16.67,330.0,0.252,77.0,23.33,9.0,2.73,0.653,0.124,24.68,12.85,17.91,30.76,34.04,20.87
745077,2024-06-11,2024,666139,L,592791,R,walk,False,True,56.0,0.22,15.0,26.79,5.0,8.93,0.6910000000000001,0.18000000000000002,27.2,13.82,13.82,27.64,29.41,17.44,435.0,0.3,104.0,23.91,27.0,6.21,0.8540000000000001,0.211,29.41,15.52,12.38,27.9,34.65,18.39,102.0,0.293,17.0,16.67,10.0,9.8,0.8200000000000001,0.16400000000000003,15.03,6.36,20.05,26.41,25.62,13.28,326.0,0.266,63.0,19.33,32.0,9.82,0.8540000000000001,0.248,19.32,8.96,15.81,24.77,25.19,16.36
745077,2024-06-11,2024,676356,R,592791,R,sac_bunt,False,False,70.0,0.161,16.0,22.86,6.0,8.57,0.499,0.08099999999999999,26.56,13.65,15.66,29.32,37.78,20.0,10.0,0.2,0.0,0.0,0.0,0.0,0.7,0.3,19.05,11.43,11.43,22.86,44.44,0.0,111.0,0.257,18.0,16.22,3.0,2.7,0.6160000000000001,0.08600000000000002,19.8,10.7,17.38,28.07,34.57,16.67,330.0,0.252,77.0,23.33,9.0,2.73,0.653,0.124,24.68,12.85,17.91,30.76,34.04,20.87
745077,2024-06-11,2024,680700,L,592791,R,strikeout,True,False,170.0,0.236,42.0,24.71,20.0,11.76,0.6819999999999999,0.11099999999999999,28.44,13.88,13.88,27.76,28.14,20.29,82.0,0.216,10.0,12.2,6.0,7.32,0.7390000000000001,0.243,15.71,6.75,18.4,25.15,18.99,10.75,102.0,0.293,17.0,16.67,10.0,9.8,0.8200000000000001,0.16400000000000003,15.03,6.36,20.05,26.41,25.62,13.28,326.0,0.266,63.0,19.33,32.0,9.82,0.8540000000000001,0.248,19.32,8.96,15.81,24.77,25.19,16.36
745077,2024-06-11,2024,642350,R,592791,R,field_out,False,False,134.0,0.19,50.0,37.31,9.0,6.72,0.585,0.12,38.2,16.98,21.18,38.17,31.48,28.41,271.0,0.23,93.0,34.32,16.0,5.9,0.801,0.29,39.19,20.65,15.06,35.71,37.69,31.08,111.0,0.257,18.0,16.22,3.0,2.7,0.6160000000000001,0.08600000000000002,19.8,10.7,17.38,28.07,34.57,16.67,330.0,0.252,77.0,23.33,9.0,2.73,0.653,0.124,24.68,12.85,17.91,30.76,34.04,20.87
745077,2024-06-11,2024,691718,L,621107,R,single,False,False,74.0,0.197,15.0,20.27,4.0,5.41,0.5529999999999999,0.10599999999999998,21.69,12.72,10.95,23.67,39.72,15.0,15.0,0.0,6.0,40.0,2.0,13.33,0.154,0.0,44.44,26.67,8.33,35.0,23.08,27.27,112.0,0.218,20.0,17.86,2.0,1.79,0.559,0.10900000000000001,18.54,8.87,17.47,26.34,23.78,23.26,345.0,0.21,80.0,23.19,13.0,3.77,0.594,0.144,21.17,10.93,16.75,27.67,33.11,21.82
745077,2024-06-11,2024,665804,R,621107,R,field_out,False,False,105.0,0.226,23.0,21.9,8.0,7.62,0.617,0.086,28.1,15.36,14.06,29.43,36.7,19.33,92.0,0.187,24.0,26.09,7.0,7.61,0.679,0.173,24.72,11.67,16.98,28.65,28.18,19.05,149.0,0.303,27.0,18.12,2.0,1.34,0.8320000000000001,0.21400000000000002,21.8,11.26,19.42,30.68,34.55,16.77,361.0,0.259,106.0,29.36,11.0,3.05,0.6890000000000001,0.143,27.2,13.04,21.18,34.21,34.97,26.5
745077,2024-06-11,2024,643565,L,621107,R,strikeout,True,False,182.0,0.263,35.0,19.23,26.0,14.29,0.804,0.16499999999999998,22.47,11.03,12.0,23.03,23.33,11.82,345.0,0.253,73.0,21.16,50.0,14.49,0.739,0.121,23.95,9.92,17.49,27.41,19.14,15.57,112.0,0.218,20.0,17.86,2.0,1.79,0.559,0.10900000000000001,18.54,8.87,17.47,26.34,23.78,23.26,345.0,0.21,80.0,23.19,13.0,3.77,0.594,0.144,21.17,10.93,16.75,27.67,33.11,21.82
745077,2024-06-11,2024,673548,R,621107,R,field_out,False,False,123.0,0.291,36.0,29.27,6.0,4.88,0.8320000000000001,0.2,27.75,11.44,21.1,32.54,24.61,21.69,419.0,0.278,102.0,24.34,41.0,9.79,0.839,0.2129999999999999,24.3,9.93,20.44,30.37,19.3,20.2,149.0,0.303,27.0,18.12,2.0,1.34,0.8320000000000001,0.21400000000000002,21.8,11.26,19.42,30.68,34.55,16.77,361.0,0.259,106.0,29.36,11.0,3.05,0.6890000000000001,0.143,27.2,13.04,21.18,34.21,34.97,26.5
745077,2024-06-11,2024,666163,L,592791,R,field_out,False,False,112.0,0.247,29.0,25.89,14.0,12.5,0.637,0.04199999999999998,24.77,11.06,17.33,28.39,27.62,18.06,72.0,0.133,15.0,20.83,10.0,13.89,0.507,0.1169999999999999,25.64,10.56,17.96,28.52,20.41,17.5,102.0,0.293,17.0,16.67,10.0,9.8,0.8200000000000001,0.16400000000000003,15.03,6.36,20.05,26.41,25.62,13.28,326.0,0.266,63.0,19.33,32.0,9.82,0.8540000000000001,0.248,19.32,8.96,15.81,24.77,25.19,16.36
745077,2024-06-11,2024,670764,L,592791,R,strikeout,True,False,5.0,0.0,2.0,40.0,1.0,20.0,0.2,0.0,71.43,26.32,21.05,47.37,11.11,50.0,257.0,0.179,69.0,26.85,33.0,12.84,0.588,0.121,26.28,11.1,17.87,28.97,16.97,23.15,102.0,0.293,17.0,16.67,10.0,9.8,0.8200000000000001,0.16400000000000003,15.03,6.36,20.05,26.41,25.62,13.28,326.0,0.266,63.0,19.33,32.0,9.82,0.8540000000000001,0.248,19.32,8.96,15.81,24.77,25.19,16.36
745077,2024-06-11,2024,650490,R,592791,R,single,False,False,212.0,0.238,31.0,14.62,21.0,9.91,0.66,0.10100000000000003,12.21,5.31,16.84,22.15,22.84,11.61,462.0,0.322,72.0,15.58,49.0,10.61,0.881,0.1559999999999999,18.95,8.0,18.68,26.68,19.71,15.69,111.0,0.257,18.0,16.22,3.0,2.7,0.6160000000000001,0.08600000000000002,19.8,10.7,17.38,28.07,34.57,16.67,330.0,0.252,77.0,23.33,9.0,2.73,0.653,0.124,24.68,12.85,17.91,30.76,34.04,20.87
745077,2024-06-11,2024,664040,L,592791,R,strikeout,True,False,75.0,0.175,19.0,25.33,10.0,13.33,0.624,0.14200000000000002,27.54,13.87,10.22,24.09,28.0,24.68,374.0,0.241,103.0,27.54,42.0,11.23,0.813,0.237,31.86,16.63,11.13,27.77,30.39,21.33,102.0,0.293,17.0,16.67,10.0,9.8,0.8200000000000001,0.16400000000000003,15.03,6.36,20.05,26.41,25.62,13.28,326.0,0.266,63.0,19.33,32.0,9.82,0.8540000000000001,0.248,19.32,8.96,15.81,24.77,25.19,16.36
745077,2024-06-11,2024,641355,L,621107,R,strikeout,True,False,157.0,0.226,29.0,18.47,17.0,10.83,0.763,0.219,26.55,13.39,12.52,25.91,31.67,19.46,373.0,0.291,58.0,15.55,27.0,7.24,0.829,0.198,20.08,10.01,15.91,25.92,29.71,13.74,112.0,0.218,20.0,17.86,2.0,1.79,0.559,0.10900000000000001,18.54,8.87,17.47,26.34,23.78,23.26,345.0,0.21,80.0,23.19,13.0,3.77,0.594,0.144,21.17,10.93,16.75,27.67,33.11,21.82
745077,2024-06-11,2024,666624,R,621107,R,single,False,False,202.0,0.203,46.0,22.77,25.0,12.38,0.6859999999999999,0.175,30.75,14.09,13.58,27.66,25.0,20.72,329.0,0.247,105.0,31.91,27.0,8.21,0.798,0.239,38.21,19.07,13.74,32.81,29.43,27.56,149.0,0.303,27.0,18.12,2.0,1.34,0.8320000000000001,0.21400000000000002,21.8,11.26,19.42,30.68,34.55,16.77,361.0,0.259,106.0,29.36,11.0,3.05,0.6890000000000001,0.143,27.2,13.04,21.18,34.21,34.97,26.5
745077,2024-06-11,2024,664023,L,621107,R,strikeout,True,False,196.0,0.22,56.0,28.57,27.0,13.78,0.728,0.17,28.24,12.76,15.57,28.34,22.2,19.05,502.0,0.258,109.0,21.71,80.0,15.94,0.831,0.192,25.86,11.22,15.24,26.46,20.31,17.34,112.0,0.218,20.0,17.86,2.0,1.79,0.559,0.10900000000000001,18.54,8.87,17.47,26.34,23.78,23.26,345.0,0.21,80.0,23.19,13.0,3.77,0.594,0.144,21.17,10.93,16.75,27.67,33.11,21.82
745077,2024-06-11,2024,621020,R,621107,R,single,False,False,170.0,0.219,50.0,29.41,13.0,7.65,0.6299999999999999,0.12899999999999998,33.33,16.12,14.96,31.08,24.46,23.81,478.0,0.244,111.0,23.22,49.0,10.25,0.734,0.161,28.04,13.13,15.12,28.26,23.34,18.66,149.0,0.303,27.0,18.12,2.0,1.34,0.8320000000000001,0.21400000000000002,21.8,11.26,19.42,30.68,34.55,16.77,361.0,0.259,106.0,29.36,11.0,3.05,0.6890000000000001,0.143,27.2,13.04,21.18,34.21,34.97,26.5
745077,2024-06-11,2024,623520,R,664076,L,single,False,False,8.0,0.125,2.0,25.0,0.0,0.0,0.375,0.125,35.71,20.0,16.0,36.0,33.33,25.0,,,,,,,,,,,,,,,75.0,0.188,20.0,26.67,9.0,12.0,0.5,0.015000000000000013,29.8,15.0,14.33,29.33,33.55,20.0,33.0,0.133,8.0,24.24,2.0,6.06,0.579,0.2339999999999999,25.0,10.08,19.38,29.46,28.17,24.24
745077,2024-06-11,2024,691718,L,664076,L,field_out,False,False,13.0,0.25,5.0,38.46,0.0,0.0,0.558,0.0,40.0,21.05,23.68,44.74,46.67,50.0,4.0,0.0,1.0,25.0,1.0,25.0,0.25,0.0,33.33,7.69,30.77,38.46,0.0,50.0,38.0,0.233,13.0,34.21,6.0,15.79,0.728,0.1,29.33,13.02,20.12,33.14,28.92,20.0,15.0,0.182,6.0,40.0,4.0,26.67,0.5820000000000001,0.0,27.78,12.2,17.07,29.27,32.61,16.22
745077,2024-06-11,2024,670623,R,592791,R,field_out,False,False,195.0,0.292,31.0,15.9,19.0,9.74,0.876,0.20800000000000002,16.63,7.48,18.64,26.12,27.72,9.37,438.0,0.247,82.0,18.72,43.0,9.82,0.86,0.266,18.6,8.55,16.71,25.26,28.98,14.09,111.0,0.257,18.0,16.22,3.0,2.7,0.6160000000000001,0.08600000000000002,19.8,10.7,17.38,28.07,34.57,16.67,330.0,0.252,77.0,23.33,9.0,2.73,0.653,0.124,24.68,12.85,17.91,30.76,34.04,20.87
745077,2024-06-11,2024,666139,L,592791,R,field_out,False,False,56.0,0.22,15.0,26.79,5.0,8.93,0.6910000000000001,0.18000000000000002,27.2,13.82,13.82,27.64,29.41,17.44,435.0,0.3,104.0,23.91,27.0,6.21,0.8540000000000001,0.211,29.41,15.52,12.38,27.9,34.65,18.39,102.0,0.293,17.0,16.67,10.0,9.8,0.8200000000000001,0.16400000000000003,15.03,6.36,20.05,26.41,25.62,13.28,326.0,0.266,63.0,19.33,32.0,9.82,0.8540000000000001,0.248,19.32,8.96,15.81,24.77,25.19,16.36
745077,2024-06-11,2024,676356,R,592791,R,field_out,False,False,70.0,0.161,16.0,22.86,6.0,8.57,0.499,0.08099999999999999,26.56,13.65,15.66,29.32,37.78,20.0,10.0,0.2,0.0,0.0,0.0,0.0,0.7,0.3,19.05,11.43,11.43,22.86,44.44,0.0,111.0,0.257,18.0,16.22,3.0,2.7,0.6160000000000001,0.08600000000000002,19.8,10.7,17.38,28.07,34.57,16.67,330.0,0.252,77.0,23.33,9.0,2.73,0.653,0.124,24.68,12.85,17.91,30.76,34.04,20.87
745077,2024-06-11,2024,665804,R,542888,R,walk,False,True,105.0,0.226,23.0,21.9,8.0,7.62,0.617,0.086,28.1,15.36,14.06,29.43,36.7,19.33,92.0,0.187,24.0,26.09,7.0,7.61,0.679,0.173,24.72,11.67,16.98,28.65,28.18,19.05,82.0,0.221,24.0,29.27,4.0,4.88,0.619,0.12999999999999998,27.44,14.66,17.26,31.92,29.85,22.22,109.0,0.17,30.0,27.52,6.0,5.5,0.489,0.0799999999999999,30.59,16.11,13.7,29.81,33.17,23.08
745077,2024-06-11,2024,643565,L,542888,R,field_out,False,False,182.0,0.263,35.0,19.23,26.0,14.29,0.804,0.16499999999999998,22.47,11.03,12.0,23.03,23.33,11.82,345.0,0.253,73.0,21.16,50.0,14.49,0.739,0.121,23.95,9.92,17.49,27.41,19.14,15.57,47.0,0.293,10.0,21.28,6.0,12.77,0.8220000000000001,0.14600000000000002,16.47,7.61,19.02,26.63,21.95,18.87,98.0,0.209,24.0,24.49,5.0,5.1,0.552,0.088,21.9,12.01,15.67,27.68,36.52,18.05
745077,2024-06-11,2024,673548,R,542888,R,field_out,False,False,123.0,0.291,36.0,29.27,6.0,4.88,0.8320000000000001,0.2,27.75,11.44,21.1,32.54,24.61,21.69,419.0,0.278,102.0,24.34,41.0,9.79,0.839,0.2129999999999999,24.3,9.93,20.44,30.37,19.3,20.2,82.0,0.221,24.0,29.27,4.0,4.88,0.619,0.12999999999999998,27.44,14.66,17.26,31.92,29.85,22.22,109.0,0.17,30.0,27.52,6.0,5.5,0.489,0.0799999999999999,30.59,16.11,13.7,29.81,33.17,23.08
745077,2024-06-11,2024,641355,L,542888,R,double,False,False,157.0,0.226,29.0,18.47,17.0,10.83,0.763,0.219,26.55,13.39,12.52,25.91,31.67,19.46,373.0,0.291,58.0,15.55,27.0,7.24,0.829,0.198,20.08,10.01,15.91,25.92,29.71,13.74,47.0,0.293,10.0,21.28,6.0,12.77,0.8220000000000001,0.14600000000000002,16.47,7.61,19.02,26.63,21.95,18.87,98.0,0.209,24.0,24.49,5.0,5.1,0.552,0.088,21.9,12.01,15.67,27.68,36.52,18.05
745077,2024-06-11,2024,666624,R,542888,R,strikeout,True,False,202.0,0.203,46.0,22.77,25.0,12.38,0.6859999999999999,0.175,30.75,14.09,13.58,27.66,25.0,20.72,329.0,0.247,105.0,31.91,27.0,8.21,0.798,0.239,38.21,19.07,13.74,32.81,29.43,27.56,82.0,0.221,24.0,29.27,4.0,4.88,0.619,0.12999999999999998,27.44,14.66,17.26,31.92,29.85,22.22,109.0,0.17,30.0,27.52,6.0,5.5,0.489,0.0799999999999999,30.59,16.11,13.7,29.81,33.17,23.08
745077,2024-06-11,2024,680700,L,643410,R,walk,False,True,170.0,0.236,42.0,24.71,20.0,11.76,0.6819999999999999,0.11099999999999999,28.44,13.88,13.88,27.76,28.14,20.29,82.0,0.216,10.0,12.2,6.0,7.32,0.7390000000000001,0.243,15.71,6.75,18.4,25.15,18.99,10.75,71.0,0.219,18.0,25.35,7.0,9.86,0.562,0.047000000000000014,36.0,16.92,14.29,31.2,35.54,25.0,182.0,0.185,58.0,31.87,18.0,9.89,0.567,0.1169999999999999,35.24,15.61,16.6,32.21,29.51,29.29
745077,2024-06-11,2024,642350,R,643410,R,strikeout,True,False,134.0,0.19,50.0,37.31,9.0,6.72,0.585,0.12,38.2,16.98,21.18,38.17,31.48,28.41,271.0,0.23,93.0,34.32,16.0,5.9,0.801,0.29,39.19,20.65,15.06,35.71,37.69,31.08,37.0,0.2,16.0,43.24,2.0,5.41,0.5289999999999999,0.08599999999999997,39.13,18.24,18.24,36.49,34.18,34.78,87.0,0.254,19.0,21.84,6.0,6.9,0.875,0.253,26.32,11.56,15.32,26.88,23.2,20.21
745077,2024-06-11,2024,666163,L,643410,R,single,False,False,112.0,0.247,29.0,25.89,14.0,12.5,0.637,0.04199999999999998,24.77,11.06,17.33,28.39,27.62,18.06,72.0,0.133,15.0,20.83,10.0,13.89,0.507,0.1169999999999999,25.64,10.56,17.96,28.52,20.41,17.5,71.0,0.219,18.0,25.35,7.0,9.86,0.562,0.047000000000000014,36.0,16.92,14.29,31.2,35.54,25.0,182.0,0.185,58.0,31.87,18.0,9.89,0.567,0.1169999999999999,35.24,15.61,16.6,32.21,29.51,29.29
745077,2024-06-11,2024,668227,R,669713,R,field_out,False,False,197.0,0.173,57.0,28.93,18.0,9.14,0.577,0.139,35.96,15.04,19.74,34.78,24.26,20.36,517.0,0.254,119.0,23.02,62.0,11.99,0.7769999999999999,0.1589999999999999,29.93,12.82,18.77,31.59,26.93,19.44,83.0,0.231,21.0,25.3,5.0,6.02,0.674,0.166,26.9,12.91,18.54,31.46,34.39,24.42,221.0,0.202,57.0,25.79,16.0,7.24,0.617,0.1459999999999999,29.02,12.78,18.23,31.01,30.33,23.27
745077,2024-06-11,2024,650490,R,669713,R,walk,False,True,212.0,0.238,31.0,14.62,21.0,9.91,0.66,0.10100000000000003,12.21,5.31,16.84,22.15,22.84,11.61,462.0,0.322,72.0,15.58,49.0,10.61,0.881,0.1559999999999999,18.95,8.0,18.68,26.68,19.71,15.69,83.0,0.231,21.0,25.3,5.0,6.02,0.674,0.166,26.9,12.91,18.54,31.46,34.39,24.42,221.0,0.202,57.0,25.79,16.0,7.24,0.617,0.1459999999999999,29.02,12.78,18.23,31.01,30.33,23.27
745077,2024-06-11,2024,664040,L,669713,R,field_out,False,False,75.0,0.175,19.0,25.33,10.0,13.33,0.624,0.14200000000000002,27.54,13.87,10.22,24.09,28.0,24.68,374.0,0.241,103.0,27.54,42.0,11.23,0.813,0.237,31.86,16.63,11.13,27.77,30.39,21.33,62.0,0.207,12.0,19.35,3.0,4.84,0.534,0.06900000000000003,21.43,9.68,19.35,29.03,21.05,19.05,159.0,0.298,26.0,16.35,16.0,10.06,0.986,0.319,14.23,6.41,17.95,24.36,22.1,13.0
745077,2024-06-11,2024,664023,L,592094,R,strikeout,True,False,196.0,0.22,56.0,28.57,27.0,13.78,0.728,0.17,28.24,12.76,15.57,28.34,22.2,19.05,502.0,0.258,109.0,21.71,80.0,15.94,0.831,0.192,25.86,11.22,15.24,26.46,20.31,17.34,46.0,0.195,10.0,21.74,4.0,8.7,0.657,0.195,36.25,17.79,14.72,32.52,32.5,21.74,110.0,0.167,39.0,35.45,11.0,10.0,0.627,0.1869999999999999,35.6,15.81,20.0,35.81,28.04,29.55
745077,2024-06-11,2024,621020,R,592094,R,field_out,False,False,170.0,0.219,50.0,29.41,13.0,7.65,0.6299999999999999,0.12899999999999998,33.33,16.12,14.96,31.08,24.46,23.81,478.0,0.244,111.0,23.22,49.0,10.25,0.734,0.161,28.04,13.13,15.12,28.26,23.34,18.66,59.0,0.149,13.0,22.03,7.0,11.86,0.501,0.064,36.21,17.14,14.29,31.43,29.23,17.11,112.0,0.196,30.0,26.79,9.0,8.04,0.634,0.134,33.33,15.66,15.45,31.11,29.8,18.18
745077,2024-06-11,2024,623520,R,592094,R,single,False,False,5.0,0.4,2.0,40.0,0.0,0.0,0.8,0.0,22.22,11.11,22.22,33.33,28.57,50.0,,,,,,,,,,,,,,,59.0,0.149,13.0,22.03,7.0,11.86,0.501,0.064,36.21,17.14,14.29,31.43,29.23,17.11,112.0,0.196,30.0,26.79,9.0,8.04,0.634,0.134,33.33,15.66,15.45,31.11,29.8,18.18
745077,2024-06-11,2024,691718,L,592094,R,strikeout,True,False,74.0,0.197,15.0,20.27,4.0,5.41,0.5529999999999999,0.10599999999999998,21.69,12.72,10.95,23.67,39.72,15.0,15.0,0.0,6.0,40.0,2.0,13.33,0.154,0.0,44.44,26.67,8.33,35.0,23.08,27.27,46.0,0.195,10.0,21.74,4.0,8.7,0.657,0.195,36.25,17.79,14.72,32.52,32.5,21.74,110.0,0.167,39.0,35.45,11.0,10.0,0.627,0.1869999999999999,35.6,15.81,20.0,35.81,28.04,29.55
745077,2024-06-11,2024,670623,R,669713,R,field_out,False,False,195.0,0.292,31.0,15.9,19.0,9.74,0.876,0.20800000000000002,16.63,7.48,18.64,26.12,27.72,9.37,438.0,0.247,82.0,18.72,43.0,9.82,0.86,0.266,18.6,8.55,16.71,25.26,28.98,14.09,83.0,0.231,21.0,25.3,5.0,6.02,0.674,0.166,26.9,12.91,18.54,31.46,34.39,24.42,221.0,0.202,57.0,25.79,16.0,7.24,0.617,0.1459999999999999,29.02,12.78,18.23,31.01,30.33,23.27
745077,2024-06-11,2024,666139,L,669713,R,field_out,False,False,56.0,0.22,15.0,26.79,5.0,8.93,0.6910000000000001,0.18000000000000002,27.2,13.82,13.82,27.64,29.41,17.44,435.0,0.3,104.0,23.91,27.0,6.21,0.8540000000000001,0.211,29.41,15.52,12.38,27.9,34.65,18.39,62.0,0.207,12.0,19.35,3.0,4.84,0.534,0.06900000000000003,21.43,9.68,19.35,29.03,21.05,19.05,159.0,0.298,26.0,16.35,16.0,10.06,0.986,0.319,14.23,6.41,17.95,24.36,22.1,13.0
745077,2024-06-11,2024,676356,R,669713,R,strikeout,True,False,70.0,0.161,16.0,22.86,6.0,8.57,0.499,0.08099999999999999,26.56,13.65,15.66,29.32,37.78,20.0,10.0,0.2,0.0,0.0,0.0,0.0,0.7,0.3,19.05,11.43,11.43,22.86,44.44,0.0,83.0,0.231,21.0,25.3,5.0,6.02,0.674,0.166,26.9,12.91,18.54,31.46,34.39,24.42,221.0,0.202,57.0,25.79,16.0,7.24,0.617,0.1459999999999999,29.02,12.78,18.23,31.01,30.33,23.27
745077,2024-06-11,2024,665804,R,606965,R,strikeout,True,False,105.0,0.226,23.0,21.9,8.0,7.62,0.617,0.086,28.1,15.36,14.06,29.43,36.7,19.33,92.0,0.187,24.0,26.09,7.0,7.61,0.679,0.173,24.72,11.67,16.98,28.65,28.18,19.05,47.0,0.359,6.0,12.77,8.0,17.02,1.289,0.46199999999999997,25.61,10.71,16.84,27.55,23.64,9.52,101.0,0.245,28.0,27.72,6.0,5.94,0.702,0.1699999999999999,32.8,15.66,15.91,31.57,27.49,22.76
745077,2024-06-11,2024,643565,L,606965,R,field_out,False,False,182.0,0.263,35.0,19.23,26.0,14.29,0.804,0.16499999999999998,22.47,11.03,12.0,23.03,23.33,11.82,345.0,0.253,73.0,21.16,50.0,14.49,0.739,0.121,23.95,9.92,17.49,27.41,19.14,15.57,48.0,0.174,11.0,22.92,2.0,4.17,0.512,0.13,29.7,14.42,18.27,32.69,32.04,14.67,72.0,0.206,14.0,19.44,5.0,6.94,0.601,0.127,24.64,11.76,14.53,26.3,32.69,16.67
745077,2024-06-11,2024,673548,R,606965,R,strikeout,True,False,123.0,0.291,36.0,29.27,6.0,4.88,0.8320000000000001,0.2,27.75,11.44,21.1,32.54,24.61,21.69,419.0,0.278,102.0,24.34,41.0,9.79,0.839,0.2129999999999999,24.3,9.93,20.44,30.37,19.3,20.2,47.0,0.359,6.0,12.77,8.0,17.02,1.289,0.46199999999999997,25.61,10.71,16.84,27.55,23.64,9.52,101.0,0.245,28.0,27.72,6.0,5.94,0.702,0.1699999999999999,32.8,15.66,15.91,31.57,27.49,22.76
745077,2024-06-11,2024,680700,L,593576,R,double,False,False,170.0,0.236,42.0,24.71,20.0,11.76,0.6819999999999999,0.11099999999999999,28.44,13.88,13.88,27.76,28.14,20.29,82.0,0.216,10.0,12.2,6.0,7.32,0.7390000000000001,0.243,15.71,6.75,18.4,25.15,18.99,10.75,46.0,0.176,11.0,23.91,12.0,26.09,0.597,0.03,26.14,11.22,11.22,22.44,25.56,20.75,115.0,0.163,32.0,27.83,15.0,13.04,0.517,0.0819999999999999,34.19,16.91,12.68,29.6,31.32,21.92
745077,2024-06-11,2024,642350,R,593576,R,strikeout,True,False,134.0,0.19,50.0,37.31,9.0,6.72,0.585,0.12,38.2,16.98,21.18,38.17,31.48,28.41,271.0,0.23,93.0,34.32,16.0,5.9,0.801,0.29,39.19,20.65,15.06,35.71,37.69,31.08,57.0,0.24,11.0,19.3,5.0,8.77,0.681,0.12,17.95,9.09,12.55,21.65,30.51,16.67,158.0,0.181,45.0,28.48,16.0,10.13,0.6060000000000001,0.145,27.9,14.33,15.14,29.47,31.82,22.39
745077,2024-06-11,2024,666163,L,593576,R,walk,False,True,112.0,0.247,29.0,25.89,14.0,12.5,0.637,0.04199999999999998,24.77,11.06,17.33,28.39,27.62,18.06,72.0,0.133,15.0,20.83,10.0,13.89,0.507,0.1169999999999999,25.64,10.56,17.96,28.52,20.41,17.5,46.0,0.176,11.0,23.91,12.0,26.09,0.597,0.03,26.14,11.22,11.22,22.44,25.56,20.75,115.0,0.163,32.0,27.83,15.0,13.04,0.517,0.0819999999999999,34.19,16.91,12.68,29.6,31.32,21.92
745077,2024-06-11,2024,676609,R,593576,R,single,False,False,167.0,0.237,43.0,25.75,10.0,5.99,0.628,0.09200000000000003,29.24,13.31,19.52,32.83,31.62,21.08,156.0,0.186,37.0,23.72,15.0,9.62,0.588,0.1009999999999999,24.9,10.03,24.36,34.39,27.59,18.69,57.0,0.24,11.0,19.3,5.0,8.77,0.681,0.12,17.95,9.09,12.55,21.65,30.51,16.67,158.0,0.181,45.0,28.48,16.0,10.13,0.6060000000000001,0.145,27.9,14.33,15.14,29.47,31.82,22.39
745077,2024-06-11,2024,650490,R,593576,R,strikeout,True,False,212.0,0.238,31.0,14.62,21.0,9.91,0.66,0.10100000000000003,12.21,5.31,16.84,22.15,22.84,11.61,462.0,0.322,72.0,15.58,49.0,10.61,0.881,0.1559999999999999,18.95,8.0,18.68,26.68,19.71,15.69,57.0,0.24,11.0,19.3,5.0,8.77,0.681,0.12,17.95,9.09,12.55,21.65,30.51,16.67,158.0,0.181,45.0,28.48,16.0,10.13,0.6060000000000001,0.145,27.9,14.33,15.14,29.47,31.82,22.39
745077,2024-06-11,2024,664040,L,593576,R,home_run,False,False,75.0,0.175,19.0,25.33,10.0,13.33,0.624,0.14200000000000002,27.54,13.87,10.22,24.09,28.0,24.68,374.0,0.241,103.0,27.54,42.0,11.23,0.813,0.237,31.86,16.63,11.13,27.77,30.39,21.33,46.0,0.176,11.0,23.91,12.0,26.09,0.597,0.03,26.14,11.22,11.22,22.44,25.56,20.75,115.0,0.163,32.0,27.83,15.0,13.04,0.517,0.0819999999999999,34.19,16.91,12.68,29.6,31.32,21.92
746702,2024-06-11,2024,680757,L,608718,L,single,False,False,49.0,0.409,5.0,10.2,5.0,10.2,0.969,0.09100000000000003,6.17,2.44,20.98,23.41,18.56,9.09,224.0,0.26,23.0,10.27,20.0,8.93,0.667,0.08,13.41,5.5,21.44,26.95,22.3,10.5,58.0,0.218,12.0,20.69,1.0,1.72,0.641,0.18200000000000002,20.72,10.95,12.38,23.33,26.26,19.35,108.0,0.284,14.0,12.96,12.0,11.11,0.7909999999999999,0.137,15.29,6.27,17.11,23.37,15.26,12.61
746702,2024-06-11,2024,671289,R,608718,L,field_out,False,False,72.0,0.203,12.0,16.67,8.0,11.11,0.731,0.20399999999999996,19.53,8.77,18.25,27.02,26.17,14.12,80.0,0.216,13.0,16.25,4.0,5.0,0.667,0.176,15.28,7.61,17.3,24.91,28.87,15.66,89.0,0.296,16.0,17.98,7.0,7.87,0.829,0.185,21.43,9.84,17.49,27.32,30.58,13.22,185.0,0.229,41.0,22.16,13.0,7.03,0.585,0.0659999999999999,25.84,11.89,18.32,30.21,31.25,19.25
746702,2024-06-11,2024,608070,R,608718,L,force_out,False,False,87.0,0.321,10.0,11.49,8.0,9.2,0.969,0.26899999999999996,19.63,9.79,15.29,25.08,34.36,12.5,230.0,0.243,25.0,10.87,19.0,8.26,0.766,0.219,16.06,7.21,15.81,23.02,28.33,12.18,89.0,0.296,16.0,17.98,7.0,7.87,0.829,0.185,21.43,9.84,17.49,27.32,30.58,13.22,185.0,0.229,41.0,22.16,13.0,7.03,0.585,0.0659999999999999,25.84,11.89,18.32,30.21,31.25,19.25
746702,2024-06-11,2024,647304,L,608718,L,field_out,False,False,81.0,0.194,19.0,23.46,7.0,8.64,0.706,0.237,28.46,13.75,14.13,27.88,37.09,30.65,148.0,0.299,15.0,10.14,8.0,5.41,0.821,0.175,16.23,8.67,12.1,20.77,35.38,11.03,58.0,0.218,12.0,20.69,1.0,1.72,0.641,0.18200000000000002,20.72,10.95,12.38,23.33,26.26,19.35,108.0,0.284,14.0,12.96,12.0,11.11,0.7909999999999999,0.137,15.29,6.27,17.11,23.37,15.26,12.61
746702,2024-06-11,2024,670770,L,663474,R,single,False,False,46.0,0.175,9.0,19.57,4.0,8.7,0.692,0.25,17.81,7.26,18.44,25.7,22.22,18.75,446.0,0.26,70.0,15.7,38.0,8.52,0.785,0.189,18.12,7.73,19.52,27.25,25.03,13.48,134.0,0.214,23.0,17.16,15.0,11.19,0.72,0.205,17.76,7.57,18.13,25.7,23.27,17.56,27.0,0.0,4.0,14.81,10.0,37.04,0.37,0.0,17.95,5.51,15.75,21.26,11.84,15.38
746702,2024-06-11,2024,682829,L,663474,R,strikeout,True,False,174.0,0.244,58.0,33.33,18.0,10.34,0.8029999999999999,0.237,32.6,13.24,21.43,34.67,24.86,31.15,307.0,0.255,95.0,30.94,30.0,9.77,0.7989999999999999,0.2159999999999999,26.69,11.86,17.47,29.33,31.27,25.07,134.0,0.214,23.0,17.16,15.0,11.19,0.72,0.205,17.76,7.57,18.13,25.7,23.27,17.56,27.0,0.0,4.0,14.81,10.0,37.04,0.37,0.0,17.95,5.51,15.75,21.26,11.84,15.38
746702,2024-06-11,2024,600869,L,663474,R,double,False,False,157.0,0.233,42.0,26.75,8.0,5.1,0.755,0.24599999999999997,28.99,15.16,14.48,29.64,36.24,23.73,415.0,0.251,91.0,21.93,38.0,9.16,0.812,0.2279999999999999,25.42,11.83,16.22,28.05,27.64,18.71,134.0,0.214,23.0,17.16,15.0,11.19,0.72,0.205,17.76,7.57,18.13,25.7,23.27,17.56,27.0,0.0,4.0,14.81,10.0,37.04,0.37,0.0,17.95,5.51,15.75,21.26,11.84,15.38
746702,2024-06-11,2024,668715,R,663474,R,field_out,False,False,180.0,0.234,36.0,20.0,20.0,11.11,0.6950000000000001,0.13299999999999998,21.99,9.76,17.51,27.27,25.13,14.4,487.0,0.256,106.0,21.77,51.0,10.47,0.7789999999999999,0.175,25.48,10.86,19.02,29.88,22.75,18.53,141.0,0.246,38.0,26.95,21.0,14.89,0.8300000000000001,0.22000000000000003,28.51,12.78,15.74,28.52,25.35,24.36,46.0,0.279,12.0,26.09,3.0,6.52,0.8140000000000001,0.2089999999999999,30.21,16.76,12.14,28.9,36.47,22.64
746702,2024-06-11,2024,641584,L,663474,R,field_out,False,False,131.0,0.284,28.0,21.37,12.0,9.16,0.704,0.069,20.79,11.79,9.35,21.14,27.8,17.39,339.0,0.268,66.0,19.47,34.0,10.03,0.815,0.199,24.78,12.84,11.52,24.36,30.55,18.38,134.0,0.214,23.0,17.16,15.0,11.19,0.72,0.205,17.76,7.57,18.13,25.7,23.27,17.56,27.0,0.0,4.0,14.81,10.0,37.04,0.37,0.0,17.95,5.51,15.75,21.26,11.84,15.38
746702,2024-06-11,2024,681807,R,607259,R,field_out,False,False,80.0,0.3,13.0,16.25,6.0,7.5,0.846,0.17099999999999999,18.79,9.59,14.38,23.97,25.74,14.44,63.0,0.246,19.0,30.16,3.0,4.76,0.727,0.175,29.77,16.96,13.91,30.87,36.11,25.0,104.0,0.248,21.0,20.19,2.0,1.92,0.636,0.128,24.12,13.11,16.12,29.23,38.86,18.92,265.0,0.224,54.0,20.38,24.0,9.06,0.606,0.0839999999999999,26.67,12.33,17.68,30.01,32.95,21.26
746702,2024-06-11,2024,665926,L,607259,R,field_out,False,False,185.0,0.261,29.0,15.68,11.0,5.95,0.6799999999999999,0.09699999999999998,24.87,13.59,12.32,25.91,36.31,12.9,419.0,0.243,86.0,20.53,24.0,5.73,0.712,0.162,26.46,14.29,12.8,27.09,38.97,17.27,112.0,0.262,17.0,15.18,4.0,3.57,0.717,0.15499999999999997,22.79,11.56,13.68,25.24,35.43,13.18,197.0,0.261,52.0,26.4,16.0,8.12,0.743,0.1539999999999999,31.0,14.69,17.75,32.44,33.17,20.8
746702,2024-06-11,2024,700932,L,607259,R,strikeout,True,False,62.0,0.241,16.0,25.81,2.0,3.23,0.653,0.138,24.14,11.16,18.33,29.48,25.21,20.78,,,,,,,,,,,,,,,112.0,0.262,17.0,15.18,4.0,3.57,0.717,0.15499999999999997,22.79,11.56,13.68,25.24,35.43,13.18,197.0,0.261,52.0,26.4,16.0,8.12,0.743,0.1539999999999999,31.0,14.69,17.75,32.44,33.17,20.8
746702,2024-06-11,2024,663886,R,663474,R,field_out,False,False,125.0,0.259,28.0,22.4,9.0,7.2,0.7210000000000001,0.134,22.22,9.98,18.82,28.8,26.07,22.31,378.0,0.228,105.0,27.78,34.0,8.99,0.657,0.1239999999999999,29.78,12.81,19.96,32.77,26.19,24.59,141.0,0.246,38.0,26.95,21.0,14.89,0.8300000000000001,0.22000000000000003,28.51,12.78,15.74,28.52,25.35,24.36,46.0,0.279,12.0,26.09,3.0,6.52,0.8140000000000001,0.2089999999999999,30.21,16.76,12.14,28.9,36.47,22.64
746702,2024-06-11,2024,674441,L,663474,R,walk,False,True,48.0,0.243,9.0,18.75,5.0,10.42,0.6799999999999999,0.08100000000000002,12.99,5.08,21.83,26.9,15.73,14.52,,,,,,,,,,,,,,,134.0,0.214,23.0,17.16,15.0,11.19,0.72,0.205,17.76,7.57,18.13,25.7,23.27,17.56,27.0,0.0,4.0,14.81,10.0,37.04,0.37,0.0,17.95,5.51,15.75,21.26,11.84,15.38
746702,2024-06-11,2024,663697,R,663474,R,strikeout,True,False,159.0,0.218,38.0,23.9,23.0,14.47,0.649,0.098,19.43,6.91,21.15,28.06,15.94,19.1,397.0,0.257,73.0,18.39,37.0,9.32,0.7809999999999999,0.175,21.3,8.18,21.42,29.59,19.53,15.19,141.0,0.246,38.0,26.95,21.0,14.89,0.8300000000000001,0.22000000000000003,28.51,12.78,15.74,28.52,25.35,24.36,46.0,0.279,12.0,26.09,3.0,6.52,0.8140000000000001,0.2089999999999999,30.21,16.76,12.14,28.9,36.47,22.64
746702,2024-06-11,2024,666181,L,663474,R,strikeout,True,False,164.0,0.245,69.0,42.07,17.0,10.37,0.806,0.238,39.45,18.91,14.96,33.87,22.15,30.94,285.0,0.297,89.0,31.23,37.0,12.98,0.938,0.252,31.03,13.11,16.03,29.13,18.51,23.66,134.0,0.214,23.0,17.16,15.0,11.19,0.72,0.205,17.76,7.57,18.13,25.7,23.27,17.56,27.0,0.0,4.0,14.81,10.0,37.04,0.37,0.0,17.95,5.51,15.75,21.26,11.84,15.38
746702,2024-06-11,2024,677587,L,607259,R,walk,False,True,135.0,0.246,20.0,14.81,18.0,13.33,0.6579999999999999,0.061,22.35,10.56,15.0,25.56,28.72,11.76,53.0,0.3,12.0,22.64,2.0,3.77,0.7010000000000001,0.08,28.07,15.31,15.79,31.1,41.59,17.39,112.0,0.262,17.0,15.18,4.0,3.57,0.717,0.15499999999999997,22.79,11.56,13.68,25.24,35.43,13.18,197.0,0.261,52.0,26.4,16.0,8.12,0.743,0.1539999999999999,31.0,14.69,17.75,32.44,33.17,20.8
746702,2024-06-11,2024,666310,L,607259,R,double,False,False,127.0,0.167,43.0,33.86,11.0,8.66,0.49,0.07899999999999999,30.68,14.18,17.31,31.49,26.42,23.03,180.0,0.243,40.0,22.22,26.0,14.44,0.852,0.257,22.79,10.11,14.03,24.15,23.6,16.67,112.0,0.262,17.0,15.18,4.0,3.57,0.717,0.15499999999999997,22.79,11.56,13.68,25.24,35.43,13.18,197.0,0.261,52.0,26.4,16.0,8.12,0.743,0.1539999999999999,31.0,14.69,17.75,32.44,33.17,20.8
746702,2024-06-11,2024,680757,L,607259,R,double,False,False,125.0,0.355,9.0,7.2,11.0,8.8,0.95,0.17200000000000004,6.67,2.73,22.9,25.63,18.4,6.98,494.0,0.272,52.0,10.53,50.0,10.12,0.73,0.1119999999999999,10.22,4.19,22.03,26.23,20.67,8.84,112.0,0.262,17.0,15.18,4.0,3.57,0.717,0.15499999999999997,22.79,11.56,13.68,25.24,35.43,13.18,197.0,0.261,52.0,26.4,16.0,8.12,0.743,0.1539999999999999,31.0,14.69,17.75,32.44,33.17,20.8
746702,2024-06-11,2024,671289,R,607259,R,single,False,False,160.0,0.23,23.0,14.37,11.0,6.88,0.6759999999999999,0.12999999999999998,16.54,7.6,19.34,26.94,29.17,15.44,89.0,0.266,17.0,19.1,6.0,6.74,0.656,0.076,20.13,9.22,18.73,27.95,29.94,17.0,104.0,0.248,21.0,20.19,2.0,1.92,0.636,0.128,24.12,13.11,16.12,29.23,38.86,18.92,265.0,0.224,54.0,20.38,24.0,9.06,0.606,0.0839999999999999,26.67,12.33,17.68,30.01,32.95,21.26
746702,2024-06-11,2024,608070,L,607259,R,strikeout,True,False,190.0,0.254,20.0,10.53,15.0,7.89,0.8540000000000001,0.28400000000000003,13.73,6.66,13.69,20.35,30.07,8.44,461.0,0.302,48.0,10.41,54.0,11.71,0.863,0.179,15.4,6.98,13.91,20.89,28.02,10.17,112.0,0.262,17.0,15.18,4.0,3.57,0.717,0.15499999999999997,22.79,11.56,13.68,25.24,35.43,13.18,197.0,0.261,52.0,26.4,16.0,8.12,0.743,0.1539999999999999,31.0,14.69,17.75,32.44,33.17,20.8
746702,2024-06-11,2024,647304,L,607259,R,single,False,False,179.0,0.232,25.0,13.97,18.0,10.06,0.808,0.258,21.34,10.97,9.72,20.69,32.64,14.79,348.0,0.311,53.0,15.23,25.0,7.18,0.851,0.184,21.29,11.96,9.18,21.15,41.36,16.99,112.0,0.262,17.0,15.18,4.0,3.57,0.717,0.15499999999999997,22.79,11.56,13.68,25.24,35.43,13.18,197.0,0.261,52.0,26.4,16.0,8.12,0.743,0.1539999999999999,31.0,14.69,17.75,32.44,33.17,20.8
746702,2024-06-11,2024,681807,R,607259,R,field_out,False,False,80.0,0.3,13.0,16.25,6.0,7.5,0.846,0.17099999999999999,18.79,9.59,14.38,23.97,25.74,14.44,63.0,0.246,19.0,30.16,3.0,4.76,0.727,0.175,29.77,16.96,13.91,30.87,36.11,25.0,104.0,0.248,21.0,20.19,2.0,1.92,0.636,0.128,24.12,13.11,16.12,29.23,38.86,18.92,265.0,0.224,54.0,20.38,24.0,9.06,0.606,0.0839999999999999,26.67,12.33,17.68,30.01,32.95,21.26
746702,2024-06-11,2024,665926,L,594580,L,field_out,False,False,77.0,0.282,11.0,14.29,0.0,0.0,0.7190000000000001,0.11200000000000004,21.88,12.28,14.39,26.67,39.72,12.64,197.0,0.268,26.0,13.2,8.0,4.06,0.7130000000000001,0.1169999999999999,23.63,12.79,15.07,27.86,41.69,11.02,17.0,0.2,6.0,35.29,1.0,5.88,0.435,0.0,38.89,18.67,16.0,34.67,35.0,24.0,121.0,0.161,42.0,34.71,7.0,5.79,0.4579999999999999,0.0799999999999999,27.98,12.53,20.53,33.06,27.27,27.27
746702,2024-06-11,2024,670770,L,663474,R,field_out,False,False,46.0,0.175,9.0,19.57,4.0,8.7,0.692,0.25,17.81,7.26,18.44,25.7,22.22,18.75,446.0,0.26,70.0,15.7,38.0,8.52,0.785,0.189,18.12,7.73,19.52,27.25,25.03,13.48,134.0,0.214,23.0,17.16,15.0,11.19,0.72,0.205,17.76,7.57,18.13,25.7,23.27,17.56,27.0,0.0,4.0,14.81,10.0,37.04,0.37,0.0,17.95,5.51,15.75,21.26,11.84,15.38
746702,2024-06-11,2024,682829,L,663474,R,field_out,False,False,174.0,0.244,58.0,33.33,18.0,10.34,0.8029999999999999,0.237,32.6,13.24,21.43,34.67,24.86,31.15,307.0,0.255,95.0,30.94,30.0,9.77,0.7989999999999999,0.2159999999999999,26.69,11.86,17.47,29.33,31.27,25.07,134.0,0.214,23.0,17.16,15.0,11.19,0.72,0.205,17.76,7.57,18.13,25.7,23.27,17.56,27.0,0.0,4.0,14.81,10.0,37.04,0.37,0.0,17.95,5.51,15.75,21.26,11.84,15.38
746702,2024-06-11,2024,600869,L,663474,R,field_out,False,False,157.0,0.233,42.0,26.75,8.0,5.1,0.755,0.24599999999999997,28.99,15.16,14.48,29.64,36.24,23.73,415.0,0.251,91.0,21.93,38.0,9.16,0.812,0.2279999999999999,25.42,11.83,16.22,28.05,27.64,18.71,134.0,0.214,23.0,17.16,15.0,11.19,0.72,0.205,17.76,7.57,18.13,25.7,23.27,17.56,27.0,0.0,4.0,14.81,10.0,37.04,0.37,0.0,17.95,5.51,15.75,21.26,11.84,15.38
746702,2024-06-11,2024,700932,L,594580,L,field_out,False,False,17.0,0.188,5.0,29.41,1.0,5.88,0.5469999999999999,0.124,37.14,19.12,17.65,36.76,37.14,21.74,,,,,,,,,,,,,,,17.0,0.2,6.0,35.29,1.0,5.88,0.435,0.0,38.89,18.67,16.0,34.67,35.0,24.0,121.0,0.161,42.0,34.71,7.0,5.79,0.4579999999999999,0.0799999999999999,27.98,12.53,20.53,33.06,27.27,27.27
746702,2024-06-11,2024,677587,R,594580,L,strikeout,True,False,61.0,0.148,16.0,26.23,5.0,8.2,0.471,0.093,24.32,12.8,13.74,26.54,30.0,29.63,33.0,0.161,15.0,45.45,2.0,6.06,0.438,0.065,39.73,21.64,16.42,38.06,38.1,32.61,30.0,0.222,4.0,13.33,2.0,6.67,0.5589999999999999,0.037000000000000005,17.54,7.94,16.67,24.6,15.69,9.3,147.0,0.25,26.0,17.69,23.0,15.65,0.7310000000000001,0.086,17.57,7.36,17.69,25.04,26.1,16.25
746702,2024-06-11,2024,666310,L,594580,L,walk,False,True,23.0,0.19,10.0,43.48,2.0,8.7,0.5940000000000001,0.14300000000000002,38.46,17.05,22.73,39.77,37.21,43.48,51.0,0.217,13.0,25.49,4.0,7.84,0.6639999999999999,0.153,18.18,7.96,17.26,25.22,25.23,18.84,17.0,0.2,6.0,35.29,1.0,5.88,0.435,0.0,38.89,18.67,16.0,34.67,35.0,24.0,121.0,0.161,42.0,34.71,7.0,5.79,0.4579999999999999,0.0799999999999999,27.98,12.53,20.53,33.06,27.27,27.27
746702,2024-06-11,2024,680757,L,594580,L,force_out,False,False,49.0,0.409,5.0,10.2,5.0,10.2,0.969,0.09100000000000003,6.17,2.44,20.98,23.41,18.56,9.09,224.0,0.26,23.0,10.27,20.0,8.93,0.667,0.08,13.41,5.5,21.44,26.95,22.3,10.5,17.0,0.2,6.0,35.29,1.0,5.88,0.435,0.0,38.89,18.67,16.0,34.67,35.0,24.0,121.0,0.161,42.0,34.71,7.0,5.79,0.4579999999999999,0.0799999999999999,27.98,12.53,20.53,33.06,27.27,27.27
746702,2024-06-11,2024,668715,R,663474,R,strikeout,True,False,180.0,0.234,36.0,20.0,20.0,11.11,0.6950000000000001,0.13299999999999998,21.99,9.76,17.51,27.27,25.13,14.4,487.0,0.256,106.0,21.77,51.0,10.47,0.7789999999999999,0.175,25.48,10.86,19.02,29.88,22.75,18.53,141.0,0.246,38.0,26.95,21.0,14.89,0.8300000000000001,0.22000000000000003,28.51,12.78,15.74,28.52,25.35,24.36,46.0,0.279,12.0,26.09,3.0,6.52,0.8140000000000001,0.2089999999999999,30.21,16.76,12.14,28.9,36.47,22.64
746702,2024-06-11,2024,641584,L,663474,R,double,False,False,131.0,0.284,28.0,21.37,12.0,9.16,0.704,0.069,20.79,11.79,9.35,21.14,27.8,17.39,339.0,0.268,66.0,19.47,34.0,10.03,0.815,0.199,24.78,12.84,11.52,24.36,30.55,18.38,134.0,0.214,23.0,17.16,15.0,11.19,0.72,0.205,17.76,7.57,18.13,25.7,23.27,17.56,27.0,0.0,4.0,14.81,10.0,37.04,0.37,0.0,17.95,5.51,15.75,21.26,11.84,15.38
746702,2024-06-11,2024,663886,R,663474,R,field_out,False,False,125.0,0.259,28.0,22.4,9.0,7.2,0.7210000000000001,0.134,22.22,9.98,18.82,28.8,26.07,22.31,378.0,0.228,105.0,27.78,34.0,8.99,0.657,0.1239999999999999,29.78,12.81,19.96,32.77,26.19,24.59,141.0,0.246,38.0,26.95,21.0,14.89,0.8300000000000001,0.22000000000000003,28.51,12.78,15.74,28.52,25.35,24.36,46.0,0.279,12.0,26.09,3.0,6.52,0.8140000000000001,0.2089999999999999,30.21,16.76,12.14,28.9,36.47,22.64
746702,2024-06-11,2024,674441,L,663474,R,field_out,False,False,48.0,0.243,9.0,18.75,5.0,10.42,0.6799999999999999,0.08100000000000002,12.99,5.08,21.83,26.9,15.73,14.52,,,,,,,,,,,,,,,134.0,0.214,23.0,17.16,15.0,11.19,0.72,0.205,17.76,7.57,18.13,25.7,23.27,17.56,27.0,0.0,4.0,14.81,10.0,37.04,0.37,0.0,17.95,5.51,15.75,21.26,11.84,15.38
746702,2024-06-11,2024,671289,R,608371,R,field_out,False,False,160.0,0.23,23.0,14.37,11.0,6.88,0.6759999999999999,0.12999999999999998,16.54,7.6,19.34,26.94,29.17,15.44,89.0,0.266,17.0,19.1,6.0,6.74,0.656,0.076,20.13,9.22,18.73,27.95,29.94,17.0,60.0,0.22,19.0,31.67,9.0,15.0,0.773,0.22,30.77,14.01,16.34,30.35,25.38,23.17,145.0,0.126,47.0,32.41,24.0,16.55,0.5640000000000001,0.144,36.09,15.87,16.53,32.4,27.51,23.74
746702,2024-06-11,2024,608070,L,608371,R,field_out,False,False,190.0,0.254,20.0,10.53,15.0,7.89,0.8540000000000001,0.28400000000000003,13.73,6.66,13.69,20.35,30.07,8.44,461.0,0.302,48.0,10.41,54.0,11.71,0.863,0.179,15.4,6.98,13.91,20.89,28.02,10.17,30.0,0.24,4.0,13.33,4.0,13.33,0.887,0.28,14.0,6.73,15.38,22.12,26.53,18.18,114.0,0.209,25.0,21.93,15.0,13.16,0.6950000000000001,0.132,29.49,14.0,12.47,26.48,28.16,19.23
746702,2024-06-11,2024,647304,L,608371,R,field_out,False,False,179.0,0.232,25.0,13.97,18.0,10.06,0.808,0.258,21.34,10.97,9.72,20.69,32.64,14.79,348.0,0.311,53.0,15.23,25.0,7.18,0.851,0.184,21.29,11.96,9.18,21.15,41.36,16.99,30.0,0.24,4.0,13.33,4.0,13.33,0.887,0.28,14.0,6.73,15.38,22.12,26.53,18.18,114.0,0.209,25.0,21.93,15.0,13.16,0.6950000000000001,0.132,29.49,14.0,12.47,26.48,28.16,19.23
746702,2024-06-11,2024,663697,R,663474,R,field_out,False,False,159.0,0.218,38.0,23.9,23.0,14.47,0.649,0.098,19.43,6.91,21.15,28.06,15.94,19.1,397.0,0.257,73.0,18.39,37.0,9.32,0.7809999999999999,0.175,21.3,8.18,21.42,29.59,19.53,15.19,141.0,0.246,38.0,26.95,21.0,14.89,0.8300000000000001,0.22000000000000003,28.51,12.78,15.74,28.52,25.35,24.36,46.0,0.279,12.0,26.09,3.0,6.52,0.8140000000000001,0.2089999999999999,30.21,16.76,12.14,28.9,36.47,22.64
746702,2024-06-11,2024,666181,L,663474,R,field_out,False,False,164.0,0.245,69.0,42.07,17.0,10.37,0.806,0.238,39.45,18.91,14.96,33.87,22.15,30.94,285.0,0.297,89.0,31.23,37.0,12.98,0.938,0.252,31.03,13.11,16.03,29.13,18.51,23.66,134.0,0.214,23.0,17.16,15.0,11.19,0.72,0.205,17.76,7.57,18.13,25.7,23.27,17.56,27.0,0.0,4.0,14.81,10.0,37.04,0.37,0.0,17.95,5.51,15.75,21.26,11.84,15.38
746702,2024-06-11,2024,670770,L,663474,R,field_out,False,False,46.0,0.175,9.0,19.57,4.0,8.7,0.692,0.25,17.81,7.26,18.44,25.7,22.22,18.75,446.0,0.26,70.0,15.7,38.0,8.52,0.785,0.189,18.12,7.73,19.52,27.25,25.03,13.48,134.0,0.214,23.0,17.16,15.0,11.19,0.72,0.205,17.76,7.57,18.13,25.7,23.27,17.56,27.0,0.0,4.0,14.81,10.0,37.04,0.37,0.0,17.95,5.51,15.75,21.26,11.84,15.38
746702,2024-06-11,2024,681807,R,608371,R,field_out,False,False,80.0,0.3,13.0,16.25,6.0,7.5,0.846,0.17099999999999999,18.79,9.59,14.38,23.97,25.74,14.44,63.0,0.246,19.0,30.16,3.0,4.76,0.727,0.175,29.77,16.96,13.91,30.87,36.11,25.0,60.0,0.22,19.0,31.67,9.0,15.0,0.773,0.22,30.77,14.01,16.34,30.35,25.38,23.17,145.0,0.126,47.0,32.41,24.0,16.55,0.5640000000000001,0.144,36.09,15.87,16.53,32.4,27.51,23.74
746702,2024-06-11,2024,665926,L,458677,L,single,False,False,77.0,0.282,11.0,14.29,0.0,0.0,0.7190000000000001,0.11200000000000004,21.88,12.28,14.39,26.67,39.72,12.64,197.0,0.268,26.0,13.2,8.0,4.06,0.7130000000000001,0.1169999999999999,23.63,12.79,15.07,27.86,41.69,11.02,33.0,0.267,10.0,30.3,1.0,3.03,0.8029999999999999,0.23299999999999998,32.31,15.67,17.16,32.84,34.25,25.64,,,,,,,,,,,,,,
746702,2024-06-11,2024,672356,R,458677,L,strikeout,True,False,48.0,0.289,16.0,33.33,3.0,6.25,0.777,0.15500000000000003,40.38,25.15,10.18,35.33,41.89,30.77,119.0,0.083,54.0,45.38,10.0,8.4,0.316,0.0649999999999999,44.4,24.39,12.09,36.48,34.85,30.51,25.0,0.304,5.0,20.0,1.0,4.0,0.838,0.174,20.0,13.13,10.1,23.23,47.37,13.89,,,,,,,,,,,,,,
746702,2024-06-11,2024,677587,R,458677,L,field_out,False,False,61.0,0.148,16.0,26.23,5.0,8.2,0.471,0.093,24.32,12.8,13.74,26.54,30.0,29.63,33.0,0.161,15.0,45.45,2.0,6.06,0.438,0.065,39.73,21.64,16.42,38.06,38.1,32.61,25.0,0.304,5.0,20.0,1.0,4.0,0.838,0.174,20.0,13.13,10.1,23.23,47.37,13.89,,,,,,,,,,,,,,
746702,2024-06-11,2024,682829,L,663474,R,walk,False,True,174.0,0.244,58.0,33.33,18.0,10.34,0.8029999999999999,0.237,32.6,13.24,21.43,34.67,24.86,31.15,307.0,0.255,95.0,30.94,30.0,9.77,0.7989999999999999,0.2159999999999999,26.69,11.86,17.47,29.33,31.27,25.07,134.0,0.214,23.0,17.16,15.0,11.19,0.72,0.205,17.76,7.57,18.13,25.7,23.27,17.56,27.0,0.0,4.0,14.81,10.0,37.04,0.37,0.0,17.95,5.51,15.75,21.26,11.84,15.38
746702,2024-06-11,2024,600869,L,663474,R,field_out,False,False,157.0,0.233,42.0,26.75,8.0,5.1,0.755,0.24599999999999997,28.99,15.16,14.48,29.64,36.24,23.73,415.0,0.251,91.0,21.93,38.0,9.16,0.812,0.2279999999999999,25.42,11.83,16.22,28.05,27.64,18.71,134.0,0.214,23.0,17.16,15.0,11.19,0.72,0.205,17.76,7.57,18.13,25.7,23.27,17.56,27.0,0.0,4.0,14.81,10.0,37.04,0.37,0.0,17.95,5.51,15.75,21.26,11.84,15.38
746702,2024-06-11,2024,668715,R,663474,R,single,False,False,180.0,0.234,36.0,20.0,20.0,11.11,0.6950000000000001,0.13299999999999998,21.99,9.76,17.51,27.27,25.13,14.4,487.0,0.256,106.0,21.77,51.0,10.47,0.7789999999999999,0.175,25.48,10.86,19.02,29.88,22.75,18.53,141.0,0.246,38.0,26.95,21.0,14.89,0.8300000000000001,0.22000000000000003,28.51,12.78,15.74,28.52,25.35,24.36,46.0,0.279,12.0,26.09,3.0,6.52,0.8140000000000001,0.2089999999999999,30.21,16.76,12.14,28.9,36.47,22.64
746702,2024-06-11,2024,656413,R,682120,L,walk,False,True,84.0,0.311,17.0,20.24,10.0,11.9,0.8520000000000001,0.14800000000000002,36.24,17.59,9.77,27.36,22.56,21.79,113.0,0.226,34.0,30.09,13.0,11.5,0.7,0.1289999999999999,36.84,17.46,14.51,31.97,22.54,26.77,59.0,0.192,12.0,20.34,7.0,11.86,0.538,0.057999999999999996,24.79,11.51,17.86,29.37,35.21,14.46,74.0,0.308,18.0,24.32,6.0,8.11,0.8240000000000001,0.138,23.87,11.9,13.5,25.4,29.11,18.09
746702,2024-06-11,2024,663886,R,682120,L,force_out,False,False,63.0,0.268,7.0,11.11,6.0,9.52,0.833,0.23199999999999998,8.79,3.4,20.43,23.83,21.05,11.86,140.0,0.283,30.0,21.43,13.0,9.29,0.7989999999999999,0.166,24.79,10.12,16.75,26.88,18.56,21.13,59.0,0.192,12.0,20.34,7.0,11.86,0.538,0.057999999999999996,24.79,11.51,17.86,29.37,35.21,14.46,74.0,0.308,18.0,24.32,6.0,8.11,0.8240000000000001,0.138,23.87,11.9,13.5,25.4,29.11,18.09
746702,2024-06-11,2024,669289,R,682120,L,strikeout,True,False,69.0,0.25,5.0,7.25,7.0,10.14,0.639,0.07100000000000001,10.34,4.76,15.87,20.63,25.0,8.77,116.0,0.252,14.0,12.07,8.0,6.9,0.657,0.1029999999999999,17.24,7.83,19.46,27.29,25.0,10.94,59.0,0.192,12.0,20.34,7.0,11.86,0.538,0.057999999999999996,24.79,11.51,17.86,29.37,35.21,14.46,74.0,0.308,18.0,24.32,6.0,8.11,0.8240000000000001,0.138,23.87,11.9,13.5,25.4,29.11,18.09
746702,2024-06-11,2024,666310,L,458677,L,strikeout,True,False,23.0,0.19,10.0,43.48,2.0,8.7,0.5940000000000001,0.14300000000000002,38.46,17.05,22.73,39.77,37.21,43.48,51.0,0.217,13.0,25.49,4.0,7.84,0.6639999999999999,0.153,18.18,7.96,17.26,25.22,25.23,18.84,33.0,0.267,10.0,30.3,1.0,3.03,0.8029999999999999,0.23299999999999998,32.31,15.67,17.16,32.84,34.25,25.64,,,,,,,,,,,,,,
746702,2024-06-11,2024,680757,L,458677,L,double,False,False,49.0,0.409,5.0,10.2,5.0,10.2,0.969,0.09100000000000003,6.17,2.44,20.98,23.41,18.56,9.09,224.0,0.26,23.0,10.27,20.0,8.93,0.667,0.08,13.41,5.5,21.44,26.95,22.3,10.5,33.0,0.267,10.0,30.3,1.0,3.03,0.8029999999999999,0.23299999999999998,32.31,15.67,17.16,32.84,34.25,25.64,,,,,,,,,,,,,,
746702,2024-06-11,2024,671289,R,518585,R,strikeout,True,False,160.0,0.23,23.0,14.37,11.0,6.88,0.6759999999999999,0.12999999999999998,16.54,7.6,19.34,26.94,29.17,15.44,89.0,0.266,17.0,19.1,6.0,6.74,0.656,0.076,20.13,9.22,18.73,27.95,29.94,17.0,61.0,0.13,32.0,52.46,5.0,8.2,0.348,0.017999999999999988,50.0,25.2,15.45,40.65,40.54,42.11,151.0,0.196,55.0,36.42,10.0,6.62,0.601,0.1519999999999999,39.37,19.93,13.76,33.69,34.92,31.98
746702,2024-06-11,2024,608070,L,518585,R,field_out,False,False,190.0,0.254,20.0,10.53,15.0,7.89,0.8540000000000001,0.28400000000000003,13.73,6.66,13.69,20.35,30.07,8.44,461.0,0.302,48.0,10.41,54.0,11.71,0.863,0.179,15.4,6.98,13.91,20.89,28.02,10.17,61.0,0.212,21.0,34.43,9.0,14.75,0.7130000000000001,0.17300000000000001,34.75,16.14,14.57,30.71,26.56,25.0,128.0,0.231,43.0,33.59,18.0,14.06,0.733,0.158,29.12,13.69,13.69,27.39,27.0,23.76
746702,2024-06-11,2024,663697,R,656529,L,field_out,False,False,84.0,0.29,13.0,15.48,12.0,14.29,0.796,0.10100000000000003,15.0,5.06,24.16,29.21,13.95,13.27,134.0,0.207,36.0,26.87,15.0,11.19,0.642,0.129,23.87,9.31,22.67,31.99,19.93,19.66,28.0,0.148,9.0,32.14,1.0,3.57,0.401,0.07400000000000001,31.37,16.0,17.0,33.0,36.54,32.14,142.0,0.248,37.0,26.06,13.0,9.15,0.619,0.0539999999999999,28.86,12.59,20.21,32.8,25.09,22.84
746702,2024-06-11,2024,694362,R,656529,L,strikeout,True,False,9.0,0.125,1.0,11.11,1.0,11.11,0.472,0.125,41.67,17.86,17.86,35.71,21.43,20.0,,,,,,,,,,,,,,,28.0,0.148,9.0,32.14,1.0,3.57,0.401,0.07400000000000001,31.37,16.0,17.0,33.0,36.54,32.14,142.0,0.248,37.0,26.06,13.0,9.15,0.619,0.0539999999999999,28.86,12.59,20.21,32.8,25.09,22.84
746702,2024-06-11,2024,670770,L,656529,L,strikeout,True,False,26.0,0.316,5.0,19.23,3.0,11.54,0.868,0.05199999999999999,31.43,12.36,22.47,34.83,26.53,20.83,110.0,0.354,20.0,18.18,9.0,8.18,0.963,0.188,19.23,7.48,23.69,31.17,22.46,18.87,16.0,0.2,4.0,25.0,0.0,0.0,0.667,0.267,25.0,11.76,27.45,39.22,40.91,26.67,81.0,0.28,19.0,23.46,5.0,6.17,0.7210000000000001,0.12,24.82,11.6,16.72,28.33,29.05,30.16
746702,2024-06-11,2024,647304,L,518585,R,home_run,False,False,179.0,0.232,25.0,13.97,18.0,10.06,0.808,0.258,21.34,10.97,9.72,20.69,32.64,14.79,348.0,0.311,53.0,15.23,25.0,7.18,0.851,0.184,21.29,11.96,9.18,21.15,41.36,16.99,61.0,0.212,21.0,34.43,9.0,14.75,0.7130000000000001,0.17300000000000001,34.75,16.14,14.57,30.71,26.56,25.0,128.0,0.231,43.0,33.59,18.0,14.06,0.733,0.158,29.12,13.69,13.69,27.39,27.0,23.76
746702,2024-06-11,2024,686823,L,518585,R,walk,False,True,164.0,0.243,21.0,12.8,13.0,7.93,0.683,0.129,18.45,9.86,11.76,21.63,33.33,14.89,369.0,0.279,45.0,12.2,14.0,3.79,0.6930000000000001,0.0999999999999999,17.97,10.23,12.48,22.71,38.5,12.47,61.0,0.212,21.0,34.43,9.0,14.75,0.7130000000000001,0.17300000000000001,34.75,16.14,14.57,30.71,26.56,25.0,128.0,0.231,43.0,33.59,18.0,14.06,0.733,0.158,29.12,13.69,13.69,27.39,27.0,23.76
746702,2024-06-11,2024,665926,L,571656,R,force_out,False,False,185.0,0.261,29.0,15.68,11.0,5.95,0.6799999999999999,0.09699999999999998,24.87,13.59,12.32,25.91,36.31,12.9,419.0,0.243,86.0,20.53,24.0,5.73,0.712,0.162,26.46,14.29,12.8,27.09,38.97,17.27,53.0,0.304,10.0,18.87,7.0,13.21,0.874,0.174,21.51,9.3,15.35,24.65,26.55,19.61,118.0,0.235,26.0,22.03,15.0,12.71,0.743,0.177,24.55,10.69,15.84,26.53,23.37,18.44
746702,2024-06-11,2024,682177,L,571656,R,strikeout,True,False,11.0,0.5,1.0,9.09,3.0,27.27,1.5110000000000001,0.375,13.33,5.13,15.38,20.51,8.7,8.33,,,,,,,,,,,,,,,53.0,0.304,10.0,18.87,7.0,13.21,0.874,0.174,21.51,9.3,15.35,24.65,26.55,19.61,118.0,0.235,26.0,22.03,15.0,12.71,0.743,0.177,24.55,10.69,15.84,26.53,23.37,18.44
746702,2024-06-11,2024,677587,L,571656,R,field_out,False,False,135.0,0.246,20.0,14.81,18.0,13.33,0.6579999999999999,0.061,22.35,10.56,15.0,25.56,28.72,11.76,53.0,0.3,12.0,22.64,2.0,3.77,0.7010000000000001,0.08,28.07,15.31,15.79,31.1,41.59,17.39,53.0,0.304,10.0,18.87,7.0,13.21,0.874,0.174,21.51,9.3,15.35,24.65,26.55,19.61,118.0,0.235,26.0,22.03,15.0,12.71,0.743,0.177,24.55,10.69,15.84,26.53,23.37,18.44
746702,2024-06-11,2024,682829,R,656529,L,strikeout,True,False,105.0,0.218,29.0,27.62,12.0,11.43,0.662,0.10400000000000001,33.86,14.51,15.19,29.71,26.25,24.58,122.0,0.184,49.0,40.16,5.0,4.1,0.494,0.079,37.56,17.7,19.4,37.1,38.0,33.33,28.0,0.148,9.0,32.14,1.0,3.57,0.401,0.07400000000000001,31.37,16.0,17.0,33.0,36.54,32.14,142.0,0.248,37.0,26.06,13.0,9.15,0.619,0.0539999999999999,28.86,12.59,20.21,32.8,25.09,22.84
746702,2024-06-11,2024,600869,L,671922,R,field_out,False,False,157.0,0.233,42.0,26.75,8.0,5.1,0.755,0.24599999999999997,28.99,15.16,14.48,29.64,36.24,23.73,415.0,0.251,91.0,21.93,38.0,9.16,0.812,0.2279999999999999,25.42,11.83,16.22,28.05,27.64,18.71,58.0,0.173,20.0,34.48,6.0,10.34,0.5469999999999999,0.11499999999999999,26.14,9.91,25.86,35.78,18.87,29.69,,,,,,,,,,,,,,
746702,2024-06-11,2024,668715,R,671922,R,strikeout,True,False,180.0,0.234,36.0,20.0,20.0,11.11,0.6950000000000001,0.13299999999999998,21.99,9.76,17.51,27.27,25.13,14.4,487.0,0.256,106.0,21.77,51.0,10.47,0.7789999999999999,0.175,25.48,10.86,19.02,29.88,22.75,18.53,56.0,0.226,19.0,33.93,1.0,1.79,0.5700000000000001,0.07599999999999998,30.0,15.71,19.52,35.24,33.72,28.36,,,,,,,,,,,,,,
746702,2024-06-11,2024,666310,L,571656,R,single,False,False,127.0,0.167,43.0,33.86,11.0,8.66,0.49,0.07899999999999999,30.68,14.18,17.31,31.49,26.42,23.03,180.0,0.243,40.0,22.22,26.0,14.44,0.852,0.257,22.79,10.11,14.03,24.15,23.6,16.67,53.0,0.304,10.0,18.87,7.0,13.21,0.874,0.174,21.51,9.3,15.35,24.65,26.55,19.61,118.0,0.235,26.0,22.03,15.0,12.71,0.743,0.177,24.55,10.69,15.84,26.53,23.37,18.44
746702,2024-06-11,2024,680757,L,571656,R,walk,False,True,125.0,0.355,9.0,7.2,11.0,8.8,0.95,0.17200000000000004,6.67,2.73,22.9,25.63,18.4,6.98,494.0,0.272,52.0,10.53,50.0,10.12,0.73,0.1119999999999999,10.22,4.19,22.03,26.23,20.67,8.84,53.0,0.304,10.0,18.87,7.0,13.21,0.874,0.174,21.51,9.3,15.35,24.65,26.55,19.61,118.0,0.235,26.0,22.03,15.0,12.71,0.743,0.177,24.55,10.69,15.84,26.53,23.37,18.44
746702,2024-06-11,2024,671289,R,571656,R,sac_bunt,False,False,160.0,0.23,23.0,14.37,11.0,6.88,0.6759999999999999,0.12999999999999998,16.54,7.6,19.34,26.94,29.17,15.44,89.0,0.266,17.0,19.1,6.0,6.74,0.656,0.076,20.13,9.22,18.73,27.95,29.94,17.0,72.0,0.194,11.0,15.28,5.0,6.94,0.582,0.09599999999999997,25.4,11.9,16.73,28.62,33.1,14.67,191.0,0.201,44.0,23.04,14.0,7.33,0.673,0.195,33.99,16.69,15.86,32.55,33.16,19.91
746702,2024-06-11,2024,608070,L,571656,R,intent_walk,False,True,190.0,0.254,20.0,10.53,15.0,7.89,0.8540000000000001,0.28400000000000003,13.73,6.66,13.69,20.35,30.07,8.44,461.0,0.302,48.0,10.41,54.0,11.71,0.863,0.179,15.4,6.98,13.91,20.89,28.02,10.17,53.0,0.304,10.0,18.87,7.0,13.21,0.874,0.174,21.51,9.3,15.35,24.65,26.55,19.61,118.0,0.235,26.0,22.03,15.0,12.71,0.743,0.177,24.55,10.69,15.84,26.53,23.37,18.44
746702,2024-06-11,2024,647304,L,571656,R,force_out,False,False,179.0,0.232,25.0,13.97,18.0,10.06,0.808,0.258,21.34,10.97,9.72,20.69,32.64,14.79,348.0,0.311,53.0,15.23,25.0,7.18,0.851,0.184,21.29,11.96,9.18,21.15,41.36,16.99,53.0,0.304,10.0,18.87,7.0,13.21,0.874,0.174,21.51,9.3,15.35,24.65,26.55,19.61,118.0,0.235,26.0,22.03,15.0,12.71,0.743,0.177,24.55,10.69,15.84,26.53,23.37,18.44
746702,2024-06-11,2024,686823,L,571656,R,field_out,False,False,164.0,0.243,21.0,12.8,13.0,7.93,0.683,0.129,18.45,9.86,11.76,21.63,33.33,14.89,369.0,0.279,45.0,12.2,14.0,3.79,0.6930000000000001,0.0999999999999999,17.97,10.23,12.48,22.71,38.5,12.47,53.0,0.304,10.0,18.87,7.0,13.21,0.874,0.174,21.51,9.3,15.35,24.65,26.55,19.61,118.0,0.235,26.0,22.03,15.0,12.71,0.743,0.177,24.55,10.69,15.84,26.53,23.37,18.44
746702,2024-06-11,2024,656413,R,661403,R,single,False,False,43.0,0.079,11.0,25.58,2.0,4.65,0.351,0.105,41.25,21.85,11.92,33.77,29.87,24.44,144.0,0.23,35.0,24.31,12.0,8.33,0.716,0.1829999999999999,31.79,17.15,10.79,27.94,25.91,21.74,49.0,0.244,11.0,22.45,2.0,4.08,0.6419999999999999,0.11199999999999999,27.52,14.42,12.5,26.92,26.67,15.28,151.0,0.232,22.0,14.57,6.0,3.97,0.5980000000000001,0.106,27.57,16.05,13.35,29.4,33.82,15.38
746702,2024-06-11,2024,663886,R,661403,R,strikeout,True,False,125.0,0.259,28.0,22.4,9.0,7.2,0.7210000000000001,0.134,22.22,9.98,18.82,28.8,26.07,22.31,378.0,0.228,105.0,27.78,34.0,8.99,0.657,0.1239999999999999,29.78,12.81,19.96,32.77,26.19,24.59,49.0,0.244,11.0,22.45,2.0,4.08,0.6419999999999999,0.11199999999999999,27.52,14.42,12.5,26.92,26.67,15.28,151.0,0.232,22.0,14.57,6.0,3.97,0.5980000000000001,0.106,27.57,16.05,13.35,29.4,33.82,15.38
746702,2024-06-11,2024,669289,R,661403,R,strikeout,True,False,79.0,0.164,14.0,17.72,4.0,5.06,0.479,0.11000000000000001,10.49,4.78,16.88,21.66,23.84,16.09,138.0,0.244,22.0,15.94,10.0,7.25,0.633,0.073,17.87,7.68,20.84,28.52,25.34,15.6,49.0,0.244,11.0,22.45,2.0,4.08,0.6419999999999999,0.11199999999999999,27.52,14.42,12.5,26.92,26.67,15.28,151.0,0.232,22.0,14.57,6.0,3.97,0.5980000000000001,0.106,27.57,16.05,13.35,29.4,33.82,15.38
746702,2024-06-11,2024,663697,R,661403,R,single,False,False,159.0,0.218,38.0,23.9,23.0,14.47,0.649,0.098,19.43,6.91,21.15,28.06,15.94,19.1,397.0,0.257,73.0,18.39,37.0,9.32,0.7809999999999999,0.175,21.3,8.18,21.42,29.59,19.53,15.19,49.0,0.244,11.0,22.45,2.0,4.08,0.6419999999999999,0.11199999999999999,27.52,14.42,12.5,26.92,26.67,15.28,151.0,0.232,22.0,14.57,6.0,3.97,0.5980000000000001,0.106,27.57,16.05,13.35,29.4,33.82,15.38
746702,2024-06-11,2024,694362,R,661403,R,hit_by_pitch,False,False,1.0,0.0,0.0,0.0,0.0,0.0,0.0,0.0,0.0,0.0,0.0,0.0,0.0,,,,,,,,,,,,,,,,49.0,0.244,11.0,22.45,2.0,4.08,0.6419999999999999,0.11199999999999999,27.52,14.42,12.5,26.92,26.67,15.28,151.0,0.232,22.0,14.57,6.0,3.97,0.5980000000000001,0.106,27.57,16.05,13.35,29.4,33.82,15.38
746702,2024-06-11,2024,670770,L,661403,R,field_out,False,False,46.0,0.175,9.0,19.57,4.0,8.7,0.692,0.25,17.81,7.26,18.44,25.7,22.22,18.75,446.0,0.26,70.0,15.7,38.0,8.52,0.785,0.189,18.12,7.73,19.52,27.25,25.03,13.48,64.0,0.097,21.0,32.81,1.0,1.56,0.24,0.032,32.26,17.78,18.67,36.44,48.62,30.43,151.0,0.252,42.0,27.81,10.0,6.62,0.622,0.065,27.27,13.15,15.91,29.06,28.67,22.58
746951,2024-06-11,2024,656941,L,676710,R,home_run,False,False,169.0,0.17,50.0,29.59,28.0,16.57,0.634,0.156,33.56,13.84,15.11,28.95,22.88,23.67,469.0,0.201,128.0,27.29,85.0,18.12,0.848,0.296,31.18,11.75,19.66,31.41,21.53,23.1,157.0,0.199,38.0,24.2,12.0,7.64,0.575,0.11299999999999999,20.83,10.82,14.98,25.79,31.32,21.35,259.0,0.209,64.0,24.71,22.0,8.49,0.675,0.188,25.14,12.52,14.19,26.72,28.47,19.34
746951,2024-06-11,2024,592206,R,676710,R,field_out,False,False,189.0,0.199,37.0,19.58,15.0,7.94,0.5680000000000001,0.09899999999999998,31.94,18.43,10.42,28.85,38.42,18.23,485.0,0.252,140.0,28.87,25.0,5.15,0.733,0.192,37.06,20.57,11.78,32.36,40.41,25.27,154.0,0.261,33.0,21.43,12.0,7.79,0.7150000000000001,0.123,28.39,14.99,14.31,29.3,34.36,16.93,268.0,0.232,71.0,26.49,14.0,5.22,0.6639999999999999,0.148,28.52,15.66,13.7,29.35,35.55,21.65
746951,2024-06-11,2024,547180,L,676710,R,field_out,False,False,155.0,0.277,30.0,19.35,24.0,15.48,0.933,0.269,29.69,14.45,9.47,23.92,33.04,18.99,375.0,0.295,80.0,21.33,60.0,16.0,0.907,0.199,31.39,15.65,8.66,24.31,32.27,20.0,157.0,0.199,38.0,24.2,12.0,7.64,0.575,0.11299999999999999,20.83,10.82,14.98,25.79,31.32,21.35,259.0,0.209,64.0,24.71,22.0,8.49,0.675,0.188,25.14,12.52,14.19,26.72,28.47,19.34
746951,2024-06-11,2024,664761,R,676710,R,field_out,False,False,180.0,0.306,26.0,14.44,14.0,7.78,0.861,0.188,18.12,8.45,15.18,23.63,24.59,16.03,445.0,0.263,68.0,15.28,34.0,7.64,0.7010000000000001,0.1139999999999999,17.17,8.27,16.06,24.33,28.14,13.48,154.0,0.261,33.0,21.43,12.0,7.79,0.7150000000000001,0.123,28.39,14.99,14.31,29.3,34.36,16.93,268.0,0.232,71.0,26.49,14.0,5.22,0.6639999999999999,0.148,28.52,15.66,13.7,29.35,35.55,21.65
746951,2024-06-11,2024,680776,L,554430,R,single,False,False,214.0,0.282,45.0,21.03,17.0,7.94,0.879,0.25600000000000006,24.06,11.46,15.04,26.49,27.82,18.75,314.0,0.296,75.0,23.89,21.0,6.69,0.84,0.195,24.68,12.92,13.75,26.67,30.3,19.02,165.0,0.234,39.0,23.64,18.0,10.91,0.714,0.159,25.23,12.3,13.32,25.62,28.0,18.22,414.0,0.261,90.0,21.74,25.0,6.04,0.722,0.1509999999999999,25.9,13.55,13.11,26.65,30.26,18.82
746951,2024-06-11,2024,666152,L,554430,R,double,False,False,110.0,0.287,28.0,25.45,8.0,7.27,0.8,0.16800000000000004,27.93,11.74,20.89,32.63,20.0,22.95,36.0,0.1,10.0,27.78,6.0,16.67,0.417,0.067,20.0,8.44,23.38,31.82,26.39,15.38,165.0,0.234,39.0,23.64,18.0,10.91,0.714,0.159,25.23,12.3,13.32,25.62,28.0,18.22,414.0,0.261,90.0,21.74,25.0,6.04,0.722,0.1509999999999999,25.9,13.55,13.11,26.65,30.26,18.82
746951,2024-06-11,2024,608701,R,554430,R,sac_fly,False,False,78.0,0.329,15.0,19.23,6.0,7.69,0.904,0.185,19.15,9.09,17.51,26.6,23.57,15.15,98.0,0.159,25.0,25.51,10.0,10.2,0.466,0.036,25.0,10.43,19.91,30.33,20.39,18.38,155.0,0.127,52.0,33.55,8.0,5.16,0.38,0.07,30.6,15.82,16.97,32.79,37.54,22.61,374.0,0.194,122.0,32.62,14.0,3.74,0.548,0.119,31.51,15.79,15.47,31.25,34.11,22.02
746951,2024-06-11,2024,646240,L,554430,R,field_out,False,False,155.0,0.295,30.0,19.35,22.0,14.19,1.046,0.35700000000000004,23.91,11.23,12.97,24.21,30.82,16.04,469.0,0.27,89.0,18.98,51.0,10.87,0.863,0.235,25.44,13.04,9.74,22.78,33.05,15.06,165.0,0.234,39.0,23.64,18.0,10.91,0.714,0.159,25.23,12.3,13.32,25.62,28.0,18.22,414.0,0.261,90.0,21.74,25.0,6.04,0.722,0.1509999999999999,25.9,13.55,13.11,26.65,30.26,18.82
746951,2024-06-11,2024,807799,L,554430,R,field_out,False,False,71.0,0.302,9.0,12.68,5.0,7.04,0.768,0.09500000000000003,16.81,7.25,19.57,26.81,25.0,12.33,437.0,0.293,58.0,13.27,22.0,5.03,0.795,0.167,17.2,7.54,21.09,28.63,28.96,13.65,165.0,0.234,39.0,23.64,18.0,10.91,0.714,0.159,25.23,12.3,13.32,25.62,28.0,18.22,414.0,0.261,90.0,21.74,25.0,6.04,0.722,0.1509999999999999,25.9,13.55,13.11,26.65,30.26,18.82
746951,2024-06-11,2024,681082,L,676710,R,single,False,False,165.0,0.239,21.0,12.73,20.0,12.12,0.724,0.15200000000000002,16.21,6.91,21.62,28.53,26.89,10.88,474.0,0.28,76.0,16.03,26.0,5.49,0.753,0.1509999999999999,14.49,6.52,22.08,28.6,28.42,11.93,157.0,0.199,38.0,24.2,12.0,7.64,0.575,0.11299999999999999,20.83,10.82,14.98,25.79,31.32,21.35,259.0,0.209,64.0,24.71,22.0,8.49,0.675,0.188,25.14,12.52,14.19,26.72,28.47,19.34
746951,2024-06-11,2024,624641,R,676710,R,field_out,False,False,69.0,0.254,20.0,28.99,2.0,2.9,0.6799999999999999,0.127,38.22,21.58,10.07,31.65,44.17,21.28,176.0,0.239,41.0,23.3,5.0,2.84,0.669,0.148,29.23,17.12,12.31,29.43,41.96,19.16,154.0,0.261,33.0,21.43,12.0,7.79,0.7150000000000001,0.123,28.39,14.99,14.31,29.3,34.36,16.93,268.0,0.232,71.0,26.49,14.0,5.22,0.6639999999999999,0.148,28.52,15.66,13.7,29.35,35.55,21.65
746951,2024-06-11,2024,621311,L,676710,R,strikeout,True,False,6.0,0.667,1.0,16.67,0.0,0.0,2.5,1.166,21.43,13.04,4.35,17.39,38.46,14.29,9.0,0.111,2.0,22.22,0.0,0.0,0.555,0.333,25.0,12.9,16.13,29.03,33.33,33.33,157.0,0.199,38.0,24.2,12.0,7.64,0.575,0.11299999999999999,20.83,10.82,14.98,25.79,31.32,21.35,259.0,0.209,64.0,24.71,22.0,8.49,0.675,0.188,25.14,12.52,14.19,26.72,28.47,19.34
746951,2024-06-11,2024,596117,L,676710,R,strikeout,True,False,35.0,0.194,7.0,20.0,4.0,11.43,0.512,0.032,26.79,12.71,20.34,33.05,31.15,25.0,94.0,0.19,22.0,23.4,7.0,7.45,0.5549999999999999,0.0959999999999999,24.71,11.35,19.19,30.54,31.94,18.8,157.0,0.199,38.0,24.2,12.0,7.64,0.575,0.11299999999999999,20.83,10.82,14.98,25.79,31.32,21.35,259.0,0.209,64.0,24.71,22.0,8.49,0.675,0.188,25.14,12.52,14.19,26.72,28.47,19.34
746951,2024-06-11,2024,657136,R,554430,R,single,False,False,123.0,0.312,23.0,18.7,2.0,1.63,0.798,0.134,26.7,14.29,15.01,29.3,32.29,20.91,296.0,0.262,94.0,31.76,13.0,4.39,0.734,0.1669999999999999,32.08,16.95,15.14,32.09,35.28,27.01,155.0,0.127,52.0,33.55,8.0,5.16,0.38,0.07,30.6,15.82,16.97,32.79,37.54,22.61,374.0,0.194,122.0,32.62,14.0,3.74,0.548,0.119,31.51,15.79,15.47,31.25,34.11,22.02
746951,2024-06-11,2024,642086,L,554430,R,field_out,False,False,103.0,0.193,20.0,19.42,13.0,12.62,0.5720000000000001,0.068,24.02,11.23,15.93,27.15,29.5,20.2,414.0,0.263,62.0,14.98,33.0,7.97,0.736,0.135,19.9,10.09,14.56,24.65,32.27,13.42,165.0,0.234,39.0,23.64,18.0,10.91,0.714,0.159,25.23,12.3,13.32,25.62,28.0,18.22,414.0,0.261,90.0,21.74,25.0,6.04,0.722,0.1509999999999999,25.9,13.55,13.11,26.65,30.26,18.82
746951,2024-06-11,2024,665839,L,554430,R,strikeout_double_play,True,False,104.0,0.219,27.0,25.96,5.0,4.81,0.688,0.219,21.78,10.6,18.07,28.67,30.52,19.42,133.0,0.28,32.0,24.06,7.0,5.26,0.806,0.2079999999999999,23.05,10.04,20.07,30.11,28.72,21.48,165.0,0.234,39.0,23.64,18.0,10.91,0.714,0.159,25.23,12.3,13.32,25.62,28.0,18.22,414.0,0.261,90.0,21.74,25.0,6.04,0.722,0.1509999999999999,25.9,13.55,13.11,26.65,30.26,18.82
746951,2024-06-11,2024,679032,R,676710,R,field_out,False,False,133.0,0.244,17.0,12.78,6.0,4.51,0.61,0.08100000000000002,22.87,10.83,19.32,30.15,32.6,13.08,100.0,0.281,23.0,23.0,4.0,4.0,0.76,0.1459999999999999,25.82,13.95,16.32,30.27,40.0,25.27,154.0,0.261,33.0,21.43,12.0,7.79,0.7150000000000001,0.123,28.39,14.99,14.31,29.3,34.36,16.93,268.0,0.232,71.0,26.49,14.0,5.22,0.6639999999999999,0.148,28.52,15.66,13.7,29.35,35.55,21.65
746951,2024-06-11,2024,656941,L,676710,R,strikeout,True,False,169.0,0.17,50.0,29.59,28.0,16.57,0.634,0.156,33.56,13.84,15.11,28.95,22.88,23.67,469.0,0.201,128.0,27.29,85.0,18.12,0.848,0.296,31.18,11.75,19.66,31.41,21.53,23.1,157.0,0.199,38.0,24.2,12.0,7.64,0.575,0.11299999999999999,20.83,10.82,14.98,25.79,31.32,21.35,259.0,0.209,64.0,24.71,22.0,8.49,0.675,0.188,25.14,12.52,14.19,26.72,28.47,19.34
746951,2024-06-11,2024,592206,R,676710,R,field_out,False,False,189.0,0.199,37.0,19.58,15.0,7.94,0.5680000000000001,0.09899999999999998,31.94,18.43,10.42,28.85,38.42,18.23,485.0,0.252,140.0,28.87,25.0,5.15,0.733,0.192,37.06,20.57,11.78,32.36,40.41,25.27,154.0,0.261,33.0,21.43,12.0,7.79,0.7150000000000001,0.123,28.39,14.99,14.31,29.3,34.36,16.93,268.0,0.232,71.0,26.49,14.0,5.22,0.6639999999999999,0.148,28.52,15.66,13.7,29.35,35.55,21.65
746951,2024-06-11,2024,678882,R,554430,R,field_out,False,False,182.0,0.215,49.0,26.92,5.0,2.75,0.598,0.145,33.83,21.09,11.32,32.4,46.3,23.11,62.0,0.263,20.0,32.26,3.0,4.84,0.6739999999999999,0.1049999999999999,27.08,15.6,11.2,26.8,42.11,22.22,155.0,0.127,52.0,33.55,8.0,5.16,0.38,0.07,30.6,15.82,16.97,32.79,37.54,22.61,374.0,0.194,122.0,32.62,14.0,3.74,0.548,0.119,31.51,15.79,15.47,31.25,34.11,22.02
746951,2024-06-11,2024,680776,L,554430,R,field_out,False,False,214.0,0.282,45.0,21.03,17.0,7.94,0.879,0.25600000000000006,24.06,11.46,15.04,26.49,27.82,18.75,314.0,0.296,75.0,23.89,21.0,6.69,0.84,0.195,24.68,12.92,13.75,26.67,30.3,19.02,165.0,0.234,39.0,23.64,18.0,10.91,0.714,0.159,25.23,12.3,13.32,25.62,28.0,18.22,414.0,0.261,90.0,21.74,25.0,6.04,0.722,0.1509999999999999,25.9,13.55,13.11,26.65,30.26,18.82
746951,2024-06-11,2024,666152,L,554430,R,field_out,False,False,110.0,0.287,28.0,25.45,8.0,7.27,0.8,0.16800000000000004,27.93,11.74,20.89,32.63,20.0,22.95,36.0,0.1,10.0,27.78,6.0,16.67,0.417,0.067,20.0,8.44,23.38,31.82,26.39,15.38,165.0,0.234,39.0,23.64,18.0,10.91,0.714,0.159,25.23,12.3,13.32,25.62,28.0,18.22,414.0,0.261,90.0,21.74,25.0,6.04,0.722,0.1509999999999999,25.9,13.55,13.11,26.65,30.26,18.82
746951,2024-06-11,2024,547180,L,676710,R,walk,False,True,155.0,0.277,30.0,19.35,24.0,15.48,0.933,0.269,29.69,14.45,9.47,23.92,33.04,18.99,375.0,0.295,80.0,21.33,60.0,16.0,0.907,0.199,31.39,15.65,8.66,24.31,32.27,20.0,157.0,0.199,38.0,24.2,12.0,7.64,0.575,0.11299999999999999,20.83,10.82,14.98,25.79,31.32,21.35,259.0,0.209,64.0,24.71,22.0,8.49,0.675,0.188,25.14,12.52,14.19,26.72,28.47,19.34
746951,2024-06-11,2024,664761,R,676710,R,strikeout,True,False,180.0,0.306,26.0,14.44,14.0,7.78,0.861,0.188,18.12,8.45,15.18,23.63,24.59,16.03,445.0,0.263,68.0,15.28,34.0,7.64,0.7010000000000001,0.1139999999999999,17.17,8.27,16.06,24.33,28.14,13.48,154.0,0.261,33.0,21.43,12.0,7.79,0.7150000000000001,0.123,28.39,14.99,14.31,29.3,34.36,16.93,268.0,0.232,71.0,26.49,14.0,5.22,0.6639999999999999,0.148,28.52,15.66,13.7,29.35,35.55,21.65
746951,2024-06-11,2024,681082,L,676710,R,double,False,False,165.0,0.239,21.0,12.73,20.0,12.12,0.724,0.15200000000000002,16.21,6.91,21.62,28.53,26.89,10.88,474.0,0.28,76.0,16.03,26.0,5.49,0.753,0.1509999999999999,14.49,6.52,22.08,28.6,28.42,11.93,157.0,0.199,38.0,24.2,12.0,7.64,0.575,0.11299999999999999,20.83,10.82,14.98,25.79,31.32,21.35,259.0,0.209,64.0,24.71,22.0,8.49,0.675,0.188,25.14,12.52,14.19,26.72,28.47,19.34
746951,2024-06-11,2024,624641,R,676710,R,strikeout,True,False,69.0,0.254,20.0,28.99,2.0,2.9,0.6799999999999999,0.127,38.22,21.58,10.07,31.65,44.17,21.28,176.0,0.239,41.0,23.3,5.0,2.84,0.669,0.148,29.23,17.12,12.31,29.43,41.96,19.16,154.0,0.261,33.0,21.43,12.0,7.79,0.7150000000000001,0.123,28.39,14.99,14.31,29.3,34.36,16.93,268.0,0.232,71.0,26.49,14.0,5.22,0.6639999999999999,0.148,28.52,15.66,13.7,29.35,35.55,21.65
746951,2024-06-11,2024,621311,L,676710,R,field_error,False,False,6.0,0.667,1.0,16.67,0.0,0.0,2.5,1.166,21.43,13.04,4.35,17.39,38.46,14.29,9.0,0.111,2.0,22.22,0.0,0.0,0.555,0.333,25.0,12.9,16.13,29.03,33.33,33.33,157.0,0.199,38.0,24.2,12.0,7.64,0.575,0.11299999999999999,20.83,10.82,14.98,25.79,31.32,21.35,259.0,0.209,64.0,24.71,22.0,8.49,0.675,0.188,25.14,12.52,14.19,26.72,28.47,19.34
746951,2024-06-11,2024,596117,L,676710,R,single,False,False,35.0,0.194,7.0,20.0,4.0,11.43,0.512,0.032,26.79,12.71,20.34,33.05,31.15,25.0,94.0,0.19,22.0,23.4,7.0,7.45,0.5549999999999999,0.0959999999999999,24.71,11.35,19.19,30.54,31.94,18.8,157.0,0.199,38.0,24.2,12.0,7.64,0.575,0.11299999999999999,20.83,10.82,14.98,25.79,31.32,21.35,259.0,0.209,64.0,24.71,22.0,8.49,0.675,0.188,25.14,12.52,14.19,26.72,28.47,19.34
746951,2024-06-11,2024,679032,R,676710,R,field_out,False,False,133.0,0.244,17.0,12.78,6.0,4.51,0.61,0.08100000000000002,22.87,10.83,19.32,30.15,32.6,13.08,100.0,0.281,23.0,23.0,4.0,4.0,0.76,0.1459999999999999,25.82,13.95,16.32,30.27,40.0,25.27,154.0,0.261,33.0,21.43,12.0,7.79,0.7150000000000001,0.123,28.39,14.99,14.31,29.3,34.36,16.93,268.0,0.232,71.0,26.49,14.0,5.22,0.6639999999999999,0.148,28.52,15.66,13.7,29.35,35.55,21.65
746951,2024-06-11,2024,608701,R,554430,R,strikeout,True,False,78.0,0.329,15.0,19.23,6.0,7.69,0.904,0.185,19.15,9.09,17.51,26.6,23.57,15.15,98.0,0.159,25.0,25.51,10.0,10.2,0.466,0.036,25.0,10.43,19.91,30.33,20.39,18.38,155.0,0.127,52.0,33.55,8.0,5.16,0.38,0.07,30.6,15.82,16.97,32.79,37.54,22.61,374.0,0.194,122.0,32.62,14.0,3.74,0.548,0.119,31.51,15.79,15.47,31.25,34.11,22.02
746951,2024-06-11,2024,646240,L,554430,R,strikeout,True,False,155.0,0.295,30.0,19.35,22.0,14.19,1.046,0.35700000000000004,23.91,11.23,12.97,24.21,30.82,16.04,469.0,0.27,89.0,18.98,51.0,10.87,0.863,0.235,25.44,13.04,9.74,22.78,33.05,15.06,165.0,0.234,39.0,23.64,18.0,10.91,0.714,0.159,25.23,12.3,13.32,25.62,28.0,18.22,414.0,0.261,90.0,21.74,25.0,6.04,0.722,0.1509999999999999,25.9,13.55,13.11,26.65,30.26,18.82
746951,2024-06-11,2024,807799,L,554430,R,walk,False,True,71.0,0.302,9.0,12.68,5.0,7.04,0.768,0.09500000000000003,16.81,7.25,19.57,26.81,25.0,12.33,437.0,0.293,58.0,13.27,22.0,5.03,0.795,0.167,17.2,7.54,21.09,28.63,28.96,13.65,165.0,0.234,39.0,23.64,18.0,10.91,0.714,0.159,25.23,12.3,13.32,25.62,28.0,18.22,414.0,0.261,90.0,21.74,25.0,6.04,0.722,0.1509999999999999,25.9,13.55,13.11,26.65,30.26,18.82
746951,2024-06-11,2024,657136,R,554430,R,field_out,False,False,123.0,0.312,23.0,18.7,2.0,1.63,0.798,0.134,26.7,14.29,15.01,29.3,32.29,20.91,296.0,0.262,94.0,31.76,13.0,4.39,0.734,0.1669999999999999,32.08,16.95,15.14,32.09,35.28,27.01,155.0,0.127,52.0,33.55,8.0,5.16,0.38,0.07,30.6,15.82,16.97,32.79,37.54,22.61,374.0,0.194,122.0,32.62,14.0,3.74,0.548,0.119,31.51,15.79,15.47,31.25,34.11,22.02
746951,2024-06-11,2024,656941,L,676710,R,home_run,False,False,169.0,0.17,50.0,29.59,28.0,16.57,0.634,0.156,33.56,13.84,15.11,28.95,22.88,23.67,469.0,0.201,128.0,27.29,85.0,18.12,0.848,0.296,31.18,11.75,19.66,31.41,21.53,23.1,157.0,0.199,38.0,24.2,12.0,7.64,0.575,0.11299999999999999,20.83,10.82,14.98,25.79,31.32,21.35,259.0,0.209,64.0,24.71,22.0,8.49,0.675,0.188,25.14,12.52,14.19,26.72,28.47,19.34
746951,2024-06-11,2024,592206,R,676710,R,strikeout,True,False,189.0,0.199,37.0,19.58,15.0,7.94,0.5680000000000001,0.09899999999999998,31.94,18.43,10.42,28.85,38.42,18.23,485.0,0.252,140.0,28.87,25.0,5.15,0.733,0.192,37.06,20.57,11.78,32.36,40.41,25.27,154.0,0.261,33.0,21.43,12.0,7.79,0.7150000000000001,0.123,28.39,14.99,14.31,29.3,34.36,16.93,268.0,0.232,71.0,26.49,14.0,5.22,0.6639999999999999,0.148,28.52,15.66,13.7,29.35,35.55,21.65
746951,2024-06-11,2024,547180,L,676710,R,field_out,False,False,155.0,0.277,30.0,19.35,24.0,15.48,0.933,0.269,29.69,14.45,9.47,23.92,33.04,18.99,375.0,0.295,80.0,21.33,60.0,16.0,0.907,0.199,31.39,15.65,8.66,24.31,32.27,20.0,157.0,0.199,38.0,24.2,12.0,7.64,0.575,0.11299999999999999,20.83,10.82,14.98,25.79,31.32,21.35,259.0,0.209,64.0,24.71,22.0,8.49,0.675,0.188,25.14,12.52,14.19,26.72,28.47,19.34
746951,2024-06-11,2024,664761,R,676710,R,single,False,False,180.0,0.306,26.0,14.44,14.0,7.78,0.861,0.188,18.12,8.45,15.18,23.63,24.59,16.03,445.0,0.263,68.0,15.28,34.0,7.64,0.7010000000000001,0.1139999999999999,17.17,8.27,16.06,24.33,28.14,13.48,154.0,0.261,33.0,21.43,12.0,7.79,0.7150000000000001,0.123,28.39,14.99,14.31,29.3,34.36,16.93,268.0,0.232,71.0,26.49,14.0,5.22,0.6639999999999999,0.148,28.52,15.66,13.7,29.35,35.55,21.65
746951,2024-06-11,2024,681082,L,676710,R,field_out,False,False,165.0,0.239,21.0,12.73,20.0,12.12,0.724,0.15200000000000002,16.21,6.91,21.62,28.53,26.89,10.88,474.0,0.28,76.0,16.03,26.0,5.49,0.753,0.1509999999999999,14.49,6.52,22.08,28.6,28.42,11.93,157.0,0.199,38.0,24.2,12.0,7.64,0.575,0.11299999999999999,20.83,10.82,14.98,25.79,31.32,21.35,259.0,0.209,64.0,24.71,22.0,8.49,0.675,0.188,25.14,12.52,14.19,26.72,28.47,19.34
746951,2024-06-11,2024,642086,L,554430,R,field_out,False,False,103.0,0.193,20.0,19.42,13.0,12.62,0.5720000000000001,0.068,24.02,11.23,15.93,27.15,29.5,20.2,414.0,0.263,62.0,14.98,33.0,7.97,0.736,0.135,19.9,10.09,14.56,24.65,32.27,13.42,165.0,0.234,39.0,23.64,18.0,10.91,0.714,0.159,25.23,12.3,13.32,25.62,28.0,18.22,414.0,0.261,90.0,21.74,25.0,6.04,0.722,0.1509999999999999,25.9,13.55,13.11,26.65,30.26,18.82
746951,2024-06-11,2024,665839,L,554430,R,field_out,False,False,104.0,0.219,27.0,25.96,5.0,4.81,0.688,0.219,21.78,10.6,18.07,28.67,30.52,19.42,133.0,0.28,32.0,24.06,7.0,5.26,0.806,0.2079999999999999,23.05,10.04,20.07,30.11,28.72,21.48,165.0,0.234,39.0,23.64,18.0,10.91,0.714,0.159,25.23,12.3,13.32,25.62,28.0,18.22,414.0,0.261,90.0,21.74,25.0,6.04,0.722,0.1509999999999999,25.9,13.55,13.11,26.65,30.26,18.82
746951,2024-06-11,2024,678882,R,554430,R,field_out,False,False,182.0,0.215,49.0,26.92,5.0,2.75,0.598,0.145,33.83,21.09,11.32,32.4,46.3,23.11,62.0,0.263,20.0,32.26,3.0,4.84,0.6739999999999999,0.1049999999999999,27.08,15.6,11.2,26.8,42.11,22.22,155.0,0.127,52.0,33.55,8.0,5.16,0.38,0.07,30.6,15.82,16.97,32.79,37.54,22.61,374.0,0.194,122.0,32.62,14.0,3.74,0.548,0.119,31.51,15.79,15.47,31.25,34.11,22.02
746951,2024-06-11,2024,624641,R,676710,R,strikeout,True,False,69.0,0.254,20.0,28.99,2.0,2.9,0.6799999999999999,0.127,38.22,21.58,10.07,31.65,44.17,21.28,176.0,0.239,41.0,23.3,5.0,2.84,0.669,0.148,29.23,17.12,12.31,29.43,41.96,19.16,154.0,0.261,33.0,21.43,12.0,7.79,0.7150000000000001,0.123,28.39,14.99,14.31,29.3,34.36,16.93,268.0,0.232,71.0,26.49,14.0,5.22,0.6639999999999999,0.148,28.52,15.66,13.7,29.35,35.55,21.65
746951,2024-06-11,2024,621311,L,676710,R,field_out,False,False,6.0,0.667,1.0,16.67,0.0,0.0,2.5,1.166,21.43,13.04,4.35,17.39,38.46,14.29,9.0,0.111,2.0,22.22,0.0,0.0,0.555,0.333,25.0,12.9,16.13,29.03,33.33,33.33,157.0,0.199,38.0,24.2,12.0,7.64,0.575,0.11299999999999999,20.83,10.82,14.98,25.79,31.32,21.35,259.0,0.209,64.0,24.71,22.0,8.49,0.675,0.188,25.14,12.52,14.19,26.72,28.47,19.34
746951,2024-06-11,2024,596117,L,676710,R,strikeout,True,False,35.0,0.194,7.0,20.0,4.0,11.43,0.512,0.032,26.79,12.71,20.34,33.05,31.15,25.0,94.0,0.19,22.0,23.4,7.0,7.45,0.5549999999999999,0.0959999999999999,24.71,11.35,19.19,30.54,31.94,18.8,157.0,0.199,38.0,24.2,12.0,7.64,0.575,0.11299999999999999,20.83,10.82,14.98,25.79,31.32,21.35,259.0,0.209,64.0,24.71,22.0,8.49,0.675,0.188,25.14,12.52,14.19,26.72,28.47,19.34
746951,2024-06-11,2024,680776,L,554430,R,field_out,False,False,214.0,0.282,45.0,21.03,17.0,7.94,0.879,0.25600000000000006,24.06,11.46,15.04,26.49,27.82,18.75,314.0,0.296,75.0,23.89,21.0,6.69,0.84,0.195,24.68,12.92,13.75,26.67,30.3,19.02,165.0,0.234,39.0,23.64,18.0,10.91,0.714,0.159,25.23,12.3,13.32,25.62,28.0,18.22,414.0,0.261,90.0,21.74,25.0,6.04,0.722,0.1509999999999999,25.9,13.55,13.11,26.65,30.26,18.82
746951,2024-06-11,2024,666152,L,554430,R,strikeout,True,False,110.0,0.287,28.0,25.45,8.0,7.27,0.8,0.16800000000000004,27.93,11.74,20.89,32.63,20.0,22.95,36.0,0.1,10.0,27.78,6.0,16.67,0.417,0.067,20.0,8.44,23.38,31.82,26.39,15.38,165.0,0.234,39.0,23.64,18.0,10.91,0.714,0.159,25.23,12.3,13.32,25.62,28.0,18.22,414.0,0.261,90.0,21.74,25.0,6.04,0.722,0.1509999999999999,25.9,13.55,13.11,26.65,30.26,18.82
746951,2024-06-11,2024,608701,R,554430,R,field_out,False,False,78.0,0.329,15.0,19.23,6.0,7.69,0.904,0.185,19.15,9.09,17.51,26.6,23.57,15.15,98.0,0.159,25.0,25.51,10.0,10.2,0.466,0.036,25.0,10.43,19.91,30.33,20.39,18.38,155.0,0.127,52.0,33.55,8.0,5.16,0.38,0.07,30.6,15.82,16.97,32.79,37.54,22.61,374.0,0.194,122.0,32.62,14.0,3.74,0.548,0.119,31.51,15.79,15.47,31.25,34.11,22.02
746951,2024-06-11,2024,679032,R,669711,R,strikeout,True,False,133.0,0.244,17.0,12.78,6.0,4.51,0.61,0.08100000000000002,22.87,10.83,19.32,30.15,32.6,13.08,100.0,0.281,23.0,23.0,4.0,4.0,0.76,0.1459999999999999,25.82,13.95,16.32,30.27,40.0,25.27,60.0,0.267,13.0,21.67,0.0,0.0,0.617,0.08299999999999996,18.75,8.97,19.66,28.63,31.19,20.0,54.0,0.261,12.0,22.22,6.0,11.11,0.7709999999999999,0.1519999999999999,21.28,8.77,19.3,28.07,18.18,17.19
746951,2024-06-11,2024,656941,L,669711,R,strikeout,True,False,169.0,0.17,50.0,29.59,28.0,16.57,0.634,0.156,33.56,13.84,15.11,28.95,22.88,23.67,469.0,0.201,128.0,27.29,85.0,18.12,0.848,0.296,31.18,11.75,19.66,31.41,21.53,23.1,50.0,0.273,16.0,32.0,5.0,10.0,0.9149999999999999,0.29499999999999993,25.89,13.24,14.16,27.4,33.64,20.51,33.0,0.29,10.0,30.3,2.0,6.06,0.752,0.129,39.29,18.33,16.67,35.0,25.81,35.71
746951,2024-06-11,2024,592206,R,669711,R,field_out,False,False,189.0,0.199,37.0,19.58,15.0,7.94,0.5680000000000001,0.09899999999999998,31.94,18.43,10.42,28.85,38.42,18.23,485.0,0.252,140.0,28.87,25.0,5.15,0.733,0.192,37.06,20.57,11.78,32.36,40.41,25.27,60.0,0.267,13.0,21.67,0.0,0.0,0.617,0.08299999999999996,18.75,8.97,19.66,28.63,31.19,20.0,54.0,0.261,12.0,22.22,6.0,11.11,0.7709999999999999,0.1519999999999999,21.28,8.77,19.3,28.07,18.18,17.19
746951,2024-06-11,2024,646240,L,554430,R,field_out,False,False,155.0,0.295,30.0,19.35,22.0,14.19,1.046,0.35700000000000004,23.91,11.23,12.97,24.21,30.82,16.04,469.0,0.27,89.0,18.98,51.0,10.87,0.863,0.235,25.44,13.04,9.74,22.78,33.05,15.06,165.0,0.234,39.0,23.64,18.0,10.91,0.714,0.159,25.23,12.3,13.32,25.62,28.0,18.22,414.0,0.261,90.0,21.74,25.0,6.04,0.722,0.1509999999999999,25.9,13.55,13.11,26.65,30.26,18.82
746951,2024-06-11,2024,807799,L,554430,R,field_out,False,False,71.0,0.302,9.0,12.68,5.0,7.04,0.768,0.09500000000000003,16.81,7.25,19.57,26.81,25.0,12.33,437.0,0.293,58.0,13.27,22.0,5.03,0.795,0.167,17.2,7.54,21.09,28.63,28.96,13.65,165.0,0.234,39.0,23.64,18.0,10.91,0.714,0.159,25.23,12.3,13.32,25.62,28.0,18.22,414.0,0.261,90.0,21.74,25.0,6.04,0.722,0.1509999999999999,25.9,13.55,13.11,26.65,30.26,18.82
746951,2024-06-11,2024,657136,R,554430,R,field_out,False,False,123.0,0.312,23.0,18.7,2.0,1.63,0.798,0.134,26.7,14.29,15.01,29.3,32.29,20.91,296.0,0.262,94.0,31.76,13.0,4.39,0.734,0.1669999999999999,32.08,16.95,15.14,32.09,35.28,27.01,155.0,0.127,52.0,33.55,8.0,5.16,0.38,0.07,30.6,15.82,16.97,32.79,37.54,22.61,374.0,0.194,122.0,32.62,14.0,3.74,0.548,0.119,31.51,15.79,15.47,31.25,34.11,22.02
746951,2024-06-11,2024,547180,L,592155,L,single,False,False,108.0,0.278,31.0,28.7,17.0,15.74,0.9,0.23299999999999998,32.88,16.29,11.16,27.46,32.79,23.66,171.0,0.289,39.0,22.81,20.0,11.7,0.884,0.221,38.61,20.03,9.85,29.89,35.59,22.41,36.0,0.257,10.0,27.78,1.0,2.78,0.649,0.11399999999999999,23.88,12.03,19.55,31.58,32.79,24.39,,,,,,,,,,,,,,
746951,2024-06-11,2024,664761,R,592155,L,grounded_into_double_play,False,False,90.0,0.262,10.0,11.11,6.0,6.67,0.728,0.15499999999999997,11.61,5.59,15.22,20.81,25.0,11.24,167.0,0.303,26.0,15.57,8.0,4.79,0.929,0.291,20.3,10.86,12.97,23.82,35.24,14.21,62.0,0.228,20.0,32.26,4.0,6.45,0.678,0.17600000000000002,33.59,19.11,15.11,34.22,43.14,32.26,,,,,,,,,,,,,,
746951,2024-06-11,2024,681082,L,592155,L,field_out,False,False,66.0,0.25,12.0,18.18,9.0,13.64,0.685,0.07100000000000001,16.49,6.02,24.44,30.45,15.7,16.22,167.0,0.282,24.0,14.37,13.0,7.78,0.73,0.101,17.59,7.8,22.11,29.91,32.56,10.39,36.0,0.257,10.0,27.78,1.0,2.78,0.649,0.11399999999999999,23.88,12.03,19.55,31.58,32.79,24.39,,,,,,,,,,,,,,
746951,2024-06-11,2024,642197,R,621381,L,strikeout,True,False,10.0,0.167,2.0,20.0,2.0,20.0,1.111,0.5,10.0,2.5,25.0,27.5,16.0,28.57,,,,,,,,,,,,,,,67.0,0.161,25.0,37.31,4.0,5.97,0.483,0.11300000000000002,24.85,13.36,16.29,29.64,33.08,19.38,253.0,0.214,77.0,30.43,19.0,7.51,0.671,0.183,28.04,14.1,15.88,29.98,27.99,24.6
746951,2024-06-11,2024,666915,R,621381,L,strikeout,True,False,28.0,0.12,14.0,50.0,3.0,10.71,0.33399999999999996,0.0,45.61,20.47,19.69,40.16,21.54,31.11,22.0,0.35,11.0,50.0,2.0,9.09,0.859,0.1,50.0,23.16,18.95,42.11,28.85,39.29,67.0,0.161,25.0,37.31,4.0,5.97,0.483,0.11300000000000002,24.85,13.36,16.29,29.64,33.08,19.38,253.0,0.214,77.0,30.43,19.0,7.51,0.671,0.183,28.04,14.1,15.88,29.98,27.99,24.6
746951,2024-06-11,2024,678882,R,621381,L,strikeout,True,False,58.0,0.204,18.0,31.03,3.0,5.17,0.616,0.166,34.45,19.07,14.88,33.95,41.44,26.87,27.0,0.192,8.0,29.63,1.0,3.7,0.645,0.2309999999999999,36.36,19.23,14.42,33.65,30.0,24.24,67.0,0.161,25.0,37.31,4.0,5.97,0.483,0.11300000000000002,24.85,13.36,16.29,29.64,33.08,19.38,253.0,0.214,77.0,30.43,19.0,7.51,0.671,0.183,28.04,14.1,15.88,29.98,27.99,24.6
746951,2024-06-11,2024,624641,R,502624,R,walk,False,True,69.0,0.254,20.0,28.99,2.0,2.9,0.6799999999999999,0.127,38.22,21.58,10.07,31.65,44.17,21.28,176.0,0.239,41.0,23.3,5.0,2.84,0.669,0.148,29.23,17.12,12.31,29.43,41.96,19.16,79.0,0.229,8.0,10.13,5.0,6.33,0.738,0.214,24.11,11.76,13.49,25.26,23.08,11.27,216.0,0.282,32.0,14.81,14.0,6.48,0.817,0.195,20.78,9.74,15.19,24.94,26.33,16.24
746951,2024-06-11,2024,621311,L,502624,R,field_out,False,False,6.0,0.667,1.0,16.67,0.0,0.0,2.5,1.166,21.43,13.04,4.35,17.39,38.46,14.29,9.0,0.111,2.0,22.22,0.0,0.0,0.555,0.333,25.0,12.9,16.13,29.03,33.33,33.33,68.0,0.2,10.0,14.71,7.0,10.29,0.584,0.09999999999999998,23.14,9.89,18.73,28.62,22.46,13.51,156.0,0.261,32.0,20.51,19.0,12.18,0.835,0.2089999999999999,22.48,10.16,13.55,23.71,24.6,16.67
746951,2024-06-11,2024,596117,L,502624,R,force_out,False,False,35.0,0.194,7.0,20.0,4.0,11.43,0.512,0.032,26.79,12.71,20.34,33.05,31.15,25.0,94.0,0.19,22.0,23.4,7.0,7.45,0.5549999999999999,0.0959999999999999,24.71,11.35,19.19,30.54,31.94,18.8,68.0,0.2,10.0,14.71,7.0,10.29,0.584,0.09999999999999998,23.14,9.89,18.73,28.62,22.46,13.51,156.0,0.261,32.0,20.51,19.0,12.18,0.835,0.2089999999999999,22.48,10.16,13.55,23.71,24.6,16.67
746951,2024-06-11,2024,679032,R,502624,R,field_out,False,False,133.0,0.244,17.0,12.78,6.0,4.51,0.61,0.08100000000000002,22.87,10.83,19.32,30.15,32.6,13.08,100.0,0.281,23.0,23.0,4.0,4.0,0.76,0.1459999999999999,25.82,13.95,16.32,30.27,40.0,25.27,79.0,0.229,8.0,10.13,5.0,6.33,0.738,0.214,24.11,11.76,13.49,25.26,23.08,11.27,216.0,0.282,32.0,14.81,14.0,6.48,0.817,0.195,20.78,9.74,15.19,24.94,26.33,16.24
746951,2024-06-11,2024,680776,L,621237,L,field_out,False,False,88.0,0.213,22.0,25.0,9.0,10.23,0.55,0.026999999999999996,26.32,11.27,20.28,31.55,29.67,21.36,49.0,0.289,15.0,30.61,3.0,6.12,0.749,0.133,24.44,10.73,20.0,30.73,27.27,25.86,34.0,0.097,8.0,23.53,3.0,8.82,0.305,0.032,26.67,13.45,21.01,34.45,40.0,21.62,47.0,0.217,13.0,27.66,0.0,0.0,0.521,0.087,14.81,7.02,22.81,29.82,36.84,27.66
746951,2024-06-11,2024,666152,L,621237,L,single,False,False,17.0,0.25,4.0,23.53,1.0,5.88,0.606,0.062,24.0,10.17,18.64,28.81,17.86,23.53,3.0,0.333,0.0,0.0,0.0,0.0,0.666,0.0,25.0,16.67,16.67,33.33,50.0,,34.0,0.097,8.0,23.53,3.0,8.82,0.305,0.032,26.67,13.45,21.01,34.45,40.0,21.62,47.0,0.217,13.0,27.66,0.0,0.0,0.521,0.087,14.81,7.02,22.81,29.82,36.84,27.66
746951,2024-06-11,2024,608701,R,621237,L,field_out,False,False,52.0,0.348,15.0,28.85,4.0,7.69,0.901,0.13,34.04,16.24,19.29,35.53,23.86,22.06,146.0,0.308,22.0,15.07,23.0,15.75,0.8280000000000001,0.092,21.59,8.39,20.38,28.77,17.59,13.66,81.0,0.243,23.0,28.4,9.0,11.11,0.676,0.10000000000000003,25.75,12.04,14.85,26.89,30.26,18.7,126.0,0.187,51.0,40.48,18.0,14.29,0.612,0.121,38.81,19.34,13.24,32.58,30.61,23.83
746951,2024-06-11,2024,646240,L,621237,L,strikeout,True,False,77.0,0.261,25.0,32.47,6.0,7.79,0.7150000000000001,0.11599999999999999,30.49,16.45,13.16,29.61,31.16,24.27,188.0,0.273,37.0,19.68,11.0,5.85,0.823,0.2149999999999999,27.74,14.71,11.61,26.32,30.93,15.19,34.0,0.097,8.0,23.53,3.0,8.82,0.305,0.032,26.67,13.45,21.01,34.45,40.0,21.62,47.0,0.217,13.0,27.66,0.0,0.0,0.521,0.087,14.81,7.02,22.81,29.82,36.84,27.66
745815,2024-06-11,2024,665862,L,656731,R,strikeout,True,False,179.0,0.253,42.0,23.46,16.0,8.94,0.768,0.191,28.36,13.22,14.03,27.25,29.66,20.69,290.0,0.275,91.0,31.38,20.0,6.9,0.8540000000000001,0.25,35.14,15.36,16.88,32.24,26.1,27.41,55.0,0.217,14.0,25.45,6.0,10.91,0.625,0.087,23.47,11.5,10.0,21.5,23.15,29.79,287.0,0.287,61.0,21.25,31.0,10.8,0.806,0.151,25.34,11.46,14.41,25.87,24.17,18.48
745815,2024-06-11,2024,650559,R,656731,R,hit_by_pitch,False,False,181.0,0.224,47.0,25.97,15.0,8.29,0.717,0.206,32.6,16.41,13.66,30.07,31.41,23.15,473.0,0.251,107.0,22.62,29.0,6.13,0.717,0.1689999999999999,28.95,14.54,15.93,30.47,34.61,18.71,35.0,0.219,10.0,28.57,3.0,8.57,0.567,0.06200000000000003,33.87,13.91,20.53,34.44,22.08,23.81,281.0,0.277,44.0,15.66,27.0,9.61,0.798,0.1649999999999999,21.37,9.49,16.31,25.81,22.89,15.17
745815,2024-06-11,2024,605137,L,656731,R,strikeout,True,False,182.0,0.28,36.0,19.78,10.0,5.49,0.754,0.13499999999999995,29.45,15.78,10.31,26.09,29.09,22.58,432.0,0.239,93.0,21.53,39.0,9.03,0.6970000000000001,0.148,24.59,11.57,13.95,25.52,28.11,20.58,55.0,0.217,14.0,25.45,6.0,10.91,0.625,0.087,23.47,11.5,10.0,21.5,23.15,29.79,287.0,0.287,61.0,21.25,31.0,10.8,0.806,0.151,25.34,11.46,14.41,25.87,24.17,18.48
745815,2024-06-11,2024,669394,R,656731,R,strikeout,True,False,121.0,0.254,31.0,25.62,6.0,4.96,0.701,0.15799999999999997,25.0,12.92,16.99,29.9,37.67,26.72,402.0,0.247,112.0,27.86,23.0,5.72,0.8,0.249,34.59,18.69,13.25,31.93,39.43,23.09,35.0,0.219,10.0,28.57,3.0,8.57,0.567,0.06200000000000003,33.87,13.91,20.53,34.44,22.08,23.81,281.0,0.277,44.0,15.66,27.0,9.61,0.798,0.1649999999999999,21.37,9.49,16.31,25.81,22.89,15.17
745815,2024-06-11,2024,596019,R,666200,L,field_out,False,False,68.0,0.295,5.0,7.35,4.0,5.88,0.909,0.24600000000000005,15.38,7.17,17.53,24.7,24.0,8.77,204.0,0.281,35.0,17.16,15.0,7.35,0.916,0.2919999999999999,20.49,9.45,15.99,25.44,24.88,16.36,190.0,0.231,41.0,21.58,14.0,7.37,0.651,0.13299999999999998,29.73,14.59,14.85,29.44,29.87,18.47,582.0,0.246,157.0,26.98,48.0,8.25,0.742,0.184,30.43,14.87,14.91,29.78,30.81,21.14
745815,2024-06-11,2024,624413,R,666200,L,strikeout,True,False,71.0,0.23,15.0,21.13,7.0,9.86,0.863,0.29500000000000004,19.85,9.28,14.78,24.05,27.03,16.13,183.0,0.224,42.0,22.95,21.0,11.48,0.859,0.302,25.52,11.15,17.51,28.66,27.34,16.87,190.0,0.231,41.0,21.58,14.0,7.37,0.651,0.13299999999999998,29.73,14.59,14.85,29.44,29.87,18.47,582.0,0.246,157.0,26.98,48.0,8.25,0.742,0.184,30.43,14.87,14.91,29.78,30.81,21.14
745815,2024-06-11,2024,607043,L,666200,L,strikeout,True,False,73.0,0.242,15.0,20.55,2.0,2.74,0.739,0.182,28.21,12.18,19.93,32.1,29.08,21.13,236.0,0.286,48.0,20.34,14.0,5.93,0.749,0.118,24.0,10.48,21.38,31.86,21.45,15.14,42.0,0.316,11.0,26.19,4.0,9.52,0.96,0.26299999999999996,34.62,16.67,14.81,31.48,26.14,23.4,159.0,0.215,51.0,32.08,7.0,4.4,0.6000000000000001,0.121,34.87,16.38,18.39,34.78,33.13,25.63
745815,2024-06-11,2024,660821,L,656731,R,double,False,False,165.0,0.258,36.0,21.82,10.0,6.06,0.692,0.119,25.23,13.76,12.58,26.34,36.48,19.05,353.0,0.258,93.0,26.35,36.0,10.2,0.805,0.21,29.33,14.21,14.01,28.21,30.32,20.53,55.0,0.217,14.0,25.45,6.0,10.91,0.625,0.087,23.47,11.5,10.0,21.5,23.15,29.79,287.0,0.287,61.0,21.25,31.0,10.8,0.806,0.151,25.34,11.46,14.41,25.87,24.17,18.48
745815,2024-06-11,2024,672640,R,656731,R,field_out,False,False,75.0,0.328,11.0,14.67,4.0,5.33,0.843,0.14999999999999997,19.12,10.36,13.15,23.51,30.25,16.67,,,,,,,,,,,,,,,35.0,0.219,10.0,28.57,3.0,8.57,0.567,0.06200000000000003,33.87,13.91,20.53,34.44,22.08,23.81,281.0,0.277,44.0,15.66,27.0,9.61,0.798,0.1649999999999999,21.37,9.49,16.31,25.81,22.89,15.17
745815,2024-06-11,2024,624503,L,656731,R,strikeout,True,False,151.0,0.238,33.0,21.85,6.0,3.97,0.638,0.133,30.03,18.13,10.28,28.41,45.17,19.76,83.0,0.16,10.0,12.05,1.0,1.2,0.48,0.149,20.99,12.19,10.39,22.58,38.35,12.82,55.0,0.217,14.0,25.45,6.0,10.91,0.625,0.087,23.47,11.5,10.0,21.5,23.15,29.79,287.0,0.287,61.0,21.25,31.0,10.8,0.806,0.151,25.34,11.46,14.41,25.87,24.17,18.48
745815,2024-06-11,2024,641313,R,656731,R,single,False,False,105.0,0.155,32.0,30.48,2.0,1.9,0.346,0.01999999999999999,32.23,16.67,16.42,33.09,38.28,24.62,396.0,0.226,95.0,23.99,21.0,5.3,0.538,0.04,26.05,13.64,14.67,28.31,36.05,20.88,35.0,0.219,10.0,28.57,3.0,8.57,0.567,0.06200000000000003,33.87,13.91,20.53,34.44,22.08,23.81,281.0,0.277,44.0,15.66,27.0,9.61,0.798,0.1649999999999999,21.37,9.49,16.31,25.81,22.89,15.17
745815,2024-06-11,2024,663743,R,656731,R,field_out,False,False,84.0,0.192,11.0,13.1,3.0,3.57,0.5229999999999999,0.08999999999999997,10.4,4.44,21.16,25.6,23.4,15.07,241.0,0.165,48.0,19.92,14.0,5.81,0.46,0.064,18.93,8.36,19.79,28.15,25.54,22.43,35.0,0.219,10.0,28.57,3.0,8.57,0.567,0.06200000000000003,33.87,13.91,20.53,34.44,22.08,23.81,281.0,0.277,44.0,15.66,27.0,9.61,0.798,0.1649999999999999,21.37,9.49,16.31,25.81,22.89,15.17
745815,2024-06-11,2024,502110,R,666200,L,hit_by_pitch,False,False,47.0,0.341,9.0,19.15,5.0,10.64,0.9630000000000001,0.196,20.2,10.05,11.06,21.11,31.53,13.64,137.0,0.274,43.0,31.39,13.0,9.49,0.924,0.3069999999999999,30.91,15.57,13.74,29.3,29.27,23.5,190.0,0.231,41.0,21.58,14.0,7.37,0.651,0.13299999999999998,29.73,14.59,14.85,29.44,29.87,18.47,582.0,0.246,157.0,26.98,48.0,8.25,0.742,0.184,30.43,14.87,14.91,29.78,30.81,21.14
745815,2024-06-11,2024,516782,R,666200,L,single,False,False,63.0,0.321,12.0,19.05,6.0,9.52,0.879,0.16099999999999998,27.82,14.4,12.84,27.24,30.47,12.63,96.0,0.273,18.0,18.75,5.0,5.21,0.66,0.068,25.99,13.29,13.87,27.17,35.98,20.22,190.0,0.231,41.0,21.58,14.0,7.37,0.651,0.13299999999999998,29.73,14.59,14.85,29.44,29.87,18.47,582.0,0.246,157.0,26.98,48.0,8.25,0.742,0.184,30.43,14.87,14.91,29.78,30.81,21.14
745815,2024-06-11,2024,668901,R,666200,L,double,False,False,41.0,0.389,7.0,17.07,5.0,12.2,1.213,0.361,25.64,13.89,10.42,24.31,31.71,20.0,88.0,0.214,30.0,34.09,2.0,2.27,0.584,0.1309999999999999,40.66,21.26,14.94,36.21,36.02,26.79,190.0,0.231,41.0,21.58,14.0,7.37,0.651,0.13299999999999998,29.73,14.59,14.85,29.44,29.87,18.47,582.0,0.246,157.0,26.98,48.0,8.25,0.742,0.184,30.43,14.87,14.91,29.78,30.81,21.14
745815,2024-06-11,2024,664056,R,666200,L,field_out,False,False,70.0,0.226,11.0,15.71,6.0,8.57,0.625,0.11300000000000002,21.6,10.27,17.49,27.76,35.59,16.18,97.0,0.299,14.0,14.43,8.0,8.25,0.936,0.2759999999999999,23.49,10.71,18.68,29.4,31.94,16.67,190.0,0.231,41.0,21.58,14.0,7.37,0.651,0.13299999999999998,29.73,14.59,14.85,29.44,29.87,18.47,582.0,0.246,157.0,26.98,48.0,8.25,0.742,0.184,30.43,14.87,14.91,29.78,30.81,21.14
745815,2024-06-11,2024,682626,R,666200,L,field_out,False,False,21.0,0.278,3.0,14.29,3.0,14.29,0.825,0.16599999999999998,18.18,7.32,18.29,25.61,25.0,13.04,148.0,0.171,37.0,25.0,17.0,11.49,0.611,0.17,31.2,13.76,14.26,28.03,23.72,22.7,190.0,0.231,41.0,21.58,14.0,7.37,0.651,0.13299999999999998,29.73,14.59,14.85,29.44,29.87,18.47,582.0,0.246,157.0,26.98,48.0,8.25,0.742,0.184,30.43,14.87,14.91,29.78,30.81,21.14
745815,2024-06-11,2024,578428,R,666200,L,hit_by_pitch,False,False,15.0,0.467,3.0,20.0,0.0,0.0,1.067,0.13299999999999995,33.33,18.18,18.18,36.36,45.45,27.27,,,,,,,,,,,,,,,190.0,0.231,41.0,21.58,14.0,7.37,0.651,0.13299999999999998,29.73,14.59,14.85,29.44,29.87,18.47,582.0,0.246,157.0,26.98,48.0,8.25,0.742,0.184,30.43,14.87,14.91,29.78,30.81,21.14
745815,2024-06-11,2024,596019,R,666200,L,field_out,False,False,68.0,0.295,5.0,7.35,4.0,5.88,0.909,0.24600000000000005,15.38,7.17,17.53,24.7,24.0,8.77,204.0,0.281,35.0,17.16,15.0,7.35,0.916,0.2919999999999999,20.49,9.45,15.99,25.44,24.88,16.36,190.0,0.231,41.0,21.58,14.0,7.37,0.651,0.13299999999999998,29.73,14.59,14.85,29.44,29.87,18.47,582.0,0.246,157.0,26.98,48.0,8.25,0.742,0.184,30.43,14.87,14.91,29.78,30.81,21.14
745815,2024-06-11,2024,665862,L,656731,R,strikeout,True,False,179.0,0.253,42.0,23.46,16.0,8.94,0.768,0.191,28.36,13.22,14.03,27.25,29.66,20.69,290.0,0.275,91.0,31.38,20.0,6.9,0.8540000000000001,0.25,35.14,15.36,16.88,32.24,26.1,27.41,55.0,0.217,14.0,25.45,6.0,10.91,0.625,0.087,23.47,11.5,10.0,21.5,23.15,29.79,287.0,0.287,61.0,21.25,31.0,10.8,0.806,0.151,25.34,11.46,14.41,25.87,24.17,18.48
745815,2024-06-11,2024,650559,R,656731,R,strikeout,True,False,181.0,0.224,47.0,25.97,15.0,8.29,0.717,0.206,32.6,16.41,13.66,30.07,31.41,23.15,473.0,0.251,107.0,22.62,29.0,6.13,0.717,0.1689999999999999,28.95,14.54,15.93,30.47,34.61,18.71,35.0,0.219,10.0,28.57,3.0,8.57,0.567,0.06200000000000003,33.87,13.91,20.53,34.44,22.08,23.81,281.0,0.277,44.0,15.66,27.0,9.61,0.798,0.1649999999999999,21.37,9.49,16.31,25.81,22.89,15.17
745815,2024-06-11,2024,605137,L,656731,R,walk,False,True,182.0,0.28,36.0,19.78,10.0,5.49,0.754,0.13499999999999995,29.45,15.78,10.31,26.09,29.09,22.58,432.0,0.239,93.0,21.53,39.0,9.03,0.6970000000000001,0.148,24.59,11.57,13.95,25.52,28.11,20.58,55.0,0.217,14.0,25.45,6.0,10.91,0.625,0.087,23.47,11.5,10.0,21.5,23.15,29.79,287.0,0.287,61.0,21.25,31.0,10.8,0.806,0.151,25.34,11.46,14.41,25.87,24.17,18.48
745815,2024-06-11,2024,669394,R,656731,R,strikeout,True,False,121.0,0.254,31.0,25.62,6.0,4.96,0.701,0.15799999999999997,25.0,12.92,16.99,29.9,37.67,26.72,402.0,0.247,112.0,27.86,23.0,5.72,0.8,0.249,34.59,18.69,13.25,31.93,39.43,23.09,35.0,0.219,10.0,28.57,3.0,8.57,0.567,0.06200000000000003,33.87,13.91,20.53,34.44,22.08,23.81,281.0,0.277,44.0,15.66,27.0,9.61,0.798,0.1649999999999999,21.37,9.49,16.31,25.81,22.89,15.17
745815,2024-06-11,2024,624413,R,666200,L,strikeout,True,False,71.0,0.23,15.0,21.13,7.0,9.86,0.863,0.29500000000000004,19.85,9.28,14.78,24.05,27.03,16.13,183.0,0.224,42.0,22.95,21.0,11.48,0.859,0.302,25.52,11.15,17.51,28.66,27.34,16.87,190.0,0.231,41.0,21.58,14.0,7.37,0.651,0.13299999999999998,29.73,14.59,14.85,29.44,29.87,18.47,582.0,0.246,157.0,26.98,48.0,8.25,0.742,0.184,30.43,14.87,14.91,29.78,30.81,21.14
745815,2024-06-11,2024,607043,L,666200,L,field_out,False,False,73.0,0.242,15.0,20.55,2.0,2.74,0.739,0.182,28.21,12.18,19.93,32.1,29.08,21.13,236.0,0.286,48.0,20.34,14.0,5.93,0.749,0.118,24.0,10.48,21.38,31.86,21.45,15.14,42.0,0.316,11.0,26.19,4.0,9.52,0.96,0.26299999999999996,34.62,16.67,14.81,31.48,26.14,23.4,159.0,0.215,51.0,32.08,7.0,4.4,0.6000000000000001,0.121,34.87,16.38,18.39,34.78,33.13,25.63
745815,2024-06-11,2024,502110,R,666200,L,walk,False,True,47.0,0.341,9.0,19.15,5.0,10.64,0.9630000000000001,0.196,20.2,10.05,11.06,21.11,31.53,13.64,137.0,0.274,43.0,31.39,13.0,9.49,0.924,0.3069999999999999,30.91,15.57,13.74,29.3,29.27,23.5,190.0,0.231,41.0,21.58,14.0,7.37,0.651,0.13299999999999998,29.73,14.59,14.85,29.44,29.87,18.47,582.0,0.246,157.0,26.98,48.0,8.25,0.742,0.184,30.43,14.87,14.91,29.78,30.81,21.14
745815,2024-06-11,2024,516782,R,666200,L,field_out,False,False,63.0,0.321,12.0,19.05,6.0,9.52,0.879,0.16099999999999998,27.82,14.4,12.84,27.24,30.47,12.63,96.0,0.273,18.0,18.75,5.0,5.21,0.66,0.068,25.99,13.29,13.87,27.17,35.98,20.22,190.0,0.231,41.0,21.58,14.0,7.37,0.651,0.13299999999999998,29.73,14.59,14.85,29.44,29.87,18.47,582.0,0.246,157.0,26.98,48.0,8.25,0.742,0.184,30.43,14.87,14.91,29.78,30.81,21.14
745815,2024-06-11,2024,660821,L,656731,R,strikeout,True,False,165.0,0.258,36.0,21.82,10.0,6.06,0.692,0.119,25.23,13.76,12.58,26.34,36.48,19.05,353.0,0.258,93.0,26.35,36.0,10.2,0.805,0.21,29.33,14.21,14.01,28.21,30.32,20.53,55.0,0.217,14.0,25.45,6.0,10.91,0.625,0.087,23.47,11.5,10.0,21.5,23.15,29.79,287.0,0.287,61.0,21.25,31.0,10.8,0.806,0.151,25.34,11.46,14.41,25.87,24.17,18.48
745815,2024-06-11,2024,672640,R,656731,R,field_out,False,False,75.0,0.328,11.0,14.67,4.0,5.33,0.843,0.14999999999999997,19.12,10.36,13.15,23.51,30.25,16.67,,,,,,,,,,,,,,,35.0,0.219,10.0,28.57,3.0,8.57,0.567,0.06200000000000003,33.87,13.91,20.53,34.44,22.08,23.81,281.0,0.277,44.0,15.66,27.0,9.61,0.798,0.1649999999999999,21.37,9.49,16.31,25.81,22.89,15.17
745815,2024-06-11,2024,624503,L,656731,R,field_out,False,False,151.0,0.238,33.0,21.85,6.0,3.97,0.638,0.133,30.03,18.13,10.28,28.41,45.17,19.76,83.0,0.16,10.0,12.05,1.0,1.2,0.48,0.149,20.99,12.19,10.39,22.58,38.35,12.82,55.0,0.217,14.0,25.45,6.0,10.91,0.625,0.087,23.47,11.5,10.0,21.5,23.15,29.79,287.0,0.287,61.0,21.25,31.0,10.8,0.806,0.151,25.34,11.46,14.41,25.87,24.17,18.48
745815,2024-06-11,2024,668901,R,666200,L,field_out,False,False,41.0,0.389,7.0,17.07,5.0,12.2,1.213,0.361,25.64,13.89,10.42,24.31,31.71,20.0,88.0,0.214,30.0,34.09,2.0,2.27,0.584,0.1309999999999999,40.66,21.26,14.94,36.21,36.02,26.79,190.0,0.231,41.0,21.58,14.0,7.37,0.651,0.13299999999999998,29.73,14.59,14.85,29.44,29.87,18.47,582.0,0.246,157.0,26.98,48.0,8.25,0.742,0.184,30.43,14.87,14.91,29.78,30.81,21.14
745815,2024-06-11,2024,664056,R,666200,L,field_out,False,False,70.0,0.226,11.0,15.71,6.0,8.57,0.625,0.11300000000000002,21.6,10.27,17.49,27.76,35.59,16.18,97.0,0.299,14.0,14.43,8.0,8.25,0.936,0.2759999999999999,23.49,10.71,18.68,29.4,31.94,16.67,190.0,0.231,41.0,21.58,14.0,7.37,0.651,0.13299999999999998,29.73,14.59,14.85,29.44,29.87,18.47,582.0,0.246,157.0,26.98,48.0,8.25,0.742,0.184,30.43,14.87,14.91,29.78,30.81,21.14
745815,2024-06-11,2024,682626,R,666200,L,field_out,False,False,21.0,0.278,3.0,14.29,3.0,14.29,0.825,0.16599999999999998,18.18,7.32,18.29,25.61,25.0,13.04,148.0,0.171,37.0,25.0,17.0,11.49,0.611,0.17,31.2,13.76,14.26,28.03,23.72,22.7,190.0,0.231,41.0,21.58,14.0,7.37,0.651,0.13299999999999998,29.73,14.59,14.85,29.44,29.87,18.47,582.0,0.246,157.0,26.98,48.0,8.25,0.742,0.184,30.43,14.87,14.91,29.78,30.81,21.14
745815,2024-06-11,2024,641313,R,656731,R,single,False,False,105.0,0.155,32.0,30.48,2.0,1.9,0.346,0.01999999999999999,32.23,16.67,16.42,33.09,38.28,24.62,396.0,0.226,95.0,23.99,21.0,5.3,0.538,0.04,26.05,13.64,14.67,28.31,36.05,20.88,35.0,0.219,10.0,28.57,3.0,8.57,0.567,0.06200000000000003,33.87,13.91,20.53,34.44,22.08,23.81,281.0,0.277,44.0,15.66,27.0,9.61,0.798,0.1649999999999999,21.37,9.49,16.31,25.81,22.89,15.17
745815,2024-06-11,2024,663743,R,656731,R,field_out,False,False,84.0,0.192,11.0,13.1,3.0,3.57,0.5229999999999999,0.08999999999999997,10.4,4.44,21.16,25.6,23.4,15.07,241.0,0.165,48.0,19.92,14.0,5.81,0.46,0.064,18.93,8.36,19.79,28.15,25.54,22.43,35.0,0.219,10.0,28.57,3.0,8.57,0.567,0.06200000000000003,33.87,13.91,20.53,34.44,22.08,23.81,281.0,0.277,44.0,15.66,27.0,9.61,0.798,0.1649999999999999,21.37,9.49,16.31,25.81,22.89,15.17
745815,2024-06-11,2024,665862,L,656731,R,walk,False,True,179.0,0.253,42.0,23.46,16.0,8.94,0.768,0.191,28.36,13.22,14.03,27.25,29.66,20.69,290.0,0.275,91.0,31.38,20.0,6.9,0.8540000000000001,0.25,35.14,15.36,16.88,32.24,26.1,27.41,55.0,0.217,14.0,25.45,6.0,10.91,0.625,0.087,23.47,11.5,10.0,21.5,23.15,29.79,287.0,0.287,61.0,21.25,31.0,10.8,0.806,0.151,25.34,11.46,14.41,25.87,24.17,18.48
745815,2024-06-11,2024,650559,R,656731,R,double,False,False,181.0,0.224,47.0,25.97,15.0,8.29,0.717,0.206,32.6,16.41,13.66,30.07,31.41,23.15,473.0,0.251,107.0,22.62,29.0,6.13,0.717,0.1689999999999999,28.95,14.54,15.93,30.47,34.61,18.71,35.0,0.219,10.0,28.57,3.0,8.57,0.567,0.06200000000000003,33.87,13.91,20.53,34.44,22.08,23.81,281.0,0.277,44.0,15.66,27.0,9.61,0.798,0.1649999999999999,21.37,9.49,16.31,25.81,22.89,15.17
745815,2024-06-11,2024,605137,L,656731,R,field_out,False,False,182.0,0.28,36.0,19.78,10.0,5.49,0.754,0.13499999999999995,29.45,15.78,10.31,26.09,29.09,22.58,432.0,0.239,93.0,21.53,39.0,9.03,0.6970000000000001,0.148,24.59,11.57,13.95,25.52,28.11,20.58,55.0,0.217,14.0,25.45,6.0,10.91,0.625,0.087,23.47,11.5,10.0,21.5,23.15,29.79,287.0,0.287,61.0,21.25,31.0,10.8,0.806,0.151,25.34,11.46,14.41,25.87,24.17,18.48
745815,2024-06-11,2024,669394,R,656731,R,single,False,False,121.0,0.254,31.0,25.62,6.0,4.96,0.701,0.15799999999999997,25.0,12.92,16.99,29.9,37.67,26.72,402.0,0.247,112.0,27.86,23.0,5.72,0.8,0.249,34.59,18.69,13.25,31.93,39.43,23.09,35.0,0.219,10.0,28.57,3.0,8.57,0.567,0.06200000000000003,33.87,13.91,20.53,34.44,22.08,23.81,281.0,0.277,44.0,15.66,27.0,9.61,0.798,0.1649999999999999,21.37,9.49,16.31,25.81,22.89,15.17
745815,2024-06-11,2024,660821,L,664849,L,strikeout,True,False,26.0,0.12,4.0,15.38,0.0,0.0,0.24,0.0,27.08,18.06,11.11,29.17,51.52,22.22,50.0,0.213,15.0,30.0,2.0,4.0,0.5640000000000001,0.106,36.46,18.82,18.82,37.63,40.62,23.73,9.0,0.25,4.0,44.44,1.0,11.11,0.583,0.0,40.0,15.79,18.42,34.21,35.0,50.0,15.0,0.308,5.0,33.33,1.0,6.67,0.785,0.077,24.0,10.17,25.42,35.59,23.08,29.41
745815,2024-06-11,2024,578428,R,666200,L,single,False,False,15.0,0.467,3.0,20.0,0.0,0.0,1.067,0.13299999999999995,33.33,18.18,18.18,36.36,45.45,27.27,,,,,,,,,,,,,,,190.0,0.231,41.0,21.58,14.0,7.37,0.651,0.13299999999999998,29.73,14.59,14.85,29.44,29.87,18.47,582.0,0.246,157.0,26.98,48.0,8.25,0.742,0.184,30.43,14.87,14.91,29.78,30.81,21.14
745815,2024-06-11,2024,596019,R,666200,L,grounded_into_double_play,False,False,68.0,0.295,5.0,7.35,4.0,5.88,0.909,0.24600000000000005,15.38,7.17,17.53,24.7,24.0,8.77,204.0,0.281,35.0,17.16,15.0,7.35,0.916,0.2919999999999999,20.49,9.45,15.99,25.44,24.88,16.36,190.0,0.231,41.0,21.58,14.0,7.37,0.651,0.13299999999999998,29.73,14.59,14.85,29.44,29.87,18.47,582.0,0.246,157.0,26.98,48.0,8.25,0.742,0.184,30.43,14.87,14.91,29.78,30.81,21.14
745815,2024-06-11,2024,624413,R,666200,L,field_out,False,False,71.0,0.23,15.0,21.13,7.0,9.86,0.863,0.29500000000000004,19.85,9.28,14.78,24.05,27.03,16.13,183.0,0.224,42.0,22.95,21.0,11.48,0.859,0.302,25.52,11.15,17.51,28.66,27.34,16.87,190.0,0.231,41.0,21.58,14.0,7.37,0.651,0.13299999999999998,29.73,14.59,14.85,29.44,29.87,18.47,582.0,0.246,157.0,26.98,48.0,8.25,0.742,0.184,30.43,14.87,14.91,29.78,30.81,21.14
745815,2024-06-11,2024,672640,R,664849,L,field_out,False,False,29.0,0.214,6.0,20.69,0.0,0.0,0.5,0.07199999999999998,21.21,14.29,12.24,26.53,56.86,16.67,,,,,,,,,,,,,,,23.0,0.15,7.0,30.43,3.0,13.04,0.661,0.25,42.86,18.29,20.73,39.02,43.4,30.43,20.0,0.176,6.0,30.0,1.0,5.0,0.476,0.0,33.33,13.16,21.05,34.21,27.27,26.09
745815,2024-06-11,2024,624503,L,664849,L,field_out,False,False,15.0,0.2,3.0,20.0,0.0,0.0,0.667,0.267,25.0,14.29,17.86,32.14,50.0,14.29,10.0,0.3,1.0,10.0,0.0,0.0,0.7,0.1,20.0,12.9,9.68,22.58,50.0,12.5,9.0,0.25,4.0,44.44,1.0,11.11,0.583,0.0,40.0,15.79,18.42,34.21,35.0,50.0,15.0,0.308,5.0,33.33,1.0,6.67,0.785,0.077,24.0,10.17,25.42,35.59,23.08,29.41
745815,2024-06-11,2024,641313,R,656887,R,field_out,False,False,105.0,0.155,32.0,30.48,2.0,1.9,0.346,0.01999999999999999,32.23,16.67,16.42,33.09,38.28,24.62,396.0,0.226,95.0,23.99,21.0,5.3,0.538,0.04,26.05,13.64,14.67,28.31,36.05,20.88,46.0,0.211,11.0,23.91,8.0,17.39,0.585,0.025999999999999995,27.85,11.58,21.58,33.16,18.81,20.37,16.0,0.083,6.0,37.5,3.0,18.75,0.417,0.084,31.03,12.33,24.66,36.99,20.0,25.0
745815,2024-06-11,2024,607043,L,666200,L,strikeout,True,False,73.0,0.242,15.0,20.55,2.0,2.74,0.739,0.182,28.21,12.18,19.93,32.1,29.08,21.13,236.0,0.286,48.0,20.34,14.0,5.93,0.749,0.118,24.0,10.48,21.38,31.86,21.45,15.14,42.0,0.316,11.0,26.19,4.0,9.52,0.96,0.26299999999999996,34.62,16.67,14.81,31.48,26.14,23.4,159.0,0.215,51.0,32.08,7.0,4.4,0.6000000000000001,0.121,34.87,16.38,18.39,34.78,33.13,25.63
745815,2024-06-11,2024,502110,R,666200,L,field_out,False,False,47.0,0.341,9.0,19.15,5.0,10.64,0.9630000000000001,0.196,20.2,10.05,11.06,21.11,31.53,13.64,137.0,0.274,43.0,31.39,13.0,9.49,0.924,0.3069999999999999,30.91,15.57,13.74,29.3,29.27,23.5,190.0,0.231,41.0,21.58,14.0,7.37,0.651,0.13299999999999998,29.73,14.59,14.85,29.44,29.87,18.47,582.0,0.246,157.0,26.98,48.0,8.25,0.742,0.184,30.43,14.87,14.91,29.78,30.81,21.14
745815,2024-06-11,2024,516782,R,666200,L,single,False,False,63.0,0.321,12.0,19.05,6.0,9.52,0.879,0.16099999999999998,27.82,14.4,12.84,27.24,30.47,12.63,96.0,0.273,18.0,18.75,5.0,5.21,0.66,0.068,25.99,13.29,13.87,27.17,35.98,20.22,190.0,0.231,41.0,21.58,14.0,7.37,0.651,0.13299999999999998,29.73,14.59,14.85,29.44,29.87,18.47,582.0,0.246,157.0,26.98,48.0,8.25,0.742,0.184,30.43,14.87,14.91,29.78,30.81,21.14
745815,2024-06-11,2024,668901,R,669622,R,field_out,False,False,39.0,0.257,9.0,23.08,3.0,7.69,0.737,0.172,38.24,18.44,17.02,35.46,30.99,25.0,145.0,0.209,41.0,28.28,8.0,5.52,0.643,0.172,34.08,18.24,17.03,35.27,36.73,29.93,67.0,0.262,19.0,28.36,3.0,4.48,0.7050000000000001,0.11499999999999999,25.95,11.26,21.85,33.11,29.25,16.67,,,,,,,,,,,,,,
745815,2024-06-11,2024,663743,R,656887,R,field_out,False,False,84.0,0.192,11.0,13.1,3.0,3.57,0.5229999999999999,0.08999999999999997,10.4,4.44,21.16,25.6,23.4,15.07,241.0,0.165,48.0,19.92,14.0,5.81,0.46,0.064,18.93,8.36,19.79,28.15,25.54,22.43,46.0,0.211,11.0,23.91,8.0,17.39,0.585,0.025999999999999995,27.85,11.58,21.58,33.16,18.81,20.37,16.0,0.083,6.0,37.5,3.0,18.75,0.417,0.084,31.03,12.33,24.66,36.99,20.0,25.0
745815,2024-06-11,2024,665862,L,656887,R,field_out,False,False,179.0,0.253,42.0,23.46,16.0,8.94,0.768,0.191,28.36,13.22,14.03,27.25,29.66,20.69,290.0,0.275,91.0,31.38,20.0,6.9,0.8540000000000001,0.25,35.14,15.36,16.88,32.24,26.1,27.41,29.0,0.182,10.0,34.48,5.0,17.24,0.548,0.04500000000000001,35.85,15.45,17.07,32.52,25.0,27.78,18.0,0.2,10.0,55.56,3.0,16.67,0.533,0.0,46.67,22.83,15.22,38.04,33.96,25.0
745815,2024-06-11,2024,650559,R,656887,R,strikeout,True,False,181.0,0.224,47.0,25.97,15.0,8.29,0.717,0.206,32.6,16.41,13.66,30.07,31.41,23.15,473.0,0.251,107.0,22.62,29.0,6.13,0.717,0.1689999999999999,28.95,14.54,15.93,30.47,34.61,18.71,46.0,0.211,11.0,23.91,8.0,17.39,0.585,0.025999999999999995,27.85,11.58,21.58,33.16,18.81,20.37,16.0,0.083,6.0,37.5,3.0,18.75,0.417,0.084,31.03,12.33,24.66,36.99,20.0,25.0
745815,2024-06-11,2024,621466,L,669622,R,walk,False,True,118.0,0.2,25.0,21.19,19.0,16.1,0.715,0.16799999999999998,29.57,11.8,16.52,28.33,13.54,20.33,136.0,0.273,43.0,31.62,10.0,7.35,0.92,0.3059999999999999,35.89,18.63,10.49,29.11,25.44,24.85,44.0,0.263,9.0,20.45,5.0,11.36,0.759,0.132,21.92,9.47,17.16,26.63,27.38,18.0,,,,,,,,,,,,,,
745815,2024-06-11,2024,682626,R,669622,R,field_out,False,False,38.0,0.216,11.0,28.95,1.0,2.63,0.5609999999999999,0.10800000000000001,41.77,24.09,13.87,37.96,40.32,22.92,275.0,0.229,73.0,26.55,17.0,6.18,0.7769999999999999,0.257,32.18,14.61,18.33,32.94,27.78,26.07,67.0,0.262,19.0,28.36,3.0,4.48,0.7050000000000001,0.11499999999999999,25.95,11.26,21.85,33.11,29.25,16.67,,,,,,,,,,,,,,
745815,2024-06-11,2024,643446,L,677053,L,strikeout,True,False,71.0,0.269,8.0,11.27,3.0,4.23,0.653,0.07400000000000001,13.08,6.61,11.67,18.29,25.0,11.94,201.0,0.294,17.0,8.46,14.0,6.97,0.753,0.09,12.21,6.17,14.39,20.56,24.68,10.37,41.0,0.189,14.0,34.15,2.0,4.88,0.46799999999999997,0.05399999999999999,35.79,19.43,10.86,30.29,37.37,24.56,85.0,0.158,30.0,35.29,9.0,10.59,0.55,0.145,36.02,16.81,16.23,33.04,29.94,28.04
745815,2024-06-11,2024,596019,R,677053,L,field_out,False,False,68.0,0.295,5.0,7.35,4.0,5.88,0.909,0.24600000000000005,15.38,7.17,17.53,24.7,24.0,8.77,204.0,0.281,35.0,17.16,15.0,7.35,0.916,0.2919999999999999,20.49,9.45,15.99,25.44,24.88,16.36,64.0,0.31,16.0,25.0,5.0,7.81,0.909,0.22400000000000003,25.35,13.43,14.93,28.36,35.97,17.98,152.0,0.244,43.0,28.29,12.0,7.89,0.7250000000000001,0.156,25.08,13.04,14.17,27.21,33.33,18.53
745815,2024-06-11,2024,605137,L,622098,R,field_out,False,False,182.0,0.28,36.0,19.78,10.0,5.49,0.754,0.13499999999999995,29.45,15.78,10.31,26.09,29.09,22.58,432.0,0.239,93.0,21.53,39.0,9.03,0.6970000000000001,0.148,24.59,11.57,13.95,25.52,28.11,20.58,20.0,0.294,5.0,25.0,3.0,15.0,0.812,0.118,35.14,17.33,12.0,29.33,27.5,16.67,102.0,0.247,27.0,26.47,14.0,13.73,0.8,0.2,26.51,12.61,13.5,26.11,27.27,18.62
745815,2024-06-11,2024,669394,R,622098,R,strikeout,True,False,121.0,0.254,31.0,25.62,6.0,4.96,0.701,0.15799999999999997,25.0,12.92,16.99,29.9,37.67,26.72,402.0,0.247,112.0,27.86,23.0,5.72,0.8,0.249,34.59,18.69,13.25,31.93,39.43,23.09,32.0,0.231,7.0,21.88,5.0,15.62,0.6519999999999999,0.07699999999999999,23.38,12.33,11.64,23.97,23.53,14.0,142.0,0.236,33.0,23.24,15.0,10.56,0.777,0.203,25.69,11.73,15.53,27.26,25.36,15.87
745815,2024-06-11,2024,660821,L,622098,R,strikeout,True,False,165.0,0.258,36.0,21.82,10.0,6.06,0.692,0.119,25.23,13.76,12.58,26.34,36.48,19.05,353.0,0.258,93.0,26.35,36.0,10.2,0.805,0.21,29.33,14.21,14.01,28.21,30.32,20.53,20.0,0.294,5.0,25.0,3.0,15.0,0.812,0.118,35.14,17.33,12.0,29.33,27.5,16.67,102.0,0.247,27.0,26.47,14.0,13.73,0.8,0.2,26.51,12.61,13.5,26.11,27.27,18.62
745815,2024-06-11,2024,624413,R,656945,L,field_out,False,False,71.0,0.23,15.0,21.13,7.0,9.86,0.863,0.29500000000000004,19.85,9.28,14.78,24.05,27.03,16.13,183.0,0.224,42.0,22.95,21.0,11.48,0.859,0.302,25.52,11.15,17.51,28.66,27.34,16.87,80.0,0.156,21.0,26.25,12.0,15.0,0.492,0.047000000000000014,32.21,15.64,15.96,31.6,33.55,23.6,207.0,0.19,65.0,31.4,13.0,6.28,0.5,0.0529999999999999,32.79,17.6,15.73,33.33,40.1,24.9
745815,2024-06-11,2024,607043,L,656945,L,strikeout,True,False,73.0,0.242,15.0,20.55,2.0,2.74,0.739,0.182,28.21,12.18,19.93,32.1,29.08,21.13,236.0,0.286,48.0,20.34,14.0,5.93,0.749,0.118,24.0,10.48,21.38,31.86,21.45,15.14,31.0,0.13,6.0,19.35,7.0,22.58,0.55,0.087,28.57,12.21,13.74,25.95,20.29,14.63,100.0,0.193,39.0,39.0,11.0,11.0,0.587,0.1139999999999999,43.85,19.57,19.81,39.38,26.13,31.2
745815,2024-06-11,2024,502110,R,656945,L,field_out,False,False,47.0,0.341,9.0,19.15,5.0,10.64,0.9630000000000001,0.196,20.2,10.05,11.06,21.11,31.53,13.64,137.0,0.274,43.0,31.39,13.0,9.49,0.924,0.3069999999999999,30.91,15.57,13.74,29.3,29.27,23.5,80.0,0.156,21.0,26.25,12.0,15.0,0.492,0.047000000000000014,32.21,15.64,15.96,31.6,33.55,23.6,207.0,0.19,65.0,31.4,13.0,6.28,0.5,0.0529999999999999,32.79,17.6,15.73,33.33,40.1,24.9
745815,2024-06-11,2024,672640,R,493603,R,single,False,False,75.0,0.328,11.0,14.67,4.0,5.33,0.843,0.14999999999999997,19.12,10.36,13.15,23.51,30.25,16.67,,,,,,,,,,,,,,,59.0,0.226,20.0,33.9,4.0,6.78,0.595,0.07599999999999998,23.91,9.78,24.0,33.78,26.61,28.17,161.0,0.203,37.0,22.98,14.0,8.7,0.581,0.072,23.79,9.42,23.0,32.43,25.31,19.89
745815,2024-06-11,2024,624503,L,493603,R,sac_fly,False,False,151.0,0.238,33.0,21.85,6.0,3.97,0.638,0.133,30.03,18.13,10.28,28.41,45.17,19.76,83.0,0.16,10.0,12.05,1.0,1.2,0.48,0.149,20.99,12.19,10.39,22.58,38.35,12.82,45.0,0.263,12.0,26.67,5.0,11.11,0.904,0.263,31.33,15.03,19.65,34.68,35.87,22.64,100.0,0.217,25.0,25.0,15.0,15.0,0.789,0.229,29.28,12.96,16.63,29.58,29.03,21.74
745815,2024-06-11,2024,641313,R,493603,R,strikeout,True,False,105.0,0.155,32.0,30.48,2.0,1.9,0.346,0.01999999999999999,32.23,16.67,16.42,33.09,38.28,24.62,396.0,0.226,95.0,23.99,21.0,5.3,0.538,0.04,26.05,13.64,14.67,28.31,36.05,20.88,59.0,0.226,20.0,33.9,4.0,6.78,0.595,0.07599999999999998,23.91,9.78,24.0,33.78,26.61,28.17,161.0,0.203,37.0,22.98,14.0,8.7,0.581,0.072,23.79,9.42,23.0,32.43,25.31,19.89
745815,2024-06-11,2024,663743,R,493603,R,field_out,False,False,84.0,0.192,11.0,13.1,3.0,3.57,0.5229999999999999,0.08999999999999997,10.4,4.44,21.16,25.6,23.4,15.07,241.0,0.165,48.0,19.92,14.0,5.81,0.46,0.064,18.93,8.36,19.79,28.15,25.54,22.43,59.0,0.226,20.0,33.9,4.0,6.78,0.595,0.07599999999999998,23.91,9.78,24.0,33.78,26.61,28.17,161.0,0.203,37.0,22.98,14.0,8.7,0.581,0.072,23.79,9.42,23.0,32.43,25.31,19.89
745815,2024-06-11,2024,516782,R,656945,L,strikeout,True,False,63.0,0.321,12.0,19.05,6.0,9.52,0.879,0.16099999999999998,27.82,14.4,12.84,27.24,30.47,12.63,96.0,0.273,18.0,18.75,5.0,5.21,0.66,0.068,25.99,13.29,13.87,27.17,35.98,20.22,80.0,0.156,21.0,26.25,12.0,15.0,0.492,0.047000000000000014,32.21,15.64,15.96,31.6,33.55,23.6,207.0,0.19,65.0,31.4,13.0,6.28,0.5,0.0529999999999999,32.79,17.6,15.73,33.33,40.1,24.9
745815,2024-06-11,2024,668901,R,656945,L,strikeout,True,False,41.0,0.389,7.0,17.07,5.0,12.2,1.213,0.361,25.64,13.89,10.42,24.31,31.71,20.0,88.0,0.214,30.0,34.09,2.0,2.27,0.584,0.1309999999999999,40.66,21.26,14.94,36.21,36.02,26.79,80.0,0.156,21.0,26.25,12.0,15.0,0.492,0.047000000000000014,32.21,15.64,15.96,31.6,33.55,23.6,207.0,0.19,65.0,31.4,13.0,6.28,0.5,0.0529999999999999,32.79,17.6,15.73,33.33,40.1,24.9
745815,2024-06-11,2024,621438,R,656945,L,field_out,False,False,47.0,0.196,12.0,25.53,1.0,2.13,0.474,0.065,26.97,14.04,16.96,30.99,37.08,25.53,81.0,0.241,18.0,22.22,2.0,2.47,0.7270000000000001,0.227,24.34,12.94,16.43,29.37,33.06,22.22,80.0,0.156,21.0,26.25,12.0,15.0,0.492,0.047000000000000014,32.21,15.64,15.96,31.6,33.55,23.6,207.0,0.19,65.0,31.4,13.0,6.28,0.5,0.0529999999999999,32.79,17.6,15.73,33.33,40.1,24.9
745899,2024-06-11,2024,453568,L,686973,R,field_out,False,False,177.0,0.248,25.0,14.12,13.0,7.34,0.6910000000000001,0.131,18.89,9.34,17.15,26.49,36.0,13.97,309.0,0.272,48.0,15.53,26.0,8.41,0.7909999999999999,0.1689999999999999,21.84,10.67,16.05,26.72,30.66,16.11,48.0,0.349,12.0,25.0,3.0,6.25,1.07,0.32500000000000007,16.85,7.65,17.86,25.51,19.78,22.22,100.0,0.209,28.0,28.0,7.0,7.0,0.694,0.22,26.04,13.12,19.16,32.28,29.52,22.76
745899,2024-06-11,2024,686668,R,686973,R,field_out,False,False,201.0,0.266,59.0,29.35,19.0,9.45,0.75,0.14599999999999996,31.11,15.26,15.8,31.06,28.8,26.7,299.0,0.207,98.0,32.78,17.0,5.69,0.597,0.131,34.17,17.56,14.33,31.89,31.96,31.51,39.0,0.387,6.0,15.38,6.0,15.38,1.1,0.22599999999999998,19.05,7.59,18.35,25.95,14.81,13.04,184.0,0.275,43.0,23.37,10.0,5.43,0.843,0.251,25.82,14.37,13.24,27.61,29.85,17.84
745899,2024-06-11,2024,678662,R,686973,R,field_out,False,False,210.0,0.303,58.0,27.62,6.0,2.86,0.8300000000000001,0.197,33.61,21.03,10.06,31.1,46.19,22.66,438.0,0.256,109.0,24.89,17.0,3.88,0.69,0.143,29.47,17.51,10.44,27.95,41.11,20.49,39.0,0.387,6.0,15.38,6.0,15.38,1.1,0.22599999999999998,19.05,7.59,18.35,25.95,14.81,13.04,184.0,0.275,43.0,23.37,10.0,5.43,0.843,0.251,25.82,14.37,13.24,27.61,29.85,17.84
745899,2024-06-11,2024,663616,L,615698,R,field_out,False,False,128.0,0.263,25.0,19.53,12.0,9.38,0.775,0.184,28.12,13.38,16.35,29.72,29.61,18.75,189.0,0.228,60.0,31.75,25.0,13.23,0.766,0.21,36.25,14.96,16.71,31.67,22.55,25.75,140.0,0.215,26.0,18.57,17.0,12.14,0.681,0.157,23.99,10.52,14.56,25.08,23.05,14.61,211.0,0.272,40.0,18.96,31.0,14.69,0.851,0.1999999999999999,23.57,10.52,13.62,24.14,24.9,14.34
745899,2024-06-11,2024,621043,R,615698,R,walk,False,True,149.0,0.292,31.0,20.81,16.0,10.74,0.839,0.185,21.51,9.41,20.38,29.79,28.43,18.79,444.0,0.224,112.0,25.23,42.0,9.46,0.69,0.164,26.37,11.3,19.9,31.19,27.0,21.72,164.0,0.27,25.0,15.24,12.0,7.32,0.7090000000000001,0.10799999999999998,18.73,9.03,17.1,26.13,25.34,14.12,233.0,0.284,18.0,7.73,4.0,1.72,0.721,0.124,14.21,7.03,15.91,22.93,28.68,8.11
745899,2024-06-11,2024,668904,R,615698,R,field_out,False,False,18.0,0.25,4.0,22.22,2.0,11.11,1.145,0.562,30.0,12.86,15.71,28.57,21.05,23.53,183.0,0.307,43.0,23.5,15.0,8.2,0.962,0.283,27.16,12.8,18.57,31.36,28.0,20.98,164.0,0.27,25.0,15.24,12.0,7.32,0.7090000000000001,0.10799999999999998,18.73,9.03,17.1,26.13,25.34,14.12,233.0,0.284,18.0,7.73,4.0,1.72,0.721,0.124,14.21,7.03,15.91,22.93,28.68,8.11
745899,2024-06-11,2024,596146,L,615698,R,single,False,False,147.0,0.235,29.0,19.73,12.0,8.16,0.6950000000000001,0.15900000000000003,23.53,11.74,12.95,24.7,26.58,16.11,394.0,0.263,84.0,21.32,37.0,9.39,0.8320000000000001,0.2339999999999999,19.92,9.32,15.49,24.81,24.75,18.14,140.0,0.215,26.0,18.57,17.0,12.14,0.681,0.157,23.99,10.52,14.56,25.08,23.05,14.61,211.0,0.272,40.0,18.96,31.0,14.69,0.851,0.1999999999999999,23.57,10.52,13.62,24.14,24.9,14.34
745899,2024-06-11,2024,680777,R,615698,R,field_out,False,False,157.0,0.242,33.0,21.02,13.0,8.28,0.8400000000000001,0.258,23.64,10.47,18.68,29.15,28.74,17.88,242.0,0.281,70.0,28.93,19.0,7.85,0.8280000000000001,0.186,29.53,13.79,18.6,32.39,32.19,21.28,164.0,0.27,25.0,15.24,12.0,7.32,0.7090000000000001,0.10799999999999998,18.73,9.03,17.1,26.13,25.34,14.12,233.0,0.284,18.0,7.73,4.0,1.72,0.721,0.124,14.21,7.03,15.91,22.93,28.68,8.11
745899,2024-06-11,2024,641857,L,686973,R,strikeout,True,False,195.0,0.237,54.0,27.69,21.0,10.77,0.7090000000000001,0.15400000000000003,27.3,12.71,16.15,28.86,27.02,19.15,449.0,0.26,141.0,31.4,52.0,11.58,0.826,0.2209999999999999,31.26,14.84,14.94,29.79,25.26,20.41,48.0,0.349,12.0,25.0,3.0,6.25,1.07,0.32500000000000007,16.85,7.65,17.86,25.51,19.78,22.22,100.0,0.209,28.0,28.0,7.0,7.0,0.694,0.22,26.04,13.12,19.16,32.28,29.52,22.76
745899,2024-06-11,2024,607732,R,686973,R,field_out,False,False,72.0,0.254,15.0,20.83,6.0,8.33,0.6799999999999999,0.07900000000000001,27.56,12.28,17.89,30.18,20.74,17.24,225.0,0.186,56.0,24.89,24.0,10.67,0.547,0.082,22.79,8.98,20.99,29.97,22.2,22.95,39.0,0.387,6.0,15.38,6.0,15.38,1.1,0.22599999999999998,19.05,7.59,18.35,25.95,14.81,13.04,184.0,0.275,43.0,23.37,10.0,5.43,0.843,0.251,25.82,14.37,13.24,27.61,29.85,17.84
745899,2024-06-11,2024,669911,L,686973,R,field_out,False,False,48.0,0.152,19.0,39.58,1.0,2.08,0.514,0.17400000000000002,31.19,15.32,16.22,31.53,33.06,21.84,104.0,0.189,29.0,27.88,8.0,7.69,0.628,0.179,34.34,17.26,14.21,31.47,29.0,25.0,48.0,0.349,12.0,25.0,3.0,6.25,1.07,0.32500000000000007,16.85,7.65,17.86,25.51,19.78,22.22,100.0,0.209,28.0,28.0,7.0,7.0,0.694,0.22,26.04,13.12,19.16,32.28,29.52,22.76
745899,2024-06-11,2024,650489,L,615698,R,hit_by_pitch,False,False,193.0,0.218,44.0,22.8,19.0,9.84,0.69,0.146,26.65,12.48,15.83,28.31,28.5,18.64,280.0,0.266,73.0,26.07,23.0,8.21,0.8029999999999999,0.189,28.16,14.39,15.31,29.7,34.97,21.1,140.0,0.215,26.0,18.57,17.0,12.14,0.681,0.157,23.99,10.52,14.56,25.08,23.05,14.61,211.0,0.272,40.0,18.96,31.0,14.69,0.851,0.1999999999999999,23.57,10.52,13.62,24.14,24.9,14.34
745899,2024-06-11,2024,621439,R,615698,R,field_out,False,False,121.0,0.216,37.0,30.58,5.0,4.13,0.5880000000000001,0.099,35.57,19.31,12.02,31.33,36.44,23.72,257.0,0.217,80.0,31.13,26.0,10.12,0.767,0.243,29.69,15.03,12.96,27.99,29.53,25.0,164.0,0.27,25.0,15.24,12.0,7.32,0.7090000000000001,0.10799999999999998,18.73,9.03,17.1,26.13,25.34,14.12,233.0,0.284,18.0,7.73,4.0,1.72,0.721,0.124,14.21,7.03,15.91,22.93,28.68,8.11
745899,2024-06-11,2024,666135,L,615698,R,strikeout,True,False,167.0,0.208,44.0,26.35,15.0,8.98,0.68,0.19500000000000003,30.07,14.67,15.95,30.62,29.81,25.0,264.0,0.3,63.0,23.86,24.0,9.09,0.858,0.185,26.95,12.66,17.1,29.76,32.56,21.58,140.0,0.215,26.0,18.57,17.0,12.14,0.681,0.157,23.99,10.52,14.56,25.08,23.05,14.61,211.0,0.272,40.0,18.96,31.0,14.69,0.851,0.1999999999999999,23.57,10.52,13.62,24.14,24.9,14.34
745899,2024-06-11,2024,622534,R,615698,R,hit_by_pitch,False,False,70.0,0.188,14.0,20.0,6.0,8.57,0.507,0.062,23.39,11.65,16.87,28.51,31.03,19.72,237.0,0.258,33.0,13.92,15.0,6.33,0.694,0.12,23.38,11.66,15.01,26.67,32.22,16.02,164.0,0.27,25.0,15.24,12.0,7.32,0.7090000000000001,0.10799999999999998,18.73,9.03,17.1,26.13,25.34,14.12,233.0,0.284,18.0,7.73,4.0,1.72,0.721,0.124,14.21,7.03,15.91,22.93,28.68,8.11
745899,2024-06-11,2024,663616,L,615698,R,strikeout,True,False,128.0,0.263,25.0,19.53,12.0,9.38,0.775,0.184,28.12,13.38,16.35,29.72,29.61,18.75,189.0,0.228,60.0,31.75,25.0,13.23,0.766,0.21,36.25,14.96,16.71,31.67,22.55,25.75,140.0,0.215,26.0,18.57,17.0,12.14,0.681,0.157,23.99,10.52,14.56,25.08,23.05,14.61,211.0,0.272,40.0,18.96,31.0,14.69,0.851,0.1999999999999999,23.57,10.52,13.62,24.14,24.9,14.34
745899,2024-06-11,2024,595909,L,686973,R,field_out,False,False,100.0,0.258,25.0,25.0,10.0,10.0,0.656,0.068,21.23,10.71,14.76,25.48,30.95,17.73,171.0,0.226,44.0,25.73,12.0,7.02,0.663,0.155,26.67,12.9,15.25,28.15,29.13,19.91,48.0,0.349,12.0,25.0,3.0,6.25,1.07,0.32500000000000007,16.85,7.65,17.86,25.51,19.78,22.22,100.0,0.209,28.0,28.0,7.0,7.0,0.694,0.22,26.04,13.12,19.16,32.28,29.52,22.76
745899,2024-06-11,2024,660707,R,686973,R,single,False,False,155.0,0.213,35.0,22.58,12.0,7.74,0.6060000000000001,0.12000000000000002,29.74,16.19,12.99,29.18,37.12,21.88,196.0,0.249,69.0,35.2,12.0,6.12,0.729,0.1689999999999999,41.45,21.48,15.97,37.45,41.94,28.28,39.0,0.387,6.0,15.38,6.0,15.38,1.1,0.22599999999999998,19.05,7.59,18.35,25.95,14.81,13.04,184.0,0.275,43.0,23.37,10.0,5.43,0.843,0.251,25.82,14.37,13.24,27.61,29.85,17.84
745899,2024-06-11,2024,691182,L,686973,R,field_out,False,False,6.0,0.167,3.0,50.0,0.0,0.0,0.334,0.0,40.0,28.57,14.29,42.86,83.33,37.5,,,,,,,,,,,,,,,48.0,0.349,12.0,25.0,3.0,6.25,1.07,0.32500000000000007,16.85,7.65,17.86,25.51,19.78,22.22,100.0,0.209,28.0,28.0,7.0,7.0,0.694,0.22,26.04,13.12,19.16,32.28,29.52,22.76
745899,2024-06-11,2024,453568,L,686973,R,field_out,False,False,177.0,0.248,25.0,14.12,13.0,7.34,0.6910000000000001,0.131,18.89,9.34,17.15,26.49,36.0,13.97,309.0,0.272,48.0,15.53,26.0,8.41,0.7909999999999999,0.1689999999999999,21.84,10.67,16.05,26.72,30.66,16.11,48.0,0.349,12.0,25.0,3.0,6.25,1.07,0.32500000000000007,16.85,7.65,17.86,25.51,19.78,22.22,100.0,0.209,28.0,28.0,7.0,7.0,0.694,0.22,26.04,13.12,19.16,32.28,29.52,22.76
745899,2024-06-11,2024,621043,R,615698,R,strikeout,True,False,149.0,0.292,31.0,20.81,16.0,10.74,0.839,0.185,21.51,9.41,20.38,29.79,28.43,18.79,444.0,0.224,112.0,25.23,42.0,9.46,0.69,0.164,26.37,11.3,19.9,31.19,27.0,21.72,164.0,0.27,25.0,15.24,12.0,7.32,0.7090000000000001,0.10799999999999998,18.73,9.03,17.1,26.13,25.34,14.12,233.0,0.284,18.0,7.73,4.0,1.72,0.721,0.124,14.21,7.03,15.91,22.93,28.68,8.11
745899,2024-06-11,2024,668904,R,615698,R,field_out,False,False,18.0,0.25,4.0,22.22,2.0,11.11,1.145,0.562,30.0,12.86,15.71,28.57,21.05,23.53,183.0,0.307,43.0,23.5,15.0,8.2,0.962,0.283,27.16,12.8,18.57,31.36,28.0,20.98,164.0,0.27,25.0,15.24,12.0,7.32,0.7090000000000001,0.10799999999999998,18.73,9.03,17.1,26.13,25.34,14.12,233.0,0.284,18.0,7.73,4.0,1.72,0.721,0.124,14.21,7.03,15.91,22.93,28.68,8.11
745899,2024-06-11,2024,596146,L,615698,R,strikeout,True,False,147.0,0.235,29.0,19.73,12.0,8.16,0.6950000000000001,0.15900000000000003,23.53,11.74,12.95,24.7,26.58,16.11,394.0,0.263,84.0,21.32,37.0,9.39,0.8320000000000001,0.2339999999999999,19.92,9.32,15.49,24.81,24.75,18.14,140.0,0.215,26.0,18.57,17.0,12.14,0.681,0.157,23.99,10.52,14.56,25.08,23.05,14.61,211.0,0.272,40.0,18.96,31.0,14.69,0.851,0.1999999999999999,23.57,10.52,13.62,24.14,24.9,14.34
745899,2024-06-11,2024,686668,R,686973,R,strikeout,True,False,201.0,0.266,59.0,29.35,19.0,9.45,0.75,0.14599999999999996,31.11,15.26,15.8,31.06,28.8,26.7,299.0,0.207,98.0,32.78,17.0,5.69,0.597,0.131,34.17,17.56,14.33,31.89,31.96,31.51,39.0,0.387,6.0,15.38,6.0,15.38,1.1,0.22599999999999998,19.05,7.59,18.35,25.95,14.81,13.04,184.0,0.275,43.0,23.37,10.0,5.43,0.843,0.251,25.82,14.37,13.24,27.61,29.85,17.84
745899,2024-06-11,2024,678662,R,686973,R,field_error,False,False,210.0,0.303,58.0,27.62,6.0,2.86,0.8300000000000001,0.197,33.61,21.03,10.06,31.1,46.19,22.66,438.0,0.256,109.0,24.89,17.0,3.88,0.69,0.143,29.47,17.51,10.44,27.95,41.11,20.49,39.0,0.387,6.0,15.38,6.0,15.38,1.1,0.22599999999999998,19.05,7.59,18.35,25.95,14.81,13.04,184.0,0.275,43.0,23.37,10.0,5.43,0.843,0.251,25.82,14.37,13.24,27.61,29.85,17.84
745899,2024-06-11,2024,641857,L,686973,R,grounded_into_double_play,False,False,195.0,0.237,54.0,27.69,21.0,10.77,0.7090000000000001,0.15400000000000003,27.3,12.71,16.15,28.86,27.02,19.15,449.0,0.26,141.0,31.4,52.0,11.58,0.826,0.2209999999999999,31.26,14.84,14.94,29.79,25.26,20.41,48.0,0.349,12.0,25.0,3.0,6.25,1.07,0.32500000000000007,16.85,7.65,17.86,25.51,19.78,22.22,100.0,0.209,28.0,28.0,7.0,7.0,0.694,0.22,26.04,13.12,19.16,32.28,29.52,22.76
745899,2024-06-11,2024,680777,R,615698,R,field_out,False,False,157.0,0.242,33.0,21.02,13.0,8.28,0.8400000000000001,0.258,23.64,10.47,18.68,29.15,28.74,17.88,242.0,0.281,70.0,28.93,19.0,7.85,0.8280000000000001,0.186,29.53,13.79,18.6,32.39,32.19,21.28,164.0,0.27,25.0,15.24,12.0,7.32,0.7090000000000001,0.10799999999999998,18.73,9.03,17.1,26.13,25.34,14.12,233.0,0.284,18.0,7.73,4.0,1.72,0.721,0.124,14.21,7.03,15.91,22.93,28.68,8.11
745899,2024-06-11,2024,650489,L,615698,R,strikeout,True,False,193.0,0.218,44.0,22.8,19.0,9.84,0.69,0.146,26.65,12.48,15.83,28.31,28.5,18.64,280.0,0.266,73.0,26.07,23.0,8.21,0.8029999999999999,0.189,28.16,14.39,15.31,29.7,34.97,21.1,140.0,0.215,26.0,18.57,17.0,12.14,0.681,0.157,23.99,10.52,14.56,25.08,23.05,14.61,211.0,0.272,40.0,18.96,31.0,14.69,0.851,0.1999999999999999,23.57,10.52,13.62,24.14,24.9,14.34
745899,2024-06-11,2024,621439,R,615698,R,single,False,False,121.0,0.216,37.0,30.58,5.0,4.13,0.5880000000000001,0.099,35.57,19.31,12.02,31.33,36.44,23.72,257.0,0.217,80.0,31.13,26.0,10.12,0.767,0.243,29.69,15.03,12.96,27.99,29.53,25.0,164.0,0.27,25.0,15.24,12.0,7.32,0.7090000000000001,0.10799999999999998,18.73,9.03,17.1,26.13,25.34,14.12,233.0,0.284,18.0,7.73,4.0,1.72,0.721,0.124,14.21,7.03,15.91,22.93,28.68,8.11
745899,2024-06-11,2024,666135,L,615698,R,field_out,False,False,167.0,0.208,44.0,26.35,15.0,8.98,0.68,0.19500000000000003,30.07,14.67,15.95,30.62,29.81,25.0,264.0,0.3,63.0,23.86,24.0,9.09,0.858,0.185,26.95,12.66,17.1,29.76,32.56,21.58,140.0,0.215,26.0,18.57,17.0,12.14,0.681,0.157,23.99,10.52,14.56,25.08,23.05,14.61,211.0,0.272,40.0,18.96,31.0,14.69,0.851,0.1999999999999999,23.57,10.52,13.62,24.14,24.9,14.34
745899,2024-06-11,2024,607732,R,686973,R,field_out,False,False,72.0,0.254,15.0,20.83,6.0,8.33,0.6799999999999999,0.07900000000000001,27.56,12.28,17.89,30.18,20.74,17.24,225.0,0.186,56.0,24.89,24.0,10.67,0.547,0.082,22.79,8.98,20.99,29.97,22.2,22.95,39.0,0.387,6.0,15.38,6.0,15.38,1.1,0.22599999999999998,19.05,7.59,18.35,25.95,14.81,13.04,184.0,0.275,43.0,23.37,10.0,5.43,0.843,0.251,25.82,14.37,13.24,27.61,29.85,17.84
745899,2024-06-11,2024,669911,L,686973,R,walk,False,True,48.0,0.152,19.0,39.58,1.0,2.08,0.514,0.17400000000000002,31.19,15.32,16.22,31.53,33.06,21.84,104.0,0.189,29.0,27.88,8.0,7.69,0.628,0.179,34.34,17.26,14.21,31.47,29.0,25.0,48.0,0.349,12.0,25.0,3.0,6.25,1.07,0.32500000000000007,16.85,7.65,17.86,25.51,19.78,22.22,100.0,0.209,28.0,28.0,7.0,7.0,0.694,0.22,26.04,13.12,19.16,32.28,29.52,22.76
745899,2024-06-11,2024,595909,L,686973,R,strikeout,True,False,100.0,0.258,25.0,25.0,10.0,10.0,0.656,0.068,21.23,10.71,14.76,25.48,30.95,17.73,171.0,0.226,44.0,25.73,12.0,7.02,0.663,0.155,26.67,12.9,15.25,28.15,29.13,19.91,48.0,0.349,12.0,25.0,3.0,6.25,1.07,0.32500000000000007,16.85,7.65,17.86,25.51,19.78,22.22,100.0,0.209,28.0,28.0,7.0,7.0,0.694,0.22,26.04,13.12,19.16,32.28,29.52,22.76
745899,2024-06-11,2024,660707,R,686973,R,field_error,False,False,155.0,0.213,35.0,22.58,12.0,7.74,0.6060000000000001,0.12000000000000002,29.74,16.19,12.99,29.18,37.12,21.88,196.0,0.249,69.0,35.2,12.0,6.12,0.729,0.1689999999999999,41.45,21.48,15.97,37.45,41.94,28.28,39.0,0.387,6.0,15.38,6.0,15.38,1.1,0.22599999999999998,19.05,7.59,18.35,25.95,14.81,13.04,184.0,0.275,43.0,23.37,10.0,5.43,0.843,0.251,25.82,14.37,13.24,27.61,29.85,17.84
745899,2024-06-11,2024,691182,L,686973,R,field_out,False,False,6.0,0.167,3.0,50.0,0.0,0.0,0.334,0.0,40.0,28.57,14.29,42.86,83.33,37.5,,,,,,,,,,,,,,,48.0,0.349,12.0,25.0,3.0,6.25,1.07,0.32500000000000007,16.85,7.65,17.86,25.51,19.78,22.22,100.0,0.209,28.0,28.0,7.0,7.0,0.694,0.22,26.04,13.12,19.16,32.28,29.52,22.76
745899,2024-06-11,2024,622534,R,615698,R,field_out,False,False,70.0,0.188,14.0,20.0,6.0,8.57,0.507,0.062,23.39,11.65,16.87,28.51,31.03,19.72,237.0,0.258,33.0,13.92,15.0,6.33,0.694,0.12,23.38,11.66,15.01,26.67,32.22,16.02,164.0,0.27,25.0,15.24,12.0,7.32,0.7090000000000001,0.10799999999999998,18.73,9.03,17.1,26.13,25.34,14.12,233.0,0.284,18.0,7.73,4.0,1.72,0.721,0.124,14.21,7.03,15.91,22.93,28.68,8.11
745899,2024-06-11,2024,663616,L,615698,R,field_out,False,False,128.0,0.263,25.0,19.53,12.0,9.38,0.775,0.184,28.12,13.38,16.35,29.72,29.61,18.75,189.0,0.228,60.0,31.75,25.0,13.23,0.766,0.21,36.25,14.96,16.71,31.67,22.55,25.75,140.0,0.215,26.0,18.57,17.0,12.14,0.681,0.157,23.99,10.52,14.56,25.08,23.05,14.61,211.0,0.272,40.0,18.96,31.0,14.69,0.851,0.1999999999999999,23.57,10.52,13.62,24.14,24.9,14.34
745899,2024-06-11,2024,621043,R,615698,R,field_out,False,False,149.0,0.292,31.0,20.81,16.0,10.74,0.839,0.185,21.51,9.41,20.38,29.79,28.43,18.79,444.0,0.224,112.0,25.23,42.0,9.46,0.69,0.164,26.37,11.3,19.9,31.19,27.0,21.72,164.0,0.27,25.0,15.24,12.0,7.32,0.7090000000000001,0.10799999999999998,18.73,9.03,17.1,26.13,25.34,14.12,233.0,0.284,18.0,7.73,4.0,1.72,0.721,0.124,14.21,7.03,15.91,22.93,28.68,8.11
745899,2024-06-11,2024,453568,L,573204,L,single,False,False,46.0,0.3,1.0,2.17,5.0,10.87,0.791,0.10000000000000003,7.25,3.21,17.31,20.51,22.37,3.57,105.0,0.299,7.0,6.67,13.0,12.38,0.845,0.138,12.2,5.18,18.91,24.09,22.96,7.95,35.0,0.188,11.0,31.43,3.0,8.57,0.476,0.031,26.98,12.06,22.7,34.75,23.19,21.15,48.0,0.128,14.0,29.17,0.0,0.0,0.3409999999999999,0.0849999999999999,21.59,10.73,18.64,29.38,32.89,26.92
745899,2024-06-11,2024,686668,R,573204,L,walk,False,True,55.0,0.26,10.0,18.18,5.0,9.09,0.667,0.08000000000000002,26.21,13.78,9.69,23.47,23.96,19.61,132.0,0.194,53.0,40.15,5.0,3.79,0.584,0.1609999999999999,39.29,21.57,11.57,33.14,32.3,30.99,38.0,0.424,7.0,18.42,3.0,7.89,1.083,0.21200000000000002,21.88,10.37,19.26,29.63,28.33,21.21,73.0,0.258,22.0,30.14,6.0,8.22,0.94,0.363,25.66,12.79,14.1,26.89,26.11,21.57
745899,2024-06-11,2024,678662,R,573204,L,home_run,False,False,81.0,0.267,25.0,30.86,5.0,6.17,0.749,0.173,36.36,22.22,9.15,31.37,38.93,26.04,177.0,0.246,57.0,32.2,8.0,4.52,0.708,0.185,35.75,21.54,12.35,33.89,44.38,25.56,38.0,0.424,7.0,18.42,3.0,7.89,1.083,0.21200000000000002,21.88,10.37,19.26,29.63,28.33,21.21,73.0,0.258,22.0,30.14,6.0,8.22,0.94,0.363,25.66,12.79,14.1,26.89,26.11,21.57
745899,2024-06-11,2024,641857,L,573204,L,double,False,False,87.0,0.307,25.0,28.74,10.0,11.49,0.902,0.2,28.07,12.83,16.31,29.14,26.49,21.55,178.0,0.191,57.0,32.02,16.0,8.99,0.573,0.118,35.23,16.38,16.64,33.03,25.79,24.15,35.0,0.188,11.0,31.43,3.0,8.57,0.476,0.031,26.98,12.06,22.7,34.75,23.19,21.15,48.0,0.128,14.0,29.17,0.0,0.0,0.3409999999999999,0.0849999999999999,21.59,10.73,18.64,29.38,32.89,26.92
745899,2024-06-11,2024,607732,R,663485,R,sac_bunt,False,False,72.0,0.254,15.0,20.83,6.0,8.33,0.6799999999999999,0.07900000000000001,27.56,12.28,17.89,30.18,20.74,17.24,225.0,0.186,56.0,24.89,24.0,10.67,0.547,0.082,22.79,8.98,20.99,29.97,22.2,22.95,69.0,0.227,19.0,27.54,2.0,2.9,0.64,0.152,27.13,14.29,17.96,32.24,39.47,26.03,45.0,0.205,10.0,22.22,6.0,13.33,0.619,0.103,26.76,10.98,21.97,32.95,29.89,16.95
745899,2024-06-11,2024,669911,L,663485,R,sac_fly,False,False,48.0,0.152,19.0,39.58,1.0,2.08,0.514,0.17400000000000002,31.19,15.32,16.22,31.53,33.06,21.84,104.0,0.189,29.0,27.88,8.0,7.69,0.628,0.179,34.34,17.26,14.21,31.47,29.0,25.0,45.0,0.263,14.0,31.11,2.0,4.44,0.7010000000000001,0.10499999999999998,17.65,7.98,18.09,26.06,26.88,20.0,54.0,0.261,11.0,20.37,8.0,14.81,0.913,0.282,14.68,6.67,15.0,21.67,17.95,12.79
745899,2024-06-11,2024,595909,L,663485,R,field_out,False,False,100.0,0.258,25.0,25.0,10.0,10.0,0.656,0.068,21.23,10.71,14.76,25.48,30.95,17.73,171.0,0.226,44.0,25.73,12.0,7.02,0.663,0.155,26.67,12.9,15.25,28.15,29.13,19.91,45.0,0.263,14.0,31.11,2.0,4.44,0.7010000000000001,0.10499999999999998,17.65,7.98,18.09,26.06,26.88,20.0,54.0,0.261,11.0,20.37,8.0,14.81,0.913,0.282,14.68,6.67,15.0,21.67,17.95,12.79
745899,2024-06-11,2024,668904,R,615698,R,single,False,False,18.0,0.25,4.0,22.22,2.0,11.11,1.145,0.562,30.0,12.86,15.71,28.57,21.05,23.53,183.0,0.307,43.0,23.5,15.0,8.2,0.962,0.283,27.16,12.8,18.57,31.36,28.0,20.98,164.0,0.27,25.0,15.24,12.0,7.32,0.7090000000000001,0.10799999999999998,18.73,9.03,17.1,26.13,25.34,14.12,233.0,0.284,18.0,7.73,4.0,1.72,0.721,0.124,14.21,7.03,15.91,22.93,28.68,8.11
745899,2024-06-11,2024,596146,L,615698,R,grounded_into_double_play,False,False,147.0,0.235,29.0,19.73,12.0,8.16,0.6950000000000001,0.15900000000000003,23.53,11.74,12.95,24.7,26.58,16.11,394.0,0.263,84.0,21.32,37.0,9.39,0.8320000000000001,0.2339999999999999,19.92,9.32,15.49,24.81,24.75,18.14,140.0,0.215,26.0,18.57,17.0,12.14,0.681,0.157,23.99,10.52,14.56,25.08,23.05,14.61,211.0,0.272,40.0,18.96,31.0,14.69,0.851,0.1999999999999999,23.57,10.52,13.62,24.14,24.9,14.34
745899,2024-06-11,2024,680777,R,615698,R,field_out,False,False,157.0,0.242,33.0,21.02,13.0,8.28,0.8400000000000001,0.258,23.64,10.47,18.68,29.15,28.74,17.88,242.0,0.281,70.0,28.93,19.0,7.85,0.8280000000000001,0.186,29.53,13.79,18.6,32.39,32.19,21.28,164.0,0.27,25.0,15.24,12.0,7.32,0.7090000000000001,0.10799999999999998,18.73,9.03,17.1,26.13,25.34,14.12,233.0,0.284,18.0,7.73,4.0,1.72,0.721,0.124,14.21,7.03,15.91,22.93,28.68,8.11
745899,2024-06-11,2024,660707,R,663485,R,strikeout,True,False,155.0,0.213,35.0,22.58,12.0,7.74,0.6060000000000001,0.12000000000000002,29.74,16.19,12.99,29.18,37.12,21.88,196.0,0.249,69.0,35.2,12.0,6.12,0.729,0.1689999999999999,41.45,21.48,15.97,37.45,41.94,28.28,69.0,0.227,19.0,27.54,2.0,2.9,0.64,0.152,27.13,14.29,17.96,32.24,39.47,26.03,45.0,0.205,10.0,22.22,6.0,13.33,0.619,0.103,26.76,10.98,21.97,32.95,29.89,16.95
745899,2024-06-11,2024,691182,L,663485,R,field_out,False,False,6.0,0.167,3.0,50.0,0.0,0.0,0.334,0.0,40.0,28.57,14.29,42.86,83.33,37.5,,,,,,,,,,,,,,,45.0,0.263,14.0,31.11,2.0,4.44,0.7010000000000001,0.10499999999999998,17.65,7.98,18.09,26.06,26.88,20.0,54.0,0.261,11.0,20.37,8.0,14.81,0.913,0.282,14.68,6.67,15.0,21.67,17.95,12.79
745899,2024-06-11,2024,453568,L,663485,R,field_out,False,False,177.0,0.248,25.0,14.12,13.0,7.34,0.6910000000000001,0.131,18.89,9.34,17.15,26.49,36.0,13.97,309.0,0.272,48.0,15.53,26.0,8.41,0.7909999999999999,0.1689999999999999,21.84,10.67,16.05,26.72,30.66,16.11,45.0,0.263,14.0,31.11,2.0,4.44,0.7010000000000001,0.10499999999999998,17.65,7.98,18.09,26.06,26.88,20.0,54.0,0.261,11.0,20.37,8.0,14.81,0.913,0.282,14.68,6.67,15.0,21.67,17.95,12.79
745899,2024-06-11,2024,650489,L,680767,R,walk,False,True,193.0,0.218,44.0,22.8,19.0,9.84,0.69,0.146,26.65,12.48,15.83,28.31,28.5,18.64,280.0,0.266,73.0,26.07,23.0,8.21,0.8029999999999999,0.189,28.16,14.39,15.31,29.7,34.97,21.1,69.0,0.177,7.0,10.14,7.0,10.14,0.519,0.08100000000000002,18.33,8.3,14.34,22.64,19.55,9.21,17.0,0.412,5.0,29.41,0.0,0.0,0.941,0.117,16.22,8.33,11.11,19.44,26.32,17.86
745899,2024-06-11,2024,621439,R,680767,R,home_run,False,False,121.0,0.216,37.0,30.58,5.0,4.13,0.5880000000000001,0.099,35.57,19.31,12.02,31.33,36.44,23.72,257.0,0.217,80.0,31.13,26.0,10.12,0.767,0.243,29.69,15.03,12.96,27.99,29.53,25.0,87.0,0.316,22.0,25.29,8.0,9.2,0.784,0.08900000000000002,21.64,9.61,16.36,25.97,25.0,16.3,27.0,0.333,7.0,25.93,3.0,11.11,0.782,0.0419999999999999,26.42,12.28,14.91,27.19,20.75,19.44
745899,2024-06-11,2024,666135,L,680767,R,strikeout,True,False,167.0,0.208,44.0,26.35,15.0,8.98,0.68,0.19500000000000003,30.07,14.67,15.95,30.62,29.81,25.0,264.0,0.3,63.0,23.86,24.0,9.09,0.858,0.185,26.95,12.66,17.1,29.76,32.56,21.58,69.0,0.177,7.0,10.14,7.0,10.14,0.519,0.08100000000000002,18.33,8.3,14.34,22.64,19.55,9.21,17.0,0.412,5.0,29.41,0.0,0.0,0.941,0.117,16.22,8.33,11.11,19.44,26.32,17.86
745899,2024-06-11,2024,467793,L,680767,R,single,False,False,172.0,0.193,28.0,16.28,19.0,11.05,0.63,0.14,23.59,9.97,17.42,27.39,24.13,14.21,460.0,0.231,83.0,18.04,45.0,9.78,0.727,0.1899999999999999,23.76,11.0,14.32,25.31,24.63,16.21,69.0,0.177,7.0,10.14,7.0,10.14,0.519,0.08100000000000002,18.33,8.3,14.34,22.64,19.55,9.21,17.0,0.412,5.0,29.41,0.0,0.0,0.941,0.117,16.22,8.33,11.11,19.44,26.32,17.86
745899,2024-06-11,2024,669304,R,656222,L,double_play,False,False,55.0,0.264,7.0,12.73,1.0,1.82,0.706,0.15099999999999997,17.48,9.33,12.95,22.28,35.35,13.21,32.0,0.226,6.0,18.75,1.0,3.12,0.573,0.097,29.85,17.54,10.53,28.07,44.44,20.0,90.0,0.225,17.0,18.89,8.0,8.89,0.667,0.15,21.3,10.23,13.35,23.58,24.57,18.89,130.0,0.243,27.0,20.77,12.0,9.23,0.7090000000000001,0.148,29.39,14.08,15.55,29.62,28.21,22.31
745899,2024-06-11,2024,686668,R,663485,R,field_out,False,False,201.0,0.266,59.0,29.35,19.0,9.45,0.75,0.14599999999999996,31.11,15.26,15.8,31.06,28.8,26.7,299.0,0.207,98.0,32.78,17.0,5.69,0.597,0.131,34.17,17.56,14.33,31.89,31.96,31.51,69.0,0.227,19.0,27.54,2.0,2.9,0.64,0.152,27.13,14.29,17.96,32.24,39.47,26.03,45.0,0.205,10.0,22.22,6.0,13.33,0.619,0.103,26.76,10.98,21.97,32.95,29.89,16.95
745899,2024-06-11,2024,678662,R,663485,R,field_out,False,False,210.0,0.303,58.0,27.62,6.0,2.86,0.8300000000000001,0.197,33.61,21.03,10.06,31.1,46.19,22.66,438.0,0.256,109.0,24.89,17.0,3.88,0.69,0.143,29.47,17.51,10.44,27.95,41.11,20.49,69.0,0.227,19.0,27.54,2.0,2.9,0.64,0.152,27.13,14.29,17.96,32.24,39.47,26.03,45.0,0.205,10.0,22.22,6.0,13.33,0.619,0.103,26.76,10.98,21.97,32.95,29.89,16.95
745899,2024-06-11,2024,641857,L,663485,R,home_run,False,False,195.0,0.237,54.0,27.69,21.0,10.77,0.7090000000000001,0.15400000000000003,27.3,12.71,16.15,28.86,27.02,19.15,449.0,0.26,141.0,31.4,52.0,11.58,0.826,0.2209999999999999,31.26,14.84,14.94,29.79,25.26,20.41,45.0,0.263,14.0,31.11,2.0,4.44,0.7010000000000001,0.10499999999999998,17.65,7.98,18.09,26.06,26.88,20.0,54.0,0.261,11.0,20.37,8.0,14.81,0.913,0.282,14.68,6.67,15.0,21.67,17.95,12.79
745899,2024-06-11,2024,607732,R,663485,R,single,False,False,72.0,0.254,15.0,20.83,6.0,8.33,0.6799999999999999,0.07900000000000001,27.56,12.28,17.89,30.18,20.74,17.24,225.0,0.186,56.0,24.89,24.0,10.67,0.547,0.082,22.79,8.98,20.99,29.97,22.2,22.95,69.0,0.227,19.0,27.54,2.0,2.9,0.64,0.152,27.13,14.29,17.96,32.24,39.47,26.03,45.0,0.205,10.0,22.22,6.0,13.33,0.619,0.103,26.76,10.98,21.97,32.95,29.89,16.95
745899,2024-06-11,2024,669911,L,622251,R,field_out,False,False,48.0,0.152,19.0,39.58,1.0,2.08,0.514,0.17400000000000002,31.19,15.32,16.22,31.53,33.06,21.84,104.0,0.189,29.0,27.88,8.0,7.69,0.628,0.179,34.34,17.26,14.21,31.47,29.0,25.0,14.0,0.143,4.0,28.57,0.0,0.0,0.286,0.0,21.88,10.94,18.75,29.69,41.67,16.0,37.0,0.219,10.0,27.03,3.0,8.11,0.5740000000000001,0.031,23.29,11.49,13.51,25.0,23.94,21.74
745899,2024-06-11,2024,621043,R,656222,L,single,False,False,49.0,0.205,9.0,18.37,4.0,8.16,0.629,0.159,17.78,7.96,17.41,25.37,19.8,16.07,136.0,0.248,19.0,13.97,17.0,12.5,0.782,0.188,21.1,9.54,17.18,26.72,26.2,13.01,90.0,0.225,17.0,18.89,8.0,8.89,0.667,0.15,21.3,10.23,13.35,23.58,24.57,18.89,130.0,0.243,27.0,20.77,12.0,9.23,0.7090000000000001,0.148,29.39,14.08,15.55,29.62,28.21,22.31
745899,2024-06-11,2024,668904,R,656222,L,field_out,False,False,6.0,0.6,1.0,16.67,0.0,0.0,1.9,0.7999999999999999,27.27,15.79,15.79,31.58,37.5,20.0,56.0,0.314,12.0,21.43,5.0,8.93,0.7869999999999999,0.0979999999999999,27.66,13.33,16.92,30.26,30.21,23.53,90.0,0.225,17.0,18.89,8.0,8.89,0.667,0.15,21.3,10.23,13.35,23.58,24.57,18.89,130.0,0.243,27.0,20.77,12.0,9.23,0.7090000000000001,0.148,29.39,14.08,15.55,29.62,28.21,22.31
745899,2024-06-11,2024,596146,L,656222,L,field_out,False,False,29.0,0.333,4.0,13.79,1.0,3.45,0.898,0.186,12.0,5.88,17.65,23.53,30.61,14.81,97.0,0.25,22.0,22.68,8.0,8.25,0.752,0.182,19.46,9.73,13.51,23.24,25.0,18.42,42.0,0.2,10.0,23.81,6.0,14.29,0.619,0.08599999999999997,30.0,13.26,11.6,24.86,21.3,23.81,62.0,0.269,20.0,32.26,9.0,14.52,0.736,0.0959999999999999,34.23,14.84,15.62,30.47,25.0,25.0
745899,2024-06-11,2024,680777,R,656222,L,field_out,False,False,68.0,0.226,20.0,29.41,4.0,5.88,0.794,0.274,29.03,13.69,18.63,32.32,32.31,24.69,95.0,0.263,23.0,24.21,14.0,14.74,0.94,0.29,28.57,11.73,16.53,28.27,26.11,22.77,90.0,0.225,17.0,18.89,8.0,8.89,0.667,0.15,21.3,10.23,13.35,23.58,24.57,18.89,130.0,0.243,27.0,20.77,12.0,9.23,0.7090000000000001,0.148,29.39,14.08,15.55,29.62,28.21,22.31
745899,2024-06-11,2024,595909,L,622251,R,single,False,False,100.0,0.258,25.0,25.0,10.0,10.0,0.656,0.068,21.23,10.71,14.76,25.48,30.95,17.73,171.0,0.226,44.0,25.73,12.0,7.02,0.663,0.155,26.67,12.9,15.25,28.15,29.13,19.91,14.0,0.143,4.0,28.57,0.0,0.0,0.286,0.0,21.88,10.94,18.75,29.69,41.67,16.0,37.0,0.219,10.0,27.03,3.0,8.11,0.5740000000000001,0.031,23.29,11.49,13.51,25.0,23.94,21.74
745899,2024-06-11,2024,675659,L,622251,R,strikeout,True,False,3.0,0.0,2.0,66.67,1.0,33.33,0.333,0.0,42.86,17.65,5.88,23.53,25.0,25.0,,,,,,,,,,,,,,,14.0,0.143,4.0,28.57,0.0,0.0,0.286,0.0,21.88,10.94,18.75,29.69,41.67,16.0,37.0,0.219,10.0,27.03,3.0,8.11,0.5740000000000001,0.031,23.29,11.49,13.51,25.0,23.94,21.74
745899,2024-06-11,2024,691182,L,622251,R,strikeout,True,False,6.0,0.167,3.0,50.0,0.0,0.0,0.334,0.0,40.0,28.57,14.29,42.86,83.33,37.5,,,,,,,,,,,,,,,14.0,0.143,4.0,28.57,0.0,0.0,0.286,0.0,21.88,10.94,18.75,29.69,41.67,16.0,37.0,0.219,10.0,27.03,3.0,8.11,0.5740000000000001,0.031,23.29,11.49,13.51,25.0,23.94,21.74
745899,2024-06-11,2024,650489,L,641755,R,double,False,False,193.0,0.218,44.0,22.8,19.0,9.84,0.69,0.146,26.65,12.48,15.83,28.31,28.5,18.64,280.0,0.266,73.0,26.07,23.0,8.21,0.8029999999999999,0.189,28.16,14.39,15.31,29.7,34.97,21.1,54.0,0.362,13.0,24.07,7.0,12.96,1.125,0.31900000000000006,29.36,13.85,13.42,27.27,25.2,18.57,30.0,0.304,6.0,20.0,4.0,13.33,0.8919999999999999,0.174,23.53,10.81,12.61,23.42,20.34,22.22
745899,2024-06-11,2024,621439,R,641755,R,field_out,False,False,121.0,0.216,37.0,30.58,5.0,4.13,0.5880000000000001,0.099,35.57,19.31,12.02,31.33,36.44,23.72,257.0,0.217,80.0,31.13,26.0,10.12,0.767,0.243,29.69,15.03,12.96,27.99,29.53,25.0,66.0,0.259,15.0,22.73,7.0,10.61,0.799,0.20700000000000002,33.09,17.62,12.64,30.27,31.78,18.99,46.0,0.326,11.0,23.91,2.0,4.35,0.883,0.209,22.68,11.76,15.51,27.27,28.41,16.18
745899,2024-06-11,2024,666135,L,641755,R,strikeout,True,False,167.0,0.208,44.0,26.35,15.0,8.98,0.68,0.19500000000000003,30.07,14.67,15.95,30.62,29.81,25.0,264.0,0.3,63.0,23.86,24.0,9.09,0.858,0.185,26.95,12.66,17.1,29.76,32.56,21.58,54.0,0.362,13.0,24.07,7.0,12.96,1.125,0.31900000000000006,29.36,13.85,13.42,27.27,25.2,18.57,30.0,0.304,6.0,20.0,4.0,13.33,0.8919999999999999,0.174,23.53,10.81,12.61,23.42,20.34,22.22
745899,2024-06-11,2024,467793,L,641755,R,home_run,False,False,172.0,0.193,28.0,16.28,19.0,11.05,0.63,0.14,23.59,9.97,17.42,27.39,24.13,14.21,460.0,0.231,83.0,18.04,45.0,9.78,0.727,0.1899999999999999,23.76,11.0,14.32,25.31,24.63,16.21,54.0,0.362,13.0,24.07,7.0,12.96,1.125,0.31900000000000006,29.36,13.85,13.42,27.27,25.2,18.57,30.0,0.304,6.0,20.0,4.0,13.33,0.8919999999999999,0.174,23.53,10.81,12.61,23.42,20.34,22.22
745899,2024-06-11,2024,669304,R,641755,R,strikeout,True,False,121.0,0.277,19.0,15.7,5.0,4.13,0.79,0.19599999999999995,20.38,9.89,17.93,27.82,33.48,18.81,120.0,0.207,18.0,15.0,8.0,6.67,0.5640000000000001,0.09,23.72,11.83,13.69,25.52,32.37,15.04,66.0,0.259,15.0,22.73,7.0,10.61,0.799,0.20700000000000002,33.09,17.62,12.64,30.27,31.78,18.99,46.0,0.326,11.0,23.91,2.0,4.35,0.883,0.209,22.68,11.76,15.51,27.27,28.41,16.18
745170,2024-06-11,2024,457705,R,571945,R,field_out,False,False,158.0,0.243,42.0,26.58,16.0,10.13,0.7,0.128,31.38,13.68,18.05,31.73,18.65,20.69,312.0,0.254,72.0,23.08,49.0,15.71,0.767,0.137,28.77,12.06,17.2,29.26,17.59,17.52,156.0,0.275,28.0,17.95,5.0,3.21,0.78,0.20199999999999996,15.38,7.62,19.96,27.59,30.71,16.0,453.0,0.279,75.0,16.56,23.0,5.08,0.746,0.1429999999999999,17.63,8.64,17.74,26.38,27.28,13.98
745170,2024-06-11,2024,668804,L,571945,R,field_out,False,False,199.0,0.25,40.0,20.1,21.0,10.55,0.724,0.14200000000000002,28.21,12.76,15.46,28.22,26.49,17.94,438.0,0.252,94.0,21.46,45.0,10.27,0.821,0.2309999999999999,28.75,13.22,13.73,26.95,24.9,18.49,141.0,0.279,25.0,17.73,9.0,6.38,0.8140000000000001,0.20899999999999996,17.87,7.92,20.38,28.3,23.77,15.06,409.0,0.285,62.0,15.16,16.0,3.91,0.8009999999999999,0.203,15.61,7.89,17.65,25.53,27.79,14.49
745170,2024-06-11,2024,656582,R,571945,R,field_out,False,False,144.0,0.248,32.0,22.22,13.0,9.03,0.7290000000000001,0.15500000000000003,23.87,10.45,18.92,29.37,23.33,20.25,279.0,0.235,70.0,25.09,27.0,9.68,0.72,0.166,22.25,8.9,20.93,29.83,20.67,18.23,156.0,0.275,28.0,17.95,5.0,3.21,0.78,0.20199999999999996,15.38,7.62,19.96,27.59,30.71,16.0,453.0,0.279,75.0,16.56,23.0,5.08,0.746,0.1429999999999999,17.63,8.64,17.74,26.38,27.28,13.98
745170,2024-06-11,2024,691026,R,694973,R,strikeout,True,False,140.0,0.325,22.0,15.71,11.0,7.86,0.768,0.07300000000000001,16.73,7.72,18.7,26.42,27.7,12.22,100.0,0.161,19.0,19.0,9.0,9.0,0.478,0.0799999999999999,21.56,9.11,22.03,31.14,24.87,14.88,54.0,0.24,17.0,31.48,3.0,5.56,0.716,0.18,25.83,14.22,14.22,28.44,29.03,19.32,,,,,,,,,,,,,,
745170,2024-06-11,2024,676475,L,694973,R,strikeout,True,False,146.0,0.295,22.0,15.07,7.0,4.79,0.804,0.18,19.53,11.07,11.64,22.71,33.59,14.97,318.0,0.243,39.0,12.26,21.0,6.6,0.698,0.156,17.66,9.16,14.01,23.17,33.05,13.13,54.0,0.184,21.0,38.89,3.0,5.56,0.512,0.10199999999999998,38.89,19.76,14.92,34.68,28.95,25.61,,,,,,,,,,,,,,
745170,2024-06-11,2024,502671,R,694973,R,field_out,False,False,202.0,0.213,66.0,32.67,17.0,8.42,0.6279999999999999,0.13099999999999998,29.2,13.84,19.03,32.87,30.17,20.32,518.0,0.259,120.0,23.17,67.0,12.93,0.8049999999999999,0.187,27.85,12.3,17.85,30.16,25.85,17.44,54.0,0.24,17.0,31.48,3.0,5.56,0.716,0.18,25.83,14.22,14.22,28.44,29.03,19.32,,,,,,,,,,,,,,
745170,2024-06-11,2024,665833,L,571945,R,field_out,False,False,179.0,0.299,57.0,31.84,15.0,8.38,0.876,0.21900000000000003,35.29,16.11,18.93,35.03,34.99,23.55,33.0,0.185,7.0,21.21,5.0,15.15,0.636,0.148,27.69,13.14,15.33,28.47,34.25,17.95,141.0,0.279,25.0,17.73,9.0,6.38,0.8140000000000001,0.20899999999999996,17.87,7.92,20.38,28.3,23.77,15.06,409.0,0.285,62.0,15.16,16.0,3.91,0.8009999999999999,0.203,15.61,7.89,17.65,25.53,27.79,14.49
745170,2024-06-11,2024,663647,R,571945,R,field_out,False,False,131.0,0.22,29.0,22.14,10.0,7.63,0.536,0.034,17.67,7.72,21.34,29.07,28.11,20.14,358.0,0.26,75.0,20.95,22.0,6.15,0.721,0.1559999999999999,21.48,9.63,20.09,29.72,30.19,22.32,156.0,0.275,28.0,17.95,5.0,3.21,0.78,0.20199999999999996,15.38,7.62,19.96,27.59,30.71,16.0,453.0,0.279,75.0,16.56,23.0,5.08,0.746,0.1429999999999999,17.63,8.64,17.74,26.38,27.28,13.98
745170,2024-06-11,2024,693304,R,571945,R,strikeout,True,False,76.0,0.309,16.0,21.05,4.0,5.26,0.832,0.176,26.67,14.33,11.4,25.73,31.21,16.0,86.0,0.234,21.0,24.42,3.0,3.49,0.638,0.1299999999999999,30.36,15.84,12.11,27.95,27.85,22.11,156.0,0.275,28.0,17.95,5.0,3.21,0.78,0.20199999999999996,15.38,7.62,19.96,27.59,30.71,16.0,453.0,0.279,75.0,16.56,23.0,5.08,0.746,0.1429999999999999,17.63,8.64,17.74,26.38,27.28,13.98
745170,2024-06-11,2024,669357,L,694973,R,field_out,False,False,160.0,0.227,56.0,35.0,18.0,11.25,0.796,0.255,39.75,19.48,14.46,33.94,30.27,25.93,378.0,0.231,124.0,32.8,42.0,11.11,0.7969999999999999,0.2459999999999999,35.96,17.73,12.12,29.85,28.13,25.15,54.0,0.184,21.0,38.89,3.0,5.56,0.512,0.10199999999999998,38.89,19.76,14.92,34.68,28.95,25.61,,,,,,,,,,,,,,
745170,2024-06-11,2024,571448,R,694973,R,field_out,False,False,206.0,0.269,39.0,18.93,19.0,9.22,0.73,0.121,21.7,9.48,19.81,29.29,29.35,16.18,468.0,0.28,81.0,17.31,31.0,6.62,0.8089999999999999,0.2009999999999999,20.4,9.71,17.28,26.99,33.33,16.43,54.0,0.24,17.0,31.48,3.0,5.56,0.716,0.18,25.83,14.22,14.22,28.44,29.03,19.32,,,,,,,,,,,,,,
745170,2024-06-11,2024,680977,L,694973,R,field_out,False,False,185.0,0.227,31.0,16.76,16.0,8.65,0.6699999999999999,0.12899999999999998,17.18,6.97,20.22,27.2,22.72,15.35,309.0,0.294,43.0,13.92,27.0,8.74,0.831,0.166,14.96,6.32,19.2,25.52,22.53,13.27,54.0,0.184,21.0,38.89,3.0,5.56,0.512,0.10199999999999998,38.89,19.76,14.92,34.68,28.95,25.61,,,,,,,,,,,,,,
745170,2024-06-11,2024,642133,L,571945,R,field_out,False,False,143.0,0.221,26.0,18.18,10.0,6.99,0.585,0.08399999999999999,20.9,8.89,20.38,29.27,24.45,19.26,300.0,0.223,73.0,24.33,29.0,9.67,0.69,0.173,22.22,8.47,23.11,31.59,24.77,19.95,141.0,0.279,25.0,17.73,9.0,6.38,0.8140000000000001,0.20899999999999996,17.87,7.92,20.38,28.3,23.77,15.06,409.0,0.285,62.0,15.16,16.0,3.91,0.8009999999999999,0.203,15.61,7.89,17.65,25.53,27.79,14.49
745170,2024-06-11,2024,518735,L,571945,R,strikeout,True,False,52.0,0.137,10.0,19.23,1.0,1.92,0.44799999999999995,0.15699999999999997,23.71,11.33,23.65,34.98,36.36,16.67,309.0,0.235,61.0,19.74,27.0,8.74,0.636,0.094,22.36,10.08,19.44,29.52,27.06,17.13,141.0,0.279,25.0,17.73,9.0,6.38,0.8140000000000001,0.20899999999999996,17.87,7.92,20.38,28.3,23.77,15.06,409.0,0.285,62.0,15.16,16.0,3.91,0.8009999999999999,0.203,15.61,7.89,17.65,25.53,27.79,14.49
745170,2024-06-11,2024,669261,L,571945,R,strikeout,True,False,142.0,0.154,34.0,23.94,18.0,12.68,0.546,0.13099999999999998,23.79,11.03,14.83,25.86,22.22,18.99,404.0,0.232,117.0,28.96,61.0,15.1,0.857,0.271,29.06,11.36,18.81,30.17,17.6,22.37,141.0,0.279,25.0,17.73,9.0,6.38,0.8140000000000001,0.20899999999999996,17.87,7.92,20.38,28.3,23.77,15.06,409.0,0.285,62.0,15.16,16.0,3.91,0.8009999999999999,0.203,15.61,7.89,17.65,25.53,27.79,14.49
745170,2024-06-11,2024,572761,L,694973,R,strikeout,True,False,58.0,0.196,16.0,27.59,6.0,10.34,0.6140000000000001,0.137,29.29,12.29,19.07,31.36,20.54,26.23,220.0,0.167,64.0,29.09,38.0,17.27,0.616,0.1319999999999999,29.37,12.01,18.83,30.84,21.25,22.78,54.0,0.184,21.0,38.89,3.0,5.56,0.512,0.10199999999999998,38.89,19.76,14.92,34.68,28.95,25.61,,,,,,,,,,,,,,
745170,2024-06-11,2024,686780,R,694973,R,field_out,False,False,16.0,0.0,7.0,43.75,4.0,25.0,0.25,0.0,21.43,8.57,21.43,30.0,26.32,31.82,,,,,,,,,,,,,,,54.0,0.24,17.0,31.48,3.0,5.56,0.716,0.18,25.83,14.22,14.22,28.44,29.03,19.32,,,,,,,,,,,,,,
745170,2024-06-11,2024,672279,L,694973,R,field_out,False,False,88.0,0.269,23.0,26.14,5.0,5.68,0.669,0.08999999999999997,29.01,14.07,18.26,32.34,28.57,22.55,3.0,0.0,1.0,33.33,0.0,0.0,0.0,0.0,40.0,14.29,21.43,35.71,0.0,50.0,54.0,0.184,21.0,38.89,3.0,5.56,0.512,0.10199999999999998,38.89,19.76,14.92,34.68,28.95,25.61,,,,,,,,,,,,,,
745170,2024-06-11,2024,457705,R,571945,R,field_out,False,False,158.0,0.243,42.0,26.58,16.0,10.13,0.7,0.128,31.38,13.68,18.05,31.73,18.65,20.69,312.0,0.254,72.0,23.08,49.0,15.71,0.767,0.137,28.77,12.06,17.2,29.26,17.59,17.52,156.0,0.275,28.0,17.95,5.0,3.21,0.78,0.20199999999999996,15.38,7.62,19.96,27.59,30.71,16.0,453.0,0.279,75.0,16.56,23.0,5.08,0.746,0.1429999999999999,17.63,8.64,17.74,26.38,27.28,13.98
745170,2024-06-11,2024,668804,L,571945,R,field_out,False,False,199.0,0.25,40.0,20.1,21.0,10.55,0.724,0.14200000000000002,28.21,12.76,15.46,28.22,26.49,17.94,438.0,0.252,94.0,21.46,45.0,10.27,0.821,0.2309999999999999,28.75,13.22,13.73,26.95,24.9,18.49,141.0,0.279,25.0,17.73,9.0,6.38,0.8140000000000001,0.20899999999999996,17.87,7.92,20.38,28.3,23.77,15.06,409.0,0.285,62.0,15.16,16.0,3.91,0.8009999999999999,0.203,15.61,7.89,17.65,25.53,27.79,14.49
745170,2024-06-11,2024,656582,R,571945,R,field_out,False,False,144.0,0.248,32.0,22.22,13.0,9.03,0.7290000000000001,0.15500000000000003,23.87,10.45,18.92,29.37,23.33,20.25,279.0,0.235,70.0,25.09,27.0,9.68,0.72,0.166,22.25,8.9,20.93,29.83,20.67,18.23,156.0,0.275,28.0,17.95,5.0,3.21,0.78,0.20199999999999996,15.38,7.62,19.96,27.59,30.71,16.0,453.0,0.279,75.0,16.56,23.0,5.08,0.746,0.1429999999999999,17.63,8.64,17.74,26.38,27.28,13.98
745170,2024-06-11,2024,691026,R,694973,R,strikeout,True,False,140.0,0.325,22.0,15.71,11.0,7.86,0.768,0.07300000000000001,16.73,7.72,18.7,26.42,27.7,12.22,100.0,0.161,19.0,19.0,9.0,9.0,0.478,0.0799999999999999,21.56,9.11,22.03,31.14,24.87,14.88,54.0,0.24,17.0,31.48,3.0,5.56,0.716,0.18,25.83,14.22,14.22,28.44,29.03,19.32,,,,,,,,,,,,,,
745170,2024-06-11,2024,676475,L,694973,R,single,False,False,146.0,0.295,22.0,15.07,7.0,4.79,0.804,0.18,19.53,11.07,11.64,22.71,33.59,14.97,318.0,0.243,39.0,12.26,21.0,6.6,0.698,0.156,17.66,9.16,14.01,23.17,33.05,13.13,54.0,0.184,21.0,38.89,3.0,5.56,0.512,0.10199999999999998,38.89,19.76,14.92,34.68,28.95,25.61,,,,,,,,,,,,,,
745170,2024-06-11,2024,502671,R,694973,R,strikeout,True,False,202.0,0.213,66.0,32.67,17.0,8.42,0.6279999999999999,0.13099999999999998,29.2,13.84,19.03,32.87,30.17,20.32,518.0,0.259,120.0,23.17,67.0,12.93,0.8049999999999999,0.187,27.85,12.3,17.85,30.16,25.85,17.44,54.0,0.24,17.0,31.48,3.0,5.56,0.716,0.18,25.83,14.22,14.22,28.44,29.03,19.32,,,,,,,,,,,,,,
745170,2024-06-11,2024,669357,L,694973,R,field_out,False,False,160.0,0.227,56.0,35.0,18.0,11.25,0.796,0.255,39.75,19.48,14.46,33.94,30.27,25.93,378.0,0.231,124.0,32.8,42.0,11.11,0.7969999999999999,0.2459999999999999,35.96,17.73,12.12,29.85,28.13,25.15,54.0,0.184,21.0,38.89,3.0,5.56,0.512,0.10199999999999998,38.89,19.76,14.92,34.68,28.95,25.61,,,,,,,,,,,,,,
745170,2024-06-11,2024,665833,L,571945,R,strikeout,True,False,179.0,0.299,57.0,31.84,15.0,8.38,0.876,0.21900000000000003,35.29,16.11,18.93,35.03,34.99,23.55,33.0,0.185,7.0,21.21,5.0,15.15,0.636,0.148,27.69,13.14,15.33,28.47,34.25,17.95,141.0,0.279,25.0,17.73,9.0,6.38,0.8140000000000001,0.20899999999999996,17.87,7.92,20.38,28.3,23.77,15.06,409.0,0.285,62.0,15.16,16.0,3.91,0.8009999999999999,0.203,15.61,7.89,17.65,25.53,27.79,14.49
745170,2024-06-11,2024,663647,R,571945,R,field_out,False,False,131.0,0.22,29.0,22.14,10.0,7.63,0.536,0.034,17.67,7.72,21.34,29.07,28.11,20.14,358.0,0.26,75.0,20.95,22.0,6.15,0.721,0.1559999999999999,21.48,9.63,20.09,29.72,30.19,22.32,156.0,0.275,28.0,17.95,5.0,3.21,0.78,0.20199999999999996,15.38,7.62,19.96,27.59,30.71,16.0,453.0,0.279,75.0,16.56,23.0,5.08,0.746,0.1429999999999999,17.63,8.64,17.74,26.38,27.28,13.98
745170,2024-06-11,2024,693304,R,571945,R,field_out,False,False,76.0,0.309,16.0,21.05,4.0,5.26,0.832,0.176,26.67,14.33,11.4,25.73,31.21,16.0,86.0,0.234,21.0,24.42,3.0,3.49,0.638,0.1299999999999999,30.36,15.84,12.11,27.95,27.85,22.11,156.0,0.275,28.0,17.95,5.0,3.21,0.78,0.20199999999999996,15.38,7.62,19.96,27.59,30.71,16.0,453.0,0.279,75.0,16.56,23.0,5.08,0.746,0.1429999999999999,17.63,8.64,17.74,26.38,27.28,13.98
745170,2024-06-11,2024,571448,R,694973,R,single,False,False,206.0,0.269,39.0,18.93,19.0,9.22,0.73,0.121,21.7,9.48,19.81,29.29,29.35,16.18,468.0,0.28,81.0,17.31,31.0,6.62,0.8089999999999999,0.2009999999999999,20.4,9.71,17.28,26.99,33.33,16.43,54.0,0.24,17.0,31.48,3.0,5.56,0.716,0.18,25.83,14.22,14.22,28.44,29.03,19.32,,,,,,,,,,,,,,
745170,2024-06-11,2024,680977,L,694973,R,single,False,False,185.0,0.227,31.0,16.76,16.0,8.65,0.6699999999999999,0.12899999999999998,17.18,6.97,20.22,27.2,22.72,15.35,309.0,0.294,43.0,13.92,27.0,8.74,0.831,0.166,14.96,6.32,19.2,25.52,22.53,13.27,54.0,0.184,21.0,38.89,3.0,5.56,0.512,0.10199999999999998,38.89,19.76,14.92,34.68,28.95,25.61,,,,,,,,,,,,,,
745170,2024-06-11,2024,572761,L,694973,R,strikeout,True,False,58.0,0.196,16.0,27.59,6.0,10.34,0.6140000000000001,0.137,29.29,12.29,19.07,31.36,20.54,26.23,220.0,0.167,64.0,29.09,38.0,17.27,0.616,0.1319999999999999,29.37,12.01,18.83,30.84,21.25,22.78,54.0,0.184,21.0,38.89,3.0,5.56,0.512,0.10199999999999998,38.89,19.76,14.92,34.68,28.95,25.61,,,,,,,,,,,,,,
745170,2024-06-11,2024,686780,R,694973,R,strikeout,True,False,16.0,0.0,7.0,43.75,4.0,25.0,0.25,0.0,21.43,8.57,21.43,30.0,26.32,31.82,,,,,,,,,,,,,,,54.0,0.24,17.0,31.48,3.0,5.56,0.716,0.18,25.83,14.22,14.22,28.44,29.03,19.32,,,,,,,,,,,,,,
745170,2024-06-11,2024,672279,L,694973,R,field_out,False,False,88.0,0.269,23.0,26.14,5.0,5.68,0.669,0.08999999999999997,29.01,14.07,18.26,32.34,28.57,22.55,3.0,0.0,1.0,33.33,0.0,0.0,0.0,0.0,40.0,14.29,21.43,35.71,0.0,50.0,54.0,0.184,21.0,38.89,3.0,5.56,0.512,0.10199999999999998,38.89,19.76,14.92,34.68,28.95,25.61,,,,,,,,,,,,,,
745170,2024-06-11,2024,642133,L,571945,R,field_out,False,False,143.0,0.221,26.0,18.18,10.0,6.99,0.585,0.08399999999999999,20.9,8.89,20.38,29.27,24.45,19.26,300.0,0.223,73.0,24.33,29.0,9.67,0.69,0.173,22.22,8.47,23.11,31.59,24.77,19.95,141.0,0.279,25.0,17.73,9.0,6.38,0.8140000000000001,0.20899999999999996,17.87,7.92,20.38,28.3,23.77,15.06,409.0,0.285,62.0,15.16,16.0,3.91,0.8009999999999999,0.203,15.61,7.89,17.65,25.53,27.79,14.49
745170,2024-06-11,2024,518735,L,571945,R,walk,False,True,52.0,0.137,10.0,19.23,1.0,1.92,0.44799999999999995,0.15699999999999997,23.71,11.33,23.65,34.98,36.36,16.67,309.0,0.235,61.0,19.74,27.0,8.74,0.636,0.094,22.36,10.08,19.44,29.52,27.06,17.13,141.0,0.279,25.0,17.73,9.0,6.38,0.8140000000000001,0.20899999999999996,17.87,7.92,20.38,28.3,23.77,15.06,409.0,0.285,62.0,15.16,16.0,3.91,0.8009999999999999,0.203,15.61,7.89,17.65,25.53,27.79,14.49
745170,2024-06-11,2024,669261,L,571945,R,strikeout,True,False,142.0,0.154,34.0,23.94,18.0,12.68,0.546,0.13099999999999998,23.79,11.03,14.83,25.86,22.22,18.99,404.0,0.232,117.0,28.96,61.0,15.1,0.857,0.271,29.06,11.36,18.81,30.17,17.6,22.37,141.0,0.279,25.0,17.73,9.0,6.38,0.8140000000000001,0.20899999999999996,17.87,7.92,20.38,28.3,23.77,15.06,409.0,0.285,62.0,15.16,16.0,3.91,0.8009999999999999,0.203,15.61,7.89,17.65,25.53,27.79,14.49
745170,2024-06-11,2024,457705,R,571945,R,field_out,False,False,158.0,0.243,42.0,26.58,16.0,10.13,0.7,0.128,31.38,13.68,18.05,31.73,18.65,20.69,312.0,0.254,72.0,23.08,49.0,15.71,0.767,0.137,28.77,12.06,17.2,29.26,17.59,17.52,156.0,0.275,28.0,17.95,5.0,3.21,0.78,0.20199999999999996,15.38,7.62,19.96,27.59,30.71,16.0,453.0,0.279,75.0,16.56,23.0,5.08,0.746,0.1429999999999999,17.63,8.64,17.74,26.38,27.28,13.98
745170,2024-06-11,2024,691026,R,694973,R,field_out,False,False,140.0,0.325,22.0,15.71,11.0,7.86,0.768,0.07300000000000001,16.73,7.72,18.7,26.42,27.7,12.22,100.0,0.161,19.0,19.0,9.0,9.0,0.478,0.0799999999999999,21.56,9.11,22.03,31.14,24.87,14.88,54.0,0.24,17.0,31.48,3.0,5.56,0.716,0.18,25.83,14.22,14.22,28.44,29.03,19.32,,,,,,,,,,,,,,
745170,2024-06-11,2024,676475,L,694973,R,single,False,False,146.0,0.295,22.0,15.07,7.0,4.79,0.804,0.18,19.53,11.07,11.64,22.71,33.59,14.97,318.0,0.243,39.0,12.26,21.0,6.6,0.698,0.156,17.66,9.16,14.01,23.17,33.05,13.13,54.0,0.184,21.0,38.89,3.0,5.56,0.512,0.10199999999999998,38.89,19.76,14.92,34.68,28.95,25.61,,,,,,,,,,,,,,
745170,2024-06-11,2024,502671,R,694973,R,grounded_into_double_play,False,False,202.0,0.213,66.0,32.67,17.0,8.42,0.6279999999999999,0.13099999999999998,29.2,13.84,19.03,32.87,30.17,20.32,518.0,0.259,120.0,23.17,67.0,12.93,0.8049999999999999,0.187,27.85,12.3,17.85,30.16,25.85,17.44,54.0,0.24,17.0,31.48,3.0,5.56,0.716,0.18,25.83,14.22,14.22,28.44,29.03,19.32,,,,,,,,,,,,,,
745170,2024-06-11,2024,668804,L,571945,R,triple,False,False,199.0,0.25,40.0,20.1,21.0,10.55,0.724,0.14200000000000002,28.21,12.76,15.46,28.22,26.49,17.94,438.0,0.252,94.0,21.46,45.0,10.27,0.821,0.2309999999999999,28.75,13.22,13.73,26.95,24.9,18.49,141.0,0.279,25.0,17.73,9.0,6.38,0.8140000000000001,0.20899999999999996,17.87,7.92,20.38,28.3,23.77,15.06,409.0,0.285,62.0,15.16,16.0,3.91,0.8009999999999999,0.203,15.61,7.89,17.65,25.53,27.79,14.49
745170,2024-06-11,2024,656582,R,571945,R,hit_by_pitch,False,False,144.0,0.248,32.0,22.22,13.0,9.03,0.7290000000000001,0.15500000000000003,23.87,10.45,18.92,29.37,23.33,20.25,279.0,0.235,70.0,25.09,27.0,9.68,0.72,0.166,22.25,8.9,20.93,29.83,20.67,18.23,156.0,0.275,28.0,17.95,5.0,3.21,0.78,0.20199999999999996,15.38,7.62,19.96,27.59,30.71,16.0,453.0,0.279,75.0,16.56,23.0,5.08,0.746,0.1429999999999999,17.63,8.64,17.74,26.38,27.28,13.98
745170,2024-06-11,2024,665833,L,571945,R,strikeout,True,False,179.0,0.299,57.0,31.84,15.0,8.38,0.876,0.21900000000000003,35.29,16.11,18.93,35.03,34.99,23.55,33.0,0.185,7.0,21.21,5.0,15.15,0.636,0.148,27.69,13.14,15.33,28.47,34.25,17.95,141.0,0.279,25.0,17.73,9.0,6.38,0.8140000000000001,0.20899999999999996,17.87,7.92,20.38,28.3,23.77,15.06,409.0,0.285,62.0,15.16,16.0,3.91,0.8009999999999999,0.203,15.61,7.89,17.65,25.53,27.79,14.49
745170,2024-06-11,2024,663647,R,571945,R,double_play,False,False,131.0,0.22,29.0,22.14,10.0,7.63,0.536,0.034,17.67,7.72,21.34,29.07,28.11,20.14,358.0,0.26,75.0,20.95,22.0,6.15,0.721,0.1559999999999999,21.48,9.63,20.09,29.72,30.19,22.32,156.0,0.275,28.0,17.95,5.0,3.21,0.78,0.20199999999999996,15.38,7.62,19.96,27.59,30.71,16.0,453.0,0.279,75.0,16.56,23.0,5.08,0.746,0.1429999999999999,17.63,8.64,17.74,26.38,27.28,13.98
745170,2024-06-11,2024,669357,L,694973,R,strikeout,True,False,160.0,0.227,56.0,35.0,18.0,11.25,0.796,0.255,39.75,19.48,14.46,33.94,30.27,25.93,378.0,0.231,124.0,32.8,42.0,11.11,0.7969999999999999,0.2459999999999999,35.96,17.73,12.12,29.85,28.13,25.15,54.0,0.184,21.0,38.89,3.0,5.56,0.512,0.10199999999999998,38.89,19.76,14.92,34.68,28.95,25.61,,,,,,,,,,,,,,
745170,2024-06-11,2024,571448,R,694973,R,double,False,False,206.0,0.269,39.0,18.93,19.0,9.22,0.73,0.121,21.7,9.48,19.81,29.29,29.35,16.18,468.0,0.28,81.0,17.31,31.0,6.62,0.8089999999999999,0.2009999999999999,20.4,9.71,17.28,26.99,33.33,16.43,54.0,0.24,17.0,31.48,3.0,5.56,0.716,0.18,25.83,14.22,14.22,28.44,29.03,19.32,,,,,,,,,,,,,,
745170,2024-06-11,2024,680977,L,547973,L,field_out,False,False,77.0,0.275,5.0,6.49,3.0,3.9,0.716,0.11599999999999999,11.5,4.68,20.86,25.54,18.7,7.94,63.0,0.236,10.0,15.87,6.0,9.52,0.569,0.0,14.29,6.33,19.83,26.16,24.58,15.87,36.0,0.28,8.0,22.22,11.0,30.56,0.9,0.12,32.65,10.6,21.85,32.45,19.77,22.22,50.0,0.243,17.0,34.0,10.0,20.0,0.651,0.0,44.83,18.84,17.39,36.23,23.36,28.81
745170,2024-06-11,2024,665877,R,547973,L,field_out,False,False,21.0,0.15,3.0,14.29,1.0,4.76,0.33999999999999997,0.0,9.52,4.44,18.89,23.33,27.03,10.34,19.0,0.176,2.0,10.53,2.0,10.53,0.439,0.0,7.41,3.08,23.08,26.15,30.0,13.33,72.0,0.167,32.0,44.44,12.0,16.67,0.6559999999999999,0.18299999999999997,36.69,14.96,17.3,32.26,23.2,27.83,200.0,0.161,86.0,43.0,26.0,13.0,0.534,0.103,41.53,18.67,19.04,37.71,23.68,36.29
745170,2024-06-11,2024,693304,R,668941,L,double,False,False,35.0,0.312,9.0,25.71,1.0,2.86,0.8740000000000001,0.21900000000000003,29.23,18.45,9.71,28.16,51.02,32.14,43.0,0.158,15.0,34.88,3.0,6.98,0.5720000000000001,0.158,36.17,19.21,12.99,32.2,28.74,23.81,81.0,0.216,17.0,20.99,2.0,2.47,0.645,0.17600000000000002,24.16,12.04,18.39,30.43,30.94,19.77,106.0,0.26,30.0,28.3,7.0,6.6,0.6890000000000001,0.1149999999999999,36.41,18.59,17.02,35.6,31.89,28.04
745170,2024-06-11,2024,572191,R,668941,L,fielders_choice_out,False,False,55.0,0.213,18.0,32.73,4.0,7.27,0.5880000000000001,0.10600000000000001,41.67,22.52,12.16,34.68,33.33,22.22,112.0,0.252,35.0,31.25,8.0,7.14,0.914,0.35,33.49,15.52,13.36,28.88,27.65,25.18,81.0,0.216,17.0,20.99,2.0,2.47,0.645,0.17600000000000002,24.16,12.04,18.39,30.43,30.94,19.77,106.0,0.26,30.0,28.3,7.0,6.6,0.6890000000000001,0.1149999999999999,36.41,18.59,17.02,35.6,31.89,28.04
745170,2024-06-11,2024,518735,R,668941,L,grounded_into_double_play,False,False,29.0,0.222,6.0,20.69,1.0,3.45,0.509,0.037000000000000005,25.0,11.58,25.26,36.84,26.67,28.57,97.0,0.233,25.0,25.77,9.0,9.28,0.6839999999999999,0.1389999999999999,33.14,14.22,16.91,31.13,28.82,20.66,81.0,0.216,17.0,20.99,2.0,2.47,0.645,0.17600000000000002,24.16,12.04,18.39,30.43,30.94,19.77,106.0,0.26,30.0,28.3,7.0,6.6,0.6890000000000001,0.1149999999999999,36.41,18.59,17.02,35.6,31.89,28.04
745170,2024-06-11,2024,686780,R,670059,R,field_out,False,False,16.0,0.0,7.0,43.75,4.0,25.0,0.25,0.0,21.43,8.57,21.43,30.0,26.32,31.82,,,,,,,,,,,,,,,50.0,0.087,15.0,30.0,1.0,2.0,0.249,0.022000000000000006,28.57,12.77,21.28,34.04,27.84,27.78,132.0,0.256,32.0,24.24,13.0,9.85,0.7010000000000001,0.1119999999999999,24.65,10.91,18.93,29.84,24.05,23.88
745170,2024-06-11,2024,672279,L,670059,R,field_out,False,False,88.0,0.269,23.0,26.14,5.0,5.68,0.669,0.08999999999999997,29.01,14.07,18.26,32.34,28.57,22.55,3.0,0.0,1.0,33.33,0.0,0.0,0.0,0.0,40.0,14.29,21.43,35.71,0.0,50.0,38.0,0.2,12.0,31.58,8.0,21.05,0.735,0.16699999999999998,29.41,11.98,14.97,26.95,14.77,21.82,108.0,0.255,26.0,24.07,7.0,6.48,0.665,0.1019999999999999,21.83,11.04,11.26,22.3,27.56,16.45
745170,2024-06-11,2024,691026,R,670059,R,single,False,False,140.0,0.325,22.0,15.71,11.0,7.86,0.768,0.07300000000000001,16.73,7.72,18.7,26.42,27.7,12.22,100.0,0.161,19.0,19.0,9.0,9.0,0.478,0.0799999999999999,21.56,9.11,22.03,31.14,24.87,14.88,50.0,0.087,15.0,30.0,1.0,2.0,0.249,0.022000000000000006,28.57,12.77,21.28,34.04,27.84,27.78,132.0,0.256,32.0,24.24,13.0,9.85,0.7010000000000001,0.1119999999999999,24.65,10.91,18.93,29.84,24.05,23.88
745170,2024-06-11,2024,676475,L,670059,R,single,False,False,146.0,0.295,22.0,15.07,7.0,4.79,0.804,0.18,19.53,11.07,11.64,22.71,33.59,14.97,318.0,0.243,39.0,12.26,21.0,6.6,0.698,0.156,17.66,9.16,14.01,23.17,33.05,13.13,38.0,0.2,12.0,31.58,8.0,21.05,0.735,0.16699999999999998,29.41,11.98,14.97,26.95,14.77,21.82,108.0,0.255,26.0,24.07,7.0,6.48,0.665,0.1019999999999999,21.83,11.04,11.26,22.3,27.56,16.45
745170,2024-06-11,2024,502671,R,670059,R,field_out,False,False,202.0,0.213,66.0,32.67,17.0,8.42,0.6279999999999999,0.13099999999999998,29.2,13.84,19.03,32.87,30.17,20.32,518.0,0.259,120.0,23.17,67.0,12.93,0.8049999999999999,0.187,27.85,12.3,17.85,30.16,25.85,17.44,50.0,0.087,15.0,30.0,1.0,2.0,0.249,0.022000000000000006,28.57,12.77,21.28,34.04,27.84,27.78,132.0,0.256,32.0,24.24,13.0,9.85,0.7010000000000001,0.1119999999999999,24.65,10.91,18.93,29.84,24.05,23.88
745170,2024-06-11,2024,669261,L,664854,R,walk,False,True,142.0,0.154,34.0,23.94,18.0,12.68,0.546,0.13099999999999998,23.79,11.03,14.83,25.86,22.22,18.99,404.0,0.232,117.0,28.96,61.0,15.1,0.857,0.271,29.06,11.36,18.81,30.17,17.6,22.37,55.0,0.176,18.0,32.73,3.0,5.45,0.45299999999999996,0.059,31.96,17.13,17.68,34.81,33.8,30.51,66.0,0.224,22.0,33.33,7.0,10.61,0.6970000000000001,0.155,31.01,14.44,15.88,30.32,30.28,23.91
745170,2024-06-11,2024,457705,R,664854,R,single,False,False,158.0,0.243,42.0,26.58,16.0,10.13,0.7,0.128,31.38,13.68,18.05,31.73,18.65,20.69,312.0,0.254,72.0,23.08,49.0,15.71,0.767,0.137,28.77,12.06,17.2,29.26,17.59,17.52,56.0,0.269,13.0,23.21,3.0,5.36,0.6499999999999999,0.07699999999999996,34.86,19.39,12.76,32.14,32.26,25.0,80.0,0.134,30.0,37.5,10.0,12.5,0.402,0.03,37.93,19.76,13.17,32.93,33.13,27.27
745170,2024-06-11,2024,668804,L,664854,R,walk,False,True,199.0,0.25,40.0,20.1,21.0,10.55,0.724,0.14200000000000002,28.21,12.76,15.46,28.22,26.49,17.94,438.0,0.252,94.0,21.46,45.0,10.27,0.821,0.2309999999999999,28.75,13.22,13.73,26.95,24.9,18.49,55.0,0.176,18.0,32.73,3.0,5.45,0.45299999999999996,0.059,31.96,17.13,17.68,34.81,33.8,30.51,66.0,0.224,22.0,33.33,7.0,10.61,0.6970000000000001,0.155,31.01,14.44,15.88,30.32,30.28,23.91
745170,2024-06-11,2024,656582,R,664854,R,fielders_choice,False,False,144.0,0.248,32.0,22.22,13.0,9.03,0.7290000000000001,0.15500000000000003,23.87,10.45,18.92,29.37,23.33,20.25,279.0,0.235,70.0,25.09,27.0,9.68,0.72,0.166,22.25,8.9,20.93,29.83,20.67,18.23,56.0,0.269,13.0,23.21,3.0,5.36,0.6499999999999999,0.07699999999999996,34.86,19.39,12.76,32.14,32.26,25.0,80.0,0.134,30.0,37.5,10.0,12.5,0.402,0.03,37.93,19.76,13.17,32.93,33.13,27.27
745170,2024-06-11,2024,665833,L,664854,R,sac_fly,False,False,179.0,0.299,57.0,31.84,15.0,8.38,0.876,0.21900000000000003,35.29,16.11,18.93,35.03,34.99,23.55,33.0,0.185,7.0,21.21,5.0,15.15,0.636,0.148,27.69,13.14,15.33,28.47,34.25,17.95,55.0,0.176,18.0,32.73,3.0,5.45,0.45299999999999996,0.059,31.96,17.13,17.68,34.81,33.8,30.51,66.0,0.224,22.0,33.33,7.0,10.61,0.6970000000000001,0.155,31.01,14.44,15.88,30.32,30.28,23.91
745170,2024-06-11,2024,663647,R,664854,R,field_out,False,False,131.0,0.22,29.0,22.14,10.0,7.63,0.536,0.034,17.67,7.72,21.34,29.07,28.11,20.14,358.0,0.26,75.0,20.95,22.0,6.15,0.721,0.1559999999999999,21.48,9.63,20.09,29.72,30.19,22.32,56.0,0.269,13.0,23.21,3.0,5.36,0.6499999999999999,0.07699999999999996,34.86,19.39,12.76,32.14,32.26,25.0,80.0,0.134,30.0,37.5,10.0,12.5,0.402,0.03,37.93,19.76,13.17,32.93,33.13,27.27
745170,2024-06-11,2024,693304,R,664854,R,strikeout,True,False,76.0,0.309,16.0,21.05,4.0,5.26,0.832,0.176,26.67,14.33,11.4,25.73,31.21,16.0,86.0,0.234,21.0,24.42,3.0,3.49,0.638,0.1299999999999999,30.36,15.84,12.11,27.95,27.85,22.11,56.0,0.269,13.0,23.21,3.0,5.36,0.6499999999999999,0.07699999999999996,34.86,19.39,12.76,32.14,32.26,25.0,80.0,0.134,30.0,37.5,10.0,12.5,0.402,0.03,37.93,19.76,13.17,32.93,33.13,27.27
745170,2024-06-11,2024,669357,L,670280,R,home_run,False,False,160.0,0.227,56.0,35.0,18.0,11.25,0.796,0.255,39.75,19.48,14.46,33.94,30.27,25.93,378.0,0.231,124.0,32.8,42.0,11.11,0.7969999999999999,0.2459999999999999,35.96,17.73,12.12,29.85,28.13,25.15,57.0,0.173,14.0,24.56,4.0,7.02,0.593,0.192,23.73,12.73,15.45,28.18,32.65,20.0,135.0,0.22,39.0,28.89,12.0,8.89,0.606,0.0849999999999999,28.03,14.31,13.25,27.56,33.22,20.63
745170,2024-06-11,2024,571448,R,670280,R,strikeout,True,False,206.0,0.269,39.0,18.93,19.0,9.22,0.73,0.121,21.7,9.48,19.81,29.29,29.35,16.18,468.0,0.28,81.0,17.31,31.0,6.62,0.8089999999999999,0.2009999999999999,20.4,9.71,17.28,26.99,33.33,16.43,61.0,0.298,14.0,22.95,2.0,3.28,0.748,0.10600000000000004,28.24,14.34,15.89,30.23,36.57,16.87,142.0,0.209,41.0,28.87,9.0,6.34,0.5880000000000001,0.117,37.22,20.68,12.23,32.91,35.84,22.16
745170,2024-06-11,2024,680977,L,670280,R,field_out,False,False,185.0,0.227,31.0,16.76,16.0,8.65,0.6699999999999999,0.12899999999999998,17.18,6.97,20.22,27.2,22.72,15.35,309.0,0.294,43.0,13.92,27.0,8.74,0.831,0.166,14.96,6.32,19.2,25.52,22.53,13.27,57.0,0.173,14.0,24.56,4.0,7.02,0.593,0.192,23.73,12.73,15.45,28.18,32.65,20.0,135.0,0.22,39.0,28.89,12.0,8.89,0.606,0.0849999999999999,28.03,14.31,13.25,27.56,33.22,20.63
745170,2024-06-11,2024,665877,R,670280,R,walk,False,True,7.0,0.0,2.0,28.57,1.0,14.29,0.286,0.0,11.11,3.85,34.62,38.46,11.11,16.67,42.0,0.265,6.0,14.29,4.0,9.52,0.669,0.0289999999999999,14.29,5.84,18.83,24.68,21.05,14.63,61.0,0.298,14.0,22.95,2.0,3.28,0.748,0.10600000000000004,28.24,14.34,15.89,30.23,36.57,16.87,142.0,0.209,41.0,28.87,9.0,6.34,0.5880000000000001,0.117,37.22,20.68,12.23,32.91,35.84,22.16
745170,2024-06-11,2024,671056,R,670280,R,catcher_interf,False,False,120.0,0.275,26.0,21.67,9.0,7.5,0.7,0.09199999999999997,23.76,10.17,19.92,30.08,28.63,18.71,36.0,0.3,10.0,27.78,4.0,11.11,0.784,0.067,28.57,12.05,14.46,26.51,27.08,17.31,61.0,0.298,14.0,22.95,2.0,3.28,0.748,0.10600000000000004,28.24,14.34,15.89,30.23,36.57,16.87,142.0,0.209,41.0,28.87,9.0,6.34,0.5880000000000001,0.117,37.22,20.68,12.23,32.91,35.84,22.16
745170,2024-06-11,2024,672279,L,670280,R,strikeout,True,False,88.0,0.269,23.0,26.14,5.0,5.68,0.669,0.08999999999999997,29.01,14.07,18.26,32.34,28.57,22.55,3.0,0.0,1.0,33.33,0.0,0.0,0.0,0.0,40.0,14.29,21.43,35.71,0.0,50.0,57.0,0.173,14.0,24.56,4.0,7.02,0.593,0.192,23.73,12.73,15.45,28.18,32.65,20.0,135.0,0.22,39.0,28.89,12.0,8.89,0.606,0.0849999999999999,28.03,14.31,13.25,27.56,33.22,20.63
745409,2024-06-11,2024,647351,L,656302,R,hit_by_pitch,False,False,195.0,0.247,41.0,21.03,9.0,4.62,0.6599999999999999,0.11599999999999999,19.94,9.51,17.83,27.34,30.87,19.43,20.0,0.412,5.0,25.0,2.0,10.0,1.265,0.353,37.04,15.62,26.56,42.19,25.0,31.25,153.0,0.206,40.0,26.14,13.0,8.5,0.658,0.17600000000000002,28.19,12.88,15.34,28.22,28.99,19.7,398.0,0.268,91.0,22.86,30.0,7.54,0.797,0.193,27.04,12.73,15.25,27.98,28.21,19.36
745409,2024-06-11,2024,668709,L,656302,R,strikeout,True,False,219.0,0.24,40.0,18.26,26.0,11.87,0.757,0.187,25.47,10.92,17.07,27.99,22.27,18.35,232.0,0.209,53.0,22.84,35.0,15.09,0.726,0.184,28.61,12.18,15.3,27.48,19.27,20.46,153.0,0.206,40.0,26.14,13.0,8.5,0.658,0.17600000000000002,28.19,12.88,15.34,28.22,28.99,19.7,398.0,0.268,91.0,22.86,30.0,7.54,0.797,0.193,27.04,12.73,15.25,27.98,28.21,19.36
745409,2024-06-11,2024,667670,R,656302,R,strikeout,True,False,173.0,0.289,60.0,34.68,21.0,12.14,0.928,0.25500000000000006,37.9,18.08,13.21,31.29,30.13,27.4,351.0,0.23,115.0,32.76,33.0,9.4,0.788,0.2419999999999999,37.94,17.82,16.3,34.12,28.65,23.47,180.0,0.194,61.0,33.89,10.0,5.56,0.5449999999999999,0.10899999999999999,36.59,18.19,15.09,33.29,32.73,24.8,388.0,0.23,123.0,31.7,49.0,12.63,0.673,0.1139999999999999,34.99,15.88,15.7,31.59,28.15,21.5
745409,2024-06-11,2024,609280,R,656302,R,strikeout,True,False,50.0,0.286,9.0,18.0,0.0,0.0,0.7090000000000001,0.14300000000000002,13.68,7.07,18.48,25.54,38.04,18.0,52.0,0.229,6.0,11.54,4.0,7.69,0.705,0.1879999999999999,14.58,7.49,13.9,21.39,30.93,12.77,180.0,0.194,61.0,33.89,10.0,5.56,0.5449999999999999,0.10899999999999999,36.59,18.19,15.09,33.29,32.73,24.8,388.0,0.23,123.0,31.7,49.0,12.63,0.673,0.1139999999999999,34.99,15.88,15.7,31.59,28.15,21.5
745409,2024-06-11,2024,650333,L,683155,R,field_out,False,False,180.0,0.359,5.0,2.78,7.0,3.89,0.8320000000000001,0.08800000000000002,6.35,3.03,19.58,22.61,34.31,3.16,479.0,0.362,17.0,3.55,31.0,6.47,0.891,0.122,6.51,3.2,16.58,19.78,31.29,4.11,54.0,0.229,11.0,20.37,6.0,11.11,0.857,0.31300000000000006,20.0,10.64,13.19,23.83,24.0,11.83,26.0,0.304,4.0,15.38,2.0,7.69,1.124,0.435,31.82,15.05,16.13,31.18,22.5,16.67
745409,2024-06-11,2024,665487,R,683155,R,field_out,False,False,208.0,0.303,37.0,17.79,10.0,4.81,0.8900000000000001,0.24600000000000005,25.46,13.85,11.4,25.25,31.29,22.16,489.0,0.244,114.0,23.31,37.0,7.57,0.728,0.181,31.62,17.66,8.94,26.61,34.25,23.98,77.0,0.233,17.0,22.08,2.0,2.6,0.657,0.164,22.37,12.64,15.61,28.25,35.65,20.99,21.0,0.263,3.0,14.29,0.0,0.0,0.859,0.263,25.58,14.47,14.47,28.95,43.9,15.0
745409,2024-06-11,2024,595777,L,683155,R,walk,False,True,193.0,0.317,33.0,17.1,25.0,12.95,0.895,0.16099999999999998,17.55,7.97,14.81,22.78,22.75,13.56,375.0,0.229,68.0,18.13,37.0,9.87,0.6559999999999999,0.1159999999999999,21.66,10.43,14.17,24.61,26.12,14.59,54.0,0.229,11.0,20.37,6.0,11.11,0.857,0.31300000000000006,20.0,10.64,13.19,23.83,24.0,11.83,26.0,0.304,4.0,15.38,2.0,7.69,1.124,0.435,31.82,15.05,16.13,31.18,22.5,16.67
745409,2024-06-11,2024,630105,L,683155,R,field_out,False,False,195.0,0.281,31.0,15.9,16.0,8.21,0.867,0.239,17.4,8.05,17.11,25.16,23.12,12.86,367.0,0.23,59.0,16.08,36.0,9.81,0.7,0.154,14.92,6.99,16.69,23.68,24.61,14.08,54.0,0.229,11.0,20.37,6.0,11.11,0.857,0.31300000000000006,20.0,10.64,13.19,23.83,24.0,11.83,26.0,0.304,4.0,15.38,2.0,7.69,1.124,0.435,31.82,15.05,16.13,31.18,22.5,16.67
745409,2024-06-11,2024,691016,L,656302,R,home_run,False,False,68.0,0.211,24.0,35.29,10.0,14.71,0.706,0.157,34.51,14.72,16.23,30.94,28.87,36.36,118.0,0.159,37.0,31.36,10.0,8.47,0.472,0.0839999999999999,33.93,16.67,14.91,31.58,29.36,28.91,153.0,0.206,40.0,26.14,13.0,8.5,0.658,0.17600000000000002,28.19,12.88,15.34,28.22,28.99,19.7,398.0,0.268,91.0,22.86,30.0,7.54,0.797,0.193,27.04,12.73,15.25,27.98,28.21,19.36
745409,2024-06-11,2024,669127,R,656302,R,single,False,False,156.0,0.216,40.0,25.64,12.0,7.69,0.7769999999999999,0.273,29.26,14.18,16.7,30.88,32.16,25.97,344.0,0.217,101.0,29.36,23.0,6.69,0.7230000000000001,0.226,32.34,16.3,14.73,31.03,31.22,23.88,180.0,0.194,61.0,33.89,10.0,5.56,0.5449999999999999,0.10899999999999999,36.59,18.19,15.09,33.29,32.73,24.8,388.0,0.23,123.0,31.7,49.0,12.63,0.673,0.1139999999999999,34.99,15.88,15.7,31.59,28.15,21.5
745409,2024-06-11,2024,663662,R,656302,R,field_out,False,False,27.0,0.185,5.0,18.52,0.0,0.0,0.37,0.0,26.0,14.94,16.09,31.03,34.38,20.83,,,,,,,,,,,,,,,180.0,0.194,61.0,33.89,10.0,5.56,0.5449999999999999,0.10899999999999999,36.59,18.19,15.09,33.29,32.73,24.8,388.0,0.23,123.0,31.7,49.0,12.63,0.673,0.1139999999999999,34.99,15.88,15.7,31.59,28.15,21.5
745409,2024-06-11,2024,680869,R,656302,R,field_out,False,False,150.0,0.181,49.0,32.67,9.0,6.0,0.5249999999999999,0.10899999999999999,34.83,17.69,15.94,33.63,28.32,29.17,220.0,0.303,54.0,24.55,18.0,8.18,0.969,0.298,30.92,15.24,15.12,30.36,29.22,21.29,180.0,0.194,61.0,33.89,10.0,5.56,0.5449999999999999,0.10899999999999999,36.59,18.19,15.09,33.29,32.73,24.8,388.0,0.23,123.0,31.7,49.0,12.63,0.673,0.1139999999999999,34.99,15.88,15.7,31.59,28.15,21.5
745409,2024-06-11,2024,680474,R,656302,R,single,False,False,109.0,0.265,28.0,25.69,8.0,7.34,0.6799999999999999,0.08199999999999996,26.09,10.69,21.38,32.07,19.4,21.21,,,,,,,,,,,,,,,180.0,0.194,61.0,33.89,10.0,5.56,0.5449999999999999,0.10899999999999999,36.59,18.19,15.09,33.29,32.73,24.8,388.0,0.23,123.0,31.7,49.0,12.63,0.673,0.1139999999999999,34.99,15.88,15.7,31.59,28.15,21.5
745409,2024-06-11,2024,647351,L,656302,R,field_out,False,False,195.0,0.247,41.0,21.03,9.0,4.62,0.6599999999999999,0.11599999999999999,19.94,9.51,17.83,27.34,30.87,19.43,20.0,0.412,5.0,25.0,2.0,10.0,1.265,0.353,37.04,15.62,26.56,42.19,25.0,31.25,153.0,0.206,40.0,26.14,13.0,8.5,0.658,0.17600000000000002,28.19,12.88,15.34,28.22,28.99,19.7,398.0,0.268,91.0,22.86,30.0,7.54,0.797,0.193,27.04,12.73,15.25,27.98,28.21,19.36
745409,2024-06-11,2024,592518,R,683155,R,single,False,False,175.0,0.268,37.0,21.14,10.0,5.71,0.6699999999999999,0.09199999999999997,25.3,12.71,14.2,26.91,27.9,19.47,452.0,0.241,83.0,18.36,36.0,7.96,0.747,0.205,24.68,12.42,14.05,26.47,29.58,16.9,77.0,0.233,17.0,22.08,2.0,2.6,0.657,0.164,22.37,12.64,15.61,28.25,35.65,20.99,21.0,0.263,3.0,14.29,0.0,0.0,0.859,0.263,25.58,14.47,14.47,28.95,43.9,15.0
745409,2024-06-11,2024,456781,R,683155,R,strikeout,True,False,38.0,0.273,8.0,21.05,2.0,5.26,0.645,0.02999999999999997,16.44,7.89,21.71,29.61,26.23,14.04,297.0,0.28,68.0,22.9,29.0,9.76,0.766,0.1059999999999999,26.06,12.14,17.61,29.74,28.81,17.48,77.0,0.233,17.0,22.08,2.0,2.6,0.657,0.164,22.37,12.64,15.61,28.25,35.65,20.99,21.0,0.263,3.0,14.29,0.0,0.0,0.859,0.263,25.58,14.47,14.47,28.95,43.9,15.0
745409,2024-06-11,2024,701538,L,683155,R,single,False,False,164.0,0.314,25.0,15.24,9.0,5.49,0.7769999999999999,0.11099999999999999,17.18,9.4,13.42,22.82,36.49,13.3,,,,,,,,,,,,,,,54.0,0.229,11.0,20.37,6.0,11.11,0.857,0.31300000000000006,20.0,10.64,13.19,23.83,24.0,11.83,26.0,0.304,4.0,15.38,2.0,7.69,1.124,0.435,31.82,15.05,16.13,31.18,22.5,16.67
745409,2024-06-11,2024,673490,R,683155,R,walk,False,True,189.0,0.245,33.0,17.46,28.0,14.81,0.788,0.183,17.59,6.32,23.79,30.11,17.85,12.5,435.0,0.241,94.0,21.61,55.0,12.64,0.681,0.1,18.8,7.03,23.65,30.68,19.23,15.59,77.0,0.233,17.0,22.08,2.0,2.6,0.657,0.164,22.37,12.64,15.61,28.25,35.65,20.99,21.0,0.263,3.0,14.29,0.0,0.0,0.859,0.263,25.58,14.47,14.47,28.95,43.9,15.0
745409,2024-06-11,2024,669134,R,683155,R,field_out,False,False,146.0,0.279,21.0,14.38,10.0,6.85,0.741,0.13299999999999995,20.56,10.99,15.3,26.29,34.55,19.27,127.0,0.289,14.0,11.02,4.0,3.15,0.753,0.141,16.53,9.26,14.96,24.23,34.76,11.97,77.0,0.233,17.0,22.08,2.0,2.6,0.657,0.164,22.37,12.64,15.61,28.25,35.65,20.99,21.0,0.263,3.0,14.29,0.0,0.0,0.859,0.263,25.58,14.47,14.47,28.95,43.9,15.0
745409,2024-06-11,2024,650333,L,683155,R,field_out,False,False,180.0,0.359,5.0,2.78,7.0,3.89,0.8320000000000001,0.08800000000000002,6.35,3.03,19.58,22.61,34.31,3.16,479.0,0.362,17.0,3.55,31.0,6.47,0.891,0.122,6.51,3.2,16.58,19.78,31.29,4.11,54.0,0.229,11.0,20.37,6.0,11.11,0.857,0.31300000000000006,20.0,10.64,13.19,23.83,24.0,11.83,26.0,0.304,4.0,15.38,2.0,7.69,1.124,0.435,31.82,15.05,16.13,31.18,22.5,16.67
745409,2024-06-11,2024,668709,L,656302,R,field_out,False,False,219.0,0.24,40.0,18.26,26.0,11.87,0.757,0.187,25.47,10.92,17.07,27.99,22.27,18.35,232.0,0.209,53.0,22.84,35.0,15.09,0.726,0.184,28.61,12.18,15.3,27.48,19.27,20.46,153.0,0.206,40.0,26.14,13.0,8.5,0.658,0.17600000000000002,28.19,12.88,15.34,28.22,28.99,19.7,398.0,0.268,91.0,22.86,30.0,7.54,0.797,0.193,27.04,12.73,15.25,27.98,28.21,19.36
745409,2024-06-11,2024,667670,R,656302,R,strikeout,True,False,173.0,0.289,60.0,34.68,21.0,12.14,0.928,0.25500000000000006,37.9,18.08,13.21,31.29,30.13,27.4,351.0,0.23,115.0,32.76,33.0,9.4,0.788,0.2419999999999999,37.94,17.82,16.3,34.12,28.65,23.47,180.0,0.194,61.0,33.89,10.0,5.56,0.5449999999999999,0.10899999999999999,36.59,18.19,15.09,33.29,32.73,24.8,388.0,0.23,123.0,31.7,49.0,12.63,0.673,0.1139999999999999,34.99,15.88,15.7,31.59,28.15,21.5
745409,2024-06-11,2024,609280,R,656302,R,double,False,False,50.0,0.286,9.0,18.0,0.0,0.0,0.7090000000000001,0.14300000000000002,13.68,7.07,18.48,25.54,38.04,18.0,52.0,0.229,6.0,11.54,4.0,7.69,0.705,0.1879999999999999,14.58,7.49,13.9,21.39,30.93,12.77,180.0,0.194,61.0,33.89,10.0,5.56,0.5449999999999999,0.10899999999999999,36.59,18.19,15.09,33.29,32.73,24.8,388.0,0.23,123.0,31.7,49.0,12.63,0.673,0.1139999999999999,34.99,15.88,15.7,31.59,28.15,21.5
745409,2024-06-11,2024,691016,L,656302,R,field_out,False,False,68.0,0.211,24.0,35.29,10.0,14.71,0.706,0.157,34.51,14.72,16.23,30.94,28.87,36.36,118.0,0.159,37.0,31.36,10.0,8.47,0.472,0.0839999999999999,33.93,16.67,14.91,31.58,29.36,28.91,153.0,0.206,40.0,26.14,13.0,8.5,0.658,0.17600000000000002,28.19,12.88,15.34,28.22,28.99,19.7,398.0,0.268,91.0,22.86,30.0,7.54,0.797,0.193,27.04,12.73,15.25,27.98,28.21,19.36
745409,2024-06-11,2024,665487,R,683155,R,field_out,False,False,208.0,0.303,37.0,17.79,10.0,4.81,0.8900000000000001,0.24600000000000005,25.46,13.85,11.4,25.25,31.29,22.16,489.0,0.244,114.0,23.31,37.0,7.57,0.728,0.181,31.62,17.66,8.94,26.61,34.25,23.98,77.0,0.233,17.0,22.08,2.0,2.6,0.657,0.164,22.37,12.64,15.61,28.25,35.65,20.99,21.0,0.263,3.0,14.29,0.0,0.0,0.859,0.263,25.58,14.47,14.47,28.95,43.9,15.0
745409,2024-06-11,2024,595777,L,683155,R,field_out,False,False,193.0,0.317,33.0,17.1,25.0,12.95,0.895,0.16099999999999998,17.55,7.97,14.81,22.78,22.75,13.56,375.0,0.229,68.0,18.13,37.0,9.87,0.6559999999999999,0.1159999999999999,21.66,10.43,14.17,24.61,26.12,14.59,54.0,0.229,11.0,20.37,6.0,11.11,0.857,0.31300000000000006,20.0,10.64,13.19,23.83,24.0,11.83,26.0,0.304,4.0,15.38,2.0,7.69,1.124,0.435,31.82,15.05,16.13,31.18,22.5,16.67
745409,2024-06-11,2024,630105,L,683155,R,home_run,False,False,195.0,0.281,31.0,15.9,16.0,8.21,0.867,0.239,17.4,8.05,17.11,25.16,23.12,12.86,367.0,0.23,59.0,16.08,36.0,9.81,0.7,0.154,14.92,6.99,16.69,23.68,24.61,14.08,54.0,0.229,11.0,20.37,6.0,11.11,0.857,0.31300000000000006,20.0,10.64,13.19,23.83,24.0,11.83,26.0,0.304,4.0,15.38,2.0,7.69,1.124,0.435,31.82,15.05,16.13,31.18,22.5,16.67
745409,2024-06-11,2024,592518,R,683155,R,field_out,False,False,175.0,0.268,37.0,21.14,10.0,5.71,0.6699999999999999,0.09199999999999997,25.3,12.71,14.2,26.91,27.9,19.47,452.0,0.241,83.0,18.36,36.0,7.96,0.747,0.205,24.68,12.42,14.05,26.47,29.58,16.9,77.0,0.233,17.0,22.08,2.0,2.6,0.657,0.164,22.37,12.64,15.61,28.25,35.65,20.99,21.0,0.263,3.0,14.29,0.0,0.0,0.859,0.263,25.58,14.47,14.47,28.95,43.9,15.0
745409,2024-06-11,2024,669127,R,656302,R,field_out,False,False,156.0,0.216,40.0,25.64,12.0,7.69,0.7769999999999999,0.273,29.26,14.18,16.7,30.88,32.16,25.97,344.0,0.217,101.0,29.36,23.0,6.69,0.7230000000000001,0.226,32.34,16.3,14.73,31.03,31.22,23.88,180.0,0.194,61.0,33.89,10.0,5.56,0.5449999999999999,0.10899999999999999,36.59,18.19,15.09,33.29,32.73,24.8,388.0,0.23,123.0,31.7,49.0,12.63,0.673,0.1139999999999999,34.99,15.88,15.7,31.59,28.15,21.5
745409,2024-06-11,2024,663662,R,656302,R,strikeout,True,False,27.0,0.185,5.0,18.52,0.0,0.0,0.37,0.0,26.0,14.94,16.09,31.03,34.38,20.83,,,,,,,,,,,,,,,180.0,0.194,61.0,33.89,10.0,5.56,0.5449999999999999,0.10899999999999999,36.59,18.19,15.09,33.29,32.73,24.8,388.0,0.23,123.0,31.7,49.0,12.63,0.673,0.1139999999999999,34.99,15.88,15.7,31.59,28.15,21.5
745409,2024-06-11,2024,680869,R,656302,R,single,False,False,150.0,0.181,49.0,32.67,9.0,6.0,0.5249999999999999,0.10899999999999999,34.83,17.69,15.94,33.63,28.32,29.17,220.0,0.303,54.0,24.55,18.0,8.18,0.969,0.298,30.92,15.24,15.12,30.36,29.22,21.29,180.0,0.194,61.0,33.89,10.0,5.56,0.5449999999999999,0.10899999999999999,36.59,18.19,15.09,33.29,32.73,24.8,388.0,0.23,123.0,31.7,49.0,12.63,0.673,0.1139999999999999,34.99,15.88,15.7,31.59,28.15,21.5
745409,2024-06-11,2024,680474,R,656302,R,strikeout,True,False,109.0,0.265,28.0,25.69,8.0,7.34,0.6799999999999999,0.08199999999999996,26.09,10.69,21.38,32.07,19.4,21.21,,,,,,,,,,,,,,,180.0,0.194,61.0,33.89,10.0,5.56,0.5449999999999999,0.10899999999999999,36.59,18.19,15.09,33.29,32.73,24.8,388.0,0.23,123.0,31.7,49.0,12.63,0.673,0.1139999999999999,34.99,15.88,15.7,31.59,28.15,21.5
745409,2024-06-11,2024,456781,R,683155,R,strikeout,True,False,38.0,0.273,8.0,21.05,2.0,5.26,0.645,0.02999999999999997,16.44,7.89,21.71,29.61,26.23,14.04,297.0,0.28,68.0,22.9,29.0,9.76,0.766,0.1059999999999999,26.06,12.14,17.61,29.74,28.81,17.48,77.0,0.233,17.0,22.08,2.0,2.6,0.657,0.164,22.37,12.64,15.61,28.25,35.65,20.99,21.0,0.263,3.0,14.29,0.0,0.0,0.859,0.263,25.58,14.47,14.47,28.95,43.9,15.0
745409,2024-06-11,2024,701538,L,683155,R,double,False,False,164.0,0.314,25.0,15.24,9.0,5.49,0.7769999999999999,0.11099999999999999,17.18,9.4,13.42,22.82,36.49,13.3,,,,,,,,,,,,,,,54.0,0.229,11.0,20.37,6.0,11.11,0.857,0.31300000000000006,20.0,10.64,13.19,23.83,24.0,11.83,26.0,0.304,4.0,15.38,2.0,7.69,1.124,0.435,31.82,15.05,16.13,31.18,22.5,16.67
745409,2024-06-11,2024,673490,R,683155,R,single,False,False,189.0,0.245,33.0,17.46,28.0,14.81,0.788,0.183,17.59,6.32,23.79,30.11,17.85,12.5,435.0,0.241,94.0,21.61,55.0,12.64,0.681,0.1,18.8,7.03,23.65,30.68,19.23,15.59,77.0,0.233,17.0,22.08,2.0,2.6,0.657,0.164,22.37,12.64,15.61,28.25,35.65,20.99,21.0,0.263,3.0,14.29,0.0,0.0,0.859,0.263,25.58,14.47,14.47,28.95,43.9,15.0
745409,2024-06-11,2024,669134,R,683155,R,double,False,False,146.0,0.279,21.0,14.38,10.0,6.85,0.741,0.13299999999999995,20.56,10.99,15.3,26.29,34.55,19.27,127.0,0.289,14.0,11.02,4.0,3.15,0.753,0.141,16.53,9.26,14.96,24.23,34.76,11.97,77.0,0.233,17.0,22.08,2.0,2.6,0.657,0.164,22.37,12.64,15.61,28.25,35.65,20.99,21.0,0.263,3.0,14.29,0.0,0.0,0.859,0.263,25.58,14.47,14.47,28.95,43.9,15.0
745409,2024-06-11,2024,650333,L,683155,R,field_out,False,False,180.0,0.359,5.0,2.78,7.0,3.89,0.8320000000000001,0.08800000000000002,6.35,3.03,19.58,22.61,34.31,3.16,479.0,0.362,17.0,3.55,31.0,6.47,0.891,0.122,6.51,3.2,16.58,19.78,31.29,4.11,54.0,0.229,11.0,20.37,6.0,11.11,0.857,0.31300000000000006,20.0,10.64,13.19,23.83,24.0,11.83,26.0,0.304,4.0,15.38,2.0,7.69,1.124,0.435,31.82,15.05,16.13,31.18,22.5,16.67
745409,2024-06-11,2024,647351,L,656302,R,field_out,False,False,195.0,0.247,41.0,21.03,9.0,4.62,0.6599999999999999,0.11599999999999999,19.94,9.51,17.83,27.34,30.87,19.43,20.0,0.412,5.0,25.0,2.0,10.0,1.265,0.353,37.04,15.62,26.56,42.19,25.0,31.25,153.0,0.206,40.0,26.14,13.0,8.5,0.658,0.17600000000000002,28.19,12.88,15.34,28.22,28.99,19.7,398.0,0.268,91.0,22.86,30.0,7.54,0.797,0.193,27.04,12.73,15.25,27.98,28.21,19.36
745409,2024-06-11,2024,668709,L,656302,R,strikeout,True,False,219.0,0.24,40.0,18.26,26.0,11.87,0.757,0.187,25.47,10.92,17.07,27.99,22.27,18.35,232.0,0.209,53.0,22.84,35.0,15.09,0.726,0.184,28.61,12.18,15.3,27.48,19.27,20.46,153.0,0.206,40.0,26.14,13.0,8.5,0.658,0.17600000000000002,28.19,12.88,15.34,28.22,28.99,19.7,398.0,0.268,91.0,22.86,30.0,7.54,0.797,0.193,27.04,12.73,15.25,27.98,28.21,19.36
745409,2024-06-11,2024,667670,R,656302,R,single,False,False,173.0,0.289,60.0,34.68,21.0,12.14,0.928,0.25500000000000006,37.9,18.08,13.21,31.29,30.13,27.4,351.0,0.23,115.0,32.76,33.0,9.4,0.788,0.2419999999999999,37.94,17.82,16.3,34.12,28.65,23.47,180.0,0.194,61.0,33.89,10.0,5.56,0.5449999999999999,0.10899999999999999,36.59,18.19,15.09,33.29,32.73,24.8,388.0,0.23,123.0,31.7,49.0,12.63,0.673,0.1139999999999999,34.99,15.88,15.7,31.59,28.15,21.5
745409,2024-06-11,2024,609280,R,656302,R,single,False,False,50.0,0.286,9.0,18.0,0.0,0.0,0.7090000000000001,0.14300000000000002,13.68,7.07,18.48,25.54,38.04,18.0,52.0,0.229,6.0,11.54,4.0,7.69,0.705,0.1879999999999999,14.58,7.49,13.9,21.39,30.93,12.77,180.0,0.194,61.0,33.89,10.0,5.56,0.5449999999999999,0.10899999999999999,36.59,18.19,15.09,33.29,32.73,24.8,388.0,0.23,123.0,31.7,49.0,12.63,0.673,0.1139999999999999,34.99,15.88,15.7,31.59,28.15,21.5
745409,2024-06-11,2024,691016,L,656302,R,field_out,False,False,68.0,0.211,24.0,35.29,10.0,14.71,0.706,0.157,34.51,14.72,16.23,30.94,28.87,36.36,118.0,0.159,37.0,31.36,10.0,8.47,0.472,0.0839999999999999,33.93,16.67,14.91,31.58,29.36,28.91,153.0,0.206,40.0,26.14,13.0,8.5,0.658,0.17600000000000002,28.19,12.88,15.34,28.22,28.99,19.7,398.0,0.268,91.0,22.86,30.0,7.54,0.797,0.193,27.04,12.73,15.25,27.98,28.21,19.36
745409,2024-06-11,2024,665487,R,683155,R,home_run,False,False,208.0,0.303,37.0,17.79,10.0,4.81,0.8900000000000001,0.24600000000000005,25.46,13.85,11.4,25.25,31.29,22.16,489.0,0.244,114.0,23.31,37.0,7.57,0.728,0.181,31.62,17.66,8.94,26.61,34.25,23.98,77.0,0.233,17.0,22.08,2.0,2.6,0.657,0.164,22.37,12.64,15.61,28.25,35.65,20.99,21.0,0.263,3.0,14.29,0.0,0.0,0.859,0.263,25.58,14.47,14.47,28.95,43.9,15.0
745409,2024-06-11,2024,595777,L,683155,R,field_out,False,False,193.0,0.317,33.0,17.1,25.0,12.95,0.895,0.16099999999999998,17.55,7.97,14.81,22.78,22.75,13.56,375.0,0.229,68.0,18.13,37.0,9.87,0.6559999999999999,0.1159999999999999,21.66,10.43,14.17,24.61,26.12,14.59,54.0,0.229,11.0,20.37,6.0,11.11,0.857,0.31300000000000006,20.0,10.64,13.19,23.83,24.0,11.83,26.0,0.304,4.0,15.38,2.0,7.69,1.124,0.435,31.82,15.05,16.13,31.18,22.5,16.67
745409,2024-06-11,2024,630105,L,683155,R,double,False,False,195.0,0.281,31.0,15.9,16.0,8.21,0.867,0.239,17.4,8.05,17.11,25.16,23.12,12.86,367.0,0.23,59.0,16.08,36.0,9.81,0.7,0.154,14.92,6.99,16.69,23.68,24.61,14.08,54.0,0.229,11.0,20.37,6.0,11.11,0.857,0.31300000000000006,20.0,10.64,13.19,23.83,24.0,11.83,26.0,0.304,4.0,15.38,2.0,7.69,1.124,0.435,31.82,15.05,16.13,31.18,22.5,16.67
745409,2024-06-11,2024,592518,R,683155,R,strikeout,True,False,175.0,0.268,37.0,21.14,10.0,5.71,0.6699999999999999,0.09199999999999997,25.3,12.71,14.2,26.91,27.9,19.47,452.0,0.241,83.0,18.36,36.0,7.96,0.747,0.205,24.68,12.42,14.05,26.47,29.58,16.9,77.0,0.233,17.0,22.08,2.0,2.6,0.657,0.164,22.37,12.64,15.61,28.25,35.65,20.99,21.0,0.263,3.0,14.29,0.0,0.0,0.859,0.263,25.58,14.47,14.47,28.95,43.9,15.0
745409,2024-06-11,2024,456781,R,683155,R,field_out,False,False,38.0,0.273,8.0,21.05,2.0,5.26,0.645,0.02999999999999997,16.44,7.89,21.71,29.61,26.23,14.04,297.0,0.28,68.0,22.9,29.0,9.76,0.766,0.1059999999999999,26.06,12.14,17.61,29.74,28.81,17.48,77.0,0.233,17.0,22.08,2.0,2.6,0.657,0.164,22.37,12.64,15.61,28.25,35.65,20.99,21.0,0.263,3.0,14.29,0.0,0.0,0.859,0.263,25.58,14.47,14.47,28.95,43.9,15.0
745409,2024-06-11,2024,669127,R,656302,R,field_out,False,False,156.0,0.216,40.0,25.64,12.0,7.69,0.7769999999999999,0.273,29.26,14.18,16.7,30.88,32.16,25.97,344.0,0.217,101.0,29.36,23.0,6.69,0.7230000000000001,0.226,32.34,16.3,14.73,31.03,31.22,23.88,180.0,0.194,61.0,33.89,10.0,5.56,0.5449999999999999,0.10899999999999999,36.59,18.19,15.09,33.29,32.73,24.8,388.0,0.23,123.0,31.7,49.0,12.63,0.673,0.1139999999999999,34.99,15.88,15.7,31.59,28.15,21.5
745409,2024-06-11,2024,663662,R,656302,R,strikeout,True,False,27.0,0.185,5.0,18.52,0.0,0.0,0.37,0.0,26.0,14.94,16.09,31.03,34.38,20.83,,,,,,,,,,,,,,,180.0,0.194,61.0,33.89,10.0,5.56,0.5449999999999999,0.10899999999999999,36.59,18.19,15.09,33.29,32.73,24.8,388.0,0.23,123.0,31.7,49.0,12.63,0.673,0.1139999999999999,34.99,15.88,15.7,31.59,28.15,21.5
745409,2024-06-11,2024,680869,R,656302,R,single,False,False,150.0,0.181,49.0,32.67,9.0,6.0,0.5249999999999999,0.10899999999999999,34.83,17.69,15.94,33.63,28.32,29.17,220.0,0.303,54.0,24.55,18.0,8.18,0.969,0.298,30.92,15.24,15.12,30.36,29.22,21.29,180.0,0.194,61.0,33.89,10.0,5.56,0.5449999999999999,0.10899999999999999,36.59,18.19,15.09,33.29,32.73,24.8,388.0,0.23,123.0,31.7,49.0,12.63,0.673,0.1139999999999999,34.99,15.88,15.7,31.59,28.15,21.5
745409,2024-06-11,2024,680474,R,656302,R,walk,False,True,109.0,0.265,28.0,25.69,8.0,7.34,0.6799999999999999,0.08199999999999996,26.09,10.69,21.38,32.07,19.4,21.21,,,,,,,,,,,,,,,180.0,0.194,61.0,33.89,10.0,5.56,0.5449999999999999,0.10899999999999999,36.59,18.19,15.09,33.29,32.73,24.8,388.0,0.23,123.0,31.7,49.0,12.63,0.673,0.1139999999999999,34.99,15.88,15.7,31.59,28.15,21.5
745409,2024-06-11,2024,647351,L,656302,R,field_out,False,False,195.0,0.247,41.0,21.03,9.0,4.62,0.6599999999999999,0.11599999999999999,19.94,9.51,17.83,27.34,30.87,19.43,20.0,0.412,5.0,25.0,2.0,10.0,1.265,0.353,37.04,15.62,26.56,42.19,25.0,31.25,153.0,0.206,40.0,26.14,13.0,8.5,0.658,0.17600000000000002,28.19,12.88,15.34,28.22,28.99,19.7,398.0,0.268,91.0,22.86,30.0,7.54,0.797,0.193,27.04,12.73,15.25,27.98,28.21,19.36
745409,2024-06-11,2024,701538,L,656794,L,field_out,False,False,64.0,0.2,7.0,10.94,3.0,4.69,0.451,0.016999999999999987,17.89,9.44,13.73,23.18,30.7,10.61,,,,,,,,,,,,,,,7.0,0.0,3.0,42.86,0.0,0.0,0.143,0.0,33.33,9.68,22.58,32.26,12.5,37.5,20.0,0.059,6.0,30.0,3.0,15.0,0.259,0.0,24.39,11.11,18.89,30.0,28.21,16.67
745409,2024-06-11,2024,673490,R,656794,L,walk,False,True,77.0,0.194,11.0,14.29,9.0,11.69,0.6619999999999999,0.179,14.71,6.27,21.0,27.27,18.84,11.11,191.0,0.302,30.0,15.71,20.0,10.47,0.897,0.219,15.84,6.63,22.21,28.83,23.47,11.49,9.0,0.333,1.0,11.11,3.0,33.33,0.889,0.0,18.75,6.82,15.91,22.73,25.0,8.33,41.0,0.212,11.0,26.83,6.0,14.63,0.73,0.152,20.0,8.9,16.75,25.65,27.18,17.19
745409,2024-06-11,2024,669134,R,656794,L,field_out,False,False,49.0,0.087,5.0,10.2,3.0,6.12,0.31699999999999995,0.087,16.09,8.05,14.94,22.99,31.82,12.2,47.0,0.405,7.0,14.89,3.0,6.38,1.114,0.262,21.88,11.54,12.09,23.63,36.79,11.67,9.0,0.333,1.0,11.11,3.0,33.33,0.889,0.0,18.75,6.82,15.91,22.73,25.0,8.33,41.0,0.212,11.0,26.83,6.0,14.63,0.73,0.152,20.0,8.9,16.75,25.65,27.18,17.19
745409,2024-06-11,2024,650333,L,656794,L,field_out,False,False,119.0,0.273,13.0,10.92,5.0,4.2,0.628,0.02699999999999997,13.27,6.06,19.81,25.87,32.41,12.5,138.0,0.326,17.0,12.32,4.0,2.9,0.76,0.0909999999999999,12.5,6.61,16.32,22.93,33.48,12.88,7.0,0.0,3.0,42.86,0.0,0.0,0.143,0.0,33.33,9.68,22.58,32.26,12.5,37.5,20.0,0.059,6.0,30.0,3.0,15.0,0.259,0.0,24.39,11.11,18.89,30.0,28.21,16.67
745409,2024-06-11,2024,668709,L,670970,L,strikeout,True,False,53.0,0.204,13.0,24.53,3.0,5.66,0.76,0.30600000000000005,29.79,13.93,16.42,30.35,26.8,23.21,72.0,0.154,19.0,26.39,7.0,9.72,0.482,0.092,27.07,12.54,16.03,28.57,22.56,21.84,39.0,0.118,17.0,43.59,3.0,7.69,0.32599999999999996,0.028999999999999998,34.21,16.15,18.01,34.16,29.73,27.87,18.0,0.267,5.0,27.78,2.0,11.11,0.753,0.133,20.0,8.82,19.12,27.94,20.0,23.81
745409,2024-06-11,2024,667670,R,670970,L,strikeout,True,False,55.0,0.212,18.0,32.73,3.0,5.45,0.755,0.28800000000000003,29.91,16.24,15.23,31.47,37.89,29.51,175.0,0.279,57.0,32.57,16.0,9.14,0.873,0.24,38.91,17.09,17.51,34.6,24.59,28.22,64.0,0.283,15.0,23.44,4.0,6.25,0.761,0.15000000000000002,29.92,16.17,13.19,29.36,38.05,22.06,26.0,0.435,3.0,11.54,3.0,11.54,1.152,0.217,15.0,6.38,15.96,22.34,15.22,15.79
745409,2024-06-11,2024,609280,R,670970,L,walk,False,True,8.0,0.571,0.0,0.0,1.0,12.5,1.625,0.42900000000000005,0.0,0.0,23.53,23.53,21.43,0.0,38.0,0.278,7.0,18.42,2.0,5.26,0.8720000000000001,0.278,30.99,15.71,20.71,36.43,50.0,16.67,64.0,0.283,15.0,23.44,4.0,6.25,0.761,0.15000000000000002,29.92,16.17,13.19,29.36,38.05,22.06,26.0,0.435,3.0,11.54,3.0,11.54,1.152,0.217,15.0,6.38,15.96,22.34,15.22,15.79
745409,2024-06-11,2024,605204,R,669093,R,strikeout,True,False,90.0,0.212,22.0,24.44,3.0,3.33,0.5740000000000001,0.10600000000000001,37.43,21.27,12.7,33.97,29.29,27.85,390.0,0.249,110.0,28.21,40.0,10.26,0.742,0.1589999999999999,35.24,18.37,11.47,29.84,26.41,23.09,46.0,0.146,19.0,41.3,4.0,8.7,0.437,0.07400000000000001,36.67,17.55,14.36,31.91,28.26,33.93,34.0,0.308,9.0,26.47,7.0,20.59,1.21,0.461,27.4,12.99,12.34,25.32,24.05,17.65
745409,2024-06-11,2024,665487,R,656794,L,strikeout,True,False,91.0,0.208,24.0,26.37,17.0,18.68,0.652,0.07000000000000003,26.75,11.11,15.08,26.19,20.59,19.51,146.0,0.305,27.0,18.49,16.0,10.96,0.915,0.226,26.9,13.07,10.55,23.62,26.91,14.44,9.0,0.333,1.0,11.11,3.0,33.33,0.889,0.0,18.75,6.82,15.91,22.73,25.0,8.33,41.0,0.212,11.0,26.83,6.0,14.63,0.73,0.152,20.0,8.9,16.75,25.65,27.18,17.19
745409,2024-06-11,2024,595777,R,656794,L,walk,False,True,82.0,0.343,7.0,8.54,11.0,13.41,1.003,0.22799999999999992,16.67,7.21,16.3,23.51,23.42,6.45,147.0,0.275,22.0,14.97,13.0,8.84,0.774,0.1519999999999999,15.44,6.84,17.44,24.27,22.81,13.33,9.0,0.333,1.0,11.11,3.0,33.33,0.889,0.0,18.75,6.82,15.91,22.73,25.0,8.33,41.0,0.212,11.0,26.83,6.0,14.63,0.73,0.152,20.0,8.9,16.75,25.65,27.18,17.19
745409,2024-06-11,2024,630105,L,656794,L,hit_by_pitch,False,False,84.0,0.211,15.0,17.86,6.0,7.14,0.577,0.092,16.35,7.58,15.45,23.03,19.88,14.15,156.0,0.229,38.0,24.36,10.0,6.41,0.665,0.1349999999999999,18.48,9.0,20.1,29.1,30.82,17.84,7.0,0.0,3.0,42.86,0.0,0.0,0.143,0.0,33.33,9.68,22.58,32.26,12.5,37.5,20.0,0.059,6.0,30.0,3.0,15.0,0.259,0.0,24.39,11.11,18.89,30.0,28.21,16.67
745409,2024-06-11,2024,592518,R,656794,L,single,False,False,71.0,0.222,16.0,22.54,8.0,11.27,0.7070000000000001,0.17500000000000002,28.69,13.31,14.07,27.38,24.44,20.27,150.0,0.308,26.0,17.33,14.0,9.33,0.887,0.203,21.32,9.67,16.52,26.19,28.38,16.56,9.0,0.333,1.0,11.11,3.0,33.33,0.889,0.0,18.75,6.82,15.91,22.73,25.0,8.33,41.0,0.212,11.0,26.83,6.0,14.63,0.73,0.152,20.0,8.9,16.75,25.65,27.18,17.19
745409,2024-06-11,2024,456781,R,671305,R,walk,False,True,38.0,0.273,8.0,21.05,2.0,5.26,0.645,0.02999999999999997,16.44,7.89,21.71,29.61,26.23,14.04,297.0,0.28,68.0,22.9,29.0,9.76,0.766,0.1059999999999999,26.06,12.14,17.61,29.74,28.81,17.48,3.0,0.0,0.0,0.0,1.0,33.33,0.333,0.0,16.67,8.33,8.33,16.67,0.0,0.0,,,,,,,,,,,,,,
745409,2024-06-11,2024,701538,L,671305,R,single,False,False,164.0,0.314,25.0,15.24,9.0,5.49,0.7769999999999999,0.11099999999999999,17.18,9.4,13.42,22.82,36.49,13.3,,,,,,,,,,,,,,,1.0,1.0,0.0,0.0,0.0,0.0,2.0,0.0,33.33,16.67,0.0,16.67,0.0,0.0,,,,,,,,,,,,,,
745409,2024-06-11,2024,673490,R,671305,R,sac_fly,False,False,189.0,0.245,33.0,17.46,28.0,14.81,0.788,0.183,17.59,6.32,23.79,30.11,17.85,12.5,435.0,0.241,94.0,21.61,55.0,12.64,0.681,0.1,18.8,7.03,23.65,30.68,19.23,15.59,3.0,0.0,0.0,0.0,1.0,33.33,0.333,0.0,16.67,8.33,8.33,16.67,0.0,0.0,,,,,,,,,,,,,,
745409,2024-06-11,2024,669134,R,671305,R,field_out,False,False,146.0,0.279,21.0,14.38,10.0,6.85,0.741,0.13299999999999995,20.56,10.99,15.3,26.29,34.55,19.27,127.0,0.289,14.0,11.02,4.0,3.15,0.753,0.141,16.53,9.26,14.96,24.23,34.76,11.97,3.0,0.0,0.0,0.0,1.0,33.33,0.333,0.0,16.67,8.33,8.33,16.67,0.0,0.0,,,,,,,,,,,,,,
745409,2024-06-11,2024,669127,R,660853,R,walk,False,True,156.0,0.216,40.0,25.64,12.0,7.69,0.7769999999999999,0.273,29.26,14.18,16.7,30.88,32.16,25.97,344.0,0.217,101.0,29.36,23.0,6.69,0.7230000000000001,0.226,32.34,16.3,14.73,31.03,31.22,23.88,76.0,0.225,25.0,32.89,4.0,5.26,0.67,0.169,34.32,19.02,15.08,34.1,30.23,22.12,143.0,0.171,44.0,30.77,10.0,6.99,0.516,0.093,35.46,18.12,15.04,33.15,32.74,25.88
745409,2024-06-11,2024,663662,R,660853,R,strikeout,True,False,27.0,0.185,5.0,18.52,0.0,0.0,0.37,0.0,26.0,14.94,16.09,31.03,34.38,20.83,,,,,,,,,,,,,,,76.0,0.225,25.0,32.89,4.0,5.26,0.67,0.169,34.32,19.02,15.08,34.1,30.23,22.12,143.0,0.171,44.0,30.77,10.0,6.99,0.516,0.093,35.46,18.12,15.04,33.15,32.74,25.88
745409,2024-06-11,2024,680869,R,660853,R,field_out,False,False,150.0,0.181,49.0,32.67,9.0,6.0,0.5249999999999999,0.10899999999999999,34.83,17.69,15.94,33.63,28.32,29.17,220.0,0.303,54.0,24.55,18.0,8.18,0.969,0.298,30.92,15.24,15.12,30.36,29.22,21.29,76.0,0.225,25.0,32.89,4.0,5.26,0.67,0.169,34.32,19.02,15.08,34.1,30.23,22.12,143.0,0.171,44.0,30.77,10.0,6.99,0.516,0.093,35.46,18.12,15.04,33.15,32.74,25.88
745409,2024-06-11,2024,680474,R,660853,R,strikeout,True,False,109.0,0.265,28.0,25.69,8.0,7.34,0.6799999999999999,0.08199999999999996,26.09,10.69,21.38,32.07,19.4,21.21,,,,,,,,,,,,,,,76.0,0.225,25.0,32.89,4.0,5.26,0.67,0.169,34.32,19.02,15.08,34.1,30.23,22.12,143.0,0.171,44.0,30.77,10.0,6.99,0.516,0.093,35.46,18.12,15.04,33.15,32.74,25.88
745409,2024-06-11,2024,650333,L,519008,L,strikeout,True,False,119.0,0.273,13.0,10.92,5.0,4.2,0.628,0.02699999999999997,13.27,6.06,19.81,25.87,32.41,12.5,138.0,0.326,17.0,12.32,4.0,2.9,0.76,0.0909999999999999,12.5,6.61,16.32,22.93,33.48,12.88,54.0,0.275,9.0,16.67,2.0,3.7,0.688,0.09799999999999998,22.73,10.75,22.04,32.8,32.1,20.93,5.0,0.25,1.0,20.0,1.0,20.0,0.65,0.0,42.86,15.79,10.53,26.32,16.67,100.0
745409,2024-06-11,2024,665487,R,519008,L,strikeout,True,False,91.0,0.208,24.0,26.37,17.0,18.68,0.652,0.07000000000000003,26.75,11.11,15.08,26.19,20.59,19.51,146.0,0.305,27.0,18.49,16.0,10.96,0.915,0.226,26.9,13.07,10.55,23.62,26.91,14.44,52.0,0.298,9.0,17.31,4.0,7.69,0.729,0.08500000000000002,20.69,8.74,19.9,28.64,30.39,18.75,6.0,0.6,1.0,16.67,0.0,0.0,1.467,0.2,31.25,15.62,12.5,28.12,42.86,6.25
745409,2024-06-11,2024,640492,R,519008,L,field_out,False,False,41.0,0.211,9.0,21.95,2.0,4.88,0.487,0.025999999999999995,30.3,19.74,7.89,27.63,52.38,16.36,54.0,0.184,12.0,22.22,1.0,1.85,0.481,0.081,22.12,13.74,10.44,24.18,49.0,21.82,52.0,0.298,9.0,17.31,4.0,7.69,0.729,0.08500000000000002,20.69,8.74,19.9,28.64,30.39,18.75,6.0,0.6,1.0,16.67,0.0,0.0,1.467,0.2,31.25,15.62,12.5,28.12,42.86,6.25
745409,2024-06-11,2024,647351,L,663158,R,strikeout,True,False,195.0,0.247,41.0,21.03,9.0,4.62,0.6599999999999999,0.11599999999999999,19.94,9.51,17.83,27.34,30.87,19.43,20.0,0.412,5.0,25.0,2.0,10.0,1.265,0.353,37.04,15.62,26.56,42.19,25.0,31.25,39.0,0.118,12.0,30.77,5.0,12.82,0.525,0.176,24.24,13.64,9.09,22.73,27.27,20.0,46.0,0.146,9.0,19.57,4.0,8.7,0.534,0.171,28.57,13.79,14.78,28.57,26.88,12.68
745409,2024-06-11,2024,668709,L,663158,R,strikeout,True,False,219.0,0.24,40.0,18.26,26.0,11.87,0.757,0.187,25.47,10.92,17.07,27.99,22.27,18.35,232.0,0.209,53.0,22.84,35.0,15.09,0.726,0.184,28.61,12.18,15.3,27.48,19.27,20.46,39.0,0.118,12.0,30.77,5.0,12.82,0.525,0.176,24.24,13.64,9.09,22.73,27.27,20.0,46.0,0.146,9.0,19.57,4.0,8.7,0.534,0.171,28.57,13.79,14.78,28.57,26.88,12.68
745409,2024-06-11,2024,667670,R,663158,R,strikeout,True,False,173.0,0.289,60.0,34.68,21.0,12.14,0.928,0.25500000000000006,37.9,18.08,13.21,31.29,30.13,27.4,351.0,0.23,115.0,32.76,33.0,9.4,0.788,0.2419999999999999,37.94,17.82,16.3,34.12,28.65,23.47,53.0,0.154,13.0,24.53,1.0,1.89,0.362,0.038000000000000006,23.08,13.41,13.97,27.37,34.72,25.49,62.0,0.161,15.0,24.19,6.0,9.68,0.528,0.1249999999999999,24.39,11.86,15.81,27.67,25.62,18.75
746464,2024-06-11,2024,682928,L,628317,R,walk,False,True,188.0,0.201,39.0,20.74,12.0,6.38,0.654,0.19,23.85,13.14,12.99,26.13,41.44,16.88,446.0,0.274,78.0,17.49,24.0,5.38,0.786,0.19,21.76,11.82,12.69,24.5,35.86,16.63,91.0,0.259,17.0,18.68,8.0,8.79,0.802,0.20999999999999996,20.26,8.64,17.27,25.91,26.4,16.33,209.0,0.241,53.0,25.36,18.0,8.61,0.6910000000000001,0.144,25.75,11.44,17.4,28.83,27.38,24.31
746464,2024-06-11,2024,657041,R,628317,R,grounded_into_double_play,False,False,109.0,0.182,28.0,25.69,8.0,7.34,0.542,0.121,22.4,9.36,21.0,30.37,20.91,20.59,490.0,0.242,143.0,29.18,23.0,4.69,0.719,0.185,26.09,11.34,20.58,31.92,28.6,24.48,84.0,0.3,13.0,15.48,4.0,4.76,0.958,0.325,24.1,11.87,14.84,26.71,30.22,11.76,219.0,0.237,64.0,29.22,10.0,4.57,0.748,0.2319999999999999,30.22,15.8,14.32,30.11,35.12,21.55
746464,2024-06-11,2024,608385,L,628317,R,strikeout,True,False,171.0,0.275,36.0,21.05,22.0,12.87,0.8109999999999999,0.14799999999999996,23.15,9.86,17.12,26.99,19.17,14.88,184.0,0.2,46.0,25.0,24.0,13.04,0.5660000000000001,0.0449999999999999,25.91,11.04,17.01,28.05,20.4,17.9,91.0,0.259,17.0,18.68,8.0,8.79,0.802,0.20999999999999996,20.26,8.64,17.27,25.91,26.4,16.33,209.0,0.241,53.0,25.36,18.0,8.61,0.6910000000000001,0.144,25.75,11.44,17.4,28.83,27.38,24.31
746464,2024-06-11,2024,663837,R,680730,L,field_out,False,False,61.0,0.316,11.0,18.03,3.0,4.92,0.748,0.08800000000000002,13.39,6.22,19.92,26.14,23.01,16.18,147.0,0.264,20.0,13.61,15.0,10.2,0.6990000000000001,0.0929999999999999,14.72,6.63,19.9,26.53,28.37,10.75,165.0,0.209,33.0,20.0,9.0,5.45,0.5880000000000001,0.12400000000000003,22.85,12.13,14.96,27.09,34.21,16.84,,,,,,,,,,,,,,
746464,2024-06-11,2024,628451,R,680730,L,field_out,False,False,54.0,0.34,12.0,22.22,1.0,1.85,0.872,0.18,32.14,18.85,9.95,28.8,40.78,25.0,118.0,0.261,24.0,20.34,6.0,5.08,0.8200000000000001,0.262,23.36,12.59,13.85,26.45,37.13,23.53,165.0,0.209,33.0,20.0,9.0,5.45,0.5880000000000001,0.12400000000000003,22.85,12.13,14.96,27.09,34.21,16.84,,,,,,,,,,,,,,
746464,2024-06-11,2024,592192,R,680730,L,double,False,False,52.0,0.233,13.0,25.0,8.0,15.38,0.8069999999999999,0.209,27.55,11.07,19.26,30.33,17.7,14.61,168.0,0.264,23.0,13.69,21.0,12.5,0.825,0.2,17.23,7.09,21.84,28.93,23.86,9.54,165.0,0.209,33.0,20.0,9.0,5.45,0.5880000000000001,0.12400000000000003,22.85,12.13,14.96,27.09,34.21,16.84,,,,,,,,,,,,,,
746464,2024-06-11,2024,682985,L,680730,L,field_out,False,False,58.0,0.17,15.0,25.86,4.0,6.9,0.549,0.151,25.47,11.44,20.34,31.78,23.3,17.86,93.0,0.279,30.0,32.26,7.0,7.53,0.6930000000000001,0.0809999999999999,30.96,15.64,16.92,32.56,32.98,21.74,62.0,0.271,12.0,19.35,3.0,4.84,0.696,0.119,20.95,10.68,18.45,29.13,22.5,23.08,,,,,,,,,,,,,,
746464,2024-06-11,2024,592696,L,628317,R,field_out,False,False,163.0,0.184,41.0,25.15,10.0,6.13,0.617,0.198,29.09,14.93,14.93,29.86,35.09,20.6,449.0,0.258,104.0,23.16,29.0,6.46,0.762,0.199,29.98,17.01,12.43,29.45,43.87,20.59,91.0,0.259,17.0,18.68,8.0,8.79,0.802,0.20999999999999996,20.26,8.64,17.27,25.91,26.4,16.33,209.0,0.241,53.0,25.36,18.0,8.61,0.6910000000000001,0.144,25.75,11.44,17.4,28.83,27.38,24.31
746464,2024-06-11,2024,671277,L,628317,R,field_out,False,False,169.0,0.286,27.0,15.98,8.0,4.73,0.761,0.15500000000000003,22.37,11.56,15.14,26.7,35.31,17.2,355.0,0.268,44.0,12.39,23.0,6.48,0.6950000000000001,0.1129999999999999,17.54,8.86,13.52,22.38,31.84,12.54,91.0,0.259,17.0,18.68,8.0,8.79,0.802,0.20999999999999996,20.26,8.64,17.27,25.91,26.4,16.33,209.0,0.241,53.0,25.36,18.0,8.61,0.6910000000000001,0.144,25.75,11.44,17.4,28.83,27.38,24.31
746464,2024-06-11,2024,660688,L,628317,R,field_out,False,False,127.0,0.217,18.0,14.17,3.0,2.36,0.577,0.10800000000000001,13.49,6.9,17.62,24.52,35.27,17.48,403.0,0.249,48.0,11.91,25.0,6.2,0.712,0.1629999999999999,14.96,7.67,15.92,23.59,36.49,14.77,91.0,0.259,17.0,18.68,8.0,8.79,0.802,0.20999999999999996,20.26,8.64,17.27,25.91,26.4,16.33,209.0,0.241,53.0,25.36,18.0,8.61,0.6910000000000001,0.144,25.75,11.44,17.4,28.83,27.38,24.31
746464,2024-06-11,2024,570482,R,680730,L,single,False,False,37.0,0.167,8.0,21.62,1.0,2.7,0.383,0.026999999999999996,19.72,12.17,10.43,22.61,42.37,29.63,53.0,0.373,6.0,11.32,1.0,1.89,0.867,0.1169999999999999,13.56,7.96,11.94,19.9,44.55,8.82,165.0,0.209,33.0,20.0,9.0,5.45,0.5880000000000001,0.12400000000000003,22.85,12.13,14.96,27.09,34.21,16.84,,,,,,,,,,,,,,
746464,2024-06-11,2024,669234,R,680730,L,walk,False,True,2.0,0.0,2.0,100.0,0.0,0.0,0.0,0.0,40.0,15.38,15.38,30.77,14.29,40.0,,,,,,,,,,,,,,,165.0,0.209,33.0,20.0,9.0,5.45,0.5880000000000001,0.12400000000000003,22.85,12.13,14.96,27.09,34.21,16.84,,,,,,,,,,,,,,
746464,2024-06-11,2024,672761,R,680730,L,field_out,False,False,40.0,0.324,9.0,22.5,3.0,7.5,0.861,0.16199999999999998,14.1,7.1,13.55,20.65,32.53,18.37,,,,,,,,,,,,,,,165.0,0.209,33.0,20.0,9.0,5.45,0.5880000000000001,0.12400000000000003,22.85,12.13,14.96,27.09,34.21,16.84,,,,,,,,,,,,,,
746464,2024-06-11,2024,668670,R,680730,L,field_out,False,False,38.0,0.212,10.0,26.32,5.0,13.16,0.6799999999999999,0.152,33.85,14.47,18.42,32.89,21.52,27.78,108.0,0.235,34.0,31.48,8.0,7.41,0.8600000000000001,0.326,32.64,14.72,17.76,32.48,23.9,29.06,165.0,0.209,33.0,20.0,9.0,5.45,0.5880000000000001,0.12400000000000003,22.85,12.13,14.96,27.09,34.21,16.84,,,,,,,,,,,,,,
746464,2024-06-11,2024,668952,R,680730,L,field_out,False,False,,,,,,,,,,,,,,,9.0,0.111,4.0,44.44,0.0,0.0,0.222,0.0,50.0,26.47,14.71,41.18,33.33,36.36,165.0,0.209,33.0,20.0,9.0,5.45,0.5880000000000001,0.12400000000000003,22.85,12.13,14.96,27.09,34.21,16.84,,,,,,,,,,,,,,
746464,2024-06-11,2024,669222,R,628317,R,single,False,False,117.0,0.227,31.0,26.5,18.0,15.38,0.734,0.154,29.32,12.7,17.46,30.16,20.19,26.96,205.0,0.164,51.0,24.88,18.0,8.78,0.497,0.093,25.27,12.43,15.64,28.07,26.72,23.15,84.0,0.3,13.0,15.48,4.0,4.76,0.958,0.325,24.1,11.87,14.84,26.71,30.22,11.76,219.0,0.237,64.0,29.22,10.0,4.57,0.748,0.2319999999999999,30.22,15.8,14.32,30.11,35.12,21.55
746464,2024-06-11,2024,608336,L,628317,R,strikeout,True,False,115.0,0.185,47.0,40.87,19.0,16.52,0.7130000000000001,0.195,44.5,18.98,15.92,34.9,21.12,30.52,273.0,0.177,118.0,43.22,40.0,14.65,0.748,0.271,44.52,21.12,11.99,33.11,25.82,30.1,91.0,0.259,17.0,18.68,8.0,8.79,0.802,0.20999999999999996,20.26,8.64,17.27,25.91,26.4,16.33,209.0,0.241,53.0,25.36,18.0,8.61,0.6910000000000001,0.144,25.75,11.44,17.4,28.83,27.38,24.31
746464,2024-06-11,2024,696285,R,628317,R,walk,False,True,124.0,0.239,27.0,21.77,7.0,5.65,0.581,0.03600000000000003,23.67,10.79,21.37,32.16,30.59,23.68,93.0,0.268,17.0,18.28,7.0,7.53,0.687,0.0859999999999999,21.38,9.8,20.46,30.26,30.36,15.74,84.0,0.3,13.0,15.48,4.0,4.76,0.958,0.325,24.1,11.87,14.84,26.71,30.22,11.76,219.0,0.237,64.0,29.22,10.0,4.57,0.748,0.2319999999999999,30.22,15.8,14.32,30.11,35.12,21.55
746464,2024-06-11,2024,682928,L,628317,R,strikeout,True,False,188.0,0.201,39.0,20.74,12.0,6.38,0.654,0.19,23.85,13.14,12.99,26.13,41.44,16.88,446.0,0.274,78.0,17.49,24.0,5.38,0.786,0.19,21.76,11.82,12.69,24.5,35.86,16.63,91.0,0.259,17.0,18.68,8.0,8.79,0.802,0.20999999999999996,20.26,8.64,17.27,25.91,26.4,16.33,209.0,0.241,53.0,25.36,18.0,8.61,0.6910000000000001,0.144,25.75,11.44,17.4,28.83,27.38,24.31
746464,2024-06-11,2024,657041,R,628317,R,walk,False,True,109.0,0.182,28.0,25.69,8.0,7.34,0.542,0.121,22.4,9.36,21.0,30.37,20.91,20.59,490.0,0.242,143.0,29.18,23.0,4.69,0.719,0.185,26.09,11.34,20.58,31.92,28.6,24.48,84.0,0.3,13.0,15.48,4.0,4.76,0.958,0.325,24.1,11.87,14.84,26.71,30.22,11.76,219.0,0.237,64.0,29.22,10.0,4.57,0.748,0.2319999999999999,30.22,15.8,14.32,30.11,35.12,21.55
746464,2024-06-11,2024,608385,L,628317,R,walk,False,True,171.0,0.275,36.0,21.05,22.0,12.87,0.8109999999999999,0.14799999999999996,23.15,9.86,17.12,26.99,19.17,14.88,184.0,0.2,46.0,25.0,24.0,13.04,0.5660000000000001,0.0449999999999999,25.91,11.04,17.01,28.05,20.4,17.9,91.0,0.259,17.0,18.68,8.0,8.79,0.802,0.20999999999999996,20.26,8.64,17.27,25.91,26.4,16.33,209.0,0.241,53.0,25.36,18.0,8.61,0.6910000000000001,0.144,25.75,11.44,17.4,28.83,27.38,24.31
746464,2024-06-11,2024,592696,L,628317,R,strikeout,True,False,163.0,0.184,41.0,25.15,10.0,6.13,0.617,0.198,29.09,14.93,14.93,29.86,35.09,20.6,449.0,0.258,104.0,23.16,29.0,6.46,0.762,0.199,29.98,17.01,12.43,29.45,43.87,20.59,91.0,0.259,17.0,18.68,8.0,8.79,0.802,0.20999999999999996,20.26,8.64,17.27,25.91,26.4,16.33,209.0,0.241,53.0,25.36,18.0,8.61,0.6910000000000001,0.144,25.75,11.44,17.4,28.83,27.38,24.31
746464,2024-06-11,2024,663837,R,680730,L,field_out,False,False,61.0,0.316,11.0,18.03,3.0,4.92,0.748,0.08800000000000002,13.39,6.22,19.92,26.14,23.01,16.18,147.0,0.264,20.0,13.61,15.0,10.2,0.6990000000000001,0.0929999999999999,14.72,6.63,19.9,26.53,28.37,10.75,165.0,0.209,33.0,20.0,9.0,5.45,0.5880000000000001,0.12400000000000003,22.85,12.13,14.96,27.09,34.21,16.84,,,,,,,,,,,,,,
746464,2024-06-11,2024,628451,R,680730,L,field_out,False,False,54.0,0.34,12.0,22.22,1.0,1.85,0.872,0.18,32.14,18.85,9.95,28.8,40.78,25.0,118.0,0.261,24.0,20.34,6.0,5.08,0.8200000000000001,0.262,23.36,12.59,13.85,26.45,37.13,23.53,165.0,0.209,33.0,20.0,9.0,5.45,0.5880000000000001,0.12400000000000003,22.85,12.13,14.96,27.09,34.21,16.84,,,,,,,,,,,,,,
746464,2024-06-11,2024,592192,R,680730,L,field_out,False,False,52.0,0.233,13.0,25.0,8.0,15.38,0.8069999999999999,0.209,27.55,11.07,19.26,30.33,17.7,14.61,168.0,0.264,23.0,13.69,21.0,12.5,0.825,0.2,17.23,7.09,21.84,28.93,23.86,9.54,165.0,0.209,33.0,20.0,9.0,5.45,0.5880000000000001,0.12400000000000003,22.85,12.13,14.96,27.09,34.21,16.84,,,,,,,,,,,,,,
746464,2024-06-11,2024,671277,L,628317,R,strikeout,True,False,169.0,0.286,27.0,15.98,8.0,4.73,0.761,0.15500000000000003,22.37,11.56,15.14,26.7,35.31,17.2,355.0,0.268,44.0,12.39,23.0,6.48,0.6950000000000001,0.1129999999999999,17.54,8.86,13.52,22.38,31.84,12.54,91.0,0.259,17.0,18.68,8.0,8.79,0.802,0.20999999999999996,20.26,8.64,17.27,25.91,26.4,16.33,209.0,0.241,53.0,25.36,18.0,8.61,0.6910000000000001,0.144,25.75,11.44,17.4,28.83,27.38,24.31
746464,2024-06-11,2024,660688,L,628317,R,field_out,False,False,127.0,0.217,18.0,14.17,3.0,2.36,0.577,0.10800000000000001,13.49,6.9,17.62,24.52,35.27,17.48,403.0,0.249,48.0,11.91,25.0,6.2,0.712,0.1629999999999999,14.96,7.67,15.92,23.59,36.49,14.77,91.0,0.259,17.0,18.68,8.0,8.79,0.802,0.20999999999999996,20.26,8.64,17.27,25.91,26.4,16.33,209.0,0.241,53.0,25.36,18.0,8.61,0.6910000000000001,0.144,25.75,11.44,17.4,28.83,27.38,24.31
746464,2024-06-11,2024,669222,R,628317,R,field_out,False,False,117.0,0.227,31.0,26.5,18.0,15.38,0.734,0.154,29.32,12.7,17.46,30.16,20.19,26.96,205.0,0.164,51.0,24.88,18.0,8.78,0.497,0.093,25.27,12.43,15.64,28.07,26.72,23.15,84.0,0.3,13.0,15.48,4.0,4.76,0.958,0.325,24.1,11.87,14.84,26.71,30.22,11.76,219.0,0.237,64.0,29.22,10.0,4.57,0.748,0.2319999999999999,30.22,15.8,14.32,30.11,35.12,21.55
746464,2024-06-11,2024,682985,L,680730,L,strikeout,True,False,58.0,0.17,15.0,25.86,4.0,6.9,0.549,0.151,25.47,11.44,20.34,31.78,23.3,17.86,93.0,0.279,30.0,32.26,7.0,7.53,0.6930000000000001,0.0809999999999999,30.96,15.64,16.92,32.56,32.98,21.74,62.0,0.271,12.0,19.35,3.0,4.84,0.696,0.119,20.95,10.68,18.45,29.13,22.5,23.08,,,,,,,,,,,,,,
746464,2024-06-11,2024,570482,R,680730,L,single,False,False,37.0,0.167,8.0,21.62,1.0,2.7,0.383,0.026999999999999996,19.72,12.17,10.43,22.61,42.37,29.63,53.0,0.373,6.0,11.32,1.0,1.89,0.867,0.1169999999999999,13.56,7.96,11.94,19.9,44.55,8.82,165.0,0.209,33.0,20.0,9.0,5.45,0.5880000000000001,0.12400000000000003,22.85,12.13,14.96,27.09,34.21,16.84,,,,,,,,,,,,,,
746464,2024-06-11,2024,669234,R,680730,L,field_out,False,False,2.0,0.0,2.0,100.0,0.0,0.0,0.0,0.0,40.0,15.38,15.38,30.77,14.29,40.0,,,,,,,,,,,,,,,165.0,0.209,33.0,20.0,9.0,5.45,0.5880000000000001,0.12400000000000003,22.85,12.13,14.96,27.09,34.21,16.84,,,,,,,,,,,,,,
746464,2024-06-11,2024,672761,R,680730,L,field_out,False,False,40.0,0.324,9.0,22.5,3.0,7.5,0.861,0.16199999999999998,14.1,7.1,13.55,20.65,32.53,18.37,,,,,,,,,,,,,,,165.0,0.209,33.0,20.0,9.0,5.45,0.5880000000000001,0.12400000000000003,22.85,12.13,14.96,27.09,34.21,16.84,,,,,,,,,,,,,,
746464,2024-06-11,2024,608336,L,689225,R,single,False,False,115.0,0.185,47.0,40.87,19.0,16.52,0.7130000000000001,0.195,44.5,18.98,15.92,34.9,21.12,30.52,273.0,0.177,118.0,43.22,40.0,14.65,0.748,0.271,44.52,21.12,11.99,33.11,25.82,30.1,24.0,0.182,6.0,25.0,2.0,8.33,0.614,0.182,25.0,13.22,13.22,26.45,35.29,11.54,64.0,0.254,11.0,17.19,5.0,7.81,0.6679999999999999,0.1019999999999999,18.9,8.99,13.11,22.1,24.09,13.25
746464,2024-06-11,2024,696285,R,689225,R,field_out,False,False,124.0,0.239,27.0,21.77,7.0,5.65,0.581,0.03600000000000003,23.67,10.79,21.37,32.16,30.59,23.68,93.0,0.268,17.0,18.28,7.0,7.53,0.687,0.0859999999999999,21.38,9.8,20.46,30.26,30.36,15.74,28.0,0.2,4.0,14.29,3.0,10.71,0.526,0.03999999999999998,21.74,9.9,18.81,28.71,33.96,15.38,88.0,0.262,20.0,22.73,7.0,7.95,0.768,0.188,23.94,12.13,14.56,26.68,37.2,14.93
746464,2024-06-11,2024,682928,L,689225,R,triple,False,False,188.0,0.201,39.0,20.74,12.0,6.38,0.654,0.19,23.85,13.14,12.99,26.13,41.44,16.88,446.0,0.274,78.0,17.49,24.0,5.38,0.786,0.19,21.76,11.82,12.69,24.5,35.86,16.63,24.0,0.182,6.0,25.0,2.0,8.33,0.614,0.182,25.0,13.22,13.22,26.45,35.29,11.54,64.0,0.254,11.0,17.19,5.0,7.81,0.6679999999999999,0.1019999999999999,18.9,8.99,13.11,22.1,24.09,13.25
746464,2024-06-11,2024,657041,R,689225,R,sac_fly,False,False,109.0,0.182,28.0,25.69,8.0,7.34,0.542,0.121,22.4,9.36,21.0,30.37,20.91,20.59,490.0,0.242,143.0,29.18,23.0,4.69,0.719,0.185,26.09,11.34,20.58,31.92,28.6,24.48,28.0,0.2,4.0,14.29,3.0,10.71,0.526,0.03999999999999998,21.74,9.9,18.81,28.71,33.96,15.38,88.0,0.262,20.0,22.73,7.0,7.95,0.768,0.188,23.94,12.13,14.56,26.68,37.2,14.93
746464,2024-06-11,2024,608385,L,689225,R,strikeout,True,False,171.0,0.275,36.0,21.05,22.0,12.87,0.8109999999999999,0.14799999999999996,23.15,9.86,17.12,26.99,19.17,14.88,184.0,0.2,46.0,25.0,24.0,13.04,0.5660000000000001,0.0449999999999999,25.91,11.04,17.01,28.05,20.4,17.9,24.0,0.182,6.0,25.0,2.0,8.33,0.614,0.182,25.0,13.22,13.22,26.45,35.29,11.54,64.0,0.254,11.0,17.19,5.0,7.81,0.6679999999999999,0.1019999999999999,18.9,8.99,13.11,22.1,24.09,13.25
746464,2024-06-11,2024,668670,R,680730,L,field_out,False,False,38.0,0.212,10.0,26.32,5.0,13.16,0.6799999999999999,0.152,33.85,14.47,18.42,32.89,21.52,27.78,108.0,0.235,34.0,31.48,8.0,7.41,0.8600000000000001,0.326,32.64,14.72,17.76,32.48,23.9,29.06,165.0,0.209,33.0,20.0,9.0,5.45,0.5880000000000001,0.12400000000000003,22.85,12.13,14.96,27.09,34.21,16.84,,,,,,,,,,,,,,
746464,2024-06-11,2024,668952,R,680730,L,walk,False,True,,,,,,,,,,,,,,,9.0,0.111,4.0,44.44,0.0,0.0,0.222,0.0,50.0,26.47,14.71,41.18,33.33,36.36,165.0,0.209,33.0,20.0,9.0,5.45,0.5880000000000001,0.12400000000000003,22.85,12.13,14.96,27.09,34.21,16.84,,,,,,,,,,,,,,
746464,2024-06-11,2024,663837,R,680730,L,field_out,False,False,61.0,0.316,11.0,18.03,3.0,4.92,0.748,0.08800000000000002,13.39,6.22,19.92,26.14,23.01,16.18,147.0,0.264,20.0,13.61,15.0,10.2,0.6990000000000001,0.0929999999999999,14.72,6.63,19.9,26.53,28.37,10.75,165.0,0.209,33.0,20.0,9.0,5.45,0.5880000000000001,0.12400000000000003,22.85,12.13,14.96,27.09,34.21,16.84,,,,,,,,,,,,,,
746464,2024-06-11,2024,628451,R,680730,L,field_error,False,False,54.0,0.34,12.0,22.22,1.0,1.85,0.872,0.18,32.14,18.85,9.95,28.8,40.78,25.0,118.0,0.261,24.0,20.34,6.0,5.08,0.8200000000000001,0.262,23.36,12.59,13.85,26.45,37.13,23.53,165.0,0.209,33.0,20.0,9.0,5.45,0.5880000000000001,0.12400000000000003,22.85,12.13,14.96,27.09,34.21,16.84,,,,,,,,,,,,,,
746464,2024-06-11,2024,592192,R,680730,L,walk,False,True,52.0,0.233,13.0,25.0,8.0,15.38,0.8069999999999999,0.209,27.55,11.07,19.26,30.33,17.7,14.61,168.0,0.264,23.0,13.69,21.0,12.5,0.825,0.2,17.23,7.09,21.84,28.93,23.86,9.54,165.0,0.209,33.0,20.0,9.0,5.45,0.5880000000000001,0.12400000000000003,22.85,12.13,14.96,27.09,34.21,16.84,,,,,,,,,,,,,,
746464,2024-06-11,2024,682985,L,680730,L,triple,False,False,58.0,0.17,15.0,25.86,4.0,6.9,0.549,0.151,25.47,11.44,20.34,31.78,23.3,17.86,93.0,0.279,30.0,32.26,7.0,7.53,0.6930000000000001,0.0809999999999999,30.96,15.64,16.92,32.56,32.98,21.74,62.0,0.271,12.0,19.35,3.0,4.84,0.696,0.119,20.95,10.68,18.45,29.13,22.5,23.08,,,,,,,,,,,,,,
746464,2024-06-11,2024,570482,R,571882,R,single,False,False,97.0,0.308,10.0,10.31,4.0,4.12,0.758,0.10999999999999999,18.97,9.57,17.97,27.54,33.54,10.99,175.0,0.276,30.0,17.14,9.0,5.14,0.653,0.061,20.55,11.01,13.8,24.82,34.39,12.39,98.0,0.284,14.0,14.29,5.0,5.1,0.729,0.125,23.49,12.26,14.15,26.42,35.1,17.28,128.0,0.234,24.0,18.75,12.0,9.38,0.6799999999999999,0.1259999999999999,31.08,15.73,12.1,27.82,32.58,15.38
746464,2024-06-11,2024,669234,R,571882,R,strikeout,True,False,19.0,0.214,4.0,21.05,4.0,21.05,0.7969999999999999,0.215,28.12,10.59,20.0,30.59,2.78,14.29,,,,,,,,,,,,,,,98.0,0.284,14.0,14.29,5.0,5.1,0.729,0.125,23.49,12.26,14.15,26.42,35.1,17.28,128.0,0.234,24.0,18.75,12.0,9.38,0.6799999999999999,0.1259999999999999,31.08,15.73,12.1,27.82,32.58,15.38
746464,2024-06-11,2024,592696,L,663947,L,field_out,False,False,28.0,0.227,4.0,14.29,3.0,10.71,0.535,0.0,25.53,12.12,11.11,23.23,22.22,20.0,67.0,0.233,18.0,26.87,5.0,7.46,0.7030000000000001,0.167,28.57,17.02,12.34,29.36,40.91,20.69,53.0,0.122,13.0,24.53,0.0,0.0,0.373,0.062,23.68,10.71,22.62,33.33,32.05,33.33,122.0,0.147,32.0,26.23,4.0,3.28,0.363,0.034,24.29,11.78,19.86,31.64,32.18,22.86
746464,2024-06-11,2024,671277,L,663947,L,field_out,False,False,38.0,0.2,10.0,26.32,3.0,7.89,0.492,0.028999999999999998,24.0,12.08,16.11,28.19,37.35,21.74,129.0,0.261,16.0,12.4,4.0,3.1,0.668,0.134,18.96,9.55,16.71,26.25,27.88,16.49,53.0,0.122,13.0,24.53,0.0,0.0,0.373,0.062,23.68,10.71,22.62,33.33,32.05,33.33,122.0,0.147,32.0,26.23,4.0,3.28,0.363,0.034,24.29,11.78,19.86,31.64,32.18,22.86
746464,2024-06-11,2024,660688,R,663947,L,field_out,False,False,46.0,0.163,7.0,15.22,1.0,2.17,0.42900000000000005,0.07,15.56,8.19,19.3,27.49,47.78,13.73,159.0,0.289,10.0,6.29,6.0,3.77,0.73,0.114,12.6,6.29,17.14,23.43,36.59,8.85,72.0,0.231,12.0,16.67,5.0,6.94,0.713,0.19999999999999998,24.81,12.89,14.45,27.34,43.26,16.44,202.0,0.209,42.0,20.79,14.0,6.93,0.642,0.171,28.53,13.97,16.84,30.81,30.71,18.58
746464,2024-06-11,2024,672761,L,571882,R,strikeout,True,False,132.0,0.229,27.0,20.45,12.0,9.09,0.688,0.161,20.34,8.94,19.37,28.31,24.62,15.98,,,,,,,,,,,,,,,63.0,0.2,22.0,34.92,8.0,12.7,0.575,0.07300000000000001,33.59,15.41,15.77,31.18,34.36,23.66,113.0,0.245,21.0,18.58,14.0,12.39,0.712,0.122,22.33,9.87,16.31,26.18,24.79,14.19
746464,2024-06-11,2024,668670,R,571882,R,strikeout,True,False,92.0,0.241,30.0,32.61,3.0,3.26,0.697,0.173,33.77,15.34,19.76,35.1,25.0,31.91,259.0,0.215,84.0,32.43,20.0,7.72,0.676,0.18,31.32,14.43,18.81,33.23,22.13,28.38,98.0,0.284,14.0,14.29,5.0,5.1,0.729,0.125,23.49,12.26,14.15,26.42,35.1,17.28,128.0,0.234,24.0,18.75,12.0,9.38,0.6799999999999999,0.1259999999999999,31.08,15.73,12.1,27.82,32.58,15.38
746464,2024-06-11,2024,668952,R,571882,R,strikeout,True,False,,,,,,,,,,,,,,,9.0,0.111,3.0,33.33,0.0,0.0,0.222,0.0,33.33,15.79,28.95,44.74,45.0,21.43,98.0,0.284,14.0,14.29,5.0,5.1,0.729,0.125,23.49,12.26,14.15,26.42,35.1,17.28,128.0,0.234,24.0,18.75,12.0,9.38,0.6799999999999999,0.1259999999999999,31.08,15.73,12.1,27.82,32.58,15.38
746464,2024-06-11,2024,669222,R,663947,L,strikeout,True,False,47.0,0.268,6.0,12.77,6.0,12.77,0.923,0.29300000000000004,15.85,6.99,16.67,23.66,26.09,10.91,126.0,0.347,23.0,18.25,8.0,6.35,1.008,0.272,15.6,7.66,16.89,24.55,26.51,19.66,72.0,0.231,12.0,16.67,5.0,6.94,0.713,0.19999999999999998,24.81,12.89,14.45,27.34,43.26,16.44,202.0,0.209,42.0,20.79,14.0,6.93,0.642,0.171,28.53,13.97,16.84,30.81,30.71,18.58
746464,2024-06-11,2024,608336,L,663947,L,field_out,False,False,48.0,0.111,23.0,47.92,2.0,4.17,0.367,0.08900000000000001,40.0,19.15,14.36,33.51,21.35,38.98,59.0,0.18,24.0,40.68,8.0,13.56,0.7050000000000001,0.22,42.99,19.01,15.7,34.71,27.69,30.0,53.0,0.122,13.0,24.53,0.0,0.0,0.373,0.062,23.68,10.71,22.62,33.33,32.05,33.33,122.0,0.147,32.0,26.23,4.0,3.28,0.363,0.034,24.29,11.78,19.86,31.64,32.18,22.86
746464,2024-06-11,2024,696285,R,663947,L,strikeout,True,False,60.0,0.321,9.0,15.0,2.0,3.33,0.742,0.05399999999999999,17.05,7.04,22.07,29.11,22.92,16.67,28.0,0.2,5.0,17.86,3.0,10.71,0.5660000000000001,0.08,20.0,9.24,20.17,29.41,29.63,13.16,72.0,0.231,12.0,16.67,5.0,6.94,0.713,0.19999999999999998,24.81,12.89,14.45,27.34,43.26,16.44,202.0,0.209,42.0,20.79,14.0,6.93,0.642,0.171,28.53,13.97,16.84,30.81,30.71,18.58
746464,2024-06-11,2024,663837,R,571670,R,field_out,False,False,150.0,0.259,35.0,23.33,8.0,5.33,0.798,0.237,20.23,8.62,20.73,29.35,18.63,18.92,383.0,0.26,92.0,24.02,29.0,7.57,0.724,0.14,21.06,9.23,21.95,31.18,28.67,18.31,81.0,0.203,15.0,18.52,6.0,7.41,0.489,0.026999999999999996,20.34,8.05,24.83,32.89,20.44,19.48,138.0,0.258,33.0,23.91,6.0,4.35,0.596,0.0309999999999999,25.42,12.25,19.88,32.13,34.13,23.08
746464,2024-06-11,2024,628451,R,571670,R,field_out,False,False,36.0,0.147,14.0,38.89,2.0,5.56,0.37,0.028999999999999998,36.71,20.14,15.28,35.42,40.79,26.42,265.0,0.265,45.0,16.98,18.0,6.79,0.71,0.127,22.24,11.31,15.49,26.81,34.23,16.73,81.0,0.203,15.0,18.52,6.0,7.41,0.489,0.026999999999999996,20.34,8.05,24.83,32.89,20.44,19.48,138.0,0.258,33.0,23.91,6.0,4.35,0.596,0.0309999999999999,25.42,12.25,19.88,32.13,34.13,23.08
746464,2024-06-11,2024,592192,R,571670,R,field_out,False,False,192.0,0.233,38.0,19.79,20.0,10.42,0.69,0.11699999999999997,22.62,8.9,23.48,32.39,21.23,16.38,341.0,0.261,56.0,16.42,28.0,8.21,0.721,0.1079999999999999,18.91,7.86,21.98,29.84,23.71,13.49,81.0,0.203,15.0,18.52,6.0,7.41,0.489,0.026999999999999996,20.34,8.05,24.83,32.89,20.44,19.48,138.0,0.258,33.0,23.91,6.0,4.35,0.596,0.0309999999999999,25.42,12.25,19.88,32.13,34.13,23.08
746464,2024-06-11,2024,682928,L,663947,L,field_out,False,False,74.0,0.347,16.0,21.62,1.0,1.35,0.962,0.25,26.49,14.71,15.44,30.15,39.34,17.39,170.0,0.166,40.0,23.53,8.0,4.71,0.512,0.106,24.68,12.36,17.24,29.59,32.89,21.74,53.0,0.122,13.0,24.53,0.0,0.0,0.373,0.062,23.68,10.71,22.62,33.33,32.05,33.33,122.0,0.147,32.0,26.23,4.0,3.28,0.363,0.034,24.29,11.78,19.86,31.64,32.18,22.86
746464,2024-06-11,2024,657041,R,663947,L,single,False,False,50.0,0.302,6.0,12.0,5.0,10.0,0.8069999999999999,0.11699999999999999,15.91,6.64,19.43,26.07,21.1,8.45,192.0,0.331,33.0,17.19,13.0,6.77,0.948,0.2419999999999999,14.83,6.49,18.37,24.86,23.4,17.65,72.0,0.231,12.0,16.67,5.0,6.94,0.713,0.19999999999999998,24.81,12.89,14.45,27.34,43.26,16.44,202.0,0.209,42.0,20.79,14.0,6.93,0.642,0.171,28.53,13.97,16.84,30.81,30.71,18.58
746464,2024-06-11,2024,608385,L,663947,L,field_error,False,False,78.0,0.231,23.0,29.49,10.0,12.82,0.6839999999999999,0.10700000000000001,22.22,8.58,21.12,29.7,19.12,23.71,13.0,0.182,5.0,38.46,2.0,15.38,0.581,0.091,15.38,6.15,20.0,26.15,7.14,19.23,53.0,0.122,13.0,24.53,0.0,0.0,0.373,0.062,23.68,10.71,22.62,33.33,32.05,33.33,122.0,0.147,32.0,26.23,4.0,3.28,0.363,0.034,24.29,11.78,19.86,31.64,32.18,22.86
746464,2024-06-11,2024,545121,L,571946,R,sac_fly,False,False,83.0,0.246,5.0,6.02,9.0,10.84,0.637,0.057999999999999996,10.43,4.2,21.33,25.52,22.22,8.2,179.0,0.226,11.0,6.15,15.0,8.38,0.58,0.0629999999999999,13.38,5.9,20.34,26.24,25.61,7.28,36.0,0.088,12.0,33.33,2.0,5.56,0.28600000000000003,0.059,35.82,16.78,20.28,37.06,31.43,27.27,76.0,0.129,23.0,30.26,13.0,17.11,0.563,0.145,31.54,12.46,19.15,31.61,18.95,25.27
746464,2024-06-11,2024,671277,L,571946,R,field_out,False,False,169.0,0.286,27.0,15.98,8.0,4.73,0.761,0.15500000000000003,22.37,11.56,15.14,26.7,35.31,17.2,355.0,0.268,44.0,12.39,23.0,6.48,0.6950000000000001,0.1129999999999999,17.54,8.86,13.52,22.38,31.84,12.54,36.0,0.088,12.0,33.33,2.0,5.56,0.28600000000000003,0.059,35.82,16.78,20.28,37.06,31.43,27.27,76.0,0.129,23.0,30.26,13.0,17.11,0.563,0.145,31.54,12.46,19.15,31.61,18.95,25.27
746464,2024-06-11,2024,682985,L,640451,R,field_out,False,False,216.0,0.264,58.0,26.85,31.0,14.35,0.861,0.22499999999999998,29.28,11.83,17.97,29.8,20.51,22.66,323.0,0.291,84.0,26.01,28.0,8.67,0.826,0.182,27.26,12.45,16.06,28.52,24.68,20.14,66.0,0.226,18.0,27.27,3.0,4.55,0.5960000000000001,0.097,25.5,13.92,15.02,28.94,39.53,18.95,105.0,0.245,24.0,22.86,5.0,4.76,0.664,0.143,24.4,12.75,15.75,28.5,34.62,19.83
746464,2024-06-11,2024,570482,R,640451,R,strikeout,True,False,97.0,0.308,10.0,10.31,4.0,4.12,0.758,0.10999999999999999,18.97,9.57,17.97,27.54,33.54,10.99,175.0,0.276,30.0,17.14,9.0,5.14,0.653,0.061,20.55,11.01,13.8,24.82,34.39,12.39,63.0,0.22,16.0,25.4,3.0,4.76,0.66,0.17,28.47,16.21,13.83,30.04,27.18,17.05,130.0,0.168,43.0,33.08,8.0,6.15,0.517,0.1179999999999999,27.76,13.76,16.05,29.81,27.61,22.75
746464,2024-06-11,2024,669234,R,640451,R,strikeout,True,False,19.0,0.214,4.0,21.05,4.0,21.05,0.7969999999999999,0.215,28.12,10.59,20.0,30.59,2.78,14.29,,,,,,,,,,,,,,,63.0,0.22,16.0,25.4,3.0,4.76,0.66,0.17,28.47,16.21,13.83,30.04,27.18,17.05,130.0,0.168,43.0,33.08,8.0,6.15,0.517,0.1179999999999999,27.76,13.76,16.05,29.81,27.61,22.75
746464,2024-06-11,2024,660688,L,671345,R,field_out,False,False,127.0,0.217,18.0,14.17,3.0,2.36,0.577,0.10800000000000001,13.49,6.9,17.62,24.52,35.27,17.48,403.0,0.249,48.0,11.91,25.0,6.2,0.712,0.1629999999999999,14.96,7.67,15.92,23.59,36.49,14.77,44.0,0.231,8.0,18.18,5.0,11.36,0.626,0.07699999999999999,22.22,10.75,17.2,27.96,24.1,11.76,106.0,0.299,25.0,23.58,8.0,7.55,0.847,0.196,22.89,10.82,13.41,24.24,29.46,19.83
746464,2024-06-11,2024,669222,R,671345,R,strikeout,True,False,117.0,0.227,31.0,26.5,18.0,15.38,0.734,0.154,29.32,12.7,17.46,30.16,20.19,26.96,205.0,0.164,51.0,24.88,18.0,8.78,0.497,0.093,25.27,12.43,15.64,28.07,26.72,23.15,56.0,0.269,10.0,17.86,3.0,5.36,0.6499999999999999,0.07699999999999996,21.18,10.4,19.65,30.06,31.71,26.32,171.0,0.222,30.0,17.54,7.0,4.09,0.506,0.0249999999999999,14.71,7.13,19.97,27.1,35.23,15.23
746464,2024-06-11,2024,608841,R,671345,R,single,False,False,156.0,0.254,28.0,17.95,11.0,7.05,0.645,0.07900000000000001,20.82,10.46,13.55,24.01,27.87,16.47,471.0,0.268,97.0,20.59,28.0,5.94,0.7030000000000001,0.12,23.85,11.18,18.94,30.12,30.48,17.38,56.0,0.269,10.0,17.86,3.0,5.36,0.6499999999999999,0.07699999999999996,21.18,10.4,19.65,30.06,31.71,26.32,171.0,0.222,30.0,17.54,7.0,4.09,0.506,0.0249999999999999,14.71,7.13,19.97,27.1,35.23,15.23
746464,2024-06-11,2024,696285,R,671345,R,strikeout,True,False,124.0,0.239,27.0,21.77,7.0,5.65,0.581,0.03600000000000003,23.67,10.79,21.37,32.16,30.59,23.68,93.0,0.268,17.0,18.28,7.0,7.53,0.687,0.0859999999999999,21.38,9.8,20.46,30.26,30.36,15.74,56.0,0.269,10.0,17.86,3.0,5.36,0.6499999999999999,0.07699999999999996,21.18,10.4,19.65,30.06,31.71,26.32,171.0,0.222,30.0,17.54,7.0,4.09,0.506,0.0249999999999999,14.71,7.13,19.97,27.1,35.23,15.23
746464,2024-06-11,2024,672761,L,640451,R,field_out,False,False,132.0,0.229,27.0,20.45,12.0,9.09,0.688,0.161,20.34,8.94,19.37,28.31,24.62,15.98,,,,,,,,,,,,,,,66.0,0.226,18.0,27.27,3.0,4.55,0.5960000000000001,0.097,25.5,13.92,15.02,28.94,39.53,18.95,105.0,0.245,24.0,22.86,5.0,4.76,0.664,0.143,24.4,12.75,15.75,28.5,34.62,19.83
746464,2024-06-11,2024,668670,R,640451,R,strikeout,True,False,92.0,0.241,30.0,32.61,3.0,3.26,0.697,0.173,33.77,15.34,19.76,35.1,25.0,31.91,259.0,0.215,84.0,32.43,20.0,7.72,0.676,0.18,31.32,14.43,18.81,33.23,22.13,28.38,63.0,0.22,16.0,25.4,3.0,4.76,0.66,0.17,28.47,16.21,13.83,30.04,27.18,17.05,130.0,0.168,43.0,33.08,8.0,6.15,0.517,0.1179999999999999,27.76,13.76,16.05,29.81,27.61,22.75
746464,2024-06-11,2024,656716,L,640451,R,single,False,False,97.0,0.207,27.0,27.84,8.0,8.25,0.5880000000000001,0.10300000000000001,28.19,13.45,17.01,30.46,29.02,22.31,475.0,0.23,109.0,22.95,38.0,8.0,0.653,0.1259999999999999,21.06,10.13,16.08,26.2,28.04,19.12,66.0,0.226,18.0,27.27,3.0,4.55,0.5960000000000001,0.097,25.5,13.92,15.02,28.94,39.53,18.95,105.0,0.245,24.0,22.86,5.0,4.76,0.664,0.143,24.4,12.75,15.75,28.5,34.62,19.83
746464,2024-06-11,2024,663837,R,640451,R,walk,False,True,150.0,0.259,35.0,23.33,8.0,5.33,0.798,0.237,20.23,8.62,20.73,29.35,18.63,18.92,383.0,0.26,92.0,24.02,29.0,7.57,0.724,0.14,21.06,9.23,21.95,31.18,28.67,18.31,63.0,0.22,16.0,25.4,3.0,4.76,0.66,0.17,28.47,16.21,13.83,30.04,27.18,17.05,130.0,0.168,43.0,33.08,8.0,6.15,0.517,0.1179999999999999,27.76,13.76,16.05,29.81,27.61,22.75
746464,2024-06-11,2024,690993,L,640448,R,strikeout,True,False,176.0,0.215,30.0,17.05,11.0,6.25,0.5549999999999999,0.07299999999999998,22.88,10.75,16.44,27.19,31.07,18.63,,,,,,,,,,,,,,,46.0,0.146,16.0,34.78,4.0,8.7,0.51,0.147,30.93,15.46,17.01,32.47,33.33,21.92,131.0,0.232,27.0,20.61,17.0,12.98,0.6990000000000001,0.1339999999999999,23.4,10.42,17.23,27.65,20.92,17.09
746464,2024-06-11,2024,682928,L,605177,L,strikeout,True,False,74.0,0.347,16.0,21.62,1.0,1.35,0.962,0.25,26.49,14.71,15.44,30.15,39.34,17.39,170.0,0.166,40.0,23.53,8.0,4.71,0.512,0.106,24.68,12.36,17.24,29.59,32.89,21.74,40.0,0.229,10.0,25.0,5.0,12.5,0.611,0.05699999999999997,22.78,11.18,13.04,24.22,32.98,21.28,84.0,0.264,20.0,23.81,11.0,13.1,0.744,0.1109999999999999,25.9,10.32,20.92,31.23,26.29,18.18
746464,2024-06-11,2024,657041,R,605177,L,sac_fly,False,False,50.0,0.302,6.0,12.0,5.0,10.0,0.8069999999999999,0.11699999999999999,15.91,6.64,19.43,26.07,21.1,8.45,192.0,0.331,33.0,17.19,13.0,6.77,0.948,0.2419999999999999,14.83,6.49,18.37,24.86,23.4,17.65,61.0,0.333,14.0,22.95,7.0,11.48,0.854,0.11099999999999999,32.38,15.32,13.51,28.83,32.85,26.42,142.0,0.211,43.0,30.28,17.0,11.97,0.738,0.22,35.02,15.71,14.83,30.54,33.9,27.74
746464,2024-06-11,2024,608385,L,605177,L,grounded_into_double_play,False,False,78.0,0.231,23.0,29.49,10.0,12.82,0.6839999999999999,0.10700000000000001,22.22,8.58,21.12,29.7,19.12,23.71,13.0,0.182,5.0,38.46,2.0,15.38,0.581,0.091,15.38,6.15,20.0,26.15,7.14,19.23,40.0,0.229,10.0,25.0,5.0,12.5,0.611,0.05699999999999997,22.78,11.18,13.04,24.22,32.98,21.28,84.0,0.264,20.0,23.81,11.0,13.1,0.744,0.1109999999999999,25.9,10.32,20.92,31.23,26.29,18.18
746464,2024-06-11,2024,592192,R,640448,R,field_out,False,False,192.0,0.233,38.0,19.79,20.0,10.42,0.69,0.11699999999999997,22.62,8.9,23.48,32.39,21.23,16.38,341.0,0.261,56.0,16.42,28.0,8.21,0.721,0.1079999999999999,18.91,7.86,21.98,29.84,23.71,13.49,54.0,0.146,10.0,18.52,6.0,11.11,0.5329999999999999,0.146,21.43,11.54,13.94,25.48,24.1,14.49,157.0,0.27,36.0,22.93,7.0,4.46,0.772,0.196,25.88,13.73,13.9,27.63,28.08,18.95
746464,2024-06-11,2024,682985,L,640448,R,strikeout,True,False,216.0,0.264,58.0,26.85,31.0,14.35,0.861,0.22499999999999998,29.28,11.83,17.97,29.8,20.51,22.66,323.0,0.291,84.0,26.01,28.0,8.67,0.826,0.182,27.26,12.45,16.06,28.52,24.68,20.14,46.0,0.146,16.0,34.78,4.0,8.7,0.51,0.147,30.93,15.46,17.01,32.47,33.33,21.92,131.0,0.232,27.0,20.61,17.0,12.98,0.6990000000000001,0.1339999999999999,23.4,10.42,17.23,27.65,20.92,17.09
746464,2024-06-11,2024,570482,R,640448,R,strikeout,True,False,97.0,0.308,10.0,10.31,4.0,4.12,0.758,0.10999999999999999,18.97,9.57,17.97,27.54,33.54,10.99,175.0,0.276,30.0,17.14,9.0,5.14,0.653,0.061,20.55,11.01,13.8,24.82,34.39,12.39,54.0,0.146,10.0,18.52,6.0,11.11,0.5329999999999999,0.146,21.43,11.54,13.94,25.48,24.1,14.49,157.0,0.27,36.0,22.93,7.0,4.46,0.772,0.196,25.88,13.73,13.9,27.63,28.08,18.95
746295,2024-06-11,2024,683011,R,607625,R,field_out,False,False,234.0,0.278,50.0,21.37,17.0,7.26,0.77,0.15299999999999997,22.12,10.4,19.14,29.54,29.65,18.87,467.0,0.198,132.0,28.27,36.0,7.71,0.624,0.1579999999999999,28.15,13.53,17.49,31.02,29.16,23.4,181.0,0.21,36.0,19.89,7.0,3.87,0.61,0.149,23.33,10.94,18.44,29.38,28.98,20.81,297.0,0.245,64.0,21.55,18.0,6.06,0.6719999999999999,0.134,20.04,9.36,18.89,28.25,27.02,20.13
746295,2024-06-11,2024,665742,L,607625,R,single,False,False,220.0,0.317,36.0,16.36,36.0,16.36,1.04,0.294,24.85,9.28,18.56,27.84,16.77,14.4,502.0,0.283,81.0,16.14,99.0,19.72,0.98,0.2730000000000001,18.45,6.31,19.31,25.62,15.09,14.14,188.0,0.234,39.0,20.74,13.0,6.91,0.629,0.099,20.07,8.57,21.63,30.2,25.63,19.21,307.0,0.252,76.0,24.76,18.0,5.86,0.744,0.192,23.65,10.83,18.63,29.46,24.83,19.69
746295,2024-06-11,2024,650402,R,607625,R,single,False,False,214.0,0.234,51.0,23.83,17.0,7.94,0.649,0.11499999999999996,25.24,11.79,16.69,28.48,22.44,16.14,544.0,0.273,78.0,14.34,50.0,9.19,0.772,0.1589999999999999,21.74,10.32,15.57,25.89,26.86,11.29,181.0,0.21,36.0,19.89,7.0,3.87,0.61,0.149,23.33,10.94,18.44,29.38,28.98,20.81,297.0,0.245,64.0,21.55,18.0,6.06,0.6719999999999999,0.134,20.04,9.36,18.89,28.25,27.02,20.13
746295,2024-06-11,2024,657077,L,607625,R,single,False,False,194.0,0.277,24.0,12.37,13.0,6.7,0.778,0.181,13.2,6.1,19.51,25.61,26.15,11.21,441.0,0.279,66.0,14.97,30.0,6.8,0.793,0.185,15.08,6.28,20.52,26.8,22.64,14.93,188.0,0.234,39.0,20.74,13.0,6.91,0.629,0.099,20.07,8.57,21.63,30.2,25.63,19.21,307.0,0.252,76.0,24.76,18.0,5.86,0.744,0.192,23.65,10.83,18.63,29.46,24.83,19.69
746295,2024-06-11,2024,518934,R,607625,R,sac_bunt,False,False,33.0,0.222,9.0,27.27,5.0,15.15,0.566,0.0,23.64,10.92,21.01,31.93,31.37,26.47,450.0,0.241,100.0,22.22,45.0,10.0,0.7070000000000001,0.146,19.38,7.76,24.06,31.82,23.84,20.0,181.0,0.21,36.0,19.89,7.0,3.87,0.61,0.149,23.33,10.94,18.44,29.38,28.98,20.81,297.0,0.245,64.0,21.55,18.0,6.06,0.6719999999999999,0.134,20.04,9.36,18.89,28.25,27.02,20.13
746295,2024-06-11,2024,663757,L,607625,R,field_out,False,False,55.0,0.095,14.0,25.45,10.0,18.18,0.5880000000000001,0.215,23.68,7.41,23.46,30.86,6.14,21.54,412.0,0.178,118.0,28.64,56.0,13.59,0.623,0.147,29.65,12.55,17.63,30.18,22.3,21.15,188.0,0.234,39.0,20.74,13.0,6.91,0.629,0.099,20.07,8.57,21.63,30.2,25.63,19.21,307.0,0.252,76.0,24.76,18.0,5.86,0.744,0.192,23.65,10.83,18.63,29.46,24.83,19.69
746295,2024-06-11,2024,672580,R,607074,L,field_out,False,False,57.0,0.291,3.0,5.26,1.0,1.75,0.831,0.23600000000000004,10.0,4.95,21.29,26.24,29.73,4.92,116.0,0.315,21.0,18.1,5.0,4.31,0.79,0.139,16.58,7.23,23.31,30.54,25.87,18.75,277.0,0.22,61.0,22.02,17.0,6.14,0.6859999999999999,0.18000000000000002,26.42,13.53,13.36,26.89,29.83,16.27,236.0,0.274,50.0,21.19,22.0,9.32,0.855,0.236,25.1,13.5,11.48,24.97,31.87,17.24
746295,2024-06-11,2024,677951,R,607074,L,field_out,False,False,47.0,0.25,9.0,19.15,2.0,4.26,0.754,0.22699999999999998,22.83,11.54,14.29,25.82,37.0,16.36,147.0,0.297,28.0,19.05,7.0,4.76,0.8620000000000001,0.232,24.92,13.58,12.91,26.49,35.1,14.07,277.0,0.22,61.0,22.02,17.0,6.14,0.6859999999999999,0.18000000000000002,26.42,13.53,13.36,26.89,29.83,16.27,236.0,0.274,50.0,21.19,22.0,9.32,0.855,0.236,25.1,13.5,11.48,24.97,31.87,17.24
746295,2024-06-11,2024,521692,R,607074,L,field_out,False,False,62.0,0.309,10.0,16.13,6.0,9.68,0.86,0.16399999999999998,31.71,18.31,9.86,28.17,47.17,17.24,146.0,0.227,35.0,23.97,8.0,5.48,0.6659999999999999,0.144,28.96,17.6,9.44,27.04,51.15,18.82,277.0,0.22,61.0,22.02,17.0,6.14,0.6859999999999999,0.18000000000000002,26.42,13.53,13.36,26.89,29.83,16.27,236.0,0.274,50.0,21.19,22.0,9.32,0.855,0.236,25.1,13.5,11.48,24.97,31.87,17.24
746295,2024-06-11,2024,663330,R,607625,R,hit_by_pitch,False,False,9.0,0.167,3.0,33.33,0.0,0.0,0.542,0.0,33.33,19.05,19.05,38.1,44.44,50.0,3.0,0.0,2.0,66.67,1.0,33.33,0.333,0.0,57.14,23.53,17.65,41.18,14.29,28.57,181.0,0.21,36.0,19.89,7.0,3.87,0.61,0.149,23.33,10.94,18.44,29.38,28.98,20.81,297.0,0.245,64.0,21.55,18.0,6.06,0.6719999999999999,0.134,20.04,9.36,18.89,28.25,27.02,20.13
746295,2024-06-11,2024,624431,R,607625,R,single,False,False,83.0,0.286,11.0,13.25,4.0,4.82,0.6890000000000001,0.07800000000000001,15.97,6.69,22.54,29.23,30.67,16.92,125.0,0.19,20.0,16.0,5.0,4.0,0.495,0.069,18.59,8.22,23.33,31.56,37.86,15.5,181.0,0.21,36.0,19.89,7.0,3.87,0.61,0.149,23.33,10.94,18.44,29.38,28.98,20.81,297.0,0.245,64.0,21.55,18.0,6.06,0.6719999999999999,0.134,20.04,9.36,18.89,28.25,27.02,20.13
746295,2024-06-11,2024,665828,L,607625,R,grounded_into_double_play,False,False,136.0,0.24,25.0,18.38,8.0,5.88,0.665,0.14400000000000002,17.28,8.08,18.65,26.73,31.54,16.34,261.0,0.215,51.0,19.54,22.0,8.43,0.567,0.0679999999999999,22.29,10.93,14.34,25.28,25.97,17.65,188.0,0.234,39.0,20.74,13.0,6.91,0.629,0.099,20.07,8.57,21.63,30.2,25.63,19.21,307.0,0.252,76.0,24.76,18.0,5.86,0.744,0.192,23.65,10.83,18.63,29.46,24.83,19.69
746295,2024-06-11,2024,676369,R,607074,L,field_out,False,False,61.0,0.25,17.0,27.87,8.0,13.11,0.765,0.15400000000000003,35.54,16.86,12.55,29.41,22.56,21.79,54.0,0.184,15.0,27.78,5.0,9.26,0.708,0.265,29.81,14.62,15.57,30.19,30.09,20.0,277.0,0.22,61.0,22.02,17.0,6.14,0.6859999999999999,0.18000000000000002,26.42,13.53,13.36,26.89,29.83,16.27,236.0,0.274,50.0,21.19,22.0,9.32,0.855,0.236,25.1,13.5,11.48,24.97,31.87,17.24
746295,2024-06-11,2024,679845,R,607074,L,hit_by_pitch,False,False,21.0,0.438,2.0,9.52,3.0,14.29,0.962,0.0,11.76,5.13,14.1,19.23,25.53,9.52,24.0,0.421,5.0,20.83,3.0,12.5,1.079,0.1579999999999999,24.32,10.71,14.29,25.0,18.18,26.32,277.0,0.22,61.0,22.02,17.0,6.14,0.6859999999999999,0.18000000000000002,26.42,13.53,13.36,26.89,29.83,16.27,236.0,0.274,50.0,21.19,22.0,9.32,0.855,0.236,25.1,13.5,11.48,24.97,31.87,17.24
746295,2024-06-11,2024,666023,R,607074,L,grounded_into_double_play,False,False,39.0,0.351,6.0,15.38,2.0,5.13,0.871,0.135,29.49,16.31,14.18,30.5,32.81,13.04,66.0,0.262,14.0,21.21,4.0,6.06,0.777,0.197,25.18,13.78,11.42,25.2,29.37,17.28,277.0,0.22,61.0,22.02,17.0,6.14,0.6859999999999999,0.18000000000000002,26.42,13.53,13.36,26.89,29.83,16.27,236.0,0.274,50.0,21.19,22.0,9.32,0.855,0.236,25.1,13.5,11.48,24.97,31.87,17.24
746295,2024-06-11,2024,683011,R,607625,R,field_out,False,False,234.0,0.278,50.0,21.37,17.0,7.26,0.77,0.15299999999999997,22.12,10.4,19.14,29.54,29.65,18.87,467.0,0.198,132.0,28.27,36.0,7.71,0.624,0.1579999999999999,28.15,13.53,17.49,31.02,29.16,23.4,181.0,0.21,36.0,19.89,7.0,3.87,0.61,0.149,23.33,10.94,18.44,29.38,28.98,20.81,297.0,0.245,64.0,21.55,18.0,6.06,0.6719999999999999,0.134,20.04,9.36,18.89,28.25,27.02,20.13
746295,2024-06-11,2024,665742,L,607625,R,field_out,False,False,220.0,0.317,36.0,16.36,36.0,16.36,1.04,0.294,24.85,9.28,18.56,27.84,16.77,14.4,502.0,0.283,81.0,16.14,99.0,19.72,0.98,0.2730000000000001,18.45,6.31,19.31,25.62,15.09,14.14,188.0,0.234,39.0,20.74,13.0,6.91,0.629,0.099,20.07,8.57,21.63,30.2,25.63,19.21,307.0,0.252,76.0,24.76,18.0,5.86,0.744,0.192,23.65,10.83,18.63,29.46,24.83,19.69
746295,2024-06-11,2024,650402,R,607625,R,strikeout,True,False,214.0,0.234,51.0,23.83,17.0,7.94,0.649,0.11499999999999996,25.24,11.79,16.69,28.48,22.44,16.14,544.0,0.273,78.0,14.34,50.0,9.19,0.772,0.1589999999999999,21.74,10.32,15.57,25.89,26.86,11.29,181.0,0.21,36.0,19.89,7.0,3.87,0.61,0.149,23.33,10.94,18.44,29.38,28.98,20.81,297.0,0.245,64.0,21.55,18.0,6.06,0.6719999999999999,0.134,20.04,9.36,18.89,28.25,27.02,20.13
746295,2024-06-11,2024,592669,R,607074,L,strikeout,True,False,59.0,0.185,10.0,16.95,5.0,8.47,0.606,0.16699999999999998,20.75,10.43,17.54,27.96,35.24,15.38,140.0,0.244,34.0,24.29,9.0,6.43,0.6859999999999999,0.142,21.48,10.53,16.33,26.86,32.76,20.36,277.0,0.22,61.0,22.02,17.0,6.14,0.6859999999999999,0.18000000000000002,26.42,13.53,13.36,26.89,29.83,16.27,236.0,0.274,50.0,21.19,22.0,9.32,0.855,0.236,25.1,13.5,11.48,24.97,31.87,17.24
746295,2024-06-11,2024,680118,R,607074,L,strikeout,True,False,27.0,0.333,6.0,22.22,2.0,7.41,0.968,0.24999999999999994,28.07,14.41,16.22,30.63,30.19,13.95,42.0,0.243,17.0,40.48,4.0,9.52,0.819,0.243,37.65,19.28,12.65,31.93,35.79,32.08,277.0,0.22,61.0,22.02,17.0,6.14,0.6859999999999999,0.18000000000000002,26.42,13.53,13.36,26.89,29.83,16.27,236.0,0.274,50.0,21.19,22.0,9.32,0.855,0.236,25.1,13.5,11.48,24.97,31.87,17.24
746295,2024-06-11,2024,641658,R,607074,L,field_out,False,False,48.0,0.279,14.0,29.17,4.0,8.33,0.6890000000000001,0.06999999999999995,23.86,11.73,13.41,25.14,21.95,29.79,82.0,0.264,22.0,26.83,9.0,10.98,0.707,0.0969999999999999,30.16,12.62,19.93,32.56,26.03,28.95,277.0,0.22,61.0,22.02,17.0,6.14,0.6859999999999999,0.18000000000000002,26.42,13.53,13.36,26.89,29.83,16.27,236.0,0.274,50.0,21.19,22.0,9.32,0.855,0.236,25.1,13.5,11.48,24.97,31.87,17.24
746295,2024-06-11,2024,657077,L,607625,R,field_out,False,False,194.0,0.277,24.0,12.37,13.0,6.7,0.778,0.181,13.2,6.1,19.51,25.61,26.15,11.21,441.0,0.279,66.0,14.97,30.0,6.8,0.793,0.185,15.08,6.28,20.52,26.8,22.64,14.93,188.0,0.234,39.0,20.74,13.0,6.91,0.629,0.099,20.07,8.57,21.63,30.2,25.63,19.21,307.0,0.252,76.0,24.76,18.0,5.86,0.744,0.192,23.65,10.83,18.63,29.46,24.83,19.69
746295,2024-06-11,2024,518934,R,607625,R,single,False,False,33.0,0.222,9.0,27.27,5.0,15.15,0.566,0.0,23.64,10.92,21.01,31.93,31.37,26.47,450.0,0.241,100.0,22.22,45.0,10.0,0.7070000000000001,0.146,19.38,7.76,24.06,31.82,23.84,20.0,181.0,0.21,36.0,19.89,7.0,3.87,0.61,0.149,23.33,10.94,18.44,29.38,28.98,20.81,297.0,0.245,64.0,21.55,18.0,6.06,0.6719999999999999,0.134,20.04,9.36,18.89,28.25,27.02,20.13
746295,2024-06-11,2024,663757,L,607625,R,hit_by_pitch,False,False,55.0,0.095,14.0,25.45,10.0,18.18,0.5880000000000001,0.215,23.68,7.41,23.46,30.86,6.14,21.54,412.0,0.178,118.0,28.64,56.0,13.59,0.623,0.147,29.65,12.55,17.63,30.18,22.3,21.15,188.0,0.234,39.0,20.74,13.0,6.91,0.629,0.099,20.07,8.57,21.63,30.2,25.63,19.21,307.0,0.252,76.0,24.76,18.0,5.86,0.744,0.192,23.65,10.83,18.63,29.46,24.83,19.69
746295,2024-06-11,2024,663330,R,607625,R,sac_bunt,False,False,9.0,0.167,3.0,33.33,0.0,0.0,0.542,0.0,33.33,19.05,19.05,38.1,44.44,50.0,3.0,0.0,2.0,66.67,1.0,33.33,0.333,0.0,57.14,23.53,17.65,41.18,14.29,28.57,181.0,0.21,36.0,19.89,7.0,3.87,0.61,0.149,23.33,10.94,18.44,29.38,28.98,20.81,297.0,0.245,64.0,21.55,18.0,6.06,0.6719999999999999,0.134,20.04,9.36,18.89,28.25,27.02,20.13
746295,2024-06-11,2024,624431,R,607625,R,single,False,False,83.0,0.286,11.0,13.25,4.0,4.82,0.6890000000000001,0.07800000000000001,15.97,6.69,22.54,29.23,30.67,16.92,125.0,0.19,20.0,16.0,5.0,4.0,0.495,0.069,18.59,8.22,23.33,31.56,37.86,15.5,181.0,0.21,36.0,19.89,7.0,3.87,0.61,0.149,23.33,10.94,18.44,29.38,28.98,20.81,297.0,0.245,64.0,21.55,18.0,6.06,0.6719999999999999,0.134,20.04,9.36,18.89,28.25,27.02,20.13
746295,2024-06-11,2024,665828,L,607625,R,single,False,False,136.0,0.24,25.0,18.38,8.0,5.88,0.665,0.14400000000000002,17.28,8.08,18.65,26.73,31.54,16.34,261.0,0.215,51.0,19.54,22.0,8.43,0.567,0.0679999999999999,22.29,10.93,14.34,25.28,25.97,17.65,188.0,0.234,39.0,20.74,13.0,6.91,0.629,0.099,20.07,8.57,21.63,30.2,25.63,19.21,307.0,0.252,76.0,24.76,18.0,5.86,0.744,0.192,23.65,10.83,18.63,29.46,24.83,19.69
746295,2024-06-11,2024,683011,R,607625,R,field_out,False,False,234.0,0.278,50.0,21.37,17.0,7.26,0.77,0.15299999999999997,22.12,10.4,19.14,29.54,29.65,18.87,467.0,0.198,132.0,28.27,36.0,7.71,0.624,0.1579999999999999,28.15,13.53,17.49,31.02,29.16,23.4,181.0,0.21,36.0,19.89,7.0,3.87,0.61,0.149,23.33,10.94,18.44,29.38,28.98,20.81,297.0,0.245,64.0,21.55,18.0,6.06,0.6719999999999999,0.134,20.04,9.36,18.89,28.25,27.02,20.13
746295,2024-06-11,2024,672580,R,607074,L,field_out,False,False,57.0,0.291,3.0,5.26,1.0,1.75,0.831,0.23600000000000004,10.0,4.95,21.29,26.24,29.73,4.92,116.0,0.315,21.0,18.1,5.0,4.31,0.79,0.139,16.58,7.23,23.31,30.54,25.87,18.75,277.0,0.22,61.0,22.02,17.0,6.14,0.6859999999999999,0.18000000000000002,26.42,13.53,13.36,26.89,29.83,16.27,236.0,0.274,50.0,21.19,22.0,9.32,0.855,0.236,25.1,13.5,11.48,24.97,31.87,17.24
746295,2024-06-11,2024,677951,R,607074,L,field_out,False,False,47.0,0.25,9.0,19.15,2.0,4.26,0.754,0.22699999999999998,22.83,11.54,14.29,25.82,37.0,16.36,147.0,0.297,28.0,19.05,7.0,4.76,0.8620000000000001,0.232,24.92,13.58,12.91,26.49,35.1,14.07,277.0,0.22,61.0,22.02,17.0,6.14,0.6859999999999999,0.18000000000000002,26.42,13.53,13.36,26.89,29.83,16.27,236.0,0.274,50.0,21.19,22.0,9.32,0.855,0.236,25.1,13.5,11.48,24.97,31.87,17.24
746295,2024-06-11,2024,521692,R,607074,L,field_out,False,False,62.0,0.309,10.0,16.13,6.0,9.68,0.86,0.16399999999999998,31.71,18.31,9.86,28.17,47.17,17.24,146.0,0.227,35.0,23.97,8.0,5.48,0.6659999999999999,0.144,28.96,17.6,9.44,27.04,51.15,18.82,277.0,0.22,61.0,22.02,17.0,6.14,0.6859999999999999,0.18000000000000002,26.42,13.53,13.36,26.89,29.83,16.27,236.0,0.274,50.0,21.19,22.0,9.32,0.855,0.236,25.1,13.5,11.48,24.97,31.87,17.24
746295,2024-06-11,2024,665742,L,607625,R,field_out,False,False,220.0,0.317,36.0,16.36,36.0,16.36,1.04,0.294,24.85,9.28,18.56,27.84,16.77,14.4,502.0,0.283,81.0,16.14,99.0,19.72,0.98,0.2730000000000001,18.45,6.31,19.31,25.62,15.09,14.14,188.0,0.234,39.0,20.74,13.0,6.91,0.629,0.099,20.07,8.57,21.63,30.2,25.63,19.21,307.0,0.252,76.0,24.76,18.0,5.86,0.744,0.192,23.65,10.83,18.63,29.46,24.83,19.69
746295,2024-06-11,2024,650402,R,607625,R,field_out,False,False,214.0,0.234,51.0,23.83,17.0,7.94,0.649,0.11499999999999996,25.24,11.79,16.69,28.48,22.44,16.14,544.0,0.273,78.0,14.34,50.0,9.19,0.772,0.1589999999999999,21.74,10.32,15.57,25.89,26.86,11.29,181.0,0.21,36.0,19.89,7.0,3.87,0.61,0.149,23.33,10.94,18.44,29.38,28.98,20.81,297.0,0.245,64.0,21.55,18.0,6.06,0.6719999999999999,0.134,20.04,9.36,18.89,28.25,27.02,20.13
746295,2024-06-11,2024,657077,L,607625,R,single,False,False,194.0,0.277,24.0,12.37,13.0,6.7,0.778,0.181,13.2,6.1,19.51,25.61,26.15,11.21,441.0,0.279,66.0,14.97,30.0,6.8,0.793,0.185,15.08,6.28,20.52,26.8,22.64,14.93,188.0,0.234,39.0,20.74,13.0,6.91,0.629,0.099,20.07,8.57,21.63,30.2,25.63,19.21,307.0,0.252,76.0,24.76,18.0,5.86,0.744,0.192,23.65,10.83,18.63,29.46,24.83,19.69
746295,2024-06-11,2024,518934,R,607625,R,force_out,False,False,33.0,0.222,9.0,27.27,5.0,15.15,0.566,0.0,23.64,10.92,21.01,31.93,31.37,26.47,450.0,0.241,100.0,22.22,45.0,10.0,0.7070000000000001,0.146,19.38,7.76,24.06,31.82,23.84,20.0,181.0,0.21,36.0,19.89,7.0,3.87,0.61,0.149,23.33,10.94,18.44,29.38,28.98,20.81,297.0,0.245,64.0,21.55,18.0,6.06,0.6719999999999999,0.134,20.04,9.36,18.89,28.25,27.02,20.13
746295,2024-06-11,2024,676369,R,607074,L,single,False,False,61.0,0.25,17.0,27.87,8.0,13.11,0.765,0.15400000000000003,35.54,16.86,12.55,29.41,22.56,21.79,54.0,0.184,15.0,27.78,5.0,9.26,0.708,0.265,29.81,14.62,15.57,30.19,30.09,20.0,277.0,0.22,61.0,22.02,17.0,6.14,0.6859999999999999,0.18000000000000002,26.42,13.53,13.36,26.89,29.83,16.27,236.0,0.274,50.0,21.19,22.0,9.32,0.855,0.236,25.1,13.5,11.48,24.97,31.87,17.24
746295,2024-06-11,2024,679845,R,607074,L,single,False,False,21.0,0.438,2.0,9.52,3.0,14.29,0.962,0.0,11.76,5.13,14.1,19.23,25.53,9.52,24.0,0.421,5.0,20.83,3.0,12.5,1.079,0.1579999999999999,24.32,10.71,14.29,25.0,18.18,26.32,277.0,0.22,61.0,22.02,17.0,6.14,0.6859999999999999,0.18000000000000002,26.42,13.53,13.36,26.89,29.83,16.27,236.0,0.274,50.0,21.19,22.0,9.32,0.855,0.236,25.1,13.5,11.48,24.97,31.87,17.24
746295,2024-06-11,2024,666023,R,607074,L,grounded_into_double_play,False,False,39.0,0.351,6.0,15.38,2.0,5.13,0.871,0.135,29.49,16.31,14.18,30.5,32.81,13.04,66.0,0.262,14.0,21.21,4.0,6.06,0.777,0.197,25.18,13.78,11.42,25.2,29.37,17.28,277.0,0.22,61.0,22.02,17.0,6.14,0.6859999999999999,0.18000000000000002,26.42,13.53,13.36,26.89,29.83,16.27,236.0,0.274,50.0,21.19,22.0,9.32,0.855,0.236,25.1,13.5,11.48,24.97,31.87,17.24
746295,2024-06-11,2024,669004,L,607074,L,field_out,False,False,35.0,0.147,9.0,25.71,1.0,2.86,0.318,0.0,25.37,14.17,11.67,25.83,27.59,27.27,144.0,0.222,48.0,33.33,7.0,4.86,0.597,0.111,39.78,20.52,15.71,36.23,34.2,30.0,49.0,0.196,13.0,26.53,3.0,6.12,0.571,0.13,25.0,10.93,19.67,30.6,24.21,23.21,50.0,0.195,14.0,28.0,6.0,12.0,0.759,0.244,32.32,16.58,11.92,28.5,23.4,25.93
746295,2024-06-11,2024,663757,L,607625,R,strikeout,True,False,55.0,0.095,14.0,25.45,10.0,18.18,0.5880000000000001,0.215,23.68,7.41,23.46,30.86,6.14,21.54,412.0,0.178,118.0,28.64,56.0,13.59,0.623,0.147,29.65,12.55,17.63,30.18,22.3,21.15,188.0,0.234,39.0,20.74,13.0,6.91,0.629,0.099,20.07,8.57,21.63,30.2,25.63,19.21,307.0,0.252,76.0,24.76,18.0,5.86,0.744,0.192,23.65,10.83,18.63,29.46,24.83,19.69
746295,2024-06-11,2024,663330,R,607625,R,field_out,False,False,9.0,0.167,3.0,33.33,0.0,0.0,0.542,0.0,33.33,19.05,19.05,38.1,44.44,50.0,3.0,0.0,2.0,66.67,1.0,33.33,0.333,0.0,57.14,23.53,17.65,41.18,14.29,28.57,181.0,0.21,36.0,19.89,7.0,3.87,0.61,0.149,23.33,10.94,18.44,29.38,28.98,20.81,297.0,0.245,64.0,21.55,18.0,6.06,0.6719999999999999,0.134,20.04,9.36,18.89,28.25,27.02,20.13
746295,2024-06-11,2024,624431,R,607625,R,field_out,False,False,83.0,0.286,11.0,13.25,4.0,4.82,0.6890000000000001,0.07800000000000001,15.97,6.69,22.54,29.23,30.67,16.92,125.0,0.19,20.0,16.0,5.0,4.0,0.495,0.069,18.59,8.22,23.33,31.56,37.86,15.5,181.0,0.21,36.0,19.89,7.0,3.87,0.61,0.149,23.33,10.94,18.44,29.38,28.98,20.81,297.0,0.245,64.0,21.55,18.0,6.06,0.6719999999999999,0.134,20.04,9.36,18.89,28.25,27.02,20.13
746295,2024-06-11,2024,680118,R,607074,L,field_out,False,False,27.0,0.333,6.0,22.22,2.0,7.41,0.968,0.24999999999999994,28.07,14.41,16.22,30.63,30.19,13.95,42.0,0.243,17.0,40.48,4.0,9.52,0.819,0.243,37.65,19.28,12.65,31.93,35.79,32.08,277.0,0.22,61.0,22.02,17.0,6.14,0.6859999999999999,0.18000000000000002,26.42,13.53,13.36,26.89,29.83,16.27,236.0,0.274,50.0,21.19,22.0,9.32,0.855,0.236,25.1,13.5,11.48,24.97,31.87,17.24
746295,2024-06-11,2024,641658,R,607074,L,field_out,False,False,48.0,0.279,14.0,29.17,4.0,8.33,0.6890000000000001,0.06999999999999995,23.86,11.73,13.41,25.14,21.95,29.79,82.0,0.264,22.0,26.83,9.0,10.98,0.707,0.0969999999999999,30.16,12.62,19.93,32.56,26.03,28.95,277.0,0.22,61.0,22.02,17.0,6.14,0.6859999999999999,0.18000000000000002,26.42,13.53,13.36,26.89,29.83,16.27,236.0,0.274,50.0,21.19,22.0,9.32,0.855,0.236,25.1,13.5,11.48,24.97,31.87,17.24
746295,2024-06-11,2024,672580,R,607074,L,field_out,False,False,57.0,0.291,3.0,5.26,1.0,1.75,0.831,0.23600000000000004,10.0,4.95,21.29,26.24,29.73,4.92,116.0,0.315,21.0,18.1,5.0,4.31,0.79,0.139,16.58,7.23,23.31,30.54,25.87,18.75,277.0,0.22,61.0,22.02,17.0,6.14,0.6859999999999999,0.18000000000000002,26.42,13.53,13.36,26.89,29.83,16.27,236.0,0.274,50.0,21.19,22.0,9.32,0.855,0.236,25.1,13.5,11.48,24.97,31.87,17.24
746295,2024-06-11,2024,665828,L,607625,R,strikeout,True,False,136.0,0.24,25.0,18.38,8.0,5.88,0.665,0.14400000000000002,17.28,8.08,18.65,26.73,31.54,16.34,261.0,0.215,51.0,19.54,22.0,8.43,0.567,0.0679999999999999,22.29,10.93,14.34,25.28,25.97,17.65,188.0,0.234,39.0,20.74,13.0,6.91,0.629,0.099,20.07,8.57,21.63,30.2,25.63,19.21,307.0,0.252,76.0,24.76,18.0,5.86,0.744,0.192,23.65,10.83,18.63,29.46,24.83,19.69
746295,2024-06-11,2024,683011,R,607625,R,field_out,False,False,234.0,0.278,50.0,21.37,17.0,7.26,0.77,0.15299999999999997,22.12,10.4,19.14,29.54,29.65,18.87,467.0,0.198,132.0,28.27,36.0,7.71,0.624,0.1579999999999999,28.15,13.53,17.49,31.02,29.16,23.4,181.0,0.21,36.0,19.89,7.0,3.87,0.61,0.149,23.33,10.94,18.44,29.38,28.98,20.81,297.0,0.245,64.0,21.55,18.0,6.06,0.6719999999999999,0.134,20.04,9.36,18.89,28.25,27.02,20.13
746295,2024-06-11,2024,665742,L,607625,R,walk,False,True,220.0,0.317,36.0,16.36,36.0,16.36,1.04,0.294,24.85,9.28,18.56,27.84,16.77,14.4,502.0,0.283,81.0,16.14,99.0,19.72,0.98,0.2730000000000001,18.45,6.31,19.31,25.62,15.09,14.14,188.0,0.234,39.0,20.74,13.0,6.91,0.629,0.099,20.07,8.57,21.63,30.2,25.63,19.21,307.0,0.252,76.0,24.76,18.0,5.86,0.744,0.192,23.65,10.83,18.63,29.46,24.83,19.69
746295,2024-06-11,2024,650402,R,607625,R,strikeout,True,False,214.0,0.234,51.0,23.83,17.0,7.94,0.649,0.11499999999999996,25.24,11.79,16.69,28.48,22.44,16.14,544.0,0.273,78.0,14.34,50.0,9.19,0.772,0.1589999999999999,21.74,10.32,15.57,25.89,26.86,11.29,181.0,0.21,36.0,19.89,7.0,3.87,0.61,0.149,23.33,10.94,18.44,29.38,28.98,20.81,297.0,0.245,64.0,21.55,18.0,6.06,0.6719999999999999,0.134,20.04,9.36,18.89,28.25,27.02,20.13
746295,2024-06-11,2024,677951,R,607074,L,field_out,False,False,47.0,0.25,9.0,19.15,2.0,4.26,0.754,0.22699999999999998,22.83,11.54,14.29,25.82,37.0,16.36,147.0,0.297,28.0,19.05,7.0,4.76,0.8620000000000001,0.232,24.92,13.58,12.91,26.49,35.1,14.07,277.0,0.22,61.0,22.02,17.0,6.14,0.6859999999999999,0.18000000000000002,26.42,13.53,13.36,26.89,29.83,16.27,236.0,0.274,50.0,21.19,22.0,9.32,0.855,0.236,25.1,13.5,11.48,24.97,31.87,17.24
746295,2024-06-11,2024,521692,R,607074,L,single,False,False,62.0,0.309,10.0,16.13,6.0,9.68,0.86,0.16399999999999998,31.71,18.31,9.86,28.17,47.17,17.24,146.0,0.227,35.0,23.97,8.0,5.48,0.6659999999999999,0.144,28.96,17.6,9.44,27.04,51.15,18.82,277.0,0.22,61.0,22.02,17.0,6.14,0.6859999999999999,0.18000000000000002,26.42,13.53,13.36,26.89,29.83,16.27,236.0,0.274,50.0,21.19,22.0,9.32,0.855,0.236,25.1,13.5,11.48,24.97,31.87,17.24
746295,2024-06-11,2024,676369,R,607074,L,strikeout,True,False,61.0,0.25,17.0,27.87,8.0,13.11,0.765,0.15400000000000003,35.54,16.86,12.55,29.41,22.56,21.79,54.0,0.184,15.0,27.78,5.0,9.26,0.708,0.265,29.81,14.62,15.57,30.19,30.09,20.0,277.0,0.22,61.0,22.02,17.0,6.14,0.6859999999999999,0.18000000000000002,26.42,13.53,13.36,26.89,29.83,16.27,236.0,0.274,50.0,21.19,22.0,9.32,0.855,0.236,25.1,13.5,11.48,24.97,31.87,17.24
746295,2024-06-11,2024,679845,R,607074,L,single,False,False,21.0,0.438,2.0,9.52,3.0,14.29,0.962,0.0,11.76,5.13,14.1,19.23,25.53,9.52,24.0,0.421,5.0,20.83,3.0,12.5,1.079,0.1579999999999999,24.32,10.71,14.29,25.0,18.18,26.32,277.0,0.22,61.0,22.02,17.0,6.14,0.6859999999999999,0.18000000000000002,26.42,13.53,13.36,26.89,29.83,16.27,236.0,0.274,50.0,21.19,22.0,9.32,0.855,0.236,25.1,13.5,11.48,24.97,31.87,17.24
746295,2024-06-11,2024,666023,R,607074,L,single,False,False,39.0,0.351,6.0,15.38,2.0,5.13,0.871,0.135,29.49,16.31,14.18,30.5,32.81,13.04,66.0,0.262,14.0,21.21,4.0,6.06,0.777,0.197,25.18,13.78,11.42,25.2,29.37,17.28,277.0,0.22,61.0,22.02,17.0,6.14,0.6859999999999999,0.18000000000000002,26.42,13.53,13.36,26.89,29.83,16.27,236.0,0.274,50.0,21.19,22.0,9.32,0.855,0.236,25.1,13.5,11.48,24.97,31.87,17.24
746295,2024-06-11,2024,669004,L,607074,L,field_out,False,False,35.0,0.147,9.0,25.71,1.0,2.86,0.318,0.0,25.37,14.17,11.67,25.83,27.59,27.27,144.0,0.222,48.0,33.33,7.0,4.86,0.597,0.111,39.78,20.52,15.71,36.23,34.2,30.0,49.0,0.196,13.0,26.53,3.0,6.12,0.571,0.13,25.0,10.93,19.67,30.6,24.21,23.21,50.0,0.195,14.0,28.0,6.0,12.0,0.759,0.244,32.32,16.58,11.92,28.5,23.4,25.93
746295,2024-06-11,2024,657077,L,656186,R,strikeout,True,False,194.0,0.277,24.0,12.37,13.0,6.7,0.778,0.181,13.2,6.1,19.51,25.61,26.15,11.21,441.0,0.279,66.0,14.97,30.0,6.8,0.793,0.185,15.08,6.28,20.52,26.8,22.64,14.93,2.0,0.0,1.0,50.0,0.0,0.0,0.0,0.0,40.0,22.22,11.11,33.33,50.0,50.0,,,,,,,,,,,,,,
746295,2024-06-11,2024,518934,R,656186,R,strikeout,True,False,33.0,0.222,9.0,27.27,5.0,15.15,0.566,0.0,23.64,10.92,21.01,31.93,31.37,26.47,450.0,0.241,100.0,22.22,45.0,10.0,0.7070000000000001,0.146,19.38,7.76,24.06,31.82,23.84,20.0,1.0,0.0,1.0,100.0,0.0,0.0,0.0,0.0,33.33,33.33,0.0,33.33,100.0,100.0,,,,,,,,,,,,,,
746295,2024-06-11,2024,663757,L,656186,R,field_out,False,False,55.0,0.095,14.0,25.45,10.0,18.18,0.5880000000000001,0.215,23.68,7.41,23.46,30.86,6.14,21.54,412.0,0.178,118.0,28.64,56.0,13.59,0.623,0.147,29.65,12.55,17.63,30.18,22.3,21.15,2.0,0.0,1.0,50.0,0.0,0.0,0.0,0.0,40.0,22.22,11.11,33.33,50.0,50.0,,,,,,,,,,,,,,
746295,2024-06-11,2024,680118,R,641656,R,single,False,False,40.0,0.206,10.0,25.0,3.0,7.5,0.495,0.0,30.43,14.09,14.77,28.86,32.53,20.41,97.0,0.264,16.0,16.49,6.0,6.19,0.756,0.173,25.15,12.46,15.65,28.12,25.62,16.33,74.0,0.292,18.0,24.32,5.0,6.76,0.782,0.139,39.57,19.93,16.67,36.59,38.26,21.18,130.0,0.23,36.0,27.69,15.0,11.54,0.605,0.044,34.73,16.24,15.66,31.9,32.53,24.49
746295,2024-06-11,2024,641658,R,641656,R,strikeout,True,False,41.0,0.342,12.0,29.27,2.0,4.88,0.77,0.05299999999999999,20.25,9.88,19.75,29.63,23.53,23.08,170.0,0.282,45.0,26.47,14.0,8.24,0.74,0.107,24.75,10.81,20.44,31.26,25.39,22.06,74.0,0.292,18.0,24.32,5.0,6.76,0.782,0.139,39.57,19.93,16.67,36.59,38.26,21.18,130.0,0.23,36.0,27.69,15.0,11.54,0.605,0.044,34.73,16.24,15.66,31.9,32.53,24.49
746295,2024-06-11,2024,672580,R,641656,R,strikeout,True,False,242.0,0.242,44.0,18.18,19.0,7.85,0.638,0.09600000000000003,19.45,8.56,20.31,28.87,21.75,16.54,400.0,0.258,94.0,23.5,33.0,8.25,0.648,0.071,20.3,8.71,19.59,28.3,19.12,19.96,74.0,0.292,18.0,24.32,5.0,6.76,0.782,0.139,39.57,19.93,16.67,36.59,38.26,21.18,130.0,0.23,36.0,27.69,15.0,11.54,0.605,0.044,34.73,16.24,15.66,31.9,32.53,24.49
746295,2024-06-11,2024,677951,R,641656,R,double,False,False,251.0,0.332,43.0,17.13,20.0,7.97,0.957,0.23899999999999993,24.52,12.03,14.11,26.14,29.01,17.34,547.0,0.27,93.0,17.0,33.0,6.03,0.8,0.2149999999999999,22.15,10.87,15.53,26.4,29.62,14.44,74.0,0.292,18.0,24.32,5.0,6.76,0.782,0.139,39.57,19.93,16.67,36.59,38.26,21.18,130.0,0.23,36.0,27.69,15.0,11.54,0.605,0.044,34.73,16.24,15.66,31.9,32.53,24.49
746295,2024-06-11,2024,521692,R,641656,R,strikeout,True,False,204.0,0.295,37.0,18.14,14.0,6.86,0.857,0.197,24.94,14.25,9.14,23.39,43.29,15.23,437.0,0.264,100.0,22.88,11.0,2.52,0.73,0.174,30.72,18.16,9.73,27.89,45.56,22.08,74.0,0.292,18.0,24.32,5.0,6.76,0.782,0.139,39.57,19.93,16.67,36.59,38.26,21.18,130.0,0.23,36.0,27.69,15.0,11.54,0.605,0.044,34.73,16.24,15.66,31.9,32.53,24.49
746295,2024-06-11,2024,663330,R,669674,L,single,False,False,6.0,0.4,1.0,16.67,1.0,16.67,1.5,0.6,44.44,19.05,23.81,42.86,12.5,12.5,8.0,0.25,3.0,37.5,0.0,0.0,0.625,0.125,18.75,9.38,15.62,25.0,18.75,30.0,17.0,0.077,4.0,23.53,2.0,11.76,0.265,0.0,30.0,14.29,17.46,31.75,28.12,25.0,123.0,0.288,20.0,16.26,11.0,8.94,0.8,0.162,19.48,9.34,15.35,24.69,32.23,13.79
746295,2024-06-11,2024,624431,R,669674,L,sac_bunt,False,False,51.0,0.227,7.0,13.73,5.0,9.8,0.732,0.205,18.68,7.39,20.0,27.39,25.56,9.33,44.0,0.268,2.0,4.55,3.0,6.82,0.781,0.195,11.11,5.49,18.9,24.39,37.21,4.08,17.0,0.077,4.0,23.53,2.0,11.76,0.265,0.0,30.0,14.29,17.46,31.75,28.12,25.0,123.0,0.288,20.0,16.26,11.0,8.94,0.8,0.162,19.48,9.34,15.35,24.69,32.23,13.79
746295,2024-06-11,2024,665828,R,669674,L,field_out,False,False,45.0,0.233,9.0,20.0,2.0,4.44,0.546,0.04600000000000001,14.63,7.27,19.39,26.67,31.08,16.36,70.0,0.2,21.0,30.0,3.0,4.29,0.597,0.1539999999999999,28.35,15.65,15.65,31.3,36.19,34.43,17.0,0.077,4.0,23.53,2.0,11.76,0.265,0.0,30.0,14.29,17.46,31.75,28.12,25.0,123.0,0.288,20.0,16.26,11.0,8.94,0.8,0.162,19.48,9.34,15.35,24.69,32.23,13.79
746295,2024-06-11,2024,683011,R,669674,L,field_out,False,False,74.0,0.269,15.0,20.27,6.0,8.11,0.7170000000000001,0.119,17.81,8.52,17.05,25.57,27.85,17.24,134.0,0.248,35.0,26.12,16.0,11.94,0.817,0.2309999999999999,28.81,13.49,15.8,29.29,27.07,23.49,17.0,0.077,4.0,23.53,2.0,11.76,0.265,0.0,30.0,14.29,17.46,31.75,28.12,25.0,123.0,0.288,20.0,16.26,11.0,8.94,0.8,0.162,19.48,9.34,15.35,24.69,32.23,13.79
746295,2024-06-11,2024,624428,L,543859,R,strikeout,True,False,127.0,0.225,23.0,18.11,14.0,11.02,0.656,0.10800000000000001,17.0,7.85,18.5,26.36,26.82,12.64,392.0,0.248,60.0,15.31,26.0,6.63,0.7090000000000001,0.158,19.43,9.43,17.73,27.16,29.49,14.18,42.0,0.162,9.0,21.43,4.0,9.52,0.45399999999999996,0.05399999999999999,21.35,10.73,11.86,22.6,26.32,14.06,153.0,0.248,33.0,21.57,12.0,7.84,0.7030000000000001,0.139,24.04,12.14,15.53,27.67,29.01,16.02
746295,2024-06-11,2024,679845,R,543859,R,walk,False,True,55.0,0.261,7.0,12.73,7.0,12.73,0.635,0.021999999999999964,19.23,8.11,18.38,26.49,22.68,14.29,44.0,0.279,7.0,15.91,1.0,2.27,0.667,0.0929999999999999,20.0,9.64,16.87,26.51,25.61,14.29,85.0,0.219,21.0,24.71,7.0,8.24,0.606,0.06899999999999998,29.81,13.56,18.36,31.92,31.49,18.42,172.0,0.19,42.0,24.42,11.0,6.4,0.613,0.183,25.53,12.71,17.19,29.9,29.81,17.8
746295,2024-06-11,2024,686469,L,543859,R,field_out,False,False,211.0,0.228,30.0,14.22,22.0,10.43,0.747,0.205,13.28,5.99,16.2,22.18,28.51,12.82,188.0,0.251,23.0,12.23,15.0,7.98,0.784,0.217,14.85,7.02,17.48,24.5,34.8,10.0,42.0,0.162,9.0,21.43,4.0,9.52,0.45399999999999996,0.05399999999999999,21.35,10.73,11.86,22.6,26.32,14.06,153.0,0.248,33.0,21.57,12.0,7.84,0.7030000000000001,0.139,24.04,12.14,15.53,27.67,29.01,16.02
746295,2024-06-11,2024,669004,L,543859,R,strikeout,True,False,165.0,0.166,44.0,26.67,13.0,7.88,0.62,0.218,29.78,15.33,11.81,27.14,27.03,17.6,459.0,0.239,122.0,26.58,55.0,11.98,0.752,0.181,32.7,15.24,15.56,30.8,24.84,20.68,42.0,0.162,9.0,21.43,4.0,9.52,0.45399999999999996,0.05399999999999999,21.35,10.73,11.86,22.6,26.32,14.06,153.0,0.248,33.0,21.57,12.0,7.84,0.7030000000000001,0.139,24.04,12.14,15.53,27.67,29.01,16.02
745982,2024-06-11,2024,676914,R,607067,R,field_out,False,False,158.0,0.244,38.0,24.05,18.0,11.39,0.77,0.178,26.69,10.78,18.82,29.6,20.22,16.89,87.0,0.247,27.0,31.03,11.0,12.64,0.8340000000000001,0.219,37.06,13.98,21.9,35.88,15.66,21.77,138.0,0.209,21.0,15.22,8.0,5.8,0.571,0.101,18.93,9.45,17.66,27.1,27.63,14.58,270.0,0.22,62.0,22.96,19.0,7.04,0.65,0.151,28.46,13.58,17.08,30.66,28.62,18.94
745982,2024-06-11,2024,687462,L,607067,R,double,False,False,12.0,0.333,1.0,8.33,2.0,16.67,0.899,0.11099999999999999,6.67,2.56,15.38,17.95,7.69,14.29,38.0,0.265,10.0,26.32,3.0,7.89,0.754,0.1469999999999999,27.14,13.01,17.12,30.14,25.35,21.74,163.0,0.265,27.0,16.56,15.0,9.2,0.8200000000000001,0.21799999999999997,16.34,6.94,20.5,27.44,20.75,16.46,247.0,0.251,48.0,19.43,19.0,7.69,0.8160000000000001,0.251,19.13,9.16,18.52,27.68,26.2,15.34
745982,2024-06-11,2024,665489,R,607067,R,fielders_choice_out,False,False,233.0,0.296,41.0,17.6,26.0,11.16,0.8,0.126,24.38,11.39,15.46,26.85,24.05,13.53,558.0,0.26,85.0,15.23,48.0,8.6,0.792,0.2,23.83,12.29,11.94,24.23,30.21,15.37,138.0,0.209,21.0,15.22,8.0,5.8,0.571,0.101,18.93,9.45,17.66,27.1,27.63,14.58,270.0,0.22,62.0,22.96,19.0,7.04,0.65,0.151,28.46,13.58,17.08,30.66,28.62,18.94
745982,2024-06-11,2024,666182,R,607067,R,field_out,False,False,214.0,0.258,36.0,16.82,12.0,5.61,0.6970000000000001,0.131,21.69,12.38,11.0,23.38,36.29,16.67,496.0,0.303,102.0,20.56,20.0,4.03,0.797,0.161,21.9,12.38,11.73,24.11,38.01,17.91,138.0,0.209,21.0,15.22,8.0,5.8,0.571,0.101,18.93,9.45,17.66,27.1,27.63,14.58,270.0,0.22,62.0,22.96,19.0,7.04,0.65,0.151,28.46,13.58,17.08,30.66,28.62,18.94
745982,2024-06-11,2024,668930,L,621244,R,field_out,False,False,205.0,0.315,31.0,15.12,18.0,8.78,0.8069999999999999,0.11599999999999999,12.84,5.93,18.94,24.87,25.48,14.22,376.0,0.224,82.0,21.81,30.0,7.98,0.608,0.097,22.03,10.83,16.08,26.9,28.59,16.14,161.0,0.175,33.0,20.5,15.0,9.32,0.615,0.182,22.34,9.63,19.11,28.75,27.27,17.28,407.0,0.261,97.0,23.83,31.0,7.62,0.773,0.189,27.03,12.19,17.64,29.83,27.76,22.0
745982,2024-06-11,2024,661388,R,621244,R,field_out,False,False,229.0,0.304,41.0,17.9,23.0,10.04,0.87,0.186,29.57,13.77,14.35,28.12,24.17,17.15,434.0,0.262,94.0,21.66,42.0,9.68,0.72,0.119,27.61,11.63,19.55,31.17,24.86,18.08,181.0,0.287,31.0,17.13,7.0,3.87,0.767,0.15000000000000002,19.43,9.41,19.75,29.17,33.33,15.9,376.0,0.22,87.0,23.14,21.0,5.59,0.6160000000000001,0.121,23.87,11.4,19.26,30.66,33.81,21.64
745982,2024-06-11,2024,592885,L,621244,R,field_out,False,False,119.0,0.311,25.0,21.01,14.0,11.76,0.866,0.16499999999999998,23.04,10.44,14.2,24.63,25.2,16.23,473.0,0.294,103.0,21.78,64.0,13.53,0.882,0.195,26.99,11.53,15.4,26.93,23.89,19.07,161.0,0.175,33.0,20.5,15.0,9.32,0.615,0.182,22.34,9.63,19.11,28.75,27.27,17.28,407.0,0.261,97.0,23.83,31.0,7.62,0.773,0.189,27.03,12.19,17.64,29.83,27.76,22.0
745982,2024-06-11,2024,596129,L,607067,R,field_out,False,False,75.0,0.194,16.0,21.33,8.0,10.67,0.593,0.119,15.53,4.62,29.48,34.1,18.13,15.84,303.0,0.246,73.0,24.09,41.0,13.53,0.78,0.181,21.0,7.56,23.65,31.21,20.86,18.3,163.0,0.265,27.0,16.56,15.0,9.2,0.8200000000000001,0.21799999999999997,16.34,6.94,20.5,27.44,20.75,16.46,247.0,0.251,48.0,19.43,19.0,7.69,0.8160000000000001,0.251,19.13,9.16,18.52,27.68,26.2,15.34
745982,2024-06-11,2024,543807,R,607067,R,strikeout,True,False,190.0,0.219,27.0,14.21,19.0,10.0,0.625,0.10600000000000001,23.56,12.18,13.22,25.41,24.92,13.99,539.0,0.262,101.0,18.74,43.0,7.98,0.738,0.1489999999999999,23.18,11.37,14.48,25.84,23.35,18.21,138.0,0.209,21.0,15.22,8.0,5.8,0.571,0.101,18.93,9.45,17.66,27.1,27.63,14.58,270.0,0.22,62.0,22.96,19.0,7.04,0.65,0.151,28.46,13.58,17.08,30.66,28.62,18.94
745982,2024-06-11,2024,662139,L,607067,R,field_out,False,False,181.0,0.204,51.0,28.18,18.0,9.94,0.75,0.259,25.72,11.93,15.82,27.75,24.32,23.83,466.0,0.202,111.0,23.82,36.0,7.73,0.662,0.19,25.51,12.84,15.05,27.89,29.23,18.26,163.0,0.265,27.0,16.56,15.0,9.2,0.8200000000000001,0.21799999999999997,16.34,6.94,20.5,27.44,20.75,16.46,247.0,0.251,48.0,19.43,19.0,7.69,0.8160000000000001,0.251,19.13,9.16,18.52,27.68,26.2,15.34
745982,2024-06-11,2024,642715,R,621244,R,single,False,False,225.0,0.26,51.0,22.67,22.0,9.78,0.795,0.2,29.95,14.25,15.26,29.52,27.13,19.1,480.0,0.212,117.0,24.38,47.0,9.79,0.702,0.194,32.44,16.53,12.85,29.38,32.69,19.28,181.0,0.287,31.0,17.13,7.0,3.87,0.767,0.15000000000000002,19.43,9.41,19.75,29.17,33.33,15.9,376.0,0.22,87.0,23.14,21.0,5.59,0.6160000000000001,0.121,23.87,11.4,19.26,30.66,33.81,21.64
745982,2024-06-11,2024,656555,R,621244,R,strikeout,True,False,160.0,0.243,38.0,23.75,17.0,10.62,0.817,0.236,24.56,9.74,21.0,30.74,21.75,16.52,,,,,,,,,,,,,,,181.0,0.287,31.0,17.13,7.0,3.87,0.767,0.15000000000000002,19.43,9.41,19.75,29.17,33.33,15.9,376.0,0.22,87.0,23.14,21.0,5.59,0.6160000000000001,0.121,23.87,11.4,19.26,30.66,33.81,21.64
745982,2024-06-11,2024,686217,L,621244,R,field_out,False,False,201.0,0.253,39.0,19.4,20.0,9.95,0.653,0.062,15.46,6.15,22.38,28.53,26.28,17.41,180.0,0.261,30.0,16.67,23.0,12.78,0.722,0.1049999999999999,15.26,6.63,20.31,26.94,29.52,13.18,161.0,0.175,33.0,20.5,15.0,9.32,0.615,0.182,22.34,9.63,19.11,28.75,27.27,17.28,407.0,0.261,97.0,23.83,31.0,7.62,0.773,0.189,27.03,12.19,17.64,29.83,27.76,22.0
745982,2024-06-11,2024,687401,R,621244,R,field_out,False,False,141.0,0.314,16.0,11.35,17.0,12.06,0.918,0.20700000000000002,14.55,5.71,21.61,27.32,24.01,10.0,13.0,0.077,3.0,23.08,0.0,0.0,0.2309999999999999,0.077,15.79,8.11,21.62,29.73,26.67,33.33,181.0,0.287,31.0,17.13,7.0,3.87,0.767,0.15000000000000002,19.43,9.41,19.75,29.17,33.33,15.9,376.0,0.22,87.0,23.14,21.0,5.59,0.6160000000000001,0.121,23.87,11.4,19.26,30.66,33.81,21.64
745982,2024-06-11,2024,643396,R,607067,R,field_out,False,False,149.0,0.263,20.0,13.42,9.0,6.04,0.6930000000000001,0.124,13.45,6.2,22.09,28.29,31.84,14.93,273.0,0.246,54.0,19.78,17.0,6.23,0.6479999999999999,0.1069999999999999,19.6,9.05,20.2,29.25,28.6,15.56,138.0,0.209,21.0,15.22,8.0,5.8,0.571,0.101,18.93,9.45,17.66,27.1,27.63,14.58,270.0,0.22,62.0,22.96,19.0,7.04,0.65,0.151,28.46,13.58,17.08,30.66,28.62,18.94
745982,2024-06-11,2024,672386,R,607067,R,home_run,False,False,88.0,0.237,11.0,12.5,8.0,9.09,0.6619999999999999,0.118,15.79,6.47,22.37,28.84,22.51,9.17,295.0,0.244,28.0,9.49,25.0,8.47,0.6739999999999999,0.1069999999999999,13.38,5.86,20.77,26.63,27.21,7.67,138.0,0.209,21.0,15.22,8.0,5.8,0.571,0.101,18.93,9.45,17.66,27.1,27.63,14.58,270.0,0.22,62.0,22.96,19.0,7.04,0.65,0.151,28.46,13.58,17.08,30.66,28.62,18.94
745982,2024-06-11,2024,676914,R,607067,R,field_out,False,False,158.0,0.244,38.0,24.05,18.0,11.39,0.77,0.178,26.69,10.78,18.82,29.6,20.22,16.89,87.0,0.247,27.0,31.03,11.0,12.64,0.8340000000000001,0.219,37.06,13.98,21.9,35.88,15.66,21.77,138.0,0.209,21.0,15.22,8.0,5.8,0.571,0.101,18.93,9.45,17.66,27.1,27.63,14.58,270.0,0.22,62.0,22.96,19.0,7.04,0.65,0.151,28.46,13.58,17.08,30.66,28.62,18.94
745982,2024-06-11,2024,687462,L,607067,R,strikeout,True,False,12.0,0.333,1.0,8.33,2.0,16.67,0.899,0.11099999999999999,6.67,2.56,15.38,17.95,7.69,14.29,38.0,0.265,10.0,26.32,3.0,7.89,0.754,0.1469999999999999,27.14,13.01,17.12,30.14,25.35,21.74,163.0,0.265,27.0,16.56,15.0,9.2,0.8200000000000001,0.21799999999999997,16.34,6.94,20.5,27.44,20.75,16.46,247.0,0.251,48.0,19.43,19.0,7.69,0.8160000000000001,0.251,19.13,9.16,18.52,27.68,26.2,15.34
745982,2024-06-11,2024,641343,L,621244,R,single,False,False,146.0,0.203,52.0,35.62,14.0,9.59,0.6639999999999999,0.16399999999999998,31.23,14.12,18.49,32.61,22.55,27.51,244.0,0.205,83.0,34.02,26.0,10.66,0.72,0.228,32.78,14.71,16.21,30.93,23.65,23.92,161.0,0.175,33.0,20.5,15.0,9.32,0.615,0.182,22.34,9.63,19.11,28.75,27.27,17.28,407.0,0.261,97.0,23.83,31.0,7.62,0.773,0.189,27.03,12.19,17.64,29.83,27.76,22.0
745982,2024-06-11,2024,694192,R,621244,R,home_run,False,False,142.0,0.244,39.0,27.46,5.0,3.52,0.685,0.17099999999999999,31.3,16.14,18.9,35.04,36.9,25.0,,,,,,,,,,,,,,,181.0,0.287,31.0,17.13,7.0,3.87,0.767,0.15000000000000002,19.43,9.41,19.75,29.17,33.33,15.9,376.0,0.22,87.0,23.14,21.0,5.59,0.6160000000000001,0.121,23.87,11.4,19.26,30.66,33.81,21.64
745982,2024-06-11,2024,668930,L,621244,R,field_out,False,False,205.0,0.315,31.0,15.12,18.0,8.78,0.8069999999999999,0.11599999999999999,12.84,5.93,18.94,24.87,25.48,14.22,376.0,0.224,82.0,21.81,30.0,7.98,0.608,0.097,22.03,10.83,16.08,26.9,28.59,16.14,161.0,0.175,33.0,20.5,15.0,9.32,0.615,0.182,22.34,9.63,19.11,28.75,27.27,17.28,407.0,0.261,97.0,23.83,31.0,7.62,0.773,0.189,27.03,12.19,17.64,29.83,27.76,22.0
745982,2024-06-11,2024,661388,R,621244,R,strikeout,True,False,229.0,0.304,41.0,17.9,23.0,10.04,0.87,0.186,29.57,13.77,14.35,28.12,24.17,17.15,434.0,0.262,94.0,21.66,42.0,9.68,0.72,0.119,27.61,11.63,19.55,31.17,24.86,18.08,181.0,0.287,31.0,17.13,7.0,3.87,0.767,0.15000000000000002,19.43,9.41,19.75,29.17,33.33,15.9,376.0,0.22,87.0,23.14,21.0,5.59,0.6160000000000001,0.121,23.87,11.4,19.26,30.66,33.81,21.64
745982,2024-06-11,2024,665489,R,607067,R,field_out,False,False,233.0,0.296,41.0,17.6,26.0,11.16,0.8,0.126,24.38,11.39,15.46,26.85,24.05,13.53,558.0,0.26,85.0,15.23,48.0,8.6,0.792,0.2,23.83,12.29,11.94,24.23,30.21,15.37,138.0,0.209,21.0,15.22,8.0,5.8,0.571,0.101,18.93,9.45,17.66,27.1,27.63,14.58,270.0,0.22,62.0,22.96,19.0,7.04,0.65,0.151,28.46,13.58,17.08,30.66,28.62,18.94
745982,2024-06-11,2024,666182,R,607067,R,field_out,False,False,214.0,0.258,36.0,16.82,12.0,5.61,0.6970000000000001,0.131,21.69,12.38,11.0,23.38,36.29,16.67,496.0,0.303,102.0,20.56,20.0,4.03,0.797,0.161,21.9,12.38,11.73,24.11,38.01,17.91,138.0,0.209,21.0,15.22,8.0,5.8,0.571,0.101,18.93,9.45,17.66,27.1,27.63,14.58,270.0,0.22,62.0,22.96,19.0,7.04,0.65,0.151,28.46,13.58,17.08,30.66,28.62,18.94
745982,2024-06-11,2024,596129,L,607067,R,field_out,False,False,75.0,0.194,16.0,21.33,8.0,10.67,0.593,0.119,15.53,4.62,29.48,34.1,18.13,15.84,303.0,0.246,73.0,24.09,41.0,13.53,0.78,0.181,21.0,7.56,23.65,31.21,20.86,18.3,163.0,0.265,27.0,16.56,15.0,9.2,0.8200000000000001,0.21799999999999997,16.34,6.94,20.5,27.44,20.75,16.46,247.0,0.251,48.0,19.43,19.0,7.69,0.8160000000000001,0.251,19.13,9.16,18.52,27.68,26.2,15.34
745982,2024-06-11,2024,592885,L,621244,R,field_out,False,False,119.0,0.311,25.0,21.01,14.0,11.76,0.866,0.16499999999999998,23.04,10.44,14.2,24.63,25.2,16.23,473.0,0.294,103.0,21.78,64.0,13.53,0.882,0.195,26.99,11.53,15.4,26.93,23.89,19.07,161.0,0.175,33.0,20.5,15.0,9.32,0.615,0.182,22.34,9.63,19.11,28.75,27.27,17.28,407.0,0.261,97.0,23.83,31.0,7.62,0.773,0.189,27.03,12.19,17.64,29.83,27.76,22.0
745982,2024-06-11,2024,642715,R,621244,R,home_run,False,False,225.0,0.26,51.0,22.67,22.0,9.78,0.795,0.2,29.95,14.25,15.26,29.52,27.13,19.1,480.0,0.212,117.0,24.38,47.0,9.79,0.702,0.194,32.44,16.53,12.85,29.38,32.69,19.28,181.0,0.287,31.0,17.13,7.0,3.87,0.767,0.15000000000000002,19.43,9.41,19.75,29.17,33.33,15.9,376.0,0.22,87.0,23.14,21.0,5.59,0.6160000000000001,0.121,23.87,11.4,19.26,30.66,33.81,21.64
745982,2024-06-11,2024,656555,R,621244,R,strikeout,True,False,160.0,0.243,38.0,23.75,17.0,10.62,0.817,0.236,24.56,9.74,21.0,30.74,21.75,16.52,,,,,,,,,,,,,,,181.0,0.287,31.0,17.13,7.0,3.87,0.767,0.15000000000000002,19.43,9.41,19.75,29.17,33.33,15.9,376.0,0.22,87.0,23.14,21.0,5.59,0.6160000000000001,0.121,23.87,11.4,19.26,30.66,33.81,21.64
745982,2024-06-11,2024,686217,L,621244,R,field_out,False,False,201.0,0.253,39.0,19.4,20.0,9.95,0.653,0.062,15.46,6.15,22.38,28.53,26.28,17.41,180.0,0.261,30.0,16.67,23.0,12.78,0.722,0.1049999999999999,15.26,6.63,20.31,26.94,29.52,13.18,161.0,0.175,33.0,20.5,15.0,9.32,0.615,0.182,22.34,9.63,19.11,28.75,27.27,17.28,407.0,0.261,97.0,23.83,31.0,7.62,0.773,0.189,27.03,12.19,17.64,29.83,27.76,22.0
745982,2024-06-11,2024,543807,R,607067,R,field_out,False,False,190.0,0.219,27.0,14.21,19.0,10.0,0.625,0.10600000000000001,23.56,12.18,13.22,25.41,24.92,13.99,539.0,0.262,101.0,18.74,43.0,7.98,0.738,0.1489999999999999,23.18,11.37,14.48,25.84,23.35,18.21,138.0,0.209,21.0,15.22,8.0,5.8,0.571,0.101,18.93,9.45,17.66,27.1,27.63,14.58,270.0,0.22,62.0,22.96,19.0,7.04,0.65,0.151,28.46,13.58,17.08,30.66,28.62,18.94
745982,2024-06-11,2024,662139,L,607067,R,single,False,False,181.0,0.204,51.0,28.18,18.0,9.94,0.75,0.259,25.72,11.93,15.82,27.75,24.32,23.83,466.0,0.202,111.0,23.82,36.0,7.73,0.662,0.19,25.51,12.84,15.05,27.89,29.23,18.26,163.0,0.265,27.0,16.56,15.0,9.2,0.8200000000000001,0.21799999999999997,16.34,6.94,20.5,27.44,20.75,16.46,247.0,0.251,48.0,19.43,19.0,7.69,0.8160000000000001,0.251,19.13,9.16,18.52,27.68,26.2,15.34
745982,2024-06-11,2024,643396,R,607067,R,grounded_into_double_play,False,False,149.0,0.263,20.0,13.42,9.0,6.04,0.6930000000000001,0.124,13.45,6.2,22.09,28.29,31.84,14.93,273.0,0.246,54.0,19.78,17.0,6.23,0.6479999999999999,0.1069999999999999,19.6,9.05,20.2,29.25,28.6,15.56,138.0,0.209,21.0,15.22,8.0,5.8,0.571,0.101,18.93,9.45,17.66,27.1,27.63,14.58,270.0,0.22,62.0,22.96,19.0,7.04,0.65,0.151,28.46,13.58,17.08,30.66,28.62,18.94
745982,2024-06-11,2024,687401,R,621244,R,field_out,False,False,141.0,0.314,16.0,11.35,17.0,12.06,0.918,0.20700000000000002,14.55,5.71,21.61,27.32,24.01,10.0,13.0,0.077,3.0,23.08,0.0,0.0,0.2309999999999999,0.077,15.79,8.11,21.62,29.73,26.67,33.33,181.0,0.287,31.0,17.13,7.0,3.87,0.767,0.15000000000000002,19.43,9.41,19.75,29.17,33.33,15.9,376.0,0.22,87.0,23.14,21.0,5.59,0.6160000000000001,0.121,23.87,11.4,19.26,30.66,33.81,21.64
745982,2024-06-11,2024,641343,L,621244,R,field_out,False,False,146.0,0.203,52.0,35.62,14.0,9.59,0.6639999999999999,0.16399999999999998,31.23,14.12,18.49,32.61,22.55,27.51,244.0,0.205,83.0,34.02,26.0,10.66,0.72,0.228,32.78,14.71,16.21,30.93,23.65,23.92,161.0,0.175,33.0,20.5,15.0,9.32,0.615,0.182,22.34,9.63,19.11,28.75,27.27,17.28,407.0,0.261,97.0,23.83,31.0,7.62,0.773,0.189,27.03,12.19,17.64,29.83,27.76,22.0
745982,2024-06-11,2024,694192,R,621244,R,field_out,False,False,142.0,0.244,39.0,27.46,5.0,3.52,0.685,0.17099999999999999,31.3,16.14,18.9,35.04,36.9,25.0,,,,,,,,,,,,,,,181.0,0.287,31.0,17.13,7.0,3.87,0.767,0.15000000000000002,19.43,9.41,19.75,29.17,33.33,15.9,376.0,0.22,87.0,23.14,21.0,5.59,0.6160000000000001,0.121,23.87,11.4,19.26,30.66,33.81,21.64
745982,2024-06-11,2024,672386,R,607067,R,field_out,False,False,88.0,0.237,11.0,12.5,8.0,9.09,0.6619999999999999,0.118,15.79,6.47,22.37,28.84,22.51,9.17,295.0,0.244,28.0,9.49,25.0,8.47,0.6739999999999999,0.1069999999999999,13.38,5.86,20.77,26.63,27.21,7.67,138.0,0.209,21.0,15.22,8.0,5.8,0.571,0.101,18.93,9.45,17.66,27.1,27.63,14.58,270.0,0.22,62.0,22.96,19.0,7.04,0.65,0.151,28.46,13.58,17.08,30.66,28.62,18.94
745982,2024-06-11,2024,676914,R,607067,R,strikeout,True,False,158.0,0.244,38.0,24.05,18.0,11.39,0.77,0.178,26.69,10.78,18.82,29.6,20.22,16.89,87.0,0.247,27.0,31.03,11.0,12.64,0.8340000000000001,0.219,37.06,13.98,21.9,35.88,15.66,21.77,138.0,0.209,21.0,15.22,8.0,5.8,0.571,0.101,18.93,9.45,17.66,27.1,27.63,14.58,270.0,0.22,62.0,22.96,19.0,7.04,0.65,0.151,28.46,13.58,17.08,30.66,28.62,18.94
745982,2024-06-11,2024,687462,L,607067,R,field_out,False,False,12.0,0.333,1.0,8.33,2.0,16.67,0.899,0.11099999999999999,6.67,2.56,15.38,17.95,7.69,14.29,38.0,0.265,10.0,26.32,3.0,7.89,0.754,0.1469999999999999,27.14,13.01,17.12,30.14,25.35,21.74,163.0,0.265,27.0,16.56,15.0,9.2,0.8200000000000001,0.21799999999999997,16.34,6.94,20.5,27.44,20.75,16.46,247.0,0.251,48.0,19.43,19.0,7.69,0.8160000000000001,0.251,19.13,9.16,18.52,27.68,26.2,15.34
745982,2024-06-11,2024,668930,L,621244,R,walk,False,True,205.0,0.315,31.0,15.12,18.0,8.78,0.8069999999999999,0.11599999999999999,12.84,5.93,18.94,24.87,25.48,14.22,376.0,0.224,82.0,21.81,30.0,7.98,0.608,0.097,22.03,10.83,16.08,26.9,28.59,16.14,161.0,0.175,33.0,20.5,15.0,9.32,0.615,0.182,22.34,9.63,19.11,28.75,27.27,17.28,407.0,0.261,97.0,23.83,31.0,7.62,0.773,0.189,27.03,12.19,17.64,29.83,27.76,22.0
745982,2024-06-11,2024,661388,R,621244,R,single,False,False,229.0,0.304,41.0,17.9,23.0,10.04,0.87,0.186,29.57,13.77,14.35,28.12,24.17,17.15,434.0,0.262,94.0,21.66,42.0,9.68,0.72,0.119,27.61,11.63,19.55,31.17,24.86,18.08,181.0,0.287,31.0,17.13,7.0,3.87,0.767,0.15000000000000002,19.43,9.41,19.75,29.17,33.33,15.9,376.0,0.22,87.0,23.14,21.0,5.59,0.6160000000000001,0.121,23.87,11.4,19.26,30.66,33.81,21.64
745982,2024-06-11,2024,592885,L,621244,R,strikeout,True,False,119.0,0.311,25.0,21.01,14.0,11.76,0.866,0.16499999999999998,23.04,10.44,14.2,24.63,25.2,16.23,473.0,0.294,103.0,21.78,64.0,13.53,0.882,0.195,26.99,11.53,15.4,26.93,23.89,19.07,161.0,0.175,33.0,20.5,15.0,9.32,0.615,0.182,22.34,9.63,19.11,28.75,27.27,17.28,407.0,0.261,97.0,23.83,31.0,7.62,0.773,0.189,27.03,12.19,17.64,29.83,27.76,22.0
745982,2024-06-11,2024,642715,R,621244,R,sac_fly,False,False,225.0,0.26,51.0,22.67,22.0,9.78,0.795,0.2,29.95,14.25,15.26,29.52,27.13,19.1,480.0,0.212,117.0,24.38,47.0,9.79,0.702,0.194,32.44,16.53,12.85,29.38,32.69,19.28,181.0,0.287,31.0,17.13,7.0,3.87,0.767,0.15000000000000002,19.43,9.41,19.75,29.17,33.33,15.9,376.0,0.22,87.0,23.14,21.0,5.59,0.6160000000000001,0.121,23.87,11.4,19.26,30.66,33.81,21.64
745982,2024-06-11,2024,656555,R,647315,R,strikeout,True,False,160.0,0.243,38.0,23.75,17.0,10.62,0.817,0.236,24.56,9.74,21.0,30.74,21.75,16.52,,,,,,,,,,,,,,,41.0,0.256,7.0,17.07,1.0,2.44,0.806,0.28200000000000003,16.46,9.03,11.81,20.83,41.03,17.07,34.0,0.161,9.0,26.47,3.0,8.82,0.493,0.097,21.67,10.32,23.81,34.13,41.43,21.95
745982,2024-06-11,2024,665489,R,607067,R,field_out,False,False,233.0,0.296,41.0,17.6,26.0,11.16,0.8,0.126,24.38,11.39,15.46,26.85,24.05,13.53,558.0,0.26,85.0,15.23,48.0,8.6,0.792,0.2,23.83,12.29,11.94,24.23,30.21,15.37,138.0,0.209,21.0,15.22,8.0,5.8,0.571,0.101,18.93,9.45,17.66,27.1,27.63,14.58,270.0,0.22,62.0,22.96,19.0,7.04,0.65,0.151,28.46,13.58,17.08,30.66,28.62,18.94
745982,2024-06-11,2024,666182,R,607067,R,strikeout,True,False,214.0,0.258,36.0,16.82,12.0,5.61,0.6970000000000001,0.131,21.69,12.38,11.0,23.38,36.29,16.67,496.0,0.303,102.0,20.56,20.0,4.03,0.797,0.161,21.9,12.38,11.73,24.11,38.01,17.91,138.0,0.209,21.0,15.22,8.0,5.8,0.571,0.101,18.93,9.45,17.66,27.1,27.63,14.58,270.0,0.22,62.0,22.96,19.0,7.04,0.65,0.151,28.46,13.58,17.08,30.66,28.62,18.94
745982,2024-06-11,2024,596129,L,607067,R,field_out,False,False,75.0,0.194,16.0,21.33,8.0,10.67,0.593,0.119,15.53,4.62,29.48,34.1,18.13,15.84,303.0,0.246,73.0,24.09,41.0,13.53,0.78,0.181,21.0,7.56,23.65,31.21,20.86,18.3,163.0,0.265,27.0,16.56,15.0,9.2,0.8200000000000001,0.21799999999999997,16.34,6.94,20.5,27.44,20.75,16.46,247.0,0.251,48.0,19.43,19.0,7.69,0.8160000000000001,0.251,19.13,9.16,18.52,27.68,26.2,15.34
745982,2024-06-11,2024,663368,R,663893,L,strikeout,True,False,54.0,0.208,12.0,22.22,6.0,11.11,0.608,0.10400000000000001,25.88,10.53,22.49,33.01,21.78,27.91,58.0,0.192,13.0,22.41,6.0,10.34,0.603,0.135,20.48,7.2,25.0,32.2,14.41,24.53,21.0,0.35,5.0,23.81,1.0,4.76,0.981,0.25,31.03,13.85,16.92,30.77,32.14,45.45,,,,,,,,,,,,,,
745982,2024-06-11,2024,687401,R,663893,L,single,False,False,61.0,0.216,15.0,24.59,8.0,13.11,0.666,0.11700000000000002,22.68,8.84,20.08,28.92,18.75,26.79,21.0,0.3,6.0,28.57,0.0,0.0,0.586,0.0,26.32,13.33,25.33,38.67,40.0,24.0,21.0,0.35,5.0,23.81,1.0,4.76,0.981,0.25,31.03,13.85,16.92,30.77,32.14,45.45,,,,,,,,,,,,,,
745982,2024-06-11,2024,641343,L,663893,L,strikeout,True,False,19.0,0.25,3.0,15.79,1.0,5.26,0.895,0.31200000000000006,28.12,12.86,18.57,31.43,14.29,16.67,28.0,0.185,12.0,42.86,1.0,3.57,0.473,0.074,37.5,20.59,22.55,43.14,39.47,31.58,13.0,0.25,3.0,23.08,1.0,7.69,0.558,0.0,28.57,11.76,21.57,33.33,20.83,21.43,,,,,,,,,,,,,,
745982,2024-06-11,2024,694192,R,663893,L,intent_walk,False,True,53.0,0.149,12.0,22.64,6.0,11.32,0.45799999999999996,0.064,24.3,12.75,12.75,25.49,34.34,19.35,,,,,,,,,,,,,,,21.0,0.35,5.0,23.81,1.0,4.76,0.981,0.25,31.03,13.85,16.92,30.77,32.14,45.45,,,,,,,,,,,,,,
745982,2024-06-11,2024,668930,L,663893,L,force_out,False,False,35.0,0.226,8.0,22.86,4.0,11.43,0.637,0.097,15.52,6.0,21.33,27.33,16.9,18.6,73.0,0.188,12.0,16.44,8.0,10.96,0.466,0.0,20.18,7.94,23.47,31.41,18.75,17.39,13.0,0.25,3.0,23.08,1.0,7.69,0.558,0.0,28.57,11.76,21.57,33.33,20.83,21.43,,,,,,,,,,,,,,
745982,2024-06-11,2024,543807,R,606303,R,field_out,False,False,190.0,0.219,27.0,14.21,19.0,10.0,0.625,0.10600000000000001,23.56,12.18,13.22,25.41,24.92,13.99,539.0,0.262,101.0,18.74,43.0,7.98,0.738,0.1489999999999999,23.18,11.37,14.48,25.84,23.35,18.21,51.0,0.213,10.0,19.61,2.0,3.92,0.579,0.10600000000000001,22.34,10.61,17.68,28.28,29.03,18.18,172.0,0.214,44.0,25.58,12.0,6.98,0.587,0.091,27.46,11.27,19.65,30.92,25.96,22.05
745982,2024-06-11,2024,662139,L,606303,R,strikeout,True,False,181.0,0.204,51.0,28.18,18.0,9.94,0.75,0.259,25.72,11.93,15.82,27.75,24.32,23.83,466.0,0.202,111.0,23.82,36.0,7.73,0.662,0.19,25.51,12.84,15.05,27.89,29.23,18.26,46.0,0.186,11.0,23.91,3.0,6.52,0.588,0.16299999999999998,28.09,13.81,16.57,30.39,31.03,20.0,116.0,0.226,33.0,28.45,5.0,4.31,0.668,0.17,26.21,12.44,17.97,30.41,25.0,26.19
745982,2024-06-11,2024,643396,R,606303,R,field_out,False,False,149.0,0.263,20.0,13.42,9.0,6.04,0.6930000000000001,0.124,13.45,6.2,22.09,28.29,31.84,14.93,273.0,0.246,54.0,19.78,17.0,6.23,0.6479999999999999,0.1069999999999999,19.6,9.05,20.2,29.25,28.6,15.56,51.0,0.213,10.0,19.61,2.0,3.92,0.579,0.10600000000000001,22.34,10.61,17.68,28.28,29.03,18.18,172.0,0.214,44.0,25.58,12.0,6.98,0.587,0.091,27.46,11.27,19.65,30.92,25.96,22.05
745982,2024-06-11,2024,661388,R,663893,L,field_out,False,False,65.0,0.322,17.0,26.15,4.0,6.15,0.7609999999999999,0.08499999999999996,28.47,14.23,13.5,27.74,31.25,20.24,177.0,0.357,32.0,18.08,21.0,11.86,1.087,0.292,28.8,12.96,16.38,29.34,24.36,16.24,21.0,0.35,5.0,23.81,1.0,4.76,0.981,0.25,31.03,13.85,16.92,30.77,32.14,45.45,,,,,,,,,,,,,,
745982,2024-06-11,2024,592885,L,663893,L,strikeout,True,False,52.0,0.326,12.0,23.08,5.0,9.62,0.969,0.23899999999999993,27.06,11.86,15.98,27.84,26.42,24.49,159.0,0.234,37.0,23.27,14.0,8.81,0.633,0.097,26.17,13.04,15.53,28.57,28.16,18.32,13.0,0.25,3.0,23.08,1.0,7.69,0.558,0.0,28.57,11.76,21.57,33.33,20.83,21.43,,,,,,,,,,,,,,
745982,2024-06-11,2024,642715,R,663893,L,field_out,False,False,63.0,0.204,13.0,20.63,8.0,12.7,0.635,0.12900000000000003,28.43,12.5,15.09,27.59,22.58,22.03,160.0,0.231,48.0,30.0,24.0,15.0,0.762,0.1789999999999999,26.61,12.38,15.79,28.17,29.47,20.17,21.0,0.35,5.0,23.81,1.0,4.76,0.981,0.25,31.03,13.85,16.92,30.77,32.14,45.45,,,,,,,,,,,,,,
745982,2024-06-11,2024,672386,R,656730,R,field_out,False,False,88.0,0.237,11.0,12.5,8.0,9.09,0.6619999999999999,0.118,15.79,6.47,22.37,28.84,22.51,9.17,295.0,0.244,28.0,9.49,25.0,8.47,0.6739999999999999,0.1069999999999999,13.38,5.86,20.77,26.63,27.21,7.67,39.0,0.237,11.0,28.21,1.0,2.56,0.5720000000000001,0.07900000000000001,33.72,20.28,11.89,32.17,42.42,22.0,76.0,0.254,29.0,38.16,5.0,6.58,0.751,0.194,33.77,16.89,18.87,35.76,34.06,31.18
745982,2024-06-11,2024,676914,R,656730,R,field_out,False,False,158.0,0.244,38.0,24.05,18.0,11.39,0.77,0.178,26.69,10.78,18.82,29.6,20.22,16.89,87.0,0.247,27.0,31.03,11.0,12.64,0.8340000000000001,0.219,37.06,13.98,21.9,35.88,15.66,21.77,39.0,0.237,11.0,28.21,1.0,2.56,0.5720000000000001,0.07900000000000001,33.72,20.28,11.89,32.17,42.42,22.0,76.0,0.254,29.0,38.16,5.0,6.58,0.751,0.194,33.77,16.89,18.87,35.76,34.06,31.18
745982,2024-06-11,2024,687462,L,656730,R,single,False,False,12.0,0.333,1.0,8.33,2.0,16.67,0.899,0.11099999999999999,6.67,2.56,15.38,17.95,7.69,14.29,38.0,0.265,10.0,26.32,3.0,7.89,0.754,0.1469999999999999,27.14,13.01,17.12,30.14,25.35,21.74,34.0,0.2,13.0,38.24,3.0,8.82,0.47300000000000003,0.0,35.38,16.67,16.67,33.33,28.57,34.21,72.0,0.277,23.0,31.94,7.0,9.72,0.6699999999999999,0.0459999999999999,31.01,13.33,20.0,33.33,24.29,22.77
745982,2024-06-11,2024,665489,R,656730,R,field_out,False,False,233.0,0.296,41.0,17.6,26.0,11.16,0.8,0.126,24.38,11.39,15.46,26.85,24.05,13.53,558.0,0.26,85.0,15.23,48.0,8.6,0.792,0.2,23.83,12.29,11.94,24.23,30.21,15.37,39.0,0.237,11.0,28.21,1.0,2.56,0.5720000000000001,0.07900000000000001,33.72,20.28,11.89,32.17,42.42,22.0,76.0,0.254,29.0,38.16,5.0,6.58,0.751,0.194,33.77,16.89,18.87,35.76,34.06,31.18
745171,2024-06-12,2024,457705,R,543243,R,walk,False,True,162.0,0.243,42.0,25.93,16.0,9.88,0.6950000000000001,0.125,30.95,13.4,18.41,31.81,18.43,20.39,312.0,0.254,72.0,23.08,49.0,15.71,0.767,0.137,28.77,12.06,17.2,29.26,17.59,17.52,128.0,0.178,46.0,35.94,7.0,5.47,0.536,0.136,32.11,15.91,19.77,35.68,32.64,37.7,396.0,0.22,102.0,25.76,27.0,6.82,0.5800000000000001,0.0829999999999999,28.79,13.92,15.72,29.65,29.23,22.8
745171,2024-06-12,2024,668804,L,543243,R,double,False,False,203.0,0.251,40.0,19.7,22.0,10.84,0.7370000000000001,0.15100000000000002,28.13,12.72,15.24,27.96,26.11,17.39,438.0,0.252,94.0,21.46,45.0,10.27,0.821,0.2309999999999999,28.75,13.22,13.73,26.95,24.9,18.49,122.0,0.239,36.0,29.51,12.0,9.84,0.669,0.10999999999999999,26.61,11.84,18.98,30.82,24.58,25.17,359.0,0.233,81.0,22.56,28.0,7.8,0.638,0.104,23.05,10.71,17.5,28.21,27.41,21.33
745171,2024-06-12,2024,656582,R,543243,R,strikeout,True,False,148.0,0.242,32.0,21.62,13.0,8.78,0.718,0.15200000000000002,23.58,10.28,18.97,29.26,23.27,20.25,279.0,0.235,70.0,25.09,27.0,9.68,0.72,0.166,22.25,8.9,20.93,29.83,20.67,18.23,128.0,0.178,46.0,35.94,7.0,5.47,0.536,0.136,32.11,15.91,19.77,35.68,32.64,37.7,396.0,0.22,102.0,25.76,27.0,6.82,0.5800000000000001,0.0829999999999999,28.79,13.92,15.72,29.65,29.23,22.8
745171,2024-06-12,2024,665833,L,543243,R,strikeout,True,False,183.0,0.293,59.0,32.24,15.0,8.2,0.859,0.21600000000000003,35.24,16.16,19.05,35.22,34.8,23.79,33.0,0.185,7.0,21.21,5.0,15.15,0.636,0.148,27.69,13.14,15.33,28.47,34.25,17.95,122.0,0.239,36.0,29.51,12.0,9.84,0.669,0.10999999999999999,26.61,11.84,18.98,30.82,24.58,25.17,359.0,0.233,81.0,22.56,28.0,7.8,0.638,0.104,23.05,10.71,17.5,28.21,27.41,21.33
745171,2024-06-12,2024,663647,R,543243,R,strikeout,True,False,135.0,0.213,29.0,21.48,10.0,7.41,0.52,0.033,17.65,7.78,21.36,29.14,28.0,19.86,358.0,0.26,75.0,20.95,22.0,6.15,0.721,0.1559999999999999,21.48,9.63,20.09,29.72,30.19,22.32,128.0,0.178,46.0,35.94,7.0,5.47,0.536,0.136,32.11,15.91,19.77,35.68,32.64,37.7,396.0,0.22,102.0,25.76,27.0,6.82,0.5800000000000001,0.0829999999999999,28.79,13.92,15.72,29.65,29.23,22.8
745171,2024-06-12,2024,691026,R,663559,L,field_out,False,False,76.0,0.271,17.0,22.37,6.0,7.89,0.829,0.22899999999999998,15.58,7.5,18.44,25.94,33.33,18.28,37.0,0.2,7.0,18.92,1.0,2.7,0.445,0.0289999999999999,21.54,10.0,20.0,30.0,25.4,18.92,211.0,0.201,32.0,15.17,17.0,8.06,0.644,0.18,19.29,9.56,16.55,26.11,25.15,16.58,278.0,0.269,48.0,17.27,17.0,6.12,0.763,0.181,18.05,9.25,15.61,24.86,30.85,15.58
745171,2024-06-12,2024,676475,L,663559,L,field_out,False,False,58.0,0.218,6.0,10.34,2.0,3.45,0.628,0.164,20.69,11.82,10.34,22.17,32.99,12.0,29.0,0.259,6.0,20.69,2.0,6.9,0.606,0.0369999999999999,18.18,9.62,19.23,28.85,41.82,19.35,59.0,0.259,12.0,20.34,1.0,1.69,0.685,0.15499999999999997,23.08,10.77,20.51,31.28,28.74,32.43,69.0,0.364,12.0,17.39,3.0,4.35,1.103,0.348,19.35,9.27,18.53,27.8,22.12,16.22
745171,2024-06-12,2024,502671,R,663559,L,strikeout,True,False,73.0,0.274,14.0,19.18,8.0,10.96,0.737,0.09699999999999998,22.14,9.27,19.49,28.75,25.0,13.21,170.0,0.295,41.0,24.12,20.0,11.76,0.8260000000000001,0.155,26.26,11.0,20.45,31.45,28.73,20.4,211.0,0.201,32.0,15.17,17.0,8.06,0.644,0.18,19.29,9.56,16.55,26.11,25.15,16.58,278.0,0.269,48.0,17.27,17.0,6.12,0.763,0.181,18.05,9.25,15.61,24.86,30.85,15.58
745171,2024-06-12,2024,693304,R,543243,R,field_out,False,False,79.0,0.296,18.0,22.78,4.0,5.06,0.798,0.16900000000000004,27.01,14.69,11.25,25.94,31.68,16.98,86.0,0.234,21.0,24.42,3.0,3.49,0.638,0.1299999999999999,30.36,15.84,12.11,27.95,27.85,22.11,128.0,0.178,46.0,35.94,7.0,5.47,0.536,0.136,32.11,15.91,19.77,35.68,32.64,37.7,396.0,0.22,102.0,25.76,27.0,6.82,0.5800000000000001,0.0829999999999999,28.79,13.92,15.72,29.65,29.23,22.8
745171,2024-06-12,2024,658668,R,543243,R,field_out,False,False,71.0,0.226,11.0,15.49,6.0,8.45,0.586,0.06399999999999997,24.0,12.86,13.21,26.07,35.0,11.7,261.0,0.256,43.0,16.48,14.0,5.36,0.728,0.1649999999999999,22.47,11.51,14.21,25.73,31.17,15.47,128.0,0.178,46.0,35.94,7.0,5.47,0.536,0.136,32.11,15.91,19.77,35.68,32.64,37.7,396.0,0.22,102.0,25.76,27.0,6.82,0.5800000000000001,0.0829999999999999,28.79,13.92,15.72,29.65,29.23,22.8
745171,2024-06-12,2024,572191,R,543243,R,field_out,False,False,91.0,0.193,34.0,37.36,5.0,5.49,0.45299999999999996,0.023999999999999994,40.57,19.09,17.47,36.56,31.84,28.1,276.0,0.206,95.0,34.42,18.0,6.52,0.641,0.171,34.66,17.23,15.91,33.15,32.6,28.53,128.0,0.178,46.0,35.94,7.0,5.47,0.536,0.136,32.11,15.91,19.77,35.68,32.64,37.7,396.0,0.22,102.0,25.76,27.0,6.82,0.5800000000000001,0.0829999999999999,28.79,13.92,15.72,29.65,29.23,22.8
745171,2024-06-12,2024,571448,R,663559,L,single,False,False,58.0,0.196,4.0,6.9,1.0,1.72,0.511,0.10799999999999998,18.45,9.13,18.27,27.4,36.0,8.0,146.0,0.22,20.0,13.7,10.0,6.85,0.662,0.166,19.62,9.73,14.31,24.05,36.88,13.25,211.0,0.201,32.0,15.17,17.0,8.06,0.644,0.18,19.29,9.56,16.55,26.11,25.15,16.58,278.0,0.269,48.0,17.27,17.0,6.12,0.763,0.181,18.05,9.25,15.61,24.86,30.85,15.58
745171,2024-06-12,2024,669357,L,663559,L,strikeout,True,False,69.0,0.213,21.0,30.43,7.0,10.14,0.737,0.23,33.33,15.69,16.86,32.55,30.71,26.25,86.0,0.26,24.0,27.91,11.0,12.79,0.839,0.2189999999999999,33.77,15.79,17.34,33.13,24.68,27.59,59.0,0.259,12.0,20.34,1.0,1.69,0.685,0.15499999999999997,23.08,10.77,20.51,31.28,28.74,32.43,69.0,0.364,12.0,17.39,3.0,4.35,1.103,0.348,19.35,9.27,18.53,27.8,22.12,16.22
745171,2024-06-12,2024,671056,R,663559,L,single,False,False,51.0,0.222,10.0,19.61,4.0,7.84,0.605,0.089,29.03,13.5,16.0,29.5,18.95,16.95,8.0,0.286,1.0,12.5,1.0,12.5,0.661,0.0,6.67,2.94,11.76,14.71,16.67,20.0,211.0,0.201,32.0,15.17,17.0,8.06,0.644,0.18,19.29,9.56,16.55,26.11,25.15,16.58,278.0,0.269,48.0,17.27,17.0,6.12,0.763,0.181,18.05,9.25,15.61,24.86,30.85,15.58
745171,2024-06-12,2024,680977,L,663559,L,walk,False,True,78.0,0.271,5.0,6.41,3.0,3.85,0.7070000000000001,0.11499999999999999,11.4,4.59,20.85,25.44,18.25,7.94,63.0,0.236,10.0,15.87,6.0,9.52,0.569,0.0,14.29,6.33,19.83,26.16,24.58,15.87,59.0,0.259,12.0,20.34,1.0,1.69,0.685,0.15499999999999997,23.08,10.77,20.51,31.28,28.74,32.43,69.0,0.364,12.0,17.39,3.0,4.35,1.103,0.348,19.35,9.27,18.53,27.8,22.12,16.22
745171,2024-06-12,2024,666185,R,663559,L,strikeout,True,False,38.0,0.182,7.0,18.42,4.0,10.53,0.501,0.03,31.94,16.43,13.57,30.0,31.88,20.0,86.0,0.268,12.0,13.95,12.0,13.95,0.77,0.126,22.46,10.88,12.44,23.32,23.98,9.3,211.0,0.201,32.0,15.17,17.0,8.06,0.644,0.18,19.29,9.56,16.55,26.11,25.15,16.58,278.0,0.269,48.0,17.27,17.0,6.12,0.763,0.181,18.05,9.25,15.61,24.86,30.85,15.58
745171,2024-06-12,2024,672279,L,663559,L,strikeout,True,False,50.0,0.093,13.0,26.0,2.0,4.0,0.245,0.0,25.49,13.83,18.62,32.45,34.21,17.57,3.0,0.0,0.0,0.0,1.0,33.33,0.333,0.0,33.33,6.67,20.0,26.67,10.0,0.0,59.0,0.259,12.0,20.34,1.0,1.69,0.685,0.15499999999999997,23.08,10.77,20.51,31.28,28.74,32.43,69.0,0.364,12.0,17.39,3.0,4.35,1.103,0.348,19.35,9.27,18.53,27.8,22.12,16.22
745171,2024-06-12,2024,680779,R,543243,R,field_out,False,False,75.0,0.113,32.0,42.67,9.0,12.0,0.348,0.016,36.31,16.76,14.71,31.47,23.73,28.32,170.0,0.224,49.0,28.82,15.0,8.82,0.655,0.1309999999999999,29.33,13.02,18.05,31.07,30.65,26.2,128.0,0.178,46.0,35.94,7.0,5.47,0.536,0.136,32.11,15.91,19.77,35.68,32.64,37.7,396.0,0.22,102.0,25.76,27.0,6.82,0.5800000000000001,0.0829999999999999,28.79,13.92,15.72,29.65,29.23,22.8
745171,2024-06-12,2024,457705,R,543243,R,strikeout,True,False,162.0,0.243,42.0,25.93,16.0,9.88,0.6950000000000001,0.125,30.95,13.4,18.41,31.81,18.43,20.39,312.0,0.254,72.0,23.08,49.0,15.71,0.767,0.137,28.77,12.06,17.2,29.26,17.59,17.52,128.0,0.178,46.0,35.94,7.0,5.47,0.536,0.136,32.11,15.91,19.77,35.68,32.64,37.7,396.0,0.22,102.0,25.76,27.0,6.82,0.5800000000000001,0.0829999999999999,28.79,13.92,15.72,29.65,29.23,22.8
745171,2024-06-12,2024,668804,L,543243,R,strikeout,True,False,203.0,0.251,40.0,19.7,22.0,10.84,0.7370000000000001,0.15100000000000002,28.13,12.72,15.24,27.96,26.11,17.39,438.0,0.252,94.0,21.46,45.0,10.27,0.821,0.2309999999999999,28.75,13.22,13.73,26.95,24.9,18.49,122.0,0.239,36.0,29.51,12.0,9.84,0.669,0.10999999999999999,26.61,11.84,18.98,30.82,24.58,25.17,359.0,0.233,81.0,22.56,28.0,7.8,0.638,0.104,23.05,10.71,17.5,28.21,27.41,21.33
745171,2024-06-12,2024,691026,R,663559,L,field_out,False,False,76.0,0.271,17.0,22.37,6.0,7.89,0.829,0.22899999999999998,15.58,7.5,18.44,25.94,33.33,18.28,37.0,0.2,7.0,18.92,1.0,2.7,0.445,0.0289999999999999,21.54,10.0,20.0,30.0,25.4,18.92,211.0,0.201,32.0,15.17,17.0,8.06,0.644,0.18,19.29,9.56,16.55,26.11,25.15,16.58,278.0,0.269,48.0,17.27,17.0,6.12,0.763,0.181,18.05,9.25,15.61,24.86,30.85,15.58
745171,2024-06-12,2024,676475,L,663559,L,field_out,False,False,58.0,0.218,6.0,10.34,2.0,3.45,0.628,0.164,20.69,11.82,10.34,22.17,32.99,12.0,29.0,0.259,6.0,20.69,2.0,6.9,0.606,0.0369999999999999,18.18,9.62,19.23,28.85,41.82,19.35,59.0,0.259,12.0,20.34,1.0,1.69,0.685,0.15499999999999997,23.08,10.77,20.51,31.28,28.74,32.43,69.0,0.364,12.0,17.39,3.0,4.35,1.103,0.348,19.35,9.27,18.53,27.8,22.12,16.22
745171,2024-06-12,2024,502671,R,663559,L,single,False,False,73.0,0.274,14.0,19.18,8.0,10.96,0.737,0.09699999999999998,22.14,9.27,19.49,28.75,25.0,13.21,170.0,0.295,41.0,24.12,20.0,11.76,0.8260000000000001,0.155,26.26,11.0,20.45,31.45,28.73,20.4,211.0,0.201,32.0,15.17,17.0,8.06,0.644,0.18,19.29,9.56,16.55,26.11,25.15,16.58,278.0,0.269,48.0,17.27,17.0,6.12,0.763,0.181,18.05,9.25,15.61,24.86,30.85,15.58
745171,2024-06-12,2024,571448,R,663559,L,double,False,False,58.0,0.196,4.0,6.9,1.0,1.72,0.511,0.10799999999999998,18.45,9.13,18.27,27.4,36.0,8.0,146.0,0.22,20.0,13.7,10.0,6.85,0.662,0.166,19.62,9.73,14.31,24.05,36.88,13.25,211.0,0.201,32.0,15.17,17.0,8.06,0.644,0.18,19.29,9.56,16.55,26.11,25.15,16.58,278.0,0.269,48.0,17.27,17.0,6.12,0.763,0.181,18.05,9.25,15.61,24.86,30.85,15.58
745171,2024-06-12,2024,669357,L,663559,L,strikeout,True,False,69.0,0.213,21.0,30.43,7.0,10.14,0.737,0.23,33.33,15.69,16.86,32.55,30.71,26.25,86.0,0.26,24.0,27.91,11.0,12.79,0.839,0.2189999999999999,33.77,15.79,17.34,33.13,24.68,27.59,59.0,0.259,12.0,20.34,1.0,1.69,0.685,0.15499999999999997,23.08,10.77,20.51,31.28,28.74,32.43,69.0,0.364,12.0,17.39,3.0,4.35,1.103,0.348,19.35,9.27,18.53,27.8,22.12,16.22
745171,2024-06-12,2024,656582,R,543243,R,field_out,False,False,148.0,0.242,32.0,21.62,13.0,8.78,0.718,0.15200000000000002,23.58,10.28,18.97,29.26,23.27,20.25,279.0,0.235,70.0,25.09,27.0,9.68,0.72,0.166,22.25,8.9,20.93,29.83,20.67,18.23,128.0,0.178,46.0,35.94,7.0,5.47,0.536,0.136,32.11,15.91,19.77,35.68,32.64,37.7,396.0,0.22,102.0,25.76,27.0,6.82,0.5800000000000001,0.0829999999999999,28.79,13.92,15.72,29.65,29.23,22.8
745171,2024-06-12,2024,665833,L,543243,R,field_out,False,False,183.0,0.293,59.0,32.24,15.0,8.2,0.859,0.21600000000000003,35.24,16.16,19.05,35.22,34.8,23.79,33.0,0.185,7.0,21.21,5.0,15.15,0.636,0.148,27.69,13.14,15.33,28.47,34.25,17.95,122.0,0.239,36.0,29.51,12.0,9.84,0.669,0.10999999999999999,26.61,11.84,18.98,30.82,24.58,25.17,359.0,0.233,81.0,22.56,28.0,7.8,0.638,0.104,23.05,10.71,17.5,28.21,27.41,21.33
745171,2024-06-12,2024,663647,R,543243,R,field_out,False,False,135.0,0.213,29.0,21.48,10.0,7.41,0.52,0.033,17.65,7.78,21.36,29.14,28.0,19.86,358.0,0.26,75.0,20.95,22.0,6.15,0.721,0.1559999999999999,21.48,9.63,20.09,29.72,30.19,22.32,128.0,0.178,46.0,35.94,7.0,5.47,0.536,0.136,32.11,15.91,19.77,35.68,32.64,37.7,396.0,0.22,102.0,25.76,27.0,6.82,0.5800000000000001,0.0829999999999999,28.79,13.92,15.72,29.65,29.23,22.8
745171,2024-06-12,2024,671056,R,663559,L,single,False,False,51.0,0.222,10.0,19.61,4.0,7.84,0.605,0.089,29.03,13.5,16.0,29.5,18.95,16.95,8.0,0.286,1.0,12.5,1.0,12.5,0.661,0.0,6.67,2.94,11.76,14.71,16.67,20.0,211.0,0.201,32.0,15.17,17.0,8.06,0.644,0.18,19.29,9.56,16.55,26.11,25.15,16.58,278.0,0.269,48.0,17.27,17.0,6.12,0.763,0.181,18.05,9.25,15.61,24.86,30.85,15.58
745171,2024-06-12,2024,680977,L,663559,L,single,False,False,78.0,0.271,5.0,6.41,3.0,3.85,0.7070000000000001,0.11499999999999999,11.4,4.59,20.85,25.44,18.25,7.94,63.0,0.236,10.0,15.87,6.0,9.52,0.569,0.0,14.29,6.33,19.83,26.16,24.58,15.87,59.0,0.259,12.0,20.34,1.0,1.69,0.685,0.15499999999999997,23.08,10.77,20.51,31.28,28.74,32.43,69.0,0.364,12.0,17.39,3.0,4.35,1.103,0.348,19.35,9.27,18.53,27.8,22.12,16.22
745171,2024-06-12,2024,666185,R,663559,L,single,False,False,38.0,0.182,7.0,18.42,4.0,10.53,0.501,0.03,31.94,16.43,13.57,30.0,31.88,20.0,86.0,0.268,12.0,13.95,12.0,13.95,0.77,0.126,22.46,10.88,12.44,23.32,23.98,9.3,211.0,0.201,32.0,15.17,17.0,8.06,0.644,0.18,19.29,9.56,16.55,26.11,25.15,16.58,278.0,0.269,48.0,17.27,17.0,6.12,0.763,0.181,18.05,9.25,15.61,24.86,30.85,15.58
745171,2024-06-12,2024,672279,L,663559,L,single,False,False,50.0,0.093,13.0,26.0,2.0,4.0,0.245,0.0,25.49,13.83,18.62,32.45,34.21,17.57,3.0,0.0,0.0,0.0,1.0,33.33,0.333,0.0,33.33,6.67,20.0,26.67,10.0,0.0,59.0,0.259,12.0,20.34,1.0,1.69,0.685,0.15499999999999997,23.08,10.77,20.51,31.28,28.74,32.43,69.0,0.364,12.0,17.39,3.0,4.35,1.103,0.348,19.35,9.27,18.53,27.8,22.12,16.22
745171,2024-06-12,2024,691026,R,663559,L,force_out,False,False,76.0,0.271,17.0,22.37,6.0,7.89,0.829,0.22899999999999998,15.58,7.5,18.44,25.94,33.33,18.28,37.0,0.2,7.0,18.92,1.0,2.7,0.445,0.0289999999999999,21.54,10.0,20.0,30.0,25.4,18.92,211.0,0.201,32.0,15.17,17.0,8.06,0.644,0.18,19.29,9.56,16.55,26.11,25.15,16.58,278.0,0.269,48.0,17.27,17.0,6.12,0.763,0.181,18.05,9.25,15.61,24.86,30.85,15.58
745171,2024-06-12,2024,676475,L,663559,L,grounded_into_double_play,False,False,58.0,0.218,6.0,10.34,2.0,3.45,0.628,0.164,20.69,11.82,10.34,22.17,32.99,12.0,29.0,0.259,6.0,20.69,2.0,6.9,0.606,0.0369999999999999,18.18,9.62,19.23,28.85,41.82,19.35,59.0,0.259,12.0,20.34,1.0,1.69,0.685,0.15499999999999997,23.08,10.77,20.51,31.28,28.74,32.43,69.0,0.364,12.0,17.39,3.0,4.35,1.103,0.348,19.35,9.27,18.53,27.8,22.12,16.22
745171,2024-06-12,2024,693304,R,543243,R,double,False,False,79.0,0.296,18.0,22.78,4.0,5.06,0.798,0.16900000000000004,27.01,14.69,11.25,25.94,31.68,16.98,86.0,0.234,21.0,24.42,3.0,3.49,0.638,0.1299999999999999,30.36,15.84,12.11,27.95,27.85,22.11,128.0,0.178,46.0,35.94,7.0,5.47,0.536,0.136,32.11,15.91,19.77,35.68,32.64,37.7,396.0,0.22,102.0,25.76,27.0,6.82,0.5800000000000001,0.0829999999999999,28.79,13.92,15.72,29.65,29.23,22.8
745171,2024-06-12,2024,658668,R,543243,R,field_out,False,False,71.0,0.226,11.0,15.49,6.0,8.45,0.586,0.06399999999999997,24.0,12.86,13.21,26.07,35.0,11.7,261.0,0.256,43.0,16.48,14.0,5.36,0.728,0.1649999999999999,22.47,11.51,14.21,25.73,31.17,15.47,128.0,0.178,46.0,35.94,7.0,5.47,0.536,0.136,32.11,15.91,19.77,35.68,32.64,37.7,396.0,0.22,102.0,25.76,27.0,6.82,0.5800000000000001,0.0829999999999999,28.79,13.92,15.72,29.65,29.23,22.8
745171,2024-06-12,2024,572191,R,543243,R,single,False,False,91.0,0.193,34.0,37.36,5.0,5.49,0.45299999999999996,0.023999999999999994,40.57,19.09,17.47,36.56,31.84,28.1,276.0,0.206,95.0,34.42,18.0,6.52,0.641,0.171,34.66,17.23,15.91,33.15,32.6,28.53,128.0,0.178,46.0,35.94,7.0,5.47,0.536,0.136,32.11,15.91,19.77,35.68,32.64,37.7,396.0,0.22,102.0,25.76,27.0,6.82,0.5800000000000001,0.0829999999999999,28.79,13.92,15.72,29.65,29.23,22.8
745171,2024-06-12,2024,680779,R,543243,R,strikeout,True,False,75.0,0.113,32.0,42.67,9.0,12.0,0.348,0.016,36.31,16.76,14.71,31.47,23.73,28.32,170.0,0.224,49.0,28.82,15.0,8.82,0.655,0.1309999999999999,29.33,13.02,18.05,31.07,30.65,26.2,128.0,0.178,46.0,35.94,7.0,5.47,0.536,0.136,32.11,15.91,19.77,35.68,32.64,37.7,396.0,0.22,102.0,25.76,27.0,6.82,0.5800000000000001,0.0829999999999999,28.79,13.92,15.72,29.65,29.23,22.8
745171,2024-06-12,2024,457705,R,543243,R,strikeout,True,False,162.0,0.243,42.0,25.93,16.0,9.88,0.6950000000000001,0.125,30.95,13.4,18.41,31.81,18.43,20.39,312.0,0.254,72.0,23.08,49.0,15.71,0.767,0.137,28.77,12.06,17.2,29.26,17.59,17.52,128.0,0.178,46.0,35.94,7.0,5.47,0.536,0.136,32.11,15.91,19.77,35.68,32.64,37.7,396.0,0.22,102.0,25.76,27.0,6.82,0.5800000000000001,0.0829999999999999,28.79,13.92,15.72,29.65,29.23,22.8
745171,2024-06-12,2024,502671,R,669387,R,field_out,False,False,206.0,0.209,67.0,32.52,17.0,8.25,0.615,0.12800000000000003,29.5,13.98,19.09,33.07,30.05,20.38,518.0,0.259,120.0,23.17,67.0,12.93,0.8049999999999999,0.187,27.85,12.3,17.85,30.16,25.85,17.44,35.0,0.214,9.0,25.71,5.0,14.29,0.7,0.143,29.03,12.33,15.75,28.08,24.69,21.95,87.0,0.213,18.0,20.69,10.0,11.49,0.63,0.107,21.85,9.54,17.63,27.17,22.03,17.14
745171,2024-06-12,2024,571448,R,669387,R,single,False,False,210.0,0.274,40.0,19.05,19.0,9.05,0.7410000000000001,0.124,22.04,9.66,19.91,29.56,29.8,16.33,468.0,0.28,81.0,17.31,31.0,6.62,0.8089999999999999,0.2009999999999999,20.4,9.71,17.28,26.99,33.33,16.43,35.0,0.214,9.0,25.71,5.0,14.29,0.7,0.143,29.03,12.33,15.75,28.08,24.69,21.95,87.0,0.213,18.0,20.69,10.0,11.49,0.63,0.107,21.85,9.54,17.63,27.17,22.03,17.14
745171,2024-06-12,2024,669357,L,669387,R,strikeout,True,False,164.0,0.228,57.0,34.76,18.0,10.98,0.81,0.269,39.63,19.43,14.35,33.78,29.82,26.27,378.0,0.231,124.0,32.8,42.0,11.11,0.7969999999999999,0.2459999999999999,35.96,17.73,12.12,29.85,28.13,25.15,23.0,0.294,3.0,13.04,3.0,13.04,0.8029999999999999,0.118,16.67,8.25,13.4,21.65,21.28,9.09,66.0,0.214,16.0,24.24,8.0,12.12,0.612,0.09,20.93,9.82,15.27,25.09,25.76,17.98
745171,2024-06-12,2024,671056,R,669387,R,single,False,False,121.0,0.275,26.0,21.49,9.0,7.44,0.7,0.09199999999999997,24.27,10.5,19.75,30.25,29.83,18.44,36.0,0.3,10.0,27.78,4.0,11.11,0.784,0.067,28.57,12.05,14.46,26.51,27.08,17.31,35.0,0.214,9.0,25.71,5.0,14.29,0.7,0.143,29.03,12.33,15.75,28.08,24.69,21.95,87.0,0.213,18.0,20.69,10.0,11.49,0.63,0.107,21.85,9.54,17.63,27.17,22.03,17.14
745171,2024-06-12,2024,680977,L,669387,R,single,False,False,188.0,0.229,31.0,16.49,16.0,8.51,0.669,0.12599999999999997,17.39,7.12,20.0,27.12,23.08,15.05,309.0,0.294,43.0,13.92,27.0,8.74,0.831,0.166,14.96,6.32,19.2,25.52,22.53,13.27,23.0,0.294,3.0,13.04,3.0,13.04,0.8029999999999999,0.118,16.67,8.25,13.4,21.65,21.28,9.09,66.0,0.214,16.0,24.24,8.0,12.12,0.612,0.09,20.93,9.82,15.27,25.09,25.76,17.98
745171,2024-06-12,2024,666185,L,669387,R,strikeout,True,False,27.0,0.167,9.0,33.33,2.0,7.41,0.46699999999999997,0.04099999999999998,39.66,19.01,14.05,33.06,23.73,22.5,170.0,0.196,37.0,21.76,14.0,8.24,0.592,0.1079999999999999,22.71,10.14,18.91,29.05,25.44,21.14,23.0,0.294,3.0,13.04,3.0,13.04,0.8029999999999999,0.118,16.67,8.25,13.4,21.65,21.28,9.09,66.0,0.214,16.0,24.24,8.0,12.12,0.612,0.09,20.93,9.82,15.27,25.09,25.76,17.98
745171,2024-06-12,2024,668804,L,543243,R,strikeout,True,False,203.0,0.251,40.0,19.7,22.0,10.84,0.7370000000000001,0.15100000000000002,28.13,12.72,15.24,27.96,26.11,17.39,438.0,0.252,94.0,21.46,45.0,10.27,0.821,0.2309999999999999,28.75,13.22,13.73,26.95,24.9,18.49,122.0,0.239,36.0,29.51,12.0,9.84,0.669,0.10999999999999999,26.61,11.84,18.98,30.82,24.58,25.17,359.0,0.233,81.0,22.56,28.0,7.8,0.638,0.104,23.05,10.71,17.5,28.21,27.41,21.33
745171,2024-06-12,2024,656582,R,543243,R,field_out,False,False,148.0,0.242,32.0,21.62,13.0,8.78,0.718,0.15200000000000002,23.58,10.28,18.97,29.26,23.27,20.25,279.0,0.235,70.0,25.09,27.0,9.68,0.72,0.166,22.25,8.9,20.93,29.83,20.67,18.23,128.0,0.178,46.0,35.94,7.0,5.47,0.536,0.136,32.11,15.91,19.77,35.68,32.64,37.7,396.0,0.22,102.0,25.76,27.0,6.82,0.5800000000000001,0.0829999999999999,28.79,13.92,15.72,29.65,29.23,22.8
745171,2024-06-12,2024,665833,L,543243,R,double,False,False,183.0,0.293,59.0,32.24,15.0,8.2,0.859,0.21600000000000003,35.24,16.16,19.05,35.22,34.8,23.79,33.0,0.185,7.0,21.21,5.0,15.15,0.636,0.148,27.69,13.14,15.33,28.47,34.25,17.95,122.0,0.239,36.0,29.51,12.0,9.84,0.669,0.10999999999999999,26.61,11.84,18.98,30.82,24.58,25.17,359.0,0.233,81.0,22.56,28.0,7.8,0.638,0.104,23.05,10.71,17.5,28.21,27.41,21.33
745171,2024-06-12,2024,663647,R,543243,R,strikeout,True,False,135.0,0.213,29.0,21.48,10.0,7.41,0.52,0.033,17.65,7.78,21.36,29.14,28.0,19.86,358.0,0.26,75.0,20.95,22.0,6.15,0.721,0.1559999999999999,21.48,9.63,20.09,29.72,30.19,22.32,128.0,0.178,46.0,35.94,7.0,5.47,0.536,0.136,32.11,15.91,19.77,35.68,32.64,37.7,396.0,0.22,102.0,25.76,27.0,6.82,0.5800000000000001,0.0829999999999999,28.79,13.92,15.72,29.65,29.23,22.8
745171,2024-06-12,2024,672279,L,669387,R,field_out,False,False,92.0,0.256,24.0,26.09,5.0,5.43,0.636,0.08500000000000002,28.65,14.0,18.0,32.0,28.57,22.86,3.0,0.0,1.0,33.33,0.0,0.0,0.0,0.0,40.0,14.29,21.43,35.71,0.0,50.0,23.0,0.294,3.0,13.04,3.0,13.04,0.8029999999999999,0.118,16.67,8.25,13.4,21.65,21.28,9.09,66.0,0.214,16.0,24.24,8.0,12.12,0.612,0.09,20.93,9.82,15.27,25.09,25.76,17.98
745171,2024-06-12,2024,691026,R,669387,R,strikeout,True,False,144.0,0.323,24.0,16.67,11.0,7.64,0.76,0.07100000000000001,16.79,7.83,18.83,26.67,28.52,12.83,100.0,0.161,19.0,19.0,9.0,9.0,0.478,0.0799999999999999,21.56,9.11,22.03,31.14,24.87,14.88,35.0,0.214,9.0,25.71,5.0,14.29,0.7,0.143,29.03,12.33,15.75,28.08,24.69,21.95,87.0,0.213,18.0,20.69,10.0,11.49,0.63,0.107,21.85,9.54,17.63,27.17,22.03,17.14
745171,2024-06-12,2024,676475,L,669387,R,field_out,False,False,150.0,0.308,23.0,15.33,7.0,4.67,0.823,0.175,19.68,11.17,11.72,22.89,34.55,14.65,318.0,0.243,39.0,12.26,21.0,6.6,0.698,0.156,17.66,9.16,14.01,23.17,33.05,13.13,23.0,0.294,3.0,13.04,3.0,13.04,0.8029999999999999,0.118,16.67,8.25,13.4,21.65,21.28,9.09,66.0,0.214,16.0,24.24,8.0,12.12,0.612,0.09,20.93,9.82,15.27,25.09,25.76,17.98
745171,2024-06-12,2024,693304,R,543243,R,field_out,False,False,79.0,0.296,18.0,22.78,4.0,5.06,0.798,0.16900000000000004,27.01,14.69,11.25,25.94,31.68,16.98,86.0,0.234,21.0,24.42,3.0,3.49,0.638,0.1299999999999999,30.36,15.84,12.11,27.95,27.85,22.11,128.0,0.178,46.0,35.94,7.0,5.47,0.536,0.136,32.11,15.91,19.77,35.68,32.64,37.7,396.0,0.22,102.0,25.76,27.0,6.82,0.5800000000000001,0.0829999999999999,28.79,13.92,15.72,29.65,29.23,22.8
745171,2024-06-12,2024,658668,R,543243,R,field_out,False,False,71.0,0.226,11.0,15.49,6.0,8.45,0.586,0.06399999999999997,24.0,12.86,13.21,26.07,35.0,11.7,261.0,0.256,43.0,16.48,14.0,5.36,0.728,0.1649999999999999,22.47,11.51,14.21,25.73,31.17,15.47,128.0,0.178,46.0,35.94,7.0,5.47,0.536,0.136,32.11,15.91,19.77,35.68,32.64,37.7,396.0,0.22,102.0,25.76,27.0,6.82,0.5800000000000001,0.0829999999999999,28.79,13.92,15.72,29.65,29.23,22.8
745171,2024-06-12,2024,572191,R,543243,R,field_out,False,False,91.0,0.193,34.0,37.36,5.0,5.49,0.45299999999999996,0.023999999999999994,40.57,19.09,17.47,36.56,31.84,28.1,276.0,0.206,95.0,34.42,18.0,6.52,0.641,0.171,34.66,17.23,15.91,33.15,32.6,28.53,128.0,0.178,46.0,35.94,7.0,5.47,0.536,0.136,32.11,15.91,19.77,35.68,32.64,37.7,396.0,0.22,102.0,25.76,27.0,6.82,0.5800000000000001,0.0829999999999999,28.79,13.92,15.72,29.65,29.23,22.8
745171,2024-06-12,2024,502671,R,693312,R,strikeout,True,False,206.0,0.209,67.0,32.52,17.0,8.25,0.615,0.12800000000000003,29.5,13.98,19.09,33.07,30.05,20.38,518.0,0.259,120.0,23.17,67.0,12.93,0.8049999999999999,0.187,27.85,12.3,17.85,30.16,25.85,17.44,45.0,0.222,12.0,26.67,7.0,15.56,0.674,0.11100000000000002,31.33,13.0,16.5,29.5,22.13,16.67,18.0,0.5,2.0,11.11,3.0,16.67,1.468,0.357,20.0,9.23,16.92,26.15,25.0,15.38
745171,2024-06-12,2024,571448,R,693312,R,strikeout,True,False,210.0,0.274,40.0,19.05,19.0,9.05,0.7410000000000001,0.124,22.04,9.66,19.91,29.56,29.8,16.33,468.0,0.28,81.0,17.31,31.0,6.62,0.8089999999999999,0.2009999999999999,20.4,9.71,17.28,26.99,33.33,16.43,45.0,0.222,12.0,26.67,7.0,15.56,0.674,0.11100000000000002,31.33,13.0,16.5,29.5,22.13,16.67,18.0,0.5,2.0,11.11,3.0,16.67,1.468,0.357,20.0,9.23,16.92,26.15,25.0,15.38
745171,2024-06-12,2024,669357,L,693312,R,strikeout,True,False,164.0,0.228,57.0,34.76,18.0,10.98,0.81,0.269,39.63,19.43,14.35,33.78,29.82,26.27,378.0,0.231,124.0,32.8,42.0,11.11,0.7969999999999999,0.2459999999999999,35.96,17.73,12.12,29.85,28.13,25.15,24.0,0.235,6.0,25.0,5.0,20.83,0.8109999999999999,0.118,30.43,13.08,10.28,23.36,20.63,16.22,8.0,0.0,5.0,62.5,1.0,12.5,0.125,0.0,39.13,19.57,10.87,30.43,28.0,22.73
745171,2024-06-12,2024,680779,R,552640,R,home_run,False,False,75.0,0.113,32.0,42.67,9.0,12.0,0.348,0.016,36.31,16.76,14.71,31.47,23.73,28.32,170.0,0.224,49.0,28.82,15.0,8.82,0.655,0.1309999999999999,29.33,13.02,18.05,31.07,30.65,26.2,75.0,0.174,16.0,21.33,6.0,8.0,0.515,0.10100000000000003,23.81,13.01,14.87,27.88,42.14,20.78,31.0,0.333,7.0,22.58,0.0,0.0,0.788,0.0999999999999999,20.0,11.21,15.89,27.1,40.0,22.58
745171,2024-06-12,2024,457705,R,552640,R,strikeout,True,False,162.0,0.243,42.0,25.93,16.0,9.88,0.6950000000000001,0.125,30.95,13.4,18.41,31.81,18.43,20.39,312.0,0.254,72.0,23.08,49.0,15.71,0.767,0.137,28.77,12.06,17.2,29.26,17.59,17.52,75.0,0.174,16.0,21.33,6.0,8.0,0.515,0.10100000000000003,23.81,13.01,14.87,27.88,42.14,20.78,31.0,0.333,7.0,22.58,0.0,0.0,0.788,0.0999999999999999,20.0,11.21,15.89,27.1,40.0,22.58
745171,2024-06-12,2024,668804,L,552640,R,strikeout,True,False,203.0,0.251,40.0,19.7,22.0,10.84,0.7370000000000001,0.15100000000000002,28.13,12.72,15.24,27.96,26.11,17.39,438.0,0.252,94.0,21.46,45.0,10.27,0.821,0.2309999999999999,28.75,13.22,13.73,26.95,24.9,18.49,41.0,0.333,13.0,31.71,2.0,4.88,0.9299999999999999,0.23099999999999993,32.61,18.4,13.5,31.9,38.27,20.0,19.0,0.118,3.0,15.79,2.0,10.53,0.505,0.176,17.02,10.0,11.25,21.25,43.59,8.57
745171,2024-06-12,2024,656582,R,552640,R,field_out,False,False,148.0,0.242,32.0,21.62,13.0,8.78,0.718,0.15200000000000002,23.58,10.28,18.97,29.26,23.27,20.25,279.0,0.235,70.0,25.09,27.0,9.68,0.72,0.166,22.25,8.9,20.93,29.83,20.67,18.23,75.0,0.174,16.0,21.33,6.0,8.0,0.515,0.10100000000000003,23.81,13.01,14.87,27.88,42.14,20.78,31.0,0.333,7.0,22.58,0.0,0.0,0.788,0.0999999999999999,20.0,11.21,15.89,27.1,40.0,22.58
745171,2024-06-12,2024,671056,R,693312,R,strikeout,True,False,121.0,0.275,26.0,21.49,9.0,7.44,0.7,0.09199999999999997,24.27,10.5,19.75,30.25,29.83,18.44,36.0,0.3,10.0,27.78,4.0,11.11,0.784,0.067,28.57,12.05,14.46,26.51,27.08,17.31,45.0,0.222,12.0,26.67,7.0,15.56,0.674,0.11100000000000002,31.33,13.0,16.5,29.5,22.13,16.67,18.0,0.5,2.0,11.11,3.0,16.67,1.468,0.357,20.0,9.23,16.92,26.15,25.0,15.38
745171,2024-06-12,2024,680977,L,693312,R,strikeout,True,False,188.0,0.229,31.0,16.49,16.0,8.51,0.669,0.12599999999999997,17.39,7.12,20.0,27.12,23.08,15.05,309.0,0.294,43.0,13.92,27.0,8.74,0.831,0.166,14.96,6.32,19.2,25.52,22.53,13.27,24.0,0.235,6.0,25.0,5.0,20.83,0.8109999999999999,0.118,30.43,13.08,10.28,23.36,20.63,16.22,8.0,0.0,5.0,62.5,1.0,12.5,0.125,0.0,39.13,19.57,10.87,30.43,28.0,22.73
745171,2024-06-12,2024,666185,L,693312,R,field_out,False,False,27.0,0.167,9.0,33.33,2.0,7.41,0.46699999999999997,0.04099999999999998,39.66,19.01,14.05,33.06,23.73,22.5,170.0,0.196,37.0,21.76,14.0,8.24,0.592,0.1079999999999999,22.71,10.14,18.91,29.05,25.44,21.14,24.0,0.235,6.0,25.0,5.0,20.83,0.8109999999999999,0.118,30.43,13.08,10.28,23.36,20.63,16.22,8.0,0.0,5.0,62.5,1.0,12.5,0.125,0.0,39.13,19.57,10.87,30.43,28.0,22.73
745171,2024-06-12,2024,665833,L,664854,R,single,False,False,183.0,0.293,59.0,32.24,15.0,8.2,0.859,0.21600000000000003,35.24,16.16,19.05,35.22,34.8,23.79,33.0,0.185,7.0,21.21,5.0,15.15,0.636,0.148,27.69,13.14,15.33,28.47,34.25,17.95,58.0,0.176,18.0,31.03,5.0,8.62,0.476,0.059,33.0,17.1,16.58,33.68,30.0,29.51,66.0,0.224,22.0,33.33,7.0,10.61,0.6970000000000001,0.155,31.01,14.44,15.88,30.32,30.28,23.91
745171,2024-06-12,2024,663647,R,664854,R,field_out,False,False,135.0,0.213,29.0,21.48,10.0,7.41,0.52,0.033,17.65,7.78,21.36,29.14,28.0,19.86,358.0,0.26,75.0,20.95,22.0,6.15,0.721,0.1559999999999999,21.48,9.63,20.09,29.72,30.19,22.32,60.0,0.268,14.0,23.33,3.0,5.0,0.639,0.07100000000000001,34.48,19.23,13.46,32.69,31.91,25.93,80.0,0.134,30.0,37.5,10.0,12.5,0.402,0.03,37.93,19.76,13.17,32.93,33.13,27.27
745171,2024-06-12,2024,693304,R,664854,R,strikeout,True,False,79.0,0.296,18.0,22.78,4.0,5.06,0.798,0.16900000000000004,27.01,14.69,11.25,25.94,31.68,16.98,86.0,0.234,21.0,24.42,3.0,3.49,0.638,0.1299999999999999,30.36,15.84,12.11,27.95,27.85,22.11,60.0,0.268,14.0,23.33,3.0,5.0,0.639,0.07100000000000001,34.48,19.23,13.46,32.69,31.91,25.93,80.0,0.134,30.0,37.5,10.0,12.5,0.402,0.03,37.93,19.76,13.17,32.93,33.13,27.27
745171,2024-06-12,2024,658668,R,664854,R,field_out,False,False,71.0,0.226,11.0,15.49,6.0,8.45,0.586,0.06399999999999997,24.0,12.86,13.21,26.07,35.0,11.7,261.0,0.256,43.0,16.48,14.0,5.36,0.728,0.1649999999999999,22.47,11.51,14.21,25.73,31.17,15.47,60.0,0.268,14.0,23.33,3.0,5.0,0.639,0.07100000000000001,34.48,19.23,13.46,32.69,31.91,25.93,80.0,0.134,30.0,37.5,10.0,12.5,0.402,0.03,37.93,19.76,13.17,32.93,33.13,27.27
745811,2024-06-12,2024,672640,R,656849,L,field_out,False,False,30.0,0.207,6.0,20.0,0.0,0.0,0.483,0.06900000000000003,21.13,14.29,11.43,25.71,56.36,14.63,,,,,,,,,,,,,,,34.0,0.267,2.0,5.88,3.0,8.82,0.786,0.16599999999999998,20.97,10.4,12.8,23.2,28.12,6.9,377.0,0.288,93.0,24.67,41.0,10.88,0.823,0.163,29.54,13.33,15.47,28.8,29.06,23.19
745811,2024-06-12,2024,650559,R,656849,L,field_out,False,False,95.0,0.292,21.0,22.11,4.0,4.21,0.73,0.11200000000000004,27.23,14.94,12.07,27.01,29.52,24.71,154.0,0.277,35.0,22.73,11.0,7.14,0.708,0.1059999999999999,27.76,13.7,15.51,29.21,33.53,19.77,34.0,0.267,2.0,5.88,3.0,8.82,0.786,0.16599999999999998,20.97,10.4,12.8,23.2,28.12,6.9,377.0,0.288,93.0,24.67,41.0,10.88,0.823,0.163,29.54,13.33,15.47,28.8,29.06,23.19
745811,2024-06-12,2024,605137,R,656849,L,strikeout,True,False,93.0,0.195,14.0,15.05,10.0,10.75,0.634,0.15899999999999997,23.29,9.88,15.99,25.87,27.84,17.72,186.0,0.265,41.0,22.04,24.0,12.9,0.854,0.2289999999999999,28.46,13.82,12.89,26.71,26.88,18.81,34.0,0.267,2.0,5.88,3.0,8.82,0.786,0.16599999999999998,20.97,10.4,12.8,23.2,28.12,6.9,377.0,0.288,93.0,24.67,41.0,10.88,0.823,0.163,29.54,13.33,15.47,28.8,29.06,23.19
745811,2024-06-12,2024,596019,R,666129,L,double,False,False,72.0,0.277,5.0,6.94,4.0,5.56,0.855,0.23099999999999998,15.87,7.41,17.04,24.44,23.13,7.94,204.0,0.281,35.0,17.16,15.0,7.35,0.916,0.2919999999999999,20.49,9.45,15.99,25.44,24.88,16.36,83.0,0.256,17.0,20.48,2.0,2.41,0.698,0.14100000000000001,21.62,11.07,16.61,27.68,34.25,17.89,504.0,0.261,117.0,23.21,18.0,3.57,0.748,0.187,24.37,11.75,18.26,30.02,31.19,20.78
745811,2024-06-12,2024,664056,R,666129,L,home_run,False,False,72.0,0.219,11.0,15.28,6.0,8.33,0.6060000000000001,0.10900000000000001,21.09,9.93,18.01,27.94,35.77,15.71,97.0,0.299,14.0,14.43,8.0,8.25,0.936,0.2759999999999999,23.49,10.71,18.68,29.4,31.94,16.67,83.0,0.256,17.0,20.48,2.0,2.41,0.698,0.14100000000000001,21.62,11.07,16.61,27.68,34.25,17.89,504.0,0.261,117.0,23.21,18.0,3.57,0.748,0.187,24.37,11.75,18.26,30.02,31.19,20.78
745811,2024-06-12,2024,502110,R,666129,L,strikeout,True,False,51.0,0.326,9.0,17.65,6.0,11.76,0.9430000000000001,0.186,20.72,10.5,10.96,21.46,31.67,11.69,137.0,0.274,43.0,31.39,13.0,9.49,0.924,0.3069999999999999,30.91,15.57,13.74,29.3,29.27,23.5,83.0,0.256,17.0,20.48,2.0,2.41,0.698,0.14100000000000001,21.62,11.07,16.61,27.68,34.25,17.89,504.0,0.261,117.0,23.21,18.0,3.57,0.748,0.187,24.37,11.75,18.26,30.02,31.19,20.78
745811,2024-06-12,2024,624413,R,666129,L,field_out,False,False,75.0,0.215,17.0,22.67,7.0,9.33,0.812,0.277,20.83,9.74,15.26,25.0,28.21,17.35,183.0,0.224,42.0,22.95,21.0,11.48,0.859,0.302,25.52,11.15,17.51,28.66,27.34,16.87,83.0,0.256,17.0,20.48,2.0,2.41,0.698,0.14100000000000001,21.62,11.07,16.61,27.68,34.25,17.89,504.0,0.261,117.0,23.21,18.0,3.57,0.748,0.187,24.37,11.75,18.26,30.02,31.19,20.78
745811,2024-06-12,2024,516782,R,666129,L,field_out,False,False,67.0,0.333,13.0,19.4,6.0,8.96,0.886,0.14999999999999997,27.66,14.18,13.09,27.27,30.43,13.0,96.0,0.273,18.0,18.75,5.0,5.21,0.66,0.068,25.99,13.29,13.87,27.17,35.98,20.22,83.0,0.256,17.0,20.48,2.0,2.41,0.698,0.14100000000000001,21.62,11.07,16.61,27.68,34.25,17.89,504.0,0.261,117.0,23.21,18.0,3.57,0.748,0.187,24.37,11.75,18.26,30.02,31.19,20.78
745811,2024-06-12,2024,669394,R,656849,L,single,False,False,59.0,0.161,13.0,22.03,2.0,3.39,0.382,0.035,29.46,15.79,16.75,32.54,43.69,22.81,139.0,0.26,37.0,26.62,9.0,6.47,0.907,0.3229999999999999,32.62,17.56,12.21,29.77,35.74,24.5,34.0,0.267,2.0,5.88,3.0,8.82,0.786,0.16599999999999998,20.97,10.4,12.8,23.2,28.12,6.9,377.0,0.288,93.0,24.67,41.0,10.88,0.823,0.163,29.54,13.33,15.47,28.8,29.06,23.19
745811,2024-06-12,2024,665862,L,656849,L,single,False,False,90.0,0.241,23.0,25.56,6.0,6.67,0.698,0.15700000000000003,26.59,12.33,16.89,29.22,29.84,17.56,94.0,0.172,27.0,28.72,6.0,6.38,0.479,0.081,39.88,19.01,18.18,37.19,30.36,25.23,16.0,0.267,3.0,18.75,0.0,0.0,0.579,0.0,21.74,11.9,19.05,30.95,47.62,27.27,117.0,0.283,35.0,29.91,9.0,7.69,0.822,0.189,29.73,14.07,18.12,32.2,29.33,24.31
745811,2024-06-12,2024,641313,R,656849,L,grounded_into_double_play,False,False,67.0,0.242,19.0,28.36,5.0,7.46,0.5569999999999999,0.016000000000000014,35.06,20.22,12.36,32.58,41.43,20.21,130.0,0.304,27.0,20.77,5.0,3.85,0.7150000000000001,0.08,23.36,13.11,11.89,25.0,33.47,17.65,34.0,0.267,2.0,5.88,3.0,8.82,0.786,0.16599999999999998,20.97,10.4,12.8,23.2,28.12,6.9,377.0,0.288,93.0,24.67,41.0,10.88,0.823,0.163,29.54,13.33,15.47,28.8,29.06,23.19
745811,2024-06-12,2024,667472,R,656849,L,double,False,False,36.0,0.226,11.0,30.56,2.0,5.56,0.725,0.19299999999999998,24.0,9.38,26.56,35.94,24.07,26.83,20.0,0.4,4.0,20.0,0.0,0.0,0.9,0.0999999999999999,30.0,13.24,20.59,33.82,28.12,25.0,34.0,0.267,2.0,5.88,3.0,8.82,0.786,0.16599999999999998,20.97,10.4,12.8,23.2,28.12,6.9,377.0,0.288,93.0,24.67,41.0,10.88,0.823,0.163,29.54,13.33,15.47,28.8,29.06,23.19
745811,2024-06-12,2024,656896,R,656849,L,single,False,False,55.0,0.235,12.0,21.82,3.0,5.45,0.5660000000000001,0.040000000000000036,24.76,12.56,14.98,27.54,34.23,16.9,100.0,0.289,16.0,16.0,7.0,7.0,0.7110000000000001,0.089,21.88,10.45,14.18,24.63,29.33,14.68,34.0,0.267,2.0,5.88,3.0,8.82,0.786,0.16599999999999998,20.97,10.4,12.8,23.2,28.12,6.9,377.0,0.288,93.0,24.67,41.0,10.88,0.823,0.163,29.54,13.33,15.47,28.8,29.06,23.19
745811,2024-06-12,2024,663743,R,656849,L,field_out,False,False,41.0,0.125,4.0,9.76,1.0,2.44,0.32099999999999995,0.04999999999999999,13.43,7.38,14.75,22.13,32.73,19.05,84.0,0.316,11.0,13.1,3.0,3.57,0.854,0.184,12.5,6.01,14.49,20.49,25.87,17.46,34.0,0.267,2.0,5.88,3.0,8.82,0.786,0.16599999999999998,20.97,10.4,12.8,23.2,28.12,6.9,377.0,0.288,93.0,24.67,41.0,10.88,0.823,0.163,29.54,13.33,15.47,28.8,29.06,23.19
745811,2024-06-12,2024,621438,R,666129,L,single,False,False,48.0,0.191,12.0,25.0,1.0,2.08,0.46299999999999997,0.064,26.37,13.71,17.14,30.86,37.08,25.0,81.0,0.241,18.0,22.22,2.0,2.47,0.7270000000000001,0.227,24.34,12.94,16.43,29.37,33.06,22.22,83.0,0.256,17.0,20.48,2.0,2.41,0.698,0.14100000000000001,21.62,11.07,16.61,27.68,34.25,17.89,504.0,0.261,117.0,23.21,18.0,3.57,0.748,0.187,24.37,11.75,18.26,30.02,31.19,20.78
745811,2024-06-12,2024,668901,R,666129,L,field_error,False,False,44.0,0.385,8.0,18.18,5.0,11.36,1.199,0.359,26.51,14.29,11.69,25.97,32.56,20.51,88.0,0.214,30.0,34.09,2.0,2.27,0.584,0.1309999999999999,40.66,21.26,14.94,36.21,36.02,26.79,83.0,0.256,17.0,20.48,2.0,2.41,0.698,0.14100000000000001,21.62,11.07,16.61,27.68,34.25,17.89,504.0,0.261,117.0,23.21,18.0,3.57,0.748,0.187,24.37,11.75,18.26,30.02,31.19,20.78
745811,2024-06-12,2024,682626,R,666129,L,single,False,False,23.0,0.25,3.0,13.04,3.0,13.04,0.748,0.15000000000000002,19.44,7.95,18.18,26.14,23.91,13.04,148.0,0.171,37.0,25.0,17.0,11.49,0.611,0.17,31.2,13.76,14.26,28.03,23.72,22.7,83.0,0.256,17.0,20.48,2.0,2.41,0.698,0.14100000000000001,21.62,11.07,16.61,27.68,34.25,17.89,504.0,0.261,117.0,23.21,18.0,3.57,0.748,0.187,24.37,11.75,18.26,30.02,31.19,20.78
745811,2024-06-12,2024,643446,L,666129,L,field_error,False,False,72.0,0.265,9.0,12.5,3.0,4.17,0.644,0.07300000000000001,13.64,6.87,11.83,18.7,25.19,13.24,201.0,0.294,17.0,8.46,14.0,6.97,0.753,0.09,12.21,6.17,14.39,20.56,24.68,10.37,31.0,0.296,7.0,22.58,2.0,6.45,0.757,0.07400000000000001,22.22,8.47,23.73,32.2,21.43,25.0,156.0,0.211,39.0,25.0,11.0,7.05,0.6000000000000001,0.113,28.96,12.56,20.94,33.5,31.17,22.29
745811,2024-06-12,2024,596019,R,666129,L,fielders_choice_out,False,False,72.0,0.277,5.0,6.94,4.0,5.56,0.855,0.23099999999999998,15.87,7.41,17.04,24.44,23.13,7.94,204.0,0.281,35.0,17.16,15.0,7.35,0.916,0.2919999999999999,20.49,9.45,15.99,25.44,24.88,16.36,83.0,0.256,17.0,20.48,2.0,2.41,0.698,0.14100000000000001,21.62,11.07,16.61,27.68,34.25,17.89,504.0,0.261,117.0,23.21,18.0,3.57,0.748,0.187,24.37,11.75,18.26,30.02,31.19,20.78
745811,2024-06-12,2024,664056,R,666129,L,field_out,False,False,72.0,0.219,11.0,15.28,6.0,8.33,0.6060000000000001,0.10900000000000001,21.09,9.93,18.01,27.94,35.77,15.71,97.0,0.299,14.0,14.43,8.0,8.25,0.936,0.2759999999999999,23.49,10.71,18.68,29.4,31.94,16.67,83.0,0.256,17.0,20.48,2.0,2.41,0.698,0.14100000000000001,21.62,11.07,16.61,27.68,34.25,17.89,504.0,0.261,117.0,23.21,18.0,3.57,0.748,0.187,24.37,11.75,18.26,30.02,31.19,20.78
745811,2024-06-12,2024,502110,R,666129,L,single,False,False,51.0,0.326,9.0,17.65,6.0,11.76,0.9430000000000001,0.186,20.72,10.5,10.96,21.46,31.67,11.69,137.0,0.274,43.0,31.39,13.0,9.49,0.924,0.3069999999999999,30.91,15.57,13.74,29.3,29.27,23.5,83.0,0.256,17.0,20.48,2.0,2.41,0.698,0.14100000000000001,21.62,11.07,16.61,27.68,34.25,17.89,504.0,0.261,117.0,23.21,18.0,3.57,0.748,0.187,24.37,11.75,18.26,30.02,31.19,20.78
745811,2024-06-12,2024,624413,R,666129,L,field_out,False,False,75.0,0.215,17.0,22.67,7.0,9.33,0.812,0.277,20.83,9.74,15.26,25.0,28.21,17.35,183.0,0.224,42.0,22.95,21.0,11.48,0.859,0.302,25.52,11.15,17.51,28.66,27.34,16.87,83.0,0.256,17.0,20.48,2.0,2.41,0.698,0.14100000000000001,21.62,11.07,16.61,27.68,34.25,17.89,504.0,0.261,117.0,23.21,18.0,3.57,0.748,0.187,24.37,11.75,18.26,30.02,31.19,20.78
745811,2024-06-12,2024,672640,R,656849,L,field_out,False,False,30.0,0.207,6.0,20.0,0.0,0.0,0.483,0.06900000000000003,21.13,14.29,11.43,25.71,56.36,14.63,,,,,,,,,,,,,,,34.0,0.267,2.0,5.88,3.0,8.82,0.786,0.16599999999999998,20.97,10.4,12.8,23.2,28.12,6.9,377.0,0.288,93.0,24.67,41.0,10.88,0.823,0.163,29.54,13.33,15.47,28.8,29.06,23.19
745811,2024-06-12,2024,650559,R,656849,L,field_out,False,False,95.0,0.292,21.0,22.11,4.0,4.21,0.73,0.11200000000000004,27.23,14.94,12.07,27.01,29.52,24.71,154.0,0.277,35.0,22.73,11.0,7.14,0.708,0.1059999999999999,27.76,13.7,15.51,29.21,33.53,19.77,34.0,0.267,2.0,5.88,3.0,8.82,0.786,0.16599999999999998,20.97,10.4,12.8,23.2,28.12,6.9,377.0,0.288,93.0,24.67,41.0,10.88,0.823,0.163,29.54,13.33,15.47,28.8,29.06,23.19
745811,2024-06-12,2024,605137,R,656849,L,walk,False,True,93.0,0.195,14.0,15.05,10.0,10.75,0.634,0.15899999999999997,23.29,9.88,15.99,25.87,27.84,17.72,186.0,0.265,41.0,22.04,24.0,12.9,0.854,0.2289999999999999,28.46,13.82,12.89,26.71,26.88,18.81,34.0,0.267,2.0,5.88,3.0,8.82,0.786,0.16599999999999998,20.97,10.4,12.8,23.2,28.12,6.9,377.0,0.288,93.0,24.67,41.0,10.88,0.823,0.163,29.54,13.33,15.47,28.8,29.06,23.19
745811,2024-06-12,2024,669394,R,656849,L,force_out,False,False,59.0,0.161,13.0,22.03,2.0,3.39,0.382,0.035,29.46,15.79,16.75,32.54,43.69,22.81,139.0,0.26,37.0,26.62,9.0,6.47,0.907,0.3229999999999999,32.62,17.56,12.21,29.77,35.74,24.5,34.0,0.267,2.0,5.88,3.0,8.82,0.786,0.16599999999999998,20.97,10.4,12.8,23.2,28.12,6.9,377.0,0.288,93.0,24.67,41.0,10.88,0.823,0.163,29.54,13.33,15.47,28.8,29.06,23.19
745811,2024-06-12,2024,516782,R,666129,L,strikeout,True,False,67.0,0.333,13.0,19.4,6.0,8.96,0.886,0.14999999999999997,27.66,14.18,13.09,27.27,30.43,13.0,96.0,0.273,18.0,18.75,5.0,5.21,0.66,0.068,25.99,13.29,13.87,27.17,35.98,20.22,83.0,0.256,17.0,20.48,2.0,2.41,0.698,0.14100000000000001,21.62,11.07,16.61,27.68,34.25,17.89,504.0,0.261,117.0,23.21,18.0,3.57,0.748,0.187,24.37,11.75,18.26,30.02,31.19,20.78
745811,2024-06-12,2024,621438,R,666129,L,single,False,False,48.0,0.191,12.0,25.0,1.0,2.08,0.46299999999999997,0.064,26.37,13.71,17.14,30.86,37.08,25.0,81.0,0.241,18.0,22.22,2.0,2.47,0.7270000000000001,0.227,24.34,12.94,16.43,29.37,33.06,22.22,83.0,0.256,17.0,20.48,2.0,2.41,0.698,0.14100000000000001,21.62,11.07,16.61,27.68,34.25,17.89,504.0,0.261,117.0,23.21,18.0,3.57,0.748,0.187,24.37,11.75,18.26,30.02,31.19,20.78
745811,2024-06-12,2024,668901,R,666129,L,field_out,False,False,44.0,0.385,8.0,18.18,5.0,11.36,1.199,0.359,26.51,14.29,11.69,25.97,32.56,20.51,88.0,0.214,30.0,34.09,2.0,2.27,0.584,0.1309999999999999,40.66,21.26,14.94,36.21,36.02,26.79,83.0,0.256,17.0,20.48,2.0,2.41,0.698,0.14100000000000001,21.62,11.07,16.61,27.68,34.25,17.89,504.0,0.261,117.0,23.21,18.0,3.57,0.748,0.187,24.37,11.75,18.26,30.02,31.19,20.78
745811,2024-06-12,2024,682626,R,666129,L,force_out,False,False,23.0,0.25,3.0,13.04,3.0,13.04,0.748,0.15000000000000002,19.44,7.95,18.18,26.14,23.91,13.04,148.0,0.171,37.0,25.0,17.0,11.49,0.611,0.17,31.2,13.76,14.26,28.03,23.72,22.7,83.0,0.256,17.0,20.48,2.0,2.41,0.698,0.14100000000000001,21.62,11.07,16.61,27.68,34.25,17.89,504.0,0.261,117.0,23.21,18.0,3.57,0.748,0.187,24.37,11.75,18.26,30.02,31.19,20.78
745811,2024-06-12,2024,665862,L,656849,L,field_out,False,False,90.0,0.241,23.0,25.56,6.0,6.67,0.698,0.15700000000000003,26.59,12.33,16.89,29.22,29.84,17.56,94.0,0.172,27.0,28.72,6.0,6.38,0.479,0.081,39.88,19.01,18.18,37.19,30.36,25.23,16.0,0.267,3.0,18.75,0.0,0.0,0.579,0.0,21.74,11.9,19.05,30.95,47.62,27.27,117.0,0.283,35.0,29.91,9.0,7.69,0.822,0.189,29.73,14.07,18.12,32.2,29.33,24.31
745811,2024-06-12,2024,641313,R,656849,L,single,False,False,67.0,0.242,19.0,28.36,5.0,7.46,0.5569999999999999,0.016000000000000014,35.06,20.22,12.36,32.58,41.43,20.21,130.0,0.304,27.0,20.77,5.0,3.85,0.7150000000000001,0.08,23.36,13.11,11.89,25.0,33.47,17.65,34.0,0.267,2.0,5.88,3.0,8.82,0.786,0.16599999999999998,20.97,10.4,12.8,23.2,28.12,6.9,377.0,0.288,93.0,24.67,41.0,10.88,0.823,0.163,29.54,13.33,15.47,28.8,29.06,23.19
745811,2024-06-12,2024,667472,R,656849,L,field_out,False,False,36.0,0.226,11.0,30.56,2.0,5.56,0.725,0.19299999999999998,24.0,9.38,26.56,35.94,24.07,26.83,20.0,0.4,4.0,20.0,0.0,0.0,0.9,0.0999999999999999,30.0,13.24,20.59,33.82,28.12,25.0,34.0,0.267,2.0,5.88,3.0,8.82,0.786,0.16599999999999998,20.97,10.4,12.8,23.2,28.12,6.9,377.0,0.288,93.0,24.67,41.0,10.88,0.823,0.163,29.54,13.33,15.47,28.8,29.06,23.19
745811,2024-06-12,2024,656896,R,656849,L,field_out,False,False,55.0,0.235,12.0,21.82,3.0,5.45,0.5660000000000001,0.040000000000000036,24.76,12.56,14.98,27.54,34.23,16.9,100.0,0.289,16.0,16.0,7.0,7.0,0.7110000000000001,0.089,21.88,10.45,14.18,24.63,29.33,14.68,34.0,0.267,2.0,5.88,3.0,8.82,0.786,0.16599999999999998,20.97,10.4,12.8,23.2,28.12,6.9,377.0,0.288,93.0,24.67,41.0,10.88,0.823,0.163,29.54,13.33,15.47,28.8,29.06,23.19
745811,2024-06-12,2024,643446,L,666129,L,strikeout,True,False,72.0,0.265,9.0,12.5,3.0,4.17,0.644,0.07300000000000001,13.64,6.87,11.83,18.7,25.19,13.24,201.0,0.294,17.0,8.46,14.0,6.97,0.753,0.09,12.21,6.17,14.39,20.56,24.68,10.37,31.0,0.296,7.0,22.58,2.0,6.45,0.757,0.07400000000000001,22.22,8.47,23.73,32.2,21.43,25.0,156.0,0.211,39.0,25.0,11.0,7.05,0.6000000000000001,0.113,28.96,12.56,20.94,33.5,31.17,22.29
745811,2024-06-12,2024,596019,R,666129,L,field_out,False,False,72.0,0.277,5.0,6.94,4.0,5.56,0.855,0.23099999999999998,15.87,7.41,17.04,24.44,23.13,7.94,204.0,0.281,35.0,17.16,15.0,7.35,0.916,0.2919999999999999,20.49,9.45,15.99,25.44,24.88,16.36,83.0,0.256,17.0,20.48,2.0,2.41,0.698,0.14100000000000001,21.62,11.07,16.61,27.68,34.25,17.89,504.0,0.261,117.0,23.21,18.0,3.57,0.748,0.187,24.37,11.75,18.26,30.02,31.19,20.78
745811,2024-06-12,2024,664056,R,666129,L,strikeout,True,False,72.0,0.219,11.0,15.28,6.0,8.33,0.6060000000000001,0.10900000000000001,21.09,9.93,18.01,27.94,35.77,15.71,97.0,0.299,14.0,14.43,8.0,8.25,0.936,0.2759999999999999,23.49,10.71,18.68,29.4,31.94,16.67,83.0,0.256,17.0,20.48,2.0,2.41,0.698,0.14100000000000001,21.62,11.07,16.61,27.68,34.25,17.89,504.0,0.261,117.0,23.21,18.0,3.57,0.748,0.187,24.37,11.75,18.26,30.02,31.19,20.78
745811,2024-06-12,2024,663743,R,656849,L,field_out,False,False,41.0,0.125,4.0,9.76,1.0,2.44,0.32099999999999995,0.04999999999999999,13.43,7.38,14.75,22.13,32.73,19.05,84.0,0.316,11.0,13.1,3.0,3.57,0.854,0.184,12.5,6.01,14.49,20.49,25.87,17.46,34.0,0.267,2.0,5.88,3.0,8.82,0.786,0.16599999999999998,20.97,10.4,12.8,23.2,28.12,6.9,377.0,0.288,93.0,24.67,41.0,10.88,0.823,0.163,29.54,13.33,15.47,28.8,29.06,23.19
745811,2024-06-12,2024,672640,R,656849,L,double,False,False,30.0,0.207,6.0,20.0,0.0,0.0,0.483,0.06900000000000003,21.13,14.29,11.43,25.71,56.36,14.63,,,,,,,,,,,,,,,34.0,0.267,2.0,5.88,3.0,8.82,0.786,0.16599999999999998,20.97,10.4,12.8,23.2,28.12,6.9,377.0,0.288,93.0,24.67,41.0,10.88,0.823,0.163,29.54,13.33,15.47,28.8,29.06,23.19
745811,2024-06-12,2024,650559,R,656849,L,double,False,False,95.0,0.292,21.0,22.11,4.0,4.21,0.73,0.11200000000000004,27.23,14.94,12.07,27.01,29.52,24.71,154.0,0.277,35.0,22.73,11.0,7.14,0.708,0.1059999999999999,27.76,13.7,15.51,29.21,33.53,19.77,34.0,0.267,2.0,5.88,3.0,8.82,0.786,0.16599999999999998,20.97,10.4,12.8,23.2,28.12,6.9,377.0,0.288,93.0,24.67,41.0,10.88,0.823,0.163,29.54,13.33,15.47,28.8,29.06,23.19
745811,2024-06-12,2024,605137,R,656849,L,field_out,False,False,93.0,0.195,14.0,15.05,10.0,10.75,0.634,0.15899999999999997,23.29,9.88,15.99,25.87,27.84,17.72,186.0,0.265,41.0,22.04,24.0,12.9,0.854,0.2289999999999999,28.46,13.82,12.89,26.71,26.88,18.81,34.0,0.267,2.0,5.88,3.0,8.82,0.786,0.16599999999999998,20.97,10.4,12.8,23.2,28.12,6.9,377.0,0.288,93.0,24.67,41.0,10.88,0.823,0.163,29.54,13.33,15.47,28.8,29.06,23.19
745811,2024-06-12,2024,669394,R,656849,L,walk,False,True,59.0,0.161,13.0,22.03,2.0,3.39,0.382,0.035,29.46,15.79,16.75,32.54,43.69,22.81,139.0,0.26,37.0,26.62,9.0,6.47,0.907,0.3229999999999999,32.62,17.56,12.21,29.77,35.74,24.5,34.0,0.267,2.0,5.88,3.0,8.82,0.786,0.16599999999999998,20.97,10.4,12.8,23.2,28.12,6.9,377.0,0.288,93.0,24.67,41.0,10.88,0.823,0.163,29.54,13.33,15.47,28.8,29.06,23.19
745811,2024-06-12,2024,665862,L,656849,L,single,False,False,90.0,0.241,23.0,25.56,6.0,6.67,0.698,0.15700000000000003,26.59,12.33,16.89,29.22,29.84,17.56,94.0,0.172,27.0,28.72,6.0,6.38,0.479,0.081,39.88,19.01,18.18,37.19,30.36,25.23,16.0,0.267,3.0,18.75,0.0,0.0,0.579,0.0,21.74,11.9,19.05,30.95,47.62,27.27,117.0,0.283,35.0,29.91,9.0,7.69,0.822,0.189,29.73,14.07,18.12,32.2,29.33,24.31
745811,2024-06-12,2024,641313,R,656849,L,field_out,False,False,67.0,0.242,19.0,28.36,5.0,7.46,0.5569999999999999,0.016000000000000014,35.06,20.22,12.36,32.58,41.43,20.21,130.0,0.304,27.0,20.77,5.0,3.85,0.7150000000000001,0.08,23.36,13.11,11.89,25.0,33.47,17.65,34.0,0.267,2.0,5.88,3.0,8.82,0.786,0.16599999999999998,20.97,10.4,12.8,23.2,28.12,6.9,377.0,0.288,93.0,24.67,41.0,10.88,0.823,0.163,29.54,13.33,15.47,28.8,29.06,23.19
745811,2024-06-12,2024,502110,R,666129,L,field_out,False,False,51.0,0.326,9.0,17.65,6.0,11.76,0.9430000000000001,0.186,20.72,10.5,10.96,21.46,31.67,11.69,137.0,0.274,43.0,31.39,13.0,9.49,0.924,0.3069999999999999,30.91,15.57,13.74,29.3,29.27,23.5,83.0,0.256,17.0,20.48,2.0,2.41,0.698,0.14100000000000001,21.62,11.07,16.61,27.68,34.25,17.89,504.0,0.261,117.0,23.21,18.0,3.57,0.748,0.187,24.37,11.75,18.26,30.02,31.19,20.78
745811,2024-06-12,2024,624413,R,666129,L,field_out,False,False,75.0,0.215,17.0,22.67,7.0,9.33,0.812,0.277,20.83,9.74,15.26,25.0,28.21,17.35,183.0,0.224,42.0,22.95,21.0,11.48,0.859,0.302,25.52,11.15,17.51,28.66,27.34,16.87,83.0,0.256,17.0,20.48,2.0,2.41,0.698,0.14100000000000001,21.62,11.07,16.61,27.68,34.25,17.89,504.0,0.261,117.0,23.21,18.0,3.57,0.748,0.187,24.37,11.75,18.26,30.02,31.19,20.78
745811,2024-06-12,2024,516782,R,666129,L,home_run,False,False,67.0,0.333,13.0,19.4,6.0,8.96,0.886,0.14999999999999997,27.66,14.18,13.09,27.27,30.43,13.0,96.0,0.273,18.0,18.75,5.0,5.21,0.66,0.068,25.99,13.29,13.87,27.17,35.98,20.22,83.0,0.256,17.0,20.48,2.0,2.41,0.698,0.14100000000000001,21.62,11.07,16.61,27.68,34.25,17.89,504.0,0.261,117.0,23.21,18.0,3.57,0.748,0.187,24.37,11.75,18.26,30.02,31.19,20.78
745811,2024-06-12,2024,621438,R,608638,R,double,False,False,82.0,0.25,17.0,20.73,4.0,4.88,0.679,0.14500000000000002,20.0,9.72,19.75,29.47,29.25,17.35,162.0,0.23,37.0,22.84,6.0,3.7,0.706,0.204,25.24,12.91,16.56,29.47,36.98,19.47,,,,,,,,,,,,,,,110.0,0.221,22.0,20.0,11.0,10.0,0.643,0.1259999999999999,21.08,8.06,22.58,30.65,19.91,19.13
745811,2024-06-12,2024,668901,R,608638,R,walk,False,True,40.0,0.25,9.0,22.5,3.0,7.5,0.717,0.16699999999999998,37.14,18.06,16.67,34.72,30.56,25.0,145.0,0.209,41.0,28.28,8.0,5.52,0.643,0.172,34.08,18.24,17.03,35.27,36.73,29.93,,,,,,,,,,,,,,,110.0,0.221,22.0,20.0,11.0,10.0,0.643,0.1259999999999999,21.08,8.06,22.58,30.65,19.91,19.13
745811,2024-06-12,2024,682626,R,608638,R,field_out,False,False,39.0,0.211,11.0,28.21,1.0,2.56,0.547,0.10500000000000001,41.46,23.94,14.08,38.03,41.54,21.57,275.0,0.229,73.0,26.55,17.0,6.18,0.7769999999999999,0.257,32.18,14.61,18.33,32.94,27.78,26.07,,,,,,,,,,,,,,,110.0,0.221,22.0,20.0,11.0,10.0,0.643,0.1259999999999999,21.08,8.06,22.58,30.65,19.91,19.13
745811,2024-06-12,2024,660821,L,673380,R,strikeout,True,False,168.0,0.26,38.0,22.62,10.0,5.95,0.698,0.123,25.68,14.03,12.54,26.57,36.53,19.9,353.0,0.258,93.0,26.35,36.0,10.2,0.805,0.21,29.33,14.21,14.01,28.21,30.32,20.53,10.0,0.375,1.0,10.0,2.0,20.0,1.375,0.5,20.83,11.63,9.3,20.93,25.0,6.67,,,,,,,,,,,,,,
745811,2024-06-12,2024,656896,R,673380,R,strikeout,True,False,63.0,0.192,15.0,23.81,8.0,12.7,0.548,0.03900000000000001,30.17,13.41,15.71,29.12,25.17,16.48,185.0,0.246,40.0,21.62,15.0,8.11,0.651,0.1009999999999999,29.38,13.47,17.14,30.61,25.67,18.1,43.0,0.175,18.0,41.86,1.0,2.33,0.495,0.125,39.53,20.86,19.63,40.49,29.23,36.0,,,,,,,,,,,,,,
745811,2024-06-12,2024,663743,R,673380,R,field_out,False,False,88.0,0.183,11.0,12.5,3.0,3.41,0.498,0.08500000000000002,9.92,4.22,21.1,25.32,22.97,14.1,241.0,0.165,48.0,19.92,14.0,5.81,0.46,0.064,18.93,8.36,19.79,28.15,25.54,22.43,43.0,0.175,18.0,41.86,1.0,2.33,0.495,0.125,39.53,20.86,19.63,40.49,29.23,36.0,,,,,,,,,,,,,,
745811,2024-06-12,2024,643446,L,608638,R,strikeout,True,False,157.0,0.214,17.0,10.83,14.0,8.92,0.609,0.1,13.03,6.8,13.6,20.4,28.24,11.89,447.0,0.26,48.0,10.74,25.0,5.59,0.6930000000000001,0.1149999999999999,14.08,7.59,11.21,18.8,32.05,12.57,,,,,,,,,,,,,,,64.0,0.25,13.0,20.31,7.0,10.94,0.757,0.179,19.13,8.03,16.42,24.45,24.32,17.33
745811,2024-06-12,2024,596019,L,608638,R,field_out,False,False,221.0,0.216,43.0,19.46,16.0,7.24,0.649,0.151,23.86,11.72,15.27,26.98,25.95,17.77,483.0,0.242,102.0,21.12,51.0,10.56,0.757,0.182,23.68,11.49,14.35,25.84,28.12,17.29,,,,,,,,,,,,,,,64.0,0.25,13.0,20.31,7.0,10.94,0.757,0.179,19.13,8.03,16.42,24.45,24.32,17.33
745811,2024-06-12,2024,664056,R,608638,R,field_out,False,False,125.0,0.287,29.0,23.2,6.0,4.8,0.7190000000000001,0.09600000000000003,27.91,13.19,21.1,34.29,36.89,22.66,248.0,0.207,45.0,18.15,9.0,3.63,0.504,0.056,25.06,12.41,16.74,29.16,37.02,20.45,,,,,,,,,,,,,,,110.0,0.221,22.0,20.0,11.0,10.0,0.643,0.1259999999999999,21.08,8.06,22.58,30.65,19.91,19.13
745811,2024-06-12,2024,672640,R,673380,R,field_out,False,False,78.0,0.329,11.0,14.1,4.0,5.13,0.835,0.14199999999999996,19.15,10.34,13.03,23.37,30.95,16.42,,,,,,,,,,,,,,,43.0,0.175,18.0,41.86,1.0,2.33,0.495,0.125,39.53,20.86,19.63,40.49,29.23,36.0,,,,,,,,,,,,,,
745811,2024-06-12,2024,650559,R,673380,R,strikeout,True,False,185.0,0.226,49.0,26.49,15.0,8.11,0.727,0.209,32.53,16.33,13.9,30.23,31.28,23.44,473.0,0.251,107.0,22.62,29.0,6.13,0.717,0.1689999999999999,28.95,14.54,15.93,30.47,34.61,18.71,43.0,0.175,18.0,41.86,1.0,2.33,0.495,0.125,39.53,20.86,19.63,40.49,29.23,36.0,,,,,,,,,,,,,,
745811,2024-06-12,2024,605137,L,673380,R,strikeout,True,False,186.0,0.275,37.0,19.89,11.0,5.91,0.744,0.13199999999999995,29.8,15.98,10.29,26.27,29.46,22.93,432.0,0.239,93.0,21.53,39.0,9.03,0.6970000000000001,0.148,24.59,11.57,13.95,25.52,28.11,20.58,10.0,0.375,1.0,10.0,2.0,20.0,1.375,0.5,20.83,11.63,9.3,20.93,25.0,6.67,,,,,,,,,,,,,,
745811,2024-06-12,2024,502110,R,686539,R,field_out,False,False,109.0,0.243,37.0,33.94,5.0,4.59,0.6859999999999999,0.16499999999999998,30.58,16.63,13.93,30.56,35.75,22.16,343.0,0.27,106.0,30.9,21.0,6.12,0.8799999999999999,0.2979999999999999,35.71,19.2,12.73,31.93,33.23,24.42,87.0,0.231,23.0,26.44,7.0,8.05,0.554,0.012999999999999984,32.73,16.07,13.69,29.76,26.35,24.73,27.0,0.095,6.0,22.22,4.0,14.81,0.534,0.143,23.53,10.81,15.32,26.13,33.33,16.22
745811,2024-06-12,2024,624413,R,686539,R,single,False,False,207.0,0.243,41.0,19.81,18.0,8.7,0.775,0.21600000000000003,23.03,10.51,18.72,29.23,30.1,18.6,475.0,0.214,109.0,22.95,44.0,9.26,0.8069999999999999,0.281,26.53,11.43,18.24,29.67,27.59,22.11,87.0,0.231,23.0,26.44,7.0,8.05,0.554,0.012999999999999984,32.73,16.07,13.69,29.76,26.35,24.73,27.0,0.095,6.0,22.22,4.0,14.81,0.534,0.143,23.53,10.81,15.32,26.13,33.33,16.22
745811,2024-06-12,2024,516782,R,686539,R,walk,False,True,169.0,0.266,37.0,21.89,8.0,4.73,0.7030000000000001,0.133,27.45,13.7,18.27,31.97,30.93,21.14,245.0,0.238,51.0,20.82,11.0,4.49,0.611,0.079,28.63,15.5,14.75,30.25,37.87,18.35,87.0,0.231,23.0,26.44,7.0,8.05,0.554,0.012999999999999984,32.73,16.07,13.69,29.76,26.35,24.73,27.0,0.095,6.0,22.22,4.0,14.81,0.534,0.143,23.53,10.81,15.32,26.13,33.33,16.22
745811,2024-06-12,2024,621438,R,686539,R,single,False,False,82.0,0.25,17.0,20.73,4.0,4.88,0.679,0.14500000000000002,20.0,9.72,19.75,29.47,29.25,17.35,162.0,0.23,37.0,22.84,6.0,3.7,0.706,0.204,25.24,12.91,16.56,29.47,36.98,19.47,87.0,0.231,23.0,26.44,7.0,8.05,0.554,0.012999999999999984,32.73,16.07,13.69,29.76,26.35,24.73,27.0,0.095,6.0,22.22,4.0,14.81,0.534,0.143,23.53,10.81,15.32,26.13,33.33,16.22
745811,2024-06-12,2024,668901,R,686539,R,single,False,False,40.0,0.25,9.0,22.5,3.0,7.5,0.717,0.16699999999999998,37.14,18.06,16.67,34.72,30.56,25.0,145.0,0.209,41.0,28.28,8.0,5.52,0.643,0.172,34.08,18.24,17.03,35.27,36.73,29.93,87.0,0.231,23.0,26.44,7.0,8.05,0.554,0.012999999999999984,32.73,16.07,13.69,29.76,26.35,24.73,27.0,0.095,6.0,22.22,4.0,14.81,0.534,0.143,23.53,10.81,15.32,26.13,33.33,16.22
745811,2024-06-12,2024,682626,R,686539,R,force_out,False,False,39.0,0.211,11.0,28.21,1.0,2.56,0.547,0.10500000000000001,41.46,23.94,14.08,38.03,41.54,21.57,275.0,0.229,73.0,26.55,17.0,6.18,0.7769999999999999,0.257,32.18,14.61,18.33,32.94,27.78,26.07,87.0,0.231,23.0,26.44,7.0,8.05,0.554,0.012999999999999984,32.73,16.07,13.69,29.76,26.35,24.73,27.0,0.095,6.0,22.22,4.0,14.81,0.534,0.143,23.53,10.81,15.32,26.13,33.33,16.22
745811,2024-06-12,2024,643446,L,572143,R,force_out,False,False,157.0,0.214,17.0,10.83,14.0,8.92,0.609,0.1,13.03,6.8,13.6,20.4,28.24,11.89,447.0,0.26,48.0,10.74,25.0,5.59,0.6930000000000001,0.1149999999999999,14.08,7.59,11.21,18.8,32.05,12.57,49.0,0.37,9.0,18.37,3.0,6.12,0.843,0.065,22.62,10.22,17.2,27.42,22.83,19.57,,,,,,,,,,,,,,
745811,2024-06-12,2024,669394,R,673380,R,strikeout,True,False,125.0,0.254,34.0,27.2,6.0,4.8,0.695,0.15299999999999997,26.22,13.66,17.13,30.79,38.46,28.1,402.0,0.247,112.0,27.86,23.0,5.72,0.8,0.249,34.59,18.69,13.25,31.93,39.43,23.09,43.0,0.175,18.0,41.86,1.0,2.33,0.495,0.125,39.53,20.86,19.63,40.49,29.23,36.0,,,,,,,,,,,,,,
745811,2024-06-12,2024,665862,L,518617,L,field_out,False,False,90.0,0.241,23.0,25.56,6.0,6.67,0.698,0.15700000000000003,26.59,12.33,16.89,29.22,29.84,17.56,94.0,0.172,27.0,28.72,6.0,6.38,0.479,0.081,39.88,19.01,18.18,37.19,30.36,25.23,41.0,0.161,11.0,26.83,7.0,17.07,0.519,0.033,27.27,10.47,19.77,30.23,22.58,23.91,102.0,0.229,25.0,24.51,16.0,15.69,0.663,0.0839999999999999,17.02,5.96,24.07,30.02,20.5,23.81
745811,2024-06-12,2024,641313,R,518617,L,single,False,False,67.0,0.242,19.0,28.36,5.0,7.46,0.5569999999999999,0.016000000000000014,35.06,20.22,12.36,32.58,41.43,20.21,130.0,0.304,27.0,20.77,5.0,3.85,0.7150000000000001,0.08,23.36,13.11,11.89,25.0,33.47,17.65,48.0,0.158,17.0,35.42,8.0,16.67,0.786,0.31599999999999995,36.56,16.04,17.45,33.49,22.33,22.37,142.0,0.151,39.0,27.46,22.0,15.49,0.524,0.0839999999999999,31.09,13.93,16.61,30.54,24.91,20.31
745811,2024-06-12,2024,660821,L,518617,L,field_out,False,False,27.0,0.115,5.0,18.52,0.0,0.0,0.23,0.0,31.37,21.05,10.53,31.58,51.43,25.0,50.0,0.213,15.0,30.0,2.0,4.0,0.5640000000000001,0.106,36.46,18.82,18.82,37.63,40.62,23.73,41.0,0.161,11.0,26.83,7.0,17.07,0.519,0.033,27.27,10.47,19.77,30.23,22.58,23.91,102.0,0.229,25.0,24.51,16.0,15.69,0.663,0.0839999999999999,17.02,5.96,24.07,30.02,20.5,23.81
745811,2024-06-12,2024,596019,L,572143,R,home_run,False,False,221.0,0.216,43.0,19.46,16.0,7.24,0.649,0.151,23.86,11.72,15.27,26.98,25.95,17.77,483.0,0.242,102.0,21.12,51.0,10.56,0.757,0.182,23.68,11.49,14.35,25.84,28.12,17.29,49.0,0.37,9.0,18.37,3.0,6.12,0.843,0.065,22.62,10.22,17.2,27.42,22.83,19.57,,,,,,,,,,,,,,
745811,2024-06-12,2024,664056,R,572143,R,single,False,False,125.0,0.287,29.0,23.2,6.0,4.8,0.7190000000000001,0.09600000000000003,27.91,13.19,21.1,34.29,36.89,22.66,248.0,0.207,45.0,18.15,9.0,3.63,0.504,0.056,25.06,12.41,16.74,29.16,37.02,20.45,79.0,0.279,14.0,17.72,6.0,7.59,0.662,0.044999999999999984,20.73,11.76,12.11,23.88,27.83,15.91,,,,,,,,,,,,,,
745811,2024-06-12,2024,502110,R,572143,R,field_out,False,False,109.0,0.243,37.0,33.94,5.0,4.59,0.6859999999999999,0.16499999999999998,30.58,16.63,13.93,30.56,35.75,22.16,343.0,0.27,106.0,30.9,21.0,6.12,0.8799999999999999,0.2979999999999999,35.71,19.2,12.73,31.93,33.23,24.42,79.0,0.279,14.0,17.72,6.0,7.59,0.662,0.044999999999999984,20.73,11.76,12.11,23.88,27.83,15.91,,,,,,,,,,,,,,
745811,2024-06-12,2024,624413,R,572143,R,field_out,False,False,207.0,0.243,41.0,19.81,18.0,8.7,0.775,0.21600000000000003,23.03,10.51,18.72,29.23,30.1,18.6,475.0,0.214,109.0,22.95,44.0,9.26,0.8069999999999999,0.281,26.53,11.43,18.24,29.67,27.59,22.11,79.0,0.279,14.0,17.72,6.0,7.59,0.662,0.044999999999999984,20.73,11.76,12.11,23.88,27.83,15.91,,,,,,,,,,,,,,
745811,2024-06-12,2024,516782,R,572143,R,single,False,False,169.0,0.266,37.0,21.89,8.0,4.73,0.7030000000000001,0.133,27.45,13.7,18.27,31.97,30.93,21.14,245.0,0.238,51.0,20.82,11.0,4.49,0.611,0.079,28.63,15.5,14.75,30.25,37.87,18.35,79.0,0.279,14.0,17.72,6.0,7.59,0.662,0.044999999999999984,20.73,11.76,12.11,23.88,27.83,15.91,,,,,,,,,,,,,,
745811,2024-06-12,2024,621438,R,572143,R,field_out,False,False,82.0,0.25,17.0,20.73,4.0,4.88,0.679,0.14500000000000002,20.0,9.72,19.75,29.47,29.25,17.35,162.0,0.23,37.0,22.84,6.0,3.7,0.706,0.204,25.24,12.91,16.56,29.47,36.98,19.47,79.0,0.279,14.0,17.72,6.0,7.59,0.662,0.044999999999999984,20.73,11.76,12.11,23.88,27.83,15.91,,,,,,,,,,,,,,
745811,2024-06-12,2024,660644,L,657585,R,strikeout,True,False,93.0,0.259,14.0,15.05,6.0,6.45,0.6990000000000001,0.11699999999999999,23.84,12.39,12.99,25.38,23.33,14.43,63.0,0.196,17.0,26.98,4.0,6.35,0.494,0.036,25.62,13.36,13.79,27.16,31.45,26.98,65.0,0.246,26.0,40.0,8.0,12.31,0.724,0.14,38.46,15.62,19.14,34.77,31.97,35.14,27.0,0.167,6.0,22.22,2.0,7.41,0.68,0.291,26.32,15.15,9.09,24.24,38.46,21.43
745811,2024-06-12,2024,624503,L,657585,R,strikeout,True,False,154.0,0.234,34.0,22.08,6.0,3.9,0.627,0.13199999999999998,30.3,18.28,10.42,28.7,45.61,19.88,83.0,0.16,10.0,12.05,1.0,1.2,0.48,0.149,20.99,12.19,10.39,22.58,38.35,12.82,65.0,0.246,26.0,40.0,8.0,12.31,0.724,0.14,38.46,15.62,19.14,34.77,31.97,35.14,27.0,0.167,6.0,22.22,2.0,7.41,0.68,0.291,26.32,15.15,9.09,24.24,38.46,21.43
745811,2024-06-12,2024,672640,R,657585,R,field_out,False,False,78.0,0.329,11.0,14.1,4.0,5.13,0.835,0.14199999999999996,19.15,10.34,13.03,23.37,30.95,16.42,,,,,,,,,,,,,,,77.0,0.215,25.0,32.47,9.0,11.69,0.648,0.10800000000000001,39.74,19.8,13.86,33.66,35.59,24.75,61.0,0.333,10.0,16.39,5.0,8.2,0.863,0.13,29.75,14.46,14.46,28.92,26.52,11.36
746948,2024-06-12,2024,656941,L,601713,R,walk,False,True,173.0,0.18,52.0,30.06,28.0,16.18,0.6859999999999999,0.194,33.44,13.85,15.24,29.09,22.84,24.06,469.0,0.201,128.0,27.29,85.0,18.12,0.848,0.296,31.18,11.75,19.66,31.41,21.53,23.1,75.0,0.186,21.0,28.0,5.0,6.67,0.611,0.185,28.67,13.83,15.76,29.58,24.65,20.59,242.0,0.225,77.0,31.82,18.0,7.44,0.7969999999999999,0.284,27.81,13.61,17.42,31.03,33.87,23.33
746948,2024-06-12,2024,592206,R,601713,R,double,False,False,193.0,0.194,38.0,19.69,15.0,7.77,0.5549999999999999,0.09699999999999998,31.7,18.33,10.43,28.76,38.37,18.63,485.0,0.252,140.0,28.87,25.0,5.15,0.733,0.192,37.06,20.57,11.78,32.36,40.41,25.27,89.0,0.212,30.0,33.71,4.0,4.49,0.671,0.212,31.67,16.86,16.27,33.14,33.55,26.55,346.0,0.197,106.0,30.64,32.0,9.25,0.6060000000000001,0.129,30.92,15.06,15.42,30.48,32.51,24.88
746948,2024-06-12,2024,547180,L,601713,R,single,False,False,158.0,0.273,30.0,18.99,25.0,15.82,0.924,0.265,29.43,14.36,9.46,23.82,33.33,18.4,375.0,0.295,80.0,21.33,60.0,16.0,0.907,0.199,31.39,15.65,8.66,24.31,32.27,20.0,75.0,0.186,21.0,28.0,5.0,6.67,0.611,0.185,28.67,13.83,15.76,29.58,24.65,20.59,242.0,0.225,77.0,31.82,18.0,7.44,0.7969999999999999,0.284,27.81,13.61,17.42,31.03,33.87,23.33
746948,2024-06-12,2024,664761,R,601713,R,strikeout,True,False,183.0,0.307,27.0,14.75,14.0,7.65,0.857,0.184,18.36,8.56,15.44,24.01,24.35,15.95,445.0,0.263,68.0,15.28,34.0,7.64,0.7010000000000001,0.1139999999999999,17.17,8.27,16.06,24.33,28.14,13.48,89.0,0.212,30.0,33.71,4.0,4.49,0.671,0.212,31.67,16.86,16.27,33.14,33.55,26.55,346.0,0.197,106.0,30.64,32.0,9.25,0.6060000000000001,0.129,30.92,15.06,15.42,30.48,32.51,24.88
746948,2024-06-12,2024,681082,L,601713,R,force_out,False,False,168.0,0.248,21.0,12.5,20.0,11.9,0.7430000000000001,0.15600000000000003,16.33,6.99,21.83,28.82,26.89,10.82,474.0,0.28,76.0,16.03,26.0,5.49,0.753,0.1509999999999999,14.49,6.52,22.08,28.6,28.42,11.93,75.0,0.186,21.0,28.0,5.0,6.67,0.611,0.185,28.67,13.83,15.76,29.58,24.65,20.59,242.0,0.225,77.0,31.82,18.0,7.44,0.7969999999999999,0.284,27.81,13.61,17.42,31.03,33.87,23.33
746948,2024-06-12,2024,593160,R,601713,R,field_out,False,False,67.0,0.14,9.0,13.43,9.0,13.43,0.433,0.034999999999999976,17.09,7.84,16.08,23.92,28.47,13.85,446.0,0.277,80.0,17.94,27.0,6.05,0.7030000000000001,0.1019999999999999,20.17,10.18,16.71,26.89,32.97,15.33,89.0,0.212,30.0,33.71,4.0,4.49,0.671,0.212,31.67,16.86,16.27,33.14,33.55,26.55,346.0,0.197,106.0,30.64,32.0,9.25,0.6060000000000001,0.129,30.92,15.06,15.42,30.48,32.51,24.88
746948,2024-06-12,2024,680776,L,650911,L,field_out,False,False,89.0,0.211,22.0,24.72,9.0,10.11,0.544,0.025999999999999995,25.48,10.99,20.05,31.04,29.57,20.18,49.0,0.289,15.0,30.61,3.0,6.12,0.749,0.133,24.44,10.73,20.0,30.73,27.27,25.86,46.0,0.163,12.0,26.09,2.0,4.35,0.363,0.0,24.73,12.99,18.08,31.07,42.17,20.69,80.0,0.133,27.0,33.75,5.0,6.25,0.401,0.0799999999999999,29.77,13.4,23.37,36.77,30.3,33.75
746948,2024-06-12,2024,608701,R,650911,L,field_out,False,False,53.0,0.34,15.0,28.3,4.0,7.55,0.883,0.128,33.68,15.92,19.4,35.32,23.33,22.06,146.0,0.308,22.0,15.07,23.0,15.75,0.8280000000000001,0.092,21.59,8.39,20.38,28.77,17.59,13.66,235.0,0.282,47.0,20.0,19.0,8.09,0.71,0.08800000000000002,22.95,11.09,17.08,28.17,31.96,18.58,316.0,0.26,69.0,21.84,11.0,3.48,0.7649999999999999,0.2129999999999999,25.65,12.57,18.31,30.88,35.87,20.66
746948,2024-06-12,2024,641933,R,650911,L,single,False,False,55.0,0.31,18.0,32.73,13.0,23.64,1.092,0.309,28.74,9.77,19.14,28.91,17.6,24.32,79.0,0.227,14.0,17.72,13.0,16.46,0.7929999999999999,0.212,23.91,10.58,16.03,26.6,24.28,14.14,235.0,0.282,47.0,20.0,19.0,8.09,0.71,0.08800000000000002,22.95,11.09,17.08,28.17,31.96,18.58,316.0,0.26,69.0,21.84,11.0,3.48,0.7649999999999999,0.2129999999999999,25.65,12.57,18.31,30.88,35.87,20.66
746948,2024-06-12,2024,621311,L,601713,R,field_out,False,False,10.0,0.4,2.0,20.0,0.0,0.0,1.5,0.7000000000000001,21.74,13.16,7.89,21.05,40.0,16.67,9.0,0.111,2.0,22.22,0.0,0.0,0.555,0.333,25.0,12.9,16.13,29.03,33.33,33.33,75.0,0.186,21.0,28.0,5.0,6.67,0.611,0.185,28.67,13.83,15.76,29.58,24.65,20.59,242.0,0.225,77.0,31.82,18.0,7.44,0.7969999999999999,0.284,27.81,13.61,17.42,31.03,33.87,23.33
746948,2024-06-12,2024,665561,L,601713,R,field_out,False,False,,,,,,,,,,,,,,,,,,,,,,,,,,,,,75.0,0.186,21.0,28.0,5.0,6.67,0.611,0.185,28.67,13.83,15.76,29.58,24.65,20.59,242.0,0.225,77.0,31.82,18.0,7.44,0.7969999999999999,0.284,27.81,13.61,17.42,31.03,33.87,23.33
746948,2024-06-12,2024,679032,R,601713,R,single,False,False,137.0,0.236,18.0,13.14,6.0,4.38,0.591,0.07900000000000001,23.81,11.22,19.59,30.82,32.63,12.95,100.0,0.281,23.0,23.0,4.0,4.0,0.76,0.1459999999999999,25.82,13.95,16.32,30.27,40.0,25.27,89.0,0.212,30.0,33.71,4.0,4.49,0.671,0.212,31.67,16.86,16.27,33.14,33.55,26.55,346.0,0.197,106.0,30.64,32.0,9.25,0.6060000000000001,0.129,30.92,15.06,15.42,30.48,32.51,24.88
746948,2024-06-12,2024,656941,L,601713,R,walk,False,True,173.0,0.18,52.0,30.06,28.0,16.18,0.6859999999999999,0.194,33.44,13.85,15.24,29.09,22.84,24.06,469.0,0.201,128.0,27.29,85.0,18.12,0.848,0.296,31.18,11.75,19.66,31.41,21.53,23.1,75.0,0.186,21.0,28.0,5.0,6.67,0.611,0.185,28.67,13.83,15.76,29.58,24.65,20.59,242.0,0.225,77.0,31.82,18.0,7.44,0.7969999999999999,0.284,27.81,13.61,17.42,31.03,33.87,23.33
746948,2024-06-12,2024,592206,R,601713,R,field_out,False,False,193.0,0.194,38.0,19.69,15.0,7.77,0.5549999999999999,0.09699999999999998,31.7,18.33,10.43,28.76,38.37,18.63,485.0,0.252,140.0,28.87,25.0,5.15,0.733,0.192,37.06,20.57,11.78,32.36,40.41,25.27,89.0,0.212,30.0,33.71,4.0,4.49,0.671,0.212,31.67,16.86,16.27,33.14,33.55,26.55,346.0,0.197,106.0,30.64,32.0,9.25,0.6060000000000001,0.129,30.92,15.06,15.42,30.48,32.51,24.88
746948,2024-06-12,2024,646240,L,650911,L,single,False,False,78.0,0.257,26.0,33.33,6.0,7.69,0.704,0.11399999999999999,30.72,16.5,13.27,29.77,31.21,24.76,188.0,0.273,37.0,19.68,11.0,5.85,0.823,0.2149999999999999,27.74,14.71,11.61,26.32,30.93,15.19,46.0,0.163,12.0,26.09,2.0,4.35,0.363,0.0,24.73,12.99,18.08,31.07,42.17,20.69,80.0,0.133,27.0,33.75,5.0,6.25,0.401,0.0799999999999999,29.77,13.4,23.37,36.77,30.3,33.75
746948,2024-06-12,2024,657136,R,650911,L,field_out,False,False,64.0,0.364,13.0,20.31,8.0,12.5,0.9259999999999999,0.10899999999999999,24.64,13.03,11.88,24.9,28.8,15.12,108.0,0.156,40.0,37.04,9.0,8.33,0.501,0.104,32.9,17.27,14.32,31.59,33.33,27.86,235.0,0.282,47.0,20.0,19.0,8.09,0.71,0.08800000000000002,22.95,11.09,17.08,28.17,31.96,18.58,316.0,0.26,69.0,21.84,11.0,3.48,0.7649999999999999,0.2129999999999999,25.65,12.57,18.31,30.88,35.87,20.66
746948,2024-06-12,2024,642197,R,650911,L,double_play,False,False,11.0,0.143,3.0,27.27,2.0,18.18,0.971,0.42799999999999994,25.0,6.52,23.91,30.43,14.81,33.33,,,,,,,,,,,,,,,235.0,0.282,47.0,20.0,19.0,8.09,0.71,0.08800000000000002,22.95,11.09,17.08,28.17,31.96,18.58,316.0,0.26,69.0,21.84,11.0,3.48,0.7649999999999999,0.2129999999999999,25.65,12.57,18.31,30.88,35.87,20.66
746948,2024-06-12,2024,547180,L,601713,R,walk,False,True,158.0,0.273,30.0,18.99,25.0,15.82,0.924,0.265,29.43,14.36,9.46,23.82,33.33,18.4,375.0,0.295,80.0,21.33,60.0,16.0,0.907,0.199,31.39,15.65,8.66,24.31,32.27,20.0,75.0,0.186,21.0,28.0,5.0,6.67,0.611,0.185,28.67,13.83,15.76,29.58,24.65,20.59,242.0,0.225,77.0,31.82,18.0,7.44,0.7969999999999999,0.284,27.81,13.61,17.42,31.03,33.87,23.33
746948,2024-06-12,2024,664761,R,601713,R,force_out,False,False,183.0,0.307,27.0,14.75,14.0,7.65,0.857,0.184,18.36,8.56,15.44,24.01,24.35,15.95,445.0,0.263,68.0,15.28,34.0,7.64,0.7010000000000001,0.1139999999999999,17.17,8.27,16.06,24.33,28.14,13.48,89.0,0.212,30.0,33.71,4.0,4.49,0.671,0.212,31.67,16.86,16.27,33.14,33.55,26.55,346.0,0.197,106.0,30.64,32.0,9.25,0.6060000000000001,0.129,30.92,15.06,15.42,30.48,32.51,24.88
746948,2024-06-12,2024,681082,L,601713,R,walk,False,True,168.0,0.248,21.0,12.5,20.0,11.9,0.7430000000000001,0.15600000000000003,16.33,6.99,21.83,28.82,26.89,10.82,474.0,0.28,76.0,16.03,26.0,5.49,0.753,0.1509999999999999,14.49,6.52,22.08,28.6,28.42,11.93,75.0,0.186,21.0,28.0,5.0,6.67,0.611,0.185,28.67,13.83,15.76,29.58,24.65,20.59,242.0,0.225,77.0,31.82,18.0,7.44,0.7969999999999999,0.284,27.81,13.61,17.42,31.03,33.87,23.33
746948,2024-06-12,2024,593160,R,601713,R,single,False,False,67.0,0.14,9.0,13.43,9.0,13.43,0.433,0.034999999999999976,17.09,7.84,16.08,23.92,28.47,13.85,446.0,0.277,80.0,17.94,27.0,6.05,0.7030000000000001,0.1019999999999999,20.17,10.18,16.71,26.89,32.97,15.33,89.0,0.212,30.0,33.71,4.0,4.49,0.671,0.212,31.67,16.86,16.27,33.14,33.55,26.55,346.0,0.197,106.0,30.64,32.0,9.25,0.6060000000000001,0.129,30.92,15.06,15.42,30.48,32.51,24.88
746948,2024-06-12,2024,621311,L,601713,R,double,False,False,10.0,0.4,2.0,20.0,0.0,0.0,1.5,0.7000000000000001,21.74,13.16,7.89,21.05,40.0,16.67,9.0,0.111,2.0,22.22,0.0,0.0,0.555,0.333,25.0,12.9,16.13,29.03,33.33,33.33,75.0,0.186,21.0,28.0,5.0,6.67,0.611,0.185,28.67,13.83,15.76,29.58,24.65,20.59,242.0,0.225,77.0,31.82,18.0,7.44,0.7969999999999999,0.284,27.81,13.61,17.42,31.03,33.87,23.33
746948,2024-06-12,2024,665561,L,601713,R,strikeout,True,False,,,,,,,,,,,,,,,,,,,,,,,,,,,,,75.0,0.186,21.0,28.0,5.0,6.67,0.611,0.185,28.67,13.83,15.76,29.58,24.65,20.59,242.0,0.225,77.0,31.82,18.0,7.44,0.7969999999999999,0.284,27.81,13.61,17.42,31.03,33.87,23.33
746948,2024-06-12,2024,679032,R,601713,R,field_out,False,False,137.0,0.236,18.0,13.14,6.0,4.38,0.591,0.07900000000000001,23.81,11.22,19.59,30.82,32.63,12.95,100.0,0.281,23.0,23.0,4.0,4.0,0.76,0.1459999999999999,25.82,13.95,16.32,30.27,40.0,25.27,89.0,0.212,30.0,33.71,4.0,4.49,0.671,0.212,31.67,16.86,16.27,33.14,33.55,26.55,346.0,0.197,106.0,30.64,32.0,9.25,0.6060000000000001,0.129,30.92,15.06,15.42,30.48,32.51,24.88
746948,2024-06-12,2024,666915,R,650911,L,strikeout,True,False,29.0,0.115,15.0,51.72,3.0,10.34,0.322,0.0,46.67,21.54,19.23,40.77,21.54,32.61,22.0,0.35,11.0,50.0,2.0,9.09,0.859,0.1,50.0,23.16,18.95,42.11,28.85,39.29,235.0,0.282,47.0,20.0,19.0,8.09,0.71,0.08800000000000002,22.95,11.09,17.08,28.17,31.96,18.58,316.0,0.26,69.0,21.84,11.0,3.48,0.7649999999999999,0.2129999999999999,25.65,12.57,18.31,30.88,35.87,20.66
746948,2024-06-12,2024,666152,L,650911,L,field_out,False,False,18.0,0.294,4.0,22.22,1.0,5.56,0.6859999999999999,0.059,22.22,9.84,18.03,27.87,17.86,23.53,3.0,0.333,0.0,0.0,0.0,0.0,0.666,0.0,25.0,16.67,16.67,33.33,50.0,,46.0,0.163,12.0,26.09,2.0,4.35,0.363,0.0,24.73,12.99,18.08,31.07,42.17,20.69,80.0,0.133,27.0,33.75,5.0,6.25,0.401,0.0799999999999999,29.77,13.4,23.37,36.77,30.3,33.75
746948,2024-06-12,2024,678882,R,650911,L,walk,False,True,59.0,0.2,19.0,32.2,3.0,5.08,0.605,0.16399999999999998,35.54,19.72,15.14,34.86,42.48,27.94,27.0,0.192,8.0,29.63,1.0,3.7,0.645,0.2309999999999999,36.36,19.23,14.42,33.65,30.0,24.24,235.0,0.282,47.0,20.0,19.0,8.09,0.71,0.08800000000000002,22.95,11.09,17.08,28.17,31.96,18.58,316.0,0.26,69.0,21.84,11.0,3.48,0.7649999999999999,0.2129999999999999,25.65,12.57,18.31,30.88,35.87,20.66
746948,2024-06-12,2024,680776,L,650911,L,single,False,False,89.0,0.211,22.0,24.72,9.0,10.11,0.544,0.025999999999999995,25.48,10.99,20.05,31.04,29.57,20.18,49.0,0.289,15.0,30.61,3.0,6.12,0.749,0.133,24.44,10.73,20.0,30.73,27.27,25.86,46.0,0.163,12.0,26.09,2.0,4.35,0.363,0.0,24.73,12.99,18.08,31.07,42.17,20.69,80.0,0.133,27.0,33.75,5.0,6.25,0.401,0.0799999999999999,29.77,13.4,23.37,36.77,30.3,33.75
746948,2024-06-12,2024,608701,R,650911,L,strikeout,True,False,53.0,0.34,15.0,28.3,4.0,7.55,0.883,0.128,33.68,15.92,19.4,35.32,23.33,22.06,146.0,0.308,22.0,15.07,23.0,15.75,0.8280000000000001,0.092,21.59,8.39,20.38,28.77,17.59,13.66,235.0,0.282,47.0,20.0,19.0,8.09,0.71,0.08800000000000002,22.95,11.09,17.08,28.17,31.96,18.58,316.0,0.26,69.0,21.84,11.0,3.48,0.7649999999999999,0.2129999999999999,25.65,12.57,18.31,30.88,35.87,20.66
746948,2024-06-12,2024,656941,L,601713,R,field_out,False,False,173.0,0.18,52.0,30.06,28.0,16.18,0.6859999999999999,0.194,33.44,13.85,15.24,29.09,22.84,24.06,469.0,0.201,128.0,27.29,85.0,18.12,0.848,0.296,31.18,11.75,19.66,31.41,21.53,23.1,75.0,0.186,21.0,28.0,5.0,6.67,0.611,0.185,28.67,13.83,15.76,29.58,24.65,20.59,242.0,0.225,77.0,31.82,18.0,7.44,0.7969999999999999,0.284,27.81,13.61,17.42,31.03,33.87,23.33
746948,2024-06-12,2024,592206,R,601713,R,triple,False,False,193.0,0.194,38.0,19.69,15.0,7.77,0.5549999999999999,0.09699999999999998,31.7,18.33,10.43,28.76,38.37,18.63,485.0,0.252,140.0,28.87,25.0,5.15,0.733,0.192,37.06,20.57,11.78,32.36,40.41,25.27,89.0,0.212,30.0,33.71,4.0,4.49,0.671,0.212,31.67,16.86,16.27,33.14,33.55,26.55,346.0,0.197,106.0,30.64,32.0,9.25,0.6060000000000001,0.129,30.92,15.06,15.42,30.48,32.51,24.88
746948,2024-06-12,2024,547180,L,601713,R,strikeout,True,False,158.0,0.273,30.0,18.99,25.0,15.82,0.924,0.265,29.43,14.36,9.46,23.82,33.33,18.4,375.0,0.295,80.0,21.33,60.0,16.0,0.907,0.199,31.39,15.65,8.66,24.31,32.27,20.0,75.0,0.186,21.0,28.0,5.0,6.67,0.611,0.185,28.67,13.83,15.76,29.58,24.65,20.59,242.0,0.225,77.0,31.82,18.0,7.44,0.7969999999999999,0.284,27.81,13.61,17.42,31.03,33.87,23.33
746948,2024-06-12,2024,664761,R,601713,R,strikeout,True,False,183.0,0.307,27.0,14.75,14.0,7.65,0.857,0.184,18.36,8.56,15.44,24.01,24.35,15.95,445.0,0.263,68.0,15.28,34.0,7.64,0.7010000000000001,0.1139999999999999,17.17,8.27,16.06,24.33,28.14,13.48,89.0,0.212,30.0,33.71,4.0,4.49,0.671,0.212,31.67,16.86,16.27,33.14,33.55,26.55,346.0,0.197,106.0,30.64,32.0,9.25,0.6060000000000001,0.129,30.92,15.06,15.42,30.48,32.51,24.88
746948,2024-06-12,2024,641933,R,650911,L,field_out,False,False,55.0,0.31,18.0,32.73,13.0,23.64,1.092,0.309,28.74,9.77,19.14,28.91,17.6,24.32,79.0,0.227,14.0,17.72,13.0,16.46,0.7929999999999999,0.212,23.91,10.58,16.03,26.6,24.28,14.14,235.0,0.282,47.0,20.0,19.0,8.09,0.71,0.08800000000000002,22.95,11.09,17.08,28.17,31.96,18.58,316.0,0.26,69.0,21.84,11.0,3.48,0.7649999999999999,0.2129999999999999,25.65,12.57,18.31,30.88,35.87,20.66
746948,2024-06-12,2024,646240,L,650911,L,triple,False,False,78.0,0.257,26.0,33.33,6.0,7.69,0.704,0.11399999999999999,30.72,16.5,13.27,29.77,31.21,24.76,188.0,0.273,37.0,19.68,11.0,5.85,0.823,0.2149999999999999,27.74,14.71,11.61,26.32,30.93,15.19,46.0,0.163,12.0,26.09,2.0,4.35,0.363,0.0,24.73,12.99,18.08,31.07,42.17,20.69,80.0,0.133,27.0,33.75,5.0,6.25,0.401,0.0799999999999999,29.77,13.4,23.37,36.77,30.3,33.75
746948,2024-06-12,2024,657136,R,650911,L,walk,False,True,64.0,0.364,13.0,20.31,8.0,12.5,0.9259999999999999,0.10899999999999999,24.64,13.03,11.88,24.9,28.8,15.12,108.0,0.156,40.0,37.04,9.0,8.33,0.501,0.104,32.9,17.27,14.32,31.59,33.33,27.86,235.0,0.282,47.0,20.0,19.0,8.09,0.71,0.08800000000000002,22.95,11.09,17.08,28.17,31.96,18.58,316.0,0.26,69.0,21.84,11.0,3.48,0.7649999999999999,0.2129999999999999,25.65,12.57,18.31,30.88,35.87,20.66
746948,2024-06-12,2024,642197,R,650911,L,sac_fly,False,False,11.0,0.143,3.0,27.27,2.0,18.18,0.971,0.42799999999999994,25.0,6.52,23.91,30.43,14.81,33.33,,,,,,,,,,,,,,,235.0,0.282,47.0,20.0,19.0,8.09,0.71,0.08800000000000002,22.95,11.09,17.08,28.17,31.96,18.58,316.0,0.26,69.0,21.84,11.0,3.48,0.7649999999999999,0.2129999999999999,25.65,12.57,18.31,30.88,35.87,20.66
746948,2024-06-12,2024,666915,R,650911,L,force_out,False,False,29.0,0.115,15.0,51.72,3.0,10.34,0.322,0.0,46.67,21.54,19.23,40.77,21.54,32.61,22.0,0.35,11.0,50.0,2.0,9.09,0.859,0.1,50.0,23.16,18.95,42.11,28.85,39.29,235.0,0.282,47.0,20.0,19.0,8.09,0.71,0.08800000000000002,22.95,11.09,17.08,28.17,31.96,18.58,316.0,0.26,69.0,21.84,11.0,3.48,0.7649999999999999,0.2129999999999999,25.65,12.57,18.31,30.88,35.87,20.66
746948,2024-06-12,2024,681082,L,592155,L,strikeout,True,False,67.0,0.246,12.0,17.91,9.0,13.43,0.6739999999999999,0.07,16.16,5.95,24.54,30.48,17.07,16.0,167.0,0.282,24.0,14.37,13.0,7.78,0.73,0.101,17.59,7.8,22.11,29.91,32.56,10.39,38.0,0.27,10.0,26.32,1.0,2.63,0.667,0.10799999999999998,23.94,12.23,19.42,31.65,35.38,23.81,,,,,,,,,,,,,,
746948,2024-06-12,2024,593160,R,592155,L,field_out,False,False,59.0,0.214,4.0,6.78,2.0,3.39,0.6519999999999999,0.19699999999999998,17.12,9.09,16.75,25.84,29.79,5.97,147.0,0.259,21.0,14.29,9.0,6.12,0.692,0.134,17.44,9.06,13.12,22.18,31.02,14.19,63.0,0.224,20.0,31.75,4.0,6.35,0.667,0.17300000000000001,33.08,18.86,14.91,33.77,43.27,32.26,,,,,,,,,,,,,,
746948,2024-06-12,2024,621311,L,592155,L,field_out,False,False,,,,,,,,,,,,,,,,,,,,,,,,,,,,,38.0,0.27,10.0,26.32,1.0,2.63,0.667,0.10799999999999998,23.94,12.23,19.42,31.65,35.38,23.81,,,,,,,,,,,,,,
746948,2024-06-12,2024,666152,L,650911,L,single,False,False,18.0,0.294,4.0,22.22,1.0,5.56,0.6859999999999999,0.059,22.22,9.84,18.03,27.87,17.86,23.53,3.0,0.333,0.0,0.0,0.0,0.0,0.666,0.0,25.0,16.67,16.67,33.33,50.0,,46.0,0.163,12.0,26.09,2.0,4.35,0.363,0.0,24.73,12.99,18.08,31.07,42.17,20.69,80.0,0.133,27.0,33.75,5.0,6.25,0.401,0.0799999999999999,29.77,13.4,23.37,36.77,30.3,33.75
746948,2024-06-12,2024,678882,R,650911,L,single,False,False,59.0,0.2,19.0,32.2,3.0,5.08,0.605,0.16399999999999998,35.54,19.72,15.14,34.86,42.48,27.94,27.0,0.192,8.0,29.63,1.0,3.7,0.645,0.2309999999999999,36.36,19.23,14.42,33.65,30.0,24.24,235.0,0.282,47.0,20.0,19.0,8.09,0.71,0.08800000000000002,22.95,11.09,17.08,28.17,31.96,18.58,316.0,0.26,69.0,21.84,11.0,3.48,0.7649999999999999,0.2129999999999999,25.65,12.57,18.31,30.88,35.87,20.66
746948,2024-06-12,2024,680776,L,650911,L,single,False,False,89.0,0.211,22.0,24.72,9.0,10.11,0.544,0.025999999999999995,25.48,10.99,20.05,31.04,29.57,20.18,49.0,0.289,15.0,30.61,3.0,6.12,0.749,0.133,24.44,10.73,20.0,30.73,27.27,25.86,46.0,0.163,12.0,26.09,2.0,4.35,0.363,0.0,24.73,12.99,18.08,31.07,42.17,20.69,80.0,0.133,27.0,33.75,5.0,6.25,0.401,0.0799999999999999,29.77,13.4,23.37,36.77,30.3,33.75
746948,2024-06-12,2024,608701,R,614179,R,single,False,False,81.0,0.319,16.0,19.75,6.0,7.41,0.875,0.181,19.73,9.45,17.26,26.71,23.61,15.53,98.0,0.159,25.0,25.51,10.0,10.2,0.466,0.036,25.0,10.43,19.91,30.33,20.39,18.38,36.0,0.194,7.0,19.44,3.0,8.33,0.5680000000000001,0.09599999999999997,30.14,15.49,16.9,32.39,36.92,14.29,119.0,0.276,26.0,21.85,10.0,8.4,0.8280000000000001,0.191,31.2,14.75,13.94,28.69,29.14,16.03
746948,2024-06-12,2024,641933,R,614179,R,sac_fly,False,False,126.0,0.228,42.0,33.33,10.0,7.94,0.758,0.228,34.89,15.71,17.62,33.33,26.77,25.93,187.0,0.233,53.0,28.34,15.0,8.02,0.6839999999999999,0.157,29.39,13.29,17.12,30.41,25.99,26.5,36.0,0.194,7.0,19.44,3.0,8.33,0.5680000000000001,0.09599999999999997,30.14,15.49,16.9,32.39,36.92,14.29,119.0,0.276,26.0,21.85,10.0,8.4,0.8280000000000001,0.191,31.2,14.75,13.94,28.69,29.14,16.03
746948,2024-06-12,2024,646240,L,614179,R,strikeout,True,False,158.0,0.289,31.0,19.62,22.0,13.92,1.0230000000000001,0.34800000000000003,23.84,11.25,12.97,24.22,31.04,16.4,469.0,0.27,89.0,18.98,51.0,10.87,0.863,0.235,25.44,13.04,9.74,22.78,33.05,15.06,24.0,0.273,7.0,29.17,2.0,8.33,0.651,0.044999999999999984,35.0,20.19,6.73,26.92,43.55,19.44,88.0,0.315,13.0,14.77,11.0,12.5,1.012,0.288,26.76,11.52,14.24,25.76,25.7,20.0
746948,2024-06-12,2024,657136,R,614179,R,single,False,False,126.0,0.313,23.0,18.25,2.0,1.59,0.7949999999999999,0.13,26.2,14.08,14.79,28.87,32.14,19.66,296.0,0.262,94.0,31.76,13.0,4.39,0.734,0.1669999999999999,32.08,16.95,15.14,32.09,35.28,27.01,36.0,0.194,7.0,19.44,3.0,8.33,0.5680000000000001,0.09599999999999997,30.14,15.49,16.9,32.39,36.92,14.29,119.0,0.276,26.0,21.85,10.0,8.4,0.8280000000000001,0.191,31.2,14.75,13.94,28.69,29.14,16.03
746948,2024-06-12,2024,665839,L,614179,R,double,False,False,106.0,0.214,28.0,26.42,5.0,4.72,0.6739999999999999,0.215,21.84,10.61,18.16,28.77,30.41,19.01,133.0,0.28,32.0,24.06,7.0,5.26,0.806,0.2079999999999999,23.05,10.04,20.07,30.11,28.72,21.48,24.0,0.273,7.0,29.17,2.0,8.33,0.651,0.044999999999999984,35.0,20.19,6.73,26.92,43.55,19.44,88.0,0.315,13.0,14.77,11.0,12.5,1.012,0.288,26.76,11.52,14.24,25.76,25.7,20.0
746948,2024-06-12,2024,665561,L,677161,R,field_out,False,False,,,,,,,,,,,,,,,,,,,,,,,,,,,,,39.0,0.194,8.0,20.51,8.0,20.51,0.649,0.09599999999999997,25.93,11.93,14.77,26.7,27.47,13.79,24.0,0.222,4.0,16.67,6.0,25.0,0.806,0.167,27.45,11.76,15.13,26.89,26.76,10.0
746948,2024-06-12,2024,679032,R,677161,R,strikeout,True,False,137.0,0.236,18.0,13.14,6.0,4.38,0.591,0.07900000000000001,23.81,11.22,19.59,30.82,32.63,12.95,100.0,0.281,23.0,23.0,4.0,4.0,0.76,0.1459999999999999,25.82,13.95,16.32,30.27,40.0,25.27,45.0,0.125,11.0,24.44,4.0,8.89,0.447,0.1,27.4,11.49,22.99,34.48,25.0,19.64,19.0,0.214,2.0,10.53,2.0,10.53,0.746,0.143,13.04,4.84,20.97,25.81,24.24,16.67
746948,2024-06-12,2024,656941,L,677161,R,strikeout,True,False,173.0,0.18,52.0,30.06,28.0,16.18,0.6859999999999999,0.194,33.44,13.85,15.24,29.09,22.84,24.06,469.0,0.201,128.0,27.29,85.0,18.12,0.848,0.296,31.18,11.75,19.66,31.41,21.53,23.1,39.0,0.194,8.0,20.51,8.0,20.51,0.649,0.09599999999999997,25.93,11.93,14.77,26.7,27.47,13.79,24.0,0.222,4.0,16.67,6.0,25.0,0.806,0.167,27.45,11.76,15.13,26.89,26.76,10.0
746948,2024-06-12,2024,666915,R,605513,R,walk,False,True,47.0,0.167,21.0,44.68,3.0,6.38,0.5249999999999999,0.11899999999999997,44.21,21.11,19.1,40.2,29.55,26.92,31.0,0.103,17.0,54.84,2.0,6.45,0.368,0.104,45.45,22.22,17.78,40.0,36.11,38.64,98.0,0.222,28.0,28.57,7.0,7.14,0.6299999999999999,0.12199999999999997,28.33,12.17,18.62,30.79,26.67,19.86,66.0,0.259,12.0,18.18,9.0,13.64,0.764,0.1109999999999999,28.45,13.31,18.55,31.85,29.17,15.38
746948,2024-06-12,2024,666152,L,605513,R,home_run,False,False,113.0,0.288,29.0,25.66,8.0,7.08,0.8069999999999999,0.17400000000000004,27.17,11.34,21.32,32.65,20.0,22.31,36.0,0.1,10.0,27.78,6.0,16.67,0.417,0.067,20.0,8.44,23.38,31.82,26.39,15.38,81.0,0.149,21.0,25.93,5.0,6.17,0.492,0.12100000000000002,21.38,9.14,17.11,26.25,24.02,18.92,79.0,0.315,12.0,15.19,6.0,7.59,0.942,0.2599999999999999,16.3,7.14,17.21,24.35,28.93,17.14
746948,2024-06-12,2024,678882,R,605513,R,field_out,False,False,184.0,0.213,49.0,26.63,5.0,2.72,0.591,0.143,33.66,21.02,11.28,32.3,46.47,23.11,62.0,0.263,20.0,32.26,3.0,4.84,0.6739999999999999,0.1049999999999999,27.08,15.6,11.2,26.8,42.11,22.22,98.0,0.222,28.0,28.57,7.0,7.14,0.6299999999999999,0.12199999999999997,28.33,12.17,18.62,30.79,26.67,19.86,66.0,0.259,12.0,18.18,9.0,13.64,0.764,0.1109999999999999,28.45,13.31,18.55,31.85,29.17,15.38
746948,2024-06-12,2024,680776,L,605513,R,double,False,False,217.0,0.283,45.0,20.74,17.0,7.83,0.8760000000000001,0.25200000000000006,23.82,11.35,15.01,26.36,27.79,18.75,314.0,0.296,75.0,23.89,21.0,6.69,0.84,0.195,24.68,12.92,13.75,26.67,30.3,19.02,81.0,0.149,21.0,25.93,5.0,6.17,0.492,0.12100000000000002,21.38,9.14,17.11,26.25,24.02,18.92,79.0,0.315,12.0,15.19,6.0,7.59,0.942,0.2599999999999999,16.3,7.14,17.21,24.35,28.93,17.14
746948,2024-06-12,2024,608701,R,605513,R,double_play,False,False,81.0,0.319,16.0,19.75,6.0,7.41,0.875,0.181,19.73,9.45,17.26,26.71,23.61,15.53,98.0,0.159,25.0,25.51,10.0,10.2,0.466,0.036,25.0,10.43,19.91,30.33,20.39,18.38,98.0,0.222,28.0,28.57,7.0,7.14,0.6299999999999999,0.12199999999999997,28.33,12.17,18.62,30.79,26.67,19.86,66.0,0.259,12.0,18.18,9.0,13.64,0.764,0.1109999999999999,28.45,13.31,18.55,31.85,29.17,15.38
746948,2024-06-12,2024,592206,R,677161,R,walk,False,True,193.0,0.194,38.0,19.69,15.0,7.77,0.5549999999999999,0.09699999999999998,31.7,18.33,10.43,28.76,38.37,18.63,485.0,0.252,140.0,28.87,25.0,5.15,0.733,0.192,37.06,20.57,11.78,32.36,40.41,25.27,45.0,0.125,11.0,24.44,4.0,8.89,0.447,0.1,27.4,11.49,22.99,34.48,25.0,19.64,19.0,0.214,2.0,10.53,2.0,10.53,0.746,0.143,13.04,4.84,20.97,25.81,24.24,16.67
746948,2024-06-12,2024,547180,L,657514,L,field_out,False,False,109.0,0.286,31.0,28.44,17.0,15.6,0.91,0.23000000000000004,33.04,16.41,11.09,27.49,32.93,23.66,171.0,0.289,39.0,22.81,20.0,11.7,0.884,0.221,38.61,20.03,9.85,29.89,35.59,22.41,52.0,0.13,16.0,30.77,3.0,5.77,0.396,0.066,23.38,9.09,27.27,36.36,15.0,26.23,84.0,0.169,23.0,27.38,3.0,3.57,0.4589999999999999,0.0519999999999999,24.82,10.84,23.53,34.37,22.79,26.74
746948,2024-06-12,2024,664761,R,657514,L,field_out,False,False,91.0,0.259,10.0,10.99,6.0,6.59,0.72,0.15299999999999997,11.46,5.54,15.08,20.62,25.31,11.24,167.0,0.303,26.0,15.57,8.0,4.79,0.929,0.291,20.3,10.86,12.97,23.82,35.24,14.21,51.0,0.2,11.0,21.57,9.0,17.65,0.603,0.04999999999999999,19.15,8.7,15.94,24.64,24.21,16.67,132.0,0.304,35.0,26.52,15.0,11.36,0.872,0.174,24.64,9.56,20.22,29.78,16.48,23.33
746948,2024-06-12,2024,681082,L,657514,L,double,False,False,67.0,0.246,12.0,17.91,9.0,13.43,0.6739999999999999,0.07,16.16,5.95,24.54,30.48,17.07,16.0,167.0,0.282,24.0,14.37,13.0,7.78,0.73,0.101,17.59,7.8,22.11,29.91,32.56,10.39,52.0,0.13,16.0,30.77,3.0,5.77,0.396,0.066,23.38,9.09,27.27,36.36,15.0,26.23,84.0,0.169,23.0,27.38,3.0,3.57,0.4589999999999999,0.0519999999999999,24.82,10.84,23.53,34.37,22.79,26.74
746948,2024-06-12,2024,593160,R,657514,L,walk,False,True,59.0,0.214,4.0,6.78,2.0,3.39,0.6519999999999999,0.19699999999999998,17.12,9.09,16.75,25.84,29.79,5.97,147.0,0.259,21.0,14.29,9.0,6.12,0.692,0.134,17.44,9.06,13.12,22.18,31.02,14.19,51.0,0.2,11.0,21.57,9.0,17.65,0.603,0.04999999999999999,19.15,8.7,15.94,24.64,24.21,16.67,132.0,0.304,35.0,26.52,15.0,11.36,0.872,0.174,24.64,9.56,20.22,29.78,16.48,23.33
746948,2024-06-12,2024,621311,L,657514,L,field_out,False,False,,,,,,,,,,,,,,,,,,,,,,,,,,,,,52.0,0.13,16.0,30.77,3.0,5.77,0.396,0.066,23.38,9.09,27.27,36.36,15.0,26.23,84.0,0.169,23.0,27.38,3.0,3.57,0.4589999999999999,0.0519999999999999,24.82,10.84,23.53,34.37,22.79,26.74
746948,2024-06-12,2024,641933,R,605513,R,walk,False,True,126.0,0.228,42.0,33.33,10.0,7.94,0.758,0.228,34.89,15.71,17.62,33.33,26.77,25.93,187.0,0.233,53.0,28.34,15.0,8.02,0.6839999999999999,0.157,29.39,13.29,17.12,30.41,25.99,26.5,98.0,0.222,28.0,28.57,7.0,7.14,0.6299999999999999,0.12199999999999997,28.33,12.17,18.62,30.79,26.67,19.86,66.0,0.259,12.0,18.18,9.0,13.64,0.764,0.1109999999999999,28.45,13.31,18.55,31.85,29.17,15.38
746948,2024-06-12,2024,646240,L,605513,R,walk,False,True,158.0,0.289,31.0,19.62,22.0,13.92,1.0230000000000001,0.34800000000000003,23.84,11.25,12.97,24.22,31.04,16.4,469.0,0.27,89.0,18.98,51.0,10.87,0.863,0.235,25.44,13.04,9.74,22.78,33.05,15.06,81.0,0.149,21.0,25.93,5.0,6.17,0.492,0.12100000000000002,21.38,9.14,17.11,26.25,24.02,18.92,79.0,0.315,12.0,15.19,6.0,7.59,0.942,0.2599999999999999,16.3,7.14,17.21,24.35,28.93,17.14
746948,2024-06-12,2024,657136,R,605513,R,strikeout,True,False,126.0,0.313,23.0,18.25,2.0,1.59,0.7949999999999999,0.13,26.2,14.08,14.79,28.87,32.14,19.66,296.0,0.262,94.0,31.76,13.0,4.39,0.734,0.1669999999999999,32.08,16.95,15.14,32.09,35.28,27.01,98.0,0.222,28.0,28.57,7.0,7.14,0.6299999999999999,0.12199999999999997,28.33,12.17,18.62,30.79,26.67,19.86,66.0,0.259,12.0,18.18,9.0,13.64,0.764,0.1109999999999999,28.45,13.31,18.55,31.85,29.17,15.38
746948,2024-06-12,2024,665839,L,605513,R,walk,False,True,106.0,0.214,28.0,26.42,5.0,4.72,0.6739999999999999,0.215,21.84,10.61,18.16,28.77,30.41,19.01,133.0,0.28,32.0,24.06,7.0,5.26,0.806,0.2079999999999999,23.05,10.04,20.07,30.11,28.72,21.48,81.0,0.149,21.0,25.93,5.0,6.17,0.492,0.12100000000000002,21.38,9.14,17.11,26.25,24.02,18.92,79.0,0.315,12.0,15.19,6.0,7.59,0.942,0.2599999999999999,16.3,7.14,17.21,24.35,28.93,17.14
746948,2024-06-12,2024,666915,R,622554,R,field_out,False,False,47.0,0.167,21.0,44.68,3.0,6.38,0.5249999999999999,0.11899999999999997,44.21,21.11,19.1,40.2,29.55,26.92,31.0,0.103,17.0,54.84,2.0,6.45,0.368,0.104,45.45,22.22,17.78,40.0,36.11,38.64,60.0,0.25,14.0,23.33,4.0,6.67,0.746,0.196,26.5,12.06,16.73,28.79,26.19,15.73,146.0,0.219,38.0,26.03,16.0,10.96,0.643,0.109,32.43,16.61,10.55,27.16,28.94,21.11
746948,2024-06-12,2024,666152,L,622554,R,strikeout,True,False,113.0,0.288,29.0,25.66,8.0,7.08,0.8069999999999999,0.17400000000000004,27.17,11.34,21.32,32.65,20.0,22.31,36.0,0.1,10.0,27.78,6.0,16.67,0.417,0.067,20.0,8.44,23.38,31.82,26.39,15.38,36.0,0.194,5.0,13.89,4.0,11.11,0.532,0.032,13.89,6.85,9.59,16.44,25.33,10.64,78.0,0.299,10.0,12.82,6.0,7.69,0.8480000000000001,0.164,18.71,9.25,13.52,22.78,28.47,11.76
746948,2024-06-12,2024,665561,L,686580,R,field_out,False,False,,,,,,,,,,,,,,,,,,,,,,,,,,,,,57.0,0.208,17.0,29.82,4.0,7.02,0.527,0.05600000000000002,30.25,16.07,13.39,29.46,35.71,23.94,,,,,,,,,,,,,,
746948,2024-06-12,2024,679032,R,686580,R,field_out,False,False,137.0,0.236,18.0,13.14,6.0,4.38,0.591,0.07900000000000001,23.81,11.22,19.59,30.82,32.63,12.95,100.0,0.281,23.0,23.0,4.0,4.0,0.76,0.1459999999999999,25.82,13.95,16.32,30.27,40.0,25.27,68.0,0.262,17.0,25.0,0.0,0.0,0.603,0.07600000000000001,29.69,15.9,12.97,28.87,36.43,27.87,,,,,,,,,,,,,,
746948,2024-06-12,2024,656941,L,686580,R,single,False,False,173.0,0.18,52.0,30.06,28.0,16.18,0.6859999999999999,0.194,33.44,13.85,15.24,29.09,22.84,24.06,469.0,0.201,128.0,27.29,85.0,18.12,0.848,0.296,31.18,11.75,19.66,31.41,21.53,23.1,57.0,0.208,17.0,29.82,4.0,7.02,0.527,0.05600000000000002,30.25,16.07,13.39,29.46,35.71,23.94,,,,,,,,,,,,,,
746948,2024-06-12,2024,592206,R,686580,R,field_out,False,False,193.0,0.194,38.0,19.69,15.0,7.77,0.5549999999999999,0.09699999999999998,31.7,18.33,10.43,28.76,38.37,18.63,485.0,0.252,140.0,28.87,25.0,5.15,0.733,0.192,37.06,20.57,11.78,32.36,40.41,25.27,68.0,0.262,17.0,25.0,0.0,0.0,0.603,0.07600000000000001,29.69,15.9,12.97,28.87,36.43,27.87,,,,,,,,,,,,,,
746948,2024-06-12,2024,678882,R,642397,L,single,False,False,59.0,0.2,19.0,32.2,3.0,5.08,0.605,0.16399999999999998,35.54,19.72,15.14,34.86,42.48,27.94,27.0,0.192,8.0,29.63,1.0,3.7,0.645,0.2309999999999999,36.36,19.23,14.42,33.65,30.0,24.24,62.0,0.354,14.0,22.58,11.0,17.74,0.926,0.10400000000000004,32.74,15.16,11.89,27.05,28.1,20.59,162.0,0.255,45.0,27.78,15.0,9.26,0.72,0.138,35.35,17.56,15.35,32.91,29.93,22.5
746948,2024-06-12,2024,680776,L,642397,L,force_out,False,False,89.0,0.211,22.0,24.72,9.0,10.11,0.544,0.025999999999999995,25.48,10.99,20.05,31.04,29.57,20.18,49.0,0.289,15.0,30.61,3.0,6.12,0.749,0.133,24.44,10.73,20.0,30.73,27.27,25.86,28.0,0.269,5.0,17.86,2.0,7.14,0.744,0.15399999999999997,20.0,8.91,19.8,28.71,35.29,16.67,88.0,0.127,20.0,22.73,7.0,7.95,0.433,0.101,31.33,14.03,22.09,36.12,32.03,18.87
746948,2024-06-12,2024,608701,R,642397,L,hit_by_pitch,False,False,53.0,0.34,15.0,28.3,4.0,7.55,0.883,0.128,33.68,15.92,19.4,35.32,23.33,22.06,146.0,0.308,22.0,15.07,23.0,15.75,0.8280000000000001,0.092,21.59,8.39,20.38,28.77,17.59,13.66,62.0,0.354,14.0,22.58,11.0,17.74,0.926,0.10400000000000004,32.74,15.16,11.89,27.05,28.1,20.59,162.0,0.255,45.0,27.78,15.0,9.26,0.72,0.138,35.35,17.56,15.35,32.91,29.93,22.5
746948,2024-06-12,2024,641933,R,642397,L,strikeout,True,False,55.0,0.31,18.0,32.73,13.0,23.64,1.092,0.309,28.74,9.77,19.14,28.91,17.6,24.32,79.0,0.227,14.0,17.72,13.0,16.46,0.7929999999999999,0.212,23.91,10.58,16.03,26.6,24.28,14.14,62.0,0.354,14.0,22.58,11.0,17.74,0.926,0.10400000000000004,32.74,15.16,11.89,27.05,28.1,20.59,162.0,0.255,45.0,27.78,15.0,9.26,0.72,0.138,35.35,17.56,15.35,32.91,29.93,22.5
746948,2024-06-12,2024,646240,L,642397,L,field_out,False,False,78.0,0.257,26.0,33.33,6.0,7.69,0.704,0.11399999999999999,30.72,16.5,13.27,29.77,31.21,24.76,188.0,0.273,37.0,19.68,11.0,5.85,0.823,0.2149999999999999,27.74,14.71,11.61,26.32,30.93,15.19,28.0,0.269,5.0,17.86,2.0,7.14,0.744,0.15399999999999997,20.0,8.91,19.8,28.71,35.29,16.67,88.0,0.127,20.0,22.73,7.0,7.95,0.433,0.101,31.33,14.03,22.09,36.12,32.03,18.87
746948,2024-06-12,2024,547180,L,445276,R,double,False,False,158.0,0.273,30.0,18.99,25.0,15.82,0.924,0.265,29.43,14.36,9.46,23.82,33.33,18.4,375.0,0.295,80.0,21.33,60.0,16.0,0.907,0.199,31.39,15.65,8.66,24.31,32.27,20.0,41.0,0.176,16.0,39.02,4.0,9.76,0.432,0.0,27.16,13.02,17.75,30.77,21.43,21.33,89.0,0.198,25.0,28.09,8.0,8.99,0.616,0.1479999999999999,25.58,12.57,17.71,30.29,30.43,21.55
746948,2024-06-12,2024,664761,R,445276,R,sac_fly,False,False,183.0,0.307,27.0,14.75,14.0,7.65,0.857,0.184,18.36,8.56,15.44,24.01,24.35,15.95,445.0,0.263,68.0,15.28,34.0,7.64,0.7010000000000001,0.1139999999999999,17.17,8.27,16.06,24.33,28.14,13.48,47.0,0.205,13.0,27.66,6.0,12.77,0.601,0.07699999999999999,33.78,14.62,18.13,32.75,20.0,30.23,99.0,0.273,27.0,27.27,9.0,9.09,0.7629999999999999,0.1359999999999999,31.86,17.2,13.76,30.95,32.18,23.68
746948,2024-06-12,2024,681082,L,445276,R,strikeout,True,False,168.0,0.248,21.0,12.5,20.0,11.9,0.7430000000000001,0.15600000000000003,16.33,6.99,21.83,28.82,26.89,10.82,474.0,0.28,76.0,16.03,26.0,5.49,0.753,0.1509999999999999,14.49,6.52,22.08,28.6,28.42,11.93,41.0,0.176,16.0,39.02,4.0,9.76,0.432,0.0,27.16,13.02,17.75,30.77,21.43,21.33,89.0,0.198,25.0,28.09,8.0,8.99,0.616,0.1479999999999999,25.58,12.57,17.71,30.29,30.43,21.55
746948,2024-06-12,2024,593160,R,445276,R,walk,False,True,67.0,0.14,9.0,13.43,9.0,13.43,0.433,0.034999999999999976,17.09,7.84,16.08,23.92,28.47,13.85,446.0,0.277,80.0,17.94,27.0,6.05,0.7030000000000001,0.1019999999999999,20.17,10.18,16.71,26.89,32.97,15.33,47.0,0.205,13.0,27.66,6.0,12.77,0.601,0.07699999999999999,33.78,14.62,18.13,32.75,20.0,30.23,99.0,0.273,27.0,27.27,9.0,9.09,0.7629999999999999,0.1359999999999999,31.86,17.2,13.76,30.95,32.18,23.68
746948,2024-06-12,2024,621311,L,445276,R,field_out,False,False,10.0,0.4,2.0,20.0,0.0,0.0,1.5,0.7000000000000001,21.74,13.16,7.89,21.05,40.0,16.67,9.0,0.111,2.0,22.22,0.0,0.0,0.555,0.333,25.0,12.9,16.13,29.03,33.33,33.33,41.0,0.176,16.0,39.02,4.0,9.76,0.432,0.0,27.16,13.02,17.75,30.77,21.43,21.33,89.0,0.198,25.0,28.09,8.0,8.99,0.616,0.1479999999999999,25.58,12.57,17.71,30.29,30.43,21.55
746701,2024-06-12,2024,680757,L,666157,L,field_out,False,False,52.0,0.426,5.0,9.62,5.0,9.62,1.013,0.10600000000000004,5.88,2.34,20.56,22.9,17.82,9.09,224.0,0.26,23.0,10.27,20.0,8.93,0.667,0.08,13.41,5.5,21.44,26.95,22.3,10.5,39.0,0.229,10.0,25.64,3.0,7.69,0.565,0.027999999999999997,20.0,7.32,24.39,31.71,19.48,16.67,26.0,0.24,9.0,34.62,1.0,3.85,0.7090000000000001,0.2,34.04,15.24,23.81,39.05,44.0,22.5
746701,2024-06-12,2024,671289,R,666157,L,strikeout,True,False,73.0,0.2,12.0,16.44,8.0,10.96,0.7190000000000001,0.2,19.38,8.71,18.47,27.18,26.0,14.12,80.0,0.216,13.0,16.25,4.0,5.0,0.667,0.176,15.28,7.61,17.3,24.91,28.87,15.66,175.0,0.201,46.0,26.29,9.0,5.14,0.603,0.132,30.75,15.05,17.17,32.22,33.02,21.3,140.0,0.361,38.0,27.14,9.0,6.43,1.071,0.278,29.69,13.97,16.73,30.7,30.18,21.71
746701,2024-06-12,2024,608070,R,666157,L,strikeout,True,False,88.0,0.316,10.0,11.36,8.0,9.09,0.957,0.26599999999999996,19.51,9.67,15.41,25.08,33.94,12.5,230.0,0.243,25.0,10.87,19.0,8.26,0.766,0.219,16.06,7.21,15.81,23.02,28.33,12.18,175.0,0.201,46.0,26.29,9.0,5.14,0.603,0.132,30.75,15.05,17.17,32.22,33.02,21.3,140.0,0.361,38.0,27.14,9.0,6.43,1.071,0.278,29.69,13.97,16.73,30.7,30.18,21.71
746701,2024-06-12,2024,670770,L,676440,R,strikeout,True,False,50.0,0.182,9.0,18.0,4.0,8.0,0.6739999999999999,0.22699999999999998,16.67,6.88,19.05,25.93,21.51,18.37,446.0,0.26,70.0,15.7,38.0,8.52,0.785,0.189,18.12,7.73,19.52,27.25,25.03,13.48,176.0,0.266,39.0,22.16,16.0,9.09,0.79,0.183,25.3,11.81,16.03,27.85,24.44,16.46,268.0,0.202,62.0,23.13,23.0,8.58,0.546,0.071,24.7,11.53,16.24,27.77,24.49,18.84
746701,2024-06-12,2024,682829,L,676440,R,strikeout,True,False,177.0,0.241,59.0,33.33,19.0,10.73,0.7969999999999999,0.23399999999999999,32.61,13.2,21.26,34.46,24.43,31.35,307.0,0.255,95.0,30.94,30.0,9.77,0.7989999999999999,0.2159999999999999,26.69,11.86,17.47,29.33,31.27,25.07,176.0,0.266,39.0,22.16,16.0,9.09,0.79,0.183,25.3,11.81,16.03,27.85,24.44,16.46,268.0,0.202,62.0,23.13,23.0,8.58,0.546,0.071,24.7,11.53,16.24,27.77,24.49,18.84
746701,2024-06-12,2024,600869,L,676440,R,home_run,False,False,161.0,0.233,42.0,26.09,8.0,4.97,0.755,0.24699999999999997,28.57,15.03,14.19,29.22,36.18,23.46,415.0,0.251,91.0,21.93,38.0,9.16,0.812,0.2279999999999999,25.42,11.83,16.22,28.05,27.64,18.71,176.0,0.266,39.0,22.16,16.0,9.09,0.79,0.183,25.3,11.81,16.03,27.85,24.44,16.46,268.0,0.202,62.0,23.13,23.0,8.58,0.546,0.071,24.7,11.53,16.24,27.77,24.49,18.84
746701,2024-06-12,2024,668715,R,676440,R,field_out,False,False,184.0,0.235,38.0,20.65,20.0,10.87,0.69,0.129,22.12,9.82,17.41,27.23,25.06,15.08,487.0,0.256,106.0,21.77,51.0,10.47,0.7789999999999999,0.175,25.48,10.86,19.02,29.88,22.75,18.53,120.0,0.2,37.0,30.83,3.0,2.5,0.576,0.14499999999999996,31.42,17.48,13.22,30.7,27.36,22.42,317.0,0.253,79.0,24.92,22.0,6.94,0.732,0.1669999999999999,27.8,13.2,16.51,29.71,29.83,21.01
746701,2024-06-12,2024,647304,L,666157,L,strikeout,True,False,82.0,0.192,19.0,23.17,7.0,8.54,0.6970000000000001,0.23299999999999998,27.82,13.5,13.87,27.37,36.6,29.69,148.0,0.299,15.0,10.14,8.0,5.41,0.821,0.175,16.23,8.67,12.1,20.77,35.38,11.03,39.0,0.229,10.0,25.64,3.0,7.69,0.565,0.027999999999999997,20.0,7.32,24.39,31.71,19.48,16.67,26.0,0.24,9.0,34.62,1.0,3.85,0.7090000000000001,0.2,34.04,15.24,23.81,39.05,44.0,22.5
746701,2024-06-12,2024,681807,R,666157,L,walk,False,True,79.0,0.375,16.0,20.25,18.0,22.78,1.276,0.357,24.63,9.85,15.52,25.37,16.67,16.49,51.0,0.227,11.0,21.57,5.0,9.8,0.742,0.1819999999999999,25.66,14.43,11.94,26.37,40.95,15.07,175.0,0.201,46.0,26.29,9.0,5.14,0.603,0.132,30.75,15.05,17.17,32.22,33.02,21.3,140.0,0.361,38.0,27.14,9.0,6.43,1.071,0.278,29.69,13.97,16.73,30.7,30.18,21.71
746701,2024-06-12,2024,665926,L,666157,L,force_out,False,False,79.0,0.288,11.0,13.92,0.0,0.0,0.726,0.10900000000000004,21.56,12.2,14.24,26.44,39.58,12.09,197.0,0.268,26.0,13.2,8.0,4.06,0.7130000000000001,0.1169999999999999,23.63,12.79,15.07,27.86,41.69,11.02,39.0,0.229,10.0,25.64,3.0,7.69,0.565,0.027999999999999997,20.0,7.32,24.39,31.71,19.48,16.67,26.0,0.24,9.0,34.62,1.0,3.85,0.7090000000000001,0.2,34.04,15.24,23.81,39.05,44.0,22.5
746701,2024-06-12,2024,672356,R,666157,L,single,False,False,49.0,0.283,17.0,34.69,3.0,6.12,0.762,0.15200000000000002,41.12,25.43,9.83,35.26,41.77,32.08,119.0,0.083,54.0,45.38,10.0,8.4,0.316,0.0649999999999999,44.4,24.39,12.09,36.48,34.85,30.51,175.0,0.201,46.0,26.29,9.0,5.14,0.603,0.132,30.75,15.05,17.17,32.22,33.02,21.3,140.0,0.361,38.0,27.14,9.0,6.43,1.071,0.278,29.69,13.97,16.73,30.7,30.18,21.71
746701,2024-06-12,2024,677587,R,666157,L,force_out,False,False,63.0,0.143,17.0,26.98,5.0,7.94,0.454,0.08900000000000002,25.0,13.24,13.24,26.48,30.43,30.36,33.0,0.161,15.0,45.45,2.0,6.06,0.438,0.065,39.73,21.64,16.42,38.06,38.1,32.61,175.0,0.201,46.0,26.29,9.0,5.14,0.603,0.132,30.75,15.05,17.17,32.22,33.02,21.3,140.0,0.361,38.0,27.14,9.0,6.43,1.071,0.278,29.69,13.97,16.73,30.7,30.18,21.71
746701,2024-06-12,2024,641584,L,676440,R,strikeout,True,False,133.0,0.288,28.0,21.05,12.0,9.02,0.717,0.07600000000000001,20.64,11.67,9.46,21.13,27.56,17.39,339.0,0.268,66.0,19.47,34.0,10.03,0.815,0.199,24.78,12.84,11.52,24.36,30.55,18.38,176.0,0.266,39.0,22.16,16.0,9.09,0.79,0.183,25.3,11.81,16.03,27.85,24.44,16.46,268.0,0.202,62.0,23.13,23.0,8.58,0.546,0.071,24.7,11.53,16.24,27.77,24.49,18.84
746701,2024-06-12,2024,663886,R,676440,R,walk,False,True,128.0,0.252,29.0,22.66,9.0,7.03,0.7030000000000001,0.131,22.06,9.96,18.58,28.54,25.93,22.76,378.0,0.228,105.0,27.78,34.0,8.99,0.657,0.1239999999999999,29.78,12.81,19.96,32.77,26.19,24.59,120.0,0.2,37.0,30.83,3.0,2.5,0.576,0.14499999999999996,31.42,17.48,13.22,30.7,27.36,22.42,317.0,0.253,79.0,24.92,22.0,6.94,0.732,0.1669999999999999,27.8,13.2,16.51,29.71,29.83,21.01
746701,2024-06-12,2024,674441,L,676440,R,strikeout,True,False,50.0,0.237,9.0,18.0,6.0,12.0,0.6779999999999999,0.07900000000000001,12.66,4.88,21.95,26.83,15.96,14.29,,,,,,,,,,,,,,,176.0,0.266,39.0,22.16,16.0,9.09,0.79,0.183,25.3,11.81,16.03,27.85,24.44,16.46,268.0,0.202,62.0,23.13,23.0,8.58,0.546,0.071,24.7,11.53,16.24,27.77,24.49,18.84
746701,2024-06-12,2024,663697,R,676440,R,strikeout,True,False,162.0,0.221,39.0,24.07,23.0,14.2,0.649,0.095,19.44,6.93,21.07,28.01,15.95,19.21,397.0,0.257,73.0,18.39,37.0,9.32,0.7809999999999999,0.175,21.3,8.18,21.42,29.59,19.53,15.19,120.0,0.2,37.0,30.83,3.0,2.5,0.576,0.14499999999999996,31.42,17.48,13.22,30.7,27.36,22.42,317.0,0.253,79.0,24.92,22.0,6.94,0.732,0.1669999999999999,27.8,13.2,16.51,29.71,29.83,21.01
746701,2024-06-12,2024,595978,R,666157,L,strikeout,True,False,31.0,0.138,11.0,35.48,1.0,3.23,0.402,0.10299999999999998,35.71,19.23,13.08,32.31,24.14,22.45,78.0,0.147,16.0,20.51,5.0,6.41,0.434,0.074,26.21,14.07,10.74,24.81,34.67,21.33,175.0,0.201,46.0,26.29,9.0,5.14,0.603,0.132,30.75,15.05,17.17,32.22,33.02,21.3,140.0,0.361,38.0,27.14,9.0,6.43,1.071,0.278,29.69,13.97,16.73,30.7,30.18,21.71
746701,2024-06-12,2024,680757,L,666157,L,single,False,False,52.0,0.426,5.0,9.62,5.0,9.62,1.013,0.10600000000000004,5.88,2.34,20.56,22.9,17.82,9.09,224.0,0.26,23.0,10.27,20.0,8.93,0.667,0.08,13.41,5.5,21.44,26.95,22.3,10.5,39.0,0.229,10.0,25.64,3.0,7.69,0.565,0.027999999999999997,20.0,7.32,24.39,31.71,19.48,16.67,26.0,0.24,9.0,34.62,1.0,3.85,0.7090000000000001,0.2,34.04,15.24,23.81,39.05,44.0,22.5
746701,2024-06-12,2024,671289,R,666157,L,field_out,False,False,73.0,0.2,12.0,16.44,8.0,10.96,0.7190000000000001,0.2,19.38,8.71,18.47,27.18,26.0,14.12,80.0,0.216,13.0,16.25,4.0,5.0,0.667,0.176,15.28,7.61,17.3,24.91,28.87,15.66,175.0,0.201,46.0,26.29,9.0,5.14,0.603,0.132,30.75,15.05,17.17,32.22,33.02,21.3,140.0,0.361,38.0,27.14,9.0,6.43,1.071,0.278,29.69,13.97,16.73,30.7,30.18,21.71
746701,2024-06-12,2024,608070,R,666157,L,single,False,False,88.0,0.316,10.0,11.36,8.0,9.09,0.957,0.26599999999999996,19.51,9.67,15.41,25.08,33.94,12.5,230.0,0.243,25.0,10.87,19.0,8.26,0.766,0.219,16.06,7.21,15.81,23.02,28.33,12.18,175.0,0.201,46.0,26.29,9.0,5.14,0.603,0.132,30.75,15.05,17.17,32.22,33.02,21.3,140.0,0.361,38.0,27.14,9.0,6.43,1.071,0.278,29.69,13.97,16.73,30.7,30.18,21.71
746701,2024-06-12,2024,647304,L,666157,L,hit_by_pitch,False,False,82.0,0.192,19.0,23.17,7.0,8.54,0.6970000000000001,0.23299999999999998,27.82,13.5,13.87,27.37,36.6,29.69,148.0,0.299,15.0,10.14,8.0,5.41,0.821,0.175,16.23,8.67,12.1,20.77,35.38,11.03,39.0,0.229,10.0,25.64,3.0,7.69,0.565,0.027999999999999997,20.0,7.32,24.39,31.71,19.48,16.67,26.0,0.24,9.0,34.62,1.0,3.85,0.7090000000000001,0.2,34.04,15.24,23.81,39.05,44.0,22.5
746701,2024-06-12,2024,681807,R,666157,L,walk,False,True,79.0,0.375,16.0,20.25,18.0,22.78,1.276,0.357,24.63,9.85,15.52,25.37,16.67,16.49,51.0,0.227,11.0,21.57,5.0,9.8,0.742,0.1819999999999999,25.66,14.43,11.94,26.37,40.95,15.07,175.0,0.201,46.0,26.29,9.0,5.14,0.603,0.132,30.75,15.05,17.17,32.22,33.02,21.3,140.0,0.361,38.0,27.14,9.0,6.43,1.071,0.278,29.69,13.97,16.73,30.7,30.18,21.71
746701,2024-06-12,2024,665926,L,666157,L,field_out,False,False,79.0,0.288,11.0,13.92,0.0,0.0,0.726,0.10900000000000004,21.56,12.2,14.24,26.44,39.58,12.09,197.0,0.268,26.0,13.2,8.0,4.06,0.7130000000000001,0.1169999999999999,23.63,12.79,15.07,27.86,41.69,11.02,39.0,0.229,10.0,25.64,3.0,7.69,0.565,0.027999999999999997,20.0,7.32,24.39,31.71,19.48,16.67,26.0,0.24,9.0,34.62,1.0,3.85,0.7090000000000001,0.2,34.04,15.24,23.81,39.05,44.0,22.5
746701,2024-06-12,2024,666181,L,676440,R,strikeout,True,False,166.0,0.242,70.0,42.17,17.0,10.24,0.796,0.235,39.51,18.84,15.07,33.91,21.88,31.11,285.0,0.297,89.0,31.23,37.0,12.98,0.938,0.252,31.03,13.11,16.03,29.13,18.51,23.66,176.0,0.266,39.0,22.16,16.0,9.09,0.79,0.183,25.3,11.81,16.03,27.85,24.44,16.46,268.0,0.202,62.0,23.13,23.0,8.58,0.546,0.071,24.7,11.53,16.24,27.77,24.49,18.84
746701,2024-06-12,2024,670770,L,676440,R,field_out,False,False,50.0,0.182,9.0,18.0,4.0,8.0,0.6739999999999999,0.22699999999999998,16.67,6.88,19.05,25.93,21.51,18.37,446.0,0.26,70.0,15.7,38.0,8.52,0.785,0.189,18.12,7.73,19.52,27.25,25.03,13.48,176.0,0.266,39.0,22.16,16.0,9.09,0.79,0.183,25.3,11.81,16.03,27.85,24.44,16.46,268.0,0.202,62.0,23.13,23.0,8.58,0.546,0.071,24.7,11.53,16.24,27.77,24.49,18.84
746701,2024-06-12,2024,682829,L,676440,R,strikeout,True,False,177.0,0.241,59.0,33.33,19.0,10.73,0.7969999999999999,0.23399999999999999,32.61,13.2,21.26,34.46,24.43,31.35,307.0,0.255,95.0,30.94,30.0,9.77,0.7989999999999999,0.2159999999999999,26.69,11.86,17.47,29.33,31.27,25.07,176.0,0.266,39.0,22.16,16.0,9.09,0.79,0.183,25.3,11.81,16.03,27.85,24.44,16.46,268.0,0.202,62.0,23.13,23.0,8.58,0.546,0.071,24.7,11.53,16.24,27.77,24.49,18.84
746701,2024-06-12,2024,672356,R,666157,L,field_out,False,False,49.0,0.283,17.0,34.69,3.0,6.12,0.762,0.15200000000000002,41.12,25.43,9.83,35.26,41.77,32.08,119.0,0.083,54.0,45.38,10.0,8.4,0.316,0.0649999999999999,44.4,24.39,12.09,36.48,34.85,30.51,175.0,0.201,46.0,26.29,9.0,5.14,0.603,0.132,30.75,15.05,17.17,32.22,33.02,21.3,140.0,0.361,38.0,27.14,9.0,6.43,1.071,0.278,29.69,13.97,16.73,30.7,30.18,21.71
746701,2024-06-12,2024,677587,R,666157,L,double,False,False,63.0,0.143,17.0,26.98,5.0,7.94,0.454,0.08900000000000002,25.0,13.24,13.24,26.48,30.43,30.36,33.0,0.161,15.0,45.45,2.0,6.06,0.438,0.065,39.73,21.64,16.42,38.06,38.1,32.61,175.0,0.201,46.0,26.29,9.0,5.14,0.603,0.132,30.75,15.05,17.17,32.22,33.02,21.3,140.0,0.361,38.0,27.14,9.0,6.43,1.071,0.278,29.69,13.97,16.73,30.7,30.18,21.71
746701,2024-06-12,2024,595978,R,666157,L,hit_by_pitch,False,False,31.0,0.138,11.0,35.48,1.0,3.23,0.402,0.10299999999999998,35.71,19.23,13.08,32.31,24.14,22.45,78.0,0.147,16.0,20.51,5.0,6.41,0.434,0.074,26.21,14.07,10.74,24.81,34.67,21.33,175.0,0.201,46.0,26.29,9.0,5.14,0.603,0.132,30.75,15.05,17.17,32.22,33.02,21.3,140.0,0.361,38.0,27.14,9.0,6.43,1.071,0.278,29.69,13.97,16.73,30.7,30.18,21.71
746701,2024-06-12,2024,680757,L,666157,L,single,False,False,52.0,0.426,5.0,9.62,5.0,9.62,1.013,0.10600000000000004,5.88,2.34,20.56,22.9,17.82,9.09,224.0,0.26,23.0,10.27,20.0,8.93,0.667,0.08,13.41,5.5,21.44,26.95,22.3,10.5,39.0,0.229,10.0,25.64,3.0,7.69,0.565,0.027999999999999997,20.0,7.32,24.39,31.71,19.48,16.67,26.0,0.24,9.0,34.62,1.0,3.85,0.7090000000000001,0.2,34.04,15.24,23.81,39.05,44.0,22.5
746701,2024-06-12,2024,671289,R,666157,L,field_out,False,False,73.0,0.2,12.0,16.44,8.0,10.96,0.7190000000000001,0.2,19.38,8.71,18.47,27.18,26.0,14.12,80.0,0.216,13.0,16.25,4.0,5.0,0.667,0.176,15.28,7.61,17.3,24.91,28.87,15.66,175.0,0.201,46.0,26.29,9.0,5.14,0.603,0.132,30.75,15.05,17.17,32.22,33.02,21.3,140.0,0.361,38.0,27.14,9.0,6.43,1.071,0.278,29.69,13.97,16.73,30.7,30.18,21.71
746701,2024-06-12,2024,600869,L,676440,R,strikeout,True,False,161.0,0.233,42.0,26.09,8.0,4.97,0.755,0.24699999999999997,28.57,15.03,14.19,29.22,36.18,23.46,415.0,0.251,91.0,21.93,38.0,9.16,0.812,0.2279999999999999,25.42,11.83,16.22,28.05,27.64,18.71,176.0,0.266,39.0,22.16,16.0,9.09,0.79,0.183,25.3,11.81,16.03,27.85,24.44,16.46,268.0,0.202,62.0,23.13,23.0,8.58,0.546,0.071,24.7,11.53,16.24,27.77,24.49,18.84
746701,2024-06-12,2024,668715,R,676440,R,field_out,False,False,184.0,0.235,38.0,20.65,20.0,10.87,0.69,0.129,22.12,9.82,17.41,27.23,25.06,15.08,487.0,0.256,106.0,21.77,51.0,10.47,0.7789999999999999,0.175,25.48,10.86,19.02,29.88,22.75,18.53,120.0,0.2,37.0,30.83,3.0,2.5,0.576,0.14499999999999996,31.42,17.48,13.22,30.7,27.36,22.42,317.0,0.253,79.0,24.92,22.0,6.94,0.732,0.1669999999999999,27.8,13.2,16.51,29.71,29.83,21.01
746701,2024-06-12,2024,641584,L,676440,R,field_out,False,False,133.0,0.288,28.0,21.05,12.0,9.02,0.717,0.07600000000000001,20.64,11.67,9.46,21.13,27.56,17.39,339.0,0.268,66.0,19.47,34.0,10.03,0.815,0.199,24.78,12.84,11.52,24.36,30.55,18.38,176.0,0.266,39.0,22.16,16.0,9.09,0.79,0.183,25.3,11.81,16.03,27.85,24.44,16.46,268.0,0.202,62.0,23.13,23.0,8.58,0.546,0.071,24.7,11.53,16.24,27.77,24.49,18.84
746701,2024-06-12,2024,608070,R,666157,L,single,False,False,88.0,0.316,10.0,11.36,8.0,9.09,0.957,0.26599999999999996,19.51,9.67,15.41,25.08,33.94,12.5,230.0,0.243,25.0,10.87,19.0,8.26,0.766,0.219,16.06,7.21,15.81,23.02,28.33,12.18,175.0,0.201,46.0,26.29,9.0,5.14,0.603,0.132,30.75,15.05,17.17,32.22,33.02,21.3,140.0,0.361,38.0,27.14,9.0,6.43,1.071,0.278,29.69,13.97,16.73,30.7,30.18,21.71
746701,2024-06-12,2024,647304,L,666157,L,single,False,False,82.0,0.192,19.0,23.17,7.0,8.54,0.6970000000000001,0.23299999999999998,27.82,13.5,13.87,27.37,36.6,29.69,148.0,0.299,15.0,10.14,8.0,5.41,0.821,0.175,16.23,8.67,12.1,20.77,35.38,11.03,39.0,0.229,10.0,25.64,3.0,7.69,0.565,0.027999999999999997,20.0,7.32,24.39,31.71,19.48,16.67,26.0,0.24,9.0,34.62,1.0,3.85,0.7090000000000001,0.2,34.04,15.24,23.81,39.05,44.0,22.5
746701,2024-06-12,2024,681807,R,666157,L,field_out,False,False,79.0,0.375,16.0,20.25,18.0,22.78,1.276,0.357,24.63,9.85,15.52,25.37,16.67,16.49,51.0,0.227,11.0,21.57,5.0,9.8,0.742,0.1819999999999999,25.66,14.43,11.94,26.37,40.95,15.07,175.0,0.201,46.0,26.29,9.0,5.14,0.603,0.132,30.75,15.05,17.17,32.22,33.02,21.3,140.0,0.361,38.0,27.14,9.0,6.43,1.071,0.278,29.69,13.97,16.73,30.7,30.18,21.71
746701,2024-06-12,2024,665926,L,666157,L,field_out,False,False,79.0,0.288,11.0,13.92,0.0,0.0,0.726,0.10900000000000004,21.56,12.2,14.24,26.44,39.58,12.09,197.0,0.268,26.0,13.2,8.0,4.06,0.7130000000000001,0.1169999999999999,23.63,12.79,15.07,27.86,41.69,11.02,39.0,0.229,10.0,25.64,3.0,7.69,0.565,0.027999999999999997,20.0,7.32,24.39,31.71,19.48,16.67,26.0,0.24,9.0,34.62,1.0,3.85,0.7090000000000001,0.2,34.04,15.24,23.81,39.05,44.0,22.5
746701,2024-06-12,2024,672356,R,666157,L,strikeout,True,False,49.0,0.283,17.0,34.69,3.0,6.12,0.762,0.15200000000000002,41.12,25.43,9.83,35.26,41.77,32.08,119.0,0.083,54.0,45.38,10.0,8.4,0.316,0.0649999999999999,44.4,24.39,12.09,36.48,34.85,30.51,175.0,0.201,46.0,26.29,9.0,5.14,0.603,0.132,30.75,15.05,17.17,32.22,33.02,21.3,140.0,0.361,38.0,27.14,9.0,6.43,1.071,0.278,29.69,13.97,16.73,30.7,30.18,21.71
746701,2024-06-12,2024,663886,R,676440,R,field_out,False,False,128.0,0.252,29.0,22.66,9.0,7.03,0.7030000000000001,0.131,22.06,9.96,18.58,28.54,25.93,22.76,378.0,0.228,105.0,27.78,34.0,8.99,0.657,0.1239999999999999,29.78,12.81,19.96,32.77,26.19,24.59,120.0,0.2,37.0,30.83,3.0,2.5,0.576,0.14499999999999996,31.42,17.48,13.22,30.7,27.36,22.42,317.0,0.253,79.0,24.92,22.0,6.94,0.732,0.1669999999999999,27.8,13.2,16.51,29.71,29.83,21.01
746701,2024-06-12,2024,674441,L,676440,R,strikeout,True,False,50.0,0.237,9.0,18.0,6.0,12.0,0.6779999999999999,0.07900000000000001,12.66,4.88,21.95,26.83,15.96,14.29,,,,,,,,,,,,,,,176.0,0.266,39.0,22.16,16.0,9.09,0.79,0.183,25.3,11.81,16.03,27.85,24.44,16.46,268.0,0.202,62.0,23.13,23.0,8.58,0.546,0.071,24.7,11.53,16.24,27.77,24.49,18.84
746701,2024-06-12,2024,663697,R,676440,R,strikeout,True,False,162.0,0.221,39.0,24.07,23.0,14.2,0.649,0.095,19.44,6.93,21.07,28.01,15.95,19.21,397.0,0.257,73.0,18.39,37.0,9.32,0.7809999999999999,0.175,21.3,8.18,21.42,29.59,19.53,15.19,120.0,0.2,37.0,30.83,3.0,2.5,0.576,0.14499999999999996,31.42,17.48,13.22,30.7,27.36,22.42,317.0,0.253,79.0,24.92,22.0,6.94,0.732,0.1669999999999999,27.8,13.2,16.51,29.71,29.83,21.01
746701,2024-06-12,2024,677587,R,666157,L,walk,False,True,63.0,0.143,17.0,26.98,5.0,7.94,0.454,0.08900000000000002,25.0,13.24,13.24,26.48,30.43,30.36,33.0,0.161,15.0,45.45,2.0,6.06,0.438,0.065,39.73,21.64,16.42,38.06,38.1,32.61,175.0,0.201,46.0,26.29,9.0,5.14,0.603,0.132,30.75,15.05,17.17,32.22,33.02,21.3,140.0,0.361,38.0,27.14,9.0,6.43,1.071,0.278,29.69,13.97,16.73,30.7,30.18,21.71
746701,2024-06-12,2024,595978,R,666157,L,strikeout,True,False,31.0,0.138,11.0,35.48,1.0,3.23,0.402,0.10299999999999998,35.71,19.23,13.08,32.31,24.14,22.45,78.0,0.147,16.0,20.51,5.0,6.41,0.434,0.074,26.21,14.07,10.74,24.81,34.67,21.33,175.0,0.201,46.0,26.29,9.0,5.14,0.603,0.132,30.75,15.05,17.17,32.22,33.02,21.3,140.0,0.361,38.0,27.14,9.0,6.43,1.071,0.278,29.69,13.97,16.73,30.7,30.18,21.71
746701,2024-06-12,2024,680757,L,666157,L,field_out,False,False,52.0,0.426,5.0,9.62,5.0,9.62,1.013,0.10600000000000004,5.88,2.34,20.56,22.9,17.82,9.09,224.0,0.26,23.0,10.27,20.0,8.93,0.667,0.08,13.41,5.5,21.44,26.95,22.3,10.5,39.0,0.229,10.0,25.64,3.0,7.69,0.565,0.027999999999999997,20.0,7.32,24.39,31.71,19.48,16.67,26.0,0.24,9.0,34.62,1.0,3.85,0.7090000000000001,0.2,34.04,15.24,23.81,39.05,44.0,22.5
746701,2024-06-12,2024,671289,R,666157,L,field_out,False,False,73.0,0.2,12.0,16.44,8.0,10.96,0.7190000000000001,0.2,19.38,8.71,18.47,27.18,26.0,14.12,80.0,0.216,13.0,16.25,4.0,5.0,0.667,0.176,15.28,7.61,17.3,24.91,28.87,15.66,175.0,0.201,46.0,26.29,9.0,5.14,0.603,0.132,30.75,15.05,17.17,32.22,33.02,21.3,140.0,0.361,38.0,27.14,9.0,6.43,1.071,0.278,29.69,13.97,16.73,30.7,30.18,21.71
746701,2024-06-12,2024,666181,L,676440,R,single,False,False,166.0,0.242,70.0,42.17,17.0,10.24,0.796,0.235,39.51,18.84,15.07,33.91,21.88,31.11,285.0,0.297,89.0,31.23,37.0,12.98,0.938,0.252,31.03,13.11,16.03,29.13,18.51,23.66,176.0,0.266,39.0,22.16,16.0,9.09,0.79,0.183,25.3,11.81,16.03,27.85,24.44,16.46,268.0,0.202,62.0,23.13,23.0,8.58,0.546,0.071,24.7,11.53,16.24,27.77,24.49,18.84
746701,2024-06-12,2024,670770,L,676440,R,single,False,False,50.0,0.182,9.0,18.0,4.0,8.0,0.6739999999999999,0.22699999999999998,16.67,6.88,19.05,25.93,21.51,18.37,446.0,0.26,70.0,15.7,38.0,8.52,0.785,0.189,18.12,7.73,19.52,27.25,25.03,13.48,176.0,0.266,39.0,22.16,16.0,9.09,0.79,0.183,25.3,11.81,16.03,27.85,24.44,16.46,268.0,0.202,62.0,23.13,23.0,8.58,0.546,0.071,24.7,11.53,16.24,27.77,24.49,18.84
746701,2024-06-12,2024,682829,L,676440,R,strikeout,True,False,177.0,0.241,59.0,33.33,19.0,10.73,0.7969999999999999,0.23399999999999999,32.61,13.2,21.26,34.46,24.43,31.35,307.0,0.255,95.0,30.94,30.0,9.77,0.7989999999999999,0.2159999999999999,26.69,11.86,17.47,29.33,31.27,25.07,176.0,0.266,39.0,22.16,16.0,9.09,0.79,0.183,25.3,11.81,16.03,27.85,24.44,16.46,268.0,0.202,62.0,23.13,23.0,8.58,0.546,0.071,24.7,11.53,16.24,27.77,24.49,18.84
746701,2024-06-12,2024,600869,L,676440,R,home_run,False,False,161.0,0.233,42.0,26.09,8.0,4.97,0.755,0.24699999999999997,28.57,15.03,14.19,29.22,36.18,23.46,415.0,0.251,91.0,21.93,38.0,9.16,0.812,0.2279999999999999,25.42,11.83,16.22,28.05,27.64,18.71,176.0,0.266,39.0,22.16,16.0,9.09,0.79,0.183,25.3,11.81,16.03,27.85,24.44,16.46,268.0,0.202,62.0,23.13,23.0,8.58,0.546,0.071,24.7,11.53,16.24,27.77,24.49,18.84
746701,2024-06-12,2024,668715,R,680704,R,single,False,False,184.0,0.235,38.0,20.65,20.0,10.87,0.69,0.129,22.12,9.82,17.41,27.23,25.06,15.08,487.0,0.256,106.0,21.77,51.0,10.47,0.7789999999999999,0.175,25.48,10.86,19.02,29.88,22.75,18.53,58.0,0.128,15.0,25.86,8.0,13.79,0.51,0.10600000000000001,36.63,16.74,14.48,31.22,23.01,23.08,167.0,0.197,49.0,29.34,15.0,8.98,0.668,0.198,32.92,15.51,16.96,32.46,31.92,23.11
746701,2024-06-12,2024,641584,L,680704,R,field_out,False,False,133.0,0.288,28.0,21.05,12.0,9.02,0.717,0.07600000000000001,20.64,11.67,9.46,21.13,27.56,17.39,339.0,0.268,66.0,19.47,34.0,10.03,0.815,0.199,24.78,12.84,11.52,24.36,30.55,18.38,50.0,0.13,14.0,28.0,1.0,2.0,0.423,0.10899999999999999,38.83,20.0,14.5,34.5,36.67,24.14,73.0,0.145,17.0,23.29,9.0,12.33,0.635,0.226,29.86,13.48,15.36,28.84,22.56,17.0
746701,2024-06-12,2024,663886,R,680704,R,walk,False,True,128.0,0.252,29.0,22.66,9.0,7.03,0.7030000000000001,0.131,22.06,9.96,18.58,28.54,25.93,22.76,378.0,0.228,105.0,27.78,34.0,8.99,0.657,0.1239999999999999,29.78,12.81,19.96,32.77,26.19,24.59,58.0,0.128,15.0,25.86,8.0,13.79,0.51,0.10600000000000001,36.63,16.74,14.48,31.22,23.01,23.08,167.0,0.197,49.0,29.34,15.0,8.98,0.668,0.198,32.92,15.51,16.96,32.46,31.92,23.11
746701,2024-06-12,2024,674441,L,680704,R,strikeout,True,False,50.0,0.237,9.0,18.0,6.0,12.0,0.6779999999999999,0.07900000000000001,12.66,4.88,21.95,26.83,15.96,14.29,,,,,,,,,,,,,,,50.0,0.13,14.0,28.0,1.0,2.0,0.423,0.10899999999999999,38.83,20.0,14.5,34.5,36.67,24.14,73.0,0.145,17.0,23.29,9.0,12.33,0.635,0.226,29.86,13.48,15.36,28.84,22.56,17.0
746701,2024-06-12,2024,608070,L,608371,R,field_out,False,False,194.0,0.25,21.0,10.82,16.0,8.25,0.8420000000000001,0.278,13.67,6.63,13.39,20.02,30.21,8.64,461.0,0.302,48.0,10.41,54.0,11.71,0.863,0.179,15.4,6.98,13.91,20.89,28.02,10.17,32.0,0.222,4.0,12.5,4.0,12.5,0.825,0.259,15.09,7.27,15.45,22.73,26.92,17.39,114.0,0.209,25.0,21.93,15.0,13.16,0.6950000000000001,0.132,29.49,14.0,12.47,26.48,28.16,19.23
746701,2024-06-12,2024,647304,L,608371,R,walk,False,True,183.0,0.239,25.0,13.66,18.0,9.84,0.831,0.27,21.56,11.16,9.77,20.93,33.24,14.71,348.0,0.311,53.0,15.23,25.0,7.18,0.851,0.184,21.29,11.96,9.18,21.15,41.36,16.99,32.0,0.222,4.0,12.5,4.0,12.5,0.825,0.259,15.09,7.27,15.45,22.73,26.92,17.39,114.0,0.209,25.0,21.93,15.0,13.16,0.6950000000000001,0.132,29.49,14.0,12.47,26.48,28.16,19.23
746701,2024-06-12,2024,681807,R,608371,R,strikeout,True,False,83.0,0.288,13.0,15.66,6.0,7.23,0.813,0.16400000000000003,18.18,9.21,14.14,23.36,25.69,13.98,63.0,0.246,19.0,30.16,3.0,4.76,0.727,0.175,29.77,16.96,13.91,30.87,36.11,25.0,62.0,0.212,19.0,30.65,9.0,14.52,0.746,0.211,30.0,13.58,16.6,30.19,25.37,22.35,145.0,0.126,47.0,32.41,24.0,16.55,0.5640000000000001,0.144,36.09,15.87,16.53,32.4,27.51,23.74
746701,2024-06-12,2024,665926,L,608371,R,field_out,False,False,187.0,0.257,29.0,15.51,11.0,5.88,0.6719999999999999,0.09599999999999997,24.69,13.57,12.33,25.9,36.84,12.67,419.0,0.243,86.0,20.53,24.0,5.73,0.712,0.162,26.46,14.29,12.8,27.09,38.97,17.27,32.0,0.222,4.0,12.5,4.0,12.5,0.825,0.259,15.09,7.27,15.45,22.73,26.92,17.39,114.0,0.209,25.0,21.93,15.0,13.16,0.6950000000000001,0.132,29.49,14.0,12.47,26.48,28.16,19.23
746701,2024-06-12,2024,663697,R,680704,R,field_out,False,False,162.0,0.221,39.0,24.07,23.0,14.2,0.649,0.095,19.44,6.93,21.07,28.01,15.95,19.21,397.0,0.257,73.0,18.39,37.0,9.32,0.7809999999999999,0.175,21.3,8.18,21.42,29.59,19.53,15.19,58.0,0.128,15.0,25.86,8.0,13.79,0.51,0.10600000000000001,36.63,16.74,14.48,31.22,23.01,23.08,167.0,0.197,49.0,29.34,15.0,8.98,0.668,0.198,32.92,15.51,16.96,32.46,31.92,23.11
746701,2024-06-12,2024,656413,R,682120,L,strikeout,True,False,85.0,0.311,17.0,20.0,11.0,12.94,0.859,0.14800000000000002,36.67,17.57,9.9,27.48,22.02,20.99,113.0,0.226,34.0,30.09,13.0,11.5,0.7,0.1289999999999999,36.84,17.46,14.51,31.97,22.54,26.77,62.0,0.185,13.0,20.97,8.0,12.9,0.5309999999999999,0.055999999999999994,26.83,12.41,17.29,29.7,34.0,14.44,74.0,0.308,18.0,24.32,6.0,8.11,0.8240000000000001,0.138,23.87,11.9,13.5,25.4,29.11,18.09
746701,2024-06-12,2024,670770,L,682120,L,field_out,False,False,27.0,0.3,6.0,22.22,3.0,11.11,0.831,0.04999999999999999,35.14,13.83,22.34,36.17,26.92,23.08,110.0,0.354,20.0,18.18,9.0,8.18,0.963,0.188,19.23,7.48,23.69,31.17,22.46,18.87,38.0,0.091,12.0,31.58,3.0,7.89,0.28,0.0,29.87,14.2,19.14,33.33,33.73,20.34,47.0,0.231,14.0,29.79,6.0,12.77,0.666,0.102,32.18,14.07,19.6,33.67,32.04,24.14
746701,2024-06-12,2024,672356,R,594580,L,field_out,False,False,49.0,0.283,17.0,34.69,3.0,6.12,0.762,0.15200000000000002,41.12,25.43,9.83,35.26,41.77,32.08,119.0,0.083,54.0,45.38,10.0,8.4,0.316,0.0649999999999999,44.4,24.39,12.09,36.48,34.85,30.51,31.0,0.214,5.0,16.13,2.0,6.45,0.54,0.036000000000000004,20.0,9.16,16.03,25.19,16.67,11.11,147.0,0.25,26.0,17.69,23.0,15.65,0.7310000000000001,0.086,17.57,7.36,17.69,25.04,26.1,16.25
746701,2024-06-12,2024,677587,R,594580,L,field_out,False,False,63.0,0.143,17.0,26.98,5.0,7.94,0.454,0.08900000000000002,25.0,13.24,13.24,26.48,30.43,30.36,33.0,0.161,15.0,45.45,2.0,6.06,0.438,0.065,39.73,21.64,16.42,38.06,38.1,32.61,31.0,0.214,5.0,16.13,2.0,6.45,0.54,0.036000000000000004,20.0,9.16,16.03,25.19,16.67,11.11,147.0,0.25,26.0,17.69,23.0,15.65,0.7310000000000001,0.086,17.57,7.36,17.69,25.04,26.1,16.25
746701,2024-06-12,2024,595978,R,594580,L,strikeout,True,False,31.0,0.138,11.0,35.48,1.0,3.23,0.402,0.10299999999999998,35.71,19.23,13.08,32.31,24.14,22.45,78.0,0.147,16.0,20.51,5.0,6.41,0.434,0.074,26.21,14.07,10.74,24.81,34.67,21.33,31.0,0.214,5.0,16.13,2.0,6.45,0.54,0.036000000000000004,20.0,9.16,16.03,25.19,16.67,11.11,147.0,0.25,26.0,17.69,23.0,15.65,0.7310000000000001,0.086,17.57,7.36,17.69,25.04,26.1,16.25
746701,2024-06-12,2024,682829,L,605130,R,field_out,False,False,177.0,0.241,59.0,33.33,19.0,10.73,0.7969999999999999,0.23399999999999999,32.61,13.2,21.26,34.46,24.43,31.35,307.0,0.255,95.0,30.94,30.0,9.77,0.7989999999999999,0.2159999999999999,26.69,11.86,17.47,29.33,31.27,25.07,46.0,0.128,18.0,39.13,5.0,10.87,0.44399999999999995,0.07699999999999999,36.71,14.22,21.08,35.29,28.21,30.51,145.0,0.279,34.0,23.45,16.0,11.03,0.798,0.1469999999999999,26.64,11.44,18.74,30.18,30.91,18.78
746701,2024-06-12,2024,600869,L,605130,R,single,False,False,161.0,0.233,42.0,26.09,8.0,4.97,0.755,0.24699999999999997,28.57,15.03,14.19,29.22,36.18,23.46,415.0,0.251,91.0,21.93,38.0,9.16,0.812,0.2279999999999999,25.42,11.83,16.22,28.05,27.64,18.71,46.0,0.128,18.0,39.13,5.0,10.87,0.44399999999999995,0.07699999999999999,36.71,14.22,21.08,35.29,28.21,30.51,145.0,0.279,34.0,23.45,16.0,11.03,0.798,0.1469999999999999,26.64,11.44,18.74,30.18,30.91,18.78
746701,2024-06-12,2024,668715,R,605130,R,force_out,False,False,184.0,0.235,38.0,20.65,20.0,10.87,0.69,0.129,22.12,9.82,17.41,27.23,25.06,15.08,487.0,0.256,106.0,21.77,51.0,10.47,0.7789999999999999,0.175,25.48,10.86,19.02,29.88,22.75,18.53,67.0,0.298,18.0,26.87,9.0,13.43,0.862,0.176,39.02,17.45,16.0,33.45,32.7,21.95,154.0,0.208,45.0,29.22,18.0,11.69,0.5569999999999999,0.046,35.85,15.68,19.97,35.64,29.91,24.19
746701,2024-06-12,2024,641584,L,605130,R,field_out,False,False,133.0,0.288,28.0,21.05,12.0,9.02,0.717,0.07600000000000001,20.64,11.67,9.46,21.13,27.56,17.39,339.0,0.268,66.0,19.47,34.0,10.03,0.815,0.199,24.78,12.84,11.52,24.36,30.55,18.38,46.0,0.128,18.0,39.13,5.0,10.87,0.44399999999999995,0.07699999999999999,36.71,14.22,21.08,35.29,28.21,30.51,145.0,0.279,34.0,23.45,16.0,11.03,0.798,0.1469999999999999,26.64,11.44,18.74,30.18,30.91,18.78
746701,2024-06-12,2024,680757,L,664747,R,field_out,False,False,127.0,0.36,9.0,7.09,12.0,9.45,0.9730000000000001,0.18100000000000005,6.93,2.86,22.65,25.51,19.73,6.62,494.0,0.272,52.0,10.53,50.0,10.12,0.73,0.1119999999999999,10.22,4.19,22.03,26.23,20.67,8.84,47.0,0.226,11.0,23.4,14.0,29.79,0.876,0.161,26.58,10.1,16.35,26.44,22.32,15.49,144.0,0.176,48.0,33.33,16.0,11.11,0.56,0.076,34.07,15.36,13.02,28.38,26.49,29.27
746701,2024-06-12,2024,700932,L,664747,R,field_out,False,False,63.0,0.237,17.0,26.98,2.0,3.17,0.643,0.136,25.42,11.81,18.5,30.31,25.83,21.79,,,,,,,,,,,,,,,47.0,0.226,11.0,23.4,14.0,29.79,0.876,0.161,26.58,10.1,16.35,26.44,22.32,15.49,144.0,0.176,48.0,33.33,16.0,11.11,0.56,0.076,34.07,15.36,13.02,28.38,26.49,29.27
746701,2024-06-12,2024,608070,L,664747,R,field_out,False,False,194.0,0.25,21.0,10.82,16.0,8.25,0.8420000000000001,0.278,13.67,6.63,13.39,20.02,30.21,8.64,461.0,0.302,48.0,10.41,54.0,11.71,0.863,0.179,15.4,6.98,13.91,20.89,28.02,10.17,47.0,0.226,11.0,23.4,14.0,29.79,0.876,0.161,26.58,10.1,16.35,26.44,22.32,15.49,144.0,0.176,48.0,33.33,16.0,11.11,0.56,0.076,34.07,15.36,13.02,28.38,26.49,29.27
745079,2024-06-12,2024,666624,R,650644,R,field_out,False,False,206.0,0.21,47.0,22.82,25.0,12.14,0.71,0.18800000000000003,30.87,14.12,13.88,28.0,25.0,20.89,329.0,0.247,105.0,31.91,27.0,8.21,0.798,0.239,38.21,19.07,13.74,32.81,29.43,27.56,162.0,0.262,32.0,19.75,10.0,6.17,0.754,0.181,21.91,10.08,18.05,28.13,29.45,17.49,250.0,0.237,50.0,20.0,17.0,6.8,0.643,0.1089999999999999,24.67,11.79,17.37,29.16,32.23,16.89
745079,2024-06-12,2024,683737,L,650644,R,single,False,False,190.0,0.238,67.0,35.26,25.0,13.16,0.786,0.20600000000000002,33.61,15.0,15.24,30.24,25.06,24.72,66.0,0.158,21.0,31.82,8.0,12.12,0.556,0.1399999999999999,29.79,14.48,13.45,27.93,28.39,21.0,129.0,0.28,36.0,27.91,9.0,6.98,0.8160000000000001,0.19499999999999995,22.71,10.14,20.08,30.21,30.08,23.08,254.0,0.234,66.0,25.98,16.0,6.3,0.6679999999999999,0.145,20.86,9.62,20.09,29.72,28.72,18.28
745079,2024-06-12,2024,641355,L,650644,R,field_out,False,False,161.0,0.234,30.0,18.63,17.0,10.56,0.777,0.22,26.26,13.29,12.78,26.06,32.4,19.74,373.0,0.291,58.0,15.55,27.0,7.24,0.829,0.198,20.08,10.01,15.91,25.92,29.71,13.74,129.0,0.28,36.0,27.91,9.0,6.98,0.8160000000000001,0.19499999999999995,22.71,10.14,20.08,30.21,30.08,23.08,254.0,0.234,66.0,25.98,16.0,6.3,0.6679999999999999,0.145,20.86,9.62,20.09,29.72,28.72,18.28
745079,2024-06-12,2024,673548,R,650644,R,single,False,False,128.0,0.278,37.0,28.91,6.0,4.69,0.798,0.19199999999999995,26.85,11.07,20.99,32.06,24.15,21.89,419.0,0.278,102.0,24.34,41.0,9.79,0.839,0.2129999999999999,24.3,9.93,20.44,30.37,19.3,20.2,162.0,0.262,32.0,19.75,10.0,6.17,0.754,0.181,21.91,10.08,18.05,28.13,29.45,17.49,250.0,0.237,50.0,20.0,17.0,6.8,0.643,0.1089999999999999,24.67,11.79,17.37,29.16,32.23,16.89
745079,2024-06-12,2024,664023,L,650644,R,walk,False,True,200.0,0.214,58.0,29.0,27.0,13.5,0.7130000000000001,0.167,27.92,12.63,15.73,28.36,22.49,19.46,502.0,0.258,109.0,21.71,80.0,15.94,0.831,0.192,25.86,11.22,15.24,26.46,20.31,17.34,129.0,0.28,36.0,27.91,9.0,6.98,0.8160000000000001,0.19499999999999995,22.71,10.14,20.08,30.21,30.08,23.08,254.0,0.234,66.0,25.98,16.0,6.3,0.6679999999999999,0.145,20.86,9.62,20.09,29.72,28.72,18.28
745079,2024-06-12,2024,663538,R,650644,R,force_out,False,False,193.0,0.244,18.0,9.33,19.0,9.84,0.688,0.10699999999999998,13.65,6.16,21.63,27.79,31.14,9.78,508.0,0.274,63.0,12.4,40.0,7.87,0.72,0.0979999999999999,13.4,6.0,20.67,26.67,29.91,12.21,162.0,0.262,32.0,19.75,10.0,6.17,0.754,0.181,21.91,10.08,18.05,28.13,29.45,17.49,250.0,0.237,50.0,20.0,17.0,6.8,0.643,0.1089999999999999,24.67,11.79,17.37,29.16,32.23,16.89
745079,2024-06-12,2024,650490,R,665871,R,field_out,False,False,217.0,0.244,32.0,14.75,22.0,10.14,0.669,0.09800000000000003,12.24,5.32,16.94,22.26,22.83,11.81,462.0,0.322,72.0,15.58,49.0,10.61,0.881,0.1559999999999999,18.95,8.0,18.68,26.68,19.71,15.69,132.0,0.212,27.0,20.45,14.0,10.61,0.624,0.10700000000000001,19.81,7.97,19.92,27.89,21.4,17.2,240.0,0.245,50.0,20.83,21.0,8.75,0.734,0.172,22.87,9.83,17.49,27.31,23.7,24.39
745079,2024-06-12,2024,664040,L,665871,R,field_out,False,False,80.0,0.176,20.0,25.0,10.0,12.5,0.653,0.177,26.85,13.56,10.51,24.07,27.5,24.1,374.0,0.241,103.0,27.54,42.0,11.23,0.813,0.237,31.86,16.63,11.13,27.77,30.39,21.33,159.0,0.227,41.0,25.79,14.0,8.81,0.6499999999999999,0.12799999999999997,16.96,7.6,18.45,26.05,26.18,21.13,210.0,0.215,44.0,20.95,20.0,9.52,0.6479999999999999,0.1399999999999999,18.77,8.0,17.9,25.89,22.65,18.38
745079,2024-06-12,2024,670623,R,665871,R,field_out,False,False,199.0,0.291,31.0,15.58,19.0,9.55,0.868,0.203,16.11,7.26,18.53,25.79,27.37,9.04,438.0,0.247,82.0,18.72,43.0,9.82,0.86,0.266,18.6,8.55,16.71,25.26,28.98,14.09,132.0,0.212,27.0,20.45,14.0,10.61,0.624,0.10700000000000001,19.81,7.97,19.92,27.89,21.4,17.2,240.0,0.245,50.0,20.83,21.0,8.75,0.734,0.172,22.87,9.83,17.49,27.31,23.7,24.39
745079,2024-06-12,2024,621020,R,650644,R,field_out,False,False,174.0,0.22,50.0,28.74,13.0,7.47,0.6279999999999999,0.12599999999999997,33.04,15.92,14.93,30.85,23.88,23.47,478.0,0.244,111.0,23.22,49.0,10.25,0.734,0.161,28.04,13.13,15.12,28.26,23.34,18.66,162.0,0.262,32.0,19.75,10.0,6.17,0.754,0.181,21.91,10.08,18.05,28.13,29.45,17.49,250.0,0.237,50.0,20.0,17.0,6.8,0.643,0.1089999999999999,24.67,11.79,17.37,29.16,32.23,16.89
745079,2024-06-12,2024,691718,L,650644,R,strikeout,True,False,77.0,0.217,16.0,20.78,4.0,5.19,0.5860000000000001,0.10200000000000001,22.41,13.31,10.58,23.89,40.69,15.69,15.0,0.0,6.0,40.0,2.0,13.33,0.154,0.0,44.44,26.67,8.33,35.0,23.08,27.27,129.0,0.28,36.0,27.91,9.0,6.98,0.8160000000000001,0.19499999999999995,22.71,10.14,20.08,30.21,30.08,23.08,254.0,0.234,66.0,25.98,16.0,6.3,0.6679999999999999,0.145,20.86,9.62,20.09,29.72,28.72,18.28
745079,2024-06-12,2024,665804,R,650644,R,strikeout,True,False,109.0,0.219,24.0,22.02,9.0,8.26,0.605,0.08299999999999999,28.37,15.25,14.5,29.75,35.71,19.83,92.0,0.187,24.0,26.09,7.0,7.61,0.679,0.173,24.72,11.67,16.98,28.65,28.18,19.05,162.0,0.262,32.0,19.75,10.0,6.17,0.754,0.181,21.91,10.08,18.05,28.13,29.45,17.49,250.0,0.237,50.0,20.0,17.0,6.8,0.643,0.1089999999999999,24.67,11.79,17.37,29.16,32.23,16.89
745079,2024-06-12,2024,666139,L,665871,R,strikeout,True,False,60.0,0.208,16.0,26.67,6.0,10.0,0.665,0.169,25.0,12.69,14.18,26.87,30.0,16.16,435.0,0.3,104.0,23.91,27.0,6.21,0.8540000000000001,0.211,29.41,15.52,12.38,27.9,34.65,18.39,159.0,0.227,41.0,25.79,14.0,8.81,0.6499999999999999,0.12799999999999997,16.96,7.6,18.45,26.05,26.18,21.13,210.0,0.215,44.0,20.95,20.0,9.52,0.6479999999999999,0.1399999999999999,18.77,8.0,17.9,25.89,22.65,18.38
745079,2024-06-12,2024,642350,R,665871,R,double,False,False,138.0,0.183,52.0,37.68,9.0,6.52,0.567,0.11699999999999999,38.33,17.16,21.08,38.25,31.64,29.21,271.0,0.23,93.0,34.32,16.0,5.9,0.801,0.29,39.19,20.65,15.06,35.71,37.69,31.08,132.0,0.212,27.0,20.45,14.0,10.61,0.624,0.10700000000000001,19.81,7.97,19.92,27.89,21.4,17.2,240.0,0.245,50.0,20.83,21.0,8.75,0.734,0.172,22.87,9.83,17.49,27.31,23.7,24.39
745079,2024-06-12,2024,680700,L,665871,R,field_out,False,False,174.0,0.238,43.0,24.71,21.0,12.07,0.6930000000000001,0.11599999999999999,28.53,13.79,13.93,27.72,27.54,20.28,82.0,0.216,10.0,12.2,6.0,7.32,0.7390000000000001,0.243,15.71,6.75,18.4,25.15,18.99,10.75,159.0,0.227,41.0,25.79,14.0,8.81,0.6499999999999999,0.12799999999999997,16.96,7.6,18.45,26.05,26.18,21.13,210.0,0.215,44.0,20.95,20.0,9.52,0.6479999999999999,0.1399999999999999,18.77,8.0,17.9,25.89,22.65,18.38
745079,2024-06-12,2024,676609,R,665871,R,walk,False,True,168.0,0.242,43.0,25.6,10.0,5.95,0.637,0.09100000000000003,29.14,13.29,19.49,32.78,31.62,21.08,156.0,0.186,37.0,23.72,15.0,9.62,0.588,0.1009999999999999,24.9,10.03,24.36,34.39,27.59,18.69,132.0,0.212,27.0,20.45,14.0,10.61,0.624,0.10700000000000001,19.81,7.97,19.92,27.89,21.4,17.2,240.0,0.245,50.0,20.83,21.0,8.75,0.734,0.172,22.87,9.83,17.49,27.31,23.7,24.39
745079,2024-06-12,2024,666163,L,665871,R,strikeout,True,False,116.0,0.26,29.0,25.0,15.0,12.93,0.6619999999999999,0.03999999999999998,24.89,11.11,16.97,28.08,27.05,17.5,72.0,0.133,15.0,20.83,10.0,13.89,0.507,0.1169999999999999,25.64,10.56,17.96,28.52,20.41,17.5,159.0,0.227,41.0,25.79,14.0,8.81,0.6499999999999999,0.12799999999999997,16.96,7.6,18.45,26.05,26.18,21.13,210.0,0.215,44.0,20.95,20.0,9.52,0.6479999999999999,0.1399999999999999,18.77,8.0,17.9,25.89,22.65,18.38
745079,2024-06-12,2024,666624,R,650644,R,strikeout,True,False,206.0,0.21,47.0,22.82,25.0,12.14,0.71,0.18800000000000003,30.87,14.12,13.88,28.0,25.0,20.89,329.0,0.247,105.0,31.91,27.0,8.21,0.798,0.239,38.21,19.07,13.74,32.81,29.43,27.56,162.0,0.262,32.0,19.75,10.0,6.17,0.754,0.181,21.91,10.08,18.05,28.13,29.45,17.49,250.0,0.237,50.0,20.0,17.0,6.8,0.643,0.1089999999999999,24.67,11.79,17.37,29.16,32.23,16.89
745079,2024-06-12,2024,683737,L,650644,R,strikeout,True,False,190.0,0.238,67.0,35.26,25.0,13.16,0.786,0.20600000000000002,33.61,15.0,15.24,30.24,25.06,24.72,66.0,0.158,21.0,31.82,8.0,12.12,0.556,0.1399999999999999,29.79,14.48,13.45,27.93,28.39,21.0,129.0,0.28,36.0,27.91,9.0,6.98,0.8160000000000001,0.19499999999999995,22.71,10.14,20.08,30.21,30.08,23.08,254.0,0.234,66.0,25.98,16.0,6.3,0.6679999999999999,0.145,20.86,9.62,20.09,29.72,28.72,18.28
745079,2024-06-12,2024,641355,L,650644,R,field_out,False,False,161.0,0.234,30.0,18.63,17.0,10.56,0.777,0.22,26.26,13.29,12.78,26.06,32.4,19.74,373.0,0.291,58.0,15.55,27.0,7.24,0.829,0.198,20.08,10.01,15.91,25.92,29.71,13.74,129.0,0.28,36.0,27.91,9.0,6.98,0.8160000000000001,0.19499999999999995,22.71,10.14,20.08,30.21,30.08,23.08,254.0,0.234,66.0,25.98,16.0,6.3,0.6679999999999999,0.145,20.86,9.62,20.09,29.72,28.72,18.28
745079,2024-06-12,2024,670764,L,665871,R,walk,False,True,7.0,0.0,4.0,57.14,1.0,14.29,0.143,0.0,50.0,22.22,18.52,40.74,15.38,57.14,257.0,0.179,69.0,26.85,33.0,12.84,0.588,0.121,26.28,11.1,17.87,28.97,16.97,23.15,159.0,0.227,41.0,25.79,14.0,8.81,0.6499999999999999,0.12799999999999997,16.96,7.6,18.45,26.05,26.18,21.13,210.0,0.215,44.0,20.95,20.0,9.52,0.6479999999999999,0.1399999999999999,18.77,8.0,17.9,25.89,22.65,18.38
745079,2024-06-12,2024,650490,R,665871,R,field_out,False,False,217.0,0.244,32.0,14.75,22.0,10.14,0.669,0.09800000000000003,12.24,5.32,16.94,22.26,22.83,11.81,462.0,0.322,72.0,15.58,49.0,10.61,0.881,0.1559999999999999,18.95,8.0,18.68,26.68,19.71,15.69,132.0,0.212,27.0,20.45,14.0,10.61,0.624,0.10700000000000001,19.81,7.97,19.92,27.89,21.4,17.2,240.0,0.245,50.0,20.83,21.0,8.75,0.734,0.172,22.87,9.83,17.49,27.31,23.7,24.39
745079,2024-06-12,2024,664040,L,665871,R,field_out,False,False,80.0,0.176,20.0,25.0,10.0,12.5,0.653,0.177,26.85,13.56,10.51,24.07,27.5,24.1,374.0,0.241,103.0,27.54,42.0,11.23,0.813,0.237,31.86,16.63,11.13,27.77,30.39,21.33,159.0,0.227,41.0,25.79,14.0,8.81,0.6499999999999999,0.12799999999999997,16.96,7.6,18.45,26.05,26.18,21.13,210.0,0.215,44.0,20.95,20.0,9.52,0.6479999999999999,0.1399999999999999,18.77,8.0,17.9,25.89,22.65,18.38
745079,2024-06-12,2024,670623,R,665871,R,double,False,False,199.0,0.291,31.0,15.58,19.0,9.55,0.868,0.203,16.11,7.26,18.53,25.79,27.37,9.04,438.0,0.247,82.0,18.72,43.0,9.82,0.86,0.266,18.6,8.55,16.71,25.26,28.98,14.09,132.0,0.212,27.0,20.45,14.0,10.61,0.624,0.10700000000000001,19.81,7.97,19.92,27.89,21.4,17.2,240.0,0.245,50.0,20.83,21.0,8.75,0.734,0.172,22.87,9.83,17.49,27.31,23.7,24.39
745079,2024-06-12,2024,666139,L,665871,R,field_out,False,False,60.0,0.208,16.0,26.67,6.0,10.0,0.665,0.169,25.0,12.69,14.18,26.87,30.0,16.16,435.0,0.3,104.0,23.91,27.0,6.21,0.8540000000000001,0.211,29.41,15.52,12.38,27.9,34.65,18.39,159.0,0.227,41.0,25.79,14.0,8.81,0.6499999999999999,0.12799999999999997,16.96,7.6,18.45,26.05,26.18,21.13,210.0,0.215,44.0,20.95,20.0,9.52,0.6479999999999999,0.1399999999999999,18.77,8.0,17.9,25.89,22.65,18.38
745079,2024-06-12,2024,673548,R,650644,R,home_run,False,False,128.0,0.278,37.0,28.91,6.0,4.69,0.798,0.19199999999999995,26.85,11.07,20.99,32.06,24.15,21.89,419.0,0.278,102.0,24.34,41.0,9.79,0.839,0.2129999999999999,24.3,9.93,20.44,30.37,19.3,20.2,162.0,0.262,32.0,19.75,10.0,6.17,0.754,0.181,21.91,10.08,18.05,28.13,29.45,17.49,250.0,0.237,50.0,20.0,17.0,6.8,0.643,0.1089999999999999,24.67,11.79,17.37,29.16,32.23,16.89
745079,2024-06-12,2024,664023,L,650644,R,field_out,False,False,200.0,0.214,58.0,29.0,27.0,13.5,0.7130000000000001,0.167,27.92,12.63,15.73,28.36,22.49,19.46,502.0,0.258,109.0,21.71,80.0,15.94,0.831,0.192,25.86,11.22,15.24,26.46,20.31,17.34,129.0,0.28,36.0,27.91,9.0,6.98,0.8160000000000001,0.19499999999999995,22.71,10.14,20.08,30.21,30.08,23.08,254.0,0.234,66.0,25.98,16.0,6.3,0.6679999999999999,0.145,20.86,9.62,20.09,29.72,28.72,18.28
745079,2024-06-12,2024,663538,R,650644,R,strikeout,True,False,193.0,0.244,18.0,9.33,19.0,9.84,0.688,0.10699999999999998,13.65,6.16,21.63,27.79,31.14,9.78,508.0,0.274,63.0,12.4,40.0,7.87,0.72,0.0979999999999999,13.4,6.0,20.67,26.67,29.91,12.21,162.0,0.262,32.0,19.75,10.0,6.17,0.754,0.181,21.91,10.08,18.05,28.13,29.45,17.49,250.0,0.237,50.0,20.0,17.0,6.8,0.643,0.1089999999999999,24.67,11.79,17.37,29.16,32.23,16.89
745079,2024-06-12,2024,621020,R,650644,R,field_out,False,False,174.0,0.22,50.0,28.74,13.0,7.47,0.6279999999999999,0.12599999999999997,33.04,15.92,14.93,30.85,23.88,23.47,478.0,0.244,111.0,23.22,49.0,10.25,0.734,0.161,28.04,13.13,15.12,28.26,23.34,18.66,162.0,0.262,32.0,19.75,10.0,6.17,0.754,0.181,21.91,10.08,18.05,28.13,29.45,17.49,250.0,0.237,50.0,20.0,17.0,6.8,0.643,0.1089999999999999,24.67,11.79,17.37,29.16,32.23,16.89
745079,2024-06-12,2024,642350,R,665871,R,home_run,False,False,138.0,0.183,52.0,37.68,9.0,6.52,0.567,0.11699999999999999,38.33,17.16,21.08,38.25,31.64,29.21,271.0,0.23,93.0,34.32,16.0,5.9,0.801,0.29,39.19,20.65,15.06,35.71,37.69,31.08,132.0,0.212,27.0,20.45,14.0,10.61,0.624,0.10700000000000001,19.81,7.97,19.92,27.89,21.4,17.2,240.0,0.245,50.0,20.83,21.0,8.75,0.734,0.172,22.87,9.83,17.49,27.31,23.7,24.39
745079,2024-06-12,2024,680700,L,665871,R,field_out,False,False,174.0,0.238,43.0,24.71,21.0,12.07,0.6930000000000001,0.11599999999999999,28.53,13.79,13.93,27.72,27.54,20.28,82.0,0.216,10.0,12.2,6.0,7.32,0.7390000000000001,0.243,15.71,6.75,18.4,25.15,18.99,10.75,159.0,0.227,41.0,25.79,14.0,8.81,0.6499999999999999,0.12799999999999997,16.96,7.6,18.45,26.05,26.18,21.13,210.0,0.215,44.0,20.95,20.0,9.52,0.6479999999999999,0.1399999999999999,18.77,8.0,17.9,25.89,22.65,18.38
745079,2024-06-12,2024,676609,R,665871,R,field_out,False,False,168.0,0.242,43.0,25.6,10.0,5.95,0.637,0.09100000000000003,29.14,13.29,19.49,32.78,31.62,21.08,156.0,0.186,37.0,23.72,15.0,9.62,0.588,0.1009999999999999,24.9,10.03,24.36,34.39,27.59,18.69,132.0,0.212,27.0,20.45,14.0,10.61,0.624,0.10700000000000001,19.81,7.97,19.92,27.89,21.4,17.2,240.0,0.245,50.0,20.83,21.0,8.75,0.734,0.172,22.87,9.83,17.49,27.31,23.7,24.39
745079,2024-06-12,2024,666163,L,665871,R,hit_by_pitch,False,False,116.0,0.26,29.0,25.0,15.0,12.93,0.6619999999999999,0.03999999999999998,24.89,11.11,16.97,28.08,27.05,17.5,72.0,0.133,15.0,20.83,10.0,13.89,0.507,0.1169999999999999,25.64,10.56,17.96,28.52,20.41,17.5,159.0,0.227,41.0,25.79,14.0,8.81,0.6499999999999999,0.12799999999999997,16.96,7.6,18.45,26.05,26.18,21.13,210.0,0.215,44.0,20.95,20.0,9.52,0.6479999999999999,0.1399999999999999,18.77,8.0,17.9,25.89,22.65,18.38
745079,2024-06-12,2024,670764,L,665871,R,strikeout,True,False,7.0,0.0,4.0,57.14,1.0,14.29,0.143,0.0,50.0,22.22,18.52,40.74,15.38,57.14,257.0,0.179,69.0,26.85,33.0,12.84,0.588,0.121,26.28,11.1,17.87,28.97,16.97,23.15,159.0,0.227,41.0,25.79,14.0,8.81,0.6499999999999999,0.12799999999999997,16.96,7.6,18.45,26.05,26.18,21.13,210.0,0.215,44.0,20.95,20.0,9.52,0.6479999999999999,0.1399999999999999,18.77,8.0,17.9,25.89,22.65,18.38
745079,2024-06-12,2024,691718,L,650644,R,field_out,False,False,77.0,0.217,16.0,20.78,4.0,5.19,0.5860000000000001,0.10200000000000001,22.41,13.31,10.58,23.89,40.69,15.69,15.0,0.0,6.0,40.0,2.0,13.33,0.154,0.0,44.44,26.67,8.33,35.0,23.08,27.27,129.0,0.28,36.0,27.91,9.0,6.98,0.8160000000000001,0.19499999999999995,22.71,10.14,20.08,30.21,30.08,23.08,254.0,0.234,66.0,25.98,16.0,6.3,0.6679999999999999,0.145,20.86,9.62,20.09,29.72,28.72,18.28
745079,2024-06-12,2024,665804,R,650644,R,field_out,False,False,109.0,0.219,24.0,22.02,9.0,8.26,0.605,0.08299999999999999,28.37,15.25,14.5,29.75,35.71,19.83,92.0,0.187,24.0,26.09,7.0,7.61,0.679,0.173,24.72,11.67,16.98,28.65,28.18,19.05,162.0,0.262,32.0,19.75,10.0,6.17,0.754,0.181,21.91,10.08,18.05,28.13,29.45,17.49,250.0,0.237,50.0,20.0,17.0,6.8,0.643,0.1089999999999999,24.67,11.79,17.37,29.16,32.23,16.89
745079,2024-06-12,2024,666624,R,650644,R,hit_by_pitch,False,False,206.0,0.21,47.0,22.82,25.0,12.14,0.71,0.18800000000000003,30.87,14.12,13.88,28.0,25.0,20.89,329.0,0.247,105.0,31.91,27.0,8.21,0.798,0.239,38.21,19.07,13.74,32.81,29.43,27.56,162.0,0.262,32.0,19.75,10.0,6.17,0.754,0.181,21.91,10.08,18.05,28.13,29.45,17.49,250.0,0.237,50.0,20.0,17.0,6.8,0.643,0.1089999999999999,24.67,11.79,17.37,29.16,32.23,16.89
745079,2024-06-12,2024,683737,L,650644,R,single,False,False,190.0,0.238,67.0,35.26,25.0,13.16,0.786,0.20600000000000002,33.61,15.0,15.24,30.24,25.06,24.72,66.0,0.158,21.0,31.82,8.0,12.12,0.556,0.1399999999999999,29.79,14.48,13.45,27.93,28.39,21.0,129.0,0.28,36.0,27.91,9.0,6.98,0.8160000000000001,0.19499999999999995,22.71,10.14,20.08,30.21,30.08,23.08,254.0,0.234,66.0,25.98,16.0,6.3,0.6679999999999999,0.145,20.86,9.62,20.09,29.72,28.72,18.28
745079,2024-06-12,2024,641355,L,650644,R,strikeout,True,False,161.0,0.234,30.0,18.63,17.0,10.56,0.777,0.22,26.26,13.29,12.78,26.06,32.4,19.74,373.0,0.291,58.0,15.55,27.0,7.24,0.829,0.198,20.08,10.01,15.91,25.92,29.71,13.74,129.0,0.28,36.0,27.91,9.0,6.98,0.8160000000000001,0.19499999999999995,22.71,10.14,20.08,30.21,30.08,23.08,254.0,0.234,66.0,25.98,16.0,6.3,0.6679999999999999,0.145,20.86,9.62,20.09,29.72,28.72,18.28
745079,2024-06-12,2024,650490,R,665871,R,single,False,False,217.0,0.244,32.0,14.75,22.0,10.14,0.669,0.09800000000000003,12.24,5.32,16.94,22.26,22.83,11.81,462.0,0.322,72.0,15.58,49.0,10.61,0.881,0.1559999999999999,18.95,8.0,18.68,26.68,19.71,15.69,132.0,0.212,27.0,20.45,14.0,10.61,0.624,0.10700000000000001,19.81,7.97,19.92,27.89,21.4,17.2,240.0,0.245,50.0,20.83,21.0,8.75,0.734,0.172,22.87,9.83,17.49,27.31,23.7,24.39
745079,2024-06-12,2024,664040,L,665871,R,field_out,False,False,80.0,0.176,20.0,25.0,10.0,12.5,0.653,0.177,26.85,13.56,10.51,24.07,27.5,24.1,374.0,0.241,103.0,27.54,42.0,11.23,0.813,0.237,31.86,16.63,11.13,27.77,30.39,21.33,159.0,0.227,41.0,25.79,14.0,8.81,0.6499999999999999,0.12799999999999997,16.96,7.6,18.45,26.05,26.18,21.13,210.0,0.215,44.0,20.95,20.0,9.52,0.6479999999999999,0.1399999999999999,18.77,8.0,17.9,25.89,22.65,18.38
745079,2024-06-12,2024,670623,R,665871,R,single,False,False,199.0,0.291,31.0,15.58,19.0,9.55,0.868,0.203,16.11,7.26,18.53,25.79,27.37,9.04,438.0,0.247,82.0,18.72,43.0,9.82,0.86,0.266,18.6,8.55,16.71,25.26,28.98,14.09,132.0,0.212,27.0,20.45,14.0,10.61,0.624,0.10700000000000001,19.81,7.97,19.92,27.89,21.4,17.2,240.0,0.245,50.0,20.83,21.0,8.75,0.734,0.172,22.87,9.83,17.49,27.31,23.7,24.39
745079,2024-06-12,2024,666139,L,665871,R,strikeout,True,False,60.0,0.208,16.0,26.67,6.0,10.0,0.665,0.169,25.0,12.69,14.18,26.87,30.0,16.16,435.0,0.3,104.0,23.91,27.0,6.21,0.8540000000000001,0.211,29.41,15.52,12.38,27.9,34.65,18.39,159.0,0.227,41.0,25.79,14.0,8.81,0.6499999999999999,0.12799999999999997,16.96,7.6,18.45,26.05,26.18,21.13,210.0,0.215,44.0,20.95,20.0,9.52,0.6479999999999999,0.1399999999999999,18.77,8.0,17.9,25.89,22.65,18.38
745079,2024-06-12,2024,642350,R,668338,R,field_out,False,False,138.0,0.183,52.0,37.68,9.0,6.52,0.567,0.11699999999999999,38.33,17.16,21.08,38.25,31.64,29.21,271.0,0.23,93.0,34.32,16.0,5.9,0.801,0.29,39.19,20.65,15.06,35.71,37.69,31.08,57.0,0.189,15.0,26.32,3.0,5.26,0.548,0.11299999999999999,29.41,15.49,13.72,29.2,34.75,17.28,32.0,0.185,7.0,21.88,4.0,12.5,0.503,0.037,28.57,12.31,16.92,29.23,30.26,20.59
745079,2024-06-12,2024,673548,R,650644,R,field_out,False,False,128.0,0.278,37.0,28.91,6.0,4.69,0.798,0.19199999999999995,26.85,11.07,20.99,32.06,24.15,21.89,419.0,0.278,102.0,24.34,41.0,9.79,0.839,0.2129999999999999,24.3,9.93,20.44,30.37,19.3,20.2,162.0,0.262,32.0,19.75,10.0,6.17,0.754,0.181,21.91,10.08,18.05,28.13,29.45,17.49,250.0,0.237,50.0,20.0,17.0,6.8,0.643,0.1089999999999999,24.67,11.79,17.37,29.16,32.23,16.89
745079,2024-06-12,2024,664023,L,650644,R,field_out,False,False,200.0,0.214,58.0,29.0,27.0,13.5,0.7130000000000001,0.167,27.92,12.63,15.73,28.36,22.49,19.46,502.0,0.258,109.0,21.71,80.0,15.94,0.831,0.192,25.86,11.22,15.24,26.46,20.31,17.34,129.0,0.28,36.0,27.91,9.0,6.98,0.8160000000000001,0.19499999999999995,22.71,10.14,20.08,30.21,30.08,23.08,254.0,0.234,66.0,25.98,16.0,6.3,0.6679999999999999,0.145,20.86,9.62,20.09,29.72,28.72,18.28
745079,2024-06-12,2024,663538,R,650644,R,single,False,False,193.0,0.244,18.0,9.33,19.0,9.84,0.688,0.10699999999999998,13.65,6.16,21.63,27.79,31.14,9.78,508.0,0.274,63.0,12.4,40.0,7.87,0.72,0.0979999999999999,13.4,6.0,20.67,26.67,29.91,12.21,162.0,0.262,32.0,19.75,10.0,6.17,0.754,0.181,21.91,10.08,18.05,28.13,29.45,17.49,250.0,0.237,50.0,20.0,17.0,6.8,0.643,0.1089999999999999,24.67,11.79,17.37,29.16,32.23,16.89
745079,2024-06-12,2024,621020,R,687330,R,field_out,False,False,174.0,0.22,50.0,28.74,13.0,7.47,0.6279999999999999,0.12599999999999997,33.04,15.92,14.93,30.85,23.88,23.47,478.0,0.244,111.0,23.22,49.0,10.25,0.734,0.161,28.04,13.13,15.12,28.26,23.34,18.66,72.0,0.258,20.0,27.78,3.0,4.17,0.704,0.136,23.81,9.96,25.9,35.86,29.2,26.67,172.0,0.211,29.0,16.86,5.0,2.91,0.554,0.0809999999999999,21.07,9.75,21.21,30.96,29.68,13.74
745079,2024-06-12,2024,680700,L,668338,R,field_out,False,False,174.0,0.238,43.0,24.71,21.0,12.07,0.6930000000000001,0.11599999999999999,28.53,13.79,13.93,27.72,27.54,20.28,82.0,0.216,10.0,12.2,6.0,7.32,0.7390000000000001,0.243,15.71,6.75,18.4,25.15,18.99,10.75,24.0,0.174,5.0,20.83,0.0,0.0,0.6859999999999999,0.304,30.77,19.75,7.41,27.16,36.59,17.24,32.0,0.276,3.0,9.38,2.0,6.25,0.896,0.276,25.0,12.63,13.68,26.32,18.6,17.65
745079,2024-06-12,2024,676609,R,668338,R,strikeout,True,False,168.0,0.242,43.0,25.6,10.0,5.95,0.637,0.09100000000000003,29.14,13.29,19.49,32.78,31.62,21.08,156.0,0.186,37.0,23.72,15.0,9.62,0.588,0.1009999999999999,24.9,10.03,24.36,34.39,27.59,18.69,57.0,0.189,15.0,26.32,3.0,5.26,0.548,0.11299999999999999,29.41,15.49,13.72,29.2,34.75,17.28,32.0,0.185,7.0,21.88,4.0,12.5,0.503,0.037,28.57,12.31,16.92,29.23,30.26,20.59
745079,2024-06-12,2024,666163,L,668338,R,strikeout,True,False,116.0,0.26,29.0,25.0,15.0,12.93,0.6619999999999999,0.03999999999999998,24.89,11.11,16.97,28.08,27.05,17.5,72.0,0.133,15.0,20.83,10.0,13.89,0.507,0.1169999999999999,25.64,10.56,17.96,28.52,20.41,17.5,24.0,0.174,5.0,20.83,0.0,0.0,0.6859999999999999,0.304,30.77,19.75,7.41,27.16,36.59,17.24,32.0,0.276,3.0,9.38,2.0,6.25,0.896,0.276,25.0,12.63,13.68,26.32,18.6,17.65
745079,2024-06-12,2024,691718,L,687330,R,field_out,False,False,77.0,0.217,16.0,20.78,4.0,5.19,0.5860000000000001,0.10200000000000001,22.41,13.31,10.58,23.89,40.69,15.69,15.0,0.0,6.0,40.0,2.0,13.33,0.154,0.0,44.44,26.67,8.33,35.0,23.08,27.27,43.0,0.22,8.0,18.6,0.0,0.0,0.677,0.219,11.84,5.73,22.29,28.03,27.54,14.81,104.0,0.211,27.0,25.96,10.0,9.62,0.65,0.122,24.16,10.19,19.67,29.86,20.39,21.31
745079,2024-06-12,2024,643565,L,687330,R,strikeout,True,False,187.0,0.255,36.0,19.25,26.0,13.9,0.78,0.15899999999999997,22.6,11.12,11.83,22.96,23.36,12.04,345.0,0.253,73.0,21.16,50.0,14.49,0.739,0.121,23.95,9.92,17.49,27.41,19.14,15.57,43.0,0.22,8.0,18.6,0.0,0.0,0.677,0.219,11.84,5.73,22.29,28.03,27.54,14.81,104.0,0.211,27.0,25.96,10.0,9.62,0.65,0.122,24.16,10.19,19.67,29.86,20.39,21.31
745079,2024-06-12,2024,666624,R,687330,R,single,False,False,206.0,0.21,47.0,22.82,25.0,12.14,0.71,0.18800000000000003,30.87,14.12,13.88,28.0,25.0,20.89,329.0,0.247,105.0,31.91,27.0,8.21,0.798,0.239,38.21,19.07,13.74,32.81,29.43,27.56,72.0,0.258,20.0,27.78,3.0,4.17,0.704,0.136,23.81,9.96,25.9,35.86,29.2,26.67,172.0,0.211,29.0,16.86,5.0,2.91,0.554,0.0809999999999999,21.07,9.75,21.21,30.96,29.68,13.74
745079,2024-06-12,2024,621550,R,664076,L,hit_by_pitch,False,False,46.0,0.256,15.0,32.61,4.0,8.7,0.861,0.257,29.59,14.43,13.93,28.36,24.49,22.39,131.0,0.217,47.0,35.88,10.0,7.63,0.769,0.275,32.94,15.47,14.92,30.39,23.55,28.83,76.0,0.2,20.0,26.32,9.0,11.84,0.522,0.014999999999999986,29.61,14.95,14.29,29.24,33.55,20.0,33.0,0.133,8.0,24.24,2.0,6.06,0.579,0.2339999999999999,25.0,10.08,19.38,29.46,28.17,24.24
745079,2024-06-12,2024,641355,L,664076,L,home_run,False,False,72.0,0.324,9.0,12.5,0.0,0.0,0.742,0.09899999999999998,21.31,11.76,17.19,28.96,37.63,16.98,183.0,0.337,29.0,15.85,13.0,7.1,0.984,0.2589999999999999,20.0,9.84,17.49,27.32,33.33,11.98,39.0,0.226,13.0,33.33,6.0,15.38,0.708,0.097,28.95,12.94,20.0,32.94,29.76,20.0,15.0,0.182,6.0,40.0,4.0,26.67,0.5820000000000001,0.0,27.78,12.2,17.07,29.27,32.61,16.22
745079,2024-06-12,2024,673548,R,664076,L,walk,False,True,54.0,0.229,11.0,20.37,6.0,11.11,0.732,0.18799999999999997,21.74,8.77,21.05,29.82,18.69,14.29,168.0,0.306,28.0,16.67,18.0,10.71,0.852,0.1659999999999999,13.89,5.59,20.11,25.7,20.92,12.39,76.0,0.2,20.0,26.32,9.0,11.84,0.522,0.014999999999999986,29.61,14.95,14.29,29.24,33.55,20.0,33.0,0.133,8.0,24.24,2.0,6.06,0.579,0.2339999999999999,25.0,10.08,19.38,29.46,28.17,24.24
745079,2024-06-12,2024,664023,R,664076,L,strikeout,True,False,64.0,0.228,13.0,20.31,5.0,7.81,0.635,0.10500000000000001,26.98,14.05,13.64,27.69,26.13,15.85,191.0,0.225,44.0,23.04,19.0,9.95,0.694,0.16,24.04,11.18,15.63,26.81,29.29,17.32,76.0,0.2,20.0,26.32,9.0,11.84,0.522,0.014999999999999986,29.61,14.95,14.29,29.24,33.55,20.0,33.0,0.133,8.0,24.24,2.0,6.06,0.579,0.2339999999999999,25.0,10.08,19.38,29.46,28.17,24.24
745079,2024-06-12,2024,670764,R,592767,L,field_out,False,False,6.0,0.333,2.0,33.33,0.0,0.0,0.833,0.16699999999999998,25.0,8.33,29.17,37.5,10.0,25.0,92.0,0.262,23.0,25.0,11.0,11.96,0.7769999999999999,0.1629999999999999,29.38,13.09,17.27,30.36,20.23,24.21,49.0,0.214,9.0,18.37,7.0,14.29,0.779,0.23800000000000002,26.04,12.56,13.07,25.63,28.85,15.79,466.0,0.241,105.0,22.53,41.0,8.8,0.758,0.205,27.97,13.04,15.89,28.93,32.06,19.66
745079,2024-06-12,2024,650490,R,592767,L,field_out,False,False,73.0,0.299,7.0,9.59,4.0,5.48,0.732,0.10400000000000004,8.26,3.73,16.79,20.52,19.51,12.5,139.0,0.355,22.0,15.83,16.0,11.51,1.101,0.314,16.87,7.31,16.22,23.53,19.53,13.75,49.0,0.214,9.0,18.37,7.0,14.29,0.779,0.23800000000000002,26.04,12.56,13.07,25.63,28.85,15.79,466.0,0.241,105.0,22.53,41.0,8.8,0.758,0.205,27.97,13.04,15.89,28.93,32.06,19.66
745079,2024-06-12,2024,664040,L,592767,L,strikeout,True,False,16.0,0.333,4.0,25.0,1.0,6.25,0.975,0.26699999999999996,38.24,21.67,5.0,26.67,28.57,25.0,63.0,0.17,16.0,25.4,8.0,12.7,0.512,0.0559999999999999,33.05,15.79,14.98,30.77,27.69,23.19,34.0,0.267,8.0,23.53,2.0,5.88,0.753,0.133,33.33,16.18,12.5,28.68,23.81,19.51,160.0,0.338,36.0,22.5,15.0,9.38,0.981,0.2379999999999999,24.16,11.21,18.1,29.31,30.48,24.83
745079,2024-06-12,2024,663538,R,664208,R,field_out,False,False,193.0,0.244,18.0,9.33,19.0,9.84,0.688,0.10699999999999998,13.65,6.16,21.63,27.79,31.14,9.78,508.0,0.274,63.0,12.4,40.0,7.87,0.72,0.0979999999999999,13.4,6.0,20.67,26.67,29.91,12.21,60.0,0.26,9.0,15.0,9.0,15.0,0.783,0.14,29.91,14.52,13.69,28.22,27.61,14.52,136.0,0.153,44.0,32.35,8.0,5.88,0.431,0.0569999999999999,39.26,20.62,13.04,33.66,34.2,29.86
745079,2024-06-12,2024,621020,R,664208,R,field_out,False,False,174.0,0.22,50.0,28.74,13.0,7.47,0.6279999999999999,0.12599999999999997,33.04,15.92,14.93,30.85,23.88,23.47,478.0,0.244,111.0,23.22,49.0,10.25,0.734,0.161,28.04,13.13,15.12,28.26,23.34,18.66,60.0,0.26,9.0,15.0,9.0,15.0,0.783,0.14,29.91,14.52,13.69,28.22,27.61,14.52,136.0,0.153,44.0,32.35,8.0,5.88,0.431,0.0569999999999999,39.26,20.62,13.04,33.66,34.2,29.86
745079,2024-06-12,2024,691718,L,664208,R,single,False,False,77.0,0.217,16.0,20.78,4.0,5.19,0.5860000000000001,0.10200000000000001,22.41,13.31,10.58,23.89,40.69,15.69,15.0,0.0,6.0,40.0,2.0,13.33,0.154,0.0,44.44,26.67,8.33,35.0,23.08,27.27,50.0,0.256,10.0,20.0,8.0,16.0,1.087,0.41100000000000003,23.4,10.28,14.49,24.77,31.03,15.62,138.0,0.265,30.0,21.74,17.0,12.32,0.856,0.2039999999999999,26.0,12.2,15.95,28.14,26.22,19.87
745079,2024-06-12,2024,643565,L,664208,R,field_out,False,False,187.0,0.255,36.0,19.25,26.0,13.9,0.78,0.15899999999999997,22.6,11.12,11.83,22.96,23.36,12.04,345.0,0.253,73.0,21.16,50.0,14.49,0.739,0.121,23.95,9.92,17.49,27.41,19.14,15.57,50.0,0.256,10.0,20.0,8.0,16.0,1.087,0.41100000000000003,23.4,10.28,14.49,24.77,31.03,15.62,138.0,0.265,30.0,21.74,17.0,12.32,0.856,0.2039999999999999,26.0,12.2,15.95,28.14,26.22,19.87
745079,2024-06-12,2024,670623,R,592767,L,strikeout,True,False,65.0,0.276,13.0,20.0,6.0,9.23,0.768,0.13799999999999996,20.87,8.99,21.72,30.71,26.95,16.05,136.0,0.259,22.0,16.18,15.0,11.03,0.773,0.146,17.06,7.6,18.37,25.97,26.71,12.64,49.0,0.214,9.0,18.37,7.0,14.29,0.779,0.23800000000000002,26.04,12.56,13.07,25.63,28.85,15.79,466.0,0.241,105.0,22.53,41.0,8.8,0.758,0.205,27.97,13.04,15.89,28.93,32.06,19.66
745079,2024-06-12,2024,668227,R,592767,L,field_out,False,False,69.0,0.182,13.0,18.84,13.0,18.84,0.683,0.16299999999999998,25.89,10.03,18.34,28.37,18.35,17.57,138.0,0.254,37.0,26.81,18.0,13.04,0.8280000000000001,0.212,26.44,11.46,18.11,29.57,29.32,19.68,49.0,0.214,9.0,18.37,7.0,14.29,0.779,0.23800000000000002,26.04,12.56,13.07,25.63,28.85,15.79,466.0,0.241,105.0,22.53,41.0,8.8,0.758,0.205,27.97,13.04,15.89,28.93,32.06,19.66
745079,2024-06-12,2024,642350,R,592767,L,strikeout,True,False,49.0,0.186,17.0,34.69,5.0,10.2,0.7070000000000001,0.256,41.51,20.47,13.95,34.42,27.36,22.37,93.0,0.198,37.0,39.78,4.0,4.3,0.647,0.2209999999999999,43.46,22.99,15.24,38.23,37.84,32.17,49.0,0.214,9.0,18.37,7.0,14.29,0.779,0.23800000000000002,26.04,12.56,13.07,25.63,28.85,15.79,466.0,0.241,105.0,22.53,41.0,8.8,0.758,0.205,27.97,13.04,15.89,28.93,32.06,19.66
745079,2024-06-12,2024,666624,R,621363,L,field_out,False,False,69.0,0.2,13.0,18.84,9.0,13.04,0.751,0.21799999999999997,26.79,12.15,14.17,26.32,25.6,18.06,101.0,0.25,28.0,27.72,9.0,8.91,0.893,0.3259999999999999,32.8,15.98,13.4,29.38,27.23,25.23,36.0,0.212,5.0,13.89,2.0,5.56,0.644,0.18200000000000002,21.54,11.57,7.44,19.01,34.78,16.67,172.0,0.199,36.0,20.93,16.0,9.3,0.5740000000000001,0.0989999999999999,25.81,12.6,14.49,27.09,32.74,21.95
745079,2024-06-12,2024,543228,R,621363,L,field_out,False,False,15.0,0.071,7.0,46.67,1.0,6.67,0.20400000000000001,0.0,37.5,20.69,15.52,36.21,41.94,38.89,140.0,0.281,22.0,15.71,7.0,5.0,0.825,0.2269999999999999,21.58,11.67,14.79,26.46,37.25,15.83,36.0,0.212,5.0,13.89,2.0,5.56,0.644,0.18200000000000002,21.54,11.57,7.44,19.01,34.78,16.67,172.0,0.199,36.0,20.93,16.0,9.3,0.5740000000000001,0.0989999999999999,25.81,12.6,14.49,27.09,32.74,21.95
745079,2024-06-12,2024,641355,L,621363,L,single,False,False,72.0,0.324,9.0,12.5,0.0,0.0,0.742,0.09899999999999998,21.31,11.76,17.19,28.96,37.63,16.98,183.0,0.337,29.0,15.85,13.0,7.1,0.984,0.2589999999999999,20.0,9.84,17.49,27.32,33.33,11.98,14.0,0.455,3.0,21.43,3.0,21.43,1.3889999999999998,0.36299999999999993,25.0,10.53,17.54,28.07,18.52,15.79,74.0,0.185,25.0,33.78,8.0,10.81,0.597,0.138,35.92,17.23,16.55,33.78,28.28,25.81
745079,2024-06-12,2024,673548,R,621363,L,force_out,False,False,54.0,0.229,11.0,20.37,6.0,11.11,0.732,0.18799999999999997,21.74,8.77,21.05,29.82,18.69,14.29,168.0,0.306,28.0,16.67,18.0,10.71,0.852,0.1659999999999999,13.89,5.59,20.11,25.7,20.92,12.39,36.0,0.212,5.0,13.89,2.0,5.56,0.644,0.18200000000000002,21.54,11.57,7.44,19.01,34.78,16.67,172.0,0.199,36.0,20.93,16.0,9.3,0.5740000000000001,0.0989999999999999,25.81,12.6,14.49,27.09,32.74,21.95
745079,2024-06-12,2024,680700,L,593576,R,field_out,False,False,174.0,0.238,43.0,24.71,21.0,12.07,0.6930000000000001,0.11599999999999999,28.53,13.79,13.93,27.72,27.54,20.28,82.0,0.216,10.0,12.2,6.0,7.32,0.7390000000000001,0.243,15.71,6.75,18.4,25.15,18.99,10.75,49.0,0.222,11.0,22.45,13.0,26.53,0.79,0.13899999999999998,26.6,11.36,10.45,21.82,24.48,19.3,115.0,0.163,32.0,27.83,15.0,13.04,0.517,0.0819999999999999,34.19,16.91,12.68,29.6,31.32,21.92
745079,2024-06-12,2024,676609,R,593576,R,home_run,False,False,168.0,0.242,43.0,25.6,10.0,5.95,0.637,0.09100000000000003,29.14,13.29,19.49,32.78,31.62,21.08,156.0,0.186,37.0,23.72,15.0,9.62,0.588,0.1009999999999999,24.9,10.03,24.36,34.39,27.59,18.69,60.0,0.245,13.0,21.67,5.0,8.33,0.6799999999999999,0.11299999999999999,18.18,9.21,13.39,22.59,31.4,19.12,158.0,0.181,45.0,28.48,16.0,10.13,0.6060000000000001,0.145,27.9,14.33,15.14,29.47,31.82,22.39
745079,2024-06-12,2024,666163,L,593576,R,single,False,False,116.0,0.26,29.0,25.0,15.0,12.93,0.6619999999999999,0.03999999999999998,24.89,11.11,16.97,28.08,27.05,17.5,72.0,0.133,15.0,20.83,10.0,13.89,0.507,0.1169999999999999,25.64,10.56,17.96,28.52,20.41,17.5,49.0,0.222,11.0,22.45,13.0,26.53,0.79,0.13899999999999998,26.6,11.36,10.45,21.82,24.48,19.3,115.0,0.163,32.0,27.83,15.0,13.04,0.517,0.0819999999999999,34.19,16.91,12.68,29.6,31.32,21.92
745079,2024-06-12,2024,670764,L,593576,R,walk,False,True,7.0,0.0,4.0,57.14,1.0,14.29,0.143,0.0,50.0,22.22,18.52,40.74,15.38,57.14,257.0,0.179,69.0,26.85,33.0,12.84,0.588,0.121,26.28,11.1,17.87,28.97,16.97,23.15,49.0,0.222,11.0,22.45,13.0,26.53,0.79,0.13899999999999998,26.6,11.36,10.45,21.82,24.48,19.3,115.0,0.163,32.0,27.83,15.0,13.04,0.517,0.0819999999999999,34.19,16.91,12.68,29.6,31.32,21.92
745079,2024-06-12,2024,650490,R,593576,R,field_out,False,False,217.0,0.244,32.0,14.75,22.0,10.14,0.669,0.09800000000000003,12.24,5.32,16.94,22.26,22.83,11.81,462.0,0.322,72.0,15.58,49.0,10.61,0.881,0.1559999999999999,18.95,8.0,18.68,26.68,19.71,15.69,60.0,0.245,13.0,21.67,5.0,8.33,0.6799999999999999,0.11299999999999999,18.18,9.21,13.39,22.59,31.4,19.12,158.0,0.181,45.0,28.48,16.0,10.13,0.6060000000000001,0.145,27.9,14.33,15.14,29.47,31.82,22.39
745079,2024-06-12,2024,664040,L,593576,R,field_out,False,False,80.0,0.176,20.0,25.0,10.0,12.5,0.653,0.177,26.85,13.56,10.51,24.07,27.5,24.1,374.0,0.241,103.0,27.54,42.0,11.23,0.813,0.237,31.86,16.63,11.13,27.77,30.39,21.33,49.0,0.222,11.0,22.45,13.0,26.53,0.79,0.13899999999999998,26.6,11.36,10.45,21.82,24.48,19.3,115.0,0.163,32.0,27.83,15.0,13.04,0.517,0.0819999999999999,34.19,16.91,12.68,29.6,31.32,21.92
746462,2024-06-12,2024,682928,L,681857,R,field_out,False,False,191.0,0.205,40.0,20.94,13.0,6.81,0.674,0.19900000000000004,23.6,12.93,12.93,25.87,41.08,17.24,446.0,0.274,78.0,17.49,24.0,5.38,0.786,0.19,21.76,11.82,12.69,24.5,35.86,16.63,150.0,0.215,34.0,22.67,14.0,9.33,0.638,0.12300000000000003,26.48,12.3,15.86,28.16,30.09,17.09,190.0,0.218,50.0,26.32,23.0,12.11,0.687,0.158,25.27,11.11,16.18,27.29,26.16,18.12
746462,2024-06-12,2024,657041,R,681857,R,field_out,False,False,112.0,0.18,28.0,25.0,9.0,8.04,0.5409999999999999,0.12,22.04,9.13,20.94,30.07,20.7,20.44,490.0,0.242,143.0,29.18,23.0,4.69,0.719,0.185,26.09,11.34,20.58,31.92,28.6,24.48,126.0,0.256,24.0,19.05,7.0,5.56,0.619,0.069,28.57,13.13,18.6,31.73,32.13,19.2,232.0,0.213,53.0,22.84,10.0,4.31,0.621,0.158,29.12,14.08,17.25,31.33,33.69,18.86
746462,2024-06-12,2024,608385,L,681857,R,single,False,False,174.0,0.271,38.0,21.84,23.0,13.22,0.804,0.14599999999999996,22.78,9.63,17.25,26.87,18.73,15.2,184.0,0.2,46.0,25.0,24.0,13.04,0.5660000000000001,0.0449999999999999,25.91,11.04,17.01,28.05,20.4,17.9,150.0,0.215,34.0,22.67,14.0,9.33,0.638,0.12300000000000003,26.48,12.3,15.86,28.16,30.09,17.09,190.0,0.218,50.0,26.32,23.0,12.11,0.687,0.158,25.27,11.11,16.18,27.29,26.16,18.12
746462,2024-06-12,2024,592696,L,681857,R,field_out,False,False,165.0,0.182,42.0,25.45,10.0,6.06,0.609,0.195,29.13,14.79,15.24,30.03,34.48,20.59,449.0,0.258,104.0,23.16,29.0,6.46,0.762,0.199,29.98,17.01,12.43,29.45,43.87,20.59,150.0,0.215,34.0,22.67,14.0,9.33,0.638,0.12300000000000003,26.48,12.3,15.86,28.16,30.09,17.09,190.0,0.218,50.0,26.32,23.0,12.11,0.687,0.158,25.27,11.11,16.18,27.29,26.16,18.12
746462,2024-06-12,2024,663837,R,663623,R,home_run,False,False,152.0,0.257,35.0,23.03,9.0,5.92,0.798,0.236,20.08,8.51,20.79,29.3,18.35,18.42,383.0,0.26,92.0,24.02,29.0,7.57,0.724,0.14,21.06,9.23,21.95,31.18,28.67,18.31,135.0,0.197,30.0,22.22,2.0,1.48,0.548,0.136,21.91,10.62,18.73,29.34,28.0,18.12,244.0,0.233,51.0,20.9,24.0,9.84,0.6719999999999999,0.1189999999999999,19.25,7.79,20.22,28.01,20.24,17.11
746462,2024-06-12,2024,682985,L,663623,R,field_out,False,False,218.0,0.261,59.0,27.06,31.0,14.22,0.853,0.22299999999999998,29.04,11.74,17.94,29.68,20.59,22.96,323.0,0.291,84.0,26.01,28.0,8.67,0.826,0.182,27.26,12.45,16.06,28.52,24.68,20.14,164.0,0.247,34.0,20.73,12.0,7.32,0.718,0.15999999999999998,23.62,11.6,15.21,26.81,24.83,16.19,286.0,0.274,48.0,16.78,30.0,10.49,0.853,0.2219999999999999,16.95,7.84,17.16,25.0,24.68,13.01
746462,2024-06-12,2024,672761,L,663623,R,single,False,False,134.0,0.225,28.0,20.9,12.0,8.96,0.6759999999999999,0.158,20.25,8.89,19.24,28.13,24.63,16.0,,,,,,,,,,,,,,,164.0,0.247,34.0,20.73,12.0,7.32,0.718,0.15999999999999998,23.62,11.6,15.21,26.81,24.83,16.19,286.0,0.274,48.0,16.78,30.0,10.49,0.853,0.2219999999999999,16.95,7.84,17.16,25.0,24.68,13.01
746462,2024-06-12,2024,592192,R,663623,R,single,False,False,194.0,0.23,38.0,19.59,20.0,10.31,0.6819999999999999,0.11499999999999996,22.26,8.81,23.37,32.18,21.12,16.24,341.0,0.261,56.0,16.42,28.0,8.21,0.721,0.1079999999999999,18.91,7.86,21.98,29.84,23.71,13.49,135.0,0.197,30.0,22.22,2.0,1.48,0.548,0.136,21.91,10.62,18.73,29.34,28.0,18.12,244.0,0.233,51.0,20.9,24.0,9.84,0.6719999999999999,0.1189999999999999,19.25,7.79,20.22,28.01,20.24,17.11
746462,2024-06-12,2024,690993,L,663623,R,strikeout,True,False,177.0,0.213,31.0,17.51,11.0,6.21,0.5529999999999999,0.07399999999999998,22.98,10.82,16.46,27.29,31.18,18.9,,,,,,,,,,,,,,,164.0,0.247,34.0,20.73,12.0,7.32,0.718,0.15999999999999998,23.62,11.6,15.21,26.81,24.83,16.19,286.0,0.274,48.0,16.78,30.0,10.49,0.853,0.2219999999999999,16.95,7.84,17.16,25.0,24.68,13.01
746462,2024-06-12,2024,570482,R,663623,R,field_out,False,False,100.0,0.309,12.0,12.0,4.0,4.0,0.755,0.10599999999999998,20.44,10.31,17.55,27.86,32.35,12.63,175.0,0.276,30.0,17.14,9.0,5.14,0.653,0.061,20.55,11.01,13.8,24.82,34.39,12.39,135.0,0.197,30.0,22.22,2.0,1.48,0.548,0.136,21.91,10.62,18.73,29.34,28.0,18.12,244.0,0.233,51.0,20.9,24.0,9.84,0.6719999999999999,0.1189999999999999,19.25,7.79,20.22,28.01,20.24,17.11
746462,2024-06-12,2024,671277,L,681857,R,field_out,False,False,172.0,0.28,28.0,16.28,8.0,4.65,0.747,0.15299999999999997,22.15,11.39,15.41,26.8,34.95,17.72,355.0,0.268,44.0,12.39,23.0,6.48,0.6950000000000001,0.1129999999999999,17.54,8.86,13.52,22.38,31.84,12.54,150.0,0.215,34.0,22.67,14.0,9.33,0.638,0.12300000000000003,26.48,12.3,15.86,28.16,30.09,17.09,190.0,0.218,50.0,26.32,23.0,12.11,0.687,0.158,25.27,11.11,16.18,27.29,26.16,18.12
746462,2024-06-12,2024,608841,R,681857,R,field_out,False,False,157.0,0.259,28.0,17.83,11.0,7.01,0.654,0.07900000000000001,20.75,10.45,13.53,23.97,27.87,16.47,471.0,0.268,97.0,20.59,28.0,5.94,0.7030000000000001,0.12,23.85,11.18,18.94,30.12,30.48,17.38,126.0,0.256,24.0,19.05,7.0,5.56,0.619,0.069,28.57,13.13,18.6,31.73,32.13,19.2,232.0,0.213,53.0,22.84,10.0,4.31,0.621,0.158,29.12,14.08,17.25,31.33,33.69,18.86
746462,2024-06-12,2024,660688,L,681857,R,field_out,False,False,130.0,0.211,18.0,13.85,3.0,2.31,0.563,0.10600000000000001,13.96,7.19,17.4,24.59,35.38,17.14,403.0,0.249,48.0,11.91,25.0,6.2,0.712,0.1629999999999999,14.96,7.67,15.92,23.59,36.49,14.77,150.0,0.215,34.0,22.67,14.0,9.33,0.638,0.12300000000000003,26.48,12.3,15.86,28.16,30.09,17.09,190.0,0.218,50.0,26.32,23.0,12.11,0.687,0.158,25.27,11.11,16.18,27.29,26.16,18.12
746462,2024-06-12,2024,656716,L,663623,R,strikeout,True,False,98.0,0.216,27.0,27.55,8.0,8.16,0.604,0.10200000000000001,28.04,13.35,16.88,30.23,28.72,22.31,475.0,0.23,109.0,22.95,38.0,8.0,0.653,0.1259999999999999,21.06,10.13,16.08,26.2,28.04,19.12,164.0,0.247,34.0,20.73,12.0,7.32,0.718,0.15999999999999998,23.62,11.6,15.21,26.81,24.83,16.19,286.0,0.274,48.0,16.78,30.0,10.49,0.853,0.2219999999999999,16.95,7.84,17.16,25.0,24.68,13.01
746462,2024-06-12,2024,668731,L,663623,R,field_out,False,False,24.0,0.2,6.0,25.0,3.0,12.5,0.792,0.3,30.77,16.49,10.31,26.8,35.85,20.0,347.0,0.218,87.0,25.07,42.0,12.1,0.688,0.158,25.51,11.78,14.66,26.44,24.86,21.97,164.0,0.247,34.0,20.73,12.0,7.32,0.718,0.15999999999999998,23.62,11.6,15.21,26.81,24.83,16.19,286.0,0.274,48.0,16.78,30.0,10.49,0.853,0.2219999999999999,16.95,7.84,17.16,25.0,24.68,13.01
746462,2024-06-12,2024,608348,R,663623,R,strikeout,True,False,100.0,0.225,24.0,24.0,7.0,7.0,0.64,0.11200000000000002,23.16,10.05,21.08,31.13,23.35,18.46,108.0,0.198,27.0,25.0,6.0,5.56,0.479,0.0399999999999999,28.73,13.54,19.79,33.33,28.41,25.0,135.0,0.197,30.0,22.22,2.0,1.48,0.548,0.136,21.91,10.62,18.73,29.34,28.0,18.12,244.0,0.233,51.0,20.9,24.0,9.84,0.6719999999999999,0.1189999999999999,19.25,7.79,20.22,28.01,20.24,17.11
746462,2024-06-12,2024,669222,R,681857,R,strikeout,True,False,120.0,0.23,32.0,26.67,18.0,15.0,0.733,0.15,28.93,12.61,17.7,30.31,20.37,26.89,205.0,0.164,51.0,24.88,18.0,8.78,0.497,0.093,25.27,12.43,15.64,28.07,26.72,23.15,126.0,0.256,24.0,19.05,7.0,5.56,0.619,0.069,28.57,13.13,18.6,31.73,32.13,19.2,232.0,0.213,53.0,22.84,10.0,4.31,0.621,0.158,29.12,14.08,17.25,31.33,33.69,18.86
746462,2024-06-12,2024,696285,R,681857,R,field_out,False,False,127.0,0.234,28.0,22.05,8.0,6.3,0.5760000000000001,0.036000000000000004,23.33,10.54,21.51,32.04,30.53,23.93,93.0,0.268,17.0,18.28,7.0,7.53,0.687,0.0859999999999999,21.38,9.8,20.46,30.26,30.36,15.74,126.0,0.256,24.0,19.05,7.0,5.56,0.619,0.069,28.57,13.13,18.6,31.73,32.13,19.2,232.0,0.213,53.0,22.84,10.0,4.31,0.621,0.158,29.12,14.08,17.25,31.33,33.69,18.86
746462,2024-06-12,2024,682928,L,681857,R,home_run,False,False,191.0,0.205,40.0,20.94,13.0,6.81,0.674,0.19900000000000004,23.6,12.93,12.93,25.87,41.08,17.24,446.0,0.274,78.0,17.49,24.0,5.38,0.786,0.19,21.76,11.82,12.69,24.5,35.86,16.63,150.0,0.215,34.0,22.67,14.0,9.33,0.638,0.12300000000000003,26.48,12.3,15.86,28.16,30.09,17.09,190.0,0.218,50.0,26.32,23.0,12.11,0.687,0.158,25.27,11.11,16.18,27.29,26.16,18.12
746462,2024-06-12,2024,657041,R,681857,R,walk,False,True,112.0,0.18,28.0,25.0,9.0,8.04,0.5409999999999999,0.12,22.04,9.13,20.94,30.07,20.7,20.44,490.0,0.242,143.0,29.18,23.0,4.69,0.719,0.185,26.09,11.34,20.58,31.92,28.6,24.48,126.0,0.256,24.0,19.05,7.0,5.56,0.619,0.069,28.57,13.13,18.6,31.73,32.13,19.2,232.0,0.213,53.0,22.84,10.0,4.31,0.621,0.158,29.12,14.08,17.25,31.33,33.69,18.86
746462,2024-06-12,2024,608385,L,681857,R,walk,False,True,174.0,0.271,38.0,21.84,23.0,13.22,0.804,0.14599999999999996,22.78,9.63,17.25,26.87,18.73,15.2,184.0,0.2,46.0,25.0,24.0,13.04,0.5660000000000001,0.0449999999999999,25.91,11.04,17.01,28.05,20.4,17.9,150.0,0.215,34.0,22.67,14.0,9.33,0.638,0.12300000000000003,26.48,12.3,15.86,28.16,30.09,17.09,190.0,0.218,50.0,26.32,23.0,12.11,0.687,0.158,25.27,11.11,16.18,27.29,26.16,18.12
746462,2024-06-12,2024,663837,R,663623,R,field_out,False,False,152.0,0.257,35.0,23.03,9.0,5.92,0.798,0.236,20.08,8.51,20.79,29.3,18.35,18.42,383.0,0.26,92.0,24.02,29.0,7.57,0.724,0.14,21.06,9.23,21.95,31.18,28.67,18.31,135.0,0.197,30.0,22.22,2.0,1.48,0.548,0.136,21.91,10.62,18.73,29.34,28.0,18.12,244.0,0.233,51.0,20.9,24.0,9.84,0.6719999999999999,0.1189999999999999,19.25,7.79,20.22,28.01,20.24,17.11
746462,2024-06-12,2024,682985,L,663623,R,field_out,False,False,218.0,0.261,59.0,27.06,31.0,14.22,0.853,0.22299999999999998,29.04,11.74,17.94,29.68,20.59,22.96,323.0,0.291,84.0,26.01,28.0,8.67,0.826,0.182,27.26,12.45,16.06,28.52,24.68,20.14,164.0,0.247,34.0,20.73,12.0,7.32,0.718,0.15999999999999998,23.62,11.6,15.21,26.81,24.83,16.19,286.0,0.274,48.0,16.78,30.0,10.49,0.853,0.2219999999999999,16.95,7.84,17.16,25.0,24.68,13.01
746462,2024-06-12,2024,672761,L,663623,R,single,False,False,134.0,0.225,28.0,20.9,12.0,8.96,0.6759999999999999,0.158,20.25,8.89,19.24,28.13,24.63,16.0,,,,,,,,,,,,,,,164.0,0.247,34.0,20.73,12.0,7.32,0.718,0.15999999999999998,23.62,11.6,15.21,26.81,24.83,16.19,286.0,0.274,48.0,16.78,30.0,10.49,0.853,0.2219999999999999,16.95,7.84,17.16,25.0,24.68,13.01
746462,2024-06-12,2024,592192,R,663623,R,field_out,False,False,194.0,0.23,38.0,19.59,20.0,10.31,0.6819999999999999,0.11499999999999996,22.26,8.81,23.37,32.18,21.12,16.24,341.0,0.261,56.0,16.42,28.0,8.21,0.721,0.1079999999999999,18.91,7.86,21.98,29.84,23.71,13.49,135.0,0.197,30.0,22.22,2.0,1.48,0.548,0.136,21.91,10.62,18.73,29.34,28.0,18.12,244.0,0.233,51.0,20.9,24.0,9.84,0.6719999999999999,0.1189999999999999,19.25,7.79,20.22,28.01,20.24,17.11
746462,2024-06-12,2024,592696,L,681857,R,strikeout,True,False,165.0,0.182,42.0,25.45,10.0,6.06,0.609,0.195,29.13,14.79,15.24,30.03,34.48,20.59,449.0,0.258,104.0,23.16,29.0,6.46,0.762,0.199,29.98,17.01,12.43,29.45,43.87,20.59,150.0,0.215,34.0,22.67,14.0,9.33,0.638,0.12300000000000003,26.48,12.3,15.86,28.16,30.09,17.09,190.0,0.218,50.0,26.32,23.0,12.11,0.687,0.158,25.27,11.11,16.18,27.29,26.16,18.12
746462,2024-06-12,2024,671277,L,681857,R,single,False,False,172.0,0.28,28.0,16.28,8.0,4.65,0.747,0.15299999999999997,22.15,11.39,15.41,26.8,34.95,17.72,355.0,0.268,44.0,12.39,23.0,6.48,0.6950000000000001,0.1129999999999999,17.54,8.86,13.52,22.38,31.84,12.54,150.0,0.215,34.0,22.67,14.0,9.33,0.638,0.12300000000000003,26.48,12.3,15.86,28.16,30.09,17.09,190.0,0.218,50.0,26.32,23.0,12.11,0.687,0.158,25.27,11.11,16.18,27.29,26.16,18.12
746462,2024-06-12,2024,608841,R,681857,R,double,False,False,157.0,0.259,28.0,17.83,11.0,7.01,0.654,0.07900000000000001,20.75,10.45,13.53,23.97,27.87,16.47,471.0,0.268,97.0,20.59,28.0,5.94,0.7030000000000001,0.12,23.85,11.18,18.94,30.12,30.48,17.38,126.0,0.256,24.0,19.05,7.0,5.56,0.619,0.069,28.57,13.13,18.6,31.73,32.13,19.2,232.0,0.213,53.0,22.84,10.0,4.31,0.621,0.158,29.12,14.08,17.25,31.33,33.69,18.86
746462,2024-06-12,2024,660688,L,681857,R,sac_fly,False,False,130.0,0.211,18.0,13.85,3.0,2.31,0.563,0.10600000000000001,13.96,7.19,17.4,24.59,35.38,17.14,403.0,0.249,48.0,11.91,25.0,6.2,0.712,0.1629999999999999,14.96,7.67,15.92,23.59,36.49,14.77,150.0,0.215,34.0,22.67,14.0,9.33,0.638,0.12300000000000003,26.48,12.3,15.86,28.16,30.09,17.09,190.0,0.218,50.0,26.32,23.0,12.11,0.687,0.158,25.27,11.11,16.18,27.29,26.16,18.12
746462,2024-06-12,2024,669222,R,681857,R,field_out,False,False,120.0,0.23,32.0,26.67,18.0,15.0,0.733,0.15,28.93,12.61,17.7,30.31,20.37,26.89,205.0,0.164,51.0,24.88,18.0,8.78,0.497,0.093,25.27,12.43,15.64,28.07,26.72,23.15,126.0,0.256,24.0,19.05,7.0,5.56,0.619,0.069,28.57,13.13,18.6,31.73,32.13,19.2,232.0,0.213,53.0,22.84,10.0,4.31,0.621,0.158,29.12,14.08,17.25,31.33,33.69,18.86
746462,2024-06-12,2024,690993,L,663623,R,field_out,False,False,177.0,0.213,31.0,17.51,11.0,6.21,0.5529999999999999,0.07399999999999998,22.98,10.82,16.46,27.29,31.18,18.9,,,,,,,,,,,,,,,164.0,0.247,34.0,20.73,12.0,7.32,0.718,0.15999999999999998,23.62,11.6,15.21,26.81,24.83,16.19,286.0,0.274,48.0,16.78,30.0,10.49,0.853,0.2219999999999999,16.95,7.84,17.16,25.0,24.68,13.01
746462,2024-06-12,2024,570482,R,663623,R,single,False,False,100.0,0.309,12.0,12.0,4.0,4.0,0.755,0.10599999999999998,20.44,10.31,17.55,27.86,32.35,12.63,175.0,0.276,30.0,17.14,9.0,5.14,0.653,0.061,20.55,11.01,13.8,24.82,34.39,12.39,135.0,0.197,30.0,22.22,2.0,1.48,0.548,0.136,21.91,10.62,18.73,29.34,28.0,18.12,244.0,0.233,51.0,20.9,24.0,9.84,0.6719999999999999,0.1189999999999999,19.25,7.79,20.22,28.01,20.24,17.11
746462,2024-06-12,2024,656716,L,663623,R,field_out,False,False,98.0,0.216,27.0,27.55,8.0,8.16,0.604,0.10200000000000001,28.04,13.35,16.88,30.23,28.72,22.31,475.0,0.23,109.0,22.95,38.0,8.0,0.653,0.1259999999999999,21.06,10.13,16.08,26.2,28.04,19.12,164.0,0.247,34.0,20.73,12.0,7.32,0.718,0.15999999999999998,23.62,11.6,15.21,26.81,24.83,16.19,286.0,0.274,48.0,16.78,30.0,10.49,0.853,0.2219999999999999,16.95,7.84,17.16,25.0,24.68,13.01
746462,2024-06-12,2024,668731,L,663623,R,field_out,False,False,24.0,0.2,6.0,25.0,3.0,12.5,0.792,0.3,30.77,16.49,10.31,26.8,35.85,20.0,347.0,0.218,87.0,25.07,42.0,12.1,0.688,0.158,25.51,11.78,14.66,26.44,24.86,21.97,164.0,0.247,34.0,20.73,12.0,7.32,0.718,0.15999999999999998,23.62,11.6,15.21,26.81,24.83,16.19,286.0,0.274,48.0,16.78,30.0,10.49,0.853,0.2219999999999999,16.95,7.84,17.16,25.0,24.68,13.01
746462,2024-06-12,2024,696285,R,681857,R,double,False,False,127.0,0.234,28.0,22.05,8.0,6.3,0.5760000000000001,0.036000000000000004,23.33,10.54,21.51,32.04,30.53,23.93,93.0,0.268,17.0,18.28,7.0,7.53,0.687,0.0859999999999999,21.38,9.8,20.46,30.26,30.36,15.74,126.0,0.256,24.0,19.05,7.0,5.56,0.619,0.069,28.57,13.13,18.6,31.73,32.13,19.2,232.0,0.213,53.0,22.84,10.0,4.31,0.621,0.158,29.12,14.08,17.25,31.33,33.69,18.86
746462,2024-06-12,2024,682928,L,681857,R,double,False,False,191.0,0.205,40.0,20.94,13.0,6.81,0.674,0.19900000000000004,23.6,12.93,12.93,25.87,41.08,17.24,446.0,0.274,78.0,17.49,24.0,5.38,0.786,0.19,21.76,11.82,12.69,24.5,35.86,16.63,150.0,0.215,34.0,22.67,14.0,9.33,0.638,0.12300000000000003,26.48,12.3,15.86,28.16,30.09,17.09,190.0,0.218,50.0,26.32,23.0,12.11,0.687,0.158,25.27,11.11,16.18,27.29,26.16,18.12
746462,2024-06-12,2024,657041,R,681857,R,strikeout,True,False,112.0,0.18,28.0,25.0,9.0,8.04,0.5409999999999999,0.12,22.04,9.13,20.94,30.07,20.7,20.44,490.0,0.242,143.0,29.18,23.0,4.69,0.719,0.185,26.09,11.34,20.58,31.92,28.6,24.48,126.0,0.256,24.0,19.05,7.0,5.56,0.619,0.069,28.57,13.13,18.6,31.73,32.13,19.2,232.0,0.213,53.0,22.84,10.0,4.31,0.621,0.158,29.12,14.08,17.25,31.33,33.69,18.86
746462,2024-06-12,2024,608385,L,681857,R,single,False,False,174.0,0.271,38.0,21.84,23.0,13.22,0.804,0.14599999999999996,22.78,9.63,17.25,26.87,18.73,15.2,184.0,0.2,46.0,25.0,24.0,13.04,0.5660000000000001,0.0449999999999999,25.91,11.04,17.01,28.05,20.4,17.9,150.0,0.215,34.0,22.67,14.0,9.33,0.638,0.12300000000000003,26.48,12.3,15.86,28.16,30.09,17.09,190.0,0.218,50.0,26.32,23.0,12.11,0.687,0.158,25.27,11.11,16.18,27.29,26.16,18.12
746462,2024-06-12,2024,592696,L,681857,R,single,False,False,165.0,0.182,42.0,25.45,10.0,6.06,0.609,0.195,29.13,14.79,15.24,30.03,34.48,20.59,449.0,0.258,104.0,23.16,29.0,6.46,0.762,0.199,29.98,17.01,12.43,29.45,43.87,20.59,150.0,0.215,34.0,22.67,14.0,9.33,0.638,0.12300000000000003,26.48,12.3,15.86,28.16,30.09,17.09,190.0,0.218,50.0,26.32,23.0,12.11,0.687,0.158,25.27,11.11,16.18,27.29,26.16,18.12
746462,2024-06-12,2024,671277,L,681857,R,fielders_choice_out,False,False,172.0,0.28,28.0,16.28,8.0,4.65,0.747,0.15299999999999997,22.15,11.39,15.41,26.8,34.95,17.72,355.0,0.268,44.0,12.39,23.0,6.48,0.6950000000000001,0.1129999999999999,17.54,8.86,13.52,22.38,31.84,12.54,150.0,0.215,34.0,22.67,14.0,9.33,0.638,0.12300000000000003,26.48,12.3,15.86,28.16,30.09,17.09,190.0,0.218,50.0,26.32,23.0,12.11,0.687,0.158,25.27,11.11,16.18,27.29,26.16,18.12
746462,2024-06-12,2024,608841,R,681857,R,field_out,False,False,157.0,0.259,28.0,17.83,11.0,7.01,0.654,0.07900000000000001,20.75,10.45,13.53,23.97,27.87,16.47,471.0,0.268,97.0,20.59,28.0,5.94,0.7030000000000001,0.12,23.85,11.18,18.94,30.12,30.48,17.38,126.0,0.256,24.0,19.05,7.0,5.56,0.619,0.069,28.57,13.13,18.6,31.73,32.13,19.2,232.0,0.213,53.0,22.84,10.0,4.31,0.621,0.158,29.12,14.08,17.25,31.33,33.69,18.86
746462,2024-06-12,2024,608348,R,663623,R,field_out,False,False,100.0,0.225,24.0,24.0,7.0,7.0,0.64,0.11200000000000002,23.16,10.05,21.08,31.13,23.35,18.46,108.0,0.198,27.0,25.0,6.0,5.56,0.479,0.0399999999999999,28.73,13.54,19.79,33.33,28.41,25.0,135.0,0.197,30.0,22.22,2.0,1.48,0.548,0.136,21.91,10.62,18.73,29.34,28.0,18.12,244.0,0.233,51.0,20.9,24.0,9.84,0.6719999999999999,0.1189999999999999,19.25,7.79,20.22,28.01,20.24,17.11
746462,2024-06-12,2024,663837,R,663623,R,strikeout,True,False,152.0,0.257,35.0,23.03,9.0,5.92,0.798,0.236,20.08,8.51,20.79,29.3,18.35,18.42,383.0,0.26,92.0,24.02,29.0,7.57,0.724,0.14,21.06,9.23,21.95,31.18,28.67,18.31,135.0,0.197,30.0,22.22,2.0,1.48,0.548,0.136,21.91,10.62,18.73,29.34,28.0,18.12,244.0,0.233,51.0,20.9,24.0,9.84,0.6719999999999999,0.1189999999999999,19.25,7.79,20.22,28.01,20.24,17.11
746462,2024-06-12,2024,682985,L,663623,R,single,False,False,218.0,0.261,59.0,27.06,31.0,14.22,0.853,0.22299999999999998,29.04,11.74,17.94,29.68,20.59,22.96,323.0,0.291,84.0,26.01,28.0,8.67,0.826,0.182,27.26,12.45,16.06,28.52,24.68,20.14,164.0,0.247,34.0,20.73,12.0,7.32,0.718,0.15999999999999998,23.62,11.6,15.21,26.81,24.83,16.19,286.0,0.274,48.0,16.78,30.0,10.49,0.853,0.2219999999999999,16.95,7.84,17.16,25.0,24.68,13.01
746462,2024-06-12,2024,672761,L,663623,R,walk,False,True,134.0,0.225,28.0,20.9,12.0,8.96,0.6759999999999999,0.158,20.25,8.89,19.24,28.13,24.63,16.0,,,,,,,,,,,,,,,164.0,0.247,34.0,20.73,12.0,7.32,0.718,0.15999999999999998,23.62,11.6,15.21,26.81,24.83,16.19,286.0,0.274,48.0,16.78,30.0,10.49,0.853,0.2219999999999999,16.95,7.84,17.16,25.0,24.68,13.01
746462,2024-06-12,2024,592192,R,663623,R,field_out,False,False,194.0,0.23,38.0,19.59,20.0,10.31,0.6819999999999999,0.11499999999999996,22.26,8.81,23.37,32.18,21.12,16.24,341.0,0.261,56.0,16.42,28.0,8.21,0.721,0.1079999999999999,18.91,7.86,21.98,29.84,23.71,13.49,135.0,0.197,30.0,22.22,2.0,1.48,0.548,0.136,21.91,10.62,18.73,29.34,28.0,18.12,244.0,0.233,51.0,20.9,24.0,9.84,0.6719999999999999,0.1189999999999999,19.25,7.79,20.22,28.01,20.24,17.11
746462,2024-06-12,2024,660688,L,681857,R,single,False,False,130.0,0.211,18.0,13.85,3.0,2.31,0.563,0.10600000000000001,13.96,7.19,17.4,24.59,35.38,17.14,403.0,0.249,48.0,11.91,25.0,6.2,0.712,0.1629999999999999,14.96,7.67,15.92,23.59,36.49,14.77,150.0,0.215,34.0,22.67,14.0,9.33,0.638,0.12300000000000003,26.48,12.3,15.86,28.16,30.09,17.09,190.0,0.218,50.0,26.32,23.0,12.11,0.687,0.158,25.27,11.11,16.18,27.29,26.16,18.12
746462,2024-06-12,2024,669222,R,681857,R,single,False,False,120.0,0.23,32.0,26.67,18.0,15.0,0.733,0.15,28.93,12.61,17.7,30.31,20.37,26.89,205.0,0.164,51.0,24.88,18.0,8.78,0.497,0.093,25.27,12.43,15.64,28.07,26.72,23.15,126.0,0.256,24.0,19.05,7.0,5.56,0.619,0.069,28.57,13.13,18.6,31.73,32.13,19.2,232.0,0.213,53.0,22.84,10.0,4.31,0.621,0.158,29.12,14.08,17.25,31.33,33.69,18.86
746462,2024-06-12,2024,696285,R,681857,R,force_out,False,False,127.0,0.234,28.0,22.05,8.0,6.3,0.5760000000000001,0.036000000000000004,23.33,10.54,21.51,32.04,30.53,23.93,93.0,0.268,17.0,18.28,7.0,7.53,0.687,0.0859999999999999,21.38,9.8,20.46,30.26,30.36,15.74,126.0,0.256,24.0,19.05,7.0,5.56,0.619,0.069,28.57,13.13,18.6,31.73,32.13,19.2,232.0,0.213,53.0,22.84,10.0,4.31,0.621,0.158,29.12,14.08,17.25,31.33,33.69,18.86
746462,2024-06-12,2024,682928,L,666214,L,field_out,False,False,76.0,0.338,17.0,22.37,1.0,1.32,0.9359999999999999,0.24299999999999994,26.92,14.95,15.3,30.25,39.37,17.53,170.0,0.166,40.0,23.53,8.0,4.71,0.512,0.106,24.68,12.36,17.24,29.59,32.89,21.74,52.0,0.283,13.0,25.0,5.0,9.62,0.756,0.10800000000000004,26.26,12.56,16.91,29.47,28.44,18.57,122.0,0.278,19.0,15.57,14.0,11.48,0.796,0.1569999999999999,22.68,10.23,17.67,27.91,22.64,17.12
746462,2024-06-12,2024,690993,L,663623,R,field_out,False,False,177.0,0.213,31.0,17.51,11.0,6.21,0.5529999999999999,0.07399999999999998,22.98,10.82,16.46,27.29,31.18,18.9,,,,,,,,,,,,,,,164.0,0.247,34.0,20.73,12.0,7.32,0.718,0.15999999999999998,23.62,11.6,15.21,26.81,24.83,16.19,286.0,0.274,48.0,16.78,30.0,10.49,0.853,0.2219999999999999,16.95,7.84,17.16,25.0,24.68,13.01
746462,2024-06-12,2024,570482,R,663623,R,strikeout,True,False,100.0,0.309,12.0,12.0,4.0,4.0,0.755,0.10599999999999998,20.44,10.31,17.55,27.86,32.35,12.63,175.0,0.276,30.0,17.14,9.0,5.14,0.653,0.061,20.55,11.01,13.8,24.82,34.39,12.39,135.0,0.197,30.0,22.22,2.0,1.48,0.548,0.136,21.91,10.62,18.73,29.34,28.0,18.12,244.0,0.233,51.0,20.9,24.0,9.84,0.6719999999999999,0.1189999999999999,19.25,7.79,20.22,28.01,20.24,17.11
746462,2024-06-12,2024,656716,L,663623,R,field_out,False,False,98.0,0.216,27.0,27.55,8.0,8.16,0.604,0.10200000000000001,28.04,13.35,16.88,30.23,28.72,22.31,475.0,0.23,109.0,22.95,38.0,8.0,0.653,0.1259999999999999,21.06,10.13,16.08,26.2,28.04,19.12,164.0,0.247,34.0,20.73,12.0,7.32,0.718,0.15999999999999998,23.62,11.6,15.21,26.81,24.83,16.19,286.0,0.274,48.0,16.78,30.0,10.49,0.853,0.2219999999999999,16.95,7.84,17.16,25.0,24.68,13.01
746462,2024-06-12,2024,657041,R,666214,L,field_out,False,False,52.0,0.318,6.0,11.54,5.0,9.62,0.8240000000000001,0.11399999999999999,15.96,6.79,18.55,25.34,22.41,8.11,192.0,0.331,33.0,17.19,13.0,6.77,0.948,0.2419999999999999,14.83,6.49,18.37,24.86,23.4,17.65,76.0,0.297,18.0,23.68,8.0,10.53,0.882,0.203,31.33,15.46,13.82,29.28,36.42,19.57,371.0,0.301,79.0,21.29,33.0,8.89,0.924,0.261,26.27,12.72,15.19,27.91,26.14,16.42
746462,2024-06-12,2024,608385,L,666214,L,strikeout,True,False,80.0,0.224,23.0,28.75,10.0,12.5,0.666,0.10400000000000001,21.85,8.5,21.24,29.74,19.71,23.71,13.0,0.182,5.0,38.46,2.0,15.38,0.581,0.091,15.38,6.15,20.0,26.15,7.14,19.23,52.0,0.283,13.0,25.0,5.0,9.62,0.756,0.10800000000000004,26.26,12.56,16.91,29.47,28.44,18.57,122.0,0.278,19.0,15.57,14.0,11.48,0.796,0.1569999999999999,22.68,10.23,17.67,27.91,22.64,17.12
746462,2024-06-12,2024,592696,L,666214,L,field_out,False,False,29.0,0.217,4.0,13.79,3.0,10.34,0.513,0.0,25.0,11.76,11.76,23.53,21.43,20.0,67.0,0.233,18.0,26.87,5.0,7.46,0.7030000000000001,0.167,28.57,17.02,12.34,29.36,40.91,20.69,52.0,0.283,13.0,25.0,5.0,9.62,0.756,0.10800000000000004,26.26,12.56,16.91,29.47,28.44,18.57,122.0,0.278,19.0,15.57,14.0,11.48,0.796,0.1569999999999999,22.68,10.23,17.67,27.91,22.64,17.12
746462,2024-06-12,2024,628451,R,676395,L,single,False,False,57.0,0.321,12.0,21.05,1.0,1.75,0.8240000000000001,0.16999999999999998,31.3,17.91,11.44,29.35,40.19,24.49,118.0,0.261,24.0,20.34,6.0,5.08,0.8200000000000001,0.262,23.36,12.59,13.85,26.45,37.13,23.53,48.0,0.295,14.0,29.17,3.0,6.25,0.726,0.09100000000000003,25.0,12.57,17.14,29.71,31.4,29.17,76.0,0.246,23.0,30.26,7.0,9.21,0.6639999999999999,0.1019999999999999,26.51,13.41,14.63,28.05,35.12,17.83
746462,2024-06-12,2024,608348,R,676395,L,field_out,False,False,24.0,0.286,4.0,16.67,3.0,12.5,0.708,0.04700000000000004,19.51,9.88,16.05,25.93,26.32,13.79,43.0,0.229,13.0,30.23,8.0,18.6,0.8009999999999999,0.1999999999999999,33.78,14.2,17.61,31.82,21.28,28.89,48.0,0.295,14.0,29.17,3.0,6.25,0.726,0.09100000000000003,25.0,12.57,17.14,29.71,31.4,29.17,76.0,0.246,23.0,30.26,7.0,9.21,0.6639999999999999,0.1019999999999999,26.51,13.41,14.63,28.05,35.12,17.83
746462,2024-06-12,2024,663837,R,676395,L,strikeout,True,False,64.0,0.3,11.0,17.19,3.0,4.69,0.7110000000000001,0.08300000000000002,13.04,5.93,20.16,26.09,22.31,16.18,147.0,0.264,20.0,13.61,15.0,10.2,0.6990000000000001,0.0929999999999999,14.72,6.63,19.9,26.53,28.37,10.75,48.0,0.295,14.0,29.17,3.0,6.25,0.726,0.09100000000000003,25.0,12.57,17.14,29.71,31.4,29.17,76.0,0.246,23.0,30.26,7.0,9.21,0.6639999999999999,0.1019999999999999,26.51,13.41,14.63,28.05,35.12,17.83
746462,2024-06-12,2024,682985,L,676395,L,strikeout,True,False,61.0,0.179,16.0,26.23,4.0,6.56,0.59,0.178,24.56,11.16,19.92,31.08,22.94,17.78,93.0,0.279,30.0,32.26,7.0,7.53,0.6930000000000001,0.0809999999999999,30.96,15.64,16.92,32.56,32.98,21.74,43.0,0.211,12.0,27.91,4.0,9.3,0.621,0.13100000000000003,24.1,12.05,20.48,32.53,25.81,19.67,51.0,0.214,10.0,19.61,5.0,9.8,0.608,0.096,20.62,9.9,17.33,27.23,24.72,15.87
746462,2024-06-12,2024,671277,L,666214,L,field_error,False,False,39.0,0.194,10.0,25.64,3.0,7.69,0.478,0.027999999999999997,23.68,12.0,16.0,28.0,37.35,21.74,129.0,0.261,16.0,12.4,4.0,3.1,0.668,0.134,18.96,9.55,16.71,26.25,27.88,16.49,52.0,0.283,13.0,25.0,5.0,9.62,0.756,0.10800000000000004,26.26,12.56,16.91,29.47,28.44,18.57,122.0,0.278,19.0,15.57,14.0,11.48,0.796,0.1569999999999999,22.68,10.23,17.67,27.91,22.64,17.12
746462,2024-06-12,2024,608841,R,666214,L,walk,False,True,71.0,0.172,15.0,21.13,5.0,7.04,0.442,0.031000000000000028,24.24,12.45,15.95,28.4,38.1,20.0,188.0,0.291,33.0,17.55,10.0,5.32,0.771,0.143,23.12,11.37,16.16,27.53,33.86,14.29,76.0,0.297,18.0,23.68,8.0,10.53,0.882,0.203,31.33,15.46,13.82,29.28,36.42,19.57,371.0,0.301,79.0,21.29,33.0,8.89,0.924,0.261,26.27,12.72,15.19,27.91,26.14,16.42
746462,2024-06-12,2024,660688,R,666214,L,walk,False,True,47.0,0.159,7.0,14.89,1.0,2.13,0.41800000000000004,0.068,15.38,8.09,19.65,27.75,47.25,13.73,159.0,0.289,10.0,6.29,6.0,3.77,0.73,0.114,12.6,6.29,17.14,23.43,36.59,8.85,76.0,0.297,18.0,23.68,8.0,10.53,0.882,0.203,31.33,15.46,13.82,29.28,36.42,19.57,371.0,0.301,79.0,21.29,33.0,8.89,0.924,0.261,26.27,12.72,15.19,27.91,26.14,16.42
746462,2024-06-12,2024,669222,R,669438,R,field_out,False,False,120.0,0.23,32.0,26.67,18.0,15.0,0.733,0.15,28.93,12.61,17.7,30.31,20.37,26.89,205.0,0.164,51.0,24.88,18.0,8.78,0.497,0.093,25.27,12.43,15.64,28.07,26.72,23.15,26.0,0.174,5.0,19.23,2.0,7.69,0.66,0.21700000000000003,24.0,11.65,13.59,25.24,29.41,13.51,155.0,0.262,23.0,14.84,9.0,5.81,0.796,0.2199999999999999,22.46,11.46,14.6,26.06,25.61,16.08
746462,2024-06-12,2024,696285,R,669438,R,strikeout,True,False,127.0,0.234,28.0,22.05,8.0,6.3,0.5760000000000001,0.036000000000000004,23.33,10.54,21.51,32.04,30.53,23.93,93.0,0.268,17.0,18.28,7.0,7.53,0.687,0.0859999999999999,21.38,9.8,20.46,30.26,30.36,15.74,26.0,0.174,5.0,19.23,2.0,7.69,0.66,0.21700000000000003,24.0,11.65,13.59,25.24,29.41,13.51,155.0,0.262,23.0,14.84,9.0,5.81,0.796,0.2199999999999999,22.46,11.46,14.6,26.06,25.61,16.08
746462,2024-06-12,2024,682928,L,669438,R,field_out,False,False,191.0,0.205,40.0,20.94,13.0,6.81,0.674,0.19900000000000004,23.6,12.93,12.93,25.87,41.08,17.24,446.0,0.274,78.0,17.49,24.0,5.38,0.786,0.19,21.76,11.82,12.69,24.5,35.86,16.63,19.0,0.368,1.0,5.26,0.0,0.0,1.105,0.369,12.82,6.94,6.94,13.89,28.21,6.67,99.0,0.337,18.0,18.18,8.0,8.08,0.984,0.2589999999999999,25.12,12.89,12.41,25.3,29.55,12.59
746462,2024-06-12,2024,672761,R,676395,L,single,False,False,42.0,0.308,9.0,21.43,3.0,7.14,0.819,0.15400000000000003,13.58,6.88,13.75,20.62,32.94,17.65,,,,,,,,,,,,,,,48.0,0.295,14.0,29.17,3.0,6.25,0.726,0.09100000000000003,25.0,12.57,17.14,29.71,31.4,29.17,76.0,0.246,23.0,30.26,7.0,9.21,0.6639999999999999,0.1019999999999999,26.51,13.41,14.63,28.05,35.12,17.83
746462,2024-06-12,2024,592192,R,571670,R,single,False,False,194.0,0.23,38.0,19.59,20.0,10.31,0.6819999999999999,0.11499999999999996,22.26,8.81,23.37,32.18,21.12,16.24,341.0,0.261,56.0,16.42,28.0,8.21,0.721,0.1079999999999999,18.91,7.86,21.98,29.84,23.71,13.49,84.0,0.195,15.0,17.86,6.0,7.14,0.471,0.025999999999999995,19.67,7.89,24.67,32.57,20.86,19.48,138.0,0.258,33.0,23.91,6.0,4.35,0.596,0.0309999999999999,25.42,12.25,19.88,32.13,34.13,23.08
746462,2024-06-12,2024,690993,L,571670,R,single,False,False,177.0,0.213,31.0,17.51,11.0,6.21,0.5529999999999999,0.07399999999999998,22.98,10.82,16.46,27.29,31.18,18.9,,,,,,,,,,,,,,,45.0,0.19,10.0,22.22,3.0,6.67,0.482,0.04799999999999999,25.33,10.92,20.69,31.61,20.0,20.41,111.0,0.374,25.0,22.52,11.0,9.91,0.998,0.1919999999999999,22.28,9.55,18.05,27.6,25.9,17.99
746462,2024-06-12,2024,570482,R,571670,R,double,False,False,100.0,0.309,12.0,12.0,4.0,4.0,0.755,0.10599999999999998,20.44,10.31,17.55,27.86,32.35,12.63,175.0,0.276,30.0,17.14,9.0,5.14,0.653,0.061,20.55,11.01,13.8,24.82,34.39,12.39,84.0,0.195,15.0,17.86,6.0,7.14,0.471,0.025999999999999995,19.67,7.89,24.67,32.57,20.86,19.48,138.0,0.258,33.0,23.91,6.0,4.35,0.596,0.0309999999999999,25.42,12.25,19.88,32.13,34.13,23.08
746462,2024-06-12,2024,656716,L,640451,R,field_out,False,False,98.0,0.216,27.0,27.55,8.0,8.16,0.604,0.10200000000000001,28.04,13.35,16.88,30.23,28.72,22.31,475.0,0.23,109.0,22.95,38.0,8.0,0.653,0.1259999999999999,21.06,10.13,16.08,26.2,28.04,19.12,69.0,0.231,18.0,26.09,3.0,4.35,0.5980000000000001,0.092,25.0,13.43,14.84,28.27,38.24,18.95,105.0,0.245,24.0,22.86,5.0,4.76,0.664,0.143,24.4,12.75,15.75,28.5,34.62,19.83
746462,2024-06-12,2024,669234,R,640451,R,strikeout,True,False,21.0,0.188,6.0,28.57,4.0,19.05,0.708,0.187,35.14,13.83,19.15,32.98,7.32,20.0,,,,,,,,,,,,,,,67.0,0.21,19.0,28.36,4.0,5.97,0.64,0.161,31.37,17.45,14.18,31.64,26.55,18.18,130.0,0.168,43.0,33.08,8.0,6.15,0.517,0.1179999999999999,27.76,13.76,16.05,29.81,27.61,22.75
746462,2024-06-12,2024,608348,R,640451,R,field_out,False,False,100.0,0.225,24.0,24.0,7.0,7.0,0.64,0.11200000000000002,23.16,10.05,21.08,31.13,23.35,18.46,108.0,0.198,27.0,25.0,6.0,5.56,0.479,0.0399999999999999,28.73,13.54,19.79,33.33,28.41,25.0,67.0,0.21,19.0,28.36,4.0,5.97,0.64,0.161,31.37,17.45,14.18,31.64,26.55,18.18,130.0,0.168,43.0,33.08,8.0,6.15,0.517,0.1179999999999999,27.76,13.76,16.05,29.81,27.61,22.75
746462,2024-06-12,2024,657041,R,676684,R,single,False,False,112.0,0.18,28.0,25.0,9.0,8.04,0.5409999999999999,0.12,22.04,9.13,20.94,30.07,20.7,20.44,490.0,0.242,143.0,29.18,23.0,4.69,0.719,0.185,26.09,11.34,20.58,31.92,28.6,24.48,73.0,0.25,17.0,23.29,3.0,4.11,0.646,0.118,26.21,14.02,16.61,30.63,33.9,19.54,114.0,0.215,32.0,28.07,7.0,6.14,0.5529999999999999,0.0749999999999999,27.23,12.59,22.76,35.35,32.97,26.45
746462,2024-06-12,2024,608385,L,676684,R,walk,False,True,174.0,0.271,38.0,21.84,23.0,13.22,0.804,0.14599999999999996,22.78,9.63,17.25,26.87,18.73,15.2,184.0,0.2,46.0,25.0,24.0,13.04,0.5660000000000001,0.0449999999999999,25.91,11.04,17.01,28.05,20.4,17.9,36.0,0.226,5.0,13.89,3.0,8.33,0.536,0.032,25.37,11.81,15.97,27.78,21.13,13.16,85.0,0.218,24.0,28.24,6.0,7.06,0.646,0.154,21.11,10.24,18.06,28.3,34.72,20.51
746462,2024-06-12,2024,592696,L,676684,R,force_out,False,False,165.0,0.182,42.0,25.45,10.0,6.06,0.609,0.195,29.13,14.79,15.24,30.03,34.48,20.59,449.0,0.258,104.0,23.16,29.0,6.46,0.762,0.199,29.98,17.01,12.43,29.45,43.87,20.59,36.0,0.226,5.0,13.89,3.0,8.33,0.536,0.032,25.37,11.81,15.97,27.78,21.13,13.16,85.0,0.218,24.0,28.24,6.0,7.06,0.646,0.154,21.11,10.24,18.06,28.3,34.72,20.51
746462,2024-06-12,2024,671277,L,676684,R,single,False,False,172.0,0.28,28.0,16.28,8.0,4.65,0.747,0.15299999999999997,22.15,11.39,15.41,26.8,34.95,17.72,355.0,0.268,44.0,12.39,23.0,6.48,0.6950000000000001,0.1129999999999999,17.54,8.86,13.52,22.38,31.84,12.54,36.0,0.226,5.0,13.89,3.0,8.33,0.536,0.032,25.37,11.81,15.97,27.78,21.13,13.16,85.0,0.218,24.0,28.24,6.0,7.06,0.646,0.154,21.11,10.24,18.06,28.3,34.72,20.51
746462,2024-06-12,2024,608841,R,676684,R,single,False,False,157.0,0.259,28.0,17.83,11.0,7.01,0.654,0.07900000000000001,20.75,10.45,13.53,23.97,27.87,16.47,471.0,0.268,97.0,20.59,28.0,5.94,0.7030000000000001,0.12,23.85,11.18,18.94,30.12,30.48,17.38,73.0,0.25,17.0,23.29,3.0,4.11,0.646,0.118,26.21,14.02,16.61,30.63,33.9,19.54,114.0,0.215,32.0,28.07,7.0,6.14,0.5529999999999999,0.0749999999999999,27.23,12.59,22.76,35.35,32.97,26.45
746462,2024-06-12,2024,660688,L,676684,R,field_out,False,False,130.0,0.211,18.0,13.85,3.0,2.31,0.563,0.10600000000000001,13.96,7.19,17.4,24.59,35.38,17.14,403.0,0.249,48.0,11.91,25.0,6.2,0.712,0.1629999999999999,14.96,7.67,15.92,23.59,36.49,14.77,36.0,0.226,5.0,13.89,3.0,8.33,0.536,0.032,25.37,11.81,15.97,27.78,21.13,13.16,85.0,0.218,24.0,28.24,6.0,7.06,0.646,0.154,21.11,10.24,18.06,28.3,34.72,20.51
746462,2024-06-12,2024,669222,R,676684,R,field_out,False,False,120.0,0.23,32.0,26.67,18.0,15.0,0.733,0.15,28.93,12.61,17.7,30.31,20.37,26.89,205.0,0.164,51.0,24.88,18.0,8.78,0.497,0.093,25.27,12.43,15.64,28.07,26.72,23.15,73.0,0.25,17.0,23.29,3.0,4.11,0.646,0.118,26.21,14.02,16.61,30.63,33.9,19.54,114.0,0.215,32.0,28.07,7.0,6.14,0.5529999999999999,0.0749999999999999,27.23,12.59,22.76,35.35,32.97,26.45
746462,2024-06-12,2024,663837,R,640448,R,field_out,False,False,152.0,0.257,35.0,23.03,9.0,5.92,0.798,0.236,20.08,8.51,20.79,29.3,18.35,18.42,383.0,0.26,92.0,24.02,29.0,7.57,0.724,0.14,21.06,9.23,21.95,31.18,28.67,18.31,56.0,0.14,11.0,19.64,6.0,10.71,0.512,0.14,21.19,11.36,13.64,25.0,22.73,15.28,157.0,0.27,36.0,22.93,7.0,4.46,0.772,0.196,25.88,13.73,13.9,27.63,28.08,18.95
746462,2024-06-12,2024,682985,L,640448,R,home_run,False,False,218.0,0.261,59.0,27.06,31.0,14.22,0.853,0.22299999999999998,29.04,11.74,17.94,29.68,20.59,22.96,323.0,0.291,84.0,26.01,28.0,8.67,0.826,0.182,27.26,12.45,16.06,28.52,24.68,20.14,48.0,0.14,18.0,37.5,4.0,8.33,0.487,0.139,30.39,15.2,17.16,32.35,33.33,23.38,131.0,0.232,27.0,20.61,17.0,12.98,0.6990000000000001,0.1339999999999999,23.4,10.42,17.23,27.65,20.92,17.09
746462,2024-06-12,2024,672761,L,640448,R,strikeout,True,False,134.0,0.225,28.0,20.9,12.0,8.96,0.6759999999999999,0.158,20.25,8.89,19.24,28.13,24.63,16.0,,,,,,,,,,,,,,,48.0,0.14,18.0,37.5,4.0,8.33,0.487,0.139,30.39,15.2,17.16,32.35,33.33,23.38,131.0,0.232,27.0,20.61,17.0,12.98,0.6990000000000001,0.1339999999999999,23.4,10.42,17.23,27.65,20.92,17.09
746462,2024-06-12,2024,592192,R,640448,R,field_out,False,False,194.0,0.23,38.0,19.59,20.0,10.31,0.6819999999999999,0.11499999999999996,22.26,8.81,23.37,32.18,21.12,16.24,341.0,0.261,56.0,16.42,28.0,8.21,0.721,0.1079999999999999,18.91,7.86,21.98,29.84,23.71,13.49,56.0,0.14,11.0,19.64,6.0,10.71,0.512,0.14,21.19,11.36,13.64,25.0,22.73,15.28,157.0,0.27,36.0,22.93,7.0,4.46,0.772,0.196,25.88,13.73,13.9,27.63,28.08,18.95
747028,2024-06-12,2024,671739,L,700249,L,field_out,False,False,84.0,0.259,18.0,21.43,2.0,2.38,0.595,0.04999999999999999,27.56,15.64,17.45,33.09,45.16,22.78,139.0,0.301,25.0,17.99,3.0,2.16,0.797,0.165,22.64,11.79,19.84,31.63,41.0,16.23,3.0,0.5,0.0,0.0,1.0,33.33,1.667,0.5,33.33,7.14,21.43,28.57,0.0,0.0,,,,,,,,,,,,,,
747028,2024-06-12,2024,645277,R,700249,L,field_out,False,False,63.0,0.29,8.0,12.7,1.0,1.59,0.754,0.16200000000000003,20.91,11.79,9.74,21.54,32.69,25.81,133.0,0.391,18.0,13.53,4.0,3.01,1.023,0.2259999999999999,19.5,11.51,10.25,21.76,42.91,12.77,22.0,0.211,2.0,9.09,3.0,13.64,0.6859999999999999,0.157,17.07,8.14,12.79,20.93,24.44,8.33,,,,,,,,,,,,,,
747028,2024-06-12,2024,542303,R,700249,L,strikeout,True,False,76.0,0.354,18.0,23.68,11.0,14.47,0.9850000000000001,0.18400000000000005,30.95,15.25,11.73,26.98,26.7,14.29,139.0,0.278,25.0,17.99,13.0,9.35,0.98,0.357,22.56,11.13,13.17,24.3,30.63,15.53,22.0,0.211,2.0,9.09,3.0,13.64,0.6859999999999999,0.157,17.07,8.14,12.79,20.93,24.44,8.33,,,,,,,,,,,,,,
747028,2024-06-12,2024,683002,L,680885,R,field_out,False,False,203.0,0.263,45.0,22.17,20.0,9.85,0.948,0.33999999999999997,25.49,11.68,14.76,26.44,23.19,23.44,455.0,0.272,117.0,25.71,38.0,8.35,0.885,0.277,25.57,12.07,15.7,27.78,26.4,22.35,31.0,0.25,6.0,19.35,2.0,6.45,0.861,0.32099999999999995,30.16,16.24,17.09,33.33,40.38,14.29,,,,,,,,,,,,,,
747028,2024-06-12,2024,668939,L,680885,R,walk,False,True,188.0,0.243,36.0,19.15,12.0,6.38,0.675,0.139,22.25,10.63,19.65,30.28,33.97,16.59,496.0,0.267,80.0,16.13,61.0,12.3,0.778,0.1519999999999999,16.76,6.91,19.7,26.61,24.41,12.54,31.0,0.25,6.0,19.35,2.0,6.45,0.861,0.32099999999999995,30.16,16.24,17.09,33.33,40.38,14.29,,,,,,,,,,,,,,
747028,2024-06-12,2024,663624,R,680885,R,field_out,False,False,184.0,0.273,43.0,23.37,9.0,4.89,0.798,0.21499999999999997,23.29,12.74,12.47,25.21,36.76,19.11,310.0,0.235,78.0,25.16,22.0,7.1,0.6399999999999999,0.1139999999999999,29.78,16.05,13.56,29.61,37.06,21.61,14.0,0.417,3.0,21.43,1.0,7.14,1.25,0.333,21.21,11.67,15.0,26.67,37.93,12.5,,,,,,,,,,,,,,
747028,2024-06-12,2024,656811,L,680885,R,field_out,False,False,178.0,0.301,19.0,10.67,15.0,8.43,0.875,0.21400000000000002,17.06,7.7,16.62,24.32,22.81,12.34,340.0,0.297,74.0,21.76,13.0,3.82,0.802,0.178,22.26,11.29,14.37,25.66,31.15,17.72,31.0,0.25,6.0,19.35,2.0,6.45,0.861,0.32099999999999995,30.16,16.24,17.09,33.33,40.38,14.29,,,,,,,,,,,,,,
747028,2024-06-12,2024,621566,L,700249,L,hit_by_pitch,False,False,85.0,0.26,20.0,23.53,5.0,5.88,0.8240000000000001,0.246,23.49,11.4,14.91,26.32,26.47,16.67,182.0,0.252,52.0,28.57,14.0,7.69,0.7989999999999999,0.239,31.07,15.01,14.87,29.88,27.47,21.94,3.0,0.5,0.0,0.0,1.0,33.33,1.667,0.5,33.33,7.14,21.43,28.57,0.0,0.0,,,,,,,,,,,,,,
747028,2024-06-12,2024,663586,R,700249,L,field_out,False,False,62.0,0.196,13.0,20.97,6.0,9.68,0.56,0.08999999999999997,23.93,12.28,10.53,22.81,24.32,20.0,149.0,0.289,35.0,23.49,17.0,11.41,0.94,0.289,28.03,13.64,12.46,26.09,26.11,18.72,22.0,0.211,2.0,9.09,3.0,13.64,0.6859999999999999,0.157,17.07,8.14,12.79,20.93,24.44,8.33,,,,,,,,,,,,,,
747028,2024-06-12,2024,594807,R,700249,L,field_out,False,False,75.0,0.279,13.0,17.33,11.0,14.67,1.0070000000000001,0.32799999999999996,17.91,7.87,16.72,24.59,21.95,12.62,93.0,0.244,34.0,36.56,4.0,4.3,0.757,0.2329999999999999,34.95,18.31,16.34,34.65,37.97,29.82,22.0,0.211,2.0,9.09,3.0,13.64,0.6859999999999999,0.157,17.07,8.14,12.79,20.93,24.44,8.33,,,,,,,,,,,,,,
747028,2024-06-12,2024,669221,R,700249,L,strikeout,True,False,13.0,0.0,3.0,23.08,1.0,7.69,0.077,0.0,33.33,16.28,20.93,37.21,45.0,27.27,101.0,0.274,21.0,20.79,12.0,11.88,0.884,0.2139999999999999,23.12,10.14,16.75,26.89,23.56,16.03,22.0,0.211,2.0,9.09,3.0,13.64,0.6859999999999999,0.157,17.07,8.14,12.79,20.93,24.44,8.33,,,,,,,,,,,,,,
747028,2024-06-12,2024,623993,L,680885,R,strikeout,True,False,192.0,0.21,30.0,15.62,13.0,6.77,0.742,0.256,16.55,8.93,13.45,22.38,39.9,12.15,486.0,0.26,107.0,22.02,31.0,6.38,0.798,0.2229999999999999,22.13,11.37,14.84,26.21,37.22,15.21,31.0,0.25,6.0,19.35,2.0,6.45,0.861,0.32099999999999995,30.16,16.24,17.09,33.33,40.38,14.29,,,,,,,,,,,,,,
747028,2024-06-12,2024,669720,R,680885,R,field_out,False,False,66.0,0.155,11.0,16.67,4.0,6.06,0.552,0.155,24.07,12.44,13.4,25.84,26.26,23.4,399.0,0.28,104.0,26.07,22.0,5.51,0.762,0.1589999999999999,29.22,13.77,18.52,32.29,31.55,22.92,14.0,0.417,3.0,21.43,1.0,7.14,1.25,0.333,21.21,11.67,15.0,26.67,37.93,12.5,,,,,,,,,,,,,,
747028,2024-06-12,2024,602104,R,680885,R,field_out,False,False,65.0,0.23,12.0,18.46,3.0,4.62,0.687,0.17999999999999997,28.33,13.99,12.76,26.75,25.2,17.39,272.0,0.274,72.0,26.47,17.0,6.25,0.726,0.1169999999999999,29.67,14.82,16.24,31.07,27.7,24.41,14.0,0.417,3.0,21.43,1.0,7.14,1.25,0.333,21.21,11.67,15.0,26.67,37.93,12.5,,,,,,,,,,,,,,
747028,2024-06-12,2024,605119,R,700249,L,strikeout,True,False,2.0,0.0,0.0,0.0,0.0,0.0,0.0,0.0,0.0,0.0,40.0,40.0,,0.0,86.0,0.187,25.0,29.07,10.0,11.63,0.598,0.12,33.52,17.46,14.2,31.66,28.75,22.32,22.0,0.211,2.0,9.09,3.0,13.64,0.6859999999999999,0.157,17.07,8.14,12.79,20.93,24.44,8.33,,,,,,,,,,,,,,
747028,2024-06-12,2024,606115,R,700249,L,field_out,False,False,67.0,0.177,18.0,26.87,3.0,4.48,0.45099999999999996,0.065,26.47,12.9,15.77,28.67,26.62,19.35,112.0,0.302,24.0,21.43,16.0,14.29,1.006,0.302,27.18,11.06,18.79,29.85,21.6,18.32,22.0,0.211,2.0,9.09,3.0,13.64,0.6859999999999999,0.157,17.07,8.14,12.79,20.93,24.44,8.33,,,,,,,,,,,,,,
747028,2024-06-12,2024,671739,L,700249,L,single,False,False,84.0,0.259,18.0,21.43,2.0,2.38,0.595,0.04999999999999999,27.56,15.64,17.45,33.09,45.16,22.78,139.0,0.301,25.0,17.99,3.0,2.16,0.797,0.165,22.64,11.79,19.84,31.63,41.0,16.23,3.0,0.5,0.0,0.0,1.0,33.33,1.667,0.5,33.33,7.14,21.43,28.57,0.0,0.0,,,,,,,,,,,,,,
747028,2024-06-12,2024,645277,R,700249,L,field_out,False,False,63.0,0.29,8.0,12.7,1.0,1.59,0.754,0.16200000000000003,20.91,11.79,9.74,21.54,32.69,25.81,133.0,0.391,18.0,13.53,4.0,3.01,1.023,0.2259999999999999,19.5,11.51,10.25,21.76,42.91,12.77,22.0,0.211,2.0,9.09,3.0,13.64,0.6859999999999999,0.157,17.07,8.14,12.79,20.93,24.44,8.33,,,,,,,,,,,,,,
747028,2024-06-12,2024,656775,L,680885,R,double,False,False,148.0,0.185,39.0,26.35,10.0,6.76,0.579,0.15600000000000003,20.62,10.79,13.13,23.92,28.73,22.03,336.0,0.233,77.0,22.92,31.0,9.23,0.726,0.1889999999999999,26.24,13.25,14.23,27.48,28.99,18.95,31.0,0.25,6.0,19.35,2.0,6.45,0.861,0.32099999999999995,30.16,16.24,17.09,33.33,40.38,14.29,,,,,,,,,,,,,,
747028,2024-06-12,2024,622761,R,680885,R,single,False,False,74.0,0.227,16.0,21.62,3.0,4.05,0.629,0.152,21.48,11.11,15.97,27.08,30.0,17.86,214.0,0.178,59.0,27.57,13.0,6.07,0.515,0.1099999999999999,30.51,15.04,17.45,32.49,35.45,26.94,14.0,0.417,3.0,21.43,1.0,7.14,1.25,0.333,21.21,11.67,15.0,26.67,37.93,12.5,,,,,,,,,,,,,,
747028,2024-06-12,2024,683002,L,680885,R,field_out,False,False,203.0,0.263,45.0,22.17,20.0,9.85,0.948,0.33999999999999997,25.49,11.68,14.76,26.44,23.19,23.44,455.0,0.272,117.0,25.71,38.0,8.35,0.885,0.277,25.57,12.07,15.7,27.78,26.4,22.35,31.0,0.25,6.0,19.35,2.0,6.45,0.861,0.32099999999999995,30.16,16.24,17.09,33.33,40.38,14.29,,,,,,,,,,,,,,
747028,2024-06-12,2024,668939,L,680885,R,fielders_choice,False,False,188.0,0.243,36.0,19.15,12.0,6.38,0.675,0.139,22.25,10.63,19.65,30.28,33.97,16.59,496.0,0.267,80.0,16.13,61.0,12.3,0.778,0.1519999999999999,16.76,6.91,19.7,26.61,24.41,12.54,31.0,0.25,6.0,19.35,2.0,6.45,0.861,0.32099999999999995,30.16,16.24,17.09,33.33,40.38,14.29,,,,,,,,,,,,,,
747028,2024-06-12,2024,663624,R,680885,R,walk,False,True,184.0,0.273,43.0,23.37,9.0,4.89,0.798,0.21499999999999997,23.29,12.74,12.47,25.21,36.76,19.11,310.0,0.235,78.0,25.16,22.0,7.1,0.6399999999999999,0.1139999999999999,29.78,16.05,13.56,29.61,37.06,21.61,14.0,0.417,3.0,21.43,1.0,7.14,1.25,0.333,21.21,11.67,15.0,26.67,37.93,12.5,,,,,,,,,,,,,,
747028,2024-06-12,2024,656811,L,680885,R,grounded_into_double_play,False,False,178.0,0.301,19.0,10.67,15.0,8.43,0.875,0.21400000000000002,17.06,7.7,16.62,24.32,22.81,12.34,340.0,0.297,74.0,21.76,13.0,3.82,0.802,0.178,22.26,11.29,14.37,25.66,31.15,17.72,31.0,0.25,6.0,19.35,2.0,6.45,0.861,0.32099999999999995,30.16,16.24,17.09,33.33,40.38,14.29,,,,,,,,,,,,,,
747028,2024-06-12,2024,542303,R,700249,L,single,False,False,76.0,0.354,18.0,23.68,11.0,14.47,0.9850000000000001,0.18400000000000005,30.95,15.25,11.73,26.98,26.7,14.29,139.0,0.278,25.0,17.99,13.0,9.35,0.98,0.357,22.56,11.13,13.17,24.3,30.63,15.53,22.0,0.211,2.0,9.09,3.0,13.64,0.6859999999999999,0.157,17.07,8.14,12.79,20.93,24.44,8.33,,,,,,,,,,,,,,
747028,2024-06-12,2024,621566,L,700249,L,single,False,False,85.0,0.26,20.0,23.53,5.0,5.88,0.8240000000000001,0.246,23.49,11.4,14.91,26.32,26.47,16.67,182.0,0.252,52.0,28.57,14.0,7.69,0.7989999999999999,0.239,31.07,15.01,14.87,29.88,27.47,21.94,3.0,0.5,0.0,0.0,1.0,33.33,1.667,0.5,33.33,7.14,21.43,28.57,0.0,0.0,,,,,,,,,,,,,,
747028,2024-06-12,2024,663586,R,700249,L,strikeout,True,False,62.0,0.196,13.0,20.97,6.0,9.68,0.56,0.08999999999999997,23.93,12.28,10.53,22.81,24.32,20.0,149.0,0.289,35.0,23.49,17.0,11.41,0.94,0.289,28.03,13.64,12.46,26.09,26.11,18.72,22.0,0.211,2.0,9.09,3.0,13.64,0.6859999999999999,0.157,17.07,8.14,12.79,20.93,24.44,8.33,,,,,,,,,,,,,,
747028,2024-06-12,2024,594807,R,700249,L,force_out,False,False,75.0,0.279,13.0,17.33,11.0,14.67,1.0070000000000001,0.32799999999999996,17.91,7.87,16.72,24.59,21.95,12.62,93.0,0.244,34.0,36.56,4.0,4.3,0.757,0.2329999999999999,34.95,18.31,16.34,34.65,37.97,29.82,22.0,0.211,2.0,9.09,3.0,13.64,0.6859999999999999,0.157,17.07,8.14,12.79,20.93,24.44,8.33,,,,,,,,,,,,,,
747028,2024-06-12,2024,669221,R,700249,L,force_out,False,False,13.0,0.0,3.0,23.08,1.0,7.69,0.077,0.0,33.33,16.28,20.93,37.21,45.0,27.27,101.0,0.274,21.0,20.79,12.0,11.88,0.884,0.2139999999999999,23.12,10.14,16.75,26.89,23.56,16.03,22.0,0.211,2.0,9.09,3.0,13.64,0.6859999999999999,0.157,17.07,8.14,12.79,20.93,24.44,8.33,,,,,,,,,,,,,,
747028,2024-06-12,2024,623993,L,680885,R,single,False,False,192.0,0.21,30.0,15.62,13.0,6.77,0.742,0.256,16.55,8.93,13.45,22.38,39.9,12.15,486.0,0.26,107.0,22.02,31.0,6.38,0.798,0.2229999999999999,22.13,11.37,14.84,26.21,37.22,15.21,31.0,0.25,6.0,19.35,2.0,6.45,0.861,0.32099999999999995,30.16,16.24,17.09,33.33,40.38,14.29,,,,,,,,,,,,,,
747028,2024-06-12,2024,669720,R,680885,R,double_play,False,False,66.0,0.155,11.0,16.67,4.0,6.06,0.552,0.155,24.07,12.44,13.4,25.84,26.26,23.4,399.0,0.28,104.0,26.07,22.0,5.51,0.762,0.1589999999999999,29.22,13.77,18.52,32.29,31.55,22.92,14.0,0.417,3.0,21.43,1.0,7.14,1.25,0.333,21.21,11.67,15.0,26.67,37.93,12.5,,,,,,,,,,,,,,
747028,2024-06-12,2024,602104,R,680885,R,field_out,False,False,65.0,0.23,12.0,18.46,3.0,4.62,0.687,0.17999999999999997,28.33,13.99,12.76,26.75,25.2,17.39,272.0,0.274,72.0,26.47,17.0,6.25,0.726,0.1169999999999999,29.67,14.82,16.24,31.07,27.7,24.41,14.0,0.417,3.0,21.43,1.0,7.14,1.25,0.333,21.21,11.67,15.0,26.67,37.93,12.5,,,,,,,,,,,,,,
747028,2024-06-12,2024,605119,R,700249,L,strikeout,True,False,2.0,0.0,0.0,0.0,0.0,0.0,0.0,0.0,0.0,0.0,40.0,40.0,,0.0,86.0,0.187,25.0,29.07,10.0,11.63,0.598,0.12,33.52,17.46,14.2,31.66,28.75,22.32,22.0,0.211,2.0,9.09,3.0,13.64,0.6859999999999999,0.157,17.07,8.14,12.79,20.93,24.44,8.33,,,,,,,,,,,,,,
747028,2024-06-12,2024,606115,R,700249,L,field_out,False,False,67.0,0.177,18.0,26.87,3.0,4.48,0.45099999999999996,0.065,26.47,12.9,15.77,28.67,26.62,19.35,112.0,0.302,24.0,21.43,16.0,14.29,1.006,0.302,27.18,11.06,18.79,29.85,21.6,18.32,22.0,0.211,2.0,9.09,3.0,13.64,0.6859999999999999,0.157,17.07,8.14,12.79,20.93,24.44,8.33,,,,,,,,,,,,,,
747028,2024-06-12,2024,671739,L,700249,L,strikeout,True,False,84.0,0.259,18.0,21.43,2.0,2.38,0.595,0.04999999999999999,27.56,15.64,17.45,33.09,45.16,22.78,139.0,0.301,25.0,17.99,3.0,2.16,0.797,0.165,22.64,11.79,19.84,31.63,41.0,16.23,3.0,0.5,0.0,0.0,1.0,33.33,1.667,0.5,33.33,7.14,21.43,28.57,0.0,0.0,,,,,,,,,,,,,,
747028,2024-06-12,2024,656775,L,680885,R,field_out,False,False,148.0,0.185,39.0,26.35,10.0,6.76,0.579,0.15600000000000003,20.62,10.79,13.13,23.92,28.73,22.03,336.0,0.233,77.0,22.92,31.0,9.23,0.726,0.1889999999999999,26.24,13.25,14.23,27.48,28.99,18.95,31.0,0.25,6.0,19.35,2.0,6.45,0.861,0.32099999999999995,30.16,16.24,17.09,33.33,40.38,14.29,,,,,,,,,,,,,,
747028,2024-06-12,2024,622761,R,680885,R,field_out,False,False,74.0,0.227,16.0,21.62,3.0,4.05,0.629,0.152,21.48,11.11,15.97,27.08,30.0,17.86,214.0,0.178,59.0,27.57,13.0,6.07,0.515,0.1099999999999999,30.51,15.04,17.45,32.49,35.45,26.94,14.0,0.417,3.0,21.43,1.0,7.14,1.25,0.333,21.21,11.67,15.0,26.67,37.93,12.5,,,,,,,,,,,,,,
747028,2024-06-12,2024,683002,L,680885,R,double,False,False,203.0,0.263,45.0,22.17,20.0,9.85,0.948,0.33999999999999997,25.49,11.68,14.76,26.44,23.19,23.44,455.0,0.272,117.0,25.71,38.0,8.35,0.885,0.277,25.57,12.07,15.7,27.78,26.4,22.35,31.0,0.25,6.0,19.35,2.0,6.45,0.861,0.32099999999999995,30.16,16.24,17.09,33.33,40.38,14.29,,,,,,,,,,,,,,
747028,2024-06-12,2024,668939,L,680885,R,strikeout,True,False,188.0,0.243,36.0,19.15,12.0,6.38,0.675,0.139,22.25,10.63,19.65,30.28,33.97,16.59,496.0,0.267,80.0,16.13,61.0,12.3,0.778,0.1519999999999999,16.76,6.91,19.7,26.61,24.41,12.54,31.0,0.25,6.0,19.35,2.0,6.45,0.861,0.32099999999999995,30.16,16.24,17.09,33.33,40.38,14.29,,,,,,,,,,,,,,
747028,2024-06-12,2024,645277,R,700249,L,field_out,False,False,63.0,0.29,8.0,12.7,1.0,1.59,0.754,0.16200000000000003,20.91,11.79,9.74,21.54,32.69,25.81,133.0,0.391,18.0,13.53,4.0,3.01,1.023,0.2259999999999999,19.5,11.51,10.25,21.76,42.91,12.77,22.0,0.211,2.0,9.09,3.0,13.64,0.6859999999999999,0.157,17.07,8.14,12.79,20.93,24.44,8.33,,,,,,,,,,,,,,
747028,2024-06-12,2024,542303,R,700249,L,single,False,False,76.0,0.354,18.0,23.68,11.0,14.47,0.9850000000000001,0.18400000000000005,30.95,15.25,11.73,26.98,26.7,14.29,139.0,0.278,25.0,17.99,13.0,9.35,0.98,0.357,22.56,11.13,13.17,24.3,30.63,15.53,22.0,0.211,2.0,9.09,3.0,13.64,0.6859999999999999,0.157,17.07,8.14,12.79,20.93,24.44,8.33,,,,,,,,,,,,,,
747028,2024-06-12,2024,621566,L,700249,L,force_out,False,False,85.0,0.26,20.0,23.53,5.0,5.88,0.8240000000000001,0.246,23.49,11.4,14.91,26.32,26.47,16.67,182.0,0.252,52.0,28.57,14.0,7.69,0.7989999999999999,0.239,31.07,15.01,14.87,29.88,27.47,21.94,3.0,0.5,0.0,0.0,1.0,33.33,1.667,0.5,33.33,7.14,21.43,28.57,0.0,0.0,,,,,,,,,,,,,,
747028,2024-06-12,2024,663586,R,700249,L,single,False,False,62.0,0.196,13.0,20.97,6.0,9.68,0.56,0.08999999999999997,23.93,12.28,10.53,22.81,24.32,20.0,149.0,0.289,35.0,23.49,17.0,11.41,0.94,0.289,28.03,13.64,12.46,26.09,26.11,18.72,22.0,0.211,2.0,9.09,3.0,13.64,0.6859999999999999,0.157,17.07,8.14,12.79,20.93,24.44,8.33,,,,,,,,,,,,,,
747028,2024-06-12,2024,594807,R,700249,L,field_out,False,False,75.0,0.279,13.0,17.33,11.0,14.67,1.0070000000000001,0.32799999999999996,17.91,7.87,16.72,24.59,21.95,12.62,93.0,0.244,34.0,36.56,4.0,4.3,0.757,0.2329999999999999,34.95,18.31,16.34,34.65,37.97,29.82,22.0,0.211,2.0,9.09,3.0,13.64,0.6859999999999999,0.157,17.07,8.14,12.79,20.93,24.44,8.33,,,,,,,,,,,,,,
747028,2024-06-12,2024,663624,R,680885,R,field_out,False,False,184.0,0.273,43.0,23.37,9.0,4.89,0.798,0.21499999999999997,23.29,12.74,12.47,25.21,36.76,19.11,310.0,0.235,78.0,25.16,22.0,7.1,0.6399999999999999,0.1139999999999999,29.78,16.05,13.56,29.61,37.06,21.61,14.0,0.417,3.0,21.43,1.0,7.14,1.25,0.333,21.21,11.67,15.0,26.67,37.93,12.5,,,,,,,,,,,,,,
747028,2024-06-12,2024,656811,L,680885,R,field_out,False,False,178.0,0.301,19.0,10.67,15.0,8.43,0.875,0.21400000000000002,17.06,7.7,16.62,24.32,22.81,12.34,340.0,0.297,74.0,21.76,13.0,3.82,0.802,0.178,22.26,11.29,14.37,25.66,31.15,17.72,31.0,0.25,6.0,19.35,2.0,6.45,0.861,0.32099999999999995,30.16,16.24,17.09,33.33,40.38,14.29,,,,,,,,,,,,,,
747028,2024-06-12,2024,623993,L,680885,R,strikeout,True,False,192.0,0.21,30.0,15.62,13.0,6.77,0.742,0.256,16.55,8.93,13.45,22.38,39.9,12.15,486.0,0.26,107.0,22.02,31.0,6.38,0.798,0.2229999999999999,22.13,11.37,14.84,26.21,37.22,15.21,31.0,0.25,6.0,19.35,2.0,6.45,0.861,0.32099999999999995,30.16,16.24,17.09,33.33,40.38,14.29,,,,,,,,,,,,,,
747028,2024-06-12,2024,669221,R,622253,R,field_out,False,False,28.0,0.192,8.0,28.57,1.0,3.57,0.596,0.15399999999999997,26.09,11.65,21.36,33.01,30.77,30.77,337.0,0.245,77.0,22.85,37.0,10.98,0.832,0.2309999999999999,26.79,12.43,15.15,27.58,22.74,18.97,65.0,0.237,14.0,21.54,4.0,6.15,0.562,0.017000000000000015,19.3,8.84,18.07,26.91,29.41,18.42,,,,,,,,,,,,,,
747028,2024-06-12,2024,672284,L,622253,R,field_error,False,False,143.0,0.265,42.0,29.37,10.0,6.99,0.747,0.16699999999999998,34.01,17.45,13.79,31.24,31.49,23.2,324.0,0.251,105.0,32.41,34.0,10.49,0.738,0.1569999999999999,35.42,16.4,14.8,31.2,29.2,26.99,24.0,0.25,1.0,4.17,4.0,16.67,0.825,0.2,12.9,5.19,14.29,19.48,17.5,12.5,,,,,,,,,,,,,,
747028,2024-06-12,2024,606115,R,622253,R,field_out,False,False,182.0,0.251,31.0,17.03,7.0,3.85,0.7070000000000001,0.176,23.32,11.82,14.48,26.29,26.61,17.51,421.0,0.255,78.0,18.53,23.0,5.46,0.6739999999999999,0.12,23.54,11.23,17.09,28.32,27.84,15.98,65.0,0.237,14.0,21.54,4.0,6.15,0.562,0.017000000000000015,19.3,8.84,18.07,26.91,29.41,18.42,,,,,,,,,,,,,,
747028,2024-06-12,2024,671739,L,669211,L,field_out,False,False,84.0,0.259,18.0,21.43,2.0,2.38,0.595,0.04999999999999999,27.56,15.64,17.45,33.09,45.16,22.78,139.0,0.301,25.0,17.99,3.0,2.16,0.797,0.165,22.64,11.79,19.84,31.63,41.0,16.23,57.0,0.235,15.0,26.32,5.0,8.77,0.696,0.15700000000000003,22.92,9.32,20.34,29.66,18.35,21.74,46.0,0.326,9.0,19.57,0.0,0.0,0.869,0.217,24.44,13.33,19.39,32.73,38.36,19.15
747028,2024-06-12,2024,669720,R,445926,R,strikeout,True,False,66.0,0.155,11.0,16.67,4.0,6.06,0.552,0.155,24.07,12.44,13.4,25.84,26.26,23.4,399.0,0.28,104.0,26.07,22.0,5.51,0.762,0.1589999999999999,29.22,13.77,18.52,32.29,31.55,22.92,59.0,0.2,14.0,23.73,2.0,3.39,0.637,0.2,26.85,11.98,18.18,30.17,25.41,20.29,78.0,0.243,24.0,30.77,7.0,8.97,0.7210000000000001,0.157,32.85,13.68,23.4,37.08,27.96,23.08
747028,2024-06-12,2024,602104,R,445926,R,single,False,False,65.0,0.23,12.0,18.46,3.0,4.62,0.687,0.17999999999999997,28.33,13.99,12.76,26.75,25.2,17.39,272.0,0.274,72.0,26.47,17.0,6.25,0.726,0.1169999999999999,29.67,14.82,16.24,31.07,27.7,24.41,59.0,0.2,14.0,23.73,2.0,3.39,0.637,0.2,26.85,11.98,18.18,30.17,25.41,20.29,78.0,0.243,24.0,30.77,7.0,8.97,0.7210000000000001,0.157,32.85,13.68,23.4,37.08,27.96,23.08
747028,2024-06-12,2024,656775,L,445926,R,single,False,False,148.0,0.185,39.0,26.35,10.0,6.76,0.579,0.15600000000000003,20.62,10.79,13.13,23.92,28.73,22.03,336.0,0.233,77.0,22.92,31.0,9.23,0.726,0.1889999999999999,26.24,13.25,14.23,27.48,28.99,18.95,47.0,0.211,6.0,12.77,8.0,17.02,0.611,0.05200000000000002,7.41,3.11,20.73,23.83,25.25,10.53,67.0,0.155,15.0,22.39,5.0,7.46,0.414,0.0169999999999999,22.33,9.09,20.95,30.04,25.0,22.73
747028,2024-06-12,2024,622761,R,445926,R,field_out,False,False,74.0,0.227,16.0,21.62,3.0,4.05,0.629,0.152,21.48,11.11,15.97,27.08,30.0,17.86,214.0,0.178,59.0,27.57,13.0,6.07,0.515,0.1099999999999999,30.51,15.04,17.45,32.49,35.45,26.94,59.0,0.2,14.0,23.73,2.0,3.39,0.637,0.2,26.85,11.98,18.18,30.17,25.41,20.29,78.0,0.243,24.0,30.77,7.0,8.97,0.7210000000000001,0.157,32.85,13.68,23.4,37.08,27.96,23.08
747028,2024-06-12,2024,683002,L,607481,L,field_out,False,False,93.0,0.301,26.0,27.96,17.0,18.28,1.03,0.288,31.37,12.28,18.16,30.43,17.82,22.41,167.0,0.209,42.0,25.15,18.0,10.78,0.617,0.115,28.77,12.92,19.54,32.46,27.19,20.79,35.0,0.375,9.0,25.71,3.0,8.57,0.929,0.125,25.76,11.64,17.12,28.77,28.38,19.57,93.0,0.231,26.0,27.96,11.0,11.83,0.669,0.09,36.11,13.51,22.6,36.1,26.73,26.0
747028,2024-06-12,2024,645277,R,669211,L,single,False,False,63.0,0.29,8.0,12.7,1.0,1.59,0.754,0.16200000000000003,20.91,11.79,9.74,21.54,32.69,25.81,133.0,0.391,18.0,13.53,4.0,3.01,1.023,0.2259999999999999,19.5,11.51,10.25,21.76,42.91,12.77,73.0,0.203,19.0,26.03,7.0,9.59,0.637,0.15599999999999997,29.46,13.15,18.34,31.49,24.29,23.46,67.0,0.345,18.0,26.87,7.0,10.45,0.857,0.103,25.5,12.88,15.93,28.81,31.58,16.98
747028,2024-06-12,2024,542303,R,669211,L,strikeout,True,False,76.0,0.354,18.0,23.68,11.0,14.47,0.9850000000000001,0.18400000000000005,30.95,15.25,11.73,26.98,26.7,14.29,139.0,0.278,25.0,17.99,13.0,9.35,0.98,0.357,22.56,11.13,13.17,24.3,30.63,15.53,73.0,0.203,19.0,26.03,7.0,9.59,0.637,0.15599999999999997,29.46,13.15,18.34,31.49,24.29,23.46,67.0,0.345,18.0,26.87,7.0,10.45,0.857,0.103,25.5,12.88,15.93,28.81,31.58,16.98
747028,2024-06-12,2024,621566,L,669211,L,home_run,False,False,85.0,0.26,20.0,23.53,5.0,5.88,0.8240000000000001,0.246,23.49,11.4,14.91,26.32,26.47,16.67,182.0,0.252,52.0,28.57,14.0,7.69,0.7989999999999999,0.239,31.07,15.01,14.87,29.88,27.47,21.94,57.0,0.235,15.0,26.32,5.0,8.77,0.696,0.15700000000000003,22.92,9.32,20.34,29.66,18.35,21.74,46.0,0.326,9.0,19.57,0.0,0.0,0.869,0.217,24.44,13.33,19.39,32.73,38.36,19.15
747028,2024-06-12,2024,663586,R,669211,L,field_out,False,False,62.0,0.196,13.0,20.97,6.0,9.68,0.56,0.08999999999999997,23.93,12.28,10.53,22.81,24.32,20.0,149.0,0.289,35.0,23.49,17.0,11.41,0.94,0.289,28.03,13.64,12.46,26.09,26.11,18.72,73.0,0.203,19.0,26.03,7.0,9.59,0.637,0.15599999999999997,29.46,13.15,18.34,31.49,24.29,23.46,67.0,0.345,18.0,26.87,7.0,10.45,0.857,0.103,25.5,12.88,15.93,28.81,31.58,16.98
747028,2024-06-12,2024,594807,R,669211,L,field_out,False,False,75.0,0.279,13.0,17.33,11.0,14.67,1.0070000000000001,0.32799999999999996,17.91,7.87,16.72,24.59,21.95,12.62,93.0,0.244,34.0,36.56,4.0,4.3,0.757,0.2329999999999999,34.95,18.31,16.34,34.65,37.97,29.82,73.0,0.203,19.0,26.03,7.0,9.59,0.637,0.15599999999999997,29.46,13.15,18.34,31.49,24.29,23.46,67.0,0.345,18.0,26.87,7.0,10.45,0.857,0.103,25.5,12.88,15.93,28.81,31.58,16.98
747028,2024-06-12,2024,668939,L,641729,R,strikeout,True,False,188.0,0.243,36.0,19.15,12.0,6.38,0.675,0.139,22.25,10.63,19.65,30.28,33.97,16.59,496.0,0.267,80.0,16.13,61.0,12.3,0.778,0.1519999999999999,16.76,6.91,19.7,26.61,24.41,12.54,48.0,0.186,12.0,25.0,5.0,10.42,0.457,0.0,28.72,14.21,19.47,33.68,33.33,19.05,94.0,0.239,26.0,27.66,5.0,5.32,0.72,0.204,32.2,16.22,15.48,31.7,24.86,16.77
747028,2024-06-12,2024,663624,R,641729,R,single,False,False,184.0,0.273,43.0,23.37,9.0,4.89,0.798,0.21499999999999997,23.29,12.74,12.47,25.21,36.76,19.11,310.0,0.235,78.0,25.16,22.0,7.1,0.6399999999999999,0.1139999999999999,29.78,16.05,13.56,29.61,37.06,21.61,53.0,0.146,15.0,28.3,5.0,9.43,0.393,0.02100000000000002,33.02,16.99,14.56,31.55,29.7,25.0,144.0,0.229,47.0,32.64,9.0,6.25,0.694,0.176,32.23,16.57,16.95,33.52,30.83,29.19
747028,2024-06-12,2024,681297,L,641729,R,home_run,False,False,163.0,0.243,44.0,26.99,18.0,11.04,0.783,0.2,30.33,13.58,16.57,30.15,23.78,23.53,68.0,0.111,20.0,29.41,12.0,17.65,0.427,0.0369999999999999,26.67,10.98,17.07,28.05,21.51,17.7,48.0,0.186,12.0,25.0,5.0,10.42,0.457,0.0,28.72,14.21,19.47,33.68,33.33,19.05,94.0,0.239,26.0,27.66,5.0,5.32,0.72,0.204,32.2,16.22,15.48,31.7,24.86,16.77
747028,2024-06-12,2024,623993,L,641729,R,strikeout,True,False,192.0,0.21,30.0,15.62,13.0,6.77,0.742,0.256,16.55,8.93,13.45,22.38,39.9,12.15,486.0,0.26,107.0,22.02,31.0,6.38,0.798,0.2229999999999999,22.13,11.37,14.84,26.21,37.22,15.21,48.0,0.186,12.0,25.0,5.0,10.42,0.457,0.0,28.72,14.21,19.47,33.68,33.33,19.05,94.0,0.239,26.0,27.66,5.0,5.32,0.72,0.204,32.2,16.22,15.48,31.7,24.86,16.77
747028,2024-06-12,2024,669720,R,641729,R,double,False,False,66.0,0.155,11.0,16.67,4.0,6.06,0.552,0.155,24.07,12.44,13.4,25.84,26.26,23.4,399.0,0.28,104.0,26.07,22.0,5.51,0.762,0.1589999999999999,29.22,13.77,18.52,32.29,31.55,22.92,53.0,0.146,15.0,28.3,5.0,9.43,0.393,0.02100000000000002,33.02,16.99,14.56,31.55,29.7,25.0,144.0,0.229,47.0,32.64,9.0,6.25,0.694,0.176,32.23,16.57,16.95,33.52,30.83,29.19
747028,2024-06-12,2024,602104,R,641729,R,field_out,False,False,65.0,0.23,12.0,18.46,3.0,4.62,0.687,0.17999999999999997,28.33,13.99,12.76,26.75,25.2,17.39,272.0,0.274,72.0,26.47,17.0,6.25,0.726,0.1169999999999999,29.67,14.82,16.24,31.07,27.7,24.41,53.0,0.146,15.0,28.3,5.0,9.43,0.393,0.02100000000000002,33.02,16.99,14.56,31.55,29.7,25.0,144.0,0.229,47.0,32.64,9.0,6.25,0.694,0.176,32.23,16.57,16.95,33.52,30.83,29.19
747028,2024-06-12,2024,669221,R,518886,R,field_out,False,False,28.0,0.192,8.0,28.57,1.0,3.57,0.596,0.15399999999999997,26.09,11.65,21.36,33.01,30.77,30.77,337.0,0.245,77.0,22.85,37.0,10.98,0.832,0.2309999999999999,26.79,12.43,15.15,27.58,22.74,18.97,51.0,0.146,16.0,31.37,7.0,13.73,0.46499999999999997,0.025000000000000022,30.59,11.66,17.49,29.15,17.5,31.37,162.0,0.179,56.0,34.57,14.0,8.64,0.614,0.18,31.13,14.35,18.32,32.67,27.59,25.81
747028,2024-06-12,2024,672284,L,518886,R,strikeout,True,False,143.0,0.265,42.0,29.37,10.0,6.99,0.747,0.16699999999999998,34.01,17.45,13.79,31.24,31.49,23.2,324.0,0.251,105.0,32.41,34.0,10.49,0.738,0.1569999999999999,35.42,16.4,14.8,31.2,29.2,26.99,42.0,0.184,17.0,40.48,3.0,7.14,0.612,0.184,28.95,12.29,22.91,35.2,24.36,29.31,116.0,0.184,38.0,32.76,14.0,12.07,0.608,0.122,35.96,16.91,15.67,32.58,30.67,23.6
747028,2024-06-12,2024,606115,R,518886,R,field_out,False,False,182.0,0.251,31.0,17.03,7.0,3.85,0.7070000000000001,0.176,23.32,11.82,14.48,26.29,26.61,17.51,421.0,0.255,78.0,18.53,23.0,5.46,0.6739999999999999,0.12,23.54,11.23,17.09,28.32,27.84,15.98,51.0,0.146,16.0,31.37,7.0,13.73,0.46499999999999997,0.025000000000000022,30.59,11.66,17.49,29.15,17.5,31.37,162.0,0.179,56.0,34.57,14.0,8.64,0.614,0.18,31.13,14.35,18.32,32.67,27.59,25.81
745405,2024-06-12,2024,647351,L,650633,R,field_out,False,False,199.0,0.253,41.0,20.6,9.0,4.52,0.6839999999999999,0.129,19.62,9.35,17.92,27.27,30.73,19.07,20.0,0.412,5.0,25.0,2.0,10.0,1.265,0.353,37.04,15.62,26.56,42.19,25.0,31.25,149.0,0.227,30.0,20.13,15.0,10.07,0.6950000000000001,0.159,26.58,11.31,19.93,31.24,30.0,21.58,182.0,0.179,48.0,26.37,17.0,9.34,0.542,0.099,26.86,11.79,18.61,30.4,25.21,24.87
745405,2024-06-12,2024,668709,L,650633,R,strikeout,True,False,222.0,0.247,40.0,18.02,27.0,12.16,0.772,0.186,25.07,10.73,17.01,27.74,21.92,18.02,232.0,0.209,53.0,22.84,35.0,15.09,0.726,0.184,28.61,12.18,15.3,27.48,19.27,20.46,149.0,0.227,30.0,20.13,15.0,10.07,0.6950000000000001,0.159,26.58,11.31,19.93,31.24,30.0,21.58,182.0,0.179,48.0,26.37,17.0,9.34,0.542,0.099,26.86,11.79,18.61,30.4,25.21,24.87
745405,2024-06-12,2024,609280,R,650633,R,strikeout,True,False,54.0,0.283,10.0,18.52,0.0,0.0,0.6930000000000001,0.132,14.56,7.46,18.91,26.37,37.37,18.18,52.0,0.229,6.0,11.54,4.0,7.69,0.705,0.1879999999999999,14.58,7.49,13.9,21.39,30.93,12.77,163.0,0.204,48.0,29.45,14.0,8.59,0.654,0.17700000000000002,27.13,12.63,18.8,31.42,28.37,18.75,249.0,0.259,79.0,31.73,15.0,6.02,0.708,0.136,31.36,12.93,23.52,36.46,30.93,26.69
745405,2024-06-12,2024,650333,L,663687,L,field_out,False,False,122.0,0.283,13.0,10.66,5.0,4.1,0.646,0.027000000000000024,13.5,6.22,19.59,25.81,32.57,12.5,138.0,0.326,17.0,12.32,4.0,2.9,0.76,0.0909999999999999,12.5,6.61,16.32,22.93,33.48,12.88,21.0,0.211,6.0,28.57,2.0,9.52,0.5489999999999999,0.05200000000000002,23.53,8.7,23.91,32.61,17.78,16.67,59.0,0.314,11.0,18.64,7.0,11.86,0.858,0.137,23.6,9.33,20.0,29.33,16.49,22.92
745405,2024-06-12,2024,665487,R,663687,L,strikeout,True,False,94.0,0.227,24.0,25.53,17.0,18.09,0.69,0.07999999999999999,26.71,11.11,15.25,26.36,21.05,18.9,146.0,0.305,27.0,18.49,16.0,10.96,0.915,0.226,26.9,13.07,10.55,23.62,26.91,14.44,60.0,0.212,12.0,20.0,6.0,10.0,0.665,0.153,23.73,11.48,15.98,27.46,28.07,15.79,225.0,0.258,45.0,20.0,21.0,9.33,0.8069999999999999,0.2169999999999999,23.04,10.97,17.42,28.39,22.75,16.54
745405,2024-06-12,2024,592518,R,663687,L,field_out,False,False,74.0,0.227,16.0,21.62,8.0,10.81,0.72,0.18199999999999997,27.78,12.87,14.34,27.21,24.46,19.74,150.0,0.308,26.0,17.33,14.0,9.33,0.887,0.203,21.32,9.67,16.52,26.19,28.38,16.56,60.0,0.212,12.0,20.0,6.0,10.0,0.665,0.153,23.73,11.48,15.98,27.46,28.07,15.79,225.0,0.258,45.0,20.0,21.0,9.33,0.8069999999999999,0.2169999999999999,23.04,10.97,17.42,28.39,22.75,16.54
745405,2024-06-12,2024,691016,L,650633,R,walk,False,True,72.0,0.233,25.0,34.72,10.0,13.89,0.7849999999999999,0.19999999999999998,35.0,14.84,16.25,31.1,28.57,33.78,118.0,0.159,37.0,31.36,10.0,8.47,0.472,0.0839999999999999,33.93,16.67,14.91,31.58,29.36,28.91,149.0,0.227,30.0,20.13,15.0,10.07,0.6950000000000001,0.159,26.58,11.31,19.93,31.24,30.0,21.58,182.0,0.179,48.0,26.37,17.0,9.34,0.542,0.099,26.86,11.79,18.61,30.4,25.21,24.87
745405,2024-06-12,2024,669127,R,650633,R,single,False,False,157.0,0.214,40.0,25.48,12.0,7.64,0.7729999999999999,0.272,29.15,14.16,16.67,30.82,32.16,25.97,344.0,0.217,101.0,29.36,23.0,6.69,0.7230000000000001,0.226,32.34,16.3,14.73,31.03,31.22,23.88,163.0,0.204,48.0,29.45,14.0,8.59,0.654,0.17700000000000002,27.13,12.63,18.8,31.42,28.37,18.75,249.0,0.259,79.0,31.73,15.0,6.02,0.708,0.136,31.36,12.93,23.52,36.46,30.93,26.69
745405,2024-06-12,2024,664913,L,650633,R,strikeout,True,False,168.0,0.195,54.0,32.14,14.0,8.33,0.587,0.13,30.47,15.65,13.22,28.88,32.46,26.47,315.0,0.234,81.0,25.71,24.0,7.62,0.738,0.21,29.85,15.11,13.77,28.88,31.88,22.82,149.0,0.227,30.0,20.13,15.0,10.07,0.6950000000000001,0.159,26.58,11.31,19.93,31.24,30.0,21.58,182.0,0.179,48.0,26.37,17.0,9.34,0.542,0.099,26.86,11.79,18.61,30.4,25.21,24.87
745405,2024-06-12,2024,663662,R,650633,R,field_out,False,False,27.0,0.185,5.0,18.52,0.0,0.0,0.37,0.0,26.0,14.94,16.09,31.03,34.38,20.83,,,,,,,,,,,,,,,163.0,0.204,48.0,29.45,14.0,8.59,0.654,0.17700000000000002,27.13,12.63,18.8,31.42,28.37,18.75,249.0,0.259,79.0,31.73,15.0,6.02,0.708,0.136,31.36,12.93,23.52,36.46,30.93,26.69
745405,2024-06-12,2024,680869,R,650633,R,strikeout,True,False,153.0,0.179,50.0,32.68,9.0,5.88,0.518,0.10699999999999998,34.33,17.64,15.58,33.22,28.27,28.74,220.0,0.303,54.0,24.55,18.0,8.18,0.969,0.298,30.92,15.24,15.12,30.36,29.22,21.29,163.0,0.204,48.0,29.45,14.0,8.59,0.654,0.17700000000000002,27.13,12.63,18.8,31.42,28.37,18.75,249.0,0.259,79.0,31.73,15.0,6.02,0.708,0.136,31.36,12.93,23.52,36.46,30.93,26.69
745405,2024-06-12,2024,456781,R,663687,L,home_run,False,False,47.0,0.317,5.0,10.64,6.0,12.77,0.843,0.122,19.77,8.17,20.19,28.37,22.43,7.81,153.0,0.286,32.0,20.92,11.0,7.19,0.746,0.114,24.12,11.77,18.21,29.98,32.04,14.35,60.0,0.212,12.0,20.0,6.0,10.0,0.665,0.153,23.73,11.48,15.98,27.46,28.07,15.79,225.0,0.258,45.0,20.0,21.0,9.33,0.8069999999999999,0.2169999999999999,23.04,10.97,17.42,28.39,22.75,16.54
745405,2024-06-12,2024,630105,L,663687,L,walk,False,True,87.0,0.203,16.0,18.39,6.0,6.9,0.5549999999999999,0.08799999999999997,16.97,7.87,15.45,23.31,19.28,14.55,156.0,0.229,38.0,24.36,10.0,6.41,0.665,0.1349999999999999,18.48,9.0,20.1,29.1,30.82,17.84,21.0,0.211,6.0,28.57,2.0,9.52,0.5489999999999999,0.05200000000000002,23.53,8.7,23.91,32.61,17.78,16.67,59.0,0.314,11.0,18.64,7.0,11.86,0.858,0.137,23.6,9.33,20.0,29.33,16.49,22.92
745405,2024-06-12,2024,673490,R,663687,L,field_out,False,False,80.0,0.203,11.0,13.75,10.0,12.5,0.681,0.174,14.49,6.04,21.15,27.19,18.31,11.0,191.0,0.302,30.0,15.71,20.0,10.47,0.897,0.219,15.84,6.63,22.21,28.83,23.47,11.49,60.0,0.212,12.0,20.0,6.0,10.0,0.665,0.153,23.73,11.48,15.98,27.46,28.07,15.79,225.0,0.258,45.0,20.0,21.0,9.33,0.8069999999999999,0.2169999999999999,23.04,10.97,17.42,28.39,22.75,16.54
745405,2024-06-12,2024,701538,L,663687,L,field_out,False,False,67.0,0.19,7.0,10.45,3.0,4.48,0.43,0.015999999999999986,17.32,8.94,13.82,22.76,29.17,10.14,,,,,,,,,,,,,,,21.0,0.211,6.0,28.57,2.0,9.52,0.5489999999999999,0.05200000000000002,23.53,8.7,23.91,32.61,17.78,16.67,59.0,0.314,11.0,18.64,7.0,11.86,0.858,0.137,23.6,9.33,20.0,29.33,16.49,22.92
745405,2024-06-12,2024,669134,R,663687,L,field_out,False,False,49.0,0.087,5.0,10.2,3.0,6.12,0.31699999999999995,0.087,16.09,8.05,14.94,22.99,31.82,12.2,47.0,0.405,7.0,14.89,3.0,6.38,1.114,0.262,21.88,11.54,12.09,23.63,36.79,11.67,60.0,0.212,12.0,20.0,6.0,10.0,0.665,0.153,23.73,11.48,15.98,27.46,28.07,15.79,225.0,0.258,45.0,20.0,21.0,9.33,0.8069999999999999,0.2169999999999999,23.04,10.97,17.42,28.39,22.75,16.54
745405,2024-06-12,2024,680474,R,650633,R,strikeout,True,False,112.0,0.267,29.0,25.89,8.0,7.14,0.6799999999999999,0.07999999999999996,25.79,10.72,21.23,31.95,20.1,21.64,,,,,,,,,,,,,,,163.0,0.204,48.0,29.45,14.0,8.59,0.654,0.17700000000000002,27.13,12.63,18.8,31.42,28.37,18.75,249.0,0.259,79.0,31.73,15.0,6.02,0.708,0.136,31.36,12.93,23.52,36.46,30.93,26.69
745405,2024-06-12,2024,647351,L,650633,R,strikeout,True,False,199.0,0.253,41.0,20.6,9.0,4.52,0.6839999999999999,0.129,19.62,9.35,17.92,27.27,30.73,19.07,20.0,0.412,5.0,25.0,2.0,10.0,1.265,0.353,37.04,15.62,26.56,42.19,25.0,31.25,149.0,0.227,30.0,20.13,15.0,10.07,0.6950000000000001,0.159,26.58,11.31,19.93,31.24,30.0,21.58,182.0,0.179,48.0,26.37,17.0,9.34,0.542,0.099,26.86,11.79,18.61,30.4,25.21,24.87
745405,2024-06-12,2024,668709,L,650633,R,walk,False,True,222.0,0.247,40.0,18.02,27.0,12.16,0.772,0.186,25.07,10.73,17.01,27.74,21.92,18.02,232.0,0.209,53.0,22.84,35.0,15.09,0.726,0.184,28.61,12.18,15.3,27.48,19.27,20.46,149.0,0.227,30.0,20.13,15.0,10.07,0.6950000000000001,0.159,26.58,11.31,19.93,31.24,30.0,21.58,182.0,0.179,48.0,26.37,17.0,9.34,0.542,0.099,26.86,11.79,18.61,30.4,25.21,24.87
745405,2024-06-12,2024,609280,R,650633,R,strikeout,True,False,54.0,0.283,10.0,18.52,0.0,0.0,0.6930000000000001,0.132,14.56,7.46,18.91,26.37,37.37,18.18,52.0,0.229,6.0,11.54,4.0,7.69,0.705,0.1879999999999999,14.58,7.49,13.9,21.39,30.93,12.77,163.0,0.204,48.0,29.45,14.0,8.59,0.654,0.17700000000000002,27.13,12.63,18.8,31.42,28.37,18.75,249.0,0.259,79.0,31.73,15.0,6.02,0.708,0.136,31.36,12.93,23.52,36.46,30.93,26.69
745405,2024-06-12,2024,640492,R,663687,L,field_out,False,False,41.0,0.211,9.0,21.95,2.0,4.88,0.487,0.025999999999999995,30.3,19.74,7.89,27.63,52.38,16.36,54.0,0.184,12.0,22.22,1.0,1.85,0.481,0.081,22.12,13.74,10.44,24.18,49.0,21.82,60.0,0.212,12.0,20.0,6.0,10.0,0.665,0.153,23.73,11.48,15.98,27.46,28.07,15.79,225.0,0.258,45.0,20.0,21.0,9.33,0.8069999999999999,0.2169999999999999,23.04,10.97,17.42,28.39,22.75,16.54
745405,2024-06-12,2024,650333,L,663687,L,field_out,False,False,122.0,0.283,13.0,10.66,5.0,4.1,0.646,0.027000000000000024,13.5,6.22,19.59,25.81,32.57,12.5,138.0,0.326,17.0,12.32,4.0,2.9,0.76,0.0909999999999999,12.5,6.61,16.32,22.93,33.48,12.88,21.0,0.211,6.0,28.57,2.0,9.52,0.5489999999999999,0.05200000000000002,23.53,8.7,23.91,32.61,17.78,16.67,59.0,0.314,11.0,18.64,7.0,11.86,0.858,0.137,23.6,9.33,20.0,29.33,16.49,22.92
745405,2024-06-12,2024,665487,R,663687,L,strikeout,True,False,94.0,0.227,24.0,25.53,17.0,18.09,0.69,0.07999999999999999,26.71,11.11,15.25,26.36,21.05,18.9,146.0,0.305,27.0,18.49,16.0,10.96,0.915,0.226,26.9,13.07,10.55,23.62,26.91,14.44,60.0,0.212,12.0,20.0,6.0,10.0,0.665,0.153,23.73,11.48,15.98,27.46,28.07,15.79,225.0,0.258,45.0,20.0,21.0,9.33,0.8069999999999999,0.2169999999999999,23.04,10.97,17.42,28.39,22.75,16.54
745405,2024-06-12,2024,691016,L,650633,R,strikeout,True,False,72.0,0.233,25.0,34.72,10.0,13.89,0.7849999999999999,0.19999999999999998,35.0,14.84,16.25,31.1,28.57,33.78,118.0,0.159,37.0,31.36,10.0,8.47,0.472,0.0839999999999999,33.93,16.67,14.91,31.58,29.36,28.91,149.0,0.227,30.0,20.13,15.0,10.07,0.6950000000000001,0.159,26.58,11.31,19.93,31.24,30.0,21.58,182.0,0.179,48.0,26.37,17.0,9.34,0.542,0.099,26.86,11.79,18.61,30.4,25.21,24.87
745405,2024-06-12,2024,669127,R,650633,R,strikeout,True,False,157.0,0.214,40.0,25.48,12.0,7.64,0.7729999999999999,0.272,29.15,14.16,16.67,30.82,32.16,25.97,344.0,0.217,101.0,29.36,23.0,6.69,0.7230000000000001,0.226,32.34,16.3,14.73,31.03,31.22,23.88,163.0,0.204,48.0,29.45,14.0,8.59,0.654,0.17700000000000002,27.13,12.63,18.8,31.42,28.37,18.75,249.0,0.259,79.0,31.73,15.0,6.02,0.708,0.136,31.36,12.93,23.52,36.46,30.93,26.69
745405,2024-06-12,2024,664913,L,650633,R,strikeout,True,False,168.0,0.195,54.0,32.14,14.0,8.33,0.587,0.13,30.47,15.65,13.22,28.88,32.46,26.47,315.0,0.234,81.0,25.71,24.0,7.62,0.738,0.21,29.85,15.11,13.77,28.88,31.88,22.82,149.0,0.227,30.0,20.13,15.0,10.07,0.6950000000000001,0.159,26.58,11.31,19.93,31.24,30.0,21.58,182.0,0.179,48.0,26.37,17.0,9.34,0.542,0.099,26.86,11.79,18.61,30.4,25.21,24.87
745405,2024-06-12,2024,592518,R,663687,L,strikeout,True,False,74.0,0.227,16.0,21.62,8.0,10.81,0.72,0.18199999999999997,27.78,12.87,14.34,27.21,24.46,19.74,150.0,0.308,26.0,17.33,14.0,9.33,0.887,0.203,21.32,9.67,16.52,26.19,28.38,16.56,60.0,0.212,12.0,20.0,6.0,10.0,0.665,0.153,23.73,11.48,15.98,27.46,28.07,15.79,225.0,0.258,45.0,20.0,21.0,9.33,0.8069999999999999,0.2169999999999999,23.04,10.97,17.42,28.39,22.75,16.54
745405,2024-06-12,2024,456781,R,663687,L,strikeout,True,False,47.0,0.317,5.0,10.64,6.0,12.77,0.843,0.122,19.77,8.17,20.19,28.37,22.43,7.81,153.0,0.286,32.0,20.92,11.0,7.19,0.746,0.114,24.12,11.77,18.21,29.98,32.04,14.35,60.0,0.212,12.0,20.0,6.0,10.0,0.665,0.153,23.73,11.48,15.98,27.46,28.07,15.79,225.0,0.258,45.0,20.0,21.0,9.33,0.8069999999999999,0.2169999999999999,23.04,10.97,17.42,28.39,22.75,16.54
745405,2024-06-12,2024,630105,L,663687,L,single,False,False,87.0,0.203,16.0,18.39,6.0,6.9,0.5549999999999999,0.08799999999999997,16.97,7.87,15.45,23.31,19.28,14.55,156.0,0.229,38.0,24.36,10.0,6.41,0.665,0.1349999999999999,18.48,9.0,20.1,29.1,30.82,17.84,21.0,0.211,6.0,28.57,2.0,9.52,0.5489999999999999,0.05200000000000002,23.53,8.7,23.91,32.61,17.78,16.67,59.0,0.314,11.0,18.64,7.0,11.86,0.858,0.137,23.6,9.33,20.0,29.33,16.49,22.92
745405,2024-06-12,2024,673490,R,663687,L,force_out,False,False,80.0,0.203,11.0,13.75,10.0,12.5,0.681,0.174,14.49,6.04,21.15,27.19,18.31,11.0,191.0,0.302,30.0,15.71,20.0,10.47,0.897,0.219,15.84,6.63,22.21,28.83,23.47,11.49,60.0,0.212,12.0,20.0,6.0,10.0,0.665,0.153,23.73,11.48,15.98,27.46,28.07,15.79,225.0,0.258,45.0,20.0,21.0,9.33,0.8069999999999999,0.2169999999999999,23.04,10.97,17.42,28.39,22.75,16.54
745405,2024-06-12,2024,663662,R,650633,R,field_out,False,False,27.0,0.185,5.0,18.52,0.0,0.0,0.37,0.0,26.0,14.94,16.09,31.03,34.38,20.83,,,,,,,,,,,,,,,163.0,0.204,48.0,29.45,14.0,8.59,0.654,0.17700000000000002,27.13,12.63,18.8,31.42,28.37,18.75,249.0,0.259,79.0,31.73,15.0,6.02,0.708,0.136,31.36,12.93,23.52,36.46,30.93,26.69
745405,2024-06-12,2024,680869,R,650633,R,single,False,False,153.0,0.179,50.0,32.68,9.0,5.88,0.518,0.10699999999999998,34.33,17.64,15.58,33.22,28.27,28.74,220.0,0.303,54.0,24.55,18.0,8.18,0.969,0.298,30.92,15.24,15.12,30.36,29.22,21.29,163.0,0.204,48.0,29.45,14.0,8.59,0.654,0.17700000000000002,27.13,12.63,18.8,31.42,28.37,18.75,249.0,0.259,79.0,31.73,15.0,6.02,0.708,0.136,31.36,12.93,23.52,36.46,30.93,26.69
745405,2024-06-12,2024,680474,R,650633,R,strikeout,True,False,112.0,0.267,29.0,25.89,8.0,7.14,0.6799999999999999,0.07999999999999996,25.79,10.72,21.23,31.95,20.1,21.64,,,,,,,,,,,,,,,163.0,0.204,48.0,29.45,14.0,8.59,0.654,0.17700000000000002,27.13,12.63,18.8,31.42,28.37,18.75,249.0,0.259,79.0,31.73,15.0,6.02,0.708,0.136,31.36,12.93,23.52,36.46,30.93,26.69
745405,2024-06-12,2024,647351,L,650633,R,strikeout,True,False,199.0,0.253,41.0,20.6,9.0,4.52,0.6839999999999999,0.129,19.62,9.35,17.92,27.27,30.73,19.07,20.0,0.412,5.0,25.0,2.0,10.0,1.265,0.353,37.04,15.62,26.56,42.19,25.0,31.25,149.0,0.227,30.0,20.13,15.0,10.07,0.6950000000000001,0.159,26.58,11.31,19.93,31.24,30.0,21.58,182.0,0.179,48.0,26.37,17.0,9.34,0.542,0.099,26.86,11.79,18.61,30.4,25.21,24.87
745405,2024-06-12,2024,701538,L,663687,L,home_run,False,False,67.0,0.19,7.0,10.45,3.0,4.48,0.43,0.015999999999999986,17.32,8.94,13.82,22.76,29.17,10.14,,,,,,,,,,,,,,,21.0,0.211,6.0,28.57,2.0,9.52,0.5489999999999999,0.05200000000000002,23.53,8.7,23.91,32.61,17.78,16.67,59.0,0.314,11.0,18.64,7.0,11.86,0.858,0.137,23.6,9.33,20.0,29.33,16.49,22.92
745405,2024-06-12,2024,669134,R,663687,L,field_out,False,False,49.0,0.087,5.0,10.2,3.0,6.12,0.31699999999999995,0.087,16.09,8.05,14.94,22.99,31.82,12.2,47.0,0.405,7.0,14.89,3.0,6.38,1.114,0.262,21.88,11.54,12.09,23.63,36.79,11.67,60.0,0.212,12.0,20.0,6.0,10.0,0.665,0.153,23.73,11.48,15.98,27.46,28.07,15.79,225.0,0.258,45.0,20.0,21.0,9.33,0.8069999999999999,0.2169999999999999,23.04,10.97,17.42,28.39,22.75,16.54
745405,2024-06-12,2024,640492,R,663687,L,strikeout,True,False,41.0,0.211,9.0,21.95,2.0,4.88,0.487,0.025999999999999995,30.3,19.74,7.89,27.63,52.38,16.36,54.0,0.184,12.0,22.22,1.0,1.85,0.481,0.081,22.12,13.74,10.44,24.18,49.0,21.82,60.0,0.212,12.0,20.0,6.0,10.0,0.665,0.153,23.73,11.48,15.98,27.46,28.07,15.79,225.0,0.258,45.0,20.0,21.0,9.33,0.8069999999999999,0.2169999999999999,23.04,10.97,17.42,28.39,22.75,16.54
745405,2024-06-12,2024,650333,L,663687,L,single,False,False,122.0,0.283,13.0,10.66,5.0,4.1,0.646,0.027000000000000024,13.5,6.22,19.59,25.81,32.57,12.5,138.0,0.326,17.0,12.32,4.0,2.9,0.76,0.0909999999999999,12.5,6.61,16.32,22.93,33.48,12.88,21.0,0.211,6.0,28.57,2.0,9.52,0.5489999999999999,0.05200000000000002,23.53,8.7,23.91,32.61,17.78,16.67,59.0,0.314,11.0,18.64,7.0,11.86,0.858,0.137,23.6,9.33,20.0,29.33,16.49,22.92
745405,2024-06-12,2024,665487,R,663687,L,force_out,False,False,94.0,0.227,24.0,25.53,17.0,18.09,0.69,0.07999999999999999,26.71,11.11,15.25,26.36,21.05,18.9,146.0,0.305,27.0,18.49,16.0,10.96,0.915,0.226,26.9,13.07,10.55,23.62,26.91,14.44,60.0,0.212,12.0,20.0,6.0,10.0,0.665,0.153,23.73,11.48,15.98,27.46,28.07,15.79,225.0,0.258,45.0,20.0,21.0,9.33,0.8069999999999999,0.2169999999999999,23.04,10.97,17.42,28.39,22.75,16.54
745405,2024-06-12,2024,668709,L,650633,R,single,False,False,222.0,0.247,40.0,18.02,27.0,12.16,0.772,0.186,25.07,10.73,17.01,27.74,21.92,18.02,232.0,0.209,53.0,22.84,35.0,15.09,0.726,0.184,28.61,12.18,15.3,27.48,19.27,20.46,149.0,0.227,30.0,20.13,15.0,10.07,0.6950000000000001,0.159,26.58,11.31,19.93,31.24,30.0,21.58,182.0,0.179,48.0,26.37,17.0,9.34,0.542,0.099,26.86,11.79,18.61,30.4,25.21,24.87
745405,2024-06-12,2024,609280,R,650633,R,single,False,False,54.0,0.283,10.0,18.52,0.0,0.0,0.6930000000000001,0.132,14.56,7.46,18.91,26.37,37.37,18.18,52.0,0.229,6.0,11.54,4.0,7.69,0.705,0.1879999999999999,14.58,7.49,13.9,21.39,30.93,12.77,163.0,0.204,48.0,29.45,14.0,8.59,0.654,0.17700000000000002,27.13,12.63,18.8,31.42,28.37,18.75,249.0,0.259,79.0,31.73,15.0,6.02,0.708,0.136,31.36,12.93,23.52,36.46,30.93,26.69
745405,2024-06-12,2024,691016,L,593974,L,single,False,False,4.0,0.0,1.0,25.0,1.0,25.0,0.25,0.0,37.5,20.0,6.67,26.67,40.0,50.0,20.0,0.167,6.0,30.0,1.0,5.0,0.472,0.0549999999999999,26.47,14.06,18.75,32.81,33.33,35.29,30.0,0.231,7.0,23.33,2.0,6.67,0.6020000000000001,0.038000000000000006,26.67,11.32,15.09,26.42,25.93,29.17,97.0,0.138,24.0,24.74,10.0,10.31,0.483,0.0739999999999999,26.88,13.4,11.26,24.66,37.04,21.24
745405,2024-06-12,2024,669127,R,593974,L,single,False,False,64.0,0.155,18.0,28.12,3.0,4.69,0.522,0.17300000000000001,28.81,13.93,15.98,29.92,33.59,23.38,146.0,0.179,42.0,28.77,11.0,7.53,0.583,0.164,31.53,15.5,14.0,29.5,31.21,21.11,71.0,0.231,8.0,11.27,4.0,5.63,0.713,0.19999999999999998,19.38,9.51,13.31,22.81,33.55,11.59,130.0,0.229,27.0,20.77,20.0,15.38,0.758,0.175,32.0,14.15,13.75,27.9,29.08,20.3
745405,2024-06-12,2024,664913,L,593974,L,single,False,False,12.0,0.167,5.0,41.67,0.0,0.0,0.334,0.0,42.31,25.0,9.09,34.09,42.11,29.41,64.0,0.158,20.0,31.25,6.0,9.38,0.4609999999999999,0.0529999999999999,38.21,18.29,13.23,31.52,28.57,24.1,30.0,0.231,7.0,23.33,2.0,6.67,0.6020000000000001,0.038000000000000006,26.67,11.32,15.09,26.42,25.93,29.17,97.0,0.138,24.0,24.74,10.0,10.31,0.483,0.0739999999999999,26.88,13.4,11.26,24.66,37.04,21.24
745405,2024-06-12,2024,663662,R,593974,L,walk,False,True,8.0,0.25,2.0,25.0,0.0,0.0,1.0,0.5,17.65,9.68,9.68,19.35,31.25,20.0,,,,,,,,,,,,,,,71.0,0.231,8.0,11.27,4.0,5.63,0.713,0.19999999999999998,19.38,9.51,13.31,22.81,33.55,11.59,130.0,0.229,27.0,20.77,20.0,15.38,0.758,0.175,32.0,14.15,13.75,27.9,29.08,20.3
745405,2024-06-12,2024,680869,R,663568,R,strikeout,True,False,153.0,0.179,50.0,32.68,9.0,5.88,0.518,0.10699999999999998,34.33,17.64,15.58,33.22,28.27,28.74,220.0,0.303,54.0,24.55,18.0,8.18,0.969,0.298,30.92,15.24,15.12,30.36,29.22,21.29,82.0,0.368,13.0,15.85,5.0,6.1,0.9809999999999999,0.19799999999999995,21.79,10.86,15.97,26.84,23.57,14.29,,,,,,,,,,,,,,
745405,2024-06-12,2024,680474,R,663568,R,strikeout,True,False,112.0,0.267,29.0,25.89,8.0,7.14,0.6799999999999999,0.07999999999999996,25.79,10.72,21.23,31.95,20.1,21.64,,,,,,,,,,,,,,,82.0,0.368,13.0,15.85,5.0,6.1,0.9809999999999999,0.19799999999999995,21.79,10.86,15.97,26.84,23.57,14.29,,,,,,,,,,,,,,
745405,2024-06-12,2024,647351,L,663568,R,field_out,False,False,199.0,0.253,41.0,20.6,9.0,4.52,0.6839999999999999,0.129,19.62,9.35,17.92,27.27,30.73,19.07,20.0,0.412,5.0,25.0,2.0,10.0,1.265,0.353,37.04,15.62,26.56,42.19,25.0,31.25,47.0,0.222,11.0,23.4,2.0,4.26,0.499,0.021999999999999992,17.05,8.82,19.41,28.24,31.43,20.37,,,,,,,,,,,,,,
745405,2024-06-12,2024,592518,R,666204,R,strikeout,True,False,176.0,0.273,37.0,21.02,10.0,5.68,0.6779999999999999,0.09099999999999997,25.22,12.67,14.31,26.97,27.9,19.47,452.0,0.241,83.0,18.36,36.0,7.96,0.747,0.205,24.68,12.42,14.05,26.47,29.58,16.9,46.0,0.182,10.0,21.74,10.0,21.74,0.734,0.182,28.36,10.5,22.1,32.6,19.57,20.0,58.0,0.152,12.0,20.69,9.0,15.52,0.6339999999999999,0.1959999999999999,29.03,11.44,17.37,28.81,19.85,20.0
745405,2024-06-12,2024,456781,R,666204,R,strikeout,True,False,40.0,0.286,9.0,22.5,2.0,5.0,0.6639999999999999,0.028000000000000025,17.11,8.07,22.36,30.43,25.0,15.25,297.0,0.28,68.0,22.9,29.0,9.76,0.766,0.1059999999999999,26.06,12.14,17.61,29.74,28.81,17.48,46.0,0.182,10.0,21.74,10.0,21.74,0.734,0.182,28.36,10.5,22.1,32.6,19.57,20.0,58.0,0.152,12.0,20.69,9.0,15.52,0.6339999999999999,0.1959999999999999,29.03,11.44,17.37,28.81,19.85,20.0
745405,2024-06-12,2024,630105,L,666204,R,strikeout,True,False,196.0,0.279,31.0,15.82,16.0,8.16,0.863,0.238,17.36,8.02,17.18,25.19,23.26,12.86,367.0,0.23,59.0,16.08,36.0,9.81,0.7,0.154,14.92,6.99,16.69,23.68,24.61,14.08,44.0,0.194,7.0,15.91,8.0,18.18,0.758,0.22299999999999998,26.15,11.04,18.18,29.22,20.55,20.0,37.0,0.129,9.0,24.32,5.0,13.51,0.437,0.065,25.0,8.62,21.84,30.46,18.37,15.0
745405,2024-06-12,2024,668709,L,673513,L,single,False,False,54.0,0.2,13.0,24.07,3.0,5.56,0.745,0.3,29.17,13.73,16.67,30.39,26.8,22.81,72.0,0.154,19.0,26.39,7.0,9.72,0.482,0.092,27.07,12.54,16.03,28.57,22.56,21.84,39.0,0.233,8.0,20.51,6.0,15.38,0.6839999999999999,0.1,35.06,16.07,14.29,30.36,30.34,15.69,,,,,,,,,,,,,,
745405,2024-06-12,2024,609280,R,673513,L,field_out,False,False,8.0,0.571,0.0,0.0,1.0,12.5,1.625,0.42900000000000005,0.0,0.0,23.53,23.53,21.43,0.0,38.0,0.278,7.0,18.42,2.0,5.26,0.8720000000000001,0.278,30.99,15.71,20.71,36.43,50.0,16.67,73.0,0.153,14.0,19.18,12.0,16.44,0.542,0.101,25.0,11.34,12.37,23.71,24.84,17.28,,,,,,,,,,,,,,
745405,2024-06-12,2024,691016,L,673513,L,field_out,False,False,4.0,0.0,1.0,25.0,1.0,25.0,0.25,0.0,37.5,20.0,6.67,26.67,40.0,50.0,20.0,0.167,6.0,30.0,1.0,5.0,0.472,0.0549999999999999,26.47,14.06,18.75,32.81,33.33,35.29,39.0,0.233,8.0,20.51,6.0,15.38,0.6839999999999999,0.1,35.06,16.07,14.29,30.36,30.34,15.69,,,,,,,,,,,,,,
745405,2024-06-12,2024,669127,R,673513,L,strikeout,True,False,64.0,0.155,18.0,28.12,3.0,4.69,0.522,0.17300000000000001,28.81,13.93,15.98,29.92,33.59,23.38,146.0,0.179,42.0,28.77,11.0,7.53,0.583,0.164,31.53,15.5,14.0,29.5,31.21,21.11,73.0,0.153,14.0,19.18,12.0,16.44,0.542,0.101,25.0,11.34,12.37,23.71,24.84,17.28,,,,,,,,,,,,,,
745405,2024-06-12,2024,673490,R,666204,R,field_out,False,False,190.0,0.245,33.0,17.37,29.0,15.26,0.7909999999999999,0.183,17.59,6.27,23.86,30.14,17.66,12.31,435.0,0.241,94.0,21.61,55.0,12.64,0.681,0.1,18.8,7.03,23.65,30.68,19.23,15.59,46.0,0.182,10.0,21.74,10.0,21.74,0.734,0.182,28.36,10.5,22.1,32.6,19.57,20.0,58.0,0.152,12.0,20.69,9.0,15.52,0.6339999999999999,0.1959999999999999,29.03,11.44,17.37,28.81,19.85,20.0
745405,2024-06-12,2024,701538,L,519008,L,field_out,False,False,67.0,0.19,7.0,10.45,3.0,4.48,0.43,0.015999999999999986,17.32,8.94,13.82,22.76,29.17,10.14,,,,,,,,,,,,,,,54.0,0.275,9.0,16.67,2.0,3.7,0.688,0.09799999999999998,22.73,10.75,22.04,32.8,32.1,20.93,5.0,0.25,1.0,20.0,1.0,20.0,0.65,0.0,42.86,15.79,10.53,26.32,16.67,100.0
745405,2024-06-12,2024,669134,R,519008,L,field_error,False,False,49.0,0.087,5.0,10.2,3.0,6.12,0.31699999999999995,0.087,16.09,8.05,14.94,22.99,31.82,12.2,47.0,0.405,7.0,14.89,3.0,6.38,1.114,0.262,21.88,11.54,12.09,23.63,36.79,11.67,52.0,0.298,9.0,17.31,4.0,7.69,0.729,0.08500000000000002,20.69,8.74,19.9,28.64,30.39,18.75,6.0,0.6,1.0,16.67,0.0,0.0,1.467,0.2,31.25,15.62,12.5,28.12,42.86,6.25
745405,2024-06-12,2024,543309,R,519008,L,strikeout,True,False,30.0,0.179,10.0,33.33,2.0,6.67,0.626,0.21400000000000002,31.67,15.83,18.33,34.17,31.03,23.81,69.0,0.242,21.0,30.43,2.0,2.9,0.776,0.273,28.06,14.13,16.67,30.8,33.33,22.83,52.0,0.298,9.0,17.31,4.0,7.69,0.729,0.08500000000000002,20.69,8.74,19.9,28.64,30.39,18.75,6.0,0.6,1.0,16.67,0.0,0.0,1.467,0.2,31.25,15.62,12.5,28.12,42.86,6.25
745405,2024-06-12,2024,664913,L,669093,R,walk,False,True,168.0,0.195,54.0,32.14,14.0,8.33,0.587,0.13,30.47,15.65,13.22,28.88,32.46,26.47,315.0,0.234,81.0,25.71,24.0,7.62,0.738,0.21,29.85,15.11,13.77,28.88,31.88,22.82,29.0,0.111,15.0,51.72,1.0,3.45,0.28600000000000003,0.03699999999999999,38.33,20.18,14.91,35.09,34.55,39.47,22.0,0.235,4.0,18.18,5.0,22.73,0.762,0.118,19.51,9.09,13.64,22.73,23.08,12.9
745405,2024-06-12,2024,663662,R,669093,R,strikeout,True,False,27.0,0.185,5.0,18.52,0.0,0.0,0.37,0.0,26.0,14.94,16.09,31.03,34.38,20.83,,,,,,,,,,,,,,,46.0,0.146,19.0,41.3,4.0,8.7,0.437,0.07400000000000001,36.67,17.55,14.36,31.91,28.26,33.93,34.0,0.308,9.0,26.47,7.0,20.59,1.21,0.461,27.4,12.99,12.34,25.32,24.05,17.65
745405,2024-06-12,2024,680869,R,669093,R,double,False,False,153.0,0.179,50.0,32.68,9.0,5.88,0.518,0.10699999999999998,34.33,17.64,15.58,33.22,28.27,28.74,220.0,0.303,54.0,24.55,18.0,8.18,0.969,0.298,30.92,15.24,15.12,30.36,29.22,21.29,46.0,0.146,19.0,41.3,4.0,8.7,0.437,0.07400000000000001,36.67,17.55,14.36,31.91,28.26,33.93,34.0,0.308,9.0,26.47,7.0,20.59,1.21,0.461,27.4,12.99,12.34,25.32,24.05,17.65
745405,2024-06-12,2024,680474,R,669093,R,strikeout,True,False,112.0,0.267,29.0,25.89,8.0,7.14,0.6799999999999999,0.07999999999999996,25.79,10.72,21.23,31.95,20.1,21.64,,,,,,,,,,,,,,,46.0,0.146,19.0,41.3,4.0,8.7,0.437,0.07400000000000001,36.67,17.55,14.36,31.91,28.26,33.93,34.0,0.308,9.0,26.47,7.0,20.59,1.21,0.461,27.4,12.99,12.34,25.32,24.05,17.65
745405,2024-06-12,2024,647351,L,669093,R,field_out,False,False,199.0,0.253,41.0,20.6,9.0,4.52,0.6839999999999999,0.129,19.62,9.35,17.92,27.27,30.73,19.07,20.0,0.412,5.0,25.0,2.0,10.0,1.265,0.353,37.04,15.62,26.56,42.19,25.0,31.25,29.0,0.111,15.0,51.72,1.0,3.45,0.28600000000000003,0.03699999999999999,38.33,20.18,14.91,35.09,34.55,39.47,22.0,0.235,4.0,18.18,5.0,22.73,0.762,0.118,19.51,9.09,13.64,22.73,23.08,12.9
745405,2024-06-12,2024,650333,L,519008,L,field_out,False,False,122.0,0.283,13.0,10.66,5.0,4.1,0.646,0.027000000000000024,13.5,6.22,19.59,25.81,32.57,12.5,138.0,0.326,17.0,12.32,4.0,2.9,0.76,0.0909999999999999,12.5,6.61,16.32,22.93,33.48,12.88,54.0,0.275,9.0,16.67,2.0,3.7,0.688,0.09799999999999998,22.73,10.75,22.04,32.8,32.1,20.93,5.0,0.25,1.0,20.0,1.0,20.0,0.65,0.0,42.86,15.79,10.53,26.32,16.67,100.0
745405,2024-06-12,2024,665487,R,668674,R,walk,False,True,209.0,0.301,37.0,17.7,10.0,4.78,0.8860000000000001,0.24500000000000005,25.33,13.77,11.33,25.11,31.1,22.16,489.0,0.244,114.0,23.31,37.0,7.57,0.728,0.181,31.62,17.66,8.94,26.61,34.25,23.98,45.0,0.114,18.0,40.0,0.0,0.0,0.315,0.06799999999999999,31.94,14.47,22.01,36.48,31.17,41.86,160.0,0.254,41.0,25.62,20.0,12.5,0.723,0.1039999999999999,27.31,11.08,18.25,29.33,23.65,21.24
745405,2024-06-12,2024,592518,R,668674,R,strikeout,True,False,176.0,0.273,37.0,21.02,10.0,5.68,0.6779999999999999,0.09099999999999997,25.22,12.67,14.31,26.97,27.9,19.47,452.0,0.241,83.0,18.36,36.0,7.96,0.747,0.205,24.68,12.42,14.05,26.47,29.58,16.9,45.0,0.114,18.0,40.0,0.0,0.0,0.315,0.06799999999999999,31.94,14.47,22.01,36.48,31.17,41.86,160.0,0.254,41.0,25.62,20.0,12.5,0.723,0.1039999999999999,27.31,11.08,18.25,29.33,23.65,21.24
745405,2024-06-12,2024,456781,R,668674,R,home_run,False,False,40.0,0.286,9.0,22.5,2.0,5.0,0.6639999999999999,0.028000000000000025,17.11,8.07,22.36,30.43,25.0,15.25,297.0,0.28,68.0,22.9,29.0,9.76,0.766,0.1059999999999999,26.06,12.14,17.61,29.74,28.81,17.48,45.0,0.114,18.0,40.0,0.0,0.0,0.315,0.06799999999999999,31.94,14.47,22.01,36.48,31.17,41.86,160.0,0.254,41.0,25.62,20.0,12.5,0.723,0.1039999999999999,27.31,11.08,18.25,29.33,23.65,21.24
745405,2024-06-12,2024,630105,L,668674,R,field_out,False,False,196.0,0.279,31.0,15.82,16.0,8.16,0.863,0.238,17.36,8.02,17.18,25.19,23.26,12.86,367.0,0.23,59.0,16.08,36.0,9.81,0.7,0.154,14.92,6.99,16.69,23.68,24.61,14.08,42.0,0.273,9.0,21.43,8.0,19.05,1.005,0.30299999999999994,32.43,13.56,16.95,30.51,34.31,16.67,92.0,0.23,27.0,29.35,16.0,17.39,0.731,0.1209999999999999,29.94,12.74,16.11,28.85,22.48,17.88
745405,2024-06-12,2024,668709,L,663158,R,strikeout,True,False,222.0,0.247,40.0,18.02,27.0,12.16,0.772,0.186,25.07,10.73,17.01,27.74,21.92,18.02,232.0,0.209,53.0,22.84,35.0,15.09,0.726,0.184,28.61,12.18,15.3,27.48,19.27,20.46,41.0,0.111,12.0,29.27,5.0,12.2,0.498,0.16700000000000004,23.53,13.26,9.39,22.65,27.85,19.67,46.0,0.146,9.0,19.57,4.0,8.7,0.534,0.171,28.57,13.79,14.78,28.57,26.88,12.68
745405,2024-06-12,2024,609280,R,663158,R,single,False,False,54.0,0.283,10.0,18.52,0.0,0.0,0.6930000000000001,0.132,14.56,7.46,18.91,26.37,37.37,18.18,52.0,0.229,6.0,11.54,4.0,7.69,0.705,0.1879999999999999,14.58,7.49,13.9,21.39,30.93,12.77,55.0,0.148,13.0,23.64,1.0,1.82,0.349,0.037000000000000005,22.64,13.19,13.74,26.92,34.25,25.49,62.0,0.161,15.0,24.19,6.0,9.68,0.528,0.1249999999999999,24.39,11.86,15.81,27.67,25.62,18.75
745405,2024-06-12,2024,691016,L,663158,R,field_out,False,False,72.0,0.233,25.0,34.72,10.0,13.89,0.7849999999999999,0.19999999999999998,35.0,14.84,16.25,31.1,28.57,33.78,118.0,0.159,37.0,31.36,10.0,8.47,0.472,0.0839999999999999,33.93,16.67,14.91,31.58,29.36,28.91,41.0,0.111,12.0,29.27,5.0,12.2,0.498,0.16700000000000004,23.53,13.26,9.39,22.65,27.85,19.67,46.0,0.146,9.0,19.57,4.0,8.7,0.534,0.171,28.57,13.79,14.78,28.57,26.88,12.68
745405,2024-06-12,2024,669127,R,663158,R,field_out,False,False,157.0,0.214,40.0,25.48,12.0,7.64,0.7729999999999999,0.272,29.15,14.16,16.67,30.82,32.16,25.97,344.0,0.217,101.0,29.36,23.0,6.69,0.7230000000000001,0.226,32.34,16.3,14.73,31.03,31.22,23.88,55.0,0.148,13.0,23.64,1.0,1.82,0.349,0.037000000000000005,22.64,13.19,13.74,26.92,34.25,25.49,62.0,0.161,15.0,24.19,6.0,9.68,0.528,0.1249999999999999,24.39,11.86,15.81,27.67,25.62,18.75
745405,2024-06-12,2024,673490,R,695243,R,field_out,False,False,190.0,0.245,33.0,17.37,29.0,15.26,0.7909999999999999,0.183,17.59,6.27,23.86,30.14,17.66,12.31,435.0,0.241,94.0,21.61,55.0,12.64,0.681,0.1,18.8,7.03,23.65,30.68,19.23,15.59,63.0,0.179,30.0,47.62,5.0,7.94,0.5589999999999999,0.14200000000000002,41.18,20.22,18.41,38.63,43.17,33.33,78.0,0.229,22.0,28.21,6.0,7.69,0.642,0.114,29.19,14.24,14.55,28.79,28.75,20.56
745405,2024-06-12,2024,701538,L,695243,R,home_run,False,False,165.0,0.312,26.0,15.76,9.0,5.45,0.772,0.10999999999999999,17.38,9.48,13.48,22.96,36.45,13.76,,,,,,,,,,,,,,,48.0,0.095,25.0,52.08,6.0,12.5,0.32699999999999996,0.023999999999999994,45.1,23.23,16.16,39.39,36.78,32.89,62.0,0.167,16.0,25.81,10.0,16.13,0.573,0.0829999999999999,22.31,9.61,13.88,23.49,22.0,18.39
745978,2024-06-12,2024,687462,L,668964,R,field_out,False,False,16.0,0.417,2.0,12.5,3.0,18.75,1.033,0.08300000000000002,9.52,3.57,16.07,19.64,13.04,16.67,38.0,0.265,10.0,26.32,3.0,7.89,0.754,0.1469999999999999,27.14,13.01,17.12,30.14,25.35,21.74,67.0,0.237,12.0,17.91,7.0,10.45,0.652,0.10200000000000004,16.67,7.29,17.0,24.29,28.24,21.82,,,,,,,,,,,,,,
745978,2024-06-12,2024,676914,R,668964,R,home_run,False,False,159.0,0.243,38.0,23.9,18.0,11.32,0.7649999999999999,0.176,26.5,10.7,18.97,29.67,20.54,16.74,87.0,0.247,27.0,31.03,11.0,12.64,0.8340000000000001,0.219,37.06,13.98,21.9,35.88,15.66,21.77,78.0,0.229,20.0,25.64,6.0,7.69,0.813,0.28500000000000003,22.7,10.53,19.41,29.93,28.95,19.19,,,,,,,,,,,,,,
745978,2024-06-12,2024,666182,R,668964,R,field_out,False,False,218.0,0.262,37.0,16.97,12.0,5.5,0.7030000000000001,0.129,21.85,12.43,11.35,23.78,36.06,16.82,496.0,0.303,102.0,20.56,20.0,4.03,0.797,0.161,21.9,12.38,11.73,24.11,38.01,17.91,78.0,0.229,20.0,25.64,6.0,7.69,0.813,0.28500000000000003,22.7,10.53,19.41,29.93,28.95,19.19,,,,,,,,,,,,,,
745978,2024-06-12,2024,596129,L,668964,R,field_out,False,False,75.0,0.194,16.0,21.33,8.0,10.67,0.593,0.119,15.53,4.62,29.48,34.1,18.13,15.84,303.0,0.246,73.0,24.09,41.0,13.53,0.78,0.181,21.0,7.56,23.65,31.21,20.86,18.3,67.0,0.237,12.0,17.91,7.0,10.45,0.652,0.10200000000000004,16.67,7.29,17.0,24.29,28.24,21.82,,,,,,,,,,,,,,
745978,2024-06-12,2024,668930,L,605135,R,field_out,False,False,207.0,0.311,32.0,15.46,18.0,8.7,0.7989999999999999,0.11499999999999999,13.01,6.02,18.92,24.94,25.34,14.61,376.0,0.224,82.0,21.81,30.0,7.98,0.608,0.097,22.03,10.83,16.08,26.9,28.59,16.14,148.0,0.299,24.0,16.22,18.0,12.16,0.864,0.173,17.97,7.86,17.61,25.47,23.71,13.64,403.0,0.265,97.0,24.07,36.0,8.93,0.841,0.239,22.76,10.56,17.85,28.41,24.8,20.13
745978,2024-06-12,2024,661388,R,605135,R,field_out,False,False,230.0,0.302,41.0,17.83,23.0,10.0,0.866,0.186,29.5,13.74,14.32,28.06,24.28,17.15,434.0,0.262,94.0,21.66,42.0,9.68,0.72,0.119,27.61,11.63,19.55,31.17,24.86,18.08,169.0,0.227,46.0,27.22,10.0,5.92,0.558,0.03900000000000001,24.35,11.09,20.41,31.51,27.47,20.91,425.0,0.208,89.0,20.94,23.0,5.41,0.573,0.102,21.02,10.01,19.18,29.19,29.2,18.62
745978,2024-06-12,2024,592885,L,605135,R,single,False,False,120.0,0.317,25.0,20.83,14.0,11.67,0.885,0.173,22.94,10.4,14.14,24.53,25.1,16.23,473.0,0.294,103.0,21.78,64.0,13.53,0.882,0.195,26.99,11.53,15.4,26.93,23.89,19.07,148.0,0.299,24.0,16.22,18.0,12.16,0.864,0.173,17.97,7.86,17.61,25.47,23.71,13.64,403.0,0.265,97.0,24.07,36.0,8.93,0.841,0.239,22.76,10.56,17.85,28.41,24.8,20.13
745978,2024-06-12,2024,642715,R,605135,R,walk,False,True,226.0,0.26,51.0,22.57,23.0,10.18,0.798,0.2,29.81,14.14,15.26,29.4,26.89,18.82,480.0,0.212,117.0,24.38,47.0,9.79,0.702,0.194,32.44,16.53,12.85,29.38,32.69,19.28,169.0,0.227,46.0,27.22,10.0,5.92,0.558,0.03900000000000001,24.35,11.09,20.41,31.51,27.47,20.91,425.0,0.208,89.0,20.94,23.0,5.41,0.573,0.102,21.02,10.01,19.18,29.19,29.2,18.62
745978,2024-06-12,2024,686217,L,605135,R,walk,False,True,202.0,0.251,39.0,19.31,20.0,9.9,0.65,0.062,15.64,6.24,22.24,28.48,26.33,17.33,180.0,0.261,30.0,16.67,23.0,12.78,0.722,0.1049999999999999,15.26,6.63,20.31,26.94,29.52,13.18,148.0,0.299,24.0,16.22,18.0,12.16,0.864,0.173,17.97,7.86,17.61,25.47,23.71,13.64,403.0,0.265,97.0,24.07,36.0,8.93,0.841,0.239,22.76,10.56,17.85,28.41,24.8,20.13
745978,2024-06-12,2024,641343,L,605135,R,field_out,False,False,146.0,0.203,52.0,35.62,14.0,9.59,0.6639999999999999,0.16399999999999998,31.23,14.12,18.49,32.61,22.55,27.51,244.0,0.205,83.0,34.02,26.0,10.66,0.72,0.228,32.78,14.71,16.21,30.93,23.65,23.92,148.0,0.299,24.0,16.22,18.0,12.16,0.864,0.173,17.97,7.86,17.61,25.47,23.71,13.64,403.0,0.265,97.0,24.07,36.0,8.93,0.841,0.239,22.76,10.56,17.85,28.41,24.8,20.13
745978,2024-06-12,2024,543807,R,668964,R,field_out,False,False,193.0,0.222,27.0,13.99,20.0,10.36,0.633,0.10500000000000001,23.23,11.99,13.16,25.15,24.76,13.64,539.0,0.262,101.0,18.74,43.0,7.98,0.738,0.1489999999999999,23.18,11.37,14.48,25.84,23.35,18.21,78.0,0.229,20.0,25.64,6.0,7.69,0.813,0.28500000000000003,22.7,10.53,19.41,29.93,28.95,19.19,,,,,,,,,,,,,,
745978,2024-06-12,2024,672386,R,668964,R,field_out,False,False,88.0,0.237,11.0,12.5,8.0,9.09,0.6619999999999999,0.118,15.79,6.47,22.37,28.84,22.51,9.17,295.0,0.244,28.0,9.49,25.0,8.47,0.6739999999999999,0.1069999999999999,13.38,5.86,20.77,26.63,27.21,7.67,78.0,0.229,20.0,25.64,6.0,7.69,0.813,0.28500000000000003,22.7,10.53,19.41,29.93,28.95,19.19,,,,,,,,,,,,,,
745978,2024-06-12,2024,662139,L,668964,R,strikeout,True,False,185.0,0.205,52.0,28.11,18.0,9.73,0.75,0.259,25.85,11.99,15.81,27.8,24.6,23.96,466.0,0.202,111.0,23.82,36.0,7.73,0.662,0.19,25.51,12.84,15.05,27.89,29.23,18.26,67.0,0.237,12.0,17.91,7.0,10.45,0.652,0.10200000000000004,16.67,7.29,17.0,24.29,28.24,21.82,,,,,,,,,,,,,,
745978,2024-06-12,2024,694192,R,605135,R,single,False,False,144.0,0.241,40.0,27.78,5.0,3.47,0.675,0.16799999999999998,31.58,16.28,18.99,35.27,37.11,25.16,,,,,,,,,,,,,,,169.0,0.227,46.0,27.22,10.0,5.92,0.558,0.03900000000000001,24.35,11.09,20.41,31.51,27.47,20.91,425.0,0.208,89.0,20.94,23.0,5.41,0.573,0.102,21.02,10.01,19.18,29.19,29.2,18.62
745978,2024-06-12,2024,686554,L,605135,R,sac_bunt,False,False,93.0,0.23,35.0,37.63,5.0,5.38,0.613,0.10300000000000001,35.12,15.57,20.32,35.88,20.12,31.82,,,,,,,,,,,,,,,148.0,0.299,24.0,16.22,18.0,12.16,0.864,0.173,17.97,7.86,17.61,25.47,23.71,13.64,403.0,0.265,97.0,24.07,36.0,8.93,0.841,0.239,22.76,10.56,17.85,28.41,24.8,20.13
745978,2024-06-12,2024,663368,L,605135,R,field_out,False,False,159.0,0.273,44.0,27.67,12.0,7.55,0.753,0.13999999999999996,30.43,12.64,21.18,33.83,24.68,27.67,110.0,0.231,33.0,30.0,17.0,15.45,0.715,0.1319999999999999,24.04,9.0,23.31,32.31,18.26,20.5,148.0,0.299,24.0,16.22,18.0,12.16,0.864,0.173,17.97,7.86,17.61,25.47,23.71,13.64,403.0,0.265,97.0,24.07,36.0,8.93,0.841,0.239,22.76,10.56,17.85,28.41,24.8,20.13
745978,2024-06-12,2024,668930,L,605135,R,field_out,False,False,207.0,0.311,32.0,15.46,18.0,8.7,0.7989999999999999,0.11499999999999999,13.01,6.02,18.92,24.94,25.34,14.61,376.0,0.224,82.0,21.81,30.0,7.98,0.608,0.097,22.03,10.83,16.08,26.9,28.59,16.14,148.0,0.299,24.0,16.22,18.0,12.16,0.864,0.173,17.97,7.86,17.61,25.47,23.71,13.64,403.0,0.265,97.0,24.07,36.0,8.93,0.841,0.239,22.76,10.56,17.85,28.41,24.8,20.13
745978,2024-06-12,2024,643396,R,668964,R,field_out,False,False,152.0,0.264,20.0,13.16,9.0,5.92,0.6930000000000001,0.122,13.17,6.08,22.05,28.14,32.0,14.71,273.0,0.246,54.0,19.78,17.0,6.23,0.6479999999999999,0.1069999999999999,19.6,9.05,20.2,29.25,28.6,15.56,78.0,0.229,20.0,25.64,6.0,7.69,0.813,0.28500000000000003,22.7,10.53,19.41,29.93,28.95,19.19,,,,,,,,,,,,,,
745978,2024-06-12,2024,676391,R,668964,R,field_out,False,False,66.0,0.188,5.0,7.58,1.0,1.52,0.494,0.10899999999999999,16.67,9.8,14.69,24.49,45.31,6.85,20.0,0.4,1.0,5.0,0.0,0.0,1.05,0.25,5.71,3.33,15.0,18.33,40.0,7.69,78.0,0.229,20.0,25.64,6.0,7.69,0.813,0.28500000000000003,22.7,10.53,19.41,29.93,28.95,19.19,,,,,,,,,,,,,,
745978,2024-06-12,2024,687462,L,668964,R,single,False,False,16.0,0.417,2.0,12.5,3.0,18.75,1.033,0.08300000000000002,9.52,3.57,16.07,19.64,13.04,16.67,38.0,0.265,10.0,26.32,3.0,7.89,0.754,0.1469999999999999,27.14,13.01,17.12,30.14,25.35,21.74,67.0,0.237,12.0,17.91,7.0,10.45,0.652,0.10200000000000004,16.67,7.29,17.0,24.29,28.24,21.82,,,,,,,,,,,,,,
745978,2024-06-12,2024,676914,R,668964,R,strikeout,True,False,159.0,0.243,38.0,23.9,18.0,11.32,0.7649999999999999,0.176,26.5,10.7,18.97,29.67,20.54,16.74,87.0,0.247,27.0,31.03,11.0,12.64,0.8340000000000001,0.219,37.06,13.98,21.9,35.88,15.66,21.77,78.0,0.229,20.0,25.64,6.0,7.69,0.813,0.28500000000000003,22.7,10.53,19.41,29.93,28.95,19.19,,,,,,,,,,,,,,
745978,2024-06-12,2024,661388,R,605135,R,strikeout,True,False,230.0,0.302,41.0,17.83,23.0,10.0,0.866,0.186,29.5,13.74,14.32,28.06,24.28,17.15,434.0,0.262,94.0,21.66,42.0,9.68,0.72,0.119,27.61,11.63,19.55,31.17,24.86,18.08,169.0,0.227,46.0,27.22,10.0,5.92,0.558,0.03900000000000001,24.35,11.09,20.41,31.51,27.47,20.91,425.0,0.208,89.0,20.94,23.0,5.41,0.573,0.102,21.02,10.01,19.18,29.19,29.2,18.62
745978,2024-06-12,2024,592885,L,605135,R,strikeout,True,False,120.0,0.317,25.0,20.83,14.0,11.67,0.885,0.173,22.94,10.4,14.14,24.53,25.1,16.23,473.0,0.294,103.0,21.78,64.0,13.53,0.882,0.195,26.99,11.53,15.4,26.93,23.89,19.07,148.0,0.299,24.0,16.22,18.0,12.16,0.864,0.173,17.97,7.86,17.61,25.47,23.71,13.64,403.0,0.265,97.0,24.07,36.0,8.93,0.841,0.239,22.76,10.56,17.85,28.41,24.8,20.13
745978,2024-06-12,2024,642715,R,605135,R,field_out,False,False,226.0,0.26,51.0,22.57,23.0,10.18,0.798,0.2,29.81,14.14,15.26,29.4,26.89,18.82,480.0,0.212,117.0,24.38,47.0,9.79,0.702,0.194,32.44,16.53,12.85,29.38,32.69,19.28,169.0,0.227,46.0,27.22,10.0,5.92,0.558,0.03900000000000001,24.35,11.09,20.41,31.51,27.47,20.91,425.0,0.208,89.0,20.94,23.0,5.41,0.573,0.102,21.02,10.01,19.18,29.19,29.2,18.62
745978,2024-06-12,2024,666182,R,668964,R,field_out,False,False,218.0,0.262,37.0,16.97,12.0,5.5,0.7030000000000001,0.129,21.85,12.43,11.35,23.78,36.06,16.82,496.0,0.303,102.0,20.56,20.0,4.03,0.797,0.161,21.9,12.38,11.73,24.11,38.01,17.91,78.0,0.229,20.0,25.64,6.0,7.69,0.813,0.28500000000000003,22.7,10.53,19.41,29.93,28.95,19.19,,,,,,,,,,,,,,
745978,2024-06-12,2024,596129,L,668964,R,walk,False,True,75.0,0.194,16.0,21.33,8.0,10.67,0.593,0.119,15.53,4.62,29.48,34.1,18.13,15.84,303.0,0.246,73.0,24.09,41.0,13.53,0.78,0.181,21.0,7.56,23.65,31.21,20.86,18.3,67.0,0.237,12.0,17.91,7.0,10.45,0.652,0.10200000000000004,16.67,7.29,17.0,24.29,28.24,21.82,,,,,,,,,,,,,,
745978,2024-06-12,2024,543807,R,668964,R,grounded_into_double_play,False,False,193.0,0.222,27.0,13.99,20.0,10.36,0.633,0.10500000000000001,23.23,11.99,13.16,25.15,24.76,13.64,539.0,0.262,101.0,18.74,43.0,7.98,0.738,0.1489999999999999,23.18,11.37,14.48,25.84,23.35,18.21,78.0,0.229,20.0,25.64,6.0,7.69,0.813,0.28500000000000003,22.7,10.53,19.41,29.93,28.95,19.19,,,,,,,,,,,,,,
745978,2024-06-12,2024,686217,L,605135,R,strikeout,True,False,202.0,0.251,39.0,19.31,20.0,9.9,0.65,0.062,15.64,6.24,22.24,28.48,26.33,17.33,180.0,0.261,30.0,16.67,23.0,12.78,0.722,0.1049999999999999,15.26,6.63,20.31,26.94,29.52,13.18,148.0,0.299,24.0,16.22,18.0,12.16,0.864,0.173,17.97,7.86,17.61,25.47,23.71,13.64,403.0,0.265,97.0,24.07,36.0,8.93,0.841,0.239,22.76,10.56,17.85,28.41,24.8,20.13
745978,2024-06-12,2024,641343,L,605135,R,single,False,False,146.0,0.203,52.0,35.62,14.0,9.59,0.6639999999999999,0.16399999999999998,31.23,14.12,18.49,32.61,22.55,27.51,244.0,0.205,83.0,34.02,26.0,10.66,0.72,0.228,32.78,14.71,16.21,30.93,23.65,23.92,148.0,0.299,24.0,16.22,18.0,12.16,0.864,0.173,17.97,7.86,17.61,25.47,23.71,13.64,403.0,0.265,97.0,24.07,36.0,8.93,0.841,0.239,22.76,10.56,17.85,28.41,24.8,20.13
745978,2024-06-12,2024,694192,R,605135,R,single,False,False,144.0,0.241,40.0,27.78,5.0,3.47,0.675,0.16799999999999998,31.58,16.28,18.99,35.27,37.11,25.16,,,,,,,,,,,,,,,169.0,0.227,46.0,27.22,10.0,5.92,0.558,0.03900000000000001,24.35,11.09,20.41,31.51,27.47,20.91,425.0,0.208,89.0,20.94,23.0,5.41,0.573,0.102,21.02,10.01,19.18,29.19,29.2,18.62
745978,2024-06-12,2024,686554,L,605135,R,walk,False,True,93.0,0.23,35.0,37.63,5.0,5.38,0.613,0.10300000000000001,35.12,15.57,20.32,35.88,20.12,31.82,,,,,,,,,,,,,,,148.0,0.299,24.0,16.22,18.0,12.16,0.864,0.173,17.97,7.86,17.61,25.47,23.71,13.64,403.0,0.265,97.0,24.07,36.0,8.93,0.841,0.239,22.76,10.56,17.85,28.41,24.8,20.13
745978,2024-06-12,2024,663368,L,605135,R,strikeout,True,False,159.0,0.273,44.0,27.67,12.0,7.55,0.753,0.13999999999999996,30.43,12.64,21.18,33.83,24.68,27.67,110.0,0.231,33.0,30.0,17.0,15.45,0.715,0.1319999999999999,24.04,9.0,23.31,32.31,18.26,20.5,148.0,0.299,24.0,16.22,18.0,12.16,0.864,0.173,17.97,7.86,17.61,25.47,23.71,13.64,403.0,0.265,97.0,24.07,36.0,8.93,0.841,0.239,22.76,10.56,17.85,28.41,24.8,20.13
745978,2024-06-12,2024,668930,L,605135,R,field_out,False,False,207.0,0.311,32.0,15.46,18.0,8.7,0.7989999999999999,0.11499999999999999,13.01,6.02,18.92,24.94,25.34,14.61,376.0,0.224,82.0,21.81,30.0,7.98,0.608,0.097,22.03,10.83,16.08,26.9,28.59,16.14,148.0,0.299,24.0,16.22,18.0,12.16,0.864,0.173,17.97,7.86,17.61,25.47,23.71,13.64,403.0,0.265,97.0,24.07,36.0,8.93,0.841,0.239,22.76,10.56,17.85,28.41,24.8,20.13
745978,2024-06-12,2024,672386,R,668964,R,field_out,False,False,88.0,0.237,11.0,12.5,8.0,9.09,0.6619999999999999,0.118,15.79,6.47,22.37,28.84,22.51,9.17,295.0,0.244,28.0,9.49,25.0,8.47,0.6739999999999999,0.1069999999999999,13.38,5.86,20.77,26.63,27.21,7.67,78.0,0.229,20.0,25.64,6.0,7.69,0.813,0.28500000000000003,22.7,10.53,19.41,29.93,28.95,19.19,,,,,,,,,,,,,,
745978,2024-06-12,2024,662139,L,668964,R,strikeout,True,False,185.0,0.205,52.0,28.11,18.0,9.73,0.75,0.259,25.85,11.99,15.81,27.8,24.6,23.96,466.0,0.202,111.0,23.82,36.0,7.73,0.662,0.19,25.51,12.84,15.05,27.89,29.23,18.26,67.0,0.237,12.0,17.91,7.0,10.45,0.652,0.10200000000000004,16.67,7.29,17.0,24.29,28.24,21.82,,,,,,,,,,,,,,
745978,2024-06-12,2024,643396,R,668964,R,field_out,False,False,152.0,0.264,20.0,13.16,9.0,5.92,0.6930000000000001,0.122,13.17,6.08,22.05,28.14,32.0,14.71,273.0,0.246,54.0,19.78,17.0,6.23,0.6479999999999999,0.1069999999999999,19.6,9.05,20.2,29.25,28.6,15.56,78.0,0.229,20.0,25.64,6.0,7.69,0.813,0.28500000000000003,22.7,10.53,19.41,29.93,28.95,19.19,,,,,,,,,,,,,,
745978,2024-06-12,2024,661388,R,605135,R,field_out,False,False,230.0,0.302,41.0,17.83,23.0,10.0,0.866,0.186,29.5,13.74,14.32,28.06,24.28,17.15,434.0,0.262,94.0,21.66,42.0,9.68,0.72,0.119,27.61,11.63,19.55,31.17,24.86,18.08,169.0,0.227,46.0,27.22,10.0,5.92,0.558,0.03900000000000001,24.35,11.09,20.41,31.51,27.47,20.91,425.0,0.208,89.0,20.94,23.0,5.41,0.573,0.102,21.02,10.01,19.18,29.19,29.2,18.62
745978,2024-06-12,2024,592885,L,605135,R,walk,False,True,120.0,0.317,25.0,20.83,14.0,11.67,0.885,0.173,22.94,10.4,14.14,24.53,25.1,16.23,473.0,0.294,103.0,21.78,64.0,13.53,0.882,0.195,26.99,11.53,15.4,26.93,23.89,19.07,148.0,0.299,24.0,16.22,18.0,12.16,0.864,0.173,17.97,7.86,17.61,25.47,23.71,13.64,403.0,0.265,97.0,24.07,36.0,8.93,0.841,0.239,22.76,10.56,17.85,28.41,24.8,20.13
745978,2024-06-12,2024,642715,R,605135,R,field_out,False,False,226.0,0.26,51.0,22.57,23.0,10.18,0.798,0.2,29.81,14.14,15.26,29.4,26.89,18.82,480.0,0.212,117.0,24.38,47.0,9.79,0.702,0.194,32.44,16.53,12.85,29.38,32.69,19.28,169.0,0.227,46.0,27.22,10.0,5.92,0.558,0.03900000000000001,24.35,11.09,20.41,31.51,27.47,20.91,425.0,0.208,89.0,20.94,23.0,5.41,0.573,0.102,21.02,10.01,19.18,29.19,29.2,18.62
745978,2024-06-12,2024,686217,L,605135,R,single,False,False,202.0,0.251,39.0,19.31,20.0,9.9,0.65,0.062,15.64,6.24,22.24,28.48,26.33,17.33,180.0,0.261,30.0,16.67,23.0,12.78,0.722,0.1049999999999999,15.26,6.63,20.31,26.94,29.52,13.18,148.0,0.299,24.0,16.22,18.0,12.16,0.864,0.173,17.97,7.86,17.61,25.47,23.71,13.64,403.0,0.265,97.0,24.07,36.0,8.93,0.841,0.239,22.76,10.56,17.85,28.41,24.8,20.13
745978,2024-06-12,2024,641343,L,605135,R,strikeout,True,False,146.0,0.203,52.0,35.62,14.0,9.59,0.6639999999999999,0.16399999999999998,31.23,14.12,18.49,32.61,22.55,27.51,244.0,0.205,83.0,34.02,26.0,10.66,0.72,0.228,32.78,14.71,16.21,30.93,23.65,23.92,148.0,0.299,24.0,16.22,18.0,12.16,0.864,0.173,17.97,7.86,17.61,25.47,23.71,13.64,403.0,0.265,97.0,24.07,36.0,8.93,0.841,0.239,22.76,10.56,17.85,28.41,24.8,20.13
745978,2024-06-12,2024,676391,R,668964,R,single,False,False,66.0,0.188,5.0,7.58,1.0,1.52,0.494,0.10899999999999999,16.67,9.8,14.69,24.49,45.31,6.85,20.0,0.4,1.0,5.0,0.0,0.0,1.05,0.25,5.71,3.33,15.0,18.33,40.0,7.69,78.0,0.229,20.0,25.64,6.0,7.69,0.813,0.28500000000000003,22.7,10.53,19.41,29.93,28.95,19.19,,,,,,,,,,,,,,
745978,2024-06-12,2024,687462,L,668964,R,strikeout,True,False,16.0,0.417,2.0,12.5,3.0,18.75,1.033,0.08300000000000002,9.52,3.57,16.07,19.64,13.04,16.67,38.0,0.265,10.0,26.32,3.0,7.89,0.754,0.1469999999999999,27.14,13.01,17.12,30.14,25.35,21.74,67.0,0.237,12.0,17.91,7.0,10.45,0.652,0.10200000000000004,16.67,7.29,17.0,24.29,28.24,21.82,,,,,,,,,,,,,,
745978,2024-06-12,2024,676914,R,668964,R,field_out,False,False,159.0,0.243,38.0,23.9,18.0,11.32,0.7649999999999999,0.176,26.5,10.7,18.97,29.67,20.54,16.74,87.0,0.247,27.0,31.03,11.0,12.64,0.8340000000000001,0.219,37.06,13.98,21.9,35.88,15.66,21.77,78.0,0.229,20.0,25.64,6.0,7.69,0.813,0.28500000000000003,22.7,10.53,19.41,29.93,28.95,19.19,,,,,,,,,,,,,,
745978,2024-06-12,2024,694192,R,647315,R,field_out,False,False,144.0,0.241,40.0,27.78,5.0,3.47,0.675,0.16799999999999998,31.58,16.28,18.99,35.27,37.11,25.16,,,,,,,,,,,,,,,41.0,0.256,7.0,17.07,1.0,2.44,0.806,0.28200000000000003,16.46,9.03,11.81,20.83,41.03,17.07,34.0,0.161,9.0,26.47,3.0,8.82,0.493,0.097,21.67,10.32,23.81,34.13,41.43,21.95
745978,2024-06-12,2024,686554,L,647315,R,field_out,False,False,93.0,0.23,35.0,37.63,5.0,5.38,0.613,0.10300000000000001,35.12,15.57,20.32,35.88,20.12,31.82,,,,,,,,,,,,,,,29.0,0.208,6.0,20.69,3.0,10.34,0.703,0.209,39.13,18.0,14.0,32.0,31.58,27.27,22.0,0.316,5.0,22.73,3.0,13.64,1.251,0.526,36.36,16.44,13.7,30.14,28.89,31.25
745978,2024-06-12,2024,663368,L,647315,R,walk,False,True,159.0,0.273,44.0,27.67,12.0,7.55,0.753,0.13999999999999996,30.43,12.64,21.18,33.83,24.68,27.67,110.0,0.231,33.0,30.0,17.0,15.45,0.715,0.1319999999999999,24.04,9.0,23.31,32.31,18.26,20.5,29.0,0.208,6.0,20.69,3.0,10.34,0.703,0.209,39.13,18.0,14.0,32.0,31.58,27.27,22.0,0.316,5.0,22.73,3.0,13.64,1.251,0.526,36.36,16.44,13.7,30.14,28.89,31.25
745978,2024-06-12,2024,668930,L,647315,R,single,False,False,207.0,0.311,32.0,15.46,18.0,8.7,0.7989999999999999,0.11499999999999999,13.01,6.02,18.92,24.94,25.34,14.61,376.0,0.224,82.0,21.81,30.0,7.98,0.608,0.097,22.03,10.83,16.08,26.9,28.59,16.14,29.0,0.208,6.0,20.69,3.0,10.34,0.703,0.209,39.13,18.0,14.0,32.0,31.58,27.27,22.0,0.316,5.0,22.73,3.0,13.64,1.251,0.526,36.36,16.44,13.7,30.14,28.89,31.25
745978,2024-06-12,2024,661388,R,647315,R,single,False,False,230.0,0.302,41.0,17.83,23.0,10.0,0.866,0.186,29.5,13.74,14.32,28.06,24.28,17.15,434.0,0.262,94.0,21.66,42.0,9.68,0.72,0.119,27.61,11.63,19.55,31.17,24.86,18.08,41.0,0.256,7.0,17.07,1.0,2.44,0.806,0.28200000000000003,16.46,9.03,11.81,20.83,41.03,17.07,34.0,0.161,9.0,26.47,3.0,8.82,0.493,0.097,21.67,10.32,23.81,34.13,41.43,21.95
745978,2024-06-12,2024,592885,L,641835,L,single,False,False,55.0,0.306,13.0,23.64,5.0,9.09,0.913,0.22500000000000003,28.09,12.44,16.42,28.86,26.85,26.0,159.0,0.234,37.0,23.27,14.0,8.81,0.633,0.097,26.17,13.04,15.53,28.57,28.16,18.32,42.0,0.171,5.0,11.9,7.0,16.67,0.596,0.11499999999999996,9.43,2.92,23.98,26.9,13.04,10.64,115.0,0.245,26.0,22.61,4.0,3.48,0.5609999999999999,0.0459999999999999,19.23,8.47,23.97,32.45,29.47,22.61
745978,2024-06-12,2024,642715,R,641835,L,home_run,False,False,66.0,0.196,13.0,19.7,9.0,13.64,0.624,0.125,28.7,12.6,15.04,27.64,21.97,20.63,160.0,0.231,48.0,30.0,24.0,15.0,0.762,0.1789999999999999,26.61,12.38,15.79,28.17,29.47,20.17,49.0,0.318,10.0,20.41,3.0,6.12,0.892,0.22700000000000004,22.22,10.53,15.26,25.79,27.72,16.67,100.0,0.258,27.0,27.0,11.0,11.0,0.744,0.146,27.06,11.3,14.74,26.04,27.47,23.68
745978,2024-06-12,2024,686217,L,641835,L,single,False,False,24.0,0.261,6.0,25.0,1.0,4.17,0.727,0.174,15.15,6.49,22.08,28.57,22.22,35.29,43.0,0.184,7.0,16.28,5.0,11.63,0.5680000000000001,0.1049999999999999,11.43,4.71,21.18,25.88,26.83,17.07,42.0,0.171,5.0,11.9,7.0,16.67,0.596,0.11499999999999996,9.43,2.92,23.98,26.9,13.04,10.64,115.0,0.245,26.0,22.61,4.0,3.48,0.5609999999999999,0.0459999999999999,19.23,8.47,23.97,32.45,29.47,22.61
745978,2024-06-12,2024,641343,L,641835,L,field_out,False,False,19.0,0.25,3.0,15.79,1.0,5.26,0.895,0.31200000000000006,28.12,12.86,18.57,31.43,14.29,16.67,28.0,0.185,12.0,42.86,1.0,3.57,0.473,0.074,37.5,20.59,22.55,43.14,39.47,31.58,42.0,0.171,5.0,11.9,7.0,16.67,0.596,0.11499999999999996,9.43,2.92,23.98,26.9,13.04,10.64,115.0,0.245,26.0,22.61,4.0,3.48,0.5609999999999999,0.0459999999999999,19.23,8.47,23.97,32.45,29.47,22.61
745978,2024-06-12,2024,666182,R,663542,L,field_out,False,False,50.0,0.146,7.0,14.0,2.0,4.0,0.347,0.02100000000000002,11.93,7.56,8.72,16.28,40.74,12.96,107.0,0.323,13.0,12.15,7.0,6.54,0.893,0.202,17.62,9.88,9.88,19.75,30.5,10.32,86.0,0.15,28.0,32.56,4.0,4.65,0.497,0.13799999999999998,27.22,13.73,18.21,31.93,28.66,22.76,25.0,0.333,6.0,24.0,1.0,4.0,0.902,0.209,30.95,15.48,23.81,39.29,31.25,28.57
745978,2024-06-12,2024,643376,R,663542,L,field_out,False,False,36.0,0.276,7.0,19.44,6.0,16.67,0.734,0.06899999999999995,23.21,8.44,20.13,28.57,13.58,17.5,86.0,0.205,16.0,18.6,7.0,8.14,0.792,0.308,17.86,8.52,13.35,21.88,27.32,15.24,86.0,0.15,28.0,32.56,4.0,4.65,0.497,0.13799999999999998,27.22,13.73,18.21,31.93,28.66,22.76,25.0,0.333,6.0,24.0,1.0,4.0,0.902,0.209,30.95,15.48,23.81,39.29,31.25,28.57
745978,2024-06-12,2024,543807,R,663542,L,strikeout,True,False,61.0,0.135,11.0,18.03,8.0,13.11,0.45799999999999996,0.07699999999999999,20.34,9.3,12.79,22.09,20.97,14.47,144.0,0.242,24.0,16.67,17.0,11.81,0.71,0.137,19.37,9.5,11.92,21.42,22.03,14.37,86.0,0.15,28.0,32.56,4.0,4.65,0.497,0.13799999999999998,27.22,13.73,18.21,31.93,28.66,22.76,25.0,0.333,6.0,24.0,1.0,4.0,0.902,0.209,30.95,15.48,23.81,39.29,31.25,28.57
745978,2024-06-12,2024,694192,R,670950,R,strikeout,True,False,144.0,0.241,40.0,27.78,5.0,3.47,0.675,0.16799999999999998,31.58,16.28,18.99,35.27,37.11,25.16,,,,,,,,,,,,,,,77.0,0.141,20.0,25.97,10.0,12.99,0.565,0.171,25.17,10.85,19.35,30.21,30.77,17.86,178.0,0.244,63.0,35.39,15.0,8.43,0.754,0.194,37.26,17.97,16.38,34.35,37.0,24.51
745978,2024-06-12,2024,686554,L,670950,R,strikeout,True,False,93.0,0.23,35.0,37.63,5.0,5.38,0.613,0.10300000000000001,35.12,15.57,20.32,35.88,20.12,31.82,,,,,,,,,,,,,,,50.0,0.14,10.0,20.0,5.0,10.0,0.48,0.11599999999999999,21.43,8.91,21.78,30.69,25.71,16.95,138.0,0.207,42.0,30.43,20.0,14.49,0.724,0.198,36.69,16.72,15.57,32.3,37.93,19.44
745978,2024-06-12,2024,663368,L,670950,R,strikeout,True,False,159.0,0.273,44.0,27.67,12.0,7.55,0.753,0.13999999999999996,30.43,12.64,21.18,33.83,24.68,27.67,110.0,0.231,33.0,30.0,17.0,15.45,0.715,0.1319999999999999,24.04,9.0,23.31,32.31,18.26,20.5,50.0,0.14,10.0,20.0,5.0,10.0,0.48,0.11599999999999999,21.43,8.91,21.78,30.69,25.71,16.95,138.0,0.207,42.0,30.43,20.0,14.49,0.724,0.198,36.69,16.72,15.57,32.3,37.93,19.44
745978,2024-06-12,2024,672386,R,571948,L,strikeout,True,False,35.0,0.167,5.0,14.29,5.0,14.29,0.486,0.033,19.3,7.33,20.0,27.33,20.25,11.63,128.0,0.264,17.0,13.28,17.0,13.28,0.732,0.1089999999999999,11.34,4.1,23.84,27.93,25.62,11.11,71.0,0.217,17.0,23.94,7.0,9.86,0.6399999999999999,0.13299999999999998,20.0,7.8,21.99,29.79,18.32,18.89,131.0,0.256,32.0,24.43,5.0,3.82,0.6819999999999999,0.144,21.12,9.06,21.44,30.5,26.81,18.82
745978,2024-06-12,2024,457759,R,571948,L,field_out,False,False,52.0,0.319,8.0,15.38,4.0,7.69,0.876,0.192,11.01,5.04,19.75,24.79,26.13,9.64,164.0,0.285,32.0,19.51,18.0,10.98,0.9,0.243,20.38,9.35,18.71,28.06,27.41,13.45,71.0,0.217,17.0,23.94,7.0,9.86,0.6399999999999999,0.13299999999999998,20.0,7.8,21.99,29.79,18.32,18.89,131.0,0.256,32.0,24.43,5.0,3.82,0.6819999999999999,0.144,21.12,9.06,21.44,30.5,26.81,18.82
745978,2024-06-12,2024,643396,R,571948,L,strikeout,True,False,65.0,0.283,8.0,12.31,3.0,4.62,0.7110000000000001,0.10000000000000003,10.99,4.78,23.44,28.23,27.84,19.05,90.0,0.23,16.0,17.78,11.0,12.22,0.634,0.0669999999999999,19.59,8.03,19.67,27.7,20.35,15.09,71.0,0.217,17.0,23.94,7.0,9.86,0.6399999999999999,0.13299999999999998,20.0,7.8,21.99,29.79,18.32,18.89,131.0,0.256,32.0,24.43,5.0,3.82,0.6819999999999999,0.144,21.12,9.06,21.44,30.5,26.81,18.82
745978,2024-06-12,2024,668930,L,663893,L,field_out,False,False,37.0,0.212,9.0,24.32,4.0,10.81,0.6,0.091,16.39,6.41,21.79,28.21,16.67,20.45,73.0,0.188,12.0,16.44,8.0,10.96,0.466,0.0,20.18,7.94,23.47,31.41,18.75,17.39,13.0,0.25,3.0,23.08,1.0,7.69,0.558,0.0,28.57,11.76,21.57,33.33,20.83,21.43,,,,,,,,,,,,,,
745978,2024-06-12,2024,661388,R,663893,L,field_out,False,False,68.0,0.323,17.0,25.0,4.0,5.88,0.756,0.08000000000000002,28.67,14.39,13.68,28.07,32.0,19.54,177.0,0.357,32.0,18.08,21.0,11.86,1.087,0.292,28.8,12.96,16.38,29.34,24.36,16.24,21.0,0.35,5.0,23.81,1.0,4.76,0.981,0.25,31.03,13.85,16.92,30.77,32.14,45.45,,,,,,,,,,,,,,
745978,2024-06-12,2024,592885,L,663893,L,single,False,False,55.0,0.306,13.0,23.64,5.0,9.09,0.913,0.22500000000000003,28.09,12.44,16.42,28.86,26.85,26.0,159.0,0.234,37.0,23.27,14.0,8.81,0.633,0.097,26.17,13.04,15.53,28.57,28.16,18.32,13.0,0.25,3.0,23.08,1.0,7.69,0.558,0.0,28.57,11.76,21.57,33.33,20.83,21.43,,,,,,,,,,,,,,
745978,2024-06-12,2024,642715,R,663893,L,field_out,False,False,66.0,0.196,13.0,19.7,9.0,13.64,0.624,0.125,28.7,12.6,15.04,27.64,21.97,20.63,160.0,0.231,48.0,30.0,24.0,15.0,0.762,0.1789999999999999,26.61,12.38,15.79,28.17,29.47,20.17,21.0,0.35,5.0,23.81,1.0,4.76,0.981,0.25,31.03,13.85,16.92,30.77,32.14,45.45,,,,,,,,,,,,,,
745978,2024-06-12,2024,676391,R,571948,L,double,False,False,53.0,0.292,3.0,5.66,2.0,3.77,0.75,0.125,11.11,6.51,14.79,21.3,41.03,7.32,32.0,0.367,3.0,9.38,1.0,3.12,0.775,0.033,12.96,7.37,17.89,25.26,46.81,17.65,71.0,0.217,17.0,23.94,7.0,9.86,0.6399999999999999,0.13299999999999998,20.0,7.8,21.99,29.79,18.32,18.89,131.0,0.256,32.0,24.43,5.0,3.82,0.6819999999999999,0.144,21.12,9.06,21.44,30.5,26.81,18.82
745978,2024-06-12,2024,687462,L,571948,L,single,False,False,2.0,0.0,0.0,0.0,0.0,0.0,0.0,0.0,0.0,0.0,28.57,28.57,33.33,0.0,6.0,0.2,2.0,33.33,1.0,16.67,0.533,0.0,36.36,17.39,17.39,34.78,27.27,18.18,57.0,0.264,13.0,22.81,1.0,1.75,0.669,0.132,15.62,6.85,21.0,27.85,32.14,18.84,121.0,0.155,27.0,22.31,8.0,6.61,0.45,0.072,20.1,8.44,23.05,31.48,32.82,16.77
745978,2024-06-12,2024,676914,R,571948,L,single,False,False,63.0,0.173,19.0,30.16,7.0,11.11,0.643,0.21200000000000002,32.5,15.0,16.54,31.54,26.81,21.59,54.0,0.326,16.0,29.63,10.0,18.52,1.3,0.5109999999999999,37.65,15.69,17.16,32.84,15.89,28.07,71.0,0.217,17.0,23.94,7.0,9.86,0.6399999999999999,0.13299999999999998,20.0,7.8,21.99,29.79,18.32,18.89,131.0,0.256,32.0,24.43,5.0,3.82,0.6819999999999999,0.144,21.12,9.06,21.44,30.5,26.81,18.82
745978,2024-06-12,2024,666182,R,656730,R,single,False,False,218.0,0.262,37.0,16.97,12.0,5.5,0.7030000000000001,0.129,21.85,12.43,11.35,23.78,36.06,16.82,496.0,0.303,102.0,20.56,20.0,4.03,0.797,0.161,21.9,12.38,11.73,24.11,38.01,17.91,39.0,0.237,11.0,28.21,1.0,2.56,0.5720000000000001,0.07900000000000001,33.72,20.28,11.89,32.17,42.42,22.0,76.0,0.254,29.0,38.16,5.0,6.58,0.751,0.194,33.77,16.89,18.87,35.76,34.06,31.18
745978,2024-06-12,2024,643376,R,656730,R,walk,False,True,112.0,0.26,13.0,11.61,11.0,9.82,0.8400000000000001,0.25,15.56,6.17,20.26,26.43,19.27,9.09,215.0,0.237,46.0,21.4,16.0,7.44,0.784,0.221,25.13,11.59,15.17,26.76,23.75,20.09,39.0,0.237,11.0,28.21,1.0,2.56,0.5720000000000001,0.07900000000000001,33.72,20.28,11.89,32.17,42.42,22.0,76.0,0.254,29.0,38.16,5.0,6.58,0.751,0.194,33.77,16.89,18.87,35.76,34.06,31.18
745978,2024-06-12,2024,543807,R,656730,R,strikeout,True,False,193.0,0.222,27.0,13.99,20.0,10.36,0.633,0.10500000000000001,23.23,11.99,13.16,25.15,24.76,13.64,539.0,0.262,101.0,18.74,43.0,7.98,0.738,0.1489999999999999,23.18,11.37,14.48,25.84,23.35,18.21,39.0,0.237,11.0,28.21,1.0,2.56,0.5720000000000001,0.07900000000000001,33.72,20.28,11.89,32.17,42.42,22.0,76.0,0.254,29.0,38.16,5.0,6.58,0.751,0.194,33.77,16.89,18.87,35.76,34.06,31.18
745978,2024-06-12,2024,672386,R,656730,R,sac_fly,False,False,88.0,0.237,11.0,12.5,8.0,9.09,0.6619999999999999,0.118,15.79,6.47,22.37,28.84,22.51,9.17,295.0,0.244,28.0,9.49,25.0,8.47,0.6739999999999999,0.1069999999999999,13.38,5.86,20.77,26.63,27.21,7.67,39.0,0.237,11.0,28.21,1.0,2.56,0.5720000000000001,0.07900000000000001,33.72,20.28,11.89,32.17,42.42,22.0,76.0,0.254,29.0,38.16,5.0,6.58,0.751,0.194,33.77,16.89,18.87,35.76,34.06,31.18
745978,2024-06-12,2024,665489,R,656730,R,field_out,False,False,237.0,0.29,42.0,17.72,26.0,10.97,0.7849999999999999,0.124,24.78,11.64,15.24,26.88,24.32,13.68,558.0,0.26,85.0,15.23,48.0,8.6,0.792,0.2,23.83,12.29,11.94,24.23,30.21,15.37,39.0,0.237,11.0,28.21,1.0,2.56,0.5720000000000001,0.07900000000000001,33.72,20.28,11.89,32.17,42.42,22.0,76.0,0.254,29.0,38.16,5.0,6.58,0.751,0.194,33.77,16.89,18.87,35.76,34.06,31.18
745896,2024-06-12,2024,453568,L,641154,R,strikeout,True,False,180.0,0.244,25.0,13.89,13.0,7.22,0.679,0.128,18.84,9.35,16.89,26.24,35.95,13.89,309.0,0.272,48.0,15.53,26.0,8.41,0.7909999999999999,0.1689999999999999,21.84,10.67,16.05,26.72,30.66,16.11,159.0,0.255,40.0,25.16,6.0,3.77,0.748,0.20800000000000002,26.28,12.75,15.55,28.3,29.08,19.05,407.0,0.271,104.0,25.55,27.0,6.63,0.754,0.1549999999999999,27.73,14.02,16.28,30.3,33.55,23.21
745896,2024-06-12,2024,686668,R,641154,R,single,False,False,204.0,0.261,60.0,29.41,19.0,9.31,0.7390000000000001,0.14500000000000002,31.23,15.34,15.75,31.09,29.12,26.79,299.0,0.207,98.0,32.78,17.0,5.69,0.597,0.131,34.17,17.56,14.33,31.89,31.96,31.51,141.0,0.252,39.0,27.66,11.0,7.8,0.76,0.189,30.68,15.17,15.92,31.09,29.32,22.54,394.0,0.205,130.0,32.99,21.0,5.33,0.597,0.137,32.71,17.16,14.87,32.02,35.04,24.16
745896,2024-06-12,2024,678662,R,641154,R,sac_fly,False,False,213.0,0.299,58.0,27.23,6.0,2.82,0.8180000000000001,0.194,33.6,21.04,10.01,31.05,46.39,22.14,438.0,0.256,109.0,24.89,17.0,3.88,0.69,0.143,29.47,17.51,10.44,27.95,41.11,20.49,141.0,0.252,39.0,27.66,11.0,7.8,0.76,0.189,30.68,15.17,15.92,31.09,29.32,22.54,394.0,0.205,130.0,32.99,21.0,5.33,0.597,0.137,32.71,17.16,14.87,32.02,35.04,24.16
745896,2024-06-12,2024,641857,L,641154,R,double,False,False,198.0,0.238,55.0,27.78,21.0,10.61,0.725,0.16899999999999998,27.3,12.87,15.91,28.77,27.07,19.1,449.0,0.26,141.0,31.4,52.0,11.58,0.826,0.2209999999999999,31.26,14.84,14.94,29.79,25.26,20.41,159.0,0.255,40.0,25.16,6.0,3.77,0.748,0.20800000000000002,26.28,12.75,15.55,28.3,29.08,19.05,407.0,0.271,104.0,25.55,27.0,6.63,0.754,0.1549999999999999,27.73,14.02,16.28,30.3,33.55,23.21
745896,2024-06-12,2024,607732,R,641154,R,strikeout,True,False,76.0,0.258,15.0,19.74,6.0,7.89,0.6799999999999999,0.07500000000000001,26.72,11.95,18.09,30.03,20.44,17.24,225.0,0.186,56.0,24.89,24.0,10.67,0.547,0.082,22.79,8.98,20.99,29.97,22.2,22.95,141.0,0.252,39.0,27.66,11.0,7.8,0.76,0.189,30.68,15.17,15.92,31.09,29.32,22.54,394.0,0.205,130.0,32.99,21.0,5.33,0.597,0.137,32.71,17.16,14.87,32.02,35.04,24.16
745896,2024-06-12,2024,622534,R,596295,L,single,False,False,65.0,0.276,9.0,13.85,6.0,9.23,0.7170000000000001,0.10299999999999998,18.85,8.81,14.56,23.37,29.86,12.86,99.0,0.277,22.0,22.22,3.0,3.03,0.665,0.0949999999999999,26.88,13.81,17.68,31.49,28.93,23.66,217.0,0.23,36.0,16.59,20.0,9.22,0.6719999999999999,0.142,21.26,9.76,18.67,28.43,23.84,14.94,477.0,0.278,72.0,15.09,33.0,6.92,0.8089999999999999,0.1979999999999999,18.82,8.97,15.75,24.71,24.01,15.86
745896,2024-06-12,2024,621043,R,596295,L,single,False,False,50.0,0.222,9.0,18.0,4.0,8.0,0.658,0.156,17.58,7.84,17.65,25.49,20.39,16.07,136.0,0.248,19.0,13.97,17.0,12.5,0.782,0.188,21.1,9.54,17.18,26.72,26.2,13.01,217.0,0.23,36.0,16.59,20.0,9.22,0.6719999999999999,0.142,21.26,9.76,18.67,28.43,23.84,14.94,477.0,0.278,72.0,15.09,33.0,6.92,0.8089999999999999,0.1979999999999999,18.82,8.97,15.75,24.71,24.01,15.86
745896,2024-06-12,2024,668904,R,596295,L,single,False,False,7.0,0.5,1.0,14.29,0.0,0.0,1.596,0.667,33.33,20.0,12.0,32.0,41.67,11.11,56.0,0.314,12.0,21.43,5.0,8.93,0.7869999999999999,0.0979999999999999,27.66,13.33,16.92,30.26,30.21,23.53,217.0,0.23,36.0,16.59,20.0,9.22,0.6719999999999999,0.142,21.26,9.76,18.67,28.43,23.84,14.94,477.0,0.278,72.0,15.09,33.0,6.92,0.8089999999999999,0.1979999999999999,18.82,8.97,15.75,24.71,24.01,15.86
745896,2024-06-12,2024,669304,R,596295,L,strikeout,True,False,56.0,0.259,7.0,12.5,1.0,1.79,0.693,0.14799999999999996,17.31,9.28,12.89,22.16,35.35,13.21,32.0,0.226,6.0,18.75,1.0,3.12,0.573,0.097,29.85,17.54,10.53,28.07,44.44,20.0,217.0,0.23,36.0,16.59,20.0,9.22,0.6719999999999999,0.142,21.26,9.76,18.67,28.43,23.84,14.94,477.0,0.278,72.0,15.09,33.0,6.92,0.8089999999999999,0.1979999999999999,18.82,8.97,15.75,24.71,24.01,15.86
745896,2024-06-12,2024,621439,R,596295,L,single,False,False,49.0,0.239,16.0,32.65,2.0,4.08,0.743,0.21800000000000003,32.97,16.3,17.93,34.24,27.38,29.09,90.0,0.179,29.0,32.22,9.0,10.0,0.628,0.193,33.14,15.66,14.56,30.22,23.24,27.88,217.0,0.23,36.0,16.59,20.0,9.22,0.6719999999999999,0.142,21.26,9.76,18.67,28.43,23.84,14.94,477.0,0.278,72.0,15.09,33.0,6.92,0.8089999999999999,0.1979999999999999,18.82,8.97,15.75,24.71,24.01,15.86
745896,2024-06-12,2024,467793,R,596295,L,double,False,False,59.0,0.268,11.0,18.64,2.0,3.39,0.8109999999999999,0.25,27.78,12.77,17.87,30.64,24.55,17.46,162.0,0.266,21.0,12.96,20.0,12.35,0.8069999999999999,0.187,16.6,6.97,17.43,24.41,22.49,13.04,217.0,0.23,36.0,16.59,20.0,9.22,0.6719999999999999,0.142,21.26,9.76,18.67,28.43,23.84,14.94,477.0,0.278,72.0,15.09,33.0,6.92,0.8089999999999999,0.1979999999999999,18.82,8.97,15.75,24.71,24.01,15.86
745896,2024-06-12,2024,571657,R,596295,L,single,False,False,53.0,0.174,12.0,22.64,5.0,9.43,0.522,0.065,22.73,9.9,20.79,30.69,30.61,21.43,128.0,0.289,27.0,21.09,10.0,7.81,0.782,0.141,24.78,11.45,20.65,32.11,31.62,18.88,217.0,0.23,36.0,16.59,20.0,9.22,0.6719999999999999,0.142,21.26,9.76,18.67,28.43,23.84,14.94,477.0,0.278,72.0,15.09,33.0,6.92,0.8089999999999999,0.1979999999999999,18.82,8.97,15.75,24.71,24.01,15.86
745896,2024-06-12,2024,650489,R,596295,L,strikeout,True,False,59.0,0.345,17.0,28.81,3.0,5.08,0.881,0.14600000000000002,30.83,15.61,16.03,31.65,34.45,23.61,129.0,0.237,26.0,20.16,11.0,8.53,0.636,0.079,27.27,14.12,14.71,28.82,33.85,15.03,217.0,0.23,36.0,16.59,20.0,9.22,0.6719999999999999,0.142,21.26,9.76,18.67,28.43,23.84,14.94,477.0,0.278,72.0,15.09,33.0,6.92,0.8089999999999999,0.1979999999999999,18.82,8.97,15.75,24.71,24.01,15.86
745896,2024-06-12,2024,669911,L,641154,R,single,False,False,52.0,0.146,19.0,36.54,2.0,3.85,0.504,0.166,30.43,14.89,15.74,30.64,32.06,21.84,104.0,0.189,29.0,27.88,8.0,7.69,0.628,0.179,34.34,17.26,14.21,31.47,29.0,25.0,159.0,0.255,40.0,25.16,6.0,3.77,0.748,0.20800000000000002,26.28,12.75,15.55,28.3,29.08,19.05,407.0,0.271,104.0,25.55,27.0,6.63,0.754,0.1549999999999999,27.73,14.02,16.28,30.3,33.55,23.21
745896,2024-06-12,2024,595909,L,641154,R,field_out,False,False,104.0,0.258,26.0,25.0,10.0,9.62,0.65,0.065,21.56,10.8,15.17,25.98,30.56,17.81,171.0,0.226,44.0,25.73,12.0,7.02,0.663,0.155,26.67,12.9,15.25,28.15,29.13,19.91,159.0,0.255,40.0,25.16,6.0,3.77,0.748,0.20800000000000002,26.28,12.75,15.55,28.3,29.08,19.05,407.0,0.271,104.0,25.55,27.0,6.63,0.754,0.1549999999999999,27.73,14.02,16.28,30.3,33.55,23.21
745896,2024-06-12,2024,660707,R,641154,R,field_out,False,False,158.0,0.215,36.0,22.78,12.0,7.59,0.607,0.11800000000000002,30.0,16.29,13.13,29.42,36.84,22.09,196.0,0.249,69.0,35.2,12.0,6.12,0.729,0.1689999999999999,41.45,21.48,15.97,37.45,41.94,28.28,141.0,0.252,39.0,27.66,11.0,7.8,0.76,0.189,30.68,15.17,15.92,31.09,29.32,22.54,394.0,0.205,130.0,32.99,21.0,5.33,0.597,0.137,32.71,17.16,14.87,32.02,35.04,24.16
745896,2024-06-12,2024,691182,L,641154,R,strikeout,True,False,10.0,0.1,4.0,40.0,0.0,0.0,0.2,0.0,31.82,20.59,17.65,38.24,70.59,33.33,,,,,,,,,,,,,,,159.0,0.255,40.0,25.16,6.0,3.77,0.748,0.20800000000000002,26.28,12.75,15.55,28.3,29.08,19.05,407.0,0.271,104.0,25.55,27.0,6.63,0.754,0.1549999999999999,27.73,14.02,16.28,30.3,33.55,23.21
745896,2024-06-12,2024,543877,R,596295,L,field_out,False,False,44.0,0.186,8.0,18.18,0.0,0.0,0.368,0.0,15.96,9.49,16.46,25.95,42.47,16.67,76.0,0.25,23.0,30.26,3.0,3.95,0.776,0.25,27.63,13.17,17.24,30.41,31.25,23.23,217.0,0.23,36.0,16.59,20.0,9.22,0.6719999999999999,0.142,21.26,9.76,18.67,28.43,23.84,14.94,477.0,0.278,72.0,15.09,33.0,6.92,0.8089999999999999,0.1979999999999999,18.82,8.97,15.75,24.71,24.01,15.86
745896,2024-06-12,2024,622534,R,596295,L,walk,False,True,65.0,0.276,9.0,13.85,6.0,9.23,0.7170000000000001,0.10299999999999998,18.85,8.81,14.56,23.37,29.86,12.86,99.0,0.277,22.0,22.22,3.0,3.03,0.665,0.0949999999999999,26.88,13.81,17.68,31.49,28.93,23.66,217.0,0.23,36.0,16.59,20.0,9.22,0.6719999999999999,0.142,21.26,9.76,18.67,28.43,23.84,14.94,477.0,0.278,72.0,15.09,33.0,6.92,0.8089999999999999,0.1979999999999999,18.82,8.97,15.75,24.71,24.01,15.86
745896,2024-06-12,2024,621043,R,596295,L,single,False,False,50.0,0.222,9.0,18.0,4.0,8.0,0.658,0.156,17.58,7.84,17.65,25.49,20.39,16.07,136.0,0.248,19.0,13.97,17.0,12.5,0.782,0.188,21.1,9.54,17.18,26.72,26.2,13.01,217.0,0.23,36.0,16.59,20.0,9.22,0.6719999999999999,0.142,21.26,9.76,18.67,28.43,23.84,14.94,477.0,0.278,72.0,15.09,33.0,6.92,0.8089999999999999,0.1979999999999999,18.82,8.97,15.75,24.71,24.01,15.86
745896,2024-06-12,2024,668904,R,596295,L,field_out,False,False,7.0,0.5,1.0,14.29,0.0,0.0,1.596,0.667,33.33,20.0,12.0,32.0,41.67,11.11,56.0,0.314,12.0,21.43,5.0,8.93,0.7869999999999999,0.0979999999999999,27.66,13.33,16.92,30.26,30.21,23.53,217.0,0.23,36.0,16.59,20.0,9.22,0.6719999999999999,0.142,21.26,9.76,18.67,28.43,23.84,14.94,477.0,0.278,72.0,15.09,33.0,6.92,0.8089999999999999,0.1979999999999999,18.82,8.97,15.75,24.71,24.01,15.86
745896,2024-06-12,2024,669304,R,596295,L,field_out,False,False,56.0,0.259,7.0,12.5,1.0,1.79,0.693,0.14799999999999996,17.31,9.28,12.89,22.16,35.35,13.21,32.0,0.226,6.0,18.75,1.0,3.12,0.573,0.097,29.85,17.54,10.53,28.07,44.44,20.0,217.0,0.23,36.0,16.59,20.0,9.22,0.6719999999999999,0.142,21.26,9.76,18.67,28.43,23.84,14.94,477.0,0.278,72.0,15.09,33.0,6.92,0.8089999999999999,0.1979999999999999,18.82,8.97,15.75,24.71,24.01,15.86
745896,2024-06-12,2024,453568,L,641154,R,strikeout,True,False,180.0,0.244,25.0,13.89,13.0,7.22,0.679,0.128,18.84,9.35,16.89,26.24,35.95,13.89,309.0,0.272,48.0,15.53,26.0,8.41,0.7909999999999999,0.1689999999999999,21.84,10.67,16.05,26.72,30.66,16.11,159.0,0.255,40.0,25.16,6.0,3.77,0.748,0.20800000000000002,26.28,12.75,15.55,28.3,29.08,19.05,407.0,0.271,104.0,25.55,27.0,6.63,0.754,0.1549999999999999,27.73,14.02,16.28,30.3,33.55,23.21
745896,2024-06-12,2024,686668,R,641154,R,field_out,False,False,204.0,0.261,60.0,29.41,19.0,9.31,0.7390000000000001,0.14500000000000002,31.23,15.34,15.75,31.09,29.12,26.79,299.0,0.207,98.0,32.78,17.0,5.69,0.597,0.131,34.17,17.56,14.33,31.89,31.96,31.51,141.0,0.252,39.0,27.66,11.0,7.8,0.76,0.189,30.68,15.17,15.92,31.09,29.32,22.54,394.0,0.205,130.0,32.99,21.0,5.33,0.597,0.137,32.71,17.16,14.87,32.02,35.04,24.16
745896,2024-06-12,2024,678662,R,641154,R,field_out,False,False,213.0,0.299,58.0,27.23,6.0,2.82,0.8180000000000001,0.194,33.6,21.04,10.01,31.05,46.39,22.14,438.0,0.256,109.0,24.89,17.0,3.88,0.69,0.143,29.47,17.51,10.44,27.95,41.11,20.49,141.0,0.252,39.0,27.66,11.0,7.8,0.76,0.189,30.68,15.17,15.92,31.09,29.32,22.54,394.0,0.205,130.0,32.99,21.0,5.33,0.597,0.137,32.71,17.16,14.87,32.02,35.04,24.16
745896,2024-06-12,2024,621439,R,596295,L,field_out,False,False,49.0,0.239,16.0,32.65,2.0,4.08,0.743,0.21800000000000003,32.97,16.3,17.93,34.24,27.38,29.09,90.0,0.179,29.0,32.22,9.0,10.0,0.628,0.193,33.14,15.66,14.56,30.22,23.24,27.88,217.0,0.23,36.0,16.59,20.0,9.22,0.6719999999999999,0.142,21.26,9.76,18.67,28.43,23.84,14.94,477.0,0.278,72.0,15.09,33.0,6.92,0.8089999999999999,0.1979999999999999,18.82,8.97,15.75,24.71,24.01,15.86
745896,2024-06-12,2024,467793,R,596295,L,field_out,False,False,59.0,0.268,11.0,18.64,2.0,3.39,0.8109999999999999,0.25,27.78,12.77,17.87,30.64,24.55,17.46,162.0,0.266,21.0,12.96,20.0,12.35,0.8069999999999999,0.187,16.6,6.97,17.43,24.41,22.49,13.04,217.0,0.23,36.0,16.59,20.0,9.22,0.6719999999999999,0.142,21.26,9.76,18.67,28.43,23.84,14.94,477.0,0.278,72.0,15.09,33.0,6.92,0.8089999999999999,0.1979999999999999,18.82,8.97,15.75,24.71,24.01,15.86
745896,2024-06-12,2024,571657,R,596295,L,single,False,False,53.0,0.174,12.0,22.64,5.0,9.43,0.522,0.065,22.73,9.9,20.79,30.69,30.61,21.43,128.0,0.289,27.0,21.09,10.0,7.81,0.782,0.141,24.78,11.45,20.65,32.11,31.62,18.88,217.0,0.23,36.0,16.59,20.0,9.22,0.6719999999999999,0.142,21.26,9.76,18.67,28.43,23.84,14.94,477.0,0.278,72.0,15.09,33.0,6.92,0.8089999999999999,0.1979999999999999,18.82,8.97,15.75,24.71,24.01,15.86
745896,2024-06-12,2024,641857,L,641154,R,home_run,False,False,198.0,0.238,55.0,27.78,21.0,10.61,0.725,0.16899999999999998,27.3,12.87,15.91,28.77,27.07,19.1,449.0,0.26,141.0,31.4,52.0,11.58,0.826,0.2209999999999999,31.26,14.84,14.94,29.79,25.26,20.41,159.0,0.255,40.0,25.16,6.0,3.77,0.748,0.20800000000000002,26.28,12.75,15.55,28.3,29.08,19.05,407.0,0.271,104.0,25.55,27.0,6.63,0.754,0.1549999999999999,27.73,14.02,16.28,30.3,33.55,23.21
745896,2024-06-12,2024,607732,R,641154,R,field_out,False,False,76.0,0.258,15.0,19.74,6.0,7.89,0.6799999999999999,0.07500000000000001,26.72,11.95,18.09,30.03,20.44,17.24,225.0,0.186,56.0,24.89,24.0,10.67,0.547,0.082,22.79,8.98,20.99,29.97,22.2,22.95,141.0,0.252,39.0,27.66,11.0,7.8,0.76,0.189,30.68,15.17,15.92,31.09,29.32,22.54,394.0,0.205,130.0,32.99,21.0,5.33,0.597,0.137,32.71,17.16,14.87,32.02,35.04,24.16
745896,2024-06-12,2024,669911,L,641154,R,strikeout,True,False,52.0,0.146,19.0,36.54,2.0,3.85,0.504,0.166,30.43,14.89,15.74,30.64,32.06,21.84,104.0,0.189,29.0,27.88,8.0,7.69,0.628,0.179,34.34,17.26,14.21,31.47,29.0,25.0,159.0,0.255,40.0,25.16,6.0,3.77,0.748,0.20800000000000002,26.28,12.75,15.55,28.3,29.08,19.05,407.0,0.271,104.0,25.55,27.0,6.63,0.754,0.1549999999999999,27.73,14.02,16.28,30.3,33.55,23.21
745896,2024-06-12,2024,595909,L,641154,R,double,False,False,104.0,0.258,26.0,25.0,10.0,9.62,0.65,0.065,21.56,10.8,15.17,25.98,30.56,17.81,171.0,0.226,44.0,25.73,12.0,7.02,0.663,0.155,26.67,12.9,15.25,28.15,29.13,19.91,159.0,0.255,40.0,25.16,6.0,3.77,0.748,0.20800000000000002,26.28,12.75,15.55,28.3,29.08,19.05,407.0,0.271,104.0,25.55,27.0,6.63,0.754,0.1549999999999999,27.73,14.02,16.28,30.3,33.55,23.21
745896,2024-06-12,2024,660707,R,641154,R,field_out,False,False,158.0,0.215,36.0,22.78,12.0,7.59,0.607,0.11800000000000002,30.0,16.29,13.13,29.42,36.84,22.09,196.0,0.249,69.0,35.2,12.0,6.12,0.729,0.1689999999999999,41.45,21.48,15.97,37.45,41.94,28.28,141.0,0.252,39.0,27.66,11.0,7.8,0.76,0.189,30.68,15.17,15.92,31.09,29.32,22.54,394.0,0.205,130.0,32.99,21.0,5.33,0.597,0.137,32.71,17.16,14.87,32.02,35.04,24.16
745896,2024-06-12,2024,650489,R,596295,L,home_run,False,False,59.0,0.345,17.0,28.81,3.0,5.08,0.881,0.14600000000000002,30.83,15.61,16.03,31.65,34.45,23.61,129.0,0.237,26.0,20.16,11.0,8.53,0.636,0.079,27.27,14.12,14.71,28.82,33.85,15.03,217.0,0.23,36.0,16.59,20.0,9.22,0.6719999999999999,0.142,21.26,9.76,18.67,28.43,23.84,14.94,477.0,0.278,72.0,15.09,33.0,6.92,0.8089999999999999,0.1979999999999999,18.82,8.97,15.75,24.71,24.01,15.86
745896,2024-06-12,2024,543877,R,596295,L,double,False,False,44.0,0.186,8.0,18.18,0.0,0.0,0.368,0.0,15.96,9.49,16.46,25.95,42.47,16.67,76.0,0.25,23.0,30.26,3.0,3.95,0.776,0.25,27.63,13.17,17.24,30.41,31.25,23.23,217.0,0.23,36.0,16.59,20.0,9.22,0.6719999999999999,0.142,21.26,9.76,18.67,28.43,23.84,14.94,477.0,0.278,72.0,15.09,33.0,6.92,0.8089999999999999,0.1979999999999999,18.82,8.97,15.75,24.71,24.01,15.86
745896,2024-06-12,2024,622534,R,596295,L,double,False,False,65.0,0.276,9.0,13.85,6.0,9.23,0.7170000000000001,0.10299999999999998,18.85,8.81,14.56,23.37,29.86,12.86,99.0,0.277,22.0,22.22,3.0,3.03,0.665,0.0949999999999999,26.88,13.81,17.68,31.49,28.93,23.66,217.0,0.23,36.0,16.59,20.0,9.22,0.6719999999999999,0.142,21.26,9.76,18.67,28.43,23.84,14.94,477.0,0.278,72.0,15.09,33.0,6.92,0.8089999999999999,0.1979999999999999,18.82,8.97,15.75,24.71,24.01,15.86
745896,2024-06-12,2024,621043,R,683627,R,single,False,False,152.0,0.288,32.0,21.05,17.0,11.18,0.832,0.182,21.48,9.34,20.03,29.37,28.06,18.93,444.0,0.224,112.0,25.23,42.0,9.46,0.69,0.164,26.37,11.3,19.9,31.19,27.0,21.72,56.0,0.385,3.0,5.36,2.0,3.57,0.9490000000000001,0.15300000000000002,9.18,4.39,15.12,19.51,21.36,5.66,,,,,,,,,,,,,,
745896,2024-06-12,2024,668904,R,683627,R,grounded_into_double_play,False,False,21.0,0.263,4.0,19.05,2.0,9.52,1.07,0.474,27.03,12.05,14.46,26.51,22.22,17.39,183.0,0.307,43.0,23.5,15.0,8.2,0.962,0.283,27.16,12.8,18.57,31.36,28.0,20.98,56.0,0.385,3.0,5.36,2.0,3.57,0.9490000000000001,0.15300000000000002,9.18,4.39,15.12,19.51,21.36,5.66,,,,,,,,,,,,,,
745896,2024-06-12,2024,669304,R,683627,R,double,False,False,122.0,0.274,20.0,16.39,5.0,4.1,0.7829999999999999,0.19499999999999995,21.13,10.23,17.95,28.18,33.48,19.23,120.0,0.207,18.0,15.0,8.0,6.67,0.5640000000000001,0.09,23.72,11.83,13.69,25.52,32.37,15.04,56.0,0.385,3.0,5.36,2.0,3.57,0.9490000000000001,0.15300000000000002,9.18,4.39,15.12,19.51,21.36,5.66,,,,,,,,,,,,,,
745896,2024-06-12,2024,621439,R,683627,R,field_out,False,False,125.0,0.226,37.0,29.6,5.0,4.0,0.628,0.12199999999999997,34.85,18.97,11.96,30.93,36.58,22.42,257.0,0.217,80.0,31.13,26.0,10.12,0.767,0.243,29.69,15.03,12.96,27.99,29.53,25.0,56.0,0.385,3.0,5.36,2.0,3.57,0.9490000000000001,0.15300000000000002,9.18,4.39,15.12,19.51,21.36,5.66,,,,,,,,,,,,,,
745896,2024-06-12,2024,691182,L,641154,R,field_out,False,False,10.0,0.1,4.0,40.0,0.0,0.0,0.2,0.0,31.82,20.59,17.65,38.24,70.59,33.33,,,,,,,,,,,,,,,159.0,0.255,40.0,25.16,6.0,3.77,0.748,0.20800000000000002,26.28,12.75,15.55,28.3,29.08,19.05,407.0,0.271,104.0,25.55,27.0,6.63,0.754,0.1549999999999999,27.73,14.02,16.28,30.3,33.55,23.21
745896,2024-06-12,2024,453568,L,641154,R,field_out,False,False,180.0,0.244,25.0,13.89,13.0,7.22,0.679,0.128,18.84,9.35,16.89,26.24,35.95,13.89,309.0,0.272,48.0,15.53,26.0,8.41,0.7909999999999999,0.1689999999999999,21.84,10.67,16.05,26.72,30.66,16.11,159.0,0.255,40.0,25.16,6.0,3.77,0.748,0.20800000000000002,26.28,12.75,15.55,28.3,29.08,19.05,407.0,0.271,104.0,25.55,27.0,6.63,0.754,0.1549999999999999,27.73,14.02,16.28,30.3,33.55,23.21
745896,2024-06-12,2024,686668,R,641154,R,field_out,False,False,204.0,0.261,60.0,29.41,19.0,9.31,0.7390000000000001,0.14500000000000002,31.23,15.34,15.75,31.09,29.12,26.79,299.0,0.207,98.0,32.78,17.0,5.69,0.597,0.131,34.17,17.56,14.33,31.89,31.96,31.51,141.0,0.252,39.0,27.66,11.0,7.8,0.76,0.189,30.68,15.17,15.92,31.09,29.32,22.54,394.0,0.205,130.0,32.99,21.0,5.33,0.597,0.137,32.71,17.16,14.87,32.02,35.04,24.16
745896,2024-06-12,2024,467793,L,683627,R,field_out,False,False,174.0,0.204,28.0,16.09,19.0,10.92,0.667,0.158,23.28,9.86,17.36,27.22,23.94,14.14,460.0,0.231,83.0,18.04,45.0,9.78,0.727,0.1899999999999999,23.76,11.0,14.32,25.31,24.63,16.21,48.0,0.27,7.0,14.58,9.0,18.75,0.755,0.08099999999999996,16.46,6.16,20.38,26.54,17.14,11.29,,,,,,,,,,,,,,
745896,2024-06-12,2024,571657,R,683627,R,field_out,False,False,61.0,0.17,11.0,18.03,5.0,8.2,0.543,0.094,20.62,9.8,17.16,26.96,34.34,23.91,241.0,0.239,59.0,24.48,13.0,5.39,0.6950000000000001,0.157,22.45,10.88,18.24,29.12,32.6,21.61,56.0,0.385,3.0,5.36,2.0,3.57,0.9490000000000001,0.15300000000000002,9.18,4.39,15.12,19.51,21.36,5.66,,,,,,,,,,,,,,
745896,2024-06-12,2024,650489,L,683627,R,field_out,False,False,197.0,0.222,45.0,22.84,20.0,10.15,0.706,0.149,27.01,12.66,15.79,28.45,28.54,18.29,280.0,0.266,73.0,26.07,23.0,8.21,0.8029999999999999,0.189,28.16,14.39,15.31,29.7,34.97,21.1,48.0,0.27,7.0,14.58,9.0,18.75,0.755,0.08099999999999996,16.46,6.16,20.38,26.54,17.14,11.29,,,,,,,,,,,,,,
745896,2024-06-12,2024,678662,R,660896,R,double,False,False,213.0,0.299,58.0,27.23,6.0,2.82,0.8180000000000001,0.194,33.6,21.04,10.01,31.05,46.39,22.14,438.0,0.256,109.0,24.89,17.0,3.88,0.69,0.143,29.47,17.51,10.44,27.95,41.11,20.49,43.0,0.194,10.0,23.26,5.0,11.63,0.552,0.055999999999999994,35.44,16.57,14.79,31.36,26.19,17.54,46.0,0.282,12.0,26.09,6.0,13.04,1.058,0.385,25.61,10.55,18.09,28.64,22.02,21.43
745896,2024-06-12,2024,641857,L,660896,R,field_out,False,False,198.0,0.238,55.0,27.78,21.0,10.61,0.725,0.16899999999999998,27.3,12.87,15.91,28.77,27.07,19.1,449.0,0.26,141.0,31.4,52.0,11.58,0.826,0.2209999999999999,31.26,14.84,14.94,29.79,25.26,20.41,38.0,0.172,10.0,26.32,7.0,18.42,0.505,0.0,28.99,12.5,17.5,30.0,19.23,20.83,29.0,0.125,4.0,13.79,4.0,13.79,0.491,0.125,25.0,9.92,20.66,30.58,27.42,11.76
745896,2024-06-12,2024,607732,R,660896,R,field_out,False,False,76.0,0.258,15.0,19.74,6.0,7.89,0.6799999999999999,0.07500000000000001,26.72,11.95,18.09,30.03,20.44,17.24,225.0,0.186,56.0,24.89,24.0,10.67,0.547,0.082,22.79,8.98,20.99,29.97,22.2,22.95,43.0,0.194,10.0,23.26,5.0,11.63,0.552,0.055999999999999994,35.44,16.57,14.79,31.36,26.19,17.54,46.0,0.282,12.0,26.09,6.0,13.04,1.058,0.385,25.61,10.55,18.09,28.64,22.02,21.43
745896,2024-06-12,2024,669911,L,660896,R,field_out,False,False,52.0,0.146,19.0,36.54,2.0,3.85,0.504,0.166,30.43,14.89,15.74,30.64,32.06,21.84,104.0,0.189,29.0,27.88,8.0,7.69,0.628,0.179,34.34,17.26,14.21,31.47,29.0,25.0,38.0,0.172,10.0,26.32,7.0,18.42,0.505,0.0,28.99,12.5,17.5,30.0,19.23,20.83,29.0,0.125,4.0,13.79,4.0,13.79,0.491,0.125,25.0,9.92,20.66,30.58,27.42,11.76
745896,2024-06-12,2024,543877,R,683409,R,field_out,False,False,87.0,0.177,22.0,25.29,3.0,3.45,0.503,0.11399999999999999,29.63,15.53,17.48,33.01,38.61,26.19,279.0,0.216,59.0,21.15,22.0,7.89,0.548,0.051,25.76,12.56,16.62,29.18,33.72,23.41,6.0,0.667,1.0,16.67,0.0,0.0,2.334,1.0,23.08,11.54,11.54,23.08,31.25,12.5,,,,,,,,,,,,,,
745896,2024-06-12,2024,622534,R,683409,R,field_out,False,False,72.0,0.185,14.0,19.44,6.0,8.33,0.51,0.061,22.83,11.37,16.47,27.84,30.25,19.18,237.0,0.258,33.0,13.92,15.0,6.33,0.694,0.12,23.38,11.66,15.01,26.67,32.22,16.02,6.0,0.667,1.0,16.67,0.0,0.0,2.334,1.0,23.08,11.54,11.54,23.08,31.25,12.5,,,,,,,,,,,,,,
745896,2024-06-12,2024,621043,R,683409,R,single,False,False,152.0,0.288,32.0,21.05,17.0,11.18,0.832,0.182,21.48,9.34,20.03,29.37,28.06,18.93,444.0,0.224,112.0,25.23,42.0,9.46,0.69,0.164,26.37,11.3,19.9,31.19,27.0,21.72,6.0,0.667,1.0,16.67,0.0,0.0,2.334,1.0,23.08,11.54,11.54,23.08,31.25,12.5,,,,,,,,,,,,,,
745896,2024-06-12,2024,668904,R,683409,R,home_run,False,False,21.0,0.263,4.0,19.05,2.0,9.52,1.07,0.474,27.03,12.05,14.46,26.51,22.22,17.39,183.0,0.307,43.0,23.5,15.0,8.2,0.962,0.283,27.16,12.8,18.57,31.36,28.0,20.98,6.0,0.667,1.0,16.67,0.0,0.0,2.334,1.0,23.08,11.54,11.54,23.08,31.25,12.5,,,,,,,,,,,,,,
745896,2024-06-12,2024,669304,R,683409,R,field_out,False,False,122.0,0.274,20.0,16.39,5.0,4.1,0.7829999999999999,0.19499999999999995,21.13,10.23,17.95,28.18,33.48,19.23,120.0,0.207,18.0,15.0,8.0,6.67,0.5640000000000001,0.09,23.72,11.83,13.69,25.52,32.37,15.04,6.0,0.667,1.0,16.67,0.0,0.0,2.334,1.0,23.08,11.54,11.54,23.08,31.25,12.5,,,,,,,,,,,,,,
745896,2024-06-12,2024,595909,L,595345,L,field_out,False,False,8.0,0.0,5.0,62.5,0.0,0.0,0.0,0.0,46.67,28.0,16.0,44.0,53.85,71.43,33.0,0.138,11.0,33.33,3.0,9.09,0.391,0.0339999999999999,28.79,14.39,18.94,33.33,34.48,22.92,36.0,0.118,9.0,25.0,1.0,2.78,0.314,0.028999999999999998,30.3,16.39,17.21,33.61,30.0,29.03,95.0,0.241,33.0,34.74,10.0,10.53,0.7210000000000001,0.157,34.39,15.78,16.5,32.28,26.54,23.74
745896,2024-06-12,2024,660707,R,595345,L,field_out,False,False,56.0,0.18,11.0,19.64,5.0,8.93,0.43,0.0,28.46,15.7,13.0,28.7,46.27,14.29,111.0,0.234,42.0,37.84,3.0,2.7,0.6910000000000001,0.205,35.78,19.62,15.37,34.99,45.73,29.37,53.0,0.283,11.0,20.75,7.0,13.21,0.92,0.26000000000000006,20.88,8.96,19.34,28.3,20.2,18.03,152.0,0.222,40.0,26.32,14.0,9.21,0.747,0.222,28.47,13.79,16.75,30.54,27.09,21.39
745896,2024-06-12,2024,691182,R,595345,L,single,False,False,,,,,,,,,,,,,,,,,,,,,,,,,,,,,53.0,0.283,11.0,20.75,7.0,13.21,0.92,0.26000000000000006,20.88,8.96,19.34,28.3,20.2,18.03,152.0,0.222,40.0,26.32,14.0,9.21,0.747,0.222,28.47,13.79,16.75,30.54,27.09,21.39
745896,2024-06-12,2024,453568,L,595345,L,double,False,False,47.0,0.317,1.0,2.13,5.0,10.64,0.819,0.09799999999999998,7.14,3.16,17.72,20.89,22.37,3.57,105.0,0.299,7.0,6.67,13.0,12.38,0.845,0.138,12.2,5.18,18.91,24.09,22.96,7.95,36.0,0.118,9.0,25.0,1.0,2.78,0.314,0.028999999999999998,30.3,16.39,17.21,33.61,30.0,29.03,95.0,0.241,33.0,34.74,10.0,10.53,0.7210000000000001,0.157,34.39,15.78,16.5,32.28,26.54,23.74
745896,2024-06-12,2024,686668,R,595345,L,single,False,False,56.0,0.26,10.0,17.86,6.0,10.71,0.679,0.08000000000000002,26.17,13.66,9.76,23.41,24.27,17.86,132.0,0.194,53.0,40.15,5.0,3.79,0.584,0.1609999999999999,39.29,21.57,11.57,33.14,32.3,30.99,53.0,0.283,11.0,20.75,7.0,13.21,0.92,0.26000000000000006,20.88,8.96,19.34,28.3,20.2,18.03,152.0,0.222,40.0,26.32,14.0,9.21,0.747,0.222,28.47,13.79,16.75,30.54,27.09,21.39
745896,2024-06-12,2024,678662,R,595345,L,field_out,False,False,82.0,0.276,25.0,30.49,5.0,6.1,0.804,0.21099999999999997,35.98,21.86,9.0,30.87,38.56,26.04,177.0,0.246,57.0,32.2,8.0,4.52,0.708,0.185,35.75,21.54,12.35,33.89,44.38,25.56,53.0,0.283,11.0,20.75,7.0,13.21,0.92,0.26000000000000006,20.88,8.96,19.34,28.3,20.2,18.03,152.0,0.222,40.0,26.32,14.0,9.21,0.747,0.222,28.47,13.79,16.75,30.54,27.09,21.39
745896,2024-06-12,2024,621439,R,664129,R,field_out,False,False,125.0,0.226,37.0,29.6,5.0,4.0,0.628,0.12199999999999997,34.85,18.97,11.96,30.93,36.58,22.42,257.0,0.217,80.0,31.13,26.0,10.12,0.767,0.243,29.69,15.03,12.96,27.99,29.53,25.0,4.0,0.667,0.0,0.0,1.0,25.0,1.417,0.0,0.0,0.0,28.57,28.57,25.0,0.0,8.0,0.167,2.0,25.0,2.0,25.0,1.042,0.5,17.65,7.89,10.53,18.42,15.0,16.67
745896,2024-06-12,2024,467793,L,664129,R,single,False,False,174.0,0.204,28.0,16.09,19.0,10.92,0.667,0.158,23.28,9.86,17.36,27.22,23.94,14.14,460.0,0.231,83.0,18.04,45.0,9.78,0.727,0.1899999999999999,23.76,11.0,14.32,25.31,24.63,16.21,5.0,0.0,2.0,40.0,0.0,0.0,0.0,0.0,30.0,17.65,5.88,23.53,33.33,100.0,8.0,0.143,1.0,12.5,1.0,12.5,0.393,0.0,23.08,10.71,14.29,25.0,21.43,16.67
745896,2024-06-12,2024,571657,R,664129,R,strikeout,True,False,61.0,0.17,11.0,18.03,5.0,8.2,0.543,0.094,20.62,9.8,17.16,26.96,34.34,23.91,241.0,0.239,59.0,24.48,13.0,5.39,0.6950000000000001,0.157,22.45,10.88,18.24,29.12,32.6,21.61,4.0,0.667,0.0,0.0,1.0,25.0,1.417,0.0,0.0,0.0,28.57,28.57,25.0,0.0,8.0,0.167,2.0,25.0,2.0,25.0,1.042,0.5,17.65,7.89,10.53,18.42,15.0,16.67
745896,2024-06-12,2024,650489,L,664129,R,single,False,False,197.0,0.222,45.0,22.84,20.0,10.15,0.706,0.149,27.01,12.66,15.79,28.45,28.54,18.29,280.0,0.266,73.0,26.07,23.0,8.21,0.8029999999999999,0.189,28.16,14.39,15.31,29.7,34.97,21.1,5.0,0.0,2.0,40.0,0.0,0.0,0.0,0.0,30.0,17.65,5.88,23.53,33.33,100.0,8.0,0.143,1.0,12.5,1.0,12.5,0.393,0.0,23.08,10.71,14.29,25.0,21.43,16.67
745896,2024-06-12,2024,543877,R,664129,R,field_out,False,False,87.0,0.177,22.0,25.29,3.0,3.45,0.503,0.11399999999999999,29.63,15.53,17.48,33.01,38.61,26.19,279.0,0.216,59.0,21.15,22.0,7.89,0.548,0.051,25.76,12.56,16.62,29.18,33.72,23.41,4.0,0.667,0.0,0.0,1.0,25.0,1.417,0.0,0.0,0.0,28.57,28.57,25.0,0.0,8.0,0.167,2.0,25.0,2.0,25.0,1.042,0.5,17.65,7.89,10.53,18.42,15.0,16.67
745896,2024-06-12,2024,641857,L,573204,L,walk,False,True,88.0,0.316,25.0,28.41,10.0,11.36,0.928,0.21000000000000002,27.91,12.77,16.49,29.26,26.49,21.55,178.0,0.191,57.0,32.02,16.0,8.99,0.573,0.118,35.23,16.38,16.64,33.03,25.79,24.15,37.0,0.235,11.0,29.73,3.0,8.11,0.591,0.059,26.15,11.72,23.45,35.17,23.19,21.15,48.0,0.128,14.0,29.17,0.0,0.0,0.3409999999999999,0.0849999999999999,21.59,10.73,18.64,29.38,32.89,26.92
745896,2024-06-12,2024,607732,R,573204,L,double,False,False,28.0,0.375,6.0,21.43,3.0,10.71,1.137,0.33299999999999996,40.48,17.71,19.79,37.5,18.18,37.5,52.0,0.213,11.0,21.15,3.0,5.77,0.637,0.149,23.08,10.71,20.41,31.12,23.46,19.3,40.0,0.441,7.0,17.5,4.0,10.0,1.21,0.294,21.43,10.07,18.12,28.19,28.17,18.42,73.0,0.258,22.0,30.14,6.0,8.22,0.94,0.363,25.66,12.79,14.1,26.89,26.11,21.57
745896,2024-06-12,2024,669911,R,573204,L,walk,False,True,18.0,0.176,5.0,27.78,1.0,5.56,0.751,0.35300000000000004,20.0,9.52,22.22,31.75,20.69,29.41,48.0,0.109,21.0,43.75,2.0,4.17,0.255,0.0,48.35,23.53,13.9,37.43,32.11,36.21,40.0,0.441,7.0,17.5,4.0,10.0,1.21,0.294,21.43,10.07,18.12,28.19,28.17,18.42,73.0,0.258,22.0,30.14,6.0,8.22,0.94,0.363,25.66,12.79,14.1,26.89,26.11,21.57
745896,2024-06-12,2024,595909,L,573204,L,field_error,False,False,8.0,0.0,5.0,62.5,0.0,0.0,0.0,0.0,46.67,28.0,16.0,44.0,53.85,71.43,33.0,0.138,11.0,33.33,3.0,9.09,0.391,0.0339999999999999,28.79,14.39,18.94,33.33,34.48,22.92,37.0,0.235,11.0,29.73,3.0,8.11,0.591,0.059,26.15,11.72,23.45,35.17,23.19,21.15,48.0,0.128,14.0,29.17,0.0,0.0,0.3409999999999999,0.0849999999999999,21.59,10.73,18.64,29.38,32.89,26.92
745896,2024-06-12,2024,660707,R,661395,R,walk,False,True,158.0,0.215,36.0,22.78,12.0,7.59,0.607,0.11800000000000002,30.0,16.29,13.13,29.42,36.84,22.09,196.0,0.249,69.0,35.2,12.0,6.12,0.729,0.1689999999999999,41.45,21.48,15.97,37.45,41.94,28.28,31.0,0.241,8.0,25.81,1.0,3.23,0.669,0.138,27.78,12.71,20.34,33.05,25.42,23.53,127.0,0.209,33.0,25.98,11.0,8.66,0.722,0.209,29.03,14.78,13.76,28.54,30.67,22.45
745896,2024-06-12,2024,691182,L,661395,R,grounded_into_double_play,False,False,10.0,0.1,4.0,40.0,0.0,0.0,0.2,0.0,31.82,20.59,17.65,38.24,70.59,33.33,,,,,,,,,,,,,,,39.0,0.219,8.0,20.51,5.0,12.82,0.748,0.18700000000000003,33.85,14.97,16.33,31.29,24.66,18.6,128.0,0.205,51.0,39.84,14.0,10.94,0.523,0.027,41.24,20.66,12.8,33.46,29.78,27.62
745896,2024-06-12,2024,453568,L,661395,R,field_out,False,False,180.0,0.244,25.0,13.89,13.0,7.22,0.679,0.128,18.84,9.35,16.89,26.24,35.95,13.89,309.0,0.272,48.0,15.53,26.0,8.41,0.7909999999999999,0.1689999999999999,21.84,10.67,16.05,26.72,30.66,16.11,39.0,0.219,8.0,20.51,5.0,12.82,0.748,0.18700000000000003,33.85,14.97,16.33,31.29,24.66,18.6,128.0,0.205,51.0,39.84,14.0,10.94,0.523,0.027,41.24,20.66,12.8,33.46,29.78,27.62
745896,2024-06-12,2024,596146,L,683232,R,strikeout,True,False,150.0,0.237,30.0,20.0,12.0,8.0,0.6950000000000001,0.15600000000000003,23.39,11.68,12.86,24.53,26.38,16.57,394.0,0.263,84.0,21.32,37.0,9.39,0.8320000000000001,0.2339999999999999,19.92,9.32,15.49,24.81,24.75,18.14,63.0,0.286,19.0,30.16,6.0,9.52,0.688,0.05300000000000005,26.09,12.15,18.62,30.77,30.28,24.36,44.0,0.158,10.0,22.73,5.0,11.36,0.457,0.0259999999999999,20.83,8.52,20.45,28.98,26.37,18.52
745896,2024-06-12,2024,621043,R,683232,R,single,False,False,152.0,0.288,32.0,21.05,17.0,11.18,0.832,0.182,21.48,9.34,20.03,29.37,28.06,18.93,444.0,0.224,112.0,25.23,42.0,9.46,0.69,0.164,26.37,11.3,19.9,31.19,27.0,21.72,68.0,0.276,16.0,23.53,10.0,14.71,0.813,0.15499999999999997,26.96,11.27,17.82,29.09,25.48,24.62,43.0,0.235,11.0,25.58,9.0,20.93,0.866,0.236,25.32,10.7,16.58,27.27,23.3,20.0
745896,2024-06-12,2024,668904,R,683232,R,double,False,False,21.0,0.263,4.0,19.05,2.0,9.52,1.07,0.474,27.03,12.05,14.46,26.51,22.22,17.39,183.0,0.307,43.0,23.5,15.0,8.2,0.962,0.283,27.16,12.8,18.57,31.36,28.0,20.98,68.0,0.276,16.0,23.53,10.0,14.71,0.813,0.15499999999999997,26.96,11.27,17.82,29.09,25.48,24.62,43.0,0.235,11.0,25.58,9.0,20.93,0.866,0.236,25.32,10.7,16.58,27.27,23.3,20.0
745896,2024-06-12,2024,669304,R,683232,R,double,False,False,122.0,0.274,20.0,16.39,5.0,4.1,0.7829999999999999,0.19499999999999995,21.13,10.23,17.95,28.18,33.48,19.23,120.0,0.207,18.0,15.0,8.0,6.67,0.5640000000000001,0.09,23.72,11.83,13.69,25.52,32.37,15.04,68.0,0.276,16.0,23.53,10.0,14.71,0.813,0.15499999999999997,26.96,11.27,17.82,29.09,25.48,24.62,43.0,0.235,11.0,25.58,9.0,20.93,0.866,0.236,25.32,10.7,16.58,27.27,23.3,20.0
745896,2024-06-12,2024,621439,R,683232,R,walk,False,True,125.0,0.226,37.0,29.6,5.0,4.0,0.628,0.12199999999999997,34.85,18.97,11.96,30.93,36.58,22.42,257.0,0.217,80.0,31.13,26.0,10.12,0.767,0.243,29.69,15.03,12.96,27.99,29.53,25.0,68.0,0.276,16.0,23.53,10.0,14.71,0.813,0.15499999999999997,26.96,11.27,17.82,29.09,25.48,24.62,43.0,0.235,11.0,25.58,9.0,20.93,0.866,0.236,25.32,10.7,16.58,27.27,23.3,20.0
745896,2024-06-12,2024,467793,L,683232,R,single,False,False,174.0,0.204,28.0,16.09,19.0,10.92,0.667,0.158,23.28,9.86,17.36,27.22,23.94,14.14,460.0,0.231,83.0,18.04,45.0,9.78,0.727,0.1899999999999999,23.76,11.0,14.32,25.31,24.63,16.21,63.0,0.286,19.0,30.16,6.0,9.52,0.688,0.05300000000000005,26.09,12.15,18.62,30.77,30.28,24.36,44.0,0.158,10.0,22.73,5.0,11.36,0.457,0.0259999999999999,20.83,8.52,20.45,28.98,26.37,18.52
745896,2024-06-12,2024,571657,R,642028,L,single,False,False,53.0,0.174,12.0,22.64,5.0,9.43,0.522,0.065,22.73,9.9,20.79,30.69,30.61,21.43,128.0,0.289,27.0,21.09,10.0,7.81,0.782,0.141,24.78,11.45,20.65,32.11,31.62,18.88,17.0,0.286,0.0,0.0,1.0,5.88,0.7689999999999999,0.07100000000000001,4.55,1.79,16.07,17.86,12.0,0.0,,,,,,,,,,,,,,
745896,2024-06-12,2024,650489,R,642028,L,single,False,False,59.0,0.345,17.0,28.81,3.0,5.08,0.881,0.14600000000000002,30.83,15.61,16.03,31.65,34.45,23.61,129.0,0.237,26.0,20.16,11.0,8.53,0.636,0.079,27.27,14.12,14.71,28.82,33.85,15.03,17.0,0.286,0.0,0.0,1.0,5.88,0.7689999999999999,0.07100000000000001,4.55,1.79,16.07,17.86,12.0,0.0,,,,,,,,,,,,,,
745896,2024-06-12,2024,543877,R,642028,L,double,False,False,44.0,0.186,8.0,18.18,0.0,0.0,0.368,0.0,15.96,9.49,16.46,25.95,42.47,16.67,76.0,0.25,23.0,30.26,3.0,3.95,0.776,0.25,27.63,13.17,17.24,30.41,31.25,23.23,17.0,0.286,0.0,0.0,1.0,5.88,0.7689999999999999,0.07100000000000001,4.55,1.79,16.07,17.86,12.0,0.0,,,,,,,,,,,,,,
745896,2024-06-12,2024,596146,L,642028,L,sac_fly,False,False,30.0,0.321,4.0,13.33,1.0,3.33,0.867,0.179,13.46,6.54,17.76,24.3,30.77,13.79,97.0,0.25,22.0,22.68,8.0,8.25,0.752,0.182,19.46,9.73,13.51,23.24,25.0,18.42,20.0,0.278,2.0,10.0,1.0,5.0,0.633,0.05499999999999999,14.29,7.04,19.72,26.76,31.25,11.11,,,,,,,,,,,,,,
745896,2024-06-12,2024,621043,R,642028,L,field_out,False,False,50.0,0.222,9.0,18.0,4.0,8.0,0.658,0.156,17.58,7.84,17.65,25.49,20.39,16.07,136.0,0.248,19.0,13.97,17.0,12.5,0.782,0.188,21.1,9.54,17.18,26.72,26.2,13.01,17.0,0.286,0.0,0.0,1.0,5.88,0.7689999999999999,0.07100000000000001,4.55,1.79,16.07,17.86,12.0,0.0,,,,,,,,,,,,,,
745896,2024-06-12,2024,675659,L,543351,R,strikeout,True,False,4.0,0.0,3.0,75.0,1.0,25.0,0.25,0.0,50.0,18.18,13.64,31.82,26.67,33.33,,,,,,,,,,,,,,,46.0,0.333,11.0,23.91,4.0,8.7,1.058,0.334,19.79,10.38,12.02,22.4,28.26,20.37,42.0,0.114,12.0,28.57,6.0,14.29,0.473,0.115,29.63,12.97,15.14,28.11,28.43,21.82
745896,2024-06-12,2024,676701,R,543351,R,single,False,False,30.0,0.138,7.0,23.33,0.0,0.0,0.276,0.0,24.19,14.02,14.95,28.97,37.04,17.95,122.0,0.257,24.0,19.67,7.0,5.74,0.6950000000000001,0.132,20.9,11.11,14.38,25.49,35.06,16.55,50.0,0.196,12.0,24.0,4.0,8.0,0.521,0.065,33.33,14.63,18.05,32.68,21.43,18.75,74.0,0.2,15.0,20.27,3.0,4.05,0.6,0.1569999999999999,30.88,15.79,17.29,33.08,31.06,19.23
745896,2024-06-12,2024,696100,R,543351,R,strikeout,True,False,47.0,0.091,15.0,31.91,2.0,4.26,0.263,0.023000000000000007,40.62,22.81,10.53,33.33,34.09,32.61,64.0,0.193,18.0,28.12,5.0,7.81,0.583,0.14,38.6,18.26,16.18,34.44,35.56,28.57,50.0,0.196,12.0,24.0,4.0,8.0,0.521,0.065,33.33,14.63,18.05,32.68,21.43,18.75,74.0,0.2,15.0,20.27,3.0,4.05,0.6,0.1569999999999999,30.88,15.79,17.29,33.08,31.06,19.23
745896,2024-06-12,2024,607732,R,543351,R,double,False,False,76.0,0.258,15.0,19.74,6.0,7.89,0.6799999999999999,0.07500000000000001,26.72,11.95,18.09,30.03,20.44,17.24,225.0,0.186,56.0,24.89,24.0,10.67,0.547,0.082,22.79,8.98,20.99,29.97,22.2,22.95,50.0,0.196,12.0,24.0,4.0,8.0,0.521,0.065,33.33,14.63,18.05,32.68,21.43,18.75,74.0,0.2,15.0,20.27,3.0,4.05,0.6,0.1569999999999999,30.88,15.79,17.29,33.08,31.06,19.23
745896,2024-06-12,2024,669911,L,543351,R,strikeout,True,False,52.0,0.146,19.0,36.54,2.0,3.85,0.504,0.166,30.43,14.89,15.74,30.64,32.06,21.84,104.0,0.189,29.0,27.88,8.0,7.69,0.628,0.179,34.34,17.26,14.21,31.47,29.0,25.0,46.0,0.333,11.0,23.91,4.0,8.7,1.058,0.334,19.79,10.38,12.02,22.4,28.26,20.37,42.0,0.114,12.0,28.57,6.0,14.29,0.473,0.115,29.63,12.97,15.14,28.11,28.43,21.82
746139,2024-06-12,2024,543760,R,572020,L,field_out,False,False,90.0,0.337,13.0,14.44,7.0,7.78,0.967,0.24099999999999994,17.95,8.38,14.97,23.35,22.81,16.46,210.0,0.283,33.0,15.71,20.0,9.52,0.8009999999999999,0.156,18.13,8.56,14.97,23.53,20.61,16.58,211.0,0.233,27.0,12.8,30.0,14.22,0.7350000000000001,0.159,18.32,8.27,13.95,22.22,23.18,9.96,316.0,0.239,85.0,26.9,23.0,7.28,0.755,0.218,28.93,15.19,13.03,28.22,31.91,20.83
746139,2024-06-12,2024,543257,R,572020,L,field_out,False,False,55.0,0.295,9.0,16.36,10.0,18.18,0.782,0.069,18.52,6.47,23.71,30.17,20.16,13.43,137.0,0.309,32.0,23.36,23.0,16.79,0.952,0.227,18.93,6.53,22.61,29.15,11.97,17.49,211.0,0.233,27.0,12.8,30.0,14.22,0.7350000000000001,0.159,18.32,8.27,13.95,22.22,23.18,9.96,316.0,0.239,85.0,26.9,23.0,7.28,0.755,0.218,28.93,15.19,13.03,28.22,31.91,20.83
746139,2024-06-12,2024,666969,R,572020,L,field_out,False,False,86.0,0.25,25.0,29.07,6.0,6.98,0.763,0.21100000000000002,27.93,16.29,9.12,25.41,34.01,29.07,152.0,0.244,37.0,24.34,24.0,15.79,0.866,0.26,31.62,13.61,14.56,28.16,22.03,21.26,211.0,0.233,27.0,12.8,30.0,14.22,0.7350000000000001,0.159,18.32,8.27,13.95,22.22,23.18,9.96,316.0,0.239,85.0,26.9,23.0,7.28,0.755,0.218,28.93,15.19,13.03,28.22,31.91,20.83
746139,2024-06-12,2024,605141,R,641540,R,field_out,False,False,208.0,0.293,24.0,11.54,34.0,16.35,0.903,0.201,15.56,5.79,20.57,26.36,18.2,9.2,509.0,0.309,85.0,16.7,66.0,12.97,0.949,0.237,17.85,6.92,20.25,27.17,17.64,15.12,122.0,0.182,33.0,27.05,11.0,9.02,0.589,0.14500000000000002,26.21,11.09,19.92,31.01,24.9,23.74,382.0,0.233,79.0,20.68,22.0,5.76,0.6439999999999999,0.1249999999999999,23.66,10.98,19.19,30.17,27.91,19.75
746139,2024-06-12,2024,660271,L,641540,R,walk,False,True,188.0,0.319,39.0,20.74,24.0,12.77,1.089,0.35600000000000004,29.46,14.3,12.99,27.3,30.43,18.06,429.0,0.327,99.0,23.08,64.0,14.92,1.132,0.3739999999999999,32.88,15.48,11.59,27.07,28.86,20.75,108.0,0.233,26.0,24.07,15.0,13.89,0.883,0.28900000000000003,31.79,13.75,14.19,27.94,23.62,19.85,342.0,0.27,61.0,17.84,33.0,9.65,0.782,0.1629999999999999,20.92,9.95,16.02,25.97,27.73,16.76
746139,2024-06-12,2024,518692,L,641540,R,single,False,False,182.0,0.34,28.0,15.38,25.0,13.74,1.022,0.24799999999999994,19.94,9.31,11.88,21.19,23.32,13.33,514.0,0.33,81.0,15.76,57.0,11.09,0.962,0.218,19.83,9.77,11.31,21.08,27.01,16.63,108.0,0.233,26.0,24.07,15.0,13.89,0.883,0.28900000000000003,31.79,13.75,14.19,27.94,23.62,19.85,342.0,0.27,61.0,17.84,33.0,9.65,0.782,0.1629999999999999,20.92,9.95,16.02,25.97,27.73,16.76
746139,2024-06-12,2024,669257,R,641540,R,home_run,False,False,168.0,0.242,28.0,16.67,12.0,7.14,0.713,0.16699999999999998,18.95,9.23,15.34,24.57,27.14,12.61,407.0,0.268,67.0,16.46,42.0,10.32,0.7949999999999999,0.1659999999999999,19.27,8.8,16.84,25.64,24.5,12.79,122.0,0.182,33.0,27.05,11.0,9.02,0.589,0.14500000000000002,26.21,11.09,19.92,31.01,24.9,23.74,382.0,0.233,79.0,20.68,22.0,5.76,0.6439999999999999,0.1249999999999999,23.66,10.98,19.19,30.17,27.91,19.75
746139,2024-06-12,2024,606192,R,641540,R,field_out,False,False,202.0,0.268,58.0,28.71,19.0,9.41,0.84,0.22399999999999998,35.22,18.15,12.79,30.94,28.61,21.32,529.0,0.249,164.0,31.0,33.0,6.24,0.718,0.1639999999999999,36.92,19.57,14.44,34.01,34.81,23.06,122.0,0.182,33.0,27.05,11.0,9.02,0.589,0.14500000000000002,26.21,11.09,19.92,31.01,24.9,23.74,382.0,0.233,79.0,20.68,22.0,5.76,0.6439999999999999,0.1249999999999999,23.66,10.98,19.19,30.17,27.91,19.75
746139,2024-06-12,2024,666158,L,641540,R,field_out,False,False,162.0,0.233,35.0,21.6,12.0,7.41,0.61,0.087,18.86,8.31,18.97,27.27,18.58,18.82,,,,,,,,,,,,,,,108.0,0.233,26.0,24.07,15.0,13.89,0.883,0.28900000000000003,31.79,13.75,14.19,27.94,23.62,19.85,342.0,0.27,61.0,17.84,33.0,9.65,0.782,0.1629999999999999,20.92,9.95,16.02,25.97,27.73,16.76
746139,2024-06-12,2024,641680,R,572020,L,field_out,False,False,68.0,0.238,9.0,13.24,4.0,5.88,0.628,0.11099999999999999,16.42,9.78,11.11,20.89,30.69,14.75,90.0,0.329,13.0,14.44,7.0,7.78,0.866,0.1589999999999999,20.1,11.3,11.3,22.6,34.86,13.0,211.0,0.233,27.0,12.8,30.0,14.22,0.7350000000000001,0.159,18.32,8.27,13.95,22.22,23.18,9.96,316.0,0.239,85.0,26.9,23.0,7.28,0.755,0.218,28.93,15.19,13.03,28.22,31.91,20.83
746139,2024-06-12,2024,694671,R,572020,L,walk,False,True,43.0,0.211,13.0,30.23,4.0,9.3,0.674,0.18400000000000002,32.89,13.44,19.89,33.33,23.96,21.31,,,,,,,,,,,,,,,211.0,0.233,27.0,12.8,30.0,14.22,0.7350000000000001,0.159,18.32,8.27,13.95,22.22,23.18,9.96,316.0,0.239,85.0,26.9,23.0,7.28,0.755,0.218,28.93,15.19,13.03,28.22,31.91,20.83
746139,2024-06-12,2024,663993,L,572020,L,single,False,False,62.0,0.283,15.0,24.19,8.0,12.9,0.692,0.038000000000000034,16.38,6.53,22.68,29.21,20.74,13.51,219.0,0.223,52.0,23.74,24.0,10.96,0.643,0.109,22.66,9.89,18.18,28.07,24.2,19.48,43.0,0.275,8.0,18.6,2.0,4.65,0.585,0.0,18.07,9.09,18.18,27.27,26.39,15.09,95.0,0.289,16.0,16.84,10.0,10.53,0.796,0.145,22.09,9.11,19.24,28.35,19.79,15.24
746139,2024-06-12,2024,677649,R,572020,L,sac_fly,False,False,62.0,0.268,13.0,20.97,5.0,8.06,0.627,0.035999999999999976,21.19,11.42,15.53,26.94,38.89,22.03,132.0,0.273,34.0,25.76,10.0,7.58,0.837,0.2309999999999999,27.68,14.45,13.29,27.75,34.33,21.12,211.0,0.233,27.0,12.8,30.0,14.22,0.7350000000000001,0.159,18.32,8.27,13.95,22.22,23.18,9.96,316.0,0.239,85.0,26.9,23.0,7.28,0.755,0.218,28.93,15.19,13.03,28.22,31.91,20.83
746139,2024-06-12,2024,673995,R,572020,L,field_out,False,False,29.0,0.071,3.0,10.34,1.0,3.45,0.282,0.108,23.21,13.13,14.14,27.27,30.77,10.0,,,,,,,,,,,,,,,211.0,0.233,27.0,12.8,30.0,14.22,0.7350000000000001,0.159,18.32,8.27,13.95,22.22,23.18,9.96,316.0,0.239,85.0,26.9,23.0,7.28,0.755,0.218,28.93,15.19,13.03,28.22,31.91,20.83
746139,2024-06-12,2024,681624,R,641540,R,field_out,False,False,150.0,0.23,42.0,28.0,8.0,5.33,0.6739999999999999,0.155,28.12,15.46,12.54,28.01,32.63,20.39,,,,,,,,,,,,,,,122.0,0.182,33.0,27.05,11.0,9.02,0.589,0.14500000000000002,26.21,11.09,19.92,31.01,24.9,23.74,382.0,0.233,79.0,20.68,22.0,5.76,0.6439999999999999,0.1249999999999999,23.66,10.98,19.19,30.17,27.91,19.75
746139,2024-06-12,2024,518792,L,641540,R,walk,False,True,63.0,0.2,10.0,15.87,6.0,9.52,0.72,0.21799999999999997,24.44,12.89,12.5,25.39,32.56,12.5,349.0,0.276,57.0,16.33,32.0,9.17,0.818,0.1949999999999999,20.45,9.51,16.77,26.27,27.56,15.45,108.0,0.233,26.0,24.07,15.0,13.89,0.883,0.28900000000000003,31.79,13.75,14.19,27.94,23.62,19.85,342.0,0.27,61.0,17.84,33.0,9.65,0.782,0.1629999999999999,20.92,9.95,16.02,25.97,27.73,16.76
746139,2024-06-12,2024,500743,R,641540,R,grounded_into_double_play,False,False,57.0,0.259,7.0,12.28,3.0,5.26,0.687,0.13,13.33,5.97,19.4,25.37,27.08,13.46,279.0,0.21,36.0,12.9,18.0,6.45,0.546,0.068,19.79,9.92,16.53,26.45,34.53,12.9,122.0,0.182,33.0,27.05,11.0,9.02,0.589,0.14500000000000002,26.21,11.09,19.92,31.01,24.9,23.74,382.0,0.233,79.0,20.68,22.0,5.76,0.6439999999999999,0.1249999999999999,23.66,10.98,19.19,30.17,27.91,19.75
746139,2024-06-12,2024,665750,R,572020,L,field_out,False,False,74.0,0.2,15.0,20.27,8.0,10.81,0.565,0.07700000000000001,30.58,13.12,14.89,28.01,20.92,21.13,150.0,0.241,31.0,20.67,10.0,6.67,0.638,0.102,22.26,10.54,15.89,26.42,25.0,19.38,211.0,0.233,27.0,12.8,30.0,14.22,0.7350000000000001,0.159,18.32,8.27,13.95,22.22,23.18,9.96,316.0,0.239,85.0,26.9,23.0,7.28,0.755,0.218,28.93,15.19,13.03,28.22,31.91,20.83
746139,2024-06-12,2024,543760,R,572020,L,field_out,False,False,90.0,0.337,13.0,14.44,7.0,7.78,0.967,0.24099999999999994,17.95,8.38,14.97,23.35,22.81,16.46,210.0,0.283,33.0,15.71,20.0,9.52,0.8009999999999999,0.156,18.13,8.56,14.97,23.53,20.61,16.58,211.0,0.233,27.0,12.8,30.0,14.22,0.7350000000000001,0.159,18.32,8.27,13.95,22.22,23.18,9.96,316.0,0.239,85.0,26.9,23.0,7.28,0.755,0.218,28.93,15.19,13.03,28.22,31.91,20.83
746139,2024-06-12,2024,543257,R,572020,L,single,False,False,55.0,0.295,9.0,16.36,10.0,18.18,0.782,0.069,18.52,6.47,23.71,30.17,20.16,13.43,137.0,0.309,32.0,23.36,23.0,16.79,0.952,0.227,18.93,6.53,22.61,29.15,11.97,17.49,211.0,0.233,27.0,12.8,30.0,14.22,0.7350000000000001,0.159,18.32,8.27,13.95,22.22,23.18,9.96,316.0,0.239,85.0,26.9,23.0,7.28,0.755,0.218,28.93,15.19,13.03,28.22,31.91,20.83
746139,2024-06-12,2024,666969,R,572020,L,strikeout,True,False,86.0,0.25,25.0,29.07,6.0,6.98,0.763,0.21100000000000002,27.93,16.29,9.12,25.41,34.01,29.07,152.0,0.244,37.0,24.34,24.0,15.79,0.866,0.26,31.62,13.61,14.56,28.16,22.03,21.26,211.0,0.233,27.0,12.8,30.0,14.22,0.7350000000000001,0.159,18.32,8.27,13.95,22.22,23.18,9.96,316.0,0.239,85.0,26.9,23.0,7.28,0.755,0.218,28.93,15.19,13.03,28.22,31.91,20.83
746139,2024-06-12,2024,605141,R,641540,R,field_out,False,False,208.0,0.293,24.0,11.54,34.0,16.35,0.903,0.201,15.56,5.79,20.57,26.36,18.2,9.2,509.0,0.309,85.0,16.7,66.0,12.97,0.949,0.237,17.85,6.92,20.25,27.17,17.64,15.12,122.0,0.182,33.0,27.05,11.0,9.02,0.589,0.14500000000000002,26.21,11.09,19.92,31.01,24.9,23.74,382.0,0.233,79.0,20.68,22.0,5.76,0.6439999999999999,0.1249999999999999,23.66,10.98,19.19,30.17,27.91,19.75
746139,2024-06-12,2024,660271,L,641540,R,walk,False,True,188.0,0.319,39.0,20.74,24.0,12.77,1.089,0.35600000000000004,29.46,14.3,12.99,27.3,30.43,18.06,429.0,0.327,99.0,23.08,64.0,14.92,1.132,0.3739999999999999,32.88,15.48,11.59,27.07,28.86,20.75,108.0,0.233,26.0,24.07,15.0,13.89,0.883,0.28900000000000003,31.79,13.75,14.19,27.94,23.62,19.85,342.0,0.27,61.0,17.84,33.0,9.65,0.782,0.1629999999999999,20.92,9.95,16.02,25.97,27.73,16.76
746139,2024-06-12,2024,518692,L,641540,R,field_out,False,False,182.0,0.34,28.0,15.38,25.0,13.74,1.022,0.24799999999999994,19.94,9.31,11.88,21.19,23.32,13.33,514.0,0.33,81.0,15.76,57.0,11.09,0.962,0.218,19.83,9.77,11.31,21.08,27.01,16.63,108.0,0.233,26.0,24.07,15.0,13.89,0.883,0.28900000000000003,31.79,13.75,14.19,27.94,23.62,19.85,342.0,0.27,61.0,17.84,33.0,9.65,0.782,0.1629999999999999,20.92,9.95,16.02,25.97,27.73,16.76
746139,2024-06-12,2024,669257,R,641540,R,strikeout,True,False,168.0,0.242,28.0,16.67,12.0,7.14,0.713,0.16699999999999998,18.95,9.23,15.34,24.57,27.14,12.61,407.0,0.268,67.0,16.46,42.0,10.32,0.7949999999999999,0.1659999999999999,19.27,8.8,16.84,25.64,24.5,12.79,122.0,0.182,33.0,27.05,11.0,9.02,0.589,0.14500000000000002,26.21,11.09,19.92,31.01,24.9,23.74,382.0,0.233,79.0,20.68,22.0,5.76,0.6439999999999999,0.1249999999999999,23.66,10.98,19.19,30.17,27.91,19.75
746139,2024-06-12,2024,641680,R,572020,L,field_out,False,False,68.0,0.238,9.0,13.24,4.0,5.88,0.628,0.11099999999999999,16.42,9.78,11.11,20.89,30.69,14.75,90.0,0.329,13.0,14.44,7.0,7.78,0.866,0.1589999999999999,20.1,11.3,11.3,22.6,34.86,13.0,211.0,0.233,27.0,12.8,30.0,14.22,0.7350000000000001,0.159,18.32,8.27,13.95,22.22,23.18,9.96,316.0,0.239,85.0,26.9,23.0,7.28,0.755,0.218,28.93,15.19,13.03,28.22,31.91,20.83
746139,2024-06-12,2024,694671,R,572020,L,field_out,False,False,43.0,0.211,13.0,30.23,4.0,9.3,0.674,0.18400000000000002,32.89,13.44,19.89,33.33,23.96,21.31,,,,,,,,,,,,,,,211.0,0.233,27.0,12.8,30.0,14.22,0.7350000000000001,0.159,18.32,8.27,13.95,22.22,23.18,9.96,316.0,0.239,85.0,26.9,23.0,7.28,0.755,0.218,28.93,15.19,13.03,28.22,31.91,20.83
746139,2024-06-12,2024,663993,L,572020,L,field_out,False,False,62.0,0.283,15.0,24.19,8.0,12.9,0.692,0.038000000000000034,16.38,6.53,22.68,29.21,20.74,13.51,219.0,0.223,52.0,23.74,24.0,10.96,0.643,0.109,22.66,9.89,18.18,28.07,24.2,19.48,43.0,0.275,8.0,18.6,2.0,4.65,0.585,0.0,18.07,9.09,18.18,27.27,26.39,15.09,95.0,0.289,16.0,16.84,10.0,10.53,0.796,0.145,22.09,9.11,19.24,28.35,19.79,15.24
746139,2024-06-12,2024,606192,R,641540,R,field_out,False,False,202.0,0.268,58.0,28.71,19.0,9.41,0.84,0.22399999999999998,35.22,18.15,12.79,30.94,28.61,21.32,529.0,0.249,164.0,31.0,33.0,6.24,0.718,0.1639999999999999,36.92,19.57,14.44,34.01,34.81,23.06,122.0,0.182,33.0,27.05,11.0,9.02,0.589,0.14500000000000002,26.21,11.09,19.92,31.01,24.9,23.74,382.0,0.233,79.0,20.68,22.0,5.76,0.6439999999999999,0.1249999999999999,23.66,10.98,19.19,30.17,27.91,19.75
746139,2024-06-12,2024,666158,L,641540,R,single,False,False,162.0,0.233,35.0,21.6,12.0,7.41,0.61,0.087,18.86,8.31,18.97,27.27,18.58,18.82,,,,,,,,,,,,,,,108.0,0.233,26.0,24.07,15.0,13.89,0.883,0.28900000000000003,31.79,13.75,14.19,27.94,23.62,19.85,342.0,0.27,61.0,17.84,33.0,9.65,0.782,0.1629999999999999,20.92,9.95,16.02,25.97,27.73,16.76
746139,2024-06-12,2024,681624,R,641540,R,single,False,False,150.0,0.23,42.0,28.0,8.0,5.33,0.6739999999999999,0.155,28.12,15.46,12.54,28.01,32.63,20.39,,,,,,,,,,,,,,,122.0,0.182,33.0,27.05,11.0,9.02,0.589,0.14500000000000002,26.21,11.09,19.92,31.01,24.9,23.74,382.0,0.233,79.0,20.68,22.0,5.76,0.6439999999999999,0.1249999999999999,23.66,10.98,19.19,30.17,27.91,19.75
746139,2024-06-12,2024,518792,L,641540,R,hit_by_pitch,False,False,63.0,0.2,10.0,15.87,6.0,9.52,0.72,0.21799999999999997,24.44,12.89,12.5,25.39,32.56,12.5,349.0,0.276,57.0,16.33,32.0,9.17,0.818,0.1949999999999999,20.45,9.51,16.77,26.27,27.56,15.45,108.0,0.233,26.0,24.07,15.0,13.89,0.883,0.28900000000000003,31.79,13.75,14.19,27.94,23.62,19.85,342.0,0.27,61.0,17.84,33.0,9.65,0.782,0.1629999999999999,20.92,9.95,16.02,25.97,27.73,16.76
746139,2024-06-12,2024,500743,R,641540,R,strikeout,True,False,57.0,0.259,7.0,12.28,3.0,5.26,0.687,0.13,13.33,5.97,19.4,25.37,27.08,13.46,279.0,0.21,36.0,12.9,18.0,6.45,0.546,0.068,19.79,9.92,16.53,26.45,34.53,12.9,122.0,0.182,33.0,27.05,11.0,9.02,0.589,0.14500000000000002,26.21,11.09,19.92,31.01,24.9,23.74,382.0,0.233,79.0,20.68,22.0,5.76,0.6439999999999999,0.1249999999999999,23.66,10.98,19.19,30.17,27.91,19.75
746139,2024-06-12,2024,605141,R,642546,R,double,False,False,208.0,0.293,24.0,11.54,34.0,16.35,0.903,0.201,15.56,5.79,20.57,26.36,18.2,9.2,509.0,0.309,85.0,16.7,66.0,12.97,0.949,0.237,17.85,6.92,20.25,27.17,17.64,15.12,52.0,0.214,11.0,21.15,10.0,19.23,0.698,0.11900000000000002,33.0,14.8,13.0,27.8,26.92,15.28,92.0,0.329,22.0,23.91,9.0,9.78,0.934,0.203,29.73,12.83,19.24,32.07,27.13,23.91
746139,2024-06-12,2024,660271,L,642546,R,strikeout,True,False,188.0,0.319,39.0,20.74,24.0,12.77,1.089,0.35600000000000004,29.46,14.3,12.99,27.3,30.43,18.06,429.0,0.327,99.0,23.08,64.0,14.92,1.132,0.3739999999999999,32.88,15.48,11.59,27.07,28.86,20.75,40.0,0.242,8.0,20.0,7.0,17.5,0.739,0.122,28.99,13.16,15.79,28.95,29.55,17.39,55.0,0.196,12.0,21.82,6.0,10.91,0.5760000000000001,0.065,30.53,13.55,14.49,28.04,29.31,20.69
746139,2024-06-12,2024,677649,R,572020,L,field_out,False,False,62.0,0.268,13.0,20.97,5.0,8.06,0.627,0.035999999999999976,21.19,11.42,15.53,26.94,38.89,22.03,132.0,0.273,34.0,25.76,10.0,7.58,0.837,0.2309999999999999,27.68,14.45,13.29,27.75,34.33,21.12,211.0,0.233,27.0,12.8,30.0,14.22,0.7350000000000001,0.159,18.32,8.27,13.95,22.22,23.18,9.96,316.0,0.239,85.0,26.9,23.0,7.28,0.755,0.218,28.93,15.19,13.03,28.22,31.91,20.83
746139,2024-06-12,2024,673995,R,572020,L,walk,False,True,29.0,0.071,3.0,10.34,1.0,3.45,0.282,0.108,23.21,13.13,14.14,27.27,30.77,10.0,,,,,,,,,,,,,,,211.0,0.233,27.0,12.8,30.0,14.22,0.7350000000000001,0.159,18.32,8.27,13.95,22.22,23.18,9.96,316.0,0.239,85.0,26.9,23.0,7.28,0.755,0.218,28.93,15.19,13.03,28.22,31.91,20.83
746139,2024-06-12,2024,665750,R,572020,L,field_out,False,False,74.0,0.2,15.0,20.27,8.0,10.81,0.565,0.07700000000000001,30.58,13.12,14.89,28.01,20.92,21.13,150.0,0.241,31.0,20.67,10.0,6.67,0.638,0.102,22.26,10.54,15.89,26.42,25.0,19.38,211.0,0.233,27.0,12.8,30.0,14.22,0.7350000000000001,0.159,18.32,8.27,13.95,22.22,23.18,9.96,316.0,0.239,85.0,26.9,23.0,7.28,0.755,0.218,28.93,15.19,13.03,28.22,31.91,20.83
746139,2024-06-12,2024,543760,R,572020,L,field_out,False,False,90.0,0.337,13.0,14.44,7.0,7.78,0.967,0.24099999999999994,17.95,8.38,14.97,23.35,22.81,16.46,210.0,0.283,33.0,15.71,20.0,9.52,0.8009999999999999,0.156,18.13,8.56,14.97,23.53,20.61,16.58,211.0,0.233,27.0,12.8,30.0,14.22,0.7350000000000001,0.159,18.32,8.27,13.95,22.22,23.18,9.96,316.0,0.239,85.0,26.9,23.0,7.28,0.755,0.218,28.93,15.19,13.03,28.22,31.91,20.83
746139,2024-06-12,2024,518692,L,642546,R,single,False,False,182.0,0.34,28.0,15.38,25.0,13.74,1.022,0.24799999999999994,19.94,9.31,11.88,21.19,23.32,13.33,514.0,0.33,81.0,15.76,57.0,11.09,0.962,0.218,19.83,9.77,11.31,21.08,27.01,16.63,40.0,0.242,8.0,20.0,7.0,17.5,0.739,0.122,28.99,13.16,15.79,28.95,29.55,17.39,55.0,0.196,12.0,21.82,6.0,10.91,0.5760000000000001,0.065,30.53,13.55,14.49,28.04,29.31,20.69
746139,2024-06-12,2024,669257,R,642546,R,single,False,False,168.0,0.242,28.0,16.67,12.0,7.14,0.713,0.16699999999999998,18.95,9.23,15.34,24.57,27.14,12.61,407.0,0.268,67.0,16.46,42.0,10.32,0.7949999999999999,0.1659999999999999,19.27,8.8,16.84,25.64,24.5,12.79,52.0,0.214,11.0,21.15,10.0,19.23,0.698,0.11900000000000002,33.0,14.8,13.0,27.8,26.92,15.28,92.0,0.329,22.0,23.91,9.0,9.78,0.934,0.203,29.73,12.83,19.24,32.07,27.13,23.91
746139,2024-06-12,2024,606192,R,642546,R,walk,False,True,202.0,0.268,58.0,28.71,19.0,9.41,0.84,0.22399999999999998,35.22,18.15,12.79,30.94,28.61,21.32,529.0,0.249,164.0,31.0,33.0,6.24,0.718,0.1639999999999999,36.92,19.57,14.44,34.01,34.81,23.06,52.0,0.214,11.0,21.15,10.0,19.23,0.698,0.11900000000000002,33.0,14.8,13.0,27.8,26.92,15.28,92.0,0.329,22.0,23.91,9.0,9.78,0.934,0.203,29.73,12.83,19.24,32.07,27.13,23.91
746139,2024-06-12,2024,666158,L,642546,R,single,False,False,162.0,0.233,35.0,21.6,12.0,7.41,0.61,0.087,18.86,8.31,18.97,27.27,18.58,18.82,,,,,,,,,,,,,,,40.0,0.242,8.0,20.0,7.0,17.5,0.739,0.122,28.99,13.16,15.79,28.95,29.55,17.39,55.0,0.196,12.0,21.82,6.0,10.91,0.5760000000000001,0.065,30.53,13.55,14.49,28.04,29.31,20.69
746139,2024-06-12,2024,681624,R,642546,R,force_out,False,False,150.0,0.23,42.0,28.0,8.0,5.33,0.6739999999999999,0.155,28.12,15.46,12.54,28.01,32.63,20.39,,,,,,,,,,,,,,,52.0,0.214,11.0,21.15,10.0,19.23,0.698,0.11900000000000002,33.0,14.8,13.0,27.8,26.92,15.28,92.0,0.329,22.0,23.91,9.0,9.78,0.934,0.203,29.73,12.83,19.24,32.07,27.13,23.91
746139,2024-06-12,2024,518792,L,642546,R,field_out,False,False,63.0,0.2,10.0,15.87,6.0,9.52,0.72,0.21799999999999997,24.44,12.89,12.5,25.39,32.56,12.5,349.0,0.276,57.0,16.33,32.0,9.17,0.818,0.1949999999999999,20.45,9.51,16.77,26.27,27.56,15.45,40.0,0.242,8.0,20.0,7.0,17.5,0.739,0.122,28.99,13.16,15.79,28.95,29.55,17.39,55.0,0.196,12.0,21.82,6.0,10.91,0.5760000000000001,0.065,30.53,13.55,14.49,28.04,29.31,20.69
746139,2024-06-12,2024,543257,R,572020,L,strikeout,True,False,55.0,0.295,9.0,16.36,10.0,18.18,0.782,0.069,18.52,6.47,23.71,30.17,20.16,13.43,137.0,0.309,32.0,23.36,23.0,16.79,0.952,0.227,18.93,6.53,22.61,29.15,11.97,17.49,211.0,0.233,27.0,12.8,30.0,14.22,0.7350000000000001,0.159,18.32,8.27,13.95,22.22,23.18,9.96,316.0,0.239,85.0,26.9,23.0,7.28,0.755,0.218,28.93,15.19,13.03,28.22,31.91,20.83
746139,2024-06-12,2024,666969,R,572020,L,field_out,False,False,86.0,0.25,25.0,29.07,6.0,6.98,0.763,0.21100000000000002,27.93,16.29,9.12,25.41,34.01,29.07,152.0,0.244,37.0,24.34,24.0,15.79,0.866,0.26,31.62,13.61,14.56,28.16,22.03,21.26,211.0,0.233,27.0,12.8,30.0,14.22,0.7350000000000001,0.159,18.32,8.27,13.95,22.22,23.18,9.96,316.0,0.239,85.0,26.9,23.0,7.28,0.755,0.218,28.93,15.19,13.03,28.22,31.91,20.83
746139,2024-06-12,2024,641680,R,572020,L,field_out,False,False,68.0,0.238,9.0,13.24,4.0,5.88,0.628,0.11099999999999999,16.42,9.78,11.11,20.89,30.69,14.75,90.0,0.329,13.0,14.44,7.0,7.78,0.866,0.1589999999999999,20.1,11.3,11.3,22.6,34.86,13.0,211.0,0.233,27.0,12.8,30.0,14.22,0.7350000000000001,0.159,18.32,8.27,13.95,22.22,23.18,9.96,316.0,0.239,85.0,26.9,23.0,7.28,0.755,0.218,28.93,15.19,13.03,28.22,31.91,20.83
746139,2024-06-12,2024,500743,R,681982,R,field_out,False,False,57.0,0.259,7.0,12.28,3.0,5.26,0.687,0.13,13.33,5.97,19.4,25.37,27.08,13.46,279.0,0.21,36.0,12.9,18.0,6.45,0.546,0.068,19.79,9.92,16.53,26.45,34.53,12.9,46.0,0.372,9.0,19.57,3.0,6.52,0.878,0.09300000000000003,20.0,8.33,22.62,30.95,23.38,25.0,105.0,0.255,20.0,19.05,7.0,6.67,0.648,0.085,19.35,8.8,21.03,29.83,28.5,16.67
746139,2024-06-12,2024,605141,R,681982,R,walk,False,True,208.0,0.293,24.0,11.54,34.0,16.35,0.903,0.201,15.56,5.79,20.57,26.36,18.2,9.2,509.0,0.309,85.0,16.7,66.0,12.97,0.949,0.237,17.85,6.92,20.25,27.17,17.64,15.12,46.0,0.372,9.0,19.57,3.0,6.52,0.878,0.09300000000000003,20.0,8.33,22.62,30.95,23.38,25.0,105.0,0.255,20.0,19.05,7.0,6.67,0.648,0.085,19.35,8.8,21.03,29.83,28.5,16.67
746139,2024-06-12,2024,660271,L,681982,R,home_run,False,False,188.0,0.319,39.0,20.74,24.0,12.77,1.089,0.35600000000000004,29.46,14.3,12.99,27.3,30.43,18.06,429.0,0.327,99.0,23.08,64.0,14.92,1.132,0.3739999999999999,32.88,15.48,11.59,27.07,28.86,20.75,32.0,0.231,8.0,25.0,5.0,15.62,1.183,0.5770000000000001,34.55,14.62,13.85,28.46,18.87,27.59,50.0,0.326,10.0,20.0,7.0,14.0,1.048,0.302,26.25,10.94,15.62,26.56,23.0,23.26
746139,2024-06-12,2024,518692,L,681982,R,home_run,False,False,182.0,0.34,28.0,15.38,25.0,13.74,1.022,0.24799999999999994,19.94,9.31,11.88,21.19,23.32,13.33,514.0,0.33,81.0,15.76,57.0,11.09,0.962,0.218,19.83,9.77,11.31,21.08,27.01,16.63,32.0,0.231,8.0,25.0,5.0,15.62,1.183,0.5770000000000001,34.55,14.62,13.85,28.46,18.87,27.59,50.0,0.326,10.0,20.0,7.0,14.0,1.048,0.302,26.25,10.94,15.62,26.56,23.0,23.26
746139,2024-06-12,2024,669257,R,681982,R,single,False,False,168.0,0.242,28.0,16.67,12.0,7.14,0.713,0.16699999999999998,18.95,9.23,15.34,24.57,27.14,12.61,407.0,0.268,67.0,16.46,42.0,10.32,0.7949999999999999,0.1659999999999999,19.27,8.8,16.84,25.64,24.5,12.79,46.0,0.372,9.0,19.57,3.0,6.52,0.878,0.09300000000000003,20.0,8.33,22.62,30.95,23.38,25.0,105.0,0.255,20.0,19.05,7.0,6.67,0.648,0.085,19.35,8.8,21.03,29.83,28.5,16.67
746139,2024-06-12,2024,606192,R,681982,R,home_run,False,False,202.0,0.268,58.0,28.71,19.0,9.41,0.84,0.22399999999999998,35.22,18.15,12.79,30.94,28.61,21.32,529.0,0.249,164.0,31.0,33.0,6.24,0.718,0.1639999999999999,36.92,19.57,14.44,34.01,34.81,23.06,46.0,0.372,9.0,19.57,3.0,6.52,0.878,0.09300000000000003,20.0,8.33,22.62,30.95,23.38,25.0,105.0,0.255,20.0,19.05,7.0,6.67,0.648,0.085,19.35,8.8,21.03,29.83,28.5,16.67
746139,2024-06-12,2024,666158,L,681982,R,field_out,False,False,162.0,0.233,35.0,21.6,12.0,7.41,0.61,0.087,18.86,8.31,18.97,27.27,18.58,18.82,,,,,,,,,,,,,,,32.0,0.231,8.0,25.0,5.0,15.62,1.183,0.5770000000000001,34.55,14.62,13.85,28.46,18.87,27.59,50.0,0.326,10.0,20.0,7.0,14.0,1.048,0.302,26.25,10.94,15.62,26.56,23.0,23.26
746139,2024-06-12,2024,681624,R,681982,R,single,False,False,150.0,0.23,42.0,28.0,8.0,5.33,0.6739999999999999,0.155,28.12,15.46,12.54,28.01,32.63,20.39,,,,,,,,,,,,,,,46.0,0.372,9.0,19.57,3.0,6.52,0.878,0.09300000000000003,20.0,8.33,22.62,30.95,23.38,25.0,105.0,0.255,20.0,19.05,7.0,6.67,0.648,0.085,19.35,8.8,21.03,29.83,28.5,16.67
746139,2024-06-12,2024,518792,L,681982,R,home_run,False,False,63.0,0.2,10.0,15.87,6.0,9.52,0.72,0.21799999999999997,24.44,12.89,12.5,25.39,32.56,12.5,349.0,0.276,57.0,16.33,32.0,9.17,0.818,0.1949999999999999,20.45,9.51,16.77,26.27,27.56,15.45,32.0,0.231,8.0,25.0,5.0,15.62,1.183,0.5770000000000001,34.55,14.62,13.85,28.46,18.87,27.59,50.0,0.326,10.0,20.0,7.0,14.0,1.048,0.302,26.25,10.94,15.62,26.56,23.0,23.26
746139,2024-06-12,2024,500743,R,622786,R,field_out,False,False,57.0,0.259,7.0,12.28,3.0,5.26,0.687,0.13,13.33,5.97,19.4,25.37,27.08,13.46,279.0,0.21,36.0,12.9,18.0,6.45,0.546,0.068,19.79,9.92,16.53,26.45,34.53,12.9,22.0,0.222,5.0,22.73,3.0,13.64,0.753,0.167,34.21,15.66,14.46,30.12,25.0,21.74,,,,,,,,,,,,,,
746139,2024-06-12,2024,694671,R,675627,R,field_out,False,False,129.0,0.235,24.0,18.6,9.0,6.98,0.581,0.05099999999999999,19.31,8.44,19.51,27.95,23.08,14.04,,,,,,,,,,,,,,,85.0,0.213,23.0,27.06,9.0,10.59,0.627,0.12000000000000002,31.39,13.31,19.5,32.82,30.11,29.11,155.0,0.255,45.0,29.03,5.0,3.23,0.707,0.1679999999999999,33.22,17.44,15.03,32.47,36.39,26.95
746139,2024-06-12,2024,663993,L,675627,R,field_out,False,False,119.0,0.253,23.0,19.33,17.0,14.29,0.715,0.10099999999999998,15.61,6.31,18.74,25.05,25.74,14.37,505.0,0.279,113.0,22.38,69.0,13.66,0.833,0.172,19.81,8.64,15.62,24.26,19.45,16.87,45.0,0.132,17.0,37.78,3.0,6.67,0.53,0.131,28.42,13.64,15.15,28.79,29.35,22.97,147.0,0.344,28.0,19.05,14.0,9.52,1.003,0.244,20.15,9.35,17.81,27.16,26.12,17.28
746139,2024-06-12,2024,677649,R,675627,R,home_run,False,False,84.0,0.288,20.0,23.81,3.0,3.57,0.7090000000000001,0.10000000000000003,23.46,12.96,11.73,24.69,37.06,16.26,308.0,0.277,86.0,27.92,13.0,4.22,0.738,0.1409999999999999,28.89,15.73,13.64,29.37,39.12,22.25,85.0,0.213,23.0,27.06,9.0,10.59,0.627,0.12000000000000002,31.39,13.31,19.5,32.82,30.11,29.11,155.0,0.255,45.0,29.03,5.0,3.23,0.707,0.1679999999999999,33.22,17.44,15.03,32.47,36.39,26.95
746139,2024-06-12,2024,673995,R,675627,R,single,False,False,3.0,0.333,1.0,33.33,0.0,0.0,0.666,0.0,0.0,0.0,33.33,33.33,0.0,25.0,,,,,,,,,,,,,,,85.0,0.213,23.0,27.06,9.0,10.59,0.627,0.12000000000000002,31.39,13.31,19.5,32.82,30.11,29.11,155.0,0.255,45.0,29.03,5.0,3.23,0.707,0.1679999999999999,33.22,17.44,15.03,32.47,36.39,26.95
746139,2024-06-12,2024,665750,L,675627,R,field_out,False,False,162.0,0.228,30.0,18.52,13.0,8.02,0.6519999999999999,0.13399999999999998,22.85,11.39,15.51,26.9,31.39,17.05,405.0,0.275,86.0,21.23,25.0,6.17,0.767,0.174,24.9,12.5,15.05,27.55,29.44,18.34,45.0,0.132,17.0,37.78,3.0,6.67,0.53,0.131,28.42,13.64,15.15,28.79,29.35,22.97,147.0,0.344,28.0,19.05,14.0,9.52,1.003,0.244,20.15,9.35,17.81,27.16,26.12,17.28
746139,2024-06-12,2024,621035,R,622786,R,field_out,False,False,62.0,0.088,24.0,38.71,3.0,4.84,0.266,0.017,31.82,15.09,16.38,31.47,23.36,39.34,224.0,0.255,66.0,29.46,22.0,9.82,0.712,0.125,33.11,15.94,15.09,31.03,23.37,20.82,22.0,0.222,5.0,22.73,3.0,13.64,0.753,0.167,34.21,15.66,14.46,30.12,25.0,21.74,,,,,,,,,,,,,,
746139,2024-06-12,2024,660271,L,622786,R,hit_by_pitch,False,False,188.0,0.319,39.0,20.74,24.0,12.77,1.089,0.35600000000000004,29.46,14.3,12.99,27.3,30.43,18.06,429.0,0.327,99.0,23.08,64.0,14.92,1.132,0.3739999999999999,32.88,15.48,11.59,27.07,28.86,20.75,21.0,0.278,3.0,14.29,2.0,9.52,0.881,0.22199999999999998,25.53,12.24,13.27,25.51,32.76,8.33,,,,,,,,,,,,,,
746139,2024-06-12,2024,571771,R,622786,R,walk,False,True,88.0,0.175,20.0,22.73,8.0,9.09,0.488,0.063,26.52,13.71,15.14,28.86,26.67,18.69,347.0,0.235,78.0,22.48,20.0,5.76,0.647,0.13,27.56,13.17,16.85,30.02,28.91,20.8,22.0,0.222,5.0,22.73,3.0,13.64,0.753,0.167,34.21,15.66,14.46,30.12,25.0,21.74,,,,,,,,,,,,,,
746139,2024-06-12,2024,669257,R,622786,R,walk,False,True,168.0,0.242,28.0,16.67,12.0,7.14,0.713,0.16699999999999998,18.95,9.23,15.34,24.57,27.14,12.61,407.0,0.268,67.0,16.46,42.0,10.32,0.7949999999999999,0.1659999999999999,19.27,8.8,16.84,25.64,24.5,12.79,22.0,0.222,5.0,22.73,3.0,13.64,0.753,0.167,34.21,15.66,14.46,30.12,25.0,21.74,,,,,,,,,,,,,,
746139,2024-06-12,2024,678246,R,668800,R,sac_fly,False,False,14.0,0.154,3.0,21.43,0.0,0.0,0.45099999999999996,0.154,11.11,5.26,19.3,24.56,20.0,15.79,211.0,0.206,47.0,22.27,24.0,11.37,0.6619999999999999,0.15,22.7,10.21,16.28,26.49,22.52,19.5,4.0,0.0,0.0,0.0,0.0,0.0,0.0,0.0,0.0,0.0,15.38,15.38,12.5,,,,,,,,,,,,,,,
746139,2024-06-12,2024,666158,L,668800,R,walk,False,True,162.0,0.233,35.0,21.6,12.0,7.41,0.61,0.087,18.86,8.31,18.97,27.27,18.58,18.82,,,,,,,,,,,,,,,2.0,0.0,0.0,0.0,1.0,50.0,0.5,0.0,0.0,0.0,16.67,16.67,0.0,,,,,,,,,,,,,,,
746139,2024-06-12,2024,681624,R,668800,R,field_out,False,False,150.0,0.23,42.0,28.0,8.0,5.33,0.6739999999999999,0.155,28.12,15.46,12.54,28.01,32.63,20.39,,,,,,,,,,,,,,,4.0,0.0,0.0,0.0,0.0,0.0,0.0,0.0,0.0,0.0,15.38,15.38,12.5,,,,,,,,,,,,,,,
746139,2024-06-12,2024,669701,L,607455,L,field_out,False,False,60.0,0.321,16.0,26.67,4.0,6.67,0.8340000000000001,0.11299999999999999,25.71,12.39,16.51,28.9,26.47,24.24,33.0,0.12,9.0,27.27,6.0,18.18,0.6930000000000001,0.24,26.09,9.3,20.93,30.23,19.44,31.03,16.0,0.214,6.0,37.5,1.0,6.25,0.481,0.0,39.29,17.74,17.74,35.48,24.14,33.33,14.0,0.417,3.0,21.43,1.0,7.14,1.167,0.25,22.86,11.76,16.18,27.94,33.33,11.54
746139,2024-06-12,2024,543257,R,607455,L,single,False,False,55.0,0.295,9.0,16.36,10.0,18.18,0.782,0.069,18.52,6.47,23.71,30.17,20.16,13.43,137.0,0.309,32.0,23.36,23.0,16.79,0.952,0.227,18.93,6.53,22.61,29.15,11.97,17.49,25.0,0.19,5.0,20.0,3.0,12.0,0.47000000000000003,0.0,15.56,6.86,15.69,22.55,24.0,20.0,21.0,0.25,3.0,14.29,4.0,19.05,0.631,0.0,20.83,10.75,12.9,23.66,31.82,8.82
746139,2024-06-12,2024,608671,L,607455,L,strikeout,True,False,8.0,0.0,1.0,12.5,0.0,0.0,0.0,0.0,21.43,10.34,24.14,34.48,18.18,10.0,32.0,0.214,5.0,15.62,3.0,9.38,0.611,0.107,16.33,5.88,21.32,27.21,14.49,15.15,16.0,0.214,6.0,37.5,1.0,6.25,0.481,0.0,39.29,17.74,17.74,35.48,24.14,33.33,14.0,0.417,3.0,21.43,1.0,7.14,1.167,0.25,22.86,11.76,16.18,27.94,33.33,11.54
746139,2024-06-12,2024,641680,R,607455,L,strikeout,True,False,68.0,0.238,9.0,13.24,4.0,5.88,0.628,0.11099999999999999,16.42,9.78,11.11,20.89,30.69,14.75,90.0,0.329,13.0,14.44,7.0,7.78,0.866,0.1589999999999999,20.1,11.3,11.3,22.6,34.86,13.0,25.0,0.19,5.0,20.0,3.0,12.0,0.47000000000000003,0.0,15.56,6.86,15.69,22.55,24.0,20.0,21.0,0.25,3.0,14.29,4.0,19.05,0.631,0.0,20.83,10.75,12.9,23.66,31.82,8.82
746139,2024-06-12,2024,518792,L,668800,R,field_out,False,False,63.0,0.2,10.0,15.87,6.0,9.52,0.72,0.21799999999999997,24.44,12.89,12.5,25.39,32.56,12.5,349.0,0.276,57.0,16.33,32.0,9.17,0.818,0.1949999999999999,20.45,9.51,16.77,26.27,27.56,15.45,2.0,0.0,0.0,0.0,1.0,50.0,0.5,0.0,0.0,0.0,16.67,16.67,0.0,,,,,,,,,,,,,,,
746139,2024-06-12,2024,500743,R,668800,R,field_out,False,False,57.0,0.259,7.0,12.28,3.0,5.26,0.687,0.13,13.33,5.97,19.4,25.37,27.08,13.46,279.0,0.21,36.0,12.9,18.0,6.45,0.546,0.068,19.79,9.92,16.53,26.45,34.53,12.9,4.0,0.0,0.0,0.0,0.0,0.0,0.0,0.0,0.0,0.0,15.38,15.38,12.5,,,,,,,,,,,,,,,
746139,2024-06-12,2024,621035,R,668800,R,field_out,False,False,62.0,0.088,24.0,38.71,3.0,4.84,0.266,0.017,31.82,15.09,16.38,31.47,23.36,39.34,224.0,0.255,66.0,29.46,22.0,9.82,0.712,0.125,33.11,15.94,15.09,31.03,23.37,20.82,4.0,0.0,0.0,0.0,0.0,0.0,0.0,0.0,0.0,0.0,15.38,15.38,12.5,,,,,,,,,,,,,,,
746139,2024-06-12,2024,694671,R,623465,R,field_out,False,False,129.0,0.235,24.0,18.6,9.0,6.98,0.581,0.05099999999999999,19.31,8.44,19.51,27.95,23.08,14.04,,,,,,,,,,,,,,,31.0,0.161,11.0,35.48,0.0,0.0,0.322,0.0,34.43,19.09,21.82,40.91,40.48,35.48,117.0,0.131,41.0,35.04,6.0,5.13,0.406,0.0839999999999999,38.6,17.93,20.95,38.88,34.27,31.3
746139,2024-06-12,2024,663993,L,623465,R,field_out,False,False,119.0,0.253,23.0,19.33,17.0,14.29,0.715,0.10099999999999998,15.61,6.31,18.74,25.05,25.74,14.37,505.0,0.279,113.0,22.38,69.0,13.66,0.833,0.172,19.81,8.64,15.62,24.26,19.45,16.87,34.0,0.3,8.0,23.53,4.0,11.76,0.815,0.133,16.9,7.41,17.28,24.69,15.07,14.04,118.0,0.222,25.0,21.19,7.0,5.93,0.663,0.167,20.91,9.98,18.0,27.98,27.4,17.61
746139,2024-06-12,2024,677649,R,623465,R,strikeout,True,False,84.0,0.288,20.0,23.81,3.0,3.57,0.7090000000000001,0.10000000000000003,23.46,12.96,11.73,24.69,37.06,16.26,308.0,0.277,86.0,27.92,13.0,4.22,0.738,0.1409999999999999,28.89,15.73,13.64,29.37,39.12,22.25,31.0,0.161,11.0,35.48,0.0,0.0,0.322,0.0,34.43,19.09,21.82,40.91,40.48,35.48,117.0,0.131,41.0,35.04,6.0,5.13,0.406,0.0839999999999999,38.6,17.93,20.95,38.88,34.27,31.3
745327,2024-06-12,2024,514888,R,663855,R,field_out,False,False,216.0,0.292,41.0,18.98,13.0,6.02,0.798,0.16800000000000004,19.95,10.22,17.08,27.3,38.19,18.64,297.0,0.322,55.0,18.52,32.0,10.77,0.941,0.218,19.43,8.47,19.0,27.48,31.81,17.74,154.0,0.231,36.0,23.38,6.0,3.9,0.647,0.15,25.78,12.13,18.2,30.33,27.92,17.73,177.0,0.234,54.0,30.51,16.0,9.04,0.653,0.1139999999999999,27.76,11.0,22.57,33.57,28.9,25.84
745327,2024-06-12,2024,608324,R,663855,R,field_out,False,False,185.0,0.255,33.0,17.84,16.0,8.65,0.76,0.181,15.81,7.05,19.11,26.15,24.19,14.29,508.0,0.282,67.0,13.19,65.0,12.8,0.8500000000000001,0.186,14.53,5.58,19.65,25.23,16.96,12.88,154.0,0.231,36.0,23.38,6.0,3.9,0.647,0.15,25.78,12.13,18.2,30.33,27.92,17.73,177.0,0.234,54.0,30.51,16.0,9.04,0.653,0.1139999999999999,27.76,11.0,22.57,33.57,28.9,25.84
745327,2024-06-12,2024,670541,L,663855,R,field_out,False,False,187.0,0.262,25.0,13.37,20.0,10.7,0.836,0.22599999999999998,19.35,8.78,16.69,25.48,30.46,13.81,322.0,0.292,55.0,17.08,49.0,15.22,1.044,0.333,21.1,8.88,15.37,24.25,23.99,15.32,145.0,0.23,28.0,19.31,18.0,12.41,0.6559999999999999,0.08099999999999999,24.06,10.49,15.08,25.57,26.84,15.22,109.0,0.225,27.0,24.77,16.0,14.68,0.6639999999999999,0.0779999999999999,28.89,12.53,15.18,27.71,26.27,23.89
745327,2024-06-12,2024,689172,L,669854,R,field_out,False,False,47.0,0.273,9.0,19.15,2.0,4.26,0.6839999999999999,0.11299999999999999,20.69,10.23,19.32,29.55,38.82,16.67,106.0,0.155,30.0,28.3,8.0,7.55,0.4639999999999999,0.092,28.32,14.65,14.19,28.83,32.6,19.86,139.0,0.182,31.0,22.3,14.0,10.07,0.618,0.173,24.81,11.82,14.64,26.46,26.84,19.75,104.0,0.221,21.0,20.19,16.0,15.38,0.7649999999999999,0.1979999999999999,28.05,13.84,10.94,24.78,25.22,14.58
745327,2024-06-12,2024,671218,R,669854,R,single,False,False,96.0,0.289,32.0,33.33,6.0,6.25,0.7110000000000001,0.08900000000000002,36.0,16.45,16.45,32.9,27.94,28.32,14.0,0.154,4.0,28.57,1.0,7.14,0.368,0.0,30.43,14.58,18.75,33.33,26.09,50.0,142.0,0.175,36.0,25.35,14.0,9.86,0.5469999999999999,0.11099999999999999,32.52,16.32,15.26,31.58,32.13,20.93,122.0,0.275,31.0,25.41,12.0,9.84,0.847,0.2199999999999999,37.6,19.87,11.14,31.0,32.68,22.3
745327,2024-06-12,2024,672275,L,669854,R,field_out,False,False,132.0,0.279,23.0,17.42,17.0,12.88,0.8069999999999999,0.16199999999999998,20.78,9.65,13.48,23.13,25.18,15.65,240.0,0.203,70.0,29.17,13.0,5.42,0.5569999999999999,0.0989999999999999,26.61,12.88,17.55,30.43,28.93,23.81,139.0,0.182,31.0,22.3,14.0,10.07,0.618,0.173,24.81,11.82,14.64,26.46,26.84,19.75,104.0,0.221,21.0,20.19,16.0,15.38,0.7649999999999999,0.1979999999999999,28.05,13.84,10.94,24.78,25.22,14.58
745327,2024-06-12,2024,656305,R,669854,R,field_out,False,False,209.0,0.201,53.0,25.36,17.0,8.13,0.617,0.138,27.14,12.65,18.97,31.62,27.18,19.7,471.0,0.223,139.0,29.51,52.0,11.04,0.722,0.179,31.15,13.33,17.79,31.11,18.61,21.72,142.0,0.175,36.0,25.35,14.0,9.86,0.5469999999999999,0.11099999999999999,32.52,16.32,15.26,31.58,32.13,20.93,122.0,0.275,31.0,25.41,12.0,9.84,0.847,0.2199999999999999,37.6,19.87,11.14,31.0,32.68,22.3
745327,2024-06-12,2024,665161,R,663855,R,strikeout,True,False,199.0,0.288,38.0,19.1,9.0,4.52,0.6910000000000001,0.07100000000000001,24.73,12.97,14.92,27.89,35.82,17.35,461.0,0.239,107.0,23.21,34.0,7.38,0.655,0.1089999999999999,30.36,15.5,13.92,29.42,35.52,20.7,154.0,0.231,36.0,23.38,6.0,3.9,0.647,0.15,25.78,12.13,18.2,30.33,27.92,17.73,177.0,0.234,54.0,30.51,16.0,9.04,0.653,0.1139999999999999,27.76,11.0,22.57,33.57,28.9,25.84
745327,2024-06-12,2024,572138,L,663855,R,single,False,False,129.0,0.229,29.0,22.48,19.0,14.73,0.6990000000000001,0.12899999999999998,25.5,10.22,18.84,29.06,19.29,21.8,79.0,0.13,19.0,24.05,9.0,11.39,0.402,0.0439999999999999,22.79,9.69,16.56,26.25,24.43,21.11,145.0,0.23,28.0,19.31,18.0,12.41,0.6559999999999999,0.08099999999999999,24.06,10.49,15.08,25.57,26.84,15.22,109.0,0.225,27.0,24.77,16.0,14.68,0.6639999999999999,0.0779999999999999,28.89,12.53,15.18,27.71,26.27,23.89
745327,2024-06-12,2024,676694,R,663855,R,strikeout,True,False,134.0,0.266,32.0,23.88,7.0,5.22,0.722,0.14499999999999996,33.93,16.74,15.86,32.6,32.91,24.81,263.0,0.218,69.0,26.24,18.0,6.84,0.6459999999999999,0.146,25.89,12.2,16.27,28.47,24.49,21.12,154.0,0.231,36.0,23.38,6.0,3.9,0.647,0.15,25.78,12.13,18.2,30.33,27.92,17.73,177.0,0.234,54.0,30.51,16.0,9.04,0.653,0.1139999999999999,27.76,11.0,22.57,33.57,28.9,25.84
745327,2024-06-12,2024,663550,L,663855,R,force_out,False,False,23.0,0.261,5.0,21.74,0.0,0.0,0.696,0.174,26.09,14.46,12.05,26.51,32.5,20.83,52.0,0.22,24.0,46.15,1.0,1.92,0.5710000000000001,0.12,50.0,32.99,6.09,39.09,46.53,37.5,145.0,0.23,28.0,19.31,18.0,12.41,0.6559999999999999,0.08099999999999999,24.06,10.49,15.08,25.57,26.84,15.22,109.0,0.225,27.0,24.77,16.0,14.68,0.6639999999999999,0.0779999999999999,28.89,12.53,15.18,27.71,26.27,23.89
745327,2024-06-12,2024,624424,L,669854,R,field_out,False,False,143.0,0.221,32.0,22.38,12.0,8.39,0.692,0.18400000000000002,24.54,11.62,16.2,27.82,28.77,19.16,368.0,0.245,77.0,20.92,50.0,13.59,0.753,0.155,23.68,10.56,15.02,25.57,23.23,16.81,139.0,0.182,31.0,22.3,14.0,10.07,0.618,0.173,24.81,11.82,14.64,26.46,26.84,19.75,104.0,0.221,21.0,20.19,16.0,15.38,0.7649999999999999,0.1979999999999999,28.05,13.84,10.94,24.78,25.22,14.58
745327,2024-06-12,2024,527038,R,669854,R,walk,False,True,110.0,0.211,15.0,13.64,11.0,10.0,0.605,0.094,15.85,6.44,24.22,30.67,26.92,11.19,273.0,0.271,35.0,12.82,27.0,9.89,0.849,0.2249999999999999,14.98,6.76,19.32,26.08,27.75,9.09,142.0,0.175,36.0,25.35,14.0,9.86,0.5469999999999999,0.11099999999999999,32.52,16.32,15.26,31.58,32.13,20.93,122.0,0.275,31.0,25.41,12.0,9.84,0.847,0.2199999999999999,37.6,19.87,11.14,31.0,32.68,22.3
745327,2024-06-12,2024,624585,R,669854,R,strikeout,True,False,162.0,0.2,36.0,22.22,15.0,9.26,0.5960000000000001,0.124,27.74,13.26,15.06,28.31,28.57,21.18,446.0,0.242,111.0,24.89,46.0,10.31,0.788,0.22,27.97,12.22,16.15,28.37,25.71,21.19,142.0,0.175,36.0,25.35,14.0,9.86,0.5469999999999999,0.11099999999999999,32.52,16.32,15.26,31.58,32.13,20.93,122.0,0.275,31.0,25.41,12.0,9.84,0.847,0.2199999999999999,37.6,19.87,11.14,31.0,32.68,22.3
745327,2024-06-12,2024,573262,L,669854,R,field_out,False,False,168.0,0.216,48.0,28.57,13.0,7.74,0.6890000000000001,0.19599999999999998,25.74,10.58,19.13,29.72,18.47,22.22,296.0,0.243,75.0,25.34,40.0,13.51,0.831,0.235,23.69,9.65,18.67,28.32,20.68,19.69,139.0,0.182,31.0,22.3,14.0,10.07,0.618,0.173,24.81,11.82,14.64,26.46,26.84,19.75,104.0,0.221,21.0,20.19,16.0,15.38,0.7649999999999999,0.1979999999999999,28.05,13.84,10.94,24.78,25.22,14.58
745327,2024-06-12,2024,643289,R,663855,R,double,False,False,110.0,0.298,8.0,7.27,4.0,3.64,0.7210000000000001,0.09600000000000003,16.42,9.62,12.24,21.87,42.56,8.6,375.0,0.263,58.0,15.47,13.0,3.47,0.6779999999999999,0.124,19.01,10.95,13.18,24.13,40.64,15.68,154.0,0.231,36.0,23.38,6.0,3.9,0.647,0.15,25.78,12.13,18.2,30.33,27.92,17.73,177.0,0.234,54.0,30.51,16.0,9.04,0.653,0.1139999999999999,27.76,11.0,22.57,33.57,28.9,25.84
745327,2024-06-12,2024,605170,L,663855,R,field_out,False,False,85.0,0.213,12.0,14.12,5.0,5.88,0.687,0.19999999999999998,20.0,9.47,17.54,27.02,26.12,19.67,168.0,0.262,33.0,19.64,15.0,8.93,0.745,0.1539999999999999,19.57,9.05,17.76,26.8,23.55,20.0,145.0,0.23,28.0,19.31,18.0,12.41,0.6559999999999999,0.08099999999999999,24.06,10.49,15.08,25.57,26.84,15.22,109.0,0.225,27.0,24.77,16.0,14.68,0.6639999999999999,0.0779999999999999,28.89,12.53,15.18,27.71,26.27,23.89
745327,2024-06-12,2024,514888,R,663855,R,field_out,False,False,216.0,0.292,41.0,18.98,13.0,6.02,0.798,0.16800000000000004,19.95,10.22,17.08,27.3,38.19,18.64,297.0,0.322,55.0,18.52,32.0,10.77,0.941,0.218,19.43,8.47,19.0,27.48,31.81,17.74,154.0,0.231,36.0,23.38,6.0,3.9,0.647,0.15,25.78,12.13,18.2,30.33,27.92,17.73,177.0,0.234,54.0,30.51,16.0,9.04,0.653,0.1139999999999999,27.76,11.0,22.57,33.57,28.9,25.84
745327,2024-06-12,2024,608324,R,663855,R,field_out,False,False,185.0,0.255,33.0,17.84,16.0,8.65,0.76,0.181,15.81,7.05,19.11,26.15,24.19,14.29,508.0,0.282,67.0,13.19,65.0,12.8,0.8500000000000001,0.186,14.53,5.58,19.65,25.23,16.96,12.88,154.0,0.231,36.0,23.38,6.0,3.9,0.647,0.15,25.78,12.13,18.2,30.33,27.92,17.73,177.0,0.234,54.0,30.51,16.0,9.04,0.653,0.1139999999999999,27.76,11.0,22.57,33.57,28.9,25.84
745327,2024-06-12,2024,642731,R,669854,R,strikeout,True,False,195.0,0.242,40.0,20.51,5.0,2.56,0.67,0.15600000000000003,19.65,9.67,19.91,29.58,35.78,20.0,380.0,0.276,84.0,22.11,15.0,3.95,0.767,0.172,21.44,11.24,17.01,28.25,38.17,20.1,142.0,0.175,36.0,25.35,14.0,9.86,0.5469999999999999,0.11099999999999999,32.52,16.32,15.26,31.58,32.13,20.93,122.0,0.275,31.0,25.41,12.0,9.84,0.847,0.2199999999999999,37.6,19.87,11.14,31.0,32.68,22.3
745327,2024-06-12,2024,689172,L,669854,R,home_run,False,False,47.0,0.273,9.0,19.15,2.0,4.26,0.6839999999999999,0.11299999999999999,20.69,10.23,19.32,29.55,38.82,16.67,106.0,0.155,30.0,28.3,8.0,7.55,0.4639999999999999,0.092,28.32,14.65,14.19,28.83,32.6,19.86,139.0,0.182,31.0,22.3,14.0,10.07,0.618,0.173,24.81,11.82,14.64,26.46,26.84,19.75,104.0,0.221,21.0,20.19,16.0,15.38,0.7649999999999999,0.1979999999999999,28.05,13.84,10.94,24.78,25.22,14.58
745327,2024-06-12,2024,671218,R,669854,R,strikeout,True,False,96.0,0.289,32.0,33.33,6.0,6.25,0.7110000000000001,0.08900000000000002,36.0,16.45,16.45,32.9,27.94,28.32,14.0,0.154,4.0,28.57,1.0,7.14,0.368,0.0,30.43,14.58,18.75,33.33,26.09,50.0,142.0,0.175,36.0,25.35,14.0,9.86,0.5469999999999999,0.11099999999999999,32.52,16.32,15.26,31.58,32.13,20.93,122.0,0.275,31.0,25.41,12.0,9.84,0.847,0.2199999999999999,37.6,19.87,11.14,31.0,32.68,22.3
745327,2024-06-12,2024,672275,L,669854,R,field_out,False,False,132.0,0.279,23.0,17.42,17.0,12.88,0.8069999999999999,0.16199999999999998,20.78,9.65,13.48,23.13,25.18,15.65,240.0,0.203,70.0,29.17,13.0,5.42,0.5569999999999999,0.0989999999999999,26.61,12.88,17.55,30.43,28.93,23.81,139.0,0.182,31.0,22.3,14.0,10.07,0.618,0.173,24.81,11.82,14.64,26.46,26.84,19.75,104.0,0.221,21.0,20.19,16.0,15.38,0.7649999999999999,0.1979999999999999,28.05,13.84,10.94,24.78,25.22,14.58
745327,2024-06-12,2024,670541,L,663855,R,field_out,False,False,187.0,0.262,25.0,13.37,20.0,10.7,0.836,0.22599999999999998,19.35,8.78,16.69,25.48,30.46,13.81,322.0,0.292,55.0,17.08,49.0,15.22,1.044,0.333,21.1,8.88,15.37,24.25,23.99,15.32,145.0,0.23,28.0,19.31,18.0,12.41,0.6559999999999999,0.08099999999999999,24.06,10.49,15.08,25.57,26.84,15.22,109.0,0.225,27.0,24.77,16.0,14.68,0.6639999999999999,0.0779999999999999,28.89,12.53,15.18,27.71,26.27,23.89
745327,2024-06-12,2024,665161,R,663855,R,strikeout,True,False,199.0,0.288,38.0,19.1,9.0,4.52,0.6910000000000001,0.07100000000000001,24.73,12.97,14.92,27.89,35.82,17.35,461.0,0.239,107.0,23.21,34.0,7.38,0.655,0.1089999999999999,30.36,15.5,13.92,29.42,35.52,20.7,154.0,0.231,36.0,23.38,6.0,3.9,0.647,0.15,25.78,12.13,18.2,30.33,27.92,17.73,177.0,0.234,54.0,30.51,16.0,9.04,0.653,0.1139999999999999,27.76,11.0,22.57,33.57,28.9,25.84
745327,2024-06-12,2024,572138,L,663855,R,walk,False,True,129.0,0.229,29.0,22.48,19.0,14.73,0.6990000000000001,0.12899999999999998,25.5,10.22,18.84,29.06,19.29,21.8,79.0,0.13,19.0,24.05,9.0,11.39,0.402,0.0439999999999999,22.79,9.69,16.56,26.25,24.43,21.11,145.0,0.23,28.0,19.31,18.0,12.41,0.6559999999999999,0.08099999999999999,24.06,10.49,15.08,25.57,26.84,15.22,109.0,0.225,27.0,24.77,16.0,14.68,0.6639999999999999,0.0779999999999999,28.89,12.53,15.18,27.71,26.27,23.89
745327,2024-06-12,2024,676694,R,663855,R,field_out,False,False,134.0,0.266,32.0,23.88,7.0,5.22,0.722,0.14499999999999996,33.93,16.74,15.86,32.6,32.91,24.81,263.0,0.218,69.0,26.24,18.0,6.84,0.6459999999999999,0.146,25.89,12.2,16.27,28.47,24.49,21.12,154.0,0.231,36.0,23.38,6.0,3.9,0.647,0.15,25.78,12.13,18.2,30.33,27.92,17.73,177.0,0.234,54.0,30.51,16.0,9.04,0.653,0.1139999999999999,27.76,11.0,22.57,33.57,28.9,25.84
745327,2024-06-12,2024,656305,R,669854,R,field_out,False,False,209.0,0.201,53.0,25.36,17.0,8.13,0.617,0.138,27.14,12.65,18.97,31.62,27.18,19.7,471.0,0.223,139.0,29.51,52.0,11.04,0.722,0.179,31.15,13.33,17.79,31.11,18.61,21.72,142.0,0.175,36.0,25.35,14.0,9.86,0.5469999999999999,0.11099999999999999,32.52,16.32,15.26,31.58,32.13,20.93,122.0,0.275,31.0,25.41,12.0,9.84,0.847,0.2199999999999999,37.6,19.87,11.14,31.0,32.68,22.3
745327,2024-06-12,2024,624424,L,669854,R,strikeout,True,False,143.0,0.221,32.0,22.38,12.0,8.39,0.692,0.18400000000000002,24.54,11.62,16.2,27.82,28.77,19.16,368.0,0.245,77.0,20.92,50.0,13.59,0.753,0.155,23.68,10.56,15.02,25.57,23.23,16.81,139.0,0.182,31.0,22.3,14.0,10.07,0.618,0.173,24.81,11.82,14.64,26.46,26.84,19.75,104.0,0.221,21.0,20.19,16.0,15.38,0.7649999999999999,0.1979999999999999,28.05,13.84,10.94,24.78,25.22,14.58
745327,2024-06-12,2024,527038,R,669854,R,field_out,False,False,110.0,0.211,15.0,13.64,11.0,10.0,0.605,0.094,15.85,6.44,24.22,30.67,26.92,11.19,273.0,0.271,35.0,12.82,27.0,9.89,0.849,0.2249999999999999,14.98,6.76,19.32,26.08,27.75,9.09,142.0,0.175,36.0,25.35,14.0,9.86,0.5469999999999999,0.11099999999999999,32.52,16.32,15.26,31.58,32.13,20.93,122.0,0.275,31.0,25.41,12.0,9.84,0.847,0.2199999999999999,37.6,19.87,11.14,31.0,32.68,22.3
745327,2024-06-12,2024,663550,L,663855,R,single,False,False,23.0,0.261,5.0,21.74,0.0,0.0,0.696,0.174,26.09,14.46,12.05,26.51,32.5,20.83,52.0,0.22,24.0,46.15,1.0,1.92,0.5710000000000001,0.12,50.0,32.99,6.09,39.09,46.53,37.5,145.0,0.23,28.0,19.31,18.0,12.41,0.6559999999999999,0.08099999999999999,24.06,10.49,15.08,25.57,26.84,15.22,109.0,0.225,27.0,24.77,16.0,14.68,0.6639999999999999,0.0779999999999999,28.89,12.53,15.18,27.71,26.27,23.89
745327,2024-06-12,2024,643289,R,663855,R,double,False,False,110.0,0.298,8.0,7.27,4.0,3.64,0.7210000000000001,0.09600000000000003,16.42,9.62,12.24,21.87,42.56,8.6,375.0,0.263,58.0,15.47,13.0,3.47,0.6779999999999999,0.124,19.01,10.95,13.18,24.13,40.64,15.68,154.0,0.231,36.0,23.38,6.0,3.9,0.647,0.15,25.78,12.13,18.2,30.33,27.92,17.73,177.0,0.234,54.0,30.51,16.0,9.04,0.653,0.1139999999999999,27.76,11.0,22.57,33.57,28.9,25.84
745327,2024-06-12,2024,605170,L,663855,R,strikeout,True,False,85.0,0.213,12.0,14.12,5.0,5.88,0.687,0.19999999999999998,20.0,9.47,17.54,27.02,26.12,19.67,168.0,0.262,33.0,19.64,15.0,8.93,0.745,0.1539999999999999,19.57,9.05,17.76,26.8,23.55,20.0,145.0,0.23,28.0,19.31,18.0,12.41,0.6559999999999999,0.08099999999999999,24.06,10.49,15.08,25.57,26.84,15.22,109.0,0.225,27.0,24.77,16.0,14.68,0.6639999999999999,0.0779999999999999,28.89,12.53,15.18,27.71,26.27,23.89
745327,2024-06-12,2024,514888,R,663855,R,strikeout,True,False,216.0,0.292,41.0,18.98,13.0,6.02,0.798,0.16800000000000004,19.95,10.22,17.08,27.3,38.19,18.64,297.0,0.322,55.0,18.52,32.0,10.77,0.941,0.218,19.43,8.47,19.0,27.48,31.81,17.74,154.0,0.231,36.0,23.38,6.0,3.9,0.647,0.15,25.78,12.13,18.2,30.33,27.92,17.73,177.0,0.234,54.0,30.51,16.0,9.04,0.653,0.1139999999999999,27.76,11.0,22.57,33.57,28.9,25.84
745327,2024-06-12,2024,608324,R,663855,R,single,False,False,185.0,0.255,33.0,17.84,16.0,8.65,0.76,0.181,15.81,7.05,19.11,26.15,24.19,14.29,508.0,0.282,67.0,13.19,65.0,12.8,0.8500000000000001,0.186,14.53,5.58,19.65,25.23,16.96,12.88,154.0,0.231,36.0,23.38,6.0,3.9,0.647,0.15,25.78,12.13,18.2,30.33,27.92,17.73,177.0,0.234,54.0,30.51,16.0,9.04,0.653,0.1139999999999999,27.76,11.0,22.57,33.57,28.9,25.84
745327,2024-06-12,2024,670541,L,573124,L,single,False,False,106.0,0.337,20.0,18.87,8.0,7.55,0.933,0.2,21.23,10.3,13.55,23.85,34.18,24.1,174.0,0.295,37.0,21.26,20.0,11.49,0.892,0.212,24.91,11.27,17.53,28.79,30.5,20.79,48.0,0.31,14.0,29.17,5.0,10.42,0.825,0.119,29.58,11.23,22.46,33.69,24.21,32.56,103.0,0.101,39.0,37.86,11.0,10.68,0.3299999999999999,0.0229999999999999,32.18,13.05,23.78,36.83,25.84,25.83
745327,2024-06-12,2024,665161,R,573124,L,field_out,False,False,79.0,0.303,8.0,10.13,1.0,1.27,0.7949999999999999,0.184,22.7,13.26,12.54,25.81,39.86,9.64,174.0,0.325,22.0,12.64,9.0,5.17,0.8340000000000001,0.141,23.71,13.93,8.22,22.15,36.96,13.17,61.0,0.158,18.0,29.51,3.0,4.92,0.564,0.19299999999999998,30.56,13.25,22.49,35.74,23.28,21.43,113.0,0.312,25.0,22.12,14.0,12.39,0.98,0.2609999999999999,21.26,8.83,21.48,30.31,29.61,23.15
745327,2024-06-12,2024,624585,R,669854,R,strikeout,True,False,162.0,0.2,36.0,22.22,15.0,9.26,0.5960000000000001,0.124,27.74,13.26,15.06,28.31,28.57,21.18,446.0,0.242,111.0,24.89,46.0,10.31,0.788,0.22,27.97,12.22,16.15,28.37,25.71,21.19,142.0,0.175,36.0,25.35,14.0,9.86,0.5469999999999999,0.11099999999999999,32.52,16.32,15.26,31.58,32.13,20.93,122.0,0.275,31.0,25.41,12.0,9.84,0.847,0.2199999999999999,37.6,19.87,11.14,31.0,32.68,22.3
745327,2024-06-12,2024,573262,L,669854,R,field_out,False,False,168.0,0.216,48.0,28.57,13.0,7.74,0.6890000000000001,0.19599999999999998,25.74,10.58,19.13,29.72,18.47,22.22,296.0,0.243,75.0,25.34,40.0,13.51,0.831,0.235,23.69,9.65,18.67,28.32,20.68,19.69,139.0,0.182,31.0,22.3,14.0,10.07,0.618,0.173,24.81,11.82,14.64,26.46,26.84,19.75,104.0,0.221,21.0,20.19,16.0,15.38,0.7649999999999999,0.1979999999999999,28.05,13.84,10.94,24.78,25.22,14.58
745327,2024-06-12,2024,642731,R,669854,R,field_out,False,False,195.0,0.242,40.0,20.51,5.0,2.56,0.67,0.15600000000000003,19.65,9.67,19.91,29.58,35.78,20.0,380.0,0.276,84.0,22.11,15.0,3.95,0.767,0.172,21.44,11.24,17.01,28.25,38.17,20.1,142.0,0.175,36.0,25.35,14.0,9.86,0.5469999999999999,0.11099999999999999,32.52,16.32,15.26,31.58,32.13,20.93,122.0,0.275,31.0,25.41,12.0,9.84,0.847,0.2199999999999999,37.6,19.87,11.14,31.0,32.68,22.3
745327,2024-06-12,2024,572138,L,573124,L,strikeout,True,False,41.0,0.189,16.0,39.02,4.0,9.76,0.565,0.10799999999999998,40.0,13.95,22.67,36.63,19.1,28.57,26.0,0.273,4.0,15.38,4.0,15.38,0.93,0.272,20.93,8.82,14.71,23.53,21.15,15.38,48.0,0.31,14.0,29.17,5.0,10.42,0.825,0.119,29.58,11.23,22.46,33.69,24.21,32.56,103.0,0.101,39.0,37.86,11.0,10.68,0.3299999999999999,0.0229999999999999,32.18,13.05,23.78,36.83,25.84,25.83
745327,2024-06-12,2024,676694,R,573124,L,strikeout,True,False,59.0,0.255,10.0,16.95,6.0,10.17,0.827,0.21599999999999997,26.53,12.32,16.59,28.91,25.45,18.52,79.0,0.257,19.0,24.05,8.0,10.13,0.785,0.186,30.49,15.72,12.89,28.62,32.93,16.67,61.0,0.158,18.0,29.51,3.0,4.92,0.564,0.19299999999999998,30.56,13.25,22.49,35.74,23.28,21.43,113.0,0.312,25.0,22.12,14.0,12.39,0.98,0.2609999999999999,21.26,8.83,21.48,30.31,29.61,23.15
745327,2024-06-12,2024,663550,L,573124,L,strikeout,True,False,4.0,0.25,3.0,75.0,0.0,0.0,0.5,0.0,62.5,31.25,18.75,50.0,44.44,60.0,4.0,0.0,2.0,50.0,1.0,25.0,0.25,0.0,70.0,36.84,5.26,42.11,42.86,28.57,48.0,0.31,14.0,29.17,5.0,10.42,0.825,0.119,29.58,11.23,22.46,33.69,24.21,32.56,103.0,0.101,39.0,37.86,11.0,10.68,0.3299999999999999,0.0229999999999999,32.18,13.05,23.78,36.83,25.84,25.83
745327,2024-06-12,2024,689172,L,669854,R,strikeout,True,False,47.0,0.273,9.0,19.15,2.0,4.26,0.6839999999999999,0.11299999999999999,20.69,10.23,19.32,29.55,38.82,16.67,106.0,0.155,30.0,28.3,8.0,7.55,0.4639999999999999,0.092,28.32,14.65,14.19,28.83,32.6,19.86,139.0,0.182,31.0,22.3,14.0,10.07,0.618,0.173,24.81,11.82,14.64,26.46,26.84,19.75,104.0,0.221,21.0,20.19,16.0,15.38,0.7649999999999999,0.1979999999999999,28.05,13.84,10.94,24.78,25.22,14.58
745327,2024-06-12,2024,671218,R,669854,R,strikeout,True,False,96.0,0.289,32.0,33.33,6.0,6.25,0.7110000000000001,0.08900000000000002,36.0,16.45,16.45,32.9,27.94,28.32,14.0,0.154,4.0,28.57,1.0,7.14,0.368,0.0,30.43,14.58,18.75,33.33,26.09,50.0,142.0,0.175,36.0,25.35,14.0,9.86,0.5469999999999999,0.11099999999999999,32.52,16.32,15.26,31.58,32.13,20.93,122.0,0.275,31.0,25.41,12.0,9.84,0.847,0.2199999999999999,37.6,19.87,11.14,31.0,32.68,22.3
745327,2024-06-12,2024,672275,L,669854,R,double,False,False,132.0,0.279,23.0,17.42,17.0,12.88,0.8069999999999999,0.16199999999999998,20.78,9.65,13.48,23.13,25.18,15.65,240.0,0.203,70.0,29.17,13.0,5.42,0.5569999999999999,0.0989999999999999,26.61,12.88,17.55,30.43,28.93,23.81,139.0,0.182,31.0,22.3,14.0,10.07,0.618,0.173,24.81,11.82,14.64,26.46,26.84,19.75,104.0,0.221,21.0,20.19,16.0,15.38,0.7649999999999999,0.1979999999999999,28.05,13.84,10.94,24.78,25.22,14.58
745327,2024-06-12,2024,656305,R,669854,R,strikeout,True,False,209.0,0.201,53.0,25.36,17.0,8.13,0.617,0.138,27.14,12.65,18.97,31.62,27.18,19.7,471.0,0.223,139.0,29.51,52.0,11.04,0.722,0.179,31.15,13.33,17.79,31.11,18.61,21.72,142.0,0.175,36.0,25.35,14.0,9.86,0.5469999999999999,0.11099999999999999,32.52,16.32,15.26,31.58,32.13,20.93,122.0,0.275,31.0,25.41,12.0,9.84,0.847,0.2199999999999999,37.6,19.87,11.14,31.0,32.68,22.3
745327,2024-06-12,2024,643289,R,663546,R,field_out,False,False,110.0,0.298,8.0,7.27,4.0,3.64,0.7210000000000001,0.09600000000000003,16.42,9.62,12.24,21.87,42.56,8.6,375.0,0.263,58.0,15.47,13.0,3.47,0.6779999999999999,0.124,19.01,10.95,13.18,24.13,40.64,15.68,64.0,0.226,17.0,26.56,1.0,1.56,0.54,0.06399999999999997,29.91,13.97,23.58,37.55,35.96,26.15,79.0,0.333,19.0,24.05,8.0,10.13,0.853,0.1019999999999999,21.37,8.56,22.6,31.16,26.67,26.03
745327,2024-06-12,2024,605170,L,663546,R,field_out,False,False,85.0,0.213,12.0,14.12,5.0,5.88,0.687,0.19999999999999998,20.0,9.47,17.54,27.02,26.12,19.67,168.0,0.262,33.0,19.64,15.0,8.93,0.745,0.1539999999999999,19.57,9.05,17.76,26.8,23.55,20.0,49.0,0.159,9.0,18.37,3.0,6.12,0.661,0.273,10.84,4.86,21.08,25.95,23.81,16.36,60.0,0.294,12.0,20.0,5.0,8.33,0.863,0.196,23.21,11.4,16.67,28.07,21.78,17.65
745327,2024-06-12,2024,514888,R,663546,R,field_out,False,False,216.0,0.292,41.0,18.98,13.0,6.02,0.798,0.16800000000000004,19.95,10.22,17.08,27.3,38.19,18.64,297.0,0.322,55.0,18.52,32.0,10.77,0.941,0.218,19.43,8.47,19.0,27.48,31.81,17.74,64.0,0.226,17.0,26.56,1.0,1.56,0.54,0.06399999999999997,29.91,13.97,23.58,37.55,35.96,26.15,79.0,0.333,19.0,24.05,8.0,10.13,0.853,0.1019999999999999,21.37,8.56,22.6,31.16,26.67,26.03
745327,2024-06-12,2024,624424,L,605463,R,field_out,False,False,143.0,0.221,32.0,22.38,12.0,8.39,0.692,0.18400000000000002,24.54,11.62,16.2,27.82,28.77,19.16,368.0,0.245,77.0,20.92,50.0,13.59,0.753,0.155,23.68,10.56,15.02,25.57,23.23,16.81,71.0,0.136,13.0,18.31,9.0,12.68,0.393,0.0,25.98,11.66,15.9,27.56,27.39,18.06,27.0,0.15,5.0,18.52,6.0,22.22,0.72,0.1999999999999999,30.23,11.3,12.17,23.48,18.33,15.62
745327,2024-06-12,2024,527038,R,605463,R,strikeout,True,False,110.0,0.211,15.0,13.64,11.0,10.0,0.605,0.094,15.85,6.44,24.22,30.67,26.92,11.19,273.0,0.271,35.0,12.82,27.0,9.89,0.849,0.2249999999999999,14.98,6.76,19.32,26.08,27.75,9.09,70.0,0.197,19.0,27.14,8.0,11.43,0.562,0.065,28.91,12.01,19.81,31.82,25.45,18.1,61.0,0.37,12.0,19.67,4.0,6.56,1.074,0.278,22.52,10.82,16.02,26.84,31.45,17.91
745327,2024-06-12,2024,624585,R,605463,R,walk,False,True,162.0,0.2,36.0,22.22,15.0,9.26,0.5960000000000001,0.124,27.74,13.26,15.06,28.31,28.57,21.18,446.0,0.242,111.0,24.89,46.0,10.31,0.788,0.22,27.97,12.22,16.15,28.37,25.71,21.19,70.0,0.197,19.0,27.14,8.0,11.43,0.562,0.065,28.91,12.01,19.81,31.82,25.45,18.1,61.0,0.37,12.0,19.67,4.0,6.56,1.074,0.278,22.52,10.82,16.02,26.84,31.45,17.91
745327,2024-06-12,2024,573262,L,605463,R,field_out,False,False,168.0,0.216,48.0,28.57,13.0,7.74,0.6890000000000001,0.19599999999999998,25.74,10.58,19.13,29.72,18.47,22.22,296.0,0.243,75.0,25.34,40.0,13.51,0.831,0.235,23.69,9.65,18.67,28.32,20.68,19.69,71.0,0.136,13.0,18.31,9.0,12.68,0.393,0.0,25.98,11.66,15.9,27.56,27.39,18.06,27.0,0.15,5.0,18.52,6.0,22.22,0.72,0.1999999999999999,30.23,11.3,12.17,23.48,18.33,15.62
745327,2024-06-12,2024,608324,R,663546,R,field_out,False,False,185.0,0.255,33.0,17.84,16.0,8.65,0.76,0.181,15.81,7.05,19.11,26.15,24.19,14.29,508.0,0.282,67.0,13.19,65.0,12.8,0.8500000000000001,0.186,14.53,5.58,19.65,25.23,16.96,12.88,64.0,0.226,17.0,26.56,1.0,1.56,0.54,0.06399999999999997,29.91,13.97,23.58,37.55,35.96,26.15,79.0,0.333,19.0,24.05,8.0,10.13,0.853,0.1019999999999999,21.37,8.56,22.6,31.16,26.67,26.03
745327,2024-06-12,2024,670541,L,663546,R,field_out,False,False,187.0,0.262,25.0,13.37,20.0,10.7,0.836,0.22599999999999998,19.35,8.78,16.69,25.48,30.46,13.81,322.0,0.292,55.0,17.08,49.0,15.22,1.044,0.333,21.1,8.88,15.37,24.25,23.99,15.32,49.0,0.159,9.0,18.37,3.0,6.12,0.661,0.273,10.84,4.86,21.08,25.95,23.81,16.36,60.0,0.294,12.0,20.0,5.0,8.33,0.863,0.196,23.21,11.4,16.67,28.07,21.78,17.65
745327,2024-06-12,2024,665161,R,663546,R,strikeout,True,False,199.0,0.288,38.0,19.1,9.0,4.52,0.6910000000000001,0.07100000000000001,24.73,12.97,14.92,27.89,35.82,17.35,461.0,0.239,107.0,23.21,34.0,7.38,0.655,0.1089999999999999,30.36,15.5,13.92,29.42,35.52,20.7,64.0,0.226,17.0,26.56,1.0,1.56,0.54,0.06399999999999997,29.91,13.97,23.58,37.55,35.96,26.15,79.0,0.333,19.0,24.05,8.0,10.13,0.853,0.1019999999999999,21.37,8.56,22.6,31.16,26.67,26.03
745327,2024-06-12,2024,642731,R,650556,R,strikeout,True,False,195.0,0.242,40.0,20.51,5.0,2.56,0.67,0.15600000000000003,19.65,9.67,19.91,29.58,35.78,20.0,380.0,0.276,84.0,22.11,15.0,3.95,0.767,0.172,21.44,11.24,17.01,28.25,38.17,20.1,69.0,0.129,29.0,42.03,6.0,8.7,0.45899999999999996,0.11299999999999999,35.56,16.55,18.28,34.83,31.51,32.58,143.0,0.171,50.0,34.97,11.0,7.69,0.51,0.1,41.52,19.59,17.04,36.63,32.11,25.64
745327,2024-06-12,2024,689172,L,650556,R,field_out,False,False,47.0,0.273,9.0,19.15,2.0,4.26,0.6839999999999999,0.11299999999999999,20.69,10.23,19.32,29.55,38.82,16.67,106.0,0.155,30.0,28.3,8.0,7.55,0.4639999999999999,0.092,28.32,14.65,14.19,28.83,32.6,19.86,80.0,0.306,21.0,26.25,14.0,17.5,0.946,0.178,29.1,11.96,17.18,29.14,20.34,23.6,145.0,0.185,50.0,34.48,20.0,13.79,0.611,0.118,37.97,16.01,17.43,33.44,22.96,29.94
745327,2024-06-12,2024,671218,R,650556,R,field_out,False,False,96.0,0.289,32.0,33.33,6.0,6.25,0.7110000000000001,0.08900000000000002,36.0,16.45,16.45,32.9,27.94,28.32,14.0,0.154,4.0,28.57,1.0,7.14,0.368,0.0,30.43,14.58,18.75,33.33,26.09,50.0,69.0,0.129,29.0,42.03,6.0,8.7,0.45899999999999996,0.11299999999999999,35.56,16.55,18.28,34.83,31.51,32.58,143.0,0.171,50.0,34.97,11.0,7.69,0.51,0.1,41.52,19.59,17.04,36.63,32.11,25.64
745327,2024-06-12,2024,572138,L,592426,R,single,False,False,129.0,0.229,29.0,22.48,19.0,14.73,0.6990000000000001,0.12899999999999998,25.5,10.22,18.84,29.06,19.29,21.8,79.0,0.13,19.0,24.05,9.0,11.39,0.402,0.0439999999999999,22.79,9.69,16.56,26.25,24.43,21.11,39.0,0.355,7.0,17.95,7.0,17.95,0.978,0.16100000000000003,26.39,12.34,14.94,27.27,32.18,15.56,45.0,0.263,12.0,26.67,6.0,13.33,0.7769999999999999,0.1579999999999999,35.14,16.15,16.15,32.3,28.21,26.09
745327,2024-06-12,2024,676694,R,592426,R,strikeout,True,False,134.0,0.266,32.0,23.88,7.0,5.22,0.722,0.14499999999999996,33.93,16.74,15.86,32.6,32.91,24.81,263.0,0.218,69.0,26.24,18.0,6.84,0.6459999999999999,0.146,25.89,12.2,16.27,28.47,24.49,21.12,46.0,0.214,13.0,28.26,3.0,6.52,0.529,0.048000000000000015,28.57,15.38,13.19,28.57,38.3,19.12,98.0,0.182,31.0,31.63,9.0,9.18,0.5720000000000001,0.125,28.42,13.83,13.83,27.66,29.59,25.2
745327,2024-06-12,2024,663550,L,592426,R,grounded_into_double_play,False,False,23.0,0.261,5.0,21.74,0.0,0.0,0.696,0.174,26.09,14.46,12.05,26.51,32.5,20.83,52.0,0.22,24.0,46.15,1.0,1.92,0.5710000000000001,0.12,50.0,32.99,6.09,39.09,46.53,37.5,39.0,0.355,7.0,17.95,7.0,17.95,0.978,0.16100000000000003,26.39,12.34,14.94,27.27,32.18,15.56,45.0,0.263,12.0,26.67,6.0,13.33,0.7769999999999999,0.1579999999999999,35.14,16.15,16.15,32.3,28.21,26.09
745327,2024-06-12,2024,672275,L,519151,R,field_out,False,False,132.0,0.279,23.0,17.42,17.0,12.88,0.8069999999999999,0.16199999999999998,20.78,9.65,13.48,23.13,25.18,15.65,240.0,0.203,70.0,29.17,13.0,5.42,0.5569999999999999,0.0989999999999999,26.61,12.88,17.55,30.43,28.93,23.81,63.0,0.281,23.0,36.51,4.0,6.35,0.6910000000000001,0.08699999999999997,30.58,13.7,19.26,32.96,28.99,24.73,138.0,0.217,38.0,27.54,6.0,4.35,0.649,0.178,31.54,15.68,16.63,32.31,35.45,25.0
745327,2024-06-12,2024,656305,R,519151,R,strikeout,True,False,209.0,0.201,53.0,25.36,17.0,8.13,0.617,0.138,27.14,12.65,18.97,31.62,27.18,19.7,471.0,0.223,139.0,29.51,52.0,11.04,0.722,0.179,31.15,13.33,17.79,31.11,18.61,21.72,57.0,0.327,12.0,21.05,5.0,8.77,0.974,0.26499999999999996,28.18,14.83,13.88,28.71,31.25,19.67,130.0,0.222,36.0,27.69,10.0,7.69,0.593,0.094,31.52,16.14,16.14,32.27,33.46,24.32
745327,2024-06-12,2024,624424,L,519151,R,strikeout,True,False,143.0,0.221,32.0,22.38,12.0,8.39,0.692,0.18400000000000002,24.54,11.62,16.2,27.82,28.77,19.16,368.0,0.245,77.0,20.92,50.0,13.59,0.753,0.155,23.68,10.56,15.02,25.57,23.23,16.81,63.0,0.281,23.0,36.51,4.0,6.35,0.6910000000000001,0.08699999999999997,30.58,13.7,19.26,32.96,28.99,24.73,138.0,0.217,38.0,27.54,6.0,4.35,0.649,0.178,31.54,15.68,16.63,32.31,35.45,25.0
745328,2024-06-12,2024,514888,R,657277,R,field_out,False,False,216.0,0.292,41.0,18.98,13.0,6.02,0.798,0.16800000000000004,19.95,10.22,17.08,27.3,38.19,18.64,297.0,0.322,55.0,18.52,32.0,10.77,0.941,0.218,19.43,8.47,19.0,27.48,31.81,17.74,169.0,0.258,31.0,18.34,7.0,4.14,0.617,0.063,17.38,7.4,22.05,29.46,27.3,15.05,421.0,0.268,90.0,21.38,16.0,3.8,0.712,0.1429999999999999,20.51,9.76,20.8,30.55,33.33,18.67
745328,2024-06-12,2024,608324,R,657277,R,single,False,False,185.0,0.255,33.0,17.84,16.0,8.65,0.76,0.181,15.81,7.05,19.11,26.15,24.19,14.29,508.0,0.282,67.0,13.19,65.0,12.8,0.8500000000000001,0.186,14.53,5.58,19.65,25.23,16.96,12.88,169.0,0.258,31.0,18.34,7.0,4.14,0.617,0.063,17.38,7.4,22.05,29.46,27.3,15.05,421.0,0.268,90.0,21.38,16.0,3.8,0.712,0.1429999999999999,20.51,9.76,20.8,30.55,33.33,18.67
745328,2024-06-12,2024,670541,L,657277,R,field_out,False,False,187.0,0.262,25.0,13.37,20.0,10.7,0.836,0.22599999999999998,19.35,8.78,16.69,25.48,30.46,13.81,322.0,0.292,55.0,17.08,49.0,15.22,1.044,0.333,21.1,8.88,15.37,24.25,23.99,15.32,185.0,0.254,42.0,22.7,13.0,7.03,0.659,0.10099999999999998,20.12,9.22,19.13,28.35,32.73,18.92,429.0,0.228,104.0,24.24,15.0,3.5,0.5960000000000001,0.109,21.2,9.96,20.05,30.01,31.36,21.62
745328,2024-06-12,2024,572138,L,657277,R,field_out,False,False,129.0,0.229,29.0,22.48,19.0,14.73,0.6990000000000001,0.12899999999999998,25.5,10.22,18.84,29.06,19.29,21.8,79.0,0.13,19.0,24.05,9.0,11.39,0.402,0.0439999999999999,22.79,9.69,16.56,26.25,24.43,21.11,185.0,0.254,42.0,22.7,13.0,7.03,0.659,0.10099999999999998,20.12,9.22,19.13,28.35,32.73,18.92,429.0,0.228,104.0,24.24,15.0,3.5,0.5960000000000001,0.109,21.2,9.96,20.05,30.01,31.36,21.62
745328,2024-06-12,2024,596103,R,664285,L,single,False,False,49.0,0.15,12.0,24.49,8.0,16.33,0.45599999999999996,0.0,29.55,12.32,16.59,28.91,18.75,17.65,147.0,0.288,40.0,27.21,13.0,8.84,0.8,0.151,27.27,11.44,19.76,31.2,22.15,21.51,223.0,0.23,44.0,19.73,16.0,7.17,0.633,0.11000000000000001,26.87,12.19,17.34,29.52,28.0,20.37,666.0,0.23,155.0,23.27,43.0,6.46,0.645,0.1289999999999999,25.9,12.29,16.56,28.85,28.37,25.66
745328,2024-06-12,2024,671218,R,664285,L,force_out,False,False,34.0,0.417,7.0,20.59,9.0,26.47,1.63,0.625,27.06,12.99,9.04,22.03,20.0,9.86,46.0,0.186,16.0,34.78,3.0,6.52,0.588,0.1629999999999999,32.35,16.67,13.64,30.3,30.21,23.53,223.0,0.23,44.0,19.73,16.0,7.17,0.633,0.11000000000000001,26.87,12.19,17.34,29.52,28.0,20.37,666.0,0.23,155.0,23.27,43.0,6.46,0.645,0.1289999999999999,25.9,12.29,16.56,28.85,28.37,25.66
745328,2024-06-12,2024,527038,R,664285,L,field_out,False,False,81.0,0.236,10.0,12.35,6.0,7.41,0.677,0.15300000000000002,12.77,5.68,19.56,25.24,28.07,10.87,182.0,0.303,28.0,15.38,14.0,7.69,0.886,0.224,17.07,7.55,21.16,28.71,29.47,12.17,223.0,0.23,44.0,19.73,16.0,7.17,0.633,0.11000000000000001,26.87,12.19,17.34,29.52,28.0,20.37,666.0,0.23,155.0,23.27,43.0,6.46,0.645,0.1289999999999999,25.9,12.29,16.56,28.85,28.37,25.66
745328,2024-06-12,2024,656305,R,664285,L,field_out,False,False,69.0,0.344,12.0,17.39,8.0,11.59,1.01,0.246,13.77,6.57,15.92,22.49,27.27,12.37,113.0,0.307,26.0,23.01,10.0,8.85,0.89,0.208,30.77,13.88,17.35,31.24,20.45,17.81,223.0,0.23,44.0,19.73,16.0,7.17,0.633,0.11000000000000001,26.87,12.19,17.34,29.52,28.0,20.37,666.0,0.23,155.0,23.27,43.0,6.46,0.645,0.1289999999999999,25.9,12.29,16.56,28.85,28.37,25.66
745328,2024-06-12,2024,665161,R,657277,R,strikeout,True,False,199.0,0.288,38.0,19.1,9.0,4.52,0.6910000000000001,0.07100000000000001,24.73,12.97,14.92,27.89,35.82,17.35,461.0,0.239,107.0,23.21,34.0,7.38,0.655,0.1089999999999999,30.36,15.5,13.92,29.42,35.52,20.7,169.0,0.258,31.0,18.34,7.0,4.14,0.617,0.063,17.38,7.4,22.05,29.46,27.3,15.05,421.0,0.268,90.0,21.38,16.0,3.8,0.712,0.1429999999999999,20.51,9.76,20.8,30.55,33.33,18.67
745328,2024-06-12,2024,643289,R,657277,R,field_out,False,False,110.0,0.298,8.0,7.27,4.0,3.64,0.7210000000000001,0.09600000000000003,16.42,9.62,12.24,21.87,42.56,8.6,375.0,0.263,58.0,15.47,13.0,3.47,0.6779999999999999,0.124,19.01,10.95,13.18,24.13,40.64,15.68,169.0,0.258,31.0,18.34,7.0,4.14,0.617,0.063,17.38,7.4,22.05,29.46,27.3,15.05,421.0,0.268,90.0,21.38,16.0,3.8,0.712,0.1429999999999999,20.51,9.76,20.8,30.55,33.33,18.67
745328,2024-06-12,2024,605170,L,657277,R,strikeout,True,False,85.0,0.213,12.0,14.12,5.0,5.88,0.687,0.19999999999999998,20.0,9.47,17.54,27.02,26.12,19.67,168.0,0.262,33.0,19.64,15.0,8.93,0.745,0.1539999999999999,19.57,9.05,17.76,26.8,23.55,20.0,185.0,0.254,42.0,22.7,13.0,7.03,0.659,0.10099999999999998,20.12,9.22,19.13,28.35,32.73,18.92,429.0,0.228,104.0,24.24,15.0,3.5,0.5960000000000001,0.109,21.2,9.96,20.05,30.01,31.36,21.62
745328,2024-06-12,2024,672275,R,664285,L,field_out,False,False,27.0,0.28,8.0,29.63,1.0,3.7,0.6559999999999999,0.07999999999999996,25.0,11.65,19.42,31.07,16.28,29.63,113.0,0.298,30.0,26.55,8.0,7.08,0.829,0.183,25.26,10.67,21.33,32.0,21.36,22.39,223.0,0.23,44.0,19.73,16.0,7.17,0.633,0.11000000000000001,26.87,12.19,17.34,29.52,28.0,20.37,666.0,0.23,155.0,23.27,43.0,6.46,0.645,0.1289999999999999,25.9,12.29,16.56,28.85,28.37,25.66
745328,2024-06-12,2024,624585,R,664285,L,walk,False,True,63.0,0.232,15.0,23.81,5.0,7.94,0.763,0.214,30.08,14.62,13.44,28.06,31.25,19.48,135.0,0.277,30.0,22.22,20.0,14.81,1.081,0.4109999999999999,26.29,11.6,16.16,27.76,25.27,18.75,223.0,0.23,44.0,19.73,16.0,7.17,0.633,0.11000000000000001,26.87,12.19,17.34,29.52,28.0,20.37,666.0,0.23,155.0,23.27,43.0,6.46,0.645,0.1289999999999999,25.9,12.29,16.56,28.85,28.37,25.66
745328,2024-06-12,2024,689172,L,664285,L,single,False,False,12.0,0.417,3.0,25.0,0.0,0.0,1.084,0.25000000000000006,25.0,13.04,13.04,26.09,36.36,20.0,25.0,0.261,10.0,40.0,1.0,4.0,0.6399999999999999,0.0869999999999999,45.83,23.4,15.96,39.36,36.96,34.48,31.0,0.321,6.0,19.35,2.0,6.45,0.887,0.179,15.91,6.31,21.62,27.93,18.18,20.0,142.0,0.22,45.0,31.69,14.0,9.86,0.7070000000000001,0.178,30.62,13.86,16.14,30.0,31.17,27.44
745328,2024-06-12,2024,642731,R,664285,L,grounded_into_double_play,False,False,65.0,0.23,11.0,16.92,3.0,4.62,0.639,0.147,20.0,10.6,17.51,28.11,35.78,19.64,150.0,0.257,36.0,24.0,7.0,4.67,0.643,0.079,21.99,10.73,18.17,28.89,37.46,20.57,223.0,0.23,44.0,19.73,16.0,7.17,0.633,0.11000000000000001,26.87,12.19,17.34,29.52,28.0,20.37,666.0,0.23,155.0,23.27,43.0,6.46,0.645,0.1289999999999999,25.9,12.29,16.56,28.85,28.37,25.66
745328,2024-06-12,2024,547989,R,657277,R,field_out,False,False,80.0,0.132,23.0,28.75,2.0,2.5,0.373,0.07899999999999999,32.53,16.93,18.18,35.11,36.54,21.7,416.0,0.238,94.0,22.6,27.0,6.49,0.653,0.119,29.38,14.86,16.49,31.35,37.27,18.69,169.0,0.258,31.0,18.34,7.0,4.14,0.617,0.063,17.38,7.4,22.05,29.46,27.3,15.05,421.0,0.268,90.0,21.38,16.0,3.8,0.712,0.1429999999999999,20.51,9.76,20.8,30.55,33.33,18.67
745328,2024-06-12,2024,663550,L,657277,R,single,False,False,23.0,0.261,5.0,21.74,0.0,0.0,0.696,0.174,26.09,14.46,12.05,26.51,32.5,20.83,52.0,0.22,24.0,46.15,1.0,1.92,0.5710000000000001,0.12,50.0,32.99,6.09,39.09,46.53,37.5,185.0,0.254,42.0,22.7,13.0,7.03,0.659,0.10099999999999998,20.12,9.22,19.13,28.35,32.73,18.92,429.0,0.228,104.0,24.24,15.0,3.5,0.5960000000000001,0.109,21.2,9.96,20.05,30.01,31.36,21.62
745328,2024-06-12,2024,514888,R,657277,R,field_out,False,False,216.0,0.292,41.0,18.98,13.0,6.02,0.798,0.16800000000000004,19.95,10.22,17.08,27.3,38.19,18.64,297.0,0.322,55.0,18.52,32.0,10.77,0.941,0.218,19.43,8.47,19.0,27.48,31.81,17.74,169.0,0.258,31.0,18.34,7.0,4.14,0.617,0.063,17.38,7.4,22.05,29.46,27.3,15.05,421.0,0.268,90.0,21.38,16.0,3.8,0.712,0.1429999999999999,20.51,9.76,20.8,30.55,33.33,18.67
745328,2024-06-12,2024,573262,L,664285,L,single,False,False,25.0,0.19,8.0,32.0,3.0,12.0,0.606,0.09599999999999997,36.36,15.38,13.46,28.85,22.22,38.1,85.0,0.203,24.0,28.24,5.0,5.88,0.5920000000000001,0.139,23.31,9.57,22.84,32.41,18.67,26.37,31.0,0.321,6.0,19.35,2.0,6.45,0.887,0.179,15.91,6.31,21.62,27.93,18.18,20.0,142.0,0.22,45.0,31.69,14.0,9.86,0.7070000000000001,0.178,30.62,13.86,16.14,30.0,31.17,27.44
745328,2024-06-12,2024,596103,R,664285,L,single,False,False,49.0,0.15,12.0,24.49,8.0,16.33,0.45599999999999996,0.0,29.55,12.32,16.59,28.91,18.75,17.65,147.0,0.288,40.0,27.21,13.0,8.84,0.8,0.151,27.27,11.44,19.76,31.2,22.15,21.51,223.0,0.23,44.0,19.73,16.0,7.17,0.633,0.11000000000000001,26.87,12.19,17.34,29.52,28.0,20.37,666.0,0.23,155.0,23.27,43.0,6.46,0.645,0.1289999999999999,25.9,12.29,16.56,28.85,28.37,25.66
745328,2024-06-12,2024,671218,R,664285,L,field_out,False,False,34.0,0.417,7.0,20.59,9.0,26.47,1.63,0.625,27.06,12.99,9.04,22.03,20.0,9.86,46.0,0.186,16.0,34.78,3.0,6.52,0.588,0.1629999999999999,32.35,16.67,13.64,30.3,30.21,23.53,223.0,0.23,44.0,19.73,16.0,7.17,0.633,0.11000000000000001,26.87,12.19,17.34,29.52,28.0,20.37,666.0,0.23,155.0,23.27,43.0,6.46,0.645,0.1289999999999999,25.9,12.29,16.56,28.85,28.37,25.66
745328,2024-06-12,2024,527038,R,664285,L,sac_fly,False,False,81.0,0.236,10.0,12.35,6.0,7.41,0.677,0.15300000000000002,12.77,5.68,19.56,25.24,28.07,10.87,182.0,0.303,28.0,15.38,14.0,7.69,0.886,0.224,17.07,7.55,21.16,28.71,29.47,12.17,223.0,0.23,44.0,19.73,16.0,7.17,0.633,0.11000000000000001,26.87,12.19,17.34,29.52,28.0,20.37,666.0,0.23,155.0,23.27,43.0,6.46,0.645,0.1289999999999999,25.9,12.29,16.56,28.85,28.37,25.66
745328,2024-06-12,2024,656305,R,664285,L,double,False,False,69.0,0.344,12.0,17.39,8.0,11.59,1.01,0.246,13.77,6.57,15.92,22.49,27.27,12.37,113.0,0.307,26.0,23.01,10.0,8.85,0.89,0.208,30.77,13.88,17.35,31.24,20.45,17.81,223.0,0.23,44.0,19.73,16.0,7.17,0.633,0.11000000000000001,26.87,12.19,17.34,29.52,28.0,20.37,666.0,0.23,155.0,23.27,43.0,6.46,0.645,0.1289999999999999,25.9,12.29,16.56,28.85,28.37,25.66
745328,2024-06-12,2024,672275,R,664285,L,field_out,False,False,27.0,0.28,8.0,29.63,1.0,3.7,0.6559999999999999,0.07999999999999996,25.0,11.65,19.42,31.07,16.28,29.63,113.0,0.298,30.0,26.55,8.0,7.08,0.829,0.183,25.26,10.67,21.33,32.0,21.36,22.39,223.0,0.23,44.0,19.73,16.0,7.17,0.633,0.11000000000000001,26.87,12.19,17.34,29.52,28.0,20.37,666.0,0.23,155.0,23.27,43.0,6.46,0.645,0.1289999999999999,25.9,12.29,16.56,28.85,28.37,25.66
745328,2024-06-12,2024,608324,R,657277,R,field_out,False,False,185.0,0.255,33.0,17.84,16.0,8.65,0.76,0.181,15.81,7.05,19.11,26.15,24.19,14.29,508.0,0.282,67.0,13.19,65.0,12.8,0.8500000000000001,0.186,14.53,5.58,19.65,25.23,16.96,12.88,169.0,0.258,31.0,18.34,7.0,4.14,0.617,0.063,17.38,7.4,22.05,29.46,27.3,15.05,421.0,0.268,90.0,21.38,16.0,3.8,0.712,0.1429999999999999,20.51,9.76,20.8,30.55,33.33,18.67
745328,2024-06-12,2024,670541,L,657277,R,double,False,False,187.0,0.262,25.0,13.37,20.0,10.7,0.836,0.22599999999999998,19.35,8.78,16.69,25.48,30.46,13.81,322.0,0.292,55.0,17.08,49.0,15.22,1.044,0.333,21.1,8.88,15.37,24.25,23.99,15.32,185.0,0.254,42.0,22.7,13.0,7.03,0.659,0.10099999999999998,20.12,9.22,19.13,28.35,32.73,18.92,429.0,0.228,104.0,24.24,15.0,3.5,0.5960000000000001,0.109,21.2,9.96,20.05,30.01,31.36,21.62
745328,2024-06-12,2024,572138,L,657277,R,field_out,False,False,129.0,0.229,29.0,22.48,19.0,14.73,0.6990000000000001,0.12899999999999998,25.5,10.22,18.84,29.06,19.29,21.8,79.0,0.13,19.0,24.05,9.0,11.39,0.402,0.0439999999999999,22.79,9.69,16.56,26.25,24.43,21.11,185.0,0.254,42.0,22.7,13.0,7.03,0.659,0.10099999999999998,20.12,9.22,19.13,28.35,32.73,18.92,429.0,0.228,104.0,24.24,15.0,3.5,0.5960000000000001,0.109,21.2,9.96,20.05,30.01,31.36,21.62
745328,2024-06-12,2024,665161,R,657277,R,single,False,False,199.0,0.288,38.0,19.1,9.0,4.52,0.6910000000000001,0.07100000000000001,24.73,12.97,14.92,27.89,35.82,17.35,461.0,0.239,107.0,23.21,34.0,7.38,0.655,0.1089999999999999,30.36,15.5,13.92,29.42,35.52,20.7,169.0,0.258,31.0,18.34,7.0,4.14,0.617,0.063,17.38,7.4,22.05,29.46,27.3,15.05,421.0,0.268,90.0,21.38,16.0,3.8,0.712,0.1429999999999999,20.51,9.76,20.8,30.55,33.33,18.67
745328,2024-06-12,2024,643289,R,657277,R,single,False,False,110.0,0.298,8.0,7.27,4.0,3.64,0.7210000000000001,0.09600000000000003,16.42,9.62,12.24,21.87,42.56,8.6,375.0,0.263,58.0,15.47,13.0,3.47,0.6779999999999999,0.124,19.01,10.95,13.18,24.13,40.64,15.68,169.0,0.258,31.0,18.34,7.0,4.14,0.617,0.063,17.38,7.4,22.05,29.46,27.3,15.05,421.0,0.268,90.0,21.38,16.0,3.8,0.712,0.1429999999999999,20.51,9.76,20.8,30.55,33.33,18.67
745328,2024-06-12,2024,605170,L,657277,R,strikeout,True,False,85.0,0.213,12.0,14.12,5.0,5.88,0.687,0.19999999999999998,20.0,9.47,17.54,27.02,26.12,19.67,168.0,0.262,33.0,19.64,15.0,8.93,0.745,0.1539999999999999,19.57,9.05,17.76,26.8,23.55,20.0,185.0,0.254,42.0,22.7,13.0,7.03,0.659,0.10099999999999998,20.12,9.22,19.13,28.35,32.73,18.92,429.0,0.228,104.0,24.24,15.0,3.5,0.5960000000000001,0.109,21.2,9.96,20.05,30.01,31.36,21.62
745328,2024-06-12,2024,624585,R,664285,L,single,False,False,63.0,0.232,15.0,23.81,5.0,7.94,0.763,0.214,30.08,14.62,13.44,28.06,31.25,19.48,135.0,0.277,30.0,22.22,20.0,14.81,1.081,0.4109999999999999,26.29,11.6,16.16,27.76,25.27,18.75,223.0,0.23,44.0,19.73,16.0,7.17,0.633,0.11000000000000001,26.87,12.19,17.34,29.52,28.0,20.37,666.0,0.23,155.0,23.27,43.0,6.46,0.645,0.1289999999999999,25.9,12.29,16.56,28.85,28.37,25.66
745328,2024-06-12,2024,689172,L,664285,L,double,False,False,12.0,0.417,3.0,25.0,0.0,0.0,1.084,0.25000000000000006,25.0,13.04,13.04,26.09,36.36,20.0,25.0,0.261,10.0,40.0,1.0,4.0,0.6399999999999999,0.0869999999999999,45.83,23.4,15.96,39.36,36.96,34.48,31.0,0.321,6.0,19.35,2.0,6.45,0.887,0.179,15.91,6.31,21.62,27.93,18.18,20.0,142.0,0.22,45.0,31.69,14.0,9.86,0.7070000000000001,0.178,30.62,13.86,16.14,30.0,31.17,27.44
745328,2024-06-12,2024,642731,R,664285,L,strikeout,True,False,65.0,0.23,11.0,16.92,3.0,4.62,0.639,0.147,20.0,10.6,17.51,28.11,35.78,19.64,150.0,0.257,36.0,24.0,7.0,4.67,0.643,0.079,21.99,10.73,18.17,28.89,37.46,20.57,223.0,0.23,44.0,19.73,16.0,7.17,0.633,0.11000000000000001,26.87,12.19,17.34,29.52,28.0,20.37,666.0,0.23,155.0,23.27,43.0,6.46,0.645,0.1289999999999999,25.9,12.29,16.56,28.85,28.37,25.66
745328,2024-06-12,2024,573262,L,664285,L,hit_by_pitch,False,False,25.0,0.19,8.0,32.0,3.0,12.0,0.606,0.09599999999999997,36.36,15.38,13.46,28.85,22.22,38.1,85.0,0.203,24.0,28.24,5.0,5.88,0.5920000000000001,0.139,23.31,9.57,22.84,32.41,18.67,26.37,31.0,0.321,6.0,19.35,2.0,6.45,0.887,0.179,15.91,6.31,21.62,27.93,18.18,20.0,142.0,0.22,45.0,31.69,14.0,9.86,0.7070000000000001,0.178,30.62,13.86,16.14,30.0,31.17,27.44
745328,2024-06-12,2024,596103,R,664285,L,single,False,False,49.0,0.15,12.0,24.49,8.0,16.33,0.45599999999999996,0.0,29.55,12.32,16.59,28.91,18.75,17.65,147.0,0.288,40.0,27.21,13.0,8.84,0.8,0.151,27.27,11.44,19.76,31.2,22.15,21.51,223.0,0.23,44.0,19.73,16.0,7.17,0.633,0.11000000000000001,26.87,12.19,17.34,29.52,28.0,20.37,666.0,0.23,155.0,23.27,43.0,6.46,0.645,0.1289999999999999,25.9,12.29,16.56,28.85,28.37,25.66
745328,2024-06-12,2024,671218,R,664285,L,sac_fly,False,False,34.0,0.417,7.0,20.59,9.0,26.47,1.63,0.625,27.06,12.99,9.04,22.03,20.0,9.86,46.0,0.186,16.0,34.78,3.0,6.52,0.588,0.1629999999999999,32.35,16.67,13.64,30.3,30.21,23.53,223.0,0.23,44.0,19.73,16.0,7.17,0.633,0.11000000000000001,26.87,12.19,17.34,29.52,28.0,20.37,666.0,0.23,155.0,23.27,43.0,6.46,0.645,0.1289999999999999,25.9,12.29,16.56,28.85,28.37,25.66
745328,2024-06-12,2024,527038,R,664285,L,field_out,False,False,81.0,0.236,10.0,12.35,6.0,7.41,0.677,0.15300000000000002,12.77,5.68,19.56,25.24,28.07,10.87,182.0,0.303,28.0,15.38,14.0,7.69,0.886,0.224,17.07,7.55,21.16,28.71,29.47,12.17,223.0,0.23,44.0,19.73,16.0,7.17,0.633,0.11000000000000001,26.87,12.19,17.34,29.52,28.0,20.37,666.0,0.23,155.0,23.27,43.0,6.46,0.645,0.1289999999999999,25.9,12.29,16.56,28.85,28.37,25.66
745328,2024-06-12,2024,547989,R,657277,R,field_out,False,False,80.0,0.132,23.0,28.75,2.0,2.5,0.373,0.07899999999999999,32.53,16.93,18.18,35.11,36.54,21.7,416.0,0.238,94.0,22.6,27.0,6.49,0.653,0.119,29.38,14.86,16.49,31.35,37.27,18.69,169.0,0.258,31.0,18.34,7.0,4.14,0.617,0.063,17.38,7.4,22.05,29.46,27.3,15.05,421.0,0.268,90.0,21.38,16.0,3.8,0.712,0.1429999999999999,20.51,9.76,20.8,30.55,33.33,18.67
745328,2024-06-12,2024,663550,L,657277,R,strikeout,True,False,23.0,0.261,5.0,21.74,0.0,0.0,0.696,0.174,26.09,14.46,12.05,26.51,32.5,20.83,52.0,0.22,24.0,46.15,1.0,1.92,0.5710000000000001,0.12,50.0,32.99,6.09,39.09,46.53,37.5,185.0,0.254,42.0,22.7,13.0,7.03,0.659,0.10099999999999998,20.12,9.22,19.13,28.35,32.73,18.92,429.0,0.228,104.0,24.24,15.0,3.5,0.5960000000000001,0.109,21.2,9.96,20.05,30.01,31.36,21.62
745328,2024-06-12,2024,514888,R,657277,R,field_out,False,False,216.0,0.292,41.0,18.98,13.0,6.02,0.798,0.16800000000000004,19.95,10.22,17.08,27.3,38.19,18.64,297.0,0.322,55.0,18.52,32.0,10.77,0.941,0.218,19.43,8.47,19.0,27.48,31.81,17.74,169.0,0.258,31.0,18.34,7.0,4.14,0.617,0.063,17.38,7.4,22.05,29.46,27.3,15.05,421.0,0.268,90.0,21.38,16.0,3.8,0.712,0.1429999999999999,20.51,9.76,20.8,30.55,33.33,18.67
745328,2024-06-12,2024,656305,R,661527,R,field_out,False,False,209.0,0.201,53.0,25.36,17.0,8.13,0.617,0.138,27.14,12.65,18.97,31.62,27.18,19.7,471.0,0.223,139.0,29.51,52.0,11.04,0.722,0.179,31.15,13.33,17.79,31.11,18.61,21.72,75.0,0.176,14.0,18.67,5.0,6.67,0.562,0.133,26.28,12.59,17.83,30.42,30.07,15.73,113.0,0.221,34.0,30.09,3.0,2.65,0.687,0.183,25.62,12.06,18.56,30.63,28.44,23.61
745328,2024-06-12,2024,672275,L,661527,R,single,False,False,132.0,0.279,23.0,17.42,17.0,12.88,0.8069999999999999,0.16199999999999998,20.78,9.65,13.48,23.13,25.18,15.65,240.0,0.203,70.0,29.17,13.0,5.42,0.5569999999999999,0.0989999999999999,26.61,12.88,17.55,30.43,28.93,23.81,58.0,0.216,4.0,6.9,7.0,12.07,0.702,0.17600000000000002,20.88,8.48,14.73,23.21,17.09,8.33,82.0,0.333,11.0,13.41,16.0,19.51,0.948,0.1519999999999999,25.17,10.82,14.04,24.85,24.73,10.58
745328,2024-06-12,2024,624585,R,661527,R,walk,False,True,162.0,0.2,36.0,22.22,15.0,9.26,0.5960000000000001,0.124,27.74,13.26,15.06,28.31,28.57,21.18,446.0,0.242,111.0,24.89,46.0,10.31,0.788,0.22,27.97,12.22,16.15,28.37,25.71,21.19,75.0,0.176,14.0,18.67,5.0,6.67,0.562,0.133,26.28,12.59,17.83,30.42,30.07,15.73,113.0,0.221,34.0,30.09,3.0,2.65,0.687,0.183,25.62,12.06,18.56,30.63,28.44,23.61
745328,2024-06-12,2024,689172,L,661527,R,field_out,False,False,47.0,0.273,9.0,19.15,2.0,4.26,0.6839999999999999,0.11299999999999999,20.69,10.23,19.32,29.55,38.82,16.67,106.0,0.155,30.0,28.3,8.0,7.55,0.4639999999999999,0.092,28.32,14.65,14.19,28.83,32.6,19.86,58.0,0.216,4.0,6.9,7.0,12.07,0.702,0.17600000000000002,20.88,8.48,14.73,23.21,17.09,8.33,82.0,0.333,11.0,13.41,16.0,19.51,0.948,0.1519999999999999,25.17,10.82,14.04,24.85,24.73,10.58
745328,2024-06-12,2024,642731,R,661527,R,field_out,False,False,195.0,0.242,40.0,20.51,5.0,2.56,0.67,0.15600000000000003,19.65,9.67,19.91,29.58,35.78,20.0,380.0,0.276,84.0,22.11,15.0,3.95,0.767,0.172,21.44,11.24,17.01,28.25,38.17,20.1,75.0,0.176,14.0,18.67,5.0,6.67,0.562,0.133,26.28,12.59,17.83,30.42,30.07,15.73,113.0,0.221,34.0,30.09,3.0,2.65,0.687,0.183,25.62,12.06,18.56,30.63,28.44,23.61
745328,2024-06-12,2024,608324,R,657277,R,single,False,False,185.0,0.255,33.0,17.84,16.0,8.65,0.76,0.181,15.81,7.05,19.11,26.15,24.19,14.29,508.0,0.282,67.0,13.19,65.0,12.8,0.8500000000000001,0.186,14.53,5.58,19.65,25.23,16.96,12.88,169.0,0.258,31.0,18.34,7.0,4.14,0.617,0.063,17.38,7.4,22.05,29.46,27.3,15.05,421.0,0.268,90.0,21.38,16.0,3.8,0.712,0.1429999999999999,20.51,9.76,20.8,30.55,33.33,18.67
745328,2024-06-12,2024,670541,L,657277,R,home_run,False,False,187.0,0.262,25.0,13.37,20.0,10.7,0.836,0.22599999999999998,19.35,8.78,16.69,25.48,30.46,13.81,322.0,0.292,55.0,17.08,49.0,15.22,1.044,0.333,21.1,8.88,15.37,24.25,23.99,15.32,185.0,0.254,42.0,22.7,13.0,7.03,0.659,0.10099999999999998,20.12,9.22,19.13,28.35,32.73,18.92,429.0,0.228,104.0,24.24,15.0,3.5,0.5960000000000001,0.109,21.2,9.96,20.05,30.01,31.36,21.62
745328,2024-06-12,2024,572138,L,657277,R,strikeout,True,False,129.0,0.229,29.0,22.48,19.0,14.73,0.6990000000000001,0.12899999999999998,25.5,10.22,18.84,29.06,19.29,21.8,79.0,0.13,19.0,24.05,9.0,11.39,0.402,0.0439999999999999,22.79,9.69,16.56,26.25,24.43,21.11,185.0,0.254,42.0,22.7,13.0,7.03,0.659,0.10099999999999998,20.12,9.22,19.13,28.35,32.73,18.92,429.0,0.228,104.0,24.24,15.0,3.5,0.5960000000000001,0.109,21.2,9.96,20.05,30.01,31.36,21.62
745328,2024-06-12,2024,665161,R,657277,R,field_out,False,False,199.0,0.288,38.0,19.1,9.0,4.52,0.6910000000000001,0.07100000000000001,24.73,12.97,14.92,27.89,35.82,17.35,461.0,0.239,107.0,23.21,34.0,7.38,0.655,0.1089999999999999,30.36,15.5,13.92,29.42,35.52,20.7,169.0,0.258,31.0,18.34,7.0,4.14,0.617,0.063,17.38,7.4,22.05,29.46,27.3,15.05,421.0,0.268,90.0,21.38,16.0,3.8,0.712,0.1429999999999999,20.51,9.76,20.8,30.55,33.33,18.67
745328,2024-06-12,2024,643289,R,657277,R,field_out,False,False,110.0,0.298,8.0,7.27,4.0,3.64,0.7210000000000001,0.09600000000000003,16.42,9.62,12.24,21.87,42.56,8.6,375.0,0.263,58.0,15.47,13.0,3.47,0.6779999999999999,0.124,19.01,10.95,13.18,24.13,40.64,15.68,169.0,0.258,31.0,18.34,7.0,4.14,0.617,0.063,17.38,7.4,22.05,29.46,27.3,15.05,421.0,0.268,90.0,21.38,16.0,3.8,0.712,0.1429999999999999,20.51,9.76,20.8,30.55,33.33,18.67
745328,2024-06-12,2024,573262,L,661527,R,field_out,False,False,168.0,0.216,48.0,28.57,13.0,7.74,0.6890000000000001,0.19599999999999998,25.74,10.58,19.13,29.72,18.47,22.22,296.0,0.243,75.0,25.34,40.0,13.51,0.831,0.235,23.69,9.65,18.67,28.32,20.68,19.69,58.0,0.216,4.0,6.9,7.0,12.07,0.702,0.17600000000000002,20.88,8.48,14.73,23.21,17.09,8.33,82.0,0.333,11.0,13.41,16.0,19.51,0.948,0.1519999999999999,25.17,10.82,14.04,24.85,24.73,10.58
745328,2024-06-12,2024,596103,R,661527,R,field_error,False,False,9.0,0.286,3.0,33.33,1.0,11.11,0.73,0.0,36.36,13.33,23.33,36.67,15.38,30.0,60.0,0.226,18.0,30.0,7.0,11.67,0.619,0.0759999999999999,36.36,15.52,18.1,33.62,22.5,28.12,75.0,0.176,14.0,18.67,5.0,6.67,0.562,0.133,26.28,12.59,17.83,30.42,30.07,15.73,113.0,0.221,34.0,30.09,3.0,2.65,0.687,0.183,25.62,12.06,18.56,30.63,28.44,23.61
745328,2024-06-12,2024,671218,R,661527,R,field_out,False,False,96.0,0.289,32.0,33.33,6.0,6.25,0.7110000000000001,0.08900000000000002,36.0,16.45,16.45,32.9,27.94,28.32,14.0,0.154,4.0,28.57,1.0,7.14,0.368,0.0,30.43,14.58,18.75,33.33,26.09,50.0,75.0,0.176,14.0,18.67,5.0,6.67,0.562,0.133,26.28,12.59,17.83,30.42,30.07,15.73,113.0,0.221,34.0,30.09,3.0,2.65,0.687,0.183,25.62,12.06,18.56,30.63,28.44,23.61
745328,2024-06-12,2024,527038,R,661527,R,strikeout,True,False,110.0,0.211,15.0,13.64,11.0,10.0,0.605,0.094,15.85,6.44,24.22,30.67,26.92,11.19,273.0,0.271,35.0,12.82,27.0,9.89,0.849,0.2249999999999999,14.98,6.76,19.32,26.08,27.75,9.09,75.0,0.176,14.0,18.67,5.0,6.67,0.562,0.133,26.28,12.59,17.83,30.42,30.07,15.73,113.0,0.221,34.0,30.09,3.0,2.65,0.687,0.183,25.62,12.06,18.56,30.63,28.44,23.61
745328,2024-06-12,2024,605170,L,676254,R,single,False,False,85.0,0.213,12.0,14.12,5.0,5.88,0.687,0.19999999999999998,20.0,9.47,17.54,27.02,26.12,19.67,168.0,0.262,33.0,19.64,15.0,8.93,0.745,0.1539999999999999,19.57,9.05,17.76,26.8,23.55,20.0,58.0,0.2,20.0,34.48,2.0,3.45,0.5680000000000001,0.127,35.09,17.17,17.6,34.76,30.28,26.67,96.0,0.221,29.0,30.21,7.0,7.29,0.711,0.1979999999999999,31.22,14.6,18.81,33.42,31.25,19.72
745328,2024-06-12,2024,547989,R,676254,R,grounded_into_double_play,False,False,80.0,0.132,23.0,28.75,2.0,2.5,0.373,0.07899999999999999,32.53,16.93,18.18,35.11,36.54,21.7,416.0,0.238,94.0,22.6,27.0,6.49,0.653,0.119,29.38,14.86,16.49,31.35,37.27,18.69,78.0,0.217,25.0,32.05,4.0,5.13,0.556,0.04400000000000001,27.21,12.13,22.62,34.75,31.94,24.27,168.0,0.286,49.0,29.17,17.0,10.12,0.78,0.136,32.45,14.5,19.97,34.47,33.33,24.5
745328,2024-06-12,2024,663550,L,676254,R,field_out,False,False,23.0,0.261,5.0,21.74,0.0,0.0,0.696,0.174,26.09,14.46,12.05,26.51,32.5,20.83,52.0,0.22,24.0,46.15,1.0,1.92,0.5710000000000001,0.12,50.0,32.99,6.09,39.09,46.53,37.5,58.0,0.2,20.0,34.48,2.0,3.45,0.5680000000000001,0.127,35.09,17.17,17.6,34.76,30.28,26.67,96.0,0.221,29.0,30.21,7.0,7.29,0.711,0.1979999999999999,31.22,14.6,18.81,33.42,31.25,19.72
745328,2024-06-12,2024,656305,R,681869,R,strikeout,True,False,209.0,0.201,53.0,25.36,17.0,8.13,0.617,0.138,27.14,12.65,18.97,31.62,27.18,19.7,471.0,0.223,139.0,29.51,52.0,11.04,0.722,0.179,31.15,13.33,17.79,31.11,18.61,21.72,29.0,0.333,5.0,17.24,3.0,10.34,0.872,0.125,18.75,8.04,15.18,23.21,14.0,20.83,17.0,0.286,4.0,23.53,2.0,11.76,0.71,0.071,35.14,19.12,11.76,30.88,28.57,18.18
745328,2024-06-12,2024,672275,L,681869,R,strikeout,True,False,132.0,0.279,23.0,17.42,17.0,12.88,0.8069999999999999,0.16199999999999998,20.78,9.65,13.48,23.13,25.18,15.65,240.0,0.203,70.0,29.17,13.0,5.42,0.5569999999999999,0.0989999999999999,26.61,12.88,17.55,30.43,28.93,23.81,40.0,0.194,10.0,25.0,4.0,10.0,0.553,0.08400000000000002,41.33,20.13,15.58,35.71,29.27,27.03,25.0,0.348,7.0,28.0,1.0,4.0,1.009,0.261,22.0,10.58,13.46,24.04,32.76,25.0
745328,2024-06-12,2024,624585,R,681869,R,single,False,False,162.0,0.2,36.0,22.22,15.0,9.26,0.5960000000000001,0.124,27.74,13.26,15.06,28.31,28.57,21.18,446.0,0.242,111.0,24.89,46.0,10.31,0.788,0.22,27.97,12.22,16.15,28.37,25.71,21.19,29.0,0.333,5.0,17.24,3.0,10.34,0.872,0.125,18.75,8.04,15.18,23.21,14.0,20.83,17.0,0.286,4.0,23.53,2.0,11.76,0.71,0.071,35.14,19.12,11.76,30.88,28.57,18.18
745328,2024-06-12,2024,689172,L,681869,R,strikeout,True,False,47.0,0.273,9.0,19.15,2.0,4.26,0.6839999999999999,0.11299999999999999,20.69,10.23,19.32,29.55,38.82,16.67,106.0,0.155,30.0,28.3,8.0,7.55,0.4639999999999999,0.092,28.32,14.65,14.19,28.83,32.6,19.86,40.0,0.194,10.0,25.0,4.0,10.0,0.553,0.08400000000000002,41.33,20.13,15.58,35.71,29.27,27.03,25.0,0.348,7.0,28.0,1.0,4.0,1.009,0.261,22.0,10.58,13.46,24.04,32.76,25.0
745328,2024-06-12,2024,514888,R,643511,R,single,False,False,216.0,0.292,41.0,18.98,13.0,6.02,0.798,0.16800000000000004,19.95,10.22,17.08,27.3,38.19,18.64,297.0,0.322,55.0,18.52,32.0,10.77,0.941,0.218,19.43,8.47,19.0,27.48,31.81,17.74,73.0,0.219,15.0,20.55,0.0,0.0,0.575,0.13699999999999998,20.0,11.26,16.02,27.27,34.34,24.19,173.0,0.262,28.0,16.18,10.0,5.78,0.733,0.1629999999999999,23.75,12.04,17.27,29.32,30.54,16.37
745328,2024-06-12,2024,608324,R,643511,R,strikeout,True,False,185.0,0.255,33.0,17.84,16.0,8.65,0.76,0.181,15.81,7.05,19.11,26.15,24.19,14.29,508.0,0.282,67.0,13.19,65.0,12.8,0.8500000000000001,0.186,14.53,5.58,19.65,25.23,16.96,12.88,73.0,0.219,15.0,20.55,0.0,0.0,0.575,0.13699999999999998,20.0,11.26,16.02,27.27,34.34,24.19,173.0,0.262,28.0,16.18,10.0,5.78,0.733,0.1629999999999999,23.75,12.04,17.27,29.32,30.54,16.37
745328,2024-06-12,2024,670541,L,643511,R,grounded_into_double_play,False,False,187.0,0.262,25.0,13.37,20.0,10.7,0.836,0.22599999999999998,19.35,8.78,16.69,25.48,30.46,13.81,322.0,0.292,55.0,17.08,49.0,15.22,1.044,0.333,21.1,8.88,15.37,24.25,23.99,15.32,56.0,0.265,7.0,12.5,1.0,1.79,0.6739999999999999,0.08199999999999996,14.15,7.58,18.69,26.26,25.68,11.48,136.0,0.2,32.0,23.53,9.0,6.62,0.5569999999999999,0.0919999999999999,20.7,10.56,18.33,28.88,27.6,21.33
745328,2024-06-12,2024,642731,R,681869,R,field_out,False,False,195.0,0.242,40.0,20.51,5.0,2.56,0.67,0.15600000000000003,19.65,9.67,19.91,29.58,35.78,20.0,380.0,0.276,84.0,22.11,15.0,3.95,0.767,0.172,21.44,11.24,17.01,28.25,38.17,20.1,29.0,0.333,5.0,17.24,3.0,10.34,0.872,0.125,18.75,8.04,15.18,23.21,14.0,20.83,17.0,0.286,4.0,23.53,2.0,11.76,0.71,0.071,35.14,19.12,11.76,30.88,28.57,18.18
745328,2024-06-12,2024,573262,L,681869,R,walk,False,True,168.0,0.216,48.0,28.57,13.0,7.74,0.6890000000000001,0.19599999999999998,25.74,10.58,19.13,29.72,18.47,22.22,296.0,0.243,75.0,25.34,40.0,13.51,0.831,0.235,23.69,9.65,18.67,28.32,20.68,19.69,40.0,0.194,10.0,25.0,4.0,10.0,0.553,0.08400000000000002,41.33,20.13,15.58,35.71,29.27,27.03,25.0,0.348,7.0,28.0,1.0,4.0,1.009,0.261,22.0,10.58,13.46,24.04,32.76,25.0
745328,2024-06-12,2024,596103,R,681869,R,strikeout,True,False,9.0,0.286,3.0,33.33,1.0,11.11,0.73,0.0,36.36,13.33,23.33,36.67,15.38,30.0,60.0,0.226,18.0,30.0,7.0,11.67,0.619,0.0759999999999999,36.36,15.52,18.1,33.62,22.5,28.12,29.0,0.333,5.0,17.24,3.0,10.34,0.872,0.125,18.75,8.04,15.18,23.21,14.0,20.83,17.0,0.286,4.0,23.53,2.0,11.76,0.71,0.071,35.14,19.12,11.76,30.88,28.57,18.18
745328,2024-06-12,2024,671218,R,681869,R,strikeout,True,False,96.0,0.289,32.0,33.33,6.0,6.25,0.7110000000000001,0.08900000000000002,36.0,16.45,16.45,32.9,27.94,28.32,14.0,0.154,4.0,28.57,1.0,7.14,0.368,0.0,30.43,14.58,18.75,33.33,26.09,50.0,29.0,0.333,5.0,17.24,3.0,10.34,0.872,0.125,18.75,8.04,15.18,23.21,14.0,20.83,17.0,0.286,4.0,23.53,2.0,11.76,0.71,0.071,35.14,19.12,11.76,30.88,28.57,18.18
745328,2024-06-12,2024,572138,L,666808,R,field_out,False,False,129.0,0.229,29.0,22.48,19.0,14.73,0.6990000000000001,0.12899999999999998,25.5,10.22,18.84,29.06,19.29,21.8,79.0,0.13,19.0,24.05,9.0,11.39,0.402,0.0439999999999999,22.79,9.69,16.56,26.25,24.43,21.11,60.0,0.288,17.0,28.33,8.0,13.33,0.864,0.193,33.9,14.98,16.48,31.46,28.67,24.29,147.0,0.174,43.0,29.25,18.0,12.24,0.588,0.1149999999999999,31.29,14.99,14.68,29.68,31.58,19.72
745328,2024-06-12,2024,665161,R,666808,R,field_out,False,False,199.0,0.288,38.0,19.1,9.0,4.52,0.6910000000000001,0.07100000000000001,24.73,12.97,14.92,27.89,35.82,17.35,461.0,0.239,107.0,23.21,34.0,7.38,0.655,0.1089999999999999,30.36,15.5,13.92,29.42,35.52,20.7,62.0,0.157,17.0,27.42,11.0,17.74,0.581,0.11800000000000002,36.0,17.51,14.79,32.3,30.66,21.79,136.0,0.244,44.0,32.35,8.0,5.88,0.594,0.0409999999999999,35.9,16.28,17.05,33.33,26.79,34.38
745328,2024-06-12,2024,643289,R,666808,R,strikeout,True,False,110.0,0.298,8.0,7.27,4.0,3.64,0.7210000000000001,0.09600000000000003,16.42,9.62,12.24,21.87,42.56,8.6,375.0,0.263,58.0,15.47,13.0,3.47,0.6779999999999999,0.124,19.01,10.95,13.18,24.13,40.64,15.68,62.0,0.157,17.0,27.42,11.0,17.74,0.581,0.11800000000000002,36.0,17.51,14.79,32.3,30.66,21.79,136.0,0.244,44.0,32.35,8.0,5.88,0.594,0.0409999999999999,35.9,16.28,17.05,33.33,26.79,34.38
745404,2024-06-12,2024,647351,L,681190,R,home_run,False,False,199.0,0.253,41.0,20.6,9.0,4.52,0.6839999999999999,0.129,19.62,9.35,17.92,27.27,30.73,19.07,20.0,0.412,5.0,25.0,2.0,10.0,1.265,0.353,37.04,15.62,26.56,42.19,25.0,31.25,63.0,0.448,7.0,11.11,3.0,4.76,1.1909999999999998,0.25899999999999995,19.26,9.81,11.7,21.51,26.32,8.24,80.0,0.206,10.0,12.5,8.0,10.0,0.73,0.22,15.33,6.89,18.36,25.25,23.33,11.36
745404,2024-06-12,2024,668709,L,681190,R,single,False,False,222.0,0.247,40.0,18.02,27.0,12.16,0.772,0.186,25.07,10.73,17.01,27.74,21.92,18.02,232.0,0.209,53.0,22.84,35.0,15.09,0.726,0.184,28.61,12.18,15.3,27.48,19.27,20.46,63.0,0.448,7.0,11.11,3.0,4.76,1.1909999999999998,0.25899999999999995,19.26,9.81,11.7,21.51,26.32,8.24,80.0,0.206,10.0,12.5,8.0,10.0,0.73,0.22,15.33,6.89,18.36,25.25,23.33,11.36
745404,2024-06-12,2024,667670,R,681190,R,strikeout,True,False,177.0,0.281,62.0,35.03,21.0,11.86,0.904,0.248,37.78,18.19,13.13,31.33,30.5,27.93,351.0,0.23,115.0,32.76,33.0,9.4,0.788,0.2419999999999999,37.94,17.82,16.3,34.12,28.65,23.47,107.0,0.25,19.0,17.76,4.0,3.74,0.723,0.19,22.07,11.19,15.48,26.67,25.52,14.96,86.0,0.216,23.0,26.74,10.0,11.63,0.637,0.095,19.88,9.34,17.58,26.92,34.01,18.11
745404,2024-06-12,2024,609280,R,681190,R,force_out,False,False,54.0,0.283,10.0,18.52,0.0,0.0,0.6930000000000001,0.132,14.56,7.46,18.91,26.37,37.37,18.18,52.0,0.229,6.0,11.54,4.0,7.69,0.705,0.1879999999999999,14.58,7.49,13.9,21.39,30.93,12.77,107.0,0.25,19.0,17.76,4.0,3.74,0.723,0.19,22.07,11.19,15.48,26.67,25.52,14.96,86.0,0.216,23.0,26.74,10.0,11.63,0.637,0.095,19.88,9.34,17.58,26.92,34.01,18.11
745404,2024-06-12,2024,691016,L,681190,R,caught_stealing_2b,False,False,72.0,0.233,25.0,34.72,10.0,13.89,0.7849999999999999,0.19999999999999998,35.0,14.84,16.25,31.1,28.57,33.78,118.0,0.159,37.0,31.36,10.0,8.47,0.472,0.0839999999999999,33.93,16.67,14.91,31.58,29.36,28.91,63.0,0.448,7.0,11.11,3.0,4.76,1.1909999999999998,0.25899999999999995,19.26,9.81,11.7,21.51,26.32,8.24,80.0,0.206,10.0,12.5,8.0,10.0,0.73,0.22,15.33,6.89,18.36,25.25,23.33,11.36
745404,2024-06-12,2024,650333,L,676664,L,field_out,False,False,122.0,0.283,13.0,10.66,5.0,4.1,0.646,0.027000000000000024,13.5,6.22,19.59,25.81,32.57,12.5,138.0,0.326,17.0,12.32,4.0,2.9,0.76,0.0909999999999999,12.5,6.61,16.32,22.93,33.48,12.88,81.0,0.219,17.0,20.99,4.0,4.94,0.6040000000000001,0.12300000000000003,24.84,11.99,16.4,28.39,25.97,16.83,140.0,0.323,24.0,17.14,13.0,9.29,0.936,0.225,24.38,12.06,15.21,27.27,33.77,12.24
745404,2024-06-12,2024,665487,R,676664,L,single,False,False,94.0,0.227,24.0,25.53,17.0,18.09,0.69,0.07999999999999999,26.71,11.11,15.25,26.36,21.05,18.9,146.0,0.305,27.0,18.49,16.0,10.96,0.915,0.226,26.9,13.07,10.55,23.62,26.91,14.44,241.0,0.237,37.0,15.35,20.0,8.3,0.722,0.175,21.03,10.32,16.25,26.56,27.46,13.12,597.0,0.232,137.0,22.95,40.0,6.7,0.749,0.214,24.94,12.75,14.01,26.77,28.36,18.52
745404,2024-06-12,2024,595777,R,676664,L,walk,False,True,85.0,0.347,7.0,8.24,12.0,14.12,1.009,0.22199999999999998,16.43,6.99,16.41,23.4,22.56,6.45,147.0,0.275,22.0,14.97,13.0,8.84,0.774,0.1519999999999999,15.44,6.84,17.44,24.27,22.81,13.33,241.0,0.237,37.0,15.35,20.0,8.3,0.722,0.175,21.03,10.32,16.25,26.56,27.46,13.12,597.0,0.232,137.0,22.95,40.0,6.7,0.749,0.214,24.94,12.75,14.01,26.77,28.36,18.52
745404,2024-06-12,2024,592518,R,676664,L,grounded_into_double_play,False,False,74.0,0.227,16.0,21.62,8.0,10.81,0.72,0.18199999999999997,27.78,12.87,14.34,27.21,24.46,19.74,150.0,0.308,26.0,17.33,14.0,9.33,0.887,0.203,21.32,9.67,16.52,26.19,28.38,16.56,241.0,0.237,37.0,15.35,20.0,8.3,0.722,0.175,21.03,10.32,16.25,26.56,27.46,13.12,597.0,0.232,137.0,22.95,40.0,6.7,0.749,0.214,24.94,12.75,14.01,26.77,28.36,18.52
745404,2024-06-12,2024,691016,L,681190,R,single,False,False,72.0,0.233,25.0,34.72,10.0,13.89,0.7849999999999999,0.19999999999999998,35.0,14.84,16.25,31.1,28.57,33.78,118.0,0.159,37.0,31.36,10.0,8.47,0.472,0.0839999999999999,33.93,16.67,14.91,31.58,29.36,28.91,63.0,0.448,7.0,11.11,3.0,4.76,1.1909999999999998,0.25899999999999995,19.26,9.81,11.7,21.51,26.32,8.24,80.0,0.206,10.0,12.5,8.0,10.0,0.73,0.22,15.33,6.89,18.36,25.25,23.33,11.36
745404,2024-06-12,2024,680869,R,681190,R,sac_bunt,False,False,153.0,0.179,50.0,32.68,9.0,5.88,0.518,0.10699999999999998,34.33,17.64,15.58,33.22,28.27,28.74,220.0,0.303,54.0,24.55,18.0,8.18,0.969,0.298,30.92,15.24,15.12,30.36,29.22,21.29,107.0,0.25,19.0,17.76,4.0,3.74,0.723,0.19,22.07,11.19,15.48,26.67,25.52,14.96,86.0,0.216,23.0,26.74,10.0,11.63,0.637,0.095,19.88,9.34,17.58,26.92,34.01,18.11
745404,2024-06-12,2024,664913,L,681190,R,walk,False,True,168.0,0.195,54.0,32.14,14.0,8.33,0.587,0.13,30.47,15.65,13.22,28.88,32.46,26.47,315.0,0.234,81.0,25.71,24.0,7.62,0.738,0.21,29.85,15.11,13.77,28.88,31.88,22.82,63.0,0.448,7.0,11.11,3.0,4.76,1.1909999999999998,0.25899999999999995,19.26,9.81,11.7,21.51,26.32,8.24,80.0,0.206,10.0,12.5,8.0,10.0,0.73,0.22,15.33,6.89,18.36,25.25,23.33,11.36
745404,2024-06-12,2024,680474,R,681190,R,strikeout,True,False,112.0,0.267,29.0,25.89,8.0,7.14,0.6799999999999999,0.07999999999999996,25.79,10.72,21.23,31.95,20.1,21.64,,,,,,,,,,,,,,,107.0,0.25,19.0,17.76,4.0,3.74,0.723,0.19,22.07,11.19,15.48,26.67,25.52,14.96,86.0,0.216,23.0,26.74,10.0,11.63,0.637,0.095,19.88,9.34,17.58,26.92,34.01,18.11
745404,2024-06-12,2024,668832,L,681190,R,strikeout,True,False,74.0,0.292,21.0,28.38,9.0,12.16,0.855,0.185,41.86,18.12,15.77,33.89,17.86,24.71,,,,,,,,,,,,,,,63.0,0.448,7.0,11.11,3.0,4.76,1.1909999999999998,0.25899999999999995,19.26,9.81,11.7,21.51,26.32,8.24,80.0,0.206,10.0,12.5,8.0,10.0,0.73,0.22,15.33,6.89,18.36,25.25,23.33,11.36
745404,2024-06-12,2024,456781,R,676664,L,walk,False,True,47.0,0.317,5.0,10.64,6.0,12.77,0.843,0.122,19.77,8.17,20.19,28.37,22.43,7.81,153.0,0.286,32.0,20.92,11.0,7.19,0.746,0.114,24.12,11.77,18.21,29.98,32.04,14.35,241.0,0.237,37.0,15.35,20.0,8.3,0.722,0.175,21.03,10.32,16.25,26.56,27.46,13.12,597.0,0.232,137.0,22.95,40.0,6.7,0.749,0.214,24.94,12.75,14.01,26.77,28.36,18.52
745404,2024-06-12,2024,630105,L,676664,L,grounded_into_double_play,False,False,87.0,0.203,16.0,18.39,6.0,6.9,0.5549999999999999,0.08799999999999997,16.97,7.87,15.45,23.31,19.28,14.55,156.0,0.229,38.0,24.36,10.0,6.41,0.665,0.1349999999999999,18.48,9.0,20.1,29.1,30.82,17.84,81.0,0.219,17.0,20.99,4.0,4.94,0.6040000000000001,0.12300000000000003,24.84,11.99,16.4,28.39,25.97,16.83,140.0,0.323,24.0,17.14,13.0,9.29,0.936,0.225,24.38,12.06,15.21,27.27,33.77,12.24
745404,2024-06-12,2024,673490,R,676664,L,field_out,False,False,80.0,0.203,11.0,13.75,10.0,12.5,0.681,0.174,14.49,6.04,21.15,27.19,18.31,11.0,191.0,0.302,30.0,15.71,20.0,10.47,0.897,0.219,15.84,6.63,22.21,28.83,23.47,11.49,241.0,0.237,37.0,15.35,20.0,8.3,0.722,0.175,21.03,10.32,16.25,26.56,27.46,13.12,597.0,0.232,137.0,22.95,40.0,6.7,0.749,0.214,24.94,12.75,14.01,26.77,28.36,18.52
745404,2024-06-12,2024,647351,L,681190,R,single,False,False,199.0,0.253,41.0,20.6,9.0,4.52,0.6839999999999999,0.129,19.62,9.35,17.92,27.27,30.73,19.07,20.0,0.412,5.0,25.0,2.0,10.0,1.265,0.353,37.04,15.62,26.56,42.19,25.0,31.25,63.0,0.448,7.0,11.11,3.0,4.76,1.1909999999999998,0.25899999999999995,19.26,9.81,11.7,21.51,26.32,8.24,80.0,0.206,10.0,12.5,8.0,10.0,0.73,0.22,15.33,6.89,18.36,25.25,23.33,11.36
745404,2024-06-12,2024,668709,L,681190,R,single,False,False,222.0,0.247,40.0,18.02,27.0,12.16,0.772,0.186,25.07,10.73,17.01,27.74,21.92,18.02,232.0,0.209,53.0,22.84,35.0,15.09,0.726,0.184,28.61,12.18,15.3,27.48,19.27,20.46,63.0,0.448,7.0,11.11,3.0,4.76,1.1909999999999998,0.25899999999999995,19.26,9.81,11.7,21.51,26.32,8.24,80.0,0.206,10.0,12.5,8.0,10.0,0.73,0.22,15.33,6.89,18.36,25.25,23.33,11.36
745404,2024-06-12,2024,667670,R,681190,R,field_out,False,False,177.0,0.281,62.0,35.03,21.0,11.86,0.904,0.248,37.78,18.19,13.13,31.33,30.5,27.93,351.0,0.23,115.0,32.76,33.0,9.4,0.788,0.2419999999999999,37.94,17.82,16.3,34.12,28.65,23.47,107.0,0.25,19.0,17.76,4.0,3.74,0.723,0.19,22.07,11.19,15.48,26.67,25.52,14.96,86.0,0.216,23.0,26.74,10.0,11.63,0.637,0.095,19.88,9.34,17.58,26.92,34.01,18.11
745404,2024-06-12,2024,609280,R,681190,R,field_out,False,False,54.0,0.283,10.0,18.52,0.0,0.0,0.6930000000000001,0.132,14.56,7.46,18.91,26.37,37.37,18.18,52.0,0.229,6.0,11.54,4.0,7.69,0.705,0.1879999999999999,14.58,7.49,13.9,21.39,30.93,12.77,107.0,0.25,19.0,17.76,4.0,3.74,0.723,0.19,22.07,11.19,15.48,26.67,25.52,14.96,86.0,0.216,23.0,26.74,10.0,11.63,0.637,0.095,19.88,9.34,17.58,26.92,34.01,18.11
745404,2024-06-12,2024,691016,L,681190,R,strikeout,True,False,72.0,0.233,25.0,34.72,10.0,13.89,0.7849999999999999,0.19999999999999998,35.0,14.84,16.25,31.1,28.57,33.78,118.0,0.159,37.0,31.36,10.0,8.47,0.472,0.0839999999999999,33.93,16.67,14.91,31.58,29.36,28.91,63.0,0.448,7.0,11.11,3.0,4.76,1.1909999999999998,0.25899999999999995,19.26,9.81,11.7,21.51,26.32,8.24,80.0,0.206,10.0,12.5,8.0,10.0,0.73,0.22,15.33,6.89,18.36,25.25,23.33,11.36
745404,2024-06-12,2024,701538,L,676664,L,field_out,False,False,67.0,0.19,7.0,10.45,3.0,4.48,0.43,0.015999999999999986,17.32,8.94,13.82,22.76,29.17,10.14,,,,,,,,,,,,,,,81.0,0.219,17.0,20.99,4.0,4.94,0.6040000000000001,0.12300000000000003,24.84,11.99,16.4,28.39,25.97,16.83,140.0,0.323,24.0,17.14,13.0,9.29,0.936,0.225,24.38,12.06,15.21,27.27,33.77,12.24
745404,2024-06-12,2024,543309,R,676664,L,walk,False,True,30.0,0.179,10.0,33.33,2.0,6.67,0.626,0.21400000000000002,31.67,15.83,18.33,34.17,31.03,23.81,69.0,0.242,21.0,30.43,2.0,2.9,0.776,0.273,28.06,14.13,16.67,30.8,33.33,22.83,241.0,0.237,37.0,15.35,20.0,8.3,0.722,0.175,21.03,10.32,16.25,26.56,27.46,13.12,597.0,0.232,137.0,22.95,40.0,6.7,0.749,0.214,24.94,12.75,14.01,26.77,28.36,18.52
745404,2024-06-12,2024,650333,L,676664,L,single,False,False,122.0,0.283,13.0,10.66,5.0,4.1,0.646,0.027000000000000024,13.5,6.22,19.59,25.81,32.57,12.5,138.0,0.326,17.0,12.32,4.0,2.9,0.76,0.0909999999999999,12.5,6.61,16.32,22.93,33.48,12.88,81.0,0.219,17.0,20.99,4.0,4.94,0.6040000000000001,0.12300000000000003,24.84,11.99,16.4,28.39,25.97,16.83,140.0,0.323,24.0,17.14,13.0,9.29,0.936,0.225,24.38,12.06,15.21,27.27,33.77,12.24
745404,2024-06-12,2024,665487,R,676664,L,force_out,False,False,94.0,0.227,24.0,25.53,17.0,18.09,0.69,0.07999999999999999,26.71,11.11,15.25,26.36,21.05,18.9,146.0,0.305,27.0,18.49,16.0,10.96,0.915,0.226,26.9,13.07,10.55,23.62,26.91,14.44,241.0,0.237,37.0,15.35,20.0,8.3,0.722,0.175,21.03,10.32,16.25,26.56,27.46,13.12,597.0,0.232,137.0,22.95,40.0,6.7,0.749,0.214,24.94,12.75,14.01,26.77,28.36,18.52
745404,2024-06-12,2024,595777,R,676664,L,field_out,False,False,85.0,0.347,7.0,8.24,12.0,14.12,1.009,0.22199999999999998,16.43,6.99,16.41,23.4,22.56,6.45,147.0,0.275,22.0,14.97,13.0,8.84,0.774,0.1519999999999999,15.44,6.84,17.44,24.27,22.81,13.33,241.0,0.237,37.0,15.35,20.0,8.3,0.722,0.175,21.03,10.32,16.25,26.56,27.46,13.12,597.0,0.232,137.0,22.95,40.0,6.7,0.749,0.214,24.94,12.75,14.01,26.77,28.36,18.52
745404,2024-06-12,2024,680869,R,681190,R,field_out,False,False,153.0,0.179,50.0,32.68,9.0,5.88,0.518,0.10699999999999998,34.33,17.64,15.58,33.22,28.27,28.74,220.0,0.303,54.0,24.55,18.0,8.18,0.969,0.298,30.92,15.24,15.12,30.36,29.22,21.29,107.0,0.25,19.0,17.76,4.0,3.74,0.723,0.19,22.07,11.19,15.48,26.67,25.52,14.96,86.0,0.216,23.0,26.74,10.0,11.63,0.637,0.095,19.88,9.34,17.58,26.92,34.01,18.11
745404,2024-06-12,2024,664913,L,681190,R,double,False,False,168.0,0.195,54.0,32.14,14.0,8.33,0.587,0.13,30.47,15.65,13.22,28.88,32.46,26.47,315.0,0.234,81.0,25.71,24.0,7.62,0.738,0.21,29.85,15.11,13.77,28.88,31.88,22.82,63.0,0.448,7.0,11.11,3.0,4.76,1.1909999999999998,0.25899999999999995,19.26,9.81,11.7,21.51,26.32,8.24,80.0,0.206,10.0,12.5,8.0,10.0,0.73,0.22,15.33,6.89,18.36,25.25,23.33,11.36
745404,2024-06-12,2024,680474,R,681190,R,single,False,False,112.0,0.267,29.0,25.89,8.0,7.14,0.6799999999999999,0.07999999999999996,25.79,10.72,21.23,31.95,20.1,21.64,,,,,,,,,,,,,,,107.0,0.25,19.0,17.76,4.0,3.74,0.723,0.19,22.07,11.19,15.48,26.67,25.52,14.96,86.0,0.216,23.0,26.74,10.0,11.63,0.637,0.095,19.88,9.34,17.58,26.92,34.01,18.11
745404,2024-06-12,2024,668832,L,681190,R,grounded_into_double_play,False,False,74.0,0.292,21.0,28.38,9.0,12.16,0.855,0.185,41.86,18.12,15.77,33.89,17.86,24.71,,,,,,,,,,,,,,,63.0,0.448,7.0,11.11,3.0,4.76,1.1909999999999998,0.25899999999999995,19.26,9.81,11.7,21.51,26.32,8.24,80.0,0.206,10.0,12.5,8.0,10.0,0.73,0.22,15.33,6.89,18.36,25.25,23.33,11.36
745404,2024-06-12,2024,592518,R,676664,L,field_out,False,False,74.0,0.227,16.0,21.62,8.0,10.81,0.72,0.18199999999999997,27.78,12.87,14.34,27.21,24.46,19.74,150.0,0.308,26.0,17.33,14.0,9.33,0.887,0.203,21.32,9.67,16.52,26.19,28.38,16.56,241.0,0.237,37.0,15.35,20.0,8.3,0.722,0.175,21.03,10.32,16.25,26.56,27.46,13.12,597.0,0.232,137.0,22.95,40.0,6.7,0.749,0.214,24.94,12.75,14.01,26.77,28.36,18.52
745404,2024-06-12,2024,456781,R,676664,L,field_out,False,False,47.0,0.317,5.0,10.64,6.0,12.77,0.843,0.122,19.77,8.17,20.19,28.37,22.43,7.81,153.0,0.286,32.0,20.92,11.0,7.19,0.746,0.114,24.12,11.77,18.21,29.98,32.04,14.35,241.0,0.237,37.0,15.35,20.0,8.3,0.722,0.175,21.03,10.32,16.25,26.56,27.46,13.12,597.0,0.232,137.0,22.95,40.0,6.7,0.749,0.214,24.94,12.75,14.01,26.77,28.36,18.52
745404,2024-06-12,2024,630105,L,676664,L,strikeout,True,False,87.0,0.203,16.0,18.39,6.0,6.9,0.5549999999999999,0.08799999999999997,16.97,7.87,15.45,23.31,19.28,14.55,156.0,0.229,38.0,24.36,10.0,6.41,0.665,0.1349999999999999,18.48,9.0,20.1,29.1,30.82,17.84,81.0,0.219,17.0,20.99,4.0,4.94,0.6040000000000001,0.12300000000000003,24.84,11.99,16.4,28.39,25.97,16.83,140.0,0.323,24.0,17.14,13.0,9.29,0.936,0.225,24.38,12.06,15.21,27.27,33.77,12.24
745404,2024-06-12,2024,647351,L,681190,R,field_out,False,False,199.0,0.253,41.0,20.6,9.0,4.52,0.6839999999999999,0.129,19.62,9.35,17.92,27.27,30.73,19.07,20.0,0.412,5.0,25.0,2.0,10.0,1.265,0.353,37.04,15.62,26.56,42.19,25.0,31.25,63.0,0.448,7.0,11.11,3.0,4.76,1.1909999999999998,0.25899999999999995,19.26,9.81,11.7,21.51,26.32,8.24,80.0,0.206,10.0,12.5,8.0,10.0,0.73,0.22,15.33,6.89,18.36,25.25,23.33,11.36
745404,2024-06-12,2024,668709,L,681190,R,walk,False,True,222.0,0.247,40.0,18.02,27.0,12.16,0.772,0.186,25.07,10.73,17.01,27.74,21.92,18.02,232.0,0.209,53.0,22.84,35.0,15.09,0.726,0.184,28.61,12.18,15.3,27.48,19.27,20.46,63.0,0.448,7.0,11.11,3.0,4.76,1.1909999999999998,0.25899999999999995,19.26,9.81,11.7,21.51,26.32,8.24,80.0,0.206,10.0,12.5,8.0,10.0,0.73,0.22,15.33,6.89,18.36,25.25,23.33,11.36
745404,2024-06-12,2024,667670,R,681190,R,field_out,False,False,177.0,0.281,62.0,35.03,21.0,11.86,0.904,0.248,37.78,18.19,13.13,31.33,30.5,27.93,351.0,0.23,115.0,32.76,33.0,9.4,0.788,0.2419999999999999,37.94,17.82,16.3,34.12,28.65,23.47,107.0,0.25,19.0,17.76,4.0,3.74,0.723,0.19,22.07,11.19,15.48,26.67,25.52,14.96,86.0,0.216,23.0,26.74,10.0,11.63,0.637,0.095,19.88,9.34,17.58,26.92,34.01,18.11
745404,2024-06-12,2024,609280,R,681190,R,strikeout,True,False,54.0,0.283,10.0,18.52,0.0,0.0,0.6930000000000001,0.132,14.56,7.46,18.91,26.37,37.37,18.18,52.0,0.229,6.0,11.54,4.0,7.69,0.705,0.1879999999999999,14.58,7.49,13.9,21.39,30.93,12.77,107.0,0.25,19.0,17.76,4.0,3.74,0.723,0.19,22.07,11.19,15.48,26.67,25.52,14.96,86.0,0.216,23.0,26.74,10.0,11.63,0.637,0.095,19.88,9.34,17.58,26.92,34.01,18.11
745404,2024-06-12,2024,673490,R,676664,L,single,False,False,80.0,0.203,11.0,13.75,10.0,12.5,0.681,0.174,14.49,6.04,21.15,27.19,18.31,11.0,191.0,0.302,30.0,15.71,20.0,10.47,0.897,0.219,15.84,6.63,22.21,28.83,23.47,11.49,241.0,0.237,37.0,15.35,20.0,8.3,0.722,0.175,21.03,10.32,16.25,26.56,27.46,13.12,597.0,0.232,137.0,22.95,40.0,6.7,0.749,0.214,24.94,12.75,14.01,26.77,28.36,18.52
745404,2024-06-12,2024,701538,L,676664,L,field_out,False,False,67.0,0.19,7.0,10.45,3.0,4.48,0.43,0.015999999999999986,17.32,8.94,13.82,22.76,29.17,10.14,,,,,,,,,,,,,,,81.0,0.219,17.0,20.99,4.0,4.94,0.6040000000000001,0.12300000000000003,24.84,11.99,16.4,28.39,25.97,16.83,140.0,0.323,24.0,17.14,13.0,9.29,0.936,0.225,24.38,12.06,15.21,27.27,33.77,12.24
745404,2024-06-12,2024,543309,R,676664,L,field_out,False,False,30.0,0.179,10.0,33.33,2.0,6.67,0.626,0.21400000000000002,31.67,15.83,18.33,34.17,31.03,23.81,69.0,0.242,21.0,30.43,2.0,2.9,0.776,0.273,28.06,14.13,16.67,30.8,33.33,22.83,241.0,0.237,37.0,15.35,20.0,8.3,0.722,0.175,21.03,10.32,16.25,26.56,27.46,13.12,597.0,0.232,137.0,22.95,40.0,6.7,0.749,0.214,24.94,12.75,14.01,26.77,28.36,18.52
745404,2024-06-12,2024,650333,L,676664,L,single,False,False,122.0,0.283,13.0,10.66,5.0,4.1,0.646,0.027000000000000024,13.5,6.22,19.59,25.81,32.57,12.5,138.0,0.326,17.0,12.32,4.0,2.9,0.76,0.0909999999999999,12.5,6.61,16.32,22.93,33.48,12.88,81.0,0.219,17.0,20.99,4.0,4.94,0.6040000000000001,0.12300000000000003,24.84,11.99,16.4,28.39,25.97,16.83,140.0,0.323,24.0,17.14,13.0,9.29,0.936,0.225,24.38,12.06,15.21,27.27,33.77,12.24
745404,2024-06-12,2024,665487,R,676664,L,double,False,False,94.0,0.227,24.0,25.53,17.0,18.09,0.69,0.07999999999999999,26.71,11.11,15.25,26.36,21.05,18.9,146.0,0.305,27.0,18.49,16.0,10.96,0.915,0.226,26.9,13.07,10.55,23.62,26.91,14.44,241.0,0.237,37.0,15.35,20.0,8.3,0.722,0.175,21.03,10.32,16.25,26.56,27.46,13.12,597.0,0.232,137.0,22.95,40.0,6.7,0.749,0.214,24.94,12.75,14.01,26.77,28.36,18.52
745404,2024-06-12,2024,595777,R,676664,L,single,False,False,85.0,0.347,7.0,8.24,12.0,14.12,1.009,0.22199999999999998,16.43,6.99,16.41,23.4,22.56,6.45,147.0,0.275,22.0,14.97,13.0,8.84,0.774,0.1519999999999999,15.44,6.84,17.44,24.27,22.81,13.33,241.0,0.237,37.0,15.35,20.0,8.3,0.722,0.175,21.03,10.32,16.25,26.56,27.46,13.12,597.0,0.232,137.0,22.95,40.0,6.7,0.749,0.214,24.94,12.75,14.01,26.77,28.36,18.52
745404,2024-06-12,2024,592518,R,676664,L,double,False,False,74.0,0.227,16.0,21.62,8.0,10.81,0.72,0.18199999999999997,27.78,12.87,14.34,27.21,24.46,19.74,150.0,0.308,26.0,17.33,14.0,9.33,0.887,0.203,21.32,9.67,16.52,26.19,28.38,16.56,241.0,0.237,37.0,15.35,20.0,8.3,0.722,0.175,21.03,10.32,16.25,26.56,27.46,13.12,597.0,0.232,137.0,22.95,40.0,6.7,0.749,0.214,24.94,12.75,14.01,26.77,28.36,18.52
745404,2024-06-12,2024,691016,L,673513,L,walk,False,True,4.0,0.0,1.0,25.0,1.0,25.0,0.25,0.0,37.5,20.0,6.67,26.67,40.0,50.0,20.0,0.167,6.0,30.0,1.0,5.0,0.472,0.0549999999999999,26.47,14.06,18.75,32.81,33.33,35.29,39.0,0.233,8.0,20.51,6.0,15.38,0.6839999999999999,0.1,35.06,16.07,14.29,30.36,30.34,15.69,,,,,,,,,,,,,,
745404,2024-06-12,2024,680869,R,673513,L,strikeout,True,False,46.0,0.214,16.0,34.78,4.0,8.7,0.688,0.19100000000000003,37.97,18.29,15.24,33.54,22.67,38.1,80.0,0.167,28.0,35.0,8.0,10.0,0.486,0.0689999999999999,40.48,21.25,11.56,32.81,27.92,34.57,73.0,0.153,14.0,19.18,12.0,16.44,0.542,0.101,25.0,11.34,12.37,23.71,24.84,17.28,,,,,,,,,,,,,,
745404,2024-06-12,2024,664913,L,673513,L,field_out,False,False,12.0,0.167,5.0,41.67,0.0,0.0,0.334,0.0,42.31,25.0,9.09,34.09,42.11,29.41,64.0,0.158,20.0,31.25,6.0,9.38,0.4609999999999999,0.0529999999999999,38.21,18.29,13.23,31.52,28.57,24.1,39.0,0.233,8.0,20.51,6.0,15.38,0.6839999999999999,0.1,35.06,16.07,14.29,30.36,30.34,15.69,,,,,,,,,,,,,,
745404,2024-06-12,2024,680474,R,673513,L,field_out,False,False,43.0,0.216,10.0,23.26,4.0,9.3,0.6639999999999999,0.162,22.37,10.18,17.37,27.54,15.0,20.41,,,,,,,,,,,,,,,73.0,0.153,14.0,19.18,12.0,16.44,0.542,0.101,25.0,11.34,12.37,23.71,24.84,17.28,,,,,,,,,,,,,,
745404,2024-06-12,2024,456781,R,666204,R,strikeout,True,False,40.0,0.286,9.0,22.5,2.0,5.0,0.6639999999999999,0.028000000000000025,17.11,8.07,22.36,30.43,25.0,15.25,297.0,0.28,68.0,22.9,29.0,9.76,0.766,0.1059999999999999,26.06,12.14,17.61,29.74,28.81,17.48,46.0,0.182,10.0,21.74,10.0,21.74,0.734,0.182,28.36,10.5,22.1,32.6,19.57,20.0,58.0,0.152,12.0,20.69,9.0,15.52,0.6339999999999999,0.1959999999999999,29.03,11.44,17.37,28.81,19.85,20.0
745404,2024-06-12,2024,630105,L,666204,R,field_out,False,False,196.0,0.279,31.0,15.82,16.0,8.16,0.863,0.238,17.36,8.02,17.18,25.19,23.26,12.86,367.0,0.23,59.0,16.08,36.0,9.81,0.7,0.154,14.92,6.99,16.69,23.68,24.61,14.08,44.0,0.194,7.0,15.91,8.0,18.18,0.758,0.22299999999999998,26.15,11.04,18.18,29.22,20.55,20.0,37.0,0.129,9.0,24.32,5.0,13.51,0.437,0.065,25.0,8.62,21.84,30.46,18.37,15.0
745404,2024-06-12,2024,673490,R,666204,R,walk,False,True,190.0,0.245,33.0,17.37,29.0,15.26,0.7909999999999999,0.183,17.59,6.27,23.86,30.14,17.66,12.31,435.0,0.241,94.0,21.61,55.0,12.64,0.681,0.1,18.8,7.03,23.65,30.68,19.23,15.59,46.0,0.182,10.0,21.74,10.0,21.74,0.734,0.182,28.36,10.5,22.1,32.6,19.57,20.0,58.0,0.152,12.0,20.69,9.0,15.52,0.6339999999999999,0.1959999999999999,29.03,11.44,17.37,28.81,19.85,20.0
745404,2024-06-12,2024,701538,L,666204,R,strikeout,True,False,165.0,0.312,26.0,15.76,9.0,5.45,0.772,0.10999999999999999,17.38,9.48,13.48,22.96,36.45,13.76,,,,,,,,,,,,,,,44.0,0.194,7.0,15.91,8.0,18.18,0.758,0.22299999999999998,26.15,11.04,18.18,29.22,20.55,20.0,37.0,0.129,9.0,24.32,5.0,13.51,0.437,0.065,25.0,8.62,21.84,30.46,18.37,15.0
745404,2024-06-12,2024,669127,R,670970,L,field_out,False,False,64.0,0.155,18.0,28.12,3.0,4.69,0.522,0.17300000000000001,28.81,13.93,15.98,29.92,33.59,23.38,146.0,0.179,42.0,28.77,11.0,7.53,0.583,0.164,31.53,15.5,14.0,29.5,31.21,21.11,66.0,0.274,15.0,22.73,4.0,6.06,0.737,0.14499999999999996,30.0,16.32,13.39,29.71,38.05,22.06,26.0,0.435,3.0,11.54,3.0,11.54,1.152,0.217,15.0,6.38,15.96,22.34,15.22,15.79
745404,2024-06-12,2024,647351,R,670970,L,field_out,False,False,72.0,0.309,8.0,11.11,2.0,2.78,0.794,0.14700000000000002,13.87,6.57,19.38,25.95,30.14,8.7,1.0,1.0,0.0,0.0,0.0,0.0,2.0,0.0,50.0,20.0,20.0,40.0,0.0,0.0,66.0,0.274,15.0,22.73,4.0,6.06,0.737,0.14499999999999996,30.0,16.32,13.39,29.71,38.05,22.06,26.0,0.435,3.0,11.54,3.0,11.54,1.152,0.217,15.0,6.38,15.96,22.34,15.22,15.79
745404,2024-06-12,2024,668709,L,670970,L,field_out,False,False,54.0,0.2,13.0,24.07,3.0,5.56,0.745,0.3,29.17,13.73,16.67,30.39,26.8,22.81,72.0,0.154,19.0,26.39,7.0,9.72,0.482,0.092,27.07,12.54,16.03,28.57,22.56,21.84,40.0,0.114,17.0,42.5,3.0,7.5,0.31799999999999995,0.028999999999999984,33.33,15.85,18.29,34.15,29.73,27.42,18.0,0.267,5.0,27.78,2.0,11.11,0.753,0.133,20.0,8.82,19.12,27.94,20.0,23.81
745404,2024-06-12,2024,543309,R,657697,R,field_out,False,False,36.0,0.194,13.0,36.11,0.0,0.0,0.694,0.306,24.29,12.23,23.74,35.97,35.59,26.53,192.0,0.233,53.0,27.6,12.0,6.25,0.654,0.142,28.81,14.15,17.01,31.16,30.17,24.88,9.0,0.5,1.0,11.11,1.0,11.11,1.181,0.125,30.77,11.76,17.65,29.41,14.29,33.33,10.0,0.222,2.0,20.0,0.0,0.0,0.633,0.111,25.0,12.5,18.75,31.25,28.57,18.18
745404,2024-06-12,2024,650333,L,657697,R,field_out,False,False,181.0,0.357,5.0,2.76,7.0,3.87,0.827,0.08700000000000002,6.29,3.02,19.49,22.51,34.5,3.14,479.0,0.362,17.0,3.55,31.0,6.47,0.891,0.122,6.51,3.2,16.58,19.78,31.29,4.11,4.0,0.25,1.0,25.0,0.0,0.0,0.5,0.0,25.0,21.43,0.0,21.43,66.67,14.29,6.0,0.4,1.0,16.67,0.0,0.0,0.8,0.0,12.5,4.55,18.18,22.73,23.08,33.33
745404,2024-06-12,2024,665487,R,657697,R,field_out,False,False,209.0,0.301,37.0,17.7,10.0,4.78,0.8860000000000001,0.24500000000000005,25.33,13.77,11.33,25.11,31.1,22.16,489.0,0.244,114.0,23.31,37.0,7.57,0.728,0.181,31.62,17.66,8.94,26.61,34.25,23.98,9.0,0.5,1.0,11.11,1.0,11.11,1.181,0.125,30.77,11.76,17.65,29.41,14.29,33.33,10.0,0.222,2.0,20.0,0.0,0.0,0.633,0.111,25.0,12.5,18.75,31.25,28.57,18.18
745404,2024-06-12,2024,667670,R,660853,R,strikeout,True,False,177.0,0.281,62.0,35.03,21.0,11.86,0.904,0.248,37.78,18.19,13.13,31.33,30.5,27.93,351.0,0.23,115.0,32.76,33.0,9.4,0.788,0.2419999999999999,37.94,17.82,16.3,34.12,28.65,23.47,79.0,0.23,27.0,34.18,4.0,5.06,0.67,0.162,34.07,19.14,14.51,33.64,30.66,21.77,143.0,0.171,44.0,30.77,10.0,6.99,0.516,0.093,35.46,18.12,15.04,33.15,32.74,25.88
745404,2024-06-12,2024,609280,R,660853,R,single,False,False,54.0,0.283,10.0,18.52,0.0,0.0,0.6930000000000001,0.132,14.56,7.46,18.91,26.37,37.37,18.18,52.0,0.229,6.0,11.54,4.0,7.69,0.705,0.1879999999999999,14.58,7.49,13.9,21.39,30.93,12.77,79.0,0.23,27.0,34.18,4.0,5.06,0.67,0.162,34.07,19.14,14.51,33.64,30.66,21.77,143.0,0.171,44.0,30.77,10.0,6.99,0.516,0.093,35.46,18.12,15.04,33.15,32.74,25.88
745404,2024-06-12,2024,691016,L,660853,R,home_run,False,False,72.0,0.233,25.0,34.72,10.0,13.89,0.7849999999999999,0.19999999999999998,35.0,14.84,16.25,31.1,28.57,33.78,118.0,0.159,37.0,31.36,10.0,8.47,0.472,0.0839999999999999,33.93,16.67,14.91,31.58,29.36,28.91,35.0,0.267,6.0,17.14,5.0,14.29,1.138,0.5,27.94,12.26,16.13,28.39,24.66,12.77,119.0,0.272,18.0,15.13,15.0,12.61,0.778,0.1449999999999999,17.99,8.48,14.0,22.49,22.82,10.53
745404,2024-06-12,2024,680869,R,660853,R,strikeout,True,False,153.0,0.179,50.0,32.68,9.0,5.88,0.518,0.10699999999999998,34.33,17.64,15.58,33.22,28.27,28.74,220.0,0.303,54.0,24.55,18.0,8.18,0.969,0.298,30.92,15.24,15.12,30.36,29.22,21.29,79.0,0.23,27.0,34.18,4.0,5.06,0.67,0.162,34.07,19.14,14.51,33.64,30.66,21.77,143.0,0.171,44.0,30.77,10.0,6.99,0.516,0.093,35.46,18.12,15.04,33.15,32.74,25.88
745404,2024-06-12,2024,664913,L,663158,R,field_out,False,False,168.0,0.195,54.0,32.14,14.0,8.33,0.587,0.13,30.47,15.65,13.22,28.88,32.46,26.47,315.0,0.234,81.0,25.71,24.0,7.62,0.738,0.21,29.85,15.11,13.77,28.88,31.88,22.82,41.0,0.111,12.0,29.27,5.0,12.2,0.498,0.16700000000000004,23.53,13.26,9.39,22.65,27.85,19.67,46.0,0.146,9.0,19.57,4.0,8.7,0.534,0.171,28.57,13.79,14.78,28.57,26.88,12.68
745404,2024-06-12,2024,444482,L,613534,R,field_out,False,False,34.0,0.2,7.0,20.59,3.0,8.82,0.506,0.033,27.38,16.08,9.09,25.17,40.54,10.71,387.0,0.253,63.0,16.28,19.0,4.91,0.6739999999999999,0.131,22.16,12.01,13.06,25.07,33.57,15.04,42.0,0.188,12.0,28.57,5.0,11.9,0.741,0.187,26.58,11.41,16.3,27.72,25.58,20.69,29.0,0.174,10.0,34.48,4.0,13.79,0.5189999999999999,0.0,35.71,14.81,17.78,32.59,22.73,21.28
745404,2024-06-12,2024,592518,R,613534,R,single,False,False,176.0,0.273,37.0,21.02,10.0,5.68,0.6779999999999999,0.09099999999999997,25.22,12.67,14.31,26.97,27.9,19.47,452.0,0.241,83.0,18.36,36.0,7.96,0.747,0.205,24.68,12.42,14.05,26.47,29.58,16.9,67.0,0.308,17.0,25.37,10.0,14.93,0.833,0.07700000000000001,38.14,15.52,16.9,32.41,22.44,19.54,52.0,0.267,12.0,23.08,4.0,7.69,0.721,0.0889999999999999,25.93,12.28,15.35,27.63,31.9,16.67
745404,2024-06-12,2024,456781,R,613534,R,single,False,False,40.0,0.286,9.0,22.5,2.0,5.0,0.6639999999999999,0.028000000000000025,17.11,8.07,22.36,30.43,25.0,15.25,297.0,0.28,68.0,22.9,29.0,9.76,0.766,0.1059999999999999,26.06,12.14,17.61,29.74,28.81,17.48,67.0,0.308,17.0,25.37,10.0,14.93,0.833,0.07700000000000001,38.14,15.52,16.9,32.41,22.44,19.54,52.0,0.267,12.0,23.08,4.0,7.69,0.721,0.0889999999999999,25.93,12.28,15.35,27.63,31.9,16.67
745404,2024-06-12,2024,630105,L,518397,L,field_out,False,False,87.0,0.203,16.0,18.39,6.0,6.9,0.5549999999999999,0.08799999999999997,16.97,7.87,15.45,23.31,19.28,14.55,156.0,0.229,38.0,24.36,10.0,6.41,0.665,0.1349999999999999,18.48,9.0,20.1,29.1,30.82,17.84,15.0,0.133,2.0,13.33,0.0,0.0,0.266,0.0,12.5,5.77,25.0,30.77,37.5,12.5,83.0,0.215,16.0,19.28,3.0,3.61,0.56,0.101,24.84,13.2,16.17,29.37,31.5,16.84
745404,2024-06-12,2024,673490,R,518397,L,intent_walk,False,True,80.0,0.203,11.0,13.75,10.0,12.5,0.681,0.174,14.49,6.04,21.15,27.19,18.31,11.0,191.0,0.302,30.0,15.71,20.0,10.47,0.897,0.219,15.84,6.63,22.21,28.83,23.47,11.49,17.0,0.214,3.0,17.65,1.0,5.88,0.964,0.5,25.81,15.09,5.66,20.75,42.31,25.0,125.0,0.328,15.0,12.0,8.0,6.4,0.781,0.077,16.67,8.44,14.64,23.08,30.3,17.65
745404,2024-06-12,2024,701538,L,518397,L,field_out,False,False,67.0,0.19,7.0,10.45,3.0,4.48,0.43,0.015999999999999986,17.32,8.94,13.82,22.76,29.17,10.14,,,,,,,,,,,,,,,15.0,0.133,2.0,13.33,0.0,0.0,0.266,0.0,12.5,5.77,25.0,30.77,37.5,12.5,83.0,0.215,16.0,19.28,3.0,3.61,0.56,0.101,24.84,13.2,16.17,29.37,31.5,16.84
745404,2024-06-12,2024,680474,R,663158,R,field_out,False,False,112.0,0.267,29.0,25.89,8.0,7.14,0.6799999999999999,0.07999999999999996,25.79,10.72,21.23,31.95,20.1,21.64,,,,,,,,,,,,,,,55.0,0.148,13.0,23.64,1.0,1.82,0.349,0.037000000000000005,22.64,13.19,13.74,26.92,34.25,25.49,62.0,0.161,15.0,24.19,6.0,9.68,0.528,0.1249999999999999,24.39,11.86,15.81,27.67,25.62,18.75
745404,2024-06-12,2024,669127,R,663158,R,field_out,False,False,157.0,0.214,40.0,25.48,12.0,7.64,0.7729999999999999,0.272,29.15,14.16,16.67,30.82,32.16,25.97,344.0,0.217,101.0,29.36,23.0,6.69,0.7230000000000001,0.226,32.34,16.3,14.73,31.03,31.22,23.88,55.0,0.148,13.0,23.64,1.0,1.82,0.349,0.037000000000000005,22.64,13.19,13.74,26.92,34.25,25.49,62.0,0.161,15.0,24.19,6.0,9.68,0.528,0.1249999999999999,24.39,11.86,15.81,27.67,25.62,18.75
745404,2024-06-12,2024,647351,L,663158,R,field_out,False,False,199.0,0.253,41.0,20.6,9.0,4.52,0.6839999999999999,0.129,19.62,9.35,17.92,27.27,30.73,19.07,20.0,0.412,5.0,25.0,2.0,10.0,1.265,0.353,37.04,15.62,26.56,42.19,25.0,31.25,41.0,0.111,12.0,29.27,5.0,12.2,0.498,0.16700000000000004,23.53,13.26,9.39,22.65,27.85,19.67,46.0,0.146,9.0,19.57,4.0,8.7,0.534,0.171,28.57,13.79,14.78,28.57,26.88,12.68
745404,2024-06-12,2024,543309,R,518397,L,home_run,False,False,30.0,0.179,10.0,33.33,2.0,6.67,0.626,0.21400000000000002,31.67,15.83,18.33,34.17,31.03,23.81,69.0,0.242,21.0,30.43,2.0,2.9,0.776,0.273,28.06,14.13,16.67,30.8,33.33,22.83,17.0,0.214,3.0,17.65,1.0,5.88,0.964,0.5,25.81,15.09,5.66,20.75,42.31,25.0,125.0,0.328,15.0,12.0,8.0,6.4,0.781,0.077,16.67,8.44,14.64,23.08,30.3,17.65
747190,2024-06-12,2024,683021,R,656756,L,field_out,False,False,3.0,0.667,0.0,0.0,0.0,0.0,1.334,0.0,20.0,8.33,8.33,16.67,0.0,0.0,19.0,0.125,1.0,5.26,3.0,15.79,0.451,0.063,8.33,3.28,21.31,24.59,16.13,7.14,192.0,0.341,23.0,11.98,16.0,8.33,0.97,0.23299999999999993,21.85,10.53,14.84,25.37,29.68,12.85,671.0,0.241,144.0,21.46,46.0,6.86,0.696,0.159,27.32,12.93,16.3,29.23,30.43,19.54
747190,2024-06-12,2024,650859,R,656756,L,single,False,False,45.0,0.419,7.0,15.56,2.0,4.44,1.049,0.186,25.53,15.69,7.84,23.53,47.56,14.0,124.0,0.324,22.0,17.74,10.0,8.06,0.928,0.217,25.43,13.56,9.89,23.45,30.28,18.64,192.0,0.341,23.0,11.98,16.0,8.33,0.97,0.23299999999999993,21.85,10.53,14.84,25.37,29.68,12.85,671.0,0.241,144.0,21.46,46.0,6.86,0.696,0.159,27.32,12.93,16.3,29.23,30.43,19.54
747190,2024-06-12,2024,621493,R,656756,L,walk,False,True,59.0,0.365,13.0,22.03,6.0,10.17,0.982,0.19300000000000006,26.6,10.64,22.13,32.77,21.93,22.41,116.0,0.303,19.0,16.38,12.0,10.34,0.896,0.222,15.0,6.62,15.67,22.3,23.32,14.73,192.0,0.341,23.0,11.98,16.0,8.33,0.97,0.23299999999999993,21.85,10.53,14.84,25.37,29.68,12.85,671.0,0.241,144.0,21.46,46.0,6.86,0.696,0.159,27.32,12.93,16.3,29.23,30.43,19.54
747190,2024-06-12,2024,607680,R,656756,L,field_out,False,False,54.0,0.42,8.0,14.81,3.0,5.56,1.223,0.34,23.3,11.43,13.33,24.76,33.91,14.81,111.0,0.25,28.0,25.23,2.0,1.8,0.733,0.2219999999999999,28.46,16.17,12.7,28.87,40.87,21.05,192.0,0.341,23.0,11.98,16.0,8.33,0.97,0.23299999999999993,21.85,10.53,14.84,25.37,29.68,12.85,671.0,0.241,144.0,21.46,46.0,6.86,0.696,0.159,27.32,12.93,16.3,29.23,30.43,19.54
747190,2024-06-12,2024,641432,L,656756,L,field_out,False,False,23.0,0.238,1.0,4.35,2.0,8.7,0.542,0.0,15.79,7.69,14.1,21.79,30.56,6.25,10.0,0.0,5.0,50.0,1.0,10.0,0.1,0.0,31.58,13.33,13.33,26.67,32.14,29.41,41.0,0.211,9.0,21.95,3.0,7.32,0.531,0.05200000000000002,32.86,15.13,17.76,32.89,27.63,21.43,106.0,0.277,22.0,20.75,2.0,1.89,0.639,0.0699999999999999,17.13,8.36,18.6,26.95,26.71,20.37
747190,2024-06-12,2024,606466,R,660761,L,walk,False,True,109.0,0.337,12.0,11.01,9.0,8.26,1.1280000000000001,0.38699999999999996,21.43,11.48,10.38,21.86,34.09,13.04,199.0,0.313,24.0,12.06,17.0,8.54,0.879,0.184,19.78,9.92,12.91,22.83,31.78,12.7,100.0,0.277,21.0,21.0,14.0,14.0,0.9440000000000001,0.277,28.02,12.35,14.29,26.63,28.21,17.36,132.0,0.336,24.0,18.18,16.0,12.12,1.057,0.301,29.55,14.48,13.69,28.17,28.06,16.44
747190,2024-06-12,2024,672515,R,660761,L,grounded_into_double_play,False,False,73.0,0.239,9.0,12.33,5.0,6.85,0.601,0.07400000000000001,16.78,7.62,19.51,27.13,26.14,8.65,116.0,0.352,32.0,27.59,5.0,4.31,0.899,0.176,20.55,9.15,21.54,30.69,27.88,22.38,100.0,0.277,21.0,21.0,14.0,14.0,0.9440000000000001,0.277,28.02,12.35,14.29,26.63,28.21,17.36,132.0,0.336,24.0,18.18,16.0,12.12,1.057,0.301,29.55,14.48,13.69,28.17,28.06,16.44
747190,2024-06-12,2024,666971,R,660761,L,single,False,False,80.0,0.325,15.0,18.75,3.0,3.75,0.895,0.22000000000000003,21.38,10.83,17.2,28.03,38.04,14.56,160.0,0.301,18.0,11.25,12.0,7.5,0.8140000000000001,0.151,14.39,6.67,17.26,23.93,28.33,12.16,100.0,0.277,21.0,21.0,14.0,14.0,0.9440000000000001,0.277,28.02,12.35,14.29,26.63,28.21,17.36,132.0,0.336,24.0,18.18,16.0,12.12,1.057,0.301,29.55,14.48,13.69,28.17,28.06,16.44
747190,2024-06-12,2024,572233,R,660761,L,strikeout,True,False,79.0,0.268,25.0,31.65,7.0,8.86,0.766,0.16899999999999998,30.06,14.04,15.76,29.8,24.43,19.69,168.0,0.255,32.0,19.05,20.0,11.9,0.922,0.3189999999999999,27.22,12.57,12.85,25.42,24.16,14.55,100.0,0.277,21.0,21.0,14.0,14.0,0.9440000000000001,0.277,28.02,12.35,14.29,26.63,28.21,17.36,132.0,0.336,24.0,18.18,16.0,12.12,1.057,0.301,29.55,14.48,13.69,28.17,28.06,16.44
747190,2024-06-12,2024,681351,R,656756,L,strikeout,True,False,54.0,0.235,15.0,27.78,3.0,5.56,0.7290000000000001,0.21600000000000003,25.69,12.73,15.91,28.64,29.09,19.74,46.0,0.293,10.0,21.74,5.0,10.87,0.931,0.268,32.47,14.79,15.38,30.18,27.27,22.73,192.0,0.341,23.0,11.98,16.0,8.33,0.97,0.23299999999999993,21.85,10.53,14.84,25.37,29.68,12.85,671.0,0.241,144.0,21.46,46.0,6.86,0.696,0.159,27.32,12.93,16.3,29.23,30.43,19.54
747190,2024-06-12,2024,694384,L,656756,L,field_out,False,False,50.0,0.195,8.0,16.0,5.0,10.0,0.627,0.14600000000000002,11.76,4.47,21.79,26.26,15.29,17.39,29.0,0.217,4.0,13.79,6.0,20.69,0.64,0.044,12.5,4.55,21.82,26.36,21.05,15.38,41.0,0.211,9.0,21.95,3.0,7.32,0.531,0.05200000000000002,32.86,15.13,17.76,32.89,27.63,21.43,106.0,0.277,22.0,20.75,2.0,1.89,0.639,0.0699999999999999,17.13,8.36,18.6,26.95,26.71,20.37
747190,2024-06-12,2024,666176,R,656756,L,strikeout,True,False,50.0,0.255,11.0,22.0,3.0,6.0,1.023,0.46799999999999997,35.96,19.07,8.84,27.91,31.09,15.71,19.0,0.211,7.0,36.84,0.0,0.0,0.6849999999999999,0.263,34.09,18.29,13.41,31.71,34.21,21.88,192.0,0.341,23.0,11.98,16.0,8.33,0.97,0.23299999999999993,21.85,10.53,14.84,25.37,29.68,12.85,671.0,0.241,144.0,21.46,46.0,6.86,0.696,0.159,27.32,12.93,16.3,29.23,30.43,19.54
747190,2024-06-12,2024,545341,R,660761,L,triple,False,False,76.0,0.313,9.0,11.84,5.0,6.58,0.831,0.15000000000000002,19.08,9.12,15.69,24.82,27.54,13.24,134.0,0.328,17.0,12.69,12.0,8.96,0.995,0.2789999999999999,21.25,10.26,14.29,24.55,32.84,12.78,100.0,0.277,21.0,21.0,14.0,14.0,0.9440000000000001,0.277,28.02,12.35,14.29,26.63,28.21,17.36,132.0,0.336,24.0,18.18,16.0,12.12,1.057,0.301,29.55,14.48,13.69,28.17,28.06,16.44
747190,2024-06-12,2024,553993,R,660761,L,strikeout,True,False,73.0,0.21,24.0,32.88,8.0,10.96,0.575,0.06400000000000003,31.2,12.96,19.6,32.56,23.18,28.24,158.0,0.252,53.0,33.54,22.0,13.92,0.743,0.13,34.48,14.75,15.49,30.24,22.05,25.0,100.0,0.277,21.0,21.0,14.0,14.0,0.9440000000000001,0.277,28.02,12.35,14.29,26.63,28.21,17.36,132.0,0.336,24.0,18.18,16.0,12.12,1.057,0.301,29.55,14.48,13.69,28.17,28.06,16.44
747190,2024-06-12,2024,682998,L,660761,L,triple,False,False,95.0,0.209,18.0,18.95,6.0,6.32,0.565,0.08199999999999999,20.12,9.07,18.96,28.02,31.38,18.0,174.0,0.283,20.0,11.49,11.0,6.32,0.7210000000000001,0.099,19.57,8.84,18.17,27.0,25.0,14.71,62.0,0.296,16.0,25.81,7.0,11.29,0.887,0.20400000000000001,30.36,12.78,16.54,29.32,26.62,20.25,33.0,0.276,4.0,12.12,4.0,12.12,0.778,0.1379999999999999,23.53,10.0,15.83,25.83,18.18,14.81
747190,2024-06-12,2024,677942,R,660761,L,hit_by_pitch,False,False,67.0,0.35,19.0,28.36,6.0,8.96,0.9510000000000001,0.18300000000000005,26.09,13.19,12.45,25.64,23.02,20.0,,,,,,,,,,,,,,,100.0,0.277,21.0,21.0,14.0,14.0,0.9440000000000001,0.277,28.02,12.35,14.29,26.63,28.21,17.36,132.0,0.336,24.0,18.18,16.0,12.12,1.057,0.301,29.55,14.48,13.69,28.17,28.06,16.44
747190,2024-06-12,2024,672695,R,660761,L,single,False,False,11.0,0.273,1.0,9.09,0.0,0.0,0.546,0.0,0.0,0.0,26.32,26.32,14.29,10.0,71.0,0.242,6.0,8.45,4.0,5.63,0.5780000000000001,0.032,11.11,4.68,20.14,24.82,19.85,7.59,100.0,0.277,21.0,21.0,14.0,14.0,0.9440000000000001,0.277,28.02,12.35,14.29,26.63,28.21,17.36,132.0,0.336,24.0,18.18,16.0,12.12,1.057,0.301,29.55,14.48,13.69,28.17,28.06,16.44
747190,2024-06-12,2024,606466,R,660761,L,grounded_into_double_play,False,False,109.0,0.337,12.0,11.01,9.0,8.26,1.1280000000000001,0.38699999999999996,21.43,11.48,10.38,21.86,34.09,13.04,199.0,0.313,24.0,12.06,17.0,8.54,0.879,0.184,19.78,9.92,12.91,22.83,31.78,12.7,100.0,0.277,21.0,21.0,14.0,14.0,0.9440000000000001,0.277,28.02,12.35,14.29,26.63,28.21,17.36,132.0,0.336,24.0,18.18,16.0,12.12,1.057,0.301,29.55,14.48,13.69,28.17,28.06,16.44
747190,2024-06-12,2024,687263,R,656756,L,field_out,False,False,43.0,0.405,9.0,20.93,1.0,2.33,0.9670000000000001,0.14300000000000002,24.18,13.75,13.75,27.5,38.89,16.67,67.0,0.237,15.0,22.39,2.0,2.99,0.786,0.221,28.57,13.88,15.92,29.8,31.5,25.42,192.0,0.341,23.0,11.98,16.0,8.33,0.97,0.23299999999999993,21.85,10.53,14.84,25.37,29.68,12.85,671.0,0.241,144.0,21.46,46.0,6.86,0.696,0.159,27.32,12.93,16.3,29.23,30.43,19.54
747190,2024-06-12,2024,683021,R,656756,L,single,False,False,3.0,0.667,0.0,0.0,0.0,0.0,1.334,0.0,20.0,8.33,8.33,16.67,0.0,0.0,19.0,0.125,1.0,5.26,3.0,15.79,0.451,0.063,8.33,3.28,21.31,24.59,16.13,7.14,192.0,0.341,23.0,11.98,16.0,8.33,0.97,0.23299999999999993,21.85,10.53,14.84,25.37,29.68,12.85,671.0,0.241,144.0,21.46,46.0,6.86,0.696,0.159,27.32,12.93,16.3,29.23,30.43,19.54
747190,2024-06-12,2024,650859,R,656756,L,field_out,False,False,45.0,0.419,7.0,15.56,2.0,4.44,1.049,0.186,25.53,15.69,7.84,23.53,47.56,14.0,124.0,0.324,22.0,17.74,10.0,8.06,0.928,0.217,25.43,13.56,9.89,23.45,30.28,18.64,192.0,0.341,23.0,11.98,16.0,8.33,0.97,0.23299999999999993,21.85,10.53,14.84,25.37,29.68,12.85,671.0,0.241,144.0,21.46,46.0,6.86,0.696,0.159,27.32,12.93,16.3,29.23,30.43,19.54
747190,2024-06-12,2024,621493,R,656756,L,double,False,False,59.0,0.365,13.0,22.03,6.0,10.17,0.982,0.19300000000000006,26.6,10.64,22.13,32.77,21.93,22.41,116.0,0.303,19.0,16.38,12.0,10.34,0.896,0.222,15.0,6.62,15.67,22.3,23.32,14.73,192.0,0.341,23.0,11.98,16.0,8.33,0.97,0.23299999999999993,21.85,10.53,14.84,25.37,29.68,12.85,671.0,0.241,144.0,21.46,46.0,6.86,0.696,0.159,27.32,12.93,16.3,29.23,30.43,19.54
747190,2024-06-12,2024,607680,R,656756,L,double,False,False,54.0,0.42,8.0,14.81,3.0,5.56,1.223,0.34,23.3,11.43,13.33,24.76,33.91,14.81,111.0,0.25,28.0,25.23,2.0,1.8,0.733,0.2219999999999999,28.46,16.17,12.7,28.87,40.87,21.05,192.0,0.341,23.0,11.98,16.0,8.33,0.97,0.23299999999999993,21.85,10.53,14.84,25.37,29.68,12.85,671.0,0.241,144.0,21.46,46.0,6.86,0.696,0.159,27.32,12.93,16.3,29.23,30.43,19.54
747190,2024-06-12,2024,641432,L,656756,L,field_out,False,False,23.0,0.238,1.0,4.35,2.0,8.7,0.542,0.0,15.79,7.69,14.1,21.79,30.56,6.25,10.0,0.0,5.0,50.0,1.0,10.0,0.1,0.0,31.58,13.33,13.33,26.67,32.14,29.41,41.0,0.211,9.0,21.95,3.0,7.32,0.531,0.05200000000000002,32.86,15.13,17.76,32.89,27.63,21.43,106.0,0.277,22.0,20.75,2.0,1.89,0.639,0.0699999999999999,17.13,8.36,18.6,26.95,26.71,20.37
747190,2024-06-12,2024,672515,R,660761,L,double,False,False,73.0,0.239,9.0,12.33,5.0,6.85,0.601,0.07400000000000001,16.78,7.62,19.51,27.13,26.14,8.65,116.0,0.352,32.0,27.59,5.0,4.31,0.899,0.176,20.55,9.15,21.54,30.69,27.88,22.38,100.0,0.277,21.0,21.0,14.0,14.0,0.9440000000000001,0.277,28.02,12.35,14.29,26.63,28.21,17.36,132.0,0.336,24.0,18.18,16.0,12.12,1.057,0.301,29.55,14.48,13.69,28.17,28.06,16.44
747190,2024-06-12,2024,666971,R,660761,L,field_out,False,False,80.0,0.325,15.0,18.75,3.0,3.75,0.895,0.22000000000000003,21.38,10.83,17.2,28.03,38.04,14.56,160.0,0.301,18.0,11.25,12.0,7.5,0.8140000000000001,0.151,14.39,6.67,17.26,23.93,28.33,12.16,100.0,0.277,21.0,21.0,14.0,14.0,0.9440000000000001,0.277,28.02,12.35,14.29,26.63,28.21,17.36,132.0,0.336,24.0,18.18,16.0,12.12,1.057,0.301,29.55,14.48,13.69,28.17,28.06,16.44
747190,2024-06-12,2024,572233,R,660761,L,strikeout,True,False,79.0,0.268,25.0,31.65,7.0,8.86,0.766,0.16899999999999998,30.06,14.04,15.76,29.8,24.43,19.69,168.0,0.255,32.0,19.05,20.0,11.9,0.922,0.3189999999999999,27.22,12.57,12.85,25.42,24.16,14.55,100.0,0.277,21.0,21.0,14.0,14.0,0.9440000000000001,0.277,28.02,12.35,14.29,26.63,28.21,17.36,132.0,0.336,24.0,18.18,16.0,12.12,1.057,0.301,29.55,14.48,13.69,28.17,28.06,16.44
747190,2024-06-12,2024,545341,R,660761,L,home_run,False,False,76.0,0.313,9.0,11.84,5.0,6.58,0.831,0.15000000000000002,19.08,9.12,15.69,24.82,27.54,13.24,134.0,0.328,17.0,12.69,12.0,8.96,0.995,0.2789999999999999,21.25,10.26,14.29,24.55,32.84,12.78,100.0,0.277,21.0,21.0,14.0,14.0,0.9440000000000001,0.277,28.02,12.35,14.29,26.63,28.21,17.36,132.0,0.336,24.0,18.18,16.0,12.12,1.057,0.301,29.55,14.48,13.69,28.17,28.06,16.44
747190,2024-06-12,2024,553993,R,608334,R,strikeout,True,False,189.0,0.192,52.0,27.51,9.0,4.76,0.575,0.134,30.43,14.78,15.44,30.21,28.04,22.51,537.0,0.227,161.0,29.98,48.0,8.94,0.706,0.167,32.3,14.54,16.91,31.45,23.96,22.87,64.0,0.189,20.0,31.25,10.0,15.62,0.573,0.055999999999999994,27.87,12.64,14.87,27.51,33.79,24.39,17.0,0.214,1.0,5.88,3.0,17.65,0.782,0.215,12.5,4.48,17.91,22.39,14.71,9.09
747190,2024-06-12,2024,681351,R,656756,L,field_out,False,False,54.0,0.235,15.0,27.78,3.0,5.56,0.7290000000000001,0.21600000000000003,25.69,12.73,15.91,28.64,29.09,19.74,46.0,0.293,10.0,21.74,5.0,10.87,0.931,0.268,32.47,14.79,15.38,30.18,27.27,22.73,192.0,0.341,23.0,11.98,16.0,8.33,0.97,0.23299999999999993,21.85,10.53,14.84,25.37,29.68,12.85,671.0,0.241,144.0,21.46,46.0,6.86,0.696,0.159,27.32,12.93,16.3,29.23,30.43,19.54
747190,2024-06-12,2024,694384,L,656756,L,field_out,False,False,50.0,0.195,8.0,16.0,5.0,10.0,0.627,0.14600000000000002,11.76,4.47,21.79,26.26,15.29,17.39,29.0,0.217,4.0,13.79,6.0,20.69,0.64,0.044,12.5,4.55,21.82,26.36,21.05,15.38,41.0,0.211,9.0,21.95,3.0,7.32,0.531,0.05200000000000002,32.86,15.13,17.76,32.89,27.63,21.43,106.0,0.277,22.0,20.75,2.0,1.89,0.639,0.0699999999999999,17.13,8.36,18.6,26.95,26.71,20.37
747190,2024-06-12,2024,666176,R,656756,L,strikeout,True,False,50.0,0.255,11.0,22.0,3.0,6.0,1.023,0.46799999999999997,35.96,19.07,8.84,27.91,31.09,15.71,19.0,0.211,7.0,36.84,0.0,0.0,0.6849999999999999,0.263,34.09,18.29,13.41,31.71,34.21,21.88,192.0,0.341,23.0,11.98,16.0,8.33,0.97,0.23299999999999993,21.85,10.53,14.84,25.37,29.68,12.85,671.0,0.241,144.0,21.46,46.0,6.86,0.696,0.159,27.32,12.93,16.3,29.23,30.43,19.54
747190,2024-06-12,2024,682998,L,608334,R,double,False,False,188.0,0.215,34.0,18.09,23.0,12.23,0.633,0.10400000000000001,21.34,9.34,16.74,26.08,25.84,18.99,472.0,0.286,105.0,22.25,46.0,9.75,0.921,0.266,22.34,10.24,16.27,26.51,28.83,21.92,63.0,0.189,9.0,14.29,8.0,12.7,0.751,0.245,25.49,10.79,15.77,26.56,27.21,14.75,22.0,0.15,5.0,22.73,1.0,4.55,0.527,0.15,25.58,12.22,16.67,28.89,26.19,17.86
747190,2024-06-12,2024,677942,R,608334,R,field_out,False,False,75.0,0.232,18.0,24.0,6.0,8.0,0.597,0.07199999999999998,29.29,14.75,14.03,28.78,35.37,21.69,,,,,,,,,,,,,,,64.0,0.189,20.0,31.25,10.0,15.62,0.573,0.055999999999999994,27.87,12.64,14.87,27.51,33.79,24.39,17.0,0.214,1.0,5.88,3.0,17.65,0.782,0.215,12.5,4.48,17.91,22.39,14.71,9.09
747190,2024-06-12,2024,672695,L,608334,R,walk,False,True,21.0,0.294,2.0,9.52,3.0,14.29,0.782,0.059,9.09,3.45,24.14,27.59,18.6,7.14,424.0,0.246,80.0,18.87,60.0,14.15,0.736,0.128,15.84,6.08,21.64,27.72,16.63,14.68,63.0,0.189,9.0,14.29,8.0,12.7,0.751,0.245,25.49,10.79,15.77,26.56,27.21,14.75,22.0,0.15,5.0,22.73,1.0,4.55,0.527,0.15,25.58,12.22,16.67,28.89,26.19,17.86
747190,2024-06-12,2024,606466,L,608334,R,field_out,False,False,183.0,0.244,43.0,23.5,17.0,9.29,0.673,0.118,24.1,11.49,14.22,25.72,26.06,21.21,452.0,0.259,85.0,18.81,54.0,11.95,0.827,0.2199999999999999,20.87,9.03,16.76,25.8,21.17,17.28,63.0,0.189,9.0,14.29,8.0,12.7,0.751,0.245,25.49,10.79,15.77,26.56,27.21,14.75,22.0,0.15,5.0,22.73,1.0,4.55,0.527,0.15,25.58,12.22,16.67,28.89,26.19,17.86
747190,2024-06-12,2024,672515,R,608334,R,strikeout,True,False,118.0,0.24,21.0,17.8,13.0,11.02,0.696,0.125,18.18,7.44,21.53,28.96,20.75,14.38,264.0,0.253,43.0,16.29,24.0,9.09,0.6779999999999999,0.0989999999999999,19.31,7.98,21.75,29.72,25.58,15.58,64.0,0.189,20.0,31.25,10.0,15.62,0.573,0.055999999999999994,27.87,12.64,14.87,27.51,33.79,24.39,17.0,0.214,1.0,5.88,3.0,17.65,0.782,0.215,12.5,4.48,17.91,22.39,14.71,9.09
747190,2024-06-12,2024,687263,R,656756,L,field_out,False,False,43.0,0.405,9.0,20.93,1.0,2.33,0.9670000000000001,0.14300000000000002,24.18,13.75,13.75,27.5,38.89,16.67,67.0,0.237,15.0,22.39,2.0,2.99,0.786,0.221,28.57,13.88,15.92,29.8,31.5,25.42,192.0,0.341,23.0,11.98,16.0,8.33,0.97,0.23299999999999993,21.85,10.53,14.84,25.37,29.68,12.85,671.0,0.241,144.0,21.46,46.0,6.86,0.696,0.159,27.32,12.93,16.3,29.23,30.43,19.54
747190,2024-06-12,2024,683021,R,656756,L,single,False,False,3.0,0.667,0.0,0.0,0.0,0.0,1.334,0.0,20.0,8.33,8.33,16.67,0.0,0.0,19.0,0.125,1.0,5.26,3.0,15.79,0.451,0.063,8.33,3.28,21.31,24.59,16.13,7.14,192.0,0.341,23.0,11.98,16.0,8.33,0.97,0.23299999999999993,21.85,10.53,14.84,25.37,29.68,12.85,671.0,0.241,144.0,21.46,46.0,6.86,0.696,0.159,27.32,12.93,16.3,29.23,30.43,19.54
747190,2024-06-12,2024,650859,R,656756,L,grounded_into_double_play,False,False,45.0,0.419,7.0,15.56,2.0,4.44,1.049,0.186,25.53,15.69,7.84,23.53,47.56,14.0,124.0,0.324,22.0,17.74,10.0,8.06,0.928,0.217,25.43,13.56,9.89,23.45,30.28,18.64,192.0,0.341,23.0,11.98,16.0,8.33,0.97,0.23299999999999993,21.85,10.53,14.84,25.37,29.68,12.85,671.0,0.241,144.0,21.46,46.0,6.86,0.696,0.159,27.32,12.93,16.3,29.23,30.43,19.54
747190,2024-06-12,2024,666971,R,608334,R,field_out,False,False,186.0,0.223,34.0,18.28,9.0,4.84,0.618,0.12599999999999997,21.01,10.65,15.77,26.42,31.81,16.5,433.0,0.247,85.0,19.63,21.0,4.85,0.756,0.22,20.07,9.99,16.64,26.63,31.06,17.82,64.0,0.189,20.0,31.25,10.0,15.62,0.573,0.055999999999999994,27.87,12.64,14.87,27.51,33.79,24.39,17.0,0.214,1.0,5.88,3.0,17.65,0.782,0.215,12.5,4.48,17.91,22.39,14.71,9.09
747190,2024-06-12,2024,572233,R,608334,R,field_out,False,False,208.0,0.244,48.0,23.08,25.0,12.02,0.79,0.20500000000000002,26.0,12.64,12.98,25.63,25.87,16.38,497.0,0.259,95.0,19.11,42.0,8.45,0.8009999999999999,0.2129999999999999,26.19,12.83,14.15,26.98,26.84,15.33,64.0,0.189,20.0,31.25,10.0,15.62,0.573,0.055999999999999994,27.87,12.64,14.87,27.51,33.79,24.39,17.0,0.214,1.0,5.88,3.0,17.65,0.782,0.215,12.5,4.48,17.91,22.39,14.71,9.09
747190,2024-06-12,2024,545341,R,608334,R,double,False,False,33.0,0.323,5.0,15.15,2.0,6.06,0.88,0.193,20.37,8.94,21.14,30.08,25.0,13.89,338.0,0.244,79.0,23.37,17.0,5.03,0.6950000000000001,0.157,28.73,14.51,15.56,30.06,36.02,21.7,64.0,0.189,20.0,31.25,10.0,15.62,0.573,0.055999999999999994,27.87,12.64,14.87,27.51,33.79,24.39,17.0,0.214,1.0,5.88,3.0,17.65,0.782,0.215,12.5,4.48,17.91,22.39,14.71,9.09
747190,2024-06-12,2024,553993,R,608334,R,hit_by_pitch,False,False,189.0,0.192,52.0,27.51,9.0,4.76,0.575,0.134,30.43,14.78,15.44,30.21,28.04,22.51,537.0,0.227,161.0,29.98,48.0,8.94,0.706,0.167,32.3,14.54,16.91,31.45,23.96,22.87,64.0,0.189,20.0,31.25,10.0,15.62,0.573,0.055999999999999994,27.87,12.64,14.87,27.51,33.79,24.39,17.0,0.214,1.0,5.88,3.0,17.65,0.782,0.215,12.5,4.48,17.91,22.39,14.71,9.09
747190,2024-06-12,2024,682998,L,608334,R,walk,False,True,188.0,0.215,34.0,18.09,23.0,12.23,0.633,0.10400000000000001,21.34,9.34,16.74,26.08,25.84,18.99,472.0,0.286,105.0,22.25,46.0,9.75,0.921,0.266,22.34,10.24,16.27,26.51,28.83,21.92,63.0,0.189,9.0,14.29,8.0,12.7,0.751,0.245,25.49,10.79,15.77,26.56,27.21,14.75,22.0,0.15,5.0,22.73,1.0,4.55,0.527,0.15,25.58,12.22,16.67,28.89,26.19,17.86
747190,2024-06-12,2024,677942,R,608334,R,field_out,False,False,75.0,0.232,18.0,24.0,6.0,8.0,0.597,0.07199999999999998,29.29,14.75,14.03,28.78,35.37,21.69,,,,,,,,,,,,,,,64.0,0.189,20.0,31.25,10.0,15.62,0.573,0.055999999999999994,27.87,12.64,14.87,27.51,33.79,24.39,17.0,0.214,1.0,5.88,3.0,17.65,0.782,0.215,12.5,4.48,17.91,22.39,14.71,9.09
747190,2024-06-12,2024,621493,R,656756,L,home_run,False,False,59.0,0.365,13.0,22.03,6.0,10.17,0.982,0.19300000000000006,26.6,10.64,22.13,32.77,21.93,22.41,116.0,0.303,19.0,16.38,12.0,10.34,0.896,0.222,15.0,6.62,15.67,22.3,23.32,14.73,192.0,0.341,23.0,11.98,16.0,8.33,0.97,0.23299999999999993,21.85,10.53,14.84,25.37,29.68,12.85,671.0,0.241,144.0,21.46,46.0,6.86,0.696,0.159,27.32,12.93,16.3,29.23,30.43,19.54
747190,2024-06-12,2024,607680,R,656756,L,field_out,False,False,54.0,0.42,8.0,14.81,3.0,5.56,1.223,0.34,23.3,11.43,13.33,24.76,33.91,14.81,111.0,0.25,28.0,25.23,2.0,1.8,0.733,0.2219999999999999,28.46,16.17,12.7,28.87,40.87,21.05,192.0,0.341,23.0,11.98,16.0,8.33,0.97,0.23299999999999993,21.85,10.53,14.84,25.37,29.68,12.85,671.0,0.241,144.0,21.46,46.0,6.86,0.696,0.159,27.32,12.93,16.3,29.23,30.43,19.54
747190,2024-06-12,2024,641432,L,656756,L,field_out,False,False,23.0,0.238,1.0,4.35,2.0,8.7,0.542,0.0,15.79,7.69,14.1,21.79,30.56,6.25,10.0,0.0,5.0,50.0,1.0,10.0,0.1,0.0,31.58,13.33,13.33,26.67,32.14,29.41,41.0,0.211,9.0,21.95,3.0,7.32,0.531,0.05200000000000002,32.86,15.13,17.76,32.89,27.63,21.43,106.0,0.277,22.0,20.75,2.0,1.89,0.639,0.0699999999999999,17.13,8.36,18.6,26.95,26.71,20.37
747190,2024-06-12,2024,681351,R,656464,R,double,False,False,158.0,0.29,37.0,23.42,10.0,6.33,0.7989999999999999,0.16500000000000004,32.23,16.19,15.86,32.05,34.59,18.37,154.0,0.22,38.0,24.68,9.0,5.84,0.757,0.262,32.06,17.0,13.8,30.81,36.07,19.69,52.0,0.286,6.0,11.54,2.0,3.85,0.694,0.08100000000000002,18.95,9.18,14.8,23.98,26.88,11.76,151.0,0.185,41.0,27.15,13.0,8.61,0.5469999999999999,0.1039999999999999,30.77,14.13,15.57,29.7,28.31,21.24
747190,2024-06-12,2024,694384,L,656464,R,field_out,False,False,185.0,0.21,35.0,18.92,12.0,6.49,0.595,0.11300000000000002,15.53,6.66,21.91,28.57,25.21,15.6,104.0,0.291,15.0,14.42,14.0,13.46,0.7569999999999999,0.0579999999999999,18.78,8.02,17.92,25.94,20.47,11.45,62.0,0.259,15.0,24.19,3.0,4.84,0.721,0.172,23.39,11.42,15.35,26.77,33.58,16.87,104.0,0.176,29.0,27.88,11.0,10.58,0.5549999999999999,0.1099999999999999,31.73,15.1,13.73,28.83,30.34,19.58
747190,2024-06-12,2024,672695,L,608334,R,field_out,False,False,21.0,0.294,2.0,9.52,3.0,14.29,0.782,0.059,9.09,3.45,24.14,27.59,18.6,7.14,424.0,0.246,80.0,18.87,60.0,14.15,0.736,0.128,15.84,6.08,21.64,27.72,16.63,14.68,63.0,0.189,9.0,14.29,8.0,12.7,0.751,0.245,25.49,10.79,15.77,26.56,27.21,14.75,22.0,0.15,5.0,22.73,1.0,4.55,0.527,0.15,25.58,12.22,16.67,28.89,26.19,17.86
747190,2024-06-12,2024,606466,L,608334,R,walk,False,True,183.0,0.244,43.0,23.5,17.0,9.29,0.673,0.118,24.1,11.49,14.22,25.72,26.06,21.21,452.0,0.259,85.0,18.81,54.0,11.95,0.827,0.2199999999999999,20.87,9.03,16.76,25.8,21.17,17.28,63.0,0.189,9.0,14.29,8.0,12.7,0.751,0.245,25.49,10.79,15.77,26.56,27.21,14.75,22.0,0.15,5.0,22.73,1.0,4.55,0.527,0.15,25.58,12.22,16.67,28.89,26.19,17.86
747190,2024-06-12,2024,672515,R,643256,R,double,False,False,118.0,0.24,21.0,17.8,13.0,11.02,0.696,0.125,18.18,7.44,21.53,28.96,20.75,14.38,264.0,0.253,43.0,16.29,24.0,9.09,0.6779999999999999,0.0989999999999999,19.31,7.98,21.75,29.72,25.58,15.58,64.0,0.192,10.0,15.62,7.0,10.94,0.5860000000000001,0.07700000000000001,16.83,7.23,19.15,26.38,28.69,14.71,59.0,0.268,5.0,8.47,0.0,0.0,0.734,0.178,9.38,4.43,22.66,27.09,35.16,9.26
747190,2024-06-12,2024,666971,R,643256,R,single,False,False,186.0,0.223,34.0,18.28,9.0,4.84,0.618,0.12599999999999997,21.01,10.65,15.77,26.42,31.81,16.5,433.0,0.247,85.0,19.63,21.0,4.85,0.756,0.22,20.07,9.99,16.64,26.63,31.06,17.82,64.0,0.192,10.0,15.62,7.0,10.94,0.5860000000000001,0.07700000000000001,16.83,7.23,19.15,26.38,28.69,14.71,59.0,0.268,5.0,8.47,0.0,0.0,0.734,0.178,9.38,4.43,22.66,27.09,35.16,9.26
747190,2024-06-12,2024,572233,R,643256,R,field_out,False,False,208.0,0.244,48.0,23.08,25.0,12.02,0.79,0.20500000000000002,26.0,12.64,12.98,25.63,25.87,16.38,497.0,0.259,95.0,19.11,42.0,8.45,0.8009999999999999,0.2129999999999999,26.19,12.83,14.15,26.98,26.84,15.33,64.0,0.192,10.0,15.62,7.0,10.94,0.5860000000000001,0.07700000000000001,16.83,7.23,19.15,26.38,28.69,14.71,59.0,0.268,5.0,8.47,0.0,0.0,0.734,0.178,9.38,4.43,22.66,27.09,35.16,9.26
747190,2024-06-12,2024,545341,R,643256,R,walk,False,True,33.0,0.323,5.0,15.15,2.0,6.06,0.88,0.193,20.37,8.94,21.14,30.08,25.0,13.89,338.0,0.244,79.0,23.37,17.0,5.03,0.6950000000000001,0.157,28.73,14.51,15.56,30.06,36.02,21.7,64.0,0.192,10.0,15.62,7.0,10.94,0.5860000000000001,0.07700000000000001,16.83,7.23,19.15,26.38,28.69,14.71,59.0,0.268,5.0,8.47,0.0,0.0,0.734,0.178,9.38,4.43,22.66,27.09,35.16,9.26
747190,2024-06-12,2024,553993,R,690829,R,field_out,False,False,189.0,0.192,52.0,27.51,9.0,4.76,0.575,0.134,30.43,14.78,15.44,30.21,28.04,22.51,537.0,0.227,161.0,29.98,48.0,8.94,0.706,0.167,32.3,14.54,16.91,31.45,23.96,22.87,8.0,0.625,0.0,0.0,0.0,0.0,1.25,0.0,15.0,7.89,13.16,21.05,33.33,0.0,29.0,0.333,7.0,24.14,3.0,10.34,0.914,0.1669999999999999,25.0,12.1,19.35,31.45,33.33,17.07
747190,2024-06-12,2024,666176,R,679885,R,single,False,False,141.0,0.175,47.0,33.33,9.0,6.38,0.56,0.14200000000000002,31.21,15.15,15.15,30.29,30.3,22.93,43.0,0.205,18.0,41.86,4.0,9.3,0.7150000000000001,0.231,40.66,20.67,14.53,35.2,30.34,25.35,57.0,0.229,16.0,28.07,9.0,15.79,0.58,0.0,38.1,16.53,19.01,35.54,27.12,19.75,32.0,0.192,9.0,28.12,4.0,12.5,0.6519999999999999,0.1159999999999999,36.73,14.75,17.21,31.97,22.73,33.33
747190,2024-06-12,2024,687263,R,679885,R,field_out,False,False,192.0,0.203,48.0,25.0,12.0,6.25,0.633,0.16399999999999998,29.16,14.7,15.52,30.22,33.25,21.82,262.0,0.222,62.0,23.66,18.0,6.87,0.6599999999999999,0.1349999999999999,28.77,13.7,16.19,29.89,23.52,18.84,57.0,0.229,16.0,28.07,9.0,15.79,0.58,0.0,38.1,16.53,19.01,35.54,27.12,19.75,32.0,0.192,9.0,28.12,4.0,12.5,0.6519999999999999,0.1159999999999999,36.73,14.75,17.21,31.97,22.73,33.33
747190,2024-06-12,2024,683021,R,679885,R,strikeout,True,False,9.0,0.125,1.0,11.11,0.0,0.0,0.25,0.0,0.0,0.0,26.32,26.32,20.0,7.69,52.0,0.348,7.0,13.46,5.0,9.62,0.836,0.065,6.58,2.6,20.83,23.44,14.58,14.89,57.0,0.229,16.0,28.07,9.0,15.79,0.58,0.0,38.1,16.53,19.01,35.54,27.12,19.75,32.0,0.192,9.0,28.12,4.0,12.5,0.6519999999999999,0.1159999999999999,36.73,14.75,17.21,31.97,22.73,33.33
747190,2024-06-12,2024,650859,L,679885,R,caught_stealing_3b,False,False,152.0,0.279,21.0,13.82,10.0,6.58,0.728,0.11099999999999999,19.51,10.14,13.04,23.19,32.45,12.73,322.0,0.24,60.0,18.63,31.0,9.63,0.7270000000000001,0.166,24.18,11.79,13.87,25.66,28.19,14.39,40.0,0.088,12.0,30.0,5.0,12.5,0.32299999999999995,0.03,30.26,13.53,17.65,31.18,26.97,21.43,25.0,0.444,5.0,20.0,7.0,28.0,1.4329999999999998,0.3889999999999999,28.89,11.02,13.56,24.58,32.39,14.71
747190,2024-06-12,2024,682998,L,690829,R,single,False,False,188.0,0.215,34.0,18.09,23.0,12.23,0.633,0.10400000000000001,21.34,9.34,16.74,26.08,25.84,18.99,472.0,0.286,105.0,22.25,46.0,9.75,0.921,0.266,22.34,10.24,16.27,26.51,28.83,21.92,7.0,0.5,1.0,14.29,1.0,14.29,1.238,0.16700000000000004,38.46,23.81,9.52,33.33,25.0,25.0,19.0,0.077,3.0,15.79,6.0,31.58,0.445,0.0,24.0,7.69,15.38,23.08,11.9,18.75
747190,2024-06-12,2024,592626,L,690829,R,strikeout,True,False,175.0,0.286,45.0,25.71,19.0,10.86,0.854,0.19,25.52,11.75,17.35,29.1,28.91,20.93,373.0,0.241,74.0,19.84,49.0,13.14,0.786,0.194,24.13,10.89,15.07,25.96,29.36,16.09,7.0,0.5,1.0,14.29,1.0,14.29,1.238,0.16700000000000004,38.46,23.81,9.52,33.33,25.0,25.0,19.0,0.077,3.0,15.79,6.0,31.58,0.445,0.0,24.0,7.69,15.38,23.08,11.9,18.75
747190,2024-06-12,2024,672695,L,690829,R,single,False,False,21.0,0.294,2.0,9.52,3.0,14.29,0.782,0.059,9.09,3.45,24.14,27.59,18.6,7.14,424.0,0.246,80.0,18.87,60.0,14.15,0.736,0.128,15.84,6.08,21.64,27.72,16.63,14.68,7.0,0.5,1.0,14.29,1.0,14.29,1.238,0.16700000000000004,38.46,23.81,9.52,33.33,25.0,25.0,19.0,0.077,3.0,15.79,6.0,31.58,0.445,0.0,24.0,7.69,15.38,23.08,11.9,18.75
747190,2024-06-12,2024,606466,L,690829,R,walk,False,True,183.0,0.244,43.0,23.5,17.0,9.29,0.673,0.118,24.1,11.49,14.22,25.72,26.06,21.21,452.0,0.259,85.0,18.81,54.0,11.95,0.827,0.2199999999999999,20.87,9.03,16.76,25.8,21.17,17.28,7.0,0.5,1.0,14.29,1.0,14.29,1.238,0.16700000000000004,38.46,23.81,9.52,33.33,25.0,25.0,19.0,0.077,3.0,15.79,6.0,31.58,0.445,0.0,24.0,7.69,15.38,23.08,11.9,18.75
747190,2024-06-12,2024,672515,R,690829,R,single,False,False,118.0,0.24,21.0,17.8,13.0,11.02,0.696,0.125,18.18,7.44,21.53,28.96,20.75,14.38,264.0,0.253,43.0,16.29,24.0,9.09,0.6779999999999999,0.0989999999999999,19.31,7.98,21.75,29.72,25.58,15.58,8.0,0.625,0.0,0.0,0.0,0.0,1.25,0.0,15.0,7.89,13.16,21.05,33.33,0.0,29.0,0.333,7.0,24.14,3.0,10.34,0.914,0.1669999999999999,25.0,12.1,19.35,31.45,33.33,17.07
747190,2024-06-12,2024,666971,R,519326,R,single,False,False,186.0,0.223,34.0,18.28,9.0,4.84,0.618,0.12599999999999997,21.01,10.65,15.77,26.42,31.81,16.5,433.0,0.247,85.0,19.63,21.0,4.85,0.756,0.22,20.07,9.99,16.64,26.63,31.06,17.82,77.0,0.219,16.0,20.78,3.0,3.9,0.671,0.19199999999999998,24.83,12.63,14.33,26.96,30.23,17.98,,,,,,,,,,,,,,
747190,2024-06-12,2024,572233,R,519326,R,field_out,False,False,208.0,0.244,48.0,23.08,25.0,12.02,0.79,0.20500000000000002,26.0,12.64,12.98,25.63,25.87,16.38,497.0,0.259,95.0,19.11,42.0,8.45,0.8009999999999999,0.2129999999999999,26.19,12.83,14.15,26.98,26.84,15.33,77.0,0.219,16.0,20.78,3.0,3.9,0.671,0.19199999999999998,24.83,12.63,14.33,26.96,30.23,17.98,,,,,,,,,,,,,,
747190,2024-06-12,2024,545341,R,519326,R,field_out,False,False,33.0,0.323,5.0,15.15,2.0,6.06,0.88,0.193,20.37,8.94,21.14,30.08,25.0,13.89,338.0,0.244,79.0,23.37,17.0,5.03,0.6950000000000001,0.157,28.73,14.51,15.56,30.06,36.02,21.7,77.0,0.219,16.0,20.78,3.0,3.9,0.671,0.19199999999999998,24.83,12.63,14.33,26.96,30.23,17.98,,,,,,,,,,,,,,
747190,2024-06-12,2024,650859,L,686826,R,strikeout,True,False,152.0,0.279,21.0,13.82,10.0,6.58,0.728,0.11099999999999999,19.51,10.14,13.04,23.19,32.45,12.73,322.0,0.24,60.0,18.63,31.0,9.63,0.7270000000000001,0.166,24.18,11.79,13.87,25.66,28.19,14.39,65.0,0.275,9.0,13.85,13.0,20.0,0.823,0.11699999999999999,21.43,9.38,11.81,21.18,22.14,9.09,37.0,0.207,1.0,2.7,7.0,18.92,0.661,0.103,11.67,4.64,13.91,18.54,9.76,2.56
747190,2024-06-12,2024,666160,L,686826,R,single,False,False,145.0,0.181,38.0,26.21,7.0,4.83,0.475,0.07300000000000001,28.05,16.0,11.65,27.65,36.46,20.32,259.0,0.293,93.0,35.91,7.0,2.7,0.8620000000000001,0.249,38.62,24.01,9.43,33.44,46.84,30.07,65.0,0.275,9.0,13.85,13.0,20.0,0.823,0.11699999999999999,21.43,9.38,11.81,21.18,22.14,9.09,37.0,0.207,1.0,2.7,7.0,18.92,0.661,0.103,11.67,4.64,13.91,18.54,9.76,2.56
747190,2024-06-12,2024,607680,R,686826,R,field_out,False,False,72.0,0.254,13.0,18.06,4.0,5.56,0.784,0.20600000000000002,21.48,10.86,16.1,26.97,37.24,14.13,95.0,0.202,22.0,23.16,4.0,4.21,0.58,0.1459999999999999,23.46,13.0,15.17,28.17,39.61,20.95,104.0,0.22,18.0,17.31,12.0,11.54,0.6910000000000001,0.154,23.96,11.27,16.91,28.19,27.0,15.52,55.0,0.151,11.0,20.0,2.0,3.64,0.484,0.151,22.22,10.05,15.98,26.03,30.25,18.03
747190,2024-06-12,2024,641432,L,686826,R,walk,False,True,103.0,0.299,13.0,12.62,5.0,4.85,0.763,0.134,14.13,6.81,16.49,23.3,24.73,13.98,139.0,0.256,15.0,10.79,13.0,9.35,0.756,0.176,14.22,5.56,19.54,25.1,21.32,10.83,65.0,0.275,9.0,13.85,13.0,20.0,0.823,0.11699999999999999,21.43,9.38,11.81,21.18,22.14,9.09,37.0,0.207,1.0,2.7,7.0,18.92,0.661,0.103,11.67,4.64,13.91,18.54,9.76,2.56
747190,2024-06-12,2024,642136,L,686826,R,double,False,False,54.0,0.261,17.0,31.48,7.0,12.96,0.7709999999999999,0.15199999999999997,41.11,16.82,15.91,32.73,25.81,26.15,266.0,0.215,71.0,26.69,31.0,11.65,0.6759999999999999,0.145,34.8,16.01,13.25,29.25,18.13,22.15,65.0,0.275,9.0,13.85,13.0,20.0,0.823,0.11699999999999999,21.43,9.38,11.81,21.18,22.14,9.09,37.0,0.207,1.0,2.7,7.0,18.92,0.661,0.103,11.67,4.64,13.91,18.54,9.76,2.56
747190,2024-06-12,2024,694384,L,686826,R,field_out,False,False,185.0,0.21,35.0,18.92,12.0,6.49,0.595,0.11300000000000002,15.53,6.66,21.91,28.57,25.21,15.6,104.0,0.291,15.0,14.42,14.0,13.46,0.7569999999999999,0.0579999999999999,18.78,8.02,17.92,25.94,20.47,11.45,65.0,0.275,9.0,13.85,13.0,20.0,0.823,0.11699999999999999,21.43,9.38,11.81,21.18,22.14,9.09,37.0,0.207,1.0,2.7,7.0,18.92,0.661,0.103,11.67,4.64,13.91,18.54,9.76,2.56
747190,2024-06-12,2024,553993,R,519326,R,field_out,False,False,189.0,0.192,52.0,27.51,9.0,4.76,0.575,0.134,30.43,14.78,15.44,30.21,28.04,22.51,537.0,0.227,161.0,29.98,48.0,8.94,0.706,0.167,32.3,14.54,16.91,31.45,23.96,22.87,77.0,0.219,16.0,20.78,3.0,3.9,0.671,0.19199999999999998,24.83,12.63,14.33,26.96,30.23,17.98,,,,,,,,,,,,,,
747190,2024-06-12,2024,682998,L,519326,R,field_out,False,False,188.0,0.215,34.0,18.09,23.0,12.23,0.633,0.10400000000000001,21.34,9.34,16.74,26.08,25.84,18.99,472.0,0.286,105.0,22.25,46.0,9.75,0.921,0.266,22.34,10.24,16.27,26.51,28.83,21.92,36.0,0.182,5.0,13.89,3.0,8.33,0.523,0.09100000000000003,15.87,6.62,20.53,27.15,22.37,12.82,,,,,,,,,,,,,,
747190,2024-06-12,2024,592626,L,519326,R,single,False,False,175.0,0.286,45.0,25.71,19.0,10.86,0.854,0.19,25.52,11.75,17.35,29.1,28.91,20.93,373.0,0.241,74.0,19.84,49.0,13.14,0.786,0.194,24.13,10.89,15.07,25.96,29.36,16.09,36.0,0.182,5.0,13.89,3.0,8.33,0.523,0.09100000000000003,15.87,6.62,20.53,27.15,22.37,12.82,,,,,,,,,,,,,,
747190,2024-06-12,2024,672695,L,519326,R,field_out,False,False,21.0,0.294,2.0,9.52,3.0,14.29,0.782,0.059,9.09,3.45,24.14,27.59,18.6,7.14,424.0,0.246,80.0,18.87,60.0,14.15,0.736,0.128,15.84,6.08,21.64,27.72,16.63,14.68,36.0,0.182,5.0,13.89,3.0,8.33,0.523,0.09100000000000003,15.87,6.62,20.53,27.15,22.37,12.82,,,,,,,,,,,,,,
747190,2024-06-12,2024,666176,R,686826,R,single,False,False,141.0,0.175,47.0,33.33,9.0,6.38,0.56,0.14200000000000002,31.21,15.15,15.15,30.29,30.3,22.93,43.0,0.205,18.0,41.86,4.0,9.3,0.7150000000000001,0.231,40.66,20.67,14.53,35.2,30.34,25.35,104.0,0.22,18.0,17.31,12.0,11.54,0.6910000000000001,0.154,23.96,11.27,16.91,28.19,27.0,15.52,55.0,0.151,11.0,20.0,2.0,3.64,0.484,0.151,22.22,10.05,15.98,26.03,30.25,18.03
747190,2024-06-12,2024,687263,R,686826,R,force_out,False,False,192.0,0.203,48.0,25.0,12.0,6.25,0.633,0.16399999999999998,29.16,14.7,15.52,30.22,33.25,21.82,262.0,0.222,62.0,23.66,18.0,6.87,0.6599999999999999,0.1349999999999999,28.77,13.7,16.19,29.89,23.52,18.84,104.0,0.22,18.0,17.31,12.0,11.54,0.6910000000000001,0.154,23.96,11.27,16.91,28.19,27.0,15.52,55.0,0.151,11.0,20.0,2.0,3.64,0.484,0.151,22.22,10.05,15.98,26.03,30.25,18.03
747190,2024-06-12,2024,683021,R,686826,R,field_out,False,False,9.0,0.125,1.0,11.11,0.0,0.0,0.25,0.0,0.0,0.0,26.32,26.32,20.0,7.69,52.0,0.348,7.0,13.46,5.0,9.62,0.836,0.065,6.58,2.6,20.83,23.44,14.58,14.89,104.0,0.22,18.0,17.31,12.0,11.54,0.6910000000000001,0.154,23.96,11.27,16.91,28.19,27.0,15.52,55.0,0.151,11.0,20.0,2.0,3.64,0.484,0.151,22.22,10.05,15.98,26.03,30.25,18.03
747190,2024-06-12,2024,650859,L,686826,R,force_out,False,False,152.0,0.279,21.0,13.82,10.0,6.58,0.728,0.11099999999999999,19.51,10.14,13.04,23.19,32.45,12.73,322.0,0.24,60.0,18.63,31.0,9.63,0.7270000000000001,0.166,24.18,11.79,13.87,25.66,28.19,14.39,65.0,0.275,9.0,13.85,13.0,20.0,0.823,0.11699999999999999,21.43,9.38,11.81,21.18,22.14,9.09,37.0,0.207,1.0,2.7,7.0,18.92,0.661,0.103,11.67,4.64,13.91,18.54,9.76,2.56
745981,2024-06-12,2024,687462,L,692230,R,strikeout,True,False,16.0,0.417,2.0,12.5,3.0,18.75,1.033,0.08300000000000002,9.52,3.57,16.07,19.64,13.04,16.67,38.0,0.265,10.0,26.32,3.0,7.89,0.754,0.1469999999999999,27.14,13.01,17.12,30.14,25.35,21.74,7.0,0.5,3.0,42.86,0.0,0.0,1.167,0.16700000000000004,35.71,17.86,14.29,32.14,35.71,37.5,,,,,,,,,,,,,,
745981,2024-06-12,2024,643376,R,692230,R,field_out,False,False,112.0,0.26,13.0,11.61,11.0,9.82,0.8400000000000001,0.25,15.56,6.17,20.26,26.43,19.27,9.09,215.0,0.237,46.0,21.4,16.0,7.44,0.784,0.221,25.13,11.59,15.17,26.76,23.75,20.09,12.0,0.364,1.0,8.33,1.0,8.33,0.7809999999999999,0.0,5.56,2.33,16.28,18.6,5.88,10.0,,,,,,,,,,,,,,
745981,2024-06-12,2024,665489,R,692230,R,field_out,False,False,237.0,0.29,42.0,17.72,26.0,10.97,0.7849999999999999,0.124,24.78,11.64,15.24,26.88,24.32,13.68,558.0,0.26,85.0,15.23,48.0,8.6,0.792,0.2,23.83,12.29,11.94,24.23,30.21,15.37,12.0,0.364,1.0,8.33,1.0,8.33,0.7809999999999999,0.0,5.56,2.33,16.28,18.6,5.88,10.0,,,,,,,,,,,,,,
745981,2024-06-12,2024,655316,R,579328,L,walk,False,True,29.0,0.12,7.0,24.14,4.0,13.79,0.481,0.12,25.0,8.76,24.82,33.58,15.58,14.0,93.0,0.291,19.0,20.43,12.0,12.9,0.779,0.101,20.0,8.4,19.75,28.15,26.29,15.32,271.0,0.27,61.0,22.51,17.0,6.27,0.735,0.14899999999999997,25.33,12.51,16.46,28.97,27.66,18.54,561.0,0.266,142.0,25.31,40.0,7.13,0.756,0.1689999999999999,27.96,13.7,14.72,28.41,29.66,21.23
745981,2024-06-12,2024,661388,R,579328,L,single,False,False,68.0,0.323,17.0,25.0,4.0,5.88,0.756,0.08000000000000002,28.67,14.39,13.68,28.07,32.0,19.54,177.0,0.357,32.0,18.08,21.0,11.86,1.087,0.292,28.8,12.96,16.38,29.34,24.36,16.24,271.0,0.27,61.0,22.51,17.0,6.27,0.735,0.14899999999999997,25.33,12.51,16.46,28.97,27.66,18.54,561.0,0.266,142.0,25.31,40.0,7.13,0.756,0.1689999999999999,27.96,13.7,14.72,28.41,29.66,21.23
745981,2024-06-12,2024,592885,L,579328,L,strikeout,True,False,55.0,0.306,13.0,23.64,5.0,9.09,0.913,0.22500000000000003,28.09,12.44,16.42,28.86,26.85,26.0,159.0,0.234,37.0,23.27,14.0,8.81,0.633,0.097,26.17,13.04,15.53,28.57,28.16,18.32,52.0,0.184,15.0,28.85,2.0,3.85,0.416,0.01999999999999999,31.82,14.36,20.0,34.36,24.71,32.61,141.0,0.214,39.0,27.66,8.0,5.67,0.659,0.175,28.09,13.35,19.22,32.56,29.18,21.79
745981,2024-06-12,2024,642715,R,579328,L,field_out,False,False,66.0,0.196,13.0,19.7,9.0,13.64,0.624,0.125,28.7,12.6,15.04,27.64,21.97,20.63,160.0,0.231,48.0,30.0,24.0,15.0,0.762,0.1789999999999999,26.61,12.38,15.79,28.17,29.47,20.17,271.0,0.27,61.0,22.51,17.0,6.27,0.735,0.14899999999999997,25.33,12.51,16.46,28.97,27.66,18.54,561.0,0.266,142.0,25.31,40.0,7.13,0.756,0.1689999999999999,27.96,13.7,14.72,28.41,29.66,21.23
745981,2024-06-12,2024,656555,R,579328,L,walk,False,True,32.0,0.192,4.0,12.5,4.0,12.5,0.62,0.11599999999999999,23.64,10.0,18.46,28.46,20.34,11.11,,,,,,,,,,,,,,,271.0,0.27,61.0,22.51,17.0,6.27,0.735,0.14899999999999997,25.33,12.51,16.46,28.97,27.66,18.54,561.0,0.266,142.0,25.31,40.0,7.13,0.756,0.1689999999999999,27.96,13.7,14.72,28.41,29.66,21.23
745981,2024-06-12,2024,596142,R,579328,L,field_out,False,False,49.0,0.205,12.0,24.49,4.0,8.16,0.786,0.29500000000000004,29.89,13.4,22.16,35.57,27.66,19.35,79.0,0.267,18.0,22.78,4.0,5.06,0.984,0.413,25.18,10.61,22.12,32.73,24.07,18.18,271.0,0.27,61.0,22.51,17.0,6.27,0.735,0.14899999999999997,25.33,12.51,16.46,28.97,27.66,18.54,561.0,0.266,142.0,25.31,40.0,7.13,0.756,0.1689999999999999,27.96,13.7,14.72,28.41,29.66,21.23
745981,2024-06-12,2024,666182,R,692230,R,strikeout,True,False,218.0,0.262,37.0,16.97,12.0,5.5,0.7030000000000001,0.129,21.85,12.43,11.35,23.78,36.06,16.82,496.0,0.303,102.0,20.56,20.0,4.03,0.797,0.161,21.9,12.38,11.73,24.11,38.01,17.91,12.0,0.364,1.0,8.33,1.0,8.33,0.7809999999999999,0.0,5.56,2.33,16.28,18.6,5.88,10.0,,,,,,,,,,,,,,
745981,2024-06-12,2024,662139,L,692230,R,double,False,False,185.0,0.205,52.0,28.11,18.0,9.73,0.75,0.259,25.85,11.99,15.81,27.8,24.6,23.96,466.0,0.202,111.0,23.82,36.0,7.73,0.662,0.19,25.51,12.84,15.05,27.89,29.23,18.26,7.0,0.5,3.0,42.86,0.0,0.0,1.167,0.16700000000000004,35.71,17.86,14.29,32.14,35.71,37.5,,,,,,,,,,,,,,
745981,2024-06-12,2024,457759,R,692230,R,single,False,False,168.0,0.205,28.0,16.67,19.0,11.31,0.612,0.10300000000000001,20.23,9.47,16.4,25.87,27.7,10.94,462.0,0.273,78.0,16.88,33.0,7.14,0.765,0.1569999999999999,16.44,7.32,17.97,25.29,25.33,12.0,12.0,0.364,1.0,8.33,1.0,8.33,0.7809999999999999,0.0,5.56,2.33,16.28,18.6,5.88,10.0,,,,,,,,,,,,,,
745981,2024-06-12,2024,543807,R,692230,R,single,False,False,193.0,0.222,27.0,13.99,20.0,10.36,0.633,0.10500000000000001,23.23,11.99,13.16,25.15,24.76,13.64,539.0,0.262,101.0,18.74,43.0,7.98,0.738,0.1489999999999999,23.18,11.37,14.48,25.84,23.35,18.21,12.0,0.364,1.0,8.33,1.0,8.33,0.7809999999999999,0.0,5.56,2.33,16.28,18.6,5.88,10.0,,,,,,,,,,,,,,
745981,2024-06-12,2024,643396,R,692230,R,force_out,False,False,152.0,0.264,20.0,13.16,9.0,5.92,0.6930000000000001,0.122,13.17,6.08,22.05,28.14,32.0,14.71,273.0,0.246,54.0,19.78,17.0,6.23,0.6479999999999999,0.1069999999999999,19.6,9.05,20.2,29.25,28.6,15.56,12.0,0.364,1.0,8.33,1.0,8.33,0.7809999999999999,0.0,5.56,2.33,16.28,18.6,5.88,10.0,,,,,,,,,,,,,,
745981,2024-06-12,2024,595281,L,692230,R,strikeout,True,False,103.0,0.202,32.0,31.07,3.0,2.91,0.5720000000000001,0.138,35.19,19.1,12.06,31.16,33.5,26.67,312.0,0.26,63.0,20.19,25.0,8.01,0.753,0.1709999999999999,29.15,14.21,14.3,28.51,25.39,21.07,7.0,0.5,3.0,42.86,0.0,0.0,1.167,0.16700000000000004,35.71,17.86,14.29,32.14,35.71,37.5,,,,,,,,,,,,,,
745981,2024-06-12,2024,663368,R,579328,L,single,False,False,56.0,0.22,13.0,23.21,6.0,10.71,0.624,0.1,27.78,11.42,22.37,33.79,22.64,27.66,58.0,0.192,13.0,22.41,6.0,10.34,0.603,0.135,20.48,7.2,25.0,32.2,14.41,24.53,271.0,0.27,61.0,22.51,17.0,6.27,0.735,0.14899999999999997,25.33,12.51,16.46,28.97,27.66,18.54,561.0,0.266,142.0,25.31,40.0,7.13,0.756,0.1689999999999999,27.96,13.7,14.72,28.41,29.66,21.23
745981,2024-06-12,2024,694192,R,579328,L,walk,False,True,55.0,0.146,12.0,21.82,7.0,12.73,0.46299999999999997,0.062,24.11,12.44,12.9,25.35,33.33,17.39,,,,,,,,,,,,,,,271.0,0.27,61.0,22.51,17.0,6.27,0.735,0.14899999999999997,25.33,12.51,16.46,28.97,27.66,18.54,561.0,0.266,142.0,25.31,40.0,7.13,0.756,0.1689999999999999,27.96,13.7,14.72,28.41,29.66,21.23
745981,2024-06-12,2024,668930,L,579328,L,strikeout,True,False,37.0,0.212,9.0,24.32,4.0,10.81,0.6,0.091,16.39,6.41,21.79,28.21,16.67,20.45,73.0,0.188,12.0,16.44,8.0,10.96,0.466,0.0,20.18,7.94,23.47,31.41,18.75,17.39,52.0,0.184,15.0,28.85,2.0,3.85,0.416,0.01999999999999999,31.82,14.36,20.0,34.36,24.71,32.61,141.0,0.214,39.0,27.66,8.0,5.67,0.659,0.175,28.09,13.35,19.22,32.56,29.18,21.79
745981,2024-06-12,2024,655316,R,579328,L,field_out,False,False,29.0,0.12,7.0,24.14,4.0,13.79,0.481,0.12,25.0,8.76,24.82,33.58,15.58,14.0,93.0,0.291,19.0,20.43,12.0,12.9,0.779,0.101,20.0,8.4,19.75,28.15,26.29,15.32,271.0,0.27,61.0,22.51,17.0,6.27,0.735,0.14899999999999997,25.33,12.51,16.46,28.97,27.66,18.54,561.0,0.266,142.0,25.31,40.0,7.13,0.756,0.1689999999999999,27.96,13.7,14.72,28.41,29.66,21.23
745981,2024-06-12,2024,661388,R,579328,L,force_out,False,False,68.0,0.323,17.0,25.0,4.0,5.88,0.756,0.08000000000000002,28.67,14.39,13.68,28.07,32.0,19.54,177.0,0.357,32.0,18.08,21.0,11.86,1.087,0.292,28.8,12.96,16.38,29.34,24.36,16.24,271.0,0.27,61.0,22.51,17.0,6.27,0.735,0.14899999999999997,25.33,12.51,16.46,28.97,27.66,18.54,561.0,0.266,142.0,25.31,40.0,7.13,0.756,0.1689999999999999,27.96,13.7,14.72,28.41,29.66,21.23
745981,2024-06-12,2024,687462,L,692230,R,single,False,False,16.0,0.417,2.0,12.5,3.0,18.75,1.033,0.08300000000000002,9.52,3.57,16.07,19.64,13.04,16.67,38.0,0.265,10.0,26.32,3.0,7.89,0.754,0.1469999999999999,27.14,13.01,17.12,30.14,25.35,21.74,7.0,0.5,3.0,42.86,0.0,0.0,1.167,0.16700000000000004,35.71,17.86,14.29,32.14,35.71,37.5,,,,,,,,,,,,,,
745981,2024-06-12,2024,643376,R,692230,R,walk,False,True,112.0,0.26,13.0,11.61,11.0,9.82,0.8400000000000001,0.25,15.56,6.17,20.26,26.43,19.27,9.09,215.0,0.237,46.0,21.4,16.0,7.44,0.784,0.221,25.13,11.59,15.17,26.76,23.75,20.09,12.0,0.364,1.0,8.33,1.0,8.33,0.7809999999999999,0.0,5.56,2.33,16.28,18.6,5.88,10.0,,,,,,,,,,,,,,
745981,2024-06-12,2024,665489,R,692230,R,field_out,False,False,237.0,0.29,42.0,17.72,26.0,10.97,0.7849999999999999,0.124,24.78,11.64,15.24,26.88,24.32,13.68,558.0,0.26,85.0,15.23,48.0,8.6,0.792,0.2,23.83,12.29,11.94,24.23,30.21,15.37,12.0,0.364,1.0,8.33,1.0,8.33,0.7809999999999999,0.0,5.56,2.33,16.28,18.6,5.88,10.0,,,,,,,,,,,,,,
745981,2024-06-12,2024,666182,R,692230,R,single,False,False,218.0,0.262,37.0,16.97,12.0,5.5,0.7030000000000001,0.129,21.85,12.43,11.35,23.78,36.06,16.82,496.0,0.303,102.0,20.56,20.0,4.03,0.797,0.161,21.9,12.38,11.73,24.11,38.01,17.91,12.0,0.364,1.0,8.33,1.0,8.33,0.7809999999999999,0.0,5.56,2.33,16.28,18.6,5.88,10.0,,,,,,,,,,,,,,
745981,2024-06-12,2024,662139,L,692230,R,strikeout,True,False,185.0,0.205,52.0,28.11,18.0,9.73,0.75,0.259,25.85,11.99,15.81,27.8,24.6,23.96,466.0,0.202,111.0,23.82,36.0,7.73,0.662,0.19,25.51,12.84,15.05,27.89,29.23,18.26,7.0,0.5,3.0,42.86,0.0,0.0,1.167,0.16700000000000004,35.71,17.86,14.29,32.14,35.71,37.5,,,,,,,,,,,,,,
745981,2024-06-12,2024,457759,R,692230,R,field_out,False,False,168.0,0.205,28.0,16.67,19.0,11.31,0.612,0.10300000000000001,20.23,9.47,16.4,25.87,27.7,10.94,462.0,0.273,78.0,16.88,33.0,7.14,0.765,0.1569999999999999,16.44,7.32,17.97,25.29,25.33,12.0,12.0,0.364,1.0,8.33,1.0,8.33,0.7809999999999999,0.0,5.56,2.33,16.28,18.6,5.88,10.0,,,,,,,,,,,,,,
745981,2024-06-12,2024,592885,L,579328,L,field_out,False,False,55.0,0.306,13.0,23.64,5.0,9.09,0.913,0.22500000000000003,28.09,12.44,16.42,28.86,26.85,26.0,159.0,0.234,37.0,23.27,14.0,8.81,0.633,0.097,26.17,13.04,15.53,28.57,28.16,18.32,52.0,0.184,15.0,28.85,2.0,3.85,0.416,0.01999999999999999,31.82,14.36,20.0,34.36,24.71,32.61,141.0,0.214,39.0,27.66,8.0,5.67,0.659,0.175,28.09,13.35,19.22,32.56,29.18,21.79
745981,2024-06-12,2024,642715,R,579328,L,walk,False,True,66.0,0.196,13.0,19.7,9.0,13.64,0.624,0.125,28.7,12.6,15.04,27.64,21.97,20.63,160.0,0.231,48.0,30.0,24.0,15.0,0.762,0.1789999999999999,26.61,12.38,15.79,28.17,29.47,20.17,271.0,0.27,61.0,22.51,17.0,6.27,0.735,0.14899999999999997,25.33,12.51,16.46,28.97,27.66,18.54,561.0,0.266,142.0,25.31,40.0,7.13,0.756,0.1689999999999999,27.96,13.7,14.72,28.41,29.66,21.23
745981,2024-06-12,2024,656555,R,579328,L,single,False,False,32.0,0.192,4.0,12.5,4.0,12.5,0.62,0.11599999999999999,23.64,10.0,18.46,28.46,20.34,11.11,,,,,,,,,,,,,,,271.0,0.27,61.0,22.51,17.0,6.27,0.735,0.14899999999999997,25.33,12.51,16.46,28.97,27.66,18.54,561.0,0.266,142.0,25.31,40.0,7.13,0.756,0.1689999999999999,27.96,13.7,14.72,28.41,29.66,21.23
745981,2024-06-12,2024,596142,R,579328,L,strikeout,True,False,49.0,0.205,12.0,24.49,4.0,8.16,0.786,0.29500000000000004,29.89,13.4,22.16,35.57,27.66,19.35,79.0,0.267,18.0,22.78,4.0,5.06,0.984,0.413,25.18,10.61,22.12,32.73,24.07,18.18,271.0,0.27,61.0,22.51,17.0,6.27,0.735,0.14899999999999997,25.33,12.51,16.46,28.97,27.66,18.54,561.0,0.266,142.0,25.31,40.0,7.13,0.756,0.1689999999999999,27.96,13.7,14.72,28.41,29.66,21.23
745981,2024-06-12,2024,663368,R,579328,L,strikeout,True,False,56.0,0.22,13.0,23.21,6.0,10.71,0.624,0.1,27.78,11.42,22.37,33.79,22.64,27.66,58.0,0.192,13.0,22.41,6.0,10.34,0.603,0.135,20.48,7.2,25.0,32.2,14.41,24.53,271.0,0.27,61.0,22.51,17.0,6.27,0.735,0.14899999999999997,25.33,12.51,16.46,28.97,27.66,18.54,561.0,0.266,142.0,25.31,40.0,7.13,0.756,0.1689999999999999,27.96,13.7,14.72,28.41,29.66,21.23
745981,2024-06-12,2024,543807,R,692230,R,field_out,False,False,193.0,0.222,27.0,13.99,20.0,10.36,0.633,0.10500000000000001,23.23,11.99,13.16,25.15,24.76,13.64,539.0,0.262,101.0,18.74,43.0,7.98,0.738,0.1489999999999999,23.18,11.37,14.48,25.84,23.35,18.21,12.0,0.364,1.0,8.33,1.0,8.33,0.7809999999999999,0.0,5.56,2.33,16.28,18.6,5.88,10.0,,,,,,,,,,,,,,
745981,2024-06-12,2024,643396,R,692230,R,single,False,False,152.0,0.264,20.0,13.16,9.0,5.92,0.6930000000000001,0.122,13.17,6.08,22.05,28.14,32.0,14.71,273.0,0.246,54.0,19.78,17.0,6.23,0.6479999999999999,0.1069999999999999,19.6,9.05,20.2,29.25,28.6,15.56,12.0,0.364,1.0,8.33,1.0,8.33,0.7809999999999999,0.0,5.56,2.33,16.28,18.6,5.88,10.0,,,,,,,,,,,,,,
745981,2024-06-12,2024,595281,L,692230,R,sac_bunt,False,False,103.0,0.202,32.0,31.07,3.0,2.91,0.5720000000000001,0.138,35.19,19.1,12.06,31.16,33.5,26.67,312.0,0.26,63.0,20.19,25.0,8.01,0.753,0.1709999999999999,29.15,14.21,14.3,28.51,25.39,21.07,7.0,0.5,3.0,42.86,0.0,0.0,1.167,0.16700000000000004,35.71,17.86,14.29,32.14,35.71,37.5,,,,,,,,,,,,,,
745981,2024-06-12,2024,687462,L,692230,R,single,False,False,16.0,0.417,2.0,12.5,3.0,18.75,1.033,0.08300000000000002,9.52,3.57,16.07,19.64,13.04,16.67,38.0,0.265,10.0,26.32,3.0,7.89,0.754,0.1469999999999999,27.14,13.01,17.12,30.14,25.35,21.74,7.0,0.5,3.0,42.86,0.0,0.0,1.167,0.16700000000000004,35.71,17.86,14.29,32.14,35.71,37.5,,,,,,,,,,,,,,
745981,2024-06-12,2024,643376,R,665625,R,field_error,False,False,112.0,0.26,13.0,11.61,11.0,9.82,0.8400000000000001,0.25,15.56,6.17,20.26,26.43,19.27,9.09,215.0,0.237,46.0,21.4,16.0,7.44,0.784,0.221,25.13,11.59,15.17,26.76,23.75,20.09,79.0,0.294,13.0,16.46,10.0,12.66,0.774,0.08800000000000002,29.23,12.97,18.77,31.74,33.12,16.88,144.0,0.24,27.0,18.75,16.0,11.11,0.629,0.0559999999999999,29.06,13.23,16.34,29.57,33.56,22.13
745981,2024-06-12,2024,665489,R,665625,R,field_out,False,False,237.0,0.29,42.0,17.72,26.0,10.97,0.7849999999999999,0.124,24.78,11.64,15.24,26.88,24.32,13.68,558.0,0.26,85.0,15.23,48.0,8.6,0.792,0.2,23.83,12.29,11.94,24.23,30.21,15.37,79.0,0.294,13.0,16.46,10.0,12.66,0.774,0.08800000000000002,29.23,12.97,18.77,31.74,33.12,16.88,144.0,0.24,27.0,18.75,16.0,11.11,0.629,0.0559999999999999,29.06,13.23,16.34,29.57,33.56,22.13
745981,2024-06-12,2024,694192,R,579328,L,field_out,False,False,55.0,0.146,12.0,21.82,7.0,12.73,0.46299999999999997,0.062,24.11,12.44,12.9,25.35,33.33,17.39,,,,,,,,,,,,,,,271.0,0.27,61.0,22.51,17.0,6.27,0.735,0.14899999999999997,25.33,12.51,16.46,28.97,27.66,18.54,561.0,0.266,142.0,25.31,40.0,7.13,0.756,0.1689999999999999,27.96,13.7,14.72,28.41,29.66,21.23
745981,2024-06-12,2024,668930,L,579328,L,field_out,False,False,37.0,0.212,9.0,24.32,4.0,10.81,0.6,0.091,16.39,6.41,21.79,28.21,16.67,20.45,73.0,0.188,12.0,16.44,8.0,10.96,0.466,0.0,20.18,7.94,23.47,31.41,18.75,17.39,52.0,0.184,15.0,28.85,2.0,3.85,0.416,0.01999999999999999,31.82,14.36,20.0,34.36,24.71,32.61,141.0,0.214,39.0,27.66,8.0,5.67,0.659,0.175,28.09,13.35,19.22,32.56,29.18,21.79
745981,2024-06-12,2024,655316,R,579328,L,strikeout,True,False,29.0,0.12,7.0,24.14,4.0,13.79,0.481,0.12,25.0,8.76,24.82,33.58,15.58,14.0,93.0,0.291,19.0,20.43,12.0,12.9,0.779,0.101,20.0,8.4,19.75,28.15,26.29,15.32,271.0,0.27,61.0,22.51,17.0,6.27,0.735,0.14899999999999997,25.33,12.51,16.46,28.97,27.66,18.54,561.0,0.266,142.0,25.31,40.0,7.13,0.756,0.1689999999999999,27.96,13.7,14.72,28.41,29.66,21.23
745981,2024-06-12,2024,666182,R,665625,R,single,False,False,218.0,0.262,37.0,16.97,12.0,5.5,0.7030000000000001,0.129,21.85,12.43,11.35,23.78,36.06,16.82,496.0,0.303,102.0,20.56,20.0,4.03,0.797,0.161,21.9,12.38,11.73,24.11,38.01,17.91,79.0,0.294,13.0,16.46,10.0,12.66,0.774,0.08800000000000002,29.23,12.97,18.77,31.74,33.12,16.88,144.0,0.24,27.0,18.75,16.0,11.11,0.629,0.0559999999999999,29.06,13.23,16.34,29.57,33.56,22.13
745981,2024-06-12,2024,662139,L,665625,R,field_out,False,False,185.0,0.205,52.0,28.11,18.0,9.73,0.75,0.259,25.85,11.99,15.81,27.8,24.6,23.96,466.0,0.202,111.0,23.82,36.0,7.73,0.662,0.19,25.51,12.84,15.05,27.89,29.23,18.26,40.0,0.243,11.0,27.5,3.0,7.5,0.651,0.10799999999999998,24.39,12.99,14.94,27.92,41.43,23.91,108.0,0.198,27.0,25.0,10.0,9.26,0.599,0.1139999999999999,34.21,15.97,15.48,31.45,34.45,24.32
745981,2024-06-12,2024,457759,R,665625,R,grounded_into_double_play,False,False,168.0,0.205,28.0,16.67,19.0,11.31,0.612,0.10300000000000001,20.23,9.47,16.4,25.87,27.7,10.94,462.0,0.273,78.0,16.88,33.0,7.14,0.765,0.1569999999999999,16.44,7.32,17.97,25.29,25.33,12.0,79.0,0.294,13.0,16.46,10.0,12.66,0.774,0.08800000000000002,29.23,12.97,18.77,31.74,33.12,16.88,144.0,0.24,27.0,18.75,16.0,11.11,0.629,0.0559999999999999,29.06,13.23,16.34,29.57,33.56,22.13
745981,2024-06-12,2024,661388,R,579328,L,field_out,False,False,68.0,0.323,17.0,25.0,4.0,5.88,0.756,0.08000000000000002,28.67,14.39,13.68,28.07,32.0,19.54,177.0,0.357,32.0,18.08,21.0,11.86,1.087,0.292,28.8,12.96,16.38,29.34,24.36,16.24,271.0,0.27,61.0,22.51,17.0,6.27,0.735,0.14899999999999997,25.33,12.51,16.46,28.97,27.66,18.54,561.0,0.266,142.0,25.31,40.0,7.13,0.756,0.1689999999999999,27.96,13.7,14.72,28.41,29.66,21.23
745981,2024-06-12,2024,592885,L,579328,L,field_out,False,False,55.0,0.306,13.0,23.64,5.0,9.09,0.913,0.22500000000000003,28.09,12.44,16.42,28.86,26.85,26.0,159.0,0.234,37.0,23.27,14.0,8.81,0.633,0.097,26.17,13.04,15.53,28.57,28.16,18.32,52.0,0.184,15.0,28.85,2.0,3.85,0.416,0.01999999999999999,31.82,14.36,20.0,34.36,24.71,32.61,141.0,0.214,39.0,27.66,8.0,5.67,0.659,0.175,28.09,13.35,19.22,32.56,29.18,21.79
745981,2024-06-12,2024,642715,R,579328,L,field_out,False,False,66.0,0.196,13.0,19.7,9.0,13.64,0.624,0.125,28.7,12.6,15.04,27.64,21.97,20.63,160.0,0.231,48.0,30.0,24.0,15.0,0.762,0.1789999999999999,26.61,12.38,15.79,28.17,29.47,20.17,271.0,0.27,61.0,22.51,17.0,6.27,0.735,0.14899999999999997,25.33,12.51,16.46,28.97,27.66,18.54,561.0,0.266,142.0,25.31,40.0,7.13,0.756,0.1689999999999999,27.96,13.7,14.72,28.41,29.66,21.23
745981,2024-06-12,2024,543807,R,657649,L,strikeout,True,False,61.0,0.135,11.0,18.03,8.0,13.11,0.45799999999999996,0.07699999999999999,20.34,9.3,12.79,22.09,20.97,14.47,144.0,0.242,24.0,16.67,17.0,11.81,0.71,0.137,19.37,9.5,11.92,21.42,22.03,14.37,77.0,0.174,18.0,23.38,4.0,5.19,0.496,0.07200000000000001,23.77,10.82,19.03,29.85,26.89,26.87,,,,,,,,,,,,,,
745981,2024-06-12,2024,643396,R,657649,L,field_out,False,False,65.0,0.283,8.0,12.31,3.0,4.62,0.7110000000000001,0.10000000000000003,10.99,4.78,23.44,28.23,27.84,19.05,90.0,0.23,16.0,17.78,11.0,12.22,0.634,0.0669999999999999,19.59,8.03,19.67,27.7,20.35,15.09,77.0,0.174,18.0,23.38,4.0,5.19,0.496,0.07200000000000001,23.77,10.82,19.03,29.85,26.89,26.87,,,,,,,,,,,,,,
745981,2024-06-12,2024,595281,L,657649,L,field_out,False,False,30.0,0.192,9.0,30.0,4.0,13.33,0.531,0.03900000000000001,37.74,17.09,13.68,30.77,29.23,27.27,96.0,0.281,23.0,23.96,4.0,4.17,0.708,0.1009999999999999,35.75,18.44,15.85,34.29,33.33,23.23,49.0,0.239,8.0,16.33,2.0,4.08,0.575,0.065,19.32,9.6,20.34,29.94,33.8,13.33,,,,,,,,,,,,,,
745981,2024-06-12,2024,656555,R,663878,R,strikeout,True,False,162.0,0.239,39.0,24.07,17.0,10.49,0.8049999999999999,0.23299999999999998,24.57,9.78,21.07,30.85,21.85,16.74,,,,,,,,,,,,,,,73.0,0.281,20.0,27.4,6.0,8.22,0.8109999999999999,0.18799999999999994,30.65,13.33,20.0,33.33,27.08,21.28,108.0,0.247,22.0,20.37,7.0,6.48,0.749,0.196,25.39,11.81,15.18,26.99,24.64,20.75
745981,2024-06-12,2024,596142,R,663878,R,strikeout,True,False,94.0,0.214,25.0,26.6,6.0,6.38,0.6559999999999999,0.155,31.58,13.15,24.38,37.53,32.65,22.94,189.0,0.194,49.0,25.93,17.0,8.99,0.688,0.212,28.71,11.9,21.7,33.59,27.27,21.43,73.0,0.281,20.0,27.4,6.0,8.22,0.8109999999999999,0.18799999999999994,30.65,13.33,20.0,33.33,27.08,21.28,108.0,0.247,22.0,20.37,7.0,6.48,0.749,0.196,25.39,11.81,15.18,26.99,24.64,20.75
745981,2024-06-12,2024,663368,L,663878,R,single,False,False,159.0,0.273,44.0,27.67,12.0,7.55,0.753,0.13999999999999996,30.43,12.64,21.18,33.83,24.68,27.67,110.0,0.231,33.0,30.0,17.0,15.45,0.715,0.1319999999999999,24.04,9.0,23.31,32.31,18.26,20.5,44.0,0.194,13.0,29.55,5.0,11.36,0.573,0.08400000000000002,21.95,9.84,17.49,27.32,21.98,25.49,74.0,0.194,21.0,28.38,11.0,14.86,0.679,0.1609999999999999,28.0,10.7,18.04,28.75,14.62,21.28
745981,2024-06-12,2024,694192,R,663878,R,strikeout,True,False,144.0,0.241,40.0,27.78,5.0,3.47,0.675,0.16799999999999998,31.58,16.28,18.99,35.27,37.11,25.16,,,,,,,,,,,,,,,73.0,0.281,20.0,27.4,6.0,8.22,0.8109999999999999,0.18799999999999994,30.65,13.33,20.0,33.33,27.08,21.28,108.0,0.247,22.0,20.37,7.0,6.48,0.749,0.196,25.39,11.81,15.18,26.99,24.64,20.75
745981,2024-06-12,2024,687462,L,657649,L,field_out,False,False,2.0,0.0,0.0,0.0,0.0,0.0,0.0,0.0,0.0,0.0,28.57,28.57,33.33,0.0,6.0,0.2,2.0,33.33,1.0,16.67,0.533,0.0,36.36,17.39,17.39,34.78,27.27,18.18,49.0,0.239,8.0,16.33,2.0,4.08,0.575,0.065,19.32,9.6,20.34,29.94,33.8,13.33,,,,,,,,,,,,,,
745981,2024-06-12,2024,643376,R,657649,L,strikeout,True,False,36.0,0.276,7.0,19.44,6.0,16.67,0.734,0.06899999999999995,23.21,8.44,20.13,28.57,13.58,17.5,86.0,0.205,16.0,18.6,7.0,8.14,0.792,0.308,17.86,8.52,13.35,21.88,27.32,15.24,77.0,0.174,18.0,23.38,4.0,5.19,0.496,0.07200000000000001,23.77,10.82,19.03,29.85,26.89,26.87,,,,,,,,,,,,,,
745981,2024-06-12,2024,665489,R,657649,L,field_out,False,False,59.0,0.245,8.0,13.56,10.0,16.95,0.761,0.14300000000000002,22.58,9.29,16.37,25.66,22.31,12.9,124.0,0.284,15.0,12.1,19.0,15.32,0.766,0.079,18.93,8.25,16.07,24.31,22.78,13.51,77.0,0.174,18.0,23.38,4.0,5.19,0.496,0.07200000000000001,23.77,10.82,19.03,29.85,26.89,26.87,,,,,,,,,,,,,,
745981,2024-06-12,2024,668930,L,643338,R,field_out,False,False,207.0,0.311,32.0,15.46,18.0,8.7,0.7989999999999999,0.11499999999999999,13.01,6.02,18.92,24.94,25.34,14.61,376.0,0.224,82.0,21.81,30.0,7.98,0.608,0.097,22.03,10.83,16.08,26.9,28.59,16.14,24.0,0.182,5.0,20.83,2.0,8.33,0.75,0.318,25.0,12.77,13.83,26.6,26.09,15.15,17.0,0.2,7.0,41.18,2.0,11.76,0.694,0.2,43.18,25.68,5.41,31.08,29.03,23.33
745981,2024-06-12,2024,686554,L,643338,R,field_out,False,False,93.0,0.23,35.0,37.63,5.0,5.38,0.613,0.10300000000000001,35.12,15.57,20.32,35.88,20.12,31.82,,,,,,,,,,,,,,,24.0,0.182,5.0,20.83,2.0,8.33,0.75,0.318,25.0,12.77,13.83,26.6,26.09,15.15,17.0,0.2,7.0,41.18,2.0,11.76,0.694,0.2,43.18,25.68,5.41,31.08,29.03,23.33
745981,2024-06-12,2024,661388,R,643338,R,field_out,False,False,230.0,0.302,41.0,17.83,23.0,10.0,0.866,0.186,29.5,13.74,14.32,28.06,24.28,17.15,434.0,0.262,94.0,21.66,42.0,9.68,0.72,0.119,27.61,11.63,19.55,31.17,24.86,18.08,29.0,0.154,6.0,20.69,2.0,6.9,0.483,0.11500000000000002,24.14,10.94,14.06,25.0,21.43,15.79,35.0,0.273,9.0,25.71,2.0,5.71,0.738,0.1509999999999999,32.31,16.8,16.8,33.6,40.85,20.93
745981,2024-06-12,2024,666182,R,660600,R,field_out,False,False,218.0,0.262,37.0,16.97,12.0,5.5,0.7030000000000001,0.129,21.85,12.43,11.35,23.78,36.06,16.82,496.0,0.303,102.0,20.56,20.0,4.03,0.797,0.161,21.9,12.38,11.73,24.11,38.01,17.91,24.0,0.091,5.0,20.83,1.0,4.17,0.30300000000000005,0.04500000000000001,22.22,11.49,19.54,31.03,43.48,18.52,,,,,,,,,,,,,,
745981,2024-06-12,2024,662139,L,660600,R,field_out,False,False,185.0,0.205,52.0,28.11,18.0,9.73,0.75,0.259,25.85,11.99,15.81,27.8,24.6,23.96,466.0,0.202,111.0,23.82,36.0,7.73,0.662,0.19,25.51,12.84,15.05,27.89,29.23,18.26,13.0,0.167,4.0,30.77,1.0,7.69,0.481,0.08299999999999999,29.41,12.5,20.0,32.5,20.0,44.44,,,,,,,,,,,,,,
745981,2024-06-12,2024,457759,R,660600,R,field_out,False,False,168.0,0.205,28.0,16.67,19.0,11.31,0.612,0.10300000000000001,20.23,9.47,16.4,25.87,27.7,10.94,462.0,0.273,78.0,16.88,33.0,7.14,0.765,0.1569999999999999,16.44,7.32,17.97,25.29,25.33,12.0,24.0,0.091,5.0,20.83,1.0,4.17,0.30300000000000005,0.04500000000000001,22.22,11.49,19.54,31.03,43.48,18.52,,,,,,,,,,,,,,
745981,2024-06-12,2024,592885,L,670950,R,double,False,False,120.0,0.317,25.0,20.83,14.0,11.67,0.885,0.173,22.94,10.4,14.14,24.53,25.1,16.23,473.0,0.294,103.0,21.78,64.0,13.53,0.882,0.195,26.99,11.53,15.4,26.93,23.89,19.07,50.0,0.14,10.0,20.0,5.0,10.0,0.48,0.11599999999999999,21.43,8.91,21.78,30.69,25.71,16.95,138.0,0.207,42.0,30.43,20.0,14.49,0.724,0.198,36.69,16.72,15.57,32.3,37.93,19.44
745981,2024-06-12,2024,642715,R,670950,R,walk,False,True,226.0,0.26,51.0,22.57,23.0,10.18,0.798,0.2,29.81,14.14,15.26,29.4,26.89,18.82,480.0,0.212,117.0,24.38,47.0,9.79,0.702,0.194,32.44,16.53,12.85,29.38,32.69,19.28,77.0,0.141,20.0,25.97,10.0,12.99,0.565,0.171,25.17,10.85,19.35,30.21,30.77,17.86,178.0,0.244,63.0,35.39,15.0,8.43,0.754,0.194,37.26,17.97,16.38,34.35,37.0,24.51
745981,2024-06-12,2024,656555,R,670950,R,field_out,False,False,162.0,0.239,39.0,24.07,17.0,10.49,0.8049999999999999,0.23299999999999998,24.57,9.78,21.07,30.85,21.85,16.74,,,,,,,,,,,,,,,77.0,0.141,20.0,25.97,10.0,12.99,0.565,0.171,25.17,10.85,19.35,30.21,30.77,17.86,178.0,0.244,63.0,35.39,15.0,8.43,0.754,0.194,37.26,17.97,16.38,34.35,37.0,24.51
745981,2024-06-12,2024,686217,L,670950,R,field_out,False,False,202.0,0.251,39.0,19.31,20.0,9.9,0.65,0.062,15.64,6.24,22.24,28.48,26.33,17.33,180.0,0.261,30.0,16.67,23.0,12.78,0.722,0.1049999999999999,15.26,6.63,20.31,26.94,29.52,13.18,50.0,0.14,10.0,20.0,5.0,10.0,0.48,0.11599999999999999,21.43,8.91,21.78,30.69,25.71,16.95,138.0,0.207,42.0,30.43,20.0,14.49,0.724,0.198,36.69,16.72,15.57,32.3,37.93,19.44
745981,2024-06-12,2024,663368,L,554340,R,strikeout,True,False,159.0,0.273,44.0,27.67,12.0,7.55,0.753,0.13999999999999996,30.43,12.64,21.18,33.83,24.68,27.67,110.0,0.231,33.0,30.0,17.0,15.45,0.715,0.1319999999999999,24.04,9.0,23.31,32.31,18.26,20.5,42.0,0.162,18.0,42.86,5.0,11.9,0.667,0.24300000000000002,40.26,17.71,18.86,36.57,38.46,31.58,108.0,0.237,36.0,33.33,10.0,9.26,0.687,0.129,38.58,17.23,15.87,33.11,25.44,27.69
745981,2024-06-12,2024,543807,R,660600,R,walk,False,True,193.0,0.222,27.0,13.99,20.0,10.36,0.633,0.10500000000000001,23.23,11.99,13.16,25.15,24.76,13.64,539.0,0.262,101.0,18.74,43.0,7.98,0.738,0.1489999999999999,23.18,11.37,14.48,25.84,23.35,18.21,24.0,0.091,5.0,20.83,1.0,4.17,0.30300000000000005,0.04500000000000001,22.22,11.49,19.54,31.03,43.48,18.52,,,,,,,,,,,,,,
745981,2024-06-12,2024,643396,R,660600,R,field_out,False,False,152.0,0.264,20.0,13.16,9.0,5.92,0.6930000000000001,0.122,13.17,6.08,22.05,28.14,32.0,14.71,273.0,0.246,54.0,19.78,17.0,6.23,0.6479999999999999,0.1069999999999999,19.6,9.05,20.2,29.25,28.6,15.56,24.0,0.091,5.0,20.83,1.0,4.17,0.30300000000000005,0.04500000000000001,22.22,11.49,19.54,31.03,43.48,18.52,,,,,,,,,,,,,,
745981,2024-06-12,2024,676914,R,660600,R,force_out,False,False,159.0,0.243,38.0,23.9,18.0,11.32,0.7649999999999999,0.176,26.5,10.7,18.97,29.67,20.54,16.74,87.0,0.247,27.0,31.03,11.0,12.64,0.8340000000000001,0.219,37.06,13.98,21.9,35.88,15.66,21.77,24.0,0.091,5.0,20.83,1.0,4.17,0.30300000000000005,0.04500000000000001,22.22,11.49,19.54,31.03,43.48,18.52,,,,,,,,,,,,,,
745981,2024-06-12,2024,687462,L,660600,R,walk,False,True,16.0,0.417,2.0,12.5,3.0,18.75,1.033,0.08300000000000002,9.52,3.57,16.07,19.64,13.04,16.67,38.0,0.265,10.0,26.32,3.0,7.89,0.754,0.1469999999999999,27.14,13.01,17.12,30.14,25.35,21.74,13.0,0.167,4.0,30.77,1.0,7.69,0.481,0.08299999999999999,29.41,12.5,20.0,32.5,20.0,44.44,,,,,,,,,,,,,,
745981,2024-06-12,2024,643376,R,660600,R,double,False,False,112.0,0.26,13.0,11.61,11.0,9.82,0.8400000000000001,0.25,15.56,6.17,20.26,26.43,19.27,9.09,215.0,0.237,46.0,21.4,16.0,7.44,0.784,0.221,25.13,11.59,15.17,26.76,23.75,20.09,24.0,0.091,5.0,20.83,1.0,4.17,0.30300000000000005,0.04500000000000001,22.22,11.49,19.54,31.03,43.48,18.52,,,,,,,,,,,,,,
745981,2024-06-12,2024,665489,R,660600,R,strikeout,True,False,237.0,0.29,42.0,17.72,26.0,10.97,0.7849999999999999,0.124,24.78,11.64,15.24,26.88,24.32,13.68,558.0,0.26,85.0,15.23,48.0,8.6,0.792,0.2,23.83,12.29,11.94,24.23,30.21,15.37,24.0,0.091,5.0,20.83,1.0,4.17,0.30300000000000005,0.04500000000000001,22.22,11.49,19.54,31.03,43.48,18.52,,,,,,,,,,,,,,
745981,2024-06-12,2024,694192,R,554340,R,field_out,False,False,144.0,0.241,40.0,27.78,5.0,3.47,0.675,0.16799999999999998,31.58,16.28,18.99,35.27,37.11,25.16,,,,,,,,,,,,,,,59.0,0.093,19.0,32.2,2.0,3.39,0.28500000000000003,0.037000000000000005,26.4,13.52,15.57,29.1,33.33,23.75,174.0,0.274,43.0,24.71,5.0,2.87,0.739,0.1529999999999999,27.03,13.64,15.61,29.24,32.93,24.02
745981,2024-06-12,2024,668930,L,554340,R,strikeout,True,False,207.0,0.311,32.0,15.46,18.0,8.7,0.7989999999999999,0.11499999999999999,13.01,6.02,18.92,24.94,25.34,14.61,376.0,0.224,82.0,21.81,30.0,7.98,0.608,0.097,22.03,10.83,16.08,26.9,28.59,16.14,42.0,0.162,18.0,42.86,5.0,11.9,0.667,0.24300000000000002,40.26,17.71,18.86,36.57,38.46,31.58,108.0,0.237,36.0,33.33,10.0,9.26,0.687,0.129,38.58,17.23,15.87,33.11,25.44,27.69
745981,2024-06-12,2024,686554,L,554340,R,strikeout,True,False,93.0,0.23,35.0,37.63,5.0,5.38,0.613,0.10300000000000001,35.12,15.57,20.32,35.88,20.12,31.82,,,,,,,,,,,,,,,42.0,0.162,18.0,42.86,5.0,11.9,0.667,0.24300000000000002,40.26,17.71,18.86,36.57,38.46,31.58,108.0,0.237,36.0,33.33,10.0,9.26,0.687,0.129,38.58,17.23,15.87,33.11,25.44,27.69
746296,2024-06-12,2024,683011,R,663903,R,triple,False,False,239.0,0.276,51.0,21.34,17.0,7.11,0.771,0.15899999999999997,22.3,10.48,19.11,29.59,29.5,18.75,467.0,0.198,132.0,28.27,36.0,7.71,0.624,0.1579999999999999,28.15,13.53,17.49,31.02,29.16,23.4,137.0,0.2,32.0,23.36,7.0,5.11,0.577,0.11199999999999999,21.81,9.64,18.73,28.36,25.85,19.05,288.0,0.321,51.0,17.71,14.0,4.86,0.845,0.177,22.54,10.34,19.64,29.98,28.24,18.02
746296,2024-06-12,2024,665742,L,663903,R,walk,False,True,224.0,0.313,36.0,16.07,38.0,16.96,1.034,0.291,24.86,9.2,18.61,27.81,16.4,14.17,502.0,0.283,81.0,16.14,99.0,19.72,0.98,0.2730000000000001,18.45,6.31,19.31,25.62,15.09,14.14,167.0,0.273,40.0,23.95,14.0,8.38,0.823,0.20699999999999996,22.86,9.77,21.53,31.3,24.09,21.05,414.0,0.263,82.0,19.81,35.0,8.45,0.781,0.181,22.79,10.32,17.41,27.72,25.13,21.37
746296,2024-06-12,2024,592450,R,663903,R,single,False,False,238.0,0.315,56.0,23.53,36.0,15.13,1.138,0.40099999999999997,30.34,13.1,14.48,27.58,18.2,18.6,384.0,0.266,109.0,28.39,77.0,20.05,1.011,0.3339999999999999,36.96,15.02,15.7,30.72,19.29,24.12,137.0,0.2,32.0,23.36,7.0,5.11,0.577,0.11199999999999999,21.81,9.64,18.73,28.36,25.85,19.05,288.0,0.321,51.0,17.71,14.0,4.86,0.845,0.177,22.54,10.34,19.64,29.98,28.24,18.02
746296,2024-06-12,2024,657077,L,663903,R,field_out,False,False,198.0,0.276,25.0,12.63,13.0,6.57,0.771,0.177,12.97,5.94,19.66,25.59,25.91,11.36,441.0,0.279,66.0,14.97,30.0,6.8,0.793,0.185,15.08,6.28,20.52,26.8,22.64,14.93,167.0,0.273,40.0,23.95,14.0,8.38,0.823,0.20699999999999996,22.86,9.77,21.53,31.3,24.09,21.05,414.0,0.263,82.0,19.81,35.0,8.45,0.781,0.181,22.79,10.32,17.41,27.72,25.13,21.37
746296,2024-06-12,2024,519317,R,663903,R,fielders_choice,False,False,184.0,0.232,59.0,32.07,15.0,8.15,0.817,0.28600000000000003,33.13,15.11,17.86,32.97,30.75,29.95,341.0,0.175,111.0,32.55,35.0,10.26,0.64,0.201,36.65,15.18,19.37,34.55,27.39,25.58,137.0,0.2,32.0,23.36,7.0,5.11,0.577,0.11199999999999999,21.81,9.64,18.73,28.36,25.85,19.05,288.0,0.321,51.0,17.71,14.0,4.86,0.845,0.177,22.54,10.34,19.64,29.98,28.24,18.02
746296,2024-06-12,2024,519203,L,663903,R,grounded_into_double_play,False,False,203.0,0.231,32.0,15.76,13.0,6.4,0.667,0.145,19.18,9.83,15.86,25.69,38.73,14.95,334.0,0.22,86.0,25.75,27.0,8.08,0.6739999999999999,0.146,25.23,12.17,17.7,29.87,34.73,19.95,167.0,0.273,40.0,23.95,14.0,8.38,0.823,0.20699999999999996,22.86,9.77,21.53,31.3,24.09,21.05,414.0,0.263,82.0,19.81,35.0,8.45,0.781,0.181,22.79,10.32,17.41,27.72,25.13,21.37
746296,2024-06-12,2024,672580,R,573186,R,field_out,False,False,246.0,0.242,44.0,17.89,19.0,7.72,0.635,0.09400000000000003,19.16,8.47,20.41,28.88,21.83,16.48,400.0,0.258,94.0,23.5,33.0,8.25,0.648,0.071,20.3,8.71,19.59,28.3,19.12,19.96,183.0,0.207,35.0,19.13,14.0,7.65,0.6020000000000001,0.11600000000000002,26.35,11.16,18.31,29.47,28.74,18.32,264.0,0.272,60.0,22.73,17.0,6.44,0.712,0.122,25.22,11.88,16.45,28.32,28.57,21.9
746296,2024-06-12,2024,677951,R,573186,R,double,False,False,255.0,0.335,43.0,16.86,20.0,7.84,0.962,0.23899999999999993,24.22,11.86,14.21,26.07,29.14,17.06,547.0,0.27,93.0,17.0,33.0,6.03,0.8,0.2149999999999999,22.15,10.87,15.53,26.4,29.62,14.44,183.0,0.207,35.0,19.13,14.0,7.65,0.6020000000000001,0.11600000000000002,26.35,11.16,18.31,29.47,28.74,18.32,264.0,0.272,60.0,22.73,17.0,6.44,0.712,0.122,25.22,11.88,16.45,28.32,28.57,21.9
746296,2024-06-12,2024,686469,L,573186,R,field_out,False,False,215.0,0.224,30.0,13.95,23.0,10.7,0.739,0.20199999999999999,13.11,5.9,16.07,21.97,28.23,12.82,188.0,0.251,23.0,12.23,15.0,7.98,0.784,0.217,14.85,7.02,17.48,24.5,34.8,10.0,150.0,0.242,23.0,15.33,20.0,13.33,0.845,0.25,16.48,7.01,16.64,23.65,24.41,12.5,311.0,0.194,59.0,18.97,35.0,11.25,0.575,0.0879999999999999,19.89,8.59,16.93,25.51,25.45,17.99
746296,2024-06-12,2024,521692,R,573186,R,walk,False,True,207.0,0.292,37.0,17.87,15.0,7.25,0.85,0.194,24.65,13.98,9.1,23.09,43.02,14.92,437.0,0.264,100.0,22.88,11.0,2.52,0.73,0.174,30.72,18.16,9.73,27.89,45.56,22.08,183.0,0.207,35.0,19.13,14.0,7.65,0.6020000000000001,0.11600000000000002,26.35,11.16,18.31,29.47,28.74,18.32,264.0,0.272,60.0,22.73,17.0,6.44,0.712,0.122,25.22,11.88,16.45,28.32,28.57,21.9
746296,2024-06-12,2024,669004,L,573186,R,field_out,False,False,169.0,0.161,45.0,26.63,13.0,7.69,0.605,0.213,29.97,15.42,11.6,27.01,26.89,17.44,459.0,0.239,122.0,26.58,55.0,11.98,0.752,0.181,32.7,15.24,15.56,30.8,24.84,20.68,150.0,0.242,23.0,15.33,20.0,13.33,0.845,0.25,16.48,7.01,16.64,23.65,24.41,12.5,311.0,0.194,59.0,18.97,35.0,11.25,0.575,0.0879999999999999,19.89,8.59,16.93,25.51,25.45,17.99
746296,2024-06-12,2024,650402,R,663903,R,field_out,False,False,218.0,0.236,51.0,23.39,18.0,8.26,0.653,0.11299999999999999,24.94,11.58,16.83,28.42,22.27,15.99,544.0,0.273,78.0,14.34,50.0,9.19,0.772,0.1589999999999999,21.74,10.32,15.57,25.89,26.86,11.29,137.0,0.2,32.0,23.36,7.0,5.11,0.577,0.11199999999999999,21.81,9.64,18.73,28.36,25.85,19.05,288.0,0.321,51.0,17.71,14.0,4.86,0.845,0.177,22.54,10.34,19.64,29.98,28.24,18.02
746296,2024-06-12,2024,669224,L,663903,R,strikeout,True,False,115.0,0.214,20.0,17.39,13.0,11.3,0.651,0.13299999999999998,28.02,13.39,14.09,27.48,24.78,16.81,69.0,0.25,12.0,17.39,3.0,4.35,0.81,0.281,28.48,16.48,10.99,27.47,38.03,14.46,167.0,0.273,40.0,23.95,14.0,8.38,0.823,0.20699999999999996,22.86,9.77,21.53,31.3,24.09,21.05,414.0,0.263,82.0,19.81,35.0,8.45,0.781,0.181,22.79,10.32,17.41,27.72,25.13,21.37
746296,2024-06-12,2024,665828,L,663903,R,strikeout,True,False,140.0,0.24,27.0,19.29,8.0,5.71,0.661,0.14,17.72,8.32,18.48,26.8,31.62,16.67,261.0,0.215,51.0,19.54,22.0,8.43,0.567,0.0679999999999999,22.29,10.93,14.34,25.28,25.97,17.65,167.0,0.273,40.0,23.95,14.0,8.38,0.823,0.20699999999999996,22.86,9.77,21.53,31.3,24.09,21.05,414.0,0.263,82.0,19.81,35.0,8.45,0.781,0.181,22.79,10.32,17.41,27.72,25.13,21.37
746296,2024-06-12,2024,676369,R,573186,R,field_out,False,False,144.0,0.197,41.0,28.47,9.0,6.25,0.651,0.197,36.76,16.73,16.01,32.73,27.21,25.0,125.0,0.257,36.0,28.8,9.0,7.2,0.966,0.389,35.34,17.89,12.6,30.49,29.12,21.95,183.0,0.207,35.0,19.13,14.0,7.65,0.6020000000000001,0.11600000000000002,26.35,11.16,18.31,29.47,28.74,18.32,264.0,0.272,60.0,22.73,17.0,6.44,0.712,0.122,25.22,11.88,16.45,28.32,28.57,21.9
746296,2024-06-12,2024,671221,L,573186,R,strikeout,True,False,4.0,0.0,2.0,50.0,0.0,0.0,0.0,0.0,37.5,17.65,11.76,29.41,12.5,66.67,251.0,0.236,80.0,31.87,20.0,7.97,0.7070000000000001,0.164,32.23,16.65,13.42,30.07,31.53,25.08,150.0,0.242,23.0,15.33,20.0,13.33,0.845,0.25,16.48,7.01,16.64,23.65,24.41,12.5,311.0,0.194,59.0,18.97,35.0,11.25,0.575,0.0879999999999999,19.89,8.59,16.93,25.51,25.45,17.99
746296,2024-06-12,2024,679845,R,573186,R,field_out,False,False,58.0,0.25,7.0,12.07,8.0,13.79,0.622,0.02100000000000002,18.07,7.39,18.23,25.62,22.02,12.96,44.0,0.279,7.0,15.91,1.0,2.27,0.667,0.0929999999999999,20.0,9.64,16.87,26.51,25.61,14.29,183.0,0.207,35.0,19.13,14.0,7.65,0.6020000000000001,0.11600000000000002,26.35,11.16,18.31,29.47,28.74,18.32,264.0,0.272,60.0,22.73,17.0,6.44,0.712,0.122,25.22,11.88,16.45,28.32,28.57,21.9
746296,2024-06-12,2024,683011,R,663903,R,field_out,False,False,239.0,0.276,51.0,21.34,17.0,7.11,0.771,0.15899999999999997,22.3,10.48,19.11,29.59,29.5,18.75,467.0,0.198,132.0,28.27,36.0,7.71,0.624,0.1579999999999999,28.15,13.53,17.49,31.02,29.16,23.4,137.0,0.2,32.0,23.36,7.0,5.11,0.577,0.11199999999999999,21.81,9.64,18.73,28.36,25.85,19.05,288.0,0.321,51.0,17.71,14.0,4.86,0.845,0.177,22.54,10.34,19.64,29.98,28.24,18.02
746296,2024-06-12,2024,665742,L,663903,R,field_out,False,False,224.0,0.313,36.0,16.07,38.0,16.96,1.034,0.291,24.86,9.2,18.61,27.81,16.4,14.17,502.0,0.283,81.0,16.14,99.0,19.72,0.98,0.2730000000000001,18.45,6.31,19.31,25.62,15.09,14.14,167.0,0.273,40.0,23.95,14.0,8.38,0.823,0.20699999999999996,22.86,9.77,21.53,31.3,24.09,21.05,414.0,0.263,82.0,19.81,35.0,8.45,0.781,0.181,22.79,10.32,17.41,27.72,25.13,21.37
746296,2024-06-12,2024,592450,R,663903,R,field_out,False,False,238.0,0.315,56.0,23.53,36.0,15.13,1.138,0.40099999999999997,30.34,13.1,14.48,27.58,18.2,18.6,384.0,0.266,109.0,28.39,77.0,20.05,1.011,0.3339999999999999,36.96,15.02,15.7,30.72,19.29,24.12,137.0,0.2,32.0,23.36,7.0,5.11,0.577,0.11199999999999999,21.81,9.64,18.73,28.36,25.85,19.05,288.0,0.321,51.0,17.71,14.0,4.86,0.845,0.177,22.54,10.34,19.64,29.98,28.24,18.02
746296,2024-06-12,2024,664728,L,573186,R,field_out,False,False,155.0,0.218,25.0,16.13,9.0,5.81,0.622,0.141,17.41,8.11,20.75,28.87,33.08,18.8,253.0,0.223,43.0,17.0,12.0,4.74,0.631,0.147,20.48,9.51,19.8,29.31,28.6,18.78,150.0,0.242,23.0,15.33,20.0,13.33,0.845,0.25,16.48,7.01,16.64,23.65,24.41,12.5,311.0,0.194,59.0,18.97,35.0,11.25,0.575,0.0879999999999999,19.89,8.59,16.93,25.51,25.45,17.99
746296,2024-06-12,2024,672580,R,573186,R,single,False,False,246.0,0.242,44.0,17.89,19.0,7.72,0.635,0.09400000000000003,19.16,8.47,20.41,28.88,21.83,16.48,400.0,0.258,94.0,23.5,33.0,8.25,0.648,0.071,20.3,8.71,19.59,28.3,19.12,19.96,183.0,0.207,35.0,19.13,14.0,7.65,0.6020000000000001,0.11600000000000002,26.35,11.16,18.31,29.47,28.74,18.32,264.0,0.272,60.0,22.73,17.0,6.44,0.712,0.122,25.22,11.88,16.45,28.32,28.57,21.9
746296,2024-06-12,2024,677951,R,573186,R,field_out,False,False,255.0,0.335,43.0,16.86,20.0,7.84,0.962,0.23899999999999993,24.22,11.86,14.21,26.07,29.14,17.06,547.0,0.27,93.0,17.0,33.0,6.03,0.8,0.2149999999999999,22.15,10.87,15.53,26.4,29.62,14.44,183.0,0.207,35.0,19.13,14.0,7.65,0.6020000000000001,0.11600000000000002,26.35,11.16,18.31,29.47,28.74,18.32,264.0,0.272,60.0,22.73,17.0,6.44,0.712,0.122,25.22,11.88,16.45,28.32,28.57,21.9
746296,2024-06-12,2024,686469,L,573186,R,field_out,False,False,215.0,0.224,30.0,13.95,23.0,10.7,0.739,0.20199999999999999,13.11,5.9,16.07,21.97,28.23,12.82,188.0,0.251,23.0,12.23,15.0,7.98,0.784,0.217,14.85,7.02,17.48,24.5,34.8,10.0,150.0,0.242,23.0,15.33,20.0,13.33,0.845,0.25,16.48,7.01,16.64,23.65,24.41,12.5,311.0,0.194,59.0,18.97,35.0,11.25,0.575,0.0879999999999999,19.89,8.59,16.93,25.51,25.45,17.99
746296,2024-06-12,2024,657077,L,663903,R,single,False,False,198.0,0.276,25.0,12.63,13.0,6.57,0.771,0.177,12.97,5.94,19.66,25.59,25.91,11.36,441.0,0.279,66.0,14.97,30.0,6.8,0.793,0.185,15.08,6.28,20.52,26.8,22.64,14.93,167.0,0.273,40.0,23.95,14.0,8.38,0.823,0.20699999999999996,22.86,9.77,21.53,31.3,24.09,21.05,414.0,0.263,82.0,19.81,35.0,8.45,0.781,0.181,22.79,10.32,17.41,27.72,25.13,21.37
746296,2024-06-12,2024,519317,R,663903,R,hit_by_pitch,False,False,184.0,0.232,59.0,32.07,15.0,8.15,0.817,0.28600000000000003,33.13,15.11,17.86,32.97,30.75,29.95,341.0,0.175,111.0,32.55,35.0,10.26,0.64,0.201,36.65,15.18,19.37,34.55,27.39,25.58,137.0,0.2,32.0,23.36,7.0,5.11,0.577,0.11199999999999999,21.81,9.64,18.73,28.36,25.85,19.05,288.0,0.321,51.0,17.71,14.0,4.86,0.845,0.177,22.54,10.34,19.64,29.98,28.24,18.02
746296,2024-06-12,2024,519203,L,663903,R,field_out,False,False,203.0,0.231,32.0,15.76,13.0,6.4,0.667,0.145,19.18,9.83,15.86,25.69,38.73,14.95,334.0,0.22,86.0,25.75,27.0,8.08,0.6739999999999999,0.146,25.23,12.17,17.7,29.87,34.73,19.95,167.0,0.273,40.0,23.95,14.0,8.38,0.823,0.20699999999999996,22.86,9.77,21.53,31.3,24.09,21.05,414.0,0.263,82.0,19.81,35.0,8.45,0.781,0.181,22.79,10.32,17.41,27.72,25.13,21.37
746296,2024-06-12,2024,650402,R,663903,R,single,False,False,218.0,0.236,51.0,23.39,18.0,8.26,0.653,0.11299999999999999,24.94,11.58,16.83,28.42,22.27,15.99,544.0,0.273,78.0,14.34,50.0,9.19,0.772,0.1589999999999999,21.74,10.32,15.57,25.89,26.86,11.29,137.0,0.2,32.0,23.36,7.0,5.11,0.577,0.11199999999999999,21.81,9.64,18.73,28.36,25.85,19.05,288.0,0.321,51.0,17.71,14.0,4.86,0.845,0.177,22.54,10.34,19.64,29.98,28.24,18.02
746296,2024-06-12,2024,669224,L,663903,R,home_run,False,False,115.0,0.214,20.0,17.39,13.0,11.3,0.651,0.13299999999999998,28.02,13.39,14.09,27.48,24.78,16.81,69.0,0.25,12.0,17.39,3.0,4.35,0.81,0.281,28.48,16.48,10.99,27.47,38.03,14.46,167.0,0.273,40.0,23.95,14.0,8.38,0.823,0.20699999999999996,22.86,9.77,21.53,31.3,24.09,21.05,414.0,0.263,82.0,19.81,35.0,8.45,0.781,0.181,22.79,10.32,17.41,27.72,25.13,21.37
746296,2024-06-12,2024,665828,L,663903,R,strikeout,True,False,140.0,0.24,27.0,19.29,8.0,5.71,0.661,0.14,17.72,8.32,18.48,26.8,31.62,16.67,261.0,0.215,51.0,19.54,22.0,8.43,0.567,0.0679999999999999,22.29,10.93,14.34,25.28,25.97,17.65,167.0,0.273,40.0,23.95,14.0,8.38,0.823,0.20699999999999996,22.86,9.77,21.53,31.3,24.09,21.05,414.0,0.263,82.0,19.81,35.0,8.45,0.781,0.181,22.79,10.32,17.41,27.72,25.13,21.37
746296,2024-06-12,2024,683011,R,663903,R,strikeout,True,False,239.0,0.276,51.0,21.34,17.0,7.11,0.771,0.15899999999999997,22.3,10.48,19.11,29.59,29.5,18.75,467.0,0.198,132.0,28.27,36.0,7.71,0.624,0.1579999999999999,28.15,13.53,17.49,31.02,29.16,23.4,137.0,0.2,32.0,23.36,7.0,5.11,0.577,0.11199999999999999,21.81,9.64,18.73,28.36,25.85,19.05,288.0,0.321,51.0,17.71,14.0,4.86,0.845,0.177,22.54,10.34,19.64,29.98,28.24,18.02
746296,2024-06-12,2024,521692,R,573186,R,field_out,False,False,207.0,0.292,37.0,17.87,15.0,7.25,0.85,0.194,24.65,13.98,9.1,23.09,43.02,14.92,437.0,0.264,100.0,22.88,11.0,2.52,0.73,0.174,30.72,18.16,9.73,27.89,45.56,22.08,183.0,0.207,35.0,19.13,14.0,7.65,0.6020000000000001,0.11600000000000002,26.35,11.16,18.31,29.47,28.74,18.32,264.0,0.272,60.0,22.73,17.0,6.44,0.712,0.122,25.22,11.88,16.45,28.32,28.57,21.9
746296,2024-06-12,2024,669004,L,573186,R,field_out,False,False,169.0,0.161,45.0,26.63,13.0,7.69,0.605,0.213,29.97,15.42,11.6,27.01,26.89,17.44,459.0,0.239,122.0,26.58,55.0,11.98,0.752,0.181,32.7,15.24,15.56,30.8,24.84,20.68,150.0,0.242,23.0,15.33,20.0,13.33,0.845,0.25,16.48,7.01,16.64,23.65,24.41,12.5,311.0,0.194,59.0,18.97,35.0,11.25,0.575,0.0879999999999999,19.89,8.59,16.93,25.51,25.45,17.99
746296,2024-06-12,2024,676369,R,573186,R,field_out,False,False,144.0,0.197,41.0,28.47,9.0,6.25,0.651,0.197,36.76,16.73,16.01,32.73,27.21,25.0,125.0,0.257,36.0,28.8,9.0,7.2,0.966,0.389,35.34,17.89,12.6,30.49,29.12,21.95,183.0,0.207,35.0,19.13,14.0,7.65,0.6020000000000001,0.11600000000000002,26.35,11.16,18.31,29.47,28.74,18.32,264.0,0.272,60.0,22.73,17.0,6.44,0.712,0.122,25.22,11.88,16.45,28.32,28.57,21.9
746296,2024-06-12,2024,665742,L,663903,R,field_out,False,False,224.0,0.313,36.0,16.07,38.0,16.96,1.034,0.291,24.86,9.2,18.61,27.81,16.4,14.17,502.0,0.283,81.0,16.14,99.0,19.72,0.98,0.2730000000000001,18.45,6.31,19.31,25.62,15.09,14.14,167.0,0.273,40.0,23.95,14.0,8.38,0.823,0.20699999999999996,22.86,9.77,21.53,31.3,24.09,21.05,414.0,0.263,82.0,19.81,35.0,8.45,0.781,0.181,22.79,10.32,17.41,27.72,25.13,21.37
746296,2024-06-12,2024,592450,R,663903,R,field_out,False,False,238.0,0.315,56.0,23.53,36.0,15.13,1.138,0.40099999999999997,30.34,13.1,14.48,27.58,18.2,18.6,384.0,0.266,109.0,28.39,77.0,20.05,1.011,0.3339999999999999,36.96,15.02,15.7,30.72,19.29,24.12,137.0,0.2,32.0,23.36,7.0,5.11,0.577,0.11199999999999999,21.81,9.64,18.73,28.36,25.85,19.05,288.0,0.321,51.0,17.71,14.0,4.86,0.845,0.177,22.54,10.34,19.64,29.98,28.24,18.02
746296,2024-06-12,2024,657077,L,663903,R,strikeout,True,False,198.0,0.276,25.0,12.63,13.0,6.57,0.771,0.177,12.97,5.94,19.66,25.59,25.91,11.36,441.0,0.279,66.0,14.97,30.0,6.8,0.793,0.185,15.08,6.28,20.52,26.8,22.64,14.93,167.0,0.273,40.0,23.95,14.0,8.38,0.823,0.20699999999999996,22.86,9.77,21.53,31.3,24.09,21.05,414.0,0.263,82.0,19.81,35.0,8.45,0.781,0.181,22.79,10.32,17.41,27.72,25.13,21.37
746296,2024-06-12,2024,671221,L,573186,R,field_out,False,False,4.0,0.0,2.0,50.0,0.0,0.0,0.0,0.0,37.5,17.65,11.76,29.41,12.5,66.67,251.0,0.236,80.0,31.87,20.0,7.97,0.7070000000000001,0.164,32.23,16.65,13.42,30.07,31.53,25.08,150.0,0.242,23.0,15.33,20.0,13.33,0.845,0.25,16.48,7.01,16.64,23.65,24.41,12.5,311.0,0.194,59.0,18.97,35.0,11.25,0.575,0.0879999999999999,19.89,8.59,16.93,25.51,25.45,17.99
746296,2024-06-12,2024,679845,R,573186,R,field_out,False,False,58.0,0.25,7.0,12.07,8.0,13.79,0.622,0.02100000000000002,18.07,7.39,18.23,25.62,22.02,12.96,44.0,0.279,7.0,15.91,1.0,2.27,0.667,0.0929999999999999,20.0,9.64,16.87,26.51,25.61,14.29,183.0,0.207,35.0,19.13,14.0,7.65,0.6020000000000001,0.11600000000000002,26.35,11.16,18.31,29.47,28.74,18.32,264.0,0.272,60.0,22.73,17.0,6.44,0.712,0.122,25.22,11.88,16.45,28.32,28.57,21.9
746296,2024-06-12,2024,664728,L,573186,R,triple,False,False,155.0,0.218,25.0,16.13,9.0,5.81,0.622,0.141,17.41,8.11,20.75,28.87,33.08,18.8,253.0,0.223,43.0,17.0,12.0,4.74,0.631,0.147,20.48,9.51,19.8,29.31,28.6,18.78,150.0,0.242,23.0,15.33,20.0,13.33,0.845,0.25,16.48,7.01,16.64,23.65,24.41,12.5,311.0,0.194,59.0,18.97,35.0,11.25,0.575,0.0879999999999999,19.89,8.59,16.93,25.51,25.45,17.99
746296,2024-06-12,2024,672580,R,573186,R,field_out,False,False,246.0,0.242,44.0,17.89,19.0,7.72,0.635,0.09400000000000003,19.16,8.47,20.41,28.88,21.83,16.48,400.0,0.258,94.0,23.5,33.0,8.25,0.648,0.071,20.3,8.71,19.59,28.3,19.12,19.96,183.0,0.207,35.0,19.13,14.0,7.65,0.6020000000000001,0.11600000000000002,26.35,11.16,18.31,29.47,28.74,18.32,264.0,0.272,60.0,22.73,17.0,6.44,0.712,0.122,25.22,11.88,16.45,28.32,28.57,21.9
746296,2024-06-12,2024,519317,R,663903,R,strikeout,True,False,184.0,0.232,59.0,32.07,15.0,8.15,0.817,0.28600000000000003,33.13,15.11,17.86,32.97,30.75,29.95,341.0,0.175,111.0,32.55,35.0,10.26,0.64,0.201,36.65,15.18,19.37,34.55,27.39,25.58,137.0,0.2,32.0,23.36,7.0,5.11,0.577,0.11199999999999999,21.81,9.64,18.73,28.36,25.85,19.05,288.0,0.321,51.0,17.71,14.0,4.86,0.845,0.177,22.54,10.34,19.64,29.98,28.24,18.02
746296,2024-06-12,2024,519203,L,663903,R,field_error,False,False,203.0,0.231,32.0,15.76,13.0,6.4,0.667,0.145,19.18,9.83,15.86,25.69,38.73,14.95,334.0,0.22,86.0,25.75,27.0,8.08,0.6739999999999999,0.146,25.23,12.17,17.7,29.87,34.73,19.95,167.0,0.273,40.0,23.95,14.0,8.38,0.823,0.20699999999999996,22.86,9.77,21.53,31.3,24.09,21.05,414.0,0.263,82.0,19.81,35.0,8.45,0.781,0.181,22.79,10.32,17.41,27.72,25.13,21.37
746296,2024-06-12,2024,650402,R,663903,R,force_out,False,False,218.0,0.236,51.0,23.39,18.0,8.26,0.653,0.11299999999999999,24.94,11.58,16.83,28.42,22.27,15.99,544.0,0.273,78.0,14.34,50.0,9.19,0.772,0.1589999999999999,21.74,10.32,15.57,25.89,26.86,11.29,137.0,0.2,32.0,23.36,7.0,5.11,0.577,0.11199999999999999,21.81,9.64,18.73,28.36,25.85,19.05,288.0,0.321,51.0,17.71,14.0,4.86,0.845,0.177,22.54,10.34,19.64,29.98,28.24,18.02
746296,2024-06-12,2024,669224,L,663903,R,single,False,False,115.0,0.214,20.0,17.39,13.0,11.3,0.651,0.13299999999999998,28.02,13.39,14.09,27.48,24.78,16.81,69.0,0.25,12.0,17.39,3.0,4.35,0.81,0.281,28.48,16.48,10.99,27.47,38.03,14.46,167.0,0.273,40.0,23.95,14.0,8.38,0.823,0.20699999999999996,22.86,9.77,21.53,31.3,24.09,21.05,414.0,0.263,82.0,19.81,35.0,8.45,0.781,0.181,22.79,10.32,17.41,27.72,25.13,21.37
746296,2024-06-12,2024,665828,L,663903,R,single,False,False,140.0,0.24,27.0,19.29,8.0,5.71,0.661,0.14,17.72,8.32,18.48,26.8,31.62,16.67,261.0,0.215,51.0,19.54,22.0,8.43,0.567,0.0679999999999999,22.29,10.93,14.34,25.28,25.97,17.65,167.0,0.273,40.0,23.95,14.0,8.38,0.823,0.20699999999999996,22.86,9.77,21.53,31.3,24.09,21.05,414.0,0.263,82.0,19.81,35.0,8.45,0.781,0.181,22.79,10.32,17.41,27.72,25.13,21.37
746296,2024-06-12,2024,683011,R,623433,R,field_out,False,False,239.0,0.276,51.0,21.34,17.0,7.11,0.771,0.15899999999999997,22.3,10.48,19.11,29.59,29.5,18.75,467.0,0.198,132.0,28.27,36.0,7.71,0.624,0.1579999999999999,28.15,13.53,17.49,31.02,29.16,23.4,62.0,0.352,11.0,17.74,7.0,11.29,1.139,0.352,17.14,7.5,22.08,29.58,22.77,14.1,85.0,0.297,19.0,22.35,8.0,9.41,0.847,0.189,24.16,10.62,20.94,31.56,23.42,18.63
746296,2024-06-12,2024,677951,R,573186,R,single,False,False,255.0,0.335,43.0,16.86,20.0,7.84,0.962,0.23899999999999993,24.22,11.86,14.21,26.07,29.14,17.06,547.0,0.27,93.0,17.0,33.0,6.03,0.8,0.2149999999999999,22.15,10.87,15.53,26.4,29.62,14.44,183.0,0.207,35.0,19.13,14.0,7.65,0.6020000000000001,0.11600000000000002,26.35,11.16,18.31,29.47,28.74,18.32,264.0,0.272,60.0,22.73,17.0,6.44,0.712,0.122,25.22,11.88,16.45,28.32,28.57,21.9
746296,2024-06-12,2024,686469,L,573186,R,walk,False,True,215.0,0.224,30.0,13.95,23.0,10.7,0.739,0.20199999999999999,13.11,5.9,16.07,21.97,28.23,12.82,188.0,0.251,23.0,12.23,15.0,7.98,0.784,0.217,14.85,7.02,17.48,24.5,34.8,10.0,150.0,0.242,23.0,15.33,20.0,13.33,0.845,0.25,16.48,7.01,16.64,23.65,24.41,12.5,311.0,0.194,59.0,18.97,35.0,11.25,0.575,0.0879999999999999,19.89,8.59,16.93,25.51,25.45,17.99
746296,2024-06-12,2024,521692,R,573186,R,field_out,False,False,207.0,0.292,37.0,17.87,15.0,7.25,0.85,0.194,24.65,13.98,9.1,23.09,43.02,14.92,437.0,0.264,100.0,22.88,11.0,2.52,0.73,0.174,30.72,18.16,9.73,27.89,45.56,22.08,183.0,0.207,35.0,19.13,14.0,7.65,0.6020000000000001,0.11600000000000002,26.35,11.16,18.31,29.47,28.74,18.32,264.0,0.272,60.0,22.73,17.0,6.44,0.712,0.122,25.22,11.88,16.45,28.32,28.57,21.9
746296,2024-06-12,2024,669004,L,573186,R,field_out,False,False,169.0,0.161,45.0,26.63,13.0,7.69,0.605,0.213,29.97,15.42,11.6,27.01,26.89,17.44,459.0,0.239,122.0,26.58,55.0,11.98,0.752,0.181,32.7,15.24,15.56,30.8,24.84,20.68,150.0,0.242,23.0,15.33,20.0,13.33,0.845,0.25,16.48,7.01,16.64,23.65,24.41,12.5,311.0,0.194,59.0,18.97,35.0,11.25,0.575,0.0879999999999999,19.89,8.59,16.93,25.51,25.45,17.99
746296,2024-06-12,2024,676369,R,573186,R,walk,False,True,144.0,0.197,41.0,28.47,9.0,6.25,0.651,0.197,36.76,16.73,16.01,32.73,27.21,25.0,125.0,0.257,36.0,28.8,9.0,7.2,0.966,0.389,35.34,17.89,12.6,30.49,29.12,21.95,183.0,0.207,35.0,19.13,14.0,7.65,0.6020000000000001,0.11600000000000002,26.35,11.16,18.31,29.47,28.74,18.32,264.0,0.272,60.0,22.73,17.0,6.44,0.712,0.122,25.22,11.88,16.45,28.32,28.57,21.9
746296,2024-06-12,2024,671221,L,676760,R,strikeout,True,False,4.0,0.0,2.0,50.0,0.0,0.0,0.0,0.0,37.5,17.65,11.76,29.41,12.5,66.67,251.0,0.236,80.0,31.87,20.0,7.97,0.7070000000000001,0.164,32.23,16.65,13.42,30.07,31.53,25.08,30.0,0.077,9.0,30.0,3.0,10.0,0.392,0.115,36.17,15.45,16.36,31.82,23.73,32.14,112.0,0.213,32.0,28.57,15.0,13.39,0.663,0.117,30.54,14.54,14.34,28.88,30.29,18.18
746296,2024-06-12,2024,665742,L,623433,R,walk,False,True,224.0,0.313,36.0,16.07,38.0,16.96,1.034,0.291,24.86,9.2,18.61,27.81,16.4,14.17,502.0,0.283,81.0,16.14,99.0,19.72,0.98,0.2730000000000001,18.45,6.31,19.31,25.62,15.09,14.14,55.0,0.213,7.0,12.73,7.0,12.73,0.607,0.08499999999999999,25.58,10.78,16.67,27.45,20.95,16.28,58.0,0.14,17.0,29.31,1.0,1.72,0.366,0.0709999999999999,32.46,17.7,20.1,37.8,39.36,23.61
746296,2024-06-12,2024,592450,R,623433,R,home_run,False,False,238.0,0.315,56.0,23.53,36.0,15.13,1.138,0.40099999999999997,30.34,13.1,14.48,27.58,18.2,18.6,384.0,0.266,109.0,28.39,77.0,20.05,1.011,0.3339999999999999,36.96,15.02,15.7,30.72,19.29,24.12,62.0,0.352,11.0,17.74,7.0,11.29,1.139,0.352,17.14,7.5,22.08,29.58,22.77,14.1,85.0,0.297,19.0,22.35,8.0,9.41,0.847,0.189,24.16,10.62,20.94,31.56,23.42,18.63
746296,2024-06-12,2024,657077,L,623433,R,field_out,False,False,198.0,0.276,25.0,12.63,13.0,6.57,0.771,0.177,12.97,5.94,19.66,25.59,25.91,11.36,441.0,0.279,66.0,14.97,30.0,6.8,0.793,0.185,15.08,6.28,20.52,26.8,22.64,14.93,55.0,0.213,7.0,12.73,7.0,12.73,0.607,0.08499999999999999,25.58,10.78,16.67,27.45,20.95,16.28,58.0,0.14,17.0,29.31,1.0,1.72,0.366,0.0709999999999999,32.46,17.7,20.1,37.8,39.36,23.61
746296,2024-06-12,2024,519317,R,623433,R,home_run,False,False,184.0,0.232,59.0,32.07,15.0,8.15,0.817,0.28600000000000003,33.13,15.11,17.86,32.97,30.75,29.95,341.0,0.175,111.0,32.55,35.0,10.26,0.64,0.201,36.65,15.18,19.37,34.55,27.39,25.58,62.0,0.352,11.0,17.74,7.0,11.29,1.139,0.352,17.14,7.5,22.08,29.58,22.77,14.1,85.0,0.297,19.0,22.35,8.0,9.41,0.847,0.189,24.16,10.62,20.94,31.56,23.42,18.63
746296,2024-06-12,2024,519203,L,623433,R,field_out,False,False,203.0,0.231,32.0,15.76,13.0,6.4,0.667,0.145,19.18,9.83,15.86,25.69,38.73,14.95,334.0,0.22,86.0,25.75,27.0,8.08,0.6739999999999999,0.146,25.23,12.17,17.7,29.87,34.73,19.95,55.0,0.213,7.0,12.73,7.0,12.73,0.607,0.08499999999999999,25.58,10.78,16.67,27.45,20.95,16.28,58.0,0.14,17.0,29.31,1.0,1.72,0.366,0.0709999999999999,32.46,17.7,20.1,37.8,39.36,23.61
746296,2024-06-12,2024,650402,R,623433,R,walk,False,True,218.0,0.236,51.0,23.39,18.0,8.26,0.653,0.11299999999999999,24.94,11.58,16.83,28.42,22.27,15.99,544.0,0.273,78.0,14.34,50.0,9.19,0.772,0.1589999999999999,21.74,10.32,15.57,25.89,26.86,11.29,62.0,0.352,11.0,17.74,7.0,11.29,1.139,0.352,17.14,7.5,22.08,29.58,22.77,14.1,85.0,0.297,19.0,22.35,8.0,9.41,0.847,0.189,24.16,10.62,20.94,31.56,23.42,18.63
746296,2024-06-12,2024,669224,L,623433,R,field_out,False,False,115.0,0.214,20.0,17.39,13.0,11.3,0.651,0.13299999999999998,28.02,13.39,14.09,27.48,24.78,16.81,69.0,0.25,12.0,17.39,3.0,4.35,0.81,0.281,28.48,16.48,10.99,27.47,38.03,14.46,55.0,0.213,7.0,12.73,7.0,12.73,0.607,0.08499999999999999,25.58,10.78,16.67,27.45,20.95,16.28,58.0,0.14,17.0,29.31,1.0,1.72,0.366,0.0709999999999999,32.46,17.7,20.1,37.8,39.36,23.61
746296,2024-06-12,2024,679845,R,676760,R,walk,False,True,58.0,0.25,7.0,12.07,8.0,13.79,0.622,0.02100000000000002,18.07,7.39,18.23,25.62,22.02,12.96,44.0,0.279,7.0,15.91,1.0,2.27,0.667,0.0929999999999999,20.0,9.64,16.87,26.51,25.61,14.29,26.0,0.211,4.0,15.38,3.0,11.54,0.741,0.21,21.28,9.52,19.05,28.57,30.91,12.5,94.0,0.203,24.0,25.53,12.0,12.77,0.74,0.189,25.0,11.36,14.14,25.51,32.07,20.17
746296,2024-06-12,2024,664728,L,676760,R,strikeout,True,False,155.0,0.218,25.0,16.13,9.0,5.81,0.622,0.141,17.41,8.11,20.75,28.87,33.08,18.8,253.0,0.223,43.0,17.0,12.0,4.74,0.631,0.147,20.48,9.51,19.8,29.31,28.6,18.78,30.0,0.077,9.0,30.0,3.0,10.0,0.392,0.115,36.17,15.45,16.36,31.82,23.73,32.14,112.0,0.213,32.0,28.57,15.0,13.39,0.663,0.117,30.54,14.54,14.34,28.88,30.29,18.18
746296,2024-06-12,2024,672580,R,676760,R,field_out,False,False,246.0,0.242,44.0,17.89,19.0,7.72,0.635,0.09400000000000003,19.16,8.47,20.41,28.88,21.83,16.48,400.0,0.258,94.0,23.5,33.0,8.25,0.648,0.071,20.3,8.71,19.59,28.3,19.12,19.96,26.0,0.211,4.0,15.38,3.0,11.54,0.741,0.21,21.28,9.52,19.05,28.57,30.91,12.5,94.0,0.203,24.0,25.53,12.0,12.77,0.74,0.189,25.0,11.36,14.14,25.51,32.07,20.17
746296,2024-06-12,2024,677951,R,676760,R,field_out,False,False,255.0,0.335,43.0,16.86,20.0,7.84,0.962,0.23899999999999993,24.22,11.86,14.21,26.07,29.14,17.06,547.0,0.27,93.0,17.0,33.0,6.03,0.8,0.2149999999999999,22.15,10.87,15.53,26.4,29.62,14.44,26.0,0.211,4.0,15.38,3.0,11.54,0.741,0.21,21.28,9.52,19.05,28.57,30.91,12.5,94.0,0.203,24.0,25.53,12.0,12.77,0.74,0.189,25.0,11.36,14.14,25.51,32.07,20.17
746296,2024-06-12,2024,665828,L,608717,R,field_out,False,False,140.0,0.24,27.0,19.29,8.0,5.71,0.661,0.14,17.72,8.32,18.48,26.8,31.62,16.67,261.0,0.215,51.0,19.54,22.0,8.43,0.567,0.0679999999999999,22.29,10.93,14.34,25.28,25.97,17.65,46.0,0.243,10.0,21.74,9.0,19.57,0.634,0.0,23.75,9.27,19.02,28.29,26.79,17.24,104.0,0.191,35.0,33.65,14.0,13.46,0.59,0.1009999999999999,21.74,8.85,21.02,29.87,22.5,22.88
746296,2024-06-12,2024,683011,R,608717,R,field_out,False,False,239.0,0.276,51.0,21.34,17.0,7.11,0.771,0.15899999999999997,22.3,10.48,19.11,29.59,29.5,18.75,467.0,0.198,132.0,28.27,36.0,7.71,0.624,0.1579999999999999,28.15,13.53,17.49,31.02,29.16,23.4,78.0,0.154,17.0,21.79,10.0,12.82,0.581,0.154,27.48,12.16,15.54,27.7,23.53,26.56,234.0,0.242,46.0,19.66,11.0,4.7,0.679,0.158,22.17,11.23,16.08,27.31,29.37,16.37
746296,2024-06-12,2024,663757,L,608717,R,strikeout,True,False,56.0,0.093,15.0,26.79,10.0,17.86,0.575,0.209,25.64,8.06,23.39,31.45,6.78,22.39,412.0,0.178,118.0,28.64,56.0,13.59,0.623,0.147,29.65,12.55,17.63,30.18,22.3,21.15,46.0,0.243,10.0,21.74,9.0,19.57,0.634,0.0,23.75,9.27,19.02,28.29,26.79,17.24,104.0,0.191,35.0,33.65,14.0,13.46,0.59,0.1009999999999999,21.74,8.85,21.02,29.87,22.5,22.88
746296,2024-06-12,2024,686469,L,676760,R,field_out,False,False,215.0,0.224,30.0,13.95,23.0,10.7,0.739,0.20199999999999999,13.11,5.9,16.07,21.97,28.23,12.82,188.0,0.251,23.0,12.23,15.0,7.98,0.784,0.217,14.85,7.02,17.48,24.5,34.8,10.0,30.0,0.077,9.0,30.0,3.0,10.0,0.392,0.115,36.17,15.45,16.36,31.82,23.73,32.14,112.0,0.213,32.0,28.57,15.0,13.39,0.663,0.117,30.54,14.54,14.34,28.88,30.29,18.18
746296,2024-06-12,2024,666023,R,676760,R,home_run,False,False,79.0,0.274,17.0,21.52,6.0,7.59,0.6990000000000001,0.09599999999999997,24.4,13.14,13.78,26.92,34.19,16.35,169.0,0.288,36.0,21.3,9.0,5.33,0.785,0.174,23.9,13.04,10.79,23.84,30.17,16.22,26.0,0.211,4.0,15.38,3.0,11.54,0.741,0.21,21.28,9.52,19.05,28.57,30.91,12.5,94.0,0.203,24.0,25.53,12.0,12.77,0.74,0.189,25.0,11.36,14.14,25.51,32.07,20.17
746296,2024-06-12,2024,669004,L,676760,R,strikeout,True,False,169.0,0.161,45.0,26.63,13.0,7.69,0.605,0.213,29.97,15.42,11.6,27.01,26.89,17.44,459.0,0.239,122.0,26.58,55.0,11.98,0.752,0.181,32.7,15.24,15.56,30.8,24.84,20.68,30.0,0.077,9.0,30.0,3.0,10.0,0.392,0.115,36.17,15.45,16.36,31.82,23.73,32.14,112.0,0.213,32.0,28.57,15.0,13.39,0.663,0.117,30.54,14.54,14.34,28.88,30.29,18.18
746296,2024-06-12,2024,676369,R,676760,R,hit_by_pitch,False,False,144.0,0.197,41.0,28.47,9.0,6.25,0.651,0.197,36.76,16.73,16.01,32.73,27.21,25.0,125.0,0.257,36.0,28.8,9.0,7.2,0.966,0.389,35.34,17.89,12.6,30.49,29.12,21.95,26.0,0.211,4.0,15.38,3.0,11.54,0.741,0.21,21.28,9.52,19.05,28.57,30.91,12.5,94.0,0.203,24.0,25.53,12.0,12.77,0.74,0.189,25.0,11.36,14.14,25.51,32.07,20.17
746296,2024-06-12,2024,671221,L,676760,R,field_out,False,False,4.0,0.0,2.0,50.0,0.0,0.0,0.0,0.0,37.5,17.65,11.76,29.41,12.5,66.67,251.0,0.236,80.0,31.87,20.0,7.97,0.7070000000000001,0.164,32.23,16.65,13.42,30.07,31.53,25.08,30.0,0.077,9.0,30.0,3.0,10.0,0.392,0.115,36.17,15.45,16.36,31.82,23.73,32.14,112.0,0.213,32.0,28.57,15.0,13.39,0.663,0.117,30.54,14.54,14.34,28.88,30.29,18.18
746296,2024-06-12,2024,663330,R,668472,L,strikeout,True,False,7.0,0.333,2.0,28.57,1.0,14.29,1.262,0.49999999999999994,41.67,18.52,22.22,40.74,18.18,18.18,8.0,0.25,3.0,37.5,0.0,0.0,0.625,0.125,18.75,9.38,15.62,25.0,18.75,30.0,2.0,0.5,1.0,50.0,0.0,0.0,1.0,0.0,40.0,22.22,11.11,33.33,40.0,33.33,,,,,,,,,,,,,,
746296,2024-06-12,2024,657077,L,668472,L,field_out,False,False,73.0,0.226,12.0,16.44,8.0,10.96,0.6699999999999999,0.12899999999999998,19.01,7.59,22.44,30.03,22.97,12.9,161.0,0.22,27.0,16.77,15.0,9.32,0.61,0.0779999999999999,17.21,6.6,24.69,31.29,20.83,15.61,2.0,0.0,0.0,0.0,0.0,0.0,0.0,0.0,0.0,0.0,33.33,33.33,33.33,0.0,,,,,,,,,,,,,,
746296,2024-06-12,2024,519317,R,668472,L,single,False,False,62.0,0.22,18.0,29.03,2.0,3.23,0.619,0.153,32.48,16.59,17.47,34.06,35.65,28.57,74.0,0.265,13.0,17.57,6.0,8.11,0.942,0.353,21.88,10.11,15.16,25.27,26.09,20.0,2.0,0.5,1.0,50.0,0.0,0.0,1.0,0.0,40.0,22.22,11.11,33.33,40.0,33.33,,,,,,,,,,,,,,
746296,2024-06-12,2024,519203,L,668472,L,field_out,False,False,69.0,0.188,14.0,20.29,2.0,2.9,0.449,0.015000000000000013,20.34,9.72,17.81,27.53,27.34,22.58,87.0,0.333,11.0,12.64,8.0,9.2,0.825,0.0899999999999999,23.87,11.56,17.81,29.38,30.82,12.64,2.0,0.0,0.0,0.0,0.0,0.0,0.0,0.0,0.0,0.0,33.33,33.33,33.33,0.0,,,,,,,,,,,,,,
746296,2024-06-12,2024,679845,R,624647,L,field_out,False,False,22.0,0.412,2.0,9.09,3.0,13.64,0.9119999999999999,0.0,11.43,5.06,13.92,18.99,25.53,9.52,24.0,0.421,5.0,20.83,3.0,12.5,1.079,0.1579999999999999,24.32,10.71,14.29,25.0,18.18,26.32,52.0,0.14,6.0,11.54,8.0,15.38,0.59,0.16199999999999998,18.95,8.74,11.65,20.39,30.08,10.0,73.0,0.19,15.0,20.55,7.0,9.59,0.59,0.1119999999999999,30.23,14.29,13.55,27.84,30.92,24.59
746296,2024-06-12,2024,664728,L,624647,L,walk,False,True,23.0,0.238,6.0,26.09,1.0,4.35,0.59,0.04799999999999999,16.22,6.32,26.32,32.63,27.66,17.14,61.0,0.315,16.0,26.23,5.0,8.2,0.7989999999999999,0.1109999999999999,20.72,9.87,17.17,27.04,27.93,21.05,26.0,0.136,2.0,7.69,3.0,11.54,0.405,0.0,20.0,7.63,20.34,27.97,17.74,5.41,62.0,0.259,15.0,24.19,3.0,4.84,0.6679999999999999,0.1029999999999999,27.18,11.62,23.65,35.27,30.25,22.39
746296,2024-06-12,2024,672580,R,624647,L,force_out,False,False,58.0,0.286,3.0,5.17,1.0,1.72,0.8160000000000001,0.23200000000000004,9.8,4.88,20.98,25.85,30.26,4.92,116.0,0.315,21.0,18.1,5.0,4.31,0.79,0.139,16.58,7.23,23.31,30.54,25.87,18.75,52.0,0.14,6.0,11.54,8.0,15.38,0.59,0.16199999999999998,18.95,8.74,11.65,20.39,30.08,10.0,73.0,0.19,15.0,20.55,7.0,9.59,0.59,0.1119999999999999,30.23,14.29,13.55,27.84,30.92,24.59
746296,2024-06-12,2024,641658,R,624647,L,force_out,False,False,49.0,0.273,14.0,28.57,4.0,8.16,0.674,0.068,23.6,11.67,13.33,25.0,21.95,29.79,82.0,0.264,22.0,26.83,9.0,10.98,0.707,0.0969999999999999,30.16,12.62,19.93,32.56,26.03,28.95,52.0,0.14,6.0,11.54,8.0,15.38,0.59,0.16199999999999998,18.95,8.74,11.65,20.39,30.08,10.0,73.0,0.19,15.0,20.55,7.0,9.59,0.59,0.1119999999999999,30.23,14.29,13.55,27.84,30.92,24.59
745244,2024-06-12,2024,667452,R,646242,L,field_out,False,False,26.0,0.375,8.0,30.77,2.0,7.69,1.048,0.25,30.19,15.09,18.87,33.96,41.18,21.62,76.0,0.233,19.0,25.0,2.0,2.63,0.62,0.1369999999999999,22.62,11.91,15.05,26.96,35.67,17.27,20.0,0.368,2.0,10.0,1.0,5.0,1.084,0.31600000000000006,15.15,7.46,20.9,28.36,24.14,10.53,28.0,0.476,3.0,10.71,4.0,14.29,1.285,0.238,17.65,7.5,15.83,23.33,27.14,8.57
745244,2024-06-12,2024,672820,R,646242,L,field_out,False,False,22.0,0.25,4.0,18.18,2.0,9.09,0.768,0.2,21.05,8.99,16.85,25.84,25.0,17.39,50.0,0.261,10.0,20.0,3.0,6.0,0.741,0.174,22.11,11.8,17.98,29.78,44.19,18.87,20.0,0.368,2.0,10.0,1.0,5.0,1.084,0.31600000000000006,15.15,7.46,20.9,28.36,24.14,10.53,28.0,0.476,3.0,10.71,4.0,14.29,1.285,0.238,17.65,7.5,15.83,23.33,27.14,8.57
745244,2024-06-12,2024,673357,R,646242,L,walk,False,True,13.0,0.273,4.0,30.77,2.0,15.38,0.749,0.09099999999999997,42.11,17.78,15.56,33.33,21.05,66.67,119.0,0.312,40.0,33.61,5.0,4.2,0.951,0.2749999999999999,35.71,20.75,11.2,31.95,42.19,22.1,20.0,0.368,2.0,10.0,1.0,5.0,1.084,0.31600000000000006,15.15,7.46,20.9,28.36,24.14,10.53,28.0,0.476,3.0,10.71,4.0,14.29,1.285,0.238,17.65,7.5,15.83,23.33,27.14,8.57
745244,2024-06-12,2024,683734,R,646242,L,strikeout,True,False,54.0,0.269,9.0,16.67,2.0,3.7,0.738,0.173,24.77,12.68,15.02,27.7,35.19,15.25,142.0,0.227,20.0,14.08,7.0,4.93,0.641,0.144,18.15,9.74,13.42,23.16,34.55,11.83,20.0,0.368,2.0,10.0,1.0,5.0,1.084,0.31600000000000006,15.15,7.46,20.9,28.36,24.14,10.53,28.0,0.476,3.0,10.71,4.0,14.29,1.285,0.238,17.65,7.5,15.83,23.33,27.14,8.57
745244,2024-06-12,2024,641487,L,689672,R,field_out,False,False,136.0,0.178,31.0,22.79,16.0,11.76,0.6100000000000001,0.15300000000000002,17.6,7.02,20.38,27.4,18.06,18.24,446.0,0.266,84.0,18.83,67.0,15.02,0.845,0.197,18.19,6.93,19.49,26.42,17.9,17.39,13.0,0.167,2.0,15.38,1.0,7.69,0.5640000000000001,0.166,25.0,10.77,16.92,27.69,21.62,8.33,,,,,,,,,,,,,,
745244,2024-06-12,2024,668942,L,689672,R,field_out,False,False,180.0,0.28,27.0,15.0,16.0,8.89,0.764,0.13599999999999995,17.76,8.15,16.6,24.75,21.21,13.57,299.0,0.249,64.0,21.4,22.0,7.36,0.6559999999999999,0.1019999999999999,22.77,10.13,19.65,29.78,25.55,19.69,13.0,0.167,2.0,15.38,1.0,7.69,0.5640000000000001,0.166,25.0,10.77,16.92,27.69,21.62,8.33,,,,,,,,,,,,,,
745244,2024-06-12,2024,677594,R,689672,R,strikeout,True,False,215.0,0.252,60.0,27.91,12.0,5.58,0.61,0.06,30.94,16.57,12.37,28.94,36.52,19.93,545.0,0.267,127.0,23.3,35.0,6.42,0.8109999999999999,0.2169999999999999,27.93,14.91,13.12,28.03,38.34,22.84,9.0,0.125,2.0,22.22,1.0,11.11,0.472,0.125,25.0,12.12,18.18,30.3,29.41,18.18,,,,,,,,,,,,,,
745244,2024-06-12,2024,657557,R,646242,L,single,False,False,55.0,0.16,18.0,32.73,3.0,5.45,0.598,0.22,38.58,22.58,8.76,31.34,28.85,25.35,119.0,0.217,35.0,29.41,9.0,7.56,0.635,0.1319999999999999,33.2,18.24,12.75,30.99,37.18,23.03,20.0,0.368,2.0,10.0,1.0,5.0,1.084,0.31600000000000006,15.15,7.46,20.9,28.36,24.14,10.53,28.0,0.476,3.0,10.71,4.0,14.29,1.285,0.238,17.65,7.5,15.83,23.33,27.14,8.57
745244,2024-06-12,2024,686676,R,646242,L,single,False,False,41.0,0.3,11.0,26.83,1.0,2.44,0.642,0.025000000000000022,30.0,17.65,13.24,30.88,35.71,28.95,23.0,0.0,8.0,34.78,1.0,4.35,0.043,0.0,28.12,15.79,7.89,23.68,26.67,17.02,20.0,0.368,2.0,10.0,1.0,5.0,1.084,0.31600000000000006,15.15,7.46,20.9,28.36,24.14,10.53,28.0,0.476,3.0,10.71,4.0,14.29,1.285,0.238,17.65,7.5,15.83,23.33,27.14,8.57
745244,2024-06-12,2024,676113,L,646242,L,single,False,False,4.0,0.25,2.0,50.0,0.0,0.0,0.5,0.0,28.57,22.22,22.22,44.44,100.0,100.0,,,,,,,,,,,,,,,6.0,0.333,2.0,33.33,0.0,0.0,0.666,0.0,16.67,13.33,6.67,20.0,71.43,40.0,14.0,0.3,1.0,7.14,3.0,21.43,0.729,0.0,26.67,10.0,17.5,27.5,17.39,20.0
745244,2024-06-12,2024,670032,L,646242,L,strikeout,True,False,36.0,0.235,5.0,13.89,0.0,0.0,0.492,0.0,15.49,9.24,15.13,24.37,45.45,14.29,50.0,0.244,7.0,14.0,2.0,4.0,0.573,0.023,20.21,9.79,16.49,26.29,26.97,12.28,6.0,0.333,2.0,33.33,0.0,0.0,0.666,0.0,16.67,13.33,6.67,20.0,71.43,40.0,14.0,0.3,1.0,7.14,3.0,21.43,0.729,0.0,26.67,10.0,17.5,27.5,17.39,20.0
745244,2024-06-12,2024,455117,R,646242,L,single,False,False,35.0,0.031,12.0,34.29,1.0,2.86,0.092,0.0,32.26,14.81,22.96,37.78,29.51,27.91,99.0,0.239,35.0,35.35,10.0,10.1,0.8160000000000001,0.261,35.58,18.09,13.69,31.78,32.32,26.12,20.0,0.368,2.0,10.0,1.0,5.0,1.084,0.31600000000000006,15.15,7.46,20.9,28.36,24.14,10.53,28.0,0.476,3.0,10.71,4.0,14.29,1.285,0.238,17.65,7.5,15.83,23.33,27.14,8.57
745244,2024-06-12,2024,667452,R,646242,L,strikeout,True,False,26.0,0.375,8.0,30.77,2.0,7.69,1.048,0.25,30.19,15.09,18.87,33.96,41.18,21.62,76.0,0.233,19.0,25.0,2.0,2.63,0.62,0.1369999999999999,22.62,11.91,15.05,26.96,35.67,17.27,20.0,0.368,2.0,10.0,1.0,5.0,1.084,0.31600000000000006,15.15,7.46,20.9,28.36,24.14,10.53,28.0,0.476,3.0,10.71,4.0,14.29,1.285,0.238,17.65,7.5,15.83,23.33,27.14,8.57
745244,2024-06-12,2024,672820,R,646242,L,field_out,False,False,22.0,0.25,4.0,18.18,2.0,9.09,0.768,0.2,21.05,8.99,16.85,25.84,25.0,17.39,50.0,0.261,10.0,20.0,3.0,6.0,0.741,0.174,22.11,11.8,17.98,29.78,44.19,18.87,20.0,0.368,2.0,10.0,1.0,5.0,1.084,0.31600000000000006,15.15,7.46,20.9,28.36,24.14,10.53,28.0,0.476,3.0,10.71,4.0,14.29,1.285,0.238,17.65,7.5,15.83,23.33,27.14,8.57
745244,2024-06-12,2024,663728,L,689672,R,field_out,False,False,180.0,0.235,63.0,35.0,17.0,9.44,0.713,0.172,30.36,15.22,13.3,28.52,30.6,22.79,462.0,0.235,126.0,27.27,47.0,10.17,0.7909999999999999,0.241,29.58,14.2,14.09,28.29,30.53,21.36,13.0,0.167,2.0,15.38,1.0,7.69,0.5640000000000001,0.166,25.0,10.77,16.92,27.69,21.62,8.33,,,,,,,,,,,,,,
745244,2024-06-12,2024,571745,R,689672,R,field_out,False,False,169.0,0.243,46.0,27.22,15.0,8.88,0.724,0.17099999999999999,29.93,12.61,17.77,30.37,21.39,21.63,161.0,0.189,48.0,29.81,10.0,6.21,0.599,0.1619999999999999,28.57,13.33,19.22,32.56,25.34,22.02,9.0,0.125,2.0,22.22,1.0,11.11,0.472,0.125,25.0,12.12,18.18,30.3,29.41,18.18,,,,,,,,,,,,,,
745244,2024-06-12,2024,670042,L,689672,R,double,False,False,143.0,0.269,45.0,31.47,4.0,2.8,0.748,0.16399999999999998,35.07,19.13,10.98,30.11,30.77,31.03,363.0,0.247,112.0,30.85,26.0,7.16,0.8340000000000001,0.25,38.6,19.83,11.57,31.39,31.1,26.79,13.0,0.167,2.0,15.38,1.0,7.69,0.5640000000000001,0.166,25.0,10.77,16.92,27.69,21.62,8.33,,,,,,,,,,,,,,
745244,2024-06-12,2024,641598,R,689672,R,double,False,False,155.0,0.162,49.0,31.61,20.0,12.9,0.584,0.13799999999999998,33.33,13.08,22.46,35.54,18.33,23.11,262.0,0.25,70.0,26.72,25.0,9.54,0.845,0.267,25.84,10.63,19.22,29.85,18.71,21.21,9.0,0.125,2.0,22.22,1.0,11.11,0.472,0.125,25.0,12.12,18.18,30.3,29.41,18.18,,,,,,,,,,,,,,
745244,2024-06-12,2024,686527,L,689672,R,walk,False,True,88.0,0.19,24.0,27.27,8.0,9.09,0.704,0.253,33.95,17.52,16.24,33.76,39.02,25.53,155.0,0.221,26.0,16.77,5.0,3.23,0.661,0.1879999999999999,24.65,13.73,16.86,30.59,41.27,21.85,13.0,0.167,2.0,15.38,1.0,7.69,0.5640000000000001,0.166,25.0,10.77,16.92,27.69,21.62,8.33,,,,,,,,,,,,,,
745244,2024-06-12,2024,669208,R,689672,R,strikeout,True,False,20.0,0.222,3.0,15.0,1.0,5.0,0.485,0.0,18.75,9.52,12.7,22.22,12.0,16.67,,,,,,,,,,,,,,,9.0,0.125,2.0,22.22,1.0,11.11,0.472,0.125,25.0,12.12,18.18,30.3,29.41,18.18,,,,,,,,,,,,,,
745244,2024-06-12,2024,673357,R,646242,L,field_out,False,False,13.0,0.273,4.0,30.77,2.0,15.38,0.749,0.09099999999999997,42.11,17.78,15.56,33.33,21.05,66.67,119.0,0.312,40.0,33.61,5.0,4.2,0.951,0.2749999999999999,35.71,20.75,11.2,31.95,42.19,22.1,20.0,0.368,2.0,10.0,1.0,5.0,1.084,0.31600000000000006,15.15,7.46,20.9,28.36,24.14,10.53,28.0,0.476,3.0,10.71,4.0,14.29,1.285,0.238,17.65,7.5,15.83,23.33,27.14,8.57
745244,2024-06-12,2024,683734,R,646242,L,home_run,False,False,54.0,0.269,9.0,16.67,2.0,3.7,0.738,0.173,24.77,12.68,15.02,27.7,35.19,15.25,142.0,0.227,20.0,14.08,7.0,4.93,0.641,0.144,18.15,9.74,13.42,23.16,34.55,11.83,20.0,0.368,2.0,10.0,1.0,5.0,1.084,0.31600000000000006,15.15,7.46,20.9,28.36,24.14,10.53,28.0,0.476,3.0,10.71,4.0,14.29,1.285,0.238,17.65,7.5,15.83,23.33,27.14,8.57
745244,2024-06-12,2024,657557,R,646242,L,home_run,False,False,55.0,0.16,18.0,32.73,3.0,5.45,0.598,0.22,38.58,22.58,8.76,31.34,28.85,25.35,119.0,0.217,35.0,29.41,9.0,7.56,0.635,0.1319999999999999,33.2,18.24,12.75,30.99,37.18,23.03,20.0,0.368,2.0,10.0,1.0,5.0,1.084,0.31600000000000006,15.15,7.46,20.9,28.36,24.14,10.53,28.0,0.476,3.0,10.71,4.0,14.29,1.285,0.238,17.65,7.5,15.83,23.33,27.14,8.57
745244,2024-06-12,2024,686676,R,646242,L,single,False,False,41.0,0.3,11.0,26.83,1.0,2.44,0.642,0.025000000000000022,30.0,17.65,13.24,30.88,35.71,28.95,23.0,0.0,8.0,34.78,1.0,4.35,0.043,0.0,28.12,15.79,7.89,23.68,26.67,17.02,20.0,0.368,2.0,10.0,1.0,5.0,1.084,0.31600000000000006,15.15,7.46,20.9,28.36,24.14,10.53,28.0,0.476,3.0,10.71,4.0,14.29,1.285,0.238,17.65,7.5,15.83,23.33,27.14,8.57
745244,2024-06-12,2024,676113,L,646242,L,strikeout,True,False,4.0,0.25,2.0,50.0,0.0,0.0,0.5,0.0,28.57,22.22,22.22,44.44,100.0,100.0,,,,,,,,,,,,,,,6.0,0.333,2.0,33.33,0.0,0.0,0.666,0.0,16.67,13.33,6.67,20.0,71.43,40.0,14.0,0.3,1.0,7.14,3.0,21.43,0.729,0.0,26.67,10.0,17.5,27.5,17.39,20.0
745244,2024-06-12,2024,670032,L,646242,L,field_out,False,False,36.0,0.235,5.0,13.89,0.0,0.0,0.492,0.0,15.49,9.24,15.13,24.37,45.45,14.29,50.0,0.244,7.0,14.0,2.0,4.0,0.573,0.023,20.21,9.79,16.49,26.29,26.97,12.28,6.0,0.333,2.0,33.33,0.0,0.0,0.666,0.0,16.67,13.33,6.67,20.0,71.43,40.0,14.0,0.3,1.0,7.14,3.0,21.43,0.729,0.0,26.67,10.0,17.5,27.5,17.39,20.0
745244,2024-06-12,2024,641487,L,689672,R,field_out,False,False,136.0,0.178,31.0,22.79,16.0,11.76,0.6100000000000001,0.15300000000000002,17.6,7.02,20.38,27.4,18.06,18.24,446.0,0.266,84.0,18.83,67.0,15.02,0.845,0.197,18.19,6.93,19.49,26.42,17.9,17.39,13.0,0.167,2.0,15.38,1.0,7.69,0.5640000000000001,0.166,25.0,10.77,16.92,27.69,21.62,8.33,,,,,,,,,,,,,,
745244,2024-06-12,2024,668942,L,689672,R,field_error,False,False,180.0,0.28,27.0,15.0,16.0,8.89,0.764,0.13599999999999995,17.76,8.15,16.6,24.75,21.21,13.57,299.0,0.249,64.0,21.4,22.0,7.36,0.6559999999999999,0.1019999999999999,22.77,10.13,19.65,29.78,25.55,19.69,13.0,0.167,2.0,15.38,1.0,7.69,0.5640000000000001,0.166,25.0,10.77,16.92,27.69,21.62,8.33,,,,,,,,,,,,,,
745244,2024-06-12,2024,677594,R,689672,R,force_out,False,False,215.0,0.252,60.0,27.91,12.0,5.58,0.61,0.06,30.94,16.57,12.37,28.94,36.52,19.93,545.0,0.267,127.0,23.3,35.0,6.42,0.8109999999999999,0.2169999999999999,27.93,14.91,13.12,28.03,38.34,22.84,9.0,0.125,2.0,22.22,1.0,11.11,0.472,0.125,25.0,12.12,18.18,30.3,29.41,18.18,,,,,,,,,,,,,,
745244,2024-06-12,2024,663728,L,689672,R,double,False,False,180.0,0.235,63.0,35.0,17.0,9.44,0.713,0.172,30.36,15.22,13.3,28.52,30.6,22.79,462.0,0.235,126.0,27.27,47.0,10.17,0.7909999999999999,0.241,29.58,14.2,14.09,28.29,30.53,21.36,13.0,0.167,2.0,15.38,1.0,7.69,0.5640000000000001,0.166,25.0,10.77,16.92,27.69,21.62,8.33,,,,,,,,,,,,,,
745244,2024-06-12,2024,571745,R,689672,R,field_out,False,False,169.0,0.243,46.0,27.22,15.0,8.88,0.724,0.17099999999999999,29.93,12.61,17.77,30.37,21.39,21.63,161.0,0.189,48.0,29.81,10.0,6.21,0.599,0.1619999999999999,28.57,13.33,19.22,32.56,25.34,22.02,9.0,0.125,2.0,22.22,1.0,11.11,0.472,0.125,25.0,12.12,18.18,30.3,29.41,18.18,,,,,,,,,,,,,,
745244,2024-06-12,2024,455117,R,646242,L,field_out,False,False,35.0,0.031,12.0,34.29,1.0,2.86,0.092,0.0,32.26,14.81,22.96,37.78,29.51,27.91,99.0,0.239,35.0,35.35,10.0,10.1,0.8160000000000001,0.261,35.58,18.09,13.69,31.78,32.32,26.12,20.0,0.368,2.0,10.0,1.0,5.0,1.084,0.31600000000000006,15.15,7.46,20.9,28.36,24.14,10.53,28.0,0.476,3.0,10.71,4.0,14.29,1.285,0.238,17.65,7.5,15.83,23.33,27.14,8.57
745244,2024-06-12,2024,667452,R,646242,L,field_out,False,False,26.0,0.375,8.0,30.77,2.0,7.69,1.048,0.25,30.19,15.09,18.87,33.96,41.18,21.62,76.0,0.233,19.0,25.0,2.0,2.63,0.62,0.1369999999999999,22.62,11.91,15.05,26.96,35.67,17.27,20.0,0.368,2.0,10.0,1.0,5.0,1.084,0.31600000000000006,15.15,7.46,20.9,28.36,24.14,10.53,28.0,0.476,3.0,10.71,4.0,14.29,1.285,0.238,17.65,7.5,15.83,23.33,27.14,8.57
745244,2024-06-12,2024,672820,R,646242,L,field_out,False,False,22.0,0.25,4.0,18.18,2.0,9.09,0.768,0.2,21.05,8.99,16.85,25.84,25.0,17.39,50.0,0.261,10.0,20.0,3.0,6.0,0.741,0.174,22.11,11.8,17.98,29.78,44.19,18.87,20.0,0.368,2.0,10.0,1.0,5.0,1.084,0.31600000000000006,15.15,7.46,20.9,28.36,24.14,10.53,28.0,0.476,3.0,10.71,4.0,14.29,1.285,0.238,17.65,7.5,15.83,23.33,27.14,8.57
745244,2024-06-12,2024,670042,L,689672,R,strikeout,True,False,143.0,0.269,45.0,31.47,4.0,2.8,0.748,0.16399999999999998,35.07,19.13,10.98,30.11,30.77,31.03,363.0,0.247,112.0,30.85,26.0,7.16,0.8340000000000001,0.25,38.6,19.83,11.57,31.39,31.1,26.79,13.0,0.167,2.0,15.38,1.0,7.69,0.5640000000000001,0.166,25.0,10.77,16.92,27.69,21.62,8.33,,,,,,,,,,,,,,
745244,2024-06-12,2024,641598,R,689672,R,walk,False,True,155.0,0.162,49.0,31.61,20.0,12.9,0.584,0.13799999999999998,33.33,13.08,22.46,35.54,18.33,23.11,262.0,0.25,70.0,26.72,25.0,9.54,0.845,0.267,25.84,10.63,19.22,29.85,18.71,21.21,9.0,0.125,2.0,22.22,1.0,11.11,0.472,0.125,25.0,12.12,18.18,30.3,29.41,18.18,,,,,,,,,,,,,,
745244,2024-06-12,2024,686527,L,689672,R,strikeout,True,False,88.0,0.19,24.0,27.27,8.0,9.09,0.704,0.253,33.95,17.52,16.24,33.76,39.02,25.53,155.0,0.221,26.0,16.77,5.0,3.23,0.661,0.1879999999999999,24.65,13.73,16.86,30.59,41.27,21.85,13.0,0.167,2.0,15.38,1.0,7.69,0.5640000000000001,0.166,25.0,10.77,16.92,27.69,21.62,8.33,,,,,,,,,,,,,,
745244,2024-06-12,2024,669208,R,689672,R,field_out,False,False,20.0,0.222,3.0,15.0,1.0,5.0,0.485,0.0,18.75,9.52,12.7,22.22,12.0,16.67,,,,,,,,,,,,,,,9.0,0.125,2.0,22.22,1.0,11.11,0.472,0.125,25.0,12.12,18.18,30.3,29.41,18.18,,,,,,,,,,,,,,
745244,2024-06-12,2024,673357,R,646242,L,field_out,False,False,13.0,0.273,4.0,30.77,2.0,15.38,0.749,0.09099999999999997,42.11,17.78,15.56,33.33,21.05,66.67,119.0,0.312,40.0,33.61,5.0,4.2,0.951,0.2749999999999999,35.71,20.75,11.2,31.95,42.19,22.1,20.0,0.368,2.0,10.0,1.0,5.0,1.084,0.31600000000000006,15.15,7.46,20.9,28.36,24.14,10.53,28.0,0.476,3.0,10.71,4.0,14.29,1.285,0.238,17.65,7.5,15.83,23.33,27.14,8.57
745244,2024-06-12,2024,683734,R,646242,L,field_out,False,False,54.0,0.269,9.0,16.67,2.0,3.7,0.738,0.173,24.77,12.68,15.02,27.7,35.19,15.25,142.0,0.227,20.0,14.08,7.0,4.93,0.641,0.144,18.15,9.74,13.42,23.16,34.55,11.83,20.0,0.368,2.0,10.0,1.0,5.0,1.084,0.31600000000000006,15.15,7.46,20.9,28.36,24.14,10.53,28.0,0.476,3.0,10.71,4.0,14.29,1.285,0.238,17.65,7.5,15.83,23.33,27.14,8.57
745244,2024-06-12,2024,657557,R,646242,L,field_out,False,False,55.0,0.16,18.0,32.73,3.0,5.45,0.598,0.22,38.58,22.58,8.76,31.34,28.85,25.35,119.0,0.217,35.0,29.41,9.0,7.56,0.635,0.1319999999999999,33.2,18.24,12.75,30.99,37.18,23.03,20.0,0.368,2.0,10.0,1.0,5.0,1.084,0.31600000000000006,15.15,7.46,20.9,28.36,24.14,10.53,28.0,0.476,3.0,10.71,4.0,14.29,1.285,0.238,17.65,7.5,15.83,23.33,27.14,8.57
745244,2024-06-12,2024,641487,L,689672,R,field_out,False,False,136.0,0.178,31.0,22.79,16.0,11.76,0.6100000000000001,0.15300000000000002,17.6,7.02,20.38,27.4,18.06,18.24,446.0,0.266,84.0,18.83,67.0,15.02,0.845,0.197,18.19,6.93,19.49,26.42,17.9,17.39,13.0,0.167,2.0,15.38,1.0,7.69,0.5640000000000001,0.166,25.0,10.77,16.92,27.69,21.62,8.33,,,,,,,,,,,,,,
745244,2024-06-12,2024,668942,L,689672,R,field_out,False,False,180.0,0.28,27.0,15.0,16.0,8.89,0.764,0.13599999999999995,17.76,8.15,16.6,24.75,21.21,13.57,299.0,0.249,64.0,21.4,22.0,7.36,0.6559999999999999,0.1019999999999999,22.77,10.13,19.65,29.78,25.55,19.69,13.0,0.167,2.0,15.38,1.0,7.69,0.5640000000000001,0.166,25.0,10.77,16.92,27.69,21.62,8.33,,,,,,,,,,,,,,
745244,2024-06-12,2024,677594,R,689672,R,field_error,False,False,215.0,0.252,60.0,27.91,12.0,5.58,0.61,0.06,30.94,16.57,12.37,28.94,36.52,19.93,545.0,0.267,127.0,23.3,35.0,6.42,0.8109999999999999,0.2169999999999999,27.93,14.91,13.12,28.03,38.34,22.84,9.0,0.125,2.0,22.22,1.0,11.11,0.472,0.125,25.0,12.12,18.18,30.3,29.41,18.18,,,,,,,,,,,,,,
745244,2024-06-12,2024,663728,L,689672,R,field_out,False,False,180.0,0.235,63.0,35.0,17.0,9.44,0.713,0.172,30.36,15.22,13.3,28.52,30.6,22.79,462.0,0.235,126.0,27.27,47.0,10.17,0.7909999999999999,0.241,29.58,14.2,14.09,28.29,30.53,21.36,13.0,0.167,2.0,15.38,1.0,7.69,0.5640000000000001,0.166,25.0,10.77,16.92,27.69,21.62,8.33,,,,,,,,,,,,,,
745244,2024-06-12,2024,686676,R,646242,L,single,False,False,41.0,0.3,11.0,26.83,1.0,2.44,0.642,0.025000000000000022,30.0,17.65,13.24,30.88,35.71,28.95,23.0,0.0,8.0,34.78,1.0,4.35,0.043,0.0,28.12,15.79,7.89,23.68,26.67,17.02,20.0,0.368,2.0,10.0,1.0,5.0,1.084,0.31600000000000006,15.15,7.46,20.9,28.36,24.14,10.53,28.0,0.476,3.0,10.71,4.0,14.29,1.285,0.238,17.65,7.5,15.83,23.33,27.14,8.57
745244,2024-06-12,2024,676113,L,646242,L,force_out,False,False,4.0,0.25,2.0,50.0,0.0,0.0,0.5,0.0,28.57,22.22,22.22,44.44,100.0,100.0,,,,,,,,,,,,,,,6.0,0.333,2.0,33.33,0.0,0.0,0.666,0.0,16.67,13.33,6.67,20.0,71.43,40.0,14.0,0.3,1.0,7.14,3.0,21.43,0.729,0.0,26.67,10.0,17.5,27.5,17.39,20.0
745244,2024-06-12,2024,670032,L,646242,L,single,False,False,36.0,0.235,5.0,13.89,0.0,0.0,0.492,0.0,15.49,9.24,15.13,24.37,45.45,14.29,50.0,0.244,7.0,14.0,2.0,4.0,0.573,0.023,20.21,9.79,16.49,26.29,26.97,12.28,6.0,0.333,2.0,33.33,0.0,0.0,0.666,0.0,16.67,13.33,6.67,20.0,71.43,40.0,14.0,0.3,1.0,7.14,3.0,21.43,0.729,0.0,26.67,10.0,17.5,27.5,17.39,20.0
745244,2024-06-12,2024,455117,R,663423,R,grounded_into_double_play,False,False,76.0,0.1,27.0,35.53,5.0,6.58,0.317,0.056999999999999995,35.66,18.09,18.09,36.17,35.11,30.23,308.0,0.175,104.0,33.77,20.0,6.49,0.538,0.124,33.85,16.55,17.4,33.96,32.93,28.3,68.0,0.158,15.0,22.06,8.0,11.76,0.519,0.088,31.97,14.89,16.03,30.92,24.29,20.0,70.0,0.209,19.0,27.14,3.0,4.29,0.5860000000000001,0.134,26.12,13.36,17.18,30.53,37.78,20.88
745244,2024-06-12,2024,571745,R,605121,R,strikeout,True,False,169.0,0.243,46.0,27.22,15.0,8.88,0.724,0.17099999999999999,29.93,12.61,17.77,30.37,21.39,21.63,161.0,0.189,48.0,29.81,10.0,6.21,0.599,0.1619999999999999,28.57,13.33,19.22,32.56,25.34,22.02,39.0,0.303,10.0,25.64,5.0,12.82,0.895,0.182,37.14,16.35,18.87,35.22,36.96,16.36,,,,,,,,,,,,,,
745244,2024-06-12,2024,670042,L,605121,R,strikeout,True,False,143.0,0.269,45.0,31.47,4.0,2.8,0.748,0.16399999999999998,35.07,19.13,10.98,30.11,30.77,31.03,363.0,0.247,112.0,30.85,26.0,7.16,0.8340000000000001,0.25,38.6,19.83,11.57,31.39,31.1,26.79,19.0,0.188,4.0,21.05,2.0,10.53,0.504,0.0,15.62,7.04,16.9,23.94,26.32,18.18,,,,,,,,,,,,,,
745244,2024-06-12,2024,641598,R,605121,R,walk,False,True,155.0,0.162,49.0,31.61,20.0,12.9,0.584,0.13799999999999998,33.33,13.08,22.46,35.54,18.33,23.11,262.0,0.25,70.0,26.72,25.0,9.54,0.845,0.267,25.84,10.63,19.22,29.85,18.71,21.21,39.0,0.303,10.0,25.64,5.0,12.82,0.895,0.182,37.14,16.35,18.87,35.22,36.96,16.36,,,,,,,,,,,,,,
745244,2024-06-12,2024,682988,R,621383,L,force_out,False,False,4.0,0.0,1.0,25.0,0.0,0.0,0.0,0.0,33.33,23.53,5.88,29.41,42.86,10.0,,,,,,,,,,,,,,,80.0,0.311,21.0,26.25,3.0,3.75,0.8380000000000001,0.189,24.0,11.65,16.5,28.16,26.14,20.79,163.0,0.282,28.0,17.18,10.0,6.13,0.881,0.268,22.22,10.14,16.28,26.42,20.83,15.91
745244,2024-06-12,2024,667452,R,663423,R,field_out,False,False,58.0,0.212,10.0,17.24,6.0,10.34,0.6779999999999999,0.17300000000000001,18.75,8.47,17.34,25.81,28.35,11.36,250.0,0.249,56.0,22.4,20.0,8.0,0.659,0.0979999999999999,26.42,11.51,19.54,31.05,28.57,19.44,68.0,0.158,15.0,22.06,8.0,11.76,0.519,0.088,31.97,14.89,16.03,30.92,24.29,20.0,70.0,0.209,19.0,27.14,3.0,4.29,0.5860000000000001,0.134,26.12,13.36,17.18,30.53,37.78,20.88
745244,2024-06-12,2024,672820,R,663423,R,strikeout,True,False,56.0,0.231,16.0,28.57,2.0,3.57,0.542,0.038000000000000006,28.3,14.29,20.95,35.24,39.0,25.0,123.0,0.178,30.0,24.39,2.0,1.63,0.504,0.136,24.69,13.05,16.81,29.87,39.56,22.39,68.0,0.158,15.0,22.06,8.0,11.76,0.519,0.088,31.97,14.89,16.03,30.92,24.29,20.0,70.0,0.209,19.0,27.14,3.0,4.29,0.5860000000000001,0.134,26.12,13.36,17.18,30.53,37.78,20.88
745244,2024-06-12,2024,673357,R,663423,R,strikeout,True,False,46.0,0.159,20.0,43.48,2.0,4.35,0.7190000000000001,0.364,40.0,20.94,17.28,38.22,37.62,28.17,477.0,0.252,132.0,27.67,25.0,5.24,0.8340000000000001,0.279,32.83,18.94,10.59,29.53,40.07,24.77,68.0,0.158,15.0,22.06,8.0,11.76,0.519,0.088,31.97,14.89,16.03,30.92,24.29,20.0,70.0,0.209,19.0,27.14,3.0,4.29,0.5860000000000001,0.134,26.12,13.36,17.18,30.53,37.78,20.88
745244,2024-06-12,2024,669208,R,621383,L,strikeout,True,False,15.0,0.167,6.0,40.0,3.0,20.0,0.75,0.24999999999999997,45.83,16.92,16.92,33.85,14.29,37.5,,,,,,,,,,,,,,,80.0,0.311,21.0,26.25,3.0,3.75,0.8380000000000001,0.189,24.0,11.65,16.5,28.16,26.14,20.79,163.0,0.282,28.0,17.18,10.0,6.13,0.881,0.268,22.22,10.14,16.28,26.42,20.83,15.91
745244,2024-06-12,2024,641487,L,621383,L,field_out,False,False,58.0,0.302,7.0,12.07,5.0,8.62,0.853,0.189,10.87,4.18,23.85,28.03,10.1,9.46,193.0,0.267,41.0,21.24,27.0,13.99,0.755,0.1149999999999999,19.56,7.7,20.12,27.83,20.15,17.67,54.0,0.234,14.0,25.93,4.0,7.41,0.623,0.10600000000000001,27.55,13.24,15.69,28.92,27.88,25.93,93.0,0.205,23.0,24.73,6.0,6.45,0.609,0.132,29.59,13.85,17.73,31.58,25.86,19.33
745244,2024-06-12,2024,668942,L,621383,L,walk,False,True,22.0,0.15,8.0,36.36,2.0,9.09,0.377,0.0,37.14,15.85,21.95,37.8,22.5,34.78,54.0,0.224,17.0,31.48,5.0,9.26,0.5609999999999999,0.041,32.61,13.64,21.82,35.45,26.36,24.29,54.0,0.234,14.0,25.93,4.0,7.41,0.623,0.10600000000000001,27.55,13.24,15.69,28.92,27.88,25.93,93.0,0.205,23.0,24.73,6.0,6.45,0.609,0.132,29.59,13.85,17.73,31.58,25.86,19.33
745244,2024-06-12,2024,677594,R,605154,R,single,False,False,215.0,0.252,60.0,27.91,12.0,5.58,0.61,0.06,30.94,16.57,12.37,28.94,36.52,19.93,545.0,0.267,127.0,23.3,35.0,6.42,0.8109999999999999,0.2169999999999999,27.93,14.91,13.12,28.03,38.34,22.84,61.0,0.286,16.0,26.23,4.0,6.56,0.737,0.10700000000000004,29.84,15.95,12.93,28.88,40.94,21.62,107.0,0.221,29.0,27.1,8.0,7.48,0.674,0.179,26.61,12.86,15.74,28.6,25.99,16.96
745244,2024-06-12,2024,663728,L,605154,R,double,False,False,180.0,0.235,63.0,35.0,17.0,9.44,0.713,0.172,30.36,15.22,13.3,28.52,30.6,22.79,462.0,0.235,126.0,27.27,47.0,10.17,0.7909999999999999,0.241,29.58,14.2,14.09,28.29,30.53,21.36,45.0,0.238,14.0,31.11,2.0,4.44,0.813,0.28600000000000003,24.18,10.84,20.2,31.03,21.98,18.67,55.0,0.204,18.0,32.73,6.0,10.91,0.699,0.204,29.13,12.99,17.75,30.74,29.63,24.32
745244,2024-06-12,2024,571745,R,605154,R,strikeout,True,False,169.0,0.243,46.0,27.22,15.0,8.88,0.724,0.17099999999999999,29.93,12.61,17.77,30.37,21.39,21.63,161.0,0.189,48.0,29.81,10.0,6.21,0.599,0.1619999999999999,28.57,13.33,19.22,32.56,25.34,22.02,61.0,0.286,16.0,26.23,4.0,6.56,0.737,0.10700000000000004,29.84,15.95,12.93,28.88,40.94,21.62,107.0,0.221,29.0,27.1,8.0,7.48,0.674,0.179,26.61,12.86,15.74,28.6,25.99,16.96
745244,2024-06-12,2024,683734,R,657508,R,single,False,False,200.0,0.214,52.0,26.0,14.0,7.0,0.632,0.13799999999999998,23.24,10.82,18.24,29.06,30.3,20.47,474.0,0.267,109.0,23.0,29.0,6.12,0.774,0.18,26.24,11.95,18.94,30.89,30.92,21.51,72.0,0.215,16.0,22.22,6.0,8.33,0.63,0.12300000000000003,27.69,13.33,15.93,29.26,26.43,20.78,173.0,0.228,33.0,19.08,19.0,10.98,0.696,0.148,24.01,11.74,12.93,24.67,27.17,16.02
745244,2024-06-12,2024,657557,R,657508,R,field_out,False,False,162.0,0.267,52.0,32.1,5.0,3.09,0.8420000000000001,0.26,32.31,18.89,9.45,28.34,33.57,25.62,281.0,0.203,86.0,30.6,12.0,4.27,0.603,0.1539999999999999,36.49,19.09,15.38,34.47,35.28,34.68,72.0,0.215,16.0,22.22,6.0,8.33,0.63,0.12300000000000003,27.69,13.33,15.93,29.26,26.43,20.78,173.0,0.228,33.0,19.08,19.0,10.98,0.696,0.148,24.01,11.74,12.93,24.67,27.17,16.02
745244,2024-06-12,2024,686676,R,657508,R,strikeout,True,False,118.0,0.243,33.0,27.97,6.0,5.08,0.696,0.17099999999999999,39.18,22.02,11.01,33.03,32.5,23.08,47.0,0.116,12.0,25.53,4.0,8.51,0.4,0.0929999999999999,33.71,18.07,13.25,31.33,34.15,23.53,72.0,0.215,16.0,22.22,6.0,8.33,0.63,0.12300000000000003,27.69,13.33,15.93,29.26,26.43,20.78,173.0,0.228,33.0,19.08,19.0,10.98,0.696,0.148,24.01,11.74,12.93,24.67,27.17,16.02
745244,2024-06-12,2024,664901,R,642048,L,strikeout,True,False,30.0,0.296,6.0,20.0,3.0,10.0,0.997,0.334,22.22,9.92,15.7,25.62,20.31,20.69,41.0,0.225,10.0,24.39,1.0,2.44,0.544,0.0749999999999999,22.67,10.62,20.0,30.63,24.29,21.74,41.0,0.263,9.0,21.95,3.0,7.32,0.712,0.132,30.56,14.47,14.47,28.95,38.46,23.08,139.0,0.248,27.0,19.42,19.0,13.67,0.72,0.088,30.42,13.42,15.81,29.23,33.43,18.75
745244,2024-06-12,2024,670042,L,657612,L,field_out,False,False,27.0,0.24,6.0,22.22,2.0,7.41,0.696,0.16000000000000003,27.45,13.21,16.04,29.25,25.49,21.43,44.0,0.268,16.0,36.36,2.0,4.55,0.741,0.1709999999999999,41.18,22.58,15.48,38.06,33.8,36.36,51.0,0.413,4.0,7.84,4.0,7.84,0.949,0.065,13.41,6.71,15.85,22.56,35.14,9.76,92.0,0.275,11.0,11.96,5.0,5.43,0.752,0.125,13.33,6.61,18.32,24.92,35.48,10.58
745244,2024-06-12,2024,641598,R,657612,L,field_out,False,False,63.0,0.222,16.0,25.4,9.0,14.29,0.796,0.24100000000000002,24.14,9.36,22.07,31.44,20.53,14.16,84.0,0.344,12.0,14.29,19.0,22.62,0.938,0.094,15.7,5.37,20.06,25.42,13.76,12.9,67.0,0.367,9.0,13.43,6.0,8.96,0.8009999999999999,0.016000000000000014,12.82,5.93,15.42,21.34,18.1,13.64,110.0,0.378,15.0,13.64,9.0,8.18,1.037,0.2239999999999999,16.49,8.31,14.03,22.34,25.41,14.71
745244,2024-06-12,2024,682988,R,657612,L,field_out,False,False,4.0,0.0,1.0,25.0,0.0,0.0,0.0,0.0,33.33,23.53,5.88,29.41,42.86,10.0,,,,,,,,,,,,,,,67.0,0.367,9.0,13.43,6.0,8.96,0.8009999999999999,0.016000000000000014,12.82,5.93,15.42,21.34,18.1,13.64,110.0,0.378,15.0,13.64,9.0,8.18,1.037,0.2239999999999999,16.49,8.31,14.03,22.34,25.41,14.71
745244,2024-06-12,2024,670032,L,592773,R,field_out,False,False,169.0,0.238,27.0,15.98,13.0,7.69,0.581,0.040000000000000036,18.6,8.92,16.33,25.25,26.42,17.76,212.0,0.228,33.0,15.57,24.0,11.32,0.647,0.089,22.47,10.7,16.47,27.16,26.6,14.22,56.0,0.306,12.0,21.43,5.0,8.93,0.865,0.184,25.64,12.93,14.66,27.59,31.48,15.19,97.0,0.209,20.0,20.62,10.0,10.31,0.615,0.117,29.95,15.58,9.3,24.87,27.09,18.02
745244,2024-06-12,2024,657757,L,592773,R,field_out,False,False,198.0,0.256,31.0,15.66,27.0,13.64,0.8049999999999999,0.184,19.6,8.47,17.79,26.26,28.0,12.2,324.0,0.212,58.0,17.9,28.0,8.64,0.63,0.1369999999999999,20.44,9.67,14.66,24.33,29.35,14.25,56.0,0.306,12.0,21.43,5.0,8.93,0.865,0.184,25.64,12.93,14.66,27.59,31.48,15.19,97.0,0.209,20.0,20.62,10.0,10.31,0.615,0.117,29.95,15.58,9.3,24.87,27.09,18.02
745244,2024-06-12,2024,667452,R,592773,R,field_out,False,False,58.0,0.212,10.0,17.24,6.0,10.34,0.6779999999999999,0.17300000000000001,18.75,8.47,17.34,25.81,28.35,11.36,250.0,0.249,56.0,22.4,20.0,8.0,0.659,0.0979999999999999,26.42,11.51,19.54,31.05,28.57,19.44,58.0,0.173,16.0,27.59,5.0,8.62,0.49,0.058000000000000024,30.47,16.67,11.11,27.78,38.21,19.28,116.0,0.231,31.0,26.72,11.0,9.48,0.752,0.211,31.3,16.45,11.54,27.99,28.0,17.61
745894,2024-06-13,2024,647351,L,657746,R,strikeout,True,False,204.0,0.246,43.0,21.08,9.0,4.41,0.6659999999999999,0.126,19.68,9.37,17.97,27.34,30.89,19.63,20.0,0.412,5.0,25.0,2.0,10.0,1.265,0.353,37.04,15.62,26.56,42.19,25.0,31.25,147.0,0.209,39.0,26.53,7.0,4.76,0.619,0.158,23.05,12.16,16.1,28.26,31.71,19.4,315.0,0.222,80.0,25.4,20.0,6.35,0.64,0.1389999999999999,22.74,12.88,14.0,26.88,32.64,17.86
745894,2024-06-13,2024,668709,L,657746,R,field_out,False,False,226.0,0.249,42.0,18.58,28.0,12.39,0.773,0.182,25.26,10.77,17.09,27.86,21.91,18.1,232.0,0.209,53.0,22.84,35.0,15.09,0.726,0.184,28.61,12.18,15.3,27.48,19.27,20.46,147.0,0.209,39.0,26.53,7.0,4.76,0.619,0.158,23.05,12.16,16.1,28.26,31.71,19.4,315.0,0.222,80.0,25.4,20.0,6.35,0.64,0.1389999999999999,22.74,12.88,14.0,26.88,32.64,17.86
745894,2024-06-13,2024,667670,R,657746,R,strikeout,True,False,177.0,0.281,62.0,35.03,21.0,11.86,0.904,0.248,37.78,18.19,13.13,31.33,30.5,27.93,351.0,0.23,115.0,32.76,33.0,9.4,0.788,0.2419999999999999,37.94,17.82,16.3,34.12,28.65,23.47,164.0,0.224,46.0,28.05,6.0,3.66,0.675,0.19899999999999998,27.52,13.76,16.82,30.58,28.08,21.5,357.0,0.269,117.0,32.77,14.0,3.92,0.8300000000000001,0.261,30.56,16.38,13.59,29.97,33.29,22.75
745894,2024-06-13,2024,650489,L,665622,R,strikeout,True,False,199.0,0.225,45.0,22.61,20.0,10.05,0.71,0.148,27.06,12.7,15.82,28.52,28.64,18.22,280.0,0.266,73.0,26.07,23.0,8.21,0.8029999999999999,0.189,28.16,14.39,15.31,29.7,34.97,21.1,19.0,0.188,3.0,15.79,3.0,15.79,0.6910000000000001,0.187,15.15,7.46,11.94,19.4,24.24,18.75,217.0,0.266,42.0,19.35,27.0,12.44,0.786,0.1419999999999999,20.68,9.23,14.6,23.83,24.15,17.57
745894,2024-06-13,2024,663616,L,665622,R,strikeout,True,False,131.0,0.256,26.0,19.85,12.0,9.16,0.757,0.18,28.38,13.49,16.39,29.88,29.88,18.8,189.0,0.228,60.0,31.75,25.0,13.23,0.766,0.21,36.25,14.96,16.71,31.67,22.55,25.75,19.0,0.188,3.0,15.79,3.0,15.79,0.6910000000000001,0.187,15.15,7.46,11.94,19.4,24.24,18.75,217.0,0.266,42.0,19.35,27.0,12.44,0.786,0.1419999999999999,20.68,9.23,14.6,23.83,24.15,17.57
745894,2024-06-13,2024,668904,R,665622,R,field_out,False,False,24.0,0.318,4.0,16.67,2.0,8.33,1.284,0.591,27.91,13.04,14.13,27.17,24.49,15.38,183.0,0.307,43.0,23.5,15.0,8.2,0.962,0.283,27.16,12.8,18.57,31.36,28.0,20.98,26.0,0.19,4.0,15.38,4.0,15.38,0.6890000000000001,0.191,19.15,8.49,14.15,22.64,24.14,12.5,278.0,0.247,64.0,23.02,30.0,10.79,0.796,0.218,27.38,12.79,14.88,27.68,28.05,20.71
745894,2024-06-13,2024,609280,R,657746,R,walk,False,True,58.0,0.298,12.0,20.69,0.0,0.0,0.714,0.123,15.79,8.22,18.26,26.48,39.09,19.35,52.0,0.229,6.0,11.54,4.0,7.69,0.705,0.1879999999999999,14.58,7.49,13.9,21.39,30.93,12.77,164.0,0.224,46.0,28.05,6.0,3.66,0.675,0.19899999999999998,27.52,13.76,16.82,30.58,28.08,21.5,357.0,0.269,117.0,32.77,14.0,3.92,0.8300000000000001,0.261,30.56,16.38,13.59,29.97,33.29,22.75
745894,2024-06-13,2024,691016,L,657746,R,home_run,False,False,75.0,0.226,26.0,34.67,11.0,14.67,0.77,0.19299999999999998,34.65,14.77,16.11,30.87,29.01,31.71,118.0,0.159,37.0,31.36,10.0,8.47,0.472,0.0839999999999999,33.93,16.67,14.91,31.58,29.36,28.91,147.0,0.209,39.0,26.53,7.0,4.76,0.619,0.158,23.05,12.16,16.1,28.26,31.71,19.4,315.0,0.222,80.0,25.4,20.0,6.35,0.64,0.1389999999999999,22.74,12.88,14.0,26.88,32.64,17.86
745894,2024-06-13,2024,669127,R,657746,R,field_out,False,False,160.0,0.217,41.0,25.62,12.0,7.5,0.7709999999999999,0.266,29.45,14.31,16.78,31.1,32.29,26.28,344.0,0.217,101.0,29.36,23.0,6.69,0.7230000000000001,0.226,32.34,16.3,14.73,31.03,31.22,23.88,164.0,0.224,46.0,28.05,6.0,3.66,0.675,0.19899999999999998,27.52,13.76,16.82,30.58,28.08,21.5,357.0,0.269,117.0,32.77,14.0,3.92,0.8300000000000001,0.261,30.56,16.38,13.59,29.97,33.29,22.75
745894,2024-06-13,2024,664913,L,657746,R,field_out,False,False,171.0,0.192,56.0,32.75,15.0,8.77,0.5840000000000001,0.129,30.55,15.7,13.04,28.74,32.01,26.67,315.0,0.234,81.0,25.71,24.0,7.62,0.738,0.21,29.85,15.11,13.77,28.88,31.88,22.82,147.0,0.209,39.0,26.53,7.0,4.76,0.619,0.158,23.05,12.16,16.1,28.26,31.71,19.4,315.0,0.222,80.0,25.4,20.0,6.35,0.64,0.1389999999999999,22.74,12.88,14.0,26.88,32.64,17.86
745894,2024-06-13,2024,680869,R,657746,R,strikeout,True,False,157.0,0.188,52.0,33.12,9.0,5.73,0.538,0.11099999999999999,34.85,17.92,15.41,33.33,28.77,29.55,220.0,0.303,54.0,24.55,18.0,8.18,0.969,0.298,30.92,15.24,15.12,30.36,29.22,21.29,164.0,0.224,46.0,28.05,6.0,3.66,0.675,0.19899999999999998,27.52,13.76,16.82,30.58,28.08,21.5,357.0,0.269,117.0,32.77,14.0,3.92,0.8300000000000001,0.261,30.56,16.38,13.59,29.97,33.29,22.75
745894,2024-06-13,2024,596146,L,665622,R,single,False,False,151.0,0.235,31.0,20.53,12.0,7.95,0.69,0.15500000000000003,23.49,11.76,12.77,24.54,26.54,17.03,394.0,0.263,84.0,21.32,37.0,9.39,0.8320000000000001,0.2339999999999999,19.92,9.32,15.49,24.81,24.75,18.14,19.0,0.188,3.0,15.79,3.0,15.79,0.6910000000000001,0.187,15.15,7.46,11.94,19.4,24.24,18.75,217.0,0.266,42.0,19.35,27.0,12.44,0.786,0.1419999999999999,20.68,9.23,14.6,23.83,24.15,17.57
745894,2024-06-13,2024,621043,R,665622,R,single,False,False,155.0,0.304,32.0,20.65,17.0,10.97,0.855,0.177,21.07,9.11,20.03,29.14,27.81,18.18,444.0,0.224,112.0,25.23,42.0,9.46,0.69,0.164,26.37,11.3,19.9,31.19,27.0,21.72,26.0,0.19,4.0,15.38,4.0,15.38,0.6890000000000001,0.191,19.15,8.49,14.15,22.64,24.14,12.5,278.0,0.247,64.0,23.02,30.0,10.79,0.796,0.218,27.38,12.79,14.88,27.68,28.05,20.71
745894,2024-06-13,2024,467793,L,665622,R,field_out,False,False,177.0,0.213,28.0,15.82,19.0,10.73,0.679,0.155,22.9,9.7,17.35,27.05,23.62,13.93,460.0,0.231,83.0,18.04,45.0,9.78,0.727,0.1899999999999999,23.76,11.0,14.32,25.31,24.63,16.21,19.0,0.188,3.0,15.79,3.0,15.79,0.6910000000000001,0.187,15.15,7.46,11.94,19.4,24.24,18.75,217.0,0.266,42.0,19.35,27.0,12.44,0.786,0.1419999999999999,20.68,9.23,14.6,23.83,24.15,17.57
745894,2024-06-13,2024,621439,R,665622,R,single,False,False,128.0,0.222,37.0,28.91,6.0,4.69,0.623,0.12000000000000002,34.81,18.88,12.05,30.92,36.74,21.64,257.0,0.217,80.0,31.13,26.0,10.12,0.767,0.243,29.69,15.03,12.96,27.99,29.53,25.0,26.0,0.19,4.0,15.38,4.0,15.38,0.6890000000000001,0.191,19.15,8.49,14.15,22.64,24.14,12.5,278.0,0.247,64.0,23.02,30.0,10.79,0.796,0.218,27.38,12.79,14.88,27.68,28.05,20.71
745894,2024-06-13,2024,680777,R,665622,R,field_out,False,False,160.0,0.237,33.0,20.62,13.0,8.12,0.8220000000000001,0.252,23.24,10.39,18.58,28.98,29.12,17.2,242.0,0.281,70.0,28.93,19.0,7.85,0.8280000000000001,0.186,29.53,13.79,18.6,32.39,32.19,21.28,26.0,0.19,4.0,15.38,4.0,15.38,0.6890000000000001,0.191,19.15,8.49,14.15,22.64,24.14,12.5,278.0,0.247,64.0,23.02,30.0,10.79,0.796,0.218,27.38,12.79,14.88,27.68,28.05,20.71
745894,2024-06-13,2024,668885,R,665622,R,field_out,False,False,56.0,0.216,12.0,21.43,5.0,8.93,0.659,0.157,23.16,10.38,17.92,28.3,14.43,18.75,,,,,,,,,,,,,,,26.0,0.19,4.0,15.38,4.0,15.38,0.6890000000000001,0.191,19.15,8.49,14.15,22.64,24.14,12.5,278.0,0.247,64.0,23.02,30.0,10.79,0.796,0.218,27.38,12.79,14.88,27.68,28.05,20.71
745894,2024-06-13,2024,649557,R,657746,R,field_out,False,False,10.0,0.1,1.0,10.0,0.0,0.0,0.2,0.0,13.33,7.41,22.22,29.63,53.85,50.0,207.0,0.225,42.0,20.29,8.0,3.86,0.6020000000000001,0.1,24.15,12.87,15.66,28.53,35.94,22.34,164.0,0.224,46.0,28.05,6.0,3.66,0.675,0.19899999999999998,27.52,13.76,16.82,30.58,28.08,21.5,357.0,0.269,117.0,32.77,14.0,3.92,0.8300000000000001,0.261,30.56,16.38,13.59,29.97,33.29,22.75
745894,2024-06-13,2024,647351,L,657746,R,field_out,False,False,204.0,0.246,43.0,21.08,9.0,4.41,0.6659999999999999,0.126,19.68,9.37,17.97,27.34,30.89,19.63,20.0,0.412,5.0,25.0,2.0,10.0,1.265,0.353,37.04,15.62,26.56,42.19,25.0,31.25,147.0,0.209,39.0,26.53,7.0,4.76,0.619,0.158,23.05,12.16,16.1,28.26,31.71,19.4,315.0,0.222,80.0,25.4,20.0,6.35,0.64,0.1389999999999999,22.74,12.88,14.0,26.88,32.64,17.86
745894,2024-06-13,2024,668709,L,657746,R,single,False,False,226.0,0.249,42.0,18.58,28.0,12.39,0.773,0.182,25.26,10.77,17.09,27.86,21.91,18.1,232.0,0.209,53.0,22.84,35.0,15.09,0.726,0.184,28.61,12.18,15.3,27.48,19.27,20.46,147.0,0.209,39.0,26.53,7.0,4.76,0.619,0.158,23.05,12.16,16.1,28.26,31.71,19.4,315.0,0.222,80.0,25.4,20.0,6.35,0.64,0.1389999999999999,22.74,12.88,14.0,26.88,32.64,17.86
745894,2024-06-13,2024,667670,R,657746,R,strikeout,True,False,177.0,0.281,62.0,35.03,21.0,11.86,0.904,0.248,37.78,18.19,13.13,31.33,30.5,27.93,351.0,0.23,115.0,32.76,33.0,9.4,0.788,0.2419999999999999,37.94,17.82,16.3,34.12,28.65,23.47,164.0,0.224,46.0,28.05,6.0,3.66,0.675,0.19899999999999998,27.52,13.76,16.82,30.58,28.08,21.5,357.0,0.269,117.0,32.77,14.0,3.92,0.8300000000000001,0.261,30.56,16.38,13.59,29.97,33.29,22.75
745894,2024-06-13,2024,650489,L,665622,R,strikeout,True,False,199.0,0.225,45.0,22.61,20.0,10.05,0.71,0.148,27.06,12.7,15.82,28.52,28.64,18.22,280.0,0.266,73.0,26.07,23.0,8.21,0.8029999999999999,0.189,28.16,14.39,15.31,29.7,34.97,21.1,19.0,0.188,3.0,15.79,3.0,15.79,0.6910000000000001,0.187,15.15,7.46,11.94,19.4,24.24,18.75,217.0,0.266,42.0,19.35,27.0,12.44,0.786,0.1419999999999999,20.68,9.23,14.6,23.83,24.15,17.57
745894,2024-06-13,2024,663616,L,665622,R,single,False,False,131.0,0.256,26.0,19.85,12.0,9.16,0.757,0.18,28.38,13.49,16.39,29.88,29.88,18.8,189.0,0.228,60.0,31.75,25.0,13.23,0.766,0.21,36.25,14.96,16.71,31.67,22.55,25.75,19.0,0.188,3.0,15.79,3.0,15.79,0.6910000000000001,0.187,15.15,7.46,11.94,19.4,24.24,18.75,217.0,0.266,42.0,19.35,27.0,12.44,0.786,0.1419999999999999,20.68,9.23,14.6,23.83,24.15,17.57
745894,2024-06-13,2024,668904,R,665622,R,field_out,False,False,24.0,0.318,4.0,16.67,2.0,8.33,1.284,0.591,27.91,13.04,14.13,27.17,24.49,15.38,183.0,0.307,43.0,23.5,15.0,8.2,0.962,0.283,27.16,12.8,18.57,31.36,28.0,20.98,26.0,0.19,4.0,15.38,4.0,15.38,0.6890000000000001,0.191,19.15,8.49,14.15,22.64,24.14,12.5,278.0,0.247,64.0,23.02,30.0,10.79,0.796,0.218,27.38,12.79,14.88,27.68,28.05,20.71
745894,2024-06-13,2024,596146,L,665622,R,walk,False,True,151.0,0.235,31.0,20.53,12.0,7.95,0.69,0.15500000000000003,23.49,11.76,12.77,24.54,26.54,17.03,394.0,0.263,84.0,21.32,37.0,9.39,0.8320000000000001,0.2339999999999999,19.92,9.32,15.49,24.81,24.75,18.14,19.0,0.188,3.0,15.79,3.0,15.79,0.6910000000000001,0.187,15.15,7.46,11.94,19.4,24.24,18.75,217.0,0.266,42.0,19.35,27.0,12.44,0.786,0.1419999999999999,20.68,9.23,14.6,23.83,24.15,17.57
745894,2024-06-13,2024,621043,R,665622,R,single,False,False,155.0,0.304,32.0,20.65,17.0,10.97,0.855,0.177,21.07,9.11,20.03,29.14,27.81,18.18,444.0,0.224,112.0,25.23,42.0,9.46,0.69,0.164,26.37,11.3,19.9,31.19,27.0,21.72,26.0,0.19,4.0,15.38,4.0,15.38,0.6890000000000001,0.191,19.15,8.49,14.15,22.64,24.14,12.5,278.0,0.247,64.0,23.02,30.0,10.79,0.796,0.218,27.38,12.79,14.88,27.68,28.05,20.71
745894,2024-06-13,2024,467793,L,665622,R,field_out,False,False,177.0,0.213,28.0,15.82,19.0,10.73,0.679,0.155,22.9,9.7,17.35,27.05,23.62,13.93,460.0,0.231,83.0,18.04,45.0,9.78,0.727,0.1899999999999999,23.76,11.0,14.32,25.31,24.63,16.21,19.0,0.188,3.0,15.79,3.0,15.79,0.6910000000000001,0.187,15.15,7.46,11.94,19.4,24.24,18.75,217.0,0.266,42.0,19.35,27.0,12.44,0.786,0.1419999999999999,20.68,9.23,14.6,23.83,24.15,17.57
745894,2024-06-13,2024,609280,R,657746,R,field_out,False,False,58.0,0.298,12.0,20.69,0.0,0.0,0.714,0.123,15.79,8.22,18.26,26.48,39.09,19.35,52.0,0.229,6.0,11.54,4.0,7.69,0.705,0.1879999999999999,14.58,7.49,13.9,21.39,30.93,12.77,164.0,0.224,46.0,28.05,6.0,3.66,0.675,0.19899999999999998,27.52,13.76,16.82,30.58,28.08,21.5,357.0,0.269,117.0,32.77,14.0,3.92,0.8300000000000001,0.261,30.56,16.38,13.59,29.97,33.29,22.75
745894,2024-06-13,2024,691016,L,657746,R,field_out,False,False,75.0,0.226,26.0,34.67,11.0,14.67,0.77,0.19299999999999998,34.65,14.77,16.11,30.87,29.01,31.71,118.0,0.159,37.0,31.36,10.0,8.47,0.472,0.0839999999999999,33.93,16.67,14.91,31.58,29.36,28.91,147.0,0.209,39.0,26.53,7.0,4.76,0.619,0.158,23.05,12.16,16.1,28.26,31.71,19.4,315.0,0.222,80.0,25.4,20.0,6.35,0.64,0.1389999999999999,22.74,12.88,14.0,26.88,32.64,17.86
745894,2024-06-13,2024,669127,R,657746,R,single,False,False,160.0,0.217,41.0,25.62,12.0,7.5,0.7709999999999999,0.266,29.45,14.31,16.78,31.1,32.29,26.28,344.0,0.217,101.0,29.36,23.0,6.69,0.7230000000000001,0.226,32.34,16.3,14.73,31.03,31.22,23.88,164.0,0.224,46.0,28.05,6.0,3.66,0.675,0.19899999999999998,27.52,13.76,16.82,30.58,28.08,21.5,357.0,0.269,117.0,32.77,14.0,3.92,0.8300000000000001,0.261,30.56,16.38,13.59,29.97,33.29,22.75
745894,2024-06-13,2024,664913,L,657746,R,strikeout,True,False,171.0,0.192,56.0,32.75,15.0,8.77,0.5840000000000001,0.129,30.55,15.7,13.04,28.74,32.01,26.67,315.0,0.234,81.0,25.71,24.0,7.62,0.738,0.21,29.85,15.11,13.77,28.88,31.88,22.82,147.0,0.209,39.0,26.53,7.0,4.76,0.619,0.158,23.05,12.16,16.1,28.26,31.71,19.4,315.0,0.222,80.0,25.4,20.0,6.35,0.64,0.1389999999999999,22.74,12.88,14.0,26.88,32.64,17.86
745894,2024-06-13,2024,621439,R,665622,R,single,False,False,128.0,0.222,37.0,28.91,6.0,4.69,0.623,0.12000000000000002,34.81,18.88,12.05,30.92,36.74,21.64,257.0,0.217,80.0,31.13,26.0,10.12,0.767,0.243,29.69,15.03,12.96,27.99,29.53,25.0,26.0,0.19,4.0,15.38,4.0,15.38,0.6890000000000001,0.191,19.15,8.49,14.15,22.64,24.14,12.5,278.0,0.247,64.0,23.02,30.0,10.79,0.796,0.218,27.38,12.79,14.88,27.68,28.05,20.71
745894,2024-06-13,2024,680777,R,665622,R,single,False,False,160.0,0.237,33.0,20.62,13.0,8.12,0.8220000000000001,0.252,23.24,10.39,18.58,28.98,29.12,17.2,242.0,0.281,70.0,28.93,19.0,7.85,0.8280000000000001,0.186,29.53,13.79,18.6,32.39,32.19,21.28,26.0,0.19,4.0,15.38,4.0,15.38,0.6890000000000001,0.191,19.15,8.49,14.15,22.64,24.14,12.5,278.0,0.247,64.0,23.02,30.0,10.79,0.796,0.218,27.38,12.79,14.88,27.68,28.05,20.71
745894,2024-06-13,2024,668885,R,665622,R,force_out,False,False,56.0,0.216,12.0,21.43,5.0,8.93,0.659,0.157,23.16,10.38,17.92,28.3,14.43,18.75,,,,,,,,,,,,,,,26.0,0.19,4.0,15.38,4.0,15.38,0.6890000000000001,0.191,19.15,8.49,14.15,22.64,24.14,12.5,278.0,0.247,64.0,23.02,30.0,10.79,0.796,0.218,27.38,12.79,14.88,27.68,28.05,20.71
745894,2024-06-13,2024,650489,L,665622,R,field_out,False,False,199.0,0.225,45.0,22.61,20.0,10.05,0.71,0.148,27.06,12.7,15.82,28.52,28.64,18.22,280.0,0.266,73.0,26.07,23.0,8.21,0.8029999999999999,0.189,28.16,14.39,15.31,29.7,34.97,21.1,19.0,0.188,3.0,15.79,3.0,15.79,0.6910000000000001,0.187,15.15,7.46,11.94,19.4,24.24,18.75,217.0,0.266,42.0,19.35,27.0,12.44,0.786,0.1419999999999999,20.68,9.23,14.6,23.83,24.15,17.57
745894,2024-06-13,2024,663616,L,665622,R,field_out,False,False,131.0,0.256,26.0,19.85,12.0,9.16,0.757,0.18,28.38,13.49,16.39,29.88,29.88,18.8,189.0,0.228,60.0,31.75,25.0,13.23,0.766,0.21,36.25,14.96,16.71,31.67,22.55,25.75,19.0,0.188,3.0,15.79,3.0,15.79,0.6910000000000001,0.187,15.15,7.46,11.94,19.4,24.24,18.75,217.0,0.266,42.0,19.35,27.0,12.44,0.786,0.1419999999999999,20.68,9.23,14.6,23.83,24.15,17.57
745894,2024-06-13,2024,680869,R,657746,R,field_out,False,False,157.0,0.188,52.0,33.12,9.0,5.73,0.538,0.11099999999999999,34.85,17.92,15.41,33.33,28.77,29.55,220.0,0.303,54.0,24.55,18.0,8.18,0.969,0.298,30.92,15.24,15.12,30.36,29.22,21.29,164.0,0.224,46.0,28.05,6.0,3.66,0.675,0.19899999999999998,27.52,13.76,16.82,30.58,28.08,21.5,357.0,0.269,117.0,32.77,14.0,3.92,0.8300000000000001,0.261,30.56,16.38,13.59,29.97,33.29,22.75
745894,2024-06-13,2024,649557,R,657746,R,field_out,False,False,10.0,0.1,1.0,10.0,0.0,0.0,0.2,0.0,13.33,7.41,22.22,29.63,53.85,50.0,207.0,0.225,42.0,20.29,8.0,3.86,0.6020000000000001,0.1,24.15,12.87,15.66,28.53,35.94,22.34,164.0,0.224,46.0,28.05,6.0,3.66,0.675,0.19899999999999998,27.52,13.76,16.82,30.58,28.08,21.5,357.0,0.269,117.0,32.77,14.0,3.92,0.8300000000000001,0.261,30.56,16.38,13.59,29.97,33.29,22.75
745894,2024-06-13,2024,647351,L,657746,R,field_out,False,False,204.0,0.246,43.0,21.08,9.0,4.41,0.6659999999999999,0.126,19.68,9.37,17.97,27.34,30.89,19.63,20.0,0.412,5.0,25.0,2.0,10.0,1.265,0.353,37.04,15.62,26.56,42.19,25.0,31.25,147.0,0.209,39.0,26.53,7.0,4.76,0.619,0.158,23.05,12.16,16.1,28.26,31.71,19.4,315.0,0.222,80.0,25.4,20.0,6.35,0.64,0.1389999999999999,22.74,12.88,14.0,26.88,32.64,17.86
745894,2024-06-13,2024,668904,R,665622,R,single,False,False,24.0,0.318,4.0,16.67,2.0,8.33,1.284,0.591,27.91,13.04,14.13,27.17,24.49,15.38,183.0,0.307,43.0,23.5,15.0,8.2,0.962,0.283,27.16,12.8,18.57,31.36,28.0,20.98,26.0,0.19,4.0,15.38,4.0,15.38,0.6890000000000001,0.191,19.15,8.49,14.15,22.64,24.14,12.5,278.0,0.247,64.0,23.02,30.0,10.79,0.796,0.218,27.38,12.79,14.88,27.68,28.05,20.71
745894,2024-06-13,2024,596146,L,665622,R,field_out,False,False,151.0,0.235,31.0,20.53,12.0,7.95,0.69,0.15500000000000003,23.49,11.76,12.77,24.54,26.54,17.03,394.0,0.263,84.0,21.32,37.0,9.39,0.8320000000000001,0.2339999999999999,19.92,9.32,15.49,24.81,24.75,18.14,19.0,0.188,3.0,15.79,3.0,15.79,0.6910000000000001,0.187,15.15,7.46,11.94,19.4,24.24,18.75,217.0,0.266,42.0,19.35,27.0,12.44,0.786,0.1419999999999999,20.68,9.23,14.6,23.83,24.15,17.57
745894,2024-06-13,2024,621043,R,665622,R,field_out,False,False,155.0,0.304,32.0,20.65,17.0,10.97,0.855,0.177,21.07,9.11,20.03,29.14,27.81,18.18,444.0,0.224,112.0,25.23,42.0,9.46,0.69,0.164,26.37,11.3,19.9,31.19,27.0,21.72,26.0,0.19,4.0,15.38,4.0,15.38,0.6890000000000001,0.191,19.15,8.49,14.15,22.64,24.14,12.5,278.0,0.247,64.0,23.02,30.0,10.79,0.796,0.218,27.38,12.79,14.88,27.68,28.05,20.71
745894,2024-06-13,2024,467793,L,665622,R,field_out,False,False,177.0,0.213,28.0,15.82,19.0,10.73,0.679,0.155,22.9,9.7,17.35,27.05,23.62,13.93,460.0,0.231,83.0,18.04,45.0,9.78,0.727,0.1899999999999999,23.76,11.0,14.32,25.31,24.63,16.21,19.0,0.188,3.0,15.79,3.0,15.79,0.6910000000000001,0.187,15.15,7.46,11.94,19.4,24.24,18.75,217.0,0.266,42.0,19.35,27.0,12.44,0.786,0.1419999999999999,20.68,9.23,14.6,23.83,24.15,17.57
745894,2024-06-13,2024,668709,L,657746,R,field_out,False,False,226.0,0.249,42.0,18.58,28.0,12.39,0.773,0.182,25.26,10.77,17.09,27.86,21.91,18.1,232.0,0.209,53.0,22.84,35.0,15.09,0.726,0.184,28.61,12.18,15.3,27.48,19.27,20.46,147.0,0.209,39.0,26.53,7.0,4.76,0.619,0.158,23.05,12.16,16.1,28.26,31.71,19.4,315.0,0.222,80.0,25.4,20.0,6.35,0.64,0.1389999999999999,22.74,12.88,14.0,26.88,32.64,17.86
745894,2024-06-13,2024,667670,R,657746,R,field_out,False,False,177.0,0.281,62.0,35.03,21.0,11.86,0.904,0.248,37.78,18.19,13.13,31.33,30.5,27.93,351.0,0.23,115.0,32.76,33.0,9.4,0.788,0.2419999999999999,37.94,17.82,16.3,34.12,28.65,23.47,164.0,0.224,46.0,28.05,6.0,3.66,0.675,0.19899999999999998,27.52,13.76,16.82,30.58,28.08,21.5,357.0,0.269,117.0,32.77,14.0,3.92,0.8300000000000001,0.261,30.56,16.38,13.59,29.97,33.29,22.75
745894,2024-06-13,2024,609280,R,657746,R,field_out,False,False,58.0,0.298,12.0,20.69,0.0,0.0,0.714,0.123,15.79,8.22,18.26,26.48,39.09,19.35,52.0,0.229,6.0,11.54,4.0,7.69,0.705,0.1879999999999999,14.58,7.49,13.9,21.39,30.93,12.77,164.0,0.224,46.0,28.05,6.0,3.66,0.675,0.19899999999999998,27.52,13.76,16.82,30.58,28.08,21.5,357.0,0.269,117.0,32.77,14.0,3.92,0.8300000000000001,0.261,30.56,16.38,13.59,29.97,33.29,22.75
745894,2024-06-13,2024,621439,R,657697,R,single,False,False,128.0,0.222,37.0,28.91,6.0,4.69,0.623,0.12000000000000002,34.81,18.88,12.05,30.92,36.74,21.64,257.0,0.217,80.0,31.13,26.0,10.12,0.767,0.243,29.69,15.03,12.96,27.99,29.53,25.0,9.0,0.5,1.0,11.11,1.0,11.11,1.181,0.125,30.77,11.76,17.65,29.41,14.29,33.33,10.0,0.222,2.0,20.0,0.0,0.0,0.633,0.111,25.0,12.5,18.75,31.25,28.57,18.18
745894,2024-06-13,2024,680777,R,657697,R,force_out,False,False,160.0,0.237,33.0,20.62,13.0,8.12,0.8220000000000001,0.252,23.24,10.39,18.58,28.98,29.12,17.2,242.0,0.281,70.0,28.93,19.0,7.85,0.8280000000000001,0.186,29.53,13.79,18.6,32.39,32.19,21.28,9.0,0.5,1.0,11.11,1.0,11.11,1.181,0.125,30.77,11.76,17.65,29.41,14.29,33.33,10.0,0.222,2.0,20.0,0.0,0.0,0.633,0.111,25.0,12.5,18.75,31.25,28.57,18.18
745894,2024-06-13,2024,668885,R,657697,R,single,False,False,56.0,0.216,12.0,21.43,5.0,8.93,0.659,0.157,23.16,10.38,17.92,28.3,14.43,18.75,,,,,,,,,,,,,,,9.0,0.5,1.0,11.11,1.0,11.11,1.181,0.125,30.77,11.76,17.65,29.41,14.29,33.33,10.0,0.222,2.0,20.0,0.0,0.0,0.633,0.111,25.0,12.5,18.75,31.25,28.57,18.18
745894,2024-06-13,2024,650489,L,657697,R,grounded_into_double_play,False,False,199.0,0.225,45.0,22.61,20.0,10.05,0.71,0.148,27.06,12.7,15.82,28.52,28.64,18.22,280.0,0.266,73.0,26.07,23.0,8.21,0.8029999999999999,0.189,28.16,14.39,15.31,29.7,34.97,21.1,4.0,0.25,1.0,25.0,0.0,0.0,0.5,0.0,25.0,21.43,0.0,21.43,66.67,14.29,6.0,0.4,1.0,16.67,0.0,0.0,0.8,0.0,12.5,4.55,18.18,22.73,23.08,33.33
745894,2024-06-13,2024,691016,L,657746,R,field_out,False,False,75.0,0.226,26.0,34.67,11.0,14.67,0.77,0.19299999999999998,34.65,14.77,16.11,30.87,29.01,31.71,118.0,0.159,37.0,31.36,10.0,8.47,0.472,0.0839999999999999,33.93,16.67,14.91,31.58,29.36,28.91,147.0,0.209,39.0,26.53,7.0,4.76,0.619,0.158,23.05,12.16,16.1,28.26,31.71,19.4,315.0,0.222,80.0,25.4,20.0,6.35,0.64,0.1389999999999999,22.74,12.88,14.0,26.88,32.64,17.86
745894,2024-06-13,2024,669127,R,657746,R,field_out,False,False,160.0,0.217,41.0,25.62,12.0,7.5,0.7709999999999999,0.266,29.45,14.31,16.78,31.1,32.29,26.28,344.0,0.217,101.0,29.36,23.0,6.69,0.7230000000000001,0.226,32.34,16.3,14.73,31.03,31.22,23.88,164.0,0.224,46.0,28.05,6.0,3.66,0.675,0.19899999999999998,27.52,13.76,16.82,30.58,28.08,21.5,357.0,0.269,117.0,32.77,14.0,3.92,0.8300000000000001,0.261,30.56,16.38,13.59,29.97,33.29,22.75
745894,2024-06-13,2024,664913,L,657746,R,field_out,False,False,171.0,0.192,56.0,32.75,15.0,8.77,0.5840000000000001,0.129,30.55,15.7,13.04,28.74,32.01,26.67,315.0,0.234,81.0,25.71,24.0,7.62,0.738,0.21,29.85,15.11,13.77,28.88,31.88,22.82,147.0,0.209,39.0,26.53,7.0,4.76,0.619,0.158,23.05,12.16,16.1,28.26,31.71,19.4,315.0,0.222,80.0,25.4,20.0,6.35,0.64,0.1389999999999999,22.74,12.88,14.0,26.88,32.64,17.86
745894,2024-06-13,2024,669304,R,656794,L,field_out,False,False,58.0,0.25,8.0,13.79,1.0,1.72,0.669,0.14300000000000002,17.59,9.5,13.0,22.5,36.89,14.55,32.0,0.226,6.0,18.75,1.0,3.12,0.573,0.097,29.85,17.54,10.53,28.07,44.44,20.0,9.0,0.333,1.0,11.11,3.0,33.33,0.889,0.0,18.75,6.82,15.91,22.73,25.0,8.33,41.0,0.212,11.0,26.83,6.0,14.63,0.73,0.152,20.0,8.9,16.75,25.65,27.18,17.19
745894,2024-06-13,2024,668904,R,656794,L,single,False,False,9.0,0.5,1.0,11.11,0.0,0.0,1.444,0.5,29.41,17.24,13.79,31.03,38.46,11.11,56.0,0.314,12.0,21.43,5.0,8.93,0.7869999999999999,0.0979999999999999,27.66,13.33,16.92,30.26,30.21,23.53,9.0,0.333,1.0,11.11,3.0,33.33,0.889,0.0,18.75,6.82,15.91,22.73,25.0,8.33,41.0,0.212,11.0,26.83,6.0,14.63,0.73,0.152,20.0,8.9,16.75,25.65,27.18,17.19
745894,2024-06-13,2024,596146,L,656794,L,field_out,False,False,31.0,0.321,4.0,12.9,1.0,3.23,0.855,0.179,12.5,6.25,17.86,24.11,32.08,12.5,97.0,0.25,22.0,22.68,8.0,8.25,0.752,0.182,19.46,9.73,13.51,23.24,25.0,18.42,7.0,0.0,3.0,42.86,0.0,0.0,0.143,0.0,33.33,9.68,22.58,32.26,12.5,37.5,20.0,0.059,6.0,30.0,3.0,15.0,0.259,0.0,24.39,11.11,18.89,30.0,28.21,16.67
745894,2024-06-13,2024,621043,R,656794,L,home_run,False,False,53.0,0.25,9.0,16.98,4.0,7.55,0.698,0.14600000000000002,16.84,7.44,18.6,26.05,21.3,15.25,136.0,0.248,19.0,13.97,17.0,12.5,0.782,0.188,21.1,9.54,17.18,26.72,26.2,13.01,9.0,0.333,1.0,11.11,3.0,33.33,0.889,0.0,18.75,6.82,15.91,22.73,25.0,8.33,41.0,0.212,11.0,26.83,6.0,14.63,0.73,0.152,20.0,8.9,16.75,25.65,27.18,17.19
745894,2024-06-13,2024,467793,R,656794,L,field_out,False,False,61.0,0.276,11.0,18.03,2.0,3.28,0.8340000000000001,0.258,27.03,12.45,18.26,30.71,24.32,17.19,162.0,0.266,21.0,12.96,20.0,12.35,0.8069999999999999,0.187,16.6,6.97,17.43,24.41,22.49,13.04,9.0,0.333,1.0,11.11,3.0,33.33,0.889,0.0,18.75,6.82,15.91,22.73,25.0,8.33,41.0,0.212,11.0,26.83,6.0,14.63,0.73,0.152,20.0,8.9,16.75,25.65,27.18,17.19
745894,2024-06-13,2024,680869,R,643377,R,strikeout,True,False,157.0,0.188,52.0,33.12,9.0,5.73,0.538,0.11099999999999999,34.85,17.92,15.41,33.33,28.77,29.55,220.0,0.303,54.0,24.55,18.0,8.18,0.969,0.298,30.92,15.24,15.12,30.36,29.22,21.29,61.0,0.175,25.0,40.98,3.0,4.92,0.45899999999999996,0.07100000000000001,38.81,20.23,15.56,35.8,36.57,25.25,157.0,0.228,33.0,21.02,8.0,5.1,0.599,0.089,24.56,11.73,18.37,30.1,27.92,20.25
745894,2024-06-13,2024,649557,R,643377,R,strikeout,True,False,10.0,0.1,1.0,10.0,0.0,0.0,0.2,0.0,13.33,7.41,22.22,29.63,53.85,50.0,207.0,0.225,42.0,20.29,8.0,3.86,0.6020000000000001,0.1,24.15,12.87,15.66,28.53,35.94,22.34,61.0,0.175,25.0,40.98,3.0,4.92,0.45899999999999996,0.07100000000000001,38.81,20.23,15.56,35.8,36.57,25.25,157.0,0.228,33.0,21.02,8.0,5.1,0.599,0.089,24.56,11.73,18.37,30.1,27.92,20.25
745894,2024-06-13,2024,647351,L,643377,R,single,False,False,204.0,0.246,43.0,21.08,9.0,4.41,0.6659999999999999,0.126,19.68,9.37,17.97,27.34,30.89,19.63,20.0,0.412,5.0,25.0,2.0,10.0,1.265,0.353,37.04,15.62,26.56,42.19,25.0,31.25,49.0,0.163,14.0,28.57,5.0,10.2,0.529,0.11600000000000002,34.41,16.0,21.0,37.0,32.29,21.54,117.0,0.238,35.0,29.91,11.0,9.4,0.6970000000000001,0.143,29.15,14.01,20.91,34.91,36.23,23.81
745894,2024-06-13,2024,668709,L,643377,R,field_out,False,False,226.0,0.249,42.0,18.58,28.0,12.39,0.773,0.182,25.26,10.77,17.09,27.86,21.91,18.1,232.0,0.209,53.0,22.84,35.0,15.09,0.726,0.184,28.61,12.18,15.3,27.48,19.27,20.46,49.0,0.163,14.0,28.57,5.0,10.2,0.529,0.11600000000000002,34.41,16.0,21.0,37.0,32.29,21.54,117.0,0.238,35.0,29.91,11.0,9.4,0.6970000000000001,0.143,29.15,14.01,20.91,34.91,36.23,23.81
745894,2024-06-13,2024,621439,R,656794,L,walk,False,True,51.0,0.25,16.0,31.37,2.0,3.92,0.752,0.20800000000000002,30.3,15.23,16.75,31.98,26.67,25.0,90.0,0.179,29.0,32.22,9.0,10.0,0.628,0.193,33.14,15.66,14.56,30.22,23.24,27.88,9.0,0.333,1.0,11.11,3.0,33.33,0.889,0.0,18.75,6.82,15.91,22.73,25.0,8.33,41.0,0.212,11.0,26.83,6.0,14.63,0.73,0.152,20.0,8.9,16.75,25.65,27.18,17.19
745894,2024-06-13,2024,680777,R,656794,L,field_out,False,False,69.0,0.222,20.0,28.99,4.0,5.8,0.782,0.27,28.8,13.53,18.42,31.95,31.82,24.69,95.0,0.263,23.0,24.21,14.0,14.74,0.94,0.29,28.57,11.73,16.53,28.27,26.11,22.77,9.0,0.333,1.0,11.11,3.0,33.33,0.889,0.0,18.75,6.82,15.91,22.73,25.0,8.33,41.0,0.212,11.0,26.83,6.0,14.63,0.73,0.152,20.0,8.9,16.75,25.65,27.18,17.19
745894,2024-06-13,2024,668885,R,656794,L,single,False,False,27.0,0.24,4.0,14.81,2.0,7.41,0.616,0.08000000000000002,10.64,4.46,19.64,24.11,18.87,11.76,,,,,,,,,,,,,,,9.0,0.333,1.0,11.11,3.0,33.33,0.889,0.0,18.75,6.82,15.91,22.73,25.0,8.33,41.0,0.212,11.0,26.83,6.0,14.63,0.73,0.152,20.0,8.9,16.75,25.65,27.18,17.19
745894,2024-06-13,2024,650489,R,656794,L,field_out,False,False,62.0,0.362,18.0,29.03,3.0,4.84,0.9550000000000001,0.19000000000000006,30.4,15.2,16.8,32.0,33.87,22.5,129.0,0.237,26.0,20.16,11.0,8.53,0.636,0.079,27.27,14.12,14.71,28.82,33.85,15.03,9.0,0.333,1.0,11.11,3.0,33.33,0.889,0.0,18.75,6.82,15.91,22.73,25.0,8.33,41.0,0.212,11.0,26.83,6.0,14.63,0.73,0.152,20.0,8.9,16.75,25.65,27.18,17.19
745894,2024-06-13,2024,669304,R,656794,L,field_out,False,False,58.0,0.25,8.0,13.79,1.0,1.72,0.669,0.14300000000000002,17.59,9.5,13.0,22.5,36.89,14.55,32.0,0.226,6.0,18.75,1.0,3.12,0.573,0.097,29.85,17.54,10.53,28.07,44.44,20.0,9.0,0.333,1.0,11.11,3.0,33.33,0.889,0.0,18.75,6.82,15.91,22.73,25.0,8.33,41.0,0.212,11.0,26.83,6.0,14.63,0.73,0.152,20.0,8.9,16.75,25.65,27.18,17.19
745894,2024-06-13,2024,667670,R,660896,R,field_out,False,False,177.0,0.281,62.0,35.03,21.0,11.86,0.904,0.248,37.78,18.19,13.13,31.33,30.5,27.93,351.0,0.23,115.0,32.76,33.0,9.4,0.788,0.2419999999999999,37.94,17.82,16.3,34.12,28.65,23.47,45.0,0.211,10.0,22.22,5.0,11.11,0.6,0.07799999999999999,35.37,16.76,15.03,31.79,27.06,17.54,46.0,0.282,12.0,26.09,6.0,13.04,1.058,0.385,25.61,10.55,18.09,28.64,22.02,21.43
745894,2024-06-13,2024,609280,R,660896,R,field_out,False,False,58.0,0.298,12.0,20.69,0.0,0.0,0.714,0.123,15.79,8.22,18.26,26.48,39.09,19.35,52.0,0.229,6.0,11.54,4.0,7.69,0.705,0.1879999999999999,14.58,7.49,13.9,21.39,30.93,12.77,45.0,0.211,10.0,22.22,5.0,11.11,0.6,0.07799999999999999,35.37,16.76,15.03,31.79,27.06,17.54,46.0,0.282,12.0,26.09,6.0,13.04,1.058,0.385,25.61,10.55,18.09,28.64,22.02,21.43
745894,2024-06-13,2024,691016,L,660896,R,field_out,False,False,75.0,0.226,26.0,34.67,11.0,14.67,0.77,0.19299999999999998,34.65,14.77,16.11,30.87,29.01,31.71,118.0,0.159,37.0,31.36,10.0,8.47,0.472,0.0839999999999999,33.93,16.67,14.91,31.58,29.36,28.91,40.0,0.161,10.0,25.0,7.0,17.5,0.477,0.0,28.17,12.05,17.47,29.52,19.75,20.83,29.0,0.125,4.0,13.79,4.0,13.79,0.491,0.125,25.0,9.92,20.66,30.58,27.42,11.76
745809,2024-06-13,2024,665862,L,622663,R,field_out,False,False,183.0,0.248,44.0,24.04,17.0,9.29,0.758,0.188,28.73,13.42,13.68,27.11,30.08,20.47,290.0,0.275,91.0,31.38,20.0,6.9,0.8540000000000001,0.25,35.14,15.36,16.88,32.24,26.1,27.41,145.0,0.25,25.0,17.24,11.0,7.59,0.654,0.07800000000000001,20.07,10.59,12.93,23.52,24.07,14.79,203.0,0.333,34.0,16.75,17.0,8.37,1.005,0.2789999999999999,18.23,9.28,14.43,23.71,28.29,13.71
745809,2024-06-13,2024,650559,R,622663,R,field_out,False,False,186.0,0.225,50.0,26.88,15.0,8.06,0.722,0.207,32.89,16.49,13.94,30.43,31.12,23.81,473.0,0.251,107.0,22.62,29.0,6.13,0.717,0.1689999999999999,28.95,14.54,15.93,30.47,34.61,18.71,152.0,0.172,33.0,21.71,16.0,10.53,0.529,0.09700000000000003,22.74,10.7,17.66,28.35,31.6,18.75,215.0,0.271,45.0,20.93,17.0,7.91,0.841,0.2289999999999999,23.04,11.89,15.13,27.02,29.81,15.52
745809,2024-06-13,2024,605137,L,622663,R,field_out,False,False,187.0,0.274,38.0,20.32,11.0,5.88,0.74,0.131,30.2,16.18,10.38,26.56,29.59,23.42,432.0,0.239,93.0,21.53,39.0,9.03,0.6970000000000001,0.148,24.59,11.57,13.95,25.52,28.11,20.58,145.0,0.25,25.0,17.24,11.0,7.59,0.654,0.07800000000000001,20.07,10.59,12.93,23.52,24.07,14.79,203.0,0.333,34.0,16.75,17.0,8.37,1.005,0.2789999999999999,18.23,9.28,14.43,23.71,28.29,13.71
745809,2024-06-13,2024,596019,L,682610,R,hit_by_pitch,False,False,223.0,0.219,43.0,19.28,16.0,7.17,0.667,0.164,23.74,11.66,15.31,26.97,25.89,17.77,483.0,0.242,102.0,21.12,51.0,10.56,0.757,0.182,23.68,11.49,14.35,25.84,28.12,17.29,40.0,0.324,12.0,30.0,6.0,15.0,1.337,0.5880000000000001,27.63,11.86,17.51,29.38,23.6,19.05,,,,,,,,,,,,,,
745809,2024-06-13,2024,607043,L,682610,R,grounded_into_double_play,False,False,198.0,0.212,52.0,26.26,32.0,16.16,0.719,0.15,24.39,10.07,16.89,26.96,19.96,17.75,448.0,0.266,98.0,21.88,60.0,13.39,0.874,0.235,20.87,8.67,19.47,28.14,19.23,16.42,40.0,0.324,12.0,30.0,6.0,15.0,1.337,0.5880000000000001,27.63,11.86,17.51,29.38,23.6,19.05,,,,,,,,,,,,,,
745809,2024-06-13,2024,502110,R,682610,R,field_out,False,False,111.0,0.238,37.0,33.33,5.0,4.5,0.673,0.16200000000000003,30.61,16.63,13.97,30.6,35.43,22.02,343.0,0.27,106.0,30.9,21.0,6.12,0.8799999999999999,0.2979999999999999,35.71,19.2,12.73,31.93,33.23,24.42,45.0,0.15,10.0,22.22,5.0,11.11,0.544,0.15,26.74,13.22,14.37,27.59,34.78,17.86,,,,,,,,,,,,,,
745809,2024-06-13,2024,660821,L,622663,R,strikeout,True,False,169.0,0.258,39.0,23.08,10.0,5.92,0.6950000000000001,0.123,25.97,14.24,12.44,26.68,37.0,20.1,353.0,0.258,93.0,26.35,36.0,10.2,0.805,0.21,29.33,14.21,14.01,28.21,30.32,20.53,145.0,0.25,25.0,17.24,11.0,7.59,0.654,0.07800000000000001,20.07,10.59,12.93,23.52,24.07,14.79,203.0,0.333,34.0,16.75,17.0,8.37,1.005,0.2789999999999999,18.23,9.28,14.43,23.71,28.29,13.71
745809,2024-06-13,2024,669394,R,622663,R,field_out,False,False,126.0,0.252,35.0,27.78,6.0,4.76,0.6890000000000001,0.15100000000000002,26.75,13.99,16.97,30.96,38.84,28.69,402.0,0.247,112.0,27.86,23.0,5.72,0.8,0.249,34.59,18.69,13.25,31.93,39.43,23.09,152.0,0.172,33.0,21.71,16.0,10.53,0.529,0.09700000000000003,22.74,10.7,17.66,28.35,31.6,18.75,215.0,0.271,45.0,20.93,17.0,7.91,0.841,0.2289999999999999,23.04,11.89,15.13,27.02,29.81,15.52
745809,2024-06-13,2024,624503,L,622663,R,single,False,False,155.0,0.233,35.0,22.58,6.0,3.87,0.623,0.12999999999999998,30.54,18.44,10.31,28.75,45.48,20.23,83.0,0.16,10.0,12.05,1.0,1.2,0.48,0.149,20.99,12.19,10.39,22.58,38.35,12.82,145.0,0.25,25.0,17.24,11.0,7.59,0.654,0.07800000000000001,20.07,10.59,12.93,23.52,24.07,14.79,203.0,0.333,34.0,16.75,17.0,8.37,1.005,0.2789999999999999,18.23,9.28,14.43,23.71,28.29,13.71
745809,2024-06-13,2024,641313,R,622663,R,caught_stealing_2b,False,False,109.0,0.168,33.0,30.28,2.0,1.83,0.37,0.01899999999999999,32.13,16.55,16.08,32.63,37.84,24.09,396.0,0.226,95.0,23.99,21.0,5.3,0.538,0.04,26.05,13.64,14.67,28.31,36.05,20.88,152.0,0.172,33.0,21.71,16.0,10.53,0.529,0.09700000000000003,22.74,10.7,17.66,28.35,31.6,18.75,215.0,0.271,45.0,20.93,17.0,7.91,0.841,0.2289999999999999,23.04,11.89,15.13,27.02,29.81,15.52
745809,2024-06-13,2024,624413,R,682610,R,strikeout,True,False,209.0,0.246,41.0,19.62,18.0,8.61,0.777,0.21400000000000002,22.84,10.39,18.88,29.28,29.87,18.43,475.0,0.214,109.0,22.95,44.0,9.26,0.8069999999999999,0.281,26.53,11.43,18.24,29.67,27.59,22.11,45.0,0.15,10.0,22.22,5.0,11.11,0.544,0.15,26.74,13.22,14.37,27.59,34.78,17.86,,,,,,,,,,,,,,
745809,2024-06-13,2024,516782,R,682610,R,walk,False,True,171.0,0.27,37.0,21.64,9.0,5.26,0.7150000000000001,0.133,27.27,13.53,18.2,31.72,30.64,20.79,245.0,0.238,51.0,20.82,11.0,4.49,0.611,0.079,28.63,15.5,14.75,30.25,37.87,18.35,45.0,0.15,10.0,22.22,5.0,11.11,0.544,0.15,26.74,13.22,14.37,27.59,34.78,17.86,,,,,,,,,,,,,,
745809,2024-06-13,2024,668901,R,682610,R,strikeout,True,False,42.0,0.27,9.0,21.43,4.0,9.52,0.765,0.16199999999999998,35.62,17.22,15.89,33.11,28.95,23.08,145.0,0.209,41.0,28.28,8.0,5.52,0.643,0.172,34.08,18.24,17.03,35.27,36.73,29.93,45.0,0.15,10.0,22.22,5.0,11.11,0.544,0.15,26.74,13.22,14.37,27.59,34.78,17.86,,,,,,,,,,,,,,
745809,2024-06-13,2024,620443,R,682610,R,field_out,False,False,9.0,0.25,1.0,11.11,1.0,11.11,0.708,0.125,21.43,8.33,25.0,33.33,18.75,11.11,9.0,0.125,3.0,33.33,0.0,0.0,0.472,0.125,20.0,6.98,20.93,27.91,29.63,25.0,45.0,0.15,10.0,22.22,5.0,11.11,0.544,0.15,26.74,13.22,14.37,27.59,34.78,17.86,,,,,,,,,,,,,,
745809,2024-06-13,2024,641313,R,622663,R,single,False,False,109.0,0.168,33.0,30.28,2.0,1.83,0.37,0.01899999999999999,32.13,16.55,16.08,32.63,37.84,24.09,396.0,0.226,95.0,23.99,21.0,5.3,0.538,0.04,26.05,13.64,14.67,28.31,36.05,20.88,152.0,0.172,33.0,21.71,16.0,10.53,0.529,0.09700000000000003,22.74,10.7,17.66,28.35,31.6,18.75,215.0,0.271,45.0,20.93,17.0,7.91,0.841,0.2289999999999999,23.04,11.89,15.13,27.02,29.81,15.52
745809,2024-06-13,2024,672640,R,622663,R,single,False,False,80.0,0.319,11.0,13.75,4.0,5.0,0.812,0.139,19.18,10.41,13.01,23.42,31.01,15.94,,,,,,,,,,,,,,,152.0,0.172,33.0,21.71,16.0,10.53,0.529,0.09700000000000003,22.74,10.7,17.66,28.35,31.6,18.75,215.0,0.271,45.0,20.93,17.0,7.91,0.841,0.2289999999999999,23.04,11.89,15.13,27.02,29.81,15.52
745809,2024-06-13,2024,542194,R,622663,R,field_out,False,False,49.0,0.136,13.0,26.53,2.0,4.08,0.373,0.045999999999999985,30.28,18.33,10.0,28.33,48.51,21.31,259.0,0.236,69.0,26.64,9.0,3.47,0.631,0.134,37.41,21.77,10.72,32.49,43.56,25.27,152.0,0.172,33.0,21.71,16.0,10.53,0.529,0.09700000000000003,22.74,10.7,17.66,28.35,31.6,18.75,215.0,0.271,45.0,20.93,17.0,7.91,0.841,0.2289999999999999,23.04,11.89,15.13,27.02,29.81,15.52
745809,2024-06-13,2024,665862,L,622663,R,field_out,False,False,183.0,0.248,44.0,24.04,17.0,9.29,0.758,0.188,28.73,13.42,13.68,27.11,30.08,20.47,290.0,0.275,91.0,31.38,20.0,6.9,0.8540000000000001,0.25,35.14,15.36,16.88,32.24,26.1,27.41,145.0,0.25,25.0,17.24,11.0,7.59,0.654,0.07800000000000001,20.07,10.59,12.93,23.52,24.07,14.79,203.0,0.333,34.0,16.75,17.0,8.37,1.005,0.2789999999999999,18.23,9.28,14.43,23.71,28.29,13.71
745809,2024-06-13,2024,650559,R,622663,R,force_out,False,False,186.0,0.225,50.0,26.88,15.0,8.06,0.722,0.207,32.89,16.49,13.94,30.43,31.12,23.81,473.0,0.251,107.0,22.62,29.0,6.13,0.717,0.1689999999999999,28.95,14.54,15.93,30.47,34.61,18.71,152.0,0.172,33.0,21.71,16.0,10.53,0.529,0.09700000000000003,22.74,10.7,17.66,28.35,31.6,18.75,215.0,0.271,45.0,20.93,17.0,7.91,0.841,0.2289999999999999,23.04,11.89,15.13,27.02,29.81,15.52
745809,2024-06-13,2024,643446,L,682610,R,field_out,False,False,159.0,0.211,18.0,11.32,14.0,8.81,0.601,0.099,13.15,6.9,13.61,20.51,28.85,12.33,447.0,0.26,48.0,10.74,25.0,5.59,0.6930000000000001,0.1149999999999999,14.08,7.59,11.21,18.8,32.05,12.57,40.0,0.324,12.0,30.0,6.0,15.0,1.337,0.5880000000000001,27.63,11.86,17.51,29.38,23.6,19.05,,,,,,,,,,,,,,
745809,2024-06-13,2024,664056,R,682610,R,strikeout,True,False,127.0,0.291,29.0,22.83,6.0,4.72,0.724,0.09400000000000003,27.6,13.12,20.86,33.98,36.96,21.97,248.0,0.207,45.0,18.15,9.0,3.63,0.504,0.056,25.06,12.41,16.74,29.16,37.02,20.45,45.0,0.15,10.0,22.22,5.0,11.11,0.544,0.15,26.74,13.22,14.37,27.59,34.78,17.86,,,,,,,,,,,,,,
745809,2024-06-13,2024,596019,L,682610,R,field_out,False,False,223.0,0.219,43.0,19.28,16.0,7.17,0.667,0.164,23.74,11.66,15.31,26.97,25.89,17.77,483.0,0.242,102.0,21.12,51.0,10.56,0.757,0.182,23.68,11.49,14.35,25.84,28.12,17.29,40.0,0.324,12.0,30.0,6.0,15.0,1.337,0.5880000000000001,27.63,11.86,17.51,29.38,23.6,19.05,,,,,,,,,,,,,,
745809,2024-06-13,2024,605137,L,622663,R,field_out,False,False,187.0,0.274,38.0,20.32,11.0,5.88,0.74,0.131,30.2,16.18,10.38,26.56,29.59,23.42,432.0,0.239,93.0,21.53,39.0,9.03,0.6970000000000001,0.148,24.59,11.57,13.95,25.52,28.11,20.58,145.0,0.25,25.0,17.24,11.0,7.59,0.654,0.07800000000000001,20.07,10.59,12.93,23.52,24.07,14.79,203.0,0.333,34.0,16.75,17.0,8.37,1.005,0.2789999999999999,18.23,9.28,14.43,23.71,28.29,13.71
745809,2024-06-13,2024,660821,L,622663,R,double,False,False,169.0,0.258,39.0,23.08,10.0,5.92,0.6950000000000001,0.123,25.97,14.24,12.44,26.68,37.0,20.1,353.0,0.258,93.0,26.35,36.0,10.2,0.805,0.21,29.33,14.21,14.01,28.21,30.32,20.53,145.0,0.25,25.0,17.24,11.0,7.59,0.654,0.07800000000000001,20.07,10.59,12.93,23.52,24.07,14.79,203.0,0.333,34.0,16.75,17.0,8.37,1.005,0.2789999999999999,18.23,9.28,14.43,23.71,28.29,13.71
745809,2024-06-13,2024,669394,R,622663,R,walk,False,True,126.0,0.252,35.0,27.78,6.0,4.76,0.6890000000000001,0.15100000000000002,26.75,13.99,16.97,30.96,38.84,28.69,402.0,0.247,112.0,27.86,23.0,5.72,0.8,0.249,34.59,18.69,13.25,31.93,39.43,23.09,152.0,0.172,33.0,21.71,16.0,10.53,0.529,0.09700000000000003,22.74,10.7,17.66,28.35,31.6,18.75,215.0,0.271,45.0,20.93,17.0,7.91,0.841,0.2289999999999999,23.04,11.89,15.13,27.02,29.81,15.52
745809,2024-06-13,2024,624503,L,622663,R,walk,False,True,155.0,0.233,35.0,22.58,6.0,3.87,0.623,0.12999999999999998,30.54,18.44,10.31,28.75,45.48,20.23,83.0,0.16,10.0,12.05,1.0,1.2,0.48,0.149,20.99,12.19,10.39,22.58,38.35,12.82,145.0,0.25,25.0,17.24,11.0,7.59,0.654,0.07800000000000001,20.07,10.59,12.93,23.52,24.07,14.79,203.0,0.333,34.0,16.75,17.0,8.37,1.005,0.2789999999999999,18.23,9.28,14.43,23.71,28.29,13.71
745809,2024-06-13,2024,641313,R,622663,R,grounded_into_double_play,False,False,109.0,0.168,33.0,30.28,2.0,1.83,0.37,0.01899999999999999,32.13,16.55,16.08,32.63,37.84,24.09,396.0,0.226,95.0,23.99,21.0,5.3,0.538,0.04,26.05,13.64,14.67,28.31,36.05,20.88,152.0,0.172,33.0,21.71,16.0,10.53,0.529,0.09700000000000003,22.74,10.7,17.66,28.35,31.6,18.75,215.0,0.271,45.0,20.93,17.0,7.91,0.841,0.2289999999999999,23.04,11.89,15.13,27.02,29.81,15.52
745809,2024-06-13,2024,607043,L,682610,R,strikeout,True,False,198.0,0.212,52.0,26.26,32.0,16.16,0.719,0.15,24.39,10.07,16.89,26.96,19.96,17.75,448.0,0.266,98.0,21.88,60.0,13.39,0.874,0.235,20.87,8.67,19.47,28.14,19.23,16.42,40.0,0.324,12.0,30.0,6.0,15.0,1.337,0.5880000000000001,27.63,11.86,17.51,29.38,23.6,19.05,,,,,,,,,,,,,,
745809,2024-06-13,2024,502110,R,682610,R,field_out,False,False,111.0,0.238,37.0,33.33,5.0,4.5,0.673,0.16200000000000003,30.61,16.63,13.97,30.6,35.43,22.02,343.0,0.27,106.0,30.9,21.0,6.12,0.8799999999999999,0.2979999999999999,35.71,19.2,12.73,31.93,33.23,24.42,45.0,0.15,10.0,22.22,5.0,11.11,0.544,0.15,26.74,13.22,14.37,27.59,34.78,17.86,,,,,,,,,,,,,,
745809,2024-06-13,2024,624413,R,682610,R,field_out,False,False,209.0,0.246,41.0,19.62,18.0,8.61,0.777,0.21400000000000002,22.84,10.39,18.88,29.28,29.87,18.43,475.0,0.214,109.0,22.95,44.0,9.26,0.8069999999999999,0.281,26.53,11.43,18.24,29.67,27.59,22.11,45.0,0.15,10.0,22.22,5.0,11.11,0.544,0.15,26.74,13.22,14.37,27.59,34.78,17.86,,,,,,,,,,,,,,
745809,2024-06-13,2024,672640,R,622663,R,field_out,False,False,80.0,0.319,11.0,13.75,4.0,5.0,0.812,0.139,19.18,10.41,13.01,23.42,31.01,15.94,,,,,,,,,,,,,,,152.0,0.172,33.0,21.71,16.0,10.53,0.529,0.09700000000000003,22.74,10.7,17.66,28.35,31.6,18.75,215.0,0.271,45.0,20.93,17.0,7.91,0.841,0.2289999999999999,23.04,11.89,15.13,27.02,29.81,15.52
745809,2024-06-13,2024,542194,R,622663,R,field_out,False,False,49.0,0.136,13.0,26.53,2.0,4.08,0.373,0.045999999999999985,30.28,18.33,10.0,28.33,48.51,21.31,259.0,0.236,69.0,26.64,9.0,3.47,0.631,0.134,37.41,21.77,10.72,32.49,43.56,25.27,152.0,0.172,33.0,21.71,16.0,10.53,0.529,0.09700000000000003,22.74,10.7,17.66,28.35,31.6,18.75,215.0,0.271,45.0,20.93,17.0,7.91,0.841,0.2289999999999999,23.04,11.89,15.13,27.02,29.81,15.52
745809,2024-06-13,2024,665862,L,622663,R,single,False,False,183.0,0.248,44.0,24.04,17.0,9.29,0.758,0.188,28.73,13.42,13.68,27.11,30.08,20.47,290.0,0.275,91.0,31.38,20.0,6.9,0.8540000000000001,0.25,35.14,15.36,16.88,32.24,26.1,27.41,145.0,0.25,25.0,17.24,11.0,7.59,0.654,0.07800000000000001,20.07,10.59,12.93,23.52,24.07,14.79,203.0,0.333,34.0,16.75,17.0,8.37,1.005,0.2789999999999999,18.23,9.28,14.43,23.71,28.29,13.71
745809,2024-06-13,2024,650559,R,622663,R,walk,False,True,186.0,0.225,50.0,26.88,15.0,8.06,0.722,0.207,32.89,16.49,13.94,30.43,31.12,23.81,473.0,0.251,107.0,22.62,29.0,6.13,0.717,0.1689999999999999,28.95,14.54,15.93,30.47,34.61,18.71,152.0,0.172,33.0,21.71,16.0,10.53,0.529,0.09700000000000003,22.74,10.7,17.66,28.35,31.6,18.75,215.0,0.271,45.0,20.93,17.0,7.91,0.841,0.2289999999999999,23.04,11.89,15.13,27.02,29.81,15.52
745809,2024-06-13,2024,605137,L,622663,R,field_out,False,False,187.0,0.274,38.0,20.32,11.0,5.88,0.74,0.131,30.2,16.18,10.38,26.56,29.59,23.42,432.0,0.239,93.0,21.53,39.0,9.03,0.6970000000000001,0.148,24.59,11.57,13.95,25.52,28.11,20.58,145.0,0.25,25.0,17.24,11.0,7.59,0.654,0.07800000000000001,20.07,10.59,12.93,23.52,24.07,14.79,203.0,0.333,34.0,16.75,17.0,8.37,1.005,0.2789999999999999,18.23,9.28,14.43,23.71,28.29,13.71
745809,2024-06-13,2024,516782,R,682610,R,strikeout,True,False,171.0,0.27,37.0,21.64,9.0,5.26,0.7150000000000001,0.133,27.27,13.53,18.2,31.72,30.64,20.79,245.0,0.238,51.0,20.82,11.0,4.49,0.611,0.079,28.63,15.5,14.75,30.25,37.87,18.35,45.0,0.15,10.0,22.22,5.0,11.11,0.544,0.15,26.74,13.22,14.37,27.59,34.78,17.86,,,,,,,,,,,,,,
745809,2024-06-13,2024,668901,R,682610,R,field_out,False,False,42.0,0.27,9.0,21.43,4.0,9.52,0.765,0.16199999999999998,35.62,17.22,15.89,33.11,28.95,23.08,145.0,0.209,41.0,28.28,8.0,5.52,0.643,0.172,34.08,18.24,17.03,35.27,36.73,29.93,45.0,0.15,10.0,22.22,5.0,11.11,0.544,0.15,26.74,13.22,14.37,27.59,34.78,17.86,,,,,,,,,,,,,,
745809,2024-06-13,2024,620443,R,682610,R,field_out,False,False,9.0,0.25,1.0,11.11,1.0,11.11,0.708,0.125,21.43,8.33,25.0,33.33,18.75,11.11,9.0,0.125,3.0,33.33,0.0,0.0,0.472,0.125,20.0,6.98,20.93,27.91,29.63,25.0,45.0,0.15,10.0,22.22,5.0,11.11,0.544,0.15,26.74,13.22,14.37,27.59,34.78,17.86,,,,,,,,,,,,,,
745809,2024-06-13,2024,660821,L,622663,R,field_out,False,False,169.0,0.258,39.0,23.08,10.0,5.92,0.6950000000000001,0.123,25.97,14.24,12.44,26.68,37.0,20.1,353.0,0.258,93.0,26.35,36.0,10.2,0.805,0.21,29.33,14.21,14.01,28.21,30.32,20.53,145.0,0.25,25.0,17.24,11.0,7.59,0.654,0.07800000000000001,20.07,10.59,12.93,23.52,24.07,14.79,203.0,0.333,34.0,16.75,17.0,8.37,1.005,0.2789999999999999,18.23,9.28,14.43,23.71,28.29,13.71
745809,2024-06-13,2024,669394,R,622663,R,home_run,False,False,126.0,0.252,35.0,27.78,6.0,4.76,0.6890000000000001,0.15100000000000002,26.75,13.99,16.97,30.96,38.84,28.69,402.0,0.247,112.0,27.86,23.0,5.72,0.8,0.249,34.59,18.69,13.25,31.93,39.43,23.09,152.0,0.172,33.0,21.71,16.0,10.53,0.529,0.09700000000000003,22.74,10.7,17.66,28.35,31.6,18.75,215.0,0.271,45.0,20.93,17.0,7.91,0.841,0.2289999999999999,23.04,11.89,15.13,27.02,29.81,15.52
745809,2024-06-13,2024,624503,L,622663,R,field_out,False,False,155.0,0.233,35.0,22.58,6.0,3.87,0.623,0.12999999999999998,30.54,18.44,10.31,28.75,45.48,20.23,83.0,0.16,10.0,12.05,1.0,1.2,0.48,0.149,20.99,12.19,10.39,22.58,38.35,12.82,145.0,0.25,25.0,17.24,11.0,7.59,0.654,0.07800000000000001,20.07,10.59,12.93,23.52,24.07,14.79,203.0,0.333,34.0,16.75,17.0,8.37,1.005,0.2789999999999999,18.23,9.28,14.43,23.71,28.29,13.71
745809,2024-06-13,2024,641313,R,622663,R,single,False,False,109.0,0.168,33.0,30.28,2.0,1.83,0.37,0.01899999999999999,32.13,16.55,16.08,32.63,37.84,24.09,396.0,0.226,95.0,23.99,21.0,5.3,0.538,0.04,26.05,13.64,14.67,28.31,36.05,20.88,152.0,0.172,33.0,21.71,16.0,10.53,0.529,0.09700000000000003,22.74,10.7,17.66,28.35,31.6,18.75,215.0,0.271,45.0,20.93,17.0,7.91,0.841,0.2289999999999999,23.04,11.89,15.13,27.02,29.81,15.52
745809,2024-06-13,2024,672640,R,622663,R,strikeout,True,False,80.0,0.319,11.0,13.75,4.0,5.0,0.812,0.139,19.18,10.41,13.01,23.42,31.01,15.94,,,,,,,,,,,,,,,152.0,0.172,33.0,21.71,16.0,10.53,0.529,0.09700000000000003,22.74,10.7,17.66,28.35,31.6,18.75,215.0,0.271,45.0,20.93,17.0,7.91,0.841,0.2289999999999999,23.04,11.89,15.13,27.02,29.81,15.52
745809,2024-06-13,2024,643446,L,682610,R,field_out,False,False,159.0,0.211,18.0,11.32,14.0,8.81,0.601,0.099,13.15,6.9,13.61,20.51,28.85,12.33,447.0,0.26,48.0,10.74,25.0,5.59,0.6930000000000001,0.1149999999999999,14.08,7.59,11.21,18.8,32.05,12.57,40.0,0.324,12.0,30.0,6.0,15.0,1.337,0.5880000000000001,27.63,11.86,17.51,29.38,23.6,19.05,,,,,,,,,,,,,,
745809,2024-06-13,2024,664056,R,682610,R,single,False,False,127.0,0.291,29.0,22.83,6.0,4.72,0.724,0.09400000000000003,27.6,13.12,20.86,33.98,36.96,21.97,248.0,0.207,45.0,18.15,9.0,3.63,0.504,0.056,25.06,12.41,16.74,29.16,37.02,20.45,45.0,0.15,10.0,22.22,5.0,11.11,0.544,0.15,26.74,13.22,14.37,27.59,34.78,17.86,,,,,,,,,,,,,,
745809,2024-06-13,2024,596019,L,682610,R,field_out,False,False,223.0,0.219,43.0,19.28,16.0,7.17,0.667,0.164,23.74,11.66,15.31,26.97,25.89,17.77,483.0,0.242,102.0,21.12,51.0,10.56,0.757,0.182,23.68,11.49,14.35,25.84,28.12,17.29,40.0,0.324,12.0,30.0,6.0,15.0,1.337,0.5880000000000001,27.63,11.86,17.51,29.38,23.6,19.05,,,,,,,,,,,,,,
745809,2024-06-13,2024,542194,R,622098,R,strikeout,True,False,49.0,0.136,13.0,26.53,2.0,4.08,0.373,0.045999999999999985,30.28,18.33,10.0,28.33,48.51,21.31,259.0,0.236,69.0,26.64,9.0,3.47,0.631,0.134,37.41,21.77,10.72,32.49,43.56,25.27,33.0,0.222,8.0,24.24,5.0,15.15,0.629,0.07399999999999998,24.05,12.75,12.08,24.83,24.64,15.69,142.0,0.236,33.0,23.24,15.0,10.56,0.777,0.203,25.69,11.73,15.53,27.26,25.36,15.87
745809,2024-06-13,2024,665862,L,622098,R,home_run,False,False,183.0,0.248,44.0,24.04,17.0,9.29,0.758,0.188,28.73,13.42,13.68,27.11,30.08,20.47,290.0,0.275,91.0,31.38,20.0,6.9,0.8540000000000001,0.25,35.14,15.36,16.88,32.24,26.1,27.41,22.0,0.263,6.0,27.27,3.0,13.64,0.732,0.10499999999999998,35.0,17.28,12.35,29.63,26.19,19.35,102.0,0.247,27.0,26.47,14.0,13.73,0.8,0.2,26.51,12.61,13.5,26.11,27.27,18.62
745809,2024-06-13,2024,650559,R,622098,R,strikeout,True,False,186.0,0.225,50.0,26.88,15.0,8.06,0.722,0.207,32.89,16.49,13.94,30.43,31.12,23.81,473.0,0.251,107.0,22.62,29.0,6.13,0.717,0.1689999999999999,28.95,14.54,15.93,30.47,34.61,18.71,33.0,0.222,8.0,24.24,5.0,15.15,0.629,0.07399999999999998,24.05,12.75,12.08,24.83,24.64,15.69,142.0,0.236,33.0,23.24,15.0,10.56,0.777,0.203,25.69,11.73,15.53,27.26,25.36,15.87
745809,2024-06-13,2024,605137,L,622098,R,strikeout,True,False,187.0,0.274,38.0,20.32,11.0,5.88,0.74,0.131,30.2,16.18,10.38,26.56,29.59,23.42,432.0,0.239,93.0,21.53,39.0,9.03,0.6970000000000001,0.148,24.59,11.57,13.95,25.52,28.11,20.58,22.0,0.263,6.0,27.27,3.0,13.64,0.732,0.10499999999999998,35.0,17.28,12.35,29.63,26.19,19.35,102.0,0.247,27.0,26.47,14.0,13.73,0.8,0.2,26.51,12.61,13.5,26.11,27.27,18.62
745809,2024-06-13,2024,607043,L,669622,R,walk,False,True,198.0,0.212,52.0,26.26,32.0,16.16,0.719,0.15,24.39,10.07,16.89,26.96,19.96,17.75,448.0,0.266,98.0,21.88,60.0,13.39,0.874,0.235,20.87,8.67,19.47,28.14,19.23,16.42,45.0,0.263,9.0,20.0,6.0,13.33,0.773,0.132,22.67,9.71,16.57,26.29,27.78,16.98,,,,,,,,,,,,,,
745809,2024-06-13,2024,502110,R,669622,R,double,False,False,111.0,0.238,37.0,33.33,5.0,4.5,0.673,0.16200000000000003,30.61,16.63,13.97,30.6,35.43,22.02,343.0,0.27,106.0,30.9,21.0,6.12,0.8799999999999999,0.2979999999999999,35.71,19.2,12.73,31.93,33.23,24.42,69.0,0.254,19.0,27.54,3.0,4.35,0.6839999999999999,0.11099999999999999,25.74,11.29,21.61,32.9,29.8,16.24,,,,,,,,,,,,,,
745809,2024-06-13,2024,624413,R,669622,R,walk,False,True,209.0,0.246,41.0,19.62,18.0,8.61,0.777,0.21400000000000002,22.84,10.39,18.88,29.28,29.87,18.43,475.0,0.214,109.0,22.95,44.0,9.26,0.8069999999999999,0.281,26.53,11.43,18.24,29.67,27.59,22.11,69.0,0.254,19.0,27.54,3.0,4.35,0.6839999999999999,0.11099999999999999,25.74,11.29,21.61,32.9,29.8,16.24,,,,,,,,,,,,,,
745809,2024-06-13,2024,516782,R,669622,R,grounded_into_double_play,False,False,171.0,0.27,37.0,21.64,9.0,5.26,0.7150000000000001,0.133,27.27,13.53,18.2,31.72,30.64,20.79,245.0,0.238,51.0,20.82,11.0,4.49,0.611,0.079,28.63,15.5,14.75,30.25,37.87,18.35,69.0,0.254,19.0,27.54,3.0,4.35,0.6839999999999999,0.11099999999999999,25.74,11.29,21.61,32.9,29.8,16.24,,,,,,,,,,,,,,
745809,2024-06-13,2024,668901,R,676534,R,field_out,False,False,42.0,0.27,9.0,21.43,4.0,9.52,0.765,0.16199999999999998,35.62,17.22,15.89,33.11,28.95,23.08,145.0,0.209,41.0,28.28,8.0,5.52,0.643,0.172,34.08,18.24,17.03,35.27,36.73,29.93,65.0,0.263,14.0,21.54,5.0,7.69,0.666,0.07,25.86,11.49,13.79,25.29,20.45,16.87,76.0,0.265,19.0,25.0,8.0,10.53,0.827,0.2199999999999999,25.16,12.27,15.95,28.22,27.98,15.97
745809,2024-06-13,2024,660821,L,656887,R,field_out,False,False,169.0,0.258,39.0,23.08,10.0,5.92,0.6950000000000001,0.123,25.97,14.24,12.44,26.68,37.0,20.1,353.0,0.258,93.0,26.35,36.0,10.2,0.805,0.21,29.33,14.21,14.01,28.21,30.32,20.53,30.0,0.174,10.0,33.33,5.0,16.67,0.527,0.04300000000000001,36.84,16.15,16.15,32.31,26.09,25.64,18.0,0.2,10.0,55.56,3.0,16.67,0.533,0.0,46.67,22.83,15.22,38.04,33.96,25.0
745809,2024-06-13,2024,669394,R,656887,R,strikeout,True,False,126.0,0.252,35.0,27.78,6.0,4.76,0.6890000000000001,0.15100000000000002,26.75,13.99,16.97,30.96,38.84,28.69,402.0,0.247,112.0,27.86,23.0,5.72,0.8,0.249,34.59,18.69,13.25,31.93,39.43,23.09,49.0,0.195,12.0,24.49,8.0,16.33,0.547,0.024999999999999994,26.74,11.33,21.18,32.51,18.69,20.34,16.0,0.083,6.0,37.5,3.0,18.75,0.417,0.084,31.03,12.33,24.66,36.99,20.0,25.0
745809,2024-06-13,2024,624503,L,656887,R,field_out,False,False,155.0,0.233,35.0,22.58,6.0,3.87,0.623,0.12999999999999998,30.54,18.44,10.31,28.75,45.48,20.23,83.0,0.16,10.0,12.05,1.0,1.2,0.48,0.149,20.99,12.19,10.39,22.58,38.35,12.82,30.0,0.174,10.0,33.33,5.0,16.67,0.527,0.04300000000000001,36.84,16.15,16.15,32.31,26.09,25.64,18.0,0.2,10.0,55.56,3.0,16.67,0.533,0.0,46.67,22.83,15.22,38.04,33.96,25.0
745809,2024-06-13,2024,621466,L,676534,R,strikeout,True,False,119.0,0.2,25.0,21.01,20.0,16.81,0.721,0.16799999999999998,29.79,11.86,16.31,28.18,14.04,19.84,136.0,0.273,43.0,31.62,10.0,7.35,0.92,0.3059999999999999,35.89,18.63,10.49,29.11,25.44,24.85,34.0,0.25,10.0,29.41,6.0,17.65,0.8460000000000001,0.21400000000000002,25.76,11.11,15.69,26.8,25.97,17.24,44.0,0.333,6.0,13.64,4.0,9.09,0.819,0.0769999999999999,19.05,8.42,18.95,27.37,21.98,8.96
745809,2024-06-13,2024,643446,L,676534,R,field_out,False,False,159.0,0.211,18.0,11.32,14.0,8.81,0.601,0.099,13.15,6.9,13.61,20.51,28.85,12.33,447.0,0.26,48.0,10.74,25.0,5.59,0.6930000000000001,0.1149999999999999,14.08,7.59,11.21,18.8,32.05,12.57,34.0,0.25,10.0,29.41,6.0,17.65,0.8460000000000001,0.21400000000000002,25.76,11.11,15.69,26.8,25.97,17.24,44.0,0.333,6.0,13.64,4.0,9.09,0.819,0.0769999999999999,19.05,8.42,18.95,27.37,21.98,8.96
745809,2024-06-13,2024,664056,R,676534,R,field_out,False,False,127.0,0.291,29.0,22.83,6.0,4.72,0.724,0.09400000000000003,27.6,13.12,20.86,33.98,36.96,21.97,248.0,0.207,45.0,18.15,9.0,3.63,0.504,0.056,25.06,12.41,16.74,29.16,37.02,20.45,65.0,0.263,14.0,21.54,5.0,7.69,0.666,0.07,25.86,11.49,13.79,25.29,20.45,16.87,76.0,0.265,19.0,25.0,8.0,10.53,0.827,0.2199999999999999,25.16,12.27,15.95,28.22,27.98,15.97
745809,2024-06-13,2024,641313,R,621242,R,field_out,False,False,109.0,0.168,33.0,30.28,2.0,1.83,0.37,0.01899999999999999,32.13,16.55,16.08,32.63,37.84,24.09,396.0,0.226,95.0,23.99,21.0,5.3,0.538,0.04,26.05,13.64,14.67,28.31,36.05,20.88,43.0,0.154,13.0,30.23,3.0,6.98,0.541,0.154,38.46,17.24,20.69,37.93,32.56,24.07,,,,,,,,,,,,,,
745809,2024-06-13,2024,672640,R,621242,R,strikeout,True,False,80.0,0.319,11.0,13.75,4.0,5.0,0.812,0.139,19.18,10.41,13.01,23.42,31.01,15.94,,,,,,,,,,,,,,,43.0,0.154,13.0,30.23,3.0,6.98,0.541,0.154,38.46,17.24,20.69,37.93,32.56,24.07,,,,,,,,,,,,,,
745809,2024-06-13,2024,542194,R,621242,R,field_out,False,False,49.0,0.136,13.0,26.53,2.0,4.08,0.373,0.045999999999999985,30.28,18.33,10.0,28.33,48.51,21.31,259.0,0.236,69.0,26.64,9.0,3.47,0.631,0.134,37.41,21.77,10.72,32.49,43.56,25.27,43.0,0.154,13.0,30.23,3.0,6.98,0.541,0.154,38.46,17.24,20.69,37.93,32.56,24.07,,,,,,,,,,,,,,
745809,2024-06-13,2024,596019,R,656945,L,walk,False,True,75.0,0.279,5.0,6.67,4.0,5.33,0.862,0.236,15.38,7.17,17.2,24.37,23.02,7.69,204.0,0.281,35.0,17.16,15.0,7.35,0.916,0.2919999999999999,20.49,9.45,15.99,25.44,24.88,16.36,85.0,0.145,23.0,27.06,12.0,14.12,0.46,0.04300000000000001,31.87,15.36,16.87,32.23,33.54,23.23,207.0,0.19,65.0,31.4,13.0,6.28,0.5,0.0529999999999999,32.79,17.6,15.73,33.33,40.1,24.9
745809,2024-06-13,2024,607043,L,656945,L,strikeout,True,False,77.0,0.229,18.0,23.38,2.0,2.6,0.6990000000000001,0.171,30.16,13.24,19.86,33.1,30.87,23.68,236.0,0.286,48.0,20.34,14.0,5.93,0.749,0.118,24.0,10.48,21.38,31.86,21.45,15.14,32.0,0.125,7.0,21.88,7.0,21.88,0.531,0.08299999999999999,28.81,12.41,13.87,26.28,20.0,16.28,100.0,0.193,39.0,39.0,11.0,11.0,0.587,0.1139999999999999,43.85,19.57,19.81,39.38,26.13,31.2
745809,2024-06-13,2024,502110,R,656945,L,home_run,False,False,54.0,0.326,10.0,18.52,6.0,11.11,0.9259999999999999,0.174,21.37,10.78,11.21,21.98,31.78,12.5,137.0,0.274,43.0,31.39,13.0,9.49,0.924,0.3069999999999999,30.91,15.57,13.74,29.3,29.27,23.5,85.0,0.145,23.0,27.06,12.0,14.12,0.46,0.04300000000000001,31.87,15.36,16.87,32.23,33.54,23.23,207.0,0.19,65.0,31.4,13.0,6.28,0.5,0.0529999999999999,32.79,17.6,15.73,33.33,40.1,24.9
746944,2024-06-13,2024,656941,L,656557,R,single,False,False,178.0,0.183,53.0,29.78,30.0,16.85,0.6930000000000001,0.19,33.55,13.71,15.59,29.3,22.17,23.96,469.0,0.201,128.0,27.29,85.0,18.12,0.848,0.296,31.18,11.75,19.66,31.41,21.53,23.1,187.0,0.195,37.0,19.79,10.0,5.35,0.487,0.04099999999999998,21.58,10.57,19.64,30.21,26.94,21.14,240.0,0.271,51.0,21.25,25.0,10.42,0.858,0.2309999999999999,28.05,13.03,14.96,27.99,27.35,19.69
746944,2024-06-13,2024,592206,R,656557,R,strikeout,True,False,198.0,0.201,38.0,19.19,16.0,8.08,0.5860000000000001,0.11199999999999999,31.22,18.01,10.25,28.26,38.0,18.36,485.0,0.252,140.0,28.87,25.0,5.15,0.733,0.192,37.06,20.57,11.78,32.36,40.41,25.27,149.0,0.206,47.0,31.54,5.0,3.36,0.525,0.07100000000000004,26.79,12.46,22.81,35.26,36.04,25.82,225.0,0.236,48.0,21.33,16.0,7.11,0.622,0.089,29.72,14.27,17.37,31.64,31.71,21.52
746944,2024-06-13,2024,547180,L,656557,R,field_out,False,False,162.0,0.281,31.0,19.14,26.0,16.05,0.9430000000000001,0.267,28.76,13.97,9.52,23.49,32.77,18.13,375.0,0.295,80.0,21.33,60.0,16.0,0.907,0.199,31.39,15.65,8.66,24.31,32.27,20.0,187.0,0.195,37.0,19.79,10.0,5.35,0.487,0.04099999999999998,21.58,10.57,19.64,30.21,26.94,21.14,240.0,0.271,51.0,21.25,25.0,10.42,0.858,0.2309999999999999,28.05,13.03,14.96,27.99,27.35,19.69
746944,2024-06-13,2024,681082,L,656557,R,field_out,False,False,171.0,0.245,22.0,12.87,21.0,12.28,0.738,0.15400000000000003,17.0,7.28,21.68,28.96,27.06,11.11,474.0,0.28,76.0,16.03,26.0,5.49,0.753,0.1509999999999999,14.49,6.52,22.08,28.6,28.42,11.93,187.0,0.195,37.0,19.79,10.0,5.35,0.487,0.04099999999999998,21.58,10.57,19.64,30.21,26.94,21.14,240.0,0.271,51.0,21.25,25.0,10.42,0.858,0.2309999999999999,28.05,13.03,14.96,27.99,27.35,19.69
746944,2024-06-13,2024,680776,L,605400,R,double,False,False,218.0,0.286,45.0,20.64,17.0,7.8,0.887,0.25700000000000006,23.76,11.31,14.96,26.27,27.66,18.75,314.0,0.296,75.0,23.89,21.0,6.69,0.84,0.195,24.68,12.92,13.75,26.67,30.3,19.02,165.0,0.168,31.0,18.79,10.0,6.06,0.573,0.18699999999999997,19.87,9.6,15.85,25.46,30.33,14.55,365.0,0.24,90.0,24.66,25.0,6.85,0.735,0.204,26.03,12.77,16.47,29.24,34.56,20.93
746944,2024-06-13,2024,666152,L,605400,R,strikeout,True,False,115.0,0.292,30.0,26.09,8.0,6.96,0.839,0.199,26.98,11.38,21.21,32.59,20.28,22.56,36.0,0.1,10.0,27.78,6.0,16.67,0.417,0.067,20.0,8.44,23.38,31.82,26.39,15.38,165.0,0.168,31.0,18.79,10.0,6.06,0.573,0.18699999999999997,19.87,9.6,15.85,25.46,30.33,14.55,365.0,0.24,90.0,24.66,25.0,6.85,0.735,0.204,26.03,12.77,16.47,29.24,34.56,20.93
746944,2024-06-13,2024,641933,R,605400,R,single,False,False,128.0,0.228,42.0,32.81,11.0,8.59,0.761,0.228,34.75,15.5,17.58,33.08,26.25,25.93,187.0,0.233,53.0,28.34,15.0,8.02,0.6839999999999999,0.157,29.39,13.29,17.12,30.41,25.99,26.5,165.0,0.224,45.0,27.27,12.0,7.27,0.6020000000000001,0.098,25.9,13.14,18.3,31.45,34.71,23.56,430.0,0.241,112.0,26.05,20.0,4.65,0.685,0.1679999999999999,25.89,12.76,19.08,31.85,34.88,20.86
746944,2024-06-13,2024,646240,L,605400,R,grounded_into_double_play,False,False,160.0,0.287,32.0,20.0,23.0,14.37,1.02,0.34500000000000003,24.01,11.21,13.21,24.42,30.5,16.67,469.0,0.27,89.0,18.98,51.0,10.87,0.863,0.235,25.44,13.04,9.74,22.78,33.05,15.06,165.0,0.168,31.0,18.79,10.0,6.06,0.573,0.18699999999999997,19.87,9.6,15.85,25.46,30.33,14.55,365.0,0.24,90.0,24.66,25.0,6.85,0.735,0.204,26.03,12.77,16.47,29.24,34.56,20.93
746944,2024-06-13,2024,624641,R,656557,R,field_out,False,False,73.0,0.242,22.0,30.14,3.0,4.11,0.6599999999999999,0.122,38.04,20.95,10.81,31.76,42.77,22.22,176.0,0.239,41.0,23.3,5.0,2.84,0.669,0.148,29.23,17.12,12.31,29.43,41.96,19.16,149.0,0.206,47.0,31.54,5.0,3.36,0.525,0.07100000000000004,26.79,12.46,22.81,35.26,36.04,25.82,225.0,0.236,48.0,21.33,16.0,7.11,0.622,0.089,29.72,14.27,17.37,31.64,31.71,21.52
746944,2024-06-13,2024,621311,L,656557,R,strikeout,True,False,13.0,0.385,2.0,15.38,0.0,0.0,1.385,0.615,17.24,10.87,8.7,19.57,43.48,12.5,9.0,0.111,2.0,22.22,0.0,0.0,0.555,0.333,25.0,12.9,16.13,29.03,33.33,33.33,187.0,0.195,37.0,19.79,10.0,5.35,0.487,0.04099999999999998,21.58,10.57,19.64,30.21,26.94,21.14,240.0,0.271,51.0,21.25,25.0,10.42,0.858,0.2309999999999999,28.05,13.03,14.96,27.99,27.35,19.69
746944,2024-06-13,2024,593160,R,656557,R,single,False,False,70.0,0.153,9.0,12.86,10.0,14.29,0.461,0.033,18.03,8.21,16.04,24.25,27.59,13.24,446.0,0.277,80.0,17.94,27.0,6.05,0.7030000000000001,0.1019999999999999,20.17,10.18,16.71,26.89,32.97,15.33,149.0,0.206,47.0,31.54,5.0,3.36,0.525,0.07100000000000004,26.79,12.46,22.81,35.26,36.04,25.82,225.0,0.236,48.0,21.33,16.0,7.11,0.622,0.089,29.72,14.27,17.37,31.64,31.71,21.52
746944,2024-06-13,2024,596117,L,656557,R,single,False,False,39.0,0.2,9.0,23.08,4.0,10.26,0.511,0.028999999999999998,27.27,13.53,20.3,33.83,34.33,25.71,94.0,0.19,22.0,23.4,7.0,7.45,0.5549999999999999,0.0959999999999999,24.71,11.35,19.19,30.54,31.94,18.8,187.0,0.195,37.0,19.79,10.0,5.35,0.487,0.04099999999999998,21.58,10.57,19.64,30.21,26.94,21.14,240.0,0.271,51.0,21.25,25.0,10.42,0.858,0.2309999999999999,28.05,13.03,14.96,27.99,27.35,19.69
746944,2024-06-13,2024,679032,R,656557,R,field_out,False,False,141.0,0.237,19.0,13.48,6.0,4.26,0.5880000000000001,0.07600000000000001,24.69,11.83,19.33,31.16,33.33,12.93,100.0,0.281,23.0,23.0,4.0,4.0,0.76,0.1459999999999999,25.82,13.95,16.32,30.27,40.0,25.27,149.0,0.206,47.0,31.54,5.0,3.36,0.525,0.07100000000000004,26.79,12.46,22.81,35.26,36.04,25.82,225.0,0.236,48.0,21.33,16.0,7.11,0.622,0.089,29.72,14.27,17.37,31.64,31.71,21.52
746944,2024-06-13,2024,807799,L,605400,R,field_out,False,False,74.0,0.292,9.0,12.16,6.0,8.11,0.755,0.09300000000000003,16.0,6.8,19.39,26.19,24.0,11.39,437.0,0.293,58.0,13.27,22.0,5.03,0.795,0.167,17.2,7.54,21.09,28.63,28.96,13.65,165.0,0.168,31.0,18.79,10.0,6.06,0.573,0.18699999999999997,19.87,9.6,15.85,25.46,30.33,14.55,365.0,0.24,90.0,24.66,25.0,6.85,0.735,0.204,26.03,12.77,16.47,29.24,34.56,20.93
746944,2024-06-13,2024,665839,L,605400,R,double,False,False,108.0,0.222,28.0,25.93,6.0,5.56,0.7030000000000001,0.222,21.43,10.37,17.97,28.34,30.36,18.37,133.0,0.28,32.0,24.06,7.0,5.26,0.806,0.2079999999999999,23.05,10.04,20.07,30.11,28.72,21.48,165.0,0.168,31.0,18.79,10.0,6.06,0.573,0.18699999999999997,19.87,9.6,15.85,25.46,30.33,14.55,365.0,0.24,90.0,24.66,25.0,6.85,0.735,0.204,26.03,12.77,16.47,29.24,34.56,20.93
746944,2024-06-13,2024,624512,L,605400,R,double,False,False,104.0,0.211,27.0,25.96,9.0,8.65,0.573,0.07799999999999999,26.49,12.1,18.27,30.37,30.52,24.77,179.0,0.25,47.0,26.26,10.0,5.59,0.639,0.0979999999999999,22.84,12.46,16.72,29.18,42.86,22.6,165.0,0.168,31.0,18.79,10.0,6.06,0.573,0.18699999999999997,19.87,9.6,15.85,25.46,30.33,14.55,365.0,0.24,90.0,24.66,25.0,6.85,0.735,0.204,26.03,12.77,16.47,29.24,34.56,20.93
746944,2024-06-13,2024,642086,L,605400,R,single,False,False,105.0,0.189,20.0,19.05,13.0,12.38,0.5609999999999999,0.067,23.63,11.08,16.24,27.32,30.2,20.0,414.0,0.263,62.0,14.98,33.0,7.97,0.736,0.135,19.9,10.09,14.56,24.65,32.27,13.42,165.0,0.168,31.0,18.79,10.0,6.06,0.573,0.18699999999999997,19.87,9.6,15.85,25.46,30.33,14.55,365.0,0.24,90.0,24.66,25.0,6.85,0.735,0.204,26.03,12.77,16.47,29.24,34.56,20.93
746944,2024-06-13,2024,678882,R,605400,R,double,False,False,185.0,0.211,49.0,26.49,5.0,2.7,0.588,0.143,33.58,20.96,11.25,32.2,46.5,23.11,62.0,0.263,20.0,32.26,3.0,4.84,0.6739999999999999,0.1049999999999999,27.08,15.6,11.2,26.8,42.11,22.22,165.0,0.224,45.0,27.27,12.0,7.27,0.6020000000000001,0.098,25.9,13.14,18.3,31.45,34.71,23.56,430.0,0.241,112.0,26.05,20.0,4.65,0.685,0.1679999999999999,25.89,12.76,19.08,31.85,34.88,20.86
746944,2024-06-13,2024,680776,L,605400,R,double,False,False,218.0,0.286,45.0,20.64,17.0,7.8,0.887,0.25700000000000006,23.76,11.31,14.96,26.27,27.66,18.75,314.0,0.296,75.0,23.89,21.0,6.69,0.84,0.195,24.68,12.92,13.75,26.67,30.3,19.02,165.0,0.168,31.0,18.79,10.0,6.06,0.573,0.18699999999999997,19.87,9.6,15.85,25.46,30.33,14.55,365.0,0.24,90.0,24.66,25.0,6.85,0.735,0.204,26.03,12.77,16.47,29.24,34.56,20.93
746944,2024-06-13,2024,666152,L,605400,R,field_out,False,False,115.0,0.292,30.0,26.09,8.0,6.96,0.839,0.199,26.98,11.38,21.21,32.59,20.28,22.56,36.0,0.1,10.0,27.78,6.0,16.67,0.417,0.067,20.0,8.44,23.38,31.82,26.39,15.38,165.0,0.168,31.0,18.79,10.0,6.06,0.573,0.18699999999999997,19.87,9.6,15.85,25.46,30.33,14.55,365.0,0.24,90.0,24.66,25.0,6.85,0.735,0.204,26.03,12.77,16.47,29.24,34.56,20.93
746944,2024-06-13,2024,641933,R,605400,R,field_out,False,False,128.0,0.228,42.0,32.81,11.0,8.59,0.761,0.228,34.75,15.5,17.58,33.08,26.25,25.93,187.0,0.233,53.0,28.34,15.0,8.02,0.6839999999999999,0.157,29.39,13.29,17.12,30.41,25.99,26.5,165.0,0.224,45.0,27.27,12.0,7.27,0.6020000000000001,0.098,25.9,13.14,18.3,31.45,34.71,23.56,430.0,0.241,112.0,26.05,20.0,4.65,0.685,0.1679999999999999,25.89,12.76,19.08,31.85,34.88,20.86
746944,2024-06-13,2024,656941,L,656557,R,strikeout,True,False,178.0,0.183,53.0,29.78,30.0,16.85,0.6930000000000001,0.19,33.55,13.71,15.59,29.3,22.17,23.96,469.0,0.201,128.0,27.29,85.0,18.12,0.848,0.296,31.18,11.75,19.66,31.41,21.53,23.1,187.0,0.195,37.0,19.79,10.0,5.35,0.487,0.04099999999999998,21.58,10.57,19.64,30.21,26.94,21.14,240.0,0.271,51.0,21.25,25.0,10.42,0.858,0.2309999999999999,28.05,13.03,14.96,27.99,27.35,19.69
746944,2024-06-13,2024,592206,R,656557,R,single,False,False,198.0,0.201,38.0,19.19,16.0,8.08,0.5860000000000001,0.11199999999999999,31.22,18.01,10.25,28.26,38.0,18.36,485.0,0.252,140.0,28.87,25.0,5.15,0.733,0.192,37.06,20.57,11.78,32.36,40.41,25.27,149.0,0.206,47.0,31.54,5.0,3.36,0.525,0.07100000000000004,26.79,12.46,22.81,35.26,36.04,25.82,225.0,0.236,48.0,21.33,16.0,7.11,0.622,0.089,29.72,14.27,17.37,31.64,31.71,21.52
746944,2024-06-13,2024,547180,L,656557,R,field_out,False,False,162.0,0.281,31.0,19.14,26.0,16.05,0.9430000000000001,0.267,28.76,13.97,9.52,23.49,32.77,18.13,375.0,0.295,80.0,21.33,60.0,16.0,0.907,0.199,31.39,15.65,8.66,24.31,32.27,20.0,187.0,0.195,37.0,19.79,10.0,5.35,0.487,0.04099999999999998,21.58,10.57,19.64,30.21,26.94,21.14,240.0,0.271,51.0,21.25,25.0,10.42,0.858,0.2309999999999999,28.05,13.03,14.96,27.99,27.35,19.69
746944,2024-06-13,2024,681082,L,656557,R,strikeout,True,False,171.0,0.245,22.0,12.87,21.0,12.28,0.738,0.15400000000000003,17.0,7.28,21.68,28.96,27.06,11.11,474.0,0.28,76.0,16.03,26.0,5.49,0.753,0.1509999999999999,14.49,6.52,22.08,28.6,28.42,11.93,187.0,0.195,37.0,19.79,10.0,5.35,0.487,0.04099999999999998,21.58,10.57,19.64,30.21,26.94,21.14,240.0,0.271,51.0,21.25,25.0,10.42,0.858,0.2309999999999999,28.05,13.03,14.96,27.99,27.35,19.69
746944,2024-06-13,2024,646240,L,605400,R,field_out,False,False,160.0,0.287,32.0,20.0,23.0,14.37,1.02,0.34500000000000003,24.01,11.21,13.21,24.42,30.5,16.67,469.0,0.27,89.0,18.98,51.0,10.87,0.863,0.235,25.44,13.04,9.74,22.78,33.05,15.06,165.0,0.168,31.0,18.79,10.0,6.06,0.573,0.18699999999999997,19.87,9.6,15.85,25.46,30.33,14.55,365.0,0.24,90.0,24.66,25.0,6.85,0.735,0.204,26.03,12.77,16.47,29.24,34.56,20.93
746944,2024-06-13,2024,807799,L,605400,R,field_out,False,False,74.0,0.292,9.0,12.16,6.0,8.11,0.755,0.09300000000000003,16.0,6.8,19.39,26.19,24.0,11.39,437.0,0.293,58.0,13.27,22.0,5.03,0.795,0.167,17.2,7.54,21.09,28.63,28.96,13.65,165.0,0.168,31.0,18.79,10.0,6.06,0.573,0.18699999999999997,19.87,9.6,15.85,25.46,30.33,14.55,365.0,0.24,90.0,24.66,25.0,6.85,0.735,0.204,26.03,12.77,16.47,29.24,34.56,20.93
746944,2024-06-13,2024,665839,L,605400,R,field_out,False,False,108.0,0.222,28.0,25.93,6.0,5.56,0.7030000000000001,0.222,21.43,10.37,17.97,28.34,30.36,18.37,133.0,0.28,32.0,24.06,7.0,5.26,0.806,0.2079999999999999,23.05,10.04,20.07,30.11,28.72,21.48,165.0,0.168,31.0,18.79,10.0,6.06,0.573,0.18699999999999997,19.87,9.6,15.85,25.46,30.33,14.55,365.0,0.24,90.0,24.66,25.0,6.85,0.735,0.204,26.03,12.77,16.47,29.24,34.56,20.93
746944,2024-06-13,2024,624641,R,656557,R,single,False,False,73.0,0.242,22.0,30.14,3.0,4.11,0.6599999999999999,0.122,38.04,20.95,10.81,31.76,42.77,22.22,176.0,0.239,41.0,23.3,5.0,2.84,0.669,0.148,29.23,17.12,12.31,29.43,41.96,19.16,149.0,0.206,47.0,31.54,5.0,3.36,0.525,0.07100000000000004,26.79,12.46,22.81,35.26,36.04,25.82,225.0,0.236,48.0,21.33,16.0,7.11,0.622,0.089,29.72,14.27,17.37,31.64,31.71,21.52
746944,2024-06-13,2024,621311,L,656557,R,field_out,False,False,13.0,0.385,2.0,15.38,0.0,0.0,1.385,0.615,17.24,10.87,8.7,19.57,43.48,12.5,9.0,0.111,2.0,22.22,0.0,0.0,0.555,0.333,25.0,12.9,16.13,29.03,33.33,33.33,187.0,0.195,37.0,19.79,10.0,5.35,0.487,0.04099999999999998,21.58,10.57,19.64,30.21,26.94,21.14,240.0,0.271,51.0,21.25,25.0,10.42,0.858,0.2309999999999999,28.05,13.03,14.96,27.99,27.35,19.69
746944,2024-06-13,2024,593160,R,656557,R,hit_by_pitch,False,False,70.0,0.153,9.0,12.86,10.0,14.29,0.461,0.033,18.03,8.21,16.04,24.25,27.59,13.24,446.0,0.277,80.0,17.94,27.0,6.05,0.7030000000000001,0.1019999999999999,20.17,10.18,16.71,26.89,32.97,15.33,149.0,0.206,47.0,31.54,5.0,3.36,0.525,0.07100000000000004,26.79,12.46,22.81,35.26,36.04,25.82,225.0,0.236,48.0,21.33,16.0,7.11,0.622,0.089,29.72,14.27,17.37,31.64,31.71,21.52
746944,2024-06-13,2024,596117,L,656557,R,strikeout,True,False,39.0,0.2,9.0,23.08,4.0,10.26,0.511,0.028999999999999998,27.27,13.53,20.3,33.83,34.33,25.71,94.0,0.19,22.0,23.4,7.0,7.45,0.5549999999999999,0.0959999999999999,24.71,11.35,19.19,30.54,31.94,18.8,187.0,0.195,37.0,19.79,10.0,5.35,0.487,0.04099999999999998,21.58,10.57,19.64,30.21,26.94,21.14,240.0,0.271,51.0,21.25,25.0,10.42,0.858,0.2309999999999999,28.05,13.03,14.96,27.99,27.35,19.69
746944,2024-06-13,2024,679032,R,656557,R,single,False,False,141.0,0.237,19.0,13.48,6.0,4.26,0.5880000000000001,0.07600000000000001,24.69,11.83,19.33,31.16,33.33,12.93,100.0,0.281,23.0,23.0,4.0,4.0,0.76,0.1459999999999999,25.82,13.95,16.32,30.27,40.0,25.27,149.0,0.206,47.0,31.54,5.0,3.36,0.525,0.07100000000000004,26.79,12.46,22.81,35.26,36.04,25.82,225.0,0.236,48.0,21.33,16.0,7.11,0.622,0.089,29.72,14.27,17.37,31.64,31.71,21.52
746944,2024-06-13,2024,656941,L,656557,R,double,False,False,178.0,0.183,53.0,29.78,30.0,16.85,0.6930000000000001,0.19,33.55,13.71,15.59,29.3,22.17,23.96,469.0,0.201,128.0,27.29,85.0,18.12,0.848,0.296,31.18,11.75,19.66,31.41,21.53,23.1,187.0,0.195,37.0,19.79,10.0,5.35,0.487,0.04099999999999998,21.58,10.57,19.64,30.21,26.94,21.14,240.0,0.271,51.0,21.25,25.0,10.42,0.858,0.2309999999999999,28.05,13.03,14.96,27.99,27.35,19.69
746944,2024-06-13,2024,592206,R,656557,R,field_out,False,False,198.0,0.201,38.0,19.19,16.0,8.08,0.5860000000000001,0.11199999999999999,31.22,18.01,10.25,28.26,38.0,18.36,485.0,0.252,140.0,28.87,25.0,5.15,0.733,0.192,37.06,20.57,11.78,32.36,40.41,25.27,149.0,0.206,47.0,31.54,5.0,3.36,0.525,0.07100000000000004,26.79,12.46,22.81,35.26,36.04,25.82,225.0,0.236,48.0,21.33,16.0,7.11,0.622,0.089,29.72,14.27,17.37,31.64,31.71,21.52
746944,2024-06-13,2024,624512,L,605400,R,field_out,False,False,104.0,0.211,27.0,25.96,9.0,8.65,0.573,0.07799999999999999,26.49,12.1,18.27,30.37,30.52,24.77,179.0,0.25,47.0,26.26,10.0,5.59,0.639,0.0979999999999999,22.84,12.46,16.72,29.18,42.86,22.6,165.0,0.168,31.0,18.79,10.0,6.06,0.573,0.18699999999999997,19.87,9.6,15.85,25.46,30.33,14.55,365.0,0.24,90.0,24.66,25.0,6.85,0.735,0.204,26.03,12.77,16.47,29.24,34.56,20.93
746944,2024-06-13,2024,642086,L,605400,R,walk,False,True,105.0,0.189,20.0,19.05,13.0,12.38,0.5609999999999999,0.067,23.63,11.08,16.24,27.32,30.2,20.0,414.0,0.263,62.0,14.98,33.0,7.97,0.736,0.135,19.9,10.09,14.56,24.65,32.27,13.42,165.0,0.168,31.0,18.79,10.0,6.06,0.573,0.18699999999999997,19.87,9.6,15.85,25.46,30.33,14.55,365.0,0.24,90.0,24.66,25.0,6.85,0.735,0.204,26.03,12.77,16.47,29.24,34.56,20.93
746944,2024-06-13,2024,678882,R,605400,R,strikeout,True,False,185.0,0.211,49.0,26.49,5.0,2.7,0.588,0.143,33.58,20.96,11.25,32.2,46.5,23.11,62.0,0.263,20.0,32.26,3.0,4.84,0.6739999999999999,0.1049999999999999,27.08,15.6,11.2,26.8,42.11,22.22,165.0,0.224,45.0,27.27,12.0,7.27,0.6020000000000001,0.098,25.9,13.14,18.3,31.45,34.71,23.56,430.0,0.241,112.0,26.05,20.0,4.65,0.685,0.1679999999999999,25.89,12.76,19.08,31.85,34.88,20.86
746944,2024-06-13,2024,680776,L,605400,R,walk,False,True,218.0,0.286,45.0,20.64,17.0,7.8,0.887,0.25700000000000006,23.76,11.31,14.96,26.27,27.66,18.75,314.0,0.296,75.0,23.89,21.0,6.69,0.84,0.195,24.68,12.92,13.75,26.67,30.3,19.02,165.0,0.168,31.0,18.79,10.0,6.06,0.573,0.18699999999999997,19.87,9.6,15.85,25.46,30.33,14.55,365.0,0.24,90.0,24.66,25.0,6.85,0.735,0.204,26.03,12.77,16.47,29.24,34.56,20.93
746944,2024-06-13,2024,666152,L,605400,R,single,False,False,115.0,0.292,30.0,26.09,8.0,6.96,0.839,0.199,26.98,11.38,21.21,32.59,20.28,22.56,36.0,0.1,10.0,27.78,6.0,16.67,0.417,0.067,20.0,8.44,23.38,31.82,26.39,15.38,165.0,0.168,31.0,18.79,10.0,6.06,0.573,0.18699999999999997,19.87,9.6,15.85,25.46,30.33,14.55,365.0,0.24,90.0,24.66,25.0,6.85,0.735,0.204,26.03,12.77,16.47,29.24,34.56,20.93
746944,2024-06-13,2024,641933,R,605400,R,home_run,False,False,128.0,0.228,42.0,32.81,11.0,8.59,0.761,0.228,34.75,15.5,17.58,33.08,26.25,25.93,187.0,0.233,53.0,28.34,15.0,8.02,0.6839999999999999,0.157,29.39,13.29,17.12,30.41,25.99,26.5,165.0,0.224,45.0,27.27,12.0,7.27,0.6020000000000001,0.098,25.9,13.14,18.3,31.45,34.71,23.56,430.0,0.241,112.0,26.05,20.0,4.65,0.685,0.1679999999999999,25.89,12.76,19.08,31.85,34.88,20.86
746944,2024-06-13,2024,646240,L,605400,R,single,False,False,160.0,0.287,32.0,20.0,23.0,14.37,1.02,0.34500000000000003,24.01,11.21,13.21,24.42,30.5,16.67,469.0,0.27,89.0,18.98,51.0,10.87,0.863,0.235,25.44,13.04,9.74,22.78,33.05,15.06,165.0,0.168,31.0,18.79,10.0,6.06,0.573,0.18699999999999997,19.87,9.6,15.85,25.46,30.33,14.55,365.0,0.24,90.0,24.66,25.0,6.85,0.735,0.204,26.03,12.77,16.47,29.24,34.56,20.93
746944,2024-06-13,2024,807799,L,605400,R,single,False,False,74.0,0.292,9.0,12.16,6.0,8.11,0.755,0.09300000000000003,16.0,6.8,19.39,26.19,24.0,11.39,437.0,0.293,58.0,13.27,22.0,5.03,0.795,0.167,17.2,7.54,21.09,28.63,28.96,13.65,165.0,0.168,31.0,18.79,10.0,6.06,0.573,0.18699999999999997,19.87,9.6,15.85,25.46,30.33,14.55,365.0,0.24,90.0,24.66,25.0,6.85,0.735,0.204,26.03,12.77,16.47,29.24,34.56,20.93
746944,2024-06-13,2024,665839,L,642397,L,field_out,False,False,20.0,0.0,6.0,30.0,1.0,5.0,0.053,0.0,39.47,21.74,13.04,34.78,48.78,37.5,16.0,0.143,5.0,31.25,1.0,6.25,0.393,0.0,37.5,16.98,16.98,33.96,31.03,50.0,30.0,0.25,5.0,16.67,2.0,6.67,0.6930000000000001,0.14300000000000002,19.61,9.01,19.82,28.83,37.5,13.89,88.0,0.127,20.0,22.73,7.0,7.95,0.433,0.101,31.33,14.03,22.09,36.12,32.03,18.87
746944,2024-06-13,2024,547180,L,656557,R,field_out,False,False,162.0,0.281,31.0,19.14,26.0,16.05,0.9430000000000001,0.267,28.76,13.97,9.52,23.49,32.77,18.13,375.0,0.295,80.0,21.33,60.0,16.0,0.907,0.199,31.39,15.65,8.66,24.31,32.27,20.0,187.0,0.195,37.0,19.79,10.0,5.35,0.487,0.04099999999999998,21.58,10.57,19.64,30.21,26.94,21.14,240.0,0.271,51.0,21.25,25.0,10.42,0.858,0.2309999999999999,28.05,13.03,14.96,27.99,27.35,19.69
746944,2024-06-13,2024,681082,L,656557,R,field_out,False,False,171.0,0.245,22.0,12.87,21.0,12.28,0.738,0.15400000000000003,17.0,7.28,21.68,28.96,27.06,11.11,474.0,0.28,76.0,16.03,26.0,5.49,0.753,0.1509999999999999,14.49,6.52,22.08,28.6,28.42,11.93,187.0,0.195,37.0,19.79,10.0,5.35,0.487,0.04099999999999998,21.58,10.57,19.64,30.21,26.94,21.14,240.0,0.271,51.0,21.25,25.0,10.42,0.858,0.2309999999999999,28.05,13.03,14.96,27.99,27.35,19.69
746944,2024-06-13,2024,624641,R,656557,R,field_out,False,False,73.0,0.242,22.0,30.14,3.0,4.11,0.6599999999999999,0.122,38.04,20.95,10.81,31.76,42.77,22.22,176.0,0.239,41.0,23.3,5.0,2.84,0.669,0.148,29.23,17.12,12.31,29.43,41.96,19.16,149.0,0.206,47.0,31.54,5.0,3.36,0.525,0.07100000000000004,26.79,12.46,22.81,35.26,36.04,25.82,225.0,0.236,48.0,21.33,16.0,7.11,0.622,0.089,29.72,14.27,17.37,31.64,31.71,21.52
746944,2024-06-13,2024,624512,L,642397,L,hit_by_pitch,False,False,11.0,0.3,3.0,27.27,0.0,0.0,0.873,0.3,26.09,13.04,17.39,30.43,34.78,21.43,27.0,0.391,6.0,22.22,1.0,3.7,0.875,0.0439999999999999,25.53,11.21,23.36,34.58,33.96,18.18,30.0,0.25,5.0,16.67,2.0,6.67,0.6930000000000001,0.14300000000000002,19.61,9.01,19.82,28.83,37.5,13.89,88.0,0.127,20.0,22.73,7.0,7.95,0.433,0.101,31.33,14.03,22.09,36.12,32.03,18.87
746944,2024-06-13,2024,642086,L,642397,L,strikeout,True,False,17.0,0.375,3.0,17.65,1.0,5.88,1.0999999999999999,0.31299999999999994,13.79,5.97,19.4,25.37,21.88,15.0,172.0,0.234,29.0,16.86,14.0,8.14,0.588,0.0569999999999999,20.07,8.92,18.77,27.69,25.32,16.2,30.0,0.25,5.0,16.67,2.0,6.67,0.6930000000000001,0.14300000000000002,19.61,9.01,19.82,28.83,37.5,13.89,88.0,0.127,20.0,22.73,7.0,7.95,0.433,0.101,31.33,14.03,22.09,36.12,32.03,18.87
746944,2024-06-13,2024,678882,R,642397,L,single,False,False,62.0,0.228,19.0,30.65,4.0,6.45,0.665,0.158,34.68,19.03,15.04,34.07,41.03,27.94,27.0,0.192,8.0,29.63,1.0,3.7,0.645,0.2309999999999999,36.36,19.23,14.42,33.65,30.0,24.24,65.0,0.36,15.0,23.08,11.0,16.92,0.937,0.10000000000000003,32.5,15.23,11.72,26.95,28.35,21.13,162.0,0.255,45.0,27.78,15.0,9.26,0.72,0.138,35.35,17.56,15.35,32.91,29.93,22.5
746944,2024-06-13,2024,680776,L,642397,L,strikeout,True,False,93.0,0.225,22.0,23.66,9.0,9.68,0.565,0.024999999999999994,25.61,11.05,20.26,31.32,29.53,19.64,49.0,0.289,15.0,30.61,3.0,6.12,0.749,0.133,24.44,10.73,20.0,30.73,27.27,25.86,30.0,0.25,5.0,16.67,2.0,6.67,0.6930000000000001,0.14300000000000002,19.61,9.01,19.82,28.83,37.5,13.89,88.0,0.127,20.0,22.73,7.0,7.95,0.433,0.101,31.33,14.03,22.09,36.12,32.03,18.87
746944,2024-06-13,2024,666152,L,642397,L,strikeout,True,False,20.0,0.316,4.0,20.0,1.0,5.0,0.718,0.05199999999999999,22.58,10.29,16.18,26.47,21.21,22.22,3.0,0.333,0.0,0.0,0.0,0.0,0.666,0.0,25.0,16.67,16.67,33.33,50.0,,30.0,0.25,5.0,16.67,2.0,6.67,0.6930000000000001,0.14300000000000002,19.61,9.01,19.82,28.83,37.5,13.89,88.0,0.127,20.0,22.73,7.0,7.95,0.433,0.101,31.33,14.03,22.09,36.12,32.03,18.87
746944,2024-06-13,2024,621311,L,656557,R,field_out,False,False,13.0,0.385,2.0,15.38,0.0,0.0,1.385,0.615,17.24,10.87,8.7,19.57,43.48,12.5,9.0,0.111,2.0,22.22,0.0,0.0,0.555,0.333,25.0,12.9,16.13,29.03,33.33,33.33,187.0,0.195,37.0,19.79,10.0,5.35,0.487,0.04099999999999998,21.58,10.57,19.64,30.21,26.94,21.14,240.0,0.271,51.0,21.25,25.0,10.42,0.858,0.2309999999999999,28.05,13.03,14.96,27.99,27.35,19.69
746944,2024-06-13,2024,593160,R,656557,R,single,False,False,70.0,0.153,9.0,12.86,10.0,14.29,0.461,0.033,18.03,8.21,16.04,24.25,27.59,13.24,446.0,0.277,80.0,17.94,27.0,6.05,0.7030000000000001,0.1019999999999999,20.17,10.18,16.71,26.89,32.97,15.33,149.0,0.206,47.0,31.54,5.0,3.36,0.525,0.07100000000000004,26.79,12.46,22.81,35.26,36.04,25.82,225.0,0.236,48.0,21.33,16.0,7.11,0.622,0.089,29.72,14.27,17.37,31.64,31.71,21.52
746944,2024-06-13,2024,596117,L,656557,R,field_out,False,False,39.0,0.2,9.0,23.08,4.0,10.26,0.511,0.028999999999999998,27.27,13.53,20.3,33.83,34.33,25.71,94.0,0.19,22.0,23.4,7.0,7.45,0.5549999999999999,0.0959999999999999,24.71,11.35,19.19,30.54,31.94,18.8,187.0,0.195,37.0,19.79,10.0,5.35,0.487,0.04099999999999998,21.58,10.57,19.64,30.21,26.94,21.14,240.0,0.271,51.0,21.25,25.0,10.42,0.858,0.2309999999999999,28.05,13.03,14.96,27.99,27.35,19.69
746944,2024-06-13,2024,679032,R,656557,R,force_out,False,False,141.0,0.237,19.0,13.48,6.0,4.26,0.5880000000000001,0.07600000000000001,24.69,11.83,19.33,31.16,33.33,12.93,100.0,0.281,23.0,23.0,4.0,4.0,0.76,0.1459999999999999,25.82,13.95,16.32,30.27,40.0,25.27,149.0,0.206,47.0,31.54,5.0,3.36,0.525,0.07100000000000004,26.79,12.46,22.81,35.26,36.04,25.82,225.0,0.236,48.0,21.33,16.0,7.11,0.622,0.089,29.72,14.27,17.37,31.64,31.71,21.52
746944,2024-06-13,2024,641933,R,689147,R,strikeout,True,False,128.0,0.228,42.0,32.81,11.0,8.59,0.761,0.228,34.75,15.5,17.58,33.08,26.25,25.93,187.0,0.233,53.0,28.34,15.0,8.02,0.6839999999999999,0.157,29.39,13.29,17.12,30.41,25.99,26.5,46.0,0.182,11.0,23.91,2.0,4.35,0.444,0.04500000000000001,28.05,12.92,21.35,34.27,30.59,20.37,7.0,0.4,1.0,14.29,2.0,28.57,0.971,0.0,18.18,5.71,22.86,28.57,25.0,10.0
746944,2024-06-13,2024,646240,L,689147,R,walk,False,True,160.0,0.287,32.0,20.0,23.0,14.37,1.02,0.34500000000000003,24.01,11.21,13.21,24.42,30.5,16.67,469.0,0.27,89.0,18.98,51.0,10.87,0.863,0.235,25.44,13.04,9.74,22.78,33.05,15.06,42.0,0.194,13.0,30.95,2.0,4.76,0.46900000000000003,0.0,21.51,10.31,21.65,31.96,24.69,14.77,7.0,0.143,5.0,71.43,0.0,0.0,0.4289999999999999,0.143,63.64,26.92,30.77,57.69,41.67,71.43
746944,2024-06-13,2024,807799,L,689147,R,strikeout,True,False,74.0,0.292,9.0,12.16,6.0,8.11,0.755,0.09300000000000003,16.0,6.8,19.39,26.19,24.0,11.39,437.0,0.293,58.0,13.27,22.0,5.03,0.795,0.167,17.2,7.54,21.09,28.63,28.96,13.65,42.0,0.194,13.0,30.95,2.0,4.76,0.46900000000000003,0.0,21.51,10.31,21.65,31.96,24.69,14.77,7.0,0.143,5.0,71.43,0.0,0.0,0.4289999999999999,0.143,63.64,26.92,30.77,57.69,41.67,71.43
746944,2024-06-13,2024,665839,L,689147,R,double,False,False,108.0,0.222,28.0,25.93,6.0,5.56,0.7030000000000001,0.222,21.43,10.37,17.97,28.34,30.36,18.37,133.0,0.28,32.0,24.06,7.0,5.26,0.806,0.2079999999999999,23.05,10.04,20.07,30.11,28.72,21.48,42.0,0.194,13.0,30.95,2.0,4.76,0.46900000000000003,0.0,21.51,10.31,21.65,31.96,24.69,14.77,7.0,0.143,5.0,71.43,0.0,0.0,0.4289999999999999,0.143,63.64,26.92,30.77,57.69,41.67,71.43
746944,2024-06-13,2024,656941,L,641745,R,single,False,False,178.0,0.183,53.0,29.78,30.0,16.85,0.6930000000000001,0.19,33.55,13.71,15.59,29.3,22.17,23.96,469.0,0.201,128.0,27.29,85.0,18.12,0.848,0.296,31.18,11.75,19.66,31.41,21.53,23.1,53.0,0.22,8.0,15.09,3.0,5.66,0.644,0.16,21.43,10.0,15.24,25.24,29.31,14.29,109.0,0.262,16.0,14.68,23.0,21.1,0.8029999999999999,0.119,20.99,8.15,16.95,25.11,17.86,12.7
746944,2024-06-13,2024,592206,R,641745,R,grounded_into_double_play,False,False,198.0,0.201,38.0,19.19,16.0,8.08,0.5860000000000001,0.11199999999999999,31.22,18.01,10.25,28.26,38.0,18.36,485.0,0.252,140.0,28.87,25.0,5.15,0.733,0.192,37.06,20.57,11.78,32.36,40.41,25.27,64.0,0.271,12.0,18.75,5.0,7.81,0.9039999999999999,0.30499999999999994,21.19,9.62,18.46,28.08,24.6,14.12,102.0,0.256,15.0,14.71,22.0,21.57,0.7769999999999999,0.0899999999999999,25.0,8.96,17.43,26.39,22.82,15.62
746944,2024-06-13,2024,547180,L,641745,R,single,False,False,162.0,0.281,31.0,19.14,26.0,16.05,0.9430000000000001,0.267,28.76,13.97,9.52,23.49,32.77,18.13,375.0,0.295,80.0,21.33,60.0,16.0,0.907,0.199,31.39,15.65,8.66,24.31,32.27,20.0,53.0,0.22,8.0,15.09,3.0,5.66,0.644,0.16,21.43,10.0,15.24,25.24,29.31,14.29,109.0,0.262,16.0,14.68,23.0,21.1,0.8029999999999999,0.119,20.99,8.15,16.95,25.11,17.86,12.7
746944,2024-06-13,2024,681082,L,641745,R,field_out,False,False,171.0,0.245,22.0,12.87,21.0,12.28,0.738,0.15400000000000003,17.0,7.28,21.68,28.96,27.06,11.11,474.0,0.28,76.0,16.03,26.0,5.49,0.753,0.1509999999999999,14.49,6.52,22.08,28.6,28.42,11.93,53.0,0.22,8.0,15.09,3.0,5.66,0.644,0.16,21.43,10.0,15.24,25.24,29.31,14.29,109.0,0.262,16.0,14.68,23.0,21.1,0.8029999999999999,0.119,20.99,8.15,16.95,25.11,17.86,12.7
746944,2024-06-13,2024,624512,L,656546,R,strikeout,True,False,104.0,0.211,27.0,25.96,9.0,8.65,0.573,0.07799999999999999,26.49,12.1,18.27,30.37,30.52,24.77,179.0,0.25,47.0,26.26,10.0,5.59,0.639,0.0979999999999999,22.84,12.46,16.72,29.18,42.86,22.6,45.0,0.209,15.0,33.33,2.0,4.44,0.639,0.18600000000000003,31.46,17.28,14.81,32.1,41.67,31.25,80.0,0.221,26.0,32.5,9.0,11.25,0.63,0.088,34.86,17.48,12.61,30.09,33.51,21.31
746944,2024-06-13,2024,642086,L,656546,R,hit_by_pitch,False,False,105.0,0.189,20.0,19.05,13.0,12.38,0.5609999999999999,0.067,23.63,11.08,16.24,27.32,30.2,20.0,414.0,0.263,62.0,14.98,33.0,7.97,0.736,0.135,19.9,10.09,14.56,24.65,32.27,13.42,45.0,0.209,15.0,33.33,2.0,4.44,0.639,0.18600000000000003,31.46,17.28,14.81,32.1,41.67,31.25,80.0,0.221,26.0,32.5,9.0,11.25,0.63,0.088,34.86,17.48,12.61,30.09,33.51,21.31
746944,2024-06-13,2024,678882,R,656546,R,strikeout,True,False,185.0,0.211,49.0,26.49,5.0,2.7,0.588,0.143,33.58,20.96,11.25,32.2,46.5,23.11,62.0,0.263,20.0,32.26,3.0,4.84,0.6739999999999999,0.1049999999999999,27.08,15.6,11.2,26.8,42.11,22.22,69.0,0.164,21.0,30.43,6.0,8.7,0.415,0.015999999999999986,36.36,18.11,14.72,32.83,30.3,25.61,129.0,0.122,43.0,33.33,10.0,7.75,0.423,0.104,34.44,17.65,14.42,32.07,34.34,24.57
746944,2024-06-13,2024,680776,L,656546,R,field_out,False,False,218.0,0.286,45.0,20.64,17.0,7.8,0.887,0.25700000000000006,23.76,11.31,14.96,26.27,27.66,18.75,314.0,0.296,75.0,23.89,21.0,6.69,0.84,0.195,24.68,12.92,13.75,26.67,30.3,19.02,45.0,0.209,15.0,33.33,2.0,4.44,0.639,0.18600000000000003,31.46,17.28,14.81,32.1,41.67,31.25,80.0,0.221,26.0,32.5,9.0,11.25,0.63,0.088,34.86,17.48,12.61,30.09,33.51,21.31
746944,2024-06-13,2024,624641,R,641745,R,field_out,False,False,73.0,0.242,22.0,30.14,3.0,4.11,0.6599999999999999,0.122,38.04,20.95,10.81,31.76,42.77,22.22,176.0,0.239,41.0,23.3,5.0,2.84,0.669,0.148,29.23,17.12,12.31,29.43,41.96,19.16,64.0,0.271,12.0,18.75,5.0,7.81,0.9039999999999999,0.30499999999999994,21.19,9.62,18.46,28.08,24.6,14.12,102.0,0.256,15.0,14.71,22.0,21.57,0.7769999999999999,0.0899999999999999,25.0,8.96,17.43,26.39,22.82,15.62
746944,2024-06-13,2024,621311,L,641745,R,strikeout,True,False,13.0,0.385,2.0,15.38,0.0,0.0,1.385,0.615,17.24,10.87,8.7,19.57,43.48,12.5,9.0,0.111,2.0,22.22,0.0,0.0,0.555,0.333,25.0,12.9,16.13,29.03,33.33,33.33,53.0,0.22,8.0,15.09,3.0,5.66,0.644,0.16,21.43,10.0,15.24,25.24,29.31,14.29,109.0,0.262,16.0,14.68,23.0,21.1,0.8029999999999999,0.119,20.99,8.15,16.95,25.11,17.86,12.7
746944,2024-06-13,2024,593160,R,641745,R,field_out,False,False,70.0,0.153,9.0,12.86,10.0,14.29,0.461,0.033,18.03,8.21,16.04,24.25,27.59,13.24,446.0,0.277,80.0,17.94,27.0,6.05,0.7030000000000001,0.1019999999999999,20.17,10.18,16.71,26.89,32.97,15.33,64.0,0.271,12.0,18.75,5.0,7.81,0.9039999999999999,0.30499999999999994,21.19,9.62,18.46,28.08,24.6,14.12,102.0,0.256,15.0,14.71,22.0,21.57,0.7769999999999999,0.0899999999999999,25.0,8.96,17.43,26.39,22.82,15.62
746944,2024-06-13,2024,666152,L,614179,R,strikeout,True,False,115.0,0.292,30.0,26.09,8.0,6.96,0.839,0.199,26.98,11.38,21.21,32.59,20.28,22.56,36.0,0.1,10.0,27.78,6.0,16.67,0.417,0.067,20.0,8.44,23.38,31.82,26.39,15.38,26.0,0.292,8.0,30.77,2.0,7.69,0.721,0.08300000000000002,33.87,18.92,8.11,27.03,41.54,21.05,88.0,0.315,13.0,14.77,11.0,12.5,1.012,0.288,26.76,11.52,14.24,25.76,25.7,20.0
746944,2024-06-13,2024,641933,R,614179,R,strikeout,True,False,128.0,0.228,42.0,32.81,11.0,8.59,0.761,0.228,34.75,15.5,17.58,33.08,26.25,25.93,187.0,0.233,53.0,28.34,15.0,8.02,0.6839999999999999,0.157,29.39,13.29,17.12,30.41,25.99,26.5,39.0,0.242,7.0,17.95,3.0,7.69,0.641,0.09100000000000003,29.87,15.54,16.22,31.76,37.68,14.29,119.0,0.276,26.0,21.85,10.0,8.4,0.8280000000000001,0.191,31.2,14.75,13.94,28.69,29.14,16.03
746944,2024-06-13,2024,646240,L,614179,R,double,False,False,160.0,0.287,32.0,20.0,23.0,14.37,1.02,0.34500000000000003,24.01,11.21,13.21,24.42,30.5,16.67,469.0,0.27,89.0,18.98,51.0,10.87,0.863,0.235,25.44,13.04,9.74,22.78,33.05,15.06,26.0,0.292,8.0,30.77,2.0,7.69,0.721,0.08300000000000002,33.87,18.92,8.11,27.03,41.54,21.05,88.0,0.315,13.0,14.77,11.0,12.5,1.012,0.288,26.76,11.52,14.24,25.76,25.7,20.0
746944,2024-06-13,2024,807799,L,614179,R,strikeout,True,False,74.0,0.292,9.0,12.16,6.0,8.11,0.755,0.09300000000000003,16.0,6.8,19.39,26.19,24.0,11.39,437.0,0.293,58.0,13.27,22.0,5.03,0.795,0.167,17.2,7.54,21.09,28.63,28.96,13.65,26.0,0.292,8.0,30.77,2.0,7.69,0.721,0.08300000000000002,33.87,18.92,8.11,27.03,41.54,21.05,88.0,0.315,13.0,14.77,11.0,12.5,1.012,0.288,26.76,11.52,14.24,25.76,25.7,20.0
746944,2024-06-13,2024,596117,L,641745,R,strikeout,True,False,39.0,0.2,9.0,23.08,4.0,10.26,0.511,0.028999999999999998,27.27,13.53,20.3,33.83,34.33,25.71,94.0,0.19,22.0,23.4,7.0,7.45,0.5549999999999999,0.0959999999999999,24.71,11.35,19.19,30.54,31.94,18.8,53.0,0.22,8.0,15.09,3.0,5.66,0.644,0.16,21.43,10.0,15.24,25.24,29.31,14.29,109.0,0.262,16.0,14.68,23.0,21.1,0.8029999999999999,0.119,20.99,8.15,16.95,25.11,17.86,12.7
746944,2024-06-13,2024,642215,R,641745,R,field_out,False,False,1.0,0.0,0.0,0.0,0.0,0.0,0.0,0.0,0.0,0.0,33.33,33.33,,0.0,13.0,0.333,3.0,23.08,1.0,7.69,0.718,0.0,22.22,9.09,20.45,29.55,15.79,42.86,64.0,0.271,12.0,18.75,5.0,7.81,0.9039999999999999,0.30499999999999994,21.19,9.62,18.46,28.08,24.6,14.12,102.0,0.256,15.0,14.71,22.0,21.57,0.7769999999999999,0.0899999999999999,25.0,8.96,17.43,26.39,22.82,15.62
746944,2024-06-13,2024,656941,L,641745,R,walk,False,True,178.0,0.183,53.0,29.78,30.0,16.85,0.6930000000000001,0.19,33.55,13.71,15.59,29.3,22.17,23.96,469.0,0.201,128.0,27.29,85.0,18.12,0.848,0.296,31.18,11.75,19.66,31.41,21.53,23.1,53.0,0.22,8.0,15.09,3.0,5.66,0.644,0.16,21.43,10.0,15.24,25.24,29.31,14.29,109.0,0.262,16.0,14.68,23.0,21.1,0.8029999999999999,0.119,20.99,8.15,16.95,25.11,17.86,12.7
746944,2024-06-13,2024,592206,R,641745,R,strikeout,True,False,198.0,0.201,38.0,19.19,16.0,8.08,0.5860000000000001,0.11199999999999999,31.22,18.01,10.25,28.26,38.0,18.36,485.0,0.252,140.0,28.87,25.0,5.15,0.733,0.192,37.06,20.57,11.78,32.36,40.41,25.27,64.0,0.271,12.0,18.75,5.0,7.81,0.9039999999999999,0.30499999999999994,21.19,9.62,18.46,28.08,24.6,14.12,102.0,0.256,15.0,14.71,22.0,21.57,0.7769999999999999,0.0899999999999999,25.0,8.96,17.43,26.39,22.82,15.62
745168,2024-06-13,2024,663647,R,458681,R,field_out,False,False,139.0,0.206,31.0,22.3,10.0,7.19,0.504,0.032,18.14,7.99,21.44,29.43,27.73,20.81,358.0,0.26,75.0,20.95,22.0,6.15,0.721,0.1559999999999999,21.48,9.63,20.09,29.72,30.19,22.32,125.0,0.225,30.0,24.0,10.0,8.0,0.631,0.10800000000000001,24.72,12.36,13.11,25.47,30.34,16.48,407.0,0.23,111.0,27.27,28.0,6.88,0.719,0.1919999999999999,30.85,15.73,13.93,29.66,29.38,20.64
745168,2024-06-13,2024,668804,L,458681,R,strikeout,True,False,207.0,0.251,43.0,20.77,22.0,10.63,0.7370000000000001,0.15300000000000002,28.38,12.96,14.94,27.9,26.38,18.38,438.0,0.252,94.0,21.46,45.0,10.27,0.821,0.2309999999999999,28.75,13.22,13.73,26.95,24.9,18.49,164.0,0.262,33.0,20.12,17.0,10.37,0.775,0.172,24.47,11.06,14.58,25.64,22.77,19.88,401.0,0.29,80.0,19.95,39.0,9.73,0.909,0.259,26.41,12.9,13.22,26.12,27.13,16.13
745168,2024-06-13,2024,665833,L,458681,R,field_out,False,False,187.0,0.298,60.0,32.09,15.0,8.02,0.868,0.21700000000000003,34.93,16.06,19.04,35.1,34.87,24.1,33.0,0.185,7.0,21.21,5.0,15.15,0.636,0.148,27.69,13.14,15.33,28.47,34.25,17.95,164.0,0.262,33.0,20.12,17.0,10.37,0.775,0.172,24.47,11.06,14.58,25.64,22.77,19.88,401.0,0.29,80.0,19.95,39.0,9.73,0.909,0.259,26.41,12.9,13.22,26.12,27.13,16.13
745168,2024-06-13,2024,691026,R,656605,R,field_out,False,False,145.0,0.32,25.0,17.24,11.0,7.59,0.755,0.07100000000000001,16.96,7.93,18.84,26.78,29.17,13.23,100.0,0.161,19.0,19.0,9.0,9.0,0.478,0.0799999999999999,21.56,9.11,22.03,31.14,24.87,14.88,163.0,0.261,26.0,15.95,12.0,7.36,0.692,0.09799999999999998,23.3,10.85,16.86,27.71,28.09,14.77,395.0,0.244,95.0,24.05,18.0,4.56,0.645,0.1069999999999999,21.38,9.92,20.33,30.26,29.0,22.35
745168,2024-06-13,2024,676475,L,656605,R,field_out,False,False,151.0,0.306,23.0,15.23,7.0,4.64,0.817,0.173,19.55,11.11,11.66,22.77,34.66,14.65,318.0,0.243,39.0,12.26,21.0,6.6,0.698,0.156,17.66,9.16,14.01,23.17,33.05,13.13,174.0,0.247,48.0,27.59,10.0,5.75,0.713,0.173,22.4,10.85,19.81,30.66,31.51,27.12,430.0,0.253,115.0,26.74,37.0,8.6,0.776,0.202,24.73,12.08,17.13,29.21,25.7,21.9
745168,2024-06-13,2024,502671,R,656605,R,field_out,False,False,208.0,0.206,68.0,32.69,17.0,8.17,0.6080000000000001,0.12700000000000003,29.45,13.95,19.01,32.96,30.09,20.5,518.0,0.259,120.0,23.17,67.0,12.93,0.8049999999999999,0.187,27.85,12.3,17.85,30.16,25.85,17.44,163.0,0.261,26.0,15.95,12.0,7.36,0.692,0.09799999999999998,23.3,10.85,16.86,27.71,28.09,14.77,395.0,0.244,95.0,24.05,18.0,4.56,0.645,0.1069999999999999,21.38,9.92,20.33,30.26,29.0,22.35
745168,2024-06-13,2024,658668,R,458681,R,field_out,False,False,75.0,0.212,11.0,14.67,6.0,8.0,0.553,0.061000000000000026,23.72,12.67,13.36,26.03,34.48,11.46,261.0,0.256,43.0,16.48,14.0,5.36,0.728,0.1649999999999999,22.47,11.51,14.21,25.73,31.17,15.47,125.0,0.225,30.0,24.0,10.0,8.0,0.631,0.10800000000000001,24.72,12.36,13.11,25.47,30.34,16.48,407.0,0.23,111.0,27.27,28.0,6.88,0.719,0.1919999999999999,30.85,15.73,13.93,29.66,29.38,20.64
745168,2024-06-13,2024,642133,L,458681,R,walk,False,True,145.0,0.218,26.0,17.93,10.0,6.9,0.577,0.08299999999999999,20.73,8.78,20.48,29.26,24.46,19.26,300.0,0.223,73.0,24.33,29.0,9.67,0.69,0.173,22.22,8.47,23.11,31.59,24.77,19.95,164.0,0.262,33.0,20.12,17.0,10.37,0.775,0.172,24.47,11.06,14.58,25.64,22.77,19.88,401.0,0.29,80.0,19.95,39.0,9.73,0.909,0.259,26.41,12.9,13.22,26.12,27.13,16.13
745168,2024-06-13,2024,669707,R,458681,R,force_out,False,False,152.0,0.216,33.0,21.71,14.0,9.21,0.588,0.08299999999999999,24.41,12.07,15.7,27.77,28.52,14.86,144.0,0.301,43.0,29.86,18.0,12.5,0.786,0.089,33.87,14.74,17.72,32.46,24.23,24.57,125.0,0.225,30.0,24.0,10.0,8.0,0.631,0.10800000000000001,24.72,12.36,13.11,25.47,30.34,16.48,407.0,0.23,111.0,27.27,28.0,6.88,0.719,0.1919999999999999,30.85,15.73,13.93,29.66,29.38,20.64
745168,2024-06-13,2024,669261,L,458681,R,strikeout,True,False,145.0,0.152,36.0,24.83,19.0,13.1,0.542,0.12800000000000003,23.81,10.96,14.84,25.8,21.68,19.67,404.0,0.232,117.0,28.96,61.0,15.1,0.857,0.271,29.06,11.36,18.81,30.17,17.6,22.37,164.0,0.262,33.0,20.12,17.0,10.37,0.775,0.172,24.47,11.06,14.58,25.64,22.77,19.88,401.0,0.29,80.0,19.95,39.0,9.73,0.909,0.259,26.41,12.9,13.22,26.12,27.13,16.13
745168,2024-06-13,2024,669357,L,656605,R,field_out,False,False,166.0,0.224,59.0,35.54,18.0,10.84,0.7989999999999999,0.266,39.94,19.67,14.35,34.02,30.14,26.94,378.0,0.231,124.0,32.8,42.0,11.11,0.7969999999999999,0.2459999999999999,35.96,17.73,12.12,29.85,28.13,25.15,174.0,0.247,48.0,27.59,10.0,5.75,0.713,0.173,22.4,10.85,19.81,30.66,31.51,27.12,430.0,0.253,115.0,26.74,37.0,8.6,0.776,0.202,24.73,12.08,17.13,29.21,25.7,21.9
745168,2024-06-13,2024,571448,R,656605,R,field_out,False,False,212.0,0.277,41.0,19.34,19.0,8.96,0.743,0.122,21.98,9.59,20.23,29.82,29.74,16.67,468.0,0.28,81.0,17.31,31.0,6.62,0.8089999999999999,0.2009999999999999,20.4,9.71,17.28,26.99,33.33,16.43,163.0,0.261,26.0,15.95,12.0,7.36,0.692,0.09799999999999998,23.3,10.85,16.86,27.71,28.09,14.77,395.0,0.244,95.0,24.05,18.0,4.56,0.645,0.1069999999999999,21.38,9.92,20.33,30.26,29.0,22.35
745168,2024-06-13,2024,680977,L,656605,R,hit_by_pitch,False,False,190.0,0.232,32.0,16.84,16.0,8.42,0.673,0.12499999999999997,17.38,7.16,20.14,27.3,23.41,15.17,309.0,0.294,43.0,13.92,27.0,8.74,0.831,0.166,14.96,6.32,19.2,25.52,22.53,13.27,174.0,0.247,48.0,27.59,10.0,5.75,0.713,0.173,22.4,10.85,19.81,30.66,31.51,27.12,430.0,0.253,115.0,26.74,37.0,8.6,0.776,0.202,24.73,12.08,17.13,29.21,25.7,21.9
745168,2024-06-13,2024,665877,R,656605,R,single,False,False,8.0,0.0,2.0,25.0,2.0,25.0,0.375,0.0,11.11,3.33,30.0,33.33,7.69,16.67,42.0,0.265,6.0,14.29,4.0,9.52,0.669,0.0289999999999999,14.29,5.84,18.83,24.68,21.05,14.63,163.0,0.261,26.0,15.95,12.0,7.36,0.692,0.09799999999999998,23.3,10.85,16.86,27.71,28.09,14.77,395.0,0.244,95.0,24.05,18.0,4.56,0.645,0.1069999999999999,21.38,9.92,20.33,30.26,29.0,22.35
745168,2024-06-13,2024,686780,R,656605,R,field_out,False,False,19.0,0.0,8.0,42.11,4.0,21.05,0.211,0.0,25.0,10.59,20.0,30.59,26.67,28.57,,,,,,,,,,,,,,,163.0,0.261,26.0,15.95,12.0,7.36,0.692,0.09799999999999998,23.3,10.85,16.86,27.71,28.09,14.77,395.0,0.244,95.0,24.05,18.0,4.56,0.645,0.1069999999999999,21.38,9.92,20.33,30.26,29.0,22.35
745168,2024-06-13,2024,518735,L,458681,R,field_out,False,False,54.0,0.135,11.0,20.37,2.0,3.7,0.45499999999999996,0.15299999999999997,24.0,11.32,23.58,34.91,35.85,17.46,309.0,0.235,61.0,19.74,27.0,8.74,0.636,0.094,22.36,10.08,19.44,29.52,27.06,17.13,164.0,0.262,33.0,20.12,17.0,10.37,0.775,0.172,24.47,11.06,14.58,25.64,22.77,19.88,401.0,0.29,80.0,19.95,39.0,9.73,0.909,0.259,26.41,12.9,13.22,26.12,27.13,16.13
745168,2024-06-13,2024,572191,R,458681,R,strikeout,True,False,94.0,0.198,34.0,36.17,5.0,5.32,0.45999999999999996,0.022999999999999993,39.23,18.49,17.45,35.94,31.15,27.42,276.0,0.206,95.0,34.42,18.0,6.52,0.641,0.171,34.66,17.23,15.91,33.15,32.6,28.53,125.0,0.225,30.0,24.0,10.0,8.0,0.631,0.10800000000000001,24.72,12.36,13.11,25.47,30.34,16.48,407.0,0.23,111.0,27.27,28.0,6.88,0.719,0.1919999999999999,30.85,15.73,13.93,29.66,29.38,20.64
745168,2024-06-13,2024,663647,R,458681,R,field_out,False,False,139.0,0.206,31.0,22.3,10.0,7.19,0.504,0.032,18.14,7.99,21.44,29.43,27.73,20.81,358.0,0.26,75.0,20.95,22.0,6.15,0.721,0.1559999999999999,21.48,9.63,20.09,29.72,30.19,22.32,125.0,0.225,30.0,24.0,10.0,8.0,0.631,0.10800000000000001,24.72,12.36,13.11,25.47,30.34,16.48,407.0,0.23,111.0,27.27,28.0,6.88,0.719,0.1919999999999999,30.85,15.73,13.93,29.66,29.38,20.64
745168,2024-06-13,2024,672279,L,656605,R,strikeout,True,False,93.0,0.253,24.0,25.81,5.0,5.38,0.629,0.08400000000000002,28.9,14.2,17.9,32.1,28.57,22.86,3.0,0.0,1.0,33.33,0.0,0.0,0.0,0.0,40.0,14.29,21.43,35.71,0.0,50.0,174.0,0.247,48.0,27.59,10.0,5.75,0.713,0.173,22.4,10.85,19.81,30.66,31.51,27.12,430.0,0.253,115.0,26.74,37.0,8.6,0.776,0.202,24.73,12.08,17.13,29.21,25.7,21.9
745168,2024-06-13,2024,691026,R,656605,R,triple,False,False,145.0,0.32,25.0,17.24,11.0,7.59,0.755,0.07100000000000001,16.96,7.93,18.84,26.78,29.17,13.23,100.0,0.161,19.0,19.0,9.0,9.0,0.478,0.0799999999999999,21.56,9.11,22.03,31.14,24.87,14.88,163.0,0.261,26.0,15.95,12.0,7.36,0.692,0.09799999999999998,23.3,10.85,16.86,27.71,28.09,14.77,395.0,0.244,95.0,24.05,18.0,4.56,0.645,0.1069999999999999,21.38,9.92,20.33,30.26,29.0,22.35
745168,2024-06-13,2024,676475,L,656605,R,strikeout,True,False,151.0,0.306,23.0,15.23,7.0,4.64,0.817,0.173,19.55,11.11,11.66,22.77,34.66,14.65,318.0,0.243,39.0,12.26,21.0,6.6,0.698,0.156,17.66,9.16,14.01,23.17,33.05,13.13,174.0,0.247,48.0,27.59,10.0,5.75,0.713,0.173,22.4,10.85,19.81,30.66,31.51,27.12,430.0,0.253,115.0,26.74,37.0,8.6,0.776,0.202,24.73,12.08,17.13,29.21,25.7,21.9
745168,2024-06-13,2024,502671,R,656605,R,home_run,False,False,208.0,0.206,68.0,32.69,17.0,8.17,0.6080000000000001,0.12700000000000003,29.45,13.95,19.01,32.96,30.09,20.5,518.0,0.259,120.0,23.17,67.0,12.93,0.8049999999999999,0.187,27.85,12.3,17.85,30.16,25.85,17.44,163.0,0.261,26.0,15.95,12.0,7.36,0.692,0.09799999999999998,23.3,10.85,16.86,27.71,28.09,14.77,395.0,0.244,95.0,24.05,18.0,4.56,0.645,0.1069999999999999,21.38,9.92,20.33,30.26,29.0,22.35
745168,2024-06-13,2024,669357,L,656605,R,field_out,False,False,166.0,0.224,59.0,35.54,18.0,10.84,0.7989999999999999,0.266,39.94,19.67,14.35,34.02,30.14,26.94,378.0,0.231,124.0,32.8,42.0,11.11,0.7969999999999999,0.2459999999999999,35.96,17.73,12.12,29.85,28.13,25.15,174.0,0.247,48.0,27.59,10.0,5.75,0.713,0.173,22.4,10.85,19.81,30.66,31.51,27.12,430.0,0.253,115.0,26.74,37.0,8.6,0.776,0.202,24.73,12.08,17.13,29.21,25.7,21.9
745168,2024-06-13,2024,668804,L,458681,R,field_out,False,False,207.0,0.251,43.0,20.77,22.0,10.63,0.7370000000000001,0.15300000000000002,28.38,12.96,14.94,27.9,26.38,18.38,438.0,0.252,94.0,21.46,45.0,10.27,0.821,0.2309999999999999,28.75,13.22,13.73,26.95,24.9,18.49,164.0,0.262,33.0,20.12,17.0,10.37,0.775,0.172,24.47,11.06,14.58,25.64,22.77,19.88,401.0,0.29,80.0,19.95,39.0,9.73,0.909,0.259,26.41,12.9,13.22,26.12,27.13,16.13
745168,2024-06-13,2024,665833,L,458681,R,field_out,False,False,187.0,0.298,60.0,32.09,15.0,8.02,0.868,0.21700000000000003,34.93,16.06,19.04,35.1,34.87,24.1,33.0,0.185,7.0,21.21,5.0,15.15,0.636,0.148,27.69,13.14,15.33,28.47,34.25,17.95,164.0,0.262,33.0,20.12,17.0,10.37,0.775,0.172,24.47,11.06,14.58,25.64,22.77,19.88,401.0,0.29,80.0,19.95,39.0,9.73,0.909,0.259,26.41,12.9,13.22,26.12,27.13,16.13
745168,2024-06-13,2024,658668,R,458681,R,single,False,False,75.0,0.212,11.0,14.67,6.0,8.0,0.553,0.061000000000000026,23.72,12.67,13.36,26.03,34.48,11.46,261.0,0.256,43.0,16.48,14.0,5.36,0.728,0.1649999999999999,22.47,11.51,14.21,25.73,31.17,15.47,125.0,0.225,30.0,24.0,10.0,8.0,0.631,0.10800000000000001,24.72,12.36,13.11,25.47,30.34,16.48,407.0,0.23,111.0,27.27,28.0,6.88,0.719,0.1919999999999999,30.85,15.73,13.93,29.66,29.38,20.64
745168,2024-06-13,2024,642133,L,458681,R,single,False,False,145.0,0.218,26.0,17.93,10.0,6.9,0.577,0.08299999999999999,20.73,8.78,20.48,29.26,24.46,19.26,300.0,0.223,73.0,24.33,29.0,9.67,0.69,0.173,22.22,8.47,23.11,31.59,24.77,19.95,164.0,0.262,33.0,20.12,17.0,10.37,0.775,0.172,24.47,11.06,14.58,25.64,22.77,19.88,401.0,0.29,80.0,19.95,39.0,9.73,0.909,0.259,26.41,12.9,13.22,26.12,27.13,16.13
745168,2024-06-13,2024,669707,R,458681,R,strikeout,True,False,152.0,0.216,33.0,21.71,14.0,9.21,0.588,0.08299999999999999,24.41,12.07,15.7,27.77,28.52,14.86,144.0,0.301,43.0,29.86,18.0,12.5,0.786,0.089,33.87,14.74,17.72,32.46,24.23,24.57,125.0,0.225,30.0,24.0,10.0,8.0,0.631,0.10800000000000001,24.72,12.36,13.11,25.47,30.34,16.48,407.0,0.23,111.0,27.27,28.0,6.88,0.719,0.1919999999999999,30.85,15.73,13.93,29.66,29.38,20.64
745168,2024-06-13,2024,571448,R,656605,R,field_out,False,False,212.0,0.277,41.0,19.34,19.0,8.96,0.743,0.122,21.98,9.59,20.23,29.82,29.74,16.67,468.0,0.28,81.0,17.31,31.0,6.62,0.8089999999999999,0.2009999999999999,20.4,9.71,17.28,26.99,33.33,16.43,163.0,0.261,26.0,15.95,12.0,7.36,0.692,0.09799999999999998,23.3,10.85,16.86,27.71,28.09,14.77,395.0,0.244,95.0,24.05,18.0,4.56,0.645,0.1069999999999999,21.38,9.92,20.33,30.26,29.0,22.35
745168,2024-06-13,2024,680977,L,656605,R,field_out,False,False,190.0,0.232,32.0,16.84,16.0,8.42,0.673,0.12499999999999997,17.38,7.16,20.14,27.3,23.41,15.17,309.0,0.294,43.0,13.92,27.0,8.74,0.831,0.166,14.96,6.32,19.2,25.52,22.53,13.27,174.0,0.247,48.0,27.59,10.0,5.75,0.713,0.173,22.4,10.85,19.81,30.66,31.51,27.12,430.0,0.253,115.0,26.74,37.0,8.6,0.776,0.202,24.73,12.08,17.13,29.21,25.7,21.9
745168,2024-06-13,2024,665877,R,656605,R,triple,False,False,8.0,0.0,2.0,25.0,2.0,25.0,0.375,0.0,11.11,3.33,30.0,33.33,7.69,16.67,42.0,0.265,6.0,14.29,4.0,9.52,0.669,0.0289999999999999,14.29,5.84,18.83,24.68,21.05,14.63,163.0,0.261,26.0,15.95,12.0,7.36,0.692,0.09799999999999998,23.3,10.85,16.86,27.71,28.09,14.77,395.0,0.244,95.0,24.05,18.0,4.56,0.645,0.1069999999999999,21.38,9.92,20.33,30.26,29.0,22.35
745168,2024-06-13,2024,686780,R,656605,R,single,False,False,19.0,0.0,8.0,42.11,4.0,21.05,0.211,0.0,25.0,10.59,20.0,30.59,26.67,28.57,,,,,,,,,,,,,,,163.0,0.261,26.0,15.95,12.0,7.36,0.692,0.09799999999999998,23.3,10.85,16.86,27.71,28.09,14.77,395.0,0.244,95.0,24.05,18.0,4.56,0.645,0.1069999999999999,21.38,9.92,20.33,30.26,29.0,22.35
745168,2024-06-13,2024,672279,L,656605,R,field_out,False,False,93.0,0.253,24.0,25.81,5.0,5.38,0.629,0.08400000000000002,28.9,14.2,17.9,32.1,28.57,22.86,3.0,0.0,1.0,33.33,0.0,0.0,0.0,0.0,40.0,14.29,21.43,35.71,0.0,50.0,174.0,0.247,48.0,27.59,10.0,5.75,0.713,0.173,22.4,10.85,19.81,30.66,31.51,27.12,430.0,0.253,115.0,26.74,37.0,8.6,0.776,0.202,24.73,12.08,17.13,29.21,25.7,21.9
745168,2024-06-13,2024,669261,L,458681,R,walk,False,True,145.0,0.152,36.0,24.83,19.0,13.1,0.542,0.12800000000000003,23.81,10.96,14.84,25.8,21.68,19.67,404.0,0.232,117.0,28.96,61.0,15.1,0.857,0.271,29.06,11.36,18.81,30.17,17.6,22.37,164.0,0.262,33.0,20.12,17.0,10.37,0.775,0.172,24.47,11.06,14.58,25.64,22.77,19.88,401.0,0.29,80.0,19.95,39.0,9.73,0.909,0.259,26.41,12.9,13.22,26.12,27.13,16.13
745168,2024-06-13,2024,518735,L,458681,R,single,False,False,54.0,0.135,11.0,20.37,2.0,3.7,0.45499999999999996,0.15299999999999997,24.0,11.32,23.58,34.91,35.85,17.46,309.0,0.235,61.0,19.74,27.0,8.74,0.636,0.094,22.36,10.08,19.44,29.52,27.06,17.13,164.0,0.262,33.0,20.12,17.0,10.37,0.775,0.172,24.47,11.06,14.58,25.64,22.77,19.88,401.0,0.29,80.0,19.95,39.0,9.73,0.909,0.259,26.41,12.9,13.22,26.12,27.13,16.13
745168,2024-06-13,2024,572191,R,458681,R,walk,False,True,94.0,0.198,34.0,36.17,5.0,5.32,0.45999999999999996,0.022999999999999993,39.23,18.49,17.45,35.94,31.15,27.42,276.0,0.206,95.0,34.42,18.0,6.52,0.641,0.171,34.66,17.23,15.91,33.15,32.6,28.53,125.0,0.225,30.0,24.0,10.0,8.0,0.631,0.10800000000000001,24.72,12.36,13.11,25.47,30.34,16.48,407.0,0.23,111.0,27.27,28.0,6.88,0.719,0.1919999999999999,30.85,15.73,13.93,29.66,29.38,20.64
745168,2024-06-13,2024,663647,R,458681,R,strikeout,True,False,139.0,0.206,31.0,22.3,10.0,7.19,0.504,0.032,18.14,7.99,21.44,29.43,27.73,20.81,358.0,0.26,75.0,20.95,22.0,6.15,0.721,0.1559999999999999,21.48,9.63,20.09,29.72,30.19,22.32,125.0,0.225,30.0,24.0,10.0,8.0,0.631,0.10800000000000001,24.72,12.36,13.11,25.47,30.34,16.48,407.0,0.23,111.0,27.27,28.0,6.88,0.719,0.1919999999999999,30.85,15.73,13.93,29.66,29.38,20.64
745168,2024-06-13,2024,668804,L,458681,R,single,False,False,207.0,0.251,43.0,20.77,22.0,10.63,0.7370000000000001,0.15300000000000002,28.38,12.96,14.94,27.9,26.38,18.38,438.0,0.252,94.0,21.46,45.0,10.27,0.821,0.2309999999999999,28.75,13.22,13.73,26.95,24.9,18.49,164.0,0.262,33.0,20.12,17.0,10.37,0.775,0.172,24.47,11.06,14.58,25.64,22.77,19.88,401.0,0.29,80.0,19.95,39.0,9.73,0.909,0.259,26.41,12.9,13.22,26.12,27.13,16.13
745168,2024-06-13,2024,665833,L,667463,L,single,False,False,62.0,0.102,23.0,37.1,3.0,4.84,0.348,0.10100000000000002,30.0,14.16,22.32,36.48,35.14,33.82,7.0,0.6,1.0,14.29,2.0,28.57,1.314,0.0,50.0,14.81,18.52,33.33,12.5,14.29,42.0,0.225,7.0,16.67,1.0,2.38,0.662,0.17500000000000002,21.92,11.11,17.36,28.47,30.77,20.0,53.0,0.347,8.0,15.09,3.0,5.66,0.7929999999999999,0.061,23.08,11.6,17.68,29.28,28.75,17.39
745168,2024-06-13,2024,658668,R,667463,L,grounded_into_double_play,False,False,72.0,0.246,19.0,26.39,6.0,8.33,0.7829999999999999,0.23099999999999998,25.68,13.1,14.14,27.24,32.62,21.35,124.0,0.277,21.0,16.94,8.0,6.45,0.857,0.241,23.89,11.66,17.06,28.73,30.49,15.91,45.0,0.22,10.0,22.22,1.0,2.22,0.495,0.048000000000000015,18.92,9.52,19.05,28.57,36.62,33.33,104.0,0.292,12.0,11.54,7.0,6.73,0.722,0.093,20.71,10.06,15.8,25.86,32.8,16.44
745168,2024-06-13,2024,691026,R,656605,R,single,False,False,145.0,0.32,25.0,17.24,11.0,7.59,0.755,0.07100000000000001,16.96,7.93,18.84,26.78,29.17,13.23,100.0,0.161,19.0,19.0,9.0,9.0,0.478,0.0799999999999999,21.56,9.11,22.03,31.14,24.87,14.88,163.0,0.261,26.0,15.95,12.0,7.36,0.692,0.09799999999999998,23.3,10.85,16.86,27.71,28.09,14.77,395.0,0.244,95.0,24.05,18.0,4.56,0.645,0.1069999999999999,21.38,9.92,20.33,30.26,29.0,22.35
745168,2024-06-13,2024,676475,L,656605,R,hit_by_pitch,False,False,151.0,0.306,23.0,15.23,7.0,4.64,0.817,0.173,19.55,11.11,11.66,22.77,34.66,14.65,318.0,0.243,39.0,12.26,21.0,6.6,0.698,0.156,17.66,9.16,14.01,23.17,33.05,13.13,174.0,0.247,48.0,27.59,10.0,5.75,0.713,0.173,22.4,10.85,19.81,30.66,31.51,27.12,430.0,0.253,115.0,26.74,37.0,8.6,0.776,0.202,24.73,12.08,17.13,29.21,25.7,21.9
745168,2024-06-13,2024,502671,R,656605,R,strikeout,True,False,208.0,0.206,68.0,32.69,17.0,8.17,0.6080000000000001,0.12700000000000003,29.45,13.95,19.01,32.96,30.09,20.5,518.0,0.259,120.0,23.17,67.0,12.93,0.8049999999999999,0.187,27.85,12.3,17.85,30.16,25.85,17.44,163.0,0.261,26.0,15.95,12.0,7.36,0.692,0.09799999999999998,23.3,10.85,16.86,27.71,28.09,14.77,395.0,0.244,95.0,24.05,18.0,4.56,0.645,0.1069999999999999,21.38,9.92,20.33,30.26,29.0,22.35
745168,2024-06-13,2024,669357,L,656605,R,strikeout,True,False,166.0,0.224,59.0,35.54,18.0,10.84,0.7989999999999999,0.266,39.94,19.67,14.35,34.02,30.14,26.94,378.0,0.231,124.0,32.8,42.0,11.11,0.7969999999999999,0.2459999999999999,35.96,17.73,12.12,29.85,28.13,25.15,174.0,0.247,48.0,27.59,10.0,5.75,0.713,0.173,22.4,10.85,19.81,30.66,31.51,27.12,430.0,0.253,115.0,26.74,37.0,8.6,0.776,0.202,24.73,12.08,17.13,29.21,25.7,21.9
745168,2024-06-13,2024,571448,R,656605,R,field_out,False,False,212.0,0.277,41.0,19.34,19.0,8.96,0.743,0.122,21.98,9.59,20.23,29.82,29.74,16.67,468.0,0.28,81.0,17.31,31.0,6.62,0.8089999999999999,0.2009999999999999,20.4,9.71,17.28,26.99,33.33,16.43,163.0,0.261,26.0,15.95,12.0,7.36,0.692,0.09799999999999998,23.3,10.85,16.86,27.71,28.09,14.77,395.0,0.244,95.0,24.05,18.0,4.56,0.645,0.1069999999999999,21.38,9.92,20.33,30.26,29.0,22.35
745168,2024-06-13,2024,642133,L,667463,L,field_out,False,False,18.0,0.125,9.0,50.0,2.0,11.11,0.347,0.0,46.67,17.95,21.79,39.74,35.56,34.62,52.0,0.174,13.0,25.0,6.0,11.54,0.53,0.087,20.24,7.8,23.39,31.19,20.39,21.31,42.0,0.225,7.0,16.67,1.0,2.38,0.662,0.17500000000000002,21.92,11.11,17.36,28.47,30.77,20.0,53.0,0.347,8.0,15.09,3.0,5.66,0.7929999999999999,0.061,23.08,11.6,17.68,29.28,28.75,17.39
745168,2024-06-13,2024,669707,R,667463,L,walk,False,True,65.0,0.211,20.0,30.77,7.0,10.77,0.538,0.035,31.75,15.69,12.55,28.24,23.14,28.57,65.0,0.293,20.0,30.77,6.0,9.23,0.7829999999999999,0.121,29.41,12.96,18.15,31.11,29.29,21.28,45.0,0.22,10.0,22.22,1.0,2.22,0.495,0.048000000000000015,18.92,9.52,19.05,28.57,36.62,33.33,104.0,0.292,12.0,11.54,7.0,6.73,0.722,0.093,20.71,10.06,15.8,25.86,32.8,16.44
745168,2024-06-13,2024,669261,L,667463,L,strikeout,True,False,33.0,0.258,15.0,45.45,1.0,3.03,0.668,0.129,33.33,17.65,21.01,38.66,35.56,35.71,132.0,0.2,55.0,41.67,14.0,10.61,0.608,0.1129999999999999,33.49,12.74,21.47,34.21,20.21,31.98,42.0,0.225,7.0,16.67,1.0,2.38,0.662,0.17500000000000002,21.92,11.11,17.36,28.47,30.77,20.0,53.0,0.347,8.0,15.09,3.0,5.66,0.7929999999999999,0.061,23.08,11.6,17.68,29.28,28.75,17.39
745168,2024-06-13,2024,518735,L,688297,R,field_out,False,False,54.0,0.135,11.0,20.37,2.0,3.7,0.45499999999999996,0.15299999999999997,24.0,11.32,23.58,34.91,35.85,17.46,309.0,0.235,61.0,19.74,27.0,8.74,0.636,0.094,22.36,10.08,19.44,29.52,27.06,17.13,19.0,0.333,4.0,21.05,3.0,15.79,1.0739999999999998,0.26699999999999996,28.57,15.38,9.89,25.27,31.25,9.76,,,,,,,,,,,,,,
745168,2024-06-13,2024,680977,L,656605,R,home_run,False,False,190.0,0.232,32.0,16.84,16.0,8.42,0.673,0.12499999999999997,17.38,7.16,20.14,27.3,23.41,15.17,309.0,0.294,43.0,13.92,27.0,8.74,0.831,0.166,14.96,6.32,19.2,25.52,22.53,13.27,174.0,0.247,48.0,27.59,10.0,5.75,0.713,0.173,22.4,10.85,19.81,30.66,31.51,27.12,430.0,0.253,115.0,26.74,37.0,8.6,0.776,0.202,24.73,12.08,17.13,29.21,25.7,21.9
745168,2024-06-13,2024,665877,R,656605,R,field_out,False,False,8.0,0.0,2.0,25.0,2.0,25.0,0.375,0.0,11.11,3.33,30.0,33.33,7.69,16.67,42.0,0.265,6.0,14.29,4.0,9.52,0.669,0.0289999999999999,14.29,5.84,18.83,24.68,21.05,14.63,163.0,0.261,26.0,15.95,12.0,7.36,0.692,0.09799999999999998,23.3,10.85,16.86,27.71,28.09,14.77,395.0,0.244,95.0,24.05,18.0,4.56,0.645,0.1069999999999999,21.38,9.92,20.33,30.26,29.0,22.35
745168,2024-06-13,2024,686780,R,656605,R,field_out,False,False,19.0,0.0,8.0,42.11,4.0,21.05,0.211,0.0,25.0,10.59,20.0,30.59,26.67,28.57,,,,,,,,,,,,,,,163.0,0.261,26.0,15.95,12.0,7.36,0.692,0.09799999999999998,23.3,10.85,16.86,27.71,28.09,14.77,395.0,0.244,95.0,24.05,18.0,4.56,0.645,0.1069999999999999,21.38,9.92,20.33,30.26,29.0,22.35
745168,2024-06-13,2024,672279,L,656605,R,single,False,False,93.0,0.253,24.0,25.81,5.0,5.38,0.629,0.08400000000000002,28.9,14.2,17.9,32.1,28.57,22.86,3.0,0.0,1.0,33.33,0.0,0.0,0.0,0.0,40.0,14.29,21.43,35.71,0.0,50.0,174.0,0.247,48.0,27.59,10.0,5.75,0.713,0.173,22.4,10.85,19.81,30.66,31.51,27.12,430.0,0.253,115.0,26.74,37.0,8.6,0.776,0.202,24.73,12.08,17.13,29.21,25.7,21.9
745168,2024-06-13,2024,691026,R,656605,R,field_out,False,False,145.0,0.32,25.0,17.24,11.0,7.59,0.755,0.07100000000000001,16.96,7.93,18.84,26.78,29.17,13.23,100.0,0.161,19.0,19.0,9.0,9.0,0.478,0.0799999999999999,21.56,9.11,22.03,31.14,24.87,14.88,163.0,0.261,26.0,15.95,12.0,7.36,0.692,0.09799999999999998,23.3,10.85,16.86,27.71,28.09,14.77,395.0,0.244,95.0,24.05,18.0,4.56,0.645,0.1069999999999999,21.38,9.92,20.33,30.26,29.0,22.35
745168,2024-06-13,2024,572191,R,688297,R,single,False,False,94.0,0.198,34.0,36.17,5.0,5.32,0.45999999999999996,0.022999999999999993,39.23,18.49,17.45,35.94,31.15,27.42,276.0,0.206,95.0,34.42,18.0,6.52,0.641,0.171,34.66,17.23,15.91,33.15,32.6,28.53,25.0,0.167,8.0,32.0,1.0,4.0,0.492,0.12499999999999997,25.0,12.66,24.05,36.71,40.0,28.57,,,,,,,,,,,,,,
745168,2024-06-13,2024,663647,R,688297,R,field_out,False,False,139.0,0.206,31.0,22.3,10.0,7.19,0.504,0.032,18.14,7.99,21.44,29.43,27.73,20.81,358.0,0.26,75.0,20.95,22.0,6.15,0.721,0.1559999999999999,21.48,9.63,20.09,29.72,30.19,22.32,25.0,0.167,8.0,32.0,1.0,4.0,0.492,0.12499999999999997,25.0,12.66,24.05,36.71,40.0,28.57,,,,,,,,,,,,,,
745168,2024-06-13,2024,668804,R,669461,L,field_out,False,False,94.0,0.287,19.0,20.21,6.0,6.38,0.8009999999999999,0.184,31.25,15.24,16.62,31.86,31.77,18.27,202.0,0.285,44.0,21.78,8.0,3.96,0.727,0.13,26.99,13.48,13.48,26.96,28.29,18.57,85.0,0.324,15.0,17.65,12.0,14.12,0.966,0.22500000000000003,22.41,11.78,11.78,23.56,27.27,15.31,220.0,0.302,37.0,16.82,24.0,10.91,0.861,0.182,19.22,8.65,16.02,24.68,24.94,17.29
745168,2024-06-13,2024,665833,L,669461,L,field_out,False,False,62.0,0.102,23.0,37.1,3.0,4.84,0.348,0.10100000000000002,30.0,14.16,22.32,36.48,35.14,33.82,7.0,0.6,1.0,14.29,2.0,28.57,1.314,0.0,50.0,14.81,18.52,33.33,12.5,14.29,46.0,0.114,11.0,23.91,2.0,4.35,0.28800000000000003,0.022000000000000006,31.33,14.36,17.68,32.04,21.69,20.75,55.0,0.163,9.0,16.36,1.0,1.82,0.522,0.1229999999999999,16.67,7.21,16.83,24.04,19.19,15.25
745168,2024-06-13,2024,676475,L,677865,L,strikeout,True,False,61.0,0.207,6.0,9.84,2.0,3.28,0.595,0.155,20.83,11.9,10.48,22.38,33.66,12.0,29.0,0.259,6.0,20.69,2.0,6.9,0.606,0.0369999999999999,18.18,9.62,19.23,28.85,41.82,19.35,3.0,0.333,0.0,0.0,0.0,0.0,0.666,0.0,25.0,16.67,16.67,33.33,66.67,,38.0,0.176,10.0,26.32,2.0,5.26,0.508,0.089,28.57,12.08,22.15,34.23,26.92,21.28
745168,2024-06-13,2024,502671,R,677865,L,field_out,False,False,75.0,0.281,15.0,20.0,8.0,10.67,0.745,0.09399999999999997,22.3,9.48,19.27,28.75,25.0,13.04,170.0,0.295,41.0,24.12,20.0,11.76,0.8260000000000001,0.155,26.26,11.0,20.45,31.45,28.73,20.4,7.0,0.25,0.0,0.0,1.0,14.29,0.679,0.0,18.18,8.7,17.39,26.09,30.0,0.0,84.0,0.31,12.0,14.29,9.0,10.71,0.872,0.1689999999999999,22.3,10.4,15.1,25.5,26.35,16.0
745168,2024-06-13,2024,669357,L,677865,L,field_out,False,False,71.0,0.206,23.0,32.39,7.0,9.86,0.715,0.223,33.87,15.79,17.29,33.08,29.77,26.44,86.0,0.26,24.0,27.91,11.0,12.79,0.839,0.2189999999999999,33.77,15.79,17.34,33.13,24.68,27.59,3.0,0.333,0.0,0.0,0.0,0.0,0.666,0.0,25.0,16.67,16.67,33.33,66.67,,38.0,0.176,10.0,26.32,2.0,5.26,0.508,0.089,28.57,12.08,22.15,34.23,26.92,21.28
745168,2024-06-13,2024,658668,R,681676,R,strikeout,True,False,75.0,0.212,11.0,14.67,6.0,8.0,0.553,0.061000000000000026,23.72,12.67,13.36,26.03,34.48,11.46,261.0,0.256,43.0,16.48,14.0,5.36,0.728,0.1649999999999999,22.47,11.51,14.21,25.73,31.17,15.47,64.0,0.25,19.0,29.69,4.0,6.25,0.58,0.032999999999999974,36.22,17.29,15.41,32.71,30.5,22.09,,,,,,,,,,,,,,
745168,2024-06-13,2024,642133,L,681676,R,strikeout,True,False,145.0,0.218,26.0,17.93,10.0,6.9,0.577,0.08299999999999999,20.73,8.78,20.48,29.26,24.46,19.26,300.0,0.223,73.0,24.33,29.0,9.67,0.69,0.173,22.22,8.47,23.11,31.59,24.77,19.95,47.0,0.211,10.0,21.28,5.0,10.64,0.747,0.21,26.67,11.88,14.85,26.73,22.33,17.54,,,,,,,,,,,,,,
745168,2024-06-13,2024,669707,R,681676,R,walk,False,True,152.0,0.216,33.0,21.71,14.0,9.21,0.588,0.08299999999999999,24.41,12.07,15.7,27.77,28.52,14.86,144.0,0.301,43.0,29.86,18.0,12.5,0.786,0.089,33.87,14.74,17.72,32.46,24.23,24.57,64.0,0.25,19.0,29.69,4.0,6.25,0.58,0.032999999999999974,36.22,17.29,15.41,32.71,30.5,22.09,,,,,,,,,,,,,,
745168,2024-06-13,2024,669261,L,681676,R,strikeout,True,False,145.0,0.152,36.0,24.83,19.0,13.1,0.542,0.12800000000000003,23.81,10.96,14.84,25.8,21.68,19.67,404.0,0.232,117.0,28.96,61.0,15.1,0.857,0.271,29.06,11.36,18.81,30.17,17.6,22.37,47.0,0.211,10.0,21.28,5.0,10.64,0.747,0.21,26.67,11.88,14.85,26.73,22.33,17.54,,,,,,,,,,,,,,
745168,2024-06-13,2024,571448,R,676702,R,strikeout,True,False,212.0,0.277,41.0,19.34,19.0,8.96,0.743,0.122,21.98,9.59,20.23,29.82,29.74,16.67,468.0,0.28,81.0,17.31,31.0,6.62,0.8089999999999999,0.2009999999999999,20.4,9.71,17.28,26.99,33.33,16.43,76.0,0.183,17.0,22.37,4.0,5.26,0.5329999999999999,0.11299999999999999,29.94,15.99,14.63,30.61,33.97,16.83,25.0,0.182,5.0,20.0,3.0,12.0,0.5980000000000001,0.136,28.57,16.0,13.0,29.0,39.22,14.29
745168,2024-06-13,2024,680977,L,642701,R,field_out,False,False,190.0,0.232,32.0,16.84,16.0,8.42,0.673,0.12499999999999997,17.38,7.16,20.14,27.3,23.41,15.17,309.0,0.294,43.0,13.92,27.0,8.74,0.831,0.166,14.96,6.32,19.2,25.52,22.53,13.27,33.0,0.143,9.0,27.27,5.0,15.15,0.452,0.036000000000000004,26.67,12.5,14.84,27.34,27.94,28.12,18.0,0.214,3.0,16.67,2.0,11.11,0.619,0.0719999999999999,27.27,14.46,14.46,28.92,30.77,10.34
745168,2024-06-13,2024,666185,L,642701,R,field_out,False,False,29.0,0.154,10.0,34.48,2.0,6.9,0.433,0.038000000000000006,38.71,18.9,13.39,32.28,22.95,23.81,170.0,0.196,37.0,21.76,14.0,8.24,0.592,0.1079999999999999,22.71,10.14,18.91,29.05,25.44,21.14,33.0,0.143,9.0,27.27,5.0,15.15,0.452,0.036000000000000004,26.67,12.5,14.84,27.34,27.94,28.12,18.0,0.214,3.0,16.67,2.0,11.11,0.619,0.0719999999999999,27.27,14.46,14.46,28.92,30.77,10.34
745168,2024-06-13,2024,518735,L,552640,R,field_out,False,False,54.0,0.135,11.0,20.37,2.0,3.7,0.45499999999999996,0.15299999999999997,24.0,11.32,23.58,34.91,35.85,17.46,309.0,0.235,61.0,19.74,27.0,8.74,0.636,0.094,22.36,10.08,19.44,29.52,27.06,17.13,42.0,0.325,14.0,33.33,2.0,4.76,0.907,0.22500000000000003,33.68,19.28,13.25,32.53,38.27,21.21,19.0,0.118,3.0,15.79,2.0,10.53,0.505,0.176,17.02,10.0,11.25,21.25,43.59,8.57
745168,2024-06-13,2024,572191,R,552640,R,field_out,False,False,94.0,0.198,34.0,36.17,5.0,5.32,0.45999999999999996,0.022999999999999993,39.23,18.49,17.45,35.94,31.15,27.42,276.0,0.206,95.0,34.42,18.0,6.52,0.641,0.171,34.66,17.23,15.91,33.15,32.6,28.53,78.0,0.181,17.0,21.79,6.0,7.69,0.563,0.138,24.0,12.86,15.71,28.57,40.97,21.25,31.0,0.333,7.0,22.58,0.0,0.0,0.788,0.0999999999999999,20.0,11.21,15.89,27.1,40.0,22.58
745168,2024-06-13,2024,663647,R,552640,R,single,False,False,139.0,0.206,31.0,22.3,10.0,7.19,0.504,0.032,18.14,7.99,21.44,29.43,27.73,20.81,358.0,0.26,75.0,20.95,22.0,6.15,0.721,0.1559999999999999,21.48,9.63,20.09,29.72,30.19,22.32,78.0,0.181,17.0,21.79,6.0,7.69,0.563,0.138,24.0,12.86,15.71,28.57,40.97,21.25,31.0,0.333,7.0,22.58,0.0,0.0,0.788,0.0999999999999999,20.0,11.21,15.89,27.1,40.0,22.58
745168,2024-06-13,2024,668804,L,552640,R,field_out,False,False,207.0,0.251,43.0,20.77,22.0,10.63,0.7370000000000001,0.15300000000000002,28.38,12.96,14.94,27.9,26.38,18.38,438.0,0.252,94.0,21.46,45.0,10.27,0.821,0.2309999999999999,28.75,13.22,13.73,26.95,24.9,18.49,42.0,0.325,14.0,33.33,2.0,4.76,0.907,0.22500000000000003,33.68,19.28,13.25,32.53,38.27,21.21,19.0,0.118,3.0,15.79,2.0,10.53,0.505,0.176,17.02,10.0,11.25,21.25,43.59,8.57
746299,2024-06-13,2024,683011,R,679525,R,field_out,False,False,240.0,0.279,51.0,21.25,17.0,7.08,0.776,0.15799999999999997,22.43,10.54,19.03,29.57,29.37,18.75,467.0,0.198,132.0,28.27,36.0,7.71,0.624,0.1579999999999999,28.15,13.53,17.49,31.02,29.16,23.4,92.0,0.298,25.0,27.17,8.0,8.7,0.954,0.297,29.75,13.06,19.17,32.22,24.0,24.49,178.0,0.253,44.0,24.72,13.0,7.3,0.827,0.241,31.29,14.44,17.58,32.03,29.05,26.51
746299,2024-06-13,2024,665742,L,679525,R,strikeout,True,False,225.0,0.313,36.0,16.0,39.0,17.33,1.037,0.291,24.86,9.15,18.62,27.77,16.27,14.17,502.0,0.283,81.0,16.14,99.0,19.72,0.98,0.2730000000000001,18.45,6.31,19.31,25.62,15.09,14.14,156.0,0.196,29.0,18.59,9.0,5.77,0.544,0.09799999999999998,19.87,10.12,15.35,25.46,29.72,16.48,164.0,0.28,41.0,25.0,26.0,15.85,0.968,0.281,28.16,12.62,15.32,27.94,28.5,19.62
746299,2024-06-13,2024,592450,R,679525,R,strikeout,True,False,239.0,0.318,56.0,23.43,36.0,15.06,1.141,0.39899999999999997,30.28,13.07,14.55,27.62,18.2,18.6,384.0,0.266,109.0,28.39,77.0,20.05,1.011,0.3339999999999999,36.96,15.02,15.7,30.72,19.29,24.12,92.0,0.298,25.0,27.17,8.0,8.7,0.954,0.297,29.75,13.06,19.17,32.22,24.0,24.49,178.0,0.253,44.0,24.72,13.0,7.3,0.827,0.241,31.29,14.44,17.58,32.03,29.05,26.51
746299,2024-06-13,2024,672580,R,641482,L,field_out,False,False,58.0,0.286,3.0,5.17,1.0,1.72,0.8160000000000001,0.23200000000000004,9.8,4.88,20.98,25.85,30.26,4.92,116.0,0.315,21.0,18.1,5.0,4.31,0.79,0.139,16.58,7.23,23.31,30.54,25.87,18.75,271.0,0.242,63.0,23.25,12.0,4.43,0.7090000000000001,0.188,23.38,11.98,14.84,26.82,28.05,18.9,221.0,0.261,53.0,23.98,18.0,8.14,0.797,0.206,22.32,10.86,15.63,26.5,25.23,18.86
746299,2024-06-13,2024,677951,R,641482,L,field_out,False,False,48.0,0.267,9.0,18.75,2.0,4.17,0.7809999999999999,0.22199999999999998,22.58,11.41,14.67,26.09,37.0,16.36,147.0,0.297,28.0,19.05,7.0,4.76,0.8620000000000001,0.232,24.92,13.58,12.91,26.49,35.1,14.07,271.0,0.242,63.0,23.25,12.0,4.43,0.7090000000000001,0.188,23.38,11.98,14.84,26.82,28.05,18.9,221.0,0.261,53.0,23.98,18.0,8.14,0.797,0.206,22.32,10.86,15.63,26.5,25.23,18.86
746299,2024-06-13,2024,686469,L,641482,L,field_out,False,False,49.0,0.295,6.0,12.24,1.0,2.04,0.738,0.137,20.88,9.95,19.37,29.32,32.98,10.53,72.0,0.233,8.0,11.11,10.0,13.89,0.697,0.1169999999999999,25.44,10.86,18.35,29.21,25.19,14.29,56.0,0.231,15.0,26.79,4.0,7.14,0.574,0.05699999999999997,26.61,14.08,16.02,30.1,24.72,22.73,45.0,0.163,14.0,31.11,2.0,4.44,0.526,0.163,33.71,17.86,19.64,37.5,31.43,22.22
746299,2024-06-13,2024,657077,L,679525,R,field_out,False,False,200.0,0.279,25.0,12.5,13.0,6.5,0.774,0.175,13.14,6.0,19.69,25.68,25.82,11.21,441.0,0.279,66.0,14.97,30.0,6.8,0.793,0.185,15.08,6.28,20.52,26.8,22.64,14.93,156.0,0.196,29.0,18.59,9.0,5.77,0.544,0.09799999999999998,19.87,10.12,15.35,25.46,29.72,16.48,164.0,0.28,41.0,25.0,26.0,15.85,0.968,0.281,28.16,12.62,15.32,27.94,28.5,19.62
746299,2024-06-13,2024,650402,R,679525,R,strikeout,True,False,220.0,0.235,51.0,23.18,19.0,8.64,0.653,0.11199999999999999,25.35,11.77,16.63,28.4,21.98,15.79,544.0,0.273,78.0,14.34,50.0,9.19,0.772,0.1589999999999999,21.74,10.32,15.57,25.89,26.86,11.29,92.0,0.298,25.0,27.17,8.0,8.7,0.954,0.297,29.75,13.06,19.17,32.22,24.0,24.49,178.0,0.253,44.0,24.72,13.0,7.3,0.827,0.241,31.29,14.44,17.58,32.03,29.05,26.51
746299,2024-06-13,2024,519203,L,679525,R,walk,False,True,203.0,0.231,32.0,15.76,13.0,6.4,0.667,0.145,19.18,9.83,15.86,25.69,38.73,14.95,334.0,0.22,86.0,25.75,27.0,8.08,0.6739999999999999,0.146,25.23,12.17,17.7,29.87,34.73,19.95,156.0,0.196,29.0,18.59,9.0,5.77,0.544,0.09799999999999998,19.87,10.12,15.35,25.46,29.72,16.48,164.0,0.28,41.0,25.0,26.0,15.85,0.968,0.281,28.16,12.62,15.32,27.94,28.5,19.62
746299,2024-06-13,2024,518934,R,679525,R,field_out,False,False,33.0,0.222,9.0,27.27,5.0,15.15,0.566,0.0,23.64,10.92,21.01,31.93,31.37,26.47,450.0,0.241,100.0,22.22,45.0,10.0,0.7070000000000001,0.146,19.38,7.76,24.06,31.82,23.84,20.0,92.0,0.298,25.0,27.17,8.0,8.7,0.954,0.297,29.75,13.06,19.17,32.22,24.0,24.49,178.0,0.253,44.0,24.72,13.0,7.3,0.827,0.241,31.29,14.44,17.58,32.03,29.05,26.51
746299,2024-06-13,2024,521692,R,641482,L,strikeout,True,False,63.0,0.321,10.0,15.87,6.0,9.52,0.879,0.16099999999999998,31.45,18.14,10.23,28.37,47.17,17.24,146.0,0.227,35.0,23.97,8.0,5.48,0.6659999999999999,0.144,28.96,17.6,9.44,27.04,51.15,18.82,271.0,0.242,63.0,23.25,12.0,4.43,0.7090000000000001,0.188,23.38,11.98,14.84,26.82,28.05,18.9,221.0,0.261,53.0,23.98,18.0,8.14,0.797,0.206,22.32,10.86,15.63,26.5,25.23,18.86
746299,2024-06-13,2024,676369,R,641482,L,field_out,False,False,62.0,0.245,18.0,29.03,8.0,12.9,0.751,0.15100000000000002,35.48,16.79,12.6,29.39,22.06,22.22,54.0,0.184,15.0,27.78,5.0,9.26,0.708,0.265,29.81,14.62,15.57,30.19,30.09,20.0,271.0,0.242,63.0,23.25,12.0,4.43,0.7090000000000001,0.188,23.38,11.98,14.84,26.82,28.05,18.9,221.0,0.261,53.0,23.98,18.0,8.14,0.797,0.206,22.32,10.86,15.63,26.5,25.23,18.86
746299,2024-06-13,2024,666023,R,641482,L,field_out,False,False,39.0,0.351,6.0,15.38,2.0,5.13,0.871,0.135,29.49,16.31,14.18,30.5,32.81,13.04,66.0,0.262,14.0,21.21,4.0,6.06,0.777,0.197,25.18,13.78,11.42,25.2,29.37,17.28,271.0,0.242,63.0,23.25,12.0,4.43,0.7090000000000001,0.188,23.38,11.98,14.84,26.82,28.05,18.9,221.0,0.261,53.0,23.98,18.0,8.14,0.797,0.206,22.32,10.86,15.63,26.5,25.23,18.86
746299,2024-06-13,2024,669224,L,679525,R,walk,False,True,115.0,0.214,20.0,17.39,13.0,11.3,0.651,0.13299999999999998,28.02,13.39,14.09,27.48,24.78,16.81,69.0,0.25,12.0,17.39,3.0,4.35,0.81,0.281,28.48,16.48,10.99,27.47,38.03,14.46,156.0,0.196,29.0,18.59,9.0,5.77,0.544,0.09799999999999998,19.87,10.12,15.35,25.46,29.72,16.48,164.0,0.28,41.0,25.0,26.0,15.85,0.968,0.281,28.16,12.62,15.32,27.94,28.5,19.62
746299,2024-06-13,2024,663757,L,679525,R,grounded_into_double_play,False,False,56.0,0.093,15.0,26.79,10.0,17.86,0.575,0.209,25.64,8.06,23.39,31.45,6.78,22.39,412.0,0.178,118.0,28.64,56.0,13.59,0.623,0.147,29.65,12.55,17.63,30.18,22.3,21.15,156.0,0.196,29.0,18.59,9.0,5.77,0.544,0.09799999999999998,19.87,10.12,15.35,25.46,29.72,16.48,164.0,0.28,41.0,25.0,26.0,15.85,0.968,0.281,28.16,12.62,15.32,27.94,28.5,19.62
746299,2024-06-13,2024,683011,R,679525,R,field_out,False,False,240.0,0.279,51.0,21.25,17.0,7.08,0.776,0.15799999999999997,22.43,10.54,19.03,29.57,29.37,18.75,467.0,0.198,132.0,28.27,36.0,7.71,0.624,0.1579999999999999,28.15,13.53,17.49,31.02,29.16,23.4,92.0,0.298,25.0,27.17,8.0,8.7,0.954,0.297,29.75,13.06,19.17,32.22,24.0,24.49,178.0,0.253,44.0,24.72,13.0,7.3,0.827,0.241,31.29,14.44,17.58,32.03,29.05,26.51
746299,2024-06-13,2024,680118,R,641482,L,single,False,False,27.0,0.333,6.0,22.22,2.0,7.41,0.968,0.24999999999999994,28.07,14.41,16.22,30.63,30.19,13.95,42.0,0.243,17.0,40.48,4.0,9.52,0.819,0.243,37.65,19.28,12.65,31.93,35.79,32.08,271.0,0.242,63.0,23.25,12.0,4.43,0.7090000000000001,0.188,23.38,11.98,14.84,26.82,28.05,18.9,221.0,0.261,53.0,23.98,18.0,8.14,0.797,0.206,22.32,10.86,15.63,26.5,25.23,18.86
746299,2024-06-13,2024,641658,R,641482,L,grounded_into_double_play,False,False,49.0,0.273,14.0,28.57,4.0,8.16,0.674,0.068,23.6,11.67,13.33,25.0,21.95,29.79,82.0,0.264,22.0,26.83,9.0,10.98,0.707,0.0969999999999999,30.16,12.62,19.93,32.56,26.03,28.95,271.0,0.242,63.0,23.25,12.0,4.43,0.7090000000000001,0.188,23.38,11.98,14.84,26.82,28.05,18.9,221.0,0.261,53.0,23.98,18.0,8.14,0.797,0.206,22.32,10.86,15.63,26.5,25.23,18.86
746299,2024-06-13,2024,664728,L,641482,L,strikeout,True,False,23.0,0.238,6.0,26.09,1.0,4.35,0.59,0.04799999999999999,16.22,6.32,26.32,32.63,27.66,17.14,61.0,0.315,16.0,26.23,5.0,8.2,0.7989999999999999,0.1109999999999999,20.72,9.87,17.17,27.04,27.93,21.05,56.0,0.231,15.0,26.79,4.0,7.14,0.574,0.05699999999999997,26.61,14.08,16.02,30.1,24.72,22.73,45.0,0.163,14.0,31.11,2.0,4.44,0.526,0.163,33.71,17.86,19.64,37.5,31.43,22.22
746299,2024-06-13,2024,665742,L,679525,R,field_out,False,False,225.0,0.313,36.0,16.0,39.0,17.33,1.037,0.291,24.86,9.15,18.62,27.77,16.27,14.17,502.0,0.283,81.0,16.14,99.0,19.72,0.98,0.2730000000000001,18.45,6.31,19.31,25.62,15.09,14.14,156.0,0.196,29.0,18.59,9.0,5.77,0.544,0.09799999999999998,19.87,10.12,15.35,25.46,29.72,16.48,164.0,0.28,41.0,25.0,26.0,15.85,0.968,0.281,28.16,12.62,15.32,27.94,28.5,19.62
746299,2024-06-13,2024,592450,R,679525,R,strikeout,True,False,239.0,0.318,56.0,23.43,36.0,15.06,1.141,0.39899999999999997,30.28,13.07,14.55,27.62,18.2,18.6,384.0,0.266,109.0,28.39,77.0,20.05,1.011,0.3339999999999999,36.96,15.02,15.7,30.72,19.29,24.12,92.0,0.298,25.0,27.17,8.0,8.7,0.954,0.297,29.75,13.06,19.17,32.22,24.0,24.49,178.0,0.253,44.0,24.72,13.0,7.3,0.827,0.241,31.29,14.44,17.58,32.03,29.05,26.51
746299,2024-06-13,2024,657077,L,679525,R,field_out,False,False,200.0,0.279,25.0,12.5,13.0,6.5,0.774,0.175,13.14,6.0,19.69,25.68,25.82,11.21,441.0,0.279,66.0,14.97,30.0,6.8,0.793,0.185,15.08,6.28,20.52,26.8,22.64,14.93,156.0,0.196,29.0,18.59,9.0,5.77,0.544,0.09799999999999998,19.87,10.12,15.35,25.46,29.72,16.48,164.0,0.28,41.0,25.0,26.0,15.85,0.968,0.281,28.16,12.62,15.32,27.94,28.5,19.62
746299,2024-06-13,2024,672580,R,641482,L,walk,False,True,58.0,0.286,3.0,5.17,1.0,1.72,0.8160000000000001,0.23200000000000004,9.8,4.88,20.98,25.85,30.26,4.92,116.0,0.315,21.0,18.1,5.0,4.31,0.79,0.139,16.58,7.23,23.31,30.54,25.87,18.75,271.0,0.242,63.0,23.25,12.0,4.43,0.7090000000000001,0.188,23.38,11.98,14.84,26.82,28.05,18.9,221.0,0.261,53.0,23.98,18.0,8.14,0.797,0.206,22.32,10.86,15.63,26.5,25.23,18.86
746299,2024-06-13,2024,677951,R,641482,L,single,False,False,48.0,0.267,9.0,18.75,2.0,4.17,0.7809999999999999,0.22199999999999998,22.58,11.41,14.67,26.09,37.0,16.36,147.0,0.297,28.0,19.05,7.0,4.76,0.8620000000000001,0.232,24.92,13.58,12.91,26.49,35.1,14.07,271.0,0.242,63.0,23.25,12.0,4.43,0.7090000000000001,0.188,23.38,11.98,14.84,26.82,28.05,18.9,221.0,0.261,53.0,23.98,18.0,8.14,0.797,0.206,22.32,10.86,15.63,26.5,25.23,18.86
746299,2024-06-13,2024,686469,L,641482,L,double,False,False,49.0,0.295,6.0,12.24,1.0,2.04,0.738,0.137,20.88,9.95,19.37,29.32,32.98,10.53,72.0,0.233,8.0,11.11,10.0,13.89,0.697,0.1169999999999999,25.44,10.86,18.35,29.21,25.19,14.29,56.0,0.231,15.0,26.79,4.0,7.14,0.574,0.05699999999999997,26.61,14.08,16.02,30.1,24.72,22.73,45.0,0.163,14.0,31.11,2.0,4.44,0.526,0.163,33.71,17.86,19.64,37.5,31.43,22.22
746299,2024-06-13,2024,521692,R,641482,L,field_out,False,False,63.0,0.321,10.0,15.87,6.0,9.52,0.879,0.16099999999999998,31.45,18.14,10.23,28.37,47.17,17.24,146.0,0.227,35.0,23.97,8.0,5.48,0.6659999999999999,0.144,28.96,17.6,9.44,27.04,51.15,18.82,271.0,0.242,63.0,23.25,12.0,4.43,0.7090000000000001,0.188,23.38,11.98,14.84,26.82,28.05,18.9,221.0,0.261,53.0,23.98,18.0,8.14,0.797,0.206,22.32,10.86,15.63,26.5,25.23,18.86
746299,2024-06-13,2024,676369,R,641482,L,field_out,False,False,62.0,0.245,18.0,29.03,8.0,12.9,0.751,0.15100000000000002,35.48,16.79,12.6,29.39,22.06,22.22,54.0,0.184,15.0,27.78,5.0,9.26,0.708,0.265,29.81,14.62,15.57,30.19,30.09,20.0,271.0,0.242,63.0,23.25,12.0,4.43,0.7090000000000001,0.188,23.38,11.98,14.84,26.82,28.05,18.9,221.0,0.261,53.0,23.98,18.0,8.14,0.797,0.206,22.32,10.86,15.63,26.5,25.23,18.86
746299,2024-06-13,2024,666023,R,641482,L,field_out,False,False,39.0,0.351,6.0,15.38,2.0,5.13,0.871,0.135,29.49,16.31,14.18,30.5,32.81,13.04,66.0,0.262,14.0,21.21,4.0,6.06,0.777,0.197,25.18,13.78,11.42,25.2,29.37,17.28,271.0,0.242,63.0,23.25,12.0,4.43,0.7090000000000001,0.188,23.38,11.98,14.84,26.82,28.05,18.9,221.0,0.261,53.0,23.98,18.0,8.14,0.797,0.206,22.32,10.86,15.63,26.5,25.23,18.86
746299,2024-06-13,2024,650402,R,679525,R,field_out,False,False,220.0,0.235,51.0,23.18,19.0,8.64,0.653,0.11199999999999999,25.35,11.77,16.63,28.4,21.98,15.79,544.0,0.273,78.0,14.34,50.0,9.19,0.772,0.1589999999999999,21.74,10.32,15.57,25.89,26.86,11.29,92.0,0.298,25.0,27.17,8.0,8.7,0.954,0.297,29.75,13.06,19.17,32.22,24.0,24.49,178.0,0.253,44.0,24.72,13.0,7.3,0.827,0.241,31.29,14.44,17.58,32.03,29.05,26.51
746299,2024-06-13,2024,519203,L,679525,R,field_out,False,False,203.0,0.231,32.0,15.76,13.0,6.4,0.667,0.145,19.18,9.83,15.86,25.69,38.73,14.95,334.0,0.22,86.0,25.75,27.0,8.08,0.6739999999999999,0.146,25.23,12.17,17.7,29.87,34.73,19.95,156.0,0.196,29.0,18.59,9.0,5.77,0.544,0.09799999999999998,19.87,10.12,15.35,25.46,29.72,16.48,164.0,0.28,41.0,25.0,26.0,15.85,0.968,0.281,28.16,12.62,15.32,27.94,28.5,19.62
746299,2024-06-13,2024,518934,R,679525,R,field_out,False,False,33.0,0.222,9.0,27.27,5.0,15.15,0.566,0.0,23.64,10.92,21.01,31.93,31.37,26.47,450.0,0.241,100.0,22.22,45.0,10.0,0.7070000000000001,0.146,19.38,7.76,24.06,31.82,23.84,20.0,92.0,0.298,25.0,27.17,8.0,8.7,0.954,0.297,29.75,13.06,19.17,32.22,24.0,24.49,178.0,0.253,44.0,24.72,13.0,7.3,0.827,0.241,31.29,14.44,17.58,32.03,29.05,26.51
746299,2024-06-13,2024,680118,R,641482,L,field_out,False,False,27.0,0.333,6.0,22.22,2.0,7.41,0.968,0.24999999999999994,28.07,14.41,16.22,30.63,30.19,13.95,42.0,0.243,17.0,40.48,4.0,9.52,0.819,0.243,37.65,19.28,12.65,31.93,35.79,32.08,271.0,0.242,63.0,23.25,12.0,4.43,0.7090000000000001,0.188,23.38,11.98,14.84,26.82,28.05,18.9,221.0,0.261,53.0,23.98,18.0,8.14,0.797,0.206,22.32,10.86,15.63,26.5,25.23,18.86
746299,2024-06-13,2024,641658,R,641482,L,double,False,False,49.0,0.273,14.0,28.57,4.0,8.16,0.674,0.068,23.6,11.67,13.33,25.0,21.95,29.79,82.0,0.264,22.0,26.83,9.0,10.98,0.707,0.0969999999999999,30.16,12.62,19.93,32.56,26.03,28.95,271.0,0.242,63.0,23.25,12.0,4.43,0.7090000000000001,0.188,23.38,11.98,14.84,26.82,28.05,18.9,221.0,0.261,53.0,23.98,18.0,8.14,0.797,0.206,22.32,10.86,15.63,26.5,25.23,18.86
746299,2024-06-13,2024,664728,L,641482,L,field_out,False,False,23.0,0.238,6.0,26.09,1.0,4.35,0.59,0.04799999999999999,16.22,6.32,26.32,32.63,27.66,17.14,61.0,0.315,16.0,26.23,5.0,8.2,0.7989999999999999,0.1109999999999999,20.72,9.87,17.17,27.04,27.93,21.05,56.0,0.231,15.0,26.79,4.0,7.14,0.574,0.05699999999999997,26.61,14.08,16.02,30.1,24.72,22.73,45.0,0.163,14.0,31.11,2.0,4.44,0.526,0.163,33.71,17.86,19.64,37.5,31.43,22.22
746299,2024-06-13,2024,672580,R,641482,L,field_out,False,False,58.0,0.286,3.0,5.17,1.0,1.72,0.8160000000000001,0.23200000000000004,9.8,4.88,20.98,25.85,30.26,4.92,116.0,0.315,21.0,18.1,5.0,4.31,0.79,0.139,16.58,7.23,23.31,30.54,25.87,18.75,271.0,0.242,63.0,23.25,12.0,4.43,0.7090000000000001,0.188,23.38,11.98,14.84,26.82,28.05,18.9,221.0,0.261,53.0,23.98,18.0,8.14,0.797,0.206,22.32,10.86,15.63,26.5,25.23,18.86
746299,2024-06-13,2024,669224,L,679525,R,field_out,False,False,115.0,0.214,20.0,17.39,13.0,11.3,0.651,0.13299999999999998,28.02,13.39,14.09,27.48,24.78,16.81,69.0,0.25,12.0,17.39,3.0,4.35,0.81,0.281,28.48,16.48,10.99,27.47,38.03,14.46,156.0,0.196,29.0,18.59,9.0,5.77,0.544,0.09799999999999998,19.87,10.12,15.35,25.46,29.72,16.48,164.0,0.28,41.0,25.0,26.0,15.85,0.968,0.281,28.16,12.62,15.32,27.94,28.5,19.62
746299,2024-06-13,2024,663757,L,679525,R,field_out,False,False,56.0,0.093,15.0,26.79,10.0,17.86,0.575,0.209,25.64,8.06,23.39,31.45,6.78,22.39,412.0,0.178,118.0,28.64,56.0,13.59,0.623,0.147,29.65,12.55,17.63,30.18,22.3,21.15,156.0,0.196,29.0,18.59,9.0,5.77,0.544,0.09799999999999998,19.87,10.12,15.35,25.46,29.72,16.48,164.0,0.28,41.0,25.0,26.0,15.85,0.968,0.281,28.16,12.62,15.32,27.94,28.5,19.62
746299,2024-06-13,2024,683011,R,679525,R,strikeout,True,False,240.0,0.279,51.0,21.25,17.0,7.08,0.776,0.15799999999999997,22.43,10.54,19.03,29.57,29.37,18.75,467.0,0.198,132.0,28.27,36.0,7.71,0.624,0.1579999999999999,28.15,13.53,17.49,31.02,29.16,23.4,92.0,0.298,25.0,27.17,8.0,8.7,0.954,0.297,29.75,13.06,19.17,32.22,24.0,24.49,178.0,0.253,44.0,24.72,13.0,7.3,0.827,0.241,31.29,14.44,17.58,32.03,29.05,26.51
746299,2024-06-13,2024,677951,R,641482,L,single,False,False,48.0,0.267,9.0,18.75,2.0,4.17,0.7809999999999999,0.22199999999999998,22.58,11.41,14.67,26.09,37.0,16.36,147.0,0.297,28.0,19.05,7.0,4.76,0.8620000000000001,0.232,24.92,13.58,12.91,26.49,35.1,14.07,271.0,0.242,63.0,23.25,12.0,4.43,0.7090000000000001,0.188,23.38,11.98,14.84,26.82,28.05,18.9,221.0,0.261,53.0,23.98,18.0,8.14,0.797,0.206,22.32,10.86,15.63,26.5,25.23,18.86
746299,2024-06-13,2024,686469,L,641482,L,field_out,False,False,49.0,0.295,6.0,12.24,1.0,2.04,0.738,0.137,20.88,9.95,19.37,29.32,32.98,10.53,72.0,0.233,8.0,11.11,10.0,13.89,0.697,0.1169999999999999,25.44,10.86,18.35,29.21,25.19,14.29,56.0,0.231,15.0,26.79,4.0,7.14,0.574,0.05699999999999997,26.61,14.08,16.02,30.1,24.72,22.73,45.0,0.163,14.0,31.11,2.0,4.44,0.526,0.163,33.71,17.86,19.64,37.5,31.43,22.22
746299,2024-06-13,2024,521692,R,641482,L,field_out,False,False,63.0,0.321,10.0,15.87,6.0,9.52,0.879,0.16099999999999998,31.45,18.14,10.23,28.37,47.17,17.24,146.0,0.227,35.0,23.97,8.0,5.48,0.6659999999999999,0.144,28.96,17.6,9.44,27.04,51.15,18.82,271.0,0.242,63.0,23.25,12.0,4.43,0.7090000000000001,0.188,23.38,11.98,14.84,26.82,28.05,18.9,221.0,0.261,53.0,23.98,18.0,8.14,0.797,0.206,22.32,10.86,15.63,26.5,25.23,18.86
746299,2024-06-13,2024,665742,L,679525,R,single,False,False,225.0,0.313,36.0,16.0,39.0,17.33,1.037,0.291,24.86,9.15,18.62,27.77,16.27,14.17,502.0,0.283,81.0,16.14,99.0,19.72,0.98,0.2730000000000001,18.45,6.31,19.31,25.62,15.09,14.14,156.0,0.196,29.0,18.59,9.0,5.77,0.544,0.09799999999999998,19.87,10.12,15.35,25.46,29.72,16.48,164.0,0.28,41.0,25.0,26.0,15.85,0.968,0.281,28.16,12.62,15.32,27.94,28.5,19.62
746299,2024-06-13,2024,592450,R,679525,R,strikeout,True,False,239.0,0.318,56.0,23.43,36.0,15.06,1.141,0.39899999999999997,30.28,13.07,14.55,27.62,18.2,18.6,384.0,0.266,109.0,28.39,77.0,20.05,1.011,0.3339999999999999,36.96,15.02,15.7,30.72,19.29,24.12,92.0,0.298,25.0,27.17,8.0,8.7,0.954,0.297,29.75,13.06,19.17,32.22,24.0,24.49,178.0,0.253,44.0,24.72,13.0,7.3,0.827,0.241,31.29,14.44,17.58,32.03,29.05,26.51
746299,2024-06-13,2024,657077,L,679525,R,strikeout,True,False,200.0,0.279,25.0,12.5,13.0,6.5,0.774,0.175,13.14,6.0,19.69,25.68,25.82,11.21,441.0,0.279,66.0,14.97,30.0,6.8,0.793,0.185,15.08,6.28,20.52,26.8,22.64,14.93,156.0,0.196,29.0,18.59,9.0,5.77,0.544,0.09799999999999998,19.87,10.12,15.35,25.46,29.72,16.48,164.0,0.28,41.0,25.0,26.0,15.85,0.968,0.281,28.16,12.62,15.32,27.94,28.5,19.62
746299,2024-06-13,2024,650402,R,679525,R,field_out,False,False,220.0,0.235,51.0,23.18,19.0,8.64,0.653,0.11199999999999999,25.35,11.77,16.63,28.4,21.98,15.79,544.0,0.273,78.0,14.34,50.0,9.19,0.772,0.1589999999999999,21.74,10.32,15.57,25.89,26.86,11.29,92.0,0.298,25.0,27.17,8.0,8.7,0.954,0.297,29.75,13.06,19.17,32.22,24.0,24.49,178.0,0.253,44.0,24.72,13.0,7.3,0.827,0.241,31.29,14.44,17.58,32.03,29.05,26.51
746299,2024-06-13,2024,676369,R,641482,L,field_out,False,False,62.0,0.245,18.0,29.03,8.0,12.9,0.751,0.15100000000000002,35.48,16.79,12.6,29.39,22.06,22.22,54.0,0.184,15.0,27.78,5.0,9.26,0.708,0.265,29.81,14.62,15.57,30.19,30.09,20.0,271.0,0.242,63.0,23.25,12.0,4.43,0.7090000000000001,0.188,23.38,11.98,14.84,26.82,28.05,18.9,221.0,0.261,53.0,23.98,18.0,8.14,0.797,0.206,22.32,10.86,15.63,26.5,25.23,18.86
746299,2024-06-13,2024,666023,R,641482,L,single,False,False,39.0,0.351,6.0,15.38,2.0,5.13,0.871,0.135,29.49,16.31,14.18,30.5,32.81,13.04,66.0,0.262,14.0,21.21,4.0,6.06,0.777,0.197,25.18,13.78,11.42,25.2,29.37,17.28,271.0,0.242,63.0,23.25,12.0,4.43,0.7090000000000001,0.188,23.38,11.98,14.84,26.82,28.05,18.9,221.0,0.261,53.0,23.98,18.0,8.14,0.797,0.206,22.32,10.86,15.63,26.5,25.23,18.86
746299,2024-06-13,2024,680118,R,641482,L,field_out,False,False,27.0,0.333,6.0,22.22,2.0,7.41,0.968,0.24999999999999994,28.07,14.41,16.22,30.63,30.19,13.95,42.0,0.243,17.0,40.48,4.0,9.52,0.819,0.243,37.65,19.28,12.65,31.93,35.79,32.08,271.0,0.242,63.0,23.25,12.0,4.43,0.7090000000000001,0.188,23.38,11.98,14.84,26.82,28.05,18.9,221.0,0.261,53.0,23.98,18.0,8.14,0.797,0.206,22.32,10.86,15.63,26.5,25.23,18.86
746299,2024-06-13,2024,641658,R,641482,L,walk,False,True,49.0,0.273,14.0,28.57,4.0,8.16,0.674,0.068,23.6,11.67,13.33,25.0,21.95,29.79,82.0,0.264,22.0,26.83,9.0,10.98,0.707,0.0969999999999999,30.16,12.62,19.93,32.56,26.03,28.95,271.0,0.242,63.0,23.25,12.0,4.43,0.7090000000000001,0.188,23.38,11.98,14.84,26.82,28.05,18.9,221.0,0.261,53.0,23.98,18.0,8.14,0.797,0.206,22.32,10.86,15.63,26.5,25.23,18.86
746299,2024-06-13,2024,664728,L,641482,L,field_out,False,False,23.0,0.238,6.0,26.09,1.0,4.35,0.59,0.04799999999999999,16.22,6.32,26.32,32.63,27.66,17.14,61.0,0.315,16.0,26.23,5.0,8.2,0.7989999999999999,0.1109999999999999,20.72,9.87,17.17,27.04,27.93,21.05,56.0,0.231,15.0,26.79,4.0,7.14,0.574,0.05699999999999997,26.61,14.08,16.02,30.1,24.72,22.73,45.0,0.163,14.0,31.11,2.0,4.44,0.526,0.163,33.71,17.86,19.64,37.5,31.43,22.22
746299,2024-06-13,2024,519203,L,670167,R,home_run,False,False,203.0,0.231,32.0,15.76,13.0,6.4,0.667,0.145,19.18,9.83,15.86,25.69,38.73,14.95,334.0,0.22,86.0,25.75,27.0,8.08,0.6739999999999999,0.146,25.23,12.17,17.7,29.87,34.73,19.95,59.0,0.327,6.0,10.17,4.0,6.78,0.8320000000000001,0.11499999999999999,16.67,8.88,12.62,21.5,29.41,8.45,79.0,0.3,16.0,20.25,15.0,18.99,0.989,0.233,22.22,9.17,16.51,25.69,22.49,17.58
746299,2024-06-13,2024,518934,R,670167,R,field_out,False,False,33.0,0.222,9.0,27.27,5.0,15.15,0.566,0.0,23.64,10.92,21.01,31.93,31.37,26.47,450.0,0.241,100.0,22.22,45.0,10.0,0.7070000000000001,0.146,19.38,7.76,24.06,31.82,23.84,20.0,58.0,0.173,13.0,22.41,4.0,6.9,0.433,0.019000000000000017,19.79,8.05,19.92,27.97,21.6,20.63,125.0,0.204,37.0,29.6,10.0,8.0,0.599,0.123,25.88,11.73,19.48,31.21,28.85,22.42
746299,2024-06-13,2024,669224,L,670167,R,field_error,False,False,115.0,0.214,20.0,17.39,13.0,11.3,0.651,0.13299999999999998,28.02,13.39,14.09,27.48,24.78,16.81,69.0,0.25,12.0,17.39,3.0,4.35,0.81,0.281,28.48,16.48,10.99,27.47,38.03,14.46,59.0,0.327,6.0,10.17,4.0,6.78,0.8320000000000001,0.11499999999999999,16.67,8.88,12.62,21.5,29.41,8.45,79.0,0.3,16.0,20.25,15.0,18.99,0.989,0.233,22.22,9.17,16.51,25.69,22.49,17.58
746299,2024-06-13,2024,663757,L,670167,R,single,False,False,56.0,0.093,15.0,26.79,10.0,17.86,0.575,0.209,25.64,8.06,23.39,31.45,6.78,22.39,412.0,0.178,118.0,28.64,56.0,13.59,0.623,0.147,29.65,12.55,17.63,30.18,22.3,21.15,59.0,0.327,6.0,10.17,4.0,6.78,0.8320000000000001,0.11499999999999999,16.67,8.88,12.62,21.5,29.41,8.45,79.0,0.3,16.0,20.25,15.0,18.99,0.989,0.233,22.22,9.17,16.51,25.69,22.49,17.58
746299,2024-06-13,2024,683011,R,670167,R,field_out,False,False,240.0,0.279,51.0,21.25,17.0,7.08,0.776,0.15799999999999997,22.43,10.54,19.03,29.57,29.37,18.75,467.0,0.198,132.0,28.27,36.0,7.71,0.624,0.1579999999999999,28.15,13.53,17.49,31.02,29.16,23.4,58.0,0.173,13.0,22.41,4.0,6.9,0.433,0.019000000000000017,19.79,8.05,19.92,27.97,21.6,20.63,125.0,0.204,37.0,29.6,10.0,8.0,0.599,0.123,25.88,11.73,19.48,31.21,28.85,22.42
746299,2024-06-13,2024,665742,L,672582,L,single,False,False,79.0,0.328,12.0,15.19,12.0,15.19,0.992,0.23400000000000004,16.67,6.15,21.85,28.0,17.5,12.5,207.0,0.256,48.0,23.19,33.0,15.94,0.813,0.18,25.32,9.65,20.51,30.16,20.61,20.17,41.0,0.237,13.0,31.71,1.0,2.44,0.505,0.0,15.71,6.55,25.0,31.55,24.64,25.49,48.0,0.196,11.0,22.92,2.0,4.17,0.4679999999999999,0.0429999999999999,19.77,9.44,18.33,27.78,22.37,20.37
746299,2024-06-13,2024,672580,R,596133,R,field_out,False,False,251.0,0.242,44.0,17.53,20.0,7.97,0.636,0.09300000000000003,18.89,8.33,20.3,28.63,21.62,16.3,400.0,0.258,94.0,23.5,33.0,8.25,0.648,0.071,20.3,8.71,19.59,28.3,19.12,19.96,85.0,0.156,19.0,22.35,3.0,3.53,0.501,0.143,23.89,13.35,12.42,25.78,34.27,15.65,294.0,0.319,60.0,20.41,15.0,5.1,0.948,0.2709999999999999,21.2,10.46,15.26,25.72,26.0,16.13
746299,2024-06-13,2024,677951,R,596133,R,walk,False,True,259.0,0.338,43.0,16.6,20.0,7.72,0.967,0.23899999999999993,23.87,11.69,14.21,25.91,28.99,16.86,547.0,0.27,93.0,17.0,33.0,6.03,0.8,0.2149999999999999,22.15,10.87,15.53,26.4,29.62,14.44,85.0,0.156,19.0,22.35,3.0,3.53,0.501,0.143,23.89,13.35,12.42,25.78,34.27,15.65,294.0,0.319,60.0,20.41,15.0,5.1,0.948,0.2709999999999999,21.2,10.46,15.26,25.72,26.0,16.13
746299,2024-06-13,2024,686469,L,596133,R,walk,False,True,219.0,0.226,30.0,13.7,24.0,10.96,0.742,0.19899999999999998,12.91,5.78,15.99,21.77,27.91,12.71,188.0,0.251,23.0,12.23,15.0,7.98,0.784,0.217,14.85,7.02,17.48,24.5,34.8,10.0,71.0,0.156,23.0,32.39,5.0,7.04,0.506,0.12500000000000003,35.71,17.01,17.69,34.69,34.55,25.84,270.0,0.281,49.0,18.15,25.0,9.26,0.873,0.244,22.2,9.96,16.57,26.54,23.79,17.13
746299,2024-06-13,2024,521692,R,596133,R,field_out,False,False,211.0,0.296,37.0,17.54,18.0,8.53,0.865,0.193,24.71,13.86,9.11,22.98,42.26,14.51,437.0,0.264,100.0,22.88,11.0,2.52,0.73,0.174,30.72,18.16,9.73,27.89,45.56,22.08,85.0,0.156,19.0,22.35,3.0,3.53,0.501,0.143,23.89,13.35,12.42,25.78,34.27,15.65,294.0,0.319,60.0,20.41,15.0,5.1,0.948,0.2709999999999999,21.2,10.46,15.26,25.72,26.0,16.13
746299,2024-06-13,2024,676369,R,596133,R,strikeout,True,False,148.0,0.193,41.0,27.7,9.0,6.08,0.635,0.192,36.78,16.9,16.02,32.92,27.74,24.4,125.0,0.257,36.0,28.8,9.0,7.2,0.966,0.389,35.34,17.89,12.6,30.49,29.12,21.95,85.0,0.156,19.0,22.35,3.0,3.53,0.501,0.143,23.89,13.35,12.42,25.78,34.27,15.65,294.0,0.319,60.0,20.41,15.0,5.1,0.948,0.2709999999999999,21.2,10.46,15.26,25.72,26.0,16.13
746299,2024-06-13,2024,592450,R,663704,R,strikeout,True,False,239.0,0.318,56.0,23.43,36.0,15.06,1.141,0.39899999999999997,30.28,13.07,14.55,27.62,18.2,18.6,384.0,0.266,109.0,28.39,77.0,20.05,1.011,0.3339999999999999,36.96,15.02,15.7,30.72,19.29,24.12,65.0,0.283,10.0,15.38,4.0,6.15,0.795,0.18400000000000005,29.2,13.47,17.55,31.02,28.68,14.49,52.0,0.22,13.0,25.0,1.0,1.92,0.531,0.0799999999999999,27.06,12.64,23.08,35.71,30.59,28.26
746299,2024-06-13,2024,657077,L,663704,R,field_out,False,False,200.0,0.279,25.0,12.5,13.0,6.5,0.774,0.175,13.14,6.0,19.69,25.68,25.82,11.21,441.0,0.279,66.0,14.97,30.0,6.8,0.793,0.185,15.08,6.28,20.52,26.8,22.64,14.93,55.0,0.327,14.0,25.45,1.0,1.82,0.8260000000000001,0.135,29.47,14.36,22.05,36.41,31.91,27.45,38.0,0.257,10.0,26.32,1.0,2.63,0.8599999999999999,0.3139999999999999,22.37,10.69,20.75,31.45,29.17,20.0
746299,2024-06-13,2024,650402,R,663704,R,double,False,False,220.0,0.235,51.0,23.18,19.0,8.64,0.653,0.11199999999999999,25.35,11.77,16.63,28.4,21.98,15.79,544.0,0.273,78.0,14.34,50.0,9.19,0.772,0.1589999999999999,21.74,10.32,15.57,25.89,26.86,11.29,65.0,0.283,10.0,15.38,4.0,6.15,0.795,0.18400000000000005,29.2,13.47,17.55,31.02,28.68,14.49,52.0,0.22,13.0,25.0,1.0,1.92,0.531,0.0799999999999999,27.06,12.64,23.08,35.71,30.59,28.26
746299,2024-06-13,2024,519203,L,663704,R,field_out,False,False,203.0,0.231,32.0,15.76,13.0,6.4,0.667,0.145,19.18,9.83,15.86,25.69,38.73,14.95,334.0,0.22,86.0,25.75,27.0,8.08,0.6739999999999999,0.146,25.23,12.17,17.7,29.87,34.73,19.95,55.0,0.327,14.0,25.45,1.0,1.82,0.8260000000000001,0.135,29.47,14.36,22.05,36.41,31.91,27.45,38.0,0.257,10.0,26.32,1.0,2.63,0.8599999999999999,0.3139999999999999,22.37,10.69,20.75,31.45,29.17,20.0
746299,2024-06-13,2024,666023,R,605280,R,field_out,False,False,83.0,0.273,17.0,20.48,6.0,7.23,0.6890000000000001,0.09099999999999997,24.16,13.07,13.37,26.44,34.15,15.89,169.0,0.288,36.0,21.3,9.0,5.33,0.785,0.174,23.9,13.04,10.79,23.84,30.17,16.22,68.0,0.233,19.0,27.94,6.0,8.82,0.607,0.04999999999999996,33.04,13.41,24.64,38.04,21.74,19.39,148.0,0.231,45.0,30.41,11.0,7.43,0.603,0.0749999999999999,28.02,12.29,20.82,33.11,26.21,24.32
746299,2024-06-13,2024,671221,L,605280,R,single,False,False,4.0,0.0,2.0,50.0,0.0,0.0,0.0,0.0,37.5,17.65,11.76,29.41,12.5,66.67,251.0,0.236,80.0,31.87,20.0,7.97,0.7070000000000001,0.164,32.23,16.65,13.42,30.07,31.53,25.08,56.0,0.264,10.0,17.86,2.0,3.57,0.55,0.0,23.4,11.52,19.37,30.89,37.25,18.87,114.0,0.2,26.0,22.81,12.0,10.53,0.5589999999999999,0.07,23.83,10.48,19.36,29.84,22.22,21.67
746299,2024-06-13,2024,669004,L,605280,R,force_out,False,False,169.0,0.161,45.0,26.63,13.0,7.69,0.605,0.213,29.97,15.42,11.6,27.01,26.89,17.44,459.0,0.239,122.0,26.58,55.0,11.98,0.752,0.181,32.7,15.24,15.56,30.8,24.84,20.68,56.0,0.264,10.0,17.86,2.0,3.57,0.55,0.0,23.4,11.52,19.37,30.89,37.25,18.87,114.0,0.2,26.0,22.81,12.0,10.53,0.5589999999999999,0.07,23.83,10.48,19.36,29.84,22.22,21.67
746299,2024-06-13,2024,664728,L,605280,R,single,False,False,159.0,0.228,25.0,15.72,10.0,6.29,0.642,0.13799999999999998,17.06,7.83,20.77,28.6,31.97,17.86,253.0,0.223,43.0,17.0,12.0,4.74,0.631,0.147,20.48,9.51,19.8,29.31,28.6,18.78,56.0,0.264,10.0,17.86,2.0,3.57,0.55,0.0,23.4,11.52,19.37,30.89,37.25,18.87,114.0,0.2,26.0,22.81,12.0,10.53,0.5589999999999999,0.07,23.83,10.48,19.36,29.84,22.22,21.67
746299,2024-06-13,2024,672580,R,605280,R,double,False,False,251.0,0.242,44.0,17.53,20.0,7.97,0.636,0.09300000000000003,18.89,8.33,20.3,28.63,21.62,16.3,400.0,0.258,94.0,23.5,33.0,8.25,0.648,0.071,20.3,8.71,19.59,28.3,19.12,19.96,68.0,0.233,19.0,27.94,6.0,8.82,0.607,0.04999999999999996,33.04,13.41,24.64,38.04,21.74,19.39,148.0,0.231,45.0,30.41,11.0,7.43,0.603,0.0749999999999999,28.02,12.29,20.82,33.11,26.21,24.32
746465,2024-06-13,2024,682928,L,663554,R,field_out,False,False,195.0,0.211,40.0,20.51,13.0,6.67,0.704,0.218,23.69,13.01,12.88,25.89,41.07,17.17,446.0,0.274,78.0,17.49,24.0,5.38,0.786,0.19,21.76,11.82,12.69,24.5,35.86,16.63,132.0,0.252,20.0,15.15,13.0,9.85,0.702,0.122,22.32,9.81,17.92,27.74,22.69,12.35,,,,,,,,,,,,,,
746465,2024-06-13,2024,657041,R,663554,R,field_out,False,False,116.0,0.184,29.0,25.0,10.0,8.62,0.5509999999999999,0.11699999999999999,21.99,9.05,21.12,30.17,20.17,20.57,490.0,0.242,143.0,29.18,23.0,4.69,0.719,0.185,26.09,11.34,20.58,31.92,28.6,24.48,133.0,0.336,19.0,14.29,5.0,3.76,0.83,0.13299999999999995,18.18,9.58,14.17,23.75,28.63,11.05,,,,,,,,,,,,,,
746465,2024-06-13,2024,608385,L,663554,R,strikeout,True,False,178.0,0.281,38.0,21.35,25.0,14.04,0.8260000000000001,0.14399999999999996,22.53,9.54,16.86,26.41,18.72,14.67,184.0,0.2,46.0,25.0,24.0,13.04,0.5660000000000001,0.0449999999999999,25.91,11.04,17.01,28.05,20.4,17.9,132.0,0.252,20.0,15.15,13.0,9.85,0.702,0.122,22.32,9.81,17.92,27.74,22.69,12.35,,,,,,,,,,,,,,
746465,2024-06-13,2024,663837,R,571578,L,field_out,False,False,65.0,0.295,12.0,18.46,3.0,4.62,0.7,0.08200000000000002,14.29,6.56,20.08,26.64,24.6,16.9,147.0,0.264,20.0,13.61,15.0,10.2,0.6990000000000001,0.0929999999999999,14.72,6.63,19.9,26.53,28.37,10.75,250.0,0.316,32.0,12.8,18.0,7.2,0.9349999999999999,0.25699999999999995,20.05,10.01,13.92,23.94,27.88,14.68,650.0,0.301,100.0,15.38,47.0,7.23,0.851,0.2,20.83,9.45,15.49,24.94,26.53,15.87
746465,2024-06-13,2024,628451,R,571578,L,field_out,False,False,58.0,0.333,12.0,20.69,1.0,1.72,0.845,0.16699999999999998,30.77,17.56,11.22,28.78,39.45,24.49,118.0,0.261,24.0,20.34,6.0,5.08,0.8200000000000001,0.262,23.36,12.59,13.85,26.45,37.13,23.53,250.0,0.316,32.0,12.8,18.0,7.2,0.9349999999999999,0.25699999999999995,20.05,10.01,13.92,23.94,27.88,14.68,650.0,0.301,100.0,15.38,47.0,7.23,0.851,0.2,20.83,9.45,15.49,24.94,26.53,15.87
746465,2024-06-13,2024,592192,R,571578,L,single,False,False,55.0,0.244,13.0,23.64,9.0,16.36,0.849,0.22300000000000003,27.0,10.59,19.61,30.2,16.67,14.44,168.0,0.264,23.0,13.69,21.0,12.5,0.825,0.2,17.23,7.09,21.84,28.93,23.86,9.54,250.0,0.316,32.0,12.8,18.0,7.2,0.9349999999999999,0.25699999999999995,20.05,10.01,13.92,23.94,27.88,14.68,650.0,0.301,100.0,15.38,47.0,7.23,0.851,0.2,20.83,9.45,15.49,24.94,26.53,15.87
746465,2024-06-13,2024,682985,L,571578,L,field_out,False,False,62.0,0.175,17.0,27.42,4.0,6.45,0.581,0.176,23.93,10.94,20.31,31.25,23.64,18.28,93.0,0.279,30.0,32.26,7.0,7.53,0.6930000000000001,0.0809999999999999,30.96,15.64,16.92,32.56,32.98,21.74,72.0,0.339,12.0,16.67,9.0,12.5,0.917,0.16099999999999998,19.83,8.39,17.15,25.55,23.08,17.39,141.0,0.254,24.0,17.02,10.0,7.09,0.706,0.135,23.55,10.9,17.21,28.11,30.04,16.44
746465,2024-06-13,2024,592696,L,663554,R,field_out,False,False,169.0,0.184,43.0,25.44,10.0,5.92,0.605,0.189,29.41,15.04,15.19,30.23,35.13,20.87,449.0,0.258,104.0,23.16,29.0,6.46,0.762,0.199,29.98,17.01,12.43,29.45,43.87,20.59,132.0,0.252,20.0,15.15,13.0,9.85,0.702,0.122,22.32,9.81,17.92,27.74,22.69,12.35,,,,,,,,,,,,,,
746465,2024-06-13,2024,608841,R,663554,R,double,False,False,161.0,0.266,28.0,17.39,11.0,6.83,0.671,0.08399999999999996,21.12,10.6,13.25,23.84,28.15,16.0,471.0,0.268,97.0,20.59,28.0,5.94,0.7030000000000001,0.12,23.85,11.18,18.94,30.12,30.48,17.38,133.0,0.336,19.0,14.29,5.0,3.76,0.83,0.13299999999999995,18.18,9.58,14.17,23.75,28.63,11.05,,,,,,,,,,,,,,
746465,2024-06-13,2024,671277,L,663554,R,field_out,False,False,176.0,0.286,28.0,15.91,8.0,4.55,0.753,0.14900000000000002,22.04,11.39,15.35,26.73,35.35,17.5,355.0,0.268,44.0,12.39,23.0,6.48,0.6950000000000001,0.1129999999999999,17.54,8.86,13.52,22.38,31.84,12.54,132.0,0.252,20.0,15.15,13.0,9.85,0.702,0.122,22.32,9.81,17.92,27.74,22.69,12.35,,,,,,,,,,,,,,
746465,2024-06-13,2024,545121,L,663554,R,field_out,False,False,84.0,0.246,5.0,5.95,9.0,10.71,0.633,0.057999999999999996,10.26,4.17,21.18,25.35,22.76,8.2,179.0,0.226,11.0,6.15,15.0,8.38,0.58,0.0629999999999999,13.38,5.9,20.34,26.24,25.61,7.28,132.0,0.252,20.0,15.15,13.0,9.85,0.702,0.122,22.32,9.81,17.92,27.74,22.69,12.35,,,,,,,,,,,,,,
746465,2024-06-13,2024,570482,R,571578,L,walk,False,True,39.0,0.211,8.0,20.51,1.0,2.56,0.46799999999999997,0.025999999999999995,19.18,11.48,12.3,23.77,41.94,28.57,53.0,0.373,6.0,11.32,1.0,1.89,0.867,0.1169999999999999,13.56,7.96,11.94,19.9,44.55,8.82,250.0,0.316,32.0,12.8,18.0,7.2,0.9349999999999999,0.25699999999999995,20.05,10.01,13.92,23.94,27.88,14.68,650.0,0.301,100.0,15.38,47.0,7.23,0.851,0.2,20.83,9.45,15.49,24.94,26.53,15.87
746465,2024-06-13,2024,669234,R,571578,L,hit_by_pitch,False,False,4.0,0.0,2.0,50.0,1.0,25.0,0.25,0.0,33.33,12.0,12.0,24.0,13.33,28.57,,,,,,,,,,,,,,,250.0,0.316,32.0,12.8,18.0,7.2,0.9349999999999999,0.25699999999999995,20.05,10.01,13.92,23.94,27.88,14.68,650.0,0.301,100.0,15.38,47.0,7.23,0.851,0.2,20.83,9.45,15.49,24.94,26.53,15.87
746465,2024-06-13,2024,672761,R,571578,L,strikeout,True,False,43.0,0.325,9.0,20.93,3.0,6.98,0.847,0.14999999999999997,14.46,7.27,13.94,21.21,32.58,17.31,,,,,,,,,,,,,,,250.0,0.316,32.0,12.8,18.0,7.2,0.9349999999999999,0.25699999999999995,20.05,10.01,13.92,23.94,27.88,14.68,650.0,0.301,100.0,15.38,47.0,7.23,0.851,0.2,20.83,9.45,15.49,24.94,26.53,15.87
746465,2024-06-13,2024,668670,R,571578,L,grounded_into_double_play,False,False,40.0,0.2,10.0,25.0,5.0,12.5,0.643,0.14300000000000002,32.35,14.1,17.95,32.05,22.22,27.78,108.0,0.235,34.0,31.48,8.0,7.41,0.8600000000000001,0.326,32.64,14.72,17.76,32.48,23.9,29.06,250.0,0.316,32.0,12.8,18.0,7.2,0.9349999999999999,0.25699999999999995,20.05,10.01,13.92,23.94,27.88,14.68,650.0,0.301,100.0,15.38,47.0,7.23,0.851,0.2,20.83,9.45,15.49,24.94,26.53,15.87
746465,2024-06-13,2024,686452,L,663554,R,strikeout,True,False,10.0,0.125,1.0,10.0,1.0,10.0,0.347,0.0,18.75,8.11,13.51,21.62,33.33,8.33,22.0,0.368,3.0,13.64,3.0,13.64,1.087,0.264,19.57,9.47,13.68,23.16,20.83,8.82,132.0,0.252,20.0,15.15,13.0,9.85,0.702,0.122,22.32,9.81,17.92,27.74,22.69,12.35,,,,,,,,,,,,,,
746465,2024-06-13,2024,696285,R,663554,R,field_out,False,False,131.0,0.235,29.0,22.14,8.0,6.11,0.583,0.04300000000000004,23.26,10.55,21.52,32.07,31.0,24.58,93.0,0.268,17.0,18.28,7.0,7.53,0.687,0.0859999999999999,21.38,9.8,20.46,30.26,30.36,15.74,133.0,0.336,19.0,14.29,5.0,3.76,0.83,0.13299999999999995,18.18,9.58,14.17,23.75,28.63,11.05,,,,,,,,,,,,,,
746465,2024-06-13,2024,682928,L,663554,R,single,False,False,195.0,0.211,40.0,20.51,13.0,6.67,0.704,0.218,23.69,13.01,12.88,25.89,41.07,17.17,446.0,0.274,78.0,17.49,24.0,5.38,0.786,0.19,21.76,11.82,12.69,24.5,35.86,16.63,132.0,0.252,20.0,15.15,13.0,9.85,0.702,0.122,22.32,9.81,17.92,27.74,22.69,12.35,,,,,,,,,,,,,,
746465,2024-06-13,2024,657041,R,663554,R,single,False,False,116.0,0.184,29.0,25.0,10.0,8.62,0.5509999999999999,0.11699999999999999,21.99,9.05,21.12,30.17,20.17,20.57,490.0,0.242,143.0,29.18,23.0,4.69,0.719,0.185,26.09,11.34,20.58,31.92,28.6,24.48,133.0,0.336,19.0,14.29,5.0,3.76,0.83,0.13299999999999995,18.18,9.58,14.17,23.75,28.63,11.05,,,,,,,,,,,,,,
746465,2024-06-13,2024,608385,L,663554,R,field_out,False,False,178.0,0.281,38.0,21.35,25.0,14.04,0.8260000000000001,0.14399999999999996,22.53,9.54,16.86,26.41,18.72,14.67,184.0,0.2,46.0,25.0,24.0,13.04,0.5660000000000001,0.0449999999999999,25.91,11.04,17.01,28.05,20.4,17.9,132.0,0.252,20.0,15.15,13.0,9.85,0.702,0.122,22.32,9.81,17.92,27.74,22.69,12.35,,,,,,,,,,,,,,
746465,2024-06-13,2024,668952,R,571578,L,single,False,False,2.0,0.0,0.0,0.0,1.0,50.0,0.5,0.0,0.0,0.0,0.0,0.0,0.0,,9.0,0.111,4.0,44.44,0.0,0.0,0.222,0.0,50.0,26.47,14.71,41.18,33.33,36.36,250.0,0.316,32.0,12.8,18.0,7.2,0.9349999999999999,0.25699999999999995,20.05,10.01,13.92,23.94,27.88,14.68,650.0,0.301,100.0,15.38,47.0,7.23,0.851,0.2,20.83,9.45,15.49,24.94,26.53,15.87
746465,2024-06-13,2024,663837,R,571578,L,field_out,False,False,65.0,0.295,12.0,18.46,3.0,4.62,0.7,0.08200000000000002,14.29,6.56,20.08,26.64,24.6,16.9,147.0,0.264,20.0,13.61,15.0,10.2,0.6990000000000001,0.0929999999999999,14.72,6.63,19.9,26.53,28.37,10.75,250.0,0.316,32.0,12.8,18.0,7.2,0.9349999999999999,0.25699999999999995,20.05,10.01,13.92,23.94,27.88,14.68,650.0,0.301,100.0,15.38,47.0,7.23,0.851,0.2,20.83,9.45,15.49,24.94,26.53,15.87
746465,2024-06-13,2024,628451,R,571578,L,single,False,False,58.0,0.333,12.0,20.69,1.0,1.72,0.845,0.16699999999999998,30.77,17.56,11.22,28.78,39.45,24.49,118.0,0.261,24.0,20.34,6.0,5.08,0.8200000000000001,0.262,23.36,12.59,13.85,26.45,37.13,23.53,250.0,0.316,32.0,12.8,18.0,7.2,0.9349999999999999,0.25699999999999995,20.05,10.01,13.92,23.94,27.88,14.68,650.0,0.301,100.0,15.38,47.0,7.23,0.851,0.2,20.83,9.45,15.49,24.94,26.53,15.87
746465,2024-06-13,2024,592192,R,571578,L,single,False,False,55.0,0.244,13.0,23.64,9.0,16.36,0.849,0.22300000000000003,27.0,10.59,19.61,30.2,16.67,14.44,168.0,0.264,23.0,13.69,21.0,12.5,0.825,0.2,17.23,7.09,21.84,28.93,23.86,9.54,250.0,0.316,32.0,12.8,18.0,7.2,0.9349999999999999,0.25699999999999995,20.05,10.01,13.92,23.94,27.88,14.68,650.0,0.301,100.0,15.38,47.0,7.23,0.851,0.2,20.83,9.45,15.49,24.94,26.53,15.87
746465,2024-06-13,2024,682985,L,571578,L,strikeout,True,False,62.0,0.175,17.0,27.42,4.0,6.45,0.581,0.176,23.93,10.94,20.31,31.25,23.64,18.28,93.0,0.279,30.0,32.26,7.0,7.53,0.6930000000000001,0.0809999999999999,30.96,15.64,16.92,32.56,32.98,21.74,72.0,0.339,12.0,16.67,9.0,12.5,0.917,0.16099999999999998,19.83,8.39,17.15,25.55,23.08,17.39,141.0,0.254,24.0,17.02,10.0,7.09,0.706,0.135,23.55,10.9,17.21,28.11,30.04,16.44
746465,2024-06-13,2024,570482,R,571578,L,walk,False,True,39.0,0.211,8.0,20.51,1.0,2.56,0.46799999999999997,0.025999999999999995,19.18,11.48,12.3,23.77,41.94,28.57,53.0,0.373,6.0,11.32,1.0,1.89,0.867,0.1169999999999999,13.56,7.96,11.94,19.9,44.55,8.82,250.0,0.316,32.0,12.8,18.0,7.2,0.9349999999999999,0.25699999999999995,20.05,10.01,13.92,23.94,27.88,14.68,650.0,0.301,100.0,15.38,47.0,7.23,0.851,0.2,20.83,9.45,15.49,24.94,26.53,15.87
746465,2024-06-13,2024,669234,R,571578,L,strikeout,True,False,4.0,0.0,2.0,50.0,1.0,25.0,0.25,0.0,33.33,12.0,12.0,24.0,13.33,28.57,,,,,,,,,,,,,,,250.0,0.316,32.0,12.8,18.0,7.2,0.9349999999999999,0.25699999999999995,20.05,10.01,13.92,23.94,27.88,14.68,650.0,0.301,100.0,15.38,47.0,7.23,0.851,0.2,20.83,9.45,15.49,24.94,26.53,15.87
746465,2024-06-13,2024,592696,L,663554,R,field_out,False,False,169.0,0.184,43.0,25.44,10.0,5.92,0.605,0.189,29.41,15.04,15.19,30.23,35.13,20.87,449.0,0.258,104.0,23.16,29.0,6.46,0.762,0.199,29.98,17.01,12.43,29.45,43.87,20.59,132.0,0.252,20.0,15.15,13.0,9.85,0.702,0.122,22.32,9.81,17.92,27.74,22.69,12.35,,,,,,,,,,,,,,
746465,2024-06-13,2024,608841,R,663554,R,walk,False,True,161.0,0.266,28.0,17.39,11.0,6.83,0.671,0.08399999999999996,21.12,10.6,13.25,23.84,28.15,16.0,471.0,0.268,97.0,20.59,28.0,5.94,0.7030000000000001,0.12,23.85,11.18,18.94,30.12,30.48,17.38,133.0,0.336,19.0,14.29,5.0,3.76,0.83,0.13299999999999995,18.18,9.58,14.17,23.75,28.63,11.05,,,,,,,,,,,,,,
746465,2024-06-13,2024,671277,L,663554,R,single,False,False,176.0,0.286,28.0,15.91,8.0,4.55,0.753,0.14900000000000002,22.04,11.39,15.35,26.73,35.35,17.5,355.0,0.268,44.0,12.39,23.0,6.48,0.6950000000000001,0.1129999999999999,17.54,8.86,13.52,22.38,31.84,12.54,132.0,0.252,20.0,15.15,13.0,9.85,0.702,0.122,22.32,9.81,17.92,27.74,22.69,12.35,,,,,,,,,,,,,,
746465,2024-06-13,2024,545121,L,663554,R,sac_fly,False,False,84.0,0.246,5.0,5.95,9.0,10.71,0.633,0.057999999999999996,10.26,4.17,21.18,25.35,22.76,8.2,179.0,0.226,11.0,6.15,15.0,8.38,0.58,0.0629999999999999,13.38,5.9,20.34,26.24,25.61,7.28,132.0,0.252,20.0,15.15,13.0,9.85,0.702,0.122,22.32,9.81,17.92,27.74,22.69,12.35,,,,,,,,,,,,,,
746465,2024-06-13,2024,686452,L,663554,R,caught_stealing_2b,False,False,10.0,0.125,1.0,10.0,1.0,10.0,0.347,0.0,18.75,8.11,13.51,21.62,33.33,8.33,22.0,0.368,3.0,13.64,3.0,13.64,1.087,0.264,19.57,9.47,13.68,23.16,20.83,8.82,132.0,0.252,20.0,15.15,13.0,9.85,0.702,0.122,22.32,9.81,17.92,27.74,22.69,12.35,,,,,,,,,,,,,,
746465,2024-06-13,2024,672761,R,571578,L,field_out,False,False,43.0,0.325,9.0,20.93,3.0,6.98,0.847,0.14999999999999997,14.46,7.27,13.94,21.21,32.58,17.31,,,,,,,,,,,,,,,250.0,0.316,32.0,12.8,18.0,7.2,0.9349999999999999,0.25699999999999995,20.05,10.01,13.92,23.94,27.88,14.68,650.0,0.301,100.0,15.38,47.0,7.23,0.851,0.2,20.83,9.45,15.49,24.94,26.53,15.87
746465,2024-06-13,2024,668670,R,571578,L,field_out,False,False,40.0,0.2,10.0,25.0,5.0,12.5,0.643,0.14300000000000002,32.35,14.1,17.95,32.05,22.22,27.78,108.0,0.235,34.0,31.48,8.0,7.41,0.8600000000000001,0.326,32.64,14.72,17.76,32.48,23.9,29.06,250.0,0.316,32.0,12.8,18.0,7.2,0.9349999999999999,0.25699999999999995,20.05,10.01,13.92,23.94,27.88,14.68,650.0,0.301,100.0,15.38,47.0,7.23,0.851,0.2,20.83,9.45,15.49,24.94,26.53,15.87
746465,2024-06-13,2024,668952,R,571578,L,field_out,False,False,2.0,0.0,0.0,0.0,1.0,50.0,0.5,0.0,0.0,0.0,0.0,0.0,0.0,,9.0,0.111,4.0,44.44,0.0,0.0,0.222,0.0,50.0,26.47,14.71,41.18,33.33,36.36,250.0,0.316,32.0,12.8,18.0,7.2,0.9349999999999999,0.25699999999999995,20.05,10.01,13.92,23.94,27.88,14.68,650.0,0.301,100.0,15.38,47.0,7.23,0.851,0.2,20.83,9.45,15.49,24.94,26.53,15.87
746465,2024-06-13,2024,686452,L,663554,R,field_out,False,False,10.0,0.125,1.0,10.0,1.0,10.0,0.347,0.0,18.75,8.11,13.51,21.62,33.33,8.33,22.0,0.368,3.0,13.64,3.0,13.64,1.087,0.264,19.57,9.47,13.68,23.16,20.83,8.82,132.0,0.252,20.0,15.15,13.0,9.85,0.702,0.122,22.32,9.81,17.92,27.74,22.69,12.35,,,,,,,,,,,,,,
746465,2024-06-13,2024,696285,R,663554,R,strikeout,True,False,131.0,0.235,29.0,22.14,8.0,6.11,0.583,0.04300000000000004,23.26,10.55,21.52,32.07,31.0,24.58,93.0,0.268,17.0,18.28,7.0,7.53,0.687,0.0859999999999999,21.38,9.8,20.46,30.26,30.36,15.74,133.0,0.336,19.0,14.29,5.0,3.76,0.83,0.13299999999999995,18.18,9.58,14.17,23.75,28.63,11.05,,,,,,,,,,,,,,
746465,2024-06-13,2024,682928,L,663554,R,field_out,False,False,195.0,0.211,40.0,20.51,13.0,6.67,0.704,0.218,23.69,13.01,12.88,25.89,41.07,17.17,446.0,0.274,78.0,17.49,24.0,5.38,0.786,0.19,21.76,11.82,12.69,24.5,35.86,16.63,132.0,0.252,20.0,15.15,13.0,9.85,0.702,0.122,22.32,9.81,17.92,27.74,22.69,12.35,,,,,,,,,,,,,,
746465,2024-06-13,2024,663837,R,571578,L,strikeout,True,False,65.0,0.295,12.0,18.46,3.0,4.62,0.7,0.08200000000000002,14.29,6.56,20.08,26.64,24.6,16.9,147.0,0.264,20.0,13.61,15.0,10.2,0.6990000000000001,0.0929999999999999,14.72,6.63,19.9,26.53,28.37,10.75,250.0,0.316,32.0,12.8,18.0,7.2,0.9349999999999999,0.25699999999999995,20.05,10.01,13.92,23.94,27.88,14.68,650.0,0.301,100.0,15.38,47.0,7.23,0.851,0.2,20.83,9.45,15.49,24.94,26.53,15.87
746465,2024-06-13,2024,628451,R,571578,L,hit_by_pitch,False,False,58.0,0.333,12.0,20.69,1.0,1.72,0.845,0.16699999999999998,30.77,17.56,11.22,28.78,39.45,24.49,118.0,0.261,24.0,20.34,6.0,5.08,0.8200000000000001,0.262,23.36,12.59,13.85,26.45,37.13,23.53,250.0,0.316,32.0,12.8,18.0,7.2,0.9349999999999999,0.25699999999999995,20.05,10.01,13.92,23.94,27.88,14.68,650.0,0.301,100.0,15.38,47.0,7.23,0.851,0.2,20.83,9.45,15.49,24.94,26.53,15.87
746465,2024-06-13,2024,592192,R,571578,L,grounded_into_double_play,False,False,55.0,0.244,13.0,23.64,9.0,16.36,0.849,0.22300000000000003,27.0,10.59,19.61,30.2,16.67,14.44,168.0,0.264,23.0,13.69,21.0,12.5,0.825,0.2,17.23,7.09,21.84,28.93,23.86,9.54,250.0,0.316,32.0,12.8,18.0,7.2,0.9349999999999999,0.25699999999999995,20.05,10.01,13.92,23.94,27.88,14.68,650.0,0.301,100.0,15.38,47.0,7.23,0.851,0.2,20.83,9.45,15.49,24.94,26.53,15.87
746465,2024-06-13,2024,657041,R,663554,R,strikeout,True,False,116.0,0.184,29.0,25.0,10.0,8.62,0.5509999999999999,0.11699999999999999,21.99,9.05,21.12,30.17,20.17,20.57,490.0,0.242,143.0,29.18,23.0,4.69,0.719,0.185,26.09,11.34,20.58,31.92,28.6,24.48,133.0,0.336,19.0,14.29,5.0,3.76,0.83,0.13299999999999995,18.18,9.58,14.17,23.75,28.63,11.05,,,,,,,,,,,,,,
746465,2024-06-13,2024,608385,L,663554,R,field_out,False,False,178.0,0.281,38.0,21.35,25.0,14.04,0.8260000000000001,0.14399999999999996,22.53,9.54,16.86,26.41,18.72,14.67,184.0,0.2,46.0,25.0,24.0,13.04,0.5660000000000001,0.0449999999999999,25.91,11.04,17.01,28.05,20.4,17.9,132.0,0.252,20.0,15.15,13.0,9.85,0.702,0.122,22.32,9.81,17.92,27.74,22.69,12.35,,,,,,,,,,,,,,
746465,2024-06-13,2024,592696,L,663554,R,field_out,False,False,169.0,0.184,43.0,25.44,10.0,5.92,0.605,0.189,29.41,15.04,15.19,30.23,35.13,20.87,449.0,0.258,104.0,23.16,29.0,6.46,0.762,0.199,29.98,17.01,12.43,29.45,43.87,20.59,132.0,0.252,20.0,15.15,13.0,9.85,0.702,0.122,22.32,9.81,17.92,27.74,22.69,12.35,,,,,,,,,,,,,,
746465,2024-06-13,2024,682985,L,571578,L,field_out,False,False,62.0,0.175,17.0,27.42,4.0,6.45,0.581,0.176,23.93,10.94,20.31,31.25,23.64,18.28,93.0,0.279,30.0,32.26,7.0,7.53,0.6930000000000001,0.0809999999999999,30.96,15.64,16.92,32.56,32.98,21.74,72.0,0.339,12.0,16.67,9.0,12.5,0.917,0.16099999999999998,19.83,8.39,17.15,25.55,23.08,17.39,141.0,0.254,24.0,17.02,10.0,7.09,0.706,0.135,23.55,10.9,17.21,28.11,30.04,16.44
746465,2024-06-13,2024,570482,R,571882,R,strikeout,True,False,104.0,0.316,13.0,12.5,4.0,3.85,0.7749999999999999,0.11299999999999999,19.58,9.89,17.91,27.81,32.95,13.13,175.0,0.276,30.0,17.14,9.0,5.14,0.653,0.061,20.55,11.01,13.8,24.82,34.39,12.39,102.0,0.283,17.0,16.67,5.0,4.9,0.7190000000000001,0.11900000000000005,24.57,12.8,14.58,27.38,34.18,19.32,128.0,0.234,24.0,18.75,12.0,9.38,0.6799999999999999,0.1259999999999999,31.08,15.73,12.1,27.82,32.58,15.38
746465,2024-06-13,2024,669234,R,571882,R,home_run,False,False,22.0,0.176,7.0,31.82,4.0,18.18,0.671,0.177,37.5,14.85,18.81,33.66,8.89,20.59,,,,,,,,,,,,,,,102.0,0.283,17.0,16.67,5.0,4.9,0.7190000000000001,0.11900000000000005,24.57,12.8,14.58,27.38,34.18,19.32,128.0,0.234,24.0,18.75,12.0,9.38,0.6799999999999999,0.1259999999999999,31.08,15.73,12.1,27.82,32.58,15.38
746465,2024-06-13,2024,672761,L,571882,R,field_out,False,False,138.0,0.236,29.0,21.01,13.0,9.42,0.6970000000000001,0.15400000000000003,20.65,9.01,19.43,28.45,24.64,16.38,,,,,,,,,,,,,,,64.0,0.196,23.0,35.94,8.0,12.5,0.565,0.07200000000000001,33.08,15.28,15.62,30.9,34.52,23.23,113.0,0.245,21.0,18.58,14.0,12.39,0.712,0.122,22.33,9.87,16.31,26.18,24.79,14.19
746465,2024-06-13,2024,608841,R,571946,R,double,False,False,161.0,0.266,28.0,17.39,11.0,6.83,0.671,0.08399999999999996,21.12,10.6,13.25,23.84,28.15,16.0,471.0,0.268,97.0,20.59,28.0,5.94,0.7030000000000001,0.12,23.85,11.18,18.94,30.12,30.48,17.38,43.0,0.25,8.0,18.6,4.0,9.3,0.7929999999999999,0.194,21.43,10.07,14.77,24.83,26.39,27.59,88.0,0.139,19.0,21.59,6.0,6.82,0.424,0.0759999999999999,21.29,9.73,19.47,29.2,26.71,19.59
746465,2024-06-13,2024,671277,L,571946,R,field_out,False,False,176.0,0.286,28.0,15.91,8.0,4.55,0.753,0.14900000000000002,22.04,11.39,15.35,26.73,35.35,17.5,355.0,0.268,44.0,12.39,23.0,6.48,0.6950000000000001,0.1129999999999999,17.54,8.86,13.52,22.38,31.84,12.54,38.0,0.086,12.0,31.58,2.0,5.26,0.275,0.056999999999999995,34.29,16.44,19.86,36.3,33.33,27.27,76.0,0.129,23.0,30.26,13.0,17.11,0.563,0.145,31.54,12.46,19.15,31.61,18.95,25.27
746465,2024-06-13,2024,545121,L,571946,R,sac_fly,False,False,84.0,0.246,5.0,5.95,9.0,10.71,0.633,0.057999999999999996,10.26,4.17,21.18,25.35,22.76,8.2,179.0,0.226,11.0,6.15,15.0,8.38,0.58,0.0629999999999999,13.38,5.9,20.34,26.24,25.61,7.28,38.0,0.086,12.0,31.58,2.0,5.26,0.275,0.056999999999999995,34.29,16.44,19.86,36.3,33.33,27.27,76.0,0.129,23.0,30.26,13.0,17.11,0.563,0.145,31.54,12.46,19.15,31.61,18.95,25.27
746465,2024-06-13,2024,686452,L,571946,R,field_out,False,False,10.0,0.125,1.0,10.0,1.0,10.0,0.347,0.0,18.75,8.11,13.51,21.62,33.33,8.33,22.0,0.368,3.0,13.64,3.0,13.64,1.087,0.264,19.57,9.47,13.68,23.16,20.83,8.82,38.0,0.086,12.0,31.58,2.0,5.26,0.275,0.056999999999999995,34.29,16.44,19.86,36.3,33.33,27.27,76.0,0.129,23.0,30.26,13.0,17.11,0.563,0.145,31.54,12.46,19.15,31.61,18.95,25.27
746465,2024-06-13,2024,668670,R,571882,R,field_out,False,False,94.0,0.236,32.0,34.04,3.0,3.19,0.681,0.16800000000000004,35.0,16.09,19.54,35.63,25.3,32.99,259.0,0.215,84.0,32.43,20.0,7.72,0.676,0.18,31.32,14.43,18.81,33.23,22.13,28.38,102.0,0.283,17.0,16.67,5.0,4.9,0.7190000000000001,0.11900000000000005,24.57,12.8,14.58,27.38,34.18,19.32,128.0,0.234,24.0,18.75,12.0,9.38,0.6799999999999999,0.1259999999999999,31.08,15.73,12.1,27.82,32.58,15.38
746465,2024-06-13,2024,668952,R,571882,R,single,False,False,1.0,0.0,1.0,100.0,0.0,0.0,0.0,0.0,0.0,0.0,42.86,42.86,0.0,20.0,9.0,0.111,3.0,33.33,0.0,0.0,0.222,0.0,33.33,15.79,28.95,44.74,45.0,21.43,102.0,0.283,17.0,16.67,5.0,4.9,0.7190000000000001,0.11900000000000005,24.57,12.8,14.58,27.38,34.18,19.32,128.0,0.234,24.0,18.75,12.0,9.38,0.6799999999999999,0.1259999999999999,31.08,15.73,12.1,27.82,32.58,15.38
746465,2024-06-13,2024,663837,R,571882,R,single,False,False,156.0,0.257,36.0,23.08,9.0,5.77,0.81,0.25,19.92,8.43,20.83,29.25,18.48,18.18,383.0,0.26,92.0,24.02,29.0,7.57,0.724,0.14,21.06,9.23,21.95,31.18,28.67,18.31,102.0,0.283,17.0,16.67,5.0,4.9,0.7190000000000001,0.11900000000000005,24.57,12.8,14.58,27.38,34.18,19.32,128.0,0.234,24.0,18.75,12.0,9.38,0.6799999999999999,0.1259999999999999,31.08,15.73,12.1,27.82,32.58,15.38
746465,2024-06-13,2024,628451,R,571882,R,double,False,False,37.0,0.143,14.0,37.84,2.0,5.41,0.36,0.028000000000000025,36.25,19.73,15.65,35.37,41.03,26.42,265.0,0.265,45.0,16.98,18.0,6.79,0.71,0.127,22.24,11.31,15.49,26.81,34.23,16.73,102.0,0.283,17.0,16.67,5.0,4.9,0.7190000000000001,0.11900000000000005,24.57,12.8,14.58,27.38,34.18,19.32,128.0,0.234,24.0,18.75,12.0,9.38,0.6799999999999999,0.1259999999999999,31.08,15.73,12.1,27.82,32.58,15.38
746465,2024-06-13,2024,592192,R,571882,R,sac_fly,False,False,199.0,0.235,38.0,19.1,20.0,10.05,0.685,0.11199999999999999,21.7,8.61,23.35,31.96,21.2,16.03,341.0,0.261,56.0,16.42,28.0,8.21,0.721,0.1079999999999999,18.91,7.86,21.98,29.84,23.71,13.49,102.0,0.283,17.0,16.67,5.0,4.9,0.7190000000000001,0.11900000000000005,24.57,12.8,14.58,27.38,34.18,19.32,128.0,0.234,24.0,18.75,12.0,9.38,0.6799999999999999,0.1259999999999999,31.08,15.73,12.1,27.82,32.58,15.38
746465,2024-06-13,2024,682985,L,676395,L,single,False,False,62.0,0.175,17.0,27.42,4.0,6.45,0.581,0.176,23.93,10.94,20.31,31.25,23.64,18.28,93.0,0.279,30.0,32.26,7.0,7.53,0.6930000000000001,0.0809999999999999,30.96,15.64,16.92,32.56,32.98,21.74,44.0,0.205,13.0,29.55,4.0,9.09,0.6060000000000001,0.12800000000000003,23.26,11.7,21.05,32.75,26.98,20.31,51.0,0.214,10.0,19.61,5.0,9.8,0.608,0.096,20.62,9.9,17.33,27.23,24.72,15.87
746465,2024-06-13,2024,570482,R,676395,L,walk,False,True,39.0,0.211,8.0,20.51,1.0,2.56,0.46799999999999997,0.025999999999999995,19.18,11.48,12.3,23.77,41.94,28.57,53.0,0.373,6.0,11.32,1.0,1.89,0.867,0.1169999999999999,13.56,7.96,11.94,19.9,44.55,8.82,52.0,0.312,15.0,28.85,3.0,5.77,0.749,0.08400000000000002,26.53,13.54,16.67,30.21,32.99,28.85,76.0,0.246,23.0,30.26,7.0,9.21,0.6639999999999999,0.1019999999999999,26.51,13.41,14.63,28.05,35.12,17.83
746465,2024-06-13,2024,669234,R,676395,L,double,False,False,4.0,0.0,2.0,50.0,1.0,25.0,0.25,0.0,33.33,12.0,12.0,24.0,13.33,28.57,,,,,,,,,,,,,,,52.0,0.312,15.0,28.85,3.0,5.77,0.749,0.08400000000000002,26.53,13.54,16.67,30.21,32.99,28.85,76.0,0.246,23.0,30.26,7.0,9.21,0.6639999999999999,0.1019999999999999,26.51,13.41,14.63,28.05,35.12,17.83
746465,2024-06-13,2024,672761,L,606930,R,field_out,False,False,138.0,0.236,29.0,21.01,13.0,9.42,0.6970000000000001,0.15400000000000003,20.65,9.01,19.43,28.45,24.64,16.38,,,,,,,,,,,,,,,33.0,0.192,3.0,9.09,6.0,18.18,0.679,0.15399999999999997,20.0,8.03,16.06,24.09,26.67,9.09,19.0,0.294,2.0,10.53,2.0,10.53,0.78,0.118,9.09,3.85,16.67,20.51,21.43,8.7
746465,2024-06-13,2024,696285,R,571946,R,field_out,False,False,131.0,0.235,29.0,22.14,8.0,6.11,0.583,0.04300000000000004,23.26,10.55,21.52,32.07,31.0,24.58,93.0,0.268,17.0,18.28,7.0,7.53,0.687,0.0859999999999999,21.38,9.8,20.46,30.26,30.36,15.74,43.0,0.25,8.0,18.6,4.0,9.3,0.7929999999999999,0.194,21.43,10.07,14.77,24.83,26.39,27.59,88.0,0.139,19.0,21.59,6.0,6.82,0.424,0.0759999999999999,21.29,9.73,19.47,29.2,26.71,19.59
746465,2024-06-13,2024,682928,L,663947,L,walk,False,True,77.0,0.333,17.0,22.08,1.0,1.3,0.9239999999999999,0.23999999999999994,26.75,14.79,15.14,29.93,38.76,17.53,170.0,0.166,40.0,23.53,8.0,4.71,0.512,0.106,24.68,12.36,17.24,29.59,32.89,21.74,58.0,0.111,13.0,22.41,0.0,0.0,0.33899999999999997,0.05600000000000001,23.17,10.56,22.22,32.78,30.12,30.95,122.0,0.147,32.0,26.23,4.0,3.28,0.363,0.034,24.29,11.78,19.86,31.64,32.18,22.86
746465,2024-06-13,2024,669222,R,663947,L,strikeout,True,False,48.0,0.262,7.0,14.58,6.0,12.5,0.902,0.28600000000000003,16.67,7.41,16.93,24.34,26.88,12.5,126.0,0.347,23.0,18.25,8.0,6.35,1.008,0.272,15.6,7.66,16.89,24.55,26.51,19.66,76.0,0.232,14.0,18.42,5.0,6.58,0.7,0.18799999999999997,23.94,12.45,15.02,27.47,42.95,17.5,202.0,0.209,42.0,20.79,14.0,6.93,0.642,0.171,28.53,13.97,16.84,30.81,30.71,18.58
746465,2024-06-13,2024,608385,L,663947,L,field_out,False,False,81.0,0.221,24.0,29.63,10.0,12.35,0.657,0.10300000000000001,22.5,8.74,21.68,30.42,20.0,24.49,13.0,0.182,5.0,38.46,2.0,15.38,0.581,0.091,15.38,6.15,20.0,26.15,7.14,19.23,58.0,0.111,13.0,22.41,0.0,0.0,0.33899999999999997,0.05600000000000001,23.17,10.56,22.22,32.78,30.12,30.95,122.0,0.147,32.0,26.23,4.0,3.28,0.363,0.034,24.29,11.78,19.86,31.64,32.18,22.86
746465,2024-06-13,2024,668670,R,663432,R,strikeout,True,False,94.0,0.236,32.0,34.04,3.0,3.19,0.681,0.16800000000000004,35.0,16.09,19.54,35.63,25.3,32.99,259.0,0.215,84.0,32.43,20.0,7.72,0.676,0.18,31.32,14.43,18.81,33.23,22.13,28.38,49.0,0.326,6.0,12.24,4.0,8.16,0.9889999999999999,0.25499999999999995,26.51,12.15,12.15,24.31,31.37,13.04,3.0,0.0,1.0,33.33,1.0,33.33,0.333,0.0,40.0,14.29,21.43,35.71,25.0,25.0
746465,2024-06-13,2024,668952,R,663432,R,field_out,False,False,1.0,0.0,1.0,100.0,0.0,0.0,0.0,0.0,0.0,0.0,42.86,42.86,0.0,20.0,9.0,0.111,3.0,33.33,0.0,0.0,0.222,0.0,33.33,15.79,28.95,44.74,45.0,21.43,49.0,0.326,6.0,12.24,4.0,8.16,0.9889999999999999,0.25499999999999995,26.51,12.15,12.15,24.31,31.37,13.04,3.0,0.0,1.0,33.33,1.0,33.33,0.333,0.0,40.0,14.29,21.43,35.71,25.0,25.0
746465,2024-06-13,2024,663837,R,663432,R,field_out,False,False,156.0,0.257,36.0,23.08,9.0,5.77,0.81,0.25,19.92,8.43,20.83,29.25,18.48,18.18,383.0,0.26,92.0,24.02,29.0,7.57,0.724,0.14,21.06,9.23,21.95,31.18,28.67,18.31,49.0,0.326,6.0,12.24,4.0,8.16,0.9889999999999999,0.25499999999999995,26.51,12.15,12.15,24.31,31.37,13.04,3.0,0.0,1.0,33.33,1.0,33.33,0.333,0.0,40.0,14.29,21.43,35.71,25.0,25.0
746465,2024-06-13,2024,702358,R,605177,L,strikeout,True,False,37.0,0.171,6.0,16.22,1.0,2.7,0.41600000000000004,0.028999999999999998,19.72,9.4,14.77,24.16,20.29,16.67,,,,,,,,,,,,,,,62.0,0.333,14.0,22.58,7.0,11.29,0.847,0.11099999999999999,32.71,15.49,13.27,28.76,32.86,26.42,142.0,0.211,43.0,30.28,17.0,11.97,0.738,0.22,35.02,15.71,14.83,30.54,33.9,27.74
746465,2024-06-13,2024,608841,R,605177,L,strikeout,True,False,72.0,0.172,15.0,20.83,6.0,8.33,0.453,0.031000000000000028,24.24,12.26,15.71,27.97,36.92,20.0,188.0,0.291,33.0,17.55,10.0,5.32,0.771,0.143,23.12,11.37,16.16,27.53,33.86,14.29,62.0,0.333,14.0,22.58,7.0,11.29,0.847,0.11099999999999999,32.71,15.49,13.27,28.76,32.86,26.42,142.0,0.211,43.0,30.28,17.0,11.97,0.738,0.22,35.02,15.71,14.83,30.54,33.9,27.74
746465,2024-06-13,2024,671277,L,605177,L,strikeout,True,False,40.0,0.189,10.0,25.0,3.0,7.5,0.46599999999999997,0.026999999999999996,24.36,12.26,16.13,28.39,36.78,20.83,129.0,0.261,16.0,12.4,4.0,3.1,0.668,0.134,18.96,9.55,16.71,26.25,27.88,16.49,42.0,0.216,11.0,26.19,5.0,11.9,0.5800000000000001,0.05400000000000002,22.89,11.38,13.17,24.55,34.69,22.45,84.0,0.264,20.0,23.81,11.0,13.1,0.744,0.1109999999999999,25.9,10.32,20.92,31.23,26.29,18.18
747026,2024-06-13,2024,671739,L,608344,L,single,False,False,88.0,0.259,19.0,21.59,2.0,2.27,0.59,0.046999999999999986,28.05,15.75,17.12,32.88,44.03,23.17,139.0,0.301,25.0,17.99,3.0,2.16,0.797,0.165,22.64,11.79,19.84,31.63,41.0,16.23,51.0,0.18,9.0,17.65,1.0,1.96,0.456,0.08000000000000002,16.25,7.34,23.16,30.51,21.43,21.43,69.0,0.267,9.0,13.04,6.0,8.7,0.6950000000000001,0.066,20.35,9.47,17.7,27.16,33.33,13.64
747026,2024-06-13,2024,645277,R,608344,L,double,False,False,67.0,0.288,8.0,11.94,1.0,1.49,0.738,0.15100000000000002,20.69,11.71,9.76,21.46,31.78,25.0,133.0,0.391,18.0,13.53,4.0,3.01,1.023,0.2259999999999999,19.5,11.51,10.25,21.76,42.91,12.77,207.0,0.276,34.0,16.43,11.0,5.31,0.743,0.15099999999999997,17.6,8.81,17.49,26.3,26.83,15.04,267.0,0.253,59.0,22.1,15.0,5.62,0.744,0.188,20.94,10.76,16.67,27.42,29.92,18.1
747026,2024-06-13,2024,542303,R,608344,L,double,False,False,80.0,0.362,20.0,25.0,11.0,13.75,0.986,0.17400000000000004,30.86,15.0,12.78,27.78,26.13,15.27,139.0,0.278,25.0,17.99,13.0,9.35,0.98,0.357,22.56,11.13,13.17,24.3,30.63,15.53,207.0,0.276,34.0,16.43,11.0,5.31,0.743,0.15099999999999997,17.6,8.81,17.49,26.3,26.83,15.04,267.0,0.253,59.0,22.1,15.0,5.62,0.744,0.188,20.94,10.76,16.67,27.42,29.92,18.1
747026,2024-06-13,2024,621566,L,608344,L,strikeout,True,False,89.0,0.275,20.0,22.47,5.0,5.62,0.887,0.275,23.26,11.36,14.49,25.85,26.29,16.39,182.0,0.252,52.0,28.57,14.0,7.69,0.7989999999999999,0.239,31.07,15.01,14.87,29.88,27.47,21.94,51.0,0.18,9.0,17.65,1.0,1.96,0.456,0.08000000000000002,16.25,7.34,23.16,30.51,21.43,21.43,69.0,0.267,9.0,13.04,6.0,8.7,0.6950000000000001,0.066,20.35,9.47,17.7,27.16,33.33,13.64
747026,2024-06-13,2024,663586,R,608344,L,field_out,False,False,66.0,0.2,14.0,21.21,6.0,9.09,0.556,0.08299999999999996,24.19,12.5,10.0,22.5,24.58,21.21,149.0,0.289,35.0,23.49,17.0,11.41,0.94,0.289,28.03,13.64,12.46,26.09,26.11,18.72,207.0,0.276,34.0,16.43,11.0,5.31,0.743,0.15099999999999997,17.6,8.81,17.49,26.3,26.83,15.04,267.0,0.253,59.0,22.1,15.0,5.62,0.744,0.188,20.94,10.76,16.67,27.42,29.92,18.1
747026,2024-06-13,2024,518595,R,608344,L,strikeout,True,False,39.0,0.333,8.0,20.51,2.0,5.13,1.081,0.38899999999999996,28.57,15.79,9.21,25.0,30.38,16.0,66.0,0.263,17.0,25.76,9.0,13.64,0.7849999999999999,0.1579999999999999,33.33,16.36,10.91,27.27,23.57,19.1,207.0,0.276,34.0,16.43,11.0,5.31,0.743,0.15099999999999997,17.6,8.81,17.49,26.3,26.83,15.04,267.0,0.253,59.0,22.1,15.0,5.62,0.744,0.188,20.94,10.76,16.67,27.42,29.92,18.1
747026,2024-06-13,2024,683002,L,625643,R,single,False,False,206.0,0.264,45.0,21.84,20.0,9.71,0.949,0.33999999999999997,25.68,11.87,14.52,26.39,23.77,22.73,455.0,0.272,117.0,25.71,38.0,8.35,0.885,0.277,25.57,12.07,15.7,27.78,26.4,22.35,137.0,0.222,31.0,22.63,18.0,13.14,0.651,0.10300000000000001,26.29,11.75,16.96,28.71,28.62,21.99,124.0,0.18,35.0,28.23,23.0,18.55,0.633,0.12,30.94,14.64,12.14,26.79,24.49,18.72
747026,2024-06-13,2024,668939,L,625643,R,strikeout,True,False,192.0,0.239,38.0,19.79,13.0,6.77,0.667,0.136,21.86,10.46,19.48,29.93,34.13,16.74,496.0,0.267,80.0,16.13,61.0,12.3,0.778,0.1519999999999999,16.76,6.91,19.7,26.61,24.41,12.54,137.0,0.222,31.0,22.63,18.0,13.14,0.651,0.10300000000000001,26.29,11.75,16.96,28.71,28.62,21.99,124.0,0.18,35.0,28.23,23.0,18.55,0.633,0.12,30.94,14.64,12.14,26.79,24.49,18.72
747026,2024-06-13,2024,656811,L,625643,R,field_out,False,False,181.0,0.295,19.0,10.5,15.0,8.29,0.86,0.21100000000000002,16.78,7.56,16.74,24.3,22.7,11.95,340.0,0.297,74.0,21.76,13.0,3.82,0.802,0.178,22.26,11.29,14.37,25.66,31.15,17.72,137.0,0.222,31.0,22.63,18.0,13.14,0.651,0.10300000000000001,26.29,11.75,16.96,28.71,28.62,21.99,124.0,0.18,35.0,28.23,23.0,18.55,0.633,0.12,30.94,14.64,12.14,26.79,24.49,18.72
747026,2024-06-13,2024,623993,L,625643,R,field_out,False,False,196.0,0.211,33.0,16.84,13.0,6.63,0.7370000000000001,0.25,17.33,9.38,13.43,22.81,40.38,13.04,486.0,0.26,107.0,22.02,31.0,6.38,0.798,0.2229999999999999,22.13,11.37,14.84,26.21,37.22,15.21,137.0,0.222,31.0,22.63,18.0,13.14,0.651,0.10300000000000001,26.29,11.75,16.96,28.71,28.62,21.99,124.0,0.18,35.0,28.23,23.0,18.55,0.633,0.12,30.94,14.64,12.14,26.79,24.49,18.72
747026,2024-06-13,2024,594807,R,608344,L,strikeout,True,False,79.0,0.262,13.0,16.46,11.0,13.92,0.949,0.30699999999999994,18.44,8.25,17.14,25.4,23.35,12.38,93.0,0.244,34.0,36.56,4.0,4.3,0.757,0.2329999999999999,34.95,18.31,16.34,34.65,37.97,29.82,207.0,0.276,34.0,16.43,11.0,5.31,0.743,0.15099999999999997,17.6,8.81,17.49,26.3,26.83,15.04,267.0,0.253,59.0,22.1,15.0,5.62,0.744,0.188,20.94,10.76,16.67,27.42,29.92,18.1
747026,2024-06-13,2024,672284,L,608344,L,single,False,False,21.0,0.238,7.0,33.33,0.0,0.0,0.524,0.04799999999999999,41.46,22.37,15.79,38.16,34.21,29.17,92.0,0.259,27.0,29.35,7.0,7.61,0.774,0.2,27.91,12.83,16.31,29.14,26.49,24.55,51.0,0.18,9.0,17.65,1.0,1.96,0.456,0.08000000000000002,16.25,7.34,23.16,30.51,21.43,21.43,69.0,0.267,9.0,13.04,6.0,8.7,0.6950000000000001,0.066,20.35,9.47,17.7,27.16,33.33,13.64
747026,2024-06-13,2024,606115,R,608344,L,strikeout,True,False,69.0,0.172,18.0,26.09,3.0,4.35,0.43700000000000006,0.06200000000000003,26.76,13.1,15.86,28.97,27.08,18.37,112.0,0.302,24.0,21.43,16.0,14.29,1.006,0.302,27.18,11.06,18.79,29.85,21.6,18.32,207.0,0.276,34.0,16.43,11.0,5.31,0.743,0.15099999999999997,17.6,8.81,17.49,26.3,26.83,15.04,267.0,0.253,59.0,22.1,15.0,5.62,0.744,0.188,20.94,10.76,16.67,27.42,29.92,18.1
747026,2024-06-13,2024,671739,L,608344,L,strikeout,True,False,88.0,0.259,19.0,21.59,2.0,2.27,0.59,0.046999999999999986,28.05,15.75,17.12,32.88,44.03,23.17,139.0,0.301,25.0,17.99,3.0,2.16,0.797,0.165,22.64,11.79,19.84,31.63,41.0,16.23,51.0,0.18,9.0,17.65,1.0,1.96,0.456,0.08000000000000002,16.25,7.34,23.16,30.51,21.43,21.43,69.0,0.267,9.0,13.04,6.0,8.7,0.6950000000000001,0.066,20.35,9.47,17.7,27.16,33.33,13.64
747026,2024-06-13,2024,676059,R,625643,R,single,False,False,194.0,0.298,33.0,17.01,12.0,6.19,0.879,0.23000000000000004,25.87,13.14,15.04,28.18,30.53,13.85,146.0,0.246,33.0,22.6,8.0,5.48,0.6779999999999999,0.142,22.97,11.73,16.25,27.98,29.59,19.76,114.0,0.202,31.0,27.19,3.0,2.63,0.531,0.10999999999999999,28.9,15.25,17.43,32.69,35.91,26.27,154.0,0.227,48.0,31.17,11.0,7.14,0.6479999999999999,0.1349999999999999,30.11,16.08,12.9,28.98,33.43,19.51
747026,2024-06-13,2024,681297,L,625643,R,field_out,False,False,164.0,0.248,44.0,26.83,18.0,10.98,0.812,0.22000000000000003,30.23,13.56,16.54,30.1,23.78,23.53,68.0,0.111,20.0,29.41,12.0,17.65,0.427,0.0369999999999999,26.67,10.98,17.07,28.05,21.51,17.7,137.0,0.222,31.0,22.63,18.0,13.14,0.651,0.10300000000000001,26.29,11.75,16.96,28.71,28.62,21.99,124.0,0.18,35.0,28.23,23.0,18.55,0.633,0.12,30.94,14.64,12.14,26.79,24.49,18.72
747026,2024-06-13,2024,656775,L,625643,R,field_out,False,False,151.0,0.196,39.0,25.83,10.0,6.62,0.602,0.15899999999999997,20.34,10.64,13.3,23.94,28.78,21.91,336.0,0.233,77.0,22.92,31.0,9.23,0.726,0.1889999999999999,26.24,13.25,14.23,27.48,28.99,18.95,137.0,0.222,31.0,22.63,18.0,13.14,0.651,0.10300000000000001,26.29,11.75,16.96,28.71,28.62,21.99,124.0,0.18,35.0,28.23,23.0,18.55,0.633,0.12,30.94,14.64,12.14,26.79,24.49,18.72
747026,2024-06-13,2024,669065,L,625643,R,strikeout,True,False,30.0,0.31,10.0,33.33,0.0,0.0,0.758,0.138,34.78,22.02,8.26,30.28,36.0,27.03,30.0,0.071,12.0,40.0,2.0,6.67,0.204,0.0,37.29,20.37,12.04,32.41,38.18,40.0,137.0,0.222,31.0,22.63,18.0,13.14,0.651,0.10300000000000001,26.29,11.75,16.96,28.71,28.62,21.99,124.0,0.18,35.0,28.23,23.0,18.55,0.633,0.12,30.94,14.64,12.14,26.79,24.49,18.72
747026,2024-06-13,2024,645277,R,608344,L,single,False,False,67.0,0.288,8.0,11.94,1.0,1.49,0.738,0.15100000000000002,20.69,11.71,9.76,21.46,31.78,25.0,133.0,0.391,18.0,13.53,4.0,3.01,1.023,0.2259999999999999,19.5,11.51,10.25,21.76,42.91,12.77,207.0,0.276,34.0,16.43,11.0,5.31,0.743,0.15099999999999997,17.6,8.81,17.49,26.3,26.83,15.04,267.0,0.253,59.0,22.1,15.0,5.62,0.744,0.188,20.94,10.76,16.67,27.42,29.92,18.1
747026,2024-06-13,2024,542303,R,608344,L,walk,False,True,80.0,0.362,20.0,25.0,11.0,13.75,0.986,0.17400000000000004,30.86,15.0,12.78,27.78,26.13,15.27,139.0,0.278,25.0,17.99,13.0,9.35,0.98,0.357,22.56,11.13,13.17,24.3,30.63,15.53,207.0,0.276,34.0,16.43,11.0,5.31,0.743,0.15099999999999997,17.6,8.81,17.49,26.3,26.83,15.04,267.0,0.253,59.0,22.1,15.0,5.62,0.744,0.188,20.94,10.76,16.67,27.42,29.92,18.1
747026,2024-06-13,2024,621566,L,608344,L,field_out,False,False,89.0,0.275,20.0,22.47,5.0,5.62,0.887,0.275,23.26,11.36,14.49,25.85,26.29,16.39,182.0,0.252,52.0,28.57,14.0,7.69,0.7989999999999999,0.239,31.07,15.01,14.87,29.88,27.47,21.94,51.0,0.18,9.0,17.65,1.0,1.96,0.456,0.08000000000000002,16.25,7.34,23.16,30.51,21.43,21.43,69.0,0.267,9.0,13.04,6.0,8.7,0.6950000000000001,0.066,20.35,9.47,17.7,27.16,33.33,13.64
747026,2024-06-13,2024,663586,R,608344,L,force_out,False,False,66.0,0.2,14.0,21.21,6.0,9.09,0.556,0.08299999999999996,24.19,12.5,10.0,22.5,24.58,21.21,149.0,0.289,35.0,23.49,17.0,11.41,0.94,0.289,28.03,13.64,12.46,26.09,26.11,18.72,207.0,0.276,34.0,16.43,11.0,5.31,0.743,0.15099999999999997,17.6,8.81,17.49,26.3,26.83,15.04,267.0,0.253,59.0,22.1,15.0,5.62,0.744,0.188,20.94,10.76,16.67,27.42,29.92,18.1
747026,2024-06-13,2024,518595,R,608344,L,field_out,False,False,39.0,0.333,8.0,20.51,2.0,5.13,1.081,0.38899999999999996,28.57,15.79,9.21,25.0,30.38,16.0,66.0,0.263,17.0,25.76,9.0,13.64,0.7849999999999999,0.1579999999999999,33.33,16.36,10.91,27.27,23.57,19.1,207.0,0.276,34.0,16.43,11.0,5.31,0.743,0.15099999999999997,17.6,8.81,17.49,26.3,26.83,15.04,267.0,0.253,59.0,22.1,15.0,5.62,0.744,0.188,20.94,10.76,16.67,27.42,29.92,18.1
747026,2024-06-13,2024,622761,R,625643,R,field_out,False,False,77.0,0.232,16.0,20.78,3.0,3.9,0.63,0.145,20.65,10.67,16.67,27.33,31.03,16.85,214.0,0.178,59.0,27.57,13.0,6.07,0.515,0.1099999999999999,30.51,15.04,17.45,32.49,35.45,26.94,114.0,0.202,31.0,27.19,3.0,2.63,0.531,0.10999999999999999,28.9,15.25,17.43,32.69,35.91,26.27,154.0,0.227,48.0,31.17,11.0,7.14,0.6479999999999999,0.1349999999999999,30.11,16.08,12.9,28.98,33.43,19.51
747026,2024-06-13,2024,683002,L,625643,R,strikeout,True,False,206.0,0.264,45.0,21.84,20.0,9.71,0.949,0.33999999999999997,25.68,11.87,14.52,26.39,23.77,22.73,455.0,0.272,117.0,25.71,38.0,8.35,0.885,0.277,25.57,12.07,15.7,27.78,26.4,22.35,137.0,0.222,31.0,22.63,18.0,13.14,0.651,0.10300000000000001,26.29,11.75,16.96,28.71,28.62,21.99,124.0,0.18,35.0,28.23,23.0,18.55,0.633,0.12,30.94,14.64,12.14,26.79,24.49,18.72
747026,2024-06-13,2024,668939,L,625643,R,strikeout,True,False,192.0,0.239,38.0,19.79,13.0,6.77,0.667,0.136,21.86,10.46,19.48,29.93,34.13,16.74,496.0,0.267,80.0,16.13,61.0,12.3,0.778,0.1519999999999999,16.76,6.91,19.7,26.61,24.41,12.54,137.0,0.222,31.0,22.63,18.0,13.14,0.651,0.10300000000000001,26.29,11.75,16.96,28.71,28.62,21.99,124.0,0.18,35.0,28.23,23.0,18.55,0.633,0.12,30.94,14.64,12.14,26.79,24.49,18.72
747026,2024-06-13,2024,594807,R,608344,L,single,False,False,79.0,0.262,13.0,16.46,11.0,13.92,0.949,0.30699999999999994,18.44,8.25,17.14,25.4,23.35,12.38,93.0,0.244,34.0,36.56,4.0,4.3,0.757,0.2329999999999999,34.95,18.31,16.34,34.65,37.97,29.82,207.0,0.276,34.0,16.43,11.0,5.31,0.743,0.15099999999999997,17.6,8.81,17.49,26.3,26.83,15.04,267.0,0.253,59.0,22.1,15.0,5.62,0.744,0.188,20.94,10.76,16.67,27.42,29.92,18.1
747026,2024-06-13,2024,672284,L,608344,L,strikeout,True,False,21.0,0.238,7.0,33.33,0.0,0.0,0.524,0.04799999999999999,41.46,22.37,15.79,38.16,34.21,29.17,92.0,0.259,27.0,29.35,7.0,7.61,0.774,0.2,27.91,12.83,16.31,29.14,26.49,24.55,51.0,0.18,9.0,17.65,1.0,1.96,0.456,0.08000000000000002,16.25,7.34,23.16,30.51,21.43,21.43,69.0,0.267,9.0,13.04,6.0,8.7,0.6950000000000001,0.066,20.35,9.47,17.7,27.16,33.33,13.64
747026,2024-06-13,2024,606115,R,608344,L,field_out,False,False,69.0,0.172,18.0,26.09,3.0,4.35,0.43700000000000006,0.06200000000000003,26.76,13.1,15.86,28.97,27.08,18.37,112.0,0.302,24.0,21.43,16.0,14.29,1.006,0.302,27.18,11.06,18.79,29.85,21.6,18.32,207.0,0.276,34.0,16.43,11.0,5.31,0.743,0.15099999999999997,17.6,8.81,17.49,26.3,26.83,15.04,267.0,0.253,59.0,22.1,15.0,5.62,0.744,0.188,20.94,10.76,16.67,27.42,29.92,18.1
747026,2024-06-13,2024,671739,L,608344,L,fielders_choice,False,False,88.0,0.259,19.0,21.59,2.0,2.27,0.59,0.046999999999999986,28.05,15.75,17.12,32.88,44.03,23.17,139.0,0.301,25.0,17.99,3.0,2.16,0.797,0.165,22.64,11.79,19.84,31.63,41.0,16.23,51.0,0.18,9.0,17.65,1.0,1.96,0.456,0.08000000000000002,16.25,7.34,23.16,30.51,21.43,21.43,69.0,0.267,9.0,13.04,6.0,8.7,0.6950000000000001,0.066,20.35,9.47,17.7,27.16,33.33,13.64
747026,2024-06-13,2024,645277,R,608344,L,single,False,False,67.0,0.288,8.0,11.94,1.0,1.49,0.738,0.15100000000000002,20.69,11.71,9.76,21.46,31.78,25.0,133.0,0.391,18.0,13.53,4.0,3.01,1.023,0.2259999999999999,19.5,11.51,10.25,21.76,42.91,12.77,207.0,0.276,34.0,16.43,11.0,5.31,0.743,0.15099999999999997,17.6,8.81,17.49,26.3,26.83,15.04,267.0,0.253,59.0,22.1,15.0,5.62,0.744,0.188,20.94,10.76,16.67,27.42,29.92,18.1
747026,2024-06-13,2024,542303,R,608344,L,field_out,False,False,80.0,0.362,20.0,25.0,11.0,13.75,0.986,0.17400000000000004,30.86,15.0,12.78,27.78,26.13,15.27,139.0,0.278,25.0,17.99,13.0,9.35,0.98,0.357,22.56,11.13,13.17,24.3,30.63,15.53,207.0,0.276,34.0,16.43,11.0,5.31,0.743,0.15099999999999997,17.6,8.81,17.49,26.3,26.83,15.04,267.0,0.253,59.0,22.1,15.0,5.62,0.744,0.188,20.94,10.76,16.67,27.42,29.92,18.1
747026,2024-06-13,2024,656811,L,625643,R,strikeout,True,False,181.0,0.295,19.0,10.5,15.0,8.29,0.86,0.21100000000000002,16.78,7.56,16.74,24.3,22.7,11.95,340.0,0.297,74.0,21.76,13.0,3.82,0.802,0.178,22.26,11.29,14.37,25.66,31.15,17.72,137.0,0.222,31.0,22.63,18.0,13.14,0.651,0.10300000000000001,26.29,11.75,16.96,28.71,28.62,21.99,124.0,0.18,35.0,28.23,23.0,18.55,0.633,0.12,30.94,14.64,12.14,26.79,24.49,18.72
747026,2024-06-13,2024,623993,L,625643,R,field_out,False,False,196.0,0.211,33.0,16.84,13.0,6.63,0.7370000000000001,0.25,17.33,9.38,13.43,22.81,40.38,13.04,486.0,0.26,107.0,22.02,31.0,6.38,0.798,0.2229999999999999,22.13,11.37,14.84,26.21,37.22,15.21,137.0,0.222,31.0,22.63,18.0,13.14,0.651,0.10300000000000001,26.29,11.75,16.96,28.71,28.62,21.99,124.0,0.18,35.0,28.23,23.0,18.55,0.633,0.12,30.94,14.64,12.14,26.79,24.49,18.72
747026,2024-06-13,2024,676059,R,625643,R,field_out,False,False,194.0,0.298,33.0,17.01,12.0,6.19,0.879,0.23000000000000004,25.87,13.14,15.04,28.18,30.53,13.85,146.0,0.246,33.0,22.6,8.0,5.48,0.6779999999999999,0.142,22.97,11.73,16.25,27.98,29.59,19.76,114.0,0.202,31.0,27.19,3.0,2.63,0.531,0.10999999999999999,28.9,15.25,17.43,32.69,35.91,26.27,154.0,0.227,48.0,31.17,11.0,7.14,0.6479999999999999,0.1349999999999999,30.11,16.08,12.9,28.98,33.43,19.51
747026,2024-06-13,2024,621566,L,608344,L,strikeout,True,False,89.0,0.275,20.0,22.47,5.0,5.62,0.887,0.275,23.26,11.36,14.49,25.85,26.29,16.39,182.0,0.252,52.0,28.57,14.0,7.69,0.7989999999999999,0.239,31.07,15.01,14.87,29.88,27.47,21.94,51.0,0.18,9.0,17.65,1.0,1.96,0.456,0.08000000000000002,16.25,7.34,23.16,30.51,21.43,21.43,69.0,0.267,9.0,13.04,6.0,8.7,0.6950000000000001,0.066,20.35,9.47,17.7,27.16,33.33,13.64
747026,2024-06-13,2024,663586,R,608344,L,field_out,False,False,66.0,0.2,14.0,21.21,6.0,9.09,0.556,0.08299999999999996,24.19,12.5,10.0,22.5,24.58,21.21,149.0,0.289,35.0,23.49,17.0,11.41,0.94,0.289,28.03,13.64,12.46,26.09,26.11,18.72,207.0,0.276,34.0,16.43,11.0,5.31,0.743,0.15099999999999997,17.6,8.81,17.49,26.3,26.83,15.04,267.0,0.253,59.0,22.1,15.0,5.62,0.744,0.188,20.94,10.76,16.67,27.42,29.92,18.1
747026,2024-06-13,2024,518595,R,608344,L,field_out,False,False,39.0,0.333,8.0,20.51,2.0,5.13,1.081,0.38899999999999996,28.57,15.79,9.21,25.0,30.38,16.0,66.0,0.263,17.0,25.76,9.0,13.64,0.7849999999999999,0.1579999999999999,33.33,16.36,10.91,27.27,23.57,19.1,207.0,0.276,34.0,16.43,11.0,5.31,0.743,0.15099999999999997,17.6,8.81,17.49,26.3,26.83,15.04,267.0,0.253,59.0,22.1,15.0,5.62,0.744,0.188,20.94,10.76,16.67,27.42,29.92,18.1
747026,2024-06-13,2024,681297,L,625643,R,strikeout,True,False,164.0,0.248,44.0,26.83,18.0,10.98,0.812,0.22000000000000003,30.23,13.56,16.54,30.1,23.78,23.53,68.0,0.111,20.0,29.41,12.0,17.65,0.427,0.0369999999999999,26.67,10.98,17.07,28.05,21.51,17.7,137.0,0.222,31.0,22.63,18.0,13.14,0.651,0.10300000000000001,26.29,11.75,16.96,28.71,28.62,21.99,124.0,0.18,35.0,28.23,23.0,18.55,0.633,0.12,30.94,14.64,12.14,26.79,24.49,18.72
747026,2024-06-13,2024,656775,L,625643,R,field_out,False,False,151.0,0.196,39.0,25.83,10.0,6.62,0.602,0.15899999999999997,20.34,10.64,13.3,23.94,28.78,21.91,336.0,0.233,77.0,22.92,31.0,9.23,0.726,0.1889999999999999,26.24,13.25,14.23,27.48,28.99,18.95,137.0,0.222,31.0,22.63,18.0,13.14,0.651,0.10300000000000001,26.29,11.75,16.96,28.71,28.62,21.99,124.0,0.18,35.0,28.23,23.0,18.55,0.633,0.12,30.94,14.64,12.14,26.79,24.49,18.72
747026,2024-06-13,2024,669065,L,625643,R,strikeout,True,False,30.0,0.31,10.0,33.33,0.0,0.0,0.758,0.138,34.78,22.02,8.26,30.28,36.0,27.03,30.0,0.071,12.0,40.0,2.0,6.67,0.204,0.0,37.29,20.37,12.04,32.41,38.18,40.0,137.0,0.222,31.0,22.63,18.0,13.14,0.651,0.10300000000000001,26.29,11.75,16.96,28.71,28.62,21.99,124.0,0.18,35.0,28.23,23.0,18.55,0.633,0.12,30.94,14.64,12.14,26.79,24.49,18.72
747026,2024-06-13,2024,594807,R,608344,L,single,False,False,79.0,0.262,13.0,16.46,11.0,13.92,0.949,0.30699999999999994,18.44,8.25,17.14,25.4,23.35,12.38,93.0,0.244,34.0,36.56,4.0,4.3,0.757,0.2329999999999999,34.95,18.31,16.34,34.65,37.97,29.82,207.0,0.276,34.0,16.43,11.0,5.31,0.743,0.15099999999999997,17.6,8.81,17.49,26.3,26.83,15.04,267.0,0.253,59.0,22.1,15.0,5.62,0.744,0.188,20.94,10.76,16.67,27.42,29.92,18.1
747026,2024-06-13,2024,672284,L,608344,L,force_out,False,False,21.0,0.238,7.0,33.33,0.0,0.0,0.524,0.04799999999999999,41.46,22.37,15.79,38.16,34.21,29.17,92.0,0.259,27.0,29.35,7.0,7.61,0.774,0.2,27.91,12.83,16.31,29.14,26.49,24.55,51.0,0.18,9.0,17.65,1.0,1.96,0.456,0.08000000000000002,16.25,7.34,23.16,30.51,21.43,21.43,69.0,0.267,9.0,13.04,6.0,8.7,0.6950000000000001,0.066,20.35,9.47,17.7,27.16,33.33,13.64
747026,2024-06-13,2024,606115,R,608344,L,double,False,False,69.0,0.172,18.0,26.09,3.0,4.35,0.43700000000000006,0.06200000000000003,26.76,13.1,15.86,28.97,27.08,18.37,112.0,0.302,24.0,21.43,16.0,14.29,1.006,0.302,27.18,11.06,18.79,29.85,21.6,18.32,207.0,0.276,34.0,16.43,11.0,5.31,0.743,0.15099999999999997,17.6,8.81,17.49,26.3,26.83,15.04,267.0,0.253,59.0,22.1,15.0,5.62,0.744,0.188,20.94,10.76,16.67,27.42,29.92,18.1
747026,2024-06-13,2024,671739,L,608344,L,strikeout,True,False,88.0,0.259,19.0,21.59,2.0,2.27,0.59,0.046999999999999986,28.05,15.75,17.12,32.88,44.03,23.17,139.0,0.301,25.0,17.99,3.0,2.16,0.797,0.165,22.64,11.79,19.84,31.63,41.0,16.23,51.0,0.18,9.0,17.65,1.0,1.96,0.456,0.08000000000000002,16.25,7.34,23.16,30.51,21.43,21.43,69.0,0.267,9.0,13.04,6.0,8.7,0.6950000000000001,0.066,20.35,9.47,17.7,27.16,33.33,13.64
747026,2024-06-13,2024,645277,L,641329,R,field_out,False,False,183.0,0.247,31.0,16.94,16.0,8.74,0.692,0.11699999999999999,21.73,11.88,9.85,21.73,31.97,11.7,528.0,0.25,89.0,16.86,42.0,7.95,0.8029999999999999,0.235,20.84,11.11,9.82,20.92,33.45,13.94,,,,,,,,,,,,,,,61.0,0.143,21.0,34.43,10.0,16.39,0.507,0.081,28.46,12.73,13.45,26.18,21.05,23.86
747026,2024-06-13,2024,622761,R,625643,R,strikeout,True,False,77.0,0.232,16.0,20.78,3.0,3.9,0.63,0.145,20.65,10.67,16.67,27.33,31.03,16.85,214.0,0.178,59.0,27.57,13.0,6.07,0.515,0.1099999999999999,30.51,15.04,17.45,32.49,35.45,26.94,114.0,0.202,31.0,27.19,3.0,2.63,0.531,0.10999999999999999,28.9,15.25,17.43,32.69,35.91,26.27,154.0,0.227,48.0,31.17,11.0,7.14,0.6479999999999999,0.1349999999999999,30.11,16.08,12.9,28.98,33.43,19.51
747026,2024-06-13,2024,683002,L,625643,R,field_out,False,False,206.0,0.264,45.0,21.84,20.0,9.71,0.949,0.33999999999999997,25.68,11.87,14.52,26.39,23.77,22.73,455.0,0.272,117.0,25.71,38.0,8.35,0.885,0.277,25.57,12.07,15.7,27.78,26.4,22.35,137.0,0.222,31.0,22.63,18.0,13.14,0.651,0.10300000000000001,26.29,11.75,16.96,28.71,28.62,21.99,124.0,0.18,35.0,28.23,23.0,18.55,0.633,0.12,30.94,14.64,12.14,26.79,24.49,18.72
747026,2024-06-13,2024,668939,L,625643,R,walk,False,True,192.0,0.239,38.0,19.79,13.0,6.77,0.667,0.136,21.86,10.46,19.48,29.93,34.13,16.74,496.0,0.267,80.0,16.13,61.0,12.3,0.778,0.1519999999999999,16.76,6.91,19.7,26.61,24.41,12.54,137.0,0.222,31.0,22.63,18.0,13.14,0.651,0.10300000000000001,26.29,11.75,16.96,28.71,28.62,21.99,124.0,0.18,35.0,28.23,23.0,18.55,0.633,0.12,30.94,14.64,12.14,26.79,24.49,18.72
747026,2024-06-13,2024,656811,L,625643,R,field_out,False,False,181.0,0.295,19.0,10.5,15.0,8.29,0.86,0.21100000000000002,16.78,7.56,16.74,24.3,22.7,11.95,340.0,0.297,74.0,21.76,13.0,3.82,0.802,0.178,22.26,11.29,14.37,25.66,31.15,17.72,137.0,0.222,31.0,22.63,18.0,13.14,0.651,0.10300000000000001,26.29,11.75,16.96,28.71,28.62,21.99,124.0,0.18,35.0,28.23,23.0,18.55,0.633,0.12,30.94,14.64,12.14,26.79,24.49,18.72
747026,2024-06-13,2024,542303,R,641329,R,single,False,False,193.0,0.302,42.0,21.76,18.0,9.33,0.996,0.326,31.75,15.26,13.25,28.51,26.3,19.81,453.0,0.272,109.0,24.06,44.0,9.71,0.882,0.263,27.95,13.42,14.78,28.21,29.59,18.63,,,,,,,,,,,,,,,126.0,0.241,30.0,23.81,14.0,11.11,0.72,0.148,21.26,10.42,14.29,24.71,26.82,15.96
747026,2024-06-13,2024,621566,L,641329,R,force_out,False,False,185.0,0.231,50.0,27.03,22.0,11.89,0.718,0.157,28.47,14.04,11.11,25.15,27.88,17.95,540.0,0.294,115.0,21.3,90.0,16.67,1.061,0.351,27.51,12.57,12.32,24.89,25.66,14.92,,,,,,,,,,,,,,,61.0,0.143,21.0,34.43,10.0,16.39,0.507,0.081,28.46,12.73,13.45,26.18,21.05,23.86
747026,2024-06-13,2024,663586,R,641329,R,field_out,False,False,159.0,0.236,41.0,25.79,12.0,7.55,0.665,0.125,31.73,15.94,13.04,28.99,28.12,20.51,566.0,0.28,137.0,24.2,42.0,7.42,0.841,0.2199999999999999,27.71,13.25,15.53,28.77,27.7,18.53,,,,,,,,,,,,,,,126.0,0.241,30.0,23.81,14.0,11.11,0.72,0.148,21.26,10.42,14.29,24.71,26.82,15.96
747026,2024-06-13,2024,518595,R,641329,R,field_out,False,False,117.0,0.214,28.0,23.93,10.0,8.55,0.649,0.13599999999999998,34.84,16.78,15.9,32.68,26.69,21.54,226.0,0.214,50.0,22.12,12.0,5.31,0.655,0.176,27.19,14.35,12.93,27.28,28.43,19.61,,,,,,,,,,,,,,,126.0,0.241,30.0,23.81,14.0,11.11,0.72,0.148,21.26,10.42,14.29,24.71,26.82,15.96
747026,2024-06-13,2024,623993,L,572955,R,field_out,False,False,196.0,0.211,33.0,16.84,13.0,6.63,0.7370000000000001,0.25,17.33,9.38,13.43,22.81,40.38,13.04,486.0,0.26,107.0,22.02,31.0,6.38,0.798,0.2229999999999999,22.13,11.37,14.84,26.21,37.22,15.21,40.0,0.2,13.0,32.5,5.0,12.5,0.614,0.11399999999999999,25.35,11.11,18.52,29.63,29.27,24.53,116.0,0.255,41.0,35.34,16.0,13.79,0.888,0.276,34.88,15.59,18.71,34.3,29.28,26.8
747026,2024-06-13,2024,676059,R,572955,R,double,False,False,194.0,0.298,33.0,17.01,12.0,6.19,0.879,0.23000000000000004,25.87,13.14,15.04,28.18,30.53,13.85,146.0,0.246,33.0,22.6,8.0,5.48,0.6779999999999999,0.142,22.97,11.73,16.25,27.98,29.59,19.76,51.0,0.244,16.0,31.37,5.0,9.8,0.644,0.067,34.07,15.98,19.59,35.57,30.43,26.23,161.0,0.259,49.0,30.43,14.0,8.7,0.6970000000000001,0.1149999999999999,31.85,15.3,18.91,34.21,36.56,26.63
747026,2024-06-13,2024,681297,L,572955,R,strikeout,True,False,164.0,0.248,44.0,26.83,18.0,10.98,0.812,0.22000000000000003,30.23,13.56,16.54,30.1,23.78,23.53,68.0,0.111,20.0,29.41,12.0,17.65,0.427,0.0369999999999999,26.67,10.98,17.07,28.05,21.51,17.7,40.0,0.2,13.0,32.5,5.0,12.5,0.614,0.11399999999999999,25.35,11.11,18.52,29.63,29.27,24.53,116.0,0.255,41.0,35.34,16.0,13.79,0.888,0.276,34.88,15.59,18.71,34.3,29.28,26.8
747026,2024-06-13,2024,656775,L,572955,R,walk,False,True,151.0,0.196,39.0,25.83,10.0,6.62,0.602,0.15899999999999997,20.34,10.64,13.3,23.94,28.78,21.91,336.0,0.233,77.0,22.92,31.0,9.23,0.726,0.1889999999999999,26.24,13.25,14.23,27.48,28.99,18.95,40.0,0.2,13.0,32.5,5.0,12.5,0.614,0.11399999999999999,25.35,11.11,18.52,29.63,29.27,24.53,116.0,0.255,41.0,35.34,16.0,13.79,0.888,0.276,34.88,15.59,18.71,34.3,29.28,26.8
747026,2024-06-13,2024,669065,L,572955,R,home_run,False,False,30.0,0.31,10.0,33.33,0.0,0.0,0.758,0.138,34.78,22.02,8.26,30.28,36.0,27.03,30.0,0.071,12.0,40.0,2.0,6.67,0.204,0.0,37.29,20.37,12.04,32.41,38.18,40.0,40.0,0.2,13.0,32.5,5.0,12.5,0.614,0.11399999999999999,25.35,11.11,18.52,29.63,29.27,24.53,116.0,0.255,41.0,35.34,16.0,13.79,0.888,0.276,34.88,15.59,18.71,34.3,29.28,26.8
747026,2024-06-13,2024,622761,R,572955,R,field_out,False,False,77.0,0.232,16.0,20.78,3.0,3.9,0.63,0.145,20.65,10.67,16.67,27.33,31.03,16.85,214.0,0.178,59.0,27.57,13.0,6.07,0.515,0.1099999999999999,30.51,15.04,17.45,32.49,35.45,26.94,51.0,0.244,16.0,31.37,5.0,9.8,0.644,0.067,34.07,15.98,19.59,35.57,30.43,26.23,161.0,0.259,49.0,30.43,14.0,8.7,0.6970000000000001,0.1149999999999999,31.85,15.3,18.91,34.21,36.56,26.63
747026,2024-06-13,2024,594807,R,641329,R,field_out,False,False,75.0,0.085,27.0,36.0,3.0,4.0,0.246,0.027999999999999997,27.74,13.43,19.08,32.51,32.61,30.34,260.0,0.248,76.0,29.23,18.0,6.92,0.863,0.303,29.41,13.69,18.97,32.66,32.68,27.44,,,,,,,,,,,,,,,126.0,0.241,30.0,23.81,14.0,11.11,0.72,0.148,21.26,10.42,14.29,24.71,26.82,15.96
747026,2024-06-13,2024,672284,L,657097,R,strikeout,True,False,145.0,0.261,43.0,29.66,10.0,6.9,0.735,0.16399999999999998,34.0,17.5,13.72,31.22,32.09,23.24,324.0,0.251,105.0,32.41,34.0,10.49,0.738,0.1569999999999999,35.42,16.4,14.8,31.2,29.2,26.99,42.0,0.103,9.0,21.43,3.0,7.14,0.29500000000000004,0.02500000000000001,28.95,14.86,16.22,31.08,30.88,23.08,78.0,0.246,19.0,24.36,15.0,19.23,0.79,0.147,34.42,16.36,12.04,28.4,29.88,18.27
747026,2024-06-13,2024,606115,R,657097,R,field_out,False,False,184.0,0.249,31.0,16.85,7.0,3.8,0.6990000000000001,0.173,23.28,11.81,14.72,26.53,26.97,17.03,421.0,0.255,78.0,18.53,23.0,5.46,0.6739999999999999,0.12,23.54,11.23,17.09,28.32,27.84,15.98,82.0,0.211,18.0,21.95,11.0,13.41,0.627,0.099,26.17,11.93,15.9,27.83,23.57,18.18,154.0,0.178,38.0,24.68,15.0,9.74,0.6080000000000001,0.155,31.15,16.29,14.33,30.62,34.71,18.27
747026,2024-06-13,2024,683002,L,641729,R,field_out,False,False,206.0,0.264,45.0,21.84,20.0,9.71,0.949,0.33999999999999997,25.68,11.87,14.52,26.39,23.77,22.73,455.0,0.272,117.0,25.71,38.0,8.35,0.885,0.277,25.57,12.07,15.7,27.78,26.4,22.35,51.0,0.196,14.0,27.45,5.0,9.8,0.536,0.065,29.29,14.43,19.4,33.83,32.94,20.9,94.0,0.239,26.0,27.66,5.0,5.32,0.72,0.204,32.2,16.22,15.48,31.7,24.86,16.77
747026,2024-06-13,2024,668939,L,641729,R,field_out,False,False,192.0,0.239,38.0,19.79,13.0,6.77,0.667,0.136,21.86,10.46,19.48,29.93,34.13,16.74,496.0,0.267,80.0,16.13,61.0,12.3,0.778,0.1519999999999999,16.76,6.91,19.7,26.61,24.41,12.54,51.0,0.196,14.0,27.45,5.0,9.8,0.536,0.065,29.29,14.43,19.4,33.83,32.94,20.9,94.0,0.239,26.0,27.66,5.0,5.32,0.72,0.204,32.2,16.22,15.48,31.7,24.86,16.77
747026,2024-06-13,2024,656811,L,641729,R,single,False,False,181.0,0.295,19.0,10.5,15.0,8.29,0.86,0.21100000000000002,16.78,7.56,16.74,24.3,22.7,11.95,340.0,0.297,74.0,21.76,13.0,3.82,0.802,0.178,22.26,11.29,14.37,25.66,31.15,17.72,51.0,0.196,14.0,27.45,5.0,9.8,0.536,0.065,29.29,14.43,19.4,33.83,32.94,20.9,94.0,0.239,26.0,27.66,5.0,5.32,0.72,0.204,32.2,16.22,15.48,31.7,24.86,16.77
747026,2024-06-13,2024,623993,L,641729,R,field_out,False,False,196.0,0.211,33.0,16.84,13.0,6.63,0.7370000000000001,0.25,17.33,9.38,13.43,22.81,40.38,13.04,486.0,0.26,107.0,22.02,31.0,6.38,0.798,0.2229999999999999,22.13,11.37,14.84,26.21,37.22,15.21,51.0,0.196,14.0,27.45,5.0,9.8,0.536,0.065,29.29,14.43,19.4,33.83,32.94,20.9,94.0,0.239,26.0,27.66,5.0,5.32,0.72,0.204,32.2,16.22,15.48,31.7,24.86,16.77
747026,2024-06-13,2024,671739,L,672335,L,field_error,False,False,88.0,0.259,19.0,21.59,2.0,2.27,0.59,0.046999999999999986,28.05,15.75,17.12,32.88,44.03,23.17,139.0,0.301,25.0,17.99,3.0,2.16,0.797,0.165,22.64,11.79,19.84,31.63,41.0,16.23,30.0,0.143,8.0,26.67,1.0,3.33,0.41400000000000003,0.07100000000000001,25.93,13.21,13.21,26.42,32.69,29.63,109.0,0.213,24.0,22.02,13.0,11.93,0.602,0.0739999999999999,21.23,9.38,17.28,26.67,28.02,21.24
747026,2024-06-13,2024,645277,R,672335,L,double,False,False,67.0,0.288,8.0,11.94,1.0,1.49,0.738,0.15100000000000002,20.69,11.71,9.76,21.46,31.78,25.0,133.0,0.391,18.0,13.53,4.0,3.01,1.023,0.2259999999999999,19.5,11.51,10.25,21.76,42.91,12.77,41.0,0.25,9.0,21.95,5.0,12.2,0.702,0.11099999999999999,32.81,14.29,17.01,31.29,25.0,21.95,139.0,0.305,20.0,14.39,14.0,10.07,0.771,0.076,19.11,8.9,16.36,25.26,26.96,15.87
747026,2024-06-13,2024,542303,R,672335,L,field_out,False,False,80.0,0.362,20.0,25.0,11.0,13.75,0.986,0.17400000000000004,30.86,15.0,12.78,27.78,26.13,15.27,139.0,0.278,25.0,17.99,13.0,9.35,0.98,0.357,22.56,11.13,13.17,24.3,30.63,15.53,41.0,0.25,9.0,21.95,5.0,12.2,0.702,0.11099999999999999,32.81,14.29,17.01,31.29,25.0,21.95,139.0,0.305,20.0,14.39,14.0,10.07,0.771,0.076,19.11,8.9,16.36,25.26,26.96,15.87
747026,2024-06-13,2024,621566,L,672335,L,double,False,False,89.0,0.275,20.0,22.47,5.0,5.62,0.887,0.275,23.26,11.36,14.49,25.85,26.29,16.39,182.0,0.252,52.0,28.57,14.0,7.69,0.7989999999999999,0.239,31.07,15.01,14.87,29.88,27.47,21.94,30.0,0.143,8.0,26.67,1.0,3.33,0.41400000000000003,0.07100000000000001,25.93,13.21,13.21,26.42,32.69,29.63,109.0,0.213,24.0,22.02,13.0,11.93,0.602,0.0739999999999999,21.23,9.38,17.28,26.67,28.02,21.24
747026,2024-06-13,2024,663586,R,672335,L,strikeout,True,False,66.0,0.2,14.0,21.21,6.0,9.09,0.556,0.08299999999999996,24.19,12.5,10.0,22.5,24.58,21.21,149.0,0.289,35.0,23.49,17.0,11.41,0.94,0.289,28.03,13.64,12.46,26.09,26.11,18.72,41.0,0.25,9.0,21.95,5.0,12.2,0.702,0.11099999999999999,32.81,14.29,17.01,31.29,25.0,21.95,139.0,0.305,20.0,14.39,14.0,10.07,0.771,0.076,19.11,8.9,16.36,25.26,26.96,15.87
747026,2024-06-13,2024,518595,R,672335,L,hit_by_pitch,False,False,39.0,0.333,8.0,20.51,2.0,5.13,1.081,0.38899999999999996,28.57,15.79,9.21,25.0,30.38,16.0,66.0,0.263,17.0,25.76,9.0,13.64,0.7849999999999999,0.1579999999999999,33.33,16.36,10.91,27.27,23.57,19.1,41.0,0.25,9.0,21.95,5.0,12.2,0.702,0.11099999999999999,32.81,14.29,17.01,31.29,25.0,21.95,139.0,0.305,20.0,14.39,14.0,10.07,0.771,0.076,19.11,8.9,16.36,25.26,26.96,15.87
747026,2024-06-13,2024,594807,R,672335,L,field_out,False,False,79.0,0.262,13.0,16.46,11.0,13.92,0.949,0.30699999999999994,18.44,8.25,17.14,25.4,23.35,12.38,93.0,0.244,34.0,36.56,4.0,4.3,0.757,0.2329999999999999,34.95,18.31,16.34,34.65,37.97,29.82,41.0,0.25,9.0,21.95,5.0,12.2,0.702,0.11099999999999999,32.81,14.29,17.01,31.29,25.0,21.95,139.0,0.305,20.0,14.39,14.0,10.07,0.771,0.076,19.11,8.9,16.36,25.26,26.96,15.87
747026,2024-06-13,2024,676059,R,628452,R,hit_by_pitch,False,False,194.0,0.298,33.0,17.01,12.0,6.19,0.879,0.23000000000000004,25.87,13.14,15.04,28.18,30.53,13.85,146.0,0.246,33.0,22.6,8.0,5.48,0.6779999999999999,0.142,22.97,11.73,16.25,27.98,29.59,19.76,45.0,0.214,6.0,13.33,2.0,4.44,0.577,0.096,23.08,10.65,13.61,24.26,26.14,16.22,108.0,0.221,37.0,34.26,4.0,3.7,0.587,0.116,33.75,18.93,13.79,32.71,38.6,26.62
747026,2024-06-13,2024,681297,L,628452,R,force_out,False,False,164.0,0.248,44.0,26.83,18.0,10.98,0.812,0.22000000000000003,30.23,13.56,16.54,30.1,23.78,23.53,68.0,0.111,20.0,29.41,12.0,17.65,0.427,0.0369999999999999,26.67,10.98,17.07,28.05,21.51,17.7,50.0,0.174,11.0,22.0,3.0,6.0,0.441,0.04300000000000001,27.17,14.71,14.12,28.82,35.56,27.5,123.0,0.255,31.0,25.2,11.0,8.94,0.735,0.1629999999999999,31.56,15.78,14.44,30.22,32.92,28.44
747026,2024-06-13,2024,656775,L,628452,R,single,False,False,151.0,0.196,39.0,25.83,10.0,6.62,0.602,0.15899999999999997,20.34,10.64,13.3,23.94,28.78,21.91,336.0,0.233,77.0,22.92,31.0,9.23,0.726,0.1889999999999999,26.24,13.25,14.23,27.48,28.99,18.95,50.0,0.174,11.0,22.0,3.0,6.0,0.441,0.04300000000000001,27.17,14.71,14.12,28.82,35.56,27.5,123.0,0.255,31.0,25.2,11.0,8.94,0.735,0.1629999999999999,31.56,15.78,14.44,30.22,32.92,28.44
747026,2024-06-13,2024,669065,L,628452,R,field_out,False,False,30.0,0.31,10.0,33.33,0.0,0.0,0.758,0.138,34.78,22.02,8.26,30.28,36.0,27.03,30.0,0.071,12.0,40.0,2.0,6.67,0.204,0.0,37.29,20.37,12.04,32.41,38.18,40.0,50.0,0.174,11.0,22.0,3.0,6.0,0.441,0.04300000000000001,27.17,14.71,14.12,28.82,35.56,27.5,123.0,0.255,31.0,25.2,11.0,8.94,0.735,0.1629999999999999,31.56,15.78,14.44,30.22,32.92,28.44
747026,2024-06-13,2024,663624,R,628452,R,field_out,False,False,188.0,0.274,43.0,22.87,10.0,5.32,0.8,0.21199999999999997,23.19,12.69,12.41,25.1,36.87,18.86,310.0,0.235,78.0,25.16,22.0,7.1,0.6399999999999999,0.1139999999999999,29.78,16.05,13.56,29.61,37.06,21.61,45.0,0.214,6.0,13.33,2.0,4.44,0.577,0.096,23.08,10.65,13.61,24.26,26.14,16.22,108.0,0.221,37.0,34.26,4.0,3.7,0.587,0.116,33.75,18.93,13.79,32.71,38.6,26.62
746137,2024-06-13,2024,543760,R,621111,R,single,False,False,208.0,0.223,28.0,13.46,18.0,8.65,0.665,0.149,20.95,10.7,13.55,24.25,25.5,16.28,544.0,0.273,77.0,14.15,52.0,9.56,0.8360000000000001,0.2199999999999999,18.01,8.45,14.48,22.93,21.97,13.9,72.0,0.203,12.0,16.67,6.0,8.33,0.669,0.188,16.36,6.92,18.85,25.77,18.18,20.34,,,,,,,,,,,,,,
746137,2024-06-13,2024,608369,L,621111,R,walk,False,True,169.0,0.285,19.0,11.24,30.0,17.75,0.9610000000000001,0.26200000000000007,19.58,9.41,8.4,17.82,23.15,13.77,370.0,0.333,55.0,14.86,42.0,11.35,1.075,0.334,23.9,12.77,6.35,19.12,27.26,15.8,76.0,0.366,17.0,22.37,3.0,3.95,1.006,0.24,18.83,9.03,18.07,27.1,27.1,16.5,,,,,,,,,,,,,,
746137,2024-06-13,2024,666969,R,621111,R,grounded_into_double_play,False,False,181.0,0.193,46.0,25.41,11.0,6.08,0.641,0.199,34.75,18.06,11.6,29.66,34.61,24.47,480.0,0.245,138.0,28.75,41.0,8.54,0.8260000000000001,0.264,31.65,15.93,13.92,29.85,32.02,21.97,72.0,0.203,12.0,16.67,6.0,8.33,0.669,0.188,16.36,6.92,18.85,25.77,18.18,20.34,,,,,,,,,,,,,,
746137,2024-06-13,2024,669701,L,621111,R,field_out,False,False,177.0,0.279,28.0,15.82,17.0,9.6,0.802,0.14999999999999997,17.81,8.32,18.25,26.57,23.49,13.02,200.0,0.194,46.0,23.0,19.0,9.5,0.623,0.13,20.71,8.96,19.58,28.54,22.65,15.97,76.0,0.366,17.0,22.37,3.0,3.95,1.006,0.24,18.83,9.03,18.07,27.1,27.1,16.5,,,,,,,,,,,,,,
746137,2024-06-13,2024,605141,R,592351,R,field_out,False,False,211.0,0.294,25.0,11.85,34.0,16.11,0.8999999999999999,0.198,16.25,6.05,20.61,26.66,18.36,9.47,509.0,0.309,85.0,16.7,66.0,12.97,0.949,0.237,17.85,6.92,20.25,27.17,17.64,15.12,132.0,0.227,34.0,25.76,3.0,2.27,0.5409999999999999,0.06999999999999998,32.73,18.07,14.26,32.33,40.0,20.86,324.0,0.262,73.0,22.53,19.0,5.86,0.6970000000000001,0.1169999999999999,29.56,16.06,15.52,31.58,36.67,22.88
746137,2024-06-13,2024,660271,L,592351,R,home_run,False,False,191.0,0.319,40.0,20.94,24.0,12.57,1.1,0.36800000000000005,29.41,14.23,13.2,27.43,30.31,18.18,429.0,0.327,99.0,23.08,64.0,14.92,1.132,0.3739999999999999,32.88,15.48,11.59,27.07,28.86,20.75,127.0,0.245,29.0,22.83,16.0,12.6,0.73,0.14600000000000002,21.98,9.79,15.74,25.53,22.31,19.21,335.0,0.25,69.0,20.6,35.0,10.45,0.753,0.1709999999999999,23.27,11.0,15.21,26.21,28.53,18.96
746137,2024-06-13,2024,518692,L,592351,R,single,False,False,185.0,0.342,29.0,15.68,26.0,14.05,1.025,0.24499999999999994,19.83,9.26,11.77,21.03,23.1,13.43,514.0,0.33,81.0,15.76,57.0,11.09,0.962,0.218,19.83,9.77,11.31,21.08,27.01,16.63,127.0,0.245,29.0,22.83,16.0,12.6,0.73,0.14600000000000002,21.98,9.79,15.74,25.53,22.31,19.21,335.0,0.25,69.0,20.6,35.0,10.45,0.753,0.1709999999999999,23.27,11.0,15.21,26.21,28.53,18.96
746137,2024-06-13,2024,669257,R,592351,R,field_out,False,False,172.0,0.242,29.0,16.86,12.0,6.98,0.7070000000000001,0.16300000000000003,18.7,9.13,15.21,24.34,27.62,12.72,407.0,0.268,67.0,16.46,42.0,10.32,0.7949999999999999,0.1659999999999999,19.27,8.8,16.84,25.64,24.5,12.79,132.0,0.227,34.0,25.76,3.0,2.27,0.5409999999999999,0.06999999999999998,32.73,18.07,14.26,32.33,40.0,20.86,324.0,0.262,73.0,22.53,19.0,5.86,0.6970000000000001,0.1169999999999999,29.56,16.06,15.52,31.58,36.67,22.88
746137,2024-06-13,2024,606192,R,592351,R,field_out,False,False,206.0,0.262,59.0,28.64,19.0,9.22,0.8220000000000001,0.21899999999999997,34.77,18.11,12.43,30.53,29.29,20.7,529.0,0.249,164.0,31.0,33.0,6.24,0.718,0.1639999999999999,36.92,19.57,14.44,34.01,34.81,23.06,132.0,0.227,34.0,25.76,3.0,2.27,0.5409999999999999,0.06999999999999998,32.73,18.07,14.26,32.33,40.0,20.86,324.0,0.262,73.0,22.53,19.0,5.86,0.6970000000000001,0.1169999999999999,29.56,16.06,15.52,31.58,36.67,22.88
746137,2024-06-13,2024,663993,L,621111,R,field_out,False,False,123.0,0.252,23.0,18.7,17.0,13.82,0.708,0.09799999999999998,14.95,6.1,18.29,24.38,25.8,14.11,505.0,0.279,113.0,22.38,69.0,13.66,0.833,0.172,19.81,8.64,15.62,24.26,19.45,16.87,76.0,0.366,17.0,22.37,3.0,3.95,1.006,0.24,18.83,9.03,18.07,27.1,27.1,16.5,,,,,,,,,,,,,,
746137,2024-06-13,2024,694671,R,621111,R,single,False,False,133.0,0.238,25.0,18.8,10.0,7.52,0.588,0.04899999999999999,20.08,8.89,19.24,28.13,23.76,13.81,,,,,,,,,,,,,,,72.0,0.203,12.0,16.67,6.0,8.33,0.669,0.188,16.36,6.92,18.85,25.77,18.18,20.34,,,,,,,,,,,,,,
746137,2024-06-13,2024,641680,L,621111,R,field_out,False,False,165.0,0.237,35.0,21.21,8.0,4.85,0.625,0.10899999999999999,21.14,10.93,13.54,24.47,32.8,22.01,411.0,0.243,82.0,19.95,33.0,8.03,0.733,0.185,23.06,11.69,13.75,25.44,29.36,17.15,76.0,0.366,17.0,22.37,3.0,3.95,1.006,0.24,18.83,9.03,18.07,27.1,27.1,16.5,,,,,,,,,,,,,,
746137,2024-06-13,2024,677649,R,621111,R,field_out,False,False,87.0,0.289,20.0,22.99,3.0,3.45,0.72,0.10900000000000004,23.78,13.25,11.45,24.7,37.71,16.0,308.0,0.277,86.0,27.92,13.0,4.22,0.738,0.1409999999999999,28.89,15.73,13.64,29.37,39.12,22.25,72.0,0.203,12.0,16.67,6.0,8.33,0.669,0.188,16.36,6.92,18.85,25.77,18.18,20.34,,,,,,,,,,,,,,
746137,2024-06-13,2024,666158,L,592351,R,field_out,False,False,166.0,0.229,36.0,21.69,12.0,7.23,0.599,0.08499999999999999,19.1,8.4,19.08,27.48,19.08,18.65,,,,,,,,,,,,,,,127.0,0.245,29.0,22.83,16.0,12.6,0.73,0.14600000000000002,21.98,9.79,15.74,25.53,22.31,19.21,335.0,0.25,69.0,20.6,35.0,10.45,0.753,0.1709999999999999,23.27,11.0,15.21,26.21,28.53,18.96
746137,2024-06-13,2024,681624,R,592351,R,single,False,False,153.0,0.234,43.0,28.1,9.0,5.88,0.683,0.153,28.44,15.55,12.21,27.76,32.66,20.57,,,,,,,,,,,,,,,132.0,0.227,34.0,25.76,3.0,2.27,0.5409999999999999,0.06999999999999998,32.73,18.07,14.26,32.33,40.0,20.86,324.0,0.262,73.0,22.53,19.0,5.86,0.6970000000000001,0.1169999999999999,29.56,16.06,15.52,31.58,36.67,22.88
746137,2024-06-13,2024,518792,L,592351,R,strikeout,True,False,66.0,0.211,11.0,16.67,7.0,10.61,0.757,0.228,24.64,12.73,12.73,25.47,32.12,13.41,349.0,0.276,57.0,16.33,32.0,9.17,0.818,0.1949999999999999,20.45,9.51,16.77,26.27,27.56,15.45,127.0,0.245,29.0,22.83,16.0,12.6,0.73,0.14600000000000002,21.98,9.79,15.74,25.53,22.31,19.21,335.0,0.25,69.0,20.6,35.0,10.45,0.753,0.1709999999999999,23.27,11.0,15.21,26.21,28.53,18.96
746137,2024-06-13,2024,624415,L,592351,R,field_out,False,False,113.0,0.191,35.0,30.97,12.0,10.62,0.619,0.10699999999999998,22.09,8.03,24.95,32.98,17.86,22.88,286.0,0.223,69.0,24.13,36.0,12.59,0.7090000000000001,0.149,23.33,9.24,21.47,30.71,15.66,18.6,127.0,0.245,29.0,22.83,16.0,12.6,0.73,0.14600000000000002,21.98,9.79,15.74,25.53,22.31,19.21,335.0,0.25,69.0,20.6,35.0,10.45,0.753,0.1709999999999999,23.27,11.0,15.21,26.21,28.53,18.96
746137,2024-06-13,2024,665750,L,621111,R,field_out,False,False,165.0,0.23,30.0,18.18,13.0,7.88,0.653,0.13199999999999998,22.55,11.29,15.55,26.84,31.39,17.05,405.0,0.275,86.0,21.23,25.0,6.17,0.767,0.174,24.9,12.5,15.05,27.55,29.44,18.34,76.0,0.366,17.0,22.37,3.0,3.95,1.006,0.24,18.83,9.03,18.07,27.1,27.1,16.5,,,,,,,,,,,,,,
746137,2024-06-13,2024,543760,R,621111,R,field_out,False,False,208.0,0.223,28.0,13.46,18.0,8.65,0.665,0.149,20.95,10.7,13.55,24.25,25.5,16.28,544.0,0.273,77.0,14.15,52.0,9.56,0.8360000000000001,0.2199999999999999,18.01,8.45,14.48,22.93,21.97,13.9,72.0,0.203,12.0,16.67,6.0,8.33,0.669,0.188,16.36,6.92,18.85,25.77,18.18,20.34,,,,,,,,,,,,,,
746137,2024-06-13,2024,608369,L,621111,R,field_out,False,False,169.0,0.285,19.0,11.24,30.0,17.75,0.9610000000000001,0.26200000000000007,19.58,9.41,8.4,17.82,23.15,13.77,370.0,0.333,55.0,14.86,42.0,11.35,1.075,0.334,23.9,12.77,6.35,19.12,27.26,15.8,76.0,0.366,17.0,22.37,3.0,3.95,1.006,0.24,18.83,9.03,18.07,27.1,27.1,16.5,,,,,,,,,,,,,,
746137,2024-06-13,2024,605141,R,592351,R,single,False,False,211.0,0.294,25.0,11.85,34.0,16.11,0.8999999999999999,0.198,16.25,6.05,20.61,26.66,18.36,9.47,509.0,0.309,85.0,16.7,66.0,12.97,0.949,0.237,17.85,6.92,20.25,27.17,17.64,15.12,132.0,0.227,34.0,25.76,3.0,2.27,0.5409999999999999,0.06999999999999998,32.73,18.07,14.26,32.33,40.0,20.86,324.0,0.262,73.0,22.53,19.0,5.86,0.6970000000000001,0.1169999999999999,29.56,16.06,15.52,31.58,36.67,22.88
746137,2024-06-13,2024,660271,L,592351,R,field_out,False,False,191.0,0.319,40.0,20.94,24.0,12.57,1.1,0.36800000000000005,29.41,14.23,13.2,27.43,30.31,18.18,429.0,0.327,99.0,23.08,64.0,14.92,1.132,0.3739999999999999,32.88,15.48,11.59,27.07,28.86,20.75,127.0,0.245,29.0,22.83,16.0,12.6,0.73,0.14600000000000002,21.98,9.79,15.74,25.53,22.31,19.21,335.0,0.25,69.0,20.6,35.0,10.45,0.753,0.1709999999999999,23.27,11.0,15.21,26.21,28.53,18.96
746137,2024-06-13,2024,518692,L,592351,R,walk,False,True,185.0,0.342,29.0,15.68,26.0,14.05,1.025,0.24499999999999994,19.83,9.26,11.77,21.03,23.1,13.43,514.0,0.33,81.0,15.76,57.0,11.09,0.962,0.218,19.83,9.77,11.31,21.08,27.01,16.63,127.0,0.245,29.0,22.83,16.0,12.6,0.73,0.14600000000000002,21.98,9.79,15.74,25.53,22.31,19.21,335.0,0.25,69.0,20.6,35.0,10.45,0.753,0.1709999999999999,23.27,11.0,15.21,26.21,28.53,18.96
746137,2024-06-13,2024,669257,R,592351,R,strikeout,True,False,172.0,0.242,29.0,16.86,12.0,6.98,0.7070000000000001,0.16300000000000003,18.7,9.13,15.21,24.34,27.62,12.72,407.0,0.268,67.0,16.46,42.0,10.32,0.7949999999999999,0.1659999999999999,19.27,8.8,16.84,25.64,24.5,12.79,132.0,0.227,34.0,25.76,3.0,2.27,0.5409999999999999,0.06999999999999998,32.73,18.07,14.26,32.33,40.0,20.86,324.0,0.262,73.0,22.53,19.0,5.86,0.6970000000000001,0.1169999999999999,29.56,16.06,15.52,31.58,36.67,22.88
746137,2024-06-13,2024,606192,R,592351,R,strikeout,True,False,206.0,0.262,59.0,28.64,19.0,9.22,0.8220000000000001,0.21899999999999997,34.77,18.11,12.43,30.53,29.29,20.7,529.0,0.249,164.0,31.0,33.0,6.24,0.718,0.1639999999999999,36.92,19.57,14.44,34.01,34.81,23.06,132.0,0.227,34.0,25.76,3.0,2.27,0.5409999999999999,0.06999999999999998,32.73,18.07,14.26,32.33,40.0,20.86,324.0,0.262,73.0,22.53,19.0,5.86,0.6970000000000001,0.1169999999999999,29.56,16.06,15.52,31.58,36.67,22.88
746137,2024-06-13,2024,666969,R,621111,R,field_out,False,False,181.0,0.193,46.0,25.41,11.0,6.08,0.641,0.199,34.75,18.06,11.6,29.66,34.61,24.47,480.0,0.245,138.0,28.75,41.0,8.54,0.8260000000000001,0.264,31.65,15.93,13.92,29.85,32.02,21.97,72.0,0.203,12.0,16.67,6.0,8.33,0.669,0.188,16.36,6.92,18.85,25.77,18.18,20.34,,,,,,,,,,,,,,
746137,2024-06-13,2024,669701,L,621111,R,single,False,False,177.0,0.279,28.0,15.82,17.0,9.6,0.802,0.14999999999999997,17.81,8.32,18.25,26.57,23.49,13.02,200.0,0.194,46.0,23.0,19.0,9.5,0.623,0.13,20.71,8.96,19.58,28.54,22.65,15.97,76.0,0.366,17.0,22.37,3.0,3.95,1.006,0.24,18.83,9.03,18.07,27.1,27.1,16.5,,,,,,,,,,,,,,
746137,2024-06-13,2024,663993,L,621111,R,single,False,False,123.0,0.252,23.0,18.7,17.0,13.82,0.708,0.09799999999999998,14.95,6.1,18.29,24.38,25.8,14.11,505.0,0.279,113.0,22.38,69.0,13.66,0.833,0.172,19.81,8.64,15.62,24.26,19.45,16.87,76.0,0.366,17.0,22.37,3.0,3.95,1.006,0.24,18.83,9.03,18.07,27.1,27.1,16.5,,,,,,,,,,,,,,
746137,2024-06-13,2024,694671,R,621111,R,strikeout,True,False,133.0,0.238,25.0,18.8,10.0,7.52,0.588,0.04899999999999999,20.08,8.89,19.24,28.13,23.76,13.81,,,,,,,,,,,,,,,72.0,0.203,12.0,16.67,6.0,8.33,0.669,0.188,16.36,6.92,18.85,25.77,18.18,20.34,,,,,,,,,,,,,,
746137,2024-06-13,2024,641680,L,621111,R,strikeout,True,False,165.0,0.237,35.0,21.21,8.0,4.85,0.625,0.10899999999999999,21.14,10.93,13.54,24.47,32.8,22.01,411.0,0.243,82.0,19.95,33.0,8.03,0.733,0.185,23.06,11.69,13.75,25.44,29.36,17.15,76.0,0.366,17.0,22.37,3.0,3.95,1.006,0.24,18.83,9.03,18.07,27.1,27.1,16.5,,,,,,,,,,,,,,
746137,2024-06-13,2024,666158,L,656641,L,field_out,False,False,17.0,0.125,4.0,23.53,1.0,5.88,0.301,0.0,33.33,14.93,22.39,37.31,14.81,23.53,,,,,,,,,,,,,,,49.0,0.238,12.0,24.49,7.0,14.29,0.704,0.119,25.96,11.79,13.97,25.76,25.0,15.58,5.0,0.0,2.0,40.0,0.0,0.0,0.0,0.0,10.0,4.35,17.39,21.74,28.57,28.57
746137,2024-06-13,2024,681624,R,656641,L,field_out,False,False,47.0,0.364,13.0,27.66,2.0,4.26,0.86,0.11299999999999999,22.43,11.82,14.29,26.11,34.65,18.06,,,,,,,,,,,,,,,72.0,0.2,13.0,18.06,6.0,8.33,0.54,0.062,29.73,15.49,11.97,27.46,36.71,14.61,17.0,0.071,3.0,17.65,3.0,17.65,0.306,0.0,34.29,16.44,15.07,31.51,34.04,11.54
746137,2024-06-13,2024,518792,L,656641,L,strikeout,True,False,4.0,0.5,2.0,50.0,0.0,0.0,1.75,0.75,50.0,33.33,11.11,44.44,60.0,28.57,28.0,0.192,7.0,25.0,2.0,7.14,0.75,0.308,23.64,11.93,19.27,31.19,40.0,22.58,49.0,0.238,12.0,24.49,7.0,14.29,0.704,0.119,25.96,11.79,13.97,25.76,25.0,15.58,5.0,0.0,2.0,40.0,0.0,0.0,0.0,0.0,10.0,4.35,17.39,21.74,28.57,28.57
746137,2024-06-13,2024,677649,R,621111,R,field_out,False,False,87.0,0.289,20.0,22.99,3.0,3.45,0.72,0.10900000000000004,23.78,13.25,11.45,24.7,37.71,16.0,308.0,0.277,86.0,27.92,13.0,4.22,0.738,0.1409999999999999,28.89,15.73,13.64,29.37,39.12,22.25,72.0,0.203,12.0,16.67,6.0,8.33,0.669,0.188,16.36,6.92,18.85,25.77,18.18,20.34,,,,,,,,,,,,,,
746137,2024-06-13,2024,665750,L,621111,R,single,False,False,165.0,0.23,30.0,18.18,13.0,7.88,0.653,0.13199999999999998,22.55,11.29,15.55,26.84,31.39,17.05,405.0,0.275,86.0,21.23,25.0,6.17,0.767,0.174,24.9,12.5,15.05,27.55,29.44,18.34,76.0,0.366,17.0,22.37,3.0,3.95,1.006,0.24,18.83,9.03,18.07,27.1,27.1,16.5,,,,,,,,,,,,,,
746137,2024-06-13,2024,543760,R,621111,R,field_error,False,False,208.0,0.223,28.0,13.46,18.0,8.65,0.665,0.149,20.95,10.7,13.55,24.25,25.5,16.28,544.0,0.273,77.0,14.15,52.0,9.56,0.8360000000000001,0.2199999999999999,18.01,8.45,14.48,22.93,21.97,13.9,72.0,0.203,12.0,16.67,6.0,8.33,0.669,0.188,16.36,6.92,18.85,25.77,18.18,20.34,,,,,,,,,,,,,,
746137,2024-06-13,2024,608369,L,621111,R,home_run,False,False,169.0,0.285,19.0,11.24,30.0,17.75,0.9610000000000001,0.26200000000000007,19.58,9.41,8.4,17.82,23.15,13.77,370.0,0.333,55.0,14.86,42.0,11.35,1.075,0.334,23.9,12.77,6.35,19.12,27.26,15.8,76.0,0.366,17.0,22.37,3.0,3.95,1.006,0.24,18.83,9.03,18.07,27.1,27.1,16.5,,,,,,,,,,,,,,
746137,2024-06-13,2024,666969,R,621111,R,field_out,False,False,181.0,0.193,46.0,25.41,11.0,6.08,0.641,0.199,34.75,18.06,11.6,29.66,34.61,24.47,480.0,0.245,138.0,28.75,41.0,8.54,0.8260000000000001,0.264,31.65,15.93,13.92,29.85,32.02,21.97,72.0,0.203,12.0,16.67,6.0,8.33,0.669,0.188,16.36,6.92,18.85,25.77,18.18,20.34,,,,,,,,,,,,,,
746137,2024-06-13,2024,669701,L,621111,R,single,False,False,177.0,0.279,28.0,15.82,17.0,9.6,0.802,0.14999999999999997,17.81,8.32,18.25,26.57,23.49,13.02,200.0,0.194,46.0,23.0,19.0,9.5,0.623,0.13,20.71,8.96,19.58,28.54,22.65,15.97,76.0,0.366,17.0,22.37,3.0,3.95,1.006,0.24,18.83,9.03,18.07,27.1,27.1,16.5,,,,,,,,,,,,,,
746137,2024-06-13,2024,663993,L,621111,R,force_out,False,False,123.0,0.252,23.0,18.7,17.0,13.82,0.708,0.09799999999999998,14.95,6.1,18.29,24.38,25.8,14.11,505.0,0.279,113.0,22.38,69.0,13.66,0.833,0.172,19.81,8.64,15.62,24.26,19.45,16.87,76.0,0.366,17.0,22.37,3.0,3.95,1.006,0.24,18.83,9.03,18.07,27.1,27.1,16.5,,,,,,,,,,,,,,
746137,2024-06-13,2024,624415,L,656641,L,single,False,False,21.0,0.263,7.0,33.33,2.0,9.52,0.5960000000000001,0.0,28.57,10.39,29.87,40.26,15.15,26.92,53.0,0.298,19.0,35.85,4.0,7.55,0.72,0.064,26.44,10.5,21.0,31.51,17.14,31.67,49.0,0.238,12.0,24.49,7.0,14.29,0.704,0.119,25.96,11.79,13.97,25.76,25.0,15.58,5.0,0.0,2.0,40.0,0.0,0.0,0.0,0.0,10.0,4.35,17.39,21.74,28.57,28.57
746137,2024-06-13,2024,605141,R,656641,L,grounded_into_double_play,False,False,93.0,0.301,7.0,7.53,10.0,10.75,0.8340000000000001,0.15700000000000003,10.64,3.95,21.05,25.0,20.98,7.37,184.0,0.3,22.0,11.96,30.0,16.3,1.097,0.373,13.08,4.64,20.77,25.41,13.65,12.72,72.0,0.2,13.0,18.06,6.0,8.33,0.54,0.062,29.73,15.49,11.97,27.46,36.71,14.61,17.0,0.071,3.0,17.65,3.0,17.65,0.306,0.0,34.29,16.44,15.07,31.51,34.04,11.54
746137,2024-06-13,2024,660271,L,656641,L,field_out,False,False,98.0,0.297,23.0,23.47,6.0,6.12,0.777,0.14300000000000002,26.82,12.31,18.21,30.51,27.23,19.83,170.0,0.245,44.0,25.88,27.0,15.88,0.897,0.287,30.62,13.88,13.59,27.47,31.74,23.04,49.0,0.238,12.0,24.49,7.0,14.29,0.704,0.119,25.96,11.79,13.97,25.76,25.0,15.58,5.0,0.0,2.0,40.0,0.0,0.0,0.0,0.0,10.0,4.35,17.39,21.74,28.57,28.57
746137,2024-06-13,2024,694671,R,670990,R,field_out,False,False,133.0,0.238,25.0,18.8,10.0,7.52,0.588,0.04899999999999999,20.08,8.89,19.24,28.13,23.76,13.81,,,,,,,,,,,,,,,70.0,0.254,11.0,15.71,5.0,7.14,0.764,0.15299999999999997,20.75,8.37,20.91,29.28,24.22,18.03,102.0,0.233,23.0,22.55,9.0,8.82,0.6220000000000001,0.046,21.23,8.86,20.05,28.9,26.96,16.08
746137,2024-06-13,2024,641680,L,670990,R,field_out,False,False,165.0,0.237,35.0,21.21,8.0,4.85,0.625,0.10899999999999999,21.14,10.93,13.54,24.47,32.8,22.01,411.0,0.243,82.0,19.95,33.0,8.03,0.733,0.185,23.06,11.69,13.75,25.44,29.36,17.15,44.0,0.184,13.0,29.55,4.0,9.09,0.558,0.07900000000000001,35.38,13.53,18.24,31.76,22.34,34.21,74.0,0.311,12.0,16.22,8.0,10.81,0.907,0.1639999999999999,19.44,7.24,20.0,27.24,18.59,17.14
746137,2024-06-13,2024,677649,R,670990,R,double,False,False,87.0,0.289,20.0,22.99,3.0,3.45,0.72,0.10900000000000004,23.78,13.25,11.45,24.7,37.71,16.0,308.0,0.277,86.0,27.92,13.0,4.22,0.738,0.1409999999999999,28.89,15.73,13.64,29.37,39.12,22.25,70.0,0.254,11.0,15.71,5.0,7.14,0.764,0.15299999999999997,20.75,8.37,20.91,29.28,24.22,18.03,102.0,0.233,23.0,22.55,9.0,8.82,0.6220000000000001,0.046,21.23,8.86,20.05,28.9,26.96,16.08
746137,2024-06-13,2024,665750,L,670990,R,field_out,False,False,165.0,0.23,30.0,18.18,13.0,7.88,0.653,0.13199999999999998,22.55,11.29,15.55,26.84,31.39,17.05,405.0,0.275,86.0,21.23,25.0,6.17,0.767,0.174,24.9,12.5,15.05,27.55,29.44,18.34,44.0,0.184,13.0,29.55,4.0,9.09,0.558,0.07900000000000001,35.38,13.53,18.24,31.76,22.34,34.21,74.0,0.311,12.0,16.22,8.0,10.81,0.907,0.1639999999999999,19.44,7.24,20.0,27.24,18.59,17.14
746137,2024-06-13,2024,518692,L,656641,L,walk,False,True,108.0,0.233,18.0,16.67,11.0,10.19,0.7030000000000001,0.13399999999999998,21.76,11.46,12.44,23.9,31.37,13.04,218.0,0.335,40.0,18.35,15.0,6.88,1.008,0.2739999999999999,21.54,11.31,11.07,22.38,26.41,16.0,49.0,0.238,12.0,24.49,7.0,14.29,0.704,0.119,25.96,11.79,13.97,25.76,25.0,15.58,5.0,0.0,2.0,40.0,0.0,0.0,0.0,0.0,10.0,4.35,17.39,21.74,28.57,28.57
746137,2024-06-13,2024,669257,R,600917,R,field_out,False,False,172.0,0.242,29.0,16.86,12.0,6.98,0.7070000000000001,0.16300000000000003,18.7,9.13,15.21,24.34,27.62,12.72,407.0,0.268,67.0,16.46,42.0,10.32,0.7949999999999999,0.1659999999999999,19.27,8.8,16.84,25.64,24.5,12.79,79.0,0.157,29.0,36.71,7.0,8.86,0.558,0.157,40.24,19.21,12.99,32.2,28.12,23.97,158.0,0.149,50.0,31.65,16.0,10.13,0.496,0.106,38.34,18.88,11.63,30.51,34.32,24.27
746137,2024-06-13,2024,606192,R,600917,R,field_out,False,False,206.0,0.262,59.0,28.64,19.0,9.22,0.8220000000000001,0.21899999999999997,34.77,18.11,12.43,30.53,29.29,20.7,529.0,0.249,164.0,31.0,33.0,6.24,0.718,0.1639999999999999,36.92,19.57,14.44,34.01,34.81,23.06,79.0,0.157,29.0,36.71,7.0,8.86,0.558,0.157,40.24,19.21,12.99,32.2,28.12,23.97,158.0,0.149,50.0,31.65,16.0,10.13,0.496,0.106,38.34,18.88,11.63,30.51,34.32,24.27
746137,2024-06-13,2024,666158,L,600917,R,caught_stealing_2b,False,False,166.0,0.229,36.0,21.69,12.0,7.23,0.599,0.08499999999999999,19.1,8.4,19.08,27.48,19.08,18.65,,,,,,,,,,,,,,,49.0,0.171,11.0,22.45,12.0,24.49,0.625,0.057999999999999996,28.95,10.78,16.67,27.45,18.64,18.64,75.0,0.262,17.0,22.67,12.0,16.0,0.764,0.1149999999999999,29.58,12.96,14.2,27.16,25.84,16.5
746137,2024-06-13,2024,543760,R,595014,R,field_out,False,False,208.0,0.223,28.0,13.46,18.0,8.65,0.665,0.149,20.95,10.7,13.55,24.25,25.5,16.28,544.0,0.273,77.0,14.15,52.0,9.56,0.8360000000000001,0.2199999999999999,18.01,8.45,14.48,22.93,21.97,13.9,28.0,0.192,7.0,25.0,2.0,7.14,0.442,0.0,27.08,12.62,22.33,34.95,35.09,22.58,,,,,,,,,,,,,,
746137,2024-06-13,2024,608369,L,595014,R,strikeout,True,False,169.0,0.285,19.0,11.24,30.0,17.75,0.9610000000000001,0.26200000000000007,19.58,9.41,8.4,17.82,23.15,13.77,370.0,0.333,55.0,14.86,42.0,11.35,1.075,0.334,23.9,12.77,6.35,19.12,27.26,15.8,17.0,0.118,10.0,58.82,0.0,0.0,0.236,0.0,32.5,18.06,11.11,29.17,42.11,50.0,,,,,,,,,,,,,,
746137,2024-06-13,2024,666969,R,595014,R,field_error,False,False,181.0,0.193,46.0,25.41,11.0,6.08,0.641,0.199,34.75,18.06,11.6,29.66,34.61,24.47,480.0,0.245,138.0,28.75,41.0,8.54,0.8260000000000001,0.264,31.65,15.93,13.92,29.85,32.02,21.97,28.0,0.192,7.0,25.0,2.0,7.14,0.442,0.0,27.08,12.62,22.33,34.95,35.09,22.58,,,,,,,,,,,,,,
746137,2024-06-13,2024,669701,L,595014,R,field_out,False,False,177.0,0.279,28.0,15.82,17.0,9.6,0.802,0.14999999999999997,17.81,8.32,18.25,26.57,23.49,13.02,200.0,0.194,46.0,23.0,19.0,9.5,0.623,0.13,20.71,8.96,19.58,28.54,22.65,15.97,17.0,0.118,10.0,58.82,0.0,0.0,0.236,0.0,32.5,18.06,11.11,29.17,42.11,50.0,,,,,,,,,,,,,,
746137,2024-06-13,2024,666158,L,600917,R,strikeout,True,False,166.0,0.229,36.0,21.69,12.0,7.23,0.599,0.08499999999999999,19.1,8.4,19.08,27.48,19.08,18.65,,,,,,,,,,,,,,,49.0,0.171,11.0,22.45,12.0,24.49,0.625,0.057999999999999996,28.95,10.78,16.67,27.45,18.64,18.64,75.0,0.262,17.0,22.67,12.0,16.0,0.764,0.1149999999999999,29.58,12.96,14.2,27.16,25.84,16.5
746137,2024-06-13,2024,681624,R,600917,R,strikeout,True,False,153.0,0.234,43.0,28.1,9.0,5.88,0.683,0.153,28.44,15.55,12.21,27.76,32.66,20.57,,,,,,,,,,,,,,,79.0,0.157,29.0,36.71,7.0,8.86,0.558,0.157,40.24,19.21,12.99,32.2,28.12,23.97,158.0,0.149,50.0,31.65,16.0,10.13,0.496,0.106,38.34,18.88,11.63,30.51,34.32,24.27
746137,2024-06-13,2024,518792,L,600917,R,walk,False,True,66.0,0.211,11.0,16.67,7.0,10.61,0.757,0.228,24.64,12.73,12.73,25.47,32.12,13.41,349.0,0.276,57.0,16.33,32.0,9.17,0.818,0.1949999999999999,20.45,9.51,16.77,26.27,27.56,15.45,49.0,0.171,11.0,22.45,12.0,24.49,0.625,0.057999999999999996,28.95,10.78,16.67,27.45,18.64,18.64,75.0,0.262,17.0,22.67,12.0,16.0,0.764,0.1149999999999999,29.58,12.96,14.2,27.16,25.84,16.5
746137,2024-06-13,2024,624415,L,600917,R,field_out,False,False,113.0,0.191,35.0,30.97,12.0,10.62,0.619,0.10699999999999998,22.09,8.03,24.95,32.98,17.86,22.88,286.0,0.223,69.0,24.13,36.0,12.59,0.7090000000000001,0.149,23.33,9.24,21.47,30.71,15.66,18.6,49.0,0.171,11.0,22.45,12.0,24.49,0.625,0.057999999999999996,28.95,10.78,16.67,27.45,18.64,18.64,75.0,0.262,17.0,22.67,12.0,16.0,0.764,0.1149999999999999,29.58,12.96,14.2,27.16,25.84,16.5
746137,2024-06-13,2024,663993,L,543339,R,field_out,False,False,123.0,0.252,23.0,18.7,17.0,13.82,0.708,0.09799999999999998,14.95,6.1,18.29,24.38,25.8,14.11,505.0,0.279,113.0,22.38,69.0,13.66,0.833,0.172,19.81,8.64,15.62,24.26,19.45,16.87,49.0,0.163,16.0,32.65,0.0,0.0,0.49,0.164,30.51,16.9,11.74,28.64,23.96,19.28,5.0,0.0,2.0,40.0,2.0,40.0,0.4,0.0,50.0,21.74,8.7,30.43,8.33,20.0
746137,2024-06-13,2024,694671,R,543339,R,walk,False,True,133.0,0.238,25.0,18.8,10.0,7.52,0.588,0.04899999999999999,20.08,8.89,19.24,28.13,23.76,13.81,,,,,,,,,,,,,,,44.0,0.22,11.0,25.0,3.0,6.82,0.639,0.146,35.0,15.91,15.34,31.25,27.55,22.0,9.0,0.25,3.0,33.33,1.0,11.11,0.708,0.125,28.57,14.63,9.76,24.39,30.43,21.43
746137,2024-06-13,2024,641680,L,543339,R,field_out,False,False,165.0,0.237,35.0,21.21,8.0,4.85,0.625,0.10899999999999999,21.14,10.93,13.54,24.47,32.8,22.01,411.0,0.243,82.0,19.95,33.0,8.03,0.733,0.185,23.06,11.69,13.75,25.44,29.36,17.15,49.0,0.163,16.0,32.65,0.0,0.0,0.49,0.164,30.51,16.9,11.74,28.64,23.96,19.28,5.0,0.0,2.0,40.0,2.0,40.0,0.4,0.0,50.0,21.74,8.7,30.43,8.33,20.0
746137,2024-06-13,2024,605141,R,502085,R,strikeout,True,False,211.0,0.294,25.0,11.85,34.0,16.11,0.8999999999999999,0.198,16.25,6.05,20.61,26.66,18.36,9.47,509.0,0.309,85.0,16.7,66.0,12.97,0.949,0.237,17.85,6.92,20.25,27.17,17.64,15.12,65.0,0.241,20.0,30.77,7.0,10.77,0.659,0.07400000000000001,32.98,12.11,23.05,35.16,24.24,29.41,139.0,0.216,42.0,30.22,11.0,7.91,0.6419999999999999,0.1359999999999999,33.2,15.06,18.51,33.58,26.3,26.42
746137,2024-06-13,2024,660271,L,502085,R,strikeout,True,False,191.0,0.319,40.0,20.94,24.0,12.57,1.1,0.36800000000000005,29.41,14.23,13.2,27.43,30.31,18.18,429.0,0.327,99.0,23.08,64.0,14.92,1.132,0.3739999999999999,32.88,15.48,11.59,27.07,28.86,20.75,58.0,0.132,23.0,39.66,5.0,8.62,0.45199999999999996,0.11299999999999999,28.71,11.89,22.13,34.02,25.83,28.4,130.0,0.226,36.0,27.69,14.0,10.77,0.6719999999999999,0.1309999999999999,29.0,12.74,19.01,31.75,30.96,22.64
746137,2024-06-13,2024,518692,L,502085,R,strikeout,True,False,185.0,0.342,29.0,15.68,26.0,14.05,1.025,0.24499999999999994,19.83,9.26,11.77,21.03,23.1,13.43,514.0,0.33,81.0,15.76,57.0,11.09,0.962,0.218,19.83,9.77,11.31,21.08,27.01,16.63,58.0,0.132,23.0,39.66,5.0,8.62,0.45199999999999996,0.11299999999999999,28.71,11.89,22.13,34.02,25.83,28.4,130.0,0.226,36.0,27.69,14.0,10.77,0.6719999999999999,0.1309999999999999,29.0,12.74,19.01,31.75,30.96,22.64
746137,2024-06-13,2024,677649,R,607455,L,field_out,False,False,63.0,0.263,13.0,20.63,5.0,7.94,0.615,0.034999999999999976,21.67,11.76,15.38,27.15,38.89,22.03,132.0,0.273,34.0,25.76,10.0,7.58,0.837,0.2309999999999999,27.68,14.45,13.29,27.75,34.33,21.12,28.0,0.167,5.0,17.86,3.0,10.71,0.41700000000000004,0.0,16.33,7.14,15.18,22.32,21.82,20.0,21.0,0.25,3.0,14.29,4.0,19.05,0.631,0.0,20.83,10.75,12.9,23.66,31.82,8.82
746137,2024-06-13,2024,665750,R,607455,L,field_out,False,False,75.0,0.197,15.0,20.0,8.0,10.67,0.5569999999999999,0.07600000000000001,30.33,12.89,14.98,27.87,20.51,21.13,150.0,0.241,31.0,20.67,10.0,6.67,0.638,0.102,22.26,10.54,15.89,26.42,25.0,19.38,28.0,0.167,5.0,17.86,3.0,10.71,0.41700000000000004,0.0,16.33,7.14,15.18,22.32,21.82,20.0,21.0,0.25,3.0,14.29,4.0,19.05,0.631,0.0,20.83,10.75,12.9,23.66,31.82,8.82
746137,2024-06-13,2024,543760,R,607455,L,field_out,False,False,91.0,0.333,13.0,14.29,7.0,7.69,0.956,0.23799999999999993,17.83,8.31,14.84,23.15,22.54,16.46,210.0,0.283,33.0,15.71,20.0,9.52,0.8009999999999999,0.156,18.13,8.56,14.97,23.53,20.61,16.58,28.0,0.167,5.0,17.86,3.0,10.71,0.41700000000000004,0.0,16.33,7.14,15.18,22.32,21.82,20.0,21.0,0.25,3.0,14.29,4.0,19.05,0.631,0.0,20.83,10.75,12.9,23.66,31.82,8.82
746137,2024-06-13,2024,669257,R,489446,R,single,False,False,172.0,0.242,29.0,16.86,12.0,6.98,0.7070000000000001,0.16300000000000003,18.7,9.13,15.21,24.34,27.62,12.72,407.0,0.268,67.0,16.46,42.0,10.32,0.7949999999999999,0.1659999999999999,19.27,8.8,16.84,25.64,24.5,12.79,50.0,0.136,13.0,26.0,5.0,10.0,0.379,0.022999999999999993,33.62,17.73,10.45,28.18,36.13,18.57,136.0,0.204,47.0,34.56,16.0,11.76,0.657,0.132,33.07,14.97,16.22,31.19,30.57,26.7
746137,2024-06-13,2024,606192,R,489446,R,field_out,False,False,206.0,0.262,59.0,28.64,19.0,9.22,0.8220000000000001,0.21899999999999997,34.77,18.11,12.43,30.53,29.29,20.7,529.0,0.249,164.0,31.0,33.0,6.24,0.718,0.1639999999999999,36.92,19.57,14.44,34.01,34.81,23.06,50.0,0.136,13.0,26.0,5.0,10.0,0.379,0.022999999999999993,33.62,17.73,10.45,28.18,36.13,18.57,136.0,0.204,47.0,34.56,16.0,11.76,0.657,0.132,33.07,14.97,16.22,31.19,30.57,26.7
746137,2024-06-13,2024,666158,L,489446,R,field_out,False,False,166.0,0.229,36.0,21.69,12.0,7.23,0.599,0.08499999999999999,19.1,8.4,19.08,27.48,19.08,18.65,,,,,,,,,,,,,,,39.0,0.125,16.0,41.03,6.0,15.38,0.444,0.063,34.78,13.71,22.29,36.0,26.67,28.57,119.0,0.124,33.0,27.73,21.0,17.65,0.575,0.1649999999999999,28.19,12.75,12.15,24.9,24.91,21.85
746137,2024-06-13,2024,681624,R,489446,R,walk,False,True,153.0,0.234,43.0,28.1,9.0,5.88,0.683,0.153,28.44,15.55,12.21,27.76,32.66,20.57,,,,,,,,,,,,,,,50.0,0.136,13.0,26.0,5.0,10.0,0.379,0.022999999999999993,33.62,17.73,10.45,28.18,36.13,18.57,136.0,0.204,47.0,34.56,16.0,11.76,0.657,0.132,33.07,14.97,16.22,31.19,30.57,26.7
746137,2024-06-13,2024,518792,L,489446,R,double,False,False,66.0,0.211,11.0,16.67,7.0,10.61,0.757,0.228,24.64,12.73,12.73,25.47,32.12,13.41,349.0,0.276,57.0,16.33,32.0,9.17,0.818,0.1949999999999999,20.45,9.51,16.77,26.27,27.56,15.45,39.0,0.125,16.0,41.03,6.0,15.38,0.444,0.063,34.78,13.71,22.29,36.0,26.67,28.57,119.0,0.124,33.0,27.73,21.0,17.65,0.575,0.1649999999999999,28.19,12.75,12.15,24.9,24.91,21.85
745246,2024-06-13,2024,670032,L,682243,R,field_out,False,False,172.0,0.234,27.0,15.7,13.0,7.56,0.571,0.03900000000000001,18.28,8.8,16.11,24.92,26.16,17.53,212.0,0.228,33.0,15.57,24.0,11.32,0.647,0.089,22.47,10.7,16.47,27.16,26.6,14.22,173.0,0.178,38.0,21.97,15.0,8.67,0.631,0.20400000000000001,23.37,11.93,13.9,25.83,26.79,18.72,256.0,0.303,47.0,18.36,16.0,6.25,0.916,0.255,23.37,11.88,14.6,26.49,27.52,16.04
745246,2024-06-13,2024,683734,R,682243,R,walk,False,True,204.0,0.211,52.0,25.49,15.0,7.35,0.625,0.13499999999999998,22.99,10.66,18.22,28.87,29.85,20.23,474.0,0.267,109.0,23.0,29.0,6.12,0.774,0.18,26.24,11.95,18.94,30.89,30.92,21.51,150.0,0.207,42.0,28.0,9.0,6.0,0.5529999999999999,0.093,26.88,13.02,17.53,30.56,24.44,22.04,282.0,0.2,72.0,25.53,10.0,3.55,0.549,0.1149999999999999,25.0,13.61,14.7,28.31,29.61,20.28
745246,2024-06-13,2024,657757,L,682243,R,strikeout,True,False,202.0,0.251,33.0,16.34,28.0,13.86,0.796,0.182,19.72,8.47,17.9,26.37,28.02,12.69,324.0,0.212,58.0,17.9,28.0,8.64,0.63,0.1369999999999999,20.44,9.67,14.66,24.33,29.35,14.25,173.0,0.178,38.0,21.97,15.0,8.67,0.631,0.20400000000000001,23.37,11.93,13.9,25.83,26.79,18.72,256.0,0.303,47.0,18.36,16.0,6.25,0.916,0.255,23.37,11.88,14.6,26.49,27.52,16.04
745246,2024-06-13,2024,657557,R,682243,R,strikeout,True,False,166.0,0.261,54.0,32.53,6.0,3.61,0.829,0.255,33.24,19.34,9.43,28.77,33.0,25.35,281.0,0.203,86.0,30.6,12.0,4.27,0.603,0.1539999999999999,36.49,19.09,15.38,34.47,35.28,34.68,150.0,0.207,42.0,28.0,9.0,6.0,0.5529999999999999,0.093,26.88,13.02,17.53,30.56,24.44,22.04,282.0,0.2,72.0,25.53,10.0,3.55,0.549,0.1149999999999999,25.0,13.61,14.7,28.31,29.61,20.28
745246,2024-06-13,2024,641487,L,686563,R,field_out,False,False,140.0,0.172,31.0,22.14,16.0,11.43,0.591,0.14800000000000002,17.15,6.84,20.53,27.38,17.97,17.71,446.0,0.266,84.0,18.83,67.0,15.02,0.845,0.197,18.19,6.93,19.49,26.42,17.9,17.39,52.0,0.38,12.0,23.08,2.0,3.85,1.084,0.30000000000000004,26.0,12.81,15.27,28.08,31.48,17.14,,,,,,,,,,,,,,
745246,2024-06-13,2024,668942,L,686563,R,field_out,False,False,184.0,0.273,28.0,15.22,16.0,8.7,0.7470000000000001,0.133,18.43,8.5,16.3,24.79,21.87,13.73,299.0,0.249,64.0,21.4,22.0,7.36,0.6559999999999999,0.1019999999999999,22.77,10.13,19.65,29.78,25.55,19.69,52.0,0.38,12.0,23.08,2.0,3.85,1.084,0.30000000000000004,26.0,12.81,15.27,28.08,31.48,17.14,,,,,,,,,,,,,,
745246,2024-06-13,2024,677594,R,686563,R,field_out,False,False,219.0,0.249,61.0,27.85,13.0,5.94,0.604,0.057999999999999996,30.77,16.48,12.24,28.72,36.25,19.87,545.0,0.267,127.0,23.3,35.0,6.42,0.8109999999999999,0.2169999999999999,27.93,14.91,13.12,28.03,38.34,22.84,50.0,0.174,12.0,24.0,3.0,6.0,0.441,0.04300000000000001,25.23,12.39,16.97,29.36,26.42,14.63,,,,,,,,,,,,,,
745246,2024-06-13,2024,693049,L,682243,R,field_out,False,False,25.0,0.19,5.0,20.0,3.0,12.0,0.51,0.0,25.0,12.5,18.18,30.68,33.33,20.83,200.0,0.225,54.0,27.0,9.0,4.5,0.5840000000000001,0.096,31.03,16.83,13.63,30.46,39.85,27.84,173.0,0.178,38.0,21.97,15.0,8.67,0.631,0.20400000000000001,23.37,11.93,13.9,25.83,26.79,18.72,256.0,0.303,47.0,18.36,16.0,6.25,0.916,0.255,23.37,11.88,14.6,26.49,27.52,16.04
745246,2024-06-13,2024,676113,L,682243,R,single,False,False,20.0,0.118,6.0,30.0,3.0,15.0,0.426,0.057999999999999996,23.53,10.53,14.47,25.0,17.14,24.0,,,,,,,,,,,,,,,173.0,0.178,38.0,21.97,15.0,8.67,0.631,0.20400000000000001,23.37,11.93,13.9,25.83,26.79,18.72,256.0,0.303,47.0,18.36,16.0,6.25,0.916,0.255,23.37,11.88,14.6,26.49,27.52,16.04
745246,2024-06-13,2024,672820,R,682243,R,field_out,False,False,60.0,0.214,17.0,28.33,2.0,3.33,0.504,0.036000000000000004,26.72,14.03,20.36,34.39,40.78,25.0,123.0,0.178,30.0,24.39,2.0,1.63,0.504,0.136,24.69,13.05,16.81,29.87,39.56,22.39,150.0,0.207,42.0,28.0,9.0,6.0,0.5529999999999999,0.093,26.88,13.02,17.53,30.56,24.44,22.04,282.0,0.2,72.0,25.53,10.0,3.55,0.549,0.1149999999999999,25.0,13.61,14.7,28.31,29.61,20.28
745246,2024-06-13,2024,667452,R,682243,R,strikeout,True,False,61.0,0.2,12.0,19.67,6.0,9.84,0.643,0.16399999999999998,20.0,8.88,18.53,27.41,27.82,13.33,250.0,0.249,56.0,22.4,20.0,8.0,0.659,0.0979999999999999,26.42,11.51,19.54,31.05,28.57,19.44,150.0,0.207,42.0,28.0,9.0,6.0,0.5529999999999999,0.093,26.88,13.02,17.53,30.56,24.44,22.04,282.0,0.2,72.0,25.53,10.0,3.55,0.549,0.1149999999999999,25.0,13.61,14.7,28.31,29.61,20.28
745246,2024-06-13,2024,663728,L,686563,R,field_out,False,False,184.0,0.235,65.0,35.33,17.0,9.24,0.708,0.16900000000000004,30.5,15.29,13.28,28.57,30.33,23.1,462.0,0.235,126.0,27.27,47.0,10.17,0.7909999999999999,0.241,29.58,14.2,14.09,28.29,30.53,21.36,52.0,0.38,12.0,23.08,2.0,3.85,1.084,0.30000000000000004,26.0,12.81,15.27,28.08,31.48,17.14,,,,,,,,,,,,,,
745246,2024-06-13,2024,670042,L,686563,R,strikeout,True,False,147.0,0.268,46.0,31.29,4.0,2.72,0.762,0.181,35.81,19.56,10.89,30.44,30.34,30.67,363.0,0.247,112.0,30.85,26.0,7.16,0.8340000000000001,0.25,38.6,19.83,11.57,31.39,31.1,26.79,52.0,0.38,12.0,23.08,2.0,3.85,1.084,0.30000000000000004,26.0,12.81,15.27,28.08,31.48,17.14,,,,,,,,,,,,,,
745246,2024-06-13,2024,641598,R,686563,R,walk,False,True,160.0,0.158,50.0,31.25,21.0,13.12,0.576,0.13499999999999998,33.33,13.1,22.17,35.27,18.52,22.94,262.0,0.25,70.0,26.72,25.0,9.54,0.845,0.267,25.84,10.63,19.22,29.85,18.71,21.21,50.0,0.174,12.0,24.0,3.0,6.0,0.441,0.04300000000000001,25.23,12.39,16.97,29.36,26.42,14.63,,,,,,,,,,,,,,
745246,2024-06-13,2024,686527,L,686563,R,double,False,False,92.0,0.207,24.0,26.09,9.0,9.78,0.746,0.256,33.93,17.38,16.16,33.54,40.0,24.74,155.0,0.221,26.0,16.77,5.0,3.23,0.661,0.1879999999999999,24.65,13.73,16.86,30.59,41.27,21.85,52.0,0.38,12.0,23.08,2.0,3.85,1.084,0.30000000000000004,26.0,12.81,15.27,28.08,31.48,17.14,,,,,,,,,,,,,,
745246,2024-06-13,2024,682988,R,686563,R,strikeout,True,False,9.0,0.375,2.0,22.22,0.0,0.0,0.944,0.125,18.75,8.82,14.71,23.53,25.0,18.18,,,,,,,,,,,,,,,50.0,0.174,12.0,24.0,3.0,6.0,0.441,0.04300000000000001,25.23,12.39,16.97,29.36,26.42,14.63,,,,,,,,,,,,,,
745246,2024-06-13,2024,686676,R,682243,R,double,False,False,121.0,0.246,35.0,28.93,6.0,4.96,0.704,0.175,40.08,22.75,10.81,33.56,33.33,23.97,47.0,0.116,12.0,25.53,4.0,8.51,0.4,0.0929999999999999,33.71,18.07,13.25,31.33,34.15,23.53,150.0,0.207,42.0,28.0,9.0,6.0,0.5529999999999999,0.093,26.88,13.02,17.53,30.56,24.44,22.04,282.0,0.2,72.0,25.53,10.0,3.55,0.549,0.1149999999999999,25.0,13.61,14.7,28.31,29.61,20.28
745246,2024-06-13,2024,670032,L,682243,R,field_out,False,False,172.0,0.234,27.0,15.7,13.0,7.56,0.571,0.03900000000000001,18.28,8.8,16.11,24.92,26.16,17.53,212.0,0.228,33.0,15.57,24.0,11.32,0.647,0.089,22.47,10.7,16.47,27.16,26.6,14.22,173.0,0.178,38.0,21.97,15.0,8.67,0.631,0.20400000000000001,23.37,11.93,13.9,25.83,26.79,18.72,256.0,0.303,47.0,18.36,16.0,6.25,0.916,0.255,23.37,11.88,14.6,26.49,27.52,16.04
745246,2024-06-13,2024,683734,R,682243,R,field_out,False,False,204.0,0.211,52.0,25.49,15.0,7.35,0.625,0.13499999999999998,22.99,10.66,18.22,28.87,29.85,20.23,474.0,0.267,109.0,23.0,29.0,6.12,0.774,0.18,26.24,11.95,18.94,30.89,30.92,21.51,150.0,0.207,42.0,28.0,9.0,6.0,0.5529999999999999,0.093,26.88,13.02,17.53,30.56,24.44,22.04,282.0,0.2,72.0,25.53,10.0,3.55,0.549,0.1149999999999999,25.0,13.61,14.7,28.31,29.61,20.28
745246,2024-06-13,2024,657757,L,682243,R,field_out,False,False,202.0,0.251,33.0,16.34,28.0,13.86,0.796,0.182,19.72,8.47,17.9,26.37,28.02,12.69,324.0,0.212,58.0,17.9,28.0,8.64,0.63,0.1369999999999999,20.44,9.67,14.66,24.33,29.35,14.25,173.0,0.178,38.0,21.97,15.0,8.67,0.631,0.20400000000000001,23.37,11.93,13.9,25.83,26.79,18.72,256.0,0.303,47.0,18.36,16.0,6.25,0.916,0.255,23.37,11.88,14.6,26.49,27.52,16.04
745246,2024-06-13,2024,669208,R,686563,R,strikeout,True,False,23.0,0.2,4.0,17.39,1.0,4.35,0.438,0.0,23.68,12.16,12.16,24.32,16.13,19.05,,,,,,,,,,,,,,,50.0,0.174,12.0,24.0,3.0,6.0,0.441,0.04300000000000001,25.23,12.39,16.97,29.36,26.42,14.63,,,,,,,,,,,,,,
745246,2024-06-13,2024,641487,L,686563,R,field_out,False,False,140.0,0.172,31.0,22.14,16.0,11.43,0.591,0.14800000000000002,17.15,6.84,20.53,27.38,17.97,17.71,446.0,0.266,84.0,18.83,67.0,15.02,0.845,0.197,18.19,6.93,19.49,26.42,17.9,17.39,52.0,0.38,12.0,23.08,2.0,3.85,1.084,0.30000000000000004,26.0,12.81,15.27,28.08,31.48,17.14,,,,,,,,,,,,,,
745246,2024-06-13,2024,668942,L,686563,R,field_out,False,False,184.0,0.273,28.0,15.22,16.0,8.7,0.7470000000000001,0.133,18.43,8.5,16.3,24.79,21.87,13.73,299.0,0.249,64.0,21.4,22.0,7.36,0.6559999999999999,0.1019999999999999,22.77,10.13,19.65,29.78,25.55,19.69,52.0,0.38,12.0,23.08,2.0,3.85,1.084,0.30000000000000004,26.0,12.81,15.27,28.08,31.48,17.14,,,,,,,,,,,,,,
745246,2024-06-13,2024,657557,R,682243,R,walk,False,True,166.0,0.261,54.0,32.53,6.0,3.61,0.829,0.255,33.24,19.34,9.43,28.77,33.0,25.35,281.0,0.203,86.0,30.6,12.0,4.27,0.603,0.1539999999999999,36.49,19.09,15.38,34.47,35.28,34.68,150.0,0.207,42.0,28.0,9.0,6.0,0.5529999999999999,0.093,26.88,13.02,17.53,30.56,24.44,22.04,282.0,0.2,72.0,25.53,10.0,3.55,0.549,0.1149999999999999,25.0,13.61,14.7,28.31,29.61,20.28
745246,2024-06-13,2024,693049,L,682243,R,strikeout,True,False,25.0,0.19,5.0,20.0,3.0,12.0,0.51,0.0,25.0,12.5,18.18,30.68,33.33,20.83,200.0,0.225,54.0,27.0,9.0,4.5,0.5840000000000001,0.096,31.03,16.83,13.63,30.46,39.85,27.84,173.0,0.178,38.0,21.97,15.0,8.67,0.631,0.20400000000000001,23.37,11.93,13.9,25.83,26.79,18.72,256.0,0.303,47.0,18.36,16.0,6.25,0.916,0.255,23.37,11.88,14.6,26.49,27.52,16.04
745246,2024-06-13,2024,676113,L,682243,R,strikeout,True,False,20.0,0.118,6.0,30.0,3.0,15.0,0.426,0.057999999999999996,23.53,10.53,14.47,25.0,17.14,24.0,,,,,,,,,,,,,,,173.0,0.178,38.0,21.97,15.0,8.67,0.631,0.20400000000000001,23.37,11.93,13.9,25.83,26.79,18.72,256.0,0.303,47.0,18.36,16.0,6.25,0.916,0.255,23.37,11.88,14.6,26.49,27.52,16.04
745246,2024-06-13,2024,677594,R,686563,R,strikeout,True,False,219.0,0.249,61.0,27.85,13.0,5.94,0.604,0.057999999999999996,30.77,16.48,12.24,28.72,36.25,19.87,545.0,0.267,127.0,23.3,35.0,6.42,0.8109999999999999,0.2169999999999999,27.93,14.91,13.12,28.03,38.34,22.84,50.0,0.174,12.0,24.0,3.0,6.0,0.441,0.04300000000000001,25.23,12.39,16.97,29.36,26.42,14.63,,,,,,,,,,,,,,
745246,2024-06-13,2024,663728,L,686563,R,single,False,False,184.0,0.235,65.0,35.33,17.0,9.24,0.708,0.16900000000000004,30.5,15.29,13.28,28.57,30.33,23.1,462.0,0.235,126.0,27.27,47.0,10.17,0.7909999999999999,0.241,29.58,14.2,14.09,28.29,30.53,21.36,52.0,0.38,12.0,23.08,2.0,3.85,1.084,0.30000000000000004,26.0,12.81,15.27,28.08,31.48,17.14,,,,,,,,,,,,,,
745246,2024-06-13,2024,670042,L,686563,R,force_out,False,False,147.0,0.268,46.0,31.29,4.0,2.72,0.762,0.181,35.81,19.56,10.89,30.44,30.34,30.67,363.0,0.247,112.0,30.85,26.0,7.16,0.8340000000000001,0.25,38.6,19.83,11.57,31.39,31.1,26.79,52.0,0.38,12.0,23.08,2.0,3.85,1.084,0.30000000000000004,26.0,12.81,15.27,28.08,31.48,17.14,,,,,,,,,,,,,,
745246,2024-06-13,2024,641598,R,686563,R,caught_stealing_2b,False,False,160.0,0.158,50.0,31.25,21.0,13.12,0.576,0.13499999999999998,33.33,13.1,22.17,35.27,18.52,22.94,262.0,0.25,70.0,26.72,25.0,9.54,0.845,0.267,25.84,10.63,19.22,29.85,18.71,21.21,50.0,0.174,12.0,24.0,3.0,6.0,0.441,0.04300000000000001,25.23,12.39,16.97,29.36,26.42,14.63,,,,,,,,,,,,,,
745246,2024-06-13,2024,672820,R,682243,R,field_out,False,False,60.0,0.214,17.0,28.33,2.0,3.33,0.504,0.036000000000000004,26.72,14.03,20.36,34.39,40.78,25.0,123.0,0.178,30.0,24.39,2.0,1.63,0.504,0.136,24.69,13.05,16.81,29.87,39.56,22.39,150.0,0.207,42.0,28.0,9.0,6.0,0.5529999999999999,0.093,26.88,13.02,17.53,30.56,24.44,22.04,282.0,0.2,72.0,25.53,10.0,3.55,0.549,0.1149999999999999,25.0,13.61,14.7,28.31,29.61,20.28
745246,2024-06-13,2024,667452,R,682243,R,field_out,False,False,61.0,0.2,12.0,19.67,6.0,9.84,0.643,0.16399999999999998,20.0,8.88,18.53,27.41,27.82,13.33,250.0,0.249,56.0,22.4,20.0,8.0,0.659,0.0979999999999999,26.42,11.51,19.54,31.05,28.57,19.44,150.0,0.207,42.0,28.0,9.0,6.0,0.5529999999999999,0.093,26.88,13.02,17.53,30.56,24.44,22.04,282.0,0.2,72.0,25.53,10.0,3.55,0.549,0.1149999999999999,25.0,13.61,14.7,28.31,29.61,20.28
745246,2024-06-13,2024,686676,R,682243,R,strikeout,True,False,121.0,0.246,35.0,28.93,6.0,4.96,0.704,0.175,40.08,22.75,10.81,33.56,33.33,23.97,47.0,0.116,12.0,25.53,4.0,8.51,0.4,0.0929999999999999,33.71,18.07,13.25,31.33,34.15,23.53,150.0,0.207,42.0,28.0,9.0,6.0,0.5529999999999999,0.093,26.88,13.02,17.53,30.56,24.44,22.04,282.0,0.2,72.0,25.53,10.0,3.55,0.549,0.1149999999999999,25.0,13.61,14.7,28.31,29.61,20.28
745246,2024-06-13,2024,641598,R,686563,R,strikeout,True,False,160.0,0.158,50.0,31.25,21.0,13.12,0.576,0.13499999999999998,33.33,13.1,22.17,35.27,18.52,22.94,262.0,0.25,70.0,26.72,25.0,9.54,0.845,0.267,25.84,10.63,19.22,29.85,18.71,21.21,50.0,0.174,12.0,24.0,3.0,6.0,0.441,0.04300000000000001,25.23,12.39,16.97,29.36,26.42,14.63,,,,,,,,,,,,,,
745246,2024-06-13,2024,686527,L,686563,R,single,False,False,92.0,0.207,24.0,26.09,9.0,9.78,0.746,0.256,33.93,17.38,16.16,33.54,40.0,24.74,155.0,0.221,26.0,16.77,5.0,3.23,0.661,0.1879999999999999,24.65,13.73,16.86,30.59,41.27,21.85,52.0,0.38,12.0,23.08,2.0,3.85,1.084,0.30000000000000004,26.0,12.81,15.27,28.08,31.48,17.14,,,,,,,,,,,,,,
745246,2024-06-13,2024,682988,R,686563,R,strikeout,True,False,9.0,0.375,2.0,22.22,0.0,0.0,0.944,0.125,18.75,8.82,14.71,23.53,25.0,18.18,,,,,,,,,,,,,,,50.0,0.174,12.0,24.0,3.0,6.0,0.441,0.04300000000000001,25.23,12.39,16.97,29.36,26.42,14.63,,,,,,,,,,,,,,
745246,2024-06-13,2024,669208,R,686563,R,field_out,False,False,23.0,0.2,4.0,17.39,1.0,4.35,0.438,0.0,23.68,12.16,12.16,24.32,16.13,19.05,,,,,,,,,,,,,,,50.0,0.174,12.0,24.0,3.0,6.0,0.441,0.04300000000000001,25.23,12.39,16.97,29.36,26.42,14.63,,,,,,,,,,,,,,
745246,2024-06-13,2024,670032,L,682243,R,field_out,False,False,172.0,0.234,27.0,15.7,13.0,7.56,0.571,0.03900000000000001,18.28,8.8,16.11,24.92,26.16,17.53,212.0,0.228,33.0,15.57,24.0,11.32,0.647,0.089,22.47,10.7,16.47,27.16,26.6,14.22,173.0,0.178,38.0,21.97,15.0,8.67,0.631,0.20400000000000001,23.37,11.93,13.9,25.83,26.79,18.72,256.0,0.303,47.0,18.36,16.0,6.25,0.916,0.255,23.37,11.88,14.6,26.49,27.52,16.04
745246,2024-06-13,2024,683734,R,682243,R,field_out,False,False,204.0,0.211,52.0,25.49,15.0,7.35,0.625,0.13499999999999998,22.99,10.66,18.22,28.87,29.85,20.23,474.0,0.267,109.0,23.0,29.0,6.12,0.774,0.18,26.24,11.95,18.94,30.89,30.92,21.51,150.0,0.207,42.0,28.0,9.0,6.0,0.5529999999999999,0.093,26.88,13.02,17.53,30.56,24.44,22.04,282.0,0.2,72.0,25.53,10.0,3.55,0.549,0.1149999999999999,25.0,13.61,14.7,28.31,29.61,20.28
745246,2024-06-13,2024,657757,L,682243,R,strikeout,True,False,202.0,0.251,33.0,16.34,28.0,13.86,0.796,0.182,19.72,8.47,17.9,26.37,28.02,12.69,324.0,0.212,58.0,17.9,28.0,8.64,0.63,0.1369999999999999,20.44,9.67,14.66,24.33,29.35,14.25,173.0,0.178,38.0,21.97,15.0,8.67,0.631,0.20400000000000001,23.37,11.93,13.9,25.83,26.79,18.72,256.0,0.303,47.0,18.36,16.0,6.25,0.916,0.255,23.37,11.88,14.6,26.49,27.52,16.04
745246,2024-06-13,2024,641487,L,686563,R,field_out,False,False,140.0,0.172,31.0,22.14,16.0,11.43,0.591,0.14800000000000002,17.15,6.84,20.53,27.38,17.97,17.71,446.0,0.266,84.0,18.83,67.0,15.02,0.845,0.197,18.19,6.93,19.49,26.42,17.9,17.39,52.0,0.38,12.0,23.08,2.0,3.85,1.084,0.30000000000000004,26.0,12.81,15.27,28.08,31.48,17.14,,,,,,,,,,,,,,
745246,2024-06-13,2024,668942,L,686563,R,field_out,False,False,184.0,0.273,28.0,15.22,16.0,8.7,0.7470000000000001,0.133,18.43,8.5,16.3,24.79,21.87,13.73,299.0,0.249,64.0,21.4,22.0,7.36,0.6559999999999999,0.1019999999999999,22.77,10.13,19.65,29.78,25.55,19.69,52.0,0.38,12.0,23.08,2.0,3.85,1.084,0.30000000000000004,26.0,12.81,15.27,28.08,31.48,17.14,,,,,,,,,,,,,,
745246,2024-06-13,2024,677594,R,686563,R,field_out,False,False,219.0,0.249,61.0,27.85,13.0,5.94,0.604,0.057999999999999996,30.77,16.48,12.24,28.72,36.25,19.87,545.0,0.267,127.0,23.3,35.0,6.42,0.8109999999999999,0.2169999999999999,27.93,14.91,13.12,28.03,38.34,22.84,50.0,0.174,12.0,24.0,3.0,6.0,0.441,0.04300000000000001,25.23,12.39,16.97,29.36,26.42,14.63,,,,,,,,,,,,,,
745246,2024-06-13,2024,657557,R,682243,R,field_out,False,False,166.0,0.261,54.0,32.53,6.0,3.61,0.829,0.255,33.24,19.34,9.43,28.77,33.0,25.35,281.0,0.203,86.0,30.6,12.0,4.27,0.603,0.1539999999999999,36.49,19.09,15.38,34.47,35.28,34.68,150.0,0.207,42.0,28.0,9.0,6.0,0.5529999999999999,0.093,26.88,13.02,17.53,30.56,24.44,22.04,282.0,0.2,72.0,25.53,10.0,3.55,0.549,0.1149999999999999,25.0,13.61,14.7,28.31,29.61,20.28
745246,2024-06-13,2024,693049,L,682243,R,field_out,False,False,25.0,0.19,5.0,20.0,3.0,12.0,0.51,0.0,25.0,12.5,18.18,30.68,33.33,20.83,200.0,0.225,54.0,27.0,9.0,4.5,0.5840000000000001,0.096,31.03,16.83,13.63,30.46,39.85,27.84,173.0,0.178,38.0,21.97,15.0,8.67,0.631,0.20400000000000001,23.37,11.93,13.9,25.83,26.79,18.72,256.0,0.303,47.0,18.36,16.0,6.25,0.916,0.255,23.37,11.88,14.6,26.49,27.52,16.04
745246,2024-06-13,2024,676113,L,682243,R,strikeout,True,False,20.0,0.118,6.0,30.0,3.0,15.0,0.426,0.057999999999999996,23.53,10.53,14.47,25.0,17.14,24.0,,,,,,,,,,,,,,,173.0,0.178,38.0,21.97,15.0,8.67,0.631,0.20400000000000001,23.37,11.93,13.9,25.83,26.79,18.72,256.0,0.303,47.0,18.36,16.0,6.25,0.916,0.255,23.37,11.88,14.6,26.49,27.52,16.04
745246,2024-06-13,2024,663728,L,686563,R,strikeout,True,False,184.0,0.235,65.0,35.33,17.0,9.24,0.708,0.16900000000000004,30.5,15.29,13.28,28.57,30.33,23.1,462.0,0.235,126.0,27.27,47.0,10.17,0.7909999999999999,0.241,29.58,14.2,14.09,28.29,30.53,21.36,52.0,0.38,12.0,23.08,2.0,3.85,1.084,0.30000000000000004,26.0,12.81,15.27,28.08,31.48,17.14,,,,,,,,,,,,,,
745246,2024-06-13,2024,670042,L,686563,R,home_run,False,False,147.0,0.268,46.0,31.29,4.0,2.72,0.762,0.181,35.81,19.56,10.89,30.44,30.34,30.67,363.0,0.247,112.0,30.85,26.0,7.16,0.8340000000000001,0.25,38.6,19.83,11.57,31.39,31.1,26.79,52.0,0.38,12.0,23.08,2.0,3.85,1.084,0.30000000000000004,26.0,12.81,15.27,28.08,31.48,17.14,,,,,,,,,,,,,,
745246,2024-06-13,2024,641598,R,686563,R,field_out,False,False,160.0,0.158,50.0,31.25,21.0,13.12,0.576,0.13499999999999998,33.33,13.1,22.17,35.27,18.52,22.94,262.0,0.25,70.0,26.72,25.0,9.54,0.845,0.267,25.84,10.63,19.22,29.85,18.71,21.21,50.0,0.174,12.0,24.0,3.0,6.0,0.441,0.04300000000000001,25.23,12.39,16.97,29.36,26.42,14.63,,,,,,,,,,,,,,
745246,2024-06-13,2024,686527,L,686563,R,field_out,False,False,92.0,0.207,24.0,26.09,9.0,9.78,0.746,0.256,33.93,17.38,16.16,33.54,40.0,24.74,155.0,0.221,26.0,16.77,5.0,3.23,0.661,0.1879999999999999,24.65,13.73,16.86,30.59,41.27,21.85,52.0,0.38,12.0,23.08,2.0,3.85,1.084,0.30000000000000004,26.0,12.81,15.27,28.08,31.48,17.14,,,,,,,,,,,,,,
745246,2024-06-13,2024,672820,R,608723,R,strikeout,True,False,60.0,0.214,17.0,28.33,2.0,3.33,0.504,0.036000000000000004,26.72,14.03,20.36,34.39,40.78,25.0,123.0,0.178,30.0,24.39,2.0,1.63,0.504,0.136,24.69,13.05,16.81,29.87,39.56,22.39,51.0,0.191,16.0,31.37,3.0,5.88,0.638,0.192,36.54,18.91,14.43,33.33,39.47,26.67,92.0,0.272,24.0,26.09,8.0,8.7,0.847,0.2339999999999999,30.85,15.63,15.36,31.0,35.26,18.75
745246,2024-06-13,2024,667452,R,608723,R,strikeout,True,False,61.0,0.2,12.0,19.67,6.0,9.84,0.643,0.16399999999999998,20.0,8.88,18.53,27.41,27.82,13.33,250.0,0.249,56.0,22.4,20.0,8.0,0.659,0.0979999999999999,26.42,11.51,19.54,31.05,28.57,19.44,51.0,0.191,16.0,31.37,3.0,5.88,0.638,0.192,36.54,18.91,14.43,33.33,39.47,26.67,92.0,0.272,24.0,26.09,8.0,8.7,0.847,0.2339999999999999,30.85,15.63,15.36,31.0,35.26,18.75
745246,2024-06-13,2024,686676,R,608723,R,strikeout,True,False,121.0,0.246,35.0,28.93,6.0,4.96,0.704,0.175,40.08,22.75,10.81,33.56,33.33,23.97,47.0,0.116,12.0,25.53,4.0,8.51,0.4,0.0929999999999999,33.71,18.07,13.25,31.33,34.15,23.53,51.0,0.191,16.0,31.37,3.0,5.88,0.638,0.192,36.54,18.91,14.43,33.33,39.47,26.67,92.0,0.272,24.0,26.09,8.0,8.7,0.847,0.2339999999999999,30.85,15.63,15.36,31.0,35.26,18.75
745246,2024-06-13,2024,682988,R,673929,R,single,False,False,9.0,0.375,2.0,22.22,0.0,0.0,0.944,0.125,18.75,8.82,14.71,23.53,25.0,18.18,,,,,,,,,,,,,,,67.0,0.263,15.0,22.39,9.0,13.43,0.6970000000000001,0.07,26.4,12.69,13.85,26.54,26.12,20.83,,,,,,,,,,,,,,
745246,2024-06-13,2024,669208,R,673929,R,sac_bunt,False,False,23.0,0.2,4.0,17.39,1.0,4.35,0.438,0.0,23.68,12.16,12.16,24.32,16.13,19.05,,,,,,,,,,,,,,,67.0,0.263,15.0,22.39,9.0,13.43,0.6970000000000001,0.07,26.4,12.69,13.85,26.54,26.12,20.83,,,,,,,,,,,,,,
745246,2024-06-13,2024,641487,L,673929,R,double_play,False,False,140.0,0.172,31.0,22.14,16.0,11.43,0.591,0.14800000000000002,17.15,6.84,20.53,27.38,17.97,17.71,446.0,0.266,84.0,18.83,67.0,15.02,0.845,0.197,18.19,6.93,19.49,26.42,17.9,17.39,57.0,0.17,11.0,19.3,8.0,14.04,0.6599999999999999,0.19199999999999998,28.32,13.62,13.62,27.23,23.68,19.3,,,,,,,,,,,,,,
745246,2024-06-13,2024,673357,R,657508,R,home_run,False,False,47.0,0.178,20.0,42.55,2.0,4.26,0.813,0.422,39.6,20.83,17.19,38.02,37.62,28.17,477.0,0.252,132.0,27.67,25.0,5.24,0.8340000000000001,0.279,32.83,18.94,10.59,29.53,40.07,24.77,75.0,0.221,17.0,22.67,6.0,8.0,0.675,0.161,28.89,13.98,15.41,29.39,26.21,21.52,173.0,0.228,33.0,19.08,19.0,10.98,0.696,0.148,24.01,11.74,12.93,24.67,27.17,16.02
745246,2024-06-13,2024,683734,R,657508,R,field_out,False,False,204.0,0.211,52.0,25.49,15.0,7.35,0.625,0.13499999999999998,22.99,10.66,18.22,28.87,29.85,20.23,474.0,0.267,109.0,23.0,29.0,6.12,0.774,0.18,26.24,11.95,18.94,30.89,30.92,21.51,75.0,0.221,17.0,22.67,6.0,8.0,0.675,0.161,28.89,13.98,15.41,29.39,26.21,21.52,173.0,0.228,33.0,19.08,19.0,10.98,0.696,0.148,24.01,11.74,12.93,24.67,27.17,16.02
745246,2024-06-13,2024,657757,L,657508,R,walk,False,True,202.0,0.251,33.0,16.34,28.0,13.86,0.796,0.182,19.72,8.47,17.9,26.37,28.02,12.69,324.0,0.212,58.0,17.9,28.0,8.64,0.63,0.1369999999999999,20.44,9.67,14.66,24.33,29.35,14.25,42.0,0.265,9.0,21.43,7.0,16.67,0.8220000000000001,0.176,19.18,8.7,16.15,24.84,20.0,18.0,100.0,0.209,28.0,28.0,14.0,14.0,0.6799999999999999,0.151,26.6,12.25,16.91,29.17,27.69,22.05
745246,2024-06-13,2024,657557,R,657508,R,strikeout,True,False,166.0,0.261,54.0,32.53,6.0,3.61,0.829,0.255,33.24,19.34,9.43,28.77,33.0,25.35,281.0,0.203,86.0,30.6,12.0,4.27,0.603,0.1539999999999999,36.49,19.09,15.38,34.47,35.28,34.68,75.0,0.221,17.0,22.67,6.0,8.0,0.675,0.161,28.89,13.98,15.41,29.39,26.21,21.52,173.0,0.228,33.0,19.08,19.0,10.98,0.696,0.148,24.01,11.74,12.93,24.67,27.17,16.02
745246,2024-06-13,2024,664901,R,642048,L,field_out,False,False,31.0,0.286,6.0,19.35,3.0,9.68,0.962,0.321,22.41,10.24,14.96,25.2,24.29,18.75,41.0,0.225,10.0,24.39,1.0,2.44,0.544,0.0749999999999999,22.67,10.62,20.0,30.63,24.29,21.74,42.0,0.256,9.0,21.43,3.0,7.14,0.6950000000000001,0.129,30.26,14.56,13.92,28.48,40.21,21.43,139.0,0.248,27.0,19.42,19.0,13.67,0.72,0.088,30.42,13.42,15.81,29.23,33.43,18.75
745246,2024-06-13,2024,668942,L,656629,R,strikeout,True,False,184.0,0.273,28.0,15.22,16.0,8.7,0.7470000000000001,0.133,18.43,8.5,16.3,24.79,21.87,13.73,299.0,0.249,64.0,21.4,22.0,7.36,0.6559999999999999,0.1019999999999999,22.77,10.13,19.65,29.78,25.55,19.69,64.0,0.173,25.0,39.06,9.0,14.06,0.6579999999999999,0.173,35.88,17.03,18.12,35.14,27.05,27.47,291.0,0.231,73.0,25.09,50.0,17.18,0.815,0.213,30.04,12.39,14.67,27.06,25.1,22.64
745246,2024-06-13,2024,677594,R,656629,R,walk,False,True,219.0,0.249,61.0,27.85,13.0,5.94,0.604,0.057999999999999996,30.77,16.48,12.24,28.72,36.25,19.87,545.0,0.267,127.0,23.3,35.0,6.42,0.8109999999999999,0.2169999999999999,27.93,14.91,13.12,28.03,38.34,22.84,65.0,0.302,16.0,24.62,9.0,13.85,0.903,0.16999999999999998,25.6,11.72,17.58,29.3,26.87,16.16,300.0,0.245,61.0,20.33,41.0,13.67,0.859,0.249,23.75,10.21,17.43,27.63,24.11,17.39
745246,2024-06-13,2024,663728,L,656629,R,strikeout,True,False,184.0,0.235,65.0,35.33,17.0,9.24,0.708,0.16900000000000004,30.5,15.29,13.28,28.57,30.33,23.1,462.0,0.235,126.0,27.27,47.0,10.17,0.7909999999999999,0.241,29.58,14.2,14.09,28.29,30.53,21.36,64.0,0.173,25.0,39.06,9.0,14.06,0.6579999999999999,0.173,35.88,17.03,18.12,35.14,27.05,27.47,291.0,0.231,73.0,25.09,50.0,17.18,0.815,0.213,30.04,12.39,14.67,27.06,25.1,22.64
745246,2024-06-13,2024,670042,L,656629,R,field_out,False,False,147.0,0.268,46.0,31.29,4.0,2.72,0.762,0.181,35.81,19.56,10.89,30.44,30.34,30.67,363.0,0.247,112.0,30.85,26.0,7.16,0.8340000000000001,0.25,38.6,19.83,11.57,31.39,31.1,26.79,64.0,0.173,25.0,39.06,9.0,14.06,0.6579999999999999,0.173,35.88,17.03,18.12,35.14,27.05,27.47,291.0,0.231,73.0,25.09,50.0,17.18,0.815,0.213,30.04,12.39,14.67,27.06,25.1,22.64
745246,2024-06-13,2024,676113,L,663423,R,field_out,False,False,20.0,0.118,6.0,30.0,3.0,15.0,0.426,0.057999999999999996,23.53,10.53,14.47,25.0,17.14,24.0,,,,,,,,,,,,,,,51.0,0.255,15.0,29.41,2.0,3.92,0.6200000000000001,0.08500000000000002,22.61,13.33,15.38,28.72,43.02,21.74,55.0,0.308,7.0,12.73,3.0,5.45,0.903,0.25,15.48,6.6,22.34,28.93,14.63,11.86
745246,2024-06-13,2024,672820,R,663423,R,field_out,False,False,60.0,0.214,17.0,28.33,2.0,3.33,0.504,0.036000000000000004,26.72,14.03,20.36,34.39,40.78,25.0,123.0,0.178,30.0,24.39,2.0,1.63,0.504,0.136,24.69,13.05,16.81,29.87,39.56,22.39,69.0,0.155,15.0,21.74,8.0,11.59,0.51,0.086,31.45,14.77,15.91,30.68,24.29,20.0,70.0,0.209,19.0,27.14,3.0,4.29,0.5860000000000001,0.134,26.12,13.36,17.18,30.53,37.78,20.88
745246,2024-06-13,2024,643217,L,663423,R,strikeout,True,False,159.0,0.219,25.0,15.72,7.0,4.4,0.5569999999999999,0.086,16.91,8.2,17.98,26.18,26.95,15.72,486.0,0.261,67.0,13.79,42.0,8.64,0.67,0.082,19.05,9.13,14.74,23.87,26.13,13.62,51.0,0.255,15.0,29.41,2.0,3.92,0.6200000000000001,0.08500000000000002,22.61,13.33,15.38,28.72,43.02,21.74,55.0,0.308,7.0,12.73,3.0,5.45,0.903,0.25,15.48,6.6,22.34,28.93,14.63,11.86
745246,2024-06-13,2024,641598,R,621051,R,field_out,False,False,160.0,0.158,50.0,31.25,21.0,13.12,0.576,0.13499999999999998,33.33,13.1,22.17,35.27,18.52,22.94,262.0,0.25,70.0,26.72,25.0,9.54,0.845,0.267,25.84,10.63,19.22,29.85,18.71,21.21,44.0,0.184,12.0,27.27,4.0,9.09,0.72,0.263,27.27,12.96,16.05,29.01,24.0,27.91,129.0,0.184,36.0,27.91,13.0,10.08,0.63,0.1669999999999999,28.24,12.88,16.99,29.87,25.45,19.67
745246,2024-06-13,2024,686527,L,621051,R,intent_walk,False,True,92.0,0.207,24.0,26.09,9.0,9.78,0.746,0.256,33.93,17.38,16.16,33.54,40.0,24.74,155.0,0.221,26.0,16.77,5.0,3.23,0.661,0.1879999999999999,24.65,13.73,16.86,30.59,41.27,21.85,42.0,0.138,7.0,16.67,11.0,26.19,0.616,0.10299999999999998,25.93,11.17,12.77,23.94,22.34,11.29,90.0,0.187,21.0,23.33,14.0,15.56,0.6819999999999999,0.173,24.38,10.18,15.67,25.85,18.0,18.58
745246,2024-06-13,2024,571745,R,621051,R,single,False,False,170.0,0.248,46.0,27.06,15.0,8.82,0.732,0.16999999999999998,29.33,12.45,17.68,30.13,21.49,20.93,161.0,0.189,48.0,29.81,10.0,6.21,0.599,0.1619999999999999,28.57,13.33,19.22,32.56,25.34,22.02,44.0,0.184,12.0,27.27,4.0,9.09,0.72,0.263,27.27,12.96,16.05,29.01,24.0,27.91,129.0,0.184,36.0,27.91,13.0,10.08,0.63,0.1669999999999999,28.24,12.88,16.99,29.87,25.45,19.67
745075,2024-06-13,2024,643565,L,671737,R,field_out,False,False,189.0,0.252,37.0,19.58,26.0,13.76,0.7709999999999999,0.15699999999999997,23.1,11.33,11.92,23.25,23.08,12.25,345.0,0.253,73.0,21.16,50.0,14.49,0.739,0.121,23.95,9.92,17.49,27.41,19.14,15.57,73.0,0.25,25.0,34.25,4.0,5.48,0.8009999999999999,0.25,31.45,17.36,11.11,28.47,34.48,28.74,230.0,0.227,75.0,32.61,20.0,8.7,0.677,0.159,29.2,13.82,16.1,29.92,24.77,27.17
745075,2024-06-13,2024,666624,R,671737,R,strikeout,True,False,210.0,0.212,48.0,22.86,25.0,11.9,0.7130000000000001,0.18500000000000003,30.81,13.97,14.22,28.19,24.65,21.05,329.0,0.247,105.0,31.91,27.0,8.21,0.798,0.239,38.21,19.07,13.74,32.81,29.43,27.56,58.0,0.2,14.0,24.14,6.0,10.34,0.716,0.24,25.4,12.65,13.44,26.09,25.0,15.56,230.0,0.282,54.0,23.48,19.0,8.26,0.946,0.321,21.36,11.52,13.29,24.81,30.0,18.12
745075,2024-06-13,2024,641355,L,671737,R,single,False,False,164.0,0.229,31.0,18.9,17.0,10.37,0.761,0.215,26.07,13.19,12.85,26.04,32.42,19.75,373.0,0.291,58.0,15.55,27.0,7.24,0.829,0.198,20.08,10.01,15.91,25.92,29.71,13.74,73.0,0.25,25.0,34.25,4.0,5.48,0.8009999999999999,0.25,31.45,17.36,11.11,28.47,34.48,28.74,230.0,0.227,75.0,32.61,20.0,8.7,0.677,0.159,29.2,13.82,16.1,29.92,24.77,27.17
745075,2024-06-13,2024,673548,R,671737,R,strikeout,True,False,131.0,0.288,37.0,28.24,6.0,4.58,0.8360000000000001,0.21200000000000002,26.48,10.86,21.16,32.02,24.18,21.76,419.0,0.278,102.0,24.34,41.0,9.79,0.839,0.2129999999999999,24.3,9.93,20.44,30.37,19.3,20.2,58.0,0.2,14.0,24.14,6.0,10.34,0.716,0.24,25.4,12.65,13.44,26.09,25.0,15.56,230.0,0.282,54.0,23.48,19.0,8.26,0.946,0.321,21.36,11.52,13.29,24.81,30.0,18.12
745075,2024-06-13,2024,650490,R,657006,L,strikeout,True,False,74.0,0.294,7.0,9.46,4.0,5.41,0.7210000000000001,0.10300000000000004,8.2,3.72,16.73,20.45,19.51,12.5,139.0,0.355,22.0,15.83,16.0,11.51,1.101,0.314,16.87,7.31,16.22,23.53,19.53,13.75,150.0,0.25,33.0,22.0,9.0,6.0,0.733,0.184,22.01,10.95,17.07,28.01,28.7,22.15,576.0,0.247,134.0,23.26,28.0,4.86,0.637,0.0989999999999999,22.7,12.17,14.45,26.62,32.3,19.88
745075,2024-06-13,2024,668227,R,657006,L,field_out,False,False,70.0,0.179,13.0,18.57,13.0,18.57,0.672,0.16000000000000003,25.44,9.9,18.43,28.33,18.24,17.33,138.0,0.254,37.0,26.81,18.0,13.04,0.8280000000000001,0.212,26.44,11.46,18.11,29.57,29.32,19.68,150.0,0.25,33.0,22.0,9.0,6.0,0.733,0.184,22.01,10.95,17.07,28.01,28.7,22.15,576.0,0.247,134.0,23.26,28.0,4.86,0.637,0.0989999999999999,22.7,12.17,14.45,26.62,32.3,19.88
745075,2024-06-13,2024,664040,L,657006,L,strikeout,True,False,17.0,0.312,5.0,29.41,1.0,5.88,0.915,0.25000000000000006,40.0,21.88,7.81,29.69,27.59,27.78,63.0,0.17,16.0,25.4,8.0,12.7,0.512,0.0559999999999999,33.05,15.79,14.98,30.77,27.69,23.19,38.0,0.152,10.0,26.32,3.0,7.89,0.505,0.09,23.19,12.12,17.42,29.55,29.82,25.64,141.0,0.267,42.0,29.79,8.0,5.67,0.7869999999999999,0.2059999999999999,29.17,14.51,15.37,29.88,30.56,20.1
745075,2024-06-13,2024,683737,L,671737,R,field_out,False,False,193.0,0.245,68.0,35.23,25.0,12.95,0.7949999999999999,0.203,33.51,14.9,15.38,30.29,24.94,25.0,66.0,0.158,21.0,31.82,8.0,12.12,0.556,0.1399999999999999,29.79,14.48,13.45,27.93,28.39,21.0,73.0,0.25,25.0,34.25,4.0,5.48,0.8009999999999999,0.25,31.45,17.36,11.11,28.47,34.48,28.74,230.0,0.227,75.0,32.61,20.0,8.7,0.677,0.159,29.2,13.82,16.1,29.92,24.77,27.17
745075,2024-06-13,2024,663538,R,671737,R,field_out,False,False,197.0,0.244,19.0,9.64,19.0,9.64,0.6839999999999999,0.10499999999999998,13.71,6.21,21.86,28.07,31.16,10.22,508.0,0.274,63.0,12.4,40.0,7.87,0.72,0.0979999999999999,13.4,6.0,20.67,26.67,29.91,12.21,58.0,0.2,14.0,24.14,6.0,10.34,0.716,0.24,25.4,12.65,13.44,26.09,25.0,15.56,230.0,0.282,54.0,23.48,19.0,8.26,0.946,0.321,21.36,11.52,13.29,24.81,30.0,18.12
745075,2024-06-13,2024,621550,R,671737,R,strikeout,True,False,33.0,0.129,10.0,30.3,2.0,6.06,0.472,0.16099999999999998,26.79,13.04,18.26,31.3,22.0,30.3,172.0,0.196,64.0,37.21,20.0,11.63,0.8049999999999999,0.311,34.35,16.0,14.32,30.32,24.49,24.24,58.0,0.2,14.0,24.14,6.0,10.34,0.716,0.24,25.4,12.65,13.44,26.09,25.0,15.56,230.0,0.282,54.0,23.48,19.0,8.26,0.946,0.321,21.36,11.52,13.29,24.81,30.0,18.12
745075,2024-06-13,2024,670623,R,657006,L,field_out,False,False,66.0,0.271,14.0,21.21,6.0,9.09,0.7549999999999999,0.13599999999999995,21.37,9.19,21.69,30.88,27.59,17.07,136.0,0.259,22.0,16.18,15.0,11.03,0.773,0.146,17.06,7.6,18.37,25.97,26.71,12.64,150.0,0.25,33.0,22.0,9.0,6.0,0.733,0.184,22.01,10.95,17.07,28.01,28.7,22.15,576.0,0.247,134.0,23.26,28.0,4.86,0.637,0.0989999999999999,22.7,12.17,14.45,26.62,32.3,19.88
745075,2024-06-13,2024,642708,R,657006,L,field_out,False,False,63.0,0.311,12.0,19.05,1.0,1.59,0.76,0.132,27.34,15.77,14.86,30.63,39.62,19.67,193.0,0.282,27.0,13.99,11.0,5.7,0.768,0.16,18.35,9.79,15.18,24.96,39.07,12.33,150.0,0.25,33.0,22.0,9.0,6.0,0.733,0.184,22.01,10.95,17.07,28.01,28.7,22.15,576.0,0.247,134.0,23.26,28.0,4.86,0.637,0.0989999999999999,22.7,12.17,14.45,26.62,32.3,19.88
745075,2024-06-13,2024,642350,R,657006,L,field_out,False,False,50.0,0.182,18.0,36.0,5.0,10.0,0.692,0.25,41.23,20.89,13.33,34.22,29.46,21.43,93.0,0.198,37.0,39.78,4.0,4.3,0.647,0.2209999999999999,43.46,22.99,15.24,38.23,37.84,32.17,150.0,0.25,33.0,22.0,9.0,6.0,0.733,0.184,22.01,10.95,17.07,28.01,28.7,22.15,576.0,0.247,134.0,23.26,28.0,4.86,0.637,0.0989999999999999,22.7,12.17,14.45,26.62,32.3,19.88
745075,2024-06-13,2024,691718,L,671737,R,strikeout,True,False,81.0,0.219,17.0,20.99,4.0,4.94,0.581,0.096,22.22,13.16,10.86,24.01,40.0,16.35,15.0,0.0,6.0,40.0,2.0,13.33,0.154,0.0,44.44,26.67,8.33,35.0,23.08,27.27,73.0,0.25,25.0,34.25,4.0,5.48,0.8009999999999999,0.25,31.45,17.36,11.11,28.47,34.48,28.74,230.0,0.227,75.0,32.61,20.0,8.7,0.677,0.159,29.2,13.82,16.1,29.92,24.77,27.17
745075,2024-06-13,2024,543228,R,671737,R,field_out,False,False,73.0,0.171,27.0,36.99,1.0,1.37,0.478,0.11499999999999996,33.33,19.53,13.8,33.33,44.83,25.47,281.0,0.26,59.0,21.0,14.0,4.98,0.6719999999999999,0.0979999999999999,25.45,13.09,15.78,28.88,36.89,18.55,58.0,0.2,14.0,24.14,6.0,10.34,0.716,0.24,25.4,12.65,13.44,26.09,25.0,15.56,230.0,0.282,54.0,23.48,19.0,8.26,0.946,0.321,21.36,11.52,13.29,24.81,30.0,18.12
745075,2024-06-13,2024,643565,L,671737,R,field_out,False,False,189.0,0.252,37.0,19.58,26.0,13.76,0.7709999999999999,0.15699999999999997,23.1,11.33,11.92,23.25,23.08,12.25,345.0,0.253,73.0,21.16,50.0,14.49,0.739,0.121,23.95,9.92,17.49,27.41,19.14,15.57,73.0,0.25,25.0,34.25,4.0,5.48,0.8009999999999999,0.25,31.45,17.36,11.11,28.47,34.48,28.74,230.0,0.227,75.0,32.61,20.0,8.7,0.677,0.159,29.2,13.82,16.1,29.92,24.77,27.17
745075,2024-06-13,2024,676609,R,657006,L,strikeout,True,False,49.0,0.295,20.0,40.82,1.0,2.04,0.795,0.16000000000000003,42.0,22.7,19.46,42.16,41.18,28.57,124.0,0.265,29.0,23.39,13.0,10.48,0.758,0.0979999999999999,21.43,9.88,19.38,29.26,31.78,17.26,150.0,0.25,33.0,22.0,9.0,6.0,0.733,0.184,22.01,10.95,17.07,28.01,28.7,22.15,576.0,0.247,134.0,23.26,28.0,4.86,0.637,0.0989999999999999,22.7,12.17,14.45,26.62,32.3,19.88
745075,2024-06-13,2024,676356,R,657006,L,strikeout,True,False,32.0,0.185,6.0,18.75,4.0,12.5,0.697,0.22199999999999998,22.86,12.03,13.53,25.56,35.94,12.5,35.0,0.281,8.0,22.86,3.0,8.57,0.7490000000000001,0.125,27.78,15.15,13.64,28.79,41.67,17.78,150.0,0.25,33.0,22.0,9.0,6.0,0.733,0.184,22.01,10.95,17.07,28.01,28.7,22.15,576.0,0.247,134.0,23.26,28.0,4.86,0.637,0.0989999999999999,22.7,12.17,14.45,26.62,32.3,19.88
745075,2024-06-13,2024,656577,R,657006,L,single,False,False,17.0,0.062,9.0,52.94,0.0,0.0,0.121,0.0,34.69,22.08,9.09,31.17,52.27,26.47,,,,,,,,,,,,,,,150.0,0.25,33.0,22.0,9.0,6.0,0.733,0.184,22.01,10.95,17.07,28.01,28.7,22.15,576.0,0.247,134.0,23.26,28.0,4.86,0.637,0.0989999999999999,22.7,12.17,14.45,26.62,32.3,19.88
745075,2024-06-13,2024,650490,R,657006,L,field_out,False,False,74.0,0.294,7.0,9.46,4.0,5.41,0.7210000000000001,0.10300000000000004,8.2,3.72,16.73,20.45,19.51,12.5,139.0,0.355,22.0,15.83,16.0,11.51,1.101,0.314,16.87,7.31,16.22,23.53,19.53,13.75,150.0,0.25,33.0,22.0,9.0,6.0,0.733,0.184,22.01,10.95,17.07,28.01,28.7,22.15,576.0,0.247,134.0,23.26,28.0,4.86,0.637,0.0989999999999999,22.7,12.17,14.45,26.62,32.3,19.88
745075,2024-06-13,2024,666624,R,671737,R,strikeout,True,False,210.0,0.212,48.0,22.86,25.0,11.9,0.7130000000000001,0.18500000000000003,30.81,13.97,14.22,28.19,24.65,21.05,329.0,0.247,105.0,31.91,27.0,8.21,0.798,0.239,38.21,19.07,13.74,32.81,29.43,27.56,58.0,0.2,14.0,24.14,6.0,10.34,0.716,0.24,25.4,12.65,13.44,26.09,25.0,15.56,230.0,0.282,54.0,23.48,19.0,8.26,0.946,0.321,21.36,11.52,13.29,24.81,30.0,18.12
745075,2024-06-13,2024,641355,L,671737,R,field_out,False,False,164.0,0.229,31.0,18.9,17.0,10.37,0.761,0.215,26.07,13.19,12.85,26.04,32.42,19.75,373.0,0.291,58.0,15.55,27.0,7.24,0.829,0.198,20.08,10.01,15.91,25.92,29.71,13.74,73.0,0.25,25.0,34.25,4.0,5.48,0.8009999999999999,0.25,31.45,17.36,11.11,28.47,34.48,28.74,230.0,0.227,75.0,32.61,20.0,8.7,0.677,0.159,29.2,13.82,16.1,29.92,24.77,27.17
745075,2024-06-13,2024,673548,R,671737,R,strikeout,True,False,131.0,0.288,37.0,28.24,6.0,4.58,0.8360000000000001,0.21200000000000002,26.48,10.86,21.16,32.02,24.18,21.76,419.0,0.278,102.0,24.34,41.0,9.79,0.839,0.2129999999999999,24.3,9.93,20.44,30.37,19.3,20.2,58.0,0.2,14.0,24.14,6.0,10.34,0.716,0.24,25.4,12.65,13.44,26.09,25.0,15.56,230.0,0.282,54.0,23.48,19.0,8.26,0.946,0.321,21.36,11.52,13.29,24.81,30.0,18.12
745075,2024-06-13,2024,668227,R,657006,L,strikeout,True,False,70.0,0.179,13.0,18.57,13.0,18.57,0.672,0.16000000000000003,25.44,9.9,18.43,28.33,18.24,17.33,138.0,0.254,37.0,26.81,18.0,13.04,0.8280000000000001,0.212,26.44,11.46,18.11,29.57,29.32,19.68,150.0,0.25,33.0,22.0,9.0,6.0,0.733,0.184,22.01,10.95,17.07,28.01,28.7,22.15,576.0,0.247,134.0,23.26,28.0,4.86,0.637,0.0989999999999999,22.7,12.17,14.45,26.62,32.3,19.88
745075,2024-06-13,2024,664040,L,657006,L,field_out,False,False,17.0,0.312,5.0,29.41,1.0,5.88,0.915,0.25000000000000006,40.0,21.88,7.81,29.69,27.59,27.78,63.0,0.17,16.0,25.4,8.0,12.7,0.512,0.0559999999999999,33.05,15.79,14.98,30.77,27.69,23.19,38.0,0.152,10.0,26.32,3.0,7.89,0.505,0.09,23.19,12.12,17.42,29.55,29.82,25.64,141.0,0.267,42.0,29.79,8.0,5.67,0.7869999999999999,0.2059999999999999,29.17,14.51,15.37,29.88,30.56,20.1
745075,2024-06-13,2024,670623,R,657006,L,field_out,False,False,66.0,0.271,14.0,21.21,6.0,9.09,0.7549999999999999,0.13599999999999995,21.37,9.19,21.69,30.88,27.59,17.07,136.0,0.259,22.0,16.18,15.0,11.03,0.773,0.146,17.06,7.6,18.37,25.97,26.71,12.64,150.0,0.25,33.0,22.0,9.0,6.0,0.733,0.184,22.01,10.95,17.07,28.01,28.7,22.15,576.0,0.247,134.0,23.26,28.0,4.86,0.637,0.0989999999999999,22.7,12.17,14.45,26.62,32.3,19.88
745075,2024-06-13,2024,683737,L,671737,R,single,False,False,193.0,0.245,68.0,35.23,25.0,12.95,0.7949999999999999,0.203,33.51,14.9,15.38,30.29,24.94,25.0,66.0,0.158,21.0,31.82,8.0,12.12,0.556,0.1399999999999999,29.79,14.48,13.45,27.93,28.39,21.0,73.0,0.25,25.0,34.25,4.0,5.48,0.8009999999999999,0.25,31.45,17.36,11.11,28.47,34.48,28.74,230.0,0.227,75.0,32.61,20.0,8.7,0.677,0.159,29.2,13.82,16.1,29.92,24.77,27.17
745075,2024-06-13,2024,663538,R,671737,R,single,False,False,197.0,0.244,19.0,9.64,19.0,9.64,0.6839999999999999,0.10499999999999998,13.71,6.21,21.86,28.07,31.16,10.22,508.0,0.274,63.0,12.4,40.0,7.87,0.72,0.0979999999999999,13.4,6.0,20.67,26.67,29.91,12.21,58.0,0.2,14.0,24.14,6.0,10.34,0.716,0.24,25.4,12.65,13.44,26.09,25.0,15.56,230.0,0.282,54.0,23.48,19.0,8.26,0.946,0.321,21.36,11.52,13.29,24.81,30.0,18.12
745075,2024-06-13,2024,621550,R,671737,R,sac_bunt,False,False,33.0,0.129,10.0,30.3,2.0,6.06,0.472,0.16099999999999998,26.79,13.04,18.26,31.3,22.0,30.3,172.0,0.196,64.0,37.21,20.0,11.63,0.8049999999999999,0.311,34.35,16.0,14.32,30.32,24.49,24.24,58.0,0.2,14.0,24.14,6.0,10.34,0.716,0.24,25.4,12.65,13.44,26.09,25.0,15.56,230.0,0.282,54.0,23.48,19.0,8.26,0.946,0.321,21.36,11.52,13.29,24.81,30.0,18.12
745075,2024-06-13,2024,691718,L,671737,R,fielders_choice,False,False,81.0,0.219,17.0,20.99,4.0,4.94,0.581,0.096,22.22,13.16,10.86,24.01,40.0,16.35,15.0,0.0,6.0,40.0,2.0,13.33,0.154,0.0,44.44,26.67,8.33,35.0,23.08,27.27,73.0,0.25,25.0,34.25,4.0,5.48,0.8009999999999999,0.25,31.45,17.36,11.11,28.47,34.48,28.74,230.0,0.227,75.0,32.61,20.0,8.7,0.677,0.159,29.2,13.82,16.1,29.92,24.77,27.17
745075,2024-06-13,2024,543228,R,671737,R,sac_bunt,False,False,73.0,0.171,27.0,36.99,1.0,1.37,0.478,0.11499999999999996,33.33,19.53,13.8,33.33,44.83,25.47,281.0,0.26,59.0,21.0,14.0,4.98,0.6719999999999999,0.0979999999999999,25.45,13.09,15.78,28.88,36.89,18.55,58.0,0.2,14.0,24.14,6.0,10.34,0.716,0.24,25.4,12.65,13.44,26.09,25.0,15.56,230.0,0.282,54.0,23.48,19.0,8.26,0.946,0.321,21.36,11.52,13.29,24.81,30.0,18.12
745075,2024-06-13,2024,643565,L,671737,R,strikeout,True,False,189.0,0.252,37.0,19.58,26.0,13.76,0.7709999999999999,0.15699999999999997,23.1,11.33,11.92,23.25,23.08,12.25,345.0,0.253,73.0,21.16,50.0,14.49,0.739,0.121,23.95,9.92,17.49,27.41,19.14,15.57,73.0,0.25,25.0,34.25,4.0,5.48,0.8009999999999999,0.25,31.45,17.36,11.11,28.47,34.48,28.74,230.0,0.227,75.0,32.61,20.0,8.7,0.677,0.159,29.2,13.82,16.1,29.92,24.77,27.17
745075,2024-06-13,2024,642708,R,657006,L,field_out,False,False,63.0,0.311,12.0,19.05,1.0,1.59,0.76,0.132,27.34,15.77,14.86,30.63,39.62,19.67,193.0,0.282,27.0,13.99,11.0,5.7,0.768,0.16,18.35,9.79,15.18,24.96,39.07,12.33,150.0,0.25,33.0,22.0,9.0,6.0,0.733,0.184,22.01,10.95,17.07,28.01,28.7,22.15,576.0,0.247,134.0,23.26,28.0,4.86,0.637,0.0989999999999999,22.7,12.17,14.45,26.62,32.3,19.88
745075,2024-06-13,2024,642350,R,657006,L,field_out,False,False,50.0,0.182,18.0,36.0,5.0,10.0,0.692,0.25,41.23,20.89,13.33,34.22,29.46,21.43,93.0,0.198,37.0,39.78,4.0,4.3,0.647,0.2209999999999999,43.46,22.99,15.24,38.23,37.84,32.17,150.0,0.25,33.0,22.0,9.0,6.0,0.733,0.184,22.01,10.95,17.07,28.01,28.7,22.15,576.0,0.247,134.0,23.26,28.0,4.86,0.637,0.0989999999999999,22.7,12.17,14.45,26.62,32.3,19.88
745075,2024-06-13,2024,676609,R,657006,L,field_out,False,False,49.0,0.295,20.0,40.82,1.0,2.04,0.795,0.16000000000000003,42.0,22.7,19.46,42.16,41.18,28.57,124.0,0.265,29.0,23.39,13.0,10.48,0.758,0.0979999999999999,21.43,9.88,19.38,29.26,31.78,17.26,150.0,0.25,33.0,22.0,9.0,6.0,0.733,0.184,22.01,10.95,17.07,28.01,28.7,22.15,576.0,0.247,134.0,23.26,28.0,4.86,0.637,0.0989999999999999,22.7,12.17,14.45,26.62,32.3,19.88
745075,2024-06-13,2024,666624,R,671737,R,field_out,False,False,210.0,0.212,48.0,22.86,25.0,11.9,0.7130000000000001,0.18500000000000003,30.81,13.97,14.22,28.19,24.65,21.05,329.0,0.247,105.0,31.91,27.0,8.21,0.798,0.239,38.21,19.07,13.74,32.81,29.43,27.56,58.0,0.2,14.0,24.14,6.0,10.34,0.716,0.24,25.4,12.65,13.44,26.09,25.0,15.56,230.0,0.282,54.0,23.48,19.0,8.26,0.946,0.321,21.36,11.52,13.29,24.81,30.0,18.12
745075,2024-06-13,2024,641355,L,671737,R,strikeout,True,False,164.0,0.229,31.0,18.9,17.0,10.37,0.761,0.215,26.07,13.19,12.85,26.04,32.42,19.75,373.0,0.291,58.0,15.55,27.0,7.24,0.829,0.198,20.08,10.01,15.91,25.92,29.71,13.74,73.0,0.25,25.0,34.25,4.0,5.48,0.8009999999999999,0.25,31.45,17.36,11.11,28.47,34.48,28.74,230.0,0.227,75.0,32.61,20.0,8.7,0.677,0.159,29.2,13.82,16.1,29.92,24.77,27.17
745075,2024-06-13,2024,673548,R,671737,R,walk,False,True,131.0,0.288,37.0,28.24,6.0,4.58,0.8360000000000001,0.21200000000000002,26.48,10.86,21.16,32.02,24.18,21.76,419.0,0.278,102.0,24.34,41.0,9.79,0.839,0.2129999999999999,24.3,9.93,20.44,30.37,19.3,20.2,58.0,0.2,14.0,24.14,6.0,10.34,0.716,0.24,25.4,12.65,13.44,26.09,25.0,15.56,230.0,0.282,54.0,23.48,19.0,8.26,0.946,0.321,21.36,11.52,13.29,24.81,30.0,18.12
745075,2024-06-13,2024,683737,L,671737,R,strikeout,True,False,193.0,0.245,68.0,35.23,25.0,12.95,0.7949999999999999,0.203,33.51,14.9,15.38,30.29,24.94,25.0,66.0,0.158,21.0,31.82,8.0,12.12,0.556,0.1399999999999999,29.79,14.48,13.45,27.93,28.39,21.0,73.0,0.25,25.0,34.25,4.0,5.48,0.8009999999999999,0.25,31.45,17.36,11.11,28.47,34.48,28.74,230.0,0.227,75.0,32.61,20.0,8.7,0.677,0.159,29.2,13.82,16.1,29.92,24.77,27.17
745075,2024-06-13,2024,676356,R,657006,L,field_out,False,False,32.0,0.185,6.0,18.75,4.0,12.5,0.697,0.22199999999999998,22.86,12.03,13.53,25.56,35.94,12.5,35.0,0.281,8.0,22.86,3.0,8.57,0.7490000000000001,0.125,27.78,15.15,13.64,28.79,41.67,17.78,150.0,0.25,33.0,22.0,9.0,6.0,0.733,0.184,22.01,10.95,17.07,28.01,28.7,22.15,576.0,0.247,134.0,23.26,28.0,4.86,0.637,0.0989999999999999,22.7,12.17,14.45,26.62,32.3,19.88
745075,2024-06-13,2024,656577,R,657006,L,walk,False,True,17.0,0.062,9.0,52.94,0.0,0.0,0.121,0.0,34.69,22.08,9.09,31.17,52.27,26.47,,,,,,,,,,,,,,,150.0,0.25,33.0,22.0,9.0,6.0,0.733,0.184,22.01,10.95,17.07,28.01,28.7,22.15,576.0,0.247,134.0,23.26,28.0,4.86,0.637,0.0989999999999999,22.7,12.17,14.45,26.62,32.3,19.88
745075,2024-06-13,2024,650490,R,657006,L,single,False,False,74.0,0.294,7.0,9.46,4.0,5.41,0.7210000000000001,0.10300000000000004,8.2,3.72,16.73,20.45,19.51,12.5,139.0,0.355,22.0,15.83,16.0,11.51,1.101,0.314,16.87,7.31,16.22,23.53,19.53,13.75,150.0,0.25,33.0,22.0,9.0,6.0,0.733,0.184,22.01,10.95,17.07,28.01,28.7,22.15,576.0,0.247,134.0,23.26,28.0,4.86,0.637,0.0989999999999999,22.7,12.17,14.45,26.62,32.3,19.88
745075,2024-06-13,2024,668227,R,657006,L,force_out,False,False,70.0,0.179,13.0,18.57,13.0,18.57,0.672,0.16000000000000003,25.44,9.9,18.43,28.33,18.24,17.33,138.0,0.254,37.0,26.81,18.0,13.04,0.8280000000000001,0.212,26.44,11.46,18.11,29.57,29.32,19.68,150.0,0.25,33.0,22.0,9.0,6.0,0.733,0.184,22.01,10.95,17.07,28.01,28.7,22.15,576.0,0.247,134.0,23.26,28.0,4.86,0.637,0.0989999999999999,22.7,12.17,14.45,26.62,32.3,19.88
745075,2024-06-13,2024,664040,L,657006,L,single,False,False,17.0,0.312,5.0,29.41,1.0,5.88,0.915,0.25000000000000006,40.0,21.88,7.81,29.69,27.59,27.78,63.0,0.17,16.0,25.4,8.0,12.7,0.512,0.0559999999999999,33.05,15.79,14.98,30.77,27.69,23.19,38.0,0.152,10.0,26.32,3.0,7.89,0.505,0.09,23.19,12.12,17.42,29.55,29.82,25.64,141.0,0.267,42.0,29.79,8.0,5.67,0.7869999999999999,0.2059999999999999,29.17,14.51,15.37,29.88,30.56,20.1
745075,2024-06-13,2024,670623,R,657006,L,field_out,False,False,66.0,0.271,14.0,21.21,6.0,9.09,0.7549999999999999,0.13599999999999995,21.37,9.19,21.69,30.88,27.59,17.07,136.0,0.259,22.0,16.18,15.0,11.03,0.773,0.146,17.06,7.6,18.37,25.97,26.71,12.64,150.0,0.25,33.0,22.0,9.0,6.0,0.733,0.184,22.01,10.95,17.07,28.01,28.7,22.15,576.0,0.247,134.0,23.26,28.0,4.86,0.637,0.0989999999999999,22.7,12.17,14.45,26.62,32.3,19.88
745075,2024-06-13,2024,663538,R,671737,R,field_out,False,False,197.0,0.244,19.0,9.64,19.0,9.64,0.6839999999999999,0.10499999999999998,13.71,6.21,21.86,28.07,31.16,10.22,508.0,0.274,63.0,12.4,40.0,7.87,0.72,0.0979999999999999,13.4,6.0,20.67,26.67,29.91,12.21,58.0,0.2,14.0,24.14,6.0,10.34,0.716,0.24,25.4,12.65,13.44,26.09,25.0,15.56,230.0,0.282,54.0,23.48,19.0,8.26,0.946,0.321,21.36,11.52,13.29,24.81,30.0,18.12
745075,2024-06-13,2024,621550,R,671737,R,walk,False,True,33.0,0.129,10.0,30.3,2.0,6.06,0.472,0.16099999999999998,26.79,13.04,18.26,31.3,22.0,30.3,172.0,0.196,64.0,37.21,20.0,11.63,0.8049999999999999,0.311,34.35,16.0,14.32,30.32,24.49,24.24,58.0,0.2,14.0,24.14,6.0,10.34,0.716,0.24,25.4,12.65,13.44,26.09,25.0,15.56,230.0,0.282,54.0,23.48,19.0,8.26,0.946,0.321,21.36,11.52,13.29,24.81,30.0,18.12
745075,2024-06-13,2024,691718,L,671737,R,strikeout,True,False,81.0,0.219,17.0,20.99,4.0,4.94,0.581,0.096,22.22,13.16,10.86,24.01,40.0,16.35,15.0,0.0,6.0,40.0,2.0,13.33,0.154,0.0,44.44,26.67,8.33,35.0,23.08,27.27,73.0,0.25,25.0,34.25,4.0,5.48,0.8009999999999999,0.25,31.45,17.36,11.11,28.47,34.48,28.74,230.0,0.227,75.0,32.61,20.0,8.7,0.677,0.159,29.2,13.82,16.1,29.92,24.77,27.17
745075,2024-06-13,2024,543228,R,671737,R,strikeout,True,False,73.0,0.171,27.0,36.99,1.0,1.37,0.478,0.11499999999999996,33.33,19.53,13.8,33.33,44.83,25.47,281.0,0.26,59.0,21.0,14.0,4.98,0.6719999999999999,0.0979999999999999,25.45,13.09,15.78,28.88,36.89,18.55,58.0,0.2,14.0,24.14,6.0,10.34,0.716,0.24,25.4,12.65,13.44,26.09,25.0,15.56,230.0,0.282,54.0,23.48,19.0,8.26,0.946,0.321,21.36,11.52,13.29,24.81,30.0,18.12
745075,2024-06-13,2024,642708,R,643410,R,single,False,False,133.0,0.289,21.0,15.79,5.0,3.76,0.714,0.10900000000000004,20.54,11.35,13.7,25.05,38.56,14.38,353.0,0.252,72.0,20.4,18.0,5.1,0.636,0.091,25.7,13.68,14.7,28.38,39.8,19.35,38.0,0.194,17.0,44.74,2.0,5.26,0.515,0.08400000000000002,40.85,18.95,18.3,37.25,34.15,36.17,87.0,0.254,19.0,21.84,6.0,6.9,0.875,0.253,26.32,11.56,15.32,26.88,23.2,20.21
745075,2024-06-13,2024,642350,R,643410,R,walk,False,True,141.0,0.195,52.0,36.88,9.0,6.38,0.6160000000000001,0.14600000000000002,38.62,17.46,20.96,38.42,32.01,28.89,271.0,0.23,93.0,34.32,16.0,5.9,0.801,0.29,39.19,20.65,15.06,35.71,37.69,31.08,38.0,0.194,17.0,44.74,2.0,5.26,0.515,0.08400000000000002,40.85,18.95,18.3,37.25,34.15,36.17,87.0,0.254,19.0,21.84,6.0,6.9,0.875,0.253,26.32,11.56,15.32,26.88,23.2,20.21
745075,2024-06-13,2024,676609,R,643410,R,strikeout,True,False,172.0,0.244,44.0,25.58,11.0,6.4,0.661,0.10899999999999999,28.8,13.09,19.71,32.79,31.76,21.05,156.0,0.186,37.0,23.72,15.0,9.62,0.588,0.1009999999999999,24.9,10.03,24.36,34.39,27.59,18.69,38.0,0.194,17.0,44.74,2.0,5.26,0.515,0.08400000000000002,40.85,18.95,18.3,37.25,34.15,36.17,87.0,0.254,19.0,21.84,6.0,6.9,0.875,0.253,26.32,11.56,15.32,26.88,23.2,20.21
745075,2024-06-13,2024,666139,L,643410,R,single,False,False,63.0,0.196,18.0,28.57,6.0,9.52,0.631,0.16099999999999998,24.83,12.63,14.04,26.67,29.79,16.98,435.0,0.3,104.0,23.91,27.0,6.21,0.8540000000000001,0.211,29.41,15.52,12.38,27.9,34.65,18.39,73.0,0.231,18.0,24.66,8.0,10.96,0.5920000000000001,0.04600000000000001,35.43,16.36,14.55,30.91,34.5,24.32,182.0,0.185,58.0,31.87,18.0,9.89,0.567,0.1169999999999999,35.24,15.61,16.6,32.21,29.51,29.29
745075,2024-06-13,2024,666163,L,643410,R,field_out,False,False,120.0,0.262,31.0,25.83,15.0,12.5,0.6679999999999999,0.03899999999999998,25.33,11.33,17.19,28.52,27.27,18.18,72.0,0.133,15.0,20.83,10.0,13.89,0.507,0.1169999999999999,25.64,10.56,17.96,28.52,20.41,17.5,73.0,0.231,18.0,24.66,8.0,10.96,0.5920000000000001,0.04600000000000001,35.43,16.36,14.55,30.91,34.5,24.32,182.0,0.185,58.0,31.87,18.0,9.89,0.567,0.1169999999999999,35.24,15.61,16.6,32.21,29.51,29.29
745075,2024-06-13,2024,650490,R,643410,R,single,False,False,221.0,0.244,32.0,14.48,22.0,9.95,0.666,0.09600000000000003,12.03,5.25,16.94,22.19,22.84,11.68,462.0,0.322,72.0,15.58,49.0,10.61,0.881,0.1559999999999999,18.95,8.0,18.68,26.68,19.71,15.69,38.0,0.194,17.0,44.74,2.0,5.26,0.515,0.08400000000000002,40.85,18.95,18.3,37.25,34.15,36.17,87.0,0.254,19.0,21.84,6.0,6.9,0.875,0.253,26.32,11.56,15.32,26.88,23.2,20.21
745075,2024-06-13,2024,668227,R,668338,R,field_out,False,False,198.0,0.172,57.0,28.79,18.0,9.09,0.5740000000000001,0.138,35.85,14.99,19.67,34.66,24.15,20.36,517.0,0.254,119.0,23.02,62.0,11.99,0.7769999999999999,0.1589999999999999,29.93,12.82,18.77,31.59,26.93,19.44,59.0,0.182,16.0,27.12,3.0,5.08,0.528,0.10899999999999999,29.51,15.52,14.22,29.74,35.54,18.29,32.0,0.185,7.0,21.88,4.0,12.5,0.503,0.037,28.57,12.31,16.92,29.23,30.26,20.59
745075,2024-06-13,2024,621020,R,621363,L,field_out,False,False,47.0,0.25,10.0,21.28,6.0,12.77,0.837,0.22499999999999998,25.93,11.73,11.73,23.46,20.65,23.26,161.0,0.245,43.0,26.71,17.0,10.56,0.771,0.203,30.48,14.79,13.87,28.66,24.48,20.28,39.0,0.194,5.0,12.82,2.0,5.13,0.592,0.16699999999999998,20.59,10.94,7.81,18.75,33.33,16.67,172.0,0.199,36.0,20.93,16.0,9.3,0.5740000000000001,0.0989999999999999,25.81,12.6,14.49,27.09,32.74,21.95
745075,2024-06-13,2024,666624,R,621363,L,field_out,False,False,70.0,0.196,13.0,18.57,9.0,12.86,0.74,0.21499999999999997,26.55,12.05,14.06,26.1,25.4,18.06,101.0,0.25,28.0,27.72,9.0,8.91,0.893,0.3259999999999999,32.8,15.98,13.4,29.38,27.23,25.23,39.0,0.194,5.0,12.82,2.0,5.13,0.592,0.16699999999999998,20.59,10.94,7.81,18.75,33.33,16.67,172.0,0.199,36.0,20.93,16.0,9.3,0.5740000000000001,0.0989999999999999,25.81,12.6,14.49,27.09,32.74,21.95
745075,2024-06-13,2024,641355,L,621363,L,field_out,False,False,74.0,0.342,9.0,12.16,0.0,0.0,0.817,0.13699999999999996,21.43,11.74,17.83,29.57,37.5,15.52,183.0,0.337,29.0,15.85,13.0,7.1,0.984,0.2589999999999999,20.0,9.84,17.49,27.32,33.33,11.98,15.0,0.5,3.0,20.0,3.0,20.0,1.4329999999999998,0.33299999999999996,23.08,9.68,19.35,29.03,17.86,13.64,74.0,0.185,25.0,33.78,8.0,10.81,0.597,0.138,35.92,17.23,16.55,33.78,28.28,25.81
745075,2024-06-13,2024,664040,L,605155,R,single,False,False,84.0,0.167,20.0,23.81,10.0,11.9,0.619,0.166,26.75,13.59,10.03,23.62,27.38,23.81,374.0,0.241,103.0,27.54,42.0,11.23,0.813,0.237,31.86,16.63,11.13,27.77,30.39,21.33,23.0,0.143,7.0,30.43,2.0,8.7,0.36,0.0,30.95,12.87,20.79,33.66,24.53,24.14,17.0,0.062,2.0,11.76,0.0,0.0,0.368,0.188,18.52,8.77,17.54,26.32,22.22,15.38
745075,2024-06-13,2024,670623,R,605155,R,field_error,False,False,202.0,0.297,31.0,15.35,19.0,9.41,0.881,0.20600000000000002,15.91,7.17,18.52,25.7,27.45,8.99,438.0,0.247,82.0,18.72,43.0,9.82,0.86,0.266,18.6,8.55,16.71,25.26,28.98,14.09,24.0,0.286,5.0,20.83,2.0,8.33,0.9039999999999999,0.285,18.0,8.41,14.95,23.36,16.28,13.16,17.0,0.357,2.0,11.76,3.0,17.65,1.471,0.643,25.0,10.64,17.02,27.66,22.73,28.57
745075,2024-06-13,2024,642708,R,605155,R,strikeout,True,False,133.0,0.289,21.0,15.79,5.0,3.76,0.714,0.10900000000000004,20.54,11.35,13.7,25.05,38.56,14.38,353.0,0.252,72.0,20.4,18.0,5.1,0.636,0.091,25.7,13.68,14.7,28.38,39.8,19.35,24.0,0.286,5.0,20.83,2.0,8.33,0.9039999999999999,0.285,18.0,8.41,14.95,23.36,16.28,13.16,17.0,0.357,2.0,11.76,3.0,17.65,1.471,0.643,25.0,10.64,17.02,27.66,22.73,28.57
745075,2024-06-13,2024,642350,R,605155,R,field_out,False,False,141.0,0.195,52.0,36.88,9.0,6.38,0.6160000000000001,0.14600000000000002,38.62,17.46,20.96,38.42,32.01,28.89,271.0,0.23,93.0,34.32,16.0,5.9,0.801,0.29,39.19,20.65,15.06,35.71,37.69,31.08,24.0,0.286,5.0,20.83,2.0,8.33,0.9039999999999999,0.285,18.0,8.41,14.95,23.36,16.28,13.16,17.0,0.357,2.0,11.76,3.0,17.65,1.471,0.643,25.0,10.64,17.02,27.66,22.73,28.57
745075,2024-06-13,2024,676609,R,605155,R,field_out,False,False,172.0,0.244,44.0,25.58,11.0,6.4,0.661,0.10899999999999999,28.8,13.09,19.71,32.79,31.76,21.05,156.0,0.186,37.0,23.72,15.0,9.62,0.588,0.1009999999999999,24.9,10.03,24.36,34.39,27.59,18.69,24.0,0.286,5.0,20.83,2.0,8.33,0.9039999999999999,0.285,18.0,8.41,14.95,23.36,16.28,13.16,17.0,0.357,2.0,11.76,3.0,17.65,1.471,0.643,25.0,10.64,17.02,27.66,22.73,28.57
745075,2024-06-13,2024,673548,R,664126,R,field_out,False,False,131.0,0.288,37.0,28.24,6.0,4.58,0.8360000000000001,0.21200000000000002,26.48,10.86,21.16,32.02,24.18,21.76,419.0,0.278,102.0,24.34,41.0,9.79,0.839,0.2129999999999999,24.3,9.93,20.44,30.37,19.3,20.2,47.0,0.179,14.0,29.79,7.0,14.89,0.535,0.05200000000000002,26.67,11.56,19.08,30.64,22.89,30.43,99.0,0.12,33.0,33.33,11.0,11.11,0.4519999999999999,0.0849999999999999,29.08,14.69,18.3,32.99,29.89,26.83
745075,2024-06-13,2024,683737,L,664126,R,walk,False,True,193.0,0.245,68.0,35.23,25.0,12.95,0.7949999999999999,0.203,33.51,14.9,15.38,30.29,24.94,25.0,66.0,0.158,21.0,31.82,8.0,12.12,0.556,0.1399999999999999,29.79,14.48,13.45,27.93,28.39,21.0,37.0,0.265,9.0,24.32,3.0,8.11,0.618,0.02899999999999997,16.98,6.12,26.53,32.65,19.7,24.32,86.0,0.211,35.0,40.7,9.0,10.47,0.565,0.052,32.88,13.79,25.29,39.08,26.17,31.25
745075,2024-06-13,2024,663538,R,664126,R,grounded_into_double_play,False,False,197.0,0.244,19.0,9.64,19.0,9.64,0.6839999999999999,0.10499999999999998,13.71,6.21,21.86,28.07,31.16,10.22,508.0,0.274,63.0,12.4,40.0,7.87,0.72,0.0979999999999999,13.4,6.0,20.67,26.67,29.91,12.21,47.0,0.179,14.0,29.79,7.0,14.89,0.535,0.05200000000000002,26.67,11.56,19.08,30.64,22.89,30.43,99.0,0.12,33.0,33.33,11.0,11.11,0.4519999999999999,0.0849999999999999,29.08,14.69,18.3,32.99,29.89,26.83
746294,2024-06-13,2024,683011,R,656186,R,single,False,False,240.0,0.279,51.0,21.25,17.0,7.08,0.776,0.15799999999999997,22.43,10.54,19.03,29.57,29.37,18.75,467.0,0.198,132.0,28.27,36.0,7.71,0.624,0.1579999999999999,28.15,13.53,17.49,31.02,29.16,23.4,5.0,0.5,2.0,40.0,1.0,20.0,1.1,0.0,36.36,19.05,9.52,28.57,20.0,33.33,,,,,,,,,,,,,,
746294,2024-06-13,2024,665742,L,656186,R,walk,False,True,225.0,0.313,36.0,16.0,39.0,17.33,1.037,0.291,24.86,9.15,18.62,27.77,16.27,14.17,502.0,0.283,81.0,16.14,99.0,19.72,0.98,0.2730000000000001,18.45,6.31,19.31,25.62,15.09,14.14,4.0,0.333,1.0,25.0,1.0,25.0,0.833,0.0,33.33,11.11,16.67,27.78,12.5,50.0,,,,,,,,,,,,,,
746294,2024-06-13,2024,592450,R,656186,R,single,False,False,239.0,0.318,56.0,23.43,36.0,15.06,1.141,0.39899999999999997,30.28,13.07,14.55,27.62,18.2,18.6,384.0,0.266,109.0,28.39,77.0,20.05,1.011,0.3339999999999999,36.96,15.02,15.7,30.72,19.29,24.12,5.0,0.5,2.0,40.0,1.0,20.0,1.1,0.0,36.36,19.05,9.52,28.57,20.0,33.33,,,,,,,,,,,,,,
746294,2024-06-13,2024,519317,R,656186,R,strikeout,True,False,186.0,0.229,61.0,32.8,15.0,8.06,0.808,0.28300000000000003,33.33,15.22,17.93,33.15,30.95,30.65,341.0,0.175,111.0,32.55,35.0,10.26,0.64,0.201,36.65,15.18,19.37,34.55,27.39,25.58,5.0,0.5,2.0,40.0,1.0,20.0,1.1,0.0,36.36,19.05,9.52,28.57,20.0,33.33,,,,,,,,,,,,,,
746294,2024-06-13,2024,657077,L,656186,R,single,False,False,200.0,0.279,25.0,12.5,13.0,6.5,0.774,0.175,13.14,6.0,19.69,25.68,25.82,11.21,441.0,0.279,66.0,14.97,30.0,6.8,0.793,0.185,15.08,6.28,20.52,26.8,22.64,14.93,4.0,0.333,1.0,25.0,1.0,25.0,0.833,0.0,33.33,11.11,16.67,27.78,12.5,50.0,,,,,,,,,,,,,,
746294,2024-06-13,2024,650402,R,656186,R,walk,False,True,220.0,0.235,51.0,23.18,19.0,8.64,0.653,0.11199999999999999,25.35,11.77,16.63,28.4,21.98,15.79,544.0,0.273,78.0,14.34,50.0,9.19,0.772,0.1589999999999999,21.74,10.32,15.57,25.89,26.86,11.29,5.0,0.5,2.0,40.0,1.0,20.0,1.1,0.0,36.36,19.05,9.52,28.57,20.0,33.33,,,,,,,,,,,,,,
746294,2024-06-13,2024,519203,L,663738,L,sac_fly,False,False,73.0,0.194,14.0,19.18,2.0,2.74,0.45599999999999996,0.014999999999999986,20.0,9.65,17.37,27.03,27.27,22.22,87.0,0.333,11.0,12.64,8.0,9.2,0.825,0.0899999999999999,23.87,11.56,17.81,29.38,30.82,12.64,22.0,0.125,5.0,22.73,3.0,13.64,0.398,0.0,16.22,6.52,16.3,22.83,15.69,16.13,32.0,0.333,4.0,12.5,1.0,3.12,0.708,0.0,18.64,9.65,16.67,26.32,19.57,12.5
746294,2024-06-13,2024,624431,R,663738,L,home_run,False,False,55.0,0.25,8.0,14.55,5.0,9.09,0.815,0.25,19.79,7.79,20.49,28.28,25.0,10.39,44.0,0.268,2.0,4.55,3.0,6.82,0.781,0.195,11.11,5.49,18.9,24.39,37.21,4.08,77.0,0.261,10.0,12.99,5.0,6.49,0.903,0.30399999999999994,20.49,9.65,17.37,27.03,22.5,17.24,191.0,0.23,30.0,15.71,15.0,7.85,0.731,0.213,25.67,12.37,13.81,26.19,30.4,17.14
746294,2024-06-13,2024,518934,R,663738,L,field_out,False,False,14.0,0.167,2.0,14.29,2.0,14.29,0.45299999999999996,0.0,8.7,4.08,20.41,24.49,30.43,14.29,113.0,0.255,25.0,22.12,15.0,13.27,0.761,0.149,20.93,7.45,24.22,31.68,20.95,18.66,77.0,0.261,10.0,12.99,5.0,6.49,0.903,0.30399999999999994,20.49,9.65,17.37,27.03,22.5,17.24,191.0,0.23,30.0,15.71,15.0,7.85,0.731,0.213,25.67,12.37,13.81,26.19,30.4,17.14
746294,2024-06-13,2024,672580,R,547001,R,field_out,False,False,251.0,0.242,44.0,17.53,20.0,7.97,0.636,0.09300000000000003,18.89,8.33,20.3,28.63,21.62,16.3,400.0,0.258,94.0,23.5,33.0,8.25,0.648,0.071,20.3,8.71,19.59,28.3,19.12,19.96,45.0,0.225,10.0,22.22,4.0,8.89,0.661,0.12499999999999997,15.12,6.74,18.65,25.39,22.58,14.93,,,,,,,,,,,,,,
746294,2024-06-13,2024,677951,R,547001,R,field_out,False,False,259.0,0.338,43.0,16.6,20.0,7.72,0.967,0.23899999999999993,23.87,11.69,14.21,25.91,28.99,16.86,547.0,0.27,93.0,17.0,33.0,6.03,0.8,0.2149999999999999,22.15,10.87,15.53,26.4,29.62,14.44,45.0,0.225,10.0,22.22,4.0,8.89,0.661,0.12499999999999997,15.12,6.74,18.65,25.39,22.58,14.93,,,,,,,,,,,,,,
746294,2024-06-13,2024,686469,L,547001,R,field_out,False,False,219.0,0.226,30.0,13.7,24.0,10.96,0.742,0.19899999999999998,12.91,5.78,15.99,21.77,27.91,12.71,188.0,0.251,23.0,12.23,15.0,7.98,0.784,0.217,14.85,7.02,17.48,24.5,34.8,10.0,37.0,0.176,3.0,8.11,3.0,8.11,0.508,0.08900000000000002,14.55,5.93,16.3,22.22,21.43,13.04,,,,,,,,,,,,,,
746294,2024-06-13,2024,683011,R,663738,L,single,False,False,78.0,0.268,15.0,19.23,6.0,7.69,0.7050000000000001,0.11199999999999999,18.42,8.86,17.09,25.95,27.33,16.67,134.0,0.248,35.0,26.12,16.0,11.94,0.817,0.2309999999999999,28.81,13.49,15.8,29.29,27.07,23.49,77.0,0.261,10.0,12.99,5.0,6.49,0.903,0.30399999999999994,20.49,9.65,17.37,27.03,22.5,17.24,191.0,0.23,30.0,15.71,15.0,7.85,0.731,0.213,25.67,12.37,13.81,26.19,30.4,17.14
746294,2024-06-13,2024,665742,L,663738,L,field_out,False,False,79.0,0.328,12.0,15.19,12.0,15.19,0.992,0.23400000000000004,16.67,6.15,21.85,28.0,17.5,12.5,207.0,0.256,48.0,23.19,33.0,15.94,0.813,0.18,25.32,9.65,20.51,30.16,20.61,20.17,22.0,0.125,5.0,22.73,3.0,13.64,0.398,0.0,16.22,6.52,16.3,22.83,15.69,16.13,32.0,0.333,4.0,12.5,1.0,3.12,0.708,0.0,18.64,9.65,16.67,26.32,19.57,12.5
746294,2024-06-13,2024,592450,R,663738,L,field_out,False,False,69.0,0.26,17.0,24.64,19.0,27.54,1.104,0.38,33.98,11.9,15.31,27.21,16.46,22.97,74.0,0.274,21.0,28.38,11.0,14.86,1.0550000000000002,0.403,34.59,13.9,15.71,29.61,19.89,21.65,77.0,0.261,10.0,12.99,5.0,6.49,0.903,0.30399999999999994,20.49,9.65,17.37,27.03,22.5,17.24,191.0,0.23,30.0,15.71,15.0,7.85,0.731,0.213,25.67,12.37,13.81,26.19,30.4,17.14
746294,2024-06-13,2024,519317,R,663738,L,field_out,False,False,65.0,0.242,18.0,27.69,2.0,3.08,0.7010000000000001,0.193,31.71,16.32,17.15,33.47,35.59,27.27,74.0,0.265,13.0,17.57,6.0,8.11,0.942,0.353,21.88,10.11,15.16,25.27,26.09,20.0,77.0,0.261,10.0,12.99,5.0,6.49,0.903,0.30399999999999994,20.49,9.65,17.37,27.03,22.5,17.24,191.0,0.23,30.0,15.71,15.0,7.85,0.731,0.213,25.67,12.37,13.81,26.19,30.4,17.14
746294,2024-06-13,2024,521692,R,547001,R,single,False,False,211.0,0.296,37.0,17.54,18.0,8.53,0.865,0.193,24.71,13.86,9.11,22.98,42.26,14.51,437.0,0.264,100.0,22.88,11.0,2.52,0.73,0.174,30.72,18.16,9.73,27.89,45.56,22.08,45.0,0.225,10.0,22.22,4.0,8.89,0.661,0.12499999999999997,15.12,6.74,18.65,25.39,22.58,14.93,,,,,,,,,,,,,,
746294,2024-06-13,2024,676369,R,547001,R,grounded_into_double_play,False,False,148.0,0.193,41.0,27.7,9.0,6.08,0.635,0.192,36.78,16.9,16.02,32.92,27.74,24.4,125.0,0.257,36.0,28.8,9.0,7.2,0.966,0.389,35.34,17.89,12.6,30.49,29.12,21.95,45.0,0.225,10.0,22.22,4.0,8.89,0.661,0.12499999999999997,15.12,6.74,18.65,25.39,22.58,14.93,,,,,,,,,,,,,,
746294,2024-06-13,2024,679845,R,547001,R,strikeout,True,False,62.0,0.231,9.0,14.52,8.0,12.9,0.5780000000000001,0.01899999999999999,19.32,7.94,19.16,27.1,21.43,16.07,44.0,0.279,7.0,15.91,1.0,2.27,0.667,0.0929999999999999,20.0,9.64,16.87,26.51,25.61,14.29,45.0,0.225,10.0,22.22,4.0,8.89,0.661,0.12499999999999997,15.12,6.74,18.65,25.39,22.58,14.93,,,,,,,,,,,,,,
746294,2024-06-13,2024,657077,L,663738,L,strikeout,True,False,76.0,0.219,13.0,17.11,9.0,11.84,0.6599999999999999,0.12499999999999997,18.25,7.19,22.19,29.38,21.66,13.0,161.0,0.22,27.0,16.77,15.0,9.32,0.61,0.0779999999999999,17.21,6.6,24.69,31.29,20.83,15.61,22.0,0.125,5.0,22.73,3.0,13.64,0.398,0.0,16.22,6.52,16.3,22.83,15.69,16.13,32.0,0.333,4.0,12.5,1.0,3.12,0.708,0.0,18.64,9.65,16.67,26.32,19.57,12.5
746294,2024-06-13,2024,650402,R,663738,L,field_out,False,False,67.0,0.22,19.0,28.36,8.0,11.94,0.652,0.11900000000000002,29.86,14.14,16.78,30.92,20.59,15.7,128.0,0.278,20.0,15.62,17.0,13.28,0.921,0.268,22.12,9.54,15.71,25.25,21.8,13.33,77.0,0.261,10.0,12.99,5.0,6.49,0.903,0.30399999999999994,20.49,9.65,17.37,27.03,22.5,17.24,191.0,0.23,30.0,15.71,15.0,7.85,0.731,0.213,25.67,12.37,13.81,26.19,30.4,17.14
746294,2024-06-13,2024,519203,L,663738,L,field_out,False,False,73.0,0.194,14.0,19.18,2.0,2.74,0.45599999999999996,0.014999999999999986,20.0,9.65,17.37,27.03,27.27,22.22,87.0,0.333,11.0,12.64,8.0,9.2,0.825,0.0899999999999999,23.87,11.56,17.81,29.38,30.82,12.64,22.0,0.125,5.0,22.73,3.0,13.64,0.398,0.0,16.22,6.52,16.3,22.83,15.69,16.13,32.0,0.333,4.0,12.5,1.0,3.12,0.708,0.0,18.64,9.65,16.67,26.32,19.57,12.5
746294,2024-06-13,2024,666023,R,547001,R,single,False,False,83.0,0.273,17.0,20.48,6.0,7.23,0.6890000000000001,0.09099999999999997,24.16,13.07,13.37,26.44,34.15,15.89,169.0,0.288,36.0,21.3,9.0,5.33,0.785,0.174,23.9,13.04,10.79,23.84,30.17,16.22,45.0,0.225,10.0,22.22,4.0,8.89,0.661,0.12499999999999997,15.12,6.74,18.65,25.39,22.58,14.93,,,,,,,,,,,,,,
746294,2024-06-13,2024,641658,R,547001,R,strikeout,True,False,45.0,0.333,14.0,31.11,2.0,4.44,0.745,0.04799999999999999,21.84,10.56,19.44,30.0,24.05,23.73,170.0,0.282,45.0,26.47,14.0,8.24,0.74,0.107,24.75,10.81,20.44,31.26,25.39,22.06,45.0,0.225,10.0,22.22,4.0,8.89,0.661,0.12499999999999997,15.12,6.74,18.65,25.39,22.58,14.93,,,,,,,,,,,,,,
746294,2024-06-13,2024,664728,L,547001,R,field_out,False,False,159.0,0.228,25.0,15.72,10.0,6.29,0.642,0.13799999999999998,17.06,7.83,20.77,28.6,31.97,17.86,253.0,0.223,43.0,17.0,12.0,4.74,0.631,0.147,20.48,9.51,19.8,29.31,28.6,18.78,37.0,0.176,3.0,8.11,3.0,8.11,0.508,0.08900000000000002,14.55,5.93,16.3,22.22,21.43,13.04,,,,,,,,,,,,,,
746294,2024-06-13,2024,672580,R,547001,R,walk,False,True,251.0,0.242,44.0,17.53,20.0,7.97,0.636,0.09300000000000003,18.89,8.33,20.3,28.63,21.62,16.3,400.0,0.258,94.0,23.5,33.0,8.25,0.648,0.071,20.3,8.71,19.59,28.3,19.12,19.96,45.0,0.225,10.0,22.22,4.0,8.89,0.661,0.12499999999999997,15.12,6.74,18.65,25.39,22.58,14.93,,,,,,,,,,,,,,
746294,2024-06-13,2024,677951,R,547001,R,field_out,False,False,259.0,0.338,43.0,16.6,20.0,7.72,0.967,0.23899999999999993,23.87,11.69,14.21,25.91,28.99,16.86,547.0,0.27,93.0,17.0,33.0,6.03,0.8,0.2149999999999999,22.15,10.87,15.53,26.4,29.62,14.44,45.0,0.225,10.0,22.22,4.0,8.89,0.661,0.12499999999999997,15.12,6.74,18.65,25.39,22.58,14.93,,,,,,,,,,,,,,
746294,2024-06-13,2024,624431,R,663738,L,field_out,False,False,55.0,0.25,8.0,14.55,5.0,9.09,0.815,0.25,19.79,7.79,20.49,28.28,25.0,10.39,44.0,0.268,2.0,4.55,3.0,6.82,0.781,0.195,11.11,5.49,18.9,24.39,37.21,4.08,77.0,0.261,10.0,12.99,5.0,6.49,0.903,0.30399999999999994,20.49,9.65,17.37,27.03,22.5,17.24,191.0,0.23,30.0,15.71,15.0,7.85,0.731,0.213,25.67,12.37,13.81,26.19,30.4,17.14
746294,2024-06-13,2024,518934,R,663738,L,field_out,False,False,14.0,0.167,2.0,14.29,2.0,14.29,0.45299999999999996,0.0,8.7,4.08,20.41,24.49,30.43,14.29,113.0,0.255,25.0,22.12,15.0,13.27,0.761,0.149,20.93,7.45,24.22,31.68,20.95,18.66,77.0,0.261,10.0,12.99,5.0,6.49,0.903,0.30399999999999994,20.49,9.65,17.37,27.03,22.5,17.24,191.0,0.23,30.0,15.71,15.0,7.85,0.731,0.213,25.67,12.37,13.81,26.19,30.4,17.14
746294,2024-06-13,2024,683011,R,663738,L,field_out,False,False,78.0,0.268,15.0,19.23,6.0,7.69,0.7050000000000001,0.11199999999999999,18.42,8.86,17.09,25.95,27.33,16.67,134.0,0.248,35.0,26.12,16.0,11.94,0.817,0.2309999999999999,28.81,13.49,15.8,29.29,27.07,23.49,77.0,0.261,10.0,12.99,5.0,6.49,0.903,0.30399999999999994,20.49,9.65,17.37,27.03,22.5,17.24,191.0,0.23,30.0,15.71,15.0,7.85,0.731,0.213,25.67,12.37,13.81,26.19,30.4,17.14
746294,2024-06-13,2024,686469,L,547001,R,field_out,False,False,219.0,0.226,30.0,13.7,24.0,10.96,0.742,0.19899999999999998,12.91,5.78,15.99,21.77,27.91,12.71,188.0,0.251,23.0,12.23,15.0,7.98,0.784,0.217,14.85,7.02,17.48,24.5,34.8,10.0,37.0,0.176,3.0,8.11,3.0,8.11,0.508,0.08900000000000002,14.55,5.93,16.3,22.22,21.43,13.04,,,,,,,,,,,,,,
746294,2024-06-13,2024,521692,R,547001,R,walk,False,True,211.0,0.296,37.0,17.54,18.0,8.53,0.865,0.193,24.71,13.86,9.11,22.98,42.26,14.51,437.0,0.264,100.0,22.88,11.0,2.52,0.73,0.174,30.72,18.16,9.73,27.89,45.56,22.08,45.0,0.225,10.0,22.22,4.0,8.89,0.661,0.12499999999999997,15.12,6.74,18.65,25.39,22.58,14.93,,,,,,,,,,,,,,
746294,2024-06-13,2024,676369,R,547001,R,grounded_into_double_play,False,False,148.0,0.193,41.0,27.7,9.0,6.08,0.635,0.192,36.78,16.9,16.02,32.92,27.74,24.4,125.0,0.257,36.0,28.8,9.0,7.2,0.966,0.389,35.34,17.89,12.6,30.49,29.12,21.95,45.0,0.225,10.0,22.22,4.0,8.89,0.661,0.12499999999999997,15.12,6.74,18.65,25.39,22.58,14.93,,,,,,,,,,,,,,
746294,2024-06-13,2024,665742,L,663738,L,walk,False,True,79.0,0.328,12.0,15.19,12.0,15.19,0.992,0.23400000000000004,16.67,6.15,21.85,28.0,17.5,12.5,207.0,0.256,48.0,23.19,33.0,15.94,0.813,0.18,25.32,9.65,20.51,30.16,20.61,20.17,22.0,0.125,5.0,22.73,3.0,13.64,0.398,0.0,16.22,6.52,16.3,22.83,15.69,16.13,32.0,0.333,4.0,12.5,1.0,3.12,0.708,0.0,18.64,9.65,16.67,26.32,19.57,12.5
746294,2024-06-13,2024,592450,R,663738,L,field_out,False,False,69.0,0.26,17.0,24.64,19.0,27.54,1.104,0.38,33.98,11.9,15.31,27.21,16.46,22.97,74.0,0.274,21.0,28.38,11.0,14.86,1.0550000000000002,0.403,34.59,13.9,15.71,29.61,19.89,21.65,77.0,0.261,10.0,12.99,5.0,6.49,0.903,0.30399999999999994,20.49,9.65,17.37,27.03,22.5,17.24,191.0,0.23,30.0,15.71,15.0,7.85,0.731,0.213,25.67,12.37,13.81,26.19,30.4,17.14
746294,2024-06-13,2024,519317,R,663738,L,home_run,False,False,65.0,0.242,18.0,27.69,2.0,3.08,0.7010000000000001,0.193,31.71,16.32,17.15,33.47,35.59,27.27,74.0,0.265,13.0,17.57,6.0,8.11,0.942,0.353,21.88,10.11,15.16,25.27,26.09,20.0,77.0,0.261,10.0,12.99,5.0,6.49,0.903,0.30399999999999994,20.49,9.65,17.37,27.03,22.5,17.24,191.0,0.23,30.0,15.71,15.0,7.85,0.731,0.213,25.67,12.37,13.81,26.19,30.4,17.14
746294,2024-06-13,2024,657077,L,663738,L,walk,False,True,76.0,0.219,13.0,17.11,9.0,11.84,0.6599999999999999,0.12499999999999997,18.25,7.19,22.19,29.38,21.66,13.0,161.0,0.22,27.0,16.77,15.0,9.32,0.61,0.0779999999999999,17.21,6.6,24.69,31.29,20.83,15.61,22.0,0.125,5.0,22.73,3.0,13.64,0.398,0.0,16.22,6.52,16.3,22.83,15.69,16.13,32.0,0.333,4.0,12.5,1.0,3.12,0.708,0.0,18.64,9.65,16.67,26.32,19.57,12.5
746294,2024-06-13,2024,650402,R,663738,L,strikeout,True,False,67.0,0.22,19.0,28.36,8.0,11.94,0.652,0.11900000000000002,29.86,14.14,16.78,30.92,20.59,15.7,128.0,0.278,20.0,15.62,17.0,13.28,0.921,0.268,22.12,9.54,15.71,25.25,21.8,13.33,77.0,0.261,10.0,12.99,5.0,6.49,0.903,0.30399999999999994,20.49,9.65,17.37,27.03,22.5,17.24,191.0,0.23,30.0,15.71,15.0,7.85,0.731,0.213,25.67,12.37,13.81,26.19,30.4,17.14
746294,2024-06-13,2024,519203,L,663738,L,field_out,False,False,73.0,0.194,14.0,19.18,2.0,2.74,0.45599999999999996,0.014999999999999986,20.0,9.65,17.37,27.03,27.27,22.22,87.0,0.333,11.0,12.64,8.0,9.2,0.825,0.0899999999999999,23.87,11.56,17.81,29.38,30.82,12.64,22.0,0.125,5.0,22.73,3.0,13.64,0.398,0.0,16.22,6.52,16.3,22.83,15.69,16.13,32.0,0.333,4.0,12.5,1.0,3.12,0.708,0.0,18.64,9.65,16.67,26.32,19.57,12.5
746294,2024-06-13,2024,679845,R,547001,R,field_out,False,False,62.0,0.231,9.0,14.52,8.0,12.9,0.5780000000000001,0.01899999999999999,19.32,7.94,19.16,27.1,21.43,16.07,44.0,0.279,7.0,15.91,1.0,2.27,0.667,0.0929999999999999,20.0,9.64,16.87,26.51,25.61,14.29,45.0,0.225,10.0,22.22,4.0,8.89,0.661,0.12499999999999997,15.12,6.74,18.65,25.39,22.58,14.93,,,,,,,,,,,,,,
746294,2024-06-13,2024,666023,R,547001,R,field_out,False,False,83.0,0.273,17.0,20.48,6.0,7.23,0.6890000000000001,0.09099999999999997,24.16,13.07,13.37,26.44,34.15,15.89,169.0,0.288,36.0,21.3,9.0,5.33,0.785,0.174,23.9,13.04,10.79,23.84,30.17,16.22,45.0,0.225,10.0,22.22,4.0,8.89,0.661,0.12499999999999997,15.12,6.74,18.65,25.39,22.58,14.93,,,,,,,,,,,,,,
746294,2024-06-13,2024,641658,R,547001,R,field_out,False,False,45.0,0.333,14.0,31.11,2.0,4.44,0.745,0.04799999999999999,21.84,10.56,19.44,30.0,24.05,23.73,170.0,0.282,45.0,26.47,14.0,8.24,0.74,0.107,24.75,10.81,20.44,31.26,25.39,22.06,45.0,0.225,10.0,22.22,4.0,8.89,0.661,0.12499999999999997,15.12,6.74,18.65,25.39,22.58,14.93,,,,,,,,,,,,,,
746294,2024-06-13,2024,624431,R,663738,L,single,False,False,55.0,0.25,8.0,14.55,5.0,9.09,0.815,0.25,19.79,7.79,20.49,28.28,25.0,10.39,44.0,0.268,2.0,4.55,3.0,6.82,0.781,0.195,11.11,5.49,18.9,24.39,37.21,4.08,77.0,0.261,10.0,12.99,5.0,6.49,0.903,0.30399999999999994,20.49,9.65,17.37,27.03,22.5,17.24,191.0,0.23,30.0,15.71,15.0,7.85,0.731,0.213,25.67,12.37,13.81,26.19,30.4,17.14
746294,2024-06-13,2024,518934,R,663738,L,field_out,False,False,14.0,0.167,2.0,14.29,2.0,14.29,0.45299999999999996,0.0,8.7,4.08,20.41,24.49,30.43,14.29,113.0,0.255,25.0,22.12,15.0,13.27,0.761,0.149,20.93,7.45,24.22,31.68,20.95,18.66,77.0,0.261,10.0,12.99,5.0,6.49,0.903,0.30399999999999994,20.49,9.65,17.37,27.03,22.5,17.24,191.0,0.23,30.0,15.71,15.0,7.85,0.731,0.213,25.67,12.37,13.81,26.19,30.4,17.14
746294,2024-06-13,2024,683011,R,663738,L,grounded_into_double_play,False,False,78.0,0.268,15.0,19.23,6.0,7.69,0.7050000000000001,0.11199999999999999,18.42,8.86,17.09,25.95,27.33,16.67,134.0,0.248,35.0,26.12,16.0,11.94,0.817,0.2309999999999999,28.81,13.49,15.8,29.29,27.07,23.49,77.0,0.261,10.0,12.99,5.0,6.49,0.903,0.30399999999999994,20.49,9.65,17.37,27.03,22.5,17.24,191.0,0.23,30.0,15.71,15.0,7.85,0.731,0.213,25.67,12.37,13.81,26.19,30.4,17.14
746294,2024-06-13,2024,664728,L,547001,R,single,False,False,159.0,0.228,25.0,15.72,10.0,6.29,0.642,0.13799999999999998,17.06,7.83,20.77,28.6,31.97,17.86,253.0,0.223,43.0,17.0,12.0,4.74,0.631,0.147,20.48,9.51,19.8,29.31,28.6,18.78,37.0,0.176,3.0,8.11,3.0,8.11,0.508,0.08900000000000002,14.55,5.93,16.3,22.22,21.43,13.04,,,,,,,,,,,,,,
746294,2024-06-13,2024,672580,R,547001,R,field_out,False,False,251.0,0.242,44.0,17.53,20.0,7.97,0.636,0.09300000000000003,18.89,8.33,20.3,28.63,21.62,16.3,400.0,0.258,94.0,23.5,33.0,8.25,0.648,0.071,20.3,8.71,19.59,28.3,19.12,19.96,45.0,0.225,10.0,22.22,4.0,8.89,0.661,0.12499999999999997,15.12,6.74,18.65,25.39,22.58,14.93,,,,,,,,,,,,,,
746294,2024-06-13,2024,677951,R,547001,R,double,False,False,259.0,0.338,43.0,16.6,20.0,7.72,0.967,0.23899999999999993,23.87,11.69,14.21,25.91,28.99,16.86,547.0,0.27,93.0,17.0,33.0,6.03,0.8,0.2149999999999999,22.15,10.87,15.53,26.4,29.62,14.44,45.0,0.225,10.0,22.22,4.0,8.89,0.661,0.12499999999999997,15.12,6.74,18.65,25.39,22.58,14.93,,,,,,,,,,,,,,
746294,2024-06-13,2024,686469,L,547001,R,walk,False,True,219.0,0.226,30.0,13.7,24.0,10.96,0.742,0.19899999999999998,12.91,5.78,15.99,21.77,27.91,12.71,188.0,0.251,23.0,12.23,15.0,7.98,0.784,0.217,14.85,7.02,17.48,24.5,34.8,10.0,37.0,0.176,3.0,8.11,3.0,8.11,0.508,0.08900000000000002,14.55,5.93,16.3,22.22,21.43,13.04,,,,,,,,,,,,,,
746294,2024-06-13,2024,521692,R,641656,R,walk,False,True,211.0,0.296,37.0,17.54,18.0,8.53,0.865,0.193,24.71,13.86,9.11,22.98,42.26,14.51,437.0,0.264,100.0,22.88,11.0,2.52,0.73,0.174,30.72,18.16,9.73,27.89,45.56,22.08,81.0,0.3,20.0,24.69,6.0,7.41,0.7869999999999999,0.129,40.27,20.2,16.84,37.04,37.5,22.22,130.0,0.23,36.0,27.69,15.0,11.54,0.605,0.044,34.73,16.24,15.66,31.9,32.53,24.49
746294,2024-06-13,2024,676369,R,641656,R,sac_fly,False,False,148.0,0.193,41.0,27.7,9.0,6.08,0.635,0.192,36.78,16.9,16.02,32.92,27.74,24.4,125.0,0.257,36.0,28.8,9.0,7.2,0.966,0.389,35.34,17.89,12.6,30.49,29.12,21.95,81.0,0.3,20.0,24.69,6.0,7.41,0.7869999999999999,0.129,40.27,20.2,16.84,37.04,37.5,22.22,130.0,0.23,36.0,27.69,15.0,11.54,0.605,0.044,34.73,16.24,15.66,31.9,32.53,24.49
746294,2024-06-13,2024,679845,R,641656,R,strikeout,True,False,62.0,0.231,9.0,14.52,8.0,12.9,0.5780000000000001,0.01899999999999999,19.32,7.94,19.16,27.1,21.43,16.07,44.0,0.279,7.0,15.91,1.0,2.27,0.667,0.0929999999999999,20.0,9.64,16.87,26.51,25.61,14.29,81.0,0.3,20.0,24.69,6.0,7.41,0.7869999999999999,0.129,40.27,20.2,16.84,37.04,37.5,22.22,130.0,0.23,36.0,27.69,15.0,11.54,0.605,0.044,34.73,16.24,15.66,31.9,32.53,24.49
746294,2024-06-13,2024,665742,L,663738,L,hit_by_pitch,False,False,79.0,0.328,12.0,15.19,12.0,15.19,0.992,0.23400000000000004,16.67,6.15,21.85,28.0,17.5,12.5,207.0,0.256,48.0,23.19,33.0,15.94,0.813,0.18,25.32,9.65,20.51,30.16,20.61,20.17,22.0,0.125,5.0,22.73,3.0,13.64,0.398,0.0,16.22,6.52,16.3,22.83,15.69,16.13,32.0,0.333,4.0,12.5,1.0,3.12,0.708,0.0,18.64,9.65,16.67,26.32,19.57,12.5
746294,2024-06-13,2024,592450,R,663738,L,field_out,False,False,69.0,0.26,17.0,24.64,19.0,27.54,1.104,0.38,33.98,11.9,15.31,27.21,16.46,22.97,74.0,0.274,21.0,28.38,11.0,14.86,1.0550000000000002,0.403,34.59,13.9,15.71,29.61,19.89,21.65,77.0,0.261,10.0,12.99,5.0,6.49,0.903,0.30399999999999994,20.49,9.65,17.37,27.03,22.5,17.24,191.0,0.23,30.0,15.71,15.0,7.85,0.731,0.213,25.67,12.37,13.81,26.19,30.4,17.14
746294,2024-06-13,2024,519317,R,663738,L,single,False,False,65.0,0.242,18.0,27.69,2.0,3.08,0.7010000000000001,0.193,31.71,16.32,17.15,33.47,35.59,27.27,74.0,0.265,13.0,17.57,6.0,8.11,0.942,0.353,21.88,10.11,15.16,25.27,26.09,20.0,77.0,0.261,10.0,12.99,5.0,6.49,0.903,0.30399999999999994,20.49,9.65,17.37,27.03,22.5,17.24,191.0,0.23,30.0,15.71,15.0,7.85,0.731,0.213,25.67,12.37,13.81,26.19,30.4,17.14
746294,2024-06-13,2024,657077,L,663738,L,force_out,False,False,76.0,0.219,13.0,17.11,9.0,11.84,0.6599999999999999,0.12499999999999997,18.25,7.19,22.19,29.38,21.66,13.0,161.0,0.22,27.0,16.77,15.0,9.32,0.61,0.0779999999999999,17.21,6.6,24.69,31.29,20.83,15.61,22.0,0.125,5.0,22.73,3.0,13.64,0.398,0.0,16.22,6.52,16.3,22.83,15.69,16.13,32.0,0.333,4.0,12.5,1.0,3.12,0.708,0.0,18.64,9.65,16.67,26.32,19.57,12.5
746294,2024-06-13,2024,650402,R,663738,L,home_run,False,False,67.0,0.22,19.0,28.36,8.0,11.94,0.652,0.11900000000000002,29.86,14.14,16.78,30.92,20.59,15.7,128.0,0.278,20.0,15.62,17.0,13.28,0.921,0.268,22.12,9.54,15.71,25.25,21.8,13.33,77.0,0.261,10.0,12.99,5.0,6.49,0.903,0.30399999999999994,20.49,9.65,17.37,27.03,22.5,17.24,191.0,0.23,30.0,15.71,15.0,7.85,0.731,0.213,25.67,12.37,13.81,26.19,30.4,17.14
746294,2024-06-13,2024,519203,L,663738,L,single,False,False,73.0,0.194,14.0,19.18,2.0,2.74,0.45599999999999996,0.014999999999999986,20.0,9.65,17.37,27.03,27.27,22.22,87.0,0.333,11.0,12.64,8.0,9.2,0.825,0.0899999999999999,23.87,11.56,17.81,29.38,30.82,12.64,22.0,0.125,5.0,22.73,3.0,13.64,0.398,0.0,16.22,6.52,16.3,22.83,15.69,16.13,32.0,0.333,4.0,12.5,1.0,3.12,0.708,0.0,18.64,9.65,16.67,26.32,19.57,12.5
746294,2024-06-13,2024,624431,R,663738,L,strikeout,True,False,55.0,0.25,8.0,14.55,5.0,9.09,0.815,0.25,19.79,7.79,20.49,28.28,25.0,10.39,44.0,0.268,2.0,4.55,3.0,6.82,0.781,0.195,11.11,5.49,18.9,24.39,37.21,4.08,77.0,0.261,10.0,12.99,5.0,6.49,0.903,0.30399999999999994,20.49,9.65,17.37,27.03,22.5,17.24,191.0,0.23,30.0,15.71,15.0,7.85,0.731,0.213,25.67,12.37,13.81,26.19,30.4,17.14
746294,2024-06-13,2024,666023,R,641656,R,field_out,False,False,83.0,0.273,17.0,20.48,6.0,7.23,0.6890000000000001,0.09099999999999997,24.16,13.07,13.37,26.44,34.15,15.89,169.0,0.288,36.0,21.3,9.0,5.33,0.785,0.174,23.9,13.04,10.79,23.84,30.17,16.22,81.0,0.3,20.0,24.69,6.0,7.41,0.7869999999999999,0.129,40.27,20.2,16.84,37.04,37.5,22.22,130.0,0.23,36.0,27.69,15.0,11.54,0.605,0.044,34.73,16.24,15.66,31.9,32.53,24.49
746294,2024-06-13,2024,641658,R,641656,R,strikeout,True,False,45.0,0.333,14.0,31.11,2.0,4.44,0.745,0.04799999999999999,21.84,10.56,19.44,30.0,24.05,23.73,170.0,0.282,45.0,26.47,14.0,8.24,0.74,0.107,24.75,10.81,20.44,31.26,25.39,22.06,81.0,0.3,20.0,24.69,6.0,7.41,0.7869999999999999,0.129,40.27,20.2,16.84,37.04,37.5,22.22,130.0,0.23,36.0,27.69,15.0,11.54,0.605,0.044,34.73,16.24,15.66,31.9,32.53,24.49
746294,2024-06-13,2024,664728,L,641656,R,single,False,False,159.0,0.228,25.0,15.72,10.0,6.29,0.642,0.13799999999999998,17.06,7.83,20.77,28.6,31.97,17.86,253.0,0.223,43.0,17.0,12.0,4.74,0.631,0.147,20.48,9.51,19.8,29.31,28.6,18.78,51.0,0.214,10.0,19.61,7.0,13.73,0.619,0.07199999999999998,28.85,14.78,14.78,29.56,33.65,14.29,110.0,0.198,33.0,30.0,11.0,10.0,0.607,0.125,34.67,16.42,15.79,32.21,30.0,20.25
746294,2024-06-13,2024,672580,R,641656,R,single,False,False,251.0,0.242,44.0,17.53,20.0,7.97,0.636,0.09300000000000003,18.89,8.33,20.3,28.63,21.62,16.3,400.0,0.258,94.0,23.5,33.0,8.25,0.648,0.071,20.3,8.71,19.59,28.3,19.12,19.96,81.0,0.3,20.0,24.69,6.0,7.41,0.7869999999999999,0.129,40.27,20.2,16.84,37.04,37.5,22.22,130.0,0.23,36.0,27.69,15.0,11.54,0.605,0.044,34.73,16.24,15.66,31.9,32.53,24.49
746294,2024-06-13,2024,677951,R,641656,R,single,False,False,259.0,0.338,43.0,16.6,20.0,7.72,0.967,0.23899999999999993,23.87,11.69,14.21,25.91,28.99,16.86,547.0,0.27,93.0,17.0,33.0,6.03,0.8,0.2149999999999999,22.15,10.87,15.53,26.4,29.62,14.44,81.0,0.3,20.0,24.69,6.0,7.41,0.7869999999999999,0.129,40.27,20.2,16.84,37.04,37.5,22.22,130.0,0.23,36.0,27.69,15.0,11.54,0.605,0.044,34.73,16.24,15.66,31.9,32.53,24.49
746294,2024-06-13,2024,686469,L,592454,R,single,False,False,219.0,0.226,30.0,13.7,24.0,10.96,0.742,0.19899999999999998,12.91,5.78,15.99,21.77,27.91,12.71,188.0,0.251,23.0,12.23,15.0,7.98,0.784,0.217,14.85,7.02,17.48,24.5,34.8,10.0,9.0,0.125,3.0,33.33,0.0,0.0,0.347,0.0,52.63,27.78,13.89,41.67,44.0,27.27,85.0,0.176,22.0,25.88,9.0,10.59,0.637,0.202,29.22,12.47,19.67,32.13,30.46,19.82
746294,2024-06-13,2024,521692,R,592454,R,walk,False,True,211.0,0.296,37.0,17.54,18.0,8.53,0.865,0.193,24.71,13.86,9.11,22.98,42.26,14.51,437.0,0.264,100.0,22.88,11.0,2.52,0.73,0.174,30.72,18.16,9.73,27.89,45.56,22.08,20.0,0.2,3.0,15.0,5.0,25.0,1.0,0.39999999999999997,26.83,11.22,11.22,22.45,23.33,10.0,80.0,0.191,26.0,32.5,10.0,12.5,0.583,0.088,41.03,19.57,15.6,35.17,27.84,26.0
746294,2024-06-13,2024,676369,R,592454,R,field_out,False,False,148.0,0.193,41.0,27.7,9.0,6.08,0.635,0.192,36.78,16.9,16.02,32.92,27.74,24.4,125.0,0.257,36.0,28.8,9.0,7.2,0.966,0.389,35.34,17.89,12.6,30.49,29.12,21.95,20.0,0.2,3.0,15.0,5.0,25.0,1.0,0.39999999999999997,26.83,11.22,11.22,22.45,23.33,10.0,80.0,0.191,26.0,32.5,10.0,12.5,0.583,0.088,41.03,19.57,15.6,35.17,27.84,26.0
746294,2024-06-13,2024,518934,R,672582,L,field_out,False,False,14.0,0.167,2.0,14.29,2.0,14.29,0.45299999999999996,0.0,8.7,4.08,20.41,24.49,30.43,14.29,113.0,0.255,25.0,22.12,15.0,13.27,0.761,0.149,20.93,7.45,24.22,31.68,20.95,18.66,68.0,0.262,9.0,13.24,7.0,10.29,0.6990000000000001,0.09899999999999998,13.27,5.42,19.86,25.27,13.82,12.16,134.0,0.301,25.0,18.66,6.0,4.48,0.896,0.244,20.0,10.06,12.9,22.96,25.67,15.72
746294,2024-06-13,2024,683011,R,672582,L,field_out,False,False,78.0,0.268,15.0,19.23,6.0,7.69,0.7050000000000001,0.11199999999999999,18.42,8.86,17.09,25.95,27.33,16.67,134.0,0.248,35.0,26.12,16.0,11.94,0.817,0.2309999999999999,28.81,13.49,15.8,29.29,27.07,23.49,68.0,0.262,9.0,13.24,7.0,10.29,0.6990000000000001,0.09899999999999998,13.27,5.42,19.86,25.27,13.82,12.16,134.0,0.301,25.0,18.66,6.0,4.48,0.896,0.244,20.0,10.06,12.9,22.96,25.67,15.72
746294,2024-06-13,2024,665742,L,672582,L,single,False,False,79.0,0.328,12.0,15.19,12.0,15.19,0.992,0.23400000000000004,16.67,6.15,21.85,28.0,17.5,12.5,207.0,0.256,48.0,23.19,33.0,15.94,0.813,0.18,25.32,9.65,20.51,30.16,20.61,20.17,41.0,0.237,13.0,31.71,1.0,2.44,0.505,0.0,15.71,6.55,25.0,31.55,24.64,25.49,48.0,0.196,11.0,22.92,2.0,4.17,0.4679999999999999,0.0429999999999999,19.77,9.44,18.33,27.78,22.37,20.37
746294,2024-06-13,2024,592450,R,672582,L,field_out,False,False,69.0,0.26,17.0,24.64,19.0,27.54,1.104,0.38,33.98,11.9,15.31,27.21,16.46,22.97,74.0,0.274,21.0,28.38,11.0,14.86,1.0550000000000002,0.403,34.59,13.9,15.71,29.61,19.89,21.65,68.0,0.262,9.0,13.24,7.0,10.29,0.6990000000000001,0.09899999999999998,13.27,5.42,19.86,25.27,13.82,12.16,134.0,0.301,25.0,18.66,6.0,4.48,0.896,0.244,20.0,10.06,12.9,22.96,25.67,15.72
746294,2024-06-13,2024,679845,R,596133,R,field_out,False,False,62.0,0.231,9.0,14.52,8.0,12.9,0.5780000000000001,0.01899999999999999,19.32,7.94,19.16,27.1,21.43,16.07,44.0,0.279,7.0,15.91,1.0,2.27,0.667,0.0929999999999999,20.0,9.64,16.87,26.51,25.61,14.29,85.0,0.156,19.0,22.35,3.0,3.53,0.501,0.143,23.89,13.35,12.42,25.78,34.27,15.65,294.0,0.319,60.0,20.41,15.0,5.1,0.948,0.2709999999999999,21.2,10.46,15.26,25.72,26.0,16.13
746294,2024-06-13,2024,666023,R,596133,R,field_out,False,False,83.0,0.273,17.0,20.48,6.0,7.23,0.6890000000000001,0.09099999999999997,24.16,13.07,13.37,26.44,34.15,15.89,169.0,0.288,36.0,21.3,9.0,5.33,0.785,0.174,23.9,13.04,10.79,23.84,30.17,16.22,85.0,0.156,19.0,22.35,3.0,3.53,0.501,0.143,23.89,13.35,12.42,25.78,34.27,15.65,294.0,0.319,60.0,20.41,15.0,5.1,0.948,0.2709999999999999,21.2,10.46,15.26,25.72,26.0,16.13
746294,2024-06-13,2024,641658,R,596133,R,single,False,False,45.0,0.333,14.0,31.11,2.0,4.44,0.745,0.04799999999999999,21.84,10.56,19.44,30.0,24.05,23.73,170.0,0.282,45.0,26.47,14.0,8.24,0.74,0.107,24.75,10.81,20.44,31.26,25.39,22.06,85.0,0.156,19.0,22.35,3.0,3.53,0.501,0.143,23.89,13.35,12.42,25.78,34.27,15.65,294.0,0.319,60.0,20.41,15.0,5.1,0.948,0.2709999999999999,21.2,10.46,15.26,25.72,26.0,16.13
746294,2024-06-13,2024,664728,L,596133,R,walk,False,True,159.0,0.228,25.0,15.72,10.0,6.29,0.642,0.13799999999999998,17.06,7.83,20.77,28.6,31.97,17.86,253.0,0.223,43.0,17.0,12.0,4.74,0.631,0.147,20.48,9.51,19.8,29.31,28.6,18.78,71.0,0.156,23.0,32.39,5.0,7.04,0.506,0.12500000000000003,35.71,17.01,17.69,34.69,34.55,25.84,270.0,0.281,49.0,18.15,25.0,9.26,0.873,0.244,22.2,9.96,16.57,26.54,23.79,17.13
746294,2024-06-13,2024,672580,R,596133,R,field_out,False,False,251.0,0.242,44.0,17.53,20.0,7.97,0.636,0.09300000000000003,18.89,8.33,20.3,28.63,21.62,16.3,400.0,0.258,94.0,23.5,33.0,8.25,0.648,0.071,20.3,8.71,19.59,28.3,19.12,19.96,85.0,0.156,19.0,22.35,3.0,3.53,0.501,0.143,23.89,13.35,12.42,25.78,34.27,15.65,294.0,0.319,60.0,20.41,15.0,5.1,0.948,0.2709999999999999,21.2,10.46,15.26,25.72,26.0,16.13
746294,2024-06-13,2024,519317,R,670167,R,strikeout,True,False,186.0,0.229,61.0,32.8,15.0,8.06,0.808,0.28300000000000003,33.33,15.22,17.93,33.15,30.95,30.65,341.0,0.175,111.0,32.55,35.0,10.26,0.64,0.201,36.65,15.18,19.37,34.55,27.39,25.58,58.0,0.173,13.0,22.41,4.0,6.9,0.433,0.019000000000000017,19.79,8.05,19.92,27.97,21.6,20.63,125.0,0.204,37.0,29.6,10.0,8.0,0.599,0.123,25.88,11.73,19.48,31.21,28.85,22.42
746294,2024-06-13,2024,657077,L,670167,R,field_out,False,False,200.0,0.279,25.0,12.5,13.0,6.5,0.774,0.175,13.14,6.0,19.69,25.68,25.82,11.21,441.0,0.279,66.0,14.97,30.0,6.8,0.793,0.185,15.08,6.28,20.52,26.8,22.64,14.93,59.0,0.327,6.0,10.17,4.0,6.78,0.8320000000000001,0.11499999999999999,16.67,8.88,12.62,21.5,29.41,8.45,79.0,0.3,16.0,20.25,15.0,18.99,0.989,0.233,22.22,9.17,16.51,25.69,22.49,17.58
746294,2024-06-13,2024,650402,R,670167,R,field_out,False,False,220.0,0.235,51.0,23.18,19.0,8.64,0.653,0.11199999999999999,25.35,11.77,16.63,28.4,21.98,15.79,544.0,0.273,78.0,14.34,50.0,9.19,0.772,0.1589999999999999,21.74,10.32,15.57,25.89,26.86,11.29,58.0,0.173,13.0,22.41,4.0,6.9,0.433,0.019000000000000017,19.79,8.05,19.92,27.97,21.6,20.63,125.0,0.204,37.0,29.6,10.0,8.0,0.599,0.123,25.88,11.73,19.48,31.21,28.85,22.42
746294,2024-06-13,2024,677951,R,657571,L,single,False,False,48.0,0.267,9.0,18.75,2.0,4.17,0.7809999999999999,0.22199999999999998,22.58,11.41,14.67,26.09,37.0,16.36,147.0,0.297,28.0,19.05,7.0,4.76,0.8620000000000001,0.232,24.92,13.58,12.91,26.49,35.1,14.07,60.0,0.25,16.0,26.67,4.0,6.67,0.729,0.179,22.66,11.74,17.41,29.15,29.73,17.2,180.0,0.27,44.0,24.44,19.0,10.56,0.702,0.0819999999999999,25.63,12.6,16.34,28.95,28.12,20.66
746294,2024-06-13,2024,686469,L,657571,L,field_out,False,False,49.0,0.295,6.0,12.24,1.0,2.04,0.738,0.137,20.88,9.95,19.37,29.32,32.98,10.53,72.0,0.233,8.0,11.11,10.0,13.89,0.697,0.1169999999999999,25.44,10.86,18.35,29.21,25.19,14.29,37.0,0.25,9.0,24.32,7.0,18.92,0.798,0.14300000000000002,31.58,12.77,17.02,29.79,21.05,21.95,90.0,0.266,26.0,28.89,4.0,4.44,0.748,0.126,27.22,13.33,17.39,30.72,29.94,25.0
746294,2024-06-13,2024,521692,R,657571,L,single,False,False,63.0,0.321,10.0,15.87,6.0,9.52,0.879,0.16099999999999998,31.45,18.14,10.23,28.37,47.17,17.24,146.0,0.227,35.0,23.97,8.0,5.48,0.6659999999999999,0.144,28.96,17.6,9.44,27.04,51.15,18.82,60.0,0.25,16.0,26.67,4.0,6.67,0.729,0.179,22.66,11.74,17.41,29.15,29.73,17.2,180.0,0.27,44.0,24.44,19.0,10.56,0.702,0.0819999999999999,25.63,12.6,16.34,28.95,28.12,20.66
746294,2024-06-13,2024,676369,R,657571,L,strikeout,True,False,62.0,0.245,18.0,29.03,8.0,12.9,0.751,0.15100000000000002,35.48,16.79,12.6,29.39,22.06,22.22,54.0,0.184,15.0,27.78,5.0,9.26,0.708,0.265,29.81,14.62,15.57,30.19,30.09,20.0,60.0,0.25,16.0,26.67,4.0,6.67,0.729,0.179,22.66,11.74,17.41,29.15,29.73,17.2,180.0,0.27,44.0,24.44,19.0,10.56,0.702,0.0819999999999999,25.63,12.6,16.34,28.95,28.12,20.66
746294,2024-06-13,2024,679845,R,657571,L,field_out,False,False,23.0,0.389,2.0,8.7,3.0,13.04,0.867,0.0,10.81,4.88,14.63,19.51,27.08,9.09,24.0,0.421,5.0,20.83,3.0,12.5,1.079,0.1579999999999999,24.32,10.71,14.29,25.0,18.18,26.32,60.0,0.25,16.0,26.67,4.0,6.67,0.729,0.179,22.66,11.74,17.41,29.15,29.73,17.2,180.0,0.27,44.0,24.44,19.0,10.56,0.702,0.0819999999999999,25.63,12.6,16.34,28.95,28.12,20.66
747193,2024-06-13,2024,694384,L,677944,R,single,False,False,190.0,0.221,36.0,18.95,12.0,6.32,0.617,0.11600000000000002,16.04,6.88,21.86,28.74,25.27,15.49,104.0,0.291,15.0,14.42,14.0,13.46,0.7569999999999999,0.0579999999999999,18.78,8.02,17.92,25.94,20.47,11.45,103.0,0.277,14.0,13.59,5.0,4.85,0.813,0.21199999999999997,17.8,8.97,14.51,23.48,24.16,13.21,56.0,0.245,8.0,14.29,2.0,3.57,0.74,0.2269999999999999,14.55,7.77,12.14,19.9,24.21,13.79
747193,2024-06-13,2024,650859,L,677944,R,force_out,False,False,157.0,0.284,22.0,14.01,10.0,6.37,0.73,0.10600000000000004,19.87,10.42,12.72,23.14,32.69,13.17,322.0,0.24,60.0,18.63,31.0,9.63,0.7270000000000001,0.166,24.18,11.79,13.87,25.66,28.19,14.39,103.0,0.277,14.0,13.59,5.0,4.85,0.813,0.21199999999999997,17.8,8.97,14.51,23.48,24.16,13.21,56.0,0.245,8.0,14.29,2.0,3.57,0.74,0.2269999999999999,14.55,7.77,12.14,19.9,24.21,13.79
747193,2024-06-13,2024,607680,R,677944,R,double,False,False,76.0,0.254,13.0,17.11,4.0,5.26,0.783,0.20900000000000002,21.28,10.79,16.19,26.98,36.49,13.98,95.0,0.202,22.0,23.16,4.0,4.21,0.58,0.1459999999999999,23.46,13.0,15.17,28.17,39.61,20.95,85.0,0.275,19.0,22.35,4.0,4.71,0.9299999999999999,0.33699999999999997,17.81,7.9,19.76,27.66,17.52,18.81,55.0,0.275,12.0,21.82,2.0,3.64,0.798,0.1959999999999999,22.83,9.91,17.92,27.83,16.35,19.05
747193,2024-06-13,2024,641432,L,677944,R,field_out,False,False,108.0,0.304,13.0,12.04,5.0,4.63,0.764,0.127,13.61,6.5,16.5,23.0,24.1,13.54,139.0,0.256,15.0,10.79,13.0,9.35,0.756,0.176,14.22,5.56,19.54,25.1,21.32,10.83,103.0,0.277,14.0,13.59,5.0,4.85,0.813,0.21199999999999997,17.8,8.97,14.51,23.48,24.16,13.21,56.0,0.245,8.0,14.29,2.0,3.57,0.74,0.2269999999999999,14.55,7.77,12.14,19.9,24.21,13.79
747193,2024-06-13,2024,642136,L,677944,R,strikeout,True,False,59.0,0.245,19.0,32.2,9.0,15.25,0.75,0.14300000000000002,40.0,16.13,16.13,32.26,24.29,25.33,266.0,0.215,71.0,26.69,31.0,11.65,0.6759999999999999,0.145,34.8,16.01,13.25,29.25,18.13,22.15,103.0,0.277,14.0,13.59,5.0,4.85,0.813,0.21199999999999997,17.8,8.97,14.51,23.48,24.16,13.21,56.0,0.245,8.0,14.29,2.0,3.57,0.74,0.2269999999999999,14.55,7.77,12.14,19.9,24.21,13.79
747193,2024-06-13,2024,682998,L,667755,R,single,False,False,191.0,0.217,34.0,17.8,23.0,12.04,0.633,0.10200000000000001,21.07,9.24,16.69,25.93,25.83,18.99,472.0,0.286,105.0,22.25,46.0,9.75,0.921,0.266,22.34,10.24,16.27,26.51,28.83,21.92,176.0,0.205,30.0,17.05,14.0,7.95,0.5820000000000001,0.10300000000000001,19.24,8.82,16.85,25.67,27.13,19.23,81.0,0.147,26.0,32.1,11.0,13.58,0.4309999999999999,0.0,38.46,16.34,20.26,36.6,33.12,28.89
747193,2024-06-13,2024,606466,L,667755,R,grounded_into_double_play,False,False,186.0,0.245,43.0,23.12,17.0,9.14,0.6739999999999999,0.11699999999999999,24.26,11.6,14.29,25.88,26.05,20.69,452.0,0.259,85.0,18.81,54.0,11.95,0.827,0.2199999999999999,20.87,9.03,16.76,25.8,21.17,17.28,176.0,0.205,30.0,17.05,14.0,7.95,0.5820000000000001,0.10300000000000001,19.24,8.82,16.85,25.67,27.13,19.23,81.0,0.147,26.0,32.1,11.0,13.58,0.4309999999999999,0.0,38.46,16.34,20.26,36.6,33.12,28.89
747193,2024-06-13,2024,592626,L,667755,R,field_out,False,False,178.0,0.28,45.0,25.28,19.0,10.67,0.8380000000000001,0.187,25.22,11.57,17.5,29.07,29.02,20.83,373.0,0.241,74.0,19.84,49.0,13.14,0.786,0.194,24.13,10.89,15.07,25.96,29.36,16.09,176.0,0.205,30.0,17.05,14.0,7.95,0.5820000000000001,0.10300000000000001,19.24,8.82,16.85,25.67,27.13,19.23,81.0,0.147,26.0,32.1,11.0,13.58,0.4309999999999999,0.0,38.46,16.34,20.26,36.6,33.12,28.89
747193,2024-06-13,2024,687263,R,677944,R,home_run,False,False,196.0,0.215,48.0,24.49,12.0,6.12,0.674,0.18300000000000002,28.84,14.65,15.32,29.97,33.25,21.05,262.0,0.222,62.0,23.66,18.0,6.87,0.6599999999999999,0.1349999999999999,28.77,13.7,16.19,29.89,23.52,18.84,85.0,0.275,19.0,22.35,4.0,4.71,0.9299999999999999,0.33699999999999997,17.81,7.9,19.76,27.66,17.52,18.81,55.0,0.275,12.0,21.82,2.0,3.64,0.798,0.1959999999999999,22.83,9.91,17.92,27.83,16.35,19.05
747193,2024-06-13,2024,666160,L,677944,R,strikeout,True,False,149.0,0.184,39.0,26.17,8.0,5.37,0.483,0.07100000000000001,28.06,15.93,11.86,27.8,36.7,20.31,259.0,0.293,93.0,35.91,7.0,2.7,0.8620000000000001,0.249,38.62,24.01,9.43,33.44,46.84,30.07,103.0,0.277,14.0,13.59,5.0,4.85,0.813,0.21199999999999997,17.8,8.97,14.51,23.48,24.16,13.21,56.0,0.245,8.0,14.29,2.0,3.57,0.74,0.2269999999999999,14.55,7.77,12.14,19.9,24.21,13.79
747193,2024-06-13,2024,666176,R,677944,R,strikeout,True,False,145.0,0.177,49.0,33.79,9.0,6.21,0.581,0.16100000000000003,30.93,15.03,15.03,30.05,29.7,23.22,43.0,0.205,18.0,41.86,4.0,9.3,0.7150000000000001,0.231,40.66,20.67,14.53,35.2,30.34,25.35,85.0,0.275,19.0,22.35,4.0,4.71,0.9299999999999999,0.33699999999999997,17.81,7.9,19.76,27.66,17.52,18.81,55.0,0.275,12.0,21.82,2.0,3.64,0.798,0.1959999999999999,22.83,9.91,17.92,27.83,16.35,19.05
747193,2024-06-13,2024,641645,L,677944,R,field_out,False,False,70.0,0.258,12.0,17.14,7.0,10.0,0.6839999999999999,0.09699999999999998,20.8,9.39,17.33,26.71,26.28,15.38,96.0,0.218,19.0,19.79,8.0,8.33,0.591,0.092,15.23,6.02,21.47,27.49,22.05,19.79,103.0,0.277,14.0,13.59,5.0,4.85,0.813,0.21199999999999997,17.8,8.97,14.51,23.48,24.16,13.21,56.0,0.245,8.0,14.29,2.0,3.57,0.74,0.2269999999999999,14.55,7.77,12.14,19.9,24.21,13.79
747193,2024-06-13,2024,572233,R,667755,R,field_out,False,False,211.0,0.251,48.0,22.75,25.0,11.85,0.815,0.21799999999999997,25.99,12.63,12.97,25.59,25.81,16.27,497.0,0.259,95.0,19.11,42.0,8.45,0.8009999999999999,0.2129999999999999,26.19,12.83,14.15,26.98,26.84,15.33,120.0,0.243,30.0,25.0,14.0,11.67,0.73,0.14500000000000002,28.7,13.28,16.27,29.55,30.42,21.43,106.0,0.267,30.0,28.3,12.0,11.32,0.853,0.198,34.52,14.57,17.84,32.41,29.36,28.3
747193,2024-06-13,2024,666971,R,667755,R,field_out,False,False,189.0,0.219,35.0,18.52,9.0,4.76,0.6080000000000001,0.12400000000000003,21.05,10.66,15.71,26.37,31.73,16.91,433.0,0.247,85.0,19.63,21.0,4.85,0.756,0.22,20.07,9.99,16.64,26.63,31.06,17.82,120.0,0.243,30.0,25.0,14.0,11.67,0.73,0.14500000000000002,28.7,13.28,16.27,29.55,30.42,21.43,106.0,0.267,30.0,28.3,12.0,11.32,0.853,0.198,34.52,14.57,17.84,32.41,29.36,28.3
747193,2024-06-13,2024,664983,L,667755,R,field_out,False,False,135.0,0.241,26.0,19.26,12.0,8.89,0.71,0.138,21.89,10.26,16.3,26.56,27.24,17.69,230.0,0.255,51.0,22.17,17.0,7.39,0.643,0.072,22.4,11.76,13.9,25.65,32.76,19.39,176.0,0.205,30.0,17.05,14.0,7.95,0.5820000000000001,0.10300000000000001,19.24,8.82,16.85,25.67,27.13,19.23,81.0,0.147,26.0,32.1,11.0,13.58,0.4309999999999999,0.0,38.46,16.34,20.26,36.6,33.12,28.89
747193,2024-06-13,2024,694384,L,677944,R,double,False,False,190.0,0.221,36.0,18.95,12.0,6.32,0.617,0.11600000000000002,16.04,6.88,21.86,28.74,25.27,15.49,104.0,0.291,15.0,14.42,14.0,13.46,0.7569999999999999,0.0579999999999999,18.78,8.02,17.92,25.94,20.47,11.45,103.0,0.277,14.0,13.59,5.0,4.85,0.813,0.21199999999999997,17.8,8.97,14.51,23.48,24.16,13.21,56.0,0.245,8.0,14.29,2.0,3.57,0.74,0.2269999999999999,14.55,7.77,12.14,19.9,24.21,13.79
747193,2024-06-13,2024,650859,L,677944,R,single,False,False,157.0,0.284,22.0,14.01,10.0,6.37,0.73,0.10600000000000004,19.87,10.42,12.72,23.14,32.69,13.17,322.0,0.24,60.0,18.63,31.0,9.63,0.7270000000000001,0.166,24.18,11.79,13.87,25.66,28.19,14.39,103.0,0.277,14.0,13.59,5.0,4.85,0.813,0.21199999999999997,17.8,8.97,14.51,23.48,24.16,13.21,56.0,0.245,8.0,14.29,2.0,3.57,0.74,0.2269999999999999,14.55,7.77,12.14,19.9,24.21,13.79
747193,2024-06-13,2024,607680,R,677944,R,field_out,False,False,76.0,0.254,13.0,17.11,4.0,5.26,0.783,0.20900000000000002,21.28,10.79,16.19,26.98,36.49,13.98,95.0,0.202,22.0,23.16,4.0,4.21,0.58,0.1459999999999999,23.46,13.0,15.17,28.17,39.61,20.95,85.0,0.275,19.0,22.35,4.0,4.71,0.9299999999999999,0.33699999999999997,17.81,7.9,19.76,27.66,17.52,18.81,55.0,0.275,12.0,21.82,2.0,3.64,0.798,0.1959999999999999,22.83,9.91,17.92,27.83,16.35,19.05
747193,2024-06-13,2024,641432,L,677944,R,single,False,False,108.0,0.304,13.0,12.04,5.0,4.63,0.764,0.127,13.61,6.5,16.5,23.0,24.1,13.54,139.0,0.256,15.0,10.79,13.0,9.35,0.756,0.176,14.22,5.56,19.54,25.1,21.32,10.83,103.0,0.277,14.0,13.59,5.0,4.85,0.813,0.21199999999999997,17.8,8.97,14.51,23.48,24.16,13.21,56.0,0.245,8.0,14.29,2.0,3.57,0.74,0.2269999999999999,14.55,7.77,12.14,19.9,24.21,13.79
747193,2024-06-13,2024,642136,L,677944,R,strikeout,True,False,59.0,0.245,19.0,32.2,9.0,15.25,0.75,0.14300000000000002,40.0,16.13,16.13,32.26,24.29,25.33,266.0,0.215,71.0,26.69,31.0,11.65,0.6759999999999999,0.145,34.8,16.01,13.25,29.25,18.13,22.15,103.0,0.277,14.0,13.59,5.0,4.85,0.813,0.21199999999999997,17.8,8.97,14.51,23.48,24.16,13.21,56.0,0.245,8.0,14.29,2.0,3.57,0.74,0.2269999999999999,14.55,7.77,12.14,19.9,24.21,13.79
747193,2024-06-13,2024,672515,R,667755,R,walk,False,True,121.0,0.238,21.0,17.36,15.0,12.4,0.7010000000000001,0.124,18.4,7.4,21.44,28.84,20.0,14.09,264.0,0.253,43.0,16.29,24.0,9.09,0.6779999999999999,0.0989999999999999,19.31,7.98,21.75,29.72,25.58,15.58,120.0,0.243,30.0,25.0,14.0,11.67,0.73,0.14500000000000002,28.7,13.28,16.27,29.55,30.42,21.43,106.0,0.267,30.0,28.3,12.0,11.32,0.853,0.198,34.52,14.57,17.84,32.41,29.36,28.3
747193,2024-06-13,2024,677942,R,667755,R,strikeout,True,False,78.0,0.222,20.0,25.64,6.0,7.69,0.574,0.06999999999999998,31.97,16.26,14.19,30.45,36.42,22.73,,,,,,,,,,,,,,,120.0,0.243,30.0,25.0,14.0,11.67,0.73,0.14500000000000002,28.7,13.28,16.27,29.55,30.42,21.43,106.0,0.267,30.0,28.3,12.0,11.32,0.853,0.198,34.52,14.57,17.84,32.41,29.36,28.3
747193,2024-06-13,2024,672695,L,667755,R,grounded_into_double_play,False,False,24.0,0.3,3.0,12.5,3.0,12.5,0.7669999999999999,0.04999999999999999,7.69,3.03,25.25,28.28,20.83,9.09,424.0,0.246,80.0,18.87,60.0,14.15,0.736,0.128,15.84,6.08,21.64,27.72,16.63,14.68,176.0,0.205,30.0,17.05,14.0,7.95,0.5820000000000001,0.10300000000000001,19.24,8.82,16.85,25.67,27.13,19.23,81.0,0.147,26.0,32.1,11.0,13.58,0.4309999999999999,0.0,38.46,16.34,20.26,36.6,33.12,28.89
747193,2024-06-13,2024,687263,R,677944,R,single,False,False,196.0,0.215,48.0,24.49,12.0,6.12,0.674,0.18300000000000002,28.84,14.65,15.32,29.97,33.25,21.05,262.0,0.222,62.0,23.66,18.0,6.87,0.6599999999999999,0.1349999999999999,28.77,13.7,16.19,29.89,23.52,18.84,85.0,0.275,19.0,22.35,4.0,4.71,0.9299999999999999,0.33699999999999997,17.81,7.9,19.76,27.66,17.52,18.81,55.0,0.275,12.0,21.82,2.0,3.64,0.798,0.1959999999999999,22.83,9.91,17.92,27.83,16.35,19.05
747193,2024-06-13,2024,666160,L,677944,R,single,False,False,149.0,0.184,39.0,26.17,8.0,5.37,0.483,0.07100000000000001,28.06,15.93,11.86,27.8,36.7,20.31,259.0,0.293,93.0,35.91,7.0,2.7,0.8620000000000001,0.249,38.62,24.01,9.43,33.44,46.84,30.07,103.0,0.277,14.0,13.59,5.0,4.85,0.813,0.21199999999999997,17.8,8.97,14.51,23.48,24.16,13.21,56.0,0.245,8.0,14.29,2.0,3.57,0.74,0.2269999999999999,14.55,7.77,12.14,19.9,24.21,13.79
747193,2024-06-13,2024,666176,R,677944,R,home_run,False,False,145.0,0.177,49.0,33.79,9.0,6.21,0.581,0.16100000000000003,30.93,15.03,15.03,30.05,29.7,23.22,43.0,0.205,18.0,41.86,4.0,9.3,0.7150000000000001,0.231,40.66,20.67,14.53,35.2,30.34,25.35,85.0,0.275,19.0,22.35,4.0,4.71,0.9299999999999999,0.33699999999999997,17.81,7.9,19.76,27.66,17.52,18.81,55.0,0.275,12.0,21.82,2.0,3.64,0.798,0.1959999999999999,22.83,9.91,17.92,27.83,16.35,19.05
747193,2024-06-13,2024,641645,L,677944,R,double,False,False,70.0,0.258,12.0,17.14,7.0,10.0,0.6839999999999999,0.09699999999999998,20.8,9.39,17.33,26.71,26.28,15.38,96.0,0.218,19.0,19.79,8.0,8.33,0.591,0.092,15.23,6.02,21.47,27.49,22.05,19.79,103.0,0.277,14.0,13.59,5.0,4.85,0.813,0.21199999999999997,17.8,8.97,14.51,23.48,24.16,13.21,56.0,0.245,8.0,14.29,2.0,3.57,0.74,0.2269999999999999,14.55,7.77,12.14,19.9,24.21,13.79
747193,2024-06-13,2024,694384,L,543518,R,field_out,False,False,190.0,0.221,36.0,18.95,12.0,6.32,0.617,0.11600000000000002,16.04,6.88,21.86,28.74,25.27,15.49,104.0,0.291,15.0,14.42,14.0,13.46,0.7569999999999999,0.0579999999999999,18.78,8.02,17.92,25.94,20.47,11.45,38.0,0.286,7.0,18.42,9.0,23.68,0.804,0.07100000000000001,28.12,11.39,17.72,29.11,23.81,17.07,140.0,0.163,40.0,28.57,13.0,9.29,0.593,0.178,31.92,14.09,17.15,31.24,28.75,21.62
747193,2024-06-13,2024,650859,L,543518,R,single,False,False,157.0,0.284,22.0,14.01,10.0,6.37,0.73,0.10600000000000004,19.87,10.42,12.72,23.14,32.69,13.17,322.0,0.24,60.0,18.63,31.0,9.63,0.7270000000000001,0.166,24.18,11.79,13.87,25.66,28.19,14.39,38.0,0.286,7.0,18.42,9.0,23.68,0.804,0.07100000000000001,28.12,11.39,17.72,29.11,23.81,17.07,140.0,0.163,40.0,28.57,13.0,9.29,0.593,0.178,31.92,14.09,17.15,31.24,28.75,21.62
747193,2024-06-13,2024,607680,R,543518,R,field_out,False,False,76.0,0.254,13.0,17.11,4.0,5.26,0.783,0.20900000000000002,21.28,10.79,16.19,26.98,36.49,13.98,95.0,0.202,22.0,23.16,4.0,4.21,0.58,0.1459999999999999,23.46,13.0,15.17,28.17,39.61,20.95,52.0,0.298,7.0,13.46,3.0,5.77,0.9650000000000001,0.34,27.45,14.97,10.16,25.13,27.27,14.29,162.0,0.28,46.0,28.4,17.0,10.49,0.876,0.244,32.11,16.06,15.44,31.5,34.25,22.89
747193,2024-06-13,2024,641432,L,543518,R,single,False,False,108.0,0.304,13.0,12.04,5.0,4.63,0.764,0.127,13.61,6.5,16.5,23.0,24.1,13.54,139.0,0.256,15.0,10.79,13.0,9.35,0.756,0.176,14.22,5.56,19.54,25.1,21.32,10.83,38.0,0.286,7.0,18.42,9.0,23.68,0.804,0.07100000000000001,28.12,11.39,17.72,29.11,23.81,17.07,140.0,0.163,40.0,28.57,13.0,9.29,0.593,0.178,31.92,14.09,17.15,31.24,28.75,21.62
747193,2024-06-13,2024,642136,L,543518,R,walk,False,True,59.0,0.245,19.0,32.2,9.0,15.25,0.75,0.14300000000000002,40.0,16.13,16.13,32.26,24.29,25.33,266.0,0.215,71.0,26.69,31.0,11.65,0.6759999999999999,0.145,34.8,16.01,13.25,29.25,18.13,22.15,38.0,0.286,7.0,18.42,9.0,23.68,0.804,0.07100000000000001,28.12,11.39,17.72,29.11,23.81,17.07,140.0,0.163,40.0,28.57,13.0,9.29,0.593,0.178,31.92,14.09,17.15,31.24,28.75,21.62
747193,2024-06-13,2024,687263,R,543518,R,force_out,False,False,196.0,0.215,48.0,24.49,12.0,6.12,0.674,0.18300000000000002,28.84,14.65,15.32,29.97,33.25,21.05,262.0,0.222,62.0,23.66,18.0,6.87,0.6599999999999999,0.1349999999999999,28.77,13.7,16.19,29.89,23.52,18.84,52.0,0.298,7.0,13.46,3.0,5.77,0.9650000000000001,0.34,27.45,14.97,10.16,25.13,27.27,14.29,162.0,0.28,46.0,28.4,17.0,10.49,0.876,0.244,32.11,16.06,15.44,31.5,34.25,22.89
747193,2024-06-13,2024,682998,L,667755,R,field_out,False,False,191.0,0.217,34.0,17.8,23.0,12.04,0.633,0.10200000000000001,21.07,9.24,16.69,25.93,25.83,18.99,472.0,0.286,105.0,22.25,46.0,9.75,0.921,0.266,22.34,10.24,16.27,26.51,28.83,21.92,176.0,0.205,30.0,17.05,14.0,7.95,0.5820000000000001,0.10300000000000001,19.24,8.82,16.85,25.67,27.13,19.23,81.0,0.147,26.0,32.1,11.0,13.58,0.4309999999999999,0.0,38.46,16.34,20.26,36.6,33.12,28.89
747193,2024-06-13,2024,606466,L,667755,R,single,False,False,186.0,0.245,43.0,23.12,17.0,9.14,0.6739999999999999,0.11699999999999999,24.26,11.6,14.29,25.88,26.05,20.69,452.0,0.259,85.0,18.81,54.0,11.95,0.827,0.2199999999999999,20.87,9.03,16.76,25.8,21.17,17.28,176.0,0.205,30.0,17.05,14.0,7.95,0.5820000000000001,0.10300000000000001,19.24,8.82,16.85,25.67,27.13,19.23,81.0,0.147,26.0,32.1,11.0,13.58,0.4309999999999999,0.0,38.46,16.34,20.26,36.6,33.12,28.89
747193,2024-06-13,2024,592626,L,667755,R,grounded_into_double_play,False,False,178.0,0.28,45.0,25.28,19.0,10.67,0.8380000000000001,0.187,25.22,11.57,17.5,29.07,29.02,20.83,373.0,0.241,74.0,19.84,49.0,13.14,0.786,0.194,24.13,10.89,15.07,25.96,29.36,16.09,176.0,0.205,30.0,17.05,14.0,7.95,0.5820000000000001,0.10300000000000001,19.24,8.82,16.85,25.67,27.13,19.23,81.0,0.147,26.0,32.1,11.0,13.58,0.4309999999999999,0.0,38.46,16.34,20.26,36.6,33.12,28.89
747193,2024-06-13,2024,666160,L,543518,R,walk,False,True,149.0,0.184,39.0,26.17,8.0,5.37,0.483,0.07100000000000001,28.06,15.93,11.86,27.8,36.7,20.31,259.0,0.293,93.0,35.91,7.0,2.7,0.8620000000000001,0.249,38.62,24.01,9.43,33.44,46.84,30.07,38.0,0.286,7.0,18.42,9.0,23.68,0.804,0.07100000000000001,28.12,11.39,17.72,29.11,23.81,17.07,140.0,0.163,40.0,28.57,13.0,9.29,0.593,0.178,31.92,14.09,17.15,31.24,28.75,21.62
747193,2024-06-13,2024,666176,R,543518,R,strikeout,True,False,145.0,0.177,49.0,33.79,9.0,6.21,0.581,0.16100000000000003,30.93,15.03,15.03,30.05,29.7,23.22,43.0,0.205,18.0,41.86,4.0,9.3,0.7150000000000001,0.231,40.66,20.67,14.53,35.2,30.34,25.35,52.0,0.298,7.0,13.46,3.0,5.77,0.9650000000000001,0.34,27.45,14.97,10.16,25.13,27.27,14.29,162.0,0.28,46.0,28.4,17.0,10.49,0.876,0.244,32.11,16.06,15.44,31.5,34.25,22.89
747193,2024-06-13,2024,641645,L,543518,R,field_out,False,False,70.0,0.258,12.0,17.14,7.0,10.0,0.6839999999999999,0.09699999999999998,20.8,9.39,17.33,26.71,26.28,15.38,96.0,0.218,19.0,19.79,8.0,8.33,0.591,0.092,15.23,6.02,21.47,27.49,22.05,19.79,38.0,0.286,7.0,18.42,9.0,23.68,0.804,0.07100000000000001,28.12,11.39,17.72,29.11,23.81,17.07,140.0,0.163,40.0,28.57,13.0,9.29,0.593,0.178,31.92,14.09,17.15,31.24,28.75,21.62
747193,2024-06-13,2024,694384,L,543518,R,single,False,False,190.0,0.221,36.0,18.95,12.0,6.32,0.617,0.11600000000000002,16.04,6.88,21.86,28.74,25.27,15.49,104.0,0.291,15.0,14.42,14.0,13.46,0.7569999999999999,0.0579999999999999,18.78,8.02,17.92,25.94,20.47,11.45,38.0,0.286,7.0,18.42,9.0,23.68,0.804,0.07100000000000001,28.12,11.39,17.72,29.11,23.81,17.07,140.0,0.163,40.0,28.57,13.0,9.29,0.593,0.178,31.92,14.09,17.15,31.24,28.75,21.62
747193,2024-06-13,2024,650859,L,543518,R,strikeout,True,False,157.0,0.284,22.0,14.01,10.0,6.37,0.73,0.10600000000000004,19.87,10.42,12.72,23.14,32.69,13.17,322.0,0.24,60.0,18.63,31.0,9.63,0.7270000000000001,0.166,24.18,11.79,13.87,25.66,28.19,14.39,38.0,0.286,7.0,18.42,9.0,23.68,0.804,0.07100000000000001,28.12,11.39,17.72,29.11,23.81,17.07,140.0,0.163,40.0,28.57,13.0,9.29,0.593,0.178,31.92,14.09,17.15,31.24,28.75,21.62
747193,2024-06-13,2024,572233,R,667755,R,single,False,False,211.0,0.251,48.0,22.75,25.0,11.85,0.815,0.21799999999999997,25.99,12.63,12.97,25.59,25.81,16.27,497.0,0.259,95.0,19.11,42.0,8.45,0.8009999999999999,0.2129999999999999,26.19,12.83,14.15,26.98,26.84,15.33,120.0,0.243,30.0,25.0,14.0,11.67,0.73,0.14500000000000002,28.7,13.28,16.27,29.55,30.42,21.43,106.0,0.267,30.0,28.3,12.0,11.32,0.853,0.198,34.52,14.57,17.84,32.41,29.36,28.3
747193,2024-06-13,2024,666971,R,667755,R,grounded_into_double_play,False,False,189.0,0.219,35.0,18.52,9.0,4.76,0.6080000000000001,0.12400000000000003,21.05,10.66,15.71,26.37,31.73,16.91,433.0,0.247,85.0,19.63,21.0,4.85,0.756,0.22,20.07,9.99,16.64,26.63,31.06,17.82,120.0,0.243,30.0,25.0,14.0,11.67,0.73,0.14500000000000002,28.7,13.28,16.27,29.55,30.42,21.43,106.0,0.267,30.0,28.3,12.0,11.32,0.853,0.198,34.52,14.57,17.84,32.41,29.36,28.3
747193,2024-06-13,2024,664983,L,667755,R,field_out,False,False,135.0,0.241,26.0,19.26,12.0,8.89,0.71,0.138,21.89,10.26,16.3,26.56,27.24,17.69,230.0,0.255,51.0,22.17,17.0,7.39,0.643,0.072,22.4,11.76,13.9,25.65,32.76,19.39,176.0,0.205,30.0,17.05,14.0,7.95,0.5820000000000001,0.10300000000000001,19.24,8.82,16.85,25.67,27.13,19.23,81.0,0.147,26.0,32.1,11.0,13.58,0.4309999999999999,0.0,38.46,16.34,20.26,36.6,33.12,28.89
747193,2024-06-13,2024,607680,R,543518,R,field_out,False,False,76.0,0.254,13.0,17.11,4.0,5.26,0.783,0.20900000000000002,21.28,10.79,16.19,26.98,36.49,13.98,95.0,0.202,22.0,23.16,4.0,4.21,0.58,0.1459999999999999,23.46,13.0,15.17,28.17,39.61,20.95,52.0,0.298,7.0,13.46,3.0,5.77,0.9650000000000001,0.34,27.45,14.97,10.16,25.13,27.27,14.29,162.0,0.28,46.0,28.4,17.0,10.49,0.876,0.244,32.11,16.06,15.44,31.5,34.25,22.89
747193,2024-06-13,2024,641432,L,600986,R,field_out,False,False,108.0,0.304,13.0,12.04,5.0,4.63,0.764,0.127,13.61,6.5,16.5,23.0,24.1,13.54,139.0,0.256,15.0,10.79,13.0,9.35,0.756,0.176,14.22,5.56,19.54,25.1,21.32,10.83,61.0,0.204,12.0,19.67,11.0,18.03,0.79,0.225,26.79,11.11,15.56,26.67,21.01,15.19,4.0,0.0,1.0,25.0,0.0,0.0,0.0,0.0,23.08,16.67,11.11,27.78,50.0,12.5
747193,2024-06-13,2024,642136,L,600986,R,walk,False,True,59.0,0.245,19.0,32.2,9.0,15.25,0.75,0.14300000000000002,40.0,16.13,16.13,32.26,24.29,25.33,266.0,0.215,71.0,26.69,31.0,11.65,0.6759999999999999,0.145,34.8,16.01,13.25,29.25,18.13,22.15,61.0,0.204,12.0,19.67,11.0,18.03,0.79,0.225,26.79,11.11,15.56,26.67,21.01,15.19,4.0,0.0,1.0,25.0,0.0,0.0,0.0,0.0,23.08,16.67,11.11,27.78,50.0,12.5
747193,2024-06-13,2024,687263,R,600986,R,double,False,False,196.0,0.215,48.0,24.49,12.0,6.12,0.674,0.18300000000000002,28.84,14.65,15.32,29.97,33.25,21.05,262.0,0.222,62.0,23.66,18.0,6.87,0.6599999999999999,0.1349999999999999,28.77,13.7,16.19,29.89,23.52,18.84,69.0,0.328,15.0,21.74,8.0,11.59,1.009,0.27499999999999997,22.61,9.63,20.0,29.63,27.61,20.0,6.0,0.0,1.0,16.67,1.0,16.67,0.167,0.0,25.0,11.11,16.67,27.78,33.33,50.0
747193,2024-06-13,2024,666160,L,600986,R,field_out,False,False,149.0,0.184,39.0,26.17,8.0,5.37,0.483,0.07100000000000001,28.06,15.93,11.86,27.8,36.7,20.31,259.0,0.293,93.0,35.91,7.0,2.7,0.8620000000000001,0.249,38.62,24.01,9.43,33.44,46.84,30.07,61.0,0.204,12.0,19.67,11.0,18.03,0.79,0.225,26.79,11.11,15.56,26.67,21.01,15.19,4.0,0.0,1.0,25.0,0.0,0.0,0.0,0.0,23.08,16.67,11.11,27.78,50.0,12.5
747193,2024-06-13,2024,672515,R,667755,R,field_out,False,False,121.0,0.238,21.0,17.36,15.0,12.4,0.7010000000000001,0.124,18.4,7.4,21.44,28.84,20.0,14.09,264.0,0.253,43.0,16.29,24.0,9.09,0.6779999999999999,0.0989999999999999,19.31,7.98,21.75,29.72,25.58,15.58,120.0,0.243,30.0,25.0,14.0,11.67,0.73,0.14500000000000002,28.7,13.28,16.27,29.55,30.42,21.43,106.0,0.267,30.0,28.3,12.0,11.32,0.853,0.198,34.52,14.57,17.84,32.41,29.36,28.3
747193,2024-06-13,2024,677942,R,667755,R,field_out,False,False,78.0,0.222,20.0,25.64,6.0,7.69,0.574,0.06999999999999998,31.97,16.26,14.19,30.45,36.42,22.73,,,,,,,,,,,,,,,120.0,0.243,30.0,25.0,14.0,11.67,0.73,0.14500000000000002,28.7,13.28,16.27,29.55,30.42,21.43,106.0,0.267,30.0,28.3,12.0,11.32,0.853,0.198,34.52,14.57,17.84,32.41,29.36,28.3
747193,2024-06-13,2024,672695,L,667755,R,strikeout,True,False,24.0,0.3,3.0,12.5,3.0,12.5,0.7669999999999999,0.04999999999999999,7.69,3.03,25.25,28.28,20.83,9.09,424.0,0.246,80.0,18.87,60.0,14.15,0.736,0.128,15.84,6.08,21.64,27.72,16.63,14.68,176.0,0.205,30.0,17.05,14.0,7.95,0.5820000000000001,0.10300000000000001,19.24,8.82,16.85,25.67,27.13,19.23,81.0,0.147,26.0,32.1,11.0,13.58,0.4309999999999999,0.0,38.46,16.34,20.26,36.6,33.12,28.89
747193,2024-06-13,2024,666176,R,600986,R,field_out,False,False,145.0,0.177,49.0,33.79,9.0,6.21,0.581,0.16100000000000003,30.93,15.03,15.03,30.05,29.7,23.22,43.0,0.205,18.0,41.86,4.0,9.3,0.7150000000000001,0.231,40.66,20.67,14.53,35.2,30.34,25.35,69.0,0.328,15.0,21.74,8.0,11.59,1.009,0.27499999999999997,22.61,9.63,20.0,29.63,27.61,20.0,6.0,0.0,1.0,16.67,1.0,16.67,0.167,0.0,25.0,11.11,16.67,27.78,33.33,50.0
747193,2024-06-13,2024,641645,L,600986,R,walk,False,True,70.0,0.258,12.0,17.14,7.0,10.0,0.6839999999999999,0.09699999999999998,20.8,9.39,17.33,26.71,26.28,15.38,96.0,0.218,19.0,19.79,8.0,8.33,0.591,0.092,15.23,6.02,21.47,27.49,22.05,19.79,61.0,0.204,12.0,19.67,11.0,18.03,0.79,0.225,26.79,11.11,15.56,26.67,21.01,15.19,4.0,0.0,1.0,25.0,0.0,0.0,0.0,0.0,23.08,16.67,11.11,27.78,50.0,12.5
747193,2024-06-13,2024,694384,L,600986,R,strikeout,True,False,190.0,0.221,36.0,18.95,12.0,6.32,0.617,0.11600000000000002,16.04,6.88,21.86,28.74,25.27,15.49,104.0,0.291,15.0,14.42,14.0,13.46,0.7569999999999999,0.0579999999999999,18.78,8.02,17.92,25.94,20.47,11.45,61.0,0.204,12.0,19.67,11.0,18.03,0.79,0.225,26.79,11.11,15.56,26.67,21.01,15.19,4.0,0.0,1.0,25.0,0.0,0.0,0.0,0.0,23.08,16.67,11.11,27.78,50.0,12.5
747193,2024-06-13,2024,650859,L,600986,R,field_out,False,False,157.0,0.284,22.0,14.01,10.0,6.37,0.73,0.10600000000000004,19.87,10.42,12.72,23.14,32.69,13.17,322.0,0.24,60.0,18.63,31.0,9.63,0.7270000000000001,0.166,24.18,11.79,13.87,25.66,28.19,14.39,61.0,0.204,12.0,19.67,11.0,18.03,0.79,0.225,26.79,11.11,15.56,26.67,21.01,15.19,4.0,0.0,1.0,25.0,0.0,0.0,0.0,0.0,23.08,16.67,11.11,27.78,50.0,12.5
747193,2024-06-13,2024,682998,L,667755,R,field_out,False,False,191.0,0.217,34.0,17.8,23.0,12.04,0.633,0.10200000000000001,21.07,9.24,16.69,25.93,25.83,18.99,472.0,0.286,105.0,22.25,46.0,9.75,0.921,0.266,22.34,10.24,16.27,26.51,28.83,21.92,176.0,0.205,30.0,17.05,14.0,7.95,0.5820000000000001,0.10300000000000001,19.24,8.82,16.85,25.67,27.13,19.23,81.0,0.147,26.0,32.1,11.0,13.58,0.4309999999999999,0.0,38.46,16.34,20.26,36.6,33.12,28.89
747193,2024-06-13,2024,606466,L,667755,R,field_out,False,False,186.0,0.245,43.0,23.12,17.0,9.14,0.6739999999999999,0.11699999999999999,24.26,11.6,14.29,25.88,26.05,20.69,452.0,0.259,85.0,18.81,54.0,11.95,0.827,0.2199999999999999,20.87,9.03,16.76,25.8,21.17,17.28,176.0,0.205,30.0,17.05,14.0,7.95,0.5820000000000001,0.10300000000000001,19.24,8.82,16.85,25.67,27.13,19.23,81.0,0.147,26.0,32.1,11.0,13.58,0.4309999999999999,0.0,38.46,16.34,20.26,36.6,33.12,28.89
747193,2024-06-13,2024,592626,L,667755,R,field_out,False,False,178.0,0.28,45.0,25.28,19.0,10.67,0.8380000000000001,0.187,25.22,11.57,17.5,29.07,29.02,20.83,373.0,0.241,74.0,19.84,49.0,13.14,0.786,0.194,24.13,10.89,15.07,25.96,29.36,16.09,176.0,0.205,30.0,17.05,14.0,7.95,0.5820000000000001,0.10300000000000001,19.24,8.82,16.85,25.67,27.13,19.23,81.0,0.147,26.0,32.1,11.0,13.58,0.4309999999999999,0.0,38.46,16.34,20.26,36.6,33.12,28.89
747193,2024-06-13,2024,657061,L,600986,R,field_out,False,False,30.0,0.269,8.0,26.67,3.0,10.0,0.795,0.193,20.41,8.7,19.13,27.83,24.56,20.59,4.0,0.0,1.0,25.0,0.0,0.0,0.25,0.0,14.29,5.26,15.79,21.05,9.09,11.11,61.0,0.204,12.0,19.67,11.0,18.03,0.79,0.225,26.79,11.11,15.56,26.67,21.01,15.19,4.0,0.0,1.0,25.0,0.0,0.0,0.0,0.0,23.08,16.67,11.11,27.78,50.0,12.5
747193,2024-06-13,2024,641432,L,600986,R,field_out,False,False,108.0,0.304,13.0,12.04,5.0,4.63,0.764,0.127,13.61,6.5,16.5,23.0,24.1,13.54,139.0,0.256,15.0,10.79,13.0,9.35,0.756,0.176,14.22,5.56,19.54,25.1,21.32,10.83,61.0,0.204,12.0,19.67,11.0,18.03,0.79,0.225,26.79,11.11,15.56,26.67,21.01,15.19,4.0,0.0,1.0,25.0,0.0,0.0,0.0,0.0,23.08,16.67,11.11,27.78,50.0,12.5
747193,2024-06-13,2024,642136,L,600986,R,field_out,False,False,59.0,0.245,19.0,32.2,9.0,15.25,0.75,0.14300000000000002,40.0,16.13,16.13,32.26,24.29,25.33,266.0,0.215,71.0,26.69,31.0,11.65,0.6759999999999999,0.145,34.8,16.01,13.25,29.25,18.13,22.15,61.0,0.204,12.0,19.67,11.0,18.03,0.79,0.225,26.79,11.11,15.56,26.67,21.01,15.19,4.0,0.0,1.0,25.0,0.0,0.0,0.0,0.0,23.08,16.67,11.11,27.78,50.0,12.5
747193,2024-06-13,2024,572233,R,667755,R,home_run,False,False,211.0,0.251,48.0,22.75,25.0,11.85,0.815,0.21799999999999997,25.99,12.63,12.97,25.59,25.81,16.27,497.0,0.259,95.0,19.11,42.0,8.45,0.8009999999999999,0.2129999999999999,26.19,12.83,14.15,26.98,26.84,15.33,120.0,0.243,30.0,25.0,14.0,11.67,0.73,0.14500000000000002,28.7,13.28,16.27,29.55,30.42,21.43,106.0,0.267,30.0,28.3,12.0,11.32,0.853,0.198,34.52,14.57,17.84,32.41,29.36,28.3
747193,2024-06-13,2024,666971,R,667755,R,strikeout,True,False,189.0,0.219,35.0,18.52,9.0,4.76,0.6080000000000001,0.12400000000000003,21.05,10.66,15.71,26.37,31.73,16.91,433.0,0.247,85.0,19.63,21.0,4.85,0.756,0.22,20.07,9.99,16.64,26.63,31.06,17.82,120.0,0.243,30.0,25.0,14.0,11.67,0.73,0.14500000000000002,28.7,13.28,16.27,29.55,30.42,21.43,106.0,0.267,30.0,28.3,12.0,11.32,0.853,0.198,34.52,14.57,17.84,32.41,29.36,28.3
747193,2024-06-13,2024,664983,L,667755,R,strikeout,True,False,135.0,0.241,26.0,19.26,12.0,8.89,0.71,0.138,21.89,10.26,16.3,26.56,27.24,17.69,230.0,0.255,51.0,22.17,17.0,7.39,0.643,0.072,22.4,11.76,13.9,25.65,32.76,19.39,176.0,0.205,30.0,17.05,14.0,7.95,0.5820000000000001,0.10300000000000001,19.24,8.82,16.85,25.67,27.13,19.23,81.0,0.147,26.0,32.1,11.0,13.58,0.4309999999999999,0.0,38.46,16.34,20.26,36.6,33.12,28.89
747193,2024-06-13,2024,672515,R,667755,R,walk,False,True,121.0,0.238,21.0,17.36,15.0,12.4,0.7010000000000001,0.124,18.4,7.4,21.44,28.84,20.0,14.09,264.0,0.253,43.0,16.29,24.0,9.09,0.6779999999999999,0.0989999999999999,19.31,7.98,21.75,29.72,25.58,15.58,120.0,0.243,30.0,25.0,14.0,11.67,0.73,0.14500000000000002,28.7,13.28,16.27,29.55,30.42,21.43,106.0,0.267,30.0,28.3,12.0,11.32,0.853,0.198,34.52,14.57,17.84,32.41,29.36,28.3
747193,2024-06-13,2024,677942,R,667755,R,strikeout,True,False,78.0,0.222,20.0,25.64,6.0,7.69,0.574,0.06999999999999998,31.97,16.26,14.19,30.45,36.42,22.73,,,,,,,,,,,,,,,120.0,0.243,30.0,25.0,14.0,11.67,0.73,0.14500000000000002,28.7,13.28,16.27,29.55,30.42,21.43,106.0,0.267,30.0,28.3,12.0,11.32,0.853,0.198,34.52,14.57,17.84,32.41,29.36,28.3
747193,2024-06-13,2024,687263,R,573009,L,field_out,False,False,44.0,0.395,9.0,20.45,1.0,2.27,0.944,0.14,23.91,13.66,13.66,27.33,39.73,16.67,67.0,0.237,15.0,22.39,2.0,2.99,0.786,0.221,28.57,13.88,15.92,29.8,31.5,25.42,49.0,0.209,9.0,18.37,6.0,12.24,0.632,0.11700000000000002,33.33,16.04,12.3,28.34,35.0,19.15,90.0,0.277,13.0,14.44,7.0,7.78,0.875,0.265,21.12,10.49,15.43,25.93,33.13,16.25
747193,2024-06-13,2024,666160,L,573009,L,strikeout,True,False,8.0,0.0,4.0,50.0,0.0,0.0,0.0,0.0,23.53,12.5,21.88,34.38,50.0,28.57,65.0,0.222,21.0,32.31,2.0,3.08,0.548,0.0799999999999999,40.0,23.18,12.45,35.62,46.28,37.5,49.0,0.208,11.0,22.45,1.0,2.04,0.557,0.12500000000000003,24.72,13.17,19.16,32.34,41.77,22.45,67.0,0.185,15.0,22.39,2.0,2.99,0.44,0.046,26.02,12.75,19.52,32.27,37.1,20.0
747193,2024-06-13,2024,666176,R,573009,L,walk,False,True,51.0,0.255,11.0,21.57,4.0,7.84,1.037,0.46799999999999997,36.52,19.0,9.05,28.05,30.33,15.07,19.0,0.211,7.0,36.84,0.0,0.0,0.6849999999999999,0.263,34.09,18.29,13.41,31.71,34.21,21.88,49.0,0.209,9.0,18.37,6.0,12.24,0.632,0.11700000000000002,33.33,16.04,12.3,28.34,35.0,19.15,90.0,0.277,13.0,14.44,7.0,7.78,0.875,0.265,21.12,10.49,15.43,25.93,33.13,16.25
747193,2024-06-13,2024,641645,L,573009,L,force_out,False,False,7.0,0.143,3.0,42.86,0.0,0.0,0.286,0.0,33.33,13.89,22.22,36.11,31.58,20.0,24.0,0.25,9.0,37.5,2.0,8.33,0.718,0.15,25.0,11.88,19.8,31.68,27.66,26.47,49.0,0.208,11.0,22.45,1.0,2.04,0.557,0.12500000000000003,24.72,13.17,19.16,32.34,41.77,22.45,67.0,0.185,15.0,22.39,2.0,2.99,0.44,0.046,26.02,12.75,19.52,32.27,37.1,20.0
747193,2024-06-13,2024,672695,L,667755,R,single,False,False,24.0,0.3,3.0,12.5,3.0,12.5,0.7669999999999999,0.04999999999999999,7.69,3.03,25.25,28.28,20.83,9.09,424.0,0.246,80.0,18.87,60.0,14.15,0.736,0.128,15.84,6.08,21.64,27.72,16.63,14.68,176.0,0.205,30.0,17.05,14.0,7.95,0.5820000000000001,0.10300000000000001,19.24,8.82,16.85,25.67,27.13,19.23,81.0,0.147,26.0,32.1,11.0,13.58,0.4309999999999999,0.0,38.46,16.34,20.26,36.6,33.12,28.89
747193,2024-06-13,2024,682998,L,519043,L,field_out,False,False,96.0,0.207,18.0,18.75,6.0,6.25,0.558,0.07999999999999999,19.76,8.94,18.97,27.91,31.58,17.48,174.0,0.283,20.0,11.49,11.0,6.32,0.7210000000000001,0.099,19.57,8.84,18.17,27.0,25.0,14.71,45.0,0.205,9.0,20.0,6.0,13.33,0.696,0.18000000000000002,24.42,10.94,16.67,27.6,26.73,15.25,62.0,0.268,12.0,19.35,5.0,8.06,0.875,0.268,21.49,10.36,14.74,25.1,31.3,15.38
747193,2024-06-13,2024,606466,R,519043,L,home_run,False,False,110.0,0.343,12.0,10.91,9.0,8.18,1.167,0.415,21.21,11.38,10.3,21.68,34.64,13.04,199.0,0.313,24.0,12.06,17.0,8.54,0.879,0.184,19.78,9.92,12.91,22.83,31.78,12.7,67.0,0.25,15.0,22.39,6.0,8.96,0.8109999999999999,0.23299999999999998,28.47,14.77,15.91,30.68,33.58,19.48,156.0,0.218,48.0,30.77,10.0,6.41,0.622,0.1269999999999999,30.67,16.47,13.84,30.31,36.77,25.67
747193,2024-06-13,2024,545341,R,519043,L,field_out,False,False,77.0,0.309,9.0,11.69,5.0,6.49,0.8200000000000001,0.14700000000000002,20.15,9.71,15.47,25.18,28.87,13.04,134.0,0.328,17.0,12.69,12.0,8.96,0.995,0.2789999999999999,21.25,10.26,14.29,24.55,32.84,12.78,67.0,0.25,15.0,22.39,6.0,8.96,0.8109999999999999,0.23299999999999998,28.47,14.77,15.91,30.68,33.58,19.48,156.0,0.218,48.0,30.77,10.0,6.41,0.622,0.1269999999999999,30.67,16.47,13.84,30.31,36.77,25.67
747193,2024-06-13,2024,572233,R,519043,L,strikeout,True,False,80.0,0.264,26.0,32.5,7.0,8.75,0.756,0.16699999999999998,30.3,14.16,16.15,30.31,24.43,20.16,168.0,0.255,32.0,19.05,20.0,11.9,0.922,0.3189999999999999,27.22,12.57,12.85,25.42,24.16,14.55,67.0,0.25,15.0,22.39,6.0,8.96,0.8109999999999999,0.23299999999999998,28.47,14.77,15.91,30.68,33.58,19.48,156.0,0.218,48.0,30.77,10.0,6.41,0.622,0.1269999999999999,30.67,16.47,13.84,30.31,36.77,25.67
747112,2024-06-14,2024,650490,R,519242,L,single,False,False,77.0,0.296,8.0,10.39,4.0,5.19,0.7190000000000001,0.09800000000000003,9.56,4.5,15.92,20.42,21.05,11.59,139.0,0.355,22.0,15.83,16.0,11.51,1.101,0.314,16.87,7.31,16.22,23.53,19.53,13.75,237.0,0.219,74.0,31.22,9.0,3.8,0.5700000000000001,0.093,31.58,16.43,17.42,33.84,36.28,24.67,370.0,0.224,107.0,28.92,26.0,7.03,0.699,0.1849999999999999,30.18,14.61,16.72,31.33,33.77,23.11
747112,2024-06-14,2024,668227,R,519242,L,hit_by_pitch,False,False,73.0,0.169,14.0,19.18,13.0,17.81,0.641,0.153,26.27,10.23,18.81,29.04,17.9,18.18,138.0,0.254,37.0,26.81,18.0,13.04,0.8280000000000001,0.212,26.44,11.46,18.11,29.57,29.32,19.68,237.0,0.219,74.0,31.22,9.0,3.8,0.5700000000000001,0.093,31.58,16.43,17.42,33.84,36.28,24.67,370.0,0.224,107.0,28.92,26.0,7.03,0.699,0.1849999999999999,30.18,14.61,16.72,31.33,33.77,23.11
747112,2024-06-14,2024,642708,R,519242,L,double,False,False,65.0,0.302,12.0,18.46,1.0,1.54,0.737,0.127,27.48,15.72,15.28,31.0,39.09,18.75,193.0,0.282,27.0,13.99,11.0,5.7,0.768,0.16,18.35,9.79,15.18,24.96,39.07,12.33,237.0,0.219,74.0,31.22,9.0,3.8,0.5700000000000001,0.093,31.58,16.43,17.42,33.84,36.28,24.67,370.0,0.224,107.0,28.92,26.0,7.03,0.699,0.1849999999999999,30.18,14.61,16.72,31.33,33.77,23.11
747112,2024-06-14,2024,670623,R,519242,L,field_out,False,False,69.0,0.258,14.0,20.29,6.0,8.7,0.72,0.129,20.66,8.93,22.14,31.07,27.7,16.87,136.0,0.259,22.0,16.18,15.0,11.03,0.773,0.146,17.06,7.6,18.37,25.97,26.71,12.64,237.0,0.219,74.0,31.22,9.0,3.8,0.5700000000000001,0.093,31.58,16.43,17.42,33.84,36.28,24.67,370.0,0.224,107.0,28.92,26.0,7.03,0.699,0.1849999999999999,30.18,14.61,16.72,31.33,33.77,23.11
747112,2024-06-14,2024,642350,R,519242,L,strikeout,True,False,52.0,0.174,18.0,34.62,5.0,9.62,0.663,0.239,40.83,20.94,12.82,33.76,29.31,20.45,93.0,0.198,37.0,39.78,4.0,4.3,0.647,0.2209999999999999,43.46,22.99,15.24,38.23,37.84,32.17,237.0,0.219,74.0,31.22,9.0,3.8,0.5700000000000001,0.093,31.58,16.43,17.42,33.84,36.28,24.67,370.0,0.224,107.0,28.92,26.0,7.03,0.699,0.1849999999999999,30.18,14.61,16.72,31.33,33.77,23.11
747112,2024-06-14,2024,676356,R,519242,L,strikeout,True,False,34.0,0.172,7.0,20.59,4.0,11.76,0.652,0.20700000000000002,24.32,12.77,13.48,26.24,34.33,14.29,35.0,0.281,8.0,22.86,3.0,8.57,0.7490000000000001,0.125,27.78,15.15,13.64,28.79,41.67,17.78,237.0,0.219,74.0,31.22,9.0,3.8,0.5700000000000001,0.093,31.58,16.43,17.42,33.84,36.28,24.67,370.0,0.224,107.0,28.92,26.0,7.03,0.699,0.1849999999999999,30.18,14.61,16.72,31.33,33.77,23.11
747112,2024-06-14,2024,671739,L,641793,R,single,False,False,184.0,0.243,38.0,20.65,13.0,7.07,0.6839999999999999,0.14200000000000002,24.35,14.22,10.44,24.66,42.86,18.81,400.0,0.29,76.0,19.0,22.0,5.5,0.812,0.191,24.97,13.25,14.35,27.61,37.23,20.32,155.0,0.267,29.0,18.71,8.0,5.16,0.75,0.178,21.89,11.05,17.35,28.4,29.52,14.97,183.0,0.233,41.0,22.4,8.0,4.37,0.681,0.1799999999999999,22.16,11.64,17.0,28.64,32.55,20.2
747112,2024-06-14,2024,645277,L,641793,R,double,False,False,184.0,0.245,31.0,16.85,16.0,8.7,0.688,0.11699999999999999,21.65,11.88,9.75,21.63,31.98,11.48,528.0,0.25,89.0,16.86,42.0,7.95,0.8029999999999999,0.235,20.84,11.11,9.82,20.92,33.45,13.94,155.0,0.267,29.0,18.71,8.0,5.16,0.75,0.178,21.89,11.05,17.35,28.4,29.52,14.97,183.0,0.233,41.0,22.4,8.0,4.37,0.681,0.1799999999999999,22.16,11.64,17.0,28.64,32.55,20.2
747112,2024-06-14,2024,542303,R,641793,R,home_run,False,False,194.0,0.306,42.0,21.65,18.0,9.28,1.001,0.324,31.58,15.16,13.3,28.46,26.17,19.63,453.0,0.272,109.0,24.06,44.0,9.71,0.882,0.263,27.95,13.42,14.78,28.21,29.59,18.63,161.0,0.292,40.0,24.84,4.0,2.48,0.706,0.09100000000000003,24.22,13.29,15.33,28.62,33.21,20.0,196.0,0.287,33.0,16.84,4.0,2.04,0.76,0.16,19.89,10.69,14.35,25.04,30.7,16.92
747112,2024-06-14,2024,621566,L,641793,R,double,False,False,186.0,0.23,50.0,26.88,22.0,11.83,0.7130000000000001,0.155,28.43,14.04,11.14,25.18,28.08,17.63,540.0,0.294,115.0,21.3,90.0,16.67,1.061,0.351,27.51,12.57,12.32,24.89,25.66,14.92,155.0,0.267,29.0,18.71,8.0,5.16,0.75,0.178,21.89,11.05,17.35,28.4,29.52,14.97,183.0,0.233,41.0,22.4,8.0,4.37,0.681,0.1799999999999999,22.16,11.64,17.0,28.64,32.55,20.2
747112,2024-06-14,2024,663586,R,641793,R,double,False,False,160.0,0.234,41.0,25.62,12.0,7.5,0.661,0.12499999999999997,31.63,15.92,13.02,28.94,28.12,20.51,566.0,0.28,137.0,24.2,42.0,7.42,0.841,0.2199999999999999,27.71,13.25,15.53,28.77,27.7,18.53,161.0,0.292,40.0,24.84,4.0,2.48,0.706,0.09100000000000003,24.22,13.29,15.33,28.62,33.21,20.0,196.0,0.287,33.0,16.84,4.0,2.04,0.76,0.16,19.89,10.69,14.35,25.04,30.7,16.92
747112,2024-06-14,2024,669221,R,641793,R,field_out,False,False,30.0,0.179,8.0,26.67,1.0,3.33,0.554,0.14200000000000002,24.49,10.91,21.82,32.73,29.63,28.57,337.0,0.245,77.0,22.85,37.0,10.98,0.832,0.2309999999999999,26.79,12.43,15.15,27.58,22.74,18.97,161.0,0.292,40.0,24.84,4.0,2.48,0.706,0.09100000000000003,24.22,13.29,15.33,28.62,33.21,20.0,196.0,0.287,33.0,16.84,4.0,2.04,0.76,0.16,19.89,10.69,14.35,25.04,30.7,16.92
747112,2024-06-14,2024,594807,R,641793,R,field_error,False,False,76.0,0.083,27.0,35.53,3.0,3.95,0.243,0.027999999999999997,27.34,13.19,19.44,32.64,33.33,29.35,260.0,0.248,76.0,29.23,18.0,6.92,0.863,0.303,29.41,13.69,18.97,32.66,32.68,27.44,161.0,0.292,40.0,24.84,4.0,2.48,0.706,0.09100000000000003,24.22,13.29,15.33,28.62,33.21,20.0,196.0,0.287,33.0,16.84,4.0,2.04,0.76,0.16,19.89,10.69,14.35,25.04,30.7,16.92
747112,2024-06-14,2024,672284,L,641793,R,strikeout,True,False,146.0,0.259,44.0,30.14,10.0,6.85,0.73,0.16299999999999998,34.43,17.86,13.61,31.46,32.55,23.4,324.0,0.251,105.0,32.41,34.0,10.49,0.738,0.1569999999999999,35.42,16.4,14.8,31.2,29.2,26.99,155.0,0.267,29.0,18.71,8.0,5.16,0.75,0.178,21.89,11.05,17.35,28.4,29.52,14.97,183.0,0.233,41.0,22.4,8.0,4.37,0.681,0.1799999999999999,22.16,11.64,17.0,28.64,32.55,20.2
747112,2024-06-14,2024,606115,R,641793,R,single,False,False,185.0,0.247,31.0,16.76,7.0,3.78,0.696,0.173,23.43,11.92,14.68,26.6,26.97,17.03,421.0,0.255,78.0,18.53,23.0,5.46,0.6739999999999999,0.12,23.54,11.23,17.09,28.32,27.84,15.98,161.0,0.292,40.0,24.84,4.0,2.48,0.706,0.09100000000000003,24.22,13.29,15.33,28.62,33.21,20.0,196.0,0.287,33.0,16.84,4.0,2.04,0.76,0.16,19.89,10.69,14.35,25.04,30.7,16.92
747112,2024-06-14,2024,679881,L,641793,R,strikeout,True,False,5.0,0.2,2.0,40.0,0.0,0.0,0.6000000000000001,0.2,54.55,31.58,10.53,42.11,45.45,33.33,38.0,0.222,14.0,36.84,2.0,5.26,0.5960000000000001,0.111,38.03,18.24,18.92,37.16,26.47,35.9,155.0,0.267,29.0,18.71,8.0,5.16,0.75,0.178,21.89,11.05,17.35,28.4,29.52,14.97,183.0,0.233,41.0,22.4,8.0,4.37,0.681,0.1799999999999999,22.16,11.64,17.0,28.64,32.55,20.2
747112,2024-06-14,2024,670764,R,519242,L,strikeout,True,False,7.0,0.286,2.0,28.57,0.0,0.0,0.715,0.14300000000000002,22.22,7.69,26.92,34.62,9.09,25.0,92.0,0.262,23.0,25.0,11.0,11.96,0.7769999999999999,0.1629999999999999,29.38,13.09,17.27,30.36,20.23,24.21,237.0,0.219,74.0,31.22,9.0,3.8,0.5700000000000001,0.093,31.58,16.43,17.42,33.84,36.28,24.67,370.0,0.224,107.0,28.92,26.0,7.03,0.699,0.1849999999999999,30.18,14.61,16.72,31.33,33.77,23.11
747112,2024-06-14,2024,676609,R,519242,L,walk,False,True,51.0,0.283,21.0,41.18,1.0,1.96,0.762,0.15200000000000002,39.81,21.83,19.29,41.12,42.86,27.63,124.0,0.265,29.0,23.39,13.0,10.48,0.758,0.0979999999999999,21.43,9.88,19.38,29.26,31.78,17.26,237.0,0.219,74.0,31.22,9.0,3.8,0.5700000000000001,0.093,31.58,16.43,17.42,33.84,36.28,24.67,370.0,0.224,107.0,28.92,26.0,7.03,0.699,0.1849999999999999,30.18,14.61,16.72,31.33,33.77,23.11
747112,2024-06-14,2024,656577,R,519242,L,grounded_into_double_play,False,False,19.0,0.118,9.0,47.37,1.0,5.26,0.276,0.0,33.96,21.18,8.24,29.41,50.0,23.68,,,,,,,,,,,,,,,237.0,0.219,74.0,31.22,9.0,3.8,0.5700000000000001,0.093,31.58,16.43,17.42,33.84,36.28,24.67,370.0,0.224,107.0,28.92,26.0,7.03,0.699,0.1849999999999999,30.18,14.61,16.72,31.33,33.77,23.11
747112,2024-06-14,2024,645277,L,641793,R,field_out,False,False,184.0,0.245,31.0,16.85,16.0,8.7,0.688,0.11699999999999999,21.65,11.88,9.75,21.63,31.98,11.48,528.0,0.25,89.0,16.86,42.0,7.95,0.8029999999999999,0.235,20.84,11.11,9.82,20.92,33.45,13.94,155.0,0.267,29.0,18.71,8.0,5.16,0.75,0.178,21.89,11.05,17.35,28.4,29.52,14.97,183.0,0.233,41.0,22.4,8.0,4.37,0.681,0.1799999999999999,22.16,11.64,17.0,28.64,32.55,20.2
747112,2024-06-14,2024,542303,R,641793,R,walk,False,True,194.0,0.306,42.0,21.65,18.0,9.28,1.001,0.324,31.58,15.16,13.3,28.46,26.17,19.63,453.0,0.272,109.0,24.06,44.0,9.71,0.882,0.263,27.95,13.42,14.78,28.21,29.59,18.63,161.0,0.292,40.0,24.84,4.0,2.48,0.706,0.09100000000000003,24.22,13.29,15.33,28.62,33.21,20.0,196.0,0.287,33.0,16.84,4.0,2.04,0.76,0.16,19.89,10.69,14.35,25.04,30.7,16.92
747112,2024-06-14,2024,621566,L,641793,R,field_out,False,False,186.0,0.23,50.0,26.88,22.0,11.83,0.7130000000000001,0.155,28.43,14.04,11.14,25.18,28.08,17.63,540.0,0.294,115.0,21.3,90.0,16.67,1.061,0.351,27.51,12.57,12.32,24.89,25.66,14.92,155.0,0.267,29.0,18.71,8.0,5.16,0.75,0.178,21.89,11.05,17.35,28.4,29.52,14.97,183.0,0.233,41.0,22.4,8.0,4.37,0.681,0.1799999999999999,22.16,11.64,17.0,28.64,32.55,20.2
747112,2024-06-14,2024,663586,R,641793,R,home_run,False,False,160.0,0.234,41.0,25.62,12.0,7.5,0.661,0.12499999999999997,31.63,15.92,13.02,28.94,28.12,20.51,566.0,0.28,137.0,24.2,42.0,7.42,0.841,0.2199999999999999,27.71,13.25,15.53,28.77,27.7,18.53,161.0,0.292,40.0,24.84,4.0,2.48,0.706,0.09100000000000003,24.22,13.29,15.33,28.62,33.21,20.0,196.0,0.287,33.0,16.84,4.0,2.04,0.76,0.16,19.89,10.69,14.35,25.04,30.7,16.92
747112,2024-06-14,2024,669221,R,641793,R,single,False,False,30.0,0.179,8.0,26.67,1.0,3.33,0.554,0.14200000000000002,24.49,10.91,21.82,32.73,29.63,28.57,337.0,0.245,77.0,22.85,37.0,10.98,0.832,0.2309999999999999,26.79,12.43,15.15,27.58,22.74,18.97,161.0,0.292,40.0,24.84,4.0,2.48,0.706,0.09100000000000003,24.22,13.29,15.33,28.62,33.21,20.0,196.0,0.287,33.0,16.84,4.0,2.04,0.76,0.16,19.89,10.69,14.35,25.04,30.7,16.92
747112,2024-06-14,2024,594807,R,641793,R,field_out,False,False,76.0,0.083,27.0,35.53,3.0,3.95,0.243,0.027999999999999997,27.34,13.19,19.44,32.64,33.33,29.35,260.0,0.248,76.0,29.23,18.0,6.92,0.863,0.303,29.41,13.69,18.97,32.66,32.68,27.44,161.0,0.292,40.0,24.84,4.0,2.48,0.706,0.09100000000000003,24.22,13.29,15.33,28.62,33.21,20.0,196.0,0.287,33.0,16.84,4.0,2.04,0.76,0.16,19.89,10.69,14.35,25.04,30.7,16.92
747112,2024-06-14,2024,650490,R,519242,L,field_out,False,False,77.0,0.296,8.0,10.39,4.0,5.19,0.7190000000000001,0.09800000000000003,9.56,4.5,15.92,20.42,21.05,11.59,139.0,0.355,22.0,15.83,16.0,11.51,1.101,0.314,16.87,7.31,16.22,23.53,19.53,13.75,237.0,0.219,74.0,31.22,9.0,3.8,0.5700000000000001,0.093,31.58,16.43,17.42,33.84,36.28,24.67,370.0,0.224,107.0,28.92,26.0,7.03,0.699,0.1849999999999999,30.18,14.61,16.72,31.33,33.77,23.11
747112,2024-06-14,2024,668227,R,519242,L,walk,False,True,73.0,0.169,14.0,19.18,13.0,17.81,0.641,0.153,26.27,10.23,18.81,29.04,17.9,18.18,138.0,0.254,37.0,26.81,18.0,13.04,0.8280000000000001,0.212,26.44,11.46,18.11,29.57,29.32,19.68,237.0,0.219,74.0,31.22,9.0,3.8,0.5700000000000001,0.093,31.58,16.43,17.42,33.84,36.28,24.67,370.0,0.224,107.0,28.92,26.0,7.03,0.699,0.1849999999999999,30.18,14.61,16.72,31.33,33.77,23.11
747112,2024-06-14,2024,642708,R,519242,L,grounded_into_double_play,False,False,65.0,0.302,12.0,18.46,1.0,1.54,0.737,0.127,27.48,15.72,15.28,31.0,39.09,18.75,193.0,0.282,27.0,13.99,11.0,5.7,0.768,0.16,18.35,9.79,15.18,24.96,39.07,12.33,237.0,0.219,74.0,31.22,9.0,3.8,0.5700000000000001,0.093,31.58,16.43,17.42,33.84,36.28,24.67,370.0,0.224,107.0,28.92,26.0,7.03,0.699,0.1849999999999999,30.18,14.61,16.72,31.33,33.77,23.11
747112,2024-06-14,2024,672284,L,687330,R,field_out,False,False,146.0,0.259,44.0,30.14,10.0,6.85,0.73,0.16299999999999998,34.43,17.86,13.61,31.46,32.55,23.4,324.0,0.251,105.0,32.41,34.0,10.49,0.738,0.1569999999999999,35.42,16.4,14.8,31.2,29.2,26.99,45.0,0.209,9.0,20.0,0.0,0.0,0.646,0.21,13.92,6.71,21.95,28.66,26.39,16.36,104.0,0.211,27.0,25.96,10.0,9.62,0.65,0.122,24.16,10.19,19.67,29.86,20.39,21.31
747112,2024-06-14,2024,606115,R,687330,R,field_out,False,False,185.0,0.247,31.0,16.76,7.0,3.78,0.696,0.173,23.43,11.92,14.68,26.6,26.97,17.03,421.0,0.255,78.0,18.53,23.0,5.46,0.6739999999999999,0.12,23.54,11.23,17.09,28.32,27.84,15.98,74.0,0.265,20.0,27.03,3.0,4.05,0.712,0.132,23.36,9.65,26.25,35.91,28.21,25.97,172.0,0.211,29.0,16.86,5.0,2.91,0.554,0.0809999999999999,21.07,9.75,21.21,30.96,29.68,13.74
747112,2024-06-14,2024,679881,L,687330,R,single,False,False,5.0,0.2,2.0,40.0,0.0,0.0,0.6000000000000001,0.2,54.55,31.58,10.53,42.11,45.45,33.33,38.0,0.222,14.0,36.84,2.0,5.26,0.5960000000000001,0.111,38.03,18.24,18.92,37.16,26.47,35.9,45.0,0.209,9.0,20.0,0.0,0.0,0.646,0.21,13.92,6.71,21.95,28.66,26.39,16.36,104.0,0.211,27.0,25.96,10.0,9.62,0.65,0.122,24.16,10.19,19.67,29.86,20.39,21.31
747112,2024-06-14,2024,645277,L,687330,R,field_out,False,False,184.0,0.245,31.0,16.85,16.0,8.7,0.688,0.11699999999999999,21.65,11.88,9.75,21.63,31.98,11.48,528.0,0.25,89.0,16.86,42.0,7.95,0.8029999999999999,0.235,20.84,11.11,9.82,20.92,33.45,13.94,45.0,0.209,9.0,20.0,0.0,0.0,0.646,0.21,13.92,6.71,21.95,28.66,26.39,16.36,104.0,0.211,27.0,25.96,10.0,9.62,0.65,0.122,24.16,10.19,19.67,29.86,20.39,21.31
747112,2024-06-14,2024,670623,R,519242,L,single,False,False,69.0,0.258,14.0,20.29,6.0,8.7,0.72,0.129,20.66,8.93,22.14,31.07,27.7,16.87,136.0,0.259,22.0,16.18,15.0,11.03,0.773,0.146,17.06,7.6,18.37,25.97,26.71,12.64,237.0,0.219,74.0,31.22,9.0,3.8,0.5700000000000001,0.093,31.58,16.43,17.42,33.84,36.28,24.67,370.0,0.224,107.0,28.92,26.0,7.03,0.699,0.1849999999999999,30.18,14.61,16.72,31.33,33.77,23.11
747112,2024-06-14,2024,642350,R,519242,L,strikeout,True,False,52.0,0.174,18.0,34.62,5.0,9.62,0.663,0.239,40.83,20.94,12.82,33.76,29.31,20.45,93.0,0.198,37.0,39.78,4.0,4.3,0.647,0.2209999999999999,43.46,22.99,15.24,38.23,37.84,32.17,237.0,0.219,74.0,31.22,9.0,3.8,0.5700000000000001,0.093,31.58,16.43,17.42,33.84,36.28,24.67,370.0,0.224,107.0,28.92,26.0,7.03,0.699,0.1849999999999999,30.18,14.61,16.72,31.33,33.77,23.11
747112,2024-06-14,2024,676356,R,519242,L,strikeout,True,False,34.0,0.172,7.0,20.59,4.0,11.76,0.652,0.20700000000000002,24.32,12.77,13.48,26.24,34.33,14.29,35.0,0.281,8.0,22.86,3.0,8.57,0.7490000000000001,0.125,27.78,15.15,13.64,28.79,41.67,17.78,237.0,0.219,74.0,31.22,9.0,3.8,0.5700000000000001,0.093,31.58,16.43,17.42,33.84,36.28,24.67,370.0,0.224,107.0,28.92,26.0,7.03,0.699,0.1849999999999999,30.18,14.61,16.72,31.33,33.77,23.11
747112,2024-06-14,2024,670764,R,519242,L,field_out,False,False,7.0,0.286,2.0,28.57,0.0,0.0,0.715,0.14300000000000002,22.22,7.69,26.92,34.62,9.09,25.0,92.0,0.262,23.0,25.0,11.0,11.96,0.7769999999999999,0.1629999999999999,29.38,13.09,17.27,30.36,20.23,24.21,237.0,0.219,74.0,31.22,9.0,3.8,0.5700000000000001,0.093,31.58,16.43,17.42,33.84,36.28,24.67,370.0,0.224,107.0,28.92,26.0,7.03,0.699,0.1849999999999999,30.18,14.61,16.72,31.33,33.77,23.11
747112,2024-06-14,2024,542303,R,687330,R,field_out,False,False,194.0,0.306,42.0,21.65,18.0,9.28,1.001,0.324,31.58,15.16,13.3,28.46,26.17,19.63,453.0,0.272,109.0,24.06,44.0,9.71,0.882,0.263,27.95,13.42,14.78,28.21,29.59,18.63,74.0,0.265,20.0,27.03,3.0,4.05,0.712,0.132,23.36,9.65,26.25,35.91,28.21,25.97,172.0,0.211,29.0,16.86,5.0,2.91,0.554,0.0809999999999999,21.07,9.75,21.21,30.96,29.68,13.74
747112,2024-06-14,2024,621566,L,664208,R,field_out,False,False,186.0,0.23,50.0,26.88,22.0,11.83,0.7130000000000001,0.155,28.43,14.04,11.14,25.18,28.08,17.63,540.0,0.294,115.0,21.3,90.0,16.67,1.061,0.351,27.51,12.57,12.32,24.89,25.66,14.92,52.0,0.268,10.0,19.23,8.0,15.38,1.082,0.391,23.71,10.36,14.41,24.77,30.0,15.15,138.0,0.265,30.0,21.74,17.0,12.32,0.856,0.2039999999999999,26.0,12.2,15.95,28.14,26.22,19.87
747112,2024-06-14,2024,663586,R,664208,R,single,False,False,160.0,0.234,41.0,25.62,12.0,7.5,0.661,0.12499999999999997,31.63,15.92,13.02,28.94,28.12,20.51,566.0,0.28,137.0,24.2,42.0,7.42,0.841,0.2199999999999999,27.71,13.25,15.53,28.77,27.7,18.53,62.0,0.25,9.0,14.52,9.0,14.52,0.756,0.135,29.41,14.0,14.4,28.4,27.14,13.64,136.0,0.153,44.0,32.35,8.0,5.88,0.431,0.0569999999999999,39.26,20.62,13.04,33.66,34.2,29.86
747112,2024-06-14,2024,669221,R,664208,R,strikeout,True,False,30.0,0.179,8.0,26.67,1.0,3.33,0.554,0.14200000000000002,24.49,10.91,21.82,32.73,29.63,28.57,337.0,0.245,77.0,22.85,37.0,10.98,0.832,0.2309999999999999,26.79,12.43,15.15,27.58,22.74,18.97,62.0,0.25,9.0,14.52,9.0,14.52,0.756,0.135,29.41,14.0,14.4,28.4,27.14,13.64,136.0,0.153,44.0,32.35,8.0,5.88,0.431,0.0569999999999999,39.26,20.62,13.04,33.66,34.2,29.86
747112,2024-06-14,2024,680700,L,519242,L,field_out,False,False,16.0,0.312,6.0,37.5,0.0,0.0,0.624,0.0,20.0,9.09,18.18,27.27,23.53,40.0,20.0,0.421,1.0,5.0,0.0,0.0,1.158,0.316,13.33,7.32,14.63,21.95,33.33,3.33,59.0,0.182,18.0,30.51,2.0,3.39,0.551,0.14500000000000002,29.63,14.48,21.27,35.75,38.24,24.32,56.0,0.245,18.0,32.14,3.0,5.36,0.778,0.2239999999999999,26.32,12.08,20.77,32.85,33.33,29.03
747112,2024-06-14,2024,656577,R,519242,L,strikeout,True,False,19.0,0.118,9.0,47.37,1.0,5.26,0.276,0.0,33.96,21.18,8.24,29.41,50.0,23.68,,,,,,,,,,,,,,,237.0,0.219,74.0,31.22,9.0,3.8,0.5700000000000001,0.093,31.58,16.43,17.42,33.84,36.28,24.67,370.0,0.224,107.0,28.92,26.0,7.03,0.699,0.1849999999999999,30.18,14.61,16.72,31.33,33.77,23.11
747112,2024-06-14,2024,650490,R,519242,L,field_out,False,False,77.0,0.296,8.0,10.39,4.0,5.19,0.7190000000000001,0.09800000000000003,9.56,4.5,15.92,20.42,21.05,11.59,139.0,0.355,22.0,15.83,16.0,11.51,1.101,0.314,16.87,7.31,16.22,23.53,19.53,13.75,237.0,0.219,74.0,31.22,9.0,3.8,0.5700000000000001,0.093,31.58,16.43,17.42,33.84,36.28,24.67,370.0,0.224,107.0,28.92,26.0,7.03,0.699,0.1849999999999999,30.18,14.61,16.72,31.33,33.77,23.11
747112,2024-06-14,2024,594807,R,664208,R,field_out,False,False,76.0,0.083,27.0,35.53,3.0,3.95,0.243,0.027999999999999997,27.34,13.19,19.44,32.64,33.33,29.35,260.0,0.248,76.0,29.23,18.0,6.92,0.863,0.303,29.41,13.69,18.97,32.66,32.68,27.44,62.0,0.25,9.0,14.52,9.0,14.52,0.756,0.135,29.41,14.0,14.4,28.4,27.14,13.64,136.0,0.153,44.0,32.35,8.0,5.88,0.431,0.0569999999999999,39.26,20.62,13.04,33.66,34.2,29.86
747112,2024-06-14,2024,672284,L,664208,R,hit_by_pitch,False,False,146.0,0.259,44.0,30.14,10.0,6.85,0.73,0.16299999999999998,34.43,17.86,13.61,31.46,32.55,23.4,324.0,0.251,105.0,32.41,34.0,10.49,0.738,0.1569999999999999,35.42,16.4,14.8,31.2,29.2,26.99,52.0,0.268,10.0,19.23,8.0,15.38,1.082,0.391,23.71,10.36,14.41,24.77,30.0,15.15,138.0,0.265,30.0,21.74,17.0,12.32,0.856,0.2039999999999999,26.0,12.2,15.95,28.14,26.22,19.87
747112,2024-06-14,2024,606115,R,664208,R,field_out,False,False,185.0,0.247,31.0,16.76,7.0,3.78,0.696,0.173,23.43,11.92,14.68,26.6,26.97,17.03,421.0,0.255,78.0,18.53,23.0,5.46,0.6739999999999999,0.12,23.54,11.23,17.09,28.32,27.84,15.98,62.0,0.25,9.0,14.52,9.0,14.52,0.756,0.135,29.41,14.0,14.4,28.4,27.14,13.64,136.0,0.153,44.0,32.35,8.0,5.88,0.431,0.0569999999999999,39.26,20.62,13.04,33.66,34.2,29.86
747112,2024-06-14,2024,679881,L,664208,R,field_out,False,False,5.0,0.2,2.0,40.0,0.0,0.0,0.6000000000000001,0.2,54.55,31.58,10.53,42.11,45.45,33.33,38.0,0.222,14.0,36.84,2.0,5.26,0.5960000000000001,0.111,38.03,18.24,18.92,37.16,26.47,35.9,52.0,0.268,10.0,19.23,8.0,15.38,1.082,0.391,23.71,10.36,14.41,24.77,30.0,15.15,138.0,0.265,30.0,21.74,17.0,12.32,0.856,0.2039999999999999,26.0,12.2,15.95,28.14,26.22,19.87
747112,2024-06-14,2024,668227,R,519242,L,field_out,False,False,73.0,0.169,14.0,19.18,13.0,17.81,0.641,0.153,26.27,10.23,18.81,29.04,17.9,18.18,138.0,0.254,37.0,26.81,18.0,13.04,0.8280000000000001,0.212,26.44,11.46,18.11,29.57,29.32,19.68,237.0,0.219,74.0,31.22,9.0,3.8,0.5700000000000001,0.093,31.58,16.43,17.42,33.84,36.28,24.67,370.0,0.224,107.0,28.92,26.0,7.03,0.699,0.1849999999999999,30.18,14.61,16.72,31.33,33.77,23.11
747112,2024-06-14,2024,642708,R,519242,L,field_out,False,False,65.0,0.302,12.0,18.46,1.0,1.54,0.737,0.127,27.48,15.72,15.28,31.0,39.09,18.75,193.0,0.282,27.0,13.99,11.0,5.7,0.768,0.16,18.35,9.79,15.18,24.96,39.07,12.33,237.0,0.219,74.0,31.22,9.0,3.8,0.5700000000000001,0.093,31.58,16.43,17.42,33.84,36.28,24.67,370.0,0.224,107.0,28.92,26.0,7.03,0.699,0.1849999999999999,30.18,14.61,16.72,31.33,33.77,23.11
747112,2024-06-14,2024,670623,R,519242,L,field_out,False,False,69.0,0.258,14.0,20.29,6.0,8.7,0.72,0.129,20.66,8.93,22.14,31.07,27.7,16.87,136.0,0.259,22.0,16.18,15.0,11.03,0.773,0.146,17.06,7.6,18.37,25.97,26.71,12.64,237.0,0.219,74.0,31.22,9.0,3.8,0.5700000000000001,0.093,31.58,16.43,17.42,33.84,36.28,24.67,370.0,0.224,107.0,28.92,26.0,7.03,0.699,0.1849999999999999,30.18,14.61,16.72,31.33,33.77,23.11
747112,2024-06-14,2024,645277,L,606965,R,field_out,False,False,184.0,0.245,31.0,16.85,16.0,8.7,0.688,0.11699999999999999,21.65,11.88,9.75,21.63,31.98,11.48,528.0,0.25,89.0,16.86,42.0,7.95,0.8029999999999999,0.235,20.84,11.11,9.82,20.92,33.45,13.94,49.0,0.17,11.0,22.45,2.0,4.08,0.502,0.12799999999999997,29.81,14.55,17.84,32.39,31.43,14.47,72.0,0.206,14.0,19.44,5.0,6.94,0.601,0.127,24.64,11.76,14.53,26.3,32.69,16.67
747112,2024-06-14,2024,542303,R,606965,R,field_out,False,False,194.0,0.306,42.0,21.65,18.0,9.28,1.001,0.324,31.58,15.16,13.3,28.46,26.17,19.63,453.0,0.272,109.0,24.06,44.0,9.71,0.882,0.263,27.95,13.42,14.78,28.21,29.59,18.63,49.0,0.341,8.0,16.33,8.0,16.33,1.229,0.439,25.88,10.73,18.05,28.78,24.14,11.94,101.0,0.245,28.0,27.72,6.0,5.94,0.702,0.1699999999999999,32.8,15.66,15.91,31.57,27.49,22.76
747112,2024-06-14,2024,621566,L,606965,R,double,False,False,186.0,0.23,50.0,26.88,22.0,11.83,0.7130000000000001,0.155,28.43,14.04,11.14,25.18,28.08,17.63,540.0,0.294,115.0,21.3,90.0,16.67,1.061,0.351,27.51,12.57,12.32,24.89,25.66,14.92,49.0,0.17,11.0,22.45,2.0,4.08,0.502,0.12799999999999997,29.81,14.55,17.84,32.39,31.43,14.47,72.0,0.206,14.0,19.44,5.0,6.94,0.601,0.127,24.64,11.76,14.53,26.3,32.69,16.67
747112,2024-06-14,2024,663586,R,606965,R,strikeout,True,False,160.0,0.234,41.0,25.62,12.0,7.5,0.661,0.12499999999999997,31.63,15.92,13.02,28.94,28.12,20.51,566.0,0.28,137.0,24.2,42.0,7.42,0.841,0.2199999999999999,27.71,13.25,15.53,28.77,27.7,18.53,49.0,0.341,8.0,16.33,8.0,16.33,1.229,0.439,25.88,10.73,18.05,28.78,24.14,11.94,101.0,0.245,28.0,27.72,6.0,5.94,0.702,0.1699999999999999,32.8,15.66,15.91,31.57,27.49,22.76
747112,2024-06-14,2024,642350,R,519242,L,double,False,False,52.0,0.174,18.0,34.62,5.0,9.62,0.663,0.239,40.83,20.94,12.82,33.76,29.31,20.45,93.0,0.198,37.0,39.78,4.0,4.3,0.647,0.2209999999999999,43.46,22.99,15.24,38.23,37.84,32.17,237.0,0.219,74.0,31.22,9.0,3.8,0.5700000000000001,0.093,31.58,16.43,17.42,33.84,36.28,24.67,370.0,0.224,107.0,28.92,26.0,7.03,0.699,0.1849999999999999,30.18,14.61,16.72,31.33,33.77,23.11
747112,2024-06-14,2024,676356,R,519242,L,field_out,False,False,34.0,0.172,7.0,20.59,4.0,11.76,0.652,0.20700000000000002,24.32,12.77,13.48,26.24,34.33,14.29,35.0,0.281,8.0,22.86,3.0,8.57,0.7490000000000001,0.125,27.78,15.15,13.64,28.79,41.67,17.78,237.0,0.219,74.0,31.22,9.0,3.8,0.5700000000000001,0.093,31.58,16.43,17.42,33.84,36.28,24.67,370.0,0.224,107.0,28.92,26.0,7.03,0.699,0.1849999999999999,30.18,14.61,16.72,31.33,33.77,23.11
747112,2024-06-14,2024,670764,R,519242,L,strikeout,True,False,7.0,0.286,2.0,28.57,0.0,0.0,0.715,0.14300000000000002,22.22,7.69,26.92,34.62,9.09,25.0,92.0,0.262,23.0,25.0,11.0,11.96,0.7769999999999999,0.1629999999999999,29.38,13.09,17.27,30.36,20.23,24.21,237.0,0.219,74.0,31.22,9.0,3.8,0.5700000000000001,0.093,31.58,16.43,17.42,33.84,36.28,24.67,370.0,0.224,107.0,28.92,26.0,7.03,0.699,0.1849999999999999,30.18,14.61,16.72,31.33,33.77,23.11
747112,2024-06-14,2024,680700,L,519242,L,double,False,False,16.0,0.312,6.0,37.5,0.0,0.0,0.624,0.0,20.0,9.09,18.18,27.27,23.53,40.0,20.0,0.421,1.0,5.0,0.0,0.0,1.158,0.316,13.33,7.32,14.63,21.95,33.33,3.33,59.0,0.182,18.0,30.51,2.0,3.39,0.551,0.14500000000000002,29.63,14.48,21.27,35.75,38.24,24.32,56.0,0.245,18.0,32.14,3.0,5.36,0.778,0.2239999999999999,26.32,12.08,20.77,32.85,33.33,29.03
747112,2024-06-14,2024,656577,R,519242,L,field_out,False,False,19.0,0.118,9.0,47.37,1.0,5.26,0.276,0.0,33.96,21.18,8.24,29.41,50.0,23.68,,,,,,,,,,,,,,,237.0,0.219,74.0,31.22,9.0,3.8,0.5700000000000001,0.093,31.58,16.43,17.42,33.84,36.28,24.67,370.0,0.224,107.0,28.92,26.0,7.03,0.699,0.1849999999999999,30.18,14.61,16.72,31.33,33.77,23.11
747112,2024-06-14,2024,669221,R,606965,R,strikeout,True,False,30.0,0.179,8.0,26.67,1.0,3.33,0.554,0.14200000000000002,24.49,10.91,21.82,32.73,29.63,28.57,337.0,0.245,77.0,22.85,37.0,10.98,0.832,0.2309999999999999,26.79,12.43,15.15,27.58,22.74,18.97,49.0,0.341,8.0,16.33,8.0,16.33,1.229,0.439,25.88,10.73,18.05,28.78,24.14,11.94,101.0,0.245,28.0,27.72,6.0,5.94,0.702,0.1699999999999999,32.8,15.66,15.91,31.57,27.49,22.76
747112,2024-06-14,2024,594807,R,606965,R,strikeout,True,False,76.0,0.083,27.0,35.53,3.0,3.95,0.243,0.027999999999999997,27.34,13.19,19.44,32.64,33.33,29.35,260.0,0.248,76.0,29.23,18.0,6.92,0.863,0.303,29.41,13.69,18.97,32.66,32.68,27.44,49.0,0.341,8.0,16.33,8.0,16.33,1.229,0.439,25.88,10.73,18.05,28.78,24.14,11.94,101.0,0.245,28.0,27.72,6.0,5.94,0.702,0.1699999999999999,32.8,15.66,15.91,31.57,27.49,22.76
747112,2024-06-14,2024,672284,L,606965,R,single,False,False,146.0,0.259,44.0,30.14,10.0,6.85,0.73,0.16299999999999998,34.43,17.86,13.61,31.46,32.55,23.4,324.0,0.251,105.0,32.41,34.0,10.49,0.738,0.1569999999999999,35.42,16.4,14.8,31.2,29.2,26.99,49.0,0.17,11.0,22.45,2.0,4.08,0.502,0.12799999999999997,29.81,14.55,17.84,32.39,31.43,14.47,72.0,0.206,14.0,19.44,5.0,6.94,0.601,0.127,24.64,11.76,14.53,26.3,32.69,16.67
747112,2024-06-14,2024,606115,R,606965,R,strikeout,True,False,185.0,0.247,31.0,16.76,7.0,3.78,0.696,0.173,23.43,11.92,14.68,26.6,26.97,17.03,421.0,0.255,78.0,18.53,23.0,5.46,0.6739999999999999,0.12,23.54,11.23,17.09,28.32,27.84,15.98,49.0,0.341,8.0,16.33,8.0,16.33,1.229,0.439,25.88,10.73,18.05,28.78,24.14,11.94,101.0,0.245,28.0,27.72,6.0,5.94,0.702,0.1699999999999999,32.8,15.66,15.91,31.57,27.49,22.76
747112,2024-06-14,2024,650490,R,445926,R,strikeout,True,False,222.0,0.247,32.0,14.41,22.0,9.91,0.672,0.09600000000000003,12.0,5.23,16.99,22.22,22.8,11.68,462.0,0.322,72.0,15.58,49.0,10.61,0.881,0.1559999999999999,18.95,8.0,18.68,26.68,19.71,15.69,62.0,0.207,15.0,24.19,2.0,3.23,0.639,0.19000000000000003,26.32,11.81,18.5,30.31,26.56,20.27,78.0,0.243,24.0,30.77,7.0,8.97,0.7210000000000001,0.157,32.85,13.68,23.4,37.08,27.96,23.08
747112,2024-06-14,2024,668227,R,445926,R,single,False,False,199.0,0.171,57.0,28.64,18.0,9.05,0.5720000000000001,0.13799999999999998,35.93,15.05,19.6,34.66,24.43,20.36,517.0,0.254,119.0,23.02,62.0,11.99,0.7769999999999999,0.1589999999999999,29.93,12.82,18.77,31.59,26.93,19.44,62.0,0.207,15.0,24.19,2.0,3.23,0.639,0.19000000000000003,26.32,11.81,18.5,30.31,26.56,20.27,78.0,0.243,24.0,30.77,7.0,8.97,0.7210000000000001,0.157,32.85,13.68,23.4,37.08,27.96,23.08
747112,2024-06-14,2024,642708,R,445926,R,field_out,False,False,135.0,0.292,22.0,16.3,5.0,3.7,0.7190000000000001,0.10800000000000004,20.99,11.63,13.74,25.37,38.75,14.97,353.0,0.252,72.0,20.4,18.0,5.1,0.636,0.091,25.7,13.68,14.7,28.38,39.8,19.35,62.0,0.207,15.0,24.19,2.0,3.23,0.639,0.19000000000000003,26.32,11.81,18.5,30.31,26.56,20.27,78.0,0.243,24.0,30.77,7.0,8.97,0.7210000000000001,0.157,32.85,13.68,23.4,37.08,27.96,23.08
747112,2024-06-14,2024,670623,R,445926,R,field_out,False,False,203.0,0.295,31.0,15.27,19.0,9.36,0.876,0.20500000000000002,15.84,7.14,18.64,25.77,27.54,8.93,438.0,0.247,82.0,18.72,43.0,9.82,0.86,0.266,18.6,8.55,16.71,25.26,28.98,14.09,62.0,0.207,15.0,24.19,2.0,3.23,0.639,0.19000000000000003,26.32,11.81,18.5,30.31,26.56,20.27,78.0,0.243,24.0,30.77,7.0,8.97,0.7210000000000001,0.157,32.85,13.68,23.4,37.08,27.96,23.08
747112,2024-06-14,2024,679881,L,592094,R,field_error,False,False,5.0,0.2,2.0,40.0,0.0,0.0,0.6000000000000001,0.2,54.55,31.58,10.53,42.11,45.45,33.33,38.0,0.222,14.0,36.84,2.0,5.26,0.5960000000000001,0.111,38.03,18.24,18.92,37.16,26.47,35.9,48.0,0.186,12.0,25.0,4.0,8.33,0.627,0.186,37.21,18.6,14.53,33.14,33.33,24.49,110.0,0.167,39.0,35.45,11.0,10.0,0.627,0.1869999999999999,35.6,15.81,20.0,35.81,28.04,29.55
747112,2024-06-14,2024,645277,L,592094,R,field_out,False,False,184.0,0.245,31.0,16.85,16.0,8.7,0.688,0.11699999999999999,21.65,11.88,9.75,21.63,31.98,11.48,528.0,0.25,89.0,16.86,42.0,7.95,0.8029999999999999,0.235,20.84,11.11,9.82,20.92,33.45,13.94,48.0,0.186,12.0,25.0,4.0,8.33,0.627,0.186,37.21,18.6,14.53,33.14,33.33,24.49,110.0,0.167,39.0,35.45,11.0,10.0,0.627,0.1869999999999999,35.6,15.81,20.0,35.81,28.04,29.55
747112,2024-06-14,2024,542303,R,592094,R,strikeout,True,False,194.0,0.306,42.0,21.65,18.0,9.28,1.001,0.324,31.58,15.16,13.3,28.46,26.17,19.63,453.0,0.272,109.0,24.06,44.0,9.71,0.882,0.263,27.95,13.42,14.78,28.21,29.59,18.63,61.0,0.163,13.0,21.31,7.0,11.48,0.519,0.061,35.29,16.8,14.0,30.8,28.79,17.11,112.0,0.196,30.0,26.79,9.0,8.04,0.634,0.134,33.33,15.66,15.45,31.11,29.8,18.18
747112,2024-06-14,2024,621566,L,592094,R,field_out,False,False,186.0,0.23,50.0,26.88,22.0,11.83,0.7130000000000001,0.155,28.43,14.04,11.14,25.18,28.08,17.63,540.0,0.294,115.0,21.3,90.0,16.67,1.061,0.351,27.51,12.57,12.32,24.89,25.66,14.92,48.0,0.186,12.0,25.0,4.0,8.33,0.627,0.186,37.21,18.6,14.53,33.14,33.33,24.49,110.0,0.167,39.0,35.45,11.0,10.0,0.627,0.1869999999999999,35.6,15.81,20.0,35.81,28.04,29.55
747112,2024-06-14,2024,642350,R,669276,L,double,False,False,52.0,0.174,18.0,34.62,5.0,9.62,0.663,0.239,40.83,20.94,12.82,33.76,29.31,20.45,93.0,0.198,37.0,39.78,4.0,4.3,0.647,0.2209999999999999,43.46,22.99,15.24,38.23,37.84,32.17,76.0,0.231,13.0,17.11,9.0,11.84,0.6739999999999999,0.12299999999999997,33.09,17.36,10.57,27.92,32.56,19.7,61.0,0.315,11.0,18.03,6.0,9.84,0.8089999999999999,0.1109999999999999,24.26,13.36,13.77,27.13,40.44,11.34
747112,2024-06-14,2024,676356,R,669276,L,field_out,False,False,34.0,0.172,7.0,20.59,4.0,11.76,0.652,0.20700000000000002,24.32,12.77,13.48,26.24,34.33,14.29,35.0,0.281,8.0,22.86,3.0,8.57,0.7490000000000001,0.125,27.78,15.15,13.64,28.79,41.67,17.78,76.0,0.231,13.0,17.11,9.0,11.84,0.6739999999999999,0.12299999999999997,33.09,17.36,10.57,27.92,32.56,19.7,61.0,0.315,11.0,18.03,6.0,9.84,0.8089999999999999,0.1109999999999999,24.26,13.36,13.77,27.13,40.44,11.34
747112,2024-06-14,2024,670764,R,669276,L,strikeout,True,False,7.0,0.286,2.0,28.57,0.0,0.0,0.715,0.14300000000000002,22.22,7.69,26.92,34.62,9.09,25.0,92.0,0.262,23.0,25.0,11.0,11.96,0.7769999999999999,0.1629999999999999,29.38,13.09,17.27,30.36,20.23,24.21,76.0,0.231,13.0,17.11,9.0,11.84,0.6739999999999999,0.12299999999999997,33.09,17.36,10.57,27.92,32.56,19.7,61.0,0.315,11.0,18.03,6.0,9.84,0.8089999999999999,0.1109999999999999,24.26,13.36,13.77,27.13,40.44,11.34
747112,2024-06-14,2024,680700,L,669276,L,single,False,False,16.0,0.312,6.0,37.5,0.0,0.0,0.624,0.0,20.0,9.09,18.18,27.27,23.53,40.0,20.0,0.421,1.0,5.0,0.0,0.0,1.158,0.316,13.33,7.32,14.63,21.95,33.33,3.33,41.0,0.244,14.0,34.15,0.0,0.0,0.659,0.17099999999999999,33.33,20.83,15.97,36.81,47.37,29.79,40.0,0.189,13.0,32.5,2.0,5.0,0.663,0.243,40.54,20.69,20.69,41.38,31.03,32.5
747112,2024-06-14,2024,656577,R,669276,L,walk,False,True,19.0,0.118,9.0,47.37,1.0,5.26,0.276,0.0,33.96,21.18,8.24,29.41,50.0,23.68,,,,,,,,,,,,,,,76.0,0.231,13.0,17.11,9.0,11.84,0.6739999999999999,0.12299999999999997,33.09,17.36,10.57,27.92,32.56,19.7,61.0,0.315,11.0,18.03,6.0,9.84,0.8089999999999999,0.1109999999999999,24.26,13.36,13.77,27.13,40.44,11.34
747112,2024-06-14,2024,650490,R,628452,R,field_out,False,False,222.0,0.247,32.0,14.41,22.0,9.91,0.672,0.09600000000000003,12.0,5.23,16.99,22.22,22.8,11.68,462.0,0.322,72.0,15.58,49.0,10.61,0.881,0.1559999999999999,18.95,8.0,18.68,26.68,19.71,15.69,47.0,0.209,6.0,12.77,2.0,4.26,0.579,0.093,22.5,10.34,13.79,24.14,25.56,15.79,108.0,0.221,37.0,34.26,4.0,3.7,0.587,0.116,33.75,18.93,13.79,32.71,38.6,26.62
745810,2024-06-14,2024,650333,L,640455,L,single,False,False,126.0,0.282,13.0,10.32,5.0,3.97,0.641,0.026000000000000023,12.98,6.04,19.69,25.73,33.48,11.93,138.0,0.326,17.0,12.32,4.0,2.9,0.76,0.0909999999999999,12.5,6.61,16.32,22.93,33.48,12.88,44.0,0.3,12.0,27.27,4.0,9.09,0.864,0.2,24.72,10.68,17.48,28.16,21.74,17.91,172.0,0.2,49.0,28.49,14.0,8.14,0.5700000000000001,0.0969999999999999,22.78,10.21,19.15,29.36,25.81,20.08
745810,2024-06-14,2024,665487,R,640455,L,field_out,False,False,97.0,0.218,26.0,26.8,17.0,17.53,0.6659999999999999,0.07699999999999999,27.54,11.53,15.29,26.82,20.66,20.0,146.0,0.305,27.0,18.49,16.0,10.96,0.915,0.226,26.9,13.07,10.55,23.62,26.91,14.44,217.0,0.234,48.0,22.12,21.0,9.68,0.667,0.11999999999999997,25.55,12.9,12.79,25.7,27.46,17.71,328.0,0.253,79.0,24.09,28.0,8.54,0.773,0.193,24.72,12.91,14.09,27.0,27.61,17.17
745810,2024-06-14,2024,595777,R,640455,L,grounded_into_double_play,False,False,85.0,0.347,7.0,8.24,12.0,14.12,1.009,0.22199999999999998,16.43,6.99,16.41,23.4,22.56,6.45,147.0,0.275,22.0,14.97,13.0,8.84,0.774,0.1519999999999999,15.44,6.84,17.44,24.27,22.81,13.33,217.0,0.234,48.0,22.12,21.0,9.68,0.667,0.11999999999999997,25.55,12.9,12.79,25.7,27.46,17.71,328.0,0.253,79.0,24.09,28.0,8.54,0.773,0.193,24.72,12.91,14.09,27.0,27.61,17.17
745810,2024-06-14,2024,596019,L,663362,R,strikeout,True,False,226.0,0.217,43.0,19.03,16.0,7.08,0.663,0.162,23.57,11.54,15.38,26.92,26.0,17.55,483.0,0.242,102.0,21.12,51.0,10.56,0.757,0.182,23.68,11.49,14.35,25.84,28.12,17.29,146.0,0.282,33.0,22.6,12.0,8.22,0.813,0.18400000000000005,18.82,8.18,19.59,27.77,24.14,20.12,85.0,0.267,12.0,14.12,9.0,10.59,0.794,0.186,18.24,7.96,19.47,27.43,22.36,12.63
745810,2024-06-14,2024,607043,L,663362,R,field_out,False,False,201.0,0.21,53.0,26.37,33.0,16.42,0.715,0.148,24.4,10.0,17.03,27.03,19.83,17.85,448.0,0.266,98.0,21.88,60.0,13.39,0.874,0.235,20.87,8.67,19.47,28.14,19.23,16.42,146.0,0.282,33.0,22.6,12.0,8.22,0.813,0.18400000000000005,18.82,8.18,19.59,27.77,24.14,20.12,85.0,0.267,12.0,14.12,9.0,10.59,0.794,0.186,18.24,7.96,19.47,27.43,22.36,12.63
745810,2024-06-14,2024,502110,R,663362,R,field_out,False,False,114.0,0.241,37.0,32.46,5.0,4.39,0.681,0.16599999999999998,30.52,16.38,14.01,30.39,34.78,22.02,343.0,0.27,106.0,30.9,21.0,6.12,0.8799999999999999,0.2979999999999999,35.71,19.2,12.73,31.93,33.23,24.42,147.0,0.197,35.0,23.81,9.0,6.12,0.53,0.08799999999999997,23.08,10.96,17.04,28.0,22.46,18.92,88.0,0.224,19.0,21.59,3.0,3.41,0.756,0.282,19.54,10.18,14.07,24.25,29.3,18.45
745810,2024-06-14,2024,592518,R,640455,L,strikeout,True,False,76.0,0.221,17.0,22.37,8.0,10.53,0.7,0.17600000000000002,28.46,13.21,14.64,27.86,24.82,20.25,150.0,0.308,26.0,17.33,14.0,9.33,0.887,0.203,21.32,9.67,16.52,26.19,28.38,16.56,217.0,0.234,48.0,22.12,21.0,9.68,0.667,0.11999999999999997,25.55,12.9,12.79,25.7,27.46,17.71,328.0,0.253,79.0,24.09,28.0,8.54,0.773,0.193,24.72,12.91,14.09,27.0,27.61,17.17
745810,2024-06-14,2024,456781,R,640455,L,strikeout,True,False,49.0,0.326,6.0,12.24,6.0,12.24,0.9199999999999999,0.186,20.43,8.56,19.82,28.38,23.68,8.57,153.0,0.286,32.0,20.92,11.0,7.19,0.746,0.114,24.12,11.77,18.21,29.98,32.04,14.35,217.0,0.234,48.0,22.12,21.0,9.68,0.667,0.11999999999999997,25.55,12.9,12.79,25.7,27.46,17.71,328.0,0.253,79.0,24.09,28.0,8.54,0.773,0.193,24.72,12.91,14.09,27.0,27.61,17.17
745810,2024-06-14,2024,630105,L,640455,L,walk,False,True,89.0,0.212,16.0,17.98,7.0,7.87,0.581,0.088,16.67,7.59,15.72,23.31,18.6,14.16,156.0,0.229,38.0,24.36,10.0,6.41,0.665,0.1349999999999999,18.48,9.0,20.1,29.1,30.82,17.84,44.0,0.3,12.0,27.27,4.0,9.09,0.864,0.2,24.72,10.68,17.48,28.16,21.74,17.91,172.0,0.2,49.0,28.49,14.0,8.14,0.5700000000000001,0.0969999999999999,22.78,10.21,19.15,29.36,25.81,20.08
745810,2024-06-14,2024,673490,R,640455,L,strikeout,True,False,82.0,0.197,11.0,13.41,10.0,12.2,0.6619999999999999,0.16899999999999998,14.29,5.88,21.47,27.35,17.81,10.78,191.0,0.302,30.0,15.71,20.0,10.47,0.897,0.219,15.84,6.63,22.21,28.83,23.47,11.49,217.0,0.234,48.0,22.12,21.0,9.68,0.667,0.11999999999999997,25.55,12.9,12.79,25.7,27.46,17.71,328.0,0.253,79.0,24.09,28.0,8.54,0.773,0.193,24.72,12.91,14.09,27.0,27.61,17.17
745810,2024-06-14,2024,624413,R,663362,R,field_out,False,False,212.0,0.243,42.0,19.81,19.0,8.96,0.773,0.21200000000000002,22.93,10.38,18.88,29.25,29.67,18.72,475.0,0.214,109.0,22.95,44.0,9.26,0.8069999999999999,0.281,26.53,11.43,18.24,29.67,27.59,22.11,147.0,0.197,35.0,23.81,9.0,6.12,0.53,0.08799999999999997,23.08,10.96,17.04,28.0,22.46,18.92,88.0,0.224,19.0,21.59,3.0,3.41,0.756,0.282,19.54,10.18,14.07,24.25,29.3,18.45
745810,2024-06-14,2024,516782,R,663362,R,single,False,False,174.0,0.267,38.0,21.84,10.0,5.75,0.71,0.131,27.62,13.64,17.87,31.5,30.62,20.77,245.0,0.238,51.0,20.82,11.0,4.49,0.611,0.079,28.63,15.5,14.75,30.25,37.87,18.35,147.0,0.197,35.0,23.81,9.0,6.12,0.53,0.08799999999999997,23.08,10.96,17.04,28.0,22.46,18.92,88.0,0.224,19.0,21.59,3.0,3.41,0.756,0.282,19.54,10.18,14.07,24.25,29.3,18.45
745810,2024-06-14,2024,621438,R,663362,R,field_out,False,False,85.0,0.266,17.0,20.0,4.0,4.71,0.716,0.15199999999999997,19.62,9.51,19.63,29.14,28.67,17.35,162.0,0.23,37.0,22.84,6.0,3.7,0.706,0.204,25.24,12.91,16.56,29.47,36.98,19.47,147.0,0.197,35.0,23.81,9.0,6.12,0.53,0.08799999999999997,23.08,10.96,17.04,28.0,22.46,18.92,88.0,0.224,19.0,21.59,3.0,3.41,0.756,0.282,19.54,10.18,14.07,24.25,29.3,18.45
745810,2024-06-14,2024,668901,R,663362,R,field_out,False,False,45.0,0.25,10.0,22.22,4.0,8.89,0.7110000000000001,0.15000000000000002,36.59,18.18,15.15,33.33,30.12,22.22,145.0,0.209,41.0,28.28,8.0,5.52,0.643,0.172,34.08,18.24,17.03,35.27,36.73,29.93,147.0,0.197,35.0,23.81,9.0,6.12,0.53,0.08799999999999997,23.08,10.96,17.04,28.0,22.46,18.92,88.0,0.224,19.0,21.59,3.0,3.41,0.756,0.282,19.54,10.18,14.07,24.25,29.3,18.45
745810,2024-06-14,2024,701538,L,640455,L,field_out,False,False,70.0,0.197,7.0,10.0,3.0,4.29,0.487,0.061,16.92,8.66,14.17,22.83,28.46,10.14,,,,,,,,,,,,,,,44.0,0.3,12.0,27.27,4.0,9.09,0.864,0.2,24.72,10.68,17.48,28.16,21.74,17.91,172.0,0.2,49.0,28.49,14.0,8.14,0.5700000000000001,0.0969999999999999,22.78,10.21,19.15,29.36,25.81,20.08
745810,2024-06-14,2024,543309,R,640455,L,strikeout,True,False,31.0,0.172,11.0,35.48,2.0,6.45,0.605,0.20700000000000002,32.26,15.87,18.25,34.13,29.51,25.0,69.0,0.242,21.0,30.43,2.0,2.9,0.776,0.273,28.06,14.13,16.67,30.8,33.33,22.83,217.0,0.234,48.0,22.12,21.0,9.68,0.667,0.11999999999999997,25.55,12.9,12.79,25.7,27.46,17.71,328.0,0.253,79.0,24.09,28.0,8.54,0.773,0.193,24.72,12.91,14.09,27.0,27.61,17.17
745810,2024-06-14,2024,650333,L,640455,L,field_out,False,False,126.0,0.282,13.0,10.32,5.0,3.97,0.641,0.026000000000000023,12.98,6.04,19.69,25.73,33.48,11.93,138.0,0.326,17.0,12.32,4.0,2.9,0.76,0.0909999999999999,12.5,6.61,16.32,22.93,33.48,12.88,44.0,0.3,12.0,27.27,4.0,9.09,0.864,0.2,24.72,10.68,17.48,28.16,21.74,17.91,172.0,0.2,49.0,28.49,14.0,8.14,0.5700000000000001,0.0969999999999999,22.78,10.21,19.15,29.36,25.81,20.08
745810,2024-06-14,2024,682626,R,663362,R,strikeout,True,False,41.0,0.2,11.0,26.83,1.0,2.44,0.52,0.09999999999999998,40.7,23.97,13.7,37.67,41.54,21.15,275.0,0.229,73.0,26.55,17.0,6.18,0.7769999999999999,0.257,32.18,14.61,18.33,32.94,27.78,26.07,147.0,0.197,35.0,23.81,9.0,6.12,0.53,0.08799999999999997,23.08,10.96,17.04,28.0,22.46,18.92,88.0,0.224,19.0,21.59,3.0,3.41,0.756,0.282,19.54,10.18,14.07,24.25,29.3,18.45
745810,2024-06-14,2024,643446,L,663362,R,walk,False,True,162.0,0.207,18.0,11.11,14.0,8.64,0.589,0.096,12.97,6.74,13.83,20.57,28.2,11.92,447.0,0.26,48.0,10.74,25.0,5.59,0.6930000000000001,0.1149999999999999,14.08,7.59,11.21,18.8,32.05,12.57,146.0,0.282,33.0,22.6,12.0,8.22,0.813,0.18400000000000005,18.82,8.18,19.59,27.77,24.14,20.12,85.0,0.267,12.0,14.12,9.0,10.59,0.794,0.186,18.24,7.96,19.47,27.43,22.36,12.63
745810,2024-06-14,2024,596019,L,663362,R,field_out,False,False,226.0,0.217,43.0,19.03,16.0,7.08,0.663,0.162,23.57,11.54,15.38,26.92,26.0,17.55,483.0,0.242,102.0,21.12,51.0,10.56,0.757,0.182,23.68,11.49,14.35,25.84,28.12,17.29,146.0,0.282,33.0,22.6,12.0,8.22,0.813,0.18400000000000005,18.82,8.18,19.59,27.77,24.14,20.12,85.0,0.267,12.0,14.12,9.0,10.59,0.794,0.186,18.24,7.96,19.47,27.43,22.36,12.63
745810,2024-06-14,2024,607043,L,663362,R,single,False,False,201.0,0.21,53.0,26.37,33.0,16.42,0.715,0.148,24.4,10.0,17.03,27.03,19.83,17.85,448.0,0.266,98.0,21.88,60.0,13.39,0.874,0.235,20.87,8.67,19.47,28.14,19.23,16.42,146.0,0.282,33.0,22.6,12.0,8.22,0.813,0.18400000000000005,18.82,8.18,19.59,27.77,24.14,20.12,85.0,0.267,12.0,14.12,9.0,10.59,0.794,0.186,18.24,7.96,19.47,27.43,22.36,12.63
745810,2024-06-14,2024,502110,R,663362,R,double,False,False,114.0,0.241,37.0,32.46,5.0,4.39,0.681,0.16599999999999998,30.52,16.38,14.01,30.39,34.78,22.02,343.0,0.27,106.0,30.9,21.0,6.12,0.8799999999999999,0.2979999999999999,35.71,19.2,12.73,31.93,33.23,24.42,147.0,0.197,35.0,23.81,9.0,6.12,0.53,0.08799999999999997,23.08,10.96,17.04,28.0,22.46,18.92,88.0,0.224,19.0,21.59,3.0,3.41,0.756,0.282,19.54,10.18,14.07,24.25,29.3,18.45
745810,2024-06-14,2024,624413,R,663362,R,field_out,False,False,212.0,0.243,42.0,19.81,19.0,8.96,0.773,0.21200000000000002,22.93,10.38,18.88,29.25,29.67,18.72,475.0,0.214,109.0,22.95,44.0,9.26,0.8069999999999999,0.281,26.53,11.43,18.24,29.67,27.59,22.11,147.0,0.197,35.0,23.81,9.0,6.12,0.53,0.08799999999999997,23.08,10.96,17.04,28.0,22.46,18.92,88.0,0.224,19.0,21.59,3.0,3.41,0.756,0.282,19.54,10.18,14.07,24.25,29.3,18.45
745810,2024-06-14,2024,665487,R,640455,L,field_out,False,False,97.0,0.218,26.0,26.8,17.0,17.53,0.6659999999999999,0.07699999999999999,27.54,11.53,15.29,26.82,20.66,20.0,146.0,0.305,27.0,18.49,16.0,10.96,0.915,0.226,26.9,13.07,10.55,23.62,26.91,14.44,217.0,0.234,48.0,22.12,21.0,9.68,0.667,0.11999999999999997,25.55,12.9,12.79,25.7,27.46,17.71,328.0,0.253,79.0,24.09,28.0,8.54,0.773,0.193,24.72,12.91,14.09,27.0,27.61,17.17
745810,2024-06-14,2024,595777,R,640455,L,single,False,False,85.0,0.347,7.0,8.24,12.0,14.12,1.009,0.22199999999999998,16.43,6.99,16.41,23.4,22.56,6.45,147.0,0.275,22.0,14.97,13.0,8.84,0.774,0.1519999999999999,15.44,6.84,17.44,24.27,22.81,13.33,217.0,0.234,48.0,22.12,21.0,9.68,0.667,0.11999999999999997,25.55,12.9,12.79,25.7,27.46,17.71,328.0,0.253,79.0,24.09,28.0,8.54,0.773,0.193,24.72,12.91,14.09,27.0,27.61,17.17
745810,2024-06-14,2024,592518,R,640455,L,strikeout,True,False,76.0,0.221,17.0,22.37,8.0,10.53,0.7,0.17600000000000002,28.46,13.21,14.64,27.86,24.82,20.25,150.0,0.308,26.0,17.33,14.0,9.33,0.887,0.203,21.32,9.67,16.52,26.19,28.38,16.56,217.0,0.234,48.0,22.12,21.0,9.68,0.667,0.11999999999999997,25.55,12.9,12.79,25.7,27.46,17.71,328.0,0.253,79.0,24.09,28.0,8.54,0.773,0.193,24.72,12.91,14.09,27.0,27.61,17.17
745810,2024-06-14,2024,456781,R,640455,L,strikeout,True,False,49.0,0.326,6.0,12.24,6.0,12.24,0.9199999999999999,0.186,20.43,8.56,19.82,28.38,23.68,8.57,153.0,0.286,32.0,20.92,11.0,7.19,0.746,0.114,24.12,11.77,18.21,29.98,32.04,14.35,217.0,0.234,48.0,22.12,21.0,9.68,0.667,0.11999999999999997,25.55,12.9,12.79,25.7,27.46,17.71,328.0,0.253,79.0,24.09,28.0,8.54,0.773,0.193,24.72,12.91,14.09,27.0,27.61,17.17
745810,2024-06-14,2024,516782,R,663362,R,field_out,False,False,174.0,0.267,38.0,21.84,10.0,5.75,0.71,0.131,27.62,13.64,17.87,31.5,30.62,20.77,245.0,0.238,51.0,20.82,11.0,4.49,0.611,0.079,28.63,15.5,14.75,30.25,37.87,18.35,147.0,0.197,35.0,23.81,9.0,6.12,0.53,0.08799999999999997,23.08,10.96,17.04,28.0,22.46,18.92,88.0,0.224,19.0,21.59,3.0,3.41,0.756,0.282,19.54,10.18,14.07,24.25,29.3,18.45
745810,2024-06-14,2024,621438,R,663362,R,walk,False,True,85.0,0.266,17.0,20.0,4.0,4.71,0.716,0.15199999999999997,19.62,9.51,19.63,29.14,28.67,17.35,162.0,0.23,37.0,22.84,6.0,3.7,0.706,0.204,25.24,12.91,16.56,29.47,36.98,19.47,147.0,0.197,35.0,23.81,9.0,6.12,0.53,0.08799999999999997,23.08,10.96,17.04,28.0,22.46,18.92,88.0,0.224,19.0,21.59,3.0,3.41,0.756,0.282,19.54,10.18,14.07,24.25,29.3,18.45
745810,2024-06-14,2024,668901,R,663362,R,field_out,False,False,45.0,0.25,10.0,22.22,4.0,8.89,0.7110000000000001,0.15000000000000002,36.59,18.18,15.15,33.33,30.12,22.22,145.0,0.209,41.0,28.28,8.0,5.52,0.643,0.172,34.08,18.24,17.03,35.27,36.73,29.93,147.0,0.197,35.0,23.81,9.0,6.12,0.53,0.08799999999999997,23.08,10.96,17.04,28.0,22.46,18.92,88.0,0.224,19.0,21.59,3.0,3.41,0.756,0.282,19.54,10.18,14.07,24.25,29.3,18.45
745810,2024-06-14,2024,630105,L,640455,L,field_out,False,False,89.0,0.212,16.0,17.98,7.0,7.87,0.581,0.088,16.67,7.59,15.72,23.31,18.6,14.16,156.0,0.229,38.0,24.36,10.0,6.41,0.665,0.1349999999999999,18.48,9.0,20.1,29.1,30.82,17.84,44.0,0.3,12.0,27.27,4.0,9.09,0.864,0.2,24.72,10.68,17.48,28.16,21.74,17.91,172.0,0.2,49.0,28.49,14.0,8.14,0.5700000000000001,0.0969999999999999,22.78,10.21,19.15,29.36,25.81,20.08
745810,2024-06-14,2024,673490,R,640455,L,field_out,False,False,82.0,0.197,11.0,13.41,10.0,12.2,0.6619999999999999,0.16899999999999998,14.29,5.88,21.47,27.35,17.81,10.78,191.0,0.302,30.0,15.71,20.0,10.47,0.897,0.219,15.84,6.63,22.21,28.83,23.47,11.49,217.0,0.234,48.0,22.12,21.0,9.68,0.667,0.11999999999999997,25.55,12.9,12.79,25.7,27.46,17.71,328.0,0.253,79.0,24.09,28.0,8.54,0.773,0.193,24.72,12.91,14.09,27.0,27.61,17.17
745810,2024-06-14,2024,701538,L,640455,L,home_run,False,False,70.0,0.197,7.0,10.0,3.0,4.29,0.487,0.061,16.92,8.66,14.17,22.83,28.46,10.14,,,,,,,,,,,,,,,44.0,0.3,12.0,27.27,4.0,9.09,0.864,0.2,24.72,10.68,17.48,28.16,21.74,17.91,172.0,0.2,49.0,28.49,14.0,8.14,0.5700000000000001,0.0969999999999999,22.78,10.21,19.15,29.36,25.81,20.08
745810,2024-06-14,2024,543309,R,640455,L,strikeout,True,False,31.0,0.172,11.0,35.48,2.0,6.45,0.605,0.20700000000000002,32.26,15.87,18.25,34.13,29.51,25.0,69.0,0.242,21.0,30.43,2.0,2.9,0.776,0.273,28.06,14.13,16.67,30.8,33.33,22.83,217.0,0.234,48.0,22.12,21.0,9.68,0.667,0.11999999999999997,25.55,12.9,12.79,25.7,27.46,17.71,328.0,0.253,79.0,24.09,28.0,8.54,0.773,0.193,24.72,12.91,14.09,27.0,27.61,17.17
745810,2024-06-14,2024,682626,R,663362,R,field_out,False,False,41.0,0.2,11.0,26.83,1.0,2.44,0.52,0.09999999999999998,40.7,23.97,13.7,37.67,41.54,21.15,275.0,0.229,73.0,26.55,17.0,6.18,0.7769999999999999,0.257,32.18,14.61,18.33,32.94,27.78,26.07,147.0,0.197,35.0,23.81,9.0,6.12,0.53,0.08799999999999997,23.08,10.96,17.04,28.0,22.46,18.92,88.0,0.224,19.0,21.59,3.0,3.41,0.756,0.282,19.54,10.18,14.07,24.25,29.3,18.45
745810,2024-06-14,2024,643446,L,663362,R,field_out,False,False,162.0,0.207,18.0,11.11,14.0,8.64,0.589,0.096,12.97,6.74,13.83,20.57,28.2,11.92,447.0,0.26,48.0,10.74,25.0,5.59,0.6930000000000001,0.1149999999999999,14.08,7.59,11.21,18.8,32.05,12.57,146.0,0.282,33.0,22.6,12.0,8.22,0.813,0.18400000000000005,18.82,8.18,19.59,27.77,24.14,20.12,85.0,0.267,12.0,14.12,9.0,10.59,0.794,0.186,18.24,7.96,19.47,27.43,22.36,12.63
745810,2024-06-14,2024,596019,L,663362,R,field_out,False,False,226.0,0.217,43.0,19.03,16.0,7.08,0.663,0.162,23.57,11.54,15.38,26.92,26.0,17.55,483.0,0.242,102.0,21.12,51.0,10.56,0.757,0.182,23.68,11.49,14.35,25.84,28.12,17.29,146.0,0.282,33.0,22.6,12.0,8.22,0.813,0.18400000000000005,18.82,8.18,19.59,27.77,24.14,20.12,85.0,0.267,12.0,14.12,9.0,10.59,0.794,0.186,18.24,7.96,19.47,27.43,22.36,12.63
745810,2024-06-14,2024,650333,L,640455,L,single,False,False,126.0,0.282,13.0,10.32,5.0,3.97,0.641,0.026000000000000023,12.98,6.04,19.69,25.73,33.48,11.93,138.0,0.326,17.0,12.32,4.0,2.9,0.76,0.0909999999999999,12.5,6.61,16.32,22.93,33.48,12.88,44.0,0.3,12.0,27.27,4.0,9.09,0.864,0.2,24.72,10.68,17.48,28.16,21.74,17.91,172.0,0.2,49.0,28.49,14.0,8.14,0.5700000000000001,0.0969999999999999,22.78,10.21,19.15,29.36,25.81,20.08
745810,2024-06-14,2024,665487,R,493603,R,field_out,False,False,210.0,0.301,37.0,17.62,11.0,5.24,0.889,0.24500000000000005,25.72,13.94,11.24,25.18,30.75,21.76,489.0,0.244,114.0,23.31,37.0,7.57,0.728,0.181,31.62,17.66,8.94,26.61,34.25,23.98,62.0,0.232,21.0,33.87,4.0,6.45,0.599,0.07199999999999998,24.74,10.04,23.43,33.47,26.27,28.77,161.0,0.203,37.0,22.98,14.0,8.7,0.581,0.072,23.79,9.42,23.0,32.43,25.31,19.89
745810,2024-06-14,2024,595777,L,493603,R,strikeout,True,False,193.0,0.317,33.0,17.1,25.0,12.95,0.895,0.16099999999999998,17.78,8.08,14.9,22.98,22.75,13.56,375.0,0.229,68.0,18.13,37.0,9.87,0.6559999999999999,0.1159999999999999,21.66,10.43,14.17,24.61,26.12,14.59,46.0,0.263,12.0,26.09,5.0,10.87,0.896,0.263,31.76,15.17,19.66,34.83,36.84,21.82,100.0,0.217,25.0,25.0,15.0,15.0,0.789,0.229,29.28,12.96,16.63,29.58,29.03,21.74
745810,2024-06-14,2024,607043,L,663362,R,hit_by_pitch,False,False,201.0,0.21,53.0,26.37,33.0,16.42,0.715,0.148,24.4,10.0,17.03,27.03,19.83,17.85,448.0,0.266,98.0,21.88,60.0,13.39,0.874,0.235,20.87,8.67,19.47,28.14,19.23,16.42,146.0,0.282,33.0,22.6,12.0,8.22,0.813,0.18400000000000005,18.82,8.18,19.59,27.77,24.14,20.12,85.0,0.267,12.0,14.12,9.0,10.59,0.794,0.186,18.24,7.96,19.47,27.43,22.36,12.63
745810,2024-06-14,2024,502110,R,663362,R,grounded_into_double_play,False,False,114.0,0.241,37.0,32.46,5.0,4.39,0.681,0.16599999999999998,30.52,16.38,14.01,30.39,34.78,22.02,343.0,0.27,106.0,30.9,21.0,6.12,0.8799999999999999,0.2979999999999999,35.71,19.2,12.73,31.93,33.23,24.42,147.0,0.197,35.0,23.81,9.0,6.12,0.53,0.08799999999999997,23.08,10.96,17.04,28.0,22.46,18.92,88.0,0.224,19.0,21.59,3.0,3.41,0.756,0.282,19.54,10.18,14.07,24.25,29.3,18.45
745810,2024-06-14,2024,624413,R,663362,R,field_out,False,False,212.0,0.243,42.0,19.81,19.0,8.96,0.773,0.21200000000000002,22.93,10.38,18.88,29.25,29.67,18.72,475.0,0.214,109.0,22.95,44.0,9.26,0.8069999999999999,0.281,26.53,11.43,18.24,29.67,27.59,22.11,147.0,0.197,35.0,23.81,9.0,6.12,0.53,0.08799999999999997,23.08,10.96,17.04,28.0,22.46,18.92,88.0,0.224,19.0,21.59,3.0,3.41,0.756,0.282,19.54,10.18,14.07,24.25,29.3,18.45
745810,2024-06-14,2024,592518,R,493603,R,field_out,False,False,178.0,0.269,39.0,21.91,10.0,5.62,0.6699999999999999,0.08999999999999997,25.66,12.78,14.68,27.46,27.86,20.1,452.0,0.241,83.0,18.36,36.0,7.96,0.747,0.205,24.68,12.42,14.05,26.47,29.58,16.9,62.0,0.232,21.0,33.87,4.0,6.45,0.599,0.07199999999999998,24.74,10.04,23.43,33.47,26.27,28.77,161.0,0.203,37.0,22.98,14.0,8.7,0.581,0.072,23.79,9.42,23.0,32.43,25.31,19.89
745810,2024-06-14,2024,456781,R,493603,R,strikeout,True,False,42.0,0.297,10.0,23.81,2.0,4.76,0.762,0.10800000000000004,17.72,8.38,22.75,31.14,24.62,16.39,297.0,0.28,68.0,22.9,29.0,9.76,0.766,0.1059999999999999,26.06,12.14,17.61,29.74,28.81,17.48,62.0,0.232,21.0,33.87,4.0,6.45,0.599,0.07199999999999998,24.74,10.04,23.43,33.47,26.27,28.77,161.0,0.203,37.0,22.98,14.0,8.7,0.581,0.072,23.79,9.42,23.0,32.43,25.31,19.89
745810,2024-06-14,2024,630105,L,518617,L,hit_by_pitch,False,False,89.0,0.212,16.0,17.98,7.0,7.87,0.581,0.088,16.67,7.59,15.72,23.31,18.6,14.16,156.0,0.229,38.0,24.36,10.0,6.41,0.665,0.1349999999999999,18.48,9.0,20.1,29.1,30.82,17.84,43.0,0.152,11.0,25.58,7.0,16.28,0.492,0.03,26.76,10.61,19.55,30.17,24.74,22.45,102.0,0.229,25.0,24.51,16.0,15.69,0.663,0.0839999999999999,17.02,5.96,24.07,30.02,20.5,23.81
745810,2024-06-14,2024,673490,R,518617,L,walk,False,True,82.0,0.197,11.0,13.41,10.0,12.2,0.6619999999999999,0.16899999999999998,14.29,5.88,21.47,27.35,17.81,10.78,191.0,0.302,30.0,15.71,20.0,10.47,0.897,0.219,15.84,6.63,22.21,28.83,23.47,11.49,49.0,0.179,17.0,34.69,8.0,16.33,0.8140000000000001,0.308,34.0,15.32,17.12,32.43,24.07,20.24,142.0,0.151,39.0,27.46,22.0,15.49,0.524,0.0839999999999999,31.09,13.93,16.61,30.54,24.91,20.31
745810,2024-06-14,2024,701538,L,518617,L,field_out,False,False,70.0,0.197,7.0,10.0,3.0,4.29,0.487,0.061,16.92,8.66,14.17,22.83,28.46,10.14,,,,,,,,,,,,,,,43.0,0.152,11.0,25.58,7.0,16.28,0.492,0.03,26.76,10.61,19.55,30.17,24.74,22.45,102.0,0.229,25.0,24.51,16.0,15.69,0.663,0.0839999999999999,17.02,5.96,24.07,30.02,20.5,23.81
745810,2024-06-14,2024,516782,R,663362,R,field_out,False,False,174.0,0.267,38.0,21.84,10.0,5.75,0.71,0.131,27.62,13.64,17.87,31.5,30.62,20.77,245.0,0.238,51.0,20.82,11.0,4.49,0.611,0.079,28.63,15.5,14.75,30.25,37.87,18.35,147.0,0.197,35.0,23.81,9.0,6.12,0.53,0.08799999999999997,23.08,10.96,17.04,28.0,22.46,18.92,88.0,0.224,19.0,21.59,3.0,3.41,0.756,0.282,19.54,10.18,14.07,24.25,29.3,18.45
745810,2024-06-14,2024,621438,R,663362,R,hit_by_pitch,False,False,85.0,0.266,17.0,20.0,4.0,4.71,0.716,0.15199999999999997,19.62,9.51,19.63,29.14,28.67,17.35,162.0,0.23,37.0,22.84,6.0,3.7,0.706,0.204,25.24,12.91,16.56,29.47,36.98,19.47,147.0,0.197,35.0,23.81,9.0,6.12,0.53,0.08799999999999997,23.08,10.96,17.04,28.0,22.46,18.92,88.0,0.224,19.0,21.59,3.0,3.41,0.756,0.282,19.54,10.18,14.07,24.25,29.3,18.45
745810,2024-06-14,2024,668901,R,663362,R,field_out,False,False,45.0,0.25,10.0,22.22,4.0,8.89,0.7110000000000001,0.15000000000000002,36.59,18.18,15.15,33.33,30.12,22.22,145.0,0.209,41.0,28.28,8.0,5.52,0.643,0.172,34.08,18.24,17.03,35.27,36.73,29.93,147.0,0.197,35.0,23.81,9.0,6.12,0.53,0.08799999999999997,23.08,10.96,17.04,28.0,22.46,18.92,88.0,0.224,19.0,21.59,3.0,3.41,0.756,0.282,19.54,10.18,14.07,24.25,29.3,18.45
745810,2024-06-14,2024,682626,R,663362,R,force_out,False,False,41.0,0.2,11.0,26.83,1.0,2.44,0.52,0.09999999999999998,40.7,23.97,13.7,37.67,41.54,21.15,275.0,0.229,73.0,26.55,17.0,6.18,0.7769999999999999,0.257,32.18,14.61,18.33,32.94,27.78,26.07,147.0,0.197,35.0,23.81,9.0,6.12,0.53,0.08799999999999997,23.08,10.96,17.04,28.0,22.46,18.92,88.0,0.224,19.0,21.59,3.0,3.41,0.756,0.282,19.54,10.18,14.07,24.25,29.3,18.45
745810,2024-06-14,2024,444482,L,656887,R,field_out,False,False,34.0,0.2,7.0,20.59,3.0,8.82,0.506,0.033,27.38,16.08,9.09,25.17,40.54,10.71,387.0,0.253,63.0,16.28,19.0,4.91,0.6739999999999999,0.131,22.16,12.01,13.06,25.07,33.57,15.04,32.0,0.16,10.0,31.25,5.0,15.62,0.49,0.04000000000000001,36.67,16.3,15.56,31.85,25.35,25.64,18.0,0.2,10.0,55.56,3.0,16.67,0.533,0.0,46.67,22.83,15.22,38.04,33.96,25.0
745810,2024-06-14,2024,650333,L,656887,R,field_out,False,False,181.0,0.357,5.0,2.76,7.0,3.87,0.827,0.08700000000000002,6.29,3.02,19.49,22.51,34.5,3.14,479.0,0.362,17.0,3.55,31.0,6.47,0.891,0.122,6.51,3.2,16.58,19.78,31.29,4.11,32.0,0.16,10.0,31.25,5.0,15.62,0.49,0.04000000000000001,36.67,16.3,15.56,31.85,25.35,25.64,18.0,0.2,10.0,55.56,3.0,16.67,0.533,0.0,46.67,22.83,15.22,38.04,33.96,25.0
745810,2024-06-14,2024,665487,R,656887,R,strikeout,True,False,210.0,0.301,37.0,17.62,11.0,5.24,0.889,0.24500000000000005,25.72,13.94,11.24,25.18,30.75,21.76,489.0,0.244,114.0,23.31,37.0,7.57,0.728,0.181,31.62,17.66,8.94,26.61,34.25,23.98,50.0,0.19,13.0,26.0,8.0,16.0,0.534,0.023999999999999994,27.27,11.65,21.36,33.01,19.27,21.67,16.0,0.083,6.0,37.5,3.0,18.75,0.417,0.084,31.03,12.33,24.66,36.99,20.0,25.0
745810,2024-06-14,2024,643446,L,670970,L,field_out,False,False,74.0,0.257,10.0,13.51,3.0,4.05,0.626,0.07200000000000001,13.14,6.62,11.76,18.38,24.26,14.08,201.0,0.294,17.0,8.46,14.0,6.97,0.753,0.09,12.21,6.17,14.39,20.56,24.68,10.37,40.0,0.114,17.0,42.5,3.0,7.5,0.31799999999999995,0.028999999999999984,33.33,15.85,18.29,34.15,29.73,27.42,18.0,0.267,5.0,27.78,2.0,11.11,0.753,0.133,20.0,8.82,19.12,27.94,20.0,23.81
745810,2024-06-14,2024,596019,R,670970,L,field_out,False,False,76.0,0.279,5.0,6.58,5.0,6.58,0.87,0.236,15.38,7.04,17.25,24.3,22.38,7.69,204.0,0.281,35.0,17.16,15.0,7.35,0.916,0.2919999999999999,20.49,9.45,15.99,25.44,24.88,16.36,66.0,0.274,15.0,22.73,4.0,6.06,0.737,0.14499999999999996,30.0,16.32,13.39,29.71,38.05,22.06,26.0,0.435,3.0,11.54,3.0,11.54,1.152,0.217,15.0,6.38,15.96,22.34,15.22,15.79
745810,2024-06-14,2024,607043,L,670970,L,single,False,False,78.0,0.225,19.0,24.36,2.0,2.56,0.6890000000000001,0.169,31.25,13.7,19.86,33.56,30.92,24.36,236.0,0.286,48.0,20.34,14.0,5.93,0.749,0.118,24.0,10.48,21.38,31.86,21.45,15.14,40.0,0.114,17.0,42.5,3.0,7.5,0.31799999999999995,0.028999999999999984,33.33,15.85,18.29,34.15,29.73,27.42,18.0,0.267,5.0,27.78,2.0,11.11,0.753,0.133,20.0,8.82,19.12,27.94,20.0,23.81
745810,2024-06-14,2024,502110,R,670970,L,walk,False,True,55.0,0.34,10.0,18.18,6.0,10.91,1.01,0.23399999999999993,21.85,10.97,10.97,21.94,31.58,12.5,137.0,0.274,43.0,31.39,13.0,9.49,0.924,0.3069999999999999,30.91,15.57,13.74,29.3,29.27,23.5,66.0,0.274,15.0,22.73,4.0,6.06,0.737,0.14499999999999996,30.0,16.32,13.39,29.71,38.05,22.06,26.0,0.435,3.0,11.54,3.0,11.54,1.152,0.217,15.0,6.38,15.96,22.34,15.22,15.79
745810,2024-06-14,2024,624413,R,670970,L,field_out,False,False,78.0,0.206,17.0,21.79,7.0,8.97,0.7789999999999999,0.265,20.95,9.63,15.53,25.16,27.44,16.83,183.0,0.224,42.0,22.95,21.0,11.48,0.859,0.302,25.52,11.15,17.51,28.66,27.34,16.87,66.0,0.274,15.0,22.73,4.0,6.06,0.737,0.14499999999999996,30.0,16.32,13.39,29.71,38.05,22.06,26.0,0.435,3.0,11.54,3.0,11.54,1.152,0.217,15.0,6.38,15.96,22.34,15.22,15.79
745810,2024-06-14,2024,595777,L,621242,R,single,False,False,193.0,0.317,33.0,17.1,25.0,12.95,0.895,0.16099999999999998,17.78,8.08,14.9,22.98,22.75,13.56,375.0,0.229,68.0,18.13,37.0,9.87,0.6559999999999999,0.1159999999999999,21.66,10.43,14.17,24.61,26.12,14.59,42.0,0.324,17.0,40.48,4.0,9.52,1.0030000000000001,0.298,36.67,18.75,13.07,31.82,32.58,31.48,,,,,,,,,,,,,,
745810,2024-06-14,2024,592518,R,621242,R,strikeout,True,False,178.0,0.269,39.0,21.91,10.0,5.62,0.6699999999999999,0.08999999999999997,25.66,12.78,14.68,27.46,27.86,20.1,452.0,0.241,83.0,18.36,36.0,7.96,0.747,0.205,24.68,12.42,14.05,26.47,29.58,16.9,46.0,0.143,14.0,30.43,3.0,6.52,0.503,0.143,36.36,16.93,19.58,36.51,32.61,22.95,,,,,,,,,,,,,,
745810,2024-06-14,2024,456781,R,621242,R,field_out,False,False,42.0,0.297,10.0,23.81,2.0,4.76,0.762,0.10800000000000004,17.72,8.38,22.75,31.14,24.62,16.39,297.0,0.28,68.0,22.9,29.0,9.76,0.766,0.1059999999999999,26.06,12.14,17.61,29.74,28.81,17.48,46.0,0.143,14.0,30.43,3.0,6.52,0.503,0.143,36.36,16.93,19.58,36.51,32.61,22.95,,,,,,,,,,,,,,
745810,2024-06-14,2024,630105,L,621242,R,strikeout,True,False,198.0,0.276,32.0,16.16,16.0,8.08,0.853,0.235,17.66,8.17,17.21,25.38,23.28,13.11,367.0,0.23,59.0,16.08,36.0,9.81,0.7,0.154,14.92,6.99,16.69,23.68,24.61,14.08,42.0,0.324,17.0,40.48,4.0,9.52,1.0030000000000001,0.298,36.67,18.75,13.07,31.82,32.58,31.48,,,,,,,,,,,,,,
744924,2024-06-14,2024,680757,L,592332,R,double,False,False,128.0,0.357,9.0,7.03,12.0,9.38,0.9650000000000001,0.17900000000000005,6.9,2.85,22.56,25.41,19.64,6.62,494.0,0.272,52.0,10.53,50.0,10.12,0.73,0.1119999999999999,10.22,4.19,22.03,26.23,20.67,8.84,132.0,0.287,28.0,21.21,9.0,6.82,0.8109999999999999,0.188,26.07,12.36,16.97,29.34,29.69,16.47,350.0,0.25,103.0,29.43,28.0,8.0,0.731,0.172,27.92,13.34,17.63,30.97,31.79,21.06
744924,2024-06-14,2024,665926,L,592332,R,field_out,False,False,188.0,0.256,29.0,15.43,11.0,5.85,0.6679999999999999,0.09499999999999997,24.81,13.64,12.4,26.03,37.09,12.61,419.0,0.243,86.0,20.53,24.0,5.73,0.712,0.162,26.46,14.29,12.8,27.09,38.97,17.27,132.0,0.287,28.0,21.21,9.0,6.82,0.8109999999999999,0.188,26.07,12.36,16.97,29.34,29.69,16.47,350.0,0.25,103.0,29.43,28.0,8.0,0.731,0.172,27.92,13.34,17.63,30.97,31.79,21.06
744924,2024-06-14,2024,608070,L,592332,R,strikeout,True,False,196.0,0.247,21.0,10.71,16.0,8.16,0.833,0.275,13.6,6.6,13.45,20.05,30.14,8.64,461.0,0.302,48.0,10.41,54.0,11.71,0.863,0.179,15.4,6.98,13.91,20.89,28.02,10.17,132.0,0.287,28.0,21.21,9.0,6.82,0.8109999999999999,0.188,26.07,12.36,16.97,29.34,29.69,16.47,350.0,0.25,103.0,29.43,28.0,8.0,0.731,0.172,27.92,13.34,17.63,30.97,31.79,21.06
744924,2024-06-14,2024,647304,L,592332,R,field_out,False,False,184.0,0.239,25.0,13.59,19.0,10.33,0.835,0.27,21.36,11.03,9.8,20.83,33.33,14.45,348.0,0.311,53.0,15.23,25.0,7.18,0.851,0.184,21.29,11.96,9.18,21.15,41.36,16.99,132.0,0.287,28.0,21.21,9.0,6.82,0.8109999999999999,0.188,26.07,12.36,16.97,29.34,29.69,16.47,350.0,0.25,103.0,29.43,28.0,8.0,0.731,0.172,27.92,13.34,17.63,30.97,31.79,21.06
744924,2024-06-14,2024,676914,R,671106,L,field_out,False,False,64.0,0.189,19.0,29.69,7.0,10.94,0.666,0.20700000000000002,32.23,14.83,16.73,31.56,26.81,21.59,54.0,0.326,16.0,29.63,10.0,18.52,1.3,0.5109999999999999,37.65,15.69,17.16,32.84,15.89,28.07,233.0,0.306,40.0,17.17,20.0,8.58,0.9349999999999999,0.26299999999999996,19.56,8.83,17.88,26.71,22.53,14.81,448.0,0.274,99.0,22.1,38.0,8.48,0.77,0.1609999999999999,23.99,11.45,16.55,28.0,29.16,18.32
744924,2024-06-14,2024,643376,R,671106,L,field_out,False,False,37.0,0.267,7.0,18.92,6.0,16.22,0.7110000000000001,0.066,22.81,8.39,20.0,28.39,13.58,17.5,86.0,0.205,16.0,18.6,7.0,8.14,0.792,0.308,17.86,8.52,13.35,21.88,27.32,15.24,233.0,0.306,40.0,17.17,20.0,8.58,0.9349999999999999,0.26299999999999996,19.56,8.83,17.88,26.71,22.53,14.81,448.0,0.274,99.0,22.1,38.0,8.48,0.77,0.1609999999999999,23.99,11.45,16.55,28.0,29.16,18.32
744924,2024-06-14,2024,665489,R,671106,L,field_out,False,False,59.0,0.245,8.0,13.56,10.0,16.95,0.761,0.14300000000000002,22.58,9.29,16.37,25.66,22.31,12.9,124.0,0.284,15.0,12.1,19.0,15.32,0.766,0.079,18.93,8.25,16.07,24.31,22.78,13.51,233.0,0.306,40.0,17.17,20.0,8.58,0.9349999999999999,0.26299999999999996,19.56,8.83,17.88,26.71,22.53,14.81,448.0,0.274,99.0,22.1,38.0,8.48,0.77,0.1609999999999999,23.99,11.45,16.55,28.0,29.16,18.32
744924,2024-06-14,2024,681807,R,592332,R,field_out,False,False,84.0,0.284,14.0,16.67,6.0,7.14,0.8029999999999999,0.16200000000000003,18.59,9.42,14.29,23.7,26.03,14.89,63.0,0.246,19.0,30.16,3.0,4.76,0.727,0.175,29.77,16.96,13.91,30.87,36.11,25.0,161.0,0.238,41.0,25.47,7.0,4.35,0.659,0.14600000000000002,24.49,13.12,14.06,27.19,34.2,19.43,416.0,0.218,134.0,32.21,27.0,6.49,0.6180000000000001,0.124,29.84,15.11,15.79,30.9,33.37,26.53
744924,2024-06-14,2024,686823,L,592332,R,double,False,False,166.0,0.242,21.0,12.65,14.0,8.43,0.6819999999999999,0.127,18.91,10.09,11.62,21.71,32.88,14.58,369.0,0.279,45.0,12.2,14.0,3.79,0.6930000000000001,0.0999999999999999,17.97,10.23,12.48,22.71,38.5,12.47,132.0,0.287,28.0,21.21,9.0,6.82,0.8109999999999999,0.188,26.07,12.36,16.97,29.34,29.69,16.47,350.0,0.25,103.0,29.43,28.0,8.0,0.731,0.172,27.92,13.34,17.63,30.97,31.79,21.06
744924,2024-06-14,2024,682177,L,592332,R,double,False,False,12.0,0.444,2.0,16.67,3.0,25.0,1.361,0.334,16.67,7.14,14.29,21.43,16.0,15.38,,,,,,,,,,,,,,,132.0,0.287,28.0,21.21,9.0,6.82,0.8109999999999999,0.188,26.07,12.36,16.97,29.34,29.69,16.47,350.0,0.25,103.0,29.43,28.0,8.0,0.731,0.172,27.92,13.34,17.63,30.97,31.79,21.06
744924,2024-06-14,2024,677587,L,592332,R,field_out,False,False,137.0,0.243,20.0,14.6,19.0,13.87,0.657,0.061,21.84,10.25,15.11,25.36,28.76,11.05,53.0,0.3,12.0,22.64,2.0,3.77,0.7010000000000001,0.08,28.07,15.31,15.79,31.1,41.59,17.39,132.0,0.287,28.0,21.21,9.0,6.82,0.8109999999999999,0.188,26.07,12.36,16.97,29.34,29.69,16.47,350.0,0.25,103.0,29.43,28.0,8.0,0.731,0.172,27.92,13.34,17.63,30.97,31.79,21.06
744924,2024-06-14,2024,666310,L,592332,R,strikeout,True,False,129.0,0.181,43.0,33.33,11.0,8.53,0.523,0.08600000000000002,30.71,14.26,17.37,31.63,26.42,23.03,180.0,0.243,40.0,22.22,26.0,14.44,0.852,0.257,22.79,10.11,14.03,24.15,23.6,16.67,132.0,0.287,28.0,21.21,9.0,6.82,0.8109999999999999,0.188,26.07,12.36,16.97,29.34,29.69,16.47,350.0,0.25,103.0,29.43,28.0,8.0,0.731,0.172,27.92,13.34,17.63,30.97,31.79,21.06
744924,2024-06-14,2024,666182,R,671106,L,walk,False,True,51.0,0.143,7.0,13.73,2.0,3.92,0.33899999999999997,0.020000000000000018,11.5,7.22,8.89,16.11,40.0,11.86,107.0,0.323,13.0,12.15,7.0,6.54,0.893,0.202,17.62,9.88,9.88,19.75,30.5,10.32,233.0,0.306,40.0,17.17,20.0,8.58,0.9349999999999999,0.26299999999999996,19.56,8.83,17.88,26.71,22.53,14.81,448.0,0.274,99.0,22.1,38.0,8.48,0.77,0.1609999999999999,23.99,11.45,16.55,28.0,29.16,18.32
744924,2024-06-14,2024,457759,R,671106,L,strikeout,True,False,53.0,0.312,8.0,15.09,4.0,7.55,0.858,0.188,10.91,4.98,19.92,24.9,25.89,9.64,164.0,0.285,32.0,19.51,18.0,10.98,0.9,0.243,20.38,9.35,18.71,28.06,27.41,13.45,233.0,0.306,40.0,17.17,20.0,8.58,0.9349999999999999,0.26299999999999996,19.56,8.83,17.88,26.71,22.53,14.81,448.0,0.274,99.0,22.1,38.0,8.48,0.77,0.1609999999999999,23.99,11.45,16.55,28.0,29.16,18.32
744924,2024-06-14,2024,543807,R,671106,L,walk,False,True,62.0,0.132,12.0,19.35,8.0,12.9,0.44999999999999996,0.07599999999999998,20.33,9.51,12.55,22.05,21.6,15.19,144.0,0.242,24.0,16.67,17.0,11.81,0.71,0.137,19.37,9.5,11.92,21.42,22.03,14.37,233.0,0.306,40.0,17.17,20.0,8.58,0.9349999999999999,0.26299999999999996,19.56,8.83,17.88,26.71,22.53,14.81,448.0,0.274,99.0,22.1,38.0,8.48,0.77,0.1609999999999999,23.99,11.45,16.55,28.0,29.16,18.32
744924,2024-06-14,2024,643396,R,671106,L,grounded_into_double_play,False,False,66.0,0.279,9.0,13.64,3.0,4.55,0.7,0.09799999999999998,10.99,4.67,24.3,28.97,27.27,20.93,90.0,0.23,16.0,17.78,11.0,12.22,0.634,0.0669999999999999,19.59,8.03,19.67,27.7,20.35,15.09,233.0,0.306,40.0,17.17,20.0,8.58,0.9349999999999999,0.26299999999999996,19.56,8.83,17.88,26.71,22.53,14.81,448.0,0.274,99.0,22.1,38.0,8.48,0.77,0.1609999999999999,23.99,11.45,16.55,28.0,29.16,18.32
744924,2024-06-14,2024,680757,L,592332,R,field_out,False,False,128.0,0.357,9.0,7.03,12.0,9.38,0.9650000000000001,0.17900000000000005,6.9,2.85,22.56,25.41,19.64,6.62,494.0,0.272,52.0,10.53,50.0,10.12,0.73,0.1119999999999999,10.22,4.19,22.03,26.23,20.67,8.84,132.0,0.287,28.0,21.21,9.0,6.82,0.8109999999999999,0.188,26.07,12.36,16.97,29.34,29.69,16.47,350.0,0.25,103.0,29.43,28.0,8.0,0.731,0.172,27.92,13.34,17.63,30.97,31.79,21.06
744924,2024-06-14,2024,665926,L,592332,R,field_out,False,False,188.0,0.256,29.0,15.43,11.0,5.85,0.6679999999999999,0.09499999999999997,24.81,13.64,12.4,26.03,37.09,12.61,419.0,0.243,86.0,20.53,24.0,5.73,0.712,0.162,26.46,14.29,12.8,27.09,38.97,17.27,132.0,0.287,28.0,21.21,9.0,6.82,0.8109999999999999,0.188,26.07,12.36,16.97,29.34,29.69,16.47,350.0,0.25,103.0,29.43,28.0,8.0,0.731,0.172,27.92,13.34,17.63,30.97,31.79,21.06
744924,2024-06-14,2024,608070,L,592332,R,strikeout,True,False,196.0,0.247,21.0,10.71,16.0,8.16,0.833,0.275,13.6,6.6,13.45,20.05,30.14,8.64,461.0,0.302,48.0,10.41,54.0,11.71,0.863,0.179,15.4,6.98,13.91,20.89,28.02,10.17,132.0,0.287,28.0,21.21,9.0,6.82,0.8109999999999999,0.188,26.07,12.36,16.97,29.34,29.69,16.47,350.0,0.25,103.0,29.43,28.0,8.0,0.731,0.172,27.92,13.34,17.63,30.97,31.79,21.06
744924,2024-06-14,2024,662139,L,671106,L,field_out,False,False,51.0,0.273,6.0,11.76,7.0,13.73,0.782,0.13599999999999995,17.72,7.57,17.3,24.86,19.35,11.54,117.0,0.292,24.0,20.51,9.0,7.69,0.722,0.085,21.46,10.35,15.42,25.77,22.71,18.32,52.0,0.234,14.0,26.92,3.0,5.77,0.6910000000000001,0.149,30.43,13.79,16.26,30.05,28.45,22.58,90.0,0.205,20.0,22.22,10.0,11.11,0.649,0.141,23.86,11.35,14.32,25.68,24.44,18.87
744924,2024-06-14,2024,676391,R,671106,L,double,False,False,54.0,0.306,3.0,5.56,2.0,3.7,0.7949999999999999,0.14300000000000002,11.0,6.47,14.71,21.18,41.03,7.32,32.0,0.367,3.0,9.38,1.0,3.12,0.775,0.033,12.96,7.37,17.89,25.26,46.81,17.65,233.0,0.306,40.0,17.17,20.0,8.58,0.9349999999999999,0.26299999999999996,19.56,8.83,17.88,26.71,22.53,14.81,448.0,0.274,99.0,22.1,38.0,8.48,0.77,0.1609999999999999,23.99,11.45,16.55,28.0,29.16,18.32
744924,2024-06-14,2024,676914,R,671106,L,strikeout,True,False,64.0,0.189,19.0,29.69,7.0,10.94,0.666,0.20700000000000002,32.23,14.83,16.73,31.56,26.81,21.59,54.0,0.326,16.0,29.63,10.0,18.52,1.3,0.5109999999999999,37.65,15.69,17.16,32.84,15.89,28.07,233.0,0.306,40.0,17.17,20.0,8.58,0.9349999999999999,0.26299999999999996,19.56,8.83,17.88,26.71,22.53,14.81,448.0,0.274,99.0,22.1,38.0,8.48,0.77,0.1609999999999999,23.99,11.45,16.55,28.0,29.16,18.32
744924,2024-06-14,2024,643376,R,671106,L,field_out,False,False,37.0,0.267,7.0,18.92,6.0,16.22,0.7110000000000001,0.066,22.81,8.39,20.0,28.39,13.58,17.5,86.0,0.205,16.0,18.6,7.0,8.14,0.792,0.308,17.86,8.52,13.35,21.88,27.32,15.24,233.0,0.306,40.0,17.17,20.0,8.58,0.9349999999999999,0.26299999999999996,19.56,8.83,17.88,26.71,22.53,14.81,448.0,0.274,99.0,22.1,38.0,8.48,0.77,0.1609999999999999,23.99,11.45,16.55,28.0,29.16,18.32
744924,2024-06-14,2024,647304,L,592332,R,single,False,False,184.0,0.239,25.0,13.59,19.0,10.33,0.835,0.27,21.36,11.03,9.8,20.83,33.33,14.45,348.0,0.311,53.0,15.23,25.0,7.18,0.851,0.184,21.29,11.96,9.18,21.15,41.36,16.99,132.0,0.287,28.0,21.21,9.0,6.82,0.8109999999999999,0.188,26.07,12.36,16.97,29.34,29.69,16.47,350.0,0.25,103.0,29.43,28.0,8.0,0.731,0.172,27.92,13.34,17.63,30.97,31.79,21.06
744924,2024-06-14,2024,681807,R,592332,R,grounded_into_double_play,False,False,84.0,0.284,14.0,16.67,6.0,7.14,0.8029999999999999,0.16200000000000003,18.59,9.42,14.29,23.7,26.03,14.89,63.0,0.246,19.0,30.16,3.0,4.76,0.727,0.175,29.77,16.96,13.91,30.87,36.11,25.0,161.0,0.238,41.0,25.47,7.0,4.35,0.659,0.14600000000000002,24.49,13.12,14.06,27.19,34.2,19.43,416.0,0.218,134.0,32.21,27.0,6.49,0.6180000000000001,0.124,29.84,15.11,15.79,30.9,33.37,26.53
744924,2024-06-14,2024,686823,L,592332,R,home_run,False,False,166.0,0.242,21.0,12.65,14.0,8.43,0.6819999999999999,0.127,18.91,10.09,11.62,21.71,32.88,14.58,369.0,0.279,45.0,12.2,14.0,3.79,0.6930000000000001,0.0999999999999999,17.97,10.23,12.48,22.71,38.5,12.47,132.0,0.287,28.0,21.21,9.0,6.82,0.8109999999999999,0.188,26.07,12.36,16.97,29.34,29.69,16.47,350.0,0.25,103.0,29.43,28.0,8.0,0.731,0.172,27.92,13.34,17.63,30.97,31.79,21.06
744924,2024-06-14,2024,682177,L,592332,R,strikeout,True,False,12.0,0.444,2.0,16.67,3.0,25.0,1.361,0.334,16.67,7.14,14.29,21.43,16.0,15.38,,,,,,,,,,,,,,,132.0,0.287,28.0,21.21,9.0,6.82,0.8109999999999999,0.188,26.07,12.36,16.97,29.34,29.69,16.47,350.0,0.25,103.0,29.43,28.0,8.0,0.731,0.172,27.92,13.34,17.63,30.97,31.79,21.06
744924,2024-06-14,2024,665489,R,671106,L,walk,False,True,59.0,0.245,8.0,13.56,10.0,16.95,0.761,0.14300000000000002,22.58,9.29,16.37,25.66,22.31,12.9,124.0,0.284,15.0,12.1,19.0,15.32,0.766,0.079,18.93,8.25,16.07,24.31,22.78,13.51,233.0,0.306,40.0,17.17,20.0,8.58,0.9349999999999999,0.26299999999999996,19.56,8.83,17.88,26.71,22.53,14.81,448.0,0.274,99.0,22.1,38.0,8.48,0.77,0.1609999999999999,23.99,11.45,16.55,28.0,29.16,18.32
744924,2024-06-14,2024,666182,R,671106,L,field_out,False,False,51.0,0.143,7.0,13.73,2.0,3.92,0.33899999999999997,0.020000000000000018,11.5,7.22,8.89,16.11,40.0,11.86,107.0,0.323,13.0,12.15,7.0,6.54,0.893,0.202,17.62,9.88,9.88,19.75,30.5,10.32,233.0,0.306,40.0,17.17,20.0,8.58,0.9349999999999999,0.26299999999999996,19.56,8.83,17.88,26.71,22.53,14.81,448.0,0.274,99.0,22.1,38.0,8.48,0.77,0.1609999999999999,23.99,11.45,16.55,28.0,29.16,18.32
744924,2024-06-14,2024,457759,R,671106,L,grounded_into_double_play,False,False,53.0,0.312,8.0,15.09,4.0,7.55,0.858,0.188,10.91,4.98,19.92,24.9,25.89,9.64,164.0,0.285,32.0,19.51,18.0,10.98,0.9,0.243,20.38,9.35,18.71,28.06,27.41,13.45,233.0,0.306,40.0,17.17,20.0,8.58,0.9349999999999999,0.26299999999999996,19.56,8.83,17.88,26.71,22.53,14.81,448.0,0.274,99.0,22.1,38.0,8.48,0.77,0.1609999999999999,23.99,11.45,16.55,28.0,29.16,18.32
744924,2024-06-14,2024,677587,L,592332,R,double,False,False,137.0,0.243,20.0,14.6,19.0,13.87,0.657,0.061,21.84,10.25,15.11,25.36,28.76,11.05,53.0,0.3,12.0,22.64,2.0,3.77,0.7010000000000001,0.08,28.07,15.31,15.79,31.1,41.59,17.39,132.0,0.287,28.0,21.21,9.0,6.82,0.8109999999999999,0.188,26.07,12.36,16.97,29.34,29.69,16.47,350.0,0.25,103.0,29.43,28.0,8.0,0.731,0.172,27.92,13.34,17.63,30.97,31.79,21.06
744924,2024-06-14,2024,666310,L,592332,R,strikeout,True,False,129.0,0.181,43.0,33.33,11.0,8.53,0.523,0.08600000000000002,30.71,14.26,17.37,31.63,26.42,23.03,180.0,0.243,40.0,22.22,26.0,14.44,0.852,0.257,22.79,10.11,14.03,24.15,23.6,16.67,132.0,0.287,28.0,21.21,9.0,6.82,0.8109999999999999,0.188,26.07,12.36,16.97,29.34,29.69,16.47,350.0,0.25,103.0,29.43,28.0,8.0,0.731,0.172,27.92,13.34,17.63,30.97,31.79,21.06
744924,2024-06-14,2024,680757,L,592332,R,field_out,False,False,128.0,0.357,9.0,7.03,12.0,9.38,0.9650000000000001,0.17900000000000005,6.9,2.85,22.56,25.41,19.64,6.62,494.0,0.272,52.0,10.53,50.0,10.12,0.73,0.1119999999999999,10.22,4.19,22.03,26.23,20.67,8.84,132.0,0.287,28.0,21.21,9.0,6.82,0.8109999999999999,0.188,26.07,12.36,16.97,29.34,29.69,16.47,350.0,0.25,103.0,29.43,28.0,8.0,0.731,0.172,27.92,13.34,17.63,30.97,31.79,21.06
744924,2024-06-14,2024,665926,L,592332,R,single,False,False,188.0,0.256,29.0,15.43,11.0,5.85,0.6679999999999999,0.09499999999999997,24.81,13.64,12.4,26.03,37.09,12.61,419.0,0.243,86.0,20.53,24.0,5.73,0.712,0.162,26.46,14.29,12.8,27.09,38.97,17.27,132.0,0.287,28.0,21.21,9.0,6.82,0.8109999999999999,0.188,26.07,12.36,16.97,29.34,29.69,16.47,350.0,0.25,103.0,29.43,28.0,8.0,0.731,0.172,27.92,13.34,17.63,30.97,31.79,21.06
744924,2024-06-14,2024,608070,L,592332,R,field_out,False,False,196.0,0.247,21.0,10.71,16.0,8.16,0.833,0.275,13.6,6.6,13.45,20.05,30.14,8.64,461.0,0.302,48.0,10.41,54.0,11.71,0.863,0.179,15.4,6.98,13.91,20.89,28.02,10.17,132.0,0.287,28.0,21.21,9.0,6.82,0.8109999999999999,0.188,26.07,12.36,16.97,29.34,29.69,16.47,350.0,0.25,103.0,29.43,28.0,8.0,0.731,0.172,27.92,13.34,17.63,30.97,31.79,21.06
744924,2024-06-14,2024,543807,R,671106,L,strikeout,True,False,62.0,0.132,12.0,19.35,8.0,12.9,0.44999999999999996,0.07599999999999998,20.33,9.51,12.55,22.05,21.6,15.19,144.0,0.242,24.0,16.67,17.0,11.81,0.71,0.137,19.37,9.5,11.92,21.42,22.03,14.37,233.0,0.306,40.0,17.17,20.0,8.58,0.9349999999999999,0.26299999999999996,19.56,8.83,17.88,26.71,22.53,14.81,448.0,0.274,99.0,22.1,38.0,8.48,0.77,0.1609999999999999,23.99,11.45,16.55,28.0,29.16,18.32
744924,2024-06-14,2024,643396,R,671106,L,field_out,False,False,66.0,0.279,9.0,13.64,3.0,4.55,0.7,0.09799999999999998,10.99,4.67,24.3,28.97,27.27,20.93,90.0,0.23,16.0,17.78,11.0,12.22,0.634,0.0669999999999999,19.59,8.03,19.67,27.7,20.35,15.09,233.0,0.306,40.0,17.17,20.0,8.58,0.9349999999999999,0.26299999999999996,19.56,8.83,17.88,26.71,22.53,14.81,448.0,0.274,99.0,22.1,38.0,8.48,0.77,0.1609999999999999,23.99,11.45,16.55,28.0,29.16,18.32
744924,2024-06-14,2024,662139,L,671106,L,field_out,False,False,51.0,0.273,6.0,11.76,7.0,13.73,0.782,0.13599999999999995,17.72,7.57,17.3,24.86,19.35,11.54,117.0,0.292,24.0,20.51,9.0,7.69,0.722,0.085,21.46,10.35,15.42,25.77,22.71,18.32,52.0,0.234,14.0,26.92,3.0,5.77,0.6910000000000001,0.149,30.43,13.79,16.26,30.05,28.45,22.58,90.0,0.205,20.0,22.22,10.0,11.11,0.649,0.141,23.86,11.35,14.32,25.68,24.44,18.87
744924,2024-06-14,2024,647304,L,592332,R,strikeout,True,False,184.0,0.239,25.0,13.59,19.0,10.33,0.835,0.27,21.36,11.03,9.8,20.83,33.33,14.45,348.0,0.311,53.0,15.23,25.0,7.18,0.851,0.184,21.29,11.96,9.18,21.15,41.36,16.99,132.0,0.287,28.0,21.21,9.0,6.82,0.8109999999999999,0.188,26.07,12.36,16.97,29.34,29.69,16.47,350.0,0.25,103.0,29.43,28.0,8.0,0.731,0.172,27.92,13.34,17.63,30.97,31.79,21.06
744924,2024-06-14,2024,681807,R,592332,R,single,False,False,84.0,0.284,14.0,16.67,6.0,7.14,0.8029999999999999,0.16200000000000003,18.59,9.42,14.29,23.7,26.03,14.89,63.0,0.246,19.0,30.16,3.0,4.76,0.727,0.175,29.77,16.96,13.91,30.87,36.11,25.0,161.0,0.238,41.0,25.47,7.0,4.35,0.659,0.14600000000000002,24.49,13.12,14.06,27.19,34.2,19.43,416.0,0.218,134.0,32.21,27.0,6.49,0.6180000000000001,0.124,29.84,15.11,15.79,30.9,33.37,26.53
744924,2024-06-14,2024,686823,L,650893,L,grounded_into_double_play,False,False,25.0,0.167,4.0,16.0,0.0,0.0,0.45899999999999996,0.12499999999999997,18.75,10.98,12.2,23.17,36.11,20.0,87.0,0.214,12.0,13.79,2.0,2.3,0.495,0.048,19.35,10.42,18.06,28.47,37.5,16.67,48.0,0.2,7.0,14.58,5.0,10.42,0.698,0.2,25.0,12.64,11.54,24.18,27.84,14.89,111.0,0.198,31.0,27.93,7.0,6.31,0.63,0.1679999999999999,31.68,15.17,17.06,32.23,29.76,26.5
744924,2024-06-14,2024,676391,R,671106,L,double,False,False,54.0,0.306,3.0,5.56,2.0,3.7,0.7949999999999999,0.14300000000000002,11.0,6.47,14.71,21.18,41.03,7.32,32.0,0.367,3.0,9.38,1.0,3.12,0.775,0.033,12.96,7.37,17.89,25.26,46.81,17.65,233.0,0.306,40.0,17.17,20.0,8.58,0.9349999999999999,0.26299999999999996,19.56,8.83,17.88,26.71,22.53,14.81,448.0,0.274,99.0,22.1,38.0,8.48,0.77,0.1609999999999999,23.99,11.45,16.55,28.0,29.16,18.32
744924,2024-06-14,2024,676914,R,671106,L,single,False,False,64.0,0.189,19.0,29.69,7.0,10.94,0.666,0.20700000000000002,32.23,14.83,16.73,31.56,26.81,21.59,54.0,0.326,16.0,29.63,10.0,18.52,1.3,0.5109999999999999,37.65,15.69,17.16,32.84,15.89,28.07,233.0,0.306,40.0,17.17,20.0,8.58,0.9349999999999999,0.26299999999999996,19.56,8.83,17.88,26.71,22.53,14.81,448.0,0.274,99.0,22.1,38.0,8.48,0.77,0.1609999999999999,23.99,11.45,16.55,28.0,29.16,18.32
744924,2024-06-14,2024,643376,R,671922,R,force_out,False,False,113.0,0.26,13.0,11.5,12.0,10.62,0.8460000000000001,0.25,15.47,6.09,20.22,26.3,19.0,9.02,215.0,0.237,46.0,21.4,16.0,7.44,0.784,0.221,25.13,11.59,15.17,26.76,23.75,20.09,57.0,0.222,20.0,35.09,1.0,1.75,0.5589999999999999,0.07399999999999998,30.36,15.74,19.44,35.19,33.33,29.41,,,,,,,,,,,,,,
744924,2024-06-14,2024,665489,R,671922,R,strikeout,True,False,238.0,0.289,42.0,17.65,26.0,10.92,0.782,0.123,24.73,11.61,15.31,26.93,24.32,13.68,558.0,0.26,85.0,15.23,48.0,8.6,0.792,0.2,23.83,12.29,11.94,24.23,30.21,15.37,57.0,0.222,20.0,35.09,1.0,1.75,0.5589999999999999,0.07399999999999998,30.36,15.74,19.44,35.19,33.33,29.41,,,,,,,,,,,,,,
744924,2024-06-14,2024,666182,R,671922,R,field_out,False,False,221.0,0.263,37.0,16.74,12.0,5.43,0.702,0.127,21.65,12.35,11.28,23.62,35.96,16.82,496.0,0.303,102.0,20.56,20.0,4.03,0.797,0.161,21.9,12.38,11.73,24.11,38.01,17.91,57.0,0.222,20.0,35.09,1.0,1.75,0.5589999999999999,0.07399999999999998,30.36,15.74,19.44,35.19,33.33,29.41,,,,,,,,,,,,,,
744924,2024-06-14,2024,671289,R,650893,L,field_out,False,False,77.0,0.188,13.0,16.88,8.0,10.39,0.6779999999999999,0.187,19.26,8.67,18.33,27.0,26.11,14.77,80.0,0.216,13.0,16.25,4.0,5.0,0.667,0.176,15.28,7.61,17.3,24.91,28.87,15.66,64.0,0.37,8.0,12.5,8.0,12.5,0.9750000000000001,0.16700000000000004,17.53,7.83,17.51,25.35,26.26,13.79,128.0,0.264,27.0,21.09,17.0,13.28,0.804,0.181,28.36,14.05,11.65,25.69,30.85,15.52
744924,2024-06-14,2024,677587,R,650893,L,strikeout,True,False,67.0,0.153,17.0,25.37,6.0,8.96,0.493,0.101,23.97,12.55,12.99,25.54,30.08,29.31,33.0,0.161,15.0,45.45,2.0,6.06,0.438,0.065,39.73,21.64,16.42,38.06,38.1,32.61,64.0,0.37,8.0,12.5,8.0,12.5,0.9750000000000001,0.16700000000000004,17.53,7.83,17.51,25.35,26.26,13.79,128.0,0.264,27.0,21.09,17.0,13.28,0.804,0.181,28.36,14.05,11.65,25.69,30.85,15.52
744924,2024-06-14,2024,666310,L,650893,L,field_out,False,False,25.0,0.182,11.0,44.0,3.0,12.0,0.5980000000000001,0.136,39.53,17.53,20.62,38.14,34.69,45.83,51.0,0.217,13.0,25.49,4.0,7.84,0.6639999999999999,0.153,18.18,7.96,17.26,25.22,25.23,18.84,48.0,0.2,7.0,14.58,5.0,10.42,0.698,0.2,25.0,12.64,11.54,24.18,27.84,14.89,111.0,0.198,31.0,27.93,7.0,6.31,0.63,0.1679999999999999,31.68,15.17,17.06,32.23,29.76,26.5
744924,2024-06-14,2024,457759,R,605130,R,strikeout,True,False,168.0,0.205,28.0,16.67,19.0,11.31,0.612,0.10300000000000001,20.23,9.47,16.4,25.87,27.7,10.94,462.0,0.273,78.0,16.88,33.0,7.14,0.765,0.1569999999999999,16.44,7.32,17.97,25.29,25.33,12.0,68.0,0.293,18.0,26.47,9.0,13.24,0.8480000000000001,0.17300000000000004,38.4,17.27,16.19,33.45,33.12,21.69,154.0,0.208,45.0,29.22,18.0,11.69,0.5569999999999999,0.046,35.85,15.68,19.97,35.64,29.91,24.19
744924,2024-06-14,2024,543807,R,605130,R,field_out,False,False,196.0,0.218,28.0,14.29,20.0,10.2,0.623,0.10400000000000001,23.68,12.32,13.04,25.36,25.0,14.07,539.0,0.262,101.0,18.74,43.0,7.98,0.738,0.1489999999999999,23.18,11.37,14.48,25.84,23.35,18.21,68.0,0.293,18.0,26.47,9.0,13.24,0.8480000000000001,0.17300000000000004,38.4,17.27,16.19,33.45,33.12,21.69,154.0,0.208,45.0,29.22,18.0,11.69,0.5569999999999999,0.046,35.85,15.68,19.97,35.64,29.91,24.19
744924,2024-06-14,2024,643396,R,605130,R,walk,False,True,154.0,0.261,20.0,12.99,9.0,5.84,0.683,0.119,13.06,6.04,22.08,28.11,31.87,14.71,273.0,0.246,54.0,19.78,17.0,6.23,0.6479999999999999,0.1069999999999999,19.6,9.05,20.2,29.25,28.6,15.56,68.0,0.293,18.0,26.47,9.0,13.24,0.8480000000000001,0.17300000000000004,38.4,17.27,16.19,33.45,33.12,21.69,154.0,0.208,45.0,29.22,18.0,11.69,0.5569999999999999,0.046,35.85,15.68,19.97,35.64,29.91,24.19
744924,2024-06-14,2024,672386,R,656529,L,strikeout,True,False,36.0,0.161,6.0,16.67,5.0,13.89,0.47200000000000003,0.033,20.34,7.74,20.65,28.39,21.69,13.04,128.0,0.264,17.0,13.28,17.0,13.28,0.732,0.1089999999999999,11.34,4.1,23.84,27.93,25.62,11.11,31.0,0.133,11.0,35.48,1.0,3.23,0.361,0.067,33.93,16.67,19.3,35.96,37.29,32.35,142.0,0.248,37.0,26.06,13.0,9.15,0.619,0.0539999999999999,28.86,12.59,20.21,32.8,25.09,22.84
744924,2024-06-14,2024,680757,L,663893,L,field_out,False,False,56.0,0.431,5.0,8.93,5.0,8.93,1.0110000000000001,0.09800000000000003,5.49,2.2,20.26,22.47,17.14,8.77,224.0,0.26,23.0,10.27,20.0,8.93,0.667,0.08,13.41,5.5,21.44,26.95,22.3,10.5,15.0,0.286,3.0,20.0,1.0,6.67,0.619,0.0,26.09,11.11,20.37,31.48,20.0,21.43,,,,,,,,,,,,,,
744924,2024-06-14,2024,665926,L,663893,L,single,False,False,82.0,0.276,11.0,13.41,0.0,0.0,0.6990000000000001,0.10599999999999998,20.69,11.84,13.82,25.66,40.82,11.7,197.0,0.268,26.0,13.2,8.0,4.06,0.7130000000000001,0.1169999999999999,23.63,12.79,15.07,27.86,41.69,11.02,15.0,0.286,3.0,20.0,1.0,6.67,0.619,0.0,26.09,11.11,20.37,31.48,20.0,21.43,,,,,,,,,,,,,,
744924,2024-06-14,2024,608070,R,663893,L,grounded_into_double_play,False,False,91.0,0.329,11.0,12.09,8.0,8.79,0.97,0.25599999999999995,19.41,9.65,15.2,24.85,33.73,13.41,230.0,0.243,25.0,10.87,19.0,8.26,0.766,0.219,16.06,7.21,15.81,23.02,28.33,12.18,23.0,0.318,5.0,21.74,1.0,4.35,0.893,0.22700000000000004,30.3,14.29,15.71,30.0,31.03,45.45,,,,,,,,,,,,,,
744924,2024-06-14,2024,687462,L,683769,R,field_out,False,False,19.0,0.4,3.0,15.79,3.0,15.79,0.9670000000000001,0.067,17.24,6.94,18.06,25.0,15.62,15.0,38.0,0.265,10.0,26.32,3.0,7.89,0.754,0.1469999999999999,27.14,13.01,17.12,30.14,25.35,21.74,65.0,0.2,16.0,24.62,3.0,4.62,0.595,0.133,22.88,11.54,17.09,28.63,29.46,22.86,100.0,0.226,8.0,8.0,9.0,9.0,0.692,0.143,13.84,5.79,17.63,23.42,18.28,8.33
744924,2024-06-14,2024,676914,R,683769,R,field_out,False,False,162.0,0.245,39.0,24.07,18.0,11.11,0.7849999999999999,0.194,26.39,10.75,18.95,29.7,20.75,17.03,87.0,0.247,27.0,31.03,11.0,12.64,0.8340000000000001,0.219,37.06,13.98,21.9,35.88,15.66,21.77,53.0,0.157,12.0,22.64,2.0,3.77,0.405,0.059,31.31,16.32,18.95,35.26,35.8,19.67,83.0,0.286,16.0,19.28,5.0,6.02,0.857,0.246,20.12,11.07,14.66,25.73,30.23,14.81
744924,2024-06-14,2024,643376,R,683769,R,strikeout,True,False,113.0,0.26,13.0,11.5,12.0,10.62,0.8460000000000001,0.25,15.47,6.09,20.22,26.3,19.0,9.02,215.0,0.237,46.0,21.4,16.0,7.44,0.784,0.221,25.13,11.59,15.17,26.76,23.75,20.09,53.0,0.157,12.0,22.64,2.0,3.77,0.405,0.059,31.31,16.32,18.95,35.26,35.8,19.67,83.0,0.286,16.0,19.28,5.0,6.02,0.857,0.246,20.12,11.07,14.66,25.73,30.23,14.81
744924,2024-06-14,2024,647304,L,663893,L,field_out,False,False,85.0,0.2,20.0,23.53,7.0,8.24,0.713,0.22699999999999998,28.47,13.73,13.73,27.46,36.25,29.41,148.0,0.299,15.0,10.14,8.0,5.41,0.821,0.175,16.23,8.67,12.1,20.77,35.38,11.03,15.0,0.286,3.0,20.0,1.0,6.67,0.619,0.0,26.09,11.11,20.37,31.48,20.0,21.43,,,,,,,,,,,,,,
744924,2024-06-14,2024,681807,R,647315,R,field_out,False,False,84.0,0.284,14.0,16.67,6.0,7.14,0.8029999999999999,0.16200000000000003,18.59,9.42,14.29,23.7,26.03,14.89,63.0,0.246,19.0,30.16,3.0,4.76,0.727,0.175,29.77,16.96,13.91,30.87,36.11,25.0,43.0,0.268,7.0,16.28,1.0,2.33,0.8160000000000001,0.269,16.05,8.78,11.49,20.27,40.74,17.07,34.0,0.161,9.0,26.47,3.0,8.82,0.493,0.097,21.67,10.32,23.81,34.13,41.43,21.95
744924,2024-06-14,2024,686823,L,647315,R,field_out,False,False,166.0,0.242,21.0,12.65,14.0,8.43,0.6819999999999999,0.127,18.91,10.09,11.62,21.71,32.88,14.58,369.0,0.279,45.0,12.2,14.0,3.79,0.6930000000000001,0.0999999999999999,17.97,10.23,12.48,22.71,38.5,12.47,32.0,0.231,6.0,18.75,4.0,12.5,0.746,0.19199999999999998,38.78,17.43,14.68,32.11,30.65,26.09,22.0,0.316,5.0,22.73,3.0,13.64,1.251,0.526,36.36,16.44,13.7,30.14,28.89,31.25
744924,2024-06-14,2024,665489,R,661403,R,strikeout,True,False,238.0,0.289,42.0,17.65,26.0,10.92,0.782,0.123,24.73,11.61,15.31,26.93,24.32,13.68,558.0,0.26,85.0,15.23,48.0,8.6,0.792,0.2,23.83,12.29,11.94,24.23,30.21,15.37,54.0,0.265,13.0,24.07,2.0,3.7,0.6819999999999999,0.10199999999999998,28.1,14.85,12.23,27.07,27.59,16.05,151.0,0.232,22.0,14.57,6.0,3.97,0.5980000000000001,0.106,27.57,16.05,13.35,29.4,33.82,15.38
744924,2024-06-14,2024,666182,R,661403,R,field_out,False,False,221.0,0.263,37.0,16.74,12.0,5.43,0.702,0.127,21.65,12.35,11.28,23.62,35.96,16.82,496.0,0.303,102.0,20.56,20.0,4.03,0.797,0.161,21.9,12.38,11.73,24.11,38.01,17.91,54.0,0.265,13.0,24.07,2.0,3.7,0.6819999999999999,0.10199999999999998,28.1,14.85,12.23,27.07,27.59,16.05,151.0,0.232,22.0,14.57,6.0,3.97,0.5980000000000001,0.106,27.57,16.05,13.35,29.4,33.82,15.38
744924,2024-06-14,2024,457759,R,661403,R,field_out,False,False,168.0,0.205,28.0,16.67,19.0,11.31,0.612,0.10300000000000001,20.23,9.47,16.4,25.87,27.7,10.94,462.0,0.273,78.0,16.88,33.0,7.14,0.765,0.1569999999999999,16.44,7.32,17.97,25.29,25.33,12.0,54.0,0.265,13.0,24.07,2.0,3.7,0.6819999999999999,0.10199999999999998,28.1,14.85,12.23,27.07,27.59,16.05,151.0,0.232,22.0,14.57,6.0,3.97,0.5980000000000001,0.106,27.57,16.05,13.35,29.4,33.82,15.38
747025,2024-06-14,2024,656941,L,680694,R,home_run,False,False,183.0,0.199,54.0,29.51,31.0,16.94,0.7230000000000001,0.191,33.23,13.46,15.69,29.15,22.27,24.2,469.0,0.201,128.0,27.29,85.0,18.12,0.848,0.296,31.18,11.75,19.66,31.41,21.53,23.1,66.0,0.172,23.0,34.85,5.0,7.58,0.497,0.05200000000000002,28.45,12.04,20.44,32.48,25.19,28.05,304.0,0.22,78.0,25.66,27.0,8.88,0.624,0.11,24.81,10.84,18.01,28.85,25.16,21.31
747025,2024-06-14,2024,592206,R,680694,R,field_out,False,False,203.0,0.201,40.0,19.7,16.0,7.88,0.581,0.10899999999999999,31.2,18.14,10.43,28.57,39.11,18.78,485.0,0.252,140.0,28.87,25.0,5.15,0.733,0.192,37.06,20.57,11.78,32.36,40.41,25.27,78.0,0.206,26.0,33.33,9.0,11.54,0.608,0.10300000000000001,25.19,10.43,21.78,32.21,24.2,22.22,368.0,0.211,90.0,24.46,17.0,4.62,0.5900000000000001,0.119,26.97,12.79,18.3,31.1,29.84,21.63
747025,2024-06-14,2024,547180,L,680694,R,strikeout,True,False,166.0,0.281,31.0,18.67,26.0,15.66,0.932,0.259,28.3,13.79,9.56,23.35,32.96,18.13,375.0,0.295,80.0,21.33,60.0,16.0,0.907,0.199,31.39,15.65,8.66,24.31,32.27,20.0,66.0,0.172,23.0,34.85,5.0,7.58,0.497,0.05200000000000002,28.45,12.04,20.44,32.48,25.19,28.05,304.0,0.22,78.0,25.66,27.0,8.88,0.624,0.11,24.81,10.84,18.01,28.85,25.16,21.31
747025,2024-06-14,2024,664761,R,680694,R,field_out,False,False,187.0,0.301,29.0,15.51,14.0,7.49,0.84,0.181,18.93,8.98,15.12,24.1,24.92,16.67,445.0,0.263,68.0,15.28,34.0,7.64,0.7010000000000001,0.1139999999999999,17.17,8.27,16.06,24.33,28.14,13.48,78.0,0.206,26.0,33.33,9.0,11.54,0.608,0.10300000000000001,25.19,10.43,21.78,32.21,24.2,22.22,368.0,0.211,90.0,24.46,17.0,4.62,0.5900000000000001,0.119,26.97,12.79,18.3,31.1,29.84,21.63
747025,2024-06-14,2024,676059,R,624133,L,field_out,False,False,64.0,0.203,19.0,29.69,4.0,6.25,0.644,0.187,39.06,19.92,13.94,33.86,31.01,24.68,82.0,0.284,23.0,28.05,8.0,9.76,0.786,0.148,32.37,14.29,17.14,31.43,25.99,24.21,246.0,0.19,67.0,27.24,16.0,6.5,0.536,0.09299999999999997,25.23,11.66,17.6,29.27,31.14,23.66,448.0,0.278,100.0,22.32,45.0,10.04,0.7749999999999999,0.1459999999999999,24.15,10.61,17.49,28.1,27.96,20.41
747025,2024-06-14,2024,668939,R,624133,L,walk,False,True,89.0,0.419,13.0,14.61,3.0,3.37,1.124,0.26700000000000007,17.72,7.89,21.41,29.3,26.04,13.13,191.0,0.304,21.0,10.99,31.0,16.23,0.895,0.177,12.46,4.9,20.56,25.46,20.79,8.71,246.0,0.19,67.0,27.24,16.0,6.5,0.536,0.09299999999999997,25.23,11.66,17.6,29.27,31.14,23.66,448.0,0.278,100.0,22.32,45.0,10.04,0.7749999999999999,0.1459999999999999,24.15,10.61,17.49,28.1,27.96,20.41
747025,2024-06-14,2024,663624,R,624133,L,field_out,False,False,74.0,0.284,12.0,16.22,7.0,9.46,0.844,0.20900000000000002,21.02,11.19,12.54,23.73,38.22,14.12,161.0,0.338,29.0,18.01,15.0,9.32,1.053,0.317,25.46,14.21,11.82,26.03,41.95,16.86,246.0,0.19,67.0,27.24,16.0,6.5,0.536,0.09299999999999997,25.23,11.66,17.6,29.27,31.14,23.66,448.0,0.278,100.0,22.32,45.0,10.04,0.7749999999999999,0.1459999999999999,24.15,10.61,17.49,28.1,27.96,20.41
747025,2024-06-14,2024,683002,L,624133,L,strikeout,True,False,94.0,0.297,26.0,27.66,17.0,18.09,1.017,0.284,31.17,12.15,18.23,30.38,18.05,22.41,167.0,0.209,42.0,25.15,18.0,10.78,0.617,0.115,28.77,12.92,19.54,32.46,27.19,20.79,58.0,0.143,18.0,31.03,1.0,1.72,0.44,0.12500000000000003,22.73,11.96,20.1,32.06,41.0,25.35,93.0,0.218,19.0,20.43,3.0,3.23,0.612,0.15,17.48,8.93,20.0,28.93,40.77,29.69
747025,2024-06-14,2024,681082,L,680694,R,field_out,False,False,175.0,0.238,23.0,13.14,21.0,12.0,0.7190000000000001,0.15000000000000002,16.88,7.25,21.76,29.01,27.17,11.33,474.0,0.28,76.0,16.03,26.0,5.49,0.753,0.1509999999999999,14.49,6.52,22.08,28.6,28.42,11.93,66.0,0.172,23.0,34.85,5.0,7.58,0.497,0.05200000000000002,28.45,12.04,20.44,32.48,25.19,28.05,304.0,0.22,78.0,25.66,27.0,8.88,0.624,0.11,24.81,10.84,18.01,28.85,25.16,21.31
747025,2024-06-14,2024,624641,R,680694,R,field_out,False,False,77.0,0.243,22.0,28.57,3.0,3.9,0.6499999999999999,0.11399999999999999,37.87,20.65,11.61,32.26,42.86,21.78,176.0,0.239,41.0,23.3,5.0,2.84,0.669,0.148,29.23,17.12,12.31,29.43,41.96,19.16,78.0,0.206,26.0,33.33,9.0,11.54,0.608,0.10300000000000001,25.19,10.43,21.78,32.21,24.2,22.22,368.0,0.211,90.0,24.46,17.0,4.62,0.5900000000000001,0.119,26.97,12.79,18.3,31.1,29.84,21.63
747025,2024-06-14,2024,621311,L,680694,R,field_out,False,False,17.0,0.294,4.0,23.53,0.0,0.0,1.059,0.47100000000000003,18.42,11.29,8.06,19.35,44.12,18.18,9.0,0.111,2.0,22.22,0.0,0.0,0.555,0.333,25.0,12.9,16.13,29.03,33.33,33.33,66.0,0.172,23.0,34.85,5.0,7.58,0.497,0.05200000000000002,28.45,12.04,20.44,32.48,25.19,28.05,304.0,0.22,78.0,25.66,27.0,8.88,0.624,0.11,24.81,10.84,18.01,28.85,25.16,21.31
747025,2024-06-14,2024,623993,R,624133,L,field_out,False,False,68.0,0.268,17.0,25.0,8.0,11.76,0.864,0.21399999999999997,31.3,13.85,18.85,32.69,28.46,22.08,170.0,0.25,45.0,26.47,24.0,14.12,0.7909999999999999,0.188,28.15,11.77,18.98,30.75,26.34,19.31,246.0,0.19,67.0,27.24,16.0,6.5,0.536,0.09299999999999997,25.23,11.66,17.6,29.27,31.14,23.66,448.0,0.278,100.0,22.32,45.0,10.04,0.7749999999999999,0.1459999999999999,24.15,10.61,17.49,28.1,27.96,20.41
747025,2024-06-14,2024,669720,R,624133,L,walk,False,True,37.0,0.361,12.0,32.43,1.0,2.7,0.8220000000000001,0.08300000000000002,36.76,18.12,14.49,32.61,34.25,37.5,167.0,0.262,37.0,22.16,16.0,9.58,0.785,0.194,26.6,11.87,17.25,29.11,29.39,20.9,246.0,0.19,67.0,27.24,16.0,6.5,0.536,0.09299999999999997,25.23,11.66,17.6,29.27,31.14,23.66,448.0,0.278,100.0,22.32,45.0,10.04,0.7749999999999999,0.1459999999999999,24.15,10.61,17.49,28.1,27.96,20.41
747025,2024-06-14,2024,622761,R,624133,L,strikeout,True,False,57.0,0.275,14.0,24.56,5.0,8.77,0.939,0.31299999999999994,19.27,9.42,16.59,26.01,31.9,18.92,138.0,0.276,23.0,16.67,9.0,6.52,0.745,0.1409999999999999,24.81,12.67,15.88,28.54,31.42,15.23,246.0,0.19,67.0,27.24,16.0,6.5,0.536,0.09299999999999997,25.23,11.66,17.6,29.27,31.14,23.66,448.0,0.278,100.0,22.32,45.0,10.04,0.7749999999999999,0.1459999999999999,24.15,10.61,17.49,28.1,27.96,20.41
747025,2024-06-14,2024,543510,R,624133,L,force_out,False,False,48.0,0.17,12.0,25.0,0.0,0.0,0.44700000000000006,0.10700000000000001,30.53,17.37,14.97,32.34,38.67,24.0,114.0,0.2,26.0,22.81,3.0,2.63,0.592,0.173,26.42,14.87,13.96,28.83,35.5,16.35,246.0,0.19,67.0,27.24,16.0,6.5,0.536,0.09299999999999997,25.23,11.66,17.6,29.27,31.14,23.66,448.0,0.278,100.0,22.32,45.0,10.04,0.7749999999999999,0.1459999999999999,24.15,10.61,17.49,28.1,27.96,20.41
747025,2024-06-14,2024,665506,R,680694,R,strikeout,True,False,22.0,0.238,9.0,40.91,0.0,0.0,0.46499999999999997,0.0,42.22,21.84,16.09,37.93,23.68,36.0,38.0,0.121,14.0,36.84,5.0,13.16,0.4489999999999999,0.091,39.47,18.18,14.55,32.73,25.3,24.56,78.0,0.206,26.0,33.33,9.0,11.54,0.608,0.10300000000000001,25.19,10.43,21.78,32.21,24.2,22.22,368.0,0.211,90.0,24.46,17.0,4.62,0.5900000000000001,0.119,26.97,12.79,18.3,31.1,29.84,21.63
747025,2024-06-14,2024,665561,L,680694,R,field_out,False,False,4.0,0.0,1.0,25.0,0.0,0.0,0.0,0.0,0.0,0.0,18.18,18.18,22.22,9.09,,,,,,,,,,,,,,,66.0,0.172,23.0,34.85,5.0,7.58,0.497,0.05200000000000002,28.45,12.04,20.44,32.48,25.19,28.05,304.0,0.22,78.0,25.66,27.0,8.88,0.624,0.11,24.81,10.84,18.01,28.85,25.16,21.31
747025,2024-06-14,2024,656941,L,680694,R,strikeout,True,False,183.0,0.199,54.0,29.51,31.0,16.94,0.7230000000000001,0.191,33.23,13.46,15.69,29.15,22.27,24.2,469.0,0.201,128.0,27.29,85.0,18.12,0.848,0.296,31.18,11.75,19.66,31.41,21.53,23.1,66.0,0.172,23.0,34.85,5.0,7.58,0.497,0.05200000000000002,28.45,12.04,20.44,32.48,25.19,28.05,304.0,0.22,78.0,25.66,27.0,8.88,0.624,0.11,24.81,10.84,18.01,28.85,25.16,21.31
747025,2024-06-14,2024,656775,L,624133,L,double,False,False,51.0,0.143,12.0,23.53,1.0,1.96,0.4,0.08100000000000002,20.79,10.88,15.54,26.42,27.59,22.22,120.0,0.233,24.0,20.0,12.0,10.0,0.708,0.165,20.83,9.68,19.35,29.03,20.0,14.81,58.0,0.143,18.0,31.03,1.0,1.72,0.44,0.12500000000000003,22.73,11.96,20.1,32.06,41.0,25.35,93.0,0.218,19.0,20.43,3.0,3.23,0.612,0.15,17.48,8.93,20.0,28.93,40.77,29.69
747025,2024-06-14,2024,676059,R,624133,L,field_out,False,False,64.0,0.203,19.0,29.69,4.0,6.25,0.644,0.187,39.06,19.92,13.94,33.86,31.01,24.68,82.0,0.284,23.0,28.05,8.0,9.76,0.786,0.148,32.37,14.29,17.14,31.43,25.99,24.21,246.0,0.19,67.0,27.24,16.0,6.5,0.536,0.09299999999999997,25.23,11.66,17.6,29.27,31.14,23.66,448.0,0.278,100.0,22.32,45.0,10.04,0.7749999999999999,0.1459999999999999,24.15,10.61,17.49,28.1,27.96,20.41
747025,2024-06-14,2024,668939,R,624133,L,double,False,False,89.0,0.419,13.0,14.61,3.0,3.37,1.124,0.26700000000000007,17.72,7.89,21.41,29.3,26.04,13.13,191.0,0.304,21.0,10.99,31.0,16.23,0.895,0.177,12.46,4.9,20.56,25.46,20.79,8.71,246.0,0.19,67.0,27.24,16.0,6.5,0.536,0.09299999999999997,25.23,11.66,17.6,29.27,31.14,23.66,448.0,0.278,100.0,22.32,45.0,10.04,0.7749999999999999,0.1459999999999999,24.15,10.61,17.49,28.1,27.96,20.41
747025,2024-06-14,2024,663624,R,624133,L,strikeout,True,False,74.0,0.284,12.0,16.22,7.0,9.46,0.844,0.20900000000000002,21.02,11.19,12.54,23.73,38.22,14.12,161.0,0.338,29.0,18.01,15.0,9.32,1.053,0.317,25.46,14.21,11.82,26.03,41.95,16.86,246.0,0.19,67.0,27.24,16.0,6.5,0.536,0.09299999999999997,25.23,11.66,17.6,29.27,31.14,23.66,448.0,0.278,100.0,22.32,45.0,10.04,0.7749999999999999,0.1459999999999999,24.15,10.61,17.49,28.1,27.96,20.41
747025,2024-06-14,2024,683002,L,624133,L,strikeout,True,False,94.0,0.297,26.0,27.66,17.0,18.09,1.017,0.284,31.17,12.15,18.23,30.38,18.05,22.41,167.0,0.209,42.0,25.15,18.0,10.78,0.617,0.115,28.77,12.92,19.54,32.46,27.19,20.79,58.0,0.143,18.0,31.03,1.0,1.72,0.44,0.12500000000000003,22.73,11.96,20.1,32.06,41.0,25.35,93.0,0.218,19.0,20.43,3.0,3.23,0.612,0.15,17.48,8.93,20.0,28.93,40.77,29.69
747025,2024-06-14,2024,592206,R,680694,R,field_out,False,False,203.0,0.201,40.0,19.7,16.0,7.88,0.581,0.10899999999999999,31.2,18.14,10.43,28.57,39.11,18.78,485.0,0.252,140.0,28.87,25.0,5.15,0.733,0.192,37.06,20.57,11.78,32.36,40.41,25.27,78.0,0.206,26.0,33.33,9.0,11.54,0.608,0.10300000000000001,25.19,10.43,21.78,32.21,24.2,22.22,368.0,0.211,90.0,24.46,17.0,4.62,0.5900000000000001,0.119,26.97,12.79,18.3,31.1,29.84,21.63
747025,2024-06-14,2024,547180,L,680694,R,strikeout,True,False,166.0,0.281,31.0,18.67,26.0,15.66,0.932,0.259,28.3,13.79,9.56,23.35,32.96,18.13,375.0,0.295,80.0,21.33,60.0,16.0,0.907,0.199,31.39,15.65,8.66,24.31,32.27,20.0,66.0,0.172,23.0,34.85,5.0,7.58,0.497,0.05200000000000002,28.45,12.04,20.44,32.48,25.19,28.05,304.0,0.22,78.0,25.66,27.0,8.88,0.624,0.11,24.81,10.84,18.01,28.85,25.16,21.31
747025,2024-06-14,2024,664761,R,680694,R,single,False,False,187.0,0.301,29.0,15.51,14.0,7.49,0.84,0.181,18.93,8.98,15.12,24.1,24.92,16.67,445.0,0.263,68.0,15.28,34.0,7.64,0.7010000000000001,0.1139999999999999,17.17,8.27,16.06,24.33,28.14,13.48,78.0,0.206,26.0,33.33,9.0,11.54,0.608,0.10300000000000001,25.19,10.43,21.78,32.21,24.2,22.22,368.0,0.211,90.0,24.46,17.0,4.62,0.5900000000000001,0.119,26.97,12.79,18.3,31.1,29.84,21.63
747025,2024-06-14,2024,681082,L,680694,R,walk,False,True,175.0,0.238,23.0,13.14,21.0,12.0,0.7190000000000001,0.15000000000000002,16.88,7.25,21.76,29.01,27.17,11.33,474.0,0.28,76.0,16.03,26.0,5.49,0.753,0.1509999999999999,14.49,6.52,22.08,28.6,28.42,11.93,66.0,0.172,23.0,34.85,5.0,7.58,0.497,0.05200000000000002,28.45,12.04,20.44,32.48,25.19,28.05,304.0,0.22,78.0,25.66,27.0,8.88,0.624,0.11,24.81,10.84,18.01,28.85,25.16,21.31
747025,2024-06-14,2024,624641,R,680694,R,field_out,False,False,77.0,0.243,22.0,28.57,3.0,3.9,0.6499999999999999,0.11399999999999999,37.87,20.65,11.61,32.26,42.86,21.78,176.0,0.239,41.0,23.3,5.0,2.84,0.669,0.148,29.23,17.12,12.31,29.43,41.96,19.16,78.0,0.206,26.0,33.33,9.0,11.54,0.608,0.10300000000000001,25.19,10.43,21.78,32.21,24.2,22.22,368.0,0.211,90.0,24.46,17.0,4.62,0.5900000000000001,0.119,26.97,12.79,18.3,31.1,29.84,21.63
747025,2024-06-14,2024,623993,R,624133,L,single,False,False,68.0,0.268,17.0,25.0,8.0,11.76,0.864,0.21399999999999997,31.3,13.85,18.85,32.69,28.46,22.08,170.0,0.25,45.0,26.47,24.0,14.12,0.7909999999999999,0.188,28.15,11.77,18.98,30.75,26.34,19.31,246.0,0.19,67.0,27.24,16.0,6.5,0.536,0.09299999999999997,25.23,11.66,17.6,29.27,31.14,23.66,448.0,0.278,100.0,22.32,45.0,10.04,0.7749999999999999,0.1459999999999999,24.15,10.61,17.49,28.1,27.96,20.41
747025,2024-06-14,2024,669720,R,624133,L,single,False,False,37.0,0.361,12.0,32.43,1.0,2.7,0.8220000000000001,0.08300000000000002,36.76,18.12,14.49,32.61,34.25,37.5,167.0,0.262,37.0,22.16,16.0,9.58,0.785,0.194,26.6,11.87,17.25,29.11,29.39,20.9,246.0,0.19,67.0,27.24,16.0,6.5,0.536,0.09299999999999997,25.23,11.66,17.6,29.27,31.14,23.66,448.0,0.278,100.0,22.32,45.0,10.04,0.7749999999999999,0.1459999999999999,24.15,10.61,17.49,28.1,27.96,20.41
747025,2024-06-14,2024,622761,R,624133,L,force_out,False,False,57.0,0.275,14.0,24.56,5.0,8.77,0.939,0.31299999999999994,19.27,9.42,16.59,26.01,31.9,18.92,138.0,0.276,23.0,16.67,9.0,6.52,0.745,0.1409999999999999,24.81,12.67,15.88,28.54,31.42,15.23,246.0,0.19,67.0,27.24,16.0,6.5,0.536,0.09299999999999997,25.23,11.66,17.6,29.27,31.14,23.66,448.0,0.278,100.0,22.32,45.0,10.04,0.7749999999999999,0.1459999999999999,24.15,10.61,17.49,28.1,27.96,20.41
747025,2024-06-14,2024,543510,R,624133,L,grounded_into_double_play,False,False,48.0,0.17,12.0,25.0,0.0,0.0,0.44700000000000006,0.10700000000000001,30.53,17.37,14.97,32.34,38.67,24.0,114.0,0.2,26.0,22.81,3.0,2.63,0.592,0.173,26.42,14.87,13.96,28.83,35.5,16.35,246.0,0.19,67.0,27.24,16.0,6.5,0.536,0.09299999999999997,25.23,11.66,17.6,29.27,31.14,23.66,448.0,0.278,100.0,22.32,45.0,10.04,0.7749999999999999,0.1459999999999999,24.15,10.61,17.49,28.1,27.96,20.41
747025,2024-06-14,2024,621311,L,680694,R,field_out,False,False,17.0,0.294,4.0,23.53,0.0,0.0,1.059,0.47100000000000003,18.42,11.29,8.06,19.35,44.12,18.18,9.0,0.111,2.0,22.22,0.0,0.0,0.555,0.333,25.0,12.9,16.13,29.03,33.33,33.33,66.0,0.172,23.0,34.85,5.0,7.58,0.497,0.05200000000000002,28.45,12.04,20.44,32.48,25.19,28.05,304.0,0.22,78.0,25.66,27.0,8.88,0.624,0.11,24.81,10.84,18.01,28.85,25.16,21.31
747025,2024-06-14,2024,665506,R,680694,R,field_out,False,False,22.0,0.238,9.0,40.91,0.0,0.0,0.46499999999999997,0.0,42.22,21.84,16.09,37.93,23.68,36.0,38.0,0.121,14.0,36.84,5.0,13.16,0.4489999999999999,0.091,39.47,18.18,14.55,32.73,25.3,24.56,78.0,0.206,26.0,33.33,9.0,11.54,0.608,0.10300000000000001,25.19,10.43,21.78,32.21,24.2,22.22,368.0,0.211,90.0,24.46,17.0,4.62,0.5900000000000001,0.119,26.97,12.79,18.3,31.1,29.84,21.63
747025,2024-06-14,2024,665561,L,680694,R,home_run,False,False,4.0,0.0,1.0,25.0,0.0,0.0,0.0,0.0,0.0,0.0,18.18,18.18,22.22,9.09,,,,,,,,,,,,,,,66.0,0.172,23.0,34.85,5.0,7.58,0.497,0.05200000000000002,28.45,12.04,20.44,32.48,25.19,28.05,304.0,0.22,78.0,25.66,27.0,8.88,0.624,0.11,24.81,10.84,18.01,28.85,25.16,21.31
747025,2024-06-14,2024,656941,L,680694,R,field_out,False,False,183.0,0.199,54.0,29.51,31.0,16.94,0.7230000000000001,0.191,33.23,13.46,15.69,29.15,22.27,24.2,469.0,0.201,128.0,27.29,85.0,18.12,0.848,0.296,31.18,11.75,19.66,31.41,21.53,23.1,66.0,0.172,23.0,34.85,5.0,7.58,0.497,0.05200000000000002,28.45,12.04,20.44,32.48,25.19,28.05,304.0,0.22,78.0,25.66,27.0,8.88,0.624,0.11,24.81,10.84,18.01,28.85,25.16,21.31
747025,2024-06-14,2024,656775,L,624133,L,field_out,False,False,51.0,0.143,12.0,23.53,1.0,1.96,0.4,0.08100000000000002,20.79,10.88,15.54,26.42,27.59,22.22,120.0,0.233,24.0,20.0,12.0,10.0,0.708,0.165,20.83,9.68,19.35,29.03,20.0,14.81,58.0,0.143,18.0,31.03,1.0,1.72,0.44,0.12500000000000003,22.73,11.96,20.1,32.06,41.0,25.35,93.0,0.218,19.0,20.43,3.0,3.23,0.612,0.15,17.48,8.93,20.0,28.93,40.77,29.69
747025,2024-06-14,2024,676059,R,624133,L,field_out,False,False,64.0,0.203,19.0,29.69,4.0,6.25,0.644,0.187,39.06,19.92,13.94,33.86,31.01,24.68,82.0,0.284,23.0,28.05,8.0,9.76,0.786,0.148,32.37,14.29,17.14,31.43,25.99,24.21,246.0,0.19,67.0,27.24,16.0,6.5,0.536,0.09299999999999997,25.23,11.66,17.6,29.27,31.14,23.66,448.0,0.278,100.0,22.32,45.0,10.04,0.7749999999999999,0.1459999999999999,24.15,10.61,17.49,28.1,27.96,20.41
747025,2024-06-14,2024,668939,R,624133,L,field_out,False,False,89.0,0.419,13.0,14.61,3.0,3.37,1.124,0.26700000000000007,17.72,7.89,21.41,29.3,26.04,13.13,191.0,0.304,21.0,10.99,31.0,16.23,0.895,0.177,12.46,4.9,20.56,25.46,20.79,8.71,246.0,0.19,67.0,27.24,16.0,6.5,0.536,0.09299999999999997,25.23,11.66,17.6,29.27,31.14,23.66,448.0,0.278,100.0,22.32,45.0,10.04,0.7749999999999999,0.1459999999999999,24.15,10.61,17.49,28.1,27.96,20.41
747025,2024-06-14,2024,592206,R,669211,L,strikeout,True,False,80.0,0.25,21.0,26.25,4.0,5.0,0.788,0.25,33.33,18.43,11.95,30.38,39.07,25.61,188.0,0.324,45.0,23.94,11.0,5.85,0.93,0.237,31.05,17.91,10.17,28.07,42.3,21.63,77.0,0.206,20.0,25.97,7.0,9.09,0.629,0.147,29.85,13.33,18.67,32.0,24.14,24.1,67.0,0.345,18.0,26.87,7.0,10.45,0.857,0.103,25.5,12.88,15.93,28.81,31.58,16.98
747025,2024-06-14,2024,547180,L,669211,L,field_out,False,False,110.0,0.283,31.0,28.18,17.0,15.45,0.902,0.22800000000000004,32.89,16.3,11.23,27.53,33.07,23.66,171.0,0.289,39.0,22.81,20.0,11.7,0.884,0.221,38.61,20.03,9.85,29.89,35.59,22.41,59.0,0.245,15.0,25.42,5.0,8.47,0.763,0.20800000000000002,23.0,9.43,19.67,29.1,17.7,21.74,46.0,0.326,9.0,19.57,0.0,0.0,0.869,0.217,24.44,13.33,19.39,32.73,38.36,19.15
747025,2024-06-14,2024,664761,R,669211,L,field_out,False,False,92.0,0.256,10.0,10.87,6.0,6.52,0.711,0.15099999999999997,11.39,5.5,14.98,20.49,25.15,11.24,167.0,0.303,26.0,15.57,8.0,4.79,0.929,0.291,20.3,10.86,12.97,23.82,35.24,14.21,77.0,0.206,20.0,25.97,7.0,9.09,0.629,0.147,29.85,13.33,18.67,32.0,24.14,24.1,67.0,0.345,18.0,26.87,7.0,10.45,0.857,0.103,25.5,12.88,15.93,28.81,31.58,16.98
747025,2024-06-14,2024,663624,R,624133,L,field_out,False,False,74.0,0.284,12.0,16.22,7.0,9.46,0.844,0.20900000000000002,21.02,11.19,12.54,23.73,38.22,14.12,161.0,0.338,29.0,18.01,15.0,9.32,1.053,0.317,25.46,14.21,11.82,26.03,41.95,16.86,246.0,0.19,67.0,27.24,16.0,6.5,0.536,0.09299999999999997,25.23,11.66,17.6,29.27,31.14,23.66,448.0,0.278,100.0,22.32,45.0,10.04,0.7749999999999999,0.1459999999999999,24.15,10.61,17.49,28.1,27.96,20.41
747025,2024-06-14,2024,683002,L,624133,L,single,False,False,94.0,0.297,26.0,27.66,17.0,18.09,1.017,0.284,31.17,12.15,18.23,30.38,18.05,22.41,167.0,0.209,42.0,25.15,18.0,10.78,0.617,0.115,28.77,12.92,19.54,32.46,27.19,20.79,58.0,0.143,18.0,31.03,1.0,1.72,0.44,0.12500000000000003,22.73,11.96,20.1,32.06,41.0,25.35,93.0,0.218,19.0,20.43,3.0,3.23,0.612,0.15,17.48,8.93,20.0,28.93,40.77,29.69
747025,2024-06-14,2024,623993,R,624133,L,strikeout,True,False,68.0,0.268,17.0,25.0,8.0,11.76,0.864,0.21399999999999997,31.3,13.85,18.85,32.69,28.46,22.08,170.0,0.25,45.0,26.47,24.0,14.12,0.7909999999999999,0.188,28.15,11.77,18.98,30.75,26.34,19.31,246.0,0.19,67.0,27.24,16.0,6.5,0.536,0.09299999999999997,25.23,11.66,17.6,29.27,31.14,23.66,448.0,0.278,100.0,22.32,45.0,10.04,0.7749999999999999,0.1459999999999999,24.15,10.61,17.49,28.1,27.96,20.41
747025,2024-06-14,2024,669720,R,624133,L,strikeout,True,False,37.0,0.361,12.0,32.43,1.0,2.7,0.8220000000000001,0.08300000000000002,36.76,18.12,14.49,32.61,34.25,37.5,167.0,0.262,37.0,22.16,16.0,9.58,0.785,0.194,26.6,11.87,17.25,29.11,29.39,20.9,246.0,0.19,67.0,27.24,16.0,6.5,0.536,0.09299999999999997,25.23,11.66,17.6,29.27,31.14,23.66,448.0,0.278,100.0,22.32,45.0,10.04,0.7749999999999999,0.1459999999999999,24.15,10.61,17.49,28.1,27.96,20.41
747025,2024-06-14,2024,681082,L,669211,L,field_out,False,False,69.0,0.254,13.0,18.84,9.0,13.04,0.7010000000000001,0.08500000000000002,15.84,5.84,25.18,31.02,17.6,17.11,167.0,0.282,24.0,14.37,13.0,7.78,0.73,0.101,17.59,7.8,22.11,29.91,32.56,10.39,59.0,0.245,15.0,25.42,5.0,8.47,0.763,0.20800000000000002,23.0,9.43,19.67,29.1,17.7,21.74,46.0,0.326,9.0,19.57,0.0,0.0,0.869,0.217,24.44,13.33,19.39,32.73,38.36,19.15
747025,2024-06-14,2024,624641,R,669211,L,field_out,False,False,53.0,0.348,9.0,16.98,5.0,9.43,1.173,0.391,29.09,15.17,12.32,27.49,34.45,15.79,124.0,0.267,33.0,26.61,3.0,2.42,0.792,0.2159999999999999,27.7,16.7,13.23,29.93,44.69,21.29,77.0,0.206,20.0,25.97,7.0,9.09,0.629,0.147,29.85,13.33,18.67,32.0,24.14,24.1,67.0,0.345,18.0,26.87,7.0,10.45,0.857,0.103,25.5,12.88,15.93,28.81,31.58,16.98
747025,2024-06-14,2024,621311,L,669211,L,strikeout,True,False,2.0,0.0,0.0,0.0,0.0,0.0,0.0,0.0,20.0,11.11,22.22,33.33,33.33,0.0,,,,,,,,,,,,,,,59.0,0.245,15.0,25.42,5.0,8.47,0.763,0.20800000000000002,23.0,9.43,19.67,29.1,17.7,21.74,46.0,0.326,9.0,19.57,0.0,0.0,0.869,0.217,24.44,13.33,19.39,32.73,38.36,19.15
747025,2024-06-14,2024,622761,R,624133,L,field_out,False,False,57.0,0.275,14.0,24.56,5.0,8.77,0.939,0.31299999999999994,19.27,9.42,16.59,26.01,31.9,18.92,138.0,0.276,23.0,16.67,9.0,6.52,0.745,0.1409999999999999,24.81,12.67,15.88,28.54,31.42,15.23,246.0,0.19,67.0,27.24,16.0,6.5,0.536,0.09299999999999997,25.23,11.66,17.6,29.27,31.14,23.66,448.0,0.278,100.0,22.32,45.0,10.04,0.7749999999999999,0.1459999999999999,24.15,10.61,17.49,28.1,27.96,20.41
747025,2024-06-14,2024,543510,R,624133,L,single,False,False,48.0,0.17,12.0,25.0,0.0,0.0,0.44700000000000006,0.10700000000000001,30.53,17.37,14.97,32.34,38.67,24.0,114.0,0.2,26.0,22.81,3.0,2.63,0.592,0.173,26.42,14.87,13.96,28.83,35.5,16.35,246.0,0.19,67.0,27.24,16.0,6.5,0.536,0.09299999999999997,25.23,11.66,17.6,29.27,31.14,23.66,448.0,0.278,100.0,22.32,45.0,10.04,0.7749999999999999,0.1459999999999999,24.15,10.61,17.49,28.1,27.96,20.41
747025,2024-06-14,2024,656775,L,624133,L,field_out,False,False,51.0,0.143,12.0,23.53,1.0,1.96,0.4,0.08100000000000002,20.79,10.88,15.54,26.42,27.59,22.22,120.0,0.233,24.0,20.0,12.0,10.0,0.708,0.165,20.83,9.68,19.35,29.03,20.0,14.81,58.0,0.143,18.0,31.03,1.0,1.72,0.44,0.12500000000000003,22.73,11.96,20.1,32.06,41.0,25.35,93.0,0.218,19.0,20.43,3.0,3.23,0.612,0.15,17.48,8.93,20.0,28.93,40.77,29.69
747025,2024-06-14,2024,676059,R,656546,R,double,False,False,198.0,0.304,33.0,16.67,12.0,6.06,0.895,0.23200000000000004,25.72,13.01,15.01,28.02,29.97,13.5,146.0,0.246,33.0,22.6,8.0,5.48,0.6779999999999999,0.142,22.97,11.73,16.25,27.98,29.59,19.76,70.0,0.161,22.0,31.43,6.0,8.57,0.40900000000000003,0.015999999999999986,37.04,18.52,14.44,32.96,29.85,26.51,129.0,0.122,43.0,33.33,10.0,7.75,0.423,0.104,34.44,17.65,14.42,32.07,34.34,24.57
747025,2024-06-14,2024,668939,L,656546,R,strikeout,True,False,196.0,0.235,40.0,20.41,14.0,7.14,0.6599999999999999,0.134,21.98,10.43,19.47,29.9,33.93,17.24,496.0,0.267,80.0,16.13,61.0,12.3,0.778,0.1519999999999999,16.76,6.91,19.7,26.61,24.41,12.54,48.0,0.2,16.0,33.33,2.0,4.17,0.628,0.178,31.58,17.44,14.53,31.98,42.31,30.77,80.0,0.221,26.0,32.5,9.0,11.25,0.63,0.088,34.86,17.48,12.61,30.09,33.51,21.31
747025,2024-06-14,2024,665506,R,669211,L,field_out,False,False,47.0,0.205,15.0,31.91,8.0,17.02,0.648,0.10300000000000001,29.41,12.63,15.15,27.78,18.81,25.86,57.0,0.314,13.0,22.81,5.0,8.77,0.924,0.235,32.38,15.45,14.09,29.55,25.93,19.4,77.0,0.206,20.0,25.97,7.0,9.09,0.629,0.147,29.85,13.33,18.67,32.0,24.14,24.1,67.0,0.345,18.0,26.87,7.0,10.45,0.857,0.103,25.5,12.88,15.93,28.81,31.58,16.98
747025,2024-06-14,2024,665561,R,669211,L,strikeout,True,False,,,,,,,,,,,,,,,,,,,,,,,,,,,,,77.0,0.206,20.0,25.97,7.0,9.09,0.629,0.147,29.85,13.33,18.67,32.0,24.14,24.1,67.0,0.345,18.0,26.87,7.0,10.45,0.857,0.103,25.5,12.88,15.93,28.81,31.58,16.98
747025,2024-06-14,2024,656941,L,669211,L,strikeout,True,False,122.0,0.32,32.0,26.23,19.0,15.57,0.9019999999999999,0.15599999999999997,34.05,12.68,21.33,34.0,18.41,25.0,253.0,0.188,87.0,34.39,41.0,16.21,0.758,0.242,32.04,11.82,21.04,32.86,21.61,24.51,59.0,0.245,15.0,25.42,5.0,8.47,0.763,0.20800000000000002,23.0,9.43,19.67,29.1,17.7,21.74,46.0,0.326,9.0,19.57,0.0,0.0,0.869,0.217,24.44,13.33,19.39,32.73,38.36,19.15
747025,2024-06-14,2024,663624,R,621381,L,field_out,False,False,74.0,0.284,12.0,16.22,7.0,9.46,0.844,0.20900000000000002,21.02,11.19,12.54,23.73,38.22,14.12,161.0,0.338,29.0,18.01,15.0,9.32,1.053,0.317,25.46,14.21,11.82,26.03,41.95,16.86,70.0,0.154,28.0,40.0,4.0,5.71,0.462,0.10800000000000001,27.33,14.73,16.3,31.03,33.58,21.05,253.0,0.214,77.0,30.43,19.0,7.51,0.671,0.183,28.04,14.1,15.88,29.98,27.99,24.6
747025,2024-06-14,2024,683002,L,621381,L,field_out,False,False,94.0,0.297,26.0,27.66,17.0,18.09,1.017,0.284,31.17,12.15,18.23,30.38,18.05,22.41,167.0,0.209,42.0,25.15,18.0,10.78,0.617,0.115,28.77,12.92,19.54,32.46,27.19,20.79,30.0,0.233,11.0,36.67,0.0,0.0,0.466,0.0,25.81,14.16,18.58,32.74,32.56,22.45,98.0,0.209,31.0,31.63,2.0,2.04,0.556,0.11,27.93,14.16,19.83,33.99,33.1,28.44
747025,2024-06-14,2024,623993,R,621381,L,home_run,False,False,68.0,0.268,17.0,25.0,8.0,11.76,0.864,0.21399999999999997,31.3,13.85,18.85,32.69,28.46,22.08,170.0,0.25,45.0,26.47,24.0,14.12,0.7909999999999999,0.188,28.15,11.77,18.98,30.75,26.34,19.31,70.0,0.154,28.0,40.0,4.0,5.71,0.462,0.10800000000000001,27.33,14.73,16.3,31.03,33.58,21.05,253.0,0.214,77.0,30.43,19.0,7.51,0.671,0.183,28.04,14.1,15.88,29.98,27.99,24.6
747025,2024-06-14,2024,669720,R,621381,L,field_out,False,False,37.0,0.361,12.0,32.43,1.0,2.7,0.8220000000000001,0.08300000000000002,36.76,18.12,14.49,32.61,34.25,37.5,167.0,0.262,37.0,22.16,16.0,9.58,0.785,0.194,26.6,11.87,17.25,29.11,29.39,20.9,70.0,0.154,28.0,40.0,4.0,5.71,0.462,0.10800000000000001,27.33,14.73,16.3,31.03,33.58,21.05,253.0,0.214,77.0,30.43,19.0,7.51,0.671,0.183,28.04,14.1,15.88,29.98,27.99,24.6
747025,2024-06-14,2024,592206,R,518886,R,field_out,False,False,203.0,0.201,40.0,19.7,16.0,7.88,0.581,0.10899999999999999,31.2,18.14,10.43,28.57,39.11,18.78,485.0,0.252,140.0,28.87,25.0,5.15,0.733,0.192,37.06,20.57,11.78,32.36,40.41,25.27,53.0,0.14,16.0,30.19,7.0,13.21,0.44599999999999995,0.022999999999999993,30.0,11.64,17.67,29.31,18.55,29.09,162.0,0.179,56.0,34.57,14.0,8.64,0.614,0.18,31.13,14.35,18.32,32.67,27.59,25.81
747025,2024-06-14,2024,547180,L,518886,R,field_out,False,False,166.0,0.281,31.0,18.67,26.0,15.66,0.932,0.259,28.3,13.79,9.56,23.35,32.96,18.13,375.0,0.295,80.0,21.33,60.0,16.0,0.907,0.199,31.39,15.65,8.66,24.31,32.27,20.0,43.0,0.179,18.0,41.86,3.0,6.98,0.597,0.18,29.49,12.64,23.08,35.71,25.32,30.51,116.0,0.184,38.0,32.76,14.0,12.07,0.608,0.122,35.96,16.91,15.67,32.58,30.67,23.6
747025,2024-06-14,2024,664761,R,518886,R,single,False,False,187.0,0.301,29.0,15.51,14.0,7.49,0.84,0.181,18.93,8.98,15.12,24.1,24.92,16.67,445.0,0.263,68.0,15.28,34.0,7.64,0.7010000000000001,0.1139999999999999,17.17,8.27,16.06,24.33,28.14,13.48,53.0,0.14,16.0,30.19,7.0,13.21,0.44599999999999995,0.022999999999999993,30.0,11.64,17.67,29.31,18.55,29.09,162.0,0.179,56.0,34.57,14.0,8.64,0.614,0.18,31.13,14.35,18.32,32.67,27.59,25.81
747025,2024-06-14,2024,681082,L,518886,R,strikeout,True,False,175.0,0.238,23.0,13.14,21.0,12.0,0.7190000000000001,0.15000000000000002,16.88,7.25,21.76,29.01,27.17,11.33,474.0,0.28,76.0,16.03,26.0,5.49,0.753,0.1509999999999999,14.49,6.52,22.08,28.6,28.42,11.93,43.0,0.179,18.0,41.86,3.0,6.98,0.597,0.18,29.49,12.64,23.08,35.71,25.32,30.51,116.0,0.184,38.0,32.76,14.0,12.07,0.608,0.122,35.96,16.91,15.67,32.58,30.67,23.6
747025,2024-06-14,2024,622761,R,621237,L,field_out,False,False,57.0,0.275,14.0,24.56,5.0,8.77,0.939,0.31299999999999994,19.27,9.42,16.59,26.01,31.9,18.92,138.0,0.276,23.0,16.67,9.0,6.52,0.745,0.1409999999999999,24.81,12.67,15.88,28.54,31.42,15.23,82.0,0.239,23.0,28.05,9.0,10.98,0.667,0.09900000000000003,25.6,11.91,14.96,26.87,29.95,18.7,126.0,0.187,51.0,40.48,18.0,14.29,0.612,0.121,38.81,19.34,13.24,32.58,30.61,23.83
747025,2024-06-14,2024,543510,R,621237,L,field_out,False,False,48.0,0.17,12.0,25.0,0.0,0.0,0.44700000000000006,0.10700000000000001,30.53,17.37,14.97,32.34,38.67,24.0,114.0,0.2,26.0,22.81,3.0,2.63,0.592,0.173,26.42,14.87,13.96,28.83,35.5,16.35,82.0,0.239,23.0,28.05,9.0,10.98,0.667,0.09900000000000003,25.6,11.91,14.96,26.87,29.95,18.7,126.0,0.187,51.0,40.48,18.0,14.29,0.612,0.121,38.81,19.34,13.24,32.58,30.61,23.83
747025,2024-06-14,2024,656775,L,621237,L,field_out,False,False,51.0,0.143,12.0,23.53,1.0,1.96,0.4,0.08100000000000002,20.79,10.88,15.54,26.42,27.59,22.22,120.0,0.233,24.0,20.0,12.0,10.0,0.708,0.165,20.83,9.68,19.35,29.03,20.0,14.81,37.0,0.118,9.0,24.32,3.0,8.11,0.33599999999999997,0.028999999999999998,24.64,12.59,20.0,32.59,38.6,20.0,47.0,0.217,13.0,27.66,0.0,0.0,0.521,0.087,14.81,7.02,22.81,29.82,36.84,27.66
747025,2024-06-14,2024,624641,R,666974,R,single,False,False,77.0,0.243,22.0,28.57,3.0,3.9,0.6499999999999999,0.11399999999999999,37.87,20.65,11.61,32.26,42.86,21.78,176.0,0.239,41.0,23.3,5.0,2.84,0.669,0.148,29.23,17.12,12.31,29.43,41.96,19.16,83.0,0.205,26.0,31.33,9.0,10.84,0.616,0.11000000000000001,31.98,15.54,16.1,31.64,35.56,20.16,173.0,0.202,45.0,26.01,6.0,3.47,0.5569999999999999,0.1109999999999999,25.79,12.87,18.68,31.55,32.06,21.84
747025,2024-06-14,2024,621311,L,666974,R,fielders_choice_out,False,False,17.0,0.294,4.0,23.53,0.0,0.0,1.059,0.47100000000000003,18.42,11.29,8.06,19.35,44.12,18.18,9.0,0.111,2.0,22.22,0.0,0.0,0.555,0.333,25.0,12.9,16.13,29.03,33.33,33.33,41.0,0.243,4.0,9.76,4.0,9.76,0.749,0.189,31.65,15.92,8.92,24.84,34.04,10.0,110.0,0.262,20.0,18.18,7.0,6.36,0.6679999999999999,0.0969999999999999,25.13,12.66,12.14,24.81,32.71,22.22
747025,2024-06-14,2024,665506,R,666974,R,walk,False,True,22.0,0.238,9.0,40.91,0.0,0.0,0.46499999999999997,0.0,42.22,21.84,16.09,37.93,23.68,36.0,38.0,0.121,14.0,36.84,5.0,13.16,0.4489999999999999,0.091,39.47,18.18,14.55,32.73,25.3,24.56,83.0,0.205,26.0,31.33,9.0,10.84,0.616,0.11000000000000001,31.98,15.54,16.1,31.64,35.56,20.16,173.0,0.202,45.0,26.01,6.0,3.47,0.5569999999999999,0.1109999999999999,25.79,12.87,18.68,31.55,32.06,21.84
747025,2024-06-14,2024,665561,L,666974,R,strikeout,True,False,4.0,0.0,1.0,25.0,0.0,0.0,0.0,0.0,0.0,0.0,18.18,18.18,22.22,9.09,,,,,,,,,,,,,,,41.0,0.243,4.0,9.76,4.0,9.76,0.749,0.189,31.65,15.92,8.92,24.84,34.04,10.0,110.0,0.262,20.0,18.18,7.0,6.36,0.6679999999999999,0.0969999999999999,25.13,12.66,12.14,24.81,32.71,22.22
747025,2024-06-14,2024,656941,L,672335,L,single,False,False,122.0,0.32,32.0,26.23,19.0,15.57,0.9019999999999999,0.15599999999999997,34.05,12.68,21.33,34.0,18.41,25.0,253.0,0.188,87.0,34.39,41.0,16.21,0.758,0.242,32.04,11.82,21.04,32.86,21.61,24.51,32.0,0.167,8.0,25.0,1.0,3.12,0.486,0.1,23.73,12.17,13.04,25.22,36.21,25.81,109.0,0.213,24.0,22.02,13.0,11.93,0.602,0.0739999999999999,21.23,9.38,17.28,26.67,28.02,21.24
747025,2024-06-14,2024,676059,R,689147,R,hit_by_pitch,False,False,198.0,0.304,33.0,16.67,12.0,6.06,0.895,0.23200000000000004,25.72,13.01,15.01,28.02,29.97,13.5,146.0,0.246,33.0,22.6,8.0,5.48,0.6779999999999999,0.142,22.97,11.73,16.25,27.98,29.59,19.76,47.0,0.178,12.0,25.53,2.0,4.26,0.435,0.04400000000000001,28.57,13.04,21.74,34.78,31.46,21.43,7.0,0.4,1.0,14.29,2.0,28.57,0.971,0.0,18.18,5.71,22.86,28.57,25.0,10.0
747025,2024-06-14,2024,668939,L,689147,R,strikeout,True,False,196.0,0.235,40.0,20.41,14.0,7.14,0.6599999999999999,0.134,21.98,10.43,19.47,29.9,33.93,17.24,496.0,0.267,80.0,16.13,61.0,12.3,0.778,0.1519999999999999,16.76,6.91,19.7,26.61,24.41,12.54,45.0,0.211,14.0,31.11,3.0,6.67,0.5389999999999999,0.025999999999999995,23.0,11.0,21.05,32.06,24.72,14.89,7.0,0.143,5.0,71.43,0.0,0.0,0.4289999999999999,0.143,63.64,26.92,30.77,57.69,41.67,71.43
747025,2024-06-14,2024,656811,L,689147,R,strikeout,True,False,185.0,0.294,20.0,10.81,15.0,8.11,0.851,0.20600000000000002,17.15,7.73,16.76,24.49,22.66,12.5,340.0,0.297,74.0,21.76,13.0,3.82,0.802,0.178,22.26,11.29,14.37,25.66,31.15,17.72,45.0,0.211,14.0,31.11,3.0,6.67,0.5389999999999999,0.025999999999999995,23.0,11.0,21.05,32.06,24.72,14.89,7.0,0.143,5.0,71.43,0.0,0.0,0.4289999999999999,0.143,63.64,26.92,30.77,57.69,41.67,71.43
747025,2024-06-14,2024,683002,L,689147,R,walk,False,True,210.0,0.263,46.0,21.9,20.0,9.52,0.94,0.33399999999999996,25.54,11.82,14.3,26.12,23.43,23.12,455.0,0.272,117.0,25.71,38.0,8.35,0.885,0.277,25.57,12.07,15.7,27.78,26.4,22.35,45.0,0.211,14.0,31.11,3.0,6.67,0.5389999999999999,0.025999999999999995,23.0,11.0,21.05,32.06,24.72,14.89,7.0,0.143,5.0,71.43,0.0,0.0,0.4289999999999999,0.143,63.64,26.92,30.77,57.69,41.67,71.43
747025,2024-06-14,2024,623993,L,689147,R,field_out,False,False,200.0,0.207,33.0,16.5,13.0,6.5,0.7210000000000001,0.24400000000000002,16.97,9.19,13.42,22.61,40.46,12.79,486.0,0.26,107.0,22.02,31.0,6.38,0.798,0.2229999999999999,22.13,11.37,14.84,26.21,37.22,15.21,45.0,0.211,14.0,31.11,3.0,6.67,0.5389999999999999,0.025999999999999995,23.0,11.0,21.05,32.06,24.72,14.89,7.0,0.143,5.0,71.43,0.0,0.0,0.4289999999999999,0.143,63.64,26.92,30.77,57.69,41.67,71.43
747025,2024-06-14,2024,592206,R,657097,R,field_out,False,False,203.0,0.201,40.0,19.7,16.0,7.88,0.581,0.10899999999999999,31.2,18.14,10.43,28.57,39.11,18.78,485.0,0.252,140.0,28.87,25.0,5.15,0.733,0.192,37.06,20.57,11.78,32.36,40.41,25.27,83.0,0.208,18.0,21.69,11.0,13.25,0.619,0.098,26.49,12.16,15.81,27.96,23.57,18.18,154.0,0.178,38.0,24.68,15.0,9.74,0.6080000000000001,0.155,31.15,16.29,14.33,30.62,34.71,18.27
747025,2024-06-14,2024,547180,L,657097,R,intent_walk,False,True,166.0,0.281,31.0,18.67,26.0,15.66,0.932,0.259,28.3,13.79,9.56,23.35,32.96,18.13,375.0,0.295,80.0,21.33,60.0,16.0,0.907,0.199,31.39,15.65,8.66,24.31,32.27,20.0,43.0,0.1,10.0,23.26,3.0,6.98,0.28800000000000003,0.024999999999999994,30.86,16.34,15.69,32.03,32.86,23.81,78.0,0.246,19.0,24.36,15.0,19.23,0.79,0.147,34.42,16.36,12.04,28.4,29.88,18.27
747025,2024-06-14,2024,664761,R,657097,R,double,False,False,187.0,0.301,29.0,15.51,14.0,7.49,0.84,0.181,18.93,8.98,15.12,24.1,24.92,16.67,445.0,0.263,68.0,15.28,34.0,7.64,0.7010000000000001,0.1139999999999999,17.17,8.27,16.06,24.33,28.14,13.48,83.0,0.208,18.0,21.69,11.0,13.25,0.619,0.098,26.49,12.16,15.81,27.96,23.57,18.18,154.0,0.178,38.0,24.68,15.0,9.74,0.6080000000000001,0.155,31.15,16.29,14.33,30.62,34.71,18.27
747025,2024-06-14,2024,681082,L,657097,R,strikeout,True,False,175.0,0.238,23.0,13.14,21.0,12.0,0.7190000000000001,0.15000000000000002,16.88,7.25,21.76,29.01,27.17,11.33,474.0,0.28,76.0,16.03,26.0,5.49,0.753,0.1509999999999999,14.49,6.52,22.08,28.6,28.42,11.93,43.0,0.1,10.0,23.26,3.0,6.98,0.28800000000000003,0.024999999999999994,30.86,16.34,15.69,32.03,32.86,23.81,78.0,0.246,19.0,24.36,15.0,19.23,0.79,0.147,34.42,16.36,12.04,28.4,29.88,18.27
747025,2024-06-14,2024,624641,R,657097,R,field_out,False,False,77.0,0.243,22.0,28.57,3.0,3.9,0.6499999999999999,0.11399999999999999,37.87,20.65,11.61,32.26,42.86,21.78,176.0,0.239,41.0,23.3,5.0,2.84,0.669,0.148,29.23,17.12,12.31,29.43,41.96,19.16,83.0,0.208,18.0,21.69,11.0,13.25,0.619,0.098,26.49,12.16,15.81,27.96,23.57,18.18,154.0,0.178,38.0,24.68,15.0,9.74,0.6080000000000001,0.155,31.15,16.29,14.33,30.62,34.71,18.27
747025,2024-06-14,2024,669720,R,622554,R,field_out,False,False,70.0,0.161,12.0,17.14,4.0,5.71,0.5660000000000001,0.162,23.93,12.61,13.06,25.68,28.3,23.08,399.0,0.28,104.0,26.07,22.0,5.51,0.762,0.1589999999999999,29.22,13.77,18.52,32.29,31.55,22.92,61.0,0.246,14.0,22.95,4.0,6.56,0.734,0.193,25.62,11.79,16.35,28.14,26.36,15.38,146.0,0.219,38.0,26.03,16.0,10.96,0.643,0.109,32.43,16.61,10.55,27.16,28.94,21.11
747025,2024-06-14,2024,681297,L,622554,R,strikeout,True,False,168.0,0.241,46.0,27.38,18.0,10.71,0.79,0.21400000000000002,31.63,14.35,16.23,30.58,24.48,23.71,68.0,0.111,20.0,29.41,12.0,17.65,0.427,0.0369999999999999,26.67,10.98,17.07,28.05,21.51,17.7,37.0,0.188,6.0,16.22,4.0,10.81,0.516,0.031,14.47,7.28,9.93,17.22,26.32,12.0,78.0,0.299,10.0,12.82,6.0,7.69,0.8480000000000001,0.164,18.71,9.25,13.52,22.78,28.47,11.76
747025,2024-06-14,2024,669065,L,622554,R,strikeout,True,False,34.0,0.303,12.0,35.29,0.0,0.0,0.8180000000000001,0.21200000000000002,37.66,23.97,8.26,32.23,35.85,30.0,30.0,0.071,12.0,40.0,2.0,6.67,0.204,0.0,37.29,20.37,12.04,32.41,38.18,40.0,37.0,0.188,6.0,16.22,4.0,10.81,0.516,0.031,14.47,7.28,9.93,17.22,26.32,12.0,78.0,0.299,10.0,12.82,6.0,7.69,0.8480000000000001,0.164,18.71,9.25,13.52,22.78,28.47,11.76
744847,2024-06-14,2024,665862,L,669022,L,single,False,False,94.0,0.253,23.0,24.47,6.0,6.38,0.7110000000000001,0.14900000000000002,25.97,12.21,16.62,28.83,30.1,17.16,94.0,0.172,27.0,28.72,6.0,6.38,0.479,0.081,39.88,19.01,18.18,37.19,30.36,25.23,67.0,0.271,17.0,25.37,7.0,10.45,0.7989999999999999,0.16999999999999998,27.41,13.21,13.57,26.79,25.53,20.0,132.0,0.319,38.0,28.79,18.0,13.64,0.8899999999999999,0.1589999999999999,31.49,14.97,13.32,28.29,24.59,19.0
744847,2024-06-14,2024,650559,R,669022,L,strikeout,True,False,98.0,0.293,21.0,21.43,4.0,4.08,0.74,0.12,26.26,14.53,12.29,26.82,30.41,23.33,154.0,0.277,35.0,22.73,11.0,7.14,0.708,0.1059999999999999,27.76,13.7,15.51,29.21,33.53,19.77,227.0,0.268,64.0,28.19,15.0,6.61,0.712,0.11699999999999999,28.78,14.76,13.4,28.17,27.33,19.94,452.0,0.241,113.0,25.0,39.0,8.63,0.76,0.212,26.77,13.05,14.99,28.05,30.71,20.29
744847,2024-06-14,2024,605137,R,669022,L,field_out,False,False,96.0,0.19,15.0,15.62,11.0,11.46,0.626,0.15499999999999997,23.03,9.7,16.07,25.76,28.16,17.86,186.0,0.265,41.0,22.04,24.0,12.9,0.854,0.2289999999999999,28.46,13.82,12.89,26.71,26.88,18.81,227.0,0.268,64.0,28.19,15.0,6.61,0.712,0.11699999999999999,28.78,14.76,13.4,28.17,27.33,19.94,452.0,0.241,113.0,25.0,39.0,8.63,0.76,0.212,26.77,13.05,14.99,28.05,30.71,20.29
744847,2024-06-14,2024,669394,R,669022,L,field_out,False,False,62.0,0.172,13.0,20.97,3.0,4.84,0.417,0.035,27.05,14.47,16.23,30.7,42.98,19.7,139.0,0.26,37.0,26.62,9.0,6.47,0.907,0.3229999999999999,32.62,17.56,12.21,29.77,35.74,24.5,227.0,0.268,64.0,28.19,15.0,6.61,0.712,0.11699999999999999,28.78,14.76,13.4,28.17,27.33,19.94,452.0,0.241,113.0,25.0,39.0,8.63,0.76,0.212,26.77,13.05,14.99,28.05,30.71,20.29
744847,2024-06-14,2024,682928,L,641312,R,double,False,False,198.0,0.213,40.0,20.2,13.0,6.57,0.7030000000000001,0.214,23.51,12.87,13.01,25.88,40.74,17.09,446.0,0.274,78.0,17.49,24.0,5.38,0.786,0.19,21.76,11.82,12.69,24.5,35.86,16.63,6.0,0.4,1.0,16.67,1.0,16.67,0.9,0.0,9.09,4.76,9.52,14.29,22.22,20.0,,,,,,,,,,,,,,
744847,2024-06-14,2024,657041,R,641312,R,single,False,False,119.0,0.189,30.0,25.21,10.0,8.4,0.554,0.11299999999999999,21.76,8.82,21.64,30.46,20.08,20.27,490.0,0.242,143.0,29.18,23.0,4.69,0.719,0.185,26.09,11.34,20.58,31.92,28.6,24.48,11.0,0.364,2.0,18.18,0.0,0.0,0.909,0.18100000000000005,13.33,5.71,22.86,28.57,18.75,25.0,,,,,,,,,,,,,,
744847,2024-06-14,2024,608385,L,641312,R,strikeout,True,False,181.0,0.275,39.0,21.55,25.0,13.81,0.81,0.14099999999999996,22.56,9.52,16.99,26.51,18.46,14.94,184.0,0.2,46.0,25.0,24.0,13.04,0.5660000000000001,0.0449999999999999,25.91,11.04,17.01,28.05,20.4,17.9,6.0,0.4,1.0,16.67,1.0,16.67,0.9,0.0,9.09,4.76,9.52,14.29,22.22,20.0,,,,,,,,,,,,,,
744847,2024-06-14,2024,592696,L,641312,R,field_out,False,False,172.0,0.18,43.0,25.0,10.0,5.81,0.594,0.186,29.15,14.88,15.33,30.21,35.2,20.87,449.0,0.258,104.0,23.16,29.0,6.46,0.762,0.199,29.98,17.01,12.43,29.45,43.87,20.59,6.0,0.4,1.0,16.67,1.0,16.67,0.9,0.0,9.09,4.76,9.52,14.29,22.22,20.0,,,,,,,,,,,,,,
744847,2024-06-14,2024,672640,R,669022,L,field_out,False,False,33.0,0.219,6.0,18.18,0.0,0.0,0.531,0.093,19.74,13.51,11.71,25.23,57.14,13.95,,,,,,,,,,,,,,,227.0,0.268,64.0,28.19,15.0,6.61,0.712,0.11699999999999999,28.78,14.76,13.4,28.17,27.33,19.94,452.0,0.241,113.0,25.0,39.0,8.63,0.76,0.212,26.77,13.05,14.99,28.05,30.71,20.29
744847,2024-06-14,2024,641313,R,669022,L,single,False,False,71.0,0.258,19.0,26.76,5.0,7.04,0.583,0.015000000000000013,32.34,18.95,11.93,30.88,41.89,18.45,130.0,0.304,27.0,20.77,5.0,3.85,0.7150000000000001,0.08,23.36,13.11,11.89,25.0,33.47,17.65,227.0,0.268,64.0,28.19,15.0,6.61,0.712,0.11699999999999999,28.78,14.76,13.4,28.17,27.33,19.94,452.0,0.241,113.0,25.0,39.0,8.63,0.76,0.212,26.77,13.05,14.99,28.05,30.71,20.29
744847,2024-06-14,2024,667472,R,669022,L,hit_by_pitch,False,False,38.0,0.242,11.0,28.95,2.0,5.26,0.771,0.21300000000000002,24.53,9.77,26.32,36.09,23.64,26.19,20.0,0.4,4.0,20.0,0.0,0.0,0.9,0.0999999999999999,30.0,13.24,20.59,33.82,28.12,25.0,227.0,0.268,64.0,28.19,15.0,6.61,0.712,0.11699999999999999,28.78,14.76,13.4,28.17,27.33,19.94,452.0,0.241,113.0,25.0,39.0,8.63,0.76,0.212,26.77,13.05,14.99,28.05,30.71,20.29
744847,2024-06-14,2024,656896,R,669022,L,strikeout,True,False,57.0,0.245,12.0,21.05,3.0,5.26,0.581,0.03799999999999998,24.07,12.26,15.09,27.36,34.51,16.67,100.0,0.289,16.0,16.0,7.0,7.0,0.7110000000000001,0.089,21.88,10.45,14.18,24.63,29.33,14.68,227.0,0.268,64.0,28.19,15.0,6.61,0.712,0.11699999999999999,28.78,14.76,13.4,28.17,27.33,19.94,452.0,0.241,113.0,25.0,39.0,8.63,0.76,0.212,26.77,13.05,14.99,28.05,30.71,20.29
744847,2024-06-14,2024,663743,R,669022,L,single,False,False,43.0,0.119,4.0,9.3,1.0,2.33,0.30700000000000005,0.048000000000000015,13.04,7.09,14.96,22.05,33.33,19.05,84.0,0.316,11.0,13.1,3.0,3.57,0.854,0.184,12.5,6.01,14.49,20.49,25.87,17.46,227.0,0.268,64.0,28.19,15.0,6.61,0.712,0.11699999999999999,28.78,14.76,13.4,28.17,27.33,19.94,452.0,0.241,113.0,25.0,39.0,8.63,0.76,0.212,26.77,13.05,14.99,28.05,30.71,20.29
744847,2024-06-14,2024,665862,L,669022,L,strikeout,True,False,94.0,0.253,23.0,24.47,6.0,6.38,0.7110000000000001,0.14900000000000002,25.97,12.21,16.62,28.83,30.1,17.16,94.0,0.172,27.0,28.72,6.0,6.38,0.479,0.081,39.88,19.01,18.18,37.19,30.36,25.23,67.0,0.271,17.0,25.37,7.0,10.45,0.7989999999999999,0.16999999999999998,27.41,13.21,13.57,26.79,25.53,20.0,132.0,0.319,38.0,28.79,18.0,13.64,0.8899999999999999,0.1589999999999999,31.49,14.97,13.32,28.29,24.59,19.0
744847,2024-06-14,2024,608841,R,641312,R,field_out,False,False,164.0,0.276,28.0,17.07,12.0,7.32,0.7050000000000001,0.09599999999999997,20.51,10.34,13.09,23.42,28.16,15.3,471.0,0.268,97.0,20.59,28.0,5.94,0.7030000000000001,0.12,23.85,11.18,18.94,30.12,30.48,17.38,11.0,0.364,2.0,18.18,0.0,0.0,0.909,0.18100000000000005,13.33,5.71,22.86,28.57,18.75,25.0,,,,,,,,,,,,,,
744847,2024-06-14,2024,671277,L,641312,R,single,False,False,179.0,0.287,28.0,15.64,8.0,4.47,0.751,0.14600000000000002,21.77,11.24,15.47,26.71,35.53,17.28,355.0,0.268,44.0,12.39,23.0,6.48,0.6950000000000001,0.1129999999999999,17.54,8.86,13.52,22.38,31.84,12.54,6.0,0.4,1.0,16.67,1.0,16.67,0.9,0.0,9.09,4.76,9.52,14.29,22.22,20.0,,,,,,,,,,,,,,
744847,2024-06-14,2024,660688,L,641312,R,field_out,False,False,134.0,0.214,18.0,13.43,3.0,2.24,0.563,0.10300000000000001,13.19,6.92,16.74,23.66,36.77,16.22,403.0,0.249,48.0,11.91,25.0,6.2,0.712,0.1629999999999999,14.96,7.67,15.92,23.59,36.49,14.77,6.0,0.4,1.0,16.67,1.0,16.67,0.9,0.0,9.09,4.76,9.52,14.29,22.22,20.0,,,,,,,,,,,,,,
744847,2024-06-14,2024,669222,R,641312,R,force_out,False,False,125.0,0.229,33.0,26.4,18.0,14.4,0.718,0.142,29.47,12.98,17.66,30.64,21.33,27.05,205.0,0.164,51.0,24.88,18.0,8.78,0.497,0.093,25.27,12.43,15.64,28.07,26.72,23.15,11.0,0.364,2.0,18.18,0.0,0.0,0.909,0.18100000000000005,13.33,5.71,22.86,28.57,18.75,25.0,,,,,,,,,,,,,,
744847,2024-06-14,2024,650559,R,669022,L,strikeout,True,False,98.0,0.293,21.0,21.43,4.0,4.08,0.74,0.12,26.26,14.53,12.29,26.82,30.41,23.33,154.0,0.277,35.0,22.73,11.0,7.14,0.708,0.1059999999999999,27.76,13.7,15.51,29.21,33.53,19.77,227.0,0.268,64.0,28.19,15.0,6.61,0.712,0.11699999999999999,28.78,14.76,13.4,28.17,27.33,19.94,452.0,0.241,113.0,25.0,39.0,8.63,0.76,0.212,26.77,13.05,14.99,28.05,30.71,20.29
744847,2024-06-14,2024,605137,R,669022,L,field_out,False,False,96.0,0.19,15.0,15.62,11.0,11.46,0.626,0.15499999999999997,23.03,9.7,16.07,25.76,28.16,17.86,186.0,0.265,41.0,22.04,24.0,12.9,0.854,0.2289999999999999,28.46,13.82,12.89,26.71,26.88,18.81,227.0,0.268,64.0,28.19,15.0,6.61,0.712,0.11699999999999999,28.78,14.76,13.4,28.17,27.33,19.94,452.0,0.241,113.0,25.0,39.0,8.63,0.76,0.212,26.77,13.05,14.99,28.05,30.71,20.29
744847,2024-06-14,2024,669394,R,669022,L,double,False,False,62.0,0.172,13.0,20.97,3.0,4.84,0.417,0.035,27.05,14.47,16.23,30.7,42.98,19.7,139.0,0.26,37.0,26.62,9.0,6.47,0.907,0.3229999999999999,32.62,17.56,12.21,29.77,35.74,24.5,227.0,0.268,64.0,28.19,15.0,6.61,0.712,0.11699999999999999,28.78,14.76,13.4,28.17,27.33,19.94,452.0,0.241,113.0,25.0,39.0,8.63,0.76,0.212,26.77,13.05,14.99,28.05,30.71,20.29
744847,2024-06-14,2024,672640,R,669022,L,field_out,False,False,33.0,0.219,6.0,18.18,0.0,0.0,0.531,0.093,19.74,13.51,11.71,25.23,57.14,13.95,,,,,,,,,,,,,,,227.0,0.268,64.0,28.19,15.0,6.61,0.712,0.11699999999999999,28.78,14.76,13.4,28.17,27.33,19.94,452.0,0.241,113.0,25.0,39.0,8.63,0.76,0.212,26.77,13.05,14.99,28.05,30.71,20.29
744847,2024-06-14,2024,696285,R,641312,R,single,False,False,134.0,0.229,30.0,22.39,8.0,5.97,0.569,0.04200000000000001,23.18,10.47,21.77,32.24,30.47,24.59,93.0,0.268,17.0,18.28,7.0,7.53,0.687,0.0859999999999999,21.38,9.8,20.46,30.26,30.36,15.74,11.0,0.364,2.0,18.18,0.0,0.0,0.909,0.18100000000000005,13.33,5.71,22.86,28.57,18.75,25.0,,,,,,,,,,,,,,
744847,2024-06-14,2024,682928,L,641312,R,single,False,False,198.0,0.213,40.0,20.2,13.0,6.57,0.7030000000000001,0.214,23.51,12.87,13.01,25.88,40.74,17.09,446.0,0.274,78.0,17.49,24.0,5.38,0.786,0.19,21.76,11.82,12.69,24.5,35.86,16.63,6.0,0.4,1.0,16.67,1.0,16.67,0.9,0.0,9.09,4.76,9.52,14.29,22.22,20.0,,,,,,,,,,,,,,
744847,2024-06-14,2024,657041,R,641312,R,home_run,False,False,119.0,0.189,30.0,25.21,10.0,8.4,0.554,0.11299999999999999,21.76,8.82,21.64,30.46,20.08,20.27,490.0,0.242,143.0,29.18,23.0,4.69,0.719,0.185,26.09,11.34,20.58,31.92,28.6,24.48,11.0,0.364,2.0,18.18,0.0,0.0,0.909,0.18100000000000005,13.33,5.71,22.86,28.57,18.75,25.0,,,,,,,,,,,,,,
744847,2024-06-14,2024,608385,L,641312,R,field_error,False,False,181.0,0.275,39.0,21.55,25.0,13.81,0.81,0.14099999999999996,22.56,9.52,16.99,26.51,18.46,14.94,184.0,0.2,46.0,25.0,24.0,13.04,0.5660000000000001,0.0449999999999999,25.91,11.04,17.01,28.05,20.4,17.9,6.0,0.4,1.0,16.67,1.0,16.67,0.9,0.0,9.09,4.76,9.52,14.29,22.22,20.0,,,,,,,,,,,,,,
744847,2024-06-14,2024,592696,L,641312,R,double,False,False,172.0,0.18,43.0,25.0,10.0,5.81,0.594,0.186,29.15,14.88,15.33,30.21,35.2,20.87,449.0,0.258,104.0,23.16,29.0,6.46,0.762,0.199,29.98,17.01,12.43,29.45,43.87,20.59,6.0,0.4,1.0,16.67,1.0,16.67,0.9,0.0,9.09,4.76,9.52,14.29,22.22,20.0,,,,,,,,,,,,,,
744847,2024-06-14,2024,608841,R,641312,R,single,False,False,164.0,0.276,28.0,17.07,12.0,7.32,0.7050000000000001,0.09599999999999997,20.51,10.34,13.09,23.42,28.16,15.3,471.0,0.268,97.0,20.59,28.0,5.94,0.7030000000000001,0.12,23.85,11.18,18.94,30.12,30.48,17.38,11.0,0.364,2.0,18.18,0.0,0.0,0.909,0.18100000000000005,13.33,5.71,22.86,28.57,18.75,25.0,,,,,,,,,,,,,,
744847,2024-06-14,2024,671277,L,641312,R,single,False,False,179.0,0.287,28.0,15.64,8.0,4.47,0.751,0.14600000000000002,21.77,11.24,15.47,26.71,35.53,17.28,355.0,0.268,44.0,12.39,23.0,6.48,0.6950000000000001,0.1129999999999999,17.54,8.86,13.52,22.38,31.84,12.54,6.0,0.4,1.0,16.67,1.0,16.67,0.9,0.0,9.09,4.76,9.52,14.29,22.22,20.0,,,,,,,,,,,,,,
744847,2024-06-14,2024,660688,L,623211,R,field_out,False,False,134.0,0.214,18.0,13.43,3.0,2.24,0.563,0.10300000000000001,13.19,6.92,16.74,23.66,36.77,16.22,403.0,0.249,48.0,11.91,25.0,6.2,0.712,0.1629999999999999,14.96,7.67,15.92,23.59,36.49,14.77,18.0,0.154,2.0,11.11,5.0,27.78,0.543,0.0,27.59,10.53,11.84,22.37,19.57,12.5,96.0,0.298,19.0,19.79,11.0,11.46,0.815,0.142,31.52,15.03,14.45,29.48,33.7,20.43
744847,2024-06-14,2024,669222,R,623211,R,walk,False,True,125.0,0.229,33.0,26.4,18.0,14.4,0.718,0.142,29.47,12.98,17.66,30.64,21.33,27.05,205.0,0.164,51.0,24.88,18.0,8.78,0.497,0.093,25.27,12.43,15.64,28.07,26.72,23.15,15.0,0.154,4.0,26.67,1.0,6.67,0.42100000000000004,0.0,27.5,16.42,10.45,26.87,42.42,15.38,161.0,0.209,46.0,28.57,20.0,12.42,0.618,0.0819999999999999,31.65,14.73,15.91,30.63,34.11,20.72
744847,2024-06-14,2024,696285,R,623211,R,strikeout,True,False,134.0,0.229,30.0,22.39,8.0,5.97,0.569,0.04200000000000001,23.18,10.47,21.77,32.24,30.47,24.59,93.0,0.268,17.0,18.28,7.0,7.53,0.687,0.0859999999999999,21.38,9.8,20.46,30.26,30.36,15.74,15.0,0.154,4.0,26.67,1.0,6.67,0.42100000000000004,0.0,27.5,16.42,10.45,26.87,42.42,15.38,161.0,0.209,46.0,28.57,20.0,12.42,0.618,0.0819999999999999,31.65,14.73,15.91,30.63,34.11,20.72
744847,2024-06-14,2024,682928,L,623211,R,single,False,False,198.0,0.213,40.0,20.2,13.0,6.57,0.7030000000000001,0.214,23.51,12.87,13.01,25.88,40.74,17.09,446.0,0.274,78.0,17.49,24.0,5.38,0.786,0.19,21.76,11.82,12.69,24.5,35.86,16.63,18.0,0.154,2.0,11.11,5.0,27.78,0.543,0.0,27.59,10.53,11.84,22.37,19.57,12.5,96.0,0.298,19.0,19.79,11.0,11.46,0.815,0.142,31.52,15.03,14.45,29.48,33.7,20.43
744847,2024-06-14,2024,657041,R,623211,R,field_out,False,False,119.0,0.189,30.0,25.21,10.0,8.4,0.554,0.11299999999999999,21.76,8.82,21.64,30.46,20.08,20.27,490.0,0.242,143.0,29.18,23.0,4.69,0.719,0.185,26.09,11.34,20.58,31.92,28.6,24.48,15.0,0.154,4.0,26.67,1.0,6.67,0.42100000000000004,0.0,27.5,16.42,10.45,26.87,42.42,15.38,161.0,0.209,46.0,28.57,20.0,12.42,0.618,0.0819999999999999,31.65,14.73,15.91,30.63,34.11,20.72
744847,2024-06-14,2024,641313,R,669022,L,single,False,False,71.0,0.258,19.0,26.76,5.0,7.04,0.583,0.015000000000000013,32.34,18.95,11.93,30.88,41.89,18.45,130.0,0.304,27.0,20.77,5.0,3.85,0.7150000000000001,0.08,23.36,13.11,11.89,25.0,33.47,17.65,227.0,0.268,64.0,28.19,15.0,6.61,0.712,0.11699999999999999,28.78,14.76,13.4,28.17,27.33,19.94,452.0,0.241,113.0,25.0,39.0,8.63,0.76,0.212,26.77,13.05,14.99,28.05,30.71,20.29
744847,2024-06-14,2024,667472,R,669022,L,strikeout,True,False,38.0,0.242,11.0,28.95,2.0,5.26,0.771,0.21300000000000002,24.53,9.77,26.32,36.09,23.64,26.19,20.0,0.4,4.0,20.0,0.0,0.0,0.9,0.0999999999999999,30.0,13.24,20.59,33.82,28.12,25.0,227.0,0.268,64.0,28.19,15.0,6.61,0.712,0.11699999999999999,28.78,14.76,13.4,28.17,27.33,19.94,452.0,0.241,113.0,25.0,39.0,8.63,0.76,0.212,26.77,13.05,14.99,28.05,30.71,20.29
744847,2024-06-14,2024,656896,R,669022,L,grounded_into_double_play,False,False,57.0,0.245,12.0,21.05,3.0,5.26,0.581,0.03799999999999998,24.07,12.26,15.09,27.36,34.51,16.67,100.0,0.289,16.0,16.0,7.0,7.0,0.7110000000000001,0.089,21.88,10.45,14.18,24.63,29.33,14.68,227.0,0.268,64.0,28.19,15.0,6.61,0.712,0.11699999999999999,28.78,14.76,13.4,28.17,27.33,19.94,452.0,0.241,113.0,25.0,39.0,8.63,0.76,0.212,26.77,13.05,14.99,28.05,30.71,20.29
744847,2024-06-14,2024,608385,L,623211,R,field_out,False,False,181.0,0.275,39.0,21.55,25.0,13.81,0.81,0.14099999999999996,22.56,9.52,16.99,26.51,18.46,14.94,184.0,0.2,46.0,25.0,24.0,13.04,0.5660000000000001,0.0449999999999999,25.91,11.04,17.01,28.05,20.4,17.9,18.0,0.154,2.0,11.11,5.0,27.78,0.543,0.0,27.59,10.53,11.84,22.37,19.57,12.5,96.0,0.298,19.0,19.79,11.0,11.46,0.815,0.142,31.52,15.03,14.45,29.48,33.7,20.43
744847,2024-06-14,2024,592696,L,623211,R,field_out,False,False,172.0,0.18,43.0,25.0,10.0,5.81,0.594,0.186,29.15,14.88,15.33,30.21,35.2,20.87,449.0,0.258,104.0,23.16,29.0,6.46,0.762,0.199,29.98,17.01,12.43,29.45,43.87,20.59,18.0,0.154,2.0,11.11,5.0,27.78,0.543,0.0,27.59,10.53,11.84,22.37,19.57,12.5,96.0,0.298,19.0,19.79,11.0,11.46,0.815,0.142,31.52,15.03,14.45,29.48,33.7,20.43
744847,2024-06-14,2024,608841,R,623211,R,field_out,False,False,164.0,0.276,28.0,17.07,12.0,7.32,0.7050000000000001,0.09599999999999997,20.51,10.34,13.09,23.42,28.16,15.3,471.0,0.268,97.0,20.59,28.0,5.94,0.7030000000000001,0.12,23.85,11.18,18.94,30.12,30.48,17.38,15.0,0.154,4.0,26.67,1.0,6.67,0.42100000000000004,0.0,27.5,16.42,10.45,26.87,42.42,15.38,161.0,0.209,46.0,28.57,20.0,12.42,0.618,0.0819999999999999,31.65,14.73,15.91,30.63,34.11,20.72
744847,2024-06-14,2024,663743,R,669022,L,strikeout,True,False,43.0,0.119,4.0,9.3,1.0,2.33,0.30700000000000005,0.048000000000000015,13.04,7.09,14.96,22.05,33.33,19.05,84.0,0.316,11.0,13.1,3.0,3.57,0.854,0.184,12.5,6.01,14.49,20.49,25.87,17.46,227.0,0.268,64.0,28.19,15.0,6.61,0.712,0.11699999999999999,28.78,14.76,13.4,28.17,27.33,19.94,452.0,0.241,113.0,25.0,39.0,8.63,0.76,0.212,26.77,13.05,14.99,28.05,30.71,20.29
744847,2024-06-14,2024,665862,L,669022,L,field_out,False,False,94.0,0.253,23.0,24.47,6.0,6.38,0.7110000000000001,0.14900000000000002,25.97,12.21,16.62,28.83,30.1,17.16,94.0,0.172,27.0,28.72,6.0,6.38,0.479,0.081,39.88,19.01,18.18,37.19,30.36,25.23,67.0,0.271,17.0,25.37,7.0,10.45,0.7989999999999999,0.16999999999999998,27.41,13.21,13.57,26.79,25.53,20.0,132.0,0.319,38.0,28.79,18.0,13.64,0.8899999999999999,0.1589999999999999,31.49,14.97,13.32,28.29,24.59,19.0
744847,2024-06-14,2024,650559,R,669022,L,strikeout,True,False,98.0,0.293,21.0,21.43,4.0,4.08,0.74,0.12,26.26,14.53,12.29,26.82,30.41,23.33,154.0,0.277,35.0,22.73,11.0,7.14,0.708,0.1059999999999999,27.76,13.7,15.51,29.21,33.53,19.77,227.0,0.268,64.0,28.19,15.0,6.61,0.712,0.11699999999999999,28.78,14.76,13.4,28.17,27.33,19.94,452.0,0.241,113.0,25.0,39.0,8.63,0.76,0.212,26.77,13.05,14.99,28.05,30.71,20.29
744847,2024-06-14,2024,671277,L,623211,R,field_out,False,False,179.0,0.287,28.0,15.64,8.0,4.47,0.751,0.14600000000000002,21.77,11.24,15.47,26.71,35.53,17.28,355.0,0.268,44.0,12.39,23.0,6.48,0.6950000000000001,0.1129999999999999,17.54,8.86,13.52,22.38,31.84,12.54,18.0,0.154,2.0,11.11,5.0,27.78,0.543,0.0,27.59,10.53,11.84,22.37,19.57,12.5,96.0,0.298,19.0,19.79,11.0,11.46,0.815,0.142,31.52,15.03,14.45,29.48,33.7,20.43
744847,2024-06-14,2024,660688,L,623211,R,field_out,False,False,134.0,0.214,18.0,13.43,3.0,2.24,0.563,0.10300000000000001,13.19,6.92,16.74,23.66,36.77,16.22,403.0,0.249,48.0,11.91,25.0,6.2,0.712,0.1629999999999999,14.96,7.67,15.92,23.59,36.49,14.77,18.0,0.154,2.0,11.11,5.0,27.78,0.543,0.0,27.59,10.53,11.84,22.37,19.57,12.5,96.0,0.298,19.0,19.79,11.0,11.46,0.815,0.142,31.52,15.03,14.45,29.48,33.7,20.43
744847,2024-06-14,2024,669222,R,623211,R,field_out,False,False,125.0,0.229,33.0,26.4,18.0,14.4,0.718,0.142,29.47,12.98,17.66,30.64,21.33,27.05,205.0,0.164,51.0,24.88,18.0,8.78,0.497,0.093,25.27,12.43,15.64,28.07,26.72,23.15,15.0,0.154,4.0,26.67,1.0,6.67,0.42100000000000004,0.0,27.5,16.42,10.45,26.87,42.42,15.38,161.0,0.209,46.0,28.57,20.0,12.42,0.618,0.0819999999999999,31.65,14.73,15.91,30.63,34.11,20.72
744847,2024-06-14,2024,605137,R,669022,L,field_out,False,False,96.0,0.19,15.0,15.62,11.0,11.46,0.626,0.15499999999999997,23.03,9.7,16.07,25.76,28.16,17.86,186.0,0.265,41.0,22.04,24.0,12.9,0.854,0.2289999999999999,28.46,13.82,12.89,26.71,26.88,18.81,227.0,0.268,64.0,28.19,15.0,6.61,0.712,0.11699999999999999,28.78,14.76,13.4,28.17,27.33,19.94,452.0,0.241,113.0,25.0,39.0,8.63,0.76,0.212,26.77,13.05,14.99,28.05,30.71,20.29
744847,2024-06-14,2024,669394,R,669022,L,walk,False,True,62.0,0.172,13.0,20.97,3.0,4.84,0.417,0.035,27.05,14.47,16.23,30.7,42.98,19.7,139.0,0.26,37.0,26.62,9.0,6.47,0.907,0.3229999999999999,32.62,17.56,12.21,29.77,35.74,24.5,227.0,0.268,64.0,28.19,15.0,6.61,0.712,0.11699999999999999,28.78,14.76,13.4,28.17,27.33,19.94,452.0,0.241,113.0,25.0,39.0,8.63,0.76,0.212,26.77,13.05,14.99,28.05,30.71,20.29
744847,2024-06-14,2024,672640,R,669022,L,fielders_choice,False,False,33.0,0.219,6.0,18.18,0.0,0.0,0.531,0.093,19.74,13.51,11.71,25.23,57.14,13.95,,,,,,,,,,,,,,,227.0,0.268,64.0,28.19,15.0,6.61,0.712,0.11699999999999999,28.78,14.76,13.4,28.17,27.33,19.94,452.0,0.241,113.0,25.0,39.0,8.63,0.76,0.212,26.77,13.05,14.99,28.05,30.71,20.29
744847,2024-06-14,2024,641313,R,669022,L,strikeout,True,False,71.0,0.258,19.0,26.76,5.0,7.04,0.583,0.015000000000000013,32.34,18.95,11.93,30.88,41.89,18.45,130.0,0.304,27.0,20.77,5.0,3.85,0.7150000000000001,0.08,23.36,13.11,11.89,25.0,33.47,17.65,227.0,0.268,64.0,28.19,15.0,6.61,0.712,0.11699999999999999,28.78,14.76,13.4,28.17,27.33,19.94,452.0,0.241,113.0,25.0,39.0,8.63,0.76,0.212,26.77,13.05,14.99,28.05,30.71,20.29
744847,2024-06-14,2024,667472,R,669022,L,field_out,False,False,38.0,0.242,11.0,28.95,2.0,5.26,0.771,0.21300000000000002,24.53,9.77,26.32,36.09,23.64,26.19,20.0,0.4,4.0,20.0,0.0,0.0,0.9,0.0999999999999999,30.0,13.24,20.59,33.82,28.12,25.0,227.0,0.268,64.0,28.19,15.0,6.61,0.712,0.11699999999999999,28.78,14.76,13.4,28.17,27.33,19.94,452.0,0.241,113.0,25.0,39.0,8.63,0.76,0.212,26.77,13.05,14.99,28.05,30.71,20.29
744847,2024-06-14,2024,696285,R,623211,R,single,False,False,134.0,0.229,30.0,22.39,8.0,5.97,0.569,0.04200000000000001,23.18,10.47,21.77,32.24,30.47,24.59,93.0,0.268,17.0,18.28,7.0,7.53,0.687,0.0859999999999999,21.38,9.8,20.46,30.26,30.36,15.74,15.0,0.154,4.0,26.67,1.0,6.67,0.42100000000000004,0.0,27.5,16.42,10.45,26.87,42.42,15.38,161.0,0.209,46.0,28.57,20.0,12.42,0.618,0.0819999999999999,31.65,14.73,15.91,30.63,34.11,20.72
744847,2024-06-14,2024,682928,L,623211,R,walk,False,True,198.0,0.213,40.0,20.2,13.0,6.57,0.7030000000000001,0.214,23.51,12.87,13.01,25.88,40.74,17.09,446.0,0.274,78.0,17.49,24.0,5.38,0.786,0.19,21.76,11.82,12.69,24.5,35.86,16.63,18.0,0.154,2.0,11.11,5.0,27.78,0.543,0.0,27.59,10.53,11.84,22.37,19.57,12.5,96.0,0.298,19.0,19.79,11.0,11.46,0.815,0.142,31.52,15.03,14.45,29.48,33.7,20.43
744847,2024-06-14,2024,657041,R,623211,R,force_out,False,False,119.0,0.189,30.0,25.21,10.0,8.4,0.554,0.11299999999999999,21.76,8.82,21.64,30.46,20.08,20.27,490.0,0.242,143.0,29.18,23.0,4.69,0.719,0.185,26.09,11.34,20.58,31.92,28.6,24.48,15.0,0.154,4.0,26.67,1.0,6.67,0.42100000000000004,0.0,27.5,16.42,10.45,26.87,42.42,15.38,161.0,0.209,46.0,28.57,20.0,12.42,0.618,0.0819999999999999,31.65,14.73,15.91,30.63,34.11,20.72
744847,2024-06-14,2024,608385,L,640462,L,single,False,False,82.0,0.217,24.0,29.27,10.0,12.2,0.648,0.10200000000000001,22.31,8.65,21.79,30.45,20.42,24.49,13.0,0.182,5.0,38.46,2.0,15.38,0.581,0.091,15.38,6.15,20.0,26.15,7.14,19.23,33.0,0.3,6.0,18.18,3.0,9.09,0.864,0.2,16.98,7.5,20.83,28.33,26.92,19.35,76.0,0.197,29.0,38.16,2.0,2.63,0.5780000000000001,0.141,33.08,15.03,23.78,38.81,33.07,30.85
744847,2024-06-14,2024,592696,L,640462,L,field_out,False,False,30.0,0.208,4.0,13.33,3.0,10.0,0.494,0.0,24.49,11.32,12.26,23.58,21.67,20.0,67.0,0.233,18.0,26.87,5.0,7.46,0.7030000000000001,0.167,28.57,17.02,12.34,29.36,40.91,20.69,33.0,0.3,6.0,18.18,3.0,9.09,0.864,0.2,16.98,7.5,20.83,28.33,26.92,19.35,76.0,0.197,29.0,38.16,2.0,2.63,0.5780000000000001,0.141,33.08,15.03,23.78,38.81,33.07,30.85
744847,2024-06-14,2024,608841,R,640462,L,strikeout,True,False,73.0,0.169,16.0,21.92,6.0,8.22,0.447,0.031,25.93,13.16,15.41,28.57,37.78,21.05,188.0,0.291,33.0,17.55,10.0,5.32,0.771,0.143,23.12,11.37,16.16,27.53,33.86,14.29,89.0,0.257,12.0,13.48,17.0,19.1,0.852,0.186,21.88,9.46,16.76,26.22,24.87,10.62,166.0,0.261,49.0,29.52,11.0,6.63,0.765,0.197,33.03,16.05,18.42,34.47,27.76,21.88
744847,2024-06-14,2024,656896,R,669022,L,strikeout,True,False,57.0,0.245,12.0,21.05,3.0,5.26,0.581,0.03799999999999998,24.07,12.26,15.09,27.36,34.51,16.67,100.0,0.289,16.0,16.0,7.0,7.0,0.7110000000000001,0.089,21.88,10.45,14.18,24.63,29.33,14.68,227.0,0.268,64.0,28.19,15.0,6.61,0.712,0.11699999999999999,28.78,14.76,13.4,28.17,27.33,19.94,452.0,0.241,113.0,25.0,39.0,8.63,0.76,0.212,26.77,13.05,14.99,28.05,30.71,20.29
744847,2024-06-14,2024,663743,R,669022,L,field_out,False,False,43.0,0.119,4.0,9.3,1.0,2.33,0.30700000000000005,0.048000000000000015,13.04,7.09,14.96,22.05,33.33,19.05,84.0,0.316,11.0,13.1,3.0,3.57,0.854,0.184,12.5,6.01,14.49,20.49,25.87,17.46,227.0,0.268,64.0,28.19,15.0,6.61,0.712,0.11699999999999999,28.78,14.76,13.4,28.17,27.33,19.94,452.0,0.241,113.0,25.0,39.0,8.63,0.76,0.212,26.77,13.05,14.99,28.05,30.71,20.29
744847,2024-06-14,2024,665862,L,669022,L,strikeout,True,False,94.0,0.253,23.0,24.47,6.0,6.38,0.7110000000000001,0.14900000000000002,25.97,12.21,16.62,28.83,30.1,17.16,94.0,0.172,27.0,28.72,6.0,6.38,0.479,0.081,39.88,19.01,18.18,37.19,30.36,25.23,67.0,0.271,17.0,25.37,7.0,10.45,0.7989999999999999,0.16999999999999998,27.41,13.21,13.57,26.79,25.53,20.0,132.0,0.319,38.0,28.79,18.0,13.64,0.8899999999999999,0.1589999999999999,31.49,14.97,13.32,28.29,24.59,19.0
744847,2024-06-14,2024,671277,L,686539,R,strikeout,True,False,179.0,0.287,28.0,15.64,8.0,4.47,0.751,0.14600000000000002,21.77,11.24,15.47,26.71,35.53,17.28,355.0,0.268,44.0,12.39,23.0,6.48,0.6950000000000001,0.1129999999999999,17.54,8.86,13.52,22.38,31.84,12.54,42.0,0.324,6.0,14.29,6.0,14.29,0.782,0.02899999999999997,18.84,9.22,14.18,23.4,30.65,17.14,24.0,0.429,2.0,8.33,3.0,12.5,1.262,0.333,6.45,2.44,19.51,21.95,10.53,7.14
744847,2024-06-14,2024,660688,L,686539,R,field_out,False,False,134.0,0.214,18.0,13.43,3.0,2.24,0.563,0.10300000000000001,13.19,6.92,16.74,23.66,36.77,16.22,403.0,0.249,48.0,11.91,25.0,6.2,0.712,0.1629999999999999,14.96,7.67,15.92,23.59,36.49,14.77,42.0,0.324,6.0,14.29,6.0,14.29,0.782,0.02899999999999997,18.84,9.22,14.18,23.4,30.65,17.14,24.0,0.429,2.0,8.33,3.0,12.5,1.262,0.333,6.45,2.44,19.51,21.95,10.53,7.14
744847,2024-06-14,2024,669222,R,686539,R,field_out,False,False,125.0,0.229,33.0,26.4,18.0,14.4,0.718,0.142,29.47,12.98,17.66,30.64,21.33,27.05,205.0,0.164,51.0,24.88,18.0,8.78,0.497,0.093,25.27,12.43,15.64,28.07,26.72,23.15,93.0,0.253,23.0,24.73,8.0,8.6,0.5980000000000001,0.01200000000000001,31.98,15.62,13.92,29.55,25.43,23.71,27.0,0.095,6.0,22.22,4.0,14.81,0.534,0.143,23.53,10.81,15.32,26.13,33.33,16.22
744847,2024-06-14,2024,650559,R,606930,R,single,False,False,190.0,0.221,51.0,26.84,16.0,8.42,0.713,0.20299999999999999,32.73,16.51,13.76,30.28,31.08,23.61,473.0,0.251,107.0,22.62,29.0,6.13,0.717,0.1689999999999999,28.95,14.54,15.93,30.47,34.61,18.71,53.0,0.255,12.0,22.64,1.0,1.89,0.617,0.09799999999999998,30.09,16.35,11.06,27.4,32.08,17.91,42.0,0.325,6.0,14.29,1.0,2.38,0.857,0.175,26.58,16.03,11.45,27.48,40.0,15.0
744847,2024-06-14,2024,542194,R,606930,R,field_out,False,False,53.0,0.125,14.0,26.42,2.0,3.77,0.34299999999999997,0.04200000000000001,30.51,19.05,9.52,28.57,50.0,22.22,259.0,0.236,69.0,26.64,9.0,3.47,0.631,0.134,37.41,21.77,10.72,32.49,43.56,25.27,53.0,0.255,12.0,22.64,1.0,1.89,0.617,0.09799999999999998,30.09,16.35,11.06,27.4,32.08,17.91,42.0,0.325,6.0,14.29,1.0,2.38,0.857,0.175,26.58,16.03,11.45,27.48,40.0,15.0
744847,2024-06-14,2024,669394,R,606930,R,field_out,False,False,130.0,0.254,36.0,27.69,7.0,5.38,0.718,0.172,26.89,14.07,16.7,30.77,38.82,27.69,402.0,0.247,112.0,27.86,23.0,5.72,0.8,0.249,34.59,18.69,13.25,31.93,39.43,23.09,53.0,0.255,12.0,22.64,1.0,1.89,0.617,0.09799999999999998,30.09,16.35,11.06,27.4,32.08,17.91,42.0,0.325,6.0,14.29,1.0,2.38,0.857,0.175,26.58,16.03,11.45,27.48,40.0,15.0
744847,2024-06-14,2024,672640,R,606930,R,strikeout,True,False,84.0,0.316,13.0,15.48,4.0,4.76,0.796,0.131,20.78,11.15,13.24,24.39,30.94,17.11,,,,,,,,,,,,,,,53.0,0.255,12.0,22.64,1.0,1.89,0.617,0.09799999999999998,30.09,16.35,11.06,27.4,32.08,17.91,42.0,0.325,6.0,14.29,1.0,2.38,0.857,0.175,26.58,16.03,11.45,27.48,40.0,15.0
744847,2024-06-14,2024,696285,R,608638,R,field_out,False,False,134.0,0.229,30.0,22.39,8.0,5.97,0.569,0.04200000000000001,23.18,10.47,21.77,32.24,30.47,24.59,93.0,0.268,17.0,18.28,7.0,7.53,0.687,0.0859999999999999,21.38,9.8,20.46,30.26,30.36,15.74,4.0,0.333,0.0,0.0,1.0,25.0,1.167,0.334,25.0,13.33,13.33,26.67,16.67,0.0,110.0,0.221,22.0,20.0,11.0,10.0,0.643,0.1259999999999999,21.08,8.06,22.58,30.65,19.91,19.13
744847,2024-06-14,2024,682928,L,608638,R,field_out,False,False,198.0,0.213,40.0,20.2,13.0,6.57,0.7030000000000001,0.214,23.51,12.87,13.01,25.88,40.74,17.09,446.0,0.274,78.0,17.49,24.0,5.38,0.786,0.19,21.76,11.82,12.69,24.5,35.86,16.63,2.0,0.0,1.0,50.0,0.0,0.0,0.0,0.0,25.0,16.67,16.67,33.33,60.0,33.33,64.0,0.25,13.0,20.31,7.0,10.94,0.757,0.179,19.13,8.03,16.42,24.45,24.32,17.33
744847,2024-06-14,2024,657041,R,608638,R,field_out,False,False,119.0,0.189,30.0,25.21,10.0,8.4,0.554,0.11299999999999999,21.76,8.82,21.64,30.46,20.08,20.27,490.0,0.242,143.0,29.18,23.0,4.69,0.719,0.185,26.09,11.34,20.58,31.92,28.6,24.48,4.0,0.333,0.0,0.0,1.0,25.0,1.167,0.334,25.0,13.33,13.33,26.67,16.67,0.0,110.0,0.221,22.0,20.0,11.0,10.0,0.643,0.1259999999999999,21.08,8.06,22.58,30.65,19.91,19.13
744847,2024-06-14,2024,641313,R,607179,R,single,False,False,114.0,0.18,33.0,28.95,2.0,1.75,0.393,0.018000000000000016,30.47,15.78,15.56,31.33,37.23,23.08,396.0,0.226,95.0,23.99,21.0,5.3,0.538,0.04,26.05,13.64,14.67,28.31,36.05,20.88,62.0,0.173,14.0,22.58,9.0,14.52,0.518,0.03900000000000001,23.2,11.24,15.5,26.74,27.78,15.91,137.0,0.174,41.0,29.93,10.0,7.3,0.631,0.214,29.39,13.51,15.61,29.12,25.94,23.03
744847,2024-06-14,2024,660644,L,607179,R,walk,False,True,94.0,0.256,15.0,15.96,6.0,6.38,0.6910000000000001,0.11599999999999999,24.0,12.5,13.1,25.6,23.53,15.15,63.0,0.196,17.0,26.98,4.0,6.35,0.494,0.036,25.62,13.36,13.79,27.16,31.45,26.98,50.0,0.409,6.0,12.0,5.0,10.0,1.0939999999999999,0.20500000000000002,21.79,10.62,13.75,24.38,22.08,23.08,95.0,0.227,19.0,20.0,18.0,18.95,0.783,0.173,22.6,8.89,15.9,24.8,19.27,24.68
744847,2024-06-14,2024,656896,R,607179,R,field_out,False,False,64.0,0.189,16.0,25.0,8.0,12.5,0.538,0.037000000000000005,31.67,14.34,15.47,29.81,26.17,17.2,185.0,0.246,40.0,21.62,15.0,8.11,0.651,0.1009999999999999,29.38,13.47,17.14,30.61,25.67,18.1,62.0,0.173,14.0,22.58,9.0,14.52,0.518,0.03900000000000001,23.2,11.24,15.5,26.74,27.78,15.91,137.0,0.174,41.0,29.93,10.0,7.3,0.631,0.214,29.39,13.51,15.61,29.12,25.94,23.03
744847,2024-06-14,2024,663743,R,607179,R,field_out,False,False,89.0,0.181,11.0,12.36,3.0,3.37,0.492,0.08400000000000002,9.85,4.19,21.29,25.48,22.82,14.1,241.0,0.165,48.0,19.92,14.0,5.81,0.46,0.064,18.93,8.36,19.79,28.15,25.54,22.43,62.0,0.173,14.0,22.58,9.0,14.52,0.518,0.03900000000000001,23.2,11.24,15.5,26.74,27.78,15.91,137.0,0.174,41.0,29.93,10.0,7.3,0.631,0.214,29.39,13.51,15.61,29.12,25.94,23.03
744847,2024-06-14,2024,624503,L,607179,R,field_out,False,False,159.0,0.235,35.0,22.01,7.0,4.4,0.628,0.127,30.06,18.18,10.14,28.32,44.95,19.13,83.0,0.16,10.0,12.05,1.0,1.2,0.48,0.149,20.99,12.19,10.39,22.58,38.35,12.82,50.0,0.409,6.0,12.0,5.0,10.0,1.0939999999999999,0.20500000000000002,21.79,10.62,13.75,24.38,22.08,23.08,95.0,0.227,19.0,20.0,18.0,18.95,0.783,0.173,22.6,8.89,15.9,24.8,19.27,24.68
746869,2024-06-14,2024,691026,R,696136,L,field_out,False,False,79.0,0.26,17.0,21.52,6.0,7.59,0.7949999999999999,0.21899999999999997,15.24,7.49,17.96,25.45,33.54,16.83,37.0,0.2,7.0,18.92,1.0,2.7,0.445,0.0289999999999999,21.54,10.0,20.0,30.0,25.4,18.92,91.0,0.262,25.0,27.47,6.0,6.59,0.724,0.14300000000000002,29.47,15.56,11.67,27.22,32.83,23.36,128.0,0.261,18.0,14.06,8.0,6.25,0.739,0.174,22.47,10.43,15.54,25.97,28.26,13.64
746869,2024-06-14,2024,676475,L,696136,L,field_out,False,False,62.0,0.203,7.0,11.29,2.0,3.23,0.586,0.15299999999999997,22.13,12.62,10.75,23.36,33.98,13.46,29.0,0.259,6.0,20.69,2.0,6.9,0.606,0.0369999999999999,18.18,9.62,19.23,28.85,41.82,19.35,30.0,0.292,5.0,16.67,4.0,13.33,0.831,0.125,23.44,11.45,10.69,22.14,32.0,10.64,20.0,0.188,6.0,30.0,3.0,15.0,0.754,0.25,27.91,12.77,13.83,26.6,36.84,17.65
746869,2024-06-14,2024,502671,R,696136,L,single,False,False,76.0,0.277,15.0,19.74,8.0,10.53,0.734,0.09199999999999997,21.83,9.34,18.98,28.31,25.61,12.93,170.0,0.295,41.0,24.12,20.0,11.76,0.8260000000000001,0.155,26.26,11.0,20.45,31.45,28.73,20.4,91.0,0.262,25.0,27.47,6.0,6.59,0.724,0.14300000000000002,29.47,15.56,11.67,27.22,32.83,23.36,128.0,0.261,18.0,14.06,8.0,6.25,0.739,0.174,22.47,10.43,15.54,25.97,28.26,13.64
746869,2024-06-14,2024,571448,R,696136,L,force_out,False,False,60.0,0.224,4.0,6.67,1.0,1.67,0.578,0.12099999999999997,18.1,9.05,18.1,27.14,36.0,8.0,146.0,0.22,20.0,13.7,10.0,6.85,0.662,0.166,19.62,9.73,14.31,24.05,36.88,13.25,91.0,0.262,25.0,27.47,6.0,6.59,0.724,0.14300000000000002,29.47,15.56,11.67,27.22,32.83,23.36,128.0,0.261,18.0,14.06,8.0,6.25,0.739,0.174,22.47,10.43,15.54,25.97,28.26,13.64
746869,2024-06-14,2024,643565,L,502043,R,single,False,False,192.0,0.247,38.0,19.79,26.0,13.54,0.757,0.15400000000000003,23.06,11.3,12.11,23.41,23.28,12.42,345.0,0.253,73.0,21.16,50.0,14.49,0.739,0.121,23.95,9.92,17.49,27.41,19.14,15.57,169.0,0.248,33.0,19.53,19.0,11.24,0.8220000000000001,0.235,23.44,9.12,17.63,26.75,24.01,23.57,402.0,0.292,73.0,18.16,26.0,6.47,0.8180000000000001,0.188,21.2,9.58,16.26,25.84,26.03,18.09
746869,2024-06-14,2024,666624,R,502043,R,strikeout,True,False,213.0,0.209,50.0,23.47,25.0,11.74,0.7010000000000001,0.18100000000000002,30.95,14.1,14.1,28.19,24.89,21.55,329.0,0.247,105.0,31.91,27.0,8.21,0.798,0.239,38.21,19.07,13.74,32.81,29.43,27.56,150.0,0.226,34.0,22.67,11.0,7.33,0.603,0.095,31.87,14.47,18.08,32.55,31.53,24.64,407.0,0.249,84.0,20.64,29.0,7.13,0.7010000000000001,0.146,29.66,13.56,17.04,30.6,29.49,20.14
746869,2024-06-14,2024,641355,L,502043,R,force_out,False,False,167.0,0.231,32.0,19.16,17.0,10.18,0.759,0.211,26.13,13.26,12.77,26.02,33.0,19.88,373.0,0.291,58.0,15.55,27.0,7.24,0.829,0.198,20.08,10.01,15.91,25.92,29.71,13.74,169.0,0.248,33.0,19.53,19.0,11.24,0.8220000000000001,0.235,23.44,9.12,17.63,26.75,24.01,23.57,402.0,0.292,73.0,18.16,26.0,6.47,0.8180000000000001,0.188,21.2,9.58,16.26,25.84,26.03,18.09
746869,2024-06-14,2024,673548,R,502043,R,field_out,False,False,135.0,0.281,39.0,28.89,7.0,5.19,0.821,0.20699999999999996,26.75,10.97,21.04,32.01,24.39,21.79,419.0,0.278,102.0,24.34,41.0,9.79,0.839,0.2129999999999999,24.3,9.93,20.44,30.37,19.3,20.2,150.0,0.226,34.0,22.67,11.0,7.33,0.603,0.095,31.87,14.47,18.08,32.55,31.53,24.64,407.0,0.249,84.0,20.64,29.0,7.13,0.7010000000000001,0.146,29.66,13.56,17.04,30.6,29.49,20.14
746869,2024-06-14,2024,669357,L,696136,L,strikeout,True,False,72.0,0.203,23.0,31.94,7.0,9.72,0.704,0.21899999999999997,33.6,15.73,17.23,32.96,29.77,26.44,86.0,0.26,24.0,27.91,11.0,12.79,0.839,0.2189999999999999,33.77,15.79,17.34,33.13,24.68,27.59,30.0,0.292,5.0,16.67,4.0,13.33,0.831,0.125,23.44,11.45,10.69,22.14,32.0,10.64,20.0,0.188,6.0,30.0,3.0,15.0,0.754,0.25,27.91,12.77,13.83,26.6,36.84,17.65
746869,2024-06-14,2024,671056,R,696136,L,strikeout,True,False,53.0,0.255,10.0,18.87,4.0,7.55,0.661,0.08500000000000002,27.55,13.04,15.94,28.99,21.21,16.39,8.0,0.286,1.0,12.5,1.0,12.5,0.661,0.0,6.67,2.94,11.76,14.71,16.67,20.0,91.0,0.262,25.0,27.47,6.0,6.59,0.724,0.14300000000000002,29.47,15.56,11.67,27.22,32.83,23.36,128.0,0.261,18.0,14.06,8.0,6.25,0.739,0.174,22.47,10.43,15.54,25.97,28.26,13.64
746869,2024-06-14,2024,666185,R,696136,L,single,False,False,40.0,0.2,8.0,20.0,4.0,10.0,0.529,0.028999999999999998,31.17,15.69,13.73,29.41,29.87,21.05,86.0,0.268,12.0,13.95,12.0,13.95,0.77,0.126,22.46,10.88,12.44,23.32,23.98,9.3,91.0,0.262,25.0,27.47,6.0,6.59,0.724,0.14300000000000002,29.47,15.56,11.67,27.22,32.83,23.36,128.0,0.261,18.0,14.06,8.0,6.25,0.739,0.174,22.47,10.43,15.54,25.97,28.26,13.64
746869,2024-06-14,2024,680977,L,543294,R,field_out,False,False,194.0,0.234,32.0,16.49,16.0,8.25,0.694,0.13999999999999999,16.93,7.02,20.0,27.02,23.63,14.88,309.0,0.294,43.0,13.92,27.0,8.74,0.831,0.166,14.96,6.32,19.2,25.52,22.53,13.27,102.0,0.333,15.0,14.71,7.0,6.86,0.988,0.26899999999999996,22.62,10.92,16.09,27.01,30.93,18.75,300.0,0.225,53.0,17.67,16.0,5.33,0.614,0.1249999999999999,24.57,11.27,18.66,29.93,34.05,16.99
746869,2024-06-14,2024,664023,L,502043,R,field_out,False,False,203.0,0.212,58.0,28.57,28.0,13.79,0.708,0.164,27.89,12.53,15.69,28.22,22.43,19.33,502.0,0.258,109.0,21.71,80.0,15.94,0.831,0.192,25.86,11.22,15.24,26.46,20.31,17.34,169.0,0.248,33.0,19.53,19.0,11.24,0.8220000000000001,0.235,23.44,9.12,17.63,26.75,24.01,23.57,402.0,0.292,73.0,18.16,26.0,6.47,0.8180000000000001,0.188,21.2,9.58,16.26,25.84,26.03,18.09
746869,2024-06-14,2024,663538,R,502043,R,walk,False,True,201.0,0.244,19.0,9.45,19.0,9.45,0.6799999999999999,0.10299999999999998,13.46,6.12,21.84,27.96,31.18,10.11,508.0,0.274,63.0,12.4,40.0,7.87,0.72,0.0979999999999999,13.4,6.0,20.67,26.67,29.91,12.21,150.0,0.226,34.0,22.67,11.0,7.33,0.603,0.095,31.87,14.47,18.08,32.55,31.53,24.64,407.0,0.249,84.0,20.64,29.0,7.13,0.7010000000000001,0.146,29.66,13.56,17.04,30.6,29.49,20.14
746869,2024-06-14,2024,683737,L,502043,R,field_out,False,False,197.0,0.247,69.0,35.03,26.0,13.2,0.796,0.199,33.42,14.84,15.31,30.15,24.83,25.09,66.0,0.158,21.0,31.82,8.0,12.12,0.556,0.1399999999999999,29.79,14.48,13.45,27.93,28.39,21.0,169.0,0.248,33.0,19.53,19.0,11.24,0.8220000000000001,0.235,23.44,9.12,17.63,26.75,24.01,23.57,402.0,0.292,73.0,18.16,26.0,6.47,0.8180000000000001,0.188,21.2,9.58,16.26,25.84,26.03,18.09
746869,2024-06-14,2024,621020,R,502043,R,strikeout,True,False,178.0,0.215,50.0,28.09,13.0,7.3,0.6120000000000001,0.12200000000000003,32.66,15.61,15.19,30.8,23.62,22.83,478.0,0.244,111.0,23.22,49.0,10.25,0.734,0.161,28.04,13.13,15.12,28.26,23.34,18.66,150.0,0.226,34.0,22.67,11.0,7.33,0.603,0.095,31.87,14.47,18.08,32.55,31.53,24.64,407.0,0.249,84.0,20.64,29.0,7.13,0.7010000000000001,0.146,29.66,13.56,17.04,30.6,29.49,20.14
746869,2024-06-14,2024,686780,R,543294,R,field_out,False,False,22.0,0.059,8.0,36.36,4.0,18.18,0.28600000000000003,0.0,20.93,9.47,18.95,28.42,27.08,25.81,,,,,,,,,,,,,,,91.0,0.358,15.0,16.48,8.0,8.79,0.9630000000000001,0.19800000000000006,13.58,6.32,19.54,25.86,29.17,12.71,279.0,0.286,40.0,14.34,11.0,3.94,0.763,0.153,17.28,8.2,19.57,27.77,33.87,15.04
746869,2024-06-14,2024,691026,R,543294,R,field_out,False,False,149.0,0.326,25.0,16.78,11.0,7.38,0.776,0.08299999999999996,16.61,7.79,18.67,26.46,29.35,13.16,100.0,0.161,19.0,19.0,9.0,9.0,0.478,0.0799999999999999,21.56,9.11,22.03,31.14,24.87,14.88,91.0,0.358,15.0,16.48,8.0,8.79,0.9630000000000001,0.19800000000000006,13.58,6.32,19.54,25.86,29.17,12.71,279.0,0.286,40.0,14.34,11.0,3.94,0.763,0.153,17.28,8.2,19.57,27.77,33.87,15.04
746869,2024-06-14,2024,676475,L,543294,R,field_out,False,False,154.0,0.301,24.0,15.58,7.0,4.55,0.8109999999999999,0.172,19.68,11.19,11.73,22.92,34.77,15.19,318.0,0.243,39.0,12.26,21.0,6.6,0.698,0.156,17.66,9.16,14.01,23.17,33.05,13.13,102.0,0.333,15.0,14.71,7.0,6.86,0.988,0.26899999999999996,22.62,10.92,16.09,27.01,30.93,18.75,300.0,0.225,53.0,17.67,16.0,5.33,0.614,0.1249999999999999,24.57,11.27,18.66,29.93,34.05,16.99
746869,2024-06-14,2024,665804,R,502043,R,single,False,False,111.0,0.214,25.0,22.52,9.0,8.11,0.593,0.08199999999999999,28.44,15.31,14.57,29.88,35.86,20.33,92.0,0.187,24.0,26.09,7.0,7.61,0.679,0.173,24.72,11.67,16.98,28.65,28.18,19.05,150.0,0.226,34.0,22.67,11.0,7.33,0.603,0.095,31.87,14.47,18.08,32.55,31.53,24.64,407.0,0.249,84.0,20.64,29.0,7.13,0.7010000000000001,0.146,29.66,13.56,17.04,30.6,29.49,20.14
746869,2024-06-14,2024,643565,L,502043,R,field_out,False,False,192.0,0.247,38.0,19.79,26.0,13.54,0.757,0.15400000000000003,23.06,11.3,12.11,23.41,23.28,12.42,345.0,0.253,73.0,21.16,50.0,14.49,0.739,0.121,23.95,9.92,17.49,27.41,19.14,15.57,169.0,0.248,33.0,19.53,19.0,11.24,0.8220000000000001,0.235,23.44,9.12,17.63,26.75,24.01,23.57,402.0,0.292,73.0,18.16,26.0,6.47,0.8180000000000001,0.188,21.2,9.58,16.26,25.84,26.03,18.09
746869,2024-06-14,2024,666624,R,502043,R,force_out,False,False,213.0,0.209,50.0,23.47,25.0,11.74,0.7010000000000001,0.18100000000000002,30.95,14.1,14.1,28.19,24.89,21.55,329.0,0.247,105.0,31.91,27.0,8.21,0.798,0.239,38.21,19.07,13.74,32.81,29.43,27.56,150.0,0.226,34.0,22.67,11.0,7.33,0.603,0.095,31.87,14.47,18.08,32.55,31.53,24.64,407.0,0.249,84.0,20.64,29.0,7.13,0.7010000000000001,0.146,29.66,13.56,17.04,30.6,29.49,20.14
746869,2024-06-14,2024,641355,L,502043,R,field_out,False,False,167.0,0.231,32.0,19.16,17.0,10.18,0.759,0.211,26.13,13.26,12.77,26.02,33.0,19.88,373.0,0.291,58.0,15.55,27.0,7.24,0.829,0.198,20.08,10.01,15.91,25.92,29.71,13.74,169.0,0.248,33.0,19.53,19.0,11.24,0.8220000000000001,0.235,23.44,9.12,17.63,26.75,24.01,23.57,402.0,0.292,73.0,18.16,26.0,6.47,0.8180000000000001,0.188,21.2,9.58,16.26,25.84,26.03,18.09
746869,2024-06-14,2024,502671,R,543294,R,field_out,False,False,211.0,0.208,69.0,32.7,17.0,8.06,0.625,0.141,29.84,14.16,18.92,33.08,30.23,20.43,518.0,0.259,120.0,23.17,67.0,12.93,0.8049999999999999,0.187,27.85,12.3,17.85,30.16,25.85,17.44,91.0,0.358,15.0,16.48,8.0,8.79,0.9630000000000001,0.19800000000000006,13.58,6.32,19.54,25.86,29.17,12.71,279.0,0.286,40.0,14.34,11.0,3.94,0.763,0.153,17.28,8.2,19.57,27.77,33.87,15.04
746869,2024-06-14,2024,571448,R,543294,R,field_out,False,False,216.0,0.271,42.0,19.44,19.0,8.8,0.7290000000000001,0.12,21.93,9.62,20.27,29.9,29.72,16.47,468.0,0.28,81.0,17.31,31.0,6.62,0.8089999999999999,0.2009999999999999,20.4,9.71,17.28,26.99,33.33,16.43,91.0,0.358,15.0,16.48,8.0,8.79,0.9630000000000001,0.19800000000000006,13.58,6.32,19.54,25.86,29.17,12.71,279.0,0.286,40.0,14.34,11.0,3.94,0.763,0.153,17.28,8.2,19.57,27.77,33.87,15.04
746869,2024-06-14,2024,669357,L,543294,R,field_out,False,False,169.0,0.22,60.0,35.5,18.0,10.65,0.784,0.26,39.71,19.57,14.35,33.91,29.71,26.67,378.0,0.231,124.0,32.8,42.0,11.11,0.7969999999999999,0.2459999999999999,35.96,17.73,12.12,29.85,28.13,25.15,102.0,0.333,15.0,14.71,7.0,6.86,0.988,0.26899999999999996,22.62,10.92,16.09,27.01,30.93,18.75,300.0,0.225,53.0,17.67,16.0,5.33,0.614,0.1249999999999999,24.57,11.27,18.66,29.93,34.05,16.99
746869,2024-06-14,2024,673548,R,502043,R,field_out,False,False,135.0,0.281,39.0,28.89,7.0,5.19,0.821,0.20699999999999996,26.75,10.97,21.04,32.01,24.39,21.79,419.0,0.278,102.0,24.34,41.0,9.79,0.839,0.2129999999999999,24.3,9.93,20.44,30.37,19.3,20.2,150.0,0.226,34.0,22.67,11.0,7.33,0.603,0.095,31.87,14.47,18.08,32.55,31.53,24.64,407.0,0.249,84.0,20.64,29.0,7.13,0.7010000000000001,0.146,29.66,13.56,17.04,30.6,29.49,20.14
746869,2024-06-14,2024,664023,L,502043,R,field_out,False,False,203.0,0.212,58.0,28.57,28.0,13.79,0.708,0.164,27.89,12.53,15.69,28.22,22.43,19.33,502.0,0.258,109.0,21.71,80.0,15.94,0.831,0.192,25.86,11.22,15.24,26.46,20.31,17.34,169.0,0.248,33.0,19.53,19.0,11.24,0.8220000000000001,0.235,23.44,9.12,17.63,26.75,24.01,23.57,402.0,0.292,73.0,18.16,26.0,6.47,0.8180000000000001,0.188,21.2,9.58,16.26,25.84,26.03,18.09
746869,2024-06-14,2024,663538,R,502043,R,field_out,False,False,201.0,0.244,19.0,9.45,19.0,9.45,0.6799999999999999,0.10299999999999998,13.46,6.12,21.84,27.96,31.18,10.11,508.0,0.274,63.0,12.4,40.0,7.87,0.72,0.0979999999999999,13.4,6.0,20.67,26.67,29.91,12.21,150.0,0.226,34.0,22.67,11.0,7.33,0.603,0.095,31.87,14.47,18.08,32.55,31.53,24.64,407.0,0.249,84.0,20.64,29.0,7.13,0.7010000000000001,0.146,29.66,13.56,17.04,30.6,29.49,20.14
746869,2024-06-14,2024,671056,R,543294,R,field_out,False,False,123.0,0.279,27.0,21.95,9.0,7.32,0.7050000000000001,0.08999999999999997,24.88,10.79,19.71,30.5,29.88,18.88,36.0,0.3,10.0,27.78,4.0,11.11,0.784,0.067,28.57,12.05,14.46,26.51,27.08,17.31,91.0,0.358,15.0,16.48,8.0,8.79,0.9630000000000001,0.19800000000000006,13.58,6.32,19.54,25.86,29.17,12.71,279.0,0.286,40.0,14.34,11.0,3.94,0.763,0.153,17.28,8.2,19.57,27.77,33.87,15.04
746869,2024-06-14,2024,666185,L,543294,R,strikeout,True,False,30.0,0.148,10.0,33.33,2.0,6.67,0.41800000000000004,0.037000000000000005,39.06,18.94,13.64,32.58,22.22,22.73,170.0,0.196,37.0,21.76,14.0,8.24,0.592,0.1079999999999999,22.71,10.14,18.91,29.05,25.44,21.14,102.0,0.333,15.0,14.71,7.0,6.86,0.988,0.26899999999999996,22.62,10.92,16.09,27.01,30.93,18.75,300.0,0.225,53.0,17.67,16.0,5.33,0.614,0.1249999999999999,24.57,11.27,18.66,29.93,34.05,16.99
746869,2024-06-14,2024,680977,L,543294,R,field_out,False,False,194.0,0.234,32.0,16.49,16.0,8.25,0.694,0.13999999999999999,16.93,7.02,20.0,27.02,23.63,14.88,309.0,0.294,43.0,13.92,27.0,8.74,0.831,0.166,14.96,6.32,19.2,25.52,22.53,13.27,102.0,0.333,15.0,14.71,7.0,6.86,0.988,0.26899999999999996,22.62,10.92,16.09,27.01,30.93,18.75,300.0,0.225,53.0,17.67,16.0,5.33,0.614,0.1249999999999999,24.57,11.27,18.66,29.93,34.05,16.99
746869,2024-06-14,2024,683737,L,502043,R,strikeout,True,False,197.0,0.247,69.0,35.03,26.0,13.2,0.796,0.199,33.42,14.84,15.31,30.15,24.83,25.09,66.0,0.158,21.0,31.82,8.0,12.12,0.556,0.1399999999999999,29.79,14.48,13.45,27.93,28.39,21.0,169.0,0.248,33.0,19.53,19.0,11.24,0.8220000000000001,0.235,23.44,9.12,17.63,26.75,24.01,23.57,402.0,0.292,73.0,18.16,26.0,6.47,0.8180000000000001,0.188,21.2,9.58,16.26,25.84,26.03,18.09
746869,2024-06-14,2024,621020,R,502043,R,field_out,False,False,178.0,0.215,50.0,28.09,13.0,7.3,0.6120000000000001,0.12200000000000003,32.66,15.61,15.19,30.8,23.62,22.83,478.0,0.244,111.0,23.22,49.0,10.25,0.734,0.161,28.04,13.13,15.12,28.26,23.34,18.66,150.0,0.226,34.0,22.67,11.0,7.33,0.603,0.095,31.87,14.47,18.08,32.55,31.53,24.64,407.0,0.249,84.0,20.64,29.0,7.13,0.7010000000000001,0.146,29.66,13.56,17.04,30.6,29.49,20.14
746869,2024-06-14,2024,665804,R,502043,R,field_out,False,False,111.0,0.214,25.0,22.52,9.0,8.11,0.593,0.08199999999999999,28.44,15.31,14.57,29.88,35.86,20.33,92.0,0.187,24.0,26.09,7.0,7.61,0.679,0.173,24.72,11.67,16.98,28.65,28.18,19.05,150.0,0.226,34.0,22.67,11.0,7.33,0.603,0.095,31.87,14.47,18.08,32.55,31.53,24.64,407.0,0.249,84.0,20.64,29.0,7.13,0.7010000000000001,0.146,29.66,13.56,17.04,30.6,29.49,20.14
746869,2024-06-14,2024,686780,R,543294,R,field_out,False,False,22.0,0.059,8.0,36.36,4.0,18.18,0.28600000000000003,0.0,20.93,9.47,18.95,28.42,27.08,25.81,,,,,,,,,,,,,,,91.0,0.358,15.0,16.48,8.0,8.79,0.9630000000000001,0.19800000000000006,13.58,6.32,19.54,25.86,29.17,12.71,279.0,0.286,40.0,14.34,11.0,3.94,0.763,0.153,17.28,8.2,19.57,27.77,33.87,15.04
746869,2024-06-14,2024,691026,R,543294,R,single,False,False,149.0,0.326,25.0,16.78,11.0,7.38,0.776,0.08299999999999996,16.61,7.79,18.67,26.46,29.35,13.16,100.0,0.161,19.0,19.0,9.0,9.0,0.478,0.0799999999999999,21.56,9.11,22.03,31.14,24.87,14.88,91.0,0.358,15.0,16.48,8.0,8.79,0.9630000000000001,0.19800000000000006,13.58,6.32,19.54,25.86,29.17,12.71,279.0,0.286,40.0,14.34,11.0,3.94,0.763,0.153,17.28,8.2,19.57,27.77,33.87,15.04
746869,2024-06-14,2024,676475,L,543294,R,single,False,False,154.0,0.301,24.0,15.58,7.0,4.55,0.8109999999999999,0.172,19.68,11.19,11.73,22.92,34.77,15.19,318.0,0.243,39.0,12.26,21.0,6.6,0.698,0.156,17.66,9.16,14.01,23.17,33.05,13.13,102.0,0.333,15.0,14.71,7.0,6.86,0.988,0.26899999999999996,22.62,10.92,16.09,27.01,30.93,18.75,300.0,0.225,53.0,17.67,16.0,5.33,0.614,0.1249999999999999,24.57,11.27,18.66,29.93,34.05,16.99
746869,2024-06-14,2024,502671,R,543294,R,field_out,False,False,211.0,0.208,69.0,32.7,17.0,8.06,0.625,0.141,29.84,14.16,18.92,33.08,30.23,20.43,518.0,0.259,120.0,23.17,67.0,12.93,0.8049999999999999,0.187,27.85,12.3,17.85,30.16,25.85,17.44,91.0,0.358,15.0,16.48,8.0,8.79,0.9630000000000001,0.19800000000000006,13.58,6.32,19.54,25.86,29.17,12.71,279.0,0.286,40.0,14.34,11.0,3.94,0.763,0.153,17.28,8.2,19.57,27.77,33.87,15.04
746869,2024-06-14,2024,571448,R,543294,R,force_out,False,False,216.0,0.271,42.0,19.44,19.0,8.8,0.7290000000000001,0.12,21.93,9.62,20.27,29.9,29.72,16.47,468.0,0.28,81.0,17.31,31.0,6.62,0.8089999999999999,0.2009999999999999,20.4,9.71,17.28,26.99,33.33,16.43,91.0,0.358,15.0,16.48,8.0,8.79,0.9630000000000001,0.19800000000000006,13.58,6.32,19.54,25.86,29.17,12.71,279.0,0.286,40.0,14.34,11.0,3.94,0.763,0.153,17.28,8.2,19.57,27.77,33.87,15.04
746869,2024-06-14,2024,643565,L,502043,R,strikeout,True,False,192.0,0.247,38.0,19.79,26.0,13.54,0.757,0.15400000000000003,23.06,11.3,12.11,23.41,23.28,12.42,345.0,0.253,73.0,21.16,50.0,14.49,0.739,0.121,23.95,9.92,17.49,27.41,19.14,15.57,169.0,0.248,33.0,19.53,19.0,11.24,0.8220000000000001,0.235,23.44,9.12,17.63,26.75,24.01,23.57,402.0,0.292,73.0,18.16,26.0,6.47,0.8180000000000001,0.188,21.2,9.58,16.26,25.84,26.03,18.09
746869,2024-06-14,2024,666624,R,502043,R,field_out,False,False,213.0,0.209,50.0,23.47,25.0,11.74,0.7010000000000001,0.18100000000000002,30.95,14.1,14.1,28.19,24.89,21.55,329.0,0.247,105.0,31.91,27.0,8.21,0.798,0.239,38.21,19.07,13.74,32.81,29.43,27.56,150.0,0.226,34.0,22.67,11.0,7.33,0.603,0.095,31.87,14.47,18.08,32.55,31.53,24.64,407.0,0.249,84.0,20.64,29.0,7.13,0.7010000000000001,0.146,29.66,13.56,17.04,30.6,29.49,20.14
746869,2024-06-14,2024,641355,L,502043,R,field_out,False,False,167.0,0.231,32.0,19.16,17.0,10.18,0.759,0.211,26.13,13.26,12.77,26.02,33.0,19.88,373.0,0.291,58.0,15.55,27.0,7.24,0.829,0.198,20.08,10.01,15.91,25.92,29.71,13.74,169.0,0.248,33.0,19.53,19.0,11.24,0.8220000000000001,0.235,23.44,9.12,17.63,26.75,24.01,23.57,402.0,0.292,73.0,18.16,26.0,6.47,0.8180000000000001,0.188,21.2,9.58,16.26,25.84,26.03,18.09
746869,2024-06-14,2024,669357,L,681432,L,strikeout,True,False,72.0,0.203,23.0,31.94,7.0,9.72,0.704,0.21899999999999997,33.6,15.73,17.23,32.96,29.77,26.44,86.0,0.26,24.0,27.91,11.0,12.79,0.839,0.2189999999999999,33.77,15.79,17.34,33.13,24.68,27.59,37.0,0.125,12.0,32.43,5.0,13.51,0.431,0.063,32.2,12.42,22.88,35.29,26.83,30.0,11.0,0.111,4.0,36.36,1.0,9.09,0.404,0.111,46.15,22.22,18.52,40.74,35.71,23.53
746869,2024-06-14,2024,671056,R,681432,L,walk,False,True,53.0,0.255,10.0,18.87,4.0,7.55,0.661,0.08500000000000002,27.55,13.04,15.94,28.99,21.21,16.39,8.0,0.286,1.0,12.5,1.0,12.5,0.661,0.0,6.67,2.94,11.76,14.71,16.67,20.0,38.0,0.2,5.0,13.16,9.0,23.68,0.847,0.2,23.08,7.95,19.21,27.15,13.51,13.51,19.0,0.267,8.0,42.11,3.0,15.79,0.754,0.066,46.43,15.85,19.51,35.37,15.56,30.77
746869,2024-06-14,2024,666185,R,681432,L,strikeout,True,False,40.0,0.2,8.0,20.0,4.0,10.0,0.529,0.028999999999999998,31.17,15.69,13.73,29.41,29.87,21.05,86.0,0.268,12.0,13.95,12.0,13.95,0.77,0.126,22.46,10.88,12.44,23.32,23.98,9.3,38.0,0.2,5.0,13.16,9.0,23.68,0.847,0.2,23.08,7.95,19.21,27.15,13.51,13.51,19.0,0.267,8.0,42.11,3.0,15.79,0.754,0.066,46.43,15.85,19.51,35.37,15.56,30.77
746869,2024-06-14,2024,680977,L,681432,L,field_out,False,False,80.0,0.282,5.0,6.25,4.0,5.0,0.732,0.11200000000000004,11.3,4.45,20.89,25.34,17.56,7.94,63.0,0.236,10.0,15.87,6.0,9.52,0.569,0.0,14.29,6.33,19.83,26.16,24.58,15.87,37.0,0.125,12.0,32.43,5.0,13.51,0.431,0.063,32.2,12.42,22.88,35.29,26.83,30.0,11.0,0.111,4.0,36.36,1.0,9.09,0.404,0.111,46.15,22.22,18.52,40.74,35.71,23.53
746869,2024-06-14,2024,673548,R,502043,R,strikeout,True,False,135.0,0.281,39.0,28.89,7.0,5.19,0.821,0.20699999999999996,26.75,10.97,21.04,32.01,24.39,21.79,419.0,0.278,102.0,24.34,41.0,9.79,0.839,0.2129999999999999,24.3,9.93,20.44,30.37,19.3,20.2,150.0,0.226,34.0,22.67,11.0,7.33,0.603,0.095,31.87,14.47,18.08,32.55,31.53,24.64,407.0,0.249,84.0,20.64,29.0,7.13,0.7010000000000001,0.146,29.66,13.56,17.04,30.6,29.49,20.14
746869,2024-06-14,2024,664023,L,502043,R,strikeout,True,False,203.0,0.212,58.0,28.57,28.0,13.79,0.708,0.164,27.89,12.53,15.69,28.22,22.43,19.33,502.0,0.258,109.0,21.71,80.0,15.94,0.831,0.192,25.86,11.22,15.24,26.46,20.31,17.34,169.0,0.248,33.0,19.53,19.0,11.24,0.8220000000000001,0.235,23.44,9.12,17.63,26.75,24.01,23.57,402.0,0.292,73.0,18.16,26.0,6.47,0.8180000000000001,0.188,21.2,9.58,16.26,25.84,26.03,18.09
746869,2024-06-14,2024,663538,R,502043,R,field_out,False,False,201.0,0.244,19.0,9.45,19.0,9.45,0.6799999999999999,0.10299999999999998,13.46,6.12,21.84,27.96,31.18,10.11,508.0,0.274,63.0,12.4,40.0,7.87,0.72,0.0979999999999999,13.4,6.0,20.67,26.67,29.91,12.21,150.0,0.226,34.0,22.67,11.0,7.33,0.603,0.095,31.87,14.47,18.08,32.55,31.53,24.64,407.0,0.249,84.0,20.64,29.0,7.13,0.7010000000000001,0.146,29.66,13.56,17.04,30.6,29.49,20.14
746869,2024-06-14,2024,686780,R,669713,R,home_run,False,False,22.0,0.059,8.0,36.36,4.0,18.18,0.28600000000000003,0.0,20.93,9.47,18.95,28.42,27.08,25.81,,,,,,,,,,,,,,,87.0,0.222,22.0,25.29,6.0,6.9,0.659,0.161,26.28,12.58,18.1,30.67,33.53,22.68,221.0,0.202,57.0,25.79,16.0,7.24,0.617,0.1459999999999999,29.02,12.78,18.23,31.01,30.33,23.27
746869,2024-06-14,2024,691026,R,669713,R,field_out,False,False,149.0,0.326,25.0,16.78,11.0,7.38,0.776,0.08299999999999996,16.61,7.79,18.67,26.46,29.35,13.16,100.0,0.161,19.0,19.0,9.0,9.0,0.478,0.0799999999999999,21.56,9.11,22.03,31.14,24.87,14.88,87.0,0.222,22.0,25.29,6.0,6.9,0.659,0.161,26.28,12.58,18.1,30.67,33.53,22.68,221.0,0.202,57.0,25.79,16.0,7.24,0.617,0.1459999999999999,29.02,12.78,18.23,31.01,30.33,23.27
746869,2024-06-14,2024,676475,L,669713,R,field_out,False,False,154.0,0.301,24.0,15.58,7.0,4.55,0.8109999999999999,0.172,19.68,11.19,11.73,22.92,34.77,15.19,318.0,0.243,39.0,12.26,21.0,6.6,0.698,0.156,17.66,9.16,14.01,23.17,33.05,13.13,64.0,0.2,12.0,18.75,3.0,4.69,0.517,0.067,21.78,9.95,19.0,28.96,21.65,19.05,159.0,0.298,26.0,16.35,16.0,10.06,0.986,0.319,14.23,6.41,17.95,24.36,22.1,13.0
746869,2024-06-14,2024,502671,R,669713,R,field_out,False,False,211.0,0.208,69.0,32.7,17.0,8.06,0.625,0.141,29.84,14.16,18.92,33.08,30.23,20.43,518.0,0.259,120.0,23.17,67.0,12.93,0.8049999999999999,0.187,27.85,12.3,17.85,30.16,25.85,17.44,87.0,0.222,22.0,25.29,6.0,6.9,0.659,0.161,26.28,12.58,18.1,30.67,33.53,22.68,221.0,0.202,57.0,25.79,16.0,7.24,0.617,0.1459999999999999,29.02,12.78,18.23,31.01,30.33,23.27
746869,2024-06-14,2024,683737,L,681676,R,single,False,False,197.0,0.247,69.0,35.03,26.0,13.2,0.796,0.199,33.42,14.84,15.31,30.15,24.83,25.09,66.0,0.158,21.0,31.82,8.0,12.12,0.556,0.1399999999999999,29.79,14.48,13.45,27.93,28.39,21.0,49.0,0.2,12.0,24.49,5.0,10.2,0.712,0.2,27.66,12.26,15.57,27.83,22.73,19.35,,,,,,,,,,,,,,
746869,2024-06-14,2024,621020,R,681676,R,field_out,False,False,178.0,0.215,50.0,28.09,13.0,7.3,0.6120000000000001,0.12200000000000003,32.66,15.61,15.19,30.8,23.62,22.83,478.0,0.244,111.0,23.22,49.0,10.25,0.734,0.161,28.04,13.13,15.12,28.26,23.34,18.66,66.0,0.246,20.0,30.3,5.0,7.58,0.5820000000000001,0.03300000000000003,36.43,17.15,15.69,32.85,30.14,22.99,,,,,,,,,,,,,,
746869,2024-06-14,2024,665804,R,681676,R,fielders_choice_out,False,False,111.0,0.214,25.0,22.52,9.0,8.11,0.593,0.08199999999999999,28.44,15.31,14.57,29.88,35.86,20.33,92.0,0.187,24.0,26.09,7.0,7.61,0.679,0.173,24.72,11.67,16.98,28.65,28.18,19.05,66.0,0.246,20.0,30.3,5.0,7.58,0.5820000000000001,0.03300000000000003,36.43,17.15,15.69,32.85,30.14,22.99,,,,,,,,,,,,,,
746869,2024-06-14,2024,621550,R,668941,L,field_out,False,False,47.0,0.256,15.0,31.91,4.0,8.51,0.875,0.257,29.59,14.29,14.29,28.57,24.24,22.39,131.0,0.217,47.0,35.88,10.0,7.63,0.769,0.275,32.94,15.47,14.92,30.39,23.55,28.83,84.0,0.221,17.0,20.24,2.0,2.38,0.659,0.18200000000000002,23.68,11.76,18.3,30.07,30.5,19.77,106.0,0.26,30.0,28.3,7.0,6.6,0.6890000000000001,0.1149999999999999,36.41,18.59,17.02,35.6,31.89,28.04
746869,2024-06-14,2024,571448,R,605155,R,double,False,False,216.0,0.271,42.0,19.44,19.0,8.8,0.7290000000000001,0.12,21.93,9.62,20.27,29.9,29.72,16.47,468.0,0.28,81.0,17.31,31.0,6.62,0.8089999999999999,0.2009999999999999,20.4,9.71,17.28,26.99,33.33,16.43,28.0,0.24,6.0,21.43,2.0,7.14,0.766,0.24,22.03,10.57,14.63,25.2,19.61,14.29,17.0,0.357,2.0,11.76,3.0,17.65,1.471,0.643,25.0,10.64,17.02,27.66,22.73,28.57
746869,2024-06-14,2024,669357,L,605155,R,strikeout,True,False,169.0,0.22,60.0,35.5,18.0,10.65,0.784,0.26,39.71,19.57,14.35,33.91,29.71,26.67,378.0,0.231,124.0,32.8,42.0,11.11,0.7969999999999999,0.2459999999999999,35.96,17.73,12.12,29.85,28.13,25.15,24.0,0.182,7.0,29.17,2.0,8.33,0.432,0.0,30.23,12.75,20.59,33.33,24.53,24.14,17.0,0.062,2.0,11.76,0.0,0.0,0.368,0.188,18.52,8.77,17.54,26.32,22.22,15.38
746869,2024-06-14,2024,671056,R,605155,R,double,False,False,123.0,0.279,27.0,21.95,9.0,7.32,0.7050000000000001,0.08999999999999997,24.88,10.79,19.71,30.5,29.88,18.88,36.0,0.3,10.0,27.78,4.0,11.11,0.784,0.067,28.57,12.05,14.46,26.51,27.08,17.31,28.0,0.24,6.0,21.43,2.0,7.14,0.766,0.24,22.03,10.57,14.63,25.2,19.61,14.29,17.0,0.357,2.0,11.76,3.0,17.65,1.471,0.643,25.0,10.64,17.02,27.66,22.73,28.57
746869,2024-06-14,2024,666185,L,605155,R,single,False,False,30.0,0.148,10.0,33.33,2.0,6.67,0.41800000000000004,0.037000000000000005,39.06,18.94,13.64,32.58,22.22,22.73,170.0,0.196,37.0,21.76,14.0,8.24,0.592,0.1079999999999999,22.71,10.14,18.91,29.05,25.44,21.14,24.0,0.182,7.0,29.17,2.0,8.33,0.432,0.0,30.23,12.75,20.59,33.33,24.53,24.14,17.0,0.062,2.0,11.76,0.0,0.0,0.368,0.188,18.52,8.77,17.54,26.32,22.22,15.38
746869,2024-06-14,2024,680977,L,605155,R,single,False,False,194.0,0.234,32.0,16.49,16.0,8.25,0.694,0.13999999999999999,16.93,7.02,20.0,27.02,23.63,14.88,309.0,0.294,43.0,13.92,27.0,8.74,0.831,0.166,14.96,6.32,19.2,25.52,22.53,13.27,24.0,0.182,7.0,29.17,2.0,8.33,0.432,0.0,30.23,12.75,20.59,33.33,24.53,24.14,17.0,0.062,2.0,11.76,0.0,0.0,0.368,0.188,18.52,8.77,17.54,26.32,22.22,15.38
746869,2024-06-14,2024,686780,R,605155,R,strikeout,True,False,22.0,0.059,8.0,36.36,4.0,18.18,0.28600000000000003,0.0,20.93,9.47,18.95,28.42,27.08,25.81,,,,,,,,,,,,,,,28.0,0.24,6.0,21.43,2.0,7.14,0.766,0.24,22.03,10.57,14.63,25.2,19.61,14.29,17.0,0.357,2.0,11.76,3.0,17.65,1.471,0.643,25.0,10.64,17.02,27.66,22.73,28.57
746869,2024-06-14,2024,666624,R,664854,R,strikeout,True,False,213.0,0.209,50.0,23.47,25.0,11.74,0.7010000000000001,0.18100000000000002,30.95,14.1,14.1,28.19,24.89,21.55,329.0,0.247,105.0,31.91,27.0,8.21,0.798,0.239,38.21,19.07,13.74,32.81,29.43,27.56,63.0,0.254,15.0,23.81,3.0,4.76,0.608,0.068,35.48,20.0,12.73,32.73,32.0,25.42,80.0,0.134,30.0,37.5,10.0,12.5,0.402,0.03,37.93,19.76,13.17,32.93,33.13,27.27
746869,2024-06-14,2024,641355,L,664854,R,field_out,False,False,167.0,0.231,32.0,19.16,17.0,10.18,0.759,0.211,26.13,13.26,12.77,26.02,33.0,19.88,373.0,0.291,58.0,15.55,27.0,7.24,0.829,0.198,20.08,10.01,15.91,25.92,29.71,13.74,59.0,0.192,18.0,30.51,5.0,8.47,0.504,0.057999999999999996,32.35,16.84,16.33,33.16,29.63,29.51,66.0,0.224,22.0,33.33,7.0,10.61,0.6970000000000001,0.155,31.01,14.44,15.88,30.32,30.28,23.91
746869,2024-06-14,2024,673548,R,664854,R,walk,False,True,135.0,0.281,39.0,28.89,7.0,5.19,0.821,0.20699999999999996,26.75,10.97,21.04,32.01,24.39,21.79,419.0,0.278,102.0,24.34,41.0,9.79,0.839,0.2129999999999999,24.3,9.93,20.44,30.37,19.3,20.2,63.0,0.254,15.0,23.81,3.0,4.76,0.608,0.068,35.48,20.0,12.73,32.73,32.0,25.42,80.0,0.134,30.0,37.5,10.0,12.5,0.402,0.03,37.93,19.76,13.17,32.93,33.13,27.27
746869,2024-06-14,2024,664023,L,664854,R,walk,False,True,203.0,0.212,58.0,28.57,28.0,13.79,0.708,0.164,27.89,12.53,15.69,28.22,22.43,19.33,502.0,0.258,109.0,21.71,80.0,15.94,0.831,0.192,25.86,11.22,15.24,26.46,20.31,17.34,59.0,0.192,18.0,30.51,5.0,8.47,0.504,0.057999999999999996,32.35,16.84,16.33,33.16,29.63,29.51,66.0,0.224,22.0,33.33,7.0,10.61,0.6970000000000001,0.155,31.01,14.44,15.88,30.32,30.28,23.91
746869,2024-06-14,2024,663538,R,664854,R,strikeout,True,False,201.0,0.244,19.0,9.45,19.0,9.45,0.6799999999999999,0.10299999999999998,13.46,6.12,21.84,27.96,31.18,10.11,508.0,0.274,63.0,12.4,40.0,7.87,0.72,0.0979999999999999,13.4,6.0,20.67,26.67,29.91,12.21,63.0,0.254,15.0,23.81,3.0,4.76,0.608,0.068,35.48,20.0,12.73,32.73,32.0,25.42,80.0,0.134,30.0,37.5,10.0,12.5,0.402,0.03,37.93,19.76,13.17,32.93,33.13,27.27
746136,2024-06-14,2024,543760,R,675627,R,field_out,False,False,210.0,0.221,29.0,13.81,18.0,8.57,0.6579999999999999,0.147,20.89,10.61,14.0,24.61,25.64,16.76,544.0,0.273,77.0,14.15,52.0,9.56,0.8360000000000001,0.2199999999999999,18.01,8.45,14.48,22.93,21.97,13.9,88.0,0.231,23.0,26.14,9.0,10.23,0.653,0.11499999999999996,31.69,13.35,19.29,32.64,29.35,28.4,155.0,0.255,45.0,29.03,5.0,3.23,0.707,0.1679999999999999,33.22,17.44,15.03,32.47,36.39,26.95
746136,2024-06-14,2024,669701,L,675627,R,single,False,False,179.0,0.288,28.0,15.64,17.0,9.5,0.8220000000000001,0.15400000000000003,17.59,8.25,18.23,26.48,23.42,12.9,200.0,0.194,46.0,23.0,19.0,9.5,0.623,0.13,20.71,8.96,19.58,28.54,22.65,15.97,48.0,0.146,17.0,35.42,3.0,6.25,0.539,0.12200000000000003,26.73,13.04,14.98,28.02,29.47,22.37,147.0,0.344,28.0,19.05,14.0,9.52,1.003,0.244,20.15,9.35,17.81,27.16,26.12,17.28
746136,2024-06-14,2024,666969,R,675627,R,single,False,False,184.0,0.201,47.0,25.54,11.0,5.98,0.651,0.195,34.73,17.95,11.87,29.81,34.42,24.74,480.0,0.245,138.0,28.75,41.0,8.54,0.8260000000000001,0.264,31.65,15.93,13.92,29.85,32.02,21.97,88.0,0.231,23.0,26.14,9.0,10.23,0.653,0.11499999999999996,31.69,13.35,19.29,32.64,29.35,28.4,155.0,0.255,45.0,29.03,5.0,3.23,0.707,0.1679999999999999,33.22,17.44,15.03,32.47,36.39,26.95
746136,2024-06-14,2024,663993,L,675627,R,field_out,False,False,125.0,0.248,23.0,18.4,17.0,13.6,0.6950000000000001,0.09500000000000003,14.75,6.03,18.46,24.48,25.7,14.02,505.0,0.279,113.0,22.38,69.0,13.66,0.833,0.172,19.81,8.64,15.62,24.26,19.45,16.87,48.0,0.146,17.0,35.42,3.0,6.25,0.539,0.12200000000000003,26.73,13.04,14.98,28.02,29.47,22.37,147.0,0.344,28.0,19.05,14.0,9.52,1.003,0.244,20.15,9.35,17.81,27.16,26.12,17.28
746136,2024-06-14,2024,694671,R,675627,R,single,False,False,135.0,0.242,25.0,18.52,10.0,7.41,0.594,0.04799999999999999,20.56,9.14,19.0,28.14,23.78,13.66,,,,,,,,,,,,,,,88.0,0.231,23.0,26.14,9.0,10.23,0.653,0.11499999999999996,31.69,13.35,19.29,32.64,29.35,28.4,155.0,0.255,45.0,29.03,5.0,3.23,0.707,0.1679999999999999,33.22,17.44,15.03,32.47,36.39,26.95
746136,2024-06-14,2024,641680,L,675627,R,field_out,False,False,167.0,0.234,36.0,21.56,8.0,4.79,0.617,0.10800000000000001,21.25,11.0,13.75,24.76,33.01,22.5,411.0,0.243,82.0,19.95,33.0,8.03,0.733,0.185,23.06,11.69,13.75,25.44,29.36,17.15,48.0,0.146,17.0,35.42,3.0,6.25,0.539,0.12200000000000003,26.73,13.04,14.98,28.02,29.47,22.37,147.0,0.344,28.0,19.05,14.0,9.52,1.003,0.244,20.15,9.35,17.81,27.16,26.12,17.28
746136,2024-06-14,2024,605141,R,547179,R,field_out,False,False,215.0,0.293,26.0,12.09,34.0,15.81,0.891,0.193,16.36,6.08,20.9,26.98,18.24,9.7,509.0,0.309,85.0,16.7,66.0,12.97,0.949,0.237,17.85,6.92,20.25,27.17,17.64,15.12,136.0,0.314,19.0,13.97,13.0,9.56,0.96,0.25599999999999995,19.21,8.38,18.67,27.05,24.28,12.67,271.0,0.275,41.0,15.13,15.0,5.54,0.734,0.1429999999999999,17.01,8.49,18.12,26.6,31.74,13.95
746136,2024-06-14,2024,660271,L,547179,R,field_out,False,False,195.0,0.311,41.0,21.03,24.0,12.31,1.0750000000000002,0.36000000000000004,29.58,14.38,13.23,27.61,30.91,18.3,429.0,0.327,99.0,23.08,64.0,14.92,1.132,0.3739999999999999,32.88,15.48,11.59,27.07,28.86,20.75,127.0,0.1,28.0,22.05,16.0,12.6,0.33099999999999996,0.017999999999999988,26.47,12.28,14.62,26.9,25.83,18.24,354.0,0.218,70.0,19.77,32.0,9.04,0.6739999999999999,0.165,25.07,12.26,15.11,27.37,28.81,16.67
746136,2024-06-14,2024,518692,L,547179,R,single,False,False,189.0,0.34,30.0,15.87,26.0,13.76,1.013,0.23899999999999993,19.89,9.33,11.66,20.98,22.94,13.64,514.0,0.33,81.0,15.76,57.0,11.09,0.962,0.218,19.83,9.77,11.31,21.08,27.01,16.63,127.0,0.1,28.0,22.05,16.0,12.6,0.33099999999999996,0.017999999999999988,26.47,12.28,14.62,26.9,25.83,18.24,354.0,0.218,70.0,19.77,32.0,9.04,0.6739999999999999,0.165,25.07,12.26,15.11,27.37,28.81,16.67
746136,2024-06-14,2024,606192,R,547179,R,strikeout,True,False,210.0,0.258,60.0,28.57,20.0,9.52,0.813,0.21499999999999997,34.98,18.1,12.53,30.63,29.18,20.76,529.0,0.249,164.0,31.0,33.0,6.24,0.718,0.1639999999999999,36.92,19.57,14.44,34.01,34.81,23.06,136.0,0.314,19.0,13.97,13.0,9.56,0.96,0.25599999999999995,19.21,8.38,18.67,27.05,24.28,12.67,271.0,0.275,41.0,15.13,15.0,5.54,0.734,0.1429999999999999,17.01,8.49,18.12,26.6,31.74,13.95
746136,2024-06-14,2024,608671,L,642232,L,field_out,False,False,10.0,0.0,2.0,20.0,0.0,0.0,0.0,0.0,26.32,12.82,23.08,35.9,25.0,12.5,32.0,0.214,5.0,15.62,3.0,9.38,0.611,0.107,16.33,5.88,21.32,27.21,14.49,15.15,63.0,0.105,10.0,15.87,2.0,3.17,0.361,0.106,23.58,12.83,15.49,28.32,28.57,15.38,106.0,0.28,20.0,18.87,6.0,5.66,0.771,0.1699999999999999,25.45,13.66,16.1,29.76,37.43,14.39
746136,2024-06-14,2024,677649,R,642232,L,strikeout,True,False,65.0,0.254,14.0,21.54,5.0,7.69,0.596,0.033999999999999975,23.44,12.99,14.72,27.71,39.82,21.88,132.0,0.273,34.0,25.76,10.0,7.58,0.837,0.2309999999999999,27.68,14.45,13.29,27.75,34.33,21.12,117.0,0.255,11.0,9.4,12.0,10.26,0.723,0.118,16.99,7.88,14.64,22.52,28.26,8.8,270.0,0.268,47.0,17.41,7.0,2.59,0.716,0.1409999999999999,21.6,10.93,16.14,27.07,32.38,14.69
746136,2024-06-14,2024,665750,R,642232,L,field_out,False,False,77.0,0.191,15.0,19.48,8.0,10.39,0.541,0.07400000000000001,29.84,12.71,14.78,27.49,20.25,21.13,150.0,0.241,31.0,20.67,10.0,6.67,0.638,0.102,22.26,10.54,15.89,26.42,25.0,19.38,117.0,0.255,11.0,9.4,12.0,10.26,0.723,0.118,16.99,7.88,14.64,22.52,28.26,8.8,270.0,0.268,47.0,17.41,7.0,2.59,0.716,0.1409999999999999,21.6,10.93,16.14,27.07,32.38,14.69
746136,2024-06-14,2024,681624,R,547179,R,field_out,False,False,157.0,0.241,44.0,28.03,9.0,5.73,0.712,0.16999999999999998,28.36,15.37,12.3,27.67,32.03,20.56,,,,,,,,,,,,,,,136.0,0.314,19.0,13.97,13.0,9.56,0.96,0.25599999999999995,19.21,8.38,18.67,27.05,24.28,12.67,271.0,0.275,41.0,15.13,15.0,5.54,0.734,0.1429999999999999,17.01,8.49,18.12,26.6,31.74,13.95
746136,2024-06-14,2024,518792,L,547179,R,field_out,False,False,70.0,0.197,13.0,18.57,7.0,10.0,0.71,0.21299999999999997,24.83,12.76,13.1,25.86,31.33,13.98,349.0,0.276,57.0,16.33,32.0,9.17,0.818,0.1949999999999999,20.45,9.51,16.77,26.27,27.56,15.45,127.0,0.1,28.0,22.05,16.0,12.6,0.33099999999999996,0.017999999999999988,26.47,12.28,14.62,26.9,25.83,18.24,354.0,0.218,70.0,19.77,32.0,9.04,0.6739999999999999,0.165,25.07,12.26,15.11,27.37,28.81,16.67
746136,2024-06-14,2024,666158,L,547179,R,field_out,False,False,169.0,0.224,36.0,21.3,12.0,7.1,0.5880000000000001,0.08399999999999999,19.18,8.42,19.1,27.52,18.83,18.46,,,,,,,,,,,,,,,127.0,0.1,28.0,22.05,16.0,12.6,0.33099999999999996,0.017999999999999988,26.47,12.28,14.62,26.9,25.83,18.24,354.0,0.218,70.0,19.77,32.0,9.04,0.6739999999999999,0.165,25.07,12.26,15.11,27.37,28.81,16.67
746136,2024-06-14,2024,543760,R,642232,L,single,False,False,93.0,0.341,13.0,13.98,8.0,8.6,0.974,0.23499999999999993,18.12,8.41,14.78,23.19,22.47,15.66,210.0,0.283,33.0,15.71,20.0,9.52,0.8009999999999999,0.156,18.13,8.56,14.97,23.53,20.61,16.58,117.0,0.255,11.0,9.4,12.0,10.26,0.723,0.118,16.99,7.88,14.64,22.52,28.26,8.8,270.0,0.268,47.0,17.41,7.0,2.59,0.716,0.1409999999999999,21.6,10.93,16.14,27.07,32.38,14.69
746136,2024-06-14,2024,669701,L,642232,L,sac_bunt,False,False,62.0,0.315,17.0,27.42,4.0,6.45,0.819,0.11099999999999999,26.85,12.95,16.96,29.91,26.21,25.0,33.0,0.12,9.0,27.27,6.0,18.18,0.6930000000000001,0.24,26.09,9.3,20.93,30.23,19.44,31.03,63.0,0.105,10.0,15.87,2.0,3.17,0.361,0.106,23.58,12.83,15.49,28.32,28.57,15.38,106.0,0.28,20.0,18.87,6.0,5.66,0.771,0.1699999999999999,25.45,13.66,16.1,29.76,37.43,14.39
746136,2024-06-14,2024,666969,R,642232,L,walk,False,True,87.0,0.25,25.0,28.74,7.0,8.05,0.771,0.21100000000000002,27.78,15.97,9.27,25.24,33.33,28.41,152.0,0.244,37.0,24.34,24.0,15.79,0.866,0.26,31.62,13.61,14.56,28.16,22.03,21.26,117.0,0.255,11.0,9.4,12.0,10.26,0.723,0.118,16.99,7.88,14.64,22.52,28.26,8.8,270.0,0.268,47.0,17.41,7.0,2.59,0.716,0.1409999999999999,21.6,10.93,16.14,27.07,32.38,14.69
746136,2024-06-14,2024,663993,L,642232,L,walk,False,True,64.0,0.278,16.0,25.0,9.0,14.06,0.69,0.03699999999999998,16.67,6.64,22.26,28.9,20.57,13.91,219.0,0.223,52.0,23.74,24.0,10.96,0.643,0.109,22.66,9.89,18.18,28.07,24.2,19.48,63.0,0.105,10.0,15.87,2.0,3.17,0.361,0.106,23.58,12.83,15.49,28.32,28.57,15.38,106.0,0.28,20.0,18.87,6.0,5.66,0.771,0.1699999999999999,25.45,13.66,16.1,29.76,37.43,14.39
746136,2024-06-14,2024,694671,R,642232,L,single,False,False,45.0,0.225,13.0,28.89,4.0,8.89,0.6890000000000001,0.17500000000000002,31.25,12.69,19.8,32.49,24.27,20.63,,,,,,,,,,,,,,,117.0,0.255,11.0,9.4,12.0,10.26,0.723,0.118,16.99,7.88,14.64,22.52,28.26,8.8,270.0,0.268,47.0,17.41,7.0,2.59,0.716,0.1409999999999999,21.6,10.93,16.14,27.07,32.38,14.69
746136,2024-06-14,2024,641680,R,642232,L,walk,False,True,70.0,0.234,9.0,12.86,5.0,7.14,0.6299999999999999,0.10999999999999996,16.67,9.75,11.02,20.76,30.91,14.06,90.0,0.329,13.0,14.44,7.0,7.78,0.866,0.1589999999999999,20.1,11.3,11.3,22.6,34.86,13.0,117.0,0.255,11.0,9.4,12.0,10.26,0.723,0.118,16.99,7.88,14.64,22.52,28.26,8.8,270.0,0.268,47.0,17.41,7.0,2.59,0.716,0.1409999999999999,21.6,10.93,16.14,27.07,32.38,14.69
746136,2024-06-14,2024,608671,L,642232,L,strikeout,True,False,10.0,0.0,2.0,20.0,0.0,0.0,0.0,0.0,26.32,12.82,23.08,35.9,25.0,12.5,32.0,0.214,5.0,15.62,3.0,9.38,0.611,0.107,16.33,5.88,21.32,27.21,14.49,15.15,63.0,0.105,10.0,15.87,2.0,3.17,0.361,0.106,23.58,12.83,15.49,28.32,28.57,15.38,106.0,0.28,20.0,18.87,6.0,5.66,0.771,0.1699999999999999,25.45,13.66,16.1,29.76,37.43,14.39
746136,2024-06-14,2024,624415,L,547179,R,walk,False,True,116.0,0.189,35.0,30.17,13.0,11.21,0.625,0.10599999999999998,22.47,8.16,24.69,32.86,18.03,21.88,286.0,0.223,69.0,24.13,36.0,12.59,0.7090000000000001,0.149,23.33,9.24,21.47,30.71,15.66,18.6,127.0,0.1,28.0,22.05,16.0,12.6,0.33099999999999996,0.017999999999999988,26.47,12.28,14.62,26.9,25.83,18.24,354.0,0.218,70.0,19.77,32.0,9.04,0.6739999999999999,0.165,25.07,12.26,15.11,27.37,28.81,16.67
746136,2024-06-14,2024,605131,R,547179,R,grounded_into_double_play,False,False,37.0,0.188,11.0,29.73,4.0,10.81,0.466,0.0,21.52,10.0,17.06,27.06,20.51,14.47,144.0,0.219,29.0,20.14,13.0,9.03,0.589,0.0779999999999999,23.08,9.96,18.27,28.23,20.08,20.57,136.0,0.314,19.0,13.97,13.0,9.56,0.96,0.25599999999999995,19.21,8.38,18.67,27.05,24.28,12.67,271.0,0.275,41.0,15.13,15.0,5.54,0.734,0.1429999999999999,17.01,8.49,18.12,26.6,31.74,13.95
746136,2024-06-14,2024,605141,R,547179,R,single,False,False,215.0,0.293,26.0,12.09,34.0,15.81,0.891,0.193,16.36,6.08,20.9,26.98,18.24,9.7,509.0,0.309,85.0,16.7,66.0,12.97,0.949,0.237,17.85,6.92,20.25,27.17,17.64,15.12,136.0,0.314,19.0,13.97,13.0,9.56,0.96,0.25599999999999995,19.21,8.38,18.67,27.05,24.28,12.67,271.0,0.275,41.0,15.13,15.0,5.54,0.734,0.1429999999999999,17.01,8.49,18.12,26.6,31.74,13.95
746136,2024-06-14,2024,660271,L,547179,R,field_out,False,False,195.0,0.311,41.0,21.03,24.0,12.31,1.0750000000000002,0.36000000000000004,29.58,14.38,13.23,27.61,30.91,18.3,429.0,0.327,99.0,23.08,64.0,14.92,1.132,0.3739999999999999,32.88,15.48,11.59,27.07,28.86,20.75,127.0,0.1,28.0,22.05,16.0,12.6,0.33099999999999996,0.017999999999999988,26.47,12.28,14.62,26.9,25.83,18.24,354.0,0.218,70.0,19.77,32.0,9.04,0.6739999999999999,0.165,25.07,12.26,15.11,27.37,28.81,16.67
746136,2024-06-14,2024,677649,R,642232,L,field_out,False,False,65.0,0.254,14.0,21.54,5.0,7.69,0.596,0.033999999999999975,23.44,12.99,14.72,27.71,39.82,21.88,132.0,0.273,34.0,25.76,10.0,7.58,0.837,0.2309999999999999,27.68,14.45,13.29,27.75,34.33,21.12,117.0,0.255,11.0,9.4,12.0,10.26,0.723,0.118,16.99,7.88,14.64,22.52,28.26,8.8,270.0,0.268,47.0,17.41,7.0,2.59,0.716,0.1409999999999999,21.6,10.93,16.14,27.07,32.38,14.69
746136,2024-06-14,2024,665750,R,642232,L,field_out,False,False,77.0,0.191,15.0,19.48,8.0,10.39,0.541,0.07400000000000001,29.84,12.71,14.78,27.49,20.25,21.13,150.0,0.241,31.0,20.67,10.0,6.67,0.638,0.102,22.26,10.54,15.89,26.42,25.0,19.38,117.0,0.255,11.0,9.4,12.0,10.26,0.723,0.118,16.99,7.88,14.64,22.52,28.26,8.8,270.0,0.268,47.0,17.41,7.0,2.59,0.716,0.1409999999999999,21.6,10.93,16.14,27.07,32.38,14.69
746136,2024-06-14,2024,543760,R,642232,L,walk,False,True,93.0,0.341,13.0,13.98,8.0,8.6,0.974,0.23499999999999993,18.12,8.41,14.78,23.19,22.47,15.66,210.0,0.283,33.0,15.71,20.0,9.52,0.8009999999999999,0.156,18.13,8.56,14.97,23.53,20.61,16.58,117.0,0.255,11.0,9.4,12.0,10.26,0.723,0.118,16.99,7.88,14.64,22.52,28.26,8.8,270.0,0.268,47.0,17.41,7.0,2.59,0.716,0.1409999999999999,21.6,10.93,16.14,27.07,32.38,14.69
746136,2024-06-14,2024,669701,L,642232,L,strikeout,True,False,62.0,0.315,17.0,27.42,4.0,6.45,0.819,0.11099999999999999,26.85,12.95,16.96,29.91,26.21,25.0,33.0,0.12,9.0,27.27,6.0,18.18,0.6930000000000001,0.24,26.09,9.3,20.93,30.23,19.44,31.03,63.0,0.105,10.0,15.87,2.0,3.17,0.361,0.106,23.58,12.83,15.49,28.32,28.57,15.38,106.0,0.28,20.0,18.87,6.0,5.66,0.771,0.1699999999999999,25.45,13.66,16.1,29.76,37.43,14.39
746136,2024-06-14,2024,518692,L,547179,R,field_out,False,False,189.0,0.34,30.0,15.87,26.0,13.76,1.013,0.23899999999999993,19.89,9.33,11.66,20.98,22.94,13.64,514.0,0.33,81.0,15.76,57.0,11.09,0.962,0.218,19.83,9.77,11.31,21.08,27.01,16.63,127.0,0.1,28.0,22.05,16.0,12.6,0.33099999999999996,0.017999999999999988,26.47,12.28,14.62,26.9,25.83,18.24,354.0,0.218,70.0,19.77,32.0,9.04,0.6739999999999999,0.165,25.07,12.26,15.11,27.37,28.81,16.67
746136,2024-06-14,2024,606192,R,547179,R,field_out,False,False,210.0,0.258,60.0,28.57,20.0,9.52,0.813,0.21499999999999997,34.98,18.1,12.53,30.63,29.18,20.76,529.0,0.249,164.0,31.0,33.0,6.24,0.718,0.1639999999999999,36.92,19.57,14.44,34.01,34.81,23.06,136.0,0.314,19.0,13.97,13.0,9.56,0.96,0.25599999999999995,19.21,8.38,18.67,27.05,24.28,12.67,271.0,0.275,41.0,15.13,15.0,5.54,0.734,0.1429999999999999,17.01,8.49,18.12,26.6,31.74,13.95
746136,2024-06-14,2024,681624,R,547179,R,single,False,False,157.0,0.241,44.0,28.03,9.0,5.73,0.712,0.16999999999999998,28.36,15.37,12.3,27.67,32.03,20.56,,,,,,,,,,,,,,,136.0,0.314,19.0,13.97,13.0,9.56,0.96,0.25599999999999995,19.21,8.38,18.67,27.05,24.28,12.67,271.0,0.275,41.0,15.13,15.0,5.54,0.734,0.1429999999999999,17.01,8.49,18.12,26.6,31.74,13.95
746136,2024-06-14,2024,518792,L,547179,R,field_out,False,False,70.0,0.197,13.0,18.57,7.0,10.0,0.71,0.21299999999999997,24.83,12.76,13.1,25.86,31.33,13.98,349.0,0.276,57.0,16.33,32.0,9.17,0.818,0.1949999999999999,20.45,9.51,16.77,26.27,27.56,15.45,127.0,0.1,28.0,22.05,16.0,12.6,0.33099999999999996,0.017999999999999988,26.47,12.28,14.62,26.9,25.83,18.24,354.0,0.218,70.0,19.77,32.0,9.04,0.6739999999999999,0.165,25.07,12.26,15.11,27.37,28.81,16.67
746136,2024-06-14,2024,666969,R,670990,R,single,False,False,184.0,0.201,47.0,25.54,11.0,5.98,0.651,0.195,34.73,17.95,11.87,29.81,34.42,24.74,480.0,0.245,138.0,28.75,41.0,8.54,0.8260000000000001,0.264,31.65,15.93,13.92,29.85,32.02,21.97,73.0,0.258,11.0,15.07,5.0,6.85,0.759,0.14500000000000002,20.18,8.27,20.68,28.95,24.81,18.03,102.0,0.233,23.0,22.55,9.0,8.82,0.6220000000000001,0.046,21.23,8.86,20.05,28.9,26.96,16.08
746136,2024-06-14,2024,663993,L,670990,R,field_out,False,False,125.0,0.248,23.0,18.4,17.0,13.6,0.6950000000000001,0.09500000000000003,14.75,6.03,18.46,24.48,25.7,14.02,505.0,0.279,113.0,22.38,69.0,13.66,0.833,0.172,19.81,8.64,15.62,24.26,19.45,16.87,47.0,0.175,14.0,29.79,5.0,10.64,0.548,0.07500000000000001,34.29,13.19,18.68,31.87,21.43,32.56,74.0,0.311,12.0,16.22,8.0,10.81,0.907,0.1639999999999999,19.44,7.24,20.0,27.24,18.59,17.14
746136,2024-06-14,2024,694671,R,670990,R,grounded_into_double_play,False,False,135.0,0.242,25.0,18.52,10.0,7.41,0.594,0.04799999999999999,20.56,9.14,19.0,28.14,23.78,13.66,,,,,,,,,,,,,,,73.0,0.258,11.0,15.07,5.0,6.85,0.759,0.14500000000000002,20.18,8.27,20.68,28.95,24.81,18.03,102.0,0.233,23.0,22.55,9.0,8.82,0.6220000000000001,0.046,21.23,8.86,20.05,28.9,26.96,16.08
746136,2024-06-14,2024,666158,L,547179,R,field_out,False,False,169.0,0.224,36.0,21.3,12.0,7.1,0.5880000000000001,0.08399999999999999,19.18,8.42,19.1,27.52,18.83,18.46,,,,,,,,,,,,,,,127.0,0.1,28.0,22.05,16.0,12.6,0.33099999999999996,0.017999999999999988,26.47,12.28,14.62,26.9,25.83,18.24,354.0,0.218,70.0,19.77,32.0,9.04,0.6739999999999999,0.165,25.07,12.26,15.11,27.37,28.81,16.67
746136,2024-06-14,2024,624415,L,547179,R,field_out,False,False,116.0,0.189,35.0,30.17,13.0,11.21,0.625,0.10599999999999998,22.47,8.16,24.69,32.86,18.03,21.88,286.0,0.223,69.0,24.13,36.0,12.59,0.7090000000000001,0.149,23.33,9.24,21.47,30.71,15.66,18.6,127.0,0.1,28.0,22.05,16.0,12.6,0.33099999999999996,0.017999999999999988,26.47,12.28,14.62,26.9,25.83,18.24,354.0,0.218,70.0,19.77,32.0,9.04,0.6739999999999999,0.165,25.07,12.26,15.11,27.37,28.81,16.67
746136,2024-06-14,2024,605131,R,547179,R,field_out,False,False,37.0,0.188,11.0,29.73,4.0,10.81,0.466,0.0,21.52,10.0,17.06,27.06,20.51,14.47,144.0,0.219,29.0,20.14,13.0,9.03,0.589,0.0779999999999999,23.08,9.96,18.27,28.23,20.08,20.57,136.0,0.314,19.0,13.97,13.0,9.56,0.96,0.25599999999999995,19.21,8.38,18.67,27.05,24.28,12.67,271.0,0.275,41.0,15.13,15.0,5.54,0.734,0.1429999999999999,17.01,8.49,18.12,26.6,31.74,13.95
746136,2024-06-14,2024,641680,L,670990,R,strikeout,True,False,167.0,0.234,36.0,21.56,8.0,4.79,0.617,0.10800000000000001,21.25,11.0,13.75,24.76,33.01,22.5,411.0,0.243,82.0,19.95,33.0,8.03,0.733,0.185,23.06,11.69,13.75,25.44,29.36,17.15,47.0,0.175,14.0,29.79,5.0,10.64,0.548,0.07500000000000001,34.29,13.19,18.68,31.87,21.43,32.56,74.0,0.311,12.0,16.22,8.0,10.81,0.907,0.1639999999999999,19.44,7.24,20.0,27.24,18.59,17.14
746136,2024-06-14,2024,608671,L,670990,R,walk,False,True,92.0,0.262,16.0,17.39,6.0,6.52,0.659,0.07100000000000001,13.12,5.69,21.41,27.1,19.53,13.91,256.0,0.269,37.0,14.45,32.0,12.5,0.698,0.064,14.4,5.5,22.1,27.6,16.03,15.16,47.0,0.175,14.0,29.79,5.0,10.64,0.548,0.07500000000000001,34.29,13.19,18.68,31.87,21.43,32.56,74.0,0.311,12.0,16.22,8.0,10.81,0.907,0.1639999999999999,19.44,7.24,20.0,27.24,18.59,17.14
746136,2024-06-14,2024,677649,R,670990,R,grounded_into_double_play,False,False,89.0,0.282,21.0,23.6,3.0,3.37,0.7030000000000001,0.10600000000000004,23.94,13.31,11.54,24.85,37.29,15.87,308.0,0.277,86.0,27.92,13.0,4.22,0.738,0.1409999999999999,28.89,15.73,13.64,29.37,39.12,22.25,73.0,0.258,11.0,15.07,5.0,6.85,0.759,0.14500000000000002,20.18,8.27,20.68,28.95,24.81,18.03,102.0,0.233,23.0,22.55,9.0,8.82,0.6220000000000001,0.046,21.23,8.86,20.05,28.9,26.96,16.08
746136,2024-06-14,2024,605141,R,547179,R,field_out,False,False,215.0,0.293,26.0,12.09,34.0,15.81,0.891,0.193,16.36,6.08,20.9,26.98,18.24,9.7,509.0,0.309,85.0,16.7,66.0,12.97,0.949,0.237,17.85,6.92,20.25,27.17,17.64,15.12,136.0,0.314,19.0,13.97,13.0,9.56,0.96,0.25599999999999995,19.21,8.38,18.67,27.05,24.28,12.67,271.0,0.275,41.0,15.13,15.0,5.54,0.734,0.1429999999999999,17.01,8.49,18.12,26.6,31.74,13.95
746136,2024-06-14,2024,660271,L,547179,R,field_out,False,False,195.0,0.311,41.0,21.03,24.0,12.31,1.0750000000000002,0.36000000000000004,29.58,14.38,13.23,27.61,30.91,18.3,429.0,0.327,99.0,23.08,64.0,14.92,1.132,0.3739999999999999,32.88,15.48,11.59,27.07,28.86,20.75,127.0,0.1,28.0,22.05,16.0,12.6,0.33099999999999996,0.017999999999999988,26.47,12.28,14.62,26.9,25.83,18.24,354.0,0.218,70.0,19.77,32.0,9.04,0.6739999999999999,0.165,25.07,12.26,15.11,27.37,28.81,16.67
746136,2024-06-14,2024,518692,L,547179,R,field_out,False,False,189.0,0.34,30.0,15.87,26.0,13.76,1.013,0.23899999999999993,19.89,9.33,11.66,20.98,22.94,13.64,514.0,0.33,81.0,15.76,57.0,11.09,0.962,0.218,19.83,9.77,11.31,21.08,27.01,16.63,127.0,0.1,28.0,22.05,16.0,12.6,0.33099999999999996,0.017999999999999988,26.47,12.28,14.62,26.9,25.83,18.24,354.0,0.218,70.0,19.77,32.0,9.04,0.6739999999999999,0.165,25.07,12.26,15.11,27.37,28.81,16.67
746136,2024-06-14,2024,665750,L,595014,R,field_out,False,False,167.0,0.227,30.0,17.96,13.0,7.78,0.6439999999999999,0.12999999999999998,22.33,11.18,15.4,26.58,31.09,17.05,405.0,0.275,86.0,21.23,25.0,6.17,0.767,0.174,24.9,12.5,15.05,27.55,29.44,18.34,19.0,0.158,10.0,52.63,0.0,0.0,0.369,0.05299999999999999,30.95,17.11,11.84,28.95,41.03,50.0,,,,,,,,,,,,,,
746136,2024-06-14,2024,543760,R,595014,R,strikeout,True,False,210.0,0.221,29.0,13.81,18.0,8.57,0.6579999999999999,0.147,20.89,10.61,14.0,24.61,25.64,16.76,544.0,0.273,77.0,14.15,52.0,9.56,0.8360000000000001,0.2199999999999999,18.01,8.45,14.48,22.93,21.97,13.9,30.0,0.179,9.0,30.0,2.0,6.67,0.41200000000000003,0.0,28.57,12.73,25.45,38.18,35.59,26.47,,,,,,,,,,,,,,
746136,2024-06-14,2024,669701,L,595014,R,double,False,False,179.0,0.288,28.0,15.64,17.0,9.5,0.8220000000000001,0.15400000000000003,17.59,8.25,18.23,26.48,23.42,12.9,200.0,0.194,46.0,23.0,19.0,9.5,0.623,0.13,20.71,8.96,19.58,28.54,22.65,15.97,19.0,0.158,10.0,52.63,0.0,0.0,0.369,0.05299999999999999,30.95,17.11,11.84,28.95,41.03,50.0,,,,,,,,,,,,,,
746136,2024-06-14,2024,666969,R,595014,R,strikeout,True,False,184.0,0.201,47.0,25.54,11.0,5.98,0.651,0.195,34.73,17.95,11.87,29.81,34.42,24.74,480.0,0.245,138.0,28.75,41.0,8.54,0.8260000000000001,0.264,31.65,15.93,13.92,29.85,32.02,21.97,30.0,0.179,9.0,30.0,2.0,6.67,0.41200000000000003,0.0,28.57,12.73,25.45,38.18,35.59,26.47,,,,,,,,,,,,,,
746136,2024-06-14,2024,606192,R,547179,R,field_out,False,False,210.0,0.258,60.0,28.57,20.0,9.52,0.813,0.21499999999999997,34.98,18.1,12.53,30.63,29.18,20.76,529.0,0.249,164.0,31.0,33.0,6.24,0.718,0.1639999999999999,36.92,19.57,14.44,34.01,34.81,23.06,136.0,0.314,19.0,13.97,13.0,9.56,0.96,0.25599999999999995,19.21,8.38,18.67,27.05,24.28,12.67,271.0,0.275,41.0,15.13,15.0,5.54,0.734,0.1429999999999999,17.01,8.49,18.12,26.6,31.74,13.95
746136,2024-06-14,2024,681624,R,547179,R,home_run,False,False,157.0,0.241,44.0,28.03,9.0,5.73,0.712,0.16999999999999998,28.36,15.37,12.3,27.67,32.03,20.56,,,,,,,,,,,,,,,136.0,0.314,19.0,13.97,13.0,9.56,0.96,0.25599999999999995,19.21,8.38,18.67,27.05,24.28,12.67,271.0,0.275,41.0,15.13,15.0,5.54,0.734,0.1429999999999999,17.01,8.49,18.12,26.6,31.74,13.95
746136,2024-06-14,2024,518792,L,547179,R,strikeout,True,False,70.0,0.197,13.0,18.57,7.0,10.0,0.71,0.21299999999999997,24.83,12.76,13.1,25.86,31.33,13.98,349.0,0.276,57.0,16.33,32.0,9.17,0.818,0.1949999999999999,20.45,9.51,16.77,26.27,27.56,15.45,127.0,0.1,28.0,22.05,16.0,12.6,0.33099999999999996,0.017999999999999988,26.47,12.28,14.62,26.9,25.83,18.24,354.0,0.218,70.0,19.77,32.0,9.04,0.6739999999999999,0.165,25.07,12.26,15.11,27.37,28.81,16.67
746136,2024-06-14,2024,666158,L,547179,R,field_out,False,False,169.0,0.224,36.0,21.3,12.0,7.1,0.5880000000000001,0.08399999999999999,19.18,8.42,19.1,27.52,18.83,18.46,,,,,,,,,,,,,,,127.0,0.1,28.0,22.05,16.0,12.6,0.33099999999999996,0.017999999999999988,26.47,12.28,14.62,26.9,25.83,18.24,354.0,0.218,70.0,19.77,32.0,9.04,0.6739999999999999,0.165,25.07,12.26,15.11,27.37,28.81,16.67
746136,2024-06-14,2024,663993,L,681911,L,strikeout,True,False,64.0,0.278,16.0,25.0,9.0,14.06,0.69,0.03699999999999998,16.67,6.64,22.26,28.9,20.57,13.91,219.0,0.223,52.0,23.74,24.0,10.96,0.643,0.109,22.66,9.89,18.18,28.07,24.2,19.48,40.0,0.111,9.0,22.5,2.0,5.0,0.373,0.083,25.33,12.58,14.57,27.15,25.35,16.36,93.0,0.279,31.0,33.33,6.0,6.45,0.7170000000000001,0.1049999999999999,35.26,18.31,12.57,30.87,30.39,26.27
746136,2024-06-14,2024,694671,R,681911,L,field_out,False,False,45.0,0.225,13.0,28.89,4.0,8.89,0.6890000000000001,0.17500000000000002,31.25,12.69,19.8,32.49,24.27,20.63,,,,,,,,,,,,,,,71.0,0.088,31.0,43.66,12.0,16.9,0.45399999999999996,0.123,37.33,18.06,14.19,32.26,30.52,32.29,124.0,0.25,33.0,26.61,11.0,8.87,0.761,0.188,26.34,12.8,14.4,27.2,26.36,20.75
746136,2024-06-14,2024,641680,R,681911,L,field_out,False,False,70.0,0.234,9.0,12.86,5.0,7.14,0.6299999999999999,0.10999999999999996,16.67,9.75,11.02,20.76,30.91,14.06,90.0,0.329,13.0,14.44,7.0,7.78,0.866,0.1589999999999999,20.1,11.3,11.3,22.6,34.86,13.0,71.0,0.088,31.0,43.66,12.0,16.9,0.45399999999999996,0.123,37.33,18.06,14.19,32.26,30.52,32.29,124.0,0.25,33.0,26.61,11.0,8.87,0.761,0.188,26.34,12.8,14.4,27.2,26.36,20.75
746136,2024-06-14,2024,624415,L,502085,R,hit_by_pitch,False,False,116.0,0.189,35.0,30.17,13.0,11.21,0.625,0.10599999999999998,22.47,8.16,24.69,32.86,18.03,21.88,286.0,0.223,69.0,24.13,36.0,12.59,0.7090000000000001,0.149,23.33,9.24,21.47,30.71,15.66,18.6,61.0,0.127,25.0,40.98,5.0,8.2,0.44899999999999995,0.10899999999999999,28.97,12.11,21.88,33.98,26.98,29.41,130.0,0.226,36.0,27.69,14.0,10.77,0.6719999999999999,0.1309999999999999,29.0,12.74,19.01,31.75,30.96,22.64
746136,2024-06-14,2024,605131,R,502085,R,single,False,False,37.0,0.188,11.0,29.73,4.0,10.81,0.466,0.0,21.52,10.0,17.06,27.06,20.51,14.47,144.0,0.219,29.0,20.14,13.0,9.03,0.589,0.0779999999999999,23.08,9.96,18.27,28.23,20.08,20.57,67.0,0.25,21.0,31.34,7.0,10.45,0.669,0.07100000000000001,33.33,12.5,23.11,35.61,24.06,29.17,139.0,0.216,42.0,30.22,11.0,7.91,0.6419999999999999,0.1359999999999999,33.2,15.06,18.51,33.58,26.3,26.42
746136,2024-06-14,2024,605141,R,502085,R,strikeout,True,False,215.0,0.293,26.0,12.09,34.0,15.81,0.891,0.193,16.36,6.08,20.9,26.98,18.24,9.7,509.0,0.309,85.0,16.7,66.0,12.97,0.949,0.237,17.85,6.92,20.25,27.17,17.64,15.12,67.0,0.25,21.0,31.34,7.0,10.45,0.669,0.07100000000000001,33.33,12.5,23.11,35.61,24.06,29.17,139.0,0.216,42.0,30.22,11.0,7.91,0.6419999999999999,0.1359999999999999,33.2,15.06,18.51,33.58,26.3,26.42
746136,2024-06-14,2024,660271,L,502085,R,strikeout,True,False,195.0,0.311,41.0,21.03,24.0,12.31,1.0750000000000002,0.36000000000000004,29.58,14.38,13.23,27.61,30.91,18.3,429.0,0.327,99.0,23.08,64.0,14.92,1.132,0.3739999999999999,32.88,15.48,11.59,27.07,28.86,20.75,61.0,0.127,25.0,40.98,5.0,8.2,0.44899999999999995,0.10899999999999999,28.97,12.11,21.88,33.98,26.98,29.41,130.0,0.226,36.0,27.69,14.0,10.77,0.6719999999999999,0.1309999999999999,29.0,12.74,19.01,31.75,30.96,22.64
746136,2024-06-14,2024,518692,L,502085,R,strikeout,True,False,189.0,0.34,30.0,15.87,26.0,13.76,1.013,0.23899999999999993,19.89,9.33,11.66,20.98,22.94,13.64,514.0,0.33,81.0,15.76,57.0,11.09,0.962,0.218,19.83,9.77,11.31,21.08,27.01,16.63,61.0,0.127,25.0,40.98,5.0,8.2,0.44899999999999995,0.10899999999999999,28.97,12.11,21.88,33.98,26.98,29.41,130.0,0.226,36.0,27.69,14.0,10.77,0.6719999999999999,0.1309999999999999,29.0,12.74,19.01,31.75,30.96,22.64
746136,2024-06-14,2024,608671,L,623465,R,walk,False,True,92.0,0.262,16.0,17.39,6.0,6.52,0.659,0.07100000000000001,13.12,5.69,21.41,27.1,19.53,13.91,256.0,0.269,37.0,14.45,32.0,12.5,0.698,0.064,14.4,5.5,22.1,27.6,16.03,15.16,36.0,0.29,8.0,22.22,5.0,13.89,0.808,0.129,16.0,6.98,16.28,23.26,14.1,13.56,118.0,0.222,25.0,21.19,7.0,5.93,0.663,0.167,20.91,9.98,18.0,27.98,27.4,17.61
746136,2024-06-14,2024,677649,R,623465,R,strikeout_double_play,True,False,89.0,0.282,21.0,23.6,3.0,3.37,0.7030000000000001,0.10600000000000004,23.94,13.31,11.54,24.85,37.29,15.87,308.0,0.277,86.0,27.92,13.0,4.22,0.738,0.1409999999999999,28.89,15.73,13.64,29.37,39.12,22.25,32.0,0.156,12.0,37.5,0.0,0.0,0.312,0.0,34.92,19.13,21.74,40.87,38.64,34.38,117.0,0.131,41.0,35.04,6.0,5.13,0.406,0.0839999999999999,38.6,17.93,20.95,38.88,34.27,31.3
746136,2024-06-14,2024,665750,L,623465,R,field_out,False,False,167.0,0.227,30.0,17.96,13.0,7.78,0.6439999999999999,0.12999999999999998,22.33,11.18,15.4,26.58,31.09,17.05,405.0,0.275,86.0,21.23,25.0,6.17,0.767,0.174,24.9,12.5,15.05,27.55,29.44,18.34,36.0,0.29,8.0,22.22,5.0,13.89,0.808,0.129,16.0,6.98,16.28,23.26,14.1,13.56,118.0,0.222,25.0,21.19,7.0,5.93,0.663,0.167,20.91,9.98,18.0,27.98,27.4,17.61
746136,2024-06-14,2024,606192,R,489446,R,walk,False,True,210.0,0.258,60.0,28.57,20.0,9.52,0.813,0.21499999999999997,34.98,18.1,12.53,30.63,29.18,20.76,529.0,0.249,164.0,31.0,33.0,6.24,0.718,0.1639999999999999,36.92,19.57,14.44,34.01,34.81,23.06,53.0,0.13,15.0,28.3,6.0,11.32,0.378,0.021999999999999992,33.33,17.37,10.17,27.54,34.38,20.27,136.0,0.204,47.0,34.56,16.0,11.76,0.657,0.132,33.07,14.97,16.22,31.19,30.57,26.7
746136,2024-06-14,2024,681624,R,489446,R,strikeout,True,False,157.0,0.241,44.0,28.03,9.0,5.73,0.712,0.16999999999999998,28.36,15.37,12.3,27.67,32.03,20.56,,,,,,,,,,,,,,,53.0,0.13,15.0,28.3,6.0,11.32,0.378,0.021999999999999992,33.33,17.37,10.17,27.54,34.38,20.27,136.0,0.204,47.0,34.56,16.0,11.76,0.657,0.132,33.07,14.97,16.22,31.19,30.57,26.7
746136,2024-06-14,2024,518792,L,489446,R,strikeout,True,False,70.0,0.197,13.0,18.57,7.0,10.0,0.71,0.21299999999999997,24.83,12.76,13.1,25.86,31.33,13.98,349.0,0.276,57.0,16.33,32.0,9.17,0.818,0.1949999999999999,20.45,9.51,16.77,26.27,27.56,15.45,40.0,0.121,17.0,42.5,6.0,15.0,0.432,0.061,34.67,14.05,21.62,35.68,27.08,26.56,119.0,0.124,33.0,27.73,21.0,17.65,0.575,0.1649999999999999,28.19,12.75,12.15,24.9,24.91,21.85
746136,2024-06-14,2024,669257,R,489446,R,strikeout,True,False,173.0,0.24,30.0,17.34,12.0,6.94,0.704,0.16300000000000003,18.82,9.22,15.13,24.35,27.75,13.04,407.0,0.268,67.0,16.46,42.0,10.32,0.7949999999999999,0.1659999999999999,19.27,8.8,16.84,25.64,24.5,12.79,53.0,0.13,15.0,28.3,6.0,11.32,0.378,0.021999999999999992,33.33,17.37,10.17,27.54,34.38,20.27,136.0,0.204,47.0,34.56,16.0,11.76,0.657,0.132,33.07,14.97,16.22,31.19,30.57,26.7
745245,2024-06-14,2024,670032,L,676106,R,field_out,False,False,177.0,0.233,27.0,15.25,13.0,7.34,0.565,0.037000000000000005,18.46,8.93,16.23,25.16,27.33,17.31,212.0,0.228,33.0,15.57,24.0,11.32,0.647,0.089,22.47,10.7,16.47,27.16,26.6,14.22,91.0,0.218,10.0,10.99,11.0,12.09,0.5880000000000001,0.05100000000000002,20.12,9.21,16.53,25.75,21.59,9.01,21.0,0.3,2.0,9.52,1.0,4.76,0.633,0.0,18.0,10.59,10.59,21.18,25.81,7.69
745245,2024-06-14,2024,683734,R,676106,R,field_out,False,False,209.0,0.216,52.0,24.88,15.0,7.18,0.645,0.147,22.6,10.52,17.78,28.3,29.55,19.92,474.0,0.267,109.0,23.0,29.0,6.12,0.774,0.18,26.24,11.95,18.94,30.89,30.92,21.51,87.0,0.28,14.0,16.09,2.0,2.3,0.9199999999999999,0.32999999999999996,21.71,11.38,16.9,28.28,32.41,17.95,28.0,0.269,4.0,14.29,2.0,7.14,0.706,0.1159999999999999,18.87,9.17,16.51,25.69,35.94,9.76
745245,2024-06-14,2024,673357,R,676106,R,field_out,False,False,52.0,0.184,20.0,38.46,3.0,5.77,0.864,0.449,37.38,18.87,17.45,36.32,36.11,27.4,477.0,0.252,132.0,27.67,25.0,5.24,0.8340000000000001,0.279,32.83,18.94,10.59,29.53,40.07,24.77,87.0,0.28,14.0,16.09,2.0,2.3,0.9199999999999999,0.32999999999999996,21.71,11.38,16.9,28.28,32.41,17.95,28.0,0.269,4.0,14.29,2.0,7.14,0.706,0.1159999999999999,18.87,9.17,16.51,25.69,35.94,9.76
745245,2024-06-14,2024,641487,L,676979,L,strikeout,True,False,61.0,0.291,8.0,13.11,6.0,9.84,0.834,0.182,14.14,5.47,23.44,28.91,10.28,10.0,193.0,0.267,41.0,21.24,27.0,13.99,0.755,0.1149999999999999,19.56,7.7,20.12,27.83,20.15,17.67,52.0,0.17,22.0,42.31,5.0,9.62,0.46299999999999997,0.04299999999999998,33.65,16.28,14.42,30.7,24.76,30.99,22.0,0.389,4.0,18.18,3.0,13.64,0.944,0.0549999999999999,27.5,11.96,19.57,31.52,21.43,14.29
745245,2024-06-14,2024,664238,R,676979,L,strikeout,True,False,73.0,0.213,19.0,26.03,7.0,9.59,0.727,0.213,21.88,9.66,17.24,26.9,20.57,22.62,92.0,0.222,28.0,30.43,10.0,10.87,0.796,0.259,33.33,14.66,18.06,32.72,23.83,23.53,273.0,0.184,94.0,34.43,14.0,5.13,0.583,0.16499999999999998,31.99,16.35,16.0,32.35,30.74,25.41,42.0,0.172,8.0,19.05,10.0,23.81,0.745,0.207,25.56,11.5,13.5,25.0,25.93,11.76
745245,2024-06-14,2024,677594,R,676979,L,field_out,False,False,81.0,0.311,23.0,28.4,5.0,6.17,0.794,0.121,35.19,19.13,10.74,29.87,36.31,26.14,169.0,0.301,48.0,28.4,12.0,7.1,0.842,0.186,29.55,15.52,11.29,26.8,35.14,26.23,273.0,0.184,94.0,34.43,14.0,5.13,0.583,0.16499999999999998,31.99,16.35,16.0,32.35,30.74,25.41,42.0,0.172,8.0,19.05,10.0,23.81,0.745,0.207,25.56,11.5,13.5,25.0,25.93,11.76
745245,2024-06-14,2024,657757,L,676106,R,field_out,False,False,207.0,0.246,33.0,15.94,29.0,14.01,0.782,0.177,20.05,8.61,18.04,26.66,27.91,12.31,324.0,0.212,58.0,17.9,28.0,8.64,0.63,0.1369999999999999,20.44,9.67,14.66,24.33,29.35,14.25,91.0,0.218,10.0,10.99,11.0,12.09,0.5880000000000001,0.05100000000000002,20.12,9.21,16.53,25.75,21.59,9.01,21.0,0.3,2.0,9.52,1.0,4.76,0.633,0.0,18.0,10.59,10.59,21.18,25.81,7.69
745245,2024-06-14,2024,643217,L,676106,R,walk,False,True,163.0,0.221,25.0,15.34,8.0,4.91,0.563,0.08399999999999999,17.07,8.29,17.77,26.06,26.24,14.97,486.0,0.261,67.0,13.79,42.0,8.64,0.67,0.082,19.05,9.13,14.74,23.87,26.13,13.62,91.0,0.218,10.0,10.99,11.0,12.09,0.5880000000000001,0.05100000000000002,20.12,9.21,16.53,25.75,21.59,9.01,21.0,0.3,2.0,9.52,1.0,4.76,0.633,0.0,18.0,10.59,10.59,21.18,25.81,7.69
745245,2024-06-14,2024,657557,R,676106,R,field_out,False,False,170.0,0.255,55.0,32.35,6.0,3.53,0.8089999999999999,0.248,32.98,19.22,9.46,28.68,33.11,25.7,281.0,0.203,86.0,30.6,12.0,4.27,0.603,0.1539999999999999,36.49,19.09,15.38,34.47,35.28,34.68,87.0,0.28,14.0,16.09,2.0,2.3,0.9199999999999999,0.32999999999999996,21.71,11.38,16.9,28.28,32.41,17.95,28.0,0.269,4.0,14.29,2.0,7.14,0.706,0.1159999999999999,18.87,9.17,16.51,25.69,35.94,9.76
745245,2024-06-14,2024,693049,L,676106,R,single,False,False,29.0,0.28,5.0,17.24,3.0,10.34,0.659,0.0,20.75,10.89,16.83,27.72,32.0,18.52,200.0,0.225,54.0,27.0,9.0,4.5,0.5840000000000001,0.096,31.03,16.83,13.63,30.46,39.85,27.84,91.0,0.218,10.0,10.99,11.0,12.09,0.5880000000000001,0.05100000000000002,20.12,9.21,16.53,25.75,21.59,9.01,21.0,0.3,2.0,9.52,1.0,4.76,0.633,0.0,18.0,10.59,10.59,21.18,25.81,7.69
745245,2024-06-14,2024,686676,R,676106,R,force_out,False,False,125.0,0.237,37.0,29.6,6.0,4.8,0.681,0.16999999999999998,39.62,22.83,10.43,33.26,35.05,23.53,47.0,0.116,12.0,25.53,4.0,8.51,0.4,0.0929999999999999,33.71,18.07,13.25,31.33,34.15,23.53,87.0,0.28,14.0,16.09,2.0,2.3,0.9199999999999999,0.32999999999999996,21.71,11.38,16.9,28.28,32.41,17.95,28.0,0.269,4.0,14.29,2.0,7.14,0.706,0.1159999999999999,18.87,9.17,16.51,25.69,35.94,9.76
745245,2024-06-14,2024,641598,R,676979,L,field_out,False,False,66.0,0.211,16.0,24.24,9.0,13.64,0.757,0.228,24.59,9.62,21.47,31.09,20.25,13.45,84.0,0.344,12.0,14.29,19.0,22.62,0.938,0.094,15.7,5.37,20.06,25.42,13.76,12.9,273.0,0.184,94.0,34.43,14.0,5.13,0.583,0.16499999999999998,31.99,16.35,16.0,32.35,30.74,25.41,42.0,0.172,8.0,19.05,10.0,23.81,0.745,0.207,25.56,11.5,13.5,25.0,25.93,11.76
745245,2024-06-14,2024,571745,R,676979,L,strikeout,True,False,75.0,0.157,20.0,26.67,5.0,6.67,0.384,0.014000000000000012,30.71,14.19,17.49,31.68,27.21,19.19,69.0,0.254,17.0,24.64,5.0,7.25,0.706,0.143,26.02,11.43,17.5,28.93,26.06,19.54,273.0,0.184,94.0,34.43,14.0,5.13,0.583,0.16499999999999998,31.99,16.35,16.0,32.35,30.74,25.41,42.0,0.172,8.0,19.05,10.0,23.81,0.745,0.207,25.56,11.5,13.5,25.0,25.93,11.76
745245,2024-06-14,2024,682988,R,676979,L,strikeout,True,False,8.0,0.125,4.0,50.0,0.0,0.0,0.625,0.375,50.0,35.48,6.45,41.94,50.0,30.77,,,,,,,,,,,,,,,273.0,0.184,94.0,34.43,14.0,5.13,0.583,0.16499999999999998,31.99,16.35,16.0,32.35,30.74,25.41,42.0,0.172,8.0,19.05,10.0,23.81,0.745,0.207,25.56,11.5,13.5,25.0,25.93,11.76
745245,2024-06-14,2024,664901,R,676106,R,field_out,False,False,67.0,0.172,19.0,28.36,1.0,1.49,0.43100000000000005,0.06200000000000003,31.09,15.61,18.99,34.6,31.82,26.76,29.0,0.12,5.0,17.24,3.0,10.34,0.4539999999999999,0.12,26.53,11.21,21.55,32.76,20.83,12.5,87.0,0.28,14.0,16.09,2.0,2.3,0.9199999999999999,0.32999999999999996,21.71,11.38,16.9,28.28,32.41,17.95,28.0,0.269,4.0,14.29,2.0,7.14,0.706,0.1159999999999999,18.87,9.17,16.51,25.69,35.94,9.76
745245,2024-06-14,2024,670032,L,676106,R,field_out,False,False,177.0,0.233,27.0,15.25,13.0,7.34,0.565,0.037000000000000005,18.46,8.93,16.23,25.16,27.33,17.31,212.0,0.228,33.0,15.57,24.0,11.32,0.647,0.089,22.47,10.7,16.47,27.16,26.6,14.22,91.0,0.218,10.0,10.99,11.0,12.09,0.5880000000000001,0.05100000000000002,20.12,9.21,16.53,25.75,21.59,9.01,21.0,0.3,2.0,9.52,1.0,4.76,0.633,0.0,18.0,10.59,10.59,21.18,25.81,7.69
745245,2024-06-14,2024,683734,R,676106,R,home_run,False,False,209.0,0.216,52.0,24.88,15.0,7.18,0.645,0.147,22.6,10.52,17.78,28.3,29.55,19.92,474.0,0.267,109.0,23.0,29.0,6.12,0.774,0.18,26.24,11.95,18.94,30.89,30.92,21.51,87.0,0.28,14.0,16.09,2.0,2.3,0.9199999999999999,0.32999999999999996,21.71,11.38,16.9,28.28,32.41,17.95,28.0,0.269,4.0,14.29,2.0,7.14,0.706,0.1159999999999999,18.87,9.17,16.51,25.69,35.94,9.76
745245,2024-06-14,2024,673357,R,676106,R,home_run,False,False,52.0,0.184,20.0,38.46,3.0,5.77,0.864,0.449,37.38,18.87,17.45,36.32,36.11,27.4,477.0,0.252,132.0,27.67,25.0,5.24,0.8340000000000001,0.279,32.83,18.94,10.59,29.53,40.07,24.77,87.0,0.28,14.0,16.09,2.0,2.3,0.9199999999999999,0.32999999999999996,21.71,11.38,16.9,28.28,32.41,17.95,28.0,0.269,4.0,14.29,2.0,7.14,0.706,0.1159999999999999,18.87,9.17,16.51,25.69,35.94,9.76
745245,2024-06-14,2024,657757,L,676106,R,field_out,False,False,207.0,0.246,33.0,15.94,29.0,14.01,0.782,0.177,20.05,8.61,18.04,26.66,27.91,12.31,324.0,0.212,58.0,17.9,28.0,8.64,0.63,0.1369999999999999,20.44,9.67,14.66,24.33,29.35,14.25,91.0,0.218,10.0,10.99,11.0,12.09,0.5880000000000001,0.05100000000000002,20.12,9.21,16.53,25.75,21.59,9.01,21.0,0.3,2.0,9.52,1.0,4.76,0.633,0.0,18.0,10.59,10.59,21.18,25.81,7.69
745245,2024-06-14,2024,645302,R,676979,L,double,False,False,17.0,0.143,6.0,35.29,1.0,5.88,0.536,0.143,29.17,14.89,14.89,29.79,31.82,54.55,40.0,0.364,3.0,7.5,4.0,10.0,0.871,0.06,14.49,7.25,11.59,18.84,26.76,8.33,273.0,0.184,94.0,34.43,14.0,5.13,0.583,0.16499999999999998,31.99,16.35,16.0,32.35,30.74,25.41,42.0,0.172,8.0,19.05,10.0,23.81,0.745,0.207,25.56,11.5,13.5,25.0,25.93,11.76
745245,2024-06-14,2024,669208,R,676979,L,strikeout,True,False,17.0,0.143,8.0,47.06,3.0,17.65,0.651,0.214,46.43,17.11,18.42,35.53,15.0,40.0,,,,,,,,,,,,,,,273.0,0.184,94.0,34.43,14.0,5.13,0.583,0.16499999999999998,31.99,16.35,16.0,32.35,30.74,25.41,42.0,0.172,8.0,19.05,10.0,23.81,0.745,0.207,25.56,11.5,13.5,25.0,25.93,11.76
745245,2024-06-14,2024,664874,R,676979,L,strikeout,True,False,17.0,0.2,6.0,35.29,1.0,5.88,0.7170000000000001,0.267,26.67,12.12,18.18,30.3,20.69,35.29,55.0,0.204,22.0,40.0,3.0,5.45,0.565,0.102,36.0,19.91,14.6,34.51,37.96,25.58,273.0,0.184,94.0,34.43,14.0,5.13,0.583,0.16499999999999998,31.99,16.35,16.0,32.35,30.74,25.41,42.0,0.172,8.0,19.05,10.0,23.81,0.745,0.207,25.56,11.5,13.5,25.0,25.93,11.76
745245,2024-06-14,2024,641487,L,676979,L,field_out,False,False,61.0,0.291,8.0,13.11,6.0,9.84,0.834,0.182,14.14,5.47,23.44,28.91,10.28,10.0,193.0,0.267,41.0,21.24,27.0,13.99,0.755,0.1149999999999999,19.56,7.7,20.12,27.83,20.15,17.67,52.0,0.17,22.0,42.31,5.0,9.62,0.46299999999999997,0.04299999999999998,33.65,16.28,14.42,30.7,24.76,30.99,22.0,0.389,4.0,18.18,3.0,13.64,0.944,0.0549999999999999,27.5,11.96,19.57,31.52,21.43,14.29
745245,2024-06-14,2024,643217,L,676106,R,field_out,False,False,163.0,0.221,25.0,15.34,8.0,4.91,0.563,0.08399999999999999,17.07,8.29,17.77,26.06,26.24,14.97,486.0,0.261,67.0,13.79,42.0,8.64,0.67,0.082,19.05,9.13,14.74,23.87,26.13,13.62,91.0,0.218,10.0,10.99,11.0,12.09,0.5880000000000001,0.05100000000000002,20.12,9.21,16.53,25.75,21.59,9.01,21.0,0.3,2.0,9.52,1.0,4.76,0.633,0.0,18.0,10.59,10.59,21.18,25.81,7.69
745245,2024-06-14,2024,657557,R,676106,R,field_out,False,False,170.0,0.255,55.0,32.35,6.0,3.53,0.8089999999999999,0.248,32.98,19.22,9.46,28.68,33.11,25.7,281.0,0.203,86.0,30.6,12.0,4.27,0.603,0.1539999999999999,36.49,19.09,15.38,34.47,35.28,34.68,87.0,0.28,14.0,16.09,2.0,2.3,0.9199999999999999,0.32999999999999996,21.71,11.38,16.9,28.28,32.41,17.95,28.0,0.269,4.0,14.29,2.0,7.14,0.706,0.1159999999999999,18.87,9.17,16.51,25.69,35.94,9.76
745245,2024-06-14,2024,693049,L,676106,R,single,False,False,29.0,0.28,5.0,17.24,3.0,10.34,0.659,0.0,20.75,10.89,16.83,27.72,32.0,18.52,200.0,0.225,54.0,27.0,9.0,4.5,0.5840000000000001,0.096,31.03,16.83,13.63,30.46,39.85,27.84,91.0,0.218,10.0,10.99,11.0,12.09,0.5880000000000001,0.05100000000000002,20.12,9.21,16.53,25.75,21.59,9.01,21.0,0.3,2.0,9.52,1.0,4.76,0.633,0.0,18.0,10.59,10.59,21.18,25.81,7.69
745245,2024-06-14,2024,686676,R,676106,R,field_out,False,False,125.0,0.237,37.0,29.6,6.0,4.8,0.681,0.16999999999999998,39.62,22.83,10.43,33.26,35.05,23.53,47.0,0.116,12.0,25.53,4.0,8.51,0.4,0.0929999999999999,33.71,18.07,13.25,31.33,34.15,23.53,87.0,0.28,14.0,16.09,2.0,2.3,0.9199999999999999,0.32999999999999996,21.71,11.38,16.9,28.28,32.41,17.95,28.0,0.269,4.0,14.29,2.0,7.14,0.706,0.1159999999999999,18.87,9.17,16.51,25.69,35.94,9.76
745245,2024-06-14,2024,664238,R,676979,L,strikeout,True,False,73.0,0.213,19.0,26.03,7.0,9.59,0.727,0.213,21.88,9.66,17.24,26.9,20.57,22.62,92.0,0.222,28.0,30.43,10.0,10.87,0.796,0.259,33.33,14.66,18.06,32.72,23.83,23.53,273.0,0.184,94.0,34.43,14.0,5.13,0.583,0.16499999999999998,31.99,16.35,16.0,32.35,30.74,25.41,42.0,0.172,8.0,19.05,10.0,23.81,0.745,0.207,25.56,11.5,13.5,25.0,25.93,11.76
745245,2024-06-14,2024,677594,R,676979,L,field_out,False,False,81.0,0.311,23.0,28.4,5.0,6.17,0.794,0.121,35.19,19.13,10.74,29.87,36.31,26.14,169.0,0.301,48.0,28.4,12.0,7.1,0.842,0.186,29.55,15.52,11.29,26.8,35.14,26.23,273.0,0.184,94.0,34.43,14.0,5.13,0.583,0.16499999999999998,31.99,16.35,16.0,32.35,30.74,25.41,42.0,0.172,8.0,19.05,10.0,23.81,0.745,0.207,25.56,11.5,13.5,25.0,25.93,11.76
745245,2024-06-14,2024,641598,R,676979,L,field_out,False,False,66.0,0.211,16.0,24.24,9.0,13.64,0.757,0.228,24.59,9.62,21.47,31.09,20.25,13.45,84.0,0.344,12.0,14.29,19.0,22.62,0.938,0.094,15.7,5.37,20.06,25.42,13.76,12.9,273.0,0.184,94.0,34.43,14.0,5.13,0.583,0.16499999999999998,31.99,16.35,16.0,32.35,30.74,25.41,42.0,0.172,8.0,19.05,10.0,23.81,0.745,0.207,25.56,11.5,13.5,25.0,25.93,11.76
745245,2024-06-14,2024,664901,R,676106,R,field_out,False,False,67.0,0.172,19.0,28.36,1.0,1.49,0.43100000000000005,0.06200000000000003,31.09,15.61,18.99,34.6,31.82,26.76,29.0,0.12,5.0,17.24,3.0,10.34,0.4539999999999999,0.12,26.53,11.21,21.55,32.76,20.83,12.5,87.0,0.28,14.0,16.09,2.0,2.3,0.9199999999999999,0.32999999999999996,21.71,11.38,16.9,28.28,32.41,17.95,28.0,0.269,4.0,14.29,2.0,7.14,0.706,0.1159999999999999,18.87,9.17,16.51,25.69,35.94,9.76
745245,2024-06-14,2024,670032,L,676106,R,field_out,False,False,177.0,0.233,27.0,15.25,13.0,7.34,0.565,0.037000000000000005,18.46,8.93,16.23,25.16,27.33,17.31,212.0,0.228,33.0,15.57,24.0,11.32,0.647,0.089,22.47,10.7,16.47,27.16,26.6,14.22,91.0,0.218,10.0,10.99,11.0,12.09,0.5880000000000001,0.05100000000000002,20.12,9.21,16.53,25.75,21.59,9.01,21.0,0.3,2.0,9.52,1.0,4.76,0.633,0.0,18.0,10.59,10.59,21.18,25.81,7.69
745245,2024-06-14,2024,683734,R,676106,R,single,False,False,209.0,0.216,52.0,24.88,15.0,7.18,0.645,0.147,22.6,10.52,17.78,28.3,29.55,19.92,474.0,0.267,109.0,23.0,29.0,6.12,0.774,0.18,26.24,11.95,18.94,30.89,30.92,21.51,87.0,0.28,14.0,16.09,2.0,2.3,0.9199999999999999,0.32999999999999996,21.71,11.38,16.9,28.28,32.41,17.95,28.0,0.269,4.0,14.29,2.0,7.14,0.706,0.1159999999999999,18.87,9.17,16.51,25.69,35.94,9.76
745245,2024-06-14,2024,673357,R,676106,R,field_out,False,False,52.0,0.184,20.0,38.46,3.0,5.77,0.864,0.449,37.38,18.87,17.45,36.32,36.11,27.4,477.0,0.252,132.0,27.67,25.0,5.24,0.8340000000000001,0.279,32.83,18.94,10.59,29.53,40.07,24.77,87.0,0.28,14.0,16.09,2.0,2.3,0.9199999999999999,0.32999999999999996,21.71,11.38,16.9,28.28,32.41,17.95,28.0,0.269,4.0,14.29,2.0,7.14,0.706,0.1159999999999999,18.87,9.17,16.51,25.69,35.94,9.76
745245,2024-06-14,2024,571745,R,676979,L,field_out,False,False,75.0,0.157,20.0,26.67,5.0,6.67,0.384,0.014000000000000012,30.71,14.19,17.49,31.68,27.21,19.19,69.0,0.254,17.0,24.64,5.0,7.25,0.706,0.143,26.02,11.43,17.5,28.93,26.06,19.54,273.0,0.184,94.0,34.43,14.0,5.13,0.583,0.16499999999999998,31.99,16.35,16.0,32.35,30.74,25.41,42.0,0.172,8.0,19.05,10.0,23.81,0.745,0.207,25.56,11.5,13.5,25.0,25.93,11.76
745245,2024-06-14,2024,682988,R,676979,L,home_run,False,False,8.0,0.125,4.0,50.0,0.0,0.0,0.625,0.375,50.0,35.48,6.45,41.94,50.0,30.77,,,,,,,,,,,,,,,273.0,0.184,94.0,34.43,14.0,5.13,0.583,0.16499999999999998,31.99,16.35,16.0,32.35,30.74,25.41,42.0,0.172,8.0,19.05,10.0,23.81,0.745,0.207,25.56,11.5,13.5,25.0,25.93,11.76
745245,2024-06-14,2024,645302,R,676979,L,strikeout,True,False,17.0,0.143,6.0,35.29,1.0,5.88,0.536,0.143,29.17,14.89,14.89,29.79,31.82,54.55,40.0,0.364,3.0,7.5,4.0,10.0,0.871,0.06,14.49,7.25,11.59,18.84,26.76,8.33,273.0,0.184,94.0,34.43,14.0,5.13,0.583,0.16499999999999998,31.99,16.35,16.0,32.35,30.74,25.41,42.0,0.172,8.0,19.05,10.0,23.81,0.745,0.207,25.56,11.5,13.5,25.0,25.93,11.76
745245,2024-06-14,2024,669208,R,676979,L,strikeout,True,False,17.0,0.143,8.0,47.06,3.0,17.65,0.651,0.214,46.43,17.11,18.42,35.53,15.0,40.0,,,,,,,,,,,,,,,273.0,0.184,94.0,34.43,14.0,5.13,0.583,0.16499999999999998,31.99,16.35,16.0,32.35,30.74,25.41,42.0,0.172,8.0,19.05,10.0,23.81,0.745,0.207,25.56,11.5,13.5,25.0,25.93,11.76
745245,2024-06-14,2024,657757,L,676106,R,walk,False,True,207.0,0.246,33.0,15.94,29.0,14.01,0.782,0.177,20.05,8.61,18.04,26.66,27.91,12.31,324.0,0.212,58.0,17.9,28.0,8.64,0.63,0.1369999999999999,20.44,9.67,14.66,24.33,29.35,14.25,91.0,0.218,10.0,10.99,11.0,12.09,0.5880000000000001,0.05100000000000002,20.12,9.21,16.53,25.75,21.59,9.01,21.0,0.3,2.0,9.52,1.0,4.76,0.633,0.0,18.0,10.59,10.59,21.18,25.81,7.69
745245,2024-06-14,2024,643217,L,676106,R,single,False,False,163.0,0.221,25.0,15.34,8.0,4.91,0.563,0.08399999999999999,17.07,8.29,17.77,26.06,26.24,14.97,486.0,0.261,67.0,13.79,42.0,8.64,0.67,0.082,19.05,9.13,14.74,23.87,26.13,13.62,91.0,0.218,10.0,10.99,11.0,12.09,0.5880000000000001,0.05100000000000002,20.12,9.21,16.53,25.75,21.59,9.01,21.0,0.3,2.0,9.52,1.0,4.76,0.633,0.0,18.0,10.59,10.59,21.18,25.81,7.69
745245,2024-06-14,2024,657557,R,676106,R,field_out,False,False,170.0,0.255,55.0,32.35,6.0,3.53,0.8089999999999999,0.248,32.98,19.22,9.46,28.68,33.11,25.7,281.0,0.203,86.0,30.6,12.0,4.27,0.603,0.1539999999999999,36.49,19.09,15.38,34.47,35.28,34.68,87.0,0.28,14.0,16.09,2.0,2.3,0.9199999999999999,0.32999999999999996,21.71,11.38,16.9,28.28,32.41,17.95,28.0,0.269,4.0,14.29,2.0,7.14,0.706,0.1159999999999999,18.87,9.17,16.51,25.69,35.94,9.76
745245,2024-06-14,2024,693049,L,676106,R,field_out,False,False,29.0,0.28,5.0,17.24,3.0,10.34,0.659,0.0,20.75,10.89,16.83,27.72,32.0,18.52,200.0,0.225,54.0,27.0,9.0,4.5,0.5840000000000001,0.096,31.03,16.83,13.63,30.46,39.85,27.84,91.0,0.218,10.0,10.99,11.0,12.09,0.5880000000000001,0.05100000000000002,20.12,9.21,16.53,25.75,21.59,9.01,21.0,0.3,2.0,9.52,1.0,4.76,0.633,0.0,18.0,10.59,10.59,21.18,25.81,7.69
745245,2024-06-14,2024,686676,R,676106,R,strikeout,True,False,125.0,0.237,37.0,29.6,6.0,4.8,0.681,0.16999999999999998,39.62,22.83,10.43,33.26,35.05,23.53,47.0,0.116,12.0,25.53,4.0,8.51,0.4,0.0929999999999999,33.71,18.07,13.25,31.33,34.15,23.53,87.0,0.28,14.0,16.09,2.0,2.3,0.9199999999999999,0.32999999999999996,21.71,11.38,16.9,28.28,32.41,17.95,28.0,0.269,4.0,14.29,2.0,7.14,0.706,0.1159999999999999,18.87,9.17,16.51,25.69,35.94,9.76
745245,2024-06-14,2024,664874,R,676979,L,walk,False,True,17.0,0.2,6.0,35.29,1.0,5.88,0.7170000000000001,0.267,26.67,12.12,18.18,30.3,20.69,35.29,55.0,0.204,22.0,40.0,3.0,5.45,0.565,0.102,36.0,19.91,14.6,34.51,37.96,25.58,273.0,0.184,94.0,34.43,14.0,5.13,0.583,0.16499999999999998,31.99,16.35,16.0,32.35,30.74,25.41,42.0,0.172,8.0,19.05,10.0,23.81,0.745,0.207,25.56,11.5,13.5,25.0,25.93,11.76
745245,2024-06-14,2024,641487,L,676979,L,walk,False,True,61.0,0.291,8.0,13.11,6.0,9.84,0.834,0.182,14.14,5.47,23.44,28.91,10.28,10.0,193.0,0.267,41.0,21.24,27.0,13.99,0.755,0.1149999999999999,19.56,7.7,20.12,27.83,20.15,17.67,52.0,0.17,22.0,42.31,5.0,9.62,0.46299999999999997,0.04299999999999998,33.65,16.28,14.42,30.7,24.76,30.99,22.0,0.389,4.0,18.18,3.0,13.64,0.944,0.0549999999999999,27.5,11.96,19.57,31.52,21.43,14.29
745245,2024-06-14,2024,664238,R,676979,L,strikeout,True,False,73.0,0.213,19.0,26.03,7.0,9.59,0.727,0.213,21.88,9.66,17.24,26.9,20.57,22.62,92.0,0.222,28.0,30.43,10.0,10.87,0.796,0.259,33.33,14.66,18.06,32.72,23.83,23.53,273.0,0.184,94.0,34.43,14.0,5.13,0.583,0.16499999999999998,31.99,16.35,16.0,32.35,30.74,25.41,42.0,0.172,8.0,19.05,10.0,23.81,0.745,0.207,25.56,11.5,13.5,25.0,25.93,11.76
745245,2024-06-14,2024,677594,R,676979,L,strikeout,True,False,81.0,0.311,23.0,28.4,5.0,6.17,0.794,0.121,35.19,19.13,10.74,29.87,36.31,26.14,169.0,0.301,48.0,28.4,12.0,7.1,0.842,0.186,29.55,15.52,11.29,26.8,35.14,26.23,273.0,0.184,94.0,34.43,14.0,5.13,0.583,0.16499999999999998,31.99,16.35,16.0,32.35,30.74,25.41,42.0,0.172,8.0,19.05,10.0,23.81,0.745,0.207,25.56,11.5,13.5,25.0,25.93,11.76
745245,2024-06-14,2024,641598,R,676979,L,field_out,False,False,66.0,0.211,16.0,24.24,9.0,13.64,0.757,0.228,24.59,9.62,21.47,31.09,20.25,13.45,84.0,0.344,12.0,14.29,19.0,22.62,0.938,0.094,15.7,5.37,20.06,25.42,13.76,12.9,273.0,0.184,94.0,34.43,14.0,5.13,0.583,0.16499999999999998,31.99,16.35,16.0,32.35,30.74,25.41,42.0,0.172,8.0,19.05,10.0,23.81,0.745,0.207,25.56,11.5,13.5,25.0,25.93,11.76
745245,2024-06-14,2024,664901,R,676106,R,field_out,False,False,67.0,0.172,19.0,28.36,1.0,1.49,0.43100000000000005,0.06200000000000003,31.09,15.61,18.99,34.6,31.82,26.76,29.0,0.12,5.0,17.24,3.0,10.34,0.4539999999999999,0.12,26.53,11.21,21.55,32.76,20.83,12.5,87.0,0.28,14.0,16.09,2.0,2.3,0.9199999999999999,0.32999999999999996,21.71,11.38,16.9,28.28,32.41,17.95,28.0,0.269,4.0,14.29,2.0,7.14,0.706,0.1159999999999999,18.87,9.17,16.51,25.69,35.94,9.76
745245,2024-06-14,2024,670032,L,676106,R,field_out,False,False,177.0,0.233,27.0,15.25,13.0,7.34,0.565,0.037000000000000005,18.46,8.93,16.23,25.16,27.33,17.31,212.0,0.228,33.0,15.57,24.0,11.32,0.647,0.089,22.47,10.7,16.47,27.16,26.6,14.22,91.0,0.218,10.0,10.99,11.0,12.09,0.5880000000000001,0.05100000000000002,20.12,9.21,16.53,25.75,21.59,9.01,21.0,0.3,2.0,9.52,1.0,4.76,0.633,0.0,18.0,10.59,10.59,21.18,25.81,7.69
745245,2024-06-14,2024,683734,R,676106,R,field_out,False,False,209.0,0.216,52.0,24.88,15.0,7.18,0.645,0.147,22.6,10.52,17.78,28.3,29.55,19.92,474.0,0.267,109.0,23.0,29.0,6.12,0.774,0.18,26.24,11.95,18.94,30.89,30.92,21.51,87.0,0.28,14.0,16.09,2.0,2.3,0.9199999999999999,0.32999999999999996,21.71,11.38,16.9,28.28,32.41,17.95,28.0,0.269,4.0,14.29,2.0,7.14,0.706,0.1159999999999999,18.87,9.17,16.51,25.69,35.94,9.76
745245,2024-06-14,2024,571745,R,676979,L,strikeout,True,False,75.0,0.157,20.0,26.67,5.0,6.67,0.384,0.014000000000000012,30.71,14.19,17.49,31.68,27.21,19.19,69.0,0.254,17.0,24.64,5.0,7.25,0.706,0.143,26.02,11.43,17.5,28.93,26.06,19.54,273.0,0.184,94.0,34.43,14.0,5.13,0.583,0.16499999999999998,31.99,16.35,16.0,32.35,30.74,25.41,42.0,0.172,8.0,19.05,10.0,23.81,0.745,0.207,25.56,11.5,13.5,25.0,25.93,11.76
745245,2024-06-14,2024,682988,R,676979,L,strikeout,True,False,8.0,0.125,4.0,50.0,0.0,0.0,0.625,0.375,50.0,35.48,6.45,41.94,50.0,30.77,,,,,,,,,,,,,,,273.0,0.184,94.0,34.43,14.0,5.13,0.583,0.16499999999999998,31.99,16.35,16.0,32.35,30.74,25.41,42.0,0.172,8.0,19.05,10.0,23.81,0.745,0.207,25.56,11.5,13.5,25.0,25.93,11.76
745245,2024-06-14,2024,645302,R,676979,L,field_out,False,False,17.0,0.143,6.0,35.29,1.0,5.88,0.536,0.143,29.17,14.89,14.89,29.79,31.82,54.55,40.0,0.364,3.0,7.5,4.0,10.0,0.871,0.06,14.49,7.25,11.59,18.84,26.76,8.33,273.0,0.184,94.0,34.43,14.0,5.13,0.583,0.16499999999999998,31.99,16.35,16.0,32.35,30.74,25.41,42.0,0.172,8.0,19.05,10.0,23.81,0.745,0.207,25.56,11.5,13.5,25.0,25.93,11.76
745245,2024-06-14,2024,673357,R,608723,R,field_out,False,False,52.0,0.184,20.0,38.46,3.0,5.77,0.864,0.449,37.38,18.87,17.45,36.32,36.11,27.4,477.0,0.252,132.0,27.67,25.0,5.24,0.8340000000000001,0.279,32.83,18.94,10.59,29.53,40.07,24.77,52.0,0.188,16.0,30.77,3.0,5.77,0.625,0.187,35.85,18.45,14.56,33.01,38.79,26.23,92.0,0.272,24.0,26.09,8.0,8.7,0.847,0.2339999999999999,30.85,15.63,15.36,31.0,35.26,18.75
745245,2024-06-14,2024,657757,L,608723,R,field_out,False,False,207.0,0.246,33.0,15.94,29.0,14.01,0.782,0.177,20.05,8.61,18.04,26.66,27.91,12.31,324.0,0.212,58.0,17.9,28.0,8.64,0.63,0.1369999999999999,20.44,9.67,14.66,24.33,29.35,14.25,57.0,0.185,9.0,15.79,2.0,3.51,0.58,0.16699999999999998,22.64,11.59,14.49,26.09,28.0,16.98,68.0,0.288,10.0,14.71,7.0,10.29,0.772,0.102,13.95,6.08,17.57,23.65,25.81,11.76
745245,2024-06-14,2024,643217,L,608723,R,field_out,False,False,163.0,0.221,25.0,15.34,8.0,4.91,0.563,0.08399999999999999,17.07,8.29,17.77,26.06,26.24,14.97,486.0,0.261,67.0,13.79,42.0,8.64,0.67,0.082,19.05,9.13,14.74,23.87,26.13,13.62,57.0,0.185,9.0,15.79,2.0,3.51,0.58,0.16699999999999998,22.64,11.59,14.49,26.09,28.0,16.98,68.0,0.288,10.0,14.71,7.0,10.29,0.772,0.102,13.95,6.08,17.57,23.65,25.81,11.76
745245,2024-06-14,2024,670042,L,605154,R,field_out,False,False,148.0,0.266,46.0,31.08,4.0,2.7,0.757,0.18,35.55,19.53,10.77,30.29,30.22,29.87,363.0,0.247,112.0,30.85,26.0,7.16,0.8340000000000001,0.25,38.6,19.83,11.57,31.39,31.1,26.79,48.0,0.222,16.0,33.33,2.0,4.17,0.76,0.267,24.0,10.76,20.18,30.94,23.53,18.6,55.0,0.204,18.0,32.73,6.0,10.91,0.699,0.204,29.13,12.99,17.75,30.74,29.63,24.32
745245,2024-06-14,2024,663728,L,605154,R,strikeout,True,False,185.0,0.234,66.0,35.68,17.0,9.19,0.704,0.167,30.42,15.16,13.54,28.7,30.28,23.3,462.0,0.235,126.0,27.27,47.0,10.17,0.7909999999999999,0.241,29.58,14.2,14.09,28.29,30.53,21.36,48.0,0.222,16.0,33.33,2.0,4.17,0.76,0.267,24.0,10.76,20.18,30.94,23.53,18.6,55.0,0.204,18.0,32.73,6.0,10.91,0.699,0.204,29.13,12.99,17.75,30.74,29.63,24.32
745245,2024-06-14,2024,641487,L,605154,R,strikeout,True,False,141.0,0.171,32.0,22.7,16.0,11.35,0.587,0.146,17.36,6.93,20.46,27.39,18.6,17.78,446.0,0.266,84.0,18.83,67.0,15.02,0.845,0.197,18.19,6.93,19.49,26.42,17.9,17.39,48.0,0.222,16.0,33.33,2.0,4.17,0.76,0.267,24.0,10.76,20.18,30.94,23.53,18.6,55.0,0.204,18.0,32.73,6.0,10.91,0.699,0.204,29.13,12.99,17.75,30.74,29.63,24.32
745245,2024-06-14,2024,657557,R,660825,R,strikeout,True,False,170.0,0.255,55.0,32.35,6.0,3.53,0.8089999999999999,0.248,32.98,19.22,9.46,28.68,33.11,25.7,281.0,0.203,86.0,30.6,12.0,4.27,0.603,0.1539999999999999,36.49,19.09,15.38,34.47,35.28,34.68,19.0,0.143,4.0,21.05,3.0,15.79,0.508,0.07100000000000001,18.75,7.59,16.46,24.05,30.61,15.0,42.0,0.256,9.0,21.43,3.0,7.14,0.746,0.18,24.73,13.53,15.88,29.41,38.46,13.64
745245,2024-06-14,2024,693049,L,660825,R,single,False,False,29.0,0.28,5.0,17.24,3.0,10.34,0.659,0.0,20.75,10.89,16.83,27.72,32.0,18.52,200.0,0.225,54.0,27.0,9.0,4.5,0.5840000000000001,0.096,31.03,16.83,13.63,30.46,39.85,27.84,14.0,0.231,4.0,28.57,1.0,7.14,0.748,0.231,29.63,12.9,17.74,30.65,29.73,26.67,25.0,0.208,6.0,24.0,1.0,4.0,0.657,0.209,32.0,16.0,15.0,31.0,31.37,17.65
745245,2024-06-14,2024,686676,R,660825,R,strikeout_double_play,True,False,125.0,0.237,37.0,29.6,6.0,4.8,0.681,0.16999999999999998,39.62,22.83,10.43,33.26,35.05,23.53,47.0,0.116,12.0,25.53,4.0,8.51,0.4,0.0929999999999999,33.71,18.07,13.25,31.33,34.15,23.53,19.0,0.143,4.0,21.05,3.0,15.79,0.508,0.07100000000000001,18.75,7.59,16.46,24.05,30.61,15.0,42.0,0.256,9.0,21.43,3.0,7.14,0.746,0.18,24.73,13.53,15.88,29.41,38.46,13.64
745245,2024-06-14,2024,664238,R,656629,R,strikeout,True,False,134.0,0.205,36.0,26.87,14.0,10.45,0.712,0.17900000000000002,25.32,10.81,18.32,29.12,18.15,21.18,73.0,0.188,28.0,38.36,6.0,8.22,0.647,0.1709999999999999,33.56,16.33,21.33,37.67,34.46,26.17,69.0,0.298,18.0,26.09,9.0,13.04,0.929,0.21100000000000002,25.56,11.64,17.81,29.45,27.78,17.31,300.0,0.245,61.0,20.33,41.0,13.67,0.859,0.249,23.75,10.21,17.43,27.63,24.11,17.39
745245,2024-06-14,2024,677594,R,656629,R,home_run,False,False,220.0,0.252,61.0,27.73,13.0,5.91,0.625,0.07300000000000001,30.64,16.38,12.17,28.56,36.16,19.87,545.0,0.267,127.0,23.3,35.0,6.42,0.8109999999999999,0.2169999999999999,27.93,14.91,13.12,28.03,38.34,22.84,69.0,0.298,18.0,26.09,9.0,13.04,0.929,0.21100000000000002,25.56,11.64,17.81,29.45,27.78,17.31,300.0,0.245,61.0,20.33,41.0,13.67,0.859,0.249,23.75,10.21,17.43,27.63,24.11,17.39
745245,2024-06-14,2024,641598,R,656629,R,strikeout,True,False,161.0,0.157,51.0,31.68,21.0,13.04,0.5720000000000001,0.13399999999999998,33.58,13.17,22.34,35.5,18.71,23.29,262.0,0.25,70.0,26.72,25.0,9.54,0.845,0.267,25.84,10.63,19.22,29.85,18.71,21.21,69.0,0.298,18.0,26.09,9.0,13.04,0.929,0.21100000000000002,25.56,11.64,17.81,29.45,27.78,17.31,300.0,0.245,61.0,20.33,41.0,13.67,0.859,0.249,23.75,10.21,17.43,27.63,24.11,17.39
745245,2024-06-14,2024,571745,R,656629,R,field_out,False,False,171.0,0.247,46.0,26.9,15.0,8.77,0.728,0.16899999999999998,29.04,12.38,17.72,30.1,21.71,20.74,161.0,0.189,48.0,29.81,10.0,6.21,0.599,0.1619999999999999,28.57,13.33,19.22,32.56,25.34,22.02,69.0,0.298,18.0,26.09,9.0,13.04,0.929,0.21100000000000002,25.56,11.64,17.81,29.45,27.78,17.31,300.0,0.245,61.0,20.33,41.0,13.67,0.859,0.249,23.75,10.21,17.43,27.63,24.11,17.39
745245,2024-06-14,2024,676113,L,662253,R,strikeout,True,False,21.0,0.111,7.0,33.33,3.0,14.29,0.405,0.05600000000000001,23.68,10.98,13.41,24.39,16.22,24.14,,,,,,,,,,,,,,,50.0,0.233,13.0,26.0,6.0,12.0,0.712,0.13899999999999998,27.27,12.18,18.27,30.46,32.41,24.07,104.0,0.242,31.0,29.81,10.0,9.62,0.671,0.099,36.45,17.25,16.55,33.8,30.63,24.03
745245,2024-06-14,2024,670032,L,662253,R,single,False,False,177.0,0.233,27.0,15.25,13.0,7.34,0.565,0.037000000000000005,18.46,8.93,16.23,25.16,27.33,17.31,212.0,0.228,33.0,15.57,24.0,11.32,0.647,0.089,22.47,10.7,16.47,27.16,26.6,14.22,50.0,0.233,13.0,26.0,6.0,12.0,0.712,0.13899999999999998,27.27,12.18,18.27,30.46,32.41,24.07,104.0,0.242,31.0,29.81,10.0,9.62,0.671,0.099,36.45,17.25,16.55,33.8,30.63,24.03
745245,2024-06-14,2024,683734,R,662253,R,field_out,False,False,209.0,0.216,52.0,24.88,15.0,7.18,0.645,0.147,22.6,10.52,17.78,28.3,29.55,19.92,474.0,0.267,109.0,23.0,29.0,6.12,0.774,0.18,26.24,11.95,18.94,30.89,30.92,21.51,59.0,0.143,25.0,42.37,3.0,5.08,0.347,0.018000000000000016,45.83,21.74,15.81,37.55,35.53,33.78,108.0,0.194,36.0,33.33,12.0,11.11,0.575,0.075,42.42,20.05,17.9,37.95,33.98,28.12
745245,2024-06-14,2024,673357,R,662253,R,intent_walk,False,True,52.0,0.184,20.0,38.46,3.0,5.77,0.864,0.449,37.38,18.87,17.45,36.32,36.11,27.4,477.0,0.252,132.0,27.67,25.0,5.24,0.8340000000000001,0.279,32.83,18.94,10.59,29.53,40.07,24.77,59.0,0.143,25.0,42.37,3.0,5.08,0.347,0.018000000000000016,45.83,21.74,15.81,37.55,35.53,33.78,108.0,0.194,36.0,33.33,12.0,11.11,0.575,0.075,42.42,20.05,17.9,37.95,33.98,28.12
745245,2024-06-14,2024,657757,L,662253,R,field_out,False,False,207.0,0.246,33.0,15.94,29.0,14.01,0.782,0.177,20.05,8.61,18.04,26.66,27.91,12.31,324.0,0.212,58.0,17.9,28.0,8.64,0.63,0.1369999999999999,20.44,9.67,14.66,24.33,29.35,14.25,50.0,0.233,13.0,26.0,6.0,12.0,0.712,0.13899999999999998,27.27,12.18,18.27,30.46,32.41,24.07,104.0,0.242,31.0,29.81,10.0,9.62,0.671,0.099,36.45,17.25,16.55,33.8,30.63,24.03
745245,2024-06-14,2024,682988,R,621383,L,strikeout,True,False,8.0,0.125,4.0,50.0,0.0,0.0,0.625,0.375,50.0,35.48,6.45,41.94,50.0,30.77,,,,,,,,,,,,,,,81.0,0.307,22.0,27.16,3.0,3.7,0.8260000000000001,0.186,25.49,12.46,16.29,28.75,26.92,21.57,163.0,0.282,28.0,17.18,10.0,6.13,0.881,0.268,22.22,10.14,16.28,26.42,20.83,15.91
745245,2024-06-14,2024,668942,L,621383,L,strikeout,True,False,23.0,0.143,9.0,39.13,2.0,8.7,0.36,0.0,38.89,16.28,23.26,39.53,21.43,37.5,54.0,0.224,17.0,31.48,5.0,9.26,0.5609999999999999,0.041,32.61,13.64,21.82,35.45,26.36,24.29,56.0,0.224,15.0,26.79,4.0,7.14,0.6000000000000001,0.10300000000000001,28.0,13.4,16.27,29.67,27.36,27.27,93.0,0.205,23.0,24.73,6.0,6.45,0.609,0.132,29.59,13.85,17.73,31.58,25.86,19.33
745245,2024-06-14,2024,670042,L,621383,L,field_out,False,False,28.0,0.231,6.0,21.43,2.0,7.14,0.671,0.154,26.92,13.08,15.89,28.97,25.49,21.43,44.0,0.268,16.0,36.36,2.0,4.55,0.741,0.1709999999999999,41.18,22.58,15.48,38.06,33.8,36.36,56.0,0.224,15.0,26.79,4.0,7.14,0.6000000000000001,0.10300000000000001,28.0,13.4,16.27,29.67,27.36,27.27,93.0,0.205,23.0,24.73,6.0,6.45,0.609,0.132,29.59,13.85,17.73,31.58,25.86,19.33
746947,2024-06-14,2024,683011,R,678394,R,strikeout,True,False,244.0,0.274,52.0,21.31,17.0,6.97,0.762,0.15499999999999997,22.77,10.77,18.8,29.57,29.66,18.71,467.0,0.198,132.0,28.27,36.0,7.71,0.624,0.1579999999999999,28.15,13.53,17.49,31.02,29.16,23.4,122.0,0.25,25.0,20.49,8.0,6.56,0.6779999999999999,0.125,20.35,9.67,17.7,27.37,30.86,16.13,346.0,0.229,88.0,25.43,24.0,6.94,0.6779999999999999,0.16,27.11,13.0,16.03,29.03,30.58,20.05
746947,2024-06-14,2024,665742,L,678394,R,double,False,False,228.0,0.314,37.0,16.23,39.0,17.11,1.032,0.286,25.0,9.23,18.57,27.81,16.6,14.4,502.0,0.283,81.0,16.14,99.0,19.72,0.98,0.2730000000000001,18.45,6.31,19.31,25.62,15.09,14.14,132.0,0.259,26.0,19.7,13.0,9.85,0.818,0.21499999999999997,28.95,12.69,16.15,28.85,28.18,19.26,322.0,0.313,44.0,13.66,21.0,6.52,0.883,0.209,21.39,10.43,13.34,23.77,28.42,13.66
746947,2024-06-14,2024,592450,R,678394,R,strikeout,True,False,243.0,0.312,60.0,24.69,36.0,14.81,1.1199999999999999,0.39099999999999996,30.87,13.39,14.55,27.93,18.74,19.48,384.0,0.266,109.0,28.39,77.0,20.05,1.011,0.3339999999999999,36.96,15.02,15.7,30.72,19.29,24.12,122.0,0.25,25.0,20.49,8.0,6.56,0.6779999999999999,0.125,20.35,9.67,17.7,27.37,30.86,16.13,346.0,0.229,88.0,25.43,24.0,6.94,0.6779999999999999,0.16,27.11,13.0,16.03,29.03,30.58,20.05
746947,2024-06-14,2024,657077,L,678394,R,home_run,False,False,204.0,0.273,26.0,12.75,13.0,6.37,0.758,0.17099999999999999,13.2,6.03,19.9,25.93,26.09,11.45,441.0,0.279,66.0,14.97,30.0,6.8,0.793,0.185,15.08,6.28,20.52,26.8,22.64,14.93,132.0,0.259,26.0,19.7,13.0,9.85,0.818,0.21499999999999997,28.95,12.69,16.15,28.85,28.18,19.26,322.0,0.313,44.0,13.66,21.0,6.52,0.883,0.209,21.39,10.43,13.34,23.77,28.42,13.66
746947,2024-06-14,2024,519317,R,678394,R,walk,False,True,186.0,0.229,61.0,32.8,15.0,8.06,0.808,0.28300000000000003,33.33,15.22,17.93,33.15,30.95,30.65,341.0,0.175,111.0,32.55,35.0,10.26,0.64,0.201,36.65,15.18,19.37,34.55,27.39,25.58,122.0,0.25,25.0,20.49,8.0,6.56,0.6779999999999999,0.125,20.35,9.67,17.7,27.37,30.86,16.13,346.0,0.229,88.0,25.43,24.0,6.94,0.6779999999999999,0.16,27.11,13.0,16.03,29.03,30.58,20.05
746947,2024-06-14,2024,519203,L,678394,R,single,False,False,207.0,0.233,32.0,15.46,14.0,6.76,0.687,0.159,18.95,9.74,15.64,25.38,38.9,14.48,334.0,0.22,86.0,25.75,27.0,8.08,0.6739999999999999,0.146,25.23,12.17,17.7,29.87,34.73,19.95,132.0,0.259,26.0,19.7,13.0,9.85,0.818,0.21499999999999997,28.95,12.69,16.15,28.85,28.18,19.26,322.0,0.313,44.0,13.66,21.0,6.52,0.883,0.209,21.39,10.43,13.34,23.77,28.42,13.66
746947,2024-06-14,2024,650402,R,678394,R,field_out,False,False,224.0,0.235,52.0,23.21,19.0,8.48,0.655,0.11499999999999999,25.63,11.94,16.52,28.46,21.79,16.05,544.0,0.273,78.0,14.34,50.0,9.19,0.772,0.1589999999999999,21.74,10.32,15.57,25.89,26.86,11.29,122.0,0.25,25.0,20.49,8.0,6.56,0.6779999999999999,0.125,20.35,9.67,17.7,27.37,30.86,16.13,346.0,0.229,88.0,25.43,24.0,6.94,0.6779999999999999,0.16,27.11,13.0,16.03,29.03,30.58,20.05
746947,2024-06-14,2024,680776,L,661563,R,strikeout,True,False,222.0,0.292,45.0,20.27,18.0,8.11,0.905,0.26200000000000007,23.6,11.21,14.68,25.9,27.56,18.52,314.0,0.296,75.0,23.89,21.0,6.69,0.84,0.195,24.68,12.92,13.75,26.67,30.3,19.02,126.0,0.128,36.0,28.57,16.0,12.7,0.44899999999999995,0.08299999999999999,28.97,14.01,14.78,28.79,29.45,21.95,,,,,,,,,,,,,,
746947,2024-06-14,2024,666152,L,661563,R,field_out,False,False,119.0,0.291,32.0,26.89,8.0,6.72,0.827,0.191,26.63,11.37,20.82,32.19,20.44,23.02,36.0,0.1,10.0,27.78,6.0,16.67,0.417,0.067,20.0,8.44,23.38,31.82,26.39,15.38,126.0,0.128,36.0,28.57,16.0,12.7,0.44899999999999995,0.08299999999999999,28.97,14.01,14.78,28.79,29.45,21.95,,,,,,,,,,,,,,
746947,2024-06-14,2024,641933,R,661563,R,field_out,False,False,133.0,0.235,44.0,33.08,11.0,8.27,0.7869999999999999,0.244,34.54,15.61,17.42,33.03,27.04,25.88,187.0,0.233,53.0,28.34,15.0,8.02,0.6839999999999999,0.157,29.39,13.29,17.12,30.41,25.99,26.5,167.0,0.144,54.0,32.34,19.0,11.38,0.514,0.12300000000000003,31.09,13.7,16.95,30.65,25.14,25.96,,,,,,,,,,,,,,
746947,2024-06-14,2024,665828,L,678394,R,field_out,False,False,140.0,0.24,27.0,19.29,8.0,5.71,0.661,0.14,17.72,8.32,18.48,26.8,31.62,16.67,261.0,0.215,51.0,19.54,22.0,8.43,0.567,0.0679999999999999,22.29,10.93,14.34,25.28,25.97,17.65,132.0,0.259,26.0,19.7,13.0,9.85,0.818,0.21499999999999997,28.95,12.69,16.15,28.85,28.18,19.26,322.0,0.313,44.0,13.66,21.0,6.52,0.883,0.209,21.39,10.43,13.34,23.77,28.42,13.66
746947,2024-06-14,2024,624431,R,678394,R,field_out,False,False,83.0,0.286,11.0,13.25,4.0,4.82,0.6890000000000001,0.07800000000000001,15.97,6.69,22.54,29.23,30.67,16.92,125.0,0.19,20.0,16.0,5.0,4.0,0.495,0.069,18.59,8.22,23.33,31.56,37.86,15.5,122.0,0.25,25.0,20.49,8.0,6.56,0.6779999999999999,0.125,20.35,9.67,17.7,27.37,30.86,16.13,346.0,0.229,88.0,25.43,24.0,6.94,0.6779999999999999,0.16,27.11,13.0,16.03,29.03,30.58,20.05
746947,2024-06-14,2024,683011,R,678394,R,field_out,False,False,244.0,0.274,52.0,21.31,17.0,6.97,0.762,0.15499999999999997,22.77,10.77,18.8,29.57,29.66,18.71,467.0,0.198,132.0,28.27,36.0,7.71,0.624,0.1579999999999999,28.15,13.53,17.49,31.02,29.16,23.4,122.0,0.25,25.0,20.49,8.0,6.56,0.6779999999999999,0.125,20.35,9.67,17.7,27.37,30.86,16.13,346.0,0.229,88.0,25.43,24.0,6.94,0.6779999999999999,0.16,27.11,13.0,16.03,29.03,30.58,20.05
746947,2024-06-14,2024,646240,L,661563,R,strikeout,True,False,165.0,0.293,32.0,19.39,24.0,14.55,1.03,0.343,24.6,11.46,13.1,24.55,30.42,16.49,469.0,0.27,89.0,18.98,51.0,10.87,0.863,0.235,25.44,13.04,9.74,22.78,33.05,15.06,126.0,0.128,36.0,28.57,16.0,12.7,0.44899999999999995,0.08299999999999999,28.97,14.01,14.78,28.79,29.45,21.95,,,,,,,,,,,,,,
746947,2024-06-14,2024,807799,L,661563,R,field_out,False,False,79.0,0.286,11.0,13.92,6.0,7.59,0.73,0.08500000000000002,17.16,7.32,19.75,27.07,23.57,12.79,437.0,0.293,58.0,13.27,22.0,5.03,0.795,0.167,17.2,7.54,21.09,28.63,28.96,13.65,126.0,0.128,36.0,28.57,16.0,12.7,0.44899999999999995,0.08299999999999999,28.97,14.01,14.78,28.79,29.45,21.95,,,,,,,,,,,,,,
746947,2024-06-14,2024,657136,R,661563,R,single,False,False,128.0,0.316,24.0,18.75,2.0,1.56,0.798,0.128,27.04,14.62,14.62,29.23,33.17,20.34,296.0,0.262,94.0,31.76,13.0,4.39,0.734,0.1669999999999999,32.08,16.95,15.14,32.09,35.28,27.01,167.0,0.144,54.0,32.34,19.0,11.38,0.514,0.12300000000000003,31.09,13.7,16.95,30.65,25.14,25.96,,,,,,,,,,,,,,
746947,2024-06-14,2024,665839,L,661563,R,field_out,False,False,111.0,0.235,28.0,25.23,6.0,5.41,0.741,0.236,21.03,10.07,18.34,28.41,30.3,17.76,133.0,0.28,32.0,24.06,7.0,5.26,0.806,0.2079999999999999,23.05,10.04,20.07,30.11,28.72,21.48,126.0,0.128,36.0,28.57,16.0,12.7,0.44899999999999995,0.08299999999999999,28.97,14.01,14.78,28.79,29.45,21.95,,,,,,,,,,,,,,
746947,2024-06-14,2024,665742,L,678394,R,field_out,False,False,228.0,0.314,37.0,16.23,39.0,17.11,1.032,0.286,25.0,9.23,18.57,27.81,16.6,14.4,502.0,0.283,81.0,16.14,99.0,19.72,0.98,0.2730000000000001,18.45,6.31,19.31,25.62,15.09,14.14,132.0,0.259,26.0,19.7,13.0,9.85,0.818,0.21499999999999997,28.95,12.69,16.15,28.85,28.18,19.26,322.0,0.313,44.0,13.66,21.0,6.52,0.883,0.209,21.39,10.43,13.34,23.77,28.42,13.66
746947,2024-06-14,2024,592450,R,678394,R,strikeout,True,False,243.0,0.312,60.0,24.69,36.0,14.81,1.1199999999999999,0.39099999999999996,30.87,13.39,14.55,27.93,18.74,19.48,384.0,0.266,109.0,28.39,77.0,20.05,1.011,0.3339999999999999,36.96,15.02,15.7,30.72,19.29,24.12,122.0,0.25,25.0,20.49,8.0,6.56,0.6779999999999999,0.125,20.35,9.67,17.7,27.37,30.86,16.13,346.0,0.229,88.0,25.43,24.0,6.94,0.6779999999999999,0.16,27.11,13.0,16.03,29.03,30.58,20.05
746947,2024-06-14,2024,657077,L,678394,R,field_out,False,False,204.0,0.273,26.0,12.75,13.0,6.37,0.758,0.17099999999999999,13.2,6.03,19.9,25.93,26.09,11.45,441.0,0.279,66.0,14.97,30.0,6.8,0.793,0.185,15.08,6.28,20.52,26.8,22.64,14.93,132.0,0.259,26.0,19.7,13.0,9.85,0.818,0.21499999999999997,28.95,12.69,16.15,28.85,28.18,19.26,322.0,0.313,44.0,13.66,21.0,6.52,0.883,0.209,21.39,10.43,13.34,23.77,28.42,13.66
746947,2024-06-14,2024,642086,L,661563,R,field_out,False,False,108.0,0.198,20.0,18.52,14.0,12.96,0.5880000000000001,0.066,23.24,10.8,16.33,27.14,29.81,19.8,414.0,0.263,62.0,14.98,33.0,7.97,0.736,0.135,19.9,10.09,14.56,24.65,32.27,13.42,126.0,0.128,36.0,28.57,16.0,12.7,0.44899999999999995,0.08299999999999999,28.97,14.01,14.78,28.79,29.45,21.95,,,,,,,,,,,,,,
746947,2024-06-14,2024,678882,R,661563,R,single,False,False,188.0,0.213,51.0,27.13,5.0,2.66,0.595,0.147,33.82,20.93,11.45,32.38,45.79,23.5,62.0,0.263,20.0,32.26,3.0,4.84,0.6739999999999999,0.1049999999999999,27.08,15.6,11.2,26.8,42.11,22.22,167.0,0.144,54.0,32.34,19.0,11.38,0.514,0.12300000000000003,31.09,13.7,16.95,30.65,25.14,25.96,,,,,,,,,,,,,,
746947,2024-06-14,2024,680776,L,661563,R,single,False,False,222.0,0.292,45.0,20.27,18.0,8.11,0.905,0.26200000000000007,23.6,11.21,14.68,25.9,27.56,18.52,314.0,0.296,75.0,23.89,21.0,6.69,0.84,0.195,24.68,12.92,13.75,26.67,30.3,19.02,126.0,0.128,36.0,28.57,16.0,12.7,0.44899999999999995,0.08299999999999999,28.97,14.01,14.78,28.79,29.45,21.95,,,,,,,,,,,,,,
746947,2024-06-14,2024,666152,L,661563,R,field_out,False,False,119.0,0.291,32.0,26.89,8.0,6.72,0.827,0.191,26.63,11.37,20.82,32.19,20.44,23.02,36.0,0.1,10.0,27.78,6.0,16.67,0.417,0.067,20.0,8.44,23.38,31.82,26.39,15.38,126.0,0.128,36.0,28.57,16.0,12.7,0.44899999999999995,0.08299999999999999,28.97,14.01,14.78,28.79,29.45,21.95,,,,,,,,,,,,,,
746947,2024-06-14,2024,641933,R,661563,R,strikeout,True,False,133.0,0.235,44.0,33.08,11.0,8.27,0.7869999999999999,0.244,34.54,15.61,17.42,33.03,27.04,25.88,187.0,0.233,53.0,28.34,15.0,8.02,0.6839999999999999,0.157,29.39,13.29,17.12,30.41,25.99,26.5,167.0,0.144,54.0,32.34,19.0,11.38,0.514,0.12300000000000003,31.09,13.7,16.95,30.65,25.14,25.96,,,,,,,,,,,,,,
746947,2024-06-14,2024,519317,R,678394,R,single,False,False,186.0,0.229,61.0,32.8,15.0,8.06,0.808,0.28300000000000003,33.33,15.22,17.93,33.15,30.95,30.65,341.0,0.175,111.0,32.55,35.0,10.26,0.64,0.201,36.65,15.18,19.37,34.55,27.39,25.58,122.0,0.25,25.0,20.49,8.0,6.56,0.6779999999999999,0.125,20.35,9.67,17.7,27.37,30.86,16.13,346.0,0.229,88.0,25.43,24.0,6.94,0.6779999999999999,0.16,27.11,13.0,16.03,29.03,30.58,20.05
746947,2024-06-14,2024,519203,L,678394,R,walk,False,True,207.0,0.233,32.0,15.46,14.0,6.76,0.687,0.159,18.95,9.74,15.64,25.38,38.9,14.48,334.0,0.22,86.0,25.75,27.0,8.08,0.6739999999999999,0.146,25.23,12.17,17.7,29.87,34.73,19.95,132.0,0.259,26.0,19.7,13.0,9.85,0.818,0.21499999999999997,28.95,12.69,16.15,28.85,28.18,19.26,322.0,0.313,44.0,13.66,21.0,6.52,0.883,0.209,21.39,10.43,13.34,23.77,28.42,13.66
746947,2024-06-14,2024,650402,R,678394,R,grounded_into_double_play,False,False,224.0,0.235,52.0,23.21,19.0,8.48,0.655,0.11499999999999999,25.63,11.94,16.52,28.46,21.79,16.05,544.0,0.273,78.0,14.34,50.0,9.19,0.772,0.1589999999999999,21.74,10.32,15.57,25.89,26.86,11.29,122.0,0.25,25.0,20.49,8.0,6.56,0.6779999999999999,0.125,20.35,9.67,17.7,27.37,30.86,16.13,346.0,0.229,88.0,25.43,24.0,6.94,0.6779999999999999,0.16,27.11,13.0,16.03,29.03,30.58,20.05
746947,2024-06-14,2024,665828,L,678394,R,field_error,False,False,140.0,0.24,27.0,19.29,8.0,5.71,0.661,0.14,17.72,8.32,18.48,26.8,31.62,16.67,261.0,0.215,51.0,19.54,22.0,8.43,0.567,0.0679999999999999,22.29,10.93,14.34,25.28,25.97,17.65,132.0,0.259,26.0,19.7,13.0,9.85,0.818,0.21499999999999997,28.95,12.69,16.15,28.85,28.18,19.26,322.0,0.313,44.0,13.66,21.0,6.52,0.883,0.209,21.39,10.43,13.34,23.77,28.42,13.66
746947,2024-06-14,2024,624431,R,678394,R,field_out,False,False,83.0,0.286,11.0,13.25,4.0,4.82,0.6890000000000001,0.07800000000000001,15.97,6.69,22.54,29.23,30.67,16.92,125.0,0.19,20.0,16.0,5.0,4.0,0.495,0.069,18.59,8.22,23.33,31.56,37.86,15.5,122.0,0.25,25.0,20.49,8.0,6.56,0.6779999999999999,0.125,20.35,9.67,17.7,27.37,30.86,16.13,346.0,0.229,88.0,25.43,24.0,6.94,0.6779999999999999,0.16,27.11,13.0,16.03,29.03,30.58,20.05
746947,2024-06-14,2024,646240,L,661563,R,walk,False,True,165.0,0.293,32.0,19.39,24.0,14.55,1.03,0.343,24.6,11.46,13.1,24.55,30.42,16.49,469.0,0.27,89.0,18.98,51.0,10.87,0.863,0.235,25.44,13.04,9.74,22.78,33.05,15.06,126.0,0.128,36.0,28.57,16.0,12.7,0.44899999999999995,0.08299999999999999,28.97,14.01,14.78,28.79,29.45,21.95,,,,,,,,,,,,,,
746947,2024-06-14,2024,807799,L,661563,R,walk,False,True,79.0,0.286,11.0,13.92,6.0,7.59,0.73,0.08500000000000002,17.16,7.32,19.75,27.07,23.57,12.79,437.0,0.293,58.0,13.27,22.0,5.03,0.795,0.167,17.2,7.54,21.09,28.63,28.96,13.65,126.0,0.128,36.0,28.57,16.0,12.7,0.44899999999999995,0.08299999999999999,28.97,14.01,14.78,28.79,29.45,21.95,,,,,,,,,,,,,,
746947,2024-06-14,2024,657136,R,661563,R,force_out,False,False,128.0,0.316,24.0,18.75,2.0,1.56,0.798,0.128,27.04,14.62,14.62,29.23,33.17,20.34,296.0,0.262,94.0,31.76,13.0,4.39,0.734,0.1669999999999999,32.08,16.95,15.14,32.09,35.28,27.01,167.0,0.144,54.0,32.34,19.0,11.38,0.514,0.12300000000000003,31.09,13.7,16.95,30.65,25.14,25.96,,,,,,,,,,,,,,
746947,2024-06-14,2024,665839,L,661563,R,double,False,False,111.0,0.235,28.0,25.23,6.0,5.41,0.741,0.236,21.03,10.07,18.34,28.41,30.3,17.76,133.0,0.28,32.0,24.06,7.0,5.26,0.806,0.2079999999999999,23.05,10.04,20.07,30.11,28.72,21.48,126.0,0.128,36.0,28.57,16.0,12.7,0.44899999999999995,0.08299999999999999,28.97,14.01,14.78,28.79,29.45,21.95,,,,,,,,,,,,,,
746947,2024-06-14,2024,642086,L,661563,R,strikeout,True,False,108.0,0.198,20.0,18.52,14.0,12.96,0.5880000000000001,0.066,23.24,10.8,16.33,27.14,29.81,19.8,414.0,0.263,62.0,14.98,33.0,7.97,0.736,0.135,19.9,10.09,14.56,24.65,32.27,13.42,126.0,0.128,36.0,28.57,16.0,12.7,0.44899999999999995,0.08299999999999999,28.97,14.01,14.78,28.79,29.45,21.95,,,,,,,,,,,,,,
746947,2024-06-14,2024,678882,R,661563,R,strikeout,True,False,188.0,0.213,51.0,27.13,5.0,2.66,0.595,0.147,33.82,20.93,11.45,32.38,45.79,23.5,62.0,0.263,20.0,32.26,3.0,4.84,0.6739999999999999,0.1049999999999999,27.08,15.6,11.2,26.8,42.11,22.22,167.0,0.144,54.0,32.34,19.0,11.38,0.514,0.12300000000000003,31.09,13.7,16.95,30.65,25.14,25.96,,,,,,,,,,,,,,
746947,2024-06-14,2024,683011,R,678394,R,single,False,False,244.0,0.274,52.0,21.31,17.0,6.97,0.762,0.15499999999999997,22.77,10.77,18.8,29.57,29.66,18.71,467.0,0.198,132.0,28.27,36.0,7.71,0.624,0.1579999999999999,28.15,13.53,17.49,31.02,29.16,23.4,122.0,0.25,25.0,20.49,8.0,6.56,0.6779999999999999,0.125,20.35,9.67,17.7,27.37,30.86,16.13,346.0,0.229,88.0,25.43,24.0,6.94,0.6779999999999999,0.16,27.11,13.0,16.03,29.03,30.58,20.05
746947,2024-06-14,2024,665742,L,678394,R,strikeout,True,False,228.0,0.314,37.0,16.23,39.0,17.11,1.032,0.286,25.0,9.23,18.57,27.81,16.6,14.4,502.0,0.283,81.0,16.14,99.0,19.72,0.98,0.2730000000000001,18.45,6.31,19.31,25.62,15.09,14.14,132.0,0.259,26.0,19.7,13.0,9.85,0.818,0.21499999999999997,28.95,12.69,16.15,28.85,28.18,19.26,322.0,0.313,44.0,13.66,21.0,6.52,0.883,0.209,21.39,10.43,13.34,23.77,28.42,13.66
746947,2024-06-14,2024,592450,R,678394,R,walk,False,True,243.0,0.312,60.0,24.69,36.0,14.81,1.1199999999999999,0.39099999999999996,30.87,13.39,14.55,27.93,18.74,19.48,384.0,0.266,109.0,28.39,77.0,20.05,1.011,0.3339999999999999,36.96,15.02,15.7,30.72,19.29,24.12,122.0,0.25,25.0,20.49,8.0,6.56,0.6779999999999999,0.125,20.35,9.67,17.7,27.37,30.86,16.13,346.0,0.229,88.0,25.43,24.0,6.94,0.6779999999999999,0.16,27.11,13.0,16.03,29.03,30.58,20.05
746947,2024-06-14,2024,657077,L,678394,R,double,False,False,204.0,0.273,26.0,12.75,13.0,6.37,0.758,0.17099999999999999,13.2,6.03,19.9,25.93,26.09,11.45,441.0,0.279,66.0,14.97,30.0,6.8,0.793,0.185,15.08,6.28,20.52,26.8,22.64,14.93,132.0,0.259,26.0,19.7,13.0,9.85,0.818,0.21499999999999997,28.95,12.69,16.15,28.85,28.18,19.26,322.0,0.313,44.0,13.66,21.0,6.52,0.883,0.209,21.39,10.43,13.34,23.77,28.42,13.66
746947,2024-06-14,2024,519317,R,678394,R,strikeout,True,False,186.0,0.229,61.0,32.8,15.0,8.06,0.808,0.28300000000000003,33.33,15.22,17.93,33.15,30.95,30.65,341.0,0.175,111.0,32.55,35.0,10.26,0.64,0.201,36.65,15.18,19.37,34.55,27.39,25.58,122.0,0.25,25.0,20.49,8.0,6.56,0.6779999999999999,0.125,20.35,9.67,17.7,27.37,30.86,16.13,346.0,0.229,88.0,25.43,24.0,6.94,0.6779999999999999,0.16,27.11,13.0,16.03,29.03,30.58,20.05
746947,2024-06-14,2024,519203,L,592155,L,single,False,False,73.0,0.194,14.0,19.18,2.0,2.74,0.45599999999999996,0.014999999999999986,20.0,9.65,17.37,27.03,27.27,22.22,87.0,0.333,11.0,12.64,8.0,9.2,0.825,0.0899999999999999,23.87,11.56,17.81,29.38,30.82,12.64,40.0,0.256,11.0,27.5,1.0,2.5,0.634,0.10299999999999998,24.0,12.24,20.41,32.65,36.23,24.44,,,,,,,,,,,,,,
746947,2024-06-14,2024,650402,R,592155,L,field_out,False,False,67.0,0.22,19.0,28.36,8.0,11.94,0.652,0.11900000000000002,29.86,14.14,16.78,30.92,20.59,15.7,128.0,0.278,20.0,15.62,17.0,13.28,0.921,0.268,22.12,9.54,15.71,25.25,21.8,13.33,64.0,0.22,20.0,31.25,4.0,6.25,0.656,0.17,32.82,18.7,15.22,33.91,43.27,32.26,,,,,,,,,,,,,,
746947,2024-06-14,2024,680776,L,661563,R,walk,False,True,222.0,0.292,45.0,20.27,18.0,8.11,0.905,0.26200000000000007,23.6,11.21,14.68,25.9,27.56,18.52,314.0,0.296,75.0,23.89,21.0,6.69,0.84,0.195,24.68,12.92,13.75,26.67,30.3,19.02,126.0,0.128,36.0,28.57,16.0,12.7,0.44899999999999995,0.08299999999999999,28.97,14.01,14.78,28.79,29.45,21.95,,,,,,,,,,,,,,
746947,2024-06-14,2024,666152,L,661563,R,field_out,False,False,119.0,0.291,32.0,26.89,8.0,6.72,0.827,0.191,26.63,11.37,20.82,32.19,20.44,23.02,36.0,0.1,10.0,27.78,6.0,16.67,0.417,0.067,20.0,8.44,23.38,31.82,26.39,15.38,126.0,0.128,36.0,28.57,16.0,12.7,0.44899999999999995,0.08299999999999999,28.97,14.01,14.78,28.79,29.45,21.95,,,,,,,,,,,,,,
746947,2024-06-14,2024,641933,R,661563,R,strikeout,True,False,133.0,0.235,44.0,33.08,11.0,8.27,0.7869999999999999,0.244,34.54,15.61,17.42,33.03,27.04,25.88,187.0,0.233,53.0,28.34,15.0,8.02,0.6839999999999999,0.157,29.39,13.29,17.12,30.41,25.99,26.5,167.0,0.144,54.0,32.34,19.0,11.38,0.514,0.12300000000000003,31.09,13.7,16.95,30.65,25.14,25.96,,,,,,,,,,,,,,
746947,2024-06-14,2024,646240,L,661563,R,walk,False,True,165.0,0.293,32.0,19.39,24.0,14.55,1.03,0.343,24.6,11.46,13.1,24.55,30.42,16.49,469.0,0.27,89.0,18.98,51.0,10.87,0.863,0.235,25.44,13.04,9.74,22.78,33.05,15.06,126.0,0.128,36.0,28.57,16.0,12.7,0.44899999999999995,0.08299999999999999,28.97,14.01,14.78,28.79,29.45,21.95,,,,,,,,,,,,,,
746947,2024-06-14,2024,807799,L,661563,R,field_out,False,False,79.0,0.286,11.0,13.92,6.0,7.59,0.73,0.08500000000000002,17.16,7.32,19.75,27.07,23.57,12.79,437.0,0.293,58.0,13.27,22.0,5.03,0.795,0.167,17.2,7.54,21.09,28.63,28.96,13.65,126.0,0.128,36.0,28.57,16.0,12.7,0.44899999999999995,0.08299999999999999,28.97,14.01,14.78,28.79,29.45,21.95,,,,,,,,,,,,,,
746947,2024-06-14,2024,665828,L,677161,R,strikeout,True,False,140.0,0.24,27.0,19.29,8.0,5.71,0.661,0.14,17.72,8.32,18.48,26.8,31.62,16.67,261.0,0.215,51.0,19.54,22.0,8.43,0.567,0.0679999999999999,22.29,10.93,14.34,25.28,25.97,17.65,41.0,0.182,9.0,21.95,8.0,19.51,0.6140000000000001,0.09100000000000003,26.19,12.02,15.85,27.87,26.88,15.0,24.0,0.222,4.0,16.67,6.0,25.0,0.806,0.167,27.45,11.76,15.13,26.89,26.76,10.0
746947,2024-06-14,2024,624431,R,677161,R,strikeout,True,False,83.0,0.286,11.0,13.25,4.0,4.82,0.6890000000000001,0.07800000000000001,15.97,6.69,22.54,29.23,30.67,16.92,125.0,0.19,20.0,16.0,5.0,4.0,0.495,0.069,18.59,8.22,23.33,31.56,37.86,15.5,47.0,0.122,12.0,25.53,5.0,10.64,0.454,0.098,28.57,12.02,21.86,33.88,24.72,20.0,19.0,0.214,2.0,10.53,2.0,10.53,0.746,0.143,13.04,4.84,20.97,25.81,24.24,16.67
746947,2024-06-14,2024,683011,R,677161,R,strikeout,True,False,244.0,0.274,52.0,21.31,17.0,6.97,0.762,0.15499999999999997,22.77,10.77,18.8,29.57,29.66,18.71,467.0,0.198,132.0,28.27,36.0,7.71,0.624,0.1579999999999999,28.15,13.53,17.49,31.02,29.16,23.4,47.0,0.122,12.0,25.53,5.0,10.64,0.454,0.098,28.57,12.02,21.86,33.88,24.72,20.0,19.0,0.214,2.0,10.53,2.0,10.53,0.746,0.143,13.04,4.84,20.97,25.81,24.24,16.67
746947,2024-06-14,2024,657136,R,592454,R,walk,False,True,128.0,0.316,24.0,18.75,2.0,1.56,0.798,0.128,27.04,14.62,14.62,29.23,33.17,20.34,296.0,0.262,94.0,31.76,13.0,4.39,0.734,0.1669999999999999,32.08,16.95,15.14,32.09,35.28,27.01,20.0,0.2,3.0,15.0,5.0,25.0,1.0,0.39999999999999997,26.83,11.22,11.22,22.45,23.33,10.0,80.0,0.191,26.0,32.5,10.0,12.5,0.583,0.088,41.03,19.57,15.6,35.17,27.84,26.0
746947,2024-06-14,2024,665839,L,592454,R,walk,False,True,111.0,0.235,28.0,25.23,6.0,5.41,0.741,0.236,21.03,10.07,18.34,28.41,30.3,17.76,133.0,0.28,32.0,24.06,7.0,5.26,0.806,0.2079999999999999,23.05,10.04,20.07,30.11,28.72,21.48,9.0,0.125,3.0,33.33,0.0,0.0,0.347,0.0,52.63,27.78,13.89,41.67,44.0,27.27,85.0,0.176,22.0,25.88,9.0,10.59,0.637,0.202,29.22,12.47,19.67,32.13,30.46,19.82
746947,2024-06-14,2024,642086,L,592454,R,strikeout,True,False,108.0,0.198,20.0,18.52,14.0,12.96,0.5880000000000001,0.066,23.24,10.8,16.33,27.14,29.81,19.8,414.0,0.263,62.0,14.98,33.0,7.97,0.736,0.135,19.9,10.09,14.56,24.65,32.27,13.42,9.0,0.125,3.0,33.33,0.0,0.0,0.347,0.0,52.63,27.78,13.89,41.67,44.0,27.27,85.0,0.176,22.0,25.88,9.0,10.59,0.637,0.202,29.22,12.47,19.67,32.13,30.46,19.82
746947,2024-06-14,2024,678882,R,592454,R,strikeout,True,False,188.0,0.213,51.0,27.13,5.0,2.66,0.595,0.147,33.82,20.93,11.45,32.38,45.79,23.5,62.0,0.263,20.0,32.26,3.0,4.84,0.6739999999999999,0.1049999999999999,27.08,15.6,11.2,26.8,42.11,22.22,20.0,0.2,3.0,15.0,5.0,25.0,1.0,0.39999999999999997,26.83,11.22,11.22,22.45,23.33,10.0,80.0,0.191,26.0,32.5,10.0,12.5,0.583,0.088,41.03,19.57,15.6,35.17,27.84,26.0
746947,2024-06-14,2024,680776,L,657571,L,strikeout,True,False,94.0,0.222,23.0,24.47,9.0,9.57,0.5589999999999999,0.024999999999999994,26.06,11.17,20.52,31.69,29.38,20.0,49.0,0.289,15.0,30.61,3.0,6.12,0.749,0.133,24.44,10.73,20.0,30.73,27.27,25.86,37.0,0.25,9.0,24.32,7.0,18.92,0.798,0.14300000000000002,31.58,12.77,17.02,29.79,21.05,21.95,90.0,0.266,26.0,28.89,4.0,4.44,0.748,0.126,27.22,13.33,17.39,30.72,29.94,25.0
746947,2024-06-14,2024,665742,L,677161,R,field_out,False,False,228.0,0.314,37.0,16.23,39.0,17.11,1.032,0.286,25.0,9.23,18.57,27.81,16.6,14.4,502.0,0.283,81.0,16.14,99.0,19.72,0.98,0.2730000000000001,18.45,6.31,19.31,25.62,15.09,14.14,41.0,0.182,9.0,21.95,8.0,19.51,0.6140000000000001,0.09100000000000003,26.19,12.02,15.85,27.87,26.88,15.0,24.0,0.222,4.0,16.67,6.0,25.0,0.806,0.167,27.45,11.76,15.13,26.89,26.76,10.0
746947,2024-06-14,2024,592450,R,677161,R,field_out,False,False,243.0,0.312,60.0,24.69,36.0,14.81,1.1199999999999999,0.39099999999999996,30.87,13.39,14.55,27.93,18.74,19.48,384.0,0.266,109.0,28.39,77.0,20.05,1.011,0.3339999999999999,36.96,15.02,15.7,30.72,19.29,24.12,47.0,0.122,12.0,25.53,5.0,10.64,0.454,0.098,28.57,12.02,21.86,33.88,24.72,20.0,19.0,0.214,2.0,10.53,2.0,10.53,0.746,0.143,13.04,4.84,20.97,25.81,24.24,16.67
746947,2024-06-14,2024,657077,L,677161,R,field_out,False,False,204.0,0.273,26.0,12.75,13.0,6.37,0.758,0.17099999999999999,13.2,6.03,19.9,25.93,26.09,11.45,441.0,0.279,66.0,14.97,30.0,6.8,0.793,0.185,15.08,6.28,20.52,26.8,22.64,14.93,41.0,0.182,9.0,21.95,8.0,19.51,0.6140000000000001,0.09100000000000003,26.19,12.02,15.85,27.87,26.88,15.0,24.0,0.222,4.0,16.67,6.0,25.0,0.806,0.167,27.45,11.76,15.13,26.89,26.76,10.0
746947,2024-06-14,2024,666152,L,657571,L,strikeout,True,False,21.0,0.3,5.0,23.81,1.0,4.76,0.683,0.04999999999999999,26.47,12.5,15.28,27.78,22.86,25.0,3.0,0.333,0.0,0.0,0.0,0.0,0.666,0.0,25.0,16.67,16.67,33.33,50.0,,37.0,0.25,9.0,24.32,7.0,18.92,0.798,0.14300000000000002,31.58,12.77,17.02,29.79,21.05,21.95,90.0,0.266,26.0,28.89,4.0,4.44,0.748,0.126,27.22,13.33,17.39,30.72,29.94,25.0
746947,2024-06-14,2024,641933,R,657571,L,strikeout,True,False,58.0,0.311,19.0,32.76,13.0,22.41,1.066,0.289,29.35,10.04,18.59,28.62,17.91,25.33,79.0,0.227,14.0,17.72,13.0,16.46,0.7929999999999999,0.212,23.91,10.58,16.03,26.6,24.28,14.14,60.0,0.25,16.0,26.67,4.0,6.67,0.729,0.179,22.66,11.74,17.41,29.15,29.73,17.2,180.0,0.27,44.0,24.44,19.0,10.56,0.702,0.0819999999999999,25.63,12.6,16.34,28.95,28.12,20.66
746947,2024-06-14,2024,646240,L,657571,L,strikeout,True,False,81.0,0.274,26.0,32.1,6.0,7.41,0.7569999999999999,0.13699999999999996,29.65,15.99,13.48,29.47,32.19,23.64,188.0,0.273,37.0,19.68,11.0,5.85,0.823,0.2149999999999999,27.74,14.71,11.61,26.32,30.93,15.19,37.0,0.25,9.0,24.32,7.0,18.92,0.798,0.14300000000000002,31.58,12.77,17.02,29.79,21.05,21.95,90.0,0.266,26.0,28.89,4.0,4.44,0.748,0.126,27.22,13.33,17.39,30.72,29.94,25.0
746947,2024-06-14,2024,519317,R,502624,R,strikeout,True,False,186.0,0.229,61.0,32.8,15.0,8.06,0.808,0.28300000000000003,33.33,15.22,17.93,33.15,30.95,30.65,341.0,0.175,111.0,32.55,35.0,10.26,0.64,0.201,36.65,15.18,19.37,34.55,27.39,25.58,81.0,0.225,8.0,9.88,6.0,7.41,0.737,0.212,25.0,12.04,13.38,25.42,22.67,10.81,216.0,0.282,32.0,14.81,14.0,6.48,0.817,0.195,20.78,9.74,15.19,24.94,26.33,16.24
746947,2024-06-14,2024,519203,L,502624,R,strikeout,True,False,207.0,0.233,32.0,15.46,14.0,6.76,0.687,0.159,18.95,9.74,15.64,25.38,38.9,14.48,334.0,0.22,86.0,25.75,27.0,8.08,0.6739999999999999,0.146,25.23,12.17,17.7,29.87,34.73,19.95,70.0,0.194,10.0,14.29,7.0,10.0,0.565,0.09599999999999997,23.44,10.24,18.43,28.67,22.7,12.82,156.0,0.261,32.0,20.51,19.0,12.18,0.835,0.2089999999999999,22.48,10.16,13.55,23.71,24.6,16.67
746947,2024-06-14,2024,650402,R,502624,R,field_out,False,False,224.0,0.235,52.0,23.21,19.0,8.48,0.655,0.11499999999999999,25.63,11.94,16.52,28.46,21.79,16.05,544.0,0.273,78.0,14.34,50.0,9.19,0.772,0.1589999999999999,21.74,10.32,15.57,25.89,26.86,11.29,81.0,0.225,8.0,9.88,6.0,7.41,0.737,0.212,25.0,12.04,13.38,25.42,22.67,10.81,216.0,0.282,32.0,14.81,14.0,6.48,0.817,0.195,20.78,9.74,15.19,24.94,26.33,16.24
746947,2024-06-14,2024,807799,L,624647,L,field_out,False,False,19.0,0.176,2.0,10.53,1.0,5.26,0.616,0.177,11.11,3.85,26.92,30.77,17.5,11.11,144.0,0.273,23.0,15.97,12.0,8.33,0.745,0.125,21.52,8.99,21.34,30.34,22.39,14.74,26.0,0.136,2.0,7.69,3.0,11.54,0.405,0.0,20.0,7.63,20.34,27.97,17.74,5.41,62.0,0.259,15.0,24.19,3.0,4.84,0.6679999999999999,0.1029999999999999,27.18,11.62,23.65,35.27,30.25,22.39
746947,2024-06-14,2024,657136,R,624647,L,field_out,False,False,66.0,0.357,13.0,19.7,9.0,13.64,0.919,0.10700000000000004,24.46,12.64,11.52,24.16,27.27,15.12,108.0,0.156,40.0,37.04,9.0,8.33,0.501,0.104,32.9,17.27,14.32,31.59,33.33,27.86,52.0,0.14,6.0,11.54,8.0,15.38,0.59,0.16199999999999998,18.95,8.74,11.65,20.39,30.08,10.0,73.0,0.19,15.0,20.55,7.0,9.59,0.59,0.1119999999999999,30.23,14.29,13.55,27.84,30.92,24.59
746947,2024-06-14,2024,642197,R,624647,L,single,False,False,13.0,0.125,3.0,23.08,2.0,15.38,0.833,0.375,21.43,6.0,22.0,28.0,13.79,33.33,,,,,,,,,,,,,,,52.0,0.14,6.0,11.54,8.0,15.38,0.59,0.16199999999999998,18.95,8.74,11.65,20.39,30.08,10.0,73.0,0.19,15.0,20.55,7.0,9.59,0.59,0.1119999999999999,30.23,14.29,13.55,27.84,30.92,24.59
746947,2024-06-14,2024,666915,R,543859,R,strikeout,True,False,49.0,0.163,21.0,42.86,4.0,8.16,0.529,0.11600000000000002,41.18,19.72,17.84,37.56,29.17,25.3,31.0,0.103,17.0,54.84,2.0,6.45,0.368,0.104,45.45,22.22,17.78,40.0,36.11,38.64,85.0,0.219,21.0,24.71,7.0,8.24,0.606,0.06899999999999998,29.81,13.56,18.36,31.92,31.49,18.42,172.0,0.19,42.0,24.42,11.0,6.4,0.613,0.183,25.53,12.71,17.19,29.9,29.81,17.8
746947,2024-06-14,2024,665828,L,502624,R,field_out,False,False,140.0,0.24,27.0,19.29,8.0,5.71,0.661,0.14,17.72,8.32,18.48,26.8,31.62,16.67,261.0,0.215,51.0,19.54,22.0,8.43,0.567,0.0679999999999999,22.29,10.93,14.34,25.28,25.97,17.65,70.0,0.194,10.0,14.29,7.0,10.0,0.565,0.09599999999999997,23.44,10.24,18.43,28.67,22.7,12.82,156.0,0.261,32.0,20.51,19.0,12.18,0.835,0.2089999999999999,22.48,10.16,13.55,23.71,24.6,16.67
746947,2024-06-14,2024,624431,R,502624,R,home_run,False,False,83.0,0.286,11.0,13.25,4.0,4.82,0.6890000000000001,0.07800000000000001,15.97,6.69,22.54,29.23,30.67,16.92,125.0,0.19,20.0,16.0,5.0,4.0,0.495,0.069,18.59,8.22,23.33,31.56,37.86,15.5,81.0,0.225,8.0,9.88,6.0,7.41,0.737,0.212,25.0,12.04,13.38,25.42,22.67,10.81,216.0,0.282,32.0,14.81,14.0,6.48,0.817,0.195,20.78,9.74,15.19,24.94,26.33,16.24
746947,2024-06-14,2024,683011,R,502624,R,field_out,False,False,244.0,0.274,52.0,21.31,17.0,6.97,0.762,0.15499999999999997,22.77,10.77,18.8,29.57,29.66,18.71,467.0,0.198,132.0,28.27,36.0,7.71,0.624,0.1579999999999999,28.15,13.53,17.49,31.02,29.16,23.4,81.0,0.225,8.0,9.88,6.0,7.41,0.737,0.212,25.0,12.04,13.38,25.42,22.67,10.81,216.0,0.282,32.0,14.81,14.0,6.48,0.817,0.195,20.78,9.74,15.19,24.94,26.33,16.24
746947,2024-06-14,2024,665742,L,502624,R,walk,False,True,228.0,0.314,37.0,16.23,39.0,17.11,1.032,0.286,25.0,9.23,18.57,27.81,16.6,14.4,502.0,0.283,81.0,16.14,99.0,19.72,0.98,0.2730000000000001,18.45,6.31,19.31,25.62,15.09,14.14,70.0,0.194,10.0,14.29,7.0,10.0,0.565,0.09599999999999997,23.44,10.24,18.43,28.67,22.7,12.82,156.0,0.261,32.0,20.51,19.0,12.18,0.835,0.2089999999999999,22.48,10.16,13.55,23.71,24.6,16.67
746947,2024-06-14,2024,592450,R,502624,R,double,False,False,243.0,0.312,60.0,24.69,36.0,14.81,1.1199999999999999,0.39099999999999996,30.87,13.39,14.55,27.93,18.74,19.48,384.0,0.266,109.0,28.39,77.0,20.05,1.011,0.3339999999999999,36.96,15.02,15.7,30.72,19.29,24.12,81.0,0.225,8.0,9.88,6.0,7.41,0.737,0.212,25.0,12.04,13.38,25.42,22.67,10.81,216.0,0.282,32.0,14.81,14.0,6.48,0.817,0.195,20.78,9.74,15.19,24.94,26.33,16.24
746947,2024-06-14,2024,657077,L,502624,R,single,False,False,204.0,0.273,26.0,12.75,13.0,6.37,0.758,0.17099999999999999,13.2,6.03,19.9,25.93,26.09,11.45,441.0,0.279,66.0,14.97,30.0,6.8,0.793,0.185,15.08,6.28,20.52,26.8,22.64,14.93,70.0,0.194,10.0,14.29,7.0,10.0,0.565,0.09599999999999997,23.44,10.24,18.43,28.67,22.7,12.82,156.0,0.261,32.0,20.51,19.0,12.18,0.835,0.2089999999999999,22.48,10.16,13.55,23.71,24.6,16.67
746947,2024-06-14,2024,519317,R,502624,R,strikeout,True,False,186.0,0.229,61.0,32.8,15.0,8.06,0.808,0.28300000000000003,33.33,15.22,17.93,33.15,30.95,30.65,341.0,0.175,111.0,32.55,35.0,10.26,0.64,0.201,36.65,15.18,19.37,34.55,27.39,25.58,81.0,0.225,8.0,9.88,6.0,7.41,0.737,0.212,25.0,12.04,13.38,25.42,22.67,10.81,216.0,0.282,32.0,14.81,14.0,6.48,0.817,0.195,20.78,9.74,15.19,24.94,26.33,16.24
746947,2024-06-14,2024,678882,R,543859,R,field_out,False,False,188.0,0.213,51.0,27.13,5.0,2.66,0.595,0.147,33.82,20.93,11.45,32.38,45.79,23.5,62.0,0.263,20.0,32.26,3.0,4.84,0.6739999999999999,0.1049999999999999,27.08,15.6,11.2,26.8,42.11,22.22,85.0,0.219,21.0,24.71,7.0,8.24,0.606,0.06899999999999998,29.81,13.56,18.36,31.92,31.49,18.42,172.0,0.19,42.0,24.42,11.0,6.4,0.613,0.183,25.53,12.71,17.19,29.9,29.81,17.8
746947,2024-06-14,2024,680776,L,543859,R,walk,False,True,222.0,0.292,45.0,20.27,18.0,8.11,0.905,0.26200000000000007,23.6,11.21,14.68,25.9,27.56,18.52,314.0,0.296,75.0,23.89,21.0,6.69,0.84,0.195,24.68,12.92,13.75,26.67,30.3,19.02,42.0,0.162,9.0,21.43,4.0,9.52,0.45399999999999996,0.05399999999999999,21.35,10.73,11.86,22.6,26.32,14.06,153.0,0.248,33.0,21.57,12.0,7.84,0.7030000000000001,0.139,24.04,12.14,15.53,27.67,29.01,16.02
746947,2024-06-14,2024,666152,L,543859,R,field_out,False,False,119.0,0.291,32.0,26.89,8.0,6.72,0.827,0.191,26.63,11.37,20.82,32.19,20.44,23.02,36.0,0.1,10.0,27.78,6.0,16.67,0.417,0.067,20.0,8.44,23.38,31.82,26.39,15.38,42.0,0.162,9.0,21.43,4.0,9.52,0.45399999999999996,0.05399999999999999,21.35,10.73,11.86,22.6,26.32,14.06,153.0,0.248,33.0,21.57,12.0,7.84,0.7030000000000001,0.139,24.04,12.14,15.53,27.67,29.01,16.02
746947,2024-06-14,2024,641933,R,543859,R,strikeout,True,False,133.0,0.235,44.0,33.08,11.0,8.27,0.7869999999999999,0.244,34.54,15.61,17.42,33.03,27.04,25.88,187.0,0.233,53.0,28.34,15.0,8.02,0.6839999999999999,0.157,29.39,13.29,17.12,30.41,25.99,26.5,85.0,0.219,21.0,24.71,7.0,8.24,0.606,0.06899999999999998,29.81,13.56,18.36,31.92,31.49,18.42,172.0,0.19,42.0,24.42,11.0,6.4,0.613,0.183,25.53,12.71,17.19,29.9,29.81,17.8
747192,2024-06-14,2024,694384,L,694297,R,walk,False,True,194.0,0.223,36.0,18.56,13.0,6.7,0.622,0.11400000000000002,15.89,6.78,22.07,28.86,24.93,15.49,104.0,0.291,15.0,14.42,14.0,13.46,0.7569999999999999,0.0579999999999999,18.78,8.02,17.92,25.94,20.47,11.45,177.0,0.301,32.0,18.08,10.0,5.65,0.815,0.17099999999999999,19.93,9.32,18.01,27.33,27.12,17.39,196.0,0.273,43.0,21.94,16.0,8.16,0.867,0.261,23.08,10.53,17.04,27.57,23.51,19.2
747192,2024-06-14,2024,650859,L,694297,R,single,False,False,161.0,0.29,22.0,13.66,10.0,6.21,0.737,0.10300000000000004,20.26,10.73,12.46,23.18,32.59,12.79,322.0,0.24,60.0,18.63,31.0,9.63,0.7270000000000001,0.166,24.18,11.79,13.87,25.66,28.19,14.39,177.0,0.301,32.0,18.08,10.0,5.65,0.815,0.17099999999999999,19.93,9.32,18.01,27.33,27.12,17.39,196.0,0.273,43.0,21.94,16.0,8.16,0.867,0.261,23.08,10.53,17.04,27.57,23.51,19.2
747192,2024-06-14,2024,621493,R,694297,R,strikeout,True,False,220.0,0.219,51.0,23.18,24.0,10.91,0.718,0.19799999999999998,22.89,9.85,18.99,28.84,18.99,20.75,295.0,0.233,61.0,20.68,27.0,9.15,0.702,0.148,23.43,10.4,15.98,26.37,23.09,17.78,174.0,0.188,52.0,29.89,8.0,4.6,0.5690000000000001,0.15100000000000002,28.49,14.84,17.16,31.99,31.65,26.26,226.0,0.29,51.0,22.57,10.0,4.42,0.857,0.243,26.58,13.96,15.98,29.94,34.54,19.92
747192,2024-06-14,2024,607680,R,694297,R,force_out,False,False,79.0,0.243,14.0,17.72,4.0,5.06,0.751,0.2,20.55,10.42,16.32,26.74,36.18,14.58,95.0,0.202,22.0,23.16,4.0,4.21,0.58,0.1459999999999999,23.46,13.0,15.17,28.17,39.61,20.95,174.0,0.188,52.0,29.89,8.0,4.6,0.5690000000000001,0.15100000000000002,28.49,14.84,17.16,31.99,31.65,26.26,226.0,0.29,51.0,22.57,10.0,4.42,0.857,0.243,26.58,13.96,15.98,29.94,34.54,19.92
747192,2024-06-14,2024,681351,R,694297,R,strikeout,True,False,162.0,0.289,39.0,24.07,10.0,6.17,0.798,0.16700000000000004,32.9,16.48,15.67,32.15,34.14,18.54,154.0,0.22,38.0,24.68,9.0,5.84,0.757,0.262,32.06,17.0,13.8,30.81,36.07,19.69,174.0,0.188,52.0,29.89,8.0,4.6,0.5690000000000001,0.15100000000000002,28.49,14.84,17.16,31.99,31.65,26.26,226.0,0.29,51.0,22.57,10.0,4.42,0.857,0.243,26.58,13.96,15.98,29.94,34.54,19.92
747192,2024-06-14,2024,682998,L,656288,R,field_out,False,False,196.0,0.212,34.0,17.35,24.0,12.24,0.623,0.1,20.92,9.15,16.55,25.71,25.44,18.68,472.0,0.286,105.0,22.25,46.0,9.75,0.921,0.266,22.34,10.24,16.27,26.51,28.83,21.92,181.0,0.287,28.0,15.47,18.0,9.94,0.887,0.24200000000000005,23.08,10.89,14.66,25.56,30.87,15.64,259.0,0.217,61.0,23.55,20.0,7.72,0.6319999999999999,0.1279999999999999,29.4,13.84,16.18,30.02,28.54,20.4
747192,2024-06-14,2024,606466,L,656288,R,double,False,False,191.0,0.246,44.0,23.04,18.0,9.42,0.679,0.119,24.57,11.66,14.27,25.93,25.47,20.38,452.0,0.259,85.0,18.81,54.0,11.95,0.827,0.2199999999999999,20.87,9.03,16.76,25.8,21.17,17.28,181.0,0.287,28.0,15.47,18.0,9.94,0.887,0.24200000000000005,23.08,10.89,14.66,25.56,30.87,15.64,259.0,0.217,61.0,23.55,20.0,7.72,0.6319999999999999,0.1279999999999999,29.4,13.84,16.18,30.02,28.54,20.4
747192,2024-06-14,2024,592626,L,656288,R,walk,False,True,183.0,0.286,46.0,25.14,20.0,10.93,0.865,0.201,25.14,11.56,17.35,28.91,29.8,20.91,373.0,0.241,74.0,19.84,49.0,13.14,0.786,0.194,24.13,10.89,15.07,25.96,29.36,16.09,181.0,0.287,28.0,15.47,18.0,9.94,0.887,0.24200000000000005,23.08,10.89,14.66,25.56,30.87,15.64,259.0,0.217,61.0,23.55,20.0,7.72,0.6319999999999999,0.1279999999999999,29.4,13.84,16.18,30.02,28.54,20.4
747192,2024-06-14,2024,572233,R,656288,R,home_run,False,False,216.0,0.255,50.0,23.15,25.0,11.57,0.847,0.245,25.91,12.57,13.01,25.58,25.68,16.72,497.0,0.259,95.0,19.11,42.0,8.45,0.8009999999999999,0.2129999999999999,26.19,12.83,14.15,26.98,26.84,15.33,147.0,0.218,22.0,14.97,9.0,6.12,0.6319999999999999,0.12799999999999997,20.93,10.33,15.68,26.0,27.24,15.71,277.0,0.271,78.0,28.16,16.0,5.78,0.8260000000000001,0.237,28.77,14.19,17.3,31.49,29.39,19.31
747192,2024-06-14,2024,666971,R,656288,R,field_out,False,False,193.0,0.214,36.0,18.65,9.0,4.66,0.5940000000000001,0.12100000000000002,20.87,10.56,15.78,26.34,32.04,16.82,433.0,0.247,85.0,19.63,21.0,4.85,0.756,0.22,20.07,9.99,16.64,26.63,31.06,17.82,147.0,0.218,22.0,14.97,9.0,6.12,0.6319999999999999,0.12799999999999997,20.93,10.33,15.68,26.0,27.24,15.71,277.0,0.271,78.0,28.16,16.0,5.78,0.8260000000000001,0.237,28.77,14.19,17.3,31.49,29.39,19.31
747192,2024-06-14,2024,664983,L,656288,R,field_out,False,False,139.0,0.235,26.0,18.71,13.0,9.35,0.698,0.135,21.34,9.92,16.34,26.26,26.87,17.11,230.0,0.255,51.0,22.17,17.0,7.39,0.643,0.072,22.4,11.76,13.9,25.65,32.76,19.39,181.0,0.287,28.0,15.47,18.0,9.94,0.887,0.24200000000000005,23.08,10.89,14.66,25.56,30.87,15.64,259.0,0.217,61.0,23.55,20.0,7.72,0.6319999999999999,0.1279999999999999,29.4,13.84,16.18,30.02,28.54,20.4
747192,2024-06-14,2024,687263,R,694297,R,field_out,False,False,200.0,0.216,49.0,24.5,12.0,6.0,0.675,0.18400000000000002,28.76,14.68,15.48,30.16,33.5,21.21,262.0,0.222,62.0,23.66,18.0,6.87,0.6599999999999999,0.1349999999999999,28.77,13.7,16.19,29.89,23.52,18.84,174.0,0.188,52.0,29.89,8.0,4.6,0.5690000000000001,0.15100000000000002,28.49,14.84,17.16,31.99,31.65,26.26,226.0,0.29,51.0,22.57,10.0,4.42,0.857,0.243,26.58,13.96,15.98,29.94,34.54,19.92
747192,2024-06-14,2024,666160,L,694297,R,field_out,False,False,153.0,0.189,39.0,25.49,10.0,6.54,0.501,0.07,27.46,15.47,11.73,27.2,36.13,18.75,259.0,0.293,93.0,35.91,7.0,2.7,0.8620000000000001,0.249,38.62,24.01,9.43,33.44,46.84,30.07,177.0,0.301,32.0,18.08,10.0,5.65,0.815,0.17099999999999999,19.93,9.32,18.01,27.33,27.12,17.39,196.0,0.273,43.0,21.94,16.0,8.16,0.867,0.261,23.08,10.53,17.04,27.57,23.51,19.2
747192,2024-06-14,2024,666176,R,694297,R,field_out,False,False,149.0,0.173,51.0,34.23,9.0,6.04,0.5740000000000001,0.15800000000000003,30.69,15.02,14.54,29.56,29.58,23.29,43.0,0.205,18.0,41.86,4.0,9.3,0.7150000000000001,0.231,40.66,20.67,14.53,35.2,30.34,25.35,174.0,0.188,52.0,29.89,8.0,4.6,0.5690000000000001,0.15100000000000002,28.49,14.84,17.16,31.99,31.65,26.26,226.0,0.29,51.0,22.57,10.0,4.42,0.857,0.243,26.58,13.96,15.98,29.94,34.54,19.92
747192,2024-06-14,2024,553993,R,656288,R,field_out,False,False,193.0,0.19,52.0,26.94,10.0,5.18,0.5760000000000001,0.132,30.46,14.73,15.25,29.99,27.6,22.51,537.0,0.227,161.0,29.98,48.0,8.94,0.706,0.167,32.3,14.54,16.91,31.45,23.96,22.87,147.0,0.218,22.0,14.97,9.0,6.12,0.6319999999999999,0.12799999999999997,20.93,10.33,15.68,26.0,27.24,15.71,277.0,0.271,78.0,28.16,16.0,5.78,0.8260000000000001,0.237,28.77,14.19,17.3,31.49,29.39,19.31
747192,2024-06-14,2024,672515,R,656288,R,field_out,False,False,125.0,0.241,21.0,16.8,16.0,12.8,0.714,0.129,18.06,7.21,21.63,28.84,19.69,13.91,264.0,0.253,43.0,16.29,24.0,9.09,0.6779999999999999,0.0989999999999999,19.31,7.98,21.75,29.72,25.58,15.58,147.0,0.218,22.0,14.97,9.0,6.12,0.6319999999999999,0.12799999999999997,20.93,10.33,15.68,26.0,27.24,15.71,277.0,0.271,78.0,28.16,16.0,5.78,0.8260000000000001,0.237,28.77,14.19,17.3,31.49,29.39,19.31
747192,2024-06-14,2024,621028,R,656288,R,double,False,False,108.0,0.27,18.0,16.67,6.0,5.56,0.671,0.08999999999999997,20.47,9.46,20.54,30.0,24.16,20.0,143.0,0.234,18.0,12.59,7.0,4.9,0.571,0.0549999999999999,15.29,7.27,19.84,27.11,26.2,13.04,147.0,0.218,22.0,14.97,9.0,6.12,0.6319999999999999,0.12799999999999997,20.93,10.33,15.68,26.0,27.24,15.71,277.0,0.271,78.0,28.16,16.0,5.78,0.8260000000000001,0.237,28.77,14.19,17.3,31.49,29.39,19.31
747192,2024-06-14,2024,682998,L,656288,R,field_out,False,False,196.0,0.212,34.0,17.35,24.0,12.24,0.623,0.1,20.92,9.15,16.55,25.71,25.44,18.68,472.0,0.286,105.0,22.25,46.0,9.75,0.921,0.266,22.34,10.24,16.27,26.51,28.83,21.92,181.0,0.287,28.0,15.47,18.0,9.94,0.887,0.24200000000000005,23.08,10.89,14.66,25.56,30.87,15.64,259.0,0.217,61.0,23.55,20.0,7.72,0.6319999999999999,0.1279999999999999,29.4,13.84,16.18,30.02,28.54,20.4
747192,2024-06-14,2024,683021,R,694297,R,walk,False,True,13.0,0.1,1.0,7.69,1.0,7.69,0.35,0.0,0.0,0.0,27.27,27.27,14.29,5.88,52.0,0.348,7.0,13.46,5.0,9.62,0.836,0.065,6.58,2.6,20.83,23.44,14.58,14.89,174.0,0.188,52.0,29.89,8.0,4.6,0.5690000000000001,0.15100000000000002,28.49,14.84,17.16,31.99,31.65,26.26,226.0,0.29,51.0,22.57,10.0,4.42,0.857,0.243,26.58,13.96,15.98,29.94,34.54,19.92
747192,2024-06-14,2024,694384,L,694297,R,grounded_into_double_play,False,False,194.0,0.223,36.0,18.56,13.0,6.7,0.622,0.11400000000000002,15.89,6.78,22.07,28.86,24.93,15.49,104.0,0.291,15.0,14.42,14.0,13.46,0.7569999999999999,0.0579999999999999,18.78,8.02,17.92,25.94,20.47,11.45,177.0,0.301,32.0,18.08,10.0,5.65,0.815,0.17099999999999999,19.93,9.32,18.01,27.33,27.12,17.39,196.0,0.273,43.0,21.94,16.0,8.16,0.867,0.261,23.08,10.53,17.04,27.57,23.51,19.2
747192,2024-06-14,2024,650859,L,694297,R,single,False,False,161.0,0.29,22.0,13.66,10.0,6.21,0.737,0.10300000000000004,20.26,10.73,12.46,23.18,32.59,12.79,322.0,0.24,60.0,18.63,31.0,9.63,0.7270000000000001,0.166,24.18,11.79,13.87,25.66,28.19,14.39,177.0,0.301,32.0,18.08,10.0,5.65,0.815,0.17099999999999999,19.93,9.32,18.01,27.33,27.12,17.39,196.0,0.273,43.0,21.94,16.0,8.16,0.867,0.261,23.08,10.53,17.04,27.57,23.51,19.2
747192,2024-06-14,2024,621493,R,694297,R,field_out,False,False,220.0,0.219,51.0,23.18,24.0,10.91,0.718,0.19799999999999998,22.89,9.85,18.99,28.84,18.99,20.75,295.0,0.233,61.0,20.68,27.0,9.15,0.702,0.148,23.43,10.4,15.98,26.37,23.09,17.78,174.0,0.188,52.0,29.89,8.0,4.6,0.5690000000000001,0.15100000000000002,28.49,14.84,17.16,31.99,31.65,26.26,226.0,0.29,51.0,22.57,10.0,4.42,0.857,0.243,26.58,13.96,15.98,29.94,34.54,19.92
747192,2024-06-14,2024,606466,L,656288,R,strikeout,True,False,191.0,0.246,44.0,23.04,18.0,9.42,0.679,0.119,24.57,11.66,14.27,25.93,25.47,20.38,452.0,0.259,85.0,18.81,54.0,11.95,0.827,0.2199999999999999,20.87,9.03,16.76,25.8,21.17,17.28,181.0,0.287,28.0,15.47,18.0,9.94,0.887,0.24200000000000005,23.08,10.89,14.66,25.56,30.87,15.64,259.0,0.217,61.0,23.55,20.0,7.72,0.6319999999999999,0.1279999999999999,29.4,13.84,16.18,30.02,28.54,20.4
747192,2024-06-14,2024,592626,L,656288,R,field_out,False,False,183.0,0.286,46.0,25.14,20.0,10.93,0.865,0.201,25.14,11.56,17.35,28.91,29.8,20.91,373.0,0.241,74.0,19.84,49.0,13.14,0.786,0.194,24.13,10.89,15.07,25.96,29.36,16.09,181.0,0.287,28.0,15.47,18.0,9.94,0.887,0.24200000000000005,23.08,10.89,14.66,25.56,30.87,15.64,259.0,0.217,61.0,23.55,20.0,7.72,0.6319999999999999,0.1279999999999999,29.4,13.84,16.18,30.02,28.54,20.4
747192,2024-06-14,2024,572233,R,656288,R,home_run,False,False,216.0,0.255,50.0,23.15,25.0,11.57,0.847,0.245,25.91,12.57,13.01,25.58,25.68,16.72,497.0,0.259,95.0,19.11,42.0,8.45,0.8009999999999999,0.2129999999999999,26.19,12.83,14.15,26.98,26.84,15.33,147.0,0.218,22.0,14.97,9.0,6.12,0.6319999999999999,0.12799999999999997,20.93,10.33,15.68,26.0,27.24,15.71,277.0,0.271,78.0,28.16,16.0,5.78,0.8260000000000001,0.237,28.77,14.19,17.3,31.49,29.39,19.31
747192,2024-06-14,2024,666971,R,656288,R,field_out,False,False,193.0,0.214,36.0,18.65,9.0,4.66,0.5940000000000001,0.12100000000000002,20.87,10.56,15.78,26.34,32.04,16.82,433.0,0.247,85.0,19.63,21.0,4.85,0.756,0.22,20.07,9.99,16.64,26.63,31.06,17.82,147.0,0.218,22.0,14.97,9.0,6.12,0.6319999999999999,0.12799999999999997,20.93,10.33,15.68,26.0,27.24,15.71,277.0,0.271,78.0,28.16,16.0,5.78,0.8260000000000001,0.237,28.77,14.19,17.3,31.49,29.39,19.31
747192,2024-06-14,2024,607680,R,694297,R,field_out,False,False,79.0,0.243,14.0,17.72,4.0,5.06,0.751,0.2,20.55,10.42,16.32,26.74,36.18,14.58,95.0,0.202,22.0,23.16,4.0,4.21,0.58,0.1459999999999999,23.46,13.0,15.17,28.17,39.61,20.95,174.0,0.188,52.0,29.89,8.0,4.6,0.5690000000000001,0.15100000000000002,28.49,14.84,17.16,31.99,31.65,26.26,226.0,0.29,51.0,22.57,10.0,4.42,0.857,0.243,26.58,13.96,15.98,29.94,34.54,19.92
747192,2024-06-14,2024,681351,R,694297,R,double,False,False,162.0,0.289,39.0,24.07,10.0,6.17,0.798,0.16700000000000004,32.9,16.48,15.67,32.15,34.14,18.54,154.0,0.22,38.0,24.68,9.0,5.84,0.757,0.262,32.06,17.0,13.8,30.81,36.07,19.69,174.0,0.188,52.0,29.89,8.0,4.6,0.5690000000000001,0.15100000000000002,28.49,14.84,17.16,31.99,31.65,26.26,226.0,0.29,51.0,22.57,10.0,4.42,0.857,0.243,26.58,13.96,15.98,29.94,34.54,19.92
747192,2024-06-14,2024,687263,R,694297,R,strikeout,True,False,200.0,0.216,49.0,24.5,12.0,6.0,0.675,0.18400000000000002,28.76,14.68,15.48,30.16,33.5,21.21,262.0,0.222,62.0,23.66,18.0,6.87,0.6599999999999999,0.1349999999999999,28.77,13.7,16.19,29.89,23.52,18.84,174.0,0.188,52.0,29.89,8.0,4.6,0.5690000000000001,0.15100000000000002,28.49,14.84,17.16,31.99,31.65,26.26,226.0,0.29,51.0,22.57,10.0,4.42,0.857,0.243,26.58,13.96,15.98,29.94,34.54,19.92
747192,2024-06-14,2024,666160,L,694297,R,single,False,False,153.0,0.189,39.0,25.49,10.0,6.54,0.501,0.07,27.46,15.47,11.73,27.2,36.13,18.75,259.0,0.293,93.0,35.91,7.0,2.7,0.8620000000000001,0.249,38.62,24.01,9.43,33.44,46.84,30.07,177.0,0.301,32.0,18.08,10.0,5.65,0.815,0.17099999999999999,19.93,9.32,18.01,27.33,27.12,17.39,196.0,0.273,43.0,21.94,16.0,8.16,0.867,0.261,23.08,10.53,17.04,27.57,23.51,19.2
747192,2024-06-14,2024,666176,R,694297,R,strikeout,True,False,149.0,0.173,51.0,34.23,9.0,6.04,0.5740000000000001,0.15800000000000003,30.69,15.02,14.54,29.56,29.58,23.29,43.0,0.205,18.0,41.86,4.0,9.3,0.7150000000000001,0.231,40.66,20.67,14.53,35.2,30.34,25.35,174.0,0.188,52.0,29.89,8.0,4.6,0.5690000000000001,0.15100000000000002,28.49,14.84,17.16,31.99,31.65,26.26,226.0,0.29,51.0,22.57,10.0,4.42,0.857,0.243,26.58,13.96,15.98,29.94,34.54,19.92
747192,2024-06-14,2024,664983,L,656288,R,field_out,False,False,139.0,0.235,26.0,18.71,13.0,9.35,0.698,0.135,21.34,9.92,16.34,26.26,26.87,17.11,230.0,0.255,51.0,22.17,17.0,7.39,0.643,0.072,22.4,11.76,13.9,25.65,32.76,19.39,181.0,0.287,28.0,15.47,18.0,9.94,0.887,0.24200000000000005,23.08,10.89,14.66,25.56,30.87,15.64,259.0,0.217,61.0,23.55,20.0,7.72,0.6319999999999999,0.1279999999999999,29.4,13.84,16.18,30.02,28.54,20.4
747192,2024-06-14,2024,553993,R,656288,R,hit_by_pitch,False,False,193.0,0.19,52.0,26.94,10.0,5.18,0.5760000000000001,0.132,30.46,14.73,15.25,29.99,27.6,22.51,537.0,0.227,161.0,29.98,48.0,8.94,0.706,0.167,32.3,14.54,16.91,31.45,23.96,22.87,147.0,0.218,22.0,14.97,9.0,6.12,0.6319999999999999,0.12799999999999997,20.93,10.33,15.68,26.0,27.24,15.71,277.0,0.271,78.0,28.16,16.0,5.78,0.8260000000000001,0.237,28.77,14.19,17.3,31.49,29.39,19.31
747192,2024-06-14,2024,672515,R,656288,R,field_out,False,False,125.0,0.241,21.0,16.8,16.0,12.8,0.714,0.129,18.06,7.21,21.63,28.84,19.69,13.91,264.0,0.253,43.0,16.29,24.0,9.09,0.6779999999999999,0.0989999999999999,19.31,7.98,21.75,29.72,25.58,15.58,147.0,0.218,22.0,14.97,9.0,6.12,0.6319999999999999,0.12799999999999997,20.93,10.33,15.68,26.0,27.24,15.71,277.0,0.271,78.0,28.16,16.0,5.78,0.8260000000000001,0.237,28.77,14.19,17.3,31.49,29.39,19.31
747192,2024-06-14,2024,621028,R,656288,R,force_out,False,False,108.0,0.27,18.0,16.67,6.0,5.56,0.671,0.08999999999999997,20.47,9.46,20.54,30.0,24.16,20.0,143.0,0.234,18.0,12.59,7.0,4.9,0.571,0.0549999999999999,15.29,7.27,19.84,27.11,26.2,13.04,147.0,0.218,22.0,14.97,9.0,6.12,0.6319999999999999,0.12799999999999997,20.93,10.33,15.68,26.0,27.24,15.71,277.0,0.271,78.0,28.16,16.0,5.78,0.8260000000000001,0.237,28.77,14.19,17.3,31.49,29.39,19.31
747192,2024-06-14,2024,683021,R,694297,R,field_out,False,False,13.0,0.1,1.0,7.69,1.0,7.69,0.35,0.0,0.0,0.0,27.27,27.27,14.29,5.88,52.0,0.348,7.0,13.46,5.0,9.62,0.836,0.065,6.58,2.6,20.83,23.44,14.58,14.89,174.0,0.188,52.0,29.89,8.0,4.6,0.5690000000000001,0.15100000000000002,28.49,14.84,17.16,31.99,31.65,26.26,226.0,0.29,51.0,22.57,10.0,4.42,0.857,0.243,26.58,13.96,15.98,29.94,34.54,19.92
747192,2024-06-14,2024,694384,L,694297,R,single,False,False,194.0,0.223,36.0,18.56,13.0,6.7,0.622,0.11400000000000002,15.89,6.78,22.07,28.86,24.93,15.49,104.0,0.291,15.0,14.42,14.0,13.46,0.7569999999999999,0.0579999999999999,18.78,8.02,17.92,25.94,20.47,11.45,177.0,0.301,32.0,18.08,10.0,5.65,0.815,0.17099999999999999,19.93,9.32,18.01,27.33,27.12,17.39,196.0,0.273,43.0,21.94,16.0,8.16,0.867,0.261,23.08,10.53,17.04,27.57,23.51,19.2
747192,2024-06-14,2024,650859,L,694297,R,field_out,False,False,161.0,0.29,22.0,13.66,10.0,6.21,0.737,0.10300000000000004,20.26,10.73,12.46,23.18,32.59,12.79,322.0,0.24,60.0,18.63,31.0,9.63,0.7270000000000001,0.166,24.18,11.79,13.87,25.66,28.19,14.39,177.0,0.301,32.0,18.08,10.0,5.65,0.815,0.17099999999999999,19.93,9.32,18.01,27.33,27.12,17.39,196.0,0.273,43.0,21.94,16.0,8.16,0.867,0.261,23.08,10.53,17.04,27.57,23.51,19.2
747192,2024-06-14,2024,621493,R,694297,R,strikeout,True,False,220.0,0.219,51.0,23.18,24.0,10.91,0.718,0.19799999999999998,22.89,9.85,18.99,28.84,18.99,20.75,295.0,0.233,61.0,20.68,27.0,9.15,0.702,0.148,23.43,10.4,15.98,26.37,23.09,17.78,174.0,0.188,52.0,29.89,8.0,4.6,0.5690000000000001,0.15100000000000002,28.49,14.84,17.16,31.99,31.65,26.26,226.0,0.29,51.0,22.57,10.0,4.42,0.857,0.243,26.58,13.96,15.98,29.94,34.54,19.92
747192,2024-06-14,2024,682998,L,656288,R,field_out,False,False,196.0,0.212,34.0,17.35,24.0,12.24,0.623,0.1,20.92,9.15,16.55,25.71,25.44,18.68,472.0,0.286,105.0,22.25,46.0,9.75,0.921,0.266,22.34,10.24,16.27,26.51,28.83,21.92,181.0,0.287,28.0,15.47,18.0,9.94,0.887,0.24200000000000005,23.08,10.89,14.66,25.56,30.87,15.64,259.0,0.217,61.0,23.55,20.0,7.72,0.6319999999999999,0.1279999999999999,29.4,13.84,16.18,30.02,28.54,20.4
747192,2024-06-14,2024,606466,L,656288,R,field_out,False,False,191.0,0.246,44.0,23.04,18.0,9.42,0.679,0.119,24.57,11.66,14.27,25.93,25.47,20.38,452.0,0.259,85.0,18.81,54.0,11.95,0.827,0.2199999999999999,20.87,9.03,16.76,25.8,21.17,17.28,181.0,0.287,28.0,15.47,18.0,9.94,0.887,0.24200000000000005,23.08,10.89,14.66,25.56,30.87,15.64,259.0,0.217,61.0,23.55,20.0,7.72,0.6319999999999999,0.1279999999999999,29.4,13.84,16.18,30.02,28.54,20.4
747192,2024-06-14,2024,592626,L,656288,R,strikeout,True,False,183.0,0.286,46.0,25.14,20.0,10.93,0.865,0.201,25.14,11.56,17.35,28.91,29.8,20.91,373.0,0.241,74.0,19.84,49.0,13.14,0.786,0.194,24.13,10.89,15.07,25.96,29.36,16.09,181.0,0.287,28.0,15.47,18.0,9.94,0.887,0.24200000000000005,23.08,10.89,14.66,25.56,30.87,15.64,259.0,0.217,61.0,23.55,20.0,7.72,0.6319999999999999,0.1279999999999999,29.4,13.84,16.18,30.02,28.54,20.4
747192,2024-06-14,2024,607680,R,694297,R,strikeout,True,False,79.0,0.243,14.0,17.72,4.0,5.06,0.751,0.2,20.55,10.42,16.32,26.74,36.18,14.58,95.0,0.202,22.0,23.16,4.0,4.21,0.58,0.1459999999999999,23.46,13.0,15.17,28.17,39.61,20.95,174.0,0.188,52.0,29.89,8.0,4.6,0.5690000000000001,0.15100000000000002,28.49,14.84,17.16,31.99,31.65,26.26,226.0,0.29,51.0,22.57,10.0,4.42,0.857,0.243,26.58,13.96,15.98,29.94,34.54,19.92
747192,2024-06-14,2024,681351,R,694297,R,strikeout,True,False,162.0,0.289,39.0,24.07,10.0,6.17,0.798,0.16700000000000004,32.9,16.48,15.67,32.15,34.14,18.54,154.0,0.22,38.0,24.68,9.0,5.84,0.757,0.262,32.06,17.0,13.8,30.81,36.07,19.69,174.0,0.188,52.0,29.89,8.0,4.6,0.5690000000000001,0.15100000000000002,28.49,14.84,17.16,31.99,31.65,26.26,226.0,0.29,51.0,22.57,10.0,4.42,0.857,0.243,26.58,13.96,15.98,29.94,34.54,19.92
747192,2024-06-14,2024,687263,R,694297,R,double,False,False,200.0,0.216,49.0,24.5,12.0,6.0,0.675,0.18400000000000002,28.76,14.68,15.48,30.16,33.5,21.21,262.0,0.222,62.0,23.66,18.0,6.87,0.6599999999999999,0.1349999999999999,28.77,13.7,16.19,29.89,23.52,18.84,174.0,0.188,52.0,29.89,8.0,4.6,0.5690000000000001,0.15100000000000002,28.49,14.84,17.16,31.99,31.65,26.26,226.0,0.29,51.0,22.57,10.0,4.42,0.857,0.243,26.58,13.96,15.98,29.94,34.54,19.92
747192,2024-06-14,2024,666160,L,694297,R,walk,False,True,153.0,0.189,39.0,25.49,10.0,6.54,0.501,0.07,27.46,15.47,11.73,27.2,36.13,18.75,259.0,0.293,93.0,35.91,7.0,2.7,0.8620000000000001,0.249,38.62,24.01,9.43,33.44,46.84,30.07,177.0,0.301,32.0,18.08,10.0,5.65,0.815,0.17099999999999999,19.93,9.32,18.01,27.33,27.12,17.39,196.0,0.273,43.0,21.94,16.0,8.16,0.867,0.261,23.08,10.53,17.04,27.57,23.51,19.2
747192,2024-06-14,2024,666176,R,694297,R,strikeout,True,False,149.0,0.173,51.0,34.23,9.0,6.04,0.5740000000000001,0.15800000000000003,30.69,15.02,14.54,29.56,29.58,23.29,43.0,0.205,18.0,41.86,4.0,9.3,0.7150000000000001,0.231,40.66,20.67,14.53,35.2,30.34,25.35,174.0,0.188,52.0,29.89,8.0,4.6,0.5690000000000001,0.15100000000000002,28.49,14.84,17.16,31.99,31.65,26.26,226.0,0.29,51.0,22.57,10.0,4.42,0.857,0.243,26.58,13.96,15.98,29.94,34.54,19.92
747192,2024-06-14,2024,572233,R,656288,R,strikeout,True,False,216.0,0.255,50.0,23.15,25.0,11.57,0.847,0.245,25.91,12.57,13.01,25.58,25.68,16.72,497.0,0.259,95.0,19.11,42.0,8.45,0.8009999999999999,0.2129999999999999,26.19,12.83,14.15,26.98,26.84,15.33,147.0,0.218,22.0,14.97,9.0,6.12,0.6319999999999999,0.12799999999999997,20.93,10.33,15.68,26.0,27.24,15.71,277.0,0.271,78.0,28.16,16.0,5.78,0.8260000000000001,0.237,28.77,14.19,17.3,31.49,29.39,19.31
747192,2024-06-14,2024,666971,R,656288,R,field_out,False,False,193.0,0.214,36.0,18.65,9.0,4.66,0.5940000000000001,0.12100000000000002,20.87,10.56,15.78,26.34,32.04,16.82,433.0,0.247,85.0,19.63,21.0,4.85,0.756,0.22,20.07,9.99,16.64,26.63,31.06,17.82,147.0,0.218,22.0,14.97,9.0,6.12,0.6319999999999999,0.12799999999999997,20.93,10.33,15.68,26.0,27.24,15.71,277.0,0.271,78.0,28.16,16.0,5.78,0.8260000000000001,0.237,28.77,14.19,17.3,31.49,29.39,19.31
747192,2024-06-14,2024,664983,L,656288,R,field_out,False,False,139.0,0.235,26.0,18.71,13.0,9.35,0.698,0.135,21.34,9.92,16.34,26.26,26.87,17.11,230.0,0.255,51.0,22.17,17.0,7.39,0.643,0.072,22.4,11.76,13.9,25.65,32.76,19.39,181.0,0.287,28.0,15.47,18.0,9.94,0.887,0.24200000000000005,23.08,10.89,14.66,25.56,30.87,15.64,259.0,0.217,61.0,23.55,20.0,7.72,0.6319999999999999,0.1279999999999999,29.4,13.84,16.18,30.02,28.54,20.4
747192,2024-06-14,2024,683021,R,656464,R,hit_by_pitch,False,False,13.0,0.1,1.0,7.69,1.0,7.69,0.35,0.0,0.0,0.0,27.27,27.27,14.29,5.88,52.0,0.348,7.0,13.46,5.0,9.62,0.836,0.065,6.58,2.6,20.83,23.44,14.58,14.89,53.0,0.286,6.0,11.32,2.0,3.77,0.7070000000000001,0.08100000000000002,18.95,9.09,15.15,24.24,26.6,11.76,151.0,0.185,41.0,27.15,13.0,8.61,0.5469999999999999,0.1039999999999999,30.77,14.13,15.57,29.7,28.31,21.24
747192,2024-06-14,2024,694384,L,656464,R,grounded_into_double_play,False,False,194.0,0.223,36.0,18.56,13.0,6.7,0.622,0.11400000000000002,15.89,6.78,22.07,28.86,24.93,15.49,104.0,0.291,15.0,14.42,14.0,13.46,0.7569999999999999,0.0579999999999999,18.78,8.02,17.92,25.94,20.47,11.45,64.0,0.25,15.0,23.44,3.0,4.69,0.698,0.16699999999999998,23.85,11.74,15.15,26.89,32.86,15.91,104.0,0.176,29.0,27.88,11.0,10.58,0.5549999999999999,0.1099999999999999,31.73,15.1,13.73,28.83,30.34,19.58
747192,2024-06-14,2024,650859,L,656464,R,field_out,False,False,161.0,0.29,22.0,13.66,10.0,6.21,0.737,0.10300000000000004,20.26,10.73,12.46,23.18,32.59,12.79,322.0,0.24,60.0,18.63,31.0,9.63,0.7270000000000001,0.166,24.18,11.79,13.87,25.66,28.19,14.39,64.0,0.25,15.0,23.44,3.0,4.69,0.698,0.16699999999999998,23.85,11.74,15.15,26.89,32.86,15.91,104.0,0.176,29.0,27.88,11.0,10.58,0.5549999999999999,0.1099999999999999,31.73,15.1,13.73,28.83,30.34,19.58
747192,2024-06-14,2024,553993,R,519326,R,walk,False,True,193.0,0.19,52.0,26.94,10.0,5.18,0.5760000000000001,0.132,30.46,14.73,15.25,29.99,27.6,22.51,537.0,0.227,161.0,29.98,48.0,8.94,0.706,0.167,32.3,14.54,16.91,31.45,23.96,22.87,80.0,0.24,16.0,20.0,4.0,5.0,0.728,0.2,24.34,12.17,14.47,26.64,29.32,17.78,,,,,,,,,,,,,,
747192,2024-06-14,2024,672515,R,519326,R,double,False,False,125.0,0.241,21.0,16.8,16.0,12.8,0.714,0.129,18.06,7.21,21.63,28.84,19.69,13.91,264.0,0.253,43.0,16.29,24.0,9.09,0.6779999999999999,0.0989999999999999,19.31,7.98,21.75,29.72,25.58,15.58,80.0,0.24,16.0,20.0,4.0,5.0,0.728,0.2,24.34,12.17,14.47,26.64,29.32,17.78,,,,,,,,,,,,,,
747192,2024-06-14,2024,621028,R,519326,R,single,False,False,108.0,0.27,18.0,16.67,6.0,5.56,0.671,0.08999999999999997,20.47,9.46,20.54,30.0,24.16,20.0,143.0,0.234,18.0,12.59,7.0,4.9,0.571,0.0549999999999999,15.29,7.27,19.84,27.11,26.2,13.04,80.0,0.24,16.0,20.0,4.0,5.0,0.728,0.2,24.34,12.17,14.47,26.64,29.32,17.78,,,,,,,,,,,,,,
747192,2024-06-14,2024,682998,L,472610,R,walk,False,True,196.0,0.212,34.0,17.35,24.0,12.24,0.623,0.1,20.92,9.15,16.55,25.71,25.44,18.68,472.0,0.286,105.0,22.25,46.0,9.75,0.921,0.266,22.34,10.24,16.27,26.51,28.83,21.92,55.0,0.267,14.0,25.45,7.0,12.73,0.849,0.2,25.29,10.14,22.58,32.72,23.21,22.95,108.0,0.309,22.0,20.37,12.0,11.11,0.734,0.0419999999999999,27.84,13.24,12.01,25.25,30.67,20.18
747192,2024-06-14,2024,606466,L,472610,R,walk,False,True,191.0,0.246,44.0,23.04,18.0,9.42,0.679,0.119,24.57,11.66,14.27,25.93,25.47,20.38,452.0,0.259,85.0,18.81,54.0,11.95,0.827,0.2199999999999999,20.87,9.03,16.76,25.8,21.17,17.28,55.0,0.267,14.0,25.45,7.0,12.73,0.849,0.2,25.29,10.14,22.58,32.72,23.21,22.95,108.0,0.309,22.0,20.37,12.0,11.11,0.734,0.0419999999999999,27.84,13.24,12.01,25.25,30.67,20.18
747192,2024-06-14,2024,592626,L,472610,R,home_run,False,False,183.0,0.286,46.0,25.14,20.0,10.93,0.865,0.201,25.14,11.56,17.35,28.91,29.8,20.91,373.0,0.241,74.0,19.84,49.0,13.14,0.786,0.194,24.13,10.89,15.07,25.96,29.36,16.09,55.0,0.267,14.0,25.45,7.0,12.73,0.849,0.2,25.29,10.14,22.58,32.72,23.21,22.95,108.0,0.309,22.0,20.37,12.0,11.11,0.734,0.0419999999999999,27.84,13.24,12.01,25.25,30.67,20.18
747192,2024-06-14,2024,572233,R,472610,R,field_out,False,False,216.0,0.255,50.0,23.15,25.0,11.57,0.847,0.245,25.91,12.57,13.01,25.58,25.68,16.72,497.0,0.259,95.0,19.11,42.0,8.45,0.8009999999999999,0.2129999999999999,26.19,12.83,14.15,26.98,26.84,15.33,67.0,0.238,15.0,22.39,3.0,4.48,0.601,0.07900000000000001,26.72,14.06,15.26,29.32,40.3,18.75,159.0,0.214,31.0,19.5,12.0,7.55,0.69,0.172,23.78,11.22,14.36,25.58,27.18,17.22
747192,2024-06-14,2024,666971,R,472610,R,strikeout,True,False,193.0,0.214,36.0,18.65,9.0,4.66,0.5940000000000001,0.12100000000000002,20.87,10.56,15.78,26.34,32.04,16.82,433.0,0.247,85.0,19.63,21.0,4.85,0.756,0.22,20.07,9.99,16.64,26.63,31.06,17.82,67.0,0.238,15.0,22.39,3.0,4.48,0.601,0.07900000000000001,26.72,14.06,15.26,29.32,40.3,18.75,159.0,0.214,31.0,19.5,12.0,7.55,0.69,0.172,23.78,11.22,14.36,25.58,27.18,17.22
747192,2024-06-14,2024,664983,L,472610,R,walk,False,True,139.0,0.235,26.0,18.71,13.0,9.35,0.698,0.135,21.34,9.92,16.34,26.26,26.87,17.11,230.0,0.255,51.0,22.17,17.0,7.39,0.643,0.072,22.4,11.76,13.9,25.65,32.76,19.39,55.0,0.267,14.0,25.45,7.0,12.73,0.849,0.2,25.29,10.14,22.58,32.72,23.21,22.95,108.0,0.309,22.0,20.37,12.0,11.11,0.734,0.0419999999999999,27.84,13.24,12.01,25.25,30.67,20.18
747192,2024-06-14,2024,553993,R,672710,R,field_out,False,False,193.0,0.19,52.0,26.94,10.0,5.18,0.5760000000000001,0.132,30.46,14.73,15.25,29.99,27.6,22.51,537.0,0.227,161.0,29.98,48.0,8.94,0.706,0.167,32.3,14.54,16.91,31.45,23.96,22.87,66.0,0.255,17.0,25.76,9.0,13.64,0.878,0.254,26.67,13.91,11.3,25.22,28.04,25.76,160.0,0.264,38.0,23.75,19.0,11.88,0.766,0.1499999999999999,31.71,14.33,18.27,32.6,29.6,19.69
747192,2024-06-14,2024,641432,L,657044,R,field_out,False,False,109.0,0.301,13.0,11.93,5.0,4.59,0.757,0.126,13.54,6.44,16.58,23.02,23.86,13.54,139.0,0.256,15.0,10.79,13.0,9.35,0.756,0.176,14.22,5.56,19.54,25.1,21.32,10.83,50.0,0.255,7.0,14.0,2.0,4.0,0.626,0.08500000000000002,15.73,8.28,18.34,26.63,35.29,16.28,48.0,0.209,7.0,14.58,1.0,2.08,0.579,0.093,15.85,7.43,18.29,25.71,25.64,16.28
747192,2024-06-14,2024,657061,L,657044,R,field_out,False,False,31.0,0.259,8.0,25.81,3.0,9.68,0.767,0.185,20.0,8.47,19.49,27.97,24.14,20.59,4.0,0.0,1.0,25.0,0.0,0.0,0.25,0.0,14.29,5.26,15.79,21.05,9.09,11.11,50.0,0.255,7.0,14.0,2.0,4.0,0.626,0.08500000000000002,15.73,8.28,18.34,26.63,35.29,16.28,48.0,0.209,7.0,14.58,1.0,2.08,0.579,0.093,15.85,7.43,18.29,25.71,25.64,16.28
747192,2024-06-14,2024,681351,R,657044,R,field_out,False,False,162.0,0.289,39.0,24.07,10.0,6.17,0.798,0.16700000000000004,32.9,16.48,15.67,32.15,34.14,18.54,154.0,0.22,38.0,24.68,9.0,5.84,0.757,0.262,32.06,17.0,13.8,30.81,36.07,19.69,58.0,0.228,14.0,24.14,1.0,1.72,0.5389999999999999,0.06999999999999998,22.81,11.98,18.43,30.41,39.13,18.42,73.0,0.169,14.0,19.18,7.0,9.59,0.5980000000000001,0.169,19.13,8.09,20.96,29.04,23.62,20.9
747192,2024-06-14,2024,672515,R,672710,R,walk,False,True,125.0,0.241,21.0,16.8,16.0,12.8,0.714,0.129,18.06,7.21,21.63,28.84,19.69,13.91,264.0,0.253,43.0,16.29,24.0,9.09,0.6779999999999999,0.0989999999999999,19.31,7.98,21.75,29.72,25.58,15.58,66.0,0.255,17.0,25.76,9.0,13.64,0.878,0.254,26.67,13.91,11.3,25.22,28.04,25.76,160.0,0.264,38.0,23.75,19.0,11.88,0.766,0.1499999999999999,31.71,14.33,18.27,32.6,29.6,19.69
747192,2024-06-14,2024,621028,R,672710,R,single,False,False,108.0,0.27,18.0,16.67,6.0,5.56,0.671,0.08999999999999997,20.47,9.46,20.54,30.0,24.16,20.0,143.0,0.234,18.0,12.59,7.0,4.9,0.571,0.0549999999999999,15.29,7.27,19.84,27.11,26.2,13.04,66.0,0.255,17.0,25.76,9.0,13.64,0.878,0.254,26.67,13.91,11.3,25.22,28.04,25.76,160.0,0.264,38.0,23.75,19.0,11.88,0.766,0.1499999999999999,31.71,14.33,18.27,32.6,29.6,19.69
747192,2024-06-14,2024,682998,L,672710,R,field_out,False,False,196.0,0.212,34.0,17.35,24.0,12.24,0.623,0.1,20.92,9.15,16.55,25.71,25.44,18.68,472.0,0.286,105.0,22.25,46.0,9.75,0.921,0.266,22.34,10.24,16.27,26.51,28.83,21.92,46.0,0.256,7.0,15.22,3.0,6.52,0.606,0.045999999999999985,18.67,8.09,16.76,24.86,22.89,16.67,142.0,0.302,17.0,11.97,13.0,9.15,0.893,0.222,20.48,9.98,15.26,25.24,29.01,11.68
747192,2024-06-14,2024,606466,L,672710,R,field_out,False,False,191.0,0.246,44.0,23.04,18.0,9.42,0.679,0.119,24.57,11.66,14.27,25.93,25.47,20.38,452.0,0.259,85.0,18.81,54.0,11.95,0.827,0.2199999999999999,20.87,9.03,16.76,25.8,21.17,17.28,46.0,0.256,7.0,15.22,3.0,6.52,0.606,0.045999999999999985,18.67,8.09,16.76,24.86,22.89,16.67,142.0,0.302,17.0,11.97,13.0,9.15,0.893,0.222,20.48,9.98,15.26,25.24,29.01,11.68
747192,2024-06-14,2024,592626,L,672710,R,single,False,False,183.0,0.286,46.0,25.14,20.0,10.93,0.865,0.201,25.14,11.56,17.35,28.91,29.8,20.91,373.0,0.241,74.0,19.84,49.0,13.14,0.786,0.194,24.13,10.89,15.07,25.96,29.36,16.09,46.0,0.256,7.0,15.22,3.0,6.52,0.606,0.045999999999999985,18.67,8.09,16.76,24.86,22.89,16.67,142.0,0.302,17.0,11.97,13.0,9.15,0.893,0.222,20.48,9.98,15.26,25.24,29.01,11.68
747192,2024-06-14,2024,572233,R,672710,R,strikeout,True,False,216.0,0.255,50.0,23.15,25.0,11.57,0.847,0.245,25.91,12.57,13.01,25.58,25.68,16.72,497.0,0.259,95.0,19.11,42.0,8.45,0.8009999999999999,0.2129999999999999,26.19,12.83,14.15,26.98,26.84,15.33,66.0,0.255,17.0,25.76,9.0,13.64,0.878,0.254,26.67,13.91,11.3,25.22,28.04,25.76,160.0,0.264,38.0,23.75,19.0,11.88,0.766,0.1499999999999999,31.71,14.33,18.27,32.6,29.6,19.69
747192,2024-06-14,2024,687263,R,623149,R,field_out,False,False,200.0,0.216,49.0,24.5,12.0,6.0,0.675,0.18400000000000002,28.76,14.68,15.48,30.16,33.5,21.21,262.0,0.222,62.0,23.66,18.0,6.87,0.6599999999999999,0.1349999999999999,28.77,13.7,16.19,29.89,23.52,18.84,23.0,0.095,6.0,26.09,0.0,0.0,0.412,0.143,25.0,15.46,13.4,28.87,21.88,16.22,129.0,0.214,41.0,31.78,9.0,6.98,0.6060000000000001,0.119,29.35,15.31,15.5,30.81,33.61,22.65
747192,2024-06-14,2024,666160,L,623149,R,walk,False,True,153.0,0.189,39.0,25.49,10.0,6.54,0.501,0.07,27.46,15.47,11.73,27.2,36.13,18.75,259.0,0.293,93.0,35.91,7.0,2.7,0.8620000000000001,0.249,38.62,24.01,9.43,33.44,46.84,30.07,18.0,0.067,5.0,27.78,3.0,16.67,0.28900000000000003,0.0,16.13,7.35,13.24,20.59,21.21,25.0,120.0,0.202,39.0,32.5,15.0,12.5,0.6779999999999999,0.173,29.17,13.65,18.13,31.77,23.77,22.29
747192,2024-06-14,2024,666176,R,623149,R,hit_by_pitch,False,False,149.0,0.173,51.0,34.23,9.0,6.04,0.5740000000000001,0.15800000000000003,30.69,15.02,14.54,29.56,29.58,23.29,43.0,0.205,18.0,41.86,4.0,9.3,0.7150000000000001,0.231,40.66,20.67,14.53,35.2,30.34,25.35,23.0,0.095,6.0,26.09,0.0,0.0,0.412,0.143,25.0,15.46,13.4,28.87,21.88,16.22,129.0,0.214,41.0,31.78,9.0,6.98,0.6060000000000001,0.119,29.35,15.31,15.5,30.81,33.61,22.65
747192,2024-06-14,2024,683021,R,623149,R,grounded_into_double_play,False,False,13.0,0.1,1.0,7.69,1.0,7.69,0.35,0.0,0.0,0.0,27.27,27.27,14.29,5.88,52.0,0.348,7.0,13.46,5.0,9.62,0.836,0.065,6.58,2.6,20.83,23.44,14.58,14.89,23.0,0.095,6.0,26.09,0.0,0.0,0.412,0.143,25.0,15.46,13.4,28.87,21.88,16.22,129.0,0.214,41.0,31.78,9.0,6.98,0.6060000000000001,0.119,29.35,15.31,15.5,30.81,33.61,22.65
745326,2024-06-15,2024,694384,L,675921,R,single,False,False,198.0,0.225,36.0,18.18,14.0,7.07,0.626,0.11200000000000002,16.11,6.86,21.99,28.85,25.13,15.15,104.0,0.291,15.0,14.42,14.0,13.46,0.7569999999999999,0.0579999999999999,18.78,8.02,17.92,25.94,20.47,11.45,33.0,0.167,6.0,18.18,2.0,6.06,0.445,0.066,20.31,9.77,18.8,28.57,28.99,10.42,4.0,0.333,1.0,25.0,1.0,25.0,0.833,0.0,66.67,26.67,20.0,46.67,37.5,33.33
745326,2024-06-15,2024,650859,L,675921,R,field_out,False,False,165.0,0.282,22.0,13.33,10.0,6.06,0.718,0.10100000000000003,20.06,10.62,12.31,22.93,32.61,12.57,322.0,0.24,60.0,18.63,31.0,9.63,0.7270000000000001,0.166,24.18,11.79,13.87,25.66,28.19,14.39,33.0,0.167,6.0,18.18,2.0,6.06,0.445,0.066,20.31,9.77,18.8,28.57,28.99,10.42,4.0,0.333,1.0,25.0,1.0,25.0,0.833,0.0,66.67,26.67,20.0,46.67,37.5,33.33
745326,2024-06-15,2024,621493,R,675921,R,strikeout,True,False,224.0,0.215,53.0,23.66,25.0,11.16,0.71,0.19499999999999998,23.18,9.87,19.52,29.39,18.59,20.97,295.0,0.233,61.0,20.68,27.0,9.15,0.702,0.148,23.43,10.4,15.98,26.37,23.09,17.78,38.0,0.438,4.0,10.53,5.0,13.16,1.202,0.24999999999999994,19.05,10.34,11.21,21.55,27.78,13.79,14.0,0.273,1.0,7.14,2.0,14.29,0.974,0.272,29.17,10.61,16.67,27.27,18.42,4.76
745326,2024-06-15,2024,607680,R,675921,R,field_out,False,False,83.0,0.247,14.0,16.87,5.0,6.02,0.769,0.20500000000000002,20.26,10.2,15.79,25.99,34.38,14.14,95.0,0.202,22.0,23.16,4.0,4.21,0.58,0.1459999999999999,23.46,13.0,15.17,28.17,39.61,20.95,38.0,0.438,4.0,10.53,5.0,13.16,1.202,0.24999999999999994,19.05,10.34,11.21,21.55,27.78,13.79,14.0,0.273,1.0,7.14,2.0,14.29,0.974,0.272,29.17,10.61,16.67,27.27,18.42,4.76
745326,2024-06-15,2024,596103,R,542881,L,strikeout,True,False,55.0,0.196,13.0,23.64,8.0,14.55,0.523,0.0,27.84,11.69,16.88,28.57,18.33,17.81,147.0,0.288,40.0,27.21,13.0,8.84,0.8,0.151,27.27,11.44,19.76,31.2,22.15,21.51,263.0,0.22,41.0,15.59,27.0,10.27,0.647,0.12699999999999997,25.42,12.4,15.81,28.2,31.3,17.15,491.0,0.266,93.0,18.94,44.0,8.96,0.783,0.181,28.26,14.37,13.47,27.84,30.37,16.52
745326,2024-06-15,2024,671218,R,542881,L,walk,False,True,40.0,0.393,8.0,20.0,10.0,25.0,1.479,0.536,26.88,12.69,10.15,22.84,20.79,10.96,46.0,0.186,16.0,34.78,3.0,6.52,0.588,0.1629999999999999,32.35,16.67,13.64,30.3,30.21,23.53,263.0,0.22,41.0,15.59,27.0,10.27,0.647,0.12699999999999997,25.42,12.4,15.81,28.2,31.3,17.15,491.0,0.266,93.0,18.94,44.0,8.96,0.783,0.181,28.26,14.37,13.47,27.84,30.37,16.52
745326,2024-06-15,2024,672275,R,542881,L,walk,False,True,32.0,0.241,9.0,28.12,2.0,6.25,0.591,0.069,24.07,10.32,19.84,30.16,14.55,28.12,113.0,0.298,30.0,26.55,8.0,7.08,0.829,0.183,25.26,10.67,21.33,32.0,21.36,22.39,263.0,0.22,41.0,15.59,27.0,10.27,0.647,0.12699999999999997,25.42,12.4,15.81,28.2,31.3,17.15,491.0,0.266,93.0,18.94,44.0,8.96,0.783,0.181,28.26,14.37,13.47,27.84,30.37,16.52
745326,2024-06-15,2024,656305,R,542881,L,field_out,False,False,74.0,0.333,12.0,16.22,8.0,10.81,0.981,0.24299999999999994,13.79,6.54,16.01,22.55,26.0,12.12,113.0,0.307,26.0,23.01,10.0,8.85,0.89,0.208,30.77,13.88,17.35,31.24,20.45,17.81,263.0,0.22,41.0,15.59,27.0,10.27,0.647,0.12699999999999997,25.42,12.4,15.81,28.2,31.3,17.15,491.0,0.266,93.0,18.94,44.0,8.96,0.783,0.181,28.26,14.37,13.47,27.84,30.37,16.52
745326,2024-06-15,2024,527038,R,542881,L,field_out,False,False,87.0,0.237,10.0,11.49,7.0,8.05,0.673,0.14500000000000002,11.92,5.29,19.41,24.71,26.67,10.1,182.0,0.303,28.0,15.38,14.0,7.69,0.886,0.224,17.07,7.55,21.16,28.71,29.47,12.17,263.0,0.22,41.0,15.59,27.0,10.27,0.647,0.12699999999999997,25.42,12.4,15.81,28.2,31.3,17.15,491.0,0.266,93.0,18.94,44.0,8.96,0.783,0.181,28.26,14.37,13.47,27.84,30.37,16.52
745326,2024-06-15,2024,681351,R,675921,R,single,False,False,166.0,0.296,39.0,23.49,11.0,6.63,0.819,0.17100000000000004,32.49,16.27,15.48,31.75,33.92,18.27,154.0,0.22,38.0,24.68,9.0,5.84,0.757,0.262,32.06,17.0,13.8,30.81,36.07,19.69,38.0,0.438,4.0,10.53,5.0,13.16,1.202,0.24999999999999994,19.05,10.34,11.21,21.55,27.78,13.79,14.0,0.273,1.0,7.14,2.0,14.29,0.974,0.272,29.17,10.61,16.67,27.27,18.42,4.76
745326,2024-06-15,2024,687263,R,675921,R,force_out,False,False,205.0,0.217,50.0,24.39,12.0,5.85,0.688,0.19599999999999998,28.5,14.55,15.45,30.0,33.58,21.46,262.0,0.222,62.0,23.66,18.0,6.87,0.6599999999999999,0.1349999999999999,28.77,13.7,16.19,29.89,23.52,18.84,38.0,0.438,4.0,10.53,5.0,13.16,1.202,0.24999999999999994,19.05,10.34,11.21,21.55,27.78,13.79,14.0,0.273,1.0,7.14,2.0,14.29,0.974,0.272,29.17,10.61,16.67,27.27,18.42,4.76
745326,2024-06-15,2024,666160,L,675921,R,double,False,False,157.0,0.204,39.0,24.84,10.0,6.37,0.554,0.095,27.12,15.34,11.82,27.16,36.31,18.48,259.0,0.293,93.0,35.91,7.0,2.7,0.8620000000000001,0.249,38.62,24.01,9.43,33.44,46.84,30.07,33.0,0.167,6.0,18.18,2.0,6.06,0.445,0.066,20.31,9.77,18.8,28.57,28.99,10.42,4.0,0.333,1.0,25.0,1.0,25.0,0.833,0.0,66.67,26.67,20.0,46.67,37.5,33.33
745326,2024-06-15,2024,666176,R,675921,R,field_out,False,False,153.0,0.176,51.0,33.33,9.0,5.88,0.5740000000000001,0.15500000000000003,30.29,14.83,14.67,29.51,30.06,23.29,43.0,0.205,18.0,41.86,4.0,9.3,0.7150000000000001,0.231,40.66,20.67,14.53,35.2,30.34,25.35,38.0,0.438,4.0,10.53,5.0,13.16,1.202,0.24999999999999994,19.05,10.34,11.21,21.55,27.78,13.79,14.0,0.273,1.0,7.14,2.0,14.29,0.974,0.272,29.17,10.61,16.67,27.27,18.42,4.76
745326,2024-06-15,2024,683021,R,675921,R,single,False,False,16.0,0.167,1.0,6.25,2.0,12.5,0.5,0.0,0.0,0.0,26.56,26.56,12.0,5.26,52.0,0.348,7.0,13.46,5.0,9.62,0.836,0.065,6.58,2.6,20.83,23.44,14.58,14.89,38.0,0.438,4.0,10.53,5.0,13.16,1.202,0.24999999999999994,19.05,10.34,11.21,21.55,27.78,13.79,14.0,0.273,1.0,7.14,2.0,14.29,0.974,0.272,29.17,10.61,16.67,27.27,18.42,4.76
745326,2024-06-15,2024,694384,L,675921,R,walk,False,True,198.0,0.225,36.0,18.18,14.0,7.07,0.626,0.11200000000000002,16.11,6.86,21.99,28.85,25.13,15.15,104.0,0.291,15.0,14.42,14.0,13.46,0.7569999999999999,0.0579999999999999,18.78,8.02,17.92,25.94,20.47,11.45,33.0,0.167,6.0,18.18,2.0,6.06,0.445,0.066,20.31,9.77,18.8,28.57,28.99,10.42,4.0,0.333,1.0,25.0,1.0,25.0,0.833,0.0,66.67,26.67,20.0,46.67,37.5,33.33
745326,2024-06-15,2024,650859,L,675921,R,field_out,False,False,165.0,0.282,22.0,13.33,10.0,6.06,0.718,0.10100000000000003,20.06,10.62,12.31,22.93,32.61,12.57,322.0,0.24,60.0,18.63,31.0,9.63,0.7270000000000001,0.166,24.18,11.79,13.87,25.66,28.19,14.39,33.0,0.167,6.0,18.18,2.0,6.06,0.445,0.066,20.31,9.77,18.8,28.57,28.99,10.42,4.0,0.333,1.0,25.0,1.0,25.0,0.833,0.0,66.67,26.67,20.0,46.67,37.5,33.33
745326,2024-06-15,2024,624585,R,542881,L,walk,False,True,68.0,0.254,16.0,23.53,7.0,10.29,0.8109999999999999,0.20400000000000001,29.92,13.97,13.97,27.94,29.87,20.0,135.0,0.277,30.0,22.22,20.0,14.81,1.081,0.4109999999999999,26.29,11.6,16.16,27.76,25.27,18.75,263.0,0.22,41.0,15.59,27.0,10.27,0.647,0.12699999999999997,25.42,12.4,15.81,28.2,31.3,17.15,491.0,0.266,93.0,18.94,44.0,8.96,0.783,0.181,28.26,14.37,13.47,27.84,30.37,16.52
745326,2024-06-15,2024,624424,L,542881,L,field_out,False,False,47.0,0.311,12.0,25.53,2.0,4.26,0.851,0.2,30.11,15.82,19.77,35.59,34.25,21.05,102.0,0.219,29.0,28.43,3.0,2.94,0.5980000000000001,0.114,29.28,13.52,20.15,33.67,28.95,22.83,94.0,0.173,17.0,18.09,11.0,11.7,0.694,0.23399999999999999,24.07,11.11,14.25,25.36,24.86,19.54,140.0,0.265,26.0,18.57,20.0,14.29,0.868,0.2219999999999999,26.0,11.84,15.3,27.14,26.32,15.85
745326,2024-06-15,2024,642731,R,542881,L,field_out,False,False,69.0,0.215,12.0,17.39,3.0,4.35,0.6,0.13899999999999998,19.83,10.62,17.7,28.32,36.61,20.69,150.0,0.257,36.0,24.0,7.0,4.67,0.643,0.079,21.99,10.73,18.17,28.89,37.46,20.57,263.0,0.22,41.0,15.59,27.0,10.27,0.647,0.12699999999999997,25.42,12.4,15.81,28.2,31.3,17.15,491.0,0.266,93.0,18.94,44.0,8.96,0.783,0.181,28.26,14.37,13.47,27.84,30.37,16.52
745326,2024-06-15,2024,605113,R,542881,L,single,False,False,45.0,0.341,7.0,15.56,3.0,6.67,0.7929999999999999,0.07399999999999995,19.77,10.62,14.37,25.0,29.41,19.44,122.0,0.155,28.0,22.95,6.0,4.92,0.404,0.0519999999999999,27.59,14.1,16.52,30.62,34.51,20.74,263.0,0.22,41.0,15.59,27.0,10.27,0.647,0.12699999999999997,25.42,12.4,15.81,28.2,31.3,17.15,491.0,0.266,93.0,18.94,44.0,8.96,0.783,0.181,28.26,14.37,13.47,27.84,30.37,16.52
745326,2024-06-15,2024,596103,R,542881,L,force_out,False,False,55.0,0.196,13.0,23.64,8.0,14.55,0.523,0.0,27.84,11.69,16.88,28.57,18.33,17.81,147.0,0.288,40.0,27.21,13.0,8.84,0.8,0.151,27.27,11.44,19.76,31.2,22.15,21.51,263.0,0.22,41.0,15.59,27.0,10.27,0.647,0.12699999999999997,25.42,12.4,15.81,28.2,31.3,17.15,491.0,0.266,93.0,18.94,44.0,8.96,0.783,0.181,28.26,14.37,13.47,27.84,30.37,16.52
745326,2024-06-15,2024,621493,R,675921,R,walk,False,True,224.0,0.215,53.0,23.66,25.0,11.16,0.71,0.19499999999999998,23.18,9.87,19.52,29.39,18.59,20.97,295.0,0.233,61.0,20.68,27.0,9.15,0.702,0.148,23.43,10.4,15.98,26.37,23.09,17.78,38.0,0.438,4.0,10.53,5.0,13.16,1.202,0.24999999999999994,19.05,10.34,11.21,21.55,27.78,13.79,14.0,0.273,1.0,7.14,2.0,14.29,0.974,0.272,29.17,10.61,16.67,27.27,18.42,4.76
745326,2024-06-15,2024,607680,R,675921,R,double,False,False,83.0,0.247,14.0,16.87,5.0,6.02,0.769,0.20500000000000002,20.26,10.2,15.79,25.99,34.38,14.14,95.0,0.202,22.0,23.16,4.0,4.21,0.58,0.1459999999999999,23.46,13.0,15.17,28.17,39.61,20.95,38.0,0.438,4.0,10.53,5.0,13.16,1.202,0.24999999999999994,19.05,10.34,11.21,21.55,27.78,13.79,14.0,0.273,1.0,7.14,2.0,14.29,0.974,0.272,29.17,10.61,16.67,27.27,18.42,4.76
745326,2024-06-15,2024,681351,R,675921,R,walk,False,True,166.0,0.296,39.0,23.49,11.0,6.63,0.819,0.17100000000000004,32.49,16.27,15.48,31.75,33.92,18.27,154.0,0.22,38.0,24.68,9.0,5.84,0.757,0.262,32.06,17.0,13.8,30.81,36.07,19.69,38.0,0.438,4.0,10.53,5.0,13.16,1.202,0.24999999999999994,19.05,10.34,11.21,21.55,27.78,13.79,14.0,0.273,1.0,7.14,2.0,14.29,0.974,0.272,29.17,10.61,16.67,27.27,18.42,4.76
745326,2024-06-15,2024,687263,R,675921,R,sac_bunt,False,False,205.0,0.217,50.0,24.39,12.0,5.85,0.688,0.19599999999999998,28.5,14.55,15.45,30.0,33.58,21.46,262.0,0.222,62.0,23.66,18.0,6.87,0.6599999999999999,0.1349999999999999,28.77,13.7,16.19,29.89,23.52,18.84,38.0,0.438,4.0,10.53,5.0,13.16,1.202,0.24999999999999994,19.05,10.34,11.21,21.55,27.78,13.79,14.0,0.273,1.0,7.14,2.0,14.29,0.974,0.272,29.17,10.61,16.67,27.27,18.42,4.76
745326,2024-06-15,2024,666160,L,675921,R,double,False,False,157.0,0.204,39.0,24.84,10.0,6.37,0.554,0.095,27.12,15.34,11.82,27.16,36.31,18.48,259.0,0.293,93.0,35.91,7.0,2.7,0.8620000000000001,0.249,38.62,24.01,9.43,33.44,46.84,30.07,33.0,0.167,6.0,18.18,2.0,6.06,0.445,0.066,20.31,9.77,18.8,28.57,28.99,10.42,4.0,0.333,1.0,25.0,1.0,25.0,0.833,0.0,66.67,26.67,20.0,46.67,37.5,33.33
745326,2024-06-15,2024,666176,R,675921,R,single,False,False,153.0,0.176,51.0,33.33,9.0,5.88,0.5740000000000001,0.15500000000000003,30.29,14.83,14.67,29.51,30.06,23.29,43.0,0.205,18.0,41.86,4.0,9.3,0.7150000000000001,0.231,40.66,20.67,14.53,35.2,30.34,25.35,38.0,0.438,4.0,10.53,5.0,13.16,1.202,0.24999999999999994,19.05,10.34,11.21,21.55,27.78,13.79,14.0,0.273,1.0,7.14,2.0,14.29,0.974,0.272,29.17,10.61,16.67,27.27,18.42,4.76
745326,2024-06-15,2024,683021,R,675921,R,walk,False,True,16.0,0.167,1.0,6.25,2.0,12.5,0.5,0.0,0.0,0.0,26.56,26.56,12.0,5.26,52.0,0.348,7.0,13.46,5.0,9.62,0.836,0.065,6.58,2.6,20.83,23.44,14.58,14.89,38.0,0.438,4.0,10.53,5.0,13.16,1.202,0.24999999999999994,19.05,10.34,11.21,21.55,27.78,13.79,14.0,0.273,1.0,7.14,2.0,14.29,0.974,0.272,29.17,10.61,16.67,27.27,18.42,4.76
745326,2024-06-15,2024,694384,L,678495,R,field_out,False,False,198.0,0.225,36.0,18.18,14.0,7.07,0.626,0.11200000000000002,16.11,6.86,21.99,28.85,25.13,15.15,104.0,0.291,15.0,14.42,14.0,13.46,0.7569999999999999,0.0579999999999999,18.78,8.02,17.92,25.94,20.47,11.45,39.0,0.27,12.0,30.77,2.0,5.13,0.794,0.21599999999999997,23.46,11.38,18.56,29.94,31.71,22.64,,,,,,,,,,,,,,
745326,2024-06-15,2024,650859,L,678495,R,field_out,False,False,165.0,0.282,22.0,13.33,10.0,6.06,0.718,0.10100000000000003,20.06,10.62,12.31,22.93,32.61,12.57,322.0,0.24,60.0,18.63,31.0,9.63,0.7270000000000001,0.166,24.18,11.79,13.87,25.66,28.19,14.39,39.0,0.27,12.0,30.77,2.0,5.13,0.794,0.21599999999999997,23.46,11.38,18.56,29.94,31.71,22.64,,,,,,,,,,,,,,
745326,2024-06-15,2024,671218,R,542881,L,strikeout,True,False,40.0,0.393,8.0,20.0,10.0,25.0,1.479,0.536,26.88,12.69,10.15,22.84,20.79,10.96,46.0,0.186,16.0,34.78,3.0,6.52,0.588,0.1629999999999999,32.35,16.67,13.64,30.3,30.21,23.53,263.0,0.22,41.0,15.59,27.0,10.27,0.647,0.12699999999999997,25.42,12.4,15.81,28.2,31.3,17.15,491.0,0.266,93.0,18.94,44.0,8.96,0.783,0.181,28.26,14.37,13.47,27.84,30.37,16.52
745326,2024-06-15,2024,672275,R,542881,L,strikeout,True,False,32.0,0.241,9.0,28.12,2.0,6.25,0.591,0.069,24.07,10.32,19.84,30.16,14.55,28.12,113.0,0.298,30.0,26.55,8.0,7.08,0.829,0.183,25.26,10.67,21.33,32.0,21.36,22.39,263.0,0.22,41.0,15.59,27.0,10.27,0.647,0.12699999999999997,25.42,12.4,15.81,28.2,31.3,17.15,491.0,0.266,93.0,18.94,44.0,8.96,0.783,0.181,28.26,14.37,13.47,27.84,30.37,16.52
745326,2024-06-15,2024,656305,R,542881,L,field_out,False,False,74.0,0.333,12.0,16.22,8.0,10.81,0.981,0.24299999999999994,13.79,6.54,16.01,22.55,26.0,12.12,113.0,0.307,26.0,23.01,10.0,8.85,0.89,0.208,30.77,13.88,17.35,31.24,20.45,17.81,263.0,0.22,41.0,15.59,27.0,10.27,0.647,0.12699999999999997,25.42,12.4,15.81,28.2,31.3,17.15,491.0,0.266,93.0,18.94,44.0,8.96,0.783,0.181,28.26,14.37,13.47,27.84,30.37,16.52
745326,2024-06-15,2024,621493,R,678495,R,strikeout,True,False,224.0,0.215,53.0,23.66,25.0,11.16,0.71,0.19499999999999998,23.18,9.87,19.52,29.39,18.59,20.97,295.0,0.233,61.0,20.68,27.0,9.15,0.702,0.148,23.43,10.4,15.98,26.37,23.09,17.78,61.0,0.208,14.0,22.95,6.0,9.84,0.641,0.15,26.79,13.57,14.93,28.51,29.63,24.56,,,,,,,,,,,,,,
745326,2024-06-15,2024,607680,R,678495,R,walk,False,True,83.0,0.247,14.0,16.87,5.0,6.02,0.769,0.20500000000000002,20.26,10.2,15.79,25.99,34.38,14.14,95.0,0.202,22.0,23.16,4.0,4.21,0.58,0.1459999999999999,23.46,13.0,15.17,28.17,39.61,20.95,61.0,0.208,14.0,22.95,6.0,9.84,0.641,0.15,26.79,13.57,14.93,28.51,29.63,24.56,,,,,,,,,,,,,,
745326,2024-06-15,2024,681351,R,678495,R,double,False,False,166.0,0.296,39.0,23.49,11.0,6.63,0.819,0.17100000000000004,32.49,16.27,15.48,31.75,33.92,18.27,154.0,0.22,38.0,24.68,9.0,5.84,0.757,0.262,32.06,17.0,13.8,30.81,36.07,19.69,61.0,0.208,14.0,22.95,6.0,9.84,0.641,0.15,26.79,13.57,14.93,28.51,29.63,24.56,,,,,,,,,,,,,,
745326,2024-06-15,2024,687263,R,678495,R,home_run,False,False,205.0,0.217,50.0,24.39,12.0,5.85,0.688,0.19599999999999998,28.5,14.55,15.45,30.0,33.58,21.46,262.0,0.222,62.0,23.66,18.0,6.87,0.6599999999999999,0.1349999999999999,28.77,13.7,16.19,29.89,23.52,18.84,61.0,0.208,14.0,22.95,6.0,9.84,0.641,0.15,26.79,13.57,14.93,28.51,29.63,24.56,,,,,,,,,,,,,,
745326,2024-06-15,2024,666160,L,678495,R,triple,False,False,157.0,0.204,39.0,24.84,10.0,6.37,0.554,0.095,27.12,15.34,11.82,27.16,36.31,18.48,259.0,0.293,93.0,35.91,7.0,2.7,0.8620000000000001,0.249,38.62,24.01,9.43,33.44,46.84,30.07,39.0,0.27,12.0,30.77,2.0,5.13,0.794,0.21599999999999997,23.46,11.38,18.56,29.94,31.71,22.64,,,,,,,,,,,,,,
745326,2024-06-15,2024,666176,R,678495,R,sac_fly,False,False,153.0,0.176,51.0,33.33,9.0,5.88,0.5740000000000001,0.15500000000000003,30.29,14.83,14.67,29.51,30.06,23.29,43.0,0.205,18.0,41.86,4.0,9.3,0.7150000000000001,0.231,40.66,20.67,14.53,35.2,30.34,25.35,61.0,0.208,14.0,22.95,6.0,9.84,0.641,0.15,26.79,13.57,14.93,28.51,29.63,24.56,,,,,,,,,,,,,,
745326,2024-06-15,2024,683021,R,678495,R,field_out,False,False,16.0,0.167,1.0,6.25,2.0,12.5,0.5,0.0,0.0,0.0,26.56,26.56,12.0,5.26,52.0,0.348,7.0,13.46,5.0,9.62,0.836,0.065,6.58,2.6,20.83,23.44,14.58,14.89,61.0,0.208,14.0,22.95,6.0,9.84,0.641,0.15,26.79,13.57,14.93,28.51,29.63,24.56,,,,,,,,,,,,,,
745326,2024-06-15,2024,527038,R,542881,L,single,False,False,87.0,0.237,10.0,11.49,7.0,8.05,0.673,0.14500000000000002,11.92,5.29,19.41,24.71,26.67,10.1,182.0,0.303,28.0,15.38,14.0,7.69,0.886,0.224,17.07,7.55,21.16,28.71,29.47,12.17,263.0,0.22,41.0,15.59,27.0,10.27,0.647,0.12699999999999997,25.42,12.4,15.81,28.2,31.3,17.15,491.0,0.266,93.0,18.94,44.0,8.96,0.783,0.181,28.26,14.37,13.47,27.84,30.37,16.52
745326,2024-06-15,2024,624585,R,542881,L,single,False,False,68.0,0.254,16.0,23.53,7.0,10.29,0.8109999999999999,0.20400000000000001,29.92,13.97,13.97,27.94,29.87,20.0,135.0,0.277,30.0,22.22,20.0,14.81,1.081,0.4109999999999999,26.29,11.6,16.16,27.76,25.27,18.75,263.0,0.22,41.0,15.59,27.0,10.27,0.647,0.12699999999999997,25.42,12.4,15.81,28.2,31.3,17.15,491.0,0.266,93.0,18.94,44.0,8.96,0.783,0.181,28.26,14.37,13.47,27.84,30.37,16.52
745326,2024-06-15,2024,624424,L,542881,L,walk,False,True,47.0,0.311,12.0,25.53,2.0,4.26,0.851,0.2,30.11,15.82,19.77,35.59,34.25,21.05,102.0,0.219,29.0,28.43,3.0,2.94,0.5980000000000001,0.114,29.28,13.52,20.15,33.67,28.95,22.83,94.0,0.173,17.0,18.09,11.0,11.7,0.694,0.23399999999999999,24.07,11.11,14.25,25.36,24.86,19.54,140.0,0.265,26.0,18.57,20.0,14.29,0.868,0.2219999999999999,26.0,11.84,15.3,27.14,26.32,15.85
745326,2024-06-15,2024,642731,R,542881,L,grounded_into_double_play,False,False,69.0,0.215,12.0,17.39,3.0,4.35,0.6,0.13899999999999998,19.83,10.62,17.7,28.32,36.61,20.69,150.0,0.257,36.0,24.0,7.0,4.67,0.643,0.079,21.99,10.73,18.17,28.89,37.46,20.57,263.0,0.22,41.0,15.59,27.0,10.27,0.647,0.12699999999999997,25.42,12.4,15.81,28.2,31.3,17.15,491.0,0.266,93.0,18.94,44.0,8.96,0.783,0.181,28.26,14.37,13.47,27.84,30.37,16.52
745326,2024-06-15,2024,605113,R,542881,L,strikeout,True,False,45.0,0.341,7.0,15.56,3.0,6.67,0.7929999999999999,0.07399999999999995,19.77,10.62,14.37,25.0,29.41,19.44,122.0,0.155,28.0,22.95,6.0,4.92,0.404,0.0519999999999999,27.59,14.1,16.52,30.62,34.51,20.74,263.0,0.22,41.0,15.59,27.0,10.27,0.647,0.12699999999999997,25.42,12.4,15.81,28.2,31.3,17.15,491.0,0.266,93.0,18.94,44.0,8.96,0.783,0.181,28.26,14.37,13.47,27.84,30.37,16.52
745326,2024-06-15,2024,694384,L,678495,R,field_out,False,False,198.0,0.225,36.0,18.18,14.0,7.07,0.626,0.11200000000000002,16.11,6.86,21.99,28.85,25.13,15.15,104.0,0.291,15.0,14.42,14.0,13.46,0.7569999999999999,0.0579999999999999,18.78,8.02,17.92,25.94,20.47,11.45,39.0,0.27,12.0,30.77,2.0,5.13,0.794,0.21599999999999997,23.46,11.38,18.56,29.94,31.71,22.64,,,,,,,,,,,,,,
745326,2024-06-15,2024,650859,L,678495,R,field_out,False,False,165.0,0.282,22.0,13.33,10.0,6.06,0.718,0.10100000000000003,20.06,10.62,12.31,22.93,32.61,12.57,322.0,0.24,60.0,18.63,31.0,9.63,0.7270000000000001,0.166,24.18,11.79,13.87,25.66,28.19,14.39,39.0,0.27,12.0,30.77,2.0,5.13,0.794,0.21599999999999997,23.46,11.38,18.56,29.94,31.71,22.64,,,,,,,,,,,,,,
745326,2024-06-15,2024,621493,R,678495,R,field_out,False,False,224.0,0.215,53.0,23.66,25.0,11.16,0.71,0.19499999999999998,23.18,9.87,19.52,29.39,18.59,20.97,295.0,0.233,61.0,20.68,27.0,9.15,0.702,0.148,23.43,10.4,15.98,26.37,23.09,17.78,61.0,0.208,14.0,22.95,6.0,9.84,0.641,0.15,26.79,13.57,14.93,28.51,29.63,24.56,,,,,,,,,,,,,,
745326,2024-06-15,2024,596103,R,542881,L,field_out,False,False,55.0,0.196,13.0,23.64,8.0,14.55,0.523,0.0,27.84,11.69,16.88,28.57,18.33,17.81,147.0,0.288,40.0,27.21,13.0,8.84,0.8,0.151,27.27,11.44,19.76,31.2,22.15,21.51,263.0,0.22,41.0,15.59,27.0,10.27,0.647,0.12699999999999997,25.42,12.4,15.81,28.2,31.3,17.15,491.0,0.266,93.0,18.94,44.0,8.96,0.783,0.181,28.26,14.37,13.47,27.84,30.37,16.52
745326,2024-06-15,2024,671218,R,542881,L,single,False,False,40.0,0.393,8.0,20.0,10.0,25.0,1.479,0.536,26.88,12.69,10.15,22.84,20.79,10.96,46.0,0.186,16.0,34.78,3.0,6.52,0.588,0.1629999999999999,32.35,16.67,13.64,30.3,30.21,23.53,263.0,0.22,41.0,15.59,27.0,10.27,0.647,0.12699999999999997,25.42,12.4,15.81,28.2,31.3,17.15,491.0,0.266,93.0,18.94,44.0,8.96,0.783,0.181,28.26,14.37,13.47,27.84,30.37,16.52
745326,2024-06-15,2024,672275,R,542881,L,field_out,False,False,32.0,0.241,9.0,28.12,2.0,6.25,0.591,0.069,24.07,10.32,19.84,30.16,14.55,28.12,113.0,0.298,30.0,26.55,8.0,7.08,0.829,0.183,25.26,10.67,21.33,32.0,21.36,22.39,263.0,0.22,41.0,15.59,27.0,10.27,0.647,0.12699999999999997,25.42,12.4,15.81,28.2,31.3,17.15,491.0,0.266,93.0,18.94,44.0,8.96,0.783,0.181,28.26,14.37,13.47,27.84,30.37,16.52
745326,2024-06-15,2024,656305,R,542881,L,field_out,False,False,74.0,0.333,12.0,16.22,8.0,10.81,0.981,0.24299999999999994,13.79,6.54,16.01,22.55,26.0,12.12,113.0,0.307,26.0,23.01,10.0,8.85,0.89,0.208,30.77,13.88,17.35,31.24,20.45,17.81,263.0,0.22,41.0,15.59,27.0,10.27,0.647,0.12699999999999997,25.42,12.4,15.81,28.2,31.3,17.15,491.0,0.266,93.0,18.94,44.0,8.96,0.783,0.181,28.26,14.37,13.47,27.84,30.37,16.52
745326,2024-06-15,2024,607680,R,592426,R,field_out,False,False,83.0,0.247,14.0,16.87,5.0,6.02,0.769,0.20500000000000002,20.26,10.2,15.79,25.99,34.38,14.14,95.0,0.202,22.0,23.16,4.0,4.21,0.58,0.1459999999999999,23.46,13.0,15.17,28.17,39.61,20.95,49.0,0.2,13.0,26.53,3.0,6.12,0.494,0.043999999999999984,27.62,14.72,13.2,27.92,36.63,17.81,98.0,0.182,31.0,31.63,9.0,9.18,0.5720000000000001,0.125,28.42,13.83,13.83,27.66,29.59,25.2
745326,2024-06-15,2024,681351,R,592426,R,field_out,False,False,166.0,0.296,39.0,23.49,11.0,6.63,0.819,0.17100000000000004,32.49,16.27,15.48,31.75,33.92,18.27,154.0,0.22,38.0,24.68,9.0,5.84,0.757,0.262,32.06,17.0,13.8,30.81,36.07,19.69,49.0,0.2,13.0,26.53,3.0,6.12,0.494,0.043999999999999984,27.62,14.72,13.2,27.92,36.63,17.81,98.0,0.182,31.0,31.63,9.0,9.18,0.5720000000000001,0.125,28.42,13.83,13.83,27.66,29.59,25.2
745326,2024-06-15,2024,687263,R,592426,R,field_out,False,False,205.0,0.217,50.0,24.39,12.0,5.85,0.688,0.19599999999999998,28.5,14.55,15.45,30.0,33.58,21.46,262.0,0.222,62.0,23.66,18.0,6.87,0.6599999999999999,0.1349999999999999,28.77,13.7,16.19,29.89,23.52,18.84,49.0,0.2,13.0,26.53,3.0,6.12,0.494,0.043999999999999984,27.62,14.72,13.2,27.92,36.63,17.81,98.0,0.182,31.0,31.63,9.0,9.18,0.5720000000000001,0.125,28.42,13.83,13.83,27.66,29.59,25.2
745326,2024-06-15,2024,527038,R,542881,L,walk,False,True,87.0,0.237,10.0,11.49,7.0,8.05,0.673,0.14500000000000002,11.92,5.29,19.41,24.71,26.67,10.1,182.0,0.303,28.0,15.38,14.0,7.69,0.886,0.224,17.07,7.55,21.16,28.71,29.47,12.17,263.0,0.22,41.0,15.59,27.0,10.27,0.647,0.12699999999999997,25.42,12.4,15.81,28.2,31.3,17.15,491.0,0.266,93.0,18.94,44.0,8.96,0.783,0.181,28.26,14.37,13.47,27.84,30.37,16.52
745326,2024-06-15,2024,624585,R,542881,L,strikeout,True,False,68.0,0.254,16.0,23.53,7.0,10.29,0.8109999999999999,0.20400000000000001,29.92,13.97,13.97,27.94,29.87,20.0,135.0,0.277,30.0,22.22,20.0,14.81,1.081,0.4109999999999999,26.29,11.6,16.16,27.76,25.27,18.75,263.0,0.22,41.0,15.59,27.0,10.27,0.647,0.12699999999999997,25.42,12.4,15.81,28.2,31.3,17.15,491.0,0.266,93.0,18.94,44.0,8.96,0.783,0.181,28.26,14.37,13.47,27.84,30.37,16.52
745326,2024-06-15,2024,624424,L,542881,L,single,False,False,47.0,0.311,12.0,25.53,2.0,4.26,0.851,0.2,30.11,15.82,19.77,35.59,34.25,21.05,102.0,0.219,29.0,28.43,3.0,2.94,0.5980000000000001,0.114,29.28,13.52,20.15,33.67,28.95,22.83,94.0,0.173,17.0,18.09,11.0,11.7,0.694,0.23399999999999999,24.07,11.11,14.25,25.36,24.86,19.54,140.0,0.265,26.0,18.57,20.0,14.29,0.868,0.2219999999999999,26.0,11.84,15.3,27.14,26.32,15.85
745326,2024-06-15,2024,642731,R,690829,R,field_out,False,False,199.0,0.242,40.0,20.1,5.0,2.51,0.666,0.15300000000000002,19.83,9.83,19.8,29.63,36.42,19.9,380.0,0.276,84.0,22.11,15.0,3.95,0.767,0.172,21.44,11.24,17.01,28.25,38.17,20.1,14.0,0.417,1.0,7.14,2.0,14.29,0.917,0.0,24.14,11.11,15.87,26.98,25.0,5.26,29.0,0.333,7.0,24.14,3.0,10.34,0.914,0.1669999999999999,25.0,12.1,19.35,31.45,33.33,17.07
745326,2024-06-15,2024,605113,R,690829,R,field_out,False,False,78.0,0.192,17.0,21.79,2.0,2.56,0.457,0.04100000000000001,25.61,13.82,17.76,31.58,37.12,16.35,88.0,0.293,24.0,27.27,6.0,6.82,0.78,0.146,25.79,12.65,20.37,33.02,32.05,24.0,14.0,0.417,1.0,7.14,2.0,14.29,0.917,0.0,24.14,11.11,15.87,26.98,25.0,5.26,29.0,0.333,7.0,24.14,3.0,10.34,0.914,0.1669999999999999,25.0,12.1,19.35,31.45,33.33,17.07
745326,2024-06-15,2024,666160,L,573124,L,field_out,False,False,9.0,0.0,4.0,44.44,0.0,0.0,0.0,0.0,30.0,16.67,19.44,36.11,52.38,26.67,65.0,0.222,21.0,32.31,2.0,3.08,0.548,0.0799999999999999,40.0,23.18,12.45,35.62,46.28,37.5,50.0,0.302,14.0,28.0,6.0,12.0,0.819,0.11699999999999999,31.08,11.79,21.54,33.33,24.51,31.82,103.0,0.101,39.0,37.86,11.0,10.68,0.3299999999999999,0.0229999999999999,32.18,13.05,23.78,36.83,25.84,25.83
745326,2024-06-15,2024,666176,R,573124,L,field_out,False,False,52.0,0.25,11.0,21.15,4.0,7.69,1.016,0.45799999999999996,36.75,18.94,9.25,28.19,29.92,14.86,19.0,0.211,7.0,36.84,0.0,0.0,0.6849999999999999,0.263,34.09,18.29,13.41,31.71,34.21,21.88,64.0,0.167,18.0,28.12,3.0,4.69,0.569,0.18299999999999997,29.57,12.88,21.97,34.85,23.2,20.45,113.0,0.312,25.0,22.12,14.0,12.39,0.98,0.2609999999999999,21.26,8.83,21.48,30.31,29.61,23.15
745326,2024-06-15,2024,683021,R,573124,L,single,False,False,4.0,0.75,0.0,0.0,0.0,0.0,1.5,0.0,12.5,5.26,10.53,15.79,0.0,0.0,19.0,0.125,1.0,5.26,3.0,15.79,0.451,0.063,8.33,3.28,21.31,24.59,16.13,7.14,64.0,0.167,18.0,28.12,3.0,4.69,0.569,0.18299999999999997,29.57,12.88,21.97,34.85,23.2,20.45,113.0,0.312,25.0,22.12,14.0,12.39,0.98,0.2609999999999999,21.26,8.83,21.48,30.31,29.61,23.15
745326,2024-06-15,2024,694384,L,573124,L,walk,False,True,51.0,0.195,8.0,15.69,6.0,11.76,0.641,0.14600000000000002,11.76,4.37,21.31,25.68,14.61,17.39,29.0,0.217,4.0,13.79,6.0,20.69,0.64,0.044,12.5,4.55,21.82,26.36,21.05,15.38,50.0,0.302,14.0,28.0,6.0,12.0,0.819,0.11699999999999999,31.08,11.79,21.54,33.33,24.51,31.82,103.0,0.101,39.0,37.86,11.0,10.68,0.3299999999999999,0.0229999999999999,32.18,13.05,23.78,36.83,25.84,25.83
745326,2024-06-15,2024,650859,R,573124,L,field_out,False,False,46.0,0.409,7.0,15.22,2.0,4.35,1.026,0.182,25.0,15.48,7.74,23.23,48.19,14.0,124.0,0.324,22.0,17.74,10.0,8.06,0.928,0.217,25.43,13.56,9.89,23.45,30.28,18.64,64.0,0.167,18.0,28.12,3.0,4.69,0.569,0.18299999999999997,29.57,12.88,21.97,34.85,23.2,20.45,113.0,0.312,25.0,22.12,14.0,12.39,0.98,0.2609999999999999,21.26,8.83,21.48,30.31,29.61,23.15
745326,2024-06-15,2024,596103,R,690829,R,strikeout,True,False,12.0,0.2,5.0,41.67,1.0,8.33,0.533,0.0,40.0,13.95,27.91,41.86,16.67,35.71,60.0,0.226,18.0,30.0,7.0,11.67,0.619,0.0759999999999999,36.36,15.52,18.1,33.62,22.5,28.12,14.0,0.417,1.0,7.14,2.0,14.29,0.917,0.0,24.14,11.11,15.87,26.98,25.0,5.26,29.0,0.333,7.0,24.14,3.0,10.34,0.914,0.1669999999999999,25.0,12.1,19.35,31.45,33.33,17.07
745326,2024-06-15,2024,671218,R,690829,R,walk,False,True,100.0,0.29,33.0,33.0,7.0,7.0,0.749,0.119,35.52,16.37,16.12,32.49,27.83,28.21,14.0,0.154,4.0,28.57,1.0,7.14,0.368,0.0,30.43,14.58,18.75,33.33,26.09,50.0,14.0,0.417,1.0,7.14,2.0,14.29,0.917,0.0,24.14,11.11,15.87,26.98,25.0,5.26,29.0,0.333,7.0,24.14,3.0,10.34,0.914,0.1669999999999999,25.0,12.1,19.35,31.45,33.33,17.07
745326,2024-06-15,2024,672275,L,690829,R,field_out,False,False,136.0,0.287,24.0,17.65,17.0,12.5,0.813,0.15600000000000003,20.69,9.64,13.93,23.57,25.52,16.0,240.0,0.203,70.0,29.17,13.0,5.42,0.5569999999999999,0.0989999999999999,26.61,12.88,17.55,30.43,28.93,23.81,8.0,0.429,1.0,12.5,1.0,12.5,1.071,0.14199999999999996,35.71,21.74,13.04,34.78,25.0,25.0,19.0,0.077,3.0,15.79,6.0,31.58,0.445,0.0,24.0,7.69,15.38,23.08,11.9,18.75
745326,2024-06-15,2024,656305,R,690829,R,walk,False,True,213.0,0.198,54.0,25.35,18.0,8.45,0.6100000000000001,0.135,26.91,12.46,19.09,31.54,27.25,19.64,471.0,0.223,139.0,29.51,52.0,11.04,0.722,0.179,31.15,13.33,17.79,31.11,18.61,21.72,14.0,0.417,1.0,7.14,2.0,14.29,0.917,0.0,24.14,11.11,15.87,26.98,25.0,5.26,29.0,0.333,7.0,24.14,3.0,10.34,0.914,0.1669999999999999,25.0,12.1,19.35,31.45,33.33,17.07
745326,2024-06-15,2024,527038,R,690829,R,field_out,False,False,113.0,0.204,16.0,14.16,11.0,9.73,0.588,0.092,15.54,6.45,24.09,30.54,28.22,11.27,273.0,0.271,35.0,12.82,27.0,9.89,0.849,0.2249999999999999,14.98,6.76,19.32,26.08,27.75,9.09,14.0,0.417,1.0,7.14,2.0,14.29,0.917,0.0,24.14,11.11,15.87,26.98,25.0,5.26,29.0,0.333,7.0,24.14,3.0,10.34,0.914,0.1669999999999999,25.0,12.1,19.35,31.45,33.33,17.07
745326,2024-06-15,2024,621493,R,669062,L,field_out,False,False,60.0,0.358,13.0,21.67,6.0,10.0,0.964,0.18900000000000006,26.04,10.33,22.31,32.64,21.37,21.67,116.0,0.303,19.0,16.38,12.0,10.34,0.896,0.222,15.0,6.62,15.67,22.3,23.32,14.73,79.0,0.225,19.0,24.05,7.0,8.86,0.756,0.24000000000000002,29.76,14.2,14.77,28.98,25.29,15.32,,,,,,,,,,,,,,
745326,2024-06-15,2024,607680,R,669062,L,field_out,False,False,55.0,0.412,8.0,14.55,3.0,5.45,1.2,0.333,23.08,11.11,13.89,25.0,33.05,14.55,111.0,0.25,28.0,25.23,2.0,1.8,0.733,0.2219999999999999,28.46,16.17,12.7,28.87,40.87,21.05,79.0,0.225,19.0,24.05,7.0,8.86,0.756,0.24000000000000002,29.76,14.2,14.77,28.98,25.29,15.32,,,,,,,,,,,,,,
745326,2024-06-15,2024,681351,R,669062,L,field_out,False,False,55.0,0.231,15.0,27.27,3.0,5.45,0.7150000000000001,0.211,25.45,12.56,16.14,28.7,28.83,19.74,46.0,0.293,10.0,21.74,5.0,10.87,0.931,0.268,32.47,14.79,15.38,30.18,27.27,22.73,79.0,0.225,19.0,24.05,7.0,8.86,0.756,0.24000000000000002,29.76,14.2,14.77,28.98,25.29,15.32,,,,,,,,,,,,,,
745326,2024-06-15,2024,624585,R,643256,R,hit_by_pitch,False,False,166.0,0.204,36.0,21.69,16.0,9.64,0.61,0.12300000000000003,28.04,13.26,15.02,28.27,27.79,21.05,446.0,0.242,111.0,24.89,46.0,10.31,0.788,0.22,27.97,12.22,16.15,28.37,25.71,21.19,67.0,0.222,10.0,14.93,7.0,10.45,0.6439999999999999,0.07399999999999998,16.19,6.97,19.26,26.23,28.57,14.08,59.0,0.268,5.0,8.47,0.0,0.0,0.734,0.178,9.38,4.43,22.66,27.09,35.16,9.26
745326,2024-06-15,2024,624424,L,643256,R,field_out,False,False,145.0,0.218,33.0,22.76,12.0,8.28,0.681,0.18000000000000002,24.72,11.63,16.32,27.95,28.38,19.53,368.0,0.245,77.0,20.92,50.0,13.59,0.753,0.155,23.68,10.56,15.02,25.57,23.23,16.81,40.0,0.258,9.0,22.5,7.0,17.5,0.748,0.065,16.67,6.67,16.11,22.78,12.36,18.0,37.0,0.37,7.0,18.92,7.0,18.92,1.269,0.371,21.79,10.0,15.29,25.29,21.35,10.94
745326,2024-06-15,2024,642731,R,643256,R,single,False,False,199.0,0.242,40.0,20.1,5.0,2.51,0.666,0.15300000000000002,19.83,9.83,19.8,29.63,36.42,19.9,380.0,0.276,84.0,22.11,15.0,3.95,0.767,0.172,21.44,11.24,17.01,28.25,38.17,20.1,67.0,0.222,10.0,14.93,7.0,10.45,0.6439999999999999,0.07399999999999998,16.19,6.97,19.26,26.23,28.57,14.08,59.0,0.268,5.0,8.47,0.0,0.0,0.734,0.178,9.38,4.43,22.66,27.09,35.16,9.26
745326,2024-06-15,2024,605113,R,643256,R,single,False,False,78.0,0.192,17.0,21.79,2.0,2.56,0.457,0.04100000000000001,25.61,13.82,17.76,31.58,37.12,16.35,88.0,0.293,24.0,27.27,6.0,6.82,0.78,0.146,25.79,12.65,20.37,33.02,32.05,24.0,67.0,0.222,10.0,14.93,7.0,10.45,0.6439999999999999,0.07399999999999998,16.19,6.97,19.26,26.23,28.57,14.08,59.0,0.268,5.0,8.47,0.0,0.0,0.734,0.178,9.38,4.43,22.66,27.09,35.16,9.26
745326,2024-06-15,2024,573262,L,643256,R,double,False,False,171.0,0.219,48.0,28.07,14.0,8.19,0.703,0.19999999999999998,25.24,10.34,19.1,29.44,18.51,21.72,296.0,0.243,75.0,25.34,40.0,13.51,0.831,0.235,23.69,9.65,18.67,28.32,20.68,19.69,40.0,0.258,9.0,22.5,7.0,17.5,0.748,0.065,16.67,6.67,16.11,22.78,12.36,18.0,37.0,0.37,7.0,18.92,7.0,18.92,1.269,0.371,21.79,10.0,15.29,25.29,21.35,10.94
745326,2024-06-15,2024,671218,R,672710,R,home_run,False,False,100.0,0.29,33.0,33.0,7.0,7.0,0.749,0.119,35.52,16.37,16.12,32.49,27.83,28.21,14.0,0.154,4.0,28.57,1.0,7.14,0.368,0.0,30.43,14.58,18.75,33.33,26.09,50.0,68.0,0.263,17.0,25.0,9.0,13.24,0.934,0.29800000000000004,26.4,13.87,11.76,25.63,29.09,24.29,160.0,0.264,38.0,23.75,19.0,11.88,0.766,0.1499999999999999,31.71,14.33,18.27,32.6,29.6,19.69
745326,2024-06-15,2024,672275,L,672710,R,single,False,False,136.0,0.287,24.0,17.65,17.0,12.5,0.813,0.15600000000000003,20.69,9.64,13.93,23.57,25.52,16.0,240.0,0.203,70.0,29.17,13.0,5.42,0.5569999999999999,0.0989999999999999,26.61,12.88,17.55,30.43,28.93,23.81,47.0,0.273,7.0,14.89,3.0,6.38,0.637,0.044999999999999984,18.42,8.05,16.67,24.71,22.89,16.67,142.0,0.302,17.0,11.97,13.0,9.15,0.893,0.222,20.48,9.98,15.26,25.24,29.01,11.68
745326,2024-06-15,2024,656305,R,672710,R,grounded_into_double_play,False,False,213.0,0.198,54.0,25.35,18.0,8.45,0.6100000000000001,0.135,26.91,12.46,19.09,31.54,27.25,19.64,471.0,0.223,139.0,29.51,52.0,11.04,0.722,0.179,31.15,13.33,17.79,31.11,18.61,21.72,68.0,0.263,17.0,25.0,9.0,13.24,0.934,0.29800000000000004,26.4,13.87,11.76,25.63,29.09,24.29,160.0,0.264,38.0,23.75,19.0,11.88,0.766,0.1499999999999999,31.71,14.33,18.27,32.6,29.6,19.69
745326,2024-06-15,2024,687263,R,663546,R,strikeout,True,False,205.0,0.217,50.0,24.39,12.0,5.85,0.688,0.19599999999999998,28.5,14.55,15.45,30.0,33.58,21.46,262.0,0.222,62.0,23.66,18.0,6.87,0.6599999999999999,0.1349999999999999,28.77,13.7,16.19,29.89,23.52,18.84,66.0,0.219,18.0,27.27,1.0,1.52,0.523,0.06200000000000003,30.0,14.04,23.83,37.87,36.97,27.27,79.0,0.333,19.0,24.05,8.0,10.13,0.853,0.1019999999999999,21.37,8.56,22.6,31.16,26.67,26.03
745326,2024-06-15,2024,666160,L,663546,R,field_out,False,False,157.0,0.204,39.0,24.84,10.0,6.37,0.554,0.095,27.12,15.34,11.82,27.16,36.31,18.48,259.0,0.293,93.0,35.91,7.0,2.7,0.8620000000000001,0.249,38.62,24.01,9.43,33.44,46.84,30.07,50.0,0.156,9.0,18.0,3.0,6.0,0.646,0.266,10.59,4.79,21.28,26.06,24.71,16.07,60.0,0.294,12.0,20.0,5.0,8.33,0.863,0.196,23.21,11.4,16.67,28.07,21.78,17.65
745326,2024-06-15,2024,666176,R,663546,R,field_out,False,False,153.0,0.176,51.0,33.33,9.0,5.88,0.5740000000000001,0.15500000000000003,30.29,14.83,14.67,29.51,30.06,23.29,43.0,0.205,18.0,41.86,4.0,9.3,0.7150000000000001,0.231,40.66,20.67,14.53,35.2,30.34,25.35,66.0,0.219,18.0,27.27,1.0,1.52,0.523,0.06200000000000003,30.0,14.04,23.83,37.87,36.97,27.27,79.0,0.333,19.0,24.05,8.0,10.13,0.853,0.1019999999999999,21.37,8.56,22.6,31.16,26.67,26.03
745326,2024-06-15,2024,527038,R,608032,R,field_out,False,False,113.0,0.204,16.0,14.16,11.0,9.73,0.588,0.092,15.54,6.45,24.09,30.54,28.22,11.27,273.0,0.271,35.0,12.82,27.0,9.89,0.849,0.2249999999999999,14.98,6.76,19.32,26.08,27.75,9.09,40.0,0.231,9.0,22.5,0.0,0.0,0.687,0.231,25.61,13.82,19.08,32.89,30.65,18.37,149.0,0.242,47.0,31.54,12.0,8.05,0.665,0.099,29.14,14.99,16.01,31.01,31.39,23.27
745326,2024-06-15,2024,624585,R,608032,R,field_out,False,False,166.0,0.204,36.0,21.69,16.0,9.64,0.61,0.12300000000000003,28.04,13.26,15.02,28.27,27.79,21.05,446.0,0.242,111.0,24.89,46.0,10.31,0.788,0.22,27.97,12.22,16.15,28.37,25.71,21.19,40.0,0.231,9.0,22.5,0.0,0.0,0.687,0.231,25.61,13.82,19.08,32.89,30.65,18.37,149.0,0.242,47.0,31.54,12.0,8.05,0.665,0.099,29.14,14.99,16.01,31.01,31.39,23.27
745326,2024-06-15,2024,624424,L,608032,R,strikeout,True,False,145.0,0.218,33.0,22.76,12.0,8.28,0.681,0.18000000000000002,24.72,11.63,16.32,27.95,28.38,19.53,368.0,0.245,77.0,20.92,50.0,13.59,0.753,0.155,23.68,10.56,15.02,25.57,23.23,16.81,41.0,0.211,11.0,26.83,3.0,7.32,0.6100000000000001,0.13100000000000003,26.76,10.98,20.23,31.21,18.92,24.44,132.0,0.268,31.0,23.48,19.0,14.39,0.808,0.1609999999999999,25.8,13.01,12.66,25.67,22.18,16.85
746946,2024-06-15,2024,683011,R,681867,R,strikeout,True,False,249.0,0.272,54.0,21.69,17.0,6.83,0.755,0.15199999999999997,22.98,10.88,18.86,29.74,29.94,19.22,467.0,0.198,132.0,28.27,36.0,7.71,0.624,0.1579999999999999,28.15,13.53,17.49,31.02,29.16,23.4,95.0,0.273,19.0,20.0,5.0,5.26,0.8049999999999999,0.21599999999999997,18.92,8.14,21.86,30.0,31.74,11.88,90.0,0.274,21.0,23.33,3.0,3.33,0.74,0.1549999999999999,20.89,9.85,20.6,30.45,29.3,20.39
746946,2024-06-15,2024,665742,L,681867,R,walk,False,True,233.0,0.312,38.0,16.31,40.0,17.17,1.029,0.286,24.72,9.11,18.53,27.64,16.54,14.39,502.0,0.283,81.0,16.14,99.0,19.72,0.98,0.2730000000000001,18.45,6.31,19.31,25.62,15.09,14.14,106.0,0.237,24.0,22.64,6.0,5.66,0.653,0.124,19.7,8.76,17.98,26.74,29.22,18.75,61.0,0.333,6.0,9.84,8.0,13.11,1.051,0.2749999999999999,13.68,5.83,17.49,23.32,25.23,11.11
746946,2024-06-15,2024,592450,R,681867,R,force_out,False,False,248.0,0.311,62.0,25.0,37.0,14.92,1.1159999999999999,0.38799999999999996,30.99,13.44,14.68,28.12,18.8,19.81,384.0,0.266,109.0,28.39,77.0,20.05,1.011,0.3339999999999999,36.96,15.02,15.7,30.72,19.29,24.12,95.0,0.273,19.0,20.0,5.0,5.26,0.8049999999999999,0.21599999999999997,18.92,8.14,21.86,30.0,31.74,11.88,90.0,0.274,21.0,23.33,3.0,3.33,0.74,0.1549999999999999,20.89,9.85,20.6,30.45,29.3,20.39
746946,2024-06-15,2024,657077,L,681867,R,field_out,False,False,209.0,0.281,26.0,12.44,13.0,6.22,0.79,0.18799999999999994,12.84,5.88,20.03,25.91,26.53,11.06,441.0,0.279,66.0,14.97,30.0,6.8,0.793,0.185,15.08,6.28,20.52,26.8,22.64,14.93,106.0,0.237,24.0,22.64,6.0,5.66,0.653,0.124,19.7,8.76,17.98,26.74,29.22,18.75,61.0,0.333,6.0,9.84,8.0,13.11,1.051,0.2749999999999999,13.68,5.83,17.49,23.32,25.23,11.11
746946,2024-06-15,2024,680776,L,607074,L,double,False,False,95.0,0.22,24.0,25.26,9.0,9.47,0.5529999999999999,0.023999999999999994,26.51,11.25,20.72,31.97,28.79,20.51,49.0,0.289,15.0,30.61,3.0,6.12,0.749,0.133,24.44,10.73,20.0,30.73,27.27,25.86,49.0,0.196,13.0,26.53,3.0,6.12,0.571,0.13,25.0,10.93,19.67,30.6,24.21,23.21,50.0,0.195,14.0,28.0,6.0,12.0,0.759,0.244,32.32,16.58,11.92,28.5,23.4,25.93
746946,2024-06-15,2024,608701,R,607074,L,field_out,False,False,56.0,0.327,16.0,28.57,4.0,7.14,0.86,0.122,34.31,16.28,18.6,34.88,23.47,21.92,146.0,0.308,22.0,15.07,23.0,15.75,0.8280000000000001,0.092,21.59,8.39,20.38,28.77,17.59,13.66,277.0,0.22,61.0,22.02,17.0,6.14,0.6859999999999999,0.18000000000000002,26.42,13.53,13.36,26.89,29.83,16.27,236.0,0.274,50.0,21.19,22.0,9.32,0.855,0.236,25.1,13.5,11.48,24.97,31.87,17.24
746946,2024-06-15,2024,641933,R,607074,L,double,False,False,59.0,0.304,20.0,33.9,13.0,22.03,1.045,0.283,29.9,10.47,18.41,28.88,19.42,24.69,79.0,0.227,14.0,17.72,13.0,16.46,0.7929999999999999,0.212,23.91,10.58,16.03,26.6,24.28,14.14,277.0,0.22,61.0,22.02,17.0,6.14,0.6859999999999999,0.18000000000000002,26.42,13.53,13.36,26.89,29.83,16.27,236.0,0.274,50.0,21.19,22.0,9.32,0.855,0.236,25.1,13.5,11.48,24.97,31.87,17.24
746946,2024-06-15,2024,646240,L,607074,L,walk,False,True,82.0,0.27,27.0,32.93,6.0,7.32,0.746,0.135,30.06,16.15,13.98,30.12,31.76,24.32,188.0,0.273,37.0,19.68,11.0,5.85,0.823,0.2149999999999999,27.74,14.71,11.61,26.32,30.93,15.19,49.0,0.196,13.0,26.53,3.0,6.12,0.571,0.13,25.0,10.93,19.67,30.6,24.21,23.21,50.0,0.195,14.0,28.0,6.0,12.0,0.759,0.244,32.32,16.58,11.92,28.5,23.4,25.93
746946,2024-06-15,2024,657136,R,607074,L,single,False,False,67.0,0.351,13.0,19.4,9.0,13.43,0.904,0.10500000000000004,24.29,12.55,11.81,24.35,27.61,15.12,108.0,0.156,40.0,37.04,9.0,8.33,0.501,0.104,32.9,17.27,14.32,31.59,33.33,27.86,277.0,0.22,61.0,22.02,17.0,6.14,0.6859999999999999,0.18000000000000002,26.42,13.53,13.36,26.89,29.83,16.27,236.0,0.274,50.0,21.19,22.0,9.32,0.855,0.236,25.1,13.5,11.48,24.97,31.87,17.24
746946,2024-06-15,2024,807799,L,607074,L,field_out,False,False,20.0,0.167,2.0,10.0,1.0,5.0,0.583,0.166,10.71,3.8,26.58,30.38,17.5,11.11,144.0,0.273,23.0,15.97,12.0,8.33,0.745,0.125,21.52,8.99,21.34,30.34,22.39,14.74,49.0,0.196,13.0,26.53,3.0,6.12,0.571,0.13,25.0,10.93,19.67,30.6,24.21,23.21,50.0,0.195,14.0,28.0,6.0,12.0,0.759,0.244,32.32,16.58,11.92,28.5,23.4,25.93
746946,2024-06-15,2024,642197,R,607074,L,double,False,False,14.0,0.222,3.0,21.43,2.0,14.29,0.9410000000000001,0.3340000000000001,23.53,7.41,20.37,27.78,13.33,27.27,,,,,,,,,,,,,,,277.0,0.22,61.0,22.02,17.0,6.14,0.6859999999999999,0.18000000000000002,26.42,13.53,13.36,26.89,29.83,16.27,236.0,0.274,50.0,21.19,22.0,9.32,0.855,0.236,25.1,13.5,11.48,24.97,31.87,17.24
746946,2024-06-15,2024,666915,R,607074,L,strikeout,True,False,31.0,0.107,16.0,51.61,3.0,9.68,0.301,0.0,48.48,23.02,18.71,41.73,24.29,32.0,22.0,0.35,11.0,50.0,2.0,9.09,0.859,0.1,50.0,23.16,18.95,42.11,28.85,39.29,277.0,0.22,61.0,22.02,17.0,6.14,0.6859999999999999,0.18000000000000002,26.42,13.53,13.36,26.89,29.83,16.27,236.0,0.274,50.0,21.19,22.0,9.32,0.855,0.236,25.1,13.5,11.48,24.97,31.87,17.24
746946,2024-06-15,2024,519317,R,681867,R,single,False,False,191.0,0.23,64.0,33.51,16.0,8.38,0.804,0.276,34.29,15.77,17.61,33.38,31.82,30.33,341.0,0.175,111.0,32.55,35.0,10.26,0.64,0.201,36.65,15.18,19.37,34.55,27.39,25.58,95.0,0.273,19.0,20.0,5.0,5.26,0.8049999999999999,0.21599999999999997,18.92,8.14,21.86,30.0,31.74,11.88,90.0,0.274,21.0,23.33,3.0,3.33,0.74,0.1549999999999999,20.89,9.85,20.6,30.45,29.3,20.39
746946,2024-06-15,2024,519203,L,681867,R,walk,False,True,210.0,0.236,33.0,15.71,15.0,7.14,0.6930000000000001,0.15700000000000003,18.81,9.55,16.08,25.63,38.26,14.47,334.0,0.22,86.0,25.75,27.0,8.08,0.6739999999999999,0.146,25.23,12.17,17.7,29.87,34.73,19.95,106.0,0.237,24.0,22.64,6.0,5.66,0.653,0.124,19.7,8.76,17.98,26.74,29.22,18.75,61.0,0.333,6.0,9.84,8.0,13.11,1.051,0.2749999999999999,13.68,5.83,17.49,23.32,25.23,11.11
746946,2024-06-15,2024,650402,R,681867,R,field_out,False,False,227.0,0.232,52.0,22.91,19.0,8.37,0.6459999999999999,0.11299999999999996,25.45,11.88,16.54,28.42,21.75,16.05,544.0,0.273,78.0,14.34,50.0,9.19,0.772,0.1589999999999999,21.74,10.32,15.57,25.89,26.86,11.29,95.0,0.273,19.0,20.0,5.0,5.26,0.8049999999999999,0.21599999999999997,18.92,8.14,21.86,30.0,31.74,11.88,90.0,0.274,21.0,23.33,3.0,3.33,0.74,0.1549999999999999,20.89,9.85,20.6,30.45,29.3,20.39
746946,2024-06-15,2024,669224,L,681867,R,strikeout,True,False,118.0,0.21,20.0,16.95,14.0,11.86,0.645,0.13000000000000003,27.83,13.29,13.74,27.03,24.15,16.67,69.0,0.25,12.0,17.39,3.0,4.35,0.81,0.281,28.48,16.48,10.99,27.47,38.03,14.46,106.0,0.237,24.0,22.64,6.0,5.66,0.653,0.124,19.7,8.76,17.98,26.74,29.22,18.75,61.0,0.333,6.0,9.84,8.0,13.11,1.051,0.2749999999999999,13.68,5.83,17.49,23.32,25.23,11.11
746946,2024-06-15,2024,518934,R,681867,R,single,False,False,36.0,0.2,9.0,25.0,5.0,13.89,0.514,0.0,21.67,9.77,21.8,31.58,28.57,23.08,450.0,0.241,100.0,22.22,45.0,10.0,0.7070000000000001,0.146,19.38,7.76,24.06,31.82,23.84,20.0,95.0,0.273,19.0,20.0,5.0,5.26,0.8049999999999999,0.21599999999999997,18.92,8.14,21.86,30.0,31.74,11.88,90.0,0.274,21.0,23.33,3.0,3.33,0.74,0.1549999999999999,20.89,9.85,20.6,30.45,29.3,20.39
746946,2024-06-15,2024,683011,R,681867,R,strikeout,True,False,249.0,0.272,54.0,21.69,17.0,6.83,0.755,0.15199999999999997,22.98,10.88,18.86,29.74,29.94,19.22,467.0,0.198,132.0,28.27,36.0,7.71,0.624,0.1579999999999999,28.15,13.53,17.49,31.02,29.16,23.4,95.0,0.273,19.0,20.0,5.0,5.26,0.8049999999999999,0.21599999999999997,18.92,8.14,21.86,30.0,31.74,11.88,90.0,0.274,21.0,23.33,3.0,3.33,0.74,0.1549999999999999,20.89,9.85,20.6,30.45,29.3,20.39
746946,2024-06-15,2024,678882,R,607074,L,single,False,False,63.0,0.241,19.0,30.16,4.0,6.35,0.687,0.15600000000000003,35.16,19.48,14.72,34.2,40.68,27.14,27.0,0.192,8.0,29.63,1.0,3.7,0.645,0.2309999999999999,36.36,19.23,14.42,33.65,30.0,24.24,277.0,0.22,61.0,22.02,17.0,6.14,0.6859999999999999,0.18000000000000002,26.42,13.53,13.36,26.89,29.83,16.27,236.0,0.274,50.0,21.19,22.0,9.32,0.855,0.236,25.1,13.5,11.48,24.97,31.87,17.24
746946,2024-06-15,2024,680776,L,607074,L,field_out,False,False,95.0,0.22,24.0,25.26,9.0,9.47,0.5529999999999999,0.023999999999999994,26.51,11.25,20.72,31.97,28.79,20.51,49.0,0.289,15.0,30.61,3.0,6.12,0.749,0.133,24.44,10.73,20.0,30.73,27.27,25.86,49.0,0.196,13.0,26.53,3.0,6.12,0.571,0.13,25.0,10.93,19.67,30.6,24.21,23.21,50.0,0.195,14.0,28.0,6.0,12.0,0.759,0.244,32.32,16.58,11.92,28.5,23.4,25.93
746946,2024-06-15,2024,608701,R,607074,L,force_out,False,False,56.0,0.327,16.0,28.57,4.0,7.14,0.86,0.122,34.31,16.28,18.6,34.88,23.47,21.92,146.0,0.308,22.0,15.07,23.0,15.75,0.8280000000000001,0.092,21.59,8.39,20.38,28.77,17.59,13.66,277.0,0.22,61.0,22.02,17.0,6.14,0.6859999999999999,0.18000000000000002,26.42,13.53,13.36,26.89,29.83,16.27,236.0,0.274,50.0,21.19,22.0,9.32,0.855,0.236,25.1,13.5,11.48,24.97,31.87,17.24
746946,2024-06-15,2024,641933,R,607074,L,single,False,False,59.0,0.304,20.0,33.9,13.0,22.03,1.045,0.283,29.9,10.47,18.41,28.88,19.42,24.69,79.0,0.227,14.0,17.72,13.0,16.46,0.7929999999999999,0.212,23.91,10.58,16.03,26.6,24.28,14.14,277.0,0.22,61.0,22.02,17.0,6.14,0.6859999999999999,0.18000000000000002,26.42,13.53,13.36,26.89,29.83,16.27,236.0,0.274,50.0,21.19,22.0,9.32,0.855,0.236,25.1,13.5,11.48,24.97,31.87,17.24
746946,2024-06-15,2024,646240,L,607074,L,double,False,False,82.0,0.27,27.0,32.93,6.0,7.32,0.746,0.135,30.06,16.15,13.98,30.12,31.76,24.32,188.0,0.273,37.0,19.68,11.0,5.85,0.823,0.2149999999999999,27.74,14.71,11.61,26.32,30.93,15.19,49.0,0.196,13.0,26.53,3.0,6.12,0.571,0.13,25.0,10.93,19.67,30.6,24.21,23.21,50.0,0.195,14.0,28.0,6.0,12.0,0.759,0.244,32.32,16.58,11.92,28.5,23.4,25.93
746946,2024-06-15,2024,657136,R,607074,L,walk,False,True,67.0,0.351,13.0,19.4,9.0,13.43,0.904,0.10500000000000004,24.29,12.55,11.81,24.35,27.61,15.12,108.0,0.156,40.0,37.04,9.0,8.33,0.501,0.104,32.9,17.27,14.32,31.59,33.33,27.86,277.0,0.22,61.0,22.02,17.0,6.14,0.6859999999999999,0.18000000000000002,26.42,13.53,13.36,26.89,29.83,16.27,236.0,0.274,50.0,21.19,22.0,9.32,0.855,0.236,25.1,13.5,11.48,24.97,31.87,17.24
746946,2024-06-15,2024,807799,L,607074,L,field_out,False,False,20.0,0.167,2.0,10.0,1.0,5.0,0.583,0.166,10.71,3.8,26.58,30.38,17.5,11.11,144.0,0.273,23.0,15.97,12.0,8.33,0.745,0.125,21.52,8.99,21.34,30.34,22.39,14.74,49.0,0.196,13.0,26.53,3.0,6.12,0.571,0.13,25.0,10.93,19.67,30.6,24.21,23.21,50.0,0.195,14.0,28.0,6.0,12.0,0.759,0.244,32.32,16.58,11.92,28.5,23.4,25.93
746946,2024-06-15,2024,665742,L,681867,R,strikeout,True,False,233.0,0.312,38.0,16.31,40.0,17.17,1.029,0.286,24.72,9.11,18.53,27.64,16.54,14.39,502.0,0.283,81.0,16.14,99.0,19.72,0.98,0.2730000000000001,18.45,6.31,19.31,25.62,15.09,14.14,106.0,0.237,24.0,22.64,6.0,5.66,0.653,0.124,19.7,8.76,17.98,26.74,29.22,18.75,61.0,0.333,6.0,9.84,8.0,13.11,1.051,0.2749999999999999,13.68,5.83,17.49,23.32,25.23,11.11
746946,2024-06-15,2024,592450,R,681867,R,field_out,False,False,248.0,0.311,62.0,25.0,37.0,14.92,1.1159999999999999,0.38799999999999996,30.99,13.44,14.68,28.12,18.8,19.81,384.0,0.266,109.0,28.39,77.0,20.05,1.011,0.3339999999999999,36.96,15.02,15.7,30.72,19.29,24.12,95.0,0.273,19.0,20.0,5.0,5.26,0.8049999999999999,0.21599999999999997,18.92,8.14,21.86,30.0,31.74,11.88,90.0,0.274,21.0,23.33,3.0,3.33,0.74,0.1549999999999999,20.89,9.85,20.6,30.45,29.3,20.39
746946,2024-06-15,2024,657077,L,681867,R,field_out,False,False,209.0,0.281,26.0,12.44,13.0,6.22,0.79,0.18799999999999994,12.84,5.88,20.03,25.91,26.53,11.06,441.0,0.279,66.0,14.97,30.0,6.8,0.793,0.185,15.08,6.28,20.52,26.8,22.64,14.93,106.0,0.237,24.0,22.64,6.0,5.66,0.653,0.124,19.7,8.76,17.98,26.74,29.22,18.75,61.0,0.333,6.0,9.84,8.0,13.11,1.051,0.2749999999999999,13.68,5.83,17.49,23.32,25.23,11.11
746946,2024-06-15,2024,642197,R,607074,L,strikeout,True,False,14.0,0.222,3.0,21.43,2.0,14.29,0.9410000000000001,0.3340000000000001,23.53,7.41,20.37,27.78,13.33,27.27,,,,,,,,,,,,,,,277.0,0.22,61.0,22.02,17.0,6.14,0.6859999999999999,0.18000000000000002,26.42,13.53,13.36,26.89,29.83,16.27,236.0,0.274,50.0,21.19,22.0,9.32,0.855,0.236,25.1,13.5,11.48,24.97,31.87,17.24
746946,2024-06-15,2024,666915,R,607074,L,strikeout,True,False,31.0,0.107,16.0,51.61,3.0,9.68,0.301,0.0,48.48,23.02,18.71,41.73,24.29,32.0,22.0,0.35,11.0,50.0,2.0,9.09,0.859,0.1,50.0,23.16,18.95,42.11,28.85,39.29,277.0,0.22,61.0,22.02,17.0,6.14,0.6859999999999999,0.18000000000000002,26.42,13.53,13.36,26.89,29.83,16.27,236.0,0.274,50.0,21.19,22.0,9.32,0.855,0.236,25.1,13.5,11.48,24.97,31.87,17.24
746946,2024-06-15,2024,678882,R,607074,L,field_out,False,False,63.0,0.241,19.0,30.16,4.0,6.35,0.687,0.15600000000000003,35.16,19.48,14.72,34.2,40.68,27.14,27.0,0.192,8.0,29.63,1.0,3.7,0.645,0.2309999999999999,36.36,19.23,14.42,33.65,30.0,24.24,277.0,0.22,61.0,22.02,17.0,6.14,0.6859999999999999,0.18000000000000002,26.42,13.53,13.36,26.89,29.83,16.27,236.0,0.274,50.0,21.19,22.0,9.32,0.855,0.236,25.1,13.5,11.48,24.97,31.87,17.24
746946,2024-06-15,2024,519317,R,681867,R,single,False,False,191.0,0.23,64.0,33.51,16.0,8.38,0.804,0.276,34.29,15.77,17.61,33.38,31.82,30.33,341.0,0.175,111.0,32.55,35.0,10.26,0.64,0.201,36.65,15.18,19.37,34.55,27.39,25.58,95.0,0.273,19.0,20.0,5.0,5.26,0.8049999999999999,0.21599999999999997,18.92,8.14,21.86,30.0,31.74,11.88,90.0,0.274,21.0,23.33,3.0,3.33,0.74,0.1549999999999999,20.89,9.85,20.6,30.45,29.3,20.39
746946,2024-06-15,2024,519203,L,681867,R,strikeout,True,False,210.0,0.236,33.0,15.71,15.0,7.14,0.6930000000000001,0.15700000000000003,18.81,9.55,16.08,25.63,38.26,14.47,334.0,0.22,86.0,25.75,27.0,8.08,0.6739999999999999,0.146,25.23,12.17,17.7,29.87,34.73,19.95,106.0,0.237,24.0,22.64,6.0,5.66,0.653,0.124,19.7,8.76,17.98,26.74,29.22,18.75,61.0,0.333,6.0,9.84,8.0,13.11,1.051,0.2749999999999999,13.68,5.83,17.49,23.32,25.23,11.11
746946,2024-06-15,2024,650402,R,681867,R,field_out,False,False,227.0,0.232,52.0,22.91,19.0,8.37,0.6459999999999999,0.11299999999999996,25.45,11.88,16.54,28.42,21.75,16.05,544.0,0.273,78.0,14.34,50.0,9.19,0.772,0.1589999999999999,21.74,10.32,15.57,25.89,26.86,11.29,95.0,0.273,19.0,20.0,5.0,5.26,0.8049999999999999,0.21599999999999997,18.92,8.14,21.86,30.0,31.74,11.88,90.0,0.274,21.0,23.33,3.0,3.33,0.74,0.1549999999999999,20.89,9.85,20.6,30.45,29.3,20.39
746946,2024-06-15,2024,669224,L,681867,R,strikeout,True,False,118.0,0.21,20.0,16.95,14.0,11.86,0.645,0.13000000000000003,27.83,13.29,13.74,27.03,24.15,16.67,69.0,0.25,12.0,17.39,3.0,4.35,0.81,0.281,28.48,16.48,10.99,27.47,38.03,14.46,106.0,0.237,24.0,22.64,6.0,5.66,0.653,0.124,19.7,8.76,17.98,26.74,29.22,18.75,61.0,0.333,6.0,9.84,8.0,13.11,1.051,0.2749999999999999,13.68,5.83,17.49,23.32,25.23,11.11
746946,2024-06-15,2024,680776,L,607074,L,strikeout,True,False,95.0,0.22,24.0,25.26,9.0,9.47,0.5529999999999999,0.023999999999999994,26.51,11.25,20.72,31.97,28.79,20.51,49.0,0.289,15.0,30.61,3.0,6.12,0.749,0.133,24.44,10.73,20.0,30.73,27.27,25.86,49.0,0.196,13.0,26.53,3.0,6.12,0.571,0.13,25.0,10.93,19.67,30.6,24.21,23.21,50.0,0.195,14.0,28.0,6.0,12.0,0.759,0.244,32.32,16.58,11.92,28.5,23.4,25.93
746946,2024-06-15,2024,608701,R,607074,L,walk,False,True,56.0,0.327,16.0,28.57,4.0,7.14,0.86,0.122,34.31,16.28,18.6,34.88,23.47,21.92,146.0,0.308,22.0,15.07,23.0,15.75,0.8280000000000001,0.092,21.59,8.39,20.38,28.77,17.59,13.66,277.0,0.22,61.0,22.02,17.0,6.14,0.6859999999999999,0.18000000000000002,26.42,13.53,13.36,26.89,29.83,16.27,236.0,0.274,50.0,21.19,22.0,9.32,0.855,0.236,25.1,13.5,11.48,24.97,31.87,17.24
746946,2024-06-15,2024,641933,R,607074,L,strikeout,True,False,59.0,0.304,20.0,33.9,13.0,22.03,1.045,0.283,29.9,10.47,18.41,28.88,19.42,24.69,79.0,0.227,14.0,17.72,13.0,16.46,0.7929999999999999,0.212,23.91,10.58,16.03,26.6,24.28,14.14,277.0,0.22,61.0,22.02,17.0,6.14,0.6859999999999999,0.18000000000000002,26.42,13.53,13.36,26.89,29.83,16.27,236.0,0.274,50.0,21.19,22.0,9.32,0.855,0.236,25.1,13.5,11.48,24.97,31.87,17.24
746946,2024-06-15,2024,646240,L,607074,L,strikeout,True,False,82.0,0.27,27.0,32.93,6.0,7.32,0.746,0.135,30.06,16.15,13.98,30.12,31.76,24.32,188.0,0.273,37.0,19.68,11.0,5.85,0.823,0.2149999999999999,27.74,14.71,11.61,26.32,30.93,15.19,49.0,0.196,13.0,26.53,3.0,6.12,0.571,0.13,25.0,10.93,19.67,30.6,24.21,23.21,50.0,0.195,14.0,28.0,6.0,12.0,0.759,0.244,32.32,16.58,11.92,28.5,23.4,25.93
746946,2024-06-15,2024,518934,R,686580,R,field_error,False,False,36.0,0.2,9.0,25.0,5.0,13.89,0.514,0.0,21.67,9.77,21.8,31.58,28.57,23.08,450.0,0.241,100.0,22.22,45.0,10.0,0.7070000000000001,0.146,19.38,7.76,24.06,31.82,23.84,20.0,70.0,0.254,17.0,24.29,0.0,0.0,0.585,0.07400000000000001,29.63,16.06,12.45,28.51,37.5,25.37,,,,,,,,,,,,,,
746946,2024-06-15,2024,683011,R,686580,R,force_out,False,False,249.0,0.272,54.0,21.69,17.0,6.83,0.755,0.15199999999999997,22.98,10.88,18.86,29.74,29.94,19.22,467.0,0.198,132.0,28.27,36.0,7.71,0.624,0.1579999999999999,28.15,13.53,17.49,31.02,29.16,23.4,70.0,0.254,17.0,24.29,0.0,0.0,0.585,0.07400000000000001,29.63,16.06,12.45,28.51,37.5,25.37,,,,,,,,,,,,,,
746946,2024-06-15,2024,665742,L,686580,R,walk,False,True,233.0,0.312,38.0,16.31,40.0,17.17,1.029,0.286,24.72,9.11,18.53,27.64,16.54,14.39,502.0,0.283,81.0,16.14,99.0,19.72,0.98,0.2730000000000001,18.45,6.31,19.31,25.62,15.09,14.14,59.0,0.218,17.0,28.81,4.0,6.78,0.544,0.05500000000000002,29.27,15.65,13.48,29.13,35.96,22.97,,,,,,,,,,,,,,
746946,2024-06-15,2024,592450,R,686580,R,walk,False,True,248.0,0.311,62.0,25.0,37.0,14.92,1.1159999999999999,0.38799999999999996,30.99,13.44,14.68,28.12,18.8,19.81,384.0,0.266,109.0,28.39,77.0,20.05,1.011,0.3339999999999999,36.96,15.02,15.7,30.72,19.29,24.12,70.0,0.254,17.0,24.29,0.0,0.0,0.585,0.07400000000000001,29.63,16.06,12.45,28.51,37.5,25.37,,,,,,,,,,,,,,
746946,2024-06-15,2024,657077,L,686580,R,force_out,False,False,209.0,0.281,26.0,12.44,13.0,6.22,0.79,0.18799999999999994,12.84,5.88,20.03,25.91,26.53,11.06,441.0,0.279,66.0,14.97,30.0,6.8,0.793,0.185,15.08,6.28,20.52,26.8,22.64,14.93,59.0,0.218,17.0,28.81,4.0,6.78,0.544,0.05500000000000002,29.27,15.65,13.48,29.13,35.96,22.97,,,,,,,,,,,,,,
746946,2024-06-15,2024,519317,R,686580,R,strikeout,True,False,191.0,0.23,64.0,33.51,16.0,8.38,0.804,0.276,34.29,15.77,17.61,33.38,31.82,30.33,341.0,0.175,111.0,32.55,35.0,10.26,0.64,0.201,36.65,15.18,19.37,34.55,27.39,25.58,70.0,0.254,17.0,24.29,0.0,0.0,0.585,0.07400000000000001,29.63,16.06,12.45,28.51,37.5,25.37,,,,,,,,,,,,,,
746946,2024-06-15,2024,657136,R,607074,L,field_out,False,False,67.0,0.351,13.0,19.4,9.0,13.43,0.904,0.10500000000000004,24.29,12.55,11.81,24.35,27.61,15.12,108.0,0.156,40.0,37.04,9.0,8.33,0.501,0.104,32.9,17.27,14.32,31.59,33.33,27.86,277.0,0.22,61.0,22.02,17.0,6.14,0.6859999999999999,0.18000000000000002,26.42,13.53,13.36,26.89,29.83,16.27,236.0,0.274,50.0,21.19,22.0,9.32,0.855,0.236,25.1,13.5,11.48,24.97,31.87,17.24
746946,2024-06-15,2024,807799,L,607074,L,field_out,False,False,20.0,0.167,2.0,10.0,1.0,5.0,0.583,0.166,10.71,3.8,26.58,30.38,17.5,11.11,144.0,0.273,23.0,15.97,12.0,8.33,0.745,0.125,21.52,8.99,21.34,30.34,22.39,14.74,49.0,0.196,13.0,26.53,3.0,6.12,0.571,0.13,25.0,10.93,19.67,30.6,24.21,23.21,50.0,0.195,14.0,28.0,6.0,12.0,0.759,0.244,32.32,16.58,11.92,28.5,23.4,25.93
746946,2024-06-15,2024,642197,R,607074,L,strikeout,True,False,14.0,0.222,3.0,21.43,2.0,14.29,0.9410000000000001,0.3340000000000001,23.53,7.41,20.37,27.78,13.33,27.27,,,,,,,,,,,,,,,277.0,0.22,61.0,22.02,17.0,6.14,0.6859999999999999,0.18000000000000002,26.42,13.53,13.36,26.89,29.83,16.27,236.0,0.274,50.0,21.19,22.0,9.32,0.855,0.236,25.1,13.5,11.48,24.97,31.87,17.24
746946,2024-06-15,2024,519203,L,686580,R,field_out,False,False,210.0,0.236,33.0,15.71,15.0,7.14,0.6930000000000001,0.15700000000000003,18.81,9.55,16.08,25.63,38.26,14.47,334.0,0.22,86.0,25.75,27.0,8.08,0.6739999999999999,0.146,25.23,12.17,17.7,29.87,34.73,19.95,59.0,0.218,17.0,28.81,4.0,6.78,0.544,0.05500000000000002,29.27,15.65,13.48,29.13,35.96,22.97,,,,,,,,,,,,,,
746946,2024-06-15,2024,650402,R,686580,R,field_out,False,False,227.0,0.232,52.0,22.91,19.0,8.37,0.6459999999999999,0.11299999999999996,25.45,11.88,16.54,28.42,21.75,16.05,544.0,0.273,78.0,14.34,50.0,9.19,0.772,0.1589999999999999,21.74,10.32,15.57,25.89,26.86,11.29,70.0,0.254,17.0,24.29,0.0,0.0,0.585,0.07400000000000001,29.63,16.06,12.45,28.51,37.5,25.37,,,,,,,,,,,,,,
746946,2024-06-15,2024,669224,L,686580,R,strikeout,True,False,118.0,0.21,20.0,16.95,14.0,11.86,0.645,0.13000000000000003,27.83,13.29,13.74,27.03,24.15,16.67,69.0,0.25,12.0,17.39,3.0,4.35,0.81,0.281,28.48,16.48,10.99,27.47,38.03,14.46,59.0,0.218,17.0,28.81,4.0,6.78,0.544,0.05500000000000002,29.27,15.65,13.48,29.13,35.96,22.97,,,,,,,,,,,,,,
746946,2024-06-15,2024,666915,R,676760,R,walk,False,True,50.0,0.159,22.0,44.0,4.0,8.0,0.518,0.11400000000000002,40.95,19.72,17.43,37.16,30.3,25.88,31.0,0.103,17.0,54.84,2.0,6.45,0.368,0.104,45.45,22.22,17.78,40.0,36.11,38.64,26.0,0.211,4.0,15.38,3.0,11.54,0.741,0.21,21.28,9.52,19.05,28.57,30.91,12.5,94.0,0.203,24.0,25.53,12.0,12.77,0.74,0.189,25.0,11.36,14.14,25.51,32.07,20.17
746946,2024-06-15,2024,678882,R,676760,R,single,False,False,192.0,0.214,53.0,27.6,5.0,2.6,0.593,0.143,34.21,21.06,11.49,32.55,45.48,23.98,62.0,0.263,20.0,32.26,3.0,4.84,0.6739999999999999,0.1049999999999999,27.08,15.6,11.2,26.8,42.11,22.22,26.0,0.211,4.0,15.38,3.0,11.54,0.741,0.21,21.28,9.52,19.05,28.57,30.91,12.5,94.0,0.203,24.0,25.53,12.0,12.77,0.74,0.189,25.0,11.36,14.14,25.51,32.07,20.17
746946,2024-06-15,2024,680776,L,676760,R,strikeout,True,False,226.0,0.294,46.0,20.35,20.0,8.85,0.912,0.26000000000000006,23.44,11.04,14.64,25.68,27.1,18.25,314.0,0.296,75.0,23.89,21.0,6.69,0.84,0.195,24.68,12.92,13.75,26.67,30.3,19.02,30.0,0.077,9.0,30.0,3.0,10.0,0.392,0.115,36.17,15.45,16.36,31.82,23.73,32.14,112.0,0.213,32.0,28.57,15.0,13.39,0.663,0.117,30.54,14.54,14.34,28.88,30.29,18.18
746946,2024-06-15,2024,608701,R,676760,R,strikeout,True,False,83.0,0.324,16.0,19.28,6.0,7.23,0.878,0.176,19.46,9.32,17.36,26.69,23.45,15.53,98.0,0.159,25.0,25.51,10.0,10.2,0.466,0.036,25.0,10.43,19.91,30.33,20.39,18.38,26.0,0.211,4.0,15.38,3.0,11.54,0.741,0.21,21.28,9.52,19.05,28.57,30.91,12.5,94.0,0.203,24.0,25.53,12.0,12.77,0.74,0.189,25.0,11.36,14.14,25.51,32.07,20.17
746946,2024-06-15,2024,641933,R,676760,R,field_out,False,False,137.0,0.228,47.0,34.31,11.0,8.03,0.762,0.23500000000000001,34.73,15.85,16.9,32.75,27.11,25.82,187.0,0.233,53.0,28.34,15.0,8.02,0.6839999999999999,0.157,29.39,13.29,17.12,30.41,25.99,26.5,26.0,0.211,4.0,15.38,3.0,11.54,0.741,0.21,21.28,9.52,19.05,28.57,30.91,12.5,94.0,0.203,24.0,25.53,12.0,12.77,0.74,0.189,25.0,11.36,14.14,25.51,32.07,20.17
746946,2024-06-15,2024,518934,R,686580,R,strikeout,True,False,36.0,0.2,9.0,25.0,5.0,13.89,0.514,0.0,21.67,9.77,21.8,31.58,28.57,23.08,450.0,0.241,100.0,22.22,45.0,10.0,0.7070000000000001,0.146,19.38,7.76,24.06,31.82,23.84,20.0,70.0,0.254,17.0,24.29,0.0,0.0,0.585,0.07400000000000001,29.63,16.06,12.45,28.51,37.5,25.37,,,,,,,,,,,,,,
746946,2024-06-15,2024,683011,R,686580,R,field_out,False,False,249.0,0.272,54.0,21.69,17.0,6.83,0.755,0.15199999999999997,22.98,10.88,18.86,29.74,29.94,19.22,467.0,0.198,132.0,28.27,36.0,7.71,0.624,0.1579999999999999,28.15,13.53,17.49,31.02,29.16,23.4,70.0,0.254,17.0,24.29,0.0,0.0,0.585,0.07400000000000001,29.63,16.06,12.45,28.51,37.5,25.37,,,,,,,,,,,,,,
746946,2024-06-15,2024,665742,L,686580,R,home_run,False,False,233.0,0.312,38.0,16.31,40.0,17.17,1.029,0.286,24.72,9.11,18.53,27.64,16.54,14.39,502.0,0.283,81.0,16.14,99.0,19.72,0.98,0.2730000000000001,18.45,6.31,19.31,25.62,15.09,14.14,59.0,0.218,17.0,28.81,4.0,6.78,0.544,0.05500000000000002,29.27,15.65,13.48,29.13,35.96,22.97,,,,,,,,,,,,,,
746946,2024-06-15,2024,592450,R,686580,R,single,False,False,248.0,0.311,62.0,25.0,37.0,14.92,1.1159999999999999,0.38799999999999996,30.99,13.44,14.68,28.12,18.8,19.81,384.0,0.266,109.0,28.39,77.0,20.05,1.011,0.3339999999999999,36.96,15.02,15.7,30.72,19.29,24.12,70.0,0.254,17.0,24.29,0.0,0.0,0.585,0.07400000000000001,29.63,16.06,12.45,28.51,37.5,25.37,,,,,,,,,,,,,,
746946,2024-06-15,2024,657077,L,657514,L,force_out,False,False,76.0,0.219,13.0,17.11,9.0,11.84,0.6599999999999999,0.12499999999999997,18.25,7.19,22.19,29.38,21.66,13.0,161.0,0.22,27.0,16.77,15.0,9.32,0.61,0.0779999999999999,17.21,6.6,24.69,31.29,20.83,15.61,55.0,0.143,16.0,29.09,3.0,5.45,0.432,0.08100000000000002,22.22,8.7,27.54,36.23,15.66,25.4,84.0,0.169,23.0,27.38,3.0,3.57,0.4589999999999999,0.0519999999999999,24.82,10.84,23.53,34.37,22.79,26.74
746946,2024-06-15,2024,646240,L,676760,R,field_out,False,False,168.0,0.291,33.0,19.64,26.0,15.48,1.03,0.34,24.84,11.5,12.95,24.45,29.67,16.5,469.0,0.27,89.0,18.98,51.0,10.87,0.863,0.235,25.44,13.04,9.74,22.78,33.05,15.06,30.0,0.077,9.0,30.0,3.0,10.0,0.392,0.115,36.17,15.45,16.36,31.82,23.73,32.14,112.0,0.213,32.0,28.57,15.0,13.39,0.663,0.117,30.54,14.54,14.34,28.88,30.29,18.18
746946,2024-06-15,2024,657136,R,676760,R,strikeout,True,False,131.0,0.319,24.0,18.32,3.0,2.29,0.8069999999999999,0.126,27.12,14.48,14.71,29.19,32.52,19.83,296.0,0.262,94.0,31.76,13.0,4.39,0.734,0.1669999999999999,32.08,16.95,15.14,32.09,35.28,27.01,26.0,0.211,4.0,15.38,3.0,11.54,0.741,0.21,21.28,9.52,19.05,28.57,30.91,12.5,94.0,0.203,24.0,25.53,12.0,12.77,0.74,0.189,25.0,11.36,14.14,25.51,32.07,20.17
746946,2024-06-15,2024,807799,L,676760,R,double,False,False,82.0,0.278,11.0,13.41,7.0,8.54,0.719,0.08299999999999996,17.27,7.34,19.57,26.91,23.17,12.5,437.0,0.293,58.0,13.27,22.0,5.03,0.795,0.167,17.2,7.54,21.09,28.63,28.96,13.65,30.0,0.077,9.0,30.0,3.0,10.0,0.392,0.115,36.17,15.45,16.36,31.82,23.73,32.14,112.0,0.213,32.0,28.57,15.0,13.39,0.663,0.117,30.54,14.54,14.34,28.88,30.29,18.18
746946,2024-06-15,2024,665839,L,676760,R,single,False,False,114.0,0.24,28.0,24.56,7.0,6.14,0.762,0.241,20.64,9.76,18.44,28.2,29.71,17.31,133.0,0.28,32.0,24.06,7.0,5.26,0.806,0.2079999999999999,23.05,10.04,20.07,30.11,28.72,21.48,30.0,0.077,9.0,30.0,3.0,10.0,0.392,0.115,36.17,15.45,16.36,31.82,23.73,32.14,112.0,0.213,32.0,28.57,15.0,13.39,0.663,0.117,30.54,14.54,14.34,28.88,30.29,18.18
746946,2024-06-15,2024,666915,R,676760,R,field_out,False,False,50.0,0.159,22.0,44.0,4.0,8.0,0.518,0.11400000000000002,40.95,19.72,17.43,37.16,30.3,25.88,31.0,0.103,17.0,54.84,2.0,6.45,0.368,0.104,45.45,22.22,17.78,40.0,36.11,38.64,26.0,0.211,4.0,15.38,3.0,11.54,0.741,0.21,21.28,9.52,19.05,28.57,30.91,12.5,94.0,0.203,24.0,25.53,12.0,12.77,0.74,0.189,25.0,11.36,14.14,25.51,32.07,20.17
746946,2024-06-15,2024,519317,R,669711,R,strikeout,True,False,191.0,0.23,64.0,33.51,16.0,8.38,0.804,0.276,34.29,15.77,17.61,33.38,31.82,30.33,341.0,0.175,111.0,32.55,35.0,10.26,0.64,0.201,36.65,15.18,19.37,34.55,27.39,25.58,62.0,0.258,14.0,22.58,0.0,0.0,0.597,0.08100000000000002,18.42,8.71,20.75,29.46,30.91,20.59,54.0,0.261,12.0,22.22,6.0,11.11,0.7709999999999999,0.1519999999999999,21.28,8.77,19.3,28.07,18.18,17.19
746946,2024-06-15,2024,519203,L,669711,R,walk,False,True,210.0,0.236,33.0,15.71,15.0,7.14,0.6930000000000001,0.15700000000000003,18.81,9.55,16.08,25.63,38.26,14.47,334.0,0.22,86.0,25.75,27.0,8.08,0.6739999999999999,0.146,25.23,12.17,17.7,29.87,34.73,19.95,51.0,0.267,17.0,33.33,5.0,9.8,0.8960000000000001,0.28900000000000003,25.86,13.22,14.1,27.31,32.73,20.73,33.0,0.29,10.0,30.3,2.0,6.06,0.752,0.129,39.29,18.33,16.67,35.0,25.81,35.71
746946,2024-06-15,2024,650402,R,669711,R,walk,False,True,227.0,0.232,52.0,22.91,19.0,8.37,0.6459999999999999,0.11299999999999996,25.45,11.88,16.54,28.42,21.75,16.05,544.0,0.273,78.0,14.34,50.0,9.19,0.772,0.1589999999999999,21.74,10.32,15.57,25.89,26.86,11.29,62.0,0.258,14.0,22.58,0.0,0.0,0.597,0.08100000000000002,18.42,8.71,20.75,29.46,30.91,20.59,54.0,0.261,12.0,22.22,6.0,11.11,0.7709999999999999,0.1519999999999999,21.28,8.77,19.3,28.07,18.18,17.19
746946,2024-06-15,2024,669224,L,669711,R,single,False,False,118.0,0.21,20.0,16.95,14.0,11.86,0.645,0.13000000000000003,27.83,13.29,13.74,27.03,24.15,16.67,69.0,0.25,12.0,17.39,3.0,4.35,0.81,0.281,28.48,16.48,10.99,27.47,38.03,14.46,51.0,0.267,17.0,33.33,5.0,9.8,0.8960000000000001,0.28900000000000003,25.86,13.22,14.1,27.31,32.73,20.73,33.0,0.29,10.0,30.3,2.0,6.06,0.752,0.129,39.29,18.33,16.67,35.0,25.81,35.71
746946,2024-06-15,2024,518934,R,669711,R,force_out,False,False,36.0,0.2,9.0,25.0,5.0,13.89,0.514,0.0,21.67,9.77,21.8,31.58,28.57,23.08,450.0,0.241,100.0,22.22,45.0,10.0,0.7070000000000001,0.146,19.38,7.76,24.06,31.82,23.84,20.0,62.0,0.258,14.0,22.58,0.0,0.0,0.597,0.08100000000000002,18.42,8.71,20.75,29.46,30.91,20.59,54.0,0.261,12.0,22.22,6.0,11.11,0.7709999999999999,0.1519999999999999,21.28,8.77,19.3,28.07,18.18,17.19
746946,2024-06-15,2024,683011,R,445276,R,field_out,False,False,249.0,0.272,54.0,21.69,17.0,6.83,0.755,0.15199999999999997,22.98,10.88,18.86,29.74,29.94,19.22,467.0,0.198,132.0,28.27,36.0,7.71,0.624,0.1579999999999999,28.15,13.53,17.49,31.02,29.16,23.4,49.0,0.205,13.0,26.53,7.0,14.29,0.609,0.07699999999999999,32.47,13.89,17.78,31.67,18.82,29.55,99.0,0.273,27.0,27.27,9.0,9.09,0.7629999999999999,0.1359999999999999,31.86,17.2,13.76,30.95,32.18,23.68
746946,2024-06-15,2024,678882,R,624647,L,double,False,False,63.0,0.241,19.0,30.16,4.0,6.35,0.687,0.15600000000000003,35.16,19.48,14.72,34.2,40.68,27.14,27.0,0.192,8.0,29.63,1.0,3.7,0.645,0.2309999999999999,36.36,19.23,14.42,33.65,30.0,24.24,54.0,0.156,6.0,11.11,8.0,14.81,0.607,0.155,19.19,8.96,11.79,20.75,30.16,9.68,73.0,0.19,15.0,20.55,7.0,9.59,0.59,0.1119999999999999,30.23,14.29,13.55,27.84,30.92,24.59
746946,2024-06-15,2024,680776,L,624647,L,single,False,False,95.0,0.22,24.0,25.26,9.0,9.47,0.5529999999999999,0.023999999999999994,26.51,11.25,20.72,31.97,28.79,20.51,49.0,0.289,15.0,30.61,3.0,6.12,0.749,0.133,24.44,10.73,20.0,30.73,27.27,25.86,27.0,0.13,2.0,7.41,3.0,11.11,0.389,0.0,19.57,7.56,20.17,27.73,17.74,5.41,62.0,0.259,15.0,24.19,3.0,4.84,0.6679999999999999,0.1029999999999999,27.18,11.62,23.65,35.27,30.25,22.39
746946,2024-06-15,2024,608701,R,624647,L,walk,False,True,56.0,0.327,16.0,28.57,4.0,7.14,0.86,0.122,34.31,16.28,18.6,34.88,23.47,21.92,146.0,0.308,22.0,15.07,23.0,15.75,0.8280000000000001,0.092,21.59,8.39,20.38,28.77,17.59,13.66,54.0,0.156,6.0,11.11,8.0,14.81,0.607,0.155,19.19,8.96,11.79,20.75,30.16,9.68,73.0,0.19,15.0,20.55,7.0,9.59,0.59,0.1119999999999999,30.23,14.29,13.55,27.84,30.92,24.59
746946,2024-06-15,2024,641933,R,624647,L,grounded_into_double_play,False,False,59.0,0.304,20.0,33.9,13.0,22.03,1.045,0.283,29.9,10.47,18.41,28.88,19.42,24.69,79.0,0.227,14.0,17.72,13.0,16.46,0.7929999999999999,0.212,23.91,10.58,16.03,26.6,24.28,14.14,54.0,0.156,6.0,11.11,8.0,14.81,0.607,0.155,19.19,8.96,11.79,20.75,30.16,9.68,73.0,0.19,15.0,20.55,7.0,9.59,0.59,0.1119999999999999,30.23,14.29,13.55,27.84,30.92,24.59
746946,2024-06-15,2024,646240,L,624647,L,strikeout,True,False,82.0,0.27,27.0,32.93,6.0,7.32,0.746,0.135,30.06,16.15,13.98,30.12,31.76,24.32,188.0,0.273,37.0,19.68,11.0,5.85,0.823,0.2149999999999999,27.74,14.71,11.61,26.32,30.93,15.19,27.0,0.13,2.0,7.41,3.0,11.11,0.389,0.0,19.57,7.56,20.17,27.73,17.74,5.41,62.0,0.259,15.0,24.19,3.0,4.84,0.6679999999999999,0.1029999999999999,27.18,11.62,23.65,35.27,30.25,22.39
746946,2024-06-15,2024,665742,L,445276,R,field_out,False,False,233.0,0.312,38.0,16.31,40.0,17.17,1.029,0.286,24.72,9.11,18.53,27.64,16.54,14.39,502.0,0.283,81.0,16.14,99.0,19.72,0.98,0.2730000000000001,18.45,6.31,19.31,25.62,15.09,14.14,44.0,0.189,17.0,38.64,4.0,9.09,0.478,0.026999999999999996,27.06,13.22,17.82,31.03,21.43,22.37,89.0,0.198,25.0,28.09,8.0,8.99,0.616,0.1479999999999999,25.58,12.57,17.71,30.29,30.43,21.55
746946,2024-06-15,2024,592450,R,445276,R,field_out,False,False,248.0,0.311,62.0,25.0,37.0,14.92,1.1159999999999999,0.38799999999999996,30.99,13.44,14.68,28.12,18.8,19.81,384.0,0.266,109.0,28.39,77.0,20.05,1.011,0.3339999999999999,36.96,15.02,15.7,30.72,19.29,24.12,49.0,0.205,13.0,26.53,7.0,14.29,0.609,0.07699999999999999,32.47,13.89,17.78,31.67,18.82,29.55,99.0,0.273,27.0,27.27,9.0,9.09,0.7629999999999999,0.1359999999999999,31.86,17.2,13.76,30.95,32.18,23.68
746946,2024-06-15,2024,657077,L,445276,R,field_out,False,False,209.0,0.281,26.0,12.44,13.0,6.22,0.79,0.18799999999999994,12.84,5.88,20.03,25.91,26.53,11.06,441.0,0.279,66.0,14.97,30.0,6.8,0.793,0.185,15.08,6.28,20.52,26.8,22.64,14.93,44.0,0.189,17.0,38.64,4.0,9.09,0.478,0.026999999999999996,27.06,13.22,17.82,31.03,21.43,22.37,89.0,0.198,25.0,28.09,8.0,8.99,0.616,0.1479999999999999,25.58,12.57,17.71,30.29,30.43,21.55
745241,2024-06-15,2024,543760,R,669923,R,walk,False,True,214.0,0.222,30.0,14.02,18.0,8.41,0.6559999999999999,0.144,20.82,10.61,14.25,24.86,25.5,17.14,544.0,0.273,77.0,14.15,52.0,9.56,0.8360000000000001,0.2199999999999999,18.01,8.45,14.48,22.93,21.97,13.9,169.0,0.217,33.0,19.53,1.0,0.59,0.545,0.10200000000000001,21.91,12.3,14.51,26.81,37.7,14.93,404.0,0.247,90.0,22.28,8.0,1.98,0.659,0.141,24.39,13.48,15.5,28.98,35.88,18.67
745241,2024-06-15,2024,608369,L,669923,R,field_out,False,False,173.0,0.279,19.0,10.98,31.0,17.92,0.946,0.257,19.73,9.53,8.08,17.61,24.05,12.67,370.0,0.333,55.0,14.86,42.0,11.35,1.075,0.334,23.9,12.77,6.35,19.12,27.26,15.8,159.0,0.265,45.0,28.3,6.0,3.77,0.7749999999999999,0.21099999999999997,25.32,13.06,17.85,30.91,26.2,21.53,354.0,0.246,82.0,23.16,11.0,3.11,0.672,0.156,21.25,11.4,17.29,28.69,29.11,18.14
745241,2024-06-15,2024,666969,R,669923,R,field_out,False,False,188.0,0.202,49.0,26.06,11.0,5.85,0.654,0.197,35.23,18.28,11.67,29.96,34.79,24.5,480.0,0.245,138.0,28.75,41.0,8.54,0.8260000000000001,0.264,31.65,15.93,13.92,29.85,32.02,21.97,169.0,0.217,33.0,19.53,1.0,0.59,0.545,0.10200000000000001,21.91,12.3,14.51,26.81,37.7,14.93,404.0,0.247,90.0,22.28,8.0,1.98,0.659,0.141,24.39,13.48,15.5,28.98,35.88,18.67
745241,2024-06-15,2024,663993,L,669923,R,field_out,False,False,129.0,0.248,25.0,19.38,17.0,13.18,0.698,0.10099999999999998,14.98,6.18,18.36,24.55,26.35,14.79,505.0,0.279,113.0,22.38,69.0,13.66,0.833,0.172,19.81,8.64,15.62,24.26,19.45,16.87,159.0,0.265,45.0,28.3,6.0,3.77,0.7749999999999999,0.21099999999999997,25.32,13.06,17.85,30.91,26.2,21.53,354.0,0.246,82.0,23.16,11.0,3.11,0.672,0.156,21.25,11.4,17.29,28.69,29.11,18.14
745241,2024-06-15,2024,641487,L,543135,R,field_out,False,False,142.0,0.169,32.0,22.54,16.0,11.27,0.583,0.146,17.41,7.0,20.2,27.2,18.69,17.3,446.0,0.266,84.0,18.83,67.0,15.02,0.845,0.197,18.19,6.93,19.49,26.42,17.9,17.39,102.0,0.183,32.0,31.37,8.0,7.84,0.546,0.118,30.85,15.14,19.06,34.2,32.96,28.57,264.0,0.201,52.0,19.7,17.0,6.44,0.579,0.123,25.95,12.73,14.8,27.54,27.76,20.08
745241,2024-06-15,2024,668942,L,543135,R,walk,False,True,185.0,0.271,29.0,15.68,16.0,8.65,0.7430000000000001,0.133,18.26,8.44,16.46,24.9,22.32,14.01,299.0,0.249,64.0,21.4,22.0,7.36,0.6559999999999999,0.1019999999999999,22.77,10.13,19.65,29.78,25.55,19.69,102.0,0.183,32.0,31.37,8.0,7.84,0.546,0.118,30.85,15.14,19.06,34.2,32.96,28.57,264.0,0.201,52.0,19.7,17.0,6.44,0.579,0.123,25.95,12.73,14.8,27.54,27.76,20.08
745241,2024-06-15,2024,677594,R,543135,R,single,False,False,221.0,0.251,61.0,27.6,13.0,5.88,0.623,0.07300000000000001,30.66,16.4,12.22,28.62,36.34,19.67,545.0,0.267,127.0,23.3,35.0,6.42,0.8109999999999999,0.2169999999999999,27.93,14.91,13.12,28.03,38.34,22.84,127.0,0.227,26.0,20.47,12.0,9.45,0.706,0.164,29.41,14.52,15.77,30.29,31.23,17.93,315.0,0.245,80.0,25.4,30.0,9.52,0.762,0.188,26.86,12.53,15.37,27.9,29.24,19.32
745241,2024-06-15,2024,663728,L,543135,R,single,False,False,186.0,0.232,66.0,35.48,17.0,9.14,0.7,0.167,30.52,15.24,13.51,28.75,30.61,23.3,462.0,0.235,126.0,27.27,47.0,10.17,0.7909999999999999,0.241,29.58,14.2,14.09,28.29,30.53,21.36,102.0,0.183,32.0,31.37,8.0,7.84,0.546,0.118,30.85,15.14,19.06,34.2,32.96,28.57,264.0,0.201,52.0,19.7,17.0,6.44,0.579,0.123,25.95,12.73,14.8,27.54,27.76,20.08
745241,2024-06-15,2024,641598,R,543135,R,strikeout,True,False,162.0,0.157,51.0,31.48,22.0,13.58,0.577,0.13399999999999998,33.58,13.07,22.32,35.39,18.43,23.29,262.0,0.25,70.0,26.72,25.0,9.54,0.845,0.267,25.84,10.63,19.22,29.85,18.71,21.21,127.0,0.227,26.0,20.47,12.0,9.45,0.706,0.164,29.41,14.52,15.77,30.29,31.23,17.93,315.0,0.245,80.0,25.4,30.0,9.52,0.762,0.188,26.86,12.53,15.37,27.9,29.24,19.32
745241,2024-06-15,2024,670042,L,543135,R,strikeout,True,False,149.0,0.264,46.0,30.87,4.0,2.68,0.752,0.179,35.64,19.6,10.89,30.49,30.22,29.68,363.0,0.247,112.0,30.85,26.0,7.16,0.8340000000000001,0.25,38.6,19.83,11.57,31.39,31.1,26.79,102.0,0.183,32.0,31.37,8.0,7.84,0.546,0.118,30.85,15.14,19.06,34.2,32.96,28.57,264.0,0.201,52.0,19.7,17.0,6.44,0.579,0.123,25.95,12.73,14.8,27.54,27.76,20.08
745241,2024-06-15,2024,694671,R,669923,R,strikeout,True,False,139.0,0.25,25.0,17.99,10.0,7.19,0.614,0.05499999999999999,20.08,8.93,18.74,27.67,23.29,13.44,,,,,,,,,,,,,,,169.0,0.217,33.0,19.53,1.0,0.59,0.545,0.10200000000000001,21.91,12.3,14.51,26.81,37.7,14.93,404.0,0.247,90.0,22.28,8.0,1.98,0.659,0.141,24.39,13.48,15.5,28.98,35.88,18.67
745241,2024-06-15,2024,608671,L,669923,R,field_out,False,False,92.0,0.262,16.0,17.39,6.0,6.52,0.659,0.07100000000000001,13.12,5.69,21.41,27.1,19.53,13.91,256.0,0.269,37.0,14.45,32.0,12.5,0.698,0.064,14.4,5.5,22.1,27.6,16.03,15.16,159.0,0.265,45.0,28.3,6.0,3.77,0.7749999999999999,0.21099999999999997,25.32,13.06,17.85,30.91,26.2,21.53,354.0,0.246,82.0,23.16,11.0,3.11,0.672,0.156,21.25,11.4,17.29,28.69,29.11,18.14
745241,2024-06-15,2024,543257,L,669923,R,field_out,False,False,75.0,0.141,19.0,25.33,10.0,13.33,0.425,0.031,20.63,7.76,19.4,27.16,14.63,19.19,283.0,0.206,66.0,23.32,34.0,12.01,0.633,0.123,20.58,8.17,20.25,28.42,17.66,20.62,159.0,0.265,45.0,28.3,6.0,3.77,0.7749999999999999,0.21099999999999997,25.32,13.06,17.85,30.91,26.2,21.53,354.0,0.246,82.0,23.16,11.0,3.11,0.672,0.156,21.25,11.4,17.29,28.69,29.11,18.14
745241,2024-06-15,2024,686527,L,543135,R,field_out,False,False,92.0,0.207,24.0,26.09,9.0,9.78,0.746,0.256,33.93,17.38,16.16,33.54,40.0,24.74,155.0,0.221,26.0,16.77,5.0,3.23,0.661,0.1879999999999999,24.65,13.73,16.86,30.59,41.27,21.85,102.0,0.183,32.0,31.37,8.0,7.84,0.546,0.118,30.85,15.14,19.06,34.2,32.96,28.57,264.0,0.201,52.0,19.7,17.0,6.44,0.579,0.123,25.95,12.73,14.8,27.54,27.76,20.08
745241,2024-06-15,2024,682988,R,543135,R,strikeout,True,False,11.0,0.3,3.0,27.27,0.0,0.0,0.764,0.10000000000000003,19.05,8.7,17.39,26.09,23.81,17.65,,,,,,,,,,,,,,,127.0,0.227,26.0,20.47,12.0,9.45,0.706,0.164,29.41,14.52,15.77,30.29,31.23,17.93,315.0,0.245,80.0,25.4,30.0,9.52,0.762,0.188,26.86,12.53,15.37,27.9,29.24,19.32
745241,2024-06-15,2024,664238,R,543135,R,strikeout,True,False,136.0,0.211,36.0,26.47,14.0,10.29,0.7170000000000001,0.17500000000000002,25.32,10.85,18.08,28.93,18.25,21.18,73.0,0.188,28.0,38.36,6.0,8.22,0.647,0.1709999999999999,33.56,16.33,21.33,37.67,34.46,26.17,127.0,0.227,26.0,20.47,12.0,9.45,0.706,0.164,29.41,14.52,15.77,30.29,31.23,17.93,315.0,0.245,80.0,25.4,30.0,9.52,0.762,0.188,26.86,12.53,15.37,27.9,29.24,19.32
745241,2024-06-15,2024,677649,R,669923,R,field_out,False,False,93.0,0.27,22.0,23.66,3.0,3.23,0.6719999999999999,0.10099999999999998,23.71,13.26,11.53,24.78,37.22,16.54,308.0,0.277,86.0,27.92,13.0,4.22,0.738,0.1409999999999999,28.89,15.73,13.64,29.37,39.12,22.25,169.0,0.217,33.0,19.53,1.0,0.59,0.545,0.10200000000000001,21.91,12.3,14.51,26.81,37.7,14.93,404.0,0.247,90.0,22.28,8.0,1.98,0.659,0.141,24.39,13.48,15.5,28.98,35.88,18.67
745241,2024-06-15,2024,668800,R,669923,R,strikeout,True,False,32.0,0.161,8.0,25.0,1.0,3.12,0.446,0.097,27.69,14.63,18.7,33.33,45.07,19.05,161.0,0.264,40.0,24.84,9.0,5.59,0.731,0.1549999999999999,26.76,14.36,14.36,28.73,35.04,24.84,169.0,0.217,33.0,19.53,1.0,0.59,0.545,0.10200000000000001,21.91,12.3,14.51,26.81,37.7,14.93,404.0,0.247,90.0,22.28,8.0,1.98,0.659,0.141,24.39,13.48,15.5,28.98,35.88,18.67
745241,2024-06-15,2024,543760,R,669923,R,field_out,False,False,214.0,0.222,30.0,14.02,18.0,8.41,0.6559999999999999,0.144,20.82,10.61,14.25,24.86,25.5,17.14,544.0,0.273,77.0,14.15,52.0,9.56,0.8360000000000001,0.2199999999999999,18.01,8.45,14.48,22.93,21.97,13.9,169.0,0.217,33.0,19.53,1.0,0.59,0.545,0.10200000000000001,21.91,12.3,14.51,26.81,37.7,14.93,404.0,0.247,90.0,22.28,8.0,1.98,0.659,0.141,24.39,13.48,15.5,28.98,35.88,18.67
745241,2024-06-15,2024,641487,L,543135,R,strikeout,True,False,142.0,0.169,32.0,22.54,16.0,11.27,0.583,0.146,17.41,7.0,20.2,27.2,18.69,17.3,446.0,0.266,84.0,18.83,67.0,15.02,0.845,0.197,18.19,6.93,19.49,26.42,17.9,17.39,102.0,0.183,32.0,31.37,8.0,7.84,0.546,0.118,30.85,15.14,19.06,34.2,32.96,28.57,264.0,0.201,52.0,19.7,17.0,6.44,0.579,0.123,25.95,12.73,14.8,27.54,27.76,20.08
745241,2024-06-15,2024,668942,L,543135,R,walk,False,True,185.0,0.271,29.0,15.68,16.0,8.65,0.7430000000000001,0.133,18.26,8.44,16.46,24.9,22.32,14.01,299.0,0.249,64.0,21.4,22.0,7.36,0.6559999999999999,0.1019999999999999,22.77,10.13,19.65,29.78,25.55,19.69,102.0,0.183,32.0,31.37,8.0,7.84,0.546,0.118,30.85,15.14,19.06,34.2,32.96,28.57,264.0,0.201,52.0,19.7,17.0,6.44,0.579,0.123,25.95,12.73,14.8,27.54,27.76,20.08
745241,2024-06-15,2024,677594,R,543135,R,home_run,False,False,221.0,0.251,61.0,27.6,13.0,5.88,0.623,0.07300000000000001,30.66,16.4,12.22,28.62,36.34,19.67,545.0,0.267,127.0,23.3,35.0,6.42,0.8109999999999999,0.2169999999999999,27.93,14.91,13.12,28.03,38.34,22.84,127.0,0.227,26.0,20.47,12.0,9.45,0.706,0.164,29.41,14.52,15.77,30.29,31.23,17.93,315.0,0.245,80.0,25.4,30.0,9.52,0.762,0.188,26.86,12.53,15.37,27.9,29.24,19.32
745241,2024-06-15,2024,663728,L,543135,R,walk,False,True,186.0,0.232,66.0,35.48,17.0,9.14,0.7,0.167,30.52,15.24,13.51,28.75,30.61,23.3,462.0,0.235,126.0,27.27,47.0,10.17,0.7909999999999999,0.241,29.58,14.2,14.09,28.29,30.53,21.36,102.0,0.183,32.0,31.37,8.0,7.84,0.546,0.118,30.85,15.14,19.06,34.2,32.96,28.57,264.0,0.201,52.0,19.7,17.0,6.44,0.579,0.123,25.95,12.73,14.8,27.54,27.76,20.08
745241,2024-06-15,2024,641598,R,543135,R,walk,False,True,162.0,0.157,51.0,31.48,22.0,13.58,0.577,0.13399999999999998,33.58,13.07,22.32,35.39,18.43,23.29,262.0,0.25,70.0,26.72,25.0,9.54,0.845,0.267,25.84,10.63,19.22,29.85,18.71,21.21,127.0,0.227,26.0,20.47,12.0,9.45,0.706,0.164,29.41,14.52,15.77,30.29,31.23,17.93,315.0,0.245,80.0,25.4,30.0,9.52,0.762,0.188,26.86,12.53,15.37,27.9,29.24,19.32
745241,2024-06-15,2024,670042,L,543135,R,strikeout,True,False,149.0,0.264,46.0,30.87,4.0,2.68,0.752,0.179,35.64,19.6,10.89,30.49,30.22,29.68,363.0,0.247,112.0,30.85,26.0,7.16,0.8340000000000001,0.25,38.6,19.83,11.57,31.39,31.1,26.79,102.0,0.183,32.0,31.37,8.0,7.84,0.546,0.118,30.85,15.14,19.06,34.2,32.96,28.57,264.0,0.201,52.0,19.7,17.0,6.44,0.579,0.123,25.95,12.73,14.8,27.54,27.76,20.08
745241,2024-06-15,2024,686527,L,543135,R,single,False,False,92.0,0.207,24.0,26.09,9.0,9.78,0.746,0.256,33.93,17.38,16.16,33.54,40.0,24.74,155.0,0.221,26.0,16.77,5.0,3.23,0.661,0.1879999999999999,24.65,13.73,16.86,30.59,41.27,21.85,102.0,0.183,32.0,31.37,8.0,7.84,0.546,0.118,30.85,15.14,19.06,34.2,32.96,28.57,264.0,0.201,52.0,19.7,17.0,6.44,0.579,0.123,25.95,12.73,14.8,27.54,27.76,20.08
745241,2024-06-15,2024,682988,R,543135,R,force_out,False,False,11.0,0.3,3.0,27.27,0.0,0.0,0.764,0.10000000000000003,19.05,8.7,17.39,26.09,23.81,17.65,,,,,,,,,,,,,,,127.0,0.227,26.0,20.47,12.0,9.45,0.706,0.164,29.41,14.52,15.77,30.29,31.23,17.93,315.0,0.245,80.0,25.4,30.0,9.52,0.762,0.188,26.86,12.53,15.37,27.9,29.24,19.32
745241,2024-06-15,2024,608369,L,669923,R,field_out,False,False,173.0,0.279,19.0,10.98,31.0,17.92,0.946,0.257,19.73,9.53,8.08,17.61,24.05,12.67,370.0,0.333,55.0,14.86,42.0,11.35,1.075,0.334,23.9,12.77,6.35,19.12,27.26,15.8,159.0,0.265,45.0,28.3,6.0,3.77,0.7749999999999999,0.21099999999999997,25.32,13.06,17.85,30.91,26.2,21.53,354.0,0.246,82.0,23.16,11.0,3.11,0.672,0.156,21.25,11.4,17.29,28.69,29.11,18.14
745241,2024-06-15,2024,666969,R,669923,R,walk,False,True,188.0,0.202,49.0,26.06,11.0,5.85,0.654,0.197,35.23,18.28,11.67,29.96,34.79,24.5,480.0,0.245,138.0,28.75,41.0,8.54,0.8260000000000001,0.264,31.65,15.93,13.92,29.85,32.02,21.97,169.0,0.217,33.0,19.53,1.0,0.59,0.545,0.10200000000000001,21.91,12.3,14.51,26.81,37.7,14.93,404.0,0.247,90.0,22.28,8.0,1.98,0.659,0.141,24.39,13.48,15.5,28.98,35.88,18.67
745241,2024-06-15,2024,663993,L,669923,R,field_out,False,False,129.0,0.248,25.0,19.38,17.0,13.18,0.698,0.10099999999999998,14.98,6.18,18.36,24.55,26.35,14.79,505.0,0.279,113.0,22.38,69.0,13.66,0.833,0.172,19.81,8.64,15.62,24.26,19.45,16.87,159.0,0.265,45.0,28.3,6.0,3.77,0.7749999999999999,0.21099999999999997,25.32,13.06,17.85,30.91,26.2,21.53,354.0,0.246,82.0,23.16,11.0,3.11,0.672,0.156,21.25,11.4,17.29,28.69,29.11,18.14
745241,2024-06-15,2024,694671,R,669923,R,single,False,False,139.0,0.25,25.0,17.99,10.0,7.19,0.614,0.05499999999999999,20.08,8.93,18.74,27.67,23.29,13.44,,,,,,,,,,,,,,,169.0,0.217,33.0,19.53,1.0,0.59,0.545,0.10200000000000001,21.91,12.3,14.51,26.81,37.7,14.93,404.0,0.247,90.0,22.28,8.0,1.98,0.659,0.141,24.39,13.48,15.5,28.98,35.88,18.67
745241,2024-06-15,2024,608671,L,669923,R,strikeout,True,False,92.0,0.262,16.0,17.39,6.0,6.52,0.659,0.07100000000000001,13.12,5.69,21.41,27.1,19.53,13.91,256.0,0.269,37.0,14.45,32.0,12.5,0.698,0.064,14.4,5.5,22.1,27.6,16.03,15.16,159.0,0.265,45.0,28.3,6.0,3.77,0.7749999999999999,0.21099999999999997,25.32,13.06,17.85,30.91,26.2,21.53,354.0,0.246,82.0,23.16,11.0,3.11,0.672,0.156,21.25,11.4,17.29,28.69,29.11,18.14
745241,2024-06-15,2024,664238,R,656271,L,field_out,False,False,75.0,0.206,19.0,25.33,7.0,9.33,0.706,0.207,21.54,9.59,17.12,26.71,20.57,22.62,92.0,0.222,28.0,30.43,10.0,10.87,0.796,0.259,33.33,14.66,18.06,32.72,23.83,23.53,11.0,0.4,4.0,36.36,1.0,9.09,1.055,0.19999999999999996,42.86,23.08,7.69,30.77,22.22,44.44,167.0,0.261,29.0,17.37,6.0,3.59,0.792,0.236,20.63,12.02,10.94,22.96,32.86,13.36
745241,2024-06-15,2024,641487,L,656271,L,strikeout,True,False,64.0,0.298,8.0,12.5,7.0,10.94,0.849,0.176,13.59,5.2,23.42,28.62,10.53,9.64,193.0,0.267,41.0,21.24,27.0,13.99,0.755,0.1149999999999999,19.56,7.7,20.12,27.83,20.15,17.67,8.0,0.714,1.0,12.5,0.0,0.0,2.1790000000000003,0.7150000000000001,9.09,4.35,13.04,17.39,25.0,25.0,83.0,0.291,23.0,27.71,3.0,3.61,0.731,0.127,26.62,13.26,17.92,31.18,24.58,31.08
745241,2024-06-15,2024,668942,L,656271,L,strikeout,True,False,23.0,0.143,9.0,39.13,2.0,8.7,0.36,0.0,38.89,16.28,23.26,39.53,21.43,37.5,54.0,0.224,17.0,31.48,5.0,9.26,0.5609999999999999,0.041,32.61,13.64,21.82,35.45,26.36,24.29,8.0,0.714,1.0,12.5,0.0,0.0,2.1790000000000003,0.7150000000000001,9.09,4.35,13.04,17.39,25.0,25.0,83.0,0.291,23.0,27.71,3.0,3.61,0.731,0.127,26.62,13.26,17.92,31.18,24.58,31.08
745241,2024-06-15,2024,543257,L,669923,R,field_out,False,False,75.0,0.141,19.0,25.33,10.0,13.33,0.425,0.031,20.63,7.76,19.4,27.16,14.63,19.19,283.0,0.206,66.0,23.32,34.0,12.01,0.633,0.123,20.58,8.17,20.25,28.42,17.66,20.62,159.0,0.265,45.0,28.3,6.0,3.77,0.7749999999999999,0.21099999999999997,25.32,13.06,17.85,30.91,26.2,21.53,354.0,0.246,82.0,23.16,11.0,3.11,0.672,0.156,21.25,11.4,17.29,28.69,29.11,18.14
745241,2024-06-15,2024,677649,R,669923,R,single,False,False,93.0,0.27,22.0,23.66,3.0,3.23,0.6719999999999999,0.10099999999999998,23.71,13.26,11.53,24.78,37.22,16.54,308.0,0.277,86.0,27.92,13.0,4.22,0.738,0.1409999999999999,28.89,15.73,13.64,29.37,39.12,22.25,169.0,0.217,33.0,19.53,1.0,0.59,0.545,0.10200000000000001,21.91,12.3,14.51,26.81,37.7,14.93,404.0,0.247,90.0,22.28,8.0,1.98,0.659,0.141,24.39,13.48,15.5,28.98,35.88,18.67
745241,2024-06-15,2024,668800,R,669923,R,field_out,False,False,32.0,0.161,8.0,25.0,1.0,3.12,0.446,0.097,27.69,14.63,18.7,33.33,45.07,19.05,161.0,0.264,40.0,24.84,9.0,5.59,0.731,0.1549999999999999,26.76,14.36,14.36,28.73,35.04,24.84,169.0,0.217,33.0,19.53,1.0,0.59,0.545,0.10200000000000001,21.91,12.3,14.51,26.81,37.7,14.93,404.0,0.247,90.0,22.28,8.0,1.98,0.659,0.141,24.39,13.48,15.5,28.98,35.88,18.67
745241,2024-06-15,2024,543760,R,669923,R,double,False,False,214.0,0.222,30.0,14.02,18.0,8.41,0.6559999999999999,0.144,20.82,10.61,14.25,24.86,25.5,17.14,544.0,0.273,77.0,14.15,52.0,9.56,0.8360000000000001,0.2199999999999999,18.01,8.45,14.48,22.93,21.97,13.9,169.0,0.217,33.0,19.53,1.0,0.59,0.545,0.10200000000000001,21.91,12.3,14.51,26.81,37.7,14.93,404.0,0.247,90.0,22.28,8.0,1.98,0.659,0.141,24.39,13.48,15.5,28.98,35.88,18.67
745241,2024-06-15,2024,608369,L,669923,R,field_out,False,False,173.0,0.279,19.0,10.98,31.0,17.92,0.946,0.257,19.73,9.53,8.08,17.61,24.05,12.67,370.0,0.333,55.0,14.86,42.0,11.35,1.075,0.334,23.9,12.77,6.35,19.12,27.26,15.8,159.0,0.265,45.0,28.3,6.0,3.77,0.7749999999999999,0.21099999999999997,25.32,13.06,17.85,30.91,26.2,21.53,354.0,0.246,82.0,23.16,11.0,3.11,0.672,0.156,21.25,11.4,17.29,28.69,29.11,18.14
745241,2024-06-15,2024,677594,R,656271,L,field_out,False,False,84.0,0.303,24.0,28.57,6.0,7.14,0.782,0.118,33.53,18.15,10.51,28.66,36.31,25.26,169.0,0.301,48.0,28.4,12.0,7.1,0.842,0.186,29.55,15.52,11.29,26.8,35.14,26.23,11.0,0.4,4.0,36.36,1.0,9.09,1.055,0.19999999999999996,42.86,23.08,7.69,30.77,22.22,44.44,167.0,0.261,29.0,17.37,6.0,3.59,0.792,0.236,20.63,12.02,10.94,22.96,32.86,13.36
745241,2024-06-15,2024,663728,R,656271,L,field_out,False,False,64.0,0.13,18.0,28.12,6.0,9.38,0.641,0.27699999999999997,33.57,17.98,9.74,27.72,32.86,19.57,108.0,0.218,32.0,29.63,7.0,6.48,0.645,0.158,31.38,17.77,9.0,26.78,35.38,24.06,11.0,0.4,4.0,36.36,1.0,9.09,1.055,0.19999999999999996,42.86,23.08,7.69,30.77,22.22,44.44,167.0,0.261,29.0,17.37,6.0,3.59,0.792,0.236,20.63,12.02,10.94,22.96,32.86,13.36
745241,2024-06-15,2024,641598,R,656271,L,field_out,False,False,69.0,0.22,16.0,23.19,10.0,14.49,0.825,0.272,24.0,9.2,21.78,30.98,19.39,13.11,84.0,0.344,12.0,14.29,19.0,22.62,0.938,0.094,15.7,5.37,20.06,25.42,13.76,12.9,11.0,0.4,4.0,36.36,1.0,9.09,1.055,0.19999999999999996,42.86,23.08,7.69,30.77,22.22,44.44,167.0,0.261,29.0,17.37,6.0,3.59,0.792,0.236,20.63,12.02,10.94,22.96,32.86,13.36
745241,2024-06-15,2024,666969,R,669923,R,strikeout,True,False,188.0,0.202,49.0,26.06,11.0,5.85,0.654,0.197,35.23,18.28,11.67,29.96,34.79,24.5,480.0,0.245,138.0,28.75,41.0,8.54,0.8260000000000001,0.264,31.65,15.93,13.92,29.85,32.02,21.97,169.0,0.217,33.0,19.53,1.0,0.59,0.545,0.10200000000000001,21.91,12.3,14.51,26.81,37.7,14.93,404.0,0.247,90.0,22.28,8.0,1.98,0.659,0.141,24.39,13.48,15.5,28.98,35.88,18.67
745241,2024-06-15,2024,663993,L,669923,R,strikeout,True,False,129.0,0.248,25.0,19.38,17.0,13.18,0.698,0.10099999999999998,14.98,6.18,18.36,24.55,26.35,14.79,505.0,0.279,113.0,22.38,69.0,13.66,0.833,0.172,19.81,8.64,15.62,24.26,19.45,16.87,159.0,0.265,45.0,28.3,6.0,3.77,0.7749999999999999,0.21099999999999997,25.32,13.06,17.85,30.91,26.2,21.53,354.0,0.246,82.0,23.16,11.0,3.11,0.672,0.156,21.25,11.4,17.29,28.69,29.11,18.14
745241,2024-06-15,2024,694671,R,669923,R,strikeout,True,False,139.0,0.25,25.0,17.99,10.0,7.19,0.614,0.05499999999999999,20.08,8.93,18.74,27.67,23.29,13.44,,,,,,,,,,,,,,,169.0,0.217,33.0,19.53,1.0,0.59,0.545,0.10200000000000001,21.91,12.3,14.51,26.81,37.7,14.93,404.0,0.247,90.0,22.28,8.0,1.98,0.659,0.141,24.39,13.48,15.5,28.98,35.88,18.67
745241,2024-06-15,2024,670042,L,656271,L,strikeout,True,False,28.0,0.231,6.0,21.43,2.0,7.14,0.671,0.154,26.92,13.08,15.89,28.97,25.49,21.43,44.0,0.268,16.0,36.36,2.0,4.55,0.741,0.1709999999999999,41.18,22.58,15.48,38.06,33.8,36.36,8.0,0.714,1.0,12.5,0.0,0.0,2.1790000000000003,0.7150000000000001,9.09,4.35,13.04,17.39,25.0,25.0,83.0,0.291,23.0,27.71,3.0,3.61,0.731,0.127,26.62,13.26,17.92,31.18,24.58,31.08
745241,2024-06-15,2024,686527,L,656271,L,strikeout,True,False,7.0,0.0,3.0,42.86,1.0,14.29,0.143,0.0,38.46,13.89,22.22,36.11,5.56,23.08,27.0,0.208,6.0,22.22,3.0,11.11,0.629,0.125,31.11,14.74,20.0,34.74,44.23,23.08,8.0,0.714,1.0,12.5,0.0,0.0,2.1790000000000003,0.7150000000000001,9.09,4.35,13.04,17.39,25.0,25.0,83.0,0.291,23.0,27.71,3.0,3.61,0.731,0.127,26.62,13.26,17.92,31.18,24.58,31.08
745241,2024-06-15,2024,682988,R,656271,L,walk,False,True,10.0,0.2,5.0,50.0,0.0,0.0,0.7,0.3,48.0,31.58,7.89,39.47,42.11,33.33,,,,,,,,,,,,,,,11.0,0.4,4.0,36.36,1.0,9.09,1.055,0.19999999999999996,42.86,23.08,7.69,30.77,22.22,44.44,167.0,0.261,29.0,17.37,6.0,3.59,0.792,0.236,20.63,12.02,10.94,22.96,32.86,13.36
745241,2024-06-15,2024,664238,R,642546,R,walk,False,True,136.0,0.211,36.0,26.47,14.0,10.29,0.7170000000000001,0.17500000000000002,25.32,10.85,18.08,28.93,18.25,21.18,73.0,0.188,28.0,38.36,6.0,8.22,0.647,0.1709999999999999,33.56,16.33,21.33,37.67,34.46,26.17,52.0,0.214,11.0,21.15,10.0,19.23,0.698,0.11900000000000002,33.0,14.8,13.0,27.8,26.92,15.28,92.0,0.329,22.0,23.91,9.0,9.78,0.934,0.203,29.73,12.83,19.24,32.07,27.13,23.91
745241,2024-06-15,2024,641487,L,642546,R,strikeout,True,False,142.0,0.169,32.0,22.54,16.0,11.27,0.583,0.146,17.41,7.0,20.2,27.2,18.69,17.3,446.0,0.266,84.0,18.83,67.0,15.02,0.845,0.197,18.19,6.93,19.49,26.42,17.9,17.39,40.0,0.242,8.0,20.0,7.0,17.5,0.739,0.122,28.99,13.16,15.79,28.95,29.55,17.39,55.0,0.196,12.0,21.82,6.0,10.91,0.5760000000000001,0.065,30.53,13.55,14.49,28.04,29.31,20.69
745241,2024-06-15,2024,608671,L,663423,R,field_out,False,False,92.0,0.262,16.0,17.39,6.0,6.52,0.659,0.07100000000000001,13.12,5.69,21.41,27.1,19.53,13.91,256.0,0.269,37.0,14.45,32.0,12.5,0.698,0.064,14.4,5.5,22.1,27.6,16.03,15.16,51.0,0.255,15.0,29.41,2.0,3.92,0.6200000000000001,0.08500000000000002,22.61,13.33,15.38,28.72,43.02,21.74,55.0,0.308,7.0,12.73,3.0,5.45,0.903,0.25,15.48,6.6,22.34,28.93,14.63,11.86
745241,2024-06-15,2024,543257,L,663423,R,strikeout,True,False,75.0,0.141,19.0,25.33,10.0,13.33,0.425,0.031,20.63,7.76,19.4,27.16,14.63,19.19,283.0,0.206,66.0,23.32,34.0,12.01,0.633,0.123,20.58,8.17,20.25,28.42,17.66,20.62,51.0,0.255,15.0,29.41,2.0,3.92,0.6200000000000001,0.08500000000000002,22.61,13.33,15.38,28.72,43.02,21.74,55.0,0.308,7.0,12.73,3.0,5.45,0.903,0.25,15.48,6.6,22.34,28.93,14.63,11.86
745241,2024-06-15,2024,677649,R,663423,R,field_out,False,False,93.0,0.27,22.0,23.66,3.0,3.23,0.6719999999999999,0.10099999999999998,23.71,13.26,11.53,24.78,37.22,16.54,308.0,0.277,86.0,27.92,13.0,4.22,0.738,0.1409999999999999,28.89,15.73,13.64,29.37,39.12,22.25,69.0,0.155,15.0,21.74,8.0,11.59,0.51,0.086,31.45,14.77,15.91,30.68,24.29,20.0,70.0,0.209,19.0,27.14,3.0,4.29,0.5860000000000001,0.134,26.12,13.36,17.18,30.53,37.78,20.88
745241,2024-06-15,2024,668942,L,642546,R,home_run,False,False,185.0,0.271,29.0,15.68,16.0,8.65,0.7430000000000001,0.133,18.26,8.44,16.46,24.9,22.32,14.01,299.0,0.249,64.0,21.4,22.0,7.36,0.6559999999999999,0.1019999999999999,22.77,10.13,19.65,29.78,25.55,19.69,40.0,0.242,8.0,20.0,7.0,17.5,0.739,0.122,28.99,13.16,15.79,28.95,29.55,17.39,55.0,0.196,12.0,21.82,6.0,10.91,0.5760000000000001,0.065,30.53,13.55,14.49,28.04,29.31,20.69
745241,2024-06-15,2024,677594,R,642546,R,field_out,False,False,221.0,0.251,61.0,27.6,13.0,5.88,0.623,0.07300000000000001,30.66,16.4,12.22,28.62,36.34,19.67,545.0,0.267,127.0,23.3,35.0,6.42,0.8109999999999999,0.2169999999999999,27.93,14.91,13.12,28.03,38.34,22.84,52.0,0.214,11.0,21.15,10.0,19.23,0.698,0.11900000000000002,33.0,14.8,13.0,27.8,26.92,15.28,92.0,0.329,22.0,23.91,9.0,9.78,0.934,0.203,29.73,12.83,19.24,32.07,27.13,23.91
745241,2024-06-15,2024,663728,L,642546,R,strikeout,True,False,186.0,0.232,66.0,35.48,17.0,9.14,0.7,0.167,30.52,15.24,13.51,28.75,30.61,23.3,462.0,0.235,126.0,27.27,47.0,10.17,0.7909999999999999,0.241,29.58,14.2,14.09,28.29,30.53,21.36,40.0,0.242,8.0,20.0,7.0,17.5,0.739,0.122,28.99,13.16,15.79,28.95,29.55,17.39,55.0,0.196,12.0,21.82,6.0,10.91,0.5760000000000001,0.065,30.53,13.55,14.49,28.04,29.31,20.69
745241,2024-06-15,2024,641598,R,642546,R,strikeout,True,False,162.0,0.157,51.0,31.48,22.0,13.58,0.577,0.13399999999999998,33.58,13.07,22.32,35.39,18.43,23.29,262.0,0.25,70.0,26.72,25.0,9.54,0.845,0.267,25.84,10.63,19.22,29.85,18.71,21.21,52.0,0.214,11.0,21.15,10.0,19.23,0.698,0.11900000000000002,33.0,14.8,13.0,27.8,26.92,15.28,92.0,0.329,22.0,23.91,9.0,9.78,0.934,0.203,29.73,12.83,19.24,32.07,27.13,23.91
745241,2024-06-15,2024,668800,R,663423,R,field_out,False,False,32.0,0.161,8.0,25.0,1.0,3.12,0.446,0.097,27.69,14.63,18.7,33.33,45.07,19.05,161.0,0.264,40.0,24.84,9.0,5.59,0.731,0.1549999999999999,26.76,14.36,14.36,28.73,35.04,24.84,69.0,0.155,15.0,21.74,8.0,11.59,0.51,0.086,31.45,14.77,15.91,30.68,24.29,20.0,70.0,0.209,19.0,27.14,3.0,4.29,0.5860000000000001,0.134,26.12,13.36,17.18,30.53,37.78,20.88
745241,2024-06-15,2024,543760,R,663423,R,single,False,False,214.0,0.222,30.0,14.02,18.0,8.41,0.6559999999999999,0.144,20.82,10.61,14.25,24.86,25.5,17.14,544.0,0.273,77.0,14.15,52.0,9.56,0.8360000000000001,0.2199999999999999,18.01,8.45,14.48,22.93,21.97,13.9,69.0,0.155,15.0,21.74,8.0,11.59,0.51,0.086,31.45,14.77,15.91,30.68,24.29,20.0,70.0,0.209,19.0,27.14,3.0,4.29,0.5860000000000001,0.134,26.12,13.36,17.18,30.53,37.78,20.88
745241,2024-06-15,2024,608369,L,642048,L,grounded_into_double_play,False,False,85.0,0.25,25.0,29.41,1.0,1.18,0.64,0.131,27.16,15.17,11.72,26.9,29.46,35.21,166.0,0.314,33.0,19.88,7.0,4.22,0.881,0.218,27.65,15.41,9.68,25.09,30.66,22.92,29.0,0.167,8.0,27.59,4.0,13.79,0.518,0.04099999999999998,28.0,12.5,16.96,29.46,28.07,23.53,69.0,0.21,16.0,23.19,4.0,5.8,0.516,0.048,28.1,13.77,21.05,34.82,33.02,23.19
745241,2024-06-15,2024,670042,L,622786,R,field_out,False,False,149.0,0.264,46.0,30.87,4.0,2.68,0.752,0.179,35.64,19.6,10.89,30.49,30.22,29.68,363.0,0.247,112.0,30.85,26.0,7.16,0.8340000000000001,0.25,38.6,19.83,11.57,31.39,31.1,26.79,21.0,0.278,3.0,14.29,2.0,9.52,0.881,0.22199999999999998,25.53,12.24,13.27,25.51,32.76,8.33,,,,,,,,,,,,,,
745241,2024-06-15,2024,686527,L,622786,R,single,False,False,92.0,0.207,24.0,26.09,9.0,9.78,0.746,0.256,33.93,17.38,16.16,33.54,40.0,24.74,155.0,0.221,26.0,16.77,5.0,3.23,0.661,0.1879999999999999,24.65,13.73,16.86,30.59,41.27,21.85,21.0,0.278,3.0,14.29,2.0,9.52,0.881,0.22199999999999998,25.53,12.24,13.27,25.51,32.76,8.33,,,,,,,,,,,,,,
745241,2024-06-15,2024,682988,R,622786,R,strikeout,True,False,11.0,0.3,3.0,27.27,0.0,0.0,0.764,0.10000000000000003,19.05,8.7,17.39,26.09,23.81,17.65,,,,,,,,,,,,,,,22.0,0.222,5.0,22.73,3.0,13.64,0.753,0.167,34.21,15.66,14.46,30.12,25.0,21.74,,,,,,,,,,,,,,
745241,2024-06-15,2024,664238,R,622786,R,walk,False,True,136.0,0.211,36.0,26.47,14.0,10.29,0.7170000000000001,0.17500000000000002,25.32,10.85,18.08,28.93,18.25,21.18,73.0,0.188,28.0,38.36,6.0,8.22,0.647,0.1709999999999999,33.56,16.33,21.33,37.67,34.46,26.17,22.0,0.222,5.0,22.73,3.0,13.64,0.753,0.167,34.21,15.66,14.46,30.12,25.0,21.74,,,,,,,,,,,,,,
745241,2024-06-15,2024,641487,L,622786,R,walk,False,True,142.0,0.169,32.0,22.54,16.0,11.27,0.583,0.146,17.41,7.0,20.2,27.2,18.69,17.3,446.0,0.266,84.0,18.83,67.0,15.02,0.845,0.197,18.19,6.93,19.49,26.42,17.9,17.39,21.0,0.278,3.0,14.29,2.0,9.52,0.881,0.22199999999999998,25.53,12.24,13.27,25.51,32.76,8.33,,,,,,,,,,,,,,
745241,2024-06-15,2024,668942,L,622786,R,single,False,False,185.0,0.271,29.0,15.68,16.0,8.65,0.7430000000000001,0.133,18.26,8.44,16.46,24.9,22.32,14.01,299.0,0.249,64.0,21.4,22.0,7.36,0.6559999999999999,0.1019999999999999,22.77,10.13,19.65,29.78,25.55,19.69,21.0,0.278,3.0,14.29,2.0,9.52,0.881,0.22199999999999998,25.53,12.24,13.27,25.51,32.76,8.33,,,,,,,,,,,,,,
745241,2024-06-15,2024,677594,R,622786,R,force_out,False,False,221.0,0.251,61.0,27.6,13.0,5.88,0.623,0.07300000000000001,30.66,16.4,12.22,28.62,36.34,19.67,545.0,0.267,127.0,23.3,35.0,6.42,0.8109999999999999,0.2169999999999999,27.93,14.91,13.12,28.03,38.34,22.84,22.0,0.222,5.0,22.73,3.0,13.64,0.753,0.167,34.21,15.66,14.46,30.12,25.0,21.74,,,,,,,,,,,,,,
745241,2024-06-15,2024,666969,R,660825,R,single,False,False,188.0,0.202,49.0,26.06,11.0,5.85,0.654,0.197,35.23,18.28,11.67,29.96,34.79,24.5,480.0,0.245,138.0,28.75,41.0,8.54,0.8260000000000001,0.264,31.65,15.93,13.92,29.85,32.02,21.97,19.0,0.143,4.0,21.05,3.0,15.79,0.508,0.07100000000000001,18.75,7.59,16.46,24.05,30.61,15.0,42.0,0.256,9.0,21.43,3.0,7.14,0.746,0.18,24.73,13.53,15.88,29.41,38.46,13.64
745241,2024-06-15,2024,663993,L,660825,R,single,False,False,129.0,0.248,25.0,19.38,17.0,13.18,0.698,0.10099999999999998,14.98,6.18,18.36,24.55,26.35,14.79,505.0,0.279,113.0,22.38,69.0,13.66,0.833,0.172,19.81,8.64,15.62,24.26,19.45,16.87,14.0,0.231,4.0,28.57,1.0,7.14,0.748,0.231,29.63,12.9,17.74,30.65,29.73,26.67,25.0,0.208,6.0,24.0,1.0,4.0,0.657,0.209,32.0,16.0,15.0,31.0,31.37,17.65
745241,2024-06-15,2024,694671,R,660825,R,force_out,False,False,139.0,0.25,25.0,17.99,10.0,7.19,0.614,0.05499999999999999,20.08,8.93,18.74,27.67,23.29,13.44,,,,,,,,,,,,,,,19.0,0.143,4.0,21.05,3.0,15.79,0.508,0.07100000000000001,18.75,7.59,16.46,24.05,30.61,15.0,42.0,0.256,9.0,21.43,3.0,7.14,0.746,0.18,24.73,13.53,15.88,29.41,38.46,13.64
745241,2024-06-15,2024,608671,L,660825,R,single,False,False,92.0,0.262,16.0,17.39,6.0,6.52,0.659,0.07100000000000001,13.12,5.69,21.41,27.1,19.53,13.91,256.0,0.269,37.0,14.45,32.0,12.5,0.698,0.064,14.4,5.5,22.1,27.6,16.03,15.16,14.0,0.231,4.0,28.57,1.0,7.14,0.748,0.231,29.63,12.9,17.74,30.65,29.73,26.67,25.0,0.208,6.0,24.0,1.0,4.0,0.657,0.209,32.0,16.0,15.0,31.0,31.37,17.65
745241,2024-06-15,2024,543257,L,660825,R,single,False,False,75.0,0.141,19.0,25.33,10.0,13.33,0.425,0.031,20.63,7.76,19.4,27.16,14.63,19.19,283.0,0.206,66.0,23.32,34.0,12.01,0.633,0.123,20.58,8.17,20.25,28.42,17.66,20.62,14.0,0.231,4.0,28.57,1.0,7.14,0.748,0.231,29.63,12.9,17.74,30.65,29.73,26.67,25.0,0.208,6.0,24.0,1.0,4.0,0.657,0.209,32.0,16.0,15.0,31.0,31.37,17.65
745241,2024-06-15,2024,677649,R,660825,R,field_out,False,False,93.0,0.27,22.0,23.66,3.0,3.23,0.6719999999999999,0.10099999999999998,23.71,13.26,11.53,24.78,37.22,16.54,308.0,0.277,86.0,27.92,13.0,4.22,0.738,0.1409999999999999,28.89,15.73,13.64,29.37,39.12,22.25,19.0,0.143,4.0,21.05,3.0,15.79,0.508,0.07100000000000001,18.75,7.59,16.46,24.05,30.61,15.0,42.0,0.256,9.0,21.43,3.0,7.14,0.746,0.18,24.73,13.53,15.88,29.41,38.46,13.64
745241,2024-06-15,2024,669701,L,660825,R,walk,False,True,180.0,0.287,28.0,15.56,17.0,9.44,0.817,0.15200000000000002,17.68,8.33,18.1,26.44,23.35,12.73,200.0,0.194,46.0,23.0,19.0,9.5,0.623,0.13,20.71,8.96,19.58,28.54,22.65,15.97,14.0,0.231,4.0,28.57,1.0,7.14,0.748,0.231,29.63,12.9,17.74,30.65,29.73,26.67,25.0,0.208,6.0,24.0,1.0,4.0,0.657,0.209,32.0,16.0,15.0,31.0,31.37,17.65
745241,2024-06-15,2024,543760,R,592773,R,single,False,False,214.0,0.222,30.0,14.02,18.0,8.41,0.6559999999999999,0.144,20.82,10.61,14.25,24.86,25.5,17.14,544.0,0.273,77.0,14.15,52.0,9.56,0.8360000000000001,0.2199999999999999,18.01,8.45,14.48,22.93,21.97,13.9,60.0,0.185,16.0,26.67,5.0,8.33,0.526,0.07400000000000001,30.0,16.53,11.02,27.54,38.21,19.28,116.0,0.231,31.0,26.72,11.0,9.48,0.752,0.211,31.3,16.45,11.54,27.99,28.0,17.61
745241,2024-06-15,2024,608369,L,592773,R,field_out,False,False,173.0,0.279,19.0,10.98,31.0,17.92,0.946,0.257,19.73,9.53,8.08,17.61,24.05,12.67,370.0,0.333,55.0,14.86,42.0,11.35,1.075,0.334,23.9,12.77,6.35,19.12,27.26,15.8,58.0,0.294,12.0,20.69,5.0,8.62,0.833,0.177,24.8,12.86,14.11,26.97,32.43,14.29,97.0,0.209,20.0,20.62,10.0,10.31,0.615,0.117,29.95,15.58,9.3,24.87,27.09,18.02
745976,2024-06-15,2024,670770,L,657649,L,field_out,False,False,28.0,0.286,6.0,21.43,3.0,10.71,0.797,0.04700000000000004,34.21,13.68,22.11,35.79,26.92,23.08,110.0,0.354,20.0,18.18,9.0,8.18,0.963,0.188,19.23,7.48,23.69,31.17,22.46,18.87,49.0,0.239,8.0,16.33,2.0,4.08,0.575,0.065,19.32,9.6,20.34,29.94,33.8,13.33,,,,,,,,,,,,,,
745976,2024-06-15,2024,682829,R,657649,L,field_out,False,False,107.0,0.213,30.0,28.04,12.0,11.21,0.648,0.10200000000000001,34.03,14.48,15.59,30.07,26.23,25.21,122.0,0.184,49.0,40.16,5.0,4.1,0.494,0.079,37.56,17.7,19.4,37.1,38.0,33.33,77.0,0.174,18.0,23.38,4.0,5.19,0.496,0.07200000000000001,23.77,10.82,19.03,29.85,26.89,26.87,,,,,,,,,,,,,,
745976,2024-06-15,2024,600869,R,657649,L,single,False,False,85.0,0.233,18.0,21.18,10.0,11.76,0.6970000000000001,0.12299999999999997,28.83,14.11,12.91,27.03,30.41,18.37,161.0,0.254,36.0,22.36,15.0,9.32,0.793,0.197,21.45,10.5,14.2,24.7,29.83,16.29,77.0,0.174,18.0,23.38,4.0,5.19,0.496,0.07200000000000001,23.77,10.82,19.03,29.85,26.89,26.87,,,,,,,,,,,,,,
745976,2024-06-15,2024,668715,R,669060,R,field_out,False,False,192.0,0.229,39.0,20.31,20.0,10.42,0.671,0.12399999999999997,21.69,9.69,17.48,27.17,25.18,14.72,487.0,0.256,106.0,21.77,51.0,10.47,0.7789999999999999,0.175,25.48,10.86,19.02,29.88,22.75,18.53,141.0,0.173,24.0,17.02,9.0,6.38,0.508,0.08700000000000002,22.46,10.75,17.04,27.79,25.89,18.9,190.0,0.194,33.0,17.37,8.0,4.21,0.5609999999999999,0.132,19.19,10.0,15.76,25.76,30.57,18.33
745976,2024-06-15,2024,687401,R,671096,L,field_out,False,False,61.0,0.216,15.0,24.59,8.0,13.11,0.666,0.11700000000000002,22.68,8.84,20.08,28.92,18.75,26.79,21.0,0.3,6.0,28.57,0.0,0.0,0.586,0.0,26.32,13.33,25.33,38.67,40.0,24.0,234.0,0.233,43.0,18.38,19.0,8.12,0.76,0.232,20.41,9.69,15.14,24.84,24.29,16.8,374.0,0.259,92.0,24.6,40.0,10.7,0.8,0.204,24.44,11.1,16.17,27.27,25.93,18.62
745976,2024-06-15,2024,661388,R,671096,L,strikeout,True,False,69.0,0.317,17.0,24.64,4.0,5.8,0.745,0.08000000000000002,28.97,14.63,13.59,28.22,32.0,19.54,177.0,0.357,32.0,18.08,21.0,11.86,1.087,0.292,28.8,12.96,16.38,29.34,24.36,16.24,234.0,0.233,43.0,18.38,19.0,8.12,0.76,0.232,20.41,9.69,15.14,24.84,24.29,16.8,374.0,0.259,92.0,24.6,40.0,10.7,0.8,0.204,24.44,11.1,16.17,27.27,25.93,18.62
745976,2024-06-15,2024,592885,L,671096,L,single,False,False,58.0,0.333,13.0,22.41,6.0,10.34,0.9630000000000001,0.21600000000000003,27.08,12.04,16.2,28.24,25.22,22.41,159.0,0.234,37.0,23.27,14.0,8.81,0.633,0.097,26.17,13.04,15.53,28.57,28.16,18.32,72.0,0.235,14.0,19.44,3.0,4.17,0.6020000000000001,0.08900000000000002,18.8,8.74,19.23,27.97,19.67,17.28,85.0,0.185,28.0,32.94,4.0,4.71,0.496,0.087,30.59,16.2,15.26,31.46,35.29,29.47
745976,2024-06-15,2024,642715,R,671096,L,walk,False,True,69.0,0.203,13.0,18.84,9.0,13.04,0.677,0.16999999999999998,27.19,12.02,14.34,26.36,21.01,20.63,160.0,0.231,48.0,30.0,24.0,15.0,0.762,0.1789999999999999,26.61,12.38,15.79,28.17,29.47,20.17,234.0,0.233,43.0,18.38,19.0,8.12,0.76,0.232,20.41,9.69,15.14,24.84,24.29,16.8,374.0,0.259,92.0,24.6,40.0,10.7,0.8,0.204,24.44,11.1,16.17,27.27,25.93,18.62
745976,2024-06-15,2024,656555,R,671096,L,field_out,False,False,33.0,0.185,5.0,15.15,4.0,12.12,0.599,0.11099999999999999,25.86,11.03,18.38,29.41,20.97,12.82,,,,,,,,,,,,,,,234.0,0.233,43.0,18.38,19.0,8.12,0.76,0.232,20.41,9.69,15.14,24.84,24.29,16.8,374.0,0.259,92.0,24.6,40.0,10.7,0.8,0.204,24.44,11.1,16.17,27.27,25.93,18.62
745976,2024-06-15,2024,663886,R,669060,R,field_out,False,False,135.0,0.246,30.0,22.22,12.0,8.89,0.706,0.127,22.54,9.9,18.56,28.45,24.89,21.8,378.0,0.228,105.0,27.78,34.0,8.99,0.657,0.1239999999999999,29.78,12.81,19.96,32.77,26.19,24.59,141.0,0.173,24.0,17.02,9.0,6.38,0.508,0.08700000000000002,22.46,10.75,17.04,27.79,25.89,18.9,190.0,0.194,33.0,17.37,8.0,4.21,0.5609999999999999,0.132,19.19,10.0,15.76,25.76,30.57,18.33
745976,2024-06-15,2024,641584,L,669060,R,field_out,False,False,141.0,0.286,30.0,21.28,12.0,8.51,0.713,0.07900000000000001,20.61,11.78,9.46,21.24,28.63,17.96,339.0,0.268,66.0,19.47,34.0,10.03,0.815,0.199,24.78,12.84,11.52,24.36,30.55,18.38,106.0,0.323,20.0,18.87,13.0,12.26,0.997,0.26799999999999996,20.21,8.84,18.14,26.98,20.28,14.29,124.0,0.239,28.0,22.58,14.0,11.29,0.784,0.22,17.35,7.63,16.87,24.5,22.09,20.59
745976,2024-06-15,2024,605361,L,669060,R,walk,False,True,93.0,0.198,23.0,24.73,4.0,4.3,0.5860000000000001,0.135,28.32,13.46,18.13,31.59,28.25,21.7,67.0,0.262,11.0,16.42,4.0,5.97,0.951,0.361,16.8,7.78,18.52,26.3,24.19,11.46,106.0,0.323,20.0,18.87,13.0,12.26,0.997,0.26799999999999996,20.21,8.84,18.14,26.98,20.28,14.29,124.0,0.239,28.0,22.58,14.0,11.29,0.784,0.22,17.35,7.63,16.87,24.5,22.09,20.59
745976,2024-06-15,2024,663697,R,669060,R,single,False,False,169.0,0.218,41.0,24.26,23.0,13.61,0.641,0.092,20.31,7.3,20.94,28.24,16.02,19.81,397.0,0.257,73.0,18.39,37.0,9.32,0.7809999999999999,0.175,21.3,8.18,21.42,29.59,19.53,15.19,141.0,0.173,24.0,17.02,9.0,6.38,0.508,0.08700000000000002,22.46,10.75,17.04,27.79,25.89,18.9,190.0,0.194,33.0,17.37,8.0,4.21,0.5609999999999999,0.132,19.19,10.0,15.76,25.76,30.57,18.33
745976,2024-06-15,2024,666181,L,669060,R,strikeout,True,False,172.0,0.239,72.0,41.86,17.0,9.88,0.779,0.22600000000000003,39.88,18.94,15.04,33.98,21.68,31.17,285.0,0.297,89.0,31.23,37.0,12.98,0.938,0.252,31.03,13.11,16.03,29.13,18.51,23.66,106.0,0.323,20.0,18.87,13.0,12.26,0.997,0.26799999999999996,20.21,8.84,18.14,26.98,20.28,14.29,124.0,0.239,28.0,22.58,14.0,11.29,0.784,0.22,17.35,7.63,16.87,24.5,22.09,20.59
745976,2024-06-15,2024,596142,R,671096,L,single,False,False,49.0,0.205,12.0,24.49,4.0,8.16,0.786,0.29500000000000004,29.89,13.4,22.16,35.57,27.66,19.35,79.0,0.267,18.0,22.78,4.0,5.06,0.984,0.413,25.18,10.61,22.12,32.73,24.07,18.18,234.0,0.233,43.0,18.38,19.0,8.12,0.76,0.232,20.41,9.69,15.14,24.84,24.29,16.8,374.0,0.259,92.0,24.6,40.0,10.7,0.8,0.204,24.44,11.1,16.17,27.27,25.93,18.62
745976,2024-06-15,2024,663368,R,671096,L,force_out,False,False,56.0,0.22,13.0,23.21,6.0,10.71,0.624,0.1,27.78,11.42,22.37,33.79,22.64,27.66,58.0,0.192,13.0,22.41,6.0,10.34,0.603,0.135,20.48,7.2,25.0,32.2,14.41,24.53,234.0,0.233,43.0,18.38,19.0,8.12,0.76,0.232,20.41,9.69,15.14,24.84,24.29,16.8,374.0,0.259,92.0,24.6,40.0,10.7,0.8,0.204,24.44,11.1,16.17,27.27,25.93,18.62
745976,2024-06-15,2024,694192,R,671096,L,field_out,False,False,55.0,0.146,12.0,21.82,7.0,12.73,0.46299999999999997,0.062,24.11,12.44,12.9,25.35,33.33,17.39,,,,,,,,,,,,,,,234.0,0.233,43.0,18.38,19.0,8.12,0.76,0.232,20.41,9.69,15.14,24.84,24.29,16.8,374.0,0.259,92.0,24.6,40.0,10.7,0.8,0.204,24.44,11.1,16.17,27.27,25.93,18.62
745976,2024-06-15,2024,668930,L,671096,L,field_out,False,False,38.0,0.206,9.0,23.68,4.0,10.53,0.583,0.088,16.13,6.33,21.52,27.85,16.44,20.45,73.0,0.188,12.0,16.44,8.0,10.96,0.466,0.0,20.18,7.94,23.47,31.41,18.75,17.39,72.0,0.235,14.0,19.44,3.0,4.17,0.6020000000000001,0.08900000000000002,18.8,8.74,19.23,27.97,19.67,17.28,85.0,0.185,28.0,32.94,4.0,4.71,0.496,0.087,30.59,16.2,15.26,31.46,35.29,29.47
745976,2024-06-15,2024,670770,L,669060,R,field_out,False,False,58.0,0.231,10.0,17.24,4.0,6.9,0.7789999999999999,0.24999999999999997,15.73,6.42,19.72,26.15,21.7,18.52,446.0,0.26,70.0,15.7,38.0,8.52,0.785,0.189,18.12,7.73,19.52,27.25,25.03,13.48,106.0,0.323,20.0,18.87,13.0,12.26,0.997,0.26799999999999996,20.21,8.84,18.14,26.98,20.28,14.29,124.0,0.239,28.0,22.58,14.0,11.29,0.784,0.22,17.35,7.63,16.87,24.5,22.09,20.59
745976,2024-06-15,2024,682829,L,669060,R,strikeout,True,False,185.0,0.242,62.0,33.51,20.0,10.81,0.8029999999999999,0.237,33.33,13.41,21.37,34.78,24.26,31.28,307.0,0.255,95.0,30.94,30.0,9.77,0.7989999999999999,0.2159999999999999,26.69,11.86,17.47,29.33,31.27,25.07,106.0,0.323,20.0,18.87,13.0,12.26,0.997,0.26799999999999996,20.21,8.84,18.14,26.98,20.28,14.29,124.0,0.239,28.0,22.58,14.0,11.29,0.784,0.22,17.35,7.63,16.87,24.5,22.09,20.59
745976,2024-06-15,2024,600869,L,669060,R,strikeout,True,False,169.0,0.253,43.0,25.44,8.0,4.73,0.843,0.29800000000000004,27.65,14.76,13.66,28.41,36.65,21.5,415.0,0.251,91.0,21.93,38.0,9.16,0.812,0.2279999999999999,25.42,11.83,16.22,28.05,27.64,18.71,106.0,0.323,20.0,18.87,13.0,12.26,0.997,0.26799999999999996,20.21,8.84,18.14,26.98,20.28,14.29,124.0,0.239,28.0,22.58,14.0,11.29,0.784,0.22,17.35,7.63,16.87,24.5,22.09,20.59
745976,2024-06-15,2024,687401,R,671096,L,field_out,False,False,61.0,0.216,15.0,24.59,8.0,13.11,0.666,0.11700000000000002,22.68,8.84,20.08,28.92,18.75,26.79,21.0,0.3,6.0,28.57,0.0,0.0,0.586,0.0,26.32,13.33,25.33,38.67,40.0,24.0,234.0,0.233,43.0,18.38,19.0,8.12,0.76,0.232,20.41,9.69,15.14,24.84,24.29,16.8,374.0,0.259,92.0,24.6,40.0,10.7,0.8,0.204,24.44,11.1,16.17,27.27,25.93,18.62
745976,2024-06-15,2024,661388,R,671096,L,field_out,False,False,69.0,0.317,17.0,24.64,4.0,5.8,0.745,0.08000000000000002,28.97,14.63,13.59,28.22,32.0,19.54,177.0,0.357,32.0,18.08,21.0,11.86,1.087,0.292,28.8,12.96,16.38,29.34,24.36,16.24,234.0,0.233,43.0,18.38,19.0,8.12,0.76,0.232,20.41,9.69,15.14,24.84,24.29,16.8,374.0,0.259,92.0,24.6,40.0,10.7,0.8,0.204,24.44,11.1,16.17,27.27,25.93,18.62
745976,2024-06-15,2024,592885,L,671096,L,single,False,False,58.0,0.333,13.0,22.41,6.0,10.34,0.9630000000000001,0.21600000000000003,27.08,12.04,16.2,28.24,25.22,22.41,159.0,0.234,37.0,23.27,14.0,8.81,0.633,0.097,26.17,13.04,15.53,28.57,28.16,18.32,72.0,0.235,14.0,19.44,3.0,4.17,0.6020000000000001,0.08900000000000002,18.8,8.74,19.23,27.97,19.67,17.28,85.0,0.185,28.0,32.94,4.0,4.71,0.496,0.087,30.59,16.2,15.26,31.46,35.29,29.47
745976,2024-06-15,2024,642715,R,671096,L,field_out,False,False,69.0,0.203,13.0,18.84,9.0,13.04,0.677,0.16999999999999998,27.19,12.02,14.34,26.36,21.01,20.63,160.0,0.231,48.0,30.0,24.0,15.0,0.762,0.1789999999999999,26.61,12.38,15.79,28.17,29.47,20.17,234.0,0.233,43.0,18.38,19.0,8.12,0.76,0.232,20.41,9.69,15.14,24.84,24.29,16.8,374.0,0.259,92.0,24.6,40.0,10.7,0.8,0.204,24.44,11.1,16.17,27.27,25.93,18.62
745976,2024-06-15,2024,668715,R,669060,R,strikeout,True,False,192.0,0.229,39.0,20.31,20.0,10.42,0.671,0.12399999999999997,21.69,9.69,17.48,27.17,25.18,14.72,487.0,0.256,106.0,21.77,51.0,10.47,0.7789999999999999,0.175,25.48,10.86,19.02,29.88,22.75,18.53,141.0,0.173,24.0,17.02,9.0,6.38,0.508,0.08700000000000002,22.46,10.75,17.04,27.79,25.89,18.9,190.0,0.194,33.0,17.37,8.0,4.21,0.5609999999999999,0.132,19.19,10.0,15.76,25.76,30.57,18.33
745976,2024-06-15,2024,663886,R,669060,R,single,False,False,135.0,0.246,30.0,22.22,12.0,8.89,0.706,0.127,22.54,9.9,18.56,28.45,24.89,21.8,378.0,0.228,105.0,27.78,34.0,8.99,0.657,0.1239999999999999,29.78,12.81,19.96,32.77,26.19,24.59,141.0,0.173,24.0,17.02,9.0,6.38,0.508,0.08700000000000002,22.46,10.75,17.04,27.79,25.89,18.9,190.0,0.194,33.0,17.37,8.0,4.21,0.5609999999999999,0.132,19.19,10.0,15.76,25.76,30.57,18.33
745976,2024-06-15,2024,641584,L,669060,R,grounded_into_double_play,False,False,141.0,0.286,30.0,21.28,12.0,8.51,0.713,0.07900000000000001,20.61,11.78,9.46,21.24,28.63,17.96,339.0,0.268,66.0,19.47,34.0,10.03,0.815,0.199,24.78,12.84,11.52,24.36,30.55,18.38,106.0,0.323,20.0,18.87,13.0,12.26,0.997,0.26799999999999996,20.21,8.84,18.14,26.98,20.28,14.29,124.0,0.239,28.0,22.58,14.0,11.29,0.784,0.22,17.35,7.63,16.87,24.5,22.09,20.59
745976,2024-06-15,2024,656555,R,671096,L,strikeout,True,False,33.0,0.185,5.0,15.15,4.0,12.12,0.599,0.11099999999999999,25.86,11.03,18.38,29.41,20.97,12.82,,,,,,,,,,,,,,,234.0,0.233,43.0,18.38,19.0,8.12,0.76,0.232,20.41,9.69,15.14,24.84,24.29,16.8,374.0,0.259,92.0,24.6,40.0,10.7,0.8,0.204,24.44,11.1,16.17,27.27,25.93,18.62
745976,2024-06-15,2024,596142,R,671096,L,field_out,False,False,49.0,0.205,12.0,24.49,4.0,8.16,0.786,0.29500000000000004,29.89,13.4,22.16,35.57,27.66,19.35,79.0,0.267,18.0,22.78,4.0,5.06,0.984,0.413,25.18,10.61,22.12,32.73,24.07,18.18,234.0,0.233,43.0,18.38,19.0,8.12,0.76,0.232,20.41,9.69,15.14,24.84,24.29,16.8,374.0,0.259,92.0,24.6,40.0,10.7,0.8,0.204,24.44,11.1,16.17,27.27,25.93,18.62
745976,2024-06-15,2024,663368,R,671096,L,field_out,False,False,56.0,0.22,13.0,23.21,6.0,10.71,0.624,0.1,27.78,11.42,22.37,33.79,22.64,27.66,58.0,0.192,13.0,22.41,6.0,10.34,0.603,0.135,20.48,7.2,25.0,32.2,14.41,24.53,234.0,0.233,43.0,18.38,19.0,8.12,0.76,0.232,20.41,9.69,15.14,24.84,24.29,16.8,374.0,0.259,92.0,24.6,40.0,10.7,0.8,0.204,24.44,11.1,16.17,27.27,25.93,18.62
745976,2024-06-15,2024,605361,L,669060,R,single,False,False,93.0,0.198,23.0,24.73,4.0,4.3,0.5860000000000001,0.135,28.32,13.46,18.13,31.59,28.25,21.7,67.0,0.262,11.0,16.42,4.0,5.97,0.951,0.361,16.8,7.78,18.52,26.3,24.19,11.46,106.0,0.323,20.0,18.87,13.0,12.26,0.997,0.26799999999999996,20.21,8.84,18.14,26.98,20.28,14.29,124.0,0.239,28.0,22.58,14.0,11.29,0.784,0.22,17.35,7.63,16.87,24.5,22.09,20.59
745976,2024-06-15,2024,663697,R,669060,R,grounded_into_double_play,False,False,169.0,0.218,41.0,24.26,23.0,13.61,0.641,0.092,20.31,7.3,20.94,28.24,16.02,19.81,397.0,0.257,73.0,18.39,37.0,9.32,0.7809999999999999,0.175,21.3,8.18,21.42,29.59,19.53,15.19,141.0,0.173,24.0,17.02,9.0,6.38,0.508,0.08700000000000002,22.46,10.75,17.04,27.79,25.89,18.9,190.0,0.194,33.0,17.37,8.0,4.21,0.5609999999999999,0.132,19.19,10.0,15.76,25.76,30.57,18.33
745976,2024-06-15,2024,666181,L,669060,R,strikeout,True,False,172.0,0.239,72.0,41.86,17.0,9.88,0.779,0.22600000000000003,39.88,18.94,15.04,33.98,21.68,31.17,285.0,0.297,89.0,31.23,37.0,12.98,0.938,0.252,31.03,13.11,16.03,29.13,18.51,23.66,106.0,0.323,20.0,18.87,13.0,12.26,0.997,0.26799999999999996,20.21,8.84,18.14,26.98,20.28,14.29,124.0,0.239,28.0,22.58,14.0,11.29,0.784,0.22,17.35,7.63,16.87,24.5,22.09,20.59
745976,2024-06-15,2024,694192,R,671096,L,walk,False,True,55.0,0.146,12.0,21.82,7.0,12.73,0.46299999999999997,0.062,24.11,12.44,12.9,25.35,33.33,17.39,,,,,,,,,,,,,,,234.0,0.233,43.0,18.38,19.0,8.12,0.76,0.232,20.41,9.69,15.14,24.84,24.29,16.8,374.0,0.259,92.0,24.6,40.0,10.7,0.8,0.204,24.44,11.1,16.17,27.27,25.93,18.62
745976,2024-06-15,2024,668930,L,671096,L,walk,False,True,38.0,0.206,9.0,23.68,4.0,10.53,0.583,0.088,16.13,6.33,21.52,27.85,16.44,20.45,73.0,0.188,12.0,16.44,8.0,10.96,0.466,0.0,20.18,7.94,23.47,31.41,18.75,17.39,72.0,0.235,14.0,19.44,3.0,4.17,0.6020000000000001,0.08900000000000002,18.8,8.74,19.23,27.97,19.67,17.28,85.0,0.185,28.0,32.94,4.0,4.71,0.496,0.087,30.59,16.2,15.26,31.46,35.29,29.47
745976,2024-06-15,2024,687401,R,671096,L,home_run,False,False,61.0,0.216,15.0,24.59,8.0,13.11,0.666,0.11700000000000002,22.68,8.84,20.08,28.92,18.75,26.79,21.0,0.3,6.0,28.57,0.0,0.0,0.586,0.0,26.32,13.33,25.33,38.67,40.0,24.0,234.0,0.233,43.0,18.38,19.0,8.12,0.76,0.232,20.41,9.69,15.14,24.84,24.29,16.8,374.0,0.259,92.0,24.6,40.0,10.7,0.8,0.204,24.44,11.1,16.17,27.27,25.93,18.62
745976,2024-06-15,2024,661388,R,671096,L,field_out,False,False,69.0,0.317,17.0,24.64,4.0,5.8,0.745,0.08000000000000002,28.97,14.63,13.59,28.22,32.0,19.54,177.0,0.357,32.0,18.08,21.0,11.86,1.087,0.292,28.8,12.96,16.38,29.34,24.36,16.24,234.0,0.233,43.0,18.38,19.0,8.12,0.76,0.232,20.41,9.69,15.14,24.84,24.29,16.8,374.0,0.259,92.0,24.6,40.0,10.7,0.8,0.204,24.44,11.1,16.17,27.27,25.93,18.62
745976,2024-06-15,2024,592885,L,671096,L,strikeout,True,False,58.0,0.333,13.0,22.41,6.0,10.34,0.9630000000000001,0.21600000000000003,27.08,12.04,16.2,28.24,25.22,22.41,159.0,0.234,37.0,23.27,14.0,8.81,0.633,0.097,26.17,13.04,15.53,28.57,28.16,18.32,72.0,0.235,14.0,19.44,3.0,4.17,0.6020000000000001,0.08900000000000002,18.8,8.74,19.23,27.97,19.67,17.28,85.0,0.185,28.0,32.94,4.0,4.71,0.496,0.087,30.59,16.2,15.26,31.46,35.29,29.47
745976,2024-06-15,2024,642715,R,671096,L,field_out,False,False,69.0,0.203,13.0,18.84,9.0,13.04,0.677,0.16999999999999998,27.19,12.02,14.34,26.36,21.01,20.63,160.0,0.231,48.0,30.0,24.0,15.0,0.762,0.1789999999999999,26.61,12.38,15.79,28.17,29.47,20.17,234.0,0.233,43.0,18.38,19.0,8.12,0.76,0.232,20.41,9.69,15.14,24.84,24.29,16.8,374.0,0.259,92.0,24.6,40.0,10.7,0.8,0.204,24.44,11.1,16.17,27.27,25.93,18.62
745976,2024-06-15,2024,670770,L,669060,R,walk,False,True,58.0,0.231,10.0,17.24,4.0,6.9,0.7789999999999999,0.24999999999999997,15.73,6.42,19.72,26.15,21.7,18.52,446.0,0.26,70.0,15.7,38.0,8.52,0.785,0.189,18.12,7.73,19.52,27.25,25.03,13.48,106.0,0.323,20.0,18.87,13.0,12.26,0.997,0.26799999999999996,20.21,8.84,18.14,26.98,20.28,14.29,124.0,0.239,28.0,22.58,14.0,11.29,0.784,0.22,17.35,7.63,16.87,24.5,22.09,20.59
745976,2024-06-15,2024,682829,L,669060,R,strikeout,True,False,185.0,0.242,62.0,33.51,20.0,10.81,0.8029999999999999,0.237,33.33,13.41,21.37,34.78,24.26,31.28,307.0,0.255,95.0,30.94,30.0,9.77,0.7989999999999999,0.2159999999999999,26.69,11.86,17.47,29.33,31.27,25.07,106.0,0.323,20.0,18.87,13.0,12.26,0.997,0.26799999999999996,20.21,8.84,18.14,26.98,20.28,14.29,124.0,0.239,28.0,22.58,14.0,11.29,0.784,0.22,17.35,7.63,16.87,24.5,22.09,20.59
745976,2024-06-15,2024,600869,L,669060,R,field_out,False,False,169.0,0.253,43.0,25.44,8.0,4.73,0.843,0.29800000000000004,27.65,14.76,13.66,28.41,36.65,21.5,415.0,0.251,91.0,21.93,38.0,9.16,0.812,0.2279999999999999,25.42,11.83,16.22,28.05,27.64,18.71,106.0,0.323,20.0,18.87,13.0,12.26,0.997,0.26799999999999996,20.21,8.84,18.14,26.98,20.28,14.29,124.0,0.239,28.0,22.58,14.0,11.29,0.784,0.22,17.35,7.63,16.87,24.5,22.09,20.59
745976,2024-06-15,2024,668715,R,669060,R,field_out,False,False,192.0,0.229,39.0,20.31,20.0,10.42,0.671,0.12399999999999997,21.69,9.69,17.48,27.17,25.18,14.72,487.0,0.256,106.0,21.77,51.0,10.47,0.7789999999999999,0.175,25.48,10.86,19.02,29.88,22.75,18.53,141.0,0.173,24.0,17.02,9.0,6.38,0.508,0.08700000000000002,22.46,10.75,17.04,27.79,25.89,18.9,190.0,0.194,33.0,17.37,8.0,4.21,0.5609999999999999,0.132,19.19,10.0,15.76,25.76,30.57,18.33
745976,2024-06-15,2024,656555,R,571656,R,strikeout,True,False,166.0,0.233,41.0,24.7,17.0,10.24,0.784,0.226,24.75,9.91,21.15,31.06,21.8,17.08,,,,,,,,,,,,,,,73.0,0.194,11.0,15.07,5.0,6.85,0.582,0.09599999999999997,25.0,11.81,16.61,28.41,33.1,14.67,191.0,0.201,44.0,23.04,14.0,7.33,0.673,0.195,33.99,16.69,15.86,32.55,33.16,19.91
745976,2024-06-15,2024,596142,R,571656,R,strikeout,True,False,94.0,0.214,25.0,26.6,6.0,6.38,0.6559999999999999,0.155,31.58,13.15,24.38,37.53,32.65,22.94,189.0,0.194,49.0,25.93,17.0,8.99,0.688,0.212,28.71,11.9,21.7,33.59,27.27,21.43,73.0,0.194,11.0,15.07,5.0,6.85,0.582,0.09599999999999997,25.0,11.81,16.61,28.41,33.1,14.67,191.0,0.201,44.0,23.04,14.0,7.33,0.673,0.195,33.99,16.69,15.86,32.55,33.16,19.91
745976,2024-06-15,2024,663368,L,571656,R,field_out,False,False,168.0,0.265,47.0,27.98,13.0,7.74,0.73,0.132,30.51,12.83,21.02,33.85,25.0,27.49,110.0,0.231,33.0,30.0,17.0,15.45,0.715,0.1319999999999999,24.04,9.0,23.31,32.31,18.26,20.5,61.0,0.288,11.0,18.03,9.0,14.75,0.835,0.15400000000000003,21.3,9.43,14.75,24.18,28.35,18.33,118.0,0.235,26.0,22.03,15.0,12.71,0.743,0.177,24.55,10.69,15.84,26.53,23.37,18.44
745976,2024-06-15,2024,663886,R,663542,L,field_out,False,False,64.0,0.263,7.0,10.94,6.0,9.38,0.819,0.22799999999999998,8.7,3.39,20.34,23.73,21.05,11.86,140.0,0.283,30.0,21.43,13.0,9.29,0.7989999999999999,0.166,24.79,10.12,16.75,26.88,18.56,21.13,89.0,0.145,29.0,32.58,4.0,4.49,0.47900000000000004,0.13200000000000003,26.32,13.48,17.79,31.27,29.01,22.14,25.0,0.333,6.0,24.0,1.0,4.0,0.902,0.209,30.95,15.48,23.81,39.29,31.25,28.57
745976,2024-06-15,2024,656413,R,663542,L,field_out,False,False,86.0,0.307,18.0,20.93,11.0,12.79,0.8480000000000001,0.14600000000000002,37.09,17.67,10.41,28.08,21.64,21.95,113.0,0.226,34.0,30.09,13.0,11.5,0.7,0.1289999999999999,36.84,17.46,14.51,31.97,22.54,26.77,89.0,0.145,29.0,32.58,4.0,4.49,0.47900000000000004,0.13200000000000003,26.32,13.48,17.79,31.27,29.01,22.14,25.0,0.333,6.0,24.0,1.0,4.0,0.902,0.209,30.95,15.48,23.81,39.29,31.25,28.57
745976,2024-06-15,2024,605361,L,663542,L,strikeout,True,False,29.0,0.207,6.0,20.69,0.0,0.0,0.621,0.207,25.4,15.69,12.75,28.43,45.83,15.0,12.0,0.273,4.0,33.33,1.0,8.33,0.6970000000000001,0.0909999999999999,25.0,13.64,11.36,25.0,33.33,26.67,44.0,0.132,14.0,31.82,4.0,9.09,0.42,0.07899999999999999,25.64,11.76,18.24,30.0,23.08,29.79,19.0,0.286,1.0,5.26,3.0,15.79,0.707,0.0,18.92,8.75,21.25,30.0,15.15,3.45
745976,2024-06-15,2024,694192,R,571656,R,strikeout,True,False,153.0,0.257,41.0,26.8,7.0,4.58,0.706,0.15999999999999998,31.77,16.06,18.8,34.85,36.1,24.55,,,,,,,,,,,,,,,73.0,0.194,11.0,15.07,5.0,6.85,0.582,0.09599999999999997,25.0,11.81,16.61,28.41,33.1,14.67,191.0,0.201,44.0,23.04,14.0,7.33,0.673,0.195,33.99,16.69,15.86,32.55,33.16,19.91
745976,2024-06-15,2024,668930,L,571656,R,field_out,False,False,216.0,0.304,32.0,14.81,19.0,8.8,0.78,0.10999999999999999,12.69,5.89,18.87,24.76,25.27,13.91,376.0,0.224,82.0,21.81,30.0,7.98,0.608,0.097,22.03,10.83,16.08,26.9,28.59,16.14,61.0,0.288,11.0,18.03,9.0,14.75,0.835,0.15400000000000003,21.3,9.43,14.75,24.18,28.35,18.33,118.0,0.235,26.0,22.03,15.0,12.71,0.743,0.177,24.55,10.69,15.84,26.53,23.37,18.44
745976,2024-06-15,2024,687401,R,571656,R,field_out,False,False,146.0,0.309,16.0,10.96,20.0,13.7,0.916,0.203,14.67,5.66,21.44,27.1,23.13,9.64,13.0,0.077,3.0,23.08,0.0,0.0,0.2309999999999999,0.077,15.79,8.11,21.62,29.73,26.67,33.33,73.0,0.194,11.0,15.07,5.0,6.85,0.582,0.09599999999999997,25.0,11.81,16.61,28.41,33.1,14.67,191.0,0.201,44.0,23.04,14.0,7.33,0.673,0.195,33.99,16.69,15.86,32.55,33.16,19.91
745976,2024-06-15,2024,663697,R,663542,L,strikeout,True,False,85.0,0.286,13.0,15.29,12.0,14.12,0.786,0.10000000000000003,15.57,5.29,24.23,29.53,14.45,13.13,134.0,0.207,36.0,26.87,15.0,11.19,0.642,0.129,23.87,9.31,22.67,31.99,19.93,19.66,89.0,0.145,29.0,32.58,4.0,4.49,0.47900000000000004,0.13200000000000003,26.32,13.48,17.79,31.27,29.01,22.14,25.0,0.333,6.0,24.0,1.0,4.0,0.902,0.209,30.95,15.48,23.81,39.29,31.25,28.57
745976,2024-06-15,2024,669289,R,663542,L,field_out,False,False,70.0,0.246,6.0,8.57,7.0,10.0,0.629,0.07,12.5,5.79,15.44,21.24,25.0,9.84,116.0,0.252,14.0,12.07,8.0,6.9,0.657,0.1029999999999999,17.24,7.83,19.46,27.29,25.0,10.94,89.0,0.145,29.0,32.58,4.0,4.49,0.47900000000000004,0.13200000000000003,26.32,13.48,17.79,31.27,29.01,22.14,25.0,0.333,6.0,24.0,1.0,4.0,0.902,0.209,30.95,15.48,23.81,39.29,31.25,28.57
745976,2024-06-15,2024,670770,L,663542,L,field_out,False,False,28.0,0.286,6.0,21.43,3.0,10.71,0.797,0.04700000000000004,34.21,13.68,22.11,35.79,26.92,23.08,110.0,0.354,20.0,18.18,9.0,8.18,0.963,0.188,19.23,7.48,23.69,31.17,22.46,18.87,44.0,0.132,14.0,31.82,4.0,9.09,0.42,0.07899999999999999,25.64,11.76,18.24,30.0,23.08,29.79,19.0,0.286,1.0,5.26,3.0,15.79,0.707,0.0,18.92,8.75,21.25,30.0,15.15,3.45
745976,2024-06-15,2024,661388,R,608718,L,field_out,False,False,69.0,0.317,17.0,24.64,4.0,5.8,0.745,0.08000000000000002,28.97,14.63,13.59,28.22,32.0,19.54,177.0,0.357,32.0,18.08,21.0,11.86,1.087,0.292,28.8,12.96,16.38,29.34,24.36,16.24,91.0,0.289,16.0,17.58,7.0,7.69,0.8109999999999999,0.181,21.18,9.68,17.74,27.42,30.14,13.22,185.0,0.229,41.0,22.16,13.0,7.03,0.585,0.0659999999999999,25.84,11.89,18.32,30.21,31.25,19.25
745976,2024-06-15,2024,592885,L,608718,L,field_out,False,False,58.0,0.333,13.0,22.41,6.0,10.34,0.9630000000000001,0.21600000000000003,27.08,12.04,16.2,28.24,25.22,22.41,159.0,0.234,37.0,23.27,14.0,8.81,0.633,0.097,26.17,13.04,15.53,28.57,28.16,18.32,60.0,0.228,12.0,20.0,1.0,1.67,0.654,0.17600000000000002,19.83,10.5,11.87,22.37,25.24,18.75,108.0,0.284,14.0,12.96,12.0,11.11,0.7909999999999999,0.137,15.29,6.27,17.11,23.37,15.26,12.61
745976,2024-06-15,2024,642715,R,608718,L,strikeout,True,False,69.0,0.203,13.0,18.84,9.0,13.04,0.677,0.16999999999999998,27.19,12.02,14.34,26.36,21.01,20.63,160.0,0.231,48.0,30.0,24.0,15.0,0.762,0.1789999999999999,26.61,12.38,15.79,28.17,29.47,20.17,91.0,0.289,16.0,17.58,7.0,7.69,0.8109999999999999,0.181,21.18,9.68,17.74,27.42,30.14,13.22,185.0,0.229,41.0,22.16,13.0,7.03,0.585,0.0659999999999999,25.84,11.89,18.32,30.21,31.25,19.25
745976,2024-06-15,2024,682829,L,656730,R,walk,False,True,185.0,0.242,62.0,33.51,20.0,10.81,0.8029999999999999,0.237,33.33,13.41,21.37,34.78,24.26,31.28,307.0,0.255,95.0,30.94,30.0,9.77,0.7989999999999999,0.2159999999999999,26.69,11.86,17.47,29.33,31.27,25.07,34.0,0.2,13.0,38.24,3.0,8.82,0.47300000000000003,0.0,35.38,16.67,16.67,33.33,28.57,34.21,72.0,0.277,23.0,31.94,7.0,9.72,0.6699999999999999,0.0459999999999999,31.01,13.33,20.0,33.33,24.29,22.77
745976,2024-06-15,2024,600869,L,656730,R,double,False,False,169.0,0.253,43.0,25.44,8.0,4.73,0.843,0.29800000000000004,27.65,14.76,13.66,28.41,36.65,21.5,415.0,0.251,91.0,21.93,38.0,9.16,0.812,0.2279999999999999,25.42,11.83,16.22,28.05,27.64,18.71,34.0,0.2,13.0,38.24,3.0,8.82,0.47300000000000003,0.0,35.38,16.67,16.67,33.33,28.57,34.21,72.0,0.277,23.0,31.94,7.0,9.72,0.6699999999999999,0.0459999999999999,31.01,13.33,20.0,33.33,24.29,22.77
745976,2024-06-15,2024,668715,R,656730,R,field_out,False,False,192.0,0.229,39.0,20.31,20.0,10.42,0.671,0.12399999999999997,21.69,9.69,17.48,27.17,25.18,14.72,487.0,0.256,106.0,21.77,51.0,10.47,0.7789999999999999,0.175,25.48,10.86,19.02,29.88,22.75,18.53,44.0,0.244,12.0,27.27,2.0,4.55,0.5900000000000001,0.07300000000000001,32.98,19.62,12.03,31.65,40.85,23.08,76.0,0.254,29.0,38.16,5.0,6.58,0.751,0.194,33.77,16.89,18.87,35.76,34.06,31.18
745976,2024-06-15,2024,663886,R,656730,R,fielders_choice_out,False,False,135.0,0.246,30.0,22.22,12.0,8.89,0.706,0.127,22.54,9.9,18.56,28.45,24.89,21.8,378.0,0.228,105.0,27.78,34.0,8.99,0.657,0.1239999999999999,29.78,12.81,19.96,32.77,26.19,24.59,44.0,0.244,12.0,27.27,2.0,4.55,0.5900000000000001,0.07300000000000001,32.98,19.62,12.03,31.65,40.85,23.08,76.0,0.254,29.0,38.16,5.0,6.58,0.751,0.194,33.77,16.89,18.87,35.76,34.06,31.18
745976,2024-06-15,2024,656413,R,656730,R,field_out,False,False,44.0,0.103,11.0,25.0,2.0,4.55,0.391,0.102,40.74,21.43,12.34,33.77,29.49,24.44,144.0,0.23,35.0,24.31,12.0,8.33,0.716,0.1829999999999999,31.79,17.15,10.79,27.94,25.91,21.74,44.0,0.244,12.0,27.27,2.0,4.55,0.5900000000000001,0.07300000000000001,32.98,19.62,12.03,31.65,40.85,23.08,76.0,0.254,29.0,38.16,5.0,6.58,0.751,0.194,33.77,16.89,18.87,35.76,34.06,31.18
747113,2024-06-15,2024,650490,R,450203,R,strikeout,True,False,224.0,0.245,33.0,14.73,22.0,9.82,0.666,0.09500000000000003,11.94,5.18,17.17,22.35,22.72,12.0,462.0,0.322,72.0,15.58,49.0,10.61,0.881,0.1559999999999999,18.95,8.0,18.68,26.68,19.71,15.69,113.0,0.238,26.0,23.01,8.0,7.08,0.663,0.133,21.46,10.4,15.93,26.33,27.35,16.33,367.0,0.253,83.0,22.62,36.0,9.81,0.708,0.124,28.15,12.12,17.62,29.74,27.53,21.67
747113,2024-06-15,2024,664040,L,450203,R,walk,False,True,85.0,0.178,20.0,23.53,10.0,11.76,0.636,0.16400000000000003,26.58,13.55,10.0,23.55,27.38,23.81,374.0,0.241,103.0,27.54,42.0,11.23,0.813,0.237,31.86,16.63,11.13,27.77,30.39,21.33,171.0,0.246,42.0,24.56,20.0,11.7,0.766,0.15500000000000003,26.61,13.16,15.13,28.29,28.53,21.03,351.0,0.234,100.0,28.49,47.0,13.39,0.721,0.1299999999999999,36.41,15.33,18.52,33.84,28.99,23.42
747113,2024-06-15,2024,670623,R,450203,R,double,False,False,204.0,0.294,31.0,15.2,19.0,9.31,0.871,0.203,15.8,7.12,18.7,25.82,27.64,8.93,438.0,0.247,82.0,18.72,43.0,9.82,0.86,0.266,18.6,8.55,16.71,25.26,28.98,14.09,113.0,0.238,26.0,23.01,8.0,7.08,0.663,0.133,21.46,10.4,15.93,26.33,27.35,16.33,367.0,0.253,83.0,22.62,36.0,9.81,0.708,0.124,28.15,12.12,17.62,29.74,27.53,21.67
747113,2024-06-15,2024,666139,L,450203,R,sac_fly,False,False,64.0,0.211,18.0,28.12,6.0,9.38,0.6539999999999999,0.157,24.66,12.41,14.48,26.9,29.66,16.82,435.0,0.3,104.0,23.91,27.0,6.21,0.8540000000000001,0.211,29.41,15.52,12.38,27.9,34.65,18.39,171.0,0.246,42.0,24.56,20.0,11.7,0.766,0.15500000000000003,26.61,13.16,15.13,28.29,28.53,21.03,351.0,0.234,100.0,28.49,47.0,13.39,0.721,0.1299999999999999,36.41,15.33,18.52,33.84,28.99,23.42
747113,2024-06-15,2024,668227,R,450203,R,strikeout,True,False,200.0,0.176,57.0,28.5,18.0,9.0,0.5780000000000001,0.136,35.83,15.02,19.56,34.58,24.38,20.36,517.0,0.254,119.0,23.02,62.0,11.99,0.7769999999999999,0.1589999999999999,29.93,12.82,18.77,31.59,26.93,19.44,113.0,0.238,26.0,23.01,8.0,7.08,0.663,0.133,21.46,10.4,15.93,26.33,27.35,16.33,367.0,0.253,83.0,22.62,36.0,9.81,0.708,0.124,28.15,12.12,17.62,29.74,27.53,21.67
747113,2024-06-15,2024,672284,L,686752,R,field_out,False,False,150.0,0.261,45.0,30.0,10.0,6.67,0.733,0.15899999999999997,34.08,17.58,13.93,31.51,32.24,23.08,324.0,0.251,105.0,32.41,34.0,10.49,0.738,0.1569999999999999,35.42,16.4,14.8,31.2,29.2,26.99,117.0,0.21,36.0,30.77,11.0,9.4,0.6910000000000001,0.19000000000000003,28.97,12.78,17.94,30.72,24.7,23.53,75.0,0.111,13.0,17.33,2.0,2.67,0.383,0.1249999999999999,19.74,9.38,17.19,26.56,29.09,12.62
747113,2024-06-15,2024,645277,L,686752,R,field_out,False,False,189.0,0.244,31.0,16.4,16.0,8.47,0.6859999999999999,0.119,21.28,11.7,9.49,21.2,31.68,11.19,528.0,0.25,89.0,16.86,42.0,7.95,0.8029999999999999,0.235,20.84,11.11,9.82,20.92,33.45,13.94,117.0,0.21,36.0,30.77,11.0,9.4,0.6910000000000001,0.19000000000000003,28.97,12.78,17.94,30.72,24.7,23.53,75.0,0.111,13.0,17.33,2.0,2.67,0.383,0.1249999999999999,19.74,9.38,17.19,26.56,29.09,12.62
747113,2024-06-15,2024,542303,R,686752,R,strikeout,True,False,199.0,0.305,43.0,21.61,19.0,9.55,1.01,0.333,31.72,15.21,13.27,28.48,26.37,19.63,453.0,0.272,109.0,24.06,44.0,9.71,0.882,0.263,27.95,13.42,14.78,28.21,29.59,18.63,113.0,0.2,32.0,28.32,5.0,4.42,0.5820000000000001,0.14300000000000002,33.33,17.33,15.69,33.02,28.85,23.36,84.0,0.241,25.0,29.76,3.0,3.57,0.7669999999999999,0.24,34.83,18.56,15.87,34.43,34.91,20.83
747113,2024-06-15,2024,680700,L,450203,R,strikeout,True,False,178.0,0.232,43.0,24.16,21.0,11.8,0.675,0.11199999999999996,28.02,13.57,13.86,27.43,27.43,20.09,82.0,0.216,10.0,12.2,6.0,7.32,0.7390000000000001,0.243,15.71,6.75,18.4,25.15,18.99,10.75,171.0,0.246,42.0,24.56,20.0,11.7,0.766,0.15500000000000003,26.61,13.16,15.13,28.29,28.53,21.03,351.0,0.234,100.0,28.49,47.0,13.39,0.721,0.1299999999999999,36.41,15.33,18.52,33.84,28.99,23.42
747113,2024-06-15,2024,642708,R,450203,R,field_out,False,False,136.0,0.29,22.0,16.18,5.0,3.68,0.7130000000000001,0.10700000000000004,20.91,11.58,13.89,25.47,38.75,14.97,353.0,0.252,72.0,20.4,18.0,5.1,0.636,0.091,25.7,13.68,14.7,28.38,39.8,19.35,113.0,0.238,26.0,23.01,8.0,7.08,0.663,0.133,21.46,10.4,15.93,26.33,27.35,16.33,367.0,0.253,83.0,22.62,36.0,9.81,0.708,0.124,28.15,12.12,17.62,29.74,27.53,21.67
747113,2024-06-15,2024,666163,L,450203,R,strikeout,True,False,121.0,0.26,31.0,25.62,15.0,12.4,0.6619999999999999,0.03799999999999998,25.22,11.24,17.25,28.49,27.06,18.18,72.0,0.133,15.0,20.83,10.0,13.89,0.507,0.1169999999999999,25.64,10.56,17.96,28.52,20.41,17.5,171.0,0.246,42.0,24.56,20.0,11.7,0.766,0.15500000000000003,26.61,13.16,15.13,28.29,28.53,21.03,351.0,0.234,100.0,28.49,47.0,13.39,0.721,0.1299999999999999,36.41,15.33,18.52,33.84,28.99,23.42
747113,2024-06-15,2024,621566,L,686752,R,field_out,False,False,191.0,0.235,50.0,26.18,22.0,11.52,0.728,0.16300000000000003,28.27,13.98,11.05,25.03,27.84,17.19,540.0,0.294,115.0,21.3,90.0,16.67,1.061,0.351,27.51,12.57,12.32,24.89,25.66,14.92,117.0,0.21,36.0,30.77,11.0,9.4,0.6910000000000001,0.19000000000000003,28.97,12.78,17.94,30.72,24.7,23.53,75.0,0.111,13.0,17.33,2.0,2.67,0.383,0.1249999999999999,19.74,9.38,17.19,26.56,29.09,12.62
747113,2024-06-15,2024,663586,R,686752,R,walk,False,True,164.0,0.248,42.0,25.61,12.0,7.32,0.7090000000000001,0.14800000000000002,31.27,15.83,12.85,28.68,28.12,20.3,566.0,0.28,137.0,24.2,42.0,7.42,0.841,0.2199999999999999,27.71,13.25,15.53,28.77,27.7,18.53,113.0,0.2,32.0,28.32,5.0,4.42,0.5820000000000001,0.14300000000000002,33.33,17.33,15.69,33.02,28.85,23.36,84.0,0.241,25.0,29.76,3.0,3.57,0.7669999999999999,0.24,34.83,18.56,15.87,34.43,34.91,20.83
747113,2024-06-15,2024,594807,R,686752,R,double_play,False,False,80.0,0.079,28.0,35.0,3.0,3.75,0.22999999999999998,0.025999999999999995,26.9,12.96,20.27,33.22,34.25,29.17,260.0,0.248,76.0,29.23,18.0,6.92,0.863,0.303,29.41,13.69,18.97,32.66,32.68,27.44,113.0,0.2,32.0,28.32,5.0,4.42,0.5820000000000001,0.14300000000000002,33.33,17.33,15.69,33.02,28.85,23.36,84.0,0.241,25.0,29.76,3.0,3.57,0.7669999999999999,0.24,34.83,18.56,15.87,34.43,34.91,20.83
747113,2024-06-15,2024,642350,R,450203,R,single,False,False,143.0,0.194,52.0,36.36,10.0,6.99,0.6180000000000001,0.14500000000000002,39.2,17.69,20.76,38.45,31.69,28.42,271.0,0.23,93.0,34.32,16.0,5.9,0.801,0.29,39.19,20.65,15.06,35.71,37.69,31.08,113.0,0.238,26.0,23.01,8.0,7.08,0.663,0.133,21.46,10.4,15.93,26.33,27.35,16.33,367.0,0.253,83.0,22.62,36.0,9.81,0.708,0.124,28.15,12.12,17.62,29.74,27.53,21.67
747113,2024-06-15,2024,650490,R,450203,R,grounded_into_double_play,False,False,224.0,0.245,33.0,14.73,22.0,9.82,0.666,0.09500000000000003,11.94,5.18,17.17,22.35,22.72,12.0,462.0,0.322,72.0,15.58,49.0,10.61,0.881,0.1559999999999999,18.95,8.0,18.68,26.68,19.71,15.69,113.0,0.238,26.0,23.01,8.0,7.08,0.663,0.133,21.46,10.4,15.93,26.33,27.35,16.33,367.0,0.253,83.0,22.62,36.0,9.81,0.708,0.124,28.15,12.12,17.62,29.74,27.53,21.67
747113,2024-06-15,2024,664040,L,450203,R,hit_by_pitch,False,False,85.0,0.178,20.0,23.53,10.0,11.76,0.636,0.16400000000000003,26.58,13.55,10.0,23.55,27.38,23.81,374.0,0.241,103.0,27.54,42.0,11.23,0.813,0.237,31.86,16.63,11.13,27.77,30.39,21.33,171.0,0.246,42.0,24.56,20.0,11.7,0.766,0.15500000000000003,26.61,13.16,15.13,28.29,28.53,21.03,351.0,0.234,100.0,28.49,47.0,13.39,0.721,0.1299999999999999,36.41,15.33,18.52,33.84,28.99,23.42
747113,2024-06-15,2024,670623,R,450203,R,field_out,False,False,204.0,0.294,31.0,15.2,19.0,9.31,0.871,0.203,15.8,7.12,18.7,25.82,27.64,8.93,438.0,0.247,82.0,18.72,43.0,9.82,0.86,0.266,18.6,8.55,16.71,25.26,28.98,14.09,113.0,0.238,26.0,23.01,8.0,7.08,0.663,0.133,21.46,10.4,15.93,26.33,27.35,16.33,367.0,0.253,83.0,22.62,36.0,9.81,0.708,0.124,28.15,12.12,17.62,29.74,27.53,21.67
747113,2024-06-15,2024,669221,R,686752,R,single,False,False,34.0,0.188,10.0,29.41,1.0,2.94,0.5469999999999999,0.124,29.31,13.71,20.97,34.68,32.26,28.57,337.0,0.245,77.0,22.85,37.0,10.98,0.832,0.2309999999999999,26.79,12.43,15.15,27.58,22.74,18.97,113.0,0.2,32.0,28.32,5.0,4.42,0.5820000000000001,0.14300000000000002,33.33,17.33,15.69,33.02,28.85,23.36,84.0,0.241,25.0,29.76,3.0,3.57,0.7669999999999999,0.24,34.83,18.56,15.87,34.43,34.91,20.83
747113,2024-06-15,2024,606115,R,686752,R,strikeout,True,False,189.0,0.247,32.0,16.93,7.0,3.7,0.6910000000000001,0.16899999999999998,23.31,11.79,14.91,26.7,26.63,17.3,421.0,0.255,78.0,18.53,23.0,5.46,0.6739999999999999,0.12,23.54,11.23,17.09,28.32,27.84,15.98,113.0,0.2,32.0,28.32,5.0,4.42,0.5820000000000001,0.14300000000000002,33.33,17.33,15.69,33.02,28.85,23.36,84.0,0.241,25.0,29.76,3.0,3.57,0.7669999999999999,0.24,34.83,18.56,15.87,34.43,34.91,20.83
747113,2024-06-15,2024,657656,R,686752,R,field_out,False,False,47.0,0.111,17.0,36.17,7.0,14.89,0.458,0.02800000000000001,34.72,13.09,19.9,32.98,21.0,29.82,267.0,0.2,78.0,29.21,23.0,8.61,0.612,0.123,29.9,13.97,16.61,30.58,29.73,21.08,113.0,0.2,32.0,28.32,5.0,4.42,0.5820000000000001,0.14300000000000002,33.33,17.33,15.69,33.02,28.85,23.36,84.0,0.241,25.0,29.76,3.0,3.57,0.7669999999999999,0.24,34.83,18.56,15.87,34.43,34.91,20.83
747113,2024-06-15,2024,672284,L,686752,R,single,False,False,150.0,0.261,45.0,30.0,10.0,6.67,0.733,0.15899999999999997,34.08,17.58,13.93,31.51,32.24,23.08,324.0,0.251,105.0,32.41,34.0,10.49,0.738,0.1569999999999999,35.42,16.4,14.8,31.2,29.2,26.99,117.0,0.21,36.0,30.77,11.0,9.4,0.6910000000000001,0.19000000000000003,28.97,12.78,17.94,30.72,24.7,23.53,75.0,0.111,13.0,17.33,2.0,2.67,0.383,0.1249999999999999,19.74,9.38,17.19,26.56,29.09,12.62
747113,2024-06-15,2024,645277,L,686752,R,strikeout,True,False,189.0,0.244,31.0,16.4,16.0,8.47,0.6859999999999999,0.119,21.28,11.7,9.49,21.2,31.68,11.19,528.0,0.25,89.0,16.86,42.0,7.95,0.8029999999999999,0.235,20.84,11.11,9.82,20.92,33.45,13.94,117.0,0.21,36.0,30.77,11.0,9.4,0.6910000000000001,0.19000000000000003,28.97,12.78,17.94,30.72,24.7,23.53,75.0,0.111,13.0,17.33,2.0,2.67,0.383,0.1249999999999999,19.74,9.38,17.19,26.56,29.09,12.62
747113,2024-06-15,2024,666139,L,450203,R,field_out,False,False,64.0,0.211,18.0,28.12,6.0,9.38,0.6539999999999999,0.157,24.66,12.41,14.48,26.9,29.66,16.82,435.0,0.3,104.0,23.91,27.0,6.21,0.8540000000000001,0.211,29.41,15.52,12.38,27.9,34.65,18.39,171.0,0.246,42.0,24.56,20.0,11.7,0.766,0.15500000000000003,26.61,13.16,15.13,28.29,28.53,21.03,351.0,0.234,100.0,28.49,47.0,13.39,0.721,0.1299999999999999,36.41,15.33,18.52,33.84,28.99,23.42
747113,2024-06-15,2024,668227,R,450203,R,field_out,False,False,200.0,0.176,57.0,28.5,18.0,9.0,0.5780000000000001,0.136,35.83,15.02,19.56,34.58,24.38,20.36,517.0,0.254,119.0,23.02,62.0,11.99,0.7769999999999999,0.1589999999999999,29.93,12.82,18.77,31.59,26.93,19.44,113.0,0.238,26.0,23.01,8.0,7.08,0.663,0.133,21.46,10.4,15.93,26.33,27.35,16.33,367.0,0.253,83.0,22.62,36.0,9.81,0.708,0.124,28.15,12.12,17.62,29.74,27.53,21.67
747113,2024-06-15,2024,680700,L,450203,R,hit_by_pitch,False,False,178.0,0.232,43.0,24.16,21.0,11.8,0.675,0.11199999999999996,28.02,13.57,13.86,27.43,27.43,20.09,82.0,0.216,10.0,12.2,6.0,7.32,0.7390000000000001,0.243,15.71,6.75,18.4,25.15,18.99,10.75,171.0,0.246,42.0,24.56,20.0,11.7,0.766,0.15500000000000003,26.61,13.16,15.13,28.29,28.53,21.03,351.0,0.234,100.0,28.49,47.0,13.39,0.721,0.1299999999999999,36.41,15.33,18.52,33.84,28.99,23.42
747113,2024-06-15,2024,642708,R,450203,R,pickoff_1b,False,False,136.0,0.29,22.0,16.18,5.0,3.68,0.7130000000000001,0.10700000000000004,20.91,11.58,13.89,25.47,38.75,14.97,353.0,0.252,72.0,20.4,18.0,5.1,0.636,0.091,25.7,13.68,14.7,28.38,39.8,19.35,113.0,0.238,26.0,23.01,8.0,7.08,0.663,0.133,21.46,10.4,15.93,26.33,27.35,16.33,367.0,0.253,83.0,22.62,36.0,9.81,0.708,0.124,28.15,12.12,17.62,29.74,27.53,21.67
747113,2024-06-15,2024,542303,R,686752,R,single,False,False,199.0,0.305,43.0,21.61,19.0,9.55,1.01,0.333,31.72,15.21,13.27,28.48,26.37,19.63,453.0,0.272,109.0,24.06,44.0,9.71,0.882,0.263,27.95,13.42,14.78,28.21,29.59,18.63,113.0,0.2,32.0,28.32,5.0,4.42,0.5820000000000001,0.14300000000000002,33.33,17.33,15.69,33.02,28.85,23.36,84.0,0.241,25.0,29.76,3.0,3.57,0.7669999999999999,0.24,34.83,18.56,15.87,34.43,34.91,20.83
747113,2024-06-15,2024,621566,L,686752,R,strikeout,True,False,191.0,0.235,50.0,26.18,22.0,11.52,0.728,0.16300000000000003,28.27,13.98,11.05,25.03,27.84,17.19,540.0,0.294,115.0,21.3,90.0,16.67,1.061,0.351,27.51,12.57,12.32,24.89,25.66,14.92,117.0,0.21,36.0,30.77,11.0,9.4,0.6910000000000001,0.19000000000000003,28.97,12.78,17.94,30.72,24.7,23.53,75.0,0.111,13.0,17.33,2.0,2.67,0.383,0.1249999999999999,19.74,9.38,17.19,26.56,29.09,12.62
747113,2024-06-15,2024,663586,R,686752,R,field_out,False,False,164.0,0.248,42.0,25.61,12.0,7.32,0.7090000000000001,0.14800000000000002,31.27,15.83,12.85,28.68,28.12,20.3,566.0,0.28,137.0,24.2,42.0,7.42,0.841,0.2199999999999999,27.71,13.25,15.53,28.77,27.7,18.53,113.0,0.2,32.0,28.32,5.0,4.42,0.5820000000000001,0.14300000000000002,33.33,17.33,15.69,33.02,28.85,23.36,84.0,0.241,25.0,29.76,3.0,3.57,0.7669999999999999,0.24,34.83,18.56,15.87,34.43,34.91,20.83
747113,2024-06-15,2024,594807,R,686752,R,field_out,False,False,80.0,0.079,28.0,35.0,3.0,3.75,0.22999999999999998,0.025999999999999995,26.9,12.96,20.27,33.22,34.25,29.17,260.0,0.248,76.0,29.23,18.0,6.92,0.863,0.303,29.41,13.69,18.97,32.66,32.68,27.44,113.0,0.2,32.0,28.32,5.0,4.42,0.5820000000000001,0.14300000000000002,33.33,17.33,15.69,33.02,28.85,23.36,84.0,0.241,25.0,29.76,3.0,3.57,0.7669999999999999,0.24,34.83,18.56,15.87,34.43,34.91,20.83
747113,2024-06-15,2024,642708,R,450203,R,single,False,False,136.0,0.29,22.0,16.18,5.0,3.68,0.7130000000000001,0.10700000000000004,20.91,11.58,13.89,25.47,38.75,14.97,353.0,0.252,72.0,20.4,18.0,5.1,0.636,0.091,25.7,13.68,14.7,28.38,39.8,19.35,113.0,0.238,26.0,23.01,8.0,7.08,0.663,0.133,21.46,10.4,15.93,26.33,27.35,16.33,367.0,0.253,83.0,22.62,36.0,9.81,0.708,0.124,28.15,12.12,17.62,29.74,27.53,21.67
747113,2024-06-15,2024,666163,L,450203,R,strikeout,True,False,121.0,0.26,31.0,25.62,15.0,12.4,0.6619999999999999,0.03799999999999998,25.22,11.24,17.25,28.49,27.06,18.18,72.0,0.133,15.0,20.83,10.0,13.89,0.507,0.1169999999999999,25.64,10.56,17.96,28.52,20.41,17.5,171.0,0.246,42.0,24.56,20.0,11.7,0.766,0.15500000000000003,26.61,13.16,15.13,28.29,28.53,21.03,351.0,0.234,100.0,28.49,47.0,13.39,0.721,0.1299999999999999,36.41,15.33,18.52,33.84,28.99,23.42
747113,2024-06-15,2024,642350,R,450203,R,strikeout,True,False,143.0,0.194,52.0,36.36,10.0,6.99,0.6180000000000001,0.14500000000000002,39.2,17.69,20.76,38.45,31.69,28.42,271.0,0.23,93.0,34.32,16.0,5.9,0.801,0.29,39.19,20.65,15.06,35.71,37.69,31.08,113.0,0.238,26.0,23.01,8.0,7.08,0.663,0.133,21.46,10.4,15.93,26.33,27.35,16.33,367.0,0.253,83.0,22.62,36.0,9.81,0.708,0.124,28.15,12.12,17.62,29.74,27.53,21.67
747113,2024-06-15,2024,650490,R,450203,R,strikeout,True,False,224.0,0.245,33.0,14.73,22.0,9.82,0.666,0.09500000000000003,11.94,5.18,17.17,22.35,22.72,12.0,462.0,0.322,72.0,15.58,49.0,10.61,0.881,0.1559999999999999,18.95,8.0,18.68,26.68,19.71,15.69,113.0,0.238,26.0,23.01,8.0,7.08,0.663,0.133,21.46,10.4,15.93,26.33,27.35,16.33,367.0,0.253,83.0,22.62,36.0,9.81,0.708,0.124,28.15,12.12,17.62,29.74,27.53,21.67
747113,2024-06-15,2024,669221,R,686752,R,walk,False,True,34.0,0.188,10.0,29.41,1.0,2.94,0.5469999999999999,0.124,29.31,13.71,20.97,34.68,32.26,28.57,337.0,0.245,77.0,22.85,37.0,10.98,0.832,0.2309999999999999,26.79,12.43,15.15,27.58,22.74,18.97,113.0,0.2,32.0,28.32,5.0,4.42,0.5820000000000001,0.14300000000000002,33.33,17.33,15.69,33.02,28.85,23.36,84.0,0.241,25.0,29.76,3.0,3.57,0.7669999999999999,0.24,34.83,18.56,15.87,34.43,34.91,20.83
747113,2024-06-15,2024,606115,R,686752,R,field_out,False,False,189.0,0.247,32.0,16.93,7.0,3.7,0.6910000000000001,0.16899999999999998,23.31,11.79,14.91,26.7,26.63,17.3,421.0,0.255,78.0,18.53,23.0,5.46,0.6739999999999999,0.12,23.54,11.23,17.09,28.32,27.84,15.98,113.0,0.2,32.0,28.32,5.0,4.42,0.5820000000000001,0.14300000000000002,33.33,17.33,15.69,33.02,28.85,23.36,84.0,0.241,25.0,29.76,3.0,3.57,0.7669999999999999,0.24,34.83,18.56,15.87,34.43,34.91,20.83
747113,2024-06-15,2024,657656,R,686752,R,field_out,False,False,47.0,0.111,17.0,36.17,7.0,14.89,0.458,0.02800000000000001,34.72,13.09,19.9,32.98,21.0,29.82,267.0,0.2,78.0,29.21,23.0,8.61,0.612,0.123,29.9,13.97,16.61,30.58,29.73,21.08,113.0,0.2,32.0,28.32,5.0,4.42,0.5820000000000001,0.14300000000000002,33.33,17.33,15.69,33.02,28.85,23.36,84.0,0.241,25.0,29.76,3.0,3.57,0.7669999999999999,0.24,34.83,18.56,15.87,34.43,34.91,20.83
747113,2024-06-15,2024,672284,L,686752,R,home_run,False,False,150.0,0.261,45.0,30.0,10.0,6.67,0.733,0.15899999999999997,34.08,17.58,13.93,31.51,32.24,23.08,324.0,0.251,105.0,32.41,34.0,10.49,0.738,0.1569999999999999,35.42,16.4,14.8,31.2,29.2,26.99,117.0,0.21,36.0,30.77,11.0,9.4,0.6910000000000001,0.19000000000000003,28.97,12.78,17.94,30.72,24.7,23.53,75.0,0.111,13.0,17.33,2.0,2.67,0.383,0.1249999999999999,19.74,9.38,17.19,26.56,29.09,12.62
747113,2024-06-15,2024,645277,L,686752,R,walk,False,True,189.0,0.244,31.0,16.4,16.0,8.47,0.6859999999999999,0.119,21.28,11.7,9.49,21.2,31.68,11.19,528.0,0.25,89.0,16.86,42.0,7.95,0.8029999999999999,0.235,20.84,11.11,9.82,20.92,33.45,13.94,117.0,0.21,36.0,30.77,11.0,9.4,0.6910000000000001,0.19000000000000003,28.97,12.78,17.94,30.72,24.7,23.53,75.0,0.111,13.0,17.33,2.0,2.67,0.383,0.1249999999999999,19.74,9.38,17.19,26.56,29.09,12.62
747113,2024-06-15,2024,542303,R,686752,R,home_run,False,False,199.0,0.305,43.0,21.61,19.0,9.55,1.01,0.333,31.72,15.21,13.27,28.48,26.37,19.63,453.0,0.272,109.0,24.06,44.0,9.71,0.882,0.263,27.95,13.42,14.78,28.21,29.59,18.63,113.0,0.2,32.0,28.32,5.0,4.42,0.5820000000000001,0.14300000000000002,33.33,17.33,15.69,33.02,28.85,23.36,84.0,0.241,25.0,29.76,3.0,3.57,0.7669999999999999,0.24,34.83,18.56,15.87,34.43,34.91,20.83
747113,2024-06-15,2024,621566,L,686752,R,home_run,False,False,191.0,0.235,50.0,26.18,22.0,11.52,0.728,0.16300000000000003,28.27,13.98,11.05,25.03,27.84,17.19,540.0,0.294,115.0,21.3,90.0,16.67,1.061,0.351,27.51,12.57,12.32,24.89,25.66,14.92,117.0,0.21,36.0,30.77,11.0,9.4,0.6910000000000001,0.19000000000000003,28.97,12.78,17.94,30.72,24.7,23.53,75.0,0.111,13.0,17.33,2.0,2.67,0.383,0.1249999999999999,19.74,9.38,17.19,26.56,29.09,12.62
747113,2024-06-15,2024,663586,R,542888,R,walk,False,True,164.0,0.248,42.0,25.61,12.0,7.32,0.7090000000000001,0.14800000000000002,31.27,15.83,12.85,28.68,28.12,20.3,566.0,0.28,137.0,24.2,42.0,7.42,0.841,0.2199999999999999,27.71,13.25,15.53,28.77,27.7,18.53,85.0,0.215,25.0,29.41,5.0,5.88,0.613,0.12700000000000003,28.14,14.78,17.61,32.39,28.99,22.94,109.0,0.17,30.0,27.52,6.0,5.5,0.489,0.0799999999999999,30.59,16.11,13.7,29.81,33.17,23.08
747113,2024-06-15,2024,594807,R,542888,R,strikeout,True,False,80.0,0.079,28.0,35.0,3.0,3.75,0.22999999999999998,0.025999999999999995,26.9,12.96,20.27,33.22,34.25,29.17,260.0,0.248,76.0,29.23,18.0,6.92,0.863,0.303,29.41,13.69,18.97,32.66,32.68,27.44,85.0,0.215,25.0,29.41,5.0,5.88,0.613,0.12700000000000003,28.14,14.78,17.61,32.39,28.99,22.94,109.0,0.17,30.0,27.52,6.0,5.5,0.489,0.0799999999999999,30.59,16.11,13.7,29.81,33.17,23.08
747113,2024-06-15,2024,664040,L,450203,R,field_out,False,False,85.0,0.178,20.0,23.53,10.0,11.76,0.636,0.16400000000000003,26.58,13.55,10.0,23.55,27.38,23.81,374.0,0.241,103.0,27.54,42.0,11.23,0.813,0.237,31.86,16.63,11.13,27.77,30.39,21.33,171.0,0.246,42.0,24.56,20.0,11.7,0.766,0.15500000000000003,26.61,13.16,15.13,28.29,28.53,21.03,351.0,0.234,100.0,28.49,47.0,13.39,0.721,0.1299999999999999,36.41,15.33,18.52,33.84,28.99,23.42
747113,2024-06-15,2024,670623,R,450203,R,walk,False,True,204.0,0.294,31.0,15.2,19.0,9.31,0.871,0.203,15.8,7.12,18.7,25.82,27.64,8.93,438.0,0.247,82.0,18.72,43.0,9.82,0.86,0.266,18.6,8.55,16.71,25.26,28.98,14.09,113.0,0.238,26.0,23.01,8.0,7.08,0.663,0.133,21.46,10.4,15.93,26.33,27.35,16.33,367.0,0.253,83.0,22.62,36.0,9.81,0.708,0.124,28.15,12.12,17.62,29.74,27.53,21.67
747113,2024-06-15,2024,666139,L,450203,R,strikeout,True,False,64.0,0.211,18.0,28.12,6.0,9.38,0.6539999999999999,0.157,24.66,12.41,14.48,26.9,29.66,16.82,435.0,0.3,104.0,23.91,27.0,6.21,0.8540000000000001,0.211,29.41,15.52,12.38,27.9,34.65,18.39,171.0,0.246,42.0,24.56,20.0,11.7,0.766,0.15500000000000003,26.61,13.16,15.13,28.29,28.53,21.03,351.0,0.234,100.0,28.49,47.0,13.39,0.721,0.1299999999999999,36.41,15.33,18.52,33.84,28.99,23.42
747113,2024-06-15,2024,668227,R,450203,R,force_out,False,False,200.0,0.176,57.0,28.5,18.0,9.0,0.5780000000000001,0.136,35.83,15.02,19.56,34.58,24.38,20.36,517.0,0.254,119.0,23.02,62.0,11.99,0.7769999999999999,0.1589999999999999,29.93,12.82,18.77,31.59,26.93,19.44,113.0,0.238,26.0,23.01,8.0,7.08,0.663,0.133,21.46,10.4,15.93,26.33,27.35,16.33,367.0,0.253,83.0,22.62,36.0,9.81,0.708,0.124,28.15,12.12,17.62,29.74,27.53,21.67
747113,2024-06-15,2024,669221,R,542888,R,field_out,False,False,34.0,0.188,10.0,29.41,1.0,2.94,0.5469999999999999,0.124,29.31,13.71,20.97,34.68,32.26,28.57,337.0,0.245,77.0,22.85,37.0,10.98,0.832,0.2309999999999999,26.79,12.43,15.15,27.58,22.74,18.97,85.0,0.215,25.0,29.41,5.0,5.88,0.613,0.12700000000000003,28.14,14.78,17.61,32.39,28.99,22.94,109.0,0.17,30.0,27.52,6.0,5.5,0.489,0.0799999999999999,30.59,16.11,13.7,29.81,33.17,23.08
747113,2024-06-15,2024,606115,R,542888,R,field_out,False,False,189.0,0.247,32.0,16.93,7.0,3.7,0.6910000000000001,0.16899999999999998,23.31,11.79,14.91,26.7,26.63,17.3,421.0,0.255,78.0,18.53,23.0,5.46,0.6739999999999999,0.12,23.54,11.23,17.09,28.32,27.84,15.98,85.0,0.215,25.0,29.41,5.0,5.88,0.613,0.12700000000000003,28.14,14.78,17.61,32.39,28.99,22.94,109.0,0.17,30.0,27.52,6.0,5.5,0.489,0.0799999999999999,30.59,16.11,13.7,29.81,33.17,23.08
747113,2024-06-15,2024,657656,R,542888,R,field_out,False,False,47.0,0.111,17.0,36.17,7.0,14.89,0.458,0.02800000000000001,34.72,13.09,19.9,32.98,21.0,29.82,267.0,0.2,78.0,29.21,23.0,8.61,0.612,0.123,29.9,13.97,16.61,30.58,29.73,21.08,85.0,0.215,25.0,29.41,5.0,5.88,0.613,0.12700000000000003,28.14,14.78,17.61,32.39,28.99,22.94,109.0,0.17,30.0,27.52,6.0,5.5,0.489,0.0799999999999999,30.59,16.11,13.7,29.81,33.17,23.08
747113,2024-06-15,2024,680700,L,607481,L,strikeout,True,False,19.0,0.368,6.0,31.58,0.0,0.0,0.7889999999999999,0.05299999999999999,22.86,10.96,17.81,28.77,26.32,37.5,20.0,0.421,1.0,5.0,0.0,0.0,1.158,0.316,13.33,7.32,14.63,21.95,33.33,3.33,36.0,0.364,9.0,25.0,3.0,8.33,0.9019999999999999,0.121,25.37,11.33,17.33,28.67,28.57,19.57,93.0,0.231,26.0,27.96,11.0,11.83,0.669,0.09,36.11,13.51,22.6,36.1,26.73,26.0
747113,2024-06-15,2024,642708,R,607481,L,walk,False,True,68.0,0.303,12.0,17.65,1.0,1.47,0.748,0.136,26.67,15.32,15.32,30.64,38.74,18.18,193.0,0.282,27.0,13.99,11.0,5.7,0.768,0.16,18.35,9.79,15.18,24.96,39.07,12.33,62.0,0.273,14.0,22.58,4.0,6.45,0.637,0.035999999999999976,18.95,7.38,25.0,32.38,25.81,19.72,175.0,0.238,52.0,29.71,25.0,14.29,0.715,0.123,30.95,12.48,21.54,34.02,28.15,23.21
747113,2024-06-15,2024,656577,R,607481,L,strikeout,True,False,23.0,0.1,10.0,43.48,2.0,8.7,0.274,0.0,33.87,20.39,7.77,28.16,45.0,22.22,,,,,,,,,,,,,,,62.0,0.273,14.0,22.58,4.0,6.45,0.637,0.035999999999999976,18.95,7.38,25.0,32.38,25.81,19.72,175.0,0.238,52.0,29.71,25.0,14.29,0.715,0.123,30.95,12.48,21.54,34.02,28.15,23.21
747113,2024-06-15,2024,642350,R,607481,L,strikeout,True,False,56.0,0.2,20.0,35.71,5.0,8.93,0.728,0.26,41.41,21.12,13.15,34.26,29.03,21.74,93.0,0.198,37.0,39.78,4.0,4.3,0.647,0.2209999999999999,43.46,22.99,15.24,38.23,37.84,32.17,62.0,0.273,14.0,22.58,4.0,6.45,0.637,0.035999999999999976,18.95,7.38,25.0,32.38,25.81,19.72,175.0,0.238,52.0,29.71,25.0,14.29,0.715,0.123,30.95,12.48,21.54,34.02,28.15,23.21
747113,2024-06-15,2024,672284,L,664076,L,field_out,False,False,24.0,0.25,8.0,33.33,0.0,0.0,0.542,0.04199999999999998,36.17,19.77,17.44,37.21,38.1,28.57,92.0,0.259,27.0,29.35,7.0,7.61,0.774,0.2,27.91,12.83,16.31,29.14,26.49,24.55,40.0,0.25,13.0,32.5,6.0,15.0,0.8380000000000001,0.188,29.49,13.22,20.11,33.33,30.23,19.4,15.0,0.182,6.0,40.0,4.0,26.67,0.5820000000000001,0.0,27.78,12.2,17.07,29.27,32.61,16.22
747113,2024-06-15,2024,645277,R,664076,L,field_out,False,False,71.0,0.329,8.0,11.27,1.0,1.41,0.8380000000000001,0.17099999999999999,19.2,11.01,9.63,20.64,30.91,22.22,133.0,0.391,18.0,13.53,4.0,3.01,1.023,0.2259999999999999,19.5,11.51,10.25,21.76,42.91,12.77,79.0,0.197,21.0,26.58,10.0,12.66,0.533,0.014999999999999986,30.97,15.38,14.42,29.81,33.33,20.59,33.0,0.133,8.0,24.24,2.0,6.06,0.579,0.2339999999999999,25.0,10.08,19.38,29.46,28.17,24.24
747113,2024-06-15,2024,542303,R,664076,L,single,False,False,84.0,0.361,20.0,23.81,12.0,14.29,0.994,0.18100000000000005,29.51,14.52,12.37,26.88,26.11,14.93,139.0,0.278,25.0,17.99,13.0,9.35,0.98,0.357,22.56,11.13,13.17,24.3,30.63,15.53,79.0,0.197,21.0,26.58,10.0,12.66,0.533,0.014999999999999986,30.97,15.38,14.42,29.81,33.33,20.59,33.0,0.133,8.0,24.24,2.0,6.06,0.579,0.2339999999999999,25.0,10.08,19.38,29.46,28.17,24.24
747113,2024-06-15,2024,621566,L,664076,L,single,False,False,93.0,0.274,22.0,23.66,5.0,5.38,0.881,0.274,23.5,11.41,14.59,25.99,26.6,16.54,182.0,0.252,52.0,28.57,14.0,7.69,0.7989999999999999,0.239,31.07,15.01,14.87,29.88,27.47,21.94,40.0,0.25,13.0,32.5,6.0,15.0,0.8380000000000001,0.188,29.49,13.22,20.11,33.33,30.23,19.4,15.0,0.182,6.0,40.0,4.0,26.67,0.5820000000000001,0.0,27.78,12.2,17.07,29.27,32.61,16.22
747113,2024-06-15,2024,663586,R,664076,L,home_run,False,False,70.0,0.188,15.0,21.43,6.0,8.57,0.523,0.07800000000000001,24.24,12.55,10.2,22.75,25.4,21.74,149.0,0.289,35.0,23.49,17.0,11.41,0.94,0.289,28.03,13.64,12.46,26.09,26.11,18.72,79.0,0.197,21.0,26.58,10.0,12.66,0.533,0.014999999999999986,30.97,15.38,14.42,29.81,33.33,20.59,33.0,0.133,8.0,24.24,2.0,6.06,0.579,0.2339999999999999,25.0,10.08,19.38,29.46,28.17,24.24
747113,2024-06-15,2024,594807,R,664076,L,walk,False,True,83.0,0.275,14.0,16.87,11.0,13.25,0.951,0.2899999999999999,18.49,8.28,17.48,25.77,23.26,13.08,93.0,0.244,34.0,36.56,4.0,4.3,0.757,0.2329999999999999,34.95,18.31,16.34,34.65,37.97,29.82,79.0,0.197,21.0,26.58,10.0,12.66,0.533,0.014999999999999986,30.97,15.38,14.42,29.81,33.33,20.59,33.0,0.133,8.0,24.24,2.0,6.06,0.579,0.2339999999999999,25.0,10.08,19.38,29.46,28.17,24.24
747113,2024-06-15,2024,669221,R,664076,L,strikeout,True,False,15.0,0.0,4.0,26.67,1.0,6.67,0.067,0.0,33.33,16.67,20.37,37.04,44.0,26.67,101.0,0.274,21.0,20.79,12.0,11.88,0.884,0.2139999999999999,23.12,10.14,16.75,26.89,23.56,16.03,79.0,0.197,21.0,26.58,10.0,12.66,0.533,0.014999999999999986,30.97,15.38,14.42,29.81,33.33,20.59,33.0,0.133,8.0,24.24,2.0,6.06,0.579,0.2339999999999999,25.0,10.08,19.38,29.46,28.17,24.24
747113,2024-06-15,2024,650490,R,572955,R,single,False,False,224.0,0.245,33.0,14.73,22.0,9.82,0.666,0.09500000000000003,11.94,5.18,17.17,22.35,22.72,12.0,462.0,0.322,72.0,15.58,49.0,10.61,0.881,0.1559999999999999,18.95,8.0,18.68,26.68,19.71,15.69,53.0,0.255,16.0,30.19,5.0,9.43,0.68,0.08500000000000002,33.68,15.84,19.31,35.15,29.47,25.0,161.0,0.259,49.0,30.43,14.0,8.7,0.6970000000000001,0.1149999999999999,31.85,15.3,18.91,34.21,36.56,26.63
747113,2024-06-15,2024,664040,L,572955,R,field_out,False,False,85.0,0.178,20.0,23.53,10.0,11.76,0.636,0.16400000000000003,26.58,13.55,10.0,23.55,27.38,23.81,374.0,0.241,103.0,27.54,42.0,11.23,0.813,0.237,31.86,16.63,11.13,27.77,30.39,21.33,44.0,0.211,14.0,31.82,6.0,13.64,0.7130000000000001,0.18400000000000002,25.97,11.36,18.18,29.55,29.21,25.45,116.0,0.255,41.0,35.34,16.0,13.79,0.888,0.276,34.88,15.59,18.71,34.3,29.28,26.8
747113,2024-06-15,2024,670623,R,572955,R,field_out,False,False,204.0,0.294,31.0,15.2,19.0,9.31,0.871,0.203,15.8,7.12,18.7,25.82,27.64,8.93,438.0,0.247,82.0,18.72,43.0,9.82,0.86,0.266,18.6,8.55,16.71,25.26,28.98,14.09,53.0,0.255,16.0,30.19,5.0,9.43,0.68,0.08500000000000002,33.68,15.84,19.31,35.15,29.47,25.0,161.0,0.259,49.0,30.43,14.0,8.7,0.6970000000000001,0.1149999999999999,31.85,15.3,18.91,34.21,36.56,26.63
747113,2024-06-15,2024,666139,L,572955,R,strikeout,True,False,64.0,0.211,18.0,28.12,6.0,9.38,0.6539999999999999,0.157,24.66,12.41,14.48,26.9,29.66,16.82,435.0,0.3,104.0,23.91,27.0,6.21,0.8540000000000001,0.211,29.41,15.52,12.38,27.9,34.65,18.39,44.0,0.211,14.0,31.82,6.0,13.64,0.7130000000000001,0.18400000000000002,25.97,11.36,18.18,29.55,29.21,25.45,116.0,0.255,41.0,35.34,16.0,13.79,0.888,0.276,34.88,15.59,18.71,34.3,29.28,26.8
747113,2024-06-15,2024,606115,R,664126,R,field_out,False,False,189.0,0.247,32.0,16.93,7.0,3.7,0.6910000000000001,0.16899999999999998,23.31,11.79,14.91,26.7,26.63,17.3,421.0,0.255,78.0,18.53,23.0,5.46,0.6739999999999999,0.12,23.54,11.23,17.09,28.32,27.84,15.98,49.0,0.171,14.0,28.57,7.0,14.29,0.512,0.04899999999999999,25.32,11.17,18.99,30.17,22.35,29.79,99.0,0.12,33.0,33.33,11.0,11.11,0.4519999999999999,0.0849999999999999,29.08,14.69,18.3,32.99,29.89,26.83
747113,2024-06-15,2024,657656,R,664126,R,single,False,False,47.0,0.111,17.0,36.17,7.0,14.89,0.458,0.02800000000000001,34.72,13.09,19.9,32.98,21.0,29.82,267.0,0.2,78.0,29.21,23.0,8.61,0.612,0.123,29.9,13.97,16.61,30.58,29.73,21.08,49.0,0.171,14.0,28.57,7.0,14.29,0.512,0.04899999999999999,25.32,11.17,18.99,30.17,22.35,29.79,99.0,0.12,33.0,33.33,11.0,11.11,0.4519999999999999,0.0849999999999999,29.08,14.69,18.3,32.99,29.89,26.83
747113,2024-06-15,2024,672284,L,664126,R,single,False,False,150.0,0.261,45.0,30.0,10.0,6.67,0.733,0.15899999999999997,34.08,17.58,13.93,31.51,32.24,23.08,324.0,0.251,105.0,32.41,34.0,10.49,0.738,0.1569999999999999,35.42,16.4,14.8,31.2,29.2,26.99,38.0,0.265,9.0,23.68,4.0,10.53,0.636,0.02899999999999997,18.18,6.54,25.49,32.03,19.72,23.68,86.0,0.211,35.0,40.7,9.0,10.47,0.565,0.052,32.88,13.79,25.29,39.08,26.17,31.25
747113,2024-06-15,2024,645277,L,664126,R,sac_fly,False,False,189.0,0.244,31.0,16.4,16.0,8.47,0.6859999999999999,0.119,21.28,11.7,9.49,21.2,31.68,11.19,528.0,0.25,89.0,16.86,42.0,7.95,0.8029999999999999,0.235,20.84,11.11,9.82,20.92,33.45,13.94,38.0,0.265,9.0,23.68,4.0,10.53,0.636,0.02899999999999997,18.18,6.54,25.49,32.03,19.72,23.68,86.0,0.211,35.0,40.7,9.0,10.47,0.565,0.052,32.88,13.79,25.29,39.08,26.17,31.25
747113,2024-06-15,2024,542303,R,664126,R,field_out,False,False,199.0,0.305,43.0,21.61,19.0,9.55,1.01,0.333,31.72,15.21,13.27,28.48,26.37,19.63,453.0,0.272,109.0,24.06,44.0,9.71,0.882,0.263,27.95,13.42,14.78,28.21,29.59,18.63,49.0,0.171,14.0,28.57,7.0,14.29,0.512,0.04899999999999999,25.32,11.17,18.99,30.17,22.35,29.79,99.0,0.12,33.0,33.33,11.0,11.11,0.4519999999999999,0.0849999999999999,29.08,14.69,18.3,32.99,29.89,26.83
747113,2024-06-15,2024,668227,R,678061,L,home_run,False,False,76.0,0.167,14.0,18.42,14.0,18.42,0.65,0.15,27.27,10.44,18.99,29.43,18.6,16.87,138.0,0.254,37.0,26.81,18.0,13.04,0.8280000000000001,0.212,26.44,11.46,18.11,29.57,29.32,19.68,61.0,0.321,17.0,27.87,1.0,1.64,0.879,0.197,35.14,17.49,17.04,34.53,33.64,27.87,78.0,0.278,20.0,25.64,6.0,7.69,0.93,0.3189999999999999,32.82,15.41,14.7,30.11,30.07,29.41
747113,2024-06-15,2024,680700,L,678061,L,walk,False,True,19.0,0.368,6.0,31.58,0.0,0.0,0.7889999999999999,0.05299999999999999,22.86,10.96,17.81,28.77,26.32,37.5,20.0,0.421,1.0,5.0,0.0,0.0,1.158,0.316,13.33,7.32,14.63,21.95,33.33,3.33,36.0,0.281,10.0,27.78,3.0,8.33,0.812,0.18799999999999994,38.81,19.55,14.29,33.83,36.0,28.57,36.0,0.161,15.0,41.67,3.0,8.33,0.5469999999999999,0.1289999999999999,30.99,14.1,19.23,33.33,28.57,28.3
747113,2024-06-15,2024,642708,R,678061,L,grounded_into_double_play,False,False,68.0,0.303,12.0,17.65,1.0,1.47,0.748,0.136,26.67,15.32,15.32,30.64,38.74,18.18,193.0,0.282,27.0,13.99,11.0,5.7,0.768,0.16,18.35,9.79,15.18,24.96,39.07,12.33,61.0,0.321,17.0,27.87,1.0,1.64,0.879,0.197,35.14,17.49,17.04,34.53,33.64,27.87,78.0,0.278,20.0,25.64,6.0,7.69,0.93,0.3189999999999999,32.82,15.41,14.7,30.11,30.07,29.41
747113,2024-06-15,2024,656577,R,678061,L,walk,False,True,23.0,0.1,10.0,43.48,2.0,8.7,0.274,0.0,33.87,20.39,7.77,28.16,45.0,22.22,,,,,,,,,,,,,,,61.0,0.321,17.0,27.87,1.0,1.64,0.879,0.197,35.14,17.49,17.04,34.53,33.64,27.87,78.0,0.278,20.0,25.64,6.0,7.69,0.93,0.3189999999999999,32.82,15.41,14.7,30.11,30.07,29.41
747113,2024-06-15,2024,642350,R,678061,L,single,False,False,56.0,0.2,20.0,35.71,5.0,8.93,0.728,0.26,41.41,21.12,13.15,34.26,29.03,21.74,93.0,0.198,37.0,39.78,4.0,4.3,0.647,0.2209999999999999,43.46,22.99,15.24,38.23,37.84,32.17,61.0,0.321,17.0,27.87,1.0,1.64,0.879,0.197,35.14,17.49,17.04,34.53,33.64,27.87,78.0,0.278,20.0,25.64,6.0,7.69,0.93,0.3189999999999999,32.82,15.41,14.7,30.11,30.07,29.41
747113,2024-06-15,2024,650490,R,678061,L,walk,False,True,80.0,0.297,8.0,10.0,4.0,5.0,0.7170000000000001,0.09500000000000003,9.35,4.38,16.16,20.54,20.59,11.59,139.0,0.355,22.0,15.83,16.0,11.51,1.101,0.314,16.87,7.31,16.22,23.53,19.53,13.75,61.0,0.321,17.0,27.87,1.0,1.64,0.879,0.197,35.14,17.49,17.04,34.53,33.64,27.87,78.0,0.278,20.0,25.64,6.0,7.69,0.93,0.3189999999999999,32.82,15.41,14.7,30.11,30.07,29.41
747113,2024-06-15,2024,664040,L,678061,L,field_out,False,False,20.0,0.316,6.0,30.0,1.0,5.0,0.876,0.21000000000000002,37.5,20.0,8.0,28.0,26.47,31.58,63.0,0.17,16.0,25.4,8.0,12.7,0.512,0.0559999999999999,33.05,15.79,14.98,30.77,27.69,23.19,36.0,0.281,10.0,27.78,3.0,8.33,0.812,0.18799999999999994,38.81,19.55,14.29,33.83,36.0,28.57,36.0,0.161,15.0,41.67,3.0,8.33,0.5469999999999999,0.1289999999999999,30.99,14.1,19.23,33.33,28.57,28.3
745805,2024-06-15,2024,650333,L,500779,L,field_out,False,False,129.0,0.292,13.0,10.08,5.0,3.88,0.658,0.025000000000000022,12.56,5.88,20.04,25.93,33.92,11.3,138.0,0.326,17.0,12.32,4.0,2.9,0.76,0.0909999999999999,12.5,6.61,16.32,22.93,33.48,12.88,62.0,0.259,9.0,14.52,3.0,4.84,0.829,0.275,15.69,7.31,16.44,23.74,27.27,15.79,57.0,0.222,10.0,17.54,2.0,3.51,0.639,0.167,17.82,8.41,17.76,26.17,27.55,14.29
745805,2024-06-15,2024,665487,R,500779,L,double,False,False,99.0,0.212,26.0,26.26,17.0,17.17,0.6519999999999999,0.07599999999999998,27.22,11.36,15.56,26.91,20.47,19.7,146.0,0.305,27.0,18.49,16.0,10.96,0.915,0.226,26.9,13.07,10.55,23.62,26.91,14.44,230.0,0.281,35.0,15.22,20.0,8.7,0.8049999999999999,0.16699999999999998,19.38,8.37,15.51,23.88,26.17,13.67,263.0,0.268,50.0,19.01,22.0,8.37,0.685,0.0889999999999999,22.49,10.13,16.62,26.75,30.68,16.23
745805,2024-06-15,2024,595777,R,500779,L,field_out,False,False,87.0,0.351,7.0,8.05,12.0,13.79,1.01,0.21699999999999997,16.55,7.08,16.22,23.3,22.94,6.25,147.0,0.275,22.0,14.97,13.0,8.84,0.774,0.1519999999999999,15.44,6.84,17.44,24.27,22.81,13.33,230.0,0.281,35.0,15.22,20.0,8.7,0.8049999999999999,0.16699999999999998,19.38,8.37,15.51,23.88,26.17,13.67,263.0,0.268,50.0,19.01,22.0,8.37,0.685,0.0889999999999999,22.49,10.13,16.62,26.75,30.68,16.23
745805,2024-06-15,2024,592518,R,500779,L,field_out,False,False,78.0,0.214,19.0,24.36,8.0,10.26,0.681,0.17200000000000001,29.85,13.84,14.88,28.72,25.34,22.22,150.0,0.308,26.0,17.33,14.0,9.33,0.887,0.203,21.32,9.67,16.52,26.19,28.38,16.56,230.0,0.281,35.0,15.22,20.0,8.7,0.8049999999999999,0.16699999999999998,19.38,8.37,15.51,23.88,26.17,13.67,263.0,0.268,50.0,19.01,22.0,8.37,0.685,0.0889999999999999,22.49,10.13,16.62,26.75,30.68,16.23
745805,2024-06-15,2024,596019,L,800049,R,walk,False,True,229.0,0.214,44.0,19.21,16.0,6.99,0.655,0.16,23.76,11.65,15.34,26.99,25.99,17.89,483.0,0.242,102.0,21.12,51.0,10.56,0.757,0.182,23.68,11.49,14.35,25.84,28.12,17.29,22.0,0.467,0.0,0.0,7.0,31.82,1.303,0.2,16.13,6.02,16.87,22.89,24.49,0.0,,,,,,,,,,,,,,
745805,2024-06-15,2024,607043,L,800049,R,strikeout,True,False,204.0,0.213,53.0,25.98,33.0,16.18,0.721,0.147,24.47,9.99,17.05,27.04,19.83,17.79,448.0,0.266,98.0,21.88,60.0,13.39,0.874,0.235,20.87,8.67,19.47,28.14,19.23,16.42,22.0,0.467,0.0,0.0,7.0,31.82,1.303,0.2,16.13,6.02,16.87,22.89,24.49,0.0,,,,,,,,,,,,,,
745805,2024-06-15,2024,502110,R,800049,R,walk,False,True,117.0,0.243,37.0,31.62,5.0,4.27,0.69,0.17099999999999999,30.2,16.28,13.95,30.23,34.76,21.76,343.0,0.27,106.0,30.9,21.0,6.12,0.8799999999999999,0.2979999999999999,35.71,19.2,12.73,31.93,33.23,24.42,19.0,0.158,4.0,21.05,0.0,0.0,0.369,0.05299999999999999,25.0,11.69,15.58,27.27,34.78,18.18,,,,,,,,,,,,,,
745805,2024-06-15,2024,624413,R,800049,R,strikeout,True,False,215.0,0.24,42.0,19.53,19.0,8.84,0.761,0.20800000000000002,22.68,10.29,19.08,29.37,30.03,18.55,475.0,0.214,109.0,22.95,44.0,9.26,0.8069999999999999,0.281,26.53,11.43,18.24,29.67,27.59,22.11,19.0,0.158,4.0,21.05,0.0,0.0,0.369,0.05299999999999999,25.0,11.69,15.58,27.27,34.78,18.18,,,,,,,,,,,,,,
745805,2024-06-15,2024,621466,L,800049,R,field_out,False,False,120.0,0.198,26.0,21.67,20.0,16.67,0.715,0.16699999999999998,30.16,11.97,16.6,28.57,13.98,20.47,136.0,0.273,43.0,31.62,10.0,7.35,0.92,0.3059999999999999,35.89,18.63,10.49,29.11,25.44,24.85,22.0,0.467,0.0,0.0,7.0,31.82,1.303,0.2,16.13,6.02,16.87,22.89,24.49,0.0,,,,,,,,,,,,,,
745805,2024-06-15,2024,456781,R,500779,L,strikeout,True,False,51.0,0.311,8.0,15.69,6.0,11.76,0.881,0.178,23.23,9.96,19.91,29.87,25.42,10.67,153.0,0.286,32.0,20.92,11.0,7.19,0.746,0.114,24.12,11.77,18.21,29.98,32.04,14.35,230.0,0.281,35.0,15.22,20.0,8.7,0.8049999999999999,0.16699999999999998,19.38,8.37,15.51,23.88,26.17,13.67,263.0,0.268,50.0,19.01,22.0,8.37,0.685,0.0889999999999999,22.49,10.13,16.62,26.75,30.68,16.23
745805,2024-06-15,2024,630105,L,500779,L,strikeout,True,False,92.0,0.21,16.0,17.39,8.0,8.7,0.589,0.086,16.95,7.71,14.91,22.62,18.92,13.01,156.0,0.229,38.0,24.36,10.0,6.41,0.665,0.1349999999999999,18.48,9.0,20.1,29.1,30.82,17.84,62.0,0.259,9.0,14.52,3.0,4.84,0.829,0.275,15.69,7.31,16.44,23.74,27.27,15.79,57.0,0.222,10.0,17.54,2.0,3.51,0.639,0.167,17.82,8.41,17.76,26.17,27.55,14.29
745805,2024-06-15,2024,701538,L,500779,L,field_out,False,False,73.0,0.203,7.0,9.59,3.0,4.11,0.537,0.10099999999999998,17.04,8.71,14.02,22.73,28.12,9.86,,,,,,,,,,,,,,,62.0,0.259,9.0,14.52,3.0,4.84,0.829,0.275,15.69,7.31,16.44,23.74,27.27,15.79,57.0,0.222,10.0,17.54,2.0,3.51,0.639,0.167,17.82,8.41,17.76,26.17,27.55,14.29
745805,2024-06-15,2024,668901,R,800049,R,walk,False,True,48.0,0.233,10.0,20.83,4.0,8.33,0.6639999999999999,0.13899999999999998,33.33,17.05,14.77,31.82,31.03,20.0,145.0,0.209,41.0,28.28,8.0,5.52,0.643,0.172,34.08,18.24,17.03,35.27,36.73,29.93,19.0,0.158,4.0,21.05,0.0,0.0,0.369,0.05299999999999999,25.0,11.69,15.58,27.27,34.78,18.18,,,,,,,,,,,,,,
745805,2024-06-15,2024,682626,R,800049,R,field_out,False,False,44.0,0.186,12.0,27.27,1.0,2.27,0.484,0.09300000000000003,39.33,22.73,15.58,38.31,42.65,22.64,275.0,0.229,73.0,26.55,17.0,6.18,0.7769999999999999,0.257,32.18,14.61,18.33,32.94,27.78,26.07,19.0,0.158,4.0,21.05,0.0,0.0,0.369,0.05299999999999999,25.0,11.69,15.58,27.27,34.78,18.18,,,,,,,,,,,,,,
745805,2024-06-15,2024,643446,L,800049,R,field_out,False,False,164.0,0.205,18.0,10.98,15.0,9.15,0.589,0.096,12.93,6.63,13.96,20.59,27.68,11.92,447.0,0.26,48.0,10.74,25.0,5.59,0.6930000000000001,0.1149999999999999,14.08,7.59,11.21,18.8,32.05,12.57,22.0,0.467,0.0,0.0,7.0,31.82,1.303,0.2,16.13,6.02,16.87,22.89,24.49,0.0,,,,,,,,,,,,,,
745805,2024-06-15,2024,664056,R,800049,R,single,False,False,130.0,0.292,30.0,23.08,6.0,4.62,0.7210000000000001,0.09100000000000003,27.19,12.97,20.71,33.68,36.71,21.74,248.0,0.207,45.0,18.15,9.0,3.63,0.504,0.056,25.06,12.41,16.74,29.16,37.02,20.45,19.0,0.158,4.0,21.05,0.0,0.0,0.369,0.05299999999999999,25.0,11.69,15.58,27.27,34.78,18.18,,,,,,,,,,,,,,
745805,2024-06-15,2024,596019,L,800049,R,walk,False,True,229.0,0.214,44.0,19.21,16.0,6.99,0.655,0.16,23.76,11.65,15.34,26.99,25.99,17.89,483.0,0.242,102.0,21.12,51.0,10.56,0.757,0.182,23.68,11.49,14.35,25.84,28.12,17.29,22.0,0.467,0.0,0.0,7.0,31.82,1.303,0.2,16.13,6.02,16.87,22.89,24.49,0.0,,,,,,,,,,,,,,
745805,2024-06-15,2024,607043,L,800049,R,field_out,False,False,204.0,0.213,53.0,25.98,33.0,16.18,0.721,0.147,24.47,9.99,17.05,27.04,19.83,17.79,448.0,0.266,98.0,21.88,60.0,13.39,0.874,0.235,20.87,8.67,19.47,28.14,19.23,16.42,22.0,0.467,0.0,0.0,7.0,31.82,1.303,0.2,16.13,6.02,16.87,22.89,24.49,0.0,,,,,,,,,,,,,,
745805,2024-06-15,2024,673490,R,500779,L,field_out,False,False,85.0,0.192,12.0,14.12,11.0,12.94,0.6539999999999999,0.16399999999999998,14.48,5.85,21.45,27.3,17.2,11.11,191.0,0.302,30.0,15.71,20.0,10.47,0.897,0.219,15.84,6.63,22.21,28.83,23.47,11.49,230.0,0.281,35.0,15.22,20.0,8.7,0.8049999999999999,0.16699999999999998,19.38,8.37,15.51,23.88,26.17,13.67,263.0,0.268,50.0,19.01,22.0,8.37,0.685,0.0889999999999999,22.49,10.13,16.62,26.75,30.68,16.23
745805,2024-06-15,2024,543309,R,500779,L,strikeout,True,False,33.0,0.161,13.0,39.39,2.0,6.06,0.567,0.19399999999999998,34.38,16.18,19.85,36.03,28.79,27.66,69.0,0.242,21.0,30.43,2.0,2.9,0.776,0.273,28.06,14.13,16.67,30.8,33.33,22.83,230.0,0.281,35.0,15.22,20.0,8.7,0.8049999999999999,0.16699999999999998,19.38,8.37,15.51,23.88,26.17,13.67,263.0,0.268,50.0,19.01,22.0,8.37,0.685,0.0889999999999999,22.49,10.13,16.62,26.75,30.68,16.23
745805,2024-06-15,2024,650333,L,500779,L,field_out,False,False,129.0,0.292,13.0,10.08,5.0,3.88,0.658,0.025000000000000022,12.56,5.88,20.04,25.93,33.92,11.3,138.0,0.326,17.0,12.32,4.0,2.9,0.76,0.0909999999999999,12.5,6.61,16.32,22.93,33.48,12.88,62.0,0.259,9.0,14.52,3.0,4.84,0.829,0.275,15.69,7.31,16.44,23.74,27.27,15.79,57.0,0.222,10.0,17.54,2.0,3.51,0.639,0.167,17.82,8.41,17.76,26.17,27.55,14.29
745805,2024-06-15,2024,502110,R,800049,R,walk,False,True,117.0,0.243,37.0,31.62,5.0,4.27,0.69,0.17099999999999999,30.2,16.28,13.95,30.23,34.76,21.76,343.0,0.27,106.0,30.9,21.0,6.12,0.8799999999999999,0.2979999999999999,35.71,19.2,12.73,31.93,33.23,24.42,19.0,0.158,4.0,21.05,0.0,0.0,0.369,0.05299999999999999,25.0,11.69,15.58,27.27,34.78,18.18,,,,,,,,,,,,,,
745805,2024-06-15,2024,624413,R,800049,R,strikeout,True,False,215.0,0.24,42.0,19.53,19.0,8.84,0.761,0.20800000000000002,22.68,10.29,19.08,29.37,30.03,18.55,475.0,0.214,109.0,22.95,44.0,9.26,0.8069999999999999,0.281,26.53,11.43,18.24,29.67,27.59,22.11,19.0,0.158,4.0,21.05,0.0,0.0,0.369,0.05299999999999999,25.0,11.69,15.58,27.27,34.78,18.18,,,,,,,,,,,,,,
745805,2024-06-15,2024,621466,L,800049,R,walk,False,True,120.0,0.198,26.0,21.67,20.0,16.67,0.715,0.16699999999999998,30.16,11.97,16.6,28.57,13.98,20.47,136.0,0.273,43.0,31.62,10.0,7.35,0.92,0.3059999999999999,35.89,18.63,10.49,29.11,25.44,24.85,22.0,0.467,0.0,0.0,7.0,31.82,1.303,0.2,16.13,6.02,16.87,22.89,24.49,0.0,,,,,,,,,,,,,,
745805,2024-06-15,2024,668901,R,800049,R,field_out,False,False,48.0,0.233,10.0,20.83,4.0,8.33,0.6639999999999999,0.13899999999999998,33.33,17.05,14.77,31.82,31.03,20.0,145.0,0.209,41.0,28.28,8.0,5.52,0.643,0.172,34.08,18.24,17.03,35.27,36.73,29.93,19.0,0.158,4.0,21.05,0.0,0.0,0.369,0.05299999999999999,25.0,11.69,15.58,27.27,34.78,18.18,,,,,,,,,,,,,,
745805,2024-06-15,2024,682626,R,800049,R,strikeout,True,False,44.0,0.186,12.0,27.27,1.0,2.27,0.484,0.09300000000000003,39.33,22.73,15.58,38.31,42.65,22.64,275.0,0.229,73.0,26.55,17.0,6.18,0.7769999999999999,0.257,32.18,14.61,18.33,32.94,27.78,26.07,19.0,0.158,4.0,21.05,0.0,0.0,0.369,0.05299999999999999,25.0,11.69,15.58,27.27,34.78,18.18,,,,,,,,,,,,,,
745805,2024-06-15,2024,665487,R,500779,L,field_out,False,False,99.0,0.212,26.0,26.26,17.0,17.17,0.6519999999999999,0.07599999999999998,27.22,11.36,15.56,26.91,20.47,19.7,146.0,0.305,27.0,18.49,16.0,10.96,0.915,0.226,26.9,13.07,10.55,23.62,26.91,14.44,230.0,0.281,35.0,15.22,20.0,8.7,0.8049999999999999,0.16699999999999998,19.38,8.37,15.51,23.88,26.17,13.67,263.0,0.268,50.0,19.01,22.0,8.37,0.685,0.0889999999999999,22.49,10.13,16.62,26.75,30.68,16.23
745805,2024-06-15,2024,595777,R,500779,L,walk,False,True,87.0,0.351,7.0,8.05,12.0,13.79,1.01,0.21699999999999997,16.55,7.08,16.22,23.3,22.94,6.25,147.0,0.275,22.0,14.97,13.0,8.84,0.774,0.1519999999999999,15.44,6.84,17.44,24.27,22.81,13.33,230.0,0.281,35.0,15.22,20.0,8.7,0.8049999999999999,0.16699999999999998,19.38,8.37,15.51,23.88,26.17,13.67,263.0,0.268,50.0,19.01,22.0,8.37,0.685,0.0889999999999999,22.49,10.13,16.62,26.75,30.68,16.23
745805,2024-06-15,2024,592518,R,500779,L,field_out,False,False,78.0,0.214,19.0,24.36,8.0,10.26,0.681,0.17200000000000001,29.85,13.84,14.88,28.72,25.34,22.22,150.0,0.308,26.0,17.33,14.0,9.33,0.887,0.203,21.32,9.67,16.52,26.19,28.38,16.56,230.0,0.281,35.0,15.22,20.0,8.7,0.8049999999999999,0.16699999999999998,19.38,8.37,15.51,23.88,26.17,13.67,263.0,0.268,50.0,19.01,22.0,8.37,0.685,0.0889999999999999,22.49,10.13,16.62,26.75,30.68,16.23
745805,2024-06-15,2024,456781,R,500779,L,force_out,False,False,51.0,0.311,8.0,15.69,6.0,11.76,0.881,0.178,23.23,9.96,19.91,29.87,25.42,10.67,153.0,0.286,32.0,20.92,11.0,7.19,0.746,0.114,24.12,11.77,18.21,29.98,32.04,14.35,230.0,0.281,35.0,15.22,20.0,8.7,0.8049999999999999,0.16699999999999998,19.38,8.37,15.51,23.88,26.17,13.67,263.0,0.268,50.0,19.01,22.0,8.37,0.685,0.0889999999999999,22.49,10.13,16.62,26.75,30.68,16.23
745805,2024-06-15,2024,643446,L,800049,R,field_out,False,False,164.0,0.205,18.0,10.98,15.0,9.15,0.589,0.096,12.93,6.63,13.96,20.59,27.68,11.92,447.0,0.26,48.0,10.74,25.0,5.59,0.6930000000000001,0.1149999999999999,14.08,7.59,11.21,18.8,32.05,12.57,22.0,0.467,0.0,0.0,7.0,31.82,1.303,0.2,16.13,6.02,16.87,22.89,24.49,0.0,,,,,,,,,,,,,,
745805,2024-06-15,2024,664056,R,800049,R,field_out,False,False,130.0,0.292,30.0,23.08,6.0,4.62,0.7210000000000001,0.09100000000000003,27.19,12.97,20.71,33.68,36.71,21.74,248.0,0.207,45.0,18.15,9.0,3.63,0.504,0.056,25.06,12.41,16.74,29.16,37.02,20.45,19.0,0.158,4.0,21.05,0.0,0.0,0.369,0.05299999999999999,25.0,11.69,15.58,27.27,34.78,18.18,,,,,,,,,,,,,,
745805,2024-06-15,2024,596019,L,800049,R,double,False,False,229.0,0.214,44.0,19.21,16.0,6.99,0.655,0.16,23.76,11.65,15.34,26.99,25.99,17.89,483.0,0.242,102.0,21.12,51.0,10.56,0.757,0.182,23.68,11.49,14.35,25.84,28.12,17.29,22.0,0.467,0.0,0.0,7.0,31.82,1.303,0.2,16.13,6.02,16.87,22.89,24.49,0.0,,,,,,,,,,,,,,
745805,2024-06-15,2024,607043,L,800049,R,double,False,False,204.0,0.213,53.0,25.98,33.0,16.18,0.721,0.147,24.47,9.99,17.05,27.04,19.83,17.79,448.0,0.266,98.0,21.88,60.0,13.39,0.874,0.235,20.87,8.67,19.47,28.14,19.23,16.42,22.0,0.467,0.0,0.0,7.0,31.82,1.303,0.2,16.13,6.02,16.87,22.89,24.49,0.0,,,,,,,,,,,,,,
745805,2024-06-15,2024,502110,R,666745,R,home_run,False,False,117.0,0.243,37.0,31.62,5.0,4.27,0.69,0.17099999999999999,30.2,16.28,13.95,30.23,34.76,21.76,343.0,0.27,106.0,30.9,21.0,6.12,0.8799999999999999,0.2979999999999999,35.71,19.2,12.73,31.93,33.23,24.42,83.0,0.329,8.0,9.64,4.0,4.82,0.7030000000000001,0.013000000000000012,15.15,7.02,16.14,23.16,20.69,12.9,197.0,0.228,44.0,22.34,11.0,5.58,0.715,0.205,20.32,9.9,18.62,28.52,31.41,16.67
745805,2024-06-15,2024,624413,R,666745,R,field_out,False,False,215.0,0.24,42.0,19.53,19.0,8.84,0.761,0.20800000000000002,22.68,10.29,19.08,29.37,30.03,18.55,475.0,0.214,109.0,22.95,44.0,9.26,0.8069999999999999,0.281,26.53,11.43,18.24,29.67,27.59,22.11,83.0,0.329,8.0,9.64,4.0,4.82,0.7030000000000001,0.013000000000000012,15.15,7.02,16.14,23.16,20.69,12.9,197.0,0.228,44.0,22.34,11.0,5.58,0.715,0.205,20.32,9.9,18.62,28.52,31.41,16.67
745805,2024-06-15,2024,630105,L,500779,L,strikeout,True,False,92.0,0.21,16.0,17.39,8.0,8.7,0.589,0.086,16.95,7.71,14.91,22.62,18.92,13.01,156.0,0.229,38.0,24.36,10.0,6.41,0.665,0.1349999999999999,18.48,9.0,20.1,29.1,30.82,17.84,62.0,0.259,9.0,14.52,3.0,4.84,0.829,0.275,15.69,7.31,16.44,23.74,27.27,15.79,57.0,0.222,10.0,17.54,2.0,3.51,0.639,0.167,17.82,8.41,17.76,26.17,27.55,14.29
745805,2024-06-15,2024,701538,L,500779,L,home_run,False,False,73.0,0.203,7.0,9.59,3.0,4.11,0.537,0.10099999999999998,17.04,8.71,14.02,22.73,28.12,9.86,,,,,,,,,,,,,,,62.0,0.259,9.0,14.52,3.0,4.84,0.829,0.275,15.69,7.31,16.44,23.74,27.27,15.79,57.0,0.222,10.0,17.54,2.0,3.51,0.639,0.167,17.82,8.41,17.76,26.17,27.55,14.29
745805,2024-06-15,2024,673490,R,500779,L,strikeout,True,False,85.0,0.192,12.0,14.12,11.0,12.94,0.6539999999999999,0.16399999999999998,14.48,5.85,21.45,27.3,17.2,11.11,191.0,0.302,30.0,15.71,20.0,10.47,0.897,0.219,15.84,6.63,22.21,28.83,23.47,11.49,230.0,0.281,35.0,15.22,20.0,8.7,0.8049999999999999,0.16699999999999998,19.38,8.37,15.51,23.88,26.17,13.67,263.0,0.268,50.0,19.01,22.0,8.37,0.685,0.0889999999999999,22.49,10.13,16.62,26.75,30.68,16.23
745805,2024-06-15,2024,543309,R,500779,L,strikeout,True,False,33.0,0.161,13.0,39.39,2.0,6.06,0.567,0.19399999999999998,34.38,16.18,19.85,36.03,28.79,27.66,69.0,0.242,21.0,30.43,2.0,2.9,0.776,0.273,28.06,14.13,16.67,30.8,33.33,22.83,230.0,0.281,35.0,15.22,20.0,8.7,0.8049999999999999,0.16699999999999998,19.38,8.37,15.51,23.88,26.17,13.67,263.0,0.268,50.0,19.01,22.0,8.37,0.685,0.0889999999999999,22.49,10.13,16.62,26.75,30.68,16.23
745805,2024-06-15,2024,621466,L,666745,R,strikeout,True,False,120.0,0.198,26.0,21.67,20.0,16.67,0.715,0.16699999999999998,30.16,11.97,16.6,28.57,13.98,20.47,136.0,0.273,43.0,31.62,10.0,7.35,0.92,0.3059999999999999,35.89,18.63,10.49,29.11,25.44,24.85,60.0,0.193,12.0,20.0,2.0,3.33,0.571,0.15799999999999997,21.78,11.34,13.92,25.26,23.46,26.67,177.0,0.263,28.0,15.82,17.0,9.6,0.771,0.173,23.29,11.05,16.2,27.25,27.19,15.82
745805,2024-06-15,2024,668901,R,666745,R,field_out,False,False,48.0,0.233,10.0,20.83,4.0,8.33,0.6639999999999999,0.13899999999999998,33.33,17.05,14.77,31.82,31.03,20.0,145.0,0.209,41.0,28.28,8.0,5.52,0.643,0.172,34.08,18.24,17.03,35.27,36.73,29.93,83.0,0.329,8.0,9.64,4.0,4.82,0.7030000000000001,0.013000000000000012,15.15,7.02,16.14,23.16,20.69,12.9,197.0,0.228,44.0,22.34,11.0,5.58,0.715,0.205,20.32,9.9,18.62,28.52,31.41,16.67
745805,2024-06-15,2024,682626,R,666745,R,single,False,False,44.0,0.186,12.0,27.27,1.0,2.27,0.484,0.09300000000000003,39.33,22.73,15.58,38.31,42.65,22.64,275.0,0.229,73.0,26.55,17.0,6.18,0.7769999999999999,0.257,32.18,14.61,18.33,32.94,27.78,26.07,83.0,0.329,8.0,9.64,4.0,4.82,0.7030000000000001,0.013000000000000012,15.15,7.02,16.14,23.16,20.69,12.9,197.0,0.228,44.0,22.34,11.0,5.58,0.715,0.205,20.32,9.9,18.62,28.52,31.41,16.67
745805,2024-06-15,2024,643446,L,666745,R,field_out,False,False,164.0,0.205,18.0,10.98,15.0,9.15,0.589,0.096,12.93,6.63,13.96,20.59,27.68,11.92,447.0,0.26,48.0,10.74,25.0,5.59,0.6930000000000001,0.1149999999999999,14.08,7.59,11.21,18.8,32.05,12.57,60.0,0.193,12.0,20.0,2.0,3.33,0.571,0.15799999999999997,21.78,11.34,13.92,25.26,23.46,26.67,177.0,0.263,28.0,15.82,17.0,9.6,0.771,0.173,23.29,11.05,16.2,27.25,27.19,15.82
745805,2024-06-15,2024,650333,L,500779,L,field_out,False,False,129.0,0.292,13.0,10.08,5.0,3.88,0.658,0.025000000000000022,12.56,5.88,20.04,25.93,33.92,11.3,138.0,0.326,17.0,12.32,4.0,2.9,0.76,0.0909999999999999,12.5,6.61,16.32,22.93,33.48,12.88,62.0,0.259,9.0,14.52,3.0,4.84,0.829,0.275,15.69,7.31,16.44,23.74,27.27,15.79,57.0,0.222,10.0,17.54,2.0,3.51,0.639,0.167,17.82,8.41,17.76,26.17,27.55,14.29
745805,2024-06-15,2024,665487,R,500779,L,walk,False,True,99.0,0.212,26.0,26.26,17.0,17.17,0.6519999999999999,0.07599999999999998,27.22,11.36,15.56,26.91,20.47,19.7,146.0,0.305,27.0,18.49,16.0,10.96,0.915,0.226,26.9,13.07,10.55,23.62,26.91,14.44,230.0,0.281,35.0,15.22,20.0,8.7,0.8049999999999999,0.16699999999999998,19.38,8.37,15.51,23.88,26.17,13.67,263.0,0.268,50.0,19.01,22.0,8.37,0.685,0.0889999999999999,22.49,10.13,16.62,26.75,30.68,16.23
745805,2024-06-15,2024,595777,R,500779,L,grounded_into_double_play,False,False,87.0,0.351,7.0,8.05,12.0,13.79,1.01,0.21699999999999997,16.55,7.08,16.22,23.3,22.94,6.25,147.0,0.275,22.0,14.97,13.0,8.84,0.774,0.1519999999999999,15.44,6.84,17.44,24.27,22.81,13.33,230.0,0.281,35.0,15.22,20.0,8.7,0.8049999999999999,0.16699999999999998,19.38,8.37,15.51,23.88,26.17,13.67,263.0,0.268,50.0,19.01,22.0,8.37,0.685,0.0889999999999999,22.49,10.13,16.62,26.75,30.68,16.23
745805,2024-06-15,2024,664056,R,666745,R,field_out,False,False,130.0,0.292,30.0,23.08,6.0,4.62,0.7210000000000001,0.09100000000000003,27.19,12.97,20.71,33.68,36.71,21.74,248.0,0.207,45.0,18.15,9.0,3.63,0.504,0.056,25.06,12.41,16.74,29.16,37.02,20.45,83.0,0.329,8.0,9.64,4.0,4.82,0.7030000000000001,0.013000000000000012,15.15,7.02,16.14,23.16,20.69,12.9,197.0,0.228,44.0,22.34,11.0,5.58,0.715,0.205,20.32,9.9,18.62,28.52,31.41,16.67
745805,2024-06-15,2024,596019,L,666745,R,strikeout,True,False,229.0,0.214,44.0,19.21,16.0,6.99,0.655,0.16,23.76,11.65,15.34,26.99,25.99,17.89,483.0,0.242,102.0,21.12,51.0,10.56,0.757,0.182,23.68,11.49,14.35,25.84,28.12,17.29,60.0,0.193,12.0,20.0,2.0,3.33,0.571,0.15799999999999997,21.78,11.34,13.92,25.26,23.46,26.67,177.0,0.263,28.0,15.82,17.0,9.6,0.771,0.173,23.29,11.05,16.2,27.25,27.19,15.82
745805,2024-06-15,2024,607043,L,666745,R,field_out,False,False,204.0,0.213,53.0,25.98,33.0,16.18,0.721,0.147,24.47,9.99,17.05,27.04,19.83,17.79,448.0,0.266,98.0,21.88,60.0,13.39,0.874,0.235,20.87,8.67,19.47,28.14,19.23,16.42,60.0,0.193,12.0,20.0,2.0,3.33,0.571,0.15799999999999997,21.78,11.34,13.92,25.26,23.46,26.67,177.0,0.263,28.0,15.82,17.0,9.6,0.771,0.173,23.29,11.05,16.2,27.25,27.19,15.82
745805,2024-06-15,2024,592518,R,673380,R,field_out,False,False,180.0,0.266,40.0,22.22,10.0,5.56,0.6619999999999999,0.08899999999999997,25.73,12.75,14.93,27.68,27.83,20.41,452.0,0.241,83.0,18.36,36.0,7.96,0.747,0.205,24.68,12.42,14.05,26.47,29.58,16.9,48.0,0.156,21.0,43.75,1.0,2.08,0.441,0.11100000000000002,42.0,22.95,18.58,41.53,32.0,37.5,,,,,,,,,,,,,,
745805,2024-06-15,2024,456781,R,673380,R,field_out,False,False,44.0,0.282,11.0,25.0,2.0,4.55,0.726,0.10300000000000004,19.28,9.14,22.29,31.43,25.71,17.74,297.0,0.28,68.0,22.9,29.0,9.76,0.766,0.1059999999999999,26.06,12.14,17.61,29.74,28.81,17.48,48.0,0.156,21.0,43.75,1.0,2.08,0.441,0.11100000000000002,42.0,22.95,18.58,41.53,32.0,37.5,,,,,,,,,,,,,,
745805,2024-06-15,2024,630105,L,673380,R,field_out,False,False,199.0,0.274,33.0,16.58,16.0,8.04,0.849,0.235,18.11,8.35,17.21,25.56,23.3,13.47,367.0,0.23,59.0,16.08,36.0,9.81,0.7,0.154,14.92,6.99,16.69,23.68,24.61,14.08,12.0,0.3,3.0,25.0,2.0,16.67,1.117,0.39999999999999997,30.0,17.31,9.62,26.92,34.62,15.79,,,,,,,,,,,,,,
745805,2024-06-15,2024,502110,R,660853,R,home_run,False,False,117.0,0.243,37.0,31.62,5.0,4.27,0.69,0.17099999999999999,30.2,16.28,13.95,30.23,34.76,21.76,343.0,0.27,106.0,30.9,21.0,6.12,0.8799999999999999,0.2979999999999999,35.71,19.2,12.73,31.93,33.23,24.42,79.0,0.23,27.0,34.18,4.0,5.06,0.67,0.162,34.07,19.14,14.51,33.64,30.66,21.77,143.0,0.171,44.0,30.77,10.0,6.99,0.516,0.093,35.46,18.12,15.04,33.15,32.74,25.88
745805,2024-06-15,2024,624413,R,660853,R,double,False,False,215.0,0.24,42.0,19.53,19.0,8.84,0.761,0.20800000000000002,22.68,10.29,19.08,29.37,30.03,18.55,475.0,0.214,109.0,22.95,44.0,9.26,0.8069999999999999,0.281,26.53,11.43,18.24,29.67,27.59,22.11,79.0,0.23,27.0,34.18,4.0,5.06,0.67,0.162,34.07,19.14,14.51,33.64,30.66,21.77,143.0,0.171,44.0,30.77,10.0,6.99,0.516,0.093,35.46,18.12,15.04,33.15,32.74,25.88
745805,2024-06-15,2024,621466,L,660853,R,strikeout,True,False,120.0,0.198,26.0,21.67,20.0,16.67,0.715,0.16699999999999998,30.16,11.97,16.6,28.57,13.98,20.47,136.0,0.273,43.0,31.62,10.0,7.35,0.92,0.3059999999999999,35.89,18.63,10.49,29.11,25.44,24.85,35.0,0.267,6.0,17.14,5.0,14.29,1.138,0.5,27.94,12.26,16.13,28.39,24.66,12.77,119.0,0.272,18.0,15.13,15.0,12.61,0.778,0.1449999999999999,17.99,8.48,14.0,22.49,22.82,10.53
745805,2024-06-15,2024,668901,R,660853,R,strikeout,True,False,48.0,0.233,10.0,20.83,4.0,8.33,0.6639999999999999,0.13899999999999998,33.33,17.05,14.77,31.82,31.03,20.0,145.0,0.209,41.0,28.28,8.0,5.52,0.643,0.172,34.08,18.24,17.03,35.27,36.73,29.93,79.0,0.23,27.0,34.18,4.0,5.06,0.67,0.162,34.07,19.14,14.51,33.64,30.66,21.77,143.0,0.171,44.0,30.77,10.0,6.99,0.516,0.093,35.46,18.12,15.04,33.15,32.74,25.88
745805,2024-06-15,2024,682626,R,660853,R,field_out,False,False,44.0,0.186,12.0,27.27,1.0,2.27,0.484,0.09300000000000003,39.33,22.73,15.58,38.31,42.65,22.64,275.0,0.229,73.0,26.55,17.0,6.18,0.7769999999999999,0.257,32.18,14.61,18.33,32.94,27.78,26.07,79.0,0.23,27.0,34.18,4.0,5.06,0.67,0.162,34.07,19.14,14.51,33.64,30.66,21.77,143.0,0.171,44.0,30.77,10.0,6.99,0.516,0.093,35.46,18.12,15.04,33.15,32.74,25.88
745805,2024-06-15,2024,701538,L,673380,R,strikeout,True,False,166.0,0.316,26.0,15.66,9.0,5.42,0.7989999999999999,0.129,17.33,9.47,13.46,22.92,36.45,13.76,,,,,,,,,,,,,,,12.0,0.3,3.0,25.0,2.0,16.67,1.117,0.39999999999999997,30.0,17.31,9.62,26.92,34.62,15.79,,,,,,,,,,,,,,
745805,2024-06-15,2024,673490,R,673380,R,field_error,False,False,192.0,0.242,33.0,17.19,29.0,15.1,0.7809999999999999,0.18,17.47,6.18,24.0,30.18,17.65,12.18,435.0,0.241,94.0,21.61,55.0,12.64,0.681,0.1,18.8,7.03,23.65,30.68,19.23,15.59,48.0,0.156,21.0,43.75,1.0,2.08,0.441,0.11100000000000002,42.0,22.95,18.58,41.53,32.0,37.5,,,,,,,,,,,,,,
745805,2024-06-15,2024,444482,L,673380,R,strikeout,True,False,35.0,0.194,7.0,20.0,3.0,8.57,0.491,0.032,27.06,15.97,9.03,25.0,40.54,10.71,387.0,0.253,63.0,16.28,19.0,4.91,0.6739999999999999,0.131,22.16,12.01,13.06,25.07,33.57,15.04,12.0,0.3,3.0,25.0,2.0,16.67,1.117,0.39999999999999997,30.0,17.31,9.62,26.92,34.62,15.79,,,,,,,,,,,,,,
745805,2024-06-15,2024,650333,L,673380,R,field_out,False,False,182.0,0.355,5.0,2.75,7.0,3.85,0.823,0.08700000000000002,6.25,3.0,19.64,22.64,34.4,3.09,479.0,0.362,17.0,3.55,31.0,6.47,0.891,0.122,6.51,3.2,16.58,19.78,31.29,4.11,12.0,0.3,3.0,25.0,2.0,16.67,1.117,0.39999999999999997,30.0,17.31,9.62,26.92,34.62,15.79,,,,,,,,,,,,,,
745805,2024-06-15,2024,643446,L,663568,R,single,False,False,164.0,0.205,18.0,10.98,15.0,9.15,0.589,0.096,12.93,6.63,13.96,20.59,27.68,11.92,447.0,0.26,48.0,10.74,25.0,5.59,0.6930000000000001,0.1149999999999999,14.08,7.59,11.21,18.8,32.05,12.57,48.0,0.217,11.0,22.92,2.0,4.17,0.489,0.021999999999999992,16.67,8.62,18.97,27.59,31.51,20.37,,,,,,,,,,,,,,
745805,2024-06-15,2024,664056,R,663568,R,field_out,False,False,130.0,0.292,30.0,23.08,6.0,4.62,0.7210000000000001,0.09100000000000003,27.19,12.97,20.71,33.68,36.71,21.74,248.0,0.207,45.0,18.15,9.0,3.63,0.504,0.056,25.06,12.41,16.74,29.16,37.02,20.45,84.0,0.359,15.0,17.86,5.0,5.95,0.9560000000000001,0.19200000000000006,23.6,11.76,15.79,27.55,24.83,16.13,,,,,,,,,,,,,,
745805,2024-06-15,2024,596019,L,663568,R,field_out,False,False,229.0,0.214,44.0,19.21,16.0,6.99,0.655,0.16,23.76,11.65,15.34,26.99,25.99,17.89,483.0,0.242,102.0,21.12,51.0,10.56,0.757,0.182,23.68,11.49,14.35,25.84,28.12,17.29,48.0,0.217,11.0,22.92,2.0,4.17,0.489,0.021999999999999992,16.67,8.62,18.97,27.59,31.51,20.37,,,,,,,,,,,,,,
745805,2024-06-15,2024,607043,L,663568,R,single,False,False,204.0,0.213,53.0,25.98,33.0,16.18,0.721,0.147,24.47,9.99,17.05,27.04,19.83,17.79,448.0,0.266,98.0,21.88,60.0,13.39,0.874,0.235,20.87,8.67,19.47,28.14,19.23,16.42,48.0,0.217,11.0,22.92,2.0,4.17,0.489,0.021999999999999992,16.67,8.62,18.97,27.59,31.51,20.37,,,,,,,,,,,,,,
745805,2024-06-15,2024,502110,R,663568,R,single,False,False,117.0,0.243,37.0,31.62,5.0,4.27,0.69,0.17099999999999999,30.2,16.28,13.95,30.23,34.76,21.76,343.0,0.27,106.0,30.9,21.0,6.12,0.8799999999999999,0.2979999999999999,35.71,19.2,12.73,31.93,33.23,24.42,84.0,0.359,15.0,17.86,5.0,5.95,0.9560000000000001,0.19200000000000006,23.6,11.76,15.79,27.55,24.83,16.13,,,,,,,,,,,,,,
745805,2024-06-15,2024,624413,R,663568,R,strikeout,True,False,215.0,0.24,42.0,19.53,19.0,8.84,0.761,0.20800000000000002,22.68,10.29,19.08,29.37,30.03,18.55,475.0,0.214,109.0,22.95,44.0,9.26,0.8069999999999999,0.281,26.53,11.43,18.24,29.67,27.59,22.11,84.0,0.359,15.0,17.86,5.0,5.95,0.9560000000000001,0.19200000000000006,23.6,11.76,15.79,27.55,24.83,16.13,,,,,,,,,,,,,,
745805,2024-06-15,2024,665487,R,657585,R,field_out,False,False,212.0,0.298,38.0,17.92,11.0,5.19,0.8800000000000001,0.24200000000000005,26.17,14.17,11.22,25.39,30.4,21.71,489.0,0.244,114.0,23.31,37.0,7.57,0.728,0.181,31.62,17.66,8.94,26.61,34.25,23.98,78.0,0.212,25.0,32.05,9.0,11.54,0.639,0.10600000000000001,39.47,19.61,14.05,33.66,35.39,24.75,61.0,0.333,10.0,16.39,5.0,8.2,0.863,0.13,29.75,14.46,14.46,28.92,26.52,11.36
745805,2024-06-15,2024,595777,L,657585,R,strikeout,True,False,195.0,0.319,34.0,17.44,25.0,12.82,0.897,0.15999999999999998,17.76,8.06,15.01,23.08,22.85,13.41,375.0,0.229,68.0,18.13,37.0,9.87,0.6559999999999999,0.1159999999999999,21.66,10.43,14.17,24.61,26.12,14.59,67.0,0.237,28.0,41.79,8.0,11.94,0.7010000000000001,0.136,38.74,16.1,18.73,34.83,32.03,35.9,27.0,0.167,6.0,22.22,2.0,7.41,0.68,0.291,26.32,15.15,9.09,24.24,38.46,21.43
745805,2024-06-15,2024,592518,R,657585,R,field_out,False,False,180.0,0.266,40.0,22.22,10.0,5.56,0.6619999999999999,0.08899999999999997,25.73,12.75,14.93,27.68,27.83,20.41,452.0,0.241,83.0,18.36,36.0,7.96,0.747,0.205,24.68,12.42,14.05,26.47,29.58,16.9,78.0,0.212,25.0,32.05,9.0,11.54,0.639,0.10600000000000001,39.47,19.61,14.05,33.66,35.39,24.75,61.0,0.333,10.0,16.39,5.0,8.2,0.863,0.13,29.75,14.46,14.46,28.92,26.52,11.36
746381,2024-06-15,2024,672761,L,681293,R,strikeout,True,False,143.0,0.227,31.0,21.68,13.0,9.09,0.671,0.148,22.18,9.76,19.35,29.11,26.03,17.13,,,,,,,,,,,,,,,137.0,0.272,32.0,23.36,19.0,13.87,0.77,0.123,24.9,11.01,17.13,28.15,23.59,20.0,,,,,,,,,,,,,,
746381,2024-06-15,2024,663837,R,681293,R,home_run,False,False,162.0,0.253,37.0,22.84,9.0,5.56,0.7909999999999999,0.24,20.58,8.73,20.67,29.4,18.75,17.87,383.0,0.26,92.0,24.02,29.0,7.57,0.724,0.14,21.06,9.23,21.95,31.18,28.67,18.31,104.0,0.272,29.0,27.88,10.0,9.62,0.774,0.15199999999999997,30.93,14.89,16.63,31.51,25.97,22.83,,,,,,,,,,,,,,
746381,2024-06-15,2024,682985,L,681293,R,home_run,False,False,225.0,0.267,60.0,26.67,31.0,13.78,0.868,0.22999999999999998,29.02,11.78,17.88,29.66,20.74,22.81,323.0,0.291,84.0,26.01,28.0,8.67,0.826,0.182,27.26,12.45,16.06,28.52,24.68,20.14,137.0,0.272,32.0,23.36,19.0,13.87,0.77,0.123,24.9,11.01,17.13,28.15,23.59,20.0,,,,,,,,,,,,,,
746381,2024-06-15,2024,592192,R,681293,R,field_out,False,False,203.0,0.231,40.0,19.7,20.0,9.85,0.673,0.11000000000000001,21.78,8.7,23.28,31.99,21.13,16.53,341.0,0.261,56.0,16.42,28.0,8.21,0.721,0.1079999999999999,18.91,7.86,21.98,29.84,23.71,13.49,104.0,0.272,29.0,27.88,10.0,9.62,0.774,0.15199999999999997,30.93,14.89,16.63,31.51,25.97,22.83,,,,,,,,,,,,,,
746381,2024-06-15,2024,690993,L,681293,R,double,False,False,184.0,0.222,32.0,17.39,11.0,5.98,0.5640000000000001,0.06999999999999998,22.64,10.71,16.82,27.53,31.81,19.16,,,,,,,,,,,,,,,137.0,0.272,32.0,23.36,19.0,13.87,0.77,0.123,24.9,11.01,17.13,28.15,23.59,20.0,,,,,,,,,,,,,,
746381,2024-06-15,2024,669234,R,681293,R,strikeout,True,False,26.0,0.238,9.0,34.62,4.0,15.38,0.87,0.28600000000000003,36.96,14.78,20.0,34.78,9.8,23.68,,,,,,,,,,,,,,,104.0,0.272,29.0,27.88,10.0,9.62,0.774,0.15199999999999997,30.93,14.89,16.63,31.51,25.97,22.83,,,,,,,,,,,,,,
746381,2024-06-15,2024,514888,R,656427,R,strikeout,True,False,221.0,0.29,42.0,19.0,13.0,5.88,0.789,0.16400000000000003,20.2,10.43,17.05,27.48,38.77,18.75,297.0,0.322,55.0,18.52,32.0,10.77,0.941,0.218,19.43,8.47,19.0,27.48,31.81,17.74,138.0,0.242,45.0,32.61,4.0,2.9,0.677,0.16000000000000003,33.58,16.58,18.02,34.59,33.47,24.19,306.0,0.274,84.0,27.45,27.0,8.82,0.768,0.1409999999999999,30.36,14.29,16.46,30.75,27.99,21.45
746381,2024-06-15,2024,608324,R,656427,R,field_out,False,False,191.0,0.259,34.0,17.8,16.0,8.38,0.761,0.176,15.98,7.12,19.13,26.25,24.41,14.53,508.0,0.282,67.0,13.19,65.0,12.8,0.8500000000000001,0.186,14.53,5.58,19.65,25.23,16.96,12.88,138.0,0.242,45.0,32.61,4.0,2.9,0.677,0.16000000000000003,33.58,16.58,18.02,34.59,33.47,24.19,306.0,0.274,84.0,27.45,27.0,8.82,0.768,0.1409999999999999,30.36,14.29,16.46,30.75,27.99,21.45
746381,2024-06-15,2024,670541,L,656427,R,field_out,False,False,192.0,0.266,26.0,13.54,20.0,10.42,0.858,0.243,19.56,8.91,16.67,25.57,30.42,14.13,322.0,0.292,55.0,17.08,49.0,15.22,1.044,0.333,21.1,8.88,15.37,24.25,23.99,15.32,143.0,0.206,49.0,34.27,6.0,4.2,0.598,0.147,36.36,15.92,20.76,36.68,31.01,27.12,344.0,0.298,64.0,18.6,39.0,11.34,0.866,0.183,22.78,9.36,18.3,27.66,23.16,17.02
746381,2024-06-15,2024,656716,L,681293,R,walk,False,True,103.0,0.204,28.0,27.18,8.0,7.77,0.573,0.097,27.64,13.35,16.99,30.34,29.56,22.22,475.0,0.23,109.0,22.95,38.0,8.0,0.653,0.1259999999999999,21.06,10.13,16.08,26.2,28.04,19.12,137.0,0.272,32.0,23.36,19.0,13.87,0.77,0.123,24.9,11.01,17.13,28.15,23.59,20.0,,,,,,,,,,,,,,
746381,2024-06-15,2024,668731,L,681293,R,walk,False,True,26.0,0.182,6.0,23.08,3.0,11.54,0.724,0.273,30.91,16.67,9.8,26.47,35.71,20.0,347.0,0.218,87.0,25.07,42.0,12.1,0.688,0.158,25.51,11.78,14.66,26.44,24.86,21.97,137.0,0.272,32.0,23.36,19.0,13.87,0.77,0.123,24.9,11.01,17.13,28.15,23.59,20.0,,,,,,,,,,,,,,
746381,2024-06-15,2024,608348,R,681293,R,hit_by_pitch,False,False,103.0,0.217,25.0,24.27,7.0,6.8,0.62,0.10900000000000001,23.5,10.14,21.23,31.37,22.66,18.25,108.0,0.198,27.0,25.0,6.0,5.56,0.479,0.0399999999999999,28.73,13.54,19.79,33.33,28.41,25.0,104.0,0.272,29.0,27.88,10.0,9.62,0.774,0.15199999999999997,30.93,14.89,16.63,31.51,25.97,22.83,,,,,,,,,,,,,,
746381,2024-06-15,2024,672761,L,681293,R,single,False,False,143.0,0.227,31.0,21.68,13.0,9.09,0.671,0.148,22.18,9.76,19.35,29.11,26.03,17.13,,,,,,,,,,,,,,,137.0,0.272,32.0,23.36,19.0,13.87,0.77,0.123,24.9,11.01,17.13,28.15,23.59,20.0,,,,,,,,,,,,,,
746381,2024-06-15,2024,663837,R,681293,R,field_out,False,False,162.0,0.253,37.0,22.84,9.0,5.56,0.7909999999999999,0.24,20.58,8.73,20.67,29.4,18.75,17.87,383.0,0.26,92.0,24.02,29.0,7.57,0.724,0.14,21.06,9.23,21.95,31.18,28.67,18.31,104.0,0.272,29.0,27.88,10.0,9.62,0.774,0.15199999999999997,30.93,14.89,16.63,31.51,25.97,22.83,,,,,,,,,,,,,,
746381,2024-06-15,2024,682985,L,681293,R,home_run,False,False,225.0,0.267,60.0,26.67,31.0,13.78,0.868,0.22999999999999998,29.02,11.78,17.88,29.66,20.74,22.81,323.0,0.291,84.0,26.01,28.0,8.67,0.826,0.182,27.26,12.45,16.06,28.52,24.68,20.14,137.0,0.272,32.0,23.36,19.0,13.87,0.77,0.123,24.9,11.01,17.13,28.15,23.59,20.0,,,,,,,,,,,,,,
746381,2024-06-15,2024,592192,R,681869,R,double,False,False,203.0,0.231,40.0,19.7,20.0,9.85,0.673,0.11000000000000001,21.78,8.7,23.28,31.99,21.13,16.53,341.0,0.261,56.0,16.42,28.0,8.21,0.721,0.1079999999999999,18.91,7.86,21.98,29.84,23.71,13.49,34.0,0.31,8.0,23.53,3.0,8.82,0.796,0.10399999999999998,21.05,9.09,16.67,25.76,16.95,28.57,17.0,0.286,4.0,23.53,2.0,11.76,0.71,0.071,35.14,19.12,11.76,30.88,28.57,18.18
746381,2024-06-15,2024,690993,L,681869,R,field_error,False,False,184.0,0.222,32.0,17.39,11.0,5.98,0.5640000000000001,0.06999999999999998,22.64,10.71,16.82,27.53,31.81,19.16,,,,,,,,,,,,,,,43.0,0.184,12.0,27.91,5.0,11.63,0.542,0.07900000000000001,41.03,18.71,18.13,36.84,28.26,27.91,25.0,0.348,7.0,28.0,1.0,4.0,1.009,0.261,22.0,10.58,13.46,24.04,32.76,25.0
746381,2024-06-15,2024,669234,R,681869,R,field_out,False,False,26.0,0.238,9.0,34.62,4.0,15.38,0.87,0.28600000000000003,36.96,14.78,20.0,34.78,9.8,23.68,,,,,,,,,,,,,,,34.0,0.31,8.0,23.53,3.0,8.82,0.796,0.10399999999999998,21.05,9.09,16.67,25.76,16.95,28.57,17.0,0.286,4.0,23.53,2.0,11.76,0.71,0.071,35.14,19.12,11.76,30.88,28.57,18.18
746381,2024-06-15,2024,656716,L,681869,R,walk,False,True,103.0,0.204,28.0,27.18,8.0,7.77,0.573,0.097,27.64,13.35,16.99,30.34,29.56,22.22,475.0,0.23,109.0,22.95,38.0,8.0,0.653,0.1259999999999999,21.06,10.13,16.08,26.2,28.04,19.12,43.0,0.184,12.0,27.91,5.0,11.63,0.542,0.07900000000000001,41.03,18.71,18.13,36.84,28.26,27.91,25.0,0.348,7.0,28.0,1.0,4.0,1.009,0.261,22.0,10.58,13.46,24.04,32.76,25.0
746381,2024-06-15,2024,668731,L,681869,R,walk,False,True,26.0,0.182,6.0,23.08,3.0,11.54,0.724,0.273,30.91,16.67,9.8,26.47,35.71,20.0,347.0,0.218,87.0,25.07,42.0,12.1,0.688,0.158,25.51,11.78,14.66,26.44,24.86,21.97,43.0,0.184,12.0,27.91,5.0,11.63,0.542,0.07900000000000001,41.03,18.71,18.13,36.84,28.26,27.91,25.0,0.348,7.0,28.0,1.0,4.0,1.009,0.261,22.0,10.58,13.46,24.04,32.76,25.0
746381,2024-06-15,2024,608348,R,681869,R,field_out,False,False,103.0,0.217,25.0,24.27,7.0,6.8,0.62,0.10900000000000001,23.5,10.14,21.23,31.37,22.66,18.25,108.0,0.198,27.0,25.0,6.0,5.56,0.479,0.0399999999999999,28.73,13.54,19.79,33.33,28.41,25.0,34.0,0.31,8.0,23.53,3.0,8.82,0.796,0.10399999999999998,21.05,9.09,16.67,25.76,16.95,28.57,17.0,0.286,4.0,23.53,2.0,11.76,0.71,0.071,35.14,19.12,11.76,30.88,28.57,18.18
746381,2024-06-15,2024,665161,R,656427,R,strikeout,True,False,204.0,0.286,39.0,19.12,9.0,4.41,0.6819999999999999,0.068,24.55,12.93,14.97,27.89,36.11,17.41,461.0,0.239,107.0,23.21,34.0,7.38,0.655,0.1089999999999999,30.36,15.5,13.92,29.42,35.52,20.7,138.0,0.242,45.0,32.61,4.0,2.9,0.677,0.16000000000000003,33.58,16.58,18.02,34.59,33.47,24.19,306.0,0.274,84.0,27.45,27.0,8.82,0.768,0.1409999999999999,30.36,14.29,16.46,30.75,27.99,21.45
746381,2024-06-15,2024,572138,L,656427,R,single,False,False,133.0,0.221,30.0,22.56,19.0,14.29,0.6759999999999999,0.12399999999999997,25.6,10.37,18.98,29.35,20.08,21.74,79.0,0.13,19.0,24.05,9.0,11.39,0.402,0.0439999999999999,22.79,9.69,16.56,26.25,24.43,21.11,143.0,0.206,49.0,34.27,6.0,4.2,0.598,0.147,36.36,15.92,20.76,36.68,31.01,27.12,344.0,0.298,64.0,18.6,39.0,11.34,0.866,0.183,22.78,9.36,18.3,27.66,23.16,17.02
746381,2024-06-15,2024,673237,R,656427,R,field_out,False,False,165.0,0.25,27.0,16.36,5.0,3.03,0.672,0.15400000000000003,22.12,12.7,10.78,23.48,42.06,16.77,274.0,0.307,47.0,17.15,7.0,2.55,0.931,0.292,24.58,14.19,11.31,25.51,43.08,17.42,138.0,0.242,45.0,32.61,4.0,2.9,0.677,0.16000000000000003,33.58,16.58,18.02,34.59,33.47,24.19,306.0,0.274,84.0,27.45,27.0,8.82,0.768,0.1409999999999999,30.36,14.29,16.46,30.75,27.99,21.45
746381,2024-06-15,2024,643289,R,656427,R,field_out,False,False,114.0,0.296,9.0,7.89,4.0,3.51,0.714,0.09300000000000003,16.35,9.58,12.39,21.97,42.79,9.47,375.0,0.263,58.0,15.47,13.0,3.47,0.6779999999999999,0.124,19.01,10.95,13.18,24.13,40.64,15.68,138.0,0.242,45.0,32.61,4.0,2.9,0.677,0.16000000000000003,33.58,16.58,18.02,34.59,33.47,24.19,306.0,0.274,84.0,27.45,27.0,8.82,0.768,0.1409999999999999,30.36,14.29,16.46,30.75,27.99,21.45
746381,2024-06-15,2024,672761,L,681869,R,single,False,False,143.0,0.227,31.0,21.68,13.0,9.09,0.671,0.148,22.18,9.76,19.35,29.11,26.03,17.13,,,,,,,,,,,,,,,43.0,0.184,12.0,27.91,5.0,11.63,0.542,0.07900000000000001,41.03,18.71,18.13,36.84,28.26,27.91,25.0,0.348,7.0,28.0,1.0,4.0,1.009,0.261,22.0,10.58,13.46,24.04,32.76,25.0
746381,2024-06-15,2024,663837,R,681869,R,single,False,False,162.0,0.253,37.0,22.84,9.0,5.56,0.7909999999999999,0.24,20.58,8.73,20.67,29.4,18.75,17.87,383.0,0.26,92.0,24.02,29.0,7.57,0.724,0.14,21.06,9.23,21.95,31.18,28.67,18.31,34.0,0.31,8.0,23.53,3.0,8.82,0.796,0.10399999999999998,21.05,9.09,16.67,25.76,16.95,28.57,17.0,0.286,4.0,23.53,2.0,11.76,0.71,0.071,35.14,19.12,11.76,30.88,28.57,18.18
746381,2024-06-15,2024,682985,L,681869,R,single,False,False,225.0,0.267,60.0,26.67,31.0,13.78,0.868,0.22999999999999998,29.02,11.78,17.88,29.66,20.74,22.81,323.0,0.291,84.0,26.01,28.0,8.67,0.826,0.182,27.26,12.45,16.06,28.52,24.68,20.14,43.0,0.184,12.0,27.91,5.0,11.63,0.542,0.07900000000000001,41.03,18.71,18.13,36.84,28.26,27.91,25.0,0.348,7.0,28.0,1.0,4.0,1.009,0.261,22.0,10.58,13.46,24.04,32.76,25.0
746381,2024-06-15,2024,592192,R,681869,R,single,False,False,203.0,0.231,40.0,19.7,20.0,9.85,0.673,0.11000000000000001,21.78,8.7,23.28,31.99,21.13,16.53,341.0,0.261,56.0,16.42,28.0,8.21,0.721,0.1079999999999999,18.91,7.86,21.98,29.84,23.71,13.49,34.0,0.31,8.0,23.53,3.0,8.82,0.796,0.10399999999999998,21.05,9.09,16.67,25.76,16.95,28.57,17.0,0.286,4.0,23.53,2.0,11.76,0.71,0.071,35.14,19.12,11.76,30.88,28.57,18.18
746381,2024-06-15,2024,690993,L,681869,R,single,False,False,184.0,0.222,32.0,17.39,11.0,5.98,0.5640000000000001,0.06999999999999998,22.64,10.71,16.82,27.53,31.81,19.16,,,,,,,,,,,,,,,43.0,0.184,12.0,27.91,5.0,11.63,0.542,0.07900000000000001,41.03,18.71,18.13,36.84,28.26,27.91,25.0,0.348,7.0,28.0,1.0,4.0,1.009,0.261,22.0,10.58,13.46,24.04,32.76,25.0
746381,2024-06-15,2024,669234,R,663321,R,field_out,False,False,26.0,0.238,9.0,34.62,4.0,15.38,0.87,0.28600000000000003,36.96,14.78,20.0,34.78,9.8,23.68,,,,,,,,,,,,,,,2.0,0.0,0.0,0.0,0.0,0.0,0.0,0.0,20.0,9.09,9.09,18.18,16.67,0.0,10.0,0.2,1.0,10.0,4.0,40.0,0.8,0.0,23.53,9.09,9.09,18.18,23.08,9.09
746381,2024-06-15,2024,656716,L,663321,R,strikeout,True,False,103.0,0.204,28.0,27.18,8.0,7.77,0.573,0.097,27.64,13.35,16.99,30.34,29.56,22.22,475.0,0.23,109.0,22.95,38.0,8.0,0.653,0.1259999999999999,21.06,10.13,16.08,26.2,28.04,19.12,1.0,0.0,0.0,0.0,0.0,0.0,0.0,0.0,0.0,0.0,33.33,33.33,,0.0,8.0,0.286,4.0,50.0,0.0,0.0,1.089,0.428,27.27,16.22,8.11,24.32,40.0,25.0
746381,2024-06-15,2024,676694,R,656427,R,field_out,False,False,134.0,0.266,32.0,23.88,7.0,5.22,0.722,0.14499999999999996,33.93,16.74,15.86,32.6,32.91,24.81,263.0,0.218,69.0,26.24,18.0,6.84,0.6459999999999999,0.146,25.89,12.2,16.27,28.47,24.49,21.12,138.0,0.242,45.0,32.61,4.0,2.9,0.677,0.16000000000000003,33.58,16.58,18.02,34.59,33.47,24.19,306.0,0.274,84.0,27.45,27.0,8.82,0.768,0.1409999999999999,30.36,14.29,16.46,30.75,27.99,21.45
746381,2024-06-15,2024,605170,L,656427,R,triple,False,False,88.0,0.218,14.0,15.91,5.0,5.68,0.6859999999999999,0.19199999999999998,21.28,10.1,17.51,27.61,26.43,21.54,168.0,0.262,33.0,19.64,15.0,8.93,0.745,0.1539999999999999,19.57,9.05,17.76,26.8,23.55,20.0,143.0,0.206,49.0,34.27,6.0,4.2,0.598,0.147,36.36,15.92,20.76,36.68,31.01,27.12,344.0,0.298,64.0,18.6,39.0,11.34,0.866,0.183,22.78,9.36,18.3,27.66,23.16,17.02
746381,2024-06-15,2024,514888,R,656427,R,field_out,False,False,221.0,0.29,42.0,19.0,13.0,5.88,0.789,0.16400000000000003,20.2,10.43,17.05,27.48,38.77,18.75,297.0,0.322,55.0,18.52,32.0,10.77,0.941,0.218,19.43,8.47,19.0,27.48,31.81,17.74,138.0,0.242,45.0,32.61,4.0,2.9,0.677,0.16000000000000003,33.58,16.58,18.02,34.59,33.47,24.19,306.0,0.274,84.0,27.45,27.0,8.82,0.768,0.1409999999999999,30.36,14.29,16.46,30.75,27.99,21.45
746381,2024-06-15,2024,608324,R,656427,R,strikeout,True,False,191.0,0.259,34.0,17.8,16.0,8.38,0.761,0.176,15.98,7.12,19.13,26.25,24.41,14.53,508.0,0.282,67.0,13.19,65.0,12.8,0.8500000000000001,0.186,14.53,5.58,19.65,25.23,16.96,12.88,138.0,0.242,45.0,32.61,4.0,2.9,0.677,0.16000000000000003,33.58,16.58,18.02,34.59,33.47,24.19,306.0,0.274,84.0,27.45,27.0,8.82,0.768,0.1409999999999999,30.36,14.29,16.46,30.75,27.99,21.45
746381,2024-06-15,2024,668731,L,663321,R,strikeout,True,False,26.0,0.182,6.0,23.08,3.0,11.54,0.724,0.273,30.91,16.67,9.8,26.47,35.71,20.0,347.0,0.218,87.0,25.07,42.0,12.1,0.688,0.158,25.51,11.78,14.66,26.44,24.86,21.97,1.0,0.0,0.0,0.0,0.0,0.0,0.0,0.0,0.0,0.0,33.33,33.33,,0.0,8.0,0.286,4.0,50.0,0.0,0.0,1.089,0.428,27.27,16.22,8.11,24.32,40.0,25.0
746381,2024-06-15,2024,608348,R,663321,R,single,False,False,103.0,0.217,25.0,24.27,7.0,6.8,0.62,0.10900000000000001,23.5,10.14,21.23,31.37,22.66,18.25,108.0,0.198,27.0,25.0,6.0,5.56,0.479,0.0399999999999999,28.73,13.54,19.79,33.33,28.41,25.0,2.0,0.0,0.0,0.0,0.0,0.0,0.0,0.0,20.0,9.09,9.09,18.18,16.67,0.0,10.0,0.2,1.0,10.0,4.0,40.0,0.8,0.0,23.53,9.09,9.09,18.18,23.08,9.09
746381,2024-06-15,2024,672761,L,663321,R,single,False,False,143.0,0.227,31.0,21.68,13.0,9.09,0.671,0.148,22.18,9.76,19.35,29.11,26.03,17.13,,,,,,,,,,,,,,,1.0,0.0,0.0,0.0,0.0,0.0,0.0,0.0,0.0,0.0,33.33,33.33,,0.0,8.0,0.286,4.0,50.0,0.0,0.0,1.089,0.428,27.27,16.22,8.11,24.32,40.0,25.0
746381,2024-06-15,2024,663837,R,663321,R,field_out,False,False,162.0,0.253,37.0,22.84,9.0,5.56,0.7909999999999999,0.24,20.58,8.73,20.67,29.4,18.75,17.87,383.0,0.26,92.0,24.02,29.0,7.57,0.724,0.14,21.06,9.23,21.95,31.18,28.67,18.31,2.0,0.0,0.0,0.0,0.0,0.0,0.0,0.0,20.0,9.09,9.09,18.18,16.67,0.0,10.0,0.2,1.0,10.0,4.0,40.0,0.8,0.0,23.53,9.09,9.09,18.18,23.08,9.09
746381,2024-06-15,2024,682985,L,663321,R,field_out,False,False,225.0,0.267,60.0,26.67,31.0,13.78,0.868,0.22999999999999998,29.02,11.78,17.88,29.66,20.74,22.81,323.0,0.291,84.0,26.01,28.0,8.67,0.826,0.182,27.26,12.45,16.06,28.52,24.68,20.14,1.0,0.0,0.0,0.0,0.0,0.0,0.0,0.0,0.0,0.0,33.33,33.33,,0.0,8.0,0.286,4.0,50.0,0.0,0.0,1.089,0.428,27.27,16.22,8.11,24.32,40.0,25.0
746381,2024-06-15,2024,670541,L,656427,R,field_out,False,False,192.0,0.266,26.0,13.54,20.0,10.42,0.858,0.243,19.56,8.91,16.67,25.57,30.42,14.13,322.0,0.292,55.0,17.08,49.0,15.22,1.044,0.333,21.1,8.88,15.37,24.25,23.99,15.32,143.0,0.206,49.0,34.27,6.0,4.2,0.598,0.147,36.36,15.92,20.76,36.68,31.01,27.12,344.0,0.298,64.0,18.6,39.0,11.34,0.866,0.183,22.78,9.36,18.3,27.66,23.16,17.02
746381,2024-06-15,2024,665161,R,656427,R,field_out,False,False,204.0,0.286,39.0,19.12,9.0,4.41,0.6819999999999999,0.068,24.55,12.93,14.97,27.89,36.11,17.41,461.0,0.239,107.0,23.21,34.0,7.38,0.655,0.1089999999999999,30.36,15.5,13.92,29.42,35.52,20.7,138.0,0.242,45.0,32.61,4.0,2.9,0.677,0.16000000000000003,33.58,16.58,18.02,34.59,33.47,24.19,306.0,0.274,84.0,27.45,27.0,8.82,0.768,0.1409999999999999,30.36,14.29,16.46,30.75,27.99,21.45
746381,2024-06-15,2024,572138,L,656427,R,strikeout,True,False,133.0,0.221,30.0,22.56,19.0,14.29,0.6759999999999999,0.12399999999999997,25.6,10.37,18.98,29.35,20.08,21.74,79.0,0.13,19.0,24.05,9.0,11.39,0.402,0.0439999999999999,22.79,9.69,16.56,26.25,24.43,21.11,143.0,0.206,49.0,34.27,6.0,4.2,0.598,0.147,36.36,15.92,20.76,36.68,31.01,27.12,344.0,0.298,64.0,18.6,39.0,11.34,0.866,0.183,22.78,9.36,18.3,27.66,23.16,17.02
746381,2024-06-15,2024,592192,R,663321,R,strikeout,True,False,203.0,0.231,40.0,19.7,20.0,9.85,0.673,0.11000000000000001,21.78,8.7,23.28,31.99,21.13,16.53,341.0,0.261,56.0,16.42,28.0,8.21,0.721,0.1079999999999999,18.91,7.86,21.98,29.84,23.71,13.49,2.0,0.0,0.0,0.0,0.0,0.0,0.0,0.0,20.0,9.09,9.09,18.18,16.67,0.0,10.0,0.2,1.0,10.0,4.0,40.0,0.8,0.0,23.53,9.09,9.09,18.18,23.08,9.09
746381,2024-06-15,2024,690993,L,663321,R,strikeout,True,False,184.0,0.222,32.0,17.39,11.0,5.98,0.5640000000000001,0.06999999999999998,22.64,10.71,16.82,27.53,31.81,19.16,,,,,,,,,,,,,,,1.0,0.0,0.0,0.0,0.0,0.0,0.0,0.0,0.0,0.0,33.33,33.33,,0.0,8.0,0.286,4.0,50.0,0.0,0.0,1.089,0.428,27.27,16.22,8.11,24.32,40.0,25.0
746381,2024-06-15,2024,669234,R,663321,R,field_out,False,False,26.0,0.238,9.0,34.62,4.0,15.38,0.87,0.28600000000000003,36.96,14.78,20.0,34.78,9.8,23.68,,,,,,,,,,,,,,,2.0,0.0,0.0,0.0,0.0,0.0,0.0,0.0,20.0,9.09,9.09,18.18,16.67,0.0,10.0,0.2,1.0,10.0,4.0,40.0,0.8,0.0,23.53,9.09,9.09,18.18,23.08,9.09
746381,2024-06-15,2024,673237,R,656427,R,walk,False,True,165.0,0.25,27.0,16.36,5.0,3.03,0.672,0.15400000000000003,22.12,12.7,10.78,23.48,42.06,16.77,274.0,0.307,47.0,17.15,7.0,2.55,0.931,0.292,24.58,14.19,11.31,25.51,43.08,17.42,138.0,0.242,45.0,32.61,4.0,2.9,0.677,0.16000000000000003,33.58,16.58,18.02,34.59,33.47,24.19,306.0,0.274,84.0,27.45,27.0,8.82,0.768,0.1409999999999999,30.36,14.29,16.46,30.75,27.99,21.45
746381,2024-06-15,2024,643289,R,656427,R,double,False,False,114.0,0.296,9.0,7.89,4.0,3.51,0.714,0.09300000000000003,16.35,9.58,12.39,21.97,42.79,9.47,375.0,0.263,58.0,15.47,13.0,3.47,0.6779999999999999,0.124,19.01,10.95,13.18,24.13,40.64,15.68,138.0,0.242,45.0,32.61,4.0,2.9,0.677,0.16000000000000003,33.58,16.58,18.02,34.59,33.47,24.19,306.0,0.274,84.0,27.45,27.0,8.82,0.768,0.1409999999999999,30.36,14.29,16.46,30.75,27.99,21.45
746381,2024-06-15,2024,676694,R,656427,R,strikeout,True,False,134.0,0.266,32.0,23.88,7.0,5.22,0.722,0.14499999999999996,33.93,16.74,15.86,32.6,32.91,24.81,263.0,0.218,69.0,26.24,18.0,6.84,0.6459999999999999,0.146,25.89,12.2,16.27,28.47,24.49,21.12,138.0,0.242,45.0,32.61,4.0,2.9,0.677,0.16000000000000003,33.58,16.58,18.02,34.59,33.47,24.19,306.0,0.274,84.0,27.45,27.0,8.82,0.768,0.1409999999999999,30.36,14.29,16.46,30.75,27.99,21.45
746381,2024-06-15,2024,605170,L,656427,R,field_out,False,False,88.0,0.218,14.0,15.91,5.0,5.68,0.6859999999999999,0.19199999999999998,21.28,10.1,17.51,27.61,26.43,21.54,168.0,0.262,33.0,19.64,15.0,8.93,0.745,0.1539999999999999,19.57,9.05,17.76,26.8,23.55,20.0,143.0,0.206,49.0,34.27,6.0,4.2,0.598,0.147,36.36,15.92,20.76,36.68,31.01,27.12,344.0,0.298,64.0,18.6,39.0,11.34,0.866,0.183,22.78,9.36,18.3,27.66,23.16,17.02
746381,2024-06-15,2024,514888,R,656427,R,strikeout,True,False,221.0,0.29,42.0,19.0,13.0,5.88,0.789,0.16400000000000003,20.2,10.43,17.05,27.48,38.77,18.75,297.0,0.322,55.0,18.52,32.0,10.77,0.941,0.218,19.43,8.47,19.0,27.48,31.81,17.74,138.0,0.242,45.0,32.61,4.0,2.9,0.677,0.16000000000000003,33.58,16.58,18.02,34.59,33.47,24.19,306.0,0.274,84.0,27.45,27.0,8.82,0.768,0.1409999999999999,30.36,14.29,16.46,30.75,27.99,21.45
746381,2024-06-15,2024,656716,L,663321,R,field_out,False,False,103.0,0.204,28.0,27.18,8.0,7.77,0.573,0.097,27.64,13.35,16.99,30.34,29.56,22.22,475.0,0.23,109.0,22.95,38.0,8.0,0.653,0.1259999999999999,21.06,10.13,16.08,26.2,28.04,19.12,1.0,0.0,0.0,0.0,0.0,0.0,0.0,0.0,0.0,0.0,33.33,33.33,,0.0,8.0,0.286,4.0,50.0,0.0,0.0,1.089,0.428,27.27,16.22,8.11,24.32,40.0,25.0
746381,2024-06-15,2024,668731,L,663321,R,field_out,False,False,26.0,0.182,6.0,23.08,3.0,11.54,0.724,0.273,30.91,16.67,9.8,26.47,35.71,20.0,347.0,0.218,87.0,25.07,42.0,12.1,0.688,0.158,25.51,11.78,14.66,26.44,24.86,21.97,1.0,0.0,0.0,0.0,0.0,0.0,0.0,0.0,0.0,0.0,33.33,33.33,,0.0,8.0,0.286,4.0,50.0,0.0,0.0,1.089,0.428,27.27,16.22,8.11,24.32,40.0,25.0
746381,2024-06-15,2024,608348,R,663321,R,home_run,False,False,103.0,0.217,25.0,24.27,7.0,6.8,0.62,0.10900000000000001,23.5,10.14,21.23,31.37,22.66,18.25,108.0,0.198,27.0,25.0,6.0,5.56,0.479,0.0399999999999999,28.73,13.54,19.79,33.33,28.41,25.0,2.0,0.0,0.0,0.0,0.0,0.0,0.0,0.0,20.0,9.09,9.09,18.18,16.67,0.0,10.0,0.2,1.0,10.0,4.0,40.0,0.8,0.0,23.53,9.09,9.09,18.18,23.08,9.09
746381,2024-06-15,2024,672761,L,663321,R,strikeout,True,False,143.0,0.227,31.0,21.68,13.0,9.09,0.671,0.148,22.18,9.76,19.35,29.11,26.03,17.13,,,,,,,,,,,,,,,1.0,0.0,0.0,0.0,0.0,0.0,0.0,0.0,0.0,0.0,33.33,33.33,,0.0,8.0,0.286,4.0,50.0,0.0,0.0,1.089,0.428,27.27,16.22,8.11,24.32,40.0,25.0
746381,2024-06-15,2024,608324,R,669438,R,single,False,False,191.0,0.259,34.0,17.8,16.0,8.38,0.761,0.176,15.98,7.12,19.13,26.25,24.41,14.53,508.0,0.282,67.0,13.19,65.0,12.8,0.8500000000000001,0.186,14.53,5.58,19.65,25.23,16.96,12.88,28.0,0.16,6.0,21.43,2.0,7.14,0.61,0.19999999999999998,24.53,11.93,14.68,26.61,30.19,15.79,155.0,0.262,23.0,14.84,9.0,5.81,0.796,0.2199999999999999,22.46,11.46,14.6,26.06,25.61,16.08
746381,2024-06-15,2024,676801,R,669438,R,strikeout,True,False,83.0,0.213,26.0,31.33,6.0,7.23,0.544,0.05400000000000002,34.34,16.76,15.59,32.35,31.69,21.93,319.0,0.25,82.0,25.71,27.0,8.46,0.769,0.186,28.62,13.94,15.79,29.73,30.75,21.75,28.0,0.16,6.0,21.43,2.0,7.14,0.61,0.19999999999999998,24.53,11.93,14.68,26.61,30.19,15.79,155.0,0.262,23.0,14.84,9.0,5.81,0.796,0.2199999999999999,22.46,11.46,14.6,26.06,25.61,16.08
746381,2024-06-15,2024,665161,R,669438,R,field_out,False,False,204.0,0.286,39.0,19.12,9.0,4.41,0.6819999999999999,0.068,24.55,12.93,14.97,27.89,36.11,17.41,461.0,0.239,107.0,23.21,34.0,7.38,0.655,0.1089999999999999,30.36,15.5,13.92,29.42,35.52,20.7,28.0,0.16,6.0,21.43,2.0,7.14,0.61,0.19999999999999998,24.53,11.93,14.68,26.61,30.19,15.79,155.0,0.262,23.0,14.84,9.0,5.81,0.796,0.2199999999999999,22.46,11.46,14.6,26.06,25.61,16.08
746381,2024-06-15,2024,572138,L,669438,R,field_out,False,False,133.0,0.221,30.0,22.56,19.0,14.29,0.6759999999999999,0.12399999999999997,25.6,10.37,18.98,29.35,20.08,21.74,79.0,0.13,19.0,24.05,9.0,11.39,0.402,0.0439999999999999,22.79,9.69,16.56,26.25,24.43,21.11,20.0,0.35,1.0,5.0,0.0,0.0,1.0499999999999998,0.35,12.5,6.85,6.85,13.7,28.21,6.67,99.0,0.337,18.0,18.18,8.0,8.08,0.984,0.2589999999999999,25.12,12.89,12.41,25.3,29.55,12.59
746381,2024-06-15,2024,668952,R,661527,R,strikeout,True,False,6.0,0.2,2.0,33.33,0.0,0.0,0.4,0.0,16.67,7.14,25.0,32.14,23.08,15.38,9.0,0.111,3.0,33.33,0.0,0.0,0.222,0.0,33.33,15.79,28.95,44.74,45.0,21.43,81.0,0.164,15.0,18.52,6.0,7.41,0.5349999999999999,0.12399999999999997,25.5,12.22,17.68,29.9,31.45,15.79,113.0,0.221,34.0,30.09,3.0,2.65,0.687,0.183,25.62,12.06,18.56,30.63,28.44,23.61
746381,2024-06-15,2024,682985,L,661527,R,single,False,False,225.0,0.267,60.0,26.67,31.0,13.78,0.868,0.22999999999999998,29.02,11.78,17.88,29.66,20.74,22.81,323.0,0.291,84.0,26.01,28.0,8.67,0.826,0.182,27.26,12.45,16.06,28.52,24.68,20.14,61.0,0.222,4.0,6.56,7.0,11.48,0.7,0.167,20.41,8.51,14.04,22.55,17.89,8.0,82.0,0.333,11.0,13.41,16.0,19.51,0.948,0.1519999999999999,25.17,10.82,14.04,24.85,24.73,10.58
746381,2024-06-15,2024,628451,R,661527,R,field_out,False,False,38.0,0.167,14.0,36.84,2.0,5.26,0.433,0.05499999999999999,35.37,19.33,16.0,35.33,42.5,25.93,265.0,0.265,45.0,16.98,18.0,6.79,0.71,0.127,22.24,11.31,15.49,26.81,34.23,16.73,81.0,0.164,15.0,18.52,6.0,7.41,0.5349999999999999,0.12399999999999997,25.5,12.22,17.68,29.9,31.45,15.79,113.0,0.221,34.0,30.09,3.0,2.65,0.687,0.183,25.62,12.06,18.56,30.63,28.44,23.61
746381,2024-06-15,2024,690993,L,661527,R,single,False,False,184.0,0.222,32.0,17.39,11.0,5.98,0.5640000000000001,0.06999999999999998,22.64,10.71,16.82,27.53,31.81,19.16,,,,,,,,,,,,,,,61.0,0.222,4.0,6.56,7.0,11.48,0.7,0.167,20.41,8.51,14.04,22.55,17.89,8.0,82.0,0.333,11.0,13.41,16.0,19.51,0.948,0.1519999999999999,25.17,10.82,14.04,24.85,24.73,10.58
746381,2024-06-15,2024,669234,R,661527,R,strikeout,True,False,26.0,0.238,9.0,34.62,4.0,15.38,0.87,0.28600000000000003,36.96,14.78,20.0,34.78,9.8,23.68,,,,,,,,,,,,,,,81.0,0.164,15.0,18.52,6.0,7.41,0.5349999999999999,0.12399999999999997,25.5,12.22,17.68,29.9,31.45,15.79,113.0,0.221,34.0,30.09,3.0,2.65,0.687,0.183,25.62,12.06,18.56,30.63,28.44,23.61
746381,2024-06-15,2024,673237,R,669438,R,double,False,False,165.0,0.25,27.0,16.36,5.0,3.03,0.672,0.15400000000000003,22.12,12.7,10.78,23.48,42.06,16.77,274.0,0.307,47.0,17.15,7.0,2.55,0.931,0.292,24.58,14.19,11.31,25.51,43.08,17.42,28.0,0.16,6.0,21.43,2.0,7.14,0.61,0.19999999999999998,24.53,11.93,14.68,26.61,30.19,15.79,155.0,0.262,23.0,14.84,9.0,5.81,0.796,0.2199999999999999,22.46,11.46,14.6,26.06,25.61,16.08
746381,2024-06-15,2024,643289,R,669438,R,field_out,False,False,114.0,0.296,9.0,7.89,4.0,3.51,0.714,0.09300000000000003,16.35,9.58,12.39,21.97,42.79,9.47,375.0,0.263,58.0,15.47,13.0,3.47,0.6779999999999999,0.124,19.01,10.95,13.18,24.13,40.64,15.68,28.0,0.16,6.0,21.43,2.0,7.14,0.61,0.19999999999999998,24.53,11.93,14.68,26.61,30.19,15.79,155.0,0.262,23.0,14.84,9.0,5.81,0.796,0.2199999999999999,22.46,11.46,14.6,26.06,25.61,16.08
746381,2024-06-15,2024,676694,R,669438,R,strikeout,True,False,134.0,0.266,32.0,23.88,7.0,5.22,0.722,0.14499999999999996,33.93,16.74,15.86,32.6,32.91,24.81,263.0,0.218,69.0,26.24,18.0,6.84,0.6459999999999999,0.146,25.89,12.2,16.27,28.47,24.49,21.12,28.0,0.16,6.0,21.43,2.0,7.14,0.61,0.19999999999999998,24.53,11.93,14.68,26.61,30.19,15.79,155.0,0.262,23.0,14.84,9.0,5.81,0.796,0.2199999999999999,22.46,11.46,14.6,26.06,25.61,16.08
746381,2024-06-15,2024,663967,L,669438,R,double,False,False,,,,,,,,,,,,,,,16.0,0.133,6.0,37.5,1.0,6.25,0.321,0.0,32.5,18.06,12.5,30.56,30.77,23.08,20.0,0.35,1.0,5.0,0.0,0.0,1.0499999999999998,0.35,12.5,6.85,6.85,13.7,28.21,6.67,99.0,0.337,18.0,18.18,8.0,8.08,0.984,0.2589999999999999,25.12,12.89,12.41,25.3,29.55,12.59
746381,2024-06-15,2024,663550,L,669438,R,double,False,False,26.0,0.269,6.0,23.08,0.0,0.0,0.692,0.15399999999999997,25.49,13.54,13.54,27.08,31.91,20.0,52.0,0.22,24.0,46.15,1.0,1.92,0.5710000000000001,0.12,50.0,32.99,6.09,39.09,46.53,37.5,20.0,0.35,1.0,5.0,0.0,0.0,1.0499999999999998,0.35,12.5,6.85,6.85,13.7,28.21,6.67,99.0,0.337,18.0,18.18,8.0,8.08,0.984,0.2589999999999999,25.12,12.89,12.41,25.3,29.55,12.59
746381,2024-06-15,2024,608324,R,669438,R,walk,False,True,191.0,0.259,34.0,17.8,16.0,8.38,0.761,0.176,15.98,7.12,19.13,26.25,24.41,14.53,508.0,0.282,67.0,13.19,65.0,12.8,0.8500000000000001,0.186,14.53,5.58,19.65,25.23,16.96,12.88,28.0,0.16,6.0,21.43,2.0,7.14,0.61,0.19999999999999998,24.53,11.93,14.68,26.61,30.19,15.79,155.0,0.262,23.0,14.84,9.0,5.81,0.796,0.2199999999999999,22.46,11.46,14.6,26.06,25.61,16.08
746381,2024-06-15,2024,676801,R,669438,R,home_run,False,False,83.0,0.213,26.0,31.33,6.0,7.23,0.544,0.05400000000000002,34.34,16.76,15.59,32.35,31.69,21.93,319.0,0.25,82.0,25.71,27.0,8.46,0.769,0.186,28.62,13.94,15.79,29.73,30.75,21.75,28.0,0.16,6.0,21.43,2.0,7.14,0.61,0.19999999999999998,24.53,11.93,14.68,26.61,30.19,15.79,155.0,0.262,23.0,14.84,9.0,5.81,0.796,0.2199999999999999,22.46,11.46,14.6,26.06,25.61,16.08
746381,2024-06-15,2024,665161,R,669438,R,field_out,False,False,204.0,0.286,39.0,19.12,9.0,4.41,0.6819999999999999,0.068,24.55,12.93,14.97,27.89,36.11,17.41,461.0,0.239,107.0,23.21,34.0,7.38,0.655,0.1089999999999999,30.36,15.5,13.92,29.42,35.52,20.7,28.0,0.16,6.0,21.43,2.0,7.14,0.61,0.19999999999999998,24.53,11.93,14.68,26.61,30.19,15.79,155.0,0.262,23.0,14.84,9.0,5.81,0.796,0.2199999999999999,22.46,11.46,14.6,26.06,25.61,16.08
746381,2024-06-15,2024,656716,L,606160,R,field_out,False,False,103.0,0.204,28.0,27.18,8.0,7.77,0.573,0.097,27.64,13.35,16.99,30.34,29.56,22.22,475.0,0.23,109.0,22.95,38.0,8.0,0.653,0.1259999999999999,21.06,10.13,16.08,26.2,28.04,19.12,61.0,0.255,8.0,13.11,6.0,9.84,0.855,0.272,21.01,10.08,13.31,23.39,30.0,10.13,151.0,0.267,35.0,23.18,18.0,11.92,0.7849999999999999,0.1599999999999999,29.78,14.29,12.03,26.32,27.17,16.51
746381,2024-06-15,2024,668731,L,606160,R,field_out,False,False,26.0,0.182,6.0,23.08,3.0,11.54,0.724,0.273,30.91,16.67,9.8,26.47,35.71,20.0,347.0,0.218,87.0,25.07,42.0,12.1,0.688,0.158,25.51,11.78,14.66,26.44,24.86,21.97,61.0,0.255,8.0,13.11,6.0,9.84,0.855,0.272,21.01,10.08,13.31,23.39,30.0,10.13,151.0,0.267,35.0,23.18,18.0,11.92,0.7849999999999999,0.1599999999999999,29.78,14.29,12.03,26.32,27.17,16.51
746381,2024-06-15,2024,608348,R,606160,R,single,False,False,103.0,0.217,25.0,24.27,7.0,6.8,0.62,0.10900000000000001,23.5,10.14,21.23,31.37,22.66,18.25,108.0,0.198,27.0,25.0,6.0,5.56,0.479,0.0399999999999999,28.73,13.54,19.79,33.33,28.41,25.0,53.0,0.222,10.0,18.87,4.0,7.55,0.638,0.089,16.0,7.24,15.38,22.62,26.02,14.49,147.0,0.291,44.0,29.93,11.0,7.48,0.884,0.239,30.51,15.31,14.8,30.1,32.81,22.45
746381,2024-06-15,2024,672761,L,606160,R,single,False,False,143.0,0.227,31.0,21.68,13.0,9.09,0.671,0.148,22.18,9.76,19.35,29.11,26.03,17.13,,,,,,,,,,,,,,,61.0,0.255,8.0,13.11,6.0,9.84,0.855,0.272,21.01,10.08,13.31,23.39,30.0,10.13,151.0,0.267,35.0,23.18,18.0,11.92,0.7849999999999999,0.1599999999999999,29.78,14.29,12.03,26.32,27.17,16.51
746381,2024-06-15,2024,668952,R,606160,R,walk,False,True,6.0,0.2,2.0,33.33,0.0,0.0,0.4,0.0,16.67,7.14,25.0,32.14,23.08,15.38,9.0,0.111,3.0,33.33,0.0,0.0,0.222,0.0,33.33,15.79,28.95,44.74,45.0,21.43,53.0,0.222,10.0,18.87,4.0,7.55,0.638,0.089,16.0,7.24,15.38,22.62,26.02,14.49,147.0,0.291,44.0,29.93,11.0,7.48,0.884,0.239,30.51,15.31,14.8,30.1,32.81,22.45
746381,2024-06-15,2024,682985,L,606160,R,walk,False,True,225.0,0.267,60.0,26.67,31.0,13.78,0.868,0.22999999999999998,29.02,11.78,17.88,29.66,20.74,22.81,323.0,0.291,84.0,26.01,28.0,8.67,0.826,0.182,27.26,12.45,16.06,28.52,24.68,20.14,61.0,0.255,8.0,13.11,6.0,9.84,0.855,0.272,21.01,10.08,13.31,23.39,30.0,10.13,151.0,0.267,35.0,23.18,18.0,11.92,0.7849999999999999,0.1599999999999999,29.78,14.29,12.03,26.32,27.17,16.51
746381,2024-06-15,2024,628451,R,606160,R,field_out,False,False,38.0,0.167,14.0,36.84,2.0,5.26,0.433,0.05499999999999999,35.37,19.33,16.0,35.33,42.5,25.93,265.0,0.265,45.0,16.98,18.0,6.79,0.71,0.127,22.24,11.31,15.49,26.81,34.23,16.73,53.0,0.222,10.0,18.87,4.0,7.55,0.638,0.089,16.0,7.24,15.38,22.62,26.02,14.49,147.0,0.291,44.0,29.93,11.0,7.48,0.884,0.239,30.51,15.31,14.8,30.1,32.81,22.45
746381,2024-06-15,2024,572138,L,676684,R,single,False,False,133.0,0.221,30.0,22.56,19.0,14.29,0.6759999999999999,0.12399999999999997,25.6,10.37,18.98,29.35,20.08,21.74,79.0,0.13,19.0,24.05,9.0,11.39,0.402,0.0439999999999999,22.79,9.69,16.56,26.25,24.43,21.11,40.0,0.235,5.0,12.5,4.0,10.0,0.565,0.030000000000000027,23.08,11.25,15.0,26.25,25.0,10.87,85.0,0.218,24.0,28.24,6.0,7.06,0.646,0.154,21.11,10.24,18.06,28.3,34.72,20.51
746381,2024-06-15,2024,673237,R,676684,R,single,False,False,165.0,0.25,27.0,16.36,5.0,3.03,0.672,0.15400000000000003,22.12,12.7,10.78,23.48,42.06,16.77,274.0,0.307,47.0,17.15,7.0,2.55,0.931,0.292,24.58,14.19,11.31,25.51,43.08,17.42,76.0,0.268,17.0,22.37,3.0,3.95,0.673,0.11199999999999999,26.0,13.83,17.02,30.85,34.15,19.1,114.0,0.215,32.0,28.07,7.0,6.14,0.5529999999999999,0.0749999999999999,27.23,12.59,22.76,35.35,32.97,26.45
746381,2024-06-15,2024,643289,R,676684,R,force_out,False,False,114.0,0.296,9.0,7.89,4.0,3.51,0.714,0.09300000000000003,16.35,9.58,12.39,21.97,42.79,9.47,375.0,0.263,58.0,15.47,13.0,3.47,0.6779999999999999,0.124,19.01,10.95,13.18,24.13,40.64,15.68,76.0,0.268,17.0,22.37,3.0,3.95,0.673,0.11199999999999999,26.0,13.83,17.02,30.85,34.15,19.1,114.0,0.215,32.0,28.07,7.0,6.14,0.5529999999999999,0.0749999999999999,27.23,12.59,22.76,35.35,32.97,26.45
746381,2024-06-15,2024,669450,L,676684,R,grounded_into_double_play,False,False,,,,,,,,,,,,,,,19.0,0.133,7.0,36.84,2.0,10.53,0.478,0.067,35.71,18.75,13.75,32.5,32.5,25.0,40.0,0.235,5.0,12.5,4.0,10.0,0.565,0.030000000000000027,23.08,11.25,15.0,26.25,25.0,10.87,85.0,0.218,24.0,28.24,6.0,7.06,0.646,0.154,21.11,10.24,18.06,28.3,34.72,20.51
746381,2024-06-15,2024,690993,L,605463,R,home_run,False,False,184.0,0.222,32.0,17.39,11.0,5.98,0.5640000000000001,0.06999999999999998,22.64,10.71,16.82,27.53,31.81,19.16,,,,,,,,,,,,,,,71.0,0.136,13.0,18.31,9.0,12.68,0.393,0.0,25.98,11.66,15.9,27.56,27.39,18.06,27.0,0.15,5.0,18.52,6.0,22.22,0.72,0.1999999999999999,30.23,11.3,12.17,23.48,18.33,15.62
746381,2024-06-15,2024,669234,R,605463,R,strikeout,True,False,26.0,0.238,9.0,34.62,4.0,15.38,0.87,0.28600000000000003,36.96,14.78,20.0,34.78,9.8,23.68,,,,,,,,,,,,,,,70.0,0.197,19.0,27.14,8.0,11.43,0.562,0.065,28.91,12.01,19.81,31.82,25.45,18.1,61.0,0.37,12.0,19.67,4.0,6.56,1.074,0.278,22.52,10.82,16.02,26.84,31.45,17.91
746381,2024-06-15,2024,656716,L,605463,R,strikeout,True,False,103.0,0.204,28.0,27.18,8.0,7.77,0.573,0.097,27.64,13.35,16.99,30.34,29.56,22.22,475.0,0.23,109.0,22.95,38.0,8.0,0.653,0.1259999999999999,21.06,10.13,16.08,26.2,28.04,19.12,71.0,0.136,13.0,18.31,9.0,12.68,0.393,0.0,25.98,11.66,15.9,27.56,27.39,18.06,27.0,0.15,5.0,18.52,6.0,22.22,0.72,0.1999999999999999,30.23,11.3,12.17,23.48,18.33,15.62
746381,2024-06-15,2024,668731,L,605463,R,field_out,False,False,26.0,0.182,6.0,23.08,3.0,11.54,0.724,0.273,30.91,16.67,9.8,26.47,35.71,20.0,347.0,0.218,87.0,25.07,42.0,12.1,0.688,0.158,25.51,11.78,14.66,26.44,24.86,21.97,71.0,0.136,13.0,18.31,9.0,12.68,0.393,0.0,25.98,11.66,15.9,27.56,27.39,18.06,27.0,0.15,5.0,18.52,6.0,22.22,0.72,0.1999999999999999,30.23,11.3,12.17,23.48,18.33,15.62
746381,2024-06-15,2024,663967,L,666214,L,strikeout,True,False,,,,,,,,,,,,,,,3.0,0.0,0.0,0.0,0.0,0.0,0.0,0.0,0.0,0.0,0.0,0.0,25.0,0.0,56.0,0.26,14.0,25.0,5.0,8.93,0.6990000000000001,0.09999999999999998,26.92,12.61,17.57,30.18,27.87,19.18,122.0,0.278,19.0,15.57,14.0,11.48,0.796,0.1569999999999999,22.68,10.23,17.67,27.91,22.64,17.12
746381,2024-06-15,2024,663550,L,666214,L,field_out,False,False,4.0,0.25,3.0,75.0,0.0,0.0,0.5,0.0,62.5,31.25,18.75,50.0,44.44,60.0,4.0,0.0,2.0,50.0,1.0,25.0,0.25,0.0,70.0,36.84,5.26,42.11,42.86,28.57,56.0,0.26,14.0,25.0,5.0,8.93,0.6990000000000001,0.09999999999999998,26.92,12.61,17.57,30.18,27.87,19.18,122.0,0.278,19.0,15.57,14.0,11.48,0.796,0.1569999999999999,22.68,10.23,17.67,27.91,22.64,17.12
746381,2024-06-15,2024,608324,R,666214,L,field_out,False,False,94.0,0.205,6.0,6.38,6.0,6.38,0.607,0.147,6.85,2.97,21.96,24.93,24.24,6.59,216.0,0.215,20.0,9.26,27.0,12.5,0.6950000000000001,0.161,13.03,5.13,19.07,24.2,22.25,9.57,79.0,0.292,18.0,22.78,10.0,12.66,0.884,0.2,30.92,14.78,13.84,28.62,34.3,19.35,371.0,0.301,79.0,21.29,33.0,8.89,0.924,0.261,26.27,12.72,15.19,27.91,26.14,16.42
744846,2024-06-15,2024,641313,R,687792,L,strikeout,True,False,74.0,0.275,20.0,27.03,5.0,6.76,0.614,0.014999999999999958,32.37,18.98,11.86,30.85,42.11,18.87,130.0,0.304,27.0,20.77,5.0,3.85,0.7150000000000001,0.08,23.36,13.11,11.89,25.0,33.47,17.65,32.0,0.25,6.0,18.75,4.0,12.5,0.7729999999999999,0.179,31.91,12.61,20.17,32.77,20.0,18.75,,,,,,,,,,,,,,
744846,2024-06-15,2024,650559,R,687792,L,strikeout,True,False,101.0,0.284,24.0,23.76,4.0,3.96,0.7170000000000001,0.11600000000000005,28.16,15.76,12.23,27.99,32.2,25.81,154.0,0.277,35.0,22.73,11.0,7.14,0.708,0.1059999999999999,27.76,13.7,15.51,29.21,33.53,19.77,32.0,0.25,6.0,18.75,4.0,12.5,0.7729999999999999,0.179,31.91,12.61,20.17,32.77,20.0,18.75,,,,,,,,,,,,,,
744846,2024-06-15,2024,605137,R,687792,L,field_out,False,False,99.0,0.184,15.0,15.15,11.0,11.11,0.6060000000000001,0.14900000000000002,23.57,9.97,15.9,25.88,27.96,17.86,186.0,0.265,41.0,22.04,24.0,12.9,0.854,0.2289999999999999,28.46,13.82,12.89,26.71,26.88,18.81,32.0,0.25,6.0,18.75,4.0,12.5,0.7729999999999999,0.179,31.91,12.61,20.17,32.77,20.0,18.75,,,,,,,,,,,,,,
744846,2024-06-15,2024,682928,L,669432,L,field_out,False,False,78.0,0.333,17.0,21.79,2.0,2.56,0.9319999999999999,0.23999999999999994,26.75,14.53,15.22,29.76,37.59,17.53,170.0,0.166,40.0,23.53,8.0,4.71,0.512,0.106,24.68,12.36,17.24,29.59,32.89,21.74,72.0,0.274,15.0,20.83,10.0,13.89,0.843,0.194,23.88,10.46,16.01,26.47,25.16,17.24,17.0,0.2,5.0,29.41,1.0,5.88,0.494,0.0,30.3,14.49,21.74,36.23,34.48,20.0
744846,2024-06-15,2024,657041,R,669432,L,double,False,False,53.0,0.311,6.0,11.32,5.0,9.43,0.8069999999999999,0.11099999999999999,15.79,6.67,18.67,25.33,22.03,8.11,192.0,0.331,33.0,17.19,13.0,6.77,0.948,0.2419999999999999,14.83,6.49,18.37,24.86,23.4,17.65,218.0,0.301,37.0,16.97,21.0,9.63,0.859,0.186,22.39,10.62,14.35,24.97,29.89,16.67,62.0,0.236,14.0,22.58,5.0,8.06,0.687,0.128,26.4,12.64,14.94,27.59,37.33,16.67
744846,2024-06-15,2024,608385,L,669432,L,single,False,False,83.0,0.229,24.0,28.92,10.0,12.05,0.666,0.1,21.95,8.57,21.59,30.16,20.28,24.49,13.0,0.182,5.0,38.46,2.0,15.38,0.581,0.091,15.38,6.15,20.0,26.15,7.14,19.23,72.0,0.274,15.0,20.83,10.0,13.89,0.843,0.194,23.88,10.46,16.01,26.47,25.16,17.24,17.0,0.2,5.0,29.41,1.0,5.88,0.494,0.0,30.3,14.49,21.74,36.23,34.48,20.0
744846,2024-06-15,2024,608841,R,669432,L,sac_fly,False,False,74.0,0.167,17.0,22.97,6.0,8.11,0.44,0.03,26.28,13.33,15.56,28.89,37.96,21.79,188.0,0.291,33.0,17.55,10.0,5.32,0.771,0.143,23.12,11.37,16.16,27.53,33.86,14.29,218.0,0.301,37.0,16.97,21.0,9.63,0.859,0.186,22.39,10.62,14.35,24.97,29.89,16.67,62.0,0.236,14.0,22.58,5.0,8.06,0.687,0.128,26.4,12.64,14.94,27.59,37.33,16.67
744846,2024-06-15,2024,545121,R,669432,L,single,False,False,54.0,0.32,9.0,16.67,4.0,7.41,0.81,0.12,18.68,8.59,17.17,25.76,30.39,16.98,108.0,0.291,9.0,8.33,4.0,3.7,0.8,0.185,11.41,5.43,19.64,25.06,34.21,8.49,218.0,0.301,37.0,16.97,21.0,9.63,0.859,0.186,22.39,10.62,14.35,24.97,29.89,16.67,62.0,0.236,14.0,22.58,5.0,8.06,0.687,0.128,26.4,12.64,14.94,27.59,37.33,16.67
744846,2024-06-15,2024,669394,R,687792,L,field_out,False,False,65.0,0.183,13.0,20.0,4.0,6.15,0.464,0.05000000000000002,26.36,13.93,15.98,29.92,41.6,17.57,139.0,0.26,37.0,26.62,9.0,6.47,0.907,0.3229999999999999,32.62,17.56,12.21,29.77,35.74,24.5,32.0,0.25,6.0,18.75,4.0,12.5,0.7729999999999999,0.179,31.91,12.61,20.17,32.77,20.0,18.75,,,,,,,,,,,,,,
744846,2024-06-15,2024,660821,L,687792,L,strikeout,True,False,28.0,0.111,5.0,17.86,0.0,0.0,0.222,0.0,30.19,20.0,11.25,31.25,52.63,22.73,50.0,0.213,15.0,30.0,2.0,4.0,0.5640000000000001,0.106,36.46,18.82,18.82,37.63,40.62,23.73,9.0,0.5,2.0,22.22,1.0,11.11,1.056,0.0,28.57,13.64,11.36,25.0,22.73,9.52,,,,,,,,,,,,,,
744846,2024-06-15,2024,667472,R,687792,L,strikeout,True,False,41.0,0.229,12.0,29.27,2.0,4.88,0.746,0.19999999999999998,27.12,11.19,25.17,36.36,23.73,26.09,20.0,0.4,4.0,20.0,0.0,0.0,0.9,0.0999999999999999,30.0,13.24,20.59,33.82,28.12,25.0,32.0,0.25,6.0,18.75,4.0,12.5,0.7729999999999999,0.179,31.91,12.61,20.17,32.77,20.0,18.75,,,,,,,,,,,,,,
744846,2024-06-15,2024,669222,R,669432,L,field_out,False,False,49.0,0.256,8.0,16.33,6.0,12.24,0.882,0.279,17.44,7.77,17.1,24.87,26.32,13.79,126.0,0.347,23.0,18.25,8.0,6.35,1.008,0.272,15.6,7.66,16.89,24.55,26.51,19.66,218.0,0.301,37.0,16.97,21.0,9.63,0.859,0.186,22.39,10.62,14.35,24.97,29.89,16.67,62.0,0.236,14.0,22.58,5.0,8.06,0.687,0.128,26.4,12.64,14.94,27.59,37.33,16.67
744846,2024-06-15,2024,686452,R,669432,L,field_out,False,False,5.0,0.0,3.0,60.0,0.0,0.0,0.0,0.0,37.5,18.75,25.0,43.75,42.86,75.0,11.0,0.111,2.0,18.18,1.0,9.09,0.311,0.0,26.32,12.82,17.95,30.77,29.41,20.0,218.0,0.301,37.0,16.97,21.0,9.63,0.859,0.186,22.39,10.62,14.35,24.97,29.89,16.67,62.0,0.236,14.0,22.58,5.0,8.06,0.687,0.128,26.4,12.64,14.94,27.59,37.33,16.67
744846,2024-06-15,2024,702358,R,669432,L,field_out,False,False,38.0,0.167,7.0,18.42,1.0,2.63,0.405,0.026999999999999996,20.27,9.8,14.38,24.18,21.13,18.92,,,,,,,,,,,,,,,218.0,0.301,37.0,16.97,21.0,9.63,0.859,0.186,22.39,10.62,14.35,24.97,29.89,16.67,62.0,0.236,14.0,22.58,5.0,8.06,0.687,0.128,26.4,12.64,14.94,27.59,37.33,16.67
744846,2024-06-15,2024,656896,R,687792,L,strikeout,True,False,60.0,0.232,14.0,23.33,3.0,5.0,0.5509999999999999,0.036000000000000004,26.32,13.51,15.32,28.83,36.13,18.67,100.0,0.289,16.0,16.0,7.0,7.0,0.7110000000000001,0.089,21.88,10.45,14.18,24.63,29.33,14.68,32.0,0.25,6.0,18.75,4.0,12.5,0.7729999999999999,0.179,31.91,12.61,20.17,32.77,20.0,18.75,,,,,,,,,,,,,,
744846,2024-06-15,2024,660644,R,687792,L,strikeout,True,False,39.0,0.229,6.0,15.38,3.0,7.69,0.651,0.11400000000000002,27.16,14.86,12.16,27.03,37.14,12.24,22.0,0.1,4.0,18.18,1.0,4.55,0.282,0.0,13.51,7.46,14.93,22.39,35.29,28.57,32.0,0.25,6.0,18.75,4.0,12.5,0.7729999999999999,0.179,31.91,12.61,20.17,32.77,20.0,18.75,,,,,,,,,,,,,,
744846,2024-06-15,2024,542194,R,687792,L,strikeout,True,False,28.0,0.185,5.0,17.86,1.0,3.57,0.547,0.14800000000000002,29.31,17.35,10.2,27.55,44.64,18.52,74.0,0.188,22.0,29.73,4.0,5.41,0.65,0.2319999999999999,33.92,21.4,7.38,28.78,50.65,23.16,32.0,0.25,6.0,18.75,4.0,12.5,0.7729999999999999,0.179,31.91,12.61,20.17,32.77,20.0,18.75,,,,,,,,,,,,,,
744846,2024-06-15,2024,696285,R,669432,L,field_out,False,False,61.0,0.316,10.0,16.39,2.0,3.28,0.729,0.05199999999999999,16.67,6.85,22.37,29.22,22.45,17.54,28.0,0.2,5.0,17.86,3.0,10.71,0.5660000000000001,0.08,20.0,9.24,20.17,29.41,29.63,13.16,218.0,0.301,37.0,16.97,21.0,9.63,0.859,0.186,22.39,10.62,14.35,24.97,29.89,16.67,62.0,0.236,14.0,22.58,5.0,8.06,0.687,0.128,26.4,12.64,14.94,27.59,37.33,16.67
744846,2024-06-15,2024,682928,L,669432,L,field_out,False,False,78.0,0.333,17.0,21.79,2.0,2.56,0.9319999999999999,0.23999999999999994,26.75,14.53,15.22,29.76,37.59,17.53,170.0,0.166,40.0,23.53,8.0,4.71,0.512,0.106,24.68,12.36,17.24,29.59,32.89,21.74,72.0,0.274,15.0,20.83,10.0,13.89,0.843,0.194,23.88,10.46,16.01,26.47,25.16,17.24,17.0,0.2,5.0,29.41,1.0,5.88,0.494,0.0,30.3,14.49,21.74,36.23,34.48,20.0
744846,2024-06-15,2024,657041,R,669432,L,home_run,False,False,53.0,0.311,6.0,11.32,5.0,9.43,0.8069999999999999,0.11099999999999999,15.79,6.67,18.67,25.33,22.03,8.11,192.0,0.331,33.0,17.19,13.0,6.77,0.948,0.2419999999999999,14.83,6.49,18.37,24.86,23.4,17.65,218.0,0.301,37.0,16.97,21.0,9.63,0.859,0.186,22.39,10.62,14.35,24.97,29.89,16.67,62.0,0.236,14.0,22.58,5.0,8.06,0.687,0.128,26.4,12.64,14.94,27.59,37.33,16.67
744846,2024-06-15,2024,671277,L,669432,L,double,False,False,41.0,0.184,11.0,26.83,3.0,7.32,0.45499999999999996,0.026999999999999996,25.32,12.42,16.77,29.19,35.56,22.0,129.0,0.261,16.0,12.4,4.0,3.1,0.668,0.134,18.96,9.55,16.71,26.25,27.88,16.49,72.0,0.274,15.0,20.83,10.0,13.89,0.843,0.194,23.88,10.46,16.01,26.47,25.16,17.24,17.0,0.2,5.0,29.41,1.0,5.88,0.494,0.0,30.3,14.49,21.74,36.23,34.48,20.0
744846,2024-06-15,2024,608841,R,669432,L,strikeout,True,False,74.0,0.167,17.0,22.97,6.0,8.11,0.44,0.03,26.28,13.33,15.56,28.89,37.96,21.79,188.0,0.291,33.0,17.55,10.0,5.32,0.771,0.143,23.12,11.37,16.16,27.53,33.86,14.29,218.0,0.301,37.0,16.97,21.0,9.63,0.859,0.186,22.39,10.62,14.35,24.97,29.89,16.67,62.0,0.236,14.0,22.58,5.0,8.06,0.687,0.128,26.4,12.64,14.94,27.59,37.33,16.67
744846,2024-06-15,2024,641313,R,687792,L,strikeout,True,False,74.0,0.275,20.0,27.03,5.0,6.76,0.614,0.014999999999999958,32.37,18.98,11.86,30.85,42.11,18.87,130.0,0.304,27.0,20.77,5.0,3.85,0.7150000000000001,0.08,23.36,13.11,11.89,25.0,33.47,17.65,32.0,0.25,6.0,18.75,4.0,12.5,0.7729999999999999,0.179,31.91,12.61,20.17,32.77,20.0,18.75,,,,,,,,,,,,,,
744846,2024-06-15,2024,650559,R,687792,L,field_out,False,False,101.0,0.284,24.0,23.76,4.0,3.96,0.7170000000000001,0.11600000000000005,28.16,15.76,12.23,27.99,32.2,25.81,154.0,0.277,35.0,22.73,11.0,7.14,0.708,0.1059999999999999,27.76,13.7,15.51,29.21,33.53,19.77,32.0,0.25,6.0,18.75,4.0,12.5,0.7729999999999999,0.179,31.91,12.61,20.17,32.77,20.0,18.75,,,,,,,,,,,,,,
744846,2024-06-15,2024,605137,R,687792,L,field_out,False,False,99.0,0.184,15.0,15.15,11.0,11.11,0.6060000000000001,0.14900000000000002,23.57,9.97,15.9,25.88,27.96,17.86,186.0,0.265,41.0,22.04,24.0,12.9,0.854,0.2289999999999999,28.46,13.82,12.89,26.71,26.88,18.81,32.0,0.25,6.0,18.75,4.0,12.5,0.7729999999999999,0.179,31.91,12.61,20.17,32.77,20.0,18.75,,,,,,,,,,,,,,
744846,2024-06-15,2024,545121,R,669432,L,field_out,False,False,54.0,0.32,9.0,16.67,4.0,7.41,0.81,0.12,18.68,8.59,17.17,25.76,30.39,16.98,108.0,0.291,9.0,8.33,4.0,3.7,0.8,0.185,11.41,5.43,19.64,25.06,34.21,8.49,218.0,0.301,37.0,16.97,21.0,9.63,0.859,0.186,22.39,10.62,14.35,24.97,29.89,16.67,62.0,0.236,14.0,22.58,5.0,8.06,0.687,0.128,26.4,12.64,14.94,27.59,37.33,16.67
744846,2024-06-15,2024,669222,R,669432,L,field_out,False,False,49.0,0.256,8.0,16.33,6.0,12.24,0.882,0.279,17.44,7.77,17.1,24.87,26.32,13.79,126.0,0.347,23.0,18.25,8.0,6.35,1.008,0.272,15.6,7.66,16.89,24.55,26.51,19.66,218.0,0.301,37.0,16.97,21.0,9.63,0.859,0.186,22.39,10.62,14.35,24.97,29.89,16.67,62.0,0.236,14.0,22.58,5.0,8.06,0.687,0.128,26.4,12.64,14.94,27.59,37.33,16.67
744846,2024-06-15,2024,686452,R,669432,L,single,False,False,5.0,0.0,3.0,60.0,0.0,0.0,0.0,0.0,37.5,18.75,25.0,43.75,42.86,75.0,11.0,0.111,2.0,18.18,1.0,9.09,0.311,0.0,26.32,12.82,17.95,30.77,29.41,20.0,218.0,0.301,37.0,16.97,21.0,9.63,0.859,0.186,22.39,10.62,14.35,24.97,29.89,16.67,62.0,0.236,14.0,22.58,5.0,8.06,0.687,0.128,26.4,12.64,14.94,27.59,37.33,16.67
744846,2024-06-15,2024,702358,R,669432,L,field_out,False,False,38.0,0.167,7.0,18.42,1.0,2.63,0.405,0.026999999999999996,20.27,9.8,14.38,24.18,21.13,18.92,,,,,,,,,,,,,,,218.0,0.301,37.0,16.97,21.0,9.63,0.859,0.186,22.39,10.62,14.35,24.97,29.89,16.67,62.0,0.236,14.0,22.58,5.0,8.06,0.687,0.128,26.4,12.64,14.94,27.59,37.33,16.67
744846,2024-06-15,2024,669394,R,687792,L,single,False,False,65.0,0.183,13.0,20.0,4.0,6.15,0.464,0.05000000000000002,26.36,13.93,15.98,29.92,41.6,17.57,139.0,0.26,37.0,26.62,9.0,6.47,0.907,0.3229999999999999,32.62,17.56,12.21,29.77,35.74,24.5,32.0,0.25,6.0,18.75,4.0,12.5,0.7729999999999999,0.179,31.91,12.61,20.17,32.77,20.0,18.75,,,,,,,,,,,,,,
744846,2024-06-15,2024,660821,L,687792,L,strikeout,True,False,28.0,0.111,5.0,17.86,0.0,0.0,0.222,0.0,30.19,20.0,11.25,31.25,52.63,22.73,50.0,0.213,15.0,30.0,2.0,4.0,0.5640000000000001,0.106,36.46,18.82,18.82,37.63,40.62,23.73,9.0,0.5,2.0,22.22,1.0,11.11,1.056,0.0,28.57,13.64,11.36,25.0,22.73,9.52,,,,,,,,,,,,,,
744846,2024-06-15,2024,667472,R,687792,L,strikeout,True,False,41.0,0.229,12.0,29.27,2.0,4.88,0.746,0.19999999999999998,27.12,11.19,25.17,36.36,23.73,26.09,20.0,0.4,4.0,20.0,0.0,0.0,0.9,0.0999999999999999,30.0,13.24,20.59,33.82,28.12,25.0,32.0,0.25,6.0,18.75,4.0,12.5,0.7729999999999999,0.179,31.91,12.61,20.17,32.77,20.0,18.75,,,,,,,,,,,,,,
744846,2024-06-15,2024,656896,R,687792,L,field_out,False,False,60.0,0.232,14.0,23.33,3.0,5.0,0.5509999999999999,0.036000000000000004,26.32,13.51,15.32,28.83,36.13,18.67,100.0,0.289,16.0,16.0,7.0,7.0,0.7110000000000001,0.089,21.88,10.45,14.18,24.63,29.33,14.68,32.0,0.25,6.0,18.75,4.0,12.5,0.7729999999999999,0.179,31.91,12.61,20.17,32.77,20.0,18.75,,,,,,,,,,,,,,
744846,2024-06-15,2024,696285,R,669432,L,field_out,False,False,61.0,0.316,10.0,16.39,2.0,3.28,0.729,0.05199999999999999,16.67,6.85,22.37,29.22,22.45,17.54,28.0,0.2,5.0,17.86,3.0,10.71,0.5660000000000001,0.08,20.0,9.24,20.17,29.41,29.63,13.16,218.0,0.301,37.0,16.97,21.0,9.63,0.859,0.186,22.39,10.62,14.35,24.97,29.89,16.67,62.0,0.236,14.0,22.58,5.0,8.06,0.687,0.128,26.4,12.64,14.94,27.59,37.33,16.67
744846,2024-06-15,2024,682928,L,669432,L,field_out,False,False,78.0,0.333,17.0,21.79,2.0,2.56,0.9319999999999999,0.23999999999999994,26.75,14.53,15.22,29.76,37.59,17.53,170.0,0.166,40.0,23.53,8.0,4.71,0.512,0.106,24.68,12.36,17.24,29.59,32.89,21.74,72.0,0.274,15.0,20.83,10.0,13.89,0.843,0.194,23.88,10.46,16.01,26.47,25.16,17.24,17.0,0.2,5.0,29.41,1.0,5.88,0.494,0.0,30.3,14.49,21.74,36.23,34.48,20.0
744846,2024-06-15,2024,657041,R,669432,L,strikeout,True,False,53.0,0.311,6.0,11.32,5.0,9.43,0.8069999999999999,0.11099999999999999,15.79,6.67,18.67,25.33,22.03,8.11,192.0,0.331,33.0,17.19,13.0,6.77,0.948,0.2419999999999999,14.83,6.49,18.37,24.86,23.4,17.65,218.0,0.301,37.0,16.97,21.0,9.63,0.859,0.186,22.39,10.62,14.35,24.97,29.89,16.67,62.0,0.236,14.0,22.58,5.0,8.06,0.687,0.128,26.4,12.64,14.94,27.59,37.33,16.67
744846,2024-06-15,2024,660644,R,687792,L,strikeout,True,False,39.0,0.229,6.0,15.38,3.0,7.69,0.651,0.11400000000000002,27.16,14.86,12.16,27.03,37.14,12.24,22.0,0.1,4.0,18.18,1.0,4.55,0.282,0.0,13.51,7.46,14.93,22.39,35.29,28.57,32.0,0.25,6.0,18.75,4.0,12.5,0.7729999999999999,0.179,31.91,12.61,20.17,32.77,20.0,18.75,,,,,,,,,,,,,,
744846,2024-06-15,2024,542194,R,687792,L,strikeout,True,False,28.0,0.185,5.0,17.86,1.0,3.57,0.547,0.14800000000000002,29.31,17.35,10.2,27.55,44.64,18.52,74.0,0.188,22.0,29.73,4.0,5.41,0.65,0.2319999999999999,33.92,21.4,7.38,28.78,50.65,23.16,32.0,0.25,6.0,18.75,4.0,12.5,0.7729999999999999,0.179,31.91,12.61,20.17,32.77,20.0,18.75,,,,,,,,,,,,,,
744846,2024-06-15,2024,641313,R,687792,L,strikeout,True,False,74.0,0.275,20.0,27.03,5.0,6.76,0.614,0.014999999999999958,32.37,18.98,11.86,30.85,42.11,18.87,130.0,0.304,27.0,20.77,5.0,3.85,0.7150000000000001,0.08,23.36,13.11,11.89,25.0,33.47,17.65,32.0,0.25,6.0,18.75,4.0,12.5,0.7729999999999999,0.179,31.91,12.61,20.17,32.77,20.0,18.75,,,,,,,,,,,,,,
744846,2024-06-15,2024,671277,L,669432,L,field_out,False,False,41.0,0.184,11.0,26.83,3.0,7.32,0.45499999999999996,0.026999999999999996,25.32,12.42,16.77,29.19,35.56,22.0,129.0,0.261,16.0,12.4,4.0,3.1,0.668,0.134,18.96,9.55,16.71,26.25,27.88,16.49,72.0,0.274,15.0,20.83,10.0,13.89,0.843,0.194,23.88,10.46,16.01,26.47,25.16,17.24,17.0,0.2,5.0,29.41,1.0,5.88,0.494,0.0,30.3,14.49,21.74,36.23,34.48,20.0
744846,2024-06-15,2024,608841,R,669432,L,field_out,False,False,74.0,0.167,17.0,22.97,6.0,8.11,0.44,0.03,26.28,13.33,15.56,28.89,37.96,21.79,188.0,0.291,33.0,17.55,10.0,5.32,0.771,0.143,23.12,11.37,16.16,27.53,33.86,14.29,218.0,0.301,37.0,16.97,21.0,9.63,0.859,0.186,22.39,10.62,14.35,24.97,29.89,16.67,62.0,0.236,14.0,22.58,5.0,8.06,0.687,0.128,26.4,12.64,14.94,27.59,37.33,16.67
744846,2024-06-15,2024,545121,R,669432,L,hit_by_pitch,False,False,54.0,0.32,9.0,16.67,4.0,7.41,0.81,0.12,18.68,8.59,17.17,25.76,30.39,16.98,108.0,0.291,9.0,8.33,4.0,3.7,0.8,0.185,11.41,5.43,19.64,25.06,34.21,8.49,218.0,0.301,37.0,16.97,21.0,9.63,0.859,0.186,22.39,10.62,14.35,24.97,29.89,16.67,62.0,0.236,14.0,22.58,5.0,8.06,0.687,0.128,26.4,12.64,14.94,27.59,37.33,16.67
744846,2024-06-15,2024,669222,R,669432,L,field_out,False,False,49.0,0.256,8.0,16.33,6.0,12.24,0.882,0.279,17.44,7.77,17.1,24.87,26.32,13.79,126.0,0.347,23.0,18.25,8.0,6.35,1.008,0.272,15.6,7.66,16.89,24.55,26.51,19.66,218.0,0.301,37.0,16.97,21.0,9.63,0.859,0.186,22.39,10.62,14.35,24.97,29.89,16.67,62.0,0.236,14.0,22.58,5.0,8.06,0.687,0.128,26.4,12.64,14.94,27.59,37.33,16.67
744846,2024-06-15,2024,650559,R,571670,R,field_out,False,False,191.0,0.225,51.0,26.7,16.0,8.38,0.721,0.20299999999999999,32.82,16.56,13.82,30.38,31.27,23.5,473.0,0.251,107.0,22.62,29.0,6.13,0.717,0.1689999999999999,28.95,14.54,15.93,30.47,34.61,18.71,86.0,0.215,15.0,17.44,6.0,6.98,0.52,0.038000000000000006,18.9,7.72,24.12,31.83,21.68,19.23,138.0,0.258,33.0,23.91,6.0,4.35,0.596,0.0309999999999999,25.42,12.25,19.88,32.13,34.13,23.08
744846,2024-06-15,2024,605137,L,571670,R,field_out,False,False,191.0,0.267,39.0,20.42,11.0,5.76,0.7230000000000001,0.128,30.17,16.22,10.21,26.43,29.53,23.75,432.0,0.239,93.0,21.53,39.0,9.03,0.6970000000000001,0.148,24.59,11.57,13.95,25.52,28.11,20.58,46.0,0.209,10.0,21.74,3.0,6.52,0.517,0.047000000000000014,25.0,10.8,21.02,31.82,20.69,20.41,111.0,0.374,25.0,22.52,11.0,9.91,0.998,0.1919999999999999,22.28,9.55,18.05,27.6,25.9,17.99
744846,2024-06-15,2024,669394,R,571670,R,strikeout,True,False,131.0,0.252,36.0,27.48,7.0,5.34,0.713,0.17099999999999999,27.39,14.38,16.56,30.94,38.91,27.48,402.0,0.247,112.0,27.86,23.0,5.72,0.8,0.249,34.59,18.69,13.25,31.93,39.43,23.09,86.0,0.215,15.0,17.44,6.0,6.98,0.52,0.038000000000000006,18.9,7.72,24.12,31.83,21.68,19.23,138.0,0.258,33.0,23.91,6.0,4.35,0.596,0.0309999999999999,25.42,12.25,19.88,32.13,34.13,23.08
744846,2024-06-15,2024,686452,R,669432,L,field_out,False,False,5.0,0.0,3.0,60.0,0.0,0.0,0.0,0.0,37.5,18.75,25.0,43.75,42.86,75.0,11.0,0.111,2.0,18.18,1.0,9.09,0.311,0.0,26.32,12.82,17.95,30.77,29.41,20.0,218.0,0.301,37.0,16.97,21.0,9.63,0.859,0.186,22.39,10.62,14.35,24.97,29.89,16.67,62.0,0.236,14.0,22.58,5.0,8.06,0.687,0.128,26.4,12.64,14.94,27.59,37.33,16.67
744846,2024-06-15,2024,702358,R,669432,L,field_out,False,False,38.0,0.167,7.0,18.42,1.0,2.63,0.405,0.026999999999999996,20.27,9.8,14.38,24.18,21.13,18.92,,,,,,,,,,,,,,,218.0,0.301,37.0,16.97,21.0,9.63,0.859,0.186,22.39,10.62,14.35,24.97,29.89,16.67,62.0,0.236,14.0,22.58,5.0,8.06,0.687,0.128,26.4,12.64,14.94,27.59,37.33,16.67
744846,2024-06-15,2024,696285,R,669432,L,strikeout,True,False,61.0,0.316,10.0,16.39,2.0,3.28,0.729,0.05199999999999999,16.67,6.85,22.37,29.22,22.45,17.54,28.0,0.2,5.0,17.86,3.0,10.71,0.5660000000000001,0.08,20.0,9.24,20.17,29.41,29.63,13.16,218.0,0.301,37.0,16.97,21.0,9.63,0.859,0.186,22.39,10.62,14.35,24.97,29.89,16.67,62.0,0.236,14.0,22.58,5.0,8.06,0.687,0.128,26.4,12.64,14.94,27.59,37.33,16.67
744846,2024-06-15,2024,660821,L,640451,R,single,False,False,173.0,0.258,40.0,23.12,10.0,5.78,0.696,0.126,26.02,14.24,12.32,26.56,36.34,20.41,353.0,0.258,93.0,26.35,36.0,10.2,0.805,0.21,29.33,14.21,14.01,28.21,30.32,20.53,70.0,0.227,18.0,25.71,3.0,4.29,0.589,0.091,24.84,13.33,14.74,28.07,37.96,18.95,105.0,0.245,24.0,22.86,5.0,4.76,0.664,0.143,24.4,12.75,15.75,28.5,34.62,19.83
744846,2024-06-15,2024,624503,L,640451,R,strikeout,True,False,160.0,0.233,35.0,21.88,7.0,4.38,0.624,0.12699999999999997,29.8,18.02,10.05,28.08,44.84,19.02,83.0,0.16,10.0,12.05,1.0,1.2,0.48,0.149,20.99,12.19,10.39,22.58,38.35,12.82,70.0,0.227,18.0,25.71,3.0,4.29,0.589,0.091,24.84,13.33,14.74,28.07,37.96,18.95,105.0,0.245,24.0,22.86,5.0,4.76,0.664,0.143,24.4,12.75,15.75,28.5,34.62,19.83
744846,2024-06-15,2024,665862,L,640451,R,single,False,False,187.0,0.254,44.0,23.53,17.0,9.09,0.782,0.202,28.25,13.18,13.57,26.74,30.05,20.18,290.0,0.275,91.0,31.38,20.0,6.9,0.8540000000000001,0.25,35.14,15.36,16.88,32.24,26.1,27.41,70.0,0.227,18.0,25.71,3.0,4.29,0.589,0.091,24.84,13.33,14.74,28.07,37.96,18.95,105.0,0.245,24.0,22.86,5.0,4.76,0.664,0.143,24.4,12.75,15.75,28.5,34.62,19.83
744846,2024-06-15,2024,660644,L,640451,R,strikeout,True,False,95.0,0.256,15.0,15.79,7.0,7.37,0.698,0.11599999999999999,23.86,12.32,12.9,25.22,22.93,15.15,63.0,0.196,17.0,26.98,4.0,6.35,0.494,0.036,25.62,13.36,13.79,27.16,31.45,26.98,70.0,0.227,18.0,25.71,3.0,4.29,0.589,0.091,24.84,13.33,14.74,28.07,37.96,18.95,105.0,0.245,24.0,22.86,5.0,4.76,0.664,0.143,24.4,12.75,15.75,28.5,34.62,19.83
744846,2024-06-15,2024,672640,R,640451,R,walk,False,True,85.0,0.312,14.0,16.47,4.0,4.71,0.7869999999999999,0.13,21.66,11.6,13.31,24.91,31.47,17.72,,,,,,,,,,,,,,,69.0,0.203,20.0,28.99,4.0,5.8,0.62,0.15599999999999997,32.08,17.65,14.19,31.83,25.83,17.76,130.0,0.168,43.0,33.08,8.0,6.15,0.517,0.1179999999999999,27.76,13.76,16.05,29.81,27.61,22.75
744846,2024-06-15,2024,641313,R,640451,R,strikeout,True,False,115.0,0.188,33.0,28.7,2.0,1.74,0.40700000000000003,0.016999999999999987,30.34,15.71,15.49,31.19,37.07,23.08,396.0,0.226,95.0,23.99,21.0,5.3,0.538,0.04,26.05,13.64,14.67,28.31,36.05,20.88,69.0,0.203,20.0,28.99,4.0,5.8,0.62,0.15599999999999997,32.08,17.65,14.19,31.83,25.83,17.76,130.0,0.168,43.0,33.08,8.0,6.15,0.517,0.1179999999999999,27.76,13.76,16.05,29.81,27.61,22.75
744846,2024-06-15,2024,682928,L,677053,L,double,False,False,78.0,0.333,17.0,21.79,2.0,2.56,0.9319999999999999,0.23999999999999994,26.75,14.53,15.22,29.76,37.59,17.53,170.0,0.166,40.0,23.53,8.0,4.71,0.512,0.106,24.68,12.36,17.24,29.59,32.89,21.74,42.0,0.184,15.0,35.71,2.0,4.76,0.45699999999999996,0.05299999999999999,36.08,19.44,11.11,30.56,37.25,25.86,85.0,0.158,30.0,35.29,9.0,10.59,0.55,0.145,36.02,16.81,16.23,33.04,29.94,28.04
744846,2024-06-15,2024,657041,R,677053,L,field_out,False,False,53.0,0.311,6.0,11.32,5.0,9.43,0.8069999999999999,0.11099999999999999,15.79,6.67,18.67,25.33,22.03,8.11,192.0,0.331,33.0,17.19,13.0,6.77,0.948,0.2419999999999999,14.83,6.49,18.37,24.86,23.4,17.65,65.0,0.305,16.0,24.62,5.0,7.69,0.894,0.22000000000000003,24.66,13.04,14.86,27.9,35.21,17.2,152.0,0.244,43.0,28.29,12.0,7.89,0.7250000000000001,0.156,25.08,13.04,14.17,27.21,33.33,18.53
744846,2024-06-15,2024,671277,L,677053,L,field_out,False,False,41.0,0.184,11.0,26.83,3.0,7.32,0.45499999999999996,0.026999999999999996,25.32,12.42,16.77,29.19,35.56,22.0,129.0,0.261,16.0,12.4,4.0,3.1,0.668,0.134,18.96,9.55,16.71,26.25,27.88,16.49,42.0,0.184,15.0,35.71,2.0,4.76,0.45699999999999996,0.05299999999999999,36.08,19.44,11.11,30.56,37.25,25.86,85.0,0.158,30.0,35.29,9.0,10.59,0.55,0.145,36.02,16.81,16.23,33.04,29.94,28.04
744846,2024-06-15,2024,608841,R,677053,L,home_run,False,False,74.0,0.167,17.0,22.97,6.0,8.11,0.44,0.03,26.28,13.33,15.56,28.89,37.96,21.79,188.0,0.291,33.0,17.55,10.0,5.32,0.771,0.143,23.12,11.37,16.16,27.53,33.86,14.29,65.0,0.305,16.0,24.62,5.0,7.69,0.894,0.22000000000000003,24.66,13.04,14.86,27.9,35.21,17.2,152.0,0.244,43.0,28.29,12.0,7.89,0.7250000000000001,0.156,25.08,13.04,14.17,27.21,33.33,18.53
744846,2024-06-15,2024,545121,R,677053,L,single,False,False,54.0,0.32,9.0,16.67,4.0,7.41,0.81,0.12,18.68,8.59,17.17,25.76,30.39,16.98,108.0,0.291,9.0,8.33,4.0,3.7,0.8,0.185,11.41,5.43,19.64,25.06,34.21,8.49,65.0,0.305,16.0,24.62,5.0,7.69,0.894,0.22000000000000003,24.66,13.04,14.86,27.9,35.21,17.2,152.0,0.244,43.0,28.29,12.0,7.89,0.7250000000000001,0.156,25.08,13.04,14.17,27.21,33.33,18.53
744846,2024-06-15,2024,669222,R,669622,R,field_out,False,False,129.0,0.222,33.0,25.58,19.0,14.73,0.705,0.13899999999999998,28.37,12.6,17.56,30.17,21.98,25.98,205.0,0.164,51.0,24.88,18.0,8.78,0.497,0.093,25.27,12.43,15.64,28.07,26.72,23.15,72.0,0.262,19.0,26.39,4.0,5.56,0.718,0.123,25.36,10.84,21.67,32.51,29.11,16.24,,,,,,,,,,,,,,
744846,2024-06-15,2024,650559,R,640448,R,field_out,False,False,191.0,0.225,51.0,26.7,16.0,8.38,0.721,0.20299999999999999,32.82,16.56,13.82,30.38,31.27,23.5,473.0,0.251,107.0,22.62,29.0,6.13,0.717,0.1689999999999999,28.95,14.54,15.93,30.47,34.61,18.71,58.0,0.135,11.0,18.97,6.0,10.34,0.493,0.134,20.83,11.11,13.78,24.89,23.08,15.28,157.0,0.27,36.0,22.93,7.0,4.46,0.772,0.196,25.88,13.73,13.9,27.63,28.08,18.95
744846,2024-06-15,2024,605137,L,640448,R,field_out,False,False,191.0,0.267,39.0,20.42,11.0,5.76,0.7230000000000001,0.128,30.17,16.22,10.21,26.43,29.53,23.75,432.0,0.239,93.0,21.53,39.0,9.03,0.6970000000000001,0.148,24.59,11.57,13.95,25.52,28.11,20.58,50.0,0.156,19.0,38.0,4.0,8.0,0.576,0.19999999999999998,31.43,15.64,17.54,33.18,33.33,24.36,131.0,0.232,27.0,20.61,17.0,12.98,0.6990000000000001,0.1339999999999999,23.4,10.42,17.23,27.65,20.92,17.09
744846,2024-06-15,2024,669394,R,640448,R,triple,False,False,131.0,0.252,36.0,27.48,7.0,5.34,0.713,0.17099999999999999,27.39,14.38,16.56,30.94,38.91,27.48,402.0,0.247,112.0,27.86,23.0,5.72,0.8,0.249,34.59,18.69,13.25,31.93,39.43,23.09,58.0,0.135,11.0,18.97,6.0,10.34,0.493,0.134,20.83,11.11,13.78,24.89,23.08,15.28,157.0,0.27,36.0,22.93,7.0,4.46,0.772,0.196,25.88,13.73,13.9,27.63,28.08,18.95
744846,2024-06-15,2024,660821,L,640448,R,field_out,False,False,173.0,0.258,40.0,23.12,10.0,5.78,0.696,0.126,26.02,14.24,12.32,26.56,36.34,20.41,353.0,0.258,93.0,26.35,36.0,10.2,0.805,0.21,29.33,14.21,14.01,28.21,30.32,20.53,50.0,0.156,19.0,38.0,4.0,8.0,0.576,0.19999999999999998,31.43,15.64,17.54,33.18,33.33,24.36,131.0,0.232,27.0,20.61,17.0,12.98,0.6990000000000001,0.1339999999999999,23.4,10.42,17.23,27.65,20.92,17.09
747024,2024-06-15,2024,656941,L,680570,R,field_out,False,False,186.0,0.201,55.0,29.57,31.0,16.67,0.742,0.20799999999999996,33.02,13.32,15.75,29.07,22.04,24.22,469.0,0.201,128.0,27.29,85.0,18.12,0.848,0.296,31.18,11.75,19.66,31.41,21.53,23.1,126.0,0.205,36.0,28.57,13.0,10.32,0.618,0.12500000000000003,33.05,16.06,15.45,31.5,29.92,23.68,221.0,0.277,50.0,22.62,24.0,10.86,0.837,0.2049999999999999,27.18,13.73,13.84,27.58,30.67,15.92
747024,2024-06-15,2024,592206,R,680570,R,field_out,False,False,207.0,0.197,40.0,19.32,16.0,7.73,0.569,0.10599999999999998,31.08,18.12,10.25,28.37,39.12,18.6,485.0,0.252,140.0,28.87,25.0,5.15,0.733,0.192,37.06,20.57,11.78,32.36,40.41,25.27,141.0,0.256,35.0,24.82,9.0,6.38,0.73,0.15499999999999997,27.73,13.87,16.6,30.47,29.41,20.61,294.0,0.246,79.0,26.87,18.0,6.12,0.667,0.125,25.64,12.88,16.81,29.69,28.75,19.85
747024,2024-06-15,2024,547180,L,680570,R,single,False,False,170.0,0.275,33.0,19.41,27.0,15.88,0.916,0.253,28.8,13.94,9.65,23.58,33.15,18.86,375.0,0.295,80.0,21.33,60.0,16.0,0.907,0.199,31.39,15.65,8.66,24.31,32.27,20.0,126.0,0.205,36.0,28.57,13.0,10.32,0.618,0.12500000000000003,33.05,16.06,15.45,31.5,29.92,23.68,221.0,0.277,50.0,22.62,24.0,10.86,0.837,0.2049999999999999,27.18,13.73,13.84,27.58,30.67,15.92
747024,2024-06-15,2024,664761,R,680570,R,double,False,False,191.0,0.312,29.0,15.18,14.0,7.33,0.86,0.182,18.69,8.85,15.49,24.34,24.84,16.47,445.0,0.263,68.0,15.28,34.0,7.64,0.7010000000000001,0.1139999999999999,17.17,8.27,16.06,24.33,28.14,13.48,141.0,0.256,35.0,24.82,9.0,6.38,0.73,0.15499999999999997,27.73,13.87,16.6,30.47,29.41,20.61,294.0,0.246,79.0,26.87,18.0,6.12,0.667,0.125,25.64,12.88,16.81,29.69,28.75,19.85
747024,2024-06-15,2024,681082,L,680570,R,field_out,False,False,179.0,0.233,25.0,13.97,22.0,12.29,0.71,0.147,17.52,7.51,21.72,29.23,26.76,12.02,474.0,0.28,76.0,16.03,26.0,5.49,0.753,0.1509999999999999,14.49,6.52,22.08,28.6,28.42,11.93,126.0,0.205,36.0,28.57,13.0,10.32,0.618,0.12500000000000003,33.05,16.06,15.45,31.5,29.92,23.68,221.0,0.277,50.0,22.62,24.0,10.86,0.837,0.2049999999999999,27.18,13.73,13.84,27.58,30.67,15.92
747024,2024-06-15,2024,683002,L,592836,R,field_out,False,False,211.0,0.263,46.0,21.8,21.0,9.95,0.943,0.33399999999999996,25.4,11.71,14.3,26.02,23.21,22.89,455.0,0.272,117.0,25.71,38.0,8.35,0.885,0.277,25.57,12.07,15.7,27.78,26.4,22.35,98.0,0.33,16.0,16.33,9.0,9.18,0.956,0.23799999999999993,15.03,6.46,19.38,25.84,22.41,20.51,376.0,0.226,75.0,19.95,40.0,10.64,0.716,0.176,23.44,10.16,16.18,26.34,24.84,18.43
747024,2024-06-15,2024,668939,L,592836,R,field_out,False,False,198.0,0.232,42.0,21.21,14.0,7.07,0.653,0.13299999999999998,22.22,10.5,19.5,30.0,33.75,17.72,496.0,0.267,80.0,16.13,61.0,12.3,0.778,0.1519999999999999,16.76,6.91,19.7,26.61,24.41,12.54,98.0,0.33,16.0,16.33,9.0,9.18,0.956,0.23799999999999993,15.03,6.46,19.38,25.84,22.41,20.51,376.0,0.226,75.0,19.95,40.0,10.64,0.716,0.176,23.44,10.16,16.18,26.34,24.84,18.43
747024,2024-06-15,2024,663624,R,592836,R,field_out,False,False,189.0,0.273,43.0,22.75,10.0,5.29,0.7949999999999999,0.20999999999999996,23.08,12.62,12.48,25.1,36.78,18.78,310.0,0.235,78.0,25.16,22.0,7.1,0.6399999999999999,0.1139999999999999,29.78,16.05,13.56,29.61,37.06,21.61,90.0,0.225,20.0,22.22,7.0,7.78,0.665,0.13699999999999998,18.92,8.62,20.0,28.62,29.3,21.74,361.0,0.252,63.0,17.45,31.0,8.59,0.7170000000000001,0.139,17.51,7.85,16.95,24.8,30.27,15.82
747024,2024-06-15,2024,624641,R,680570,R,home_run,False,False,81.0,0.243,22.0,27.16,3.0,3.7,0.6419999999999999,0.10799999999999998,36.93,19.88,11.62,31.5,42.78,20.75,176.0,0.239,41.0,23.3,5.0,2.84,0.669,0.148,29.23,17.12,12.31,29.43,41.96,19.16,141.0,0.256,35.0,24.82,9.0,6.38,0.73,0.15499999999999997,27.73,13.87,16.6,30.47,29.41,20.61,294.0,0.246,79.0,26.87,18.0,6.12,0.667,0.125,25.64,12.88,16.81,29.69,28.75,19.85
747024,2024-06-15,2024,669016,L,680570,R,walk,False,True,143.0,0.304,34.0,23.78,16.0,11.19,0.884,0.2,21.88,8.76,18.15,26.92,22.97,16.75,363.0,0.292,101.0,27.82,47.0,12.95,0.864,0.185,25.19,10.97,17.37,28.35,25.74,21.31,126.0,0.205,36.0,28.57,13.0,10.32,0.618,0.12500000000000003,33.05,16.06,15.45,31.5,29.92,23.68,221.0,0.277,50.0,22.62,24.0,10.86,0.837,0.2049999999999999,27.18,13.73,13.84,27.58,30.67,15.92
747024,2024-06-15,2024,596117,L,680570,R,strikeout,True,False,43.0,0.205,11.0,25.58,4.0,9.3,0.51,0.026000000000000023,26.32,12.66,20.89,33.54,32.89,25.58,94.0,0.19,22.0,23.4,7.0,7.45,0.5549999999999999,0.0959999999999999,24.71,11.35,19.19,30.54,31.94,18.8,126.0,0.205,36.0,28.57,13.0,10.32,0.618,0.12500000000000003,33.05,16.06,15.45,31.5,29.92,23.68,221.0,0.277,50.0,22.62,24.0,10.86,0.837,0.2049999999999999,27.18,13.73,13.84,27.58,30.67,15.92
747024,2024-06-15,2024,679032,R,680570,R,grounded_into_double_play,False,False,144.0,0.239,19.0,13.19,6.0,4.17,0.5900000000000001,0.07400000000000001,24.9,12.02,19.19,31.2,33.6,12.84,100.0,0.281,23.0,23.0,4.0,4.0,0.76,0.1459999999999999,25.82,13.95,16.32,30.27,40.0,25.27,141.0,0.256,35.0,24.82,9.0,6.38,0.73,0.15499999999999997,27.73,13.87,16.6,30.47,29.41,20.61,294.0,0.246,79.0,26.87,18.0,6.12,0.667,0.125,25.64,12.88,16.81,29.69,28.75,19.85
747024,2024-06-15,2024,656811,L,592836,R,field_out,False,False,186.0,0.292,21.0,11.29,15.0,8.06,0.846,0.20500000000000002,17.36,7.81,16.93,24.75,22.59,12.88,340.0,0.297,74.0,21.76,13.0,3.82,0.802,0.178,22.26,11.29,14.37,25.66,31.15,17.72,98.0,0.33,16.0,16.33,9.0,9.18,0.956,0.23799999999999993,15.03,6.46,19.38,25.84,22.41,20.51,376.0,0.226,75.0,19.95,40.0,10.64,0.716,0.176,23.44,10.16,16.18,26.34,24.84,18.43
747024,2024-06-15,2024,623993,L,592836,R,walk,False,True,201.0,0.205,33.0,16.42,13.0,6.47,0.718,0.24400000000000002,16.89,9.16,13.37,22.52,40.5,12.79,486.0,0.26,107.0,22.02,31.0,6.38,0.798,0.2229999999999999,22.13,11.37,14.84,26.21,37.22,15.21,98.0,0.33,16.0,16.33,9.0,9.18,0.956,0.23799999999999993,15.03,6.46,19.38,25.84,22.41,20.51,376.0,0.226,75.0,19.95,40.0,10.64,0.716,0.176,23.44,10.16,16.18,26.34,24.84,18.43
747024,2024-06-15,2024,676059,R,592836,R,field_out,False,False,200.0,0.308,33.0,16.5,12.0,6.0,0.909,0.23600000000000004,25.59,12.95,15.06,28.01,29.9,13.45,146.0,0.246,33.0,22.6,8.0,5.48,0.6779999999999999,0.142,22.97,11.73,16.25,27.98,29.59,19.76,90.0,0.225,20.0,22.22,7.0,7.78,0.665,0.13699999999999998,18.92,8.62,20.0,28.62,29.3,21.74,361.0,0.252,63.0,17.45,31.0,8.59,0.7170000000000001,0.139,17.51,7.85,16.95,24.8,30.27,15.82
747024,2024-06-15,2024,656775,L,592836,R,single,False,False,155.0,0.199,39.0,25.16,11.0,7.1,0.608,0.15599999999999997,19.93,10.4,13.34,23.74,28.52,21.79,336.0,0.233,77.0,22.92,31.0,9.23,0.726,0.1889999999999999,26.24,13.25,14.23,27.48,28.99,18.95,98.0,0.33,16.0,16.33,9.0,9.18,0.956,0.23799999999999993,15.03,6.46,19.38,25.84,22.41,20.51,376.0,0.226,75.0,19.95,40.0,10.64,0.716,0.176,23.44,10.16,16.18,26.34,24.84,18.43
747024,2024-06-15,2024,681297,L,592836,R,field_out,False,False,169.0,0.24,47.0,27.81,18.0,10.65,0.785,0.21200000000000002,31.85,14.37,16.38,30.75,24.56,24.1,68.0,0.111,20.0,29.41,12.0,17.65,0.427,0.0369999999999999,26.67,10.98,17.07,28.05,21.51,17.7,98.0,0.33,16.0,16.33,9.0,9.18,0.956,0.23799999999999993,15.03,6.46,19.38,25.84,22.41,20.51,376.0,0.226,75.0,19.95,40.0,10.64,0.716,0.176,23.44,10.16,16.18,26.34,24.84,18.43
747024,2024-06-15,2024,656941,L,680570,R,strikeout,True,False,186.0,0.201,55.0,29.57,31.0,16.67,0.742,0.20799999999999996,33.02,13.32,15.75,29.07,22.04,24.22,469.0,0.201,128.0,27.29,85.0,18.12,0.848,0.296,31.18,11.75,19.66,31.41,21.53,23.1,126.0,0.205,36.0,28.57,13.0,10.32,0.618,0.12500000000000003,33.05,16.06,15.45,31.5,29.92,23.68,221.0,0.277,50.0,22.62,24.0,10.86,0.837,0.2049999999999999,27.18,13.73,13.84,27.58,30.67,15.92
747024,2024-06-15,2024,592206,R,680570,R,field_out,False,False,207.0,0.197,40.0,19.32,16.0,7.73,0.569,0.10599999999999998,31.08,18.12,10.25,28.37,39.12,18.6,485.0,0.252,140.0,28.87,25.0,5.15,0.733,0.192,37.06,20.57,11.78,32.36,40.41,25.27,141.0,0.256,35.0,24.82,9.0,6.38,0.73,0.15499999999999997,27.73,13.87,16.6,30.47,29.41,20.61,294.0,0.246,79.0,26.87,18.0,6.12,0.667,0.125,25.64,12.88,16.81,29.69,28.75,19.85
747024,2024-06-15,2024,547180,L,680570,R,strikeout,True,False,170.0,0.275,33.0,19.41,27.0,15.88,0.916,0.253,28.8,13.94,9.65,23.58,33.15,18.86,375.0,0.295,80.0,21.33,60.0,16.0,0.907,0.199,31.39,15.65,8.66,24.31,32.27,20.0,126.0,0.205,36.0,28.57,13.0,10.32,0.618,0.12500000000000003,33.05,16.06,15.45,31.5,29.92,23.68,221.0,0.277,50.0,22.62,24.0,10.86,0.837,0.2049999999999999,27.18,13.73,13.84,27.58,30.67,15.92
747024,2024-06-15,2024,602104,R,592836,R,double,False,False,69.0,0.231,12.0,17.39,3.0,4.35,0.675,0.169,28.0,13.83,13.44,27.27,25.95,17.14,272.0,0.274,72.0,26.47,17.0,6.25,0.726,0.1169999999999999,29.67,14.82,16.24,31.07,27.7,24.41,90.0,0.225,20.0,22.22,7.0,7.78,0.665,0.13699999999999998,18.92,8.62,20.0,28.62,29.3,21.74,361.0,0.252,63.0,17.45,31.0,8.59,0.7170000000000001,0.139,17.51,7.85,16.95,24.8,30.27,15.82
747024,2024-06-15,2024,683002,L,592836,R,single,False,False,211.0,0.263,46.0,21.8,21.0,9.95,0.943,0.33399999999999996,25.4,11.71,14.3,26.02,23.21,22.89,455.0,0.272,117.0,25.71,38.0,8.35,0.885,0.277,25.57,12.07,15.7,27.78,26.4,22.35,98.0,0.33,16.0,16.33,9.0,9.18,0.956,0.23799999999999993,15.03,6.46,19.38,25.84,22.41,20.51,376.0,0.226,75.0,19.95,40.0,10.64,0.716,0.176,23.44,10.16,16.18,26.34,24.84,18.43
747024,2024-06-15,2024,668939,L,592836,R,sac_fly,False,False,198.0,0.232,42.0,21.21,14.0,7.07,0.653,0.13299999999999998,22.22,10.5,19.5,30.0,33.75,17.72,496.0,0.267,80.0,16.13,61.0,12.3,0.778,0.1519999999999999,16.76,6.91,19.7,26.61,24.41,12.54,98.0,0.33,16.0,16.33,9.0,9.18,0.956,0.23799999999999993,15.03,6.46,19.38,25.84,22.41,20.51,376.0,0.226,75.0,19.95,40.0,10.64,0.716,0.176,23.44,10.16,16.18,26.34,24.84,18.43
747024,2024-06-15,2024,663624,R,592836,R,field_out,False,False,189.0,0.273,43.0,22.75,10.0,5.29,0.7949999999999999,0.20999999999999996,23.08,12.62,12.48,25.1,36.78,18.78,310.0,0.235,78.0,25.16,22.0,7.1,0.6399999999999999,0.1139999999999999,29.78,16.05,13.56,29.61,37.06,21.61,90.0,0.225,20.0,22.22,7.0,7.78,0.665,0.13699999999999998,18.92,8.62,20.0,28.62,29.3,21.74,361.0,0.252,63.0,17.45,31.0,8.59,0.7170000000000001,0.139,17.51,7.85,16.95,24.8,30.27,15.82
747024,2024-06-15,2024,656811,L,592836,R,field_out,False,False,186.0,0.292,21.0,11.29,15.0,8.06,0.846,0.20500000000000002,17.36,7.81,16.93,24.75,22.59,12.88,340.0,0.297,74.0,21.76,13.0,3.82,0.802,0.178,22.26,11.29,14.37,25.66,31.15,17.72,98.0,0.33,16.0,16.33,9.0,9.18,0.956,0.23799999999999993,15.03,6.46,19.38,25.84,22.41,20.51,376.0,0.226,75.0,19.95,40.0,10.64,0.716,0.176,23.44,10.16,16.18,26.34,24.84,18.43
747024,2024-06-15,2024,664761,R,680570,R,field_out,False,False,191.0,0.312,29.0,15.18,14.0,7.33,0.86,0.182,18.69,8.85,15.49,24.34,24.84,16.47,445.0,0.263,68.0,15.28,34.0,7.64,0.7010000000000001,0.1139999999999999,17.17,8.27,16.06,24.33,28.14,13.48,141.0,0.256,35.0,24.82,9.0,6.38,0.73,0.15499999999999997,27.73,13.87,16.6,30.47,29.41,20.61,294.0,0.246,79.0,26.87,18.0,6.12,0.667,0.125,25.64,12.88,16.81,29.69,28.75,19.85
747024,2024-06-15,2024,681082,L,680570,R,field_out,False,False,179.0,0.233,25.0,13.97,22.0,12.29,0.71,0.147,17.52,7.51,21.72,29.23,26.76,12.02,474.0,0.28,76.0,16.03,26.0,5.49,0.753,0.1509999999999999,14.49,6.52,22.08,28.6,28.42,11.93,126.0,0.205,36.0,28.57,13.0,10.32,0.618,0.12500000000000003,33.05,16.06,15.45,31.5,29.92,23.68,221.0,0.277,50.0,22.62,24.0,10.86,0.837,0.2049999999999999,27.18,13.73,13.84,27.58,30.67,15.92
747024,2024-06-15,2024,624641,R,680570,R,field_out,False,False,81.0,0.243,22.0,27.16,3.0,3.7,0.6419999999999999,0.10799999999999998,36.93,19.88,11.62,31.5,42.78,20.75,176.0,0.239,41.0,23.3,5.0,2.84,0.669,0.148,29.23,17.12,12.31,29.43,41.96,19.16,141.0,0.256,35.0,24.82,9.0,6.38,0.73,0.15499999999999997,27.73,13.87,16.6,30.47,29.41,20.61,294.0,0.246,79.0,26.87,18.0,6.12,0.667,0.125,25.64,12.88,16.81,29.69,28.75,19.85
747024,2024-06-15,2024,623993,L,592836,R,home_run,False,False,201.0,0.205,33.0,16.42,13.0,6.47,0.718,0.24400000000000002,16.89,9.16,13.37,22.52,40.5,12.79,486.0,0.26,107.0,22.02,31.0,6.38,0.798,0.2229999999999999,22.13,11.37,14.84,26.21,37.22,15.21,98.0,0.33,16.0,16.33,9.0,9.18,0.956,0.23799999999999993,15.03,6.46,19.38,25.84,22.41,20.51,376.0,0.226,75.0,19.95,40.0,10.64,0.716,0.176,23.44,10.16,16.18,26.34,24.84,18.43
747024,2024-06-15,2024,676059,R,592836,R,strikeout,True,False,200.0,0.308,33.0,16.5,12.0,6.0,0.909,0.23600000000000004,25.59,12.95,15.06,28.01,29.9,13.45,146.0,0.246,33.0,22.6,8.0,5.48,0.6779999999999999,0.142,22.97,11.73,16.25,27.98,29.59,19.76,90.0,0.225,20.0,22.22,7.0,7.78,0.665,0.13699999999999998,18.92,8.62,20.0,28.62,29.3,21.74,361.0,0.252,63.0,17.45,31.0,8.59,0.7170000000000001,0.139,17.51,7.85,16.95,24.8,30.27,15.82
747024,2024-06-15,2024,656775,L,592836,R,field_out,False,False,155.0,0.199,39.0,25.16,11.0,7.1,0.608,0.15599999999999997,19.93,10.4,13.34,23.74,28.52,21.79,336.0,0.233,77.0,22.92,31.0,9.23,0.726,0.1889999999999999,26.24,13.25,14.23,27.48,28.99,18.95,98.0,0.33,16.0,16.33,9.0,9.18,0.956,0.23799999999999993,15.03,6.46,19.38,25.84,22.41,20.51,376.0,0.226,75.0,19.95,40.0,10.64,0.716,0.176,23.44,10.16,16.18,26.34,24.84,18.43
747024,2024-06-15,2024,681297,L,592836,R,strikeout,True,False,169.0,0.24,47.0,27.81,18.0,10.65,0.785,0.21200000000000002,31.85,14.37,16.38,30.75,24.56,24.1,68.0,0.111,20.0,29.41,12.0,17.65,0.427,0.0369999999999999,26.67,10.98,17.07,28.05,21.51,17.7,98.0,0.33,16.0,16.33,9.0,9.18,0.956,0.23799999999999993,15.03,6.46,19.38,25.84,22.41,20.51,376.0,0.226,75.0,19.95,40.0,10.64,0.716,0.176,23.44,10.16,16.18,26.34,24.84,18.43
747024,2024-06-15,2024,669016,L,680570,R,field_out,False,False,143.0,0.304,34.0,23.78,16.0,11.19,0.884,0.2,21.88,8.76,18.15,26.92,22.97,16.75,363.0,0.292,101.0,27.82,47.0,12.95,0.864,0.185,25.19,10.97,17.37,28.35,25.74,21.31,126.0,0.205,36.0,28.57,13.0,10.32,0.618,0.12500000000000003,33.05,16.06,15.45,31.5,29.92,23.68,221.0,0.277,50.0,22.62,24.0,10.86,0.837,0.2049999999999999,27.18,13.73,13.84,27.58,30.67,15.92
747024,2024-06-15,2024,596117,L,680570,R,field_out,False,False,43.0,0.205,11.0,25.58,4.0,9.3,0.51,0.026000000000000023,26.32,12.66,20.89,33.54,32.89,25.58,94.0,0.19,22.0,23.4,7.0,7.45,0.5549999999999999,0.0959999999999999,24.71,11.35,19.19,30.54,31.94,18.8,126.0,0.205,36.0,28.57,13.0,10.32,0.618,0.12500000000000003,33.05,16.06,15.45,31.5,29.92,23.68,221.0,0.277,50.0,22.62,24.0,10.86,0.837,0.2049999999999999,27.18,13.73,13.84,27.58,30.67,15.92
747024,2024-06-15,2024,679032,R,680570,R,single,False,False,144.0,0.239,19.0,13.19,6.0,4.17,0.5900000000000001,0.07400000000000001,24.9,12.02,19.19,31.2,33.6,12.84,100.0,0.281,23.0,23.0,4.0,4.0,0.76,0.1459999999999999,25.82,13.95,16.32,30.27,40.0,25.27,141.0,0.256,35.0,24.82,9.0,6.38,0.73,0.15499999999999997,27.73,13.87,16.6,30.47,29.41,20.61,294.0,0.246,79.0,26.87,18.0,6.12,0.667,0.125,25.64,12.88,16.81,29.69,28.75,19.85
747024,2024-06-15,2024,656941,L,680570,R,force_out,False,False,186.0,0.201,55.0,29.57,31.0,16.67,0.742,0.20799999999999996,33.02,13.32,15.75,29.07,22.04,24.22,469.0,0.201,128.0,27.29,85.0,18.12,0.848,0.296,31.18,11.75,19.66,31.41,21.53,23.1,126.0,0.205,36.0,28.57,13.0,10.32,0.618,0.12500000000000003,33.05,16.06,15.45,31.5,29.92,23.68,221.0,0.277,50.0,22.62,24.0,10.86,0.837,0.2049999999999999,27.18,13.73,13.84,27.58,30.67,15.92
747024,2024-06-15,2024,602104,R,592836,R,strikeout,True,False,69.0,0.231,12.0,17.39,3.0,4.35,0.675,0.169,28.0,13.83,13.44,27.27,25.95,17.14,272.0,0.274,72.0,26.47,17.0,6.25,0.726,0.1169999999999999,29.67,14.82,16.24,31.07,27.7,24.41,90.0,0.225,20.0,22.22,7.0,7.78,0.665,0.13699999999999998,18.92,8.62,20.0,28.62,29.3,21.74,361.0,0.252,63.0,17.45,31.0,8.59,0.7170000000000001,0.139,17.51,7.85,16.95,24.8,30.27,15.82
747024,2024-06-15,2024,683002,L,592836,R,strikeout,True,False,211.0,0.263,46.0,21.8,21.0,9.95,0.943,0.33399999999999996,25.4,11.71,14.3,26.02,23.21,22.89,455.0,0.272,117.0,25.71,38.0,8.35,0.885,0.277,25.57,12.07,15.7,27.78,26.4,22.35,98.0,0.33,16.0,16.33,9.0,9.18,0.956,0.23799999999999993,15.03,6.46,19.38,25.84,22.41,20.51,376.0,0.226,75.0,19.95,40.0,10.64,0.716,0.176,23.44,10.16,16.18,26.34,24.84,18.43
747024,2024-06-15,2024,668939,L,592836,R,field_out,False,False,198.0,0.232,42.0,21.21,14.0,7.07,0.653,0.13299999999999998,22.22,10.5,19.5,30.0,33.75,17.72,496.0,0.267,80.0,16.13,61.0,12.3,0.778,0.1519999999999999,16.76,6.91,19.7,26.61,24.41,12.54,98.0,0.33,16.0,16.33,9.0,9.18,0.956,0.23799999999999993,15.03,6.46,19.38,25.84,22.41,20.51,376.0,0.226,75.0,19.95,40.0,10.64,0.716,0.176,23.44,10.16,16.18,26.34,24.84,18.43
747024,2024-06-15,2024,592206,R,680570,R,strikeout,True,False,207.0,0.197,40.0,19.32,16.0,7.73,0.569,0.10599999999999998,31.08,18.12,10.25,28.37,39.12,18.6,485.0,0.252,140.0,28.87,25.0,5.15,0.733,0.192,37.06,20.57,11.78,32.36,40.41,25.27,141.0,0.256,35.0,24.82,9.0,6.38,0.73,0.15499999999999997,27.73,13.87,16.6,30.47,29.41,20.61,294.0,0.246,79.0,26.87,18.0,6.12,0.667,0.125,25.64,12.88,16.81,29.69,28.75,19.85
747024,2024-06-15,2024,547180,L,680570,R,strikeout,True,False,170.0,0.275,33.0,19.41,27.0,15.88,0.916,0.253,28.8,13.94,9.65,23.58,33.15,18.86,375.0,0.295,80.0,21.33,60.0,16.0,0.907,0.199,31.39,15.65,8.66,24.31,32.27,20.0,126.0,0.205,36.0,28.57,13.0,10.32,0.618,0.12500000000000003,33.05,16.06,15.45,31.5,29.92,23.68,221.0,0.277,50.0,22.62,24.0,10.86,0.837,0.2049999999999999,27.18,13.73,13.84,27.58,30.67,15.92
747024,2024-06-15,2024,664761,R,680570,R,single,False,False,191.0,0.312,29.0,15.18,14.0,7.33,0.86,0.182,18.69,8.85,15.49,24.34,24.84,16.47,445.0,0.263,68.0,15.28,34.0,7.64,0.7010000000000001,0.1139999999999999,17.17,8.27,16.06,24.33,28.14,13.48,141.0,0.256,35.0,24.82,9.0,6.38,0.73,0.15499999999999997,27.73,13.87,16.6,30.47,29.41,20.61,294.0,0.246,79.0,26.87,18.0,6.12,0.667,0.125,25.64,12.88,16.81,29.69,28.75,19.85
747024,2024-06-15,2024,681082,L,680570,R,double,False,False,179.0,0.233,25.0,13.97,22.0,12.29,0.71,0.147,17.52,7.51,21.72,29.23,26.76,12.02,474.0,0.28,76.0,16.03,26.0,5.49,0.753,0.1509999999999999,14.49,6.52,22.08,28.6,28.42,11.93,126.0,0.205,36.0,28.57,13.0,10.32,0.618,0.12500000000000003,33.05,16.06,15.45,31.5,29.92,23.68,221.0,0.277,50.0,22.62,24.0,10.86,0.837,0.2049999999999999,27.18,13.73,13.84,27.58,30.67,15.92
747024,2024-06-15,2024,624641,R,680570,R,strikeout,True,False,81.0,0.243,22.0,27.16,3.0,3.7,0.6419999999999999,0.10799999999999998,36.93,19.88,11.62,31.5,42.78,20.75,176.0,0.239,41.0,23.3,5.0,2.84,0.669,0.148,29.23,17.12,12.31,29.43,41.96,19.16,141.0,0.256,35.0,24.82,9.0,6.38,0.73,0.15499999999999997,27.73,13.87,16.6,30.47,29.41,20.61,294.0,0.246,79.0,26.87,18.0,6.12,0.667,0.125,25.64,12.88,16.81,29.69,28.75,19.85
747024,2024-06-15,2024,663624,R,592836,R,single,False,False,189.0,0.273,43.0,22.75,10.0,5.29,0.7949999999999999,0.20999999999999996,23.08,12.62,12.48,25.1,36.78,18.78,310.0,0.235,78.0,25.16,22.0,7.1,0.6399999999999999,0.1139999999999999,29.78,16.05,13.56,29.61,37.06,21.61,90.0,0.225,20.0,22.22,7.0,7.78,0.665,0.13699999999999998,18.92,8.62,20.0,28.62,29.3,21.74,361.0,0.252,63.0,17.45,31.0,8.59,0.7170000000000001,0.139,17.51,7.85,16.95,24.8,30.27,15.82
747024,2024-06-15,2024,656811,L,592836,R,single,False,False,186.0,0.292,21.0,11.29,15.0,8.06,0.846,0.20500000000000002,17.36,7.81,16.93,24.75,22.59,12.88,340.0,0.297,74.0,21.76,13.0,3.82,0.802,0.178,22.26,11.29,14.37,25.66,31.15,17.72,98.0,0.33,16.0,16.33,9.0,9.18,0.956,0.23799999999999993,15.03,6.46,19.38,25.84,22.41,20.51,376.0,0.226,75.0,19.95,40.0,10.64,0.716,0.176,23.44,10.16,16.18,26.34,24.84,18.43
747024,2024-06-15,2024,623993,L,592836,R,sac_fly,False,False,201.0,0.205,33.0,16.42,13.0,6.47,0.718,0.24400000000000002,16.89,9.16,13.37,22.52,40.5,12.79,486.0,0.26,107.0,22.02,31.0,6.38,0.798,0.2229999999999999,22.13,11.37,14.84,26.21,37.22,15.21,98.0,0.33,16.0,16.33,9.0,9.18,0.956,0.23799999999999993,15.03,6.46,19.38,25.84,22.41,20.51,376.0,0.226,75.0,19.95,40.0,10.64,0.716,0.176,23.44,10.16,16.18,26.34,24.84,18.43
747024,2024-06-15,2024,676059,R,592836,R,field_out,False,False,200.0,0.308,33.0,16.5,12.0,6.0,0.909,0.23600000000000004,25.59,12.95,15.06,28.01,29.9,13.45,146.0,0.246,33.0,22.6,8.0,5.48,0.6779999999999999,0.142,22.97,11.73,16.25,27.98,29.59,19.76,90.0,0.225,20.0,22.22,7.0,7.78,0.665,0.13699999999999998,18.92,8.62,20.0,28.62,29.3,21.74,361.0,0.252,63.0,17.45,31.0,8.59,0.7170000000000001,0.139,17.51,7.85,16.95,24.8,30.27,15.82
747024,2024-06-15,2024,656775,L,592836,R,walk,False,True,155.0,0.199,39.0,25.16,11.0,7.1,0.608,0.15599999999999997,19.93,10.4,13.34,23.74,28.52,21.79,336.0,0.233,77.0,22.92,31.0,9.23,0.726,0.1889999999999999,26.24,13.25,14.23,27.48,28.99,18.95,98.0,0.33,16.0,16.33,9.0,9.18,0.956,0.23799999999999993,15.03,6.46,19.38,25.84,22.41,20.51,376.0,0.226,75.0,19.95,40.0,10.64,0.716,0.176,23.44,10.16,16.18,26.34,24.84,18.43
747024,2024-06-15,2024,669720,R,642397,L,strikeout,True,False,41.0,0.359,13.0,31.71,2.0,4.88,0.8260000000000001,0.07700000000000001,35.62,17.33,14.67,32.0,33.75,39.39,167.0,0.262,37.0,22.16,16.0,9.58,0.785,0.194,26.6,11.87,17.25,29.11,29.39,20.9,66.0,0.373,15.0,22.73,11.0,16.67,0.956,0.09799999999999998,33.06,15.71,11.49,27.2,28.12,20.55,162.0,0.255,45.0,27.78,15.0,9.26,0.72,0.138,35.35,17.56,15.35,32.91,29.93,22.5
747024,2024-06-15,2024,669016,L,680570,R,field_out,False,False,143.0,0.304,34.0,23.78,16.0,11.19,0.884,0.2,21.88,8.76,18.15,26.92,22.97,16.75,363.0,0.292,101.0,27.82,47.0,12.95,0.864,0.185,25.19,10.97,17.37,28.35,25.74,21.31,126.0,0.205,36.0,28.57,13.0,10.32,0.618,0.12500000000000003,33.05,16.06,15.45,31.5,29.92,23.68,221.0,0.277,50.0,22.62,24.0,10.86,0.837,0.2049999999999999,27.18,13.73,13.84,27.58,30.67,15.92
747024,2024-06-15,2024,596117,L,680570,R,single,False,False,43.0,0.205,11.0,25.58,4.0,9.3,0.51,0.026000000000000023,26.32,12.66,20.89,33.54,32.89,25.58,94.0,0.19,22.0,23.4,7.0,7.45,0.5549999999999999,0.0959999999999999,24.71,11.35,19.19,30.54,31.94,18.8,126.0,0.205,36.0,28.57,13.0,10.32,0.618,0.12500000000000003,33.05,16.06,15.45,31.5,29.92,23.68,221.0,0.277,50.0,22.62,24.0,10.86,0.837,0.2049999999999999,27.18,13.73,13.84,27.58,30.67,15.92
747024,2024-06-15,2024,679032,R,680570,R,field_out,False,False,144.0,0.239,19.0,13.19,6.0,4.17,0.5900000000000001,0.07400000000000001,24.9,12.02,19.19,31.2,33.6,12.84,100.0,0.281,23.0,23.0,4.0,4.0,0.76,0.1459999999999999,25.82,13.95,16.32,30.27,40.0,25.27,141.0,0.256,35.0,24.82,9.0,6.38,0.73,0.15499999999999997,27.73,13.87,16.6,30.47,29.41,20.61,294.0,0.246,79.0,26.87,18.0,6.12,0.667,0.125,25.64,12.88,16.81,29.69,28.75,19.85
747024,2024-06-15,2024,656941,L,680570,R,field_out,False,False,186.0,0.201,55.0,29.57,31.0,16.67,0.742,0.20799999999999996,33.02,13.32,15.75,29.07,22.04,24.22,469.0,0.201,128.0,27.29,85.0,18.12,0.848,0.296,31.18,11.75,19.66,31.41,21.53,23.1,126.0,0.205,36.0,28.57,13.0,10.32,0.618,0.12500000000000003,33.05,16.06,15.45,31.5,29.92,23.68,221.0,0.277,50.0,22.62,24.0,10.86,0.837,0.2049999999999999,27.18,13.73,13.84,27.58,30.67,15.92
747024,2024-06-15,2024,602104,R,642397,L,strikeout,True,False,29.0,0.231,4.0,13.79,1.0,3.45,0.618,0.07699999999999999,18.97,9.4,15.38,24.79,27.59,11.43,124.0,0.241,29.0,23.39,10.0,8.06,0.654,0.098,26.55,12.58,16.35,28.93,29.75,21.64,66.0,0.373,15.0,22.73,11.0,16.67,0.956,0.09799999999999998,33.06,15.71,11.49,27.2,28.12,20.55,162.0,0.255,45.0,27.78,15.0,9.26,0.72,0.138,35.35,17.56,15.35,32.91,29.93,22.5
747024,2024-06-15,2024,683002,L,642397,L,field_out,False,False,98.0,0.295,28.0,28.57,17.0,17.35,0.9929999999999999,0.26899999999999996,31.25,12.25,18.38,30.64,18.1,23.73,167.0,0.209,42.0,25.15,18.0,10.78,0.617,0.115,28.77,12.92,19.54,32.46,27.19,20.79,35.0,0.219,8.0,22.86,2.0,5.71,0.6299999999999999,0.12499999999999997,23.33,10.61,18.94,29.55,36.76,17.39,88.0,0.127,20.0,22.73,7.0,7.95,0.433,0.101,31.33,14.03,22.09,36.12,32.03,18.87
747024,2024-06-15,2024,668939,R,642397,L,walk,False,True,92.0,0.42,13.0,14.13,4.0,4.35,1.139,0.27299999999999996,18.01,7.88,21.47,29.35,25.28,13.0,191.0,0.304,21.0,10.99,31.0,16.23,0.895,0.177,12.46,4.9,20.56,25.46,20.79,8.71,66.0,0.373,15.0,22.73,11.0,16.67,0.956,0.09799999999999998,33.06,15.71,11.49,27.2,28.12,20.55,162.0,0.255,45.0,27.78,15.0,9.26,0.72,0.138,35.35,17.56,15.35,32.91,29.93,22.5
747024,2024-06-15,2024,663624,R,614179,R,strikeout,True,False,189.0,0.273,43.0,22.75,10.0,5.29,0.7949999999999999,0.20999999999999996,23.08,12.62,12.48,25.1,36.78,18.78,310.0,0.235,78.0,25.16,22.0,7.1,0.6399999999999999,0.1139999999999999,29.78,16.05,13.56,29.61,37.06,21.61,40.0,0.235,8.0,20.0,3.0,7.5,0.624,0.08900000000000002,30.38,15.79,16.45,32.24,38.03,16.0,119.0,0.276,26.0,21.85,10.0,8.4,0.8280000000000001,0.191,31.2,14.75,13.94,28.69,29.14,16.03
747024,2024-06-15,2024,592206,R,641329,R,strikeout,True,False,207.0,0.197,40.0,19.32,16.0,7.73,0.569,0.10599999999999998,31.08,18.12,10.25,28.37,39.12,18.6,485.0,0.252,140.0,28.87,25.0,5.15,0.733,0.192,37.06,20.57,11.78,32.36,40.41,25.27,4.0,0.25,0.0,0.0,0.0,0.0,0.5,0.0,12.5,5.88,17.65,23.53,33.33,0.0,126.0,0.241,30.0,23.81,14.0,11.11,0.72,0.148,21.26,10.42,14.29,24.71,26.82,15.96
747024,2024-06-15,2024,547180,L,641329,R,field_out,False,False,170.0,0.275,33.0,19.41,27.0,15.88,0.916,0.253,28.8,13.94,9.65,23.58,33.15,18.86,375.0,0.295,80.0,21.33,60.0,16.0,0.907,0.199,31.39,15.65,8.66,24.31,32.27,20.0,2.0,0.0,0.0,0.0,0.0,0.0,0.0,0.0,20.0,13.33,6.67,20.0,42.86,0.0,61.0,0.143,21.0,34.43,10.0,16.39,0.507,0.081,28.46,12.73,13.45,26.18,21.05,23.86
747024,2024-06-15,2024,664761,R,641329,R,field_out,False,False,191.0,0.312,29.0,15.18,14.0,7.33,0.86,0.182,18.69,8.85,15.49,24.34,24.84,16.47,445.0,0.263,68.0,15.28,34.0,7.64,0.7010000000000001,0.1139999999999999,17.17,8.27,16.06,24.33,28.14,13.48,4.0,0.25,0.0,0.0,0.0,0.0,0.5,0.0,12.5,5.88,17.65,23.53,33.33,0.0,126.0,0.241,30.0,23.81,14.0,11.11,0.72,0.148,21.26,10.42,14.29,24.71,26.82,15.96
747024,2024-06-15,2024,656811,L,614179,R,single,False,False,186.0,0.292,21.0,11.29,15.0,8.06,0.846,0.20500000000000002,17.36,7.81,16.93,24.75,22.59,12.88,340.0,0.297,74.0,21.76,13.0,3.82,0.802,0.178,22.26,11.29,14.37,25.66,31.15,17.72,29.0,0.296,10.0,34.48,2.0,6.9,0.752,0.11099999999999999,35.82,19.83,9.92,29.75,42.03,25.0,88.0,0.315,13.0,14.77,11.0,12.5,1.012,0.288,26.76,11.52,14.24,25.76,25.7,20.0
747024,2024-06-15,2024,623993,L,614179,R,home_run,False,False,201.0,0.205,33.0,16.42,13.0,6.47,0.718,0.24400000000000002,16.89,9.16,13.37,22.52,40.5,12.79,486.0,0.26,107.0,22.02,31.0,6.38,0.798,0.2229999999999999,22.13,11.37,14.84,26.21,37.22,15.21,29.0,0.296,10.0,34.48,2.0,6.9,0.752,0.11099999999999999,35.82,19.83,9.92,29.75,42.03,25.0,88.0,0.315,13.0,14.77,11.0,12.5,1.012,0.288,26.76,11.52,14.24,25.76,25.7,20.0
747024,2024-06-15,2024,676059,R,614179,R,field_out,False,False,200.0,0.308,33.0,16.5,12.0,6.0,0.909,0.23600000000000004,25.59,12.95,15.06,28.01,29.9,13.45,146.0,0.246,33.0,22.6,8.0,5.48,0.6779999999999999,0.142,22.97,11.73,16.25,27.98,29.59,19.76,40.0,0.235,8.0,20.0,3.0,7.5,0.624,0.08900000000000002,30.38,15.79,16.45,32.24,38.03,16.0,119.0,0.276,26.0,21.85,10.0,8.4,0.8280000000000001,0.191,31.2,14.75,13.94,28.69,29.14,16.03
747024,2024-06-15,2024,656775,L,614179,R,field_out,False,False,155.0,0.199,39.0,25.16,11.0,7.1,0.608,0.15599999999999997,19.93,10.4,13.34,23.74,28.52,21.79,336.0,0.233,77.0,22.92,31.0,9.23,0.726,0.1889999999999999,26.24,13.25,14.23,27.48,28.99,18.95,29.0,0.296,10.0,34.48,2.0,6.9,0.752,0.11099999999999999,35.82,19.83,9.92,29.75,42.03,25.0,88.0,0.315,13.0,14.77,11.0,12.5,1.012,0.288,26.76,11.52,14.24,25.76,25.7,20.0
747024,2024-06-15,2024,669720,R,614179,R,single,False,False,71.0,0.159,12.0,16.9,4.0,5.63,0.556,0.158,23.73,12.56,13.0,25.56,28.3,23.08,399.0,0.28,104.0,26.07,22.0,5.51,0.762,0.1589999999999999,29.22,13.77,18.52,32.29,31.55,22.92,40.0,0.235,8.0,20.0,3.0,7.5,0.624,0.08900000000000002,30.38,15.79,16.45,32.24,38.03,16.0,119.0,0.276,26.0,21.85,10.0,8.4,0.8280000000000001,0.191,31.2,14.75,13.94,28.69,29.14,16.03
747024,2024-06-15,2024,602104,R,614179,R,single,False,False,69.0,0.231,12.0,17.39,3.0,4.35,0.675,0.169,28.0,13.83,13.44,27.27,25.95,17.14,272.0,0.274,72.0,26.47,17.0,6.25,0.726,0.1169999999999999,29.67,14.82,16.24,31.07,27.7,24.41,40.0,0.235,8.0,20.0,3.0,7.5,0.624,0.08900000000000002,30.38,15.79,16.45,32.24,38.03,16.0,119.0,0.276,26.0,21.85,10.0,8.4,0.8280000000000001,0.191,31.2,14.75,13.94,28.69,29.14,16.03
747024,2024-06-15,2024,683002,L,614179,R,single,False,False,211.0,0.263,46.0,21.8,21.0,9.95,0.943,0.33399999999999996,25.4,11.71,14.3,26.02,23.21,22.89,455.0,0.272,117.0,25.71,38.0,8.35,0.885,0.277,25.57,12.07,15.7,27.78,26.4,22.35,29.0,0.296,10.0,34.48,2.0,6.9,0.752,0.11099999999999999,35.82,19.83,9.92,29.75,42.03,25.0,88.0,0.315,13.0,14.77,11.0,12.5,1.012,0.288,26.76,11.52,14.24,25.76,25.7,20.0
747024,2024-06-15,2024,668939,L,614179,R,field_out,False,False,198.0,0.232,42.0,21.21,14.0,7.07,0.653,0.13299999999999998,22.22,10.5,19.5,30.0,33.75,17.72,496.0,0.267,80.0,16.13,61.0,12.3,0.778,0.1519999999999999,16.76,6.91,19.7,26.61,24.41,12.54,29.0,0.296,10.0,34.48,2.0,6.9,0.752,0.11099999999999999,35.82,19.83,9.92,29.75,42.03,25.0,88.0,0.315,13.0,14.77,11.0,12.5,1.012,0.288,26.76,11.52,14.24,25.76,25.7,20.0
747024,2024-06-15,2024,681082,L,518886,R,walk,False,True,179.0,0.233,25.0,13.97,22.0,12.29,0.71,0.147,17.52,7.51,21.72,29.23,26.76,12.02,474.0,0.28,76.0,16.03,26.0,5.49,0.753,0.1509999999999999,14.49,6.52,22.08,28.6,28.42,11.93,45.0,0.171,19.0,42.22,3.0,6.67,0.5680000000000001,0.17,28.4,12.37,23.12,35.48,25.0,31.67,116.0,0.184,38.0,32.76,14.0,12.07,0.608,0.122,35.96,16.91,15.67,32.58,30.67,23.6
747024,2024-06-15,2024,624641,R,518886,R,strikeout,True,False,81.0,0.243,22.0,27.16,3.0,3.7,0.6419999999999999,0.10799999999999998,36.93,19.88,11.62,31.5,42.78,20.75,176.0,0.239,41.0,23.3,5.0,2.84,0.669,0.148,29.23,17.12,12.31,29.43,41.96,19.16,55.0,0.156,16.0,29.09,7.0,12.73,0.469,0.021999999999999992,29.35,11.39,18.14,29.54,19.2,28.57,162.0,0.179,56.0,34.57,14.0,8.64,0.614,0.18,31.13,14.35,18.32,32.67,27.59,25.81
747024,2024-06-15,2024,669016,L,518886,R,strikeout,True,False,143.0,0.304,34.0,23.78,16.0,11.19,0.884,0.2,21.88,8.76,18.15,26.92,22.97,16.75,363.0,0.292,101.0,27.82,47.0,12.95,0.864,0.185,25.19,10.97,17.37,28.35,25.74,21.31,45.0,0.171,19.0,42.22,3.0,6.67,0.5680000000000001,0.17,28.4,12.37,23.12,35.48,25.0,31.67,116.0,0.184,38.0,32.76,14.0,12.07,0.608,0.122,35.96,16.91,15.67,32.58,30.67,23.6
747024,2024-06-15,2024,596117,L,518886,R,strikeout,True,False,43.0,0.205,11.0,25.58,4.0,9.3,0.51,0.026000000000000023,26.32,12.66,20.89,33.54,32.89,25.58,94.0,0.19,22.0,23.4,7.0,7.45,0.5549999999999999,0.0959999999999999,24.71,11.35,19.19,30.54,31.94,18.8,45.0,0.171,19.0,42.22,3.0,6.67,0.5680000000000001,0.17,28.4,12.37,23.12,35.48,25.0,31.67,116.0,0.184,38.0,32.76,14.0,12.07,0.608,0.122,35.96,16.91,15.67,32.58,30.67,23.6
745329,2024-06-15,2024,694384,L,676775,R,field_out,False,False,198.0,0.225,36.0,18.18,14.0,7.07,0.626,0.11200000000000002,16.11,6.86,21.99,28.85,25.13,15.15,104.0,0.291,15.0,14.42,14.0,13.46,0.7569999999999999,0.0579999999999999,18.78,8.02,17.92,25.94,20.47,11.45,92.0,0.2,24.0,26.09,10.0,10.87,0.6479999999999999,0.16199999999999998,25.99,12.74,15.51,28.25,32.6,23.53,70.0,0.273,14.0,20.0,3.0,4.29,0.784,0.1969999999999999,29.63,15.44,14.67,30.12,35.38,19.44
745329,2024-06-15,2024,650859,L,676775,R,double,False,False,165.0,0.282,22.0,13.33,10.0,6.06,0.718,0.10100000000000003,20.06,10.62,12.31,22.93,32.61,12.57,322.0,0.24,60.0,18.63,31.0,9.63,0.7270000000000001,0.166,24.18,11.79,13.87,25.66,28.19,14.39,92.0,0.2,24.0,26.09,10.0,10.87,0.6479999999999999,0.16199999999999998,25.99,12.74,15.51,28.25,32.6,23.53,70.0,0.273,14.0,20.0,3.0,4.29,0.784,0.1969999999999999,29.63,15.44,14.67,30.12,35.38,19.44
745329,2024-06-15,2024,621493,R,676775,R,field_out,False,False,224.0,0.215,53.0,23.66,25.0,11.16,0.71,0.19499999999999998,23.18,9.87,19.52,29.39,18.59,20.97,295.0,0.233,61.0,20.68,27.0,9.15,0.702,0.148,23.43,10.4,15.98,26.37,23.09,17.78,108.0,0.316,16.0,14.81,7.0,6.48,0.93,0.23100000000000004,22.49,12.3,14.14,26.44,34.76,13.11,103.0,0.2,21.0,20.39,5.0,4.85,0.648,0.178,31.46,16.72,15.52,32.24,29.49,23.26
745329,2024-06-15,2024,607680,R,676775,R,strikeout,True,False,83.0,0.247,14.0,16.87,5.0,6.02,0.769,0.20500000000000002,20.26,10.2,15.79,25.99,34.38,14.14,95.0,0.202,22.0,23.16,4.0,4.21,0.58,0.1459999999999999,23.46,13.0,15.17,28.17,39.61,20.95,108.0,0.316,16.0,14.81,7.0,6.48,0.93,0.23100000000000004,22.49,12.3,14.14,26.44,34.76,13.11,103.0,0.2,21.0,20.39,5.0,4.85,0.648,0.178,31.46,16.72,15.52,32.24,29.49,23.26
745329,2024-06-15,2024,596103,R,663776,L,single,False,False,55.0,0.196,13.0,23.64,8.0,14.55,0.523,0.0,27.84,11.69,16.88,28.57,18.33,17.81,147.0,0.288,40.0,27.21,13.0,8.84,0.8,0.151,27.27,11.44,19.76,31.2,22.15,21.51,269.0,0.276,59.0,21.93,24.0,8.92,0.7410000000000001,0.127,27.27,12.73,16.43,29.15,27.72,18.21,539.0,0.262,108.0,20.04,66.0,12.24,0.746,0.129,28.03,12.89,16.14,29.04,27.7,16.95
745329,2024-06-15,2024,671218,R,663776,L,home_run,False,False,40.0,0.393,8.0,20.0,10.0,25.0,1.479,0.536,26.88,12.69,10.15,22.84,20.79,10.96,46.0,0.186,16.0,34.78,3.0,6.52,0.588,0.1629999999999999,32.35,16.67,13.64,30.3,30.21,23.53,269.0,0.276,59.0,21.93,24.0,8.92,0.7410000000000001,0.127,27.27,12.73,16.43,29.15,27.72,18.21,539.0,0.262,108.0,20.04,66.0,12.24,0.746,0.129,28.03,12.89,16.14,29.04,27.7,16.95
745329,2024-06-15,2024,527038,R,663776,L,field_out,False,False,87.0,0.237,10.0,11.49,7.0,8.05,0.673,0.14500000000000002,11.92,5.29,19.41,24.71,26.67,10.1,182.0,0.303,28.0,15.38,14.0,7.69,0.886,0.224,17.07,7.55,21.16,28.71,29.47,12.17,269.0,0.276,59.0,21.93,24.0,8.92,0.7410000000000001,0.127,27.27,12.73,16.43,29.15,27.72,18.21,539.0,0.262,108.0,20.04,66.0,12.24,0.746,0.129,28.03,12.89,16.14,29.04,27.7,16.95
745329,2024-06-15,2024,656305,R,663776,L,single,False,False,74.0,0.333,12.0,16.22,8.0,10.81,0.981,0.24299999999999994,13.79,6.54,16.01,22.55,26.0,12.12,113.0,0.307,26.0,23.01,10.0,8.85,0.89,0.208,30.77,13.88,17.35,31.24,20.45,17.81,269.0,0.276,59.0,21.93,24.0,8.92,0.7410000000000001,0.127,27.27,12.73,16.43,29.15,27.72,18.21,539.0,0.262,108.0,20.04,66.0,12.24,0.746,0.129,28.03,12.89,16.14,29.04,27.7,16.95
745329,2024-06-15,2024,624585,R,663776,L,single,False,False,68.0,0.254,16.0,23.53,7.0,10.29,0.8109999999999999,0.20400000000000001,29.92,13.97,13.97,27.94,29.87,20.0,135.0,0.277,30.0,22.22,20.0,14.81,1.081,0.4109999999999999,26.29,11.6,16.16,27.76,25.27,18.75,269.0,0.276,59.0,21.93,24.0,8.92,0.7410000000000001,0.127,27.27,12.73,16.43,29.15,27.72,18.21,539.0,0.262,108.0,20.04,66.0,12.24,0.746,0.129,28.03,12.89,16.14,29.04,27.7,16.95
745329,2024-06-15,2024,642731,R,663776,L,field_out,False,False,69.0,0.215,12.0,17.39,3.0,4.35,0.6,0.13899999999999998,19.83,10.62,17.7,28.32,36.61,20.69,150.0,0.257,36.0,24.0,7.0,4.67,0.643,0.079,21.99,10.73,18.17,28.89,37.46,20.57,269.0,0.276,59.0,21.93,24.0,8.92,0.7410000000000001,0.127,27.27,12.73,16.43,29.15,27.72,18.21,539.0,0.262,108.0,20.04,66.0,12.24,0.746,0.129,28.03,12.89,16.14,29.04,27.7,16.95
745329,2024-06-15,2024,573262,L,663776,L,field_out,False,False,27.0,0.227,8.0,29.63,3.0,11.11,0.688,0.091,36.96,15.89,13.08,28.97,23.21,38.1,85.0,0.203,24.0,28.24,5.0,5.88,0.5920000000000001,0.139,23.31,9.57,22.84,32.41,18.67,26.37,50.0,0.205,16.0,32.0,7.0,14.0,0.675,0.10300000000000001,28.24,11.37,19.91,31.28,27.18,23.88,114.0,0.228,20.0,17.54,8.0,7.02,0.589,0.0689999999999999,26.17,12.61,14.41,27.03,35.18,16.39
745329,2024-06-15,2024,681351,R,676775,R,field_out,False,False,166.0,0.296,39.0,23.49,11.0,6.63,0.819,0.17100000000000004,32.49,16.27,15.48,31.75,33.92,18.27,154.0,0.22,38.0,24.68,9.0,5.84,0.757,0.262,32.06,17.0,13.8,30.81,36.07,19.69,108.0,0.316,16.0,14.81,7.0,6.48,0.93,0.23100000000000004,22.49,12.3,14.14,26.44,34.76,13.11,103.0,0.2,21.0,20.39,5.0,4.85,0.648,0.178,31.46,16.72,15.52,32.24,29.49,23.26
745329,2024-06-15,2024,687263,R,676775,R,strikeout,True,False,205.0,0.217,50.0,24.39,12.0,5.85,0.688,0.19599999999999998,28.5,14.55,15.45,30.0,33.58,21.46,262.0,0.222,62.0,23.66,18.0,6.87,0.6599999999999999,0.1349999999999999,28.77,13.7,16.19,29.89,23.52,18.84,108.0,0.316,16.0,14.81,7.0,6.48,0.93,0.23100000000000004,22.49,12.3,14.14,26.44,34.76,13.11,103.0,0.2,21.0,20.39,5.0,4.85,0.648,0.178,31.46,16.72,15.52,32.24,29.49,23.26
745329,2024-06-15,2024,666160,L,676775,R,home_run,False,False,157.0,0.204,39.0,24.84,10.0,6.37,0.554,0.095,27.12,15.34,11.82,27.16,36.31,18.48,259.0,0.293,93.0,35.91,7.0,2.7,0.8620000000000001,0.249,38.62,24.01,9.43,33.44,46.84,30.07,92.0,0.2,24.0,26.09,10.0,10.87,0.6479999999999999,0.16199999999999998,25.99,12.74,15.51,28.25,32.6,23.53,70.0,0.273,14.0,20.0,3.0,4.29,0.784,0.1969999999999999,29.63,15.44,14.67,30.12,35.38,19.44
745329,2024-06-15,2024,666176,R,676775,R,strikeout,True,False,153.0,0.176,51.0,33.33,9.0,5.88,0.5740000000000001,0.15500000000000003,30.29,14.83,14.67,29.51,30.06,23.29,43.0,0.205,18.0,41.86,4.0,9.3,0.7150000000000001,0.231,40.66,20.67,14.53,35.2,30.34,25.35,108.0,0.316,16.0,14.81,7.0,6.48,0.93,0.23100000000000004,22.49,12.3,14.14,26.44,34.76,13.11,103.0,0.2,21.0,20.39,5.0,4.85,0.648,0.178,31.46,16.72,15.52,32.24,29.49,23.26
745329,2024-06-15,2024,605113,R,663776,L,field_out,False,False,45.0,0.341,7.0,15.56,3.0,6.67,0.7929999999999999,0.07399999999999995,19.77,10.62,14.37,25.0,29.41,19.44,122.0,0.155,28.0,22.95,6.0,4.92,0.404,0.0519999999999999,27.59,14.1,16.52,30.62,34.51,20.74,269.0,0.276,59.0,21.93,24.0,8.92,0.7410000000000001,0.127,27.27,12.73,16.43,29.15,27.72,18.21,539.0,0.262,108.0,20.04,66.0,12.24,0.746,0.129,28.03,12.89,16.14,29.04,27.7,16.95
745329,2024-06-15,2024,592200,R,663776,L,double,False,False,16.0,0.071,2.0,12.5,2.0,12.5,0.259,0.0,8.7,3.23,17.74,20.97,16.67,16.67,33.0,0.185,5.0,15.15,5.0,15.15,0.534,0.037,20.59,9.79,11.19,20.98,18.06,8.47,269.0,0.276,59.0,21.93,24.0,8.92,0.7410000000000001,0.127,27.27,12.73,16.43,29.15,27.72,18.21,539.0,0.262,108.0,20.04,66.0,12.24,0.746,0.129,28.03,12.89,16.14,29.04,27.7,16.95
745329,2024-06-15,2024,596103,R,663776,L,strikeout,True,False,55.0,0.196,13.0,23.64,8.0,14.55,0.523,0.0,27.84,11.69,16.88,28.57,18.33,17.81,147.0,0.288,40.0,27.21,13.0,8.84,0.8,0.151,27.27,11.44,19.76,31.2,22.15,21.51,269.0,0.276,59.0,21.93,24.0,8.92,0.7410000000000001,0.127,27.27,12.73,16.43,29.15,27.72,18.21,539.0,0.262,108.0,20.04,66.0,12.24,0.746,0.129,28.03,12.89,16.14,29.04,27.7,16.95
745329,2024-06-15,2024,671218,R,663776,L,field_out,False,False,40.0,0.393,8.0,20.0,10.0,25.0,1.479,0.536,26.88,12.69,10.15,22.84,20.79,10.96,46.0,0.186,16.0,34.78,3.0,6.52,0.588,0.1629999999999999,32.35,16.67,13.64,30.3,30.21,23.53,269.0,0.276,59.0,21.93,24.0,8.92,0.7410000000000001,0.127,27.27,12.73,16.43,29.15,27.72,18.21,539.0,0.262,108.0,20.04,66.0,12.24,0.746,0.129,28.03,12.89,16.14,29.04,27.7,16.95
745329,2024-06-15,2024,641645,L,676775,R,field_out,False,False,70.0,0.258,12.0,17.14,7.0,10.0,0.6839999999999999,0.09699999999999998,20.8,9.39,17.33,26.71,26.28,15.38,96.0,0.218,19.0,19.79,8.0,8.33,0.591,0.092,15.23,6.02,21.47,27.49,22.05,19.79,92.0,0.2,24.0,26.09,10.0,10.87,0.6479999999999999,0.16199999999999998,25.99,12.74,15.51,28.25,32.6,23.53,70.0,0.273,14.0,20.0,3.0,4.29,0.784,0.1969999999999999,29.63,15.44,14.67,30.12,35.38,19.44
745329,2024-06-15,2024,694384,L,676775,R,walk,False,True,198.0,0.225,36.0,18.18,14.0,7.07,0.626,0.11200000000000002,16.11,6.86,21.99,28.85,25.13,15.15,104.0,0.291,15.0,14.42,14.0,13.46,0.7569999999999999,0.0579999999999999,18.78,8.02,17.92,25.94,20.47,11.45,92.0,0.2,24.0,26.09,10.0,10.87,0.6479999999999999,0.16199999999999998,25.99,12.74,15.51,28.25,32.6,23.53,70.0,0.273,14.0,20.0,3.0,4.29,0.784,0.1969999999999999,29.63,15.44,14.67,30.12,35.38,19.44
745329,2024-06-15,2024,650859,L,676775,R,strikeout,True,False,165.0,0.282,22.0,13.33,10.0,6.06,0.718,0.10100000000000003,20.06,10.62,12.31,22.93,32.61,12.57,322.0,0.24,60.0,18.63,31.0,9.63,0.7270000000000001,0.166,24.18,11.79,13.87,25.66,28.19,14.39,92.0,0.2,24.0,26.09,10.0,10.87,0.6479999999999999,0.16199999999999998,25.99,12.74,15.51,28.25,32.6,23.53,70.0,0.273,14.0,20.0,3.0,4.29,0.784,0.1969999999999999,29.63,15.44,14.67,30.12,35.38,19.44
745329,2024-06-15,2024,621493,R,676775,R,strikeout,True,False,224.0,0.215,53.0,23.66,25.0,11.16,0.71,0.19499999999999998,23.18,9.87,19.52,29.39,18.59,20.97,295.0,0.233,61.0,20.68,27.0,9.15,0.702,0.148,23.43,10.4,15.98,26.37,23.09,17.78,108.0,0.316,16.0,14.81,7.0,6.48,0.93,0.23100000000000004,22.49,12.3,14.14,26.44,34.76,13.11,103.0,0.2,21.0,20.39,5.0,4.85,0.648,0.178,31.46,16.72,15.52,32.24,29.49,23.26
745329,2024-06-15,2024,527038,R,663776,L,strikeout,True,False,87.0,0.237,10.0,11.49,7.0,8.05,0.673,0.14500000000000002,11.92,5.29,19.41,24.71,26.67,10.1,182.0,0.303,28.0,15.38,14.0,7.69,0.886,0.224,17.07,7.55,21.16,28.71,29.47,12.17,269.0,0.276,59.0,21.93,24.0,8.92,0.7410000000000001,0.127,27.27,12.73,16.43,29.15,27.72,18.21,539.0,0.262,108.0,20.04,66.0,12.24,0.746,0.129,28.03,12.89,16.14,29.04,27.7,16.95
745329,2024-06-15,2024,656305,R,663776,L,strikeout,True,False,74.0,0.333,12.0,16.22,8.0,10.81,0.981,0.24299999999999994,13.79,6.54,16.01,22.55,26.0,12.12,113.0,0.307,26.0,23.01,10.0,8.85,0.89,0.208,30.77,13.88,17.35,31.24,20.45,17.81,269.0,0.276,59.0,21.93,24.0,8.92,0.7410000000000001,0.127,27.27,12.73,16.43,29.15,27.72,18.21,539.0,0.262,108.0,20.04,66.0,12.24,0.746,0.129,28.03,12.89,16.14,29.04,27.7,16.95
745329,2024-06-15,2024,624585,R,663776,L,strikeout,True,False,68.0,0.254,16.0,23.53,7.0,10.29,0.8109999999999999,0.20400000000000001,29.92,13.97,13.97,27.94,29.87,20.0,135.0,0.277,30.0,22.22,20.0,14.81,1.081,0.4109999999999999,26.29,11.6,16.16,27.76,25.27,18.75,269.0,0.276,59.0,21.93,24.0,8.92,0.7410000000000001,0.127,27.27,12.73,16.43,29.15,27.72,18.21,539.0,0.262,108.0,20.04,66.0,12.24,0.746,0.129,28.03,12.89,16.14,29.04,27.7,16.95
745329,2024-06-15,2024,607680,R,676775,R,field_out,False,False,83.0,0.247,14.0,16.87,5.0,6.02,0.769,0.20500000000000002,20.26,10.2,15.79,25.99,34.38,14.14,95.0,0.202,22.0,23.16,4.0,4.21,0.58,0.1459999999999999,23.46,13.0,15.17,28.17,39.61,20.95,108.0,0.316,16.0,14.81,7.0,6.48,0.93,0.23100000000000004,22.49,12.3,14.14,26.44,34.76,13.11,103.0,0.2,21.0,20.39,5.0,4.85,0.648,0.178,31.46,16.72,15.52,32.24,29.49,23.26
745329,2024-06-15,2024,681351,R,676775,R,single,False,False,166.0,0.296,39.0,23.49,11.0,6.63,0.819,0.17100000000000004,32.49,16.27,15.48,31.75,33.92,18.27,154.0,0.22,38.0,24.68,9.0,5.84,0.757,0.262,32.06,17.0,13.8,30.81,36.07,19.69,108.0,0.316,16.0,14.81,7.0,6.48,0.93,0.23100000000000004,22.49,12.3,14.14,26.44,34.76,13.11,103.0,0.2,21.0,20.39,5.0,4.85,0.648,0.178,31.46,16.72,15.52,32.24,29.49,23.26
745329,2024-06-15,2024,687263,R,676775,R,field_out,False,False,205.0,0.217,50.0,24.39,12.0,5.85,0.688,0.19599999999999998,28.5,14.55,15.45,30.0,33.58,21.46,262.0,0.222,62.0,23.66,18.0,6.87,0.6599999999999999,0.1349999999999999,28.77,13.7,16.19,29.89,23.52,18.84,108.0,0.316,16.0,14.81,7.0,6.48,0.93,0.23100000000000004,22.49,12.3,14.14,26.44,34.76,13.11,103.0,0.2,21.0,20.39,5.0,4.85,0.648,0.178,31.46,16.72,15.52,32.24,29.49,23.26
745329,2024-06-15,2024,666160,L,676775,R,field_out,False,False,157.0,0.204,39.0,24.84,10.0,6.37,0.554,0.095,27.12,15.34,11.82,27.16,36.31,18.48,259.0,0.293,93.0,35.91,7.0,2.7,0.8620000000000001,0.249,38.62,24.01,9.43,33.44,46.84,30.07,92.0,0.2,24.0,26.09,10.0,10.87,0.6479999999999999,0.16199999999999998,25.99,12.74,15.51,28.25,32.6,23.53,70.0,0.273,14.0,20.0,3.0,4.29,0.784,0.1969999999999999,29.63,15.44,14.67,30.12,35.38,19.44
745329,2024-06-15,2024,642731,R,663776,L,single,False,False,69.0,0.215,12.0,17.39,3.0,4.35,0.6,0.13899999999999998,19.83,10.62,17.7,28.32,36.61,20.69,150.0,0.257,36.0,24.0,7.0,4.67,0.643,0.079,21.99,10.73,18.17,28.89,37.46,20.57,269.0,0.276,59.0,21.93,24.0,8.92,0.7410000000000001,0.127,27.27,12.73,16.43,29.15,27.72,18.21,539.0,0.262,108.0,20.04,66.0,12.24,0.746,0.129,28.03,12.89,16.14,29.04,27.7,16.95
745329,2024-06-15,2024,573262,L,663776,L,grounded_into_double_play,False,False,27.0,0.227,8.0,29.63,3.0,11.11,0.688,0.091,36.96,15.89,13.08,28.97,23.21,38.1,85.0,0.203,24.0,28.24,5.0,5.88,0.5920000000000001,0.139,23.31,9.57,22.84,32.41,18.67,26.37,50.0,0.205,16.0,32.0,7.0,14.0,0.675,0.10300000000000001,28.24,11.37,19.91,31.28,27.18,23.88,114.0,0.228,20.0,17.54,8.0,7.02,0.589,0.0689999999999999,26.17,12.61,14.41,27.03,35.18,16.39
745329,2024-06-15,2024,605113,R,663776,L,field_out,False,False,45.0,0.341,7.0,15.56,3.0,6.67,0.7929999999999999,0.07399999999999995,19.77,10.62,14.37,25.0,29.41,19.44,122.0,0.155,28.0,22.95,6.0,4.92,0.404,0.0519999999999999,27.59,14.1,16.52,30.62,34.51,20.74,269.0,0.276,59.0,21.93,24.0,8.92,0.7410000000000001,0.127,27.27,12.73,16.43,29.15,27.72,18.21,539.0,0.262,108.0,20.04,66.0,12.24,0.746,0.129,28.03,12.89,16.14,29.04,27.7,16.95
745329,2024-06-15,2024,666176,R,676775,R,strikeout,True,False,153.0,0.176,51.0,33.33,9.0,5.88,0.5740000000000001,0.15500000000000003,30.29,14.83,14.67,29.51,30.06,23.29,43.0,0.205,18.0,41.86,4.0,9.3,0.7150000000000001,0.231,40.66,20.67,14.53,35.2,30.34,25.35,108.0,0.316,16.0,14.81,7.0,6.48,0.93,0.23100000000000004,22.49,12.3,14.14,26.44,34.76,13.11,103.0,0.2,21.0,20.39,5.0,4.85,0.648,0.178,31.46,16.72,15.52,32.24,29.49,23.26
745329,2024-06-15,2024,641645,L,676775,R,single,False,False,70.0,0.258,12.0,17.14,7.0,10.0,0.6839999999999999,0.09699999999999998,20.8,9.39,17.33,26.71,26.28,15.38,96.0,0.218,19.0,19.79,8.0,8.33,0.591,0.092,15.23,6.02,21.47,27.49,22.05,19.79,92.0,0.2,24.0,26.09,10.0,10.87,0.6479999999999999,0.16199999999999998,25.99,12.74,15.51,28.25,32.6,23.53,70.0,0.273,14.0,20.0,3.0,4.29,0.784,0.1969999999999999,29.63,15.44,14.67,30.12,35.38,19.44
745329,2024-06-15,2024,694384,L,676775,R,field_out,False,False,198.0,0.225,36.0,18.18,14.0,7.07,0.626,0.11200000000000002,16.11,6.86,21.99,28.85,25.13,15.15,104.0,0.291,15.0,14.42,14.0,13.46,0.7569999999999999,0.0579999999999999,18.78,8.02,17.92,25.94,20.47,11.45,92.0,0.2,24.0,26.09,10.0,10.87,0.6479999999999999,0.16199999999999998,25.99,12.74,15.51,28.25,32.6,23.53,70.0,0.273,14.0,20.0,3.0,4.29,0.784,0.1969999999999999,29.63,15.44,14.67,30.12,35.38,19.44
745329,2024-06-15,2024,650859,L,676775,R,field_out,False,False,165.0,0.282,22.0,13.33,10.0,6.06,0.718,0.10100000000000003,20.06,10.62,12.31,22.93,32.61,12.57,322.0,0.24,60.0,18.63,31.0,9.63,0.7270000000000001,0.166,24.18,11.79,13.87,25.66,28.19,14.39,92.0,0.2,24.0,26.09,10.0,10.87,0.6479999999999999,0.16199999999999998,25.99,12.74,15.51,28.25,32.6,23.53,70.0,0.273,14.0,20.0,3.0,4.29,0.784,0.1969999999999999,29.63,15.44,14.67,30.12,35.38,19.44
745329,2024-06-15,2024,592200,R,663776,L,single,False,False,16.0,0.071,2.0,12.5,2.0,12.5,0.259,0.0,8.7,3.23,17.74,20.97,16.67,16.67,33.0,0.185,5.0,15.15,5.0,15.15,0.534,0.037,20.59,9.79,11.19,20.98,18.06,8.47,269.0,0.276,59.0,21.93,24.0,8.92,0.7410000000000001,0.127,27.27,12.73,16.43,29.15,27.72,18.21,539.0,0.262,108.0,20.04,66.0,12.24,0.746,0.129,28.03,12.89,16.14,29.04,27.7,16.95
745329,2024-06-15,2024,596103,R,663776,L,walk,False,True,55.0,0.196,13.0,23.64,8.0,14.55,0.523,0.0,27.84,11.69,16.88,28.57,18.33,17.81,147.0,0.288,40.0,27.21,13.0,8.84,0.8,0.151,27.27,11.44,19.76,31.2,22.15,21.51,269.0,0.276,59.0,21.93,24.0,8.92,0.7410000000000001,0.127,27.27,12.73,16.43,29.15,27.72,18.21,539.0,0.262,108.0,20.04,66.0,12.24,0.746,0.129,28.03,12.89,16.14,29.04,27.7,16.95
745329,2024-06-15,2024,671218,R,663776,L,double,False,False,40.0,0.393,8.0,20.0,10.0,25.0,1.479,0.536,26.88,12.69,10.15,22.84,20.79,10.96,46.0,0.186,16.0,34.78,3.0,6.52,0.588,0.1629999999999999,32.35,16.67,13.64,30.3,30.21,23.53,269.0,0.276,59.0,21.93,24.0,8.92,0.7410000000000001,0.127,27.27,12.73,16.43,29.15,27.72,18.21,539.0,0.262,108.0,20.04,66.0,12.24,0.746,0.129,28.03,12.89,16.14,29.04,27.7,16.95
745329,2024-06-15,2024,527038,R,663776,L,field_out,False,False,87.0,0.237,10.0,11.49,7.0,8.05,0.673,0.14500000000000002,11.92,5.29,19.41,24.71,26.67,10.1,182.0,0.303,28.0,15.38,14.0,7.69,0.886,0.224,17.07,7.55,21.16,28.71,29.47,12.17,269.0,0.276,59.0,21.93,24.0,8.92,0.7410000000000001,0.127,27.27,12.73,16.43,29.15,27.72,18.21,539.0,0.262,108.0,20.04,66.0,12.24,0.746,0.129,28.03,12.89,16.14,29.04,27.7,16.95
745329,2024-06-15,2024,656305,R,663776,L,intent_walk,False,True,74.0,0.333,12.0,16.22,8.0,10.81,0.981,0.24299999999999994,13.79,6.54,16.01,22.55,26.0,12.12,113.0,0.307,26.0,23.01,10.0,8.85,0.89,0.208,30.77,13.88,17.35,31.24,20.45,17.81,269.0,0.276,59.0,21.93,24.0,8.92,0.7410000000000001,0.127,27.27,12.73,16.43,29.15,27.72,18.21,539.0,0.262,108.0,20.04,66.0,12.24,0.746,0.129,28.03,12.89,16.14,29.04,27.7,16.95
745329,2024-06-15,2024,624585,R,663776,L,strikeout,True,False,68.0,0.254,16.0,23.53,7.0,10.29,0.8109999999999999,0.20400000000000001,29.92,13.97,13.97,27.94,29.87,20.0,135.0,0.277,30.0,22.22,20.0,14.81,1.081,0.4109999999999999,26.29,11.6,16.16,27.76,25.27,18.75,269.0,0.276,59.0,21.93,24.0,8.92,0.7410000000000001,0.127,27.27,12.73,16.43,29.15,27.72,18.21,539.0,0.262,108.0,20.04,66.0,12.24,0.746,0.129,28.03,12.89,16.14,29.04,27.7,16.95
745329,2024-06-15,2024,642731,R,663776,L,field_out,False,False,69.0,0.215,12.0,17.39,3.0,4.35,0.6,0.13899999999999998,19.83,10.62,17.7,28.32,36.61,20.69,150.0,0.257,36.0,24.0,7.0,4.67,0.643,0.079,21.99,10.73,18.17,28.89,37.46,20.57,269.0,0.276,59.0,21.93,24.0,8.92,0.7410000000000001,0.127,27.27,12.73,16.43,29.15,27.72,18.21,539.0,0.262,108.0,20.04,66.0,12.24,0.746,0.129,28.03,12.89,16.14,29.04,27.7,16.95
745329,2024-06-15,2024,621493,R,676775,R,walk,False,True,224.0,0.215,53.0,23.66,25.0,11.16,0.71,0.19499999999999998,23.18,9.87,19.52,29.39,18.59,20.97,295.0,0.233,61.0,20.68,27.0,9.15,0.702,0.148,23.43,10.4,15.98,26.37,23.09,17.78,108.0,0.316,16.0,14.81,7.0,6.48,0.93,0.23100000000000004,22.49,12.3,14.14,26.44,34.76,13.11,103.0,0.2,21.0,20.39,5.0,4.85,0.648,0.178,31.46,16.72,15.52,32.24,29.49,23.26
745329,2024-06-15,2024,607680,R,676775,R,field_out,False,False,83.0,0.247,14.0,16.87,5.0,6.02,0.769,0.20500000000000002,20.26,10.2,15.79,25.99,34.38,14.14,95.0,0.202,22.0,23.16,4.0,4.21,0.58,0.1459999999999999,23.46,13.0,15.17,28.17,39.61,20.95,108.0,0.316,16.0,14.81,7.0,6.48,0.93,0.23100000000000004,22.49,12.3,14.14,26.44,34.76,13.11,103.0,0.2,21.0,20.39,5.0,4.85,0.648,0.178,31.46,16.72,15.52,32.24,29.49,23.26
745329,2024-06-15,2024,681351,R,676775,R,home_run,False,False,166.0,0.296,39.0,23.49,11.0,6.63,0.819,0.17100000000000004,32.49,16.27,15.48,31.75,33.92,18.27,154.0,0.22,38.0,24.68,9.0,5.84,0.757,0.262,32.06,17.0,13.8,30.81,36.07,19.69,108.0,0.316,16.0,14.81,7.0,6.48,0.93,0.23100000000000004,22.49,12.3,14.14,26.44,34.76,13.11,103.0,0.2,21.0,20.39,5.0,4.85,0.648,0.178,31.46,16.72,15.52,32.24,29.49,23.26
745329,2024-06-15,2024,687263,R,676775,R,field_out,False,False,205.0,0.217,50.0,24.39,12.0,5.85,0.688,0.19599999999999998,28.5,14.55,15.45,30.0,33.58,21.46,262.0,0.222,62.0,23.66,18.0,6.87,0.6599999999999999,0.1349999999999999,28.77,13.7,16.19,29.89,23.52,18.84,108.0,0.316,16.0,14.81,7.0,6.48,0.93,0.23100000000000004,22.49,12.3,14.14,26.44,34.76,13.11,103.0,0.2,21.0,20.39,5.0,4.85,0.648,0.178,31.46,16.72,15.52,32.24,29.49,23.26
745329,2024-06-15,2024,666160,L,676775,R,field_out,False,False,157.0,0.204,39.0,24.84,10.0,6.37,0.554,0.095,27.12,15.34,11.82,27.16,36.31,18.48,259.0,0.293,93.0,35.91,7.0,2.7,0.8620000000000001,0.249,38.62,24.01,9.43,33.44,46.84,30.07,92.0,0.2,24.0,26.09,10.0,10.87,0.6479999999999999,0.16199999999999998,25.99,12.74,15.51,28.25,32.6,23.53,70.0,0.273,14.0,20.0,3.0,4.29,0.784,0.1969999999999999,29.63,15.44,14.67,30.12,35.38,19.44
745329,2024-06-15,2024,573262,L,519043,L,field_out,False,False,27.0,0.227,8.0,29.63,3.0,11.11,0.688,0.091,36.96,15.89,13.08,28.97,23.21,38.1,85.0,0.203,24.0,28.24,5.0,5.88,0.5920000000000001,0.139,23.31,9.57,22.84,32.41,18.67,26.37,45.0,0.205,9.0,20.0,6.0,13.33,0.696,0.18000000000000002,24.42,10.94,16.67,27.6,26.73,15.25,62.0,0.268,12.0,19.35,5.0,8.06,0.875,0.268,21.49,10.36,14.74,25.1,31.3,15.38
745329,2024-06-15,2024,605113,R,519043,L,single,False,False,45.0,0.341,7.0,15.56,3.0,6.67,0.7929999999999999,0.07399999999999995,19.77,10.62,14.37,25.0,29.41,19.44,122.0,0.155,28.0,22.95,6.0,4.92,0.404,0.0519999999999999,27.59,14.1,16.52,30.62,34.51,20.74,67.0,0.25,15.0,22.39,6.0,8.96,0.8109999999999999,0.23299999999999998,28.47,14.77,15.91,30.68,33.58,19.48,156.0,0.218,48.0,30.77,10.0,6.41,0.622,0.1269999999999999,30.67,16.47,13.84,30.31,36.77,25.67
745329,2024-06-15,2024,592200,R,519043,L,field_out,False,False,16.0,0.071,2.0,12.5,2.0,12.5,0.259,0.0,8.7,3.23,17.74,20.97,16.67,16.67,33.0,0.185,5.0,15.15,5.0,15.15,0.534,0.037,20.59,9.79,11.19,20.98,18.06,8.47,67.0,0.25,15.0,22.39,6.0,8.96,0.8109999999999999,0.23299999999999998,28.47,14.77,15.91,30.68,33.58,19.48,156.0,0.218,48.0,30.77,10.0,6.41,0.622,0.1269999999999999,30.67,16.47,13.84,30.31,36.77,25.67
745329,2024-06-15,2024,596103,R,519043,L,field_out,False,False,55.0,0.196,13.0,23.64,8.0,14.55,0.523,0.0,27.84,11.69,16.88,28.57,18.33,17.81,147.0,0.288,40.0,27.21,13.0,8.84,0.8,0.151,27.27,11.44,19.76,31.2,22.15,21.51,67.0,0.25,15.0,22.39,6.0,8.96,0.8109999999999999,0.23299999999999998,28.47,14.77,15.91,30.68,33.58,19.48,156.0,0.218,48.0,30.77,10.0,6.41,0.622,0.1269999999999999,30.67,16.47,13.84,30.31,36.77,25.67
745329,2024-06-15,2024,666176,R,676254,R,strikeout,True,False,153.0,0.176,51.0,33.33,9.0,5.88,0.5740000000000001,0.15500000000000003,30.29,14.83,14.67,29.51,30.06,23.29,43.0,0.205,18.0,41.86,4.0,9.3,0.7150000000000001,0.231,40.66,20.67,14.53,35.2,30.34,25.35,79.0,0.214,25.0,31.65,4.0,5.06,0.548,0.04300000000000001,27.54,12.34,22.73,35.06,32.41,24.04,168.0,0.286,49.0,29.17,17.0,10.12,0.78,0.136,32.45,14.5,19.97,34.47,33.33,24.5
745329,2024-06-15,2024,641645,L,676254,R,field_out,False,False,70.0,0.258,12.0,17.14,7.0,10.0,0.6839999999999999,0.09699999999999998,20.8,9.39,17.33,26.71,26.28,15.38,96.0,0.218,19.0,19.79,8.0,8.33,0.591,0.092,15.23,6.02,21.47,27.49,22.05,19.79,60.0,0.211,20.0,33.33,2.0,3.33,0.583,0.12200000000000003,34.48,16.88,17.3,34.18,29.73,26.67,96.0,0.221,29.0,30.21,7.0,7.29,0.711,0.1979999999999999,31.22,14.6,18.81,33.42,31.25,19.72
745329,2024-06-15,2024,694384,L,676254,R,walk,False,True,198.0,0.225,36.0,18.18,14.0,7.07,0.626,0.11200000000000002,16.11,6.86,21.99,28.85,25.13,15.15,104.0,0.291,15.0,14.42,14.0,13.46,0.7569999999999999,0.0579999999999999,18.78,8.02,17.92,25.94,20.47,11.45,60.0,0.211,20.0,33.33,2.0,3.33,0.583,0.12200000000000003,34.48,16.88,17.3,34.18,29.73,26.67,96.0,0.221,29.0,30.21,7.0,7.29,0.711,0.1979999999999999,31.22,14.6,18.81,33.42,31.25,19.72
745329,2024-06-15,2024,650859,L,676254,R,single,False,False,165.0,0.282,22.0,13.33,10.0,6.06,0.718,0.10100000000000003,20.06,10.62,12.31,22.93,32.61,12.57,322.0,0.24,60.0,18.63,31.0,9.63,0.7270000000000001,0.166,24.18,11.79,13.87,25.66,28.19,14.39,60.0,0.211,20.0,33.33,2.0,3.33,0.583,0.12200000000000003,34.48,16.88,17.3,34.18,29.73,26.67,96.0,0.221,29.0,30.21,7.0,7.29,0.711,0.1979999999999999,31.22,14.6,18.81,33.42,31.25,19.72
745329,2024-06-15,2024,621493,R,676254,R,field_out,False,False,224.0,0.215,53.0,23.66,25.0,11.16,0.71,0.19499999999999998,23.18,9.87,19.52,29.39,18.59,20.97,295.0,0.233,61.0,20.68,27.0,9.15,0.702,0.148,23.43,10.4,15.98,26.37,23.09,17.78,79.0,0.214,25.0,31.65,4.0,5.06,0.548,0.04300000000000001,27.54,12.34,22.73,35.06,32.41,24.04,168.0,0.286,49.0,29.17,17.0,10.12,0.78,0.136,32.45,14.5,19.97,34.47,33.33,24.5
745329,2024-06-15,2024,671218,R,519326,R,double,False,False,100.0,0.29,33.0,33.0,7.0,7.0,0.749,0.119,35.52,16.37,16.12,32.49,27.83,28.21,14.0,0.154,4.0,28.57,1.0,7.14,0.368,0.0,30.43,14.58,18.75,33.33,26.09,50.0,80.0,0.24,16.0,20.0,4.0,5.0,0.728,0.2,24.34,12.17,14.47,26.64,29.32,17.78,,,,,,,,,,,,,,
745329,2024-06-15,2024,527038,R,519326,R,strikeout,True,False,113.0,0.204,16.0,14.16,11.0,9.73,0.588,0.092,15.54,6.45,24.09,30.54,28.22,11.27,273.0,0.271,35.0,12.82,27.0,9.89,0.849,0.2249999999999999,14.98,6.76,19.32,26.08,27.75,9.09,80.0,0.24,16.0,20.0,4.0,5.0,0.728,0.2,24.34,12.17,14.47,26.64,29.32,17.78,,,,,,,,,,,,,,
745329,2024-06-15,2024,656305,R,519326,R,field_out,False,False,213.0,0.198,54.0,25.35,18.0,8.45,0.6100000000000001,0.135,26.91,12.46,19.09,31.54,27.25,19.64,471.0,0.223,139.0,29.51,52.0,11.04,0.722,0.179,31.15,13.33,17.79,31.11,18.61,21.72,80.0,0.24,16.0,20.0,4.0,5.0,0.728,0.2,24.34,12.17,14.47,26.64,29.32,17.78,,,,,,,,,,,,,,
745329,2024-06-15,2024,624585,R,519326,R,field_out,False,False,166.0,0.204,36.0,21.69,16.0,9.64,0.61,0.12300000000000003,28.04,13.26,15.02,28.27,27.79,21.05,446.0,0.242,111.0,24.89,46.0,10.31,0.788,0.22,27.97,12.22,16.15,28.37,25.71,21.19,80.0,0.24,16.0,20.0,4.0,5.0,0.728,0.2,24.34,12.17,14.47,26.64,29.32,17.78,,,,,,,,,,,,,,
745329,2024-06-15,2024,607680,R,592426,R,field_out,False,False,83.0,0.247,14.0,16.87,5.0,6.02,0.769,0.20500000000000002,20.26,10.2,15.79,25.99,34.38,14.14,95.0,0.202,22.0,23.16,4.0,4.21,0.58,0.1459999999999999,23.46,13.0,15.17,28.17,39.61,20.95,49.0,0.2,13.0,26.53,3.0,6.12,0.494,0.043999999999999984,27.62,14.72,13.2,27.92,36.63,17.81,98.0,0.182,31.0,31.63,9.0,9.18,0.5720000000000001,0.125,28.42,13.83,13.83,27.66,29.59,25.2
745329,2024-06-15,2024,681351,R,592426,R,field_out,False,False,166.0,0.296,39.0,23.49,11.0,6.63,0.819,0.17100000000000004,32.49,16.27,15.48,31.75,33.92,18.27,154.0,0.22,38.0,24.68,9.0,5.84,0.757,0.262,32.06,17.0,13.8,30.81,36.07,19.69,49.0,0.2,13.0,26.53,3.0,6.12,0.494,0.043999999999999984,27.62,14.72,13.2,27.92,36.63,17.81,98.0,0.182,31.0,31.63,9.0,9.18,0.5720000000000001,0.125,28.42,13.83,13.83,27.66,29.59,25.2
745329,2024-06-15,2024,687263,R,592426,R,hit_by_pitch,False,False,205.0,0.217,50.0,24.39,12.0,5.85,0.688,0.19599999999999998,28.5,14.55,15.45,30.0,33.58,21.46,262.0,0.222,62.0,23.66,18.0,6.87,0.6599999999999999,0.1349999999999999,28.77,13.7,16.19,29.89,23.52,18.84,49.0,0.2,13.0,26.53,3.0,6.12,0.494,0.043999999999999984,27.62,14.72,13.2,27.92,36.63,17.81,98.0,0.182,31.0,31.63,9.0,9.18,0.5720000000000001,0.125,28.42,13.83,13.83,27.66,29.59,25.2
745329,2024-06-15,2024,666160,L,592426,R,field_out,False,False,157.0,0.204,39.0,24.84,10.0,6.37,0.554,0.095,27.12,15.34,11.82,27.16,36.31,18.48,259.0,0.293,93.0,35.91,7.0,2.7,0.8620000000000001,0.249,38.62,24.01,9.43,33.44,46.84,30.07,39.0,0.355,7.0,17.95,7.0,17.95,0.978,0.16100000000000003,26.39,12.34,14.94,27.27,32.18,15.56,45.0,0.263,12.0,26.67,6.0,13.33,0.7769999999999999,0.1579999999999999,35.14,16.15,16.15,32.3,28.21,26.09
745329,2024-06-15,2024,642731,R,472610,R,field_out,False,False,199.0,0.242,40.0,20.1,5.0,2.51,0.666,0.15300000000000002,19.83,9.83,19.8,29.63,36.42,19.9,380.0,0.276,84.0,22.11,15.0,3.95,0.767,0.172,21.44,11.24,17.01,28.25,38.17,20.1,67.0,0.238,15.0,22.39,3.0,4.48,0.601,0.07900000000000001,26.72,14.06,15.26,29.32,40.3,18.75,159.0,0.214,31.0,19.5,12.0,7.55,0.69,0.172,23.78,11.22,14.36,25.58,27.18,17.22
745329,2024-06-15,2024,573262,L,472610,R,strikeout,True,False,171.0,0.219,48.0,28.07,14.0,8.19,0.703,0.19999999999999998,25.24,10.34,19.1,29.44,18.51,21.72,296.0,0.243,75.0,25.34,40.0,13.51,0.831,0.235,23.69,9.65,18.67,28.32,20.68,19.69,55.0,0.267,14.0,25.45,7.0,12.73,0.849,0.2,25.29,10.14,22.58,32.72,23.21,22.95,108.0,0.309,22.0,20.37,12.0,11.11,0.734,0.0419999999999999,27.84,13.24,12.01,25.25,30.67,20.18
745329,2024-06-15,2024,689172,L,472610,R,strikeout,True,False,49.0,0.261,10.0,20.41,2.0,4.08,0.6559999999999999,0.10899999999999999,21.35,10.33,19.57,29.89,37.08,18.18,106.0,0.155,30.0,28.3,8.0,7.55,0.4639999999999999,0.092,28.32,14.65,14.19,28.83,32.6,19.86,55.0,0.267,14.0,25.45,7.0,12.73,0.849,0.2,25.29,10.14,22.58,32.72,23.21,22.95,108.0,0.309,22.0,20.37,12.0,11.11,0.734,0.0419999999999999,27.84,13.24,12.01,25.25,30.67,20.18
745329,2024-06-15,2024,666176,R,663546,R,strikeout,True,False,153.0,0.176,51.0,33.33,9.0,5.88,0.5740000000000001,0.15500000000000003,30.29,14.83,14.67,29.51,30.06,23.29,43.0,0.205,18.0,41.86,4.0,9.3,0.7150000000000001,0.231,40.66,20.67,14.53,35.2,30.34,25.35,66.0,0.219,18.0,27.27,1.0,1.52,0.523,0.06200000000000003,30.0,14.04,23.83,37.87,36.97,27.27,79.0,0.333,19.0,24.05,8.0,10.13,0.853,0.1019999999999999,21.37,8.56,22.6,31.16,26.67,26.03
745329,2024-06-15,2024,641645,L,663546,R,walk,False,True,70.0,0.258,12.0,17.14,7.0,10.0,0.6839999999999999,0.09699999999999998,20.8,9.39,17.33,26.71,26.28,15.38,96.0,0.218,19.0,19.79,8.0,8.33,0.591,0.092,15.23,6.02,21.47,27.49,22.05,19.79,50.0,0.156,9.0,18.0,3.0,6.0,0.646,0.266,10.59,4.79,21.28,26.06,24.71,16.07,60.0,0.294,12.0,20.0,5.0,8.33,0.863,0.196,23.21,11.4,16.67,28.07,21.78,17.65
745329,2024-06-15,2024,694384,L,663546,R,grounded_into_double_play,False,False,198.0,0.225,36.0,18.18,14.0,7.07,0.626,0.11200000000000002,16.11,6.86,21.99,28.85,25.13,15.15,104.0,0.291,15.0,14.42,14.0,13.46,0.7569999999999999,0.0579999999999999,18.78,8.02,17.92,25.94,20.47,11.45,50.0,0.156,9.0,18.0,3.0,6.0,0.646,0.266,10.59,4.79,21.28,26.06,24.71,16.07,60.0,0.294,12.0,20.0,5.0,8.33,0.863,0.196,23.21,11.4,16.67,28.07,21.78,17.65
745329,2024-06-15,2024,624424,L,608032,R,strikeout,True,False,145.0,0.218,33.0,22.76,12.0,8.28,0.681,0.18000000000000002,24.72,11.63,16.32,27.95,28.38,19.53,368.0,0.245,77.0,20.92,50.0,13.59,0.753,0.155,23.68,10.56,15.02,25.57,23.23,16.81,41.0,0.211,11.0,26.83,3.0,7.32,0.6100000000000001,0.13100000000000003,26.76,10.98,20.23,31.21,18.92,24.44,132.0,0.268,31.0,23.48,19.0,14.39,0.808,0.1609999999999999,25.8,13.01,12.66,25.67,22.18,16.85
745329,2024-06-15,2024,672275,L,608032,R,field_out,False,False,136.0,0.287,24.0,17.65,17.0,12.5,0.813,0.15600000000000003,20.69,9.64,13.93,23.57,25.52,16.0,240.0,0.203,70.0,29.17,13.0,5.42,0.5569999999999999,0.0989999999999999,26.61,12.88,17.55,30.43,28.93,23.81,41.0,0.211,11.0,26.83,3.0,7.32,0.6100000000000001,0.13100000000000003,26.76,10.98,20.23,31.21,18.92,24.44,132.0,0.268,31.0,23.48,19.0,14.39,0.808,0.1609999999999999,25.8,13.01,12.66,25.67,22.18,16.85
745329,2024-06-15,2024,671218,R,608032,R,strikeout,True,False,100.0,0.29,33.0,33.0,7.0,7.0,0.749,0.119,35.52,16.37,16.12,32.49,27.83,28.21,14.0,0.154,4.0,28.57,1.0,7.14,0.368,0.0,30.43,14.58,18.75,33.33,26.09,50.0,40.0,0.231,9.0,22.5,0.0,0.0,0.687,0.231,25.61,13.82,19.08,32.89,30.65,18.37,149.0,0.242,47.0,31.54,12.0,8.05,0.665,0.099,29.14,14.99,16.01,31.01,31.39,23.27
744925,2024-06-15,2024,680757,L,670950,R,field_out,False,False,131.0,0.357,9.0,6.87,12.0,9.16,0.9650000000000001,0.18200000000000005,6.76,2.78,22.42,25.2,19.48,6.62,494.0,0.272,52.0,10.53,50.0,10.12,0.73,0.1119999999999999,10.22,4.19,22.03,26.23,20.67,8.84,52.0,0.133,12.0,23.08,5.0,9.62,0.45999999999999996,0.11099999999999999,22.47,9.43,21.7,31.13,27.43,18.75,138.0,0.207,42.0,30.43,20.0,14.49,0.724,0.198,36.69,16.72,15.57,32.3,37.93,19.44
744925,2024-06-15,2024,665926,L,670950,R,field_out,False,False,191.0,0.257,29.0,15.18,11.0,5.76,0.6679999999999999,0.09399999999999997,24.45,13.5,12.15,25.64,37.27,12.17,419.0,0.243,86.0,20.53,24.0,5.73,0.712,0.162,26.46,14.29,12.8,27.09,38.97,17.27,52.0,0.133,12.0,23.08,5.0,9.62,0.45999999999999996,0.11099999999999999,22.47,9.43,21.7,31.13,27.43,18.75,138.0,0.207,42.0,30.43,20.0,14.49,0.724,0.198,36.69,16.72,15.57,32.3,37.93,19.44
744925,2024-06-15,2024,681807,R,670950,R,field_out,False,False,88.0,0.282,14.0,15.91,6.0,6.82,0.788,0.15400000000000003,19.16,9.88,13.89,23.77,28.39,13.73,63.0,0.246,19.0,30.16,3.0,4.76,0.727,0.175,29.77,16.96,13.91,30.87,36.11,25.0,78.0,0.138,21.0,26.92,10.0,12.82,0.558,0.16999999999999998,25.5,10.95,19.31,30.26,30.65,18.42,178.0,0.244,63.0,35.39,15.0,8.43,0.754,0.194,37.26,17.97,16.38,34.35,37.0,24.51
744925,2024-06-15,2024,687462,L,471911,R,field_out,False,False,20.0,0.375,3.0,15.0,3.0,15.0,0.9119999999999999,0.063,20.59,8.75,16.25,25.0,21.05,11.54,38.0,0.265,10.0,26.32,3.0,7.89,0.754,0.1469999999999999,27.14,13.01,17.12,30.14,25.35,21.74,127.0,0.288,24.0,18.9,16.0,12.6,0.864,0.198,24.17,10.71,15.55,26.26,25.27,19.05,188.0,0.288,25.0,13.3,26.0,13.83,0.871,0.193,23.78,9.88,15.43,25.3,24.54,14.53
744925,2024-06-15,2024,643376,R,471911,R,field_out,False,False,115.0,0.255,14.0,12.17,12.0,10.43,0.8300000000000001,0.245,15.85,6.21,20.56,26.77,19.11,9.7,215.0,0.237,46.0,21.4,16.0,7.44,0.784,0.221,25.13,11.59,15.17,26.76,23.75,20.09,109.0,0.267,18.0,16.51,3.0,2.75,0.8280000000000001,0.258,23.5,12.11,15.21,27.32,30.93,17.48,230.0,0.327,41.0,17.83,12.0,5.22,0.943,0.2419999999999999,25.4,13.01,14.77,27.78,31.94,14.29
744925,2024-06-15,2024,665489,R,471911,R,field_out,False,False,240.0,0.286,44.0,18.33,26.0,10.83,0.7749999999999999,0.122,24.95,11.7,15.36,27.06,24.44,14.24,558.0,0.26,85.0,15.23,48.0,8.6,0.792,0.2,23.83,12.29,11.94,24.23,30.21,15.37,109.0,0.267,18.0,16.51,3.0,2.75,0.8280000000000001,0.258,23.5,12.11,15.21,27.32,30.93,17.48,230.0,0.327,41.0,17.83,12.0,5.22,0.943,0.2419999999999999,25.4,13.01,14.77,27.78,31.94,14.29
744925,2024-06-15,2024,647304,L,670950,R,single,False,False,187.0,0.241,26.0,13.9,19.0,10.16,0.8320000000000001,0.265,20.99,10.86,9.95,20.81,33.62,14.61,348.0,0.311,53.0,15.23,25.0,7.18,0.851,0.184,21.29,11.96,9.18,21.15,41.36,16.99,52.0,0.133,12.0,23.08,5.0,9.62,0.45999999999999996,0.11099999999999999,22.47,9.43,21.7,31.13,27.43,18.75,138.0,0.207,42.0,30.43,20.0,14.49,0.724,0.198,36.69,16.72,15.57,32.3,37.93,19.44
744925,2024-06-15,2024,671289,R,670950,R,field_out,False,False,164.0,0.232,24.0,14.63,11.0,6.71,0.6759999999999999,0.12699999999999997,16.91,7.82,19.39,27.21,29.45,15.89,89.0,0.266,17.0,19.1,6.0,6.74,0.656,0.076,20.13,9.22,18.73,27.95,29.94,17.0,78.0,0.138,21.0,26.92,10.0,12.82,0.558,0.16999999999999998,25.5,10.95,19.31,30.26,30.65,18.42,178.0,0.244,63.0,35.39,15.0,8.43,0.754,0.194,37.26,17.97,16.38,34.35,37.0,24.51
744925,2024-06-15,2024,686823,L,670950,R,field_out,False,False,169.0,0.25,21.0,12.43,14.0,8.28,0.7210000000000001,0.15100000000000002,18.61,9.87,11.71,21.57,32.23,14.38,369.0,0.279,45.0,12.2,14.0,3.79,0.6930000000000001,0.0999999999999999,17.97,10.23,12.48,22.71,38.5,12.47,52.0,0.133,12.0,23.08,5.0,9.62,0.45999999999999996,0.11099999999999999,22.47,9.43,21.7,31.13,27.43,18.75,138.0,0.207,42.0,30.43,20.0,14.49,0.724,0.198,36.69,16.72,15.57,32.3,37.93,19.44
744925,2024-06-15,2024,682177,L,670950,R,strikeout,True,False,14.0,0.455,3.0,21.43,3.0,21.43,1.3889999999999998,0.36299999999999993,19.05,8.33,16.67,25.0,17.86,21.43,,,,,,,,,,,,,,,52.0,0.133,12.0,23.08,5.0,9.62,0.45999999999999996,0.11099999999999999,22.47,9.43,21.7,31.13,27.43,18.75,138.0,0.207,42.0,30.43,20.0,14.49,0.724,0.198,36.69,16.72,15.57,32.3,37.93,19.44
744925,2024-06-15,2024,457759,R,471911,R,walk,False,True,170.0,0.203,29.0,17.06,19.0,11.18,0.604,0.10099999999999998,20.17,9.47,16.32,25.79,27.49,11.11,462.0,0.273,78.0,16.88,33.0,7.14,0.765,0.1569999999999999,16.44,7.32,17.97,25.29,25.33,12.0,109.0,0.267,18.0,16.51,3.0,2.75,0.8280000000000001,0.258,23.5,12.11,15.21,27.32,30.93,17.48,230.0,0.327,41.0,17.83,12.0,5.22,0.943,0.2419999999999999,25.4,13.01,14.77,27.78,31.94,14.29
744925,2024-06-15,2024,662139,L,471911,R,double,False,False,187.0,0.202,54.0,28.88,18.0,9.63,0.741,0.256,25.92,11.98,16.15,28.12,24.35,24.32,466.0,0.202,111.0,23.82,36.0,7.73,0.662,0.19,25.51,12.84,15.05,27.89,29.23,18.26,127.0,0.288,24.0,18.9,16.0,12.6,0.864,0.198,24.17,10.71,15.55,26.26,25.27,19.05,188.0,0.288,25.0,13.3,26.0,13.83,0.871,0.193,23.78,9.88,15.43,25.3,24.54,14.53
744925,2024-06-15,2024,543807,R,471911,R,single,False,False,197.0,0.217,28.0,14.21,20.0,10.15,0.619,0.10300000000000001,23.82,12.41,12.99,25.4,24.92,14.07,539.0,0.262,101.0,18.74,43.0,7.98,0.738,0.1489999999999999,23.18,11.37,14.48,25.84,23.35,18.21,109.0,0.267,18.0,16.51,3.0,2.75,0.8280000000000001,0.258,23.5,12.11,15.21,27.32,30.93,17.48,230.0,0.327,41.0,17.83,12.0,5.22,0.943,0.2419999999999999,25.4,13.01,14.77,27.78,31.94,14.29
744925,2024-06-15,2024,680718,L,471911,R,single,False,False,16.0,0.062,4.0,25.0,0.0,0.0,0.124,0.0,31.25,18.87,22.64,41.51,47.62,25.0,,,,,,,,,,,,,,,127.0,0.288,24.0,18.9,16.0,12.6,0.864,0.198,24.17,10.71,15.55,26.26,25.27,19.05,188.0,0.288,25.0,13.3,26.0,13.83,0.871,0.193,23.78,9.88,15.43,25.3,24.54,14.53
744925,2024-06-15,2024,643396,R,471911,R,sac_bunt,False,False,155.0,0.261,20.0,12.9,10.0,6.45,0.687,0.119,13.41,6.17,21.87,28.04,31.64,14.71,273.0,0.246,54.0,19.78,17.0,6.23,0.6479999999999999,0.1069999999999999,19.6,9.05,20.2,29.25,28.6,15.56,109.0,0.267,18.0,16.51,3.0,2.75,0.8280000000000001,0.258,23.5,12.11,15.21,27.32,30.93,17.48,230.0,0.327,41.0,17.83,12.0,5.22,0.943,0.2419999999999999,25.4,13.01,14.77,27.78,31.94,14.29
744925,2024-06-15,2024,595281,L,471911,R,strikeout,True,False,103.0,0.202,32.0,31.07,3.0,2.91,0.5720000000000001,0.138,35.19,19.1,12.06,31.16,33.5,26.67,312.0,0.26,63.0,20.19,25.0,8.01,0.753,0.1709999999999999,29.15,14.21,14.3,28.51,25.39,21.07,127.0,0.288,24.0,18.9,16.0,12.6,0.864,0.198,24.17,10.71,15.55,26.26,25.27,19.05,188.0,0.288,25.0,13.3,26.0,13.83,0.871,0.193,23.78,9.88,15.43,25.3,24.54,14.53
744925,2024-06-15,2024,687462,L,471911,R,single,False,False,20.0,0.375,3.0,15.0,3.0,15.0,0.9119999999999999,0.063,20.59,8.75,16.25,25.0,21.05,11.54,38.0,0.265,10.0,26.32,3.0,7.89,0.754,0.1469999999999999,27.14,13.01,17.12,30.14,25.35,21.74,127.0,0.288,24.0,18.9,16.0,12.6,0.864,0.198,24.17,10.71,15.55,26.26,25.27,19.05,188.0,0.288,25.0,13.3,26.0,13.83,0.871,0.193,23.78,9.88,15.43,25.3,24.54,14.53
744925,2024-06-15,2024,643376,R,471911,R,force_out,False,False,115.0,0.255,14.0,12.17,12.0,10.43,0.8300000000000001,0.245,15.85,6.21,20.56,26.77,19.11,9.7,215.0,0.237,46.0,21.4,16.0,7.44,0.784,0.221,25.13,11.59,15.17,26.76,23.75,20.09,109.0,0.267,18.0,16.51,3.0,2.75,0.8280000000000001,0.258,23.5,12.11,15.21,27.32,30.93,17.48,230.0,0.327,41.0,17.83,12.0,5.22,0.943,0.2419999999999999,25.4,13.01,14.77,27.78,31.94,14.29
744925,2024-06-15,2024,677587,L,670950,R,field_out,False,False,139.0,0.248,20.0,14.39,19.0,13.67,0.671,0.068,21.67,10.14,15.12,25.27,28.71,11.05,53.0,0.3,12.0,22.64,2.0,3.77,0.7010000000000001,0.08,28.07,15.31,15.79,31.1,41.59,17.39,52.0,0.133,12.0,23.08,5.0,9.62,0.45999999999999996,0.11099999999999999,22.47,9.43,21.7,31.13,27.43,18.75,138.0,0.207,42.0,30.43,20.0,14.49,0.724,0.198,36.69,16.72,15.57,32.3,37.93,19.44
744925,2024-06-15,2024,666310,L,641835,L,field_out,False,False,26.0,0.174,11.0,42.31,3.0,11.54,0.573,0.13,39.13,18.0,20.0,38.0,34.69,44.0,51.0,0.217,13.0,25.49,4.0,7.84,0.6639999999999999,0.153,18.18,7.96,17.26,25.22,25.23,18.84,45.0,0.211,5.0,11.11,7.0,15.56,0.649,0.10500000000000001,8.77,2.72,24.46,27.17,12.24,10.0,115.0,0.245,26.0,22.61,4.0,3.48,0.5609999999999999,0.0459999999999999,19.23,8.47,23.97,32.45,29.47,22.61
744925,2024-06-15,2024,680757,L,641835,L,single,False,False,57.0,0.423,5.0,8.77,5.0,8.77,0.993,0.09600000000000003,5.38,2.15,20.17,22.32,16.67,8.62,224.0,0.26,23.0,10.27,20.0,8.93,0.667,0.08,13.41,5.5,21.44,26.95,22.3,10.5,45.0,0.211,5.0,11.11,7.0,15.56,0.649,0.10500000000000001,8.77,2.72,24.46,27.17,12.24,10.0,115.0,0.245,26.0,22.61,4.0,3.48,0.5609999999999999,0.0459999999999999,19.23,8.47,23.97,32.45,29.47,22.61
744925,2024-06-15,2024,665926,L,641835,L,single,False,False,83.0,0.286,11.0,13.25,0.0,0.0,0.7150000000000001,0.10400000000000004,21.02,12.01,13.96,25.97,40.94,11.58,197.0,0.268,26.0,13.2,8.0,4.06,0.7130000000000001,0.1169999999999999,23.63,12.79,15.07,27.86,41.69,11.02,45.0,0.211,5.0,11.11,7.0,15.56,0.649,0.10500000000000001,8.77,2.72,24.46,27.17,12.24,10.0,115.0,0.245,26.0,22.61,4.0,3.48,0.5609999999999999,0.0459999999999999,19.23,8.47,23.97,32.45,29.47,22.61
744925,2024-06-15,2024,681807,R,647315,R,force_out,False,False,88.0,0.282,14.0,15.91,6.0,6.82,0.788,0.15400000000000003,19.16,9.88,13.89,23.77,28.39,13.73,63.0,0.246,19.0,30.16,3.0,4.76,0.727,0.175,29.77,16.96,13.91,30.87,36.11,25.0,44.0,0.262,7.0,15.91,1.0,2.27,0.797,0.262,15.85,8.72,11.41,20.13,40.74,17.07,34.0,0.161,9.0,26.47,3.0,8.82,0.493,0.097,21.67,10.32,23.81,34.13,41.43,21.95
744925,2024-06-15,2024,665489,R,471911,R,field_out,False,False,240.0,0.286,44.0,18.33,26.0,10.83,0.7749999999999999,0.122,24.95,11.7,15.36,27.06,24.44,14.24,558.0,0.26,85.0,15.23,48.0,8.6,0.792,0.2,23.83,12.29,11.94,24.23,30.21,15.37,109.0,0.267,18.0,16.51,3.0,2.75,0.8280000000000001,0.258,23.5,12.11,15.21,27.32,30.93,17.48,230.0,0.327,41.0,17.83,12.0,5.22,0.943,0.2419999999999999,25.4,13.01,14.77,27.78,31.94,14.29
744925,2024-06-15,2024,457759,R,471911,R,field_out,False,False,170.0,0.203,29.0,17.06,19.0,11.18,0.604,0.10099999999999998,20.17,9.47,16.32,25.79,27.49,11.11,462.0,0.273,78.0,16.88,33.0,7.14,0.765,0.1569999999999999,16.44,7.32,17.97,25.29,25.33,12.0,109.0,0.267,18.0,16.51,3.0,2.75,0.8280000000000001,0.258,23.5,12.11,15.21,27.32,30.93,17.48,230.0,0.327,41.0,17.83,12.0,5.22,0.943,0.2419999999999999,25.4,13.01,14.77,27.78,31.94,14.29
744925,2024-06-15,2024,662139,L,471911,R,field_out,False,False,187.0,0.202,54.0,28.88,18.0,9.63,0.741,0.256,25.92,11.98,16.15,28.12,24.35,24.32,466.0,0.202,111.0,23.82,36.0,7.73,0.662,0.19,25.51,12.84,15.05,27.89,29.23,18.26,127.0,0.288,24.0,18.9,16.0,12.6,0.864,0.198,24.17,10.71,15.55,26.26,25.27,19.05,188.0,0.288,25.0,13.3,26.0,13.83,0.871,0.193,23.78,9.88,15.43,25.3,24.54,14.53
744925,2024-06-15,2024,647304,L,670102,R,single,False,False,187.0,0.241,26.0,13.9,19.0,10.16,0.8320000000000001,0.265,20.99,10.86,9.95,20.81,33.62,14.61,348.0,0.311,53.0,15.23,25.0,7.18,0.851,0.184,21.29,11.96,9.18,21.15,41.36,16.99,37.0,0.258,7.0,18.92,5.0,13.51,0.7969999999999999,0.16099999999999998,23.19,11.59,13.77,25.36,23.81,20.0,73.0,0.197,13.0,17.81,2.0,2.74,0.557,0.141,14.29,7.34,17.83,25.17,34.33,14.29
744925,2024-06-15,2024,671289,R,670102,R,field_out,False,False,164.0,0.232,24.0,14.63,11.0,6.71,0.6759999999999999,0.12699999999999997,16.91,7.82,19.39,27.21,29.45,15.89,89.0,0.266,17.0,19.1,6.0,6.74,0.656,0.076,20.13,9.22,18.73,27.95,29.94,17.0,63.0,0.305,15.0,23.81,3.0,4.76,0.976,0.322,22.61,11.98,16.13,28.11,26.32,23.44,63.0,0.145,22.0,34.92,6.0,9.52,0.5289999999999999,0.146,34.17,16.21,17.0,33.2,24.22,24.44
744925,2024-06-15,2024,686823,L,670102,R,field_out,False,False,169.0,0.25,21.0,12.43,14.0,8.28,0.7210000000000001,0.15100000000000002,18.61,9.87,11.71,21.57,32.23,14.38,369.0,0.279,45.0,12.2,14.0,3.79,0.6930000000000001,0.0999999999999999,17.97,10.23,12.48,22.71,38.5,12.47,37.0,0.258,7.0,18.92,5.0,13.51,0.7969999999999999,0.16099999999999998,23.19,11.59,13.77,25.36,23.81,20.0,73.0,0.197,13.0,17.81,2.0,2.74,0.557,0.141,14.29,7.34,17.83,25.17,34.33,14.29
744925,2024-06-15,2024,682177,L,670102,R,strikeout,True,False,14.0,0.455,3.0,21.43,3.0,21.43,1.3889999999999998,0.36299999999999993,19.05,8.33,16.67,25.0,17.86,21.43,,,,,,,,,,,,,,,37.0,0.258,7.0,18.92,5.0,13.51,0.7969999999999999,0.16099999999999998,23.19,11.59,13.77,25.36,23.81,20.0,73.0,0.197,13.0,17.81,2.0,2.74,0.557,0.141,14.29,7.34,17.83,25.17,34.33,14.29
744925,2024-06-15,2024,543807,R,471911,R,walk,False,True,197.0,0.217,28.0,14.21,20.0,10.15,0.619,0.10300000000000001,23.82,12.41,12.99,25.4,24.92,14.07,539.0,0.262,101.0,18.74,43.0,7.98,0.738,0.1489999999999999,23.18,11.37,14.48,25.84,23.35,18.21,109.0,0.267,18.0,16.51,3.0,2.75,0.8280000000000001,0.258,23.5,12.11,15.21,27.32,30.93,17.48,230.0,0.327,41.0,17.83,12.0,5.22,0.943,0.2419999999999999,25.4,13.01,14.77,27.78,31.94,14.29
744925,2024-06-15,2024,680718,L,471911,R,field_out,False,False,16.0,0.062,4.0,25.0,0.0,0.0,0.124,0.0,31.25,18.87,22.64,41.51,47.62,25.0,,,,,,,,,,,,,,,127.0,0.288,24.0,18.9,16.0,12.6,0.864,0.198,24.17,10.71,15.55,26.26,25.27,19.05,188.0,0.288,25.0,13.3,26.0,13.83,0.871,0.193,23.78,9.88,15.43,25.3,24.54,14.53
744925,2024-06-15,2024,643396,R,471911,R,single,False,False,155.0,0.261,20.0,12.9,10.0,6.45,0.687,0.119,13.41,6.17,21.87,28.04,31.64,14.71,273.0,0.246,54.0,19.78,17.0,6.23,0.6479999999999999,0.1069999999999999,19.6,9.05,20.2,29.25,28.6,15.56,109.0,0.267,18.0,16.51,3.0,2.75,0.8280000000000001,0.258,23.5,12.11,15.21,27.32,30.93,17.48,230.0,0.327,41.0,17.83,12.0,5.22,0.943,0.2419999999999999,25.4,13.01,14.77,27.78,31.94,14.29
744925,2024-06-15,2024,595281,L,471911,R,force_out,False,False,103.0,0.202,32.0,31.07,3.0,2.91,0.5720000000000001,0.138,35.19,19.1,12.06,31.16,33.5,26.67,312.0,0.26,63.0,20.19,25.0,8.01,0.753,0.1709999999999999,29.15,14.21,14.3,28.51,25.39,21.07,127.0,0.288,24.0,18.9,16.0,12.6,0.864,0.198,24.17,10.71,15.55,26.26,25.27,19.05,188.0,0.288,25.0,13.3,26.0,13.83,0.871,0.193,23.78,9.88,15.43,25.3,24.54,14.53
744925,2024-06-15,2024,687462,L,471911,R,field_out,False,False,20.0,0.375,3.0,15.0,3.0,15.0,0.9119999999999999,0.063,20.59,8.75,16.25,25.0,21.05,11.54,38.0,0.265,10.0,26.32,3.0,7.89,0.754,0.1469999999999999,27.14,13.01,17.12,30.14,25.35,21.74,127.0,0.288,24.0,18.9,16.0,12.6,0.864,0.198,24.17,10.71,15.55,26.26,25.27,19.05,188.0,0.288,25.0,13.3,26.0,13.83,0.871,0.193,23.78,9.88,15.43,25.3,24.54,14.53
744925,2024-06-15,2024,677587,L,670102,R,field_out,False,False,139.0,0.248,20.0,14.39,19.0,13.67,0.671,0.068,21.67,10.14,15.12,25.27,28.71,11.05,53.0,0.3,12.0,22.64,2.0,3.77,0.7010000000000001,0.08,28.07,15.31,15.79,31.1,41.59,17.39,37.0,0.258,7.0,18.92,5.0,13.51,0.7969999999999999,0.16099999999999998,23.19,11.59,13.77,25.36,23.81,20.0,73.0,0.197,13.0,17.81,2.0,2.74,0.557,0.141,14.29,7.34,17.83,25.17,34.33,14.29
744925,2024-06-15,2024,666310,L,670102,R,field_out,False,False,131.0,0.178,45.0,34.35,11.0,8.4,0.515,0.08500000000000002,31.01,14.36,17.59,31.96,26.0,23.5,180.0,0.243,40.0,22.22,26.0,14.44,0.852,0.257,22.79,10.11,14.03,24.15,23.6,16.67,37.0,0.258,7.0,18.92,5.0,13.51,0.7969999999999999,0.16099999999999998,23.19,11.59,13.77,25.36,23.81,20.0,73.0,0.197,13.0,17.81,2.0,2.74,0.557,0.141,14.29,7.34,17.83,25.17,34.33,14.29
744925,2024-06-15,2024,680757,L,670102,R,single,False,False,131.0,0.357,9.0,6.87,12.0,9.16,0.9650000000000001,0.18200000000000005,6.76,2.78,22.42,25.2,19.48,6.62,494.0,0.272,52.0,10.53,50.0,10.12,0.73,0.1119999999999999,10.22,4.19,22.03,26.23,20.67,8.84,37.0,0.258,7.0,18.92,5.0,13.51,0.7969999999999999,0.16099999999999998,23.19,11.59,13.77,25.36,23.81,20.0,73.0,0.197,13.0,17.81,2.0,2.74,0.557,0.141,14.29,7.34,17.83,25.17,34.33,14.29
744925,2024-06-15,2024,665926,L,670102,R,field_out,False,False,191.0,0.257,29.0,15.18,11.0,5.76,0.6679999999999999,0.09399999999999997,24.45,13.5,12.15,25.64,37.27,12.17,419.0,0.243,86.0,20.53,24.0,5.73,0.712,0.162,26.46,14.29,12.8,27.09,38.97,17.27,37.0,0.258,7.0,18.92,5.0,13.51,0.7969999999999999,0.16099999999999998,23.19,11.59,13.77,25.36,23.81,20.0,73.0,0.197,13.0,17.81,2.0,2.74,0.557,0.141,14.29,7.34,17.83,25.17,34.33,14.29
744925,2024-06-15,2024,643376,R,471911,R,hit_by_pitch,False,False,115.0,0.255,14.0,12.17,12.0,10.43,0.8300000000000001,0.245,15.85,6.21,20.56,26.77,19.11,9.7,215.0,0.237,46.0,21.4,16.0,7.44,0.784,0.221,25.13,11.59,15.17,26.76,23.75,20.09,109.0,0.267,18.0,16.51,3.0,2.75,0.8280000000000001,0.258,23.5,12.11,15.21,27.32,30.93,17.48,230.0,0.327,41.0,17.83,12.0,5.22,0.943,0.2419999999999999,25.4,13.01,14.77,27.78,31.94,14.29
744925,2024-06-15,2024,665489,R,471911,R,single,False,False,240.0,0.286,44.0,18.33,26.0,10.83,0.7749999999999999,0.122,24.95,11.7,15.36,27.06,24.44,14.24,558.0,0.26,85.0,15.23,48.0,8.6,0.792,0.2,23.83,12.29,11.94,24.23,30.21,15.37,109.0,0.267,18.0,16.51,3.0,2.75,0.8280000000000001,0.258,23.5,12.11,15.21,27.32,30.93,17.48,230.0,0.327,41.0,17.83,12.0,5.22,0.943,0.2419999999999999,25.4,13.01,14.77,27.78,31.94,14.29
744925,2024-06-15,2024,457759,R,471911,R,hit_by_pitch,False,False,170.0,0.203,29.0,17.06,19.0,11.18,0.604,0.10099999999999998,20.17,9.47,16.32,25.79,27.49,11.11,462.0,0.273,78.0,16.88,33.0,7.14,0.765,0.1569999999999999,16.44,7.32,17.97,25.29,25.33,12.0,109.0,0.267,18.0,16.51,3.0,2.75,0.8280000000000001,0.258,23.5,12.11,15.21,27.32,30.93,17.48,230.0,0.327,41.0,17.83,12.0,5.22,0.943,0.2419999999999999,25.4,13.01,14.77,27.78,31.94,14.29
744925,2024-06-15,2024,662139,L,471911,R,grounded_into_double_play,False,False,187.0,0.202,54.0,28.88,18.0,9.63,0.741,0.256,25.92,11.98,16.15,28.12,24.35,24.32,466.0,0.202,111.0,23.82,36.0,7.73,0.662,0.19,25.51,12.84,15.05,27.89,29.23,18.26,127.0,0.288,24.0,18.9,16.0,12.6,0.864,0.198,24.17,10.71,15.55,26.26,25.27,19.05,188.0,0.288,25.0,13.3,26.0,13.83,0.871,0.193,23.78,9.88,15.43,25.3,24.54,14.53
744925,2024-06-15,2024,543807,R,471911,R,strikeout,True,False,197.0,0.217,28.0,14.21,20.0,10.15,0.619,0.10300000000000001,23.82,12.41,12.99,25.4,24.92,14.07,539.0,0.262,101.0,18.74,43.0,7.98,0.738,0.1489999999999999,23.18,11.37,14.48,25.84,23.35,18.21,109.0,0.267,18.0,16.51,3.0,2.75,0.8280000000000001,0.258,23.5,12.11,15.21,27.32,30.93,17.48,230.0,0.327,41.0,17.83,12.0,5.22,0.943,0.2419999999999999,25.4,13.01,14.77,27.78,31.94,14.29
744925,2024-06-15,2024,681807,R,670102,R,single,False,False,88.0,0.282,14.0,15.91,6.0,6.82,0.788,0.15400000000000003,19.16,9.88,13.89,23.77,28.39,13.73,63.0,0.246,19.0,30.16,3.0,4.76,0.727,0.175,29.77,16.96,13.91,30.87,36.11,25.0,63.0,0.305,15.0,23.81,3.0,4.76,0.976,0.322,22.61,11.98,16.13,28.11,26.32,23.44,63.0,0.145,22.0,34.92,6.0,9.52,0.5289999999999999,0.146,34.17,16.21,17.0,33.2,24.22,24.44
744925,2024-06-15,2024,647304,L,670102,R,grounded_into_double_play,False,False,187.0,0.241,26.0,13.9,19.0,10.16,0.8320000000000001,0.265,20.99,10.86,9.95,20.81,33.62,14.61,348.0,0.311,53.0,15.23,25.0,7.18,0.851,0.184,21.29,11.96,9.18,21.15,41.36,16.99,37.0,0.258,7.0,18.92,5.0,13.51,0.7969999999999999,0.16099999999999998,23.19,11.59,13.77,25.36,23.81,20.0,73.0,0.197,13.0,17.81,2.0,2.74,0.557,0.141,14.29,7.34,17.83,25.17,34.33,14.29
744925,2024-06-15,2024,671289,R,670102,R,single,False,False,164.0,0.232,24.0,14.63,11.0,6.71,0.6759999999999999,0.12699999999999997,16.91,7.82,19.39,27.21,29.45,15.89,89.0,0.266,17.0,19.1,6.0,6.74,0.656,0.076,20.13,9.22,18.73,27.95,29.94,17.0,63.0,0.305,15.0,23.81,3.0,4.76,0.976,0.322,22.61,11.98,16.13,28.11,26.32,23.44,63.0,0.145,22.0,34.92,6.0,9.52,0.5289999999999999,0.146,34.17,16.21,17.0,33.2,24.22,24.44
744925,2024-06-15,2024,686823,L,670102,R,field_out,False,False,169.0,0.25,21.0,12.43,14.0,8.28,0.7210000000000001,0.15100000000000002,18.61,9.87,11.71,21.57,32.23,14.38,369.0,0.279,45.0,12.2,14.0,3.79,0.6930000000000001,0.0999999999999999,17.97,10.23,12.48,22.71,38.5,12.47,37.0,0.258,7.0,18.92,5.0,13.51,0.7969999999999999,0.16099999999999998,23.19,11.59,13.77,25.36,23.81,20.0,73.0,0.197,13.0,17.81,2.0,2.74,0.557,0.141,14.29,7.34,17.83,25.17,34.33,14.29
744925,2024-06-15,2024,680718,L,682120,L,field_out,False,False,2.0,0.0,2.0,100.0,0.0,0.0,0.0,0.0,25.0,11.11,33.33,44.44,33.33,66.67,,,,,,,,,,,,,,,39.0,0.088,12.0,30.77,3.0,7.69,0.272,0.0,29.49,14.11,19.02,33.13,33.73,20.34,47.0,0.231,14.0,29.79,6.0,12.77,0.666,0.102,32.18,14.07,19.6,33.67,32.04,24.14
744925,2024-06-15,2024,643396,R,682120,L,single,False,False,68.0,0.27,9.0,13.24,3.0,4.41,0.6779999999999999,0.09499999999999997,10.75,4.52,24.43,28.96,26.47,20.93,90.0,0.23,16.0,17.78,11.0,12.22,0.634,0.0669999999999999,19.59,8.03,19.67,27.7,20.35,15.09,63.0,0.182,14.0,22.22,8.0,12.7,0.522,0.05399999999999999,27.42,12.59,17.78,30.37,33.33,15.38,74.0,0.308,18.0,24.32,6.0,8.11,0.8240000000000001,0.138,23.87,11.9,13.5,25.4,29.11,18.09
744925,2024-06-15,2024,595281,L,682120,L,field_out,False,False,30.0,0.192,9.0,30.0,4.0,13.33,0.531,0.03900000000000001,37.74,17.09,13.68,30.77,29.23,27.27,96.0,0.281,23.0,23.96,4.0,4.17,0.708,0.1009999999999999,35.75,18.44,15.85,34.29,33.33,23.23,39.0,0.088,12.0,30.77,3.0,7.69,0.272,0.0,29.49,14.11,19.02,33.13,33.73,20.34,47.0,0.231,14.0,29.79,6.0,12.77,0.666,0.102,32.18,14.07,19.6,33.67,32.04,24.14
744925,2024-06-15,2024,687462,L,682120,L,field_out,False,False,3.0,0.333,0.0,0.0,0.0,0.0,0.666,0.0,0.0,0.0,25.0,25.0,50.0,0.0,6.0,0.2,2.0,33.33,1.0,16.67,0.533,0.0,36.36,17.39,17.39,34.78,27.27,18.18,39.0,0.088,12.0,30.77,3.0,7.69,0.272,0.0,29.49,14.11,19.02,33.13,33.73,20.34,47.0,0.231,14.0,29.79,6.0,12.77,0.666,0.102,32.18,14.07,19.6,33.67,32.04,24.14
744925,2024-06-15,2024,682177,L,670102,R,field_out,False,False,14.0,0.455,3.0,21.43,3.0,21.43,1.3889999999999998,0.36299999999999993,19.05,8.33,16.67,25.0,17.86,21.43,,,,,,,,,,,,,,,37.0,0.258,7.0,18.92,5.0,13.51,0.7969999999999999,0.16099999999999998,23.19,11.59,13.77,25.36,23.81,20.0,73.0,0.197,13.0,17.81,2.0,2.74,0.557,0.141,14.29,7.34,17.83,25.17,34.33,14.29
744925,2024-06-15,2024,677587,L,670102,R,field_out,False,False,139.0,0.248,20.0,14.39,19.0,13.67,0.671,0.068,21.67,10.14,15.12,25.27,28.71,11.05,53.0,0.3,12.0,22.64,2.0,3.77,0.7010000000000001,0.08,28.07,15.31,15.79,31.1,41.59,17.39,37.0,0.258,7.0,18.92,5.0,13.51,0.7969999999999999,0.16099999999999998,23.19,11.59,13.77,25.36,23.81,20.0,73.0,0.197,13.0,17.81,2.0,2.74,0.557,0.141,14.29,7.34,17.83,25.17,34.33,14.29
744925,2024-06-15,2024,666310,L,670102,R,strikeout,True,False,131.0,0.178,45.0,34.35,11.0,8.4,0.515,0.08500000000000002,31.01,14.36,17.59,31.96,26.0,23.5,180.0,0.243,40.0,22.22,26.0,14.44,0.852,0.257,22.79,10.11,14.03,24.15,23.6,16.67,37.0,0.258,7.0,18.92,5.0,13.51,0.7969999999999999,0.16099999999999998,23.19,11.59,13.77,25.36,23.81,20.0,73.0,0.197,13.0,17.81,2.0,2.74,0.557,0.141,14.29,7.34,17.83,25.17,34.33,14.29
744925,2024-06-15,2024,643376,R,658648,R,walk,False,True,115.0,0.255,14.0,12.17,12.0,10.43,0.8300000000000001,0.245,15.85,6.21,20.56,26.77,19.11,9.7,215.0,0.237,46.0,21.4,16.0,7.44,0.784,0.221,25.13,11.59,15.17,26.76,23.75,20.09,78.0,0.275,20.0,25.64,6.0,7.69,0.873,0.247,28.17,14.55,13.82,28.36,33.81,24.1,125.0,0.262,35.0,28.0,11.0,8.8,0.743,0.131,34.03,16.36,15.35,31.72,30.53,20.0
744925,2024-06-15,2024,665489,R,658648,R,field_out,False,False,240.0,0.286,44.0,18.33,26.0,10.83,0.7749999999999999,0.122,24.95,11.7,15.36,27.06,24.44,14.24,558.0,0.26,85.0,15.23,48.0,8.6,0.792,0.2,23.83,12.29,11.94,24.23,30.21,15.37,78.0,0.275,20.0,25.64,6.0,7.69,0.873,0.247,28.17,14.55,13.82,28.36,33.81,24.1,125.0,0.262,35.0,28.0,11.0,8.8,0.743,0.131,34.03,16.36,15.35,31.72,30.53,20.0
744925,2024-06-15,2024,457759,R,658648,R,grounded_into_double_play,False,False,170.0,0.203,29.0,17.06,19.0,11.18,0.604,0.10099999999999998,20.17,9.47,16.32,25.79,27.49,11.11,462.0,0.273,78.0,16.88,33.0,7.14,0.765,0.1569999999999999,16.44,7.32,17.97,25.29,25.33,12.0,78.0,0.275,20.0,25.64,6.0,7.69,0.873,0.247,28.17,14.55,13.82,28.36,33.81,24.1,125.0,0.262,35.0,28.0,11.0,8.8,0.743,0.131,34.03,16.36,15.35,31.72,30.53,20.0
744925,2024-06-15,2024,680757,L,650893,L,single,False,False,57.0,0.423,5.0,8.77,5.0,8.77,0.993,0.09600000000000003,5.38,2.15,20.17,22.32,16.67,8.62,224.0,0.26,23.0,10.27,20.0,8.93,0.667,0.08,13.41,5.5,21.44,26.95,22.3,10.5,50.0,0.19,7.0,14.0,5.0,10.0,0.667,0.191,25.0,12.77,11.17,23.94,27.27,14.58,111.0,0.198,31.0,27.93,7.0,6.31,0.63,0.1679999999999999,31.68,15.17,17.06,32.23,29.76,26.5
744925,2024-06-15,2024,665926,L,650893,L,force_out,False,False,83.0,0.286,11.0,13.25,0.0,0.0,0.7150000000000001,0.10400000000000004,21.02,12.01,13.96,25.97,40.94,11.58,197.0,0.268,26.0,13.2,8.0,4.06,0.7130000000000001,0.1169999999999999,23.63,12.79,15.07,27.86,41.69,11.02,50.0,0.19,7.0,14.0,5.0,10.0,0.667,0.191,25.0,12.77,11.17,23.94,27.27,14.58,111.0,0.198,31.0,27.93,7.0,6.31,0.63,0.1679999999999999,31.68,15.17,17.06,32.23,29.76,26.5
744925,2024-06-15,2024,681807,R,650893,L,grounded_into_double_play,False,False,82.0,0.368,16.0,19.51,20.0,24.39,1.268,0.351,24.64,9.71,15.43,25.14,15.85,16.0,51.0,0.227,11.0,21.57,5.0,9.8,0.742,0.1819999999999999,25.66,14.43,11.94,26.37,40.95,15.07,66.0,0.357,9.0,13.64,8.0,12.12,0.942,0.16100000000000003,19.0,8.52,18.39,26.91,26.26,15.0,128.0,0.264,27.0,21.09,17.0,13.28,0.804,0.181,28.36,14.05,11.65,25.69,30.85,15.52
744925,2024-06-15,2024,662139,L,658648,R,field_out,False,False,187.0,0.202,54.0,28.88,18.0,9.63,0.741,0.256,25.92,11.98,16.15,28.12,24.35,24.32,466.0,0.202,111.0,23.82,36.0,7.73,0.662,0.19,25.51,12.84,15.05,27.89,29.23,18.26,53.0,0.133,17.0,32.08,5.0,9.43,0.386,0.044999999999999984,32.22,13.36,17.97,31.34,27.56,30.36,96.0,0.188,19.0,19.79,14.0,14.58,0.5780000000000001,0.074,21.64,9.25,15.0,24.25,24.89,16.1
744925,2024-06-15,2024,543807,R,658648,R,field_out,False,False,197.0,0.217,28.0,14.21,20.0,10.15,0.619,0.10300000000000001,23.82,12.41,12.99,25.4,24.92,14.07,539.0,0.262,101.0,18.74,43.0,7.98,0.738,0.1489999999999999,23.18,11.37,14.48,25.84,23.35,18.21,78.0,0.275,20.0,25.64,6.0,7.69,0.873,0.247,28.17,14.55,13.82,28.36,33.81,24.1,125.0,0.262,35.0,28.0,11.0,8.8,0.743,0.131,34.03,16.36,15.35,31.72,30.53,20.0
744925,2024-06-15,2024,680718,L,658648,R,walk,False,True,16.0,0.062,4.0,25.0,0.0,0.0,0.124,0.0,31.25,18.87,22.64,41.51,47.62,25.0,,,,,,,,,,,,,,,53.0,0.133,17.0,32.08,5.0,9.43,0.386,0.044999999999999984,32.22,13.36,17.97,31.34,27.56,30.36,96.0,0.188,19.0,19.79,14.0,14.58,0.5780000000000001,0.074,21.64,9.25,15.0,24.25,24.89,16.1
744925,2024-06-15,2024,643396,R,658648,R,field_out,False,False,155.0,0.261,20.0,12.9,10.0,6.45,0.687,0.119,13.41,6.17,21.87,28.04,31.64,14.71,273.0,0.246,54.0,19.78,17.0,6.23,0.6479999999999999,0.1069999999999999,19.6,9.05,20.2,29.25,28.6,15.56,78.0,0.275,20.0,25.64,6.0,7.69,0.873,0.247,28.17,14.55,13.82,28.36,33.81,24.1,125.0,0.262,35.0,28.0,11.0,8.8,0.743,0.131,34.03,16.36,15.35,31.72,30.53,20.0
744925,2024-06-15,2024,647304,L,663878,R,walk,False,True,187.0,0.241,26.0,13.9,19.0,10.16,0.8320000000000001,0.265,20.99,10.86,9.95,20.81,33.62,14.61,348.0,0.311,53.0,15.23,25.0,7.18,0.851,0.184,21.29,11.96,9.18,21.15,41.36,16.99,44.0,0.194,13.0,29.55,5.0,11.36,0.573,0.08400000000000002,21.95,9.84,17.49,27.32,21.98,25.49,74.0,0.194,21.0,28.38,11.0,14.86,0.679,0.1609999999999999,28.0,10.7,18.04,28.75,14.62,21.28
744925,2024-06-15,2024,700932,L,663878,R,strikeout,True,False,64.0,0.233,17.0,26.56,2.0,3.12,0.633,0.13399999999999998,24.8,11.79,17.87,29.66,26.83,20.24,,,,,,,,,,,,,,,44.0,0.194,13.0,29.55,5.0,11.36,0.573,0.08400000000000002,21.95,9.84,17.49,27.32,21.98,25.49,74.0,0.194,21.0,28.38,11.0,14.86,0.679,0.1609999999999999,28.0,10.7,18.04,28.75,14.62,21.28
744925,2024-06-15,2024,686823,L,663878,R,field_out,False,False,169.0,0.25,21.0,12.43,14.0,8.28,0.7210000000000001,0.15100000000000002,18.61,9.87,11.71,21.57,32.23,14.38,369.0,0.279,45.0,12.2,14.0,3.79,0.6930000000000001,0.0999999999999999,17.97,10.23,12.48,22.71,38.5,12.47,44.0,0.194,13.0,29.55,5.0,11.36,0.573,0.08400000000000002,21.95,9.84,17.49,27.32,21.98,25.49,74.0,0.194,21.0,28.38,11.0,14.86,0.679,0.1609999999999999,28.0,10.7,18.04,28.75,14.62,21.28
744925,2024-06-15,2024,682177,L,663878,R,field_out,False,False,14.0,0.455,3.0,21.43,3.0,21.43,1.3889999999999998,0.36299999999999993,19.05,8.33,16.67,25.0,17.86,21.43,,,,,,,,,,,,,,,44.0,0.194,13.0,29.55,5.0,11.36,0.573,0.08400000000000002,21.95,9.84,17.49,27.32,21.98,25.49,74.0,0.194,21.0,28.38,11.0,14.86,0.679,0.1609999999999999,28.0,10.7,18.04,28.75,14.62,21.28
746865,2024-06-15,2024,691026,R,684007,L,strikeout,True,False,80.0,0.257,17.0,21.25,6.0,7.5,0.7849999999999999,0.21599999999999997,15.57,7.67,17.99,25.66,33.75,16.5,37.0,0.2,7.0,18.92,1.0,2.7,0.445,0.0289999999999999,21.54,10.0,20.0,30.0,25.4,18.92,217.0,0.223,57.0,26.27,11.0,5.07,0.608,0.12199999999999997,32.07,17.56,11.59,29.15,34.4,23.65,,,,,,,,,,,,,,
746865,2024-06-15,2024,676475,L,684007,L,field_out,False,False,63.0,0.2,7.0,11.11,2.0,3.17,0.576,0.14999999999999997,22.22,12.73,10.45,23.18,34.58,12.5,29.0,0.259,6.0,20.69,2.0,6.9,0.606,0.0369999999999999,18.18,9.62,19.23,28.85,41.82,19.35,59.0,0.237,15.0,25.42,0.0,0.0,0.5249999999999999,0.05099999999999999,22.69,13.04,14.01,27.05,38.54,21.74,,,,,,,,,,,,,,
746865,2024-06-15,2024,502671,R,684007,L,strikeout,True,False,77.0,0.288,15.0,19.48,8.0,10.39,0.752,0.09100000000000003,21.53,9.28,18.86,28.14,25.61,12.93,170.0,0.295,41.0,24.12,20.0,11.76,0.8260000000000001,0.155,26.26,11.0,20.45,31.45,28.73,20.4,217.0,0.223,57.0,26.27,11.0,5.07,0.608,0.12199999999999997,32.07,17.56,11.59,29.15,34.4,23.65,,,,,,,,,,,,,,
746865,2024-06-15,2024,643565,L,669467,R,field_out,False,False,195.0,0.248,39.0,20.0,26.0,13.33,0.756,0.15200000000000002,22.9,11.2,12.23,23.43,23.11,12.7,345.0,0.253,73.0,21.16,50.0,14.49,0.739,0.121,23.95,9.92,17.49,27.41,19.14,15.57,59.0,0.185,12.0,20.34,5.0,8.47,0.45799999999999996,0.01899999999999999,23.36,11.06,17.26,28.32,26.61,18.46,168.0,0.234,22.0,13.1,12.0,7.14,0.694,0.162,16.39,7.94,14.44,22.38,26.07,12.43
746865,2024-06-15,2024,666624,R,669467,R,field_out,False,False,217.0,0.204,52.0,23.96,25.0,11.52,0.688,0.17800000000000002,31.09,14.17,14.17,28.34,24.94,22.03,329.0,0.247,105.0,31.91,27.0,8.21,0.798,0.239,38.21,19.07,13.74,32.81,29.43,27.56,49.0,0.39,5.0,10.2,7.0,14.29,1.075,0.19499999999999995,15.85,6.81,14.66,21.47,24.53,10.64,135.0,0.357,21.0,15.56,18.0,13.33,0.882,0.081,20.85,8.63,16.27,24.9,16.8,16.41
746865,2024-06-15,2024,641355,L,669467,R,strikeout,True,False,171.0,0.225,32.0,18.71,17.0,9.94,0.74,0.205,26.03,13.18,13.02,26.21,32.79,19.75,373.0,0.291,58.0,15.55,27.0,7.24,0.829,0.198,20.08,10.01,15.91,25.92,29.71,13.74,59.0,0.185,12.0,20.34,5.0,8.47,0.45799999999999996,0.01899999999999999,23.36,11.06,17.26,28.32,26.61,18.46,168.0,0.234,22.0,13.1,12.0,7.14,0.694,0.162,16.39,7.94,14.44,22.38,26.07,12.43
746865,2024-06-15,2024,571448,R,684007,L,single,False,False,61.0,0.22,4.0,6.56,1.0,1.64,0.5690000000000001,0.11900000000000002,17.92,8.96,17.92,26.89,36.27,8.0,146.0,0.22,20.0,13.7,10.0,6.85,0.662,0.166,19.62,9.73,14.31,24.05,36.88,13.25,217.0,0.223,57.0,26.27,11.0,5.07,0.608,0.12199999999999997,32.07,17.56,11.59,29.15,34.4,23.65,,,,,,,,,,,,,,
746865,2024-06-15,2024,669357,L,684007,L,field_out,False,False,74.0,0.197,25.0,33.78,7.0,9.46,0.683,0.21199999999999997,34.62,16.36,17.09,33.45,31.39,27.78,86.0,0.26,24.0,27.91,11.0,12.79,0.839,0.2189999999999999,33.77,15.79,17.34,33.13,24.68,27.59,59.0,0.237,15.0,25.42,0.0,0.0,0.5249999999999999,0.05099999999999999,22.69,13.04,14.01,27.05,38.54,21.74,,,,,,,,,,,,,,
746865,2024-06-15,2024,671056,R,684007,L,field_out,False,False,55.0,0.25,11.0,20.0,5.0,9.09,0.66,0.08300000000000002,28.71,13.36,16.13,29.49,21.7,17.46,8.0,0.286,1.0,12.5,1.0,12.5,0.661,0.0,6.67,2.94,11.76,14.71,16.67,20.0,217.0,0.223,57.0,26.27,11.0,5.07,0.608,0.12199999999999997,32.07,17.56,11.59,29.15,34.4,23.65,,,,,,,,,,,,,,
746865,2024-06-15,2024,666185,R,684007,L,field_out,False,False,42.0,0.216,9.0,21.43,4.0,9.52,0.5529999999999999,0.026999999999999996,31.65,15.43,14.81,30.25,29.27,22.5,86.0,0.268,12.0,13.95,12.0,13.95,0.77,0.126,22.46,10.88,12.44,23.32,23.98,9.3,217.0,0.223,57.0,26.27,11.0,5.07,0.608,0.12199999999999997,32.07,17.56,11.59,29.15,34.4,23.65,,,,,,,,,,,,,,
746865,2024-06-15,2024,673548,R,669467,R,single,False,False,139.0,0.274,40.0,28.78,8.0,5.76,0.8069999999999999,0.20199999999999996,26.84,10.9,21.09,31.99,24.15,22.1,419.0,0.278,102.0,24.34,41.0,9.79,0.839,0.2129999999999999,24.3,9.93,20.44,30.37,19.3,20.2,49.0,0.39,5.0,10.2,7.0,14.29,1.075,0.19499999999999995,15.85,6.81,14.66,21.47,24.53,10.64,135.0,0.357,21.0,15.56,18.0,13.33,0.882,0.081,20.85,8.63,16.27,24.9,16.8,16.41
746865,2024-06-15,2024,664023,L,669467,R,single,False,False,207.0,0.208,59.0,28.5,29.0,14.01,0.7,0.162,28.04,12.49,15.8,28.29,22.15,19.41,502.0,0.258,109.0,21.71,80.0,15.94,0.831,0.192,25.86,11.22,15.24,26.46,20.31,17.34,59.0,0.185,12.0,20.34,5.0,8.47,0.45799999999999996,0.01899999999999999,23.36,11.06,17.26,28.32,26.61,18.46,168.0,0.234,22.0,13.1,12.0,7.14,0.694,0.162,16.39,7.94,14.44,22.38,26.07,12.43
746865,2024-06-15,2024,663538,R,669467,R,strikeout,True,False,205.0,0.24,20.0,9.76,20.0,9.76,0.673,0.10100000000000003,13.81,6.24,22.12,28.36,30.86,10.2,508.0,0.274,63.0,12.4,40.0,7.87,0.72,0.0979999999999999,13.4,6.0,20.67,26.67,29.91,12.21,49.0,0.39,5.0,10.2,7.0,14.29,1.075,0.19499999999999995,15.85,6.81,14.66,21.47,24.53,10.64,135.0,0.357,21.0,15.56,18.0,13.33,0.882,0.081,20.85,8.63,16.27,24.9,16.8,16.41
746865,2024-06-15,2024,621020,R,669467,R,field_out,False,False,181.0,0.211,51.0,28.18,13.0,7.18,0.6020000000000001,0.12000000000000002,32.95,15.76,15.22,30.98,24.22,23.08,478.0,0.244,111.0,23.22,49.0,10.25,0.734,0.161,28.04,13.13,15.12,28.26,23.34,18.66,49.0,0.39,5.0,10.2,7.0,14.29,1.075,0.19499999999999995,15.85,6.81,14.66,21.47,24.53,10.64,135.0,0.357,21.0,15.56,18.0,13.33,0.882,0.081,20.85,8.63,16.27,24.9,16.8,16.41
746865,2024-06-15,2024,691718,L,669467,R,strikeout,True,False,84.0,0.211,19.0,22.62,4.0,4.76,0.5589999999999999,0.092,22.87,13.65,10.48,24.13,40.0,17.27,15.0,0.0,6.0,40.0,2.0,13.33,0.154,0.0,44.44,26.67,8.33,35.0,23.08,27.27,59.0,0.185,12.0,20.34,5.0,8.47,0.45799999999999996,0.01899999999999999,23.36,11.06,17.26,28.32,26.61,18.46,168.0,0.234,22.0,13.1,12.0,7.14,0.694,0.162,16.39,7.94,14.44,22.38,26.07,12.43
746865,2024-06-15,2024,680977,L,684007,L,strikeout,True,False,81.0,0.278,5.0,6.17,4.0,4.94,0.722,0.11099999999999999,11.11,4.41,21.02,25.42,18.18,7.81,63.0,0.236,10.0,15.87,6.0,9.52,0.569,0.0,14.29,6.33,19.83,26.16,24.58,15.87,59.0,0.237,15.0,25.42,0.0,0.0,0.5249999999999999,0.05099999999999999,22.69,13.04,14.01,27.05,38.54,21.74,,,,,,,,,,,,,,
746865,2024-06-15,2024,686780,R,684007,L,field_out,False,False,13.0,0.182,2.0,15.38,1.0,7.69,0.504,0.09100000000000003,21.74,11.63,16.28,27.91,21.43,20.0,,,,,,,,,,,,,,,217.0,0.223,57.0,26.27,11.0,5.07,0.608,0.12199999999999997,32.07,17.56,11.59,29.15,34.4,23.65,,,,,,,,,,,,,,
746865,2024-06-15,2024,691026,R,684007,L,strikeout,True,False,80.0,0.257,17.0,21.25,6.0,7.5,0.7849999999999999,0.21599999999999997,15.57,7.67,17.99,25.66,33.75,16.5,37.0,0.2,7.0,18.92,1.0,2.7,0.445,0.0289999999999999,21.54,10.0,20.0,30.0,25.4,18.92,217.0,0.223,57.0,26.27,11.0,5.07,0.608,0.12199999999999997,32.07,17.56,11.59,29.15,34.4,23.65,,,,,,,,,,,,,,
746865,2024-06-15,2024,543228,R,669467,R,single,False,False,76.0,0.167,28.0,36.84,1.0,1.32,0.465,0.11100000000000002,34.08,20.0,13.44,33.44,44.3,26.17,281.0,0.26,59.0,21.0,14.0,4.98,0.6719999999999999,0.0979999999999999,25.45,13.09,15.78,28.88,36.89,18.55,49.0,0.39,5.0,10.2,7.0,14.29,1.075,0.19499999999999995,15.85,6.81,14.66,21.47,24.53,10.64,135.0,0.357,21.0,15.56,18.0,13.33,0.882,0.081,20.85,8.63,16.27,24.9,16.8,16.41
746865,2024-06-15,2024,643565,L,669467,R,grounded_into_double_play,False,False,195.0,0.248,39.0,20.0,26.0,13.33,0.756,0.15200000000000002,22.9,11.2,12.23,23.43,23.11,12.7,345.0,0.253,73.0,21.16,50.0,14.49,0.739,0.121,23.95,9.92,17.49,27.41,19.14,15.57,59.0,0.185,12.0,20.34,5.0,8.47,0.45799999999999996,0.01899999999999999,23.36,11.06,17.26,28.32,26.61,18.46,168.0,0.234,22.0,13.1,12.0,7.14,0.694,0.162,16.39,7.94,14.44,22.38,26.07,12.43
746865,2024-06-15,2024,666624,R,669467,R,field_out,False,False,217.0,0.204,52.0,23.96,25.0,11.52,0.688,0.17800000000000002,31.09,14.17,14.17,28.34,24.94,22.03,329.0,0.247,105.0,31.91,27.0,8.21,0.798,0.239,38.21,19.07,13.74,32.81,29.43,27.56,49.0,0.39,5.0,10.2,7.0,14.29,1.075,0.19499999999999995,15.85,6.81,14.66,21.47,24.53,10.64,135.0,0.357,21.0,15.56,18.0,13.33,0.882,0.081,20.85,8.63,16.27,24.9,16.8,16.41
746865,2024-06-15,2024,676475,L,684007,L,double,False,False,63.0,0.2,7.0,11.11,2.0,3.17,0.576,0.14999999999999997,22.22,12.73,10.45,23.18,34.58,12.5,29.0,0.259,6.0,20.69,2.0,6.9,0.606,0.0369999999999999,18.18,9.62,19.23,28.85,41.82,19.35,59.0,0.237,15.0,25.42,0.0,0.0,0.5249999999999999,0.05099999999999999,22.69,13.04,14.01,27.05,38.54,21.74,,,,,,,,,,,,,,
746865,2024-06-15,2024,502671,R,684007,L,field_out,False,False,77.0,0.288,15.0,19.48,8.0,10.39,0.752,0.09100000000000003,21.53,9.28,18.86,28.14,25.61,12.93,170.0,0.295,41.0,24.12,20.0,11.76,0.8260000000000001,0.155,26.26,11.0,20.45,31.45,28.73,20.4,217.0,0.223,57.0,26.27,11.0,5.07,0.608,0.12199999999999997,32.07,17.56,11.59,29.15,34.4,23.65,,,,,,,,,,,,,,
746865,2024-06-15,2024,571448,R,684007,L,sac_fly,False,False,61.0,0.22,4.0,6.56,1.0,1.64,0.5690000000000001,0.11900000000000002,17.92,8.96,17.92,26.89,36.27,8.0,146.0,0.22,20.0,13.7,10.0,6.85,0.662,0.166,19.62,9.73,14.31,24.05,36.88,13.25,217.0,0.223,57.0,26.27,11.0,5.07,0.608,0.12199999999999997,32.07,17.56,11.59,29.15,34.4,23.65,,,,,,,,,,,,,,
746865,2024-06-15,2024,669357,L,684007,L,field_out,False,False,74.0,0.197,25.0,33.78,7.0,9.46,0.683,0.21199999999999997,34.62,16.36,17.09,33.45,31.39,27.78,86.0,0.26,24.0,27.91,11.0,12.79,0.839,0.2189999999999999,33.77,15.79,17.34,33.13,24.68,27.59,59.0,0.237,15.0,25.42,0.0,0.0,0.5249999999999999,0.05099999999999999,22.69,13.04,14.01,27.05,38.54,21.74,,,,,,,,,,,,,,
746865,2024-06-15,2024,641355,L,669467,R,single,False,False,171.0,0.225,32.0,18.71,17.0,9.94,0.74,0.205,26.03,13.18,13.02,26.21,32.79,19.75,373.0,0.291,58.0,15.55,27.0,7.24,0.829,0.198,20.08,10.01,15.91,25.92,29.71,13.74,59.0,0.185,12.0,20.34,5.0,8.47,0.45799999999999996,0.01899999999999999,23.36,11.06,17.26,28.32,26.61,18.46,168.0,0.234,22.0,13.1,12.0,7.14,0.694,0.162,16.39,7.94,14.44,22.38,26.07,12.43
746865,2024-06-15,2024,673548,R,669467,R,single,False,False,139.0,0.274,40.0,28.78,8.0,5.76,0.8069999999999999,0.20199999999999996,26.84,10.9,21.09,31.99,24.15,22.1,419.0,0.278,102.0,24.34,41.0,9.79,0.839,0.2129999999999999,24.3,9.93,20.44,30.37,19.3,20.2,49.0,0.39,5.0,10.2,7.0,14.29,1.075,0.19499999999999995,15.85,6.81,14.66,21.47,24.53,10.64,135.0,0.357,21.0,15.56,18.0,13.33,0.882,0.081,20.85,8.63,16.27,24.9,16.8,16.41
746865,2024-06-15,2024,664023,L,669467,R,strikeout,True,False,207.0,0.208,59.0,28.5,29.0,14.01,0.7,0.162,28.04,12.49,15.8,28.29,22.15,19.41,502.0,0.258,109.0,21.71,80.0,15.94,0.831,0.192,25.86,11.22,15.24,26.46,20.31,17.34,59.0,0.185,12.0,20.34,5.0,8.47,0.45799999999999996,0.01899999999999999,23.36,11.06,17.26,28.32,26.61,18.46,168.0,0.234,22.0,13.1,12.0,7.14,0.694,0.162,16.39,7.94,14.44,22.38,26.07,12.43
746865,2024-06-15,2024,663538,R,688297,R,field_error,False,False,205.0,0.24,20.0,9.76,20.0,9.76,0.673,0.10100000000000003,13.81,6.24,22.12,28.36,30.86,10.2,508.0,0.274,63.0,12.4,40.0,7.87,0.72,0.0979999999999999,13.4,6.0,20.67,26.67,29.91,12.21,27.0,0.192,8.0,29.63,1.0,3.7,0.53,0.11599999999999999,23.81,11.76,24.71,36.47,41.03,25.81,,,,,,,,,,,,,,
746865,2024-06-15,2024,621020,R,688297,R,field_out,False,False,181.0,0.211,51.0,28.18,13.0,7.18,0.6020000000000001,0.12000000000000002,32.95,15.76,15.22,30.98,24.22,23.08,478.0,0.244,111.0,23.22,49.0,10.25,0.734,0.161,28.04,13.13,15.12,28.26,23.34,18.66,27.0,0.192,8.0,29.63,1.0,3.7,0.53,0.11599999999999999,23.81,11.76,24.71,36.47,41.03,25.81,,,,,,,,,,,,,,
746865,2024-06-15,2024,691718,L,688297,R,walk,False,True,84.0,0.211,19.0,22.62,4.0,4.76,0.5589999999999999,0.092,22.87,13.65,10.48,24.13,40.0,17.27,15.0,0.0,6.0,40.0,2.0,13.33,0.154,0.0,44.44,26.67,8.33,35.0,23.08,27.27,20.0,0.312,4.0,20.0,3.0,15.0,1.012,0.25000000000000006,28.85,15.62,9.38,25.0,30.61,9.52,,,,,,,,,,,,,,
746865,2024-06-15,2024,543228,R,688297,R,field_out,False,False,76.0,0.167,28.0,36.84,1.0,1.32,0.465,0.11100000000000002,34.08,20.0,13.44,33.44,44.3,26.17,281.0,0.26,59.0,21.0,14.0,4.98,0.6719999999999999,0.0979999999999999,25.45,13.09,15.78,28.88,36.89,18.55,27.0,0.192,8.0,29.63,1.0,3.7,0.53,0.11599999999999999,23.81,11.76,24.71,36.47,41.03,25.81,,,,,,,,,,,,,,
746865,2024-06-15,2024,671056,R,684007,L,field_out,False,False,55.0,0.25,11.0,20.0,5.0,9.09,0.66,0.08300000000000002,28.71,13.36,16.13,29.49,21.7,17.46,8.0,0.286,1.0,12.5,1.0,12.5,0.661,0.0,6.67,2.94,11.76,14.71,16.67,20.0,217.0,0.223,57.0,26.27,11.0,5.07,0.608,0.12199999999999997,32.07,17.56,11.59,29.15,34.4,23.65,,,,,,,,,,,,,,
746865,2024-06-15,2024,666185,R,684007,L,field_out,False,False,42.0,0.216,9.0,21.43,4.0,9.52,0.5529999999999999,0.026999999999999996,31.65,15.43,14.81,30.25,29.27,22.5,86.0,0.268,12.0,13.95,12.0,13.95,0.77,0.126,22.46,10.88,12.44,23.32,23.98,9.3,217.0,0.223,57.0,26.27,11.0,5.07,0.608,0.12199999999999997,32.07,17.56,11.59,29.15,34.4,23.65,,,,,,,,,,,,,,
746865,2024-06-15,2024,680977,L,684007,L,field_out,False,False,81.0,0.278,5.0,6.17,4.0,4.94,0.722,0.11099999999999999,11.11,4.41,21.02,25.42,18.18,7.81,63.0,0.236,10.0,15.87,6.0,9.52,0.569,0.0,14.29,6.33,19.83,26.16,24.58,15.87,59.0,0.237,15.0,25.42,0.0,0.0,0.5249999999999999,0.05099999999999999,22.69,13.04,14.01,27.05,38.54,21.74,,,,,,,,,,,,,,
746865,2024-06-15,2024,643565,L,688297,R,single,False,False,195.0,0.248,39.0,20.0,26.0,13.33,0.756,0.15200000000000002,22.9,11.2,12.23,23.43,23.11,12.7,345.0,0.253,73.0,21.16,50.0,14.49,0.739,0.121,23.95,9.92,17.49,27.41,19.14,15.57,20.0,0.312,4.0,20.0,3.0,15.0,1.012,0.25000000000000006,28.85,15.62,9.38,25.0,30.61,9.52,,,,,,,,,,,,,,
746865,2024-06-15,2024,666624,R,688297,R,grounded_into_double_play,False,False,217.0,0.204,52.0,23.96,25.0,11.52,0.688,0.17800000000000002,31.09,14.17,14.17,28.34,24.94,22.03,329.0,0.247,105.0,31.91,27.0,8.21,0.798,0.239,38.21,19.07,13.74,32.81,29.43,27.56,27.0,0.192,8.0,29.63,1.0,3.7,0.53,0.11599999999999999,23.81,11.76,24.71,36.47,41.03,25.81,,,,,,,,,,,,,,
746865,2024-06-15,2024,641355,L,688297,R,walk,False,True,171.0,0.225,32.0,18.71,17.0,9.94,0.74,0.205,26.03,13.18,13.02,26.21,32.79,19.75,373.0,0.291,58.0,15.55,27.0,7.24,0.829,0.198,20.08,10.01,15.91,25.92,29.71,13.74,20.0,0.312,4.0,20.0,3.0,15.0,1.012,0.25000000000000006,28.85,15.62,9.38,25.0,30.61,9.52,,,,,,,,,,,,,,
746865,2024-06-15,2024,673548,R,688297,R,walk,False,True,139.0,0.274,40.0,28.78,8.0,5.76,0.8069999999999999,0.20199999999999996,26.84,10.9,21.09,31.99,24.15,22.1,419.0,0.278,102.0,24.34,41.0,9.79,0.839,0.2129999999999999,24.3,9.93,20.44,30.37,19.3,20.2,27.0,0.192,8.0,29.63,1.0,3.7,0.53,0.11599999999999999,23.81,11.76,24.71,36.47,41.03,25.81,,,,,,,,,,,,,,
746865,2024-06-15,2024,664023,L,688297,R,walk,False,True,207.0,0.208,59.0,28.5,29.0,14.01,0.7,0.162,28.04,12.49,15.8,28.29,22.15,19.41,502.0,0.258,109.0,21.71,80.0,15.94,0.831,0.192,25.86,11.22,15.24,26.46,20.31,17.34,20.0,0.312,4.0,20.0,3.0,15.0,1.012,0.25000000000000006,28.85,15.62,9.38,25.0,30.61,9.52,,,,,,,,,,,,,,
746865,2024-06-15,2024,663538,R,681517,R,field_out,False,False,205.0,0.24,20.0,9.76,20.0,9.76,0.673,0.10100000000000003,13.81,6.24,22.12,28.36,30.86,10.2,508.0,0.274,63.0,12.4,40.0,7.87,0.72,0.0979999999999999,13.4,6.0,20.67,26.67,29.91,12.21,47.0,0.205,6.0,12.77,2.0,4.26,0.484,0.04500000000000001,22.22,12.05,10.24,22.29,31.17,13.95,13.0,0.375,2.0,15.38,4.0,30.77,1.615,0.625,35.29,12.0,18.0,30.0,7.41,25.0
746865,2024-06-15,2024,686780,R,684007,L,field_out,False,False,13.0,0.182,2.0,15.38,1.0,7.69,0.504,0.09100000000000003,21.74,11.63,16.28,27.91,21.43,20.0,,,,,,,,,,,,,,,217.0,0.223,57.0,26.27,11.0,5.07,0.608,0.12199999999999997,32.07,17.56,11.59,29.15,34.4,23.65,,,,,,,,,,,,,,
746865,2024-06-15,2024,691026,R,684007,L,single,False,False,80.0,0.257,17.0,21.25,6.0,7.5,0.7849999999999999,0.21599999999999997,15.57,7.67,17.99,25.66,33.75,16.5,37.0,0.2,7.0,18.92,1.0,2.7,0.445,0.0289999999999999,21.54,10.0,20.0,30.0,25.4,18.92,217.0,0.223,57.0,26.27,11.0,5.07,0.608,0.12199999999999997,32.07,17.56,11.59,29.15,34.4,23.65,,,,,,,,,,,,,,
746865,2024-06-15,2024,676475,L,684007,L,field_out,False,False,63.0,0.2,7.0,11.11,2.0,3.17,0.576,0.14999999999999997,22.22,12.73,10.45,23.18,34.58,12.5,29.0,0.259,6.0,20.69,2.0,6.9,0.606,0.0369999999999999,18.18,9.62,19.23,28.85,41.82,19.35,59.0,0.237,15.0,25.42,0.0,0.0,0.5249999999999999,0.05099999999999999,22.69,13.04,14.01,27.05,38.54,21.74,,,,,,,,,,,,,,
746865,2024-06-15,2024,502671,R,684007,L,field_out,False,False,77.0,0.288,15.0,19.48,8.0,10.39,0.752,0.09100000000000003,21.53,9.28,18.86,28.14,25.61,12.93,170.0,0.295,41.0,24.12,20.0,11.76,0.8260000000000001,0.155,26.26,11.0,20.45,31.45,28.73,20.4,217.0,0.223,57.0,26.27,11.0,5.07,0.608,0.12199999999999997,32.07,17.56,11.59,29.15,34.4,23.65,,,,,,,,,,,,,,
746865,2024-06-15,2024,621020,R,681517,R,walk,False,True,181.0,0.211,51.0,28.18,13.0,7.18,0.6020000000000001,0.12000000000000002,32.95,15.76,15.22,30.98,24.22,23.08,478.0,0.244,111.0,23.22,49.0,10.25,0.734,0.161,28.04,13.13,15.12,28.26,23.34,18.66,47.0,0.205,6.0,12.77,2.0,4.26,0.484,0.04500000000000001,22.22,12.05,10.24,22.29,31.17,13.95,13.0,0.375,2.0,15.38,4.0,30.77,1.615,0.625,35.29,12.0,18.0,30.0,7.41,25.0
746865,2024-06-15,2024,691718,L,681517,R,field_out,False,False,84.0,0.211,19.0,22.62,4.0,4.76,0.5589999999999999,0.092,22.87,13.65,10.48,24.13,40.0,17.27,15.0,0.0,6.0,40.0,2.0,13.33,0.154,0.0,44.44,26.67,8.33,35.0,23.08,27.27,30.0,0.296,6.0,20.0,3.0,10.0,0.774,0.11099999999999999,23.21,10.57,17.89,28.46,26.56,16.22,2.0,1.0,0.0,0.0,1.0,50.0,3.0,1.0,0.0,0.0,12.5,12.5,0.0,
746865,2024-06-15,2024,543228,R,681517,R,grounded_into_double_play,False,False,76.0,0.167,28.0,36.84,1.0,1.32,0.465,0.11100000000000002,34.08,20.0,13.44,33.44,44.3,26.17,281.0,0.26,59.0,21.0,14.0,4.98,0.6719999999999999,0.0979999999999999,25.45,13.09,15.78,28.88,36.89,18.55,47.0,0.205,6.0,12.77,2.0,4.26,0.484,0.04500000000000001,22.22,12.05,10.24,22.29,31.17,13.95,13.0,0.375,2.0,15.38,4.0,30.77,1.615,0.625,35.29,12.0,18.0,30.0,7.41,25.0
746865,2024-06-15,2024,571448,R,684007,L,hit_by_pitch,False,False,61.0,0.22,4.0,6.56,1.0,1.64,0.5690000000000001,0.11900000000000002,17.92,8.96,17.92,26.89,36.27,8.0,146.0,0.22,20.0,13.7,10.0,6.85,0.662,0.166,19.62,9.73,14.31,24.05,36.88,13.25,217.0,0.223,57.0,26.27,11.0,5.07,0.608,0.12199999999999997,32.07,17.56,11.59,29.15,34.4,23.65,,,,,,,,,,,,,,
746865,2024-06-15,2024,669357,L,684007,L,strikeout,True,False,74.0,0.197,25.0,33.78,7.0,9.46,0.683,0.21199999999999997,34.62,16.36,17.09,33.45,31.39,27.78,86.0,0.26,24.0,27.91,11.0,12.79,0.839,0.2189999999999999,33.77,15.79,17.34,33.13,24.68,27.59,59.0,0.237,15.0,25.42,0.0,0.0,0.5249999999999999,0.05099999999999999,22.69,13.04,14.01,27.05,38.54,21.74,,,,,,,,,,,,,,
746865,2024-06-15,2024,671056,R,684007,L,single,False,False,55.0,0.25,11.0,20.0,5.0,9.09,0.66,0.08300000000000002,28.71,13.36,16.13,29.49,21.7,17.46,8.0,0.286,1.0,12.5,1.0,12.5,0.661,0.0,6.67,2.94,11.76,14.71,16.67,20.0,217.0,0.223,57.0,26.27,11.0,5.07,0.608,0.12199999999999997,32.07,17.56,11.59,29.15,34.4,23.65,,,,,,,,,,,,,,
746865,2024-06-15,2024,666185,R,684007,L,field_out,False,False,42.0,0.216,9.0,21.43,4.0,9.52,0.5529999999999999,0.026999999999999996,31.65,15.43,14.81,30.25,29.27,22.5,86.0,0.268,12.0,13.95,12.0,13.95,0.77,0.126,22.46,10.88,12.44,23.32,23.98,9.3,217.0,0.223,57.0,26.27,11.0,5.07,0.608,0.12199999999999997,32.07,17.56,11.59,29.15,34.4,23.65,,,,,,,,,,,,,,
746865,2024-06-15,2024,680977,L,684007,L,strikeout,True,False,81.0,0.278,5.0,6.17,4.0,4.94,0.722,0.11099999999999999,11.11,4.41,21.02,25.42,18.18,7.81,63.0,0.236,10.0,15.87,6.0,9.52,0.569,0.0,14.29,6.33,19.83,26.16,24.58,15.87,59.0,0.237,15.0,25.42,0.0,0.0,0.5249999999999999,0.05099999999999999,22.69,13.04,14.01,27.05,38.54,21.74,,,,,,,,,,,,,,
746865,2024-06-15,2024,643565,L,681517,R,single,False,False,195.0,0.248,39.0,20.0,26.0,13.33,0.756,0.15200000000000002,22.9,11.2,12.23,23.43,23.11,12.7,345.0,0.253,73.0,21.16,50.0,14.49,0.739,0.121,23.95,9.92,17.49,27.41,19.14,15.57,30.0,0.296,6.0,20.0,3.0,10.0,0.774,0.11099999999999999,23.21,10.57,17.89,28.46,26.56,16.22,2.0,1.0,0.0,0.0,1.0,50.0,3.0,1.0,0.0,0.0,12.5,12.5,0.0,
746865,2024-06-15,2024,666624,R,681517,R,field_out,False,False,217.0,0.204,52.0,23.96,25.0,11.52,0.688,0.17800000000000002,31.09,14.17,14.17,28.34,24.94,22.03,329.0,0.247,105.0,31.91,27.0,8.21,0.798,0.239,38.21,19.07,13.74,32.81,29.43,27.56,47.0,0.205,6.0,12.77,2.0,4.26,0.484,0.04500000000000001,22.22,12.05,10.24,22.29,31.17,13.95,13.0,0.375,2.0,15.38,4.0,30.77,1.615,0.625,35.29,12.0,18.0,30.0,7.41,25.0
746865,2024-06-15,2024,641355,L,667463,L,single,False,False,75.0,0.338,9.0,12.0,0.0,0.0,0.806,0.13499999999999995,21.09,11.54,17.95,29.49,37.11,15.25,183.0,0.337,29.0,15.85,13.0,7.1,0.984,0.2589999999999999,20.0,9.84,17.49,27.32,33.33,11.98,45.0,0.233,8.0,17.78,1.0,2.22,0.662,0.162,22.08,10.9,17.95,28.85,31.08,19.51,53.0,0.347,8.0,15.09,3.0,5.66,0.7929999999999999,0.061,23.08,11.6,17.68,29.28,28.75,17.39
746865,2024-06-15,2024,673548,R,667463,L,field_out,False,False,56.0,0.224,11.0,19.64,7.0,12.5,0.729,0.18399999999999997,21.51,8.47,21.19,29.66,18.02,14.29,168.0,0.306,28.0,16.67,18.0,10.71,0.852,0.1659999999999999,13.89,5.59,20.11,25.7,20.92,12.39,47.0,0.214,10.0,21.28,2.0,4.26,0.501,0.048000000000000015,19.74,9.8,18.3,28.1,35.53,33.33,104.0,0.292,12.0,11.54,7.0,6.73,0.722,0.093,20.71,10.06,15.8,25.86,32.8,16.44
746865,2024-06-15,2024,664023,R,667463,L,home_run,False,False,65.0,0.224,14.0,21.54,5.0,7.69,0.625,0.10400000000000001,28.68,15.04,13.41,28.46,27.19,16.67,191.0,0.225,44.0,23.04,19.0,9.95,0.694,0.16,24.04,11.18,15.63,26.81,29.29,17.32,47.0,0.214,10.0,21.28,2.0,4.26,0.501,0.048000000000000015,19.74,9.8,18.3,28.1,35.53,33.33,104.0,0.292,12.0,11.54,7.0,6.73,0.722,0.093,20.71,10.06,15.8,25.86,32.8,16.44
746865,2024-06-15,2024,663538,R,667463,L,field_out,False,False,48.0,0.286,5.0,10.42,5.0,10.42,0.732,0.07100000000000001,15.19,7.14,17.86,25.0,33.77,12.5,180.0,0.306,20.0,11.11,9.0,5.0,0.756,0.1059999999999999,10.25,4.9,18.57,23.48,32.13,11.7,47.0,0.214,10.0,21.28,2.0,4.26,0.501,0.048000000000000015,19.74,9.8,18.3,28.1,35.53,33.33,104.0,0.292,12.0,11.54,7.0,6.73,0.722,0.093,20.71,10.06,15.8,25.86,32.8,16.44
746865,2024-06-15,2024,686780,R,668338,R,field_out,False,False,26.0,0.095,9.0,34.62,4.0,15.38,0.469,0.143,20.75,10.0,18.18,28.18,29.63,25.0,,,,,,,,,,,,,,,60.0,0.179,16.0,26.67,3.0,5.0,0.519,0.10699999999999998,29.84,15.74,14.04,29.79,36.29,18.29,32.0,0.185,7.0,21.88,4.0,12.5,0.503,0.037,28.57,12.31,16.92,29.23,30.26,20.59
746865,2024-06-15,2024,691026,R,668338,R,field_out,False,False,152.0,0.326,25.0,16.45,11.0,7.24,0.774,0.08099999999999996,16.27,7.63,18.76,26.39,29.43,12.69,100.0,0.161,19.0,19.0,9.0,9.0,0.478,0.0799999999999999,21.56,9.11,22.03,31.14,24.87,14.88,60.0,0.179,16.0,26.67,3.0,5.0,0.519,0.10699999999999998,29.84,15.74,14.04,29.79,36.29,18.29,32.0,0.185,7.0,21.88,4.0,12.5,0.503,0.037,28.57,12.31,16.92,29.23,30.26,20.59
746865,2024-06-15,2024,676475,L,668338,R,field_out,False,False,157.0,0.302,24.0,15.29,7.0,4.46,0.808,0.16799999999999998,19.69,11.21,11.92,23.13,35.11,15.0,318.0,0.243,39.0,12.26,21.0,6.6,0.698,0.156,17.66,9.16,14.01,23.17,33.05,13.13,26.0,0.16,6.0,23.08,0.0,0.0,0.632,0.28,29.31,18.68,7.69,26.37,36.17,18.18,32.0,0.276,3.0,9.38,2.0,6.25,0.896,0.276,25.0,12.63,13.68,26.32,18.6,17.65
746865,2024-06-15,2024,621020,R,669461,L,field_out,False,False,48.0,0.244,10.0,20.83,6.0,12.5,0.817,0.21900000000000003,25.61,11.48,12.02,23.5,20.21,23.26,161.0,0.245,43.0,26.71,17.0,10.56,0.771,0.203,30.48,14.79,13.87,28.66,24.48,20.28,86.0,0.319,15.0,17.44,12.0,13.95,0.954,0.22300000000000003,22.35,11.8,11.5,23.3,27.67,14.71,220.0,0.302,37.0,16.82,24.0,10.91,0.861,0.182,19.22,8.65,16.02,24.68,24.94,17.29
746865,2024-06-15,2024,691718,L,669461,L,field_out,False,False,14.0,0.231,5.0,35.71,0.0,0.0,0.517,0.0,38.1,20.51,23.08,43.59,50.0,50.0,4.0,0.0,1.0,25.0,1.0,25.0,0.25,0.0,33.33,7.69,30.77,38.46,0.0,50.0,47.0,0.111,11.0,23.4,2.0,4.26,0.28200000000000003,0.022000000000000006,31.76,14.67,17.39,32.07,21.43,20.75,55.0,0.163,9.0,16.36,1.0,1.82,0.522,0.1229999999999999,16.67,7.21,16.83,24.04,19.19,15.25
746865,2024-06-15,2024,543228,R,669461,L,strikeout,True,False,16.0,0.067,7.0,43.75,1.0,6.25,0.192,0.0,36.36,20.0,15.0,35.0,40.62,38.89,140.0,0.281,22.0,15.71,7.0,5.0,0.825,0.2269999999999999,21.58,11.67,14.79,26.46,37.25,15.83,86.0,0.319,15.0,17.44,12.0,13.95,0.954,0.22300000000000003,22.35,11.8,11.5,23.3,27.67,14.71,220.0,0.302,37.0,16.82,24.0,10.91,0.861,0.182,19.22,8.65,16.02,24.68,24.94,17.29
746865,2024-06-15,2024,502671,R,668338,R,strikeout,True,False,214.0,0.205,69.0,32.24,17.0,7.94,0.616,0.13899999999999998,29.52,14.07,18.65,32.72,30.21,20.3,518.0,0.259,120.0,23.17,67.0,12.93,0.8049999999999999,0.187,27.85,12.3,17.85,30.16,25.85,17.44,60.0,0.179,16.0,26.67,3.0,5.0,0.519,0.10699999999999998,29.84,15.74,14.04,29.79,36.29,18.29,32.0,0.185,7.0,21.88,4.0,12.5,0.503,0.037,28.57,12.31,16.92,29.23,30.26,20.59
746865,2024-06-15,2024,571448,R,668338,R,field_out,False,False,219.0,0.272,42.0,19.18,19.0,8.68,0.7330000000000001,0.123,21.79,9.57,20.27,29.84,30.0,16.03,468.0,0.28,81.0,17.31,31.0,6.62,0.8089999999999999,0.2009999999999999,20.4,9.71,17.28,26.99,33.33,16.43,60.0,0.179,16.0,26.67,3.0,5.0,0.519,0.10699999999999998,29.84,15.74,14.04,29.79,36.29,18.29,32.0,0.185,7.0,21.88,4.0,12.5,0.503,0.037,28.57,12.31,16.92,29.23,30.26,20.59
746865,2024-06-15,2024,669357,L,668338,R,strikeout,True,False,171.0,0.217,61.0,35.67,18.0,10.53,0.774,0.257,39.65,19.54,14.51,34.05,29.75,26.99,378.0,0.231,124.0,32.8,42.0,11.11,0.7969999999999999,0.2459999999999999,35.96,17.73,12.12,29.85,28.13,25.15,26.0,0.16,6.0,23.08,0.0,0.0,0.632,0.28,29.31,18.68,7.69,26.37,36.17,18.18,32.0,0.276,3.0,9.38,2.0,6.25,0.896,0.276,25.0,12.63,13.68,26.32,18.6,17.65
745247,2024-06-15,2024,543760,R,622491,R,single,False,False,214.0,0.222,30.0,14.02,18.0,8.41,0.6559999999999999,0.144,20.82,10.61,14.25,24.86,25.5,17.14,544.0,0.273,77.0,14.15,52.0,9.56,0.8360000000000001,0.2199999999999999,18.01,8.45,14.48,22.93,21.97,13.9,198.0,0.21,59.0,29.8,12.0,6.06,0.608,0.13799999999999998,32.61,16.85,14.36,31.21,33.95,22.48,373.0,0.205,102.0,27.35,20.0,5.36,0.591,0.132,30.45,15.84,15.15,30.98,33.29,22.7
745247,2024-06-15,2024,608369,L,622491,R,field_out,False,False,173.0,0.279,19.0,10.98,31.0,17.92,0.946,0.257,19.73,9.53,8.08,17.61,24.05,12.67,370.0,0.333,55.0,14.86,42.0,11.35,1.075,0.334,23.9,12.77,6.35,19.12,27.26,15.8,170.0,0.258,33.0,19.41,12.0,7.06,0.767,0.194,20.72,10.45,15.3,25.76,30.12,14.67,431.0,0.229,117.0,27.15,36.0,8.35,0.741,0.217,30.72,16.0,13.84,29.84,29.45,19.4
745247,2024-06-15,2024,666969,R,622491,R,strikeout,True,False,188.0,0.202,49.0,26.06,11.0,5.85,0.654,0.197,35.23,18.28,11.67,29.96,34.79,24.5,480.0,0.245,138.0,28.75,41.0,8.54,0.8260000000000001,0.264,31.65,15.93,13.92,29.85,32.02,21.97,198.0,0.21,59.0,29.8,12.0,6.06,0.608,0.13799999999999998,32.61,16.85,14.36,31.21,33.95,22.48,373.0,0.205,102.0,27.35,20.0,5.36,0.591,0.132,30.45,15.84,15.15,30.98,33.29,22.7
745247,2024-06-15,2024,663993,L,622491,R,double,False,False,129.0,0.248,25.0,19.38,17.0,13.18,0.698,0.10099999999999998,14.98,6.18,18.36,24.55,26.35,14.79,505.0,0.279,113.0,22.38,69.0,13.66,0.833,0.172,19.81,8.64,15.62,24.26,19.45,16.87,170.0,0.258,33.0,19.41,12.0,7.06,0.767,0.194,20.72,10.45,15.3,25.76,30.12,14.67,431.0,0.229,117.0,27.15,36.0,8.35,0.741,0.217,30.72,16.0,13.84,29.84,29.45,19.4
745247,2024-06-15,2024,694671,R,622491,R,single,False,False,139.0,0.25,25.0,17.99,10.0,7.19,0.614,0.05499999999999999,20.08,8.93,18.74,27.67,23.29,13.44,,,,,,,,,,,,,,,198.0,0.21,59.0,29.8,12.0,6.06,0.608,0.13799999999999998,32.61,16.85,14.36,31.21,33.95,22.48,373.0,0.205,102.0,27.35,20.0,5.36,0.591,0.132,30.45,15.84,15.15,30.98,33.29,22.7
745247,2024-06-15,2024,665750,L,622491,R,strikeout,True,False,170.0,0.224,32.0,18.82,14.0,8.24,0.641,0.12899999999999998,22.22,11.06,15.64,26.7,30.94,17.3,405.0,0.275,86.0,21.23,25.0,6.17,0.767,0.174,24.9,12.5,15.05,27.55,29.44,18.34,170.0,0.258,33.0,19.41,12.0,7.06,0.767,0.194,20.72,10.45,15.3,25.76,30.12,14.67,431.0,0.229,117.0,27.15,36.0,8.35,0.741,0.217,30.72,16.0,13.84,29.84,29.45,19.4
745247,2024-06-15,2024,641487,L,571760,L,field_out,False,False,64.0,0.298,8.0,12.5,7.0,10.94,0.849,0.176,13.59,5.2,23.42,28.62,10.53,9.64,193.0,0.267,41.0,21.24,27.0,13.99,0.755,0.1149999999999999,19.56,7.7,20.12,27.83,20.15,17.67,53.0,0.283,10.0,18.87,6.0,11.32,0.735,0.08700000000000002,13.79,5.91,17.24,23.15,20.2,16.67,128.0,0.276,26.0,20.31,22.0,17.19,0.806,0.124,23.36,9.23,18.82,28.04,22.3,14.88
745247,2024-06-15,2024,571745,R,571760,L,strikeout,True,False,78.0,0.164,21.0,26.92,5.0,6.41,0.396,0.013999999999999985,30.56,14.24,17.48,31.72,28.0,20.0,69.0,0.254,17.0,24.64,5.0,7.25,0.706,0.143,26.02,11.43,17.5,28.93,26.06,19.54,238.0,0.258,52.0,21.85,12.0,5.04,0.733,0.172,28.29,15.12,13.63,28.75,34.99,17.05,514.0,0.246,125.0,24.32,38.0,7.39,0.762,0.202,27.12,13.67,13.77,27.44,32.52,19.0
745247,2024-06-15,2024,677594,R,571760,L,walk,False,True,84.0,0.303,24.0,28.57,6.0,7.14,0.782,0.118,33.53,18.15,10.51,28.66,36.31,25.26,169.0,0.301,48.0,28.4,12.0,7.1,0.842,0.186,29.55,15.52,11.29,26.8,35.14,26.23,238.0,0.258,52.0,21.85,12.0,5.04,0.733,0.172,28.29,15.12,13.63,28.75,34.99,17.05,514.0,0.246,125.0,24.32,38.0,7.39,0.762,0.202,27.12,13.67,13.77,27.44,32.52,19.0
745247,2024-06-15,2024,641598,R,571760,L,home_run,False,False,69.0,0.22,16.0,23.19,10.0,14.49,0.825,0.272,24.0,9.2,21.78,30.98,19.39,13.11,84.0,0.344,12.0,14.29,19.0,22.62,0.938,0.094,15.7,5.37,20.06,25.42,13.76,12.9,238.0,0.258,52.0,21.85,12.0,5.04,0.733,0.172,28.29,15.12,13.63,28.75,34.99,17.05,514.0,0.246,125.0,24.32,38.0,7.39,0.762,0.202,27.12,13.67,13.77,27.44,32.52,19.0
745247,2024-06-15,2024,663728,R,571760,L,field_out,False,False,64.0,0.13,18.0,28.12,6.0,9.38,0.641,0.27699999999999997,33.57,17.98,9.74,27.72,32.86,19.57,108.0,0.218,32.0,29.63,7.0,6.48,0.645,0.158,31.38,17.77,9.0,26.78,35.38,24.06,238.0,0.258,52.0,21.85,12.0,5.04,0.733,0.172,28.29,15.12,13.63,28.75,34.99,17.05,514.0,0.246,125.0,24.32,38.0,7.39,0.762,0.202,27.12,13.67,13.77,27.44,32.52,19.0
745247,2024-06-15,2024,677649,R,622491,R,strikeout,True,False,93.0,0.27,22.0,23.66,3.0,3.23,0.6719999999999999,0.10099999999999998,23.71,13.26,11.53,24.78,37.22,16.54,308.0,0.277,86.0,27.92,13.0,4.22,0.738,0.1409999999999999,28.89,15.73,13.64,29.37,39.12,22.25,198.0,0.21,59.0,29.8,12.0,6.06,0.608,0.13799999999999998,32.61,16.85,14.36,31.21,33.95,22.48,373.0,0.205,102.0,27.35,20.0,5.36,0.591,0.132,30.45,15.84,15.15,30.98,33.29,22.7
745247,2024-06-15,2024,668800,R,622491,R,strikeout,True,False,32.0,0.161,8.0,25.0,1.0,3.12,0.446,0.097,27.69,14.63,18.7,33.33,45.07,19.05,161.0,0.264,40.0,24.84,9.0,5.59,0.731,0.1549999999999999,26.76,14.36,14.36,28.73,35.04,24.84,198.0,0.21,59.0,29.8,12.0,6.06,0.608,0.13799999999999998,32.61,16.85,14.36,31.21,33.95,22.48,373.0,0.205,102.0,27.35,20.0,5.36,0.591,0.132,30.45,15.84,15.15,30.98,33.29,22.7
745247,2024-06-15,2024,673995,R,622491,R,strikeout,True,False,6.0,0.167,3.0,50.0,0.0,0.0,0.334,0.0,33.33,14.29,28.57,42.86,33.33,42.86,,,,,,,,,,,,,,,198.0,0.21,59.0,29.8,12.0,6.06,0.608,0.13799999999999998,32.61,16.85,14.36,31.21,33.95,22.48,373.0,0.205,102.0,27.35,20.0,5.36,0.591,0.132,30.45,15.84,15.15,30.98,33.29,22.7
745247,2024-06-15,2024,664238,R,571760,L,field_out,False,False,75.0,0.206,19.0,25.33,7.0,9.33,0.706,0.207,21.54,9.59,17.12,26.71,20.57,22.62,92.0,0.222,28.0,30.43,10.0,10.87,0.796,0.259,33.33,14.66,18.06,32.72,23.83,23.53,238.0,0.258,52.0,21.85,12.0,5.04,0.733,0.172,28.29,15.12,13.63,28.75,34.99,17.05,514.0,0.246,125.0,24.32,38.0,7.39,0.762,0.202,27.12,13.67,13.77,27.44,32.52,19.0
745247,2024-06-15,2024,682988,R,571760,L,strikeout,True,False,10.0,0.2,5.0,50.0,0.0,0.0,0.7,0.3,48.0,31.58,7.89,39.47,42.11,33.33,,,,,,,,,,,,,,,238.0,0.258,52.0,21.85,12.0,5.04,0.733,0.172,28.29,15.12,13.63,28.75,34.99,17.05,514.0,0.246,125.0,24.32,38.0,7.39,0.762,0.202,27.12,13.67,13.77,27.44,32.52,19.0
745247,2024-06-15,2024,645302,R,571760,L,single,False,False,19.0,0.25,6.0,31.58,1.0,5.26,0.708,0.125,29.63,16.0,14.0,30.0,34.78,54.55,40.0,0.364,3.0,7.5,4.0,10.0,0.871,0.06,14.49,7.25,11.59,18.84,26.76,8.33,238.0,0.258,52.0,21.85,12.0,5.04,0.733,0.172,28.29,15.12,13.63,28.75,34.99,17.05,514.0,0.246,125.0,24.32,38.0,7.39,0.762,0.202,27.12,13.67,13.77,27.44,32.52,19.0
745247,2024-06-15,2024,669208,R,571760,L,field_out,False,False,19.0,0.125,9.0,47.37,3.0,15.79,0.575,0.187,44.12,18.07,16.87,34.94,18.6,40.91,,,,,,,,,,,,,,,238.0,0.258,52.0,21.85,12.0,5.04,0.733,0.172,28.29,15.12,13.63,28.75,34.99,17.05,514.0,0.246,125.0,24.32,38.0,7.39,0.762,0.202,27.12,13.67,13.77,27.44,32.52,19.0
745247,2024-06-15,2024,543760,R,622491,R,field_out,False,False,214.0,0.222,30.0,14.02,18.0,8.41,0.6559999999999999,0.144,20.82,10.61,14.25,24.86,25.5,17.14,544.0,0.273,77.0,14.15,52.0,9.56,0.8360000000000001,0.2199999999999999,18.01,8.45,14.48,22.93,21.97,13.9,198.0,0.21,59.0,29.8,12.0,6.06,0.608,0.13799999999999998,32.61,16.85,14.36,31.21,33.95,22.48,373.0,0.205,102.0,27.35,20.0,5.36,0.591,0.132,30.45,15.84,15.15,30.98,33.29,22.7
745247,2024-06-15,2024,608369,L,622491,R,field_out,False,False,173.0,0.279,19.0,10.98,31.0,17.92,0.946,0.257,19.73,9.53,8.08,17.61,24.05,12.67,370.0,0.333,55.0,14.86,42.0,11.35,1.075,0.334,23.9,12.77,6.35,19.12,27.26,15.8,170.0,0.258,33.0,19.41,12.0,7.06,0.767,0.194,20.72,10.45,15.3,25.76,30.12,14.67,431.0,0.229,117.0,27.15,36.0,8.35,0.741,0.217,30.72,16.0,13.84,29.84,29.45,19.4
745247,2024-06-15,2024,666969,R,622491,R,field_out,False,False,188.0,0.202,49.0,26.06,11.0,5.85,0.654,0.197,35.23,18.28,11.67,29.96,34.79,24.5,480.0,0.245,138.0,28.75,41.0,8.54,0.8260000000000001,0.264,31.65,15.93,13.92,29.85,32.02,21.97,198.0,0.21,59.0,29.8,12.0,6.06,0.608,0.13799999999999998,32.61,16.85,14.36,31.21,33.95,22.48,373.0,0.205,102.0,27.35,20.0,5.36,0.591,0.132,30.45,15.84,15.15,30.98,33.29,22.7
745247,2024-06-15,2024,641487,L,571760,L,single,False,False,64.0,0.298,8.0,12.5,7.0,10.94,0.849,0.176,13.59,5.2,23.42,28.62,10.53,9.64,193.0,0.267,41.0,21.24,27.0,13.99,0.755,0.1149999999999999,19.56,7.7,20.12,27.83,20.15,17.67,53.0,0.283,10.0,18.87,6.0,11.32,0.735,0.08700000000000002,13.79,5.91,17.24,23.15,20.2,16.67,128.0,0.276,26.0,20.31,22.0,17.19,0.806,0.124,23.36,9.23,18.82,28.04,22.3,14.88
745247,2024-06-15,2024,571745,R,571760,L,single,False,False,78.0,0.164,21.0,26.92,5.0,6.41,0.396,0.013999999999999985,30.56,14.24,17.48,31.72,28.0,20.0,69.0,0.254,17.0,24.64,5.0,7.25,0.706,0.143,26.02,11.43,17.5,28.93,26.06,19.54,238.0,0.258,52.0,21.85,12.0,5.04,0.733,0.172,28.29,15.12,13.63,28.75,34.99,17.05,514.0,0.246,125.0,24.32,38.0,7.39,0.762,0.202,27.12,13.67,13.77,27.44,32.52,19.0
745247,2024-06-15,2024,677594,R,571760,L,force_out,False,False,84.0,0.303,24.0,28.57,6.0,7.14,0.782,0.118,33.53,18.15,10.51,28.66,36.31,25.26,169.0,0.301,48.0,28.4,12.0,7.1,0.842,0.186,29.55,15.52,11.29,26.8,35.14,26.23,238.0,0.258,52.0,21.85,12.0,5.04,0.733,0.172,28.29,15.12,13.63,28.75,34.99,17.05,514.0,0.246,125.0,24.32,38.0,7.39,0.762,0.202,27.12,13.67,13.77,27.44,32.52,19.0
745247,2024-06-15,2024,641598,R,571760,L,field_out,False,False,69.0,0.22,16.0,23.19,10.0,14.49,0.825,0.272,24.0,9.2,21.78,30.98,19.39,13.11,84.0,0.344,12.0,14.29,19.0,22.62,0.938,0.094,15.7,5.37,20.06,25.42,13.76,12.9,238.0,0.258,52.0,21.85,12.0,5.04,0.733,0.172,28.29,15.12,13.63,28.75,34.99,17.05,514.0,0.246,125.0,24.32,38.0,7.39,0.762,0.202,27.12,13.67,13.77,27.44,32.52,19.0
745247,2024-06-15,2024,663728,R,571760,L,force_out,False,False,64.0,0.13,18.0,28.12,6.0,9.38,0.641,0.27699999999999997,33.57,17.98,9.74,27.72,32.86,19.57,108.0,0.218,32.0,29.63,7.0,6.48,0.645,0.158,31.38,17.77,9.0,26.78,35.38,24.06,238.0,0.258,52.0,21.85,12.0,5.04,0.733,0.172,28.29,15.12,13.63,28.75,34.99,17.05,514.0,0.246,125.0,24.32,38.0,7.39,0.762,0.202,27.12,13.67,13.77,27.44,32.52,19.0
745247,2024-06-15,2024,663993,L,622491,R,strikeout,True,False,129.0,0.248,25.0,19.38,17.0,13.18,0.698,0.10099999999999998,14.98,6.18,18.36,24.55,26.35,14.79,505.0,0.279,113.0,22.38,69.0,13.66,0.833,0.172,19.81,8.64,15.62,24.26,19.45,16.87,170.0,0.258,33.0,19.41,12.0,7.06,0.767,0.194,20.72,10.45,15.3,25.76,30.12,14.67,431.0,0.229,117.0,27.15,36.0,8.35,0.741,0.217,30.72,16.0,13.84,29.84,29.45,19.4
745247,2024-06-15,2024,694671,R,622491,R,field_out,False,False,139.0,0.25,25.0,17.99,10.0,7.19,0.614,0.05499999999999999,20.08,8.93,18.74,27.67,23.29,13.44,,,,,,,,,,,,,,,198.0,0.21,59.0,29.8,12.0,6.06,0.608,0.13799999999999998,32.61,16.85,14.36,31.21,33.95,22.48,373.0,0.205,102.0,27.35,20.0,5.36,0.591,0.132,30.45,15.84,15.15,30.98,33.29,22.7
745247,2024-06-15,2024,665750,L,622491,R,walk,False,True,170.0,0.224,32.0,18.82,14.0,8.24,0.641,0.12899999999999998,22.22,11.06,15.64,26.7,30.94,17.3,405.0,0.275,86.0,21.23,25.0,6.17,0.767,0.174,24.9,12.5,15.05,27.55,29.44,18.34,170.0,0.258,33.0,19.41,12.0,7.06,0.767,0.194,20.72,10.45,15.3,25.76,30.12,14.67,431.0,0.229,117.0,27.15,36.0,8.35,0.741,0.217,30.72,16.0,13.84,29.84,29.45,19.4
745247,2024-06-15,2024,677649,R,622491,R,field_out,False,False,93.0,0.27,22.0,23.66,3.0,3.23,0.6719999999999999,0.10099999999999998,23.71,13.26,11.53,24.78,37.22,16.54,308.0,0.277,86.0,27.92,13.0,4.22,0.738,0.1409999999999999,28.89,15.73,13.64,29.37,39.12,22.25,198.0,0.21,59.0,29.8,12.0,6.06,0.608,0.13799999999999998,32.61,16.85,14.36,31.21,33.95,22.48,373.0,0.205,102.0,27.35,20.0,5.36,0.591,0.132,30.45,15.84,15.15,30.98,33.29,22.7
745247,2024-06-15,2024,664238,R,571760,L,field_out,False,False,75.0,0.206,19.0,25.33,7.0,9.33,0.706,0.207,21.54,9.59,17.12,26.71,20.57,22.62,92.0,0.222,28.0,30.43,10.0,10.87,0.796,0.259,33.33,14.66,18.06,32.72,23.83,23.53,238.0,0.258,52.0,21.85,12.0,5.04,0.733,0.172,28.29,15.12,13.63,28.75,34.99,17.05,514.0,0.246,125.0,24.32,38.0,7.39,0.762,0.202,27.12,13.67,13.77,27.44,32.52,19.0
745247,2024-06-15,2024,682988,R,571760,L,single,False,False,10.0,0.2,5.0,50.0,0.0,0.0,0.7,0.3,48.0,31.58,7.89,39.47,42.11,33.33,,,,,,,,,,,,,,,238.0,0.258,52.0,21.85,12.0,5.04,0.733,0.172,28.29,15.12,13.63,28.75,34.99,17.05,514.0,0.246,125.0,24.32,38.0,7.39,0.762,0.202,27.12,13.67,13.77,27.44,32.52,19.0
745247,2024-06-15,2024,645302,R,571760,L,single,False,False,19.0,0.25,6.0,31.58,1.0,5.26,0.708,0.125,29.63,16.0,14.0,30.0,34.78,54.55,40.0,0.364,3.0,7.5,4.0,10.0,0.871,0.06,14.49,7.25,11.59,18.84,26.76,8.33,238.0,0.258,52.0,21.85,12.0,5.04,0.733,0.172,28.29,15.12,13.63,28.75,34.99,17.05,514.0,0.246,125.0,24.32,38.0,7.39,0.762,0.202,27.12,13.67,13.77,27.44,32.52,19.0
745247,2024-06-15,2024,669208,R,571760,L,strikeout,True,False,19.0,0.125,9.0,47.37,3.0,15.79,0.575,0.187,44.12,18.07,16.87,34.94,18.6,40.91,,,,,,,,,,,,,,,238.0,0.258,52.0,21.85,12.0,5.04,0.733,0.172,28.29,15.12,13.63,28.75,34.99,17.05,514.0,0.246,125.0,24.32,38.0,7.39,0.762,0.202,27.12,13.67,13.77,27.44,32.52,19.0
745247,2024-06-15,2024,641487,L,571760,L,walk,False,True,64.0,0.298,8.0,12.5,7.0,10.94,0.849,0.176,13.59,5.2,23.42,28.62,10.53,9.64,193.0,0.267,41.0,21.24,27.0,13.99,0.755,0.1149999999999999,19.56,7.7,20.12,27.83,20.15,17.67,53.0,0.283,10.0,18.87,6.0,11.32,0.735,0.08700000000000002,13.79,5.91,17.24,23.15,20.2,16.67,128.0,0.276,26.0,20.31,22.0,17.19,0.806,0.124,23.36,9.23,18.82,28.04,22.3,14.88
745247,2024-06-15,2024,571745,R,571760,L,field_out,False,False,78.0,0.164,21.0,26.92,5.0,6.41,0.396,0.013999999999999985,30.56,14.24,17.48,31.72,28.0,20.0,69.0,0.254,17.0,24.64,5.0,7.25,0.706,0.143,26.02,11.43,17.5,28.93,26.06,19.54,238.0,0.258,52.0,21.85,12.0,5.04,0.733,0.172,28.29,15.12,13.63,28.75,34.99,17.05,514.0,0.246,125.0,24.32,38.0,7.39,0.762,0.202,27.12,13.67,13.77,27.44,32.52,19.0
745247,2024-06-15,2024,668800,R,622491,R,field_out,False,False,32.0,0.161,8.0,25.0,1.0,3.12,0.446,0.097,27.69,14.63,18.7,33.33,45.07,19.05,161.0,0.264,40.0,24.84,9.0,5.59,0.731,0.1549999999999999,26.76,14.36,14.36,28.73,35.04,24.84,198.0,0.21,59.0,29.8,12.0,6.06,0.608,0.13799999999999998,32.61,16.85,14.36,31.21,33.95,22.48,373.0,0.205,102.0,27.35,20.0,5.36,0.591,0.132,30.45,15.84,15.15,30.98,33.29,22.7
745247,2024-06-15,2024,673995,R,622491,R,field_out,False,False,6.0,0.167,3.0,50.0,0.0,0.0,0.334,0.0,33.33,14.29,28.57,42.86,33.33,42.86,,,,,,,,,,,,,,,198.0,0.21,59.0,29.8,12.0,6.06,0.608,0.13799999999999998,32.61,16.85,14.36,31.21,33.95,22.48,373.0,0.205,102.0,27.35,20.0,5.36,0.591,0.132,30.45,15.84,15.15,30.98,33.29,22.7
745247,2024-06-15,2024,543760,R,622491,R,field_out,False,False,214.0,0.222,30.0,14.02,18.0,8.41,0.6559999999999999,0.144,20.82,10.61,14.25,24.86,25.5,17.14,544.0,0.273,77.0,14.15,52.0,9.56,0.8360000000000001,0.2199999999999999,18.01,8.45,14.48,22.93,21.97,13.9,198.0,0.21,59.0,29.8,12.0,6.06,0.608,0.13799999999999998,32.61,16.85,14.36,31.21,33.95,22.48,373.0,0.205,102.0,27.35,20.0,5.36,0.591,0.132,30.45,15.84,15.15,30.98,33.29,22.7
745247,2024-06-15,2024,677594,R,571760,L,strikeout,True,False,84.0,0.303,24.0,28.57,6.0,7.14,0.782,0.118,33.53,18.15,10.51,28.66,36.31,25.26,169.0,0.301,48.0,28.4,12.0,7.1,0.842,0.186,29.55,15.52,11.29,26.8,35.14,26.23,238.0,0.258,52.0,21.85,12.0,5.04,0.733,0.172,28.29,15.12,13.63,28.75,34.99,17.05,514.0,0.246,125.0,24.32,38.0,7.39,0.762,0.202,27.12,13.67,13.77,27.44,32.52,19.0
745247,2024-06-15,2024,641598,R,571760,L,walk,False,True,69.0,0.22,16.0,23.19,10.0,14.49,0.825,0.272,24.0,9.2,21.78,30.98,19.39,13.11,84.0,0.344,12.0,14.29,19.0,22.62,0.938,0.094,15.7,5.37,20.06,25.42,13.76,12.9,238.0,0.258,52.0,21.85,12.0,5.04,0.733,0.172,28.29,15.12,13.63,28.75,34.99,17.05,514.0,0.246,125.0,24.32,38.0,7.39,0.762,0.202,27.12,13.67,13.77,27.44,32.52,19.0
745247,2024-06-15,2024,663728,R,571760,L,field_out,False,False,64.0,0.13,18.0,28.12,6.0,9.38,0.641,0.27699999999999997,33.57,17.98,9.74,27.72,32.86,19.57,108.0,0.218,32.0,29.63,7.0,6.48,0.645,0.158,31.38,17.77,9.0,26.78,35.38,24.06,238.0,0.258,52.0,21.85,12.0,5.04,0.733,0.172,28.29,15.12,13.63,28.75,34.99,17.05,514.0,0.246,125.0,24.32,38.0,7.39,0.762,0.202,27.12,13.67,13.77,27.44,32.52,19.0
745247,2024-06-15,2024,664238,R,570632,R,field_out,False,False,136.0,0.211,36.0,26.47,14.0,10.29,0.7170000000000001,0.17500000000000002,25.32,10.85,18.08,28.93,18.25,21.18,73.0,0.188,28.0,38.36,6.0,8.22,0.647,0.1709999999999999,33.56,16.33,21.33,37.67,34.46,26.17,131.0,0.237,20.0,15.27,12.0,9.16,0.7110000000000001,0.16100000000000003,22.47,9.96,15.82,25.78,24.64,13.89,90.0,0.257,14.0,15.56,11.0,12.22,1.001,0.392,23.78,11.17,16.62,27.79,29.95,13.59
745247,2024-06-15,2024,608369,L,622491,R,field_out,False,False,173.0,0.279,19.0,10.98,31.0,17.92,0.946,0.257,19.73,9.53,8.08,17.61,24.05,12.67,370.0,0.333,55.0,14.86,42.0,11.35,1.075,0.334,23.9,12.77,6.35,19.12,27.26,15.8,170.0,0.258,33.0,19.41,12.0,7.06,0.767,0.194,20.72,10.45,15.3,25.76,30.12,14.67,431.0,0.229,117.0,27.15,36.0,8.35,0.741,0.217,30.72,16.0,13.84,29.84,29.45,19.4
745247,2024-06-15,2024,666969,R,622491,R,double,False,False,188.0,0.202,49.0,26.06,11.0,5.85,0.654,0.197,35.23,18.28,11.67,29.96,34.79,24.5,480.0,0.245,138.0,28.75,41.0,8.54,0.8260000000000001,0.264,31.65,15.93,13.92,29.85,32.02,21.97,198.0,0.21,59.0,29.8,12.0,6.06,0.608,0.13799999999999998,32.61,16.85,14.36,31.21,33.95,22.48,373.0,0.205,102.0,27.35,20.0,5.36,0.591,0.132,30.45,15.84,15.15,30.98,33.29,22.7
745247,2024-06-15,2024,663993,L,622491,R,strikeout,True,False,129.0,0.248,25.0,19.38,17.0,13.18,0.698,0.10099999999999998,14.98,6.18,18.36,24.55,26.35,14.79,505.0,0.279,113.0,22.38,69.0,13.66,0.833,0.172,19.81,8.64,15.62,24.26,19.45,16.87,170.0,0.258,33.0,19.41,12.0,7.06,0.767,0.194,20.72,10.45,15.3,25.76,30.12,14.67,431.0,0.229,117.0,27.15,36.0,8.35,0.741,0.217,30.72,16.0,13.84,29.84,29.45,19.4
745247,2024-06-15,2024,694671,R,622491,R,fielders_choice_out,False,False,139.0,0.25,25.0,17.99,10.0,7.19,0.614,0.05499999999999999,20.08,8.93,18.74,27.67,23.29,13.44,,,,,,,,,,,,,,,198.0,0.21,59.0,29.8,12.0,6.06,0.608,0.13799999999999998,32.61,16.85,14.36,31.21,33.95,22.48,373.0,0.205,102.0,27.35,20.0,5.36,0.591,0.132,30.45,15.84,15.15,30.98,33.29,22.7
745247,2024-06-15,2024,682988,R,570632,R,strikeout,True,False,11.0,0.3,3.0,27.27,0.0,0.0,0.764,0.10000000000000003,19.05,8.7,17.39,26.09,23.81,17.65,,,,,,,,,,,,,,,131.0,0.237,20.0,15.27,12.0,9.16,0.7110000000000001,0.16100000000000003,22.47,9.96,15.82,25.78,24.64,13.89,90.0,0.257,14.0,15.56,11.0,12.22,1.001,0.392,23.78,11.17,16.62,27.79,29.95,13.59
745247,2024-06-15,2024,670042,L,570632,R,field_out,False,False,149.0,0.264,46.0,30.87,4.0,2.68,0.752,0.179,35.64,19.6,10.89,30.49,30.22,29.68,363.0,0.247,112.0,30.85,26.0,7.16,0.8340000000000001,0.25,38.6,19.83,11.57,31.39,31.1,26.79,100.0,0.217,19.0,19.0,6.0,6.0,0.608,0.13099999999999998,26.46,12.69,14.21,26.9,33.05,18.81,115.0,0.304,15.0,13.04,11.0,9.57,0.927,0.255,20.1,9.48,13.51,22.99,30.2,13.51
745247,2024-06-15,2024,668942,L,570632,R,strikeout,True,False,185.0,0.271,29.0,15.68,16.0,8.65,0.7430000000000001,0.133,18.26,8.44,16.46,24.9,22.32,14.01,299.0,0.249,64.0,21.4,22.0,7.36,0.6559999999999999,0.1019999999999999,22.77,10.13,19.65,29.78,25.55,19.69,100.0,0.217,19.0,19.0,6.0,6.0,0.608,0.13099999999999998,26.46,12.69,14.21,26.9,33.05,18.81,115.0,0.304,15.0,13.04,11.0,9.57,0.927,0.255,20.1,9.48,13.51,22.99,30.2,13.51
745247,2024-06-15,2024,665750,L,657508,R,strikeout,True,False,170.0,0.224,32.0,18.82,14.0,8.24,0.641,0.12899999999999998,22.22,11.06,15.64,26.7,30.94,17.3,405.0,0.275,86.0,21.23,25.0,6.17,0.767,0.174,24.9,12.5,15.05,27.55,29.44,18.34,43.0,0.257,10.0,23.26,7.0,16.28,0.8009999999999999,0.172,18.92,8.48,16.97,25.45,19.74,19.61,100.0,0.209,28.0,28.0,14.0,14.0,0.6799999999999999,0.151,26.6,12.25,16.91,29.17,27.69,22.05
745247,2024-06-15,2024,677649,R,657508,R,field_out,False,False,93.0,0.27,22.0,23.66,3.0,3.23,0.6719999999999999,0.10099999999999998,23.71,13.26,11.53,24.78,37.22,16.54,308.0,0.277,86.0,27.92,13.0,4.22,0.738,0.1409999999999999,28.89,15.73,13.64,29.37,39.12,22.25,77.0,0.214,17.0,22.08,6.0,7.79,0.657,0.157,28.26,13.83,15.25,29.08,26.71,21.52,173.0,0.228,33.0,19.08,19.0,10.98,0.696,0.148,24.01,11.74,12.93,24.67,27.17,16.02
745247,2024-06-15,2024,668800,R,657508,R,field_out,False,False,32.0,0.161,8.0,25.0,1.0,3.12,0.446,0.097,27.69,14.63,18.7,33.33,45.07,19.05,161.0,0.264,40.0,24.84,9.0,5.59,0.731,0.1549999999999999,26.76,14.36,14.36,28.73,35.04,24.84,77.0,0.214,17.0,22.08,6.0,7.79,0.657,0.157,28.26,13.83,15.25,29.08,26.71,21.52,173.0,0.228,33.0,19.08,19.0,10.98,0.696,0.148,24.01,11.74,12.93,24.67,27.17,16.02
745247,2024-06-15,2024,641487,L,570632,R,field_out,False,False,142.0,0.169,32.0,22.54,16.0,11.27,0.583,0.146,17.41,7.0,20.2,27.2,18.69,17.3,446.0,0.266,84.0,18.83,67.0,15.02,0.845,0.197,18.19,6.93,19.49,26.42,17.9,17.39,100.0,0.217,19.0,19.0,6.0,6.0,0.608,0.13099999999999998,26.46,12.69,14.21,26.9,33.05,18.81,115.0,0.304,15.0,13.04,11.0,9.57,0.927,0.255,20.1,9.48,13.51,22.99,30.2,13.51
745247,2024-06-15,2024,571745,R,570632,R,single,False,False,172.0,0.252,46.0,26.74,15.0,8.72,0.735,0.16699999999999998,29.41,12.57,17.6,30.17,21.81,20.45,161.0,0.189,48.0,29.81,10.0,6.21,0.599,0.1619999999999999,28.57,13.33,19.22,32.56,25.34,22.02,131.0,0.237,20.0,15.27,12.0,9.16,0.7110000000000001,0.16100000000000003,22.47,9.96,15.82,25.78,24.64,13.89,90.0,0.257,14.0,15.56,11.0,12.22,1.001,0.392,23.78,11.17,16.62,27.79,29.95,13.59
745247,2024-06-15,2024,677594,R,570632,R,grounded_into_double_play,False,False,221.0,0.251,61.0,27.6,13.0,5.88,0.623,0.07300000000000001,30.66,16.4,12.22,28.62,36.34,19.67,545.0,0.267,127.0,23.3,35.0,6.42,0.8109999999999999,0.2169999999999999,27.93,14.91,13.12,28.03,38.34,22.84,131.0,0.237,20.0,15.27,12.0,9.16,0.7110000000000001,0.16100000000000003,22.47,9.96,15.82,25.78,24.64,13.89,90.0,0.257,14.0,15.56,11.0,12.22,1.001,0.392,23.78,11.17,16.62,27.79,29.95,13.59
745247,2024-06-15,2024,673995,R,662253,R,strikeout,True,False,6.0,0.167,3.0,50.0,0.0,0.0,0.334,0.0,33.33,14.29,28.57,42.86,33.33,42.86,,,,,,,,,,,,,,,62.0,0.136,28.0,45.16,3.0,4.84,0.32999999999999996,0.016999999999999987,47.24,22.47,16.1,38.58,36.2,34.57,108.0,0.194,36.0,33.33,12.0,11.11,0.575,0.075,42.42,20.05,17.9,37.95,33.98,28.12
745247,2024-06-15,2024,543760,R,662253,R,strikeout,True,False,214.0,0.222,30.0,14.02,18.0,8.41,0.6559999999999999,0.144,20.82,10.61,14.25,24.86,25.5,17.14,544.0,0.273,77.0,14.15,52.0,9.56,0.8360000000000001,0.2199999999999999,18.01,8.45,14.48,22.93,21.97,13.9,62.0,0.136,28.0,45.16,3.0,4.84,0.32999999999999996,0.016999999999999987,47.24,22.47,16.1,38.58,36.2,34.57,108.0,0.194,36.0,33.33,12.0,11.11,0.575,0.075,42.42,20.05,17.9,37.95,33.98,28.12
745247,2024-06-15,2024,608369,L,662253,R,walk,False,True,173.0,0.279,19.0,10.98,31.0,17.92,0.946,0.257,19.73,9.53,8.08,17.61,24.05,12.67,370.0,0.333,55.0,14.86,42.0,11.35,1.075,0.334,23.9,12.77,6.35,19.12,27.26,15.8,51.0,0.233,13.0,25.49,7.0,13.73,0.725,0.13899999999999998,28.09,12.38,17.82,30.2,31.25,24.07,104.0,0.242,31.0,29.81,10.0,9.62,0.671,0.099,36.45,17.25,16.55,33.8,30.63,24.03
745247,2024-06-15,2024,666969,R,662253,R,strikeout,True,False,188.0,0.202,49.0,26.06,11.0,5.85,0.654,0.197,35.23,18.28,11.67,29.96,34.79,24.5,480.0,0.245,138.0,28.75,41.0,8.54,0.8260000000000001,0.264,31.65,15.93,13.92,29.85,32.02,21.97,62.0,0.136,28.0,45.16,3.0,4.84,0.32999999999999996,0.016999999999999987,47.24,22.47,16.1,38.58,36.2,34.57,108.0,0.194,36.0,33.33,12.0,11.11,0.575,0.075,42.42,20.05,17.9,37.95,33.98,28.12
745247,2024-06-15,2024,641598,R,570632,R,walk,False,True,162.0,0.157,51.0,31.48,22.0,13.58,0.577,0.13399999999999998,33.58,13.07,22.32,35.39,18.43,23.29,262.0,0.25,70.0,26.72,25.0,9.54,0.845,0.267,25.84,10.63,19.22,29.85,18.71,21.21,131.0,0.237,20.0,15.27,12.0,9.16,0.7110000000000001,0.16100000000000003,22.47,9.96,15.82,25.78,24.64,13.89,90.0,0.257,14.0,15.56,11.0,12.22,1.001,0.392,23.78,11.17,16.62,27.79,29.95,13.59
745247,2024-06-15,2024,663728,L,570632,R,grounded_into_double_play,False,False,186.0,0.232,66.0,35.48,17.0,9.14,0.7,0.167,30.52,15.24,13.51,28.75,30.61,23.3,462.0,0.235,126.0,27.27,47.0,10.17,0.7909999999999999,0.241,29.58,14.2,14.09,28.29,30.53,21.36,100.0,0.217,19.0,19.0,6.0,6.0,0.608,0.13099999999999998,26.46,12.69,14.21,26.9,33.05,18.81,115.0,0.304,15.0,13.04,11.0,9.57,0.927,0.255,20.1,9.48,13.51,22.99,30.2,13.51
745247,2024-06-15,2024,664238,R,570632,R,single,False,False,136.0,0.211,36.0,26.47,14.0,10.29,0.7170000000000001,0.17500000000000002,25.32,10.85,18.08,28.93,18.25,21.18,73.0,0.188,28.0,38.36,6.0,8.22,0.647,0.1709999999999999,33.56,16.33,21.33,37.67,34.46,26.17,131.0,0.237,20.0,15.27,12.0,9.16,0.7110000000000001,0.16100000000000003,22.47,9.96,15.82,25.78,24.64,13.89,90.0,0.257,14.0,15.56,11.0,12.22,1.001,0.392,23.78,11.17,16.62,27.79,29.95,13.59
745247,2024-06-15,2024,682988,R,570632,R,field_out,False,False,11.0,0.3,3.0,27.27,0.0,0.0,0.764,0.10000000000000003,19.05,8.7,17.39,26.09,23.81,17.65,,,,,,,,,,,,,,,131.0,0.237,20.0,15.27,12.0,9.16,0.7110000000000001,0.16100000000000003,22.47,9.96,15.82,25.78,24.64,13.89,90.0,0.257,14.0,15.56,11.0,12.22,1.001,0.392,23.78,11.17,16.62,27.79,29.95,13.59
745247,2024-06-15,2024,663993,L,592773,R,field_out,False,False,129.0,0.248,25.0,19.38,17.0,13.18,0.698,0.10099999999999998,14.98,6.18,18.36,24.55,26.35,14.79,505.0,0.279,113.0,22.38,69.0,13.66,0.833,0.172,19.81,8.64,15.62,24.26,19.45,16.87,58.0,0.294,12.0,20.69,5.0,8.62,0.833,0.177,24.8,12.86,14.11,26.97,32.43,14.29,97.0,0.209,20.0,20.62,10.0,10.31,0.615,0.117,29.95,15.58,9.3,24.87,27.09,18.02
745247,2024-06-15,2024,694671,R,592773,R,double,False,False,139.0,0.25,25.0,17.99,10.0,7.19,0.614,0.05499999999999999,20.08,8.93,18.74,27.67,23.29,13.44,,,,,,,,,,,,,,,60.0,0.185,16.0,26.67,5.0,8.33,0.526,0.07400000000000001,30.0,16.53,11.02,27.54,38.21,19.28,116.0,0.231,31.0,26.72,11.0,9.48,0.752,0.211,31.3,16.45,11.54,27.99,28.0,17.61
745247,2024-06-15,2024,669701,L,592773,R,field_out,False,False,180.0,0.287,28.0,15.56,17.0,9.44,0.817,0.15200000000000002,17.68,8.33,18.1,26.44,23.35,12.73,200.0,0.194,46.0,23.0,19.0,9.5,0.623,0.13,20.71,8.96,19.58,28.54,22.65,15.97,58.0,0.294,12.0,20.69,5.0,8.62,0.833,0.177,24.8,12.86,14.11,26.97,32.43,14.29,97.0,0.209,20.0,20.62,10.0,10.31,0.615,0.117,29.95,15.58,9.3,24.87,27.09,18.02
745247,2024-06-15,2024,677649,R,592773,R,field_out,False,False,93.0,0.27,22.0,23.66,3.0,3.23,0.6719999999999999,0.10099999999999998,23.71,13.26,11.53,24.78,37.22,16.54,308.0,0.277,86.0,27.92,13.0,4.22,0.738,0.1409999999999999,28.89,15.73,13.64,29.37,39.12,22.25,60.0,0.185,16.0,26.67,5.0,8.33,0.526,0.07400000000000001,30.0,16.53,11.02,27.54,38.21,19.28,116.0,0.231,31.0,26.72,11.0,9.48,0.752,0.211,31.3,16.45,11.54,27.99,28.0,17.61
745892,2024-06-15,2024,680474,R,680573,R,walk,False,True,121.0,0.25,33.0,27.27,10.0,8.26,0.649,0.07400000000000001,28.37,11.9,20.77,32.66,21.15,22.6,,,,,,,,,,,,,,,137.0,0.256,28.0,20.44,7.0,5.11,0.683,0.136,20.96,11.17,12.64,23.81,25.3,15.73,13.0,0.4,4.0,30.77,2.0,15.38,1.1,0.1999999999999999,17.86,8.62,13.79,22.41,21.43,20.0
745892,2024-06-15,2024,668709,L,680573,R,walk,False,True,235.0,0.245,42.0,17.87,29.0,12.34,0.764,0.177,25.0,10.7,17.01,27.7,22.08,17.5,232.0,0.209,53.0,22.84,35.0,15.09,0.726,0.184,28.61,12.18,15.3,27.48,19.27,20.46,91.0,0.198,18.0,19.78,8.0,8.79,0.57,0.08599999999999997,21.64,10.11,18.58,28.69,32.45,14.52,11.0,0.3,1.0,9.09,1.0,9.09,0.964,0.3,10.53,4.88,12.2,17.07,33.33,10.0
745892,2024-06-15,2024,667670,R,680573,R,strikeout,True,False,186.0,0.272,66.0,35.48,21.0,11.29,0.881,0.247,38.01,18.34,13.0,31.34,30.35,28.7,351.0,0.23,115.0,32.76,33.0,9.4,0.788,0.2419999999999999,37.94,17.82,16.3,34.12,28.65,23.47,137.0,0.256,28.0,20.44,7.0,5.11,0.683,0.136,20.96,11.17,12.64,23.81,25.3,15.73,13.0,0.4,4.0,30.77,2.0,15.38,1.1,0.1999999999999999,17.86,8.62,13.79,22.41,21.43,20.0
745892,2024-06-15,2024,609280,R,680573,R,single,False,False,67.0,0.292,12.0,17.91,1.0,1.49,0.6990000000000001,0.10800000000000004,15.04,7.78,17.51,25.29,37.21,16.22,52.0,0.229,6.0,11.54,4.0,7.69,0.705,0.1879999999999999,14.58,7.49,13.9,21.39,30.93,12.77,137.0,0.256,28.0,20.44,7.0,5.11,0.683,0.136,20.96,11.17,12.64,23.81,25.3,15.73,13.0,0.4,4.0,30.77,2.0,15.38,1.1,0.1999999999999999,17.86,8.62,13.79,22.41,21.43,20.0
745892,2024-06-15,2024,691016,L,680573,R,strikeout,True,False,84.0,0.225,29.0,34.52,11.0,13.1,0.774,0.212,34.72,15.11,16.62,31.72,29.38,31.18,118.0,0.159,37.0,31.36,10.0,8.47,0.472,0.0839999999999999,33.93,16.67,14.91,31.58,29.36,28.91,91.0,0.198,18.0,19.78,8.0,8.79,0.57,0.08599999999999997,21.64,10.11,18.58,28.69,32.45,14.52,11.0,0.3,1.0,9.09,1.0,9.09,0.964,0.3,10.53,4.88,12.2,17.07,33.33,10.0
745892,2024-06-15,2024,669127,R,680573,R,home_run,False,False,168.0,0.219,42.0,25.0,12.0,7.14,0.776,0.271,29.17,14.26,16.47,30.73,31.54,25.93,344.0,0.217,101.0,29.36,23.0,6.69,0.7230000000000001,0.226,32.34,16.3,14.73,31.03,31.22,23.88,137.0,0.256,28.0,20.44,7.0,5.11,0.683,0.136,20.96,11.17,12.64,23.81,25.3,15.73,13.0,0.4,4.0,30.77,2.0,15.38,1.1,0.1999999999999999,17.86,8.62,13.79,22.41,21.43,20.0
745892,2024-06-15,2024,605204,R,680573,R,walk,False,True,94.0,0.209,22.0,23.4,5.0,5.32,0.591,0.10500000000000001,36.41,20.24,12.39,32.63,27.33,26.83,390.0,0.249,110.0,28.21,40.0,10.26,0.742,0.1589999999999999,35.24,18.37,11.47,29.84,26.41,23.09,137.0,0.256,28.0,20.44,7.0,5.11,0.683,0.136,20.96,11.17,12.64,23.81,25.3,15.73,13.0,0.4,4.0,30.77,2.0,15.38,1.1,0.1999999999999999,17.86,8.62,13.79,22.41,21.43,20.0
745892,2024-06-15,2024,664913,L,680573,R,field_out,False,False,178.0,0.184,59.0,33.15,15.0,8.43,0.56,0.123,30.94,15.84,13.01,28.85,32.09,27.06,315.0,0.234,81.0,25.71,24.0,7.62,0.738,0.21,29.85,15.11,13.77,28.88,31.88,22.82,91.0,0.198,18.0,19.78,8.0,8.79,0.57,0.08599999999999997,21.64,10.11,18.58,28.69,32.45,14.52,11.0,0.3,1.0,9.09,1.0,9.09,0.964,0.3,10.53,4.88,12.2,17.07,33.33,10.0
745892,2024-06-15,2024,650489,L,687765,R,single,False,False,208.0,0.225,48.0,23.08,20.0,9.62,0.6970000000000001,0.13999999999999999,27.18,12.85,15.68,28.54,28.73,18.39,280.0,0.266,73.0,26.07,23.0,8.21,0.8029999999999999,0.189,28.16,14.39,15.31,29.7,34.97,21.1,101.0,0.277,24.0,23.76,5.0,4.95,0.746,0.14899999999999997,22.71,11.52,15.69,27.21,30.85,19.01,,,,,,,,,,,,,,
745892,2024-06-15,2024,663616,L,687765,R,grounded_into_double_play,False,False,139.0,0.256,27.0,19.42,12.0,8.63,0.741,0.16799999999999998,28.28,13.37,16.47,29.84,29.13,18.57,189.0,0.228,60.0,31.75,25.0,13.23,0.766,0.21,36.25,14.96,16.71,31.67,22.55,25.75,101.0,0.277,24.0,23.76,5.0,4.95,0.746,0.14899999999999997,22.71,11.52,15.69,27.21,30.85,19.01,,,,,,,,,,,,,,
745892,2024-06-15,2024,621043,R,687765,R,field_out,False,False,162.0,0.31,32.0,19.75,17.0,10.49,0.856,0.16899999999999998,20.82,9.02,20.13,29.15,28.05,17.88,444.0,0.224,112.0,25.23,42.0,9.46,0.69,0.164,26.37,11.3,19.9,31.19,27.0,21.72,130.0,0.242,19.0,14.62,9.0,6.92,0.645,0.10799999999999998,22.05,11.79,13.05,24.84,31.74,13.14,,,,,,,,,,,,,,
745892,2024-06-15,2024,680869,R,680573,R,field_out,False,False,164.0,0.18,55.0,33.54,10.0,6.1,0.522,0.10699999999999998,34.69,17.73,15.65,33.39,29.08,29.57,220.0,0.303,54.0,24.55,18.0,8.18,0.969,0.298,30.92,15.24,15.12,30.36,29.22,21.29,137.0,0.256,28.0,20.44,7.0,5.11,0.683,0.136,20.96,11.17,12.64,23.81,25.3,15.73,13.0,0.4,4.0,30.77,2.0,15.38,1.1,0.1999999999999999,17.86,8.62,13.79,22.41,21.43,20.0
745892,2024-06-15,2024,680474,R,680573,R,field_out,False,False,121.0,0.25,33.0,27.27,10.0,8.26,0.649,0.07400000000000001,28.37,11.9,20.77,32.66,21.15,22.6,,,,,,,,,,,,,,,137.0,0.256,28.0,20.44,7.0,5.11,0.683,0.136,20.96,11.17,12.64,23.81,25.3,15.73,13.0,0.4,4.0,30.77,2.0,15.38,1.1,0.1999999999999999,17.86,8.62,13.79,22.41,21.43,20.0
745892,2024-06-15,2024,668709,L,680573,R,field_out,False,False,235.0,0.245,42.0,17.87,29.0,12.34,0.764,0.177,25.0,10.7,17.01,27.7,22.08,17.5,232.0,0.209,53.0,22.84,35.0,15.09,0.726,0.184,28.61,12.18,15.3,27.48,19.27,20.46,91.0,0.198,18.0,19.78,8.0,8.79,0.57,0.08599999999999997,21.64,10.11,18.58,28.69,32.45,14.52,11.0,0.3,1.0,9.09,1.0,9.09,0.964,0.3,10.53,4.88,12.2,17.07,33.33,10.0
745892,2024-06-15,2024,596146,L,687765,R,single,False,False,158.0,0.248,31.0,19.62,13.0,8.23,0.736,0.16999999999999998,22.29,11.24,12.36,23.6,26.32,16.23,394.0,0.263,84.0,21.32,37.0,9.39,0.8320000000000001,0.2339999999999999,19.92,9.32,15.49,24.81,24.75,18.14,101.0,0.277,24.0,23.76,5.0,4.95,0.746,0.14899999999999997,22.71,11.52,15.69,27.21,30.85,19.01,,,,,,,,,,,,,,
745892,2024-06-15,2024,669304,R,687765,R,grounded_into_double_play,False,False,129.0,0.288,20.0,15.5,7.0,5.43,0.8280000000000001,0.20400000000000001,20.81,9.98,17.79,27.77,33.06,18.87,120.0,0.207,18.0,15.0,8.0,6.67,0.5640000000000001,0.09,23.72,11.83,13.69,25.52,32.37,15.04,130.0,0.242,19.0,14.62,9.0,6.92,0.645,0.10799999999999998,22.05,11.79,13.05,24.84,31.74,13.14,,,,,,,,,,,,,,
745892,2024-06-15,2024,467793,L,687765,R,single,False,False,184.0,0.211,28.0,15.22,20.0,10.87,0.6699999999999999,0.149,22.46,9.58,17.32,26.9,23.99,13.21,460.0,0.231,83.0,18.04,45.0,9.78,0.727,0.1899999999999999,23.76,11.0,14.32,25.31,24.63,16.21,101.0,0.277,24.0,23.76,5.0,4.95,0.746,0.14899999999999997,22.71,11.52,15.69,27.21,30.85,19.01,,,,,,,,,,,,,,
745892,2024-06-15,2024,621439,R,687765,R,triple,False,False,135.0,0.242,38.0,28.15,6.0,4.44,0.667,0.129,34.86,19.04,11.73,30.77,36.59,21.59,257.0,0.217,80.0,31.13,26.0,10.12,0.767,0.243,29.69,15.03,12.96,27.99,29.53,25.0,130.0,0.242,19.0,14.62,9.0,6.92,0.645,0.10799999999999998,22.05,11.79,13.05,24.84,31.74,13.14,,,,,,,,,,,,,,
745892,2024-06-15,2024,622534,R,687765,R,strikeout,True,False,77.0,0.171,15.0,19.48,6.0,7.79,0.476,0.057999999999999996,22.56,11.15,17.1,28.25,29.84,20.0,237.0,0.258,33.0,13.92,15.0,6.33,0.694,0.12,23.38,11.66,15.01,26.67,32.22,16.02,130.0,0.242,19.0,14.62,9.0,6.92,0.645,0.10799999999999998,22.05,11.79,13.05,24.84,31.74,13.14,,,,,,,,,,,,,,
745892,2024-06-15,2024,667670,R,680573,R,field_out,False,False,186.0,0.272,66.0,35.48,21.0,11.29,0.881,0.247,38.01,18.34,13.0,31.34,30.35,28.7,351.0,0.23,115.0,32.76,33.0,9.4,0.788,0.2419999999999999,37.94,17.82,16.3,34.12,28.65,23.47,137.0,0.256,28.0,20.44,7.0,5.11,0.683,0.136,20.96,11.17,12.64,23.81,25.3,15.73,13.0,0.4,4.0,30.77,2.0,15.38,1.1,0.1999999999999999,17.86,8.62,13.79,22.41,21.43,20.0
745892,2024-06-15,2024,609280,R,680573,R,single,False,False,67.0,0.292,12.0,17.91,1.0,1.49,0.6990000000000001,0.10800000000000004,15.04,7.78,17.51,25.29,37.21,16.22,52.0,0.229,6.0,11.54,4.0,7.69,0.705,0.1879999999999999,14.58,7.49,13.9,21.39,30.93,12.77,137.0,0.256,28.0,20.44,7.0,5.11,0.683,0.136,20.96,11.17,12.64,23.81,25.3,15.73,13.0,0.4,4.0,30.77,2.0,15.38,1.1,0.1999999999999999,17.86,8.62,13.79,22.41,21.43,20.0
745892,2024-06-15,2024,691016,L,680573,R,single,False,False,84.0,0.225,29.0,34.52,11.0,13.1,0.774,0.212,34.72,15.11,16.62,31.72,29.38,31.18,118.0,0.159,37.0,31.36,10.0,8.47,0.472,0.0839999999999999,33.93,16.67,14.91,31.58,29.36,28.91,91.0,0.198,18.0,19.78,8.0,8.79,0.57,0.08599999999999997,21.64,10.11,18.58,28.69,32.45,14.52,11.0,0.3,1.0,9.09,1.0,9.09,0.964,0.3,10.53,4.88,12.2,17.07,33.33,10.0
745892,2024-06-15,2024,669127,R,680573,R,strikeout,True,False,168.0,0.219,42.0,25.0,12.0,7.14,0.776,0.271,29.17,14.26,16.47,30.73,31.54,25.93,344.0,0.217,101.0,29.36,23.0,6.69,0.7230000000000001,0.226,32.34,16.3,14.73,31.03,31.22,23.88,137.0,0.256,28.0,20.44,7.0,5.11,0.683,0.136,20.96,11.17,12.64,23.81,25.3,15.73,13.0,0.4,4.0,30.77,2.0,15.38,1.1,0.1999999999999999,17.86,8.62,13.79,22.41,21.43,20.0
745892,2024-06-15,2024,605204,R,680573,R,field_out,False,False,94.0,0.209,22.0,23.4,5.0,5.32,0.591,0.10500000000000001,36.41,20.24,12.39,32.63,27.33,26.83,390.0,0.249,110.0,28.21,40.0,10.26,0.742,0.1589999999999999,35.24,18.37,11.47,29.84,26.41,23.09,137.0,0.256,28.0,20.44,7.0,5.11,0.683,0.136,20.96,11.17,12.64,23.81,25.3,15.73,13.0,0.4,4.0,30.77,2.0,15.38,1.1,0.1999999999999999,17.86,8.62,13.79,22.41,21.43,20.0
745892,2024-06-15,2024,543877,R,687765,R,strikeout,True,False,93.0,0.165,24.0,25.81,3.0,3.23,0.46900000000000003,0.10600000000000001,28.9,15.11,17.52,32.63,37.72,26.09,279.0,0.216,59.0,21.15,22.0,7.89,0.548,0.051,25.76,12.56,16.62,29.18,33.72,23.41,130.0,0.242,19.0,14.62,9.0,6.92,0.645,0.10799999999999998,22.05,11.79,13.05,24.84,31.74,13.14,,,,,,,,,,,,,,
745892,2024-06-15,2024,650489,L,687765,R,field_out,False,False,208.0,0.225,48.0,23.08,20.0,9.62,0.6970000000000001,0.13999999999999999,27.18,12.85,15.68,28.54,28.73,18.39,280.0,0.266,73.0,26.07,23.0,8.21,0.8029999999999999,0.189,28.16,14.39,15.31,29.7,34.97,21.1,101.0,0.277,24.0,23.76,5.0,4.95,0.746,0.14899999999999997,22.71,11.52,15.69,27.21,30.85,19.01,,,,,,,,,,,,,,
745892,2024-06-15,2024,663616,L,687765,R,single,False,False,139.0,0.256,27.0,19.42,12.0,8.63,0.741,0.16799999999999998,28.28,13.37,16.47,29.84,29.13,18.57,189.0,0.228,60.0,31.75,25.0,13.23,0.766,0.21,36.25,14.96,16.71,31.67,22.55,25.75,101.0,0.277,24.0,23.76,5.0,4.95,0.746,0.14899999999999997,22.71,11.52,15.69,27.21,30.85,19.01,,,,,,,,,,,,,,
745892,2024-06-15,2024,621043,R,687765,R,field_out,False,False,162.0,0.31,32.0,19.75,17.0,10.49,0.856,0.16899999999999998,20.82,9.02,20.13,29.15,28.05,17.88,444.0,0.224,112.0,25.23,42.0,9.46,0.69,0.164,26.37,11.3,19.9,31.19,27.0,21.72,130.0,0.242,19.0,14.62,9.0,6.92,0.645,0.10799999999999998,22.05,11.79,13.05,24.84,31.74,13.14,,,,,,,,,,,,,,
745892,2024-06-15,2024,664913,L,680573,R,strikeout,True,False,178.0,0.184,59.0,33.15,15.0,8.43,0.56,0.123,30.94,15.84,13.01,28.85,32.09,27.06,315.0,0.234,81.0,25.71,24.0,7.62,0.738,0.21,29.85,15.11,13.77,28.88,31.88,22.82,91.0,0.198,18.0,19.78,8.0,8.79,0.57,0.08599999999999997,21.64,10.11,18.58,28.69,32.45,14.52,11.0,0.3,1.0,9.09,1.0,9.09,0.964,0.3,10.53,4.88,12.2,17.07,33.33,10.0
745892,2024-06-15,2024,680869,R,680573,R,walk,False,True,164.0,0.18,55.0,33.54,10.0,6.1,0.522,0.10699999999999998,34.69,17.73,15.65,33.39,29.08,29.57,220.0,0.303,54.0,24.55,18.0,8.18,0.969,0.298,30.92,15.24,15.12,30.36,29.22,21.29,137.0,0.256,28.0,20.44,7.0,5.11,0.683,0.136,20.96,11.17,12.64,23.81,25.3,15.73,13.0,0.4,4.0,30.77,2.0,15.38,1.1,0.1999999999999999,17.86,8.62,13.79,22.41,21.43,20.0
745892,2024-06-15,2024,680474,R,680573,R,field_out,False,False,121.0,0.25,33.0,27.27,10.0,8.26,0.649,0.07400000000000001,28.37,11.9,20.77,32.66,21.15,22.6,,,,,,,,,,,,,,,137.0,0.256,28.0,20.44,7.0,5.11,0.683,0.136,20.96,11.17,12.64,23.81,25.3,15.73,13.0,0.4,4.0,30.77,2.0,15.38,1.1,0.1999999999999999,17.86,8.62,13.79,22.41,21.43,20.0
745892,2024-06-15,2024,668709,L,680573,R,field_out,False,False,235.0,0.245,42.0,17.87,29.0,12.34,0.764,0.177,25.0,10.7,17.01,27.7,22.08,17.5,232.0,0.209,53.0,22.84,35.0,15.09,0.726,0.184,28.61,12.18,15.3,27.48,19.27,20.46,91.0,0.198,18.0,19.78,8.0,8.79,0.57,0.08599999999999997,21.64,10.11,18.58,28.69,32.45,14.52,11.0,0.3,1.0,9.09,1.0,9.09,0.964,0.3,10.53,4.88,12.2,17.07,33.33,10.0
745892,2024-06-15,2024,596146,L,687765,R,field_out,False,False,158.0,0.248,31.0,19.62,13.0,8.23,0.736,0.16999999999999998,22.29,11.24,12.36,23.6,26.32,16.23,394.0,0.263,84.0,21.32,37.0,9.39,0.8320000000000001,0.2339999999999999,19.92,9.32,15.49,24.81,24.75,18.14,101.0,0.277,24.0,23.76,5.0,4.95,0.746,0.14899999999999997,22.71,11.52,15.69,27.21,30.85,19.01,,,,,,,,,,,,,,
745892,2024-06-15,2024,669304,R,687765,R,walk,False,True,129.0,0.288,20.0,15.5,7.0,5.43,0.8280000000000001,0.20400000000000001,20.81,9.98,17.79,27.77,33.06,18.87,120.0,0.207,18.0,15.0,8.0,6.67,0.5640000000000001,0.09,23.72,11.83,13.69,25.52,32.37,15.04,130.0,0.242,19.0,14.62,9.0,6.92,0.645,0.10799999999999998,22.05,11.79,13.05,24.84,31.74,13.14,,,,,,,,,,,,,,
745892,2024-06-15,2024,467793,L,687765,R,grounded_into_double_play,False,False,184.0,0.211,28.0,15.22,20.0,10.87,0.6699999999999999,0.149,22.46,9.58,17.32,26.9,23.99,13.21,460.0,0.231,83.0,18.04,45.0,9.78,0.727,0.1899999999999999,23.76,11.0,14.32,25.31,24.63,16.21,101.0,0.277,24.0,23.76,5.0,4.95,0.746,0.14899999999999997,22.71,11.52,15.69,27.21,30.85,19.01,,,,,,,,,,,,,,
745892,2024-06-15,2024,667670,R,663485,R,strikeout,True,False,186.0,0.272,66.0,35.48,21.0,11.29,0.881,0.247,38.01,18.34,13.0,31.34,30.35,28.7,351.0,0.23,115.0,32.76,33.0,9.4,0.788,0.2419999999999999,37.94,17.82,16.3,34.12,28.65,23.47,79.0,0.216,22.0,27.85,2.0,2.53,0.607,0.13499999999999998,28.08,14.8,17.69,32.49,39.1,25.88,45.0,0.205,10.0,22.22,6.0,13.33,0.619,0.103,26.76,10.98,21.97,32.95,29.89,16.95
745892,2024-06-15,2024,609280,R,663485,R,field_out,False,False,67.0,0.292,12.0,17.91,1.0,1.49,0.6990000000000001,0.10800000000000004,15.04,7.78,17.51,25.29,37.21,16.22,52.0,0.229,6.0,11.54,4.0,7.69,0.705,0.1879999999999999,14.58,7.49,13.9,21.39,30.93,12.77,79.0,0.216,22.0,27.85,2.0,2.53,0.607,0.13499999999999998,28.08,14.8,17.69,32.49,39.1,25.88,45.0,0.205,10.0,22.22,6.0,13.33,0.619,0.103,26.76,10.98,21.97,32.95,29.89,16.95
745892,2024-06-15,2024,691016,L,663485,R,field_out,False,False,84.0,0.225,29.0,34.52,11.0,13.1,0.774,0.212,34.72,15.11,16.62,31.72,29.38,31.18,118.0,0.159,37.0,31.36,10.0,8.47,0.472,0.0839999999999999,33.93,16.67,14.91,31.58,29.36,28.91,52.0,0.25,15.0,28.85,2.0,3.85,0.717,0.15899999999999997,19.61,9.35,16.36,25.7,30.28,19.74,54.0,0.261,11.0,20.37,8.0,14.81,0.913,0.282,14.68,6.67,15.0,21.67,17.95,12.79
745892,2024-06-15,2024,621439,R,687765,R,field_out,False,False,135.0,0.242,38.0,28.15,6.0,4.44,0.667,0.129,34.86,19.04,11.73,30.77,36.59,21.59,257.0,0.217,80.0,31.13,26.0,10.12,0.767,0.243,29.69,15.03,12.96,27.99,29.53,25.0,130.0,0.242,19.0,14.62,9.0,6.92,0.645,0.10799999999999998,22.05,11.79,13.05,24.84,31.74,13.14,,,,,,,,,,,,,,
745892,2024-06-15,2024,622534,R,687765,R,field_out,False,False,77.0,0.171,15.0,19.48,6.0,7.79,0.476,0.057999999999999996,22.56,11.15,17.1,28.25,29.84,20.0,237.0,0.258,33.0,13.92,15.0,6.33,0.694,0.12,23.38,11.66,15.01,26.67,32.22,16.02,130.0,0.242,19.0,14.62,9.0,6.92,0.645,0.10799999999999998,22.05,11.79,13.05,24.84,31.74,13.14,,,,,,,,,,,,,,
745892,2024-06-15,2024,543877,R,687765,R,strikeout,True,False,93.0,0.165,24.0,25.81,3.0,3.23,0.46900000000000003,0.10600000000000001,28.9,15.11,17.52,32.63,37.72,26.09,279.0,0.216,59.0,21.15,22.0,7.89,0.548,0.051,25.76,12.56,16.62,29.18,33.72,23.41,130.0,0.242,19.0,14.62,9.0,6.92,0.645,0.10799999999999998,22.05,11.79,13.05,24.84,31.74,13.14,,,,,,,,,,,,,,
745892,2024-06-15,2024,669127,R,663485,R,field_out,False,False,168.0,0.219,42.0,25.0,12.0,7.14,0.776,0.271,29.17,14.26,16.47,30.73,31.54,25.93,344.0,0.217,101.0,29.36,23.0,6.69,0.7230000000000001,0.226,32.34,16.3,14.73,31.03,31.22,23.88,79.0,0.216,22.0,27.85,2.0,2.53,0.607,0.13499999999999998,28.08,14.8,17.69,32.49,39.1,25.88,45.0,0.205,10.0,22.22,6.0,13.33,0.619,0.103,26.76,10.98,21.97,32.95,29.89,16.95
745892,2024-06-15,2024,605204,R,663485,R,hit_by_pitch,False,False,94.0,0.209,22.0,23.4,5.0,5.32,0.591,0.10500000000000001,36.41,20.24,12.39,32.63,27.33,26.83,390.0,0.249,110.0,28.21,40.0,10.26,0.742,0.1589999999999999,35.24,18.37,11.47,29.84,26.41,23.09,79.0,0.216,22.0,27.85,2.0,2.53,0.607,0.13499999999999998,28.08,14.8,17.69,32.49,39.1,25.88,45.0,0.205,10.0,22.22,6.0,13.33,0.619,0.103,26.76,10.98,21.97,32.95,29.89,16.95
745892,2024-06-15,2024,664913,L,663485,R,strikeout,True,False,178.0,0.184,59.0,33.15,15.0,8.43,0.56,0.123,30.94,15.84,13.01,28.85,32.09,27.06,315.0,0.234,81.0,25.71,24.0,7.62,0.738,0.21,29.85,15.11,13.77,28.88,31.88,22.82,52.0,0.25,15.0,28.85,2.0,3.85,0.717,0.15899999999999997,19.61,9.35,16.36,25.7,30.28,19.74,54.0,0.261,11.0,20.37,8.0,14.81,0.913,0.282,14.68,6.67,15.0,21.67,17.95,12.79
745892,2024-06-15,2024,680869,R,663485,R,strikeout,True,False,164.0,0.18,55.0,33.54,10.0,6.1,0.522,0.10699999999999998,34.69,17.73,15.65,33.39,29.08,29.57,220.0,0.303,54.0,24.55,18.0,8.18,0.969,0.298,30.92,15.24,15.12,30.36,29.22,21.29,79.0,0.216,22.0,27.85,2.0,2.53,0.607,0.13499999999999998,28.08,14.8,17.69,32.49,39.1,25.88,45.0,0.205,10.0,22.22,6.0,13.33,0.619,0.103,26.76,10.98,21.97,32.95,29.89,16.95
745892,2024-06-15,2024,650489,L,687765,R,single,False,False,208.0,0.225,48.0,23.08,20.0,9.62,0.6970000000000001,0.13999999999999999,27.18,12.85,15.68,28.54,28.73,18.39,280.0,0.266,73.0,26.07,23.0,8.21,0.8029999999999999,0.189,28.16,14.39,15.31,29.7,34.97,21.1,101.0,0.277,24.0,23.76,5.0,4.95,0.746,0.14899999999999997,22.71,11.52,15.69,27.21,30.85,19.01,,,,,,,,,,,,,,
745892,2024-06-15,2024,663616,L,687765,R,field_out,False,False,139.0,0.256,27.0,19.42,12.0,8.63,0.741,0.16799999999999998,28.28,13.37,16.47,29.84,29.13,18.57,189.0,0.228,60.0,31.75,25.0,13.23,0.766,0.21,36.25,14.96,16.71,31.67,22.55,25.75,101.0,0.277,24.0,23.76,5.0,4.95,0.746,0.14899999999999997,22.71,11.52,15.69,27.21,30.85,19.01,,,,,,,,,,,,,,
745892,2024-06-15,2024,621043,R,687765,R,single,False,False,162.0,0.31,32.0,19.75,17.0,10.49,0.856,0.16899999999999998,20.82,9.02,20.13,29.15,28.05,17.88,444.0,0.224,112.0,25.23,42.0,9.46,0.69,0.164,26.37,11.3,19.9,31.19,27.0,21.72,130.0,0.242,19.0,14.62,9.0,6.92,0.645,0.10799999999999998,22.05,11.79,13.05,24.84,31.74,13.14,,,,,,,,,,,,,,
745892,2024-06-15,2024,596146,L,687765,R,home_run,False,False,158.0,0.248,31.0,19.62,13.0,8.23,0.736,0.16999999999999998,22.29,11.24,12.36,23.6,26.32,16.23,394.0,0.263,84.0,21.32,37.0,9.39,0.8320000000000001,0.2339999999999999,19.92,9.32,15.49,24.81,24.75,18.14,101.0,0.277,24.0,23.76,5.0,4.95,0.746,0.14899999999999997,22.71,11.52,15.69,27.21,30.85,19.01,,,,,,,,,,,,,,
745892,2024-06-15,2024,669304,R,687765,R,single,False,False,129.0,0.288,20.0,15.5,7.0,5.43,0.8280000000000001,0.20400000000000001,20.81,9.98,17.79,27.77,33.06,18.87,120.0,0.207,18.0,15.0,8.0,6.67,0.5640000000000001,0.09,23.72,11.83,13.69,25.52,32.37,15.04,130.0,0.242,19.0,14.62,9.0,6.92,0.645,0.10799999999999998,22.05,11.79,13.05,24.84,31.74,13.14,,,,,,,,,,,,,,
745892,2024-06-15,2024,467793,L,687765,R,field_out,False,False,184.0,0.211,28.0,15.22,20.0,10.87,0.6699999999999999,0.149,22.46,9.58,17.32,26.9,23.99,13.21,460.0,0.231,83.0,18.04,45.0,9.78,0.727,0.1899999999999999,23.76,11.0,14.32,25.31,24.63,16.21,101.0,0.277,24.0,23.76,5.0,4.95,0.746,0.14899999999999997,22.71,11.52,15.69,27.21,30.85,19.01,,,,,,,,,,,,,,
745892,2024-06-15,2024,621439,R,613534,R,strikeout,True,False,135.0,0.242,38.0,28.15,6.0,4.44,0.667,0.129,34.86,19.04,11.73,30.77,36.59,21.59,257.0,0.217,80.0,31.13,26.0,10.12,0.767,0.243,29.69,15.03,12.96,27.99,29.53,25.0,68.0,0.302,18.0,26.47,10.0,14.71,0.8180000000000001,0.07500000000000001,38.84,15.99,16.67,32.65,22.78,20.22,52.0,0.267,12.0,23.08,4.0,7.69,0.721,0.0889999999999999,25.93,12.28,15.35,27.63,31.9,16.67
745892,2024-06-15,2024,680474,R,643377,R,field_out,False,False,121.0,0.25,33.0,27.27,10.0,8.26,0.649,0.07400000000000001,28.37,11.9,20.77,32.66,21.15,22.6,,,,,,,,,,,,,,,66.0,0.177,27.0,40.91,3.0,4.55,0.486,0.09700000000000003,38.78,20.28,14.95,35.23,34.93,25.23,157.0,0.228,33.0,21.02,8.0,5.1,0.599,0.089,24.56,11.73,18.37,30.1,27.92,20.25
745892,2024-06-15,2024,668709,L,643377,R,hit_by_pitch,False,False,235.0,0.245,42.0,17.87,29.0,12.34,0.764,0.177,25.0,10.7,17.01,27.7,22.08,17.5,232.0,0.209,53.0,22.84,35.0,15.09,0.726,0.184,28.61,12.18,15.3,27.48,19.27,20.46,53.0,0.174,15.0,28.3,5.0,9.43,0.552,0.10899999999999999,34.0,15.6,21.1,36.7,31.78,20.55,117.0,0.238,35.0,29.91,11.0,9.4,0.6970000000000001,0.143,29.15,14.01,20.91,34.91,36.23,23.81
745892,2024-06-15,2024,667670,R,643377,R,triple,False,False,186.0,0.272,66.0,35.48,21.0,11.29,0.881,0.247,38.01,18.34,13.0,31.34,30.35,28.7,351.0,0.23,115.0,32.76,33.0,9.4,0.788,0.2419999999999999,37.94,17.82,16.3,34.12,28.65,23.47,66.0,0.177,27.0,40.91,3.0,4.55,0.486,0.09700000000000003,38.78,20.28,14.95,35.23,34.93,25.23,157.0,0.228,33.0,21.02,8.0,5.1,0.599,0.089,24.56,11.73,18.37,30.1,27.92,20.25
745892,2024-06-15,2024,609280,R,643377,R,fielders_choice_out,False,False,67.0,0.292,12.0,17.91,1.0,1.49,0.6990000000000001,0.10800000000000004,15.04,7.78,17.51,25.29,37.21,16.22,52.0,0.229,6.0,11.54,4.0,7.69,0.705,0.1879999999999999,14.58,7.49,13.9,21.39,30.93,12.77,66.0,0.177,27.0,40.91,3.0,4.55,0.486,0.09700000000000003,38.78,20.28,14.95,35.23,34.93,25.23,157.0,0.228,33.0,21.02,8.0,5.1,0.599,0.089,24.56,11.73,18.37,30.1,27.92,20.25
745892,2024-06-15,2024,691016,L,643377,R,strikeout,True,False,84.0,0.225,29.0,34.52,11.0,13.1,0.774,0.212,34.72,15.11,16.62,31.72,29.38,31.18,118.0,0.159,37.0,31.36,10.0,8.47,0.472,0.0839999999999999,33.93,16.67,14.91,31.58,29.36,28.91,53.0,0.174,15.0,28.3,5.0,9.43,0.552,0.10899999999999999,34.0,15.6,21.1,36.7,31.78,20.55,117.0,0.238,35.0,29.91,11.0,9.4,0.6970000000000001,0.143,29.15,14.01,20.91,34.91,36.23,23.81
745892,2024-06-15,2024,622534,R,666204,R,field_out,False,False,77.0,0.171,15.0,19.48,6.0,7.79,0.476,0.057999999999999996,22.56,11.15,17.1,28.25,29.84,20.0,237.0,0.258,33.0,13.92,15.0,6.33,0.694,0.12,23.38,11.66,15.01,26.67,32.22,16.02,51.0,0.158,12.0,23.53,10.0,19.61,0.649,0.158,28.77,10.29,23.53,33.82,18.81,21.82,58.0,0.152,12.0,20.69,9.0,15.52,0.6339999999999999,0.1959999999999999,29.03,11.44,17.37,28.81,19.85,20.0
745892,2024-06-15,2024,543877,R,666204,R,field_out,False,False,93.0,0.165,24.0,25.81,3.0,3.23,0.46900000000000003,0.10600000000000001,28.9,15.11,17.52,32.63,37.72,26.09,279.0,0.216,59.0,21.15,22.0,7.89,0.548,0.051,25.76,12.56,16.62,29.18,33.72,23.41,51.0,0.158,12.0,23.53,10.0,19.61,0.649,0.158,28.77,10.29,23.53,33.82,18.81,21.82,58.0,0.152,12.0,20.69,9.0,15.52,0.6339999999999999,0.1959999999999999,29.03,11.44,17.37,28.81,19.85,20.0
745892,2024-06-15,2024,650489,L,666204,R,field_out,False,False,208.0,0.225,48.0,23.08,20.0,9.62,0.6970000000000001,0.13999999999999999,27.18,12.85,15.68,28.54,28.73,18.39,280.0,0.266,73.0,26.07,23.0,8.21,0.8029999999999999,0.189,28.16,14.39,15.31,29.7,34.97,21.1,46.0,0.184,8.0,17.39,8.0,17.39,0.7210000000000001,0.21100000000000002,27.4,11.98,17.37,29.34,20.51,20.0,37.0,0.129,9.0,24.32,5.0,13.51,0.437,0.065,25.0,8.62,21.84,30.46,18.37,15.0
745892,2024-06-15,2024,669127,R,622251,R,field_out,False,False,168.0,0.219,42.0,25.0,12.0,7.14,0.776,0.271,29.17,14.26,16.47,30.73,31.54,25.93,344.0,0.217,101.0,29.36,23.0,6.69,0.7230000000000001,0.226,32.34,16.3,14.73,31.03,31.22,23.88,32.0,0.111,3.0,9.38,5.0,15.62,0.361,0.0,27.27,11.63,20.93,32.56,20.97,7.5,52.0,0.22,14.0,26.92,10.0,19.23,0.69,0.097,30.53,13.62,13.15,26.76,26.67,25.0
745892,2024-06-15,2024,605204,R,622251,R,walk,False,True,94.0,0.209,22.0,23.4,5.0,5.32,0.591,0.10500000000000001,36.41,20.24,12.39,32.63,27.33,26.83,390.0,0.249,110.0,28.21,40.0,10.26,0.742,0.1589999999999999,35.24,18.37,11.47,29.84,26.41,23.09,32.0,0.111,3.0,9.38,5.0,15.62,0.361,0.0,27.27,11.63,20.93,32.56,20.97,7.5,52.0,0.22,14.0,26.92,10.0,19.23,0.69,0.097,30.53,13.62,13.15,26.76,26.67,25.0
745892,2024-06-15,2024,664913,L,622251,R,field_out,False,False,178.0,0.184,59.0,33.15,15.0,8.43,0.56,0.123,30.94,15.84,13.01,28.85,32.09,27.06,315.0,0.234,81.0,25.71,24.0,7.62,0.738,0.21,29.85,15.11,13.77,28.88,31.88,22.82,19.0,0.158,6.0,31.58,0.0,0.0,0.316,0.0,23.08,10.98,20.73,31.71,38.64,21.43,37.0,0.219,10.0,27.03,3.0,8.11,0.5740000000000001,0.031,23.29,11.49,13.51,25.0,23.94,21.74
745892,2024-06-15,2024,680869,R,622251,R,field_out,False,False,164.0,0.18,55.0,33.54,10.0,6.1,0.522,0.10699999999999998,34.69,17.73,15.65,33.39,29.08,29.57,220.0,0.303,54.0,24.55,18.0,8.18,0.969,0.298,30.92,15.24,15.12,30.36,29.22,21.29,32.0,0.111,3.0,9.38,5.0,15.62,0.361,0.0,27.27,11.63,20.93,32.56,20.97,7.5,52.0,0.22,14.0,26.92,10.0,19.23,0.69,0.097,30.53,13.62,13.15,26.76,26.67,25.0
745892,2024-06-15,2024,663616,L,668674,R,field_out,False,False,139.0,0.256,27.0,19.42,12.0,8.63,0.741,0.16799999999999998,28.28,13.37,16.47,29.84,29.13,18.57,189.0,0.228,60.0,31.75,25.0,13.23,0.766,0.21,36.25,14.96,16.71,31.67,22.55,25.75,45.0,0.257,9.0,20.0,8.0,17.78,0.9650000000000001,0.28600000000000003,30.77,12.7,16.93,29.63,32.41,15.79,92.0,0.23,27.0,29.35,16.0,17.39,0.731,0.1209999999999999,29.94,12.74,16.11,28.85,22.48,17.88
745892,2024-06-15,2024,621043,R,668674,R,field_error,False,False,162.0,0.31,32.0,19.75,17.0,10.49,0.856,0.16899999999999998,20.82,9.02,20.13,29.15,28.05,17.88,444.0,0.224,112.0,25.23,42.0,9.46,0.69,0.164,26.37,11.3,19.9,31.19,27.0,21.72,50.0,0.128,19.0,38.0,2.0,4.0,0.435,0.127,33.77,14.77,21.02,35.8,29.55,39.58,160.0,0.254,41.0,25.62,20.0,12.5,0.723,0.1039999999999999,27.31,11.08,18.25,29.33,23.65,21.24
745892,2024-06-15,2024,596146,L,668674,R,hit_by_pitch,False,False,158.0,0.248,31.0,19.62,13.0,8.23,0.736,0.16999999999999998,22.29,11.24,12.36,23.6,26.32,16.23,394.0,0.263,84.0,21.32,37.0,9.39,0.8320000000000001,0.2339999999999999,19.92,9.32,15.49,24.81,24.75,18.14,45.0,0.257,9.0,20.0,8.0,17.78,0.9650000000000001,0.28600000000000003,30.77,12.7,16.93,29.63,32.41,15.79,92.0,0.23,27.0,29.35,16.0,17.39,0.731,0.1209999999999999,29.94,12.74,16.11,28.85,22.48,17.88
745892,2024-06-15,2024,669304,R,668674,R,walk,False,True,129.0,0.288,20.0,15.5,7.0,5.43,0.8280000000000001,0.20400000000000001,20.81,9.98,17.79,27.77,33.06,18.87,120.0,0.207,18.0,15.0,8.0,6.67,0.5640000000000001,0.09,23.72,11.83,13.69,25.52,32.37,15.04,50.0,0.128,19.0,38.0,2.0,4.0,0.435,0.127,33.77,14.77,21.02,35.8,29.55,39.58,160.0,0.254,41.0,25.62,20.0,12.5,0.723,0.1039999999999999,27.31,11.08,18.25,29.33,23.65,21.24
745892,2024-06-15,2024,467793,L,695243,R,walk,False,True,184.0,0.211,28.0,15.22,20.0,10.87,0.6699999999999999,0.149,22.46,9.58,17.32,26.9,23.99,13.21,460.0,0.231,83.0,18.04,45.0,9.78,0.727,0.1899999999999999,23.76,11.0,14.32,25.31,24.63,16.21,52.0,0.111,26.0,50.0,7.0,13.46,0.43100000000000005,0.08900000000000001,44.44,22.54,16.43,38.97,34.78,32.5,62.0,0.167,16.0,25.81,10.0,16.13,0.573,0.0829999999999999,22.31,9.61,13.88,23.49,22.0,18.39
745892,2024-06-15,2024,621439,R,695243,R,force_out,False,False,135.0,0.242,38.0,28.15,6.0,4.44,0.667,0.129,34.86,19.04,11.73,30.77,36.59,21.59,257.0,0.217,80.0,31.13,26.0,10.12,0.767,0.243,29.69,15.03,12.96,27.99,29.53,25.0,67.0,0.167,30.0,44.78,5.0,7.46,0.524,0.13299999999999998,40.43,19.72,18.69,38.41,42.66,32.61,78.0,0.229,22.0,28.21,6.0,7.69,0.642,0.114,29.19,14.24,14.55,28.79,28.75,20.56
745892,2024-06-15,2024,622534,R,695243,R,field_out,False,False,77.0,0.171,15.0,19.48,6.0,7.79,0.476,0.057999999999999996,22.56,11.15,17.1,28.25,29.84,20.0,237.0,0.258,33.0,13.92,15.0,6.33,0.694,0.12,23.38,11.66,15.01,26.67,32.22,16.02,67.0,0.167,30.0,44.78,5.0,7.46,0.524,0.13299999999999998,40.43,19.72,18.69,38.41,42.66,32.61,78.0,0.229,22.0,28.21,6.0,7.69,0.642,0.114,29.19,14.24,14.55,28.79,28.75,20.56
745892,2024-06-15,2024,680474,R,661395,R,walk,False,True,121.0,0.25,33.0,27.27,10.0,8.26,0.649,0.07400000000000001,28.37,11.9,20.77,32.66,21.15,22.6,,,,,,,,,,,,,,,36.0,0.219,8.0,22.22,3.0,8.33,0.6499999999999999,0.12499999999999997,26.23,11.94,18.66,30.6,26.09,21.62,127.0,0.209,33.0,25.98,11.0,8.66,0.722,0.209,29.03,14.78,13.76,28.54,30.67,22.45
745892,2024-06-15,2024,668709,L,661395,R,double_play,False,False,235.0,0.245,42.0,17.87,29.0,12.34,0.764,0.177,25.0,10.7,17.01,27.7,22.08,17.5,232.0,0.209,53.0,22.84,35.0,15.09,0.726,0.184,28.61,12.18,15.3,27.48,19.27,20.46,43.0,0.194,9.0,20.93,5.0,11.63,0.671,0.16699999999999998,32.5,15.48,14.88,30.36,26.83,17.31,128.0,0.205,51.0,39.84,14.0,10.94,0.523,0.027,41.24,20.66,12.8,33.46,29.78,27.62
745892,2024-06-15,2024,667670,R,661395,R,field_out,False,False,186.0,0.272,66.0,35.48,21.0,11.29,0.881,0.247,38.01,18.34,13.0,31.34,30.35,28.7,351.0,0.23,115.0,32.76,33.0,9.4,0.788,0.2419999999999999,37.94,17.82,16.3,34.12,28.65,23.47,36.0,0.219,8.0,22.22,3.0,8.33,0.6499999999999999,0.12499999999999997,26.23,11.94,18.66,30.6,26.09,21.62,127.0,0.209,33.0,25.98,11.0,8.66,0.722,0.209,29.03,14.78,13.76,28.54,30.67,22.45
745892,2024-06-15,2024,543877,R,695243,R,field_out,False,False,93.0,0.165,24.0,25.81,3.0,3.23,0.46900000000000003,0.10600000000000001,28.9,15.11,17.52,32.63,37.72,26.09,279.0,0.216,59.0,21.15,22.0,7.89,0.548,0.051,25.76,12.56,16.62,29.18,33.72,23.41,67.0,0.167,30.0,44.78,5.0,7.46,0.524,0.13299999999999998,40.43,19.72,18.69,38.41,42.66,32.61,78.0,0.229,22.0,28.21,6.0,7.69,0.642,0.114,29.19,14.24,14.55,28.79,28.75,20.56
745892,2024-06-15,2024,650489,L,695243,R,strikeout,True,False,208.0,0.225,48.0,23.08,20.0,9.62,0.6970000000000001,0.13999999999999999,27.18,12.85,15.68,28.54,28.73,18.39,280.0,0.266,73.0,26.07,23.0,8.21,0.8029999999999999,0.189,28.16,14.39,15.31,29.7,34.97,21.1,52.0,0.111,26.0,50.0,7.0,13.46,0.43100000000000005,0.08900000000000001,44.44,22.54,16.43,38.97,34.78,32.5,62.0,0.167,16.0,25.81,10.0,16.13,0.573,0.0829999999999999,22.31,9.61,13.88,23.49,22.0,18.39
745892,2024-06-15,2024,663616,L,695243,R,field_out,False,False,139.0,0.256,27.0,19.42,12.0,8.63,0.741,0.16799999999999998,28.28,13.37,16.47,29.84,29.13,18.57,189.0,0.228,60.0,31.75,25.0,13.23,0.766,0.21,36.25,14.96,16.71,31.67,22.55,25.75,52.0,0.111,26.0,50.0,7.0,13.46,0.43100000000000005,0.08900000000000001,44.44,22.54,16.43,38.97,34.78,32.5,62.0,0.167,16.0,25.81,10.0,16.13,0.573,0.0829999999999999,22.31,9.61,13.88,23.49,22.0,18.39
745892,2024-06-15,2024,609280,R,661395,R,field_out,False,False,67.0,0.292,12.0,17.91,1.0,1.49,0.6990000000000001,0.10800000000000004,15.04,7.78,17.51,25.29,37.21,16.22,52.0,0.229,6.0,11.54,4.0,7.69,0.705,0.1879999999999999,14.58,7.49,13.9,21.39,30.93,12.77,36.0,0.219,8.0,22.22,3.0,8.33,0.6499999999999999,0.12499999999999997,26.23,11.94,18.66,30.6,26.09,21.62,127.0,0.209,33.0,25.98,11.0,8.66,0.722,0.209,29.03,14.78,13.76,28.54,30.67,22.45
745892,2024-06-15,2024,691016,L,661395,R,strikeout,True,False,84.0,0.225,29.0,34.52,11.0,13.1,0.774,0.212,34.72,15.11,16.62,31.72,29.38,31.18,118.0,0.159,37.0,31.36,10.0,8.47,0.472,0.0839999999999999,33.93,16.67,14.91,31.58,29.36,28.91,43.0,0.194,9.0,20.93,5.0,11.63,0.671,0.16699999999999998,32.5,15.48,14.88,30.36,26.83,17.31,128.0,0.205,51.0,39.84,14.0,10.94,0.523,0.027,41.24,20.66,12.8,33.46,29.78,27.62
745892,2024-06-15,2024,669127,R,661395,R,field_out,False,False,168.0,0.219,42.0,25.0,12.0,7.14,0.776,0.271,29.17,14.26,16.47,30.73,31.54,25.93,344.0,0.217,101.0,29.36,23.0,6.69,0.7230000000000001,0.226,32.34,16.3,14.73,31.03,31.22,23.88,36.0,0.219,8.0,22.22,3.0,8.33,0.6499999999999999,0.12499999999999997,26.23,11.94,18.66,30.6,26.09,21.62,127.0,0.209,33.0,25.98,11.0,8.66,0.722,0.209,29.03,14.78,13.76,28.54,30.67,22.45
745892,2024-06-15,2024,621043,R,518397,L,intent_walk,False,True,55.0,0.265,9.0,16.36,5.0,9.09,0.796,0.20399999999999996,16.67,7.17,18.39,25.56,20.91,15.25,136.0,0.248,19.0,13.97,17.0,12.5,0.782,0.188,21.1,9.54,17.18,26.72,26.2,13.01,18.0,0.214,3.0,16.67,2.0,11.11,1.008,0.5,25.81,14.04,5.26,19.3,42.31,25.0,125.0,0.328,15.0,12.0,8.0,6.4,0.781,0.077,16.67,8.44,14.64,23.08,30.3,17.65
745892,2024-06-15,2024,596146,L,518397,L,single,False,False,33.0,0.333,4.0,12.12,1.0,3.03,0.864,0.16699999999999998,13.56,6.72,17.65,24.37,32.76,11.43,97.0,0.25,22.0,22.68,8.0,8.25,0.752,0.182,19.46,9.73,13.51,23.24,25.0,18.42,16.0,0.188,2.0,12.5,0.0,0.0,0.376,0.0,12.0,5.66,24.53,30.19,40.0,12.5,83.0,0.215,16.0,19.28,3.0,3.61,0.56,0.101,24.84,13.2,16.17,29.37,31.5,16.84
747191,2024-06-15,2024,502054,R,669194,R,single,False,False,113.0,0.287,24.0,21.24,5.0,4.42,0.6890000000000001,0.08300000000000002,23.68,9.93,22.08,32.01,19.31,18.05,304.0,0.262,71.0,23.36,28.0,9.21,0.767,0.173,26.61,10.98,19.38,30.37,21.23,21.19,128.0,0.376,23.0,17.97,9.0,7.03,0.9949999999999999,0.19699999999999995,22.36,11.53,14.05,25.58,27.16,15.13,315.0,0.276,54.0,17.14,13.0,4.13,0.808,0.2259999999999999,22.31,11.58,14.58,26.16,25.24,14.32
747191,2024-06-15,2024,657757,L,669194,R,grounded_into_double_play,False,False,211.0,0.24,34.0,16.11,29.0,13.74,0.7649999999999999,0.173,20.27,8.73,18.25,26.98,28.24,12.59,324.0,0.212,58.0,17.9,28.0,8.64,0.63,0.1369999999999999,20.44,9.67,14.66,24.33,29.35,14.25,132.0,0.262,18.0,13.64,9.0,6.82,0.77,0.197,13.86,7.01,15.91,22.92,31.15,10.17,304.0,0.294,42.0,13.82,33.0,10.86,0.896,0.237,18.17,8.64,15.1,23.74,25.09,12.03
747191,2024-06-15,2024,673357,R,669194,R,strikeout,True,False,56.0,0.17,22.0,39.29,3.0,5.36,0.7989999999999999,0.4149999999999999,38.14,19.48,16.45,35.93,37.5,27.5,477.0,0.252,132.0,27.67,25.0,5.24,0.8340000000000001,0.279,32.83,18.94,10.59,29.53,40.07,24.77,128.0,0.376,23.0,17.97,9.0,7.03,0.9949999999999999,0.19699999999999995,22.36,11.53,14.05,25.58,27.16,15.13,315.0,0.276,54.0,17.14,13.0,4.13,0.808,0.2259999999999999,22.31,11.58,14.58,26.16,25.24,14.32
747191,2024-06-15,2024,682998,L,623167,R,field_out,False,False,200.0,0.213,35.0,17.5,24.0,12.0,0.62,0.097,20.61,9.03,16.47,25.5,25.37,19.02,472.0,0.286,105.0,22.25,46.0,9.75,0.921,0.266,22.34,10.24,16.27,26.51,28.83,21.92,108.0,0.263,20.0,18.52,8.0,7.41,0.843,0.262,22.11,10.68,15.53,26.21,28.77,15.45,210.0,0.282,42.0,20.0,17.0,8.1,0.7949999999999999,0.165,24.87,11.52,15.86,27.39,27.68,20.49
747191,2024-06-15,2024,606466,L,623167,R,field_out,False,False,195.0,0.241,45.0,23.08,19.0,9.74,0.6719999999999999,0.118,25.07,11.81,14.5,26.31,25.13,20.18,452.0,0.259,85.0,18.81,54.0,11.95,0.827,0.2199999999999999,20.87,9.03,16.76,25.8,21.17,17.28,108.0,0.263,20.0,18.52,8.0,7.41,0.843,0.262,22.11,10.68,15.53,26.21,28.77,15.45,210.0,0.282,42.0,20.0,17.0,8.1,0.7949999999999999,0.165,24.87,11.52,15.86,27.39,27.68,20.49
747191,2024-06-15,2024,592626,L,623167,R,field_out,False,False,187.0,0.291,46.0,24.6,20.0,10.7,0.886,0.21500000000000002,24.59,11.38,17.14,28.52,29.56,20.18,373.0,0.241,74.0,19.84,49.0,13.14,0.786,0.194,24.13,10.89,15.07,25.96,29.36,16.09,108.0,0.263,20.0,18.52,8.0,7.41,0.843,0.262,22.11,10.68,15.53,26.21,28.77,15.45,210.0,0.282,42.0,20.0,17.0,8.1,0.7949999999999999,0.165,24.87,11.52,15.86,27.39,27.68,20.49
747191,2024-06-15,2024,683734,R,669194,R,field_out,False,False,213.0,0.211,53.0,24.88,15.0,7.04,0.633,0.145,22.47,10.56,17.67,28.23,29.84,19.78,474.0,0.267,109.0,23.0,29.0,6.12,0.774,0.18,26.24,11.95,18.94,30.89,30.92,21.51,128.0,0.376,23.0,17.97,9.0,7.03,0.9949999999999999,0.19699999999999995,22.36,11.53,14.05,25.58,27.16,15.13,315.0,0.276,54.0,17.14,13.0,4.13,0.808,0.2259999999999999,22.31,11.58,14.58,26.16,25.24,14.32
747191,2024-06-15,2024,643217,L,669194,R,walk,False,True,166.0,0.231,25.0,15.06,9.0,5.42,0.5920000000000001,0.09,17.41,8.43,17.69,26.12,25.65,14.53,486.0,0.261,67.0,13.79,42.0,8.64,0.67,0.082,19.05,9.13,14.74,23.87,26.13,13.62,132.0,0.262,18.0,13.64,9.0,6.82,0.77,0.197,13.86,7.01,15.91,22.92,31.15,10.17,304.0,0.294,42.0,13.82,33.0,10.86,0.896,0.237,18.17,8.64,15.1,23.74,25.09,12.03
747191,2024-06-15,2024,657557,R,669194,R,single,False,False,173.0,0.256,56.0,32.37,6.0,3.47,0.806,0.244,32.64,19.12,9.41,28.53,33.12,25.23,281.0,0.203,86.0,30.6,12.0,4.27,0.603,0.1539999999999999,36.49,19.09,15.38,34.47,35.28,34.68,128.0,0.376,23.0,17.97,9.0,7.03,0.9949999999999999,0.19699999999999995,22.36,11.53,14.05,25.58,27.16,15.13,315.0,0.276,54.0,17.14,13.0,4.13,0.808,0.2259999999999999,22.31,11.58,14.58,26.16,25.24,14.32
747191,2024-06-15,2024,670032,L,669194,R,single,False,False,180.0,0.241,28.0,15.56,13.0,7.22,0.579,0.03700000000000003,17.97,8.8,16.16,24.96,27.24,17.61,212.0,0.228,33.0,15.57,24.0,11.32,0.647,0.089,22.47,10.7,16.47,27.16,26.6,14.22,132.0,0.262,18.0,13.64,9.0,6.82,0.77,0.197,13.86,7.01,15.91,22.92,31.15,10.17,304.0,0.294,42.0,13.82,33.0,10.86,0.896,0.237,18.17,8.64,15.1,23.74,25.09,12.03
747191,2024-06-15,2024,686676,R,669194,R,strikeout,True,False,128.0,0.231,38.0,29.69,6.0,4.69,0.665,0.166,39.26,22.65,10.68,33.33,35.19,23.72,47.0,0.116,12.0,25.53,4.0,8.51,0.4,0.0929999999999999,33.71,18.07,13.25,31.33,34.15,23.53,128.0,0.376,23.0,17.97,9.0,7.03,0.9949999999999999,0.19699999999999995,22.36,11.53,14.05,25.58,27.16,15.13,315.0,0.276,54.0,17.14,13.0,4.13,0.808,0.2259999999999999,22.31,11.58,14.58,26.16,25.24,14.32
747191,2024-06-15,2024,672820,R,669194,R,field_out,False,False,63.0,0.22,17.0,26.98,2.0,3.17,0.529,0.05100000000000002,27.05,14.16,19.74,33.91,39.81,23.94,123.0,0.178,30.0,24.39,2.0,1.63,0.504,0.136,24.69,13.05,16.81,29.87,39.56,22.39,128.0,0.376,23.0,17.97,9.0,7.03,0.9949999999999999,0.19699999999999995,22.36,11.53,14.05,25.58,27.16,15.13,315.0,0.276,54.0,17.14,13.0,4.13,0.808,0.2259999999999999,22.31,11.58,14.58,26.16,25.24,14.32
747191,2024-06-15,2024,572233,R,623167,R,field_out,False,False,220.0,0.25,52.0,23.64,25.0,11.36,0.8300000000000001,0.239,26.16,12.7,13.02,25.73,25.31,16.77,497.0,0.259,95.0,19.11,42.0,8.45,0.8009999999999999,0.2129999999999999,26.19,12.83,14.15,26.98,26.84,15.33,181.0,0.261,31.0,17.13,18.0,9.94,0.7310000000000001,0.137,21.82,9.88,16.19,26.06,26.11,14.69,256.0,0.345,32.0,12.5,21.0,8.2,1.025,0.28,20.3,10.02,13.61,23.63,27.49,12.06
747191,2024-06-15,2024,666971,R,623167,R,single,False,False,197.0,0.22,38.0,19.29,9.0,4.57,0.603,0.11900000000000002,21.22,10.77,15.88,26.65,32.08,17.43,433.0,0.247,85.0,19.63,21.0,4.85,0.756,0.22,20.07,9.99,16.64,26.63,31.06,17.82,181.0,0.261,31.0,17.13,18.0,9.94,0.7310000000000001,0.137,21.82,9.88,16.19,26.06,26.11,14.69,256.0,0.345,32.0,12.5,21.0,8.2,1.025,0.28,20.3,10.02,13.61,23.63,27.49,12.06
747191,2024-06-15,2024,545341,R,623167,R,double,False,False,37.0,0.314,5.0,13.51,2.0,5.41,0.865,0.2,17.74,7.97,20.29,28.26,25.0,11.9,338.0,0.244,79.0,23.37,17.0,5.03,0.6950000000000001,0.157,28.73,14.51,15.56,30.06,36.02,21.7,181.0,0.261,31.0,17.13,18.0,9.94,0.7310000000000001,0.137,21.82,9.88,16.19,26.06,26.11,14.69,256.0,0.345,32.0,12.5,21.0,8.2,1.025,0.28,20.3,10.02,13.61,23.63,27.49,12.06
747191,2024-06-15,2024,553993,R,623167,R,walk,False,True,196.0,0.194,52.0,26.53,12.0,6.12,0.6080000000000001,0.14900000000000002,30.21,14.45,15.09,29.54,26.9,22.22,537.0,0.227,161.0,29.98,48.0,8.94,0.706,0.167,32.3,14.54,16.91,31.45,23.96,22.87,181.0,0.261,31.0,17.13,18.0,9.94,0.7310000000000001,0.137,21.82,9.88,16.19,26.06,26.11,14.69,256.0,0.345,32.0,12.5,21.0,8.2,1.025,0.28,20.3,10.02,13.61,23.63,27.49,12.06
747191,2024-06-15,2024,571466,L,623167,R,single,False,False,52.0,0.2,15.0,28.85,11.0,21.15,0.598,0.024999999999999994,26.19,10.23,18.14,28.37,18.35,23.08,106.0,0.191,33.0,31.13,10.0,9.43,0.508,0.043,24.64,11.67,18.08,29.75,29.3,20.75,108.0,0.263,20.0,18.52,8.0,7.41,0.843,0.262,22.11,10.68,15.53,26.21,28.77,15.45,210.0,0.282,42.0,20.0,17.0,8.1,0.7949999999999999,0.165,24.87,11.52,15.86,27.39,27.68,20.49
747191,2024-06-15,2024,672695,L,623167,R,field_out,False,False,27.0,0.304,3.0,11.11,3.0,11.11,0.7549999999999999,0.043999999999999984,7.14,2.88,25.0,27.88,20.83,9.09,424.0,0.246,80.0,18.87,60.0,14.15,0.736,0.128,15.84,6.08,21.64,27.72,16.63,14.68,108.0,0.263,20.0,18.52,8.0,7.41,0.843,0.262,22.11,10.68,15.53,26.21,28.77,15.45,210.0,0.282,42.0,20.0,17.0,8.1,0.7949999999999999,0.165,24.87,11.52,15.86,27.39,27.68,20.49
747191,2024-06-15,2024,682998,L,623167,R,field_out,False,False,200.0,0.213,35.0,17.5,24.0,12.0,0.62,0.097,20.61,9.03,16.47,25.5,25.37,19.02,472.0,0.286,105.0,22.25,46.0,9.75,0.921,0.266,22.34,10.24,16.27,26.51,28.83,21.92,108.0,0.263,20.0,18.52,8.0,7.41,0.843,0.262,22.11,10.68,15.53,26.21,28.77,15.45,210.0,0.282,42.0,20.0,17.0,8.1,0.7949999999999999,0.165,24.87,11.52,15.86,27.39,27.68,20.49
747191,2024-06-15,2024,502054,R,669194,R,field_out,False,False,113.0,0.287,24.0,21.24,5.0,4.42,0.6890000000000001,0.08300000000000002,23.68,9.93,22.08,32.01,19.31,18.05,304.0,0.262,71.0,23.36,28.0,9.21,0.767,0.173,26.61,10.98,19.38,30.37,21.23,21.19,128.0,0.376,23.0,17.97,9.0,7.03,0.9949999999999999,0.19699999999999995,22.36,11.53,14.05,25.58,27.16,15.13,315.0,0.276,54.0,17.14,13.0,4.13,0.808,0.2259999999999999,22.31,11.58,14.58,26.16,25.24,14.32
747191,2024-06-15,2024,657757,L,669194,R,strikeout,True,False,211.0,0.24,34.0,16.11,29.0,13.74,0.7649999999999999,0.173,20.27,8.73,18.25,26.98,28.24,12.59,324.0,0.212,58.0,17.9,28.0,8.64,0.63,0.1369999999999999,20.44,9.67,14.66,24.33,29.35,14.25,132.0,0.262,18.0,13.64,9.0,6.82,0.77,0.197,13.86,7.01,15.91,22.92,31.15,10.17,304.0,0.294,42.0,13.82,33.0,10.86,0.896,0.237,18.17,8.64,15.1,23.74,25.09,12.03
747191,2024-06-15,2024,673357,R,669194,R,strikeout,True,False,56.0,0.17,22.0,39.29,3.0,5.36,0.7989999999999999,0.4149999999999999,38.14,19.48,16.45,35.93,37.5,27.5,477.0,0.252,132.0,27.67,25.0,5.24,0.8340000000000001,0.279,32.83,18.94,10.59,29.53,40.07,24.77,128.0,0.376,23.0,17.97,9.0,7.03,0.9949999999999999,0.19699999999999995,22.36,11.53,14.05,25.58,27.16,15.13,315.0,0.276,54.0,17.14,13.0,4.13,0.808,0.2259999999999999,22.31,11.58,14.58,26.16,25.24,14.32
747191,2024-06-15,2024,606466,L,623167,R,strikeout,True,False,195.0,0.241,45.0,23.08,19.0,9.74,0.6719999999999999,0.118,25.07,11.81,14.5,26.31,25.13,20.18,452.0,0.259,85.0,18.81,54.0,11.95,0.827,0.2199999999999999,20.87,9.03,16.76,25.8,21.17,17.28,108.0,0.263,20.0,18.52,8.0,7.41,0.843,0.262,22.11,10.68,15.53,26.21,28.77,15.45,210.0,0.282,42.0,20.0,17.0,8.1,0.7949999999999999,0.165,24.87,11.52,15.86,27.39,27.68,20.49
747191,2024-06-15,2024,592626,L,623167,R,single,False,False,187.0,0.291,46.0,24.6,20.0,10.7,0.886,0.21500000000000002,24.59,11.38,17.14,28.52,29.56,20.18,373.0,0.241,74.0,19.84,49.0,13.14,0.786,0.194,24.13,10.89,15.07,25.96,29.36,16.09,108.0,0.263,20.0,18.52,8.0,7.41,0.843,0.262,22.11,10.68,15.53,26.21,28.77,15.45,210.0,0.282,42.0,20.0,17.0,8.1,0.7949999999999999,0.165,24.87,11.52,15.86,27.39,27.68,20.49
747191,2024-06-15,2024,572233,R,623167,R,strikeout,True,False,220.0,0.25,52.0,23.64,25.0,11.36,0.8300000000000001,0.239,26.16,12.7,13.02,25.73,25.31,16.77,497.0,0.259,95.0,19.11,42.0,8.45,0.8009999999999999,0.2129999999999999,26.19,12.83,14.15,26.98,26.84,15.33,181.0,0.261,31.0,17.13,18.0,9.94,0.7310000000000001,0.137,21.82,9.88,16.19,26.06,26.11,14.69,256.0,0.345,32.0,12.5,21.0,8.2,1.025,0.28,20.3,10.02,13.61,23.63,27.49,12.06
747191,2024-06-15,2024,666971,R,623167,R,single,False,False,197.0,0.22,38.0,19.29,9.0,4.57,0.603,0.11900000000000002,21.22,10.77,15.88,26.65,32.08,17.43,433.0,0.247,85.0,19.63,21.0,4.85,0.756,0.22,20.07,9.99,16.64,26.63,31.06,17.82,181.0,0.261,31.0,17.13,18.0,9.94,0.7310000000000001,0.137,21.82,9.88,16.19,26.06,26.11,14.69,256.0,0.345,32.0,12.5,21.0,8.2,1.025,0.28,20.3,10.02,13.61,23.63,27.49,12.06
747191,2024-06-15,2024,545341,R,623167,R,field_out,False,False,37.0,0.314,5.0,13.51,2.0,5.41,0.865,0.2,17.74,7.97,20.29,28.26,25.0,11.9,338.0,0.244,79.0,23.37,17.0,5.03,0.6950000000000001,0.157,28.73,14.51,15.56,30.06,36.02,21.7,181.0,0.261,31.0,17.13,18.0,9.94,0.7310000000000001,0.137,21.82,9.88,16.19,26.06,26.11,14.69,256.0,0.345,32.0,12.5,21.0,8.2,1.025,0.28,20.3,10.02,13.61,23.63,27.49,12.06
747191,2024-06-15,2024,683734,R,669194,R,strikeout,True,False,213.0,0.211,53.0,24.88,15.0,7.04,0.633,0.145,22.47,10.56,17.67,28.23,29.84,19.78,474.0,0.267,109.0,23.0,29.0,6.12,0.774,0.18,26.24,11.95,18.94,30.89,30.92,21.51,128.0,0.376,23.0,17.97,9.0,7.03,0.9949999999999999,0.19699999999999995,22.36,11.53,14.05,25.58,27.16,15.13,315.0,0.276,54.0,17.14,13.0,4.13,0.808,0.2259999999999999,22.31,11.58,14.58,26.16,25.24,14.32
747191,2024-06-15,2024,643217,L,669194,R,double,False,False,166.0,0.231,25.0,15.06,9.0,5.42,0.5920000000000001,0.09,17.41,8.43,17.69,26.12,25.65,14.53,486.0,0.261,67.0,13.79,42.0,8.64,0.67,0.082,19.05,9.13,14.74,23.87,26.13,13.62,132.0,0.262,18.0,13.64,9.0,6.82,0.77,0.197,13.86,7.01,15.91,22.92,31.15,10.17,304.0,0.294,42.0,13.82,33.0,10.86,0.896,0.237,18.17,8.64,15.1,23.74,25.09,12.03
747191,2024-06-15,2024,657557,R,669194,R,field_out,False,False,173.0,0.256,56.0,32.37,6.0,3.47,0.806,0.244,32.64,19.12,9.41,28.53,33.12,25.23,281.0,0.203,86.0,30.6,12.0,4.27,0.603,0.1539999999999999,36.49,19.09,15.38,34.47,35.28,34.68,128.0,0.376,23.0,17.97,9.0,7.03,0.9949999999999999,0.19699999999999995,22.36,11.53,14.05,25.58,27.16,15.13,315.0,0.276,54.0,17.14,13.0,4.13,0.808,0.2259999999999999,22.31,11.58,14.58,26.16,25.24,14.32
747191,2024-06-15,2024,670032,L,669194,R,strikeout,True,False,180.0,0.241,28.0,15.56,13.0,7.22,0.579,0.03700000000000003,17.97,8.8,16.16,24.96,27.24,17.61,212.0,0.228,33.0,15.57,24.0,11.32,0.647,0.089,22.47,10.7,16.47,27.16,26.6,14.22,132.0,0.262,18.0,13.64,9.0,6.82,0.77,0.197,13.86,7.01,15.91,22.92,31.15,10.17,304.0,0.294,42.0,13.82,33.0,10.86,0.896,0.237,18.17,8.64,15.1,23.74,25.09,12.03
747191,2024-06-15,2024,553993,R,623167,R,home_run,False,False,196.0,0.194,52.0,26.53,12.0,6.12,0.6080000000000001,0.14900000000000002,30.21,14.45,15.09,29.54,26.9,22.22,537.0,0.227,161.0,29.98,48.0,8.94,0.706,0.167,32.3,14.54,16.91,31.45,23.96,22.87,181.0,0.261,31.0,17.13,18.0,9.94,0.7310000000000001,0.137,21.82,9.88,16.19,26.06,26.11,14.69,256.0,0.345,32.0,12.5,21.0,8.2,1.025,0.28,20.3,10.02,13.61,23.63,27.49,12.06
747191,2024-06-15,2024,571466,L,623167,R,single,False,False,52.0,0.2,15.0,28.85,11.0,21.15,0.598,0.024999999999999994,26.19,10.23,18.14,28.37,18.35,23.08,106.0,0.191,33.0,31.13,10.0,9.43,0.508,0.043,24.64,11.67,18.08,29.75,29.3,20.75,108.0,0.263,20.0,18.52,8.0,7.41,0.843,0.262,22.11,10.68,15.53,26.21,28.77,15.45,210.0,0.282,42.0,20.0,17.0,8.1,0.7949999999999999,0.165,24.87,11.52,15.86,27.39,27.68,20.49
747191,2024-06-15,2024,672695,L,623167,R,single,False,False,27.0,0.304,3.0,11.11,3.0,11.11,0.7549999999999999,0.043999999999999984,7.14,2.88,25.0,27.88,20.83,9.09,424.0,0.246,80.0,18.87,60.0,14.15,0.736,0.128,15.84,6.08,21.64,27.72,16.63,14.68,108.0,0.263,20.0,18.52,8.0,7.41,0.843,0.262,22.11,10.68,15.53,26.21,28.77,15.45,210.0,0.282,42.0,20.0,17.0,8.1,0.7949999999999999,0.165,24.87,11.52,15.86,27.39,27.68,20.49
747191,2024-06-15,2024,682998,L,623167,R,single,False,False,200.0,0.213,35.0,17.5,24.0,12.0,0.62,0.097,20.61,9.03,16.47,25.5,25.37,19.02,472.0,0.286,105.0,22.25,46.0,9.75,0.921,0.266,22.34,10.24,16.27,26.51,28.83,21.92,108.0,0.263,20.0,18.52,8.0,7.41,0.843,0.262,22.11,10.68,15.53,26.21,28.77,15.45,210.0,0.282,42.0,20.0,17.0,8.1,0.7949999999999999,0.165,24.87,11.52,15.86,27.39,27.68,20.49
747191,2024-06-15,2024,606466,L,623167,R,walk,False,True,195.0,0.241,45.0,23.08,19.0,9.74,0.6719999999999999,0.118,25.07,11.81,14.5,26.31,25.13,20.18,452.0,0.259,85.0,18.81,54.0,11.95,0.827,0.2199999999999999,20.87,9.03,16.76,25.8,21.17,17.28,108.0,0.263,20.0,18.52,8.0,7.41,0.843,0.262,22.11,10.68,15.53,26.21,28.77,15.45,210.0,0.282,42.0,20.0,17.0,8.1,0.7949999999999999,0.165,24.87,11.52,15.86,27.39,27.68,20.49
747191,2024-06-15,2024,592626,L,647336,R,field_out,False,False,187.0,0.291,46.0,24.6,20.0,10.7,0.886,0.21500000000000002,24.59,11.38,17.14,28.52,29.56,20.18,373.0,0.241,74.0,19.84,49.0,13.14,0.786,0.194,24.13,10.89,15.07,25.96,29.36,16.09,136.0,0.257,26.0,19.12,21.0,15.44,0.871,0.239,18.64,8.0,15.82,23.82,22.94,16.88,79.0,0.25,16.0,20.25,5.0,6.33,0.8440000000000001,0.278,20.71,9.48,16.67,26.14,22.15,19.28
747191,2024-06-15,2024,572233,R,647336,R,field_out,False,False,220.0,0.25,52.0,23.64,25.0,11.36,0.8300000000000001,0.239,26.16,12.7,13.02,25.73,25.31,16.77,497.0,0.259,95.0,19.11,42.0,8.45,0.8009999999999999,0.2129999999999999,26.19,12.83,14.15,26.98,26.84,15.33,135.0,0.226,23.0,17.04,15.0,11.11,0.756,0.209,22.18,9.64,17.82,27.45,25.93,13.07,66.0,0.321,13.0,19.7,7.0,10.61,1.004,0.2679999999999999,27.18,12.12,16.45,28.57,25.86,25.0
747191,2024-06-15,2024,686676,R,669194,R,field_out,False,False,128.0,0.231,38.0,29.69,6.0,4.69,0.665,0.166,39.26,22.65,10.68,33.33,35.19,23.72,47.0,0.116,12.0,25.53,4.0,8.51,0.4,0.0929999999999999,33.71,18.07,13.25,31.33,34.15,23.53,128.0,0.376,23.0,17.97,9.0,7.03,0.9949999999999999,0.19699999999999995,22.36,11.53,14.05,25.58,27.16,15.13,315.0,0.276,54.0,17.14,13.0,4.13,0.808,0.2259999999999999,22.31,11.58,14.58,26.16,25.24,14.32
747191,2024-06-15,2024,672820,R,669194,R,double,False,False,63.0,0.22,17.0,26.98,2.0,3.17,0.529,0.05100000000000002,27.05,14.16,19.74,33.91,39.81,23.94,123.0,0.178,30.0,24.39,2.0,1.63,0.504,0.136,24.69,13.05,16.81,29.87,39.56,22.39,128.0,0.376,23.0,17.97,9.0,7.03,0.9949999999999999,0.19699999999999995,22.36,11.53,14.05,25.58,27.16,15.13,315.0,0.276,54.0,17.14,13.0,4.13,0.808,0.2259999999999999,22.31,11.58,14.58,26.16,25.24,14.32
747191,2024-06-15,2024,502054,R,669194,R,strikeout,True,False,113.0,0.287,24.0,21.24,5.0,4.42,0.6890000000000001,0.08300000000000002,23.68,9.93,22.08,32.01,19.31,18.05,304.0,0.262,71.0,23.36,28.0,9.21,0.767,0.173,26.61,10.98,19.38,30.37,21.23,21.19,128.0,0.376,23.0,17.97,9.0,7.03,0.9949999999999999,0.19699999999999995,22.36,11.53,14.05,25.58,27.16,15.13,315.0,0.276,54.0,17.14,13.0,4.13,0.808,0.2259999999999999,22.31,11.58,14.58,26.16,25.24,14.32
747191,2024-06-15,2024,657757,L,669194,R,field_out,False,False,211.0,0.24,34.0,16.11,29.0,13.74,0.7649999999999999,0.173,20.27,8.73,18.25,26.98,28.24,12.59,324.0,0.212,58.0,17.9,28.0,8.64,0.63,0.1369999999999999,20.44,9.67,14.66,24.33,29.35,14.25,132.0,0.262,18.0,13.64,9.0,6.82,0.77,0.197,13.86,7.01,15.91,22.92,31.15,10.17,304.0,0.294,42.0,13.82,33.0,10.86,0.896,0.237,18.17,8.64,15.1,23.74,25.09,12.03
747191,2024-06-15,2024,666971,R,647336,R,strikeout,True,False,197.0,0.22,38.0,19.29,9.0,4.57,0.603,0.11900000000000002,21.22,10.77,15.88,26.65,32.08,17.43,433.0,0.247,85.0,19.63,21.0,4.85,0.756,0.22,20.07,9.99,16.64,26.63,31.06,17.82,135.0,0.226,23.0,17.04,15.0,11.11,0.756,0.209,22.18,9.64,17.82,27.45,25.93,13.07,66.0,0.321,13.0,19.7,7.0,10.61,1.004,0.2679999999999999,27.18,12.12,16.45,28.57,25.86,25.0
747191,2024-06-15,2024,545341,R,647336,R,field_out,False,False,37.0,0.314,5.0,13.51,2.0,5.41,0.865,0.2,17.74,7.97,20.29,28.26,25.0,11.9,338.0,0.244,79.0,23.37,17.0,5.03,0.6950000000000001,0.157,28.73,14.51,15.56,30.06,36.02,21.7,135.0,0.226,23.0,17.04,15.0,11.11,0.756,0.209,22.18,9.64,17.82,27.45,25.93,13.07,66.0,0.321,13.0,19.7,7.0,10.61,1.004,0.2679999999999999,27.18,12.12,16.45,28.57,25.86,25.0
747191,2024-06-15,2024,553993,R,647336,R,walk,False,True,196.0,0.194,52.0,26.53,12.0,6.12,0.6080000000000001,0.14900000000000002,30.21,14.45,15.09,29.54,26.9,22.22,537.0,0.227,161.0,29.98,48.0,8.94,0.706,0.167,32.3,14.54,16.91,31.45,23.96,22.87,135.0,0.226,23.0,17.04,15.0,11.11,0.756,0.209,22.18,9.64,17.82,27.45,25.93,13.07,66.0,0.321,13.0,19.7,7.0,10.61,1.004,0.2679999999999999,27.18,12.12,16.45,28.57,25.86,25.0
747191,2024-06-15,2024,571466,L,647336,R,field_out,False,False,52.0,0.2,15.0,28.85,11.0,21.15,0.598,0.024999999999999994,26.19,10.23,18.14,28.37,18.35,23.08,106.0,0.191,33.0,31.13,10.0,9.43,0.508,0.043,24.64,11.67,18.08,29.75,29.3,20.75,136.0,0.257,26.0,19.12,21.0,15.44,0.871,0.239,18.64,8.0,15.82,23.82,22.94,16.88,79.0,0.25,16.0,20.25,5.0,6.33,0.8440000000000001,0.278,20.71,9.48,16.67,26.14,22.15,19.28
747191,2024-06-15,2024,673357,R,669194,R,field_out,False,False,56.0,0.17,22.0,39.29,3.0,5.36,0.7989999999999999,0.4149999999999999,38.14,19.48,16.45,35.93,37.5,27.5,477.0,0.252,132.0,27.67,25.0,5.24,0.8340000000000001,0.279,32.83,18.94,10.59,29.53,40.07,24.77,128.0,0.376,23.0,17.97,9.0,7.03,0.9949999999999999,0.19699999999999995,22.36,11.53,14.05,25.58,27.16,15.13,315.0,0.276,54.0,17.14,13.0,4.13,0.808,0.2259999999999999,22.31,11.58,14.58,26.16,25.24,14.32
747191,2024-06-15,2024,683734,R,669194,R,field_out,False,False,213.0,0.211,53.0,24.88,15.0,7.04,0.633,0.145,22.47,10.56,17.67,28.23,29.84,19.78,474.0,0.267,109.0,23.0,29.0,6.12,0.774,0.18,26.24,11.95,18.94,30.89,30.92,21.51,128.0,0.376,23.0,17.97,9.0,7.03,0.9949999999999999,0.19699999999999995,22.36,11.53,14.05,25.58,27.16,15.13,315.0,0.276,54.0,17.14,13.0,4.13,0.808,0.2259999999999999,22.31,11.58,14.58,26.16,25.24,14.32
747191,2024-06-15,2024,643217,L,669194,R,single,False,False,166.0,0.231,25.0,15.06,9.0,5.42,0.5920000000000001,0.09,17.41,8.43,17.69,26.12,25.65,14.53,486.0,0.261,67.0,13.79,42.0,8.64,0.67,0.082,19.05,9.13,14.74,23.87,26.13,13.62,132.0,0.262,18.0,13.64,9.0,6.82,0.77,0.197,13.86,7.01,15.91,22.92,31.15,10.17,304.0,0.294,42.0,13.82,33.0,10.86,0.896,0.237,18.17,8.64,15.1,23.74,25.09,12.03
747191,2024-06-15,2024,657557,R,669194,R,strikeout,True,False,173.0,0.256,56.0,32.37,6.0,3.47,0.806,0.244,32.64,19.12,9.41,28.53,33.12,25.23,281.0,0.203,86.0,30.6,12.0,4.27,0.603,0.1539999999999999,36.49,19.09,15.38,34.47,35.28,34.68,128.0,0.376,23.0,17.97,9.0,7.03,0.9949999999999999,0.19699999999999995,22.36,11.53,14.05,25.58,27.16,15.13,315.0,0.276,54.0,17.14,13.0,4.13,0.808,0.2259999999999999,22.31,11.58,14.58,26.16,25.24,14.32
747191,2024-06-15,2024,672695,L,647336,R,field_out,False,False,27.0,0.304,3.0,11.11,3.0,11.11,0.7549999999999999,0.043999999999999984,7.14,2.88,25.0,27.88,20.83,9.09,424.0,0.246,80.0,18.87,60.0,14.15,0.736,0.128,15.84,6.08,21.64,27.72,16.63,14.68,136.0,0.257,26.0,19.12,21.0,15.44,0.871,0.239,18.64,8.0,15.82,23.82,22.94,16.88,79.0,0.25,16.0,20.25,5.0,6.33,0.8440000000000001,0.278,20.71,9.48,16.67,26.14,22.15,19.28
747191,2024-06-15,2024,682998,L,647336,R,strikeout,True,False,200.0,0.213,35.0,17.5,24.0,12.0,0.62,0.097,20.61,9.03,16.47,25.5,25.37,19.02,472.0,0.286,105.0,22.25,46.0,9.75,0.921,0.266,22.34,10.24,16.27,26.51,28.83,21.92,136.0,0.257,26.0,19.12,21.0,15.44,0.871,0.239,18.64,8.0,15.82,23.82,22.94,16.88,79.0,0.25,16.0,20.25,5.0,6.33,0.8440000000000001,0.278,20.71,9.48,16.67,26.14,22.15,19.28
747191,2024-06-15,2024,606466,L,647336,R,field_out,False,False,195.0,0.241,45.0,23.08,19.0,9.74,0.6719999999999999,0.118,25.07,11.81,14.5,26.31,25.13,20.18,452.0,0.259,85.0,18.81,54.0,11.95,0.827,0.2199999999999999,20.87,9.03,16.76,25.8,21.17,17.28,136.0,0.257,26.0,19.12,21.0,15.44,0.871,0.239,18.64,8.0,15.82,23.82,22.94,16.88,79.0,0.25,16.0,20.25,5.0,6.33,0.8440000000000001,0.278,20.71,9.48,16.67,26.14,22.15,19.28
747191,2024-06-15,2024,670032,L,679885,R,single,False,False,180.0,0.241,28.0,15.56,13.0,7.22,0.579,0.03700000000000003,17.97,8.8,16.16,24.96,27.24,17.61,212.0,0.228,33.0,15.57,24.0,11.32,0.647,0.089,22.47,10.7,16.47,27.16,26.6,14.22,41.0,0.114,12.0,29.27,5.0,12.2,0.368,0.028999999999999984,29.49,13.37,17.44,30.81,26.97,21.43,25.0,0.444,5.0,20.0,7.0,28.0,1.4329999999999998,0.3889999999999999,28.89,11.02,13.56,24.58,32.39,14.71
747191,2024-06-15,2024,686676,R,679885,R,field_out,False,False,128.0,0.231,38.0,29.69,6.0,4.69,0.665,0.166,39.26,22.65,10.68,33.33,35.19,23.72,47.0,0.116,12.0,25.53,4.0,8.51,0.4,0.0929999999999999,33.71,18.07,13.25,31.33,34.15,23.53,60.0,0.216,16.0,26.67,9.0,15.0,0.549,0.0,37.27,16.33,19.12,35.46,28.1,19.51,32.0,0.192,9.0,28.12,4.0,12.5,0.6519999999999999,0.1159999999999999,36.73,14.75,17.21,31.97,22.73,33.33
747191,2024-06-15,2024,672820,R,679885,R,field_out,False,False,63.0,0.22,17.0,26.98,2.0,3.17,0.529,0.05100000000000002,27.05,14.16,19.74,33.91,39.81,23.94,123.0,0.178,30.0,24.39,2.0,1.63,0.504,0.136,24.69,13.05,16.81,29.87,39.56,22.39,60.0,0.216,16.0,26.67,9.0,15.0,0.549,0.0,37.27,16.33,19.12,35.46,28.1,19.51,32.0,0.192,9.0,28.12,4.0,12.5,0.6519999999999999,0.1159999999999999,36.73,14.75,17.21,31.97,22.73,33.33
747191,2024-06-15,2024,502054,R,679885,R,field_out,False,False,113.0,0.287,24.0,21.24,5.0,4.42,0.6890000000000001,0.08300000000000002,23.68,9.93,22.08,32.01,19.31,18.05,304.0,0.262,71.0,23.36,28.0,9.21,0.767,0.173,26.61,10.98,19.38,30.37,21.23,21.19,60.0,0.216,16.0,26.67,9.0,15.0,0.549,0.0,37.27,16.33,19.12,35.46,28.1,19.51,32.0,0.192,9.0,28.12,4.0,12.5,0.6519999999999999,0.1159999999999999,36.73,14.75,17.21,31.97,22.73,33.33
747191,2024-06-15,2024,592626,L,647336,R,home_run,False,False,187.0,0.291,46.0,24.6,20.0,10.7,0.886,0.21500000000000002,24.59,11.38,17.14,28.52,29.56,20.18,373.0,0.241,74.0,19.84,49.0,13.14,0.786,0.194,24.13,10.89,15.07,25.96,29.36,16.09,136.0,0.257,26.0,19.12,21.0,15.44,0.871,0.239,18.64,8.0,15.82,23.82,22.94,16.88,79.0,0.25,16.0,20.25,5.0,6.33,0.8440000000000001,0.278,20.71,9.48,16.67,26.14,22.15,19.28
747191,2024-06-15,2024,572233,R,647336,R,strikeout,True,False,220.0,0.25,52.0,23.64,25.0,11.36,0.8300000000000001,0.239,26.16,12.7,13.02,25.73,25.31,16.77,497.0,0.259,95.0,19.11,42.0,8.45,0.8009999999999999,0.2129999999999999,26.19,12.83,14.15,26.98,26.84,15.33,135.0,0.226,23.0,17.04,15.0,11.11,0.756,0.209,22.18,9.64,17.82,27.45,25.93,13.07,66.0,0.321,13.0,19.7,7.0,10.61,1.004,0.2679999999999999,27.18,12.12,16.45,28.57,25.86,25.0
747191,2024-06-15,2024,666971,R,647336,R,strikeout,True,False,197.0,0.22,38.0,19.29,9.0,4.57,0.603,0.11900000000000002,21.22,10.77,15.88,26.65,32.08,17.43,433.0,0.247,85.0,19.63,21.0,4.85,0.756,0.22,20.07,9.99,16.64,26.63,31.06,17.82,135.0,0.226,23.0,17.04,15.0,11.11,0.756,0.209,22.18,9.64,17.82,27.45,25.93,13.07,66.0,0.321,13.0,19.7,7.0,10.61,1.004,0.2679999999999999,27.18,12.12,16.45,28.57,25.86,25.0
747191,2024-06-15,2024,545341,R,647336,R,field_out,False,False,37.0,0.314,5.0,13.51,2.0,5.41,0.865,0.2,17.74,7.97,20.29,28.26,25.0,11.9,338.0,0.244,79.0,23.37,17.0,5.03,0.6950000000000001,0.157,28.73,14.51,15.56,30.06,36.02,21.7,135.0,0.226,23.0,17.04,15.0,11.11,0.756,0.209,22.18,9.64,17.82,27.45,25.93,13.07,66.0,0.321,13.0,19.7,7.0,10.61,1.004,0.2679999999999999,27.18,12.12,16.45,28.57,25.86,25.0
747191,2024-06-15,2024,657757,L,686826,R,field_out,False,False,211.0,0.24,34.0,16.11,29.0,13.74,0.7649999999999999,0.173,20.27,8.73,18.25,26.98,28.24,12.59,324.0,0.212,58.0,17.9,28.0,8.64,0.63,0.1369999999999999,20.44,9.67,14.66,24.33,29.35,14.25,66.0,0.269,9.0,13.64,13.0,19.7,0.8089999999999999,0.11599999999999999,21.26,9.28,12.03,21.31,21.99,9.09,37.0,0.207,1.0,2.7,7.0,18.92,0.661,0.103,11.67,4.64,13.91,18.54,9.76,2.56
747191,2024-06-15,2024,673357,R,686826,R,field_out,False,False,56.0,0.17,22.0,39.29,3.0,5.36,0.7989999999999999,0.4149999999999999,38.14,19.48,16.45,35.93,37.5,27.5,477.0,0.252,132.0,27.67,25.0,5.24,0.8340000000000001,0.279,32.83,18.94,10.59,29.53,40.07,24.77,106.0,0.215,18.0,16.98,12.0,11.32,0.677,0.151,24.75,11.78,16.59,28.37,27.45,15.0,55.0,0.151,11.0,20.0,2.0,3.64,0.484,0.151,22.22,10.05,15.98,26.03,30.25,18.03
747191,2024-06-15,2024,683734,R,686826,R,field_out,False,False,213.0,0.211,53.0,24.88,15.0,7.04,0.633,0.145,22.47,10.56,17.67,28.23,29.84,19.78,474.0,0.267,109.0,23.0,29.0,6.12,0.774,0.18,26.24,11.95,18.94,30.89,30.92,21.51,106.0,0.215,18.0,16.98,12.0,11.32,0.677,0.151,24.75,11.78,16.59,28.37,27.45,15.0,55.0,0.151,11.0,20.0,2.0,3.64,0.484,0.151,22.22,10.05,15.98,26.03,30.25,18.03
747191,2024-06-15,2024,553993,R,694363,L,field_out,False,False,74.0,0.206,24.0,32.43,8.0,10.81,0.567,0.06400000000000003,30.95,12.75,19.93,32.68,22.88,27.27,158.0,0.252,53.0,33.54,22.0,13.92,0.743,0.13,34.48,14.75,15.49,30.24,22.05,25.0,75.0,0.206,10.0,13.33,11.0,14.67,0.653,0.12700000000000003,23.08,9.43,12.89,22.33,21.28,13.33,179.0,0.27,22.0,12.29,19.0,10.61,0.7989999999999999,0.177,20.58,9.6,15.74,25.34,24.62,12.15
747191,2024-06-15,2024,571466,L,694363,L,field_out,False,False,23.0,0.095,9.0,39.13,1.0,4.35,0.279,0.04799999999999999,45.71,18.39,25.29,43.68,31.91,39.13,17.0,0.267,9.0,52.94,2.0,11.76,0.753,0.133,31.03,13.64,25.76,39.39,27.59,39.13,45.0,0.3,5.0,11.11,2.0,4.44,0.718,0.10000000000000003,19.32,10.97,11.61,22.58,29.17,12.2,51.0,0.238,8.0,15.69,7.0,13.73,0.738,0.167,25.3,10.66,17.26,27.92,21.82,14.29
747191,2024-06-15,2024,672695,R,694363,L,field_out,False,False,12.0,0.25,1.0,8.33,0.0,0.0,0.5,0.0,5.88,2.27,25.0,27.27,16.67,7.69,71.0,0.242,6.0,8.45,4.0,5.63,0.5780000000000001,0.032,11.11,4.68,20.14,24.82,19.85,7.59,75.0,0.206,10.0,13.33,11.0,14.67,0.653,0.12700000000000003,23.08,9.43,12.89,22.33,21.28,13.33,179.0,0.27,22.0,12.29,19.0,10.61,0.7989999999999999,0.177,20.58,9.6,15.74,25.34,24.62,12.15
747191,2024-06-15,2024,664901,R,573009,L,field_out,False,False,32.0,0.276,6.0,18.75,3.0,9.38,0.9299999999999999,0.30999999999999994,22.03,10.16,14.84,25.0,24.29,18.75,41.0,0.225,10.0,24.39,1.0,2.44,0.544,0.0749999999999999,22.67,10.62,20.0,30.63,24.29,21.74,53.0,0.213,10.0,18.87,6.0,11.32,0.621,0.10600000000000001,32.0,15.84,11.39,27.23,35.78,19.23,90.0,0.277,13.0,14.44,7.0,7.78,0.875,0.265,21.12,10.49,15.43,25.93,33.13,16.25
747191,2024-06-15,2024,657557,R,573009,L,single,False,False,56.0,0.176,18.0,32.14,3.0,5.36,0.624,0.21600000000000003,38.28,22.48,8.72,31.19,28.85,25.35,119.0,0.217,35.0,29.41,9.0,7.56,0.635,0.1319999999999999,33.2,18.24,12.75,30.99,37.18,23.03,53.0,0.213,10.0,18.87,6.0,11.32,0.621,0.10600000000000001,32.0,15.84,11.39,27.23,35.78,19.23,90.0,0.277,13.0,14.44,7.0,7.78,0.875,0.265,21.12,10.49,15.43,25.93,33.13,16.25
747191,2024-06-15,2024,667452,R,573009,L,strikeout,True,False,27.0,0.36,9.0,33.33,2.0,7.41,1.007,0.24,30.36,15.18,17.86,33.04,38.89,23.68,76.0,0.233,19.0,25.0,2.0,2.63,0.62,0.1369999999999999,22.62,11.91,15.05,26.96,35.67,17.27,53.0,0.213,10.0,18.87,6.0,11.32,0.621,0.10600000000000001,32.0,15.84,11.39,27.23,35.78,19.23,90.0,0.277,13.0,14.44,7.0,7.78,0.875,0.265,21.12,10.49,15.43,25.93,33.13,16.25
747191,2024-06-15,2024,686676,R,573009,L,field_out,False,False,42.0,0.293,11.0,26.19,1.0,2.38,0.627,0.02400000000000002,29.41,17.48,12.59,30.07,38.71,26.19,23.0,0.0,8.0,34.78,1.0,4.35,0.043,0.0,28.12,15.79,7.89,23.68,26.67,17.02,53.0,0.213,10.0,18.87,6.0,11.32,0.621,0.10600000000000001,32.0,15.84,11.39,27.23,35.78,19.23,90.0,0.277,13.0,14.44,7.0,7.78,0.875,0.265,21.12,10.49,15.43,25.93,33.13,16.25
746545,2024-06-15,2024,457705,R,663372,R,field_out,False,False,170.0,0.245,46.0,27.06,17.0,10.0,0.72,0.14600000000000002,31.48,13.46,18.65,32.12,18.34,21.3,312.0,0.254,72.0,23.08,49.0,15.71,0.767,0.137,28.77,12.06,17.2,29.26,17.59,17.52,161.0,0.27,34.0,21.12,9.0,5.59,0.716,0.129,24.82,11.69,17.29,28.98,25.82,20.86,91.0,0.262,19.0,20.88,10.0,10.99,0.7290000000000001,0.126,20.25,9.17,20.06,29.23,27.81,18.1
746545,2024-06-15,2024,668804,L,663372,R,home_run,False,False,215.0,0.257,45.0,20.93,22.0,10.23,0.754,0.16199999999999998,27.92,13.02,14.44,27.46,26.93,18.07,438.0,0.252,94.0,21.46,45.0,10.27,0.821,0.2309999999999999,28.75,13.22,13.73,26.95,24.9,18.49,171.0,0.316,33.0,19.3,11.0,6.43,0.908,0.23500000000000004,22.78,11.99,13.4,25.39,26.76,16.93,110.0,0.267,19.0,17.27,18.0,16.36,0.7330000000000001,0.066,22.58,9.66,17.47,27.13,23.0,14.62
746545,2024-06-15,2024,693304,R,663372,R,single,False,False,87.0,0.291,20.0,22.99,4.0,4.6,0.782,0.16500000000000004,28.04,15.59,10.88,26.47,32.14,17.86,86.0,0.234,21.0,24.42,3.0,3.49,0.638,0.1299999999999999,30.36,15.84,12.11,27.95,27.85,22.11,161.0,0.27,34.0,21.12,9.0,5.59,0.716,0.129,24.82,11.69,17.29,28.98,25.82,20.86,91.0,0.262,19.0,20.88,10.0,10.99,0.7290000000000001,0.126,20.25,9.17,20.06,29.23,27.81,18.1
746545,2024-06-15,2024,642133,L,663372,R,single,False,False,152.0,0.223,28.0,18.42,11.0,7.24,0.585,0.07899999999999999,21.18,8.78,20.65,29.43,23.84,18.92,300.0,0.223,73.0,24.33,29.0,9.67,0.69,0.173,22.22,8.47,23.11,31.59,24.77,19.95,171.0,0.316,33.0,19.3,11.0,6.43,0.908,0.23500000000000004,22.78,11.99,13.4,25.39,26.76,16.93,110.0,0.267,19.0,17.27,18.0,16.36,0.7330000000000001,0.066,22.58,9.66,17.47,27.13,23.0,14.62
746545,2024-06-15,2024,663647,R,663372,R,grounded_into_double_play,False,False,148.0,0.207,33.0,22.3,10.0,6.76,0.501,0.03,18.67,8.3,21.4,29.7,28.94,21.29,358.0,0.26,75.0,20.95,22.0,6.15,0.721,0.1559999999999999,21.48,9.63,20.09,29.72,30.19,22.32,161.0,0.27,34.0,21.12,9.0,5.59,0.716,0.129,24.82,11.69,17.29,28.98,25.82,20.86,91.0,0.262,19.0,20.88,10.0,10.99,0.7290000000000001,0.126,20.25,9.17,20.06,29.23,27.81,18.1
746545,2024-06-15,2024,453568,L,669387,R,strikeout,True,False,189.0,0.25,28.0,14.81,14.0,7.41,0.7150000000000001,0.15100000000000002,19.55,9.78,16.62,26.4,36.29,13.59,309.0,0.272,48.0,15.53,26.0,8.41,0.7909999999999999,0.1689999999999999,21.84,10.67,16.05,26.72,30.66,16.11,31.0,0.25,7.0,22.58,4.0,12.9,0.688,0.08300000000000002,20.29,10.37,13.33,23.7,24.62,13.73,66.0,0.214,16.0,24.24,8.0,12.12,0.612,0.09,20.93,9.82,15.27,25.09,25.76,17.98
746545,2024-06-15,2024,686668,R,669387,R,single,False,False,212.0,0.266,60.0,28.3,19.0,8.96,0.7390000000000001,0.138,30.59,14.99,15.65,30.64,28.82,26.55,299.0,0.207,98.0,32.78,17.0,5.69,0.597,0.131,34.17,17.56,14.33,31.89,31.96,31.51,41.0,0.265,10.0,24.39,5.0,12.2,0.748,0.11699999999999999,27.4,12.12,15.15,27.27,26.37,22.22,87.0,0.213,18.0,20.69,10.0,11.49,0.63,0.107,21.85,9.54,17.63,27.17,22.03,17.14
746545,2024-06-15,2024,678662,R,669387,R,field_out,False,False,219.0,0.301,58.0,26.48,6.0,2.74,0.831,0.20400000000000001,33.27,20.94,10.04,30.98,46.43,21.72,438.0,0.256,109.0,24.89,17.0,3.88,0.69,0.143,29.47,17.51,10.44,27.95,41.11,20.49,41.0,0.265,10.0,24.39,5.0,12.2,0.748,0.11699999999999999,27.4,12.12,15.15,27.27,26.37,22.22,87.0,0.213,18.0,20.69,10.0,11.49,0.63,0.107,21.85,9.54,17.63,27.17,22.03,17.14
746545,2024-06-15,2024,641857,L,669387,R,strikeout,True,False,204.0,0.242,56.0,27.45,21.0,10.29,0.745,0.185,27.05,12.8,15.89,28.69,27.21,19.11,449.0,0.26,141.0,31.4,52.0,11.58,0.826,0.2209999999999999,31.26,14.84,14.94,29.79,25.26,20.41,31.0,0.25,7.0,22.58,4.0,12.9,0.688,0.08300000000000002,20.29,10.37,13.33,23.7,24.62,13.73,66.0,0.214,16.0,24.24,8.0,12.12,0.612,0.09,20.93,9.82,15.27,25.09,25.76,17.98
746545,2024-06-15,2024,656582,R,663372,R,field_out,False,False,156.0,0.236,34.0,21.79,13.0,8.33,0.6930000000000001,0.14300000000000002,22.99,10.2,19.05,29.25,23.59,20.48,279.0,0.235,70.0,25.09,27.0,9.68,0.72,0.166,22.25,8.9,20.93,29.83,20.67,18.23,161.0,0.27,34.0,21.12,9.0,5.59,0.716,0.129,24.82,11.69,17.29,28.98,25.82,20.86,91.0,0.262,19.0,20.88,10.0,10.99,0.7290000000000001,0.126,20.25,9.17,20.06,29.23,27.81,18.1
746545,2024-06-15,2024,669261,L,663372,R,walk,False,True,152.0,0.154,38.0,25.0,21.0,13.82,0.5700000000000001,0.146,24.56,11.22,14.58,25.8,21.12,19.9,404.0,0.232,117.0,28.96,61.0,15.1,0.857,0.271,29.06,11.36,18.81,30.17,17.6,22.37,171.0,0.316,33.0,19.3,11.0,6.43,0.908,0.23500000000000004,22.78,11.99,13.4,25.39,26.76,16.93,110.0,0.267,19.0,17.27,18.0,16.36,0.7330000000000001,0.066,22.58,9.66,17.47,27.13,23.0,14.62
746545,2024-06-15,2024,669707,R,663372,R,grounded_into_double_play,False,False,158.0,0.209,36.0,22.78,15.0,9.49,0.573,0.07899999999999999,25.24,12.36,15.53,27.89,28.08,15.72,144.0,0.301,43.0,29.86,18.0,12.5,0.786,0.089,33.87,14.74,17.72,32.46,24.23,24.57,161.0,0.27,34.0,21.12,9.0,5.59,0.716,0.129,24.82,11.69,17.29,28.98,25.82,20.86,91.0,0.262,19.0,20.88,10.0,10.99,0.7290000000000001,0.126,20.25,9.17,20.06,29.23,27.81,18.1
746545,2024-06-15,2024,666134,L,669387,R,walk,False,True,81.0,0.178,27.0,33.33,8.0,9.88,0.56,0.123,28.99,11.08,23.27,34.35,22.4,21.09,294.0,0.289,92.0,31.29,41.0,13.95,0.945,0.261,33.58,14.12,18.56,32.68,25.97,22.72,31.0,0.25,7.0,22.58,4.0,12.9,0.688,0.08300000000000002,20.29,10.37,13.33,23.7,24.62,13.73,66.0,0.214,16.0,24.24,8.0,12.12,0.612,0.09,20.93,9.82,15.27,25.09,25.76,17.98
746545,2024-06-15,2024,607732,R,682847,R,field_out,False,False,83.0,0.26,16.0,19.28,6.0,7.23,0.683,0.08200000000000002,27.27,12.26,17.61,29.87,20.95,17.39,225.0,0.186,56.0,24.89,24.0,10.67,0.547,0.082,22.79,8.98,20.99,29.97,22.2,22.95,113.0,0.2,20.0,17.7,5.0,4.42,0.552,0.09499999999999997,19.9,10.13,14.55,24.68,26.88,21.05,223.0,0.253,36.0,16.14,24.0,10.76,0.7070000000000001,0.118,22.28,10.14,16.3,26.45,26.65,17.22
746545,2024-06-15,2024,669911,L,682847,R,strikeout,True,False,59.0,0.164,22.0,37.29,2.0,3.39,0.512,0.145,32.31,15.73,16.1,31.84,32.89,22.45,104.0,0.189,29.0,27.88,8.0,7.69,0.628,0.179,34.34,17.26,14.21,31.47,29.0,25.0,66.0,0.231,13.0,19.7,12.0,18.18,0.6910000000000001,0.096,20.17,8.42,14.39,22.81,22.52,17.81,177.0,0.333,23.0,12.99,24.0,13.56,0.965,0.214,22.92,10.41,13.56,23.97,25.57,14.84
746545,2024-06-15,2024,660707,R,682847,R,field_out,False,False,165.0,0.207,37.0,22.42,13.0,7.88,0.5880000000000001,0.11300000000000002,29.75,16.14,12.81,28.95,35.85,21.64,196.0,0.249,69.0,35.2,12.0,6.12,0.729,0.1689999999999999,41.45,21.48,15.97,37.45,41.94,28.28,113.0,0.2,20.0,17.7,5.0,4.42,0.552,0.09499999999999997,19.9,10.13,14.55,24.68,26.88,21.05,223.0,0.253,36.0,16.14,24.0,10.76,0.7070000000000001,0.118,22.28,10.14,16.3,26.45,26.65,17.22
746545,2024-06-15,2024,680779,R,663372,R,strikeout,True,False,80.0,0.119,35.0,43.75,9.0,11.25,0.397,0.06,37.72,17.5,15.0,32.5,23.66,29.17,170.0,0.224,49.0,28.82,15.0,8.82,0.655,0.1309999999999999,29.33,13.02,18.05,31.07,30.65,26.2,161.0,0.27,34.0,21.12,9.0,5.59,0.716,0.129,24.82,11.69,17.29,28.98,25.82,20.86,91.0,0.262,19.0,20.88,10.0,10.99,0.7290000000000001,0.126,20.25,9.17,20.06,29.23,27.81,18.1
746545,2024-06-15,2024,457705,R,663372,R,strikeout,True,False,170.0,0.245,46.0,27.06,17.0,10.0,0.72,0.14600000000000002,31.48,13.46,18.65,32.12,18.34,21.3,312.0,0.254,72.0,23.08,49.0,15.71,0.767,0.137,28.77,12.06,17.2,29.26,17.59,17.52,161.0,0.27,34.0,21.12,9.0,5.59,0.716,0.129,24.82,11.69,17.29,28.98,25.82,20.86,91.0,0.262,19.0,20.88,10.0,10.99,0.7290000000000001,0.126,20.25,9.17,20.06,29.23,27.81,18.1
746545,2024-06-15,2024,668804,L,663372,R,strikeout,True,False,215.0,0.257,45.0,20.93,22.0,10.23,0.754,0.16199999999999998,27.92,13.02,14.44,27.46,26.93,18.07,438.0,0.252,94.0,21.46,45.0,10.27,0.821,0.2309999999999999,28.75,13.22,13.73,26.95,24.9,18.49,171.0,0.316,33.0,19.3,11.0,6.43,0.908,0.23500000000000004,22.78,11.99,13.4,25.39,26.76,16.93,110.0,0.267,19.0,17.27,18.0,16.36,0.7330000000000001,0.066,22.58,9.66,17.47,27.13,23.0,14.62
746545,2024-06-15,2024,691182,L,682847,R,field_out,False,False,17.0,0.118,5.0,29.41,0.0,0.0,0.236,0.0,24.32,15.0,18.33,33.33,57.69,25.0,,,,,,,,,,,,,,,66.0,0.231,13.0,19.7,12.0,18.18,0.6910000000000001,0.096,20.17,8.42,14.39,22.81,22.52,17.81,177.0,0.333,23.0,12.99,24.0,13.56,0.965,0.214,22.92,10.41,13.56,23.97,25.57,14.84
746545,2024-06-15,2024,453568,L,682847,R,double,False,False,189.0,0.25,28.0,14.81,14.0,7.41,0.7150000000000001,0.15100000000000002,19.55,9.78,16.62,26.4,36.29,13.59,309.0,0.272,48.0,15.53,26.0,8.41,0.7909999999999999,0.1689999999999999,21.84,10.67,16.05,26.72,30.66,16.11,66.0,0.231,13.0,19.7,12.0,18.18,0.6910000000000001,0.096,20.17,8.42,14.39,22.81,22.52,17.81,177.0,0.333,23.0,12.99,24.0,13.56,0.965,0.214,22.92,10.41,13.56,23.97,25.57,14.84
746545,2024-06-15,2024,686668,R,682847,R,single,False,False,212.0,0.266,60.0,28.3,19.0,8.96,0.7390000000000001,0.138,30.59,14.99,15.65,30.64,28.82,26.55,299.0,0.207,98.0,32.78,17.0,5.69,0.597,0.131,34.17,17.56,14.33,31.89,31.96,31.51,113.0,0.2,20.0,17.7,5.0,4.42,0.552,0.09499999999999997,19.9,10.13,14.55,24.68,26.88,21.05,223.0,0.253,36.0,16.14,24.0,10.76,0.7070000000000001,0.118,22.28,10.14,16.3,26.45,26.65,17.22
746545,2024-06-15,2024,678662,R,682847,R,grounded_into_double_play,False,False,219.0,0.301,58.0,26.48,6.0,2.74,0.831,0.20400000000000001,33.27,20.94,10.04,30.98,46.43,21.72,438.0,0.256,109.0,24.89,17.0,3.88,0.69,0.143,29.47,17.51,10.44,27.95,41.11,20.49,113.0,0.2,20.0,17.7,5.0,4.42,0.552,0.09499999999999997,19.9,10.13,14.55,24.68,26.88,21.05,223.0,0.253,36.0,16.14,24.0,10.76,0.7070000000000001,0.118,22.28,10.14,16.3,26.45,26.65,17.22
746545,2024-06-15,2024,693304,R,663372,R,field_out,False,False,87.0,0.291,20.0,22.99,4.0,4.6,0.782,0.16500000000000004,28.04,15.59,10.88,26.47,32.14,17.86,86.0,0.234,21.0,24.42,3.0,3.49,0.638,0.1299999999999999,30.36,15.84,12.11,27.95,27.85,22.11,161.0,0.27,34.0,21.12,9.0,5.59,0.716,0.129,24.82,11.69,17.29,28.98,25.82,20.86,91.0,0.262,19.0,20.88,10.0,10.99,0.7290000000000001,0.126,20.25,9.17,20.06,29.23,27.81,18.1
746545,2024-06-15,2024,642133,L,663372,R,strikeout,True,False,152.0,0.223,28.0,18.42,11.0,7.24,0.585,0.07899999999999999,21.18,8.78,20.65,29.43,23.84,18.92,300.0,0.223,73.0,24.33,29.0,9.67,0.69,0.173,22.22,8.47,23.11,31.59,24.77,19.95,171.0,0.316,33.0,19.3,11.0,6.43,0.908,0.23500000000000004,22.78,11.99,13.4,25.39,26.76,16.93,110.0,0.267,19.0,17.27,18.0,16.36,0.7330000000000001,0.066,22.58,9.66,17.47,27.13,23.0,14.62
746545,2024-06-15,2024,663647,R,663372,R,strikeout,True,False,148.0,0.207,33.0,22.3,10.0,6.76,0.501,0.03,18.67,8.3,21.4,29.7,28.94,21.29,358.0,0.26,75.0,20.95,22.0,6.15,0.721,0.1559999999999999,21.48,9.63,20.09,29.72,30.19,22.32,161.0,0.27,34.0,21.12,9.0,5.59,0.716,0.129,24.82,11.69,17.29,28.98,25.82,20.86,91.0,0.262,19.0,20.88,10.0,10.99,0.7290000000000001,0.126,20.25,9.17,20.06,29.23,27.81,18.1
746545,2024-06-15,2024,641857,L,682847,R,field_out,False,False,204.0,0.242,56.0,27.45,21.0,10.29,0.745,0.185,27.05,12.8,15.89,28.69,27.21,19.11,449.0,0.26,141.0,31.4,52.0,11.58,0.826,0.2209999999999999,31.26,14.84,14.94,29.79,25.26,20.41,66.0,0.231,13.0,19.7,12.0,18.18,0.6910000000000001,0.096,20.17,8.42,14.39,22.81,22.52,17.81,177.0,0.333,23.0,12.99,24.0,13.56,0.965,0.214,22.92,10.41,13.56,23.97,25.57,14.84
746545,2024-06-15,2024,666134,L,682847,R,strikeout,True,False,81.0,0.178,27.0,33.33,8.0,9.88,0.56,0.123,28.99,11.08,23.27,34.35,22.4,21.09,294.0,0.289,92.0,31.29,41.0,13.95,0.945,0.261,33.58,14.12,18.56,32.68,25.97,22.72,66.0,0.231,13.0,19.7,12.0,18.18,0.6910000000000001,0.096,20.17,8.42,14.39,22.81,22.52,17.81,177.0,0.333,23.0,12.99,24.0,13.56,0.965,0.214,22.92,10.41,13.56,23.97,25.57,14.84
746545,2024-06-15,2024,607732,R,682847,R,single,False,False,83.0,0.26,16.0,19.28,6.0,7.23,0.683,0.08200000000000002,27.27,12.26,17.61,29.87,20.95,17.39,225.0,0.186,56.0,24.89,24.0,10.67,0.547,0.082,22.79,8.98,20.99,29.97,22.2,22.95,113.0,0.2,20.0,17.7,5.0,4.42,0.552,0.09499999999999997,19.9,10.13,14.55,24.68,26.88,21.05,223.0,0.253,36.0,16.14,24.0,10.76,0.7070000000000001,0.118,22.28,10.14,16.3,26.45,26.65,17.22
746545,2024-06-15,2024,669911,L,682847,R,single,False,False,59.0,0.164,22.0,37.29,2.0,3.39,0.512,0.145,32.31,15.73,16.1,31.84,32.89,22.45,104.0,0.189,29.0,27.88,8.0,7.69,0.628,0.179,34.34,17.26,14.21,31.47,29.0,25.0,66.0,0.231,13.0,19.7,12.0,18.18,0.6910000000000001,0.096,20.17,8.42,14.39,22.81,22.52,17.81,177.0,0.333,23.0,12.99,24.0,13.56,0.965,0.214,22.92,10.41,13.56,23.97,25.57,14.84
746545,2024-06-15,2024,660707,R,682847,R,field_out,False,False,165.0,0.207,37.0,22.42,13.0,7.88,0.5880000000000001,0.11300000000000002,29.75,16.14,12.81,28.95,35.85,21.64,196.0,0.249,69.0,35.2,12.0,6.12,0.729,0.1689999999999999,41.45,21.48,15.97,37.45,41.94,28.28,113.0,0.2,20.0,17.7,5.0,4.42,0.552,0.09499999999999997,19.9,10.13,14.55,24.68,26.88,21.05,223.0,0.253,36.0,16.14,24.0,10.76,0.7070000000000001,0.118,22.28,10.14,16.3,26.45,26.65,17.22
746545,2024-06-15,2024,656582,R,663372,R,single,False,False,156.0,0.236,34.0,21.79,13.0,8.33,0.6930000000000001,0.14300000000000002,22.99,10.2,19.05,29.25,23.59,20.48,279.0,0.235,70.0,25.09,27.0,9.68,0.72,0.166,22.25,8.9,20.93,29.83,20.67,18.23,161.0,0.27,34.0,21.12,9.0,5.59,0.716,0.129,24.82,11.69,17.29,28.98,25.82,20.86,91.0,0.262,19.0,20.88,10.0,10.99,0.7290000000000001,0.126,20.25,9.17,20.06,29.23,27.81,18.1
746545,2024-06-15,2024,669261,L,663372,R,grounded_into_double_play,False,False,152.0,0.154,38.0,25.0,21.0,13.82,0.5700000000000001,0.146,24.56,11.22,14.58,25.8,21.12,19.9,404.0,0.232,117.0,28.96,61.0,15.1,0.857,0.271,29.06,11.36,18.81,30.17,17.6,22.37,171.0,0.316,33.0,19.3,11.0,6.43,0.908,0.23500000000000004,22.78,11.99,13.4,25.39,26.76,16.93,110.0,0.267,19.0,17.27,18.0,16.36,0.7330000000000001,0.066,22.58,9.66,17.47,27.13,23.0,14.62
746545,2024-06-15,2024,669707,R,663372,R,strikeout,True,False,158.0,0.209,36.0,22.78,15.0,9.49,0.573,0.07899999999999999,25.24,12.36,15.53,27.89,28.08,15.72,144.0,0.301,43.0,29.86,18.0,12.5,0.786,0.089,33.87,14.74,17.72,32.46,24.23,24.57,161.0,0.27,34.0,21.12,9.0,5.59,0.716,0.129,24.82,11.69,17.29,28.98,25.82,20.86,91.0,0.262,19.0,20.88,10.0,10.99,0.7290000000000001,0.126,20.25,9.17,20.06,29.23,27.81,18.1
746545,2024-06-15,2024,691182,L,682847,R,single,False,False,17.0,0.118,5.0,29.41,0.0,0.0,0.236,0.0,24.32,15.0,18.33,33.33,57.69,25.0,,,,,,,,,,,,,,,66.0,0.231,13.0,19.7,12.0,18.18,0.6910000000000001,0.096,20.17,8.42,14.39,22.81,22.52,17.81,177.0,0.333,23.0,12.99,24.0,13.56,0.965,0.214,22.92,10.41,13.56,23.97,25.57,14.84
746545,2024-06-15,2024,453568,L,682847,R,double,False,False,189.0,0.25,28.0,14.81,14.0,7.41,0.7150000000000001,0.15100000000000002,19.55,9.78,16.62,26.4,36.29,13.59,309.0,0.272,48.0,15.53,26.0,8.41,0.7909999999999999,0.1689999999999999,21.84,10.67,16.05,26.72,30.66,16.11,66.0,0.231,13.0,19.7,12.0,18.18,0.6910000000000001,0.096,20.17,8.42,14.39,22.81,22.52,17.81,177.0,0.333,23.0,12.99,24.0,13.56,0.965,0.214,22.92,10.41,13.56,23.97,25.57,14.84
746545,2024-06-15,2024,686668,R,682847,R,double_play,False,False,212.0,0.266,60.0,28.3,19.0,8.96,0.7390000000000001,0.138,30.59,14.99,15.65,30.64,28.82,26.55,299.0,0.207,98.0,32.78,17.0,5.69,0.597,0.131,34.17,17.56,14.33,31.89,31.96,31.51,113.0,0.2,20.0,17.7,5.0,4.42,0.552,0.09499999999999997,19.9,10.13,14.55,24.68,26.88,21.05,223.0,0.253,36.0,16.14,24.0,10.76,0.7070000000000001,0.118,22.28,10.14,16.3,26.45,26.65,17.22
746545,2024-06-15,2024,678662,R,682847,R,triple,False,False,219.0,0.301,58.0,26.48,6.0,2.74,0.831,0.20400000000000001,33.27,20.94,10.04,30.98,46.43,21.72,438.0,0.256,109.0,24.89,17.0,3.88,0.69,0.143,29.47,17.51,10.44,27.95,41.11,20.49,113.0,0.2,20.0,17.7,5.0,4.42,0.552,0.09499999999999997,19.9,10.13,14.55,24.68,26.88,21.05,223.0,0.253,36.0,16.14,24.0,10.76,0.7070000000000001,0.118,22.28,10.14,16.3,26.45,26.65,17.22
746545,2024-06-15,2024,641857,L,682847,R,field_out,False,False,204.0,0.242,56.0,27.45,21.0,10.29,0.745,0.185,27.05,12.8,15.89,28.69,27.21,19.11,449.0,0.26,141.0,31.4,52.0,11.58,0.826,0.2209999999999999,31.26,14.84,14.94,29.79,25.26,20.41,66.0,0.231,13.0,19.7,12.0,18.18,0.6910000000000001,0.096,20.17,8.42,14.39,22.81,22.52,17.81,177.0,0.333,23.0,12.99,24.0,13.56,0.965,0.214,22.92,10.41,13.56,23.97,25.57,14.84
746545,2024-06-15,2024,680779,R,663372,R,strikeout,True,False,80.0,0.119,35.0,43.75,9.0,11.25,0.397,0.06,37.72,17.5,15.0,32.5,23.66,29.17,170.0,0.224,49.0,28.82,15.0,8.82,0.655,0.1309999999999999,29.33,13.02,18.05,31.07,30.65,26.2,161.0,0.27,34.0,21.12,9.0,5.59,0.716,0.129,24.82,11.69,17.29,28.98,25.82,20.86,91.0,0.262,19.0,20.88,10.0,10.99,0.7290000000000001,0.126,20.25,9.17,20.06,29.23,27.81,18.1
746545,2024-06-15,2024,457705,R,663372,R,home_run,False,False,170.0,0.245,46.0,27.06,17.0,10.0,0.72,0.14600000000000002,31.48,13.46,18.65,32.12,18.34,21.3,312.0,0.254,72.0,23.08,49.0,15.71,0.767,0.137,28.77,12.06,17.2,29.26,17.59,17.52,161.0,0.27,34.0,21.12,9.0,5.59,0.716,0.129,24.82,11.69,17.29,28.98,25.82,20.86,91.0,0.262,19.0,20.88,10.0,10.99,0.7290000000000001,0.126,20.25,9.17,20.06,29.23,27.81,18.1
746545,2024-06-15,2024,668804,L,663372,R,field_out,False,False,215.0,0.257,45.0,20.93,22.0,10.23,0.754,0.16199999999999998,27.92,13.02,14.44,27.46,26.93,18.07,438.0,0.252,94.0,21.46,45.0,10.27,0.821,0.2309999999999999,28.75,13.22,13.73,26.95,24.9,18.49,171.0,0.316,33.0,19.3,11.0,6.43,0.908,0.23500000000000004,22.78,11.99,13.4,25.39,26.76,16.93,110.0,0.267,19.0,17.27,18.0,16.36,0.7330000000000001,0.066,22.58,9.66,17.47,27.13,23.0,14.62
746545,2024-06-15,2024,693304,R,663372,R,field_out,False,False,87.0,0.291,20.0,22.99,4.0,4.6,0.782,0.16500000000000004,28.04,15.59,10.88,26.47,32.14,17.86,86.0,0.234,21.0,24.42,3.0,3.49,0.638,0.1299999999999999,30.36,15.84,12.11,27.95,27.85,22.11,161.0,0.27,34.0,21.12,9.0,5.59,0.716,0.129,24.82,11.69,17.29,28.98,25.82,20.86,91.0,0.262,19.0,20.88,10.0,10.99,0.7290000000000001,0.126,20.25,9.17,20.06,29.23,27.81,18.1
746545,2024-06-15,2024,666134,L,682847,R,strikeout,True,False,81.0,0.178,27.0,33.33,8.0,9.88,0.56,0.123,28.99,11.08,23.27,34.35,22.4,21.09,294.0,0.289,92.0,31.29,41.0,13.95,0.945,0.261,33.58,14.12,18.56,32.68,25.97,22.72,66.0,0.231,13.0,19.7,12.0,18.18,0.6910000000000001,0.096,20.17,8.42,14.39,22.81,22.52,17.81,177.0,0.333,23.0,12.99,24.0,13.56,0.965,0.214,22.92,10.41,13.56,23.97,25.57,14.84
746545,2024-06-15,2024,607732,R,682847,R,field_out,False,False,83.0,0.26,16.0,19.28,6.0,7.23,0.683,0.08200000000000002,27.27,12.26,17.61,29.87,20.95,17.39,225.0,0.186,56.0,24.89,24.0,10.67,0.547,0.082,22.79,8.98,20.99,29.97,22.2,22.95,113.0,0.2,20.0,17.7,5.0,4.42,0.552,0.09499999999999997,19.9,10.13,14.55,24.68,26.88,21.05,223.0,0.253,36.0,16.14,24.0,10.76,0.7070000000000001,0.118,22.28,10.14,16.3,26.45,26.65,17.22
746545,2024-06-15,2024,669911,L,682847,R,field_out,False,False,59.0,0.164,22.0,37.29,2.0,3.39,0.512,0.145,32.31,15.73,16.1,31.84,32.89,22.45,104.0,0.189,29.0,27.88,8.0,7.69,0.628,0.179,34.34,17.26,14.21,31.47,29.0,25.0,66.0,0.231,13.0,19.7,12.0,18.18,0.6910000000000001,0.096,20.17,8.42,14.39,22.81,22.52,17.81,177.0,0.333,23.0,12.99,24.0,13.56,0.965,0.214,22.92,10.41,13.56,23.97,25.57,14.84
746545,2024-06-15,2024,642133,L,663372,R,field_out,False,False,152.0,0.223,28.0,18.42,11.0,7.24,0.585,0.07899999999999999,21.18,8.78,20.65,29.43,23.84,18.92,300.0,0.223,73.0,24.33,29.0,9.67,0.69,0.173,22.22,8.47,23.11,31.59,24.77,19.95,171.0,0.316,33.0,19.3,11.0,6.43,0.908,0.23500000000000004,22.78,11.99,13.4,25.39,26.76,16.93,110.0,0.267,19.0,17.27,18.0,16.36,0.7330000000000001,0.066,22.58,9.66,17.47,27.13,23.0,14.62
746545,2024-06-15,2024,663647,R,663372,R,single,False,False,148.0,0.207,33.0,22.3,10.0,6.76,0.501,0.03,18.67,8.3,21.4,29.7,28.94,21.29,358.0,0.26,75.0,20.95,22.0,6.15,0.721,0.1559999999999999,21.48,9.63,20.09,29.72,30.19,22.32,161.0,0.27,34.0,21.12,9.0,5.59,0.716,0.129,24.82,11.69,17.29,28.98,25.82,20.86,91.0,0.262,19.0,20.88,10.0,10.99,0.7290000000000001,0.126,20.25,9.17,20.06,29.23,27.81,18.1
746545,2024-06-15,2024,656582,R,663372,R,strikeout,True,False,156.0,0.236,34.0,21.79,13.0,8.33,0.6930000000000001,0.14300000000000002,22.99,10.2,19.05,29.25,23.59,20.48,279.0,0.235,70.0,25.09,27.0,9.68,0.72,0.166,22.25,8.9,20.93,29.83,20.67,18.23,161.0,0.27,34.0,21.12,9.0,5.59,0.716,0.129,24.82,11.69,17.29,28.98,25.82,20.86,91.0,0.262,19.0,20.88,10.0,10.99,0.7290000000000001,0.126,20.25,9.17,20.06,29.23,27.81,18.1
746545,2024-06-15,2024,669261,L,663372,R,home_run,False,False,152.0,0.154,38.0,25.0,21.0,13.82,0.5700000000000001,0.146,24.56,11.22,14.58,25.8,21.12,19.9,404.0,0.232,117.0,28.96,61.0,15.1,0.857,0.271,29.06,11.36,18.81,30.17,17.6,22.37,171.0,0.316,33.0,19.3,11.0,6.43,0.908,0.23500000000000004,22.78,11.99,13.4,25.39,26.76,16.93,110.0,0.267,19.0,17.27,18.0,16.36,0.7330000000000001,0.066,22.58,9.66,17.47,27.13,23.0,14.62
746545,2024-06-15,2024,669707,R,680767,R,strikeout,True,False,158.0,0.209,36.0,22.78,15.0,9.49,0.573,0.07899999999999999,25.24,12.36,15.53,27.89,28.08,15.72,144.0,0.301,43.0,29.86,18.0,12.5,0.786,0.089,33.87,14.74,17.72,32.46,24.23,24.57,91.0,0.325,24.0,26.37,8.0,8.79,0.843,0.133,22.1,9.95,16.17,26.12,25.48,16.67,27.0,0.333,7.0,25.93,3.0,11.11,0.782,0.0419999999999999,26.42,12.28,14.91,27.19,20.75,19.44
746545,2024-06-15,2024,660707,R,670059,R,field_out,False,False,165.0,0.207,37.0,22.42,13.0,7.88,0.5880000000000001,0.11300000000000002,29.75,16.14,12.81,28.95,35.85,21.64,196.0,0.249,69.0,35.2,12.0,6.12,0.729,0.1689999999999999,41.45,21.48,15.97,37.45,41.94,28.28,55.0,0.098,15.0,27.27,1.0,1.82,0.263,0.01999999999999999,27.66,12.81,20.69,33.5,28.43,26.32,132.0,0.256,32.0,24.24,13.0,9.85,0.7010000000000001,0.1119999999999999,24.65,10.91,18.93,29.84,24.05,23.88
746545,2024-06-15,2024,691182,L,670059,R,field_out,False,False,17.0,0.118,5.0,29.41,0.0,0.0,0.236,0.0,24.32,15.0,18.33,33.33,57.69,25.0,,,,,,,,,,,,,,,42.0,0.212,12.0,28.57,9.0,21.43,0.745,0.152,28.0,11.29,15.59,26.88,14.43,20.34,108.0,0.255,26.0,24.07,7.0,6.48,0.665,0.1019999999999999,21.83,11.04,11.26,22.3,27.56,16.45
746545,2024-06-15,2024,453568,L,670059,R,walk,False,True,189.0,0.25,28.0,14.81,14.0,7.41,0.7150000000000001,0.15100000000000002,19.55,9.78,16.62,26.4,36.29,13.59,309.0,0.272,48.0,15.53,26.0,8.41,0.7909999999999999,0.1689999999999999,21.84,10.67,16.05,26.72,30.66,16.11,42.0,0.212,12.0,28.57,9.0,21.43,0.745,0.152,28.0,11.29,15.59,26.88,14.43,20.34,108.0,0.255,26.0,24.07,7.0,6.48,0.665,0.1019999999999999,21.83,11.04,11.26,22.3,27.56,16.45
746545,2024-06-15,2024,686668,R,670059,R,field_out,False,False,212.0,0.266,60.0,28.3,19.0,8.96,0.7390000000000001,0.138,30.59,14.99,15.65,30.64,28.82,26.55,299.0,0.207,98.0,32.78,17.0,5.69,0.597,0.131,34.17,17.56,14.33,31.89,31.96,31.51,55.0,0.098,15.0,27.27,1.0,1.82,0.263,0.01999999999999999,27.66,12.81,20.69,33.5,28.43,26.32,132.0,0.256,32.0,24.24,13.0,9.85,0.7010000000000001,0.1119999999999999,24.65,10.91,18.93,29.84,24.05,23.88
746545,2024-06-15,2024,518735,L,680767,R,field_out,False,False,59.0,0.14,11.0,18.64,2.0,3.39,0.45000000000000007,0.14100000000000001,23.15,10.96,23.25,34.21,34.55,17.19,309.0,0.235,61.0,19.74,27.0,8.74,0.636,0.094,22.36,10.08,19.44,29.52,27.06,17.13,75.0,0.194,8.0,10.67,8.0,10.67,0.549,0.07500000000000001,18.52,8.39,14.77,23.15,21.19,8.6,17.0,0.412,5.0,29.41,0.0,0.0,0.941,0.117,16.22,8.33,11.11,19.44,26.32,17.86
746545,2024-06-15,2024,457705,R,680767,R,double,False,False,170.0,0.245,46.0,27.06,17.0,10.0,0.72,0.14600000000000002,31.48,13.46,18.65,32.12,18.34,21.3,312.0,0.254,72.0,23.08,49.0,15.71,0.767,0.137,28.77,12.06,17.2,29.26,17.59,17.52,91.0,0.325,24.0,26.37,8.0,8.79,0.843,0.133,22.1,9.95,16.17,26.12,25.48,16.67,27.0,0.333,7.0,25.93,3.0,11.11,0.782,0.0419999999999999,26.42,12.28,14.91,27.19,20.75,19.44
746545,2024-06-15,2024,668804,L,680767,R,single,False,False,215.0,0.257,45.0,20.93,22.0,10.23,0.754,0.16199999999999998,27.92,13.02,14.44,27.46,26.93,18.07,438.0,0.252,94.0,21.46,45.0,10.27,0.821,0.2309999999999999,28.75,13.22,13.73,26.95,24.9,18.49,75.0,0.194,8.0,10.67,8.0,10.67,0.549,0.07500000000000001,18.52,8.39,14.77,23.15,21.19,8.6,17.0,0.412,5.0,29.41,0.0,0.0,0.941,0.117,16.22,8.33,11.11,19.44,26.32,17.86
746545,2024-06-15,2024,693304,R,680767,R,strikeout,True,False,87.0,0.291,20.0,22.99,4.0,4.6,0.782,0.16500000000000004,28.04,15.59,10.88,26.47,32.14,17.86,86.0,0.234,21.0,24.42,3.0,3.49,0.638,0.1299999999999999,30.36,15.84,12.11,27.95,27.85,22.11,91.0,0.325,24.0,26.37,8.0,8.79,0.843,0.133,22.1,9.95,16.17,26.12,25.48,16.67,27.0,0.333,7.0,25.93,3.0,11.11,0.782,0.0419999999999999,26.42,12.28,14.91,27.19,20.75,19.44
746545,2024-06-15,2024,642133,L,680767,R,field_out,False,False,152.0,0.223,28.0,18.42,11.0,7.24,0.585,0.07899999999999999,21.18,8.78,20.65,29.43,23.84,18.92,300.0,0.223,73.0,24.33,29.0,9.67,0.69,0.173,22.22,8.47,23.11,31.59,24.77,19.95,75.0,0.194,8.0,10.67,8.0,10.67,0.549,0.07500000000000001,18.52,8.39,14.77,23.15,21.19,8.6,17.0,0.412,5.0,29.41,0.0,0.0,0.941,0.117,16.22,8.33,11.11,19.44,26.32,17.86
746545,2024-06-15,2024,678662,R,547973,L,strikeout,True,False,84.0,0.269,26.0,30.95,5.0,5.95,0.784,0.20499999999999996,36.6,22.12,9.03,31.15,37.97,26.53,177.0,0.246,57.0,32.2,8.0,4.52,0.708,0.185,35.75,21.54,12.35,33.89,44.38,25.56,76.0,0.159,34.0,44.74,13.0,17.11,0.636,0.17400000000000002,36.99,14.88,17.63,32.51,22.4,28.1,200.0,0.161,86.0,43.0,26.0,13.0,0.534,0.103,41.53,18.67,19.04,37.71,23.68,36.29
746545,2024-06-15,2024,641857,L,547973,L,strikeout,True,False,90.0,0.312,26.0,28.89,11.0,12.22,0.923,0.20700000000000002,28.32,12.79,16.71,29.5,25.93,22.22,178.0,0.191,57.0,32.02,16.0,8.99,0.573,0.118,35.23,16.38,16.64,33.03,25.79,24.15,39.0,0.259,9.0,23.08,12.0,30.77,0.857,0.11099999999999999,33.33,10.37,22.56,32.93,18.28,24.32,50.0,0.243,17.0,34.0,10.0,20.0,0.651,0.0,44.83,18.84,17.39,36.23,23.36,28.81
746545,2024-06-15,2024,666134,L,547973,L,walk,False,True,26.0,0.13,12.0,46.15,3.0,11.54,0.405,0.043999999999999984,26.09,10.08,28.57,38.66,25.49,25.0,130.0,0.314,34.0,26.15,12.0,9.23,0.902,0.211,27.7,10.95,22.63,33.58,26.4,21.79,39.0,0.259,9.0,23.08,12.0,30.77,0.857,0.11099999999999999,33.33,10.37,22.56,32.93,18.28,24.32,50.0,0.243,17.0,34.0,10.0,20.0,0.651,0.0,44.83,18.84,17.39,36.23,23.36,28.81
746545,2024-06-15,2024,607732,R,547973,L,walk,False,True,30.0,0.4,6.0,20.0,4.0,13.33,1.227,0.36,36.17,15.89,18.69,34.58,20.0,30.0,52.0,0.213,11.0,21.15,3.0,5.77,0.637,0.149,23.08,10.71,20.41,31.12,23.46,19.3,76.0,0.159,34.0,44.74,13.0,17.11,0.636,0.17400000000000002,36.99,14.88,17.63,32.51,22.4,28.1,200.0,0.161,86.0,43.0,26.0,13.0,0.534,0.103,41.53,18.67,19.04,37.71,23.68,36.29
746545,2024-06-15,2024,669911,R,547973,L,strikeout,True,False,20.0,0.167,6.0,30.0,2.0,10.0,0.75,0.33299999999999996,19.35,8.0,24.0,32.0,16.22,28.57,48.0,0.109,21.0,43.75,2.0,4.17,0.255,0.0,48.35,23.53,13.9,37.43,32.11,36.21,76.0,0.159,34.0,44.74,13.0,17.11,0.636,0.17400000000000002,36.99,14.88,17.63,32.51,22.4,28.1,200.0,0.161,86.0,43.0,26.0,13.0,0.534,0.103,41.53,18.67,19.04,37.71,23.68,36.29
746545,2024-06-15,2024,663647,R,683232,R,field_out,False,False,148.0,0.207,33.0,22.3,10.0,6.76,0.501,0.03,18.67,8.3,21.4,29.7,28.94,21.29,358.0,0.26,75.0,20.95,22.0,6.15,0.721,0.1559999999999999,21.48,9.63,20.09,29.72,30.19,22.32,74.0,0.302,16.0,21.62,11.0,14.86,0.881,0.174,25.95,11.07,16.94,28.01,26.14,20.51,43.0,0.235,11.0,25.58,9.0,20.93,0.866,0.236,25.32,10.7,16.58,27.27,23.3,20.0
746545,2024-06-15,2024,656582,R,683232,R,field_out,False,False,156.0,0.236,34.0,21.79,13.0,8.33,0.6930000000000001,0.14300000000000002,22.99,10.2,19.05,29.25,23.59,20.48,279.0,0.235,70.0,25.09,27.0,9.68,0.72,0.166,22.25,8.9,20.93,29.83,20.67,18.23,74.0,0.302,16.0,21.62,11.0,14.86,0.881,0.174,25.95,11.07,16.94,28.01,26.14,20.51,43.0,0.235,11.0,25.58,9.0,20.93,0.866,0.236,25.32,10.7,16.58,27.27,23.3,20.0
746545,2024-06-15,2024,669261,L,683232,R,field_out,False,False,152.0,0.154,38.0,25.0,21.0,13.82,0.5700000000000001,0.146,24.56,11.22,14.58,25.8,21.12,19.9,404.0,0.232,117.0,28.96,61.0,15.1,0.857,0.271,29.06,11.36,18.81,30.17,17.6,22.37,66.0,0.288,20.0,30.3,6.0,9.09,0.687,0.051000000000000045,25.41,12.02,18.22,30.23,30.09,24.39,44.0,0.158,10.0,22.73,5.0,11.36,0.457,0.0259999999999999,20.83,8.52,20.45,28.98,26.37,18.52
746545,2024-06-15,2024,660707,R,670280,R,strikeout,True,False,165.0,0.207,37.0,22.42,13.0,7.88,0.5880000000000001,0.11300000000000002,29.75,16.14,12.81,28.95,35.85,21.64,196.0,0.249,69.0,35.2,12.0,6.12,0.729,0.1689999999999999,41.45,21.48,15.97,37.45,41.94,28.28,66.0,0.283,16.0,24.24,3.0,4.55,0.7210000000000001,0.10000000000000003,31.03,16.19,14.75,30.94,38.1,17.58,142.0,0.209,41.0,28.87,9.0,6.34,0.5880000000000001,0.117,37.22,20.68,12.23,32.91,35.84,22.16
746545,2024-06-15,2024,691182,L,670280,R,field_out,False,False,17.0,0.118,5.0,29.41,0.0,0.0,0.236,0.0,24.32,15.0,18.33,33.33,57.69,25.0,,,,,,,,,,,,,,,62.0,0.193,15.0,24.19,4.0,6.45,0.716,0.28099999999999997,23.85,13.14,14.83,27.97,34.29,20.27,135.0,0.22,39.0,28.89,12.0,8.89,0.606,0.0849999999999999,28.03,14.31,13.25,27.56,33.22,20.63
746545,2024-06-15,2024,453568,L,670280,R,home_run,False,False,189.0,0.25,28.0,14.81,14.0,7.41,0.7150000000000001,0.15100000000000002,19.55,9.78,16.62,26.4,36.29,13.59,309.0,0.272,48.0,15.53,26.0,8.41,0.7909999999999999,0.1689999999999999,21.84,10.67,16.05,26.72,30.66,16.11,62.0,0.193,15.0,24.19,4.0,6.45,0.716,0.28099999999999997,23.85,13.14,14.83,27.97,34.29,20.27,135.0,0.22,39.0,28.89,12.0,8.89,0.606,0.0849999999999999,28.03,14.31,13.25,27.56,33.22,20.63
746545,2024-06-15,2024,686668,R,670280,R,field_out,False,False,212.0,0.266,60.0,28.3,19.0,8.96,0.7390000000000001,0.138,30.59,14.99,15.65,30.64,28.82,26.55,299.0,0.207,98.0,32.78,17.0,5.69,0.597,0.131,34.17,17.56,14.33,31.89,31.96,31.51,66.0,0.283,16.0,24.24,3.0,4.55,0.7210000000000001,0.10000000000000003,31.03,16.19,14.75,30.94,38.1,17.58,142.0,0.209,41.0,28.87,9.0,6.34,0.5880000000000001,0.117,37.22,20.68,12.23,32.91,35.84,22.16
745979,2024-06-15,2024,670770,L,642547,R,field_out,False,False,58.0,0.231,10.0,17.24,4.0,6.9,0.7789999999999999,0.24999999999999997,15.73,6.42,19.72,26.15,21.7,18.52,446.0,0.26,70.0,15.7,38.0,8.52,0.785,0.189,18.12,7.73,19.52,27.25,25.03,13.48,160.0,0.224,51.0,31.87,12.0,7.5,0.671,0.164,34.36,15.7,15.07,30.77,28.41,27.17,362.0,0.215,95.0,26.24,35.0,9.67,0.669,0.16,30.45,14.66,14.59,29.25,27.92,19.08
745979,2024-06-15,2024,682829,L,642547,R,field_out,False,False,185.0,0.242,62.0,33.51,20.0,10.81,0.8029999999999999,0.237,33.33,13.41,21.37,34.78,24.26,31.28,307.0,0.255,95.0,30.94,30.0,9.77,0.7989999999999999,0.2159999999999999,26.69,11.86,17.47,29.33,31.27,25.07,160.0,0.224,51.0,31.87,12.0,7.5,0.671,0.164,34.36,15.7,15.07,30.77,28.41,27.17,362.0,0.215,95.0,26.24,35.0,9.67,0.669,0.16,30.45,14.66,14.59,29.25,27.92,19.08
745979,2024-06-15,2024,600869,L,642547,R,double,False,False,169.0,0.253,43.0,25.44,8.0,4.73,0.843,0.29800000000000004,27.65,14.76,13.66,28.41,36.65,21.5,415.0,0.251,91.0,21.93,38.0,9.16,0.812,0.2279999999999999,25.42,11.83,16.22,28.05,27.64,18.71,160.0,0.224,51.0,31.87,12.0,7.5,0.671,0.164,34.36,15.7,15.07,30.77,28.41,27.17,362.0,0.215,95.0,26.24,35.0,9.67,0.669,0.16,30.45,14.66,14.59,29.25,27.92,19.08
745979,2024-06-15,2024,668715,R,642547,R,strikeout,True,False,192.0,0.229,39.0,20.31,20.0,10.42,0.671,0.12399999999999997,21.69,9.69,17.48,27.17,25.18,14.72,487.0,0.256,106.0,21.77,51.0,10.47,0.7789999999999999,0.175,25.48,10.86,19.02,29.88,22.75,18.53,159.0,0.231,47.0,29.56,15.0,9.43,0.716,0.15,30.89,14.81,14.22,29.03,26.72,18.73,318.0,0.209,115.0,36.16,19.0,5.97,0.669,0.192,37.03,17.53,15.68,33.21,29.6,24.11
745979,2024-06-15,2024,668930,L,668881,R,field_out,False,False,216.0,0.304,32.0,14.81,19.0,8.8,0.78,0.10999999999999999,12.69,5.89,18.87,24.76,25.27,13.91,376.0,0.224,82.0,21.81,30.0,7.98,0.608,0.097,22.03,10.83,16.08,26.9,28.59,16.14,183.0,0.174,53.0,28.96,18.0,9.84,0.5700000000000001,0.11599999999999999,28.28,14.23,13.71,27.94,28.72,21.29,244.0,0.215,83.0,34.02,28.0,11.48,0.736,0.2009999999999999,33.14,15.55,14.17,29.71,25.77,23.31
745979,2024-06-15,2024,661388,R,668881,R,single,False,False,239.0,0.304,44.0,18.41,23.0,9.62,0.872,0.191,29.83,14.01,14.13,28.14,24.63,17.53,434.0,0.262,94.0,21.66,42.0,9.68,0.72,0.119,27.61,11.63,19.55,31.17,24.86,18.08,162.0,0.241,36.0,22.22,19.0,11.73,0.773,0.19,31.23,15.78,12.75,28.53,26.65,17.73,254.0,0.288,69.0,27.17,20.0,7.87,0.886,0.245,28.29,14.51,14.91,29.42,33.6,19.33
745979,2024-06-15,2024,592885,L,668881,R,strikeout,True,False,127.0,0.327,27.0,21.26,15.0,11.81,0.896,0.16399999999999998,22.71,10.34,14.12,24.45,24.91,17.2,473.0,0.294,103.0,21.78,64.0,13.53,0.882,0.195,26.99,11.53,15.4,26.93,23.89,19.07,183.0,0.174,53.0,28.96,18.0,9.84,0.5700000000000001,0.11599999999999999,28.28,14.23,13.71,27.94,28.72,21.29,244.0,0.215,83.0,34.02,28.0,11.48,0.736,0.2009999999999999,33.14,15.55,14.17,29.71,25.77,23.31
745979,2024-06-15,2024,642715,R,668881,R,strikeout,True,False,233.0,0.259,52.0,22.32,25.0,10.73,0.795,0.195,29.84,14.12,15.09,29.2,26.71,18.31,480.0,0.212,117.0,24.38,47.0,9.79,0.702,0.194,32.44,16.53,12.85,29.38,32.69,19.28,162.0,0.241,36.0,22.22,19.0,11.73,0.773,0.19,31.23,15.78,12.75,28.53,26.65,17.73,254.0,0.288,69.0,27.17,20.0,7.87,0.886,0.245,28.29,14.51,14.91,29.42,33.6,19.33
745979,2024-06-15,2024,641584,L,642547,R,strikeout,True,False,141.0,0.286,30.0,21.28,12.0,8.51,0.713,0.07900000000000001,20.61,11.78,9.46,21.24,28.63,17.96,339.0,0.268,66.0,19.47,34.0,10.03,0.815,0.199,24.78,12.84,11.52,24.36,30.55,18.38,160.0,0.224,51.0,31.87,12.0,7.5,0.671,0.164,34.36,15.7,15.07,30.77,28.41,27.17,362.0,0.215,95.0,26.24,35.0,9.67,0.669,0.16,30.45,14.66,14.59,29.25,27.92,19.08
745979,2024-06-15,2024,663886,R,642547,R,hit_by_pitch,False,False,135.0,0.246,30.0,22.22,12.0,8.89,0.706,0.127,22.54,9.9,18.56,28.45,24.89,21.8,378.0,0.228,105.0,27.78,34.0,8.99,0.657,0.1239999999999999,29.78,12.81,19.96,32.77,26.19,24.59,159.0,0.231,47.0,29.56,15.0,9.43,0.716,0.15,30.89,14.81,14.22,29.03,26.72,18.73,318.0,0.209,115.0,36.16,19.0,5.97,0.669,0.192,37.03,17.53,15.68,33.21,29.6,24.11
745979,2024-06-15,2024,674441,L,642547,R,strikeout,True,False,57.0,0.2,14.0,24.56,6.0,10.53,0.5820000000000001,0.067,21.21,8.86,21.1,29.96,22.02,18.18,,,,,,,,,,,,,,,160.0,0.224,51.0,31.87,12.0,7.5,0.671,0.164,34.36,15.7,15.07,30.77,28.41,27.17,362.0,0.215,95.0,26.24,35.0,9.67,0.669,0.16,30.45,14.66,14.59,29.25,27.92,19.08
745979,2024-06-15,2024,663697,R,642547,R,force_out,False,False,169.0,0.218,41.0,24.26,23.0,13.61,0.641,0.092,20.31,7.3,20.94,28.24,16.02,19.81,397.0,0.257,73.0,18.39,37.0,9.32,0.7809999999999999,0.175,21.3,8.18,21.42,29.59,19.53,15.19,159.0,0.231,47.0,29.56,15.0,9.43,0.716,0.15,30.89,14.81,14.22,29.03,26.72,18.73,318.0,0.209,115.0,36.16,19.0,5.97,0.669,0.192,37.03,17.53,15.68,33.21,29.6,24.11
745979,2024-06-15,2024,656555,R,668881,R,strikeout,True,False,166.0,0.233,41.0,24.7,17.0,10.24,0.784,0.226,24.75,9.91,21.15,31.06,21.8,17.08,,,,,,,,,,,,,,,162.0,0.241,36.0,22.22,19.0,11.73,0.773,0.19,31.23,15.78,12.75,28.53,26.65,17.73,254.0,0.288,69.0,27.17,20.0,7.87,0.886,0.245,28.29,14.51,14.91,29.42,33.6,19.33
745979,2024-06-15,2024,686217,L,668881,R,field_out,False,False,209.0,0.249,40.0,19.14,21.0,10.05,0.643,0.059,15.36,6.11,22.07,28.18,26.27,17.09,180.0,0.261,30.0,16.67,23.0,12.78,0.722,0.1049999999999999,15.26,6.63,20.31,26.94,29.52,13.18,183.0,0.174,53.0,28.96,18.0,9.84,0.5700000000000001,0.11599999999999999,28.28,14.23,13.71,27.94,28.72,21.29,244.0,0.215,83.0,34.02,28.0,11.48,0.736,0.2009999999999999,33.14,15.55,14.17,29.71,25.77,23.31
745979,2024-06-15,2024,687401,R,668881,R,walk,False,True,146.0,0.309,16.0,10.96,20.0,13.7,0.916,0.203,14.67,5.66,21.44,27.1,23.13,9.64,13.0,0.077,3.0,23.08,0.0,0.0,0.2309999999999999,0.077,15.79,8.11,21.62,29.73,26.67,33.33,162.0,0.241,36.0,22.22,19.0,11.73,0.773,0.19,31.23,15.78,12.75,28.53,26.65,17.73,254.0,0.288,69.0,27.17,20.0,7.87,0.886,0.245,28.29,14.51,14.91,29.42,33.6,19.33
745979,2024-06-15,2024,694192,R,668881,R,walk,False,True,153.0,0.257,41.0,26.8,7.0,4.58,0.706,0.15999999999999998,31.77,16.06,18.8,34.85,36.1,24.55,,,,,,,,,,,,,,,162.0,0.241,36.0,22.22,19.0,11.73,0.773,0.19,31.23,15.78,12.75,28.53,26.65,17.73,254.0,0.288,69.0,27.17,20.0,7.87,0.886,0.245,28.29,14.51,14.91,29.42,33.6,19.33
745979,2024-06-15,2024,663368,L,668881,R,strikeout,True,False,168.0,0.265,47.0,27.98,13.0,7.74,0.73,0.132,30.51,12.83,21.02,33.85,25.0,27.49,110.0,0.231,33.0,30.0,17.0,15.45,0.715,0.1319999999999999,24.04,9.0,23.31,32.31,18.26,20.5,183.0,0.174,53.0,28.96,18.0,9.84,0.5700000000000001,0.11599999999999999,28.28,14.23,13.71,27.94,28.72,21.29,244.0,0.215,83.0,34.02,28.0,11.48,0.736,0.2009999999999999,33.14,15.55,14.17,29.71,25.77,23.31
745979,2024-06-15,2024,666181,L,642547,R,field_out,False,False,172.0,0.239,72.0,41.86,17.0,9.88,0.779,0.22600000000000003,39.88,18.94,15.04,33.98,21.68,31.17,285.0,0.297,89.0,31.23,37.0,12.98,0.938,0.252,31.03,13.11,16.03,29.13,18.51,23.66,160.0,0.224,51.0,31.87,12.0,7.5,0.671,0.164,34.36,15.7,15.07,30.77,28.41,27.17,362.0,0.215,95.0,26.24,35.0,9.67,0.669,0.16,30.45,14.66,14.59,29.25,27.92,19.08
745979,2024-06-15,2024,670770,L,642547,R,home_run,False,False,58.0,0.231,10.0,17.24,4.0,6.9,0.7789999999999999,0.24999999999999997,15.73,6.42,19.72,26.15,21.7,18.52,446.0,0.26,70.0,15.7,38.0,8.52,0.785,0.189,18.12,7.73,19.52,27.25,25.03,13.48,160.0,0.224,51.0,31.87,12.0,7.5,0.671,0.164,34.36,15.7,15.07,30.77,28.41,27.17,362.0,0.215,95.0,26.24,35.0,9.67,0.669,0.16,30.45,14.66,14.59,29.25,27.92,19.08
745979,2024-06-15,2024,682829,L,642547,R,single,False,False,185.0,0.242,62.0,33.51,20.0,10.81,0.8029999999999999,0.237,33.33,13.41,21.37,34.78,24.26,31.28,307.0,0.255,95.0,30.94,30.0,9.77,0.7989999999999999,0.2159999999999999,26.69,11.86,17.47,29.33,31.27,25.07,160.0,0.224,51.0,31.87,12.0,7.5,0.671,0.164,34.36,15.7,15.07,30.77,28.41,27.17,362.0,0.215,95.0,26.24,35.0,9.67,0.669,0.16,30.45,14.66,14.59,29.25,27.92,19.08
745979,2024-06-15,2024,600869,L,642547,R,grounded_into_double_play,False,False,169.0,0.253,43.0,25.44,8.0,4.73,0.843,0.29800000000000004,27.65,14.76,13.66,28.41,36.65,21.5,415.0,0.251,91.0,21.93,38.0,9.16,0.812,0.2279999999999999,25.42,11.83,16.22,28.05,27.64,18.71,160.0,0.224,51.0,31.87,12.0,7.5,0.671,0.164,34.36,15.7,15.07,30.77,28.41,27.17,362.0,0.215,95.0,26.24,35.0,9.67,0.669,0.16,30.45,14.66,14.59,29.25,27.92,19.08
745979,2024-06-15,2024,668930,L,668881,R,field_out,False,False,216.0,0.304,32.0,14.81,19.0,8.8,0.78,0.10999999999999999,12.69,5.89,18.87,24.76,25.27,13.91,376.0,0.224,82.0,21.81,30.0,7.98,0.608,0.097,22.03,10.83,16.08,26.9,28.59,16.14,183.0,0.174,53.0,28.96,18.0,9.84,0.5700000000000001,0.11599999999999999,28.28,14.23,13.71,27.94,28.72,21.29,244.0,0.215,83.0,34.02,28.0,11.48,0.736,0.2009999999999999,33.14,15.55,14.17,29.71,25.77,23.31
745979,2024-06-15,2024,661388,R,668881,R,home_run,False,False,239.0,0.304,44.0,18.41,23.0,9.62,0.872,0.191,29.83,14.01,14.13,28.14,24.63,17.53,434.0,0.262,94.0,21.66,42.0,9.68,0.72,0.119,27.61,11.63,19.55,31.17,24.86,18.08,162.0,0.241,36.0,22.22,19.0,11.73,0.773,0.19,31.23,15.78,12.75,28.53,26.65,17.73,254.0,0.288,69.0,27.17,20.0,7.87,0.886,0.245,28.29,14.51,14.91,29.42,33.6,19.33
745979,2024-06-15,2024,592885,L,668881,R,field_out,False,False,127.0,0.327,27.0,21.26,15.0,11.81,0.896,0.16399999999999998,22.71,10.34,14.12,24.45,24.91,17.2,473.0,0.294,103.0,21.78,64.0,13.53,0.882,0.195,26.99,11.53,15.4,26.93,23.89,19.07,183.0,0.174,53.0,28.96,18.0,9.84,0.5700000000000001,0.11599999999999999,28.28,14.23,13.71,27.94,28.72,21.29,244.0,0.215,83.0,34.02,28.0,11.48,0.736,0.2009999999999999,33.14,15.55,14.17,29.71,25.77,23.31
745979,2024-06-15,2024,642715,R,668881,R,walk,False,True,233.0,0.259,52.0,22.32,25.0,10.73,0.795,0.195,29.84,14.12,15.09,29.2,26.71,18.31,480.0,0.212,117.0,24.38,47.0,9.79,0.702,0.194,32.44,16.53,12.85,29.38,32.69,19.28,162.0,0.241,36.0,22.22,19.0,11.73,0.773,0.19,31.23,15.78,12.75,28.53,26.65,17.73,254.0,0.288,69.0,27.17,20.0,7.87,0.886,0.245,28.29,14.51,14.91,29.42,33.6,19.33
745979,2024-06-15,2024,656555,R,668881,R,field_out,False,False,166.0,0.233,41.0,24.7,17.0,10.24,0.784,0.226,24.75,9.91,21.15,31.06,21.8,17.08,,,,,,,,,,,,,,,162.0,0.241,36.0,22.22,19.0,11.73,0.773,0.19,31.23,15.78,12.75,28.53,26.65,17.73,254.0,0.288,69.0,27.17,20.0,7.87,0.886,0.245,28.29,14.51,14.91,29.42,33.6,19.33
745979,2024-06-15,2024,668715,R,642547,R,field_out,False,False,192.0,0.229,39.0,20.31,20.0,10.42,0.671,0.12399999999999997,21.69,9.69,17.48,27.17,25.18,14.72,487.0,0.256,106.0,21.77,51.0,10.47,0.7789999999999999,0.175,25.48,10.86,19.02,29.88,22.75,18.53,159.0,0.231,47.0,29.56,15.0,9.43,0.716,0.15,30.89,14.81,14.22,29.03,26.72,18.73,318.0,0.209,115.0,36.16,19.0,5.97,0.669,0.192,37.03,17.53,15.68,33.21,29.6,24.11
745979,2024-06-15,2024,641584,L,642547,R,single,False,False,141.0,0.286,30.0,21.28,12.0,8.51,0.713,0.07900000000000001,20.61,11.78,9.46,21.24,28.63,17.96,339.0,0.268,66.0,19.47,34.0,10.03,0.815,0.199,24.78,12.84,11.52,24.36,30.55,18.38,160.0,0.224,51.0,31.87,12.0,7.5,0.671,0.164,34.36,15.7,15.07,30.77,28.41,27.17,362.0,0.215,95.0,26.24,35.0,9.67,0.669,0.16,30.45,14.66,14.59,29.25,27.92,19.08
745979,2024-06-15,2024,663886,R,642547,R,walk,False,True,135.0,0.246,30.0,22.22,12.0,8.89,0.706,0.127,22.54,9.9,18.56,28.45,24.89,21.8,378.0,0.228,105.0,27.78,34.0,8.99,0.657,0.1239999999999999,29.78,12.81,19.96,32.77,26.19,24.59,159.0,0.231,47.0,29.56,15.0,9.43,0.716,0.15,30.89,14.81,14.22,29.03,26.72,18.73,318.0,0.209,115.0,36.16,19.0,5.97,0.669,0.192,37.03,17.53,15.68,33.21,29.6,24.11
745979,2024-06-15,2024,674441,L,642547,R,field_out,False,False,57.0,0.2,14.0,24.56,6.0,10.53,0.5820000000000001,0.067,21.21,8.86,21.1,29.96,22.02,18.18,,,,,,,,,,,,,,,160.0,0.224,51.0,31.87,12.0,7.5,0.671,0.164,34.36,15.7,15.07,30.77,28.41,27.17,362.0,0.215,95.0,26.24,35.0,9.67,0.669,0.16,30.45,14.66,14.59,29.25,27.92,19.08
745979,2024-06-15,2024,663697,R,642547,R,single,False,False,169.0,0.218,41.0,24.26,23.0,13.61,0.641,0.092,20.31,7.3,20.94,28.24,16.02,19.81,397.0,0.257,73.0,18.39,37.0,9.32,0.7809999999999999,0.175,21.3,8.18,21.42,29.59,19.53,15.19,159.0,0.231,47.0,29.56,15.0,9.43,0.716,0.15,30.89,14.81,14.22,29.03,26.72,18.73,318.0,0.209,115.0,36.16,19.0,5.97,0.669,0.192,37.03,17.53,15.68,33.21,29.6,24.11
745979,2024-06-15,2024,666181,L,642547,R,strikeout,True,False,172.0,0.239,72.0,41.86,17.0,9.88,0.779,0.22600000000000003,39.88,18.94,15.04,33.98,21.68,31.17,285.0,0.297,89.0,31.23,37.0,12.98,0.938,0.252,31.03,13.11,16.03,29.13,18.51,23.66,160.0,0.224,51.0,31.87,12.0,7.5,0.671,0.164,34.36,15.7,15.07,30.77,28.41,27.17,362.0,0.215,95.0,26.24,35.0,9.67,0.669,0.16,30.45,14.66,14.59,29.25,27.92,19.08
745979,2024-06-15,2024,686217,L,668881,R,field_out,False,False,209.0,0.249,40.0,19.14,21.0,10.05,0.643,0.059,15.36,6.11,22.07,28.18,26.27,17.09,180.0,0.261,30.0,16.67,23.0,12.78,0.722,0.1049999999999999,15.26,6.63,20.31,26.94,29.52,13.18,183.0,0.174,53.0,28.96,18.0,9.84,0.5700000000000001,0.11599999999999999,28.28,14.23,13.71,27.94,28.72,21.29,244.0,0.215,83.0,34.02,28.0,11.48,0.736,0.2009999999999999,33.14,15.55,14.17,29.71,25.77,23.31
745979,2024-06-15,2024,687401,R,668881,R,field_out,False,False,146.0,0.309,16.0,10.96,20.0,13.7,0.916,0.203,14.67,5.66,21.44,27.1,23.13,9.64,13.0,0.077,3.0,23.08,0.0,0.0,0.2309999999999999,0.077,15.79,8.11,21.62,29.73,26.67,33.33,162.0,0.241,36.0,22.22,19.0,11.73,0.773,0.19,31.23,15.78,12.75,28.53,26.65,17.73,254.0,0.288,69.0,27.17,20.0,7.87,0.886,0.245,28.29,14.51,14.91,29.42,33.6,19.33
745979,2024-06-15,2024,694192,R,668881,R,walk,False,True,153.0,0.257,41.0,26.8,7.0,4.58,0.706,0.15999999999999998,31.77,16.06,18.8,34.85,36.1,24.55,,,,,,,,,,,,,,,162.0,0.241,36.0,22.22,19.0,11.73,0.773,0.19,31.23,15.78,12.75,28.53,26.65,17.73,254.0,0.288,69.0,27.17,20.0,7.87,0.886,0.245,28.29,14.51,14.91,29.42,33.6,19.33
745979,2024-06-15,2024,663368,L,668881,R,field_out,False,False,168.0,0.265,47.0,27.98,13.0,7.74,0.73,0.132,30.51,12.83,21.02,33.85,25.0,27.49,110.0,0.231,33.0,30.0,17.0,15.45,0.715,0.1319999999999999,24.04,9.0,23.31,32.31,18.26,20.5,183.0,0.174,53.0,28.96,18.0,9.84,0.5700000000000001,0.11599999999999999,28.28,14.23,13.71,27.94,28.72,21.29,244.0,0.215,83.0,34.02,28.0,11.48,0.736,0.2009999999999999,33.14,15.55,14.17,29.71,25.77,23.31
745979,2024-06-15,2024,670770,L,642547,R,single,False,False,58.0,0.231,10.0,17.24,4.0,6.9,0.7789999999999999,0.24999999999999997,15.73,6.42,19.72,26.15,21.7,18.52,446.0,0.26,70.0,15.7,38.0,8.52,0.785,0.189,18.12,7.73,19.52,27.25,25.03,13.48,160.0,0.224,51.0,31.87,12.0,7.5,0.671,0.164,34.36,15.7,15.07,30.77,28.41,27.17,362.0,0.215,95.0,26.24,35.0,9.67,0.669,0.16,30.45,14.66,14.59,29.25,27.92,19.08
745979,2024-06-15,2024,682829,L,642547,R,triple,False,False,185.0,0.242,62.0,33.51,20.0,10.81,0.8029999999999999,0.237,33.33,13.41,21.37,34.78,24.26,31.28,307.0,0.255,95.0,30.94,30.0,9.77,0.7989999999999999,0.2159999999999999,26.69,11.86,17.47,29.33,31.27,25.07,160.0,0.224,51.0,31.87,12.0,7.5,0.671,0.164,34.36,15.7,15.07,30.77,28.41,27.17,362.0,0.215,95.0,26.24,35.0,9.67,0.669,0.16,30.45,14.66,14.59,29.25,27.92,19.08
745979,2024-06-15,2024,600869,L,642547,R,home_run,False,False,169.0,0.253,43.0,25.44,8.0,4.73,0.843,0.29800000000000004,27.65,14.76,13.66,28.41,36.65,21.5,415.0,0.251,91.0,21.93,38.0,9.16,0.812,0.2279999999999999,25.42,11.83,16.22,28.05,27.64,18.71,160.0,0.224,51.0,31.87,12.0,7.5,0.671,0.164,34.36,15.7,15.07,30.77,28.41,27.17,362.0,0.215,95.0,26.24,35.0,9.67,0.669,0.16,30.45,14.66,14.59,29.25,27.92,19.08
745979,2024-06-15,2024,668715,R,642547,R,field_out,False,False,192.0,0.229,39.0,20.31,20.0,10.42,0.671,0.12399999999999997,21.69,9.69,17.48,27.17,25.18,14.72,487.0,0.256,106.0,21.77,51.0,10.47,0.7789999999999999,0.175,25.48,10.86,19.02,29.88,22.75,18.53,159.0,0.231,47.0,29.56,15.0,9.43,0.716,0.15,30.89,14.81,14.22,29.03,26.72,18.73,318.0,0.209,115.0,36.16,19.0,5.97,0.669,0.192,37.03,17.53,15.68,33.21,29.6,24.11
745979,2024-06-15,2024,641584,L,642547,R,double,False,False,141.0,0.286,30.0,21.28,12.0,8.51,0.713,0.07900000000000001,20.61,11.78,9.46,21.24,28.63,17.96,339.0,0.268,66.0,19.47,34.0,10.03,0.815,0.199,24.78,12.84,11.52,24.36,30.55,18.38,160.0,0.224,51.0,31.87,12.0,7.5,0.671,0.164,34.36,15.7,15.07,30.77,28.41,27.17,362.0,0.215,95.0,26.24,35.0,9.67,0.669,0.16,30.45,14.66,14.59,29.25,27.92,19.08
745979,2024-06-15,2024,663886,R,642547,R,strikeout,True,False,135.0,0.246,30.0,22.22,12.0,8.89,0.706,0.127,22.54,9.9,18.56,28.45,24.89,21.8,378.0,0.228,105.0,27.78,34.0,8.99,0.657,0.1239999999999999,29.78,12.81,19.96,32.77,26.19,24.59,159.0,0.231,47.0,29.56,15.0,9.43,0.716,0.15,30.89,14.81,14.22,29.03,26.72,18.73,318.0,0.209,115.0,36.16,19.0,5.97,0.669,0.192,37.03,17.53,15.68,33.21,29.6,24.11
745979,2024-06-15,2024,674441,L,642547,R,strikeout,True,False,57.0,0.2,14.0,24.56,6.0,10.53,0.5820000000000001,0.067,21.21,8.86,21.1,29.96,22.02,18.18,,,,,,,,,,,,,,,160.0,0.224,51.0,31.87,12.0,7.5,0.671,0.164,34.36,15.7,15.07,30.77,28.41,27.17,362.0,0.215,95.0,26.24,35.0,9.67,0.669,0.16,30.45,14.66,14.59,29.25,27.92,19.08
745979,2024-06-15,2024,668930,L,668881,R,walk,False,True,216.0,0.304,32.0,14.81,19.0,8.8,0.78,0.10999999999999999,12.69,5.89,18.87,24.76,25.27,13.91,376.0,0.224,82.0,21.81,30.0,7.98,0.608,0.097,22.03,10.83,16.08,26.9,28.59,16.14,183.0,0.174,53.0,28.96,18.0,9.84,0.5700000000000001,0.11599999999999999,28.28,14.23,13.71,27.94,28.72,21.29,244.0,0.215,83.0,34.02,28.0,11.48,0.736,0.2009999999999999,33.14,15.55,14.17,29.71,25.77,23.31
745979,2024-06-15,2024,661388,R,668881,R,force_out,False,False,239.0,0.304,44.0,18.41,23.0,9.62,0.872,0.191,29.83,14.01,14.13,28.14,24.63,17.53,434.0,0.262,94.0,21.66,42.0,9.68,0.72,0.119,27.61,11.63,19.55,31.17,24.86,18.08,162.0,0.241,36.0,22.22,19.0,11.73,0.773,0.19,31.23,15.78,12.75,28.53,26.65,17.73,254.0,0.288,69.0,27.17,20.0,7.87,0.886,0.245,28.29,14.51,14.91,29.42,33.6,19.33
745979,2024-06-15,2024,592885,L,668881,R,single,False,False,127.0,0.327,27.0,21.26,15.0,11.81,0.896,0.16399999999999998,22.71,10.34,14.12,24.45,24.91,17.2,473.0,0.294,103.0,21.78,64.0,13.53,0.882,0.195,26.99,11.53,15.4,26.93,23.89,19.07,183.0,0.174,53.0,28.96,18.0,9.84,0.5700000000000001,0.11599999999999999,28.28,14.23,13.71,27.94,28.72,21.29,244.0,0.215,83.0,34.02,28.0,11.48,0.736,0.2009999999999999,33.14,15.55,14.17,29.71,25.77,23.31
745979,2024-06-15,2024,642715,R,668881,R,fielders_choice,False,False,233.0,0.259,52.0,22.32,25.0,10.73,0.795,0.195,29.84,14.12,15.09,29.2,26.71,18.31,480.0,0.212,117.0,24.38,47.0,9.79,0.702,0.194,32.44,16.53,12.85,29.38,32.69,19.28,162.0,0.241,36.0,22.22,19.0,11.73,0.773,0.19,31.23,15.78,12.75,28.53,26.65,17.73,254.0,0.288,69.0,27.17,20.0,7.87,0.886,0.245,28.29,14.51,14.91,29.42,33.6,19.33
745979,2024-06-15,2024,656555,R,668881,R,strikeout,True,False,166.0,0.233,41.0,24.7,17.0,10.24,0.784,0.226,24.75,9.91,21.15,31.06,21.8,17.08,,,,,,,,,,,,,,,162.0,0.241,36.0,22.22,19.0,11.73,0.773,0.19,31.23,15.78,12.75,28.53,26.65,17.73,254.0,0.288,69.0,27.17,20.0,7.87,0.886,0.245,28.29,14.51,14.91,29.42,33.6,19.33
745979,2024-06-15,2024,686217,L,668881,R,field_out,False,False,209.0,0.249,40.0,19.14,21.0,10.05,0.643,0.059,15.36,6.11,22.07,28.18,26.27,17.09,180.0,0.261,30.0,16.67,23.0,12.78,0.722,0.1049999999999999,15.26,6.63,20.31,26.94,29.52,13.18,183.0,0.174,53.0,28.96,18.0,9.84,0.5700000000000001,0.11599999999999999,28.28,14.23,13.71,27.94,28.72,21.29,244.0,0.215,83.0,34.02,28.0,11.48,0.736,0.2009999999999999,33.14,15.55,14.17,29.71,25.77,23.31
745979,2024-06-15,2024,663697,R,642547,R,hit_by_pitch,False,False,169.0,0.218,41.0,24.26,23.0,13.61,0.641,0.092,20.31,7.3,20.94,28.24,16.02,19.81,397.0,0.257,73.0,18.39,37.0,9.32,0.7809999999999999,0.175,21.3,8.18,21.42,29.59,19.53,15.19,159.0,0.231,47.0,29.56,15.0,9.43,0.716,0.15,30.89,14.81,14.22,29.03,26.72,18.73,318.0,0.209,115.0,36.16,19.0,5.97,0.669,0.192,37.03,17.53,15.68,33.21,29.6,24.11
745979,2024-06-15,2024,666181,L,642547,R,field_out,False,False,172.0,0.239,72.0,41.86,17.0,9.88,0.779,0.22600000000000003,39.88,18.94,15.04,33.98,21.68,31.17,285.0,0.297,89.0,31.23,37.0,12.98,0.938,0.252,31.03,13.11,16.03,29.13,18.51,23.66,160.0,0.224,51.0,31.87,12.0,7.5,0.671,0.164,34.36,15.7,15.07,30.77,28.41,27.17,362.0,0.215,95.0,26.24,35.0,9.67,0.669,0.16,30.45,14.66,14.59,29.25,27.92,19.08
745979,2024-06-15,2024,670770,L,642547,R,single,False,False,58.0,0.231,10.0,17.24,4.0,6.9,0.7789999999999999,0.24999999999999997,15.73,6.42,19.72,26.15,21.7,18.52,446.0,0.26,70.0,15.7,38.0,8.52,0.785,0.189,18.12,7.73,19.52,27.25,25.03,13.48,160.0,0.224,51.0,31.87,12.0,7.5,0.671,0.164,34.36,15.7,15.07,30.77,28.41,27.17,362.0,0.215,95.0,26.24,35.0,9.67,0.669,0.16,30.45,14.66,14.59,29.25,27.92,19.08
745979,2024-06-15,2024,682829,R,571948,L,field_out,False,False,107.0,0.213,30.0,28.04,12.0,11.21,0.648,0.10200000000000001,34.03,14.48,15.59,30.07,26.23,25.21,122.0,0.184,49.0,40.16,5.0,4.1,0.494,0.079,37.56,17.7,19.4,37.1,38.0,33.33,78.0,0.224,19.0,24.36,7.0,8.97,0.647,0.13399999999999998,20.34,7.87,22.62,30.49,19.01,20.21,131.0,0.256,32.0,24.43,5.0,3.82,0.6819999999999999,0.144,21.12,9.06,21.44,30.5,26.81,18.82
745979,2024-06-15,2024,600869,R,571948,L,force_out,False,False,85.0,0.233,18.0,21.18,10.0,11.76,0.6970000000000001,0.12299999999999997,28.83,14.11,12.91,27.03,30.41,18.37,161.0,0.254,36.0,22.36,15.0,9.32,0.793,0.197,21.45,10.5,14.2,24.7,29.83,16.29,78.0,0.224,19.0,24.36,7.0,8.97,0.647,0.13399999999999998,20.34,7.87,22.62,30.49,19.01,20.21,131.0,0.256,32.0,24.43,5.0,3.82,0.6819999999999999,0.144,21.12,9.06,21.44,30.5,26.81,18.82
745979,2024-06-15,2024,687401,R,607259,R,walk,False,True,146.0,0.309,16.0,10.96,20.0,13.7,0.916,0.203,14.67,5.66,21.44,27.1,23.13,9.64,13.0,0.077,3.0,23.08,0.0,0.0,0.2309999999999999,0.077,15.79,8.11,21.62,29.73,26.67,33.33,110.0,0.245,22.0,20.0,3.0,2.73,0.632,0.123,24.64,13.11,15.94,29.05,37.04,18.97,265.0,0.224,54.0,20.38,24.0,9.06,0.606,0.0839999999999999,26.67,12.33,17.68,30.01,32.95,21.26
745979,2024-06-15,2024,694192,R,607259,R,field_out,False,False,153.0,0.257,41.0,26.8,7.0,4.58,0.706,0.15999999999999998,31.77,16.06,18.8,34.85,36.1,24.55,,,,,,,,,,,,,,,110.0,0.245,22.0,20.0,3.0,2.73,0.632,0.123,24.64,13.11,15.94,29.05,37.04,18.97,265.0,0.224,54.0,20.38,24.0,9.06,0.606,0.0839999999999999,26.67,12.33,17.68,30.01,32.95,21.26
745979,2024-06-15,2024,663368,L,607259,R,force_out,False,False,168.0,0.265,47.0,27.98,13.0,7.74,0.73,0.132,30.51,12.83,21.02,33.85,25.0,27.49,110.0,0.231,33.0,30.0,17.0,15.45,0.715,0.1319999999999999,24.04,9.0,23.31,32.31,18.26,20.5,121.0,0.27,19.0,15.7,5.0,4.13,0.743,0.16199999999999998,23.01,11.88,14.04,25.92,37.96,12.75,197.0,0.261,52.0,26.4,16.0,8.12,0.743,0.1539999999999999,31.0,14.69,17.75,32.44,33.17,20.8
745979,2024-06-15,2024,668930,L,607259,R,field_error,False,False,216.0,0.304,32.0,14.81,19.0,8.8,0.78,0.10999999999999999,12.69,5.89,18.87,24.76,25.27,13.91,376.0,0.224,82.0,21.81,30.0,7.98,0.608,0.097,22.03,10.83,16.08,26.9,28.59,16.14,121.0,0.27,19.0,15.7,5.0,4.13,0.743,0.16199999999999998,23.01,11.88,14.04,25.92,37.96,12.75,197.0,0.261,52.0,26.4,16.0,8.12,0.743,0.1539999999999999,31.0,14.69,17.75,32.44,33.17,20.8
745979,2024-06-15,2024,661388,R,607259,R,strikeout,True,False,239.0,0.304,44.0,18.41,23.0,9.62,0.872,0.191,29.83,14.01,14.13,28.14,24.63,17.53,434.0,0.262,94.0,21.66,42.0,9.68,0.72,0.119,27.61,11.63,19.55,31.17,24.86,18.08,110.0,0.245,22.0,20.0,3.0,2.73,0.632,0.123,24.64,13.11,15.94,29.05,37.04,18.97,265.0,0.224,54.0,20.38,24.0,9.06,0.606,0.0839999999999999,26.67,12.33,17.68,30.01,32.95,21.26
745979,2024-06-15,2024,668715,R,622694,R,field_out,False,False,192.0,0.229,39.0,20.31,20.0,10.42,0.671,0.12399999999999997,21.69,9.69,17.48,27.17,25.18,14.72,487.0,0.256,106.0,21.77,51.0,10.47,0.7789999999999999,0.175,25.48,10.86,19.02,29.88,22.75,18.53,37.0,0.278,3.0,8.11,1.0,2.7,0.8799999999999999,0.30499999999999994,21.05,9.52,22.22,31.75,20.0,8.11,,,,,,,,,,,,,,
745979,2024-06-15,2024,641584,L,622694,R,field_out,False,False,141.0,0.286,30.0,21.28,12.0,8.51,0.713,0.07900000000000001,20.61,11.78,9.46,21.24,28.63,17.96,339.0,0.268,66.0,19.47,34.0,10.03,0.815,0.199,24.78,12.84,11.52,24.36,30.55,18.38,21.0,0.111,3.0,14.29,3.0,14.29,0.6819999999999999,0.333,27.5,11.7,19.15,30.85,24.49,9.38,,,,,,,,,,,,,,
745979,2024-06-15,2024,663886,R,622694,R,field_out,False,False,135.0,0.246,30.0,22.22,12.0,8.89,0.706,0.127,22.54,9.9,18.56,28.45,24.89,21.8,378.0,0.228,105.0,27.78,34.0,8.99,0.657,0.1239999999999999,29.78,12.81,19.96,32.77,26.19,24.59,37.0,0.278,3.0,8.11,1.0,2.7,0.8799999999999999,0.30499999999999994,21.05,9.52,22.22,31.75,20.0,8.11,,,,,,,,,,,,,,
745979,2024-06-15,2024,592885,L,458677,L,walk,False,True,58.0,0.333,13.0,22.41,6.0,10.34,0.9630000000000001,0.21600000000000003,27.08,12.04,16.2,28.24,25.22,22.41,159.0,0.234,37.0,23.27,14.0,8.81,0.633,0.097,26.17,13.04,15.53,28.57,28.16,18.32,38.0,0.294,12.0,31.58,2.0,5.26,0.871,0.23500000000000004,31.58,15.29,17.2,32.48,30.86,24.49,,,,,,,,,,,,,,
745979,2024-06-15,2024,642715,R,458677,L,field_out,False,False,69.0,0.203,13.0,18.84,9.0,13.04,0.677,0.16999999999999998,27.19,12.02,14.34,26.36,21.01,20.63,160.0,0.231,48.0,30.0,24.0,15.0,0.762,0.1789999999999999,26.61,12.38,15.79,28.17,29.47,20.17,29.0,0.259,7.0,24.14,1.0,3.45,0.717,0.14799999999999996,22.67,14.29,9.24,23.53,43.14,17.5,,,,,,,,,,,,,,
745979,2024-06-15,2024,656555,R,458677,L,strikeout,True,False,33.0,0.185,5.0,15.15,4.0,12.12,0.599,0.11099999999999999,25.86,11.03,18.38,29.41,20.97,12.82,,,,,,,,,,,,,,,29.0,0.259,7.0,24.14,1.0,3.45,0.717,0.14799999999999996,22.67,14.29,9.24,23.53,43.14,17.5,,,,,,,,,,,,,,
745979,2024-06-15,2024,686217,L,458677,L,strikeout,True,False,26.0,0.28,7.0,26.92,1.0,3.85,0.748,0.15999999999999998,14.29,6.02,22.89,28.92,21.05,36.84,43.0,0.184,7.0,16.28,5.0,11.63,0.5680000000000001,0.1049999999999999,11.43,4.71,21.18,25.88,26.83,17.07,38.0,0.294,12.0,31.58,2.0,5.26,0.871,0.23500000000000004,31.58,15.29,17.2,32.48,30.86,24.49,,,,,,,,,,,,,,
745979,2024-06-15,2024,674441,L,622694,R,field_out,False,False,57.0,0.2,14.0,24.56,6.0,10.53,0.5820000000000001,0.067,21.21,8.86,21.1,29.96,22.02,18.18,,,,,,,,,,,,,,,21.0,0.111,3.0,14.29,3.0,14.29,0.6819999999999999,0.333,27.5,11.7,19.15,30.85,24.49,9.38,,,,,,,,,,,,,,
745979,2024-06-15,2024,663697,R,622694,R,field_out,False,False,169.0,0.218,41.0,24.26,23.0,13.61,0.641,0.092,20.31,7.3,20.94,28.24,16.02,19.81,397.0,0.257,73.0,18.39,37.0,9.32,0.7809999999999999,0.175,21.3,8.18,21.42,29.59,19.53,15.19,37.0,0.278,3.0,8.11,1.0,2.7,0.8799999999999999,0.30499999999999994,21.05,9.52,22.22,31.75,20.0,8.11,,,,,,,,,,,,,,
745979,2024-06-15,2024,666181,L,622694,R,field_out,False,False,172.0,0.239,72.0,41.86,17.0,9.88,0.779,0.22600000000000003,39.88,18.94,15.04,33.98,21.68,31.17,285.0,0.297,89.0,31.23,37.0,12.98,0.938,0.252,31.03,13.11,16.03,29.13,18.51,23.66,21.0,0.111,3.0,14.29,3.0,14.29,0.6819999999999999,0.333,27.5,11.7,19.15,30.85,24.49,9.38,,,,,,,,,,,,,,
745979,2024-06-15,2024,687401,R,518585,R,field_out,False,False,146.0,0.309,16.0,10.96,20.0,13.7,0.916,0.203,14.67,5.66,21.44,27.1,23.13,9.64,13.0,0.077,3.0,23.08,0.0,0.0,0.2309999999999999,0.077,15.79,8.11,21.62,29.73,26.67,33.33,65.0,0.138,34.0,52.31,5.0,7.69,0.358,0.016999999999999987,50.76,25.77,15.38,41.15,41.14,42.5,151.0,0.196,55.0,36.42,10.0,6.62,0.601,0.1519999999999999,39.37,19.93,13.76,33.69,34.92,31.98
745979,2024-06-15,2024,694192,R,518585,R,single,False,False,153.0,0.257,41.0,26.8,7.0,4.58,0.706,0.15999999999999998,31.77,16.06,18.8,34.85,36.1,24.55,,,,,,,,,,,,,,,65.0,0.138,34.0,52.31,5.0,7.69,0.358,0.016999999999999987,50.76,25.77,15.38,41.15,41.14,42.5,151.0,0.196,55.0,36.42,10.0,6.62,0.601,0.1519999999999999,39.37,19.93,13.76,33.69,34.92,31.98
745979,2024-06-15,2024,663368,L,518585,R,single,False,False,168.0,0.265,47.0,27.98,13.0,7.74,0.73,0.132,30.51,12.83,21.02,33.85,25.0,27.49,110.0,0.231,33.0,30.0,17.0,15.45,0.715,0.1319999999999999,24.04,9.0,23.31,32.31,18.26,20.5,66.0,0.232,21.0,31.82,10.0,15.15,0.794,0.214,33.85,15.94,14.13,30.07,26.62,22.58,128.0,0.231,43.0,33.59,18.0,14.06,0.733,0.158,29.12,13.69,13.69,27.39,27.0,23.76
745979,2024-06-15,2024,668930,L,518585,R,field_out,False,False,216.0,0.304,32.0,14.81,19.0,8.8,0.78,0.10999999999999999,12.69,5.89,18.87,24.76,25.27,13.91,376.0,0.224,82.0,21.81,30.0,7.98,0.608,0.097,22.03,10.83,16.08,26.9,28.59,16.14,66.0,0.232,21.0,31.82,10.0,15.15,0.794,0.214,33.85,15.94,14.13,30.07,26.62,22.58,128.0,0.231,43.0,33.59,18.0,14.06,0.733,0.158,29.12,13.69,13.69,27.39,27.0,23.76
745979,2024-06-15,2024,661388,R,518585,R,strikeout,True,False,239.0,0.304,44.0,18.41,23.0,9.62,0.872,0.191,29.83,14.01,14.13,28.14,24.63,17.53,434.0,0.262,94.0,21.66,42.0,9.68,0.72,0.119,27.61,11.63,19.55,31.17,24.86,18.08,65.0,0.138,34.0,52.31,5.0,7.69,0.358,0.016999999999999987,50.76,25.77,15.38,41.15,41.14,42.5,151.0,0.196,55.0,36.42,10.0,6.62,0.601,0.1519999999999999,39.37,19.93,13.76,33.69,34.92,31.98
745979,2024-06-15,2024,670770,L,622694,R,field_out,False,False,58.0,0.231,10.0,17.24,4.0,6.9,0.7789999999999999,0.24999999999999997,15.73,6.42,19.72,26.15,21.7,18.52,446.0,0.26,70.0,15.7,38.0,8.52,0.785,0.189,18.12,7.73,19.52,27.25,25.03,13.48,21.0,0.111,3.0,14.29,3.0,14.29,0.6819999999999999,0.333,27.5,11.7,19.15,30.85,24.49,9.38,,,,,,,,,,,,,,
745979,2024-06-15,2024,682829,L,622694,R,walk,False,True,185.0,0.242,62.0,33.51,20.0,10.81,0.8029999999999999,0.237,33.33,13.41,21.37,34.78,24.26,31.28,307.0,0.255,95.0,30.94,30.0,9.77,0.7989999999999999,0.2159999999999999,26.69,11.86,17.47,29.33,31.27,25.07,21.0,0.111,3.0,14.29,3.0,14.29,0.6819999999999999,0.333,27.5,11.7,19.15,30.85,24.49,9.38,,,,,,,,,,,,,,
745979,2024-06-15,2024,600869,L,622694,R,double_play,False,False,169.0,0.253,43.0,25.44,8.0,4.73,0.843,0.29800000000000004,27.65,14.76,13.66,28.41,36.65,21.5,415.0,0.251,91.0,21.93,38.0,9.16,0.812,0.2279999999999999,25.42,11.83,16.22,28.05,27.64,18.71,21.0,0.111,3.0,14.29,3.0,14.29,0.6819999999999999,0.333,27.5,11.7,19.15,30.85,24.49,9.38,,,,,,,,,,,,,,
745979,2024-06-15,2024,592885,L,664747,R,single,False,False,127.0,0.327,27.0,21.26,15.0,11.81,0.896,0.16399999999999998,22.71,10.34,14.12,24.45,24.91,17.2,473.0,0.294,103.0,21.78,64.0,13.53,0.882,0.195,26.99,11.53,15.4,26.93,23.89,19.07,53.0,0.216,11.0,20.75,14.0,26.42,0.804,0.13499999999999998,23.91,9.65,15.35,25.0,22.69,14.29,144.0,0.176,48.0,33.33,16.0,11.11,0.56,0.076,34.07,15.36,13.02,28.38,26.49,29.27
745979,2024-06-15,2024,642715,R,664747,R,single,False,False,233.0,0.259,52.0,22.32,25.0,10.73,0.795,0.195,29.84,14.12,15.09,29.2,26.71,18.31,480.0,0.212,117.0,24.38,47.0,9.79,0.702,0.194,32.44,16.53,12.85,29.38,32.69,19.28,66.0,0.233,16.0,24.24,5.0,7.58,0.603,0.06699999999999998,27.42,12.78,17.29,30.08,26.12,20.0,142.0,0.197,38.0,26.76,20.0,14.08,0.634,0.1109999999999999,35.51,17.28,12.35,29.63,29.13,24.05
745979,2024-06-15,2024,656555,R,664747,R,fielders_choice,False,False,166.0,0.233,41.0,24.7,17.0,10.24,0.784,0.226,24.75,9.91,21.15,31.06,21.8,17.08,,,,,,,,,,,,,,,66.0,0.233,16.0,24.24,5.0,7.58,0.603,0.06699999999999998,27.42,12.78,17.29,30.08,26.12,20.0,142.0,0.197,38.0,26.76,20.0,14.08,0.634,0.1109999999999999,35.51,17.28,12.35,29.63,29.13,24.05
745979,2024-06-15,2024,686217,L,664747,R,field_out,False,False,209.0,0.249,40.0,19.14,21.0,10.05,0.643,0.059,15.36,6.11,22.07,28.18,26.27,17.09,180.0,0.261,30.0,16.67,23.0,12.78,0.722,0.1049999999999999,15.26,6.63,20.31,26.94,29.52,13.18,53.0,0.216,11.0,20.75,14.0,26.42,0.804,0.13499999999999998,23.91,9.65,15.35,25.0,22.69,14.29,144.0,0.176,48.0,33.33,16.0,11.11,0.56,0.076,34.07,15.36,13.02,28.38,26.49,29.27
745979,2024-06-15,2024,687401,R,664747,R,walk,False,True,146.0,0.309,16.0,10.96,20.0,13.7,0.916,0.203,14.67,5.66,21.44,27.1,23.13,9.64,13.0,0.077,3.0,23.08,0.0,0.0,0.2309999999999999,0.077,15.79,8.11,21.62,29.73,26.67,33.33,66.0,0.233,16.0,24.24,5.0,7.58,0.603,0.06699999999999998,27.42,12.78,17.29,30.08,26.12,20.0,142.0,0.197,38.0,26.76,20.0,14.08,0.634,0.1109999999999999,35.51,17.28,12.35,29.63,29.13,24.05
745979,2024-06-15,2024,694192,R,664747,R,single,False,False,153.0,0.257,41.0,26.8,7.0,4.58,0.706,0.15999999999999998,31.77,16.06,18.8,34.85,36.1,24.55,,,,,,,,,,,,,,,66.0,0.233,16.0,24.24,5.0,7.58,0.603,0.06699999999999998,27.42,12.78,17.29,30.08,26.12,20.0,142.0,0.197,38.0,26.76,20.0,14.08,0.634,0.1109999999999999,35.51,17.28,12.35,29.63,29.13,24.05
745979,2024-06-15,2024,663368,L,664747,R,field_out,False,False,168.0,0.265,47.0,27.98,13.0,7.74,0.73,0.132,30.51,12.83,21.02,33.85,25.0,27.49,110.0,0.231,33.0,30.0,17.0,15.45,0.715,0.1319999999999999,24.04,9.0,23.31,32.31,18.26,20.5,53.0,0.216,11.0,20.75,14.0,26.42,0.804,0.13499999999999998,23.91,9.65,15.35,25.0,22.69,14.29,144.0,0.176,48.0,33.33,16.0,11.11,0.56,0.076,34.07,15.36,13.02,28.38,26.49,29.27
746378,2024-06-15,2024,663837,R,686613,R,field_out,False,False,162.0,0.253,37.0,22.84,9.0,5.56,0.7909999999999999,0.24,20.58,8.73,20.67,29.4,18.75,17.87,383.0,0.26,92.0,24.02,29.0,7.57,0.724,0.14,21.06,9.23,21.95,31.18,28.67,18.31,133.0,0.259,31.0,23.31,13.0,9.77,0.7789999999999999,0.172,23.67,10.74,16.67,27.41,26.26,18.24,356.0,0.276,93.0,26.12,25.0,7.02,0.839,0.2219999999999999,22.69,10.56,16.76,27.32,28.13,20.31
746378,2024-06-15,2024,682985,L,686613,R,strikeout,True,False,225.0,0.267,60.0,26.67,31.0,13.78,0.868,0.22999999999999998,29.02,11.78,17.88,29.66,20.74,22.81,323.0,0.291,84.0,26.01,28.0,8.67,0.826,0.182,27.26,12.45,16.06,28.52,24.68,20.14,165.0,0.262,45.0,27.27,16.0,9.7,0.769,0.174,29.15,12.68,18.73,31.42,27.83,21.83,312.0,0.246,85.0,27.24,30.0,9.62,0.7290000000000001,0.16,27.12,12.49,16.55,29.04,26.95,21.0
746378,2024-06-15,2024,672761,L,686613,R,strikeout,True,False,143.0,0.227,31.0,21.68,13.0,9.09,0.671,0.148,22.18,9.76,19.35,29.11,26.03,17.13,,,,,,,,,,,,,,,165.0,0.262,45.0,27.27,16.0,9.7,0.769,0.174,29.15,12.68,18.73,31.42,27.83,21.83,312.0,0.246,85.0,27.24,30.0,9.62,0.7290000000000001,0.16,27.12,12.49,16.55,29.04,26.95,21.0
746378,2024-06-15,2024,514888,R,669373,L,double,False,False,86.0,0.321,13.0,15.12,6.0,6.98,0.833,0.128,19.63,10.29,12.22,22.51,38.46,15.66,113.0,0.283,16.0,14.16,12.0,10.62,0.847,0.192,16.9,8.18,15.68,23.86,33.07,11.68,279.0,0.202,80.0,28.67,13.0,4.66,0.5720000000000001,0.129,31.59,16.42,17.26,33.68,30.3,24.32,268.0,0.21,98.0,36.57,12.0,4.48,0.567,0.103,33.05,17.57,16.29,33.85,34.51,25.72
746378,2024-06-15,2024,608324,R,669373,L,field_out,False,False,94.0,0.205,6.0,6.38,6.0,6.38,0.607,0.147,6.85,2.97,21.96,24.93,24.24,6.59,216.0,0.215,20.0,9.26,27.0,12.5,0.6950000000000001,0.161,13.03,5.13,19.07,24.2,22.25,9.57,279.0,0.202,80.0,28.67,13.0,4.66,0.5720000000000001,0.129,31.59,16.42,17.26,33.68,30.3,24.32,268.0,0.21,98.0,36.57,12.0,4.48,0.567,0.103,33.05,17.57,16.29,33.85,34.51,25.72
746378,2024-06-15,2024,670541,L,669373,L,strikeout,True,False,109.0,0.33,21.0,19.27,8.0,7.34,0.911,0.196,20.65,10.08,13.79,23.87,34.34,24.71,174.0,0.295,37.0,21.26,20.0,11.49,0.892,0.212,24.91,11.27,17.53,28.79,30.5,20.79,58.0,0.173,18.0,31.03,3.0,5.17,0.45299999999999996,0.03900000000000001,27.84,13.78,21.94,35.71,38.37,31.03,42.0,0.125,4.0,9.52,2.0,4.76,0.367,0.075,15.62,7.94,17.46,25.4,22.45,17.39
746378,2024-06-15,2024,665161,R,669373,L,hit_by_pitch,False,False,82.0,0.295,8.0,9.76,1.0,1.22,0.7829999999999999,0.179,22.89,13.38,12.32,25.7,39.72,9.64,174.0,0.325,22.0,12.64,9.0,5.17,0.8340000000000001,0.141,23.71,13.93,8.22,22.15,36.96,13.17,279.0,0.202,80.0,28.67,13.0,4.66,0.5720000000000001,0.129,31.59,16.42,17.26,33.68,30.3,24.32,268.0,0.21,98.0,36.57,12.0,4.48,0.567,0.103,33.05,17.57,16.29,33.85,34.51,25.72
746378,2024-06-15,2024,673237,R,669373,L,strikeout,True,False,69.0,0.277,9.0,13.04,3.0,4.35,0.734,0.13799999999999996,22.64,13.64,7.95,21.59,38.41,10.11,103.0,0.214,27.0,26.21,4.0,3.88,0.621,0.164,35.0,21.33,9.97,31.3,46.31,24.76,279.0,0.202,80.0,28.67,13.0,4.66,0.5720000000000001,0.129,31.59,16.42,17.26,33.68,30.3,24.32,268.0,0.21,98.0,36.57,12.0,4.48,0.567,0.103,33.05,17.57,16.29,33.85,34.51,25.72
746378,2024-06-15,2024,592192,R,686613,R,field_out,False,False,203.0,0.231,40.0,19.7,20.0,9.85,0.673,0.11000000000000001,21.78,8.7,23.28,31.99,21.13,16.53,341.0,0.261,56.0,16.42,28.0,8.21,0.721,0.1079999999999999,18.91,7.86,21.98,29.84,23.71,13.49,133.0,0.259,31.0,23.31,13.0,9.77,0.7789999999999999,0.172,23.67,10.74,16.67,27.41,26.26,18.24,356.0,0.276,93.0,26.12,25.0,7.02,0.839,0.2219999999999999,22.69,10.56,16.76,27.32,28.13,20.31
746378,2024-06-15,2024,570482,R,686613,R,single,False,False,108.0,0.314,14.0,12.96,4.0,3.7,0.765,0.10799999999999998,19.7,9.95,17.6,27.55,32.62,13.73,175.0,0.276,30.0,17.14,9.0,5.14,0.653,0.061,20.55,11.01,13.8,24.82,34.39,12.39,133.0,0.259,31.0,23.31,13.0,9.77,0.7789999999999999,0.172,23.67,10.74,16.67,27.41,26.26,18.24,356.0,0.276,93.0,26.12,25.0,7.02,0.839,0.2219999999999999,22.69,10.56,16.76,27.32,28.13,20.31
746378,2024-06-15,2024,690993,L,686613,R,single,False,False,184.0,0.222,32.0,17.39,11.0,5.98,0.5640000000000001,0.06999999999999998,22.64,10.71,16.82,27.53,31.81,19.16,,,,,,,,,,,,,,,165.0,0.262,45.0,27.27,16.0,9.7,0.769,0.174,29.15,12.68,18.73,31.42,27.83,21.83,312.0,0.246,85.0,27.24,30.0,9.62,0.7290000000000001,0.16,27.12,12.49,16.55,29.04,26.95,21.0
746378,2024-06-15,2024,669234,R,686613,R,strikeout,True,False,26.0,0.238,9.0,34.62,4.0,15.38,0.87,0.28600000000000003,36.96,14.78,20.0,34.78,9.8,23.68,,,,,,,,,,,,,,,133.0,0.259,31.0,23.31,13.0,9.77,0.7789999999999999,0.172,23.67,10.74,16.67,27.41,26.26,18.24,356.0,0.276,93.0,26.12,25.0,7.02,0.839,0.2219999999999999,22.69,10.56,16.76,27.32,28.13,20.31
746378,2024-06-15,2024,668670,R,686613,R,field_out,False,False,99.0,0.223,33.0,33.33,3.0,3.03,0.646,0.16,35.47,16.53,18.97,35.5,25.99,31.13,259.0,0.215,84.0,32.43,20.0,7.72,0.676,0.18,31.32,14.43,18.81,33.23,22.13,28.38,133.0,0.259,31.0,23.31,13.0,9.77,0.7789999999999999,0.172,23.67,10.74,16.67,27.41,26.26,18.24,356.0,0.276,93.0,26.12,25.0,7.02,0.839,0.2219999999999999,22.69,10.56,16.76,27.32,28.13,20.31
746378,2024-06-15,2024,643289,R,669373,L,field_out,False,False,54.0,0.314,3.0,5.56,2.0,3.7,0.823,0.176,19.82,12.29,8.38,20.67,42.22,5.88,117.0,0.327,12.0,10.26,6.0,5.13,0.859,0.1639999999999999,13.48,8.22,11.41,19.63,41.01,10.91,279.0,0.202,80.0,28.67,13.0,4.66,0.5720000000000001,0.129,31.59,16.42,17.26,33.68,30.3,24.32,268.0,0.21,98.0,36.57,12.0,4.48,0.567,0.103,33.05,17.57,16.29,33.85,34.51,25.72
746378,2024-06-15,2024,676694,R,669373,L,field_out,False,False,62.0,0.241,10.0,16.13,6.0,9.68,0.783,0.203,27.18,12.79,16.44,29.22,26.96,18.18,79.0,0.257,19.0,24.05,8.0,10.13,0.785,0.186,30.49,15.72,12.89,28.62,32.93,16.67,279.0,0.202,80.0,28.67,13.0,4.66,0.5720000000000001,0.129,31.59,16.42,17.26,33.68,30.3,24.32,268.0,0.21,98.0,36.57,12.0,4.48,0.567,0.103,33.05,17.57,16.29,33.85,34.51,25.72
746378,2024-06-15,2024,605170,R,669373,L,field_out,False,False,21.0,0.3,2.0,9.52,0.0,0.0,0.6859999999999999,0.10000000000000003,11.76,7.06,10.59,17.65,38.1,6.06,59.0,0.25,12.0,20.34,4.0,6.78,0.61,0.0379999999999999,25.84,11.06,16.83,27.88,19.63,21.43,279.0,0.202,80.0,28.67,13.0,4.66,0.5720000000000001,0.129,31.59,16.42,17.26,33.68,30.3,24.32,268.0,0.21,98.0,36.57,12.0,4.48,0.567,0.103,33.05,17.57,16.29,33.85,34.51,25.72
746378,2024-06-15,2024,668952,R,686613,R,field_out,False,False,6.0,0.2,2.0,33.33,0.0,0.0,0.4,0.0,16.67,7.14,25.0,32.14,23.08,15.38,9.0,0.111,3.0,33.33,0.0,0.0,0.222,0.0,33.33,15.79,28.95,44.74,45.0,21.43,133.0,0.259,31.0,23.31,13.0,9.77,0.7789999999999999,0.172,23.67,10.74,16.67,27.41,26.26,18.24,356.0,0.276,93.0,26.12,25.0,7.02,0.839,0.2219999999999999,22.69,10.56,16.76,27.32,28.13,20.31
746378,2024-06-15,2024,663837,R,686613,R,strikeout,True,False,162.0,0.253,37.0,22.84,9.0,5.56,0.7909999999999999,0.24,20.58,8.73,20.67,29.4,18.75,17.87,383.0,0.26,92.0,24.02,29.0,7.57,0.724,0.14,21.06,9.23,21.95,31.18,28.67,18.31,133.0,0.259,31.0,23.31,13.0,9.77,0.7789999999999999,0.172,23.67,10.74,16.67,27.41,26.26,18.24,356.0,0.276,93.0,26.12,25.0,7.02,0.839,0.2219999999999999,22.69,10.56,16.76,27.32,28.13,20.31
746378,2024-06-15,2024,682985,L,686613,R,field_out,False,False,225.0,0.267,60.0,26.67,31.0,13.78,0.868,0.22999999999999998,29.02,11.78,17.88,29.66,20.74,22.81,323.0,0.291,84.0,26.01,28.0,8.67,0.826,0.182,27.26,12.45,16.06,28.52,24.68,20.14,165.0,0.262,45.0,27.27,16.0,9.7,0.769,0.174,29.15,12.68,18.73,31.42,27.83,21.83,312.0,0.246,85.0,27.24,30.0,9.62,0.7290000000000001,0.16,27.12,12.49,16.55,29.04,26.95,21.0
746378,2024-06-15,2024,676801,R,669373,L,field_out,False,False,36.0,0.182,8.0,22.22,3.0,8.33,0.492,0.06,25.35,12.95,12.23,25.18,25.71,22.22,138.0,0.325,35.0,25.36,13.0,9.42,1.009,0.285,31.52,15.56,12.88,28.44,29.0,20.96,279.0,0.202,80.0,28.67,13.0,4.66,0.5720000000000001,0.129,31.59,16.42,17.26,33.68,30.3,24.32,268.0,0.21,98.0,36.57,12.0,4.48,0.567,0.103,33.05,17.57,16.29,33.85,34.51,25.72
746378,2024-06-15,2024,514888,R,669373,L,walk,False,True,86.0,0.321,13.0,15.12,6.0,6.98,0.833,0.128,19.63,10.29,12.22,22.51,38.46,15.66,113.0,0.283,16.0,14.16,12.0,10.62,0.847,0.192,16.9,8.18,15.68,23.86,33.07,11.68,279.0,0.202,80.0,28.67,13.0,4.66,0.5720000000000001,0.129,31.59,16.42,17.26,33.68,30.3,24.32,268.0,0.21,98.0,36.57,12.0,4.48,0.567,0.103,33.05,17.57,16.29,33.85,34.51,25.72
746378,2024-06-15,2024,608324,R,669373,L,field_out,False,False,94.0,0.205,6.0,6.38,6.0,6.38,0.607,0.147,6.85,2.97,21.96,24.93,24.24,6.59,216.0,0.215,20.0,9.26,27.0,12.5,0.6950000000000001,0.161,13.03,5.13,19.07,24.2,22.25,9.57,279.0,0.202,80.0,28.67,13.0,4.66,0.5720000000000001,0.129,31.59,16.42,17.26,33.68,30.3,24.32,268.0,0.21,98.0,36.57,12.0,4.48,0.567,0.103,33.05,17.57,16.29,33.85,34.51,25.72
746378,2024-06-15,2024,670541,L,669373,L,force_out,False,False,109.0,0.33,21.0,19.27,8.0,7.34,0.911,0.196,20.65,10.08,13.79,23.87,34.34,24.71,174.0,0.295,37.0,21.26,20.0,11.49,0.892,0.212,24.91,11.27,17.53,28.79,30.5,20.79,58.0,0.173,18.0,31.03,3.0,5.17,0.45299999999999996,0.03900000000000001,27.84,13.78,21.94,35.71,38.37,31.03,42.0,0.125,4.0,9.52,2.0,4.76,0.367,0.075,15.62,7.94,17.46,25.4,22.45,17.39
746378,2024-06-15,2024,672761,L,686613,R,strikeout,True,False,143.0,0.227,31.0,21.68,13.0,9.09,0.671,0.148,22.18,9.76,19.35,29.11,26.03,17.13,,,,,,,,,,,,,,,165.0,0.262,45.0,27.27,16.0,9.7,0.769,0.174,29.15,12.68,18.73,31.42,27.83,21.83,312.0,0.246,85.0,27.24,30.0,9.62,0.7290000000000001,0.16,27.12,12.49,16.55,29.04,26.95,21.0
746378,2024-06-15,2024,592192,R,686613,R,strikeout,True,False,203.0,0.231,40.0,19.7,20.0,9.85,0.673,0.11000000000000001,21.78,8.7,23.28,31.99,21.13,16.53,341.0,0.261,56.0,16.42,28.0,8.21,0.721,0.1079999999999999,18.91,7.86,21.98,29.84,23.71,13.49,133.0,0.259,31.0,23.31,13.0,9.77,0.7789999999999999,0.172,23.67,10.74,16.67,27.41,26.26,18.24,356.0,0.276,93.0,26.12,25.0,7.02,0.839,0.2219999999999999,22.69,10.56,16.76,27.32,28.13,20.31
746378,2024-06-15,2024,570482,R,686613,R,field_out,False,False,108.0,0.314,14.0,12.96,4.0,3.7,0.765,0.10799999999999998,19.7,9.95,17.6,27.55,32.62,13.73,175.0,0.276,30.0,17.14,9.0,5.14,0.653,0.061,20.55,11.01,13.8,24.82,34.39,12.39,133.0,0.259,31.0,23.31,13.0,9.77,0.7789999999999999,0.172,23.67,10.74,16.67,27.41,26.26,18.24,356.0,0.276,93.0,26.12,25.0,7.02,0.839,0.2219999999999999,22.69,10.56,16.76,27.32,28.13,20.31
746378,2024-06-15,2024,665161,R,669373,L,field_out,False,False,82.0,0.295,8.0,9.76,1.0,1.22,0.7829999999999999,0.179,22.89,13.38,12.32,25.7,39.72,9.64,174.0,0.325,22.0,12.64,9.0,5.17,0.8340000000000001,0.141,23.71,13.93,8.22,22.15,36.96,13.17,279.0,0.202,80.0,28.67,13.0,4.66,0.5720000000000001,0.129,31.59,16.42,17.26,33.68,30.3,24.32,268.0,0.21,98.0,36.57,12.0,4.48,0.567,0.103,33.05,17.57,16.29,33.85,34.51,25.72
746378,2024-06-15,2024,673237,R,669373,L,field_out,False,False,69.0,0.277,9.0,13.04,3.0,4.35,0.734,0.13799999999999996,22.64,13.64,7.95,21.59,38.41,10.11,103.0,0.214,27.0,26.21,4.0,3.88,0.621,0.164,35.0,21.33,9.97,31.3,46.31,24.76,279.0,0.202,80.0,28.67,13.0,4.66,0.5720000000000001,0.129,31.59,16.42,17.26,33.68,30.3,24.32,268.0,0.21,98.0,36.57,12.0,4.48,0.567,0.103,33.05,17.57,16.29,33.85,34.51,25.72
746378,2024-06-15,2024,643289,R,669373,L,field_out,False,False,54.0,0.314,3.0,5.56,2.0,3.7,0.823,0.176,19.82,12.29,8.38,20.67,42.22,5.88,117.0,0.327,12.0,10.26,6.0,5.13,0.859,0.1639999999999999,13.48,8.22,11.41,19.63,41.01,10.91,279.0,0.202,80.0,28.67,13.0,4.66,0.5720000000000001,0.129,31.59,16.42,17.26,33.68,30.3,24.32,268.0,0.21,98.0,36.57,12.0,4.48,0.567,0.103,33.05,17.57,16.29,33.85,34.51,25.72
746378,2024-06-15,2024,690993,L,686613,R,field_out,False,False,184.0,0.222,32.0,17.39,11.0,5.98,0.5640000000000001,0.06999999999999998,22.64,10.71,16.82,27.53,31.81,19.16,,,,,,,,,,,,,,,165.0,0.262,45.0,27.27,16.0,9.7,0.769,0.174,29.15,12.68,18.73,31.42,27.83,21.83,312.0,0.246,85.0,27.24,30.0,9.62,0.7290000000000001,0.16,27.12,12.49,16.55,29.04,26.95,21.0
746378,2024-06-15,2024,669234,R,686613,R,single,False,False,26.0,0.238,9.0,34.62,4.0,15.38,0.87,0.28600000000000003,36.96,14.78,20.0,34.78,9.8,23.68,,,,,,,,,,,,,,,133.0,0.259,31.0,23.31,13.0,9.77,0.7789999999999999,0.172,23.67,10.74,16.67,27.41,26.26,18.24,356.0,0.276,93.0,26.12,25.0,7.02,0.839,0.2219999999999999,22.69,10.56,16.76,27.32,28.13,20.31
746378,2024-06-15,2024,668670,R,686613,R,field_out,False,False,99.0,0.223,33.0,33.33,3.0,3.03,0.646,0.16,35.47,16.53,18.97,35.5,25.99,31.13,259.0,0.215,84.0,32.43,20.0,7.72,0.676,0.18,31.32,14.43,18.81,33.23,22.13,28.38,133.0,0.259,31.0,23.31,13.0,9.77,0.7789999999999999,0.172,23.67,10.74,16.67,27.41,26.26,18.24,356.0,0.276,93.0,26.12,25.0,7.02,0.839,0.2219999999999999,22.69,10.56,16.76,27.32,28.13,20.31
746378,2024-06-15,2024,668952,R,686613,R,caught_stealing_2b,False,False,6.0,0.2,2.0,33.33,0.0,0.0,0.4,0.0,16.67,7.14,25.0,32.14,23.08,15.38,9.0,0.111,3.0,33.33,0.0,0.0,0.222,0.0,33.33,15.79,28.95,44.74,45.0,21.43,133.0,0.259,31.0,23.31,13.0,9.77,0.7789999999999999,0.172,23.67,10.74,16.67,27.41,26.26,18.24,356.0,0.276,93.0,26.12,25.0,7.02,0.839,0.2219999999999999,22.69,10.56,16.76,27.32,28.13,20.31
746378,2024-06-15,2024,676694,R,669373,L,field_out,False,False,62.0,0.241,10.0,16.13,6.0,9.68,0.783,0.203,27.18,12.79,16.44,29.22,26.96,18.18,79.0,0.257,19.0,24.05,8.0,10.13,0.785,0.186,30.49,15.72,12.89,28.62,32.93,16.67,279.0,0.202,80.0,28.67,13.0,4.66,0.5720000000000001,0.129,31.59,16.42,17.26,33.68,30.3,24.32,268.0,0.21,98.0,36.57,12.0,4.48,0.567,0.103,33.05,17.57,16.29,33.85,34.51,25.72
746378,2024-06-15,2024,605170,R,669373,L,field_out,False,False,21.0,0.3,2.0,9.52,0.0,0.0,0.6859999999999999,0.10000000000000003,11.76,7.06,10.59,17.65,38.1,6.06,59.0,0.25,12.0,20.34,4.0,6.78,0.61,0.0379999999999999,25.84,11.06,16.83,27.88,19.63,21.43,279.0,0.202,80.0,28.67,13.0,4.66,0.5720000000000001,0.129,31.59,16.42,17.26,33.68,30.3,24.32,268.0,0.21,98.0,36.57,12.0,4.48,0.567,0.103,33.05,17.57,16.29,33.85,34.51,25.72
746378,2024-06-15,2024,676801,R,669373,L,field_out,False,False,36.0,0.182,8.0,22.22,3.0,8.33,0.492,0.06,25.35,12.95,12.23,25.18,25.71,22.22,138.0,0.325,35.0,25.36,13.0,9.42,1.009,0.285,31.52,15.56,12.88,28.44,29.0,20.96,279.0,0.202,80.0,28.67,13.0,4.66,0.5720000000000001,0.129,31.59,16.42,17.26,33.68,30.3,24.32,268.0,0.21,98.0,36.57,12.0,4.48,0.567,0.103,33.05,17.57,16.29,33.85,34.51,25.72
746378,2024-06-15,2024,668952,R,686613,R,strikeout,True,False,6.0,0.2,2.0,33.33,0.0,0.0,0.4,0.0,16.67,7.14,25.0,32.14,23.08,15.38,9.0,0.111,3.0,33.33,0.0,0.0,0.222,0.0,33.33,15.79,28.95,44.74,45.0,21.43,133.0,0.259,31.0,23.31,13.0,9.77,0.7789999999999999,0.172,23.67,10.74,16.67,27.41,26.26,18.24,356.0,0.276,93.0,26.12,25.0,7.02,0.839,0.2219999999999999,22.69,10.56,16.76,27.32,28.13,20.31
746378,2024-06-15,2024,663837,R,686613,R,field_out,False,False,162.0,0.253,37.0,22.84,9.0,5.56,0.7909999999999999,0.24,20.58,8.73,20.67,29.4,18.75,17.87,383.0,0.26,92.0,24.02,29.0,7.57,0.724,0.14,21.06,9.23,21.95,31.18,28.67,18.31,133.0,0.259,31.0,23.31,13.0,9.77,0.7789999999999999,0.172,23.67,10.74,16.67,27.41,26.26,18.24,356.0,0.276,93.0,26.12,25.0,7.02,0.839,0.2219999999999999,22.69,10.56,16.76,27.32,28.13,20.31
746378,2024-06-15,2024,682985,L,686613,R,single,False,False,225.0,0.267,60.0,26.67,31.0,13.78,0.868,0.22999999999999998,29.02,11.78,17.88,29.66,20.74,22.81,323.0,0.291,84.0,26.01,28.0,8.67,0.826,0.182,27.26,12.45,16.06,28.52,24.68,20.14,165.0,0.262,45.0,27.27,16.0,9.7,0.769,0.174,29.15,12.68,18.73,31.42,27.83,21.83,312.0,0.246,85.0,27.24,30.0,9.62,0.7290000000000001,0.16,27.12,12.49,16.55,29.04,26.95,21.0
746378,2024-06-15,2024,672761,L,686613,R,field_out,False,False,143.0,0.227,31.0,21.68,13.0,9.09,0.671,0.148,22.18,9.76,19.35,29.11,26.03,17.13,,,,,,,,,,,,,,,165.0,0.262,45.0,27.27,16.0,9.7,0.769,0.174,29.15,12.68,18.73,31.42,27.83,21.83,312.0,0.246,85.0,27.24,30.0,9.62,0.7290000000000001,0.16,27.12,12.49,16.55,29.04,26.95,21.0
746378,2024-06-15,2024,514888,R,669373,L,double,False,False,86.0,0.321,13.0,15.12,6.0,6.98,0.833,0.128,19.63,10.29,12.22,22.51,38.46,15.66,113.0,0.283,16.0,14.16,12.0,10.62,0.847,0.192,16.9,8.18,15.68,23.86,33.07,11.68,279.0,0.202,80.0,28.67,13.0,4.66,0.5720000000000001,0.129,31.59,16.42,17.26,33.68,30.3,24.32,268.0,0.21,98.0,36.57,12.0,4.48,0.567,0.103,33.05,17.57,16.29,33.85,34.51,25.72
746378,2024-06-15,2024,608324,R,669373,L,triple,False,False,94.0,0.205,6.0,6.38,6.0,6.38,0.607,0.147,6.85,2.97,21.96,24.93,24.24,6.59,216.0,0.215,20.0,9.26,27.0,12.5,0.6950000000000001,0.161,13.03,5.13,19.07,24.2,22.25,9.57,279.0,0.202,80.0,28.67,13.0,4.66,0.5720000000000001,0.129,31.59,16.42,17.26,33.68,30.3,24.32,268.0,0.21,98.0,36.57,12.0,4.48,0.567,0.103,33.05,17.57,16.29,33.85,34.51,25.72
746378,2024-06-15,2024,670541,L,669373,L,sac_fly,False,False,109.0,0.33,21.0,19.27,8.0,7.34,0.911,0.196,20.65,10.08,13.79,23.87,34.34,24.71,174.0,0.295,37.0,21.26,20.0,11.49,0.892,0.212,24.91,11.27,17.53,28.79,30.5,20.79,58.0,0.173,18.0,31.03,3.0,5.17,0.45299999999999996,0.03900000000000001,27.84,13.78,21.94,35.71,38.37,31.03,42.0,0.125,4.0,9.52,2.0,4.76,0.367,0.075,15.62,7.94,17.46,25.4,22.45,17.39
746378,2024-06-15,2024,665161,R,669373,L,field_out,False,False,82.0,0.295,8.0,9.76,1.0,1.22,0.7829999999999999,0.179,22.89,13.38,12.32,25.7,39.72,9.64,174.0,0.325,22.0,12.64,9.0,5.17,0.8340000000000001,0.141,23.71,13.93,8.22,22.15,36.96,13.17,279.0,0.202,80.0,28.67,13.0,4.66,0.5720000000000001,0.129,31.59,16.42,17.26,33.68,30.3,24.32,268.0,0.21,98.0,36.57,12.0,4.48,0.567,0.103,33.05,17.57,16.29,33.85,34.51,25.72
746378,2024-06-15,2024,673237,R,669373,L,single,False,False,69.0,0.277,9.0,13.04,3.0,4.35,0.734,0.13799999999999996,22.64,13.64,7.95,21.59,38.41,10.11,103.0,0.214,27.0,26.21,4.0,3.88,0.621,0.164,35.0,21.33,9.97,31.3,46.31,24.76,279.0,0.202,80.0,28.67,13.0,4.66,0.5720000000000001,0.129,31.59,16.42,17.26,33.68,30.3,24.32,268.0,0.21,98.0,36.57,12.0,4.48,0.567,0.103,33.05,17.57,16.29,33.85,34.51,25.72
746378,2024-06-15,2024,643289,R,669373,L,home_run,False,False,54.0,0.314,3.0,5.56,2.0,3.7,0.823,0.176,19.82,12.29,8.38,20.67,42.22,5.88,117.0,0.327,12.0,10.26,6.0,5.13,0.859,0.1639999999999999,13.48,8.22,11.41,19.63,41.01,10.91,279.0,0.202,80.0,28.67,13.0,4.66,0.5720000000000001,0.129,31.59,16.42,17.26,33.68,30.3,24.32,268.0,0.21,98.0,36.57,12.0,4.48,0.567,0.103,33.05,17.57,16.29,33.85,34.51,25.72
746378,2024-06-15,2024,676694,R,669373,L,field_out,False,False,62.0,0.241,10.0,16.13,6.0,9.68,0.783,0.203,27.18,12.79,16.44,29.22,26.96,18.18,79.0,0.257,19.0,24.05,8.0,10.13,0.785,0.186,30.49,15.72,12.89,28.62,32.93,16.67,279.0,0.202,80.0,28.67,13.0,4.66,0.5720000000000001,0.129,31.59,16.42,17.26,33.68,30.3,24.32,268.0,0.21,98.0,36.57,12.0,4.48,0.567,0.103,33.05,17.57,16.29,33.85,34.51,25.72
746378,2024-06-15,2024,592192,R,686613,R,strikeout,True,False,203.0,0.231,40.0,19.7,20.0,9.85,0.673,0.11000000000000001,21.78,8.7,23.28,31.99,21.13,16.53,341.0,0.261,56.0,16.42,28.0,8.21,0.721,0.1079999999999999,18.91,7.86,21.98,29.84,23.71,13.49,133.0,0.259,31.0,23.31,13.0,9.77,0.7789999999999999,0.172,23.67,10.74,16.67,27.41,26.26,18.24,356.0,0.276,93.0,26.12,25.0,7.02,0.839,0.2219999999999999,22.69,10.56,16.76,27.32,28.13,20.31
746378,2024-06-15,2024,570482,R,686613,R,field_out,False,False,108.0,0.314,14.0,12.96,4.0,3.7,0.765,0.10799999999999998,19.7,9.95,17.6,27.55,32.62,13.73,175.0,0.276,30.0,17.14,9.0,5.14,0.653,0.061,20.55,11.01,13.8,24.82,34.39,12.39,133.0,0.259,31.0,23.31,13.0,9.77,0.7789999999999999,0.172,23.67,10.74,16.67,27.41,26.26,18.24,356.0,0.276,93.0,26.12,25.0,7.02,0.839,0.2219999999999999,22.69,10.56,16.76,27.32,28.13,20.31
746378,2024-06-15,2024,690993,L,686613,R,single,False,False,184.0,0.222,32.0,17.39,11.0,5.98,0.5640000000000001,0.06999999999999998,22.64,10.71,16.82,27.53,31.81,19.16,,,,,,,,,,,,,,,165.0,0.262,45.0,27.27,16.0,9.7,0.769,0.174,29.15,12.68,18.73,31.42,27.83,21.83,312.0,0.246,85.0,27.24,30.0,9.62,0.7290000000000001,0.16,27.12,12.49,16.55,29.04,26.95,21.0
746378,2024-06-15,2024,669234,R,686613,R,strikeout,True,False,26.0,0.238,9.0,34.62,4.0,15.38,0.87,0.28600000000000003,36.96,14.78,20.0,34.78,9.8,23.68,,,,,,,,,,,,,,,133.0,0.259,31.0,23.31,13.0,9.77,0.7789999999999999,0.172,23.67,10.74,16.67,27.41,26.26,18.24,356.0,0.276,93.0,26.12,25.0,7.02,0.839,0.2219999999999999,22.69,10.56,16.76,27.32,28.13,20.31
746378,2024-06-15,2024,605170,R,669373,L,single,False,False,21.0,0.3,2.0,9.52,0.0,0.0,0.6859999999999999,0.10000000000000003,11.76,7.06,10.59,17.65,38.1,6.06,59.0,0.25,12.0,20.34,4.0,6.78,0.61,0.0379999999999999,25.84,11.06,16.83,27.88,19.63,21.43,279.0,0.202,80.0,28.67,13.0,4.66,0.5720000000000001,0.129,31.59,16.42,17.26,33.68,30.3,24.32,268.0,0.21,98.0,36.57,12.0,4.48,0.567,0.103,33.05,17.57,16.29,33.85,34.51,25.72
746378,2024-06-15,2024,676801,R,669373,L,force_out,False,False,36.0,0.182,8.0,22.22,3.0,8.33,0.492,0.06,25.35,12.95,12.23,25.18,25.71,22.22,138.0,0.325,35.0,25.36,13.0,9.42,1.009,0.285,31.52,15.56,12.88,28.44,29.0,20.96,279.0,0.202,80.0,28.67,13.0,4.66,0.5720000000000001,0.129,31.59,16.42,17.26,33.68,30.3,24.32,268.0,0.21,98.0,36.57,12.0,4.48,0.567,0.103,33.05,17.57,16.29,33.85,34.51,25.72
746378,2024-06-15,2024,514888,R,689225,R,strikeout,True,False,221.0,0.29,42.0,19.0,13.0,5.88,0.789,0.16400000000000003,20.2,10.43,17.05,27.48,38.77,18.75,297.0,0.322,55.0,18.52,32.0,10.77,0.941,0.218,19.43,8.47,19.0,27.48,31.81,17.74,34.0,0.172,5.0,14.71,3.0,8.82,0.44899999999999995,0.035,21.82,10.43,19.13,29.57,37.7,17.24,88.0,0.262,20.0,22.73,7.0,7.95,0.768,0.188,23.94,12.13,14.56,26.68,37.2,14.93
746378,2024-06-15,2024,608324,R,689225,R,caught_stealing_2b,False,False,191.0,0.259,34.0,17.8,16.0,8.38,0.761,0.176,15.98,7.12,19.13,26.25,24.41,14.53,508.0,0.282,67.0,13.19,65.0,12.8,0.8500000000000001,0.186,14.53,5.58,19.65,25.23,16.96,12.88,34.0,0.172,5.0,14.71,3.0,8.82,0.44899999999999995,0.035,21.82,10.43,19.13,29.57,37.7,17.24,88.0,0.262,20.0,22.73,7.0,7.95,0.768,0.188,23.94,12.13,14.56,26.68,37.2,14.93
746378,2024-06-15,2024,668670,R,650556,R,field_out,False,False,99.0,0.223,33.0,33.33,3.0,3.03,0.646,0.16,35.47,16.53,18.97,35.5,25.99,31.13,259.0,0.215,84.0,32.43,20.0,7.72,0.676,0.18,31.32,14.43,18.81,33.23,22.13,28.38,71.0,0.125,29.0,40.85,6.0,8.45,0.445,0.10900000000000001,35.25,16.33,18.33,34.67,30.67,30.85,143.0,0.171,50.0,34.97,11.0,7.69,0.51,0.1,41.52,19.59,17.04,36.63,32.11,25.64
746378,2024-06-15,2024,656716,L,650556,R,field_out,False,False,103.0,0.204,28.0,27.18,8.0,7.77,0.573,0.097,27.64,13.35,16.99,30.34,29.56,22.22,475.0,0.23,109.0,22.95,38.0,8.0,0.653,0.1259999999999999,21.06,10.13,16.08,26.2,28.04,19.12,81.0,0.302,21.0,25.93,14.0,17.28,0.933,0.174,28.89,11.89,17.07,28.96,20.22,23.6,145.0,0.185,50.0,34.48,20.0,13.79,0.611,0.118,37.97,16.01,17.43,33.44,22.96,29.94
746378,2024-06-15,2024,663837,R,650556,R,field_out,False,False,162.0,0.253,37.0,22.84,9.0,5.56,0.7909999999999999,0.24,20.58,8.73,20.67,29.4,18.75,17.87,383.0,0.26,92.0,24.02,29.0,7.57,0.724,0.14,21.06,9.23,21.95,31.18,28.67,18.31,71.0,0.125,29.0,40.85,6.0,8.45,0.445,0.10900000000000001,35.25,16.33,18.33,34.67,30.67,30.85,143.0,0.171,50.0,34.97,11.0,7.69,0.51,0.1,41.52,19.59,17.04,36.63,32.11,25.64
746378,2024-06-15,2024,608324,R,689225,R,field_out,False,False,191.0,0.259,34.0,17.8,16.0,8.38,0.761,0.176,15.98,7.12,19.13,26.25,24.41,14.53,508.0,0.282,67.0,13.19,65.0,12.8,0.8500000000000001,0.186,14.53,5.58,19.65,25.23,16.96,12.88,34.0,0.172,5.0,14.71,3.0,8.82,0.44899999999999995,0.035,21.82,10.43,19.13,29.57,37.7,17.24,88.0,0.262,20.0,22.73,7.0,7.95,0.768,0.188,23.94,12.13,14.56,26.68,37.2,14.93
746378,2024-06-15,2024,670541,L,689225,R,strikeout,True,False,192.0,0.266,26.0,13.54,20.0,10.42,0.858,0.243,19.56,8.91,16.67,25.57,30.42,14.13,322.0,0.292,55.0,17.08,49.0,15.22,1.044,0.333,21.1,8.88,15.37,24.25,23.99,15.32,28.0,0.231,8.0,28.57,2.0,7.14,0.748,0.231,23.94,12.69,14.18,26.87,34.25,14.29,64.0,0.254,11.0,17.19,5.0,7.81,0.6679999999999999,0.1019999999999999,18.9,8.99,13.11,22.1,24.09,13.25
746378,2024-06-15,2024,665161,R,689225,R,field_out,False,False,204.0,0.286,39.0,19.12,9.0,4.41,0.6819999999999999,0.068,24.55,12.93,14.97,27.89,36.11,17.41,461.0,0.239,107.0,23.21,34.0,7.38,0.655,0.1089999999999999,30.36,15.5,13.92,29.42,35.52,20.7,34.0,0.172,5.0,14.71,3.0,8.82,0.44899999999999995,0.035,21.82,10.43,19.13,29.57,37.7,17.24,88.0,0.262,20.0,22.73,7.0,7.95,0.768,0.188,23.94,12.13,14.56,26.68,37.2,14.93
746378,2024-06-15,2024,682985,L,623352,L,field_out,False,False,67.0,0.177,18.0,26.87,4.0,5.97,0.5660000000000001,0.16200000000000003,24.41,11.27,20.36,31.64,24.58,18.37,93.0,0.279,30.0,32.26,7.0,7.53,0.6930000000000001,0.0809999999999999,30.96,15.64,16.92,32.56,32.98,21.74,24.0,0.095,12.0,50.0,2.0,8.33,0.357,0.095,41.82,22.12,13.46,35.58,34.62,35.29,47.0,0.231,16.0,34.04,6.0,12.77,0.589,0.0249999999999999,40.59,21.13,11.34,32.47,38.1,28.07
746378,2024-06-15,2024,672761,R,623352,L,field_out,False,False,46.0,0.302,10.0,21.74,3.0,6.52,0.79,0.14,14.13,7.22,13.89,21.11,34.69,16.95,,,,,,,,,,,,,,,99.0,0.22,35.0,35.35,8.0,8.08,0.6459999999999999,0.143,36.57,18.81,13.57,32.38,31.8,24.65,184.0,0.146,69.0,37.5,24.0,13.04,0.489,0.071,31.35,15.37,13.74,29.1,32.49,22.62
746378,2024-06-15,2024,592192,R,623352,L,strikeout,True,False,59.0,0.265,14.0,23.73,9.0,15.25,0.859,0.20399999999999996,25.69,10.14,19.93,30.07,18.05,14.14,168.0,0.264,23.0,13.69,21.0,12.5,0.825,0.2,17.23,7.09,21.84,28.93,23.86,9.54,99.0,0.22,35.0,35.35,8.0,8.08,0.6459999999999999,0.143,36.57,18.81,13.57,32.38,31.8,24.65,184.0,0.146,69.0,37.5,24.0,13.04,0.489,0.071,31.35,15.37,13.74,29.1,32.49,22.62
746134,2024-06-15,2024,672580,R,694813,R,field_out,False,False,257.0,0.249,45.0,17.51,20.0,7.78,0.649,0.09400000000000003,18.72,8.28,20.13,28.41,21.46,16.54,400.0,0.258,94.0,23.5,33.0,8.25,0.648,0.071,20.3,8.71,19.59,28.3,19.12,19.96,166.0,0.247,31.0,18.67,6.0,3.61,0.646,0.126,24.76,13.28,14.79,28.07,32.26,18.56,87.0,0.351,11.0,12.64,8.0,9.2,1.074,0.298,26.14,12.82,15.71,28.53,30.57,12.64
746134,2024-06-15,2024,677951,R,694813,R,field_out,False,False,264.0,0.332,43.0,16.29,21.0,7.95,0.953,0.23499999999999993,23.58,11.51,14.29,25.79,28.82,16.73,547.0,0.27,93.0,17.0,33.0,6.03,0.8,0.2149999999999999,22.15,10.87,15.53,26.4,29.62,14.44,166.0,0.247,31.0,18.67,6.0,3.61,0.646,0.126,24.76,13.28,14.79,28.07,32.26,18.56,87.0,0.351,11.0,12.64,8.0,9.2,1.074,0.298,26.14,12.82,15.71,28.53,30.57,12.64
746134,2024-06-15,2024,686469,L,694813,R,field_out,False,False,223.0,0.223,30.0,13.45,26.0,11.66,0.74,0.19699999999999998,13.28,5.89,15.89,21.78,27.37,12.66,188.0,0.251,23.0,12.23,15.0,7.98,0.784,0.217,14.85,7.02,17.48,24.5,34.8,10.0,140.0,0.228,25.0,17.86,17.0,12.14,0.622,0.07299999999999998,24.51,11.55,15.08,26.63,28.62,17.99,65.0,0.322,11.0,16.92,5.0,7.69,0.911,0.22,36.8,19.49,10.17,29.66,38.62,18.33
746134,2024-06-15,2024,605141,R,666142,L,field_out,False,False,97.0,0.299,8.0,8.25,10.0,10.31,0.819,0.14900000000000002,10.88,4.06,21.32,25.38,21.6,8.08,184.0,0.3,22.0,11.96,30.0,16.3,1.097,0.373,13.08,4.64,20.77,25.41,13.65,12.72,298.0,0.203,93.0,31.21,25.0,8.39,0.5800000000000001,0.10699999999999998,33.28,16.72,14.7,31.42,31.54,23.79,299.0,0.187,91.0,30.43,30.0,10.03,0.556,0.0979999999999999,31.59,15.63,14.33,29.96,29.28,22.58
746134,2024-06-15,2024,660271,L,666142,L,field_out,False,False,102.0,0.305,23.0,22.55,6.0,5.88,0.785,0.137,26.74,12.32,17.98,30.3,26.4,19.33,170.0,0.245,44.0,25.88,27.0,15.88,0.897,0.287,30.62,13.88,13.59,27.47,31.74,23.04,53.0,0.34,9.0,16.98,1.0,1.89,0.8049999999999999,0.09999999999999998,13.58,6.08,18.23,24.31,21.84,22.5,93.0,0.253,22.0,23.66,11.0,11.83,0.711,0.1139999999999999,29.07,14.04,14.33,28.37,23.95,20.56
746134,2024-06-15,2024,518692,L,666142,L,field_out,False,False,112.0,0.234,18.0,16.07,11.0,9.82,0.6950000000000001,0.12799999999999997,21.72,11.48,12.44,23.92,32.06,12.95,218.0,0.335,40.0,18.35,15.0,6.88,1.008,0.2739999999999999,21.54,11.31,11.07,22.38,26.41,16.0,53.0,0.34,9.0,16.98,1.0,1.89,0.8049999999999999,0.09999999999999998,13.58,6.08,18.23,24.31,21.84,22.5,93.0,0.253,22.0,23.66,11.0,11.83,0.711,0.1139999999999999,29.07,14.04,14.33,28.37,23.95,20.56
746134,2024-06-15,2024,521692,R,694813,R,field_out,False,False,215.0,0.295,37.0,17.21,18.0,8.37,0.874,0.20500000000000002,24.44,13.73,9.19,22.92,42.52,14.07,437.0,0.264,100.0,22.88,11.0,2.52,0.73,0.174,30.72,18.16,9.73,27.89,45.56,22.08,166.0,0.247,31.0,18.67,6.0,3.61,0.646,0.126,24.76,13.28,14.79,28.07,32.26,18.56,87.0,0.351,11.0,12.64,8.0,9.2,1.074,0.298,26.14,12.82,15.71,28.53,30.57,12.64
746134,2024-06-15,2024,624428,L,694813,R,field_out,False,False,130.0,0.219,24.0,18.46,14.0,10.77,0.64,0.10600000000000001,17.2,7.89,18.9,26.79,26.62,13.11,392.0,0.248,60.0,15.31,26.0,6.63,0.7090000000000001,0.158,19.43,9.43,17.73,27.16,29.49,14.18,140.0,0.228,25.0,17.86,17.0,12.14,0.622,0.07299999999999998,24.51,11.55,15.08,26.63,28.62,17.99,65.0,0.322,11.0,16.92,5.0,7.69,0.911,0.22,36.8,19.49,10.17,29.66,38.62,18.33
746134,2024-06-15,2024,679845,R,694813,R,strikeout,True,False,65.0,0.218,11.0,16.92,8.0,12.31,0.548,0.017999999999999988,19.79,8.3,19.21,27.51,23.33,16.92,44.0,0.279,7.0,15.91,1.0,2.27,0.667,0.0929999999999999,20.0,9.64,16.87,26.51,25.61,14.29,166.0,0.247,31.0,18.67,6.0,3.61,0.646,0.126,24.76,13.28,14.79,28.07,32.26,18.56,87.0,0.351,11.0,12.64,8.0,9.2,1.074,0.298,26.14,12.82,15.71,28.53,30.57,12.64
746134,2024-06-15,2024,669257,R,666142,L,field_out,False,False,71.0,0.383,8.0,11.27,10.0,14.08,1.182,0.33399999999999996,16.38,7.14,15.04,22.18,25.2,12.31,147.0,0.24,22.0,14.97,21.0,14.29,0.8,0.206,20.0,8.97,15.38,24.36,26.59,11.52,298.0,0.203,93.0,31.21,25.0,8.39,0.5800000000000001,0.10699999999999998,33.28,16.72,14.7,31.42,31.54,23.79,299.0,0.187,91.0,30.43,30.0,10.03,0.556,0.0979999999999999,31.59,15.63,14.33,29.96,29.28,22.58
746134,2024-06-15,2024,606192,R,666142,L,strikeout,True,False,78.0,0.27,21.0,26.92,4.0,5.13,0.9430000000000001,0.365,29.22,15.85,9.86,25.7,28.79,29.58,151.0,0.287,47.0,31.13,5.0,3.31,0.817,0.223,31.76,17.57,12.52,30.09,36.59,25.41,298.0,0.203,93.0,31.21,25.0,8.39,0.5800000000000001,0.10699999999999998,33.28,16.72,14.7,31.42,31.54,23.79,299.0,0.187,91.0,30.43,30.0,10.03,0.556,0.0979999999999999,31.59,15.63,14.33,29.96,29.28,22.58
746134,2024-06-15,2024,681624,R,666142,L,field_out,False,False,50.0,0.362,13.0,26.0,2.0,4.0,0.8480000000000001,0.10600000000000004,21.74,11.52,14.29,25.81,33.64,17.11,,,,,,,,,,,,,,,298.0,0.203,93.0,31.21,25.0,8.39,0.5800000000000001,0.10699999999999998,33.28,16.72,14.7,31.42,31.54,23.79,299.0,0.187,91.0,30.43,30.0,10.03,0.556,0.0979999999999999,31.59,15.63,14.33,29.96,29.28,22.58
746134,2024-06-15,2024,669004,L,694813,R,single,False,False,173.0,0.165,45.0,26.01,14.0,8.09,0.61,0.208,30.21,15.45,11.72,27.16,27.09,17.24,459.0,0.239,122.0,26.58,55.0,11.98,0.752,0.181,32.7,15.24,15.56,30.8,24.84,20.68,140.0,0.228,25.0,17.86,17.0,12.14,0.622,0.07299999999999998,24.51,11.55,15.08,26.63,28.62,17.99,65.0,0.322,11.0,16.92,5.0,7.69,0.911,0.22,36.8,19.49,10.17,29.66,38.62,18.33
746134,2024-06-15,2024,671221,L,694813,R,field_out,False,False,8.0,0.125,2.0,25.0,0.0,0.0,0.25,0.0,33.33,17.65,11.76,29.41,13.33,22.22,251.0,0.236,80.0,31.87,20.0,7.97,0.7070000000000001,0.164,32.23,16.65,13.42,30.07,31.53,25.08,140.0,0.228,25.0,17.86,17.0,12.14,0.622,0.07299999999999998,24.51,11.55,15.08,26.63,28.62,17.99,65.0,0.322,11.0,16.92,5.0,7.69,0.911,0.22,36.8,19.49,10.17,29.66,38.62,18.33
746134,2024-06-15,2024,664728,L,694813,R,field_out,False,False,163.0,0.228,25.0,15.34,10.0,6.13,0.637,0.13399999999999998,16.73,7.65,21.0,28.65,31.87,17.36,253.0,0.223,43.0,17.0,12.0,4.74,0.631,0.147,20.48,9.51,19.8,29.31,28.6,18.78,140.0,0.228,25.0,17.86,17.0,12.14,0.622,0.07299999999999998,24.51,11.55,15.08,26.63,28.62,17.99,65.0,0.322,11.0,16.92,5.0,7.69,0.911,0.22,36.8,19.49,10.17,29.66,38.62,18.33
746134,2024-06-15,2024,500743,R,666142,L,field_out,False,False,58.0,0.302,2.0,3.45,5.0,8.62,0.871,0.20700000000000002,12.12,5.53,13.82,19.35,24.78,3.45,145.0,0.286,12.0,8.28,8.0,5.52,0.7370000000000001,0.12,9.75,4.67,17.48,22.15,29.46,10.08,298.0,0.203,93.0,31.21,25.0,8.39,0.5800000000000001,0.10699999999999998,33.28,16.72,14.7,31.42,31.54,23.79,299.0,0.187,91.0,30.43,30.0,10.03,0.556,0.0979999999999999,31.59,15.63,14.33,29.96,29.28,22.58
746134,2024-06-15,2024,571771,R,666142,L,strikeout,True,False,68.0,0.242,11.0,16.18,5.0,7.35,0.702,0.16100000000000003,18.18,7.94,21.03,28.97,24.8,16.92,162.0,0.239,19.0,11.73,14.0,8.64,0.642,0.099,14.84,6.54,19.31,25.86,25.95,10.67,298.0,0.203,93.0,31.21,25.0,8.39,0.5800000000000001,0.10699999999999998,33.28,16.72,14.7,31.42,31.54,23.79,299.0,0.187,91.0,30.43,30.0,10.03,0.556,0.0979999999999999,31.59,15.63,14.33,29.96,29.28,22.58
746134,2024-06-15,2024,621035,R,666142,L,field_out,False,False,44.0,0.139,18.0,40.91,6.0,13.64,0.478,0.08299999999999999,40.0,19.69,9.33,29.02,20.0,28.57,162.0,0.21,59.0,36.42,19.0,11.73,0.7949999999999999,0.268,39.5,18.23,13.46,31.69,20.29,25.54,298.0,0.203,93.0,31.21,25.0,8.39,0.5800000000000001,0.10699999999999998,33.28,16.72,14.7,31.42,31.54,23.79,299.0,0.187,91.0,30.43,30.0,10.03,0.556,0.0979999999999999,31.59,15.63,14.33,29.96,29.28,22.58
746134,2024-06-15,2024,672580,R,694813,R,single,False,False,257.0,0.249,45.0,17.51,20.0,7.78,0.649,0.09400000000000003,18.72,8.28,20.13,28.41,21.46,16.54,400.0,0.258,94.0,23.5,33.0,8.25,0.648,0.071,20.3,8.71,19.59,28.3,19.12,19.96,166.0,0.247,31.0,18.67,6.0,3.61,0.646,0.126,24.76,13.28,14.79,28.07,32.26,18.56,87.0,0.351,11.0,12.64,8.0,9.2,1.074,0.298,26.14,12.82,15.71,28.53,30.57,12.64
746134,2024-06-15,2024,677951,R,694813,R,field_out,False,False,264.0,0.332,43.0,16.29,21.0,7.95,0.953,0.23499999999999993,23.58,11.51,14.29,25.79,28.82,16.73,547.0,0.27,93.0,17.0,33.0,6.03,0.8,0.2149999999999999,22.15,10.87,15.53,26.4,29.62,14.44,166.0,0.247,31.0,18.67,6.0,3.61,0.646,0.126,24.76,13.28,14.79,28.07,32.26,18.56,87.0,0.351,11.0,12.64,8.0,9.2,1.074,0.298,26.14,12.82,15.71,28.53,30.57,12.64
746134,2024-06-15,2024,686469,L,694813,R,walk,False,True,223.0,0.223,30.0,13.45,26.0,11.66,0.74,0.19699999999999998,13.28,5.89,15.89,21.78,27.37,12.66,188.0,0.251,23.0,12.23,15.0,7.98,0.784,0.217,14.85,7.02,17.48,24.5,34.8,10.0,140.0,0.228,25.0,17.86,17.0,12.14,0.622,0.07299999999999998,24.51,11.55,15.08,26.63,28.62,17.99,65.0,0.322,11.0,16.92,5.0,7.69,0.911,0.22,36.8,19.49,10.17,29.66,38.62,18.33
746134,2024-06-15,2024,521692,R,694813,R,home_run,False,False,215.0,0.295,37.0,17.21,18.0,8.37,0.874,0.20500000000000002,24.44,13.73,9.19,22.92,42.52,14.07,437.0,0.264,100.0,22.88,11.0,2.52,0.73,0.174,30.72,18.16,9.73,27.89,45.56,22.08,166.0,0.247,31.0,18.67,6.0,3.61,0.646,0.126,24.76,13.28,14.79,28.07,32.26,18.56,87.0,0.351,11.0,12.64,8.0,9.2,1.074,0.298,26.14,12.82,15.71,28.53,30.57,12.64
746134,2024-06-15,2024,624428,L,694813,R,field_out,False,False,130.0,0.219,24.0,18.46,14.0,10.77,0.64,0.10600000000000001,17.2,7.89,18.9,26.79,26.62,13.11,392.0,0.248,60.0,15.31,26.0,6.63,0.7090000000000001,0.158,19.43,9.43,17.73,27.16,29.49,14.18,140.0,0.228,25.0,17.86,17.0,12.14,0.622,0.07299999999999998,24.51,11.55,15.08,26.63,28.62,17.99,65.0,0.322,11.0,16.92,5.0,7.69,0.911,0.22,36.8,19.49,10.17,29.66,38.62,18.33
746134,2024-06-15,2024,679845,R,694813,R,strikeout,True,False,65.0,0.218,11.0,16.92,8.0,12.31,0.548,0.017999999999999988,19.79,8.3,19.21,27.51,23.33,16.92,44.0,0.279,7.0,15.91,1.0,2.27,0.667,0.0929999999999999,20.0,9.64,16.87,26.51,25.61,14.29,166.0,0.247,31.0,18.67,6.0,3.61,0.646,0.126,24.76,13.28,14.79,28.07,32.26,18.56,87.0,0.351,11.0,12.64,8.0,9.2,1.074,0.298,26.14,12.82,15.71,28.53,30.57,12.64
746134,2024-06-15,2024,605141,R,666142,L,field_out,False,False,97.0,0.299,8.0,8.25,10.0,10.31,0.819,0.14900000000000002,10.88,4.06,21.32,25.38,21.6,8.08,184.0,0.3,22.0,11.96,30.0,16.3,1.097,0.373,13.08,4.64,20.77,25.41,13.65,12.72,298.0,0.203,93.0,31.21,25.0,8.39,0.5800000000000001,0.10699999999999998,33.28,16.72,14.7,31.42,31.54,23.79,299.0,0.187,91.0,30.43,30.0,10.03,0.556,0.0979999999999999,31.59,15.63,14.33,29.96,29.28,22.58
746134,2024-06-15,2024,660271,L,666142,L,single,False,False,102.0,0.305,23.0,22.55,6.0,5.88,0.785,0.137,26.74,12.32,17.98,30.3,26.4,19.33,170.0,0.245,44.0,25.88,27.0,15.88,0.897,0.287,30.62,13.88,13.59,27.47,31.74,23.04,53.0,0.34,9.0,16.98,1.0,1.89,0.8049999999999999,0.09999999999999998,13.58,6.08,18.23,24.31,21.84,22.5,93.0,0.253,22.0,23.66,11.0,11.83,0.711,0.1139999999999999,29.07,14.04,14.33,28.37,23.95,20.56
746134,2024-06-15,2024,518692,L,666142,L,force_out,False,False,112.0,0.234,18.0,16.07,11.0,9.82,0.6950000000000001,0.12799999999999997,21.72,11.48,12.44,23.92,32.06,12.95,218.0,0.335,40.0,18.35,15.0,6.88,1.008,0.2739999999999999,21.54,11.31,11.07,22.38,26.41,16.0,53.0,0.34,9.0,16.98,1.0,1.89,0.8049999999999999,0.09999999999999998,13.58,6.08,18.23,24.31,21.84,22.5,93.0,0.253,22.0,23.66,11.0,11.83,0.711,0.1139999999999999,29.07,14.04,14.33,28.37,23.95,20.56
746134,2024-06-15,2024,669257,R,666142,L,field_out,False,False,71.0,0.383,8.0,11.27,10.0,14.08,1.182,0.33399999999999996,16.38,7.14,15.04,22.18,25.2,12.31,147.0,0.24,22.0,14.97,21.0,14.29,0.8,0.206,20.0,8.97,15.38,24.36,26.59,11.52,298.0,0.203,93.0,31.21,25.0,8.39,0.5800000000000001,0.10699999999999998,33.28,16.72,14.7,31.42,31.54,23.79,299.0,0.187,91.0,30.43,30.0,10.03,0.556,0.0979999999999999,31.59,15.63,14.33,29.96,29.28,22.58
746134,2024-06-15,2024,669004,L,694813,R,walk,False,True,173.0,0.165,45.0,26.01,14.0,8.09,0.61,0.208,30.21,15.45,11.72,27.16,27.09,17.24,459.0,0.239,122.0,26.58,55.0,11.98,0.752,0.181,32.7,15.24,15.56,30.8,24.84,20.68,140.0,0.228,25.0,17.86,17.0,12.14,0.622,0.07299999999999998,24.51,11.55,15.08,26.63,28.62,17.99,65.0,0.322,11.0,16.92,5.0,7.69,0.911,0.22,36.8,19.49,10.17,29.66,38.62,18.33
746134,2024-06-15,2024,671221,L,694813,R,field_out,False,False,8.0,0.125,2.0,25.0,0.0,0.0,0.25,0.0,33.33,17.65,11.76,29.41,13.33,22.22,251.0,0.236,80.0,31.87,20.0,7.97,0.7070000000000001,0.164,32.23,16.65,13.42,30.07,31.53,25.08,140.0,0.228,25.0,17.86,17.0,12.14,0.622,0.07299999999999998,24.51,11.55,15.08,26.63,28.62,17.99,65.0,0.322,11.0,16.92,5.0,7.69,0.911,0.22,36.8,19.49,10.17,29.66,38.62,18.33
746134,2024-06-15,2024,664728,L,694813,R,force_out,False,False,163.0,0.228,25.0,15.34,10.0,6.13,0.637,0.13399999999999998,16.73,7.65,21.0,28.65,31.87,17.36,253.0,0.223,43.0,17.0,12.0,4.74,0.631,0.147,20.48,9.51,19.8,29.31,28.6,18.78,140.0,0.228,25.0,17.86,17.0,12.14,0.622,0.07299999999999998,24.51,11.55,15.08,26.63,28.62,17.99,65.0,0.322,11.0,16.92,5.0,7.69,0.911,0.22,36.8,19.49,10.17,29.66,38.62,18.33
746134,2024-06-15,2024,672580,R,694813,R,single,False,False,257.0,0.249,45.0,17.51,20.0,7.78,0.649,0.09400000000000003,18.72,8.28,20.13,28.41,21.46,16.54,400.0,0.258,94.0,23.5,33.0,8.25,0.648,0.071,20.3,8.71,19.59,28.3,19.12,19.96,166.0,0.247,31.0,18.67,6.0,3.61,0.646,0.126,24.76,13.28,14.79,28.07,32.26,18.56,87.0,0.351,11.0,12.64,8.0,9.2,1.074,0.298,26.14,12.82,15.71,28.53,30.57,12.64
746134,2024-06-15,2024,677951,R,694813,R,field_out,False,False,264.0,0.332,43.0,16.29,21.0,7.95,0.953,0.23499999999999993,23.58,11.51,14.29,25.79,28.82,16.73,547.0,0.27,93.0,17.0,33.0,6.03,0.8,0.2149999999999999,22.15,10.87,15.53,26.4,29.62,14.44,166.0,0.247,31.0,18.67,6.0,3.61,0.646,0.126,24.76,13.28,14.79,28.07,32.26,18.56,87.0,0.351,11.0,12.64,8.0,9.2,1.074,0.298,26.14,12.82,15.71,28.53,30.57,12.64
746134,2024-06-15,2024,606192,R,666142,L,strikeout,True,False,78.0,0.27,21.0,26.92,4.0,5.13,0.9430000000000001,0.365,29.22,15.85,9.86,25.7,28.79,29.58,151.0,0.287,47.0,31.13,5.0,3.31,0.817,0.223,31.76,17.57,12.52,30.09,36.59,25.41,298.0,0.203,93.0,31.21,25.0,8.39,0.5800000000000001,0.10699999999999998,33.28,16.72,14.7,31.42,31.54,23.79,299.0,0.187,91.0,30.43,30.0,10.03,0.556,0.0979999999999999,31.59,15.63,14.33,29.96,29.28,22.58
746134,2024-06-15,2024,681624,R,666142,L,single,False,False,50.0,0.362,13.0,26.0,2.0,4.0,0.8480000000000001,0.10600000000000004,21.74,11.52,14.29,25.81,33.64,17.11,,,,,,,,,,,,,,,298.0,0.203,93.0,31.21,25.0,8.39,0.5800000000000001,0.10699999999999998,33.28,16.72,14.7,31.42,31.54,23.79,299.0,0.187,91.0,30.43,30.0,10.03,0.556,0.0979999999999999,31.59,15.63,14.33,29.96,29.28,22.58
746134,2024-06-15,2024,500743,R,666142,L,home_run,False,False,58.0,0.302,2.0,3.45,5.0,8.62,0.871,0.20700000000000002,12.12,5.53,13.82,19.35,24.78,3.45,145.0,0.286,12.0,8.28,8.0,5.52,0.7370000000000001,0.12,9.75,4.67,17.48,22.15,29.46,10.08,298.0,0.203,93.0,31.21,25.0,8.39,0.5800000000000001,0.10699999999999998,33.28,16.72,14.7,31.42,31.54,23.79,299.0,0.187,91.0,30.43,30.0,10.03,0.556,0.0979999999999999,31.59,15.63,14.33,29.96,29.28,22.58
746134,2024-06-15,2024,571771,R,666142,L,field_out,False,False,68.0,0.242,11.0,16.18,5.0,7.35,0.702,0.16100000000000003,18.18,7.94,21.03,28.97,24.8,16.92,162.0,0.239,19.0,11.73,14.0,8.64,0.642,0.099,14.84,6.54,19.31,25.86,25.95,10.67,298.0,0.203,93.0,31.21,25.0,8.39,0.5800000000000001,0.10699999999999998,33.28,16.72,14.7,31.42,31.54,23.79,299.0,0.187,91.0,30.43,30.0,10.03,0.556,0.0979999999999999,31.59,15.63,14.33,29.96,29.28,22.58
746134,2024-06-15,2024,621035,R,666142,L,home_run,False,False,44.0,0.139,18.0,40.91,6.0,13.64,0.478,0.08299999999999999,40.0,19.69,9.33,29.02,20.0,28.57,162.0,0.21,59.0,36.42,19.0,11.73,0.7949999999999999,0.268,39.5,18.23,13.46,31.69,20.29,25.54,298.0,0.203,93.0,31.21,25.0,8.39,0.5800000000000001,0.10699999999999998,33.28,16.72,14.7,31.42,31.54,23.79,299.0,0.187,91.0,30.43,30.0,10.03,0.556,0.0979999999999999,31.59,15.63,14.33,29.96,29.28,22.58
746134,2024-06-15,2024,605141,R,666142,L,strikeout,True,False,97.0,0.299,8.0,8.25,10.0,10.31,0.819,0.14900000000000002,10.88,4.06,21.32,25.38,21.6,8.08,184.0,0.3,22.0,11.96,30.0,16.3,1.097,0.373,13.08,4.64,20.77,25.41,13.65,12.72,298.0,0.203,93.0,31.21,25.0,8.39,0.5800000000000001,0.10699999999999998,33.28,16.72,14.7,31.42,31.54,23.79,299.0,0.187,91.0,30.43,30.0,10.03,0.556,0.0979999999999999,31.59,15.63,14.33,29.96,29.28,22.58
746134,2024-06-15,2024,686469,L,694813,R,field_out,False,False,223.0,0.223,30.0,13.45,26.0,11.66,0.74,0.19699999999999998,13.28,5.89,15.89,21.78,27.37,12.66,188.0,0.251,23.0,12.23,15.0,7.98,0.784,0.217,14.85,7.02,17.48,24.5,34.8,10.0,140.0,0.228,25.0,17.86,17.0,12.14,0.622,0.07299999999999998,24.51,11.55,15.08,26.63,28.62,17.99,65.0,0.322,11.0,16.92,5.0,7.69,0.911,0.22,36.8,19.49,10.17,29.66,38.62,18.33
746134,2024-06-15,2024,521692,R,694813,R,field_out,False,False,215.0,0.295,37.0,17.21,18.0,8.37,0.874,0.20500000000000002,24.44,13.73,9.19,22.92,42.52,14.07,437.0,0.264,100.0,22.88,11.0,2.52,0.73,0.174,30.72,18.16,9.73,27.89,45.56,22.08,166.0,0.247,31.0,18.67,6.0,3.61,0.646,0.126,24.76,13.28,14.79,28.07,32.26,18.56,87.0,0.351,11.0,12.64,8.0,9.2,1.074,0.298,26.14,12.82,15.71,28.53,30.57,12.64
746134,2024-06-15,2024,624428,L,694813,R,strikeout,True,False,130.0,0.219,24.0,18.46,14.0,10.77,0.64,0.10600000000000001,17.2,7.89,18.9,26.79,26.62,13.11,392.0,0.248,60.0,15.31,26.0,6.63,0.7090000000000001,0.158,19.43,9.43,17.73,27.16,29.49,14.18,140.0,0.228,25.0,17.86,17.0,12.14,0.622,0.07299999999999998,24.51,11.55,15.08,26.63,28.62,17.99,65.0,0.322,11.0,16.92,5.0,7.69,0.911,0.22,36.8,19.49,10.17,29.66,38.62,18.33
746134,2024-06-15,2024,660271,L,666142,L,single,False,False,102.0,0.305,23.0,22.55,6.0,5.88,0.785,0.137,26.74,12.32,17.98,30.3,26.4,19.33,170.0,0.245,44.0,25.88,27.0,15.88,0.897,0.287,30.62,13.88,13.59,27.47,31.74,23.04,53.0,0.34,9.0,16.98,1.0,1.89,0.8049999999999999,0.09999999999999998,13.58,6.08,18.23,24.31,21.84,22.5,93.0,0.253,22.0,23.66,11.0,11.83,0.711,0.1139999999999999,29.07,14.04,14.33,28.37,23.95,20.56
746134,2024-06-15,2024,518692,L,666142,L,field_out,False,False,112.0,0.234,18.0,16.07,11.0,9.82,0.6950000000000001,0.12799999999999997,21.72,11.48,12.44,23.92,32.06,12.95,218.0,0.335,40.0,18.35,15.0,6.88,1.008,0.2739999999999999,21.54,11.31,11.07,22.38,26.41,16.0,53.0,0.34,9.0,16.98,1.0,1.89,0.8049999999999999,0.09999999999999998,13.58,6.08,18.23,24.31,21.84,22.5,93.0,0.253,22.0,23.66,11.0,11.83,0.711,0.1139999999999999,29.07,14.04,14.33,28.37,23.95,20.56
746134,2024-06-15,2024,669257,R,666142,L,grounded_into_double_play,False,False,71.0,0.383,8.0,11.27,10.0,14.08,1.182,0.33399999999999996,16.38,7.14,15.04,22.18,25.2,12.31,147.0,0.24,22.0,14.97,21.0,14.29,0.8,0.206,20.0,8.97,15.38,24.36,26.59,11.52,298.0,0.203,93.0,31.21,25.0,8.39,0.5800000000000001,0.10699999999999998,33.28,16.72,14.7,31.42,31.54,23.79,299.0,0.187,91.0,30.43,30.0,10.03,0.556,0.0979999999999999,31.59,15.63,14.33,29.96,29.28,22.58
746134,2024-06-15,2024,679845,R,694813,R,field_out,False,False,65.0,0.218,11.0,16.92,8.0,12.31,0.548,0.017999999999999988,19.79,8.3,19.21,27.51,23.33,16.92,44.0,0.279,7.0,15.91,1.0,2.27,0.667,0.0929999999999999,20.0,9.64,16.87,26.51,25.61,14.29,166.0,0.247,31.0,18.67,6.0,3.61,0.646,0.126,24.76,13.28,14.79,28.07,32.26,18.56,87.0,0.351,11.0,12.64,8.0,9.2,1.074,0.298,26.14,12.82,15.71,28.53,30.57,12.64
746134,2024-06-15,2024,669004,L,694813,R,field_out,False,False,173.0,0.165,45.0,26.01,14.0,8.09,0.61,0.208,30.21,15.45,11.72,27.16,27.09,17.24,459.0,0.239,122.0,26.58,55.0,11.98,0.752,0.181,32.7,15.24,15.56,30.8,24.84,20.68,140.0,0.228,25.0,17.86,17.0,12.14,0.622,0.07299999999999998,24.51,11.55,15.08,26.63,28.62,17.99,65.0,0.322,11.0,16.92,5.0,7.69,0.911,0.22,36.8,19.49,10.17,29.66,38.62,18.33
746134,2024-06-15,2024,671221,L,694813,R,field_out,False,False,8.0,0.125,2.0,25.0,0.0,0.0,0.25,0.0,33.33,17.65,11.76,29.41,13.33,22.22,251.0,0.236,80.0,31.87,20.0,7.97,0.7070000000000001,0.164,32.23,16.65,13.42,30.07,31.53,25.08,140.0,0.228,25.0,17.86,17.0,12.14,0.622,0.07299999999999998,24.51,11.55,15.08,26.63,28.62,17.99,65.0,0.322,11.0,16.92,5.0,7.69,0.911,0.22,36.8,19.49,10.17,29.66,38.62,18.33
746134,2024-06-15,2024,606192,R,666142,L,walk,False,True,78.0,0.27,21.0,26.92,4.0,5.13,0.9430000000000001,0.365,29.22,15.85,9.86,25.7,28.79,29.58,151.0,0.287,47.0,31.13,5.0,3.31,0.817,0.223,31.76,17.57,12.52,30.09,36.59,25.41,298.0,0.203,93.0,31.21,25.0,8.39,0.5800000000000001,0.10699999999999998,33.28,16.72,14.7,31.42,31.54,23.79,299.0,0.187,91.0,30.43,30.0,10.03,0.556,0.0979999999999999,31.59,15.63,14.33,29.96,29.28,22.58
746134,2024-06-15,2024,681624,R,666142,L,double_play,False,False,50.0,0.362,13.0,26.0,2.0,4.0,0.8480000000000001,0.10600000000000004,21.74,11.52,14.29,25.81,33.64,17.11,,,,,,,,,,,,,,,298.0,0.203,93.0,31.21,25.0,8.39,0.5800000000000001,0.10699999999999998,33.28,16.72,14.7,31.42,31.54,23.79,299.0,0.187,91.0,30.43,30.0,10.03,0.556,0.0979999999999999,31.59,15.63,14.33,29.96,29.28,22.58
746134,2024-06-15,2024,500743,R,666142,L,single,False,False,58.0,0.302,2.0,3.45,5.0,8.62,0.871,0.20700000000000002,12.12,5.53,13.82,19.35,24.78,3.45,145.0,0.286,12.0,8.28,8.0,5.52,0.7370000000000001,0.12,9.75,4.67,17.48,22.15,29.46,10.08,298.0,0.203,93.0,31.21,25.0,8.39,0.5800000000000001,0.10699999999999998,33.28,16.72,14.7,31.42,31.54,23.79,299.0,0.187,91.0,30.43,30.0,10.03,0.556,0.0979999999999999,31.59,15.63,14.33,29.96,29.28,22.58
746134,2024-06-15,2024,571771,R,666142,L,field_out,False,False,68.0,0.242,11.0,16.18,5.0,7.35,0.702,0.16100000000000003,18.18,7.94,21.03,28.97,24.8,16.92,162.0,0.239,19.0,11.73,14.0,8.64,0.642,0.099,14.84,6.54,19.31,25.86,25.95,10.67,298.0,0.203,93.0,31.21,25.0,8.39,0.5800000000000001,0.10699999999999998,33.28,16.72,14.7,31.42,31.54,23.79,299.0,0.187,91.0,30.43,30.0,10.03,0.556,0.0979999999999999,31.59,15.63,14.33,29.96,29.28,22.58
746134,2024-06-15,2024,664728,L,543339,R,field_out,False,False,163.0,0.228,25.0,15.34,10.0,6.13,0.637,0.13399999999999998,16.73,7.65,21.0,28.65,31.87,17.36,253.0,0.223,43.0,17.0,12.0,4.74,0.631,0.147,20.48,9.51,19.8,29.31,28.6,18.78,50.0,0.16,16.0,32.0,0.0,0.0,0.48,0.16,30.25,16.74,12.09,28.84,23.96,19.28,5.0,0.0,2.0,40.0,2.0,40.0,0.4,0.0,50.0,21.74,8.7,30.43,8.33,20.0
746134,2024-06-15,2024,672580,R,543339,R,strikeout,True,False,257.0,0.249,45.0,17.51,20.0,7.78,0.649,0.09400000000000003,18.72,8.28,20.13,28.41,21.46,16.54,400.0,0.258,94.0,23.5,33.0,8.25,0.648,0.071,20.3,8.71,19.59,28.3,19.12,19.96,46.0,0.209,12.0,26.09,3.0,6.52,0.61,0.13999999999999999,34.94,15.85,15.85,31.69,27.72,23.53,9.0,0.25,3.0,33.33,1.0,11.11,0.708,0.125,28.57,14.63,9.76,24.39,30.43,21.43
746134,2024-06-15,2024,677951,R,543339,R,field_out,False,False,264.0,0.332,43.0,16.29,21.0,7.95,0.953,0.23499999999999993,23.58,11.51,14.29,25.79,28.82,16.73,547.0,0.27,93.0,17.0,33.0,6.03,0.8,0.2149999999999999,22.15,10.87,15.53,26.4,29.62,14.44,46.0,0.209,12.0,26.09,3.0,6.52,0.61,0.13999999999999999,34.94,15.85,15.85,31.69,27.72,23.53,9.0,0.25,3.0,33.33,1.0,11.11,0.708,0.125,28.57,14.63,9.76,24.39,30.43,21.43
746134,2024-06-15,2024,621035,R,519293,L,strikeout,True,False,44.0,0.139,18.0,40.91,6.0,13.64,0.478,0.08299999999999999,40.0,19.69,9.33,29.02,20.0,28.57,162.0,0.21,59.0,36.42,19.0,11.73,0.7949999999999999,0.268,39.5,18.23,13.46,31.69,20.29,25.54,60.0,0.353,7.0,11.67,7.0,11.67,0.97,0.17600000000000005,23.91,10.78,14.22,25.0,22.68,16.67,161.0,0.224,36.0,22.36,13.0,8.07,0.683,0.171,26.4,12.8,16.48,29.28,32.28,20.34
746134,2024-06-15,2024,605141,R,519293,L,single,False,False,97.0,0.299,8.0,8.25,10.0,10.31,0.819,0.14900000000000002,10.88,4.06,21.32,25.38,21.6,8.08,184.0,0.3,22.0,11.96,30.0,16.3,1.097,0.373,13.08,4.64,20.77,25.41,13.65,12.72,60.0,0.353,7.0,11.67,7.0,11.67,0.97,0.17600000000000005,23.91,10.78,14.22,25.0,22.68,16.67,161.0,0.224,36.0,22.36,13.0,8.07,0.683,0.171,26.4,12.8,16.48,29.28,32.28,20.34
746134,2024-06-15,2024,660271,L,519293,L,field_out,False,False,102.0,0.305,23.0,22.55,6.0,5.88,0.785,0.137,26.74,12.32,17.98,30.3,26.4,19.33,170.0,0.245,44.0,25.88,27.0,15.88,0.897,0.287,30.62,13.88,13.59,27.47,31.74,23.04,36.0,0.147,10.0,27.78,1.0,2.78,0.34299999999999997,0.028999999999999998,31.82,14.38,19.18,33.56,32.0,23.26,66.0,0.177,19.0,28.79,4.0,6.06,0.453,0.049,34.85,17.97,15.23,33.2,37.14,21.95
746134,2024-06-15,2024,518692,L,519293,L,single,False,False,112.0,0.234,18.0,16.07,11.0,9.82,0.6950000000000001,0.12799999999999997,21.72,11.48,12.44,23.92,32.06,12.95,218.0,0.335,40.0,18.35,15.0,6.88,1.008,0.2739999999999999,21.54,11.31,11.07,22.38,26.41,16.0,36.0,0.147,10.0,27.78,1.0,2.78,0.34299999999999997,0.028999999999999998,31.82,14.38,19.18,33.56,32.0,23.26,66.0,0.177,19.0,28.79,4.0,6.06,0.453,0.049,34.85,17.97,15.23,33.2,37.14,21.95
746134,2024-06-15,2024,669257,R,608717,R,strikeout,True,False,174.0,0.239,31.0,17.82,12.0,6.9,0.6990000000000001,0.16100000000000003,18.99,9.26,15.26,24.52,27.52,13.3,407.0,0.268,67.0,16.46,42.0,10.32,0.7949999999999999,0.1659999999999999,19.27,8.8,16.84,25.64,24.5,12.79,79.0,0.152,18.0,22.78,10.0,12.66,0.5720000000000001,0.151,27.82,12.21,15.84,28.05,23.08,26.87,234.0,0.242,46.0,19.66,11.0,4.7,0.679,0.158,22.17,11.23,16.08,27.31,29.37,16.37
746134,2024-06-15,2024,686469,L,681911,L,field_out,False,False,53.0,0.292,6.0,11.32,1.0,1.89,0.74,0.14600000000000002,19.61,9.62,18.75,28.37,33.33,9.38,72.0,0.233,8.0,11.11,10.0,13.89,0.697,0.1169999999999999,25.44,10.86,18.35,29.21,25.19,14.29,41.0,0.108,9.0,21.95,2.0,4.88,0.364,0.081,25.0,12.42,15.03,27.45,26.39,16.36,93.0,0.279,31.0,33.33,6.0,6.45,0.7170000000000001,0.1049999999999999,35.26,18.31,12.57,30.87,30.39,26.27
746134,2024-06-15,2024,666023,R,681911,L,field_out,False,False,43.0,0.341,6.0,13.95,2.0,4.65,0.835,0.122,28.41,15.92,12.74,28.66,32.88,12.0,66.0,0.262,14.0,21.21,4.0,6.06,0.777,0.197,25.18,13.78,11.42,25.2,29.37,17.28,74.0,0.1,31.0,41.89,12.0,16.22,0.46399999999999997,0.11699999999999999,36.54,17.76,14.02,31.78,31.06,31.31,124.0,0.25,33.0,26.61,11.0,8.87,0.761,0.188,26.34,12.8,14.4,27.2,26.36,20.75
746134,2024-06-15,2024,676369,R,681911,L,single,False,False,66.0,0.246,18.0,27.27,8.0,12.12,0.734,0.14,34.88,16.54,12.87,29.41,23.24,21.43,54.0,0.184,15.0,27.78,5.0,9.26,0.708,0.265,29.81,14.62,15.57,30.19,30.09,20.0,74.0,0.1,31.0,41.89,12.0,16.22,0.46399999999999997,0.11699999999999999,36.54,17.76,14.02,31.78,31.06,31.31,124.0,0.25,33.0,26.61,11.0,8.87,0.761,0.188,26.34,12.8,14.4,27.2,26.36,20.75
746134,2024-06-15,2024,679845,R,681911,L,field_out,False,False,24.0,0.368,2.0,8.33,3.0,12.5,0.8260000000000001,0.0,10.53,4.71,15.29,20.0,26.53,9.09,24.0,0.421,5.0,20.83,3.0,12.5,1.079,0.1579999999999999,24.32,10.71,14.29,25.0,18.18,26.32,74.0,0.1,31.0,41.89,12.0,16.22,0.46399999999999997,0.11699999999999999,36.54,17.76,14.02,31.78,31.06,31.31,124.0,0.25,33.0,26.61,11.0,8.87,0.761,0.188,26.34,12.8,14.4,27.2,26.36,20.75
744839,2024-06-16,2024,665862,L,680730,L,single,False,False,98.0,0.253,25.0,25.51,6.0,6.12,0.702,0.14300000000000002,27.51,13.0,16.5,29.5,30.05,18.25,94.0,0.172,27.0,28.72,6.0,6.38,0.479,0.081,39.88,19.01,18.18,37.19,30.36,25.23,65.0,0.274,13.0,20.0,3.0,4.62,0.727,0.14499999999999996,20.35,10.41,18.1,28.51,22.09,22.41,,,,,,,,,,,,,,
744839,2024-06-16,2024,669394,R,680730,L,field_out,False,False,67.0,0.194,13.0,19.4,4.0,5.97,0.481,0.04799999999999999,25.76,13.6,15.6,29.2,41.41,17.57,139.0,0.26,37.0,26.62,9.0,6.47,0.907,0.3229999999999999,32.62,17.56,12.21,29.77,35.74,24.5,184.0,0.207,33.0,17.93,12.0,6.52,0.5860000000000001,0.11800000000000002,21.79,11.13,15.69,26.82,32.16,16.26,,,,,,,,,,,,,,
744839,2024-06-16,2024,650559,R,680730,L,strikeout,True,False,103.0,0.278,25.0,24.27,4.0,3.88,0.7030000000000001,0.11399999999999999,28.91,16.22,12.23,28.46,32.6,26.32,154.0,0.277,35.0,22.73,11.0,7.14,0.708,0.1059999999999999,27.76,13.7,15.51,29.21,33.53,19.77,184.0,0.207,33.0,17.93,12.0,6.52,0.5860000000000001,0.11800000000000002,21.79,11.13,15.69,26.82,32.16,16.26,,,,,,,,,,,,,,
744839,2024-06-16,2024,605137,R,680730,L,field_out,False,False,101.0,0.18,15.0,14.85,11.0,10.89,0.593,0.14600000000000002,23.6,10.03,15.83,25.86,27.91,17.65,186.0,0.265,41.0,22.04,24.0,12.9,0.854,0.2289999999999999,28.46,13.82,12.89,26.71,26.88,18.81,184.0,0.207,33.0,17.93,12.0,6.52,0.5860000000000001,0.11800000000000002,21.79,11.13,15.69,26.82,32.16,16.26,,,,,,,,,,,,,,
744839,2024-06-16,2024,682928,L,666200,L,field_out,False,False,82.0,0.329,17.0,20.73,2.0,2.44,0.9239999999999999,0.24099999999999994,25.61,13.91,15.56,29.47,38.24,17.17,170.0,0.166,40.0,23.53,8.0,4.71,0.512,0.106,24.68,12.36,17.24,29.59,32.89,21.74,45.0,0.293,13.0,28.89,4.0,8.89,0.893,0.24400000000000005,36.9,18.02,15.12,33.14,29.47,26.0,159.0,0.215,51.0,32.08,7.0,4.4,0.6000000000000001,0.121,34.87,16.38,18.39,34.78,33.13,25.63
744839,2024-06-16,2024,657041,R,666200,L,home_run,False,False,57.0,0.327,7.0,12.28,5.0,8.77,0.903,0.183,16.67,7.26,17.95,25.21,22.95,9.21,192.0,0.331,33.0,17.19,13.0,6.77,0.948,0.2419999999999999,14.83,6.49,18.37,24.86,23.4,17.65,210.0,0.232,43.0,20.48,15.0,7.14,0.651,0.12599999999999997,29.54,14.61,14.73,29.34,30.35,17.41,582.0,0.246,157.0,26.98,48.0,8.25,0.742,0.184,30.43,14.87,14.91,29.78,30.81,21.14
744839,2024-06-16,2024,608841,R,666200,L,strikeout,True,False,78.0,0.174,18.0,23.08,6.0,7.69,0.49,0.07200000000000001,25.69,12.94,16.08,29.02,37.5,21.69,188.0,0.291,33.0,17.55,10.0,5.32,0.771,0.143,23.12,11.37,16.16,27.53,33.86,14.29,210.0,0.232,43.0,20.48,15.0,7.14,0.651,0.12599999999999997,29.54,14.61,14.73,29.34,30.35,17.41,582.0,0.246,157.0,26.98,48.0,8.25,0.742,0.184,30.43,14.87,14.91,29.78,30.81,21.14
744839,2024-06-16,2024,669222,R,666200,L,walk,False,True,52.0,0.239,8.0,15.38,6.0,11.54,0.827,0.261,16.85,7.61,17.26,24.87,26.32,13.79,126.0,0.347,23.0,18.25,8.0,6.35,1.008,0.272,15.6,7.66,16.89,24.55,26.51,19.66,210.0,0.232,43.0,20.48,15.0,7.14,0.651,0.12599999999999997,29.54,14.61,14.73,29.34,30.35,17.41,582.0,0.246,157.0,26.98,48.0,8.25,0.742,0.184,30.43,14.87,14.91,29.78,30.81,21.14
744839,2024-06-16,2024,545121,R,666200,L,force_out,False,False,58.0,0.34,9.0,15.52,4.0,6.9,0.8500000000000001,0.11299999999999999,17.71,7.94,17.76,25.7,29.73,15.79,108.0,0.291,9.0,8.33,4.0,3.7,0.8,0.185,11.41,5.43,19.64,25.06,34.21,8.49,210.0,0.232,43.0,20.48,15.0,7.14,0.651,0.12599999999999997,29.54,14.61,14.73,29.34,30.35,17.41,582.0,0.246,157.0,26.98,48.0,8.25,0.742,0.184,30.43,14.87,14.91,29.78,30.81,21.14
744839,2024-06-16,2024,660821,L,680730,L,field_error,False,False,30.0,0.103,7.0,23.33,0.0,0.0,0.206,0.0,31.03,20.22,11.24,31.46,50.0,26.92,50.0,0.213,15.0,30.0,2.0,4.0,0.5640000000000001,0.106,36.46,18.82,18.82,37.63,40.62,23.73,65.0,0.274,13.0,20.0,3.0,4.62,0.727,0.14499999999999996,20.35,10.41,18.1,28.51,22.09,22.41,,,,,,,,,,,,,,
744839,2024-06-16,2024,641313,R,680730,L,field_out,False,False,77.0,0.264,23.0,29.87,5.0,6.49,0.5900000000000001,0.014000000000000012,34.07,19.94,11.9,31.83,41.25,20.54,130.0,0.304,27.0,20.77,5.0,3.85,0.7150000000000001,0.08,23.36,13.11,11.89,25.0,33.47,17.65,184.0,0.207,33.0,17.93,12.0,6.52,0.5860000000000001,0.11800000000000002,21.79,11.13,15.69,26.82,32.16,16.26,,,,,,,,,,,,,,
744839,2024-06-16,2024,672640,R,680730,L,field_out,False,False,36.0,0.2,6.0,16.67,0.0,0.0,0.486,0.08599999999999997,20.0,13.56,11.86,25.42,55.93,13.95,,,,,,,,,,,,,,,184.0,0.207,33.0,17.93,12.0,6.52,0.5860000000000001,0.11800000000000002,21.79,11.13,15.69,26.82,32.16,16.26,,,,,,,,,,,,,,
744839,2024-06-16,2024,656896,R,680730,L,field_out,False,False,62.0,0.224,15.0,24.19,3.0,4.84,0.533,0.035,27.12,13.91,15.22,29.13,36.0,18.99,100.0,0.289,16.0,16.0,7.0,7.0,0.7110000000000001,0.089,21.88,10.45,14.18,24.63,29.33,14.68,184.0,0.207,33.0,17.93,12.0,6.52,0.5860000000000001,0.11800000000000002,21.79,11.13,15.69,26.82,32.16,16.26,,,,,,,,,,,,,,
744839,2024-06-16,2024,660688,R,666200,L,double,False,False,48.0,0.159,7.0,14.58,2.0,4.17,0.435,0.068,15.22,7.82,19.55,27.37,45.26,13.46,159.0,0.289,10.0,6.29,6.0,3.77,0.73,0.114,12.6,6.29,17.14,23.43,36.59,8.85,210.0,0.232,43.0,20.48,15.0,7.14,0.651,0.12599999999999997,29.54,14.61,14.73,29.34,30.35,17.41,582.0,0.246,157.0,26.98,48.0,8.25,0.742,0.184,30.43,14.87,14.91,29.78,30.81,21.14
744839,2024-06-16,2024,671277,L,666200,L,fielders_choice_out,False,False,44.0,0.195,11.0,25.0,3.0,6.82,0.494,0.04899999999999999,26.19,12.94,17.06,30.0,35.48,21.57,129.0,0.261,16.0,12.4,4.0,3.1,0.668,0.134,18.96,9.55,16.71,26.25,27.88,16.49,45.0,0.293,13.0,28.89,4.0,8.89,0.893,0.24400000000000005,36.9,18.02,15.12,33.14,29.47,26.0,159.0,0.215,51.0,32.08,7.0,4.4,0.6000000000000001,0.121,34.87,16.38,18.39,34.78,33.13,25.63
744839,2024-06-16,2024,696285,R,666200,L,single,False,False,64.0,0.3,11.0,17.19,2.0,3.12,0.694,0.04999999999999999,15.62,6.33,22.36,28.69,20.95,16.67,28.0,0.2,5.0,17.86,3.0,10.71,0.5660000000000001,0.08,20.0,9.24,20.17,29.41,29.63,13.16,210.0,0.232,43.0,20.48,15.0,7.14,0.651,0.12599999999999997,29.54,14.61,14.73,29.34,30.35,17.41,582.0,0.246,157.0,26.98,48.0,8.25,0.742,0.184,30.43,14.87,14.91,29.78,30.81,21.14
744839,2024-06-16,2024,702358,R,666200,L,field_out,False,False,41.0,0.154,7.0,17.07,1.0,2.44,0.374,0.024999999999999994,18.99,9.09,15.15,24.24,21.05,17.5,,,,,,,,,,,,,,,210.0,0.232,43.0,20.48,15.0,7.14,0.651,0.12599999999999997,29.54,14.61,14.73,29.34,30.35,17.41,582.0,0.246,157.0,26.98,48.0,8.25,0.742,0.184,30.43,14.87,14.91,29.78,30.81,21.14
744839,2024-06-16,2024,663743,R,680730,L,field_out,False,False,46.0,0.133,5.0,10.87,1.0,2.17,0.32999999999999996,0.044999999999999984,13.16,7.04,15.49,22.54,32.35,17.86,84.0,0.316,11.0,13.1,3.0,3.57,0.854,0.184,12.5,6.01,14.49,20.49,25.87,17.46,184.0,0.207,33.0,17.93,12.0,6.52,0.5860000000000001,0.11800000000000002,21.79,11.13,15.69,26.82,32.16,16.26,,,,,,,,,,,,,,
744839,2024-06-16,2024,665862,L,680730,L,strikeout,True,False,98.0,0.253,25.0,25.51,6.0,6.12,0.702,0.14300000000000002,27.51,13.0,16.5,29.5,30.05,18.25,94.0,0.172,27.0,28.72,6.0,6.38,0.479,0.081,39.88,19.01,18.18,37.19,30.36,25.23,65.0,0.274,13.0,20.0,3.0,4.62,0.727,0.14499999999999996,20.35,10.41,18.1,28.51,22.09,22.41,,,,,,,,,,,,,,
744839,2024-06-16,2024,669394,R,680730,L,field_out,False,False,67.0,0.194,13.0,19.4,4.0,5.97,0.481,0.04799999999999999,25.76,13.6,15.6,29.2,41.41,17.57,139.0,0.26,37.0,26.62,9.0,6.47,0.907,0.3229999999999999,32.62,17.56,12.21,29.77,35.74,24.5,184.0,0.207,33.0,17.93,12.0,6.52,0.5860000000000001,0.11800000000000002,21.79,11.13,15.69,26.82,32.16,16.26,,,,,,,,,,,,,,
744839,2024-06-16,2024,682928,L,666200,L,walk,False,True,82.0,0.329,17.0,20.73,2.0,2.44,0.9239999999999999,0.24099999999999994,25.61,13.91,15.56,29.47,38.24,17.17,170.0,0.166,40.0,23.53,8.0,4.71,0.512,0.106,24.68,12.36,17.24,29.59,32.89,21.74,45.0,0.293,13.0,28.89,4.0,8.89,0.893,0.24400000000000005,36.9,18.02,15.12,33.14,29.47,26.0,159.0,0.215,51.0,32.08,7.0,4.4,0.6000000000000001,0.121,34.87,16.38,18.39,34.78,33.13,25.63
744839,2024-06-16,2024,657041,R,666200,L,strikeout,True,False,57.0,0.327,7.0,12.28,5.0,8.77,0.903,0.183,16.67,7.26,17.95,25.21,22.95,9.21,192.0,0.331,33.0,17.19,13.0,6.77,0.948,0.2419999999999999,14.83,6.49,18.37,24.86,23.4,17.65,210.0,0.232,43.0,20.48,15.0,7.14,0.651,0.12599999999999997,29.54,14.61,14.73,29.34,30.35,17.41,582.0,0.246,157.0,26.98,48.0,8.25,0.742,0.184,30.43,14.87,14.91,29.78,30.81,21.14
744839,2024-06-16,2024,608841,R,666200,L,grounded_into_double_play,False,False,78.0,0.174,18.0,23.08,6.0,7.69,0.49,0.07200000000000001,25.69,12.94,16.08,29.02,37.5,21.69,188.0,0.291,33.0,17.55,10.0,5.32,0.771,0.143,23.12,11.37,16.16,27.53,33.86,14.29,210.0,0.232,43.0,20.48,15.0,7.14,0.651,0.12599999999999997,29.54,14.61,14.73,29.34,30.35,17.41,582.0,0.246,157.0,26.98,48.0,8.25,0.742,0.184,30.43,14.87,14.91,29.78,30.81,21.14
744839,2024-06-16,2024,650559,R,680730,L,field_out,False,False,103.0,0.278,25.0,24.27,4.0,3.88,0.7030000000000001,0.11399999999999999,28.91,16.22,12.23,28.46,32.6,26.32,154.0,0.277,35.0,22.73,11.0,7.14,0.708,0.1059999999999999,27.76,13.7,15.51,29.21,33.53,19.77,184.0,0.207,33.0,17.93,12.0,6.52,0.5860000000000001,0.11800000000000002,21.79,11.13,15.69,26.82,32.16,16.26,,,,,,,,,,,,,,
744839,2024-06-16,2024,605137,R,680730,L,single,False,False,101.0,0.18,15.0,14.85,11.0,10.89,0.593,0.14600000000000002,23.6,10.03,15.83,25.86,27.91,17.65,186.0,0.265,41.0,22.04,24.0,12.9,0.854,0.2289999999999999,28.46,13.82,12.89,26.71,26.88,18.81,184.0,0.207,33.0,17.93,12.0,6.52,0.5860000000000001,0.11800000000000002,21.79,11.13,15.69,26.82,32.16,16.26,,,,,,,,,,,,,,
744839,2024-06-16,2024,660821,L,680730,L,strikeout,True,False,30.0,0.103,7.0,23.33,0.0,0.0,0.206,0.0,31.03,20.22,11.24,31.46,50.0,26.92,50.0,0.213,15.0,30.0,2.0,4.0,0.5640000000000001,0.106,36.46,18.82,18.82,37.63,40.62,23.73,65.0,0.274,13.0,20.0,3.0,4.62,0.727,0.14499999999999996,20.35,10.41,18.1,28.51,22.09,22.41,,,,,,,,,,,,,,
744839,2024-06-16,2024,641313,R,680730,L,strikeout,True,False,77.0,0.264,23.0,29.87,5.0,6.49,0.5900000000000001,0.014000000000000012,34.07,19.94,11.9,31.83,41.25,20.54,130.0,0.304,27.0,20.77,5.0,3.85,0.7150000000000001,0.08,23.36,13.11,11.89,25.0,33.47,17.65,184.0,0.207,33.0,17.93,12.0,6.52,0.5860000000000001,0.11800000000000002,21.79,11.13,15.69,26.82,32.16,16.26,,,,,,,,,,,,,,
744839,2024-06-16,2024,669222,R,666200,L,walk,False,True,52.0,0.239,8.0,15.38,6.0,11.54,0.827,0.261,16.85,7.61,17.26,24.87,26.32,13.79,126.0,0.347,23.0,18.25,8.0,6.35,1.008,0.272,15.6,7.66,16.89,24.55,26.51,19.66,210.0,0.232,43.0,20.48,15.0,7.14,0.651,0.12599999999999997,29.54,14.61,14.73,29.34,30.35,17.41,582.0,0.246,157.0,26.98,48.0,8.25,0.742,0.184,30.43,14.87,14.91,29.78,30.81,21.14
744839,2024-06-16,2024,545121,R,666200,L,field_out,False,False,58.0,0.34,9.0,15.52,4.0,6.9,0.8500000000000001,0.11299999999999999,17.71,7.94,17.76,25.7,29.73,15.79,108.0,0.291,9.0,8.33,4.0,3.7,0.8,0.185,11.41,5.43,19.64,25.06,34.21,8.49,210.0,0.232,43.0,20.48,15.0,7.14,0.651,0.12599999999999997,29.54,14.61,14.73,29.34,30.35,17.41,582.0,0.246,157.0,26.98,48.0,8.25,0.742,0.184,30.43,14.87,14.91,29.78,30.81,21.14
744839,2024-06-16,2024,660688,R,666200,L,single,False,False,48.0,0.159,7.0,14.58,2.0,4.17,0.435,0.068,15.22,7.82,19.55,27.37,45.26,13.46,159.0,0.289,10.0,6.29,6.0,3.77,0.73,0.114,12.6,6.29,17.14,23.43,36.59,8.85,210.0,0.232,43.0,20.48,15.0,7.14,0.651,0.12599999999999997,29.54,14.61,14.73,29.34,30.35,17.41,582.0,0.246,157.0,26.98,48.0,8.25,0.742,0.184,30.43,14.87,14.91,29.78,30.81,21.14
744839,2024-06-16,2024,671277,L,666200,L,grounded_into_double_play,False,False,44.0,0.195,11.0,25.0,3.0,6.82,0.494,0.04899999999999999,26.19,12.94,17.06,30.0,35.48,21.57,129.0,0.261,16.0,12.4,4.0,3.1,0.668,0.134,18.96,9.55,16.71,26.25,27.88,16.49,45.0,0.293,13.0,28.89,4.0,8.89,0.893,0.24400000000000005,36.9,18.02,15.12,33.14,29.47,26.0,159.0,0.215,51.0,32.08,7.0,4.4,0.6000000000000001,0.121,34.87,16.38,18.39,34.78,33.13,25.63
744839,2024-06-16,2024,672640,R,680730,L,field_out,False,False,36.0,0.2,6.0,16.67,0.0,0.0,0.486,0.08599999999999997,20.0,13.56,11.86,25.42,55.93,13.95,,,,,,,,,,,,,,,184.0,0.207,33.0,17.93,12.0,6.52,0.5860000000000001,0.11800000000000002,21.79,11.13,15.69,26.82,32.16,16.26,,,,,,,,,,,,,,
744839,2024-06-16,2024,656896,R,680730,L,double,False,False,62.0,0.224,15.0,24.19,3.0,4.84,0.533,0.035,27.12,13.91,15.22,29.13,36.0,18.99,100.0,0.289,16.0,16.0,7.0,7.0,0.7110000000000001,0.089,21.88,10.45,14.18,24.63,29.33,14.68,184.0,0.207,33.0,17.93,12.0,6.52,0.5860000000000001,0.11800000000000002,21.79,11.13,15.69,26.82,32.16,16.26,,,,,,,,,,,,,,
744839,2024-06-16,2024,663743,R,680730,L,field_out,False,False,46.0,0.133,5.0,10.87,1.0,2.17,0.32999999999999996,0.044999999999999984,13.16,7.04,15.49,22.54,32.35,17.86,84.0,0.316,11.0,13.1,3.0,3.57,0.854,0.184,12.5,6.01,14.49,20.49,25.87,17.46,184.0,0.207,33.0,17.93,12.0,6.52,0.5860000000000001,0.11800000000000002,21.79,11.13,15.69,26.82,32.16,16.26,,,,,,,,,,,,,,
744839,2024-06-16,2024,665862,L,680730,L,single,False,False,98.0,0.253,25.0,25.51,6.0,6.12,0.702,0.14300000000000002,27.51,13.0,16.5,29.5,30.05,18.25,94.0,0.172,27.0,28.72,6.0,6.38,0.479,0.081,39.88,19.01,18.18,37.19,30.36,25.23,65.0,0.274,13.0,20.0,3.0,4.62,0.727,0.14499999999999996,20.35,10.41,18.1,28.51,22.09,22.41,,,,,,,,,,,,,,
744839,2024-06-16,2024,669394,R,680730,L,force_out,False,False,67.0,0.194,13.0,19.4,4.0,5.97,0.481,0.04799999999999999,25.76,13.6,15.6,29.2,41.41,17.57,139.0,0.26,37.0,26.62,9.0,6.47,0.907,0.3229999999999999,32.62,17.56,12.21,29.77,35.74,24.5,184.0,0.207,33.0,17.93,12.0,6.52,0.5860000000000001,0.11800000000000002,21.79,11.13,15.69,26.82,32.16,16.26,,,,,,,,,,,,,,
744839,2024-06-16,2024,696285,R,666200,L,home_run,False,False,64.0,0.3,11.0,17.19,2.0,3.12,0.694,0.04999999999999999,15.62,6.33,22.36,28.69,20.95,16.67,28.0,0.2,5.0,17.86,3.0,10.71,0.5660000000000001,0.08,20.0,9.24,20.17,29.41,29.63,13.16,210.0,0.232,43.0,20.48,15.0,7.14,0.651,0.12599999999999997,29.54,14.61,14.73,29.34,30.35,17.41,582.0,0.246,157.0,26.98,48.0,8.25,0.742,0.184,30.43,14.87,14.91,29.78,30.81,21.14
744839,2024-06-16,2024,702358,R,666200,L,field_out,False,False,41.0,0.154,7.0,17.07,1.0,2.44,0.374,0.024999999999999994,18.99,9.09,15.15,24.24,21.05,17.5,,,,,,,,,,,,,,,210.0,0.232,43.0,20.48,15.0,7.14,0.651,0.12599999999999997,29.54,14.61,14.73,29.34,30.35,17.41,582.0,0.246,157.0,26.98,48.0,8.25,0.742,0.184,30.43,14.87,14.91,29.78,30.81,21.14
744839,2024-06-16,2024,682928,L,666200,L,field_out,False,False,82.0,0.329,17.0,20.73,2.0,2.44,0.9239999999999999,0.24099999999999994,25.61,13.91,15.56,29.47,38.24,17.17,170.0,0.166,40.0,23.53,8.0,4.71,0.512,0.106,24.68,12.36,17.24,29.59,32.89,21.74,45.0,0.293,13.0,28.89,4.0,8.89,0.893,0.24400000000000005,36.9,18.02,15.12,33.14,29.47,26.0,159.0,0.215,51.0,32.08,7.0,4.4,0.6000000000000001,0.121,34.87,16.38,18.39,34.78,33.13,25.63
744839,2024-06-16,2024,657041,R,666200,L,field_out,False,False,57.0,0.327,7.0,12.28,5.0,8.77,0.903,0.183,16.67,7.26,17.95,25.21,22.95,9.21,192.0,0.331,33.0,17.19,13.0,6.77,0.948,0.2419999999999999,14.83,6.49,18.37,24.86,23.4,17.65,210.0,0.232,43.0,20.48,15.0,7.14,0.651,0.12599999999999997,29.54,14.61,14.73,29.34,30.35,17.41,582.0,0.246,157.0,26.98,48.0,8.25,0.742,0.184,30.43,14.87,14.91,29.78,30.81,21.14
744839,2024-06-16,2024,650559,R,680730,L,field_out,False,False,103.0,0.278,25.0,24.27,4.0,3.88,0.7030000000000001,0.11399999999999999,28.91,16.22,12.23,28.46,32.6,26.32,154.0,0.277,35.0,22.73,11.0,7.14,0.708,0.1059999999999999,27.76,13.7,15.51,29.21,33.53,19.77,184.0,0.207,33.0,17.93,12.0,6.52,0.5860000000000001,0.11800000000000002,21.79,11.13,15.69,26.82,32.16,16.26,,,,,,,,,,,,,,
744839,2024-06-16,2024,605137,R,680730,L,single,False,False,101.0,0.18,15.0,14.85,11.0,10.89,0.593,0.14600000000000002,23.6,10.03,15.83,25.86,27.91,17.65,186.0,0.265,41.0,22.04,24.0,12.9,0.854,0.2289999999999999,28.46,13.82,12.89,26.71,26.88,18.81,184.0,0.207,33.0,17.93,12.0,6.52,0.5860000000000001,0.11800000000000002,21.79,11.13,15.69,26.82,32.16,16.26,,,,,,,,,,,,,,
744839,2024-06-16,2024,660821,L,680730,L,field_out,False,False,30.0,0.103,7.0,23.33,0.0,0.0,0.206,0.0,31.03,20.22,11.24,31.46,50.0,26.92,50.0,0.213,15.0,30.0,2.0,4.0,0.5640000000000001,0.106,36.46,18.82,18.82,37.63,40.62,23.73,65.0,0.274,13.0,20.0,3.0,4.62,0.727,0.14499999999999996,20.35,10.41,18.1,28.51,22.09,22.41,,,,,,,,,,,,,,
744839,2024-06-16,2024,641313,R,680730,L,single,False,False,77.0,0.264,23.0,29.87,5.0,6.49,0.5900000000000001,0.014000000000000012,34.07,19.94,11.9,31.83,41.25,20.54,130.0,0.304,27.0,20.77,5.0,3.85,0.7150000000000001,0.08,23.36,13.11,11.89,25.0,33.47,17.65,184.0,0.207,33.0,17.93,12.0,6.52,0.5860000000000001,0.11800000000000002,21.79,11.13,15.69,26.82,32.16,16.26,,,,,,,,,,,,,,
744839,2024-06-16,2024,672640,R,680730,L,field_out,False,False,36.0,0.2,6.0,16.67,0.0,0.0,0.486,0.08599999999999997,20.0,13.56,11.86,25.42,55.93,13.95,,,,,,,,,,,,,,,184.0,0.207,33.0,17.93,12.0,6.52,0.5860000000000001,0.11800000000000002,21.79,11.13,15.69,26.82,32.16,16.26,,,,,,,,,,,,,,
744839,2024-06-16,2024,608841,R,669622,R,single,False,False,167.0,0.277,28.0,16.77,12.0,7.19,0.7050000000000001,0.09499999999999997,20.25,10.24,12.96,23.2,28.16,15.3,471.0,0.268,97.0,20.59,28.0,5.94,0.7030000000000001,0.12,23.85,11.18,18.94,30.12,30.48,17.38,73.0,0.258,19.0,26.03,4.0,5.48,0.708,0.121,25.53,10.98,21.65,32.62,29.19,15.83,,,,,,,,,,,,,,
744839,2024-06-16,2024,669222,R,669622,R,force_out,False,False,130.0,0.22,33.0,25.38,19.0,14.62,0.6990000000000001,0.13799999999999998,28.44,12.68,17.59,30.27,22.13,25.38,205.0,0.164,51.0,24.88,18.0,8.78,0.497,0.093,25.27,12.43,15.64,28.07,26.72,23.15,73.0,0.258,19.0,26.03,4.0,5.48,0.708,0.121,25.53,10.98,21.65,32.62,29.19,15.83,,,,,,,,,,,,,,
744839,2024-06-16,2024,545121,L,669622,R,double,False,False,87.0,0.243,5.0,5.75,9.0,10.34,0.617,0.056999999999999995,10.24,4.3,20.86,25.17,24.0,7.46,179.0,0.226,11.0,6.15,15.0,8.38,0.58,0.0629999999999999,13.38,5.9,20.34,26.24,25.61,7.28,46.0,0.263,9.0,19.57,7.0,15.22,0.786,0.132,22.67,9.39,17.13,26.52,26.88,16.67,,,,,,,,,,,,,,
744839,2024-06-16,2024,660688,L,669622,R,field_out,False,False,138.0,0.208,18.0,13.04,3.0,2.17,0.5469999999999999,0.1,12.92,6.8,17.11,23.9,37.05,16.07,403.0,0.249,48.0,11.91,25.0,6.2,0.712,0.1629999999999999,14.96,7.67,15.92,23.59,36.49,14.77,46.0,0.263,9.0,19.57,7.0,15.22,0.786,0.132,22.67,9.39,17.13,26.52,26.88,16.67,,,,,,,,,,,,,,
744839,2024-06-16,2024,671277,L,640462,L,field_out,False,False,44.0,0.195,11.0,25.0,3.0,6.82,0.494,0.04899999999999999,26.19,12.94,17.06,30.0,35.48,21.57,129.0,0.261,16.0,12.4,4.0,3.1,0.668,0.134,18.96,9.55,16.71,26.25,27.88,16.49,35.0,0.312,6.0,17.14,3.0,8.57,0.871,0.188,15.79,7.14,19.84,26.98,25.93,19.35,76.0,0.197,29.0,38.16,2.0,2.63,0.5780000000000001,0.141,33.08,15.03,23.78,38.81,33.07,30.85
744839,2024-06-16,2024,656896,R,571882,R,strikeout,True,False,65.0,0.185,16.0,24.62,8.0,12.31,0.53,0.037000000000000005,31.4,14.23,15.36,29.59,26.0,17.2,185.0,0.246,40.0,21.62,15.0,8.11,0.651,0.1009999999999999,29.38,13.47,17.14,30.61,25.67,18.1,109.0,0.306,18.0,16.51,5.0,4.59,0.792,0.15300000000000002,24.32,12.64,14.61,27.25,33.33,20.0,128.0,0.234,24.0,18.75,12.0,9.38,0.6799999999999999,0.1259999999999999,31.08,15.73,12.1,27.82,32.58,15.38
744839,2024-06-16,2024,663743,R,571882,R,field_out,False,False,90.0,0.179,11.0,12.22,3.0,3.33,0.487,0.08300000000000002,9.7,4.15,21.09,25.24,23.18,14.1,241.0,0.165,48.0,19.92,14.0,5.81,0.46,0.064,18.93,8.36,19.79,28.15,25.54,22.43,109.0,0.306,18.0,16.51,5.0,4.59,0.792,0.15300000000000002,24.32,12.64,14.61,27.25,33.33,20.0,128.0,0.234,24.0,18.75,12.0,9.38,0.6799999999999999,0.1259999999999999,31.08,15.73,12.1,27.82,32.58,15.38
744839,2024-06-16,2024,665862,L,571882,R,field_out,False,False,188.0,0.259,44.0,23.4,17.0,9.04,0.789,0.2,28.18,13.14,13.66,26.8,30.22,20.18,290.0,0.275,91.0,31.38,20.0,6.9,0.8540000000000001,0.25,35.14,15.36,16.88,32.24,26.1,27.41,65.0,0.193,23.0,35.38,8.0,12.31,0.5549999999999999,0.07,32.84,15.12,15.81,30.93,34.32,23.23,113.0,0.245,21.0,18.58,14.0,12.39,0.712,0.122,22.33,9.87,16.31,26.18,24.79,14.19
744839,2024-06-16,2024,696285,R,640462,L,strikeout,True,False,64.0,0.3,11.0,17.19,2.0,3.12,0.694,0.04999999999999999,15.62,6.33,22.36,28.69,20.95,16.67,28.0,0.2,5.0,17.86,3.0,10.71,0.5660000000000001,0.08,20.0,9.24,20.17,29.41,29.63,13.16,90.0,0.254,13.0,14.44,17.0,18.89,0.841,0.183,22.22,9.63,16.84,26.47,25.13,11.3,166.0,0.261,49.0,29.52,11.0,6.63,0.765,0.197,33.03,16.05,18.42,34.47,27.76,21.88
744839,2024-06-16,2024,702358,R,640462,L,single,False,False,41.0,0.154,7.0,17.07,1.0,2.44,0.374,0.024999999999999994,18.99,9.09,15.15,24.24,21.05,17.5,,,,,,,,,,,,,,,90.0,0.254,13.0,14.44,17.0,18.89,0.841,0.183,22.22,9.63,16.84,26.47,25.13,11.3,166.0,0.261,49.0,29.52,11.0,6.63,0.765,0.197,33.03,16.05,18.42,34.47,27.76,21.88
744839,2024-06-16,2024,682928,L,640462,L,single,False,False,82.0,0.329,17.0,20.73,2.0,2.44,0.9239999999999999,0.24099999999999994,25.61,13.91,15.56,29.47,38.24,17.17,170.0,0.166,40.0,23.53,8.0,4.71,0.512,0.106,24.68,12.36,17.24,29.59,32.89,21.74,35.0,0.312,6.0,17.14,3.0,8.57,0.871,0.188,15.79,7.14,19.84,26.98,25.93,19.35,76.0,0.197,29.0,38.16,2.0,2.63,0.5780000000000001,0.141,33.08,15.03,23.78,38.81,33.07,30.85
744839,2024-06-16,2024,657041,R,686539,R,strikeout,True,False,124.0,0.198,30.0,24.19,10.0,8.06,0.591,0.135,21.11,8.62,21.97,30.6,19.92,20.13,490.0,0.242,143.0,29.18,23.0,4.69,0.719,0.185,26.09,11.34,20.58,31.92,28.6,24.48,94.0,0.25,23.0,24.47,8.0,8.51,0.5920000000000001,0.01200000000000001,31.79,15.58,13.88,29.46,25.86,23.71,27.0,0.095,6.0,22.22,4.0,14.81,0.534,0.143,23.53,10.81,15.32,26.13,33.33,16.22
744839,2024-06-16,2024,669394,R,571882,R,field_out,False,False,133.0,0.256,37.0,27.82,7.0,5.26,0.733,0.184,27.46,14.38,16.74,31.12,38.84,28.03,402.0,0.247,112.0,27.86,23.0,5.72,0.8,0.249,34.59,18.69,13.25,31.93,39.43,23.09,109.0,0.306,18.0,16.51,5.0,4.59,0.792,0.15300000000000002,24.32,12.64,14.61,27.25,33.33,20.0,128.0,0.234,24.0,18.75,12.0,9.38,0.6799999999999999,0.1259999999999999,31.08,15.73,12.1,27.82,32.58,15.38
744839,2024-06-16,2024,650559,R,571882,R,single,False,False,193.0,0.223,51.0,26.42,16.0,8.29,0.713,0.19999999999999998,32.48,16.41,13.95,30.36,31.44,23.18,473.0,0.251,107.0,22.62,29.0,6.13,0.717,0.1689999999999999,28.95,14.54,15.93,30.47,34.61,18.71,109.0,0.306,18.0,16.51,5.0,4.59,0.792,0.15300000000000002,24.32,12.64,14.61,27.25,33.33,20.0,128.0,0.234,24.0,18.75,12.0,9.38,0.6799999999999999,0.1259999999999999,31.08,15.73,12.1,27.82,32.58,15.38
744839,2024-06-16,2024,605137,L,571882,R,force_out,False,False,193.0,0.264,39.0,20.21,11.0,5.7,0.716,0.127,30.0,16.17,10.18,26.35,29.53,23.75,432.0,0.239,93.0,21.53,39.0,9.03,0.6970000000000001,0.148,24.59,11.57,13.95,25.52,28.11,20.58,65.0,0.193,23.0,35.38,8.0,12.31,0.5549999999999999,0.07,32.84,15.12,15.81,30.93,34.32,23.23,113.0,0.245,21.0,18.58,14.0,12.39,0.712,0.122,22.33,9.87,16.31,26.18,24.79,14.19
744839,2024-06-16,2024,667472,R,676395,L,strikeout,True,False,43.0,0.216,14.0,32.56,2.0,4.65,0.7070000000000001,0.18900000000000003,29.69,12.67,24.67,37.33,25.81,28.57,20.0,0.4,4.0,20.0,0.0,0.0,0.9,0.0999999999999999,30.0,13.24,20.59,33.82,28.12,25.0,54.0,0.327,15.0,27.78,4.0,7.41,0.806,0.10199999999999998,26.47,13.3,16.75,30.05,31.73,26.79,76.0,0.246,23.0,30.26,7.0,9.21,0.6639999999999999,0.1019999999999999,26.51,13.41,14.63,28.05,35.12,17.83
744839,2024-06-16,2024,608841,R,686539,R,field_out,False,False,167.0,0.277,28.0,16.77,12.0,7.19,0.7050000000000001,0.09499999999999997,20.25,10.24,12.96,23.2,28.16,15.3,471.0,0.268,97.0,20.59,28.0,5.94,0.7030000000000001,0.12,23.85,11.18,18.94,30.12,30.48,17.38,94.0,0.25,23.0,24.47,8.0,8.51,0.5920000000000001,0.01200000000000001,31.79,15.58,13.88,29.46,25.86,23.71,27.0,0.095,6.0,22.22,4.0,14.81,0.534,0.143,23.53,10.81,15.32,26.13,33.33,16.22
744839,2024-06-16,2024,669222,R,686539,R,field_out,False,False,130.0,0.22,33.0,25.38,19.0,14.62,0.6990000000000001,0.13799999999999998,28.44,12.68,17.59,30.27,22.13,25.38,205.0,0.164,51.0,24.88,18.0,8.78,0.497,0.093,25.27,12.43,15.64,28.07,26.72,23.15,94.0,0.25,23.0,24.47,8.0,8.51,0.5920000000000001,0.01200000000000001,31.79,15.58,13.88,29.46,25.86,23.71,27.0,0.095,6.0,22.22,4.0,14.81,0.534,0.143,23.53,10.81,15.32,26.13,33.33,16.22
744839,2024-06-16,2024,545121,L,686539,R,field_out,False,False,87.0,0.243,5.0,5.75,9.0,10.34,0.617,0.056999999999999995,10.24,4.3,20.86,25.17,24.0,7.46,179.0,0.226,11.0,6.15,15.0,8.38,0.58,0.0629999999999999,13.38,5.9,20.34,26.24,25.61,7.28,44.0,0.306,7.0,15.91,6.0,13.64,0.742,0.027000000000000024,19.18,9.52,14.29,23.81,31.25,19.44,24.0,0.429,2.0,8.33,3.0,12.5,1.262,0.333,6.45,2.44,19.51,21.95,10.53,7.14
744839,2024-06-16,2024,641313,R,640448,R,field_out,False,False,116.0,0.186,34.0,29.31,2.0,1.72,0.404,0.017999999999999988,30.38,15.65,15.65,31.3,36.6,22.97,396.0,0.226,95.0,23.99,21.0,5.3,0.538,0.04,26.05,13.64,14.67,28.31,36.05,20.88,60.0,0.148,11.0,18.33,6.0,10.0,0.548,0.167,20.0,10.73,13.73,24.46,23.66,14.67,157.0,0.27,36.0,22.93,7.0,4.46,0.772,0.196,25.88,13.73,13.9,27.63,28.08,18.95
744839,2024-06-16,2024,672640,R,640448,R,double,False,False,86.0,0.312,14.0,16.28,5.0,5.81,0.7949999999999999,0.13,21.66,11.37,13.71,25.08,30.61,17.5,,,,,,,,,,,,,,,60.0,0.148,11.0,18.33,6.0,10.0,0.548,0.167,20.0,10.73,13.73,24.46,23.66,14.67,157.0,0.27,36.0,22.93,7.0,4.46,0.772,0.196,25.88,13.73,13.9,27.63,28.08,18.95
744839,2024-06-16,2024,624503,L,640448,R,field_out,False,False,161.0,0.232,36.0,22.36,7.0,4.35,0.62,0.12599999999999997,30.11,18.18,10.12,28.3,44.73,19.35,83.0,0.16,10.0,12.05,1.0,1.2,0.48,0.149,20.99,12.19,10.39,22.58,38.35,12.82,52.0,0.149,19.0,36.54,4.0,7.69,0.552,0.19100000000000003,30.84,15.49,17.37,32.86,33.33,24.36,131.0,0.232,27.0,20.61,17.0,12.98,0.6990000000000001,0.1339999999999999,23.4,10.42,17.23,27.65,20.92,17.09
744839,2024-06-16,2024,660644,L,640448,R,strikeout,True,False,96.0,0.253,16.0,16.67,7.0,7.29,0.6910000000000001,0.11499999999999999,24.31,12.61,12.89,25.5,23.6,15.38,63.0,0.196,17.0,26.98,4.0,6.35,0.494,0.036,25.62,13.36,13.79,27.16,31.45,26.98,52.0,0.149,19.0,36.54,4.0,7.69,0.552,0.19100000000000003,30.84,15.49,17.37,32.86,33.33,24.36,131.0,0.232,27.0,20.61,17.0,12.98,0.6990000000000001,0.1339999999999999,23.4,10.42,17.23,27.65,20.92,17.09
744926,2024-06-16,2024,680757,L,621244,R,single,False,False,133.0,0.359,9.0,6.77,12.0,9.02,0.9650000000000001,0.17900000000000005,7.14,2.95,22.4,25.34,19.4,6.52,494.0,0.272,52.0,10.53,50.0,10.12,0.73,0.1119999999999999,10.22,4.19,22.03,26.23,20.67,8.84,161.0,0.175,33.0,20.5,15.0,9.32,0.615,0.182,22.34,9.63,19.11,28.75,27.27,17.28,407.0,0.261,97.0,23.83,31.0,7.62,0.773,0.189,27.03,12.19,17.64,29.83,27.76,22.0
744926,2024-06-16,2024,671289,R,621244,R,single,False,False,167.0,0.234,24.0,14.37,11.0,6.59,0.6759999999999999,0.12499999999999997,16.55,7.68,19.2,26.88,29.15,15.38,89.0,0.266,17.0,19.1,6.0,6.74,0.656,0.076,20.13,9.22,18.73,27.95,29.94,17.0,181.0,0.287,31.0,17.13,7.0,3.87,0.767,0.15000000000000002,19.43,9.41,19.75,29.17,33.33,15.9,376.0,0.22,87.0,23.14,21.0,5.59,0.6160000000000001,0.121,23.87,11.4,19.26,30.66,33.81,21.64
744926,2024-06-16,2024,665926,L,621244,R,force_out,False,False,193.0,0.254,29.0,15.03,11.0,5.7,0.661,0.09299999999999997,24.52,13.58,11.98,25.57,37.14,11.97,419.0,0.243,86.0,20.53,24.0,5.73,0.712,0.162,26.46,14.29,12.8,27.09,38.97,17.27,161.0,0.175,33.0,20.5,15.0,9.32,0.615,0.182,22.34,9.63,19.11,28.75,27.27,17.28,407.0,0.261,97.0,23.83,31.0,7.62,0.773,0.189,27.03,12.19,17.64,29.83,27.76,22.0
744926,2024-06-16,2024,647304,L,621244,R,field_out,False,False,191.0,0.248,26.0,13.61,20.0,10.47,0.8440000000000001,0.261,20.57,10.57,9.99,20.56,33.15,14.29,348.0,0.311,53.0,15.23,25.0,7.18,0.851,0.184,21.29,11.96,9.18,21.15,41.36,16.99,161.0,0.175,33.0,20.5,15.0,9.32,0.615,0.182,22.34,9.63,19.11,28.75,27.27,17.28,407.0,0.261,97.0,23.83,31.0,7.62,0.773,0.189,27.03,12.19,17.64,29.83,27.76,22.0
744926,2024-06-16,2024,686823,L,621244,R,field_out,False,False,173.0,0.244,21.0,12.14,14.0,8.09,0.7030000000000001,0.14700000000000002,18.24,9.76,11.54,21.3,32.36,13.55,369.0,0.279,45.0,12.2,14.0,3.79,0.6930000000000001,0.0999999999999999,17.97,10.23,12.48,22.71,38.5,12.47,161.0,0.175,33.0,20.5,15.0,9.32,0.615,0.182,22.34,9.63,19.11,28.75,27.27,17.28,407.0,0.261,97.0,23.83,31.0,7.62,0.773,0.189,27.03,12.19,17.64,29.83,27.76,22.0
744926,2024-06-16,2024,687462,L,594902,R,single,False,False,23.0,0.368,3.0,13.04,3.0,13.04,0.876,0.05299999999999999,17.95,7.87,16.85,24.72,23.81,9.68,38.0,0.265,10.0,26.32,3.0,7.89,0.754,0.1469999999999999,27.14,13.01,17.12,30.14,25.35,21.74,109.0,0.178,26.0,23.85,8.0,7.34,0.586,0.16899999999999998,20.75,9.98,17.46,27.44,22.54,19.26,201.0,0.296,36.0,17.91,15.0,7.46,0.918,0.2739999999999999,16.46,7.4,18.02,25.42,23.68,22.09
744926,2024-06-16,2024,676914,R,594902,R,walk,False,True,163.0,0.243,39.0,23.93,18.0,11.04,0.78,0.193,26.3,10.7,18.87,29.58,20.64,17.03,87.0,0.247,27.0,31.03,11.0,12.64,0.8340000000000001,0.219,37.06,13.98,21.9,35.88,15.66,21.77,112.0,0.279,22.0,19.64,7.0,6.25,0.766,0.16299999999999998,18.27,8.61,17.46,26.08,24.39,19.13,182.0,0.243,43.0,23.63,10.0,5.49,0.6990000000000001,0.159,25.16,11.53,19.16,30.69,25.39,23.5
744926,2024-06-16,2024,665489,R,594902,R,single,False,False,244.0,0.286,44.0,18.03,26.0,10.66,0.771,0.12000000000000005,25.05,11.79,15.32,27.12,24.8,14.19,558.0,0.26,85.0,15.23,48.0,8.6,0.792,0.2,23.83,12.29,11.94,24.23,30.21,15.37,112.0,0.279,22.0,19.64,7.0,6.25,0.766,0.16299999999999998,18.27,8.61,17.46,26.08,24.39,19.13,182.0,0.243,43.0,23.63,10.0,5.49,0.6990000000000001,0.159,25.16,11.53,19.16,30.69,25.39,23.5
744926,2024-06-16,2024,662139,L,594902,R,field_out,False,False,191.0,0.203,54.0,28.27,18.0,9.42,0.742,0.256,25.76,11.89,16.24,28.13,24.09,24.0,466.0,0.202,111.0,23.82,36.0,7.73,0.662,0.19,25.51,12.84,15.05,27.89,29.23,18.26,109.0,0.178,26.0,23.85,8.0,7.34,0.586,0.16899999999999998,20.75,9.98,17.46,27.44,22.54,19.26,201.0,0.296,36.0,17.91,15.0,7.46,0.918,0.2739999999999999,16.46,7.4,18.02,25.42,23.68,22.09
744926,2024-06-16,2024,543807,R,594902,R,strikeout,True,False,201.0,0.219,29.0,14.43,21.0,10.45,0.623,0.101,23.71,12.27,12.98,25.25,24.32,14.22,539.0,0.262,101.0,18.74,43.0,7.98,0.738,0.1489999999999999,23.18,11.37,14.48,25.84,23.35,18.21,112.0,0.279,22.0,19.64,7.0,6.25,0.766,0.16299999999999998,18.27,8.61,17.46,26.08,24.39,19.13,182.0,0.243,43.0,23.63,10.0,5.49,0.6990000000000001,0.159,25.16,11.53,19.16,30.69,25.39,23.5
744926,2024-06-16,2024,672386,R,594902,R,field_out,False,False,91.0,0.231,11.0,12.09,8.0,8.79,0.643,0.11499999999999996,15.82,6.58,22.37,28.95,23.59,8.94,295.0,0.244,28.0,9.49,25.0,8.47,0.6739999999999999,0.1069999999999999,13.38,5.86,20.77,26.63,27.21,7.67,112.0,0.279,22.0,19.64,7.0,6.25,0.766,0.16299999999999998,18.27,8.61,17.46,26.08,24.39,19.13,182.0,0.243,43.0,23.63,10.0,5.49,0.6990000000000001,0.159,25.16,11.53,19.16,30.69,25.39,23.5
744926,2024-06-16,2024,700932,L,621244,R,field_out,False,False,65.0,0.23,18.0,27.69,2.0,3.08,0.623,0.13099999999999998,25.4,11.9,18.22,30.11,26.19,20.93,,,,,,,,,,,,,,,161.0,0.175,33.0,20.5,15.0,9.32,0.615,0.182,22.34,9.63,19.11,28.75,27.27,17.28,407.0,0.261,97.0,23.83,31.0,7.62,0.773,0.189,27.03,12.19,17.64,29.83,27.76,22.0
744926,2024-06-16,2024,682177,L,621244,R,field_out,False,False,18.0,0.333,5.0,27.78,3.0,16.67,1.044,0.26699999999999996,27.59,12.9,14.52,27.42,22.22,31.25,,,,,,,,,,,,,,,161.0,0.175,33.0,20.5,15.0,9.32,0.615,0.182,22.34,9.63,19.11,28.75,27.27,17.28,407.0,0.261,97.0,23.83,31.0,7.62,0.773,0.189,27.03,12.19,17.64,29.83,27.76,22.0
744926,2024-06-16,2024,677587,L,621244,R,strikeout,True,False,142.0,0.242,20.0,14.08,19.0,13.38,0.6559999999999999,0.066,21.27,9.88,15.08,24.96,28.21,10.93,53.0,0.3,12.0,22.64,2.0,3.77,0.7010000000000001,0.08,28.07,15.31,15.79,31.1,41.59,17.39,161.0,0.175,33.0,20.5,15.0,9.32,0.615,0.182,22.34,9.63,19.11,28.75,27.27,17.28,407.0,0.261,97.0,23.83,31.0,7.62,0.773,0.189,27.03,12.19,17.64,29.83,27.76,22.0
744926,2024-06-16,2024,680718,L,594902,R,single,False,False,19.0,0.111,4.0,21.05,1.0,5.26,0.269,0.0,28.57,16.39,21.31,37.7,40.0,25.0,,,,,,,,,,,,,,,109.0,0.178,26.0,23.85,8.0,7.34,0.586,0.16899999999999998,20.75,9.98,17.46,27.44,22.54,19.26,201.0,0.296,36.0,17.91,15.0,7.46,0.918,0.2739999999999999,16.46,7.4,18.02,25.42,23.68,22.09
744926,2024-06-16,2024,643396,R,594902,R,strikeout,True,False,158.0,0.264,20.0,12.66,10.0,6.33,0.692,0.118,13.2,6.08,21.92,27.99,31.92,14.71,273.0,0.246,54.0,19.78,17.0,6.23,0.6479999999999999,0.1069999999999999,19.6,9.05,20.2,29.25,28.6,15.56,112.0,0.279,22.0,19.64,7.0,6.25,0.766,0.16299999999999998,18.27,8.61,17.46,26.08,24.39,19.13,182.0,0.243,43.0,23.63,10.0,5.49,0.6990000000000001,0.159,25.16,11.53,19.16,30.69,25.39,23.5
744926,2024-06-16,2024,676391,R,594902,R,home_run,False,False,68.0,0.197,5.0,7.35,1.0,1.47,0.509,0.10599999999999998,16.33,9.52,14.68,24.21,44.27,6.85,20.0,0.4,1.0,5.0,0.0,0.0,1.05,0.25,5.71,3.33,15.0,18.33,40.0,7.69,112.0,0.279,22.0,19.64,7.0,6.25,0.766,0.16299999999999998,18.27,8.61,17.46,26.08,24.39,19.13,182.0,0.243,43.0,23.63,10.0,5.49,0.6990000000000001,0.159,25.16,11.53,19.16,30.69,25.39,23.5
744926,2024-06-16,2024,687462,L,594902,R,strikeout,True,False,23.0,0.368,3.0,13.04,3.0,13.04,0.876,0.05299999999999999,17.95,7.87,16.85,24.72,23.81,9.68,38.0,0.265,10.0,26.32,3.0,7.89,0.754,0.1469999999999999,27.14,13.01,17.12,30.14,25.35,21.74,109.0,0.178,26.0,23.85,8.0,7.34,0.586,0.16899999999999998,20.75,9.98,17.46,27.44,22.54,19.26,201.0,0.296,36.0,17.91,15.0,7.46,0.918,0.2739999999999999,16.46,7.4,18.02,25.42,23.68,22.09
744926,2024-06-16,2024,676914,R,594902,R,field_out,False,False,163.0,0.243,39.0,23.93,18.0,11.04,0.78,0.193,26.3,10.7,18.87,29.58,20.64,17.03,87.0,0.247,27.0,31.03,11.0,12.64,0.8340000000000001,0.219,37.06,13.98,21.9,35.88,15.66,21.77,112.0,0.279,22.0,19.64,7.0,6.25,0.766,0.16299999999999998,18.27,8.61,17.46,26.08,24.39,19.13,182.0,0.243,43.0,23.63,10.0,5.49,0.6990000000000001,0.159,25.16,11.53,19.16,30.69,25.39,23.5
744926,2024-06-16,2024,666310,L,621244,R,field_out,False,False,133.0,0.175,46.0,34.59,11.0,8.27,0.506,0.08300000000000002,30.83,14.39,17.37,31.75,26.17,23.28,180.0,0.243,40.0,22.22,26.0,14.44,0.852,0.257,22.79,10.11,14.03,24.15,23.6,16.67,161.0,0.175,33.0,20.5,15.0,9.32,0.615,0.182,22.34,9.63,19.11,28.75,27.27,17.28,407.0,0.261,97.0,23.83,31.0,7.62,0.773,0.189,27.03,12.19,17.64,29.83,27.76,22.0
744926,2024-06-16,2024,680757,L,621244,R,field_out,False,False,133.0,0.359,9.0,6.77,12.0,9.02,0.9650000000000001,0.17900000000000005,7.14,2.95,22.4,25.34,19.4,6.52,494.0,0.272,52.0,10.53,50.0,10.12,0.73,0.1119999999999999,10.22,4.19,22.03,26.23,20.67,8.84,161.0,0.175,33.0,20.5,15.0,9.32,0.615,0.182,22.34,9.63,19.11,28.75,27.27,17.28,407.0,0.261,97.0,23.83,31.0,7.62,0.773,0.189,27.03,12.19,17.64,29.83,27.76,22.0
744926,2024-06-16,2024,671289,R,621244,R,field_out,False,False,167.0,0.234,24.0,14.37,11.0,6.59,0.6759999999999999,0.12499999999999997,16.55,7.68,19.2,26.88,29.15,15.38,89.0,0.266,17.0,19.1,6.0,6.74,0.656,0.076,20.13,9.22,18.73,27.95,29.94,17.0,181.0,0.287,31.0,17.13,7.0,3.87,0.767,0.15000000000000002,19.43,9.41,19.75,29.17,33.33,15.9,376.0,0.22,87.0,23.14,21.0,5.59,0.6160000000000001,0.121,23.87,11.4,19.26,30.66,33.81,21.64
744926,2024-06-16,2024,665489,R,594902,R,single,False,False,244.0,0.286,44.0,18.03,26.0,10.66,0.771,0.12000000000000005,25.05,11.79,15.32,27.12,24.8,14.19,558.0,0.26,85.0,15.23,48.0,8.6,0.792,0.2,23.83,12.29,11.94,24.23,30.21,15.37,112.0,0.279,22.0,19.64,7.0,6.25,0.766,0.16299999999999998,18.27,8.61,17.46,26.08,24.39,19.13,182.0,0.243,43.0,23.63,10.0,5.49,0.6990000000000001,0.159,25.16,11.53,19.16,30.69,25.39,23.5
744926,2024-06-16,2024,662139,L,594902,R,single,False,False,191.0,0.203,54.0,28.27,18.0,9.42,0.742,0.256,25.76,11.89,16.24,28.13,24.09,24.0,466.0,0.202,111.0,23.82,36.0,7.73,0.662,0.19,25.51,12.84,15.05,27.89,29.23,18.26,109.0,0.178,26.0,23.85,8.0,7.34,0.586,0.16899999999999998,20.75,9.98,17.46,27.44,22.54,19.26,201.0,0.296,36.0,17.91,15.0,7.46,0.918,0.2739999999999999,16.46,7.4,18.02,25.42,23.68,22.09
744926,2024-06-16,2024,543807,R,594902,R,grounded_into_double_play,False,False,201.0,0.219,29.0,14.43,21.0,10.45,0.623,0.101,23.71,12.27,12.98,25.25,24.32,14.22,539.0,0.262,101.0,18.74,43.0,7.98,0.738,0.1489999999999999,23.18,11.37,14.48,25.84,23.35,18.21,112.0,0.279,22.0,19.64,7.0,6.25,0.766,0.16299999999999998,18.27,8.61,17.46,26.08,24.39,19.13,182.0,0.243,43.0,23.63,10.0,5.49,0.6990000000000001,0.159,25.16,11.53,19.16,30.69,25.39,23.5
744926,2024-06-16,2024,672386,R,594902,R,field_out,False,False,91.0,0.231,11.0,12.09,8.0,8.79,0.643,0.11499999999999996,15.82,6.58,22.37,28.95,23.59,8.94,295.0,0.244,28.0,9.49,25.0,8.47,0.6739999999999999,0.1069999999999999,13.38,5.86,20.77,26.63,27.21,7.67,112.0,0.279,22.0,19.64,7.0,6.25,0.766,0.16299999999999998,18.27,8.61,17.46,26.08,24.39,19.13,182.0,0.243,43.0,23.63,10.0,5.49,0.6990000000000001,0.159,25.16,11.53,19.16,30.69,25.39,23.5
744926,2024-06-16,2024,665926,L,621244,R,field_out,False,False,193.0,0.254,29.0,15.03,11.0,5.7,0.661,0.09299999999999997,24.52,13.58,11.98,25.57,37.14,11.97,419.0,0.243,86.0,20.53,24.0,5.73,0.712,0.162,26.46,14.29,12.8,27.09,38.97,17.27,161.0,0.175,33.0,20.5,15.0,9.32,0.615,0.182,22.34,9.63,19.11,28.75,27.27,17.28,407.0,0.261,97.0,23.83,31.0,7.62,0.773,0.189,27.03,12.19,17.64,29.83,27.76,22.0
744926,2024-06-16,2024,647304,L,621244,R,field_out,False,False,191.0,0.248,26.0,13.61,20.0,10.47,0.8440000000000001,0.261,20.57,10.57,9.99,20.56,33.15,14.29,348.0,0.311,53.0,15.23,25.0,7.18,0.851,0.184,21.29,11.96,9.18,21.15,41.36,16.99,161.0,0.175,33.0,20.5,15.0,9.32,0.615,0.182,22.34,9.63,19.11,28.75,27.27,17.28,407.0,0.261,97.0,23.83,31.0,7.62,0.773,0.189,27.03,12.19,17.64,29.83,27.76,22.0
744926,2024-06-16,2024,686823,L,621244,R,single,False,False,173.0,0.244,21.0,12.14,14.0,8.09,0.7030000000000001,0.14700000000000002,18.24,9.76,11.54,21.3,32.36,13.55,369.0,0.279,45.0,12.2,14.0,3.79,0.6930000000000001,0.0999999999999999,17.97,10.23,12.48,22.71,38.5,12.47,161.0,0.175,33.0,20.5,15.0,9.32,0.615,0.182,22.34,9.63,19.11,28.75,27.27,17.28,407.0,0.261,97.0,23.83,31.0,7.62,0.773,0.189,27.03,12.19,17.64,29.83,27.76,22.0
744926,2024-06-16,2024,700932,L,621244,R,field_out,False,False,65.0,0.23,18.0,27.69,2.0,3.08,0.623,0.13099999999999998,25.4,11.9,18.22,30.11,26.19,20.93,,,,,,,,,,,,,,,161.0,0.175,33.0,20.5,15.0,9.32,0.615,0.182,22.34,9.63,19.11,28.75,27.27,17.28,407.0,0.261,97.0,23.83,31.0,7.62,0.773,0.189,27.03,12.19,17.64,29.83,27.76,22.0
744926,2024-06-16,2024,680718,L,594902,R,strikeout,True,False,19.0,0.111,4.0,21.05,1.0,5.26,0.269,0.0,28.57,16.39,21.31,37.7,40.0,25.0,,,,,,,,,,,,,,,109.0,0.178,26.0,23.85,8.0,7.34,0.586,0.16899999999999998,20.75,9.98,17.46,27.44,22.54,19.26,201.0,0.296,36.0,17.91,15.0,7.46,0.918,0.2739999999999999,16.46,7.4,18.02,25.42,23.68,22.09
744926,2024-06-16,2024,643396,R,594902,R,field_out,False,False,158.0,0.264,20.0,12.66,10.0,6.33,0.692,0.118,13.2,6.08,21.92,27.99,31.92,14.71,273.0,0.246,54.0,19.78,17.0,6.23,0.6479999999999999,0.1069999999999999,19.6,9.05,20.2,29.25,28.6,15.56,112.0,0.279,22.0,19.64,7.0,6.25,0.766,0.16299999999999998,18.27,8.61,17.46,26.08,24.39,19.13,182.0,0.243,43.0,23.63,10.0,5.49,0.6990000000000001,0.159,25.16,11.53,19.16,30.69,25.39,23.5
744926,2024-06-16,2024,676391,R,594902,R,field_out,False,False,68.0,0.197,5.0,7.35,1.0,1.47,0.509,0.10599999999999998,16.33,9.52,14.68,24.21,44.27,6.85,20.0,0.4,1.0,5.0,0.0,0.0,1.05,0.25,5.71,3.33,15.0,18.33,40.0,7.69,112.0,0.279,22.0,19.64,7.0,6.25,0.766,0.16299999999999998,18.27,8.61,17.46,26.08,24.39,19.13,182.0,0.243,43.0,23.63,10.0,5.49,0.6990000000000001,0.159,25.16,11.53,19.16,30.69,25.39,23.5
744926,2024-06-16,2024,682177,L,621244,R,single,False,False,18.0,0.333,5.0,27.78,3.0,16.67,1.044,0.26699999999999996,27.59,12.9,14.52,27.42,22.22,31.25,,,,,,,,,,,,,,,161.0,0.175,33.0,20.5,15.0,9.32,0.615,0.182,22.34,9.63,19.11,28.75,27.27,17.28,407.0,0.261,97.0,23.83,31.0,7.62,0.773,0.189,27.03,12.19,17.64,29.83,27.76,22.0
744926,2024-06-16,2024,677587,L,621244,R,hit_by_pitch,False,False,142.0,0.242,20.0,14.08,19.0,13.38,0.6559999999999999,0.066,21.27,9.88,15.08,24.96,28.21,10.93,53.0,0.3,12.0,22.64,2.0,3.77,0.7010000000000001,0.08,28.07,15.31,15.79,31.1,41.59,17.39,161.0,0.175,33.0,20.5,15.0,9.32,0.615,0.182,22.34,9.63,19.11,28.75,27.27,17.28,407.0,0.261,97.0,23.83,31.0,7.62,0.773,0.189,27.03,12.19,17.64,29.83,27.76,22.0
744926,2024-06-16,2024,666310,L,621244,R,single,False,False,133.0,0.175,46.0,34.59,11.0,8.27,0.506,0.08300000000000002,30.83,14.39,17.37,31.75,26.17,23.28,180.0,0.243,40.0,22.22,26.0,14.44,0.852,0.257,22.79,10.11,14.03,24.15,23.6,16.67,161.0,0.175,33.0,20.5,15.0,9.32,0.615,0.182,22.34,9.63,19.11,28.75,27.27,17.28,407.0,0.261,97.0,23.83,31.0,7.62,0.773,0.189,27.03,12.19,17.64,29.83,27.76,22.0
744926,2024-06-16,2024,680757,L,621244,R,single,False,False,133.0,0.359,9.0,6.77,12.0,9.02,0.9650000000000001,0.17900000000000005,7.14,2.95,22.4,25.34,19.4,6.52,494.0,0.272,52.0,10.53,50.0,10.12,0.73,0.1119999999999999,10.22,4.19,22.03,26.23,20.67,8.84,161.0,0.175,33.0,20.5,15.0,9.32,0.615,0.182,22.34,9.63,19.11,28.75,27.27,17.28,407.0,0.261,97.0,23.83,31.0,7.62,0.773,0.189,27.03,12.19,17.64,29.83,27.76,22.0
744926,2024-06-16,2024,671289,R,621244,R,grounded_into_double_play,False,False,167.0,0.234,24.0,14.37,11.0,6.59,0.6759999999999999,0.12499999999999997,16.55,7.68,19.2,26.88,29.15,15.38,89.0,0.266,17.0,19.1,6.0,6.74,0.656,0.076,20.13,9.22,18.73,27.95,29.94,17.0,181.0,0.287,31.0,17.13,7.0,3.87,0.767,0.15000000000000002,19.43,9.41,19.75,29.17,33.33,15.9,376.0,0.22,87.0,23.14,21.0,5.59,0.6160000000000001,0.121,23.87,11.4,19.26,30.66,33.81,21.64
744926,2024-06-16,2024,665926,L,621244,R,field_out,False,False,193.0,0.254,29.0,15.03,11.0,5.7,0.661,0.09299999999999997,24.52,13.58,11.98,25.57,37.14,11.97,419.0,0.243,86.0,20.53,24.0,5.73,0.712,0.162,26.46,14.29,12.8,27.09,38.97,17.27,161.0,0.175,33.0,20.5,15.0,9.32,0.615,0.182,22.34,9.63,19.11,28.75,27.27,17.28,407.0,0.261,97.0,23.83,31.0,7.62,0.773,0.189,27.03,12.19,17.64,29.83,27.76,22.0
744926,2024-06-16,2024,687462,L,594902,R,walk,False,True,23.0,0.368,3.0,13.04,3.0,13.04,0.876,0.05299999999999999,17.95,7.87,16.85,24.72,23.81,9.68,38.0,0.265,10.0,26.32,3.0,7.89,0.754,0.1469999999999999,27.14,13.01,17.12,30.14,25.35,21.74,109.0,0.178,26.0,23.85,8.0,7.34,0.586,0.16899999999999998,20.75,9.98,17.46,27.44,22.54,19.26,201.0,0.296,36.0,17.91,15.0,7.46,0.918,0.2739999999999999,16.46,7.4,18.02,25.42,23.68,22.09
744926,2024-06-16,2024,676914,R,594902,R,walk,False,True,163.0,0.243,39.0,23.93,18.0,11.04,0.78,0.193,26.3,10.7,18.87,29.58,20.64,17.03,87.0,0.247,27.0,31.03,11.0,12.64,0.8340000000000001,0.219,37.06,13.98,21.9,35.88,15.66,21.77,112.0,0.279,22.0,19.64,7.0,6.25,0.766,0.16299999999999998,18.27,8.61,17.46,26.08,24.39,19.13,182.0,0.243,43.0,23.63,10.0,5.49,0.6990000000000001,0.159,25.16,11.53,19.16,30.69,25.39,23.5
744926,2024-06-16,2024,665489,R,680704,R,single,False,False,244.0,0.286,44.0,18.03,26.0,10.66,0.771,0.12000000000000005,25.05,11.79,15.32,27.12,24.8,14.19,558.0,0.26,85.0,15.23,48.0,8.6,0.792,0.2,23.83,12.29,11.94,24.23,30.21,15.37,61.0,0.143,15.0,24.59,9.0,14.75,0.54,0.10200000000000001,36.54,16.17,15.32,31.49,21.67,22.06,167.0,0.197,49.0,29.34,15.0,8.98,0.668,0.198,32.92,15.51,16.96,32.46,31.92,23.11
744926,2024-06-16,2024,662139,L,680704,R,home_run,False,False,191.0,0.203,54.0,28.27,18.0,9.42,0.742,0.256,25.76,11.89,16.24,28.13,24.09,24.0,466.0,0.202,111.0,23.82,36.0,7.73,0.662,0.19,25.51,12.84,15.05,27.89,29.23,18.26,52.0,0.125,15.0,28.85,1.0,1.92,0.405,0.10400000000000001,40.37,21.36,14.08,35.44,38.21,25.0,73.0,0.145,17.0,23.29,9.0,12.33,0.635,0.226,29.86,13.48,15.36,28.84,22.56,17.0
744926,2024-06-16,2024,543807,R,680704,R,walk,False,True,201.0,0.219,29.0,14.43,21.0,10.45,0.623,0.101,23.71,12.27,12.98,25.25,24.32,14.22,539.0,0.262,101.0,18.74,43.0,7.98,0.738,0.1489999999999999,23.18,11.37,14.48,25.84,23.35,18.21,61.0,0.143,15.0,24.59,9.0,14.75,0.54,0.10200000000000001,36.54,16.17,15.32,31.49,21.67,22.06,167.0,0.197,49.0,29.34,15.0,8.98,0.668,0.198,32.92,15.51,16.96,32.46,31.92,23.11
744926,2024-06-16,2024,672386,R,680704,R,walk,False,True,91.0,0.231,11.0,12.09,8.0,8.79,0.643,0.11499999999999996,15.82,6.58,22.37,28.95,23.59,8.94,295.0,0.244,28.0,9.49,25.0,8.47,0.6739999999999999,0.1069999999999999,13.38,5.86,20.77,26.63,27.21,7.67,61.0,0.143,15.0,24.59,9.0,14.75,0.54,0.10200000000000001,36.54,16.17,15.32,31.49,21.67,22.06,167.0,0.197,49.0,29.34,15.0,8.98,0.668,0.198,32.92,15.51,16.96,32.46,31.92,23.11
744926,2024-06-16,2024,680718,L,680704,R,single,False,False,19.0,0.111,4.0,21.05,1.0,5.26,0.269,0.0,28.57,16.39,21.31,37.7,40.0,25.0,,,,,,,,,,,,,,,52.0,0.125,15.0,28.85,1.0,1.92,0.405,0.10400000000000001,40.37,21.36,14.08,35.44,38.21,25.0,73.0,0.145,17.0,23.29,9.0,12.33,0.635,0.226,29.86,13.48,15.36,28.84,22.56,17.0
744926,2024-06-16,2024,643396,R,605130,R,strikeout,True,False,158.0,0.264,20.0,12.66,10.0,6.33,0.692,0.118,13.2,6.08,21.92,27.99,31.92,14.71,273.0,0.246,54.0,19.78,17.0,6.23,0.6479999999999999,0.1069999999999999,19.6,9.05,20.2,29.25,28.6,15.56,71.0,0.283,19.0,26.76,10.0,14.08,0.8300000000000001,0.16700000000000004,38.64,17.35,15.65,32.99,31.95,21.59,154.0,0.208,45.0,29.22,18.0,11.69,0.5569999999999999,0.046,35.85,15.68,19.97,35.64,29.91,24.19
744926,2024-06-16,2024,676391,R,605130,R,strikeout,True,False,68.0,0.197,5.0,7.35,1.0,1.47,0.509,0.10599999999999998,16.33,9.52,14.68,24.21,44.27,6.85,20.0,0.4,1.0,5.0,0.0,0.0,1.05,0.25,5.71,3.33,15.0,18.33,40.0,7.69,71.0,0.283,19.0,26.76,10.0,14.08,0.8300000000000001,0.16700000000000004,38.64,17.35,15.65,32.99,31.95,21.59,154.0,0.208,45.0,29.22,18.0,11.69,0.5569999999999999,0.046,35.85,15.68,19.97,35.64,29.91,24.19
744926,2024-06-16,2024,687462,L,605130,R,field_out,False,False,23.0,0.368,3.0,13.04,3.0,13.04,0.876,0.05299999999999999,17.95,7.87,16.85,24.72,23.81,9.68,38.0,0.265,10.0,26.32,3.0,7.89,0.754,0.1469999999999999,27.14,13.01,17.12,30.14,25.35,21.74,49.0,0.143,18.0,36.73,5.0,10.2,0.45899999999999996,0.07100000000000001,35.29,13.89,20.37,34.26,28.23,28.12,145.0,0.279,34.0,23.45,16.0,11.03,0.798,0.1469999999999999,26.64,11.44,18.74,30.18,30.91,18.78
744926,2024-06-16,2024,647304,L,621244,R,field_out,False,False,191.0,0.248,26.0,13.61,20.0,10.47,0.8440000000000001,0.261,20.57,10.57,9.99,20.56,33.15,14.29,348.0,0.311,53.0,15.23,25.0,7.18,0.851,0.184,21.29,11.96,9.18,21.15,41.36,16.99,161.0,0.175,33.0,20.5,15.0,9.32,0.615,0.182,22.34,9.63,19.11,28.75,27.27,17.28,407.0,0.261,97.0,23.83,31.0,7.62,0.773,0.189,27.03,12.19,17.64,29.83,27.76,22.0
744926,2024-06-16,2024,686823,L,621244,R,single,False,False,173.0,0.244,21.0,12.14,14.0,8.09,0.7030000000000001,0.14700000000000002,18.24,9.76,11.54,21.3,32.36,13.55,369.0,0.279,45.0,12.2,14.0,3.79,0.6930000000000001,0.0999999999999999,17.97,10.23,12.48,22.71,38.5,12.47,161.0,0.175,33.0,20.5,15.0,9.32,0.615,0.182,22.34,9.63,19.11,28.75,27.27,17.28,407.0,0.261,97.0,23.83,31.0,7.62,0.773,0.189,27.03,12.19,17.64,29.83,27.76,22.0
744926,2024-06-16,2024,700932,L,621244,R,field_out,False,False,65.0,0.23,18.0,27.69,2.0,3.08,0.623,0.13099999999999998,25.4,11.9,18.22,30.11,26.19,20.93,,,,,,,,,,,,,,,161.0,0.175,33.0,20.5,15.0,9.32,0.615,0.182,22.34,9.63,19.11,28.75,27.27,17.28,407.0,0.261,97.0,23.83,31.0,7.62,0.773,0.189,27.03,12.19,17.64,29.83,27.76,22.0
744926,2024-06-16,2024,682177,L,621244,R,home_run,False,False,18.0,0.333,5.0,27.78,3.0,16.67,1.044,0.26699999999999996,27.59,12.9,14.52,27.42,22.22,31.25,,,,,,,,,,,,,,,161.0,0.175,33.0,20.5,15.0,9.32,0.615,0.182,22.34,9.63,19.11,28.75,27.27,17.28,407.0,0.261,97.0,23.83,31.0,7.62,0.773,0.189,27.03,12.19,17.64,29.83,27.76,22.0
744926,2024-06-16,2024,677587,L,621244,R,field_out,False,False,142.0,0.242,20.0,14.08,19.0,13.38,0.6559999999999999,0.066,21.27,9.88,15.08,24.96,28.21,10.93,53.0,0.3,12.0,22.64,2.0,3.77,0.7010000000000001,0.08,28.07,15.31,15.79,31.1,41.59,17.39,161.0,0.175,33.0,20.5,15.0,9.32,0.615,0.182,22.34,9.63,19.11,28.75,27.27,17.28,407.0,0.261,97.0,23.83,31.0,7.62,0.773,0.189,27.03,12.19,17.64,29.83,27.76,22.0
744926,2024-06-16,2024,676914,R,671922,R,field_out,False,False,163.0,0.243,39.0,23.93,18.0,11.04,0.78,0.193,26.3,10.7,18.87,29.58,20.64,17.03,87.0,0.247,27.0,31.03,11.0,12.64,0.8340000000000001,0.219,37.06,13.98,21.9,35.88,15.66,21.77,60.0,0.211,21.0,35.0,1.0,1.67,0.531,0.07000000000000003,30.0,15.72,19.21,34.93,34.02,28.77,,,,,,,,,,,,,,
744926,2024-06-16,2024,665489,R,671922,R,strikeout,True,False,244.0,0.286,44.0,18.03,26.0,10.66,0.771,0.12000000000000005,25.05,11.79,15.32,27.12,24.8,14.19,558.0,0.26,85.0,15.23,48.0,8.6,0.792,0.2,23.83,12.29,11.94,24.23,30.21,15.37,60.0,0.211,21.0,35.0,1.0,1.67,0.531,0.07000000000000003,30.0,15.72,19.21,34.93,34.02,28.77,,,,,,,,,,,,,,
744926,2024-06-16,2024,662139,L,671922,R,strikeout,True,False,191.0,0.203,54.0,28.27,18.0,9.42,0.742,0.256,25.76,11.89,16.24,28.13,24.09,24.0,466.0,0.202,111.0,23.82,36.0,7.73,0.662,0.19,25.51,12.84,15.05,27.89,29.23,18.26,59.0,0.17,20.0,33.9,6.0,10.17,0.5369999999999999,0.11299999999999996,26.37,10.17,25.42,35.59,18.69,29.23,,,,,,,,,,,,,,
744926,2024-06-16,2024,666310,L,643338,R,strikeout,True,False,133.0,0.175,46.0,34.59,11.0,8.27,0.506,0.08300000000000002,30.83,14.39,17.37,31.75,26.17,23.28,180.0,0.243,40.0,22.22,26.0,14.44,0.852,0.257,22.79,10.11,14.03,24.15,23.6,16.67,24.0,0.182,5.0,20.83,2.0,8.33,0.75,0.318,25.0,12.77,13.83,26.6,26.09,15.15,17.0,0.2,7.0,41.18,2.0,11.76,0.694,0.2,43.18,25.68,5.41,31.08,29.03,23.33
744926,2024-06-16,2024,680757,L,643338,R,single,False,False,133.0,0.359,9.0,6.77,12.0,9.02,0.9650000000000001,0.17900000000000005,7.14,2.95,22.4,25.34,19.4,6.52,494.0,0.272,52.0,10.53,50.0,10.12,0.73,0.1119999999999999,10.22,4.19,22.03,26.23,20.67,8.84,24.0,0.182,5.0,20.83,2.0,8.33,0.75,0.318,25.0,12.77,13.83,26.6,26.09,15.15,17.0,0.2,7.0,41.18,2.0,11.76,0.694,0.2,43.18,25.68,5.41,31.08,29.03,23.33
744926,2024-06-16,2024,671289,R,643338,R,grounded_into_double_play,False,False,167.0,0.234,24.0,14.37,11.0,6.59,0.6759999999999999,0.12499999999999997,16.55,7.68,19.2,26.88,29.15,15.38,89.0,0.266,17.0,19.1,6.0,6.74,0.656,0.076,20.13,9.22,18.73,27.95,29.94,17.0,29.0,0.154,6.0,20.69,2.0,6.9,0.483,0.11500000000000002,24.14,10.94,14.06,25.0,21.43,15.79,35.0,0.273,9.0,25.71,2.0,5.71,0.738,0.1509999999999999,32.31,16.8,16.8,33.6,40.85,20.93
744926,2024-06-16,2024,543807,R,656529,L,strikeout,True,False,64.0,0.13,13.0,20.31,9.0,14.06,0.45399999999999996,0.07399999999999998,20.63,9.49,12.77,22.26,20.45,15.66,144.0,0.242,24.0,16.67,17.0,11.81,0.71,0.137,19.37,9.5,11.92,21.42,22.03,14.37,32.0,0.129,12.0,37.5,1.0,3.12,0.35,0.065,34.48,16.81,20.17,36.97,37.1,33.33,142.0,0.248,37.0,26.06,13.0,9.15,0.619,0.0539999999999999,28.86,12.59,20.21,32.8,25.09,22.84
744926,2024-06-16,2024,672386,R,656529,L,field_out,False,False,37.0,0.156,7.0,18.92,5.0,13.51,0.458,0.032,21.31,8.12,21.25,29.38,22.09,14.58,128.0,0.264,17.0,13.28,17.0,13.28,0.732,0.1089999999999999,11.34,4.1,23.84,27.93,25.62,11.11,32.0,0.129,12.0,37.5,1.0,3.12,0.35,0.065,34.48,16.81,20.17,36.97,37.1,33.33,142.0,0.248,37.0,26.06,13.0,9.15,0.619,0.0539999999999999,28.86,12.59,20.21,32.8,25.09,22.84
744926,2024-06-16,2024,680718,L,656529,L,strikeout,True,False,3.0,0.0,2.0,66.67,0.0,0.0,0.0,0.0,20.0,7.69,30.77,38.46,33.33,66.67,,,,,,,,,,,,,,,17.0,0.188,5.0,29.41,0.0,0.0,0.626,0.25,30.77,14.29,26.79,41.07,40.0,29.41,81.0,0.28,19.0,23.46,5.0,6.17,0.7210000000000001,0.12,24.82,11.6,16.72,28.33,29.05,30.16
744926,2024-06-16,2024,665926,L,663893,L,field_out,False,False,85.0,0.291,11.0,12.94,0.0,0.0,0.7210000000000001,0.10100000000000003,20.67,11.78,14.01,25.8,40.79,11.34,197.0,0.268,26.0,13.2,8.0,4.06,0.7130000000000001,0.1169999999999999,23.63,12.79,15.07,27.86,41.69,11.02,18.0,0.294,3.0,16.67,1.0,5.56,0.627,0.0,25.0,10.77,20.0,30.77,20.0,18.75,,,,,,,,,,,,,,
744926,2024-06-16,2024,647304,L,663893,L,strikeout,True,False,86.0,0.197,20.0,23.26,7.0,8.14,0.703,0.22399999999999998,28.26,13.68,13.68,27.37,36.25,29.41,148.0,0.299,15.0,10.14,8.0,5.41,0.821,0.175,16.23,8.67,12.1,20.77,35.38,11.03,18.0,0.294,3.0,16.67,1.0,5.56,0.627,0.0,25.0,10.77,20.0,30.77,20.0,18.75,,,,,,,,,,,,,,
744926,2024-06-16,2024,681807,R,663893,L,field_out,False,False,83.0,0.362,16.0,19.28,20.0,24.1,1.249,0.345,25.0,9.92,15.3,25.21,16.22,16.0,51.0,0.227,11.0,21.57,5.0,9.8,0.742,0.1819999999999999,25.66,14.43,11.94,26.37,40.95,15.07,24.0,0.304,5.0,20.83,1.0,4.17,0.855,0.21800000000000003,29.41,13.89,16.67,30.56,31.03,45.45,,,,,,,,,,,,,,
744926,2024-06-16,2024,643396,R,658648,R,single,False,False,158.0,0.264,20.0,12.66,10.0,6.33,0.692,0.118,13.2,6.08,21.92,27.99,31.92,14.71,273.0,0.246,54.0,19.78,17.0,6.23,0.6479999999999999,0.1069999999999999,19.6,9.05,20.2,29.25,28.6,15.56,83.0,0.26,20.0,24.1,7.0,8.43,0.8340000000000001,0.23299999999999998,26.85,13.75,14.09,27.84,33.78,22.99,125.0,0.262,35.0,28.0,11.0,8.8,0.743,0.131,34.03,16.36,15.35,31.72,30.53,20.0
744926,2024-06-16,2024,676391,R,658648,R,single,False,False,68.0,0.197,5.0,7.35,1.0,1.47,0.509,0.10599999999999998,16.33,9.52,14.68,24.21,44.27,6.85,20.0,0.4,1.0,5.0,0.0,0.0,1.05,0.25,5.71,3.33,15.0,18.33,40.0,7.69,83.0,0.26,20.0,24.1,7.0,8.43,0.8340000000000001,0.23299999999999998,26.85,13.75,14.09,27.84,33.78,22.99,125.0,0.262,35.0,28.0,11.0,8.8,0.743,0.131,34.03,16.36,15.35,31.72,30.53,20.0
744926,2024-06-16,2024,687462,L,658648,R,strikeout,True,False,23.0,0.368,3.0,13.04,3.0,13.04,0.876,0.05299999999999999,17.95,7.87,16.85,24.72,23.81,9.68,38.0,0.265,10.0,26.32,3.0,7.89,0.754,0.1469999999999999,27.14,13.01,17.12,30.14,25.35,21.74,55.0,0.13,17.0,30.91,6.0,10.91,0.392,0.043999999999999984,31.52,12.78,18.06,30.84,26.32,29.31,96.0,0.188,19.0,19.79,14.0,14.58,0.5780000000000001,0.074,21.64,9.25,15.0,24.25,24.89,16.1
744926,2024-06-16,2024,676914,R,658648,R,field_out,False,False,163.0,0.243,39.0,23.93,18.0,11.04,0.78,0.193,26.3,10.7,18.87,29.58,20.64,17.03,87.0,0.247,27.0,31.03,11.0,12.64,0.8340000000000001,0.219,37.06,13.98,21.9,35.88,15.66,21.77,83.0,0.26,20.0,24.1,7.0,8.43,0.8340000000000001,0.23299999999999998,26.85,13.75,14.09,27.84,33.78,22.99,125.0,0.262,35.0,28.0,11.0,8.8,0.743,0.131,34.03,16.36,15.35,31.72,30.53,20.0
744926,2024-06-16,2024,665489,R,683769,R,walk,False,True,244.0,0.286,44.0,18.03,26.0,10.66,0.771,0.12000000000000005,25.05,11.79,15.32,27.12,24.8,14.19,558.0,0.26,85.0,15.23,48.0,8.6,0.792,0.2,23.83,12.29,11.94,24.23,30.21,15.37,55.0,0.151,13.0,23.64,2.0,3.64,0.39,0.056999999999999995,31.68,16.16,19.19,35.35,34.12,20.97,83.0,0.286,16.0,19.28,5.0,6.02,0.857,0.246,20.12,11.07,14.66,25.73,30.23,14.81
744926,2024-06-16,2024,662139,L,683769,R,strikeout,True,False,191.0,0.203,54.0,28.27,18.0,9.42,0.742,0.256,25.76,11.89,16.24,28.13,24.09,24.0,466.0,0.202,111.0,23.82,36.0,7.73,0.662,0.19,25.51,12.84,15.05,27.89,29.23,18.26,66.0,0.197,16.0,24.24,3.0,4.55,0.5860000000000001,0.131,23.58,11.98,16.53,28.51,30.51,21.05,100.0,0.226,8.0,8.0,9.0,9.0,0.692,0.143,13.84,5.79,17.63,23.42,18.28,8.33
744926,2024-06-16,2024,700932,L,554340,R,field_out,False,False,65.0,0.23,18.0,27.69,2.0,3.08,0.623,0.13099999999999998,25.4,11.9,18.22,30.11,26.19,20.93,,,,,,,,,,,,,,,42.0,0.162,18.0,42.86,5.0,11.9,0.667,0.24300000000000002,40.26,17.71,18.86,36.57,38.46,31.58,108.0,0.237,36.0,33.33,10.0,9.26,0.687,0.129,38.58,17.23,15.87,33.11,25.44,27.69
744926,2024-06-16,2024,682177,L,554340,R,single,False,False,18.0,0.333,5.0,27.78,3.0,16.67,1.044,0.26699999999999996,27.59,12.9,14.52,27.42,22.22,31.25,,,,,,,,,,,,,,,42.0,0.162,18.0,42.86,5.0,11.9,0.667,0.24300000000000002,40.26,17.71,18.86,36.57,38.46,31.58,108.0,0.237,36.0,33.33,10.0,9.26,0.687,0.129,38.58,17.23,15.87,33.11,25.44,27.69
744926,2024-06-16,2024,677587,L,554340,R,home_run,False,False,142.0,0.242,20.0,14.08,19.0,13.38,0.6559999999999999,0.066,21.27,9.88,15.08,24.96,28.21,10.93,53.0,0.3,12.0,22.64,2.0,3.77,0.7010000000000001,0.08,28.07,15.31,15.79,31.1,41.59,17.39,42.0,0.162,18.0,42.86,5.0,11.9,0.667,0.24300000000000002,40.26,17.71,18.86,36.57,38.46,31.58,108.0,0.237,36.0,33.33,10.0,9.26,0.687,0.129,38.58,17.23,15.87,33.11,25.44,27.69
744926,2024-06-16,2024,666310,L,554340,R,field_out,False,False,133.0,0.175,46.0,34.59,11.0,8.27,0.506,0.08300000000000002,30.83,14.39,17.37,31.75,26.17,23.28,180.0,0.243,40.0,22.22,26.0,14.44,0.852,0.257,22.79,10.11,14.03,24.15,23.6,16.67,42.0,0.162,18.0,42.86,5.0,11.9,0.667,0.24300000000000002,40.26,17.71,18.86,36.57,38.46,31.58,108.0,0.237,36.0,33.33,10.0,9.26,0.687,0.129,38.58,17.23,15.87,33.11,25.44,27.69
744926,2024-06-16,2024,680757,L,554340,R,single,False,False,133.0,0.359,9.0,6.77,12.0,9.02,0.9650000000000001,0.17900000000000005,7.14,2.95,22.4,25.34,19.4,6.52,494.0,0.272,52.0,10.53,50.0,10.12,0.73,0.1119999999999999,10.22,4.19,22.03,26.23,20.67,8.84,42.0,0.162,18.0,42.86,5.0,11.9,0.667,0.24300000000000002,40.26,17.71,18.86,36.57,38.46,31.58,108.0,0.237,36.0,33.33,10.0,9.26,0.687,0.129,38.58,17.23,15.87,33.11,25.44,27.69
744926,2024-06-16,2024,671289,R,554340,R,single,False,False,167.0,0.234,24.0,14.37,11.0,6.59,0.6759999999999999,0.12499999999999997,16.55,7.68,19.2,26.88,29.15,15.38,89.0,0.266,17.0,19.1,6.0,6.74,0.656,0.076,20.13,9.22,18.73,27.95,29.94,17.0,59.0,0.093,19.0,32.2,2.0,3.39,0.28500000000000003,0.037000000000000005,26.4,13.52,15.57,29.1,33.33,23.75,174.0,0.274,43.0,24.71,5.0,2.87,0.739,0.1529999999999999,27.03,13.64,15.61,29.24,32.93,24.02
744926,2024-06-16,2024,665926,L,663878,R,field_out,False,False,193.0,0.254,29.0,15.03,11.0,5.7,0.661,0.09299999999999997,24.52,13.58,11.98,25.57,37.14,11.97,419.0,0.243,86.0,20.53,24.0,5.73,0.712,0.162,26.46,14.29,12.8,27.09,38.97,17.27,48.0,0.179,14.0,29.17,6.0,12.5,0.548,0.07700000000000001,22.73,10.0,17.5,27.5,21.57,25.0,74.0,0.194,21.0,28.38,11.0,14.86,0.679,0.1609999999999999,28.0,10.7,18.04,28.75,14.62,21.28
745807,2024-06-16,2024,650333,L,656731,R,field_out,False,False,183.0,0.353,5.0,2.73,7.0,3.83,0.8180000000000001,0.08600000000000002,6.23,2.99,19.58,22.57,34.4,3.09,479.0,0.362,17.0,3.55,31.0,6.47,0.891,0.122,6.51,3.2,16.58,19.78,31.29,4.11,65.0,0.204,19.0,29.23,8.0,12.31,0.613,0.092,27.27,13.69,9.54,23.24,27.82,31.15,287.0,0.287,61.0,21.25,31.0,10.8,0.806,0.151,25.34,11.46,14.41,25.87,24.17,18.48
745807,2024-06-16,2024,665487,R,656731,R,strikeout,True,False,213.0,0.296,38.0,17.84,11.0,5.16,0.8760000000000001,0.24200000000000005,26.1,14.13,11.19,25.31,30.31,21.71,489.0,0.244,114.0,23.31,37.0,7.57,0.728,0.181,31.62,17.66,8.94,26.61,34.25,23.98,47.0,0.256,13.0,27.66,3.0,6.38,0.645,0.07,32.94,14.21,19.8,34.01,26.47,22.41,281.0,0.277,44.0,15.66,27.0,9.61,0.798,0.1649999999999999,21.37,9.49,16.31,25.81,22.89,15.17
745807,2024-06-16,2024,595777,L,656731,R,walk,False,True,196.0,0.317,35.0,17.86,25.0,12.76,0.891,0.15899999999999997,17.93,8.14,15.04,23.18,22.93,13.71,375.0,0.229,68.0,18.13,37.0,9.87,0.6559999999999999,0.1159999999999999,21.66,10.43,14.17,24.61,26.12,14.59,65.0,0.204,19.0,29.23,8.0,12.31,0.613,0.092,27.27,13.69,9.54,23.24,27.82,31.15,287.0,0.287,61.0,21.25,31.0,10.8,0.806,0.151,25.34,11.46,14.41,25.87,24.17,18.48
745807,2024-06-16,2024,630105,L,656731,R,single,False,False,200.0,0.273,33.0,16.5,16.0,8.0,0.8440000000000001,0.23299999999999998,18.23,8.45,17.14,25.59,23.5,13.41,367.0,0.23,59.0,16.08,36.0,9.81,0.7,0.154,14.92,6.99,16.69,23.68,24.61,14.08,65.0,0.204,19.0,29.23,8.0,12.31,0.613,0.092,27.27,13.69,9.54,23.24,27.82,31.15,287.0,0.287,61.0,21.25,31.0,10.8,0.806,0.151,25.34,11.46,14.41,25.87,24.17,18.48
745807,2024-06-16,2024,592518,R,656731,R,single,False,False,182.0,0.263,40.0,21.98,10.0,5.49,0.655,0.08799999999999997,25.43,12.63,14.78,27.4,27.58,20.2,452.0,0.241,83.0,18.36,36.0,7.96,0.747,0.205,24.68,12.42,14.05,26.47,29.58,16.9,47.0,0.256,13.0,27.66,3.0,6.38,0.645,0.07,32.94,14.21,19.8,34.01,26.47,22.41,281.0,0.277,44.0,15.66,27.0,9.61,0.798,0.1649999999999999,21.37,9.49,16.31,25.81,22.89,15.17
745807,2024-06-16,2024,701538,L,656731,R,strikeout,True,False,167.0,0.314,27.0,16.17,9.0,5.39,0.794,0.128,17.47,9.59,13.39,22.98,36.67,14.21,,,,,,,,,,,,,,,65.0,0.204,19.0,29.23,8.0,12.31,0.613,0.092,27.27,13.69,9.54,23.24,27.82,31.15,287.0,0.287,61.0,21.25,31.0,10.8,0.806,0.151,25.34,11.46,14.41,25.87,24.17,18.48
745807,2024-06-16,2024,596019,L,656302,R,home_run,False,False,234.0,0.215,45.0,19.23,18.0,7.69,0.6659999999999999,0.163,23.61,11.47,15.41,26.88,25.71,17.79,483.0,0.242,102.0,21.12,51.0,10.56,0.757,0.182,23.68,11.49,14.35,25.84,28.12,17.29,153.0,0.206,40.0,26.14,13.0,8.5,0.658,0.17600000000000002,28.19,12.88,15.34,28.22,28.99,19.7,398.0,0.268,91.0,22.86,30.0,7.54,0.797,0.193,27.04,12.73,15.25,27.98,28.21,19.36
745807,2024-06-16,2024,607043,L,656302,R,single,False,False,209.0,0.219,54.0,25.84,33.0,15.79,0.729,0.148,24.28,9.91,17.16,27.08,20.13,18.0,448.0,0.266,98.0,21.88,60.0,13.39,0.874,0.235,20.87,8.67,19.47,28.14,19.23,16.42,153.0,0.206,40.0,26.14,13.0,8.5,0.658,0.17600000000000002,28.19,12.88,15.34,28.22,28.99,19.7,398.0,0.268,91.0,22.86,30.0,7.54,0.797,0.193,27.04,12.73,15.25,27.98,28.21,19.36
745807,2024-06-16,2024,502110,R,656302,R,walk,False,True,122.0,0.263,37.0,30.33,7.0,5.74,0.788,0.21899999999999997,29.39,15.46,14.26,29.72,33.47,20.9,343.0,0.27,106.0,30.9,21.0,6.12,0.8799999999999999,0.2979999999999999,35.71,19.2,12.73,31.93,33.23,24.42,180.0,0.194,61.0,33.89,10.0,5.56,0.5449999999999999,0.10899999999999999,36.59,18.19,15.09,33.29,32.73,24.8,388.0,0.23,123.0,31.7,49.0,12.63,0.673,0.1139999999999999,34.99,15.88,15.7,31.59,28.15,21.5
745807,2024-06-16,2024,624413,R,656302,R,home_run,False,False,220.0,0.239,45.0,20.45,19.0,8.64,0.758,0.20800000000000002,23.16,10.55,19.06,29.62,30.3,18.8,475.0,0.214,109.0,22.95,44.0,9.26,0.8069999999999999,0.281,26.53,11.43,18.24,29.67,27.59,22.11,180.0,0.194,61.0,33.89,10.0,5.56,0.5449999999999999,0.10899999999999999,36.59,18.19,15.09,33.29,32.73,24.8,388.0,0.23,123.0,31.7,49.0,12.63,0.673,0.1139999999999999,34.99,15.88,15.7,31.59,28.15,21.5
745807,2024-06-16,2024,516782,R,656302,R,walk,False,True,177.0,0.268,38.0,21.47,10.0,5.65,0.708,0.128,27.41,13.52,17.82,31.34,30.7,20.32,245.0,0.238,51.0,20.82,11.0,4.49,0.611,0.079,28.63,15.5,14.75,30.25,37.87,18.35,180.0,0.194,61.0,33.89,10.0,5.56,0.5449999999999999,0.10899999999999999,36.59,18.19,15.09,33.29,32.73,24.8,388.0,0.23,123.0,31.7,49.0,12.63,0.673,0.1139999999999999,34.99,15.88,15.7,31.59,28.15,21.5
745807,2024-06-16,2024,668901,R,656302,R,strikeout,True,False,52.0,0.217,11.0,21.15,5.0,9.62,0.6359999999999999,0.13099999999999998,32.63,16.58,14.44,31.02,30.43,21.57,145.0,0.209,41.0,28.28,8.0,5.52,0.643,0.172,34.08,18.24,17.03,35.27,36.73,29.93,180.0,0.194,61.0,33.89,10.0,5.56,0.5449999999999999,0.10899999999999999,36.59,18.19,15.09,33.29,32.73,24.8,388.0,0.23,123.0,31.7,49.0,12.63,0.673,0.1139999999999999,34.99,15.88,15.7,31.59,28.15,21.5
745807,2024-06-16,2024,620443,R,656302,R,strikeout,True,False,11.0,0.2,1.0,9.09,1.0,9.09,0.573,0.09999999999999998,22.22,9.09,25.0,34.09,25.0,7.69,9.0,0.125,3.0,33.33,0.0,0.0,0.472,0.125,20.0,6.98,20.93,27.91,29.63,25.0,180.0,0.194,61.0,33.89,10.0,5.56,0.5449999999999999,0.10899999999999999,36.59,18.19,15.09,33.29,32.73,24.8,388.0,0.23,123.0,31.7,49.0,12.63,0.673,0.1139999999999999,34.99,15.88,15.7,31.59,28.15,21.5
745807,2024-06-16,2024,643446,L,656302,R,field_out,False,False,168.0,0.207,18.0,10.71,15.0,8.93,0.587,0.093,12.42,6.42,13.85,20.27,27.86,11.32,447.0,0.26,48.0,10.74,25.0,5.59,0.6930000000000001,0.1149999999999999,14.08,7.59,11.21,18.8,32.05,12.57,153.0,0.206,40.0,26.14,13.0,8.5,0.658,0.17600000000000002,28.19,12.88,15.34,28.22,28.99,19.7,398.0,0.268,91.0,22.86,30.0,7.54,0.797,0.193,27.04,12.73,15.25,27.98,28.21,19.36
745807,2024-06-16,2024,444482,L,656731,R,single,False,False,36.0,0.188,8.0,22.22,3.0,8.33,0.476,0.031,27.59,16.33,9.52,25.85,41.33,12.28,387.0,0.253,63.0,16.28,19.0,4.91,0.6739999999999999,0.131,22.16,12.01,13.06,25.07,33.57,15.04,65.0,0.204,19.0,29.23,8.0,12.31,0.613,0.092,27.27,13.69,9.54,23.24,27.82,31.15,287.0,0.287,61.0,21.25,31.0,10.8,0.806,0.151,25.34,11.46,14.41,25.87,24.17,18.48
745807,2024-06-16,2024,673490,R,656731,R,force_out,False,False,193.0,0.241,33.0,17.1,29.0,15.03,0.778,0.179,17.69,6.27,24.0,30.28,17.81,12.13,435.0,0.241,94.0,21.61,55.0,12.64,0.681,0.1,18.8,7.03,23.65,30.68,19.23,15.59,47.0,0.256,13.0,27.66,3.0,6.38,0.645,0.07,32.94,14.21,19.8,34.01,26.47,22.41,281.0,0.277,44.0,15.66,27.0,9.61,0.798,0.1649999999999999,21.37,9.49,16.31,25.81,22.89,15.17
745807,2024-06-16,2024,669134,R,656731,R,walk,False,True,146.0,0.279,21.0,14.38,10.0,6.85,0.741,0.13299999999999995,20.56,10.99,15.3,26.29,34.55,19.27,127.0,0.289,14.0,11.02,4.0,3.15,0.753,0.141,16.53,9.26,14.96,24.23,34.76,11.97,47.0,0.256,13.0,27.66,3.0,6.38,0.645,0.07,32.94,14.21,19.8,34.01,26.47,22.41,281.0,0.277,44.0,15.66,27.0,9.61,0.798,0.1649999999999999,21.37,9.49,16.31,25.81,22.89,15.17
745807,2024-06-16,2024,650333,L,656731,R,force_out,False,False,183.0,0.353,5.0,2.73,7.0,3.83,0.8180000000000001,0.08600000000000002,6.23,2.99,19.58,22.57,34.4,3.09,479.0,0.362,17.0,3.55,31.0,6.47,0.891,0.122,6.51,3.2,16.58,19.78,31.29,4.11,65.0,0.204,19.0,29.23,8.0,12.31,0.613,0.092,27.27,13.69,9.54,23.24,27.82,31.15,287.0,0.287,61.0,21.25,31.0,10.8,0.806,0.151,25.34,11.46,14.41,25.87,24.17,18.48
745807,2024-06-16,2024,664056,R,656302,R,strikeout,True,False,134.0,0.29,30.0,22.39,6.0,4.48,0.7150000000000001,0.08900000000000002,26.5,12.7,20.7,33.4,36.93,21.58,248.0,0.207,45.0,18.15,9.0,3.63,0.504,0.056,25.06,12.41,16.74,29.16,37.02,20.45,180.0,0.194,61.0,33.89,10.0,5.56,0.5449999999999999,0.10899999999999999,36.59,18.19,15.09,33.29,32.73,24.8,388.0,0.23,123.0,31.7,49.0,12.63,0.673,0.1139999999999999,34.99,15.88,15.7,31.59,28.15,21.5
745807,2024-06-16,2024,596019,L,656302,R,field_out,False,False,234.0,0.215,45.0,19.23,18.0,7.69,0.6659999999999999,0.163,23.61,11.47,15.41,26.88,25.71,17.79,483.0,0.242,102.0,21.12,51.0,10.56,0.757,0.182,23.68,11.49,14.35,25.84,28.12,17.29,153.0,0.206,40.0,26.14,13.0,8.5,0.658,0.17600000000000002,28.19,12.88,15.34,28.22,28.99,19.7,398.0,0.268,91.0,22.86,30.0,7.54,0.797,0.193,27.04,12.73,15.25,27.98,28.21,19.36
745807,2024-06-16,2024,607043,L,656302,R,field_out,False,False,209.0,0.219,54.0,25.84,33.0,15.79,0.729,0.148,24.28,9.91,17.16,27.08,20.13,18.0,448.0,0.266,98.0,21.88,60.0,13.39,0.874,0.235,20.87,8.67,19.47,28.14,19.23,16.42,153.0,0.206,40.0,26.14,13.0,8.5,0.658,0.17600000000000002,28.19,12.88,15.34,28.22,28.99,19.7,398.0,0.268,91.0,22.86,30.0,7.54,0.797,0.193,27.04,12.73,15.25,27.98,28.21,19.36
745807,2024-06-16,2024,665487,R,656731,R,strikeout,True,False,213.0,0.296,38.0,17.84,11.0,5.16,0.8760000000000001,0.24200000000000005,26.1,14.13,11.19,25.31,30.31,21.71,489.0,0.244,114.0,23.31,37.0,7.57,0.728,0.181,31.62,17.66,8.94,26.61,34.25,23.98,47.0,0.256,13.0,27.66,3.0,6.38,0.645,0.07,32.94,14.21,19.8,34.01,26.47,22.41,281.0,0.277,44.0,15.66,27.0,9.61,0.798,0.1649999999999999,21.37,9.49,16.31,25.81,22.89,15.17
745807,2024-06-16,2024,595777,L,656731,R,field_out,False,False,196.0,0.317,35.0,17.86,25.0,12.76,0.891,0.15899999999999997,17.93,8.14,15.04,23.18,22.93,13.71,375.0,0.229,68.0,18.13,37.0,9.87,0.6559999999999999,0.1159999999999999,21.66,10.43,14.17,24.61,26.12,14.59,65.0,0.204,19.0,29.23,8.0,12.31,0.613,0.092,27.27,13.69,9.54,23.24,27.82,31.15,287.0,0.287,61.0,21.25,31.0,10.8,0.806,0.151,25.34,11.46,14.41,25.87,24.17,18.48
745807,2024-06-16,2024,630105,L,656731,R,field_out,False,False,200.0,0.273,33.0,16.5,16.0,8.0,0.8440000000000001,0.23299999999999998,18.23,8.45,17.14,25.59,23.5,13.41,367.0,0.23,59.0,16.08,36.0,9.81,0.7,0.154,14.92,6.99,16.69,23.68,24.61,14.08,65.0,0.204,19.0,29.23,8.0,12.31,0.613,0.092,27.27,13.69,9.54,23.24,27.82,31.15,287.0,0.287,61.0,21.25,31.0,10.8,0.806,0.151,25.34,11.46,14.41,25.87,24.17,18.48
745807,2024-06-16,2024,502110,R,656302,R,walk,False,True,122.0,0.263,37.0,30.33,7.0,5.74,0.788,0.21899999999999997,29.39,15.46,14.26,29.72,33.47,20.9,343.0,0.27,106.0,30.9,21.0,6.12,0.8799999999999999,0.2979999999999999,35.71,19.2,12.73,31.93,33.23,24.42,180.0,0.194,61.0,33.89,10.0,5.56,0.5449999999999999,0.10899999999999999,36.59,18.19,15.09,33.29,32.73,24.8,388.0,0.23,123.0,31.7,49.0,12.63,0.673,0.1139999999999999,34.99,15.88,15.7,31.59,28.15,21.5
745807,2024-06-16,2024,624413,R,656302,R,strikeout,True,False,220.0,0.239,45.0,20.45,19.0,8.64,0.758,0.20800000000000002,23.16,10.55,19.06,29.62,30.3,18.8,475.0,0.214,109.0,22.95,44.0,9.26,0.8069999999999999,0.281,26.53,11.43,18.24,29.67,27.59,22.11,180.0,0.194,61.0,33.89,10.0,5.56,0.5449999999999999,0.10899999999999999,36.59,18.19,15.09,33.29,32.73,24.8,388.0,0.23,123.0,31.7,49.0,12.63,0.673,0.1139999999999999,34.99,15.88,15.7,31.59,28.15,21.5
745807,2024-06-16,2024,516782,R,656302,R,field_out,False,False,177.0,0.268,38.0,21.47,10.0,5.65,0.708,0.128,27.41,13.52,17.82,31.34,30.7,20.32,245.0,0.238,51.0,20.82,11.0,4.49,0.611,0.079,28.63,15.5,14.75,30.25,37.87,18.35,180.0,0.194,61.0,33.89,10.0,5.56,0.5449999999999999,0.10899999999999999,36.59,18.19,15.09,33.29,32.73,24.8,388.0,0.23,123.0,31.7,49.0,12.63,0.673,0.1139999999999999,34.99,15.88,15.7,31.59,28.15,21.5
745807,2024-06-16,2024,668901,R,656302,R,strikeout,True,False,52.0,0.217,11.0,21.15,5.0,9.62,0.6359999999999999,0.13099999999999998,32.63,16.58,14.44,31.02,30.43,21.57,145.0,0.209,41.0,28.28,8.0,5.52,0.643,0.172,34.08,18.24,17.03,35.27,36.73,29.93,180.0,0.194,61.0,33.89,10.0,5.56,0.5449999999999999,0.10899999999999999,36.59,18.19,15.09,33.29,32.73,24.8,388.0,0.23,123.0,31.7,49.0,12.63,0.673,0.1139999999999999,34.99,15.88,15.7,31.59,28.15,21.5
745807,2024-06-16,2024,592518,R,656731,R,strikeout,True,False,182.0,0.263,40.0,21.98,10.0,5.49,0.655,0.08799999999999997,25.43,12.63,14.78,27.4,27.58,20.2,452.0,0.241,83.0,18.36,36.0,7.96,0.747,0.205,24.68,12.42,14.05,26.47,29.58,16.9,47.0,0.256,13.0,27.66,3.0,6.38,0.645,0.07,32.94,14.21,19.8,34.01,26.47,22.41,281.0,0.277,44.0,15.66,27.0,9.61,0.798,0.1649999999999999,21.37,9.49,16.31,25.81,22.89,15.17
745807,2024-06-16,2024,701538,L,656731,R,field_out,False,False,167.0,0.314,27.0,16.17,9.0,5.39,0.794,0.128,17.47,9.59,13.39,22.98,36.67,14.21,,,,,,,,,,,,,,,65.0,0.204,19.0,29.23,8.0,12.31,0.613,0.092,27.27,13.69,9.54,23.24,27.82,31.15,287.0,0.287,61.0,21.25,31.0,10.8,0.806,0.151,25.34,11.46,14.41,25.87,24.17,18.48
745807,2024-06-16,2024,444482,L,656731,R,field_error,False,False,36.0,0.188,8.0,22.22,3.0,8.33,0.476,0.031,27.59,16.33,9.52,25.85,41.33,12.28,387.0,0.253,63.0,16.28,19.0,4.91,0.6739999999999999,0.131,22.16,12.01,13.06,25.07,33.57,15.04,65.0,0.204,19.0,29.23,8.0,12.31,0.613,0.092,27.27,13.69,9.54,23.24,27.82,31.15,287.0,0.287,61.0,21.25,31.0,10.8,0.806,0.151,25.34,11.46,14.41,25.87,24.17,18.48
745807,2024-06-16,2024,673490,R,656731,R,force_out,False,False,193.0,0.241,33.0,17.1,29.0,15.03,0.778,0.179,17.69,6.27,24.0,30.28,17.81,12.13,435.0,0.241,94.0,21.61,55.0,12.64,0.681,0.1,18.8,7.03,23.65,30.68,19.23,15.59,47.0,0.256,13.0,27.66,3.0,6.38,0.645,0.07,32.94,14.21,19.8,34.01,26.47,22.41,281.0,0.277,44.0,15.66,27.0,9.61,0.798,0.1649999999999999,21.37,9.49,16.31,25.81,22.89,15.17
745807,2024-06-16,2024,620443,R,656302,R,single,False,False,11.0,0.2,1.0,9.09,1.0,9.09,0.573,0.09999999999999998,22.22,9.09,25.0,34.09,25.0,7.69,9.0,0.125,3.0,33.33,0.0,0.0,0.472,0.125,20.0,6.98,20.93,27.91,29.63,25.0,180.0,0.194,61.0,33.89,10.0,5.56,0.5449999999999999,0.10899999999999999,36.59,18.19,15.09,33.29,32.73,24.8,388.0,0.23,123.0,31.7,49.0,12.63,0.673,0.1139999999999999,34.99,15.88,15.7,31.59,28.15,21.5
745807,2024-06-16,2024,643446,L,656302,R,field_out,False,False,168.0,0.207,18.0,10.71,15.0,8.93,0.587,0.093,12.42,6.42,13.85,20.27,27.86,11.32,447.0,0.26,48.0,10.74,25.0,5.59,0.6930000000000001,0.1149999999999999,14.08,7.59,11.21,18.8,32.05,12.57,153.0,0.206,40.0,26.14,13.0,8.5,0.658,0.17600000000000002,28.19,12.88,15.34,28.22,28.99,19.7,398.0,0.268,91.0,22.86,30.0,7.54,0.797,0.193,27.04,12.73,15.25,27.98,28.21,19.36
745807,2024-06-16,2024,664056,R,656302,R,double,False,False,134.0,0.29,30.0,22.39,6.0,4.48,0.7150000000000001,0.08900000000000002,26.5,12.7,20.7,33.4,36.93,21.58,248.0,0.207,45.0,18.15,9.0,3.63,0.504,0.056,25.06,12.41,16.74,29.16,37.02,20.45,180.0,0.194,61.0,33.89,10.0,5.56,0.5449999999999999,0.10899999999999999,36.59,18.19,15.09,33.29,32.73,24.8,388.0,0.23,123.0,31.7,49.0,12.63,0.673,0.1139999999999999,34.99,15.88,15.7,31.59,28.15,21.5
745807,2024-06-16,2024,596019,L,656302,R,sac_fly,False,False,234.0,0.215,45.0,19.23,18.0,7.69,0.6659999999999999,0.163,23.61,11.47,15.41,26.88,25.71,17.79,483.0,0.242,102.0,21.12,51.0,10.56,0.757,0.182,23.68,11.49,14.35,25.84,28.12,17.29,153.0,0.206,40.0,26.14,13.0,8.5,0.658,0.17600000000000002,28.19,12.88,15.34,28.22,28.99,19.7,398.0,0.268,91.0,22.86,30.0,7.54,0.797,0.193,27.04,12.73,15.25,27.98,28.21,19.36
745807,2024-06-16,2024,607043,L,656302,R,single,False,False,209.0,0.219,54.0,25.84,33.0,15.79,0.729,0.148,24.28,9.91,17.16,27.08,20.13,18.0,448.0,0.266,98.0,21.88,60.0,13.39,0.874,0.235,20.87,8.67,19.47,28.14,19.23,16.42,153.0,0.206,40.0,26.14,13.0,8.5,0.658,0.17600000000000002,28.19,12.88,15.34,28.22,28.99,19.7,398.0,0.268,91.0,22.86,30.0,7.54,0.797,0.193,27.04,12.73,15.25,27.98,28.21,19.36
745807,2024-06-16,2024,502110,R,656302,R,double,False,False,122.0,0.263,37.0,30.33,7.0,5.74,0.788,0.21899999999999997,29.39,15.46,14.26,29.72,33.47,20.9,343.0,0.27,106.0,30.9,21.0,6.12,0.8799999999999999,0.2979999999999999,35.71,19.2,12.73,31.93,33.23,24.42,180.0,0.194,61.0,33.89,10.0,5.56,0.5449999999999999,0.10899999999999999,36.59,18.19,15.09,33.29,32.73,24.8,388.0,0.23,123.0,31.7,49.0,12.63,0.673,0.1139999999999999,34.99,15.88,15.7,31.59,28.15,21.5
745807,2024-06-16,2024,624413,R,673513,L,field_out,False,False,79.0,0.203,17.0,21.52,7.0,8.86,0.768,0.261,20.81,9.6,15.48,25.08,27.88,16.83,183.0,0.224,42.0,22.95,21.0,11.48,0.859,0.302,25.52,11.15,17.51,28.66,27.34,16.87,75.0,0.148,15.0,20.0,12.0,16.0,0.526,0.098,25.93,11.63,12.96,24.58,25.0,17.86,,,,,,,,,,,,,,
745807,2024-06-16,2024,669134,R,656731,R,double,False,False,146.0,0.279,21.0,14.38,10.0,6.85,0.741,0.13299999999999995,20.56,10.99,15.3,26.29,34.55,19.27,127.0,0.289,14.0,11.02,4.0,3.15,0.753,0.141,16.53,9.26,14.96,24.23,34.76,11.97,47.0,0.256,13.0,27.66,3.0,6.38,0.645,0.07,32.94,14.21,19.8,34.01,26.47,22.41,281.0,0.277,44.0,15.66,27.0,9.61,0.798,0.1649999999999999,21.37,9.49,16.31,25.81,22.89,15.17
745807,2024-06-16,2024,650333,L,656731,R,double,False,False,183.0,0.353,5.0,2.73,7.0,3.83,0.8180000000000001,0.08600000000000002,6.23,2.99,19.58,22.57,34.4,3.09,479.0,0.362,17.0,3.55,31.0,6.47,0.891,0.122,6.51,3.2,16.58,19.78,31.29,4.11,65.0,0.204,19.0,29.23,8.0,12.31,0.613,0.092,27.27,13.69,9.54,23.24,27.82,31.15,287.0,0.287,61.0,21.25,31.0,10.8,0.806,0.151,25.34,11.46,14.41,25.87,24.17,18.48
745807,2024-06-16,2024,665487,R,656731,R,strikeout,True,False,213.0,0.296,38.0,17.84,11.0,5.16,0.8760000000000001,0.24200000000000005,26.1,14.13,11.19,25.31,30.31,21.71,489.0,0.244,114.0,23.31,37.0,7.57,0.728,0.181,31.62,17.66,8.94,26.61,34.25,23.98,47.0,0.256,13.0,27.66,3.0,6.38,0.645,0.07,32.94,14.21,19.8,34.01,26.47,22.41,281.0,0.277,44.0,15.66,27.0,9.61,0.798,0.1649999999999999,21.37,9.49,16.31,25.81,22.89,15.17
745807,2024-06-16,2024,595777,L,656731,R,field_out,False,False,196.0,0.317,35.0,17.86,25.0,12.76,0.891,0.15899999999999997,17.93,8.14,15.04,23.18,22.93,13.71,375.0,0.229,68.0,18.13,37.0,9.87,0.6559999999999999,0.1159999999999999,21.66,10.43,14.17,24.61,26.12,14.59,65.0,0.204,19.0,29.23,8.0,12.31,0.613,0.092,27.27,13.69,9.54,23.24,27.82,31.15,287.0,0.287,61.0,21.25,31.0,10.8,0.806,0.151,25.34,11.46,14.41,25.87,24.17,18.48
745807,2024-06-16,2024,630105,L,656731,R,field_out,False,False,200.0,0.273,33.0,16.5,16.0,8.0,0.8440000000000001,0.23299999999999998,18.23,8.45,17.14,25.59,23.5,13.41,367.0,0.23,59.0,16.08,36.0,9.81,0.7,0.154,14.92,6.99,16.69,23.68,24.61,14.08,65.0,0.204,19.0,29.23,8.0,12.31,0.613,0.092,27.27,13.69,9.54,23.24,27.82,31.15,287.0,0.287,61.0,21.25,31.0,10.8,0.806,0.151,25.34,11.46,14.41,25.87,24.17,18.48
745807,2024-06-16,2024,516782,R,673513,L,strikeout,True,False,70.0,0.333,14.0,20.0,6.0,8.57,0.924,0.191,27.89,14.14,13.1,27.24,29.25,13.33,96.0,0.273,18.0,18.75,5.0,5.21,0.66,0.068,25.99,13.29,13.87,27.17,35.98,20.22,75.0,0.148,15.0,20.0,12.0,16.0,0.526,0.098,25.93,11.63,12.96,24.58,25.0,17.86,,,,,,,,,,,,,,
745807,2024-06-16,2024,668901,R,673513,L,single,False,False,46.0,0.366,8.0,17.39,5.0,10.87,1.142,0.34099999999999997,25.88,13.92,12.03,25.95,32.18,20.51,88.0,0.214,30.0,34.09,2.0,2.27,0.584,0.1309999999999999,40.66,21.26,14.94,36.21,36.02,26.79,75.0,0.148,15.0,20.0,12.0,16.0,0.526,0.098,25.93,11.63,12.96,24.58,25.0,17.86,,,,,,,,,,,,,,
745807,2024-06-16,2024,620443,R,673513,L,field_out,False,False,9.0,0.375,3.0,33.33,1.0,11.11,1.569,0.75,33.33,17.5,12.5,30.0,31.58,23.08,21.0,0.3,6.0,28.57,1.0,4.76,0.7330000000000001,0.1,28.57,16.87,12.05,28.92,44.19,25.0,75.0,0.148,15.0,20.0,12.0,16.0,0.526,0.098,25.93,11.63,12.96,24.58,25.0,17.86,,,,,,,,,,,,,,
745807,2024-06-16,2024,643446,L,673513,L,field_out,False,False,75.0,0.254,10.0,13.33,3.0,4.0,0.617,0.07,13.38,6.83,11.87,18.71,24.26,13.33,201.0,0.294,17.0,8.46,14.0,6.97,0.753,0.09,12.21,6.17,14.39,20.56,24.68,10.37,41.0,0.25,8.0,19.51,6.0,14.63,0.703,0.09399999999999997,32.93,15.43,13.71,29.14,30.43,15.38,,,,,,,,,,,,,,
745807,2024-06-16,2024,592518,R,605288,R,strikeout,True,False,182.0,0.263,40.0,21.98,10.0,5.49,0.655,0.08799999999999997,25.43,12.63,14.78,27.4,27.58,20.2,452.0,0.241,83.0,18.36,36.0,7.96,0.747,0.205,24.68,12.42,14.05,26.47,29.58,16.9,108.0,0.272,15.0,13.89,13.0,12.04,0.729,0.08699999999999997,16.35,6.97,21.18,28.15,18.6,16.48,261.0,0.277,50.0,19.16,11.0,4.21,0.681,0.0959999999999999,18.24,8.65,19.33,27.98,31.95,16.78
745807,2024-06-16,2024,701538,L,605288,R,single,False,False,167.0,0.314,27.0,16.17,9.0,5.39,0.794,0.128,17.47,9.59,13.39,22.98,36.67,14.21,,,,,,,,,,,,,,,114.0,0.247,12.0,10.53,15.0,13.16,0.766,0.16499999999999998,18.36,8.8,11.81,20.6,23.25,9.92,220.0,0.268,46.0,20.91,23.0,10.45,0.7929999999999999,0.18,19.51,8.22,17.92,26.14,20.53,18.62
745807,2024-06-16,2024,444482,L,605288,R,field_out,False,False,36.0,0.188,8.0,22.22,3.0,8.33,0.476,0.031,27.59,16.33,9.52,25.85,41.33,12.28,387.0,0.253,63.0,16.28,19.0,4.91,0.6739999999999999,0.131,22.16,12.01,13.06,25.07,33.57,15.04,114.0,0.247,12.0,10.53,15.0,13.16,0.766,0.16499999999999998,18.36,8.8,11.81,20.6,23.25,9.92,220.0,0.268,46.0,20.91,23.0,10.45,0.7929999999999999,0.18,19.51,8.22,17.92,26.14,20.53,18.62
745807,2024-06-16,2024,673490,R,605288,R,field_out,False,False,193.0,0.241,33.0,17.1,29.0,15.03,0.778,0.179,17.69,6.27,24.0,30.28,17.81,12.13,435.0,0.241,94.0,21.61,55.0,12.64,0.681,0.1,18.8,7.03,23.65,30.68,19.23,15.59,108.0,0.272,15.0,13.89,13.0,12.04,0.729,0.08699999999999997,16.35,6.97,21.18,28.15,18.6,16.48,261.0,0.277,50.0,19.16,11.0,4.21,0.681,0.0959999999999999,18.24,8.65,19.33,27.98,31.95,16.78
745807,2024-06-16,2024,664056,R,663568,R,field_out,False,False,134.0,0.29,30.0,22.39,6.0,4.48,0.7150000000000001,0.08900000000000002,26.5,12.7,20.7,33.4,36.93,21.58,248.0,0.207,45.0,18.15,9.0,3.63,0.504,0.056,25.06,12.41,16.74,29.16,37.02,20.45,87.0,0.358,16.0,18.39,5.0,5.75,0.9450000000000001,0.18500000000000005,23.49,11.61,16.07,27.68,25.32,16.49,,,,,,,,,,,,,,
745807,2024-06-16,2024,596019,L,663568,R,field_out,False,False,234.0,0.215,45.0,19.23,18.0,7.69,0.6659999999999999,0.163,23.61,11.47,15.41,26.88,25.71,17.79,483.0,0.242,102.0,21.12,51.0,10.56,0.757,0.182,23.68,11.49,14.35,25.84,28.12,17.29,51.0,0.245,11.0,21.57,2.0,3.92,0.54,0.020000000000000018,15.31,8.11,18.38,26.49,33.33,18.64,,,,,,,,,,,,,,
745807,2024-06-16,2024,607043,L,663568,R,field_out,False,False,209.0,0.219,54.0,25.84,33.0,15.79,0.729,0.148,24.28,9.91,17.16,27.08,20.13,18.0,448.0,0.266,98.0,21.88,60.0,13.39,0.874,0.235,20.87,8.67,19.47,28.14,19.23,16.42,51.0,0.245,11.0,21.57,2.0,3.92,0.54,0.020000000000000018,15.31,8.11,18.38,26.49,33.33,18.64,,,,,,,,,,,,,,
745807,2024-06-16,2024,669134,R,605288,R,single,False,False,146.0,0.279,21.0,14.38,10.0,6.85,0.741,0.13299999999999995,20.56,10.99,15.3,26.29,34.55,19.27,127.0,0.289,14.0,11.02,4.0,3.15,0.753,0.141,16.53,9.26,14.96,24.23,34.76,11.97,108.0,0.272,15.0,13.89,13.0,12.04,0.729,0.08699999999999997,16.35,6.97,21.18,28.15,18.6,16.48,261.0,0.277,50.0,19.16,11.0,4.21,0.681,0.0959999999999999,18.24,8.65,19.33,27.98,31.95,16.78
745807,2024-06-16,2024,650333,L,605288,R,grounded_into_double_play,False,False,183.0,0.353,5.0,2.73,7.0,3.83,0.8180000000000001,0.08600000000000002,6.23,2.99,19.58,22.57,34.4,3.09,479.0,0.362,17.0,3.55,31.0,6.47,0.891,0.122,6.51,3.2,16.58,19.78,31.29,4.11,114.0,0.247,12.0,10.53,15.0,13.16,0.766,0.16499999999999998,18.36,8.8,11.81,20.6,23.25,9.92,220.0,0.268,46.0,20.91,23.0,10.45,0.7929999999999999,0.18,19.51,8.22,17.92,26.14,20.53,18.62
745807,2024-06-16,2024,665487,R,605288,R,field_out,False,False,213.0,0.296,38.0,17.84,11.0,5.16,0.8760000000000001,0.24200000000000005,26.1,14.13,11.19,25.31,30.31,21.71,489.0,0.244,114.0,23.31,37.0,7.57,0.728,0.181,31.62,17.66,8.94,26.61,34.25,23.98,108.0,0.272,15.0,13.89,13.0,12.04,0.729,0.08699999999999997,16.35,6.97,21.18,28.15,18.6,16.48,261.0,0.277,50.0,19.16,11.0,4.21,0.681,0.0959999999999999,18.24,8.65,19.33,27.98,31.95,16.78
745807,2024-06-16,2024,502110,R,663568,R,single,False,False,122.0,0.263,37.0,30.33,7.0,5.74,0.788,0.21899999999999997,29.39,15.46,14.26,29.72,33.47,20.9,343.0,0.27,106.0,30.9,21.0,6.12,0.8799999999999999,0.2979999999999999,35.71,19.2,12.73,31.93,33.23,24.42,87.0,0.358,16.0,18.39,5.0,5.75,0.9450000000000001,0.18500000000000005,23.49,11.61,16.07,27.68,25.32,16.49,,,,,,,,,,,,,,
745807,2024-06-16,2024,624413,R,663568,R,force_out,False,False,220.0,0.239,45.0,20.45,19.0,8.64,0.758,0.20800000000000002,23.16,10.55,19.06,29.62,30.3,18.8,475.0,0.214,109.0,22.95,44.0,9.26,0.8069999999999999,0.281,26.53,11.43,18.24,29.67,27.59,22.11,87.0,0.358,16.0,18.39,5.0,5.75,0.9450000000000001,0.18500000000000005,23.49,11.61,16.07,27.68,25.32,16.49,,,,,,,,,,,,,,
745807,2024-06-16,2024,516782,R,663568,R,strikeout,True,False,177.0,0.268,38.0,21.47,10.0,5.65,0.708,0.128,27.41,13.52,17.82,31.34,30.7,20.32,245.0,0.238,51.0,20.82,11.0,4.49,0.611,0.079,28.63,15.5,14.75,30.25,37.87,18.35,87.0,0.358,16.0,18.39,5.0,5.75,0.9450000000000001,0.18500000000000005,23.49,11.61,16.07,27.68,25.32,16.49,,,,,,,,,,,,,,
745807,2024-06-16,2024,668901,R,663568,R,strikeout,True,False,52.0,0.217,11.0,21.15,5.0,9.62,0.6359999999999999,0.13099999999999998,32.63,16.58,14.44,31.02,30.43,21.57,145.0,0.209,41.0,28.28,8.0,5.52,0.643,0.172,34.08,18.24,17.03,35.27,36.73,29.93,87.0,0.358,16.0,18.39,5.0,5.75,0.9450000000000001,0.18500000000000005,23.49,11.61,16.07,27.68,25.32,16.49,,,,,,,,,,,,,,
745807,2024-06-16,2024,595777,L,605288,R,single,False,False,196.0,0.317,35.0,17.86,25.0,12.76,0.891,0.15899999999999997,17.93,8.14,15.04,23.18,22.93,13.71,375.0,0.229,68.0,18.13,37.0,9.87,0.6559999999999999,0.1159999999999999,21.66,10.43,14.17,24.61,26.12,14.59,114.0,0.247,12.0,10.53,15.0,13.16,0.766,0.16499999999999998,18.36,8.8,11.81,20.6,23.25,9.92,220.0,0.268,46.0,20.91,23.0,10.45,0.7929999999999999,0.18,19.51,8.22,17.92,26.14,20.53,18.62
745807,2024-06-16,2024,630105,L,518617,L,fielders_choice,False,False,94.0,0.205,18.0,19.15,8.0,8.51,0.576,0.08399999999999999,17.68,8.04,15.08,23.12,18.62,14.29,156.0,0.229,38.0,24.36,10.0,6.41,0.665,0.1349999999999999,18.48,9.0,20.1,29.1,30.82,17.84,45.0,0.147,11.0,24.44,7.0,15.56,0.494,0.028999999999999998,25.68,10.22,18.82,29.03,24.51,21.15,102.0,0.229,25.0,24.51,16.0,15.69,0.663,0.0839999999999999,17.02,5.96,24.07,30.02,20.5,23.81
745807,2024-06-16,2024,456781,R,518617,L,walk,False,True,53.0,0.298,9.0,16.98,6.0,11.32,0.845,0.17000000000000004,24.51,10.5,19.75,30.25,25.41,11.84,153.0,0.286,32.0,20.92,11.0,7.19,0.746,0.114,24.12,11.77,18.21,29.98,32.04,14.35,50.0,0.179,17.0,34.0,9.0,18.0,0.827,0.308,33.33,14.78,17.39,32.17,23.89,19.1,142.0,0.151,39.0,27.46,22.0,15.49,0.524,0.0839999999999999,31.09,13.93,16.61,30.54,24.91,20.31
745807,2024-06-16,2024,701538,L,518617,L,walk,False,True,75.0,0.211,7.0,9.33,3.0,4.0,0.592,0.141,16.79,8.61,13.86,22.47,27.91,9.86,,,,,,,,,,,,,,,45.0,0.147,11.0,24.44,7.0,15.56,0.494,0.028999999999999998,25.68,10.22,18.82,29.03,24.51,21.15,102.0,0.229,25.0,24.51,16.0,15.69,0.663,0.0839999999999999,17.02,5.96,24.07,30.02,20.5,23.81
745807,2024-06-16,2024,444482,L,518617,L,force_out,False,False,5.0,0.667,1.0,20.0,0.0,0.0,1.8,0.33299999999999996,0.0,0.0,35.0,35.0,0.0,20.0,36.0,0.314,9.0,25.0,1.0,2.78,0.676,0.029,26.87,14.88,14.05,28.93,41.07,25.0,45.0,0.147,11.0,24.44,7.0,15.56,0.494,0.028999999999999998,25.68,10.22,18.82,29.03,24.51,21.15,102.0,0.229,25.0,24.51,16.0,15.69,0.663,0.0839999999999999,17.02,5.96,24.07,30.02,20.5,23.81
745807,2024-06-16,2024,673490,R,622098,R,double,False,False,193.0,0.241,33.0,17.1,29.0,15.03,0.778,0.179,17.69,6.27,24.0,30.28,17.81,12.13,435.0,0.241,94.0,21.61,55.0,12.64,0.681,0.1,18.8,7.03,23.65,30.68,19.23,15.59,35.0,0.207,10.0,28.57,5.0,14.29,0.5900000000000001,0.06900000000000003,28.24,15.48,11.61,27.1,25.71,18.87,142.0,0.236,33.0,23.24,15.0,10.56,0.777,0.203,25.69,11.73,15.53,27.26,25.36,15.87
745807,2024-06-16,2024,669134,R,622098,R,sac_fly,False,False,146.0,0.279,21.0,14.38,10.0,6.85,0.741,0.13299999999999995,20.56,10.99,15.3,26.29,34.55,19.27,127.0,0.289,14.0,11.02,4.0,3.15,0.753,0.141,16.53,9.26,14.96,24.23,34.76,11.97,35.0,0.207,10.0,28.57,5.0,14.29,0.5900000000000001,0.06900000000000003,28.24,15.48,11.61,27.1,25.71,18.87,142.0,0.236,33.0,23.24,15.0,10.56,0.777,0.203,25.69,11.73,15.53,27.26,25.36,15.87
745807,2024-06-16,2024,650333,L,622098,R,single,False,False,183.0,0.353,5.0,2.73,7.0,3.83,0.8180000000000001,0.08600000000000002,6.23,2.99,19.58,22.57,34.4,3.09,479.0,0.362,17.0,3.55,31.0,6.47,0.891,0.122,6.51,3.2,16.58,19.78,31.29,4.11,24.0,0.286,7.0,29.17,3.0,12.5,0.899,0.23800000000000004,34.78,17.58,10.99,28.57,25.53,19.44,102.0,0.247,27.0,26.47,14.0,13.73,0.8,0.2,26.51,12.61,13.5,26.11,27.27,18.62
745807,2024-06-16,2024,665487,R,622098,R,strikeout,True,False,213.0,0.296,38.0,17.84,11.0,5.16,0.8760000000000001,0.24200000000000005,26.1,14.13,11.19,25.31,30.31,21.71,489.0,0.244,114.0,23.31,37.0,7.57,0.728,0.181,31.62,17.66,8.94,26.61,34.25,23.98,35.0,0.207,10.0,28.57,5.0,14.29,0.5900000000000001,0.06900000000000003,28.24,15.48,11.61,27.1,25.71,18.87,142.0,0.236,33.0,23.24,15.0,10.56,0.777,0.203,25.69,11.73,15.53,27.26,25.36,15.87
745807,2024-06-16,2024,620443,R,669093,R,home_run,False,False,11.0,0.2,1.0,9.09,1.0,9.09,0.573,0.09999999999999998,22.22,9.09,25.0,34.09,25.0,7.69,9.0,0.125,3.0,33.33,0.0,0.0,0.472,0.125,20.0,6.98,20.93,27.91,29.63,25.0,49.0,0.159,21.0,42.86,4.0,8.16,0.474,0.091,38.54,18.78,14.21,32.99,30.21,36.21,34.0,0.308,9.0,26.47,7.0,20.59,1.21,0.461,27.4,12.99,12.34,25.32,24.05,17.65
745807,2024-06-16,2024,643446,L,669093,R,double,False,False,168.0,0.207,18.0,10.71,15.0,8.93,0.587,0.093,12.42,6.42,13.85,20.27,27.86,11.32,447.0,0.26,48.0,10.74,25.0,5.59,0.6930000000000001,0.1149999999999999,14.08,7.59,11.21,18.8,32.05,12.57,31.0,0.107,15.0,48.39,2.0,6.45,0.304,0.03599999999999999,39.06,20.0,13.6,33.6,31.75,38.46,22.0,0.235,4.0,18.18,5.0,22.73,0.762,0.118,19.51,9.09,13.64,22.73,23.08,12.9
745807,2024-06-16,2024,664056,R,669093,R,single,False,False,134.0,0.29,30.0,22.39,6.0,4.48,0.7150000000000001,0.08900000000000002,26.5,12.7,20.7,33.4,36.93,21.58,248.0,0.207,45.0,18.15,9.0,3.63,0.504,0.056,25.06,12.41,16.74,29.16,37.02,20.45,49.0,0.159,21.0,42.86,4.0,8.16,0.474,0.091,38.54,18.78,14.21,32.99,30.21,36.21,34.0,0.308,9.0,26.47,7.0,20.59,1.21,0.461,27.4,12.99,12.34,25.32,24.05,17.65
745807,2024-06-16,2024,596019,L,669093,R,walk,False,True,234.0,0.215,45.0,19.23,18.0,7.69,0.6659999999999999,0.163,23.61,11.47,15.41,26.88,25.71,17.79,483.0,0.242,102.0,21.12,51.0,10.56,0.757,0.182,23.68,11.49,14.35,25.84,28.12,17.29,31.0,0.107,15.0,48.39,2.0,6.45,0.304,0.03599999999999999,39.06,20.0,13.6,33.6,31.75,38.46,22.0,0.235,4.0,18.18,5.0,22.73,0.762,0.118,19.51,9.09,13.64,22.73,23.08,12.9
745807,2024-06-16,2024,607043,L,669093,R,single,False,False,209.0,0.219,54.0,25.84,33.0,15.79,0.729,0.148,24.28,9.91,17.16,27.08,20.13,18.0,448.0,0.266,98.0,21.88,60.0,13.39,0.874,0.235,20.87,8.67,19.47,28.14,19.23,16.42,31.0,0.107,15.0,48.39,2.0,6.45,0.304,0.03599999999999999,39.06,20.0,13.6,33.6,31.75,38.46,22.0,0.235,4.0,18.18,5.0,22.73,0.762,0.118,19.51,9.09,13.64,22.73,23.08,12.9
745807,2024-06-16,2024,502110,R,669093,R,strikeout,True,False,122.0,0.263,37.0,30.33,7.0,5.74,0.788,0.21899999999999997,29.39,15.46,14.26,29.72,33.47,20.9,343.0,0.27,106.0,30.9,21.0,6.12,0.8799999999999999,0.2979999999999999,35.71,19.2,12.73,31.93,33.23,24.42,49.0,0.159,21.0,42.86,4.0,8.16,0.474,0.091,38.54,18.78,14.21,32.99,30.21,36.21,34.0,0.308,9.0,26.47,7.0,20.59,1.21,0.461,27.4,12.99,12.34,25.32,24.05,17.65
745807,2024-06-16,2024,624413,R,669093,R,single,False,False,220.0,0.239,45.0,20.45,19.0,8.64,0.758,0.20800000000000002,23.16,10.55,19.06,29.62,30.3,18.8,475.0,0.214,109.0,22.95,44.0,9.26,0.8069999999999999,0.281,26.53,11.43,18.24,29.67,27.59,22.11,49.0,0.159,21.0,42.86,4.0,8.16,0.474,0.091,38.54,18.78,14.21,32.99,30.21,36.21,34.0,0.308,9.0,26.47,7.0,20.59,1.21,0.461,27.4,12.99,12.34,25.32,24.05,17.65
745807,2024-06-16,2024,516782,R,660853,R,grounded_into_double_play,False,False,177.0,0.268,38.0,21.47,10.0,5.65,0.708,0.128,27.41,13.52,17.82,31.34,30.7,20.32,245.0,0.238,51.0,20.82,11.0,4.49,0.611,0.079,28.63,15.5,14.75,30.25,37.87,18.35,83.0,0.244,28.0,33.73,4.0,4.82,0.738,0.20500000000000002,33.51,18.99,14.54,33.53,30.71,21.88,143.0,0.171,44.0,30.77,10.0,6.99,0.516,0.093,35.46,18.12,15.04,33.15,32.74,25.88
745807,2024-06-16,2024,595777,L,656887,R,field_out,False,False,196.0,0.317,35.0,17.86,25.0,12.76,0.891,0.15899999999999997,17.93,8.14,15.04,23.18,22.93,13.71,375.0,0.229,68.0,18.13,37.0,9.87,0.6559999999999999,0.1159999999999999,21.66,10.43,14.17,24.61,26.12,14.59,34.0,0.148,10.0,29.41,5.0,14.71,0.458,0.037000000000000005,34.92,15.6,16.31,31.91,25.0,23.81,18.0,0.2,10.0,55.56,3.0,16.67,0.533,0.0,46.67,22.83,15.22,38.04,33.96,25.0
745807,2024-06-16,2024,630105,L,656887,R,field_out,False,False,200.0,0.273,33.0,16.5,16.0,8.0,0.8440000000000001,0.23299999999999998,18.23,8.45,17.14,25.59,23.5,13.41,367.0,0.23,59.0,16.08,36.0,9.81,0.7,0.154,14.92,6.99,16.69,23.68,24.61,14.08,34.0,0.148,10.0,29.41,5.0,14.71,0.458,0.037000000000000005,34.92,15.6,16.31,31.91,25.0,23.81,18.0,0.2,10.0,55.56,3.0,16.67,0.533,0.0,46.67,22.83,15.22,38.04,33.96,25.0
745807,2024-06-16,2024,456781,R,656887,R,field_out,False,False,45.0,0.275,11.0,24.44,2.0,4.44,0.708,0.09999999999999998,19.54,9.39,21.55,30.94,26.03,16.92,297.0,0.28,68.0,22.9,29.0,9.76,0.766,0.1059999999999999,26.06,12.14,17.61,29.74,28.81,17.48,51.0,0.186,14.0,27.45,8.0,15.69,0.523,0.022999999999999993,28.57,12.32,20.85,33.18,18.92,22.22,16.0,0.083,6.0,37.5,3.0,18.75,0.417,0.084,31.03,12.33,24.66,36.99,20.0,25.0
745977,2024-06-16,2024,670770,L,607067,R,field_out,False,False,60.0,0.226,10.0,16.67,5.0,8.33,0.7769999999999999,0.24599999999999997,15.38,6.17,19.82,25.99,20.72,17.86,446.0,0.26,70.0,15.7,38.0,8.52,0.785,0.189,18.12,7.73,19.52,27.25,25.03,13.48,163.0,0.265,27.0,16.56,15.0,9.2,0.8200000000000001,0.21799999999999997,16.34,6.94,20.5,27.44,20.75,16.46,247.0,0.251,48.0,19.43,19.0,7.69,0.8160000000000001,0.251,19.13,9.16,18.52,27.68,26.2,15.34
745977,2024-06-16,2024,682829,L,607067,R,triple,False,False,188.0,0.24,64.0,34.04,21.0,11.17,0.7969999999999999,0.23299999999999998,33.11,13.25,21.31,34.56,24.21,31.66,307.0,0.255,95.0,30.94,30.0,9.77,0.7989999999999999,0.2159999999999999,26.69,11.86,17.47,29.33,31.27,25.07,163.0,0.265,27.0,16.56,15.0,9.2,0.8200000000000001,0.21799999999999997,16.34,6.94,20.5,27.44,20.75,16.46,247.0,0.251,48.0,19.43,19.0,7.69,0.8160000000000001,0.251,19.13,9.16,18.52,27.68,26.2,15.34
745977,2024-06-16,2024,600869,L,607067,R,sac_fly,False,False,172.0,0.255,44.0,25.58,8.0,4.65,0.845,0.29800000000000004,27.71,14.92,13.38,28.31,36.7,21.57,415.0,0.251,91.0,21.93,38.0,9.16,0.812,0.2279999999999999,25.42,11.83,16.22,28.05,27.64,18.71,163.0,0.265,27.0,16.56,15.0,9.2,0.8200000000000001,0.21799999999999997,16.34,6.94,20.5,27.44,20.75,16.46,247.0,0.251,48.0,19.43,19.0,7.69,0.8160000000000001,0.251,19.13,9.16,18.52,27.68,26.2,15.34
745977,2024-06-16,2024,668715,R,607067,R,field_out,False,False,196.0,0.224,40.0,20.41,20.0,10.2,0.6559999999999999,0.12099999999999997,21.67,9.68,17.62,27.3,25.12,15.04,487.0,0.256,106.0,21.77,51.0,10.47,0.7789999999999999,0.175,25.48,10.86,19.02,29.88,22.75,18.53,138.0,0.209,21.0,15.22,8.0,5.8,0.571,0.101,18.93,9.45,17.66,27.1,27.63,14.58,270.0,0.22,62.0,22.96,19.0,7.04,0.65,0.151,28.46,13.58,17.08,30.66,28.62,18.94
745977,2024-06-16,2024,668930,L,593423,R,field_out,False,False,217.0,0.302,32.0,14.75,19.0,8.76,0.7749999999999999,0.10899999999999999,12.66,5.85,18.88,24.73,25.07,13.91,376.0,0.224,82.0,21.81,30.0,7.98,0.608,0.097,22.03,10.83,16.08,26.9,28.59,16.14,132.0,0.289,20.0,15.15,14.0,10.61,0.864,0.193,19.76,9.67,13.35,23.02,28.57,13.51,2.0,1.0,0.0,0.0,1.0,50.0,2.0,0.0,0.0,0.0,14.29,14.29,0.0,
745977,2024-06-16,2024,661388,R,593423,R,single,False,False,239.0,0.304,44.0,18.41,23.0,9.62,0.872,0.191,29.83,14.01,14.13,28.14,24.63,17.53,434.0,0.262,94.0,21.66,42.0,9.68,0.72,0.119,27.61,11.63,19.55,31.17,24.86,18.08,114.0,0.204,24.0,21.05,9.0,7.89,0.5940000000000001,0.11600000000000002,24.24,12.2,14.81,27.02,28.38,16.0,5.0,0.2,1.0,20.0,0.0,0.0,0.6000000000000001,0.2,36.36,21.05,10.53,31.58,45.45,11.11
745977,2024-06-16,2024,592885,L,593423,R,field_out,False,False,127.0,0.327,27.0,21.26,15.0,11.81,0.896,0.16399999999999998,22.71,10.34,14.12,24.45,24.91,17.2,473.0,0.294,103.0,21.78,64.0,13.53,0.882,0.195,26.99,11.53,15.4,26.93,23.89,19.07,132.0,0.289,20.0,15.15,14.0,10.61,0.864,0.193,19.76,9.67,13.35,23.02,28.57,13.51,2.0,1.0,0.0,0.0,1.0,50.0,2.0,0.0,0.0,0.0,14.29,14.29,0.0,
745977,2024-06-16,2024,642715,R,593423,R,strikeout,True,False,233.0,0.259,52.0,22.32,25.0,10.73,0.795,0.195,29.84,14.12,15.09,29.2,26.71,18.31,480.0,0.212,117.0,24.38,47.0,9.79,0.702,0.194,32.44,16.53,12.85,29.38,32.69,19.28,114.0,0.204,24.0,21.05,9.0,7.89,0.5940000000000001,0.11600000000000002,24.24,12.2,14.81,27.02,28.38,16.0,5.0,0.2,1.0,20.0,0.0,0.0,0.6000000000000001,0.2,36.36,21.05,10.53,31.58,45.45,11.11
745977,2024-06-16,2024,641584,L,607067,R,single,False,False,143.0,0.281,30.0,20.98,12.0,8.39,0.702,0.07799999999999996,20.4,11.66,9.37,21.03,28.39,17.96,339.0,0.268,66.0,19.47,34.0,10.03,0.815,0.199,24.78,12.84,11.52,24.36,30.55,18.38,163.0,0.265,27.0,16.56,15.0,9.2,0.8200000000000001,0.21799999999999997,16.34,6.94,20.5,27.44,20.75,16.46,247.0,0.251,48.0,19.43,19.0,7.69,0.8160000000000001,0.251,19.13,9.16,18.52,27.68,26.2,15.34
745977,2024-06-16,2024,605361,L,607067,R,field_out,False,False,95.0,0.207,23.0,24.21,5.0,5.26,0.6100000000000001,0.13400000000000004,28.0,13.17,18.01,31.18,27.62,21.7,67.0,0.262,11.0,16.42,4.0,5.97,0.951,0.361,16.8,7.78,18.52,26.3,24.19,11.46,163.0,0.265,27.0,16.56,15.0,9.2,0.8200000000000001,0.21799999999999997,16.34,6.94,20.5,27.44,20.75,16.46,247.0,0.251,48.0,19.43,19.0,7.69,0.8160000000000001,0.251,19.13,9.16,18.52,27.68,26.2,15.34
745977,2024-06-16,2024,663697,R,607067,R,field_out,False,False,171.0,0.222,41.0,23.98,23.0,13.45,0.645,0.09,20.15,7.25,21.07,28.32,15.98,19.71,397.0,0.257,73.0,18.39,37.0,9.32,0.7809999999999999,0.175,21.3,8.18,21.42,29.59,19.53,15.19,138.0,0.209,21.0,15.22,8.0,5.8,0.571,0.101,18.93,9.45,17.66,27.1,27.63,14.58,270.0,0.22,62.0,22.96,19.0,7.04,0.65,0.151,28.46,13.58,17.08,30.66,28.62,18.94
745977,2024-06-16,2024,571912,R,607067,R,field_out,False,False,55.0,0.167,20.0,36.36,3.0,5.45,0.481,0.04099999999999998,29.81,13.48,17.39,30.87,25.64,27.78,141.0,0.224,35.0,24.82,10.0,7.09,0.675,0.144,25.1,11.19,19.96,31.16,24.62,23.65,138.0,0.209,21.0,15.22,8.0,5.8,0.571,0.101,18.93,9.45,17.66,27.1,27.63,14.58,270.0,0.22,62.0,22.96,19.0,7.04,0.65,0.151,28.46,13.58,17.08,30.66,28.62,18.94
745977,2024-06-16,2024,641343,L,593423,R,strikeout,True,False,149.0,0.206,53.0,35.57,14.0,9.4,0.663,0.16,30.91,13.93,18.69,32.62,22.06,27.46,244.0,0.205,83.0,34.02,26.0,10.66,0.72,0.228,32.78,14.71,16.21,30.93,23.65,23.92,132.0,0.289,20.0,15.15,14.0,10.61,0.864,0.193,19.76,9.67,13.35,23.02,28.57,13.51,2.0,1.0,0.0,0.0,1.0,50.0,2.0,0.0,0.0,0.0,14.29,14.29,0.0,
745977,2024-06-16,2024,687401,R,593423,R,strikeout,True,False,147.0,0.306,16.0,10.88,20.0,13.61,0.909,0.202,14.6,5.62,21.64,27.26,23.05,9.58,13.0,0.077,3.0,23.08,0.0,0.0,0.2309999999999999,0.077,15.79,8.11,21.62,29.73,26.67,33.33,114.0,0.204,24.0,21.05,9.0,7.89,0.5940000000000001,0.11600000000000002,24.24,12.2,14.81,27.02,28.38,16.0,5.0,0.2,1.0,20.0,0.0,0.0,0.6000000000000001,0.2,36.36,21.05,10.53,31.58,45.45,11.11
745977,2024-06-16,2024,686217,L,593423,R,field_out,False,False,209.0,0.249,40.0,19.14,21.0,10.05,0.643,0.059,15.36,6.11,22.07,28.18,26.27,17.09,180.0,0.261,30.0,16.67,23.0,12.78,0.722,0.1049999999999999,15.26,6.63,20.31,26.94,29.52,13.18,132.0,0.289,20.0,15.15,14.0,10.61,0.864,0.193,19.76,9.67,13.35,23.02,28.57,13.51,2.0,1.0,0.0,0.0,1.0,50.0,2.0,0.0,0.0,0.0,14.29,14.29,0.0,
745977,2024-06-16,2024,666181,L,607067,R,field_out,False,False,174.0,0.236,74.0,42.53,17.0,9.77,0.769,0.22300000000000003,39.71,18.87,15.15,34.02,21.71,31.62,285.0,0.297,89.0,31.23,37.0,12.98,0.938,0.252,31.03,13.11,16.03,29.13,18.51,23.66,163.0,0.265,27.0,16.56,15.0,9.2,0.8200000000000001,0.21799999999999997,16.34,6.94,20.5,27.44,20.75,16.46,247.0,0.251,48.0,19.43,19.0,7.69,0.8160000000000001,0.251,19.13,9.16,18.52,27.68,26.2,15.34
745977,2024-06-16,2024,670770,L,607067,R,field_out,False,False,60.0,0.226,10.0,16.67,5.0,8.33,0.7769999999999999,0.24599999999999997,15.38,6.17,19.82,25.99,20.72,17.86,446.0,0.26,70.0,15.7,38.0,8.52,0.785,0.189,18.12,7.73,19.52,27.25,25.03,13.48,163.0,0.265,27.0,16.56,15.0,9.2,0.8200000000000001,0.21799999999999997,16.34,6.94,20.5,27.44,20.75,16.46,247.0,0.251,48.0,19.43,19.0,7.69,0.8160000000000001,0.251,19.13,9.16,18.52,27.68,26.2,15.34
745977,2024-06-16,2024,682829,L,607067,R,walk,False,True,188.0,0.24,64.0,34.04,21.0,11.17,0.7969999999999999,0.23299999999999998,33.11,13.25,21.31,34.56,24.21,31.66,307.0,0.255,95.0,30.94,30.0,9.77,0.7989999999999999,0.2159999999999999,26.69,11.86,17.47,29.33,31.27,25.07,163.0,0.265,27.0,16.56,15.0,9.2,0.8200000000000001,0.21799999999999997,16.34,6.94,20.5,27.44,20.75,16.46,247.0,0.251,48.0,19.43,19.0,7.69,0.8160000000000001,0.251,19.13,9.16,18.52,27.68,26.2,15.34
745977,2024-06-16,2024,600869,L,607067,R,strikeout,True,False,172.0,0.255,44.0,25.58,8.0,4.65,0.845,0.29800000000000004,27.71,14.92,13.38,28.31,36.7,21.57,415.0,0.251,91.0,21.93,38.0,9.16,0.812,0.2279999999999999,25.42,11.83,16.22,28.05,27.64,18.71,163.0,0.265,27.0,16.56,15.0,9.2,0.8200000000000001,0.21799999999999997,16.34,6.94,20.5,27.44,20.75,16.46,247.0,0.251,48.0,19.43,19.0,7.69,0.8160000000000001,0.251,19.13,9.16,18.52,27.68,26.2,15.34
745977,2024-06-16,2024,694192,R,593423,R,field_out,False,False,154.0,0.255,42.0,27.27,7.0,4.55,0.702,0.15899999999999997,32.26,16.3,18.84,35.14,36.43,25.0,,,,,,,,,,,,,,,114.0,0.204,24.0,21.05,9.0,7.89,0.5940000000000001,0.11600000000000002,24.24,12.2,14.81,27.02,28.38,16.0,5.0,0.2,1.0,20.0,0.0,0.0,0.6000000000000001,0.2,36.36,21.05,10.53,31.58,45.45,11.11
745977,2024-06-16,2024,663368,L,593423,R,walk,False,True,169.0,0.263,47.0,27.81,13.0,7.69,0.726,0.132,30.4,12.77,21.08,33.85,24.92,27.49,110.0,0.231,33.0,30.0,17.0,15.45,0.715,0.1319999999999999,24.04,9.0,23.31,32.31,18.26,20.5,132.0,0.289,20.0,15.15,14.0,10.61,0.864,0.193,19.76,9.67,13.35,23.02,28.57,13.51,2.0,1.0,0.0,0.0,1.0,50.0,2.0,0.0,0.0,0.0,14.29,14.29,0.0,
745977,2024-06-16,2024,668930,L,593423,R,walk,False,True,217.0,0.302,32.0,14.75,19.0,8.76,0.7749999999999999,0.10899999999999999,12.66,5.85,18.88,24.73,25.07,13.91,376.0,0.224,82.0,21.81,30.0,7.98,0.608,0.097,22.03,10.83,16.08,26.9,28.59,16.14,132.0,0.289,20.0,15.15,14.0,10.61,0.864,0.193,19.76,9.67,13.35,23.02,28.57,13.51,2.0,1.0,0.0,0.0,1.0,50.0,2.0,0.0,0.0,0.0,14.29,14.29,0.0,
745977,2024-06-16,2024,661388,R,593423,R,field_out,False,False,239.0,0.304,44.0,18.41,23.0,9.62,0.872,0.191,29.83,14.01,14.13,28.14,24.63,17.53,434.0,0.262,94.0,21.66,42.0,9.68,0.72,0.119,27.61,11.63,19.55,31.17,24.86,18.08,114.0,0.204,24.0,21.05,9.0,7.89,0.5940000000000001,0.11600000000000002,24.24,12.2,14.81,27.02,28.38,16.0,5.0,0.2,1.0,20.0,0.0,0.0,0.6000000000000001,0.2,36.36,21.05,10.53,31.58,45.45,11.11
745977,2024-06-16,2024,668715,R,607067,R,home_run,False,False,196.0,0.224,40.0,20.41,20.0,10.2,0.6559999999999999,0.12099999999999997,21.67,9.68,17.62,27.3,25.12,15.04,487.0,0.256,106.0,21.77,51.0,10.47,0.7789999999999999,0.175,25.48,10.86,19.02,29.88,22.75,18.53,138.0,0.209,21.0,15.22,8.0,5.8,0.571,0.101,18.93,9.45,17.66,27.1,27.63,14.58,270.0,0.22,62.0,22.96,19.0,7.04,0.65,0.151,28.46,13.58,17.08,30.66,28.62,18.94
745977,2024-06-16,2024,641584,L,607067,R,field_out,False,False,143.0,0.281,30.0,20.98,12.0,8.39,0.702,0.07799999999999996,20.4,11.66,9.37,21.03,28.39,17.96,339.0,0.268,66.0,19.47,34.0,10.03,0.815,0.199,24.78,12.84,11.52,24.36,30.55,18.38,163.0,0.265,27.0,16.56,15.0,9.2,0.8200000000000001,0.21799999999999997,16.34,6.94,20.5,27.44,20.75,16.46,247.0,0.251,48.0,19.43,19.0,7.69,0.8160000000000001,0.251,19.13,9.16,18.52,27.68,26.2,15.34
745977,2024-06-16,2024,605361,L,607067,R,strikeout,True,False,95.0,0.207,23.0,24.21,5.0,5.26,0.6100000000000001,0.13400000000000004,28.0,13.17,18.01,31.18,27.62,21.7,67.0,0.262,11.0,16.42,4.0,5.97,0.951,0.361,16.8,7.78,18.52,26.3,24.19,11.46,163.0,0.265,27.0,16.56,15.0,9.2,0.8200000000000001,0.21799999999999997,16.34,6.94,20.5,27.44,20.75,16.46,247.0,0.251,48.0,19.43,19.0,7.69,0.8160000000000001,0.251,19.13,9.16,18.52,27.68,26.2,15.34
745977,2024-06-16,2024,663697,R,607067,R,field_out,False,False,171.0,0.222,41.0,23.98,23.0,13.45,0.645,0.09,20.15,7.25,21.07,28.32,15.98,19.71,397.0,0.257,73.0,18.39,37.0,9.32,0.7809999999999999,0.175,21.3,8.18,21.42,29.59,19.53,15.19,138.0,0.209,21.0,15.22,8.0,5.8,0.571,0.101,18.93,9.45,17.66,27.1,27.63,14.58,270.0,0.22,62.0,22.96,19.0,7.04,0.65,0.151,28.46,13.58,17.08,30.66,28.62,18.94
745977,2024-06-16,2024,592885,L,593423,R,field_out,False,False,127.0,0.327,27.0,21.26,15.0,11.81,0.896,0.16399999999999998,22.71,10.34,14.12,24.45,24.91,17.2,473.0,0.294,103.0,21.78,64.0,13.53,0.882,0.195,26.99,11.53,15.4,26.93,23.89,19.07,132.0,0.289,20.0,15.15,14.0,10.61,0.864,0.193,19.76,9.67,13.35,23.02,28.57,13.51,2.0,1.0,0.0,0.0,1.0,50.0,2.0,0.0,0.0,0.0,14.29,14.29,0.0,
745977,2024-06-16,2024,642715,R,593423,R,field_out,False,False,233.0,0.259,52.0,22.32,25.0,10.73,0.795,0.195,29.84,14.12,15.09,29.2,26.71,18.31,480.0,0.212,117.0,24.38,47.0,9.79,0.702,0.194,32.44,16.53,12.85,29.38,32.69,19.28,114.0,0.204,24.0,21.05,9.0,7.89,0.5940000000000001,0.11600000000000002,24.24,12.2,14.81,27.02,28.38,16.0,5.0,0.2,1.0,20.0,0.0,0.0,0.6000000000000001,0.2,36.36,21.05,10.53,31.58,45.45,11.11
745977,2024-06-16,2024,641343,L,593423,R,field_out,False,False,149.0,0.206,53.0,35.57,14.0,9.4,0.663,0.16,30.91,13.93,18.69,32.62,22.06,27.46,244.0,0.205,83.0,34.02,26.0,10.66,0.72,0.228,32.78,14.71,16.21,30.93,23.65,23.92,132.0,0.289,20.0,15.15,14.0,10.61,0.864,0.193,19.76,9.67,13.35,23.02,28.57,13.51,2.0,1.0,0.0,0.0,1.0,50.0,2.0,0.0,0.0,0.0,14.29,14.29,0.0,
745977,2024-06-16,2024,571912,R,607067,R,strikeout,True,False,55.0,0.167,20.0,36.36,3.0,5.45,0.481,0.04099999999999998,29.81,13.48,17.39,30.87,25.64,27.78,141.0,0.224,35.0,24.82,10.0,7.09,0.675,0.144,25.1,11.19,19.96,31.16,24.62,23.65,138.0,0.209,21.0,15.22,8.0,5.8,0.571,0.101,18.93,9.45,17.66,27.1,27.63,14.58,270.0,0.22,62.0,22.96,19.0,7.04,0.65,0.151,28.46,13.58,17.08,30.66,28.62,18.94
745977,2024-06-16,2024,666181,L,607067,R,strikeout,True,False,174.0,0.236,74.0,42.53,17.0,9.77,0.769,0.22300000000000003,39.71,18.87,15.15,34.02,21.71,31.62,285.0,0.297,89.0,31.23,37.0,12.98,0.938,0.252,31.03,13.11,16.03,29.13,18.51,23.66,163.0,0.265,27.0,16.56,15.0,9.2,0.8200000000000001,0.21799999999999997,16.34,6.94,20.5,27.44,20.75,16.46,247.0,0.251,48.0,19.43,19.0,7.69,0.8160000000000001,0.251,19.13,9.16,18.52,27.68,26.2,15.34
745977,2024-06-16,2024,670770,L,607067,R,field_out,False,False,60.0,0.226,10.0,16.67,5.0,8.33,0.7769999999999999,0.24599999999999997,15.38,6.17,19.82,25.99,20.72,17.86,446.0,0.26,70.0,15.7,38.0,8.52,0.785,0.189,18.12,7.73,19.52,27.25,25.03,13.48,163.0,0.265,27.0,16.56,15.0,9.2,0.8200000000000001,0.21799999999999997,16.34,6.94,20.5,27.44,20.75,16.46,247.0,0.251,48.0,19.43,19.0,7.69,0.8160000000000001,0.251,19.13,9.16,18.52,27.68,26.2,15.34
745977,2024-06-16,2024,687401,R,593423,R,double,False,False,147.0,0.306,16.0,10.88,20.0,13.61,0.909,0.202,14.6,5.62,21.64,27.26,23.05,9.58,13.0,0.077,3.0,23.08,0.0,0.0,0.2309999999999999,0.077,15.79,8.11,21.62,29.73,26.67,33.33,114.0,0.204,24.0,21.05,9.0,7.89,0.5940000000000001,0.11600000000000002,24.24,12.2,14.81,27.02,28.38,16.0,5.0,0.2,1.0,20.0,0.0,0.0,0.6000000000000001,0.2,36.36,21.05,10.53,31.58,45.45,11.11
745977,2024-06-16,2024,686217,L,593423,R,single,False,False,209.0,0.249,40.0,19.14,21.0,10.05,0.643,0.059,15.36,6.11,22.07,28.18,26.27,17.09,180.0,0.261,30.0,16.67,23.0,12.78,0.722,0.1049999999999999,15.26,6.63,20.31,26.94,29.52,13.18,132.0,0.289,20.0,15.15,14.0,10.61,0.864,0.193,19.76,9.67,13.35,23.02,28.57,13.51,2.0,1.0,0.0,0.0,1.0,50.0,2.0,0.0,0.0,0.0,14.29,14.29,0.0,
745977,2024-06-16,2024,694192,R,593423,R,field_out,False,False,154.0,0.255,42.0,27.27,7.0,4.55,0.702,0.15899999999999997,32.26,16.3,18.84,35.14,36.43,25.0,,,,,,,,,,,,,,,114.0,0.204,24.0,21.05,9.0,7.89,0.5940000000000001,0.11600000000000002,24.24,12.2,14.81,27.02,28.38,16.0,5.0,0.2,1.0,20.0,0.0,0.0,0.6000000000000001,0.2,36.36,21.05,10.53,31.58,45.45,11.11
745977,2024-06-16,2024,663368,L,593423,R,strikeout,True,False,169.0,0.263,47.0,27.81,13.0,7.69,0.726,0.132,30.4,12.77,21.08,33.85,24.92,27.49,110.0,0.231,33.0,30.0,17.0,15.45,0.715,0.1319999999999999,24.04,9.0,23.31,32.31,18.26,20.5,132.0,0.289,20.0,15.15,14.0,10.61,0.864,0.193,19.76,9.67,13.35,23.02,28.57,13.51,2.0,1.0,0.0,0.0,1.0,50.0,2.0,0.0,0.0,0.0,14.29,14.29,0.0,
745977,2024-06-16,2024,668930,L,593423,R,strikeout,True,False,217.0,0.302,32.0,14.75,19.0,8.76,0.7749999999999999,0.10899999999999999,12.66,5.85,18.88,24.73,25.07,13.91,376.0,0.224,82.0,21.81,30.0,7.98,0.608,0.097,22.03,10.83,16.08,26.9,28.59,16.14,132.0,0.289,20.0,15.15,14.0,10.61,0.864,0.193,19.76,9.67,13.35,23.02,28.57,13.51,2.0,1.0,0.0,0.0,1.0,50.0,2.0,0.0,0.0,0.0,14.29,14.29,0.0,
745977,2024-06-16,2024,682829,L,607067,R,strikeout,True,False,188.0,0.24,64.0,34.04,21.0,11.17,0.7969999999999999,0.23299999999999998,33.11,13.25,21.31,34.56,24.21,31.66,307.0,0.255,95.0,30.94,30.0,9.77,0.7989999999999999,0.2159999999999999,26.69,11.86,17.47,29.33,31.27,25.07,163.0,0.265,27.0,16.56,15.0,9.2,0.8200000000000001,0.21799999999999997,16.34,6.94,20.5,27.44,20.75,16.46,247.0,0.251,48.0,19.43,19.0,7.69,0.8160000000000001,0.251,19.13,9.16,18.52,27.68,26.2,15.34
745977,2024-06-16,2024,600869,L,607067,R,strikeout,True,False,172.0,0.255,44.0,25.58,8.0,4.65,0.845,0.29800000000000004,27.71,14.92,13.38,28.31,36.7,21.57,415.0,0.251,91.0,21.93,38.0,9.16,0.812,0.2279999999999999,25.42,11.83,16.22,28.05,27.64,18.71,163.0,0.265,27.0,16.56,15.0,9.2,0.8200000000000001,0.21799999999999997,16.34,6.94,20.5,27.44,20.75,16.46,247.0,0.251,48.0,19.43,19.0,7.69,0.8160000000000001,0.251,19.13,9.16,18.52,27.68,26.2,15.34
745977,2024-06-16,2024,668715,R,607067,R,single,False,False,196.0,0.224,40.0,20.41,20.0,10.2,0.6559999999999999,0.12099999999999997,21.67,9.68,17.62,27.3,25.12,15.04,487.0,0.256,106.0,21.77,51.0,10.47,0.7789999999999999,0.175,25.48,10.86,19.02,29.88,22.75,18.53,138.0,0.209,21.0,15.22,8.0,5.8,0.571,0.101,18.93,9.45,17.66,27.1,27.63,14.58,270.0,0.22,62.0,22.96,19.0,7.04,0.65,0.151,28.46,13.58,17.08,30.66,28.62,18.94
745977,2024-06-16,2024,641584,L,607067,R,field_out,False,False,143.0,0.281,30.0,20.98,12.0,8.39,0.702,0.07799999999999996,20.4,11.66,9.37,21.03,28.39,17.96,339.0,0.268,66.0,19.47,34.0,10.03,0.815,0.199,24.78,12.84,11.52,24.36,30.55,18.38,163.0,0.265,27.0,16.56,15.0,9.2,0.8200000000000001,0.21799999999999997,16.34,6.94,20.5,27.44,20.75,16.46,247.0,0.251,48.0,19.43,19.0,7.69,0.8160000000000001,0.251,19.13,9.16,18.52,27.68,26.2,15.34
745977,2024-06-16,2024,661388,R,593423,R,single,False,False,239.0,0.304,44.0,18.41,23.0,9.62,0.872,0.191,29.83,14.01,14.13,28.14,24.63,17.53,434.0,0.262,94.0,21.66,42.0,9.68,0.72,0.119,27.61,11.63,19.55,31.17,24.86,18.08,114.0,0.204,24.0,21.05,9.0,7.89,0.5940000000000001,0.11600000000000002,24.24,12.2,14.81,27.02,28.38,16.0,5.0,0.2,1.0,20.0,0.0,0.0,0.6000000000000001,0.2,36.36,21.05,10.53,31.58,45.45,11.11
745977,2024-06-16,2024,592885,L,593423,R,walk,False,True,127.0,0.327,27.0,21.26,15.0,11.81,0.896,0.16399999999999998,22.71,10.34,14.12,24.45,24.91,17.2,473.0,0.294,103.0,21.78,64.0,13.53,0.882,0.195,26.99,11.53,15.4,26.93,23.89,19.07,132.0,0.289,20.0,15.15,14.0,10.61,0.864,0.193,19.76,9.67,13.35,23.02,28.57,13.51,2.0,1.0,0.0,0.0,1.0,50.0,2.0,0.0,0.0,0.0,14.29,14.29,0.0,
745977,2024-06-16,2024,642715,R,608371,R,home_run,False,False,233.0,0.259,52.0,22.32,25.0,10.73,0.795,0.195,29.84,14.12,15.09,29.2,26.71,18.31,480.0,0.212,117.0,24.38,47.0,9.79,0.702,0.194,32.44,16.53,12.85,29.38,32.69,19.28,63.0,0.208,20.0,31.75,9.0,14.29,0.732,0.207,30.33,13.75,16.73,30.48,25.74,23.26,145.0,0.126,47.0,32.41,24.0,16.55,0.5640000000000001,0.144,36.09,15.87,16.53,32.4,27.51,23.74
745977,2024-06-16,2024,641343,L,608371,R,strikeout,True,False,149.0,0.206,53.0,35.57,14.0,9.4,0.663,0.16,30.91,13.93,18.69,32.62,22.06,27.46,244.0,0.205,83.0,34.02,26.0,10.66,0.72,0.228,32.78,14.71,16.21,30.93,23.65,23.92,35.0,0.207,4.0,11.43,5.0,14.29,0.791,0.24100000000000002,15.25,7.26,16.13,23.39,30.0,14.81,114.0,0.209,25.0,21.93,15.0,13.16,0.6950000000000001,0.132,29.49,14.0,12.47,26.48,28.16,19.23
745977,2024-06-16,2024,687401,R,608371,R,walk,False,True,147.0,0.306,16.0,10.88,20.0,13.61,0.909,0.202,14.6,5.62,21.64,27.26,23.05,9.58,13.0,0.077,3.0,23.08,0.0,0.0,0.2309999999999999,0.077,15.79,8.11,21.62,29.73,26.67,33.33,63.0,0.208,20.0,31.75,9.0,14.29,0.732,0.207,30.33,13.75,16.73,30.48,25.74,23.26,145.0,0.126,47.0,32.41,24.0,16.55,0.5640000000000001,0.144,36.09,15.87,16.53,32.4,27.51,23.74
745977,2024-06-16,2024,686217,L,608371,R,single,False,False,209.0,0.249,40.0,19.14,21.0,10.05,0.643,0.059,15.36,6.11,22.07,28.18,26.27,17.09,180.0,0.261,30.0,16.67,23.0,12.78,0.722,0.1049999999999999,15.26,6.63,20.31,26.94,29.52,13.18,35.0,0.207,4.0,11.43,5.0,14.29,0.791,0.24100000000000002,15.25,7.26,16.13,23.39,30.0,14.81,114.0,0.209,25.0,21.93,15.0,13.16,0.6950000000000001,0.132,29.49,14.0,12.47,26.48,28.16,19.23
745977,2024-06-16,2024,694192,R,608371,R,strikeout,True,False,154.0,0.255,42.0,27.27,7.0,4.55,0.702,0.15899999999999997,32.26,16.3,18.84,35.14,36.43,25.0,,,,,,,,,,,,,,,63.0,0.208,20.0,31.75,9.0,14.29,0.732,0.207,30.33,13.75,16.73,30.48,25.74,23.26,145.0,0.126,47.0,32.41,24.0,16.55,0.5640000000000001,0.144,36.09,15.87,16.53,32.4,27.51,23.74
745977,2024-06-16,2024,663368,L,608371,R,strikeout,True,False,169.0,0.263,47.0,27.81,13.0,7.69,0.726,0.132,30.4,12.77,21.08,33.85,24.92,27.49,110.0,0.231,33.0,30.0,17.0,15.45,0.715,0.1319999999999999,24.04,9.0,23.31,32.31,18.26,20.5,35.0,0.207,4.0,11.43,5.0,14.29,0.791,0.24100000000000002,15.25,7.26,16.13,23.39,30.0,14.81,114.0,0.209,25.0,21.93,15.0,13.16,0.6950000000000001,0.132,29.49,14.0,12.47,26.48,28.16,19.23
745977,2024-06-16,2024,605361,L,660600,R,field_out,False,False,95.0,0.207,23.0,24.21,5.0,5.26,0.6100000000000001,0.13400000000000004,28.0,13.17,18.01,31.18,27.62,21.7,67.0,0.262,11.0,16.42,4.0,5.97,0.951,0.361,16.8,7.78,18.52,26.3,24.19,11.46,13.0,0.167,4.0,30.77,1.0,7.69,0.481,0.08299999999999999,29.41,12.5,20.0,32.5,20.0,44.44,,,,,,,,,,,,,,
745977,2024-06-16,2024,663697,R,660600,R,hit_by_pitch,False,False,171.0,0.222,41.0,23.98,23.0,13.45,0.645,0.09,20.15,7.25,21.07,28.32,15.98,19.71,397.0,0.257,73.0,18.39,37.0,9.32,0.7809999999999999,0.175,21.3,8.18,21.42,29.59,19.53,15.19,24.0,0.091,5.0,20.83,1.0,4.17,0.30300000000000005,0.04500000000000001,22.22,11.49,19.54,31.03,43.48,18.52,,,,,,,,,,,,,,
745977,2024-06-16,2024,663886,R,660600,R,walk,False,True,138.0,0.248,30.0,21.74,12.0,8.7,0.7050000000000001,0.124,22.12,9.72,18.83,28.54,24.69,21.32,378.0,0.228,105.0,27.78,34.0,8.99,0.657,0.1239999999999999,29.78,12.81,19.96,32.77,26.19,24.59,24.0,0.091,5.0,20.83,1.0,4.17,0.30300000000000005,0.04500000000000001,22.22,11.49,19.54,31.03,43.48,18.52,,,,,,,,,,,,,,
745977,2024-06-16,2024,656413,R,657649,L,strikeout,True,False,87.0,0.303,18.0,20.69,11.0,12.64,0.8380000000000001,0.14400000000000002,36.84,17.34,10.84,28.17,21.26,21.43,113.0,0.226,34.0,30.09,13.0,11.5,0.7,0.1289999999999999,36.84,17.46,14.51,31.97,22.54,26.77,79.0,0.183,18.0,22.78,4.0,5.06,0.51,0.07100000000000001,23.2,10.58,18.98,29.56,26.45,26.47,,,,,,,,,,,,,,
745977,2024-06-16,2024,670770,L,657649,L,field_out,False,False,30.0,0.261,6.0,20.0,3.0,10.0,0.737,0.04299999999999998,30.95,12.75,22.55,35.29,27.78,21.43,110.0,0.354,20.0,18.18,9.0,8.18,0.963,0.188,19.23,7.48,23.69,31.17,22.46,18.87,50.0,0.234,8.0,16.0,2.0,4.0,0.563,0.06399999999999997,18.89,9.44,20.56,30.0,34.72,13.11,,,,,,,,,,,,,,
745977,2024-06-16,2024,668930,L,594580,L,single,False,False,40.0,0.2,9.0,22.5,5.0,12.5,0.586,0.08599999999999997,16.42,6.55,20.24,26.79,18.52,18.37,73.0,0.188,12.0,16.44,8.0,10.96,0.466,0.0,20.18,7.94,23.47,31.41,18.75,17.39,21.0,0.167,6.0,28.57,2.0,9.52,0.405,0.0,33.33,16.3,14.13,30.43,32.65,20.69,121.0,0.161,42.0,34.71,7.0,5.79,0.4579999999999999,0.0799999999999999,27.98,12.53,20.53,33.06,27.27,27.27
745977,2024-06-16,2024,661388,R,594580,L,field_out,False,False,73.0,0.299,18.0,24.66,4.0,5.48,0.702,0.07400000000000001,28.67,14.38,14.05,28.43,31.61,20.0,177.0,0.357,32.0,18.08,21.0,11.86,1.087,0.292,28.8,12.96,16.38,29.34,24.36,16.24,34.0,0.194,6.0,17.65,2.0,5.88,0.491,0.032,21.74,10.56,14.79,25.35,19.3,12.24,147.0,0.25,26.0,17.69,23.0,15.65,0.7310000000000001,0.086,17.57,7.36,17.69,25.04,26.1,16.25
745977,2024-06-16,2024,592885,L,594580,L,single,False,False,62.0,0.345,14.0,22.58,6.0,9.68,0.964,0.20000000000000007,25.71,11.64,17.24,28.88,26.67,21.21,159.0,0.234,37.0,23.27,14.0,8.81,0.633,0.097,26.17,13.04,15.53,28.57,28.16,18.32,21.0,0.167,6.0,28.57,2.0,9.52,0.405,0.0,33.33,16.3,14.13,30.43,32.65,20.69,121.0,0.161,42.0,34.71,7.0,5.79,0.4579999999999999,0.0799999999999999,27.98,12.53,20.53,33.06,27.27,27.27
745977,2024-06-16,2024,642715,R,607259,R,field_out,False,False,233.0,0.259,52.0,22.32,25.0,10.73,0.795,0.195,29.84,14.12,15.09,29.2,26.71,18.31,480.0,0.212,117.0,24.38,47.0,9.79,0.702,0.194,32.44,16.53,12.85,29.38,32.69,19.28,110.0,0.245,22.0,20.0,3.0,2.73,0.632,0.123,24.64,13.11,15.94,29.05,37.04,18.97,265.0,0.224,54.0,20.38,24.0,9.06,0.606,0.0839999999999999,26.67,12.33,17.68,30.01,32.95,21.26
745977,2024-06-16,2024,641343,L,607259,R,strikeout,True,False,149.0,0.206,53.0,35.57,14.0,9.4,0.663,0.16,30.91,13.93,18.69,32.62,22.06,27.46,244.0,0.205,83.0,34.02,26.0,10.66,0.72,0.228,32.78,14.71,16.21,30.93,23.65,23.92,121.0,0.27,19.0,15.7,5.0,4.13,0.743,0.16199999999999998,23.01,11.88,14.04,25.92,37.96,12.75,197.0,0.261,52.0,26.4,16.0,8.12,0.743,0.1539999999999999,31.0,14.69,17.75,32.44,33.17,20.8
745977,2024-06-16,2024,682829,R,657649,L,home_run,False,False,108.0,0.211,30.0,27.78,12.0,11.11,0.641,0.1,33.85,14.41,15.52,29.93,26.12,25.21,122.0,0.184,49.0,40.16,5.0,4.1,0.494,0.079,37.56,17.7,19.4,37.1,38.0,33.33,79.0,0.183,18.0,22.78,4.0,5.06,0.51,0.07100000000000001,23.2,10.58,18.98,29.56,26.45,26.47,,,,,,,,,,,,,,
745977,2024-06-16,2024,600869,L,606303,R,single,False,False,172.0,0.255,44.0,25.58,8.0,4.65,0.845,0.29800000000000004,27.71,14.92,13.38,28.31,36.7,21.57,415.0,0.251,91.0,21.93,38.0,9.16,0.812,0.2279999999999999,25.42,11.83,16.22,28.05,27.64,18.71,46.0,0.186,11.0,23.91,3.0,6.52,0.588,0.16299999999999998,28.09,13.81,16.57,30.39,31.03,20.0,116.0,0.226,33.0,28.45,5.0,4.31,0.668,0.17,26.21,12.44,17.97,30.41,25.0,26.19
745977,2024-06-16,2024,668715,R,606303,R,force_out,False,False,196.0,0.224,40.0,20.41,20.0,10.2,0.6559999999999999,0.12099999999999997,21.67,9.68,17.62,27.3,25.12,15.04,487.0,0.256,106.0,21.77,51.0,10.47,0.7789999999999999,0.175,25.48,10.86,19.02,29.88,22.75,18.53,51.0,0.213,10.0,19.61,2.0,3.92,0.579,0.10600000000000001,22.34,10.61,17.68,28.28,29.03,18.18,172.0,0.214,44.0,25.58,12.0,6.98,0.587,0.091,27.46,11.27,19.65,30.92,25.96,22.05
745977,2024-06-16,2024,641584,L,606303,R,strikeout,True,False,143.0,0.281,30.0,20.98,12.0,8.39,0.702,0.07799999999999996,20.4,11.66,9.37,21.03,28.39,17.96,339.0,0.268,66.0,19.47,34.0,10.03,0.815,0.199,24.78,12.84,11.52,24.36,30.55,18.38,46.0,0.186,11.0,23.91,3.0,6.52,0.588,0.16299999999999998,28.09,13.81,16.57,30.39,31.03,20.0,116.0,0.226,33.0,28.45,5.0,4.31,0.668,0.17,26.21,12.44,17.97,30.41,25.0,26.19
745977,2024-06-16,2024,605361,L,606303,R,single,False,False,95.0,0.207,23.0,24.21,5.0,5.26,0.6100000000000001,0.13400000000000004,28.0,13.17,18.01,31.18,27.62,21.7,67.0,0.262,11.0,16.42,4.0,5.97,0.951,0.361,16.8,7.78,18.52,26.3,24.19,11.46,46.0,0.186,11.0,23.91,3.0,6.52,0.588,0.16299999999999998,28.09,13.81,16.57,30.39,31.03,20.0,116.0,0.226,33.0,28.45,5.0,4.31,0.668,0.17,26.21,12.44,17.97,30.41,25.0,26.19
745977,2024-06-16,2024,663697,R,606303,R,field_out,False,False,171.0,0.222,41.0,23.98,23.0,13.45,0.645,0.09,20.15,7.25,21.07,28.32,15.98,19.71,397.0,0.257,73.0,18.39,37.0,9.32,0.7809999999999999,0.175,21.3,8.18,21.42,29.59,19.53,15.19,51.0,0.213,10.0,19.61,2.0,3.92,0.579,0.10600000000000001,22.34,10.61,17.68,28.28,29.03,18.18,172.0,0.214,44.0,25.58,12.0,6.98,0.587,0.091,27.46,11.27,19.65,30.92,25.96,22.05
745977,2024-06-16,2024,687401,R,607259,R,field_out,False,False,147.0,0.306,16.0,10.88,20.0,13.61,0.909,0.202,14.6,5.62,21.64,27.26,23.05,9.58,13.0,0.077,3.0,23.08,0.0,0.0,0.2309999999999999,0.077,15.79,8.11,21.62,29.73,26.67,33.33,110.0,0.245,22.0,20.0,3.0,2.73,0.632,0.123,24.64,13.11,15.94,29.05,37.04,18.97,265.0,0.224,54.0,20.38,24.0,9.06,0.606,0.0839999999999999,26.67,12.33,17.68,30.01,32.95,21.26
745977,2024-06-16,2024,686217,L,607259,R,field_out,False,False,209.0,0.249,40.0,19.14,21.0,10.05,0.643,0.059,15.36,6.11,22.07,28.18,26.27,17.09,180.0,0.261,30.0,16.67,23.0,12.78,0.722,0.1049999999999999,15.26,6.63,20.31,26.94,29.52,13.18,121.0,0.27,19.0,15.7,5.0,4.13,0.743,0.16199999999999998,23.01,11.88,14.04,25.92,37.96,12.75,197.0,0.261,52.0,26.4,16.0,8.12,0.743,0.1539999999999999,31.0,14.69,17.75,32.44,33.17,20.8
745977,2024-06-16,2024,694192,R,607259,R,strikeout,True,False,154.0,0.255,42.0,27.27,7.0,4.55,0.702,0.15899999999999997,32.26,16.3,18.84,35.14,36.43,25.0,,,,,,,,,,,,,,,110.0,0.245,22.0,20.0,3.0,2.73,0.632,0.123,24.64,13.11,15.94,29.05,37.04,18.97,265.0,0.224,54.0,20.38,24.0,9.06,0.606,0.0839999999999999,26.67,12.33,17.68,30.01,32.95,21.26
745977,2024-06-16,2024,663886,R,656730,R,strikeout,True,False,138.0,0.248,30.0,21.74,12.0,8.7,0.7050000000000001,0.124,22.12,9.72,18.83,28.54,24.69,21.32,378.0,0.228,105.0,27.78,34.0,8.99,0.657,0.1239999999999999,29.78,12.81,19.96,32.77,26.19,24.59,47.0,0.227,12.0,25.53,2.0,4.26,0.55,0.06799999999999998,31.96,19.02,12.27,31.29,40.28,23.08,76.0,0.254,29.0,38.16,5.0,6.58,0.751,0.194,33.77,16.89,18.87,35.76,34.06,31.18
745977,2024-06-16,2024,656413,R,656730,R,field_error,False,False,45.0,0.1,11.0,24.44,2.0,4.44,0.382,0.1,40.24,21.29,12.26,33.55,29.49,24.44,144.0,0.23,35.0,24.31,12.0,8.33,0.716,0.1829999999999999,31.79,17.15,10.79,27.94,25.91,21.74,47.0,0.227,12.0,25.53,2.0,4.26,0.55,0.06799999999999998,31.96,19.02,12.27,31.29,40.28,23.08,76.0,0.254,29.0,38.16,5.0,6.58,0.751,0.194,33.77,16.89,18.87,35.76,34.06,31.18
745977,2024-06-16,2024,670770,L,656730,R,field_out,False,False,60.0,0.226,10.0,16.67,5.0,8.33,0.7769999999999999,0.24599999999999997,15.38,6.17,19.82,25.99,20.72,17.86,446.0,0.26,70.0,15.7,38.0,8.52,0.785,0.189,18.12,7.73,19.52,27.25,25.03,13.48,36.0,0.226,13.0,36.11,4.0,11.11,0.5720000000000001,0.032,35.82,16.67,15.97,32.64,27.94,34.21,72.0,0.277,23.0,31.94,7.0,9.72,0.6699999999999999,0.0459999999999999,31.01,13.33,20.0,33.33,24.29,22.77
745977,2024-06-16,2024,682829,L,656730,R,intent_walk,False,True,188.0,0.24,64.0,34.04,21.0,11.17,0.7969999999999999,0.23299999999999998,33.11,13.25,21.31,34.56,24.21,31.66,307.0,0.255,95.0,30.94,30.0,9.77,0.7989999999999999,0.2159999999999999,26.69,11.86,17.47,29.33,31.27,25.07,36.0,0.226,13.0,36.11,4.0,11.11,0.5720000000000001,0.032,35.82,16.67,15.97,32.64,27.94,34.21,72.0,0.277,23.0,31.94,7.0,9.72,0.6699999999999999,0.0459999999999999,31.01,13.33,20.0,33.33,24.29,22.77
745977,2024-06-16,2024,669289,R,656730,R,single,False,False,80.0,0.162,15.0,18.75,4.0,5.0,0.47300000000000003,0.10800000000000001,11.49,5.31,16.56,21.88,24.68,16.48,138.0,0.244,22.0,15.94,10.0,7.25,0.633,0.073,17.87,7.68,20.84,28.52,25.34,15.6,47.0,0.227,12.0,25.53,2.0,4.26,0.55,0.06799999999999998,31.96,19.02,12.27,31.29,40.28,23.08,76.0,0.254,29.0,38.16,5.0,6.58,0.751,0.194,33.77,16.89,18.87,35.76,34.06,31.18
746546,2024-06-16,2024,457705,R,641712,R,strikeout,True,False,171.0,0.25,46.0,26.9,17.0,9.94,0.747,0.16399999999999998,31.19,13.43,18.56,31.99,18.7,20.72,312.0,0.254,72.0,23.08,49.0,15.71,0.767,0.137,28.77,12.06,17.2,29.26,17.59,17.52,154.0,0.237,17.0,11.04,14.0,9.09,0.661,0.10400000000000004,19.47,9.04,15.96,25.0,27.84,10.83,180.0,0.261,26.0,14.44,15.0,8.33,0.7709999999999999,0.1659999999999999,21.19,10.57,12.8,23.36,28.41,14.94
746546,2024-06-16,2024,668804,L,641712,R,field_out,False,False,217.0,0.259,45.0,20.74,22.0,10.14,0.756,0.16099999999999998,27.78,12.99,14.4,27.39,26.93,18.07,438.0,0.252,94.0,21.46,45.0,10.27,0.821,0.2309999999999999,28.75,13.22,13.73,26.95,24.9,18.49,149.0,0.262,19.0,12.75,21.0,14.09,0.782,0.15099999999999997,17.29,6.65,18.88,25.54,15.83,14.96,174.0,0.305,19.0,10.92,19.0,10.92,0.837,0.15,18.95,8.36,15.94,24.3,20.62,13.01
746546,2024-06-16,2024,665833,L,641712,R,field_out,False,False,189.0,0.295,60.0,31.75,15.0,7.94,0.858,0.21400000000000002,34.54,15.86,19.05,34.91,34.69,23.81,33.0,0.185,7.0,21.21,5.0,15.15,0.636,0.148,27.69,13.14,15.33,28.47,34.25,17.95,149.0,0.262,19.0,12.75,21.0,14.09,0.782,0.15099999999999997,17.29,6.65,18.88,25.54,15.83,14.96,174.0,0.305,19.0,10.92,19.0,10.92,0.837,0.15,18.95,8.36,15.94,24.3,20.62,13.01
746546,2024-06-16,2024,453568,L,676596,L,field_out,False,False,48.0,0.333,1.0,2.08,5.0,10.42,0.869,0.119,6.85,3.05,17.68,20.73,21.79,3.33,105.0,0.299,7.0,6.67,13.0,12.38,0.845,0.138,12.2,5.18,18.91,24.09,22.96,7.95,34.0,0.345,9.0,26.47,4.0,11.76,1.062,0.276,26.87,13.33,16.3,29.63,39.44,20.45,49.0,0.191,13.0,26.53,2.0,4.08,0.607,0.192,34.12,15.76,19.02,34.78,27.47,25.49
746546,2024-06-16,2024,678662,R,676596,L,field_out,False,False,84.0,0.269,26.0,30.95,5.0,5.95,0.784,0.20499999999999996,36.6,22.12,9.03,31.15,37.97,26.53,177.0,0.246,57.0,32.2,8.0,4.52,0.708,0.185,35.75,21.54,12.35,33.89,44.38,25.56,53.0,0.277,4.0,7.55,5.0,9.43,0.665,0.04199999999999998,16.49,7.55,13.68,21.23,31.78,7.55,172.0,0.309,12.0,6.98,17.0,9.88,0.865,0.184,13.21,5.98,15.56,21.54,27.22,9.52
746546,2024-06-16,2024,641857,L,676596,L,single,False,False,90.0,0.312,26.0,28.89,11.0,12.22,0.923,0.20700000000000002,28.32,12.79,16.71,29.5,25.93,22.22,178.0,0.191,57.0,32.02,16.0,8.99,0.573,0.118,35.23,16.38,16.64,33.03,25.79,24.15,34.0,0.345,9.0,26.47,4.0,11.76,1.062,0.276,26.87,13.33,16.3,29.63,39.44,20.45,49.0,0.191,13.0,26.53,2.0,4.08,0.607,0.192,34.12,15.76,19.02,34.78,27.47,25.49
746546,2024-06-16,2024,607732,R,676596,L,strikeout,True,False,30.0,0.4,6.0,20.0,4.0,13.33,1.227,0.36,36.17,15.89,18.69,34.58,20.0,30.0,52.0,0.213,11.0,21.15,3.0,5.77,0.637,0.149,23.08,10.71,20.41,31.12,23.46,19.3,53.0,0.277,4.0,7.55,5.0,9.43,0.665,0.04199999999999998,16.49,7.55,13.68,21.23,31.78,7.55,172.0,0.309,12.0,6.98,17.0,9.88,0.865,0.184,13.21,5.98,15.56,21.54,27.22,9.52
746546,2024-06-16,2024,693304,R,641712,R,strikeout,True,False,89.0,0.284,20.0,22.47,4.0,4.49,0.762,0.16000000000000003,27.69,15.43,10.57,26.0,31.79,17.39,86.0,0.234,21.0,24.42,3.0,3.49,0.638,0.1299999999999999,30.36,15.84,12.11,27.95,27.85,22.11,154.0,0.237,17.0,11.04,14.0,9.09,0.661,0.10400000000000004,19.47,9.04,15.96,25.0,27.84,10.83,180.0,0.261,26.0,14.44,15.0,8.33,0.7709999999999999,0.1659999999999999,21.19,10.57,12.8,23.36,28.41,14.94
746546,2024-06-16,2024,642133,L,641712,R,field_out,False,False,152.0,0.223,28.0,18.42,11.0,7.24,0.585,0.07899999999999999,21.18,8.78,20.65,29.43,23.84,18.92,300.0,0.223,73.0,24.33,29.0,9.67,0.69,0.173,22.22,8.47,23.11,31.59,24.77,19.95,149.0,0.262,19.0,12.75,21.0,14.09,0.782,0.15099999999999997,17.29,6.65,18.88,25.54,15.83,14.96,174.0,0.305,19.0,10.92,19.0,10.92,0.837,0.15,18.95,8.36,15.94,24.3,20.62,13.01
746546,2024-06-16,2024,669707,R,641712,R,double,False,False,159.0,0.207,36.0,22.64,15.0,9.43,0.569,0.07899999999999999,25.16,12.3,15.46,27.76,27.99,15.72,144.0,0.301,43.0,29.86,18.0,12.5,0.786,0.089,33.87,14.74,17.72,32.46,24.23,24.57,154.0,0.237,17.0,11.04,14.0,9.09,0.661,0.10400000000000004,19.47,9.04,15.96,25.0,27.84,10.83,180.0,0.261,26.0,14.44,15.0,8.33,0.7709999999999999,0.1659999999999999,21.19,10.57,12.8,23.36,28.41,14.94
746546,2024-06-16,2024,669261,L,641712,R,single,False,False,152.0,0.154,38.0,25.0,21.0,13.82,0.5700000000000001,0.146,24.56,11.22,14.58,25.8,21.12,19.9,404.0,0.232,117.0,28.96,61.0,15.1,0.857,0.271,29.06,11.36,18.81,30.17,17.6,22.37,149.0,0.262,19.0,12.75,21.0,14.09,0.782,0.15099999999999997,17.29,6.65,18.88,25.54,15.83,14.96,174.0,0.305,19.0,10.92,19.0,10.92,0.837,0.15,18.95,8.36,15.94,24.3,20.62,13.01
746546,2024-06-16,2024,572191,R,641712,R,caught_stealing_2b,False,False,100.0,0.198,36.0,36.0,6.0,6.0,0.46499999999999997,0.021999999999999992,38.54,18.0,17.27,35.28,30.65,27.48,276.0,0.206,95.0,34.42,18.0,6.52,0.641,0.171,34.66,17.23,15.91,33.15,32.6,28.53,154.0,0.237,17.0,11.04,14.0,9.09,0.661,0.10400000000000004,19.47,9.04,15.96,25.0,27.84,10.83,180.0,0.261,26.0,14.44,15.0,8.33,0.7709999999999999,0.1659999999999999,21.19,10.57,12.8,23.36,28.41,14.94
746546,2024-06-16,2024,669911,R,676596,L,strikeout,True,False,21.0,0.158,6.0,28.57,2.0,9.52,0.712,0.31599999999999995,17.65,7.59,24.05,31.65,15.79,26.09,48.0,0.109,21.0,43.75,2.0,4.17,0.255,0.0,48.35,23.53,13.9,37.43,32.11,36.21,53.0,0.277,4.0,7.55,5.0,9.43,0.665,0.04199999999999998,16.49,7.55,13.68,21.23,31.78,7.55,172.0,0.309,12.0,6.98,17.0,9.88,0.865,0.184,13.21,5.98,15.56,21.54,27.22,9.52
746546,2024-06-16,2024,666134,L,676596,L,field_out,False,False,27.0,0.167,12.0,44.44,3.0,11.11,0.46699999999999997,0.04099999999999998,24.49,9.68,28.23,37.9,25.0,23.53,130.0,0.314,34.0,26.15,12.0,9.23,0.902,0.211,27.7,10.95,22.63,33.58,26.4,21.79,34.0,0.345,9.0,26.47,4.0,11.76,1.062,0.276,26.87,13.33,16.3,29.63,39.44,20.45,49.0,0.191,13.0,26.53,2.0,4.08,0.607,0.192,34.12,15.76,19.02,34.78,27.47,25.49
746546,2024-06-16,2024,595909,L,676596,L,field_out,False,False,11.0,0.091,5.0,45.45,0.0,0.0,0.182,0.0,38.1,21.62,13.51,35.14,45.0,50.0,33.0,0.138,11.0,33.33,3.0,9.09,0.391,0.0339999999999999,28.79,14.39,18.94,33.33,34.48,22.92,34.0,0.345,9.0,26.47,4.0,11.76,1.062,0.276,26.87,13.33,16.3,29.63,39.44,20.45,49.0,0.191,13.0,26.53,2.0,4.08,0.607,0.192,34.12,15.76,19.02,34.78,27.47,25.49
746546,2024-06-16,2024,572191,R,641712,R,field_out,False,False,100.0,0.198,36.0,36.0,6.0,6.0,0.46499999999999997,0.021999999999999992,38.54,18.0,17.27,35.28,30.65,27.48,276.0,0.206,95.0,34.42,18.0,6.52,0.641,0.171,34.66,17.23,15.91,33.15,32.6,28.53,154.0,0.237,17.0,11.04,14.0,9.09,0.661,0.10400000000000004,19.47,9.04,15.96,25.0,27.84,10.83,180.0,0.261,26.0,14.44,15.0,8.33,0.7709999999999999,0.1659999999999999,21.19,10.57,12.8,23.36,28.41,14.94
746546,2024-06-16,2024,641511,R,641712,R,field_out,False,False,3.0,0.0,0.0,0.0,0.0,0.0,0.0,0.0,0.0,0.0,0.0,0.0,50.0,,115.0,0.243,25.0,21.74,8.0,6.96,0.657,0.1069999999999999,24.55,12.65,14.52,27.17,30.5,17.61,154.0,0.237,17.0,11.04,14.0,9.09,0.661,0.10400000000000004,19.47,9.04,15.96,25.0,27.84,10.83,180.0,0.261,26.0,14.44,15.0,8.33,0.7709999999999999,0.1659999999999999,21.19,10.57,12.8,23.36,28.41,14.94
746546,2024-06-16,2024,457705,R,641712,R,single,False,False,171.0,0.25,46.0,26.9,17.0,9.94,0.747,0.16399999999999998,31.19,13.43,18.56,31.99,18.7,20.72,312.0,0.254,72.0,23.08,49.0,15.71,0.767,0.137,28.77,12.06,17.2,29.26,17.59,17.52,154.0,0.237,17.0,11.04,14.0,9.09,0.661,0.10400000000000004,19.47,9.04,15.96,25.0,27.84,10.83,180.0,0.261,26.0,14.44,15.0,8.33,0.7709999999999999,0.1659999999999999,21.19,10.57,12.8,23.36,28.41,14.94
746546,2024-06-16,2024,668804,L,641712,R,walk,False,True,217.0,0.259,45.0,20.74,22.0,10.14,0.756,0.16099999999999998,27.78,12.99,14.4,27.39,26.93,18.07,438.0,0.252,94.0,21.46,45.0,10.27,0.821,0.2309999999999999,28.75,13.22,13.73,26.95,24.9,18.49,149.0,0.262,19.0,12.75,21.0,14.09,0.782,0.15099999999999997,17.29,6.65,18.88,25.54,15.83,14.96,174.0,0.305,19.0,10.92,19.0,10.92,0.837,0.15,18.95,8.36,15.94,24.3,20.62,13.01
746546,2024-06-16,2024,665833,L,641712,R,strikeout,True,False,189.0,0.295,60.0,31.75,15.0,7.94,0.858,0.21400000000000002,34.54,15.86,19.05,34.91,34.69,23.81,33.0,0.185,7.0,21.21,5.0,15.15,0.636,0.148,27.69,13.14,15.33,28.47,34.25,17.95,149.0,0.262,19.0,12.75,21.0,14.09,0.782,0.15099999999999997,17.29,6.65,18.88,25.54,15.83,14.96,174.0,0.305,19.0,10.92,19.0,10.92,0.837,0.15,18.95,8.36,15.94,24.3,20.62,13.01
746546,2024-06-16,2024,696100,R,676596,L,field_out,False,False,21.0,0.35,4.0,19.05,0.0,0.0,1.331,0.6,21.05,10.53,18.42,28.95,31.71,18.18,13.0,0.231,6.0,46.15,0.0,0.0,0.846,0.384,35.71,18.87,18.87,37.74,36.0,30.0,53.0,0.277,4.0,7.55,5.0,9.43,0.665,0.04199999999999998,16.49,7.55,13.68,21.23,31.78,7.55,172.0,0.309,12.0,6.98,17.0,9.88,0.865,0.184,13.21,5.98,15.56,21.54,27.22,9.52
746546,2024-06-16,2024,691182,R,676596,L,field_out,False,False,2.0,0.5,0.0,0.0,0.0,0.0,1.0,0.0,33.33,22.22,0.0,22.22,50.0,0.0,,,,,,,,,,,,,,,53.0,0.277,4.0,7.55,5.0,9.43,0.665,0.04199999999999998,16.49,7.55,13.68,21.23,31.78,7.55,172.0,0.309,12.0,6.98,17.0,9.88,0.865,0.184,13.21,5.98,15.56,21.54,27.22,9.52
746546,2024-06-16,2024,453568,L,676596,L,double,False,False,48.0,0.333,1.0,2.08,5.0,10.42,0.869,0.119,6.85,3.05,17.68,20.73,21.79,3.33,105.0,0.299,7.0,6.67,13.0,12.38,0.845,0.138,12.2,5.18,18.91,24.09,22.96,7.95,34.0,0.345,9.0,26.47,4.0,11.76,1.062,0.276,26.87,13.33,16.3,29.63,39.44,20.45,49.0,0.191,13.0,26.53,2.0,4.08,0.607,0.192,34.12,15.76,19.02,34.78,27.47,25.49
746546,2024-06-16,2024,678662,R,676596,L,field_out,False,False,84.0,0.269,26.0,30.95,5.0,5.95,0.784,0.20499999999999996,36.6,22.12,9.03,31.15,37.97,26.53,177.0,0.246,57.0,32.2,8.0,4.52,0.708,0.185,35.75,21.54,12.35,33.89,44.38,25.56,53.0,0.277,4.0,7.55,5.0,9.43,0.665,0.04199999999999998,16.49,7.55,13.68,21.23,31.78,7.55,172.0,0.309,12.0,6.98,17.0,9.88,0.865,0.184,13.21,5.98,15.56,21.54,27.22,9.52
746546,2024-06-16,2024,693304,R,641712,R,single,False,False,89.0,0.284,20.0,22.47,4.0,4.49,0.762,0.16000000000000003,27.69,15.43,10.57,26.0,31.79,17.39,86.0,0.234,21.0,24.42,3.0,3.49,0.638,0.1299999999999999,30.36,15.84,12.11,27.95,27.85,22.11,154.0,0.237,17.0,11.04,14.0,9.09,0.661,0.10400000000000004,19.47,9.04,15.96,25.0,27.84,10.83,180.0,0.261,26.0,14.44,15.0,8.33,0.7709999999999999,0.1659999999999999,21.19,10.57,12.8,23.36,28.41,14.94
746546,2024-06-16,2024,642133,L,641712,R,single,False,False,152.0,0.223,28.0,18.42,11.0,7.24,0.585,0.07899999999999999,21.18,8.78,20.65,29.43,23.84,18.92,300.0,0.223,73.0,24.33,29.0,9.67,0.69,0.173,22.22,8.47,23.11,31.59,24.77,19.95,149.0,0.262,19.0,12.75,21.0,14.09,0.782,0.15099999999999997,17.29,6.65,18.88,25.54,15.83,14.96,174.0,0.305,19.0,10.92,19.0,10.92,0.837,0.15,18.95,8.36,15.94,24.3,20.62,13.01
746546,2024-06-16,2024,669707,R,641712,R,strikeout,True,False,159.0,0.207,36.0,22.64,15.0,9.43,0.569,0.07899999999999999,25.16,12.3,15.46,27.76,27.99,15.72,144.0,0.301,43.0,29.86,18.0,12.5,0.786,0.089,33.87,14.74,17.72,32.46,24.23,24.57,154.0,0.237,17.0,11.04,14.0,9.09,0.661,0.10400000000000004,19.47,9.04,15.96,25.0,27.84,10.83,180.0,0.261,26.0,14.44,15.0,8.33,0.7709999999999999,0.1659999999999999,21.19,10.57,12.8,23.36,28.41,14.94
746546,2024-06-16,2024,669261,L,641712,R,strikeout,True,False,152.0,0.154,38.0,25.0,21.0,13.82,0.5700000000000001,0.146,24.56,11.22,14.58,25.8,21.12,19.9,404.0,0.232,117.0,28.96,61.0,15.1,0.857,0.271,29.06,11.36,18.81,30.17,17.6,22.37,149.0,0.262,19.0,12.75,21.0,14.09,0.782,0.15099999999999997,17.29,6.65,18.88,25.54,15.83,14.96,174.0,0.305,19.0,10.92,19.0,10.92,0.837,0.15,18.95,8.36,15.94,24.3,20.62,13.01
746546,2024-06-16,2024,572191,R,641712,R,caught_stealing_home,False,False,100.0,0.198,36.0,36.0,6.0,6.0,0.46499999999999997,0.021999999999999992,38.54,18.0,17.27,35.28,30.65,27.48,276.0,0.206,95.0,34.42,18.0,6.52,0.641,0.171,34.66,17.23,15.91,33.15,32.6,28.53,154.0,0.237,17.0,11.04,14.0,9.09,0.661,0.10400000000000004,19.47,9.04,15.96,25.0,27.84,10.83,180.0,0.261,26.0,14.44,15.0,8.33,0.7709999999999999,0.1659999999999999,21.19,10.57,12.8,23.36,28.41,14.94
746546,2024-06-16,2024,641857,L,676596,L,field_out,False,False,90.0,0.312,26.0,28.89,11.0,12.22,0.923,0.20700000000000002,28.32,12.79,16.71,29.5,25.93,22.22,178.0,0.191,57.0,32.02,16.0,8.99,0.573,0.118,35.23,16.38,16.64,33.03,25.79,24.15,34.0,0.345,9.0,26.47,4.0,11.76,1.062,0.276,26.87,13.33,16.3,29.63,39.44,20.45,49.0,0.191,13.0,26.53,2.0,4.08,0.607,0.192,34.12,15.76,19.02,34.78,27.47,25.49
746546,2024-06-16,2024,607732,R,676596,L,field_out,False,False,30.0,0.4,6.0,20.0,4.0,13.33,1.227,0.36,36.17,15.89,18.69,34.58,20.0,30.0,52.0,0.213,11.0,21.15,3.0,5.77,0.637,0.149,23.08,10.71,20.41,31.12,23.46,19.3,53.0,0.277,4.0,7.55,5.0,9.43,0.665,0.04199999999999998,16.49,7.55,13.68,21.23,31.78,7.55,172.0,0.309,12.0,6.98,17.0,9.88,0.865,0.184,13.21,5.98,15.56,21.54,27.22,9.52
746546,2024-06-16,2024,669911,R,676596,L,field_out,False,False,21.0,0.158,6.0,28.57,2.0,9.52,0.712,0.31599999999999995,17.65,7.59,24.05,31.65,15.79,26.09,48.0,0.109,21.0,43.75,2.0,4.17,0.255,0.0,48.35,23.53,13.9,37.43,32.11,36.21,53.0,0.277,4.0,7.55,5.0,9.43,0.665,0.04199999999999998,16.49,7.55,13.68,21.23,31.78,7.55,172.0,0.309,12.0,6.98,17.0,9.88,0.865,0.184,13.21,5.98,15.56,21.54,27.22,9.52
746546,2024-06-16,2024,572191,R,641712,R,field_out,False,False,100.0,0.198,36.0,36.0,6.0,6.0,0.46499999999999997,0.021999999999999992,38.54,18.0,17.27,35.28,30.65,27.48,276.0,0.206,95.0,34.42,18.0,6.52,0.641,0.171,34.66,17.23,15.91,33.15,32.6,28.53,154.0,0.237,17.0,11.04,14.0,9.09,0.661,0.10400000000000004,19.47,9.04,15.96,25.0,27.84,10.83,180.0,0.261,26.0,14.44,15.0,8.33,0.7709999999999999,0.1659999999999999,21.19,10.57,12.8,23.36,28.41,14.94
746546,2024-06-16,2024,641511,R,641712,R,field_out,False,False,3.0,0.0,0.0,0.0,0.0,0.0,0.0,0.0,0.0,0.0,0.0,0.0,50.0,,115.0,0.243,25.0,21.74,8.0,6.96,0.657,0.1069999999999999,24.55,12.65,14.52,27.17,30.5,17.61,154.0,0.237,17.0,11.04,14.0,9.09,0.661,0.10400000000000004,19.47,9.04,15.96,25.0,27.84,10.83,180.0,0.261,26.0,14.44,15.0,8.33,0.7709999999999999,0.1659999999999999,21.19,10.57,12.8,23.36,28.41,14.94
746546,2024-06-16,2024,457705,R,641712,R,field_out,False,False,171.0,0.25,46.0,26.9,17.0,9.94,0.747,0.16399999999999998,31.19,13.43,18.56,31.99,18.7,20.72,312.0,0.254,72.0,23.08,49.0,15.71,0.767,0.137,28.77,12.06,17.2,29.26,17.59,17.52,154.0,0.237,17.0,11.04,14.0,9.09,0.661,0.10400000000000004,19.47,9.04,15.96,25.0,27.84,10.83,180.0,0.261,26.0,14.44,15.0,8.33,0.7709999999999999,0.1659999999999999,21.19,10.57,12.8,23.36,28.41,14.94
746546,2024-06-16,2024,666134,L,676596,L,single,False,False,27.0,0.167,12.0,44.44,3.0,11.11,0.46699999999999997,0.04099999999999998,24.49,9.68,28.23,37.9,25.0,23.53,130.0,0.314,34.0,26.15,12.0,9.23,0.902,0.211,27.7,10.95,22.63,33.58,26.4,21.79,34.0,0.345,9.0,26.47,4.0,11.76,1.062,0.276,26.87,13.33,16.3,29.63,39.44,20.45,49.0,0.191,13.0,26.53,2.0,4.08,0.607,0.192,34.12,15.76,19.02,34.78,27.47,25.49
746546,2024-06-16,2024,595909,L,676596,L,single,False,False,11.0,0.091,5.0,45.45,0.0,0.0,0.182,0.0,38.1,21.62,13.51,35.14,45.0,50.0,33.0,0.138,11.0,33.33,3.0,9.09,0.391,0.0339999999999999,28.79,14.39,18.94,33.33,34.48,22.92,34.0,0.345,9.0,26.47,4.0,11.76,1.062,0.276,26.87,13.33,16.3,29.63,39.44,20.45,49.0,0.191,13.0,26.53,2.0,4.08,0.607,0.192,34.12,15.76,19.02,34.78,27.47,25.49
746546,2024-06-16,2024,696100,R,669387,R,grounded_into_double_play,False,False,52.0,0.143,16.0,30.77,2.0,3.85,0.437,0.10200000000000001,37.74,21.74,10.87,32.61,35.11,33.33,64.0,0.193,18.0,28.12,5.0,7.81,0.583,0.14,38.6,18.26,16.18,34.44,35.56,28.57,41.0,0.265,10.0,24.39,5.0,12.2,0.748,0.11699999999999999,27.4,12.12,15.15,27.27,26.37,22.22,87.0,0.213,18.0,20.69,10.0,11.49,0.63,0.107,21.85,9.54,17.63,27.17,22.03,17.14
746546,2024-06-16,2024,691182,L,669387,R,field_out,False,False,21.0,0.095,6.0,28.57,0.0,0.0,0.19,0.0,24.44,15.28,15.28,30.56,51.61,27.27,,,,,,,,,,,,,,,31.0,0.25,7.0,22.58,4.0,12.9,0.688,0.08300000000000002,20.29,10.37,13.33,23.7,24.62,13.73,66.0,0.214,16.0,24.24,8.0,12.12,0.612,0.09,20.93,9.82,15.27,25.09,25.76,17.98
746546,2024-06-16,2024,668804,L,641712,R,field_out,False,False,217.0,0.259,45.0,20.74,22.0,10.14,0.756,0.16099999999999998,27.78,12.99,14.4,27.39,26.93,18.07,438.0,0.252,94.0,21.46,45.0,10.27,0.821,0.2309999999999999,28.75,13.22,13.73,26.95,24.9,18.49,149.0,0.262,19.0,12.75,21.0,14.09,0.782,0.15099999999999997,17.29,6.65,18.88,25.54,15.83,14.96,174.0,0.305,19.0,10.92,19.0,10.92,0.837,0.15,18.95,8.36,15.94,24.3,20.62,13.01
746546,2024-06-16,2024,665833,L,641712,R,single,False,False,189.0,0.295,60.0,31.75,15.0,7.94,0.858,0.21400000000000002,34.54,15.86,19.05,34.91,34.69,23.81,33.0,0.185,7.0,21.21,5.0,15.15,0.636,0.148,27.69,13.14,15.33,28.47,34.25,17.95,149.0,0.262,19.0,12.75,21.0,14.09,0.782,0.15099999999999997,17.29,6.65,18.88,25.54,15.83,14.96,174.0,0.305,19.0,10.92,19.0,10.92,0.837,0.15,18.95,8.36,15.94,24.3,20.62,13.01
746546,2024-06-16,2024,693304,R,641712,R,single,False,False,89.0,0.284,20.0,22.47,4.0,4.49,0.762,0.16000000000000003,27.69,15.43,10.57,26.0,31.79,17.39,86.0,0.234,21.0,24.42,3.0,3.49,0.638,0.1299999999999999,30.36,15.84,12.11,27.95,27.85,22.11,154.0,0.237,17.0,11.04,14.0,9.09,0.661,0.10400000000000004,19.47,9.04,15.96,25.0,27.84,10.83,180.0,0.261,26.0,14.44,15.0,8.33,0.7709999999999999,0.1659999999999999,21.19,10.57,12.8,23.36,28.41,14.94
746546,2024-06-16,2024,642133,L,680767,R,field_out,False,False,152.0,0.223,28.0,18.42,11.0,7.24,0.585,0.07899999999999999,21.18,8.78,20.65,29.43,23.84,18.92,300.0,0.223,73.0,24.33,29.0,9.67,0.69,0.173,22.22,8.47,23.11,31.59,24.77,19.95,75.0,0.194,8.0,10.67,8.0,10.67,0.549,0.07500000000000001,18.52,8.39,14.77,23.15,21.19,8.6,17.0,0.412,5.0,29.41,0.0,0.0,0.941,0.117,16.22,8.33,11.11,19.44,26.32,17.86
746546,2024-06-16,2024,669707,R,680767,R,single,False,False,159.0,0.207,36.0,22.64,15.0,9.43,0.569,0.07899999999999999,25.16,12.3,15.46,27.76,27.99,15.72,144.0,0.301,43.0,29.86,18.0,12.5,0.786,0.089,33.87,14.74,17.72,32.46,24.23,24.57,91.0,0.325,24.0,26.37,8.0,8.79,0.843,0.133,22.1,9.95,16.17,26.12,25.48,16.67,27.0,0.333,7.0,25.93,3.0,11.11,0.782,0.0419999999999999,26.42,12.28,14.91,27.19,20.75,19.44
746546,2024-06-16,2024,669261,L,680767,R,single,False,False,152.0,0.154,38.0,25.0,21.0,13.82,0.5700000000000001,0.146,24.56,11.22,14.58,25.8,21.12,19.9,404.0,0.232,117.0,28.96,61.0,15.1,0.857,0.271,29.06,11.36,18.81,30.17,17.6,22.37,75.0,0.194,8.0,10.67,8.0,10.67,0.549,0.07500000000000001,18.52,8.39,14.77,23.15,21.19,8.6,17.0,0.412,5.0,29.41,0.0,0.0,0.941,0.117,16.22,8.33,11.11,19.44,26.32,17.86
746546,2024-06-16,2024,572191,R,680767,R,walk,False,True,100.0,0.198,36.0,36.0,6.0,6.0,0.46499999999999997,0.021999999999999992,38.54,18.0,17.27,35.28,30.65,27.48,276.0,0.206,95.0,34.42,18.0,6.52,0.641,0.171,34.66,17.23,15.91,33.15,32.6,28.53,91.0,0.325,24.0,26.37,8.0,8.79,0.843,0.133,22.1,9.95,16.17,26.12,25.48,16.67,27.0,0.333,7.0,25.93,3.0,11.11,0.782,0.0419999999999999,26.42,12.28,14.91,27.19,20.75,19.44
746546,2024-06-16,2024,641511,R,680767,R,double,False,False,3.0,0.0,0.0,0.0,0.0,0.0,0.0,0.0,0.0,0.0,0.0,0.0,50.0,,115.0,0.243,25.0,21.74,8.0,6.96,0.657,0.1069999999999999,24.55,12.65,14.52,27.17,30.5,17.61,91.0,0.325,24.0,26.37,8.0,8.79,0.843,0.133,22.1,9.95,16.17,26.12,25.48,16.67,27.0,0.333,7.0,25.93,3.0,11.11,0.782,0.0419999999999999,26.42,12.28,14.91,27.19,20.75,19.44
746546,2024-06-16,2024,457705,R,680767,R,field_out,False,False,171.0,0.25,46.0,26.9,17.0,9.94,0.747,0.16399999999999998,31.19,13.43,18.56,31.99,18.7,20.72,312.0,0.254,72.0,23.08,49.0,15.71,0.767,0.137,28.77,12.06,17.2,29.26,17.59,17.52,91.0,0.325,24.0,26.37,8.0,8.79,0.843,0.133,22.1,9.95,16.17,26.12,25.48,16.67,27.0,0.333,7.0,25.93,3.0,11.11,0.782,0.0419999999999999,26.42,12.28,14.91,27.19,20.75,19.44
746546,2024-06-16,2024,453568,L,669387,R,field_out,False,False,194.0,0.25,30.0,15.46,15.0,7.73,0.714,0.14800000000000002,19.73,9.77,16.69,26.46,35.69,14.15,309.0,0.272,48.0,15.53,26.0,8.41,0.7909999999999999,0.1689999999999999,21.84,10.67,16.05,26.72,30.66,16.11,31.0,0.25,7.0,22.58,4.0,12.9,0.688,0.08300000000000002,20.29,10.37,13.33,23.7,24.62,13.73,66.0,0.214,16.0,24.24,8.0,12.12,0.612,0.09,20.93,9.82,15.27,25.09,25.76,17.98
746546,2024-06-16,2024,678662,R,669387,R,field_out,False,False,224.0,0.303,58.0,25.89,6.0,2.68,0.8340000000000001,0.20400000000000001,33.01,20.86,9.94,30.8,46.7,21.72,438.0,0.256,109.0,24.89,17.0,3.88,0.69,0.143,29.47,17.51,10.44,27.95,41.11,20.49,41.0,0.265,10.0,24.39,5.0,12.2,0.748,0.11699999999999999,27.4,12.12,15.15,27.27,26.37,22.22,87.0,0.213,18.0,20.69,10.0,11.49,0.63,0.107,21.85,9.54,17.63,27.17,22.03,17.14
746546,2024-06-16,2024,641857,L,669387,R,field_out,False,False,209.0,0.246,58.0,27.75,21.0,10.05,0.757,0.191,27.7,13.24,15.71,28.96,27.36,19.4,449.0,0.26,141.0,31.4,52.0,11.58,0.826,0.2209999999999999,31.26,14.84,14.94,29.79,25.26,20.41,31.0,0.25,7.0,22.58,4.0,12.9,0.688,0.08300000000000002,20.29,10.37,13.33,23.7,24.62,13.73,66.0,0.214,16.0,24.24,8.0,12.12,0.612,0.09,20.93,9.82,15.27,25.09,25.76,17.98
746546,2024-06-16,2024,668804,L,683232,R,single,False,False,217.0,0.259,45.0,20.74,22.0,10.14,0.756,0.16099999999999998,27.78,12.99,14.4,27.39,26.93,18.07,438.0,0.252,94.0,21.46,45.0,10.27,0.821,0.2309999999999999,28.75,13.22,13.73,26.95,24.9,18.49,66.0,0.288,20.0,30.3,6.0,9.09,0.687,0.051000000000000045,25.41,12.02,18.22,30.23,30.09,24.39,44.0,0.158,10.0,22.73,5.0,11.36,0.457,0.0259999999999999,20.83,8.52,20.45,28.98,26.37,18.52
746546,2024-06-16,2024,665833,L,683232,R,double,False,False,189.0,0.295,60.0,31.75,15.0,7.94,0.858,0.21400000000000002,34.54,15.86,19.05,34.91,34.69,23.81,33.0,0.185,7.0,21.21,5.0,15.15,0.636,0.148,27.69,13.14,15.33,28.47,34.25,17.95,66.0,0.288,20.0,30.3,6.0,9.09,0.687,0.051000000000000045,25.41,12.02,18.22,30.23,30.09,24.39,44.0,0.158,10.0,22.73,5.0,11.36,0.457,0.0259999999999999,20.83,8.52,20.45,28.98,26.37,18.52
746546,2024-06-16,2024,693304,R,683232,R,strikeout,True,False,89.0,0.284,20.0,22.47,4.0,4.49,0.762,0.16000000000000003,27.69,15.43,10.57,26.0,31.79,17.39,86.0,0.234,21.0,24.42,3.0,3.49,0.638,0.1299999999999999,30.36,15.84,12.11,27.95,27.85,22.11,74.0,0.302,16.0,21.62,11.0,14.86,0.881,0.174,25.95,11.07,16.94,28.01,26.14,20.51,43.0,0.235,11.0,25.58,9.0,20.93,0.866,0.236,25.32,10.7,16.58,27.27,23.3,20.0
746546,2024-06-16,2024,642133,L,683232,R,single,False,False,152.0,0.223,28.0,18.42,11.0,7.24,0.585,0.07899999999999999,21.18,8.78,20.65,29.43,23.84,18.92,300.0,0.223,73.0,24.33,29.0,9.67,0.69,0.173,22.22,8.47,23.11,31.59,24.77,19.95,66.0,0.288,20.0,30.3,6.0,9.09,0.687,0.051000000000000045,25.41,12.02,18.22,30.23,30.09,24.39,44.0,0.158,10.0,22.73,5.0,11.36,0.457,0.0259999999999999,20.83,8.52,20.45,28.98,26.37,18.52
746546,2024-06-16,2024,669707,R,683232,R,strikeout,True,False,159.0,0.207,36.0,22.64,15.0,9.43,0.569,0.07899999999999999,25.16,12.3,15.46,27.76,27.99,15.72,144.0,0.301,43.0,29.86,18.0,12.5,0.786,0.089,33.87,14.74,17.72,32.46,24.23,24.57,74.0,0.302,16.0,21.62,11.0,14.86,0.881,0.174,25.95,11.07,16.94,28.01,26.14,20.51,43.0,0.235,11.0,25.58,9.0,20.93,0.866,0.236,25.32,10.7,16.58,27.27,23.3,20.0
746546,2024-06-16,2024,669261,L,683232,R,strikeout,True,False,152.0,0.154,38.0,25.0,21.0,13.82,0.5700000000000001,0.146,24.56,11.22,14.58,25.8,21.12,19.9,404.0,0.232,117.0,28.96,61.0,15.1,0.857,0.271,29.06,11.36,18.81,30.17,17.6,22.37,66.0,0.288,20.0,30.3,6.0,9.09,0.687,0.051000000000000045,25.41,12.02,18.22,30.23,30.09,24.39,44.0,0.158,10.0,22.73,5.0,11.36,0.457,0.0259999999999999,20.83,8.52,20.45,28.98,26.37,18.52
746546,2024-06-16,2024,607732,R,677865,L,double,False,False,30.0,0.4,6.0,20.0,4.0,13.33,1.227,0.36,36.17,15.89,18.69,34.58,20.0,30.0,52.0,0.213,11.0,21.15,3.0,5.77,0.637,0.149,23.08,10.71,20.41,31.12,23.46,19.3,12.0,0.222,1.0,8.33,1.0,8.33,0.889,0.3340000000000001,18.52,10.42,10.42,20.83,40.74,7.14,84.0,0.31,12.0,14.29,9.0,10.71,0.872,0.1689999999999999,22.3,10.4,15.1,25.5,26.35,16.0
746546,2024-06-16,2024,669911,R,677865,L,strikeout,True,False,21.0,0.158,6.0,28.57,2.0,9.52,0.712,0.31599999999999995,17.65,7.59,24.05,31.65,15.79,26.09,48.0,0.109,21.0,43.75,2.0,4.17,0.255,0.0,48.35,23.53,13.9,37.43,32.11,36.21,12.0,0.222,1.0,8.33,1.0,8.33,0.889,0.3340000000000001,18.52,10.42,10.42,20.83,40.74,7.14,84.0,0.31,12.0,14.29,9.0,10.71,0.872,0.1689999999999999,22.3,10.4,15.1,25.5,26.35,16.0
746546,2024-06-16,2024,666134,L,677865,L,single,False,False,27.0,0.167,12.0,44.44,3.0,11.11,0.46699999999999997,0.04099999999999998,24.49,9.68,28.23,37.9,25.0,23.53,130.0,0.314,34.0,26.15,12.0,9.23,0.902,0.211,27.7,10.95,22.63,33.58,26.4,21.79,7.0,0.429,1.0,14.29,0.0,0.0,0.858,0.0,25.0,15.0,15.0,30.0,37.5,20.0,38.0,0.176,10.0,26.32,2.0,5.26,0.508,0.089,28.57,12.08,22.15,34.23,26.92,21.28
746546,2024-06-16,2024,595909,L,677865,L,force_out,False,False,11.0,0.091,5.0,45.45,0.0,0.0,0.182,0.0,38.1,21.62,13.51,35.14,45.0,50.0,33.0,0.138,11.0,33.33,3.0,9.09,0.391,0.0339999999999999,28.79,14.39,18.94,33.33,34.48,22.92,7.0,0.429,1.0,14.29,0.0,0.0,0.858,0.0,25.0,15.0,15.0,30.0,37.5,20.0,38.0,0.176,10.0,26.32,2.0,5.26,0.508,0.089,28.57,12.08,22.15,34.23,26.92,21.28
746546,2024-06-16,2024,696100,R,677865,L,strikeout,True,False,21.0,0.35,4.0,19.05,0.0,0.0,1.331,0.6,21.05,10.53,18.42,28.95,31.71,18.18,13.0,0.231,6.0,46.15,0.0,0.0,0.846,0.384,35.71,18.87,18.87,37.74,36.0,30.0,12.0,0.222,1.0,8.33,1.0,8.33,0.889,0.3340000000000001,18.52,10.42,10.42,20.83,40.74,7.14,84.0,0.31,12.0,14.29,9.0,10.71,0.872,0.1689999999999999,22.3,10.4,15.1,25.5,26.35,16.0
746546,2024-06-16,2024,572191,R,641755,R,strikeout,True,False,100.0,0.198,36.0,36.0,6.0,6.0,0.46499999999999997,0.021999999999999992,38.54,18.0,17.27,35.28,30.65,27.48,276.0,0.206,95.0,34.42,18.0,6.52,0.641,0.171,34.66,17.23,15.91,33.15,32.6,28.53,68.0,0.25,16.0,23.53,7.0,10.29,0.774,0.2,33.8,17.78,13.33,31.11,32.09,19.05,46.0,0.326,11.0,23.91,2.0,4.35,0.883,0.209,22.68,11.76,15.51,27.27,28.41,16.18
746546,2024-06-16,2024,641511,R,641755,R,walk,False,True,3.0,0.0,0.0,0.0,0.0,0.0,0.0,0.0,0.0,0.0,0.0,0.0,50.0,,115.0,0.243,25.0,21.74,8.0,6.96,0.657,0.1069999999999999,24.55,12.65,14.52,27.17,30.5,17.61,68.0,0.25,16.0,23.53,7.0,10.29,0.774,0.2,33.8,17.78,13.33,31.11,32.09,19.05,46.0,0.326,11.0,23.91,2.0,4.35,0.883,0.209,22.68,11.76,15.51,27.27,28.41,16.18
746546,2024-06-16,2024,457705,R,641755,R,single,False,False,171.0,0.25,46.0,26.9,17.0,9.94,0.747,0.16399999999999998,31.19,13.43,18.56,31.99,18.7,20.72,312.0,0.254,72.0,23.08,49.0,15.71,0.767,0.137,28.77,12.06,17.2,29.26,17.59,17.52,68.0,0.25,16.0,23.53,7.0,10.29,0.774,0.2,33.8,17.78,13.33,31.11,32.09,19.05,46.0,0.326,11.0,23.91,2.0,4.35,0.883,0.209,22.68,11.76,15.51,27.27,28.41,16.18
746546,2024-06-16,2024,668804,L,641755,R,field_out,False,False,217.0,0.259,45.0,20.74,22.0,10.14,0.756,0.16099999999999998,27.78,12.99,14.4,27.39,26.93,18.07,438.0,0.252,94.0,21.46,45.0,10.27,0.821,0.2309999999999999,28.75,13.22,13.73,26.95,24.9,18.49,57.0,0.38,14.0,24.56,7.0,12.28,1.216,0.38,29.91,14.46,13.22,27.69,25.19,19.18,30.0,0.304,6.0,20.0,4.0,13.33,0.8919999999999999,0.174,23.53,10.81,12.61,23.42,20.34,22.22
746546,2024-06-16,2024,665833,L,641755,R,field_out,False,False,189.0,0.295,60.0,31.75,15.0,7.94,0.858,0.21400000000000002,34.54,15.86,19.05,34.91,34.69,23.81,33.0,0.185,7.0,21.21,5.0,15.15,0.636,0.148,27.69,13.14,15.33,28.47,34.25,17.95,57.0,0.38,14.0,24.56,7.0,12.28,1.216,0.38,29.91,14.46,13.22,27.69,25.19,19.18,30.0,0.304,6.0,20.0,4.0,13.33,0.8919999999999999,0.174,23.53,10.81,12.61,23.42,20.34,22.22
746546,2024-06-16,2024,691182,L,693312,R,field_out,False,False,21.0,0.095,6.0,28.57,0.0,0.0,0.19,0.0,24.44,15.28,15.28,30.56,51.61,27.27,,,,,,,,,,,,,,,32.0,0.2,9.0,28.12,5.0,15.62,0.655,0.08000000000000002,30.51,13.74,12.21,25.95,22.54,20.45,8.0,0.0,5.0,62.5,1.0,12.5,0.125,0.0,39.13,19.57,10.87,30.43,28.0,22.73
746546,2024-06-16,2024,453568,L,693312,R,strikeout,True,False,194.0,0.25,30.0,15.46,15.0,7.73,0.714,0.14800000000000002,19.73,9.77,16.69,26.46,35.69,14.15,309.0,0.272,48.0,15.53,26.0,8.41,0.7909999999999999,0.1689999999999999,21.84,10.67,16.05,26.72,30.66,16.11,32.0,0.2,9.0,28.12,5.0,15.62,0.655,0.08000000000000002,30.51,13.74,12.21,25.95,22.54,20.45,8.0,0.0,5.0,62.5,1.0,12.5,0.125,0.0,39.13,19.57,10.87,30.43,28.0,22.73
746546,2024-06-16,2024,678662,R,693312,R,field_out,False,False,224.0,0.303,58.0,25.89,6.0,2.68,0.8340000000000001,0.20400000000000001,33.01,20.86,9.94,30.8,46.7,21.72,438.0,0.256,109.0,24.89,17.0,3.88,0.69,0.143,29.47,17.51,10.44,27.95,41.11,20.49,50.0,0.244,15.0,30.0,7.0,14.0,0.688,0.09700000000000003,32.22,13.36,17.51,30.88,23.66,19.23,18.0,0.5,2.0,11.11,3.0,16.67,1.468,0.357,20.0,9.23,16.92,26.15,25.0,15.38
746546,2024-06-16,2024,693304,R,683409,R,field_out,False,False,89.0,0.284,20.0,22.47,4.0,4.49,0.762,0.16000000000000003,27.69,15.43,10.57,26.0,31.79,17.39,86.0,0.234,21.0,24.42,3.0,3.49,0.638,0.1299999999999999,30.36,15.84,12.11,27.95,27.85,22.11,11.0,0.545,1.0,9.09,0.0,0.0,1.9090000000000003,0.8190000000000001,15.79,7.32,19.51,26.83,25.0,10.0,,,,,,,,,,,,,,
746546,2024-06-16,2024,642133,L,683409,R,single,False,False,152.0,0.223,28.0,18.42,11.0,7.24,0.585,0.07899999999999999,21.18,8.78,20.65,29.43,23.84,18.92,300.0,0.223,73.0,24.33,29.0,9.67,0.69,0.173,22.22,8.47,23.11,31.59,24.77,19.95,8.0,0.125,0.0,0.0,0.0,0.0,0.25,0.0,21.43,11.11,7.41,18.52,18.75,0.0,,,,,,,,,,,,,,
746546,2024-06-16,2024,669707,R,683409,R,strikeout,True,False,159.0,0.207,36.0,22.64,15.0,9.43,0.569,0.07899999999999999,25.16,12.3,15.46,27.76,27.99,15.72,144.0,0.301,43.0,29.86,18.0,12.5,0.786,0.089,33.87,14.74,17.72,32.46,24.23,24.57,11.0,0.545,1.0,9.09,0.0,0.0,1.9090000000000003,0.8190000000000001,15.79,7.32,19.51,26.83,25.0,10.0,,,,,,,,,,,,,,
746546,2024-06-16,2024,669261,L,683409,R,field_out,False,False,152.0,0.154,38.0,25.0,21.0,13.82,0.5700000000000001,0.146,24.56,11.22,14.58,25.8,21.12,19.9,404.0,0.232,117.0,28.96,61.0,15.1,0.857,0.271,29.06,11.36,18.81,30.17,17.6,22.37,8.0,0.125,0.0,0.0,0.0,0.0,0.25,0.0,21.43,11.11,7.41,18.52,18.75,0.0,,,,,,,,,,,,,,
746546,2024-06-16,2024,641857,L,693312,R,field_out,False,False,209.0,0.246,58.0,27.75,21.0,10.05,0.757,0.191,27.7,13.24,15.71,28.96,27.36,19.4,449.0,0.26,141.0,31.4,52.0,11.58,0.826,0.2209999999999999,31.26,14.84,14.94,29.79,25.26,20.41,32.0,0.2,9.0,28.12,5.0,15.62,0.655,0.08000000000000002,30.51,13.74,12.21,25.95,22.54,20.45,8.0,0.0,5.0,62.5,1.0,12.5,0.125,0.0,39.13,19.57,10.87,30.43,28.0,22.73
746546,2024-06-16,2024,607732,R,693312,R,single,False,False,83.0,0.26,16.0,19.28,6.0,7.23,0.683,0.08200000000000002,27.27,12.26,17.61,29.87,20.95,17.39,225.0,0.186,56.0,24.89,24.0,10.67,0.547,0.082,22.79,8.98,20.99,29.97,22.2,22.95,50.0,0.244,15.0,30.0,7.0,14.0,0.688,0.09700000000000003,32.22,13.36,17.51,30.88,23.66,19.23,18.0,0.5,2.0,11.11,3.0,16.67,1.468,0.357,20.0,9.23,16.92,26.15,25.0,15.38
746546,2024-06-16,2024,669911,L,693312,R,single,False,False,63.0,0.19,23.0,36.51,3.0,4.76,0.617,0.189,31.62,15.14,16.2,31.34,31.87,22.55,104.0,0.189,29.0,27.88,8.0,7.69,0.628,0.179,34.34,17.26,14.21,31.47,29.0,25.0,32.0,0.2,9.0,28.12,5.0,15.62,0.655,0.08000000000000002,30.51,13.74,12.21,25.95,22.54,20.45,8.0,0.0,5.0,62.5,1.0,12.5,0.125,0.0,39.13,19.57,10.87,30.43,28.0,22.73
746546,2024-06-16,2024,666134,L,693312,R,single,False,False,85.0,0.176,27.0,31.76,11.0,12.94,0.579,0.121,28.86,11.08,22.42,33.51,21.83,18.75,294.0,0.289,92.0,31.29,41.0,13.95,0.945,0.261,33.58,14.12,18.56,32.68,25.97,22.72,32.0,0.2,9.0,28.12,5.0,15.62,0.655,0.08000000000000002,30.51,13.74,12.21,25.95,22.54,20.45,8.0,0.0,5.0,62.5,1.0,12.5,0.125,0.0,39.13,19.57,10.87,30.43,28.0,22.73
746546,2024-06-16,2024,595909,L,693312,R,strikeout,True,False,110.0,0.273,26.0,23.64,10.0,9.09,0.71,0.10099999999999998,21.21,10.77,14.51,25.27,31.11,17.22,171.0,0.226,44.0,25.73,12.0,7.02,0.663,0.155,26.67,12.9,15.25,28.15,29.13,19.91,32.0,0.2,9.0,28.12,5.0,15.62,0.655,0.08000000000000002,30.51,13.74,12.21,25.95,22.54,20.45,8.0,0.0,5.0,62.5,1.0,12.5,0.125,0.0,39.13,19.57,10.87,30.43,28.0,22.73
746546,2024-06-16,2024,696100,R,693312,R,strikeout,True,False,52.0,0.143,16.0,30.77,2.0,3.85,0.437,0.10200000000000001,37.74,21.74,10.87,32.61,35.11,33.33,64.0,0.193,18.0,28.12,5.0,7.81,0.583,0.14,38.6,18.26,16.18,34.44,35.56,28.57,50.0,0.244,15.0,30.0,7.0,14.0,0.688,0.09700000000000003,32.22,13.36,17.51,30.88,23.66,19.23,18.0,0.5,2.0,11.11,3.0,16.67,1.468,0.357,20.0,9.23,16.92,26.15,25.0,15.38
745321,2024-06-16,2024,683021,R,669062,L,field_out,False,False,4.0,0.75,0.0,0.0,0.0,0.0,1.5,0.0,12.5,5.26,10.53,15.79,0.0,0.0,19.0,0.125,1.0,5.26,3.0,15.79,0.451,0.063,8.33,3.28,21.31,24.59,16.13,7.14,79.0,0.225,19.0,24.05,7.0,8.86,0.756,0.24000000000000002,29.76,14.2,14.77,28.98,25.29,15.32,,,,,,,,,,,,,,
745321,2024-06-16,2024,650859,R,669062,L,single,False,False,46.0,0.409,7.0,15.22,2.0,4.35,1.026,0.182,25.0,15.48,7.74,23.23,48.19,14.0,124.0,0.324,22.0,17.74,10.0,8.06,0.928,0.217,25.43,13.56,9.89,23.45,30.28,18.64,79.0,0.225,19.0,24.05,7.0,8.86,0.756,0.24000000000000002,29.76,14.2,14.77,28.98,25.29,15.32,,,,,,,,,,,,,,
745321,2024-06-16,2024,621493,R,669062,L,field_out,False,False,60.0,0.358,13.0,21.67,6.0,10.0,0.964,0.18900000000000006,26.04,10.33,22.31,32.64,21.37,21.67,116.0,0.303,19.0,16.38,12.0,10.34,0.896,0.222,15.0,6.62,15.67,22.3,23.32,14.73,79.0,0.225,19.0,24.05,7.0,8.86,0.756,0.24000000000000002,29.76,14.2,14.77,28.98,25.29,15.32,,,,,,,,,,,,,,
745321,2024-06-16,2024,607680,R,669062,L,single,False,False,55.0,0.412,8.0,14.55,3.0,5.45,1.2,0.333,23.08,11.11,13.89,25.0,33.05,14.55,111.0,0.25,28.0,25.23,2.0,1.8,0.733,0.2219999999999999,28.46,16.17,12.7,28.87,40.87,21.05,79.0,0.225,19.0,24.05,7.0,8.86,0.756,0.24000000000000002,29.76,14.2,14.77,28.98,25.29,15.32,,,,,,,,,,,,,,
745321,2024-06-16,2024,681351,R,669062,L,field_out,False,False,55.0,0.231,15.0,27.27,3.0,5.45,0.7150000000000001,0.211,25.45,12.56,16.14,28.7,28.83,19.74,46.0,0.293,10.0,21.74,5.0,10.87,0.931,0.268,32.47,14.79,15.38,30.18,27.27,22.73,79.0,0.225,19.0,24.05,7.0,8.86,0.756,0.24000000000000002,29.76,14.2,14.77,28.98,25.29,15.32,,,,,,,,,,,,,,
745321,2024-06-16,2024,689172,L,690829,R,strikeout,True,False,50.0,0.255,11.0,22.0,2.0,4.0,0.642,0.10699999999999998,22.83,11.05,18.95,30.0,37.89,19.3,106.0,0.155,30.0,28.3,8.0,7.55,0.4639999999999999,0.092,28.32,14.65,14.19,28.83,32.6,19.86,8.0,0.429,1.0,12.5,1.0,12.5,1.071,0.14199999999999996,35.71,21.74,13.04,34.78,25.0,25.0,19.0,0.077,3.0,15.79,6.0,31.58,0.445,0.0,24.0,7.69,15.38,23.08,11.9,18.75
745321,2024-06-16,2024,671218,R,690829,R,single,False,False,102.0,0.295,34.0,33.33,7.0,6.86,0.764,0.126,35.29,16.26,16.26,32.51,27.44,28.57,14.0,0.154,4.0,28.57,1.0,7.14,0.368,0.0,30.43,14.58,18.75,33.33,26.09,50.0,14.0,0.417,1.0,7.14,2.0,14.29,0.917,0.0,24.14,11.11,15.87,26.98,25.0,5.26,29.0,0.333,7.0,24.14,3.0,10.34,0.914,0.1669999999999999,25.0,12.1,19.35,31.45,33.33,17.07
745321,2024-06-16,2024,672275,L,690829,R,strikeout,True,False,137.0,0.284,24.0,17.52,17.0,12.41,0.808,0.15600000000000003,20.61,9.61,13.88,23.49,25.52,16.0,240.0,0.203,70.0,29.17,13.0,5.42,0.5569999999999999,0.0989999999999999,26.61,12.88,17.55,30.43,28.93,23.81,8.0,0.429,1.0,12.5,1.0,12.5,1.071,0.14199999999999996,35.71,21.74,13.04,34.78,25.0,25.0,19.0,0.077,3.0,15.79,6.0,31.58,0.445,0.0,24.0,7.69,15.38,23.08,11.9,18.75
745321,2024-06-16,2024,656305,R,690829,R,force_out,False,False,214.0,0.197,54.0,25.23,18.0,8.41,0.6080000000000001,0.135,26.85,12.43,19.16,31.58,27.18,19.64,471.0,0.223,139.0,29.51,52.0,11.04,0.722,0.179,31.15,13.33,17.79,31.11,18.61,21.72,14.0,0.417,1.0,7.14,2.0,14.29,0.917,0.0,24.14,11.11,15.87,26.98,25.0,5.26,29.0,0.333,7.0,24.14,3.0,10.34,0.914,0.1669999999999999,25.0,12.1,19.35,31.45,33.33,17.07
745321,2024-06-16,2024,687263,R,702352,R,strikeout,True,False,209.0,0.214,51.0,24.4,12.0,5.74,0.68,0.19200000000000003,28.89,14.74,15.51,30.26,33.66,21.79,262.0,0.222,62.0,23.66,18.0,6.87,0.6599999999999999,0.1349999999999999,28.77,13.7,16.19,29.89,23.52,18.84,,,,,,,,,,,,,,,,,,,,,,,,,,,,
745321,2024-06-16,2024,694384,L,702352,R,home_run,False,False,203.0,0.221,36.0,17.73,16.0,7.88,0.623,0.11000000000000001,15.88,6.78,21.46,28.23,24.62,14.83,104.0,0.291,15.0,14.42,14.0,13.46,0.7569999999999999,0.0579999999999999,18.78,8.02,17.92,25.94,20.47,11.45,,,,,,,,,,,,,,,,,,,,,,,,,,,,
745321,2024-06-16,2024,666176,R,702352,R,field_out,False,False,157.0,0.171,55.0,35.03,9.0,5.73,0.558,0.15,31.55,15.5,14.57,30.08,30.79,24.44,43.0,0.205,18.0,41.86,4.0,9.3,0.7150000000000001,0.231,40.66,20.67,14.53,35.2,30.34,25.35,,,,,,,,,,,,,,,,,,,,,,,,,,,,
745321,2024-06-16,2024,657061,L,702352,R,strikeout,True,False,31.0,0.259,8.0,25.81,3.0,9.68,0.767,0.185,20.0,8.47,19.49,27.97,24.14,20.59,4.0,0.0,1.0,25.0,0.0,0.0,0.25,0.0,14.29,5.26,15.79,21.05,9.09,11.11,,,,,,,,,,,,,,,,,,,,,,,,,,,,
745321,2024-06-16,2024,624424,L,690829,R,field_out,False,False,146.0,0.216,34.0,23.29,12.0,8.22,0.677,0.18000000000000002,25.27,11.88,16.35,28.23,28.09,19.88,368.0,0.245,77.0,20.92,50.0,13.59,0.753,0.155,23.68,10.56,15.02,25.57,23.23,16.81,8.0,0.429,1.0,12.5,1.0,12.5,1.071,0.14199999999999996,35.71,21.74,13.04,34.78,25.0,25.0,19.0,0.077,3.0,15.79,6.0,31.58,0.445,0.0,24.0,7.69,15.38,23.08,11.9,18.75
745321,2024-06-16,2024,624585,R,690829,R,strikeout,True,False,167.0,0.203,36.0,21.56,16.0,9.58,0.605,0.121,27.95,13.2,15.1,28.3,27.71,21.05,446.0,0.242,111.0,24.89,46.0,10.31,0.788,0.22,27.97,12.22,16.15,28.37,25.71,21.19,14.0,0.417,1.0,7.14,2.0,14.29,0.917,0.0,24.14,11.11,15.87,26.98,25.0,5.26,29.0,0.333,7.0,24.14,3.0,10.34,0.914,0.1669999999999999,25.0,12.1,19.35,31.45,33.33,17.07
745321,2024-06-16,2024,527038,R,690829,R,hit_by_pitch,False,False,114.0,0.202,17.0,14.91,11.0,9.65,0.582,0.09099999999999997,15.74,6.6,23.83,30.43,28.98,11.72,273.0,0.271,35.0,12.82,27.0,9.89,0.849,0.2249999999999999,14.98,6.76,19.32,26.08,27.75,9.09,14.0,0.417,1.0,7.14,2.0,14.29,0.917,0.0,24.14,11.11,15.87,26.98,25.0,5.26,29.0,0.333,7.0,24.14,3.0,10.34,0.914,0.1669999999999999,25.0,12.1,19.35,31.45,33.33,17.07
745321,2024-06-16,2024,573262,L,690829,R,walk,False,True,172.0,0.218,49.0,28.49,14.0,8.14,0.699,0.19899999999999998,25.96,10.67,18.97,29.64,18.85,22.07,296.0,0.243,75.0,25.34,40.0,13.51,0.831,0.235,23.69,9.65,18.67,28.32,20.68,19.69,8.0,0.429,1.0,12.5,1.0,12.5,1.071,0.14199999999999996,35.71,21.74,13.04,34.78,25.0,25.0,19.0,0.077,3.0,15.79,6.0,31.58,0.445,0.0,24.0,7.69,15.38,23.08,11.9,18.75
745321,2024-06-16,2024,642731,R,690829,R,field_out,False,False,200.0,0.241,40.0,20.0,5.0,2.5,0.663,0.15200000000000002,19.71,9.8,19.74,29.55,36.42,19.9,380.0,0.276,84.0,22.11,15.0,3.95,0.767,0.172,21.44,11.24,17.01,28.25,38.17,20.1,14.0,0.417,1.0,7.14,2.0,14.29,0.917,0.0,24.14,11.11,15.87,26.98,25.0,5.26,29.0,0.333,7.0,24.14,3.0,10.34,0.914,0.1669999999999999,25.0,12.1,19.35,31.45,33.33,17.07
745321,2024-06-16,2024,683021,R,702352,R,strikeout,True,False,16.0,0.167,1.0,6.25,2.0,12.5,0.5,0.0,0.0,0.0,26.56,26.56,12.0,5.26,52.0,0.348,7.0,13.46,5.0,9.62,0.836,0.065,6.58,2.6,20.83,23.44,14.58,14.89,,,,,,,,,,,,,,,,,,,,,,,,,,,,
745321,2024-06-16,2024,650859,L,702352,R,field_out,False,False,169.0,0.288,23.0,13.61,10.0,5.92,0.7310000000000001,0.10400000000000004,20.12,10.73,12.38,23.1,33.23,12.85,322.0,0.24,60.0,18.63,31.0,9.63,0.7270000000000001,0.166,24.18,11.79,13.87,25.66,28.19,14.39,,,,,,,,,,,,,,,,,,,,,,,,,,,,
745321,2024-06-16,2024,621493,R,702352,R,field_out,False,False,228.0,0.212,54.0,23.68,26.0,11.4,0.704,0.19200000000000003,23.81,10.11,19.55,29.66,18.43,20.7,295.0,0.233,61.0,20.68,27.0,9.15,0.702,0.148,23.43,10.4,15.98,26.37,23.09,17.78,,,,,,,,,,,,,,,,,,,,,,,,,,,,
745321,2024-06-16,2024,689172,L,660761,L,double,False,False,14.0,0.5,3.0,21.43,0.0,0.0,1.286,0.28600000000000003,25.93,13.46,11.54,25.0,34.62,20.0,25.0,0.261,10.0,40.0,1.0,4.0,0.6399999999999999,0.0869999999999999,45.83,23.4,15.96,39.36,36.96,34.48,62.0,0.296,16.0,25.81,7.0,11.29,0.887,0.20400000000000001,30.36,12.78,16.54,29.32,26.62,20.25,33.0,0.276,4.0,12.12,4.0,12.12,0.778,0.1379999999999999,23.53,10.0,15.83,25.83,18.18,14.81
745321,2024-06-16,2024,671218,R,660761,L,single,False,False,43.0,0.419,8.0,18.6,10.0,23.26,1.59,0.613,26.21,12.56,9.3,21.86,20.72,10.13,46.0,0.186,16.0,34.78,3.0,6.52,0.588,0.1629999999999999,32.35,16.67,13.64,30.3,30.21,23.53,100.0,0.277,21.0,21.0,14.0,14.0,0.9440000000000001,0.277,28.02,12.35,14.29,26.63,28.21,17.36,132.0,0.336,24.0,18.18,16.0,12.12,1.057,0.301,29.55,14.48,13.69,28.17,28.06,16.44
745321,2024-06-16,2024,672275,R,660761,L,fielders_choice_out,False,False,32.0,0.241,9.0,28.12,2.0,6.25,0.591,0.069,24.07,10.32,19.84,30.16,14.55,28.12,113.0,0.298,30.0,26.55,8.0,7.08,0.829,0.183,25.26,10.67,21.33,32.0,21.36,22.39,100.0,0.277,21.0,21.0,14.0,14.0,0.9440000000000001,0.277,28.02,12.35,14.29,26.63,28.21,17.36,132.0,0.336,24.0,18.18,16.0,12.12,1.057,0.301,29.55,14.48,13.69,28.17,28.06,16.44
745321,2024-06-16,2024,656305,R,660761,L,field_out,False,False,77.0,0.338,13.0,16.88,9.0,11.69,0.99,0.23599999999999993,13.64,6.5,15.48,21.98,26.45,12.38,113.0,0.307,26.0,23.01,10.0,8.85,0.89,0.208,30.77,13.88,17.35,31.24,20.45,17.81,100.0,0.277,21.0,21.0,14.0,14.0,0.9440000000000001,0.277,28.02,12.35,14.29,26.63,28.21,17.36,132.0,0.336,24.0,18.18,16.0,12.12,1.057,0.301,29.55,14.48,13.69,28.17,28.06,16.44
745321,2024-06-16,2024,624424,L,660761,L,field_out,False,False,47.0,0.311,12.0,25.53,2.0,4.26,0.851,0.2,30.11,15.82,19.77,35.59,34.25,21.05,102.0,0.219,29.0,28.43,3.0,2.94,0.5980000000000001,0.114,29.28,13.52,20.15,33.67,28.95,22.83,62.0,0.296,16.0,25.81,7.0,11.29,0.887,0.20400000000000001,30.36,12.78,16.54,29.32,26.62,20.25,33.0,0.276,4.0,12.12,4.0,12.12,0.778,0.1379999999999999,23.53,10.0,15.83,25.83,18.18,14.81
745321,2024-06-16,2024,607680,R,702352,R,field_out,False,False,87.0,0.234,15.0,17.24,5.0,5.75,0.731,0.19499999999999998,21.47,11.01,15.41,26.42,34.15,14.56,95.0,0.202,22.0,23.16,4.0,4.21,0.58,0.1459999999999999,23.46,13.0,15.17,28.17,39.61,20.95,,,,,,,,,,,,,,,,,,,,,,,,,,,,
745321,2024-06-16,2024,681351,R,702352,R,field_out,False,False,170.0,0.301,39.0,22.94,11.0,6.47,0.842,0.186,32.2,16.1,15.48,31.58,33.62,18.18,154.0,0.22,38.0,24.68,9.0,5.84,0.757,0.262,32.06,17.0,13.8,30.81,36.07,19.69,,,,,,,,,,,,,,,,,,,,,,,,,,,,
745321,2024-06-16,2024,687263,R,702352,R,strikeout,True,False,209.0,0.214,51.0,24.4,12.0,5.74,0.68,0.19200000000000003,28.89,14.74,15.51,30.26,33.66,21.79,262.0,0.222,62.0,23.66,18.0,6.87,0.6599999999999999,0.1349999999999999,28.77,13.7,16.19,29.89,23.52,18.84,,,,,,,,,,,,,,,,,,,,,,,,,,,,
745321,2024-06-16,2024,624585,R,660761,L,walk,False,True,71.0,0.258,18.0,25.35,7.0,9.86,0.804,0.194,32.59,15.49,13.73,29.23,31.06,21.69,135.0,0.277,30.0,22.22,20.0,14.81,1.081,0.4109999999999999,26.29,11.6,16.16,27.76,25.27,18.75,100.0,0.277,21.0,21.0,14.0,14.0,0.9440000000000001,0.277,28.02,12.35,14.29,26.63,28.21,17.36,132.0,0.336,24.0,18.18,16.0,12.12,1.057,0.301,29.55,14.48,13.69,28.17,28.06,16.44
745321,2024-06-16,2024,527038,R,660761,L,double,False,False,90.0,0.228,11.0,12.22,7.0,7.78,0.648,0.13899999999999998,11.61,5.08,19.77,24.86,26.2,10.89,182.0,0.303,28.0,15.38,14.0,7.69,0.886,0.224,17.07,7.55,21.16,28.71,29.47,12.17,100.0,0.277,21.0,21.0,14.0,14.0,0.9440000000000001,0.277,28.02,12.35,14.29,26.63,28.21,17.36,132.0,0.336,24.0,18.18,16.0,12.12,1.057,0.301,29.55,14.48,13.69,28.17,28.06,16.44
745321,2024-06-16,2024,596103,R,660761,L,hit_by_pitch,False,False,59.0,0.204,14.0,23.73,9.0,15.25,0.543,0.0,26.17,11.07,16.6,27.67,18.18,17.28,147.0,0.288,40.0,27.21,13.0,8.84,0.8,0.151,27.27,11.44,19.76,31.2,22.15,21.51,100.0,0.277,21.0,21.0,14.0,14.0,0.9440000000000001,0.277,28.02,12.35,14.29,26.63,28.21,17.36,132.0,0.336,24.0,18.18,16.0,12.12,1.057,0.301,29.55,14.48,13.69,28.17,28.06,16.44
745321,2024-06-16,2024,642731,R,660761,L,double,False,False,72.0,0.221,12.0,16.67,3.0,4.17,0.603,0.13199999999999998,19.05,10.13,17.3,27.43,35.04,20.34,150.0,0.257,36.0,24.0,7.0,4.67,0.643,0.079,21.99,10.73,18.17,28.89,37.46,20.57,100.0,0.277,21.0,21.0,14.0,14.0,0.9440000000000001,0.277,28.02,12.35,14.29,26.63,28.21,17.36,132.0,0.336,24.0,18.18,16.0,12.12,1.057,0.301,29.55,14.48,13.69,28.17,28.06,16.44
745321,2024-06-16,2024,689172,L,660761,L,double,False,False,14.0,0.5,3.0,21.43,0.0,0.0,1.286,0.28600000000000003,25.93,13.46,11.54,25.0,34.62,20.0,25.0,0.261,10.0,40.0,1.0,4.0,0.6399999999999999,0.0869999999999999,45.83,23.4,15.96,39.36,36.96,34.48,62.0,0.296,16.0,25.81,7.0,11.29,0.887,0.20400000000000001,30.36,12.78,16.54,29.32,26.62,20.25,33.0,0.276,4.0,12.12,4.0,12.12,0.778,0.1379999999999999,23.53,10.0,15.83,25.83,18.18,14.81
745321,2024-06-16,2024,671218,R,519326,R,strikeout,True,False,102.0,0.295,34.0,33.33,7.0,6.86,0.764,0.126,35.29,16.26,16.26,32.51,27.44,28.57,14.0,0.154,4.0,28.57,1.0,7.14,0.368,0.0,30.43,14.58,18.75,33.33,26.09,50.0,84.0,0.241,17.0,20.24,4.0,4.76,0.729,0.202,23.75,11.95,14.78,26.73,30.0,18.09,,,,,,,,,,,,,,
745321,2024-06-16,2024,672275,L,519326,R,single,False,False,137.0,0.284,24.0,17.52,17.0,12.41,0.808,0.15600000000000003,20.61,9.61,13.88,23.49,25.52,16.0,240.0,0.203,70.0,29.17,13.0,5.42,0.5569999999999999,0.0989999999999999,26.61,12.88,17.55,30.43,28.93,23.81,36.0,0.182,5.0,13.89,3.0,8.33,0.523,0.09100000000000003,15.87,6.62,20.53,27.15,22.37,12.82,,,,,,,,,,,,,,
745321,2024-06-16,2024,656305,R,519326,R,single,False,False,214.0,0.197,54.0,25.23,18.0,8.41,0.6080000000000001,0.135,26.85,12.43,19.16,31.58,27.18,19.64,471.0,0.223,139.0,29.51,52.0,11.04,0.722,0.179,31.15,13.33,17.79,31.11,18.61,21.72,84.0,0.241,17.0,20.24,4.0,4.76,0.729,0.202,23.75,11.95,14.78,26.73,30.0,18.09,,,,,,,,,,,,,,
745321,2024-06-16,2024,624424,L,519326,R,field_out,False,False,146.0,0.216,34.0,23.29,12.0,8.22,0.677,0.18000000000000002,25.27,11.88,16.35,28.23,28.09,19.88,368.0,0.245,77.0,20.92,50.0,13.59,0.753,0.155,23.68,10.56,15.02,25.57,23.23,16.81,36.0,0.182,5.0,13.89,3.0,8.33,0.523,0.09100000000000003,15.87,6.62,20.53,27.15,22.37,12.82,,,,,,,,,,,,,,
745321,2024-06-16,2024,624585,R,519326,R,home_run,False,False,167.0,0.203,36.0,21.56,16.0,9.58,0.605,0.121,27.95,13.2,15.1,28.3,27.71,21.05,446.0,0.242,111.0,24.89,46.0,10.31,0.788,0.22,27.97,12.22,16.15,28.37,25.71,21.19,84.0,0.241,17.0,20.24,4.0,4.76,0.729,0.202,23.75,11.95,14.78,26.73,30.0,18.09,,,,,,,,,,,,,,
745321,2024-06-16,2024,527038,R,519326,R,field_error,False,False,114.0,0.202,17.0,14.91,11.0,9.65,0.582,0.09099999999999997,15.74,6.6,23.83,30.43,28.98,11.72,273.0,0.271,35.0,12.82,27.0,9.89,0.849,0.2249999999999999,14.98,6.76,19.32,26.08,27.75,9.09,84.0,0.241,17.0,20.24,4.0,4.76,0.729,0.202,23.75,11.95,14.78,26.73,30.0,18.09,,,,,,,,,,,,,,
745321,2024-06-16,2024,596103,R,519326,R,single,False,False,12.0,0.2,5.0,41.67,1.0,8.33,0.533,0.0,40.0,13.95,27.91,41.86,16.67,35.71,60.0,0.226,18.0,30.0,7.0,11.67,0.619,0.0759999999999999,36.36,15.52,18.1,33.62,22.5,28.12,84.0,0.241,17.0,20.24,4.0,4.76,0.729,0.202,23.75,11.95,14.78,26.73,30.0,18.09,,,,,,,,,,,,,,
745321,2024-06-16,2024,642731,R,665896,R,field_out,False,False,200.0,0.241,40.0,20.0,5.0,2.5,0.663,0.15200000000000002,19.71,9.8,19.74,29.55,36.42,19.9,380.0,0.276,84.0,22.11,15.0,3.95,0.767,0.172,21.44,11.24,17.01,28.25,38.17,20.1,,,,,,,,,,,,,,,26.0,0.318,4.0,15.38,3.0,11.54,1.0670000000000002,0.364,18.6,8.79,13.19,21.98,23.91,16.67
745321,2024-06-16,2024,694384,L,663546,R,field_out,False,False,203.0,0.221,36.0,17.73,16.0,7.88,0.623,0.11000000000000001,15.88,6.78,21.46,28.23,24.62,14.83,104.0,0.291,15.0,14.42,14.0,13.46,0.7569999999999999,0.0579999999999999,18.78,8.02,17.92,25.94,20.47,11.45,52.0,0.152,9.0,17.31,4.0,7.69,0.6479999999999999,0.261,10.11,4.55,20.71,25.25,24.18,15.25,60.0,0.294,12.0,20.0,5.0,8.33,0.863,0.196,23.21,11.4,16.67,28.07,21.78,17.65
745321,2024-06-16,2024,666176,R,663546,R,field_out,False,False,157.0,0.171,55.0,35.03,9.0,5.73,0.558,0.15,31.55,15.5,14.57,30.08,30.79,24.44,43.0,0.205,18.0,41.86,4.0,9.3,0.7150000000000001,0.231,40.66,20.67,14.53,35.2,30.34,25.35,67.0,0.215,19.0,28.36,1.0,1.49,0.516,0.06200000000000003,30.97,14.64,23.43,38.08,37.7,28.36,79.0,0.333,19.0,24.05,8.0,10.13,0.853,0.1019999999999999,21.37,8.56,22.6,31.16,26.67,26.03
745321,2024-06-16,2024,657061,L,663546,R,field_out,False,False,31.0,0.259,8.0,25.81,3.0,9.68,0.767,0.185,20.0,8.47,19.49,27.97,24.14,20.59,4.0,0.0,1.0,25.0,0.0,0.0,0.25,0.0,14.29,5.26,15.79,21.05,9.09,11.11,52.0,0.152,9.0,17.31,4.0,7.69,0.6479999999999999,0.261,10.11,4.55,20.71,25.25,24.18,15.25,60.0,0.294,12.0,20.0,5.0,8.33,0.863,0.196,23.21,11.4,16.67,28.07,21.78,17.65
745321,2024-06-16,2024,689172,L,665896,R,field_out,False,False,50.0,0.255,11.0,22.0,2.0,4.0,0.642,0.10699999999999998,22.83,11.05,18.95,30.0,37.89,19.3,106.0,0.155,30.0,28.3,8.0,7.55,0.4639999999999999,0.092,28.32,14.65,14.19,28.83,32.6,19.86,,,,,,,,,,,,,,,22.0,0.412,3.0,13.64,4.0,18.18,1.147,0.235,28.12,10.98,14.63,25.61,19.15,20.0
745321,2024-06-16,2024,671218,R,665896,R,field_error,False,False,102.0,0.295,34.0,33.33,7.0,6.86,0.764,0.126,35.29,16.26,16.26,32.51,27.44,28.57,14.0,0.154,4.0,28.57,1.0,7.14,0.368,0.0,30.43,14.58,18.75,33.33,26.09,50.0,,,,,,,,,,,,,,,26.0,0.318,4.0,15.38,3.0,11.54,1.0670000000000002,0.364,18.6,8.79,13.19,21.98,23.91,16.67
745321,2024-06-16,2024,672275,L,665896,R,grounded_into_double_play,False,False,137.0,0.284,24.0,17.52,17.0,12.41,0.808,0.15600000000000003,20.61,9.61,13.88,23.49,25.52,16.0,240.0,0.203,70.0,29.17,13.0,5.42,0.5569999999999999,0.0989999999999999,26.61,12.88,17.55,30.43,28.93,23.81,,,,,,,,,,,,,,,22.0,0.412,3.0,13.64,4.0,18.18,1.147,0.235,28.12,10.98,14.63,25.61,19.15,20.0
745321,2024-06-16,2024,683021,R,592426,R,field_out,False,False,16.0,0.167,1.0,6.25,2.0,12.5,0.5,0.0,0.0,0.0,26.56,26.56,12.0,5.26,52.0,0.348,7.0,13.46,5.0,9.62,0.836,0.065,6.58,2.6,20.83,23.44,14.58,14.89,52.0,0.191,13.0,25.0,3.0,5.77,0.489,0.04300000000000001,27.1,14.36,13.86,28.22,36.27,17.81,98.0,0.182,31.0,31.63,9.0,9.18,0.5720000000000001,0.125,28.42,13.83,13.83,27.66,29.59,25.2
745321,2024-06-16,2024,666160,L,592426,R,walk,False,True,161.0,0.205,39.0,24.22,10.0,6.21,0.573,0.11300000000000002,26.67,15.05,11.91,26.96,36.05,18.22,259.0,0.293,93.0,35.91,7.0,2.7,0.8620000000000001,0.249,38.62,24.01,9.43,33.44,46.84,30.07,40.0,0.344,7.0,17.5,7.0,17.5,0.95,0.15600000000000003,26.03,12.18,15.38,27.56,32.18,15.56,45.0,0.263,12.0,26.67,6.0,13.33,0.7769999999999999,0.1579999999999999,35.14,16.15,16.15,32.3,28.21,26.09
745321,2024-06-16,2024,621493,R,592426,R,grounded_into_double_play,False,False,228.0,0.212,54.0,23.68,26.0,11.4,0.704,0.19200000000000003,23.81,10.11,19.55,29.66,18.43,20.7,295.0,0.233,61.0,20.68,27.0,9.15,0.702,0.148,23.43,10.4,15.98,26.37,23.09,17.78,52.0,0.191,13.0,25.0,3.0,5.77,0.489,0.04300000000000001,27.1,14.36,13.86,28.22,36.27,17.81,98.0,0.182,31.0,31.63,9.0,9.18,0.5720000000000001,0.125,28.42,13.83,13.83,27.66,29.59,25.2
745321,2024-06-16,2024,656305,R,665896,R,walk,False,True,214.0,0.197,54.0,25.23,18.0,8.41,0.6080000000000001,0.135,26.85,12.43,19.16,31.58,27.18,19.64,471.0,0.223,139.0,29.51,52.0,11.04,0.722,0.179,31.15,13.33,17.79,31.11,18.61,21.72,,,,,,,,,,,,,,,26.0,0.318,4.0,15.38,3.0,11.54,1.0670000000000002,0.364,18.6,8.79,13.19,21.98,23.91,16.67
745321,2024-06-16,2024,624424,L,665896,R,field_out,False,False,146.0,0.216,34.0,23.29,12.0,8.22,0.677,0.18000000000000002,25.27,11.88,16.35,28.23,28.09,19.88,368.0,0.245,77.0,20.92,50.0,13.59,0.753,0.155,23.68,10.56,15.02,25.57,23.23,16.81,,,,,,,,,,,,,,,22.0,0.412,3.0,13.64,4.0,18.18,1.147,0.235,28.12,10.98,14.63,25.61,19.15,20.0
745321,2024-06-16,2024,624585,R,665896,R,strikeout,True,False,167.0,0.203,36.0,21.56,16.0,9.58,0.605,0.121,27.95,13.2,15.1,28.3,27.71,21.05,446.0,0.242,111.0,24.89,46.0,10.31,0.788,0.22,27.97,12.22,16.15,28.37,25.71,21.19,,,,,,,,,,,,,,,26.0,0.318,4.0,15.38,3.0,11.54,1.0670000000000002,0.364,18.6,8.79,13.19,21.98,23.91,16.67
745321,2024-06-16,2024,670092,L,665896,R,field_out,False,False,17.0,0.133,3.0,17.65,2.0,11.76,0.368,0.0,23.08,8.7,23.19,31.88,18.92,18.75,,,,,,,,,,,,,,,,,,,,,,,,,,,,,22.0,0.412,3.0,13.64,4.0,18.18,1.147,0.235,28.12,10.98,14.63,25.61,19.15,20.0
745321,2024-06-16,2024,607680,R,573124,L,field_out,False,False,55.0,0.412,8.0,14.55,3.0,5.45,1.2,0.333,23.08,11.11,13.89,25.0,33.05,14.55,111.0,0.25,28.0,25.23,2.0,1.8,0.733,0.2219999999999999,28.46,16.17,12.7,28.87,40.87,21.05,64.0,0.167,18.0,28.12,3.0,4.69,0.569,0.18299999999999997,29.57,12.88,21.97,34.85,23.2,20.45,113.0,0.312,25.0,22.12,14.0,12.39,0.98,0.2609999999999999,21.26,8.83,21.48,30.31,29.61,23.15
745321,2024-06-16,2024,642136,L,573124,L,strikeout,True,False,5.0,0.0,0.0,0.0,0.0,0.0,0.0,0.0,16.67,9.09,13.64,22.73,0.0,0.0,41.0,0.206,12.0,29.27,5.0,12.2,0.547,0.0,30.88,13.21,16.98,30.19,22.78,27.91,50.0,0.302,14.0,28.0,6.0,12.0,0.819,0.11699999999999999,31.08,11.79,21.54,33.33,24.51,31.82,103.0,0.101,39.0,37.86,11.0,10.68,0.3299999999999999,0.0229999999999999,32.18,13.05,23.78,36.83,25.84,25.83
745321,2024-06-16,2024,687263,R,573124,L,single,False,False,44.0,0.395,9.0,20.45,1.0,2.27,0.944,0.14,23.91,13.66,13.66,27.33,39.73,16.67,67.0,0.237,15.0,22.39,2.0,2.99,0.786,0.221,28.57,13.88,15.92,29.8,31.5,25.42,64.0,0.167,18.0,28.12,3.0,4.69,0.569,0.18299999999999997,29.57,12.88,21.97,34.85,23.2,20.45,113.0,0.312,25.0,22.12,14.0,12.39,0.98,0.2609999999999999,21.26,8.83,21.48,30.31,29.61,23.15
745321,2024-06-16,2024,694384,L,573124,L,walk,False,True,51.0,0.195,8.0,15.69,6.0,11.76,0.641,0.14600000000000002,11.76,4.37,21.31,25.68,14.61,17.39,29.0,0.217,4.0,13.79,6.0,20.69,0.64,0.044,12.5,4.55,21.82,26.36,21.05,15.38,50.0,0.302,14.0,28.0,6.0,12.0,0.819,0.11699999999999999,31.08,11.79,21.54,33.33,24.51,31.82,103.0,0.101,39.0,37.86,11.0,10.68,0.3299999999999999,0.0229999999999999,32.18,13.05,23.78,36.83,25.84,25.83
745321,2024-06-16,2024,666176,R,573124,L,field_out,False,False,52.0,0.25,11.0,21.15,4.0,7.69,1.016,0.45799999999999996,36.75,18.94,9.25,28.19,29.92,14.86,19.0,0.211,7.0,36.84,0.0,0.0,0.6849999999999999,0.263,34.09,18.29,13.41,31.71,34.21,21.88,64.0,0.167,18.0,28.12,3.0,4.69,0.569,0.18299999999999997,29.57,12.88,21.97,34.85,23.2,20.45,113.0,0.312,25.0,22.12,14.0,12.39,0.98,0.2609999999999999,21.26,8.83,21.48,30.31,29.61,23.15
745321,2024-06-16,2024,596103,R,608334,R,home_run,False,False,12.0,0.2,5.0,41.67,1.0,8.33,0.533,0.0,40.0,13.95,27.91,41.86,16.67,35.71,60.0,0.226,18.0,30.0,7.0,11.67,0.619,0.0759999999999999,36.36,15.52,18.1,33.62,22.5,28.12,64.0,0.189,20.0,31.25,10.0,15.62,0.573,0.055999999999999994,27.87,12.64,14.87,27.51,33.79,24.39,17.0,0.214,1.0,5.88,3.0,17.65,0.782,0.215,12.5,4.48,17.91,22.39,14.71,9.09
745321,2024-06-16,2024,642731,R,608334,R,single,False,False,200.0,0.241,40.0,20.0,5.0,2.5,0.663,0.15200000000000002,19.71,9.8,19.74,29.55,36.42,19.9,380.0,0.276,84.0,22.11,15.0,3.95,0.767,0.172,21.44,11.24,17.01,28.25,38.17,20.1,64.0,0.189,20.0,31.25,10.0,15.62,0.573,0.055999999999999994,27.87,12.64,14.87,27.51,33.79,24.39,17.0,0.214,1.0,5.88,3.0,17.65,0.782,0.215,12.5,4.48,17.91,22.39,14.71,9.09
745321,2024-06-16,2024,689172,L,608334,R,field_out,False,False,50.0,0.255,11.0,22.0,2.0,4.0,0.642,0.10699999999999998,22.83,11.05,18.95,30.0,37.89,19.3,106.0,0.155,30.0,28.3,8.0,7.55,0.4639999999999999,0.092,28.32,14.65,14.19,28.83,32.6,19.86,63.0,0.189,9.0,14.29,8.0,12.7,0.751,0.245,25.49,10.79,15.77,26.56,27.21,14.75,22.0,0.15,5.0,22.73,1.0,4.55,0.527,0.15,25.58,12.22,16.67,28.89,26.19,17.86
745321,2024-06-16,2024,671218,R,608334,R,force_out,False,False,102.0,0.295,34.0,33.33,7.0,6.86,0.764,0.126,35.29,16.26,16.26,32.51,27.44,28.57,14.0,0.154,4.0,28.57,1.0,7.14,0.368,0.0,30.43,14.58,18.75,33.33,26.09,50.0,64.0,0.189,20.0,31.25,10.0,15.62,0.573,0.055999999999999994,27.87,12.64,14.87,27.51,33.79,24.39,17.0,0.214,1.0,5.88,3.0,17.65,0.782,0.215,12.5,4.48,17.91,22.39,14.71,9.09
745321,2024-06-16,2024,672275,L,608334,R,single,False,False,137.0,0.284,24.0,17.52,17.0,12.41,0.808,0.15600000000000003,20.61,9.61,13.88,23.49,25.52,16.0,240.0,0.203,70.0,29.17,13.0,5.42,0.5569999999999999,0.0989999999999999,26.61,12.88,17.55,30.43,28.93,23.81,63.0,0.189,9.0,14.29,8.0,12.7,0.751,0.245,25.49,10.79,15.77,26.56,27.21,14.75,22.0,0.15,5.0,22.73,1.0,4.55,0.527,0.15,25.58,12.22,16.67,28.89,26.19,17.86
745321,2024-06-16,2024,656305,R,608334,R,field_out,False,False,214.0,0.197,54.0,25.23,18.0,8.41,0.6080000000000001,0.135,26.85,12.43,19.16,31.58,27.18,19.64,471.0,0.223,139.0,29.51,52.0,11.04,0.722,0.179,31.15,13.33,17.79,31.11,18.61,21.72,64.0,0.189,20.0,31.25,10.0,15.62,0.573,0.055999999999999994,27.87,12.64,14.87,27.51,33.79,24.39,17.0,0.214,1.0,5.88,3.0,17.65,0.782,0.215,12.5,4.48,17.91,22.39,14.71,9.09
745321,2024-06-16,2024,657061,L,643511,R,double,False,False,31.0,0.259,8.0,25.81,3.0,9.68,0.767,0.185,20.0,8.47,19.49,27.97,24.14,20.59,4.0,0.0,1.0,25.0,0.0,0.0,0.25,0.0,14.29,5.26,15.79,21.05,9.09,11.11,57.0,0.26,7.0,12.28,1.0,1.75,0.661,0.08000000000000002,14.02,7.5,18.5,26.0,25.33,11.48,136.0,0.2,32.0,23.53,9.0,6.62,0.5569999999999999,0.0919999999999999,20.7,10.56,18.33,28.88,27.6,21.33
745321,2024-06-16,2024,683021,R,643511,R,field_out,False,False,16.0,0.167,1.0,6.25,2.0,12.5,0.5,0.0,0.0,0.0,26.56,26.56,12.0,5.26,52.0,0.348,7.0,13.46,5.0,9.62,0.836,0.065,6.58,2.6,20.83,23.44,14.58,14.89,75.0,0.227,16.0,21.33,0.0,0.0,0.587,0.13299999999999998,20.59,11.72,15.48,27.2,35.92,25.0,173.0,0.262,28.0,16.18,10.0,5.78,0.733,0.1629999999999999,23.75,12.04,17.27,29.32,30.54,16.37
745321,2024-06-16,2024,666160,L,643511,R,strikeout,True,False,161.0,0.205,39.0,24.22,10.0,6.21,0.573,0.11300000000000002,26.67,15.05,11.91,26.96,36.05,18.22,259.0,0.293,93.0,35.91,7.0,2.7,0.8620000000000001,0.249,38.62,24.01,9.43,33.44,46.84,30.07,57.0,0.26,7.0,12.28,1.0,1.75,0.661,0.08000000000000002,14.02,7.5,18.5,26.0,25.33,11.48,136.0,0.2,32.0,23.53,9.0,6.62,0.5569999999999999,0.0919999999999999,20.7,10.56,18.33,28.88,27.6,21.33
745321,2024-06-16,2024,641645,L,643511,R,field_out,False,False,74.0,0.262,12.0,16.22,8.0,10.81,0.692,0.09199999999999997,20.45,9.06,17.45,26.51,25.85,14.29,96.0,0.218,19.0,19.79,8.0,8.33,0.591,0.092,15.23,6.02,21.47,27.49,22.05,19.79,57.0,0.26,7.0,12.28,1.0,1.75,0.661,0.08000000000000002,14.02,7.5,18.5,26.0,25.33,11.48,136.0,0.2,32.0,23.53,9.0,6.62,0.5569999999999999,0.0919999999999999,20.7,10.56,18.33,28.88,27.6,21.33
745321,2024-06-16,2024,624424,L,608334,R,double,False,False,146.0,0.216,34.0,23.29,12.0,8.22,0.677,0.18000000000000002,25.27,11.88,16.35,28.23,28.09,19.88,368.0,0.245,77.0,20.92,50.0,13.59,0.753,0.155,23.68,10.56,15.02,25.57,23.23,16.81,63.0,0.189,9.0,14.29,8.0,12.7,0.751,0.245,25.49,10.79,15.77,26.56,27.21,14.75,22.0,0.15,5.0,22.73,1.0,4.55,0.527,0.15,25.58,12.22,16.67,28.89,26.19,17.86
745321,2024-06-16,2024,624585,R,608334,R,double,False,False,167.0,0.203,36.0,21.56,16.0,9.58,0.605,0.121,27.95,13.2,15.1,28.3,27.71,21.05,446.0,0.242,111.0,24.89,46.0,10.31,0.788,0.22,27.97,12.22,16.15,28.37,25.71,21.19,64.0,0.189,20.0,31.25,10.0,15.62,0.573,0.055999999999999994,27.87,12.64,14.87,27.51,33.79,24.39,17.0,0.214,1.0,5.88,3.0,17.65,0.782,0.215,12.5,4.48,17.91,22.39,14.71,9.09
745321,2024-06-16,2024,670092,L,608334,R,single,False,False,17.0,0.133,3.0,17.65,2.0,11.76,0.368,0.0,23.08,8.7,23.19,31.88,18.92,18.75,,,,,,,,,,,,,,,63.0,0.189,9.0,14.29,8.0,12.7,0.751,0.245,25.49,10.79,15.77,26.56,27.21,14.75,22.0,0.15,5.0,22.73,1.0,4.55,0.527,0.15,25.58,12.22,16.67,28.89,26.19,17.86
745321,2024-06-16,2024,596103,R,608334,R,walk,False,True,12.0,0.2,5.0,41.67,1.0,8.33,0.533,0.0,40.0,13.95,27.91,41.86,16.67,35.71,60.0,0.226,18.0,30.0,7.0,11.67,0.619,0.0759999999999999,36.36,15.52,18.1,33.62,22.5,28.12,64.0,0.189,20.0,31.25,10.0,15.62,0.573,0.055999999999999994,27.87,12.64,14.87,27.51,33.79,24.39,17.0,0.214,1.0,5.88,3.0,17.65,0.782,0.215,12.5,4.48,17.91,22.39,14.71,9.09
745321,2024-06-16,2024,642731,R,641645,R,force_out,False,False,200.0,0.241,40.0,20.0,5.0,2.5,0.663,0.15200000000000002,19.71,9.8,19.74,29.55,36.42,19.9,380.0,0.276,84.0,22.11,15.0,3.95,0.767,0.172,21.44,11.24,17.01,28.25,38.17,20.1,5.0,0.6,0.0,0.0,0.0,0.0,1.7999999999999998,0.6,16.67,7.69,0.0,7.69,12.5,,2.0,0.0,0.0,0.0,0.0,0.0,0.0,0.0,0.0,0.0,16.67,16.67,0.0,
745321,2024-06-16,2024,689172,L,641645,R,force_out,False,False,50.0,0.255,11.0,22.0,2.0,4.0,0.642,0.10699999999999998,22.83,11.05,18.95,30.0,37.89,19.3,106.0,0.155,30.0,28.3,8.0,7.55,0.4639999999999999,0.092,28.32,14.65,14.19,28.83,32.6,19.86,2.0,0.0,0.0,0.0,1.0,50.0,0.5,0.0,0.0,0.0,0.0,0.0,0.0,,2.0,0.5,0.0,0.0,0.0,0.0,1.0,0.0,0.0,0.0,16.67,16.67,0.0,
745321,2024-06-16,2024,671218,R,641645,R,field_out,False,False,102.0,0.295,34.0,33.33,7.0,6.86,0.764,0.126,35.29,16.26,16.26,32.51,27.44,28.57,14.0,0.154,4.0,28.57,1.0,7.14,0.368,0.0,30.43,14.58,18.75,33.33,26.09,50.0,5.0,0.6,0.0,0.0,0.0,0.0,1.7999999999999998,0.6,16.67,7.69,0.0,7.69,12.5,,2.0,0.0,0.0,0.0,0.0,0.0,0.0,0.0,0.0,0.0,16.67,16.67,0.0,
745321,2024-06-16,2024,641432,L,666808,R,single,False,False,109.0,0.301,13.0,11.93,5.0,4.59,0.757,0.126,13.54,6.44,16.58,23.02,23.86,13.54,139.0,0.256,15.0,10.79,13.0,9.35,0.756,0.176,14.22,5.56,19.54,25.1,21.32,10.83,61.0,0.283,17.0,27.87,8.0,13.11,0.849,0.189,34.17,15.19,16.67,31.85,29.17,23.94,147.0,0.174,43.0,29.25,18.0,12.24,0.588,0.1149999999999999,31.29,14.99,14.68,29.68,31.58,19.72
745321,2024-06-16,2024,642136,L,666808,R,double,False,False,59.0,0.245,19.0,32.2,9.0,15.25,0.75,0.14300000000000002,40.0,16.13,16.13,32.26,24.29,25.33,266.0,0.215,71.0,26.69,31.0,11.65,0.6759999999999999,0.145,34.8,16.01,13.25,29.25,18.13,22.15,61.0,0.283,17.0,27.87,8.0,13.11,0.849,0.189,34.17,15.19,16.67,31.85,29.17,23.94,147.0,0.174,43.0,29.25,18.0,12.24,0.588,0.1149999999999999,31.29,14.99,14.68,29.68,31.58,19.72
745321,2024-06-16,2024,687263,R,666808,R,sac_fly,False,False,209.0,0.214,51.0,24.4,12.0,5.74,0.68,0.19200000000000003,28.89,14.74,15.51,30.26,33.66,21.79,262.0,0.222,62.0,23.66,18.0,6.87,0.6599999999999999,0.1349999999999999,28.77,13.7,16.19,29.89,23.52,18.84,64.0,0.151,18.0,28.12,11.0,17.19,0.5609999999999999,0.11300000000000002,35.66,17.49,14.83,32.32,31.91,22.78,136.0,0.244,44.0,32.35,8.0,5.88,0.594,0.0409999999999999,35.9,16.28,17.05,33.33,26.79,34.38
745321,2024-06-16,2024,694384,L,666808,R,walk,False,True,203.0,0.221,36.0,17.73,16.0,7.88,0.623,0.11000000000000001,15.88,6.78,21.46,28.23,24.62,14.83,104.0,0.291,15.0,14.42,14.0,13.46,0.7569999999999999,0.0579999999999999,18.78,8.02,17.92,25.94,20.47,11.45,61.0,0.283,17.0,27.87,8.0,13.11,0.849,0.189,34.17,15.19,16.67,31.85,29.17,23.94,147.0,0.174,43.0,29.25,18.0,12.24,0.588,0.1149999999999999,31.29,14.99,14.68,29.68,31.58,19.72
745321,2024-06-16,2024,666176,R,666808,R,single,False,False,157.0,0.171,55.0,35.03,9.0,5.73,0.558,0.15,31.55,15.5,14.57,30.08,30.79,24.44,43.0,0.205,18.0,41.86,4.0,9.3,0.7150000000000001,0.231,40.66,20.67,14.53,35.2,30.34,25.35,64.0,0.151,18.0,28.12,11.0,17.19,0.5609999999999999,0.11300000000000002,35.66,17.49,14.83,32.32,31.91,22.78,136.0,0.244,44.0,32.35,8.0,5.88,0.594,0.0409999999999999,35.9,16.28,17.05,33.33,26.79,34.38
745321,2024-06-16,2024,657061,L,666808,R,walk,False,True,31.0,0.259,8.0,25.81,3.0,9.68,0.767,0.185,20.0,8.47,19.49,27.97,24.14,20.59,4.0,0.0,1.0,25.0,0.0,0.0,0.25,0.0,14.29,5.26,15.79,21.05,9.09,11.11,61.0,0.283,17.0,27.87,8.0,13.11,0.849,0.189,34.17,15.19,16.67,31.85,29.17,23.94,147.0,0.174,43.0,29.25,18.0,12.24,0.588,0.1149999999999999,31.29,14.99,14.68,29.68,31.58,19.72
745321,2024-06-16,2024,683021,R,666808,R,double,False,False,16.0,0.167,1.0,6.25,2.0,12.5,0.5,0.0,0.0,0.0,26.56,26.56,12.0,5.26,52.0,0.348,7.0,13.46,5.0,9.62,0.836,0.065,6.58,2.6,20.83,23.44,14.58,14.89,64.0,0.151,18.0,28.12,11.0,17.19,0.5609999999999999,0.11300000000000002,35.66,17.49,14.83,32.32,31.91,22.78,136.0,0.244,44.0,32.35,8.0,5.88,0.594,0.0409999999999999,35.9,16.28,17.05,33.33,26.79,34.38
745321,2024-06-16,2024,666160,L,676254,R,strikeout,True,False,161.0,0.205,39.0,24.22,10.0,6.21,0.573,0.11300000000000002,26.67,15.05,11.91,26.96,36.05,18.22,259.0,0.293,93.0,35.91,7.0,2.7,0.8620000000000001,0.249,38.62,24.01,9.43,33.44,46.84,30.07,63.0,0.22,20.0,31.75,3.0,4.76,0.609,0.11900000000000002,32.28,15.89,16.67,32.56,29.66,23.53,96.0,0.221,29.0,30.21,7.0,7.29,0.711,0.1979999999999999,31.22,14.6,18.81,33.42,31.25,19.72
745321,2024-06-16,2024,641645,L,676254,R,strikeout,True,False,74.0,0.262,12.0,16.22,8.0,10.81,0.692,0.09199999999999997,20.45,9.06,17.45,26.51,25.85,14.29,96.0,0.218,19.0,19.79,8.0,8.33,0.591,0.092,15.23,6.02,21.47,27.49,22.05,19.79,63.0,0.22,20.0,31.75,3.0,4.76,0.609,0.11900000000000002,32.28,15.89,16.67,32.56,29.66,23.53,96.0,0.221,29.0,30.21,7.0,7.29,0.711,0.1979999999999999,31.22,14.6,18.81,33.42,31.25,19.72
746945,2024-06-16,2024,683011,R,676710,R,strikeout,True,False,254.0,0.266,56.0,22.05,17.0,6.69,0.739,0.14899999999999997,23.73,11.34,18.72,30.06,30.35,19.24,467.0,0.198,132.0,28.27,36.0,7.71,0.624,0.1579999999999999,28.15,13.53,17.49,31.02,29.16,23.4,165.0,0.248,37.0,22.42,12.0,7.27,0.677,0.11399999999999999,28.61,15.06,14.74,29.79,34.09,17.56,268.0,0.232,71.0,26.49,14.0,5.22,0.6639999999999999,0.148,28.52,15.66,13.7,29.35,35.55,21.65
746945,2024-06-16,2024,665742,L,676710,R,field_out,False,False,238.0,0.312,39.0,16.39,42.0,17.65,1.044,0.297,24.18,8.86,18.81,27.66,16.67,14.08,502.0,0.283,81.0,16.14,99.0,19.72,0.98,0.2730000000000001,18.45,6.31,19.31,25.62,15.09,14.14,172.0,0.213,42.0,24.42,13.0,7.56,0.636,0.148,21.07,11.01,15.5,26.51,32.78,21.76,259.0,0.209,64.0,24.71,22.0,8.49,0.675,0.188,25.14,12.52,14.19,26.72,28.47,19.34
746945,2024-06-16,2024,592450,R,676710,R,home_run,False,False,253.0,0.31,62.0,24.51,38.0,15.02,1.107,0.37999999999999995,31.02,13.4,14.71,28.12,18.52,19.44,384.0,0.266,109.0,28.39,77.0,20.05,1.011,0.3339999999999999,36.96,15.02,15.7,30.72,19.29,24.12,165.0,0.248,37.0,22.42,12.0,7.27,0.677,0.11399999999999999,28.61,15.06,14.74,29.79,34.09,17.56,268.0,0.232,71.0,26.49,14.0,5.22,0.6639999999999999,0.148,28.52,15.66,13.7,29.35,35.55,21.65
746945,2024-06-16,2024,657077,L,676710,R,field_out,False,False,213.0,0.276,26.0,12.21,13.0,6.1,0.774,0.183,12.83,5.9,19.8,25.71,26.63,10.83,441.0,0.279,66.0,14.97,30.0,6.8,0.793,0.185,15.08,6.28,20.52,26.8,22.64,14.93,172.0,0.213,42.0,24.42,13.0,7.56,0.636,0.148,21.07,11.01,15.5,26.51,32.78,21.76,259.0,0.209,64.0,24.71,22.0,8.49,0.675,0.188,25.14,12.52,14.19,26.72,28.47,19.34
746945,2024-06-16,2024,680776,L,573186,R,single,False,False,227.0,0.293,47.0,20.7,20.0,8.81,0.908,0.25800000000000006,23.7,11.17,14.64,25.81,27.14,18.29,314.0,0.296,75.0,23.89,21.0,6.69,0.84,0.195,24.68,12.92,13.75,26.67,30.3,19.02,150.0,0.242,23.0,15.33,20.0,13.33,0.845,0.25,16.48,7.01,16.64,23.65,24.41,12.5,311.0,0.194,59.0,18.97,35.0,11.25,0.575,0.0879999999999999,19.89,8.59,16.93,25.51,25.45,17.99
746945,2024-06-16,2024,666152,L,573186,R,field_out,False,False,123.0,0.281,32.0,26.02,8.0,6.5,0.798,0.184,25.85,10.88,20.94,31.83,20.25,21.77,36.0,0.1,10.0,27.78,6.0,16.67,0.417,0.067,20.0,8.44,23.38,31.82,26.39,15.38,150.0,0.242,23.0,15.33,20.0,13.33,0.845,0.25,16.48,7.01,16.64,23.65,24.41,12.5,311.0,0.194,59.0,18.97,35.0,11.25,0.575,0.0879999999999999,19.89,8.59,16.93,25.51,25.45,17.99
746945,2024-06-16,2024,608701,R,573186,R,strikeout,True,False,84.0,0.32,17.0,20.24,6.0,7.14,0.866,0.173,20.39,9.75,17.3,27.04,23.49,16.19,98.0,0.159,25.0,25.51,10.0,10.2,0.466,0.036,25.0,10.43,19.91,30.33,20.39,18.38,183.0,0.207,35.0,19.13,14.0,7.65,0.6020000000000001,0.11600000000000002,26.35,11.16,18.31,29.47,28.74,18.32,264.0,0.272,60.0,22.73,17.0,6.44,0.712,0.122,25.22,11.88,16.45,28.32,28.57,21.9
746945,2024-06-16,2024,646240,L,573186,R,field_out,False,False,169.0,0.289,33.0,19.53,26.0,15.38,1.0230000000000001,0.338,24.69,11.4,12.99,24.39,29.54,16.42,469.0,0.27,89.0,18.98,51.0,10.87,0.863,0.235,25.44,13.04,9.74,22.78,33.05,15.06,150.0,0.242,23.0,15.33,20.0,13.33,0.845,0.25,16.48,7.01,16.64,23.65,24.41,12.5,311.0,0.194,59.0,18.97,35.0,11.25,0.575,0.0879999999999999,19.89,8.59,16.93,25.51,25.45,17.99
746945,2024-06-16,2024,519317,R,676710,R,strikeout,True,False,195.0,0.236,66.0,33.85,16.0,8.21,0.8089999999999999,0.27,34.73,15.92,17.59,33.5,31.7,30.7,341.0,0.175,111.0,32.55,35.0,10.26,0.64,0.201,36.65,15.18,19.37,34.55,27.39,25.58,165.0,0.248,37.0,22.42,12.0,7.27,0.677,0.11399999999999999,28.61,15.06,14.74,29.79,34.09,17.56,268.0,0.232,71.0,26.49,14.0,5.22,0.6639999999999999,0.148,28.52,15.66,13.7,29.35,35.55,21.65
746945,2024-06-16,2024,519203,L,676710,R,field_out,False,False,214.0,0.233,34.0,15.89,17.0,7.94,0.6930000000000001,0.156,18.78,9.42,16.52,25.95,37.56,14.41,334.0,0.22,86.0,25.75,27.0,8.08,0.6739999999999999,0.146,25.23,12.17,17.7,29.87,34.73,19.95,172.0,0.213,42.0,24.42,13.0,7.56,0.636,0.148,21.07,11.01,15.5,26.51,32.78,21.76,259.0,0.209,64.0,24.71,22.0,8.49,0.675,0.188,25.14,12.52,14.19,26.72,28.47,19.34
746945,2024-06-16,2024,650402,R,676710,R,strikeout,True,False,231.0,0.228,52.0,22.51,20.0,8.66,0.64,0.11200000000000002,25.17,11.7,16.72,28.42,21.52,15.81,544.0,0.273,78.0,14.34,50.0,9.19,0.772,0.1589999999999999,21.74,10.32,15.57,25.89,26.86,11.29,165.0,0.248,37.0,22.42,12.0,7.27,0.677,0.11399999999999999,28.61,15.06,14.74,29.79,34.09,17.56,268.0,0.232,71.0,26.49,14.0,5.22,0.6639999999999999,0.148,28.52,15.66,13.7,29.35,35.55,21.65
746945,2024-06-16,2024,657136,R,573186,R,field_out,False,False,132.0,0.317,25.0,18.94,3.0,2.27,0.8009999999999999,0.125,27.43,14.61,15.06,29.66,32.85,20.49,296.0,0.262,94.0,31.76,13.0,4.39,0.734,0.1669999999999999,32.08,16.95,15.14,32.09,35.28,27.01,183.0,0.207,35.0,19.13,14.0,7.65,0.6020000000000001,0.11600000000000002,26.35,11.16,18.31,29.47,28.74,18.32,264.0,0.272,60.0,22.73,17.0,6.44,0.712,0.122,25.22,11.88,16.45,28.32,28.57,21.9
746945,2024-06-16,2024,807799,L,573186,R,strikeout,True,False,83.0,0.288,11.0,13.25,7.0,8.43,0.75,0.09600000000000003,17.14,7.29,19.45,26.75,23.03,12.5,437.0,0.293,58.0,13.27,22.0,5.03,0.795,0.167,17.2,7.54,21.09,28.63,28.96,13.65,150.0,0.242,23.0,15.33,20.0,13.33,0.845,0.25,16.48,7.01,16.64,23.65,24.41,12.5,311.0,0.194,59.0,18.97,35.0,11.25,0.575,0.0879999999999999,19.89,8.59,16.93,25.51,25.45,17.99
746945,2024-06-16,2024,665839,L,573186,R,walk,False,True,115.0,0.248,28.0,24.35,7.0,6.09,0.7729999999999999,0.238,20.55,9.68,18.71,28.39,29.46,17.2,133.0,0.28,32.0,24.06,7.0,5.26,0.806,0.2079999999999999,23.05,10.04,20.07,30.11,28.72,21.48,150.0,0.242,23.0,15.33,20.0,13.33,0.845,0.25,16.48,7.01,16.64,23.65,24.41,12.5,311.0,0.194,59.0,18.97,35.0,11.25,0.575,0.0879999999999999,19.89,8.59,16.93,25.51,25.45,17.99
746945,2024-06-16,2024,642086,L,573186,R,single,False,False,111.0,0.191,22.0,19.82,14.0,12.61,0.5700000000000001,0.064,24.61,11.41,16.5,27.91,29.3,20.95,414.0,0.263,62.0,14.98,33.0,7.97,0.736,0.135,19.9,10.09,14.56,24.65,32.27,13.42,150.0,0.242,23.0,15.33,20.0,13.33,0.845,0.25,16.48,7.01,16.64,23.65,24.41,12.5,311.0,0.194,59.0,18.97,35.0,11.25,0.575,0.0879999999999999,19.89,8.59,16.93,25.51,25.45,17.99
746945,2024-06-16,2024,678882,R,573186,R,single,False,False,193.0,0.219,53.0,27.46,5.0,2.59,0.601,0.142,34.29,21.15,11.45,32.6,45.48,23.98,62.0,0.263,20.0,32.26,3.0,4.84,0.6739999999999999,0.1049999999999999,27.08,15.6,11.2,26.8,42.11,22.22,183.0,0.207,35.0,19.13,14.0,7.65,0.6020000000000001,0.11600000000000002,26.35,11.16,18.31,29.47,28.74,18.32,264.0,0.272,60.0,22.73,17.0,6.44,0.712,0.122,25.22,11.88,16.45,28.32,28.57,21.9
746945,2024-06-16,2024,680776,L,573186,R,strikeout,True,False,227.0,0.293,47.0,20.7,20.0,8.81,0.908,0.25800000000000006,23.7,11.17,14.64,25.81,27.14,18.29,314.0,0.296,75.0,23.89,21.0,6.69,0.84,0.195,24.68,12.92,13.75,26.67,30.3,19.02,150.0,0.242,23.0,15.33,20.0,13.33,0.845,0.25,16.48,7.01,16.64,23.65,24.41,12.5,311.0,0.194,59.0,18.97,35.0,11.25,0.575,0.0879999999999999,19.89,8.59,16.93,25.51,25.45,17.99
746945,2024-06-16,2024,624431,R,676710,R,strikeout,True,False,87.0,0.284,12.0,13.79,4.0,4.6,0.7170000000000001,0.11100000000000004,16.0,6.67,22.67,29.33,30.38,17.91,125.0,0.19,20.0,16.0,5.0,4.0,0.495,0.069,18.59,8.22,23.33,31.56,37.86,15.5,165.0,0.248,37.0,22.42,12.0,7.27,0.677,0.11399999999999999,28.61,15.06,14.74,29.79,34.09,17.56,268.0,0.232,71.0,26.49,14.0,5.22,0.6639999999999999,0.148,28.52,15.66,13.7,29.35,35.55,21.65
746945,2024-06-16,2024,518934,R,676710,R,walk,False,True,40.0,0.206,10.0,25.0,5.0,12.5,0.514,0.0,22.86,10.74,21.48,32.21,34.38,22.22,450.0,0.241,100.0,22.22,45.0,10.0,0.7070000000000001,0.146,19.38,7.76,24.06,31.82,23.84,20.0,165.0,0.248,37.0,22.42,12.0,7.27,0.677,0.11399999999999999,28.61,15.06,14.74,29.79,34.09,17.56,268.0,0.232,71.0,26.49,14.0,5.22,0.6639999999999999,0.148,28.52,15.66,13.7,29.35,35.55,21.65
746945,2024-06-16,2024,683011,R,676710,R,grounded_into_double_play,False,False,254.0,0.266,56.0,22.05,17.0,6.69,0.739,0.14899999999999997,23.73,11.34,18.72,30.06,30.35,19.24,467.0,0.198,132.0,28.27,36.0,7.71,0.624,0.1579999999999999,28.15,13.53,17.49,31.02,29.16,23.4,165.0,0.248,37.0,22.42,12.0,7.27,0.677,0.11399999999999999,28.61,15.06,14.74,29.79,34.09,17.56,268.0,0.232,71.0,26.49,14.0,5.22,0.6639999999999999,0.148,28.52,15.66,13.7,29.35,35.55,21.65
746945,2024-06-16,2024,666152,L,573186,R,walk,False,True,123.0,0.281,32.0,26.02,8.0,6.5,0.798,0.184,25.85,10.88,20.94,31.83,20.25,21.77,36.0,0.1,10.0,27.78,6.0,16.67,0.417,0.067,20.0,8.44,23.38,31.82,26.39,15.38,150.0,0.242,23.0,15.33,20.0,13.33,0.845,0.25,16.48,7.01,16.64,23.65,24.41,12.5,311.0,0.194,59.0,18.97,35.0,11.25,0.575,0.0879999999999999,19.89,8.59,16.93,25.51,25.45,17.99
746945,2024-06-16,2024,608701,R,573186,R,single,False,False,84.0,0.32,17.0,20.24,6.0,7.14,0.866,0.173,20.39,9.75,17.3,27.04,23.49,16.19,98.0,0.159,25.0,25.51,10.0,10.2,0.466,0.036,25.0,10.43,19.91,30.33,20.39,18.38,183.0,0.207,35.0,19.13,14.0,7.65,0.6020000000000001,0.11600000000000002,26.35,11.16,18.31,29.47,28.74,18.32,264.0,0.272,60.0,22.73,17.0,6.44,0.712,0.122,25.22,11.88,16.45,28.32,28.57,21.9
746945,2024-06-16,2024,646240,L,573186,R,grounded_into_double_play,False,False,169.0,0.289,33.0,19.53,26.0,15.38,1.0230000000000001,0.338,24.69,11.4,12.99,24.39,29.54,16.42,469.0,0.27,89.0,18.98,51.0,10.87,0.863,0.235,25.44,13.04,9.74,22.78,33.05,15.06,150.0,0.242,23.0,15.33,20.0,13.33,0.845,0.25,16.48,7.01,16.64,23.65,24.41,12.5,311.0,0.194,59.0,18.97,35.0,11.25,0.575,0.0879999999999999,19.89,8.59,16.93,25.51,25.45,17.99
746945,2024-06-16,2024,657136,R,573186,R,field_out,False,False,132.0,0.317,25.0,18.94,3.0,2.27,0.8009999999999999,0.125,27.43,14.61,15.06,29.66,32.85,20.49,296.0,0.262,94.0,31.76,13.0,4.39,0.734,0.1669999999999999,32.08,16.95,15.14,32.09,35.28,27.01,183.0,0.207,35.0,19.13,14.0,7.65,0.6020000000000001,0.11600000000000002,26.35,11.16,18.31,29.47,28.74,18.32,264.0,0.272,60.0,22.73,17.0,6.44,0.712,0.122,25.22,11.88,16.45,28.32,28.57,21.9
746945,2024-06-16,2024,665742,L,676710,R,field_out,False,False,238.0,0.312,39.0,16.39,42.0,17.65,1.044,0.297,24.18,8.86,18.81,27.66,16.67,14.08,502.0,0.283,81.0,16.14,99.0,19.72,0.98,0.2730000000000001,18.45,6.31,19.31,25.62,15.09,14.14,172.0,0.213,42.0,24.42,13.0,7.56,0.636,0.148,21.07,11.01,15.5,26.51,32.78,21.76,259.0,0.209,64.0,24.71,22.0,8.49,0.675,0.188,25.14,12.52,14.19,26.72,28.47,19.34
746945,2024-06-16,2024,592450,R,676710,R,strikeout,True,False,253.0,0.31,62.0,24.51,38.0,15.02,1.107,0.37999999999999995,31.02,13.4,14.71,28.12,18.52,19.44,384.0,0.266,109.0,28.39,77.0,20.05,1.011,0.3339999999999999,36.96,15.02,15.7,30.72,19.29,24.12,165.0,0.248,37.0,22.42,12.0,7.27,0.677,0.11399999999999999,28.61,15.06,14.74,29.79,34.09,17.56,268.0,0.232,71.0,26.49,14.0,5.22,0.6639999999999999,0.148,28.52,15.66,13.7,29.35,35.55,21.65
746945,2024-06-16,2024,657077,L,676710,R,strikeout,True,False,213.0,0.276,26.0,12.21,13.0,6.1,0.774,0.183,12.83,5.9,19.8,25.71,26.63,10.83,441.0,0.279,66.0,14.97,30.0,6.8,0.793,0.185,15.08,6.28,20.52,26.8,22.64,14.93,172.0,0.213,42.0,24.42,13.0,7.56,0.636,0.148,21.07,11.01,15.5,26.51,32.78,21.76,259.0,0.209,64.0,24.71,22.0,8.49,0.675,0.188,25.14,12.52,14.19,26.72,28.47,19.34
746945,2024-06-16,2024,807799,L,573186,R,field_out,False,False,83.0,0.288,11.0,13.25,7.0,8.43,0.75,0.09600000000000003,17.14,7.29,19.45,26.75,23.03,12.5,437.0,0.293,58.0,13.27,22.0,5.03,0.795,0.167,17.2,7.54,21.09,28.63,28.96,13.65,150.0,0.242,23.0,15.33,20.0,13.33,0.845,0.25,16.48,7.01,16.64,23.65,24.41,12.5,311.0,0.194,59.0,18.97,35.0,11.25,0.575,0.0879999999999999,19.89,8.59,16.93,25.51,25.45,17.99
746945,2024-06-16,2024,665839,L,573186,R,single,False,False,115.0,0.248,28.0,24.35,7.0,6.09,0.7729999999999999,0.238,20.55,9.68,18.71,28.39,29.46,17.2,133.0,0.28,32.0,24.06,7.0,5.26,0.806,0.2079999999999999,23.05,10.04,20.07,30.11,28.72,21.48,150.0,0.242,23.0,15.33,20.0,13.33,0.845,0.25,16.48,7.01,16.64,23.65,24.41,12.5,311.0,0.194,59.0,18.97,35.0,11.25,0.575,0.0879999999999999,19.89,8.59,16.93,25.51,25.45,17.99
746945,2024-06-16,2024,642086,L,573186,R,field_out,False,False,111.0,0.191,22.0,19.82,14.0,12.61,0.5700000000000001,0.064,24.61,11.41,16.5,27.91,29.3,20.95,414.0,0.263,62.0,14.98,33.0,7.97,0.736,0.135,19.9,10.09,14.56,24.65,32.27,13.42,150.0,0.242,23.0,15.33,20.0,13.33,0.845,0.25,16.48,7.01,16.64,23.65,24.41,12.5,311.0,0.194,59.0,18.97,35.0,11.25,0.575,0.0879999999999999,19.89,8.59,16.93,25.51,25.45,17.99
746945,2024-06-16,2024,678882,R,573186,R,single,False,False,193.0,0.219,53.0,27.46,5.0,2.59,0.601,0.142,34.29,21.15,11.45,32.6,45.48,23.98,62.0,0.263,20.0,32.26,3.0,4.84,0.6739999999999999,0.1049999999999999,27.08,15.6,11.2,26.8,42.11,22.22,183.0,0.207,35.0,19.13,14.0,7.65,0.6020000000000001,0.11600000000000002,26.35,11.16,18.31,29.47,28.74,18.32,264.0,0.272,60.0,22.73,17.0,6.44,0.712,0.122,25.22,11.88,16.45,28.32,28.57,21.9
746945,2024-06-16,2024,680776,L,573186,R,field_out,False,False,227.0,0.293,47.0,20.7,20.0,8.81,0.908,0.25800000000000006,23.7,11.17,14.64,25.81,27.14,18.29,314.0,0.296,75.0,23.89,21.0,6.69,0.84,0.195,24.68,12.92,13.75,26.67,30.3,19.02,150.0,0.242,23.0,15.33,20.0,13.33,0.845,0.25,16.48,7.01,16.64,23.65,24.41,12.5,311.0,0.194,59.0,18.97,35.0,11.25,0.575,0.0879999999999999,19.89,8.59,16.93,25.51,25.45,17.99
746945,2024-06-16,2024,519317,R,676710,R,strikeout,True,False,195.0,0.236,66.0,33.85,16.0,8.21,0.8089999999999999,0.27,34.73,15.92,17.59,33.5,31.7,30.7,341.0,0.175,111.0,32.55,35.0,10.26,0.64,0.201,36.65,15.18,19.37,34.55,27.39,25.58,165.0,0.248,37.0,22.42,12.0,7.27,0.677,0.11399999999999999,28.61,15.06,14.74,29.79,34.09,17.56,268.0,0.232,71.0,26.49,14.0,5.22,0.6639999999999999,0.148,28.52,15.66,13.7,29.35,35.55,21.65
746945,2024-06-16,2024,519203,L,676710,R,field_out,False,False,214.0,0.233,34.0,15.89,17.0,7.94,0.6930000000000001,0.156,18.78,9.42,16.52,25.95,37.56,14.41,334.0,0.22,86.0,25.75,27.0,8.08,0.6739999999999999,0.146,25.23,12.17,17.7,29.87,34.73,19.95,172.0,0.213,42.0,24.42,13.0,7.56,0.636,0.148,21.07,11.01,15.5,26.51,32.78,21.76,259.0,0.209,64.0,24.71,22.0,8.49,0.675,0.188,25.14,12.52,14.19,26.72,28.47,19.34
746945,2024-06-16,2024,650402,R,676710,R,field_out,False,False,231.0,0.228,52.0,22.51,20.0,8.66,0.64,0.11200000000000002,25.17,11.7,16.72,28.42,21.52,15.81,544.0,0.273,78.0,14.34,50.0,9.19,0.772,0.1589999999999999,21.74,10.32,15.57,25.89,26.86,11.29,165.0,0.248,37.0,22.42,12.0,7.27,0.677,0.11399999999999999,28.61,15.06,14.74,29.79,34.09,17.56,268.0,0.232,71.0,26.49,14.0,5.22,0.6639999999999999,0.148,28.52,15.66,13.7,29.35,35.55,21.65
746945,2024-06-16,2024,666152,L,573186,R,single,False,False,123.0,0.281,32.0,26.02,8.0,6.5,0.798,0.184,25.85,10.88,20.94,31.83,20.25,21.77,36.0,0.1,10.0,27.78,6.0,16.67,0.417,0.067,20.0,8.44,23.38,31.82,26.39,15.38,150.0,0.242,23.0,15.33,20.0,13.33,0.845,0.25,16.48,7.01,16.64,23.65,24.41,12.5,311.0,0.194,59.0,18.97,35.0,11.25,0.575,0.0879999999999999,19.89,8.59,16.93,25.51,25.45,17.99
746945,2024-06-16,2024,608701,R,573186,R,walk,False,True,84.0,0.32,17.0,20.24,6.0,7.14,0.866,0.173,20.39,9.75,17.3,27.04,23.49,16.19,98.0,0.159,25.0,25.51,10.0,10.2,0.466,0.036,25.0,10.43,19.91,30.33,20.39,18.38,183.0,0.207,35.0,19.13,14.0,7.65,0.6020000000000001,0.11600000000000002,26.35,11.16,18.31,29.47,28.74,18.32,264.0,0.272,60.0,22.73,17.0,6.44,0.712,0.122,25.22,11.88,16.45,28.32,28.57,21.9
746945,2024-06-16,2024,646240,L,573186,R,sac_fly,False,False,169.0,0.289,33.0,19.53,26.0,15.38,1.0230000000000001,0.338,24.69,11.4,12.99,24.39,29.54,16.42,469.0,0.27,89.0,18.98,51.0,10.87,0.863,0.235,25.44,13.04,9.74,22.78,33.05,15.06,150.0,0.242,23.0,15.33,20.0,13.33,0.845,0.25,16.48,7.01,16.64,23.65,24.41,12.5,311.0,0.194,59.0,18.97,35.0,11.25,0.575,0.0879999999999999,19.89,8.59,16.93,25.51,25.45,17.99
746945,2024-06-16,2024,657136,R,573186,R,walk,False,True,132.0,0.317,25.0,18.94,3.0,2.27,0.8009999999999999,0.125,27.43,14.61,15.06,29.66,32.85,20.49,296.0,0.262,94.0,31.76,13.0,4.39,0.734,0.1669999999999999,32.08,16.95,15.14,32.09,35.28,27.01,183.0,0.207,35.0,19.13,14.0,7.65,0.6020000000000001,0.11600000000000002,26.35,11.16,18.31,29.47,28.74,18.32,264.0,0.272,60.0,22.73,17.0,6.44,0.712,0.122,25.22,11.88,16.45,28.32,28.57,21.9
746945,2024-06-16,2024,807799,L,573186,R,field_out,False,False,83.0,0.288,11.0,13.25,7.0,8.43,0.75,0.09600000000000003,17.14,7.29,19.45,26.75,23.03,12.5,437.0,0.293,58.0,13.27,22.0,5.03,0.795,0.167,17.2,7.54,21.09,28.63,28.96,13.65,150.0,0.242,23.0,15.33,20.0,13.33,0.845,0.25,16.48,7.01,16.64,23.65,24.41,12.5,311.0,0.194,59.0,18.97,35.0,11.25,0.575,0.0879999999999999,19.89,8.59,16.93,25.51,25.45,17.99
746945,2024-06-16,2024,624431,R,676710,R,home_run,False,False,87.0,0.284,12.0,13.79,4.0,4.6,0.7170000000000001,0.11100000000000004,16.0,6.67,22.67,29.33,30.38,17.91,125.0,0.19,20.0,16.0,5.0,4.0,0.495,0.069,18.59,8.22,23.33,31.56,37.86,15.5,165.0,0.248,37.0,22.42,12.0,7.27,0.677,0.11399999999999999,28.61,15.06,14.74,29.79,34.09,17.56,268.0,0.232,71.0,26.49,14.0,5.22,0.6639999999999999,0.148,28.52,15.66,13.7,29.35,35.55,21.65
746945,2024-06-16,2024,518934,R,676710,R,strikeout,True,False,40.0,0.206,10.0,25.0,5.0,12.5,0.514,0.0,22.86,10.74,21.48,32.21,34.38,22.22,450.0,0.241,100.0,22.22,45.0,10.0,0.7070000000000001,0.146,19.38,7.76,24.06,31.82,23.84,20.0,165.0,0.248,37.0,22.42,12.0,7.27,0.677,0.11399999999999999,28.61,15.06,14.74,29.79,34.09,17.56,268.0,0.232,71.0,26.49,14.0,5.22,0.6639999999999999,0.148,28.52,15.66,13.7,29.35,35.55,21.65
746945,2024-06-16,2024,683011,R,676710,R,single,False,False,254.0,0.266,56.0,22.05,17.0,6.69,0.739,0.14899999999999997,23.73,11.34,18.72,30.06,30.35,19.24,467.0,0.198,132.0,28.27,36.0,7.71,0.624,0.1579999999999999,28.15,13.53,17.49,31.02,29.16,23.4,165.0,0.248,37.0,22.42,12.0,7.27,0.677,0.11399999999999999,28.61,15.06,14.74,29.79,34.09,17.56,268.0,0.232,71.0,26.49,14.0,5.22,0.6639999999999999,0.148,28.52,15.66,13.7,29.35,35.55,21.65
746945,2024-06-16,2024,665742,L,676710,R,field_out,False,False,238.0,0.312,39.0,16.39,42.0,17.65,1.044,0.297,24.18,8.86,18.81,27.66,16.67,14.08,502.0,0.283,81.0,16.14,99.0,19.72,0.98,0.2730000000000001,18.45,6.31,19.31,25.62,15.09,14.14,172.0,0.213,42.0,24.42,13.0,7.56,0.636,0.148,21.07,11.01,15.5,26.51,32.78,21.76,259.0,0.209,64.0,24.71,22.0,8.49,0.675,0.188,25.14,12.52,14.19,26.72,28.47,19.34
746945,2024-06-16,2024,592450,R,676710,R,strikeout,True,False,253.0,0.31,62.0,24.51,38.0,15.02,1.107,0.37999999999999995,31.02,13.4,14.71,28.12,18.52,19.44,384.0,0.266,109.0,28.39,77.0,20.05,1.011,0.3339999999999999,36.96,15.02,15.7,30.72,19.29,24.12,165.0,0.248,37.0,22.42,12.0,7.27,0.677,0.11399999999999999,28.61,15.06,14.74,29.79,34.09,17.56,268.0,0.232,71.0,26.49,14.0,5.22,0.6639999999999999,0.148,28.52,15.66,13.7,29.35,35.55,21.65
746945,2024-06-16,2024,665839,L,592454,R,field_out,False,False,115.0,0.248,28.0,24.35,7.0,6.09,0.7729999999999999,0.238,20.55,9.68,18.71,28.39,29.46,17.2,133.0,0.28,32.0,24.06,7.0,5.26,0.806,0.2079999999999999,23.05,10.04,20.07,30.11,28.72,21.48,11.0,0.111,4.0,36.36,1.0,9.09,0.384,0.0,50.0,22.92,14.58,37.5,34.38,28.57,85.0,0.176,22.0,25.88,9.0,10.59,0.637,0.202,29.22,12.47,19.67,32.13,30.46,19.82
746945,2024-06-16,2024,642086,L,592454,R,strikeout,True,False,111.0,0.191,22.0,19.82,14.0,12.61,0.5700000000000001,0.064,24.61,11.41,16.5,27.91,29.3,20.95,414.0,0.263,62.0,14.98,33.0,7.97,0.736,0.135,19.9,10.09,14.56,24.65,32.27,13.42,11.0,0.111,4.0,36.36,1.0,9.09,0.384,0.0,50.0,22.92,14.58,37.5,34.38,28.57,85.0,0.176,22.0,25.88,9.0,10.59,0.637,0.202,29.22,12.47,19.67,32.13,30.46,19.82
746945,2024-06-16,2024,678882,R,592454,R,field_out,False,False,193.0,0.219,53.0,27.46,5.0,2.59,0.601,0.142,34.29,21.15,11.45,32.6,45.48,23.98,62.0,0.263,20.0,32.26,3.0,4.84,0.6739999999999999,0.1049999999999999,27.08,15.6,11.2,26.8,42.11,22.22,22.0,0.188,4.0,18.18,6.0,27.27,0.9710000000000001,0.37400000000000005,31.82,12.73,11.82,24.55,22.86,11.43,80.0,0.191,26.0,32.5,10.0,12.5,0.583,0.088,41.03,19.57,15.6,35.17,27.84,26.0
746945,2024-06-16,2024,657077,L,657514,L,single,False,False,77.0,0.215,13.0,16.88,9.0,11.69,0.65,0.12300000000000003,18.11,7.12,22.29,29.41,21.52,13.0,161.0,0.22,27.0,16.77,15.0,9.32,0.61,0.0779999999999999,17.21,6.6,24.69,31.29,20.83,15.61,56.0,0.14,16.0,28.57,3.0,5.36,0.424,0.07999999999999999,21.95,8.57,27.62,36.19,15.48,25.4,84.0,0.169,23.0,27.38,3.0,3.57,0.4589999999999999,0.0519999999999999,24.82,10.84,23.53,34.37,22.79,26.74
746945,2024-06-16,2024,519317,R,657514,L,single,False,False,65.0,0.242,18.0,27.69,2.0,3.08,0.7010000000000001,0.193,31.71,16.32,17.15,33.47,35.59,27.27,74.0,0.265,13.0,17.57,6.0,8.11,0.942,0.353,21.88,10.11,15.16,25.27,26.09,20.0,53.0,0.195,11.0,20.75,10.0,18.87,0.602,0.04899999999999999,18.37,8.33,15.28,23.61,23.76,15.49,132.0,0.304,35.0,26.52,15.0,11.36,0.872,0.174,24.64,9.56,20.22,29.78,16.48,23.33
746945,2024-06-16,2024,519203,L,657514,L,field_error,False,False,74.0,0.206,14.0,18.92,2.0,2.7,0.478,0.015000000000000013,19.84,9.51,17.49,27.0,26.87,22.22,87.0,0.333,11.0,12.64,8.0,9.2,0.825,0.0899999999999999,23.87,11.56,17.81,29.38,30.82,12.64,56.0,0.14,16.0,28.57,3.0,5.36,0.424,0.07999999999999999,21.95,8.57,27.62,36.19,15.48,25.4,84.0,0.169,23.0,27.38,3.0,3.57,0.4589999999999999,0.0519999999999999,24.82,10.84,23.53,34.37,22.79,26.74
746945,2024-06-16,2024,650402,R,677161,R,strikeout,True,False,231.0,0.228,52.0,22.51,20.0,8.66,0.64,0.11200000000000002,25.17,11.7,16.72,28.42,21.52,15.81,544.0,0.273,78.0,14.34,50.0,9.19,0.772,0.1589999999999999,21.74,10.32,15.57,25.89,26.86,11.29,50.0,0.114,14.0,28.0,5.0,10.0,0.425,0.09099999999999998,30.49,13.09,21.99,35.08,26.88,22.58,19.0,0.214,2.0,10.53,2.0,10.53,0.746,0.143,13.04,4.84,20.97,25.81,24.24,16.67
746945,2024-06-16,2024,624431,R,677161,R,strikeout,True,False,87.0,0.284,12.0,13.79,4.0,4.6,0.7170000000000001,0.11100000000000004,16.0,6.67,22.67,29.33,30.38,17.91,125.0,0.19,20.0,16.0,5.0,4.0,0.495,0.069,18.59,8.22,23.33,31.56,37.86,15.5,50.0,0.114,14.0,28.0,5.0,10.0,0.425,0.09099999999999998,30.49,13.09,21.99,35.08,26.88,22.58,19.0,0.214,2.0,10.53,2.0,10.53,0.746,0.143,13.04,4.84,20.97,25.81,24.24,16.67
746945,2024-06-16,2024,518934,R,677161,R,field_out,False,False,40.0,0.206,10.0,25.0,5.0,12.5,0.514,0.0,22.86,10.74,21.48,32.21,34.38,22.22,450.0,0.241,100.0,22.22,45.0,10.0,0.7070000000000001,0.146,19.38,7.76,24.06,31.82,23.84,20.0,50.0,0.114,14.0,28.0,5.0,10.0,0.425,0.09099999999999998,30.49,13.09,21.99,35.08,26.88,22.58,19.0,0.214,2.0,10.53,2.0,10.53,0.746,0.143,13.04,4.84,20.97,25.81,24.24,16.67
746945,2024-06-16,2024,680776,L,657571,L,walk,False,True,99.0,0.233,25.0,25.25,9.0,9.09,0.583,0.034,26.16,11.08,21.18,32.27,28.71,20.66,49.0,0.289,15.0,30.61,3.0,6.12,0.749,0.133,24.44,10.73,20.0,30.73,27.27,25.86,40.0,0.226,12.0,30.0,7.0,17.5,0.73,0.12899999999999998,35.0,13.64,19.48,33.12,19.28,26.67,90.0,0.266,26.0,28.89,4.0,4.44,0.748,0.126,27.22,13.33,17.39,30.72,29.94,25.0
746945,2024-06-16,2024,666152,L,657571,L,field_out,False,False,22.0,0.286,6.0,27.27,1.0,4.55,0.651,0.04700000000000004,28.57,13.16,17.11,30.26,22.22,28.57,3.0,0.333,0.0,0.0,0.0,0.0,0.666,0.0,25.0,16.67,16.67,33.33,50.0,,40.0,0.226,12.0,30.0,7.0,17.5,0.73,0.12899999999999998,35.0,13.64,19.48,33.12,19.28,26.67,90.0,0.266,26.0,28.89,4.0,4.44,0.748,0.126,27.22,13.33,17.39,30.72,29.94,25.0
746945,2024-06-16,2024,608701,R,657571,L,single,False,False,60.0,0.314,16.0,26.67,6.0,10.0,0.848,0.11699999999999999,33.03,15.45,17.6,33.05,23.42,21.05,146.0,0.308,22.0,15.07,23.0,15.75,0.8280000000000001,0.092,21.59,8.39,20.38,28.77,17.59,13.66,61.0,0.246,17.0,27.87,4.0,6.56,0.716,0.175,23.31,12.16,17.25,29.41,31.03,17.17,180.0,0.27,44.0,24.44,19.0,10.56,0.702,0.0819999999999999,25.63,12.6,16.34,28.95,28.12,20.66
746945,2024-06-16,2024,646240,L,596133,R,single,False,False,169.0,0.289,33.0,19.53,26.0,15.38,1.0230000000000001,0.338,24.69,11.4,12.99,24.39,29.54,16.42,469.0,0.27,89.0,18.98,51.0,10.87,0.863,0.235,25.44,13.04,9.74,22.78,33.05,15.06,72.0,0.156,23.0,31.94,6.0,8.33,0.517,0.12500000000000003,36.62,17.33,17.33,34.67,34.12,25.56,270.0,0.281,49.0,18.15,25.0,9.26,0.873,0.244,22.2,9.96,16.57,26.54,23.79,17.13
746945,2024-06-16,2024,657136,R,596133,R,triple,False,False,132.0,0.317,25.0,18.94,3.0,2.27,0.8009999999999999,0.125,27.43,14.61,15.06,29.66,32.85,20.49,296.0,0.262,94.0,31.76,13.0,4.39,0.734,0.1669999999999999,32.08,16.95,15.14,32.09,35.28,27.01,89.0,0.15,20.0,22.47,4.0,4.49,0.493,0.13799999999999998,24.19,13.24,12.35,25.59,32.8,16.24,294.0,0.319,60.0,20.41,15.0,5.1,0.948,0.2709999999999999,21.2,10.46,15.26,25.72,26.0,16.13
746945,2024-06-16,2024,807799,L,596133,R,hit_by_pitch,False,False,83.0,0.288,11.0,13.25,7.0,8.43,0.75,0.09600000000000003,17.14,7.29,19.45,26.75,23.03,12.5,437.0,0.293,58.0,13.27,22.0,5.03,0.795,0.167,17.2,7.54,21.09,28.63,28.96,13.65,72.0,0.156,23.0,31.94,6.0,8.33,0.517,0.12500000000000003,36.62,17.33,17.33,34.67,34.12,25.56,270.0,0.281,49.0,18.15,25.0,9.26,0.873,0.244,22.2,9.96,16.57,26.54,23.79,17.13
746945,2024-06-16,2024,665839,L,596133,R,strikeout,True,False,115.0,0.248,28.0,24.35,7.0,6.09,0.7729999999999999,0.238,20.55,9.68,18.71,28.39,29.46,17.2,133.0,0.28,32.0,24.06,7.0,5.26,0.806,0.2079999999999999,23.05,10.04,20.07,30.11,28.72,21.48,72.0,0.156,23.0,31.94,6.0,8.33,0.517,0.12500000000000003,36.62,17.33,17.33,34.67,34.12,25.56,270.0,0.281,49.0,18.15,25.0,9.26,0.873,0.244,22.2,9.96,16.57,26.54,23.79,17.13
746945,2024-06-16,2024,642086,L,596133,R,field_out,False,False,111.0,0.191,22.0,19.82,14.0,12.61,0.5700000000000001,0.064,24.61,11.41,16.5,27.91,29.3,20.95,414.0,0.263,62.0,14.98,33.0,7.97,0.736,0.135,19.9,10.09,14.56,24.65,32.27,13.42,72.0,0.156,23.0,31.94,6.0,8.33,0.517,0.12500000000000003,36.62,17.33,17.33,34.67,34.12,25.56,270.0,0.281,49.0,18.15,25.0,9.26,0.873,0.244,22.2,9.96,16.57,26.54,23.79,17.13
746945,2024-06-16,2024,683011,R,669711,R,strikeout,True,False,254.0,0.266,56.0,22.05,17.0,6.69,0.739,0.14899999999999997,23.73,11.34,18.72,30.06,30.35,19.24,467.0,0.198,132.0,28.27,36.0,7.71,0.624,0.1579999999999999,28.15,13.53,17.49,31.02,29.16,23.4,65.0,0.25,15.0,23.08,1.0,1.54,0.5900000000000001,0.07800000000000001,18.33,8.56,20.62,29.18,30.25,20.27,54.0,0.261,12.0,22.22,6.0,11.11,0.7709999999999999,0.1519999999999999,21.28,8.77,19.3,28.07,18.18,17.19
746945,2024-06-16,2024,665742,L,669711,R,walk,False,True,238.0,0.312,39.0,16.39,42.0,17.65,1.044,0.297,24.18,8.86,18.81,27.66,16.67,14.08,502.0,0.283,81.0,16.14,99.0,19.72,0.98,0.2730000000000001,18.45,6.31,19.31,25.62,15.09,14.14,53.0,0.283,17.0,32.08,6.0,11.32,0.9299999999999999,0.282,25.41,13.08,13.5,26.58,31.58,19.77,33.0,0.29,10.0,30.3,2.0,6.06,0.752,0.129,39.29,18.33,16.67,35.0,25.81,35.71
746945,2024-06-16,2024,592450,R,669711,R,strikeout,True,False,253.0,0.31,62.0,24.51,38.0,15.02,1.107,0.37999999999999995,31.02,13.4,14.71,28.12,18.52,19.44,384.0,0.266,109.0,28.39,77.0,20.05,1.011,0.3339999999999999,36.96,15.02,15.7,30.72,19.29,24.12,65.0,0.25,15.0,23.08,1.0,1.54,0.5900000000000001,0.07800000000000001,18.33,8.56,20.62,29.18,30.25,20.27,54.0,0.261,12.0,22.22,6.0,11.11,0.7709999999999999,0.1519999999999999,21.28,8.77,19.3,28.07,18.18,17.19
746945,2024-06-16,2024,657077,L,669711,R,field_out,False,False,213.0,0.276,26.0,12.21,13.0,6.1,0.774,0.183,12.83,5.9,19.8,25.71,26.63,10.83,441.0,0.279,66.0,14.97,30.0,6.8,0.793,0.185,15.08,6.28,20.52,26.8,22.64,14.93,53.0,0.283,17.0,32.08,6.0,11.32,0.9299999999999999,0.282,25.41,13.08,13.5,26.58,31.58,19.77,33.0,0.29,10.0,30.3,2.0,6.06,0.752,0.129,39.29,18.33,16.67,35.0,25.81,35.71
746945,2024-06-16,2024,678882,R,641656,R,single,False,False,193.0,0.219,53.0,27.46,5.0,2.59,0.601,0.142,34.29,21.15,11.45,32.6,45.48,23.98,62.0,0.263,20.0,32.26,3.0,4.84,0.6739999999999999,0.1049999999999999,27.08,15.6,11.2,26.8,42.11,22.22,81.0,0.3,20.0,24.69,6.0,7.41,0.7869999999999999,0.129,40.27,20.2,16.84,37.04,37.5,22.22,130.0,0.23,36.0,27.69,15.0,11.54,0.605,0.044,34.73,16.24,15.66,31.9,32.53,24.49
746945,2024-06-16,2024,680776,L,641656,R,single,False,False,227.0,0.293,47.0,20.7,20.0,8.81,0.908,0.25800000000000006,23.7,11.17,14.64,25.81,27.14,18.29,314.0,0.296,75.0,23.89,21.0,6.69,0.84,0.195,24.68,12.92,13.75,26.67,30.3,19.02,51.0,0.214,10.0,19.61,7.0,13.73,0.619,0.07199999999999998,28.85,14.78,14.78,29.56,33.65,14.29,110.0,0.198,33.0,30.0,11.0,10.0,0.607,0.125,34.67,16.42,15.79,32.21,30.0,20.25
746945,2024-06-16,2024,666152,L,641656,R,single,False,False,123.0,0.281,32.0,26.02,8.0,6.5,0.798,0.184,25.85,10.88,20.94,31.83,20.25,21.77,36.0,0.1,10.0,27.78,6.0,16.67,0.417,0.067,20.0,8.44,23.38,31.82,26.39,15.38,51.0,0.214,10.0,19.61,7.0,13.73,0.619,0.07199999999999998,28.85,14.78,14.78,29.56,33.65,14.29,110.0,0.198,33.0,30.0,11.0,10.0,0.607,0.125,34.67,16.42,15.79,32.21,30.0,20.25
746945,2024-06-16,2024,608701,R,641656,R,walk,False,True,84.0,0.32,17.0,20.24,6.0,7.14,0.866,0.173,20.39,9.75,17.3,27.04,23.49,16.19,98.0,0.159,25.0,25.51,10.0,10.2,0.466,0.036,25.0,10.43,19.91,30.33,20.39,18.38,81.0,0.3,20.0,24.69,6.0,7.41,0.7869999999999999,0.129,40.27,20.2,16.84,37.04,37.5,22.22,130.0,0.23,36.0,27.69,15.0,11.54,0.605,0.044,34.73,16.24,15.66,31.9,32.53,24.49
746945,2024-06-16,2024,646240,L,543859,R,field_out,False,False,169.0,0.289,33.0,19.53,26.0,15.38,1.0230000000000001,0.338,24.69,11.4,12.99,24.39,29.54,16.42,469.0,0.27,89.0,18.98,51.0,10.87,0.863,0.235,25.44,13.04,9.74,22.78,33.05,15.06,44.0,0.158,9.0,20.45,5.0,11.36,0.46099999999999997,0.05299999999999999,20.21,9.9,12.5,22.4,25.96,12.0,153.0,0.248,33.0,21.57,12.0,7.84,0.7030000000000001,0.139,24.04,12.14,15.53,27.67,29.01,16.02
746945,2024-06-16,2024,657136,R,543859,R,single,False,False,132.0,0.317,25.0,18.94,3.0,2.27,0.8009999999999999,0.125,27.43,14.61,15.06,29.66,32.85,20.49,296.0,0.262,94.0,31.76,13.0,4.39,0.734,0.1669999999999999,32.08,16.95,15.14,32.09,35.28,27.01,88.0,0.211,23.0,26.14,7.0,7.95,0.583,0.06500000000000003,29.94,13.7,18.08,31.78,32.28,19.49,172.0,0.19,42.0,24.42,11.0,6.4,0.613,0.183,25.53,12.71,17.19,29.9,29.81,17.8
746945,2024-06-16,2024,666915,R,543859,R,field_out,False,False,52.0,0.156,22.0,42.31,5.0,9.62,0.522,0.11100000000000002,39.45,18.7,17.83,36.52,30.56,23.91,31.0,0.103,17.0,54.84,2.0,6.45,0.368,0.104,45.45,22.22,17.78,40.0,36.11,38.64,88.0,0.211,23.0,26.14,7.0,7.95,0.583,0.06500000000000003,29.94,13.7,18.08,31.78,32.28,19.49,172.0,0.19,42.0,24.42,11.0,6.4,0.613,0.183,25.53,12.71,17.19,29.9,29.81,17.8
746945,2024-06-16,2024,519317,R,669711,R,field_out,False,False,195.0,0.236,66.0,33.85,16.0,8.21,0.8089999999999999,0.27,34.73,15.92,17.59,33.5,31.7,30.7,341.0,0.175,111.0,32.55,35.0,10.26,0.64,0.201,36.65,15.18,19.37,34.55,27.39,25.58,65.0,0.25,15.0,23.08,1.0,1.54,0.5900000000000001,0.07800000000000001,18.33,8.56,20.62,29.18,30.25,20.27,54.0,0.261,12.0,22.22,6.0,11.11,0.7709999999999999,0.1519999999999999,21.28,8.77,19.3,28.07,18.18,17.19
746945,2024-06-16,2024,665828,L,669711,R,single,False,False,144.0,0.233,28.0,19.44,8.0,5.56,0.641,0.13499999999999998,17.87,8.39,18.57,26.96,31.56,16.18,261.0,0.215,51.0,19.54,22.0,8.43,0.567,0.0679999999999999,22.29,10.93,14.34,25.28,25.97,17.65,53.0,0.283,17.0,32.08,6.0,11.32,0.9299999999999999,0.282,25.41,13.08,13.5,26.58,31.58,19.77,33.0,0.29,10.0,30.3,2.0,6.06,0.752,0.129,39.29,18.33,16.67,35.0,25.81,35.71
746945,2024-06-16,2024,650402,R,669711,R,force_out,False,False,231.0,0.228,52.0,22.51,20.0,8.66,0.64,0.11200000000000002,25.17,11.7,16.72,28.42,21.52,15.81,544.0,0.273,78.0,14.34,50.0,9.19,0.772,0.1589999999999999,21.74,10.32,15.57,25.89,26.86,11.29,65.0,0.25,15.0,23.08,1.0,1.54,0.5900000000000001,0.07800000000000001,18.33,8.56,20.62,29.18,30.25,20.27,54.0,0.261,12.0,22.22,6.0,11.11,0.7709999999999999,0.1519999999999999,21.28,8.77,19.3,28.07,18.18,17.19
746945,2024-06-16,2024,624431,R,669711,R,strikeout,True,False,87.0,0.284,12.0,13.79,4.0,4.6,0.7170000000000001,0.11100000000000004,16.0,6.67,22.67,29.33,30.38,17.91,125.0,0.19,20.0,16.0,5.0,4.0,0.495,0.069,18.59,8.22,23.33,31.56,37.86,15.5,65.0,0.25,15.0,23.08,1.0,1.54,0.5900000000000001,0.07800000000000001,18.33,8.56,20.62,29.18,30.25,20.27,54.0,0.261,12.0,22.22,6.0,11.11,0.7709999999999999,0.1519999999999999,21.28,8.77,19.3,28.07,18.18,17.19
746130,2024-06-16,2024,672580,R,607192,R,strikeout,True,False,260.0,0.246,47.0,18.08,20.0,7.69,0.641,0.09300000000000003,18.93,8.37,20.14,28.51,21.4,16.79,400.0,0.258,94.0,23.5,33.0,8.25,0.648,0.071,20.3,8.71,19.59,28.3,19.12,19.96,166.0,0.173,63.0,37.95,9.0,5.42,0.494,0.10300000000000004,33.23,16.21,17.28,33.49,29.55,30.0,219.0,0.164,74.0,33.79,16.0,7.31,0.492,0.1,36.45,17.61,16.8,34.41,28.81,25.69
746130,2024-06-16,2024,677951,R,607192,R,field_out,False,False,267.0,0.328,44.0,16.48,21.0,7.87,0.9420000000000001,0.23200000000000004,23.64,11.48,14.43,25.91,28.68,16.92,547.0,0.27,93.0,17.0,33.0,6.03,0.8,0.2149999999999999,22.15,10.87,15.53,26.4,29.62,14.44,166.0,0.173,63.0,37.95,9.0,5.42,0.494,0.10300000000000004,33.23,16.21,17.28,33.49,29.55,30.0,219.0,0.164,74.0,33.79,16.0,7.31,0.492,0.1,36.45,17.61,16.8,34.41,28.81,25.69
746130,2024-06-16,2024,686469,L,607192,R,strikeout,True,False,226.0,0.228,30.0,13.27,28.0,12.39,0.752,0.19499999999999998,13.33,5.89,15.81,21.7,26.92,12.35,188.0,0.251,23.0,12.23,15.0,7.98,0.784,0.217,14.85,7.02,17.48,24.5,34.8,10.0,153.0,0.201,50.0,32.68,11.0,7.19,0.692,0.23099999999999998,28.22,13.94,15.32,29.26,25.66,29.76,266.0,0.247,88.0,33.08,21.0,7.89,0.721,0.1689999999999999,34.59,16.73,17.12,33.85,30.97,28.03
746130,2024-06-16,2024,605141,R,663903,R,field_out,False,False,219.0,0.293,26.0,11.87,35.0,15.98,0.89,0.191,16.06,5.94,20.74,26.68,18.05,9.63,509.0,0.309,85.0,16.7,66.0,12.97,0.949,0.237,17.85,6.92,20.25,27.17,17.64,15.12,137.0,0.2,32.0,23.36,7.0,5.11,0.577,0.11199999999999999,21.81,9.64,18.73,28.36,25.85,19.05,288.0,0.321,51.0,17.71,14.0,4.86,0.845,0.177,22.54,10.34,19.64,29.98,28.24,18.02
746130,2024-06-16,2024,660271,L,663903,R,walk,False,True,198.0,0.306,41.0,20.71,24.0,12.12,1.057,0.35300000000000004,29.38,14.3,13.17,27.48,30.79,17.83,429.0,0.327,99.0,23.08,64.0,14.92,1.132,0.3739999999999999,32.88,15.48,11.59,27.07,28.86,20.75,167.0,0.273,40.0,23.95,14.0,8.38,0.823,0.20699999999999996,22.86,9.77,21.53,31.3,24.09,21.05,414.0,0.263,82.0,19.81,35.0,8.45,0.781,0.181,22.79,10.32,17.41,27.72,25.13,21.37
746130,2024-06-16,2024,518692,L,663903,R,single,False,False,192.0,0.34,30.0,15.62,26.0,13.54,1.012,0.23999999999999994,19.62,9.2,11.75,20.95,22.66,13.45,514.0,0.33,81.0,15.76,57.0,11.09,0.962,0.218,19.83,9.77,11.31,21.08,27.01,16.63,167.0,0.273,40.0,23.95,14.0,8.38,0.823,0.20699999999999996,22.86,9.77,21.53,31.3,24.09,21.05,414.0,0.263,82.0,19.81,35.0,8.45,0.781,0.181,22.79,10.32,17.41,27.72,25.13,21.37
746130,2024-06-16,2024,669257,R,663903,R,grounded_into_double_play,False,False,174.0,0.239,31.0,17.82,12.0,6.9,0.6990000000000001,0.16100000000000003,18.99,9.26,15.26,24.52,27.52,13.3,407.0,0.268,67.0,16.46,42.0,10.32,0.7949999999999999,0.1659999999999999,19.27,8.8,16.84,25.64,24.5,12.79,137.0,0.2,32.0,23.36,7.0,5.11,0.577,0.11199999999999999,21.81,9.64,18.73,28.36,25.85,19.05,288.0,0.321,51.0,17.71,14.0,4.86,0.845,0.177,22.54,10.34,19.64,29.98,28.24,18.02
746130,2024-06-16,2024,521692,R,607192,R,field_out,False,False,215.0,0.295,37.0,17.21,18.0,8.37,0.874,0.20500000000000002,24.44,13.73,9.19,22.92,42.52,14.07,437.0,0.264,100.0,22.88,11.0,2.52,0.73,0.174,30.72,18.16,9.73,27.89,45.56,22.08,166.0,0.173,63.0,37.95,9.0,5.42,0.494,0.10300000000000004,33.23,16.21,17.28,33.49,29.55,30.0,219.0,0.164,74.0,33.79,16.0,7.31,0.492,0.1,36.45,17.61,16.8,34.41,28.81,25.69
746130,2024-06-16,2024,624428,L,607192,R,strikeout,True,False,131.0,0.217,25.0,19.08,14.0,10.69,0.635,0.10500000000000001,17.39,8.03,18.8,26.82,27.44,13.59,392.0,0.248,60.0,15.31,26.0,6.63,0.7090000000000001,0.158,19.43,9.43,17.73,27.16,29.49,14.18,153.0,0.201,50.0,32.68,11.0,7.19,0.692,0.23099999999999998,28.22,13.94,15.32,29.26,25.66,29.76,266.0,0.247,88.0,33.08,21.0,7.89,0.721,0.1689999999999999,34.59,16.73,17.12,33.85,30.97,28.03
746130,2024-06-16,2024,666023,R,607192,R,field_out,False,False,87.0,0.275,17.0,19.54,7.0,8.05,0.708,0.09999999999999998,24.18,12.87,13.45,26.32,32.75,15.6,169.0,0.288,36.0,21.3,9.0,5.33,0.785,0.174,23.9,13.04,10.79,23.84,30.17,16.22,166.0,0.173,63.0,37.95,9.0,5.42,0.494,0.10300000000000004,33.23,16.21,17.28,33.49,29.55,30.0,219.0,0.164,74.0,33.79,16.0,7.31,0.492,0.1,36.45,17.61,16.8,34.41,28.81,25.69
746130,2024-06-16,2024,606192,R,663903,R,field_out,False,False,213.0,0.265,60.0,28.17,20.0,9.39,0.82,0.21099999999999997,34.59,17.91,12.63,30.54,29.36,20.62,529.0,0.249,164.0,31.0,33.0,6.24,0.718,0.1639999999999999,36.92,19.57,14.44,34.01,34.81,23.06,137.0,0.2,32.0,23.36,7.0,5.11,0.577,0.11199999999999999,21.81,9.64,18.73,28.36,25.85,19.05,288.0,0.321,51.0,17.71,14.0,4.86,0.845,0.177,22.54,10.34,19.64,29.98,28.24,18.02
746130,2024-06-16,2024,681624,R,663903,R,field_out,False,False,160.0,0.243,44.0,27.5,9.0,5.62,0.719,0.174,28.24,15.29,12.42,27.71,32.15,20.37,,,,,,,,,,,,,,,137.0,0.2,32.0,23.36,7.0,5.11,0.577,0.11199999999999999,21.81,9.64,18.73,28.36,25.85,19.05,288.0,0.321,51.0,17.71,14.0,4.86,0.845,0.177,22.54,10.34,19.64,29.98,28.24,18.02
746130,2024-06-16,2024,518792,L,663903,R,walk,False,True,73.0,0.194,13.0,17.81,8.0,10.96,0.718,0.20900000000000002,25.16,12.7,13.03,25.73,30.0,13.4,349.0,0.276,57.0,16.33,32.0,9.17,0.818,0.1949999999999999,20.45,9.51,16.77,26.27,27.56,15.45,167.0,0.273,40.0,23.95,14.0,8.38,0.823,0.20699999999999996,22.86,9.77,21.53,31.3,24.09,21.05,414.0,0.263,82.0,19.81,35.0,8.45,0.781,0.181,22.79,10.32,17.41,27.72,25.13,21.37
746130,2024-06-16,2024,624415,L,663903,R,single,False,False,120.0,0.182,38.0,31.67,13.0,10.83,0.602,0.10099999999999998,22.99,8.43,24.71,33.14,18.18,22.75,286.0,0.223,69.0,24.13,36.0,12.59,0.7090000000000001,0.149,23.33,9.24,21.47,30.71,15.66,18.6,167.0,0.273,40.0,23.95,14.0,8.38,0.823,0.20699999999999996,22.86,9.77,21.53,31.3,24.09,21.05,414.0,0.263,82.0,19.81,35.0,8.45,0.781,0.181,22.79,10.32,17.41,27.72,25.13,21.37
746130,2024-06-16,2024,666158,L,663903,R,strikeout,True,False,173.0,0.225,37.0,21.39,12.0,6.94,0.585,0.08099999999999999,19.13,8.42,19.05,27.47,19.37,18.78,,,,,,,,,,,,,,,167.0,0.273,40.0,23.95,14.0,8.38,0.823,0.20699999999999996,22.86,9.77,21.53,31.3,24.09,21.05,414.0,0.263,82.0,19.81,35.0,8.45,0.781,0.181,22.79,10.32,17.41,27.72,25.13,21.37
746130,2024-06-16,2024,669004,L,607192,R,single,False,False,176.0,0.174,46.0,26.14,14.0,7.95,0.642,0.22400000000000003,29.72,15.23,11.74,26.97,27.8,16.79,459.0,0.239,122.0,26.58,55.0,11.98,0.752,0.181,32.7,15.24,15.56,30.8,24.84,20.68,153.0,0.201,50.0,32.68,11.0,7.19,0.692,0.23099999999999998,28.22,13.94,15.32,29.26,25.66,29.76,266.0,0.247,88.0,33.08,21.0,7.89,0.721,0.1689999999999999,34.59,16.73,17.12,33.85,30.97,28.03
746130,2024-06-16,2024,641658,R,607192,R,field_out,False,False,47.0,0.318,14.0,29.79,2.0,4.26,0.712,0.045999999999999985,21.51,10.47,18.85,29.32,23.81,21.88,170.0,0.282,45.0,26.47,14.0,8.24,0.74,0.107,24.75,10.81,20.44,31.26,25.39,22.06,166.0,0.173,63.0,37.95,9.0,5.42,0.494,0.10300000000000004,33.23,16.21,17.28,33.49,29.55,30.0,219.0,0.164,74.0,33.79,16.0,7.31,0.492,0.1,36.45,17.61,16.8,34.41,28.81,25.69
746130,2024-06-16,2024,664728,L,607192,R,grounded_into_double_play,False,False,163.0,0.228,25.0,15.34,10.0,6.13,0.637,0.13399999999999998,16.73,7.65,21.0,28.65,31.87,17.36,253.0,0.223,43.0,17.0,12.0,4.74,0.631,0.147,20.48,9.51,19.8,29.31,28.6,18.78,153.0,0.201,50.0,32.68,11.0,7.19,0.692,0.23099999999999998,28.22,13.94,15.32,29.26,25.66,29.76,266.0,0.247,88.0,33.08,21.0,7.89,0.721,0.1689999999999999,34.59,16.73,17.12,33.85,30.97,28.03
746130,2024-06-16,2024,605141,R,663903,R,field_out,False,False,219.0,0.293,26.0,11.87,35.0,15.98,0.89,0.191,16.06,5.94,20.74,26.68,18.05,9.63,509.0,0.309,85.0,16.7,66.0,12.97,0.949,0.237,17.85,6.92,20.25,27.17,17.64,15.12,137.0,0.2,32.0,23.36,7.0,5.11,0.577,0.11199999999999999,21.81,9.64,18.73,28.36,25.85,19.05,288.0,0.321,51.0,17.71,14.0,4.86,0.845,0.177,22.54,10.34,19.64,29.98,28.24,18.02
746130,2024-06-16,2024,660271,L,663903,R,home_run,False,False,198.0,0.306,41.0,20.71,24.0,12.12,1.057,0.35300000000000004,29.38,14.3,13.17,27.48,30.79,17.83,429.0,0.327,99.0,23.08,64.0,14.92,1.132,0.3739999999999999,32.88,15.48,11.59,27.07,28.86,20.75,167.0,0.273,40.0,23.95,14.0,8.38,0.823,0.20699999999999996,22.86,9.77,21.53,31.3,24.09,21.05,414.0,0.263,82.0,19.81,35.0,8.45,0.781,0.181,22.79,10.32,17.41,27.72,25.13,21.37
746130,2024-06-16,2024,518692,L,663903,R,strikeout,True,False,192.0,0.34,30.0,15.62,26.0,13.54,1.012,0.23999999999999994,19.62,9.2,11.75,20.95,22.66,13.45,514.0,0.33,81.0,15.76,57.0,11.09,0.962,0.218,19.83,9.77,11.31,21.08,27.01,16.63,167.0,0.273,40.0,23.95,14.0,8.38,0.823,0.20699999999999996,22.86,9.77,21.53,31.3,24.09,21.05,414.0,0.263,82.0,19.81,35.0,8.45,0.781,0.181,22.79,10.32,17.41,27.72,25.13,21.37
746130,2024-06-16,2024,669257,R,663903,R,field_out,False,False,174.0,0.239,31.0,17.82,12.0,6.9,0.6990000000000001,0.16100000000000003,18.99,9.26,15.26,24.52,27.52,13.3,407.0,0.268,67.0,16.46,42.0,10.32,0.7949999999999999,0.1659999999999999,19.27,8.8,16.84,25.64,24.5,12.79,137.0,0.2,32.0,23.36,7.0,5.11,0.577,0.11199999999999999,21.81,9.64,18.73,28.36,25.85,19.05,288.0,0.321,51.0,17.71,14.0,4.86,0.845,0.177,22.54,10.34,19.64,29.98,28.24,18.02
746130,2024-06-16,2024,672580,R,607192,R,strikeout,True,False,260.0,0.246,47.0,18.08,20.0,7.69,0.641,0.09300000000000003,18.93,8.37,20.14,28.51,21.4,16.79,400.0,0.258,94.0,23.5,33.0,8.25,0.648,0.071,20.3,8.71,19.59,28.3,19.12,19.96,166.0,0.173,63.0,37.95,9.0,5.42,0.494,0.10300000000000004,33.23,16.21,17.28,33.49,29.55,30.0,219.0,0.164,74.0,33.79,16.0,7.31,0.492,0.1,36.45,17.61,16.8,34.41,28.81,25.69
746130,2024-06-16,2024,677951,R,607192,R,single,False,False,267.0,0.328,44.0,16.48,21.0,7.87,0.9420000000000001,0.23200000000000004,23.64,11.48,14.43,25.91,28.68,16.92,547.0,0.27,93.0,17.0,33.0,6.03,0.8,0.2149999999999999,22.15,10.87,15.53,26.4,29.62,14.44,166.0,0.173,63.0,37.95,9.0,5.42,0.494,0.10300000000000004,33.23,16.21,17.28,33.49,29.55,30.0,219.0,0.164,74.0,33.79,16.0,7.31,0.492,0.1,36.45,17.61,16.8,34.41,28.81,25.69
746130,2024-06-16,2024,686469,L,607192,R,walk,False,True,226.0,0.228,30.0,13.27,28.0,12.39,0.752,0.19499999999999998,13.33,5.89,15.81,21.7,26.92,12.35,188.0,0.251,23.0,12.23,15.0,7.98,0.784,0.217,14.85,7.02,17.48,24.5,34.8,10.0,153.0,0.201,50.0,32.68,11.0,7.19,0.692,0.23099999999999998,28.22,13.94,15.32,29.26,25.66,29.76,266.0,0.247,88.0,33.08,21.0,7.89,0.721,0.1689999999999999,34.59,16.73,17.12,33.85,30.97,28.03
746130,2024-06-16,2024,521692,R,607192,R,strikeout,True,False,215.0,0.295,37.0,17.21,18.0,8.37,0.874,0.20500000000000002,24.44,13.73,9.19,22.92,42.52,14.07,437.0,0.264,100.0,22.88,11.0,2.52,0.73,0.174,30.72,18.16,9.73,27.89,45.56,22.08,166.0,0.173,63.0,37.95,9.0,5.42,0.494,0.10300000000000004,33.23,16.21,17.28,33.49,29.55,30.0,219.0,0.164,74.0,33.79,16.0,7.31,0.492,0.1,36.45,17.61,16.8,34.41,28.81,25.69
746130,2024-06-16,2024,624428,L,607192,R,field_out,False,False,131.0,0.217,25.0,19.08,14.0,10.69,0.635,0.10500000000000001,17.39,8.03,18.8,26.82,27.44,13.59,392.0,0.248,60.0,15.31,26.0,6.63,0.7090000000000001,0.158,19.43,9.43,17.73,27.16,29.49,14.18,153.0,0.201,50.0,32.68,11.0,7.19,0.692,0.23099999999999998,28.22,13.94,15.32,29.26,25.66,29.76,266.0,0.247,88.0,33.08,21.0,7.89,0.721,0.1689999999999999,34.59,16.73,17.12,33.85,30.97,28.03
746130,2024-06-16,2024,606192,R,663903,R,field_out,False,False,213.0,0.265,60.0,28.17,20.0,9.39,0.82,0.21099999999999997,34.59,17.91,12.63,30.54,29.36,20.62,529.0,0.249,164.0,31.0,33.0,6.24,0.718,0.1639999999999999,36.92,19.57,14.44,34.01,34.81,23.06,137.0,0.2,32.0,23.36,7.0,5.11,0.577,0.11199999999999999,21.81,9.64,18.73,28.36,25.85,19.05,288.0,0.321,51.0,17.71,14.0,4.86,0.845,0.177,22.54,10.34,19.64,29.98,28.24,18.02
746130,2024-06-16,2024,681624,R,663903,R,strikeout,True,False,160.0,0.243,44.0,27.5,9.0,5.62,0.719,0.174,28.24,15.29,12.42,27.71,32.15,20.37,,,,,,,,,,,,,,,137.0,0.2,32.0,23.36,7.0,5.11,0.577,0.11199999999999999,21.81,9.64,18.73,28.36,25.85,19.05,288.0,0.321,51.0,17.71,14.0,4.86,0.845,0.177,22.54,10.34,19.64,29.98,28.24,18.02
746130,2024-06-16,2024,518792,L,663903,R,strikeout,True,False,73.0,0.194,13.0,17.81,8.0,10.96,0.718,0.20900000000000002,25.16,12.7,13.03,25.73,30.0,13.4,349.0,0.276,57.0,16.33,32.0,9.17,0.818,0.1949999999999999,20.45,9.51,16.77,26.27,27.56,15.45,167.0,0.273,40.0,23.95,14.0,8.38,0.823,0.20699999999999996,22.86,9.77,21.53,31.3,24.09,21.05,414.0,0.263,82.0,19.81,35.0,8.45,0.781,0.181,22.79,10.32,17.41,27.72,25.13,21.37
746130,2024-06-16,2024,666023,R,607192,R,strikeout,True,False,87.0,0.275,17.0,19.54,7.0,8.05,0.708,0.09999999999999998,24.18,12.87,13.45,26.32,32.75,15.6,169.0,0.288,36.0,21.3,9.0,5.33,0.785,0.174,23.9,13.04,10.79,23.84,30.17,16.22,166.0,0.173,63.0,37.95,9.0,5.42,0.494,0.10300000000000004,33.23,16.21,17.28,33.49,29.55,30.0,219.0,0.164,74.0,33.79,16.0,7.31,0.492,0.1,36.45,17.61,16.8,34.41,28.81,25.69
746130,2024-06-16,2024,669004,L,607192,R,field_out,False,False,176.0,0.174,46.0,26.14,14.0,7.95,0.642,0.22400000000000003,29.72,15.23,11.74,26.97,27.8,16.79,459.0,0.239,122.0,26.58,55.0,11.98,0.752,0.181,32.7,15.24,15.56,30.8,24.84,20.68,153.0,0.201,50.0,32.68,11.0,7.19,0.692,0.23099999999999998,28.22,13.94,15.32,29.26,25.66,29.76,266.0,0.247,88.0,33.08,21.0,7.89,0.721,0.1689999999999999,34.59,16.73,17.12,33.85,30.97,28.03
746130,2024-06-16,2024,641658,R,607192,R,strikeout,True,False,47.0,0.318,14.0,29.79,2.0,4.26,0.712,0.045999999999999985,21.51,10.47,18.85,29.32,23.81,21.88,170.0,0.282,45.0,26.47,14.0,8.24,0.74,0.107,24.75,10.81,20.44,31.26,25.39,22.06,166.0,0.173,63.0,37.95,9.0,5.42,0.494,0.10300000000000004,33.23,16.21,17.28,33.49,29.55,30.0,219.0,0.164,74.0,33.79,16.0,7.31,0.492,0.1,36.45,17.61,16.8,34.41,28.81,25.69
746130,2024-06-16,2024,624415,L,663903,R,field_out,False,False,120.0,0.182,38.0,31.67,13.0,10.83,0.602,0.10099999999999998,22.99,8.43,24.71,33.14,18.18,22.75,286.0,0.223,69.0,24.13,36.0,12.59,0.7090000000000001,0.149,23.33,9.24,21.47,30.71,15.66,18.6,167.0,0.273,40.0,23.95,14.0,8.38,0.823,0.20699999999999996,22.86,9.77,21.53,31.3,24.09,21.05,414.0,0.263,82.0,19.81,35.0,8.45,0.781,0.181,22.79,10.32,17.41,27.72,25.13,21.37
746130,2024-06-16,2024,666158,L,663903,R,field_out,False,False,173.0,0.225,37.0,21.39,12.0,6.94,0.585,0.08099999999999999,19.13,8.42,19.05,27.47,19.37,18.78,,,,,,,,,,,,,,,167.0,0.273,40.0,23.95,14.0,8.38,0.823,0.20699999999999996,22.86,9.77,21.53,31.3,24.09,21.05,414.0,0.263,82.0,19.81,35.0,8.45,0.781,0.181,22.79,10.32,17.41,27.72,25.13,21.37
746130,2024-06-16,2024,605141,R,663903,R,field_out,False,False,219.0,0.293,26.0,11.87,35.0,15.98,0.89,0.191,16.06,5.94,20.74,26.68,18.05,9.63,509.0,0.309,85.0,16.7,66.0,12.97,0.949,0.237,17.85,6.92,20.25,27.17,17.64,15.12,137.0,0.2,32.0,23.36,7.0,5.11,0.577,0.11199999999999999,21.81,9.64,18.73,28.36,25.85,19.05,288.0,0.321,51.0,17.71,14.0,4.86,0.845,0.177,22.54,10.34,19.64,29.98,28.24,18.02
746130,2024-06-16,2024,664728,L,607192,R,field_out,False,False,163.0,0.228,25.0,15.34,10.0,6.13,0.637,0.13399999999999998,16.73,7.65,21.0,28.65,31.87,17.36,253.0,0.223,43.0,17.0,12.0,4.74,0.631,0.147,20.48,9.51,19.8,29.31,28.6,18.78,153.0,0.201,50.0,32.68,11.0,7.19,0.692,0.23099999999999998,28.22,13.94,15.32,29.26,25.66,29.76,266.0,0.247,88.0,33.08,21.0,7.89,0.721,0.1689999999999999,34.59,16.73,17.12,33.85,30.97,28.03
746130,2024-06-16,2024,672580,R,607192,R,field_out,False,False,260.0,0.246,47.0,18.08,20.0,7.69,0.641,0.09300000000000003,18.93,8.37,20.14,28.51,21.4,16.79,400.0,0.258,94.0,23.5,33.0,8.25,0.648,0.071,20.3,8.71,19.59,28.3,19.12,19.96,166.0,0.173,63.0,37.95,9.0,5.42,0.494,0.10300000000000004,33.23,16.21,17.28,33.49,29.55,30.0,219.0,0.164,74.0,33.79,16.0,7.31,0.492,0.1,36.45,17.61,16.8,34.41,28.81,25.69
746130,2024-06-16,2024,677951,R,607192,R,strikeout,True,False,267.0,0.328,44.0,16.48,21.0,7.87,0.9420000000000001,0.23200000000000004,23.64,11.48,14.43,25.91,28.68,16.92,547.0,0.27,93.0,17.0,33.0,6.03,0.8,0.2149999999999999,22.15,10.87,15.53,26.4,29.62,14.44,166.0,0.173,63.0,37.95,9.0,5.42,0.494,0.10300000000000004,33.23,16.21,17.28,33.49,29.55,30.0,219.0,0.164,74.0,33.79,16.0,7.31,0.492,0.1,36.45,17.61,16.8,34.41,28.81,25.69
746130,2024-06-16,2024,660271,L,663903,R,home_run,False,False,198.0,0.306,41.0,20.71,24.0,12.12,1.057,0.35300000000000004,29.38,14.3,13.17,27.48,30.79,17.83,429.0,0.327,99.0,23.08,64.0,14.92,1.132,0.3739999999999999,32.88,15.48,11.59,27.07,28.86,20.75,167.0,0.273,40.0,23.95,14.0,8.38,0.823,0.20699999999999996,22.86,9.77,21.53,31.3,24.09,21.05,414.0,0.263,82.0,19.81,35.0,8.45,0.781,0.181,22.79,10.32,17.41,27.72,25.13,21.37
746130,2024-06-16,2024,518692,L,663903,R,home_run,False,False,192.0,0.34,30.0,15.62,26.0,13.54,1.012,0.23999999999999994,19.62,9.2,11.75,20.95,22.66,13.45,514.0,0.33,81.0,15.76,57.0,11.09,0.962,0.218,19.83,9.77,11.31,21.08,27.01,16.63,167.0,0.273,40.0,23.95,14.0,8.38,0.823,0.20699999999999996,22.86,9.77,21.53,31.3,24.09,21.05,414.0,0.263,82.0,19.81,35.0,8.45,0.781,0.181,22.79,10.32,17.41,27.72,25.13,21.37
746130,2024-06-16,2024,669257,R,663903,R,field_out,False,False,174.0,0.239,31.0,17.82,12.0,6.9,0.6990000000000001,0.16100000000000003,18.99,9.26,15.26,24.52,27.52,13.3,407.0,0.268,67.0,16.46,42.0,10.32,0.7949999999999999,0.1659999999999999,19.27,8.8,16.84,25.64,24.5,12.79,137.0,0.2,32.0,23.36,7.0,5.11,0.577,0.11199999999999999,21.81,9.64,18.73,28.36,25.85,19.05,288.0,0.321,51.0,17.71,14.0,4.86,0.845,0.177,22.54,10.34,19.64,29.98,28.24,18.02
746130,2024-06-16,2024,606192,R,663903,R,field_out,False,False,213.0,0.265,60.0,28.17,20.0,9.39,0.82,0.21099999999999997,34.59,17.91,12.63,30.54,29.36,20.62,529.0,0.249,164.0,31.0,33.0,6.24,0.718,0.1639999999999999,36.92,19.57,14.44,34.01,34.81,23.06,137.0,0.2,32.0,23.36,7.0,5.11,0.577,0.11199999999999999,21.81,9.64,18.73,28.36,25.85,19.05,288.0,0.321,51.0,17.71,14.0,4.86,0.845,0.177,22.54,10.34,19.64,29.98,28.24,18.02
746130,2024-06-16,2024,681624,R,663903,R,field_out,False,False,160.0,0.243,44.0,27.5,9.0,5.62,0.719,0.174,28.24,15.29,12.42,27.71,32.15,20.37,,,,,,,,,,,,,,,137.0,0.2,32.0,23.36,7.0,5.11,0.577,0.11199999999999999,21.81,9.64,18.73,28.36,25.85,19.05,288.0,0.321,51.0,17.71,14.0,4.86,0.845,0.177,22.54,10.34,19.64,29.98,28.24,18.02
746130,2024-06-16,2024,686469,L,607192,R,single,False,False,226.0,0.228,30.0,13.27,28.0,12.39,0.752,0.19499999999999998,13.33,5.89,15.81,21.7,26.92,12.35,188.0,0.251,23.0,12.23,15.0,7.98,0.784,0.217,14.85,7.02,17.48,24.5,34.8,10.0,153.0,0.201,50.0,32.68,11.0,7.19,0.692,0.23099999999999998,28.22,13.94,15.32,29.26,25.66,29.76,266.0,0.247,88.0,33.08,21.0,7.89,0.721,0.1689999999999999,34.59,16.73,17.12,33.85,30.97,28.03
746130,2024-06-16,2024,521692,R,607192,R,field_out,False,False,215.0,0.295,37.0,17.21,18.0,8.37,0.874,0.20500000000000002,24.44,13.73,9.19,22.92,42.52,14.07,437.0,0.264,100.0,22.88,11.0,2.52,0.73,0.174,30.72,18.16,9.73,27.89,45.56,22.08,166.0,0.173,63.0,37.95,9.0,5.42,0.494,0.10300000000000004,33.23,16.21,17.28,33.49,29.55,30.0,219.0,0.164,74.0,33.79,16.0,7.31,0.492,0.1,36.45,17.61,16.8,34.41,28.81,25.69
746130,2024-06-16,2024,624428,L,607192,R,field_out,False,False,131.0,0.217,25.0,19.08,14.0,10.69,0.635,0.10500000000000001,17.39,8.03,18.8,26.82,27.44,13.59,392.0,0.248,60.0,15.31,26.0,6.63,0.7090000000000001,0.158,19.43,9.43,17.73,27.16,29.49,14.18,153.0,0.201,50.0,32.68,11.0,7.19,0.692,0.23099999999999998,28.22,13.94,15.32,29.26,25.66,29.76,266.0,0.247,88.0,33.08,21.0,7.89,0.721,0.1689999999999999,34.59,16.73,17.12,33.85,30.97,28.03
746130,2024-06-16,2024,666023,R,607192,R,strikeout,True,False,87.0,0.275,17.0,19.54,7.0,8.05,0.708,0.09999999999999998,24.18,12.87,13.45,26.32,32.75,15.6,169.0,0.288,36.0,21.3,9.0,5.33,0.785,0.174,23.9,13.04,10.79,23.84,30.17,16.22,166.0,0.173,63.0,37.95,9.0,5.42,0.494,0.10300000000000004,33.23,16.21,17.28,33.49,29.55,30.0,219.0,0.164,74.0,33.79,16.0,7.31,0.492,0.1,36.45,17.61,16.8,34.41,28.81,25.69
746130,2024-06-16,2024,518792,L,656186,R,field_out,False,False,73.0,0.194,13.0,17.81,8.0,10.96,0.718,0.20900000000000002,25.16,12.7,13.03,25.73,30.0,13.4,349.0,0.276,57.0,16.33,32.0,9.17,0.818,0.1949999999999999,20.45,9.51,16.77,26.27,27.56,15.45,4.0,0.333,1.0,25.0,1.0,25.0,0.833,0.0,33.33,11.11,16.67,27.78,12.5,50.0,,,,,,,,,,,,,,
746130,2024-06-16,2024,624415,L,656186,R,catcher_interf,False,False,120.0,0.182,38.0,31.67,13.0,10.83,0.602,0.10099999999999998,22.99,8.43,24.71,33.14,18.18,22.75,286.0,0.223,69.0,24.13,36.0,12.59,0.7090000000000001,0.149,23.33,9.24,21.47,30.71,15.66,18.6,4.0,0.333,1.0,25.0,1.0,25.0,0.833,0.0,33.33,11.11,16.67,27.78,12.5,50.0,,,,,,,,,,,,,,
746130,2024-06-16,2024,666158,L,656186,R,field_out,False,False,173.0,0.225,37.0,21.39,12.0,6.94,0.585,0.08099999999999999,19.13,8.42,19.05,27.47,19.37,18.78,,,,,,,,,,,,,,,4.0,0.333,1.0,25.0,1.0,25.0,0.833,0.0,33.33,11.11,16.67,27.78,12.5,50.0,,,,,,,,,,,,,,
746130,2024-06-16,2024,605141,R,656186,R,hit_by_pitch,False,False,219.0,0.293,26.0,11.87,35.0,15.98,0.89,0.191,16.06,5.94,20.74,26.68,18.05,9.63,509.0,0.309,85.0,16.7,66.0,12.97,0.949,0.237,17.85,6.92,20.25,27.17,17.64,15.12,5.0,0.5,2.0,40.0,1.0,20.0,1.1,0.0,36.36,19.05,9.52,28.57,20.0,33.33,,,,,,,,,,,,,,
746130,2024-06-16,2024,660271,L,672582,L,field_out,False,False,103.0,0.305,23.0,22.33,7.0,6.8,0.792,0.137,26.74,12.2,17.8,30.0,25.87,19.33,170.0,0.245,44.0,25.88,27.0,15.88,0.897,0.287,30.62,13.88,13.59,27.47,31.74,23.04,42.0,0.256,13.0,30.95,1.0,2.38,0.542,0.0,15.28,6.47,24.71,31.18,25.71,25.49,48.0,0.196,11.0,22.92,2.0,4.17,0.4679999999999999,0.0429999999999999,19.77,9.44,18.33,27.78,22.37,20.37
746130,2024-06-16,2024,669004,L,543339,R,strikeout,True,False,176.0,0.174,46.0,26.14,14.0,7.95,0.642,0.22400000000000003,29.72,15.23,11.74,26.97,27.8,16.79,459.0,0.239,122.0,26.58,55.0,11.98,0.752,0.181,32.7,15.24,15.56,30.8,24.84,20.68,50.0,0.16,16.0,32.0,0.0,0.0,0.48,0.16,30.25,16.74,12.09,28.84,23.96,19.28,5.0,0.0,2.0,40.0,2.0,40.0,0.4,0.0,50.0,21.74,8.7,30.43,8.33,20.0
746130,2024-06-16,2024,641658,R,543339,R,strikeout,True,False,47.0,0.318,14.0,29.79,2.0,4.26,0.712,0.045999999999999985,21.51,10.47,18.85,29.32,23.81,21.88,170.0,0.282,45.0,26.47,14.0,8.24,0.74,0.107,24.75,10.81,20.44,31.26,25.39,22.06,46.0,0.209,12.0,26.09,3.0,6.52,0.61,0.13999999999999999,34.94,15.85,15.85,31.69,27.72,23.53,9.0,0.25,3.0,33.33,1.0,11.11,0.708,0.125,28.57,14.63,9.76,24.39,30.43,21.43
746130,2024-06-16,2024,664728,L,543339,R,field_out,False,False,163.0,0.228,25.0,15.34,10.0,6.13,0.637,0.13399999999999998,16.73,7.65,21.0,28.65,31.87,17.36,253.0,0.223,43.0,17.0,12.0,4.74,0.631,0.147,20.48,9.51,19.8,29.31,28.6,18.78,50.0,0.16,16.0,32.0,0.0,0.0,0.48,0.16,30.25,16.74,12.09,28.84,23.96,19.28,5.0,0.0,2.0,40.0,2.0,40.0,0.4,0.0,50.0,21.74,8.7,30.43,8.33,20.0
746130,2024-06-16,2024,518692,L,672582,L,field_out,False,False,113.0,0.232,18.0,15.93,11.0,9.73,0.688,0.12599999999999997,21.97,11.67,12.38,24.05,32.06,12.95,218.0,0.335,40.0,18.35,15.0,6.88,1.008,0.2739999999999999,21.54,11.31,11.07,22.38,26.41,16.0,42.0,0.256,13.0,30.95,1.0,2.38,0.542,0.0,15.28,6.47,24.71,31.18,25.71,25.49,48.0,0.196,11.0,22.92,2.0,4.17,0.4679999999999999,0.0429999999999999,19.77,9.44,18.33,27.78,22.37,20.37
746130,2024-06-16,2024,669257,R,672582,L,strikeout,True,False,71.0,0.383,8.0,11.27,10.0,14.08,1.182,0.33399999999999996,16.38,7.14,15.04,22.18,25.2,12.31,147.0,0.24,22.0,14.97,21.0,14.29,0.8,0.206,20.0,8.97,15.38,24.36,26.59,11.52,68.0,0.262,9.0,13.24,7.0,10.29,0.6990000000000001,0.09899999999999998,13.27,5.42,19.86,25.27,13.82,12.16,134.0,0.301,25.0,18.66,6.0,4.48,0.896,0.244,20.0,10.06,12.9,22.96,25.67,15.72
746130,2024-06-16,2024,606192,R,663704,R,strikeout,True,False,213.0,0.265,60.0,28.17,20.0,9.39,0.82,0.21099999999999997,34.59,17.91,12.63,30.54,29.36,20.62,529.0,0.249,164.0,31.0,33.0,6.24,0.718,0.1639999999999999,36.92,19.57,14.44,34.01,34.81,23.06,67.0,0.29,11.0,16.42,4.0,5.97,0.817,0.194,30.51,14.34,17.53,31.87,29.77,15.49,52.0,0.22,13.0,25.0,1.0,1.92,0.531,0.0799999999999999,27.06,12.64,23.08,35.71,30.59,28.26
746130,2024-06-16,2024,672580,R,623465,R,field_out,False,False,260.0,0.246,47.0,18.08,20.0,7.69,0.641,0.09300000000000003,18.93,8.37,20.14,28.51,21.4,16.79,400.0,0.258,94.0,23.5,33.0,8.25,0.648,0.071,20.3,8.71,19.59,28.3,19.12,19.96,32.0,0.156,12.0,37.5,0.0,0.0,0.312,0.0,34.92,19.13,21.74,40.87,38.64,34.38,117.0,0.131,41.0,35.04,6.0,5.13,0.406,0.0839999999999999,38.6,17.93,20.95,38.88,34.27,31.3
746130,2024-06-16,2024,677951,R,623465,R,walk,False,True,267.0,0.328,44.0,16.48,21.0,7.87,0.9420000000000001,0.23200000000000004,23.64,11.48,14.43,25.91,28.68,16.92,547.0,0.27,93.0,17.0,33.0,6.03,0.8,0.2149999999999999,22.15,10.87,15.53,26.4,29.62,14.44,32.0,0.156,12.0,37.5,0.0,0.0,0.312,0.0,34.92,19.13,21.74,40.87,38.64,34.38,117.0,0.131,41.0,35.04,6.0,5.13,0.406,0.0839999999999999,38.6,17.93,20.95,38.88,34.27,31.3
746130,2024-06-16,2024,686469,L,623465,R,field_out,False,False,226.0,0.228,30.0,13.27,28.0,12.39,0.752,0.19499999999999998,13.33,5.89,15.81,21.7,26.92,12.35,188.0,0.251,23.0,12.23,15.0,7.98,0.784,0.217,14.85,7.02,17.48,24.5,34.8,10.0,36.0,0.29,8.0,22.22,5.0,13.89,0.808,0.129,16.0,6.98,16.28,23.26,14.1,13.56,118.0,0.222,25.0,21.19,7.0,5.93,0.663,0.167,20.91,9.98,18.0,27.98,27.4,17.61
746130,2024-06-16,2024,521692,R,623465,R,field_out,False,False,215.0,0.295,37.0,17.21,18.0,8.37,0.874,0.20500000000000002,24.44,13.73,9.19,22.92,42.52,14.07,437.0,0.264,100.0,22.88,11.0,2.52,0.73,0.174,30.72,18.16,9.73,27.89,45.56,22.08,32.0,0.156,12.0,37.5,0.0,0.0,0.312,0.0,34.92,19.13,21.74,40.87,38.64,34.38,117.0,0.131,41.0,35.04,6.0,5.13,0.406,0.0839999999999999,38.6,17.93,20.95,38.88,34.27,31.3
745242,2024-06-16,2024,543760,R,669302,R,field_out,False,False,219.0,0.232,30.0,13.7,19.0,8.68,0.6799999999999999,0.147,20.69,10.58,13.98,24.56,25.75,16.3,544.0,0.273,77.0,14.15,52.0,9.56,0.8360000000000001,0.2199999999999999,18.01,8.45,14.48,22.93,21.97,13.9,193.0,0.212,39.0,20.21,12.0,6.22,0.666,0.19000000000000003,26.59,13.37,15.18,28.55,28.57,17.65,388.0,0.234,91.0,23.45,18.0,4.64,0.6930000000000001,0.1859999999999999,26.67,13.92,14.54,28.46,30.56,20.87
745242,2024-06-16,2024,608369,L,669302,R,strikeout,True,False,177.0,0.271,19.0,10.73,31.0,17.51,0.922,0.25,19.67,9.48,8.06,17.54,23.77,12.67,370.0,0.333,55.0,14.86,42.0,11.35,1.075,0.334,23.9,12.77,6.35,19.12,27.26,15.8,156.0,0.205,45.0,28.85,8.0,5.13,0.56,0.11000000000000001,32.37,15.68,16.38,32.06,27.17,26.04,383.0,0.233,98.0,25.59,18.0,4.7,0.664,0.164,26.12,13.53,15.24,28.78,29.31,20.0
745242,2024-06-16,2024,666969,R,669302,R,field_out,False,False,192.0,0.205,50.0,26.04,12.0,6.25,0.658,0.19300000000000003,35.29,18.23,11.6,29.83,34.37,24.88,480.0,0.245,138.0,28.75,41.0,8.54,0.8260000000000001,0.264,31.65,15.93,13.92,29.85,32.02,21.97,193.0,0.212,39.0,20.21,12.0,6.22,0.666,0.19000000000000003,26.59,13.37,15.18,28.55,28.57,17.65,388.0,0.234,91.0,23.45,18.0,4.64,0.6930000000000001,0.1859999999999999,26.67,13.92,14.54,28.46,30.56,20.87
745242,2024-06-16,2024,641487,L,641540,R,strikeout,True,False,146.0,0.165,34.0,23.29,17.0,11.64,0.5740000000000001,0.142,18.65,7.5,20.41,27.91,19.17,17.99,446.0,0.266,84.0,18.83,67.0,15.02,0.845,0.197,18.19,6.93,19.49,26.42,17.9,17.39,108.0,0.233,26.0,24.07,15.0,13.89,0.883,0.28900000000000003,31.79,13.75,14.19,27.94,23.62,19.85,342.0,0.27,61.0,17.84,33.0,9.65,0.782,0.1629999999999999,20.92,9.95,16.02,25.97,27.73,16.76
745242,2024-06-16,2024,668942,L,641540,R,field_out,False,False,189.0,0.28,29.0,15.34,18.0,9.52,0.782,0.14899999999999997,18.24,8.31,16.76,25.07,22.35,13.36,299.0,0.249,64.0,21.4,22.0,7.36,0.6559999999999999,0.1019999999999999,22.77,10.13,19.65,29.78,25.55,19.69,108.0,0.233,26.0,24.07,15.0,13.89,0.883,0.28900000000000003,31.79,13.75,14.19,27.94,23.62,19.85,342.0,0.27,61.0,17.84,33.0,9.65,0.782,0.1629999999999999,20.92,9.95,16.02,25.97,27.73,16.76
745242,2024-06-16,2024,677594,R,641540,R,single,False,False,225.0,0.256,61.0,27.11,13.0,5.78,0.643,0.08500000000000002,30.37,16.28,12.18,28.46,36.75,19.17,545.0,0.267,127.0,23.3,35.0,6.42,0.8109999999999999,0.2169999999999999,27.93,14.91,13.12,28.03,38.34,22.84,122.0,0.182,33.0,27.05,11.0,9.02,0.589,0.14500000000000002,26.21,11.09,19.92,31.01,24.9,23.74,382.0,0.233,79.0,20.68,22.0,5.76,0.6439999999999999,0.1249999999999999,23.66,10.98,19.19,30.17,27.91,19.75
745242,2024-06-16,2024,663728,L,641540,R,walk,False,True,189.0,0.235,67.0,35.45,18.0,9.52,0.7070000000000001,0.16500000000000004,30.49,15.21,13.63,28.83,31.05,23.0,462.0,0.235,126.0,27.27,47.0,10.17,0.7909999999999999,0.241,29.58,14.2,14.09,28.29,30.53,21.36,108.0,0.233,26.0,24.07,15.0,13.89,0.883,0.28900000000000003,31.79,13.75,14.19,27.94,23.62,19.85,342.0,0.27,61.0,17.84,33.0,9.65,0.782,0.1629999999999999,20.92,9.95,16.02,25.97,27.73,16.76
745242,2024-06-16,2024,571745,R,641540,R,field_out,False,False,172.0,0.252,46.0,26.74,15.0,8.72,0.735,0.16699999999999998,29.41,12.57,17.6,30.17,21.81,20.45,161.0,0.189,48.0,29.81,10.0,6.21,0.599,0.1619999999999999,28.57,13.33,19.22,32.56,25.34,22.02,122.0,0.182,33.0,27.05,11.0,9.02,0.589,0.14500000000000002,26.21,11.09,19.92,31.01,24.9,23.74,382.0,0.233,79.0,20.68,22.0,5.76,0.6439999999999999,0.1249999999999999,23.66,10.98,19.19,30.17,27.91,19.75
745242,2024-06-16,2024,663993,L,669302,R,field_out,False,False,133.0,0.248,26.0,19.55,17.0,12.78,0.691,0.09699999999999998,15.55,6.55,18.05,24.6,26.82,14.86,505.0,0.279,113.0,22.38,69.0,13.66,0.833,0.172,19.81,8.64,15.62,24.26,19.45,16.87,156.0,0.205,45.0,28.85,8.0,5.13,0.56,0.11000000000000001,32.37,15.68,16.38,32.06,27.17,26.04,383.0,0.233,98.0,25.59,18.0,4.7,0.664,0.164,26.12,13.53,15.24,28.78,29.31,20.0
745242,2024-06-16,2024,694671,R,669302,R,field_out,False,False,143.0,0.25,27.0,18.88,10.0,6.99,0.611,0.05299999999999999,20.91,9.37,18.4,27.77,23.84,13.99,,,,,,,,,,,,,,,193.0,0.212,39.0,20.21,12.0,6.22,0.666,0.19000000000000003,26.59,13.37,15.18,28.55,28.57,17.65,388.0,0.234,91.0,23.45,18.0,4.64,0.6930000000000001,0.1859999999999999,26.67,13.92,14.54,28.46,30.56,20.87
745242,2024-06-16,2024,608671,L,669302,R,field_out,False,False,96.0,0.261,17.0,17.71,6.0,6.25,0.653,0.069,13.61,5.9,21.28,27.18,19.55,13.71,256.0,0.269,37.0,14.45,32.0,12.5,0.698,0.064,14.4,5.5,22.1,27.6,16.03,15.16,156.0,0.205,45.0,28.85,8.0,5.13,0.56,0.11000000000000001,32.37,15.68,16.38,32.06,27.17,26.04,383.0,0.233,98.0,25.59,18.0,4.7,0.664,0.164,26.12,13.53,15.24,28.78,29.31,20.0
745242,2024-06-16,2024,670042,L,641540,R,strikeout,True,False,152.0,0.259,48.0,31.58,4.0,2.63,0.737,0.175,36.01,19.89,10.83,30.73,30.4,30.19,363.0,0.247,112.0,30.85,26.0,7.16,0.8340000000000001,0.25,38.6,19.83,11.57,31.39,31.1,26.79,108.0,0.233,26.0,24.07,15.0,13.89,0.883,0.28900000000000003,31.79,13.75,14.19,27.94,23.62,19.85,342.0,0.27,61.0,17.84,33.0,9.65,0.782,0.1629999999999999,20.92,9.95,16.02,25.97,27.73,16.76
745242,2024-06-16,2024,686527,L,641540,R,strikeout,True,False,95.0,0.224,24.0,25.26,9.0,9.47,0.766,0.24699999999999997,33.72,17.37,16.17,33.53,40.46,24.74,155.0,0.221,26.0,16.77,5.0,3.23,0.661,0.1879999999999999,24.65,13.73,16.86,30.59,41.27,21.85,108.0,0.233,26.0,24.07,15.0,13.89,0.883,0.28900000000000003,31.79,13.75,14.19,27.94,23.62,19.85,342.0,0.27,61.0,17.84,33.0,9.65,0.782,0.1629999999999999,20.92,9.95,16.02,25.97,27.73,16.76
745242,2024-06-16,2024,682988,R,641540,R,strikeout,True,False,14.0,0.231,5.0,35.71,0.0,0.0,0.594,0.07699999999999999,25.0,11.29,17.74,29.03,25.81,20.0,,,,,,,,,,,,,,,122.0,0.182,33.0,27.05,11.0,9.02,0.589,0.14500000000000002,26.21,11.09,19.92,31.01,24.9,23.74,382.0,0.233,79.0,20.68,22.0,5.76,0.6439999999999999,0.1249999999999999,23.66,10.98,19.19,30.17,27.91,19.75
745242,2024-06-16,2024,677649,R,669302,R,strikeout,True,False,97.0,0.269,22.0,22.68,3.0,3.09,0.665,0.09699999999999998,23.5,13.24,11.27,24.51,37.84,16.41,308.0,0.277,86.0,27.92,13.0,4.22,0.738,0.1409999999999999,28.89,15.73,13.64,29.37,39.12,22.25,193.0,0.212,39.0,20.21,12.0,6.22,0.666,0.19000000000000003,26.59,13.37,15.18,28.55,28.57,17.65,388.0,0.234,91.0,23.45,18.0,4.64,0.6930000000000001,0.1859999999999999,26.67,13.92,14.54,28.46,30.56,20.87
745242,2024-06-16,2024,665750,L,669302,R,strikeout,True,False,170.0,0.224,32.0,18.82,14.0,8.24,0.641,0.12899999999999998,22.22,11.06,15.64,26.7,30.94,17.3,405.0,0.275,86.0,21.23,25.0,6.17,0.767,0.174,24.9,12.5,15.05,27.55,29.44,18.34,156.0,0.205,45.0,28.85,8.0,5.13,0.56,0.11000000000000001,32.37,15.68,16.38,32.06,27.17,26.04,383.0,0.233,98.0,25.59,18.0,4.7,0.664,0.164,26.12,13.53,15.24,28.78,29.31,20.0
745242,2024-06-16,2024,668800,R,669302,R,single,False,False,35.0,0.147,9.0,25.71,1.0,2.86,0.406,0.088,27.78,14.93,19.4,34.33,48.72,19.15,161.0,0.264,40.0,24.84,9.0,5.59,0.731,0.1549999999999999,26.76,14.36,14.36,28.73,35.04,24.84,193.0,0.212,39.0,20.21,12.0,6.22,0.666,0.19000000000000003,26.59,13.37,15.18,28.55,28.57,17.65,388.0,0.234,91.0,23.45,18.0,4.64,0.6930000000000001,0.1859999999999999,26.67,13.92,14.54,28.46,30.56,20.87
745242,2024-06-16,2024,543760,R,669302,R,strikeout,True,False,219.0,0.232,30.0,13.7,19.0,8.68,0.6799999999999999,0.147,20.69,10.58,13.98,24.56,25.75,16.3,544.0,0.273,77.0,14.15,52.0,9.56,0.8360000000000001,0.2199999999999999,18.01,8.45,14.48,22.93,21.97,13.9,193.0,0.212,39.0,20.21,12.0,6.22,0.666,0.19000000000000003,26.59,13.37,15.18,28.55,28.57,17.65,388.0,0.234,91.0,23.45,18.0,4.64,0.6930000000000001,0.1859999999999999,26.67,13.92,14.54,28.46,30.56,20.87
745242,2024-06-16,2024,664238,R,641540,R,strikeout,True,False,139.0,0.209,37.0,26.62,16.0,11.51,0.7210000000000001,0.17400000000000002,25.42,10.78,18.02,28.8,17.73,21.51,73.0,0.188,28.0,38.36,6.0,8.22,0.647,0.1709999999999999,33.56,16.33,21.33,37.67,34.46,26.17,122.0,0.182,33.0,27.05,11.0,9.02,0.589,0.14500000000000002,26.21,11.09,19.92,31.01,24.9,23.74,382.0,0.233,79.0,20.68,22.0,5.76,0.6439999999999999,0.1249999999999999,23.66,10.98,19.19,30.17,27.91,19.75
745242,2024-06-16,2024,641487,L,641540,R,strikeout,True,False,146.0,0.165,34.0,23.29,17.0,11.64,0.5740000000000001,0.142,18.65,7.5,20.41,27.91,19.17,17.99,446.0,0.266,84.0,18.83,67.0,15.02,0.845,0.197,18.19,6.93,19.49,26.42,17.9,17.39,108.0,0.233,26.0,24.07,15.0,13.89,0.883,0.28900000000000003,31.79,13.75,14.19,27.94,23.62,19.85,342.0,0.27,61.0,17.84,33.0,9.65,0.782,0.1629999999999999,20.92,9.95,16.02,25.97,27.73,16.76
745242,2024-06-16,2024,668942,L,641540,R,field_out,False,False,189.0,0.28,29.0,15.34,18.0,9.52,0.782,0.14899999999999997,18.24,8.31,16.76,25.07,22.35,13.36,299.0,0.249,64.0,21.4,22.0,7.36,0.6559999999999999,0.1019999999999999,22.77,10.13,19.65,29.78,25.55,19.69,108.0,0.233,26.0,24.07,15.0,13.89,0.883,0.28900000000000003,31.79,13.75,14.19,27.94,23.62,19.85,342.0,0.27,61.0,17.84,33.0,9.65,0.782,0.1629999999999999,20.92,9.95,16.02,25.97,27.73,16.76
745242,2024-06-16,2024,608369,L,669302,R,field_out,False,False,177.0,0.271,19.0,10.73,31.0,17.51,0.922,0.25,19.67,9.48,8.06,17.54,23.77,12.67,370.0,0.333,55.0,14.86,42.0,11.35,1.075,0.334,23.9,12.77,6.35,19.12,27.26,15.8,156.0,0.205,45.0,28.85,8.0,5.13,0.56,0.11000000000000001,32.37,15.68,16.38,32.06,27.17,26.04,383.0,0.233,98.0,25.59,18.0,4.7,0.664,0.164,26.12,13.53,15.24,28.78,29.31,20.0
745242,2024-06-16,2024,666969,R,669302,R,field_out,False,False,192.0,0.205,50.0,26.04,12.0,6.25,0.658,0.19300000000000003,35.29,18.23,11.6,29.83,34.37,24.88,480.0,0.245,138.0,28.75,41.0,8.54,0.8260000000000001,0.264,31.65,15.93,13.92,29.85,32.02,21.97,193.0,0.212,39.0,20.21,12.0,6.22,0.666,0.19000000000000003,26.59,13.37,15.18,28.55,28.57,17.65,388.0,0.234,91.0,23.45,18.0,4.64,0.6930000000000001,0.1859999999999999,26.67,13.92,14.54,28.46,30.56,20.87
745242,2024-06-16,2024,663993,L,669302,R,double,False,False,133.0,0.248,26.0,19.55,17.0,12.78,0.691,0.09699999999999998,15.55,6.55,18.05,24.6,26.82,14.86,505.0,0.279,113.0,22.38,69.0,13.66,0.833,0.172,19.81,8.64,15.62,24.26,19.45,16.87,156.0,0.205,45.0,28.85,8.0,5.13,0.56,0.11000000000000001,32.37,15.68,16.38,32.06,27.17,26.04,383.0,0.233,98.0,25.59,18.0,4.7,0.664,0.164,26.12,13.53,15.24,28.78,29.31,20.0
745242,2024-06-16,2024,694671,R,669302,R,field_out,False,False,143.0,0.25,27.0,18.88,10.0,6.99,0.611,0.05299999999999999,20.91,9.37,18.4,27.77,23.84,13.99,,,,,,,,,,,,,,,193.0,0.212,39.0,20.21,12.0,6.22,0.666,0.19000000000000003,26.59,13.37,15.18,28.55,28.57,17.65,388.0,0.234,91.0,23.45,18.0,4.64,0.6930000000000001,0.1859999999999999,26.67,13.92,14.54,28.46,30.56,20.87
745242,2024-06-16,2024,677594,R,641540,R,strikeout,True,False,225.0,0.256,61.0,27.11,13.0,5.78,0.643,0.08500000000000002,30.37,16.28,12.18,28.46,36.75,19.17,545.0,0.267,127.0,23.3,35.0,6.42,0.8109999999999999,0.2169999999999999,27.93,14.91,13.12,28.03,38.34,22.84,122.0,0.182,33.0,27.05,11.0,9.02,0.589,0.14500000000000002,26.21,11.09,19.92,31.01,24.9,23.74,382.0,0.233,79.0,20.68,22.0,5.76,0.6439999999999999,0.1249999999999999,23.66,10.98,19.19,30.17,27.91,19.75
745242,2024-06-16,2024,663728,L,641540,R,field_out,False,False,189.0,0.235,67.0,35.45,18.0,9.52,0.7070000000000001,0.16500000000000004,30.49,15.21,13.63,28.83,31.05,23.0,462.0,0.235,126.0,27.27,47.0,10.17,0.7909999999999999,0.241,29.58,14.2,14.09,28.29,30.53,21.36,108.0,0.233,26.0,24.07,15.0,13.89,0.883,0.28900000000000003,31.79,13.75,14.19,27.94,23.62,19.85,342.0,0.27,61.0,17.84,33.0,9.65,0.782,0.1629999999999999,20.92,9.95,16.02,25.97,27.73,16.76
745242,2024-06-16,2024,571745,R,641540,R,double,False,False,172.0,0.252,46.0,26.74,15.0,8.72,0.735,0.16699999999999998,29.41,12.57,17.6,30.17,21.81,20.45,161.0,0.189,48.0,29.81,10.0,6.21,0.599,0.1619999999999999,28.57,13.33,19.22,32.56,25.34,22.02,122.0,0.182,33.0,27.05,11.0,9.02,0.589,0.14500000000000002,26.21,11.09,19.92,31.01,24.9,23.74,382.0,0.233,79.0,20.68,22.0,5.76,0.6439999999999999,0.1249999999999999,23.66,10.98,19.19,30.17,27.91,19.75
745242,2024-06-16,2024,670042,L,641540,R,double,False,False,152.0,0.259,48.0,31.58,4.0,2.63,0.737,0.175,36.01,19.89,10.83,30.73,30.4,30.19,363.0,0.247,112.0,30.85,26.0,7.16,0.8340000000000001,0.25,38.6,19.83,11.57,31.39,31.1,26.79,108.0,0.233,26.0,24.07,15.0,13.89,0.883,0.28900000000000003,31.79,13.75,14.19,27.94,23.62,19.85,342.0,0.27,61.0,17.84,33.0,9.65,0.782,0.1629999999999999,20.92,9.95,16.02,25.97,27.73,16.76
745242,2024-06-16,2024,686527,L,641540,R,walk,False,True,95.0,0.224,24.0,25.26,9.0,9.47,0.766,0.24699999999999997,33.72,17.37,16.17,33.53,40.46,24.74,155.0,0.221,26.0,16.77,5.0,3.23,0.661,0.1879999999999999,24.65,13.73,16.86,30.59,41.27,21.85,108.0,0.233,26.0,24.07,15.0,13.89,0.883,0.28900000000000003,31.79,13.75,14.19,27.94,23.62,19.85,342.0,0.27,61.0,17.84,33.0,9.65,0.782,0.1629999999999999,20.92,9.95,16.02,25.97,27.73,16.76
745242,2024-06-16,2024,682988,R,641540,R,force_out,False,False,14.0,0.231,5.0,35.71,0.0,0.0,0.594,0.07699999999999999,25.0,11.29,17.74,29.03,25.81,20.0,,,,,,,,,,,,,,,122.0,0.182,33.0,27.05,11.0,9.02,0.589,0.14500000000000002,26.21,11.09,19.92,31.01,24.9,23.74,382.0,0.233,79.0,20.68,22.0,5.76,0.6439999999999999,0.1249999999999999,23.66,10.98,19.19,30.17,27.91,19.75
745242,2024-06-16,2024,608671,L,669302,R,strikeout,True,False,96.0,0.261,17.0,17.71,6.0,6.25,0.653,0.069,13.61,5.9,21.28,27.18,19.55,13.71,256.0,0.269,37.0,14.45,32.0,12.5,0.698,0.064,14.4,5.5,22.1,27.6,16.03,15.16,156.0,0.205,45.0,28.85,8.0,5.13,0.56,0.11000000000000001,32.37,15.68,16.38,32.06,27.17,26.04,383.0,0.233,98.0,25.59,18.0,4.7,0.664,0.164,26.12,13.53,15.24,28.78,29.31,20.0
745242,2024-06-16,2024,677649,R,669302,R,field_out,False,False,97.0,0.269,22.0,22.68,3.0,3.09,0.665,0.09699999999999998,23.5,13.24,11.27,24.51,37.84,16.41,308.0,0.277,86.0,27.92,13.0,4.22,0.738,0.1409999999999999,28.89,15.73,13.64,29.37,39.12,22.25,193.0,0.212,39.0,20.21,12.0,6.22,0.666,0.19000000000000003,26.59,13.37,15.18,28.55,28.57,17.65,388.0,0.234,91.0,23.45,18.0,4.64,0.6930000000000001,0.1859999999999999,26.67,13.92,14.54,28.46,30.56,20.87
745242,2024-06-16,2024,665750,L,669302,R,field_out,False,False,170.0,0.224,32.0,18.82,14.0,8.24,0.641,0.12899999999999998,22.22,11.06,15.64,26.7,30.94,17.3,405.0,0.275,86.0,21.23,25.0,6.17,0.767,0.174,24.9,12.5,15.05,27.55,29.44,18.34,156.0,0.205,45.0,28.85,8.0,5.13,0.56,0.11000000000000001,32.37,15.68,16.38,32.06,27.17,26.04,383.0,0.233,98.0,25.59,18.0,4.7,0.664,0.164,26.12,13.53,15.24,28.78,29.31,20.0
745242,2024-06-16,2024,664238,R,641540,R,strikeout,True,False,139.0,0.209,37.0,26.62,16.0,11.51,0.7210000000000001,0.17400000000000002,25.42,10.78,18.02,28.8,17.73,21.51,73.0,0.188,28.0,38.36,6.0,8.22,0.647,0.1709999999999999,33.56,16.33,21.33,37.67,34.46,26.17,122.0,0.182,33.0,27.05,11.0,9.02,0.589,0.14500000000000002,26.21,11.09,19.92,31.01,24.9,23.74,382.0,0.233,79.0,20.68,22.0,5.76,0.6439999999999999,0.1249999999999999,23.66,10.98,19.19,30.17,27.91,19.75
745242,2024-06-16,2024,641487,L,641540,R,field_out,False,False,146.0,0.165,34.0,23.29,17.0,11.64,0.5740000000000001,0.142,18.65,7.5,20.41,27.91,19.17,17.99,446.0,0.266,84.0,18.83,67.0,15.02,0.845,0.197,18.19,6.93,19.49,26.42,17.9,17.39,108.0,0.233,26.0,24.07,15.0,13.89,0.883,0.28900000000000003,31.79,13.75,14.19,27.94,23.62,19.85,342.0,0.27,61.0,17.84,33.0,9.65,0.782,0.1629999999999999,20.92,9.95,16.02,25.97,27.73,16.76
745242,2024-06-16,2024,668942,L,641540,R,double,False,False,189.0,0.28,29.0,15.34,18.0,9.52,0.782,0.14899999999999997,18.24,8.31,16.76,25.07,22.35,13.36,299.0,0.249,64.0,21.4,22.0,7.36,0.6559999999999999,0.1019999999999999,22.77,10.13,19.65,29.78,25.55,19.69,108.0,0.233,26.0,24.07,15.0,13.89,0.883,0.28900000000000003,31.79,13.75,14.19,27.94,23.62,19.85,342.0,0.27,61.0,17.84,33.0,9.65,0.782,0.1629999999999999,20.92,9.95,16.02,25.97,27.73,16.76
745242,2024-06-16,2024,677594,R,641540,R,walk,False,True,225.0,0.256,61.0,27.11,13.0,5.78,0.643,0.08500000000000002,30.37,16.28,12.18,28.46,36.75,19.17,545.0,0.267,127.0,23.3,35.0,6.42,0.8109999999999999,0.2169999999999999,27.93,14.91,13.12,28.03,38.34,22.84,122.0,0.182,33.0,27.05,11.0,9.02,0.589,0.14500000000000002,26.21,11.09,19.92,31.01,24.9,23.74,382.0,0.233,79.0,20.68,22.0,5.76,0.6439999999999999,0.1249999999999999,23.66,10.98,19.19,30.17,27.91,19.75
745242,2024-06-16,2024,663728,R,656641,L,field_out,False,False,65.0,0.127,18.0,27.69,6.0,9.23,0.631,0.273,33.1,17.58,9.89,27.47,32.64,18.95,108.0,0.218,32.0,29.63,7.0,6.48,0.645,0.158,31.38,17.77,9.0,26.78,35.38,24.06,72.0,0.2,13.0,18.06,6.0,8.33,0.54,0.062,29.73,15.49,11.97,27.46,36.71,14.61,17.0,0.071,3.0,17.65,3.0,17.65,0.306,0.0,34.29,16.44,15.07,31.51,34.04,11.54
745242,2024-06-16,2024,668800,R,669302,R,field_out,False,False,35.0,0.147,9.0,25.71,1.0,2.86,0.406,0.088,27.78,14.93,19.4,34.33,48.72,19.15,161.0,0.264,40.0,24.84,9.0,5.59,0.731,0.1549999999999999,26.76,14.36,14.36,28.73,35.04,24.84,193.0,0.212,39.0,20.21,12.0,6.22,0.666,0.19000000000000003,26.59,13.37,15.18,28.55,28.57,17.65,388.0,0.234,91.0,23.45,18.0,4.64,0.6930000000000001,0.1859999999999999,26.67,13.92,14.54,28.46,30.56,20.87
745242,2024-06-16,2024,543760,R,669302,R,strikeout,True,False,219.0,0.232,30.0,13.7,19.0,8.68,0.6799999999999999,0.147,20.69,10.58,13.98,24.56,25.75,16.3,544.0,0.273,77.0,14.15,52.0,9.56,0.8360000000000001,0.2199999999999999,18.01,8.45,14.48,22.93,21.97,13.9,193.0,0.212,39.0,20.21,12.0,6.22,0.666,0.19000000000000003,26.59,13.37,15.18,28.55,28.57,17.65,388.0,0.234,91.0,23.45,18.0,4.64,0.6930000000000001,0.1859999999999999,26.67,13.92,14.54,28.46,30.56,20.87
745242,2024-06-16,2024,608369,L,669302,R,field_out,False,False,177.0,0.271,19.0,10.73,31.0,17.51,0.922,0.25,19.67,9.48,8.06,17.54,23.77,12.67,370.0,0.333,55.0,14.86,42.0,11.35,1.075,0.334,23.9,12.77,6.35,19.12,27.26,15.8,156.0,0.205,45.0,28.85,8.0,5.13,0.56,0.11000000000000001,32.37,15.68,16.38,32.06,27.17,26.04,383.0,0.233,98.0,25.59,18.0,4.7,0.664,0.164,26.12,13.53,15.24,28.78,29.31,20.0
745242,2024-06-16,2024,571745,R,656641,L,strikeout,True,False,78.0,0.164,21.0,26.92,5.0,6.41,0.396,0.013999999999999985,30.56,14.24,17.48,31.72,28.0,20.0,69.0,0.254,17.0,24.64,5.0,7.25,0.706,0.143,26.02,11.43,17.5,28.93,26.06,19.54,72.0,0.2,13.0,18.06,6.0,8.33,0.54,0.062,29.73,15.49,11.97,27.46,36.71,14.61,17.0,0.071,3.0,17.65,3.0,17.65,0.306,0.0,34.29,16.44,15.07,31.51,34.04,11.54
745242,2024-06-16,2024,670042,L,656641,L,field_out,False,False,29.0,0.222,7.0,24.14,2.0,6.9,0.646,0.148,29.63,14.41,16.22,30.63,26.42,23.33,44.0,0.268,16.0,36.36,2.0,4.55,0.741,0.1709999999999999,41.18,22.58,15.48,38.06,33.8,36.36,49.0,0.238,12.0,24.49,7.0,14.29,0.704,0.119,25.96,11.79,13.97,25.76,25.0,15.58,5.0,0.0,2.0,40.0,0.0,0.0,0.0,0.0,10.0,4.35,17.39,21.74,28.57,28.57
745242,2024-06-16,2024,686527,L,656641,L,strikeout,True,False,8.0,0.0,4.0,50.0,1.0,12.5,0.125,0.0,43.75,17.95,20.51,38.46,10.53,28.57,27.0,0.208,6.0,22.22,3.0,11.11,0.629,0.125,31.11,14.74,20.0,34.74,44.23,23.08,49.0,0.238,12.0,24.49,7.0,14.29,0.704,0.119,25.96,11.79,13.97,25.76,25.0,15.58,5.0,0.0,2.0,40.0,0.0,0.0,0.0,0.0,10.0,4.35,17.39,21.74,28.57,28.57
745242,2024-06-16,2024,666969,R,669302,R,strikeout,True,False,192.0,0.205,50.0,26.04,12.0,6.25,0.658,0.19300000000000003,35.29,18.23,11.6,29.83,34.37,24.88,480.0,0.245,138.0,28.75,41.0,8.54,0.8260000000000001,0.264,31.65,15.93,13.92,29.85,32.02,21.97,193.0,0.212,39.0,20.21,12.0,6.22,0.666,0.19000000000000003,26.59,13.37,15.18,28.55,28.57,17.65,388.0,0.234,91.0,23.45,18.0,4.64,0.6930000000000001,0.1859999999999999,26.67,13.92,14.54,28.46,30.56,20.87
745242,2024-06-16,2024,663993,L,669302,R,field_out,False,False,133.0,0.248,26.0,19.55,17.0,12.78,0.691,0.09699999999999998,15.55,6.55,18.05,24.6,26.82,14.86,505.0,0.279,113.0,22.38,69.0,13.66,0.833,0.172,19.81,8.64,15.62,24.26,19.45,16.87,156.0,0.205,45.0,28.85,8.0,5.13,0.56,0.11000000000000001,32.37,15.68,16.38,32.06,27.17,26.04,383.0,0.233,98.0,25.59,18.0,4.7,0.664,0.164,26.12,13.53,15.24,28.78,29.31,20.0
745242,2024-06-16,2024,694671,R,669302,R,field_out,False,False,143.0,0.25,27.0,18.88,10.0,6.99,0.611,0.05299999999999999,20.91,9.37,18.4,27.77,23.84,13.99,,,,,,,,,,,,,,,193.0,0.212,39.0,20.21,12.0,6.22,0.666,0.19000000000000003,26.59,13.37,15.18,28.55,28.57,17.65,388.0,0.234,91.0,23.45,18.0,4.64,0.6930000000000001,0.1859999999999999,26.67,13.92,14.54,28.46,30.56,20.87
745242,2024-06-16,2024,682988,R,600917,R,home_run,False,False,14.0,0.231,5.0,35.71,0.0,0.0,0.594,0.07699999999999999,25.0,11.29,17.74,29.03,25.81,20.0,,,,,,,,,,,,,,,79.0,0.157,29.0,36.71,7.0,8.86,0.558,0.157,40.24,19.21,12.99,32.2,28.12,23.97,158.0,0.149,50.0,31.65,16.0,10.13,0.496,0.106,38.34,18.88,11.63,30.51,34.32,24.27
745242,2024-06-16,2024,664238,R,600917,R,strikeout,True,False,139.0,0.209,37.0,26.62,16.0,11.51,0.7210000000000001,0.17400000000000002,25.42,10.78,18.02,28.8,17.73,21.51,73.0,0.188,28.0,38.36,6.0,8.22,0.647,0.1709999999999999,33.56,16.33,21.33,37.67,34.46,26.17,79.0,0.157,29.0,36.71,7.0,8.86,0.558,0.157,40.24,19.21,12.99,32.2,28.12,23.97,158.0,0.149,50.0,31.65,16.0,10.13,0.496,0.106,38.34,18.88,11.63,30.51,34.32,24.27
745242,2024-06-16,2024,641487,L,600917,R,field_out,False,False,146.0,0.165,34.0,23.29,17.0,11.64,0.5740000000000001,0.142,18.65,7.5,20.41,27.91,19.17,17.99,446.0,0.266,84.0,18.83,67.0,15.02,0.845,0.197,18.19,6.93,19.49,26.42,17.9,17.39,49.0,0.171,11.0,22.45,12.0,24.49,0.625,0.057999999999999996,28.95,10.78,16.67,27.45,18.64,18.64,75.0,0.262,17.0,22.67,12.0,16.0,0.764,0.1149999999999999,29.58,12.96,14.2,27.16,25.84,16.5
745242,2024-06-16,2024,668942,L,600917,R,field_out,False,False,189.0,0.28,29.0,15.34,18.0,9.52,0.782,0.14899999999999997,18.24,8.31,16.76,25.07,22.35,13.36,299.0,0.249,64.0,21.4,22.0,7.36,0.6559999999999999,0.1019999999999999,22.77,10.13,19.65,29.78,25.55,19.69,49.0,0.171,11.0,22.45,12.0,24.49,0.625,0.057999999999999996,28.95,10.78,16.67,27.45,18.64,18.64,75.0,0.262,17.0,22.67,12.0,16.0,0.764,0.1149999999999999,29.58,12.96,14.2,27.16,25.84,16.5
745242,2024-06-16,2024,608671,L,669302,R,field_out,False,False,96.0,0.261,17.0,17.71,6.0,6.25,0.653,0.069,13.61,5.9,21.28,27.18,19.55,13.71,256.0,0.269,37.0,14.45,32.0,12.5,0.698,0.064,14.4,5.5,22.1,27.6,16.03,15.16,156.0,0.205,45.0,28.85,8.0,5.13,0.56,0.11000000000000001,32.37,15.68,16.38,32.06,27.17,26.04,383.0,0.233,98.0,25.59,18.0,4.7,0.664,0.164,26.12,13.53,15.24,28.78,29.31,20.0
745242,2024-06-16,2024,677649,R,669302,R,strikeout,True,False,97.0,0.269,22.0,22.68,3.0,3.09,0.665,0.09699999999999998,23.5,13.24,11.27,24.51,37.84,16.41,308.0,0.277,86.0,27.92,13.0,4.22,0.738,0.1409999999999999,28.89,15.73,13.64,29.37,39.12,22.25,193.0,0.212,39.0,20.21,12.0,6.22,0.666,0.19000000000000003,26.59,13.37,15.18,28.55,28.57,17.65,388.0,0.234,91.0,23.45,18.0,4.64,0.6930000000000001,0.1859999999999999,26.67,13.92,14.54,28.46,30.56,20.87
745242,2024-06-16,2024,665750,L,669302,R,strikeout,True,False,170.0,0.224,32.0,18.82,14.0,8.24,0.641,0.12899999999999998,22.22,11.06,15.64,26.7,30.94,17.3,405.0,0.275,86.0,21.23,25.0,6.17,0.767,0.174,24.9,12.5,15.05,27.55,29.44,18.34,156.0,0.205,45.0,28.85,8.0,5.13,0.56,0.11000000000000001,32.37,15.68,16.38,32.06,27.17,26.04,383.0,0.233,98.0,25.59,18.0,4.7,0.664,0.164,26.12,13.53,15.24,28.78,29.31,20.0
745242,2024-06-16,2024,677594,R,668390,R,field_out,False,False,225.0,0.256,61.0,27.11,13.0,5.78,0.643,0.08500000000000002,30.37,16.28,12.18,28.46,36.75,19.17,545.0,0.267,127.0,23.3,35.0,6.42,0.8109999999999999,0.2169999999999999,27.93,14.91,13.12,28.03,38.34,22.84,40.0,0.211,10.0,25.0,2.0,5.0,0.645,0.18400000000000002,28.4,15.75,14.38,30.14,35.29,21.28,,,,,,,,,,,,,,
745242,2024-06-16,2024,663728,L,668390,R,field_out,False,False,189.0,0.235,67.0,35.45,18.0,9.52,0.7070000000000001,0.16500000000000004,30.49,15.21,13.63,28.83,31.05,23.0,462.0,0.235,126.0,27.27,47.0,10.17,0.7909999999999999,0.241,29.58,14.2,14.09,28.29,30.53,21.36,20.0,0.294,2.0,10.0,1.0,5.0,0.703,0.059,22.86,11.11,20.83,31.94,30.3,10.0,,,,,,,,,,,,,,
745242,2024-06-16,2024,571745,R,668390,R,hit_by_pitch,False,False,172.0,0.252,46.0,26.74,15.0,8.72,0.735,0.16699999999999998,29.41,12.57,17.6,30.17,21.81,20.45,161.0,0.189,48.0,29.81,10.0,6.21,0.599,0.1619999999999999,28.57,13.33,19.22,32.56,25.34,22.02,40.0,0.211,10.0,25.0,2.0,5.0,0.645,0.18400000000000002,28.4,15.75,14.38,30.14,35.29,21.28,,,,,,,,,,,,,,
745242,2024-06-16,2024,670042,L,668390,R,walk,False,True,152.0,0.259,48.0,31.58,4.0,2.63,0.737,0.175,36.01,19.89,10.83,30.73,30.4,30.19,363.0,0.247,112.0,30.85,26.0,7.16,0.8340000000000001,0.25,38.6,19.83,11.57,31.39,31.1,26.79,20.0,0.294,2.0,10.0,1.0,5.0,0.703,0.059,22.86,11.11,20.83,31.94,30.3,10.0,,,,,,,,,,,,,,
745242,2024-06-16,2024,686527,L,668390,R,single,False,False,95.0,0.224,24.0,25.26,9.0,9.47,0.766,0.24699999999999997,33.72,17.37,16.17,33.53,40.46,24.74,155.0,0.221,26.0,16.77,5.0,3.23,0.661,0.1879999999999999,24.65,13.73,16.86,30.59,41.27,21.85,20.0,0.294,2.0,10.0,1.0,5.0,0.703,0.059,22.86,11.11,20.83,31.94,30.3,10.0,,,,,,,,,,,,,,
745242,2024-06-16,2024,682988,R,668390,R,strikeout,True,False,14.0,0.231,5.0,35.71,0.0,0.0,0.594,0.07699999999999999,25.0,11.29,17.74,29.03,25.81,20.0,,,,,,,,,,,,,,,40.0,0.211,10.0,25.0,2.0,5.0,0.645,0.18400000000000002,28.4,15.75,14.38,30.14,35.29,21.28,,,,,,,,,,,,,,
745242,2024-06-16,2024,668800,R,608723,R,field_out,False,False,35.0,0.147,9.0,25.71,1.0,2.86,0.406,0.088,27.78,14.93,19.4,34.33,48.72,19.15,161.0,0.264,40.0,24.84,9.0,5.59,0.731,0.1549999999999999,26.76,14.36,14.36,28.73,35.04,24.84,52.0,0.188,16.0,30.77,3.0,5.77,0.625,0.187,35.85,18.45,14.56,33.01,38.79,26.23,92.0,0.272,24.0,26.09,8.0,8.7,0.847,0.2339999999999999,30.85,15.63,15.36,31.0,35.26,18.75
745242,2024-06-16,2024,543760,R,608723,R,field_out,False,False,219.0,0.232,30.0,13.7,19.0,8.68,0.6799999999999999,0.147,20.69,10.58,13.98,24.56,25.75,16.3,544.0,0.273,77.0,14.15,52.0,9.56,0.8360000000000001,0.2199999999999999,18.01,8.45,14.48,22.93,21.97,13.9,52.0,0.188,16.0,30.77,3.0,5.77,0.625,0.187,35.85,18.45,14.56,33.01,38.79,26.23,92.0,0.272,24.0,26.09,8.0,8.7,0.847,0.2339999999999999,30.85,15.63,15.36,31.0,35.26,18.75
745242,2024-06-16,2024,608369,L,608723,R,field_out,False,False,177.0,0.271,19.0,10.73,31.0,17.51,0.922,0.25,19.67,9.48,8.06,17.54,23.77,12.67,370.0,0.333,55.0,14.86,42.0,11.35,1.075,0.334,23.9,12.77,6.35,19.12,27.26,15.8,57.0,0.185,9.0,15.79,2.0,3.51,0.58,0.16699999999999998,22.64,11.59,14.49,26.09,28.0,16.98,68.0,0.288,10.0,14.71,7.0,10.29,0.772,0.102,13.95,6.08,17.57,23.65,25.81,11.76
746377,2024-06-16,2024,672761,L,669854,R,field_out,False,False,149.0,0.246,33.0,22.15,13.0,8.72,0.6990000000000001,0.14200000000000002,21.64,9.51,19.84,29.34,26.64,17.19,,,,,,,,,,,,,,,139.0,0.182,31.0,22.3,14.0,10.07,0.618,0.173,24.81,11.82,14.64,26.46,26.84,19.75,104.0,0.221,21.0,20.19,16.0,15.38,0.7649999999999999,0.1979999999999999,28.05,13.84,10.94,24.78,25.22,14.58
746377,2024-06-16,2024,663837,R,669854,R,strikeout,True,False,166.0,0.26,37.0,22.29,9.0,5.42,0.8160000000000001,0.253,20.56,8.74,20.44,29.19,19.33,17.13,383.0,0.26,92.0,24.02,29.0,7.57,0.724,0.14,21.06,9.23,21.95,31.18,28.67,18.31,142.0,0.175,36.0,25.35,14.0,9.86,0.5469999999999999,0.11099999999999999,32.52,16.32,15.26,31.58,32.13,20.93,122.0,0.275,31.0,25.41,12.0,9.84,0.847,0.2199999999999999,37.6,19.87,11.14,31.0,32.68,22.3
746377,2024-06-16,2024,682985,L,669854,R,strikeout,True,False,231.0,0.281,60.0,25.97,32.0,13.85,0.919,0.255,28.21,11.49,17.76,29.26,20.8,22.39,323.0,0.291,84.0,26.01,28.0,8.67,0.826,0.182,27.26,12.45,16.06,28.52,24.68,20.14,139.0,0.182,31.0,22.3,14.0,10.07,0.618,0.173,24.81,11.82,14.64,26.46,26.84,19.75,104.0,0.221,21.0,20.19,16.0,15.38,0.7649999999999999,0.1979999999999999,28.05,13.84,10.94,24.78,25.22,14.58
746377,2024-06-16,2024,514888,R,628317,R,single,False,False,224.0,0.286,44.0,19.64,13.0,5.8,0.778,0.16200000000000003,20.24,10.44,17.23,27.67,38.63,19.47,297.0,0.322,55.0,18.52,32.0,10.77,0.941,0.218,19.43,8.47,19.0,27.48,31.81,17.74,89.0,0.301,13.0,14.61,6.0,6.74,0.962,0.313,23.26,11.2,15.13,26.33,29.74,11.43,219.0,0.237,64.0,29.22,10.0,4.57,0.748,0.2319999999999999,30.22,15.8,14.32,30.11,35.12,21.55
746377,2024-06-16,2024,608324,R,628317,R,field_out,False,False,195.0,0.26,35.0,17.95,17.0,8.72,0.764,0.174,15.85,7.06,18.87,25.93,23.98,14.34,508.0,0.282,67.0,13.19,65.0,12.8,0.8500000000000001,0.186,14.53,5.58,19.65,25.23,16.96,12.88,89.0,0.301,13.0,14.61,6.0,6.74,0.962,0.313,23.26,11.2,15.13,26.33,29.74,11.43,219.0,0.237,64.0,29.22,10.0,4.57,0.748,0.2319999999999999,30.22,15.8,14.32,30.11,35.12,21.55
746377,2024-06-16,2024,670541,L,628317,R,single,False,False,194.0,0.263,26.0,13.4,20.0,10.31,0.848,0.24,19.44,8.78,16.86,25.64,30.03,14.05,322.0,0.292,55.0,17.08,49.0,15.22,1.044,0.333,21.1,8.88,15.37,24.25,23.99,15.32,102.0,0.233,22.0,21.57,10.0,9.8,0.739,0.18899999999999997,20.71,8.41,18.27,26.68,24.02,18.58,209.0,0.241,53.0,25.36,18.0,8.61,0.6910000000000001,0.144,25.75,11.44,17.4,28.83,27.38,24.31
746377,2024-06-16,2024,673237,R,628317,R,field_out,False,False,169.0,0.258,27.0,15.98,6.0,3.55,0.6950000000000001,0.15699999999999997,21.73,12.41,10.54,22.96,41.28,16.46,274.0,0.307,47.0,17.15,7.0,2.55,0.931,0.292,24.58,14.19,11.31,25.51,43.08,17.42,89.0,0.301,13.0,14.61,6.0,6.74,0.962,0.313,23.26,11.2,15.13,26.33,29.74,11.43,219.0,0.237,64.0,29.22,10.0,4.57,0.748,0.2319999999999999,30.22,15.8,14.32,30.11,35.12,21.55
746377,2024-06-16,2024,572138,L,628317,R,field_out,False,False,137.0,0.231,31.0,22.63,19.0,13.87,0.6859999999999999,0.11899999999999997,25.69,10.49,18.73,29.21,20.15,21.23,79.0,0.13,19.0,24.05,9.0,11.39,0.402,0.0439999999999999,22.79,9.69,16.56,26.25,24.43,21.11,102.0,0.233,22.0,21.57,10.0,9.8,0.739,0.18899999999999997,20.71,8.41,18.27,26.68,24.02,18.58,209.0,0.241,53.0,25.36,18.0,8.61,0.6910000000000001,0.144,25.75,11.44,17.4,28.83,27.38,24.31
746377,2024-06-16,2024,592192,R,669854,R,field_out,False,False,207.0,0.237,41.0,19.81,20.0,9.66,0.685,0.11299999999999999,22.05,8.81,23.4,32.21,21.26,16.8,341.0,0.261,56.0,16.42,28.0,8.21,0.721,0.1079999999999999,18.91,7.86,21.98,29.84,23.71,13.49,142.0,0.175,36.0,25.35,14.0,9.86,0.5469999999999999,0.11099999999999999,32.52,16.32,15.26,31.58,32.13,20.93,122.0,0.275,31.0,25.41,12.0,9.84,0.847,0.2199999999999999,37.6,19.87,11.14,31.0,32.68,22.3
746377,2024-06-16,2024,690993,L,669854,R,field_out,False,False,190.0,0.237,33.0,17.37,11.0,5.79,0.612,0.09100000000000003,22.59,10.76,16.79,27.55,32.23,19.08,,,,,,,,,,,,,,,139.0,0.182,31.0,22.3,14.0,10.07,0.618,0.173,24.81,11.82,14.64,26.46,26.84,19.75,104.0,0.221,21.0,20.19,16.0,15.38,0.7649999999999999,0.1979999999999999,28.05,13.84,10.94,24.78,25.22,14.58
746377,2024-06-16,2024,570482,R,669854,R,field_out,False,False,108.0,0.314,14.0,12.96,4.0,3.7,0.765,0.10799999999999998,19.7,9.95,17.6,27.55,32.62,13.73,175.0,0.276,30.0,17.14,9.0,5.14,0.653,0.061,20.55,11.01,13.8,24.82,34.39,12.39,142.0,0.175,36.0,25.35,14.0,9.86,0.5469999999999999,0.11099999999999999,32.52,16.32,15.26,31.58,32.13,20.93,122.0,0.275,31.0,25.41,12.0,9.84,0.847,0.2199999999999999,37.6,19.87,11.14,31.0,32.68,22.3
746377,2024-06-16,2024,665161,R,628317,R,field_out,False,False,208.0,0.28,40.0,19.23,9.0,4.33,0.669,0.06699999999999995,24.62,12.9,15.29,28.19,36.21,17.39,461.0,0.239,107.0,23.21,34.0,7.38,0.655,0.1089999999999999,30.36,15.5,13.92,29.42,35.52,20.7,89.0,0.301,13.0,14.61,6.0,6.74,0.962,0.313,23.26,11.2,15.13,26.33,29.74,11.43,219.0,0.237,64.0,29.22,10.0,4.57,0.748,0.2319999999999999,30.22,15.8,14.32,30.11,35.12,21.55
746377,2024-06-16,2024,643289,R,628317,R,single,False,False,118.0,0.295,9.0,7.63,4.0,3.39,0.7150000000000001,0.09800000000000003,16.82,9.92,12.67,22.59,43.63,9.38,375.0,0.263,58.0,15.47,13.0,3.47,0.6779999999999999,0.124,19.01,10.95,13.18,24.13,40.64,15.68,89.0,0.301,13.0,14.61,6.0,6.74,0.962,0.313,23.26,11.2,15.13,26.33,29.74,11.43,219.0,0.237,64.0,29.22,10.0,4.57,0.748,0.2319999999999999,30.22,15.8,14.32,30.11,35.12,21.55
746377,2024-06-16,2024,663550,L,628317,R,field_out,False,False,27.0,0.296,6.0,22.22,0.0,0.0,0.7769999999999999,0.185,24.53,13.27,13.27,26.53,31.91,20.0,52.0,0.22,24.0,46.15,1.0,1.92,0.5710000000000001,0.12,50.0,32.99,6.09,39.09,46.53,37.5,102.0,0.233,22.0,21.57,10.0,9.8,0.739,0.18899999999999997,20.71,8.41,18.27,26.68,24.02,18.58,209.0,0.241,53.0,25.36,18.0,8.61,0.6910000000000001,0.144,25.75,11.44,17.4,28.83,27.38,24.31
746377,2024-06-16,2024,676801,R,628317,R,walk,False,True,85.0,0.221,27.0,31.76,6.0,7.06,0.594,0.091,35.09,17.24,15.23,32.47,31.91,22.61,319.0,0.25,82.0,25.71,27.0,8.46,0.769,0.186,28.62,13.94,15.79,29.73,30.75,21.75,89.0,0.301,13.0,14.61,6.0,6.74,0.962,0.313,23.26,11.2,15.13,26.33,29.74,11.43,219.0,0.237,64.0,29.22,10.0,4.57,0.748,0.2319999999999999,30.22,15.8,14.32,30.11,35.12,21.55
746377,2024-06-16,2024,514888,R,628317,R,home_run,False,False,224.0,0.286,44.0,19.64,13.0,5.8,0.778,0.16200000000000003,20.24,10.44,17.23,27.67,38.63,19.47,297.0,0.322,55.0,18.52,32.0,10.77,0.941,0.218,19.43,8.47,19.0,27.48,31.81,17.74,89.0,0.301,13.0,14.61,6.0,6.74,0.962,0.313,23.26,11.2,15.13,26.33,29.74,11.43,219.0,0.237,64.0,29.22,10.0,4.57,0.748,0.2319999999999999,30.22,15.8,14.32,30.11,35.12,21.55
746377,2024-06-16,2024,608324,R,628317,R,strikeout,True,False,195.0,0.26,35.0,17.95,17.0,8.72,0.764,0.174,15.85,7.06,18.87,25.93,23.98,14.34,508.0,0.282,67.0,13.19,65.0,12.8,0.8500000000000001,0.186,14.53,5.58,19.65,25.23,16.96,12.88,89.0,0.301,13.0,14.61,6.0,6.74,0.962,0.313,23.26,11.2,15.13,26.33,29.74,11.43,219.0,0.237,64.0,29.22,10.0,4.57,0.748,0.2319999999999999,30.22,15.8,14.32,30.11,35.12,21.55
746377,2024-06-16,2024,668731,L,669854,R,field_out,False,False,32.0,0.154,7.0,21.88,5.0,15.62,0.666,0.231,31.75,15.87,10.32,26.19,31.88,20.59,347.0,0.218,87.0,25.07,42.0,12.1,0.688,0.158,25.51,11.78,14.66,26.44,24.86,21.97,139.0,0.182,31.0,22.3,14.0,10.07,0.618,0.173,24.81,11.82,14.64,26.46,26.84,19.75,104.0,0.221,21.0,20.19,16.0,15.38,0.7649999999999999,0.1979999999999999,28.05,13.84,10.94,24.78,25.22,14.58
746377,2024-06-16,2024,608348,R,669854,R,strikeout,True,False,108.0,0.24,25.0,23.15,7.0,6.48,0.6930000000000001,0.135,23.96,10.45,20.68,31.14,23.47,17.86,108.0,0.198,27.0,25.0,6.0,5.56,0.479,0.0399999999999999,28.73,13.54,19.79,33.33,28.41,25.0,142.0,0.175,36.0,25.35,14.0,9.86,0.5469999999999999,0.11099999999999999,32.52,16.32,15.26,31.58,32.13,20.93,122.0,0.275,31.0,25.41,12.0,9.84,0.847,0.2199999999999999,37.6,19.87,11.14,31.0,32.68,22.3
746377,2024-06-16,2024,656716,L,669854,R,strikeout,True,False,109.0,0.196,30.0,27.52,10.0,9.17,0.5640000000000001,0.09299999999999997,27.75,13.21,16.86,30.07,29.55,22.56,475.0,0.23,109.0,22.95,38.0,8.0,0.653,0.1259999999999999,21.06,10.13,16.08,26.2,28.04,19.12,139.0,0.182,31.0,22.3,14.0,10.07,0.618,0.173,24.81,11.82,14.64,26.46,26.84,19.75,104.0,0.221,21.0,20.19,16.0,15.38,0.7649999999999999,0.1979999999999999,28.05,13.84,10.94,24.78,25.22,14.58
746377,2024-06-16,2024,670541,L,628317,R,single,False,False,194.0,0.263,26.0,13.4,20.0,10.31,0.848,0.24,19.44,8.78,16.86,25.64,30.03,14.05,322.0,0.292,55.0,17.08,49.0,15.22,1.044,0.333,21.1,8.88,15.37,24.25,23.99,15.32,102.0,0.233,22.0,21.57,10.0,9.8,0.739,0.18899999999999997,20.71,8.41,18.27,26.68,24.02,18.58,209.0,0.241,53.0,25.36,18.0,8.61,0.6910000000000001,0.144,25.75,11.44,17.4,28.83,27.38,24.31
746377,2024-06-16,2024,673237,R,628317,R,grounded_into_double_play,False,False,169.0,0.258,27.0,15.98,6.0,3.55,0.6950000000000001,0.15699999999999997,21.73,12.41,10.54,22.96,41.28,16.46,274.0,0.307,47.0,17.15,7.0,2.55,0.931,0.292,24.58,14.19,11.31,25.51,43.08,17.42,89.0,0.301,13.0,14.61,6.0,6.74,0.962,0.313,23.26,11.2,15.13,26.33,29.74,11.43,219.0,0.237,64.0,29.22,10.0,4.57,0.748,0.2319999999999999,30.22,15.8,14.32,30.11,35.12,21.55
746377,2024-06-16,2024,572138,L,628317,R,field_out,False,False,137.0,0.231,31.0,22.63,19.0,13.87,0.6859999999999999,0.11899999999999997,25.69,10.49,18.73,29.21,20.15,21.23,79.0,0.13,19.0,24.05,9.0,11.39,0.402,0.0439999999999999,22.79,9.69,16.56,26.25,24.43,21.11,102.0,0.233,22.0,21.57,10.0,9.8,0.739,0.18899999999999997,20.71,8.41,18.27,26.68,24.02,18.58,209.0,0.241,53.0,25.36,18.0,8.61,0.6910000000000001,0.144,25.75,11.44,17.4,28.83,27.38,24.31
746377,2024-06-16,2024,672761,L,669854,R,strikeout,True,False,149.0,0.246,33.0,22.15,13.0,8.72,0.6990000000000001,0.14200000000000002,21.64,9.51,19.84,29.34,26.64,17.19,,,,,,,,,,,,,,,139.0,0.182,31.0,22.3,14.0,10.07,0.618,0.173,24.81,11.82,14.64,26.46,26.84,19.75,104.0,0.221,21.0,20.19,16.0,15.38,0.7649999999999999,0.1979999999999999,28.05,13.84,10.94,24.78,25.22,14.58
746377,2024-06-16,2024,663837,R,669854,R,field_out,False,False,166.0,0.26,37.0,22.29,9.0,5.42,0.8160000000000001,0.253,20.56,8.74,20.44,29.19,19.33,17.13,383.0,0.26,92.0,24.02,29.0,7.57,0.724,0.14,21.06,9.23,21.95,31.18,28.67,18.31,142.0,0.175,36.0,25.35,14.0,9.86,0.5469999999999999,0.11099999999999999,32.52,16.32,15.26,31.58,32.13,20.93,122.0,0.275,31.0,25.41,12.0,9.84,0.847,0.2199999999999999,37.6,19.87,11.14,31.0,32.68,22.3
746377,2024-06-16,2024,682985,L,669854,R,strikeout,True,False,231.0,0.281,60.0,25.97,32.0,13.85,0.919,0.255,28.21,11.49,17.76,29.26,20.8,22.39,323.0,0.291,84.0,26.01,28.0,8.67,0.826,0.182,27.26,12.45,16.06,28.52,24.68,20.14,139.0,0.182,31.0,22.3,14.0,10.07,0.618,0.173,24.81,11.82,14.64,26.46,26.84,19.75,104.0,0.221,21.0,20.19,16.0,15.38,0.7649999999999999,0.1979999999999999,28.05,13.84,10.94,24.78,25.22,14.58
746377,2024-06-16,2024,665161,R,628317,R,walk,False,True,208.0,0.28,40.0,19.23,9.0,4.33,0.669,0.06699999999999995,24.62,12.9,15.29,28.19,36.21,17.39,461.0,0.239,107.0,23.21,34.0,7.38,0.655,0.1089999999999999,30.36,15.5,13.92,29.42,35.52,20.7,89.0,0.301,13.0,14.61,6.0,6.74,0.962,0.313,23.26,11.2,15.13,26.33,29.74,11.43,219.0,0.237,64.0,29.22,10.0,4.57,0.748,0.2319999999999999,30.22,15.8,14.32,30.11,35.12,21.55
746377,2024-06-16,2024,643289,R,628317,R,grounded_into_double_play,False,False,118.0,0.295,9.0,7.63,4.0,3.39,0.7150000000000001,0.09800000000000003,16.82,9.92,12.67,22.59,43.63,9.38,375.0,0.263,58.0,15.47,13.0,3.47,0.6779999999999999,0.124,19.01,10.95,13.18,24.13,40.64,15.68,89.0,0.301,13.0,14.61,6.0,6.74,0.962,0.313,23.26,11.2,15.13,26.33,29.74,11.43,219.0,0.237,64.0,29.22,10.0,4.57,0.748,0.2319999999999999,30.22,15.8,14.32,30.11,35.12,21.55
746377,2024-06-16,2024,663550,L,628317,R,field_out,False,False,27.0,0.296,6.0,22.22,0.0,0.0,0.7769999999999999,0.185,24.53,13.27,13.27,26.53,31.91,20.0,52.0,0.22,24.0,46.15,1.0,1.92,0.5710000000000001,0.12,50.0,32.99,6.09,39.09,46.53,37.5,102.0,0.233,22.0,21.57,10.0,9.8,0.739,0.18899999999999997,20.71,8.41,18.27,26.68,24.02,18.58,209.0,0.241,53.0,25.36,18.0,8.61,0.6910000000000001,0.144,25.75,11.44,17.4,28.83,27.38,24.31
746377,2024-06-16,2024,592192,R,669854,R,strikeout,True,False,207.0,0.237,41.0,19.81,20.0,9.66,0.685,0.11299999999999999,22.05,8.81,23.4,32.21,21.26,16.8,341.0,0.261,56.0,16.42,28.0,8.21,0.721,0.1079999999999999,18.91,7.86,21.98,29.84,23.71,13.49,142.0,0.175,36.0,25.35,14.0,9.86,0.5469999999999999,0.11099999999999999,32.52,16.32,15.26,31.58,32.13,20.93,122.0,0.275,31.0,25.41,12.0,9.84,0.847,0.2199999999999999,37.6,19.87,11.14,31.0,32.68,22.3
746377,2024-06-16,2024,690993,L,669854,R,strikeout,True,False,190.0,0.237,33.0,17.37,11.0,5.79,0.612,0.09100000000000003,22.59,10.76,16.79,27.55,32.23,19.08,,,,,,,,,,,,,,,139.0,0.182,31.0,22.3,14.0,10.07,0.618,0.173,24.81,11.82,14.64,26.46,26.84,19.75,104.0,0.221,21.0,20.19,16.0,15.38,0.7649999999999999,0.1979999999999999,28.05,13.84,10.94,24.78,25.22,14.58
746377,2024-06-16,2024,570482,R,669854,R,walk,False,True,108.0,0.314,14.0,12.96,4.0,3.7,0.765,0.10799999999999998,19.7,9.95,17.6,27.55,32.62,13.73,175.0,0.276,30.0,17.14,9.0,5.14,0.653,0.061,20.55,11.01,13.8,24.82,34.39,12.39,142.0,0.175,36.0,25.35,14.0,9.86,0.5469999999999999,0.11099999999999999,32.52,16.32,15.26,31.58,32.13,20.93,122.0,0.275,31.0,25.41,12.0,9.84,0.847,0.2199999999999999,37.6,19.87,11.14,31.0,32.68,22.3
746377,2024-06-16,2024,668731,L,669854,R,walk,False,True,32.0,0.154,7.0,21.88,5.0,15.62,0.666,0.231,31.75,15.87,10.32,26.19,31.88,20.59,347.0,0.218,87.0,25.07,42.0,12.1,0.688,0.158,25.51,11.78,14.66,26.44,24.86,21.97,139.0,0.182,31.0,22.3,14.0,10.07,0.618,0.173,24.81,11.82,14.64,26.46,26.84,19.75,104.0,0.221,21.0,20.19,16.0,15.38,0.7649999999999999,0.1979999999999999,28.05,13.84,10.94,24.78,25.22,14.58
746377,2024-06-16,2024,608348,R,669854,R,walk,False,True,108.0,0.24,25.0,23.15,7.0,6.48,0.6930000000000001,0.135,23.96,10.45,20.68,31.14,23.47,17.86,108.0,0.198,27.0,25.0,6.0,5.56,0.479,0.0399999999999999,28.73,13.54,19.79,33.33,28.41,25.0,142.0,0.175,36.0,25.35,14.0,9.86,0.5469999999999999,0.11099999999999999,32.52,16.32,15.26,31.58,32.13,20.93,122.0,0.275,31.0,25.41,12.0,9.84,0.847,0.2199999999999999,37.6,19.87,11.14,31.0,32.68,22.3
746377,2024-06-16,2024,656716,L,669854,R,field_out,False,False,109.0,0.196,30.0,27.52,10.0,9.17,0.5640000000000001,0.09299999999999997,27.75,13.21,16.86,30.07,29.55,22.56,475.0,0.23,109.0,22.95,38.0,8.0,0.653,0.1259999999999999,21.06,10.13,16.08,26.2,28.04,19.12,139.0,0.182,31.0,22.3,14.0,10.07,0.618,0.173,24.81,11.82,14.64,26.46,26.84,19.75,104.0,0.221,21.0,20.19,16.0,15.38,0.7649999999999999,0.1979999999999999,28.05,13.84,10.94,24.78,25.22,14.58
746377,2024-06-16,2024,676801,R,628317,R,field_out,False,False,85.0,0.221,27.0,31.76,6.0,7.06,0.594,0.091,35.09,17.24,15.23,32.47,31.91,22.61,319.0,0.25,82.0,25.71,27.0,8.46,0.769,0.186,28.62,13.94,15.79,29.73,30.75,21.75,89.0,0.301,13.0,14.61,6.0,6.74,0.962,0.313,23.26,11.2,15.13,26.33,29.74,11.43,219.0,0.237,64.0,29.22,10.0,4.57,0.748,0.2319999999999999,30.22,15.8,14.32,30.11,35.12,21.55
746377,2024-06-16,2024,514888,R,628317,R,field_out,False,False,224.0,0.286,44.0,19.64,13.0,5.8,0.778,0.16200000000000003,20.24,10.44,17.23,27.67,38.63,19.47,297.0,0.322,55.0,18.52,32.0,10.77,0.941,0.218,19.43,8.47,19.0,27.48,31.81,17.74,89.0,0.301,13.0,14.61,6.0,6.74,0.962,0.313,23.26,11.2,15.13,26.33,29.74,11.43,219.0,0.237,64.0,29.22,10.0,4.57,0.748,0.2319999999999999,30.22,15.8,14.32,30.11,35.12,21.55
746377,2024-06-16,2024,608324,R,628317,R,field_out,False,False,195.0,0.26,35.0,17.95,17.0,8.72,0.764,0.174,15.85,7.06,18.87,25.93,23.98,14.34,508.0,0.282,67.0,13.19,65.0,12.8,0.8500000000000001,0.186,14.53,5.58,19.65,25.23,16.96,12.88,89.0,0.301,13.0,14.61,6.0,6.74,0.962,0.313,23.26,11.2,15.13,26.33,29.74,11.43,219.0,0.237,64.0,29.22,10.0,4.57,0.748,0.2319999999999999,30.22,15.8,14.32,30.11,35.12,21.55
746377,2024-06-16,2024,672761,L,669854,R,field_out,False,False,149.0,0.246,33.0,22.15,13.0,8.72,0.6990000000000001,0.14200000000000002,21.64,9.51,19.84,29.34,26.64,17.19,,,,,,,,,,,,,,,139.0,0.182,31.0,22.3,14.0,10.07,0.618,0.173,24.81,11.82,14.64,26.46,26.84,19.75,104.0,0.221,21.0,20.19,16.0,15.38,0.7649999999999999,0.1979999999999999,28.05,13.84,10.94,24.78,25.22,14.58
746377,2024-06-16,2024,663837,R,669854,R,field_out,False,False,166.0,0.26,37.0,22.29,9.0,5.42,0.8160000000000001,0.253,20.56,8.74,20.44,29.19,19.33,17.13,383.0,0.26,92.0,24.02,29.0,7.57,0.724,0.14,21.06,9.23,21.95,31.18,28.67,18.31,142.0,0.175,36.0,25.35,14.0,9.86,0.5469999999999999,0.11099999999999999,32.52,16.32,15.26,31.58,32.13,20.93,122.0,0.275,31.0,25.41,12.0,9.84,0.847,0.2199999999999999,37.6,19.87,11.14,31.0,32.68,22.3
746377,2024-06-16,2024,682985,L,669854,R,field_out,False,False,231.0,0.281,60.0,25.97,32.0,13.85,0.919,0.255,28.21,11.49,17.76,29.26,20.8,22.39,323.0,0.291,84.0,26.01,28.0,8.67,0.826,0.182,27.26,12.45,16.06,28.52,24.68,20.14,139.0,0.182,31.0,22.3,14.0,10.07,0.618,0.173,24.81,11.82,14.64,26.46,26.84,19.75,104.0,0.221,21.0,20.19,16.0,15.38,0.7649999999999999,0.1979999999999999,28.05,13.84,10.94,24.78,25.22,14.58
746377,2024-06-16,2024,670541,L,663947,L,field_out,False,False,109.0,0.33,21.0,19.27,8.0,7.34,0.911,0.196,20.65,10.08,13.79,23.87,34.34,24.71,174.0,0.295,37.0,21.26,20.0,11.49,0.892,0.212,24.91,11.27,17.53,28.79,30.5,20.79,60.0,0.109,13.0,21.67,1.0,1.67,0.347,0.05500000000000001,22.89,10.11,22.34,32.45,29.21,30.95,122.0,0.147,32.0,26.23,4.0,3.28,0.363,0.034,24.29,11.78,19.86,31.64,32.18,22.86
746377,2024-06-16,2024,673237,R,663947,L,field_out,False,False,69.0,0.277,9.0,13.04,3.0,4.35,0.734,0.13799999999999996,22.64,13.64,7.95,21.59,38.41,10.11,103.0,0.214,27.0,26.21,4.0,3.88,0.621,0.164,35.0,21.33,9.97,31.3,46.31,24.76,77.0,0.229,15.0,19.48,5.0,6.49,0.69,0.18499999999999997,24.31,12.64,15.16,27.8,42.38,18.29,202.0,0.209,42.0,20.79,14.0,6.93,0.642,0.171,28.53,13.97,16.84,30.81,30.71,18.58
746377,2024-06-16,2024,572138,L,663947,L,field_out,False,False,41.0,0.189,16.0,39.02,4.0,9.76,0.565,0.10799999999999998,40.0,13.95,22.67,36.63,19.1,28.57,26.0,0.273,4.0,15.38,4.0,15.38,0.93,0.272,20.93,8.82,14.71,23.53,21.15,15.38,60.0,0.109,13.0,21.67,1.0,1.67,0.347,0.05500000000000001,22.89,10.11,22.34,32.45,29.21,30.95,122.0,0.147,32.0,26.23,4.0,3.28,0.363,0.034,24.29,11.78,19.86,31.64,32.18,22.86
746377,2024-06-16,2024,592192,R,669854,R,field_out,False,False,207.0,0.237,41.0,19.81,20.0,9.66,0.685,0.11299999999999999,22.05,8.81,23.4,32.21,21.26,16.8,341.0,0.261,56.0,16.42,28.0,8.21,0.721,0.1079999999999999,18.91,7.86,21.98,29.84,23.71,13.49,142.0,0.175,36.0,25.35,14.0,9.86,0.5469999999999999,0.11099999999999999,32.52,16.32,15.26,31.58,32.13,20.93,122.0,0.275,31.0,25.41,12.0,9.84,0.847,0.2199999999999999,37.6,19.87,11.14,31.0,32.68,22.3
746377,2024-06-16,2024,690993,L,669854,R,field_out,False,False,190.0,0.237,33.0,17.37,11.0,5.79,0.612,0.09100000000000003,22.59,10.76,16.79,27.55,32.23,19.08,,,,,,,,,,,,,,,139.0,0.182,31.0,22.3,14.0,10.07,0.618,0.173,24.81,11.82,14.64,26.46,26.84,19.75,104.0,0.221,21.0,20.19,16.0,15.38,0.7649999999999999,0.1979999999999999,28.05,13.84,10.94,24.78,25.22,14.58
746377,2024-06-16,2024,570482,R,669854,R,field_error,False,False,108.0,0.314,14.0,12.96,4.0,3.7,0.765,0.10799999999999998,19.7,9.95,17.6,27.55,32.62,13.73,175.0,0.276,30.0,17.14,9.0,5.14,0.653,0.061,20.55,11.01,13.8,24.82,34.39,12.39,142.0,0.175,36.0,25.35,14.0,9.86,0.5469999999999999,0.11099999999999999,32.52,16.32,15.26,31.58,32.13,20.93,122.0,0.275,31.0,25.41,12.0,9.84,0.847,0.2199999999999999,37.6,19.87,11.14,31.0,32.68,22.3
746377,2024-06-16,2024,668731,L,669854,R,field_out,False,False,32.0,0.154,7.0,21.88,5.0,15.62,0.666,0.231,31.75,15.87,10.32,26.19,31.88,20.59,347.0,0.218,87.0,25.07,42.0,12.1,0.688,0.158,25.51,11.78,14.66,26.44,24.86,21.97,139.0,0.182,31.0,22.3,14.0,10.07,0.618,0.173,24.81,11.82,14.64,26.46,26.84,19.75,104.0,0.221,21.0,20.19,16.0,15.38,0.7649999999999999,0.1979999999999999,28.05,13.84,10.94,24.78,25.22,14.58
746377,2024-06-16,2024,665161,R,663947,L,field_out,False,False,82.0,0.295,8.0,9.76,1.0,1.22,0.7829999999999999,0.179,22.89,13.38,12.32,25.7,39.72,9.64,174.0,0.325,22.0,12.64,9.0,5.17,0.8340000000000001,0.141,23.71,13.93,8.22,22.15,36.96,13.17,77.0,0.229,15.0,19.48,5.0,6.49,0.69,0.18499999999999997,24.31,12.64,15.16,27.8,42.38,18.29,202.0,0.209,42.0,20.79,14.0,6.93,0.642,0.171,28.53,13.97,16.84,30.81,30.71,18.58
746377,2024-06-16,2024,643289,R,663947,L,strikeout,True,False,54.0,0.314,3.0,5.56,2.0,3.7,0.823,0.176,19.82,12.29,8.38,20.67,42.22,5.88,117.0,0.327,12.0,10.26,6.0,5.13,0.859,0.1639999999999999,13.48,8.22,11.41,19.63,41.01,10.91,77.0,0.229,15.0,19.48,5.0,6.49,0.69,0.18499999999999997,24.31,12.64,15.16,27.8,42.38,18.29,202.0,0.209,42.0,20.79,14.0,6.93,0.642,0.171,28.53,13.97,16.84,30.81,30.71,18.58
746377,2024-06-16,2024,676694,R,663947,L,field_out,False,False,62.0,0.241,10.0,16.13,6.0,9.68,0.783,0.203,27.18,12.79,16.44,29.22,26.96,18.18,79.0,0.257,19.0,24.05,8.0,10.13,0.785,0.186,30.49,15.72,12.89,28.62,32.93,16.67,77.0,0.229,15.0,19.48,5.0,6.49,0.69,0.18499999999999997,24.31,12.64,15.16,27.8,42.38,18.29,202.0,0.209,42.0,20.79,14.0,6.93,0.642,0.171,28.53,13.97,16.84,30.81,30.71,18.58
746377,2024-06-16,2024,608348,R,519151,R,field_out,False,False,108.0,0.24,25.0,23.15,7.0,6.48,0.6930000000000001,0.135,23.96,10.45,20.68,31.14,23.47,17.86,108.0,0.198,27.0,25.0,6.0,5.56,0.479,0.0399999999999999,28.73,13.54,19.79,33.33,28.41,25.0,57.0,0.327,12.0,21.05,5.0,8.77,0.974,0.26499999999999996,28.18,14.83,13.88,28.71,31.25,19.67,130.0,0.222,36.0,27.69,10.0,7.69,0.593,0.094,31.52,16.14,16.14,32.27,33.46,24.32
746377,2024-06-16,2024,656716,L,519151,R,field_out,False,False,109.0,0.196,30.0,27.52,10.0,9.17,0.5640000000000001,0.09299999999999997,27.75,13.21,16.86,30.07,29.55,22.56,475.0,0.23,109.0,22.95,38.0,8.0,0.653,0.1259999999999999,21.06,10.13,16.08,26.2,28.04,19.12,63.0,0.281,23.0,36.51,4.0,6.35,0.6910000000000001,0.08699999999999997,30.58,13.7,19.26,32.96,28.99,24.73,138.0,0.217,38.0,27.54,6.0,4.35,0.649,0.178,31.54,15.68,16.63,32.31,35.45,25.0
746377,2024-06-16,2024,672761,L,519151,R,single,False,False,149.0,0.246,33.0,22.15,13.0,8.72,0.6990000000000001,0.14200000000000002,21.64,9.51,19.84,29.34,26.64,17.19,,,,,,,,,,,,,,,63.0,0.281,23.0,36.51,4.0,6.35,0.6910000000000001,0.08699999999999997,30.58,13.7,19.26,32.96,28.99,24.73,138.0,0.217,38.0,27.54,6.0,4.35,0.649,0.178,31.54,15.68,16.63,32.31,35.45,25.0
746377,2024-06-16,2024,663837,R,519151,R,field_out,False,False,166.0,0.26,37.0,22.29,9.0,5.42,0.8160000000000001,0.253,20.56,8.74,20.44,29.19,19.33,17.13,383.0,0.26,92.0,24.02,29.0,7.57,0.724,0.14,21.06,9.23,21.95,31.18,28.67,18.31,57.0,0.327,12.0,21.05,5.0,8.77,0.974,0.26499999999999996,28.18,14.83,13.88,28.71,31.25,19.67,130.0,0.222,36.0,27.69,10.0,7.69,0.593,0.094,31.52,16.14,16.14,32.27,33.46,24.32
746377,2024-06-16,2024,676801,R,671345,R,strikeout,True,False,85.0,0.221,27.0,31.76,6.0,7.06,0.594,0.091,35.09,17.24,15.23,32.47,31.91,22.61,319.0,0.25,82.0,25.71,27.0,8.46,0.769,0.186,28.62,13.94,15.79,29.73,30.75,21.75,59.0,0.273,12.0,20.34,3.0,5.08,0.6499999999999999,0.07199999999999995,21.11,10.33,20.65,30.98,30.95,27.91,171.0,0.222,30.0,17.54,7.0,4.09,0.506,0.0249999999999999,14.71,7.13,19.97,27.1,35.23,15.23
746377,2024-06-16,2024,514888,R,671345,R,walk,False,True,224.0,0.286,44.0,19.64,13.0,5.8,0.778,0.16200000000000003,20.24,10.44,17.23,27.67,38.63,19.47,297.0,0.322,55.0,18.52,32.0,10.77,0.941,0.218,19.43,8.47,19.0,27.48,31.81,17.74,59.0,0.273,12.0,20.34,3.0,5.08,0.6499999999999999,0.07199999999999995,21.11,10.33,20.65,30.98,30.95,27.91,171.0,0.222,30.0,17.54,7.0,4.09,0.506,0.0249999999999999,14.71,7.13,19.97,27.1,35.23,15.23
746377,2024-06-16,2024,608324,R,671345,R,field_out,False,False,195.0,0.26,35.0,17.95,17.0,8.72,0.764,0.174,15.85,7.06,18.87,25.93,23.98,14.34,508.0,0.282,67.0,13.19,65.0,12.8,0.8500000000000001,0.186,14.53,5.58,19.65,25.23,16.96,12.88,59.0,0.273,12.0,20.34,3.0,5.08,0.6499999999999999,0.07199999999999995,21.11,10.33,20.65,30.98,30.95,27.91,171.0,0.222,30.0,17.54,7.0,4.09,0.506,0.0249999999999999,14.71,7.13,19.97,27.1,35.23,15.23
746377,2024-06-16,2024,670541,L,671345,R,field_out,False,False,194.0,0.263,26.0,13.4,20.0,10.31,0.848,0.24,19.44,8.78,16.86,25.64,30.03,14.05,322.0,0.292,55.0,17.08,49.0,15.22,1.044,0.333,21.1,8.88,15.37,24.25,23.99,15.32,45.0,0.225,8.0,17.78,5.0,11.11,0.611,0.07499999999999998,21.74,10.64,17.02,27.66,24.1,11.76,106.0,0.299,25.0,23.58,8.0,7.55,0.847,0.196,22.89,10.82,13.41,24.24,29.46,19.83
746377,2024-06-16,2024,682985,L,623352,L,strikeout,True,False,67.0,0.177,18.0,26.87,4.0,5.97,0.5660000000000001,0.16200000000000003,24.41,11.27,20.36,31.64,24.58,18.37,93.0,0.279,30.0,32.26,7.0,7.53,0.6930000000000001,0.0809999999999999,30.96,15.64,16.92,32.56,32.98,21.74,24.0,0.095,12.0,50.0,2.0,8.33,0.357,0.095,41.82,22.12,13.46,35.58,34.62,35.29,47.0,0.231,16.0,34.04,6.0,12.77,0.589,0.0249999999999999,40.59,21.13,11.34,32.47,38.1,28.07
746377,2024-06-16,2024,592192,R,623352,L,single,False,False,59.0,0.265,14.0,23.73,9.0,15.25,0.859,0.20399999999999996,25.69,10.14,19.93,30.07,18.05,14.14,168.0,0.264,23.0,13.69,21.0,12.5,0.825,0.2,17.23,7.09,21.84,28.93,23.86,9.54,99.0,0.22,35.0,35.35,8.0,8.08,0.6459999999999999,0.143,36.57,18.81,13.57,32.38,31.8,24.65,184.0,0.146,69.0,37.5,24.0,13.04,0.489,0.071,31.35,15.37,13.74,29.1,32.49,22.62
746377,2024-06-16,2024,628451,R,623352,L,double,False,False,61.0,0.339,12.0,19.67,1.0,1.64,0.861,0.16099999999999998,29.75,16.82,11.68,28.5,38.94,22.64,118.0,0.261,24.0,20.34,6.0,5.08,0.8200000000000001,0.262,23.36,12.59,13.85,26.45,37.13,23.53,99.0,0.22,35.0,35.35,8.0,8.08,0.6459999999999999,0.143,36.57,18.81,13.57,32.38,31.8,24.65,184.0,0.146,69.0,37.5,24.0,13.04,0.489,0.071,31.35,15.37,13.74,29.1,32.49,22.62
746377,2024-06-16,2024,570482,R,623352,L,field_out,False,False,42.0,0.211,8.0,19.05,4.0,9.52,0.5229999999999999,0.025999999999999995,18.99,10.56,11.97,22.54,38.75,21.62,53.0,0.373,6.0,11.32,1.0,1.89,0.867,0.1169999999999999,13.56,7.96,11.94,19.9,44.55,8.82,99.0,0.22,35.0,35.35,8.0,8.08,0.6459999999999999,0.143,36.57,18.81,13.57,32.38,31.8,24.65,184.0,0.146,69.0,37.5,24.0,13.04,0.489,0.071,31.35,15.37,13.74,29.1,32.49,22.62
746377,2024-06-16,2024,668670,R,623352,L,strikeout,True,False,42.0,0.189,10.0,23.81,5.0,11.9,0.61,0.135,31.94,14.02,17.68,31.71,23.26,27.03,108.0,0.235,34.0,31.48,8.0,7.41,0.8600000000000001,0.326,32.64,14.72,17.76,32.48,23.9,29.06,99.0,0.22,35.0,35.35,8.0,8.08,0.6459999999999999,0.143,36.57,18.81,13.57,32.38,31.8,24.65,184.0,0.146,69.0,37.5,24.0,13.04,0.489,0.071,31.35,15.37,13.74,29.1,32.49,22.62
747189,2024-06-16,2024,502054,R,656756,L,field_out,False,False,35.0,0.233,8.0,22.86,4.0,11.43,0.81,0.234,19.23,7.58,21.97,29.55,20.31,19.51,177.0,0.245,35.0,19.77,19.0,10.73,0.787,0.22,18.15,7.08,21.25,28.33,19.5,17.41,192.0,0.341,23.0,11.98,16.0,8.33,0.97,0.23299999999999993,21.85,10.53,14.84,25.37,29.68,12.85,671.0,0.241,144.0,21.46,46.0,6.86,0.696,0.159,27.32,12.93,16.3,29.23,30.43,19.54
747189,2024-06-16,2024,683734,R,656756,L,single,False,False,56.0,0.259,9.0,16.07,2.0,3.57,0.712,0.16699999999999998,24.32,12.22,14.93,27.15,33.33,15.25,142.0,0.227,20.0,14.08,7.0,4.93,0.641,0.144,18.15,9.74,13.42,23.16,34.55,11.83,192.0,0.341,23.0,11.98,16.0,8.33,0.97,0.23299999999999993,21.85,10.53,14.84,25.37,29.68,12.85,671.0,0.241,144.0,21.46,46.0,6.86,0.696,0.159,27.32,12.93,16.3,29.23,30.43,19.54
747189,2024-06-16,2024,673357,R,656756,L,strikeout,True,False,15.0,0.273,4.0,26.67,4.0,26.67,0.831,0.09099999999999997,34.78,13.33,16.67,30.0,20.69,30.77,119.0,0.312,40.0,33.61,5.0,4.2,0.951,0.2749999999999999,35.71,20.75,11.2,31.95,42.19,22.1,192.0,0.341,23.0,11.98,16.0,8.33,0.97,0.23299999999999993,21.85,10.53,14.84,25.37,29.68,12.85,671.0,0.241,144.0,21.46,46.0,6.86,0.696,0.159,27.32,12.93,16.3,29.23,30.43,19.54
747189,2024-06-16,2024,657557,R,656756,L,field_out,False,False,58.0,0.17,19.0,32.76,3.0,5.17,0.601,0.207,38.64,22.67,8.89,31.56,29.63,26.39,119.0,0.217,35.0,29.41,9.0,7.56,0.635,0.1319999999999999,33.2,18.24,12.75,30.99,37.18,23.03,192.0,0.341,23.0,11.98,16.0,8.33,0.97,0.23299999999999993,21.85,10.53,14.84,25.37,29.68,12.85,671.0,0.241,144.0,21.46,46.0,6.86,0.696,0.159,27.32,12.93,16.3,29.23,30.43,19.54
747189,2024-06-16,2024,682998,L,689672,R,walk,False,True,204.0,0.219,37.0,18.14,24.0,11.76,0.64,0.10700000000000001,20.71,9.04,16.54,25.58,25.53,19.37,472.0,0.286,105.0,22.25,46.0,9.75,0.921,0.266,22.34,10.24,16.27,26.51,28.83,21.92,13.0,0.167,2.0,15.38,1.0,7.69,0.5640000000000001,0.166,25.0,10.77,16.92,27.69,21.62,8.33,,,,,,,,,,,,,,
747189,2024-06-16,2024,606466,L,689672,R,single,False,False,199.0,0.247,46.0,23.12,19.0,9.55,0.679,0.11499999999999999,24.86,11.71,14.34,26.05,24.87,20.18,452.0,0.259,85.0,18.81,54.0,11.95,0.827,0.2199999999999999,20.87,9.03,16.76,25.8,21.17,17.28,13.0,0.167,2.0,15.38,1.0,7.69,0.5640000000000001,0.166,25.0,10.77,16.92,27.69,21.62,8.33,,,,,,,,,,,,,,
747189,2024-06-16,2024,592626,L,689672,R,double,False,False,191.0,0.286,46.0,24.08,20.0,10.47,0.869,0.21100000000000002,24.18,11.15,17.29,28.45,29.4,19.91,373.0,0.241,74.0,19.84,49.0,13.14,0.786,0.194,24.13,10.89,15.07,25.96,29.36,16.09,13.0,0.167,2.0,15.38,1.0,7.69,0.5640000000000001,0.166,25.0,10.77,16.92,27.69,21.62,8.33,,,,,,,,,,,,,,
747189,2024-06-16,2024,572233,R,689672,R,home_run,False,False,224.0,0.245,54.0,24.11,25.0,11.16,0.8140000000000001,0.23399999999999999,26.14,12.67,12.99,25.66,25.3,17.25,497.0,0.259,95.0,19.11,42.0,8.45,0.8009999999999999,0.2129999999999999,26.19,12.83,14.15,26.98,26.84,15.33,9.0,0.125,2.0,22.22,1.0,11.11,0.472,0.125,25.0,12.12,18.18,30.3,29.41,18.18,,,,,,,,,,,,,,
747189,2024-06-16,2024,664983,L,689672,R,walk,False,True,142.0,0.246,26.0,18.31,13.0,9.15,0.7210000000000001,0.139,20.65,9.66,16.1,25.76,26.91,16.46,230.0,0.255,51.0,22.17,17.0,7.39,0.643,0.072,22.4,11.76,13.9,25.65,32.76,19.39,13.0,0.167,2.0,15.38,1.0,7.69,0.5640000000000001,0.166,25.0,10.77,16.92,27.69,21.62,8.33,,,,,,,,,,,,,,
747189,2024-06-16,2024,545341,R,689672,R,field_out,False,False,37.0,0.314,5.0,13.51,2.0,5.41,0.865,0.2,17.74,7.97,20.29,28.26,25.0,11.9,338.0,0.244,79.0,23.37,17.0,5.03,0.6950000000000001,0.157,28.73,14.51,15.56,30.06,36.02,21.7,9.0,0.125,2.0,22.22,1.0,11.11,0.472,0.125,25.0,12.12,18.18,30.3,29.41,18.18,,,,,,,,,,,,,,
747189,2024-06-16,2024,672515,R,689672,R,field_out,False,False,128.0,0.234,22.0,17.19,16.0,12.5,0.696,0.12599999999999997,18.1,7.25,21.92,29.17,20.0,14.19,264.0,0.253,43.0,16.29,24.0,9.09,0.6779999999999999,0.0989999999999999,19.31,7.98,21.75,29.72,25.58,15.58,9.0,0.125,2.0,22.22,1.0,11.11,0.472,0.125,25.0,12.12,18.18,30.3,29.41,18.18,,,,,,,,,,,,,,
747189,2024-06-16,2024,667452,R,656756,L,field_out,False,False,29.0,0.333,10.0,34.48,2.0,6.9,0.935,0.22300000000000003,29.31,14.41,18.64,33.05,37.93,25.0,76.0,0.233,19.0,25.0,2.0,2.63,0.62,0.1369999999999999,22.62,11.91,15.05,26.96,35.67,17.27,192.0,0.341,23.0,11.98,16.0,8.33,0.97,0.23299999999999993,21.85,10.53,14.84,25.37,29.68,12.85,671.0,0.241,144.0,21.46,46.0,6.86,0.696,0.159,27.32,12.93,16.3,29.23,30.43,19.54
747189,2024-06-16,2024,686676,R,656756,L,strikeout,True,False,44.0,0.31,11.0,25.0,2.0,4.55,0.746,0.09500000000000003,28.41,16.45,11.84,28.29,35.29,25.58,23.0,0.0,8.0,34.78,1.0,4.35,0.043,0.0,28.12,15.79,7.89,23.68,26.67,17.02,192.0,0.341,23.0,11.98,16.0,8.33,0.97,0.23299999999999993,21.85,10.53,14.84,25.37,29.68,12.85,671.0,0.241,144.0,21.46,46.0,6.86,0.696,0.159,27.32,12.93,16.3,29.23,30.43,19.54
747189,2024-06-16,2024,672820,R,656756,L,field_out,False,False,25.0,0.348,4.0,16.0,2.0,8.0,1.096,0.348,19.51,8.33,17.71,26.04,25.0,17.39,50.0,0.261,10.0,20.0,3.0,6.0,0.741,0.174,22.11,11.8,17.98,29.78,44.19,18.87,192.0,0.341,23.0,11.98,16.0,8.33,0.97,0.23299999999999993,21.85,10.53,14.84,25.37,29.68,12.85,671.0,0.241,144.0,21.46,46.0,6.86,0.696,0.159,27.32,12.93,16.3,29.23,30.43,19.54
747189,2024-06-16,2024,677942,R,689672,R,field_out,False,False,78.0,0.222,20.0,25.64,6.0,7.69,0.574,0.06999999999999998,31.97,16.26,14.19,30.45,36.42,22.73,,,,,,,,,,,,,,,9.0,0.125,2.0,22.22,1.0,11.11,0.472,0.125,25.0,12.12,18.18,30.3,29.41,18.18,,,,,,,,,,,,,,
747189,2024-06-16,2024,672695,L,689672,R,walk,False,True,30.0,0.308,3.0,10.0,3.0,10.0,0.746,0.03799999999999998,8.51,3.45,25.86,29.31,20.75,8.33,424.0,0.246,80.0,18.87,60.0,14.15,0.736,0.128,15.84,6.08,21.64,27.72,16.63,14.68,13.0,0.167,2.0,15.38,1.0,7.69,0.5640000000000001,0.166,25.0,10.77,16.92,27.69,21.62,8.33,,,,,,,,,,,,,,
747189,2024-06-16,2024,682998,L,689672,R,field_out,False,False,204.0,0.219,37.0,18.14,24.0,11.76,0.64,0.10700000000000001,20.71,9.04,16.54,25.58,25.53,19.37,472.0,0.286,105.0,22.25,46.0,9.75,0.921,0.266,22.34,10.24,16.27,26.51,28.83,21.92,13.0,0.167,2.0,15.38,1.0,7.69,0.5640000000000001,0.166,25.0,10.77,16.92,27.69,21.62,8.33,,,,,,,,,,,,,,
747189,2024-06-16,2024,606466,L,689672,R,field_out,False,False,199.0,0.247,46.0,23.12,19.0,9.55,0.679,0.11499999999999999,24.86,11.71,14.34,26.05,24.87,20.18,452.0,0.259,85.0,18.81,54.0,11.95,0.827,0.2199999999999999,20.87,9.03,16.76,25.8,21.17,17.28,13.0,0.167,2.0,15.38,1.0,7.69,0.5640000000000001,0.166,25.0,10.77,16.92,27.69,21.62,8.33,,,,,,,,,,,,,,
747189,2024-06-16,2024,664901,R,656756,L,single,False,False,35.0,0.281,7.0,20.0,3.0,8.57,0.905,0.281,20.31,9.42,15.22,24.64,22.97,20.59,41.0,0.225,10.0,24.39,1.0,2.44,0.544,0.0749999999999999,22.67,10.62,20.0,30.63,24.29,21.74,192.0,0.341,23.0,11.98,16.0,8.33,0.97,0.23299999999999993,21.85,10.53,14.84,25.37,29.68,12.85,671.0,0.241,144.0,21.46,46.0,6.86,0.696,0.159,27.32,12.93,16.3,29.23,30.43,19.54
747189,2024-06-16,2024,455117,R,656756,L,strikeout,True,False,37.0,0.03,12.0,32.43,1.0,2.7,0.089,0.0,30.77,14.18,22.7,36.88,28.57,26.67,99.0,0.239,35.0,35.35,10.0,10.1,0.8160000000000001,0.261,35.58,18.09,13.69,31.78,32.32,26.12,192.0,0.341,23.0,11.98,16.0,8.33,0.97,0.23299999999999993,21.85,10.53,14.84,25.37,29.68,12.85,671.0,0.241,144.0,21.46,46.0,6.86,0.696,0.159,27.32,12.93,16.3,29.23,30.43,19.54
747189,2024-06-16,2024,502054,R,656756,L,walk,False,True,35.0,0.233,8.0,22.86,4.0,11.43,0.81,0.234,19.23,7.58,21.97,29.55,20.31,19.51,177.0,0.245,35.0,19.77,19.0,10.73,0.787,0.22,18.15,7.08,21.25,28.33,19.5,17.41,192.0,0.341,23.0,11.98,16.0,8.33,0.97,0.23299999999999993,21.85,10.53,14.84,25.37,29.68,12.85,671.0,0.241,144.0,21.46,46.0,6.86,0.696,0.159,27.32,12.93,16.3,29.23,30.43,19.54
747189,2024-06-16,2024,683734,R,656756,L,field_out,False,False,56.0,0.259,9.0,16.07,2.0,3.57,0.712,0.16699999999999998,24.32,12.22,14.93,27.15,33.33,15.25,142.0,0.227,20.0,14.08,7.0,4.93,0.641,0.144,18.15,9.74,13.42,23.16,34.55,11.83,192.0,0.341,23.0,11.98,16.0,8.33,0.97,0.23299999999999993,21.85,10.53,14.84,25.37,29.68,12.85,671.0,0.241,144.0,21.46,46.0,6.86,0.696,0.159,27.32,12.93,16.3,29.23,30.43,19.54
747189,2024-06-16,2024,673357,R,656756,L,strikeout,True,False,15.0,0.273,4.0,26.67,4.0,26.67,0.831,0.09099999999999997,34.78,13.33,16.67,30.0,20.69,30.77,119.0,0.312,40.0,33.61,5.0,4.2,0.951,0.2749999999999999,35.71,20.75,11.2,31.95,42.19,22.1,192.0,0.341,23.0,11.98,16.0,8.33,0.97,0.23299999999999993,21.85,10.53,14.84,25.37,29.68,12.85,671.0,0.241,144.0,21.46,46.0,6.86,0.696,0.159,27.32,12.93,16.3,29.23,30.43,19.54
747189,2024-06-16,2024,592626,L,689672,R,walk,False,True,191.0,0.286,46.0,24.08,20.0,10.47,0.869,0.21100000000000002,24.18,11.15,17.29,28.45,29.4,19.91,373.0,0.241,74.0,19.84,49.0,13.14,0.786,0.194,24.13,10.89,15.07,25.96,29.36,16.09,13.0,0.167,2.0,15.38,1.0,7.69,0.5640000000000001,0.166,25.0,10.77,16.92,27.69,21.62,8.33,,,,,,,,,,,,,,
747189,2024-06-16,2024,572233,R,689672,R,single,False,False,224.0,0.245,54.0,24.11,25.0,11.16,0.8140000000000001,0.23399999999999999,26.14,12.67,12.99,25.66,25.3,17.25,497.0,0.259,95.0,19.11,42.0,8.45,0.8009999999999999,0.2129999999999999,26.19,12.83,14.15,26.98,26.84,15.33,9.0,0.125,2.0,22.22,1.0,11.11,0.472,0.125,25.0,12.12,18.18,30.3,29.41,18.18,,,,,,,,,,,,,,
747189,2024-06-16,2024,664983,L,689672,R,force_out,False,False,142.0,0.246,26.0,18.31,13.0,9.15,0.7210000000000001,0.139,20.65,9.66,16.1,25.76,26.91,16.46,230.0,0.255,51.0,22.17,17.0,7.39,0.643,0.072,22.4,11.76,13.9,25.65,32.76,19.39,13.0,0.167,2.0,15.38,1.0,7.69,0.5640000000000001,0.166,25.0,10.77,16.92,27.69,21.62,8.33,,,,,,,,,,,,,,
747189,2024-06-16,2024,545341,R,689672,R,field_out,False,False,37.0,0.314,5.0,13.51,2.0,5.41,0.865,0.2,17.74,7.97,20.29,28.26,25.0,11.9,338.0,0.244,79.0,23.37,17.0,5.03,0.6950000000000001,0.157,28.73,14.51,15.56,30.06,36.02,21.7,9.0,0.125,2.0,22.22,1.0,11.11,0.472,0.125,25.0,12.12,18.18,30.3,29.41,18.18,,,,,,,,,,,,,,
747189,2024-06-16,2024,672515,R,689672,R,field_out,False,False,128.0,0.234,22.0,17.19,16.0,12.5,0.696,0.12599999999999997,18.1,7.25,21.92,29.17,20.0,14.19,264.0,0.253,43.0,16.29,24.0,9.09,0.6779999999999999,0.0989999999999999,19.31,7.98,21.75,29.72,25.58,15.58,9.0,0.125,2.0,22.22,1.0,11.11,0.472,0.125,25.0,12.12,18.18,30.3,29.41,18.18,,,,,,,,,,,,,,
747189,2024-06-16,2024,657557,R,656756,L,field_out,False,False,58.0,0.17,19.0,32.76,3.0,5.17,0.601,0.207,38.64,22.67,8.89,31.56,29.63,26.39,119.0,0.217,35.0,29.41,9.0,7.56,0.635,0.1319999999999999,33.2,18.24,12.75,30.99,37.18,23.03,192.0,0.341,23.0,11.98,16.0,8.33,0.97,0.23299999999999993,21.85,10.53,14.84,25.37,29.68,12.85,671.0,0.241,144.0,21.46,46.0,6.86,0.696,0.159,27.32,12.93,16.3,29.23,30.43,19.54
747189,2024-06-16,2024,667452,R,656756,L,walk,False,True,29.0,0.333,10.0,34.48,2.0,6.9,0.935,0.22300000000000003,29.31,14.41,18.64,33.05,37.93,25.0,76.0,0.233,19.0,25.0,2.0,2.63,0.62,0.1369999999999999,22.62,11.91,15.05,26.96,35.67,17.27,192.0,0.341,23.0,11.98,16.0,8.33,0.97,0.23299999999999993,21.85,10.53,14.84,25.37,29.68,12.85,671.0,0.241,144.0,21.46,46.0,6.86,0.696,0.159,27.32,12.93,16.3,29.23,30.43,19.54
747189,2024-06-16,2024,686676,R,656756,L,force_out,False,False,44.0,0.31,11.0,25.0,2.0,4.55,0.746,0.09500000000000003,28.41,16.45,11.84,28.29,35.29,25.58,23.0,0.0,8.0,34.78,1.0,4.35,0.043,0.0,28.12,15.79,7.89,23.68,26.67,17.02,192.0,0.341,23.0,11.98,16.0,8.33,0.97,0.23299999999999993,21.85,10.53,14.84,25.37,29.68,12.85,671.0,0.241,144.0,21.46,46.0,6.86,0.696,0.159,27.32,12.93,16.3,29.23,30.43,19.54
747189,2024-06-16,2024,672820,R,656756,L,single,False,False,25.0,0.348,4.0,16.0,2.0,8.0,1.096,0.348,19.51,8.33,17.71,26.04,25.0,17.39,50.0,0.261,10.0,20.0,3.0,6.0,0.741,0.174,22.11,11.8,17.98,29.78,44.19,18.87,192.0,0.341,23.0,11.98,16.0,8.33,0.97,0.23299999999999993,21.85,10.53,14.84,25.37,29.68,12.85,671.0,0.241,144.0,21.46,46.0,6.86,0.696,0.159,27.32,12.93,16.3,29.23,30.43,19.54
747189,2024-06-16,2024,664901,R,656756,L,field_out,False,False,35.0,0.281,7.0,20.0,3.0,8.57,0.905,0.281,20.31,9.42,15.22,24.64,22.97,20.59,41.0,0.225,10.0,24.39,1.0,2.44,0.544,0.0749999999999999,22.67,10.62,20.0,30.63,24.29,21.74,192.0,0.341,23.0,11.98,16.0,8.33,0.97,0.23299999999999993,21.85,10.53,14.84,25.37,29.68,12.85,671.0,0.241,144.0,21.46,46.0,6.86,0.696,0.159,27.32,12.93,16.3,29.23,30.43,19.54
747189,2024-06-16,2024,677942,R,689672,R,single,False,False,78.0,0.222,20.0,25.64,6.0,7.69,0.574,0.06999999999999998,31.97,16.26,14.19,30.45,36.42,22.73,,,,,,,,,,,,,,,9.0,0.125,2.0,22.22,1.0,11.11,0.472,0.125,25.0,12.12,18.18,30.3,29.41,18.18,,,,,,,,,,,,,,
747189,2024-06-16,2024,672695,L,689672,R,single,False,False,30.0,0.308,3.0,10.0,3.0,10.0,0.746,0.03799999999999998,8.51,3.45,25.86,29.31,20.75,8.33,424.0,0.246,80.0,18.87,60.0,14.15,0.736,0.128,15.84,6.08,21.64,27.72,16.63,14.68,13.0,0.167,2.0,15.38,1.0,7.69,0.5640000000000001,0.166,25.0,10.77,16.92,27.69,21.62,8.33,,,,,,,,,,,,,,
747189,2024-06-16,2024,682998,L,689672,R,walk,False,True,204.0,0.219,37.0,18.14,24.0,11.76,0.64,0.10700000000000001,20.71,9.04,16.54,25.58,25.53,19.37,472.0,0.286,105.0,22.25,46.0,9.75,0.921,0.266,22.34,10.24,16.27,26.51,28.83,21.92,13.0,0.167,2.0,15.38,1.0,7.69,0.5640000000000001,0.166,25.0,10.77,16.92,27.69,21.62,8.33,,,,,,,,,,,,,,
747189,2024-06-16,2024,606466,L,689672,R,sac_fly,False,False,199.0,0.247,46.0,23.12,19.0,9.55,0.679,0.11499999999999999,24.86,11.71,14.34,26.05,24.87,20.18,452.0,0.259,85.0,18.81,54.0,11.95,0.827,0.2199999999999999,20.87,9.03,16.76,25.8,21.17,17.28,13.0,0.167,2.0,15.38,1.0,7.69,0.5640000000000001,0.166,25.0,10.77,16.92,27.69,21.62,8.33,,,,,,,,,,,,,,
747189,2024-06-16,2024,592626,L,689672,R,catcher_interf,False,False,191.0,0.286,46.0,24.08,20.0,10.47,0.869,0.21100000000000002,24.18,11.15,17.29,28.45,29.4,19.91,373.0,0.241,74.0,19.84,49.0,13.14,0.786,0.194,24.13,10.89,15.07,25.96,29.36,16.09,13.0,0.167,2.0,15.38,1.0,7.69,0.5640000000000001,0.166,25.0,10.77,16.92,27.69,21.62,8.33,,,,,,,,,,,,,,
747189,2024-06-16,2024,572233,R,641771,R,double,False,False,224.0,0.245,54.0,24.11,25.0,11.16,0.8140000000000001,0.23399999999999999,26.14,12.67,12.99,25.66,25.3,17.25,497.0,0.259,95.0,19.11,42.0,8.45,0.8009999999999999,0.2129999999999999,26.19,12.83,14.15,26.98,26.84,15.33,,,,,,,,,,,,,,,94.0,0.316,17.0,18.09,15.0,15.96,1.031,0.289,30.28,11.53,17.43,28.95,21.67,19.77
747189,2024-06-16,2024,664983,L,641771,R,sac_fly,False,False,142.0,0.246,26.0,18.31,13.0,9.15,0.7210000000000001,0.139,20.65,9.66,16.1,25.76,26.91,16.46,230.0,0.255,51.0,22.17,17.0,7.39,0.643,0.072,22.4,11.76,13.9,25.65,32.76,19.39,,,,,,,,,,,,,,,94.0,0.311,14.0,14.89,13.0,13.83,0.94,0.216,23.56,10.22,11.97,22.19,19.16,12.07
747189,2024-06-16,2024,545341,R,641771,R,walk,False,True,37.0,0.314,5.0,13.51,2.0,5.41,0.865,0.2,17.74,7.97,20.29,28.26,25.0,11.9,338.0,0.244,79.0,23.37,17.0,5.03,0.6950000000000001,0.157,28.73,14.51,15.56,30.06,36.02,21.7,,,,,,,,,,,,,,,94.0,0.316,17.0,18.09,15.0,15.96,1.031,0.289,30.28,11.53,17.43,28.95,21.67,19.77
747189,2024-06-16,2024,672515,R,641771,R,walk,False,True,128.0,0.234,22.0,17.19,16.0,12.5,0.696,0.12599999999999997,18.1,7.25,21.92,29.17,20.0,14.19,264.0,0.253,43.0,16.29,24.0,9.09,0.6779999999999999,0.0989999999999999,19.31,7.98,21.75,29.72,25.58,15.58,,,,,,,,,,,,,,,94.0,0.316,17.0,18.09,15.0,15.96,1.031,0.289,30.28,11.53,17.43,28.95,21.67,19.77
747189,2024-06-16,2024,677942,R,641771,R,field_out,False,False,78.0,0.222,20.0,25.64,6.0,7.69,0.574,0.06999999999999998,31.97,16.26,14.19,30.45,36.42,22.73,,,,,,,,,,,,,,,,,,,,,,,,,,,,,94.0,0.316,17.0,18.09,15.0,15.96,1.031,0.289,30.28,11.53,17.43,28.95,21.67,19.77
747189,2024-06-16,2024,455117,R,656756,L,strikeout,True,False,37.0,0.03,12.0,32.43,1.0,2.7,0.089,0.0,30.77,14.18,22.7,36.88,28.57,26.67,99.0,0.239,35.0,35.35,10.0,10.1,0.8160000000000001,0.261,35.58,18.09,13.69,31.78,32.32,26.12,192.0,0.341,23.0,11.98,16.0,8.33,0.97,0.23299999999999993,21.85,10.53,14.84,25.37,29.68,12.85,671.0,0.241,144.0,21.46,46.0,6.86,0.696,0.159,27.32,12.93,16.3,29.23,30.43,19.54
747189,2024-06-16,2024,502054,R,656756,L,single,False,False,35.0,0.233,8.0,22.86,4.0,11.43,0.81,0.234,19.23,7.58,21.97,29.55,20.31,19.51,177.0,0.245,35.0,19.77,19.0,10.73,0.787,0.22,18.15,7.08,21.25,28.33,19.5,17.41,192.0,0.341,23.0,11.98,16.0,8.33,0.97,0.23299999999999993,21.85,10.53,14.84,25.37,29.68,12.85,671.0,0.241,144.0,21.46,46.0,6.86,0.696,0.159,27.32,12.93,16.3,29.23,30.43,19.54
747189,2024-06-16,2024,683734,R,656756,L,strikeout,True,False,56.0,0.259,9.0,16.07,2.0,3.57,0.712,0.16699999999999998,24.32,12.22,14.93,27.15,33.33,15.25,142.0,0.227,20.0,14.08,7.0,4.93,0.641,0.144,18.15,9.74,13.42,23.16,34.55,11.83,192.0,0.341,23.0,11.98,16.0,8.33,0.97,0.23299999999999993,21.85,10.53,14.84,25.37,29.68,12.85,671.0,0.241,144.0,21.46,46.0,6.86,0.696,0.159,27.32,12.93,16.3,29.23,30.43,19.54
747189,2024-06-16,2024,673357,R,656756,L,strikeout,True,False,15.0,0.273,4.0,26.67,4.0,26.67,0.831,0.09099999999999997,34.78,13.33,16.67,30.0,20.69,30.77,119.0,0.312,40.0,33.61,5.0,4.2,0.951,0.2749999999999999,35.71,20.75,11.2,31.95,42.19,22.1,192.0,0.341,23.0,11.98,16.0,8.33,0.97,0.23299999999999993,21.85,10.53,14.84,25.37,29.68,12.85,671.0,0.241,144.0,21.46,46.0,6.86,0.696,0.159,27.32,12.93,16.3,29.23,30.43,19.54
747189,2024-06-16,2024,672695,L,641771,R,strikeout,True,False,30.0,0.308,3.0,10.0,3.0,10.0,0.746,0.03799999999999998,8.51,3.45,25.86,29.31,20.75,8.33,424.0,0.246,80.0,18.87,60.0,14.15,0.736,0.128,15.84,6.08,21.64,27.72,16.63,14.68,,,,,,,,,,,,,,,94.0,0.311,14.0,14.89,13.0,13.83,0.94,0.216,23.56,10.22,11.97,22.19,19.16,12.07
747189,2024-06-16,2024,682998,L,641771,R,field_out,False,False,204.0,0.219,37.0,18.14,24.0,11.76,0.64,0.10700000000000001,20.71,9.04,16.54,25.58,25.53,19.37,472.0,0.286,105.0,22.25,46.0,9.75,0.921,0.266,22.34,10.24,16.27,26.51,28.83,21.92,,,,,,,,,,,,,,,94.0,0.311,14.0,14.89,13.0,13.83,0.94,0.216,23.56,10.22,11.97,22.19,19.16,12.07
747189,2024-06-16,2024,606466,L,641771,R,field_out,False,False,199.0,0.247,46.0,23.12,19.0,9.55,0.679,0.11499999999999999,24.86,11.71,14.34,26.05,24.87,20.18,452.0,0.259,85.0,18.81,54.0,11.95,0.827,0.2199999999999999,20.87,9.03,16.76,25.8,21.17,17.28,,,,,,,,,,,,,,,94.0,0.311,14.0,14.89,13.0,13.83,0.94,0.216,23.56,10.22,11.97,22.19,19.16,12.07
747189,2024-06-16,2024,657557,R,656464,R,field_out,False,False,176.0,0.264,56.0,31.82,6.0,3.41,0.833,0.257,32.74,19.16,9.58,28.74,33.55,25.11,281.0,0.203,86.0,30.6,12.0,4.27,0.603,0.1539999999999999,36.49,19.09,15.38,34.47,35.28,34.68,53.0,0.286,6.0,11.32,2.0,3.77,0.7070000000000001,0.08100000000000002,18.95,9.09,15.15,24.24,26.6,11.76,151.0,0.185,41.0,27.15,13.0,8.61,0.5469999999999999,0.1039999999999999,30.77,14.13,15.57,29.7,28.31,21.24
747189,2024-06-16,2024,667452,R,656464,R,field_out,False,False,64.0,0.207,14.0,21.88,6.0,9.38,0.643,0.155,22.31,9.96,18.45,28.41,29.29,14.89,250.0,0.249,56.0,22.4,20.0,8.0,0.659,0.0979999999999999,26.42,11.51,19.54,31.05,28.57,19.44,53.0,0.286,6.0,11.32,2.0,3.77,0.7070000000000001,0.08100000000000002,18.95,9.09,15.15,24.24,26.6,11.76,151.0,0.185,41.0,27.15,13.0,8.61,0.5469999999999999,0.1039999999999999,30.77,14.13,15.57,29.7,28.31,21.24
747189,2024-06-16,2024,686676,R,656464,R,strikeout,True,False,131.0,0.226,39.0,29.77,6.0,4.58,0.649,0.161,39.13,22.45,10.81,33.26,34.82,24.05,47.0,0.116,12.0,25.53,4.0,8.51,0.4,0.0929999999999999,33.71,18.07,13.25,31.33,34.15,23.53,53.0,0.286,6.0,11.32,2.0,3.77,0.7070000000000001,0.08100000000000002,18.95,9.09,15.15,24.24,26.6,11.76,151.0,0.185,41.0,27.15,13.0,8.61,0.5469999999999999,0.1039999999999999,30.77,14.13,15.57,29.7,28.31,21.24
747189,2024-06-16,2024,592626,L,641771,R,walk,False,True,191.0,0.286,46.0,24.08,20.0,10.47,0.869,0.21100000000000002,24.18,11.15,17.29,28.45,29.4,19.91,373.0,0.241,74.0,19.84,49.0,13.14,0.786,0.194,24.13,10.89,15.07,25.96,29.36,16.09,,,,,,,,,,,,,,,94.0,0.311,14.0,14.89,13.0,13.83,0.94,0.216,23.56,10.22,11.97,22.19,19.16,12.07
747189,2024-06-16,2024,572233,R,641771,R,strikeout,True,False,224.0,0.245,54.0,24.11,25.0,11.16,0.8140000000000001,0.23399999999999999,26.14,12.67,12.99,25.66,25.3,17.25,497.0,0.259,95.0,19.11,42.0,8.45,0.8009999999999999,0.2129999999999999,26.19,12.83,14.15,26.98,26.84,15.33,,,,,,,,,,,,,,,94.0,0.316,17.0,18.09,15.0,15.96,1.031,0.289,30.28,11.53,17.43,28.95,21.67,19.77
747189,2024-06-16,2024,664983,L,641771,R,triple,False,False,142.0,0.246,26.0,18.31,13.0,9.15,0.7210000000000001,0.139,20.65,9.66,16.1,25.76,26.91,16.46,230.0,0.255,51.0,22.17,17.0,7.39,0.643,0.072,22.4,11.76,13.9,25.65,32.76,19.39,,,,,,,,,,,,,,,94.0,0.311,14.0,14.89,13.0,13.83,0.94,0.216,23.56,10.22,11.97,22.19,19.16,12.07
747189,2024-06-16,2024,545341,R,641771,R,field_out,False,False,37.0,0.314,5.0,13.51,2.0,5.41,0.865,0.2,17.74,7.97,20.29,28.26,25.0,11.9,338.0,0.244,79.0,23.37,17.0,5.03,0.6950000000000001,0.157,28.73,14.51,15.56,30.06,36.02,21.7,,,,,,,,,,,,,,,94.0,0.316,17.0,18.09,15.0,15.96,1.031,0.289,30.28,11.53,17.43,28.95,21.67,19.77
747189,2024-06-16,2024,672515,R,641771,R,strikeout,True,False,128.0,0.234,22.0,17.19,16.0,12.5,0.696,0.12599999999999997,18.1,7.25,21.92,29.17,20.0,14.19,264.0,0.253,43.0,16.29,24.0,9.09,0.6779999999999999,0.0989999999999999,19.31,7.98,21.75,29.72,25.58,15.58,,,,,,,,,,,,,,,94.0,0.316,17.0,18.09,15.0,15.96,1.031,0.289,30.28,11.53,17.43,28.95,21.67,19.77
747189,2024-06-16,2024,672820,R,679885,R,single,False,False,65.0,0.213,17.0,26.15,2.0,3.08,0.512,0.049000000000000016,26.4,13.87,19.75,33.61,39.45,23.61,123.0,0.178,30.0,24.39,2.0,1.63,0.504,0.136,24.69,13.05,16.81,29.87,39.56,22.39,60.0,0.216,16.0,26.67,9.0,15.0,0.549,0.0,37.27,16.33,19.12,35.46,28.1,19.51,32.0,0.192,9.0,28.12,4.0,12.5,0.6519999999999999,0.1159999999999999,36.73,14.75,17.21,31.97,22.73,33.33
747189,2024-06-16,2024,664901,R,679885,R,field_out,False,False,69.0,0.167,19.0,27.54,1.0,1.45,0.41800000000000004,0.06,31.45,15.85,18.7,34.55,32.17,26.03,29.0,0.12,5.0,17.24,3.0,10.34,0.4539999999999999,0.12,26.53,11.21,21.55,32.76,20.83,12.5,60.0,0.216,16.0,26.67,9.0,15.0,0.549,0.0,37.27,16.33,19.12,35.46,28.1,19.51,32.0,0.192,9.0,28.12,4.0,12.5,0.6519999999999999,0.1159999999999999,36.73,14.75,17.21,31.97,22.73,33.33
747189,2024-06-16,2024,455117,R,679885,R,field_out,False,False,78.0,0.111,28.0,35.9,5.0,6.41,0.35,0.06999999999999999,36.3,18.47,18.47,36.93,35.34,31.03,308.0,0.175,104.0,33.77,20.0,6.49,0.538,0.124,33.85,16.55,17.4,33.96,32.93,28.3,60.0,0.216,16.0,26.67,9.0,15.0,0.549,0.0,37.27,16.33,19.12,35.46,28.1,19.51,32.0,0.192,9.0,28.12,4.0,12.5,0.6519999999999999,0.1159999999999999,36.73,14.75,17.21,31.97,22.73,33.33
747189,2024-06-16,2024,502054,R,679885,R,single,False,False,116.0,0.284,24.0,20.69,7.0,6.03,0.6950000000000001,0.08300000000000002,23.44,9.64,22.06,31.69,18.66,17.65,304.0,0.262,71.0,23.36,28.0,9.21,0.767,0.173,26.61,10.98,19.38,30.37,21.23,21.19,60.0,0.216,16.0,26.67,9.0,15.0,0.549,0.0,37.27,16.33,19.12,35.46,28.1,19.51,32.0,0.192,9.0,28.12,4.0,12.5,0.6519999999999999,0.1159999999999999,36.73,14.75,17.21,31.97,22.73,33.33
747189,2024-06-16,2024,683734,R,679885,R,single,False,False,216.0,0.218,53.0,24.54,15.0,6.94,0.6579999999999999,0.158,22.39,10.56,17.61,28.17,29.86,19.63,474.0,0.267,109.0,23.0,29.0,6.12,0.774,0.18,26.24,11.95,18.94,30.89,30.92,21.51,60.0,0.216,16.0,26.67,9.0,15.0,0.549,0.0,37.27,16.33,19.12,35.46,28.1,19.51,32.0,0.192,9.0,28.12,4.0,12.5,0.6519999999999999,0.1159999999999999,36.73,14.75,17.21,31.97,22.73,33.33
747189,2024-06-16,2024,693049,L,679885,R,strikeout,True,False,29.0,0.28,5.0,17.24,3.0,10.34,0.659,0.0,20.75,10.89,16.83,27.72,32.0,18.52,200.0,0.225,54.0,27.0,9.0,4.5,0.5840000000000001,0.096,31.03,16.83,13.63,30.46,39.85,27.84,41.0,0.114,12.0,29.27,5.0,12.2,0.368,0.028999999999999984,29.49,13.37,17.44,30.81,26.97,21.43,25.0,0.444,5.0,20.0,7.0,28.0,1.4329999999999998,0.3889999999999999,28.89,11.02,13.56,24.58,32.39,14.71
747189,2024-06-16,2024,677942,R,605121,R,field_out,False,False,78.0,0.222,20.0,25.64,6.0,7.69,0.574,0.06999999999999998,31.97,16.26,14.19,30.45,36.42,22.73,,,,,,,,,,,,,,,39.0,0.303,10.0,25.64,5.0,12.82,0.895,0.182,37.14,16.35,18.87,35.22,36.96,16.36,,,,,,,,,,,,,,
747189,2024-06-16,2024,672695,L,605121,R,strikeout,True,False,30.0,0.308,3.0,10.0,3.0,10.0,0.746,0.03799999999999998,8.51,3.45,25.86,29.31,20.75,8.33,424.0,0.246,80.0,18.87,60.0,14.15,0.736,0.128,15.84,6.08,21.64,27.72,16.63,14.68,19.0,0.188,4.0,21.05,2.0,10.53,0.504,0.0,15.62,7.04,16.9,23.94,26.32,18.18,,,,,,,,,,,,,,
747189,2024-06-16,2024,666971,R,605121,R,strikeout,True,False,201.0,0.216,39.0,19.4,9.0,4.48,0.591,0.11600000000000002,21.05,10.58,16.27,26.85,31.65,17.81,433.0,0.247,85.0,19.63,21.0,4.85,0.756,0.22,20.07,9.99,16.64,26.63,31.06,17.82,39.0,0.303,10.0,25.64,5.0,12.82,0.895,0.182,37.14,16.35,18.87,35.22,36.96,16.36,,,,,,,,,,,,,,
747189,2024-06-16,2024,657557,R,657044,R,single,False,False,176.0,0.264,56.0,31.82,6.0,3.41,0.833,0.257,32.74,19.16,9.58,28.74,33.55,25.11,281.0,0.203,86.0,30.6,12.0,4.27,0.603,0.1539999999999999,36.49,19.09,15.38,34.47,35.28,34.68,58.0,0.228,14.0,24.14,1.0,1.72,0.5389999999999999,0.06999999999999998,22.81,11.98,18.43,30.41,39.13,18.42,73.0,0.169,14.0,19.18,7.0,9.59,0.5980000000000001,0.169,19.13,8.09,20.96,29.04,23.62,20.9
747189,2024-06-16,2024,667452,R,657044,R,strikeout,True,False,64.0,0.207,14.0,21.88,6.0,9.38,0.643,0.155,22.31,9.96,18.45,28.41,29.29,14.89,250.0,0.249,56.0,22.4,20.0,8.0,0.659,0.0979999999999999,26.42,11.51,19.54,31.05,28.57,19.44,58.0,0.228,14.0,24.14,1.0,1.72,0.5389999999999999,0.06999999999999998,22.81,11.98,18.43,30.41,39.13,18.42,73.0,0.169,14.0,19.18,7.0,9.59,0.5980000000000001,0.169,19.13,8.09,20.96,29.04,23.62,20.9
747189,2024-06-16,2024,686676,R,657044,R,grounded_into_double_play,False,False,131.0,0.226,39.0,29.77,6.0,4.58,0.649,0.161,39.13,22.45,10.81,33.26,34.82,24.05,47.0,0.116,12.0,25.53,4.0,8.51,0.4,0.0929999999999999,33.71,18.07,13.25,31.33,34.15,23.53,58.0,0.228,14.0,24.14,1.0,1.72,0.5389999999999999,0.06999999999999998,22.81,11.98,18.43,30.41,39.13,18.42,73.0,0.169,14.0,19.18,7.0,9.59,0.5980000000000001,0.169,19.13,8.09,20.96,29.04,23.62,20.9
747189,2024-06-16,2024,621028,R,694363,L,single,False,False,59.0,0.293,6.0,10.17,1.0,1.69,0.753,0.15500000000000003,9.82,5.42,15.27,20.69,34.04,10.91,110.0,0.278,16.0,14.55,10.0,9.09,0.813,0.186,14.21,6.42,19.26,25.68,27.4,13.79,75.0,0.206,10.0,13.33,11.0,14.67,0.653,0.12700000000000003,23.08,9.43,12.89,22.33,21.28,13.33,179.0,0.27,22.0,12.29,19.0,10.61,0.7989999999999999,0.177,20.58,9.6,15.74,25.34,24.62,12.15
747189,2024-06-16,2024,592626,L,694363,L,strikeout,True,False,10.0,0.286,4.0,40.0,2.0,20.0,1.357,0.571,25.0,7.32,29.27,36.59,16.67,50.0,52.0,0.186,15.0,28.85,8.0,15.38,0.6060000000000001,0.093,27.91,11.21,17.76,28.97,22.03,25.0,45.0,0.3,5.0,11.11,2.0,4.44,0.718,0.10000000000000003,19.32,10.97,11.61,22.58,29.17,12.2,51.0,0.238,8.0,15.69,7.0,13.73,0.738,0.167,25.3,10.66,17.26,27.92,21.82,14.29
747189,2024-06-16,2024,572233,R,694363,L,grounded_into_double_play,False,False,80.0,0.264,26.0,32.5,7.0,8.75,0.756,0.16699999999999998,30.3,14.16,16.15,30.31,24.43,20.16,168.0,0.255,32.0,19.05,20.0,11.9,0.922,0.3189999999999999,27.22,12.57,12.85,25.42,24.16,14.55,75.0,0.206,10.0,13.33,11.0,14.67,0.653,0.12700000000000003,23.08,9.43,12.89,22.33,21.28,13.33,179.0,0.27,22.0,12.29,19.0,10.61,0.7989999999999999,0.177,20.58,9.6,15.74,25.34,24.62,12.15
747189,2024-06-16,2024,672820,R,573009,L,strikeout,True,False,25.0,0.348,4.0,16.0,2.0,8.0,1.096,0.348,19.51,8.33,17.71,26.04,25.0,17.39,50.0,0.261,10.0,20.0,3.0,6.0,0.741,0.174,22.11,11.8,17.98,29.78,44.19,18.87,53.0,0.213,10.0,18.87,6.0,11.32,0.621,0.10600000000000001,32.0,15.84,11.39,27.23,35.78,19.23,90.0,0.277,13.0,14.44,7.0,7.78,0.875,0.265,21.12,10.49,15.43,25.93,33.13,16.25
747189,2024-06-16,2024,664901,R,573009,L,field_out,False,False,35.0,0.281,7.0,20.0,3.0,8.57,0.905,0.281,20.31,9.42,15.22,24.64,22.97,20.59,41.0,0.225,10.0,24.39,1.0,2.44,0.544,0.0749999999999999,22.67,10.62,20.0,30.63,24.29,21.74,53.0,0.213,10.0,18.87,6.0,11.32,0.621,0.10600000000000001,32.0,15.84,11.39,27.23,35.78,19.23,90.0,0.277,13.0,14.44,7.0,7.78,0.875,0.265,21.12,10.49,15.43,25.93,33.13,16.25
747189,2024-06-16,2024,455117,R,573009,L,walk,False,True,37.0,0.03,12.0,32.43,1.0,2.7,0.089,0.0,30.77,14.18,22.7,36.88,28.57,26.67,99.0,0.239,35.0,35.35,10.0,10.1,0.8160000000000001,0.261,35.58,18.09,13.69,31.78,32.32,26.12,53.0,0.213,10.0,18.87,6.0,11.32,0.621,0.10600000000000001,32.0,15.84,11.39,27.23,35.78,19.23,90.0,0.277,13.0,14.44,7.0,7.78,0.875,0.265,21.12,10.49,15.43,25.93,33.13,16.25
747189,2024-06-16,2024,502054,R,573009,L,double,False,False,35.0,0.233,8.0,22.86,4.0,11.43,0.81,0.234,19.23,7.58,21.97,29.55,20.31,19.51,177.0,0.245,35.0,19.77,19.0,10.73,0.787,0.22,18.15,7.08,21.25,28.33,19.5,17.41,53.0,0.213,10.0,18.87,6.0,11.32,0.621,0.10600000000000001,32.0,15.84,11.39,27.23,35.78,19.23,90.0,0.277,13.0,14.44,7.0,7.78,0.875,0.265,21.12,10.49,15.43,25.93,33.13,16.25
747189,2024-06-16,2024,683734,R,573009,L,single,False,False,56.0,0.259,9.0,16.07,2.0,3.57,0.712,0.16699999999999998,24.32,12.22,14.93,27.15,33.33,15.25,142.0,0.227,20.0,14.08,7.0,4.93,0.641,0.144,18.15,9.74,13.42,23.16,34.55,11.83,53.0,0.213,10.0,18.87,6.0,11.32,0.621,0.10600000000000001,32.0,15.84,11.39,27.23,35.78,19.23,90.0,0.277,13.0,14.44,7.0,7.78,0.875,0.265,21.12,10.49,15.43,25.93,33.13,16.25
747189,2024-06-16,2024,693049,L,573009,L,single,False,False,3.0,0.333,2.0,66.67,0.0,0.0,0.666,0.0,60.0,30.0,30.0,60.0,60.0,50.0,63.0,0.19,17.0,26.98,3.0,4.76,0.5309999999999999,0.1029999999999999,34.51,17.73,16.82,34.55,39.82,27.42,49.0,0.208,11.0,22.45,1.0,2.04,0.557,0.12500000000000003,24.72,13.17,19.16,32.34,41.77,22.45,67.0,0.185,15.0,22.39,2.0,2.99,0.44,0.046,26.02,12.75,19.52,32.27,37.1,20.0
747189,2024-06-16,2024,657557,R,623149,R,field_out,False,False,176.0,0.264,56.0,31.82,6.0,3.41,0.833,0.257,32.74,19.16,9.58,28.74,33.55,25.11,281.0,0.203,86.0,30.6,12.0,4.27,0.603,0.1539999999999999,36.49,19.09,15.38,34.47,35.28,34.68,23.0,0.095,6.0,26.09,0.0,0.0,0.412,0.143,25.0,15.46,13.4,28.87,21.88,16.22,129.0,0.214,41.0,31.78,9.0,6.98,0.6060000000000001,0.119,29.35,15.31,15.5,30.81,33.61,22.65
747109,2024-06-16,2024,650490,R,694462,R,double,False,False,228.0,0.245,35.0,15.35,22.0,9.65,0.663,0.09300000000000003,11.98,5.21,17.23,22.45,22.9,12.54,462.0,0.322,72.0,15.58,49.0,10.61,0.881,0.1559999999999999,18.95,8.0,18.68,26.68,19.71,15.69,6.0,0.333,0.0,0.0,3.0,50.0,1.0,0.0,0.0,0.0,28.57,28.57,0.0,0.0,,,,,,,,,,,,,,
747109,2024-06-16,2024,664040,L,694462,R,walk,False,True,89.0,0.173,20.0,22.47,11.0,12.36,0.636,0.16000000000000003,27.27,13.85,10.15,24.0,26.86,22.47,374.0,0.241,103.0,27.54,42.0,11.23,0.813,0.237,31.86,16.63,11.13,27.77,30.39,21.33,13.0,0.273,1.0,7.69,1.0,7.69,0.8780000000000001,0.272,30.43,17.07,14.63,31.71,29.41,6.67,,,,,,,,,,,,,,
747109,2024-06-16,2024,670623,R,694462,R,grounded_into_double_play,False,False,208.0,0.294,31.0,14.9,20.0,9.62,0.877,0.20600000000000002,15.65,7.02,18.85,25.86,27.65,8.88,438.0,0.247,82.0,18.72,43.0,9.82,0.86,0.266,18.6,8.55,16.71,25.26,28.98,14.09,6.0,0.333,0.0,0.0,3.0,50.0,1.0,0.0,0.0,0.0,28.57,28.57,0.0,0.0,,,,,,,,,,,,,,
747109,2024-06-16,2024,666139,L,694462,R,walk,False,True,68.0,0.2,20.0,29.41,6.0,8.82,0.619,0.14999999999999997,26.28,13.31,13.96,27.27,30.77,17.86,435.0,0.3,104.0,23.91,27.0,6.21,0.8540000000000001,0.211,29.41,15.52,12.38,27.9,34.65,18.39,13.0,0.273,1.0,7.69,1.0,7.69,0.8780000000000001,0.272,30.43,17.07,14.63,31.71,29.41,6.67,,,,,,,,,,,,,,
747109,2024-06-16,2024,668227,R,694462,R,single,False,False,203.0,0.173,58.0,28.57,18.0,8.87,0.569,0.134,35.75,15.13,19.45,34.58,25.44,19.86,517.0,0.254,119.0,23.02,62.0,11.99,0.7769999999999999,0.1589999999999999,29.93,12.82,18.77,31.59,26.93,19.44,6.0,0.333,0.0,0.0,3.0,50.0,1.0,0.0,0.0,0.0,28.57,28.57,0.0,0.0,,,,,,,,,,,,,,
747109,2024-06-16,2024,680700,L,694462,R,caught_stealing_2b,False,False,180.0,0.23,44.0,24.44,21.0,11.67,0.675,0.11200000000000002,28.36,13.72,13.86,27.58,27.4,20.47,82.0,0.216,10.0,12.2,6.0,7.32,0.7390000000000001,0.243,15.71,6.75,18.4,25.15,18.99,10.75,13.0,0.273,1.0,7.69,1.0,7.69,0.8780000000000001,0.272,30.43,17.07,14.63,31.71,29.41,6.67,,,,,,,,,,,,,,
747109,2024-06-16,2024,672284,L,621107,R,home_run,False,False,154.0,0.275,45.0,29.22,10.0,6.49,0.776,0.176,33.86,17.46,14.03,31.48,32.03,22.73,324.0,0.251,105.0,32.41,34.0,10.49,0.738,0.1569999999999999,35.42,16.4,14.8,31.2,29.2,26.99,125.0,0.228,23.0,18.4,2.0,1.6,0.565,0.097,18.14,8.89,17.31,26.2,26.52,24.21,345.0,0.21,80.0,23.19,13.0,3.77,0.594,0.144,21.17,10.93,16.75,27.67,33.11,21.82
747109,2024-06-16,2024,645277,L,621107,R,strikeout,True,False,193.0,0.241,32.0,16.58,17.0,8.81,0.6799999999999999,0.118,21.48,11.8,9.39,21.19,31.57,11.23,528.0,0.25,89.0,16.86,42.0,7.95,0.8029999999999999,0.235,20.84,11.11,9.82,20.92,33.45,13.94,125.0,0.228,23.0,18.4,2.0,1.6,0.565,0.097,18.14,8.89,17.31,26.2,26.52,24.21,345.0,0.21,80.0,23.19,13.0,3.77,0.594,0.144,21.17,10.93,16.75,27.67,33.11,21.82
747109,2024-06-16,2024,542303,R,621107,R,field_out,False,False,203.0,0.309,44.0,21.67,19.0,9.36,1.026,0.343,31.48,15.08,13.43,28.52,26.29,19.82,453.0,0.272,109.0,24.06,44.0,9.71,0.882,0.263,27.95,13.42,14.78,28.21,29.59,18.63,160.0,0.301,27.0,16.88,2.0,1.25,0.831,0.21800000000000003,21.35,10.87,19.2,30.07,32.35,16.17,361.0,0.259,106.0,29.36,11.0,3.05,0.6890000000000001,0.143,27.2,13.04,21.18,34.21,34.97,26.5
747109,2024-06-16,2024,621566,L,621107,R,single,False,False,194.0,0.237,51.0,26.29,22.0,11.34,0.744,0.177,28.1,13.87,11.1,24.97,28.17,17.36,540.0,0.294,115.0,21.3,90.0,16.67,1.061,0.351,27.51,12.57,12.32,24.89,25.66,14.92,125.0,0.228,23.0,18.4,2.0,1.6,0.565,0.097,18.14,8.89,17.31,26.2,26.52,24.21,345.0,0.21,80.0,23.19,13.0,3.77,0.594,0.144,21.17,10.93,16.75,27.67,33.11,21.82
747109,2024-06-16,2024,663586,R,621107,R,force_out,False,False,167.0,0.247,42.0,25.15,14.0,8.38,0.712,0.14600000000000002,30.79,15.42,12.67,28.09,27.19,19.62,566.0,0.28,137.0,24.2,42.0,7.42,0.841,0.2199999999999999,27.71,13.25,15.53,28.77,27.7,18.53,160.0,0.301,27.0,16.88,2.0,1.25,0.831,0.21800000000000003,21.35,10.87,19.2,30.07,32.35,16.17,361.0,0.259,106.0,29.36,11.0,3.05,0.6890000000000001,0.143,27.2,13.04,21.18,34.21,34.97,26.5
747109,2024-06-16,2024,680700,L,694462,R,field_out,False,False,180.0,0.23,44.0,24.44,21.0,11.67,0.675,0.11200000000000002,28.36,13.72,13.86,27.58,27.4,20.47,82.0,0.216,10.0,12.2,6.0,7.32,0.7390000000000001,0.243,15.71,6.75,18.4,25.15,18.99,10.75,13.0,0.273,1.0,7.69,1.0,7.69,0.8780000000000001,0.272,30.43,17.07,14.63,31.71,29.41,6.67,,,,,,,,,,,,,,
747109,2024-06-16,2024,642350,R,694462,R,strikeout,True,False,145.0,0.198,53.0,36.55,10.0,6.9,0.623,0.14300000000000002,39.37,17.79,20.82,38.61,31.94,28.49,271.0,0.23,93.0,34.32,16.0,5.9,0.801,0.29,39.19,20.65,15.06,35.71,37.69,31.08,6.0,0.333,0.0,0.0,3.0,50.0,1.0,0.0,0.0,0.0,28.57,28.57,0.0,0.0,,,,,,,,,,,,,,
747109,2024-06-16,2024,666163,L,694462,R,field_out,False,False,123.0,0.255,33.0,26.83,15.0,12.2,0.6499999999999999,0.03699999999999998,26.69,11.93,17.05,28.98,27.1,18.82,72.0,0.133,15.0,20.83,10.0,13.89,0.507,0.1169999999999999,25.64,10.56,17.96,28.52,20.41,17.5,13.0,0.273,1.0,7.69,1.0,7.69,0.8780000000000001,0.272,30.43,17.07,14.63,31.71,29.41,6.67,,,,,,,,,,,,,,
747109,2024-06-16,2024,594807,R,621107,R,field_out,False,False,83.0,0.076,29.0,34.94,3.0,3.61,0.221,0.02500000000000001,26.67,12.86,20.58,33.44,34.67,29.29,260.0,0.248,76.0,29.23,18.0,6.92,0.863,0.303,29.41,13.69,18.97,32.66,32.68,27.44,160.0,0.301,27.0,16.88,2.0,1.25,0.831,0.21800000000000003,21.35,10.87,19.2,30.07,32.35,16.17,361.0,0.259,106.0,29.36,11.0,3.05,0.6890000000000001,0.143,27.2,13.04,21.18,34.21,34.97,26.5
747109,2024-06-16,2024,518595,R,621107,R,home_run,False,False,118.0,0.212,28.0,23.73,10.0,8.47,0.643,0.13399999999999998,34.82,16.77,15.7,32.47,26.67,21.37,226.0,0.214,50.0,22.12,12.0,5.31,0.655,0.176,27.19,14.35,12.93,27.28,28.43,19.61,160.0,0.301,27.0,16.88,2.0,1.25,0.831,0.21800000000000003,21.35,10.87,19.2,30.07,32.35,16.17,361.0,0.259,106.0,29.36,11.0,3.05,0.6890000000000001,0.143,27.2,13.04,21.18,34.21,34.97,26.5
747109,2024-06-16,2024,606115,R,621107,R,field_out,False,False,193.0,0.242,33.0,17.1,7.0,3.63,0.6759999999999999,0.16499999999999998,23.14,11.67,15.0,26.67,26.38,17.46,421.0,0.255,78.0,18.53,23.0,5.46,0.6739999999999999,0.12,23.54,11.23,17.09,28.32,27.84,15.98,160.0,0.301,27.0,16.88,2.0,1.25,0.831,0.21800000000000003,21.35,10.87,19.2,30.07,32.35,16.17,361.0,0.259,106.0,29.36,11.0,3.05,0.6890000000000001,0.143,27.2,13.04,21.18,34.21,34.97,26.5
747109,2024-06-16,2024,657656,R,621107,R,strikeout,True,False,51.0,0.125,17.0,33.33,7.0,13.73,0.46399999999999997,0.024999999999999994,33.33,13.24,18.63,31.86,20.95,28.33,267.0,0.2,78.0,29.21,23.0,8.61,0.612,0.123,29.9,13.97,16.61,30.58,29.73,21.08,160.0,0.301,27.0,16.88,2.0,1.25,0.831,0.21800000000000003,21.35,10.87,19.2,30.07,32.35,16.17,361.0,0.259,106.0,29.36,11.0,3.05,0.6890000000000001,0.143,27.2,13.04,21.18,34.21,34.97,26.5
747109,2024-06-16,2024,642708,R,694462,R,field_out,False,False,138.0,0.293,22.0,15.94,5.0,3.62,0.7170000000000001,0.10500000000000004,21.64,11.93,13.79,25.72,38.21,14.67,353.0,0.252,72.0,20.4,18.0,5.1,0.636,0.091,25.7,13.68,14.7,28.38,39.8,19.35,6.0,0.333,0.0,0.0,3.0,50.0,1.0,0.0,0.0,0.0,28.57,28.57,0.0,0.0,,,,,,,,,,,,,,
747109,2024-06-16,2024,650490,R,694462,R,field_out,False,False,228.0,0.245,35.0,15.35,22.0,9.65,0.663,0.09300000000000003,11.98,5.21,17.23,22.45,22.9,12.54,462.0,0.322,72.0,15.58,49.0,10.61,0.881,0.1559999999999999,18.95,8.0,18.68,26.68,19.71,15.69,6.0,0.333,0.0,0.0,3.0,50.0,1.0,0.0,0.0,0.0,28.57,28.57,0.0,0.0,,,,,,,,,,,,,,
747109,2024-06-16,2024,664040,L,694462,R,home_run,False,False,89.0,0.173,20.0,22.47,11.0,12.36,0.636,0.16000000000000003,27.27,13.85,10.15,24.0,26.86,22.47,374.0,0.241,103.0,27.54,42.0,11.23,0.813,0.237,31.86,16.63,11.13,27.77,30.39,21.33,13.0,0.273,1.0,7.69,1.0,7.69,0.8780000000000001,0.272,30.43,17.07,14.63,31.71,29.41,6.67,,,,,,,,,,,,,,
747109,2024-06-16,2024,670623,R,694462,R,field_out,False,False,208.0,0.294,31.0,14.9,20.0,9.62,0.877,0.20600000000000002,15.65,7.02,18.85,25.86,27.65,8.88,438.0,0.247,82.0,18.72,43.0,9.82,0.86,0.266,18.6,8.55,16.71,25.26,28.98,14.09,6.0,0.333,0.0,0.0,3.0,50.0,1.0,0.0,0.0,0.0,28.57,28.57,0.0,0.0,,,,,,,,,,,,,,
747109,2024-06-16,2024,672284,L,621107,R,field_out,False,False,154.0,0.275,45.0,29.22,10.0,6.49,0.776,0.176,33.86,17.46,14.03,31.48,32.03,22.73,324.0,0.251,105.0,32.41,34.0,10.49,0.738,0.1569999999999999,35.42,16.4,14.8,31.2,29.2,26.99,125.0,0.228,23.0,18.4,2.0,1.6,0.565,0.097,18.14,8.89,17.31,26.2,26.52,24.21,345.0,0.21,80.0,23.19,13.0,3.77,0.594,0.144,21.17,10.93,16.75,27.67,33.11,21.82
747109,2024-06-16,2024,645277,L,621107,R,field_out,False,False,193.0,0.241,32.0,16.58,17.0,8.81,0.6799999999999999,0.118,21.48,11.8,9.39,21.19,31.57,11.23,528.0,0.25,89.0,16.86,42.0,7.95,0.8029999999999999,0.235,20.84,11.11,9.82,20.92,33.45,13.94,125.0,0.228,23.0,18.4,2.0,1.6,0.565,0.097,18.14,8.89,17.31,26.2,26.52,24.21,345.0,0.21,80.0,23.19,13.0,3.77,0.594,0.144,21.17,10.93,16.75,27.67,33.11,21.82
747109,2024-06-16,2024,542303,R,621107,R,field_out,False,False,203.0,0.309,44.0,21.67,19.0,9.36,1.026,0.343,31.48,15.08,13.43,28.52,26.29,19.82,453.0,0.272,109.0,24.06,44.0,9.71,0.882,0.263,27.95,13.42,14.78,28.21,29.59,18.63,160.0,0.301,27.0,16.88,2.0,1.25,0.831,0.21800000000000003,21.35,10.87,19.2,30.07,32.35,16.17,361.0,0.259,106.0,29.36,11.0,3.05,0.6890000000000001,0.143,27.2,13.04,21.18,34.21,34.97,26.5
747109,2024-06-16,2024,666139,L,694462,R,strikeout,True,False,68.0,0.2,20.0,29.41,6.0,8.82,0.619,0.14999999999999997,26.28,13.31,13.96,27.27,30.77,17.86,435.0,0.3,104.0,23.91,27.0,6.21,0.8540000000000001,0.211,29.41,15.52,12.38,27.9,34.65,18.39,13.0,0.273,1.0,7.69,1.0,7.69,0.8780000000000001,0.272,30.43,17.07,14.63,31.71,29.41,6.67,,,,,,,,,,,,,,
747109,2024-06-16,2024,668227,R,694462,R,hit_by_pitch,False,False,203.0,0.173,58.0,28.57,18.0,8.87,0.569,0.134,35.75,15.13,19.45,34.58,25.44,19.86,517.0,0.254,119.0,23.02,62.0,11.99,0.7769999999999999,0.1589999999999999,29.93,12.82,18.77,31.59,26.93,19.44,6.0,0.333,0.0,0.0,3.0,50.0,1.0,0.0,0.0,0.0,28.57,28.57,0.0,0.0,,,,,,,,,,,,,,
747109,2024-06-16,2024,680700,L,694462,R,walk,False,True,180.0,0.23,44.0,24.44,21.0,11.67,0.675,0.11200000000000002,28.36,13.72,13.86,27.58,27.4,20.47,82.0,0.216,10.0,12.2,6.0,7.32,0.7390000000000001,0.243,15.71,6.75,18.4,25.15,18.99,10.75,13.0,0.273,1.0,7.69,1.0,7.69,0.8780000000000001,0.272,30.43,17.07,14.63,31.71,29.41,6.67,,,,,,,,,,,,,,
747109,2024-06-16,2024,642350,R,694462,R,walk,False,True,145.0,0.198,53.0,36.55,10.0,6.9,0.623,0.14300000000000002,39.37,17.79,20.82,38.61,31.94,28.49,271.0,0.23,93.0,34.32,16.0,5.9,0.801,0.29,39.19,20.65,15.06,35.71,37.69,31.08,6.0,0.333,0.0,0.0,3.0,50.0,1.0,0.0,0.0,0.0,28.57,28.57,0.0,0.0,,,,,,,,,,,,,,
747109,2024-06-16,2024,666163,L,694462,R,home_run,False,False,123.0,0.255,33.0,26.83,15.0,12.2,0.6499999999999999,0.03699999999999998,26.69,11.93,17.05,28.98,27.1,18.82,72.0,0.133,15.0,20.83,10.0,13.89,0.507,0.1169999999999999,25.64,10.56,17.96,28.52,20.41,17.5,13.0,0.273,1.0,7.69,1.0,7.69,0.8780000000000001,0.272,30.43,17.07,14.63,31.71,29.41,6.67,,,,,,,,,,,,,,
747109,2024-06-16,2024,642708,R,694462,R,single,False,False,138.0,0.293,22.0,15.94,5.0,3.62,0.7170000000000001,0.10500000000000004,21.64,11.93,13.79,25.72,38.21,14.67,353.0,0.252,72.0,20.4,18.0,5.1,0.636,0.091,25.7,13.68,14.7,28.38,39.8,19.35,6.0,0.333,0.0,0.0,3.0,50.0,1.0,0.0,0.0,0.0,28.57,28.57,0.0,0.0,,,,,,,,,,,,,,
747109,2024-06-16,2024,650490,R,669276,L,grounded_into_double_play,False,False,81.0,0.297,8.0,9.88,5.0,6.17,0.7250000000000001,0.09500000000000003,9.35,4.3,16.23,20.53,20.0,11.59,139.0,0.355,22.0,15.83,16.0,11.51,1.101,0.314,16.87,7.31,16.22,23.53,19.53,13.75,80.0,0.235,14.0,17.5,10.0,12.5,0.6970000000000001,0.133,34.46,18.09,10.28,28.37,31.88,19.18,61.0,0.315,11.0,18.03,6.0,9.84,0.8089999999999999,0.1109999999999999,24.26,13.36,13.77,27.13,40.44,11.34
747109,2024-06-16,2024,621566,L,621107,R,walk,False,True,194.0,0.237,51.0,26.29,22.0,11.34,0.744,0.177,28.1,13.87,11.1,24.97,28.17,17.36,540.0,0.294,115.0,21.3,90.0,16.67,1.061,0.351,27.51,12.57,12.32,24.89,25.66,14.92,125.0,0.228,23.0,18.4,2.0,1.6,0.565,0.097,18.14,8.89,17.31,26.2,26.52,24.21,345.0,0.21,80.0,23.19,13.0,3.77,0.594,0.144,21.17,10.93,16.75,27.67,33.11,21.82
747109,2024-06-16,2024,663586,R,621107,R,field_out,False,False,167.0,0.247,42.0,25.15,14.0,8.38,0.712,0.14600000000000002,30.79,15.42,12.67,28.09,27.19,19.62,566.0,0.28,137.0,24.2,42.0,7.42,0.841,0.2199999999999999,27.71,13.25,15.53,28.77,27.7,18.53,160.0,0.301,27.0,16.88,2.0,1.25,0.831,0.21800000000000003,21.35,10.87,19.2,30.07,32.35,16.17,361.0,0.259,106.0,29.36,11.0,3.05,0.6890000000000001,0.143,27.2,13.04,21.18,34.21,34.97,26.5
747109,2024-06-16,2024,594807,R,621107,R,strikeout,True,False,83.0,0.076,29.0,34.94,3.0,3.61,0.221,0.02500000000000001,26.67,12.86,20.58,33.44,34.67,29.29,260.0,0.248,76.0,29.23,18.0,6.92,0.863,0.303,29.41,13.69,18.97,32.66,32.68,27.44,160.0,0.301,27.0,16.88,2.0,1.25,0.831,0.21800000000000003,21.35,10.87,19.2,30.07,32.35,16.17,361.0,0.259,106.0,29.36,11.0,3.05,0.6890000000000001,0.143,27.2,13.04,21.18,34.21,34.97,26.5
747109,2024-06-16,2024,518595,R,621107,R,field_out,False,False,118.0,0.212,28.0,23.73,10.0,8.47,0.643,0.13399999999999998,34.82,16.77,15.7,32.47,26.67,21.37,226.0,0.214,50.0,22.12,12.0,5.31,0.655,0.176,27.19,14.35,12.93,27.28,28.43,19.61,160.0,0.301,27.0,16.88,2.0,1.25,0.831,0.21800000000000003,21.35,10.87,19.2,30.07,32.35,16.17,361.0,0.259,106.0,29.36,11.0,3.05,0.6890000000000001,0.143,27.2,13.04,21.18,34.21,34.97,26.5
747109,2024-06-16,2024,664040,L,669276,L,strikeout,True,False,21.0,0.3,6.0,28.57,1.0,4.76,0.833,0.2,37.21,20.0,7.5,27.5,25.71,28.57,63.0,0.17,16.0,25.4,8.0,12.7,0.512,0.0559999999999999,33.05,15.79,14.98,30.77,27.69,23.19,42.0,0.262,14.0,33.33,0.0,0.0,0.6910000000000001,0.16699999999999998,32.97,20.69,15.86,36.55,47.37,29.79,40.0,0.189,13.0,32.5,2.0,5.0,0.663,0.243,40.54,20.69,20.69,41.38,31.03,32.5
747109,2024-06-16,2024,670623,R,669276,L,strikeout,True,False,72.0,0.262,14.0,19.44,6.0,8.33,0.718,0.123,20.8,8.87,22.53,31.4,28.48,16.09,136.0,0.259,22.0,16.18,15.0,11.03,0.773,0.146,17.06,7.6,18.37,25.97,26.71,12.64,80.0,0.235,14.0,17.5,10.0,12.5,0.6970000000000001,0.133,34.46,18.09,10.28,28.37,31.88,19.18,61.0,0.315,11.0,18.03,6.0,9.84,0.8089999999999999,0.1109999999999999,24.26,13.36,13.77,27.13,40.44,11.34
747109,2024-06-16,2024,666139,L,669276,L,strikeout,True,False,11.0,0.182,5.0,45.45,0.0,0.0,0.546,0.182,52.38,23.4,21.28,44.68,22.73,31.25,68.0,0.238,20.0,29.41,4.0,5.88,0.713,0.191,35.42,19.54,13.03,32.57,42.18,21.74,42.0,0.262,14.0,33.33,0.0,0.0,0.6910000000000001,0.16699999999999998,32.97,20.69,15.86,36.55,47.37,29.79,40.0,0.189,13.0,32.5,2.0,5.0,0.663,0.243,40.54,20.69,20.69,41.38,31.03,32.5
747109,2024-06-16,2024,606115,R,621107,R,strikeout,True,False,193.0,0.242,33.0,17.1,7.0,3.63,0.6759999999999999,0.16499999999999998,23.14,11.67,15.0,26.67,26.38,17.46,421.0,0.255,78.0,18.53,23.0,5.46,0.6739999999999999,0.12,23.54,11.23,17.09,28.32,27.84,15.98,160.0,0.301,27.0,16.88,2.0,1.25,0.831,0.21800000000000003,21.35,10.87,19.2,30.07,32.35,16.17,361.0,0.259,106.0,29.36,11.0,3.05,0.6890000000000001,0.143,27.2,13.04,21.18,34.21,34.97,26.5
747109,2024-06-16,2024,657656,R,621107,R,strikeout,True,False,51.0,0.125,17.0,33.33,7.0,13.73,0.46399999999999997,0.024999999999999994,33.33,13.24,18.63,31.86,20.95,28.33,267.0,0.2,78.0,29.21,23.0,8.61,0.612,0.123,29.9,13.97,16.61,30.58,29.73,21.08,160.0,0.301,27.0,16.88,2.0,1.25,0.831,0.21800000000000003,21.35,10.87,19.2,30.07,32.35,16.17,361.0,0.259,106.0,29.36,11.0,3.05,0.6890000000000001,0.143,27.2,13.04,21.18,34.21,34.97,26.5
747109,2024-06-16,2024,672284,L,621107,R,strikeout,True,False,154.0,0.275,45.0,29.22,10.0,6.49,0.776,0.176,33.86,17.46,14.03,31.48,32.03,22.73,324.0,0.251,105.0,32.41,34.0,10.49,0.738,0.1569999999999999,35.42,16.4,14.8,31.2,29.2,26.99,125.0,0.228,23.0,18.4,2.0,1.6,0.565,0.097,18.14,8.89,17.31,26.2,26.52,24.21,345.0,0.21,80.0,23.19,13.0,3.77,0.594,0.144,21.17,10.93,16.75,27.67,33.11,21.82
747109,2024-06-16,2024,668227,R,656550,R,strikeout,True,False,203.0,0.173,58.0,28.57,18.0,8.87,0.569,0.134,35.75,15.13,19.45,34.58,25.44,19.86,517.0,0.254,119.0,23.02,62.0,11.99,0.7769999999999999,0.1589999999999999,29.93,12.82,18.77,31.59,26.93,19.44,,,,,,,,,,,,,,,,,,,,,,,,,,,,
747109,2024-06-16,2024,680700,L,656550,R,field_out,False,False,180.0,0.23,44.0,24.44,21.0,11.67,0.675,0.11200000000000002,28.36,13.72,13.86,27.58,27.4,20.47,82.0,0.216,10.0,12.2,6.0,7.32,0.7390000000000001,0.243,15.71,6.75,18.4,25.15,18.99,10.75,,,,,,,,,,,,,,,,,,,,,,,,,,,,
747109,2024-06-16,2024,642350,R,656550,R,field_out,False,False,145.0,0.198,53.0,36.55,10.0,6.9,0.623,0.14300000000000002,39.37,17.79,20.82,38.61,31.94,28.49,271.0,0.23,93.0,34.32,16.0,5.9,0.801,0.29,39.19,20.65,15.06,35.71,37.69,31.08,,,,,,,,,,,,,,,,,,,,,,,,,,,,
747109,2024-06-16,2024,645277,L,621107,R,strikeout,True,False,193.0,0.241,32.0,16.58,17.0,8.81,0.6799999999999999,0.118,21.48,11.8,9.39,21.19,31.57,11.23,528.0,0.25,89.0,16.86,42.0,7.95,0.8029999999999999,0.235,20.84,11.11,9.82,20.92,33.45,13.94,125.0,0.228,23.0,18.4,2.0,1.6,0.565,0.097,18.14,8.89,17.31,26.2,26.52,24.21,345.0,0.21,80.0,23.19,13.0,3.77,0.594,0.144,21.17,10.93,16.75,27.67,33.11,21.82
747109,2024-06-16,2024,542303,R,621107,R,field_out,False,False,203.0,0.309,44.0,21.67,19.0,9.36,1.026,0.343,31.48,15.08,13.43,28.52,26.29,19.82,453.0,0.272,109.0,24.06,44.0,9.71,0.882,0.263,27.95,13.42,14.78,28.21,29.59,18.63,160.0,0.301,27.0,16.88,2.0,1.25,0.831,0.21800000000000003,21.35,10.87,19.2,30.07,32.35,16.17,361.0,0.259,106.0,29.36,11.0,3.05,0.6890000000000001,0.143,27.2,13.04,21.18,34.21,34.97,26.5
747109,2024-06-16,2024,621566,L,621107,R,single,False,False,194.0,0.237,51.0,26.29,22.0,11.34,0.744,0.177,28.1,13.87,11.1,24.97,28.17,17.36,540.0,0.294,115.0,21.3,90.0,16.67,1.061,0.351,27.51,12.57,12.32,24.89,25.66,14.92,125.0,0.228,23.0,18.4,2.0,1.6,0.565,0.097,18.14,8.89,17.31,26.2,26.52,24.21,345.0,0.21,80.0,23.19,13.0,3.77,0.594,0.144,21.17,10.93,16.75,27.67,33.11,21.82
747109,2024-06-16,2024,663586,R,621107,R,single,False,False,167.0,0.247,42.0,25.15,14.0,8.38,0.712,0.14600000000000002,30.79,15.42,12.67,28.09,27.19,19.62,566.0,0.28,137.0,24.2,42.0,7.42,0.841,0.2199999999999999,27.71,13.25,15.53,28.77,27.7,18.53,160.0,0.301,27.0,16.88,2.0,1.25,0.831,0.21800000000000003,21.35,10.87,19.2,30.07,32.35,16.17,361.0,0.259,106.0,29.36,11.0,3.05,0.6890000000000001,0.143,27.2,13.04,21.18,34.21,34.97,26.5
747109,2024-06-16,2024,594807,R,621107,R,single,False,False,83.0,0.076,29.0,34.94,3.0,3.61,0.221,0.02500000000000001,26.67,12.86,20.58,33.44,34.67,29.29,260.0,0.248,76.0,29.23,18.0,6.92,0.863,0.303,29.41,13.69,18.97,32.66,32.68,27.44,160.0,0.301,27.0,16.88,2.0,1.25,0.831,0.21800000000000003,21.35,10.87,19.2,30.07,32.35,16.17,361.0,0.259,106.0,29.36,11.0,3.05,0.6890000000000001,0.143,27.2,13.04,21.18,34.21,34.97,26.5
747109,2024-06-16,2024,518595,R,621107,R,single,False,False,118.0,0.212,28.0,23.73,10.0,8.47,0.643,0.13399999999999998,34.82,16.77,15.7,32.47,26.67,21.37,226.0,0.214,50.0,22.12,12.0,5.31,0.655,0.176,27.19,14.35,12.93,27.28,28.43,19.61,160.0,0.301,27.0,16.88,2.0,1.25,0.831,0.21800000000000003,21.35,10.87,19.2,30.07,32.35,16.17,361.0,0.259,106.0,29.36,11.0,3.05,0.6890000000000001,0.143,27.2,13.04,21.18,34.21,34.97,26.5
747109,2024-06-16,2024,606115,R,687330,R,strikeout,True,False,193.0,0.242,33.0,17.1,7.0,3.63,0.6759999999999999,0.16499999999999998,23.14,11.67,15.0,26.67,26.38,17.46,421.0,0.255,78.0,18.53,23.0,5.46,0.6739999999999999,0.12,23.54,11.23,17.09,28.32,27.84,15.98,76.0,0.257,20.0,26.32,3.0,3.95,0.6930000000000001,0.129,23.42,9.74,26.22,35.96,28.69,25.0,172.0,0.211,29.0,16.86,5.0,2.91,0.554,0.0809999999999999,21.07,9.75,21.21,30.96,29.68,13.74
747109,2024-06-16,2024,666163,L,656550,R,strikeout,True,False,123.0,0.255,33.0,26.83,15.0,12.2,0.6499999999999999,0.03699999999999998,26.69,11.93,17.05,28.98,27.1,18.82,72.0,0.133,15.0,20.83,10.0,13.89,0.507,0.1169999999999999,25.64,10.56,17.96,28.52,20.41,17.5,,,,,,,,,,,,,,,,,,,,,,,,,,,,
747109,2024-06-16,2024,642708,R,656550,R,single,False,False,138.0,0.293,22.0,15.94,5.0,3.62,0.7170000000000001,0.10500000000000004,21.64,11.93,13.79,25.72,38.21,14.67,353.0,0.252,72.0,20.4,18.0,5.1,0.636,0.091,25.7,13.68,14.7,28.38,39.8,19.35,,,,,,,,,,,,,,,,,,,,,,,,,,,,
747109,2024-06-16,2024,650490,R,656550,R,grounded_into_double_play,False,False,228.0,0.245,35.0,15.35,22.0,9.65,0.663,0.09300000000000003,11.98,5.21,17.23,22.45,22.9,12.54,462.0,0.322,72.0,15.58,49.0,10.61,0.881,0.1559999999999999,18.95,8.0,18.68,26.68,19.71,15.69,,,,,,,,,,,,,,,,,,,,,,,,,,,,
747109,2024-06-16,2024,657656,R,621363,L,field_error,False,False,36.0,0.176,15.0,41.67,0.0,0.0,0.518,0.14800000000000002,40.54,20.83,15.28,36.11,27.94,28.3,138.0,0.27,36.0,26.09,10.0,7.25,0.793,0.19,27.13,12.7,16.7,29.4,21.07,20.34,41.0,0.184,5.0,12.2,2.0,4.88,0.562,0.15800000000000003,20.0,10.53,8.27,18.8,32.43,16.67,172.0,0.199,36.0,20.93,16.0,9.3,0.5740000000000001,0.0989999999999999,25.81,12.6,14.49,27.09,32.74,21.95
747109,2024-06-16,2024,672284,L,621363,L,field_out,False,False,25.0,0.24,8.0,32.0,0.0,0.0,0.52,0.040000000000000036,33.33,18.48,17.39,35.87,37.21,25.0,92.0,0.259,27.0,29.35,7.0,7.61,0.774,0.2,27.91,12.83,16.31,29.14,26.49,24.55,16.0,0.462,3.0,18.75,3.0,18.75,1.331,0.307,21.43,9.09,19.7,28.79,17.24,13.04,74.0,0.185,25.0,33.78,8.0,10.81,0.597,0.138,35.92,17.23,16.55,33.78,28.28,25.81
747109,2024-06-16,2024,645277,R,621363,L,grounded_into_double_play,False,False,72.0,0.324,8.0,11.11,1.0,1.39,0.8260000000000001,0.16899999999999998,19.05,10.91,9.55,20.45,30.63,22.22,133.0,0.391,18.0,13.53,4.0,3.01,1.023,0.2259999999999999,19.5,11.51,10.25,21.76,42.91,12.77,41.0,0.184,5.0,12.2,2.0,4.88,0.562,0.15800000000000003,20.0,10.53,8.27,18.8,32.43,16.67,172.0,0.199,36.0,20.93,16.0,9.3,0.5740000000000001,0.0989999999999999,25.81,12.6,14.49,27.09,32.74,21.95
747109,2024-06-16,2024,664040,L,656550,R,single,False,False,89.0,0.173,20.0,22.47,11.0,12.36,0.636,0.16000000000000003,27.27,13.85,10.15,24.0,26.86,22.47,374.0,0.241,103.0,27.54,42.0,11.23,0.813,0.237,31.86,16.63,11.13,27.77,30.39,21.33,,,,,,,,,,,,,,,,,,,,,,,,,,,,
747109,2024-06-16,2024,670623,R,656550,R,field_out,False,False,208.0,0.294,31.0,14.9,20.0,9.62,0.877,0.20600000000000002,15.65,7.02,18.85,25.86,27.65,8.88,438.0,0.247,82.0,18.72,43.0,9.82,0.86,0.266,18.6,8.55,16.71,25.26,28.98,14.09,,,,,,,,,,,,,,,,,,,,,,,,,,,,
747109,2024-06-16,2024,666139,L,656550,R,grounded_into_double_play,False,False,68.0,0.2,20.0,29.41,6.0,8.82,0.619,0.14999999999999997,26.28,13.31,13.96,27.27,30.77,17.86,435.0,0.3,104.0,23.91,27.0,6.21,0.8540000000000001,0.211,29.41,15.52,12.38,27.9,34.65,18.39,,,,,,,,,,,,,,,,,,,,,,,,,,,,
747109,2024-06-16,2024,542303,R,592094,R,field_out,False,False,203.0,0.309,44.0,21.67,19.0,9.36,1.026,0.343,31.48,15.08,13.43,28.52,26.29,19.82,453.0,0.272,109.0,24.06,44.0,9.71,0.882,0.263,27.95,13.42,14.78,28.21,29.59,18.63,62.0,0.16,14.0,22.58,7.0,11.29,0.51,0.06,36.07,17.19,13.67,30.86,28.68,18.18,112.0,0.196,30.0,26.79,9.0,8.04,0.634,0.134,33.33,15.66,15.45,31.11,29.8,18.18
747109,2024-06-16,2024,621566,L,592094,R,double,False,False,194.0,0.237,51.0,26.29,22.0,11.34,0.744,0.177,28.1,13.87,11.1,24.97,28.17,17.36,540.0,0.294,115.0,21.3,90.0,16.67,1.061,0.351,27.51,12.57,12.32,24.89,25.66,14.92,51.0,0.174,12.0,23.53,4.0,7.84,0.588,0.174,34.74,17.74,13.44,31.18,31.46,22.22,110.0,0.167,39.0,35.45,11.0,10.0,0.627,0.1869999999999999,35.6,15.81,20.0,35.81,28.04,29.55
747109,2024-06-16,2024,663586,R,592094,R,home_run,False,False,167.0,0.247,42.0,25.15,14.0,8.38,0.712,0.14600000000000002,30.79,15.42,12.67,28.09,27.19,19.62,566.0,0.28,137.0,24.2,42.0,7.42,0.841,0.2199999999999999,27.71,13.25,15.53,28.77,27.7,18.53,62.0,0.16,14.0,22.58,7.0,11.29,0.51,0.06,36.07,17.19,13.67,30.86,28.68,18.18,112.0,0.196,30.0,26.79,9.0,8.04,0.634,0.134,33.33,15.66,15.45,31.11,29.8,18.18
747109,2024-06-16,2024,594807,R,592094,R,strikeout,True,False,83.0,0.076,29.0,34.94,3.0,3.61,0.221,0.02500000000000001,26.67,12.86,20.58,33.44,34.67,29.29,260.0,0.248,76.0,29.23,18.0,6.92,0.863,0.303,29.41,13.69,18.97,32.66,32.68,27.44,62.0,0.16,14.0,22.58,7.0,11.29,0.51,0.06,36.07,17.19,13.67,30.86,28.68,18.18,112.0,0.196,30.0,26.79,9.0,8.04,0.634,0.134,33.33,15.66,15.45,31.11,29.8,18.18
747109,2024-06-16,2024,518595,R,592094,R,strikeout,True,False,118.0,0.212,28.0,23.73,10.0,8.47,0.643,0.13399999999999998,34.82,16.77,15.7,32.47,26.67,21.37,226.0,0.214,50.0,22.12,12.0,5.31,0.655,0.176,27.19,14.35,12.93,27.28,28.43,19.61,62.0,0.16,14.0,22.58,7.0,11.29,0.51,0.06,36.07,17.19,13.67,30.86,28.68,18.18,112.0,0.196,30.0,26.79,9.0,8.04,0.634,0.134,33.33,15.66,15.45,31.11,29.8,18.18
747109,2024-06-16,2024,668227,R,628452,R,walk,False,True,203.0,0.173,58.0,28.57,18.0,8.87,0.569,0.134,35.75,15.13,19.45,34.58,25.44,19.86,517.0,0.254,119.0,23.02,62.0,11.99,0.7769999999999999,0.1589999999999999,29.93,12.82,18.77,31.59,26.93,19.44,48.0,0.205,6.0,12.5,2.0,4.17,0.5660000000000001,0.09,22.22,10.17,14.12,24.29,25.81,15.79,108.0,0.221,37.0,34.26,4.0,3.7,0.587,0.116,33.75,18.93,13.79,32.71,38.6,26.62
747109,2024-06-16,2024,680700,L,628452,R,strikeout,True,False,180.0,0.23,44.0,24.44,21.0,11.67,0.675,0.11200000000000002,28.36,13.72,13.86,27.58,27.4,20.47,82.0,0.216,10.0,12.2,6.0,7.32,0.7390000000000001,0.243,15.71,6.75,18.4,25.15,18.99,10.75,53.0,0.184,11.0,20.75,3.0,5.66,0.455,0.04000000000000001,26.8,14.61,14.61,29.21,36.84,26.19,123.0,0.255,31.0,25.2,11.0,8.94,0.735,0.1629999999999999,31.56,15.78,14.44,30.22,32.92,28.44
747109,2024-06-16,2024,642350,R,628452,R,home_run,False,False,145.0,0.198,53.0,36.55,10.0,6.9,0.623,0.14300000000000002,39.37,17.79,20.82,38.61,31.94,28.49,271.0,0.23,93.0,34.32,16.0,5.9,0.801,0.29,39.19,20.65,15.06,35.71,37.69,31.08,48.0,0.205,6.0,12.5,2.0,4.17,0.5660000000000001,0.09,22.22,10.17,14.12,24.29,25.81,15.79,108.0,0.221,37.0,34.26,4.0,3.7,0.587,0.116,33.75,18.93,13.79,32.71,38.6,26.62
747109,2024-06-16,2024,666163,L,628452,R,strikeout,True,False,123.0,0.255,33.0,26.83,15.0,12.2,0.6499999999999999,0.03699999999999998,26.69,11.93,17.05,28.98,27.1,18.82,72.0,0.133,15.0,20.83,10.0,13.89,0.507,0.1169999999999999,25.64,10.56,17.96,28.52,20.41,17.5,53.0,0.184,11.0,20.75,3.0,5.66,0.455,0.04000000000000001,26.8,14.61,14.61,29.21,36.84,26.19,123.0,0.255,31.0,25.2,11.0,8.94,0.735,0.1629999999999999,31.56,15.78,14.44,30.22,32.92,28.44
747109,2024-06-16,2024,642708,R,628452,R,strikeout,True,False,138.0,0.293,22.0,15.94,5.0,3.62,0.7170000000000001,0.10500000000000004,21.64,11.93,13.79,25.72,38.21,14.67,353.0,0.252,72.0,20.4,18.0,5.1,0.636,0.091,25.7,13.68,14.7,28.38,39.8,19.35,48.0,0.205,6.0,12.5,2.0,4.17,0.5660000000000001,0.09,22.22,10.17,14.12,24.29,25.81,15.79,108.0,0.221,37.0,34.26,4.0,3.7,0.587,0.116,33.75,18.93,13.79,32.71,38.6,26.62
747109,2024-06-16,2024,606115,R,664126,R,walk,False,True,193.0,0.242,33.0,17.1,7.0,3.63,0.6759999999999999,0.16499999999999998,23.14,11.67,15.0,26.67,26.38,17.46,421.0,0.255,78.0,18.53,23.0,5.46,0.6739999999999999,0.12,23.54,11.23,17.09,28.32,27.84,15.98,52.0,0.182,14.0,26.92,7.0,13.46,0.521,0.04500000000000001,24.1,10.7,18.18,28.88,21.35,29.79,99.0,0.12,33.0,33.33,11.0,11.11,0.4519999999999999,0.0849999999999999,29.08,14.69,18.3,32.99,29.89,26.83
747109,2024-06-16,2024,679881,L,664126,R,strikeout,True,False,9.0,0.222,3.0,33.33,0.0,0.0,0.555,0.11100000000000002,29.17,17.95,10.26,28.21,37.5,17.65,38.0,0.222,14.0,36.84,2.0,5.26,0.5960000000000001,0.111,38.03,18.24,18.92,37.16,26.47,35.9,40.0,0.286,9.0,22.5,4.0,10.0,0.6639999999999999,0.028000000000000025,17.54,6.45,25.16,31.61,19.72,23.68,86.0,0.211,35.0,40.7,9.0,10.47,0.565,0.052,32.88,13.79,25.29,39.08,26.17,31.25
747109,2024-06-16,2024,672284,L,664126,R,force_out,False,False,154.0,0.275,45.0,29.22,10.0,6.49,0.776,0.176,33.86,17.46,14.03,31.48,32.03,22.73,324.0,0.251,105.0,32.41,34.0,10.49,0.738,0.1569999999999999,35.42,16.4,14.8,31.2,29.2,26.99,40.0,0.286,9.0,22.5,4.0,10.0,0.6639999999999999,0.028000000000000025,17.54,6.45,25.16,31.61,19.72,23.68,86.0,0.211,35.0,40.7,9.0,10.47,0.565,0.052,32.88,13.79,25.29,39.08,26.17,31.25
747109,2024-06-16,2024,645277,L,664126,R,strikeout,True,False,193.0,0.241,32.0,16.58,17.0,8.81,0.6799999999999999,0.118,21.48,11.8,9.39,21.19,31.57,11.23,528.0,0.25,89.0,16.86,42.0,7.95,0.8029999999999999,0.235,20.84,11.11,9.82,20.92,33.45,13.94,40.0,0.286,9.0,22.5,4.0,10.0,0.6639999999999999,0.028000000000000025,17.54,6.45,25.16,31.61,19.72,23.68,86.0,0.211,35.0,40.7,9.0,10.47,0.565,0.052,32.88,13.79,25.29,39.08,26.17,31.25
745895,2024-06-16,2024,647351,L,641927,R,field_out,False,False,208.0,0.246,44.0,21.15,9.0,4.33,0.6619999999999999,0.123,19.74,9.44,17.76,27.2,30.67,19.73,20.0,0.412,5.0,25.0,2.0,10.0,1.265,0.353,37.04,15.62,26.56,42.19,25.0,31.25,124.0,0.205,28.0,22.58,8.0,6.45,0.641,0.17,26.92,12.91,17.83,30.74,30.45,17.5,293.0,0.228,63.0,21.5,17.0,5.8,0.629,0.1209999999999999,24.59,12.9,15.05,27.94,33.04,15.98
745895,2024-06-16,2024,668709,L,641927,R,strikeout,True,False,235.0,0.245,42.0,17.87,29.0,12.34,0.764,0.177,25.0,10.7,17.01,27.7,22.08,17.5,232.0,0.209,53.0,22.84,35.0,15.09,0.726,0.184,28.61,12.18,15.3,27.48,19.27,20.46,124.0,0.205,28.0,22.58,8.0,6.45,0.641,0.17,26.92,12.91,17.83,30.74,30.45,17.5,293.0,0.228,63.0,21.5,17.0,5.8,0.629,0.1209999999999999,24.59,12.9,15.05,27.94,33.04,15.98
745895,2024-06-16,2024,667670,R,641927,R,strikeout,True,False,186.0,0.272,66.0,35.48,21.0,11.29,0.881,0.247,38.01,18.34,13.0,31.34,30.35,28.7,351.0,0.23,115.0,32.76,33.0,9.4,0.788,0.2419999999999999,37.94,17.82,16.3,34.12,28.65,23.47,151.0,0.271,37.0,24.5,10.0,6.62,0.8540000000000001,0.258,24.61,12.93,14.08,27.0,31.73,16.59,286.0,0.236,83.0,29.02,12.0,4.2,0.7350000000000001,0.221,32.64,17.53,12.37,29.9,34.21,19.48
745895,2024-06-16,2024,622534,R,676664,L,walk,False,True,68.0,0.3,9.0,13.24,7.0,10.29,0.7849999999999999,0.11699999999999999,18.25,8.39,14.6,22.99,28.48,12.33,99.0,0.277,22.0,22.22,3.0,3.03,0.665,0.0949999999999999,26.88,13.81,17.68,31.49,28.93,23.66,241.0,0.237,37.0,15.35,20.0,8.3,0.722,0.175,21.03,10.32,16.25,26.56,27.46,13.12,597.0,0.232,137.0,22.95,40.0,6.7,0.749,0.214,24.94,12.75,14.01,26.77,28.36,18.52
745895,2024-06-16,2024,621043,R,676664,L,home_run,False,False,55.0,0.265,9.0,16.36,5.0,9.09,0.796,0.20399999999999996,16.67,7.17,18.39,25.56,20.91,15.25,136.0,0.248,19.0,13.97,17.0,12.5,0.782,0.188,21.1,9.54,17.18,26.72,26.2,13.01,241.0,0.237,37.0,15.35,20.0,8.3,0.722,0.175,21.03,10.32,16.25,26.56,27.46,13.12,597.0,0.232,137.0,22.95,40.0,6.7,0.749,0.214,24.94,12.75,14.01,26.77,28.36,18.52
745895,2024-06-16,2024,668904,R,676664,L,home_run,False,False,10.0,0.556,1.0,10.0,0.0,0.0,1.5,0.44399999999999995,27.78,16.67,13.33,30.0,38.46,11.11,56.0,0.314,12.0,21.43,5.0,8.93,0.7869999999999999,0.0979999999999999,27.66,13.33,16.92,30.26,30.21,23.53,241.0,0.237,37.0,15.35,20.0,8.3,0.722,0.175,21.03,10.32,16.25,26.56,27.46,13.12,597.0,0.232,137.0,22.95,40.0,6.7,0.749,0.214,24.94,12.75,14.01,26.77,28.36,18.52
745895,2024-06-16,2024,669304,R,676664,L,single,False,False,60.0,0.241,8.0,13.33,1.0,1.67,0.646,0.138,16.96,9.22,13.11,22.33,36.54,13.79,32.0,0.226,6.0,18.75,1.0,3.12,0.573,0.097,29.85,17.54,10.53,28.07,44.44,20.0,241.0,0.237,37.0,15.35,20.0,8.3,0.722,0.175,21.03,10.32,16.25,26.56,27.46,13.12,597.0,0.232,137.0,22.95,40.0,6.7,0.749,0.214,24.94,12.75,14.01,26.77,28.36,18.52
745895,2024-06-16,2024,621439,R,676664,L,strikeout,True,False,52.0,0.25,16.0,30.77,3.0,5.77,0.766,0.20800000000000002,30.3,14.93,16.42,31.34,25.53,25.0,90.0,0.179,29.0,32.22,9.0,10.0,0.628,0.193,33.14,15.66,14.56,30.22,23.24,27.88,241.0,0.237,37.0,15.35,20.0,8.3,0.722,0.175,21.03,10.32,16.25,26.56,27.46,13.12,597.0,0.232,137.0,22.95,40.0,6.7,0.749,0.214,24.94,12.75,14.01,26.77,28.36,18.52
745895,2024-06-16,2024,680777,R,676664,L,force_out,False,False,70.0,0.219,20.0,28.57,4.0,5.71,0.77,0.265,28.57,13.38,18.59,31.97,31.82,24.69,95.0,0.263,23.0,24.21,14.0,14.74,0.94,0.29,28.57,11.73,16.53,28.27,26.11,22.77,241.0,0.237,37.0,15.35,20.0,8.3,0.722,0.175,21.03,10.32,16.25,26.56,27.46,13.12,597.0,0.232,137.0,22.95,40.0,6.7,0.749,0.214,24.94,12.75,14.01,26.77,28.36,18.52
745895,2024-06-16,2024,650489,R,676664,L,walk,False,True,63.0,0.356,18.0,28.57,3.0,4.76,0.9390000000000001,0.18600000000000005,30.71,15.42,16.6,32.02,34.13,22.5,129.0,0.237,26.0,20.16,11.0,8.53,0.636,0.079,27.27,14.12,14.71,28.82,33.85,15.03,241.0,0.237,37.0,15.35,20.0,8.3,0.722,0.175,21.03,10.32,16.25,26.56,27.46,13.12,597.0,0.232,137.0,22.95,40.0,6.7,0.749,0.214,24.94,12.75,14.01,26.77,28.36,18.52
745895,2024-06-16,2024,467793,R,676664,L,walk,False,True,62.0,0.271,11.0,17.74,2.0,3.23,0.8200000000000001,0.254,26.79,12.35,18.52,30.86,24.32,17.19,162.0,0.266,21.0,12.96,20.0,12.35,0.8069999999999999,0.187,16.6,6.97,17.43,24.41,22.49,13.04,241.0,0.237,37.0,15.35,20.0,8.3,0.722,0.175,21.03,10.32,16.25,26.56,27.46,13.12,597.0,0.232,137.0,22.95,40.0,6.7,0.749,0.214,24.94,12.75,14.01,26.77,28.36,18.52
745895,2024-06-16,2024,571657,R,676664,L,field_out,False,False,56.0,0.224,12.0,21.43,5.0,8.93,0.607,0.06199999999999997,21.51,9.43,20.75,30.19,30.39,20.34,128.0,0.289,27.0,21.09,10.0,7.81,0.782,0.141,24.78,11.45,20.65,32.11,31.62,18.88,241.0,0.237,37.0,15.35,20.0,8.3,0.722,0.175,21.03,10.32,16.25,26.56,27.46,13.12,597.0,0.232,137.0,22.95,40.0,6.7,0.749,0.214,24.94,12.75,14.01,26.77,28.36,18.52
745895,2024-06-16,2024,609280,R,641927,R,field_out,False,False,67.0,0.292,12.0,17.91,1.0,1.49,0.6990000000000001,0.10800000000000004,15.04,7.78,17.51,25.29,37.21,16.22,52.0,0.229,6.0,11.54,4.0,7.69,0.705,0.1879999999999999,14.58,7.49,13.9,21.39,30.93,12.77,151.0,0.271,37.0,24.5,10.0,6.62,0.8540000000000001,0.258,24.61,12.93,14.08,27.0,31.73,16.59,286.0,0.236,83.0,29.02,12.0,4.2,0.7350000000000001,0.221,32.64,17.53,12.37,29.9,34.21,19.48
745895,2024-06-16,2024,691016,L,641927,R,field_out,False,False,84.0,0.225,29.0,34.52,11.0,13.1,0.774,0.212,34.72,15.11,16.62,31.72,29.38,31.18,118.0,0.159,37.0,31.36,10.0,8.47,0.472,0.0839999999999999,33.93,16.67,14.91,31.58,29.36,28.91,124.0,0.205,28.0,22.58,8.0,6.45,0.641,0.17,26.92,12.91,17.83,30.74,30.45,17.5,293.0,0.228,63.0,21.5,17.0,5.8,0.629,0.1209999999999999,24.59,12.9,15.05,27.94,33.04,15.98
745895,2024-06-16,2024,605204,R,641927,R,walk,False,True,94.0,0.209,22.0,23.4,5.0,5.32,0.591,0.10500000000000001,36.41,20.24,12.39,32.63,27.33,26.83,390.0,0.249,110.0,28.21,40.0,10.26,0.742,0.1589999999999999,35.24,18.37,11.47,29.84,26.41,23.09,151.0,0.271,37.0,24.5,10.0,6.62,0.8540000000000001,0.258,24.61,12.93,14.08,27.0,31.73,16.59,286.0,0.236,83.0,29.02,12.0,4.2,0.7350000000000001,0.221,32.64,17.53,12.37,29.9,34.21,19.48
745895,2024-06-16,2024,663662,R,641927,R,strikeout,True,False,30.0,0.167,6.0,20.0,0.0,0.0,0.334,0.0,26.23,15.38,14.42,29.81,33.33,20.0,,,,,,,,,,,,,,,151.0,0.271,37.0,24.5,10.0,6.62,0.8540000000000001,0.258,24.61,12.93,14.08,27.0,31.73,16.59,286.0,0.236,83.0,29.02,12.0,4.2,0.7350000000000001,0.221,32.64,17.53,12.37,29.9,34.21,19.48
745895,2024-06-16,2024,622534,R,676664,L,field_out,False,False,68.0,0.3,9.0,13.24,7.0,10.29,0.7849999999999999,0.11699999999999999,18.25,8.39,14.6,22.99,28.48,12.33,99.0,0.277,22.0,22.22,3.0,3.03,0.665,0.0949999999999999,26.88,13.81,17.68,31.49,28.93,23.66,241.0,0.237,37.0,15.35,20.0,8.3,0.722,0.175,21.03,10.32,16.25,26.56,27.46,13.12,597.0,0.232,137.0,22.95,40.0,6.7,0.749,0.214,24.94,12.75,14.01,26.77,28.36,18.52
745895,2024-06-16,2024,621043,R,676664,L,single,False,False,55.0,0.265,9.0,16.36,5.0,9.09,0.796,0.20399999999999996,16.67,7.17,18.39,25.56,20.91,15.25,136.0,0.248,19.0,13.97,17.0,12.5,0.782,0.188,21.1,9.54,17.18,26.72,26.2,13.01,241.0,0.237,37.0,15.35,20.0,8.3,0.722,0.175,21.03,10.32,16.25,26.56,27.46,13.12,597.0,0.232,137.0,22.95,40.0,6.7,0.749,0.214,24.94,12.75,14.01,26.77,28.36,18.52
745895,2024-06-16,2024,668904,R,676664,L,field_out,False,False,10.0,0.556,1.0,10.0,0.0,0.0,1.5,0.44399999999999995,27.78,16.67,13.33,30.0,38.46,11.11,56.0,0.314,12.0,21.43,5.0,8.93,0.7869999999999999,0.0979999999999999,27.66,13.33,16.92,30.26,30.21,23.53,241.0,0.237,37.0,15.35,20.0,8.3,0.722,0.175,21.03,10.32,16.25,26.56,27.46,13.12,597.0,0.232,137.0,22.95,40.0,6.7,0.749,0.214,24.94,12.75,14.01,26.77,28.36,18.52
745895,2024-06-16,2024,669304,R,676664,L,single,False,False,60.0,0.241,8.0,13.33,1.0,1.67,0.646,0.138,16.96,9.22,13.11,22.33,36.54,13.79,32.0,0.226,6.0,18.75,1.0,3.12,0.573,0.097,29.85,17.54,10.53,28.07,44.44,20.0,241.0,0.237,37.0,15.35,20.0,8.3,0.722,0.175,21.03,10.32,16.25,26.56,27.46,13.12,597.0,0.232,137.0,22.95,40.0,6.7,0.749,0.214,24.94,12.75,14.01,26.77,28.36,18.52
745895,2024-06-16,2024,621439,R,676664,L,field_out,False,False,52.0,0.25,16.0,30.77,3.0,5.77,0.766,0.20800000000000002,30.3,14.93,16.42,31.34,25.53,25.0,90.0,0.179,29.0,32.22,9.0,10.0,0.628,0.193,33.14,15.66,14.56,30.22,23.24,27.88,241.0,0.237,37.0,15.35,20.0,8.3,0.722,0.175,21.03,10.32,16.25,26.56,27.46,13.12,597.0,0.232,137.0,22.95,40.0,6.7,0.749,0.214,24.94,12.75,14.01,26.77,28.36,18.52
745895,2024-06-16,2024,668832,L,641927,R,field_out,False,False,74.0,0.292,21.0,28.38,9.0,12.16,0.855,0.185,41.86,18.12,15.77,33.89,17.86,24.71,,,,,,,,,,,,,,,124.0,0.205,28.0,22.58,8.0,6.45,0.641,0.17,26.92,12.91,17.83,30.74,30.45,17.5,293.0,0.228,63.0,21.5,17.0,5.8,0.629,0.1209999999999999,24.59,12.9,15.05,27.94,33.04,15.98
745895,2024-06-16,2024,680474,R,641927,R,strikeout,True,False,121.0,0.25,33.0,27.27,10.0,8.26,0.649,0.07400000000000001,28.37,11.9,20.77,32.66,21.15,22.6,,,,,,,,,,,,,,,151.0,0.271,37.0,24.5,10.0,6.62,0.8540000000000001,0.258,24.61,12.93,14.08,27.0,31.73,16.59,286.0,0.236,83.0,29.02,12.0,4.2,0.7350000000000001,0.221,32.64,17.53,12.37,29.9,34.21,19.48
745895,2024-06-16,2024,647351,L,641927,R,single,False,False,208.0,0.246,44.0,21.15,9.0,4.33,0.6619999999999999,0.123,19.74,9.44,17.76,27.2,30.67,19.73,20.0,0.412,5.0,25.0,2.0,10.0,1.265,0.353,37.04,15.62,26.56,42.19,25.0,31.25,124.0,0.205,28.0,22.58,8.0,6.45,0.641,0.17,26.92,12.91,17.83,30.74,30.45,17.5,293.0,0.228,63.0,21.5,17.0,5.8,0.629,0.1209999999999999,24.59,12.9,15.05,27.94,33.04,15.98
745895,2024-06-16,2024,668709,L,641927,R,single,False,False,235.0,0.245,42.0,17.87,29.0,12.34,0.764,0.177,25.0,10.7,17.01,27.7,22.08,17.5,232.0,0.209,53.0,22.84,35.0,15.09,0.726,0.184,28.61,12.18,15.3,27.48,19.27,20.46,124.0,0.205,28.0,22.58,8.0,6.45,0.641,0.17,26.92,12.91,17.83,30.74,30.45,17.5,293.0,0.228,63.0,21.5,17.0,5.8,0.629,0.1209999999999999,24.59,12.9,15.05,27.94,33.04,15.98
745895,2024-06-16,2024,667670,R,641927,R,strikeout,True,False,186.0,0.272,66.0,35.48,21.0,11.29,0.881,0.247,38.01,18.34,13.0,31.34,30.35,28.7,351.0,0.23,115.0,32.76,33.0,9.4,0.788,0.2419999999999999,37.94,17.82,16.3,34.12,28.65,23.47,151.0,0.271,37.0,24.5,10.0,6.62,0.8540000000000001,0.258,24.61,12.93,14.08,27.0,31.73,16.59,286.0,0.236,83.0,29.02,12.0,4.2,0.7350000000000001,0.221,32.64,17.53,12.37,29.9,34.21,19.48
745895,2024-06-16,2024,680777,R,676664,L,single,False,False,70.0,0.219,20.0,28.57,4.0,5.71,0.77,0.265,28.57,13.38,18.59,31.97,31.82,24.69,95.0,0.263,23.0,24.21,14.0,14.74,0.94,0.29,28.57,11.73,16.53,28.27,26.11,22.77,241.0,0.237,37.0,15.35,20.0,8.3,0.722,0.175,21.03,10.32,16.25,26.56,27.46,13.12,597.0,0.232,137.0,22.95,40.0,6.7,0.749,0.214,24.94,12.75,14.01,26.77,28.36,18.52
745895,2024-06-16,2024,650489,R,676664,L,field_out,False,False,63.0,0.356,18.0,28.57,3.0,4.76,0.9390000000000001,0.18600000000000005,30.71,15.42,16.6,32.02,34.13,22.5,129.0,0.237,26.0,20.16,11.0,8.53,0.636,0.079,27.27,14.12,14.71,28.82,33.85,15.03,241.0,0.237,37.0,15.35,20.0,8.3,0.722,0.175,21.03,10.32,16.25,26.56,27.46,13.12,597.0,0.232,137.0,22.95,40.0,6.7,0.749,0.214,24.94,12.75,14.01,26.77,28.36,18.52
745895,2024-06-16,2024,467793,R,676664,L,field_out,False,False,62.0,0.271,11.0,17.74,2.0,3.23,0.8200000000000001,0.254,26.79,12.35,18.52,30.86,24.32,17.19,162.0,0.266,21.0,12.96,20.0,12.35,0.8069999999999999,0.187,16.6,6.97,17.43,24.41,22.49,13.04,241.0,0.237,37.0,15.35,20.0,8.3,0.722,0.175,21.03,10.32,16.25,26.56,27.46,13.12,597.0,0.232,137.0,22.95,40.0,6.7,0.749,0.214,24.94,12.75,14.01,26.77,28.36,18.52
745895,2024-06-16,2024,571657,R,676664,L,walk,False,True,56.0,0.224,12.0,21.43,5.0,8.93,0.607,0.06199999999999997,21.51,9.43,20.75,30.19,30.39,20.34,128.0,0.289,27.0,21.09,10.0,7.81,0.782,0.141,24.78,11.45,20.65,32.11,31.62,18.88,241.0,0.237,37.0,15.35,20.0,8.3,0.722,0.175,21.03,10.32,16.25,26.56,27.46,13.12,597.0,0.232,137.0,22.95,40.0,6.7,0.749,0.214,24.94,12.75,14.01,26.77,28.36,18.52
745895,2024-06-16,2024,622534,R,676664,L,field_out,False,False,68.0,0.3,9.0,13.24,7.0,10.29,0.7849999999999999,0.11699999999999999,18.25,8.39,14.6,22.99,28.48,12.33,99.0,0.277,22.0,22.22,3.0,3.03,0.665,0.0949999999999999,26.88,13.81,17.68,31.49,28.93,23.66,241.0,0.237,37.0,15.35,20.0,8.3,0.722,0.175,21.03,10.32,16.25,26.56,27.46,13.12,597.0,0.232,137.0,22.95,40.0,6.7,0.749,0.214,24.94,12.75,14.01,26.77,28.36,18.52
745895,2024-06-16,2024,609280,R,641927,R,field_out,False,False,67.0,0.292,12.0,17.91,1.0,1.49,0.6990000000000001,0.10800000000000004,15.04,7.78,17.51,25.29,37.21,16.22,52.0,0.229,6.0,11.54,4.0,7.69,0.705,0.1879999999999999,14.58,7.49,13.9,21.39,30.93,12.77,151.0,0.271,37.0,24.5,10.0,6.62,0.8540000000000001,0.258,24.61,12.93,14.08,27.0,31.73,16.59,286.0,0.236,83.0,29.02,12.0,4.2,0.7350000000000001,0.221,32.64,17.53,12.37,29.9,34.21,19.48
745895,2024-06-16,2024,691016,L,641927,R,single,False,False,84.0,0.225,29.0,34.52,11.0,13.1,0.774,0.212,34.72,15.11,16.62,31.72,29.38,31.18,118.0,0.159,37.0,31.36,10.0,8.47,0.472,0.0839999999999999,33.93,16.67,14.91,31.58,29.36,28.91,124.0,0.205,28.0,22.58,8.0,6.45,0.641,0.17,26.92,12.91,17.83,30.74,30.45,17.5,293.0,0.228,63.0,21.5,17.0,5.8,0.629,0.1209999999999999,24.59,12.9,15.05,27.94,33.04,15.98
745895,2024-06-16,2024,605204,R,641927,R,single,False,False,94.0,0.209,22.0,23.4,5.0,5.32,0.591,0.10500000000000001,36.41,20.24,12.39,32.63,27.33,26.83,390.0,0.249,110.0,28.21,40.0,10.26,0.742,0.1589999999999999,35.24,18.37,11.47,29.84,26.41,23.09,151.0,0.271,37.0,24.5,10.0,6.62,0.8540000000000001,0.258,24.61,12.93,14.08,27.0,31.73,16.59,286.0,0.236,83.0,29.02,12.0,4.2,0.7350000000000001,0.221,32.64,17.53,12.37,29.9,34.21,19.48
745895,2024-06-16,2024,663662,R,641927,R,strikeout,True,False,30.0,0.167,6.0,20.0,0.0,0.0,0.334,0.0,26.23,15.38,14.42,29.81,33.33,20.0,,,,,,,,,,,,,,,151.0,0.271,37.0,24.5,10.0,6.62,0.8540000000000001,0.258,24.61,12.93,14.08,27.0,31.73,16.59,286.0,0.236,83.0,29.02,12.0,4.2,0.7350000000000001,0.221,32.64,17.53,12.37,29.9,34.21,19.48
745895,2024-06-16,2024,621043,R,676664,L,home_run,False,False,55.0,0.265,9.0,16.36,5.0,9.09,0.796,0.20399999999999996,16.67,7.17,18.39,25.56,20.91,15.25,136.0,0.248,19.0,13.97,17.0,12.5,0.782,0.188,21.1,9.54,17.18,26.72,26.2,13.01,241.0,0.237,37.0,15.35,20.0,8.3,0.722,0.175,21.03,10.32,16.25,26.56,27.46,13.12,597.0,0.232,137.0,22.95,40.0,6.7,0.749,0.214,24.94,12.75,14.01,26.77,28.36,18.52
745895,2024-06-16,2024,668904,R,676664,L,single,False,False,10.0,0.556,1.0,10.0,0.0,0.0,1.5,0.44399999999999995,27.78,16.67,13.33,30.0,38.46,11.11,56.0,0.314,12.0,21.43,5.0,8.93,0.7869999999999999,0.0979999999999999,27.66,13.33,16.92,30.26,30.21,23.53,241.0,0.237,37.0,15.35,20.0,8.3,0.722,0.175,21.03,10.32,16.25,26.56,27.46,13.12,597.0,0.232,137.0,22.95,40.0,6.7,0.749,0.214,24.94,12.75,14.01,26.77,28.36,18.52
745895,2024-06-16,2024,669304,R,676664,L,field_out,False,False,60.0,0.241,8.0,13.33,1.0,1.67,0.646,0.138,16.96,9.22,13.11,22.33,36.54,13.79,32.0,0.226,6.0,18.75,1.0,3.12,0.573,0.097,29.85,17.54,10.53,28.07,44.44,20.0,241.0,0.237,37.0,15.35,20.0,8.3,0.722,0.175,21.03,10.32,16.25,26.56,27.46,13.12,597.0,0.232,137.0,22.95,40.0,6.7,0.749,0.214,24.94,12.75,14.01,26.77,28.36,18.52
745895,2024-06-16,2024,621439,R,676664,L,field_out,False,False,52.0,0.25,16.0,30.77,3.0,5.77,0.766,0.20800000000000002,30.3,14.93,16.42,31.34,25.53,25.0,90.0,0.179,29.0,32.22,9.0,10.0,0.628,0.193,33.14,15.66,14.56,30.22,23.24,27.88,241.0,0.237,37.0,15.35,20.0,8.3,0.722,0.175,21.03,10.32,16.25,26.56,27.46,13.12,597.0,0.232,137.0,22.95,40.0,6.7,0.749,0.214,24.94,12.75,14.01,26.77,28.36,18.52
745895,2024-06-16,2024,680777,R,676664,L,field_out,False,False,70.0,0.219,20.0,28.57,4.0,5.71,0.77,0.265,28.57,13.38,18.59,31.97,31.82,24.69,95.0,0.263,23.0,24.21,14.0,14.74,0.94,0.29,28.57,11.73,16.53,28.27,26.11,22.77,241.0,0.237,37.0,15.35,20.0,8.3,0.722,0.175,21.03,10.32,16.25,26.56,27.46,13.12,597.0,0.232,137.0,22.95,40.0,6.7,0.749,0.214,24.94,12.75,14.01,26.77,28.36,18.52
745895,2024-06-16,2024,668832,L,641927,R,strikeout,True,False,74.0,0.292,21.0,28.38,9.0,12.16,0.855,0.185,41.86,18.12,15.77,33.89,17.86,24.71,,,,,,,,,,,,,,,124.0,0.205,28.0,22.58,8.0,6.45,0.641,0.17,26.92,12.91,17.83,30.74,30.45,17.5,293.0,0.228,63.0,21.5,17.0,5.8,0.629,0.1209999999999999,24.59,12.9,15.05,27.94,33.04,15.98
745895,2024-06-16,2024,680474,R,641927,R,strikeout,True,False,121.0,0.25,33.0,27.27,10.0,8.26,0.649,0.07400000000000001,28.37,11.9,20.77,32.66,21.15,22.6,,,,,,,,,,,,,,,151.0,0.271,37.0,24.5,10.0,6.62,0.8540000000000001,0.258,24.61,12.93,14.08,27.0,31.73,16.59,286.0,0.236,83.0,29.02,12.0,4.2,0.7350000000000001,0.221,32.64,17.53,12.37,29.9,34.21,19.48
745895,2024-06-16,2024,647351,L,641927,R,field_out,False,False,208.0,0.246,44.0,21.15,9.0,4.33,0.6619999999999999,0.123,19.74,9.44,17.76,27.2,30.67,19.73,20.0,0.412,5.0,25.0,2.0,10.0,1.265,0.353,37.04,15.62,26.56,42.19,25.0,31.25,124.0,0.205,28.0,22.58,8.0,6.45,0.641,0.17,26.92,12.91,17.83,30.74,30.45,17.5,293.0,0.228,63.0,21.5,17.0,5.8,0.629,0.1209999999999999,24.59,12.9,15.05,27.94,33.04,15.98
745895,2024-06-16,2024,650489,R,676664,L,field_out,False,False,63.0,0.356,18.0,28.57,3.0,4.76,0.9390000000000001,0.18600000000000005,30.71,15.42,16.6,32.02,34.13,22.5,129.0,0.237,26.0,20.16,11.0,8.53,0.636,0.079,27.27,14.12,14.71,28.82,33.85,15.03,241.0,0.237,37.0,15.35,20.0,8.3,0.722,0.175,21.03,10.32,16.25,26.56,27.46,13.12,597.0,0.232,137.0,22.95,40.0,6.7,0.749,0.214,24.94,12.75,14.01,26.77,28.36,18.52
745895,2024-06-16,2024,467793,R,676664,L,single,False,False,62.0,0.271,11.0,17.74,2.0,3.23,0.8200000000000001,0.254,26.79,12.35,18.52,30.86,24.32,17.19,162.0,0.266,21.0,12.96,20.0,12.35,0.8069999999999999,0.187,16.6,6.97,17.43,24.41,22.49,13.04,241.0,0.237,37.0,15.35,20.0,8.3,0.722,0.175,21.03,10.32,16.25,26.56,27.46,13.12,597.0,0.232,137.0,22.95,40.0,6.7,0.749,0.214,24.94,12.75,14.01,26.77,28.36,18.52
745895,2024-06-16,2024,571657,R,657697,R,field_out,False,False,63.0,0.164,12.0,19.05,5.0,7.94,0.525,0.091,20.19,9.77,16.74,26.51,33.98,23.08,241.0,0.239,59.0,24.48,13.0,5.39,0.6950000000000001,0.157,22.45,10.88,18.24,29.12,32.6,21.61,12.0,0.545,1.0,8.33,1.0,8.33,1.2189999999999999,0.09099999999999997,21.05,9.3,16.28,25.58,19.23,16.67,10.0,0.222,2.0,20.0,0.0,0.0,0.633,0.111,25.0,12.5,18.75,31.25,28.57,18.18
745895,2024-06-16,2024,622534,R,657697,R,field_out,False,False,77.0,0.171,15.0,19.48,6.0,7.79,0.476,0.057999999999999996,22.56,11.15,17.1,28.25,29.84,20.0,237.0,0.258,33.0,13.92,15.0,6.33,0.694,0.12,23.38,11.66,15.01,26.67,32.22,16.02,12.0,0.545,1.0,8.33,1.0,8.33,1.2189999999999999,0.09099999999999997,21.05,9.3,16.28,25.58,19.23,16.67,10.0,0.222,2.0,20.0,0.0,0.0,0.633,0.111,25.0,12.5,18.75,31.25,28.57,18.18
745895,2024-06-16,2024,668709,L,641927,R,field_out,False,False,235.0,0.245,42.0,17.87,29.0,12.34,0.764,0.177,25.0,10.7,17.01,27.7,22.08,17.5,232.0,0.209,53.0,22.84,35.0,15.09,0.726,0.184,28.61,12.18,15.3,27.48,19.27,20.46,124.0,0.205,28.0,22.58,8.0,6.45,0.641,0.17,26.92,12.91,17.83,30.74,30.45,17.5,293.0,0.228,63.0,21.5,17.0,5.8,0.629,0.1209999999999999,24.59,12.9,15.05,27.94,33.04,15.98
745895,2024-06-16,2024,667670,R,641927,R,walk,False,True,186.0,0.272,66.0,35.48,21.0,11.29,0.881,0.247,38.01,18.34,13.0,31.34,30.35,28.7,351.0,0.23,115.0,32.76,33.0,9.4,0.788,0.2419999999999999,37.94,17.82,16.3,34.12,28.65,23.47,151.0,0.271,37.0,24.5,10.0,6.62,0.8540000000000001,0.258,24.61,12.93,14.08,27.0,31.73,16.59,286.0,0.236,83.0,29.02,12.0,4.2,0.7350000000000001,0.221,32.64,17.53,12.37,29.9,34.21,19.48
745895,2024-06-16,2024,609280,R,641927,R,single,False,False,67.0,0.292,12.0,17.91,1.0,1.49,0.6990000000000001,0.10800000000000004,15.04,7.78,17.51,25.29,37.21,16.22,52.0,0.229,6.0,11.54,4.0,7.69,0.705,0.1879999999999999,14.58,7.49,13.9,21.39,30.93,12.77,151.0,0.271,37.0,24.5,10.0,6.62,0.8540000000000001,0.258,24.61,12.93,14.08,27.0,31.73,16.59,286.0,0.236,83.0,29.02,12.0,4.2,0.7350000000000001,0.221,32.64,17.53,12.37,29.9,34.21,19.48
745895,2024-06-16,2024,691016,L,641927,R,grounded_into_double_play,False,False,84.0,0.225,29.0,34.52,11.0,13.1,0.774,0.212,34.72,15.11,16.62,31.72,29.38,31.18,118.0,0.159,37.0,31.36,10.0,8.47,0.472,0.0839999999999999,33.93,16.67,14.91,31.58,29.36,28.91,124.0,0.205,28.0,22.58,8.0,6.45,0.641,0.17,26.92,12.91,17.83,30.74,30.45,17.5,293.0,0.228,63.0,21.5,17.0,5.8,0.629,0.1209999999999999,24.59,12.9,15.05,27.94,33.04,15.98
745895,2024-06-16,2024,621043,R,657697,R,field_out,False,False,162.0,0.31,32.0,19.75,17.0,10.49,0.856,0.16899999999999998,20.82,9.02,20.13,29.15,28.05,17.88,444.0,0.224,112.0,25.23,42.0,9.46,0.69,0.164,26.37,11.3,19.9,31.19,27.0,21.72,12.0,0.545,1.0,8.33,1.0,8.33,1.2189999999999999,0.09099999999999997,21.05,9.3,16.28,25.58,19.23,16.67,10.0,0.222,2.0,20.0,0.0,0.0,0.633,0.111,25.0,12.5,18.75,31.25,28.57,18.18
745895,2024-06-16,2024,668904,R,657697,R,walk,False,True,27.0,0.32,4.0,14.81,2.0,7.41,1.21,0.52,29.17,13.73,13.73,27.45,24.07,14.81,183.0,0.307,43.0,23.5,15.0,8.2,0.962,0.283,27.16,12.8,18.57,31.36,28.0,20.98,12.0,0.545,1.0,8.33,1.0,8.33,1.2189999999999999,0.09099999999999997,21.05,9.3,16.28,25.58,19.23,16.67,10.0,0.222,2.0,20.0,0.0,0.0,0.633,0.111,25.0,12.5,18.75,31.25,28.57,18.18
745895,2024-06-16,2024,669304,R,657697,R,grounded_into_double_play,False,False,129.0,0.288,20.0,15.5,7.0,5.43,0.8280000000000001,0.20400000000000001,20.81,9.98,17.79,27.77,33.06,18.87,120.0,0.207,18.0,15.0,8.0,6.67,0.5640000000000001,0.09,23.72,11.83,13.69,25.52,32.37,15.04,12.0,0.545,1.0,8.33,1.0,8.33,1.2189999999999999,0.09099999999999997,21.05,9.3,16.28,25.58,19.23,16.67,10.0,0.222,2.0,20.0,0.0,0.0,0.633,0.111,25.0,12.5,18.75,31.25,28.57,18.18
745895,2024-06-16,2024,605204,R,641927,R,field_out,False,False,94.0,0.209,22.0,23.4,5.0,5.32,0.591,0.10500000000000001,36.41,20.24,12.39,32.63,27.33,26.83,390.0,0.249,110.0,28.21,40.0,10.26,0.742,0.1589999999999999,35.24,18.37,11.47,29.84,26.41,23.09,151.0,0.271,37.0,24.5,10.0,6.62,0.8540000000000001,0.258,24.61,12.93,14.08,27.0,31.73,16.59,286.0,0.236,83.0,29.02,12.0,4.2,0.7350000000000001,0.221,32.64,17.53,12.37,29.9,34.21,19.48
745895,2024-06-16,2024,663662,R,641927,R,home_run,False,False,30.0,0.167,6.0,20.0,0.0,0.0,0.334,0.0,26.23,15.38,14.42,29.81,33.33,20.0,,,,,,,,,,,,,,,151.0,0.271,37.0,24.5,10.0,6.62,0.8540000000000001,0.258,24.61,12.93,14.08,27.0,31.73,16.59,286.0,0.236,83.0,29.02,12.0,4.2,0.7350000000000001,0.221,32.64,17.53,12.37,29.9,34.21,19.48
745895,2024-06-16,2024,668832,L,660896,R,strikeout,True,False,74.0,0.292,21.0,28.38,9.0,12.16,0.855,0.185,41.86,18.12,15.77,33.89,17.86,24.71,,,,,,,,,,,,,,,41.0,0.156,10.0,24.39,7.0,17.07,0.46399999999999997,0.0,29.33,12.87,16.96,29.82,19.51,19.61,29.0,0.125,4.0,13.79,4.0,13.79,0.491,0.125,25.0,9.92,20.66,30.58,27.42,11.76
745895,2024-06-16,2024,680474,R,660896,R,field_out,False,False,121.0,0.25,33.0,27.27,10.0,8.26,0.649,0.07400000000000001,28.37,11.9,20.77,32.66,21.15,22.6,,,,,,,,,,,,,,,47.0,0.2,10.0,21.28,5.0,10.64,0.573,0.07500000000000001,34.88,16.57,14.92,31.49,26.97,16.95,46.0,0.282,12.0,26.09,6.0,13.04,1.058,0.385,25.61,10.55,18.09,28.64,22.02,21.43
745895,2024-06-16,2024,621439,R,669620,L,single,False,False,52.0,0.25,16.0,30.77,3.0,5.77,0.766,0.20800000000000002,30.3,14.93,16.42,31.34,25.53,25.0,90.0,0.179,29.0,32.22,9.0,10.0,0.628,0.193,33.14,15.66,14.56,30.22,23.24,27.88,2.0,0.0,1.0,50.0,0.0,0.0,0.0,0.0,66.67,33.33,16.67,50.0,33.33,100.0,,,,,,,,,,,,,,
745895,2024-06-16,2024,680777,R,669620,L,field_out,False,False,70.0,0.219,20.0,28.57,4.0,5.71,0.77,0.265,28.57,13.38,18.59,31.97,31.82,24.69,95.0,0.263,23.0,24.21,14.0,14.74,0.94,0.29,28.57,11.73,16.53,28.27,26.11,22.77,2.0,0.0,1.0,50.0,0.0,0.0,0.0,0.0,66.67,33.33,16.67,50.0,33.33,100.0,,,,,,,,,,,,,,
745895,2024-06-16,2024,650489,R,669620,L,field_out,False,False,63.0,0.356,18.0,28.57,3.0,4.76,0.9390000000000001,0.18600000000000005,30.71,15.42,16.6,32.02,34.13,22.5,129.0,0.237,26.0,20.16,11.0,8.53,0.636,0.079,27.27,14.12,14.71,28.82,33.85,15.03,2.0,0.0,1.0,50.0,0.0,0.0,0.0,0.0,66.67,33.33,16.67,50.0,33.33,100.0,,,,,,,,,,,,,,
745895,2024-06-16,2024,467793,R,669620,L,home_run,False,False,62.0,0.271,11.0,17.74,2.0,3.23,0.8200000000000001,0.254,26.79,12.35,18.52,30.86,24.32,17.19,162.0,0.266,21.0,12.96,20.0,12.35,0.8069999999999999,0.187,16.6,6.97,17.43,24.41,22.49,13.04,2.0,0.0,1.0,50.0,0.0,0.0,0.0,0.0,66.67,33.33,16.67,50.0,33.33,100.0,,,,,,,,,,,,,,
745895,2024-06-16,2024,571657,R,669620,L,single,False,False,56.0,0.224,12.0,21.43,5.0,8.93,0.607,0.06199999999999997,21.51,9.43,20.75,30.19,30.39,20.34,128.0,0.289,27.0,21.09,10.0,7.81,0.782,0.141,24.78,11.45,20.65,32.11,31.62,18.88,2.0,0.0,1.0,50.0,0.0,0.0,0.0,0.0,66.67,33.33,16.67,50.0,33.33,100.0,,,,,,,,,,,,,,
745895,2024-06-16,2024,622534,R,669620,L,pickoff_caught_stealing_2b,False,False,68.0,0.3,9.0,13.24,7.0,10.29,0.7849999999999999,0.11699999999999999,18.25,8.39,14.6,22.99,28.48,12.33,99.0,0.277,22.0,22.22,3.0,3.03,0.665,0.0949999999999999,26.88,13.81,17.68,31.49,28.93,23.66,2.0,0.0,1.0,50.0,0.0,0.0,0.0,0.0,66.67,33.33,16.67,50.0,33.33,100.0,,,,,,,,,,,,,,
745895,2024-06-16,2024,647351,L,660896,R,field_out,False,False,208.0,0.246,44.0,21.15,9.0,4.33,0.6619999999999999,0.123,19.74,9.44,17.76,27.2,30.67,19.73,20.0,0.412,5.0,25.0,2.0,10.0,1.265,0.353,37.04,15.62,26.56,42.19,25.0,31.25,41.0,0.156,10.0,24.39,7.0,17.07,0.46399999999999997,0.0,29.33,12.87,16.96,29.82,19.51,19.61,29.0,0.125,4.0,13.79,4.0,13.79,0.491,0.125,25.0,9.92,20.66,30.58,27.42,11.76
745895,2024-06-16,2024,668709,L,660896,R,double,False,False,235.0,0.245,42.0,17.87,29.0,12.34,0.764,0.177,25.0,10.7,17.01,27.7,22.08,17.5,232.0,0.209,53.0,22.84,35.0,15.09,0.726,0.184,28.61,12.18,15.3,27.48,19.27,20.46,41.0,0.156,10.0,24.39,7.0,17.07,0.46399999999999997,0.0,29.33,12.87,16.96,29.82,19.51,19.61,29.0,0.125,4.0,13.79,4.0,13.79,0.491,0.125,25.0,9.92,20.66,30.58,27.42,11.76
745895,2024-06-16,2024,667670,R,660896,R,field_out,False,False,186.0,0.272,66.0,35.48,21.0,11.29,0.881,0.247,38.01,18.34,13.0,31.34,30.35,28.7,351.0,0.23,115.0,32.76,33.0,9.4,0.788,0.2419999999999999,37.94,17.82,16.3,34.12,28.65,23.47,47.0,0.2,10.0,21.28,5.0,10.64,0.573,0.07500000000000001,34.88,16.57,14.92,31.49,26.97,16.95,46.0,0.282,12.0,26.09,6.0,13.04,1.058,0.385,25.61,10.55,18.09,28.64,22.02,21.43
745895,2024-06-16,2024,609280,R,660896,R,field_out,False,False,67.0,0.292,12.0,17.91,1.0,1.49,0.6990000000000001,0.10800000000000004,15.04,7.78,17.51,25.29,37.21,16.22,52.0,0.229,6.0,11.54,4.0,7.69,0.705,0.1879999999999999,14.58,7.49,13.9,21.39,30.93,12.77,47.0,0.2,10.0,21.28,5.0,10.64,0.573,0.07500000000000001,34.88,16.57,14.92,31.49,26.97,16.95,46.0,0.282,12.0,26.09,6.0,13.04,1.058,0.385,25.61,10.55,18.09,28.64,22.02,21.43
745895,2024-06-16,2024,622534,R,669620,L,strikeout,True,False,68.0,0.3,9.0,13.24,7.0,10.29,0.7849999999999999,0.11699999999999999,18.25,8.39,14.6,22.99,28.48,12.33,99.0,0.277,22.0,22.22,3.0,3.03,0.665,0.0949999999999999,26.88,13.81,17.68,31.49,28.93,23.66,2.0,0.0,1.0,50.0,0.0,0.0,0.0,0.0,66.67,33.33,16.67,50.0,33.33,100.0,,,,,,,,,,,,,,
745895,2024-06-16,2024,621043,R,669620,L,strikeout,True,False,55.0,0.265,9.0,16.36,5.0,9.09,0.796,0.20399999999999996,16.67,7.17,18.39,25.56,20.91,15.25,136.0,0.248,19.0,13.97,17.0,12.5,0.782,0.188,21.1,9.54,17.18,26.72,26.2,13.01,2.0,0.0,1.0,50.0,0.0,0.0,0.0,0.0,66.67,33.33,16.67,50.0,33.33,100.0,,,,,,,,,,,,,,
745895,2024-06-16,2024,668904,R,669620,L,field_out,False,False,10.0,0.556,1.0,10.0,0.0,0.0,1.5,0.44399999999999995,27.78,16.67,13.33,30.0,38.46,11.11,56.0,0.314,12.0,21.43,5.0,8.93,0.7869999999999999,0.0979999999999999,27.66,13.33,16.92,30.26,30.21,23.53,2.0,0.0,1.0,50.0,0.0,0.0,0.0,0.0,66.67,33.33,16.67,50.0,33.33,100.0,,,,,,,,,,,,,,
745895,2024-06-16,2024,691016,L,663485,R,field_out,False,False,84.0,0.225,29.0,34.52,11.0,13.1,0.774,0.212,34.72,15.11,16.62,31.72,29.38,31.18,118.0,0.159,37.0,31.36,10.0,8.47,0.472,0.0839999999999999,33.93,16.67,14.91,31.58,29.36,28.91,52.0,0.25,15.0,28.85,2.0,3.85,0.717,0.15899999999999997,19.61,9.35,16.36,25.7,30.28,19.74,54.0,0.261,11.0,20.37,8.0,14.81,0.913,0.282,14.68,6.67,15.0,21.67,17.95,12.79
745895,2024-06-16,2024,605204,R,663485,R,single,False,False,94.0,0.209,22.0,23.4,5.0,5.32,0.591,0.10500000000000001,36.41,20.24,12.39,32.63,27.33,26.83,390.0,0.249,110.0,28.21,40.0,10.26,0.742,0.1589999999999999,35.24,18.37,11.47,29.84,26.41,23.09,79.0,0.216,22.0,27.85,2.0,2.53,0.607,0.13499999999999998,28.08,14.8,17.69,32.49,39.1,25.88,45.0,0.205,10.0,22.22,6.0,13.33,0.619,0.103,26.76,10.98,21.97,32.95,29.89,16.95
745895,2024-06-16,2024,663662,R,663485,R,walk,False,True,30.0,0.167,6.0,20.0,0.0,0.0,0.334,0.0,26.23,15.38,14.42,29.81,33.33,20.0,,,,,,,,,,,,,,,79.0,0.216,22.0,27.85,2.0,2.53,0.607,0.13499999999999998,28.08,14.8,17.69,32.49,39.1,25.88,45.0,0.205,10.0,22.22,6.0,13.33,0.619,0.103,26.76,10.98,21.97,32.95,29.89,16.95
745895,2024-06-16,2024,668832,L,663485,R,single,False,False,74.0,0.292,21.0,28.38,9.0,12.16,0.855,0.185,41.86,18.12,15.77,33.89,17.86,24.71,,,,,,,,,,,,,,,52.0,0.25,15.0,28.85,2.0,3.85,0.717,0.15899999999999997,19.61,9.35,16.36,25.7,30.28,19.74,54.0,0.261,11.0,20.37,8.0,14.81,0.913,0.282,14.68,6.67,15.0,21.67,17.95,12.79
745895,2024-06-16,2024,680474,R,663485,R,strikeout,True,False,121.0,0.25,33.0,27.27,10.0,8.26,0.649,0.07400000000000001,28.37,11.9,20.77,32.66,21.15,22.6,,,,,,,,,,,,,,,79.0,0.216,22.0,27.85,2.0,2.53,0.607,0.13499999999999998,28.08,14.8,17.69,32.49,39.1,25.88,45.0,0.205,10.0,22.22,6.0,13.33,0.619,0.103,26.76,10.98,21.97,32.95,29.89,16.95
745895,2024-06-16,2024,647351,L,661395,R,field_out,False,False,208.0,0.246,44.0,21.15,9.0,4.33,0.6619999999999999,0.123,19.74,9.44,17.76,27.2,30.67,19.73,20.0,0.412,5.0,25.0,2.0,10.0,1.265,0.353,37.04,15.62,26.56,42.19,25.0,31.25,43.0,0.194,9.0,20.93,5.0,11.63,0.671,0.16699999999999998,32.5,15.48,14.88,30.36,26.83,17.31,128.0,0.205,51.0,39.84,14.0,10.94,0.523,0.027,41.24,20.66,12.8,33.46,29.78,27.62
746866,2024-06-16,2024,691026,R,592791,R,field_out,False,False,153.0,0.324,25.0,16.34,11.0,7.19,0.768,0.08000000000000002,16.11,7.57,18.61,26.18,29.33,12.63,100.0,0.161,19.0,19.0,9.0,9.0,0.478,0.0799999999999999,21.56,9.11,22.03,31.14,24.87,14.88,122.0,0.261,18.0,14.75,3.0,2.46,0.6140000000000001,0.07800000000000001,18.64,10.07,17.2,27.27,33.14,15.79,330.0,0.252,77.0,23.33,9.0,2.73,0.653,0.124,24.68,12.85,17.91,30.76,34.04,20.87
746866,2024-06-16,2024,676475,L,592791,R,field_out,False,False,158.0,0.3,24.0,15.19,7.0,4.43,0.802,0.16700000000000004,19.57,11.13,11.84,22.97,34.86,15.0,318.0,0.243,39.0,12.26,21.0,6.6,0.698,0.156,17.66,9.16,14.01,23.17,33.05,13.13,114.0,0.272,22.0,19.3,11.0,9.65,0.759,0.14499999999999996,14.85,6.42,19.7,26.12,25.55,14.29,326.0,0.266,63.0,19.33,32.0,9.82,0.8540000000000001,0.248,19.32,8.96,15.81,24.77,25.19,16.36
746866,2024-06-16,2024,502671,R,592791,R,single,False,False,215.0,0.204,70.0,32.56,17.0,7.91,0.613,0.13800000000000004,29.41,14.04,18.57,32.61,30.16,20.24,518.0,0.259,120.0,23.17,67.0,12.93,0.8049999999999999,0.187,27.85,12.3,17.85,30.16,25.85,17.44,122.0,0.261,18.0,14.75,3.0,2.46,0.6140000000000001,0.07800000000000001,18.64,10.07,17.2,27.27,33.14,15.79,330.0,0.252,77.0,23.33,9.0,2.73,0.653,0.124,24.68,12.85,17.91,30.76,34.04,20.87
746866,2024-06-16,2024,669357,L,592791,R,single,False,False,172.0,0.216,62.0,36.05,18.0,10.47,0.7689999999999999,0.255,39.83,19.54,14.69,34.24,29.41,27.31,378.0,0.231,124.0,32.8,42.0,11.11,0.7969999999999999,0.2459999999999999,35.96,17.73,12.12,29.85,28.13,25.15,114.0,0.272,22.0,19.3,11.0,9.65,0.759,0.14499999999999996,14.85,6.42,19.7,26.12,25.55,14.29,326.0,0.266,63.0,19.33,32.0,9.82,0.8540000000000001,0.248,19.32,8.96,15.81,24.77,25.19,16.36
746866,2024-06-16,2024,571448,R,592791,R,strikeout,True,False,220.0,0.27,42.0,19.09,19.0,8.64,0.7290000000000001,0.123,21.74,9.54,20.31,29.85,30.08,16.03,468.0,0.28,81.0,17.31,31.0,6.62,0.8089999999999999,0.2009999999999999,20.4,9.71,17.28,26.99,33.33,16.43,122.0,0.261,18.0,14.75,3.0,2.46,0.6140000000000001,0.07800000000000001,18.64,10.07,17.2,27.27,33.14,15.79,330.0,0.252,77.0,23.33,9.0,2.73,0.653,0.124,24.68,12.85,17.91,30.76,34.04,20.87
746866,2024-06-16,2024,643565,L,571945,R,strikeout,True,False,199.0,0.254,39.0,19.6,26.0,13.07,0.761,0.14800000000000002,22.58,11.02,12.37,23.4,23.02,12.62,345.0,0.253,73.0,21.16,50.0,14.49,0.739,0.121,23.95,9.92,17.49,27.41,19.14,15.57,153.0,0.264,30.0,19.61,10.0,6.54,0.7849999999999999,0.20699999999999996,18.22,8.09,20.48,28.57,23.51,16.3,409.0,0.285,62.0,15.16,16.0,3.91,0.8009999999999999,0.203,15.61,7.89,17.65,25.53,27.79,14.49
746866,2024-06-16,2024,666624,R,571945,R,field_out,False,False,221.0,0.2,52.0,23.53,25.0,11.31,0.6739999999999999,0.174,30.89,14.12,14.12,28.24,25.16,21.49,329.0,0.247,105.0,31.91,27.0,8.21,0.798,0.239,38.21,19.07,13.74,32.81,29.43,27.56,167.0,0.258,29.0,17.37,5.0,2.99,0.736,0.189,15.28,7.53,20.03,27.57,30.31,15.76,453.0,0.279,75.0,16.56,23.0,5.08,0.746,0.1429999999999999,17.63,8.64,17.74,26.38,27.28,13.98
746866,2024-06-16,2024,641355,L,571945,R,field_out,False,False,174.0,0.229,33.0,18.97,18.0,10.34,0.747,0.20199999999999999,26.02,13.07,13.07,26.14,32.48,20.12,373.0,0.291,58.0,15.55,27.0,7.24,0.829,0.198,20.08,10.01,15.91,25.92,29.71,13.74,153.0,0.264,30.0,19.61,10.0,6.54,0.7849999999999999,0.20699999999999996,18.22,8.09,20.48,28.57,23.51,16.3,409.0,0.285,62.0,15.16,16.0,3.91,0.8009999999999999,0.203,15.61,7.89,17.65,25.53,27.79,14.49
746866,2024-06-16,2024,680977,L,592791,R,field_out,False,False,197.0,0.236,32.0,16.24,16.0,8.12,0.694,0.138,17.03,7.01,20.26,27.27,23.47,14.55,309.0,0.294,43.0,13.92,27.0,8.74,0.831,0.166,14.96,6.32,19.2,25.52,22.53,13.27,114.0,0.272,22.0,19.3,11.0,9.65,0.759,0.14499999999999996,14.85,6.42,19.7,26.12,25.55,14.29,326.0,0.266,63.0,19.33,32.0,9.82,0.8540000000000001,0.248,19.32,8.96,15.81,24.77,25.19,16.36
746866,2024-06-16,2024,543063,L,592791,R,double,False,False,34.0,0.194,11.0,32.35,3.0,8.82,0.5880000000000001,0.129,34.29,17.27,15.11,32.37,27.78,22.45,251.0,0.188,58.0,23.11,24.0,9.56,0.583,0.119,28.57,14.75,12.56,27.31,30.55,19.8,114.0,0.272,22.0,19.3,11.0,9.65,0.759,0.14499999999999996,14.85,6.42,19.7,26.12,25.55,14.29,326.0,0.266,63.0,19.33,32.0,9.82,0.8540000000000001,0.248,19.32,8.96,15.81,24.77,25.19,16.36
746866,2024-06-16,2024,686780,R,592791,R,home_run,False,False,27.0,0.091,9.0,33.33,4.0,14.81,0.449,0.136,21.05,10.43,17.39,27.83,32.76,23.68,,,,,,,,,,,,,,,122.0,0.261,18.0,14.75,3.0,2.46,0.6140000000000001,0.07800000000000001,18.64,10.07,17.2,27.27,33.14,15.79,330.0,0.252,77.0,23.33,9.0,2.73,0.653,0.124,24.68,12.85,17.91,30.76,34.04,20.87
746866,2024-06-16,2024,672279,L,592791,R,single,False,False,96.0,0.256,25.0,26.04,5.0,5.21,0.63,0.08100000000000002,29.21,14.4,18.28,32.69,28.83,23.36,3.0,0.0,1.0,33.33,0.0,0.0,0.0,0.0,40.0,14.29,21.43,35.71,0.0,50.0,114.0,0.272,22.0,19.3,11.0,9.65,0.759,0.14499999999999996,14.85,6.42,19.7,26.12,25.55,14.29,326.0,0.266,63.0,19.33,32.0,9.82,0.8540000000000001,0.248,19.32,8.96,15.81,24.77,25.19,16.36
746866,2024-06-16,2024,691026,R,592791,R,strikeout,True,False,153.0,0.324,25.0,16.34,11.0,7.19,0.768,0.08000000000000002,16.11,7.57,18.61,26.18,29.33,12.63,100.0,0.161,19.0,19.0,9.0,9.0,0.478,0.0799999999999999,21.56,9.11,22.03,31.14,24.87,14.88,122.0,0.261,18.0,14.75,3.0,2.46,0.6140000000000001,0.07800000000000001,18.64,10.07,17.2,27.27,33.14,15.79,330.0,0.252,77.0,23.33,9.0,2.73,0.653,0.124,24.68,12.85,17.91,30.76,34.04,20.87
746866,2024-06-16,2024,673548,R,571945,R,strikeout,True,False,142.0,0.286,40.0,28.17,9.0,6.34,0.829,0.198,26.27,10.54,21.26,31.8,23.36,20.73,419.0,0.278,102.0,24.34,41.0,9.79,0.839,0.2129999999999999,24.3,9.93,20.44,30.37,19.3,20.2,167.0,0.258,29.0,17.37,5.0,2.99,0.736,0.189,15.28,7.53,20.03,27.57,30.31,15.76,453.0,0.279,75.0,16.56,23.0,5.08,0.746,0.1429999999999999,17.63,8.64,17.74,26.38,27.28,13.98
746866,2024-06-16,2024,664023,L,571945,R,strikeout,True,False,210.0,0.211,60.0,28.57,30.0,14.29,0.706,0.16,28.01,12.43,15.81,28.24,22.2,19.54,502.0,0.258,109.0,21.71,80.0,15.94,0.831,0.192,25.86,11.22,15.24,26.46,20.31,17.34,153.0,0.264,30.0,19.61,10.0,6.54,0.7849999999999999,0.20699999999999996,18.22,8.09,20.48,28.57,23.51,16.3,409.0,0.285,62.0,15.16,16.0,3.91,0.8009999999999999,0.203,15.61,7.89,17.65,25.53,27.79,14.49
746866,2024-06-16,2024,663538,R,571945,R,field_out,False,False,208.0,0.236,21.0,10.1,20.0,9.62,0.662,0.09900000000000003,13.69,6.2,22.24,28.44,31.05,10.66,508.0,0.274,63.0,12.4,40.0,7.87,0.72,0.0979999999999999,13.4,6.0,20.67,26.67,29.91,12.21,167.0,0.258,29.0,17.37,5.0,2.99,0.736,0.189,15.28,7.53,20.03,27.57,30.31,15.76,453.0,0.279,75.0,16.56,23.0,5.08,0.746,0.1429999999999999,17.63,8.64,17.74,26.38,27.28,13.98
746866,2024-06-16,2024,676475,L,592791,R,field_out,False,False,158.0,0.3,24.0,15.19,7.0,4.43,0.802,0.16700000000000004,19.57,11.13,11.84,22.97,34.86,15.0,318.0,0.243,39.0,12.26,21.0,6.6,0.698,0.156,17.66,9.16,14.01,23.17,33.05,13.13,114.0,0.272,22.0,19.3,11.0,9.65,0.759,0.14499999999999996,14.85,6.42,19.7,26.12,25.55,14.29,326.0,0.266,63.0,19.33,32.0,9.82,0.8540000000000001,0.248,19.32,8.96,15.81,24.77,25.19,16.36
746866,2024-06-16,2024,502671,R,592791,R,single,False,False,215.0,0.204,70.0,32.56,17.0,7.91,0.613,0.13800000000000004,29.41,14.04,18.57,32.61,30.16,20.24,518.0,0.259,120.0,23.17,67.0,12.93,0.8049999999999999,0.187,27.85,12.3,17.85,30.16,25.85,17.44,122.0,0.261,18.0,14.75,3.0,2.46,0.6140000000000001,0.07800000000000001,18.64,10.07,17.2,27.27,33.14,15.79,330.0,0.252,77.0,23.33,9.0,2.73,0.653,0.124,24.68,12.85,17.91,30.76,34.04,20.87
746866,2024-06-16,2024,669357,L,592791,R,field_out,False,False,172.0,0.216,62.0,36.05,18.0,10.47,0.7689999999999999,0.255,39.83,19.54,14.69,34.24,29.41,27.31,378.0,0.231,124.0,32.8,42.0,11.11,0.7969999999999999,0.2459999999999999,35.96,17.73,12.12,29.85,28.13,25.15,114.0,0.272,22.0,19.3,11.0,9.65,0.759,0.14499999999999996,14.85,6.42,19.7,26.12,25.55,14.29,326.0,0.266,63.0,19.33,32.0,9.82,0.8540000000000001,0.248,19.32,8.96,15.81,24.77,25.19,16.36
746866,2024-06-16,2024,571448,R,592791,R,field_out,False,False,220.0,0.27,42.0,19.09,19.0,8.64,0.7290000000000001,0.123,21.74,9.54,20.31,29.85,30.08,16.03,468.0,0.28,81.0,17.31,31.0,6.62,0.8089999999999999,0.2009999999999999,20.4,9.71,17.28,26.99,33.33,16.43,122.0,0.261,18.0,14.75,3.0,2.46,0.6140000000000001,0.07800000000000001,18.64,10.07,17.2,27.27,33.14,15.79,330.0,0.252,77.0,23.33,9.0,2.73,0.653,0.124,24.68,12.85,17.91,30.76,34.04,20.87
746866,2024-06-16,2024,683737,L,571945,R,field_out,False,False,200.0,0.249,70.0,35.0,26.0,13.0,0.794,0.195,33.51,14.88,15.35,30.23,24.51,25.18,66.0,0.158,21.0,31.82,8.0,12.12,0.556,0.1399999999999999,29.79,14.48,13.45,27.93,28.39,21.0,153.0,0.264,30.0,19.61,10.0,6.54,0.7849999999999999,0.20699999999999996,18.22,8.09,20.48,28.57,23.51,16.3,409.0,0.285,62.0,15.16,16.0,3.91,0.8009999999999999,0.203,15.61,7.89,17.65,25.53,27.79,14.49
746866,2024-06-16,2024,621020,R,571945,R,field_out,False,False,184.0,0.208,51.0,27.72,14.0,7.61,0.599,0.11900000000000002,32.77,15.55,15.42,30.97,24.02,22.87,478.0,0.244,111.0,23.22,49.0,10.25,0.734,0.161,28.04,13.13,15.12,28.26,23.34,18.66,167.0,0.258,29.0,17.37,5.0,2.99,0.736,0.189,15.28,7.53,20.03,27.57,30.31,15.76,453.0,0.279,75.0,16.56,23.0,5.08,0.746,0.1429999999999999,17.63,8.64,17.74,26.38,27.28,13.98
746866,2024-06-16,2024,665804,R,571945,R,field_out,False,False,114.0,0.218,25.0,21.93,9.0,7.89,0.595,0.07899999999999999,28.12,15.18,14.46,29.64,36.27,19.84,92.0,0.187,24.0,26.09,7.0,7.61,0.679,0.173,24.72,11.67,16.98,28.65,28.18,19.05,167.0,0.258,29.0,17.37,5.0,2.99,0.736,0.189,15.28,7.53,20.03,27.57,30.31,15.76,453.0,0.279,75.0,16.56,23.0,5.08,0.746,0.1429999999999999,17.63,8.64,17.74,26.38,27.28,13.98
746866,2024-06-16,2024,680977,L,592791,R,field_out,False,False,197.0,0.236,32.0,16.24,16.0,8.12,0.694,0.138,17.03,7.01,20.26,27.27,23.47,14.55,309.0,0.294,43.0,13.92,27.0,8.74,0.831,0.166,14.96,6.32,19.2,25.52,22.53,13.27,114.0,0.272,22.0,19.3,11.0,9.65,0.759,0.14499999999999996,14.85,6.42,19.7,26.12,25.55,14.29,326.0,0.266,63.0,19.33,32.0,9.82,0.8540000000000001,0.248,19.32,8.96,15.81,24.77,25.19,16.36
746866,2024-06-16,2024,543063,L,592791,R,walk,False,True,34.0,0.194,11.0,32.35,3.0,8.82,0.5880000000000001,0.129,34.29,17.27,15.11,32.37,27.78,22.45,251.0,0.188,58.0,23.11,24.0,9.56,0.583,0.119,28.57,14.75,12.56,27.31,30.55,19.8,114.0,0.272,22.0,19.3,11.0,9.65,0.759,0.14499999999999996,14.85,6.42,19.7,26.12,25.55,14.29,326.0,0.266,63.0,19.33,32.0,9.82,0.8540000000000001,0.248,19.32,8.96,15.81,24.77,25.19,16.36
746866,2024-06-16,2024,686780,R,592791,R,strikeout,True,False,27.0,0.091,9.0,33.33,4.0,14.81,0.449,0.136,21.05,10.43,17.39,27.83,32.76,23.68,,,,,,,,,,,,,,,122.0,0.261,18.0,14.75,3.0,2.46,0.6140000000000001,0.07800000000000001,18.64,10.07,17.2,27.27,33.14,15.79,330.0,0.252,77.0,23.33,9.0,2.73,0.653,0.124,24.68,12.85,17.91,30.76,34.04,20.87
746866,2024-06-16,2024,672279,L,592791,R,field_out,False,False,96.0,0.256,25.0,26.04,5.0,5.21,0.63,0.08100000000000002,29.21,14.4,18.28,32.69,28.83,23.36,3.0,0.0,1.0,33.33,0.0,0.0,0.0,0.0,40.0,14.29,21.43,35.71,0.0,50.0,114.0,0.272,22.0,19.3,11.0,9.65,0.759,0.14499999999999996,14.85,6.42,19.7,26.12,25.55,14.29,326.0,0.266,63.0,19.33,32.0,9.82,0.8540000000000001,0.248,19.32,8.96,15.81,24.77,25.19,16.36
746866,2024-06-16,2024,643565,L,571945,R,single,False,False,199.0,0.254,39.0,19.6,26.0,13.07,0.761,0.14800000000000002,22.58,11.02,12.37,23.4,23.02,12.62,345.0,0.253,73.0,21.16,50.0,14.49,0.739,0.121,23.95,9.92,17.49,27.41,19.14,15.57,153.0,0.264,30.0,19.61,10.0,6.54,0.7849999999999999,0.20699999999999996,18.22,8.09,20.48,28.57,23.51,16.3,409.0,0.285,62.0,15.16,16.0,3.91,0.8009999999999999,0.203,15.61,7.89,17.65,25.53,27.79,14.49
746866,2024-06-16,2024,666624,R,571945,R,field_out,False,False,221.0,0.2,52.0,23.53,25.0,11.31,0.6739999999999999,0.174,30.89,14.12,14.12,28.24,25.16,21.49,329.0,0.247,105.0,31.91,27.0,8.21,0.798,0.239,38.21,19.07,13.74,32.81,29.43,27.56,167.0,0.258,29.0,17.37,5.0,2.99,0.736,0.189,15.28,7.53,20.03,27.57,30.31,15.76,453.0,0.279,75.0,16.56,23.0,5.08,0.746,0.1429999999999999,17.63,8.64,17.74,26.38,27.28,13.98
746866,2024-06-16,2024,641355,L,571945,R,field_out,False,False,174.0,0.229,33.0,18.97,18.0,10.34,0.747,0.20199999999999999,26.02,13.07,13.07,26.14,32.48,20.12,373.0,0.291,58.0,15.55,27.0,7.24,0.829,0.198,20.08,10.01,15.91,25.92,29.71,13.74,153.0,0.264,30.0,19.61,10.0,6.54,0.7849999999999999,0.20699999999999996,18.22,8.09,20.48,28.57,23.51,16.3,409.0,0.285,62.0,15.16,16.0,3.91,0.8009999999999999,0.203,15.61,7.89,17.65,25.53,27.79,14.49
746866,2024-06-16,2024,673548,R,571945,R,single,False,False,142.0,0.286,40.0,28.17,9.0,6.34,0.829,0.198,26.27,10.54,21.26,31.8,23.36,20.73,419.0,0.278,102.0,24.34,41.0,9.79,0.839,0.2129999999999999,24.3,9.93,20.44,30.37,19.3,20.2,167.0,0.258,29.0,17.37,5.0,2.99,0.736,0.189,15.28,7.53,20.03,27.57,30.31,15.76,453.0,0.279,75.0,16.56,23.0,5.08,0.746,0.1429999999999999,17.63,8.64,17.74,26.38,27.28,13.98
746866,2024-06-16,2024,664023,L,571945,R,single,False,False,210.0,0.211,60.0,28.57,30.0,14.29,0.706,0.16,28.01,12.43,15.81,28.24,22.2,19.54,502.0,0.258,109.0,21.71,80.0,15.94,0.831,0.192,25.86,11.22,15.24,26.46,20.31,17.34,153.0,0.264,30.0,19.61,10.0,6.54,0.7849999999999999,0.20699999999999996,18.22,8.09,20.48,28.57,23.51,16.3,409.0,0.285,62.0,15.16,16.0,3.91,0.8009999999999999,0.203,15.61,7.89,17.65,25.53,27.79,14.49
746866,2024-06-16,2024,663538,R,571945,R,force_out,False,False,208.0,0.236,21.0,10.1,20.0,9.62,0.662,0.09900000000000003,13.69,6.2,22.24,28.44,31.05,10.66,508.0,0.274,63.0,12.4,40.0,7.87,0.72,0.0979999999999999,13.4,6.0,20.67,26.67,29.91,12.21,167.0,0.258,29.0,17.37,5.0,2.99,0.736,0.189,15.28,7.53,20.03,27.57,30.31,15.76,453.0,0.279,75.0,16.56,23.0,5.08,0.746,0.1429999999999999,17.63,8.64,17.74,26.38,27.28,13.98
746866,2024-06-16,2024,691026,R,592791,R,field_out,False,False,153.0,0.324,25.0,16.34,11.0,7.19,0.768,0.08000000000000002,16.11,7.57,18.61,26.18,29.33,12.63,100.0,0.161,19.0,19.0,9.0,9.0,0.478,0.0799999999999999,21.56,9.11,22.03,31.14,24.87,14.88,122.0,0.261,18.0,14.75,3.0,2.46,0.6140000000000001,0.07800000000000001,18.64,10.07,17.2,27.27,33.14,15.79,330.0,0.252,77.0,23.33,9.0,2.73,0.653,0.124,24.68,12.85,17.91,30.76,34.04,20.87
746866,2024-06-16,2024,676475,L,592791,R,field_out,False,False,158.0,0.3,24.0,15.19,7.0,4.43,0.802,0.16700000000000004,19.57,11.13,11.84,22.97,34.86,15.0,318.0,0.243,39.0,12.26,21.0,6.6,0.698,0.156,17.66,9.16,14.01,23.17,33.05,13.13,114.0,0.272,22.0,19.3,11.0,9.65,0.759,0.14499999999999996,14.85,6.42,19.7,26.12,25.55,14.29,326.0,0.266,63.0,19.33,32.0,9.82,0.8540000000000001,0.248,19.32,8.96,15.81,24.77,25.19,16.36
746866,2024-06-16,2024,502671,R,592791,R,field_out,False,False,215.0,0.204,70.0,32.56,17.0,7.91,0.613,0.13800000000000004,29.41,14.04,18.57,32.61,30.16,20.24,518.0,0.259,120.0,23.17,67.0,12.93,0.8049999999999999,0.187,27.85,12.3,17.85,30.16,25.85,17.44,122.0,0.261,18.0,14.75,3.0,2.46,0.6140000000000001,0.07800000000000001,18.64,10.07,17.2,27.27,33.14,15.79,330.0,0.252,77.0,23.33,9.0,2.73,0.653,0.124,24.68,12.85,17.91,30.76,34.04,20.87
746866,2024-06-16,2024,683737,L,571945,R,field_out,False,False,200.0,0.249,70.0,35.0,26.0,13.0,0.794,0.195,33.51,14.88,15.35,30.23,24.51,25.18,66.0,0.158,21.0,31.82,8.0,12.12,0.556,0.1399999999999999,29.79,14.48,13.45,27.93,28.39,21.0,153.0,0.264,30.0,19.61,10.0,6.54,0.7849999999999999,0.20699999999999996,18.22,8.09,20.48,28.57,23.51,16.3,409.0,0.285,62.0,15.16,16.0,3.91,0.8009999999999999,0.203,15.61,7.89,17.65,25.53,27.79,14.49
746866,2024-06-16,2024,621020,R,571945,R,field_out,False,False,184.0,0.208,51.0,27.72,14.0,7.61,0.599,0.11900000000000002,32.77,15.55,15.42,30.97,24.02,22.87,478.0,0.244,111.0,23.22,49.0,10.25,0.734,0.161,28.04,13.13,15.12,28.26,23.34,18.66,167.0,0.258,29.0,17.37,5.0,2.99,0.736,0.189,15.28,7.53,20.03,27.57,30.31,15.76,453.0,0.279,75.0,16.56,23.0,5.08,0.746,0.1429999999999999,17.63,8.64,17.74,26.38,27.28,13.98
746866,2024-06-16,2024,665804,R,571945,R,field_out,False,False,114.0,0.218,25.0,21.93,9.0,7.89,0.595,0.07899999999999999,28.12,15.18,14.46,29.64,36.27,19.84,92.0,0.187,24.0,26.09,7.0,7.61,0.679,0.173,24.72,11.67,16.98,28.65,28.18,19.05,167.0,0.258,29.0,17.37,5.0,2.99,0.736,0.189,15.28,7.53,20.03,27.57,30.31,15.76,453.0,0.279,75.0,16.56,23.0,5.08,0.746,0.1429999999999999,17.63,8.64,17.74,26.38,27.28,13.98
746866,2024-06-16,2024,669357,L,592791,R,field_out,False,False,172.0,0.216,62.0,36.05,18.0,10.47,0.7689999999999999,0.255,39.83,19.54,14.69,34.24,29.41,27.31,378.0,0.231,124.0,32.8,42.0,11.11,0.7969999999999999,0.2459999999999999,35.96,17.73,12.12,29.85,28.13,25.15,114.0,0.272,22.0,19.3,11.0,9.65,0.759,0.14499999999999996,14.85,6.42,19.7,26.12,25.55,14.29,326.0,0.266,63.0,19.33,32.0,9.82,0.8540000000000001,0.248,19.32,8.96,15.81,24.77,25.19,16.36
746866,2024-06-16,2024,571448,R,592791,R,single,False,False,220.0,0.27,42.0,19.09,19.0,8.64,0.7290000000000001,0.123,21.74,9.54,20.31,29.85,30.08,16.03,468.0,0.28,81.0,17.31,31.0,6.62,0.8089999999999999,0.2009999999999999,20.4,9.71,17.28,26.99,33.33,16.43,122.0,0.261,18.0,14.75,3.0,2.46,0.6140000000000001,0.07800000000000001,18.64,10.07,17.2,27.27,33.14,15.79,330.0,0.252,77.0,23.33,9.0,2.73,0.653,0.124,24.68,12.85,17.91,30.76,34.04,20.87
746866,2024-06-16,2024,680977,L,592791,R,field_out,False,False,197.0,0.236,32.0,16.24,16.0,8.12,0.694,0.138,17.03,7.01,20.26,27.27,23.47,14.55,309.0,0.294,43.0,13.92,27.0,8.74,0.831,0.166,14.96,6.32,19.2,25.52,22.53,13.27,114.0,0.272,22.0,19.3,11.0,9.65,0.759,0.14499999999999996,14.85,6.42,19.7,26.12,25.55,14.29,326.0,0.266,63.0,19.33,32.0,9.82,0.8540000000000001,0.248,19.32,8.96,15.81,24.77,25.19,16.36
746866,2024-06-16,2024,543063,L,592791,R,walk,False,True,34.0,0.194,11.0,32.35,3.0,8.82,0.5880000000000001,0.129,34.29,17.27,15.11,32.37,27.78,22.45,251.0,0.188,58.0,23.11,24.0,9.56,0.583,0.119,28.57,14.75,12.56,27.31,30.55,19.8,114.0,0.272,22.0,19.3,11.0,9.65,0.759,0.14499999999999996,14.85,6.42,19.7,26.12,25.55,14.29,326.0,0.266,63.0,19.33,32.0,9.82,0.8540000000000001,0.248,19.32,8.96,15.81,24.77,25.19,16.36
746866,2024-06-16,2024,686780,R,592791,R,field_out,False,False,27.0,0.091,9.0,33.33,4.0,14.81,0.449,0.136,21.05,10.43,17.39,27.83,32.76,23.68,,,,,,,,,,,,,,,122.0,0.261,18.0,14.75,3.0,2.46,0.6140000000000001,0.07800000000000001,18.64,10.07,17.2,27.27,33.14,15.79,330.0,0.252,77.0,23.33,9.0,2.73,0.653,0.124,24.68,12.85,17.91,30.76,34.04,20.87
746866,2024-06-16,2024,643565,L,571945,R,strikeout,True,False,199.0,0.254,39.0,19.6,26.0,13.07,0.761,0.14800000000000002,22.58,11.02,12.37,23.4,23.02,12.62,345.0,0.253,73.0,21.16,50.0,14.49,0.739,0.121,23.95,9.92,17.49,27.41,19.14,15.57,153.0,0.264,30.0,19.61,10.0,6.54,0.7849999999999999,0.20699999999999996,18.22,8.09,20.48,28.57,23.51,16.3,409.0,0.285,62.0,15.16,16.0,3.91,0.8009999999999999,0.203,15.61,7.89,17.65,25.53,27.79,14.49
746866,2024-06-16,2024,666624,R,571945,R,strikeout,True,False,221.0,0.2,52.0,23.53,25.0,11.31,0.6739999999999999,0.174,30.89,14.12,14.12,28.24,25.16,21.49,329.0,0.247,105.0,31.91,27.0,8.21,0.798,0.239,38.21,19.07,13.74,32.81,29.43,27.56,167.0,0.258,29.0,17.37,5.0,2.99,0.736,0.189,15.28,7.53,20.03,27.57,30.31,15.76,453.0,0.279,75.0,16.56,23.0,5.08,0.746,0.1429999999999999,17.63,8.64,17.74,26.38,27.28,13.98
746866,2024-06-16,2024,641355,L,571945,R,field_out,False,False,174.0,0.229,33.0,18.97,18.0,10.34,0.747,0.20199999999999999,26.02,13.07,13.07,26.14,32.48,20.12,373.0,0.291,58.0,15.55,27.0,7.24,0.829,0.198,20.08,10.01,15.91,25.92,29.71,13.74,153.0,0.264,30.0,19.61,10.0,6.54,0.7849999999999999,0.20699999999999996,18.22,8.09,20.48,28.57,23.51,16.3,409.0,0.285,62.0,15.16,16.0,3.91,0.8009999999999999,0.203,15.61,7.89,17.65,25.53,27.79,14.49
746866,2024-06-16,2024,672279,L,592767,L,field_out,False,False,52.0,0.111,14.0,26.92,2.0,3.85,0.278,0.0,25.96,13.99,19.17,33.16,35.44,18.67,3.0,0.0,0.0,0.0,1.0,33.33,0.333,0.0,33.33,6.67,20.0,26.67,10.0,0.0,35.0,0.258,9.0,25.71,2.0,5.71,0.73,0.129,34.33,16.43,13.57,30.0,23.44,20.93,160.0,0.338,36.0,22.5,15.0,9.38,0.981,0.2379999999999999,24.16,11.21,18.1,29.31,30.48,24.83
746866,2024-06-16,2024,691026,R,592767,L,strikeout,True,False,83.0,0.26,19.0,22.89,6.0,7.23,0.781,0.20800000000000002,16.48,8.22,17.85,26.06,35.5,17.12,37.0,0.2,7.0,18.92,1.0,2.7,0.445,0.0289999999999999,21.54,10.0,20.0,30.0,25.4,18.92,54.0,0.191,11.0,20.37,7.0,12.96,0.7,0.21300000000000002,26.36,13.12,12.67,25.79,31.03,16.42,466.0,0.241,105.0,22.53,41.0,8.8,0.758,0.205,27.97,13.04,15.89,28.93,32.06,19.66
746866,2024-06-16,2024,676475,L,592767,L,single,False,False,66.0,0.206,7.0,10.61,2.0,3.03,0.596,0.159,21.97,12.72,10.53,23.25,34.86,11.86,29.0,0.259,6.0,20.69,2.0,6.9,0.606,0.0369999999999999,18.18,9.62,19.23,28.85,41.82,19.35,35.0,0.258,9.0,25.71,2.0,5.71,0.73,0.129,34.33,16.43,13.57,30.0,23.44,20.93,160.0,0.338,36.0,22.5,15.0,9.38,0.981,0.2379999999999999,24.16,11.21,18.1,29.31,30.48,24.83
746866,2024-06-16,2024,502671,R,592767,L,field_out,False,False,80.0,0.275,16.0,20.0,8.0,10.0,0.721,0.08699999999999997,21.85,9.54,18.5,28.03,25.44,13.45,170.0,0.295,41.0,24.12,20.0,11.76,0.8260000000000001,0.155,26.26,11.0,20.45,31.45,28.73,20.4,54.0,0.191,11.0,20.37,7.0,12.96,0.7,0.21300000000000002,26.36,13.12,12.67,25.79,31.03,16.42,466.0,0.241,105.0,22.53,41.0,8.8,0.758,0.205,27.97,13.04,15.89,28.93,32.06,19.66
746866,2024-06-16,2024,673548,R,571945,R,field_out,False,False,142.0,0.286,40.0,28.17,9.0,6.34,0.829,0.198,26.27,10.54,21.26,31.8,23.36,20.73,419.0,0.278,102.0,24.34,41.0,9.79,0.839,0.2129999999999999,24.3,9.93,20.44,30.37,19.3,20.2,167.0,0.258,29.0,17.37,5.0,2.99,0.736,0.189,15.28,7.53,20.03,27.57,30.31,15.76,453.0,0.279,75.0,16.56,23.0,5.08,0.746,0.1429999999999999,17.63,8.64,17.74,26.38,27.28,13.98
746866,2024-06-16,2024,664023,L,571945,R,double,False,False,210.0,0.211,60.0,28.57,30.0,14.29,0.706,0.16,28.01,12.43,15.81,28.24,22.2,19.54,502.0,0.258,109.0,21.71,80.0,15.94,0.831,0.192,25.86,11.22,15.24,26.46,20.31,17.34,153.0,0.264,30.0,19.61,10.0,6.54,0.7849999999999999,0.20699999999999996,18.22,8.09,20.48,28.57,23.51,16.3,409.0,0.285,62.0,15.16,16.0,3.91,0.8009999999999999,0.203,15.61,7.89,17.65,25.53,27.79,14.49
746866,2024-06-16,2024,663538,R,681676,R,field_out,False,False,208.0,0.236,21.0,10.1,20.0,9.62,0.662,0.09900000000000003,13.69,6.2,22.24,28.44,31.05,10.66,508.0,0.274,63.0,12.4,40.0,7.87,0.72,0.0979999999999999,13.4,6.0,20.67,26.67,29.91,12.21,68.0,0.238,20.0,29.41,5.0,7.35,0.5640000000000001,0.03200000000000003,36.09,16.9,15.85,32.75,30.26,22.22,,,,,,,,,,,,,,
746866,2024-06-16,2024,683737,L,681676,R,single,False,False,200.0,0.249,70.0,35.0,26.0,13.0,0.794,0.195,33.51,14.88,15.35,30.23,24.51,25.18,66.0,0.158,21.0,31.82,8.0,12.12,0.556,0.1399999999999999,29.79,14.48,13.45,27.93,28.39,21.0,50.0,0.22,12.0,24.0,5.0,10.0,0.742,0.19499999999999998,27.37,12.21,15.49,27.7,22.73,19.35,,,,,,,,,,,,,,
746866,2024-06-16,2024,621020,R,681676,R,walk,False,True,184.0,0.208,51.0,27.72,14.0,7.61,0.599,0.11900000000000002,32.77,15.55,15.42,30.97,24.02,22.87,478.0,0.244,111.0,23.22,49.0,10.25,0.734,0.161,28.04,13.13,15.12,28.26,23.34,18.66,68.0,0.238,20.0,29.41,5.0,7.35,0.5640000000000001,0.03200000000000003,36.09,16.9,15.85,32.75,30.26,22.22,,,,,,,,,,,,,,
746866,2024-06-16,2024,665804,R,681676,R,force_out,False,False,114.0,0.218,25.0,21.93,9.0,7.89,0.595,0.07899999999999999,28.12,15.18,14.46,29.64,36.27,19.84,92.0,0.187,24.0,26.09,7.0,7.61,0.679,0.173,24.72,11.67,16.98,28.65,28.18,19.05,68.0,0.238,20.0,29.41,5.0,7.35,0.5640000000000001,0.03200000000000003,36.09,16.9,15.85,32.75,30.26,22.22,,,,,,,,,,,,,,
746866,2024-06-16,2024,669357,L,592767,L,strikeout,True,False,77.0,0.188,26.0,33.77,7.0,9.09,0.654,0.203,35.77,17.07,16.38,33.45,32.17,27.37,86.0,0.26,24.0,27.91,11.0,12.79,0.839,0.2189999999999999,33.77,15.79,17.34,33.13,24.68,27.59,35.0,0.258,9.0,25.71,2.0,5.71,0.73,0.129,34.33,16.43,13.57,30.0,23.44,20.93,160.0,0.338,36.0,22.5,15.0,9.38,0.981,0.2379999999999999,24.16,11.21,18.1,29.31,30.48,24.83
746866,2024-06-16,2024,571448,R,592767,L,field_out,False,False,64.0,0.233,4.0,6.25,1.0,1.56,0.6,0.11699999999999997,16.96,8.52,17.94,26.46,35.85,7.27,146.0,0.22,20.0,13.7,10.0,6.85,0.662,0.166,19.62,9.73,14.31,24.05,36.88,13.25,54.0,0.191,11.0,20.37,7.0,12.96,0.7,0.21300000000000002,26.36,13.12,12.67,25.79,31.03,16.42,466.0,0.241,105.0,22.53,41.0,8.8,0.758,0.205,27.97,13.04,15.89,28.93,32.06,19.66
746866,2024-06-16,2024,680977,L,592767,L,single,False,False,84.0,0.267,7.0,8.33,4.0,4.76,0.694,0.10599999999999998,12.7,5.13,20.51,25.64,19.72,10.0,63.0,0.236,10.0,15.87,6.0,9.52,0.569,0.0,14.29,6.33,19.83,26.16,24.58,15.87,35.0,0.258,9.0,25.71,2.0,5.71,0.73,0.129,34.33,16.43,13.57,30.0,23.44,20.93,160.0,0.338,36.0,22.5,15.0,9.38,0.981,0.2379999999999999,24.16,11.21,18.1,29.31,30.48,24.83
746866,2024-06-16,2024,665877,R,592767,L,field_out,False,False,22.0,0.143,3.0,13.64,1.0,4.55,0.32499999999999996,0.0,8.89,4.21,18.95,23.16,26.32,9.38,19.0,0.176,2.0,10.53,2.0,10.53,0.439,0.0,7.41,3.08,23.08,26.15,30.0,13.33,54.0,0.191,11.0,20.37,7.0,12.96,0.7,0.21300000000000002,26.36,13.12,12.67,25.79,31.03,16.42,466.0,0.241,105.0,22.53,41.0,8.8,0.758,0.205,27.97,13.04,15.89,28.93,32.06,19.66
746866,2024-06-16,2024,643565,L,552640,R,walk,False,True,199.0,0.254,39.0,19.6,26.0,13.07,0.761,0.14800000000000002,22.58,11.02,12.37,23.4,23.02,12.62,345.0,0.253,73.0,21.16,50.0,14.49,0.739,0.121,23.95,9.92,17.49,27.41,19.14,15.57,44.0,0.31,14.0,31.82,2.0,4.55,0.865,0.21400000000000002,32.0,18.6,12.79,31.4,38.55,20.59,19.0,0.118,3.0,15.79,2.0,10.53,0.505,0.176,17.02,10.0,11.25,21.25,43.59,8.57
746866,2024-06-16,2024,666624,R,552640,R,field_out,False,False,221.0,0.2,52.0,23.53,25.0,11.31,0.6739999999999999,0.174,30.89,14.12,14.12,28.24,25.16,21.49,329.0,0.247,105.0,31.91,27.0,8.21,0.798,0.239,38.21,19.07,13.74,32.81,29.43,27.56,80.0,0.189,17.0,21.25,6.0,7.5,0.5740000000000001,0.135,24.03,12.89,15.68,28.57,40.82,20.99,31.0,0.333,7.0,22.58,0.0,0.0,0.788,0.0999999999999999,20.0,11.21,15.89,27.1,40.0,22.58
746866,2024-06-16,2024,641355,L,552640,R,field_out,False,False,174.0,0.229,33.0,18.97,18.0,10.34,0.747,0.20199999999999999,26.02,13.07,13.07,26.14,32.48,20.12,373.0,0.291,58.0,15.55,27.0,7.24,0.829,0.198,20.08,10.01,15.91,25.92,29.71,13.74,44.0,0.31,14.0,31.82,2.0,4.55,0.865,0.21400000000000002,32.0,18.6,12.79,31.4,38.55,20.59,19.0,0.118,3.0,15.79,2.0,10.53,0.505,0.176,17.02,10.0,11.25,21.25,43.59,8.57
746866,2024-06-16,2024,673548,R,552640,R,strikeout,True,False,142.0,0.286,40.0,28.17,9.0,6.34,0.829,0.198,26.27,10.54,21.26,31.8,23.36,20.73,419.0,0.278,102.0,24.34,41.0,9.79,0.839,0.2129999999999999,24.3,9.93,20.44,30.37,19.3,20.2,80.0,0.189,17.0,21.25,6.0,7.5,0.5740000000000001,0.135,24.03,12.89,15.68,28.57,40.82,20.99,31.0,0.333,7.0,22.58,0.0,0.0,0.788,0.0999999999999999,20.0,11.21,15.89,27.1,40.0,22.58
746866,2024-06-16,2024,686780,R,624522,R,walk,False,True,27.0,0.091,9.0,33.33,4.0,14.81,0.449,0.136,21.05,10.43,17.39,27.83,32.76,23.68,,,,,,,,,,,,,,,33.0,0.143,13.0,39.39,5.0,15.15,0.41600000000000004,0.0,39.44,20.0,13.57,33.57,31.43,27.66,72.0,0.167,15.0,20.83,12.0,16.67,0.623,0.15,27.12,11.9,17.84,29.74,25.18,20.0
746866,2024-06-16,2024,672279,L,624522,R,strikeout,True,False,96.0,0.256,25.0,26.04,5.0,5.21,0.63,0.08100000000000002,29.21,14.4,18.28,32.69,28.83,23.36,3.0,0.0,1.0,33.33,0.0,0.0,0.0,0.0,40.0,14.29,21.43,35.71,0.0,50.0,23.0,0.318,6.0,26.09,1.0,4.35,1.166,0.49999999999999994,22.22,10.75,13.98,24.73,22.22,20.0,53.0,0.233,11.0,20.75,7.0,13.21,0.5960000000000001,0.0229999999999999,25.88,10.53,18.18,28.71,23.21,17.19
746866,2024-06-16,2024,691026,R,624522,R,force_out,False,False,153.0,0.324,25.0,16.34,11.0,7.19,0.768,0.08000000000000002,16.11,7.57,18.61,26.18,29.33,12.63,100.0,0.161,19.0,19.0,9.0,9.0,0.478,0.0799999999999999,21.56,9.11,22.03,31.14,24.87,14.88,33.0,0.143,13.0,39.39,5.0,15.15,0.41600000000000004,0.0,39.44,20.0,13.57,33.57,31.43,27.66,72.0,0.167,15.0,20.83,12.0,16.67,0.623,0.15,27.12,11.9,17.84,29.74,25.18,20.0
746866,2024-06-16,2024,666185,L,624522,R,field_out,False,False,32.0,0.172,11.0,34.38,2.0,6.25,0.45699999999999996,0.035,38.81,18.84,14.49,33.33,23.08,24.44,170.0,0.196,37.0,21.76,14.0,8.24,0.592,0.1079999999999999,22.71,10.14,18.91,29.05,25.44,21.14,23.0,0.318,6.0,26.09,1.0,4.35,1.166,0.49999999999999994,22.22,10.75,13.98,24.73,22.22,20.0,53.0,0.233,11.0,20.75,7.0,13.21,0.5960000000000001,0.0229999999999999,25.88,10.53,18.18,28.71,23.21,17.19
746866,2024-06-16,2024,664023,L,664854,R,walk,False,True,210.0,0.211,60.0,28.57,30.0,14.29,0.706,0.16,28.01,12.43,15.81,28.24,22.2,19.54,502.0,0.258,109.0,21.71,80.0,15.94,0.831,0.192,25.86,11.22,15.24,26.46,20.31,17.34,61.0,0.189,18.0,29.51,6.0,9.84,0.507,0.055999999999999994,32.04,16.26,16.75,33.0,28.24,29.03,66.0,0.224,22.0,33.33,7.0,10.61,0.6970000000000001,0.155,31.01,14.44,15.88,30.32,30.28,23.91
746866,2024-06-16,2024,663538,R,664854,R,field_out,False,False,208.0,0.236,21.0,10.1,20.0,9.62,0.662,0.09900000000000003,13.69,6.2,22.24,28.44,31.05,10.66,508.0,0.274,63.0,12.4,40.0,7.87,0.72,0.0979999999999999,13.4,6.0,20.67,26.67,29.91,12.21,66.0,0.246,17.0,25.76,4.0,6.06,0.599,0.065,37.21,20.6,13.3,33.91,32.41,27.42,80.0,0.134,30.0,37.5,10.0,12.5,0.402,0.03,37.93,19.76,13.17,32.93,33.13,27.27
746866,2024-06-16,2024,683737,L,664854,R,strikeout,True,False,200.0,0.249,70.0,35.0,26.0,13.0,0.794,0.195,33.51,14.88,15.35,30.23,24.51,25.18,66.0,0.158,21.0,31.82,8.0,12.12,0.556,0.1399999999999999,29.79,14.48,13.45,27.93,28.39,21.0,61.0,0.189,18.0,29.51,6.0,9.84,0.507,0.055999999999999994,32.04,16.26,16.75,33.0,28.24,29.03,66.0,0.224,22.0,33.33,7.0,10.61,0.6970000000000001,0.155,31.01,14.44,15.88,30.32,30.28,23.91
746866,2024-06-16,2024,621020,R,664854,R,walk,False,True,184.0,0.208,51.0,27.72,14.0,7.61,0.599,0.11900000000000002,32.77,15.55,15.42,30.97,24.02,22.87,478.0,0.244,111.0,23.22,49.0,10.25,0.734,0.161,28.04,13.13,15.12,28.26,23.34,18.66,66.0,0.246,17.0,25.76,4.0,6.06,0.599,0.065,37.21,20.6,13.3,33.91,32.41,27.42,80.0,0.134,30.0,37.5,10.0,12.5,0.402,0.03,37.93,19.76,13.17,32.93,33.13,27.27
746866,2024-06-16,2024,621550,R,664854,R,field_out,False,False,36.0,0.125,11.0,30.56,3.0,8.33,0.48100000000000004,0.15600000000000003,27.12,12.7,18.25,30.95,22.81,31.43,172.0,0.196,64.0,37.21,20.0,11.63,0.8049999999999999,0.311,34.35,16.0,14.32,30.32,24.49,24.24,66.0,0.246,17.0,25.76,4.0,6.06,0.599,0.065,37.21,20.6,13.3,33.91,32.41,27.42,80.0,0.134,30.0,37.5,10.0,12.5,0.402,0.03,37.93,19.76,13.17,32.93,33.13,27.27
745891,2024-06-16,2024,647351,L,663978,R,field_out,False,False,208.0,0.246,44.0,21.15,9.0,4.33,0.6619999999999999,0.123,19.74,9.44,17.76,27.2,30.67,19.73,20.0,0.412,5.0,25.0,2.0,10.0,1.265,0.353,37.04,15.62,26.56,42.19,25.0,31.25,159.0,0.291,29.0,18.24,8.0,5.03,0.739,0.121,21.43,10.92,15.25,26.17,34.11,17.9,5.0,0.2,3.0,60.0,0.0,0.0,1.0,0.6000000000000001,40.0,21.05,15.79,36.84,37.5,75.0
745891,2024-06-16,2024,668709,L,663978,R,field_out,False,False,235.0,0.245,42.0,17.87,29.0,12.34,0.764,0.177,25.0,10.7,17.01,27.7,22.08,17.5,232.0,0.209,53.0,22.84,35.0,15.09,0.726,0.184,28.61,12.18,15.3,27.48,19.27,20.46,159.0,0.291,29.0,18.24,8.0,5.03,0.739,0.121,21.43,10.92,15.25,26.17,34.11,17.9,5.0,0.2,3.0,60.0,0.0,0.0,1.0,0.6000000000000001,40.0,21.05,15.79,36.84,37.5,75.0
745891,2024-06-16,2024,609280,R,663978,R,field_out,False,False,67.0,0.292,12.0,17.91,1.0,1.49,0.6990000000000001,0.10800000000000004,15.04,7.78,17.51,25.29,37.21,16.22,52.0,0.229,6.0,11.54,4.0,7.69,0.705,0.1879999999999999,14.58,7.49,13.9,21.39,30.93,12.77,150.0,0.285,38.0,25.33,6.0,4.0,0.778,0.18000000000000005,26.92,13.07,16.13,29.2,27.46,20.54,17.0,0.312,5.0,29.41,1.0,5.88,0.728,0.063,31.03,15.0,20.0,35.0,19.23,26.32
745891,2024-06-16,2024,650489,L,683155,R,double,False,False,208.0,0.225,48.0,23.08,20.0,9.62,0.6970000000000001,0.13999999999999999,27.18,12.85,15.68,28.54,28.73,18.39,280.0,0.266,73.0,26.07,23.0,8.21,0.8029999999999999,0.189,28.16,14.39,15.31,29.7,34.97,21.1,54.0,0.229,11.0,20.37,6.0,11.11,0.857,0.31300000000000006,20.0,10.64,13.19,23.83,24.0,11.83,26.0,0.304,4.0,15.38,2.0,7.69,1.124,0.435,31.82,15.05,16.13,31.18,22.5,16.67
745891,2024-06-16,2024,663616,L,683155,R,field_out,False,False,139.0,0.256,27.0,19.42,12.0,8.63,0.741,0.16799999999999998,28.28,13.37,16.47,29.84,29.13,18.57,189.0,0.228,60.0,31.75,25.0,13.23,0.766,0.21,36.25,14.96,16.71,31.67,22.55,25.75,54.0,0.229,11.0,20.37,6.0,11.11,0.857,0.31300000000000006,20.0,10.64,13.19,23.83,24.0,11.83,26.0,0.304,4.0,15.38,2.0,7.69,1.124,0.435,31.82,15.05,16.13,31.18,22.5,16.67
745891,2024-06-16,2024,668904,R,683155,R,home_run,False,False,27.0,0.32,4.0,14.81,2.0,7.41,1.21,0.52,29.17,13.73,13.73,27.45,24.07,14.81,183.0,0.307,43.0,23.5,15.0,8.2,0.962,0.283,27.16,12.8,18.57,31.36,28.0,20.98,77.0,0.233,17.0,22.08,2.0,2.6,0.657,0.164,22.37,12.64,15.61,28.25,35.65,20.99,21.0,0.263,3.0,14.29,0.0,0.0,0.859,0.263,25.58,14.47,14.47,28.95,43.9,15.0
745891,2024-06-16,2024,596146,L,683155,R,field_out,False,False,158.0,0.248,31.0,19.62,13.0,8.23,0.736,0.16999999999999998,22.29,11.24,12.36,23.6,26.32,16.23,394.0,0.263,84.0,21.32,37.0,9.39,0.8320000000000001,0.2339999999999999,19.92,9.32,15.49,24.81,24.75,18.14,54.0,0.229,11.0,20.37,6.0,11.11,0.857,0.31300000000000006,20.0,10.64,13.19,23.83,24.0,11.83,26.0,0.304,4.0,15.38,2.0,7.69,1.124,0.435,31.82,15.05,16.13,31.18,22.5,16.67
745891,2024-06-16,2024,621043,R,683155,R,single,False,False,162.0,0.31,32.0,19.75,17.0,10.49,0.856,0.16899999999999998,20.82,9.02,20.13,29.15,28.05,17.88,444.0,0.224,112.0,25.23,42.0,9.46,0.69,0.164,26.37,11.3,19.9,31.19,27.0,21.72,77.0,0.233,17.0,22.08,2.0,2.6,0.657,0.164,22.37,12.64,15.61,28.25,35.65,20.99,21.0,0.263,3.0,14.29,0.0,0.0,0.859,0.263,25.58,14.47,14.47,28.95,43.9,15.0
745891,2024-06-16,2024,467793,L,683155,R,walk,False,True,184.0,0.211,28.0,15.22,20.0,10.87,0.6699999999999999,0.149,22.46,9.58,17.32,26.9,23.99,13.21,460.0,0.231,83.0,18.04,45.0,9.78,0.727,0.1899999999999999,23.76,11.0,14.32,25.31,24.63,16.21,54.0,0.229,11.0,20.37,6.0,11.11,0.857,0.31300000000000006,20.0,10.64,13.19,23.83,24.0,11.83,26.0,0.304,4.0,15.38,2.0,7.69,1.124,0.435,31.82,15.05,16.13,31.18,22.5,16.67
745891,2024-06-16,2024,622534,R,683155,R,hit_by_pitch,False,False,77.0,0.171,15.0,19.48,6.0,7.79,0.476,0.057999999999999996,22.56,11.15,17.1,28.25,29.84,20.0,237.0,0.258,33.0,13.92,15.0,6.33,0.694,0.12,23.38,11.66,15.01,26.67,32.22,16.02,77.0,0.233,17.0,22.08,2.0,2.6,0.657,0.164,22.37,12.64,15.61,28.25,35.65,20.99,21.0,0.263,3.0,14.29,0.0,0.0,0.859,0.263,25.58,14.47,14.47,28.95,43.9,15.0
745891,2024-06-16,2024,543877,R,683155,R,strikeout,True,False,93.0,0.165,24.0,25.81,3.0,3.23,0.46900000000000003,0.10600000000000001,28.9,15.11,17.52,32.63,37.72,26.09,279.0,0.216,59.0,21.15,22.0,7.89,0.548,0.051,25.76,12.56,16.62,29.18,33.72,23.41,77.0,0.233,17.0,22.08,2.0,2.6,0.657,0.164,22.37,12.64,15.61,28.25,35.65,20.99,21.0,0.263,3.0,14.29,0.0,0.0,0.859,0.263,25.58,14.47,14.47,28.95,43.9,15.0
745891,2024-06-16,2024,691016,L,663978,R,single,False,False,84.0,0.225,29.0,34.52,11.0,13.1,0.774,0.212,34.72,15.11,16.62,31.72,29.38,31.18,118.0,0.159,37.0,31.36,10.0,8.47,0.472,0.0839999999999999,33.93,16.67,14.91,31.58,29.36,28.91,159.0,0.291,29.0,18.24,8.0,5.03,0.739,0.121,21.43,10.92,15.25,26.17,34.11,17.9,5.0,0.2,3.0,60.0,0.0,0.0,1.0,0.6000000000000001,40.0,21.05,15.79,36.84,37.5,75.0
745891,2024-06-16,2024,669127,R,663978,R,field_out,False,False,168.0,0.219,42.0,25.0,12.0,7.14,0.776,0.271,29.17,14.26,16.47,30.73,31.54,25.93,344.0,0.217,101.0,29.36,23.0,6.69,0.7230000000000001,0.226,32.34,16.3,14.73,31.03,31.22,23.88,150.0,0.285,38.0,25.33,6.0,4.0,0.778,0.18000000000000005,26.92,13.07,16.13,29.2,27.46,20.54,17.0,0.312,5.0,29.41,1.0,5.88,0.728,0.063,31.03,15.0,20.0,35.0,19.23,26.32
745891,2024-06-16,2024,663662,R,663978,R,walk,False,True,30.0,0.167,6.0,20.0,0.0,0.0,0.334,0.0,26.23,15.38,14.42,29.81,33.33,20.0,,,,,,,,,,,,,,,150.0,0.285,38.0,25.33,6.0,4.0,0.778,0.18000000000000005,26.92,13.07,16.13,29.2,27.46,20.54,17.0,0.312,5.0,29.41,1.0,5.88,0.728,0.063,31.03,15.0,20.0,35.0,19.23,26.32
745891,2024-06-16,2024,664913,L,663978,R,double,False,False,178.0,0.184,59.0,33.15,15.0,8.43,0.56,0.123,30.94,15.84,13.01,28.85,32.09,27.06,315.0,0.234,81.0,25.71,24.0,7.62,0.738,0.21,29.85,15.11,13.77,28.88,31.88,22.82,159.0,0.291,29.0,18.24,8.0,5.03,0.739,0.121,21.43,10.92,15.25,26.17,34.11,17.9,5.0,0.2,3.0,60.0,0.0,0.0,1.0,0.6000000000000001,40.0,21.05,15.79,36.84,37.5,75.0
745891,2024-06-16,2024,649557,R,663978,R,field_out,False,False,13.0,0.077,2.0,15.38,0.0,0.0,0.154,0.0,18.18,10.26,20.51,30.77,50.0,33.33,207.0,0.225,42.0,20.29,8.0,3.86,0.6020000000000001,0.1,24.15,12.87,15.66,28.53,35.94,22.34,150.0,0.285,38.0,25.33,6.0,4.0,0.778,0.18000000000000005,26.92,13.07,16.13,29.2,27.46,20.54,17.0,0.312,5.0,29.41,1.0,5.88,0.728,0.063,31.03,15.0,20.0,35.0,19.23,26.32
745891,2024-06-16,2024,680869,R,663978,R,double,False,False,164.0,0.18,55.0,33.54,10.0,6.1,0.522,0.10699999999999998,34.69,17.73,15.65,33.39,29.08,29.57,220.0,0.303,54.0,24.55,18.0,8.18,0.969,0.298,30.92,15.24,15.12,30.36,29.22,21.29,150.0,0.285,38.0,25.33,6.0,4.0,0.778,0.18000000000000005,26.92,13.07,16.13,29.2,27.46,20.54,17.0,0.312,5.0,29.41,1.0,5.88,0.728,0.063,31.03,15.0,20.0,35.0,19.23,26.32
745891,2024-06-16,2024,647351,L,663978,R,field_out,False,False,208.0,0.246,44.0,21.15,9.0,4.33,0.6619999999999999,0.123,19.74,9.44,17.76,27.2,30.67,19.73,20.0,0.412,5.0,25.0,2.0,10.0,1.265,0.353,37.04,15.62,26.56,42.19,25.0,31.25,159.0,0.291,29.0,18.24,8.0,5.03,0.739,0.121,21.43,10.92,15.25,26.17,34.11,17.9,5.0,0.2,3.0,60.0,0.0,0.0,1.0,0.6000000000000001,40.0,21.05,15.79,36.84,37.5,75.0
745891,2024-06-16,2024,668885,R,683155,R,single,False,False,59.0,0.222,12.0,20.34,5.0,8.47,0.6579999999999999,0.148,22.12,10.09,17.54,27.63,16.82,16.9,,,,,,,,,,,,,,,77.0,0.233,17.0,22.08,2.0,2.6,0.657,0.164,22.37,12.64,15.61,28.25,35.65,20.99,21.0,0.263,3.0,14.29,0.0,0.0,0.859,0.263,25.58,14.47,14.47,28.95,43.9,15.0
745891,2024-06-16,2024,650489,L,683155,R,double,False,False,208.0,0.225,48.0,23.08,20.0,9.62,0.6970000000000001,0.13999999999999999,27.18,12.85,15.68,28.54,28.73,18.39,280.0,0.266,73.0,26.07,23.0,8.21,0.8029999999999999,0.189,28.16,14.39,15.31,29.7,34.97,21.1,54.0,0.229,11.0,20.37,6.0,11.11,0.857,0.31300000000000006,20.0,10.64,13.19,23.83,24.0,11.83,26.0,0.304,4.0,15.38,2.0,7.69,1.124,0.435,31.82,15.05,16.13,31.18,22.5,16.67
745891,2024-06-16,2024,663616,L,683155,R,home_run,False,False,139.0,0.256,27.0,19.42,12.0,8.63,0.741,0.16799999999999998,28.28,13.37,16.47,29.84,29.13,18.57,189.0,0.228,60.0,31.75,25.0,13.23,0.766,0.21,36.25,14.96,16.71,31.67,22.55,25.75,54.0,0.229,11.0,20.37,6.0,11.11,0.857,0.31300000000000006,20.0,10.64,13.19,23.83,24.0,11.83,26.0,0.304,4.0,15.38,2.0,7.69,1.124,0.435,31.82,15.05,16.13,31.18,22.5,16.67
745891,2024-06-16,2024,668904,R,683155,R,strikeout,True,False,27.0,0.32,4.0,14.81,2.0,7.41,1.21,0.52,29.17,13.73,13.73,27.45,24.07,14.81,183.0,0.307,43.0,23.5,15.0,8.2,0.962,0.283,27.16,12.8,18.57,31.36,28.0,20.98,77.0,0.233,17.0,22.08,2.0,2.6,0.657,0.164,22.37,12.64,15.61,28.25,35.65,20.99,21.0,0.263,3.0,14.29,0.0,0.0,0.859,0.263,25.58,14.47,14.47,28.95,43.9,15.0
745891,2024-06-16,2024,596146,L,683155,R,field_out,False,False,158.0,0.248,31.0,19.62,13.0,8.23,0.736,0.16999999999999998,22.29,11.24,12.36,23.6,26.32,16.23,394.0,0.263,84.0,21.32,37.0,9.39,0.8320000000000001,0.2339999999999999,19.92,9.32,15.49,24.81,24.75,18.14,54.0,0.229,11.0,20.37,6.0,11.11,0.857,0.31300000000000006,20.0,10.64,13.19,23.83,24.0,11.83,26.0,0.304,4.0,15.38,2.0,7.69,1.124,0.435,31.82,15.05,16.13,31.18,22.5,16.67
745891,2024-06-16,2024,621043,R,683155,R,field_out,False,False,162.0,0.31,32.0,19.75,17.0,10.49,0.856,0.16899999999999998,20.82,9.02,20.13,29.15,28.05,17.88,444.0,0.224,112.0,25.23,42.0,9.46,0.69,0.164,26.37,11.3,19.9,31.19,27.0,21.72,77.0,0.233,17.0,22.08,2.0,2.6,0.657,0.164,22.37,12.64,15.61,28.25,35.65,20.99,21.0,0.263,3.0,14.29,0.0,0.0,0.859,0.263,25.58,14.47,14.47,28.95,43.9,15.0
745891,2024-06-16,2024,668709,L,663978,R,home_run,False,False,235.0,0.245,42.0,17.87,29.0,12.34,0.764,0.177,25.0,10.7,17.01,27.7,22.08,17.5,232.0,0.209,53.0,22.84,35.0,15.09,0.726,0.184,28.61,12.18,15.3,27.48,19.27,20.46,159.0,0.291,29.0,18.24,8.0,5.03,0.739,0.121,21.43,10.92,15.25,26.17,34.11,17.9,5.0,0.2,3.0,60.0,0.0,0.0,1.0,0.6000000000000001,40.0,21.05,15.79,36.84,37.5,75.0
745891,2024-06-16,2024,609280,R,663978,R,field_out,False,False,67.0,0.292,12.0,17.91,1.0,1.49,0.6990000000000001,0.10800000000000004,15.04,7.78,17.51,25.29,37.21,16.22,52.0,0.229,6.0,11.54,4.0,7.69,0.705,0.1879999999999999,14.58,7.49,13.9,21.39,30.93,12.77,150.0,0.285,38.0,25.33,6.0,4.0,0.778,0.18000000000000005,26.92,13.07,16.13,29.2,27.46,20.54,17.0,0.312,5.0,29.41,1.0,5.88,0.728,0.063,31.03,15.0,20.0,35.0,19.23,26.32
745891,2024-06-16,2024,691016,L,663978,R,home_run,False,False,84.0,0.225,29.0,34.52,11.0,13.1,0.774,0.212,34.72,15.11,16.62,31.72,29.38,31.18,118.0,0.159,37.0,31.36,10.0,8.47,0.472,0.0839999999999999,33.93,16.67,14.91,31.58,29.36,28.91,159.0,0.291,29.0,18.24,8.0,5.03,0.739,0.121,21.43,10.92,15.25,26.17,34.11,17.9,5.0,0.2,3.0,60.0,0.0,0.0,1.0,0.6000000000000001,40.0,21.05,15.79,36.84,37.5,75.0
745891,2024-06-16,2024,669127,R,686973,R,strikeout,True,False,168.0,0.219,42.0,25.0,12.0,7.14,0.776,0.271,29.17,14.26,16.47,30.73,31.54,25.93,344.0,0.217,101.0,29.36,23.0,6.69,0.7230000000000001,0.226,32.34,16.3,14.73,31.03,31.22,23.88,47.0,0.333,7.0,14.89,6.0,12.77,0.9390000000000001,0.18,21.05,8.74,18.03,26.78,18.95,13.73,184.0,0.275,43.0,23.37,10.0,5.43,0.843,0.251,25.82,14.37,13.24,27.61,29.85,17.84
745891,2024-06-16,2024,663662,R,686973,R,field_out,False,False,30.0,0.167,6.0,20.0,0.0,0.0,0.334,0.0,26.23,15.38,14.42,29.81,33.33,20.0,,,,,,,,,,,,,,,47.0,0.333,7.0,14.89,6.0,12.77,0.9390000000000001,0.18,21.05,8.74,18.03,26.78,18.95,13.73,184.0,0.275,43.0,23.37,10.0,5.43,0.843,0.251,25.82,14.37,13.24,27.61,29.85,17.84
745891,2024-06-16,2024,467793,L,683155,R,double,False,False,184.0,0.211,28.0,15.22,20.0,10.87,0.6699999999999999,0.149,22.46,9.58,17.32,26.9,23.99,13.21,460.0,0.231,83.0,18.04,45.0,9.78,0.727,0.1899999999999999,23.76,11.0,14.32,25.31,24.63,16.21,54.0,0.229,11.0,20.37,6.0,11.11,0.857,0.31300000000000006,20.0,10.64,13.19,23.83,24.0,11.83,26.0,0.304,4.0,15.38,2.0,7.69,1.124,0.435,31.82,15.05,16.13,31.18,22.5,16.67
745891,2024-06-16,2024,622534,R,683155,R,field_out,False,False,77.0,0.171,15.0,19.48,6.0,7.79,0.476,0.057999999999999996,22.56,11.15,17.1,28.25,29.84,20.0,237.0,0.258,33.0,13.92,15.0,6.33,0.694,0.12,23.38,11.66,15.01,26.67,32.22,16.02,77.0,0.233,17.0,22.08,2.0,2.6,0.657,0.164,22.37,12.64,15.61,28.25,35.65,20.99,21.0,0.263,3.0,14.29,0.0,0.0,0.859,0.263,25.58,14.47,14.47,28.95,43.9,15.0
745891,2024-06-16,2024,543877,R,683155,R,field_out,False,False,93.0,0.165,24.0,25.81,3.0,3.23,0.46900000000000003,0.10600000000000001,28.9,15.11,17.52,32.63,37.72,26.09,279.0,0.216,59.0,21.15,22.0,7.89,0.548,0.051,25.76,12.56,16.62,29.18,33.72,23.41,77.0,0.233,17.0,22.08,2.0,2.6,0.657,0.164,22.37,12.64,15.61,28.25,35.65,20.99,21.0,0.263,3.0,14.29,0.0,0.0,0.859,0.263,25.58,14.47,14.47,28.95,43.9,15.0
745891,2024-06-16,2024,668885,R,683155,R,double,False,False,59.0,0.222,12.0,20.34,5.0,8.47,0.6579999999999999,0.148,22.12,10.09,17.54,27.63,16.82,16.9,,,,,,,,,,,,,,,77.0,0.233,17.0,22.08,2.0,2.6,0.657,0.164,22.37,12.64,15.61,28.25,35.65,20.99,21.0,0.263,3.0,14.29,0.0,0.0,0.859,0.263,25.58,14.47,14.47,28.95,43.9,15.0
745891,2024-06-16,2024,650489,R,519008,L,field_out,False,False,63.0,0.356,18.0,28.57,3.0,4.76,0.9390000000000001,0.18600000000000005,30.71,15.42,16.6,32.02,34.13,22.5,129.0,0.237,26.0,20.16,11.0,8.53,0.636,0.079,27.27,14.12,14.71,28.82,33.85,15.03,54.0,0.286,10.0,18.52,4.0,7.41,0.7,0.08100000000000002,21.11,8.88,19.63,28.5,29.25,20.0,6.0,0.6,1.0,16.67,0.0,0.0,1.467,0.2,31.25,15.62,12.5,28.12,42.86,6.25
745891,2024-06-16,2024,664913,L,686973,R,strikeout,True,False,178.0,0.184,59.0,33.15,15.0,8.43,0.56,0.123,30.94,15.84,13.01,28.85,32.09,27.06,315.0,0.234,81.0,25.71,24.0,7.62,0.738,0.21,29.85,15.11,13.77,28.88,31.88,22.82,58.0,0.288,14.0,24.14,4.0,6.9,0.903,0.2700000000000001,17.43,8.12,17.09,25.21,18.1,21.54,100.0,0.209,28.0,28.0,7.0,7.0,0.694,0.22,26.04,13.12,19.16,32.28,29.52,22.76
745891,2024-06-16,2024,649557,R,686973,R,field_out,False,False,13.0,0.077,2.0,15.38,0.0,0.0,0.154,0.0,18.18,10.26,20.51,30.77,50.0,33.33,207.0,0.225,42.0,20.29,8.0,3.86,0.6020000000000001,0.1,24.15,12.87,15.66,28.53,35.94,22.34,47.0,0.333,7.0,14.89,6.0,12.77,0.9390000000000001,0.18,21.05,8.74,18.03,26.78,18.95,13.73,184.0,0.275,43.0,23.37,10.0,5.43,0.843,0.251,25.82,14.37,13.24,27.61,29.85,17.84
745891,2024-06-16,2024,680869,R,686973,R,strikeout,True,False,164.0,0.18,55.0,33.54,10.0,6.1,0.522,0.10699999999999998,34.69,17.73,15.65,33.39,29.08,29.57,220.0,0.303,54.0,24.55,18.0,8.18,0.969,0.298,30.92,15.24,15.12,30.36,29.22,21.29,47.0,0.333,7.0,14.89,6.0,12.77,0.9390000000000001,0.18,21.05,8.74,18.03,26.78,18.95,13.73,184.0,0.275,43.0,23.37,10.0,5.43,0.843,0.251,25.82,14.37,13.24,27.61,29.85,17.84
745891,2024-06-16,2024,663616,L,519008,L,strikeout,True,False,6.0,0.333,1.0,16.67,0.0,0.0,0.666,0.0,28.57,17.39,4.35,21.74,33.33,16.67,23.0,0.095,12.0,52.17,2.0,8.7,0.412,0.143,38.64,14.53,19.66,34.19,26.76,29.27,56.0,0.264,9.0,16.07,2.0,3.57,0.6619999999999999,0.09399999999999997,22.22,10.53,22.63,33.16,32.93,20.93,5.0,0.25,1.0,20.0,1.0,20.0,0.65,0.0,42.86,15.79,10.53,26.32,16.67,100.0
745891,2024-06-16,2024,668904,R,519008,L,walk,False,True,10.0,0.556,1.0,10.0,0.0,0.0,1.5,0.44399999999999995,27.78,16.67,13.33,30.0,38.46,11.11,56.0,0.314,12.0,21.43,5.0,8.93,0.7869999999999999,0.0979999999999999,27.66,13.33,16.92,30.26,30.21,23.53,54.0,0.286,10.0,18.52,4.0,7.41,0.7,0.08100000000000002,21.11,8.88,19.63,28.5,29.25,20.0,6.0,0.6,1.0,16.67,0.0,0.0,1.467,0.2,31.25,15.62,12.5,28.12,42.86,6.25
745891,2024-06-16,2024,596146,L,519008,L,field_out,False,False,33.0,0.333,4.0,12.12,1.0,3.03,0.864,0.16699999999999998,13.56,6.72,17.65,24.37,32.76,11.43,97.0,0.25,22.0,22.68,8.0,8.25,0.752,0.182,19.46,9.73,13.51,23.24,25.0,18.42,56.0,0.264,9.0,16.07,2.0,3.57,0.6619999999999999,0.09399999999999997,22.22,10.53,22.63,33.16,32.93,20.93,5.0,0.25,1.0,20.0,1.0,20.0,0.65,0.0,42.86,15.79,10.53,26.32,16.67,100.0
745891,2024-06-16,2024,621043,R,668674,R,strikeout,True,False,162.0,0.31,32.0,19.75,17.0,10.49,0.856,0.16899999999999998,20.82,9.02,20.13,29.15,28.05,17.88,444.0,0.224,112.0,25.23,42.0,9.46,0.69,0.164,26.37,11.3,19.9,31.19,27.0,21.72,50.0,0.128,19.0,38.0,2.0,4.0,0.435,0.127,33.77,14.77,21.02,35.8,29.55,39.58,160.0,0.254,41.0,25.62,20.0,12.5,0.723,0.1039999999999999,27.31,11.08,18.25,29.33,23.65,21.24
745891,2024-06-16,2024,647351,L,686973,R,field_out,False,False,208.0,0.246,44.0,21.15,9.0,4.33,0.6619999999999999,0.123,19.74,9.44,17.76,27.2,30.67,19.73,20.0,0.412,5.0,25.0,2.0,10.0,1.265,0.353,37.04,15.62,26.56,42.19,25.0,31.25,58.0,0.288,14.0,24.14,4.0,6.9,0.903,0.2700000000000001,17.43,8.12,17.09,25.21,18.1,21.54,100.0,0.209,28.0,28.0,7.0,7.0,0.694,0.22,26.04,13.12,19.16,32.28,29.52,22.76
745891,2024-06-16,2024,668709,L,686973,R,single,False,False,235.0,0.245,42.0,17.87,29.0,12.34,0.764,0.177,25.0,10.7,17.01,27.7,22.08,17.5,232.0,0.209,53.0,22.84,35.0,15.09,0.726,0.184,28.61,12.18,15.3,27.48,19.27,20.46,58.0,0.288,14.0,24.14,4.0,6.9,0.903,0.2700000000000001,17.43,8.12,17.09,25.21,18.1,21.54,100.0,0.209,28.0,28.0,7.0,7.0,0.694,0.22,26.04,13.12,19.16,32.28,29.52,22.76
745891,2024-06-16,2024,609280,R,686973,R,field_out,False,False,67.0,0.292,12.0,17.91,1.0,1.49,0.6990000000000001,0.10800000000000004,15.04,7.78,17.51,25.29,37.21,16.22,52.0,0.229,6.0,11.54,4.0,7.69,0.705,0.1879999999999999,14.58,7.49,13.9,21.39,30.93,12.77,47.0,0.333,7.0,14.89,6.0,12.77,0.9390000000000001,0.18,21.05,8.74,18.03,26.78,18.95,13.73,184.0,0.275,43.0,23.37,10.0,5.43,0.843,0.251,25.82,14.37,13.24,27.61,29.85,17.84
745891,2024-06-16,2024,691016,L,686973,R,hit_by_pitch,False,False,84.0,0.225,29.0,34.52,11.0,13.1,0.774,0.212,34.72,15.11,16.62,31.72,29.38,31.18,118.0,0.159,37.0,31.36,10.0,8.47,0.472,0.0839999999999999,33.93,16.67,14.91,31.58,29.36,28.91,58.0,0.288,14.0,24.14,4.0,6.9,0.903,0.2700000000000001,17.43,8.12,17.09,25.21,18.1,21.54,100.0,0.209,28.0,28.0,7.0,7.0,0.694,0.22,26.04,13.12,19.16,32.28,29.52,22.76
745891,2024-06-16,2024,669127,R,686973,R,field_out,False,False,168.0,0.219,42.0,25.0,12.0,7.14,0.776,0.271,29.17,14.26,16.47,30.73,31.54,25.93,344.0,0.217,101.0,29.36,23.0,6.69,0.7230000000000001,0.226,32.34,16.3,14.73,31.03,31.22,23.88,47.0,0.333,7.0,14.89,6.0,12.77,0.9390000000000001,0.18,21.05,8.74,18.03,26.78,18.95,13.73,184.0,0.275,43.0,23.37,10.0,5.43,0.843,0.251,25.82,14.37,13.24,27.61,29.85,17.84
745891,2024-06-16,2024,467793,L,668674,R,strikeout,True,False,184.0,0.211,28.0,15.22,20.0,10.87,0.6699999999999999,0.149,22.46,9.58,17.32,26.9,23.99,13.21,460.0,0.231,83.0,18.04,45.0,9.78,0.727,0.1899999999999999,23.76,11.0,14.32,25.31,24.63,16.21,45.0,0.257,9.0,20.0,8.0,17.78,0.9650000000000001,0.28600000000000003,30.77,12.7,16.93,29.63,32.41,15.79,92.0,0.23,27.0,29.35,16.0,17.39,0.731,0.1209999999999999,29.94,12.74,16.11,28.85,22.48,17.88
745891,2024-06-16,2024,622534,R,668674,R,single,False,False,77.0,0.171,15.0,19.48,6.0,7.79,0.476,0.057999999999999996,22.56,11.15,17.1,28.25,29.84,20.0,237.0,0.258,33.0,13.92,15.0,6.33,0.694,0.12,23.38,11.66,15.01,26.67,32.22,16.02,50.0,0.128,19.0,38.0,2.0,4.0,0.435,0.127,33.77,14.77,21.02,35.8,29.55,39.58,160.0,0.254,41.0,25.62,20.0,12.5,0.723,0.1039999999999999,27.31,11.08,18.25,29.33,23.65,21.24
745891,2024-06-16,2024,543877,R,668674,R,single,False,False,93.0,0.165,24.0,25.81,3.0,3.23,0.46900000000000003,0.10600000000000001,28.9,15.11,17.52,32.63,37.72,26.09,279.0,0.216,59.0,21.15,22.0,7.89,0.548,0.051,25.76,12.56,16.62,29.18,33.72,23.41,50.0,0.128,19.0,38.0,2.0,4.0,0.435,0.127,33.77,14.77,21.02,35.8,29.55,39.58,160.0,0.254,41.0,25.62,20.0,12.5,0.723,0.1039999999999999,27.31,11.08,18.25,29.33,23.65,21.24
745891,2024-06-16,2024,668885,R,668674,R,grounded_into_double_play,False,False,59.0,0.222,12.0,20.34,5.0,8.47,0.6579999999999999,0.148,22.12,10.09,17.54,27.63,16.82,16.9,,,,,,,,,,,,,,,50.0,0.128,19.0,38.0,2.0,4.0,0.435,0.127,33.77,14.77,21.02,35.8,29.55,39.58,160.0,0.254,41.0,25.62,20.0,12.5,0.723,0.1039999999999999,27.31,11.08,18.25,29.33,23.65,21.24
745891,2024-06-16,2024,663662,R,686973,R,field_out,False,False,30.0,0.167,6.0,20.0,0.0,0.0,0.334,0.0,26.23,15.38,14.42,29.81,33.33,20.0,,,,,,,,,,,,,,,47.0,0.333,7.0,14.89,6.0,12.77,0.9390000000000001,0.18,21.05,8.74,18.03,26.78,18.95,13.73,184.0,0.275,43.0,23.37,10.0,5.43,0.843,0.251,25.82,14.37,13.24,27.61,29.85,17.84
745891,2024-06-16,2024,664913,L,686973,R,field_out,False,False,178.0,0.184,59.0,33.15,15.0,8.43,0.56,0.123,30.94,15.84,13.01,28.85,32.09,27.06,315.0,0.234,81.0,25.71,24.0,7.62,0.738,0.21,29.85,15.11,13.77,28.88,31.88,22.82,58.0,0.288,14.0,24.14,4.0,6.9,0.903,0.2700000000000001,17.43,8.12,17.09,25.21,18.1,21.54,100.0,0.209,28.0,28.0,7.0,7.0,0.694,0.22,26.04,13.12,19.16,32.28,29.52,22.76
745891,2024-06-16,2024,649557,R,686973,R,field_out,False,False,13.0,0.077,2.0,15.38,0.0,0.0,0.154,0.0,18.18,10.26,20.51,30.77,50.0,33.33,207.0,0.225,42.0,20.29,8.0,3.86,0.6020000000000001,0.1,24.15,12.87,15.66,28.53,35.94,22.34,47.0,0.333,7.0,14.89,6.0,12.77,0.9390000000000001,0.18,21.05,8.74,18.03,26.78,18.95,13.73,184.0,0.275,43.0,23.37,10.0,5.43,0.843,0.251,25.82,14.37,13.24,27.61,29.85,17.84
745891,2024-06-16,2024,650489,R,518397,L,single,False,False,63.0,0.356,18.0,28.57,3.0,4.76,0.9390000000000001,0.18600000000000005,30.71,15.42,16.6,32.02,34.13,22.5,129.0,0.237,26.0,20.16,11.0,8.53,0.636,0.079,27.27,14.12,14.71,28.82,33.85,15.03,18.0,0.214,3.0,16.67,2.0,11.11,1.008,0.5,25.81,14.04,5.26,19.3,42.31,25.0,125.0,0.328,15.0,12.0,8.0,6.4,0.781,0.077,16.67,8.44,14.64,23.08,30.3,17.65
745891,2024-06-16,2024,669304,R,518397,L,force_out,False,False,60.0,0.241,8.0,13.33,1.0,1.67,0.646,0.138,16.96,9.22,13.11,22.33,36.54,13.79,32.0,0.226,6.0,18.75,1.0,3.12,0.573,0.097,29.85,17.54,10.53,28.07,44.44,20.0,18.0,0.214,3.0,16.67,2.0,11.11,1.008,0.5,25.81,14.04,5.26,19.3,42.31,25.0,125.0,0.328,15.0,12.0,8.0,6.4,0.781,0.077,16.67,8.44,14.64,23.08,30.3,17.65
745891,2024-06-16,2024,668904,R,518397,L,walk,False,True,10.0,0.556,1.0,10.0,0.0,0.0,1.5,0.44399999999999995,27.78,16.67,13.33,30.0,38.46,11.11,56.0,0.314,12.0,21.43,5.0,8.93,0.7869999999999999,0.0979999999999999,27.66,13.33,16.92,30.26,30.21,23.53,18.0,0.214,3.0,16.67,2.0,11.11,1.008,0.5,25.81,14.04,5.26,19.3,42.31,25.0,125.0,0.328,15.0,12.0,8.0,6.4,0.781,0.077,16.67,8.44,14.64,23.08,30.3,17.65
745891,2024-06-16,2024,596146,L,518397,L,force_out,False,False,33.0,0.333,4.0,12.12,1.0,3.03,0.864,0.16699999999999998,13.56,6.72,17.65,24.37,32.76,11.43,97.0,0.25,22.0,22.68,8.0,8.25,0.752,0.182,19.46,9.73,13.51,23.24,25.0,18.42,16.0,0.188,2.0,12.5,0.0,0.0,0.376,0.0,12.0,5.66,24.53,30.19,40.0,12.5,83.0,0.215,16.0,19.28,3.0,3.61,0.56,0.101,24.84,13.2,16.17,29.37,31.5,16.84
745891,2024-06-16,2024,621043,R,613534,R,single,False,False,162.0,0.31,32.0,19.75,17.0,10.49,0.856,0.16899999999999998,20.82,9.02,20.13,29.15,28.05,17.88,444.0,0.224,112.0,25.23,42.0,9.46,0.69,0.164,26.37,11.3,19.9,31.19,27.0,21.72,68.0,0.302,18.0,26.47,10.0,14.71,0.8180000000000001,0.07500000000000001,38.84,15.99,16.67,32.65,22.78,20.22,52.0,0.267,12.0,23.08,4.0,7.69,0.721,0.0889999999999999,25.93,12.28,15.35,27.63,31.9,16.67
745891,2024-06-16,2024,467793,L,613534,R,field_out,False,False,184.0,0.211,28.0,15.22,20.0,10.87,0.6699999999999999,0.149,22.46,9.58,17.32,26.9,23.99,13.21,460.0,0.231,83.0,18.04,45.0,9.78,0.727,0.1899999999999999,23.76,11.0,14.32,25.31,24.63,16.21,42.0,0.188,12.0,28.57,5.0,11.9,0.741,0.187,26.58,11.41,16.3,27.72,25.58,20.69,29.0,0.174,10.0,34.48,4.0,13.79,0.5189999999999999,0.0,35.71,14.81,17.78,32.59,22.73,21.28
745891,2024-06-16,2024,680869,R,686973,R,strikeout,True,False,164.0,0.18,55.0,33.54,10.0,6.1,0.522,0.10699999999999998,34.69,17.73,15.65,33.39,29.08,29.57,220.0,0.303,54.0,24.55,18.0,8.18,0.969,0.298,30.92,15.24,15.12,30.36,29.22,21.29,47.0,0.333,7.0,14.89,6.0,12.77,0.9390000000000001,0.18,21.05,8.74,18.03,26.78,18.95,13.73,184.0,0.275,43.0,23.37,10.0,5.43,0.843,0.251,25.82,14.37,13.24,27.61,29.85,17.84
745891,2024-06-16,2024,647351,L,686973,R,field_out,False,False,208.0,0.246,44.0,21.15,9.0,4.33,0.6619999999999999,0.123,19.74,9.44,17.76,27.2,30.67,19.73,20.0,0.412,5.0,25.0,2.0,10.0,1.265,0.353,37.04,15.62,26.56,42.19,25.0,31.25,58.0,0.288,14.0,24.14,4.0,6.9,0.903,0.2700000000000001,17.43,8.12,17.09,25.21,18.1,21.54,100.0,0.209,28.0,28.0,7.0,7.0,0.694,0.22,26.04,13.12,19.16,32.28,29.52,22.76
745891,2024-06-16,2024,668709,L,686973,R,single,False,False,235.0,0.245,42.0,17.87,29.0,12.34,0.764,0.177,25.0,10.7,17.01,27.7,22.08,17.5,232.0,0.209,53.0,22.84,35.0,15.09,0.726,0.184,28.61,12.18,15.3,27.48,19.27,20.46,58.0,0.288,14.0,24.14,4.0,6.9,0.903,0.2700000000000001,17.43,8.12,17.09,25.21,18.1,21.54,100.0,0.209,28.0,28.0,7.0,7.0,0.694,0.22,26.04,13.12,19.16,32.28,29.52,22.76
745891,2024-06-16,2024,609280,R,686973,R,single,False,False,67.0,0.292,12.0,17.91,1.0,1.49,0.6990000000000001,0.10800000000000004,15.04,7.78,17.51,25.29,37.21,16.22,52.0,0.229,6.0,11.54,4.0,7.69,0.705,0.1879999999999999,14.58,7.49,13.9,21.39,30.93,12.77,47.0,0.333,7.0,14.89,6.0,12.77,0.9390000000000001,0.18,21.05,8.74,18.03,26.78,18.95,13.73,184.0,0.275,43.0,23.37,10.0,5.43,0.843,0.251,25.82,14.37,13.24,27.61,29.85,17.84
745891,2024-06-16,2024,691016,L,686973,R,single,False,False,84.0,0.225,29.0,34.52,11.0,13.1,0.774,0.212,34.72,15.11,16.62,31.72,29.38,31.18,118.0,0.159,37.0,31.36,10.0,8.47,0.472,0.0839999999999999,33.93,16.67,14.91,31.58,29.36,28.91,58.0,0.288,14.0,24.14,4.0,6.9,0.903,0.2700000000000001,17.43,8.12,17.09,25.21,18.1,21.54,100.0,0.209,28.0,28.0,7.0,7.0,0.694,0.22,26.04,13.12,19.16,32.28,29.52,22.76
745891,2024-06-16,2024,669127,R,686973,R,single,False,False,168.0,0.219,42.0,25.0,12.0,7.14,0.776,0.271,29.17,14.26,16.47,30.73,31.54,25.93,344.0,0.217,101.0,29.36,23.0,6.69,0.7230000000000001,0.226,32.34,16.3,14.73,31.03,31.22,23.88,47.0,0.333,7.0,14.89,6.0,12.77,0.9390000000000001,0.18,21.05,8.74,18.03,26.78,18.95,13.73,184.0,0.275,43.0,23.37,10.0,5.43,0.843,0.251,25.82,14.37,13.24,27.61,29.85,17.84
745891,2024-06-16,2024,663662,R,622251,R,field_out,False,False,30.0,0.167,6.0,20.0,0.0,0.0,0.334,0.0,26.23,15.38,14.42,29.81,33.33,20.0,,,,,,,,,,,,,,,32.0,0.111,3.0,9.38,5.0,15.62,0.361,0.0,27.27,11.63,20.93,32.56,20.97,7.5,52.0,0.22,14.0,26.92,10.0,19.23,0.69,0.097,30.53,13.62,13.15,26.76,26.67,25.0
745891,2024-06-16,2024,622534,R,613534,R,field_out,False,False,77.0,0.171,15.0,19.48,6.0,7.79,0.476,0.057999999999999996,22.56,11.15,17.1,28.25,29.84,20.0,237.0,0.258,33.0,13.92,15.0,6.33,0.694,0.12,23.38,11.66,15.01,26.67,32.22,16.02,68.0,0.302,18.0,26.47,10.0,14.71,0.8180000000000001,0.07500000000000001,38.84,15.99,16.67,32.65,22.78,20.22,52.0,0.267,12.0,23.08,4.0,7.69,0.721,0.0889999999999999,25.93,12.28,15.35,27.63,31.9,16.67
745891,2024-06-16,2024,543877,R,613534,R,field_out,False,False,93.0,0.165,24.0,25.81,3.0,3.23,0.46900000000000003,0.10600000000000001,28.9,15.11,17.52,32.63,37.72,26.09,279.0,0.216,59.0,21.15,22.0,7.89,0.548,0.051,25.76,12.56,16.62,29.18,33.72,23.41,68.0,0.302,18.0,26.47,10.0,14.71,0.8180000000000001,0.07500000000000001,38.84,15.99,16.67,32.65,22.78,20.22,52.0,0.267,12.0,23.08,4.0,7.69,0.721,0.0889999999999999,25.93,12.28,15.35,27.63,31.9,16.67
745891,2024-06-16,2024,668885,R,613534,R,strikeout,True,False,59.0,0.222,12.0,20.34,5.0,8.47,0.6579999999999999,0.148,22.12,10.09,17.54,27.63,16.82,16.9,,,,,,,,,,,,,,,68.0,0.302,18.0,26.47,10.0,14.71,0.8180000000000001,0.07500000000000001,38.84,15.99,16.67,32.65,22.78,20.22,52.0,0.267,12.0,23.08,4.0,7.69,0.721,0.0889999999999999,25.93,12.28,15.35,27.63,31.9,16.67
745891,2024-06-16,2024,664913,L,622251,R,strikeout,True,False,178.0,0.184,59.0,33.15,15.0,8.43,0.56,0.123,30.94,15.84,13.01,28.85,32.09,27.06,315.0,0.234,81.0,25.71,24.0,7.62,0.738,0.21,29.85,15.11,13.77,28.88,31.88,22.82,19.0,0.158,6.0,31.58,0.0,0.0,0.316,0.0,23.08,10.98,20.73,31.71,38.64,21.43,37.0,0.219,10.0,27.03,3.0,8.11,0.5740000000000001,0.031,23.29,11.49,13.51,25.0,23.94,21.74
745891,2024-06-16,2024,649557,R,622251,R,strikeout,True,False,13.0,0.077,2.0,15.38,0.0,0.0,0.154,0.0,18.18,10.26,20.51,30.77,50.0,33.33,207.0,0.225,42.0,20.29,8.0,3.86,0.6020000000000001,0.1,24.15,12.87,15.66,28.53,35.94,22.34,32.0,0.111,3.0,9.38,5.0,15.62,0.361,0.0,27.27,11.63,20.93,32.56,20.97,7.5,52.0,0.22,14.0,26.92,10.0,19.23,0.69,0.097,30.53,13.62,13.15,26.76,26.67,25.0
745891,2024-06-16,2024,680869,R,622251,R,strikeout,True,False,164.0,0.18,55.0,33.54,10.0,6.1,0.522,0.10699999999999998,34.69,17.73,15.65,33.39,29.08,29.57,220.0,0.303,54.0,24.55,18.0,8.18,0.969,0.298,30.92,15.24,15.12,30.36,29.22,21.29,32.0,0.111,3.0,9.38,5.0,15.62,0.361,0.0,27.27,11.63,20.93,32.56,20.97,7.5,52.0,0.22,14.0,26.92,10.0,19.23,0.69,0.097,30.53,13.62,13.15,26.76,26.67,25.0
745891,2024-06-16,2024,650489,L,666204,R,strikeout,True,False,208.0,0.225,48.0,23.08,20.0,9.62,0.6970000000000001,0.13999999999999999,27.18,12.85,15.68,28.54,28.73,18.39,280.0,0.266,73.0,26.07,23.0,8.21,0.8029999999999999,0.189,28.16,14.39,15.31,29.7,34.97,21.1,46.0,0.184,8.0,17.39,8.0,17.39,0.7210000000000001,0.21100000000000002,27.4,11.98,17.37,29.34,20.51,20.0,37.0,0.129,9.0,24.32,5.0,13.51,0.437,0.065,25.0,8.62,21.84,30.46,18.37,15.0
745891,2024-06-16,2024,669304,R,666204,R,home_run,False,False,129.0,0.288,20.0,15.5,7.0,5.43,0.8280000000000001,0.20400000000000001,20.81,9.98,17.79,27.77,33.06,18.87,120.0,0.207,18.0,15.0,8.0,6.67,0.5640000000000001,0.09,23.72,11.83,13.69,25.52,32.37,15.04,51.0,0.158,12.0,23.53,10.0,19.61,0.649,0.158,28.77,10.29,23.53,33.82,18.81,21.82,58.0,0.152,12.0,20.69,9.0,15.52,0.6339999999999999,0.1959999999999999,29.03,11.44,17.37,28.81,19.85,20.0
745891,2024-06-16,2024,668904,R,666204,R,field_out,False,False,27.0,0.32,4.0,14.81,2.0,7.41,1.21,0.52,29.17,13.73,13.73,27.45,24.07,14.81,183.0,0.307,43.0,23.5,15.0,8.2,0.962,0.283,27.16,12.8,18.57,31.36,28.0,20.98,51.0,0.158,12.0,23.53,10.0,19.61,0.649,0.158,28.77,10.29,23.53,33.82,18.81,21.82,58.0,0.152,12.0,20.69,9.0,15.52,0.6339999999999999,0.1959999999999999,29.03,11.44,17.37,28.81,19.85,20.0
745891,2024-06-16,2024,596146,L,666204,R,single,False,False,158.0,0.248,31.0,19.62,13.0,8.23,0.736,0.16999999999999998,22.29,11.24,12.36,23.6,26.32,16.23,394.0,0.263,84.0,21.32,37.0,9.39,0.8320000000000001,0.2339999999999999,19.92,9.32,15.49,24.81,24.75,18.14,46.0,0.184,8.0,17.39,8.0,17.39,0.7210000000000001,0.21100000000000002,27.4,11.98,17.37,29.34,20.51,20.0,37.0,0.129,9.0,24.32,5.0,13.51,0.437,0.065,25.0,8.62,21.84,30.46,18.37,15.0
745891,2024-06-16,2024,621043,R,666204,R,field_out,False,False,162.0,0.31,32.0,19.75,17.0,10.49,0.856,0.16899999999999998,20.82,9.02,20.13,29.15,28.05,17.88,444.0,0.224,112.0,25.23,42.0,9.46,0.69,0.164,26.37,11.3,19.9,31.19,27.0,21.72,51.0,0.158,12.0,23.53,10.0,19.61,0.649,0.158,28.77,10.29,23.53,33.82,18.81,21.82,58.0,0.152,12.0,20.69,9.0,15.52,0.6339999999999999,0.1959999999999999,29.03,11.44,17.37,28.81,19.85,20.0
745891,2024-06-16,2024,647351,L,643377,R,field_out,False,False,208.0,0.246,44.0,21.15,9.0,4.33,0.6619999999999999,0.123,19.74,9.44,17.76,27.2,30.67,19.73,20.0,0.412,5.0,25.0,2.0,10.0,1.265,0.353,37.04,15.62,26.56,42.19,25.0,31.25,53.0,0.174,15.0,28.3,5.0,9.43,0.552,0.10899999999999999,34.0,15.6,21.1,36.7,31.78,20.55,117.0,0.238,35.0,29.91,11.0,9.4,0.6970000000000001,0.143,29.15,14.01,20.91,34.91,36.23,23.81
745891,2024-06-16,2024,668709,L,643377,R,single,False,False,235.0,0.245,42.0,17.87,29.0,12.34,0.764,0.177,25.0,10.7,17.01,27.7,22.08,17.5,232.0,0.209,53.0,22.84,35.0,15.09,0.726,0.184,28.61,12.18,15.3,27.48,19.27,20.46,53.0,0.174,15.0,28.3,5.0,9.43,0.552,0.10899999999999999,34.0,15.6,21.1,36.7,31.78,20.55,117.0,0.238,35.0,29.91,11.0,9.4,0.6970000000000001,0.143,29.15,14.01,20.91,34.91,36.23,23.81
745891,2024-06-16,2024,609280,R,643377,R,field_out,False,False,67.0,0.292,12.0,17.91,1.0,1.49,0.6990000000000001,0.10800000000000004,15.04,7.78,17.51,25.29,37.21,16.22,52.0,0.229,6.0,11.54,4.0,7.69,0.705,0.1879999999999999,14.58,7.49,13.9,21.39,30.93,12.77,66.0,0.177,27.0,40.91,3.0,4.55,0.486,0.09700000000000003,38.78,20.28,14.95,35.23,34.93,25.23,157.0,0.228,33.0,21.02,8.0,5.1,0.599,0.089,24.56,11.73,18.37,30.1,27.92,20.25
745891,2024-06-16,2024,691016,L,643377,R,strikeout,True,False,84.0,0.225,29.0,34.52,11.0,13.1,0.774,0.212,34.72,15.11,16.62,31.72,29.38,31.18,118.0,0.159,37.0,31.36,10.0,8.47,0.472,0.0839999999999999,33.93,16.67,14.91,31.58,29.36,28.91,53.0,0.174,15.0,28.3,5.0,9.43,0.552,0.10899999999999999,34.0,15.6,21.1,36.7,31.78,20.55,117.0,0.238,35.0,29.91,11.0,9.4,0.6970000000000001,0.143,29.15,14.01,20.91,34.91,36.23,23.81
747187,2024-06-16,2024,502054,R,543518,R,walk,False,True,116.0,0.284,24.0,20.69,7.0,6.03,0.6950000000000001,0.08300000000000002,23.44,9.64,22.06,31.69,18.66,17.65,304.0,0.262,71.0,23.36,28.0,9.21,0.767,0.173,26.61,10.98,19.38,30.37,21.23,21.19,61.0,0.273,9.0,14.75,4.0,6.56,0.893,0.30899999999999994,28.81,15.53,11.42,26.94,27.72,15.79,162.0,0.28,46.0,28.4,17.0,10.49,0.876,0.244,32.11,16.06,15.44,31.5,34.25,22.89
747187,2024-06-16,2024,683734,R,543518,R,grounded_into_double_play,False,False,216.0,0.218,53.0,24.54,15.0,6.94,0.6579999999999999,0.158,22.39,10.56,17.61,28.17,29.86,19.63,474.0,0.267,109.0,23.0,29.0,6.12,0.774,0.18,26.24,11.95,18.94,30.89,30.92,21.51,61.0,0.273,9.0,14.75,4.0,6.56,0.893,0.30899999999999994,28.81,15.53,11.42,26.94,27.72,15.79,162.0,0.28,46.0,28.4,17.0,10.49,0.876,0.244,32.11,16.06,15.44,31.5,34.25,22.89
747187,2024-06-16,2024,673357,R,543518,R,strikeout,True,False,59.0,0.179,24.0,40.68,3.0,5.08,0.7909999999999999,0.39199999999999996,36.64,19.43,15.79,35.22,37.9,26.97,477.0,0.252,132.0,27.67,25.0,5.24,0.8340000000000001,0.279,32.83,18.94,10.59,29.53,40.07,24.77,61.0,0.273,9.0,14.75,4.0,6.56,0.893,0.30899999999999994,28.81,15.53,11.42,26.94,27.72,15.79,162.0,0.28,46.0,28.4,17.0,10.49,0.876,0.244,32.11,16.06,15.44,31.5,34.25,22.89
747187,2024-06-16,2024,682998,L,607200,R,double,False,False,204.0,0.219,37.0,18.14,24.0,11.76,0.64,0.10700000000000001,20.71,9.04,16.54,25.58,25.53,19.37,472.0,0.286,105.0,22.25,46.0,9.75,0.921,0.266,22.34,10.24,16.27,26.51,28.83,21.92,191.0,0.239,41.0,21.47,13.0,6.81,0.687,0.15900000000000003,19.36,8.68,15.28,23.96,24.64,17.75,,,,,,,,,,,,,,
747187,2024-06-16,2024,606466,L,607200,R,single,False,False,199.0,0.247,46.0,23.12,19.0,9.55,0.679,0.11499999999999999,24.86,11.71,14.34,26.05,24.87,20.18,452.0,0.259,85.0,18.81,54.0,11.95,0.827,0.2199999999999999,20.87,9.03,16.76,25.8,21.17,17.28,191.0,0.239,41.0,21.47,13.0,6.81,0.687,0.15900000000000003,19.36,8.68,15.28,23.96,24.64,17.75,,,,,,,,,,,,,,
747187,2024-06-16,2024,592626,L,607200,R,force_out,False,False,191.0,0.286,46.0,24.08,20.0,10.47,0.869,0.21100000000000002,24.18,11.15,17.29,28.45,29.4,19.91,373.0,0.241,74.0,19.84,49.0,13.14,0.786,0.194,24.13,10.89,15.07,25.96,29.36,16.09,191.0,0.239,41.0,21.47,13.0,6.81,0.687,0.15900000000000003,19.36,8.68,15.28,23.96,24.64,17.75,,,,,,,,,,,,,,
747187,2024-06-16,2024,572233,R,607200,R,strikeout,True,False,224.0,0.245,54.0,24.11,25.0,11.16,0.8140000000000001,0.23399999999999999,26.14,12.67,12.99,25.66,25.3,17.25,497.0,0.259,95.0,19.11,42.0,8.45,0.8009999999999999,0.2129999999999999,26.19,12.83,14.15,26.98,26.84,15.33,172.0,0.231,42.0,24.42,10.0,5.81,0.623,0.10700000000000001,24.16,10.83,18.8,29.62,27.22,20.29,,,,,,,,,,,,,,
747187,2024-06-16,2024,666971,R,607200,R,strikeout,True,False,201.0,0.216,39.0,19.4,9.0,4.48,0.591,0.11600000000000002,21.05,10.58,16.27,26.85,31.65,17.81,433.0,0.247,85.0,19.63,21.0,4.85,0.756,0.22,20.07,9.99,16.64,26.63,31.06,17.82,172.0,0.231,42.0,24.42,10.0,5.81,0.623,0.10700000000000001,24.16,10.83,18.8,29.62,27.22,20.29,,,,,,,,,,,,,,
747187,2024-06-16,2024,657557,R,543518,R,field_out,False,False,176.0,0.264,56.0,31.82,6.0,3.41,0.833,0.257,32.74,19.16,9.58,28.74,33.55,25.11,281.0,0.203,86.0,30.6,12.0,4.27,0.603,0.1539999999999999,36.49,19.09,15.38,34.47,35.28,34.68,61.0,0.273,9.0,14.75,4.0,6.56,0.893,0.30899999999999994,28.81,15.53,11.42,26.94,27.72,15.79,162.0,0.28,46.0,28.4,17.0,10.49,0.876,0.244,32.11,16.06,15.44,31.5,34.25,22.89
747187,2024-06-16,2024,667452,R,543518,R,strikeout,True,False,64.0,0.207,14.0,21.88,6.0,9.38,0.643,0.155,22.31,9.96,18.45,28.41,29.29,14.89,250.0,0.249,56.0,22.4,20.0,8.0,0.659,0.0979999999999999,26.42,11.51,19.54,31.05,28.57,19.44,61.0,0.273,9.0,14.75,4.0,6.56,0.893,0.30899999999999994,28.81,15.53,11.42,26.94,27.72,15.79,162.0,0.28,46.0,28.4,17.0,10.49,0.876,0.244,32.11,16.06,15.44,31.5,34.25,22.89
747187,2024-06-16,2024,686676,R,543518,R,field_error,False,False,131.0,0.226,39.0,29.77,6.0,4.58,0.649,0.161,39.13,22.45,10.81,33.26,34.82,24.05,47.0,0.116,12.0,25.53,4.0,8.51,0.4,0.0929999999999999,33.71,18.07,13.25,31.33,34.15,23.53,61.0,0.273,9.0,14.75,4.0,6.56,0.893,0.30899999999999994,28.81,15.53,11.42,26.94,27.72,15.79,162.0,0.28,46.0,28.4,17.0,10.49,0.876,0.244,32.11,16.06,15.44,31.5,34.25,22.89
747187,2024-06-16,2024,672820,R,543518,R,force_out,False,False,65.0,0.213,17.0,26.15,2.0,3.08,0.512,0.049000000000000016,26.4,13.87,19.75,33.61,39.45,23.61,123.0,0.178,30.0,24.39,2.0,1.63,0.504,0.136,24.69,13.05,16.81,29.87,39.56,22.39,61.0,0.273,9.0,14.75,4.0,6.56,0.893,0.30899999999999994,28.81,15.53,11.42,26.94,27.72,15.79,162.0,0.28,46.0,28.4,17.0,10.49,0.876,0.244,32.11,16.06,15.44,31.5,34.25,22.89
747187,2024-06-16,2024,664983,L,607200,R,single,False,False,142.0,0.246,26.0,18.31,13.0,9.15,0.7210000000000001,0.139,20.65,9.66,16.1,25.76,26.91,16.46,230.0,0.255,51.0,22.17,17.0,7.39,0.643,0.072,22.4,11.76,13.9,25.65,32.76,19.39,191.0,0.239,41.0,21.47,13.0,6.81,0.687,0.15900000000000003,19.36,8.68,15.28,23.96,24.64,17.75,,,,,,,,,,,,,,
747187,2024-06-16,2024,553993,R,607200,R,single,False,False,199.0,0.197,53.0,26.63,12.0,6.03,0.609,0.14600000000000002,30.18,14.41,15.16,29.57,26.87,21.81,537.0,0.227,161.0,29.98,48.0,8.94,0.706,0.167,32.3,14.54,16.91,31.45,23.96,22.87,172.0,0.231,42.0,24.42,10.0,5.81,0.623,0.10700000000000001,24.16,10.83,18.8,29.62,27.22,20.29,,,,,,,,,,,,,,
747187,2024-06-16,2024,672515,R,607200,R,strikeout,True,False,128.0,0.234,22.0,17.19,16.0,12.5,0.696,0.12599999999999997,18.1,7.25,21.92,29.17,20.0,14.19,264.0,0.253,43.0,16.29,24.0,9.09,0.6779999999999999,0.0989999999999999,19.31,7.98,21.75,29.72,25.58,15.58,172.0,0.231,42.0,24.42,10.0,5.81,0.623,0.10700000000000001,24.16,10.83,18.8,29.62,27.22,20.29,,,,,,,,,,,,,,
747187,2024-06-16,2024,672695,L,607200,R,single,False,False,30.0,0.308,3.0,10.0,3.0,10.0,0.746,0.03799999999999998,8.51,3.45,25.86,29.31,20.75,8.33,424.0,0.246,80.0,18.87,60.0,14.15,0.736,0.128,15.84,6.08,21.64,27.72,16.63,14.68,191.0,0.239,41.0,21.47,13.0,6.81,0.687,0.15900000000000003,19.36,8.68,15.28,23.96,24.64,17.75,,,,,,,,,,,,,,
747187,2024-06-16,2024,682998,L,607200,R,strikeout,True,False,204.0,0.219,37.0,18.14,24.0,11.76,0.64,0.10700000000000001,20.71,9.04,16.54,25.58,25.53,19.37,472.0,0.286,105.0,22.25,46.0,9.75,0.921,0.266,22.34,10.24,16.27,26.51,28.83,21.92,191.0,0.239,41.0,21.47,13.0,6.81,0.687,0.15900000000000003,19.36,8.68,15.28,23.96,24.64,17.75,,,,,,,,,,,,,,
747187,2024-06-16,2024,606466,L,607200,R,field_out,False,False,199.0,0.247,46.0,23.12,19.0,9.55,0.679,0.11499999999999999,24.86,11.71,14.34,26.05,24.87,20.18,452.0,0.259,85.0,18.81,54.0,11.95,0.827,0.2199999999999999,20.87,9.03,16.76,25.8,21.17,17.28,191.0,0.239,41.0,21.47,13.0,6.81,0.687,0.15900000000000003,19.36,8.68,15.28,23.96,24.64,17.75,,,,,,,,,,,,,,
747187,2024-06-16,2024,664901,R,543518,R,field_out,False,False,69.0,0.167,19.0,27.54,1.0,1.45,0.41800000000000004,0.06,31.45,15.85,18.7,34.55,32.17,26.03,29.0,0.12,5.0,17.24,3.0,10.34,0.4539999999999999,0.12,26.53,11.21,21.55,32.76,20.83,12.5,61.0,0.273,9.0,14.75,4.0,6.56,0.893,0.30899999999999994,28.81,15.53,11.42,26.94,27.72,15.79,162.0,0.28,46.0,28.4,17.0,10.49,0.876,0.244,32.11,16.06,15.44,31.5,34.25,22.89
747187,2024-06-16,2024,455117,R,543518,R,double,False,False,78.0,0.111,28.0,35.9,5.0,6.41,0.35,0.06999999999999999,36.3,18.47,18.47,36.93,35.34,31.03,308.0,0.175,104.0,33.77,20.0,6.49,0.538,0.124,33.85,16.55,17.4,33.96,32.93,28.3,61.0,0.273,9.0,14.75,4.0,6.56,0.893,0.30899999999999994,28.81,15.53,11.42,26.94,27.72,15.79,162.0,0.28,46.0,28.4,17.0,10.49,0.876,0.244,32.11,16.06,15.44,31.5,34.25,22.89
747187,2024-06-16,2024,502054,R,600986,R,field_out,False,False,116.0,0.284,24.0,20.69,7.0,6.03,0.6950000000000001,0.08300000000000002,23.44,9.64,22.06,31.69,18.66,17.65,304.0,0.262,71.0,23.36,28.0,9.21,0.767,0.173,26.61,10.98,19.38,30.37,21.23,21.19,79.0,0.313,18.0,22.78,9.0,11.39,0.989,0.284,24.29,10.76,19.3,30.06,28.85,20.0,6.0,0.0,1.0,16.67,1.0,16.67,0.167,0.0,25.0,11.11,16.67,27.78,33.33,50.0
747187,2024-06-16,2024,683734,R,600986,R,single,False,False,216.0,0.218,53.0,24.54,15.0,6.94,0.6579999999999999,0.158,22.39,10.56,17.61,28.17,29.86,19.63,474.0,0.267,109.0,23.0,29.0,6.12,0.774,0.18,26.24,11.95,18.94,30.89,30.92,21.51,79.0,0.313,18.0,22.78,9.0,11.39,0.989,0.284,24.29,10.76,19.3,30.06,28.85,20.0,6.0,0.0,1.0,16.67,1.0,16.67,0.167,0.0,25.0,11.11,16.67,27.78,33.33,50.0
747187,2024-06-16,2024,673357,R,600986,R,strikeout,True,False,59.0,0.179,24.0,40.68,3.0,5.08,0.7909999999999999,0.39199999999999996,36.64,19.43,15.79,35.22,37.9,26.97,477.0,0.252,132.0,27.67,25.0,5.24,0.8340000000000001,0.279,32.83,18.94,10.59,29.53,40.07,24.77,79.0,0.313,18.0,22.78,9.0,11.39,0.989,0.284,24.29,10.76,19.3,30.06,28.85,20.0,6.0,0.0,1.0,16.67,1.0,16.67,0.167,0.0,25.0,11.11,16.67,27.78,33.33,50.0
747187,2024-06-16,2024,592626,L,607200,R,field_out,False,False,191.0,0.286,46.0,24.08,20.0,10.47,0.869,0.21100000000000002,24.18,11.15,17.29,28.45,29.4,19.91,373.0,0.241,74.0,19.84,49.0,13.14,0.786,0.194,24.13,10.89,15.07,25.96,29.36,16.09,191.0,0.239,41.0,21.47,13.0,6.81,0.687,0.15900000000000003,19.36,8.68,15.28,23.96,24.64,17.75,,,,,,,,,,,,,,
747187,2024-06-16,2024,572233,R,607200,R,strikeout,True,False,224.0,0.245,54.0,24.11,25.0,11.16,0.8140000000000001,0.23399999999999999,26.14,12.67,12.99,25.66,25.3,17.25,497.0,0.259,95.0,19.11,42.0,8.45,0.8009999999999999,0.2129999999999999,26.19,12.83,14.15,26.98,26.84,15.33,172.0,0.231,42.0,24.42,10.0,5.81,0.623,0.10700000000000001,24.16,10.83,18.8,29.62,27.22,20.29,,,,,,,,,,,,,,
747187,2024-06-16,2024,666971,R,607200,R,field_out,False,False,201.0,0.216,39.0,19.4,9.0,4.48,0.591,0.11600000000000002,21.05,10.58,16.27,26.85,31.65,17.81,433.0,0.247,85.0,19.63,21.0,4.85,0.756,0.22,20.07,9.99,16.64,26.63,31.06,17.82,172.0,0.231,42.0,24.42,10.0,5.81,0.623,0.10700000000000001,24.16,10.83,18.8,29.62,27.22,20.29,,,,,,,,,,,,,,
747187,2024-06-16,2024,657557,R,600986,R,home_run,False,False,176.0,0.264,56.0,31.82,6.0,3.41,0.833,0.257,32.74,19.16,9.58,28.74,33.55,25.11,281.0,0.203,86.0,30.6,12.0,4.27,0.603,0.1539999999999999,36.49,19.09,15.38,34.47,35.28,34.68,79.0,0.313,18.0,22.78,9.0,11.39,0.989,0.284,24.29,10.76,19.3,30.06,28.85,20.0,6.0,0.0,1.0,16.67,1.0,16.67,0.167,0.0,25.0,11.11,16.67,27.78,33.33,50.0
747187,2024-06-16,2024,667452,R,600986,R,strikeout,True,False,64.0,0.207,14.0,21.88,6.0,9.38,0.643,0.155,22.31,9.96,18.45,28.41,29.29,14.89,250.0,0.249,56.0,22.4,20.0,8.0,0.659,0.0979999999999999,26.42,11.51,19.54,31.05,28.57,19.44,79.0,0.313,18.0,22.78,9.0,11.39,0.989,0.284,24.29,10.76,19.3,30.06,28.85,20.0,6.0,0.0,1.0,16.67,1.0,16.67,0.167,0.0,25.0,11.11,16.67,27.78,33.33,50.0
747187,2024-06-16,2024,686676,R,600986,R,field_out,False,False,131.0,0.226,39.0,29.77,6.0,4.58,0.649,0.161,39.13,22.45,10.81,33.26,34.82,24.05,47.0,0.116,12.0,25.53,4.0,8.51,0.4,0.0929999999999999,33.71,18.07,13.25,31.33,34.15,23.53,79.0,0.313,18.0,22.78,9.0,11.39,0.989,0.284,24.29,10.76,19.3,30.06,28.85,20.0,6.0,0.0,1.0,16.67,1.0,16.67,0.167,0.0,25.0,11.11,16.67,27.78,33.33,50.0
747187,2024-06-16,2024,672820,R,600986,R,field_out,False,False,65.0,0.213,17.0,26.15,2.0,3.08,0.512,0.049000000000000016,26.4,13.87,19.75,33.61,39.45,23.61,123.0,0.178,30.0,24.39,2.0,1.63,0.504,0.136,24.69,13.05,16.81,29.87,39.56,22.39,79.0,0.313,18.0,22.78,9.0,11.39,0.989,0.284,24.29,10.76,19.3,30.06,28.85,20.0,6.0,0.0,1.0,16.67,1.0,16.67,0.167,0.0,25.0,11.11,16.67,27.78,33.33,50.0
747187,2024-06-16,2024,664983,L,607200,R,double,False,False,142.0,0.246,26.0,18.31,13.0,9.15,0.7210000000000001,0.139,20.65,9.66,16.1,25.76,26.91,16.46,230.0,0.255,51.0,22.17,17.0,7.39,0.643,0.072,22.4,11.76,13.9,25.65,32.76,19.39,191.0,0.239,41.0,21.47,13.0,6.81,0.687,0.15900000000000003,19.36,8.68,15.28,23.96,24.64,17.75,,,,,,,,,,,,,,
747187,2024-06-16,2024,553993,R,607200,R,strikeout,True,False,199.0,0.197,53.0,26.63,12.0,6.03,0.609,0.14600000000000002,30.18,14.41,15.16,29.57,26.87,21.81,537.0,0.227,161.0,29.98,48.0,8.94,0.706,0.167,32.3,14.54,16.91,31.45,23.96,22.87,172.0,0.231,42.0,24.42,10.0,5.81,0.623,0.10700000000000001,24.16,10.83,18.8,29.62,27.22,20.29,,,,,,,,,,,,,,
747187,2024-06-16,2024,672515,R,607200,R,field_out,False,False,128.0,0.234,22.0,17.19,16.0,12.5,0.696,0.12599999999999997,18.1,7.25,21.92,29.17,20.0,14.19,264.0,0.253,43.0,16.29,24.0,9.09,0.6779999999999999,0.0989999999999999,19.31,7.98,21.75,29.72,25.58,15.58,172.0,0.231,42.0,24.42,10.0,5.81,0.623,0.10700000000000001,24.16,10.83,18.8,29.62,27.22,20.29,,,,,,,,,,,,,,
747187,2024-06-16,2024,672695,L,607200,R,field_out,False,False,30.0,0.308,3.0,10.0,3.0,10.0,0.746,0.03799999999999998,8.51,3.45,25.86,29.31,20.75,8.33,424.0,0.246,80.0,18.87,60.0,14.15,0.736,0.128,15.84,6.08,21.64,27.72,16.63,14.68,191.0,0.239,41.0,21.47,13.0,6.81,0.687,0.15900000000000003,19.36,8.68,15.28,23.96,24.64,17.75,,,,,,,,,,,,,,
747187,2024-06-16,2024,664901,R,600986,R,field_out,False,False,69.0,0.167,19.0,27.54,1.0,1.45,0.41800000000000004,0.06,31.45,15.85,18.7,34.55,32.17,26.03,29.0,0.12,5.0,17.24,3.0,10.34,0.4539999999999999,0.12,26.53,11.21,21.55,32.76,20.83,12.5,79.0,0.313,18.0,22.78,9.0,11.39,0.989,0.284,24.29,10.76,19.3,30.06,28.85,20.0,6.0,0.0,1.0,16.67,1.0,16.67,0.167,0.0,25.0,11.11,16.67,27.78,33.33,50.0
747187,2024-06-16,2024,455117,R,600986,R,strikeout,True,False,78.0,0.111,28.0,35.9,5.0,6.41,0.35,0.06999999999999999,36.3,18.47,18.47,36.93,35.34,31.03,308.0,0.175,104.0,33.77,20.0,6.49,0.538,0.124,33.85,16.55,17.4,33.96,32.93,28.3,79.0,0.313,18.0,22.78,9.0,11.39,0.989,0.284,24.29,10.76,19.3,30.06,28.85,20.0,6.0,0.0,1.0,16.67,1.0,16.67,0.167,0.0,25.0,11.11,16.67,27.78,33.33,50.0
747187,2024-06-16,2024,502054,R,600986,R,walk,False,True,116.0,0.284,24.0,20.69,7.0,6.03,0.6950000000000001,0.08300000000000002,23.44,9.64,22.06,31.69,18.66,17.65,304.0,0.262,71.0,23.36,28.0,9.21,0.767,0.173,26.61,10.98,19.38,30.37,21.23,21.19,79.0,0.313,18.0,22.78,9.0,11.39,0.989,0.284,24.29,10.76,19.3,30.06,28.85,20.0,6.0,0.0,1.0,16.67,1.0,16.67,0.167,0.0,25.0,11.11,16.67,27.78,33.33,50.0
747187,2024-06-16,2024,683734,R,686826,R,home_run,False,False,216.0,0.218,53.0,24.54,15.0,6.94,0.6579999999999999,0.158,22.39,10.56,17.61,28.17,29.86,19.63,474.0,0.267,109.0,23.0,29.0,6.12,0.774,0.18,26.24,11.95,18.94,30.89,30.92,21.51,111.0,0.245,19.0,17.12,12.0,10.81,0.751,0.173,24.76,11.86,16.51,28.37,27.96,15.57,55.0,0.151,11.0,20.0,2.0,3.64,0.484,0.151,22.22,10.05,15.98,26.03,30.25,18.03
747187,2024-06-16,2024,673357,R,686826,R,single,False,False,59.0,0.179,24.0,40.68,3.0,5.08,0.7909999999999999,0.39199999999999996,36.64,19.43,15.79,35.22,37.9,26.97,477.0,0.252,132.0,27.67,25.0,5.24,0.8340000000000001,0.279,32.83,18.94,10.59,29.53,40.07,24.77,111.0,0.245,19.0,17.12,12.0,10.81,0.751,0.173,24.76,11.86,16.51,28.37,27.96,15.57,55.0,0.151,11.0,20.0,2.0,3.64,0.484,0.151,22.22,10.05,15.98,26.03,30.25,18.03
747187,2024-06-16,2024,657557,R,686826,R,single,False,False,176.0,0.264,56.0,31.82,6.0,3.41,0.833,0.257,32.74,19.16,9.58,28.74,33.55,25.11,281.0,0.203,86.0,30.6,12.0,4.27,0.603,0.1539999999999999,36.49,19.09,15.38,34.47,35.28,34.68,111.0,0.245,19.0,17.12,12.0,10.81,0.751,0.173,24.76,11.86,16.51,28.37,27.96,15.57,55.0,0.151,11.0,20.0,2.0,3.64,0.484,0.151,22.22,10.05,15.98,26.03,30.25,18.03
747187,2024-06-16,2024,667452,R,686826,R,single,False,False,64.0,0.207,14.0,21.88,6.0,9.38,0.643,0.155,22.31,9.96,18.45,28.41,29.29,14.89,250.0,0.249,56.0,22.4,20.0,8.0,0.659,0.0979999999999999,26.42,11.51,19.54,31.05,28.57,19.44,111.0,0.245,19.0,17.12,12.0,10.81,0.751,0.173,24.76,11.86,16.51,28.37,27.96,15.57,55.0,0.151,11.0,20.0,2.0,3.64,0.484,0.151,22.22,10.05,15.98,26.03,30.25,18.03
747187,2024-06-16,2024,686676,R,686826,R,strikeout,True,False,131.0,0.226,39.0,29.77,6.0,4.58,0.649,0.161,39.13,22.45,10.81,33.26,34.82,24.05,47.0,0.116,12.0,25.53,4.0,8.51,0.4,0.0929999999999999,33.71,18.07,13.25,31.33,34.15,23.53,111.0,0.245,19.0,17.12,12.0,10.81,0.751,0.173,24.76,11.86,16.51,28.37,27.96,15.57,55.0,0.151,11.0,20.0,2.0,3.64,0.484,0.151,22.22,10.05,15.98,26.03,30.25,18.03
747187,2024-06-16,2024,682998,L,607200,R,double,False,False,204.0,0.219,37.0,18.14,24.0,11.76,0.64,0.10700000000000001,20.71,9.04,16.54,25.58,25.53,19.37,472.0,0.286,105.0,22.25,46.0,9.75,0.921,0.266,22.34,10.24,16.27,26.51,28.83,21.92,191.0,0.239,41.0,21.47,13.0,6.81,0.687,0.15900000000000003,19.36,8.68,15.28,23.96,24.64,17.75,,,,,,,,,,,,,,
747187,2024-06-16,2024,606466,L,607200,R,single,False,False,199.0,0.247,46.0,23.12,19.0,9.55,0.679,0.11499999999999999,24.86,11.71,14.34,26.05,24.87,20.18,452.0,0.259,85.0,18.81,54.0,11.95,0.827,0.2199999999999999,20.87,9.03,16.76,25.8,21.17,17.28,191.0,0.239,41.0,21.47,13.0,6.81,0.687,0.15900000000000003,19.36,8.68,15.28,23.96,24.64,17.75,,,,,,,,,,,,,,
747187,2024-06-16,2024,592626,L,607200,R,sac_fly,False,False,191.0,0.286,46.0,24.08,20.0,10.47,0.869,0.21100000000000002,24.18,11.15,17.29,28.45,29.4,19.91,373.0,0.241,74.0,19.84,49.0,13.14,0.786,0.194,24.13,10.89,15.07,25.96,29.36,16.09,191.0,0.239,41.0,21.47,13.0,6.81,0.687,0.15900000000000003,19.36,8.68,15.28,23.96,24.64,17.75,,,,,,,,,,,,,,
747187,2024-06-16,2024,572233,R,607200,R,field_out,False,False,224.0,0.245,54.0,24.11,25.0,11.16,0.8140000000000001,0.23399999999999999,26.14,12.67,12.99,25.66,25.3,17.25,497.0,0.259,95.0,19.11,42.0,8.45,0.8009999999999999,0.2129999999999999,26.19,12.83,14.15,26.98,26.84,15.33,172.0,0.231,42.0,24.42,10.0,5.81,0.623,0.10700000000000001,24.16,10.83,18.8,29.62,27.22,20.29,,,,,,,,,,,,,,
747187,2024-06-16,2024,666971,R,607200,R,field_out,False,False,201.0,0.216,39.0,19.4,9.0,4.48,0.591,0.11600000000000002,21.05,10.58,16.27,26.85,31.65,17.81,433.0,0.247,85.0,19.63,21.0,4.85,0.756,0.22,20.07,9.99,16.64,26.63,31.06,17.82,172.0,0.231,42.0,24.42,10.0,5.81,0.623,0.10700000000000001,24.16,10.83,18.8,29.62,27.22,20.29,,,,,,,,,,,,,,
747187,2024-06-16,2024,672820,R,674072,L,single,False,False,25.0,0.348,4.0,16.0,2.0,8.0,1.096,0.348,19.51,8.33,17.71,26.04,25.0,17.39,50.0,0.261,10.0,20.0,3.0,6.0,0.741,0.174,22.11,11.8,17.98,29.78,44.19,18.87,117.0,0.31,21.0,17.95,13.0,11.11,0.976,0.27999999999999997,16.06,7.78,15.33,23.11,23.53,15.44,286.0,0.249,51.0,17.83,25.0,8.74,0.728,0.156,21.94,10.66,13.87,24.53,32.06,19.1
747187,2024-06-16,2024,664901,R,674072,L,single,False,False,35.0,0.281,7.0,20.0,3.0,8.57,0.905,0.281,20.31,9.42,15.22,24.64,22.97,20.59,41.0,0.225,10.0,24.39,1.0,2.44,0.544,0.0749999999999999,22.67,10.62,20.0,30.63,24.29,21.74,117.0,0.31,21.0,17.95,13.0,11.11,0.976,0.27999999999999997,16.06,7.78,15.33,23.11,23.53,15.44,286.0,0.249,51.0,17.83,25.0,8.74,0.728,0.156,21.94,10.66,13.87,24.53,32.06,19.1
747187,2024-06-16,2024,455117,R,674072,L,sac_bunt,False,False,37.0,0.03,12.0,32.43,1.0,2.7,0.089,0.0,30.77,14.18,22.7,36.88,28.57,26.67,99.0,0.239,35.0,35.35,10.0,10.1,0.8160000000000001,0.261,35.58,18.09,13.69,31.78,32.32,26.12,117.0,0.31,21.0,17.95,13.0,11.11,0.976,0.27999999999999997,16.06,7.78,15.33,23.11,23.53,15.44,286.0,0.249,51.0,17.83,25.0,8.74,0.728,0.156,21.94,10.66,13.87,24.53,32.06,19.1
747187,2024-06-16,2024,502054,R,674072,L,fielders_choice_out,False,False,35.0,0.233,8.0,22.86,4.0,11.43,0.81,0.234,19.23,7.58,21.97,29.55,20.31,19.51,177.0,0.245,35.0,19.77,19.0,10.73,0.787,0.22,18.15,7.08,21.25,28.33,19.5,17.41,117.0,0.31,21.0,17.95,13.0,11.11,0.976,0.27999999999999997,16.06,7.78,15.33,23.11,23.53,15.44,286.0,0.249,51.0,17.83,25.0,8.74,0.728,0.156,21.94,10.66,13.87,24.53,32.06,19.1
747187,2024-06-16,2024,683734,R,674072,L,field_out,False,False,56.0,0.259,9.0,16.07,2.0,3.57,0.712,0.16699999999999998,24.32,12.22,14.93,27.15,33.33,15.25,142.0,0.227,20.0,14.08,7.0,4.93,0.641,0.144,18.15,9.74,13.42,23.16,34.55,11.83,117.0,0.31,21.0,17.95,13.0,11.11,0.976,0.27999999999999997,16.06,7.78,15.33,23.11,23.53,15.44,286.0,0.249,51.0,17.83,25.0,8.74,0.728,0.156,21.94,10.66,13.87,24.53,32.06,19.1
747187,2024-06-16,2024,664983,L,607200,R,field_out,False,False,142.0,0.246,26.0,18.31,13.0,9.15,0.7210000000000001,0.139,20.65,9.66,16.1,25.76,26.91,16.46,230.0,0.255,51.0,22.17,17.0,7.39,0.643,0.072,22.4,11.76,13.9,25.65,32.76,19.39,191.0,0.239,41.0,21.47,13.0,6.81,0.687,0.15900000000000003,19.36,8.68,15.28,23.96,24.64,17.75,,,,,,,,,,,,,,
747187,2024-06-16,2024,553993,R,607200,R,field_out,False,False,199.0,0.197,53.0,26.63,12.0,6.03,0.609,0.14600000000000002,30.18,14.41,15.16,29.57,26.87,21.81,537.0,0.227,161.0,29.98,48.0,8.94,0.706,0.167,32.3,14.54,16.91,31.45,23.96,22.87,172.0,0.231,42.0,24.42,10.0,5.81,0.623,0.10700000000000001,24.16,10.83,18.8,29.62,27.22,20.29,,,,,,,,,,,,,,
747187,2024-06-16,2024,672515,R,607200,R,field_out,False,False,128.0,0.234,22.0,17.19,16.0,12.5,0.696,0.12599999999999997,18.1,7.25,21.92,29.17,20.0,14.19,264.0,0.253,43.0,16.29,24.0,9.09,0.6779999999999999,0.0989999999999999,19.31,7.98,21.75,29.72,25.58,15.58,172.0,0.231,42.0,24.42,10.0,5.81,0.623,0.10700000000000001,24.16,10.83,18.8,29.62,27.22,20.29,,,,,,,,,,,,,,
747187,2024-06-16,2024,673357,R,674072,L,walk,False,True,15.0,0.273,4.0,26.67,4.0,26.67,0.831,0.09099999999999997,34.78,13.33,16.67,30.0,20.69,30.77,119.0,0.312,40.0,33.61,5.0,4.2,0.951,0.2749999999999999,35.71,20.75,11.2,31.95,42.19,22.1,117.0,0.31,21.0,17.95,13.0,11.11,0.976,0.27999999999999997,16.06,7.78,15.33,23.11,23.53,15.44,286.0,0.249,51.0,17.83,25.0,8.74,0.728,0.156,21.94,10.66,13.87,24.53,32.06,19.1
747187,2024-06-16,2024,657557,R,674072,L,strikeout,True,False,58.0,0.17,19.0,32.76,3.0,5.17,0.601,0.207,38.64,22.67,8.89,31.56,29.63,26.39,119.0,0.217,35.0,29.41,9.0,7.56,0.635,0.1319999999999999,33.2,18.24,12.75,30.99,37.18,23.03,117.0,0.31,21.0,17.95,13.0,11.11,0.976,0.27999999999999997,16.06,7.78,15.33,23.11,23.53,15.44,286.0,0.249,51.0,17.83,25.0,8.74,0.728,0.156,21.94,10.66,13.87,24.53,32.06,19.1
747187,2024-06-16,2024,667452,R,674072,L,strikeout,True,False,29.0,0.333,10.0,34.48,2.0,6.9,0.935,0.22300000000000003,29.31,14.41,18.64,33.05,37.93,25.0,76.0,0.233,19.0,25.0,2.0,2.63,0.62,0.1369999999999999,22.62,11.91,15.05,26.96,35.67,17.27,117.0,0.31,21.0,17.95,13.0,11.11,0.976,0.27999999999999997,16.06,7.78,15.33,23.11,23.53,15.44,286.0,0.249,51.0,17.83,25.0,8.74,0.728,0.156,21.94,10.66,13.87,24.53,32.06,19.1
747187,2024-06-16,2024,686676,R,674072,L,walk,False,True,44.0,0.31,11.0,25.0,2.0,4.55,0.746,0.09500000000000003,28.41,16.45,11.84,28.29,35.29,25.58,23.0,0.0,8.0,34.78,1.0,4.35,0.043,0.0,28.12,15.79,7.89,23.68,26.67,17.02,117.0,0.31,21.0,17.95,13.0,11.11,0.976,0.27999999999999997,16.06,7.78,15.33,23.11,23.53,15.44,286.0,0.249,51.0,17.83,25.0,8.74,0.728,0.156,21.94,10.66,13.87,24.53,32.06,19.1
747187,2024-06-16,2024,672820,R,674072,L,home_run,False,False,25.0,0.348,4.0,16.0,2.0,8.0,1.096,0.348,19.51,8.33,17.71,26.04,25.0,17.39,50.0,0.261,10.0,20.0,3.0,6.0,0.741,0.174,22.11,11.8,17.98,29.78,44.19,18.87,117.0,0.31,21.0,17.95,13.0,11.11,0.976,0.27999999999999997,16.06,7.78,15.33,23.11,23.53,15.44,286.0,0.249,51.0,17.83,25.0,8.74,0.728,0.156,21.94,10.66,13.87,24.53,32.06,19.1
747187,2024-06-16,2024,664901,R,674072,L,strikeout,True,False,35.0,0.281,7.0,20.0,3.0,8.57,0.905,0.281,20.31,9.42,15.22,24.64,22.97,20.59,41.0,0.225,10.0,24.39,1.0,2.44,0.544,0.0749999999999999,22.67,10.62,20.0,30.63,24.29,21.74,117.0,0.31,21.0,17.95,13.0,11.11,0.976,0.27999999999999997,16.06,7.78,15.33,23.11,23.53,15.44,286.0,0.249,51.0,17.83,25.0,8.74,0.728,0.156,21.94,10.66,13.87,24.53,32.06,19.1
747187,2024-06-16,2024,672695,L,605154,R,field_out,False,False,30.0,0.308,3.0,10.0,3.0,10.0,0.746,0.03799999999999998,8.51,3.45,25.86,29.31,20.75,8.33,424.0,0.246,80.0,18.87,60.0,14.15,0.736,0.128,15.84,6.08,21.64,27.72,16.63,14.68,51.0,0.208,18.0,35.29,2.0,3.92,0.7130000000000001,0.25,25.0,11.34,19.75,31.09,25.0,19.78,55.0,0.204,18.0,32.73,6.0,10.91,0.699,0.204,29.13,12.99,17.75,30.74,29.63,24.32
747187,2024-06-16,2024,682998,L,605154,R,strikeout,True,False,204.0,0.219,37.0,18.14,24.0,11.76,0.64,0.10700000000000001,20.71,9.04,16.54,25.58,25.53,19.37,472.0,0.286,105.0,22.25,46.0,9.75,0.921,0.266,22.34,10.24,16.27,26.51,28.83,21.92,51.0,0.208,18.0,35.29,2.0,3.92,0.7130000000000001,0.25,25.0,11.34,19.75,31.09,25.0,19.78,55.0,0.204,18.0,32.73,6.0,10.91,0.699,0.204,29.13,12.99,17.75,30.74,29.63,24.32
747187,2024-06-16,2024,606466,L,605154,R,strikeout,True,False,199.0,0.247,46.0,23.12,19.0,9.55,0.679,0.11499999999999999,24.86,11.71,14.34,26.05,24.87,20.18,452.0,0.259,85.0,18.81,54.0,11.95,0.827,0.2199999999999999,20.87,9.03,16.76,25.8,21.17,17.28,51.0,0.208,18.0,35.29,2.0,3.92,0.7130000000000001,0.25,25.0,11.34,19.75,31.09,25.0,19.78,55.0,0.204,18.0,32.73,6.0,10.91,0.699,0.204,29.13,12.99,17.75,30.74,29.63,24.32
747187,2024-06-16,2024,455117,R,674072,L,field_out,False,False,37.0,0.03,12.0,32.43,1.0,2.7,0.089,0.0,30.77,14.18,22.7,36.88,28.57,26.67,99.0,0.239,35.0,35.35,10.0,10.1,0.8160000000000001,0.261,35.58,18.09,13.69,31.78,32.32,26.12,117.0,0.31,21.0,17.95,13.0,11.11,0.976,0.27999999999999997,16.06,7.78,15.33,23.11,23.53,15.44,286.0,0.249,51.0,17.83,25.0,8.74,0.728,0.156,21.94,10.66,13.87,24.53,32.06,19.1
747187,2024-06-16,2024,502054,R,674072,L,field_out,False,False,35.0,0.233,8.0,22.86,4.0,11.43,0.81,0.234,19.23,7.58,21.97,29.55,20.31,19.51,177.0,0.245,35.0,19.77,19.0,10.73,0.787,0.22,18.15,7.08,21.25,28.33,19.5,17.41,117.0,0.31,21.0,17.95,13.0,11.11,0.976,0.27999999999999997,16.06,7.78,15.33,23.11,23.53,15.44,286.0,0.249,51.0,17.83,25.0,8.74,0.728,0.156,21.94,10.66,13.87,24.53,32.06,19.1
747187,2024-06-16,2024,683734,R,674072,L,field_out,False,False,56.0,0.259,9.0,16.07,2.0,3.57,0.712,0.16699999999999998,24.32,12.22,14.93,27.15,33.33,15.25,142.0,0.227,20.0,14.08,7.0,4.93,0.641,0.144,18.15,9.74,13.42,23.16,34.55,11.83,117.0,0.31,21.0,17.95,13.0,11.11,0.976,0.27999999999999997,16.06,7.78,15.33,23.11,23.53,15.44,286.0,0.249,51.0,17.83,25.0,8.74,0.728,0.156,21.94,10.66,13.87,24.53,32.06,19.1
747187,2024-06-16,2024,592626,L,621051,R,field_out,False,False,191.0,0.286,46.0,24.08,20.0,10.47,0.869,0.21100000000000002,24.18,11.15,17.29,28.45,29.4,19.91,373.0,0.241,74.0,19.84,49.0,13.14,0.786,0.194,24.13,10.89,15.07,25.96,29.36,16.09,43.0,0.133,7.0,16.28,11.0,25.58,0.599,0.1,25.3,10.82,12.89,23.71,21.43,11.11,90.0,0.187,21.0,23.33,14.0,15.56,0.6819999999999999,0.173,24.38,10.18,15.67,25.85,18.0,18.58
747187,2024-06-16,2024,572233,R,621051,R,field_out,False,False,224.0,0.245,54.0,24.11,25.0,11.16,0.8140000000000001,0.23399999999999999,26.14,12.67,12.99,25.66,25.3,17.25,497.0,0.259,95.0,19.11,42.0,8.45,0.8009999999999999,0.2129999999999999,26.19,12.83,14.15,26.98,26.84,15.33,46.0,0.175,12.0,26.09,4.0,8.7,0.6859999999999999,0.25,26.58,12.43,16.57,28.99,23.38,27.91,129.0,0.184,36.0,27.91,13.0,10.08,0.63,0.1669999999999999,28.24,12.88,16.99,29.87,25.45,19.67
747187,2024-06-16,2024,666971,R,621051,R,field_out,False,False,201.0,0.216,39.0,19.4,9.0,4.48,0.591,0.11600000000000002,21.05,10.58,16.27,26.85,31.65,17.81,433.0,0.247,85.0,19.63,21.0,4.85,0.756,0.22,20.07,9.99,16.64,26.63,31.06,17.82,46.0,0.175,12.0,26.09,4.0,8.7,0.6859999999999999,0.25,26.58,12.43,16.57,28.99,23.38,27.91,129.0,0.184,36.0,27.91,13.0,10.08,0.63,0.1669999999999999,28.24,12.88,16.99,29.87,25.45,19.67
747187,2024-06-16,2024,673357,R,674072,L,walk,False,True,15.0,0.273,4.0,26.67,4.0,26.67,0.831,0.09099999999999997,34.78,13.33,16.67,30.0,20.69,30.77,119.0,0.312,40.0,33.61,5.0,4.2,0.951,0.2749999999999999,35.71,20.75,11.2,31.95,42.19,22.1,117.0,0.31,21.0,17.95,13.0,11.11,0.976,0.27999999999999997,16.06,7.78,15.33,23.11,23.53,15.44,286.0,0.249,51.0,17.83,25.0,8.74,0.728,0.156,21.94,10.66,13.87,24.53,32.06,19.1
747187,2024-06-16,2024,657557,R,674072,L,field_out,False,False,58.0,0.17,19.0,32.76,3.0,5.17,0.601,0.207,38.64,22.67,8.89,31.56,29.63,26.39,119.0,0.217,35.0,29.41,9.0,7.56,0.635,0.1319999999999999,33.2,18.24,12.75,30.99,37.18,23.03,117.0,0.31,21.0,17.95,13.0,11.11,0.976,0.27999999999999997,16.06,7.78,15.33,23.11,23.53,15.44,286.0,0.249,51.0,17.83,25.0,8.74,0.728,0.156,21.94,10.66,13.87,24.53,32.06,19.1
747187,2024-06-16,2024,667452,R,674072,L,field_out,False,False,29.0,0.333,10.0,34.48,2.0,6.9,0.935,0.22300000000000003,29.31,14.41,18.64,33.05,37.93,25.0,76.0,0.233,19.0,25.0,2.0,2.63,0.62,0.1369999999999999,22.62,11.91,15.05,26.96,35.67,17.27,117.0,0.31,21.0,17.95,13.0,11.11,0.976,0.27999999999999997,16.06,7.78,15.33,23.11,23.53,15.44,286.0,0.249,51.0,17.83,25.0,8.74,0.728,0.156,21.94,10.66,13.87,24.53,32.06,19.1
747187,2024-06-16,2024,686676,R,674072,L,home_run,False,False,44.0,0.31,11.0,25.0,2.0,4.55,0.746,0.09500000000000003,28.41,16.45,11.84,28.29,35.29,25.58,23.0,0.0,8.0,34.78,1.0,4.35,0.043,0.0,28.12,15.79,7.89,23.68,26.67,17.02,117.0,0.31,21.0,17.95,13.0,11.11,0.976,0.27999999999999997,16.06,7.78,15.33,23.11,23.53,15.44,286.0,0.249,51.0,17.83,25.0,8.74,0.728,0.156,21.94,10.66,13.87,24.53,32.06,19.1
747187,2024-06-16,2024,672820,R,674072,L,double,False,False,25.0,0.348,4.0,16.0,2.0,8.0,1.096,0.348,19.51,8.33,17.71,26.04,25.0,17.39,50.0,0.261,10.0,20.0,3.0,6.0,0.741,0.174,22.11,11.8,17.98,29.78,44.19,18.87,117.0,0.31,21.0,17.95,13.0,11.11,0.976,0.27999999999999997,16.06,7.78,15.33,23.11,23.53,15.44,286.0,0.249,51.0,17.83,25.0,8.74,0.728,0.156,21.94,10.66,13.87,24.53,32.06,19.1
747187,2024-06-16,2024,664901,R,674072,L,field_out,False,False,35.0,0.281,7.0,20.0,3.0,8.57,0.905,0.281,20.31,9.42,15.22,24.64,22.97,20.59,41.0,0.225,10.0,24.39,1.0,2.44,0.544,0.0749999999999999,22.67,10.62,20.0,30.63,24.29,21.74,117.0,0.31,21.0,17.95,13.0,11.11,0.976,0.27999999999999997,16.06,7.78,15.33,23.11,23.53,15.44,286.0,0.249,51.0,17.83,25.0,8.74,0.728,0.156,21.94,10.66,13.87,24.53,32.06,19.1
747187,2024-06-16,2024,664983,L,621383,L,strikeout,True,False,34.0,0.4,6.0,17.65,4.0,11.76,0.9039999999999999,0.032999999999999974,18.46,8.05,22.15,30.2,24.64,10.0,82.0,0.206,11.0,13.41,9.0,10.98,0.649,0.118,24.22,10.62,16.1,26.71,27.5,14.67,58.0,0.216,16.0,27.59,4.0,6.9,0.577,0.098,27.62,13.36,15.67,29.03,28.18,28.07,93.0,0.205,23.0,24.73,6.0,6.45,0.609,0.132,29.59,13.85,17.73,31.58,25.86,19.33
747187,2024-06-16,2024,553993,R,621383,L,single,False,False,75.0,0.219,24.0,32.0,8.0,10.67,0.5880000000000001,0.06200000000000003,30.23,12.5,19.55,32.05,22.93,26.37,158.0,0.252,53.0,33.54,22.0,13.92,0.743,0.13,34.48,14.75,15.49,30.24,22.05,25.0,84.0,0.321,22.0,26.19,3.0,3.57,0.845,0.179,24.53,11.96,16.26,28.22,26.54,20.56,163.0,0.282,28.0,17.18,10.0,6.13,0.881,0.268,22.22,10.14,16.28,26.42,20.83,15.91
747187,2024-06-16,2024,672515,R,621383,L,field_out,False,False,74.0,0.235,9.0,12.16,5.0,6.76,0.593,0.07400000000000001,16.67,7.58,19.7,27.27,26.14,8.65,116.0,0.352,32.0,27.59,5.0,4.31,0.899,0.176,20.55,9.15,21.54,30.69,27.88,22.38,84.0,0.321,22.0,26.19,3.0,3.57,0.845,0.179,24.53,11.96,16.26,28.22,26.54,20.56,163.0,0.282,28.0,17.18,10.0,6.13,0.881,0.268,22.22,10.14,16.28,26.42,20.83,15.91
747187,2024-06-16,2024,672695,R,621383,L,single,False,False,13.0,0.308,1.0,7.69,0.0,0.0,0.616,0.0,5.26,2.04,24.49,26.53,15.0,6.67,71.0,0.242,6.0,8.45,4.0,5.63,0.5780000000000001,0.032,11.11,4.68,20.14,24.82,19.85,7.59,84.0,0.321,22.0,26.19,3.0,3.57,0.845,0.179,24.53,11.96,16.26,28.22,26.54,20.56,163.0,0.282,28.0,17.18,10.0,6.13,0.881,0.268,22.22,10.14,16.28,26.42,20.83,15.91
747187,2024-06-16,2024,682998,L,621383,L,field_out,False,False,97.0,0.205,18.0,18.56,6.0,6.19,0.552,0.07899999999999999,19.64,8.87,18.82,27.69,31.41,17.48,174.0,0.283,20.0,11.49,11.0,6.32,0.7210000000000001,0.099,19.57,8.84,18.17,27.0,25.0,14.71,58.0,0.216,16.0,27.59,4.0,6.9,0.577,0.098,27.62,13.36,15.67,29.03,28.18,28.07,93.0,0.205,23.0,24.73,6.0,6.45,0.609,0.132,29.59,13.85,17.73,31.58,25.86,19.33
746547,2024-06-16,2024,457705,R,621389,L,strikeout,True,False,78.0,0.215,20.0,25.64,10.0,12.82,0.731,0.17,28.89,12.07,19.5,31.58,16.13,19.05,162.0,0.261,28.0,17.28,26.0,16.05,0.7929999999999999,0.1489999999999999,24.63,9.96,18.87,28.83,20.77,14.21,163.0,0.349,22.0,13.5,8.0,4.91,0.919,0.18100000000000005,14.04,7.22,17.25,24.47,32.5,13.5,281.0,0.347,40.0,14.23,21.0,7.47,0.944,0.197,15.42,7.56,16.92,24.48,31.3,14.18
746547,2024-06-16,2024,668804,R,621389,L,strikeout,True,False,98.0,0.275,20.0,20.41,6.0,6.12,0.767,0.176,30.48,15.0,16.32,31.32,32.84,17.86,202.0,0.285,44.0,21.78,8.0,3.96,0.727,0.13,26.99,13.48,13.48,26.96,28.29,18.57,163.0,0.349,22.0,13.5,8.0,4.91,0.919,0.18100000000000005,14.04,7.22,17.25,24.47,32.5,13.5,281.0,0.347,40.0,14.23,21.0,7.47,0.944,0.197,15.42,7.56,16.92,24.48,31.3,14.18
746547,2024-06-16,2024,693304,R,621389,L,field_out,False,False,39.0,0.361,9.0,23.08,1.0,2.56,1.052,0.30600000000000005,28.57,18.18,10.0,28.18,50.0,32.14,43.0,0.158,15.0,34.88,3.0,6.98,0.5720000000000001,0.158,36.17,19.21,12.99,32.2,28.74,23.81,163.0,0.349,22.0,13.5,8.0,4.91,0.919,0.18100000000000005,14.04,7.22,17.25,24.47,32.5,13.5,281.0,0.347,40.0,14.23,21.0,7.47,0.944,0.197,15.42,7.56,16.92,24.48,31.3,14.18
746547,2024-06-16,2024,453568,L,683003,R,strikeout,True,False,194.0,0.25,30.0,15.46,15.0,7.73,0.714,0.14800000000000002,19.73,9.77,16.69,26.46,35.69,14.15,309.0,0.272,48.0,15.53,26.0,8.41,0.7909999999999999,0.1689999999999999,21.84,10.67,16.05,26.72,30.66,16.11,165.0,0.227,51.0,30.91,14.0,8.48,0.731,0.213,34.57,18.76,12.4,31.16,30.3,25.64,,,,,,,,,,,,,,
746547,2024-06-16,2024,678662,R,683003,R,field_out,False,False,224.0,0.303,58.0,25.89,6.0,2.68,0.8340000000000001,0.20400000000000001,33.01,20.86,9.94,30.8,46.7,21.72,438.0,0.256,109.0,24.89,17.0,3.88,0.69,0.143,29.47,17.51,10.44,27.95,41.11,20.49,159.0,0.226,34.0,21.38,8.0,5.03,0.683,0.18499999999999997,29.41,16.04,15.69,31.73,34.34,20.12,,,,,,,,,,,,,,
746547,2024-06-16,2024,641857,L,683003,R,strikeout,True,False,209.0,0.246,58.0,27.75,21.0,10.05,0.757,0.191,27.7,13.24,15.71,28.96,27.36,19.4,449.0,0.26,141.0,31.4,52.0,11.58,0.826,0.2209999999999999,31.26,14.84,14.94,29.79,25.26,20.41,165.0,0.227,51.0,30.91,14.0,8.48,0.731,0.213,34.57,18.76,12.4,31.16,30.3,25.64,,,,,,,,,,,,,,
746547,2024-06-16,2024,656582,R,621389,L,field_out,False,False,93.0,0.293,15.0,16.13,8.0,8.6,0.866,0.20700000000000002,20.62,8.82,17.38,26.2,20.43,13.64,193.0,0.265,40.0,20.73,23.0,11.92,0.8200000000000001,0.187,25.72,9.93,21.34,31.27,18.27,17.32,163.0,0.349,22.0,13.5,8.0,4.91,0.919,0.18100000000000005,14.04,7.22,17.25,24.47,32.5,13.5,281.0,0.347,40.0,14.23,21.0,7.47,0.944,0.197,15.42,7.56,16.92,24.48,31.3,14.18
746547,2024-06-16,2024,663647,R,621389,L,field_out,False,False,59.0,0.333,7.0,11.86,8.0,13.56,0.9450000000000001,0.188,15.15,6.22,18.26,24.48,24.03,10.14,168.0,0.294,29.0,17.26,6.0,3.57,0.8460000000000001,0.237,20.49,9.52,20.2,29.72,31.76,19.21,163.0,0.349,22.0,13.5,8.0,4.91,0.919,0.18100000000000005,14.04,7.22,17.25,24.47,32.5,13.5,281.0,0.347,40.0,14.23,21.0,7.47,0.944,0.197,15.42,7.56,16.92,24.48,31.3,14.18
746547,2024-06-16,2024,658668,R,621389,L,field_out,False,False,77.0,0.232,19.0,24.68,7.0,9.09,0.748,0.217,25.49,12.75,14.05,26.8,31.13,21.35,124.0,0.277,21.0,16.94,8.0,6.45,0.857,0.241,23.89,11.66,17.06,28.73,30.49,15.91,163.0,0.349,22.0,13.5,8.0,4.91,0.919,0.18100000000000005,14.04,7.22,17.25,24.47,32.5,13.5,281.0,0.347,40.0,14.23,21.0,7.47,0.944,0.197,15.42,7.56,16.92,24.48,31.3,14.18
746547,2024-06-16,2024,660707,R,683003,R,strikeout,True,False,169.0,0.211,38.0,22.49,14.0,8.28,0.603,0.11800000000000002,29.61,15.99,13.05,29.04,36.0,21.97,196.0,0.249,69.0,35.2,12.0,6.12,0.729,0.1689999999999999,41.45,21.48,15.97,37.45,41.94,28.28,159.0,0.226,34.0,21.38,8.0,5.03,0.683,0.18499999999999997,29.41,16.04,15.69,31.73,34.34,20.12,,,,,,,,,,,,,,
746547,2024-06-16,2024,666134,L,683003,R,walk,False,True,85.0,0.176,27.0,31.76,11.0,12.94,0.579,0.121,28.86,11.08,22.42,33.51,21.83,18.75,294.0,0.289,92.0,31.29,41.0,13.95,0.945,0.261,33.58,14.12,18.56,32.68,25.97,22.72,165.0,0.227,51.0,30.91,14.0,8.48,0.731,0.213,34.57,18.76,12.4,31.16,30.3,25.64,,,,,,,,,,,,,,
746547,2024-06-16,2024,669911,L,683003,R,single,False,False,63.0,0.19,23.0,36.51,3.0,4.76,0.617,0.189,31.62,15.14,16.2,31.34,31.87,22.55,104.0,0.189,29.0,27.88,8.0,7.69,0.628,0.179,34.34,17.26,14.21,31.47,29.0,25.0,165.0,0.227,51.0,30.91,14.0,8.48,0.731,0.213,34.57,18.76,12.4,31.16,30.3,25.64,,,,,,,,,,,,,,
746547,2024-06-16,2024,595909,L,683003,R,grounded_into_double_play,False,False,110.0,0.273,26.0,23.64,10.0,9.09,0.71,0.10099999999999998,21.21,10.77,14.51,25.27,31.11,17.22,171.0,0.226,44.0,25.73,12.0,7.02,0.663,0.155,26.67,12.9,15.25,28.15,29.13,19.91,165.0,0.227,51.0,30.91,14.0,8.48,0.731,0.213,34.57,18.76,12.4,31.16,30.3,25.64,,,,,,,,,,,,,,
746547,2024-06-16,2024,518735,R,621389,L,single,False,False,34.0,0.25,7.0,20.59,1.0,2.94,0.554,0.031000000000000028,25.45,12.07,25.0,37.07,37.21,23.33,97.0,0.233,25.0,25.77,9.0,9.28,0.6839999999999999,0.1389999999999999,33.14,14.22,16.91,31.13,28.82,20.66,163.0,0.349,22.0,13.5,8.0,4.91,0.919,0.18100000000000005,14.04,7.22,17.25,24.47,32.5,13.5,281.0,0.347,40.0,14.23,21.0,7.47,0.944,0.197,15.42,7.56,16.92,24.48,31.3,14.18
746547,2024-06-16,2024,669707,R,621389,L,single,False,False,69.0,0.217,21.0,30.43,8.0,11.59,0.554,0.033,32.33,15.93,12.22,28.15,23.26,29.58,65.0,0.293,20.0,30.77,6.0,9.23,0.7829999999999999,0.121,29.41,12.96,18.15,31.11,29.29,21.28,163.0,0.349,22.0,13.5,8.0,4.91,0.919,0.18100000000000005,14.04,7.22,17.25,24.47,32.5,13.5,281.0,0.347,40.0,14.23,21.0,7.47,0.944,0.197,15.42,7.56,16.92,24.48,31.3,14.18
746547,2024-06-16,2024,572191,R,621389,L,field_out,False,False,58.0,0.22,18.0,31.03,4.0,6.9,0.633,0.13999999999999999,40.8,21.98,12.07,34.05,33.33,21.69,112.0,0.252,35.0,31.25,8.0,7.14,0.914,0.35,33.49,15.52,13.36,28.88,27.65,25.18,163.0,0.349,22.0,13.5,8.0,4.91,0.919,0.18100000000000005,14.04,7.22,17.25,24.47,32.5,13.5,281.0,0.347,40.0,14.23,21.0,7.47,0.944,0.197,15.42,7.56,16.92,24.48,31.3,14.18
746547,2024-06-16,2024,457705,R,621389,L,double_play,False,False,78.0,0.215,20.0,25.64,10.0,12.82,0.731,0.17,28.89,12.07,19.5,31.58,16.13,19.05,162.0,0.261,28.0,17.28,26.0,16.05,0.7929999999999999,0.1489999999999999,24.63,9.96,18.87,28.83,20.77,14.21,163.0,0.349,22.0,13.5,8.0,4.91,0.919,0.18100000000000005,14.04,7.22,17.25,24.47,32.5,13.5,281.0,0.347,40.0,14.23,21.0,7.47,0.944,0.197,15.42,7.56,16.92,24.48,31.3,14.18
746547,2024-06-16,2024,696100,R,683003,R,home_run,False,False,52.0,0.143,16.0,30.77,2.0,3.85,0.437,0.10200000000000001,37.74,21.74,10.87,32.61,35.11,33.33,64.0,0.193,18.0,28.12,5.0,7.81,0.583,0.14,38.6,18.26,16.18,34.44,35.56,28.57,159.0,0.226,34.0,21.38,8.0,5.03,0.683,0.18499999999999997,29.41,16.04,15.69,31.73,34.34,20.12,,,,,,,,,,,,,,
746547,2024-06-16,2024,691182,L,683003,R,field_out,False,False,21.0,0.095,6.0,28.57,0.0,0.0,0.19,0.0,24.44,15.28,15.28,30.56,51.61,27.27,,,,,,,,,,,,,,,165.0,0.227,51.0,30.91,14.0,8.48,0.731,0.213,34.57,18.76,12.4,31.16,30.3,25.64,,,,,,,,,,,,,,
746547,2024-06-16,2024,453568,L,683003,R,strikeout,True,False,194.0,0.25,30.0,15.46,15.0,7.73,0.714,0.14800000000000002,19.73,9.77,16.69,26.46,35.69,14.15,309.0,0.272,48.0,15.53,26.0,8.41,0.7909999999999999,0.1689999999999999,21.84,10.67,16.05,26.72,30.66,16.11,165.0,0.227,51.0,30.91,14.0,8.48,0.731,0.213,34.57,18.76,12.4,31.16,30.3,25.64,,,,,,,,,,,,,,
746547,2024-06-16,2024,678662,R,683003,R,field_out,False,False,224.0,0.303,58.0,25.89,6.0,2.68,0.8340000000000001,0.20400000000000001,33.01,20.86,9.94,30.8,46.7,21.72,438.0,0.256,109.0,24.89,17.0,3.88,0.69,0.143,29.47,17.51,10.44,27.95,41.11,20.49,159.0,0.226,34.0,21.38,8.0,5.03,0.683,0.18499999999999997,29.41,16.04,15.69,31.73,34.34,20.12,,,,,,,,,,,,,,
746547,2024-06-16,2024,668804,R,621389,L,field_out,False,False,98.0,0.275,20.0,20.41,6.0,6.12,0.767,0.176,30.48,15.0,16.32,31.32,32.84,17.86,202.0,0.285,44.0,21.78,8.0,3.96,0.727,0.13,26.99,13.48,13.48,26.96,28.29,18.57,163.0,0.349,22.0,13.5,8.0,4.91,0.919,0.18100000000000005,14.04,7.22,17.25,24.47,32.5,13.5,281.0,0.347,40.0,14.23,21.0,7.47,0.944,0.197,15.42,7.56,16.92,24.48,31.3,14.18
746547,2024-06-16,2024,693304,R,621389,L,home_run,False,False,39.0,0.361,9.0,23.08,1.0,2.56,1.052,0.30600000000000005,28.57,18.18,10.0,28.18,50.0,32.14,43.0,0.158,15.0,34.88,3.0,6.98,0.5720000000000001,0.158,36.17,19.21,12.99,32.2,28.74,23.81,163.0,0.349,22.0,13.5,8.0,4.91,0.919,0.18100000000000005,14.04,7.22,17.25,24.47,32.5,13.5,281.0,0.347,40.0,14.23,21.0,7.47,0.944,0.197,15.42,7.56,16.92,24.48,31.3,14.18
746547,2024-06-16,2024,656582,R,621389,L,single,False,False,93.0,0.293,15.0,16.13,8.0,8.6,0.866,0.20700000000000002,20.62,8.82,17.38,26.2,20.43,13.64,193.0,0.265,40.0,20.73,23.0,11.92,0.8200000000000001,0.187,25.72,9.93,21.34,31.27,18.27,17.32,163.0,0.349,22.0,13.5,8.0,4.91,0.919,0.18100000000000005,14.04,7.22,17.25,24.47,32.5,13.5,281.0,0.347,40.0,14.23,21.0,7.47,0.944,0.197,15.42,7.56,16.92,24.48,31.3,14.18
746547,2024-06-16,2024,663647,R,621389,L,force_out,False,False,59.0,0.333,7.0,11.86,8.0,13.56,0.9450000000000001,0.188,15.15,6.22,18.26,24.48,24.03,10.14,168.0,0.294,29.0,17.26,6.0,3.57,0.8460000000000001,0.237,20.49,9.52,20.2,29.72,31.76,19.21,163.0,0.349,22.0,13.5,8.0,4.91,0.919,0.18100000000000005,14.04,7.22,17.25,24.47,32.5,13.5,281.0,0.347,40.0,14.23,21.0,7.47,0.944,0.197,15.42,7.56,16.92,24.48,31.3,14.18
746547,2024-06-16,2024,658668,R,621389,L,force_out,False,False,77.0,0.232,19.0,24.68,7.0,9.09,0.748,0.217,25.49,12.75,14.05,26.8,31.13,21.35,124.0,0.277,21.0,16.94,8.0,6.45,0.857,0.241,23.89,11.66,17.06,28.73,30.49,15.91,163.0,0.349,22.0,13.5,8.0,4.91,0.919,0.18100000000000005,14.04,7.22,17.25,24.47,32.5,13.5,281.0,0.347,40.0,14.23,21.0,7.47,0.944,0.197,15.42,7.56,16.92,24.48,31.3,14.18
746547,2024-06-16,2024,641857,L,683003,R,strikeout,True,False,209.0,0.246,58.0,27.75,21.0,10.05,0.757,0.191,27.7,13.24,15.71,28.96,27.36,19.4,449.0,0.26,141.0,31.4,52.0,11.58,0.826,0.2209999999999999,31.26,14.84,14.94,29.79,25.26,20.41,165.0,0.227,51.0,30.91,14.0,8.48,0.731,0.213,34.57,18.76,12.4,31.16,30.3,25.64,,,,,,,,,,,,,,
746547,2024-06-16,2024,660707,R,683003,R,double,False,False,169.0,0.211,38.0,22.49,14.0,8.28,0.603,0.11800000000000002,29.61,15.99,13.05,29.04,36.0,21.97,196.0,0.249,69.0,35.2,12.0,6.12,0.729,0.1689999999999999,41.45,21.48,15.97,37.45,41.94,28.28,159.0,0.226,34.0,21.38,8.0,5.03,0.683,0.18499999999999997,29.41,16.04,15.69,31.73,34.34,20.12,,,,,,,,,,,,,,
746547,2024-06-16,2024,666134,L,683003,R,field_out,False,False,85.0,0.176,27.0,31.76,11.0,12.94,0.579,0.121,28.86,11.08,22.42,33.51,21.83,18.75,294.0,0.289,92.0,31.29,41.0,13.95,0.945,0.261,33.58,14.12,18.56,32.68,25.97,22.72,165.0,0.227,51.0,30.91,14.0,8.48,0.731,0.213,34.57,18.76,12.4,31.16,30.3,25.64,,,,,,,,,,,,,,
746547,2024-06-16,2024,669911,L,683003,R,walk,False,True,63.0,0.19,23.0,36.51,3.0,4.76,0.617,0.189,31.62,15.14,16.2,31.34,31.87,22.55,104.0,0.189,29.0,27.88,8.0,7.69,0.628,0.179,34.34,17.26,14.21,31.47,29.0,25.0,165.0,0.227,51.0,30.91,14.0,8.48,0.731,0.213,34.57,18.76,12.4,31.16,30.3,25.64,,,,,,,,,,,,,,
746547,2024-06-16,2024,595909,L,683003,R,double,False,False,110.0,0.273,26.0,23.64,10.0,9.09,0.71,0.10099999999999998,21.21,10.77,14.51,25.27,31.11,17.22,171.0,0.226,44.0,25.73,12.0,7.02,0.663,0.155,26.67,12.9,15.25,28.15,29.13,19.91,165.0,0.227,51.0,30.91,14.0,8.48,0.731,0.213,34.57,18.76,12.4,31.16,30.3,25.64,,,,,,,,,,,,,,
746547,2024-06-16,2024,696100,R,683003,R,double,False,False,52.0,0.143,16.0,30.77,2.0,3.85,0.437,0.10200000000000001,37.74,21.74,10.87,32.61,35.11,33.33,64.0,0.193,18.0,28.12,5.0,7.81,0.583,0.14,38.6,18.26,16.18,34.44,35.56,28.57,159.0,0.226,34.0,21.38,8.0,5.03,0.683,0.18499999999999997,29.41,16.04,15.69,31.73,34.34,20.12,,,,,,,,,,,,,,
746547,2024-06-16,2024,691182,L,683003,R,strikeout,True,False,21.0,0.095,6.0,28.57,0.0,0.0,0.19,0.0,24.44,15.28,15.28,30.56,51.61,27.27,,,,,,,,,,,,,,,165.0,0.227,51.0,30.91,14.0,8.48,0.731,0.213,34.57,18.76,12.4,31.16,30.3,25.64,,,,,,,,,,,,,,
746547,2024-06-16,2024,518735,R,621389,L,strikeout,True,False,34.0,0.25,7.0,20.59,1.0,2.94,0.554,0.031000000000000028,25.45,12.07,25.0,37.07,37.21,23.33,97.0,0.233,25.0,25.77,9.0,9.28,0.6839999999999999,0.1389999999999999,33.14,14.22,16.91,31.13,28.82,20.66,163.0,0.349,22.0,13.5,8.0,4.91,0.919,0.18100000000000005,14.04,7.22,17.25,24.47,32.5,13.5,281.0,0.347,40.0,14.23,21.0,7.47,0.944,0.197,15.42,7.56,16.92,24.48,31.3,14.18
746547,2024-06-16,2024,669707,R,621389,L,strikeout,True,False,69.0,0.217,21.0,30.43,8.0,11.59,0.554,0.033,32.33,15.93,12.22,28.15,23.26,29.58,65.0,0.293,20.0,30.77,6.0,9.23,0.7829999999999999,0.121,29.41,12.96,18.15,31.11,29.29,21.28,163.0,0.349,22.0,13.5,8.0,4.91,0.919,0.18100000000000005,14.04,7.22,17.25,24.47,32.5,13.5,281.0,0.347,40.0,14.23,21.0,7.47,0.944,0.197,15.42,7.56,16.92,24.48,31.3,14.18
746547,2024-06-16,2024,572191,R,621389,L,triple,False,False,58.0,0.22,18.0,31.03,4.0,6.9,0.633,0.13999999999999999,40.8,21.98,12.07,34.05,33.33,21.69,112.0,0.252,35.0,31.25,8.0,7.14,0.914,0.35,33.49,15.52,13.36,28.88,27.65,25.18,163.0,0.349,22.0,13.5,8.0,4.91,0.919,0.18100000000000005,14.04,7.22,17.25,24.47,32.5,13.5,281.0,0.347,40.0,14.23,21.0,7.47,0.944,0.197,15.42,7.56,16.92,24.48,31.3,14.18
746547,2024-06-16,2024,457705,R,621389,L,field_out,False,False,78.0,0.215,20.0,25.64,10.0,12.82,0.731,0.17,28.89,12.07,19.5,31.58,16.13,19.05,162.0,0.261,28.0,17.28,26.0,16.05,0.7929999999999999,0.1489999999999999,24.63,9.96,18.87,28.83,20.77,14.21,163.0,0.349,22.0,13.5,8.0,4.91,0.919,0.18100000000000005,14.04,7.22,17.25,24.47,32.5,13.5,281.0,0.347,40.0,14.23,21.0,7.47,0.944,0.197,15.42,7.56,16.92,24.48,31.3,14.18
746547,2024-06-16,2024,453568,L,683003,R,walk,False,True,194.0,0.25,30.0,15.46,15.0,7.73,0.714,0.14800000000000002,19.73,9.77,16.69,26.46,35.69,14.15,309.0,0.272,48.0,15.53,26.0,8.41,0.7909999999999999,0.1689999999999999,21.84,10.67,16.05,26.72,30.66,16.11,165.0,0.227,51.0,30.91,14.0,8.48,0.731,0.213,34.57,18.76,12.4,31.16,30.3,25.64,,,,,,,,,,,,,,
746547,2024-06-16,2024,678662,R,683003,R,field_out,False,False,224.0,0.303,58.0,25.89,6.0,2.68,0.8340000000000001,0.20400000000000001,33.01,20.86,9.94,30.8,46.7,21.72,438.0,0.256,109.0,24.89,17.0,3.88,0.69,0.143,29.47,17.51,10.44,27.95,41.11,20.49,159.0,0.226,34.0,21.38,8.0,5.03,0.683,0.18499999999999997,29.41,16.04,15.69,31.73,34.34,20.12,,,,,,,,,,,,,,
746547,2024-06-16,2024,641857,L,683003,R,double,False,False,209.0,0.246,58.0,27.75,21.0,10.05,0.757,0.191,27.7,13.24,15.71,28.96,27.36,19.4,449.0,0.26,141.0,31.4,52.0,11.58,0.826,0.2209999999999999,31.26,14.84,14.94,29.79,25.26,20.41,165.0,0.227,51.0,30.91,14.0,8.48,0.731,0.213,34.57,18.76,12.4,31.16,30.3,25.64,,,,,,,,,,,,,,
746547,2024-06-16,2024,660707,R,683003,R,sac_fly,False,False,169.0,0.211,38.0,22.49,14.0,8.28,0.603,0.11800000000000002,29.61,15.99,13.05,29.04,36.0,21.97,196.0,0.249,69.0,35.2,12.0,6.12,0.729,0.1689999999999999,41.45,21.48,15.97,37.45,41.94,28.28,159.0,0.226,34.0,21.38,8.0,5.03,0.683,0.18499999999999997,29.41,16.04,15.69,31.73,34.34,20.12,,,,,,,,,,,,,,
746547,2024-06-16,2024,666134,L,683003,R,walk,False,True,85.0,0.176,27.0,31.76,11.0,12.94,0.579,0.121,28.86,11.08,22.42,33.51,21.83,18.75,294.0,0.289,92.0,31.29,41.0,13.95,0.945,0.261,33.58,14.12,18.56,32.68,25.97,22.72,165.0,0.227,51.0,30.91,14.0,8.48,0.731,0.213,34.57,18.76,12.4,31.16,30.3,25.64,,,,,,,,,,,,,,
746547,2024-06-16,2024,669911,L,693312,R,strikeout,True,False,63.0,0.19,23.0,36.51,3.0,4.76,0.617,0.189,31.62,15.14,16.2,31.34,31.87,22.55,104.0,0.189,29.0,27.88,8.0,7.69,0.628,0.179,34.34,17.26,14.21,31.47,29.0,25.0,32.0,0.2,9.0,28.12,5.0,15.62,0.655,0.08000000000000002,30.51,13.74,12.21,25.95,22.54,20.45,8.0,0.0,5.0,62.5,1.0,12.5,0.125,0.0,39.13,19.57,10.87,30.43,28.0,22.73
746547,2024-06-16,2024,668804,R,621389,L,field_out,False,False,98.0,0.275,20.0,20.41,6.0,6.12,0.767,0.176,30.48,15.0,16.32,31.32,32.84,17.86,202.0,0.285,44.0,21.78,8.0,3.96,0.727,0.13,26.99,13.48,13.48,26.96,28.29,18.57,163.0,0.349,22.0,13.5,8.0,4.91,0.919,0.18100000000000005,14.04,7.22,17.25,24.47,32.5,13.5,281.0,0.347,40.0,14.23,21.0,7.47,0.944,0.197,15.42,7.56,16.92,24.48,31.3,14.18
746547,2024-06-16,2024,693304,R,621389,L,single,False,False,39.0,0.361,9.0,23.08,1.0,2.56,1.052,0.30600000000000005,28.57,18.18,10.0,28.18,50.0,32.14,43.0,0.158,15.0,34.88,3.0,6.98,0.5720000000000001,0.158,36.17,19.21,12.99,32.2,28.74,23.81,163.0,0.349,22.0,13.5,8.0,4.91,0.919,0.18100000000000005,14.04,7.22,17.25,24.47,32.5,13.5,281.0,0.347,40.0,14.23,21.0,7.47,0.944,0.197,15.42,7.56,16.92,24.48,31.3,14.18
746547,2024-06-16,2024,656582,R,621389,L,hit_by_pitch,False,False,93.0,0.293,15.0,16.13,8.0,8.6,0.866,0.20700000000000002,20.62,8.82,17.38,26.2,20.43,13.64,193.0,0.265,40.0,20.73,23.0,11.92,0.8200000000000001,0.187,25.72,9.93,21.34,31.27,18.27,17.32,163.0,0.349,22.0,13.5,8.0,4.91,0.919,0.18100000000000005,14.04,7.22,17.25,24.47,32.5,13.5,281.0,0.347,40.0,14.23,21.0,7.47,0.944,0.197,15.42,7.56,16.92,24.48,31.3,14.18
746547,2024-06-16,2024,663647,R,621389,L,strikeout,True,False,59.0,0.333,7.0,11.86,8.0,13.56,0.9450000000000001,0.188,15.15,6.22,18.26,24.48,24.03,10.14,168.0,0.294,29.0,17.26,6.0,3.57,0.8460000000000001,0.237,20.49,9.52,20.2,29.72,31.76,19.21,163.0,0.349,22.0,13.5,8.0,4.91,0.919,0.18100000000000005,14.04,7.22,17.25,24.47,32.5,13.5,281.0,0.347,40.0,14.23,21.0,7.47,0.944,0.197,15.42,7.56,16.92,24.48,31.3,14.18
746547,2024-06-16,2024,658668,R,621389,L,walk,False,True,77.0,0.232,19.0,24.68,7.0,9.09,0.748,0.217,25.49,12.75,14.05,26.8,31.13,21.35,124.0,0.277,21.0,16.94,8.0,6.45,0.857,0.241,23.89,11.66,17.06,28.73,30.49,15.91,163.0,0.349,22.0,13.5,8.0,4.91,0.919,0.18100000000000005,14.04,7.22,17.25,24.47,32.5,13.5,281.0,0.347,40.0,14.23,21.0,7.47,0.944,0.197,15.42,7.56,16.92,24.48,31.3,14.18
746547,2024-06-16,2024,518735,R,621389,L,single,False,False,34.0,0.25,7.0,20.59,1.0,2.94,0.554,0.031000000000000028,25.45,12.07,25.0,37.07,37.21,23.33,97.0,0.233,25.0,25.77,9.0,9.28,0.6839999999999999,0.1389999999999999,33.14,14.22,16.91,31.13,28.82,20.66,163.0,0.349,22.0,13.5,8.0,4.91,0.919,0.18100000000000005,14.04,7.22,17.25,24.47,32.5,13.5,281.0,0.347,40.0,14.23,21.0,7.47,0.944,0.197,15.42,7.56,16.92,24.48,31.3,14.18
746547,2024-06-16,2024,669707,R,664129,R,field_out,False,False,159.0,0.207,36.0,22.64,15.0,9.43,0.569,0.07899999999999999,25.16,12.3,15.46,27.76,27.99,15.72,144.0,0.301,43.0,29.86,18.0,12.5,0.786,0.089,33.87,14.74,17.72,32.46,24.23,24.57,12.0,0.273,2.0,16.67,1.0,8.33,0.8780000000000001,0.272,22.22,12.0,18.0,30.0,33.33,9.52,8.0,0.167,2.0,25.0,2.0,25.0,1.042,0.5,17.65,7.89,10.53,18.42,15.0,16.67
746547,2024-06-16,2024,595909,L,693312,R,field_out,False,False,110.0,0.273,26.0,23.64,10.0,9.09,0.71,0.10099999999999998,21.21,10.77,14.51,25.27,31.11,17.22,171.0,0.226,44.0,25.73,12.0,7.02,0.663,0.155,26.67,12.9,15.25,28.15,29.13,19.91,32.0,0.2,9.0,28.12,5.0,15.62,0.655,0.08000000000000002,30.51,13.74,12.21,25.95,22.54,20.45,8.0,0.0,5.0,62.5,1.0,12.5,0.125,0.0,39.13,19.57,10.87,30.43,28.0,22.73
746547,2024-06-16,2024,696100,R,693312,R,single,False,False,52.0,0.143,16.0,30.77,2.0,3.85,0.437,0.10200000000000001,37.74,21.74,10.87,32.61,35.11,33.33,64.0,0.193,18.0,28.12,5.0,7.81,0.583,0.14,38.6,18.26,16.18,34.44,35.56,28.57,50.0,0.244,15.0,30.0,7.0,14.0,0.688,0.09700000000000003,32.22,13.36,17.51,30.88,23.66,19.23,18.0,0.5,2.0,11.11,3.0,16.67,1.468,0.357,20.0,9.23,16.92,26.15,25.0,15.38
746547,2024-06-16,2024,691182,L,693312,R,field_out,False,False,21.0,0.095,6.0,28.57,0.0,0.0,0.19,0.0,24.44,15.28,15.28,30.56,51.61,27.27,,,,,,,,,,,,,,,32.0,0.2,9.0,28.12,5.0,15.62,0.655,0.08000000000000002,30.51,13.74,12.21,25.95,22.54,20.45,8.0,0.0,5.0,62.5,1.0,12.5,0.125,0.0,39.13,19.57,10.87,30.43,28.0,22.73
746547,2024-06-16,2024,453568,L,693312,R,single,False,False,194.0,0.25,30.0,15.46,15.0,7.73,0.714,0.14800000000000002,19.73,9.77,16.69,26.46,35.69,14.15,309.0,0.272,48.0,15.53,26.0,8.41,0.7909999999999999,0.1689999999999999,21.84,10.67,16.05,26.72,30.66,16.11,32.0,0.2,9.0,28.12,5.0,15.62,0.655,0.08000000000000002,30.51,13.74,12.21,25.95,22.54,20.45,8.0,0.0,5.0,62.5,1.0,12.5,0.125,0.0,39.13,19.57,10.87,30.43,28.0,22.73
746547,2024-06-16,2024,678662,R,693312,R,single,False,False,224.0,0.303,58.0,25.89,6.0,2.68,0.8340000000000001,0.20400000000000001,33.01,20.86,9.94,30.8,46.7,21.72,438.0,0.256,109.0,24.89,17.0,3.88,0.69,0.143,29.47,17.51,10.44,27.95,41.11,20.49,50.0,0.244,15.0,30.0,7.0,14.0,0.688,0.09700000000000003,32.22,13.36,17.51,30.88,23.66,19.23,18.0,0.5,2.0,11.11,3.0,16.67,1.468,0.357,20.0,9.23,16.92,26.15,25.0,15.38
746547,2024-06-16,2024,641857,L,693312,R,field_out,False,False,209.0,0.246,58.0,27.75,21.0,10.05,0.757,0.191,27.7,13.24,15.71,28.96,27.36,19.4,449.0,0.26,141.0,31.4,52.0,11.58,0.826,0.2209999999999999,31.26,14.84,14.94,29.79,25.26,20.41,32.0,0.2,9.0,28.12,5.0,15.62,0.655,0.08000000000000002,30.51,13.74,12.21,25.95,22.54,20.45,8.0,0.0,5.0,62.5,1.0,12.5,0.125,0.0,39.13,19.57,10.87,30.43,28.0,22.73
746547,2024-06-16,2024,572191,R,664129,R,field_out,False,False,100.0,0.198,36.0,36.0,6.0,6.0,0.46499999999999997,0.021999999999999992,38.54,18.0,17.27,35.28,30.65,27.48,276.0,0.206,95.0,34.42,18.0,6.52,0.641,0.171,34.66,17.23,15.91,33.15,32.6,28.53,12.0,0.273,2.0,16.67,1.0,8.33,0.8780000000000001,0.272,22.22,12.0,18.0,30.0,33.33,9.52,8.0,0.167,2.0,25.0,2.0,25.0,1.042,0.5,17.65,7.89,10.53,18.42,15.0,16.67
746547,2024-06-16,2024,457705,R,664129,R,home_run,False,False,171.0,0.25,46.0,26.9,17.0,9.94,0.747,0.16399999999999998,31.19,13.43,18.56,31.99,18.7,20.72,312.0,0.254,72.0,23.08,49.0,15.71,0.767,0.137,28.77,12.06,17.2,29.26,17.59,17.52,12.0,0.273,2.0,16.67,1.0,8.33,0.8780000000000001,0.272,22.22,12.0,18.0,30.0,33.33,9.52,8.0,0.167,2.0,25.0,2.0,25.0,1.042,0.5,17.65,7.89,10.53,18.42,15.0,16.67
746547,2024-06-16,2024,668804,L,664129,R,field_error,False,False,217.0,0.259,45.0,20.74,22.0,10.14,0.756,0.16099999999999998,27.78,12.99,14.4,27.39,26.93,18.07,438.0,0.252,94.0,21.46,45.0,10.27,0.821,0.2309999999999999,28.75,13.22,13.73,26.95,24.9,18.49,8.0,0.25,2.0,25.0,0.0,0.0,0.5,0.0,23.08,14.29,4.76,19.05,30.0,100.0,8.0,0.143,1.0,12.5,1.0,12.5,0.393,0.0,23.08,10.71,14.29,25.0,21.43,16.67
746547,2024-06-16,2024,693304,R,664129,R,field_out,False,False,89.0,0.284,20.0,22.47,4.0,4.49,0.762,0.16000000000000003,27.69,15.43,10.57,26.0,31.79,17.39,86.0,0.234,21.0,24.42,3.0,3.49,0.638,0.1299999999999999,30.36,15.84,12.11,27.95,27.85,22.11,12.0,0.273,2.0,16.67,1.0,8.33,0.8780000000000001,0.272,22.22,12.0,18.0,30.0,33.33,9.52,8.0,0.167,2.0,25.0,2.0,25.0,1.042,0.5,17.65,7.89,10.53,18.42,15.0,16.67
746547,2024-06-16,2024,656582,R,664129,R,strikeout,True,False,157.0,0.234,35.0,22.29,13.0,8.28,0.688,0.142,23.86,10.66,18.95,29.61,23.86,20.96,279.0,0.235,70.0,25.09,27.0,9.68,0.72,0.166,22.25,8.9,20.93,29.83,20.67,18.23,12.0,0.273,2.0,16.67,1.0,8.33,0.8780000000000001,0.272,22.22,12.0,18.0,30.0,33.33,9.52,8.0,0.167,2.0,25.0,2.0,25.0,1.042,0.5,17.65,7.89,10.53,18.42,15.0,16.67
746547,2024-06-16,2024,660707,R,677865,L,strikeout,True,False,58.0,0.173,12.0,20.69,5.0,8.62,0.414,0.0,28.35,15.58,12.99,28.57,46.04,15.19,111.0,0.234,42.0,37.84,3.0,2.7,0.6910000000000001,0.205,35.78,19.62,15.37,34.99,45.73,29.37,12.0,0.222,1.0,8.33,1.0,8.33,0.889,0.3340000000000001,18.52,10.42,10.42,20.83,40.74,7.14,84.0,0.31,12.0,14.29,9.0,10.71,0.872,0.1689999999999999,22.3,10.4,15.1,25.5,26.35,16.0
746547,2024-06-16,2024,666134,L,677865,L,single,False,False,27.0,0.167,12.0,44.44,3.0,11.11,0.46699999999999997,0.04099999999999998,24.49,9.68,28.23,37.9,25.0,23.53,130.0,0.314,34.0,26.15,12.0,9.23,0.902,0.211,27.7,10.95,22.63,33.58,26.4,21.79,7.0,0.429,1.0,14.29,0.0,0.0,0.858,0.0,25.0,15.0,15.0,30.0,37.5,20.0,38.0,0.176,10.0,26.32,2.0,5.26,0.508,0.089,28.57,12.08,22.15,34.23,26.92,21.28
746547,2024-06-16,2024,669911,R,677865,L,field_out,False,False,21.0,0.158,6.0,28.57,2.0,9.52,0.712,0.31599999999999995,17.65,7.59,24.05,31.65,15.79,26.09,48.0,0.109,21.0,43.75,2.0,4.17,0.255,0.0,48.35,23.53,13.9,37.43,32.11,36.21,12.0,0.222,1.0,8.33,1.0,8.33,0.889,0.3340000000000001,18.52,10.42,10.42,20.83,40.74,7.14,84.0,0.31,12.0,14.29,9.0,10.71,0.872,0.1689999999999999,22.3,10.4,15.1,25.5,26.35,16.0
746547,2024-06-16,2024,595909,L,677865,L,single,False,False,11.0,0.091,5.0,45.45,0.0,0.0,0.182,0.0,38.1,21.62,13.51,35.14,45.0,50.0,33.0,0.138,11.0,33.33,3.0,9.09,0.391,0.0339999999999999,28.79,14.39,18.94,33.33,34.48,22.92,7.0,0.429,1.0,14.29,0.0,0.0,0.858,0.0,25.0,15.0,15.0,30.0,37.5,20.0,38.0,0.176,10.0,26.32,2.0,5.26,0.508,0.089,28.57,12.08,22.15,34.23,26.92,21.28
746547,2024-06-16,2024,696100,R,677865,L,home_run,False,False,21.0,0.35,4.0,19.05,0.0,0.0,1.331,0.6,21.05,10.53,18.42,28.95,31.71,18.18,13.0,0.231,6.0,46.15,0.0,0.0,0.846,0.384,35.71,18.87,18.87,37.74,36.0,30.0,12.0,0.222,1.0,8.33,1.0,8.33,0.889,0.3340000000000001,18.52,10.42,10.42,20.83,40.74,7.14,84.0,0.31,12.0,14.29,9.0,10.71,0.872,0.1689999999999999,22.3,10.4,15.1,25.5,26.35,16.0
746547,2024-06-16,2024,691182,R,677865,L,field_out,False,False,2.0,0.5,0.0,0.0,0.0,0.0,1.0,0.0,33.33,22.22,0.0,22.22,50.0,0.0,,,,,,,,,,,,,,,12.0,0.222,1.0,8.33,1.0,8.33,0.889,0.3340000000000001,18.52,10.42,10.42,20.83,40.74,7.14,84.0,0.31,12.0,14.29,9.0,10.71,0.872,0.1689999999999999,22.3,10.4,15.1,25.5,26.35,16.0
746547,2024-06-16,2024,663647,R,656222,L,single,False,False,59.0,0.333,7.0,11.86,8.0,13.56,0.9450000000000001,0.188,15.15,6.22,18.26,24.48,24.03,10.14,168.0,0.294,29.0,17.26,6.0,3.57,0.8460000000000001,0.237,20.49,9.52,20.2,29.72,31.76,19.21,98.0,0.227,17.0,17.35,8.0,8.16,0.653,0.13699999999999998,21.31,10.18,13.05,23.24,25.39,17.35,130.0,0.243,27.0,20.77,12.0,9.23,0.7090000000000001,0.148,29.39,14.08,15.55,29.62,28.21,22.31
746547,2024-06-16,2024,658668,R,656222,L,field_out,False,False,77.0,0.232,19.0,24.68,7.0,9.09,0.748,0.217,25.49,12.75,14.05,26.8,31.13,21.35,124.0,0.277,21.0,16.94,8.0,6.45,0.857,0.241,23.89,11.66,17.06,28.73,30.49,15.91,98.0,0.227,17.0,17.35,8.0,8.16,0.653,0.13699999999999998,21.31,10.18,13.05,23.24,25.39,17.35,130.0,0.243,27.0,20.77,12.0,9.23,0.7090000000000001,0.148,29.39,14.08,15.55,29.62,28.21,22.31
746547,2024-06-16,2024,518735,R,656222,L,field_out,False,False,34.0,0.25,7.0,20.59,1.0,2.94,0.554,0.031000000000000028,25.45,12.07,25.0,37.07,37.21,23.33,97.0,0.233,25.0,25.77,9.0,9.28,0.6839999999999999,0.1389999999999999,33.14,14.22,16.91,31.13,28.82,20.66,98.0,0.227,17.0,17.35,8.0,8.16,0.653,0.13699999999999998,21.31,10.18,13.05,23.24,25.39,17.35,130.0,0.243,27.0,20.77,12.0,9.23,0.7090000000000001,0.148,29.39,14.08,15.55,29.62,28.21,22.31
746547,2024-06-16,2024,669707,R,656222,L,field_out,False,False,69.0,0.217,21.0,30.43,8.0,11.59,0.554,0.033,32.33,15.93,12.22,28.15,23.26,29.58,65.0,0.293,20.0,30.77,6.0,9.23,0.7829999999999999,0.121,29.41,12.96,18.15,31.11,29.29,21.28,98.0,0.227,17.0,17.35,8.0,8.16,0.653,0.13699999999999998,21.31,10.18,13.05,23.24,25.39,17.35,130.0,0.243,27.0,20.77,12.0,9.23,0.7090000000000001,0.148,29.39,14.08,15.55,29.62,28.21,22.31
746547,2024-06-16,2024,453568,L,642701,R,field_out,False,False,194.0,0.25,30.0,15.46,15.0,7.73,0.714,0.14800000000000002,19.73,9.77,16.69,26.46,35.69,14.15,309.0,0.272,48.0,15.53,26.0,8.41,0.7909999999999999,0.1689999999999999,21.84,10.67,16.05,26.72,30.66,16.11,41.0,0.2,9.0,21.95,6.0,14.63,0.7170000000000001,0.2,29.11,14.56,13.29,27.85,29.27,21.43,18.0,0.214,3.0,16.67,2.0,11.11,0.619,0.0719999999999999,27.27,14.46,14.46,28.92,30.77,10.34
746547,2024-06-16,2024,678662,R,642701,R,double,False,False,224.0,0.303,58.0,25.89,6.0,2.68,0.8340000000000001,0.20400000000000001,33.01,20.86,9.94,30.8,46.7,21.72,438.0,0.256,109.0,24.89,17.0,3.88,0.69,0.143,29.47,17.51,10.44,27.95,41.11,20.49,85.0,0.312,10.0,11.76,6.0,7.06,0.875,0.194,17.09,8.71,17.1,25.81,33.99,10.64,32.0,0.259,9.0,28.12,5.0,15.62,0.931,0.297,29.82,12.23,19.42,31.65,36.9,16.98
746547,2024-06-16,2024,641857,L,642701,R,double,False,False,209.0,0.246,58.0,27.75,21.0,10.05,0.757,0.191,27.7,13.24,15.71,28.96,27.36,19.4,449.0,0.26,141.0,31.4,52.0,11.58,0.826,0.2209999999999999,31.26,14.84,14.94,29.79,25.26,20.41,41.0,0.2,9.0,21.95,6.0,14.63,0.7170000000000001,0.2,29.11,14.56,13.29,27.85,29.27,21.43,18.0,0.214,3.0,16.67,2.0,11.11,0.619,0.0719999999999999,27.27,14.46,14.46,28.92,30.77,10.34
746547,2024-06-16,2024,660707,R,642701,R,walk,False,True,169.0,0.211,38.0,22.49,14.0,8.28,0.603,0.11800000000000002,29.61,15.99,13.05,29.04,36.0,21.97,196.0,0.249,69.0,35.2,12.0,6.12,0.729,0.1689999999999999,41.45,21.48,15.97,37.45,41.94,28.28,85.0,0.312,10.0,11.76,6.0,7.06,0.875,0.194,17.09,8.71,17.1,25.81,33.99,10.64,32.0,0.259,9.0,28.12,5.0,15.62,0.931,0.297,29.82,12.23,19.42,31.65,36.9,16.98
746547,2024-06-16,2024,666134,L,642701,R,walk,False,True,85.0,0.176,27.0,31.76,11.0,12.94,0.579,0.121,28.86,11.08,22.42,33.51,21.83,18.75,294.0,0.289,92.0,31.29,41.0,13.95,0.945,0.261,33.58,14.12,18.56,32.68,25.97,22.72,41.0,0.2,9.0,21.95,6.0,14.63,0.7170000000000001,0.2,29.11,14.56,13.29,27.85,29.27,21.43,18.0,0.214,3.0,16.67,2.0,11.11,0.619,0.0719999999999999,27.27,14.46,14.46,28.92,30.77,10.34
746547,2024-06-16,2024,669911,L,642701,R,home_run,False,False,63.0,0.19,23.0,36.51,3.0,4.76,0.617,0.189,31.62,15.14,16.2,31.34,31.87,22.55,104.0,0.189,29.0,27.88,8.0,7.69,0.628,0.179,34.34,17.26,14.21,31.47,29.0,25.0,41.0,0.2,9.0,21.95,6.0,14.63,0.7170000000000001,0.2,29.11,14.56,13.29,27.85,29.27,21.43,18.0,0.214,3.0,16.67,2.0,11.11,0.619,0.0719999999999999,27.27,14.46,14.46,28.92,30.77,10.34
746547,2024-06-16,2024,595909,L,642701,R,triple,False,False,110.0,0.273,26.0,23.64,10.0,9.09,0.71,0.10099999999999998,21.21,10.77,14.51,25.27,31.11,17.22,171.0,0.226,44.0,25.73,12.0,7.02,0.663,0.155,26.67,12.9,15.25,28.15,29.13,19.91,41.0,0.2,9.0,21.95,6.0,14.63,0.7170000000000001,0.2,29.11,14.56,13.29,27.85,29.27,21.43,18.0,0.214,3.0,16.67,2.0,11.11,0.619,0.0719999999999999,27.27,14.46,14.46,28.92,30.77,10.34
746547,2024-06-16,2024,696100,R,642701,R,field_out,False,False,52.0,0.143,16.0,30.77,2.0,3.85,0.437,0.10200000000000001,37.74,21.74,10.87,32.61,35.11,33.33,64.0,0.193,18.0,28.12,5.0,7.81,0.583,0.14,38.6,18.26,16.18,34.44,35.56,28.57,85.0,0.312,10.0,11.76,6.0,7.06,0.875,0.194,17.09,8.71,17.1,25.81,33.99,10.64,32.0,0.259,9.0,28.12,5.0,15.62,0.931,0.297,29.82,12.23,19.42,31.65,36.9,16.98
746547,2024-06-16,2024,691182,L,642701,R,field_out,False,False,21.0,0.095,6.0,28.57,0.0,0.0,0.19,0.0,24.44,15.28,15.28,30.56,51.61,27.27,,,,,,,,,,,,,,,41.0,0.2,9.0,21.95,6.0,14.63,0.7170000000000001,0.2,29.11,14.56,13.29,27.85,29.27,21.43,18.0,0.214,3.0,16.67,2.0,11.11,0.619,0.0719999999999999,27.27,14.46,14.46,28.92,30.77,10.34
746547,2024-06-16,2024,572191,R,683627,R,strikeout,True,False,100.0,0.198,36.0,36.0,6.0,6.0,0.46499999999999997,0.021999999999999992,38.54,18.0,17.27,35.28,30.65,27.48,276.0,0.206,95.0,34.42,18.0,6.52,0.641,0.171,34.66,17.23,15.91,33.15,32.6,28.53,64.0,0.367,4.0,6.25,2.0,3.12,0.908,0.15000000000000002,9.73,4.76,14.29,19.05,22.22,6.35,,,,,,,,,,,,,,
746547,2024-06-16,2024,641511,R,683627,R,field_out,False,False,3.0,0.0,0.0,0.0,0.0,0.0,0.0,0.0,0.0,0.0,0.0,0.0,50.0,,115.0,0.243,25.0,21.74,8.0,6.96,0.657,0.1069999999999999,24.55,12.65,14.52,27.17,30.5,17.61,64.0,0.367,4.0,6.25,2.0,3.12,0.908,0.15000000000000002,9.73,4.76,14.29,19.05,22.22,6.35,,,,,,,,,,,,,,
746547,2024-06-16,2024,668804,L,683627,R,single,False,False,217.0,0.259,45.0,20.74,22.0,10.14,0.756,0.16099999999999998,27.78,12.99,14.4,27.39,26.93,18.07,438.0,0.252,94.0,21.46,45.0,10.27,0.821,0.2309999999999999,28.75,13.22,13.73,26.95,24.9,18.49,51.0,0.275,7.0,13.73,9.0,17.65,0.75,0.07499999999999996,16.87,6.33,20.36,26.7,17.27,11.11,,,,,,,,,,,,,,
746547,2024-06-16,2024,693304,R,683627,R,field_out,False,False,89.0,0.284,20.0,22.47,4.0,4.49,0.762,0.16000000000000003,27.69,15.43,10.57,26.0,31.79,17.39,86.0,0.234,21.0,24.42,3.0,3.49,0.638,0.1299999999999999,30.36,15.84,12.11,27.95,27.85,22.11,64.0,0.367,4.0,6.25,2.0,3.12,0.908,0.15000000000000002,9.73,4.76,14.29,19.05,22.22,6.35,,,,,,,,,,,,,,
746135,2024-06-16,2024,672580,R,808967,R,field_out,False,False,260.0,0.246,47.0,18.08,20.0,7.69,0.641,0.09300000000000003,18.93,8.37,20.14,28.51,21.4,16.79,400.0,0.258,94.0,23.5,33.0,8.25,0.648,0.071,20.3,8.71,19.59,28.3,19.12,19.96,152.0,0.234,44.0,28.95,6.0,3.95,0.6699999999999999,0.17299999999999996,27.57,14.19,17.95,32.14,33.82,23.28,,,,,,,,,,,,,,
746135,2024-06-16,2024,677951,R,808967,R,field_out,False,False,267.0,0.328,44.0,16.48,21.0,7.87,0.9420000000000001,0.23200000000000004,23.64,11.48,14.43,25.91,28.68,16.92,547.0,0.27,93.0,17.0,33.0,6.03,0.8,0.2149999999999999,22.15,10.87,15.53,26.4,29.62,14.44,152.0,0.234,44.0,28.95,6.0,3.95,0.6699999999999999,0.17299999999999996,27.57,14.19,17.95,32.14,33.82,23.28,,,,,,,,,,,,,,
746135,2024-06-16,2024,686469,L,808967,R,walk,False,True,226.0,0.228,30.0,13.27,28.0,12.39,0.752,0.19499999999999998,13.33,5.89,15.81,21.7,26.92,12.35,188.0,0.251,23.0,12.23,15.0,7.98,0.784,0.217,14.85,7.02,17.48,24.5,34.8,10.0,141.0,0.186,38.0,26.95,10.0,7.09,0.507,0.07800000000000001,25.68,11.7,20.39,32.09,28.89,21.11,,,,,,,,,,,,,,
746135,2024-06-16,2024,676369,R,808967,R,force_out,False,False,152.0,0.188,42.0,27.63,10.0,6.58,0.627,0.189,37.08,16.95,15.92,32.88,27.27,24.28,125.0,0.257,36.0,28.8,9.0,7.2,0.966,0.389,35.34,17.89,12.6,30.49,29.12,21.95,152.0,0.234,44.0,28.95,6.0,3.95,0.6699999999999999,0.17299999999999996,27.57,14.19,17.95,32.14,33.82,23.28,,,,,,,,,,,,,,
746135,2024-06-16,2024,605141,R,607625,R,single,False,False,219.0,0.293,26.0,11.87,35.0,15.98,0.89,0.191,16.06,5.94,20.74,26.68,18.05,9.63,509.0,0.309,85.0,16.7,66.0,12.97,0.949,0.237,17.85,6.92,20.25,27.17,17.64,15.12,192.0,0.219,37.0,19.27,7.0,3.65,0.623,0.146,22.26,10.44,18.53,28.97,29.04,20.56,297.0,0.245,64.0,21.55,18.0,6.06,0.6719999999999999,0.134,20.04,9.36,18.89,28.25,27.02,20.13
746135,2024-06-16,2024,660271,L,607625,R,grounded_into_double_play,False,False,198.0,0.306,41.0,20.71,24.0,12.12,1.057,0.35300000000000004,29.38,14.3,13.17,27.48,30.79,17.83,429.0,0.327,99.0,23.08,64.0,14.92,1.132,0.3739999999999999,32.88,15.48,11.59,27.07,28.86,20.75,202.0,0.23,42.0,20.79,14.0,6.93,0.623,0.098,20.0,8.57,21.3,29.87,25.0,18.92,307.0,0.252,76.0,24.76,18.0,5.86,0.744,0.192,23.65,10.83,18.63,29.46,24.83,19.69
746135,2024-06-16,2024,518692,L,607625,R,field_out,False,False,192.0,0.34,30.0,15.62,26.0,13.54,1.012,0.23999999999999994,19.62,9.2,11.75,20.95,22.66,13.45,514.0,0.33,81.0,15.76,57.0,11.09,0.962,0.218,19.83,9.77,11.31,21.08,27.01,16.63,202.0,0.23,42.0,20.79,14.0,6.93,0.623,0.098,20.0,8.57,21.3,29.87,25.0,18.92,307.0,0.252,76.0,24.76,18.0,5.86,0.744,0.192,23.65,10.83,18.63,29.46,24.83,19.69
746135,2024-06-16,2024,666023,R,808967,R,field_out,False,False,87.0,0.275,17.0,19.54,7.0,8.05,0.708,0.09999999999999998,24.18,12.87,13.45,26.32,32.75,15.6,169.0,0.288,36.0,21.3,9.0,5.33,0.785,0.174,23.9,13.04,10.79,23.84,30.17,16.22,152.0,0.234,44.0,28.95,6.0,3.95,0.6699999999999999,0.17299999999999996,27.57,14.19,17.95,32.14,33.82,23.28,,,,,,,,,,,,,,
746135,2024-06-16,2024,679845,R,808967,R,field_out,False,False,67.0,0.211,11.0,16.42,8.0,11.94,0.531,0.017000000000000015,19.39,8.09,19.15,27.23,22.76,16.92,44.0,0.279,7.0,15.91,1.0,2.27,0.667,0.0929999999999999,20.0,9.64,16.87,26.51,25.61,14.29,152.0,0.234,44.0,28.95,6.0,3.95,0.6699999999999999,0.17299999999999996,27.57,14.19,17.95,32.14,33.82,23.28,,,,,,,,,,,,,,
746135,2024-06-16,2024,669004,L,808967,R,single,False,False,176.0,0.174,46.0,26.14,14.0,7.95,0.642,0.22400000000000003,29.72,15.23,11.74,26.97,27.8,16.79,459.0,0.239,122.0,26.58,55.0,11.98,0.752,0.181,32.7,15.24,15.56,30.8,24.84,20.68,141.0,0.186,38.0,26.95,10.0,7.09,0.507,0.07800000000000001,25.68,11.7,20.39,32.09,28.89,21.11,,,,,,,,,,,,,,
746135,2024-06-16,2024,680118,R,808967,R,strikeout,True,False,42.0,0.194,11.0,26.19,3.0,7.14,0.46900000000000003,0.0,31.51,14.84,14.84,29.68,33.72,21.57,97.0,0.264,16.0,16.49,6.0,6.19,0.756,0.173,25.15,12.46,15.65,28.12,25.62,16.33,152.0,0.234,44.0,28.95,6.0,3.95,0.6699999999999999,0.17299999999999996,27.57,14.19,17.95,32.14,33.82,23.28,,,,,,,,,,,,,,
746135,2024-06-16,2024,606192,R,607625,R,single,False,False,213.0,0.265,60.0,28.17,20.0,9.39,0.82,0.21099999999999997,34.59,17.91,12.63,30.54,29.36,20.62,529.0,0.249,164.0,31.0,33.0,6.24,0.718,0.1639999999999999,36.92,19.57,14.44,34.01,34.81,23.06,192.0,0.219,37.0,19.27,7.0,3.65,0.623,0.146,22.26,10.44,18.53,28.97,29.04,20.56,297.0,0.245,64.0,21.55,18.0,6.06,0.6719999999999999,0.134,20.04,9.36,18.89,28.25,27.02,20.13
746135,2024-06-16,2024,681624,R,607625,R,field_out,False,False,160.0,0.243,44.0,27.5,9.0,5.62,0.719,0.174,28.24,15.29,12.42,27.71,32.15,20.37,,,,,,,,,,,,,,,192.0,0.219,37.0,19.27,7.0,3.65,0.623,0.146,22.26,10.44,18.53,28.97,29.04,20.56,297.0,0.245,64.0,21.55,18.0,6.06,0.6719999999999999,0.134,20.04,9.36,18.89,28.25,27.02,20.13
746135,2024-06-16,2024,518792,L,607625,R,walk,False,True,73.0,0.194,13.0,17.81,8.0,10.96,0.718,0.20900000000000002,25.16,12.7,13.03,25.73,30.0,13.4,349.0,0.276,57.0,16.33,32.0,9.17,0.818,0.1949999999999999,20.45,9.51,16.77,26.27,27.56,15.45,202.0,0.23,42.0,20.79,14.0,6.93,0.623,0.098,20.0,8.57,21.3,29.87,25.0,18.92,307.0,0.252,76.0,24.76,18.0,5.86,0.744,0.192,23.65,10.83,18.63,29.46,24.83,19.69
746135,2024-06-16,2024,624415,L,607625,R,strikeout,True,False,120.0,0.182,38.0,31.67,13.0,10.83,0.602,0.10099999999999998,22.99,8.43,24.71,33.14,18.18,22.75,286.0,0.223,69.0,24.13,36.0,12.59,0.7090000000000001,0.149,23.33,9.24,21.47,30.71,15.66,18.6,202.0,0.23,42.0,20.79,14.0,6.93,0.623,0.098,20.0,8.57,21.3,29.87,25.0,18.92,307.0,0.252,76.0,24.76,18.0,5.86,0.744,0.192,23.65,10.83,18.63,29.46,24.83,19.69
746135,2024-06-16,2024,666158,L,607625,R,field_out,False,False,173.0,0.225,37.0,21.39,12.0,6.94,0.585,0.08099999999999999,19.13,8.42,19.05,27.47,19.37,18.78,,,,,,,,,,,,,,,202.0,0.23,42.0,20.79,14.0,6.93,0.623,0.098,20.0,8.57,21.3,29.87,25.0,18.92,307.0,0.252,76.0,24.76,18.0,5.86,0.744,0.192,23.65,10.83,18.63,29.46,24.83,19.69
746135,2024-06-16,2024,641658,R,675627,R,field_out,False,False,47.0,0.318,14.0,29.79,2.0,4.26,0.712,0.045999999999999985,21.51,10.47,18.85,29.32,23.81,21.88,170.0,0.282,45.0,26.47,14.0,8.24,0.74,0.107,24.75,10.81,20.44,31.26,25.39,22.06,94.0,0.226,25.0,26.6,9.0,9.57,0.643,0.11899999999999997,32.45,13.73,19.33,33.05,28.65,28.41,155.0,0.255,45.0,29.03,5.0,3.23,0.707,0.1679999999999999,33.22,17.44,15.03,32.47,36.39,26.95
746135,2024-06-16,2024,672580,R,675627,R,strikeout,True,False,260.0,0.246,47.0,18.08,20.0,7.69,0.641,0.09300000000000003,18.93,8.37,20.14,28.51,21.4,16.79,400.0,0.258,94.0,23.5,33.0,8.25,0.648,0.071,20.3,8.71,19.59,28.3,19.12,19.96,94.0,0.226,25.0,26.6,9.0,9.57,0.643,0.11899999999999997,32.45,13.73,19.33,33.05,28.65,28.41,155.0,0.255,45.0,29.03,5.0,3.23,0.707,0.1679999999999999,33.22,17.44,15.03,32.47,36.39,26.95
746135,2024-06-16,2024,677951,R,675627,R,strikeout,True,False,267.0,0.328,44.0,16.48,21.0,7.87,0.9420000000000001,0.23200000000000004,23.64,11.48,14.43,25.91,28.68,16.92,547.0,0.27,93.0,17.0,33.0,6.03,0.8,0.2149999999999999,22.15,10.87,15.53,26.4,29.62,14.44,94.0,0.226,25.0,26.6,9.0,9.57,0.643,0.11899999999999997,32.45,13.73,19.33,33.05,28.65,28.41,155.0,0.255,45.0,29.03,5.0,3.23,0.707,0.1679999999999999,33.22,17.44,15.03,32.47,36.39,26.95
746135,2024-06-16,2024,605131,R,607625,R,field_out,False,False,41.0,0.167,13.0,31.71,4.0,9.76,0.41700000000000004,0.0,20.69,9.73,17.3,27.03,20.48,16.25,144.0,0.219,29.0,20.14,13.0,9.03,0.589,0.0779999999999999,23.08,9.96,18.27,28.23,20.08,20.57,192.0,0.219,37.0,19.27,7.0,3.65,0.623,0.146,22.26,10.44,18.53,28.97,29.04,20.56,297.0,0.245,64.0,21.55,18.0,6.06,0.6719999999999999,0.134,20.04,9.36,18.89,28.25,27.02,20.13
746135,2024-06-16,2024,605141,R,607625,R,field_out,False,False,219.0,0.293,26.0,11.87,35.0,15.98,0.89,0.191,16.06,5.94,20.74,26.68,18.05,9.63,509.0,0.309,85.0,16.7,66.0,12.97,0.949,0.237,17.85,6.92,20.25,27.17,17.64,15.12,192.0,0.219,37.0,19.27,7.0,3.65,0.623,0.146,22.26,10.44,18.53,28.97,29.04,20.56,297.0,0.245,64.0,21.55,18.0,6.06,0.6719999999999999,0.134,20.04,9.36,18.89,28.25,27.02,20.13
746135,2024-06-16,2024,660271,L,607625,R,field_out,False,False,198.0,0.306,41.0,20.71,24.0,12.12,1.057,0.35300000000000004,29.38,14.3,13.17,27.48,30.79,17.83,429.0,0.327,99.0,23.08,64.0,14.92,1.132,0.3739999999999999,32.88,15.48,11.59,27.07,28.86,20.75,202.0,0.23,42.0,20.79,14.0,6.93,0.623,0.098,20.0,8.57,21.3,29.87,25.0,18.92,307.0,0.252,76.0,24.76,18.0,5.86,0.744,0.192,23.65,10.83,18.63,29.46,24.83,19.69
746135,2024-06-16,2024,686469,L,675627,R,single,False,False,226.0,0.228,30.0,13.27,28.0,12.39,0.752,0.19499999999999998,13.33,5.89,15.81,21.7,26.92,12.35,188.0,0.251,23.0,12.23,15.0,7.98,0.784,0.217,14.85,7.02,17.48,24.5,34.8,10.0,50.0,0.163,18.0,36.0,3.0,6.0,0.559,0.11600000000000002,27.1,13.36,14.75,28.11,29.59,22.78,147.0,0.344,28.0,19.05,14.0,9.52,1.003,0.244,20.15,9.35,17.81,27.16,26.12,17.28
746135,2024-06-16,2024,676369,R,675627,R,field_out,False,False,152.0,0.188,42.0,27.63,10.0,6.58,0.627,0.189,37.08,16.95,15.92,32.88,27.27,24.28,125.0,0.257,36.0,28.8,9.0,7.2,0.966,0.389,35.34,17.89,12.6,30.49,29.12,21.95,94.0,0.226,25.0,26.6,9.0,9.57,0.643,0.11899999999999997,32.45,13.73,19.33,33.05,28.65,28.41,155.0,0.255,45.0,29.03,5.0,3.23,0.707,0.1679999999999999,33.22,17.44,15.03,32.47,36.39,26.95
746135,2024-06-16,2024,666023,R,675627,R,double,False,False,87.0,0.275,17.0,19.54,7.0,8.05,0.708,0.09999999999999998,24.18,12.87,13.45,26.32,32.75,15.6,169.0,0.288,36.0,21.3,9.0,5.33,0.785,0.174,23.9,13.04,10.79,23.84,30.17,16.22,94.0,0.226,25.0,26.6,9.0,9.57,0.643,0.11899999999999997,32.45,13.73,19.33,33.05,28.65,28.41,155.0,0.255,45.0,29.03,5.0,3.23,0.707,0.1679999999999999,33.22,17.44,15.03,32.47,36.39,26.95
746135,2024-06-16,2024,679845,R,675627,R,field_out,False,False,67.0,0.211,11.0,16.42,8.0,11.94,0.531,0.017000000000000015,19.39,8.09,19.15,27.23,22.76,16.92,44.0,0.279,7.0,15.91,1.0,2.27,0.667,0.0929999999999999,20.0,9.64,16.87,26.51,25.61,14.29,94.0,0.226,25.0,26.6,9.0,9.57,0.643,0.11899999999999997,32.45,13.73,19.33,33.05,28.65,28.41,155.0,0.255,45.0,29.03,5.0,3.23,0.707,0.1679999999999999,33.22,17.44,15.03,32.47,36.39,26.95
746135,2024-06-16,2024,669004,L,675627,R,strikeout,True,False,176.0,0.174,46.0,26.14,14.0,7.95,0.642,0.22400000000000003,29.72,15.23,11.74,26.97,27.8,16.79,459.0,0.239,122.0,26.58,55.0,11.98,0.752,0.181,32.7,15.24,15.56,30.8,24.84,20.68,50.0,0.163,18.0,36.0,3.0,6.0,0.559,0.11600000000000002,27.1,13.36,14.75,28.11,29.59,22.78,147.0,0.344,28.0,19.05,14.0,9.52,1.003,0.244,20.15,9.35,17.81,27.16,26.12,17.28
746135,2024-06-16,2024,518692,L,607625,R,double,False,False,192.0,0.34,30.0,15.62,26.0,13.54,1.012,0.23999999999999994,19.62,9.2,11.75,20.95,22.66,13.45,514.0,0.33,81.0,15.76,57.0,11.09,0.962,0.218,19.83,9.77,11.31,21.08,27.01,16.63,202.0,0.23,42.0,20.79,14.0,6.93,0.623,0.098,20.0,8.57,21.3,29.87,25.0,18.92,307.0,0.252,76.0,24.76,18.0,5.86,0.744,0.192,23.65,10.83,18.63,29.46,24.83,19.69
746135,2024-06-16,2024,606192,R,607625,R,single,False,False,213.0,0.265,60.0,28.17,20.0,9.39,0.82,0.21099999999999997,34.59,17.91,12.63,30.54,29.36,20.62,529.0,0.249,164.0,31.0,33.0,6.24,0.718,0.1639999999999999,36.92,19.57,14.44,34.01,34.81,23.06,192.0,0.219,37.0,19.27,7.0,3.65,0.623,0.146,22.26,10.44,18.53,28.97,29.04,20.56,297.0,0.245,64.0,21.55,18.0,6.06,0.6719999999999999,0.134,20.04,9.36,18.89,28.25,27.02,20.13
746135,2024-06-16,2024,681624,R,607625,R,force_out,False,False,160.0,0.243,44.0,27.5,9.0,5.62,0.719,0.174,28.24,15.29,12.42,27.71,32.15,20.37,,,,,,,,,,,,,,,192.0,0.219,37.0,19.27,7.0,3.65,0.623,0.146,22.26,10.44,18.53,28.97,29.04,20.56,297.0,0.245,64.0,21.55,18.0,6.06,0.6719999999999999,0.134,20.04,9.36,18.89,28.25,27.02,20.13
746135,2024-06-16,2024,518792,L,607625,R,hit_by_pitch,False,False,73.0,0.194,13.0,17.81,8.0,10.96,0.718,0.20900000000000002,25.16,12.7,13.03,25.73,30.0,13.4,349.0,0.276,57.0,16.33,32.0,9.17,0.818,0.1949999999999999,20.45,9.51,16.77,26.27,27.56,15.45,202.0,0.23,42.0,20.79,14.0,6.93,0.623,0.098,20.0,8.57,21.3,29.87,25.0,18.92,307.0,0.252,76.0,24.76,18.0,5.86,0.744,0.192,23.65,10.83,18.63,29.46,24.83,19.69
746135,2024-06-16,2024,624415,L,607625,R,strikeout,True,False,120.0,0.182,38.0,31.67,13.0,10.83,0.602,0.10099999999999998,22.99,8.43,24.71,33.14,18.18,22.75,286.0,0.223,69.0,24.13,36.0,12.59,0.7090000000000001,0.149,23.33,9.24,21.47,30.71,15.66,18.6,202.0,0.23,42.0,20.79,14.0,6.93,0.623,0.098,20.0,8.57,21.3,29.87,25.0,18.92,307.0,0.252,76.0,24.76,18.0,5.86,0.744,0.192,23.65,10.83,18.63,29.46,24.83,19.69
746135,2024-06-16,2024,666158,L,607625,R,single,False,False,173.0,0.225,37.0,21.39,12.0,6.94,0.585,0.08099999999999999,19.13,8.42,19.05,27.47,19.37,18.78,,,,,,,,,,,,,,,202.0,0.23,42.0,20.79,14.0,6.93,0.623,0.098,20.0,8.57,21.3,29.87,25.0,18.92,307.0,0.252,76.0,24.76,18.0,5.86,0.744,0.192,23.65,10.83,18.63,29.46,24.83,19.69
746135,2024-06-16,2024,605131,R,607625,R,strikeout,True,False,41.0,0.167,13.0,31.71,4.0,9.76,0.41700000000000004,0.0,20.69,9.73,17.3,27.03,20.48,16.25,144.0,0.219,29.0,20.14,13.0,9.03,0.589,0.0779999999999999,23.08,9.96,18.27,28.23,20.08,20.57,192.0,0.219,37.0,19.27,7.0,3.65,0.623,0.146,22.26,10.44,18.53,28.97,29.04,20.56,297.0,0.245,64.0,21.55,18.0,6.06,0.6719999999999999,0.134,20.04,9.36,18.89,28.25,27.02,20.13
746135,2024-06-16,2024,680118,R,670990,R,field_out,False,False,42.0,0.194,11.0,26.19,3.0,7.14,0.46900000000000003,0.0,31.51,14.84,14.84,29.68,33.72,21.57,97.0,0.264,16.0,16.49,6.0,6.19,0.756,0.173,25.15,12.46,15.65,28.12,25.62,16.33,76.0,0.246,12.0,15.79,5.0,6.58,0.7270000000000001,0.139,19.66,8.13,20.49,28.62,24.26,17.14,102.0,0.233,23.0,22.55,9.0,8.82,0.6220000000000001,0.046,21.23,8.86,20.05,28.9,26.96,16.08
746135,2024-06-16,2024,641658,R,670990,R,field_out,False,False,47.0,0.318,14.0,29.79,2.0,4.26,0.712,0.045999999999999985,21.51,10.47,18.85,29.32,23.81,21.88,170.0,0.282,45.0,26.47,14.0,8.24,0.74,0.107,24.75,10.81,20.44,31.26,25.39,22.06,76.0,0.246,12.0,15.79,5.0,6.58,0.7270000000000001,0.139,19.66,8.13,20.49,28.62,24.26,17.14,102.0,0.233,23.0,22.55,9.0,8.82,0.6220000000000001,0.046,21.23,8.86,20.05,28.9,26.96,16.08
746135,2024-06-16,2024,672580,R,670990,R,strikeout,True,False,260.0,0.246,47.0,18.08,20.0,7.69,0.641,0.09300000000000003,18.93,8.37,20.14,28.51,21.4,16.79,400.0,0.258,94.0,23.5,33.0,8.25,0.648,0.071,20.3,8.71,19.59,28.3,19.12,19.96,76.0,0.246,12.0,15.79,5.0,6.58,0.7270000000000001,0.139,19.66,8.13,20.49,28.62,24.26,17.14,102.0,0.233,23.0,22.55,9.0,8.82,0.6220000000000001,0.046,21.23,8.86,20.05,28.9,26.96,16.08
746135,2024-06-16,2024,605141,R,607625,R,field_out,False,False,219.0,0.293,26.0,11.87,35.0,15.98,0.89,0.191,16.06,5.94,20.74,26.68,18.05,9.63,509.0,0.309,85.0,16.7,66.0,12.97,0.949,0.237,17.85,6.92,20.25,27.17,17.64,15.12,192.0,0.219,37.0,19.27,7.0,3.65,0.623,0.146,22.26,10.44,18.53,28.97,29.04,20.56,297.0,0.245,64.0,21.55,18.0,6.06,0.6719999999999999,0.134,20.04,9.36,18.89,28.25,27.02,20.13
746135,2024-06-16,2024,660271,L,607625,R,field_out,False,False,198.0,0.306,41.0,20.71,24.0,12.12,1.057,0.35300000000000004,29.38,14.3,13.17,27.48,30.79,17.83,429.0,0.327,99.0,23.08,64.0,14.92,1.132,0.3739999999999999,32.88,15.48,11.59,27.07,28.86,20.75,202.0,0.23,42.0,20.79,14.0,6.93,0.623,0.098,20.0,8.57,21.3,29.87,25.0,18.92,307.0,0.252,76.0,24.76,18.0,5.86,0.744,0.192,23.65,10.83,18.63,29.46,24.83,19.69
746135,2024-06-16,2024,518692,L,607625,R,field_out,False,False,192.0,0.34,30.0,15.62,26.0,13.54,1.012,0.23999999999999994,19.62,9.2,11.75,20.95,22.66,13.45,514.0,0.33,81.0,15.76,57.0,11.09,0.962,0.218,19.83,9.77,11.31,21.08,27.01,16.63,202.0,0.23,42.0,20.79,14.0,6.93,0.623,0.098,20.0,8.57,21.3,29.87,25.0,18.92,307.0,0.252,76.0,24.76,18.0,5.86,0.744,0.192,23.65,10.83,18.63,29.46,24.83,19.69
746135,2024-06-16,2024,677951,R,595014,R,field_out,False,False,267.0,0.328,44.0,16.48,21.0,7.87,0.9420000000000001,0.23200000000000004,23.64,11.48,14.43,25.91,28.68,16.92,547.0,0.27,93.0,17.0,33.0,6.03,0.8,0.2149999999999999,22.15,10.87,15.53,26.4,29.62,14.44,33.0,0.172,9.0,27.27,4.0,12.12,0.445,0.0,28.85,11.81,25.2,37.01,31.94,22.5,,,,,,,,,,,,,,
746135,2024-06-16,2024,686469,L,595014,R,walk,False,True,226.0,0.228,30.0,13.27,28.0,12.39,0.752,0.19499999999999998,13.33,5.89,15.81,21.7,26.92,12.35,188.0,0.251,23.0,12.23,15.0,7.98,0.784,0.217,14.85,7.02,17.48,24.5,34.8,10.0,22.0,0.19,11.0,50.0,1.0,4.55,0.608,0.191,26.79,15.31,10.2,25.51,45.45,32.35,,,,,,,,,,,,,,
746135,2024-06-16,2024,676369,R,595014,R,walk,False,True,152.0,0.188,42.0,27.63,10.0,6.58,0.627,0.189,37.08,16.95,15.92,32.88,27.27,24.28,125.0,0.257,36.0,28.8,9.0,7.2,0.966,0.389,35.34,17.89,12.6,30.49,29.12,21.95,33.0,0.172,9.0,27.27,4.0,12.12,0.445,0.0,28.85,11.81,25.2,37.01,31.94,22.5,,,,,,,,,,,,,,
746135,2024-06-16,2024,666023,R,595014,R,walk,False,True,87.0,0.275,17.0,19.54,7.0,8.05,0.708,0.09999999999999998,24.18,12.87,13.45,26.32,32.75,15.6,169.0,0.288,36.0,21.3,9.0,5.33,0.785,0.174,23.9,13.04,10.79,23.84,30.17,16.22,33.0,0.172,9.0,27.27,4.0,12.12,0.445,0.0,28.85,11.81,25.2,37.01,31.94,22.5,,,,,,,,,,,,,,
746135,2024-06-16,2024,624428,L,595014,R,strikeout,True,False,131.0,0.217,25.0,19.08,14.0,10.69,0.635,0.10500000000000001,17.39,8.03,18.8,26.82,27.44,13.59,392.0,0.248,60.0,15.31,26.0,6.63,0.7090000000000001,0.158,19.43,9.43,17.73,27.16,29.49,14.18,22.0,0.19,11.0,50.0,1.0,4.55,0.608,0.191,26.79,15.31,10.2,25.51,45.45,32.35,,,,,,,,,,,,,,
746135,2024-06-16,2024,669004,L,595014,R,home_run,False,False,176.0,0.174,46.0,26.14,14.0,7.95,0.642,0.22400000000000003,29.72,15.23,11.74,26.97,27.8,16.79,459.0,0.239,122.0,26.58,55.0,11.98,0.752,0.181,32.7,15.24,15.56,30.8,24.84,20.68,22.0,0.19,11.0,50.0,1.0,4.55,0.608,0.191,26.79,15.31,10.2,25.51,45.45,32.35,,,,,,,,,,,,,,
746135,2024-06-16,2024,680118,R,607455,L,field_out,False,False,32.0,0.31,7.0,21.88,2.0,6.25,0.872,0.20700000000000002,29.85,16.13,15.32,31.45,31.58,15.56,42.0,0.243,17.0,40.48,4.0,9.52,0.819,0.243,37.65,19.28,12.65,31.93,35.79,32.08,36.0,0.207,6.0,16.67,5.0,13.89,0.5820000000000001,0.06900000000000003,19.35,8.63,13.67,22.3,22.39,20.69,21.0,0.25,3.0,14.29,4.0,19.05,0.631,0.0,20.83,10.75,12.9,23.66,31.82,8.82
746135,2024-06-16,2024,606192,R,607625,R,field_out,False,False,213.0,0.265,60.0,28.17,20.0,9.39,0.82,0.21099999999999997,34.59,17.91,12.63,30.54,29.36,20.62,529.0,0.249,164.0,31.0,33.0,6.24,0.718,0.1639999999999999,36.92,19.57,14.44,34.01,34.81,23.06,192.0,0.219,37.0,19.27,7.0,3.65,0.623,0.146,22.26,10.44,18.53,28.97,29.04,20.56,297.0,0.245,64.0,21.55,18.0,6.06,0.6719999999999999,0.134,20.04,9.36,18.89,28.25,27.02,20.13
746135,2024-06-16,2024,681624,R,607625,R,double,False,False,160.0,0.243,44.0,27.5,9.0,5.62,0.719,0.174,28.24,15.29,12.42,27.71,32.15,20.37,,,,,,,,,,,,,,,192.0,0.219,37.0,19.27,7.0,3.65,0.623,0.146,22.26,10.44,18.53,28.97,29.04,20.56,297.0,0.245,64.0,21.55,18.0,6.06,0.6719999999999999,0.134,20.04,9.36,18.89,28.25,27.02,20.13
746135,2024-06-16,2024,518792,L,607625,R,field_out,False,False,73.0,0.194,13.0,17.81,8.0,10.96,0.718,0.20900000000000002,25.16,12.7,13.03,25.73,30.0,13.4,349.0,0.276,57.0,16.33,32.0,9.17,0.818,0.1949999999999999,20.45,9.51,16.77,26.27,27.56,15.45,202.0,0.23,42.0,20.79,14.0,6.93,0.623,0.098,20.0,8.57,21.3,29.87,25.0,18.92,307.0,0.252,76.0,24.76,18.0,5.86,0.744,0.192,23.65,10.83,18.63,29.46,24.83,19.69
746135,2024-06-16,2024,624415,L,607625,R,strikeout,True,False,120.0,0.182,38.0,31.67,13.0,10.83,0.602,0.10099999999999998,22.99,8.43,24.71,33.14,18.18,22.75,286.0,0.223,69.0,24.13,36.0,12.59,0.7090000000000001,0.149,23.33,9.24,21.47,30.71,15.66,18.6,202.0,0.23,42.0,20.79,14.0,6.93,0.623,0.098,20.0,8.57,21.3,29.87,25.0,18.92,307.0,0.252,76.0,24.76,18.0,5.86,0.744,0.192,23.65,10.83,18.63,29.46,24.83,19.69
746135,2024-06-16,2024,641658,R,607455,L,triple,False,False,54.0,0.292,14.0,25.93,5.0,9.26,0.7749999999999999,0.125,23.4,11.34,13.92,25.26,20.45,28.57,82.0,0.264,22.0,26.83,9.0,10.98,0.707,0.0969999999999999,30.16,12.62,19.93,32.56,26.03,28.95,36.0,0.207,6.0,16.67,5.0,13.89,0.5820000000000001,0.06900000000000003,19.35,8.63,13.67,22.3,22.39,20.69,21.0,0.25,3.0,14.29,4.0,19.05,0.631,0.0,20.83,10.75,12.9,23.66,31.82,8.82
746135,2024-06-16,2024,672580,R,607455,L,walk,False,True,63.0,0.271,3.0,4.76,3.0,4.76,0.798,0.22099999999999997,9.35,4.44,20.44,24.89,27.78,4.62,116.0,0.315,21.0,18.1,5.0,4.31,0.79,0.139,16.58,7.23,23.31,30.54,25.87,18.75,36.0,0.207,6.0,16.67,5.0,13.89,0.5820000000000001,0.06900000000000003,19.35,8.63,13.67,22.3,22.39,20.69,21.0,0.25,3.0,14.29,4.0,19.05,0.631,0.0,20.83,10.75,12.9,23.66,31.82,8.82
746135,2024-06-16,2024,677951,R,607455,L,single,False,False,53.0,0.32,9.0,16.98,2.0,3.77,0.8600000000000001,0.2,21.15,10.89,14.85,25.74,37.84,15.0,147.0,0.297,28.0,19.05,7.0,4.76,0.8620000000000001,0.232,24.92,13.58,12.91,26.49,35.1,14.07,36.0,0.207,6.0,16.67,5.0,13.89,0.5820000000000001,0.06900000000000003,19.35,8.63,13.67,22.3,22.39,20.69,21.0,0.25,3.0,14.29,4.0,19.05,0.631,0.0,20.83,10.75,12.9,23.66,31.82,8.82
746135,2024-06-16,2024,686469,L,607455,L,strikeout,True,False,55.0,0.28,7.0,12.73,1.0,1.82,0.711,0.13999999999999996,20.0,9.81,19.16,28.97,33.66,10.61,72.0,0.233,8.0,11.11,10.0,13.89,0.697,0.1169999999999999,25.44,10.86,18.35,29.21,25.19,14.29,19.0,0.176,7.0,36.84,1.0,5.26,0.398,0.0,37.5,17.14,18.57,35.71,25.0,35.0,14.0,0.417,3.0,21.43,1.0,7.14,1.167,0.25,22.86,11.76,16.18,27.94,33.33,11.54
746135,2024-06-16,2024,676369,R,607455,L,sac_fly,False,False,67.0,0.246,18.0,26.87,8.0,11.94,0.7290000000000001,0.14,34.59,16.55,12.59,29.14,23.45,20.93,54.0,0.184,15.0,27.78,5.0,9.26,0.708,0.265,29.81,14.62,15.57,30.19,30.09,20.0,36.0,0.207,6.0,16.67,5.0,13.89,0.5820000000000001,0.06900000000000003,19.35,8.63,13.67,22.3,22.39,20.69,21.0,0.25,3.0,14.29,4.0,19.05,0.631,0.0,20.83,10.75,12.9,23.66,31.82,8.82
746135,2024-06-16,2024,666023,R,607455,L,intent_walk,False,True,44.0,0.341,6.0,13.64,3.0,6.82,0.849,0.122,28.41,15.53,12.42,27.95,32.43,12.0,66.0,0.262,14.0,21.21,4.0,6.06,0.777,0.197,25.18,13.78,11.42,25.2,29.37,17.28,36.0,0.207,6.0,16.67,5.0,13.89,0.5820000000000001,0.06900000000000003,19.35,8.63,13.67,22.3,22.39,20.69,21.0,0.25,3.0,14.29,4.0,19.05,0.631,0.0,20.83,10.75,12.9,23.66,31.82,8.82
746135,2024-06-16,2024,624428,L,607455,L,field_out,False,False,21.0,0.211,2.0,9.52,1.0,4.76,0.497,0.0,13.79,6.15,23.08,29.23,15.38,14.29,64.0,0.193,8.0,12.5,6.0,9.38,0.6140000000000001,0.14,17.54,8.16,17.96,26.12,24.11,13.33,19.0,0.176,7.0,36.84,1.0,5.26,0.398,0.0,37.5,17.14,18.57,35.71,25.0,35.0,14.0,0.417,3.0,21.43,1.0,7.14,1.167,0.25,22.86,11.76,16.18,27.94,33.33,11.54
746135,2024-06-16,2024,666158,L,670167,R,field_out,False,False,173.0,0.225,37.0,21.39,12.0,6.94,0.585,0.08099999999999999,19.13,8.42,19.05,27.47,19.37,18.78,,,,,,,,,,,,,,,63.0,0.339,6.0,9.52,4.0,6.35,0.897,0.16099999999999998,16.67,8.66,13.42,22.08,27.52,8.0,79.0,0.3,16.0,20.25,15.0,18.99,0.989,0.233,22.22,9.17,16.51,25.69,22.49,17.58
746135,2024-06-16,2024,605131,R,670167,R,strikeout,True,False,41.0,0.167,13.0,31.71,4.0,9.76,0.41700000000000004,0.0,20.69,9.73,17.3,27.03,20.48,16.25,144.0,0.219,29.0,20.14,13.0,9.03,0.589,0.0779999999999999,23.08,9.96,18.27,28.23,20.08,20.57,62.0,0.164,14.0,22.58,5.0,8.06,0.424,0.017999999999999988,20.19,8.2,19.14,27.34,21.58,20.59,125.0,0.204,37.0,29.6,10.0,8.0,0.599,0.123,25.88,11.73,19.48,31.21,28.85,22.42
746135,2024-06-16,2024,605141,R,670167,R,walk,False,True,219.0,0.293,26.0,11.87,35.0,15.98,0.89,0.191,16.06,5.94,20.74,26.68,18.05,9.63,509.0,0.309,85.0,16.7,66.0,12.97,0.949,0.237,17.85,6.92,20.25,27.17,17.64,15.12,62.0,0.164,14.0,22.58,5.0,8.06,0.424,0.017999999999999988,20.19,8.2,19.14,27.34,21.58,20.59,125.0,0.204,37.0,29.6,10.0,8.0,0.599,0.123,25.88,11.73,19.48,31.21,28.85,22.42
746135,2024-06-16,2024,660271,L,669674,L,walk,False,True,103.0,0.305,23.0,22.33,7.0,6.8,0.792,0.137,26.74,12.2,17.8,30.0,25.87,19.33,170.0,0.245,44.0,25.88,27.0,15.88,0.897,0.287,30.62,13.88,13.59,27.47,31.74,23.04,16.0,0.077,4.0,25.0,3.0,18.75,0.327,0.0,27.59,11.94,11.94,23.88,21.62,25.0,76.0,0.27,12.0,15.79,10.0,13.16,0.786,0.1429999999999999,20.98,9.84,17.05,26.89,26.75,11.65
746135,2024-06-16,2024,518692,L,669674,L,field_out,False,False,113.0,0.232,18.0,15.93,11.0,9.73,0.688,0.12599999999999997,21.97,11.67,12.38,24.05,32.06,12.95,218.0,0.335,40.0,18.35,15.0,6.88,1.008,0.2739999999999999,21.54,11.31,11.07,22.38,26.41,16.0,16.0,0.077,4.0,25.0,3.0,18.75,0.327,0.0,27.59,11.94,11.94,23.88,21.62,25.0,76.0,0.27,12.0,15.79,10.0,13.16,0.786,0.1429999999999999,20.98,9.84,17.05,26.89,26.75,11.65
746135,2024-06-16,2024,669004,L,607455,L,field_out,False,False,36.0,0.143,9.0,25.0,1.0,2.78,0.31,0.0,25.0,13.93,11.48,25.41,27.12,27.27,144.0,0.222,48.0,33.33,7.0,4.86,0.597,0.111,39.78,20.52,15.71,36.23,34.2,30.0,19.0,0.176,7.0,36.84,1.0,5.26,0.398,0.0,37.5,17.14,18.57,35.71,25.0,35.0,14.0,0.417,3.0,21.43,1.0,7.14,1.167,0.25,22.86,11.76,16.18,27.94,33.33,11.54
746135,2024-06-16,2024,680118,R,607455,L,strikeout,True,False,32.0,0.31,7.0,21.88,2.0,6.25,0.872,0.20700000000000002,29.85,16.13,15.32,31.45,31.58,15.56,42.0,0.243,17.0,40.48,4.0,9.52,0.819,0.243,37.65,19.28,12.65,31.93,35.79,32.08,36.0,0.207,6.0,16.67,5.0,13.89,0.5820000000000001,0.06900000000000003,19.35,8.63,13.67,22.3,22.39,20.69,21.0,0.25,3.0,14.29,4.0,19.05,0.631,0.0,20.83,10.75,12.9,23.66,31.82,8.82
746135,2024-06-16,2024,641658,R,607455,L,field_out,False,False,54.0,0.292,14.0,25.93,5.0,9.26,0.7749999999999999,0.125,23.4,11.34,13.92,25.26,20.45,28.57,82.0,0.264,22.0,26.83,9.0,10.98,0.707,0.0969999999999999,30.16,12.62,19.93,32.56,26.03,28.95,36.0,0.207,6.0,16.67,5.0,13.89,0.5820000000000001,0.06900000000000003,19.35,8.63,13.67,22.3,22.39,20.69,21.0,0.25,3.0,14.29,4.0,19.05,0.631,0.0,20.83,10.75,12.9,23.66,31.82,8.82
746135,2024-06-16,2024,606192,R,669674,L,strikeout,True,False,79.0,0.267,22.0,27.85,4.0,5.06,0.931,0.36,30.13,16.32,10.07,26.39,28.89,30.56,151.0,0.287,47.0,31.13,5.0,3.31,0.817,0.223,31.76,17.57,12.52,30.09,36.59,25.41,20.0,0.062,5.0,25.0,2.0,10.0,0.22,0.0,34.29,16.22,16.22,32.43,27.5,29.41,123.0,0.288,20.0,16.26,11.0,8.94,0.8,0.162,19.48,9.34,15.35,24.69,32.23,13.79
746135,2024-06-16,2024,681624,R,669674,L,field_out,False,False,51.0,0.354,13.0,25.49,2.0,3.92,0.831,0.10400000000000004,22.22,11.71,13.96,25.68,33.33,17.11,,,,,,,,,,,,,,,20.0,0.062,5.0,25.0,2.0,10.0,0.22,0.0,34.29,16.22,16.22,32.43,27.5,29.41,123.0,0.288,20.0,16.26,11.0,8.94,0.8,0.162,19.48,9.34,15.35,24.69,32.23,13.79
746135,2024-06-16,2024,500743,R,669674,L,field_out,False,False,59.0,0.296,2.0,3.39,5.0,8.47,0.856,0.20400000000000001,12.0,5.48,13.7,19.18,24.56,3.45,145.0,0.286,12.0,8.28,8.0,5.52,0.7370000000000001,0.12,9.75,4.67,17.48,22.15,29.46,10.08,20.0,0.062,5.0,25.0,2.0,10.0,0.22,0.0,34.29,16.22,16.22,32.43,27.5,29.41,123.0,0.288,20.0,16.26,11.0,8.94,0.8,0.162,19.48,9.34,15.35,24.69,32.23,13.79
746135,2024-06-16,2024,672580,R,642232,L,field_out,False,False,63.0,0.271,3.0,4.76,3.0,4.76,0.798,0.22099999999999997,9.35,4.44,20.44,24.89,27.78,4.62,116.0,0.315,21.0,18.1,5.0,4.31,0.79,0.139,16.58,7.23,23.31,30.54,25.87,18.75,119.0,0.26,11.0,9.24,12.0,10.08,0.728,0.11499999999999999,17.06,7.93,14.76,22.69,28.81,8.46,270.0,0.268,47.0,17.41,7.0,2.59,0.716,0.1409999999999999,21.6,10.93,16.14,27.07,32.38,14.69
746135,2024-06-16,2024,677951,R,642232,L,single,False,False,53.0,0.32,9.0,16.98,2.0,3.77,0.8600000000000001,0.2,21.15,10.89,14.85,25.74,37.84,15.0,147.0,0.297,28.0,19.05,7.0,4.76,0.8620000000000001,0.232,24.92,13.58,12.91,26.49,35.1,14.07,119.0,0.26,11.0,9.24,12.0,10.08,0.728,0.11499999999999999,17.06,7.93,14.76,22.69,28.81,8.46,270.0,0.268,47.0,17.41,7.0,2.59,0.716,0.1409999999999999,21.6,10.93,16.14,27.07,32.38,14.69
746135,2024-06-16,2024,686469,L,642232,L,grounded_into_double_play,False,False,55.0,0.28,7.0,12.73,1.0,1.82,0.711,0.13999999999999996,20.0,9.81,19.16,28.97,33.66,10.61,72.0,0.233,8.0,11.11,10.0,13.89,0.697,0.1169999999999999,25.44,10.86,18.35,29.21,25.19,14.29,64.0,0.103,10.0,15.62,2.0,3.12,0.355,0.104,23.39,12.72,15.79,28.51,28.57,15.38,106.0,0.28,20.0,18.87,6.0,5.66,0.771,0.1699999999999999,25.45,13.66,16.1,29.76,37.43,14.39
746135,2024-06-16,2024,624415,L,623433,R,field_out,False,False,120.0,0.182,38.0,31.67,13.0,10.83,0.602,0.10099999999999998,22.99,8.43,24.71,33.14,18.18,22.75,286.0,0.223,69.0,24.13,36.0,12.59,0.7090000000000001,0.149,23.33,9.24,21.47,30.71,15.66,18.6,57.0,0.204,8.0,14.04,7.0,12.28,0.584,0.08199999999999999,26.37,11.27,16.43,27.7,21.82,17.39,58.0,0.14,17.0,29.31,1.0,1.72,0.366,0.0709999999999999,32.46,17.7,20.1,37.8,39.36,23.61
746135,2024-06-16,2024,666158,L,623433,R,strikeout,True,False,173.0,0.225,37.0,21.39,12.0,6.94,0.585,0.08099999999999999,19.13,8.42,19.05,27.47,19.37,18.78,,,,,,,,,,,,,,,57.0,0.204,8.0,14.04,7.0,12.28,0.584,0.08199999999999999,26.37,11.27,16.43,27.7,21.82,17.39,58.0,0.14,17.0,29.31,1.0,1.72,0.366,0.0709999999999999,32.46,17.7,20.1,37.8,39.36,23.61
746135,2024-06-16,2024,605131,R,623433,R,field_out,False,False,41.0,0.167,13.0,31.71,4.0,9.76,0.41700000000000004,0.0,20.69,9.73,17.3,27.03,20.48,16.25,144.0,0.219,29.0,20.14,13.0,9.03,0.589,0.0779999999999999,23.08,9.96,18.27,28.23,20.08,20.57,63.0,0.345,11.0,17.46,7.0,11.11,1.1199999999999999,0.346,16.82,7.38,21.72,29.1,22.33,14.1,85.0,0.297,19.0,22.35,8.0,9.41,0.847,0.189,24.16,10.62,20.94,31.56,23.42,18.63
747023,2024-06-16,2024,656941,L,669203,R,field_out,False,False,190.0,0.196,56.0,29.47,31.0,16.32,0.7250000000000001,0.203,32.92,13.32,15.83,29.15,22.1,24.02,469.0,0.201,128.0,27.29,85.0,18.12,0.848,0.296,31.18,11.75,19.66,31.41,21.53,23.1,137.0,0.144,28.0,20.44,12.0,8.76,0.403,0.04000000000000001,24.18,10.79,18.28,29.07,29.17,17.07,388.0,0.17,112.0,28.87,40.0,10.31,0.515,0.087,29.82,13.15,18.05,31.21,30.03,25.51
747023,2024-06-16,2024,592206,R,669203,R,field_out,False,False,211.0,0.193,42.0,19.91,16.0,7.58,0.558,0.10399999999999998,31.52,18.42,10.25,28.67,39.24,19.35,485.0,0.252,140.0,28.87,25.0,5.15,0.733,0.192,37.06,20.57,11.78,32.36,40.41,25.27,205.0,0.242,54.0,26.34,10.0,4.88,0.666,0.14500000000000002,31.28,15.66,16.17,31.84,35.75,23.08,396.0,0.229,88.0,22.22,26.0,6.57,0.677,0.158,27.84,13.46,15.95,29.41,29.79,18.68
747023,2024-06-16,2024,547180,L,669203,R,single,False,False,174.0,0.274,35.0,20.11,27.0,15.52,0.906,0.247,29.32,14.22,9.73,23.95,33.42,19.55,375.0,0.295,80.0,21.33,60.0,16.0,0.907,0.199,31.39,15.65,8.66,24.31,32.27,20.0,137.0,0.144,28.0,20.44,12.0,8.76,0.403,0.04000000000000001,24.18,10.79,18.28,29.07,29.17,17.07,388.0,0.17,112.0,28.87,40.0,10.31,0.515,0.087,29.82,13.15,18.05,31.21,30.03,25.51
747023,2024-06-16,2024,664761,R,669203,R,walk,False,True,195.0,0.316,29.0,14.87,14.0,7.18,0.869,0.184,18.9,9.0,15.38,24.38,25.08,16.18,445.0,0.263,68.0,15.28,34.0,7.64,0.7010000000000001,0.1139999999999999,17.17,8.27,16.06,24.33,28.14,13.48,205.0,0.242,54.0,26.34,10.0,4.88,0.666,0.14500000000000002,31.28,15.66,16.17,31.84,35.75,23.08,396.0,0.229,88.0,22.22,26.0,6.57,0.677,0.158,27.84,13.46,15.95,29.41,29.79,18.68
747023,2024-06-16,2024,681082,L,669203,R,field_out,False,False,183.0,0.235,25.0,13.66,23.0,12.57,0.7190000000000001,0.15100000000000002,17.13,7.35,21.66,29.01,27.05,11.63,474.0,0.28,76.0,16.03,26.0,5.49,0.753,0.1509999999999999,14.49,6.52,22.08,28.6,28.42,11.93,137.0,0.144,28.0,20.44,12.0,8.76,0.403,0.04000000000000001,24.18,10.79,18.28,29.07,29.17,17.07,388.0,0.17,112.0,28.87,40.0,10.31,0.515,0.087,29.82,13.15,18.05,31.21,30.03,25.51
747023,2024-06-16,2024,683002,L,554430,R,home_run,False,False,215.0,0.268,47.0,21.86,21.0,9.77,0.944,0.32699999999999996,25.13,11.62,14.16,25.79,22.88,23.04,455.0,0.272,117.0,25.71,38.0,8.35,0.885,0.277,25.57,12.07,15.7,27.78,26.4,22.35,181.0,0.225,42.0,23.2,19.0,10.5,0.6839999999999999,0.15,23.89,11.53,14.08,25.6,27.97,17.52,414.0,0.261,90.0,21.74,25.0,6.04,0.722,0.1509999999999999,25.9,13.55,13.11,26.65,30.26,18.82
747023,2024-06-16,2024,668939,L,554430,R,field_out,False,False,202.0,0.228,42.0,20.79,14.0,6.93,0.641,0.13099999999999998,22.02,10.43,19.63,30.06,34.0,17.43,496.0,0.267,80.0,16.13,61.0,12.3,0.778,0.1519999999999999,16.76,6.91,19.7,26.61,24.41,12.54,181.0,0.225,42.0,23.2,19.0,10.5,0.6839999999999999,0.15,23.89,11.53,14.08,25.6,27.97,17.52,414.0,0.261,90.0,21.74,25.0,6.04,0.722,0.1509999999999999,25.9,13.55,13.11,26.65,30.26,18.82
747023,2024-06-16,2024,663624,R,554430,R,strikeout,True,False,193.0,0.272,44.0,22.8,10.0,5.18,0.7889999999999999,0.20599999999999996,23.41,12.82,12.42,25.23,36.72,19.13,310.0,0.235,78.0,25.16,22.0,7.1,0.6399999999999999,0.1139999999999999,29.78,16.05,13.56,29.61,37.06,21.61,163.0,0.128,53.0,32.52,8.0,4.91,0.375,0.067,30.03,15.67,16.61,32.29,37.42,21.99,374.0,0.194,122.0,32.62,14.0,3.74,0.548,0.119,31.51,15.79,15.47,31.25,34.11,22.02
747023,2024-06-16,2024,656811,L,554430,R,field_error,False,False,190.0,0.297,21.0,11.05,15.0,7.89,0.85,0.2,17.41,7.83,17.09,24.93,22.62,12.8,340.0,0.297,74.0,21.76,13.0,3.82,0.802,0.178,22.26,11.29,14.37,25.66,31.15,17.72,181.0,0.225,42.0,23.2,19.0,10.5,0.6839999999999999,0.15,23.89,11.53,14.08,25.6,27.97,17.52,414.0,0.261,90.0,21.74,25.0,6.04,0.722,0.1509999999999999,25.9,13.55,13.11,26.65,30.26,18.82
747023,2024-06-16,2024,623993,L,554430,R,field_out,False,False,205.0,0.214,33.0,16.1,14.0,6.83,0.765,0.273,16.74,9.02,13.29,22.32,40.0,12.79,486.0,0.26,107.0,22.02,31.0,6.38,0.798,0.2229999999999999,22.13,11.37,14.84,26.21,37.22,15.21,181.0,0.225,42.0,23.2,19.0,10.5,0.6839999999999999,0.15,23.89,11.53,14.08,25.6,27.97,17.52,414.0,0.261,90.0,21.74,25.0,6.04,0.722,0.1509999999999999,25.9,13.55,13.11,26.65,30.26,18.82
747023,2024-06-16,2024,624641,R,669203,R,single,False,False,85.0,0.244,24.0,28.24,3.0,3.53,0.6739999999999999,0.14100000000000001,36.56,19.77,12.21,31.98,43.78,21.24,176.0,0.239,41.0,23.3,5.0,2.84,0.669,0.148,29.23,17.12,12.31,29.43,41.96,19.16,205.0,0.242,54.0,26.34,10.0,4.88,0.666,0.14500000000000002,31.28,15.66,16.17,31.84,35.75,23.08,396.0,0.229,88.0,22.22,26.0,6.57,0.677,0.158,27.84,13.46,15.95,29.41,29.79,18.68
747023,2024-06-16,2024,669016,L,669203,R,strikeout,True,False,147.0,0.297,35.0,23.81,17.0,11.56,0.869,0.195,21.84,8.72,18.2,26.91,22.68,16.91,363.0,0.292,101.0,27.82,47.0,12.95,0.864,0.185,25.19,10.97,17.37,28.35,25.74,21.31,137.0,0.144,28.0,20.44,12.0,8.76,0.403,0.04000000000000001,24.18,10.79,18.28,29.07,29.17,17.07,388.0,0.17,112.0,28.87,40.0,10.31,0.515,0.087,29.82,13.15,18.05,31.21,30.03,25.51
747023,2024-06-16,2024,621311,L,669203,R,field_out,False,False,20.0,0.25,4.0,20.0,0.0,0.0,0.9,0.4,17.78,10.81,8.11,18.92,41.03,14.29,9.0,0.111,2.0,22.22,0.0,0.0,0.555,0.333,25.0,12.9,16.13,29.03,33.33,33.33,137.0,0.144,28.0,20.44,12.0,8.76,0.403,0.04000000000000001,24.18,10.79,18.28,29.07,29.17,17.07,388.0,0.17,112.0,28.87,40.0,10.31,0.515,0.087,29.82,13.15,18.05,31.21,30.03,25.51
747023,2024-06-16,2024,596117,L,669203,R,field_out,False,False,47.0,0.209,13.0,27.66,4.0,8.51,0.51,0.02400000000000002,26.51,12.87,22.22,35.09,35.37,27.08,94.0,0.19,22.0,23.4,7.0,7.45,0.5549999999999999,0.0959999999999999,24.71,11.35,19.19,30.54,31.94,18.8,137.0,0.144,28.0,20.44,12.0,8.76,0.403,0.04000000000000001,24.18,10.79,18.28,29.07,29.17,17.07,388.0,0.17,112.0,28.87,40.0,10.31,0.515,0.087,29.82,13.15,18.05,31.21,30.03,25.51
747023,2024-06-16,2024,676059,R,554430,R,single,False,False,204.0,0.301,34.0,16.67,12.0,5.88,0.89,0.23100000000000004,25.32,12.82,15.16,27.98,29.77,13.52,146.0,0.246,33.0,22.6,8.0,5.48,0.6779999999999999,0.142,22.97,11.73,16.25,27.98,29.59,19.76,163.0,0.128,53.0,32.52,8.0,4.91,0.375,0.067,30.03,15.67,16.61,32.29,37.42,21.99,374.0,0.194,122.0,32.62,14.0,3.74,0.548,0.119,31.51,15.79,15.47,31.25,34.11,22.02
747023,2024-06-16,2024,656775,L,554430,R,strikeout,True,False,159.0,0.201,39.0,24.53,12.0,7.55,0.613,0.15299999999999997,19.61,10.14,13.51,23.65,28.33,21.67,336.0,0.233,77.0,22.92,31.0,9.23,0.726,0.1889999999999999,26.24,13.25,14.23,27.48,28.99,18.95,181.0,0.225,42.0,23.2,19.0,10.5,0.6839999999999999,0.15,23.89,11.53,14.08,25.6,27.97,17.52,414.0,0.261,90.0,21.74,25.0,6.04,0.722,0.1509999999999999,25.9,13.55,13.11,26.65,30.26,18.82
747023,2024-06-16,2024,681297,L,554430,R,home_run,False,False,171.0,0.236,48.0,28.07,18.0,10.53,0.775,0.21000000000000002,32.39,14.63,16.48,31.11,24.64,24.12,68.0,0.111,20.0,29.41,12.0,17.65,0.427,0.0369999999999999,26.67,10.98,17.07,28.05,21.51,17.7,181.0,0.225,42.0,23.2,19.0,10.5,0.6839999999999999,0.15,23.89,11.53,14.08,25.6,27.97,17.52,414.0,0.261,90.0,21.74,25.0,6.04,0.722,0.1509999999999999,25.9,13.55,13.11,26.65,30.26,18.82
747023,2024-06-16,2024,602104,R,554430,R,field_out,False,False,72.0,0.25,13.0,18.06,3.0,4.17,0.718,0.176,27.91,13.58,13.58,27.17,25.9,18.06,272.0,0.274,72.0,26.47,17.0,6.25,0.726,0.1169999999999999,29.67,14.82,16.24,31.07,27.7,24.41,163.0,0.128,53.0,32.52,8.0,4.91,0.375,0.067,30.03,15.67,16.61,32.29,37.42,21.99,374.0,0.194,122.0,32.62,14.0,3.74,0.548,0.119,31.51,15.79,15.47,31.25,34.11,22.02
747023,2024-06-16,2024,683002,L,554430,R,strikeout,True,False,215.0,0.268,47.0,21.86,21.0,9.77,0.944,0.32699999999999996,25.13,11.62,14.16,25.79,22.88,23.04,455.0,0.272,117.0,25.71,38.0,8.35,0.885,0.277,25.57,12.07,15.7,27.78,26.4,22.35,181.0,0.225,42.0,23.2,19.0,10.5,0.6839999999999999,0.15,23.89,11.53,14.08,25.6,27.97,17.52,414.0,0.261,90.0,21.74,25.0,6.04,0.722,0.1509999999999999,25.9,13.55,13.11,26.65,30.26,18.82
747023,2024-06-16,2024,656941,L,669203,R,strikeout,True,False,190.0,0.196,56.0,29.47,31.0,16.32,0.7250000000000001,0.203,32.92,13.32,15.83,29.15,22.1,24.02,469.0,0.201,128.0,27.29,85.0,18.12,0.848,0.296,31.18,11.75,19.66,31.41,21.53,23.1,137.0,0.144,28.0,20.44,12.0,8.76,0.403,0.04000000000000001,24.18,10.79,18.28,29.07,29.17,17.07,388.0,0.17,112.0,28.87,40.0,10.31,0.515,0.087,29.82,13.15,18.05,31.21,30.03,25.51
747023,2024-06-16,2024,592206,R,669203,R,strikeout,True,False,211.0,0.193,42.0,19.91,16.0,7.58,0.558,0.10399999999999998,31.52,18.42,10.25,28.67,39.24,19.35,485.0,0.252,140.0,28.87,25.0,5.15,0.733,0.192,37.06,20.57,11.78,32.36,40.41,25.27,205.0,0.242,54.0,26.34,10.0,4.88,0.666,0.14500000000000002,31.28,15.66,16.17,31.84,35.75,23.08,396.0,0.229,88.0,22.22,26.0,6.57,0.677,0.158,27.84,13.46,15.95,29.41,29.79,18.68
747023,2024-06-16,2024,547180,L,669203,R,field_out,False,False,174.0,0.274,35.0,20.11,27.0,15.52,0.906,0.247,29.32,14.22,9.73,23.95,33.42,19.55,375.0,0.295,80.0,21.33,60.0,16.0,0.907,0.199,31.39,15.65,8.66,24.31,32.27,20.0,137.0,0.144,28.0,20.44,12.0,8.76,0.403,0.04000000000000001,24.18,10.79,18.28,29.07,29.17,17.07,388.0,0.17,112.0,28.87,40.0,10.31,0.515,0.087,29.82,13.15,18.05,31.21,30.03,25.51
747023,2024-06-16,2024,668939,L,554430,R,home_run,False,False,202.0,0.228,42.0,20.79,14.0,6.93,0.641,0.13099999999999998,22.02,10.43,19.63,30.06,34.0,17.43,496.0,0.267,80.0,16.13,61.0,12.3,0.778,0.1519999999999999,16.76,6.91,19.7,26.61,24.41,12.54,181.0,0.225,42.0,23.2,19.0,10.5,0.6839999999999999,0.15,23.89,11.53,14.08,25.6,27.97,17.52,414.0,0.261,90.0,21.74,25.0,6.04,0.722,0.1509999999999999,25.9,13.55,13.11,26.65,30.26,18.82
747023,2024-06-16,2024,663624,R,554430,R,field_out,False,False,193.0,0.272,44.0,22.8,10.0,5.18,0.7889999999999999,0.20599999999999996,23.41,12.82,12.42,25.23,36.72,19.13,310.0,0.235,78.0,25.16,22.0,7.1,0.6399999999999999,0.1139999999999999,29.78,16.05,13.56,29.61,37.06,21.61,163.0,0.128,53.0,32.52,8.0,4.91,0.375,0.067,30.03,15.67,16.61,32.29,37.42,21.99,374.0,0.194,122.0,32.62,14.0,3.74,0.548,0.119,31.51,15.79,15.47,31.25,34.11,22.02
747023,2024-06-16,2024,656811,L,554430,R,walk,False,True,190.0,0.297,21.0,11.05,15.0,7.89,0.85,0.2,17.41,7.83,17.09,24.93,22.62,12.8,340.0,0.297,74.0,21.76,13.0,3.82,0.802,0.178,22.26,11.29,14.37,25.66,31.15,17.72,181.0,0.225,42.0,23.2,19.0,10.5,0.6839999999999999,0.15,23.89,11.53,14.08,25.6,27.97,17.52,414.0,0.261,90.0,21.74,25.0,6.04,0.722,0.1509999999999999,25.9,13.55,13.11,26.65,30.26,18.82
747023,2024-06-16,2024,623993,L,554430,R,field_out,False,False,205.0,0.214,33.0,16.1,14.0,6.83,0.765,0.273,16.74,9.02,13.29,22.32,40.0,12.79,486.0,0.26,107.0,22.02,31.0,6.38,0.798,0.2229999999999999,22.13,11.37,14.84,26.21,37.22,15.21,181.0,0.225,42.0,23.2,19.0,10.5,0.6839999999999999,0.15,23.89,11.53,14.08,25.6,27.97,17.52,414.0,0.261,90.0,21.74,25.0,6.04,0.722,0.1509999999999999,25.9,13.55,13.11,26.65,30.26,18.82
747023,2024-06-16,2024,676059,R,554430,R,field_out,False,False,204.0,0.301,34.0,16.67,12.0,5.88,0.89,0.23100000000000004,25.32,12.82,15.16,27.98,29.77,13.52,146.0,0.246,33.0,22.6,8.0,5.48,0.6779999999999999,0.142,22.97,11.73,16.25,27.98,29.59,19.76,163.0,0.128,53.0,32.52,8.0,4.91,0.375,0.067,30.03,15.67,16.61,32.29,37.42,21.99,374.0,0.194,122.0,32.62,14.0,3.74,0.548,0.119,31.51,15.79,15.47,31.25,34.11,22.02
747023,2024-06-16,2024,664761,R,669203,R,single,False,False,195.0,0.316,29.0,14.87,14.0,7.18,0.869,0.184,18.9,9.0,15.38,24.38,25.08,16.18,445.0,0.263,68.0,15.28,34.0,7.64,0.7010000000000001,0.1139999999999999,17.17,8.27,16.06,24.33,28.14,13.48,205.0,0.242,54.0,26.34,10.0,4.88,0.666,0.14500000000000002,31.28,15.66,16.17,31.84,35.75,23.08,396.0,0.229,88.0,22.22,26.0,6.57,0.677,0.158,27.84,13.46,15.95,29.41,29.79,18.68
747023,2024-06-16,2024,681082,L,669203,R,field_out,False,False,183.0,0.235,25.0,13.66,23.0,12.57,0.7190000000000001,0.15100000000000002,17.13,7.35,21.66,29.01,27.05,11.63,474.0,0.28,76.0,16.03,26.0,5.49,0.753,0.1509999999999999,14.49,6.52,22.08,28.6,28.42,11.93,137.0,0.144,28.0,20.44,12.0,8.76,0.403,0.04000000000000001,24.18,10.79,18.28,29.07,29.17,17.07,388.0,0.17,112.0,28.87,40.0,10.31,0.515,0.087,29.82,13.15,18.05,31.21,30.03,25.51
747023,2024-06-16,2024,624641,R,669203,R,strikeout,True,False,85.0,0.244,24.0,28.24,3.0,3.53,0.6739999999999999,0.14100000000000001,36.56,19.77,12.21,31.98,43.78,21.24,176.0,0.239,41.0,23.3,5.0,2.84,0.669,0.148,29.23,17.12,12.31,29.43,41.96,19.16,205.0,0.242,54.0,26.34,10.0,4.88,0.666,0.14500000000000002,31.28,15.66,16.17,31.84,35.75,23.08,396.0,0.229,88.0,22.22,26.0,6.57,0.677,0.158,27.84,13.46,15.95,29.41,29.79,18.68
747023,2024-06-16,2024,669016,L,669203,R,field_out,False,False,147.0,0.297,35.0,23.81,17.0,11.56,0.869,0.195,21.84,8.72,18.2,26.91,22.68,16.91,363.0,0.292,101.0,27.82,47.0,12.95,0.864,0.185,25.19,10.97,17.37,28.35,25.74,21.31,137.0,0.144,28.0,20.44,12.0,8.76,0.403,0.04000000000000001,24.18,10.79,18.28,29.07,29.17,17.07,388.0,0.17,112.0,28.87,40.0,10.31,0.515,0.087,29.82,13.15,18.05,31.21,30.03,25.51
747023,2024-06-16,2024,656775,L,554430,R,field_out,False,False,159.0,0.201,39.0,24.53,12.0,7.55,0.613,0.15299999999999997,19.61,10.14,13.51,23.65,28.33,21.67,336.0,0.233,77.0,22.92,31.0,9.23,0.726,0.1889999999999999,26.24,13.25,14.23,27.48,28.99,18.95,181.0,0.225,42.0,23.2,19.0,10.5,0.6839999999999999,0.15,23.89,11.53,14.08,25.6,27.97,17.52,414.0,0.261,90.0,21.74,25.0,6.04,0.722,0.1509999999999999,25.9,13.55,13.11,26.65,30.26,18.82
747023,2024-06-16,2024,681297,L,554430,R,hit_by_pitch,False,False,171.0,0.236,48.0,28.07,18.0,10.53,0.775,0.21000000000000002,32.39,14.63,16.48,31.11,24.64,24.12,68.0,0.111,20.0,29.41,12.0,17.65,0.427,0.0369999999999999,26.67,10.98,17.07,28.05,21.51,17.7,181.0,0.225,42.0,23.2,19.0,10.5,0.6839999999999999,0.15,23.89,11.53,14.08,25.6,27.97,17.52,414.0,0.261,90.0,21.74,25.0,6.04,0.722,0.1509999999999999,25.9,13.55,13.11,26.65,30.26,18.82
747023,2024-06-16,2024,602104,R,554430,R,single,False,False,72.0,0.25,13.0,18.06,3.0,4.17,0.718,0.176,27.91,13.58,13.58,27.17,25.9,18.06,272.0,0.274,72.0,26.47,17.0,6.25,0.726,0.1169999999999999,29.67,14.82,16.24,31.07,27.7,24.41,163.0,0.128,53.0,32.52,8.0,4.91,0.375,0.067,30.03,15.67,16.61,32.29,37.42,21.99,374.0,0.194,122.0,32.62,14.0,3.74,0.548,0.119,31.51,15.79,15.47,31.25,34.11,22.02
747023,2024-06-16,2024,683002,L,554430,R,field_out,False,False,215.0,0.268,47.0,21.86,21.0,9.77,0.944,0.32699999999999996,25.13,11.62,14.16,25.79,22.88,23.04,455.0,0.272,117.0,25.71,38.0,8.35,0.885,0.277,25.57,12.07,15.7,27.78,26.4,22.35,181.0,0.225,42.0,23.2,19.0,10.5,0.6839999999999999,0.15,23.89,11.53,14.08,25.6,27.97,17.52,414.0,0.261,90.0,21.74,25.0,6.04,0.722,0.1509999999999999,25.9,13.55,13.11,26.65,30.26,18.82
747023,2024-06-16,2024,668939,L,554430,R,strikeout,True,False,202.0,0.228,42.0,20.79,14.0,6.93,0.641,0.13099999999999998,22.02,10.43,19.63,30.06,34.0,17.43,496.0,0.267,80.0,16.13,61.0,12.3,0.778,0.1519999999999999,16.76,6.91,19.7,26.61,24.41,12.54,181.0,0.225,42.0,23.2,19.0,10.5,0.6839999999999999,0.15,23.89,11.53,14.08,25.6,27.97,17.52,414.0,0.261,90.0,21.74,25.0,6.04,0.722,0.1509999999999999,25.9,13.55,13.11,26.65,30.26,18.82
747023,2024-06-16,2024,621311,L,669203,R,strikeout,True,False,20.0,0.25,4.0,20.0,0.0,0.0,0.9,0.4,17.78,10.81,8.11,18.92,41.03,14.29,9.0,0.111,2.0,22.22,0.0,0.0,0.555,0.333,25.0,12.9,16.13,29.03,33.33,33.33,137.0,0.144,28.0,20.44,12.0,8.76,0.403,0.04000000000000001,24.18,10.79,18.28,29.07,29.17,17.07,388.0,0.17,112.0,28.87,40.0,10.31,0.515,0.087,29.82,13.15,18.05,31.21,30.03,25.51
747023,2024-06-16,2024,596117,L,669203,R,single,False,False,47.0,0.209,13.0,27.66,4.0,8.51,0.51,0.02400000000000002,26.51,12.87,22.22,35.09,35.37,27.08,94.0,0.19,22.0,23.4,7.0,7.45,0.5549999999999999,0.0959999999999999,24.71,11.35,19.19,30.54,31.94,18.8,137.0,0.144,28.0,20.44,12.0,8.76,0.403,0.04000000000000001,24.18,10.79,18.28,29.07,29.17,17.07,388.0,0.17,112.0,28.87,40.0,10.31,0.515,0.087,29.82,13.15,18.05,31.21,30.03,25.51
747023,2024-06-16,2024,656941,L,669203,R,double,False,False,190.0,0.196,56.0,29.47,31.0,16.32,0.7250000000000001,0.203,32.92,13.32,15.83,29.15,22.1,24.02,469.0,0.201,128.0,27.29,85.0,18.12,0.848,0.296,31.18,11.75,19.66,31.41,21.53,23.1,137.0,0.144,28.0,20.44,12.0,8.76,0.403,0.04000000000000001,24.18,10.79,18.28,29.07,29.17,17.07,388.0,0.17,112.0,28.87,40.0,10.31,0.515,0.087,29.82,13.15,18.05,31.21,30.03,25.51
747023,2024-06-16,2024,592206,R,669203,R,field_out,False,False,211.0,0.193,42.0,19.91,16.0,7.58,0.558,0.10399999999999998,31.52,18.42,10.25,28.67,39.24,19.35,485.0,0.252,140.0,28.87,25.0,5.15,0.733,0.192,37.06,20.57,11.78,32.36,40.41,25.27,205.0,0.242,54.0,26.34,10.0,4.88,0.666,0.14500000000000002,31.28,15.66,16.17,31.84,35.75,23.08,396.0,0.229,88.0,22.22,26.0,6.57,0.677,0.158,27.84,13.46,15.95,29.41,29.79,18.68
747023,2024-06-16,2024,547180,L,669203,R,walk,False,True,174.0,0.274,35.0,20.11,27.0,15.52,0.906,0.247,29.32,14.22,9.73,23.95,33.42,19.55,375.0,0.295,80.0,21.33,60.0,16.0,0.907,0.199,31.39,15.65,8.66,24.31,32.27,20.0,137.0,0.144,28.0,20.44,12.0,8.76,0.403,0.04000000000000001,24.18,10.79,18.28,29.07,29.17,17.07,388.0,0.17,112.0,28.87,40.0,10.31,0.515,0.087,29.82,13.15,18.05,31.21,30.03,25.51
747023,2024-06-16,2024,664761,R,669203,R,single,False,False,195.0,0.316,29.0,14.87,14.0,7.18,0.869,0.184,18.9,9.0,15.38,24.38,25.08,16.18,445.0,0.263,68.0,15.28,34.0,7.64,0.7010000000000001,0.1139999999999999,17.17,8.27,16.06,24.33,28.14,13.48,205.0,0.242,54.0,26.34,10.0,4.88,0.666,0.14500000000000002,31.28,15.66,16.17,31.84,35.75,23.08,396.0,0.229,88.0,22.22,26.0,6.57,0.677,0.158,27.84,13.46,15.95,29.41,29.79,18.68
747023,2024-06-16,2024,681082,L,669203,R,strikeout,True,False,183.0,0.235,25.0,13.66,23.0,12.57,0.7190000000000001,0.15100000000000002,17.13,7.35,21.66,29.01,27.05,11.63,474.0,0.28,76.0,16.03,26.0,5.49,0.753,0.1509999999999999,14.49,6.52,22.08,28.6,28.42,11.93,137.0,0.144,28.0,20.44,12.0,8.76,0.403,0.04000000000000001,24.18,10.79,18.28,29.07,29.17,17.07,388.0,0.17,112.0,28.87,40.0,10.31,0.515,0.087,29.82,13.15,18.05,31.21,30.03,25.51
747023,2024-06-16,2024,663624,R,554430,R,single,False,False,193.0,0.272,44.0,22.8,10.0,5.18,0.7889999999999999,0.20599999999999996,23.41,12.82,12.42,25.23,36.72,19.13,310.0,0.235,78.0,25.16,22.0,7.1,0.6399999999999999,0.1139999999999999,29.78,16.05,13.56,29.61,37.06,21.61,163.0,0.128,53.0,32.52,8.0,4.91,0.375,0.067,30.03,15.67,16.61,32.29,37.42,21.99,374.0,0.194,122.0,32.62,14.0,3.74,0.548,0.119,31.51,15.79,15.47,31.25,34.11,22.02
747023,2024-06-16,2024,656811,L,554430,R,walk,False,True,190.0,0.297,21.0,11.05,15.0,7.89,0.85,0.2,17.41,7.83,17.09,24.93,22.62,12.8,340.0,0.297,74.0,21.76,13.0,3.82,0.802,0.178,22.26,11.29,14.37,25.66,31.15,17.72,181.0,0.225,42.0,23.2,19.0,10.5,0.6839999999999999,0.15,23.89,11.53,14.08,25.6,27.97,17.52,414.0,0.261,90.0,21.74,25.0,6.04,0.722,0.1509999999999999,25.9,13.55,13.11,26.65,30.26,18.82
747023,2024-06-16,2024,623993,L,554430,R,single,False,False,205.0,0.214,33.0,16.1,14.0,6.83,0.765,0.273,16.74,9.02,13.29,22.32,40.0,12.79,486.0,0.26,107.0,22.02,31.0,6.38,0.798,0.2229999999999999,22.13,11.37,14.84,26.21,37.22,15.21,181.0,0.225,42.0,23.2,19.0,10.5,0.6839999999999999,0.15,23.89,11.53,14.08,25.6,27.97,17.52,414.0,0.261,90.0,21.74,25.0,6.04,0.722,0.1509999999999999,25.9,13.55,13.11,26.65,30.26,18.82
747023,2024-06-16,2024,676059,R,554430,R,home_run,False,False,204.0,0.301,34.0,16.67,12.0,5.88,0.89,0.23100000000000004,25.32,12.82,15.16,27.98,29.77,13.52,146.0,0.246,33.0,22.6,8.0,5.48,0.6779999999999999,0.142,22.97,11.73,16.25,27.98,29.59,19.76,163.0,0.128,53.0,32.52,8.0,4.91,0.375,0.067,30.03,15.67,16.61,32.29,37.42,21.99,374.0,0.194,122.0,32.62,14.0,3.74,0.548,0.119,31.51,15.79,15.47,31.25,34.11,22.02
747023,2024-06-16,2024,656775,L,554430,R,field_out,False,False,159.0,0.201,39.0,24.53,12.0,7.55,0.613,0.15299999999999997,19.61,10.14,13.51,23.65,28.33,21.67,336.0,0.233,77.0,22.92,31.0,9.23,0.726,0.1889999999999999,26.24,13.25,14.23,27.48,28.99,18.95,181.0,0.225,42.0,23.2,19.0,10.5,0.6839999999999999,0.15,23.89,11.53,14.08,25.6,27.97,17.52,414.0,0.261,90.0,21.74,25.0,6.04,0.722,0.1509999999999999,25.9,13.55,13.11,26.65,30.26,18.82
747023,2024-06-16,2024,681297,L,554430,R,single,False,False,171.0,0.236,48.0,28.07,18.0,10.53,0.775,0.21000000000000002,32.39,14.63,16.48,31.11,24.64,24.12,68.0,0.111,20.0,29.41,12.0,17.65,0.427,0.0369999999999999,26.67,10.98,17.07,28.05,21.51,17.7,181.0,0.225,42.0,23.2,19.0,10.5,0.6839999999999999,0.15,23.89,11.53,14.08,25.6,27.97,17.52,414.0,0.261,90.0,21.74,25.0,6.04,0.722,0.1509999999999999,25.9,13.55,13.11,26.65,30.26,18.82
747023,2024-06-16,2024,602104,R,605513,R,field_out,False,False,72.0,0.25,13.0,18.06,3.0,4.17,0.718,0.176,27.91,13.58,13.58,27.17,25.9,18.06,272.0,0.274,72.0,26.47,17.0,6.25,0.726,0.1169999999999999,29.67,14.82,16.24,31.07,27.7,24.41,103.0,0.215,29.0,28.16,9.0,8.74,0.624,0.11800000000000002,28.34,12.07,18.22,30.3,26.58,20.0,66.0,0.259,12.0,18.18,9.0,13.64,0.764,0.1109999999999999,28.45,13.31,18.55,31.85,29.17,15.38
747023,2024-06-16,2024,683002,L,605513,R,strikeout,True,False,215.0,0.268,47.0,21.86,21.0,9.77,0.944,0.32699999999999996,25.13,11.62,14.16,25.79,22.88,23.04,455.0,0.272,117.0,25.71,38.0,8.35,0.885,0.277,25.57,12.07,15.7,27.78,26.4,22.35,85.0,0.171,21.0,24.71,7.0,8.24,0.601,0.171,21.19,8.94,16.76,25.7,23.44,17.95,79.0,0.315,12.0,15.19,6.0,7.59,0.942,0.2599999999999999,16.3,7.14,17.21,24.35,28.93,17.14
747023,2024-06-16,2024,624641,R,669203,R,field_out,False,False,85.0,0.244,24.0,28.24,3.0,3.53,0.6739999999999999,0.14100000000000001,36.56,19.77,12.21,31.98,43.78,21.24,176.0,0.239,41.0,23.3,5.0,2.84,0.669,0.148,29.23,17.12,12.31,29.43,41.96,19.16,205.0,0.242,54.0,26.34,10.0,4.88,0.666,0.14500000000000002,31.28,15.66,16.17,31.84,35.75,23.08,396.0,0.229,88.0,22.22,26.0,6.57,0.677,0.158,27.84,13.46,15.95,29.41,29.79,18.68
747023,2024-06-16,2024,669016,L,669203,R,strikeout,True,False,147.0,0.297,35.0,23.81,17.0,11.56,0.869,0.195,21.84,8.72,18.2,26.91,22.68,16.91,363.0,0.292,101.0,27.82,47.0,12.95,0.864,0.185,25.19,10.97,17.37,28.35,25.74,21.31,137.0,0.144,28.0,20.44,12.0,8.76,0.403,0.04000000000000001,24.18,10.79,18.28,29.07,29.17,17.07,388.0,0.17,112.0,28.87,40.0,10.31,0.515,0.087,29.82,13.15,18.05,31.21,30.03,25.51
747023,2024-06-16,2024,621311,L,669203,R,single,False,False,20.0,0.25,4.0,20.0,0.0,0.0,0.9,0.4,17.78,10.81,8.11,18.92,41.03,14.29,9.0,0.111,2.0,22.22,0.0,0.0,0.555,0.333,25.0,12.9,16.13,29.03,33.33,33.33,137.0,0.144,28.0,20.44,12.0,8.76,0.403,0.04000000000000001,24.18,10.79,18.28,29.07,29.17,17.07,388.0,0.17,112.0,28.87,40.0,10.31,0.515,0.087,29.82,13.15,18.05,31.21,30.03,25.51
747023,2024-06-16,2024,596117,L,669203,R,field_out,False,False,47.0,0.209,13.0,27.66,4.0,8.51,0.51,0.02400000000000002,26.51,12.87,22.22,35.09,35.37,27.08,94.0,0.19,22.0,23.4,7.0,7.45,0.5549999999999999,0.0959999999999999,24.71,11.35,19.19,30.54,31.94,18.8,137.0,0.144,28.0,20.44,12.0,8.76,0.403,0.04000000000000001,24.18,10.79,18.28,29.07,29.17,17.07,388.0,0.17,112.0,28.87,40.0,10.31,0.515,0.087,29.82,13.15,18.05,31.21,30.03,25.51
747023,2024-06-16,2024,668939,L,605513,R,field_out,False,False,202.0,0.228,42.0,20.79,14.0,6.93,0.641,0.13099999999999998,22.02,10.43,19.63,30.06,34.0,17.43,496.0,0.267,80.0,16.13,61.0,12.3,0.778,0.1519999999999999,16.76,6.91,19.7,26.61,24.41,12.54,85.0,0.171,21.0,24.71,7.0,8.24,0.601,0.171,21.19,8.94,16.76,25.7,23.44,17.95,79.0,0.315,12.0,15.19,6.0,7.59,0.942,0.2599999999999999,16.3,7.14,17.21,24.35,28.93,17.14
747023,2024-06-16,2024,663624,R,605513,R,strikeout,True,False,193.0,0.272,44.0,22.8,10.0,5.18,0.7889999999999999,0.20599999999999996,23.41,12.82,12.42,25.23,36.72,19.13,310.0,0.235,78.0,25.16,22.0,7.1,0.6399999999999999,0.1139999999999999,29.78,16.05,13.56,29.61,37.06,21.61,103.0,0.215,29.0,28.16,9.0,8.74,0.624,0.11800000000000002,28.34,12.07,18.22,30.3,26.58,20.0,66.0,0.259,12.0,18.18,9.0,13.64,0.764,0.1109999999999999,28.45,13.31,18.55,31.85,29.17,15.38
747023,2024-06-16,2024,656811,L,605513,R,strikeout,True,False,190.0,0.297,21.0,11.05,15.0,7.89,0.85,0.2,17.41,7.83,17.09,24.93,22.62,12.8,340.0,0.297,74.0,21.76,13.0,3.82,0.802,0.178,22.26,11.29,14.37,25.66,31.15,17.72,85.0,0.171,21.0,24.71,7.0,8.24,0.601,0.171,21.19,8.94,16.76,25.7,23.44,17.95,79.0,0.315,12.0,15.19,6.0,7.59,0.942,0.2599999999999999,16.3,7.14,17.21,24.35,28.93,17.14
747023,2024-06-16,2024,656941,L,672335,L,field_out,False,False,124.0,0.324,33.0,26.61,19.0,15.32,0.903,0.15199999999999997,34.57,12.85,21.34,34.19,18.11,25.58,253.0,0.188,87.0,34.39,41.0,16.21,0.758,0.242,32.04,11.82,21.04,32.86,21.61,24.51,33.0,0.194,8.0,24.24,1.0,3.03,0.532,0.09599999999999997,23.33,11.86,13.56,25.42,35.59,25.81,109.0,0.213,24.0,22.02,13.0,11.93,0.602,0.0739999999999999,21.23,9.38,17.28,26.67,28.02,21.24
747023,2024-06-16,2024,592206,R,672335,L,strikeout,True,False,81.0,0.247,22.0,27.16,4.0,4.94,0.778,0.247,34.15,18.73,12.04,30.77,38.71,25.88,188.0,0.324,45.0,23.94,11.0,5.85,0.93,0.237,31.05,17.91,10.17,28.07,42.3,21.63,46.0,0.25,10.0,21.74,5.0,10.87,0.723,0.125,30.99,14.01,15.92,29.94,25.88,23.81,139.0,0.305,20.0,14.39,14.0,10.07,0.771,0.076,19.11,8.9,16.36,25.26,26.96,15.87
747023,2024-06-16,2024,547180,L,672335,L,double,False,False,111.0,0.28,31.0,27.93,17.0,15.32,0.892,0.22499999999999998,32.74,16.26,11.21,27.47,33.07,23.66,171.0,0.289,39.0,22.81,20.0,11.7,0.884,0.221,38.61,20.03,9.85,29.89,35.59,22.41,33.0,0.194,8.0,24.24,1.0,3.03,0.532,0.09599999999999997,23.33,11.86,13.56,25.42,35.59,25.81,109.0,0.213,24.0,22.02,13.0,11.93,0.602,0.0739999999999999,21.23,9.38,17.28,26.67,28.02,21.24
747023,2024-06-16,2024,664761,R,672335,L,double,False,False,93.0,0.253,10.0,10.75,6.0,6.45,0.7030000000000001,0.14900000000000002,11.32,5.49,14.94,20.43,25.15,11.24,167.0,0.303,26.0,15.57,8.0,4.79,0.929,0.291,20.3,10.86,12.97,23.82,35.24,14.21,46.0,0.25,10.0,21.74,5.0,10.87,0.723,0.125,30.99,14.01,15.92,29.94,25.88,23.81,139.0,0.305,20.0,14.39,14.0,10.07,0.771,0.076,19.11,8.9,16.36,25.26,26.96,15.87
747023,2024-06-16,2024,681082,L,672335,L,field_out,False,False,70.0,0.25,13.0,18.57,9.0,12.86,0.69,0.08300000000000002,15.69,5.78,25.63,31.41,18.25,16.88,167.0,0.282,24.0,14.37,13.0,7.78,0.73,0.101,17.59,7.8,22.11,29.91,32.56,10.39,33.0,0.194,8.0,24.24,1.0,3.03,0.532,0.09599999999999997,23.33,11.86,13.56,25.42,35.59,25.81,109.0,0.213,24.0,22.02,13.0,11.93,0.602,0.0739999999999999,21.23,9.38,17.28,26.67,28.02,21.24
747023,2024-06-16,2024,623993,L,605513,R,field_out,False,False,205.0,0.214,33.0,16.1,14.0,6.83,0.765,0.273,16.74,9.02,13.29,22.32,40.0,12.79,486.0,0.26,107.0,22.02,31.0,6.38,0.798,0.2229999999999999,22.13,11.37,14.84,26.21,37.22,15.21,85.0,0.171,21.0,24.71,7.0,8.24,0.601,0.171,21.19,8.94,16.76,25.7,23.44,17.95,79.0,0.315,12.0,15.19,6.0,7.59,0.942,0.2599999999999999,16.3,7.14,17.21,24.35,28.93,17.14
747023,2024-06-16,2024,676059,R,605513,R,strikeout,True,False,204.0,0.301,34.0,16.67,12.0,5.88,0.89,0.23100000000000004,25.32,12.82,15.16,27.98,29.77,13.52,146.0,0.246,33.0,22.6,8.0,5.48,0.6779999999999999,0.142,22.97,11.73,16.25,27.98,29.59,19.76,103.0,0.215,29.0,28.16,9.0,8.74,0.624,0.11800000000000002,28.34,12.07,18.22,30.3,26.58,20.0,66.0,0.259,12.0,18.18,9.0,13.64,0.764,0.1109999999999999,28.45,13.31,18.55,31.85,29.17,15.38
747023,2024-06-16,2024,656775,L,605513,R,single,False,False,159.0,0.201,39.0,24.53,12.0,7.55,0.613,0.15299999999999997,19.61,10.14,13.51,23.65,28.33,21.67,336.0,0.233,77.0,22.92,31.0,9.23,0.726,0.1889999999999999,26.24,13.25,14.23,27.48,28.99,18.95,85.0,0.171,21.0,24.71,7.0,8.24,0.601,0.171,21.19,8.94,16.76,25.7,23.44,17.95,79.0,0.315,12.0,15.19,6.0,7.59,0.942,0.2599999999999999,16.3,7.14,17.21,24.35,28.93,17.14
747023,2024-06-16,2024,681297,L,605513,R,walk,False,True,171.0,0.236,48.0,28.07,18.0,10.53,0.775,0.21000000000000002,32.39,14.63,16.48,31.11,24.64,24.12,68.0,0.111,20.0,29.41,12.0,17.65,0.427,0.0369999999999999,26.67,10.98,17.07,28.05,21.51,17.7,85.0,0.171,21.0,24.71,7.0,8.24,0.601,0.171,21.19,8.94,16.76,25.7,23.44,17.95,79.0,0.315,12.0,15.19,6.0,7.59,0.942,0.2599999999999999,16.3,7.14,17.21,24.35,28.93,17.14
747023,2024-06-16,2024,602104,R,605513,R,field_out,False,False,72.0,0.25,13.0,18.06,3.0,4.17,0.718,0.176,27.91,13.58,13.58,27.17,25.9,18.06,272.0,0.274,72.0,26.47,17.0,6.25,0.726,0.1169999999999999,29.67,14.82,16.24,31.07,27.7,24.41,103.0,0.215,29.0,28.16,9.0,8.74,0.624,0.11800000000000002,28.34,12.07,18.22,30.3,26.58,20.0,66.0,0.259,12.0,18.18,9.0,13.64,0.764,0.1109999999999999,28.45,13.31,18.55,31.85,29.17,15.38
747023,2024-06-16,2024,624641,R,663989,L,field_out,False,False,54.0,0.34,9.0,16.67,5.0,9.26,1.149,0.38299999999999995,28.57,14.88,12.56,27.44,34.43,15.52,124.0,0.267,33.0,26.61,3.0,2.42,0.792,0.2159999999999999,27.7,16.7,13.23,29.93,44.69,21.29,6.0,0.167,0.0,0.0,0.0,0.0,0.334,0.0,15.38,10.53,15.79,26.32,57.14,0.0,40.0,0.342,5.0,12.5,1.0,2.5,1.007,0.29,19.72,9.79,18.88,28.67,35.38,12.82
747023,2024-06-16,2024,593160,R,663989,L,strikeout,True,False,61.0,0.211,4.0,6.56,3.0,4.92,0.654,0.19300000000000003,16.52,8.72,16.51,25.23,29.29,5.56,147.0,0.259,21.0,14.29,9.0,6.12,0.692,0.134,17.44,9.06,13.12,22.18,31.02,14.19,6.0,0.167,0.0,0.0,0.0,0.0,0.334,0.0,15.38,10.53,15.79,26.32,57.14,0.0,40.0,0.342,5.0,12.5,1.0,2.5,1.007,0.29,19.72,9.79,18.88,28.67,35.38,12.82
747023,2024-06-16,2024,665506,R,663989,L,double,False,False,48.0,0.2,15.0,31.25,8.0,16.67,0.633,0.09999999999999998,29.07,12.56,15.08,27.64,18.81,25.86,57.0,0.314,13.0,22.81,5.0,8.77,0.924,0.235,32.38,15.45,14.09,29.55,25.93,19.4,6.0,0.167,0.0,0.0,0.0,0.0,0.334,0.0,15.38,10.53,15.79,26.32,57.14,0.0,40.0,0.342,5.0,12.5,1.0,2.5,1.007,0.29,19.72,9.79,18.88,28.67,35.38,12.82
747023,2024-06-16,2024,596117,L,663989,L,strikeout,True,False,24.0,0.143,6.0,25.0,3.0,12.5,0.393,0.0,20.51,8.7,20.65,29.35,18.6,16.67,31.0,0.241,7.0,22.58,2.0,6.45,0.5660000000000001,0.035,18.03,8.59,17.97,26.56,28.57,16.67,2.0,0.5,0.0,0.0,0.0,0.0,1.0,0.0,0.0,0.0,0.0,0.0,33.33,,19.0,0.167,4.0,21.05,1.0,5.26,0.433,0.0549999999999999,19.35,9.52,9.52,19.05,22.58,50.0
747023,2024-06-16,2024,683002,L,622554,R,strikeout,True,False,215.0,0.268,47.0,21.86,21.0,9.77,0.944,0.32699999999999996,25.13,11.62,14.16,25.79,22.88,23.04,455.0,0.272,117.0,25.71,38.0,8.35,0.885,0.277,25.57,12.07,15.7,27.78,26.4,22.35,39.0,0.176,8.0,20.51,4.0,10.26,0.488,0.03,16.25,8.07,10.56,18.63,26.25,15.38,78.0,0.299,10.0,12.82,6.0,7.69,0.8480000000000001,0.164,18.71,9.25,13.52,22.78,28.47,11.76
747023,2024-06-16,2024,668939,L,622554,R,strikeout,True,False,202.0,0.228,42.0,20.79,14.0,6.93,0.641,0.13099999999999998,22.02,10.43,19.63,30.06,34.0,17.43,496.0,0.267,80.0,16.13,61.0,12.3,0.778,0.1519999999999999,16.76,6.91,19.7,26.61,24.41,12.54,39.0,0.176,8.0,20.51,4.0,10.26,0.488,0.03,16.25,8.07,10.56,18.63,26.25,15.38,78.0,0.299,10.0,12.82,6.0,7.69,0.8480000000000001,0.164,18.71,9.25,13.52,22.78,28.47,11.76
747023,2024-06-16,2024,663624,R,622554,R,strikeout,True,False,193.0,0.272,44.0,22.8,10.0,5.18,0.7889999999999999,0.20599999999999996,23.41,12.82,12.42,25.23,36.72,19.13,310.0,0.235,78.0,25.16,22.0,7.1,0.6399999999999999,0.1139999999999999,29.78,16.05,13.56,29.61,37.06,21.61,62.0,0.241,14.0,22.58,4.0,6.45,0.721,0.19,25.41,11.74,16.29,28.03,26.36,15.38,146.0,0.219,38.0,26.03,16.0,10.96,0.643,0.109,32.43,16.61,10.55,27.16,28.94,21.11
747023,2024-06-16,2024,656941,L,663989,L,walk,False,True,124.0,0.324,33.0,26.61,19.0,15.32,0.903,0.15199999999999997,34.57,12.85,21.34,34.19,18.11,25.58,253.0,0.188,87.0,34.39,41.0,16.21,0.758,0.242,32.04,11.82,21.04,32.86,21.61,24.51,2.0,0.5,0.0,0.0,0.0,0.0,1.0,0.0,0.0,0.0,0.0,0.0,33.33,,19.0,0.167,4.0,21.05,1.0,5.26,0.433,0.0549999999999999,19.35,9.52,9.52,19.05,22.58,50.0
747023,2024-06-16,2024,592206,R,657097,R,strikeout,True,False,211.0,0.193,42.0,19.91,16.0,7.58,0.558,0.10399999999999998,31.52,18.42,10.25,28.67,39.24,19.35,485.0,0.252,140.0,28.87,25.0,5.15,0.733,0.192,37.06,20.57,11.78,32.36,40.41,25.27,86.0,0.213,18.0,20.93,11.0,12.79,0.634,0.10700000000000001,26.11,12.17,15.43,27.6,24.69,18.0,154.0,0.178,38.0,24.68,15.0,9.74,0.6080000000000001,0.155,31.15,16.29,14.33,30.62,34.71,18.27
747023,2024-06-16,2024,547180,L,657097,R,field_error,False,False,174.0,0.274,35.0,20.11,27.0,15.52,0.906,0.247,29.32,14.22,9.73,23.95,33.42,19.55,375.0,0.295,80.0,21.33,60.0,16.0,0.907,0.199,31.39,15.65,8.66,24.31,32.27,20.0,45.0,0.098,11.0,24.44,4.0,8.89,0.3,0.023999999999999994,32.53,16.77,15.53,32.3,33.33,25.0,78.0,0.246,19.0,24.36,15.0,19.23,0.79,0.147,34.42,16.36,12.04,28.4,29.88,18.27
747023,2024-06-16,2024,664761,R,657097,R,field_out,False,False,195.0,0.316,29.0,14.87,14.0,7.18,0.869,0.184,18.9,9.0,15.38,24.38,25.08,16.18,445.0,0.263,68.0,15.28,34.0,7.64,0.7010000000000001,0.1139999999999999,17.17,8.27,16.06,24.33,28.14,13.48,86.0,0.213,18.0,20.93,11.0,12.79,0.634,0.10700000000000001,26.11,12.17,15.43,27.6,24.69,18.0,154.0,0.178,38.0,24.68,15.0,9.74,0.6080000000000001,0.155,31.15,16.29,14.33,30.62,34.71,18.27
747023,2024-06-16,2024,681082,L,657097,R,field_error,False,False,183.0,0.235,25.0,13.66,23.0,12.57,0.7190000000000001,0.15100000000000002,17.13,7.35,21.66,29.01,27.05,11.63,474.0,0.28,76.0,16.03,26.0,5.49,0.753,0.1509999999999999,14.49,6.52,22.08,28.6,28.42,11.93,45.0,0.098,11.0,24.44,4.0,8.89,0.3,0.023999999999999994,32.53,16.77,15.53,32.3,33.33,25.0,78.0,0.246,19.0,24.36,15.0,19.23,0.79,0.147,34.42,16.36,12.04,28.4,29.88,18.27
747023,2024-06-16,2024,624641,R,666974,R,strikeout,True,False,85.0,0.244,24.0,28.24,3.0,3.53,0.6739999999999999,0.14100000000000001,36.56,19.77,12.21,31.98,43.78,21.24,176.0,0.239,41.0,23.3,5.0,2.84,0.669,0.148,29.23,17.12,12.31,29.43,41.96,19.16,85.0,0.216,26.0,30.59,10.0,11.76,0.642,0.10800000000000001,31.64,15.3,15.85,31.15,35.11,19.4,173.0,0.202,45.0,26.01,6.0,3.47,0.5569999999999999,0.1109999999999999,25.79,12.87,18.68,31.55,32.06,21.84
747108,2024-06-17,2024,663837,R,608331,L,field_out,False,False,68.0,0.281,13.0,19.12,3.0,4.41,0.6679999999999999,0.07799999999999996,14.29,6.62,19.49,26.1,25.93,17.11,147.0,0.264,20.0,13.61,15.0,10.2,0.6990000000000001,0.0929999999999999,14.72,6.63,19.9,26.53,28.37,10.75,243.0,0.158,55.0,22.63,20.0,8.23,0.439,0.04999999999999999,26.1,12.07,16.88,28.95,28.71,19.71,260.0,0.249,65.0,25.0,11.0,4.23,0.6379999999999999,0.1059999999999999,25.83,12.03,16.97,29.0,28.77,22.26
747108,2024-06-17,2024,628451,R,608331,L,strikeout,True,False,62.0,0.351,12.0,19.35,1.0,1.61,0.897,0.17500000000000004,30.08,17.13,11.57,28.7,39.47,22.64,118.0,0.261,24.0,20.34,6.0,5.08,0.8200000000000001,0.262,23.36,12.59,13.85,26.45,37.13,23.53,243.0,0.158,55.0,22.63,20.0,8.23,0.439,0.04999999999999999,26.1,12.07,16.88,28.95,28.71,19.71,260.0,0.249,65.0,25.0,11.0,4.23,0.6379999999999999,0.1059999999999999,25.83,12.03,16.97,29.0,28.77,22.26
747108,2024-06-17,2024,592192,R,608331,L,single,False,False,60.0,0.28,14.0,23.33,9.0,15.0,0.88,0.19999999999999996,25.89,10.28,19.5,29.79,18.25,13.86,168.0,0.264,23.0,13.69,21.0,12.5,0.825,0.2,17.23,7.09,21.84,28.93,23.86,9.54,243.0,0.158,55.0,22.63,20.0,8.23,0.439,0.04999999999999999,26.1,12.07,16.88,28.95,28.71,19.71,260.0,0.249,65.0,25.0,11.0,4.23,0.6379999999999999,0.1059999999999999,25.83,12.03,16.97,29.0,28.77,22.26
747108,2024-06-17,2024,682985,L,608331,L,field_out,False,False,68.0,0.175,19.0,27.94,4.0,5.88,0.557,0.15800000000000003,25.0,11.43,20.71,32.14,24.37,19.0,93.0,0.279,30.0,32.26,7.0,7.53,0.6930000000000001,0.0809999999999999,30.96,15.64,16.92,32.56,32.98,21.74,70.0,0.375,15.0,21.43,4.0,5.71,0.976,0.17200000000000004,23.58,10.36,18.21,28.57,29.79,17.86,52.0,0.205,15.0,28.85,7.0,13.46,0.6000000000000001,0.068,33.67,15.49,15.49,30.99,29.84,25.0
747108,2024-06-17,2024,672284,L,681857,R,field_out,False,False,158.0,0.274,46.0,29.11,10.0,6.33,0.789,0.192,33.85,17.36,14.33,31.69,31.85,22.77,324.0,0.251,105.0,32.41,34.0,10.49,0.738,0.1569999999999999,35.42,16.4,14.8,31.2,29.2,26.99,165.0,0.245,35.0,21.21,15.0,9.09,0.706,0.14,25.95,12.35,15.06,27.41,31.3,16.59,190.0,0.218,50.0,26.32,23.0,12.11,0.687,0.158,25.27,11.11,16.18,27.29,26.16,18.12
747108,2024-06-17,2024,645277,L,681857,R,field_out,False,False,197.0,0.236,35.0,17.77,17.0,8.63,0.6659999999999999,0.11499999999999999,22.4,12.38,9.5,21.88,32.3,12.15,528.0,0.25,89.0,16.86,42.0,7.95,0.8029999999999999,0.235,20.84,11.11,9.82,20.92,33.45,13.94,165.0,0.245,35.0,21.21,15.0,9.09,0.706,0.14,25.95,12.35,15.06,27.41,31.3,16.59,190.0,0.218,50.0,26.32,23.0,12.11,0.687,0.158,25.27,11.11,16.18,27.29,26.16,18.12
747108,2024-06-17,2024,542303,R,681857,R,double,False,False,207.0,0.303,44.0,21.26,19.0,9.18,1.005,0.335,31.01,14.91,13.42,28.32,26.44,19.3,453.0,0.272,109.0,24.06,44.0,9.71,0.882,0.263,27.95,13.42,14.78,28.21,29.59,18.63,138.0,0.258,26.0,18.84,8.0,5.8,0.633,0.07800000000000001,29.0,13.35,17.93,31.27,32.0,19.26,232.0,0.213,53.0,22.84,10.0,4.31,0.621,0.158,29.12,14.08,17.25,31.33,33.69,18.86
747108,2024-06-17,2024,621566,L,681857,R,field_out,False,False,198.0,0.25,51.0,25.76,23.0,11.62,0.773,0.18,28.11,13.83,11.22,25.06,28.42,17.06,540.0,0.294,115.0,21.3,90.0,16.67,1.061,0.351,27.51,12.57,12.32,24.89,25.66,14.92,165.0,0.245,35.0,21.21,15.0,9.09,0.706,0.14,25.95,12.35,15.06,27.41,31.3,16.59,190.0,0.218,50.0,26.32,23.0,12.11,0.687,0.158,25.27,11.11,16.18,27.29,26.16,18.12
747108,2024-06-17,2024,570482,R,608331,L,field_out,False,False,43.0,0.205,8.0,18.6,4.0,9.3,0.51,0.026000000000000023,19.05,10.67,11.33,22.0,38.1,18.6,53.0,0.373,6.0,11.32,1.0,1.89,0.867,0.1169999999999999,13.56,7.96,11.94,19.9,44.55,8.82,243.0,0.158,55.0,22.63,20.0,8.23,0.439,0.04999999999999999,26.1,12.07,16.88,28.95,28.71,19.71,260.0,0.249,65.0,25.0,11.0,4.23,0.6379999999999999,0.1059999999999999,25.83,12.03,16.97,29.0,28.77,22.26
747108,2024-06-17,2024,669234,R,608331,L,strikeout,True,False,7.0,0.2,3.0,42.86,1.0,14.29,0.829,0.2,33.33,12.82,15.38,28.21,14.29,23.08,,,,,,,,,,,,,,,243.0,0.158,55.0,22.63,20.0,8.23,0.439,0.04999999999999999,26.1,12.07,16.88,28.95,28.71,19.71,260.0,0.249,65.0,25.0,11.0,4.23,0.6379999999999999,0.1059999999999999,25.83,12.03,16.97,29.0,28.77,22.26
747108,2024-06-17,2024,690993,L,608331,L,field_out,False,False,25.0,0.217,6.0,24.0,2.0,8.0,0.497,0.0,18.37,9.78,20.65,30.43,31.43,23.08,,,,,,,,,,,,,,,70.0,0.375,15.0,21.43,4.0,5.71,0.976,0.17200000000000004,23.58,10.36,18.21,28.57,29.79,17.86,52.0,0.205,15.0,28.85,7.0,13.46,0.6000000000000001,0.068,33.67,15.49,15.49,30.99,29.84,25.0
747108,2024-06-17,2024,663586,R,681857,R,double,False,False,171.0,0.253,42.0,24.56,14.0,8.19,0.74,0.16299999999999998,29.53,14.96,12.44,27.41,27.43,18.55,566.0,0.28,137.0,24.2,42.0,7.42,0.841,0.2199999999999999,27.71,13.25,15.53,28.77,27.7,18.53,138.0,0.258,26.0,18.84,8.0,5.8,0.633,0.07800000000000001,29.0,13.35,17.93,31.27,32.0,19.26,232.0,0.213,53.0,22.84,10.0,4.31,0.621,0.158,29.12,14.08,17.25,31.33,33.69,18.86
747108,2024-06-17,2024,594807,R,681857,R,strikeout,True,False,87.0,0.084,31.0,35.63,3.0,3.45,0.23399999999999999,0.023999999999999994,27.85,13.41,20.12,33.54,34.38,29.81,260.0,0.248,76.0,29.23,18.0,6.92,0.863,0.303,29.41,13.69,18.97,32.66,32.68,27.44,138.0,0.258,26.0,18.84,8.0,5.8,0.633,0.07800000000000001,29.0,13.35,17.93,31.27,32.0,19.26,232.0,0.213,53.0,22.84,10.0,4.31,0.621,0.158,29.12,14.08,17.25,31.33,33.69,18.86
747108,2024-06-17,2024,669221,R,681857,R,field_out,False,False,37.0,0.206,10.0,27.03,2.0,5.41,0.5940000000000001,0.11800000000000002,30.65,14.07,20.0,34.07,29.85,27.78,337.0,0.245,77.0,22.85,37.0,10.98,0.832,0.2309999999999999,26.79,12.43,15.15,27.58,22.74,18.97,138.0,0.258,26.0,18.84,8.0,5.8,0.633,0.07800000000000001,29.0,13.35,17.93,31.27,32.0,19.26,232.0,0.213,53.0,22.84,10.0,4.31,0.621,0.158,29.12,14.08,17.25,31.33,33.69,18.86
747108,2024-06-17,2024,657088,L,681857,R,strikeout,True,False,,,,,,,,,,,,,,,11.0,0.333,4.0,36.36,2.0,18.18,1.011,0.223,13.04,5.45,21.82,27.27,25.93,16.67,165.0,0.245,35.0,21.21,15.0,9.09,0.706,0.14,25.95,12.35,15.06,27.41,31.3,16.59,190.0,0.218,50.0,26.32,23.0,12.11,0.687,0.158,25.27,11.11,16.18,27.29,26.16,18.12
747108,2024-06-17,2024,668670,R,608331,L,strikeout,True,False,43.0,0.184,11.0,25.58,5.0,11.63,0.595,0.132,34.21,15.38,17.16,32.54,24.72,28.21,108.0,0.235,34.0,31.48,8.0,7.41,0.8600000000000001,0.326,32.64,14.72,17.76,32.48,23.9,29.06,243.0,0.158,55.0,22.63,20.0,8.23,0.439,0.04999999999999999,26.1,12.07,16.88,28.95,28.71,19.71,260.0,0.249,65.0,25.0,11.0,4.23,0.6379999999999999,0.1059999999999999,25.83,12.03,16.97,29.0,28.77,22.26
747108,2024-06-17,2024,668952,R,608331,L,strikeout,True,False,4.0,0.333,0.0,0.0,1.0,25.0,0.833,0.0,0.0,0.0,0.0,0.0,0.0,,9.0,0.111,4.0,44.44,0.0,0.0,0.222,0.0,50.0,26.47,14.71,41.18,33.33,36.36,243.0,0.158,55.0,22.63,20.0,8.23,0.439,0.04999999999999999,26.1,12.07,16.88,28.95,28.71,19.71,260.0,0.249,65.0,25.0,11.0,4.23,0.6379999999999999,0.1059999999999999,25.83,12.03,16.97,29.0,28.77,22.26
747108,2024-06-17,2024,663837,R,608331,L,field_out,False,False,68.0,0.281,13.0,19.12,3.0,4.41,0.6679999999999999,0.07799999999999996,14.29,6.62,19.49,26.1,25.93,17.11,147.0,0.264,20.0,13.61,15.0,10.2,0.6990000000000001,0.0929999999999999,14.72,6.63,19.9,26.53,28.37,10.75,243.0,0.158,55.0,22.63,20.0,8.23,0.439,0.04999999999999999,26.1,12.07,16.88,28.95,28.71,19.71,260.0,0.249,65.0,25.0,11.0,4.23,0.6379999999999999,0.1059999999999999,25.83,12.03,16.97,29.0,28.77,22.26
747108,2024-06-17,2024,606115,R,681857,R,field_out,False,False,197.0,0.238,35.0,17.77,8.0,4.06,0.669,0.16200000000000003,23.43,11.68,15.35,27.04,26.27,18.23,421.0,0.255,78.0,18.53,23.0,5.46,0.6739999999999999,0.12,23.54,11.23,17.09,28.32,27.84,15.98,138.0,0.258,26.0,18.84,8.0,5.8,0.633,0.07800000000000001,29.0,13.35,17.93,31.27,32.0,19.26,232.0,0.213,53.0,22.84,10.0,4.31,0.621,0.158,29.12,14.08,17.25,31.33,33.69,18.86
747108,2024-06-17,2024,672284,L,681857,R,single,False,False,158.0,0.274,46.0,29.11,10.0,6.33,0.789,0.192,33.85,17.36,14.33,31.69,31.85,22.77,324.0,0.251,105.0,32.41,34.0,10.49,0.738,0.1569999999999999,35.42,16.4,14.8,31.2,29.2,26.99,165.0,0.245,35.0,21.21,15.0,9.09,0.706,0.14,25.95,12.35,15.06,27.41,31.3,16.59,190.0,0.218,50.0,26.32,23.0,12.11,0.687,0.158,25.27,11.11,16.18,27.29,26.16,18.12
747108,2024-06-17,2024,645277,L,681857,R,field_out,False,False,197.0,0.236,35.0,17.77,17.0,8.63,0.6659999999999999,0.11499999999999999,22.4,12.38,9.5,21.88,32.3,12.15,528.0,0.25,89.0,16.86,42.0,7.95,0.8029999999999999,0.235,20.84,11.11,9.82,20.92,33.45,13.94,165.0,0.245,35.0,21.21,15.0,9.09,0.706,0.14,25.95,12.35,15.06,27.41,31.3,16.59,190.0,0.218,50.0,26.32,23.0,12.11,0.687,0.158,25.27,11.11,16.18,27.29,26.16,18.12
747108,2024-06-17,2024,542303,R,681857,R,strikeout,True,False,207.0,0.303,44.0,21.26,19.0,9.18,1.005,0.335,31.01,14.91,13.42,28.32,26.44,19.3,453.0,0.272,109.0,24.06,44.0,9.71,0.882,0.263,27.95,13.42,14.78,28.21,29.59,18.63,138.0,0.258,26.0,18.84,8.0,5.8,0.633,0.07800000000000001,29.0,13.35,17.93,31.27,32.0,19.26,232.0,0.213,53.0,22.84,10.0,4.31,0.621,0.158,29.12,14.08,17.25,31.33,33.69,18.86
747108,2024-06-17,2024,628451,R,608331,L,field_out,False,False,62.0,0.351,12.0,19.35,1.0,1.61,0.897,0.17500000000000004,30.08,17.13,11.57,28.7,39.47,22.64,118.0,0.261,24.0,20.34,6.0,5.08,0.8200000000000001,0.262,23.36,12.59,13.85,26.45,37.13,23.53,243.0,0.158,55.0,22.63,20.0,8.23,0.439,0.04999999999999999,26.1,12.07,16.88,28.95,28.71,19.71,260.0,0.249,65.0,25.0,11.0,4.23,0.6379999999999999,0.1059999999999999,25.83,12.03,16.97,29.0,28.77,22.26
747108,2024-06-17,2024,592192,R,608331,L,field_out,False,False,60.0,0.28,14.0,23.33,9.0,15.0,0.88,0.19999999999999996,25.89,10.28,19.5,29.79,18.25,13.86,168.0,0.264,23.0,13.69,21.0,12.5,0.825,0.2,17.23,7.09,21.84,28.93,23.86,9.54,243.0,0.158,55.0,22.63,20.0,8.23,0.439,0.04999999999999999,26.1,12.07,16.88,28.95,28.71,19.71,260.0,0.249,65.0,25.0,11.0,4.23,0.6379999999999999,0.1059999999999999,25.83,12.03,16.97,29.0,28.77,22.26
747108,2024-06-17,2024,682985,L,608331,L,walk,False,True,68.0,0.175,19.0,27.94,4.0,5.88,0.557,0.15800000000000003,25.0,11.43,20.71,32.14,24.37,19.0,93.0,0.279,30.0,32.26,7.0,7.53,0.6930000000000001,0.0809999999999999,30.96,15.64,16.92,32.56,32.98,21.74,70.0,0.375,15.0,21.43,4.0,5.71,0.976,0.17200000000000004,23.58,10.36,18.21,28.57,29.79,17.86,52.0,0.205,15.0,28.85,7.0,13.46,0.6000000000000001,0.068,33.67,15.49,15.49,30.99,29.84,25.0
747108,2024-06-17,2024,570482,R,608331,L,single,False,False,43.0,0.205,8.0,18.6,4.0,9.3,0.51,0.026000000000000023,19.05,10.67,11.33,22.0,38.1,18.6,53.0,0.373,6.0,11.32,1.0,1.89,0.867,0.1169999999999999,13.56,7.96,11.94,19.9,44.55,8.82,243.0,0.158,55.0,22.63,20.0,8.23,0.439,0.04999999999999999,26.1,12.07,16.88,28.95,28.71,19.71,260.0,0.249,65.0,25.0,11.0,4.23,0.6379999999999999,0.1059999999999999,25.83,12.03,16.97,29.0,28.77,22.26
747108,2024-06-17,2024,669234,R,608331,L,walk,False,True,7.0,0.2,3.0,42.86,1.0,14.29,0.829,0.2,33.33,12.82,15.38,28.21,14.29,23.08,,,,,,,,,,,,,,,243.0,0.158,55.0,22.63,20.0,8.23,0.439,0.04999999999999999,26.1,12.07,16.88,28.95,28.71,19.71,260.0,0.249,65.0,25.0,11.0,4.23,0.6379999999999999,0.1059999999999999,25.83,12.03,16.97,29.0,28.77,22.26
747108,2024-06-17,2024,690993,L,608331,L,field_out,False,False,25.0,0.217,6.0,24.0,2.0,8.0,0.497,0.0,18.37,9.78,20.65,30.43,31.43,23.08,,,,,,,,,,,,,,,70.0,0.375,15.0,21.43,4.0,5.71,0.976,0.17200000000000004,23.58,10.36,18.21,28.57,29.79,17.86,52.0,0.205,15.0,28.85,7.0,13.46,0.6000000000000001,0.068,33.67,15.49,15.49,30.99,29.84,25.0
747108,2024-06-17,2024,621566,L,681857,R,field_out,False,False,198.0,0.25,51.0,25.76,23.0,11.62,0.773,0.18,28.11,13.83,11.22,25.06,28.42,17.06,540.0,0.294,115.0,21.3,90.0,16.67,1.061,0.351,27.51,12.57,12.32,24.89,25.66,14.92,165.0,0.245,35.0,21.21,15.0,9.09,0.706,0.14,25.95,12.35,15.06,27.41,31.3,16.59,190.0,0.218,50.0,26.32,23.0,12.11,0.687,0.158,25.27,11.11,16.18,27.29,26.16,18.12
747108,2024-06-17,2024,663586,R,681857,R,field_out,False,False,171.0,0.253,42.0,24.56,14.0,8.19,0.74,0.16299999999999998,29.53,14.96,12.44,27.41,27.43,18.55,566.0,0.28,137.0,24.2,42.0,7.42,0.841,0.2199999999999999,27.71,13.25,15.53,28.77,27.7,18.53,138.0,0.258,26.0,18.84,8.0,5.8,0.633,0.07800000000000001,29.0,13.35,17.93,31.27,32.0,19.26,232.0,0.213,53.0,22.84,10.0,4.31,0.621,0.158,29.12,14.08,17.25,31.33,33.69,18.86
747108,2024-06-17,2024,594807,R,681857,R,field_out,False,False,87.0,0.084,31.0,35.63,3.0,3.45,0.23399999999999999,0.023999999999999994,27.85,13.41,20.12,33.54,34.38,29.81,260.0,0.248,76.0,29.23,18.0,6.92,0.863,0.303,29.41,13.69,18.97,32.66,32.68,27.44,138.0,0.258,26.0,18.84,8.0,5.8,0.633,0.07800000000000001,29.0,13.35,17.93,31.27,32.0,19.26,232.0,0.213,53.0,22.84,10.0,4.31,0.621,0.158,29.12,14.08,17.25,31.33,33.69,18.86
747108,2024-06-17,2024,668670,R,608331,L,strikeout,True,False,43.0,0.184,11.0,25.58,5.0,11.63,0.595,0.132,34.21,15.38,17.16,32.54,24.72,28.21,108.0,0.235,34.0,31.48,8.0,7.41,0.8600000000000001,0.326,32.64,14.72,17.76,32.48,23.9,29.06,243.0,0.158,55.0,22.63,20.0,8.23,0.439,0.04999999999999999,26.1,12.07,16.88,28.95,28.71,19.71,260.0,0.249,65.0,25.0,11.0,4.23,0.6379999999999999,0.1059999999999999,25.83,12.03,16.97,29.0,28.77,22.26
747108,2024-06-17,2024,668952,R,608331,L,field_out,False,False,4.0,0.333,0.0,0.0,1.0,25.0,0.833,0.0,0.0,0.0,0.0,0.0,0.0,,9.0,0.111,4.0,44.44,0.0,0.0,0.222,0.0,50.0,26.47,14.71,41.18,33.33,36.36,243.0,0.158,55.0,22.63,20.0,8.23,0.439,0.04999999999999999,26.1,12.07,16.88,28.95,28.71,19.71,260.0,0.249,65.0,25.0,11.0,4.23,0.6379999999999999,0.1059999999999999,25.83,12.03,16.97,29.0,28.77,22.26
747108,2024-06-17,2024,663837,R,608331,L,field_out,False,False,68.0,0.281,13.0,19.12,3.0,4.41,0.6679999999999999,0.07799999999999996,14.29,6.62,19.49,26.1,25.93,17.11,147.0,0.264,20.0,13.61,15.0,10.2,0.6990000000000001,0.0929999999999999,14.72,6.63,19.9,26.53,28.37,10.75,243.0,0.158,55.0,22.63,20.0,8.23,0.439,0.04999999999999999,26.1,12.07,16.88,28.95,28.71,19.71,260.0,0.249,65.0,25.0,11.0,4.23,0.6379999999999999,0.1059999999999999,25.83,12.03,16.97,29.0,28.77,22.26
747108,2024-06-17,2024,669221,R,681857,R,strikeout,True,False,37.0,0.206,10.0,27.03,2.0,5.41,0.5940000000000001,0.11800000000000002,30.65,14.07,20.0,34.07,29.85,27.78,337.0,0.245,77.0,22.85,37.0,10.98,0.832,0.2309999999999999,26.79,12.43,15.15,27.58,22.74,18.97,138.0,0.258,26.0,18.84,8.0,5.8,0.633,0.07800000000000001,29.0,13.35,17.93,31.27,32.0,19.26,232.0,0.213,53.0,22.84,10.0,4.31,0.621,0.158,29.12,14.08,17.25,31.33,33.69,18.86
747108,2024-06-17,2024,657088,L,681857,R,strikeout,True,False,,,,,,,,,,,,,,,11.0,0.333,4.0,36.36,2.0,18.18,1.011,0.223,13.04,5.45,21.82,27.27,25.93,16.67,165.0,0.245,35.0,21.21,15.0,9.09,0.706,0.14,25.95,12.35,15.06,27.41,31.3,16.59,190.0,0.218,50.0,26.32,23.0,12.11,0.687,0.158,25.27,11.11,16.18,27.29,26.16,18.12
747108,2024-06-17,2024,606115,R,681857,R,single,False,False,197.0,0.238,35.0,17.77,8.0,4.06,0.669,0.16200000000000003,23.43,11.68,15.35,27.04,26.27,18.23,421.0,0.255,78.0,18.53,23.0,5.46,0.6739999999999999,0.12,23.54,11.23,17.09,28.32,27.84,15.98,138.0,0.258,26.0,18.84,8.0,5.8,0.633,0.07800000000000001,29.0,13.35,17.93,31.27,32.0,19.26,232.0,0.213,53.0,22.84,10.0,4.31,0.621,0.158,29.12,14.08,17.25,31.33,33.69,18.86
747108,2024-06-17,2024,672284,L,681857,R,strikeout,True,False,158.0,0.274,46.0,29.11,10.0,6.33,0.789,0.192,33.85,17.36,14.33,31.69,31.85,22.77,324.0,0.251,105.0,32.41,34.0,10.49,0.738,0.1569999999999999,35.42,16.4,14.8,31.2,29.2,26.99,165.0,0.245,35.0,21.21,15.0,9.09,0.706,0.14,25.95,12.35,15.06,27.41,31.3,16.59,190.0,0.218,50.0,26.32,23.0,12.11,0.687,0.158,25.27,11.11,16.18,27.29,26.16,18.12
747108,2024-06-17,2024,628451,R,608331,L,single,False,False,62.0,0.351,12.0,19.35,1.0,1.61,0.897,0.17500000000000004,30.08,17.13,11.57,28.7,39.47,22.64,118.0,0.261,24.0,20.34,6.0,5.08,0.8200000000000001,0.262,23.36,12.59,13.85,26.45,37.13,23.53,243.0,0.158,55.0,22.63,20.0,8.23,0.439,0.04999999999999999,26.1,12.07,16.88,28.95,28.71,19.71,260.0,0.249,65.0,25.0,11.0,4.23,0.6379999999999999,0.1059999999999999,25.83,12.03,16.97,29.0,28.77,22.26
747108,2024-06-17,2024,592192,R,608331,L,walk,False,True,60.0,0.28,14.0,23.33,9.0,15.0,0.88,0.19999999999999996,25.89,10.28,19.5,29.79,18.25,13.86,168.0,0.264,23.0,13.69,21.0,12.5,0.825,0.2,17.23,7.09,21.84,28.93,23.86,9.54,243.0,0.158,55.0,22.63,20.0,8.23,0.439,0.04999999999999999,26.1,12.07,16.88,28.95,28.71,19.71,260.0,0.249,65.0,25.0,11.0,4.23,0.6379999999999999,0.1059999999999999,25.83,12.03,16.97,29.0,28.77,22.26
747108,2024-06-17,2024,682985,L,608331,L,single,False,False,68.0,0.175,19.0,27.94,4.0,5.88,0.557,0.15800000000000003,25.0,11.43,20.71,32.14,24.37,19.0,93.0,0.279,30.0,32.26,7.0,7.53,0.6930000000000001,0.0809999999999999,30.96,15.64,16.92,32.56,32.98,21.74,70.0,0.375,15.0,21.43,4.0,5.71,0.976,0.17200000000000004,23.58,10.36,18.21,28.57,29.79,17.86,52.0,0.205,15.0,28.85,7.0,13.46,0.6000000000000001,0.068,33.67,15.49,15.49,30.99,29.84,25.0
747108,2024-06-17,2024,570482,R,608331,L,strikeout,True,False,43.0,0.205,8.0,18.6,4.0,9.3,0.51,0.026000000000000023,19.05,10.67,11.33,22.0,38.1,18.6,53.0,0.373,6.0,11.32,1.0,1.89,0.867,0.1169999999999999,13.56,7.96,11.94,19.9,44.55,8.82,243.0,0.158,55.0,22.63,20.0,8.23,0.439,0.04999999999999999,26.1,12.07,16.88,28.95,28.71,19.71,260.0,0.249,65.0,25.0,11.0,4.23,0.6379999999999999,0.1059999999999999,25.83,12.03,16.97,29.0,28.77,22.26
747108,2024-06-17,2024,669234,R,445926,R,strikeout,True,False,32.0,0.185,12.0,37.5,4.0,12.5,0.688,0.22199999999999998,37.5,15.33,20.44,35.77,14.52,26.67,,,,,,,,,,,,,,,66.0,0.21,16.0,24.24,2.0,3.03,0.629,0.17700000000000002,25.42,11.32,19.25,30.57,26.12,21.33,78.0,0.243,24.0,30.77,7.0,8.97,0.7210000000000001,0.157,32.85,13.68,23.4,37.08,27.96,23.08
747108,2024-06-17,2024,690993,L,445926,R,strikeout,True,False,193.0,0.233,34.0,17.62,11.0,5.7,0.6020000000000001,0.089,23.17,11.11,16.74,27.85,33.24,18.78,,,,,,,,,,,,,,,48.0,0.231,6.0,12.5,8.0,16.67,0.6439999999999999,0.05099999999999996,7.32,3.09,20.62,23.71,25.25,10.53,67.0,0.155,15.0,22.39,5.0,7.46,0.414,0.0169999999999999,22.33,9.09,20.95,30.04,25.0,22.73
747108,2024-06-17,2024,645277,L,681857,R,strikeout,True,False,197.0,0.236,35.0,17.77,17.0,8.63,0.6659999999999999,0.11499999999999999,22.4,12.38,9.5,21.88,32.3,12.15,528.0,0.25,89.0,16.86,42.0,7.95,0.8029999999999999,0.235,20.84,11.11,9.82,20.92,33.45,13.94,165.0,0.245,35.0,21.21,15.0,9.09,0.706,0.14,25.95,12.35,15.06,27.41,31.3,16.59,190.0,0.218,50.0,26.32,23.0,12.11,0.687,0.158,25.27,11.11,16.18,27.29,26.16,18.12
747108,2024-06-17,2024,542303,R,681857,R,field_out,False,False,207.0,0.303,44.0,21.26,19.0,9.18,1.005,0.335,31.01,14.91,13.42,28.32,26.44,19.3,453.0,0.272,109.0,24.06,44.0,9.71,0.882,0.263,27.95,13.42,14.78,28.21,29.59,18.63,138.0,0.258,26.0,18.84,8.0,5.8,0.633,0.07800000000000001,29.0,13.35,17.93,31.27,32.0,19.26,232.0,0.213,53.0,22.84,10.0,4.31,0.621,0.158,29.12,14.08,17.25,31.33,33.69,18.86
747108,2024-06-17,2024,621566,L,681857,R,strikeout,True,False,198.0,0.25,51.0,25.76,23.0,11.62,0.773,0.18,28.11,13.83,11.22,25.06,28.42,17.06,540.0,0.294,115.0,21.3,90.0,16.67,1.061,0.351,27.51,12.57,12.32,24.89,25.66,14.92,165.0,0.245,35.0,21.21,15.0,9.09,0.706,0.14,25.95,12.35,15.06,27.41,31.3,16.59,190.0,0.218,50.0,26.32,23.0,12.11,0.687,0.158,25.27,11.11,16.18,27.29,26.16,18.12
747108,2024-06-17,2024,668670,R,445926,R,field_out,False,False,99.0,0.223,33.0,33.33,3.0,3.03,0.646,0.16,35.47,16.53,18.97,35.5,25.99,31.13,259.0,0.215,84.0,32.43,20.0,7.72,0.676,0.18,31.32,14.43,18.81,33.23,22.13,28.38,66.0,0.21,16.0,24.24,2.0,3.03,0.629,0.17700000000000002,25.42,11.32,19.25,30.57,26.12,21.33,78.0,0.243,24.0,30.77,7.0,8.97,0.7210000000000001,0.157,32.85,13.68,23.4,37.08,27.96,23.08
747108,2024-06-17,2024,668952,R,445926,R,field_out,False,False,8.0,0.167,3.0,37.5,1.0,12.5,0.45299999999999996,0.0,23.08,8.11,29.73,37.84,15.79,16.67,9.0,0.111,3.0,33.33,0.0,0.0,0.222,0.0,33.33,15.79,28.95,44.74,45.0,21.43,66.0,0.21,16.0,24.24,2.0,3.03,0.629,0.17700000000000002,25.42,11.32,19.25,30.57,26.12,21.33,78.0,0.243,24.0,30.77,7.0,8.97,0.7210000000000001,0.157,32.85,13.68,23.4,37.08,27.96,23.08
747108,2024-06-17,2024,663837,R,445926,R,field_out,False,False,170.0,0.253,38.0,22.35,9.0,5.29,0.796,0.247,20.48,8.73,20.82,29.55,19.93,17.19,383.0,0.26,92.0,24.02,29.0,7.57,0.724,0.14,21.06,9.23,21.95,31.18,28.67,18.31,66.0,0.21,16.0,24.24,2.0,3.03,0.629,0.17700000000000002,25.42,11.32,19.25,30.57,26.12,21.33,78.0,0.243,24.0,30.77,7.0,8.97,0.7210000000000001,0.157,32.85,13.68,23.4,37.08,27.96,23.08
747108,2024-06-17,2024,663586,R,676684,R,double,False,False,171.0,0.253,42.0,24.56,14.0,8.19,0.74,0.16299999999999998,29.53,14.96,12.44,27.41,27.43,18.55,566.0,0.28,137.0,24.2,42.0,7.42,0.841,0.2199999999999999,27.71,13.25,15.53,28.77,27.7,18.53,78.0,0.274,17.0,21.79,3.0,3.85,0.683,0.10999999999999999,25.49,13.54,17.01,30.56,34.13,19.1,114.0,0.215,32.0,28.07,7.0,6.14,0.5529999999999999,0.0749999999999999,27.23,12.59,22.76,35.35,32.97,26.45
747108,2024-06-17,2024,594807,R,676684,R,field_out,False,False,87.0,0.084,31.0,35.63,3.0,3.45,0.23399999999999999,0.023999999999999994,27.85,13.41,20.12,33.54,34.38,29.81,260.0,0.248,76.0,29.23,18.0,6.92,0.863,0.303,29.41,13.69,18.97,32.66,32.68,27.44,78.0,0.274,17.0,21.79,3.0,3.85,0.683,0.10999999999999999,25.49,13.54,17.01,30.56,34.13,19.1,114.0,0.215,32.0,28.07,7.0,6.14,0.5529999999999999,0.0749999999999999,27.23,12.59,22.76,35.35,32.97,26.45
747108,2024-06-17,2024,669221,R,676684,R,field_out,False,False,37.0,0.206,10.0,27.03,2.0,5.41,0.5940000000000001,0.11800000000000002,30.65,14.07,20.0,34.07,29.85,27.78,337.0,0.245,77.0,22.85,37.0,10.98,0.832,0.2309999999999999,26.79,12.43,15.15,27.58,22.74,18.97,78.0,0.274,17.0,21.79,3.0,3.85,0.683,0.10999999999999999,25.49,13.54,17.01,30.56,34.13,19.1,114.0,0.215,32.0,28.07,7.0,6.14,0.5529999999999999,0.0749999999999999,27.23,12.59,22.76,35.35,32.97,26.45
747108,2024-06-17,2024,657088,L,676684,R,single,False,False,,,,,,,,,,,,,,,11.0,0.333,4.0,36.36,2.0,18.18,1.011,0.223,13.04,5.45,21.82,27.27,25.93,16.67,42.0,0.25,5.0,11.9,4.0,9.52,0.5880000000000001,0.028000000000000025,22.22,10.91,15.15,26.06,24.69,10.64,85.0,0.218,24.0,28.24,6.0,7.06,0.646,0.154,21.11,10.24,18.06,28.3,34.72,20.51
747108,2024-06-17,2024,606115,R,676684,R,caught_stealing_2b,False,False,197.0,0.238,35.0,17.77,8.0,4.06,0.669,0.16200000000000003,23.43,11.68,15.35,27.04,26.27,18.23,421.0,0.255,78.0,18.53,23.0,5.46,0.6739999999999999,0.12,23.54,11.23,17.09,28.32,27.84,15.98,78.0,0.274,17.0,21.79,3.0,3.85,0.683,0.10999999999999999,25.49,13.54,17.01,30.56,34.13,19.1,114.0,0.215,32.0,28.07,7.0,6.14,0.5529999999999999,0.0749999999999999,27.23,12.59,22.76,35.35,32.97,26.45
747108,2024-06-17,2024,628451,R,678226,R,field_out,False,False,40.0,0.158,14.0,35.0,2.0,5.0,0.41100000000000003,0.05299999999999999,33.72,18.59,15.38,33.97,41.46,25.93,265.0,0.265,45.0,16.98,18.0,6.79,0.71,0.127,22.24,11.31,15.49,26.81,34.23,16.73,8.0,0.333,0.0,0.0,2.0,25.0,0.833,0.0,10.0,3.12,18.75,21.88,21.05,0.0,8.0,0.714,0.0,0.0,1.0,12.5,1.464,0.0,16.67,10.0,3.33,13.33,47.37,0.0
747108,2024-06-17,2024,592192,R,678226,R,double,False,False,210.0,0.233,42.0,20.0,20.0,9.52,0.6739999999999999,0.11099999999999996,22.26,8.95,23.51,32.46,21.58,17.0,341.0,0.261,56.0,16.42,28.0,8.21,0.721,0.1079999999999999,18.91,7.86,21.98,29.84,23.71,13.49,8.0,0.333,0.0,0.0,2.0,25.0,0.833,0.0,10.0,3.12,18.75,21.88,21.05,0.0,8.0,0.714,0.0,0.0,1.0,12.5,1.464,0.0,16.67,10.0,3.33,13.33,47.37,0.0
747108,2024-06-17,2024,682985,L,678226,R,intent_walk,False,True,234.0,0.276,62.0,26.5,32.0,13.68,0.906,0.252,28.54,11.65,17.84,29.48,21.02,22.88,323.0,0.291,84.0,26.01,28.0,8.67,0.826,0.182,27.26,12.45,16.06,28.52,24.68,20.14,7.0,0.286,3.0,42.86,0.0,0.0,0.572,0.0,45.45,25.0,25.0,50.0,42.86,100.0,12.0,0.1,6.0,50.0,2.0,16.67,0.65,0.3,46.15,22.64,15.09,37.74,33.33,33.33
747108,2024-06-17,2024,570482,R,678226,R,strikeout,True,False,111.0,0.308,14.0,12.61,5.0,4.5,0.755,0.10499999999999998,19.31,9.63,17.53,27.16,32.49,13.21,175.0,0.276,30.0,17.14,9.0,5.14,0.653,0.061,20.55,11.01,13.8,24.82,34.39,12.39,8.0,0.333,0.0,0.0,2.0,25.0,0.833,0.0,10.0,3.12,18.75,21.88,21.05,0.0,8.0,0.714,0.0,0.0,1.0,12.5,1.464,0.0,16.67,10.0,3.33,13.33,47.37,0.0
747108,2024-06-17,2024,668731,L,678226,R,strikeout,True,False,35.0,0.143,7.0,20.0,6.0,17.14,0.643,0.214,31.82,15.44,11.03,26.47,30.14,20.0,347.0,0.218,87.0,25.07,42.0,12.1,0.688,0.158,25.51,11.78,14.66,26.44,24.86,21.97,7.0,0.286,3.0,42.86,0.0,0.0,0.572,0.0,45.45,25.0,25.0,50.0,42.86,100.0,12.0,0.1,6.0,50.0,2.0,16.67,0.65,0.3,46.15,22.64,15.09,37.74,33.33,33.33
747108,2024-06-17,2024,606115,R,571946,R,field_out,False,False,197.0,0.238,35.0,17.77,8.0,4.06,0.669,0.16200000000000003,23.43,11.68,15.35,27.04,26.27,18.23,421.0,0.255,78.0,18.53,23.0,5.46,0.6739999999999999,0.12,23.54,11.23,17.09,28.32,27.84,15.98,45.0,0.263,8.0,17.78,4.0,8.89,0.83,0.21099999999999997,19.48,9.32,14.29,23.6,26.92,22.86,88.0,0.139,19.0,21.59,6.0,6.82,0.424,0.0759999999999999,21.29,9.73,19.47,29.2,26.71,19.59
747108,2024-06-17,2024,672284,L,571946,R,strikeout,True,False,158.0,0.274,46.0,29.11,10.0,6.33,0.789,0.192,33.85,17.36,14.33,31.69,31.85,22.77,324.0,0.251,105.0,32.41,34.0,10.49,0.738,0.1569999999999999,35.42,16.4,14.8,31.2,29.2,26.99,41.0,0.081,12.0,29.27,2.0,4.88,0.257,0.054000000000000006,32.0,15.38,19.23,34.62,31.58,26.67,76.0,0.129,23.0,30.26,13.0,17.11,0.563,0.145,31.54,12.46,19.15,31.61,18.95,25.27
747108,2024-06-17,2024,645277,L,571946,R,home_run,False,False,197.0,0.236,35.0,17.77,17.0,8.63,0.6659999999999999,0.11499999999999999,22.4,12.38,9.5,21.88,32.3,12.15,528.0,0.25,89.0,16.86,42.0,7.95,0.8029999999999999,0.235,20.84,11.11,9.82,20.92,33.45,13.94,41.0,0.081,12.0,29.27,2.0,4.88,0.257,0.054000000000000006,32.0,15.38,19.23,34.62,31.58,26.67,76.0,0.129,23.0,30.26,13.0,17.11,0.563,0.145,31.54,12.46,19.15,31.61,18.95,25.27
747108,2024-06-17,2024,542303,R,571946,R,field_out,False,False,207.0,0.303,44.0,21.26,19.0,9.18,1.005,0.335,31.01,14.91,13.42,28.32,26.44,19.3,453.0,0.272,109.0,24.06,44.0,9.71,0.882,0.263,27.95,13.42,14.78,28.21,29.59,18.63,45.0,0.263,8.0,17.78,4.0,8.89,0.83,0.21099999999999997,19.48,9.32,14.29,23.6,26.92,22.86,88.0,0.139,19.0,21.59,6.0,6.82,0.424,0.0759999999999999,21.29,9.73,19.47,29.2,26.71,19.59
747108,2024-06-17,2024,690993,L,641729,R,field_out,False,False,193.0,0.233,34.0,17.62,11.0,5.7,0.6020000000000001,0.089,23.17,11.11,16.74,27.85,33.24,18.78,,,,,,,,,,,,,,,55.0,0.2,14.0,25.45,5.0,9.09,0.533,0.06,27.62,13.62,18.78,32.39,32.61,20.59,94.0,0.239,26.0,27.66,5.0,5.32,0.72,0.204,32.2,16.22,15.48,31.7,24.86,16.77
747108,2024-06-17,2024,668670,R,641729,R,field_out,False,False,99.0,0.223,33.0,33.33,3.0,3.03,0.646,0.16,35.47,16.53,18.97,35.5,25.99,31.13,259.0,0.215,84.0,32.43,20.0,7.72,0.676,0.18,31.32,14.43,18.81,33.23,22.13,28.38,56.0,0.176,15.0,26.79,5.0,8.93,0.46599999999999997,0.04000000000000001,32.43,16.98,14.62,31.6,31.07,24.59,144.0,0.229,47.0,32.64,9.0,6.25,0.694,0.176,32.23,16.57,16.95,33.52,30.83,29.19
747108,2024-06-17,2024,672761,L,641729,R,strikeout,True,False,153.0,0.246,34.0,22.22,13.0,8.5,0.6930000000000001,0.138,21.98,9.66,20.13,29.79,26.95,17.35,,,,,,,,,,,,,,,55.0,0.2,14.0,25.45,5.0,9.09,0.533,0.06,27.62,13.62,18.78,32.39,32.61,20.59,94.0,0.239,26.0,27.66,5.0,5.32,0.72,0.204,32.2,16.22,15.48,31.7,24.86,16.77
746055,2024-06-17,2024,691026,R,666129,L,strikeout,True,False,84.0,0.256,20.0,23.81,6.0,7.14,0.772,0.20600000000000002,16.67,8.36,17.83,26.18,36.05,17.54,37.0,0.2,7.0,18.92,1.0,2.7,0.445,0.0289999999999999,21.54,10.0,20.0,30.0,25.4,18.92,104.0,0.273,20.0,19.23,2.0,1.92,0.763,0.182,21.74,10.87,16.3,27.17,31.58,17.86,504.0,0.261,117.0,23.21,18.0,3.57,0.748,0.187,24.37,11.75,18.26,30.02,31.19,20.78
746055,2024-06-17,2024,665877,R,666129,L,field_out,False,False,23.0,0.136,3.0,13.04,1.0,4.35,0.31,0.0,8.7,4.17,18.75,22.92,26.32,9.38,19.0,0.176,2.0,10.53,2.0,10.53,0.439,0.0,7.41,3.08,23.08,26.15,30.0,13.33,104.0,0.273,20.0,19.23,2.0,1.92,0.763,0.182,21.74,10.87,16.3,27.17,31.58,17.86,504.0,0.261,117.0,23.21,18.0,3.57,0.748,0.187,24.37,11.75,18.26,30.02,31.19,20.78
746055,2024-06-17,2024,502671,R,666129,L,single,False,False,81.0,0.271,16.0,19.75,8.0,9.88,0.711,0.08599999999999997,21.71,9.4,18.8,28.21,25.15,13.33,170.0,0.295,41.0,24.12,20.0,11.76,0.8260000000000001,0.155,26.26,11.0,20.45,31.45,28.73,20.4,104.0,0.273,20.0,19.23,2.0,1.92,0.763,0.182,21.74,10.87,16.3,27.17,31.58,17.86,504.0,0.261,117.0,23.21,18.0,3.57,0.748,0.187,24.37,11.75,18.26,30.02,31.19,20.78
746055,2024-06-17,2024,571448,R,666129,L,field_out,False,False,65.0,0.23,4.0,6.15,1.0,1.54,0.59,0.11399999999999996,16.81,8.41,18.14,26.55,35.51,7.27,146.0,0.22,20.0,13.7,10.0,6.85,0.662,0.166,19.62,9.73,14.31,24.05,36.88,13.25,104.0,0.273,20.0,19.23,2.0,1.92,0.763,0.182,21.74,10.87,16.3,27.17,31.58,17.86,504.0,0.261,117.0,23.21,18.0,3.57,0.748,0.187,24.37,11.75,18.26,30.02,31.19,20.78
746055,2024-06-17,2024,665862,L,543243,R,single,False,False,189.0,0.257,44.0,23.28,17.0,8.99,0.784,0.199,28.1,13.13,13.64,26.77,30.22,20.18,290.0,0.275,91.0,31.38,20.0,6.9,0.8540000000000001,0.25,35.14,15.36,16.88,32.24,26.1,27.41,128.0,0.243,39.0,30.47,12.0,9.38,0.685,0.122,26.52,11.94,18.59,30.53,25.51,26.53,359.0,0.233,81.0,22.56,28.0,7.8,0.638,0.104,23.05,10.71,17.5,28.21,27.41,21.33
746055,2024-06-17,2024,650559,R,543243,R,grounded_into_double_play,False,False,194.0,0.227,51.0,26.29,16.0,8.25,0.72,0.19899999999999998,32.32,16.28,13.97,30.26,31.37,22.97,473.0,0.251,107.0,22.62,29.0,6.13,0.717,0.1689999999999999,28.95,14.54,15.93,30.47,34.61,18.71,148.0,0.168,52.0,35.14,8.0,5.41,0.504,0.12399999999999997,31.35,15.71,19.28,34.99,32.88,37.96,396.0,0.22,102.0,25.76,27.0,6.82,0.5800000000000001,0.0829999999999999,28.79,13.92,15.72,29.65,29.23,22.8
746055,2024-06-17,2024,605137,L,543243,R,field_out,False,False,194.0,0.263,39.0,20.1,11.0,5.67,0.712,0.126,30.11,16.24,10.13,26.38,29.86,23.75,432.0,0.239,93.0,21.53,39.0,9.03,0.6970000000000001,0.148,24.59,11.57,13.95,25.52,28.11,20.58,128.0,0.243,39.0,30.47,12.0,9.38,0.685,0.122,26.52,11.94,18.59,30.53,25.51,26.53,359.0,0.233,81.0,22.56,28.0,7.8,0.638,0.104,23.05,10.71,17.5,28.21,27.41,21.33
746055,2024-06-17,2024,671056,R,666129,L,single,False,False,58.0,0.255,11.0,18.97,5.0,8.62,0.661,0.07800000000000001,28.57,13.1,16.16,29.26,21.24,17.46,8.0,0.286,1.0,12.5,1.0,12.5,0.661,0.0,6.67,2.94,11.76,14.71,16.67,20.0,104.0,0.273,20.0,19.23,2.0,1.92,0.763,0.182,21.74,10.87,16.3,27.17,31.58,17.86,504.0,0.261,117.0,23.21,18.0,3.57,0.748,0.187,24.37,11.75,18.26,30.02,31.19,20.78
746055,2024-06-17,2024,680977,L,666129,L,field_out,False,False,85.0,0.276,7.0,8.24,4.0,4.71,0.7110000000000001,0.10599999999999998,12.6,5.08,20.63,25.71,19.58,10.0,63.0,0.236,10.0,15.87,6.0,9.52,0.569,0.0,14.29,6.33,19.83,26.16,24.58,15.87,33.0,0.276,8.0,24.24,2.0,6.06,0.709,0.06899999999999995,20.0,7.81,22.66,30.47,19.67,25.81,156.0,0.211,39.0,25.0,11.0,7.05,0.6000000000000001,0.113,28.96,12.56,20.94,33.5,31.17,22.29
746055,2024-06-17,2024,666185,R,666129,L,field_out,False,False,45.0,0.2,9.0,20.0,4.0,8.89,0.514,0.024999999999999994,28.74,14.29,14.29,28.57,28.41,20.45,86.0,0.268,12.0,13.95,12.0,13.95,0.77,0.126,22.46,10.88,12.44,23.32,23.98,9.3,104.0,0.273,20.0,19.23,2.0,1.92,0.763,0.182,21.74,10.87,16.3,27.17,31.58,17.86,504.0,0.261,117.0,23.21,18.0,3.57,0.748,0.187,24.37,11.75,18.26,30.02,31.19,20.78
746055,2024-06-17,2024,686780,R,666129,L,strikeout,True,False,15.0,0.154,2.0,13.33,1.0,6.67,0.43100000000000005,0.07700000000000001,20.0,10.64,14.89,25.53,18.75,20.0,,,,,,,,,,,,,,,104.0,0.273,20.0,19.23,2.0,1.92,0.763,0.182,21.74,10.87,16.3,27.17,31.58,17.86,504.0,0.261,117.0,23.21,18.0,3.57,0.748,0.187,24.37,11.75,18.26,30.02,31.19,20.78
746055,2024-06-17,2024,660821,L,543243,R,field_out,False,False,175.0,0.261,40.0,22.86,10.0,5.71,0.6990000000000001,0.124,25.87,14.19,12.28,26.48,36.53,20.41,353.0,0.258,93.0,26.35,36.0,10.2,0.805,0.21,29.33,14.21,14.01,28.21,30.32,20.53,128.0,0.243,39.0,30.47,12.0,9.38,0.685,0.122,26.52,11.94,18.59,30.53,25.51,26.53,359.0,0.233,81.0,22.56,28.0,7.8,0.638,0.104,23.05,10.71,17.5,28.21,27.41,21.33
746055,2024-06-17,2024,669394,R,543243,R,field_out,False,False,134.0,0.254,37.0,27.61,7.0,5.22,0.728,0.183,27.64,14.53,16.67,31.2,39.34,28.03,402.0,0.247,112.0,27.86,23.0,5.72,0.8,0.249,34.59,18.69,13.25,31.93,39.43,23.09,148.0,0.168,52.0,35.14,8.0,5.41,0.504,0.12399999999999997,31.35,15.71,19.28,34.99,32.88,37.96,396.0,0.22,102.0,25.76,27.0,6.82,0.5800000000000001,0.0829999999999999,28.79,13.92,15.72,29.65,29.23,22.8
746055,2024-06-17,2024,624503,L,543243,R,field_out,False,False,162.0,0.23,36.0,22.22,7.0,4.32,0.616,0.12499999999999997,30.03,18.15,10.1,28.25,44.73,19.35,83.0,0.16,10.0,12.05,1.0,1.2,0.48,0.149,20.99,12.19,10.39,22.58,38.35,12.82,128.0,0.243,39.0,30.47,12.0,9.38,0.685,0.122,26.52,11.94,18.59,30.53,25.51,26.53,359.0,0.233,81.0,22.56,28.0,7.8,0.638,0.104,23.05,10.71,17.5,28.21,27.41,21.33
746055,2024-06-17,2024,672279,L,666129,L,field_out,False,False,53.0,0.109,14.0,26.42,2.0,3.77,0.272,0.0,25.47,13.57,19.1,32.66,34.15,18.42,3.0,0.0,0.0,0.0,1.0,33.33,0.333,0.0,33.33,6.67,20.0,26.67,10.0,0.0,33.0,0.276,8.0,24.24,2.0,6.06,0.709,0.06899999999999995,20.0,7.81,22.66,30.47,19.67,25.81,156.0,0.211,39.0,25.0,11.0,7.05,0.6000000000000001,0.113,28.96,12.56,20.94,33.5,31.17,22.29
746055,2024-06-17,2024,691026,R,666129,L,strikeout,True,False,84.0,0.256,20.0,23.81,6.0,7.14,0.772,0.20600000000000002,16.67,8.36,17.83,26.18,36.05,17.54,37.0,0.2,7.0,18.92,1.0,2.7,0.445,0.0289999999999999,21.54,10.0,20.0,30.0,25.4,18.92,104.0,0.273,20.0,19.23,2.0,1.92,0.763,0.182,21.74,10.87,16.3,27.17,31.58,17.86,504.0,0.261,117.0,23.21,18.0,3.57,0.748,0.187,24.37,11.75,18.26,30.02,31.19,20.78
746055,2024-06-17,2024,665877,R,666129,L,single,False,False,23.0,0.136,3.0,13.04,1.0,4.35,0.31,0.0,8.7,4.17,18.75,22.92,26.32,9.38,19.0,0.176,2.0,10.53,2.0,10.53,0.439,0.0,7.41,3.08,23.08,26.15,30.0,13.33,104.0,0.273,20.0,19.23,2.0,1.92,0.763,0.182,21.74,10.87,16.3,27.17,31.58,17.86,504.0,0.261,117.0,23.21,18.0,3.57,0.748,0.187,24.37,11.75,18.26,30.02,31.19,20.78
746055,2024-06-17,2024,502671,R,666129,L,field_error,False,False,81.0,0.271,16.0,19.75,8.0,9.88,0.711,0.08599999999999997,21.71,9.4,18.8,28.21,25.15,13.33,170.0,0.295,41.0,24.12,20.0,11.76,0.8260000000000001,0.155,26.26,11.0,20.45,31.45,28.73,20.4,104.0,0.273,20.0,19.23,2.0,1.92,0.763,0.182,21.74,10.87,16.3,27.17,31.58,17.86,504.0,0.261,117.0,23.21,18.0,3.57,0.748,0.187,24.37,11.75,18.26,30.02,31.19,20.78
746055,2024-06-17,2024,571448,R,666129,L,field_out,False,False,65.0,0.23,4.0,6.15,1.0,1.54,0.59,0.11399999999999996,16.81,8.41,18.14,26.55,35.51,7.27,146.0,0.22,20.0,13.7,10.0,6.85,0.662,0.166,19.62,9.73,14.31,24.05,36.88,13.25,104.0,0.273,20.0,19.23,2.0,1.92,0.763,0.182,21.74,10.87,16.3,27.17,31.58,17.86,504.0,0.261,117.0,23.21,18.0,3.57,0.748,0.187,24.37,11.75,18.26,30.02,31.19,20.78
746055,2024-06-17,2024,641313,R,543243,R,single,False,False,117.0,0.184,34.0,29.06,2.0,1.71,0.4,0.018000000000000016,30.25,15.62,15.62,31.24,36.6,22.97,396.0,0.226,95.0,23.99,21.0,5.3,0.538,0.04,26.05,13.64,14.67,28.31,36.05,20.88,148.0,0.168,52.0,35.14,8.0,5.41,0.504,0.12399999999999997,31.35,15.71,19.28,34.99,32.88,37.96,396.0,0.22,102.0,25.76,27.0,6.82,0.5800000000000001,0.0829999999999999,28.79,13.92,15.72,29.65,29.23,22.8
746055,2024-06-17,2024,672640,R,543243,R,grounded_into_double_play,False,False,87.0,0.321,14.0,16.09,5.0,5.75,0.8220000000000001,0.14100000000000001,21.52,11.3,13.62,24.92,30.41,17.5,,,,,,,,,,,,,,,148.0,0.168,52.0,35.14,8.0,5.41,0.504,0.12399999999999997,31.35,15.71,19.28,34.99,32.88,37.96,396.0,0.22,102.0,25.76,27.0,6.82,0.5800000000000001,0.0829999999999999,28.79,13.92,15.72,29.65,29.23,22.8
746055,2024-06-17,2024,663743,R,543243,R,field_out,False,False,91.0,0.176,11.0,12.09,3.0,3.3,0.481,0.08300000000000002,9.56,4.13,20.95,25.08,24.18,14.1,241.0,0.165,48.0,19.92,14.0,5.81,0.46,0.064,18.93,8.36,19.79,28.15,25.54,22.43,148.0,0.168,52.0,35.14,8.0,5.41,0.504,0.12399999999999997,31.35,15.71,19.28,34.99,32.88,37.96,396.0,0.22,102.0,25.76,27.0,6.82,0.5800000000000001,0.0829999999999999,28.79,13.92,15.72,29.65,29.23,22.8
746055,2024-06-17,2024,671056,R,666129,L,strikeout,True,False,58.0,0.255,11.0,18.97,5.0,8.62,0.661,0.07800000000000001,28.57,13.1,16.16,29.26,21.24,17.46,8.0,0.286,1.0,12.5,1.0,12.5,0.661,0.0,6.67,2.94,11.76,14.71,16.67,20.0,104.0,0.273,20.0,19.23,2.0,1.92,0.763,0.182,21.74,10.87,16.3,27.17,31.58,17.86,504.0,0.261,117.0,23.21,18.0,3.57,0.748,0.187,24.37,11.75,18.26,30.02,31.19,20.78
746055,2024-06-17,2024,680977,L,666129,L,single,False,False,85.0,0.276,7.0,8.24,4.0,4.71,0.7110000000000001,0.10599999999999998,12.6,5.08,20.63,25.71,19.58,10.0,63.0,0.236,10.0,15.87,6.0,9.52,0.569,0.0,14.29,6.33,19.83,26.16,24.58,15.87,33.0,0.276,8.0,24.24,2.0,6.06,0.709,0.06899999999999995,20.0,7.81,22.66,30.47,19.67,25.81,156.0,0.211,39.0,25.0,11.0,7.05,0.6000000000000001,0.113,28.96,12.56,20.94,33.5,31.17,22.29
746055,2024-06-17,2024,666185,R,666129,L,field_out,False,False,45.0,0.2,9.0,20.0,4.0,8.89,0.514,0.024999999999999994,28.74,14.29,14.29,28.57,28.41,20.45,86.0,0.268,12.0,13.95,12.0,13.95,0.77,0.126,22.46,10.88,12.44,23.32,23.98,9.3,104.0,0.273,20.0,19.23,2.0,1.92,0.763,0.182,21.74,10.87,16.3,27.17,31.58,17.86,504.0,0.261,117.0,23.21,18.0,3.57,0.748,0.187,24.37,11.75,18.26,30.02,31.19,20.78
746055,2024-06-17,2024,686780,R,666129,L,field_out,False,False,15.0,0.154,2.0,13.33,1.0,6.67,0.43100000000000005,0.07700000000000001,20.0,10.64,14.89,25.53,18.75,20.0,,,,,,,,,,,,,,,104.0,0.273,20.0,19.23,2.0,1.92,0.763,0.182,21.74,10.87,16.3,27.17,31.58,17.86,504.0,0.261,117.0,23.21,18.0,3.57,0.748,0.187,24.37,11.75,18.26,30.02,31.19,20.78
746055,2024-06-17,2024,665862,L,543243,R,walk,False,True,189.0,0.257,44.0,23.28,17.0,8.99,0.784,0.199,28.1,13.13,13.64,26.77,30.22,20.18,290.0,0.275,91.0,31.38,20.0,6.9,0.8540000000000001,0.25,35.14,15.36,16.88,32.24,26.1,27.41,128.0,0.243,39.0,30.47,12.0,9.38,0.685,0.122,26.52,11.94,18.59,30.53,25.51,26.53,359.0,0.233,81.0,22.56,28.0,7.8,0.638,0.104,23.05,10.71,17.5,28.21,27.41,21.33
746055,2024-06-17,2024,650559,R,543243,R,field_out,False,False,194.0,0.227,51.0,26.29,16.0,8.25,0.72,0.19899999999999998,32.32,16.28,13.97,30.26,31.37,22.97,473.0,0.251,107.0,22.62,29.0,6.13,0.717,0.1689999999999999,28.95,14.54,15.93,30.47,34.61,18.71,148.0,0.168,52.0,35.14,8.0,5.41,0.504,0.12399999999999997,31.35,15.71,19.28,34.99,32.88,37.96,396.0,0.22,102.0,25.76,27.0,6.82,0.5800000000000001,0.0829999999999999,28.79,13.92,15.72,29.65,29.23,22.8
746055,2024-06-17,2024,605137,L,543243,R,strikeout,True,False,194.0,0.263,39.0,20.1,11.0,5.67,0.712,0.126,30.11,16.24,10.13,26.38,29.86,23.75,432.0,0.239,93.0,21.53,39.0,9.03,0.6970000000000001,0.148,24.59,11.57,13.95,25.52,28.11,20.58,128.0,0.243,39.0,30.47,12.0,9.38,0.685,0.122,26.52,11.94,18.59,30.53,25.51,26.53,359.0,0.233,81.0,22.56,28.0,7.8,0.638,0.104,23.05,10.71,17.5,28.21,27.41,21.33
746055,2024-06-17,2024,672279,L,666129,L,home_run,False,False,53.0,0.109,14.0,26.42,2.0,3.77,0.272,0.0,25.47,13.57,19.1,32.66,34.15,18.42,3.0,0.0,0.0,0.0,1.0,33.33,0.333,0.0,33.33,6.67,20.0,26.67,10.0,0.0,33.0,0.276,8.0,24.24,2.0,6.06,0.709,0.06899999999999995,20.0,7.81,22.66,30.47,19.67,25.81,156.0,0.211,39.0,25.0,11.0,7.05,0.6000000000000001,0.113,28.96,12.56,20.94,33.5,31.17,22.29
746055,2024-06-17,2024,691026,R,666129,L,field_out,False,False,84.0,0.256,20.0,23.81,6.0,7.14,0.772,0.20600000000000002,16.67,8.36,17.83,26.18,36.05,17.54,37.0,0.2,7.0,18.92,1.0,2.7,0.445,0.0289999999999999,21.54,10.0,20.0,30.0,25.4,18.92,104.0,0.273,20.0,19.23,2.0,1.92,0.763,0.182,21.74,10.87,16.3,27.17,31.58,17.86,504.0,0.261,117.0,23.21,18.0,3.57,0.748,0.187,24.37,11.75,18.26,30.02,31.19,20.78
746055,2024-06-17,2024,665877,R,666129,L,field_out,False,False,23.0,0.136,3.0,13.04,1.0,4.35,0.31,0.0,8.7,4.17,18.75,22.92,26.32,9.38,19.0,0.176,2.0,10.53,2.0,10.53,0.439,0.0,7.41,3.08,23.08,26.15,30.0,13.33,104.0,0.273,20.0,19.23,2.0,1.92,0.763,0.182,21.74,10.87,16.3,27.17,31.58,17.86,504.0,0.261,117.0,23.21,18.0,3.57,0.748,0.187,24.37,11.75,18.26,30.02,31.19,20.78
746055,2024-06-17,2024,502671,R,666129,L,strikeout,True,False,81.0,0.271,16.0,19.75,8.0,9.88,0.711,0.08599999999999997,21.71,9.4,18.8,28.21,25.15,13.33,170.0,0.295,41.0,24.12,20.0,11.76,0.8260000000000001,0.155,26.26,11.0,20.45,31.45,28.73,20.4,104.0,0.273,20.0,19.23,2.0,1.92,0.763,0.182,21.74,10.87,16.3,27.17,31.58,17.86,504.0,0.261,117.0,23.21,18.0,3.57,0.748,0.187,24.37,11.75,18.26,30.02,31.19,20.78
746055,2024-06-17,2024,660821,L,543243,R,strikeout,True,False,175.0,0.261,40.0,22.86,10.0,5.71,0.6990000000000001,0.124,25.87,14.19,12.28,26.48,36.53,20.41,353.0,0.258,93.0,26.35,36.0,10.2,0.805,0.21,29.33,14.21,14.01,28.21,30.32,20.53,128.0,0.243,39.0,30.47,12.0,9.38,0.685,0.122,26.52,11.94,18.59,30.53,25.51,26.53,359.0,0.233,81.0,22.56,28.0,7.8,0.638,0.104,23.05,10.71,17.5,28.21,27.41,21.33
746055,2024-06-17,2024,669394,R,543243,R,field_out,False,False,134.0,0.254,37.0,27.61,7.0,5.22,0.728,0.183,27.64,14.53,16.67,31.2,39.34,28.03,402.0,0.247,112.0,27.86,23.0,5.72,0.8,0.249,34.59,18.69,13.25,31.93,39.43,23.09,148.0,0.168,52.0,35.14,8.0,5.41,0.504,0.12399999999999997,31.35,15.71,19.28,34.99,32.88,37.96,396.0,0.22,102.0,25.76,27.0,6.82,0.5800000000000001,0.0829999999999999,28.79,13.92,15.72,29.65,29.23,22.8
746055,2024-06-17,2024,624503,L,543243,R,field_out,False,False,162.0,0.23,36.0,22.22,7.0,4.32,0.616,0.12499999999999997,30.03,18.15,10.1,28.25,44.73,19.35,83.0,0.16,10.0,12.05,1.0,1.2,0.48,0.149,20.99,12.19,10.39,22.58,38.35,12.82,128.0,0.243,39.0,30.47,12.0,9.38,0.685,0.122,26.52,11.94,18.59,30.53,25.51,26.53,359.0,0.233,81.0,22.56,28.0,7.8,0.638,0.104,23.05,10.71,17.5,28.21,27.41,21.33
746055,2024-06-17,2024,571448,R,666129,L,field_out,False,False,65.0,0.23,4.0,6.15,1.0,1.54,0.59,0.11399999999999996,16.81,8.41,18.14,26.55,35.51,7.27,146.0,0.22,20.0,13.7,10.0,6.85,0.662,0.166,19.62,9.73,14.31,24.05,36.88,13.25,104.0,0.273,20.0,19.23,2.0,1.92,0.763,0.182,21.74,10.87,16.3,27.17,31.58,17.86,504.0,0.261,117.0,23.21,18.0,3.57,0.748,0.187,24.37,11.75,18.26,30.02,31.19,20.78
746055,2024-06-17,2024,671056,R,666129,L,strikeout,True,False,58.0,0.255,11.0,18.97,5.0,8.62,0.661,0.07800000000000001,28.57,13.1,16.16,29.26,21.24,17.46,8.0,0.286,1.0,12.5,1.0,12.5,0.661,0.0,6.67,2.94,11.76,14.71,16.67,20.0,104.0,0.273,20.0,19.23,2.0,1.92,0.763,0.182,21.74,10.87,16.3,27.17,31.58,17.86,504.0,0.261,117.0,23.21,18.0,3.57,0.748,0.187,24.37,11.75,18.26,30.02,31.19,20.78
746055,2024-06-17,2024,680977,L,666129,L,field_out,False,False,85.0,0.276,7.0,8.24,4.0,4.71,0.7110000000000001,0.10599999999999998,12.6,5.08,20.63,25.71,19.58,10.0,63.0,0.236,10.0,15.87,6.0,9.52,0.569,0.0,14.29,6.33,19.83,26.16,24.58,15.87,33.0,0.276,8.0,24.24,2.0,6.06,0.709,0.06899999999999995,20.0,7.81,22.66,30.47,19.67,25.81,156.0,0.211,39.0,25.0,11.0,7.05,0.6000000000000001,0.113,28.96,12.56,20.94,33.5,31.17,22.29
746055,2024-06-17,2024,641313,R,543243,R,single,False,False,117.0,0.184,34.0,29.06,2.0,1.71,0.4,0.018000000000000016,30.25,15.62,15.62,31.24,36.6,22.97,396.0,0.226,95.0,23.99,21.0,5.3,0.538,0.04,26.05,13.64,14.67,28.31,36.05,20.88,148.0,0.168,52.0,35.14,8.0,5.41,0.504,0.12399999999999997,31.35,15.71,19.28,34.99,32.88,37.96,396.0,0.22,102.0,25.76,27.0,6.82,0.5800000000000001,0.0829999999999999,28.79,13.92,15.72,29.65,29.23,22.8
746055,2024-06-17,2024,672640,R,543243,R,field_out,False,False,87.0,0.321,14.0,16.09,5.0,5.75,0.8220000000000001,0.14100000000000001,21.52,11.3,13.62,24.92,30.41,17.5,,,,,,,,,,,,,,,148.0,0.168,52.0,35.14,8.0,5.41,0.504,0.12399999999999997,31.35,15.71,19.28,34.99,32.88,37.96,396.0,0.22,102.0,25.76,27.0,6.82,0.5800000000000001,0.0829999999999999,28.79,13.92,15.72,29.65,29.23,22.8
746055,2024-06-17,2024,663743,R,543243,R,field_out,False,False,91.0,0.176,11.0,12.09,3.0,3.3,0.481,0.08300000000000002,9.56,4.13,20.95,25.08,24.18,14.1,241.0,0.165,48.0,19.92,14.0,5.81,0.46,0.064,18.93,8.36,19.79,28.15,25.54,22.43,148.0,0.168,52.0,35.14,8.0,5.41,0.504,0.12399999999999997,31.35,15.71,19.28,34.99,32.88,37.96,396.0,0.22,102.0,25.76,27.0,6.82,0.5800000000000001,0.0829999999999999,28.79,13.92,15.72,29.65,29.23,22.8
746055,2024-06-17,2024,665862,L,543243,R,triple,False,False,189.0,0.257,44.0,23.28,17.0,8.99,0.784,0.199,28.1,13.13,13.64,26.77,30.22,20.18,290.0,0.275,91.0,31.38,20.0,6.9,0.8540000000000001,0.25,35.14,15.36,16.88,32.24,26.1,27.41,128.0,0.243,39.0,30.47,12.0,9.38,0.685,0.122,26.52,11.94,18.59,30.53,25.51,26.53,359.0,0.233,81.0,22.56,28.0,7.8,0.638,0.104,23.05,10.71,17.5,28.21,27.41,21.33
746055,2024-06-17,2024,650559,R,543243,R,field_out,False,False,194.0,0.227,51.0,26.29,16.0,8.25,0.72,0.19899999999999998,32.32,16.28,13.97,30.26,31.37,22.97,473.0,0.251,107.0,22.62,29.0,6.13,0.717,0.1689999999999999,28.95,14.54,15.93,30.47,34.61,18.71,148.0,0.168,52.0,35.14,8.0,5.41,0.504,0.12399999999999997,31.35,15.71,19.28,34.99,32.88,37.96,396.0,0.22,102.0,25.76,27.0,6.82,0.5800000000000001,0.0829999999999999,28.79,13.92,15.72,29.65,29.23,22.8
746055,2024-06-17,2024,666185,L,623211,R,strikeout,True,False,33.0,0.167,11.0,33.33,2.0,6.06,0.442,0.033,38.24,18.31,15.49,33.8,22.73,23.4,170.0,0.196,37.0,21.76,14.0,8.24,0.592,0.1079999999999999,22.71,10.14,18.91,29.05,25.44,21.14,25.0,0.158,2.0,8.0,6.0,24.0,0.518,0.0,25.0,10.1,12.12,22.22,21.05,9.52,96.0,0.298,19.0,19.79,11.0,11.46,0.815,0.142,31.52,15.03,14.45,29.48,33.7,20.43
746055,2024-06-17,2024,686780,R,623211,R,strikeout,True,False,31.0,0.12,10.0,32.26,5.0,16.13,0.618,0.24,22.22,10.77,18.46,29.23,31.82,23.81,,,,,,,,,,,,,,,22.0,0.158,5.0,22.73,2.0,9.09,0.43100000000000005,0.0,21.82,12.63,12.63,25.26,38.64,15.15,161.0,0.209,46.0,28.57,20.0,12.42,0.618,0.0819999999999999,31.65,14.73,15.91,30.63,34.11,20.72
746055,2024-06-17,2024,672279,L,623211,R,field_out,False,False,99.0,0.258,26.0,26.26,5.0,5.05,0.632,0.07900000000000001,29.51,14.52,18.28,32.8,28.74,23.64,3.0,0.0,1.0,33.33,0.0,0.0,0.0,0.0,40.0,14.29,21.43,35.71,0.0,50.0,25.0,0.158,2.0,8.0,6.0,24.0,0.518,0.0,25.0,10.1,12.12,22.22,21.05,9.52,96.0,0.298,19.0,19.79,11.0,11.46,0.815,0.142,31.52,15.03,14.45,29.48,33.7,20.43
746055,2024-06-17,2024,605137,L,543243,R,field_out,False,False,194.0,0.263,39.0,20.1,11.0,5.67,0.712,0.126,30.11,16.24,10.13,26.38,29.86,23.75,432.0,0.239,93.0,21.53,39.0,9.03,0.6970000000000001,0.148,24.59,11.57,13.95,25.52,28.11,20.58,128.0,0.243,39.0,30.47,12.0,9.38,0.685,0.122,26.52,11.94,18.59,30.53,25.51,26.53,359.0,0.233,81.0,22.56,28.0,7.8,0.638,0.104,23.05,10.71,17.5,28.21,27.41,21.33
746055,2024-06-17,2024,660821,L,543243,R,double,False,False,175.0,0.261,40.0,22.86,10.0,5.71,0.6990000000000001,0.124,25.87,14.19,12.28,26.48,36.53,20.41,353.0,0.258,93.0,26.35,36.0,10.2,0.805,0.21,29.33,14.21,14.01,28.21,30.32,20.53,128.0,0.243,39.0,30.47,12.0,9.38,0.685,0.122,26.52,11.94,18.59,30.53,25.51,26.53,359.0,0.233,81.0,22.56,28.0,7.8,0.638,0.104,23.05,10.71,17.5,28.21,27.41,21.33
746055,2024-06-17,2024,669394,R,543243,R,field_out,False,False,134.0,0.254,37.0,27.61,7.0,5.22,0.728,0.183,27.64,14.53,16.67,31.2,39.34,28.03,402.0,0.247,112.0,27.86,23.0,5.72,0.8,0.249,34.59,18.69,13.25,31.93,39.43,23.09,148.0,0.168,52.0,35.14,8.0,5.41,0.504,0.12399999999999997,31.35,15.71,19.28,34.99,32.88,37.96,396.0,0.22,102.0,25.76,27.0,6.82,0.5800000000000001,0.0829999999999999,28.79,13.92,15.72,29.65,29.23,22.8
746055,2024-06-17,2024,624503,L,543243,R,strikeout,True,False,162.0,0.23,36.0,22.22,7.0,4.32,0.616,0.12499999999999997,30.03,18.15,10.1,28.25,44.73,19.35,83.0,0.16,10.0,12.05,1.0,1.2,0.48,0.149,20.99,12.19,10.39,22.58,38.35,12.82,128.0,0.243,39.0,30.47,12.0,9.38,0.685,0.122,26.52,11.94,18.59,30.53,25.51,26.53,359.0,0.233,81.0,22.56,28.0,7.8,0.638,0.104,23.05,10.71,17.5,28.21,27.41,21.33
746055,2024-06-17,2024,691026,R,676534,R,single,False,False,157.0,0.314,26.0,16.56,11.0,7.01,0.748,0.07900000000000001,16.01,7.56,18.36,25.93,29.55,12.81,100.0,0.161,19.0,19.0,9.0,9.0,0.478,0.0799999999999999,21.56,9.11,22.03,31.14,24.87,14.88,67.0,0.254,14.0,20.9,5.0,7.46,0.645,0.068,26.67,11.94,13.43,25.37,20.59,16.47,76.0,0.265,19.0,25.0,8.0,10.53,0.827,0.2199999999999999,25.16,12.27,15.95,28.22,27.98,15.97
746055,2024-06-17,2024,669357,L,676534,R,strikeout,True,False,175.0,0.218,62.0,35.43,18.0,10.29,0.767,0.25,39.43,19.38,14.61,33.99,29.56,26.84,378.0,0.231,124.0,32.8,42.0,11.11,0.7969999999999999,0.2459999999999999,35.96,17.73,12.12,29.85,28.13,25.15,36.0,0.233,11.0,30.56,6.0,16.67,0.794,0.19999999999999998,26.09,10.98,17.07,28.05,24.69,17.19,44.0,0.333,6.0,13.64,4.0,9.09,0.819,0.0769999999999999,19.05,8.42,18.95,27.37,21.98,8.96
746055,2024-06-17,2024,502671,R,676534,R,walk,False,True,218.0,0.211,70.0,32.11,17.0,7.8,0.623,0.13599999999999998,29.18,13.94,18.62,32.55,30.2,19.88,518.0,0.259,120.0,23.17,67.0,12.93,0.8049999999999999,0.187,27.85,12.3,17.85,30.16,25.85,17.44,67.0,0.254,14.0,20.9,5.0,7.46,0.645,0.068,26.67,11.94,13.43,25.37,20.59,16.47,76.0,0.265,19.0,25.0,8.0,10.53,0.827,0.2199999999999999,25.16,12.27,15.95,28.22,27.98,15.97
746055,2024-06-17,2024,571448,R,676534,R,field_out,False,False,223.0,0.271,43.0,19.28,19.0,8.52,0.728,0.121,21.97,9.69,20.27,29.96,30.46,16.35,468.0,0.28,81.0,17.31,31.0,6.62,0.8089999999999999,0.2009999999999999,20.4,9.71,17.28,26.99,33.33,16.43,67.0,0.254,14.0,20.9,5.0,7.46,0.645,0.068,26.67,11.94,13.43,25.37,20.59,16.47,76.0,0.265,19.0,25.0,8.0,10.53,0.827,0.2199999999999999,25.16,12.27,15.95,28.22,27.98,15.97
746055,2024-06-17,2024,671056,R,676534,R,triple,False,False,125.0,0.283,27.0,21.6,9.0,7.2,0.72,0.09800000000000003,25.0,10.82,19.8,30.61,29.8,18.62,36.0,0.3,10.0,27.78,4.0,11.11,0.784,0.067,28.57,12.05,14.46,26.51,27.08,17.31,67.0,0.254,14.0,20.9,5.0,7.46,0.645,0.068,26.67,11.94,13.43,25.37,20.59,16.47,76.0,0.265,19.0,25.0,8.0,10.53,0.827,0.2199999999999999,25.16,12.27,15.95,28.22,27.98,15.97
746055,2024-06-17,2024,680977,L,676534,R,single,False,False,200.0,0.232,32.0,16.0,16.0,8.0,0.6819999999999999,0.13499999999999998,16.82,6.93,20.15,27.09,23.24,14.55,309.0,0.294,43.0,13.92,27.0,8.74,0.831,0.166,14.96,6.32,19.2,25.52,22.53,13.27,36.0,0.233,11.0,30.56,6.0,16.67,0.794,0.19999999999999998,26.09,10.98,17.07,28.05,24.69,17.19,44.0,0.333,6.0,13.64,4.0,9.09,0.819,0.0769999999999999,19.05,8.42,18.95,27.37,21.98,8.96
746055,2024-06-17,2024,666185,L,676534,R,walk,False,True,33.0,0.167,11.0,33.33,2.0,6.06,0.442,0.033,38.24,18.31,15.49,33.8,22.73,23.4,170.0,0.196,37.0,21.76,14.0,8.24,0.592,0.1079999999999999,22.71,10.14,18.91,29.05,25.44,21.14,36.0,0.233,11.0,30.56,6.0,16.67,0.794,0.19999999999999998,26.09,10.98,17.07,28.05,24.69,17.19,44.0,0.333,6.0,13.64,4.0,9.09,0.819,0.0769999999999999,19.05,8.42,18.95,27.37,21.98,8.96
746055,2024-06-17,2024,686780,R,592288,L,field_out,False,False,15.0,0.154,2.0,13.33,1.0,6.67,0.43100000000000005,0.07700000000000001,20.0,10.64,14.89,25.53,18.75,20.0,,,,,,,,,,,,,,,22.0,0.421,2.0,9.09,3.0,13.64,1.553,0.6319999999999999,14.29,6.25,17.5,23.75,22.22,8.33,,,,,,,,,,,,,,
746055,2024-06-17,2024,641313,R,543243,R,strikeout,True,False,117.0,0.184,34.0,29.06,2.0,1.71,0.4,0.018000000000000016,30.25,15.62,15.62,31.24,36.6,22.97,396.0,0.226,95.0,23.99,21.0,5.3,0.538,0.04,26.05,13.64,14.67,28.31,36.05,20.88,148.0,0.168,52.0,35.14,8.0,5.41,0.504,0.12399999999999997,31.35,15.71,19.28,34.99,32.88,37.96,396.0,0.22,102.0,25.76,27.0,6.82,0.5800000000000001,0.0829999999999999,28.79,13.92,15.72,29.65,29.23,22.8
746055,2024-06-17,2024,672640,R,543243,R,walk,False,True,87.0,0.321,14.0,16.09,5.0,5.75,0.8220000000000001,0.14100000000000001,21.52,11.3,13.62,24.92,30.41,17.5,,,,,,,,,,,,,,,148.0,0.168,52.0,35.14,8.0,5.41,0.504,0.12399999999999997,31.35,15.71,19.28,34.99,32.88,37.96,396.0,0.22,102.0,25.76,27.0,6.82,0.5800000000000001,0.0829999999999999,28.79,13.92,15.72,29.65,29.23,22.8
746055,2024-06-17,2024,663743,R,543243,R,field_out,False,False,91.0,0.176,11.0,12.09,3.0,3.3,0.481,0.08300000000000002,9.56,4.13,20.95,25.08,24.18,14.1,241.0,0.165,48.0,19.92,14.0,5.81,0.46,0.064,18.93,8.36,19.79,28.15,25.54,22.43,148.0,0.168,52.0,35.14,8.0,5.41,0.504,0.12399999999999997,31.35,15.71,19.28,34.99,32.88,37.96,396.0,0.22,102.0,25.76,27.0,6.82,0.5800000000000001,0.0829999999999999,28.79,13.92,15.72,29.65,29.23,22.8
746055,2024-06-17,2024,665862,L,668941,L,walk,False,True,101.0,0.266,26.0,25.74,6.0,5.94,0.7210000000000001,0.138,27.98,13.3,16.5,29.8,30.58,18.71,94.0,0.172,27.0,28.72,6.0,6.38,0.479,0.081,39.88,19.01,18.18,37.19,30.36,25.23,42.0,0.154,15.0,35.71,2.0,4.76,0.368,0.0,37.84,15.73,21.91,37.64,28.09,24.59,42.0,0.105,12.0,28.57,3.0,7.14,0.276,0.0,35.82,14.29,23.21,37.5,22.67,23.53
746055,2024-06-17,2024,650559,R,668941,L,home_run,False,False,106.0,0.27,26.0,24.53,4.0,3.77,0.6819999999999999,0.10999999999999999,28.7,16.1,12.73,28.83,32.43,26.8,154.0,0.277,35.0,22.73,11.0,7.14,0.708,0.1059999999999999,27.76,13.7,15.51,29.21,33.53,19.77,85.0,0.218,17.0,20.0,2.0,2.35,0.65,0.17900000000000002,23.53,11.61,18.06,29.68,29.86,19.77,106.0,0.26,30.0,28.3,7.0,6.6,0.6890000000000001,0.1149999999999999,36.41,18.59,17.02,35.6,31.89,28.04
746055,2024-06-17,2024,605137,R,668941,L,single,False,False,104.0,0.196,15.0,14.42,11.0,10.58,0.6160000000000001,0.14100000000000001,22.67,9.9,15.48,25.38,28.18,16.13,186.0,0.265,41.0,22.04,24.0,12.9,0.854,0.2289999999999999,28.46,13.82,12.89,26.71,26.88,18.81,85.0,0.218,17.0,20.0,2.0,2.35,0.65,0.17900000000000002,23.53,11.61,18.06,29.68,29.86,19.77,106.0,0.26,30.0,28.3,7.0,6.6,0.6890000000000001,0.1149999999999999,36.41,18.59,17.02,35.6,31.89,28.04
746055,2024-06-17,2024,660821,L,668941,L,field_out,False,False,33.0,0.094,8.0,24.24,0.0,0.0,0.188,0.0,31.75,20.83,11.46,32.29,48.84,28.57,50.0,0.213,15.0,30.0,2.0,4.0,0.5640000000000001,0.106,36.46,18.82,18.82,37.63,40.62,23.73,42.0,0.154,15.0,35.71,2.0,4.76,0.368,0.0,37.84,15.73,21.91,37.64,28.09,24.59,42.0,0.105,12.0,28.57,3.0,7.14,0.276,0.0,35.82,14.29,23.21,37.5,22.67,23.53
746055,2024-06-17,2024,672279,L,656945,L,walk,False,True,53.0,0.109,14.0,26.42,2.0,3.77,0.272,0.0,25.47,13.57,19.1,32.66,34.15,18.42,3.0,0.0,0.0,0.0,1.0,33.33,0.333,0.0,33.33,6.67,20.0,26.67,10.0,0.0,33.0,0.12,8.0,24.24,7.0,21.21,0.512,0.08000000000000002,31.15,13.38,14.08,27.46,20.55,17.78,100.0,0.193,39.0,39.0,11.0,11.0,0.587,0.1139999999999999,43.85,19.57,19.81,39.38,26.13,31.2
746055,2024-06-17,2024,691026,R,656945,L,strikeout,True,False,84.0,0.256,20.0,23.81,6.0,7.14,0.772,0.20600000000000002,16.67,8.36,17.83,26.18,36.05,17.54,37.0,0.2,7.0,18.92,1.0,2.7,0.445,0.0289999999999999,21.54,10.0,20.0,30.0,25.4,18.92,87.0,0.157,23.0,26.44,13.0,14.94,0.532,0.086,32.1,15.2,16.67,31.87,32.56,23.23,207.0,0.19,65.0,31.4,13.0,6.28,0.5,0.0529999999999999,32.79,17.6,15.73,33.33,40.1,24.9
746055,2024-06-17,2024,669357,L,656945,L,field_out,False,False,78.0,0.186,27.0,34.62,7.0,8.97,0.646,0.2,35.71,17.12,16.44,33.56,32.41,27.84,86.0,0.26,24.0,27.91,11.0,12.79,0.839,0.2189999999999999,33.77,15.79,17.34,33.13,24.68,27.59,33.0,0.12,8.0,24.24,7.0,21.21,0.512,0.08000000000000002,31.15,13.38,14.08,27.46,20.55,17.78,100.0,0.193,39.0,39.0,11.0,11.0,0.587,0.1139999999999999,43.85,19.57,19.81,39.38,26.13,31.2
746055,2024-06-17,2024,502671,R,656945,L,caught_stealing_2b,False,False,81.0,0.271,16.0,19.75,8.0,9.88,0.711,0.08599999999999997,21.71,9.4,18.8,28.21,25.15,13.33,170.0,0.295,41.0,24.12,20.0,11.76,0.8260000000000001,0.155,26.26,11.0,20.45,31.45,28.73,20.4,87.0,0.157,23.0,26.44,13.0,14.94,0.532,0.086,32.1,15.2,16.67,31.87,32.56,23.23,207.0,0.19,65.0,31.4,13.0,6.28,0.5,0.0529999999999999,32.79,17.6,15.73,33.33,40.1,24.9
746055,2024-06-17,2024,669394,R,681676,R,strikeout,True,False,134.0,0.254,37.0,27.61,7.0,5.22,0.728,0.183,27.64,14.53,16.67,31.2,39.34,28.03,402.0,0.247,112.0,27.86,23.0,5.72,0.8,0.249,34.59,18.69,13.25,31.93,39.43,23.09,71.0,0.231,20.0,28.17,6.0,8.45,0.558,0.031,35.71,16.78,15.44,32.21,29.75,20.83,,,,,,,,,,,,,,
746055,2024-06-17,2024,624503,L,681676,R,field_out,False,False,162.0,0.23,36.0,22.22,7.0,4.32,0.616,0.12499999999999997,30.03,18.15,10.1,28.25,44.73,19.35,83.0,0.16,10.0,12.05,1.0,1.2,0.48,0.149,20.99,12.19,10.39,22.58,38.35,12.82,51.0,0.238,12.0,23.53,5.0,9.8,0.769,0.191,26.8,12.04,15.74,27.78,23.42,19.05,,,,,,,,,,,,,,
746055,2024-06-17,2024,641313,R,681676,R,field_out,False,False,117.0,0.184,34.0,29.06,2.0,1.71,0.4,0.018000000000000016,30.25,15.62,15.62,31.24,36.6,22.97,396.0,0.226,95.0,23.99,21.0,5.3,0.538,0.04,26.05,13.64,14.67,28.31,36.05,20.88,71.0,0.231,20.0,28.17,6.0,8.45,0.558,0.031,35.71,16.78,15.44,32.21,29.75,20.83,,,,,,,,,,,,,,
746055,2024-06-17,2024,502671,R,686539,R,field_out,False,False,218.0,0.211,70.0,32.11,17.0,7.8,0.623,0.13599999999999998,29.18,13.94,18.62,32.55,30.2,19.88,518.0,0.259,120.0,23.17,67.0,12.93,0.8049999999999999,0.187,27.85,12.3,17.85,30.16,25.85,17.44,97.0,0.241,24.0,24.74,8.0,8.25,0.573,0.01200000000000001,31.11,15.14,14.32,29.46,25.14,23.53,27.0,0.095,6.0,22.22,4.0,14.81,0.534,0.143,23.53,10.81,15.32,26.13,33.33,16.22
746055,2024-06-17,2024,571448,R,686539,R,strikeout,True,False,223.0,0.271,43.0,19.28,19.0,8.52,0.728,0.121,21.97,9.69,20.27,29.96,30.46,16.35,468.0,0.28,81.0,17.31,31.0,6.62,0.8089999999999999,0.2009999999999999,20.4,9.71,17.28,26.99,33.33,16.43,97.0,0.241,24.0,24.74,8.0,8.25,0.573,0.01200000000000001,31.11,15.14,14.32,29.46,25.14,23.53,27.0,0.095,6.0,22.22,4.0,14.81,0.534,0.143,23.53,10.81,15.32,26.13,33.33,16.22
746055,2024-06-17,2024,676475,L,686539,R,field_out,False,False,161.0,0.294,24.0,14.91,7.0,4.35,0.787,0.16400000000000003,19.33,10.98,12.02,23.0,34.84,14.91,318.0,0.243,39.0,12.26,21.0,6.6,0.698,0.156,17.66,9.16,14.01,23.17,33.05,13.13,45.0,0.297,7.0,15.56,6.0,13.33,0.724,0.027000000000000024,18.92,9.4,14.77,24.16,31.25,19.44,24.0,0.429,2.0,8.33,3.0,12.5,1.262,0.333,6.45,2.44,19.51,21.95,10.53,7.14
746055,2024-06-17,2024,672640,R,681676,R,sac_bunt,False,False,87.0,0.321,14.0,16.09,5.0,5.75,0.8220000000000001,0.14100000000000001,21.52,11.3,13.62,24.92,30.41,17.5,,,,,,,,,,,,,,,71.0,0.231,20.0,28.17,6.0,8.45,0.558,0.031,35.71,16.78,15.44,32.21,29.75,20.83,,,,,,,,,,,,,,
746055,2024-06-17,2024,660644,L,681676,R,field_out,False,False,97.0,0.25,17.0,17.53,7.0,7.22,0.6839999999999999,0.11399999999999999,24.86,12.99,12.71,25.71,23.93,16.04,63.0,0.196,17.0,26.98,4.0,6.35,0.494,0.036,25.62,13.36,13.79,27.16,31.45,26.98,51.0,0.238,12.0,23.53,5.0,9.8,0.769,0.191,26.8,12.04,15.74,27.78,23.42,19.05,,,,,,,,,,,,,,
746055,2024-06-17,2024,665862,L,681676,R,intent_walk,False,True,189.0,0.257,44.0,23.28,17.0,8.99,0.784,0.199,28.1,13.13,13.64,26.77,30.22,20.18,290.0,0.275,91.0,31.38,20.0,6.9,0.8540000000000001,0.25,35.14,15.36,16.88,32.24,26.1,27.41,51.0,0.238,12.0,23.53,5.0,9.8,0.769,0.191,26.8,12.04,15.74,27.78,23.42,19.05,,,,,,,,,,,,,,
746055,2024-06-17,2024,650559,R,681676,R,strikeout,True,False,194.0,0.227,51.0,26.29,16.0,8.25,0.72,0.19899999999999998,32.32,16.28,13.97,30.26,31.37,22.97,473.0,0.251,107.0,22.62,29.0,6.13,0.717,0.1689999999999999,28.95,14.54,15.93,30.47,34.61,18.71,71.0,0.231,20.0,28.17,6.0,8.45,0.558,0.031,35.71,16.78,15.44,32.21,29.75,20.83,,,,,,,,,,,,,,
746055,2024-06-17,2024,680977,L,677053,L,fielders_choice,False,False,85.0,0.276,7.0,8.24,4.0,4.71,0.7110000000000001,0.10599999999999998,12.6,5.08,20.63,25.71,19.58,10.0,63.0,0.236,10.0,15.87,6.0,9.52,0.569,0.0,14.29,6.33,19.83,26.16,24.58,15.87,44.0,0.2,15.0,34.09,2.0,4.55,0.508,0.07500000000000001,35.29,19.05,11.11,30.16,37.5,25.0,85.0,0.158,30.0,35.29,9.0,10.59,0.55,0.145,36.02,16.81,16.23,33.04,29.94,28.04
746055,2024-06-17,2024,666185,R,677053,L,sac_fly,False,False,45.0,0.2,9.0,20.0,4.0,8.89,0.514,0.024999999999999994,28.74,14.29,14.29,28.57,28.41,20.45,86.0,0.268,12.0,13.95,12.0,13.95,0.77,0.126,22.46,10.88,12.44,23.32,23.98,9.3,68.0,0.323,16.0,23.53,5.0,7.35,0.963,0.25799999999999995,24.0,12.59,15.03,27.62,34.69,17.02,152.0,0.244,43.0,28.29,12.0,7.89,0.7250000000000001,0.156,25.08,13.04,14.17,27.21,33.33,18.53
746055,2024-06-17,2024,686780,R,677053,L,grounded_into_double_play,False,False,15.0,0.154,2.0,13.33,1.0,6.67,0.43100000000000005,0.07700000000000001,20.0,10.64,14.89,25.53,18.75,20.0,,,,,,,,,,,,,,,68.0,0.323,16.0,23.53,5.0,7.35,0.963,0.25799999999999995,24.0,12.59,15.03,27.62,34.69,17.02,152.0,0.244,43.0,28.29,12.0,7.89,0.7250000000000001,0.156,25.08,13.04,14.17,27.21,33.33,18.53
746055,2024-06-17,2024,656896,R,552640,R,sac_bunt,False,False,66.0,0.182,17.0,25.76,8.0,12.12,0.521,0.036000000000000004,32.52,14.76,15.5,30.26,26.8,17.89,185.0,0.246,40.0,21.62,15.0,8.11,0.651,0.1009999999999999,29.38,13.47,17.14,30.61,25.67,18.1,82.0,0.184,18.0,21.95,6.0,7.32,0.56,0.132,25.16,13.47,15.49,28.96,40.13,21.18,31.0,0.333,7.0,22.58,0.0,0.0,0.788,0.0999999999999999,20.0,11.21,15.89,27.1,40.0,22.58
746055,2024-06-17,2024,660821,L,552640,R,field_out,False,False,175.0,0.261,40.0,22.86,10.0,5.71,0.6990000000000001,0.124,25.87,14.19,12.28,26.48,36.53,20.41,353.0,0.258,93.0,26.35,36.0,10.2,0.805,0.21,29.33,14.21,14.01,28.21,30.32,20.53,46.0,0.302,14.0,30.43,3.0,6.52,0.86,0.21000000000000002,31.37,17.58,13.19,30.77,35.96,20.29,19.0,0.118,3.0,15.79,2.0,10.53,0.505,0.176,17.02,10.0,11.25,21.25,43.59,8.57
746055,2024-06-17,2024,669394,R,552640,R,field_out,False,False,134.0,0.254,37.0,27.61,7.0,5.22,0.728,0.183,27.64,14.53,16.67,31.2,39.34,28.03,402.0,0.247,112.0,27.86,23.0,5.72,0.8,0.249,34.59,18.69,13.25,31.93,39.43,23.09,82.0,0.184,18.0,21.95,6.0,7.32,0.56,0.132,25.16,13.47,15.49,28.96,40.13,21.18,31.0,0.333,7.0,22.58,0.0,0.0,0.788,0.0999999999999999,20.0,11.21,15.89,27.1,40.0,22.58
746055,2024-06-17,2024,672279,L,640462,L,sac_bunt,False,False,53.0,0.109,14.0,26.42,2.0,3.77,0.272,0.0,25.47,13.57,19.1,32.66,34.15,18.42,3.0,0.0,0.0,0.0,1.0,33.33,0.333,0.0,33.33,6.67,20.0,26.67,10.0,0.0,37.0,0.324,6.0,16.22,3.0,8.11,0.878,0.176,17.46,7.91,18.71,26.62,26.23,17.14,76.0,0.197,29.0,38.16,2.0,2.63,0.5780000000000001,0.141,33.08,15.03,23.78,38.81,33.07,30.85
746055,2024-06-17,2024,691026,R,640462,L,home_run,False,False,84.0,0.256,20.0,23.81,6.0,7.14,0.772,0.20600000000000002,16.67,8.36,17.83,26.18,36.05,17.54,37.0,0.2,7.0,18.92,1.0,2.7,0.445,0.0289999999999999,21.54,10.0,20.0,30.0,25.4,18.92,92.0,0.26,14.0,15.22,17.0,18.48,0.845,0.178,22.42,9.71,16.8,26.51,25.37,12.07,166.0,0.261,49.0,29.52,11.0,6.63,0.765,0.197,33.03,16.05,18.42,34.47,27.76,21.88
746055,2024-06-17,2024,669357,L,640462,L,field_out,False,False,78.0,0.186,27.0,34.62,7.0,8.97,0.646,0.2,35.71,17.12,16.44,33.56,32.41,27.84,86.0,0.26,24.0,27.91,11.0,12.79,0.839,0.2189999999999999,33.77,15.79,17.34,33.13,24.68,27.59,37.0,0.324,6.0,16.22,3.0,8.11,0.878,0.176,17.46,7.91,18.71,26.62,26.23,17.14,76.0,0.197,29.0,38.16,2.0,2.63,0.5780000000000001,0.141,33.08,15.03,23.78,38.81,33.07,30.85
746055,2024-06-17,2024,502671,R,640462,L,single,False,False,81.0,0.271,16.0,19.75,8.0,9.88,0.711,0.08599999999999997,21.71,9.4,18.8,28.21,25.15,13.33,170.0,0.295,41.0,24.12,20.0,11.76,0.8260000000000001,0.155,26.26,11.0,20.45,31.45,28.73,20.4,92.0,0.26,14.0,15.22,17.0,18.48,0.845,0.178,22.42,9.71,16.8,26.51,25.37,12.07,166.0,0.261,49.0,29.52,11.0,6.63,0.765,0.197,33.03,16.05,18.42,34.47,27.76,21.88
746055,2024-06-17,2024,571448,R,640462,L,field_out,False,False,65.0,0.23,4.0,6.15,1.0,1.54,0.59,0.11399999999999996,16.81,8.41,18.14,26.55,35.51,7.27,146.0,0.22,20.0,13.7,10.0,6.85,0.662,0.166,19.62,9.73,14.31,24.05,36.88,13.25,92.0,0.26,14.0,15.22,17.0,18.48,0.845,0.178,22.42,9.71,16.8,26.51,25.37,12.07,166.0,0.261,49.0,29.52,11.0,6.63,0.765,0.197,33.03,16.05,18.42,34.47,27.76,21.88
746055,2024-06-17,2024,624503,L,552640,R,triple,False,False,162.0,0.23,36.0,22.22,7.0,4.32,0.616,0.12499999999999997,30.03,18.15,10.1,28.25,44.73,19.35,83.0,0.16,10.0,12.05,1.0,1.2,0.48,0.149,20.99,12.19,10.39,22.58,38.35,12.82,46.0,0.302,14.0,30.43,3.0,6.52,0.86,0.21000000000000002,31.37,17.58,13.19,30.77,35.96,20.29,19.0,0.118,3.0,15.79,2.0,10.53,0.505,0.176,17.02,10.0,11.25,21.25,43.59,8.57
746055,2024-06-17,2024,641313,R,552640,R,double_play,False,False,117.0,0.184,34.0,29.06,2.0,1.71,0.4,0.018000000000000016,30.25,15.62,15.62,31.24,36.6,22.97,396.0,0.226,95.0,23.99,21.0,5.3,0.538,0.04,26.05,13.64,14.67,28.31,36.05,20.88,82.0,0.184,18.0,21.95,6.0,7.32,0.56,0.132,25.16,13.47,15.49,28.96,40.13,21.18,31.0,0.333,7.0,22.58,0.0,0.0,0.788,0.0999999999999999,20.0,11.21,15.89,27.1,40.0,22.58
746055,2024-06-17,2024,672640,R,552640,R,field_out,False,False,87.0,0.321,14.0,16.09,5.0,5.75,0.8220000000000001,0.14100000000000001,21.52,11.3,13.62,24.92,30.41,17.5,,,,,,,,,,,,,,,82.0,0.184,18.0,21.95,6.0,7.32,0.56,0.132,25.16,13.47,15.49,28.96,40.13,21.18,31.0,0.333,7.0,22.58,0.0,0.0,0.788,0.0999999999999999,20.0,11.21,15.89,27.1,40.0,22.58
745567,2024-06-17,2024,650333,L,650911,L,field_out,False,False,132.0,0.285,13.0,9.85,5.0,3.79,0.642,0.02400000000000002,12.22,5.72,19.92,25.64,33.91,10.83,138.0,0.326,17.0,12.32,4.0,2.9,0.76,0.0909999999999999,12.5,6.61,16.32,22.93,33.48,12.88,53.0,0.24,12.0,22.64,2.0,3.77,0.549,0.040000000000000036,24.04,12.5,18.0,30.5,41.05,19.67,80.0,0.133,27.0,33.75,5.0,6.25,0.401,0.0799999999999999,29.77,13.4,23.37,36.77,30.3,33.75
745567,2024-06-17,2024,665487,R,650911,L,field_out,False,False,102.0,0.22,26.0,25.49,18.0,17.65,0.6779999999999999,0.08499999999999999,26.74,11.0,15.79,26.79,19.73,19.4,146.0,0.305,27.0,18.49,16.0,10.96,0.915,0.226,26.9,13.07,10.55,23.62,26.91,14.44,247.0,0.28,49.0,19.84,21.0,8.5,0.704,0.08399999999999996,23.65,11.31,16.59,27.91,31.05,18.85,316.0,0.26,69.0,21.84,11.0,3.48,0.7649999999999999,0.2129999999999999,25.65,12.57,18.31,30.88,35.87,20.66
745567,2024-06-17,2024,595777,R,650911,L,field_out,False,False,90.0,0.342,7.0,7.78,13.0,14.44,0.9910000000000001,0.21100000000000002,16.56,7.08,15.86,22.95,22.03,6.06,147.0,0.275,22.0,14.97,13.0,8.84,0.774,0.1519999999999999,15.44,6.84,17.44,24.27,22.81,13.33,247.0,0.28,49.0,19.84,21.0,8.5,0.704,0.08399999999999996,23.65,11.31,16.59,27.91,31.05,18.85,316.0,0.26,69.0,21.84,11.0,3.48,0.7649999999999999,0.2129999999999999,25.65,12.57,18.31,30.88,35.87,20.66
745567,2024-06-17,2024,656941,L,681190,R,walk,False,True,193.0,0.199,57.0,29.53,31.0,16.06,0.73,0.20500000000000002,32.82,13.33,15.82,29.14,22.17,24.24,469.0,0.201,128.0,27.29,85.0,18.12,0.848,0.296,31.18,11.75,19.66,31.41,21.53,23.1,63.0,0.448,7.0,11.11,3.0,4.76,1.1909999999999998,0.25899999999999995,19.26,9.81,11.7,21.51,26.32,8.24,80.0,0.206,10.0,12.5,8.0,10.0,0.73,0.22,15.33,6.89,18.36,25.25,23.33,11.36
745567,2024-06-17,2024,607208,R,681190,R,field_out,False,False,89.0,0.357,14.0,15.73,4.0,4.49,0.881,0.131,21.66,10.62,15.31,25.94,26.88,16.09,485.0,0.282,109.0,22.47,29.0,5.98,0.8029999999999999,0.19,28.9,15.6,12.67,28.27,36.06,17.81,107.0,0.25,19.0,17.76,4.0,3.74,0.723,0.19,22.07,11.19,15.48,26.67,25.52,14.96,86.0,0.216,23.0,26.74,10.0,11.63,0.637,0.095,19.88,9.34,17.58,26.92,34.01,18.11
745567,2024-06-17,2024,547180,L,681190,R,field_out,False,False,178.0,0.275,35.0,19.66,28.0,15.73,0.905,0.242,29.0,14.01,9.64,23.65,32.99,19.34,375.0,0.295,80.0,21.33,60.0,16.0,0.907,0.199,31.39,15.65,8.66,24.31,32.27,20.0,63.0,0.448,7.0,11.11,3.0,4.76,1.1909999999999998,0.25899999999999995,19.26,9.81,11.7,21.51,26.32,8.24,80.0,0.206,10.0,12.5,8.0,10.0,0.73,0.22,15.33,6.89,18.36,25.25,23.33,11.36
745567,2024-06-17,2024,664761,R,681190,R,caught_stealing_2b,False,False,199.0,0.322,29.0,14.57,15.0,7.54,0.88,0.181,18.98,9.01,15.31,24.32,24.92,16.09,445.0,0.263,68.0,15.28,34.0,7.64,0.7010000000000001,0.1139999999999999,17.17,8.27,16.06,24.33,28.14,13.48,107.0,0.25,19.0,17.76,4.0,3.74,0.723,0.19,22.07,11.19,15.48,26.67,25.52,14.96,86.0,0.216,23.0,26.74,10.0,11.63,0.637,0.095,19.88,9.34,17.58,26.92,34.01,18.11
745567,2024-06-17,2024,592518,R,650911,L,single,False,False,80.0,0.208,19.0,23.75,8.0,10.0,0.663,0.167,29.71,13.8,14.81,28.62,26.14,21.69,150.0,0.308,26.0,17.33,14.0,9.33,0.887,0.203,21.32,9.67,16.52,26.19,28.38,16.56,247.0,0.28,49.0,19.84,21.0,8.5,0.704,0.08399999999999996,23.65,11.31,16.59,27.91,31.05,18.85,316.0,0.26,69.0,21.84,11.0,3.48,0.7649999999999999,0.2129999999999999,25.65,12.57,18.31,30.88,35.87,20.66
745567,2024-06-17,2024,456781,R,650911,L,grounded_into_double_play,False,False,54.0,0.298,9.0,16.67,7.0,12.96,0.857,0.17000000000000004,25.0,10.66,19.26,29.92,25.2,11.69,153.0,0.286,32.0,20.92,11.0,7.19,0.746,0.114,24.12,11.77,18.21,29.98,32.04,14.35,247.0,0.28,49.0,19.84,21.0,8.5,0.704,0.08399999999999996,23.65,11.31,16.59,27.91,31.05,18.85,316.0,0.26,69.0,21.84,11.0,3.48,0.7649999999999999,0.2129999999999999,25.65,12.57,18.31,30.88,35.87,20.66
745567,2024-06-17,2024,630105,L,650911,L,field_out,False,False,95.0,0.202,18.0,18.95,8.0,8.42,0.57,0.08399999999999996,17.58,8.02,15.04,23.06,19.05,14.29,156.0,0.229,38.0,24.36,10.0,6.41,0.665,0.1349999999999999,18.48,9.0,20.1,29.1,30.82,17.84,53.0,0.24,12.0,22.64,2.0,3.77,0.549,0.040000000000000036,24.04,12.5,18.0,30.5,41.05,19.67,80.0,0.133,27.0,33.75,5.0,6.25,0.401,0.0799999999999999,29.77,13.4,23.37,36.77,30.3,33.75
745567,2024-06-17,2024,664761,R,681190,R,single,False,False,199.0,0.322,29.0,14.57,15.0,7.54,0.88,0.181,18.98,9.01,15.31,24.32,24.92,16.09,445.0,0.263,68.0,15.28,34.0,7.64,0.7010000000000001,0.1139999999999999,17.17,8.27,16.06,24.33,28.14,13.48,107.0,0.25,19.0,17.76,4.0,3.74,0.723,0.19,22.07,11.19,15.48,26.67,25.52,14.96,86.0,0.216,23.0,26.74,10.0,11.63,0.637,0.095,19.88,9.34,17.58,26.92,34.01,18.11
745567,2024-06-17,2024,681082,L,681190,R,field_out,False,False,187.0,0.229,26.0,13.9,23.0,12.3,0.702,0.147,16.87,7.22,22.05,29.27,26.95,11.82,474.0,0.28,76.0,16.03,26.0,5.49,0.753,0.1509999999999999,14.49,6.52,22.08,28.6,28.42,11.93,63.0,0.448,7.0,11.11,3.0,4.76,1.1909999999999998,0.25899999999999995,19.26,9.81,11.7,21.51,26.32,8.24,80.0,0.206,10.0,12.5,8.0,10.0,0.73,0.22,15.33,6.89,18.36,25.25,23.33,11.36
745567,2024-06-17,2024,592206,R,681190,R,double,False,False,215.0,0.189,44.0,20.47,16.0,7.44,0.5469999999999999,0.10199999999999998,31.87,18.67,10.15,28.82,39.52,19.82,485.0,0.252,140.0,28.87,25.0,5.15,0.733,0.192,37.06,20.57,11.78,32.36,40.41,25.27,107.0,0.25,19.0,17.76,4.0,3.74,0.723,0.19,22.07,11.19,15.48,26.67,25.52,14.96,86.0,0.216,23.0,26.74,10.0,11.63,0.637,0.095,19.88,9.34,17.58,26.92,34.01,18.11
745567,2024-06-17,2024,669016,L,681190,R,single,False,False,150.0,0.29,37.0,24.67,17.0,11.33,0.85,0.191,22.39,8.98,18.26,27.25,23.06,17.54,363.0,0.292,101.0,27.82,47.0,12.95,0.864,0.185,25.19,10.97,17.37,28.35,25.74,21.31,63.0,0.448,7.0,11.11,3.0,4.76,1.1909999999999998,0.25899999999999995,19.26,9.81,11.7,21.51,26.32,8.24,80.0,0.206,10.0,12.5,8.0,10.0,0.73,0.22,15.33,6.89,18.36,25.25,23.33,11.36
745567,2024-06-17,2024,621311,L,681190,R,strikeout,True,False,23.0,0.261,5.0,21.74,0.0,0.0,0.87,0.348,18.37,10.34,11.49,21.84,38.3,16.13,9.0,0.111,2.0,22.22,0.0,0.0,0.555,0.333,25.0,12.9,16.13,29.03,33.33,33.33,63.0,0.448,7.0,11.11,3.0,4.76,1.1909999999999998,0.25899999999999995,19.26,9.81,11.7,21.51,26.32,8.24,80.0,0.206,10.0,12.5,8.0,10.0,0.73,0.22,15.33,6.89,18.36,25.25,23.33,11.36
745567,2024-06-17,2024,673490,R,650911,L,single,False,False,87.0,0.187,13.0,14.94,11.0,12.64,0.6379999999999999,0.15999999999999998,14.38,5.68,21.89,27.57,16.46,11.82,191.0,0.302,30.0,15.71,20.0,10.47,0.897,0.219,15.84,6.63,22.21,28.83,23.47,11.49,247.0,0.28,49.0,19.84,21.0,8.5,0.704,0.08399999999999996,23.65,11.31,16.59,27.91,31.05,18.85,316.0,0.26,69.0,21.84,11.0,3.48,0.7649999999999999,0.2129999999999999,25.65,12.57,18.31,30.88,35.87,20.66
745567,2024-06-17,2024,701538,L,650911,L,strikeout,True,False,76.0,0.211,7.0,9.21,4.0,5.26,0.602,0.141,16.67,8.42,13.92,22.34,27.07,9.72,,,,,,,,,,,,,,,53.0,0.24,12.0,22.64,2.0,3.77,0.549,0.040000000000000036,24.04,12.5,18.0,30.5,41.05,19.67,80.0,0.133,27.0,33.75,5.0,6.25,0.401,0.0799999999999999,29.77,13.4,23.37,36.77,30.3,33.75
745567,2024-06-17,2024,543309,R,650911,L,strikeout_double_play,True,False,35.0,0.152,15.0,42.86,2.0,5.71,0.533,0.18100000000000002,36.36,16.44,21.23,37.67,27.4,29.41,69.0,0.242,21.0,30.43,2.0,2.9,0.776,0.273,28.06,14.13,16.67,30.8,33.33,22.83,247.0,0.28,49.0,19.84,21.0,8.5,0.704,0.08399999999999996,23.65,11.31,16.59,27.91,31.05,18.85,316.0,0.26,69.0,21.84,11.0,3.48,0.7649999999999999,0.2129999999999999,25.65,12.57,18.31,30.88,35.87,20.66
745567,2024-06-17,2024,665561,L,681190,R,single,False,False,7.0,0.143,2.0,28.57,0.0,0.0,0.714,0.42799999999999994,12.5,7.14,14.29,21.43,42.86,16.67,,,,,,,,,,,,,,,63.0,0.448,7.0,11.11,3.0,4.76,1.1909999999999998,0.25899999999999995,19.26,9.81,11.7,21.51,26.32,8.24,80.0,0.206,10.0,12.5,8.0,10.0,0.73,0.22,15.33,6.89,18.36,25.25,23.33,11.36
745567,2024-06-17,2024,656941,L,681190,R,home_run,False,False,193.0,0.199,57.0,29.53,31.0,16.06,0.73,0.20500000000000002,32.82,13.33,15.82,29.14,22.17,24.24,469.0,0.201,128.0,27.29,85.0,18.12,0.848,0.296,31.18,11.75,19.66,31.41,21.53,23.1,63.0,0.448,7.0,11.11,3.0,4.76,1.1909999999999998,0.25899999999999995,19.26,9.81,11.7,21.51,26.32,8.24,80.0,0.206,10.0,12.5,8.0,10.0,0.73,0.22,15.33,6.89,18.36,25.25,23.33,11.36
745567,2024-06-17,2024,607208,R,681190,R,field_out,False,False,89.0,0.357,14.0,15.73,4.0,4.49,0.881,0.131,21.66,10.62,15.31,25.94,26.88,16.09,485.0,0.282,109.0,22.47,29.0,5.98,0.8029999999999999,0.19,28.9,15.6,12.67,28.27,36.06,17.81,107.0,0.25,19.0,17.76,4.0,3.74,0.723,0.19,22.07,11.19,15.48,26.67,25.52,14.96,86.0,0.216,23.0,26.74,10.0,11.63,0.637,0.095,19.88,9.34,17.58,26.92,34.01,18.11
745567,2024-06-17,2024,547180,L,681190,R,single,False,False,178.0,0.275,35.0,19.66,28.0,15.73,0.905,0.242,29.0,14.01,9.64,23.65,32.99,19.34,375.0,0.295,80.0,21.33,60.0,16.0,0.907,0.199,31.39,15.65,8.66,24.31,32.27,20.0,63.0,0.448,7.0,11.11,3.0,4.76,1.1909999999999998,0.25899999999999995,19.26,9.81,11.7,21.51,26.32,8.24,80.0,0.206,10.0,12.5,8.0,10.0,0.73,0.22,15.33,6.89,18.36,25.25,23.33,11.36
745567,2024-06-17,2024,664761,R,681190,R,strikeout,True,False,199.0,0.322,29.0,14.57,15.0,7.54,0.88,0.181,18.98,9.01,15.31,24.32,24.92,16.09,445.0,0.263,68.0,15.28,34.0,7.64,0.7010000000000001,0.1139999999999999,17.17,8.27,16.06,24.33,28.14,13.48,107.0,0.25,19.0,17.76,4.0,3.74,0.723,0.19,22.07,11.19,15.48,26.67,25.52,14.96,86.0,0.216,23.0,26.74,10.0,11.63,0.637,0.095,19.88,9.34,17.58,26.92,34.01,18.11
745567,2024-06-17,2024,681082,L,681190,R,single,False,False,187.0,0.229,26.0,13.9,23.0,12.3,0.702,0.147,16.87,7.22,22.05,29.27,26.95,11.82,474.0,0.28,76.0,16.03,26.0,5.49,0.753,0.1509999999999999,14.49,6.52,22.08,28.6,28.42,11.93,63.0,0.448,7.0,11.11,3.0,4.76,1.1909999999999998,0.25899999999999995,19.26,9.81,11.7,21.51,26.32,8.24,80.0,0.206,10.0,12.5,8.0,10.0,0.73,0.22,15.33,6.89,18.36,25.25,23.33,11.36
745567,2024-06-17,2024,592206,R,681190,R,field_out,False,False,215.0,0.189,44.0,20.47,16.0,7.44,0.5469999999999999,0.10199999999999998,31.87,18.67,10.15,28.82,39.52,19.82,485.0,0.252,140.0,28.87,25.0,5.15,0.733,0.192,37.06,20.57,11.78,32.36,40.41,25.27,107.0,0.25,19.0,17.76,4.0,3.74,0.723,0.19,22.07,11.19,15.48,26.67,25.52,14.96,86.0,0.216,23.0,26.74,10.0,11.63,0.637,0.095,19.88,9.34,17.58,26.92,34.01,18.11
745567,2024-06-17,2024,650333,L,650911,L,field_out,False,False,132.0,0.285,13.0,9.85,5.0,3.79,0.642,0.02400000000000002,12.22,5.72,19.92,25.64,33.91,10.83,138.0,0.326,17.0,12.32,4.0,2.9,0.76,0.0909999999999999,12.5,6.61,16.32,22.93,33.48,12.88,53.0,0.24,12.0,22.64,2.0,3.77,0.549,0.040000000000000036,24.04,12.5,18.0,30.5,41.05,19.67,80.0,0.133,27.0,33.75,5.0,6.25,0.401,0.0799999999999999,29.77,13.4,23.37,36.77,30.3,33.75
745567,2024-06-17,2024,665487,R,650911,L,single,False,False,102.0,0.22,26.0,25.49,18.0,17.65,0.6779999999999999,0.08499999999999999,26.74,11.0,15.79,26.79,19.73,19.4,146.0,0.305,27.0,18.49,16.0,10.96,0.915,0.226,26.9,13.07,10.55,23.62,26.91,14.44,247.0,0.28,49.0,19.84,21.0,8.5,0.704,0.08399999999999996,23.65,11.31,16.59,27.91,31.05,18.85,316.0,0.26,69.0,21.84,11.0,3.48,0.7649999999999999,0.2129999999999999,25.65,12.57,18.31,30.88,35.87,20.66
745567,2024-06-17,2024,595777,R,650911,L,grounded_into_double_play,False,False,90.0,0.342,7.0,7.78,13.0,14.44,0.9910000000000001,0.21100000000000002,16.56,7.08,15.86,22.95,22.03,6.06,147.0,0.275,22.0,14.97,13.0,8.84,0.774,0.1519999999999999,15.44,6.84,17.44,24.27,22.81,13.33,247.0,0.28,49.0,19.84,21.0,8.5,0.704,0.08399999999999996,23.65,11.31,16.59,27.91,31.05,18.85,316.0,0.26,69.0,21.84,11.0,3.48,0.7649999999999999,0.2129999999999999,25.65,12.57,18.31,30.88,35.87,20.66
745567,2024-06-17,2024,669016,L,681190,R,walk,False,True,150.0,0.29,37.0,24.67,17.0,11.33,0.85,0.191,22.39,8.98,18.26,27.25,23.06,17.54,363.0,0.292,101.0,27.82,47.0,12.95,0.864,0.185,25.19,10.97,17.37,28.35,25.74,21.31,63.0,0.448,7.0,11.11,3.0,4.76,1.1909999999999998,0.25899999999999995,19.26,9.81,11.7,21.51,26.32,8.24,80.0,0.206,10.0,12.5,8.0,10.0,0.73,0.22,15.33,6.89,18.36,25.25,23.33,11.36
745567,2024-06-17,2024,621311,L,681190,R,field_out,False,False,23.0,0.261,5.0,21.74,0.0,0.0,0.87,0.348,18.37,10.34,11.49,21.84,38.3,16.13,9.0,0.111,2.0,22.22,0.0,0.0,0.555,0.333,25.0,12.9,16.13,29.03,33.33,33.33,63.0,0.448,7.0,11.11,3.0,4.76,1.1909999999999998,0.25899999999999995,19.26,9.81,11.7,21.51,26.32,8.24,80.0,0.206,10.0,12.5,8.0,10.0,0.73,0.22,15.33,6.89,18.36,25.25,23.33,11.36
745567,2024-06-17,2024,665561,L,681190,R,single,False,False,7.0,0.143,2.0,28.57,0.0,0.0,0.714,0.42799999999999994,12.5,7.14,14.29,21.43,42.86,16.67,,,,,,,,,,,,,,,63.0,0.448,7.0,11.11,3.0,4.76,1.1909999999999998,0.25899999999999995,19.26,9.81,11.7,21.51,26.32,8.24,80.0,0.206,10.0,12.5,8.0,10.0,0.73,0.22,15.33,6.89,18.36,25.25,23.33,11.36
745567,2024-06-17,2024,656941,L,681190,R,grounded_into_double_play,False,False,193.0,0.199,57.0,29.53,31.0,16.06,0.73,0.20500000000000002,32.82,13.33,15.82,29.14,22.17,24.24,469.0,0.201,128.0,27.29,85.0,18.12,0.848,0.296,31.18,11.75,19.66,31.41,21.53,23.1,63.0,0.448,7.0,11.11,3.0,4.76,1.1909999999999998,0.25899999999999995,19.26,9.81,11.7,21.51,26.32,8.24,80.0,0.206,10.0,12.5,8.0,10.0,0.73,0.22,15.33,6.89,18.36,25.25,23.33,11.36
745567,2024-06-17,2024,592518,R,650911,L,single,False,False,80.0,0.208,19.0,23.75,8.0,10.0,0.663,0.167,29.71,13.8,14.81,28.62,26.14,21.69,150.0,0.308,26.0,17.33,14.0,9.33,0.887,0.203,21.32,9.67,16.52,26.19,28.38,16.56,247.0,0.28,49.0,19.84,21.0,8.5,0.704,0.08399999999999996,23.65,11.31,16.59,27.91,31.05,18.85,316.0,0.26,69.0,21.84,11.0,3.48,0.7649999999999999,0.2129999999999999,25.65,12.57,18.31,30.88,35.87,20.66
745567,2024-06-17,2024,456781,R,650911,L,field_out,False,False,54.0,0.298,9.0,16.67,7.0,12.96,0.857,0.17000000000000004,25.0,10.66,19.26,29.92,25.2,11.69,153.0,0.286,32.0,20.92,11.0,7.19,0.746,0.114,24.12,11.77,18.21,29.98,32.04,14.35,247.0,0.28,49.0,19.84,21.0,8.5,0.704,0.08399999999999996,23.65,11.31,16.59,27.91,31.05,18.85,316.0,0.26,69.0,21.84,11.0,3.48,0.7649999999999999,0.2129999999999999,25.65,12.57,18.31,30.88,35.87,20.66
745567,2024-06-17,2024,630105,L,650911,L,field_out,False,False,95.0,0.202,18.0,18.95,8.0,8.42,0.57,0.08399999999999996,17.58,8.02,15.04,23.06,19.05,14.29,156.0,0.229,38.0,24.36,10.0,6.41,0.665,0.1349999999999999,18.48,9.0,20.1,29.1,30.82,17.84,53.0,0.24,12.0,22.64,2.0,3.77,0.549,0.040000000000000036,24.04,12.5,18.0,30.5,41.05,19.67,80.0,0.133,27.0,33.75,5.0,6.25,0.401,0.0799999999999999,29.77,13.4,23.37,36.77,30.3,33.75
745567,2024-06-17,2024,673490,R,650911,L,walk,False,True,87.0,0.187,13.0,14.94,11.0,12.64,0.6379999999999999,0.15999999999999998,14.38,5.68,21.89,27.57,16.46,11.82,191.0,0.302,30.0,15.71,20.0,10.47,0.897,0.219,15.84,6.63,22.21,28.83,23.47,11.49,247.0,0.28,49.0,19.84,21.0,8.5,0.704,0.08399999999999996,23.65,11.31,16.59,27.91,31.05,18.85,316.0,0.26,69.0,21.84,11.0,3.48,0.7649999999999999,0.2129999999999999,25.65,12.57,18.31,30.88,35.87,20.66
745567,2024-06-17,2024,701538,L,650911,L,strikeout,True,False,76.0,0.211,7.0,9.21,4.0,5.26,0.602,0.141,16.67,8.42,13.92,22.34,27.07,9.72,,,,,,,,,,,,,,,53.0,0.24,12.0,22.64,2.0,3.77,0.549,0.040000000000000036,24.04,12.5,18.0,30.5,41.05,19.67,80.0,0.133,27.0,33.75,5.0,6.25,0.401,0.0799999999999999,29.77,13.4,23.37,36.77,30.3,33.75
745567,2024-06-17,2024,607208,R,681190,R,single,False,False,89.0,0.357,14.0,15.73,4.0,4.49,0.881,0.131,21.66,10.62,15.31,25.94,26.88,16.09,485.0,0.282,109.0,22.47,29.0,5.98,0.8029999999999999,0.19,28.9,15.6,12.67,28.27,36.06,17.81,107.0,0.25,19.0,17.76,4.0,3.74,0.723,0.19,22.07,11.19,15.48,26.67,25.52,14.96,86.0,0.216,23.0,26.74,10.0,11.63,0.637,0.095,19.88,9.34,17.58,26.92,34.01,18.11
745567,2024-06-17,2024,547180,L,681190,R,double,False,False,178.0,0.275,35.0,19.66,28.0,15.73,0.905,0.242,29.0,14.01,9.64,23.65,32.99,19.34,375.0,0.295,80.0,21.33,60.0,16.0,0.907,0.199,31.39,15.65,8.66,24.31,32.27,20.0,63.0,0.448,7.0,11.11,3.0,4.76,1.1909999999999998,0.25899999999999995,19.26,9.81,11.7,21.51,26.32,8.24,80.0,0.206,10.0,12.5,8.0,10.0,0.73,0.22,15.33,6.89,18.36,25.25,23.33,11.36
745567,2024-06-17,2024,664761,R,681190,R,home_run,False,False,199.0,0.322,29.0,14.57,15.0,7.54,0.88,0.181,18.98,9.01,15.31,24.32,24.92,16.09,445.0,0.263,68.0,15.28,34.0,7.64,0.7010000000000001,0.1139999999999999,17.17,8.27,16.06,24.33,28.14,13.48,107.0,0.25,19.0,17.76,4.0,3.74,0.723,0.19,22.07,11.19,15.48,26.67,25.52,14.96,86.0,0.216,23.0,26.74,10.0,11.63,0.637,0.095,19.88,9.34,17.58,26.92,34.01,18.11
745567,2024-06-17,2024,681082,L,681190,R,field_out,False,False,187.0,0.229,26.0,13.9,23.0,12.3,0.702,0.147,16.87,7.22,22.05,29.27,26.95,11.82,474.0,0.28,76.0,16.03,26.0,5.49,0.753,0.1509999999999999,14.49,6.52,22.08,28.6,28.42,11.93,63.0,0.448,7.0,11.11,3.0,4.76,1.1909999999999998,0.25899999999999995,19.26,9.81,11.7,21.51,26.32,8.24,80.0,0.206,10.0,12.5,8.0,10.0,0.73,0.22,15.33,6.89,18.36,25.25,23.33,11.36
745567,2024-06-17,2024,592206,R,681190,R,double,False,False,215.0,0.189,44.0,20.47,16.0,7.44,0.5469999999999999,0.10199999999999998,31.87,18.67,10.15,28.82,39.52,19.82,485.0,0.252,140.0,28.87,25.0,5.15,0.733,0.192,37.06,20.57,11.78,32.36,40.41,25.27,107.0,0.25,19.0,17.76,4.0,3.74,0.723,0.19,22.07,11.19,15.48,26.67,25.52,14.96,86.0,0.216,23.0,26.74,10.0,11.63,0.637,0.095,19.88,9.34,17.58,26.92,34.01,18.11
745567,2024-06-17,2024,669016,L,670970,L,strikeout,True,False,44.0,0.135,19.0,43.18,5.0,11.36,0.389,0.026999999999999996,27.27,9.42,24.08,33.51,16.16,33.33,110.0,0.229,43.0,39.09,12.0,10.91,0.7170000000000001,0.167,36.21,13.64,24.46,38.1,25.0,31.62,42.0,0.135,17.0,40.48,3.0,7.14,0.352,0.026999999999999996,31.03,15.43,17.71,33.14,31.17,24.64,18.0,0.267,5.0,27.78,2.0,11.11,0.753,0.133,20.0,8.82,19.12,27.94,20.0,23.81
745567,2024-06-17,2024,621311,L,670970,L,field_out,False,False,3.0,0.0,1.0,33.33,0.0,0.0,0.0,0.0,37.5,23.08,15.38,38.46,40.0,20.0,,,,,,,,,,,,,,,42.0,0.135,17.0,40.48,3.0,7.14,0.352,0.026999999999999996,31.03,15.43,17.71,33.14,31.17,24.64,18.0,0.267,5.0,27.78,2.0,11.11,0.753,0.133,20.0,8.82,19.12,27.94,20.0,23.81
745567,2024-06-17,2024,543309,R,650911,L,field_out,False,False,35.0,0.152,15.0,42.86,2.0,5.71,0.533,0.18100000000000002,36.36,16.44,21.23,37.67,27.4,29.41,69.0,0.242,21.0,30.43,2.0,2.9,0.776,0.273,28.06,14.13,16.67,30.8,33.33,22.83,247.0,0.28,49.0,19.84,21.0,8.5,0.704,0.08399999999999996,23.65,11.31,16.59,27.91,31.05,18.85,316.0,0.26,69.0,21.84,11.0,3.48,0.7649999999999999,0.2129999999999999,25.65,12.57,18.31,30.88,35.87,20.66
745567,2024-06-17,2024,650333,L,650911,L,field_out,False,False,132.0,0.285,13.0,9.85,5.0,3.79,0.642,0.02400000000000002,12.22,5.72,19.92,25.64,33.91,10.83,138.0,0.326,17.0,12.32,4.0,2.9,0.76,0.0909999999999999,12.5,6.61,16.32,22.93,33.48,12.88,53.0,0.24,12.0,22.64,2.0,3.77,0.549,0.040000000000000036,24.04,12.5,18.0,30.5,41.05,19.67,80.0,0.133,27.0,33.75,5.0,6.25,0.401,0.0799999999999999,29.77,13.4,23.37,36.77,30.3,33.75
745567,2024-06-17,2024,665487,R,650911,L,strikeout,True,False,102.0,0.22,26.0,25.49,18.0,17.65,0.6779999999999999,0.08499999999999999,26.74,11.0,15.79,26.79,19.73,19.4,146.0,0.305,27.0,18.49,16.0,10.96,0.915,0.226,26.9,13.07,10.55,23.62,26.91,14.44,247.0,0.28,49.0,19.84,21.0,8.5,0.704,0.08399999999999996,23.65,11.31,16.59,27.91,31.05,18.85,316.0,0.26,69.0,21.84,11.0,3.48,0.7649999999999999,0.2129999999999999,25.65,12.57,18.31,30.88,35.87,20.66
745567,2024-06-17,2024,665561,R,670970,L,single,False,False,1.0,0.0,1.0,100.0,0.0,0.0,0.0,0.0,50.0,25.0,25.0,50.0,50.0,50.0,,,,,,,,,,,,,,,69.0,0.266,15.0,21.74,5.0,7.25,0.7250000000000001,0.14,30.37,16.47,12.85,29.32,38.52,20.83,26.0,0.435,3.0,11.54,3.0,11.54,1.152,0.217,15.0,6.38,15.96,22.34,15.22,15.79
745567,2024-06-17,2024,656941,L,670970,L,home_run,False,False,126.0,0.321,33.0,26.19,20.0,15.87,0.901,0.15099999999999997,34.39,12.7,21.29,33.98,17.81,25.58,253.0,0.188,87.0,34.39,41.0,16.21,0.758,0.242,32.04,11.82,21.04,32.86,21.61,24.51,42.0,0.135,17.0,40.48,3.0,7.14,0.352,0.026999999999999996,31.03,15.43,17.71,33.14,31.17,24.64,18.0,0.267,5.0,27.78,2.0,11.11,0.753,0.133,20.0,8.82,19.12,27.94,20.0,23.81
745567,2024-06-17,2024,607208,R,670970,L,single,False,False,60.0,0.321,14.0,23.33,5.0,8.33,0.8049999999999999,0.09399999999999997,23.88,12.5,10.94,23.44,26.56,15.91,209.0,0.229,41.0,19.62,16.0,7.66,0.721,0.1969999999999999,31.2,15.84,12.09,27.93,33.41,17.98,69.0,0.266,15.0,21.74,5.0,7.25,0.7250000000000001,0.14,30.37,16.47,12.85,29.32,38.52,20.83,26.0,0.435,3.0,11.54,3.0,11.54,1.152,0.217,15.0,6.38,15.96,22.34,15.22,15.79
745567,2024-06-17,2024,547180,L,670970,L,grounded_into_double_play,False,False,112.0,0.287,31.0,27.68,17.0,15.18,0.914,0.23400000000000004,32.46,16.05,11.28,27.33,32.94,23.31,171.0,0.289,39.0,22.81,20.0,11.7,0.884,0.221,38.61,20.03,9.85,29.89,35.59,22.41,42.0,0.135,17.0,40.48,3.0,7.14,0.352,0.026999999999999996,31.03,15.43,17.71,33.14,31.17,24.64,18.0,0.267,5.0,27.78,2.0,11.11,0.753,0.133,20.0,8.82,19.12,27.94,20.0,23.81
745567,2024-06-17,2024,664761,R,666745,R,single,False,False,199.0,0.322,29.0,14.57,15.0,7.54,0.88,0.181,18.98,9.01,15.31,24.32,24.92,16.09,445.0,0.263,68.0,15.28,34.0,7.64,0.7010000000000001,0.1139999999999999,17.17,8.27,16.06,24.33,28.14,13.48,88.0,0.333,8.0,9.09,4.0,4.55,0.745,0.04799999999999999,14.29,6.62,16.23,22.85,22.08,12.31,197.0,0.228,44.0,22.34,11.0,5.58,0.715,0.205,20.32,9.9,18.62,28.52,31.41,16.67
745567,2024-06-17,2024,681082,L,666745,R,field_out,False,False,187.0,0.229,26.0,13.9,23.0,12.3,0.702,0.147,16.87,7.22,22.05,29.27,26.95,11.82,474.0,0.28,76.0,16.03,26.0,5.49,0.753,0.1509999999999999,14.49,6.52,22.08,28.6,28.42,11.93,64.0,0.18,14.0,21.88,2.0,3.12,0.534,0.14800000000000002,21.7,10.75,15.89,26.64,21.74,28.57,177.0,0.263,28.0,15.82,17.0,9.6,0.771,0.173,23.29,11.05,16.2,27.25,27.19,15.82
745567,2024-06-17,2024,595777,R,650911,L,single,False,False,90.0,0.342,7.0,7.78,13.0,14.44,0.9910000000000001,0.21100000000000002,16.56,7.08,15.86,22.95,22.03,6.06,147.0,0.275,22.0,14.97,13.0,8.84,0.774,0.1519999999999999,15.44,6.84,17.44,24.27,22.81,13.33,247.0,0.28,49.0,19.84,21.0,8.5,0.704,0.08399999999999996,23.65,11.31,16.59,27.91,31.05,18.85,316.0,0.26,69.0,21.84,11.0,3.48,0.7649999999999999,0.2129999999999999,25.65,12.57,18.31,30.88,35.87,20.66
745567,2024-06-17,2024,592518,R,650911,L,strikeout,True,False,80.0,0.208,19.0,23.75,8.0,10.0,0.663,0.167,29.71,13.8,14.81,28.62,26.14,21.69,150.0,0.308,26.0,17.33,14.0,9.33,0.887,0.203,21.32,9.67,16.52,26.19,28.38,16.56,247.0,0.28,49.0,19.84,21.0,8.5,0.704,0.08399999999999996,23.65,11.31,16.59,27.91,31.05,18.85,316.0,0.26,69.0,21.84,11.0,3.48,0.7649999999999999,0.2129999999999999,25.65,12.57,18.31,30.88,35.87,20.66
745567,2024-06-17,2024,456781,R,650911,L,double,False,False,54.0,0.298,9.0,16.67,7.0,12.96,0.857,0.17000000000000004,25.0,10.66,19.26,29.92,25.2,11.69,153.0,0.286,32.0,20.92,11.0,7.19,0.746,0.114,24.12,11.77,18.21,29.98,32.04,14.35,247.0,0.28,49.0,19.84,21.0,8.5,0.704,0.08399999999999996,23.65,11.31,16.59,27.91,31.05,18.85,316.0,0.26,69.0,21.84,11.0,3.48,0.7649999999999999,0.2129999999999999,25.65,12.57,18.31,30.88,35.87,20.66
745567,2024-06-17,2024,630105,L,650911,L,field_out,False,False,95.0,0.202,18.0,18.95,8.0,8.42,0.57,0.08399999999999996,17.58,8.02,15.04,23.06,19.05,14.29,156.0,0.229,38.0,24.36,10.0,6.41,0.665,0.1349999999999999,18.48,9.0,20.1,29.1,30.82,17.84,53.0,0.24,12.0,22.64,2.0,3.77,0.549,0.040000000000000036,24.04,12.5,18.0,30.5,41.05,19.67,80.0,0.133,27.0,33.75,5.0,6.25,0.401,0.0799999999999999,29.77,13.4,23.37,36.77,30.3,33.75
745567,2024-06-17,2024,673490,R,650911,L,field_out,False,False,87.0,0.187,13.0,14.94,11.0,12.64,0.6379999999999999,0.15999999999999998,14.38,5.68,21.89,27.57,16.46,11.82,191.0,0.302,30.0,15.71,20.0,10.47,0.897,0.219,15.84,6.63,22.21,28.83,23.47,11.49,247.0,0.28,49.0,19.84,21.0,8.5,0.704,0.08399999999999996,23.65,11.31,16.59,27.91,31.05,18.85,316.0,0.26,69.0,21.84,11.0,3.48,0.7649999999999999,0.2129999999999999,25.65,12.57,18.31,30.88,35.87,20.66
745567,2024-06-17,2024,592206,R,666745,R,field_out,False,False,215.0,0.189,44.0,20.47,16.0,7.44,0.5469999999999999,0.10199999999999998,31.87,18.67,10.15,28.82,39.52,19.82,485.0,0.252,140.0,28.87,25.0,5.15,0.733,0.192,37.06,20.57,11.78,32.36,40.41,25.27,88.0,0.333,8.0,9.09,4.0,4.55,0.745,0.04799999999999999,14.29,6.62,16.23,22.85,22.08,12.31,197.0,0.228,44.0,22.34,11.0,5.58,0.715,0.205,20.32,9.9,18.62,28.52,31.41,16.67
745567,2024-06-17,2024,669016,L,666745,R,double,False,False,150.0,0.29,37.0,24.67,17.0,11.33,0.85,0.191,22.39,8.98,18.26,27.25,23.06,17.54,363.0,0.292,101.0,27.82,47.0,12.95,0.864,0.185,25.19,10.97,17.37,28.35,25.74,21.31,64.0,0.18,14.0,21.88,2.0,3.12,0.534,0.14800000000000002,21.7,10.75,15.89,26.64,21.74,28.57,177.0,0.263,28.0,15.82,17.0,9.6,0.771,0.173,23.29,11.05,16.2,27.25,27.19,15.82
745567,2024-06-17,2024,621311,L,666745,R,field_out,False,False,23.0,0.261,5.0,21.74,0.0,0.0,0.87,0.348,18.37,10.34,11.49,21.84,38.3,16.13,9.0,0.111,2.0,22.22,0.0,0.0,0.555,0.333,25.0,12.9,16.13,29.03,33.33,33.33,64.0,0.18,14.0,21.88,2.0,3.12,0.534,0.14800000000000002,21.7,10.75,15.89,26.64,21.74,28.57,177.0,0.263,28.0,15.82,17.0,9.6,0.771,0.173,23.29,11.05,16.2,27.25,27.19,15.82
745567,2024-06-17,2024,665561,L,666745,R,single,False,False,7.0,0.143,2.0,28.57,0.0,0.0,0.714,0.42799999999999994,12.5,7.14,14.29,21.43,42.86,16.67,,,,,,,,,,,,,,,64.0,0.18,14.0,21.88,2.0,3.12,0.534,0.14800000000000002,21.7,10.75,15.89,26.64,21.74,28.57,177.0,0.263,28.0,15.82,17.0,9.6,0.771,0.173,23.29,11.05,16.2,27.25,27.19,15.82
745567,2024-06-17,2024,656941,L,666745,R,walk,False,True,193.0,0.199,57.0,29.53,31.0,16.06,0.73,0.20500000000000002,32.82,13.33,15.82,29.14,22.17,24.24,469.0,0.201,128.0,27.29,85.0,18.12,0.848,0.296,31.18,11.75,19.66,31.41,21.53,23.1,64.0,0.18,14.0,21.88,2.0,3.12,0.534,0.14800000000000002,21.7,10.75,15.89,26.64,21.74,28.57,177.0,0.263,28.0,15.82,17.0,9.6,0.771,0.173,23.29,11.05,16.2,27.25,27.19,15.82
745567,2024-06-17,2024,607208,R,666745,R,field_out,False,False,89.0,0.357,14.0,15.73,4.0,4.49,0.881,0.131,21.66,10.62,15.31,25.94,26.88,16.09,485.0,0.282,109.0,22.47,29.0,5.98,0.8029999999999999,0.19,28.9,15.6,12.67,28.27,36.06,17.81,88.0,0.333,8.0,9.09,4.0,4.55,0.745,0.04799999999999999,14.29,6.62,16.23,22.85,22.08,12.31,197.0,0.228,44.0,22.34,11.0,5.58,0.715,0.205,20.32,9.9,18.62,28.52,31.41,16.67
745567,2024-06-17,2024,701538,L,621237,L,field_out,False,False,76.0,0.211,7.0,9.21,4.0,5.26,0.602,0.141,16.67,8.42,13.92,22.34,27.07,9.72,,,,,,,,,,,,,,,38.0,0.114,9.0,23.68,3.0,7.89,0.32699999999999996,0.028999999999999984,24.29,12.41,19.71,32.12,37.93,20.0,47.0,0.217,13.0,27.66,0.0,0.0,0.521,0.087,14.81,7.02,22.81,29.82,36.84,27.66
745567,2024-06-17,2024,543309,R,621237,L,field_out,False,False,35.0,0.152,15.0,42.86,2.0,5.71,0.533,0.18100000000000002,36.36,16.44,21.23,37.67,27.4,29.41,69.0,0.242,21.0,30.43,2.0,2.9,0.776,0.273,28.06,14.13,16.67,30.8,33.33,22.83,84.0,0.233,23.0,27.38,9.0,10.71,0.65,0.096,25.0,11.65,14.91,26.56,29.5,18.55,126.0,0.187,51.0,40.48,18.0,14.29,0.612,0.121,38.81,19.34,13.24,32.58,30.61,23.83
745567,2024-06-17,2024,669134,R,621237,L,strikeout,True,False,52.0,0.082,5.0,9.62,3.0,5.77,0.29800000000000004,0.081,15.56,7.82,14.53,22.35,31.87,12.2,47.0,0.405,7.0,14.89,3.0,6.38,1.114,0.262,21.88,11.54,12.09,23.63,36.79,11.67,84.0,0.233,23.0,27.38,9.0,10.71,0.65,0.096,25.0,11.65,14.91,26.56,29.5,18.55,126.0,0.187,51.0,40.48,18.0,14.29,0.612,0.121,38.81,19.34,13.24,32.58,30.61,23.83
745567,2024-06-17,2024,547180,L,593974,L,field_out,False,False,112.0,0.287,31.0,27.68,17.0,15.18,0.914,0.23400000000000004,32.46,16.05,11.28,27.33,32.94,23.31,171.0,0.289,39.0,22.81,20.0,11.7,0.884,0.221,38.61,20.03,9.85,29.89,35.59,22.41,32.0,0.286,7.0,21.88,2.0,6.25,0.696,0.03500000000000003,25.53,11.11,14.81,25.93,25.93,29.17,97.0,0.138,24.0,24.74,10.0,10.31,0.483,0.0739999999999999,26.88,13.4,11.26,24.66,37.04,21.24
745567,2024-06-17,2024,664761,R,593974,L,field_out,False,False,94.0,0.261,10.0,10.64,6.0,6.38,0.729,0.15899999999999997,11.25,5.45,14.85,20.3,25.0,11.24,167.0,0.303,26.0,15.57,8.0,4.79,0.929,0.291,20.3,10.86,12.97,23.82,35.24,14.21,73.0,0.242,8.0,10.96,5.0,6.85,0.74,0.197,19.55,9.49,12.77,22.26,32.5,11.11,130.0,0.229,27.0,20.77,20.0,15.38,0.758,0.175,32.0,14.15,13.75,27.9,29.08,20.3
745567,2024-06-17,2024,593160,R,593974,L,field_out,False,False,62.0,0.207,5.0,8.06,3.0,4.84,0.643,0.19000000000000003,18.64,9.95,16.29,26.24,31.37,6.85,147.0,0.259,21.0,14.29,9.0,6.12,0.692,0.134,17.44,9.06,13.12,22.18,31.02,14.19,73.0,0.242,8.0,10.96,5.0,6.85,0.74,0.197,19.55,9.49,12.77,22.26,32.5,11.11,130.0,0.229,27.0,20.77,20.0,15.38,0.758,0.175,32.0,14.15,13.75,27.9,29.08,20.3
745567,2024-06-17,2024,640492,R,614179,R,field_out,False,False,30.0,0.222,8.0,26.67,3.0,10.0,0.5589999999999999,0.037000000000000005,32.35,18.64,11.86,30.51,46.15,18.6,48.0,0.286,12.0,25.0,3.0,6.25,0.824,0.19,25.0,13.1,18.45,31.55,43.33,22.64,44.0,0.263,9.0,20.45,3.0,6.82,0.66,0.07900000000000001,29.89,15.95,15.34,31.29,39.74,17.65,119.0,0.276,26.0,21.85,10.0,8.4,0.8280000000000001,0.191,31.2,14.75,13.94,28.69,29.14,16.03
745567,2024-06-17,2024,444482,L,614179,R,single,False,False,39.0,0.2,8.0,20.51,3.0,7.69,0.492,0.028999999999999998,26.37,15.69,9.8,25.49,41.56,12.07,387.0,0.253,63.0,16.28,19.0,4.91,0.6739999999999999,0.131,22.16,12.01,13.06,25.07,33.57,15.04,34.0,0.344,10.0,29.41,2.0,5.88,0.913,0.18700000000000006,32.47,18.25,10.22,28.47,42.11,23.26,88.0,0.315,13.0,14.77,11.0,12.5,1.012,0.288,26.76,11.52,14.24,25.76,25.7,20.0
745567,2024-06-17,2024,592518,R,614179,R,grounded_into_double_play,False,False,185.0,0.264,42.0,22.7,10.0,5.41,0.655,0.08699999999999997,25.78,12.8,14.91,27.71,27.81,20.69,452.0,0.241,83.0,18.36,36.0,7.96,0.747,0.205,24.68,12.42,14.05,26.47,29.58,16.9,44.0,0.263,9.0,20.45,3.0,6.82,0.66,0.07900000000000001,29.89,15.95,15.34,31.29,39.74,17.65,119.0,0.276,26.0,21.85,10.0,8.4,0.8280000000000001,0.191,31.2,14.75,13.94,28.69,29.14,16.03
745490,2024-06-17,2024,670770,L,694973,R,field_out,False,False,64.0,0.211,10.0,15.62,5.0,7.81,0.725,0.228,15.15,6.2,19.83,26.03,22.03,16.67,446.0,0.26,70.0,15.7,38.0,8.52,0.785,0.189,18.12,7.73,19.52,27.25,25.03,13.48,66.0,0.197,25.0,37.88,3.0,4.55,0.51,0.08200000000000002,35.85,18.75,14.14,32.89,31.21,24.04,,,,,,,,,,,,,,
745490,2024-06-17,2024,682829,L,694973,R,field_out,False,False,192.0,0.243,65.0,33.85,23.0,11.98,0.8180000000000001,0.242,33.0,13.16,20.88,34.04,24.1,31.07,307.0,0.255,95.0,30.94,30.0,9.77,0.7989999999999999,0.2159999999999999,26.69,11.86,17.47,29.33,31.27,25.07,66.0,0.197,25.0,37.88,3.0,4.55,0.51,0.08200000000000002,35.85,18.75,14.14,32.89,31.21,24.04,,,,,,,,,,,,,,
745490,2024-06-17,2024,600869,L,694973,R,single,False,False,176.0,0.256,46.0,26.14,8.0,4.55,0.8400000000000001,0.29300000000000004,28.01,15.04,13.38,28.42,36.31,22.01,415.0,0.251,91.0,21.93,38.0,9.16,0.812,0.2279999999999999,25.42,11.83,16.22,28.05,27.64,18.71,66.0,0.197,25.0,37.88,3.0,4.55,0.51,0.08200000000000002,35.85,18.75,14.14,32.89,31.21,24.04,,,,,,,,,,,,,,
745490,2024-06-17,2024,668715,R,694973,R,double,False,False,200.0,0.23,40.0,20.0,20.0,10.0,0.6799999999999999,0.13499999999999998,21.37,9.54,17.6,27.14,25.0,15.04,487.0,0.256,106.0,21.77,51.0,10.47,0.7789999999999999,0.175,25.48,10.86,19.02,29.88,22.75,18.53,65.0,0.23,21.0,32.31,3.0,4.62,0.67,0.163,25.87,13.96,16.23,30.19,30.7,20.0,,,,,,,,,,,,,,
745490,2024-06-17,2024,641584,L,694973,R,field_out,False,False,147.0,0.28,31.0,21.09,12.0,8.16,0.696,0.07599999999999996,20.26,11.67,9.44,21.11,29.51,17.51,339.0,0.268,66.0,19.47,34.0,10.03,0.815,0.199,24.78,12.84,11.52,24.36,30.55,18.38,66.0,0.197,25.0,37.88,3.0,4.55,0.51,0.08200000000000002,35.85,18.75,14.14,32.89,31.21,24.04,,,,,,,,,,,,,,
745490,2024-06-17,2024,457705,R,686730,R,walk,False,True,176.0,0.255,47.0,26.7,17.0,9.66,0.749,0.15899999999999997,30.91,13.23,18.62,31.85,18.51,20.7,312.0,0.254,72.0,23.08,49.0,15.71,0.767,0.137,28.77,12.06,17.2,29.26,17.59,17.52,37.0,0.235,8.0,21.62,2.0,5.41,0.621,0.08900000000000002,22.39,10.95,18.98,29.93,26.79,17.39,31.0,0.214,8.0,25.81,3.0,9.68,0.683,0.179,18.46,8.63,20.14,28.78,30.65,16.0
745490,2024-06-17,2024,668804,L,686730,R,double,False,False,222.0,0.259,45.0,20.27,23.0,10.36,0.754,0.15699999999999997,27.54,12.82,14.32,27.14,26.67,17.93,438.0,0.252,94.0,21.46,45.0,10.27,0.821,0.2309999999999999,28.75,13.22,13.73,26.95,24.9,18.49,43.0,0.275,7.0,16.28,2.0,4.65,0.6759999999999999,0.07499999999999996,20.0,10.46,19.61,30.07,24.19,17.95,33.0,0.429,4.0,12.12,4.0,12.12,0.964,0.035,22.08,11.18,8.55,19.74,29.89,8.7
745490,2024-06-17,2024,665833,L,686730,R,single,False,False,194.0,0.298,61.0,31.44,15.0,7.73,0.862,0.21300000000000002,34.05,15.63,18.98,34.62,34.11,23.46,33.0,0.185,7.0,21.21,5.0,15.15,0.636,0.148,27.69,13.14,15.33,28.47,34.25,17.95,43.0,0.275,7.0,16.28,2.0,4.65,0.6759999999999999,0.07499999999999996,20.0,10.46,19.61,30.07,24.19,17.95,33.0,0.429,4.0,12.12,4.0,12.12,0.964,0.035,22.08,11.18,8.55,19.74,29.89,8.7
745490,2024-06-17,2024,693304,R,686730,R,field_out,False,False,94.0,0.291,22.0,23.4,4.0,4.26,0.765,0.15100000000000002,28.71,16.17,10.78,26.95,32.6,17.6,86.0,0.234,21.0,24.42,3.0,3.49,0.638,0.1299999999999999,30.36,15.84,12.11,27.95,27.85,22.11,37.0,0.235,8.0,21.62,2.0,5.41,0.621,0.08900000000000002,22.39,10.95,18.98,29.93,26.79,17.39,31.0,0.214,8.0,25.81,3.0,9.68,0.683,0.179,18.46,8.63,20.14,28.78,30.65,16.0
745490,2024-06-17,2024,642133,L,686730,R,double,False,False,157.0,0.236,28.0,17.83,11.0,7.01,0.605,0.07600000000000001,20.99,8.76,20.54,29.3,23.53,18.79,300.0,0.223,73.0,24.33,29.0,9.67,0.69,0.173,22.22,8.47,23.11,31.59,24.77,19.95,43.0,0.275,7.0,16.28,2.0,4.65,0.6759999999999999,0.07499999999999996,20.0,10.46,19.61,30.07,24.19,17.95,33.0,0.429,4.0,12.12,4.0,12.12,0.964,0.035,22.08,11.18,8.55,19.74,29.89,8.7
745490,2024-06-17,2024,663647,R,686730,R,field_out,False,False,148.0,0.207,33.0,22.3,10.0,6.76,0.501,0.03,18.67,8.3,21.4,29.7,28.94,21.29,358.0,0.26,75.0,20.95,22.0,6.15,0.721,0.1559999999999999,21.48,9.63,20.09,29.72,30.19,22.32,37.0,0.235,8.0,21.62,2.0,5.41,0.621,0.08900000000000002,22.39,10.95,18.98,29.93,26.79,17.39,31.0,0.214,8.0,25.81,3.0,9.68,0.683,0.179,18.46,8.63,20.14,28.78,30.65,16.0
745490,2024-06-17,2024,656582,R,686730,R,strikeout,True,False,157.0,0.234,35.0,22.29,13.0,8.28,0.688,0.142,23.86,10.66,18.95,29.61,23.86,20.96,279.0,0.235,70.0,25.09,27.0,9.68,0.72,0.166,22.25,8.9,20.93,29.83,20.67,18.23,37.0,0.235,8.0,21.62,2.0,5.41,0.621,0.08900000000000002,22.39,10.95,18.98,29.93,26.79,17.39,31.0,0.214,8.0,25.81,3.0,9.68,0.683,0.179,18.46,8.63,20.14,28.78,30.65,16.0
745490,2024-06-17,2024,663886,R,694973,R,strikeout,True,False,140.0,0.246,31.0,22.14,13.0,9.29,0.7050000000000001,0.123,22.73,9.94,18.49,28.43,24.39,21.9,378.0,0.228,105.0,27.78,34.0,8.99,0.657,0.1239999999999999,29.78,12.81,19.96,32.77,26.19,24.59,65.0,0.23,21.0,32.31,3.0,4.62,0.67,0.163,25.87,13.96,16.23,30.19,30.7,20.0,,,,,,,,,,,,,,
745490,2024-06-17,2024,605361,L,694973,R,single,False,False,99.0,0.209,24.0,24.24,5.0,5.05,0.605,0.12800000000000003,27.22,12.89,18.16,31.05,27.47,22.43,67.0,0.262,11.0,16.42,4.0,5.97,0.951,0.361,16.8,7.78,18.52,26.3,24.19,11.46,66.0,0.197,25.0,37.88,3.0,4.55,0.51,0.08200000000000002,35.85,18.75,14.14,32.89,31.21,24.04,,,,,,,,,,,,,,
745490,2024-06-17,2024,663697,R,694973,R,strikeout,True,False,175.0,0.218,41.0,23.43,23.0,13.14,0.637,0.088,19.92,7.16,21.08,28.24,15.8,19.71,397.0,0.257,73.0,18.39,37.0,9.32,0.7809999999999999,0.175,21.3,8.18,21.42,29.59,19.53,15.19,65.0,0.23,21.0,32.31,3.0,4.62,0.67,0.163,25.87,13.96,16.23,30.19,30.7,20.0,,,,,,,,,,,,,,
745490,2024-06-17,2024,666181,L,694973,R,field_out,False,False,176.0,0.233,75.0,42.61,17.0,9.66,0.76,0.22,39.54,18.8,15.12,33.92,21.75,31.78,285.0,0.297,89.0,31.23,37.0,12.98,0.938,0.252,31.03,13.11,16.03,29.13,18.51,23.66,66.0,0.197,25.0,37.88,3.0,4.55,0.51,0.08200000000000002,35.85,18.75,14.14,32.89,31.21,24.04,,,,,,,,,,,,,,
745490,2024-06-17,2024,669261,L,686730,R,strikeout,True,False,157.0,0.163,40.0,25.48,21.0,13.38,0.5780000000000001,0.141,24.75,11.32,14.73,26.05,21.66,20.2,404.0,0.232,117.0,28.96,61.0,15.1,0.857,0.271,29.06,11.36,18.81,30.17,17.6,22.37,43.0,0.275,7.0,16.28,2.0,4.65,0.6759999999999999,0.07499999999999996,20.0,10.46,19.61,30.07,24.19,17.95,33.0,0.429,4.0,12.12,4.0,12.12,0.964,0.035,22.08,11.18,8.55,19.74,29.89,8.7
745490,2024-06-17,2024,518735,L,686730,R,field_out,False,False,59.0,0.14,11.0,18.64,2.0,3.39,0.45000000000000007,0.14100000000000001,23.15,10.96,23.25,34.21,34.55,17.19,309.0,0.235,61.0,19.74,27.0,8.74,0.636,0.094,22.36,10.08,19.44,29.52,27.06,17.13,43.0,0.275,7.0,16.28,2.0,4.65,0.6759999999999999,0.07499999999999996,20.0,10.46,19.61,30.07,24.19,17.95,33.0,0.429,4.0,12.12,4.0,12.12,0.964,0.035,22.08,11.18,8.55,19.74,29.89,8.7
745490,2024-06-17,2024,457705,R,686730,R,double,False,False,176.0,0.255,47.0,26.7,17.0,9.66,0.749,0.15899999999999997,30.91,13.23,18.62,31.85,18.51,20.7,312.0,0.254,72.0,23.08,49.0,15.71,0.767,0.137,28.77,12.06,17.2,29.26,17.59,17.52,37.0,0.235,8.0,21.62,2.0,5.41,0.621,0.08900000000000002,22.39,10.95,18.98,29.93,26.79,17.39,31.0,0.214,8.0,25.81,3.0,9.68,0.683,0.179,18.46,8.63,20.14,28.78,30.65,16.0
745490,2024-06-17,2024,668804,L,686730,R,double,False,False,222.0,0.259,45.0,20.27,23.0,10.36,0.754,0.15699999999999997,27.54,12.82,14.32,27.14,26.67,17.93,438.0,0.252,94.0,21.46,45.0,10.27,0.821,0.2309999999999999,28.75,13.22,13.73,26.95,24.9,18.49,43.0,0.275,7.0,16.28,2.0,4.65,0.6759999999999999,0.07499999999999996,20.0,10.46,19.61,30.07,24.19,17.95,33.0,0.429,4.0,12.12,4.0,12.12,0.964,0.035,22.08,11.18,8.55,19.74,29.89,8.7
745490,2024-06-17,2024,665833,L,686730,R,strikeout,True,False,194.0,0.298,61.0,31.44,15.0,7.73,0.862,0.21300000000000002,34.05,15.63,18.98,34.62,34.11,23.46,33.0,0.185,7.0,21.21,5.0,15.15,0.636,0.148,27.69,13.14,15.33,28.47,34.25,17.95,43.0,0.275,7.0,16.28,2.0,4.65,0.6759999999999999,0.07499999999999996,20.0,10.46,19.61,30.07,24.19,17.95,33.0,0.429,4.0,12.12,4.0,12.12,0.964,0.035,22.08,11.18,8.55,19.74,29.89,8.7
745490,2024-06-17,2024,670770,L,694973,R,strikeout,True,False,64.0,0.211,10.0,15.62,5.0,7.81,0.725,0.228,15.15,6.2,19.83,26.03,22.03,16.67,446.0,0.26,70.0,15.7,38.0,8.52,0.785,0.189,18.12,7.73,19.52,27.25,25.03,13.48,66.0,0.197,25.0,37.88,3.0,4.55,0.51,0.08200000000000002,35.85,18.75,14.14,32.89,31.21,24.04,,,,,,,,,,,,,,
745490,2024-06-17,2024,682829,L,694973,R,double,False,False,192.0,0.243,65.0,33.85,23.0,11.98,0.8180000000000001,0.242,33.0,13.16,20.88,34.04,24.1,31.07,307.0,0.255,95.0,30.94,30.0,9.77,0.7989999999999999,0.2159999999999999,26.69,11.86,17.47,29.33,31.27,25.07,66.0,0.197,25.0,37.88,3.0,4.55,0.51,0.08200000000000002,35.85,18.75,14.14,32.89,31.21,24.04,,,,,,,,,,,,,,
745490,2024-06-17,2024,600869,L,694973,R,strikeout,True,False,176.0,0.256,46.0,26.14,8.0,4.55,0.8400000000000001,0.29300000000000004,28.01,15.04,13.38,28.42,36.31,22.01,415.0,0.251,91.0,21.93,38.0,9.16,0.812,0.2279999999999999,25.42,11.83,16.22,28.05,27.64,18.71,66.0,0.197,25.0,37.88,3.0,4.55,0.51,0.08200000000000002,35.85,18.75,14.14,32.89,31.21,24.04,,,,,,,,,,,,,,
745490,2024-06-17,2024,668715,R,694973,R,strikeout,True,False,200.0,0.23,40.0,20.0,20.0,10.0,0.6799999999999999,0.13499999999999998,21.37,9.54,17.6,27.14,25.0,15.04,487.0,0.256,106.0,21.77,51.0,10.47,0.7789999999999999,0.175,25.48,10.86,19.02,29.88,22.75,18.53,65.0,0.23,21.0,32.31,3.0,4.62,0.67,0.163,25.87,13.96,16.23,30.19,30.7,20.0,,,,,,,,,,,,,,
745490,2024-06-17,2024,693304,R,686730,R,field_out,False,False,94.0,0.291,22.0,23.4,4.0,4.26,0.765,0.15100000000000002,28.71,16.17,10.78,26.95,32.6,17.6,86.0,0.234,21.0,24.42,3.0,3.49,0.638,0.1299999999999999,30.36,15.84,12.11,27.95,27.85,22.11,37.0,0.235,8.0,21.62,2.0,5.41,0.621,0.08900000000000002,22.39,10.95,18.98,29.93,26.79,17.39,31.0,0.214,8.0,25.81,3.0,9.68,0.683,0.179,18.46,8.63,20.14,28.78,30.65,16.0
745490,2024-06-17,2024,642133,L,686730,R,double,False,False,157.0,0.236,28.0,17.83,11.0,7.01,0.605,0.07600000000000001,20.99,8.76,20.54,29.3,23.53,18.79,300.0,0.223,73.0,24.33,29.0,9.67,0.69,0.173,22.22,8.47,23.11,31.59,24.77,19.95,43.0,0.275,7.0,16.28,2.0,4.65,0.6759999999999999,0.07499999999999996,20.0,10.46,19.61,30.07,24.19,17.95,33.0,0.429,4.0,12.12,4.0,12.12,0.964,0.035,22.08,11.18,8.55,19.74,29.89,8.7
745490,2024-06-17,2024,663647,R,686730,R,fielders_choice_out,False,False,148.0,0.207,33.0,22.3,10.0,6.76,0.501,0.03,18.67,8.3,21.4,29.7,28.94,21.29,358.0,0.26,75.0,20.95,22.0,6.15,0.721,0.1559999999999999,21.48,9.63,20.09,29.72,30.19,22.32,37.0,0.235,8.0,21.62,2.0,5.41,0.621,0.08900000000000002,22.39,10.95,18.98,29.93,26.79,17.39,31.0,0.214,8.0,25.81,3.0,9.68,0.683,0.179,18.46,8.63,20.14,28.78,30.65,16.0
745490,2024-06-17,2024,656582,R,686730,R,field_error,False,False,157.0,0.234,35.0,22.29,13.0,8.28,0.688,0.142,23.86,10.66,18.95,29.61,23.86,20.96,279.0,0.235,70.0,25.09,27.0,9.68,0.72,0.166,22.25,8.9,20.93,29.83,20.67,18.23,37.0,0.235,8.0,21.62,2.0,5.41,0.621,0.08900000000000002,22.39,10.95,18.98,29.93,26.79,17.39,31.0,0.214,8.0,25.81,3.0,9.68,0.683,0.179,18.46,8.63,20.14,28.78,30.65,16.0
745490,2024-06-17,2024,669261,L,686730,R,field_out,False,False,157.0,0.163,40.0,25.48,21.0,13.38,0.5780000000000001,0.141,24.75,11.32,14.73,26.05,21.66,20.2,404.0,0.232,117.0,28.96,61.0,15.1,0.857,0.271,29.06,11.36,18.81,30.17,17.6,22.37,43.0,0.275,7.0,16.28,2.0,4.65,0.6759999999999999,0.07499999999999996,20.0,10.46,19.61,30.07,24.19,17.95,33.0,0.429,4.0,12.12,4.0,12.12,0.964,0.035,22.08,11.18,8.55,19.74,29.89,8.7
745490,2024-06-17,2024,641584,L,694973,R,field_out,False,False,147.0,0.28,31.0,21.09,12.0,8.16,0.696,0.07599999999999996,20.26,11.67,9.44,21.11,29.51,17.51,339.0,0.268,66.0,19.47,34.0,10.03,0.815,0.199,24.78,12.84,11.52,24.36,30.55,18.38,66.0,0.197,25.0,37.88,3.0,4.55,0.51,0.08200000000000002,35.85,18.75,14.14,32.89,31.21,24.04,,,,,,,,,,,,,,
745490,2024-06-17,2024,663886,R,694973,R,strikeout,True,False,140.0,0.246,31.0,22.14,13.0,9.29,0.7050000000000001,0.123,22.73,9.94,18.49,28.43,24.39,21.9,378.0,0.228,105.0,27.78,34.0,8.99,0.657,0.1239999999999999,29.78,12.81,19.96,32.77,26.19,24.59,65.0,0.23,21.0,32.31,3.0,4.62,0.67,0.163,25.87,13.96,16.23,30.19,30.7,20.0,,,,,,,,,,,,,,
745490,2024-06-17,2024,605361,L,694973,R,field_out,False,False,99.0,0.209,24.0,24.24,5.0,5.05,0.605,0.12800000000000003,27.22,12.89,18.16,31.05,27.47,22.43,67.0,0.262,11.0,16.42,4.0,5.97,0.951,0.361,16.8,7.78,18.52,26.3,24.19,11.46,66.0,0.197,25.0,37.88,3.0,4.55,0.51,0.08200000000000002,35.85,18.75,14.14,32.89,31.21,24.04,,,,,,,,,,,,,,
745490,2024-06-17,2024,518735,L,686730,R,single,False,False,59.0,0.14,11.0,18.64,2.0,3.39,0.45000000000000007,0.14100000000000001,23.15,10.96,23.25,34.21,34.55,17.19,309.0,0.235,61.0,19.74,27.0,8.74,0.636,0.094,22.36,10.08,19.44,29.52,27.06,17.13,43.0,0.275,7.0,16.28,2.0,4.65,0.6759999999999999,0.07499999999999996,20.0,10.46,19.61,30.07,24.19,17.95,33.0,0.429,4.0,12.12,4.0,12.12,0.964,0.035,22.08,11.18,8.55,19.74,29.89,8.7
745490,2024-06-17,2024,457705,R,686730,R,grounded_into_double_play,False,False,176.0,0.255,47.0,26.7,17.0,9.66,0.749,0.15899999999999997,30.91,13.23,18.62,31.85,18.51,20.7,312.0,0.254,72.0,23.08,49.0,15.71,0.767,0.137,28.77,12.06,17.2,29.26,17.59,17.52,37.0,0.235,8.0,21.62,2.0,5.41,0.621,0.08900000000000002,22.39,10.95,18.98,29.93,26.79,17.39,31.0,0.214,8.0,25.81,3.0,9.68,0.683,0.179,18.46,8.63,20.14,28.78,30.65,16.0
745490,2024-06-17,2024,668804,L,686730,R,strikeout,True,False,222.0,0.259,45.0,20.27,23.0,10.36,0.754,0.15699999999999997,27.54,12.82,14.32,27.14,26.67,17.93,438.0,0.252,94.0,21.46,45.0,10.27,0.821,0.2309999999999999,28.75,13.22,13.73,26.95,24.9,18.49,43.0,0.275,7.0,16.28,2.0,4.65,0.6759999999999999,0.07499999999999996,20.0,10.46,19.61,30.07,24.19,17.95,33.0,0.429,4.0,12.12,4.0,12.12,0.964,0.035,22.08,11.18,8.55,19.74,29.89,8.7
745490,2024-06-17,2024,663697,R,694973,R,strikeout,True,False,175.0,0.218,41.0,23.43,23.0,13.14,0.637,0.088,19.92,7.16,21.08,28.24,15.8,19.71,397.0,0.257,73.0,18.39,37.0,9.32,0.7809999999999999,0.175,21.3,8.18,21.42,29.59,19.53,15.19,65.0,0.23,21.0,32.31,3.0,4.62,0.67,0.163,25.87,13.96,16.23,30.19,30.7,20.0,,,,,,,,,,,,,,
745490,2024-06-17,2024,666181,L,694973,R,field_out,False,False,176.0,0.233,75.0,42.61,17.0,9.66,0.76,0.22,39.54,18.8,15.12,33.92,21.75,31.78,285.0,0.297,89.0,31.23,37.0,12.98,0.938,0.252,31.03,13.11,16.03,29.13,18.51,23.66,66.0,0.197,25.0,37.88,3.0,4.55,0.51,0.08200000000000002,35.85,18.75,14.14,32.89,31.21,24.04,,,,,,,,,,,,,,
745490,2024-06-17,2024,670770,L,694973,R,field_out,False,False,64.0,0.211,10.0,15.62,5.0,7.81,0.725,0.228,15.15,6.2,19.83,26.03,22.03,16.67,446.0,0.26,70.0,15.7,38.0,8.52,0.785,0.189,18.12,7.73,19.52,27.25,25.03,13.48,66.0,0.197,25.0,37.88,3.0,4.55,0.51,0.08200000000000002,35.85,18.75,14.14,32.89,31.21,24.04,,,,,,,,,,,,,,
745490,2024-06-17,2024,665833,L,686730,R,field_out,False,False,194.0,0.298,61.0,31.44,15.0,7.73,0.862,0.21300000000000002,34.05,15.63,18.98,34.62,34.11,23.46,33.0,0.185,7.0,21.21,5.0,15.15,0.636,0.148,27.69,13.14,15.33,28.47,34.25,17.95,43.0,0.275,7.0,16.28,2.0,4.65,0.6759999999999999,0.07499999999999996,20.0,10.46,19.61,30.07,24.19,17.95,33.0,0.429,4.0,12.12,4.0,12.12,0.964,0.035,22.08,11.18,8.55,19.74,29.89,8.7
745490,2024-06-17,2024,693304,R,686730,R,field_out,False,False,94.0,0.291,22.0,23.4,4.0,4.26,0.765,0.15100000000000002,28.71,16.17,10.78,26.95,32.6,17.6,86.0,0.234,21.0,24.42,3.0,3.49,0.638,0.1299999999999999,30.36,15.84,12.11,27.95,27.85,22.11,37.0,0.235,8.0,21.62,2.0,5.41,0.621,0.08900000000000002,22.39,10.95,18.98,29.93,26.79,17.39,31.0,0.214,8.0,25.81,3.0,9.68,0.683,0.179,18.46,8.63,20.14,28.78,30.65,16.0
745490,2024-06-17,2024,642133,L,686730,R,field_out,False,False,157.0,0.236,28.0,17.83,11.0,7.01,0.605,0.07600000000000001,20.99,8.76,20.54,29.3,23.53,18.79,300.0,0.223,73.0,24.33,29.0,9.67,0.69,0.173,22.22,8.47,23.11,31.59,24.77,19.95,43.0,0.275,7.0,16.28,2.0,4.65,0.6759999999999999,0.07499999999999996,20.0,10.46,19.61,30.07,24.19,17.95,33.0,0.429,4.0,12.12,4.0,12.12,0.964,0.035,22.08,11.18,8.55,19.74,29.89,8.7
745490,2024-06-17,2024,682829,L,694973,R,single,False,False,192.0,0.243,65.0,33.85,23.0,11.98,0.8180000000000001,0.242,33.0,13.16,20.88,34.04,24.1,31.07,307.0,0.255,95.0,30.94,30.0,9.77,0.7989999999999999,0.2159999999999999,26.69,11.86,17.47,29.33,31.27,25.07,66.0,0.197,25.0,37.88,3.0,4.55,0.51,0.08200000000000002,35.85,18.75,14.14,32.89,31.21,24.04,,,,,,,,,,,,,,
745490,2024-06-17,2024,600869,L,694973,R,field_out,False,False,176.0,0.256,46.0,26.14,8.0,4.55,0.8400000000000001,0.29300000000000004,28.01,15.04,13.38,28.42,36.31,22.01,415.0,0.251,91.0,21.93,38.0,9.16,0.812,0.2279999999999999,25.42,11.83,16.22,28.05,27.64,18.71,66.0,0.197,25.0,37.88,3.0,4.55,0.51,0.08200000000000002,35.85,18.75,14.14,32.89,31.21,24.04,,,,,,,,,,,,,,
745490,2024-06-17,2024,668715,R,694973,R,single,False,False,200.0,0.23,40.0,20.0,20.0,10.0,0.6799999999999999,0.13499999999999998,21.37,9.54,17.6,27.14,25.0,15.04,487.0,0.256,106.0,21.77,51.0,10.47,0.7789999999999999,0.175,25.48,10.86,19.02,29.88,22.75,18.53,65.0,0.23,21.0,32.31,3.0,4.62,0.67,0.163,25.87,13.96,16.23,30.19,30.7,20.0,,,,,,,,,,,,,,
745490,2024-06-17,2024,641584,L,694973,R,walk,False,True,147.0,0.28,31.0,21.09,12.0,8.16,0.696,0.07599999999999996,20.26,11.67,9.44,21.11,29.51,17.51,339.0,0.268,66.0,19.47,34.0,10.03,0.815,0.199,24.78,12.84,11.52,24.36,30.55,18.38,66.0,0.197,25.0,37.88,3.0,4.55,0.51,0.08200000000000002,35.85,18.75,14.14,32.89,31.21,24.04,,,,,,,,,,,,,,
745490,2024-06-17,2024,663886,R,694973,R,field_out,False,False,140.0,0.246,31.0,22.14,13.0,9.29,0.7050000000000001,0.123,22.73,9.94,18.49,28.43,24.39,21.9,378.0,0.228,105.0,27.78,34.0,8.99,0.657,0.1239999999999999,29.78,12.81,19.96,32.77,26.19,24.59,65.0,0.23,21.0,32.31,3.0,4.62,0.67,0.163,25.87,13.96,16.23,30.19,30.7,20.0,,,,,,,,,,,,,,
745490,2024-06-17,2024,663647,R,686730,R,field_out,False,False,148.0,0.207,33.0,22.3,10.0,6.76,0.501,0.03,18.67,8.3,21.4,29.7,28.94,21.29,358.0,0.26,75.0,20.95,22.0,6.15,0.721,0.1559999999999999,21.48,9.63,20.09,29.72,30.19,22.32,37.0,0.235,8.0,21.62,2.0,5.41,0.621,0.08900000000000002,22.39,10.95,18.98,29.93,26.79,17.39,31.0,0.214,8.0,25.81,3.0,9.68,0.683,0.179,18.46,8.63,20.14,28.78,30.65,16.0
745490,2024-06-17,2024,656582,R,686730,R,strikeout,True,False,157.0,0.234,35.0,22.29,13.0,8.28,0.688,0.142,23.86,10.66,18.95,29.61,23.86,20.96,279.0,0.235,70.0,25.09,27.0,9.68,0.72,0.166,22.25,8.9,20.93,29.83,20.67,18.23,37.0,0.235,8.0,21.62,2.0,5.41,0.621,0.08900000000000002,22.39,10.95,18.98,29.93,26.79,17.39,31.0,0.214,8.0,25.81,3.0,9.68,0.683,0.179,18.46,8.63,20.14,28.78,30.65,16.0
745490,2024-06-17,2024,669261,L,686730,R,field_out,False,False,157.0,0.163,40.0,25.48,21.0,13.38,0.5780000000000001,0.141,24.75,11.32,14.73,26.05,21.66,20.2,404.0,0.232,117.0,28.96,61.0,15.1,0.857,0.271,29.06,11.36,18.81,30.17,17.6,22.37,43.0,0.275,7.0,16.28,2.0,4.65,0.6759999999999999,0.07499999999999996,20.0,10.46,19.61,30.07,24.19,17.95,33.0,0.429,4.0,12.12,4.0,12.12,0.964,0.035,22.08,11.18,8.55,19.74,29.89,8.7
745490,2024-06-17,2024,605361,L,547973,L,hit_by_pitch,False,False,30.0,0.2,7.0,23.33,0.0,0.0,0.6000000000000001,0.2,26.56,16.04,14.15,30.19,46.0,17.07,12.0,0.273,4.0,33.33,1.0,8.33,0.6970000000000001,0.0909999999999999,25.0,13.64,11.36,25.0,33.33,26.67,39.0,0.259,9.0,23.08,12.0,30.77,0.857,0.11099999999999999,33.33,10.37,22.56,32.93,18.28,24.32,50.0,0.243,17.0,34.0,10.0,20.0,0.651,0.0,44.83,18.84,17.39,36.23,23.36,28.81
745490,2024-06-17,2024,663697,R,547973,L,strikeout,True,False,86.0,0.282,14.0,16.28,12.0,13.95,0.775,0.09800000000000003,16.26,5.52,24.59,30.11,14.94,14.0,134.0,0.207,36.0,26.87,15.0,11.19,0.642,0.129,23.87,9.31,22.67,31.99,19.93,19.66,76.0,0.159,34.0,44.74,13.0,17.11,0.636,0.17400000000000002,36.99,14.88,17.63,32.51,22.4,28.1,200.0,0.161,86.0,43.0,26.0,13.0,0.534,0.103,41.53,18.67,19.04,37.71,23.68,36.29
745490,2024-06-17,2024,656413,R,547973,L,field_out,False,False,88.0,0.299,19.0,21.59,11.0,12.5,0.8280000000000001,0.14300000000000002,37.01,17.43,11.01,28.44,21.59,22.35,113.0,0.226,34.0,30.09,13.0,11.5,0.7,0.1289999999999999,36.84,17.46,14.51,31.97,22.54,26.77,76.0,0.159,34.0,44.74,13.0,17.11,0.636,0.17400000000000002,36.99,14.88,17.63,32.51,22.4,28.1,200.0,0.161,86.0,43.0,26.0,13.0,0.534,0.103,41.53,18.67,19.04,37.71,23.68,36.29
745490,2024-06-17,2024,518735,R,608718,L,field_out,False,False,34.0,0.25,7.0,20.59,1.0,2.94,0.554,0.031000000000000028,25.45,12.07,25.0,37.07,37.21,23.33,97.0,0.233,25.0,25.77,9.0,9.28,0.6839999999999999,0.1389999999999999,33.14,14.22,16.91,31.13,28.82,20.66,93.0,0.282,17.0,18.28,7.0,7.53,0.792,0.17700000000000005,21.39,9.76,17.94,27.7,30.19,13.93,185.0,0.229,41.0,22.16,13.0,7.03,0.585,0.0659999999999999,25.84,11.89,18.32,30.21,31.25,19.25
745490,2024-06-17,2024,457705,R,608718,L,field_out,False,False,78.0,0.215,20.0,25.64,10.0,12.82,0.731,0.17,28.89,12.07,19.5,31.58,16.13,19.05,162.0,0.261,28.0,17.28,26.0,16.05,0.7929999999999999,0.1489999999999999,24.63,9.96,18.87,28.83,20.77,14.21,93.0,0.282,17.0,18.28,7.0,7.53,0.792,0.17700000000000005,21.39,9.76,17.94,27.7,30.19,13.93,185.0,0.229,41.0,22.16,13.0,7.03,0.585,0.0659999999999999,25.84,11.89,18.32,30.21,31.25,19.25
745490,2024-06-17,2024,668804,R,608718,L,strikeout,True,False,98.0,0.275,20.0,20.41,6.0,6.12,0.767,0.176,30.48,15.0,16.32,31.32,32.84,17.86,202.0,0.285,44.0,21.78,8.0,3.96,0.727,0.13,26.99,13.48,13.48,26.96,28.29,18.57,93.0,0.282,17.0,18.28,7.0,7.53,0.792,0.17700000000000005,21.39,9.76,17.94,27.7,30.19,13.93,185.0,0.229,41.0,22.16,13.0,7.03,0.585,0.0659999999999999,25.84,11.89,18.32,30.21,31.25,19.25
745490,2024-06-17,2024,665833,L,608718,L,field_out,False,False,64.0,0.115,23.0,35.94,3.0,4.69,0.369,0.09799999999999999,30.09,14.35,21.94,36.29,34.82,33.82,7.0,0.6,1.0,14.29,2.0,28.57,1.314,0.0,50.0,14.81,18.52,33.33,12.5,14.29,61.0,0.224,12.0,19.67,1.0,1.64,0.643,0.17300000000000001,19.01,10.09,12.28,22.37,26.17,17.14,108.0,0.284,14.0,12.96,12.0,11.11,0.7909999999999999,0.137,15.29,6.27,17.11,23.37,15.26,12.61
745490,2024-06-17,2024,674441,L,670059,R,field_out,False,False,57.0,0.2,14.0,24.56,6.0,10.53,0.5820000000000001,0.067,21.21,8.86,21.1,29.96,22.02,18.18,,,,,,,,,,,,,,,42.0,0.212,12.0,28.57,9.0,21.43,0.745,0.152,28.0,11.29,15.59,26.88,14.43,20.34,108.0,0.255,26.0,24.07,7.0,6.48,0.665,0.1019999999999999,21.83,11.04,11.26,22.3,27.56,16.45
745490,2024-06-17,2024,682829,L,670059,R,single,False,False,192.0,0.243,65.0,33.85,23.0,11.98,0.8180000000000001,0.242,33.0,13.16,20.88,34.04,24.1,31.07,307.0,0.255,95.0,30.94,30.0,9.77,0.7989999999999999,0.2159999999999999,26.69,11.86,17.47,29.33,31.27,25.07,42.0,0.212,12.0,28.57,9.0,21.43,0.745,0.152,28.0,11.29,15.59,26.88,14.43,20.34,108.0,0.255,26.0,24.07,7.0,6.48,0.665,0.1019999999999999,21.83,11.04,11.26,22.3,27.56,16.45
745490,2024-06-17,2024,600869,L,670059,R,field_out,False,False,176.0,0.256,46.0,26.14,8.0,4.55,0.8400000000000001,0.29300000000000004,28.01,15.04,13.38,28.42,36.31,22.01,415.0,0.251,91.0,21.93,38.0,9.16,0.812,0.2279999999999999,25.42,11.83,16.22,28.05,27.64,18.71,42.0,0.212,12.0,28.57,9.0,21.43,0.745,0.152,28.0,11.29,15.59,26.88,14.43,20.34,108.0,0.255,26.0,24.07,7.0,6.48,0.665,0.1019999999999999,21.83,11.04,11.26,22.3,27.56,16.45
745490,2024-06-17,2024,668715,R,670059,R,strikeout,True,False,200.0,0.23,40.0,20.0,20.0,10.0,0.6799999999999999,0.13499999999999998,21.37,9.54,17.6,27.14,25.0,15.04,487.0,0.256,106.0,21.77,51.0,10.47,0.7789999999999999,0.175,25.48,10.86,19.02,29.88,22.75,18.53,55.0,0.098,15.0,27.27,1.0,1.82,0.263,0.01999999999999999,27.66,12.81,20.69,33.5,28.43,26.32,132.0,0.256,32.0,24.24,13.0,9.85,0.7010000000000001,0.1119999999999999,24.65,10.91,18.93,29.84,24.05,23.88
745490,2024-06-17,2024,693304,R,608718,L,field_out,False,False,39.0,0.361,9.0,23.08,1.0,2.56,1.052,0.30600000000000005,28.57,18.18,10.0,28.18,50.0,32.14,43.0,0.158,15.0,34.88,3.0,6.98,0.5720000000000001,0.158,36.17,19.21,12.99,32.2,28.74,23.81,93.0,0.282,17.0,18.28,7.0,7.53,0.792,0.17700000000000005,21.39,9.76,17.94,27.7,30.19,13.93,185.0,0.229,41.0,22.16,13.0,7.03,0.585,0.0659999999999999,25.84,11.89,18.32,30.21,31.25,19.25
745490,2024-06-17,2024,642133,L,608718,L,field_out,False,False,19.0,0.118,9.0,47.37,2.0,10.53,0.32899999999999996,0.0,45.16,16.67,22.62,39.29,34.0,31.03,52.0,0.174,13.0,25.0,6.0,11.54,0.53,0.087,20.24,7.8,23.39,31.19,20.39,21.31,61.0,0.224,12.0,19.67,1.0,1.64,0.643,0.17300000000000001,19.01,10.09,12.28,22.37,26.17,17.14,108.0,0.284,14.0,12.96,12.0,11.11,0.7909999999999999,0.137,15.29,6.27,17.11,23.37,15.26,12.61
745490,2024-06-17,2024,663647,R,608718,L,single,False,False,59.0,0.333,7.0,11.86,8.0,13.56,0.9450000000000001,0.188,15.15,6.22,18.26,24.48,24.03,10.14,168.0,0.294,29.0,17.26,6.0,3.57,0.8460000000000001,0.237,20.49,9.52,20.2,29.72,31.76,19.21,93.0,0.282,17.0,18.28,7.0,7.53,0.792,0.17700000000000005,21.39,9.76,17.94,27.7,30.19,13.93,185.0,0.229,41.0,22.16,13.0,7.03,0.585,0.0659999999999999,25.84,11.89,18.32,30.21,31.25,19.25
745490,2024-06-17,2024,656582,R,608718,L,strikeout,True,False,93.0,0.293,15.0,16.13,8.0,8.6,0.866,0.20700000000000002,20.62,8.82,17.38,26.2,20.43,13.64,193.0,0.265,40.0,20.73,23.0,11.92,0.8200000000000001,0.187,25.72,9.93,21.34,31.27,18.27,17.32,93.0,0.282,17.0,18.28,7.0,7.53,0.792,0.17700000000000005,21.39,9.76,17.94,27.7,30.19,13.93,185.0,0.229,41.0,22.16,13.0,7.03,0.585,0.0659999999999999,25.84,11.89,18.32,30.21,31.25,19.25
745490,2024-06-17,2024,641584,L,670280,R,field_out,False,False,147.0,0.28,31.0,21.09,12.0,8.16,0.696,0.07599999999999996,20.26,11.67,9.44,21.11,29.51,17.51,339.0,0.268,66.0,19.47,34.0,10.03,0.815,0.199,24.78,12.84,11.52,24.36,30.55,18.38,62.0,0.193,15.0,24.19,4.0,6.45,0.716,0.28099999999999997,23.85,13.14,14.83,27.97,34.29,20.27,135.0,0.22,39.0,28.89,12.0,8.89,0.606,0.0849999999999999,28.03,14.31,13.25,27.56,33.22,20.63
745490,2024-06-17,2024,663886,R,670280,R,field_out,False,False,140.0,0.246,31.0,22.14,13.0,9.29,0.7050000000000001,0.123,22.73,9.94,18.49,28.43,24.39,21.9,378.0,0.228,105.0,27.78,34.0,8.99,0.657,0.1239999999999999,29.78,12.81,19.96,32.77,26.19,24.59,66.0,0.283,16.0,24.24,3.0,4.55,0.7210000000000001,0.10000000000000003,31.03,16.19,14.75,30.94,38.1,17.58,142.0,0.209,41.0,28.87,9.0,6.34,0.5880000000000001,0.117,37.22,20.68,12.23,32.91,35.84,22.16
745490,2024-06-17,2024,605361,L,670280,R,strikeout,True,False,99.0,0.209,24.0,24.24,5.0,5.05,0.605,0.12800000000000003,27.22,12.89,18.16,31.05,27.47,22.43,67.0,0.262,11.0,16.42,4.0,5.97,0.951,0.361,16.8,7.78,18.52,26.3,24.19,11.46,62.0,0.193,15.0,24.19,4.0,6.45,0.716,0.28099999999999997,23.85,13.14,14.83,27.97,34.29,20.27,135.0,0.22,39.0,28.89,12.0,8.89,0.606,0.0849999999999999,28.03,14.31,13.25,27.56,33.22,20.63
744918,2024-06-17,2024,680776,L,579328,L,strikeout,True,False,100.0,0.233,25.0,25.0,10.0,10.0,0.5900000000000001,0.034,25.57,10.87,20.77,31.64,28.5,20.0,49.0,0.289,15.0,30.61,3.0,6.12,0.749,0.133,24.44,10.73,20.0,30.73,27.27,25.86,52.0,0.184,15.0,28.85,2.0,3.85,0.416,0.01999999999999999,31.82,14.36,20.0,34.36,24.71,32.61,141.0,0.214,39.0,27.66,8.0,5.67,0.659,0.175,28.09,13.35,19.22,32.56,29.18,21.79
744918,2024-06-17,2024,608701,R,579328,L,strikeout,True,False,61.0,0.327,16.0,26.23,6.0,9.84,0.868,0.11499999999999999,33.33,15.55,17.65,33.19,23.68,20.25,146.0,0.308,22.0,15.07,23.0,15.75,0.8280000000000001,0.092,21.59,8.39,20.38,28.77,17.59,13.66,271.0,0.27,61.0,22.51,17.0,6.27,0.735,0.14899999999999997,25.33,12.51,16.46,28.97,27.66,18.54,561.0,0.266,142.0,25.31,40.0,7.13,0.756,0.1689999999999999,27.96,13.7,14.72,28.41,29.66,21.23
744918,2024-06-17,2024,641933,R,579328,L,home_run,False,False,63.0,0.32,21.0,33.33,13.0,20.63,1.06,0.27999999999999997,30.19,10.92,17.75,28.67,20.67,24.71,79.0,0.227,14.0,17.72,13.0,16.46,0.7929999999999999,0.212,23.91,10.58,16.03,26.6,24.28,14.14,271.0,0.27,61.0,22.51,17.0,6.27,0.735,0.14899999999999997,25.33,12.51,16.46,28.97,27.66,18.54,561.0,0.266,142.0,25.31,40.0,7.13,0.756,0.1689999999999999,27.96,13.7,14.72,28.41,29.66,21.23
744918,2024-06-17,2024,646240,L,579328,L,home_run,False,False,86.0,0.273,29.0,33.72,7.0,8.14,0.7649999999999999,0.14299999999999996,29.95,16.09,13.79,29.89,31.68,23.39,188.0,0.273,37.0,19.68,11.0,5.85,0.823,0.2149999999999999,27.74,14.71,11.61,26.32,30.93,15.19,52.0,0.184,15.0,28.85,2.0,3.85,0.416,0.01999999999999999,31.82,14.36,20.0,34.36,24.71,32.61,141.0,0.214,39.0,27.66,8.0,5.67,0.659,0.175,28.09,13.35,19.22,32.56,29.18,21.79
744918,2024-06-17,2024,657136,R,579328,L,field_out,False,False,70.0,0.356,13.0,18.57,10.0,14.29,0.915,0.10200000000000004,23.97,12.37,11.31,23.67,26.43,14.77,108.0,0.156,40.0,37.04,9.0,8.33,0.501,0.104,32.9,17.27,14.32,31.59,33.33,27.86,271.0,0.27,61.0,22.51,17.0,6.27,0.735,0.14899999999999997,25.33,12.51,16.46,28.97,27.66,18.54,561.0,0.266,142.0,25.31,40.0,7.13,0.756,0.1689999999999999,27.96,13.7,14.72,28.41,29.66,21.23
744918,2024-06-17,2024,676914,R,601713,R,field_out,False,False,168.0,0.238,39.0,23.21,20.0,11.9,0.772,0.189,25.84,10.48,18.5,28.98,20.51,16.39,87.0,0.247,27.0,31.03,11.0,12.64,0.8340000000000001,0.219,37.06,13.98,21.9,35.88,15.66,21.77,99.0,0.232,32.0,32.32,4.0,4.04,0.716,0.221,31.84,17.49,15.85,33.33,34.16,26.45,346.0,0.197,106.0,30.64,32.0,9.25,0.6060000000000001,0.129,30.92,15.06,15.42,30.48,32.51,24.88
744918,2024-06-17,2024,643376,R,601713,R,field_out,False,False,119.0,0.25,14.0,11.76,13.0,10.92,0.8260000000000001,0.24,16.04,6.26,20.46,26.72,18.97,9.42,215.0,0.237,46.0,21.4,16.0,7.44,0.784,0.221,25.13,11.59,15.17,26.76,23.75,20.09,99.0,0.232,32.0,32.32,4.0,4.04,0.716,0.221,31.84,17.49,15.85,33.33,34.16,26.45,346.0,0.197,106.0,30.64,32.0,9.25,0.6060000000000001,0.129,30.92,15.06,15.42,30.48,32.51,24.88
744918,2024-06-17,2024,665489,R,601713,R,single,False,False,249.0,0.294,45.0,18.07,27.0,10.84,0.7849999999999999,0.118,25.52,12.06,15.32,27.37,25.45,14.2,558.0,0.26,85.0,15.23,48.0,8.6,0.792,0.2,23.83,12.29,11.94,24.23,30.21,15.37,99.0,0.232,32.0,32.32,4.0,4.04,0.716,0.221,31.84,17.49,15.85,33.33,34.16,26.45,346.0,0.197,106.0,30.64,32.0,9.25,0.6060000000000001,0.129,30.92,15.06,15.42,30.48,32.51,24.88
744918,2024-06-17,2024,662139,L,601713,R,strikeout,True,False,196.0,0.209,56.0,28.57,18.0,9.18,0.7609999999999999,0.266,26.42,12.22,16.08,28.3,24.05,24.45,466.0,0.202,111.0,23.82,36.0,7.73,0.662,0.19,25.51,12.84,15.05,27.89,29.23,18.26,87.0,0.192,23.0,26.44,9.0,10.34,0.648,0.18,26.44,12.23,15.69,27.93,23.33,17.97,242.0,0.225,77.0,31.82,18.0,7.44,0.7969999999999999,0.284,27.81,13.61,17.42,31.03,33.87,23.33
744918,2024-06-17,2024,663853,R,579328,L,field_out,False,False,26.0,0.273,4.0,15.38,3.0,11.54,0.6639999999999999,0.044999999999999984,22.45,10.89,12.87,23.76,28.57,16.0,37.0,0.162,15.0,40.54,0.0,0.0,0.4589999999999999,0.1349999999999999,44.44,23.36,17.52,40.88,39.73,31.91,271.0,0.27,61.0,22.51,17.0,6.27,0.735,0.14899999999999997,25.33,12.51,16.46,28.97,27.66,18.54,561.0,0.266,142.0,25.31,40.0,7.13,0.756,0.1689999999999999,27.96,13.7,14.72,28.41,29.66,21.23
744918,2024-06-17,2024,666915,R,579328,L,strikeout,True,False,33.0,0.1,18.0,54.55,3.0,9.09,0.28200000000000003,0.0,50.0,23.81,19.05,42.86,25.68,34.62,22.0,0.35,11.0,50.0,2.0,9.09,0.859,0.1,50.0,23.16,18.95,42.11,28.85,39.29,271.0,0.27,61.0,22.51,17.0,6.27,0.735,0.14899999999999997,25.33,12.51,16.46,28.97,27.66,18.54,561.0,0.266,142.0,25.31,40.0,7.13,0.756,0.1689999999999999,27.96,13.7,14.72,28.41,29.66,21.23
744918,2024-06-17,2024,666152,L,579328,L,strikeout,True,False,23.0,0.273,6.0,26.09,1.0,4.35,0.622,0.044999999999999984,27.78,12.66,17.72,30.38,21.62,28.57,3.0,0.333,0.0,0.0,0.0,0.0,0.666,0.0,25.0,16.67,16.67,33.33,50.0,,52.0,0.184,15.0,28.85,2.0,3.85,0.416,0.01999999999999999,31.82,14.36,20.0,34.36,24.71,32.61,141.0,0.214,39.0,27.66,8.0,5.67,0.659,0.175,28.09,13.35,19.22,32.56,29.18,21.79
744918,2024-06-17,2024,457759,R,601713,R,walk,False,True,174.0,0.2,29.0,16.67,20.0,11.49,0.605,0.09999999999999998,19.57,9.2,16.35,25.54,27.89,10.7,462.0,0.273,78.0,16.88,33.0,7.14,0.765,0.1569999999999999,16.44,7.32,17.97,25.29,25.33,12.0,99.0,0.232,32.0,32.32,4.0,4.04,0.716,0.221,31.84,17.49,15.85,33.33,34.16,26.45,346.0,0.197,106.0,30.64,32.0,9.25,0.6060000000000001,0.129,30.92,15.06,15.42,30.48,32.51,24.88
744918,2024-06-17,2024,543807,R,601713,R,single,False,False,204.0,0.217,30.0,14.71,22.0,10.78,0.621,0.1,23.78,12.22,12.92,25.14,23.96,14.63,539.0,0.262,101.0,18.74,43.0,7.98,0.738,0.1489999999999999,23.18,11.37,14.48,25.84,23.35,18.21,99.0,0.232,32.0,32.32,4.0,4.04,0.716,0.221,31.84,17.49,15.85,33.33,34.16,26.45,346.0,0.197,106.0,30.64,32.0,9.25,0.6060000000000001,0.129,30.92,15.06,15.42,30.48,32.51,24.88
744918,2024-06-17,2024,643396,R,601713,R,sac_fly,False,False,162.0,0.264,22.0,13.58,10.0,6.17,0.6859999999999999,0.11399999999999999,13.41,6.23,21.71,27.94,32.84,15.07,273.0,0.246,54.0,19.78,17.0,6.23,0.6479999999999999,0.1069999999999999,19.6,9.05,20.2,29.25,28.6,15.56,99.0,0.232,32.0,32.32,4.0,4.04,0.716,0.221,31.84,17.49,15.85,33.33,34.16,26.45,346.0,0.197,106.0,30.64,32.0,9.25,0.6060000000000001,0.129,30.92,15.06,15.42,30.48,32.51,24.88
744918,2024-06-17,2024,676391,R,601713,R,single,False,False,72.0,0.214,6.0,8.33,1.0,1.39,0.579,0.143,16.99,9.89,14.83,24.71,44.2,8.11,20.0,0.4,1.0,5.0,0.0,0.0,1.05,0.25,5.71,3.33,15.0,18.33,40.0,7.69,99.0,0.232,32.0,32.32,4.0,4.04,0.716,0.221,31.84,17.49,15.85,33.33,34.16,26.45,346.0,0.197,106.0,30.64,32.0,9.25,0.6060000000000001,0.129,30.92,15.06,15.42,30.48,32.51,24.88
744918,2024-06-17,2024,595281,L,601713,R,strikeout,True,False,105.0,0.198,33.0,31.43,3.0,2.86,0.561,0.135,35.45,19.21,11.82,31.03,33.5,26.83,312.0,0.26,63.0,20.19,25.0,8.01,0.753,0.1709999999999999,29.15,14.21,14.3,28.51,25.39,21.07,87.0,0.192,23.0,26.44,9.0,10.34,0.648,0.18,26.44,12.23,15.69,27.93,23.33,17.97,242.0,0.225,77.0,31.82,18.0,7.44,0.7969999999999999,0.284,27.81,13.61,17.42,31.03,33.87,23.33
744918,2024-06-17,2024,676914,R,601713,R,caught_stealing_2b,False,False,168.0,0.238,39.0,23.21,20.0,11.9,0.772,0.189,25.84,10.48,18.5,28.98,20.51,16.39,87.0,0.247,27.0,31.03,11.0,12.64,0.8340000000000001,0.219,37.06,13.98,21.9,35.88,15.66,21.77,99.0,0.232,32.0,32.32,4.0,4.04,0.716,0.221,31.84,17.49,15.85,33.33,34.16,26.45,346.0,0.197,106.0,30.64,32.0,9.25,0.6060000000000001,0.129,30.92,15.06,15.42,30.48,32.51,24.88
744918,2024-06-17,2024,678882,R,579328,L,home_run,False,False,66.0,0.262,19.0,28.79,4.0,6.06,0.734,0.16399999999999998,35.56,19.83,14.46,34.3,39.67,26.39,27.0,0.192,8.0,29.63,1.0,3.7,0.645,0.2309999999999999,36.36,19.23,14.42,33.65,30.0,24.24,271.0,0.27,61.0,22.51,17.0,6.27,0.735,0.14899999999999997,25.33,12.51,16.46,28.97,27.66,18.54,561.0,0.266,142.0,25.31,40.0,7.13,0.756,0.1689999999999999,27.96,13.7,14.72,28.41,29.66,21.23
744918,2024-06-17,2024,680776,L,579328,L,field_out,False,False,100.0,0.233,25.0,25.0,10.0,10.0,0.5900000000000001,0.034,25.57,10.87,20.77,31.64,28.5,20.0,49.0,0.289,15.0,30.61,3.0,6.12,0.749,0.133,24.44,10.73,20.0,30.73,27.27,25.86,52.0,0.184,15.0,28.85,2.0,3.85,0.416,0.01999999999999999,31.82,14.36,20.0,34.36,24.71,32.61,141.0,0.214,39.0,27.66,8.0,5.67,0.659,0.175,28.09,13.35,19.22,32.56,29.18,21.79
744918,2024-06-17,2024,608701,R,579328,L,strikeout,True,False,61.0,0.327,16.0,26.23,6.0,9.84,0.868,0.11499999999999999,33.33,15.55,17.65,33.19,23.68,20.25,146.0,0.308,22.0,15.07,23.0,15.75,0.8280000000000001,0.092,21.59,8.39,20.38,28.77,17.59,13.66,271.0,0.27,61.0,22.51,17.0,6.27,0.735,0.14899999999999997,25.33,12.51,16.46,28.97,27.66,18.54,561.0,0.266,142.0,25.31,40.0,7.13,0.756,0.1689999999999999,27.96,13.7,14.72,28.41,29.66,21.23
744918,2024-06-17,2024,641933,R,579328,L,home_run,False,False,63.0,0.32,21.0,33.33,13.0,20.63,1.06,0.27999999999999997,30.19,10.92,17.75,28.67,20.67,24.71,79.0,0.227,14.0,17.72,13.0,16.46,0.7929999999999999,0.212,23.91,10.58,16.03,26.6,24.28,14.14,271.0,0.27,61.0,22.51,17.0,6.27,0.735,0.14899999999999997,25.33,12.51,16.46,28.97,27.66,18.54,561.0,0.266,142.0,25.31,40.0,7.13,0.756,0.1689999999999999,27.96,13.7,14.72,28.41,29.66,21.23
744918,2024-06-17,2024,646240,L,579328,L,field_out,False,False,86.0,0.273,29.0,33.72,7.0,8.14,0.7649999999999999,0.14299999999999996,29.95,16.09,13.79,29.89,31.68,23.39,188.0,0.273,37.0,19.68,11.0,5.85,0.823,0.2149999999999999,27.74,14.71,11.61,26.32,30.93,15.19,52.0,0.184,15.0,28.85,2.0,3.85,0.416,0.01999999999999999,31.82,14.36,20.0,34.36,24.71,32.61,141.0,0.214,39.0,27.66,8.0,5.67,0.659,0.175,28.09,13.35,19.22,32.56,29.18,21.79
744918,2024-06-17,2024,676914,R,601713,R,field_out,False,False,168.0,0.238,39.0,23.21,20.0,11.9,0.772,0.189,25.84,10.48,18.5,28.98,20.51,16.39,87.0,0.247,27.0,31.03,11.0,12.64,0.8340000000000001,0.219,37.06,13.98,21.9,35.88,15.66,21.77,99.0,0.232,32.0,32.32,4.0,4.04,0.716,0.221,31.84,17.49,15.85,33.33,34.16,26.45,346.0,0.197,106.0,30.64,32.0,9.25,0.6060000000000001,0.129,30.92,15.06,15.42,30.48,32.51,24.88
744918,2024-06-17,2024,643376,R,601713,R,strikeout,True,False,119.0,0.25,14.0,11.76,13.0,10.92,0.8260000000000001,0.24,16.04,6.26,20.46,26.72,18.97,9.42,215.0,0.237,46.0,21.4,16.0,7.44,0.784,0.221,25.13,11.59,15.17,26.76,23.75,20.09,99.0,0.232,32.0,32.32,4.0,4.04,0.716,0.221,31.84,17.49,15.85,33.33,34.16,26.45,346.0,0.197,106.0,30.64,32.0,9.25,0.6060000000000001,0.129,30.92,15.06,15.42,30.48,32.51,24.88
744918,2024-06-17,2024,665489,R,601713,R,field_out,False,False,249.0,0.294,45.0,18.07,27.0,10.84,0.7849999999999999,0.118,25.52,12.06,15.32,27.37,25.45,14.2,558.0,0.26,85.0,15.23,48.0,8.6,0.792,0.2,23.83,12.29,11.94,24.23,30.21,15.37,99.0,0.232,32.0,32.32,4.0,4.04,0.716,0.221,31.84,17.49,15.85,33.33,34.16,26.45,346.0,0.197,106.0,30.64,32.0,9.25,0.6060000000000001,0.129,30.92,15.06,15.42,30.48,32.51,24.88
744918,2024-06-17,2024,657136,R,579328,L,single,False,False,70.0,0.356,13.0,18.57,10.0,14.29,0.915,0.10200000000000004,23.97,12.37,11.31,23.67,26.43,14.77,108.0,0.156,40.0,37.04,9.0,8.33,0.501,0.104,32.9,17.27,14.32,31.59,33.33,27.86,271.0,0.27,61.0,22.51,17.0,6.27,0.735,0.14899999999999997,25.33,12.51,16.46,28.97,27.66,18.54,561.0,0.266,142.0,25.31,40.0,7.13,0.756,0.1689999999999999,27.96,13.7,14.72,28.41,29.66,21.23
744918,2024-06-17,2024,663853,R,579328,L,single,False,False,26.0,0.273,4.0,15.38,3.0,11.54,0.6639999999999999,0.044999999999999984,22.45,10.89,12.87,23.76,28.57,16.0,37.0,0.162,15.0,40.54,0.0,0.0,0.4589999999999999,0.1349999999999999,44.44,23.36,17.52,40.88,39.73,31.91,271.0,0.27,61.0,22.51,17.0,6.27,0.735,0.14899999999999997,25.33,12.51,16.46,28.97,27.66,18.54,561.0,0.266,142.0,25.31,40.0,7.13,0.756,0.1689999999999999,27.96,13.7,14.72,28.41,29.66,21.23
744918,2024-06-17,2024,666915,R,579328,L,single,False,False,33.0,0.1,18.0,54.55,3.0,9.09,0.28200000000000003,0.0,50.0,23.81,19.05,42.86,25.68,34.62,22.0,0.35,11.0,50.0,2.0,9.09,0.859,0.1,50.0,23.16,18.95,42.11,28.85,39.29,271.0,0.27,61.0,22.51,17.0,6.27,0.735,0.14899999999999997,25.33,12.51,16.46,28.97,27.66,18.54,561.0,0.266,142.0,25.31,40.0,7.13,0.756,0.1689999999999999,27.96,13.7,14.72,28.41,29.66,21.23
744918,2024-06-17,2024,666152,L,579328,L,strikeout,True,False,23.0,0.273,6.0,26.09,1.0,4.35,0.622,0.044999999999999984,27.78,12.66,17.72,30.38,21.62,28.57,3.0,0.333,0.0,0.0,0.0,0.0,0.666,0.0,25.0,16.67,16.67,33.33,50.0,,52.0,0.184,15.0,28.85,2.0,3.85,0.416,0.01999999999999999,31.82,14.36,20.0,34.36,24.71,32.61,141.0,0.214,39.0,27.66,8.0,5.67,0.659,0.175,28.09,13.35,19.22,32.56,29.18,21.79
744918,2024-06-17,2024,678882,R,579328,L,strikeout,True,False,66.0,0.262,19.0,28.79,4.0,6.06,0.734,0.16399999999999998,35.56,19.83,14.46,34.3,39.67,26.39,27.0,0.192,8.0,29.63,1.0,3.7,0.645,0.2309999999999999,36.36,19.23,14.42,33.65,30.0,24.24,271.0,0.27,61.0,22.51,17.0,6.27,0.735,0.14899999999999997,25.33,12.51,16.46,28.97,27.66,18.54,561.0,0.266,142.0,25.31,40.0,7.13,0.756,0.1689999999999999,27.96,13.7,14.72,28.41,29.66,21.23
744918,2024-06-17,2024,680776,L,579328,L,caught_stealing_home,False,False,100.0,0.233,25.0,25.0,10.0,10.0,0.5900000000000001,0.034,25.57,10.87,20.77,31.64,28.5,20.0,49.0,0.289,15.0,30.61,3.0,6.12,0.749,0.133,24.44,10.73,20.0,30.73,27.27,25.86,52.0,0.184,15.0,28.85,2.0,3.85,0.416,0.01999999999999999,31.82,14.36,20.0,34.36,24.71,32.61,141.0,0.214,39.0,27.66,8.0,5.67,0.659,0.175,28.09,13.35,19.22,32.56,29.18,21.79
744918,2024-06-17,2024,662139,L,601713,R,field_out,False,False,196.0,0.209,56.0,28.57,18.0,9.18,0.7609999999999999,0.266,26.42,12.22,16.08,28.3,24.05,24.45,466.0,0.202,111.0,23.82,36.0,7.73,0.662,0.19,25.51,12.84,15.05,27.89,29.23,18.26,87.0,0.192,23.0,26.44,9.0,10.34,0.648,0.18,26.44,12.23,15.69,27.93,23.33,17.97,242.0,0.225,77.0,31.82,18.0,7.44,0.7969999999999999,0.284,27.81,13.61,17.42,31.03,33.87,23.33
744918,2024-06-17,2024,457759,R,601713,R,double,False,False,174.0,0.2,29.0,16.67,20.0,11.49,0.605,0.09999999999999998,19.57,9.2,16.35,25.54,27.89,10.7,462.0,0.273,78.0,16.88,33.0,7.14,0.765,0.1569999999999999,16.44,7.32,17.97,25.29,25.33,12.0,99.0,0.232,32.0,32.32,4.0,4.04,0.716,0.221,31.84,17.49,15.85,33.33,34.16,26.45,346.0,0.197,106.0,30.64,32.0,9.25,0.6060000000000001,0.129,30.92,15.06,15.42,30.48,32.51,24.88
744918,2024-06-17,2024,543807,R,601713,R,field_out,False,False,204.0,0.217,30.0,14.71,22.0,10.78,0.621,0.1,23.78,12.22,12.92,25.14,23.96,14.63,539.0,0.262,101.0,18.74,43.0,7.98,0.738,0.1489999999999999,23.18,11.37,14.48,25.84,23.35,18.21,99.0,0.232,32.0,32.32,4.0,4.04,0.716,0.221,31.84,17.49,15.85,33.33,34.16,26.45,346.0,0.197,106.0,30.64,32.0,9.25,0.6060000000000001,0.129,30.92,15.06,15.42,30.48,32.51,24.88
744918,2024-06-17,2024,643396,R,601713,R,single,False,False,162.0,0.264,22.0,13.58,10.0,6.17,0.6859999999999999,0.11399999999999999,13.41,6.23,21.71,27.94,32.84,15.07,273.0,0.246,54.0,19.78,17.0,6.23,0.6479999999999999,0.1069999999999999,19.6,9.05,20.2,29.25,28.6,15.56,99.0,0.232,32.0,32.32,4.0,4.04,0.716,0.221,31.84,17.49,15.85,33.33,34.16,26.45,346.0,0.197,106.0,30.64,32.0,9.25,0.6060000000000001,0.129,30.92,15.06,15.42,30.48,32.51,24.88
744918,2024-06-17,2024,676391,R,601713,R,field_out,False,False,72.0,0.214,6.0,8.33,1.0,1.39,0.579,0.143,16.99,9.89,14.83,24.71,44.2,8.11,20.0,0.4,1.0,5.0,0.0,0.0,1.05,0.25,5.71,3.33,15.0,18.33,40.0,7.69,99.0,0.232,32.0,32.32,4.0,4.04,0.716,0.221,31.84,17.49,15.85,33.33,34.16,26.45,346.0,0.197,106.0,30.64,32.0,9.25,0.6060000000000001,0.129,30.92,15.06,15.42,30.48,32.51,24.88
744918,2024-06-17,2024,680776,L,670950,R,field_out,False,False,231.0,0.297,48.0,20.78,20.0,8.66,0.909,0.25300000000000006,23.49,11.07,14.69,25.77,27.1,18.46,314.0,0.296,75.0,23.89,21.0,6.69,0.84,0.195,24.68,12.92,13.75,26.67,30.3,19.02,58.0,0.137,13.0,22.41,5.0,8.62,0.44599999999999995,0.09799999999999998,22.86,10.04,19.67,29.71,28.12,18.06,138.0,0.207,42.0,30.43,20.0,14.49,0.724,0.198,36.69,16.72,15.57,32.3,37.93,19.44
744918,2024-06-17,2024,608701,R,670950,R,strikeout,True,False,88.0,0.325,18.0,20.45,8.0,9.09,0.885,0.16899999999999998,22.01,10.26,17.01,27.27,23.31,16.22,98.0,0.159,25.0,25.51,10.0,10.2,0.466,0.036,25.0,10.43,19.91,30.33,20.39,18.38,80.0,0.134,21.0,26.25,10.0,12.5,0.5429999999999999,0.16499999999999998,25.0,10.83,19.09,29.91,30.48,18.42,178.0,0.244,63.0,35.39,15.0,8.43,0.754,0.194,37.26,17.97,16.38,34.35,37.0,24.51
744918,2024-06-17,2024,641933,R,670950,R,field_out,False,False,138.0,0.226,47.0,34.06,11.0,7.97,0.757,0.234,34.6,15.83,16.87,32.7,27.11,25.82,187.0,0.233,53.0,28.34,15.0,8.02,0.6839999999999999,0.157,29.39,13.29,17.12,30.41,25.99,26.5,80.0,0.134,21.0,26.25,10.0,12.5,0.5429999999999999,0.16499999999999998,25.0,10.83,19.09,29.91,30.48,18.42,178.0,0.244,63.0,35.39,15.0,8.43,0.754,0.194,37.26,17.97,16.38,34.35,37.0,24.51
744918,2024-06-17,2024,595281,L,601713,R,field_out,False,False,105.0,0.198,33.0,31.43,3.0,2.86,0.561,0.135,35.45,19.21,11.82,31.03,33.5,26.83,312.0,0.26,63.0,20.19,25.0,8.01,0.753,0.1709999999999999,29.15,14.21,14.3,28.51,25.39,21.07,87.0,0.192,23.0,26.44,9.0,10.34,0.648,0.18,26.44,12.23,15.69,27.93,23.33,17.97,242.0,0.225,77.0,31.82,18.0,7.44,0.7969999999999999,0.284,27.81,13.61,17.42,31.03,33.87,23.33
744918,2024-06-17,2024,676914,R,601713,R,strikeout,True,False,168.0,0.238,39.0,23.21,20.0,11.9,0.772,0.189,25.84,10.48,18.5,28.98,20.51,16.39,87.0,0.247,27.0,31.03,11.0,12.64,0.8340000000000001,0.219,37.06,13.98,21.9,35.88,15.66,21.77,99.0,0.232,32.0,32.32,4.0,4.04,0.716,0.221,31.84,17.49,15.85,33.33,34.16,26.45,346.0,0.197,106.0,30.64,32.0,9.25,0.6060000000000001,0.129,30.92,15.06,15.42,30.48,32.51,24.88
744918,2024-06-17,2024,643376,R,601713,R,single,False,False,119.0,0.25,14.0,11.76,13.0,10.92,0.8260000000000001,0.24,16.04,6.26,20.46,26.72,18.97,9.42,215.0,0.237,46.0,21.4,16.0,7.44,0.784,0.221,25.13,11.59,15.17,26.76,23.75,20.09,99.0,0.232,32.0,32.32,4.0,4.04,0.716,0.221,31.84,17.49,15.85,33.33,34.16,26.45,346.0,0.197,106.0,30.64,32.0,9.25,0.6060000000000001,0.129,30.92,15.06,15.42,30.48,32.51,24.88
744918,2024-06-17,2024,665489,R,601713,R,field_out,False,False,249.0,0.294,45.0,18.07,27.0,10.84,0.7849999999999999,0.118,25.52,12.06,15.32,27.37,25.45,14.2,558.0,0.26,85.0,15.23,48.0,8.6,0.792,0.2,23.83,12.29,11.94,24.23,30.21,15.37,99.0,0.232,32.0,32.32,4.0,4.04,0.716,0.221,31.84,17.49,15.85,33.33,34.16,26.45,346.0,0.197,106.0,30.64,32.0,9.25,0.6060000000000001,0.129,30.92,15.06,15.42,30.48,32.51,24.88
744918,2024-06-17,2024,646240,L,670950,R,field_out,False,False,174.0,0.288,33.0,18.97,26.0,14.94,1.0070000000000001,0.328,24.39,11.35,13.05,24.4,29.49,16.18,469.0,0.27,89.0,18.98,51.0,10.87,0.863,0.235,25.44,13.04,9.74,22.78,33.05,15.06,58.0,0.137,13.0,22.41,5.0,8.62,0.44599999999999995,0.09799999999999998,22.86,10.04,19.67,29.71,28.12,18.06,138.0,0.207,42.0,30.43,20.0,14.49,0.724,0.198,36.69,16.72,15.57,32.3,37.93,19.44
744918,2024-06-17,2024,657136,R,670950,R,field_out,False,False,137.0,0.323,25.0,18.25,4.0,2.92,0.8280000000000001,0.137,27.16,14.13,15.2,29.34,31.53,19.69,296.0,0.262,94.0,31.76,13.0,4.39,0.734,0.1669999999999999,32.08,16.95,15.14,32.09,35.28,27.01,80.0,0.134,21.0,26.25,10.0,12.5,0.5429999999999999,0.16499999999999998,25.0,10.83,19.09,29.91,30.48,18.42,178.0,0.244,63.0,35.39,15.0,8.43,0.754,0.194,37.26,17.97,16.38,34.35,37.0,24.51
744918,2024-06-17,2024,663853,R,670950,R,walk,False,True,13.0,0.231,3.0,23.08,0.0,0.0,0.616,0.154,25.0,11.76,21.57,33.33,39.29,17.65,60.0,0.214,21.0,35.0,2.0,3.33,0.6659999999999999,0.215,33.94,16.37,17.26,33.63,34.71,33.33,80.0,0.134,21.0,26.25,10.0,12.5,0.5429999999999999,0.16499999999999998,25.0,10.83,19.09,29.91,30.48,18.42,178.0,0.244,63.0,35.39,15.0,8.43,0.754,0.194,37.26,17.97,16.38,34.35,37.0,24.51
744918,2024-06-17,2024,666915,R,670950,R,force_out,False,False,53.0,0.152,22.0,41.51,5.0,9.43,0.511,0.10900000000000001,38.74,18.3,18.3,36.6,30.91,23.16,31.0,0.103,17.0,54.84,2.0,6.45,0.368,0.104,45.45,22.22,17.78,40.0,36.11,38.64,80.0,0.134,21.0,26.25,10.0,12.5,0.5429999999999999,0.16499999999999998,25.0,10.83,19.09,29.91,30.48,18.42,178.0,0.244,63.0,35.39,15.0,8.43,0.754,0.194,37.26,17.97,16.38,34.35,37.0,24.51
744918,2024-06-17,2024,662139,L,601713,R,field_out,False,False,196.0,0.209,56.0,28.57,18.0,9.18,0.7609999999999999,0.266,26.42,12.22,16.08,28.3,24.05,24.45,466.0,0.202,111.0,23.82,36.0,7.73,0.662,0.19,25.51,12.84,15.05,27.89,29.23,18.26,87.0,0.192,23.0,26.44,9.0,10.34,0.648,0.18,26.44,12.23,15.69,27.93,23.33,17.97,242.0,0.225,77.0,31.82,18.0,7.44,0.7969999999999999,0.284,27.81,13.61,17.42,31.03,33.87,23.33
744918,2024-06-17,2024,457759,R,601713,R,home_run,False,False,174.0,0.2,29.0,16.67,20.0,11.49,0.605,0.09999999999999998,19.57,9.2,16.35,25.54,27.89,10.7,462.0,0.273,78.0,16.88,33.0,7.14,0.765,0.1569999999999999,16.44,7.32,17.97,25.29,25.33,12.0,99.0,0.232,32.0,32.32,4.0,4.04,0.716,0.221,31.84,17.49,15.85,33.33,34.16,26.45,346.0,0.197,106.0,30.64,32.0,9.25,0.6060000000000001,0.129,30.92,15.06,15.42,30.48,32.51,24.88
744918,2024-06-17,2024,543807,R,601713,R,field_out,False,False,204.0,0.217,30.0,14.71,22.0,10.78,0.621,0.1,23.78,12.22,12.92,25.14,23.96,14.63,539.0,0.262,101.0,18.74,43.0,7.98,0.738,0.1489999999999999,23.18,11.37,14.48,25.84,23.35,18.21,99.0,0.232,32.0,32.32,4.0,4.04,0.716,0.221,31.84,17.49,15.85,33.33,34.16,26.45,346.0,0.197,106.0,30.64,32.0,9.25,0.6060000000000001,0.129,30.92,15.06,15.42,30.48,32.51,24.88
744918,2024-06-17,2024,643396,R,601713,R,field_out,False,False,162.0,0.264,22.0,13.58,10.0,6.17,0.6859999999999999,0.11399999999999999,13.41,6.23,21.71,27.94,32.84,15.07,273.0,0.246,54.0,19.78,17.0,6.23,0.6479999999999999,0.1069999999999999,19.6,9.05,20.2,29.25,28.6,15.56,99.0,0.232,32.0,32.32,4.0,4.04,0.716,0.221,31.84,17.49,15.85,33.33,34.16,26.45,346.0,0.197,106.0,30.64,32.0,9.25,0.6060000000000001,0.129,30.92,15.06,15.42,30.48,32.51,24.88
744918,2024-06-17,2024,665839,L,641835,L,field_out,False,False,21.0,0.0,6.0,28.57,1.0,4.76,0.05,0.0,37.5,20.55,12.33,32.88,47.73,37.5,16.0,0.143,5.0,31.25,1.0,6.25,0.393,0.0,37.5,16.98,16.98,33.96,31.03,50.0,48.0,0.244,5.0,10.42,7.0,14.58,0.6950000000000001,0.09700000000000003,7.94,2.51,25.13,27.64,13.59,8.77,115.0,0.245,26.0,22.61,4.0,3.48,0.5609999999999999,0.0459999999999999,19.23,8.47,23.97,32.45,29.47,22.61
744918,2024-06-17,2024,678882,R,641835,L,single,False,False,66.0,0.262,19.0,28.79,4.0,6.06,0.734,0.16399999999999998,35.56,19.83,14.46,34.3,39.67,26.39,27.0,0.192,8.0,29.63,1.0,3.7,0.645,0.2309999999999999,36.36,19.23,14.42,33.65,30.0,24.24,50.0,0.333,10.0,20.0,3.0,6.0,0.982,0.289,21.74,10.31,14.95,25.26,27.18,16.67,100.0,0.258,27.0,27.0,11.0,11.0,0.744,0.146,27.06,11.3,14.74,26.04,27.47,23.68
744918,2024-06-17,2024,680776,L,641835,L,single,False,False,100.0,0.233,25.0,25.0,10.0,10.0,0.5900000000000001,0.034,25.57,10.87,20.77,31.64,28.5,20.0,49.0,0.289,15.0,30.61,3.0,6.12,0.749,0.133,24.44,10.73,20.0,30.73,27.27,25.86,48.0,0.244,5.0,10.42,7.0,14.58,0.6950000000000001,0.09700000000000003,7.94,2.51,25.13,27.64,13.59,8.77,115.0,0.245,26.0,22.61,4.0,3.48,0.5609999999999999,0.0459999999999999,19.23,8.47,23.97,32.45,29.47,22.61
744918,2024-06-17,2024,608701,R,641835,L,double,False,False,61.0,0.327,16.0,26.23,6.0,9.84,0.868,0.11499999999999999,33.33,15.55,17.65,33.19,23.68,20.25,146.0,0.308,22.0,15.07,23.0,15.75,0.8280000000000001,0.092,21.59,8.39,20.38,28.77,17.59,13.66,50.0,0.333,10.0,20.0,3.0,6.0,0.982,0.289,21.74,10.31,14.95,25.26,27.18,16.67,100.0,0.258,27.0,27.0,11.0,11.0,0.744,0.146,27.06,11.3,14.74,26.04,27.47,23.68
744918,2024-06-17,2024,641933,R,641835,L,intent_walk,False,True,63.0,0.32,21.0,33.33,13.0,20.63,1.06,0.27999999999999997,30.19,10.92,17.75,28.67,20.67,24.71,79.0,0.227,14.0,17.72,13.0,16.46,0.7929999999999999,0.212,23.91,10.58,16.03,26.6,24.28,14.14,50.0,0.333,10.0,20.0,3.0,6.0,0.982,0.289,21.74,10.31,14.95,25.26,27.18,16.67,100.0,0.258,27.0,27.0,11.0,11.0,0.744,0.146,27.06,11.3,14.74,26.04,27.47,23.68
744918,2024-06-17,2024,646240,L,641835,L,sac_fly,False,False,86.0,0.273,29.0,33.72,7.0,8.14,0.7649999999999999,0.14299999999999996,29.95,16.09,13.79,29.89,31.68,23.39,188.0,0.273,37.0,19.68,11.0,5.85,0.823,0.2149999999999999,27.74,14.71,11.61,26.32,30.93,15.19,48.0,0.244,5.0,10.42,7.0,14.58,0.6950000000000001,0.09700000000000003,7.94,2.51,25.13,27.64,13.59,8.77,115.0,0.245,26.0,22.61,4.0,3.48,0.5609999999999999,0.0459999999999999,19.23,8.47,23.97,32.45,29.47,22.61
744918,2024-06-17,2024,657136,R,641835,L,strikeout,True,False,70.0,0.356,13.0,18.57,10.0,14.29,0.915,0.10200000000000004,23.97,12.37,11.31,23.67,26.43,14.77,108.0,0.156,40.0,37.04,9.0,8.33,0.501,0.104,32.9,17.27,14.32,31.59,33.33,27.86,50.0,0.333,10.0,20.0,3.0,6.0,0.982,0.289,21.74,10.31,14.95,25.26,27.18,16.67,100.0,0.258,27.0,27.0,11.0,11.0,0.744,0.146,27.06,11.3,14.74,26.04,27.47,23.68
744918,2024-06-17,2024,676391,R,601713,R,single,False,False,72.0,0.214,6.0,8.33,1.0,1.39,0.579,0.143,16.99,9.89,14.83,24.71,44.2,8.11,20.0,0.4,1.0,5.0,0.0,0.0,1.05,0.25,5.71,3.33,15.0,18.33,40.0,7.69,99.0,0.232,32.0,32.32,4.0,4.04,0.716,0.221,31.84,17.49,15.85,33.33,34.16,26.45,346.0,0.197,106.0,30.64,32.0,9.25,0.6060000000000001,0.129,30.92,15.06,15.42,30.48,32.51,24.88
744918,2024-06-17,2024,595281,L,601713,R,grounded_into_double_play,False,False,105.0,0.198,33.0,31.43,3.0,2.86,0.561,0.135,35.45,19.21,11.82,31.03,33.5,26.83,312.0,0.26,63.0,20.19,25.0,8.01,0.753,0.1709999999999999,29.15,14.21,14.3,28.51,25.39,21.07,87.0,0.192,23.0,26.44,9.0,10.34,0.648,0.18,26.44,12.23,15.69,27.93,23.33,17.97,242.0,0.225,77.0,31.82,18.0,7.44,0.7969999999999999,0.284,27.81,13.61,17.42,31.03,33.87,23.33
744918,2024-06-17,2024,676914,R,601713,R,home_run,False,False,168.0,0.238,39.0,23.21,20.0,11.9,0.772,0.189,25.84,10.48,18.5,28.98,20.51,16.39,87.0,0.247,27.0,31.03,11.0,12.64,0.8340000000000001,0.219,37.06,13.98,21.9,35.88,15.66,21.77,99.0,0.232,32.0,32.32,4.0,4.04,0.716,0.221,31.84,17.49,15.85,33.33,34.16,26.45,346.0,0.197,106.0,30.64,32.0,9.25,0.6060000000000001,0.129,30.92,15.06,15.42,30.48,32.51,24.88
744918,2024-06-17,2024,643376,R,601713,R,field_out,False,False,119.0,0.25,14.0,11.76,13.0,10.92,0.8260000000000001,0.24,16.04,6.26,20.46,26.72,18.97,9.42,215.0,0.237,46.0,21.4,16.0,7.44,0.784,0.221,25.13,11.59,15.17,26.76,23.75,20.09,99.0,0.232,32.0,32.32,4.0,4.04,0.716,0.221,31.84,17.49,15.85,33.33,34.16,26.45,346.0,0.197,106.0,30.64,32.0,9.25,0.6060000000000001,0.129,30.92,15.06,15.42,30.48,32.51,24.88
744918,2024-06-17,2024,663853,R,685126,L,single,False,False,26.0,0.273,4.0,15.38,3.0,11.54,0.6639999999999999,0.044999999999999984,22.45,10.89,12.87,23.76,28.57,16.0,37.0,0.162,15.0,40.54,0.0,0.0,0.4589999999999999,0.1349999999999999,44.44,23.36,17.52,40.88,39.73,31.91,,,,,,,,,,,,,,,,,,,,,,,,,,,,
744918,2024-06-17,2024,666915,R,685126,L,field_out,False,False,33.0,0.1,18.0,54.55,3.0,9.09,0.28200000000000003,0.0,50.0,23.81,19.05,42.86,25.68,34.62,22.0,0.35,11.0,50.0,2.0,9.09,0.859,0.1,50.0,23.16,18.95,42.11,28.85,39.29,,,,,,,,,,,,,,,,,,,,,,,,,,,,
744918,2024-06-17,2024,665839,L,685126,L,walk,False,True,21.0,0.0,6.0,28.57,1.0,4.76,0.05,0.0,37.5,20.55,12.33,32.88,47.73,37.5,16.0,0.143,5.0,31.25,1.0,6.25,0.393,0.0,37.5,16.98,16.98,33.96,31.03,50.0,,,,,,,,,,,,,,,,,,,,,,,,,,,,
744918,2024-06-17,2024,678882,R,685126,L,walk,False,True,66.0,0.262,19.0,28.79,4.0,6.06,0.734,0.16399999999999998,35.56,19.83,14.46,34.3,39.67,26.39,27.0,0.192,8.0,29.63,1.0,3.7,0.645,0.2309999999999999,36.36,19.23,14.42,33.65,30.0,24.24,,,,,,,,,,,,,,,,,,,,,,,,,,,,
744918,2024-06-17,2024,680776,L,685126,L,field_out,False,False,100.0,0.233,25.0,25.0,10.0,10.0,0.5900000000000001,0.034,25.57,10.87,20.77,31.64,28.5,20.0,49.0,0.289,15.0,30.61,3.0,6.12,0.749,0.133,24.44,10.73,20.0,30.73,27.27,25.86,,,,,,,,,,,,,,,,,,,,,,,,,,,,
744918,2024-06-17,2024,665489,R,641745,R,field_out,False,False,249.0,0.294,45.0,18.07,27.0,10.84,0.7849999999999999,0.118,25.52,12.06,15.32,27.37,25.45,14.2,558.0,0.26,85.0,15.23,48.0,8.6,0.792,0.2,23.83,12.29,11.94,24.23,30.21,15.37,69.0,0.25,13.0,18.84,5.0,7.25,0.835,0.281,21.88,10.04,18.64,28.67,25.19,14.44,102.0,0.256,15.0,14.71,22.0,21.57,0.7769999999999999,0.0899999999999999,25.0,8.96,17.43,26.39,22.82,15.62
744918,2024-06-17,2024,662139,L,641745,R,field_out,False,False,196.0,0.209,56.0,28.57,18.0,9.18,0.7609999999999999,0.266,26.42,12.22,16.08,28.3,24.05,24.45,466.0,0.202,111.0,23.82,36.0,7.73,0.662,0.19,25.51,12.84,15.05,27.89,29.23,18.26,59.0,0.236,10.0,16.95,4.0,6.78,0.6699999999999999,0.14600000000000002,21.3,9.7,15.61,25.32,29.32,15.87,109.0,0.262,16.0,14.68,23.0,21.1,0.8029999999999999,0.119,20.99,8.15,16.95,25.11,17.86,12.7
744918,2024-06-17,2024,457759,R,641745,R,field_out,False,False,174.0,0.2,29.0,16.67,20.0,11.49,0.605,0.09999999999999998,19.57,9.2,16.35,25.54,27.89,10.7,462.0,0.273,78.0,16.88,33.0,7.14,0.765,0.1569999999999999,16.44,7.32,17.97,25.29,25.33,12.0,69.0,0.25,13.0,18.84,5.0,7.25,0.835,0.281,21.88,10.04,18.64,28.67,25.19,14.44,102.0,0.256,15.0,14.71,22.0,21.57,0.7769999999999999,0.0899999999999999,25.0,8.96,17.43,26.39,22.82,15.62
744918,2024-06-17,2024,608701,R,685126,L,walk,False,True,61.0,0.327,16.0,26.23,6.0,9.84,0.868,0.11499999999999999,33.33,15.55,17.65,33.19,23.68,20.25,146.0,0.308,22.0,15.07,23.0,15.75,0.8280000000000001,0.092,21.59,8.39,20.38,28.77,17.59,13.66,,,,,,,,,,,,,,,,,,,,,,,,,,,,
744918,2024-06-17,2024,641933,R,685126,L,grounded_into_double_play,False,False,63.0,0.32,21.0,33.33,13.0,20.63,1.06,0.27999999999999997,30.19,10.92,17.75,28.67,20.67,24.71,79.0,0.227,14.0,17.72,13.0,16.46,0.7929999999999999,0.212,23.91,10.58,16.03,26.6,24.28,14.14,,,,,,,,,,,,,,,,,,,,,,,,,,,,
744918,2024-06-17,2024,646240,L,685126,L,field_out,False,False,86.0,0.273,29.0,33.72,7.0,8.14,0.7649999999999999,0.14299999999999996,29.95,16.09,13.79,29.89,31.68,23.39,188.0,0.273,37.0,19.68,11.0,5.85,0.823,0.2149999999999999,27.74,14.71,11.61,26.32,30.93,15.19,,,,,,,,,,,,,,,,,,,,,,,,,,,,
744918,2024-06-17,2024,543807,R,641745,R,field_out,False,False,204.0,0.217,30.0,14.71,22.0,10.78,0.621,0.1,23.78,12.22,12.92,25.14,23.96,14.63,539.0,0.262,101.0,18.74,43.0,7.98,0.738,0.1489999999999999,23.18,11.37,14.48,25.84,23.35,18.21,69.0,0.25,13.0,18.84,5.0,7.25,0.835,0.281,21.88,10.04,18.64,28.67,25.19,14.44,102.0,0.256,15.0,14.71,22.0,21.57,0.7769999999999999,0.0899999999999999,25.0,8.96,17.43,26.39,22.82,15.62
744918,2024-06-17,2024,643396,R,641745,R,field_out,False,False,162.0,0.264,22.0,13.58,10.0,6.17,0.6859999999999999,0.11399999999999999,13.41,6.23,21.71,27.94,32.84,15.07,273.0,0.246,54.0,19.78,17.0,6.23,0.6479999999999999,0.1069999999999999,19.6,9.05,20.2,29.25,28.6,15.56,69.0,0.25,13.0,18.84,5.0,7.25,0.835,0.281,21.88,10.04,18.64,28.67,25.19,14.44,102.0,0.256,15.0,14.71,22.0,21.57,0.7769999999999999,0.0899999999999999,25.0,8.96,17.43,26.39,22.82,15.62
744918,2024-06-17,2024,676391,R,641745,R,single,False,False,72.0,0.214,6.0,8.33,1.0,1.39,0.579,0.143,16.99,9.89,14.83,24.71,44.2,8.11,20.0,0.4,1.0,5.0,0.0,0.0,1.05,0.25,5.71,3.33,15.0,18.33,40.0,7.69,69.0,0.25,13.0,18.84,5.0,7.25,0.835,0.281,21.88,10.04,18.64,28.67,25.19,14.44,102.0,0.256,15.0,14.71,22.0,21.57,0.7769999999999999,0.0899999999999999,25.0,8.96,17.43,26.39,22.82,15.62
744918,2024-06-17,2024,595281,L,641745,R,walk,False,True,105.0,0.198,33.0,31.43,3.0,2.86,0.561,0.135,35.45,19.21,11.82,31.03,33.5,26.83,312.0,0.26,63.0,20.19,25.0,8.01,0.753,0.1709999999999999,29.15,14.21,14.3,28.51,25.39,21.07,59.0,0.236,10.0,16.95,4.0,6.78,0.6699999999999999,0.14600000000000002,21.3,9.7,15.61,25.32,29.32,15.87,109.0,0.262,16.0,14.68,23.0,21.1,0.8029999999999999,0.119,20.99,8.15,16.95,25.11,17.86,12.7
744918,2024-06-17,2024,676914,R,445276,R,field_out,False,False,168.0,0.238,39.0,23.21,20.0,11.9,0.772,0.189,25.84,10.48,18.5,28.98,20.51,16.39,87.0,0.247,27.0,31.03,11.0,12.64,0.8340000000000001,0.219,37.06,13.98,21.9,35.88,15.66,21.77,51.0,0.195,13.0,25.49,7.0,13.73,0.5820000000000001,0.07300000000000001,32.1,13.9,17.65,31.55,19.54,28.26,99.0,0.273,27.0,27.27,9.0,9.09,0.7629999999999999,0.1359999999999999,31.86,17.2,13.76,30.95,32.18,23.68
746215,2024-06-18,2024,668930,L,668676,R,field_out,False,False,224.0,0.303,34.0,15.18,20.0,8.93,0.7909999999999999,0.121,12.94,5.98,18.74,24.71,25.38,13.88,376.0,0.224,82.0,21.81,30.0,7.98,0.608,0.097,22.03,10.83,16.08,26.9,28.59,16.14,13.0,0.231,0.0,0.0,0.0,0.0,0.9229999999999999,0.46099999999999997,7.69,4.08,8.16,12.24,21.74,0.0,52.0,0.408,9.0,17.31,3.0,5.77,1.156,0.306,18.02,9.43,12.74,22.17,31.13,12.5
746215,2024-06-18,2024,687401,R,668676,R,strikeout,True,False,154.0,0.3,18.0,11.69,21.0,13.64,0.896,0.2,15.42,6.0,21.39,27.39,22.4,10.23,13.0,0.077,3.0,23.08,0.0,0.0,0.2309999999999999,0.077,15.79,8.11,21.62,29.73,26.67,33.33,10.0,0.125,1.0,10.0,2.0,20.0,0.55,0.125,18.75,8.11,21.62,29.73,0.0,11.11,53.0,0.34,5.0,9.43,2.0,3.77,0.8049999999999999,0.0999999999999999,21.11,11.73,16.05,27.78,34.29,16.67
746215,2024-06-18,2024,592885,L,668676,R,field_out,False,False,133.0,0.313,27.0,20.3,16.0,12.03,0.864,0.15699999999999997,21.4,9.74,13.48,23.22,24.3,16.27,473.0,0.294,103.0,21.78,64.0,13.53,0.882,0.195,26.99,11.53,15.4,26.93,23.89,19.07,13.0,0.231,0.0,0.0,0.0,0.0,0.9229999999999999,0.46099999999999997,7.69,4.08,8.16,12.24,21.74,0.0,52.0,0.408,9.0,17.31,3.0,5.77,1.156,0.306,18.02,9.43,12.74,22.17,31.13,12.5
746215,2024-06-18,2024,694384,L,692230,R,field_out,False,False,209.0,0.226,36.0,17.22,17.0,8.13,0.647,0.12299999999999997,15.38,6.56,21.26,27.83,24.39,14.34,104.0,0.291,15.0,14.42,14.0,13.46,0.7569999999999999,0.0579999999999999,18.78,8.02,17.92,25.94,20.47,11.45,17.0,0.438,5.0,29.41,0.0,0.0,1.063,0.187,23.68,12.86,11.43,24.29,38.46,21.74,,,,,,,,,,,,,,
746215,2024-06-18,2024,666160,L,692230,R,strikeout,True,False,167.0,0.205,43.0,25.75,11.0,6.59,0.571,0.10900000000000001,27.59,15.55,11.66,27.2,36.66,19.03,259.0,0.293,93.0,35.91,7.0,2.7,0.8620000000000001,0.249,38.62,24.01,9.43,33.44,46.84,30.07,17.0,0.438,5.0,29.41,0.0,0.0,1.063,0.187,23.68,12.86,11.43,24.29,38.46,21.74,,,,,,,,,,,,,,
746215,2024-06-18,2024,621493,R,692230,R,field_out,False,False,234.0,0.208,54.0,23.08,27.0,11.54,0.692,0.18800000000000003,23.58,9.95,19.56,29.51,18.3,20.31,295.0,0.233,61.0,20.68,27.0,9.15,0.702,0.148,23.43,10.4,15.98,26.37,23.09,17.78,23.0,0.316,2.0,8.7,3.0,13.04,0.865,0.15799999999999997,15.0,6.59,15.38,21.98,15.91,7.41,,,,,,,,,,,,,,
746215,2024-06-18,2024,642715,R,668676,R,walk,False,True,240.0,0.256,53.0,22.08,26.0,10.83,0.799,0.20400000000000001,29.52,14.06,14.8,28.86,26.36,18.09,480.0,0.212,117.0,24.38,47.0,9.79,0.702,0.194,32.44,16.53,12.85,29.38,32.69,19.28,10.0,0.125,1.0,10.0,2.0,20.0,0.55,0.125,18.75,8.11,21.62,29.73,0.0,11.11,53.0,0.34,5.0,9.43,2.0,3.77,0.8049999999999999,0.0999999999999999,21.11,11.73,16.05,27.78,34.29,16.67
746215,2024-06-18,2024,641343,L,668676,R,home_run,False,False,156.0,0.203,56.0,35.9,14.0,8.97,0.667,0.174,30.34,13.84,18.71,32.55,22.49,27.45,244.0,0.205,83.0,34.02,26.0,10.66,0.72,0.228,32.78,14.71,16.21,30.93,23.65,23.92,13.0,0.231,0.0,0.0,0.0,0.0,0.9229999999999999,0.46099999999999997,7.69,4.08,8.16,12.24,21.74,0.0,52.0,0.408,9.0,17.31,3.0,5.77,1.156,0.306,18.02,9.43,12.74,22.17,31.13,12.5
746215,2024-06-18,2024,656555,R,668676,R,field_out,False,False,171.0,0.227,43.0,25.15,18.0,10.53,0.769,0.22,24.68,9.91,21.25,31.16,21.66,17.41,,,,,,,,,,,,,,,10.0,0.125,1.0,10.0,2.0,20.0,0.55,0.125,18.75,8.11,21.62,29.73,0.0,11.11,53.0,0.34,5.0,9.43,2.0,3.77,0.8049999999999999,0.0999999999999999,21.11,11.73,16.05,27.78,34.29,16.67
746215,2024-06-18,2024,686217,L,668676,R,field_out,False,False,217.0,0.254,40.0,18.43,21.0,9.68,0.647,0.056999999999999995,14.85,5.96,22.02,27.98,26.48,16.88,180.0,0.261,30.0,16.67,23.0,12.78,0.722,0.1049999999999999,15.26,6.63,20.31,26.94,29.52,13.18,13.0,0.231,0.0,0.0,0.0,0.0,0.9229999999999999,0.46099999999999997,7.69,4.08,8.16,12.24,21.74,0.0,52.0,0.408,9.0,17.31,3.0,5.77,1.156,0.306,18.02,9.43,12.74,22.17,31.13,12.5
746215,2024-06-18,2024,596142,R,668676,R,walk,False,True,99.0,0.216,27.0,27.27,7.0,7.07,0.6679999999999999,0.159,31.25,12.72,24.68,37.4,31.58,22.88,189.0,0.194,49.0,25.93,17.0,8.99,0.688,0.212,28.71,11.9,21.7,33.59,27.27,21.43,10.0,0.125,1.0,10.0,2.0,20.0,0.55,0.125,18.75,8.11,21.62,29.73,0.0,11.11,53.0,0.34,5.0,9.43,2.0,3.77,0.8049999999999999,0.0999999999999999,21.11,11.73,16.05,27.78,34.29,16.67
746215,2024-06-18,2024,663368,L,668676,R,field_out,False,False,175.0,0.255,50.0,28.57,14.0,8.0,0.708,0.127,31.01,13.15,20.68,33.83,24.78,27.62,110.0,0.231,33.0,30.0,17.0,15.45,0.715,0.1319999999999999,24.04,9.0,23.31,32.31,18.26,20.5,13.0,0.231,0.0,0.0,0.0,0.0,0.9229999999999999,0.46099999999999997,7.69,4.08,8.16,12.24,21.74,0.0,52.0,0.408,9.0,17.31,3.0,5.77,1.156,0.306,18.02,9.43,12.74,22.17,31.13,12.5
746215,2024-06-18,2024,641432,L,692230,R,field_out,False,False,114.0,0.299,14.0,12.28,6.0,5.26,0.754,0.122,13.64,6.34,17.14,23.47,22.97,13.59,139.0,0.256,15.0,10.79,13.0,9.35,0.756,0.176,14.22,5.56,19.54,25.1,21.32,10.83,17.0,0.438,5.0,29.41,0.0,0.0,1.063,0.187,23.68,12.86,11.43,24.29,38.46,21.74,,,,,,,,,,,,,,
746215,2024-06-18,2024,681351,R,692230,R,field_out,False,False,175.0,0.298,40.0,22.86,11.0,6.29,0.829,0.18,32.13,15.99,15.7,31.69,33.8,17.51,154.0,0.22,38.0,24.68,9.0,5.84,0.757,0.262,32.06,17.0,13.8,30.81,36.07,19.69,23.0,0.316,2.0,8.7,3.0,13.04,0.865,0.15799999999999997,15.0,6.59,15.38,21.98,15.91,7.41,,,,,,,,,,,,,,
746215,2024-06-18,2024,592273,R,692230,R,field_out,False,False,92.0,0.155,16.0,17.39,5.0,5.43,0.446,0.07100000000000001,24.86,12.57,14.62,27.19,28.14,15.69,392.0,0.261,104.0,26.53,16.0,4.08,0.804,0.242,30.03,15.26,16.62,31.88,36.46,23.21,23.0,0.316,2.0,8.7,3.0,13.04,0.865,0.15799999999999997,15.0,6.59,15.38,21.98,15.91,7.41,,,,,,,,,,,,,,
746215,2024-06-18,2024,668930,L,668676,R,single,False,False,224.0,0.303,34.0,15.18,20.0,8.93,0.7909999999999999,0.121,12.94,5.98,18.74,24.71,25.38,13.88,376.0,0.224,82.0,21.81,30.0,7.98,0.608,0.097,22.03,10.83,16.08,26.9,28.59,16.14,13.0,0.231,0.0,0.0,0.0,0.0,0.9229999999999999,0.46099999999999997,7.69,4.08,8.16,12.24,21.74,0.0,52.0,0.408,9.0,17.31,3.0,5.77,1.156,0.306,18.02,9.43,12.74,22.17,31.13,12.5
746215,2024-06-18,2024,687401,R,668676,R,field_out,False,False,154.0,0.3,18.0,11.69,21.0,13.64,0.896,0.2,15.42,6.0,21.39,27.39,22.4,10.23,13.0,0.077,3.0,23.08,0.0,0.0,0.2309999999999999,0.077,15.79,8.11,21.62,29.73,26.67,33.33,10.0,0.125,1.0,10.0,2.0,20.0,0.55,0.125,18.75,8.11,21.62,29.73,0.0,11.11,53.0,0.34,5.0,9.43,2.0,3.77,0.8049999999999999,0.0999999999999999,21.11,11.73,16.05,27.78,34.29,16.67
746215,2024-06-18,2024,592885,L,668676,R,field_out,False,False,133.0,0.313,27.0,20.3,16.0,12.03,0.864,0.15699999999999997,21.4,9.74,13.48,23.22,24.3,16.27,473.0,0.294,103.0,21.78,64.0,13.53,0.882,0.195,26.99,11.53,15.4,26.93,23.89,19.07,13.0,0.231,0.0,0.0,0.0,0.0,0.9229999999999999,0.46099999999999997,7.69,4.08,8.16,12.24,21.74,0.0,52.0,0.408,9.0,17.31,3.0,5.77,1.156,0.306,18.02,9.43,12.74,22.17,31.13,12.5
746215,2024-06-18,2024,642715,R,668676,R,field_out,False,False,240.0,0.256,53.0,22.08,26.0,10.83,0.799,0.20400000000000001,29.52,14.06,14.8,28.86,26.36,18.09,480.0,0.212,117.0,24.38,47.0,9.79,0.702,0.194,32.44,16.53,12.85,29.38,32.69,19.28,10.0,0.125,1.0,10.0,2.0,20.0,0.55,0.125,18.75,8.11,21.62,29.73,0.0,11.11,53.0,0.34,5.0,9.43,2.0,3.77,0.8049999999999999,0.0999999999999999,21.11,11.73,16.05,27.78,34.29,16.67
746215,2024-06-18,2024,687263,R,692230,R,field_out,False,False,215.0,0.213,53.0,24.65,12.0,5.58,0.687,0.20299999999999999,28.78,14.75,15.5,30.25,33.9,21.81,262.0,0.222,62.0,23.66,18.0,6.87,0.6599999999999999,0.1349999999999999,28.77,13.7,16.19,29.89,23.52,18.84,23.0,0.316,2.0,8.7,3.0,13.04,0.865,0.15799999999999997,15.0,6.59,15.38,21.98,15.91,7.41,,,,,,,,,,,,,,
746215,2024-06-18,2024,666176,R,692230,R,walk,False,True,162.0,0.174,56.0,34.57,10.0,6.17,0.5609999999999999,0.14500000000000002,30.7,15.1,14.65,29.75,30.5,23.63,43.0,0.205,18.0,41.86,4.0,9.3,0.7150000000000001,0.231,40.66,20.67,14.53,35.2,30.34,25.35,23.0,0.316,2.0,8.7,3.0,13.04,0.865,0.15799999999999997,15.0,6.59,15.38,21.98,15.91,7.41,,,,,,,,,,,,,,
746215,2024-06-18,2024,641645,L,692230,R,triple,False,False,78.0,0.275,13.0,16.67,8.0,10.26,0.737,0.11599999999999999,20.44,8.89,18.1,26.98,25.48,14.61,96.0,0.218,19.0,19.79,8.0,8.33,0.591,0.092,15.23,6.02,21.47,27.49,22.05,19.79,17.0,0.438,5.0,29.41,0.0,0.0,1.063,0.187,23.68,12.86,11.43,24.29,38.46,21.74,,,,,,,,,,,,,,
746215,2024-06-18,2024,694384,L,692230,R,single,False,False,209.0,0.226,36.0,17.22,17.0,8.13,0.647,0.12299999999999997,15.38,6.56,21.26,27.83,24.39,14.34,104.0,0.291,15.0,14.42,14.0,13.46,0.7569999999999999,0.0579999999999999,18.78,8.02,17.92,25.94,20.47,11.45,17.0,0.438,5.0,29.41,0.0,0.0,1.063,0.187,23.68,12.86,11.43,24.29,38.46,21.74,,,,,,,,,,,,,,
746215,2024-06-18,2024,666160,L,692230,R,single,False,False,167.0,0.205,43.0,25.75,11.0,6.59,0.571,0.10900000000000001,27.59,15.55,11.66,27.2,36.66,19.03,259.0,0.293,93.0,35.91,7.0,2.7,0.8620000000000001,0.249,38.62,24.01,9.43,33.44,46.84,30.07,17.0,0.438,5.0,29.41,0.0,0.0,1.063,0.187,23.68,12.86,11.43,24.29,38.46,21.74,,,,,,,,,,,,,,
746215,2024-06-18,2024,621493,R,692230,R,sac_fly,False,False,234.0,0.208,54.0,23.08,27.0,11.54,0.692,0.18800000000000003,23.58,9.95,19.56,29.51,18.3,20.31,295.0,0.233,61.0,20.68,27.0,9.15,0.702,0.148,23.43,10.4,15.98,26.37,23.09,17.78,23.0,0.316,2.0,8.7,3.0,13.04,0.865,0.15799999999999997,15.0,6.59,15.38,21.98,15.91,7.41,,,,,,,,,,,,,,
746215,2024-06-18,2024,641432,L,692230,R,pickoff_1b,False,False,114.0,0.299,14.0,12.28,6.0,5.26,0.754,0.122,13.64,6.34,17.14,23.47,22.97,13.59,139.0,0.256,15.0,10.79,13.0,9.35,0.756,0.176,14.22,5.56,19.54,25.1,21.32,10.83,17.0,0.438,5.0,29.41,0.0,0.0,1.063,0.187,23.68,12.86,11.43,24.29,38.46,21.74,,,,,,,,,,,,,,
746215,2024-06-18,2024,641343,L,668676,R,field_out,False,False,156.0,0.203,56.0,35.9,14.0,8.97,0.667,0.174,30.34,13.84,18.71,32.55,22.49,27.45,244.0,0.205,83.0,34.02,26.0,10.66,0.72,0.228,32.78,14.71,16.21,30.93,23.65,23.92,13.0,0.231,0.0,0.0,0.0,0.0,0.9229999999999999,0.46099999999999997,7.69,4.08,8.16,12.24,21.74,0.0,52.0,0.408,9.0,17.31,3.0,5.77,1.156,0.306,18.02,9.43,12.74,22.17,31.13,12.5
746215,2024-06-18,2024,656555,R,668676,R,field_out,False,False,171.0,0.227,43.0,25.15,18.0,10.53,0.769,0.22,24.68,9.91,21.25,31.16,21.66,17.41,,,,,,,,,,,,,,,10.0,0.125,1.0,10.0,2.0,20.0,0.55,0.125,18.75,8.11,21.62,29.73,0.0,11.11,53.0,0.34,5.0,9.43,2.0,3.77,0.8049999999999999,0.0999999999999999,21.11,11.73,16.05,27.78,34.29,16.67
746215,2024-06-18,2024,686217,L,668676,R,field_out,False,False,217.0,0.254,40.0,18.43,21.0,9.68,0.647,0.056999999999999995,14.85,5.96,22.02,27.98,26.48,16.88,180.0,0.261,30.0,16.67,23.0,12.78,0.722,0.1049999999999999,15.26,6.63,20.31,26.94,29.52,13.18,13.0,0.231,0.0,0.0,0.0,0.0,0.9229999999999999,0.46099999999999997,7.69,4.08,8.16,12.24,21.74,0.0,52.0,0.408,9.0,17.31,3.0,5.77,1.156,0.306,18.02,9.43,12.74,22.17,31.13,12.5
746215,2024-06-18,2024,641432,L,692230,R,field_out,False,False,114.0,0.299,14.0,12.28,6.0,5.26,0.754,0.122,13.64,6.34,17.14,23.47,22.97,13.59,139.0,0.256,15.0,10.79,13.0,9.35,0.756,0.176,14.22,5.56,19.54,25.1,21.32,10.83,17.0,0.438,5.0,29.41,0.0,0.0,1.063,0.187,23.68,12.86,11.43,24.29,38.46,21.74,,,,,,,,,,,,,,
746215,2024-06-18,2024,681351,R,692230,R,single,False,False,175.0,0.298,40.0,22.86,11.0,6.29,0.829,0.18,32.13,15.99,15.7,31.69,33.8,17.51,154.0,0.22,38.0,24.68,9.0,5.84,0.757,0.262,32.06,17.0,13.8,30.81,36.07,19.69,23.0,0.316,2.0,8.7,3.0,13.04,0.865,0.15799999999999997,15.0,6.59,15.38,21.98,15.91,7.41,,,,,,,,,,,,,,
746215,2024-06-18,2024,592273,R,692230,R,field_out,False,False,92.0,0.155,16.0,17.39,5.0,5.43,0.446,0.07100000000000001,24.86,12.57,14.62,27.19,28.14,15.69,392.0,0.261,104.0,26.53,16.0,4.08,0.804,0.242,30.03,15.26,16.62,31.88,36.46,23.21,23.0,0.316,2.0,8.7,3.0,13.04,0.865,0.15799999999999997,15.0,6.59,15.38,21.98,15.91,7.41,,,,,,,,,,,,,,
746215,2024-06-18,2024,687263,R,692230,R,home_run,False,False,215.0,0.213,53.0,24.65,12.0,5.58,0.687,0.20299999999999999,28.78,14.75,15.5,30.25,33.9,21.81,262.0,0.222,62.0,23.66,18.0,6.87,0.6599999999999999,0.1349999999999999,28.77,13.7,16.19,29.89,23.52,18.84,23.0,0.316,2.0,8.7,3.0,13.04,0.865,0.15799999999999997,15.0,6.59,15.38,21.98,15.91,7.41,,,,,,,,,,,,,,
746215,2024-06-18,2024,666176,R,692230,R,strikeout,True,False,162.0,0.174,56.0,34.57,10.0,6.17,0.5609999999999999,0.14500000000000002,30.7,15.1,14.65,29.75,30.5,23.63,43.0,0.205,18.0,41.86,4.0,9.3,0.7150000000000001,0.231,40.66,20.67,14.53,35.2,30.34,25.35,23.0,0.316,2.0,8.7,3.0,13.04,0.865,0.15799999999999997,15.0,6.59,15.38,21.98,15.91,7.41,,,,,,,,,,,,,,
746215,2024-06-18,2024,596142,R,668676,R,double,False,False,99.0,0.216,27.0,27.27,7.0,7.07,0.6679999999999999,0.159,31.25,12.72,24.68,37.4,31.58,22.88,189.0,0.194,49.0,25.93,17.0,8.99,0.688,0.212,28.71,11.9,21.7,33.59,27.27,21.43,10.0,0.125,1.0,10.0,2.0,20.0,0.55,0.125,18.75,8.11,21.62,29.73,0.0,11.11,53.0,0.34,5.0,9.43,2.0,3.77,0.8049999999999999,0.0999999999999999,21.11,11.73,16.05,27.78,34.29,16.67
746215,2024-06-18,2024,663368,L,668676,R,fielders_choice_out,False,False,175.0,0.255,50.0,28.57,14.0,8.0,0.708,0.127,31.01,13.15,20.68,33.83,24.78,27.62,110.0,0.231,33.0,30.0,17.0,15.45,0.715,0.1319999999999999,24.04,9.0,23.31,32.31,18.26,20.5,13.0,0.231,0.0,0.0,0.0,0.0,0.9229999999999999,0.46099999999999997,7.69,4.08,8.16,12.24,21.74,0.0,52.0,0.408,9.0,17.31,3.0,5.77,1.156,0.306,18.02,9.43,12.74,22.17,31.13,12.5
746215,2024-06-18,2024,668930,L,668676,R,home_run,False,False,224.0,0.303,34.0,15.18,20.0,8.93,0.7909999999999999,0.121,12.94,5.98,18.74,24.71,25.38,13.88,376.0,0.224,82.0,21.81,30.0,7.98,0.608,0.097,22.03,10.83,16.08,26.9,28.59,16.14,13.0,0.231,0.0,0.0,0.0,0.0,0.9229999999999999,0.46099999999999997,7.69,4.08,8.16,12.24,21.74,0.0,52.0,0.408,9.0,17.31,3.0,5.77,1.156,0.306,18.02,9.43,12.74,22.17,31.13,12.5
746215,2024-06-18,2024,687401,R,668676,R,field_out,False,False,154.0,0.3,18.0,11.69,21.0,13.64,0.896,0.2,15.42,6.0,21.39,27.39,22.4,10.23,13.0,0.077,3.0,23.08,0.0,0.0,0.2309999999999999,0.077,15.79,8.11,21.62,29.73,26.67,33.33,10.0,0.125,1.0,10.0,2.0,20.0,0.55,0.125,18.75,8.11,21.62,29.73,0.0,11.11,53.0,0.34,5.0,9.43,2.0,3.77,0.8049999999999999,0.0999999999999999,21.11,11.73,16.05,27.78,34.29,16.67
746215,2024-06-18,2024,641645,L,692230,R,single,False,False,78.0,0.275,13.0,16.67,8.0,10.26,0.737,0.11599999999999999,20.44,8.89,18.1,26.98,25.48,14.61,96.0,0.218,19.0,19.79,8.0,8.33,0.591,0.092,15.23,6.02,21.47,27.49,22.05,19.79,17.0,0.438,5.0,29.41,0.0,0.0,1.063,0.187,23.68,12.86,11.43,24.29,38.46,21.74,,,,,,,,,,,,,,
746215,2024-06-18,2024,694384,L,692230,R,field_out,False,False,209.0,0.226,36.0,17.22,17.0,8.13,0.647,0.12299999999999997,15.38,6.56,21.26,27.83,24.39,14.34,104.0,0.291,15.0,14.42,14.0,13.46,0.7569999999999999,0.0579999999999999,18.78,8.02,17.92,25.94,20.47,11.45,17.0,0.438,5.0,29.41,0.0,0.0,1.063,0.187,23.68,12.86,11.43,24.29,38.46,21.74,,,,,,,,,,,,,,
746215,2024-06-18,2024,666160,L,692230,R,strikeout,True,False,167.0,0.205,43.0,25.75,11.0,6.59,0.571,0.10900000000000001,27.59,15.55,11.66,27.2,36.66,19.03,259.0,0.293,93.0,35.91,7.0,2.7,0.8620000000000001,0.249,38.62,24.01,9.43,33.44,46.84,30.07,17.0,0.438,5.0,29.41,0.0,0.0,1.063,0.187,23.68,12.86,11.43,24.29,38.46,21.74,,,,,,,,,,,,,,
746215,2024-06-18,2024,621493,R,692230,R,walk,False,True,234.0,0.208,54.0,23.08,27.0,11.54,0.692,0.18800000000000003,23.58,9.95,19.56,29.51,18.3,20.31,295.0,0.233,61.0,20.68,27.0,9.15,0.702,0.148,23.43,10.4,15.98,26.37,23.09,17.78,23.0,0.316,2.0,8.7,3.0,13.04,0.865,0.15799999999999997,15.0,6.59,15.38,21.98,15.91,7.41,,,,,,,,,,,,,,
746215,2024-06-18,2024,641432,L,665625,R,strikeout,True,False,114.0,0.299,14.0,12.28,6.0,5.26,0.754,0.122,13.64,6.34,17.14,23.47,22.97,13.59,139.0,0.256,15.0,10.79,13.0,9.35,0.756,0.176,14.22,5.56,19.54,25.1,21.32,10.83,41.0,0.237,12.0,29.27,3.0,7.32,0.635,0.10500000000000004,25.0,13.29,15.19,28.48,41.67,25.53,108.0,0.198,27.0,25.0,10.0,9.26,0.599,0.1139999999999999,34.21,15.97,15.48,31.45,34.45,24.32
746215,2024-06-18,2024,592885,L,668676,R,field_out,False,False,133.0,0.313,27.0,20.3,16.0,12.03,0.864,0.15699999999999997,21.4,9.74,13.48,23.22,24.3,16.27,473.0,0.294,103.0,21.78,64.0,13.53,0.882,0.195,26.99,11.53,15.4,26.93,23.89,19.07,13.0,0.231,0.0,0.0,0.0,0.0,0.9229999999999999,0.46099999999999997,7.69,4.08,8.16,12.24,21.74,0.0,52.0,0.408,9.0,17.31,3.0,5.77,1.156,0.306,18.02,9.43,12.74,22.17,31.13,12.5
746215,2024-06-18,2024,642715,R,668676,R,field_out,False,False,240.0,0.256,53.0,22.08,26.0,10.83,0.799,0.20400000000000001,29.52,14.06,14.8,28.86,26.36,18.09,480.0,0.212,117.0,24.38,47.0,9.79,0.702,0.194,32.44,16.53,12.85,29.38,32.69,19.28,10.0,0.125,1.0,10.0,2.0,20.0,0.55,0.125,18.75,8.11,21.62,29.73,0.0,11.11,53.0,0.34,5.0,9.43,2.0,3.77,0.8049999999999999,0.0999999999999999,21.11,11.73,16.05,27.78,34.29,16.67
746215,2024-06-18,2024,641343,L,668676,R,field_out,False,False,156.0,0.203,56.0,35.9,14.0,8.97,0.667,0.174,30.34,13.84,18.71,32.55,22.49,27.45,244.0,0.205,83.0,34.02,26.0,10.66,0.72,0.228,32.78,14.71,16.21,30.93,23.65,23.92,13.0,0.231,0.0,0.0,0.0,0.0,0.9229999999999999,0.46099999999999997,7.69,4.08,8.16,12.24,21.74,0.0,52.0,0.408,9.0,17.31,3.0,5.77,1.156,0.306,18.02,9.43,12.74,22.17,31.13,12.5
746215,2024-06-18,2024,681351,R,665625,R,field_out,False,False,175.0,0.298,40.0,22.86,11.0,6.29,0.829,0.18,32.13,15.99,15.7,31.69,33.8,17.51,154.0,0.22,38.0,24.68,9.0,5.84,0.757,0.262,32.06,17.0,13.8,30.81,36.07,19.69,82.0,0.282,13.0,15.85,10.0,12.2,0.744,0.08400000000000002,29.41,13.16,18.42,31.58,33.13,16.25,144.0,0.24,27.0,18.75,16.0,11.11,0.629,0.0559999999999999,29.06,13.23,16.34,29.57,33.56,22.13
746215,2024-06-18,2024,592273,R,665625,R,field_out,False,False,92.0,0.155,16.0,17.39,5.0,5.43,0.446,0.07100000000000001,24.86,12.57,14.62,27.19,28.14,15.69,392.0,0.261,104.0,26.53,16.0,4.08,0.804,0.242,30.03,15.26,16.62,31.88,36.46,23.21,82.0,0.282,13.0,15.85,10.0,12.2,0.744,0.08400000000000002,29.41,13.16,18.42,31.58,33.13,16.25,144.0,0.24,27.0,18.75,16.0,11.11,0.629,0.0559999999999999,29.06,13.23,16.34,29.57,33.56,22.13
746215,2024-06-18,2024,687263,R,665625,R,field_out,False,False,215.0,0.213,53.0,24.65,12.0,5.58,0.687,0.20299999999999999,28.78,14.75,15.5,30.25,33.9,21.81,262.0,0.222,62.0,23.66,18.0,6.87,0.6599999999999999,0.1349999999999999,28.77,13.7,16.19,29.89,23.52,18.84,82.0,0.282,13.0,15.85,10.0,12.2,0.744,0.08400000000000002,29.41,13.16,18.42,31.58,33.13,16.25,144.0,0.24,27.0,18.75,16.0,11.11,0.629,0.0559999999999999,29.06,13.23,16.34,29.57,33.56,22.13
746215,2024-06-18,2024,656555,R,472610,R,walk,False,True,171.0,0.227,43.0,25.15,18.0,10.53,0.769,0.22,24.68,9.91,21.25,31.16,21.66,17.41,,,,,,,,,,,,,,,70.0,0.231,16.0,22.86,4.0,5.71,0.594,0.07699999999999999,26.28,13.69,15.21,28.9,38.57,19.28,159.0,0.214,31.0,19.5,12.0,7.55,0.69,0.172,23.78,11.22,14.36,25.58,27.18,17.22
746215,2024-06-18,2024,686217,L,472610,R,single,False,False,217.0,0.254,40.0,18.43,21.0,9.68,0.647,0.056999999999999995,14.85,5.96,22.02,27.98,26.48,16.88,180.0,0.261,30.0,16.67,23.0,12.78,0.722,0.1049999999999999,15.26,6.63,20.31,26.94,29.52,13.18,60.0,0.26,18.0,30.0,7.0,11.67,0.8069999999999999,0.18,30.0,12.5,21.25,33.75,26.36,26.09,108.0,0.309,22.0,20.37,12.0,11.11,0.734,0.0419999999999999,27.84,13.24,12.01,25.25,30.67,20.18
746215,2024-06-18,2024,596142,R,472610,R,strikeout,True,False,99.0,0.216,27.0,27.27,7.0,7.07,0.6679999999999999,0.159,31.25,12.72,24.68,37.4,31.58,22.88,189.0,0.194,49.0,25.93,17.0,8.99,0.688,0.212,28.71,11.9,21.7,33.59,27.27,21.43,70.0,0.231,16.0,22.86,4.0,5.71,0.594,0.07699999999999999,26.28,13.69,15.21,28.9,38.57,19.28,159.0,0.214,31.0,19.5,12.0,7.55,0.69,0.172,23.78,11.22,14.36,25.58,27.18,17.22
746215,2024-06-18,2024,663368,L,472610,R,strikeout,True,False,175.0,0.255,50.0,28.57,14.0,8.0,0.708,0.127,31.01,13.15,20.68,33.83,24.78,27.62,110.0,0.231,33.0,30.0,17.0,15.45,0.715,0.1319999999999999,24.04,9.0,23.31,32.31,18.26,20.5,60.0,0.26,18.0,30.0,7.0,11.67,0.8069999999999999,0.18,30.0,12.5,21.25,33.75,26.36,26.09,108.0,0.309,22.0,20.37,12.0,11.11,0.734,0.0419999999999999,27.84,13.24,12.01,25.25,30.67,20.18
746215,2024-06-18,2024,668930,L,472610,R,strikeout,True,False,224.0,0.303,34.0,15.18,20.0,8.93,0.7909999999999999,0.121,12.94,5.98,18.74,24.71,25.38,13.88,376.0,0.224,82.0,21.81,30.0,7.98,0.608,0.097,22.03,10.83,16.08,26.9,28.59,16.14,60.0,0.26,18.0,30.0,7.0,11.67,0.8069999999999999,0.18,30.0,12.5,21.25,33.75,26.36,26.09,108.0,0.309,22.0,20.37,12.0,11.11,0.734,0.0419999999999999,27.84,13.24,12.01,25.25,30.67,20.18
746215,2024-06-18,2024,666176,R,571948,L,strikeout,True,False,54.0,0.24,12.0,22.22,4.0,7.41,0.976,0.44000000000000006,36.13,18.45,9.87,28.33,30.0,15.79,19.0,0.211,7.0,36.84,0.0,0.0,0.6849999999999999,0.263,34.09,18.29,13.41,31.71,34.21,21.88,81.0,0.214,21.0,25.93,7.0,8.64,0.621,0.12900000000000003,20.97,8.18,22.64,30.82,20.13,21.43,131.0,0.256,32.0,24.43,5.0,3.82,0.6819999999999999,0.144,21.12,9.06,21.44,30.5,26.81,18.82
746215,2024-06-18,2024,650859,R,571948,L,strikeout,True,False,48.0,0.413,8.0,16.67,2.0,4.17,1.025,0.174,25.74,16.15,7.45,23.6,48.24,15.69,124.0,0.324,22.0,17.74,10.0,8.06,0.928,0.217,25.43,13.56,9.89,23.45,30.28,18.64,81.0,0.214,21.0,25.93,7.0,8.64,0.621,0.12900000000000003,20.97,8.18,22.64,30.82,20.13,21.43,131.0,0.256,32.0,24.43,5.0,3.82,0.6819999999999999,0.144,21.12,9.06,21.44,30.5,26.81,18.82
746215,2024-06-18,2024,694384,L,571948,L,single,False,False,53.0,0.214,8.0,15.09,7.0,13.21,0.6839999999999999,0.143,11.27,4.17,20.83,25.0,13.83,17.02,29.0,0.217,4.0,13.79,6.0,20.69,0.64,0.044,12.5,4.55,21.82,26.36,21.05,15.38,59.0,0.291,13.0,22.03,1.0,1.69,0.716,0.127,15.15,6.7,20.98,27.68,32.46,18.57,121.0,0.155,27.0,22.31,8.0,6.61,0.45,0.072,20.1,8.44,23.05,31.48,32.82,16.77
746215,2024-06-18,2024,607680,R,571948,L,field_out,False,False,58.0,0.407,8.0,13.79,3.0,5.17,1.17,0.315,23.15,10.92,14.41,25.33,32.54,14.29,111.0,0.25,28.0,25.23,2.0,1.8,0.733,0.2219999999999999,28.46,16.17,12.7,28.87,40.87,21.05,81.0,0.214,21.0,25.93,7.0,8.64,0.621,0.12900000000000003,20.97,8.18,22.64,30.82,20.13,21.43,131.0,0.256,32.0,24.43,5.0,3.82,0.6819999999999999,0.144,21.12,9.06,21.44,30.5,26.81,18.82
746215,2024-06-18,2024,687401,R,519043,L,walk,False,True,65.0,0.222,15.0,23.08,9.0,13.85,0.733,0.167,21.1,8.49,19.19,27.68,20.0,23.08,21.0,0.3,6.0,28.57,0.0,0.0,0.586,0.0,26.32,13.33,25.33,38.67,40.0,24.0,72.0,0.25,15.0,20.83,7.0,9.72,0.802,0.21899999999999997,27.81,14.48,14.83,29.31,32.45,17.44,156.0,0.218,48.0,30.77,10.0,6.41,0.622,0.1269999999999999,30.67,16.47,13.84,30.31,36.77,25.67
746215,2024-06-18,2024,592885,L,519043,L,field_out,False,False,64.0,0.351,14.0,21.88,6.0,9.38,0.966,0.19300000000000006,25.23,11.49,17.45,28.94,26.67,21.21,159.0,0.234,37.0,23.27,14.0,8.81,0.633,0.097,26.17,13.04,15.53,28.57,28.16,18.32,48.0,0.19,9.0,18.75,6.0,12.5,0.649,0.16699999999999998,24.44,10.84,17.24,28.08,26.42,14.52,62.0,0.268,12.0,19.35,5.0,8.06,0.875,0.268,21.49,10.36,14.74,25.1,31.3,15.38
746215,2024-06-18,2024,642715,R,519043,L,field_out,False,False,74.0,0.19,14.0,18.92,10.0,13.51,0.6459999999999999,0.15899999999999997,26.83,11.79,14.29,26.07,21.19,20.9,160.0,0.231,48.0,30.0,24.0,15.0,0.762,0.1789999999999999,26.61,12.38,15.79,28.17,29.47,20.17,72.0,0.25,15.0,20.83,7.0,9.72,0.802,0.21899999999999997,27.81,14.48,14.83,29.31,32.45,17.44,156.0,0.218,48.0,30.77,10.0,6.41,0.622,0.1269999999999999,30.67,16.47,13.84,30.31,36.77,25.67
746215,2024-06-18,2024,641343,L,519043,L,field_out,False,False,21.0,0.222,3.0,14.29,1.0,4.76,0.8,0.278,27.78,12.5,18.75,31.25,15.15,15.0,28.0,0.185,12.0,42.86,1.0,3.57,0.473,0.074,37.5,20.59,22.55,43.14,39.47,31.58,48.0,0.19,9.0,18.75,6.0,12.5,0.649,0.16699999999999998,24.44,10.84,17.24,28.08,26.42,14.52,62.0,0.268,12.0,19.35,5.0,8.06,0.875,0.268,21.49,10.36,14.74,25.1,31.3,15.38
746215,2024-06-18,2024,621493,R,622694,R,field_out,False,False,234.0,0.208,54.0,23.08,27.0,11.54,0.692,0.18800000000000003,23.58,9.95,19.56,29.51,18.3,20.31,295.0,0.233,61.0,20.68,27.0,9.15,0.702,0.148,23.43,10.4,15.98,26.37,23.09,17.78,39.0,0.263,4.0,10.26,1.0,2.56,0.835,0.29000000000000004,19.67,8.7,22.46,31.16,19.67,6.98,,,,,,,,,,,,,,
746215,2024-06-18,2024,641432,L,622694,R,walk,False,True,114.0,0.299,14.0,12.28,6.0,5.26,0.754,0.122,13.64,6.34,17.14,23.47,22.97,13.59,139.0,0.256,15.0,10.79,13.0,9.35,0.756,0.176,14.22,5.56,19.54,25.1,21.32,10.83,22.0,0.111,3.0,13.64,4.0,18.18,0.7170000000000001,0.333,26.83,11.0,19.0,30.0,22.64,8.82,,,,,,,,,,,,,,
746215,2024-06-18,2024,681351,R,622694,R,strikeout_double_play,True,False,175.0,0.298,40.0,22.86,11.0,6.29,0.829,0.18,32.13,15.99,15.7,31.69,33.8,17.51,154.0,0.22,38.0,24.68,9.0,5.84,0.757,0.262,32.06,17.0,13.8,30.81,36.07,19.69,39.0,0.263,4.0,10.26,1.0,2.56,0.835,0.29000000000000004,19.67,8.7,22.46,31.16,19.67,6.98,,,,,,,,,,,,,,
746215,2024-06-18,2024,656555,R,608032,R,strikeout,True,False,171.0,0.227,43.0,25.15,18.0,10.53,0.769,0.22,24.68,9.91,21.25,31.16,21.66,17.41,,,,,,,,,,,,,,,43.0,0.214,11.0,25.58,0.0,0.0,0.638,0.215,26.97,14.29,19.05,33.33,28.99,19.64,149.0,0.242,47.0,31.54,12.0,8.05,0.665,0.099,29.14,14.99,16.01,31.01,31.39,23.27
746215,2024-06-18,2024,686217,L,608032,R,field_out,False,False,217.0,0.254,40.0,18.43,21.0,9.68,0.647,0.056999999999999995,14.85,5.96,22.02,27.98,26.48,16.88,180.0,0.261,30.0,16.67,23.0,12.78,0.722,0.1049999999999999,15.26,6.63,20.31,26.94,29.52,13.18,44.0,0.195,12.0,27.27,3.0,6.82,0.567,0.122,28.0,11.54,19.78,31.32,18.18,25.53,132.0,0.268,31.0,23.48,19.0,14.39,0.808,0.1609999999999999,25.8,13.01,12.66,25.67,22.18,16.85
746215,2024-06-18,2024,596142,R,608032,R,field_out,False,False,99.0,0.216,27.0,27.27,7.0,7.07,0.6679999999999999,0.159,31.25,12.72,24.68,37.4,31.58,22.88,189.0,0.194,49.0,25.93,17.0,8.99,0.688,0.212,28.71,11.9,21.7,33.59,27.27,21.43,43.0,0.214,11.0,25.58,0.0,0.0,0.638,0.215,26.97,14.29,19.05,33.33,28.99,19.64,149.0,0.242,47.0,31.54,12.0,8.05,0.665,0.099,29.14,14.99,16.01,31.01,31.39,23.27
745893,2024-06-18,2024,650490,R,641154,R,field_out,False,False,231.0,0.246,35.0,15.15,22.0,9.52,0.668,0.09700000000000003,12.05,5.27,17.09,22.36,23.12,12.5,462.0,0.322,72.0,15.58,49.0,10.61,0.881,0.1559999999999999,18.95,8.0,18.68,26.68,19.71,15.69,150.0,0.244,40.0,26.67,11.0,7.33,0.729,0.178,30.5,15.14,15.67,30.81,28.16,22.22,394.0,0.205,130.0,32.99,21.0,5.33,0.597,0.137,32.71,17.16,14.87,32.02,35.04,24.16
745893,2024-06-18,2024,664040,L,641154,R,single,False,False,92.0,0.195,20.0,21.74,12.0,13.04,0.716,0.195,27.33,13.91,10.36,24.26,27.47,21.28,374.0,0.241,103.0,27.54,42.0,11.23,0.813,0.237,31.86,16.63,11.13,27.77,30.39,21.33,170.0,0.262,44.0,25.88,6.0,3.53,0.778,0.22599999999999998,26.53,13.0,15.29,28.29,30.56,18.8,407.0,0.271,104.0,25.55,27.0,6.63,0.754,0.1549999999999999,27.73,14.02,16.28,30.3,33.55,23.21
745893,2024-06-18,2024,670623,R,641154,R,walk,False,True,211.0,0.29,31.0,14.69,20.0,9.48,0.863,0.202,15.9,7.12,18.89,26.01,27.7,8.78,438.0,0.247,82.0,18.72,43.0,9.82,0.86,0.266,18.6,8.55,16.71,25.26,28.98,14.09,150.0,0.244,40.0,26.67,11.0,7.33,0.729,0.178,30.5,15.14,15.67,30.81,28.16,22.22,394.0,0.205,130.0,32.99,21.0,5.33,0.597,0.137,32.71,17.16,14.87,32.02,35.04,24.16
745893,2024-06-18,2024,666139,L,641154,R,strikeout,True,False,71.0,0.194,21.0,29.58,7.0,9.86,0.6100000000000001,0.14500000000000002,26.25,13.08,14.02,27.1,29.88,18.58,435.0,0.3,104.0,23.91,27.0,6.21,0.8540000000000001,0.211,29.41,15.52,12.38,27.9,34.65,18.39,170.0,0.262,44.0,25.88,6.0,3.53,0.778,0.22599999999999998,26.53,13.0,15.29,28.29,30.56,18.8,407.0,0.271,104.0,25.55,27.0,6.63,0.754,0.1549999999999999,27.73,14.02,16.28,30.3,33.55,23.21
745893,2024-06-18,2024,668227,R,641154,R,home_run,False,False,207.0,0.177,59.0,28.5,19.0,9.18,0.581,0.132,35.0,14.75,19.62,34.37,25.27,19.54,517.0,0.254,119.0,23.02,62.0,11.99,0.7769999999999999,0.1589999999999999,29.93,12.82,18.77,31.59,26.93,19.44,150.0,0.244,40.0,26.67,11.0,7.33,0.729,0.178,30.5,15.14,15.67,30.81,28.16,22.22,394.0,0.205,130.0,32.99,21.0,5.33,0.597,0.137,32.71,17.16,14.87,32.02,35.04,24.16
745893,2024-06-18,2024,676609,R,641154,R,field_out,False,False,174.0,0.241,45.0,25.86,11.0,6.32,0.653,0.10699999999999998,28.53,12.95,19.65,32.61,31.51,21.43,156.0,0.186,37.0,23.72,15.0,9.62,0.588,0.1009999999999999,24.9,10.03,24.36,34.39,27.59,18.69,150.0,0.244,40.0,26.67,11.0,7.33,0.729,0.178,30.5,15.14,15.67,30.81,28.16,22.22,394.0,0.205,130.0,32.99,21.0,5.33,0.597,0.137,32.71,17.16,14.87,32.02,35.04,24.16
745893,2024-06-18,2024,650489,L,650644,R,double,False,False,211.0,0.232,49.0,23.22,20.0,9.48,0.7170000000000001,0.149,27.21,12.89,15.56,28.46,28.88,18.49,280.0,0.266,73.0,26.07,23.0,8.21,0.8029999999999999,0.189,28.16,14.39,15.31,29.7,34.97,21.1,140.0,0.273,39.0,27.86,10.0,7.14,0.789,0.18,22.67,10.02,20.04,30.05,29.54,23.49,254.0,0.234,66.0,25.98,16.0,6.3,0.6679999999999999,0.145,20.86,9.62,20.09,29.72,28.72,18.28
745893,2024-06-18,2024,663616,L,650644,R,field_out,False,False,141.0,0.26,27.0,19.15,12.0,8.51,0.768,0.189,28.0,13.26,16.48,29.73,28.68,17.81,189.0,0.228,60.0,31.75,25.0,13.23,0.766,0.21,36.25,14.96,16.71,31.67,22.55,25.75,140.0,0.273,39.0,27.86,10.0,7.14,0.789,0.18,22.67,10.02,20.04,30.05,29.54,23.49,254.0,0.234,66.0,25.98,16.0,6.3,0.6679999999999999,0.145,20.86,9.62,20.09,29.72,28.72,18.28
745893,2024-06-18,2024,668904,R,650644,R,field_out,False,False,31.0,0.321,5.0,16.13,3.0,9.68,1.28,0.5720000000000001,31.58,15.13,12.61,27.73,26.15,15.15,183.0,0.307,43.0,23.5,15.0,8.2,0.962,0.283,27.16,12.8,18.57,31.36,28.0,20.98,175.0,0.261,35.0,20.0,10.0,5.71,0.757,0.186,21.74,9.94,18.65,28.59,29.12,18.32,250.0,0.237,50.0,20.0,17.0,6.8,0.643,0.1089999999999999,24.67,11.79,17.37,29.16,32.23,16.89
745893,2024-06-18,2024,596146,L,650644,R,strikeout,True,False,161.0,0.25,31.0,19.25,13.0,8.07,0.736,0.16699999999999998,21.88,11.13,12.24,23.37,26.77,16.06,394.0,0.263,84.0,21.32,37.0,9.39,0.8320000000000001,0.2339999999999999,19.92,9.32,15.49,24.81,24.75,18.14,140.0,0.273,39.0,27.86,10.0,7.14,0.789,0.18,22.67,10.02,20.04,30.05,29.54,23.49,254.0,0.234,66.0,25.98,16.0,6.3,0.6679999999999999,0.145,20.86,9.62,20.09,29.72,28.72,18.28
745893,2024-06-18,2024,642350,R,641154,R,field_out,False,False,149.0,0.202,54.0,36.24,11.0,7.38,0.6519999999999999,0.16199999999999998,39.15,17.5,21.32,38.82,31.86,28.57,271.0,0.23,93.0,34.32,16.0,5.9,0.801,0.29,39.19,20.65,15.06,35.71,37.69,31.08,150.0,0.244,40.0,26.67,11.0,7.33,0.729,0.178,30.5,15.14,15.67,30.81,28.16,22.22,394.0,0.205,130.0,32.99,21.0,5.33,0.597,0.137,32.71,17.16,14.87,32.02,35.04,24.16
745893,2024-06-18,2024,666163,L,641154,R,field_out,False,False,127.0,0.255,35.0,27.56,15.0,11.81,0.6719999999999999,0.063,27.08,11.99,17.71,29.7,26.59,19.65,72.0,0.133,15.0,20.83,10.0,13.89,0.507,0.1169999999999999,25.64,10.56,17.96,28.52,20.41,17.5,170.0,0.262,44.0,25.88,6.0,3.53,0.778,0.22599999999999998,26.53,13.0,15.29,28.29,30.56,18.8,407.0,0.271,104.0,25.55,27.0,6.63,0.754,0.1549999999999999,27.73,14.02,16.28,30.3,33.55,23.21
745893,2024-06-18,2024,676356,R,641154,R,field_out,False,False,74.0,0.154,17.0,22.97,6.0,8.11,0.478,0.07700000000000001,26.87,13.95,15.89,29.84,38.41,20.73,10.0,0.2,0.0,0.0,0.0,0.0,0.7,0.3,19.05,11.43,11.43,22.86,44.44,0.0,150.0,0.244,40.0,26.67,11.0,7.33,0.729,0.178,30.5,15.14,15.67,30.81,28.16,22.22,394.0,0.205,130.0,32.99,21.0,5.33,0.597,0.137,32.71,17.16,14.87,32.02,35.04,24.16
745893,2024-06-18,2024,621043,R,650644,R,double,False,False,168.0,0.311,33.0,19.64,17.0,10.12,0.848,0.16199999999999998,20.43,8.93,19.75,28.68,28.11,18.13,444.0,0.224,112.0,25.23,42.0,9.46,0.69,0.164,26.37,11.3,19.9,31.19,27.0,21.72,175.0,0.261,35.0,20.0,10.0,5.71,0.757,0.186,21.74,9.94,18.65,28.59,29.12,18.32,250.0,0.237,50.0,20.0,17.0,6.8,0.643,0.1089999999999999,24.67,11.79,17.37,29.16,32.23,16.89
745893,2024-06-18,2024,669304,R,650644,R,strikeout,True,False,131.0,0.292,20.0,15.27,7.0,5.34,0.855,0.22500000000000003,20.63,9.91,17.89,27.8,33.06,18.87,120.0,0.207,18.0,15.0,8.0,6.67,0.5640000000000001,0.09,23.72,11.83,13.69,25.52,32.37,15.04,175.0,0.261,35.0,20.0,10.0,5.71,0.757,0.186,21.74,9.94,18.65,28.59,29.12,18.32,250.0,0.237,50.0,20.0,17.0,6.8,0.643,0.1089999999999999,24.67,11.79,17.37,29.16,32.23,16.89
745893,2024-06-18,2024,621439,R,650644,R,strikeout,True,False,135.0,0.242,38.0,28.15,6.0,4.44,0.667,0.129,34.86,19.04,11.73,30.77,36.59,21.59,257.0,0.217,80.0,31.13,26.0,10.12,0.767,0.243,29.69,15.03,12.96,27.99,29.53,25.0,175.0,0.261,35.0,20.0,10.0,5.71,0.757,0.186,21.74,9.94,18.65,28.59,29.12,18.32,250.0,0.237,50.0,20.0,17.0,6.8,0.643,0.1089999999999999,24.67,11.79,17.37,29.16,32.23,16.89
745893,2024-06-18,2024,680777,R,650644,R,field_out,False,False,163.0,0.239,33.0,20.25,13.0,7.98,0.819,0.247,22.92,10.31,18.44,28.75,29.03,17.2,242.0,0.281,70.0,28.93,19.0,7.85,0.8280000000000001,0.186,29.53,13.79,18.6,32.39,32.19,21.28,175.0,0.261,35.0,20.0,10.0,5.71,0.757,0.186,21.74,9.94,18.65,28.59,29.12,18.32,250.0,0.237,50.0,20.0,17.0,6.8,0.643,0.1089999999999999,24.67,11.79,17.37,29.16,32.23,16.89
745893,2024-06-18,2024,650490,R,641154,R,single,False,False,231.0,0.246,35.0,15.15,22.0,9.52,0.668,0.09700000000000003,12.05,5.27,17.09,22.36,23.12,12.5,462.0,0.322,72.0,15.58,49.0,10.61,0.881,0.1559999999999999,18.95,8.0,18.68,26.68,19.71,15.69,150.0,0.244,40.0,26.67,11.0,7.33,0.729,0.178,30.5,15.14,15.67,30.81,28.16,22.22,394.0,0.205,130.0,32.99,21.0,5.33,0.597,0.137,32.71,17.16,14.87,32.02,35.04,24.16
745893,2024-06-18,2024,664040,L,641154,R,strikeout,True,False,92.0,0.195,20.0,21.74,12.0,13.04,0.716,0.195,27.33,13.91,10.36,24.26,27.47,21.28,374.0,0.241,103.0,27.54,42.0,11.23,0.813,0.237,31.86,16.63,11.13,27.77,30.39,21.33,170.0,0.262,44.0,25.88,6.0,3.53,0.778,0.22599999999999998,26.53,13.0,15.29,28.29,30.56,18.8,407.0,0.271,104.0,25.55,27.0,6.63,0.754,0.1549999999999999,27.73,14.02,16.28,30.3,33.55,23.21
745893,2024-06-18,2024,670623,R,641154,R,single,False,False,211.0,0.29,31.0,14.69,20.0,9.48,0.863,0.202,15.9,7.12,18.89,26.01,27.7,8.78,438.0,0.247,82.0,18.72,43.0,9.82,0.86,0.266,18.6,8.55,16.71,25.26,28.98,14.09,150.0,0.244,40.0,26.67,11.0,7.33,0.729,0.178,30.5,15.14,15.67,30.81,28.16,22.22,394.0,0.205,130.0,32.99,21.0,5.33,0.597,0.137,32.71,17.16,14.87,32.02,35.04,24.16
745893,2024-06-18,2024,666139,L,641154,R,single,False,False,71.0,0.194,21.0,29.58,7.0,9.86,0.6100000000000001,0.14500000000000002,26.25,13.08,14.02,27.1,29.88,18.58,435.0,0.3,104.0,23.91,27.0,6.21,0.8540000000000001,0.211,29.41,15.52,12.38,27.9,34.65,18.39,170.0,0.262,44.0,25.88,6.0,3.53,0.778,0.22599999999999998,26.53,13.0,15.29,28.29,30.56,18.8,407.0,0.271,104.0,25.55,27.0,6.63,0.754,0.1549999999999999,27.73,14.02,16.28,30.3,33.55,23.21
745893,2024-06-18,2024,668227,R,641154,R,field_out,False,False,207.0,0.177,59.0,28.5,19.0,9.18,0.581,0.132,35.0,14.75,19.62,34.37,25.27,19.54,517.0,0.254,119.0,23.02,62.0,11.99,0.7769999999999999,0.1589999999999999,29.93,12.82,18.77,31.59,26.93,19.44,150.0,0.244,40.0,26.67,11.0,7.33,0.729,0.178,30.5,15.14,15.67,30.81,28.16,22.22,394.0,0.205,130.0,32.99,21.0,5.33,0.597,0.137,32.71,17.16,14.87,32.02,35.04,24.16
745893,2024-06-18,2024,676609,R,641154,R,field_out,False,False,174.0,0.241,45.0,25.86,11.0,6.32,0.653,0.10699999999999998,28.53,12.95,19.65,32.61,31.51,21.43,156.0,0.186,37.0,23.72,15.0,9.62,0.588,0.1009999999999999,24.9,10.03,24.36,34.39,27.59,18.69,150.0,0.244,40.0,26.67,11.0,7.33,0.729,0.178,30.5,15.14,15.67,30.81,28.16,22.22,394.0,0.205,130.0,32.99,21.0,5.33,0.597,0.137,32.71,17.16,14.87,32.02,35.04,24.16
745893,2024-06-18,2024,668885,R,650644,R,single,False,False,63.0,0.241,13.0,20.63,5.0,7.94,0.6990000000000001,0.15600000000000003,22.52,10.46,17.15,27.62,16.96,17.81,,,,,,,,,,,,,,,175.0,0.261,35.0,20.0,10.0,5.71,0.757,0.186,21.74,9.94,18.65,28.59,29.12,18.32,250.0,0.237,50.0,20.0,17.0,6.8,0.643,0.1089999999999999,24.67,11.79,17.37,29.16,32.23,16.89
745893,2024-06-18,2024,650489,L,650644,R,walk,False,True,211.0,0.232,49.0,23.22,20.0,9.48,0.7170000000000001,0.149,27.21,12.89,15.56,28.46,28.88,18.49,280.0,0.266,73.0,26.07,23.0,8.21,0.8029999999999999,0.189,28.16,14.39,15.31,29.7,34.97,21.1,140.0,0.273,39.0,27.86,10.0,7.14,0.789,0.18,22.67,10.02,20.04,30.05,29.54,23.49,254.0,0.234,66.0,25.98,16.0,6.3,0.6679999999999999,0.145,20.86,9.62,20.09,29.72,28.72,18.28
745893,2024-06-18,2024,663616,L,650644,R,field_out,False,False,141.0,0.26,27.0,19.15,12.0,8.51,0.768,0.189,28.0,13.26,16.48,29.73,28.68,17.81,189.0,0.228,60.0,31.75,25.0,13.23,0.766,0.21,36.25,14.96,16.71,31.67,22.55,25.75,140.0,0.273,39.0,27.86,10.0,7.14,0.789,0.18,22.67,10.02,20.04,30.05,29.54,23.49,254.0,0.234,66.0,25.98,16.0,6.3,0.6679999999999999,0.145,20.86,9.62,20.09,29.72,28.72,18.28
745893,2024-06-18,2024,668904,R,650644,R,strikeout,True,False,31.0,0.321,5.0,16.13,3.0,9.68,1.28,0.5720000000000001,31.58,15.13,12.61,27.73,26.15,15.15,183.0,0.307,43.0,23.5,15.0,8.2,0.962,0.283,27.16,12.8,18.57,31.36,28.0,20.98,175.0,0.261,35.0,20.0,10.0,5.71,0.757,0.186,21.74,9.94,18.65,28.59,29.12,18.32,250.0,0.237,50.0,20.0,17.0,6.8,0.643,0.1089999999999999,24.67,11.79,17.37,29.16,32.23,16.89
745893,2024-06-18,2024,596146,L,650644,R,field_out,False,False,161.0,0.25,31.0,19.25,13.0,8.07,0.736,0.16699999999999998,21.88,11.13,12.24,23.37,26.77,16.06,394.0,0.263,84.0,21.32,37.0,9.39,0.8320000000000001,0.2339999999999999,19.92,9.32,15.49,24.81,24.75,18.14,140.0,0.273,39.0,27.86,10.0,7.14,0.789,0.18,22.67,10.02,20.04,30.05,29.54,23.49,254.0,0.234,66.0,25.98,16.0,6.3,0.6679999999999999,0.145,20.86,9.62,20.09,29.72,28.72,18.28
745893,2024-06-18,2024,642350,R,641154,R,strikeout,True,False,149.0,0.202,54.0,36.24,11.0,7.38,0.6519999999999999,0.16199999999999998,39.15,17.5,21.32,38.82,31.86,28.57,271.0,0.23,93.0,34.32,16.0,5.9,0.801,0.29,39.19,20.65,15.06,35.71,37.69,31.08,150.0,0.244,40.0,26.67,11.0,7.33,0.729,0.178,30.5,15.14,15.67,30.81,28.16,22.22,394.0,0.205,130.0,32.99,21.0,5.33,0.597,0.137,32.71,17.16,14.87,32.02,35.04,24.16
745893,2024-06-18,2024,666163,L,641154,R,field_out,False,False,127.0,0.255,35.0,27.56,15.0,11.81,0.6719999999999999,0.063,27.08,11.99,17.71,29.7,26.59,19.65,72.0,0.133,15.0,20.83,10.0,13.89,0.507,0.1169999999999999,25.64,10.56,17.96,28.52,20.41,17.5,170.0,0.262,44.0,25.88,6.0,3.53,0.778,0.22599999999999998,26.53,13.0,15.29,28.29,30.56,18.8,407.0,0.271,104.0,25.55,27.0,6.63,0.754,0.1549999999999999,27.73,14.02,16.28,30.3,33.55,23.21
745893,2024-06-18,2024,676356,R,641154,R,double,False,False,74.0,0.154,17.0,22.97,6.0,8.11,0.478,0.07700000000000001,26.87,13.95,15.89,29.84,38.41,20.73,10.0,0.2,0.0,0.0,0.0,0.0,0.7,0.3,19.05,11.43,11.43,22.86,44.44,0.0,150.0,0.244,40.0,26.67,11.0,7.33,0.729,0.178,30.5,15.14,15.67,30.81,28.16,22.22,394.0,0.205,130.0,32.99,21.0,5.33,0.597,0.137,32.71,17.16,14.87,32.02,35.04,24.16
745893,2024-06-18,2024,650490,R,641154,R,field_out,False,False,231.0,0.246,35.0,15.15,22.0,9.52,0.668,0.09700000000000003,12.05,5.27,17.09,22.36,23.12,12.5,462.0,0.322,72.0,15.58,49.0,10.61,0.881,0.1559999999999999,18.95,8.0,18.68,26.68,19.71,15.69,150.0,0.244,40.0,26.67,11.0,7.33,0.729,0.178,30.5,15.14,15.67,30.81,28.16,22.22,394.0,0.205,130.0,32.99,21.0,5.33,0.597,0.137,32.71,17.16,14.87,32.02,35.04,24.16
745893,2024-06-18,2024,621043,R,650644,R,single,False,False,168.0,0.311,33.0,19.64,17.0,10.12,0.848,0.16199999999999998,20.43,8.93,19.75,28.68,28.11,18.13,444.0,0.224,112.0,25.23,42.0,9.46,0.69,0.164,26.37,11.3,19.9,31.19,27.0,21.72,175.0,0.261,35.0,20.0,10.0,5.71,0.757,0.186,21.74,9.94,18.65,28.59,29.12,18.32,250.0,0.237,50.0,20.0,17.0,6.8,0.643,0.1089999999999999,24.67,11.79,17.37,29.16,32.23,16.89
745893,2024-06-18,2024,669304,R,650644,R,field_out,False,False,131.0,0.292,20.0,15.27,7.0,5.34,0.855,0.22500000000000003,20.63,9.91,17.89,27.8,33.06,18.87,120.0,0.207,18.0,15.0,8.0,6.67,0.5640000000000001,0.09,23.72,11.83,13.69,25.52,32.37,15.04,175.0,0.261,35.0,20.0,10.0,5.71,0.757,0.186,21.74,9.94,18.65,28.59,29.12,18.32,250.0,0.237,50.0,20.0,17.0,6.8,0.643,0.1089999999999999,24.67,11.79,17.37,29.16,32.23,16.89
745893,2024-06-18,2024,621439,R,650644,R,strikeout,True,False,135.0,0.242,38.0,28.15,6.0,4.44,0.667,0.129,34.86,19.04,11.73,30.77,36.59,21.59,257.0,0.217,80.0,31.13,26.0,10.12,0.767,0.243,29.69,15.03,12.96,27.99,29.53,25.0,175.0,0.261,35.0,20.0,10.0,5.71,0.757,0.186,21.74,9.94,18.65,28.59,29.12,18.32,250.0,0.237,50.0,20.0,17.0,6.8,0.643,0.1089999999999999,24.67,11.79,17.37,29.16,32.23,16.89
745893,2024-06-18,2024,680777,R,650644,R,single,False,False,163.0,0.239,33.0,20.25,13.0,7.98,0.819,0.247,22.92,10.31,18.44,28.75,29.03,17.2,242.0,0.281,70.0,28.93,19.0,7.85,0.8280000000000001,0.186,29.53,13.79,18.6,32.39,32.19,21.28,175.0,0.261,35.0,20.0,10.0,5.71,0.757,0.186,21.74,9.94,18.65,28.59,29.12,18.32,250.0,0.237,50.0,20.0,17.0,6.8,0.643,0.1089999999999999,24.67,11.79,17.37,29.16,32.23,16.89
745893,2024-06-18,2024,668885,R,650644,R,walk,False,True,63.0,0.241,13.0,20.63,5.0,7.94,0.6990000000000001,0.15600000000000003,22.52,10.46,17.15,27.62,16.96,17.81,,,,,,,,,,,,,,,175.0,0.261,35.0,20.0,10.0,5.71,0.757,0.186,21.74,9.94,18.65,28.59,29.12,18.32,250.0,0.237,50.0,20.0,17.0,6.8,0.643,0.1089999999999999,24.67,11.79,17.37,29.16,32.23,16.89
745893,2024-06-18,2024,650489,L,650644,R,double,False,False,211.0,0.232,49.0,23.22,20.0,9.48,0.7170000000000001,0.149,27.21,12.89,15.56,28.46,28.88,18.49,280.0,0.266,73.0,26.07,23.0,8.21,0.8029999999999999,0.189,28.16,14.39,15.31,29.7,34.97,21.1,140.0,0.273,39.0,27.86,10.0,7.14,0.789,0.18,22.67,10.02,20.04,30.05,29.54,23.49,254.0,0.234,66.0,25.98,16.0,6.3,0.6679999999999999,0.145,20.86,9.62,20.09,29.72,28.72,18.28
745893,2024-06-18,2024,663616,L,650644,R,double,False,False,141.0,0.26,27.0,19.15,12.0,8.51,0.768,0.189,28.0,13.26,16.48,29.73,28.68,17.81,189.0,0.228,60.0,31.75,25.0,13.23,0.766,0.21,36.25,14.96,16.71,31.67,22.55,25.75,140.0,0.273,39.0,27.86,10.0,7.14,0.789,0.18,22.67,10.02,20.04,30.05,29.54,23.49,254.0,0.234,66.0,25.98,16.0,6.3,0.6679999999999999,0.145,20.86,9.62,20.09,29.72,28.72,18.28
745893,2024-06-18,2024,668904,R,687330,R,field_out,False,False,31.0,0.321,5.0,16.13,3.0,9.68,1.28,0.5720000000000001,31.58,15.13,12.61,27.73,26.15,15.15,183.0,0.307,43.0,23.5,15.0,8.2,0.962,0.283,27.16,12.8,18.57,31.36,28.0,20.98,77.0,0.254,21.0,27.27,3.0,3.9,0.683,0.126,24.11,10.0,26.67,36.67,29.27,25.93,172.0,0.211,29.0,16.86,5.0,2.91,0.554,0.0809999999999999,21.07,9.75,21.21,30.96,29.68,13.74
745893,2024-06-18,2024,664040,L,641154,R,home_run,False,False,92.0,0.195,20.0,21.74,12.0,13.04,0.716,0.195,27.33,13.91,10.36,24.26,27.47,21.28,374.0,0.241,103.0,27.54,42.0,11.23,0.813,0.237,31.86,16.63,11.13,27.77,30.39,21.33,170.0,0.262,44.0,25.88,6.0,3.53,0.778,0.22599999999999998,26.53,13.0,15.29,28.29,30.56,18.8,407.0,0.271,104.0,25.55,27.0,6.63,0.754,0.1549999999999999,27.73,14.02,16.28,30.3,33.55,23.21
745893,2024-06-18,2024,670623,R,543351,R,strikeout,True,False,211.0,0.29,31.0,14.69,20.0,9.48,0.863,0.202,15.9,7.12,18.89,26.01,27.7,8.78,438.0,0.247,82.0,18.72,43.0,9.82,0.86,0.266,18.6,8.55,16.71,25.26,28.98,14.09,53.0,0.224,13.0,24.53,4.0,7.55,0.589,0.08199999999999999,31.91,13.89,18.52,32.41,21.15,19.7,74.0,0.2,15.0,20.27,3.0,4.05,0.6,0.1569999999999999,30.88,15.79,17.29,33.08,31.06,19.23
745893,2024-06-18,2024,666139,L,543351,R,home_run,False,False,71.0,0.194,21.0,29.58,7.0,9.86,0.6100000000000001,0.14500000000000002,26.25,13.08,14.02,27.1,29.88,18.58,435.0,0.3,104.0,23.91,27.0,6.21,0.8540000000000001,0.211,29.41,15.52,12.38,27.9,34.65,18.39,48.0,0.318,13.0,27.08,4.0,8.33,1.0110000000000001,0.318,22.12,11.86,11.86,23.71,29.17,21.31,42.0,0.114,12.0,28.57,6.0,14.29,0.473,0.115,29.63,12.97,15.14,28.11,28.43,21.82
745893,2024-06-18,2024,668227,R,543351,R,field_out,False,False,207.0,0.177,59.0,28.5,19.0,9.18,0.581,0.132,35.0,14.75,19.62,34.37,25.27,19.54,517.0,0.254,119.0,23.02,62.0,11.99,0.7769999999999999,0.1589999999999999,29.93,12.82,18.77,31.59,26.93,19.44,53.0,0.224,13.0,24.53,4.0,7.55,0.589,0.08199999999999999,31.91,13.89,18.52,32.41,21.15,19.7,74.0,0.2,15.0,20.27,3.0,4.05,0.6,0.1569999999999999,30.88,15.79,17.29,33.08,31.06,19.23
745893,2024-06-18,2024,676609,R,543351,R,field_out,False,False,174.0,0.241,45.0,25.86,11.0,6.32,0.653,0.10699999999999998,28.53,12.95,19.65,32.61,31.51,21.43,156.0,0.186,37.0,23.72,15.0,9.62,0.588,0.1009999999999999,24.9,10.03,24.36,34.39,27.59,18.69,53.0,0.224,13.0,24.53,4.0,7.55,0.589,0.08199999999999999,31.91,13.89,18.52,32.41,21.15,19.7,74.0,0.2,15.0,20.27,3.0,4.05,0.6,0.1569999999999999,30.88,15.79,17.29,33.08,31.06,19.23
745893,2024-06-18,2024,596146,L,542888,R,home_run,False,False,161.0,0.25,31.0,19.25,13.0,8.07,0.736,0.16699999999999998,21.88,11.13,12.24,23.37,26.77,16.06,394.0,0.263,84.0,21.32,37.0,9.39,0.8320000000000001,0.2339999999999999,19.92,9.32,15.49,24.81,24.75,18.14,49.0,0.302,10.0,20.41,6.0,12.24,0.853,0.16300000000000003,15.91,7.37,18.95,26.32,22.35,18.87,98.0,0.209,24.0,24.49,5.0,5.1,0.552,0.088,21.9,12.01,15.67,27.68,36.52,18.05
745893,2024-06-18,2024,621043,R,542888,R,walk,False,True,168.0,0.311,33.0,19.64,17.0,10.12,0.848,0.16199999999999998,20.43,8.93,19.75,28.68,28.11,18.13,444.0,0.224,112.0,25.23,42.0,9.46,0.69,0.164,26.37,11.3,19.9,31.19,27.0,21.72,90.0,0.205,26.0,28.89,6.0,6.67,0.5920000000000001,0.12000000000000002,27.37,14.37,17.3,31.67,27.89,21.85,109.0,0.17,30.0,27.52,6.0,5.5,0.489,0.0799999999999999,30.59,16.11,13.7,29.81,33.17,23.08
745893,2024-06-18,2024,669304,R,542888,R,single,False,False,131.0,0.292,20.0,15.27,7.0,5.34,0.855,0.22500000000000003,20.63,9.91,17.89,27.8,33.06,18.87,120.0,0.207,18.0,15.0,8.0,6.67,0.5640000000000001,0.09,23.72,11.83,13.69,25.52,32.37,15.04,90.0,0.205,26.0,28.89,6.0,6.67,0.5920000000000001,0.12000000000000002,27.37,14.37,17.3,31.67,27.89,21.85,109.0,0.17,30.0,27.52,6.0,5.5,0.489,0.0799999999999999,30.59,16.11,13.7,29.81,33.17,23.08
745893,2024-06-18,2024,621439,R,542888,R,force_out,False,False,135.0,0.242,38.0,28.15,6.0,4.44,0.667,0.129,34.86,19.04,11.73,30.77,36.59,21.59,257.0,0.217,80.0,31.13,26.0,10.12,0.767,0.243,29.69,15.03,12.96,27.99,29.53,25.0,90.0,0.205,26.0,28.89,6.0,6.67,0.5920000000000001,0.12000000000000002,27.37,14.37,17.3,31.67,27.89,21.85,109.0,0.17,30.0,27.52,6.0,5.5,0.489,0.0799999999999999,30.59,16.11,13.7,29.81,33.17,23.08
745893,2024-06-18,2024,680777,R,542888,R,sac_fly,False,False,163.0,0.239,33.0,20.25,13.0,7.98,0.819,0.247,22.92,10.31,18.44,28.75,29.03,17.2,242.0,0.281,70.0,28.93,19.0,7.85,0.8280000000000001,0.186,29.53,13.79,18.6,32.39,32.19,21.28,90.0,0.205,26.0,28.89,6.0,6.67,0.5920000000000001,0.12000000000000002,27.37,14.37,17.3,31.67,27.89,21.85,109.0,0.17,30.0,27.52,6.0,5.5,0.489,0.0799999999999999,30.59,16.11,13.7,29.81,33.17,23.08
745893,2024-06-18,2024,668885,R,542888,R,strikeout,True,False,63.0,0.241,13.0,20.63,5.0,7.94,0.6990000000000001,0.15600000000000003,22.52,10.46,17.15,27.62,16.96,17.81,,,,,,,,,,,,,,,90.0,0.205,26.0,28.89,6.0,6.67,0.5920000000000001,0.12000000000000002,27.37,14.37,17.3,31.67,27.89,21.85,109.0,0.17,30.0,27.52,6.0,5.5,0.489,0.0799999999999999,30.59,16.11,13.7,29.81,33.17,23.08
745893,2024-06-18,2024,642350,R,543351,R,field_out,False,False,149.0,0.202,54.0,36.24,11.0,7.38,0.6519999999999999,0.16199999999999998,39.15,17.5,21.32,38.82,31.86,28.57,271.0,0.23,93.0,34.32,16.0,5.9,0.801,0.29,39.19,20.65,15.06,35.71,37.69,31.08,53.0,0.224,13.0,24.53,4.0,7.55,0.589,0.08199999999999999,31.91,13.89,18.52,32.41,21.15,19.7,74.0,0.2,15.0,20.27,3.0,4.05,0.6,0.1569999999999999,30.88,15.79,17.29,33.08,31.06,19.23
745893,2024-06-18,2024,666163,L,543351,R,field_out,False,False,127.0,0.255,35.0,27.56,15.0,11.81,0.6719999999999999,0.063,27.08,11.99,17.71,29.7,26.59,19.65,72.0,0.133,15.0,20.83,10.0,13.89,0.507,0.1169999999999999,25.64,10.56,17.96,28.52,20.41,17.5,48.0,0.318,13.0,27.08,4.0,8.33,1.0110000000000001,0.318,22.12,11.86,11.86,23.71,29.17,21.31,42.0,0.114,12.0,28.57,6.0,14.29,0.473,0.115,29.63,12.97,15.14,28.11,28.43,21.82
745893,2024-06-18,2024,676356,R,543351,R,field_out,False,False,74.0,0.154,17.0,22.97,6.0,8.11,0.478,0.07700000000000001,26.87,13.95,15.89,29.84,38.41,20.73,10.0,0.2,0.0,0.0,0.0,0.0,0.7,0.3,19.05,11.43,11.43,22.86,44.44,0.0,53.0,0.224,13.0,24.53,4.0,7.55,0.589,0.08199999999999999,31.91,13.89,18.52,32.41,21.15,19.7,74.0,0.2,15.0,20.27,3.0,4.05,0.6,0.1569999999999999,30.88,15.79,17.29,33.08,31.06,19.23
745893,2024-06-18,2024,650489,R,621363,L,strikeout,True,False,69.0,0.344,18.0,26.09,4.0,5.8,0.907,0.17200000000000004,30.66,15.33,16.42,31.75,35.0,21.18,129.0,0.237,26.0,20.16,11.0,8.53,0.636,0.079,27.27,14.12,14.71,28.82,33.85,15.03,43.0,0.175,5.0,11.63,2.0,4.65,0.534,0.15000000000000002,18.92,10.07,7.91,17.99,33.33,16.13,172.0,0.199,36.0,20.93,16.0,9.3,0.5740000000000001,0.0989999999999999,25.81,12.6,14.49,27.09,32.74,21.95
745893,2024-06-18,2024,622534,R,621363,L,strikeout,True,False,72.0,0.286,10.0,13.89,8.0,11.11,0.758,0.11100000000000004,19.7,8.93,15.46,24.4,29.01,12.99,99.0,0.277,22.0,22.22,3.0,3.03,0.665,0.0949999999999999,26.88,13.81,17.68,31.49,28.93,23.66,43.0,0.175,5.0,11.63,2.0,4.65,0.534,0.15000000000000002,18.92,10.07,7.91,17.99,33.33,16.13,172.0,0.199,36.0,20.93,16.0,9.3,0.5740000000000001,0.0989999999999999,25.81,12.6,14.49,27.09,32.74,21.95
745893,2024-06-18,2024,668904,R,621363,L,field_out,False,False,16.0,0.538,1.0,6.25,2.0,12.5,1.639,0.5389999999999999,17.86,9.62,9.62,19.23,33.33,6.25,56.0,0.314,12.0,21.43,5.0,8.93,0.7869999999999999,0.0979999999999999,27.66,13.33,16.92,30.26,30.21,23.53,43.0,0.175,5.0,11.63,2.0,4.65,0.534,0.15000000000000002,18.92,10.07,7.91,17.99,33.33,16.13,172.0,0.199,36.0,20.93,16.0,9.3,0.5740000000000001,0.0989999999999999,25.81,12.6,14.49,27.09,32.74,21.95
745893,2024-06-18,2024,650490,R,660896,R,strikeout,True,False,231.0,0.246,35.0,15.15,22.0,9.52,0.668,0.09700000000000003,12.05,5.27,17.09,22.36,23.12,12.5,462.0,0.322,72.0,15.58,49.0,10.61,0.881,0.1559999999999999,18.95,8.0,18.68,26.68,19.71,15.69,50.0,0.186,10.0,20.0,5.0,10.0,0.536,0.07,33.7,16.4,15.34,31.75,27.78,16.13,46.0,0.282,12.0,26.09,6.0,13.04,1.058,0.385,25.61,10.55,18.09,28.64,22.02,21.43
745893,2024-06-18,2024,664040,L,660896,R,field_out,False,False,92.0,0.195,20.0,21.74,12.0,13.04,0.716,0.195,27.33,13.91,10.36,24.26,27.47,21.28,374.0,0.241,103.0,27.54,42.0,11.23,0.813,0.237,31.86,16.63,11.13,27.77,30.39,21.33,44.0,0.171,11.0,25.0,7.0,15.91,0.51,0.028999999999999998,31.71,14.05,16.76,30.81,21.11,20.37,29.0,0.125,4.0,13.79,4.0,13.79,0.491,0.125,25.0,9.92,20.66,30.58,27.42,11.76
745893,2024-06-18,2024,670623,R,660896,R,field_out,False,False,211.0,0.29,31.0,14.69,20.0,9.48,0.863,0.202,15.9,7.12,18.89,26.01,27.7,8.78,438.0,0.247,82.0,18.72,43.0,9.82,0.86,0.266,18.6,8.55,16.71,25.26,28.98,14.09,50.0,0.186,10.0,20.0,5.0,10.0,0.536,0.07,33.7,16.4,15.34,31.75,27.78,16.13,46.0,0.282,12.0,26.09,6.0,13.04,1.058,0.385,25.61,10.55,18.09,28.64,22.02,21.43
745893,2024-06-18,2024,596146,L,664076,L,strikeout,True,False,35.0,0.312,4.0,11.43,1.0,2.86,0.812,0.15699999999999997,12.9,6.4,17.6,24.0,32.79,11.43,97.0,0.25,22.0,22.68,8.0,8.25,0.752,0.182,19.46,9.73,13.51,23.24,25.0,18.42,42.0,0.265,13.0,30.95,6.0,14.29,0.8460000000000001,0.176,28.24,12.97,20.0,32.97,30.34,17.81,15.0,0.182,6.0,40.0,4.0,26.67,0.5820000000000001,0.0,27.78,12.2,17.07,29.27,32.61,16.22
745893,2024-06-18,2024,621043,R,664076,L,field_out,False,False,59.0,0.302,10.0,16.95,5.0,8.47,0.96,0.302,16.67,7.23,18.3,25.53,21.55,15.87,136.0,0.248,19.0,13.97,17.0,12.5,0.782,0.188,21.1,9.54,17.18,26.72,26.2,13.01,84.0,0.214,22.0,26.19,11.0,13.1,0.6080000000000001,0.05700000000000002,31.06,15.2,14.29,29.48,32.56,21.15,33.0,0.133,8.0,24.24,2.0,6.06,0.579,0.2339999999999999,25.0,10.08,19.38,29.46,28.17,24.24
745893,2024-06-18,2024,669304,R,664076,L,strikeout,True,False,64.0,0.258,8.0,12.5,1.0,1.56,0.668,0.129,16.67,9.01,13.06,22.07,35.14,13.11,32.0,0.226,6.0,18.75,1.0,3.12,0.573,0.097,29.85,17.54,10.53,28.07,44.44,20.0,84.0,0.214,22.0,26.19,11.0,13.1,0.6080000000000001,0.05700000000000002,31.06,15.2,14.29,29.48,32.56,21.15,33.0,0.133,8.0,24.24,2.0,6.06,0.579,0.2339999999999999,25.0,10.08,19.38,29.46,28.17,24.24
745893,2024-06-18,2024,666139,L,643377,R,field_out,False,False,71.0,0.194,21.0,29.58,7.0,9.86,0.6100000000000001,0.14500000000000002,26.25,13.08,14.02,27.1,29.88,18.58,435.0,0.3,104.0,23.91,27.0,6.21,0.8540000000000001,0.211,29.41,15.52,12.38,27.9,34.65,18.39,56.0,0.184,16.0,28.57,5.0,8.93,0.5589999999999999,0.10199999999999998,33.02,15.49,21.24,36.73,32.11,21.33,117.0,0.238,35.0,29.91,11.0,9.4,0.6970000000000001,0.143,29.15,14.01,20.91,34.91,36.23,23.81
745893,2024-06-18,2024,668227,R,643377,R,field_out,False,False,207.0,0.177,59.0,28.5,19.0,9.18,0.581,0.132,35.0,14.75,19.62,34.37,25.27,19.54,517.0,0.254,119.0,23.02,62.0,11.99,0.7769999999999999,0.1589999999999999,29.93,12.82,18.77,31.59,26.93,19.44,67.0,0.175,27.0,40.3,3.0,4.48,0.479,0.09500000000000003,38.93,20.35,15.09,35.44,35.14,24.77,157.0,0.228,33.0,21.02,8.0,5.1,0.599,0.089,24.56,11.73,18.37,30.1,27.92,20.25
745893,2024-06-18,2024,676609,R,643377,R,field_out,False,False,174.0,0.241,45.0,25.86,11.0,6.32,0.653,0.10699999999999998,28.53,12.95,19.65,32.61,31.51,21.43,156.0,0.186,37.0,23.72,15.0,9.62,0.588,0.1009999999999999,24.9,10.03,24.36,34.39,27.59,18.69,67.0,0.175,27.0,40.3,3.0,4.48,0.479,0.09500000000000003,38.93,20.35,15.09,35.44,35.14,24.77,157.0,0.228,33.0,21.02,8.0,5.1,0.599,0.089,24.56,11.73,18.37,30.1,27.92,20.25
745893,2024-06-18,2024,621439,R,592094,R,field_out,False,False,135.0,0.242,38.0,28.15,6.0,4.44,0.667,0.129,34.86,19.04,11.73,30.77,36.59,21.59,257.0,0.217,80.0,31.13,26.0,10.12,0.767,0.243,29.69,15.03,12.96,27.99,29.53,25.0,66.0,0.167,16.0,24.24,7.0,10.61,0.5660000000000001,0.11100000000000002,34.56,16.85,13.62,30.47,28.47,17.78,112.0,0.196,30.0,26.79,9.0,8.04,0.634,0.134,33.33,15.66,15.45,31.11,29.8,18.18
745893,2024-06-18,2024,680777,R,592094,R,field_out,False,False,163.0,0.239,33.0,20.25,13.0,7.98,0.819,0.247,22.92,10.31,18.44,28.75,29.03,17.2,242.0,0.281,70.0,28.93,19.0,7.85,0.8280000000000001,0.186,29.53,13.79,18.6,32.39,32.19,21.28,66.0,0.167,16.0,24.24,7.0,10.61,0.5660000000000001,0.11100000000000002,34.56,16.85,13.62,30.47,28.47,17.78,112.0,0.196,30.0,26.79,9.0,8.04,0.634,0.134,33.33,15.66,15.45,31.11,29.8,18.18
745893,2024-06-18,2024,668885,R,592094,R,single,False,False,63.0,0.241,13.0,20.63,5.0,7.94,0.6990000000000001,0.15600000000000003,22.52,10.46,17.15,27.62,16.96,17.81,,,,,,,,,,,,,,,66.0,0.167,16.0,24.24,7.0,10.61,0.5660000000000001,0.11100000000000002,34.56,16.85,13.62,30.47,28.47,17.78,112.0,0.196,30.0,26.79,9.0,8.04,0.634,0.134,33.33,15.66,15.45,31.11,29.8,18.18
745893,2024-06-18,2024,650489,L,592094,R,field_out,False,False,211.0,0.232,49.0,23.22,20.0,9.48,0.7170000000000001,0.149,27.21,12.89,15.56,28.46,28.88,18.49,280.0,0.266,73.0,26.07,23.0,8.21,0.8029999999999999,0.189,28.16,14.39,15.31,29.7,34.97,21.1,52.0,0.191,12.0,23.08,4.0,7.69,0.638,0.192,34.69,17.89,13.16,31.05,32.61,21.43,110.0,0.167,39.0,35.45,11.0,10.0,0.627,0.1869999999999999,35.6,15.81,20.0,35.81,28.04,29.55
745893,2024-06-18,2024,642350,R,661395,R,field_out,False,False,149.0,0.202,54.0,36.24,11.0,7.38,0.6519999999999999,0.16199999999999998,39.15,17.5,21.32,38.82,31.86,28.57,271.0,0.23,93.0,34.32,16.0,5.9,0.801,0.29,39.19,20.65,15.06,35.71,37.69,31.08,36.0,0.219,8.0,22.22,3.0,8.33,0.6499999999999999,0.12499999999999997,26.23,11.94,18.66,30.6,26.09,21.62,127.0,0.209,33.0,25.98,11.0,8.66,0.722,0.209,29.03,14.78,13.76,28.54,30.67,22.45
745893,2024-06-18,2024,666163,L,661395,R,strikeout,True,False,127.0,0.255,35.0,27.56,15.0,11.81,0.6719999999999999,0.063,27.08,11.99,17.71,29.7,26.59,19.65,72.0,0.133,15.0,20.83,10.0,13.89,0.507,0.1169999999999999,25.64,10.56,17.96,28.52,20.41,17.5,44.0,0.189,9.0,20.45,5.0,11.36,0.653,0.16199999999999998,30.59,14.69,14.69,29.38,26.74,16.07,128.0,0.205,51.0,39.84,14.0,10.94,0.523,0.027,41.24,20.66,12.8,33.46,29.78,27.62
745893,2024-06-18,2024,676356,R,661395,R,strikeout,True,False,74.0,0.154,17.0,22.97,6.0,8.11,0.478,0.07700000000000001,26.87,13.95,15.89,29.84,38.41,20.73,10.0,0.2,0.0,0.0,0.0,0.0,0.7,0.3,19.05,11.43,11.43,22.86,44.44,0.0,36.0,0.219,8.0,22.22,3.0,8.33,0.6499999999999999,0.12499999999999997,26.23,11.94,18.66,30.6,26.09,21.62,127.0,0.209,33.0,25.98,11.0,8.66,0.722,0.209,29.03,14.78,13.76,28.54,30.67,22.45
745893,2024-06-18,2024,622534,R,664126,R,single,False,False,82.0,0.176,15.0,18.29,6.0,7.32,0.486,0.05400000000000002,22.15,11.22,15.99,27.21,30.15,17.24,237.0,0.258,33.0,13.92,15.0,6.33,0.694,0.12,23.38,11.66,15.01,26.67,32.22,16.02,53.0,0.182,14.0,26.42,8.0,15.09,0.535,0.04500000000000001,24.1,10.47,17.8,28.27,20.43,29.79,99.0,0.12,33.0,33.33,11.0,11.11,0.4519999999999999,0.0849999999999999,29.08,14.69,18.3,32.99,29.89,26.83
745893,2024-06-18,2024,668904,R,664126,R,strikeout,True,False,31.0,0.321,5.0,16.13,3.0,9.68,1.28,0.5720000000000001,31.58,15.13,12.61,27.73,26.15,15.15,183.0,0.307,43.0,23.5,15.0,8.2,0.962,0.283,27.16,12.8,18.57,31.36,28.0,20.98,53.0,0.182,14.0,26.42,8.0,15.09,0.535,0.04500000000000001,24.1,10.47,17.8,28.27,20.43,29.79,99.0,0.12,33.0,33.33,11.0,11.11,0.4519999999999999,0.0849999999999999,29.08,14.69,18.3,32.99,29.89,26.83
745893,2024-06-18,2024,596146,L,664126,R,field_out,False,False,161.0,0.25,31.0,19.25,13.0,8.07,0.736,0.16699999999999998,21.88,11.13,12.24,23.37,26.77,16.06,394.0,0.263,84.0,21.32,37.0,9.39,0.8320000000000001,0.2339999999999999,19.92,9.32,15.49,24.81,24.75,18.14,43.0,0.263,11.0,25.58,4.0,9.3,0.615,0.025999999999999968,22.22,8.38,25.15,33.53,19.74,26.83,86.0,0.211,35.0,40.7,9.0,10.47,0.565,0.052,32.88,13.79,25.29,39.08,26.17,31.25
745893,2024-06-18,2024,621043,R,664126,R,single,False,False,168.0,0.311,33.0,19.64,17.0,10.12,0.848,0.16199999999999998,20.43,8.93,19.75,28.68,28.11,18.13,444.0,0.224,112.0,25.23,42.0,9.46,0.69,0.164,26.37,11.3,19.9,31.19,27.0,21.72,53.0,0.182,14.0,26.42,8.0,15.09,0.535,0.04500000000000001,24.1,10.47,17.8,28.27,20.43,29.79,99.0,0.12,33.0,33.33,11.0,11.11,0.4519999999999999,0.0849999999999999,29.08,14.69,18.3,32.99,29.89,26.83
745893,2024-06-18,2024,467793,L,664208,R,single,False,False,188.0,0.213,29.0,15.43,21.0,11.17,0.6799999999999999,0.153,22.42,9.55,17.42,26.97,24.07,13.55,460.0,0.231,83.0,18.04,45.0,9.78,0.727,0.1899999999999999,23.76,11.0,14.32,25.31,24.63,16.21,55.0,0.256,10.0,18.18,8.0,14.55,1.046,0.372,22.64,10.0,14.58,24.58,29.6,12.99,138.0,0.265,30.0,21.74,17.0,12.32,0.856,0.2039999999999999,26.0,12.2,15.95,28.14,26.22,19.87
747107,2024-06-18,2024,663837,R,680885,R,strikeout,True,False,171.0,0.252,38.0,22.22,9.0,5.26,0.7909999999999999,0.245,20.41,8.68,20.84,29.52,20.06,17.19,383.0,0.26,92.0,24.02,29.0,7.57,0.724,0.14,21.06,9.23,21.95,31.18,28.67,18.31,23.0,0.3,3.0,13.04,2.0,8.7,0.891,0.2,18.75,10.23,15.91,26.14,40.91,9.38,,,,,,,,,,,,,,
747107,2024-06-18,2024,672761,L,680885,R,field_out,False,False,154.0,0.245,35.0,22.73,13.0,8.44,0.688,0.136,22.46,9.89,20.1,29.98,27.01,17.5,,,,,,,,,,,,,,,45.0,0.244,9.0,20.0,3.0,6.67,0.8009999999999999,0.268,26.8,14.61,15.73,30.34,42.86,13.64,,,,,,,,,,,,,,
747107,2024-06-18,2024,682985,L,680885,R,walk,False,True,235.0,0.276,62.0,26.38,33.0,14.04,0.908,0.252,28.54,11.6,17.76,29.36,21.02,22.88,323.0,0.291,84.0,26.01,28.0,8.67,0.826,0.182,27.26,12.45,16.06,28.52,24.68,20.14,45.0,0.244,9.0,20.0,3.0,6.67,0.8009999999999999,0.268,26.8,14.61,15.73,30.34,42.86,13.64,,,,,,,,,,,,,,
747107,2024-06-18,2024,592192,R,680885,R,strikeout,True,False,211.0,0.238,42.0,19.91,20.0,9.48,0.687,0.11599999999999999,22.19,8.92,23.42,32.34,21.48,17.0,341.0,0.261,56.0,16.42,28.0,8.21,0.721,0.1079999999999999,18.91,7.86,21.98,29.84,23.71,13.49,23.0,0.3,3.0,13.04,2.0,8.7,0.891,0.2,18.75,10.23,15.91,26.14,40.91,9.38,,,,,,,,,,,,,,
747107,2024-06-18,2024,672284,L,663554,R,single,False,False,162.0,0.273,48.0,29.63,10.0,6.17,0.781,0.187,33.94,17.26,14.79,32.05,32.0,22.64,324.0,0.251,105.0,32.41,34.0,10.49,0.738,0.1569999999999999,35.42,16.4,14.8,31.2,29.2,26.99,148.0,0.24,22.0,14.86,13.0,8.78,0.657,0.10899999999999999,21.01,9.22,18.6,27.82,23.08,12.43,,,,,,,,,,,,,,
747107,2024-06-18,2024,645277,L,663554,R,triple,False,False,201.0,0.236,36.0,17.91,17.0,8.46,0.6779999999999999,0.129,22.17,12.24,9.55,21.79,32.48,12.29,528.0,0.25,89.0,16.86,42.0,7.95,0.8029999999999999,0.235,20.84,11.11,9.82,20.92,33.45,13.94,148.0,0.24,22.0,14.86,13.0,8.78,0.657,0.10899999999999999,21.01,9.22,18.6,27.82,23.08,12.43,,,,,,,,,,,,,,
747107,2024-06-18,2024,542303,R,663554,R,single,False,False,211.0,0.302,45.0,21.33,19.0,9.0,1.0,0.333,30.81,14.77,13.44,28.21,26.56,18.99,453.0,0.272,109.0,24.06,44.0,9.71,0.882,0.263,27.95,13.42,14.78,28.21,29.59,18.63,140.0,0.336,21.0,15.0,6.0,4.29,0.834,0.13399999999999995,17.95,9.26,15.12,24.39,27.8,11.35,,,,,,,,,,,,,,
747107,2024-06-18,2024,621566,L,663554,R,field_out,False,False,201.0,0.246,52.0,25.87,23.0,11.44,0.761,0.177,28.18,13.84,11.38,25.22,28.36,17.23,540.0,0.294,115.0,21.3,90.0,16.67,1.061,0.351,27.51,12.57,12.32,24.89,25.66,14.92,148.0,0.24,22.0,14.86,13.0,8.78,0.657,0.10899999999999999,21.01,9.22,18.6,27.82,23.08,12.43,,,,,,,,,,,,,,
747107,2024-06-18,2024,663586,R,663554,R,field_out,False,False,174.0,0.261,42.0,24.14,14.0,8.05,0.762,0.172,29.48,14.87,12.68,27.55,27.54,18.22,566.0,0.28,137.0,24.2,42.0,7.42,0.841,0.2199999999999999,27.71,13.25,15.53,28.77,27.7,18.53,140.0,0.336,21.0,15.0,6.0,4.29,0.834,0.13399999999999995,17.95,9.26,15.12,24.39,27.8,11.35,,,,,,,,,,,,,,
747107,2024-06-18,2024,518595,R,663554,R,field_out,False,False,122.0,0.222,29.0,23.77,10.0,8.2,0.683,0.158,34.78,16.88,15.61,32.49,26.75,21.97,226.0,0.214,50.0,22.12,12.0,5.31,0.655,0.176,27.19,14.35,12.93,27.28,28.43,19.61,140.0,0.336,21.0,15.0,6.0,4.29,0.834,0.13399999999999995,17.95,9.26,15.12,24.39,27.8,11.35,,,,,,,,,,,,,,
747107,2024-06-18,2024,570482,R,680885,R,field_out,False,False,112.0,0.305,15.0,13.39,5.0,4.46,0.749,0.10499999999999998,19.32,9.69,17.43,27.12,32.84,13.51,175.0,0.276,30.0,17.14,9.0,5.14,0.653,0.061,20.55,11.01,13.8,24.82,34.39,12.39,23.0,0.3,3.0,13.04,2.0,8.7,0.891,0.2,18.75,10.23,15.91,26.14,40.91,9.38,,,,,,,,,,,,,,
747107,2024-06-18,2024,690993,L,680885,R,single,False,False,195.0,0.231,35.0,17.95,11.0,5.64,0.5960000000000001,0.088,23.12,11.07,16.87,27.94,33.07,18.62,,,,,,,,,,,,,,,45.0,0.244,9.0,20.0,3.0,6.67,0.8009999999999999,0.268,26.8,14.61,15.73,30.34,42.86,13.64,,,,,,,,,,,,,,
747107,2024-06-18,2024,669234,R,680885,R,field_out,False,False,33.0,0.179,13.0,39.39,4.0,12.12,0.666,0.21400000000000002,37.93,15.28,20.83,36.11,13.85,27.08,,,,,,,,,,,,,,,23.0,0.3,3.0,13.04,2.0,8.7,0.891,0.2,18.75,10.23,15.91,26.14,40.91,9.38,,,,,,,,,,,,,,
747107,2024-06-18,2024,656716,L,680885,R,strikeout,True,False,112.0,0.19,31.0,27.68,10.0,8.93,0.548,0.09000000000000002,27.7,13.14,17.15,30.29,29.78,22.96,475.0,0.23,109.0,22.95,38.0,8.0,0.653,0.1259999999999999,21.06,10.13,16.08,26.2,28.04,19.12,45.0,0.244,9.0,20.0,3.0,6.67,0.8009999999999999,0.268,26.8,14.61,15.73,30.34,42.86,13.64,,,,,,,,,,,,,,
747107,2024-06-18,2024,594807,R,663554,R,field_error,False,False,90.0,0.081,32.0,35.56,3.0,3.33,0.22699999999999998,0.023999999999999994,28.05,13.65,19.88,33.53,34.76,30.19,260.0,0.248,76.0,29.23,18.0,6.92,0.863,0.303,29.41,13.69,18.97,32.66,32.68,27.44,140.0,0.336,21.0,15.0,6.0,4.29,0.834,0.13399999999999995,17.95,9.26,15.12,24.39,27.8,11.35,,,,,,,,,,,,,,
747107,2024-06-18,2024,657088,L,663554,R,single,False,False,3.0,0.333,2.0,66.67,0.0,0.0,0.666,0.0,55.56,41.67,16.67,58.33,80.0,40.0,11.0,0.333,4.0,36.36,2.0,18.18,1.011,0.223,13.04,5.45,21.82,27.27,25.93,16.67,148.0,0.24,22.0,14.86,13.0,8.78,0.657,0.10899999999999999,21.01,9.22,18.6,27.82,23.08,12.43,,,,,,,,,,,,,,
747107,2024-06-18,2024,606115,R,663554,R,field_out,False,False,201.0,0.239,35.0,17.41,8.0,3.98,0.669,0.16000000000000003,23.39,11.65,15.26,26.91,25.91,18.23,421.0,0.255,78.0,18.53,23.0,5.46,0.6739999999999999,0.12,23.54,11.23,17.09,28.32,27.84,15.98,140.0,0.336,21.0,15.0,6.0,4.29,0.834,0.13399999999999995,17.95,9.26,15.12,24.39,27.8,11.35,,,,,,,,,,,,,,
747107,2024-06-18,2024,672284,L,663554,R,strikeout,True,False,162.0,0.273,48.0,29.63,10.0,6.17,0.781,0.187,33.94,17.26,14.79,32.05,32.0,22.64,324.0,0.251,105.0,32.41,34.0,10.49,0.738,0.1569999999999999,35.42,16.4,14.8,31.2,29.2,26.99,148.0,0.24,22.0,14.86,13.0,8.78,0.657,0.10899999999999999,21.01,9.22,18.6,27.82,23.08,12.43,,,,,,,,,,,,,,
747107,2024-06-18,2024,645277,L,663554,R,field_out,False,False,201.0,0.236,36.0,17.91,17.0,8.46,0.6779999999999999,0.129,22.17,12.24,9.55,21.79,32.48,12.29,528.0,0.25,89.0,16.86,42.0,7.95,0.8029999999999999,0.235,20.84,11.11,9.82,20.92,33.45,13.94,148.0,0.24,22.0,14.86,13.0,8.78,0.657,0.10899999999999999,21.01,9.22,18.6,27.82,23.08,12.43,,,,,,,,,,,,,,
747107,2024-06-18,2024,608348,R,680885,R,strikeout,True,False,111.0,0.235,26.0,23.42,8.0,7.21,0.685,0.132,24.37,10.55,20.44,30.99,24.0,17.57,108.0,0.198,27.0,25.0,6.0,5.56,0.479,0.0399999999999999,28.73,13.54,19.79,33.33,28.41,25.0,23.0,0.3,3.0,13.04,2.0,8.7,0.891,0.2,18.75,10.23,15.91,26.14,40.91,9.38,,,,,,,,,,,,,,
747107,2024-06-18,2024,663837,R,680885,R,field_out,False,False,171.0,0.252,38.0,22.22,9.0,5.26,0.7909999999999999,0.245,20.41,8.68,20.84,29.52,20.06,17.19,383.0,0.26,92.0,24.02,29.0,7.57,0.724,0.14,21.06,9.23,21.95,31.18,28.67,18.31,23.0,0.3,3.0,13.04,2.0,8.7,0.891,0.2,18.75,10.23,15.91,26.14,40.91,9.38,,,,,,,,,,,,,,
747107,2024-06-18,2024,672761,L,680885,R,field_out,False,False,154.0,0.245,35.0,22.73,13.0,8.44,0.688,0.136,22.46,9.89,20.1,29.98,27.01,17.5,,,,,,,,,,,,,,,45.0,0.244,9.0,20.0,3.0,6.67,0.8009999999999999,0.268,26.8,14.61,15.73,30.34,42.86,13.64,,,,,,,,,,,,,,
747107,2024-06-18,2024,542303,R,663554,R,field_out,False,False,211.0,0.302,45.0,21.33,19.0,9.0,1.0,0.333,30.81,14.77,13.44,28.21,26.56,18.99,453.0,0.272,109.0,24.06,44.0,9.71,0.882,0.263,27.95,13.42,14.78,28.21,29.59,18.63,140.0,0.336,21.0,15.0,6.0,4.29,0.834,0.13399999999999995,17.95,9.26,15.12,24.39,27.8,11.35,,,,,,,,,,,,,,
747107,2024-06-18,2024,621566,L,663554,R,strikeout,True,False,201.0,0.246,52.0,25.87,23.0,11.44,0.761,0.177,28.18,13.84,11.38,25.22,28.36,17.23,540.0,0.294,115.0,21.3,90.0,16.67,1.061,0.351,27.51,12.57,12.32,24.89,25.66,14.92,148.0,0.24,22.0,14.86,13.0,8.78,0.657,0.10899999999999999,21.01,9.22,18.6,27.82,23.08,12.43,,,,,,,,,,,,,,
747107,2024-06-18,2024,663586,R,663554,R,field_error,False,False,174.0,0.261,42.0,24.14,14.0,8.05,0.762,0.172,29.48,14.87,12.68,27.55,27.54,18.22,566.0,0.28,137.0,24.2,42.0,7.42,0.841,0.2199999999999999,27.71,13.25,15.53,28.77,27.7,18.53,140.0,0.336,21.0,15.0,6.0,4.29,0.834,0.13399999999999995,17.95,9.26,15.12,24.39,27.8,11.35,,,,,,,,,,,,,,
747107,2024-06-18,2024,518595,R,663554,R,field_out,False,False,122.0,0.222,29.0,23.77,10.0,8.2,0.683,0.158,34.78,16.88,15.61,32.49,26.75,21.97,226.0,0.214,50.0,22.12,12.0,5.31,0.655,0.176,27.19,14.35,12.93,27.28,28.43,19.61,140.0,0.336,21.0,15.0,6.0,4.29,0.834,0.13399999999999995,17.95,9.26,15.12,24.39,27.8,11.35,,,,,,,,,,,,,,
747107,2024-06-18,2024,682985,L,680885,R,field_out,False,False,235.0,0.276,62.0,26.38,33.0,14.04,0.908,0.252,28.54,11.6,17.76,29.36,21.02,22.88,323.0,0.291,84.0,26.01,28.0,8.67,0.826,0.182,27.26,12.45,16.06,28.52,24.68,20.14,45.0,0.244,9.0,20.0,3.0,6.67,0.8009999999999999,0.268,26.8,14.61,15.73,30.34,42.86,13.64,,,,,,,,,,,,,,
747107,2024-06-18,2024,592192,R,680885,R,hit_by_pitch,False,False,211.0,0.238,42.0,19.91,20.0,9.48,0.687,0.11599999999999999,22.19,8.92,23.42,32.34,21.48,17.0,341.0,0.261,56.0,16.42,28.0,8.21,0.721,0.1079999999999999,18.91,7.86,21.98,29.84,23.71,13.49,23.0,0.3,3.0,13.04,2.0,8.7,0.891,0.2,18.75,10.23,15.91,26.14,40.91,9.38,,,,,,,,,,,,,,
747107,2024-06-18,2024,570482,R,680885,R,field_out,False,False,112.0,0.305,15.0,13.39,5.0,4.46,0.749,0.10499999999999998,19.32,9.69,17.43,27.12,32.84,13.51,175.0,0.276,30.0,17.14,9.0,5.14,0.653,0.061,20.55,11.01,13.8,24.82,34.39,12.39,23.0,0.3,3.0,13.04,2.0,8.7,0.891,0.2,18.75,10.23,15.91,26.14,40.91,9.38,,,,,,,,,,,,,,
747107,2024-06-18,2024,690993,L,680885,R,hit_by_pitch,False,False,195.0,0.231,35.0,17.95,11.0,5.64,0.5960000000000001,0.088,23.12,11.07,16.87,27.94,33.07,18.62,,,,,,,,,,,,,,,45.0,0.244,9.0,20.0,3.0,6.67,0.8009999999999999,0.268,26.8,14.61,15.73,30.34,42.86,13.64,,,,,,,,,,,,,,
747107,2024-06-18,2024,669234,R,680885,R,field_out,False,False,33.0,0.179,13.0,39.39,4.0,12.12,0.666,0.21400000000000002,37.93,15.28,20.83,36.11,13.85,27.08,,,,,,,,,,,,,,,23.0,0.3,3.0,13.04,2.0,8.7,0.891,0.2,18.75,10.23,15.91,26.14,40.91,9.38,,,,,,,,,,,,,,
747107,2024-06-18,2024,594807,R,663554,R,single,False,False,90.0,0.081,32.0,35.56,3.0,3.33,0.22699999999999998,0.023999999999999994,28.05,13.65,19.88,33.53,34.76,30.19,260.0,0.248,76.0,29.23,18.0,6.92,0.863,0.303,29.41,13.69,18.97,32.66,32.68,27.44,140.0,0.336,21.0,15.0,6.0,4.29,0.834,0.13399999999999995,17.95,9.26,15.12,24.39,27.8,11.35,,,,,,,,,,,,,,
747107,2024-06-18,2024,657088,L,663554,R,strikeout,True,False,3.0,0.333,2.0,66.67,0.0,0.0,0.666,0.0,55.56,41.67,16.67,58.33,80.0,40.0,11.0,0.333,4.0,36.36,2.0,18.18,1.011,0.223,13.04,5.45,21.82,27.27,25.93,16.67,148.0,0.24,22.0,14.86,13.0,8.78,0.657,0.10899999999999999,21.01,9.22,18.6,27.82,23.08,12.43,,,,,,,,,,,,,,
747107,2024-06-18,2024,606115,R,663554,R,grounded_into_double_play,False,False,201.0,0.239,35.0,17.41,8.0,3.98,0.669,0.16000000000000003,23.39,11.65,15.26,26.91,25.91,18.23,421.0,0.255,78.0,18.53,23.0,5.46,0.6739999999999999,0.12,23.54,11.23,17.09,28.32,27.84,15.98,140.0,0.336,21.0,15.0,6.0,4.29,0.834,0.13399999999999995,17.95,9.26,15.12,24.39,27.8,11.35,,,,,,,,,,,,,,
747107,2024-06-18,2024,656716,L,680885,R,field_out,False,False,112.0,0.19,31.0,27.68,10.0,8.93,0.548,0.09000000000000002,27.7,13.14,17.15,30.29,29.78,22.96,475.0,0.23,109.0,22.95,38.0,8.0,0.653,0.1259999999999999,21.06,10.13,16.08,26.2,28.04,19.12,45.0,0.244,9.0,20.0,3.0,6.67,0.8009999999999999,0.268,26.8,14.61,15.73,30.34,42.86,13.64,,,,,,,,,,,,,,
747107,2024-06-18,2024,608348,R,680885,R,walk,False,True,111.0,0.235,26.0,23.42,8.0,7.21,0.685,0.132,24.37,10.55,20.44,30.99,24.0,17.57,108.0,0.198,27.0,25.0,6.0,5.56,0.479,0.0399999999999999,28.73,13.54,19.79,33.33,28.41,25.0,23.0,0.3,3.0,13.04,2.0,8.7,0.891,0.2,18.75,10.23,15.91,26.14,40.91,9.38,,,,,,,,,,,,,,
747107,2024-06-18,2024,663837,R,680885,R,strikeout,True,False,171.0,0.252,38.0,22.22,9.0,5.26,0.7909999999999999,0.245,20.41,8.68,20.84,29.52,20.06,17.19,383.0,0.26,92.0,24.02,29.0,7.57,0.724,0.14,21.06,9.23,21.95,31.18,28.67,18.31,23.0,0.3,3.0,13.04,2.0,8.7,0.891,0.2,18.75,10.23,15.91,26.14,40.91,9.38,,,,,,,,,,,,,,
747107,2024-06-18,2024,672761,L,680885,R,field_out,False,False,154.0,0.245,35.0,22.73,13.0,8.44,0.688,0.136,22.46,9.89,20.1,29.98,27.01,17.5,,,,,,,,,,,,,,,45.0,0.244,9.0,20.0,3.0,6.67,0.8009999999999999,0.268,26.8,14.61,15.73,30.34,42.86,13.64,,,,,,,,,,,,,,
747107,2024-06-18,2024,672284,L,689225,R,field_out,False,False,162.0,0.273,48.0,29.63,10.0,6.17,0.781,0.187,33.94,17.26,14.79,32.05,32.0,22.64,324.0,0.251,105.0,32.41,34.0,10.49,0.738,0.1569999999999999,35.42,16.4,14.8,31.2,29.2,26.99,28.0,0.231,8.0,28.57,2.0,7.14,0.748,0.231,23.94,12.69,14.18,26.87,34.25,14.29,64.0,0.254,11.0,17.19,5.0,7.81,0.6679999999999999,0.1019999999999999,18.9,8.99,13.11,22.1,24.09,13.25
747107,2024-06-18,2024,645277,L,689225,R,field_out,False,False,201.0,0.236,36.0,17.91,17.0,8.46,0.6779999999999999,0.129,22.17,12.24,9.55,21.79,32.48,12.29,528.0,0.25,89.0,16.86,42.0,7.95,0.8029999999999999,0.235,20.84,11.11,9.82,20.92,33.45,13.94,28.0,0.231,8.0,28.57,2.0,7.14,0.748,0.231,23.94,12.69,14.18,26.87,34.25,14.29,64.0,0.254,11.0,17.19,5.0,7.81,0.6679999999999999,0.1019999999999999,18.9,8.99,13.11,22.1,24.09,13.25
747107,2024-06-18,2024,542303,R,689225,R,field_out,False,False,211.0,0.302,45.0,21.33,19.0,9.0,1.0,0.333,30.81,14.77,13.44,28.21,26.56,18.99,453.0,0.272,109.0,24.06,44.0,9.71,0.882,0.263,27.95,13.42,14.78,28.21,29.59,18.63,34.0,0.172,5.0,14.71,3.0,8.82,0.44899999999999995,0.035,21.82,10.43,19.13,29.57,37.7,17.24,88.0,0.262,20.0,22.73,7.0,7.95,0.768,0.188,23.94,12.13,14.56,26.68,37.2,14.93
747107,2024-06-18,2024,682985,L,680885,R,triple,False,False,235.0,0.276,62.0,26.38,33.0,14.04,0.908,0.252,28.54,11.6,17.76,29.36,21.02,22.88,323.0,0.291,84.0,26.01,28.0,8.67,0.826,0.182,27.26,12.45,16.06,28.52,24.68,20.14,45.0,0.244,9.0,20.0,3.0,6.67,0.8009999999999999,0.268,26.8,14.61,15.73,30.34,42.86,13.64,,,,,,,,,,,,,,
747107,2024-06-18,2024,592192,R,680885,R,strikeout,True,False,211.0,0.238,42.0,19.91,20.0,9.48,0.687,0.11599999999999999,22.19,8.92,23.42,32.34,21.48,17.0,341.0,0.261,56.0,16.42,28.0,8.21,0.721,0.1079999999999999,18.91,7.86,21.98,29.84,23.71,13.49,23.0,0.3,3.0,13.04,2.0,8.7,0.891,0.2,18.75,10.23,15.91,26.14,40.91,9.38,,,,,,,,,,,,,,
747107,2024-06-18,2024,570482,R,680885,R,single,False,False,112.0,0.305,15.0,13.39,5.0,4.46,0.749,0.10499999999999998,19.32,9.69,17.43,27.12,32.84,13.51,175.0,0.276,30.0,17.14,9.0,5.14,0.653,0.061,20.55,11.01,13.8,24.82,34.39,12.39,23.0,0.3,3.0,13.04,2.0,8.7,0.891,0.2,18.75,10.23,15.91,26.14,40.91,9.38,,,,,,,,,,,,,,
747107,2024-06-18,2024,690993,L,680885,R,force_out,False,False,195.0,0.231,35.0,17.95,11.0,5.64,0.5960000000000001,0.088,23.12,11.07,16.87,27.94,33.07,18.62,,,,,,,,,,,,,,,45.0,0.244,9.0,20.0,3.0,6.67,0.8009999999999999,0.268,26.8,14.61,15.73,30.34,42.86,13.64,,,,,,,,,,,,,,
747107,2024-06-18,2024,669234,R,680885,R,strikeout,True,False,33.0,0.179,13.0,39.39,4.0,12.12,0.666,0.21400000000000002,37.93,15.28,20.83,36.11,13.85,27.08,,,,,,,,,,,,,,,23.0,0.3,3.0,13.04,2.0,8.7,0.891,0.2,18.75,10.23,15.91,26.14,40.91,9.38,,,,,,,,,,,,,,
747107,2024-06-18,2024,621566,L,689225,R,field_out,False,False,201.0,0.246,52.0,25.87,23.0,11.44,0.761,0.177,28.18,13.84,11.38,25.22,28.36,17.23,540.0,0.294,115.0,21.3,90.0,16.67,1.061,0.351,27.51,12.57,12.32,24.89,25.66,14.92,28.0,0.231,8.0,28.57,2.0,7.14,0.748,0.231,23.94,12.69,14.18,26.87,34.25,14.29,64.0,0.254,11.0,17.19,5.0,7.81,0.6679999999999999,0.1019999999999999,18.9,8.99,13.11,22.1,24.09,13.25
747107,2024-06-18,2024,663586,R,689225,R,strikeout,True,False,174.0,0.261,42.0,24.14,14.0,8.05,0.762,0.172,29.48,14.87,12.68,27.55,27.54,18.22,566.0,0.28,137.0,24.2,42.0,7.42,0.841,0.2199999999999999,27.71,13.25,15.53,28.77,27.7,18.53,34.0,0.172,5.0,14.71,3.0,8.82,0.44899999999999995,0.035,21.82,10.43,19.13,29.57,37.7,17.24,88.0,0.262,20.0,22.73,7.0,7.95,0.768,0.188,23.94,12.13,14.56,26.68,37.2,14.93
747107,2024-06-18,2024,518595,R,689225,R,field_out,False,False,122.0,0.222,29.0,23.77,10.0,8.2,0.683,0.158,34.78,16.88,15.61,32.49,26.75,21.97,226.0,0.214,50.0,22.12,12.0,5.31,0.655,0.176,27.19,14.35,12.93,27.28,28.43,19.61,34.0,0.172,5.0,14.71,3.0,8.82,0.44899999999999995,0.035,21.82,10.43,19.13,29.57,37.7,17.24,88.0,0.262,20.0,22.73,7.0,7.95,0.768,0.188,23.94,12.13,14.56,26.68,37.2,14.93
747107,2024-06-18,2024,656716,L,572955,R,strikeout,True,False,112.0,0.19,31.0,27.68,10.0,8.93,0.548,0.09000000000000002,27.7,13.14,17.15,30.29,29.78,22.96,475.0,0.23,109.0,22.95,38.0,8.0,0.653,0.1259999999999999,21.06,10.13,16.08,26.2,28.04,19.12,46.0,0.2,15.0,32.61,6.0,13.04,0.679,0.175,28.4,12.64,17.58,30.22,30.11,26.79,116.0,0.255,41.0,35.34,16.0,13.79,0.888,0.276,34.88,15.59,18.71,34.3,29.28,26.8
747107,2024-06-18,2024,608348,R,572955,R,field_out,False,False,111.0,0.235,26.0,23.42,8.0,7.21,0.685,0.132,24.37,10.55,20.44,30.99,24.0,17.57,108.0,0.198,27.0,25.0,6.0,5.56,0.479,0.0399999999999999,28.73,13.54,19.79,33.33,28.41,25.0,55.0,0.265,16.0,29.09,5.0,9.09,0.692,0.08199999999999996,32.65,15.24,20.0,35.24,30.61,23.88,161.0,0.259,49.0,30.43,14.0,8.7,0.6970000000000001,0.1149999999999999,31.85,15.3,18.91,34.21,36.56,26.63
747107,2024-06-18,2024,663837,R,572955,R,single,False,False,171.0,0.252,38.0,22.22,9.0,5.26,0.7909999999999999,0.245,20.41,8.68,20.84,29.52,20.06,17.19,383.0,0.26,92.0,24.02,29.0,7.57,0.724,0.14,21.06,9.23,21.95,31.18,28.67,18.31,55.0,0.265,16.0,29.09,5.0,9.09,0.692,0.08199999999999996,32.65,15.24,20.0,35.24,30.61,23.88,161.0,0.259,49.0,30.43,14.0,8.7,0.6970000000000001,0.1149999999999999,31.85,15.3,18.91,34.21,36.56,26.63
747107,2024-06-18,2024,672761,L,572955,R,field_out,False,False,154.0,0.245,35.0,22.73,13.0,8.44,0.688,0.136,22.46,9.89,20.1,29.98,27.01,17.5,,,,,,,,,,,,,,,46.0,0.2,15.0,32.61,6.0,13.04,0.679,0.175,28.4,12.64,17.58,30.22,30.11,26.79,116.0,0.255,41.0,35.34,16.0,13.79,0.888,0.276,34.88,15.59,18.71,34.3,29.28,26.8
747107,2024-06-18,2024,594807,R,689225,R,strikeout,True,False,90.0,0.081,32.0,35.56,3.0,3.33,0.22699999999999998,0.023999999999999994,28.05,13.65,19.88,33.53,34.76,30.19,260.0,0.248,76.0,29.23,18.0,6.92,0.863,0.303,29.41,13.69,18.97,32.66,32.68,27.44,34.0,0.172,5.0,14.71,3.0,8.82,0.44899999999999995,0.035,21.82,10.43,19.13,29.57,37.7,17.24,88.0,0.262,20.0,22.73,7.0,7.95,0.768,0.188,23.94,12.13,14.56,26.68,37.2,14.93
747107,2024-06-18,2024,657656,R,605177,L,strikeout,True,False,37.0,0.171,15.0,40.54,0.0,0.0,0.503,0.143,40.0,20.69,15.17,35.86,27.94,28.3,138.0,0.27,36.0,26.09,10.0,7.25,0.793,0.19,27.13,12.7,16.7,29.4,21.07,20.34,64.0,0.321,16.0,25.0,7.0,10.94,0.8200000000000001,0.10799999999999998,34.51,16.6,12.77,29.36,34.01,29.09,142.0,0.211,43.0,30.28,17.0,11.97,0.738,0.22,35.02,15.71,14.83,30.54,33.9,27.74
747107,2024-06-18,2024,606115,R,605177,L,strikeout,True,False,72.0,0.179,19.0,26.39,3.0,4.17,0.46199999999999997,0.07500000000000001,26.03,12.75,16.11,28.86,26.71,19.19,112.0,0.302,24.0,21.43,16.0,14.29,1.006,0.302,27.18,11.06,18.79,29.85,21.6,18.32,64.0,0.321,16.0,25.0,7.0,10.94,0.8200000000000001,0.10799999999999998,34.51,16.6,12.77,29.36,34.01,29.09,142.0,0.211,43.0,30.28,17.0,11.97,0.738,0.22,35.02,15.71,14.83,30.54,33.9,27.74
747107,2024-06-18,2024,682985,L,641729,R,strikeout,True,False,235.0,0.276,62.0,26.38,33.0,14.04,0.908,0.252,28.54,11.6,17.76,29.36,21.02,22.88,323.0,0.291,84.0,26.01,28.0,8.67,0.826,0.182,27.26,12.45,16.06,28.52,24.68,20.14,57.0,0.192,15.0,26.32,5.0,8.77,0.513,0.057999999999999996,28.18,13.9,18.83,32.74,31.96,20.27,94.0,0.239,26.0,27.66,5.0,5.32,0.72,0.204,32.2,16.22,15.48,31.7,24.86,16.77
747107,2024-06-18,2024,592192,R,641729,R,single,False,False,211.0,0.238,42.0,19.91,20.0,9.48,0.687,0.11599999999999999,22.19,8.92,23.42,32.34,21.48,17.0,341.0,0.261,56.0,16.42,28.0,8.21,0.721,0.1079999999999999,18.91,7.86,21.98,29.84,23.71,13.49,57.0,0.173,15.0,26.32,5.0,8.77,0.45799999999999996,0.03900000000000001,32.14,16.74,15.35,32.09,31.07,24.19,144.0,0.229,47.0,32.64,9.0,6.25,0.694,0.176,32.23,16.57,16.95,33.52,30.83,29.19
747107,2024-06-18,2024,570482,R,641729,R,field_out,False,False,112.0,0.305,15.0,13.39,5.0,4.46,0.749,0.10499999999999998,19.32,9.69,17.43,27.12,32.84,13.51,175.0,0.276,30.0,17.14,9.0,5.14,0.653,0.061,20.55,11.01,13.8,24.82,34.39,12.39,57.0,0.173,15.0,26.32,5.0,8.77,0.45799999999999996,0.03900000000000001,32.14,16.74,15.35,32.09,31.07,24.19,144.0,0.229,47.0,32.64,9.0,6.25,0.694,0.176,32.23,16.57,16.95,33.52,30.83,29.19
747107,2024-06-18,2024,690993,L,641729,R,field_out,False,False,195.0,0.231,35.0,17.95,11.0,5.64,0.5960000000000001,0.088,23.12,11.07,16.87,27.94,33.07,18.62,,,,,,,,,,,,,,,57.0,0.192,15.0,26.32,5.0,8.77,0.513,0.057999999999999996,28.18,13.9,18.83,32.74,31.96,20.27,94.0,0.239,26.0,27.66,5.0,5.32,0.72,0.204,32.2,16.22,15.48,31.7,24.86,16.77
747107,2024-06-18,2024,672284,L,605177,L,field_out,False,False,26.0,0.231,8.0,30.77,0.0,0.0,0.5,0.038000000000000006,32.69,17.89,17.89,35.79,35.56,25.0,92.0,0.259,27.0,29.35,7.0,7.61,0.774,0.2,27.91,12.83,16.31,29.14,26.49,24.55,43.0,0.211,12.0,27.91,5.0,11.63,0.565,0.05200000000000002,23.81,11.56,13.87,25.43,33.66,23.53,84.0,0.264,20.0,23.81,11.0,13.1,0.744,0.1109999999999999,25.9,10.32,20.92,31.23,26.29,18.18
747107,2024-06-18,2024,645277,L,676684,R,field_out,False,False,201.0,0.236,36.0,17.91,17.0,8.46,0.6779999999999999,0.129,22.17,12.24,9.55,21.79,32.48,12.29,528.0,0.25,89.0,16.86,42.0,7.95,0.8029999999999999,0.235,20.84,11.11,9.82,20.92,33.45,13.94,43.0,0.27,5.0,11.63,4.0,9.3,0.623,0.02699999999999997,22.35,11.18,14.71,25.88,25.3,10.2,85.0,0.218,24.0,28.24,6.0,7.06,0.646,0.154,21.11,10.24,18.06,28.3,34.72,20.51
747107,2024-06-18,2024,542303,R,676684,R,strikeout,True,False,211.0,0.302,45.0,21.33,19.0,9.0,1.0,0.333,30.81,14.77,13.44,28.21,26.56,18.99,453.0,0.272,109.0,24.06,44.0,9.71,0.882,0.263,27.95,13.42,14.78,28.21,29.59,18.63,82.0,0.276,17.0,20.73,3.0,3.66,0.6950000000000001,0.119,26.25,14.05,16.72,30.77,33.85,18.89,114.0,0.215,32.0,28.07,7.0,6.14,0.5529999999999999,0.0749999999999999,27.23,12.59,22.76,35.35,32.97,26.45
747107,2024-06-18,2024,669234,R,628452,R,strikeout,True,False,33.0,0.179,13.0,39.39,4.0,12.12,0.666,0.21400000000000002,37.93,15.28,20.83,36.11,13.85,27.08,,,,,,,,,,,,,,,51.0,0.217,7.0,13.73,3.0,5.88,0.6639999999999999,0.153,22.47,10.36,14.51,24.87,26.0,15.22,108.0,0.221,37.0,34.26,4.0,3.7,0.587,0.116,33.75,18.93,13.79,32.71,38.6,26.62
747107,2024-06-18,2024,656716,L,628452,R,field_out,False,False,112.0,0.19,31.0,27.68,10.0,8.93,0.548,0.09000000000000002,27.7,13.14,17.15,30.29,29.78,22.96,475.0,0.23,109.0,22.95,38.0,8.0,0.653,0.1259999999999999,21.06,10.13,16.08,26.2,28.04,19.12,55.0,0.176,13.0,23.64,3.0,5.45,0.438,0.04000000000000001,27.55,14.67,16.85,31.52,36.84,29.55,123.0,0.255,31.0,25.2,11.0,8.94,0.735,0.1629999999999999,31.56,15.78,14.44,30.22,32.92,28.44
747107,2024-06-18,2024,608348,R,628452,R,field_out,False,False,111.0,0.235,26.0,23.42,8.0,7.21,0.685,0.132,24.37,10.55,20.44,30.99,24.0,17.57,108.0,0.198,27.0,25.0,6.0,5.56,0.479,0.0399999999999999,28.73,13.54,19.79,33.33,28.41,25.0,51.0,0.217,7.0,13.73,3.0,5.88,0.6639999999999999,0.153,22.47,10.36,14.51,24.87,26.0,15.22,108.0,0.221,37.0,34.26,4.0,3.7,0.587,0.116,33.75,18.93,13.79,32.71,38.6,26.62
744917,2024-06-18,2024,680776,L,605135,R,strikeout,True,False,232.0,0.295,48.0,20.69,20.0,8.62,0.906,0.25300000000000006,23.43,11.03,14.74,25.76,27.14,18.46,314.0,0.296,75.0,23.89,21.0,6.69,0.84,0.195,24.68,12.92,13.75,26.67,30.3,19.02,164.0,0.295,28.0,17.07,21.0,12.8,0.8460000000000001,0.15800000000000003,17.38,7.48,17.86,25.34,21.85,14.43,403.0,0.265,97.0,24.07,36.0,8.93,0.841,0.239,22.76,10.56,17.85,28.41,24.8,20.13
744917,2024-06-18,2024,665839,L,605135,R,field_out,False,False,119.0,0.25,29.0,24.37,8.0,6.72,0.7749999999999999,0.23099999999999998,21.08,9.71,19.01,28.72,28.17,17.61,133.0,0.28,32.0,24.06,7.0,5.26,0.806,0.2079999999999999,23.05,10.04,20.07,30.11,28.72,21.48,164.0,0.295,28.0,17.07,21.0,12.8,0.8460000000000001,0.15800000000000003,17.38,7.48,17.86,25.34,21.85,14.43,403.0,0.265,97.0,24.07,36.0,8.93,0.841,0.239,22.76,10.56,17.85,28.41,24.8,20.13
744917,2024-06-18,2024,608701,R,605135,R,single,False,False,89.0,0.321,19.0,21.35,8.0,8.99,0.873,0.16599999999999998,21.74,10.09,17.0,27.09,22.89,16.67,98.0,0.159,25.0,25.51,10.0,10.2,0.466,0.036,25.0,10.43,19.91,30.33,20.39,18.38,177.0,0.23,47.0,26.55,11.0,6.21,0.562,0.037000000000000005,24.07,11.05,20.11,31.16,27.65,20.0,425.0,0.208,89.0,20.94,23.0,5.41,0.573,0.102,21.02,10.01,19.18,29.19,29.2,18.62
744917,2024-06-18,2024,646240,L,605135,R,strikeout,True,False,175.0,0.286,33.0,18.86,26.0,14.86,1.001,0.326,24.32,11.3,13.14,24.44,29.41,16.18,469.0,0.27,89.0,18.98,51.0,10.87,0.863,0.235,25.44,13.04,9.74,22.78,33.05,15.06,164.0,0.295,28.0,17.07,21.0,12.8,0.8460000000000001,0.15800000000000003,17.38,7.48,17.86,25.34,21.85,14.43,403.0,0.265,97.0,24.07,36.0,8.93,0.841,0.239,22.76,10.56,17.85,28.41,24.8,20.13
744917,2024-06-18,2024,687462,L,656557,R,double,False,False,28.0,0.348,5.0,17.86,4.0,14.29,0.835,0.04300000000000004,23.91,10.09,19.27,29.36,24.07,14.29,38.0,0.265,10.0,26.32,3.0,7.89,0.754,0.1469999999999999,27.14,13.01,17.12,30.14,25.35,21.74,202.0,0.196,41.0,20.3,10.0,4.95,0.486,0.04199999999999998,21.01,10.26,19.56,29.82,27.61,21.69,240.0,0.271,51.0,21.25,25.0,10.42,0.858,0.2309999999999999,28.05,13.03,14.96,27.99,27.35,19.69
744917,2024-06-18,2024,676914,R,656557,R,strikeout,True,False,174.0,0.236,40.0,22.99,20.0,11.49,0.78,0.203,25.32,10.33,18.81,29.14,20.45,16.26,87.0,0.247,27.0,31.03,11.0,12.64,0.8340000000000001,0.219,37.06,13.98,21.9,35.88,15.66,21.77,161.0,0.224,48.0,29.81,5.0,3.11,0.556,0.06499999999999997,26.92,12.73,22.81,35.54,37.67,25.4,225.0,0.236,48.0,21.33,16.0,7.11,0.622,0.089,29.72,14.27,17.37,31.64,31.71,21.52
744917,2024-06-18,2024,665489,R,656557,R,field_out,False,False,253.0,0.293,45.0,17.79,27.0,10.67,0.7809999999999999,0.11599999999999999,25.31,12.0,15.32,27.32,25.64,14.02,558.0,0.26,85.0,15.23,48.0,8.6,0.792,0.2,23.83,12.29,11.94,24.23,30.21,15.37,161.0,0.224,48.0,29.81,5.0,3.11,0.556,0.06499999999999997,26.92,12.73,22.81,35.54,37.67,25.4,225.0,0.236,48.0,21.33,16.0,7.11,0.622,0.089,29.72,14.27,17.37,31.64,31.71,21.52
744917,2024-06-18,2024,662139,L,656557,R,field_out,False,False,200.0,0.204,57.0,28.5,18.0,9.0,0.744,0.26,26.12,12.06,16.08,28.14,24.07,24.15,466.0,0.202,111.0,23.82,36.0,7.73,0.662,0.19,25.51,12.84,15.05,27.89,29.23,18.26,202.0,0.196,41.0,20.3,10.0,4.95,0.486,0.04199999999999998,21.01,10.26,19.56,29.82,27.61,21.69,240.0,0.271,51.0,21.25,25.0,10.42,0.858,0.2309999999999999,28.05,13.03,14.96,27.99,27.35,19.69
744917,2024-06-18,2024,641933,R,605135,R,double,False,False,139.0,0.224,47.0,33.81,11.0,7.91,0.751,0.232,34.59,15.81,16.84,32.65,27.34,25.13,187.0,0.233,53.0,28.34,15.0,8.02,0.6839999999999999,0.157,29.39,13.29,17.12,30.41,25.99,26.5,177.0,0.23,47.0,26.55,11.0,6.21,0.562,0.037000000000000005,24.07,11.05,20.11,31.16,27.65,20.0,425.0,0.208,89.0,20.94,23.0,5.41,0.573,0.102,21.02,10.01,19.18,29.19,29.2,18.62
744917,2024-06-18,2024,807799,L,605135,R,field_out,False,False,87.0,0.276,12.0,13.79,7.0,8.05,0.728,0.09199999999999997,16.33,6.98,19.48,26.45,23.56,12.9,437.0,0.293,58.0,13.27,22.0,5.03,0.795,0.167,17.2,7.54,21.09,28.63,28.96,13.65,164.0,0.295,28.0,17.07,21.0,12.8,0.8460000000000001,0.15800000000000003,17.38,7.48,17.86,25.34,21.85,14.43,403.0,0.265,97.0,24.07,36.0,8.93,0.841,0.239,22.76,10.56,17.85,28.41,24.8,20.13
744917,2024-06-18,2024,624512,L,605135,R,field_out,False,False,107.0,0.215,28.0,26.17,9.0,8.41,0.587,0.086,26.46,12.2,18.29,30.49,30.84,25.45,179.0,0.25,47.0,26.26,10.0,5.59,0.639,0.0979999999999999,22.84,12.46,16.72,29.18,42.86,22.6,164.0,0.295,28.0,17.07,21.0,12.8,0.8460000000000001,0.15800000000000003,17.38,7.48,17.86,25.34,21.85,14.43,403.0,0.265,97.0,24.07,36.0,8.93,0.841,0.239,22.76,10.56,17.85,28.41,24.8,20.13
744917,2024-06-18,2024,642086,L,605135,R,single,False,False,115.0,0.194,23.0,20.0,14.0,12.17,0.5680000000000001,0.061,25.63,11.97,16.2,28.17,29.6,21.3,414.0,0.263,62.0,14.98,33.0,7.97,0.736,0.135,19.9,10.09,14.56,24.65,32.27,13.42,164.0,0.295,28.0,17.07,21.0,12.8,0.8460000000000001,0.15800000000000003,17.38,7.48,17.86,25.34,21.85,14.43,403.0,0.265,97.0,24.07,36.0,8.93,0.841,0.239,22.76,10.56,17.85,28.41,24.8,20.13
744917,2024-06-18,2024,678882,R,605135,R,strikeout,True,False,197.0,0.23,53.0,26.9,5.0,2.54,0.619,0.13899999999999998,33.56,20.66,11.4,32.05,45.38,22.75,62.0,0.263,20.0,32.26,3.0,4.84,0.6739999999999999,0.1049999999999999,27.08,15.6,11.2,26.8,42.11,22.22,177.0,0.23,47.0,26.55,11.0,6.21,0.562,0.037000000000000005,24.07,11.05,20.11,31.16,27.65,20.0,425.0,0.208,89.0,20.94,23.0,5.41,0.573,0.102,21.02,10.01,19.18,29.19,29.2,18.62
744917,2024-06-18,2024,457759,R,656557,R,single,False,False,178.0,0.209,29.0,16.29,21.0,11.8,0.648,0.12400000000000003,19.41,9.07,16.27,25.34,27.25,10.43,462.0,0.273,78.0,16.88,33.0,7.14,0.765,0.1569999999999999,16.44,7.32,17.97,25.29,25.33,12.0,161.0,0.224,48.0,29.81,5.0,3.11,0.556,0.06499999999999997,26.92,12.73,22.81,35.54,37.67,25.4,225.0,0.236,48.0,21.33,16.0,7.11,0.622,0.089,29.72,14.27,17.37,31.64,31.71,21.52
744917,2024-06-18,2024,680718,L,656557,R,single,False,False,22.0,0.19,5.0,22.73,1.0,4.55,0.41700000000000004,0.0,26.83,15.49,19.72,35.21,43.75,27.78,,,,,,,,,,,,,,,202.0,0.196,41.0,20.3,10.0,4.95,0.486,0.04199999999999998,21.01,10.26,19.56,29.82,27.61,21.69,240.0,0.271,51.0,21.25,25.0,10.42,0.858,0.2309999999999999,28.05,13.03,14.96,27.99,27.35,19.69
744917,2024-06-18,2024,672386,R,656557,R,strikeout,True,False,94.0,0.225,11.0,11.7,9.0,9.57,0.636,0.11300000000000002,15.15,6.23,22.19,28.43,22.71,8.03,295.0,0.244,28.0,9.49,25.0,8.47,0.6739999999999999,0.1069999999999999,13.38,5.86,20.77,26.63,27.21,7.67,161.0,0.224,48.0,29.81,5.0,3.11,0.556,0.06499999999999997,26.92,12.73,22.81,35.54,37.67,25.4,225.0,0.236,48.0,21.33,16.0,7.11,0.622,0.089,29.72,14.27,17.37,31.64,31.71,21.52
744917,2024-06-18,2024,643396,R,656557,R,strikeout,True,False,166.0,0.265,22.0,13.25,10.0,6.02,0.6839999999999999,0.11199999999999999,13.21,6.12,21.5,27.62,32.73,15.07,273.0,0.246,54.0,19.78,17.0,6.23,0.6479999999999999,0.1069999999999999,19.6,9.05,20.2,29.25,28.6,15.56,161.0,0.224,48.0,29.81,5.0,3.11,0.556,0.06499999999999997,26.92,12.73,22.81,35.54,37.67,25.4,225.0,0.236,48.0,21.33,16.0,7.11,0.622,0.089,29.72,14.27,17.37,31.64,31.71,21.52
744917,2024-06-18,2024,676391,R,656557,R,double,False,False,76.0,0.243,6.0,7.89,1.0,1.32,0.628,0.135,16.05,9.49,14.23,23.72,44.37,7.79,20.0,0.4,1.0,5.0,0.0,0.0,1.05,0.25,5.71,3.33,15.0,18.33,40.0,7.69,161.0,0.224,48.0,29.81,5.0,3.11,0.556,0.06499999999999997,26.92,12.73,22.81,35.54,37.67,25.4,225.0,0.236,48.0,21.33,16.0,7.11,0.622,0.089,29.72,14.27,17.37,31.64,31.71,21.52
744917,2024-06-18,2024,687462,L,656557,R,walk,False,True,28.0,0.348,5.0,17.86,4.0,14.29,0.835,0.04300000000000004,23.91,10.09,19.27,29.36,24.07,14.29,38.0,0.265,10.0,26.32,3.0,7.89,0.754,0.1469999999999999,27.14,13.01,17.12,30.14,25.35,21.74,202.0,0.196,41.0,20.3,10.0,4.95,0.486,0.04199999999999998,21.01,10.26,19.56,29.82,27.61,21.69,240.0,0.271,51.0,21.25,25.0,10.42,0.858,0.2309999999999999,28.05,13.03,14.96,27.99,27.35,19.69
744917,2024-06-18,2024,676914,R,656557,R,force_out,False,False,174.0,0.236,40.0,22.99,20.0,11.49,0.78,0.203,25.32,10.33,18.81,29.14,20.45,16.26,87.0,0.247,27.0,31.03,11.0,12.64,0.8340000000000001,0.219,37.06,13.98,21.9,35.88,15.66,21.77,161.0,0.224,48.0,29.81,5.0,3.11,0.556,0.06499999999999997,26.92,12.73,22.81,35.54,37.67,25.4,225.0,0.236,48.0,21.33,16.0,7.11,0.622,0.089,29.72,14.27,17.37,31.64,31.71,21.52
744917,2024-06-18,2024,680776,L,605135,R,field_out,False,False,232.0,0.295,48.0,20.69,20.0,8.62,0.906,0.25300000000000006,23.43,11.03,14.74,25.76,27.14,18.46,314.0,0.296,75.0,23.89,21.0,6.69,0.84,0.195,24.68,12.92,13.75,26.67,30.3,19.02,164.0,0.295,28.0,17.07,21.0,12.8,0.8460000000000001,0.15800000000000003,17.38,7.48,17.86,25.34,21.85,14.43,403.0,0.265,97.0,24.07,36.0,8.93,0.841,0.239,22.76,10.56,17.85,28.41,24.8,20.13
744917,2024-06-18,2024,665839,L,605135,R,strikeout,True,False,119.0,0.25,29.0,24.37,8.0,6.72,0.7749999999999999,0.23099999999999998,21.08,9.71,19.01,28.72,28.17,17.61,133.0,0.28,32.0,24.06,7.0,5.26,0.806,0.2079999999999999,23.05,10.04,20.07,30.11,28.72,21.48,164.0,0.295,28.0,17.07,21.0,12.8,0.8460000000000001,0.15800000000000003,17.38,7.48,17.86,25.34,21.85,14.43,403.0,0.265,97.0,24.07,36.0,8.93,0.841,0.239,22.76,10.56,17.85,28.41,24.8,20.13
744917,2024-06-18,2024,608701,R,605135,R,field_out,False,False,89.0,0.321,19.0,21.35,8.0,8.99,0.873,0.16599999999999998,21.74,10.09,17.0,27.09,22.89,16.67,98.0,0.159,25.0,25.51,10.0,10.2,0.466,0.036,25.0,10.43,19.91,30.33,20.39,18.38,177.0,0.23,47.0,26.55,11.0,6.21,0.562,0.037000000000000005,24.07,11.05,20.11,31.16,27.65,20.0,425.0,0.208,89.0,20.94,23.0,5.41,0.573,0.102,21.02,10.01,19.18,29.19,29.2,18.62
744917,2024-06-18,2024,665489,R,656557,R,field_out,False,False,253.0,0.293,45.0,17.79,27.0,10.67,0.7809999999999999,0.11599999999999999,25.31,12.0,15.32,27.32,25.64,14.02,558.0,0.26,85.0,15.23,48.0,8.6,0.792,0.2,23.83,12.29,11.94,24.23,30.21,15.37,161.0,0.224,48.0,29.81,5.0,3.11,0.556,0.06499999999999997,26.92,12.73,22.81,35.54,37.67,25.4,225.0,0.236,48.0,21.33,16.0,7.11,0.622,0.089,29.72,14.27,17.37,31.64,31.71,21.52
744917,2024-06-18,2024,662139,L,656557,R,strikeout,True,False,200.0,0.204,57.0,28.5,18.0,9.0,0.744,0.26,26.12,12.06,16.08,28.14,24.07,24.15,466.0,0.202,111.0,23.82,36.0,7.73,0.662,0.19,25.51,12.84,15.05,27.89,29.23,18.26,202.0,0.196,41.0,20.3,10.0,4.95,0.486,0.04199999999999998,21.01,10.26,19.56,29.82,27.61,21.69,240.0,0.271,51.0,21.25,25.0,10.42,0.858,0.2309999999999999,28.05,13.03,14.96,27.99,27.35,19.69
744917,2024-06-18,2024,457759,R,656557,R,field_out,False,False,178.0,0.209,29.0,16.29,21.0,11.8,0.648,0.12400000000000003,19.41,9.07,16.27,25.34,27.25,10.43,462.0,0.273,78.0,16.88,33.0,7.14,0.765,0.1569999999999999,16.44,7.32,17.97,25.29,25.33,12.0,161.0,0.224,48.0,29.81,5.0,3.11,0.556,0.06499999999999997,26.92,12.73,22.81,35.54,37.67,25.4,225.0,0.236,48.0,21.33,16.0,7.11,0.622,0.089,29.72,14.27,17.37,31.64,31.71,21.52
744917,2024-06-18,2024,646240,L,605135,R,single,False,False,175.0,0.286,33.0,18.86,26.0,14.86,1.001,0.326,24.32,11.3,13.14,24.44,29.41,16.18,469.0,0.27,89.0,18.98,51.0,10.87,0.863,0.235,25.44,13.04,9.74,22.78,33.05,15.06,164.0,0.295,28.0,17.07,21.0,12.8,0.8460000000000001,0.15800000000000003,17.38,7.48,17.86,25.34,21.85,14.43,403.0,0.265,97.0,24.07,36.0,8.93,0.841,0.239,22.76,10.56,17.85,28.41,24.8,20.13
744917,2024-06-18,2024,641933,R,605135,R,field_out,False,False,139.0,0.224,47.0,33.81,11.0,7.91,0.751,0.232,34.59,15.81,16.84,32.65,27.34,25.13,187.0,0.233,53.0,28.34,15.0,8.02,0.6839999999999999,0.157,29.39,13.29,17.12,30.41,25.99,26.5,177.0,0.23,47.0,26.55,11.0,6.21,0.562,0.037000000000000005,24.07,11.05,20.11,31.16,27.65,20.0,425.0,0.208,89.0,20.94,23.0,5.41,0.573,0.102,21.02,10.01,19.18,29.19,29.2,18.62
744917,2024-06-18,2024,807799,L,605135,R,force_out,False,False,87.0,0.276,12.0,13.79,7.0,8.05,0.728,0.09199999999999997,16.33,6.98,19.48,26.45,23.56,12.9,437.0,0.293,58.0,13.27,22.0,5.03,0.795,0.167,17.2,7.54,21.09,28.63,28.96,13.65,164.0,0.295,28.0,17.07,21.0,12.8,0.8460000000000001,0.15800000000000003,17.38,7.48,17.86,25.34,21.85,14.43,403.0,0.265,97.0,24.07,36.0,8.93,0.841,0.239,22.76,10.56,17.85,28.41,24.8,20.13
744917,2024-06-18,2024,624512,L,605135,R,walk,False,True,107.0,0.215,28.0,26.17,9.0,8.41,0.587,0.086,26.46,12.2,18.29,30.49,30.84,25.45,179.0,0.25,47.0,26.26,10.0,5.59,0.639,0.0979999999999999,22.84,12.46,16.72,29.18,42.86,22.6,164.0,0.295,28.0,17.07,21.0,12.8,0.8460000000000001,0.15800000000000003,17.38,7.48,17.86,25.34,21.85,14.43,403.0,0.265,97.0,24.07,36.0,8.93,0.841,0.239,22.76,10.56,17.85,28.41,24.8,20.13
744917,2024-06-18,2024,642086,L,605135,R,field_out,False,False,115.0,0.194,23.0,20.0,14.0,12.17,0.5680000000000001,0.061,25.63,11.97,16.2,28.17,29.6,21.3,414.0,0.263,62.0,14.98,33.0,7.97,0.736,0.135,19.9,10.09,14.56,24.65,32.27,13.42,164.0,0.295,28.0,17.07,21.0,12.8,0.8460000000000001,0.15800000000000003,17.38,7.48,17.86,25.34,21.85,14.43,403.0,0.265,97.0,24.07,36.0,8.93,0.841,0.239,22.76,10.56,17.85,28.41,24.8,20.13
744917,2024-06-18,2024,680718,L,656557,R,field_out,False,False,22.0,0.19,5.0,22.73,1.0,4.55,0.41700000000000004,0.0,26.83,15.49,19.72,35.21,43.75,27.78,,,,,,,,,,,,,,,202.0,0.196,41.0,20.3,10.0,4.95,0.486,0.04199999999999998,21.01,10.26,19.56,29.82,27.61,21.69,240.0,0.271,51.0,21.25,25.0,10.42,0.858,0.2309999999999999,28.05,13.03,14.96,27.99,27.35,19.69
744917,2024-06-18,2024,672386,R,656557,R,strikeout,True,False,94.0,0.225,11.0,11.7,9.0,9.57,0.636,0.11300000000000002,15.15,6.23,22.19,28.43,22.71,8.03,295.0,0.244,28.0,9.49,25.0,8.47,0.6739999999999999,0.1069999999999999,13.38,5.86,20.77,26.63,27.21,7.67,161.0,0.224,48.0,29.81,5.0,3.11,0.556,0.06499999999999997,26.92,12.73,22.81,35.54,37.67,25.4,225.0,0.236,48.0,21.33,16.0,7.11,0.622,0.089,29.72,14.27,17.37,31.64,31.71,21.52
744917,2024-06-18,2024,643396,R,656557,R,field_out,False,False,166.0,0.265,22.0,13.25,10.0,6.02,0.6839999999999999,0.11199999999999999,13.21,6.12,21.5,27.62,32.73,15.07,273.0,0.246,54.0,19.78,17.0,6.23,0.6479999999999999,0.1069999999999999,19.6,9.05,20.2,29.25,28.6,15.56,161.0,0.224,48.0,29.81,5.0,3.11,0.556,0.06499999999999997,26.92,12.73,22.81,35.54,37.67,25.4,225.0,0.236,48.0,21.33,16.0,7.11,0.622,0.089,29.72,14.27,17.37,31.64,31.71,21.52
744917,2024-06-18,2024,678882,R,605135,R,single,False,False,197.0,0.23,53.0,26.9,5.0,2.54,0.619,0.13899999999999998,33.56,20.66,11.4,32.05,45.38,22.75,62.0,0.263,20.0,32.26,3.0,4.84,0.6739999999999999,0.1049999999999999,27.08,15.6,11.2,26.8,42.11,22.22,177.0,0.23,47.0,26.55,11.0,6.21,0.562,0.037000000000000005,24.07,11.05,20.11,31.16,27.65,20.0,425.0,0.208,89.0,20.94,23.0,5.41,0.573,0.102,21.02,10.01,19.18,29.19,29.2,18.62
744917,2024-06-18,2024,680776,L,605135,R,strikeout,True,False,232.0,0.295,48.0,20.69,20.0,8.62,0.906,0.25300000000000006,23.43,11.03,14.74,25.76,27.14,18.46,314.0,0.296,75.0,23.89,21.0,6.69,0.84,0.195,24.68,12.92,13.75,26.67,30.3,19.02,164.0,0.295,28.0,17.07,21.0,12.8,0.8460000000000001,0.15800000000000003,17.38,7.48,17.86,25.34,21.85,14.43,403.0,0.265,97.0,24.07,36.0,8.93,0.841,0.239,22.76,10.56,17.85,28.41,24.8,20.13
744917,2024-06-18,2024,665839,L,605135,R,grounded_into_double_play,False,False,119.0,0.25,29.0,24.37,8.0,6.72,0.7749999999999999,0.23099999999999998,21.08,9.71,19.01,28.72,28.17,17.61,133.0,0.28,32.0,24.06,7.0,5.26,0.806,0.2079999999999999,23.05,10.04,20.07,30.11,28.72,21.48,164.0,0.295,28.0,17.07,21.0,12.8,0.8460000000000001,0.15800000000000003,17.38,7.48,17.86,25.34,21.85,14.43,403.0,0.265,97.0,24.07,36.0,8.93,0.841,0.239,22.76,10.56,17.85,28.41,24.8,20.13
744917,2024-06-18,2024,676391,R,656557,R,field_out,False,False,76.0,0.243,6.0,7.89,1.0,1.32,0.628,0.135,16.05,9.49,14.23,23.72,44.37,7.79,20.0,0.4,1.0,5.0,0.0,0.0,1.05,0.25,5.71,3.33,15.0,18.33,40.0,7.69,161.0,0.224,48.0,29.81,5.0,3.11,0.556,0.06499999999999997,26.92,12.73,22.81,35.54,37.67,25.4,225.0,0.236,48.0,21.33,16.0,7.11,0.622,0.089,29.72,14.27,17.37,31.64,31.71,21.52
744917,2024-06-18,2024,687462,L,656557,R,field_out,False,False,28.0,0.348,5.0,17.86,4.0,14.29,0.835,0.04300000000000004,23.91,10.09,19.27,29.36,24.07,14.29,38.0,0.265,10.0,26.32,3.0,7.89,0.754,0.1469999999999999,27.14,13.01,17.12,30.14,25.35,21.74,202.0,0.196,41.0,20.3,10.0,4.95,0.486,0.04199999999999998,21.01,10.26,19.56,29.82,27.61,21.69,240.0,0.271,51.0,21.25,25.0,10.42,0.858,0.2309999999999999,28.05,13.03,14.96,27.99,27.35,19.69
744917,2024-06-18,2024,676914,R,656557,R,double,False,False,174.0,0.236,40.0,22.99,20.0,11.49,0.78,0.203,25.32,10.33,18.81,29.14,20.45,16.26,87.0,0.247,27.0,31.03,11.0,12.64,0.8340000000000001,0.219,37.06,13.98,21.9,35.88,15.66,21.77,161.0,0.224,48.0,29.81,5.0,3.11,0.556,0.06499999999999997,26.92,12.73,22.81,35.54,37.67,25.4,225.0,0.236,48.0,21.33,16.0,7.11,0.622,0.089,29.72,14.27,17.37,31.64,31.71,21.52
744917,2024-06-18,2024,665489,R,656557,R,field_out,False,False,253.0,0.293,45.0,17.79,27.0,10.67,0.7809999999999999,0.11599999999999999,25.31,12.0,15.32,27.32,25.64,14.02,558.0,0.26,85.0,15.23,48.0,8.6,0.792,0.2,23.83,12.29,11.94,24.23,30.21,15.37,161.0,0.224,48.0,29.81,5.0,3.11,0.556,0.06499999999999997,26.92,12.73,22.81,35.54,37.67,25.4,225.0,0.236,48.0,21.33,16.0,7.11,0.622,0.089,29.72,14.27,17.37,31.64,31.71,21.52
744917,2024-06-18,2024,608701,R,605135,R,strikeout,True,False,89.0,0.321,19.0,21.35,8.0,8.99,0.873,0.16599999999999998,21.74,10.09,17.0,27.09,22.89,16.67,98.0,0.159,25.0,25.51,10.0,10.2,0.466,0.036,25.0,10.43,19.91,30.33,20.39,18.38,177.0,0.23,47.0,26.55,11.0,6.21,0.562,0.037000000000000005,24.07,11.05,20.11,31.16,27.65,20.0,425.0,0.208,89.0,20.94,23.0,5.41,0.573,0.102,21.02,10.01,19.18,29.19,29.2,18.62
744917,2024-06-18,2024,646240,L,605135,R,double,False,False,175.0,0.286,33.0,18.86,26.0,14.86,1.001,0.326,24.32,11.3,13.14,24.44,29.41,16.18,469.0,0.27,89.0,18.98,51.0,10.87,0.863,0.235,25.44,13.04,9.74,22.78,33.05,15.06,164.0,0.295,28.0,17.07,21.0,12.8,0.8460000000000001,0.15800000000000003,17.38,7.48,17.86,25.34,21.85,14.43,403.0,0.265,97.0,24.07,36.0,8.93,0.841,0.239,22.76,10.56,17.85,28.41,24.8,20.13
744917,2024-06-18,2024,641933,R,605135,R,field_out,False,False,139.0,0.224,47.0,33.81,11.0,7.91,0.751,0.232,34.59,15.81,16.84,32.65,27.34,25.13,187.0,0.233,53.0,28.34,15.0,8.02,0.6839999999999999,0.157,29.39,13.29,17.12,30.41,25.99,26.5,177.0,0.23,47.0,26.55,11.0,6.21,0.562,0.037000000000000005,24.07,11.05,20.11,31.16,27.65,20.0,425.0,0.208,89.0,20.94,23.0,5.41,0.573,0.102,21.02,10.01,19.18,29.19,29.2,18.62
744917,2024-06-18,2024,807799,L,605135,R,single,False,False,87.0,0.276,12.0,13.79,7.0,8.05,0.728,0.09199999999999997,16.33,6.98,19.48,26.45,23.56,12.9,437.0,0.293,58.0,13.27,22.0,5.03,0.795,0.167,17.2,7.54,21.09,28.63,28.96,13.65,164.0,0.295,28.0,17.07,21.0,12.8,0.8460000000000001,0.15800000000000003,17.38,7.48,17.86,25.34,21.85,14.43,403.0,0.265,97.0,24.07,36.0,8.93,0.841,0.239,22.76,10.56,17.85,28.41,24.8,20.13
744917,2024-06-18,2024,624512,L,605135,R,walk,False,True,107.0,0.215,28.0,26.17,9.0,8.41,0.587,0.086,26.46,12.2,18.29,30.49,30.84,25.45,179.0,0.25,47.0,26.26,10.0,5.59,0.639,0.0979999999999999,22.84,12.46,16.72,29.18,42.86,22.6,164.0,0.295,28.0,17.07,21.0,12.8,0.8460000000000001,0.15800000000000003,17.38,7.48,17.86,25.34,21.85,14.43,403.0,0.265,97.0,24.07,36.0,8.93,0.841,0.239,22.76,10.56,17.85,28.41,24.8,20.13
744917,2024-06-18,2024,642086,L,605135,R,field_out,False,False,115.0,0.194,23.0,20.0,14.0,12.17,0.5680000000000001,0.061,25.63,11.97,16.2,28.17,29.6,21.3,414.0,0.263,62.0,14.98,33.0,7.97,0.736,0.135,19.9,10.09,14.56,24.65,32.27,13.42,164.0,0.295,28.0,17.07,21.0,12.8,0.8460000000000001,0.15800000000000003,17.38,7.48,17.86,25.34,21.85,14.43,403.0,0.265,97.0,24.07,36.0,8.93,0.841,0.239,22.76,10.56,17.85,28.41,24.8,20.13
744917,2024-06-18,2024,662139,L,656557,R,field_error,False,False,200.0,0.204,57.0,28.5,18.0,9.0,0.744,0.26,26.12,12.06,16.08,28.14,24.07,24.15,466.0,0.202,111.0,23.82,36.0,7.73,0.662,0.19,25.51,12.84,15.05,27.89,29.23,18.26,202.0,0.196,41.0,20.3,10.0,4.95,0.486,0.04199999999999998,21.01,10.26,19.56,29.82,27.61,21.69,240.0,0.271,51.0,21.25,25.0,10.42,0.858,0.2309999999999999,28.05,13.03,14.96,27.99,27.35,19.69
744917,2024-06-18,2024,457759,R,656557,R,walk,False,True,178.0,0.209,29.0,16.29,21.0,11.8,0.648,0.12400000000000003,19.41,9.07,16.27,25.34,27.25,10.43,462.0,0.273,78.0,16.88,33.0,7.14,0.765,0.1569999999999999,16.44,7.32,17.97,25.29,25.33,12.0,161.0,0.224,48.0,29.81,5.0,3.11,0.556,0.06499999999999997,26.92,12.73,22.81,35.54,37.67,25.4,225.0,0.236,48.0,21.33,16.0,7.11,0.622,0.089,29.72,14.27,17.37,31.64,31.71,21.52
744917,2024-06-18,2024,680718,L,656557,R,field_out,False,False,22.0,0.19,5.0,22.73,1.0,4.55,0.41700000000000004,0.0,26.83,15.49,19.72,35.21,43.75,27.78,,,,,,,,,,,,,,,202.0,0.196,41.0,20.3,10.0,4.95,0.486,0.04199999999999998,21.01,10.26,19.56,29.82,27.61,21.69,240.0,0.271,51.0,21.25,25.0,10.42,0.858,0.2309999999999999,28.05,13.03,14.96,27.99,27.35,19.69
744917,2024-06-18,2024,672386,R,656557,R,force_out,False,False,94.0,0.225,11.0,11.7,9.0,9.57,0.636,0.11300000000000002,15.15,6.23,22.19,28.43,22.71,8.03,295.0,0.244,28.0,9.49,25.0,8.47,0.6739999999999999,0.1069999999999999,13.38,5.86,20.77,26.63,27.21,7.67,161.0,0.224,48.0,29.81,5.0,3.11,0.556,0.06499999999999997,26.92,12.73,22.81,35.54,37.67,25.4,225.0,0.236,48.0,21.33,16.0,7.11,0.622,0.089,29.72,14.27,17.37,31.64,31.71,21.52
744917,2024-06-18,2024,643396,R,656557,R,single,False,False,166.0,0.265,22.0,13.25,10.0,6.02,0.6839999999999999,0.11199999999999999,13.21,6.12,21.5,27.62,32.73,15.07,273.0,0.246,54.0,19.78,17.0,6.23,0.6479999999999999,0.1069999999999999,19.6,9.05,20.2,29.25,28.6,15.56,161.0,0.224,48.0,29.81,5.0,3.11,0.556,0.06499999999999997,26.92,12.73,22.81,35.54,37.67,25.4,225.0,0.236,48.0,21.33,16.0,7.11,0.622,0.089,29.72,14.27,17.37,31.64,31.71,21.52
744917,2024-06-18,2024,676391,R,677161,R,field_out,False,False,76.0,0.243,6.0,7.89,1.0,1.32,0.628,0.135,16.05,9.49,14.23,23.72,44.37,7.79,20.0,0.4,1.0,5.0,0.0,0.0,1.05,0.25,5.71,3.33,15.0,18.33,40.0,7.69,53.0,0.106,16.0,30.19,5.0,9.43,0.399,0.085,32.56,13.73,22.55,36.27,28.0,25.0,19.0,0.214,2.0,10.53,2.0,10.53,0.746,0.143,13.04,4.84,20.97,25.81,24.24,16.67
744917,2024-06-18,2024,678882,R,663878,R,double,False,False,197.0,0.23,53.0,26.9,5.0,2.54,0.619,0.13899999999999998,33.56,20.66,11.4,32.05,45.38,22.75,62.0,0.263,20.0,32.26,3.0,4.84,0.6739999999999999,0.1049999999999999,27.08,15.6,11.2,26.8,42.11,22.22,73.0,0.281,20.0,27.4,6.0,8.22,0.8109999999999999,0.18799999999999994,30.65,13.33,20.0,33.33,27.08,21.28,108.0,0.247,22.0,20.37,7.0,6.48,0.749,0.196,25.39,11.81,15.18,26.99,24.64,20.75
744917,2024-06-18,2024,680776,L,663878,R,single,False,False,232.0,0.295,48.0,20.69,20.0,8.62,0.906,0.25300000000000006,23.43,11.03,14.74,25.76,27.14,18.46,314.0,0.296,75.0,23.89,21.0,6.69,0.84,0.195,24.68,12.92,13.75,26.67,30.3,19.02,49.0,0.175,14.0,28.57,6.0,12.24,0.536,0.07500000000000001,23.33,10.34,17.24,27.59,22.12,25.0,74.0,0.194,21.0,28.38,11.0,14.86,0.679,0.1609999999999999,28.0,10.7,18.04,28.75,14.62,21.28
744917,2024-06-18,2024,665839,L,663878,R,field_out,False,False,119.0,0.25,29.0,24.37,8.0,6.72,0.7749999999999999,0.23099999999999998,21.08,9.71,19.01,28.72,28.17,17.61,133.0,0.28,32.0,24.06,7.0,5.26,0.806,0.2079999999999999,23.05,10.04,20.07,30.11,28.72,21.48,49.0,0.175,14.0,28.57,6.0,12.24,0.536,0.07500000000000001,23.33,10.34,17.24,27.59,22.12,25.0,74.0,0.194,21.0,28.38,11.0,14.86,0.679,0.1609999999999999,28.0,10.7,18.04,28.75,14.62,21.28
744917,2024-06-18,2024,608701,R,663878,R,strikeout,True,False,89.0,0.321,19.0,21.35,8.0,8.99,0.873,0.16599999999999998,21.74,10.09,17.0,27.09,22.89,16.67,98.0,0.159,25.0,25.51,10.0,10.2,0.466,0.036,25.0,10.43,19.91,30.33,20.39,18.38,73.0,0.281,20.0,27.4,6.0,8.22,0.8109999999999999,0.18799999999999994,30.65,13.33,20.0,33.33,27.08,21.28,108.0,0.247,22.0,20.37,7.0,6.48,0.749,0.196,25.39,11.81,15.18,26.99,24.64,20.75
744917,2024-06-18,2024,646240,L,663893,L,strikeout,True,False,90.0,0.275,29.0,32.22,7.0,7.78,0.794,0.175,29.08,15.75,13.54,29.28,33.14,22.31,188.0,0.273,37.0,19.68,11.0,5.85,0.823,0.2149999999999999,27.74,14.71,11.61,26.32,30.93,15.19,20.0,0.263,4.0,20.0,1.0,5.0,0.563,0.0,29.03,12.33,20.55,32.88,20.0,21.05,,,,,,,,,,,,,,
744917,2024-06-18,2024,687462,L,677161,R,field_out,False,False,28.0,0.348,5.0,17.86,4.0,14.29,0.835,0.04300000000000004,23.91,10.09,19.27,29.36,24.07,14.29,38.0,0.265,10.0,26.32,3.0,7.89,0.754,0.1469999999999999,27.14,13.01,17.12,30.14,25.35,21.74,44.0,0.167,10.0,22.73,8.0,18.18,0.5680000000000001,0.08299999999999999,25.27,11.73,16.84,28.57,28.28,14.93,24.0,0.222,4.0,16.67,6.0,25.0,0.806,0.167,27.45,11.76,15.13,26.89,26.76,10.0
744917,2024-06-18,2024,676914,R,677161,R,strikeout,True,False,174.0,0.236,40.0,22.99,20.0,11.49,0.78,0.203,25.32,10.33,18.81,29.14,20.45,16.26,87.0,0.247,27.0,31.03,11.0,12.64,0.8340000000000001,0.219,37.06,13.98,21.9,35.88,15.66,21.77,53.0,0.106,16.0,30.19,5.0,9.43,0.399,0.085,32.56,13.73,22.55,36.27,28.0,25.0,19.0,0.214,2.0,10.53,2.0,10.53,0.746,0.143,13.04,4.84,20.97,25.81,24.24,16.67
744917,2024-06-18,2024,665489,R,677161,R,field_out,False,False,253.0,0.293,45.0,17.79,27.0,10.67,0.7809999999999999,0.11599999999999999,25.31,12.0,15.32,27.32,25.64,14.02,558.0,0.26,85.0,15.23,48.0,8.6,0.792,0.2,23.83,12.29,11.94,24.23,30.21,15.37,53.0,0.106,16.0,30.19,5.0,9.43,0.399,0.085,32.56,13.73,22.55,36.27,28.0,25.0,19.0,0.214,2.0,10.53,2.0,10.53,0.746,0.143,13.04,4.84,20.97,25.81,24.24,16.67
744917,2024-06-18,2024,641933,R,663893,L,home_run,False,False,67.0,0.34,21.0,31.34,14.0,20.9,1.1949999999999998,0.37699999999999995,29.09,10.32,18.06,28.39,20.51,23.33,79.0,0.227,14.0,17.72,13.0,16.46,0.7929999999999999,0.212,23.91,10.58,16.03,26.6,24.28,14.14,25.0,0.292,5.0,20.0,1.0,4.0,0.8200000000000001,0.20800000000000002,30.56,14.67,16.0,30.67,32.26,45.45,,,,,,,,,,,,,,
744917,2024-06-18,2024,807799,L,663893,L,field_out,False,False,23.0,0.143,2.0,8.7,1.0,4.35,0.503,0.143,9.68,3.45,26.44,29.89,16.28,10.53,144.0,0.273,23.0,15.97,12.0,8.33,0.745,0.125,21.52,8.99,21.34,30.34,22.39,14.74,20.0,0.263,4.0,20.0,1.0,5.0,0.563,0.0,29.03,12.33,20.55,32.88,20.0,21.05,,,,,,,,,,,,,,
744917,2024-06-18,2024,624512,L,663893,L,field_out,False,False,12.0,0.3,3.0,25.0,0.0,0.0,0.933,0.3,26.09,12.77,17.02,29.79,33.33,21.43,27.0,0.391,6.0,22.22,1.0,3.7,0.875,0.0439999999999999,25.53,11.21,23.36,34.58,33.96,18.18,20.0,0.263,4.0,20.0,1.0,5.0,0.563,0.0,29.03,12.33,20.55,32.88,20.0,21.05,,,,,,,,,,,,,,
744917,2024-06-18,2024,642086,L,663893,L,single,False,False,18.0,0.353,4.0,22.22,1.0,5.56,1.036,0.29400000000000004,15.62,6.76,18.92,25.68,24.32,16.0,172.0,0.234,29.0,16.86,14.0,8.14,0.588,0.0569999999999999,20.07,8.92,18.77,27.69,25.32,16.2,20.0,0.263,4.0,20.0,1.0,5.0,0.563,0.0,29.03,12.33,20.55,32.88,20.0,21.05,,,,,,,,,,,,,,
744917,2024-06-18,2024,678882,R,643338,R,single,False,False,197.0,0.23,53.0,26.9,5.0,2.54,0.619,0.13899999999999998,33.56,20.66,11.4,32.05,45.38,22.75,62.0,0.263,20.0,32.26,3.0,4.84,0.6739999999999999,0.1049999999999999,27.08,15.6,11.2,26.8,42.11,22.22,30.0,0.148,6.0,20.0,2.0,6.67,0.46599999999999997,0.11100000000000002,23.73,10.77,14.62,25.38,21.43,15.79,35.0,0.273,9.0,25.71,2.0,5.71,0.738,0.1509999999999999,32.31,16.8,16.8,33.6,40.85,20.93
744917,2024-06-18,2024,680776,L,643338,R,strikeout,True,False,232.0,0.295,48.0,20.69,20.0,8.62,0.906,0.25300000000000006,23.43,11.03,14.74,25.76,27.14,18.46,314.0,0.296,75.0,23.89,21.0,6.69,0.84,0.195,24.68,12.92,13.75,26.67,30.3,19.02,26.0,0.208,6.0,23.08,2.0,7.69,0.769,0.29200000000000004,25.49,13.13,14.14,27.27,27.08,17.65,17.0,0.2,7.0,41.18,2.0,11.76,0.694,0.2,43.18,25.68,5.41,31.08,29.03,23.33
744917,2024-06-18,2024,662139,L,657514,L,single,False,False,53.0,0.261,6.0,11.32,7.0,13.21,0.749,0.13,19.54,8.5,16.5,25.0,18.18,10.0,117.0,0.292,24.0,20.51,9.0,7.69,0.722,0.085,21.46,10.35,15.42,25.77,22.71,18.32,58.0,0.154,16.0,27.59,3.0,5.17,0.445,0.07700000000000001,20.93,8.22,27.85,36.07,17.24,24.24,84.0,0.169,23.0,27.38,3.0,3.57,0.4589999999999999,0.0519999999999999,24.82,10.84,23.53,34.37,22.79,26.74
744917,2024-06-18,2024,457759,R,657514,L,field_out,False,False,55.0,0.3,9.0,16.36,4.0,7.27,0.825,0.18,11.3,5.14,20.16,25.3,25.64,10.23,164.0,0.285,32.0,19.51,18.0,10.98,0.9,0.243,20.38,9.35,18.71,28.06,27.41,13.45,54.0,0.214,11.0,20.37,10.0,18.52,0.632,0.048000000000000015,18.18,8.22,15.53,23.74,23.53,15.49,132.0,0.304,35.0,26.52,15.0,11.36,0.872,0.174,24.64,9.56,20.22,29.78,16.48,23.33
744917,2024-06-18,2024,543807,R,657514,L,field_out,False,False,65.0,0.127,14.0,21.54,9.0,13.85,0.446,0.07300000000000001,21.09,9.64,12.86,22.5,20.0,16.67,144.0,0.242,24.0,16.67,17.0,11.81,0.71,0.137,19.37,9.5,11.92,21.42,22.03,14.37,54.0,0.214,11.0,20.37,10.0,18.52,0.632,0.048000000000000015,18.18,8.22,15.53,23.74,23.53,15.49,132.0,0.304,35.0,26.52,15.0,11.36,0.872,0.174,24.64,9.56,20.22,29.78,16.48,23.33
744917,2024-06-18,2024,672386,R,686580,R,field_out,False,False,94.0,0.225,11.0,11.7,9.0,9.57,0.636,0.11300000000000002,15.15,6.23,22.19,28.43,22.71,8.03,295.0,0.244,28.0,9.49,25.0,8.47,0.6739999999999999,0.1069999999999999,13.38,5.86,20.77,26.63,27.21,7.67,78.0,0.243,19.0,24.36,1.0,1.28,0.567,0.068,32.67,17.75,12.68,30.43,38.82,24.36,,,,,,,,,,,,,,
744917,2024-06-18,2024,663853,R,650893,L,field_out,False,False,29.0,0.32,4.0,13.79,3.0,10.34,0.739,0.03999999999999998,21.43,10.62,12.39,23.01,29.03,13.79,37.0,0.162,15.0,40.54,0.0,0.0,0.4589999999999999,0.1349999999999999,44.44,23.36,17.52,40.88,39.73,31.91,67.0,0.351,9.0,13.43,8.0,11.94,0.927,0.15800000000000003,19.61,8.85,18.14,26.99,26.73,15.0,128.0,0.264,27.0,21.09,17.0,13.28,0.804,0.181,28.36,14.05,11.65,25.69,30.85,15.52
744917,2024-06-18,2024,608701,R,650893,L,field_out,False,False,65.0,0.327,18.0,27.69,7.0,10.77,0.886,0.128,34.48,15.56,17.9,33.46,21.95,21.43,146.0,0.308,22.0,15.07,23.0,15.75,0.8280000000000001,0.092,21.59,8.39,20.38,28.77,17.59,13.66,67.0,0.351,9.0,13.43,8.0,11.94,0.927,0.15800000000000003,19.61,8.85,18.14,26.99,26.73,15.0,128.0,0.264,27.0,21.09,17.0,13.28,0.804,0.181,28.36,14.05,11.65,25.69,30.85,15.52
744917,2024-06-18,2024,646240,L,650893,L,field_out,False,False,90.0,0.275,29.0,32.22,7.0,7.78,0.794,0.175,29.08,15.75,13.54,29.28,33.14,22.31,188.0,0.273,37.0,19.68,11.0,5.85,0.823,0.2149999999999999,27.74,14.71,11.61,26.32,30.93,15.19,52.0,0.205,7.0,13.46,5.0,9.62,0.6799999999999999,0.18100000000000002,24.24,12.31,11.28,23.59,27.18,13.73,111.0,0.198,31.0,27.93,7.0,6.31,0.63,0.1679999999999999,31.68,15.17,17.06,32.23,29.76,26.5
744917,2024-06-18,2024,643396,R,445276,R,field_out,False,False,166.0,0.265,22.0,13.25,10.0,6.02,0.6839999999999999,0.11199999999999999,13.21,6.12,21.5,27.62,32.73,15.07,273.0,0.246,54.0,19.78,17.0,6.23,0.6479999999999999,0.1069999999999999,19.6,9.05,20.2,29.25,28.6,15.56,52.0,0.19,13.0,25.0,7.0,13.46,0.5700000000000001,0.07200000000000001,30.95,13.47,17.62,31.09,18.89,26.0,99.0,0.273,27.0,27.27,9.0,9.09,0.7629999999999999,0.1359999999999999,31.86,17.2,13.76,30.95,32.18,23.68
744917,2024-06-18,2024,676391,R,445276,R,field_out,False,False,76.0,0.243,6.0,7.89,1.0,1.32,0.628,0.135,16.05,9.49,14.23,23.72,44.37,7.79,20.0,0.4,1.0,5.0,0.0,0.0,1.05,0.25,5.71,3.33,15.0,18.33,40.0,7.69,52.0,0.19,13.0,25.0,7.0,13.46,0.5700000000000001,0.07200000000000001,30.95,13.47,17.62,31.09,18.89,26.0,99.0,0.273,27.0,27.27,9.0,9.09,0.7629999999999999,0.1359999999999999,31.86,17.2,13.76,30.95,32.18,23.68
744917,2024-06-18,2024,643376,R,445276,R,strikeout,True,False,123.0,0.25,15.0,12.2,13.0,10.57,0.8140000000000001,0.23099999999999998,16.24,6.43,20.08,26.51,18.75,9.66,215.0,0.237,46.0,21.4,16.0,7.44,0.784,0.221,25.13,11.59,15.17,26.76,23.75,20.09,52.0,0.19,13.0,25.0,7.0,13.46,0.5700000000000001,0.07200000000000001,30.95,13.47,17.62,31.09,18.89,26.0,99.0,0.273,27.0,27.27,9.0,9.09,0.7629999999999999,0.1359999999999999,31.86,17.2,13.76,30.95,32.18,23.68
745733,2024-06-18,2024,676059,R,641482,L,strikeout,True,False,67.0,0.194,19.0,28.36,4.0,5.97,0.613,0.177,37.88,19.23,13.85,33.08,30.08,24.68,82.0,0.284,23.0,28.05,8.0,9.76,0.786,0.148,32.37,14.29,17.14,31.43,25.99,24.21,292.0,0.244,64.0,21.92,14.0,4.79,0.705,0.178,23.09,11.81,14.84,26.65,27.98,18.48,221.0,0.261,53.0,23.98,18.0,8.14,0.797,0.206,22.32,10.86,15.63,26.5,25.23,18.86
745733,2024-06-18,2024,668939,R,641482,L,single,False,False,93.0,0.42,13.0,13.98,5.0,5.38,1.145,0.27299999999999996,18.01,7.77,21.45,29.22,24.73,13.0,191.0,0.304,21.0,10.99,31.0,16.23,0.895,0.177,12.46,4.9,20.56,25.46,20.79,8.71,292.0,0.244,64.0,21.92,14.0,4.79,0.705,0.178,23.09,11.81,14.84,26.65,27.98,18.48,221.0,0.261,53.0,23.98,18.0,8.14,0.797,0.206,22.32,10.86,15.63,26.5,25.23,18.86
745733,2024-06-18,2024,663624,R,641482,L,single,False,False,78.0,0.268,13.0,16.67,7.0,8.97,0.798,0.197,22.16,11.97,12.3,24.27,39.02,14.44,161.0,0.338,29.0,18.01,15.0,9.32,1.053,0.317,25.46,14.21,11.82,26.03,41.95,16.86,292.0,0.244,64.0,21.92,14.0,4.79,0.705,0.178,23.09,11.81,14.84,26.65,27.98,18.48,221.0,0.261,53.0,23.98,18.0,8.14,0.797,0.206,22.32,10.86,15.63,26.5,25.23,18.86
745733,2024-06-18,2024,683002,L,641482,L,field_out,False,False,99.0,0.291,28.0,28.28,17.0,17.17,0.9810000000000001,0.26600000000000007,31.06,12.14,18.69,30.83,18.01,23.33,167.0,0.209,42.0,25.15,18.0,10.78,0.617,0.115,28.77,12.92,19.54,32.46,27.19,20.79,62.0,0.224,16.0,25.81,4.0,6.45,0.567,0.06899999999999998,25.41,13.66,15.86,29.52,25.26,21.62,45.0,0.163,14.0,31.11,2.0,4.44,0.526,0.163,33.71,17.86,19.64,37.5,31.43,22.22
745733,2024-06-18,2024,623993,R,641482,L,force_out,False,False,72.0,0.283,18.0,25.0,8.0,11.11,0.922,0.25000000000000006,31.4,13.77,19.57,33.33,28.68,22.22,170.0,0.25,45.0,26.47,24.0,14.12,0.7909999999999999,0.188,28.15,11.77,18.98,30.75,26.34,19.31,292.0,0.244,64.0,21.92,14.0,4.79,0.705,0.178,23.09,11.81,14.84,26.65,27.98,18.48,221.0,0.261,53.0,23.98,18.0,8.14,0.797,0.206,22.32,10.86,15.63,26.5,25.23,18.86
745733,2024-06-18,2024,683011,R,544150,R,field_out,False,False,258.0,0.266,58.0,22.48,17.0,6.59,0.735,0.14599999999999996,23.7,11.38,18.76,30.14,30.3,19.53,467.0,0.198,132.0,28.27,36.0,7.71,0.624,0.1579999999999999,28.15,13.53,17.49,31.02,29.16,23.4,110.0,0.21,24.0,21.82,6.0,5.45,0.527,0.060000000000000026,24.35,12.23,14.19,26.42,30.83,15.69,,,,,,,,,,,,,,
745733,2024-06-18,2024,665742,L,544150,R,walk,False,True,242.0,0.308,39.0,16.12,43.0,17.77,1.032,0.292,23.99,8.71,18.98,27.69,16.49,13.98,502.0,0.283,81.0,16.14,99.0,19.72,0.98,0.2730000000000001,18.45,6.31,19.31,25.62,15.09,14.14,70.0,0.197,13.0,18.57,8.0,11.43,0.651,0.16399999999999998,28.67,14.38,8.7,23.08,25.29,12.38,,,,,,,,,,,,,,
745733,2024-06-18,2024,592450,R,544150,R,single,False,False,257.0,0.308,65.0,25.29,38.0,14.79,1.1099999999999999,0.38799999999999996,31.63,13.76,14.68,28.44,18.72,20.0,384.0,0.266,109.0,28.39,77.0,20.05,1.011,0.3339999999999999,36.96,15.02,15.7,30.72,19.29,24.12,110.0,0.21,24.0,21.82,6.0,5.45,0.527,0.060000000000000026,24.35,12.23,14.19,26.42,30.83,15.69,,,,,,,,,,,,,,
745733,2024-06-18,2024,657077,L,544150,R,field_out,False,False,216.0,0.271,27.0,12.5,13.0,6.02,0.762,0.181,13.19,6.08,19.81,25.88,26.8,11.16,441.0,0.279,66.0,14.97,30.0,6.8,0.793,0.185,15.08,6.28,20.52,26.8,22.64,14.93,70.0,0.197,13.0,18.57,8.0,11.43,0.651,0.16399999999999998,28.67,14.38,8.7,23.08,25.29,12.38,,,,,,,,,,,,,,
745733,2024-06-18,2024,519317,R,544150,R,fielders_choice_out,False,False,198.0,0.232,68.0,34.34,16.0,8.08,0.7949999999999999,0.265,35.18,16.06,17.83,33.88,31.55,31.05,341.0,0.175,111.0,32.55,35.0,10.26,0.64,0.201,36.65,15.18,19.37,34.55,27.39,25.58,110.0,0.21,24.0,21.82,6.0,5.45,0.527,0.060000000000000026,24.35,12.23,14.19,26.42,30.83,15.69,,,,,,,,,,,,,,
745733,2024-06-18,2024,669720,R,641482,L,single,False,False,42.0,0.35,14.0,33.33,2.0,4.76,0.806,0.07500000000000001,37.33,18.3,15.03,33.33,35.37,41.18,167.0,0.262,37.0,22.16,16.0,9.58,0.785,0.194,26.6,11.87,17.25,29.11,29.39,20.9,292.0,0.244,64.0,21.92,14.0,4.79,0.705,0.178,23.09,11.81,14.84,26.65,27.98,18.48,221.0,0.261,53.0,23.98,18.0,8.14,0.797,0.206,22.32,10.86,15.63,26.5,25.23,18.86
745733,2024-06-18,2024,622761,R,641482,L,force_out,False,False,61.0,0.255,15.0,24.59,5.0,8.2,0.873,0.29000000000000004,19.13,9.32,17.37,26.69,31.97,19.74,138.0,0.276,23.0,16.67,9.0,6.52,0.745,0.1409999999999999,24.81,12.67,15.88,28.54,31.42,15.23,292.0,0.244,64.0,21.92,14.0,4.79,0.705,0.178,23.09,11.81,14.84,26.65,27.98,18.48,221.0,0.261,53.0,23.98,18.0,8.14,0.797,0.206,22.32,10.86,15.63,26.5,25.23,18.86
745733,2024-06-18,2024,681297,L,641482,L,force_out,False,False,54.0,0.191,21.0,38.89,4.0,7.41,0.6040000000000001,0.14900000000000002,37.23,15.62,20.54,36.16,20.54,28.0,9.0,0.143,2.0,22.22,1.0,11.11,0.476,0.0,25.0,8.11,27.03,35.14,15.79,18.18,62.0,0.224,16.0,25.81,4.0,6.45,0.567,0.06899999999999998,25.41,13.66,15.86,29.52,25.26,21.62,45.0,0.163,14.0,31.11,2.0,4.44,0.526,0.163,33.71,17.86,19.64,37.5,31.43,22.22
745733,2024-06-18,2024,543510,R,641482,L,field_out,False,False,52.0,0.176,12.0,23.08,0.0,0.0,0.451,0.09900000000000003,28.71,16.2,14.53,30.73,36.25,23.53,114.0,0.2,26.0,22.81,3.0,2.63,0.592,0.173,26.42,14.87,13.96,28.83,35.5,16.35,292.0,0.244,64.0,21.92,14.0,4.79,0.705,0.178,23.09,11.81,14.84,26.65,27.98,18.48,221.0,0.261,53.0,23.98,18.0,8.14,0.797,0.206,22.32,10.86,15.63,26.5,25.23,18.86
745733,2024-06-18,2024,700250,L,544150,R,field_out,False,False,,,,,,,,,,,,,,,,,,,,,,,,,,,,,70.0,0.197,13.0,18.57,8.0,11.43,0.651,0.16399999999999998,28.67,14.38,8.7,23.08,25.29,12.38,,,,,,,,,,,,,,
745733,2024-06-18,2024,650402,R,544150,R,walk,False,True,235.0,0.224,54.0,22.98,20.0,8.51,0.628,0.10900000000000001,25.28,11.69,16.92,28.62,21.69,16.27,544.0,0.273,78.0,14.34,50.0,9.19,0.772,0.1589999999999999,21.74,10.32,15.57,25.89,26.86,11.29,110.0,0.21,24.0,21.82,6.0,5.45,0.527,0.060000000000000026,24.35,12.23,14.19,26.42,30.83,15.69,,,,,,,,,,,,,,
745733,2024-06-18,2024,669224,L,544150,R,double,False,False,122.0,0.212,23.0,18.85,14.0,11.48,0.64,0.12500000000000003,27.8,13.33,13.98,27.31,25.1,17.69,69.0,0.25,12.0,17.39,3.0,4.35,0.81,0.281,28.48,16.48,10.99,27.47,38.03,14.46,70.0,0.197,13.0,18.57,8.0,11.43,0.651,0.16399999999999998,28.67,14.38,8.7,23.08,25.29,12.38,,,,,,,,,,,,,,
745733,2024-06-18,2024,518934,R,544150,R,fielders_choice_out,False,False,43.0,0.194,11.0,25.58,6.0,13.95,0.504,0.0,23.68,10.84,21.08,31.93,32.88,21.15,450.0,0.241,100.0,22.22,45.0,10.0,0.7070000000000001,0.146,19.38,7.76,24.06,31.82,23.84,20.0,110.0,0.21,24.0,21.82,6.0,5.45,0.527,0.060000000000000026,24.35,12.23,14.19,26.42,30.83,15.69,,,,,,,,,,,,,,
745733,2024-06-18,2024,683011,R,544150,R,single,False,False,258.0,0.266,58.0,22.48,17.0,6.59,0.735,0.14599999999999996,23.7,11.38,18.76,30.14,30.3,19.53,467.0,0.198,132.0,28.27,36.0,7.71,0.624,0.1579999999999999,28.15,13.53,17.49,31.02,29.16,23.4,110.0,0.21,24.0,21.82,6.0,5.45,0.527,0.060000000000000026,24.35,12.23,14.19,26.42,30.83,15.69,,,,,,,,,,,,,,
745733,2024-06-18,2024,665742,L,544150,R,strikeout,True,False,242.0,0.308,39.0,16.12,43.0,17.77,1.032,0.292,23.99,8.71,18.98,27.69,16.49,13.98,502.0,0.283,81.0,16.14,99.0,19.72,0.98,0.2730000000000001,18.45,6.31,19.31,25.62,15.09,14.14,70.0,0.197,13.0,18.57,8.0,11.43,0.651,0.16399999999999998,28.67,14.38,8.7,23.08,25.29,12.38,,,,,,,,,,,,,,
745733,2024-06-18,2024,602104,R,641482,L,strikeout,True,False,30.0,0.222,5.0,16.67,1.0,3.33,0.596,0.07399999999999998,20.97,10.57,14.63,25.2,27.87,13.51,124.0,0.241,29.0,23.39,10.0,8.06,0.654,0.098,26.55,12.58,16.35,28.93,29.75,21.64,292.0,0.244,64.0,21.92,14.0,4.79,0.705,0.178,23.09,11.81,14.84,26.65,27.98,18.48,221.0,0.261,53.0,23.98,18.0,8.14,0.797,0.206,22.32,10.86,15.63,26.5,25.23,18.86
745733,2024-06-18,2024,668939,R,641482,L,field_out,False,False,93.0,0.42,13.0,13.98,5.0,5.38,1.145,0.27299999999999996,18.01,7.77,21.45,29.22,24.73,13.0,191.0,0.304,21.0,10.99,31.0,16.23,0.895,0.177,12.46,4.9,20.56,25.46,20.79,8.71,292.0,0.244,64.0,21.92,14.0,4.79,0.705,0.178,23.09,11.81,14.84,26.65,27.98,18.48,221.0,0.261,53.0,23.98,18.0,8.14,0.797,0.206,22.32,10.86,15.63,26.5,25.23,18.86
745733,2024-06-18,2024,663624,R,641482,L,field_out,False,False,78.0,0.268,13.0,16.67,7.0,8.97,0.798,0.197,22.16,11.97,12.3,24.27,39.02,14.44,161.0,0.338,29.0,18.01,15.0,9.32,1.053,0.317,25.46,14.21,11.82,26.03,41.95,16.86,292.0,0.244,64.0,21.92,14.0,4.79,0.705,0.178,23.09,11.81,14.84,26.65,27.98,18.48,221.0,0.261,53.0,23.98,18.0,8.14,0.797,0.206,22.32,10.86,15.63,26.5,25.23,18.86
745733,2024-06-18,2024,592450,R,544150,R,hit_by_pitch,False,False,257.0,0.308,65.0,25.29,38.0,14.79,1.1099999999999999,0.38799999999999996,31.63,13.76,14.68,28.44,18.72,20.0,384.0,0.266,109.0,28.39,77.0,20.05,1.011,0.3339999999999999,36.96,15.02,15.7,30.72,19.29,24.12,110.0,0.21,24.0,21.82,6.0,5.45,0.527,0.060000000000000026,24.35,12.23,14.19,26.42,30.83,15.69,,,,,,,,,,,,,,
745733,2024-06-18,2024,657077,L,544150,R,single,False,False,216.0,0.271,27.0,12.5,13.0,6.02,0.762,0.181,13.19,6.08,19.81,25.88,26.8,11.16,441.0,0.279,66.0,14.97,30.0,6.8,0.793,0.185,15.08,6.28,20.52,26.8,22.64,14.93,70.0,0.197,13.0,18.57,8.0,11.43,0.651,0.16399999999999998,28.67,14.38,8.7,23.08,25.29,12.38,,,,,,,,,,,,,,
745733,2024-06-18,2024,519317,R,544150,R,single,False,False,198.0,0.232,68.0,34.34,16.0,8.08,0.7949999999999999,0.265,35.18,16.06,17.83,33.88,31.55,31.05,341.0,0.175,111.0,32.55,35.0,10.26,0.64,0.201,36.65,15.18,19.37,34.55,27.39,25.58,110.0,0.21,24.0,21.82,6.0,5.45,0.527,0.060000000000000026,24.35,12.23,14.19,26.42,30.83,15.69,,,,,,,,,,,,,,
745733,2024-06-18,2024,700250,L,544150,R,single,False,False,,,,,,,,,,,,,,,,,,,,,,,,,,,,,70.0,0.197,13.0,18.57,8.0,11.43,0.651,0.16399999999999998,28.67,14.38,8.7,23.08,25.29,12.38,,,,,,,,,,,,,,
745733,2024-06-18,2024,650402,R,544150,R,sac_fly,False,False,235.0,0.224,54.0,22.98,20.0,8.51,0.628,0.10900000000000001,25.28,11.69,16.92,28.62,21.69,16.27,544.0,0.273,78.0,14.34,50.0,9.19,0.772,0.1589999999999999,21.74,10.32,15.57,25.89,26.86,11.29,110.0,0.21,24.0,21.82,6.0,5.45,0.527,0.060000000000000026,24.35,12.23,14.19,26.42,30.83,15.69,,,,,,,,,,,,,,
745733,2024-06-18,2024,669224,L,544150,R,strikeout,True,False,122.0,0.212,23.0,18.85,14.0,11.48,0.64,0.12500000000000003,27.8,13.33,13.98,27.31,25.1,17.69,69.0,0.25,12.0,17.39,3.0,4.35,0.81,0.281,28.48,16.48,10.99,27.47,38.03,14.46,70.0,0.197,13.0,18.57,8.0,11.43,0.651,0.16399999999999998,28.67,14.38,8.7,23.08,25.29,12.38,,,,,,,,,,,,,,
745733,2024-06-18,2024,518934,R,544150,R,force_out,False,False,43.0,0.194,11.0,25.58,6.0,13.95,0.504,0.0,23.68,10.84,21.08,31.93,32.88,21.15,450.0,0.241,100.0,22.22,45.0,10.0,0.7070000000000001,0.146,19.38,7.76,24.06,31.82,23.84,20.0,110.0,0.21,24.0,21.82,6.0,5.45,0.527,0.060000000000000026,24.35,12.23,14.19,26.42,30.83,15.69,,,,,,,,,,,,,,
745733,2024-06-18,2024,683002,L,641482,L,field_out,False,False,99.0,0.291,28.0,28.28,17.0,17.17,0.9810000000000001,0.26600000000000007,31.06,12.14,18.69,30.83,18.01,23.33,167.0,0.209,42.0,25.15,18.0,10.78,0.617,0.115,28.77,12.92,19.54,32.46,27.19,20.79,62.0,0.224,16.0,25.81,4.0,6.45,0.567,0.06899999999999998,25.41,13.66,15.86,29.52,25.26,21.62,45.0,0.163,14.0,31.11,2.0,4.44,0.526,0.163,33.71,17.86,19.64,37.5,31.43,22.22
745733,2024-06-18,2024,623993,R,641482,L,field_out,False,False,72.0,0.283,18.0,25.0,8.0,11.11,0.922,0.25000000000000006,31.4,13.77,19.57,33.33,28.68,22.22,170.0,0.25,45.0,26.47,24.0,14.12,0.7909999999999999,0.188,28.15,11.77,18.98,30.75,26.34,19.31,292.0,0.244,64.0,21.92,14.0,4.79,0.705,0.178,23.09,11.81,14.84,26.65,27.98,18.48,221.0,0.261,53.0,23.98,18.0,8.14,0.797,0.206,22.32,10.86,15.63,26.5,25.23,18.86
745733,2024-06-18,2024,669720,R,641482,L,strikeout,True,False,42.0,0.35,14.0,33.33,2.0,4.76,0.806,0.07500000000000001,37.33,18.3,15.03,33.33,35.37,41.18,167.0,0.262,37.0,22.16,16.0,9.58,0.785,0.194,26.6,11.87,17.25,29.11,29.39,20.9,292.0,0.244,64.0,21.92,14.0,4.79,0.705,0.178,23.09,11.81,14.84,26.65,27.98,18.48,221.0,0.261,53.0,23.98,18.0,8.14,0.797,0.206,22.32,10.86,15.63,26.5,25.23,18.86
745733,2024-06-18,2024,683011,R,544150,R,field_out,False,False,258.0,0.266,58.0,22.48,17.0,6.59,0.735,0.14599999999999996,23.7,11.38,18.76,30.14,30.3,19.53,467.0,0.198,132.0,28.27,36.0,7.71,0.624,0.1579999999999999,28.15,13.53,17.49,31.02,29.16,23.4,110.0,0.21,24.0,21.82,6.0,5.45,0.527,0.060000000000000026,24.35,12.23,14.19,26.42,30.83,15.69,,,,,,,,,,,,,,
745733,2024-06-18,2024,665742,L,544150,R,walk,False,True,242.0,0.308,39.0,16.12,43.0,17.77,1.032,0.292,23.99,8.71,18.98,27.69,16.49,13.98,502.0,0.283,81.0,16.14,99.0,19.72,0.98,0.2730000000000001,18.45,6.31,19.31,25.62,15.09,14.14,70.0,0.197,13.0,18.57,8.0,11.43,0.651,0.16399999999999998,28.67,14.38,8.7,23.08,25.29,12.38,,,,,,,,,,,,,,
745733,2024-06-18,2024,663757,L,544150,R,strikeout,True,False,59.0,0.109,15.0,25.42,10.0,16.95,0.5800000000000001,0.195,24.39,7.66,23.75,31.42,6.5,20.55,412.0,0.178,118.0,28.64,56.0,13.59,0.623,0.147,29.65,12.55,17.63,30.18,22.3,21.15,70.0,0.197,13.0,18.57,8.0,11.43,0.651,0.16399999999999998,28.67,14.38,8.7,23.08,25.29,12.38,,,,,,,,,,,,,,
745733,2024-06-18,2024,657077,L,544150,R,walk,False,True,216.0,0.271,27.0,12.5,13.0,6.02,0.762,0.181,13.19,6.08,19.81,25.88,26.8,11.16,441.0,0.279,66.0,14.97,30.0,6.8,0.793,0.185,15.08,6.28,20.52,26.8,22.64,14.93,70.0,0.197,13.0,18.57,8.0,11.43,0.651,0.16399999999999998,28.67,14.38,8.7,23.08,25.29,12.38,,,,,,,,,,,,,,
745733,2024-06-18,2024,519317,R,544150,R,walk,False,True,198.0,0.232,68.0,34.34,16.0,8.08,0.7949999999999999,0.265,35.18,16.06,17.83,33.88,31.55,31.05,341.0,0.175,111.0,32.55,35.0,10.26,0.64,0.201,36.65,15.18,19.37,34.55,27.39,25.58,110.0,0.21,24.0,21.82,6.0,5.45,0.527,0.060000000000000026,24.35,12.23,14.19,26.42,30.83,15.69,,,,,,,,,,,,,,
745733,2024-06-18,2024,700250,L,669211,L,field_out,False,False,,,,,,,,,,,,,,,,,,,,,,,,,,,,,63.0,0.228,17.0,26.98,5.0,7.94,0.711,0.19299999999999998,25.23,10.47,19.77,30.23,18.49,23.61,46.0,0.326,9.0,19.57,0.0,0.0,0.869,0.217,24.44,13.33,19.39,32.73,38.36,19.15
745733,2024-06-18,2024,622761,R,641482,L,strikeout,True,False,61.0,0.255,15.0,24.59,5.0,8.2,0.873,0.29000000000000004,19.13,9.32,17.37,26.69,31.97,19.74,138.0,0.276,23.0,16.67,9.0,6.52,0.745,0.1409999999999999,24.81,12.67,15.88,28.54,31.42,15.23,292.0,0.244,64.0,21.92,14.0,4.79,0.705,0.178,23.09,11.81,14.84,26.65,27.98,18.48,221.0,0.261,53.0,23.98,18.0,8.14,0.797,0.206,22.32,10.86,15.63,26.5,25.23,18.86
745733,2024-06-18,2024,681297,L,641482,L,single,False,False,54.0,0.191,21.0,38.89,4.0,7.41,0.6040000000000001,0.14900000000000002,37.23,15.62,20.54,36.16,20.54,28.0,9.0,0.143,2.0,22.22,1.0,11.11,0.476,0.0,25.0,8.11,27.03,35.14,15.79,18.18,62.0,0.224,16.0,25.81,4.0,6.45,0.567,0.06899999999999998,25.41,13.66,15.86,29.52,25.26,21.62,45.0,0.163,14.0,31.11,2.0,4.44,0.526,0.163,33.71,17.86,19.64,37.5,31.43,22.22
745733,2024-06-18,2024,543510,R,641482,L,strikeout,True,False,52.0,0.176,12.0,23.08,0.0,0.0,0.451,0.09900000000000003,28.71,16.2,14.53,30.73,36.25,23.53,114.0,0.2,26.0,22.81,3.0,2.63,0.592,0.173,26.42,14.87,13.96,28.83,35.5,16.35,292.0,0.244,64.0,21.92,14.0,4.79,0.705,0.178,23.09,11.81,14.84,26.65,27.98,18.48,221.0,0.261,53.0,23.98,18.0,8.14,0.797,0.206,22.32,10.86,15.63,26.5,25.23,18.86
745733,2024-06-18,2024,602104,R,641482,L,field_out,False,False,30.0,0.222,5.0,16.67,1.0,3.33,0.596,0.07399999999999998,20.97,10.57,14.63,25.2,27.87,13.51,124.0,0.241,29.0,23.39,10.0,8.06,0.654,0.098,26.55,12.58,16.35,28.93,29.75,21.64,292.0,0.244,64.0,21.92,14.0,4.79,0.705,0.178,23.09,11.81,14.84,26.65,27.98,18.48,221.0,0.261,53.0,23.98,18.0,8.14,0.797,0.206,22.32,10.86,15.63,26.5,25.23,18.86
745733,2024-06-18,2024,650402,R,669211,L,hit_by_pitch,False,False,68.0,0.217,19.0,27.94,8.0,11.76,0.642,0.11600000000000002,29.25,13.87,16.45,30.32,20.14,15.45,128.0,0.278,20.0,15.62,17.0,13.28,0.921,0.268,22.12,9.54,15.71,25.25,21.8,13.33,82.0,0.192,22.0,26.83,7.0,8.54,0.5880000000000001,0.137,30.28,13.61,18.67,32.28,24.68,24.72,67.0,0.345,18.0,26.87,7.0,10.45,0.857,0.103,25.5,12.88,15.93,28.81,31.58,16.98
745733,2024-06-18,2024,669224,L,669211,L,field_out,False,False,17.0,0.188,6.0,35.29,1.0,5.88,0.423,0.0,39.29,18.64,25.42,44.07,37.04,37.5,6.0,0.0,2.0,33.33,0.0,0.0,0.0,0.0,45.45,21.74,13.04,34.78,25.0,100.0,63.0,0.228,17.0,26.98,5.0,7.94,0.711,0.19299999999999998,25.23,10.47,19.77,30.23,18.49,23.61,46.0,0.326,9.0,19.57,0.0,0.0,0.869,0.217,24.44,13.33,19.39,32.73,38.36,19.15
745733,2024-06-18,2024,518934,R,669211,L,sac_fly,False,False,14.0,0.167,2.0,14.29,2.0,14.29,0.45299999999999996,0.0,8.7,4.08,20.41,24.49,30.43,14.29,113.0,0.255,25.0,22.12,15.0,13.27,0.761,0.149,20.93,7.45,24.22,31.68,20.95,18.66,82.0,0.192,22.0,26.83,7.0,8.54,0.5880000000000001,0.137,30.28,13.61,18.67,32.28,24.68,24.72,67.0,0.345,18.0,26.87,7.0,10.45,0.857,0.103,25.5,12.88,15.93,28.81,31.58,16.98
745733,2024-06-18,2024,683011,R,669211,L,field_out,False,False,78.0,0.268,15.0,19.23,6.0,7.69,0.7050000000000001,0.11199999999999999,18.42,8.86,17.09,25.95,27.33,16.67,134.0,0.248,35.0,26.12,16.0,11.94,0.817,0.2309999999999999,28.81,13.49,15.8,29.29,27.07,23.49,82.0,0.192,22.0,26.83,7.0,8.54,0.5880000000000001,0.137,30.28,13.61,18.67,32.28,24.68,24.72,67.0,0.345,18.0,26.87,7.0,10.45,0.857,0.103,25.5,12.88,15.93,28.81,31.58,16.98
745733,2024-06-18,2024,668939,R,641482,L,single,False,False,93.0,0.42,13.0,13.98,5.0,5.38,1.145,0.27299999999999996,18.01,7.77,21.45,29.22,24.73,13.0,191.0,0.304,21.0,10.99,31.0,16.23,0.895,0.177,12.46,4.9,20.56,25.46,20.79,8.71,292.0,0.244,64.0,21.92,14.0,4.79,0.705,0.178,23.09,11.81,14.84,26.65,27.98,18.48,221.0,0.261,53.0,23.98,18.0,8.14,0.797,0.206,22.32,10.86,15.63,26.5,25.23,18.86
745733,2024-06-18,2024,663624,R,641482,L,strikeout,True,False,78.0,0.268,13.0,16.67,7.0,8.97,0.798,0.197,22.16,11.97,12.3,24.27,39.02,14.44,161.0,0.338,29.0,18.01,15.0,9.32,1.053,0.317,25.46,14.21,11.82,26.03,41.95,16.86,292.0,0.244,64.0,21.92,14.0,4.79,0.705,0.178,23.09,11.81,14.84,26.65,27.98,18.48,221.0,0.261,53.0,23.98,18.0,8.14,0.797,0.206,22.32,10.86,15.63,26.5,25.23,18.86
745733,2024-06-18,2024,683002,L,641482,L,field_out,False,False,99.0,0.291,28.0,28.28,17.0,17.17,0.9810000000000001,0.26600000000000007,31.06,12.14,18.69,30.83,18.01,23.33,167.0,0.209,42.0,25.15,18.0,10.78,0.617,0.115,28.77,12.92,19.54,32.46,27.19,20.79,62.0,0.224,16.0,25.81,4.0,6.45,0.567,0.06899999999999998,25.41,13.66,15.86,29.52,25.26,21.62,45.0,0.163,14.0,31.11,2.0,4.44,0.526,0.163,33.71,17.86,19.64,37.5,31.43,22.22
745733,2024-06-18,2024,623993,R,641482,L,field_out,False,False,72.0,0.283,18.0,25.0,8.0,11.11,0.922,0.25000000000000006,31.4,13.77,19.57,33.33,28.68,22.22,170.0,0.25,45.0,26.47,24.0,14.12,0.7909999999999999,0.188,28.15,11.77,18.98,30.75,26.34,19.31,292.0,0.244,64.0,21.92,14.0,4.79,0.705,0.178,23.09,11.81,14.84,26.65,27.98,18.48,221.0,0.261,53.0,23.98,18.0,8.14,0.797,0.206,22.32,10.86,15.63,26.5,25.23,18.86
745733,2024-06-18,2024,665742,L,669211,L,walk,False,True,80.0,0.338,12.0,15.0,12.0,15.0,1.007,0.23099999999999993,16.39,6.12,21.71,27.83,18.01,12.5,207.0,0.256,48.0,23.19,33.0,15.94,0.813,0.18,25.32,9.65,20.51,30.16,20.61,20.17,63.0,0.228,17.0,26.98,5.0,7.94,0.711,0.19299999999999998,25.23,10.47,19.77,30.23,18.49,23.61,46.0,0.326,9.0,19.57,0.0,0.0,0.869,0.217,24.44,13.33,19.39,32.73,38.36,19.15
745733,2024-06-18,2024,663757,L,669211,L,field_out,False,False,12.0,0.091,6.0,50.0,0.0,0.0,0.258,0.0,25.0,8.89,31.11,40.0,22.22,40.0,143.0,0.256,36.0,25.17,19.0,13.29,0.792,0.174,23.81,9.31,23.01,32.32,19.92,20.57,63.0,0.228,17.0,26.98,5.0,7.94,0.711,0.19299999999999998,25.23,10.47,19.77,30.23,18.49,23.61,46.0,0.326,9.0,19.57,0.0,0.0,0.869,0.217,24.44,13.33,19.39,32.73,38.36,19.15
745733,2024-06-18,2024,657077,L,669211,L,field_out,False,False,78.0,0.227,13.0,16.67,9.0,11.54,0.669,0.12099999999999997,17.97,7.03,22.32,29.36,21.38,13.0,161.0,0.22,27.0,16.77,15.0,9.32,0.61,0.0779999999999999,17.21,6.6,24.69,31.29,20.83,15.61,63.0,0.228,17.0,26.98,5.0,7.94,0.711,0.19299999999999998,25.23,10.47,19.77,30.23,18.49,23.61,46.0,0.326,9.0,19.57,0.0,0.0,0.869,0.217,24.44,13.33,19.39,32.73,38.36,19.15
745733,2024-06-18,2024,519317,R,622253,R,field_out,False,False,198.0,0.232,68.0,34.34,16.0,8.08,0.7949999999999999,0.265,35.18,16.06,17.83,33.88,31.55,31.05,341.0,0.175,111.0,32.55,35.0,10.26,0.64,0.201,36.65,15.18,19.37,34.55,27.39,25.58,67.0,0.23,14.0,20.9,4.0,5.97,0.5449999999999999,0.015999999999999986,18.8,8.59,18.75,27.34,29.17,17.72,,,,,,,,,,,,,,
745733,2024-06-18,2024,669720,R,543859,R,field_out,False,False,72.0,0.172,12.0,16.67,4.0,5.56,0.5780000000000001,0.15600000000000003,23.33,12.33,12.78,25.11,28.44,23.08,399.0,0.28,104.0,26.07,22.0,5.51,0.762,0.1589999999999999,29.22,13.77,18.52,32.29,31.55,22.92,90.0,0.218,23.0,25.56,7.0,7.78,0.593,0.06399999999999997,29.41,13.37,18.45,31.82,32.12,19.01,172.0,0.19,42.0,24.42,11.0,6.4,0.613,0.183,25.53,12.71,17.19,29.9,29.81,17.8
745733,2024-06-18,2024,622761,R,543859,R,walk,False,True,80.0,0.222,17.0,21.25,3.0,3.75,0.605,0.13899999999999998,21.34,11.08,16.77,27.85,32.03,16.16,214.0,0.178,59.0,27.57,13.0,6.07,0.515,0.1099999999999999,30.51,15.04,17.45,32.49,35.45,26.94,90.0,0.218,23.0,25.56,7.0,7.78,0.593,0.06399999999999997,29.41,13.37,18.45,31.82,32.12,19.01,172.0,0.19,42.0,24.42,11.0,6.4,0.613,0.183,25.53,12.71,17.19,29.9,29.81,17.8
745733,2024-06-18,2024,681297,L,543859,R,field_out,False,False,175.0,0.247,48.0,27.43,19.0,10.86,0.818,0.22599999999999998,32.2,14.5,16.32,30.82,24.36,24.0,68.0,0.111,20.0,29.41,12.0,17.65,0.427,0.0369999999999999,26.67,10.98,17.07,28.05,21.51,17.7,45.0,0.154,9.0,20.0,5.0,11.11,0.44899999999999995,0.05099999999999999,19.79,9.79,12.37,22.16,25.96,12.0,153.0,0.248,33.0,21.57,12.0,7.84,0.7030000000000001,0.139,24.04,12.14,15.53,27.67,29.01,16.02
745733,2024-06-18,2024,543510,R,543859,R,strikeout,True,False,54.0,0.235,8.0,14.81,2.0,3.7,0.612,0.118,21.05,11.49,14.37,25.86,36.0,15.91,112.0,0.247,31.0,27.68,6.0,5.36,0.702,0.134,37.09,19.22,14.36,33.58,41.41,26.72,90.0,0.218,23.0,25.56,7.0,7.78,0.593,0.06399999999999997,29.41,13.37,18.45,31.82,32.12,19.01,172.0,0.19,42.0,24.42,11.0,6.4,0.613,0.183,25.53,12.71,17.19,29.9,29.81,17.8
745733,2024-06-18,2024,700250,L,622253,R,field_out,False,False,,,,,,,,,,,,,,,,,,,,,,,,,,,,,25.0,0.238,1.0,4.0,4.0,16.0,0.7889999999999999,0.191,14.29,5.95,13.1,19.05,21.74,9.09,,,,,,,,,,,,,,
745733,2024-06-18,2024,650402,R,622253,R,field_out,False,False,235.0,0.224,54.0,22.98,20.0,8.51,0.628,0.10900000000000001,25.28,11.69,16.92,28.62,21.69,16.27,544.0,0.273,78.0,14.34,50.0,9.19,0.772,0.1589999999999999,21.74,10.32,15.57,25.89,26.86,11.29,67.0,0.23,14.0,20.9,4.0,5.97,0.5449999999999999,0.015999999999999986,18.8,8.59,18.75,27.34,29.17,17.72,,,,,,,,,,,,,,
745733,2024-06-18,2024,669224,L,622253,R,field_out,False,False,122.0,0.212,23.0,18.85,14.0,11.48,0.64,0.12500000000000003,27.8,13.33,13.98,27.31,25.1,17.69,69.0,0.25,12.0,17.39,3.0,4.35,0.81,0.281,28.48,16.48,10.99,27.47,38.03,14.46,25.0,0.238,1.0,4.0,4.0,16.0,0.7889999999999999,0.191,14.29,5.95,13.1,19.05,21.74,9.09,,,,,,,,,,,,,,
745733,2024-06-18,2024,602104,R,596133,R,single,False,False,76.0,0.25,13.0,17.11,3.0,3.95,0.706,0.16699999999999998,28.15,13.77,14.13,27.9,25.53,17.57,272.0,0.274,72.0,26.47,17.0,6.25,0.726,0.1169999999999999,29.67,14.82,16.24,31.07,27.7,24.41,90.0,0.16,20.0,22.22,4.0,4.44,0.534,0.161,23.94,13.08,12.21,25.29,32.81,16.24,294.0,0.319,60.0,20.41,15.0,5.1,0.948,0.2709999999999999,21.2,10.46,15.26,25.72,26.0,16.13
745733,2024-06-18,2024,668939,L,596133,R,field_out,False,False,207.0,0.228,44.0,21.26,14.0,6.76,0.65,0.142,21.94,10.32,20.05,30.37,33.9,17.74,496.0,0.267,80.0,16.13,61.0,12.3,0.778,0.1519999999999999,16.76,6.91,19.7,26.61,24.41,12.54,76.0,0.164,24.0,31.58,6.0,7.89,0.534,0.11999999999999997,37.16,17.57,16.93,34.5,33.71,26.37,270.0,0.281,49.0,18.15,25.0,9.26,0.873,0.244,22.2,9.96,16.57,26.54,23.79,17.13
745733,2024-06-18,2024,663624,R,596133,R,field_out,False,False,198.0,0.27,47.0,23.74,10.0,5.05,0.778,0.19999999999999996,23.88,13.15,12.24,25.39,37.2,19.83,310.0,0.235,78.0,25.16,22.0,7.1,0.6399999999999999,0.1139999999999999,29.78,16.05,13.56,29.61,37.06,21.61,90.0,0.16,20.0,22.22,4.0,4.44,0.534,0.161,23.94,13.08,12.21,25.29,32.81,16.24,294.0,0.319,60.0,20.41,15.0,5.1,0.948,0.2709999999999999,21.2,10.46,15.26,25.72,26.0,16.13
745733,2024-06-18,2024,518934,R,663989,L,field_out,False,False,14.0,0.167,2.0,14.29,2.0,14.29,0.45299999999999996,0.0,8.7,4.08,20.41,24.49,30.43,14.29,113.0,0.255,25.0,22.12,15.0,13.27,0.761,0.149,20.93,7.45,24.22,31.68,20.95,18.66,9.0,0.222,1.0,11.11,0.0,0.0,0.555,0.11100000000000002,27.78,20.0,12.0,32.0,63.64,12.5,40.0,0.342,5.0,12.5,1.0,2.5,1.007,0.29,19.72,9.79,18.88,28.67,35.38,12.82
745733,2024-06-18,2024,683011,R,663989,L,field_out,False,False,78.0,0.268,15.0,19.23,6.0,7.69,0.7050000000000001,0.11199999999999999,18.42,8.86,17.09,25.95,27.33,16.67,134.0,0.248,35.0,26.12,16.0,11.94,0.817,0.2309999999999999,28.81,13.49,15.8,29.29,27.07,23.49,9.0,0.222,1.0,11.11,0.0,0.0,0.555,0.11100000000000002,27.78,20.0,12.0,32.0,63.64,12.5,40.0,0.342,5.0,12.5,1.0,2.5,1.007,0.29,19.72,9.79,18.88,28.67,35.38,12.82
745733,2024-06-18,2024,665742,L,663989,L,field_out,False,False,80.0,0.338,12.0,15.0,12.0,15.0,1.007,0.23099999999999993,16.39,6.12,21.71,27.83,18.01,12.5,207.0,0.256,48.0,23.19,33.0,15.94,0.813,0.18,25.32,9.65,20.51,30.16,20.61,20.17,4.0,0.333,1.0,25.0,1.0,25.0,0.833,0.0,25.0,8.33,8.33,16.67,30.0,100.0,19.0,0.167,4.0,21.05,1.0,5.26,0.433,0.0549999999999999,19.35,9.52,9.52,19.05,22.58,50.0
745733,2024-06-18,2024,683002,L,605280,R,single,False,False,220.0,0.267,50.0,22.73,21.0,9.55,0.945,0.33299999999999996,25.13,11.63,14.34,25.97,23.57,23.36,455.0,0.272,117.0,25.71,38.0,8.35,0.885,0.277,25.57,12.07,15.7,27.78,26.4,22.35,59.0,0.286,10.0,16.95,2.0,3.39,0.591,0.0,23.3,11.59,18.36,29.95,36.7,16.39,114.0,0.2,26.0,22.81,12.0,10.53,0.5589999999999999,0.07,23.83,10.48,19.36,29.84,22.22,21.67
745733,2024-06-18,2024,623993,L,605280,R,home_run,False,False,209.0,0.215,33.0,15.79,14.0,6.7,0.76,0.267,16.48,8.89,13.22,22.12,40.18,12.74,486.0,0.26,107.0,22.02,31.0,6.38,0.798,0.2229999999999999,22.13,11.37,14.84,26.21,37.22,15.21,59.0,0.286,10.0,16.95,2.0,3.39,0.591,0.0,23.3,11.59,18.36,29.95,36.7,16.39,114.0,0.2,26.0,22.81,12.0,10.53,0.5589999999999999,0.07,23.83,10.48,19.36,29.84,22.22,21.67
745733,2024-06-18,2024,656775,L,605280,R,field_out,False,False,163.0,0.203,40.0,24.54,12.0,7.36,0.61,0.14799999999999996,20.0,10.4,13.37,23.76,28.43,21.51,336.0,0.233,77.0,22.92,31.0,9.23,0.726,0.1889999999999999,26.24,13.25,14.23,27.48,28.99,18.95,59.0,0.286,10.0,16.95,2.0,3.39,0.591,0.0,23.3,11.59,18.36,29.95,36.7,16.39,114.0,0.2,26.0,22.81,12.0,10.53,0.5589999999999999,0.07,23.83,10.48,19.36,29.84,22.22,21.67
745733,2024-06-18,2024,622761,R,605280,R,strikeout,True,False,80.0,0.222,17.0,21.25,3.0,3.75,0.605,0.13899999999999998,21.34,11.08,16.77,27.85,32.03,16.16,214.0,0.178,59.0,27.57,13.0,6.07,0.515,0.1099999999999999,30.51,15.04,17.45,32.49,35.45,26.94,70.0,0.242,19.0,27.14,6.0,8.57,0.635,0.064,32.46,13.21,24.29,37.5,21.43,19.39,148.0,0.231,45.0,30.41,11.0,7.43,0.603,0.0749999999999999,28.02,12.29,20.82,33.11,26.21,24.32
745733,2024-06-18,2024,681297,L,605280,R,field_out,False,False,175.0,0.247,48.0,27.43,19.0,10.86,0.818,0.22599999999999998,32.2,14.5,16.32,30.82,24.36,24.0,68.0,0.111,20.0,29.41,12.0,17.65,0.427,0.0369999999999999,26.67,10.98,17.07,28.05,21.51,17.7,59.0,0.286,10.0,16.95,2.0,3.39,0.591,0.0,23.3,11.59,18.36,29.95,36.7,16.39,114.0,0.2,26.0,22.81,12.0,10.53,0.5589999999999999,0.07,23.83,10.48,19.36,29.84,22.22,21.67
744843,2024-06-18,2024,682998,L,663623,R,walk,False,True,208.0,0.217,37.0,17.79,26.0,12.5,0.639,0.10500000000000001,20.47,8.84,16.41,25.25,24.83,18.97,472.0,0.286,105.0,22.25,46.0,9.75,0.921,0.266,22.34,10.24,16.27,26.51,28.83,21.92,178.0,0.245,36.0,20.22,13.0,7.3,0.702,0.14800000000000002,23.65,11.62,15.69,27.31,26.4,16.29,286.0,0.274,48.0,16.78,30.0,10.49,0.853,0.2219999999999999,16.95,7.84,17.16,25.0,24.68,13.01
744843,2024-06-18,2024,606466,L,663623,R,home_run,False,False,203.0,0.249,46.0,22.66,19.0,9.36,0.677,0.11299999999999999,24.73,11.7,14.3,26.01,24.68,20.0,452.0,0.259,85.0,18.81,54.0,11.95,0.827,0.2199999999999999,20.87,9.03,16.76,25.8,21.17,17.28,178.0,0.245,36.0,20.22,13.0,7.3,0.702,0.14800000000000002,23.65,11.62,15.69,27.31,26.4,16.29,286.0,0.274,48.0,16.78,30.0,10.49,0.853,0.2219999999999999,16.95,7.84,17.16,25.0,24.68,13.01
744843,2024-06-18,2024,592626,L,663623,R,single,False,False,195.0,0.29,46.0,23.59,22.0,11.28,0.888,0.21600000000000003,24.05,10.99,17.16,28.15,28.84,19.91,373.0,0.241,74.0,19.84,49.0,13.14,0.786,0.194,24.13,10.89,15.07,25.96,29.36,16.09,178.0,0.245,36.0,20.22,13.0,7.3,0.702,0.14800000000000002,23.65,11.62,15.69,27.31,26.4,16.29,286.0,0.274,48.0,16.78,30.0,10.49,0.853,0.2219999999999999,16.95,7.84,17.16,25.0,24.68,13.01
744843,2024-06-18,2024,572233,R,663623,R,strikeout,True,False,228.0,0.255,55.0,24.12,25.0,10.96,0.847,0.25,26.08,12.63,13.05,25.68,25.15,17.52,497.0,0.259,95.0,19.11,42.0,8.45,0.8009999999999999,0.2129999999999999,26.19,12.83,14.15,26.98,26.84,15.33,146.0,0.203,33.0,22.6,2.0,1.37,0.569,0.14699999999999996,21.11,10.07,19.61,29.68,27.46,18.08,244.0,0.233,51.0,20.9,24.0,9.84,0.6719999999999999,0.1189999999999999,19.25,7.79,20.22,28.01,20.24,17.11
744843,2024-06-18,2024,666971,R,663623,R,strikeout,True,False,202.0,0.215,40.0,19.8,9.0,4.46,0.587,0.11500000000000002,21.05,10.5,16.54,27.03,31.4,18.1,433.0,0.247,85.0,19.63,21.0,4.85,0.756,0.22,20.07,9.99,16.64,26.63,31.06,17.82,146.0,0.203,33.0,22.6,2.0,1.37,0.569,0.14699999999999996,21.11,10.07,19.61,29.68,27.46,18.08,244.0,0.233,51.0,20.9,24.0,9.84,0.6719999999999999,0.1189999999999999,19.25,7.79,20.22,28.01,20.24,17.11
744843,2024-06-18,2024,664983,L,663623,R,field_out,False,False,146.0,0.25,26.0,17.81,14.0,9.59,0.7430000000000001,0.15300000000000002,20.55,9.63,15.74,25.37,26.33,16.25,230.0,0.255,51.0,22.17,17.0,7.39,0.643,0.072,22.4,11.76,13.9,25.65,32.76,19.39,178.0,0.245,36.0,20.22,13.0,7.3,0.702,0.14800000000000002,23.65,11.62,15.69,27.31,26.4,16.29,286.0,0.274,48.0,16.78,30.0,10.49,0.853,0.2219999999999999,16.95,7.84,17.16,25.0,24.68,13.01
744843,2024-06-18,2024,682928,L,677944,R,field_out,False,False,203.0,0.225,40.0,19.7,14.0,6.9,0.729,0.215,23.17,12.6,13.13,25.73,40.0,16.95,446.0,0.274,78.0,17.49,24.0,5.38,0.786,0.19,21.76,11.82,12.69,24.5,35.86,16.63,103.0,0.277,14.0,13.59,5.0,4.85,0.813,0.21199999999999997,17.8,8.97,14.51,23.48,24.16,13.21,56.0,0.245,8.0,14.29,2.0,3.57,0.74,0.2269999999999999,14.55,7.77,12.14,19.9,24.21,13.79
744843,2024-06-18,2024,657041,R,677944,R,strikeout,True,False,125.0,0.196,31.0,24.8,10.0,8.0,0.5860000000000001,0.134,21.39,8.74,21.95,30.69,19.67,20.67,490.0,0.242,143.0,29.18,23.0,4.69,0.719,0.185,26.09,11.34,20.58,31.92,28.6,24.48,85.0,0.275,19.0,22.35,4.0,4.71,0.9299999999999999,0.33699999999999997,17.81,7.9,19.76,27.66,17.52,18.81,55.0,0.275,12.0,21.82,2.0,3.64,0.798,0.1959999999999999,22.83,9.91,17.92,27.83,16.35,19.05
744843,2024-06-18,2024,608385,L,677944,R,field_out,False,False,184.0,0.27,40.0,21.74,25.0,13.59,0.796,0.13799999999999996,22.36,9.4,17.03,26.43,18.26,15.27,184.0,0.2,46.0,25.0,24.0,13.04,0.5660000000000001,0.0449999999999999,25.91,11.04,17.01,28.05,20.4,17.9,103.0,0.277,14.0,13.59,5.0,4.85,0.813,0.21199999999999997,17.8,8.97,14.51,23.48,24.16,13.21,56.0,0.245,8.0,14.29,2.0,3.57,0.74,0.2269999999999999,14.55,7.77,12.14,19.9,24.21,13.79
744843,2024-06-18,2024,553993,R,663623,R,walk,False,True,199.0,0.197,53.0,26.63,12.0,6.03,0.609,0.14600000000000002,30.18,14.41,15.16,29.57,26.87,21.81,537.0,0.227,161.0,29.98,48.0,8.94,0.706,0.167,32.3,14.54,16.91,31.45,23.96,22.87,146.0,0.203,33.0,22.6,2.0,1.37,0.569,0.14699999999999996,21.11,10.07,19.61,29.68,27.46,18.08,244.0,0.233,51.0,20.9,24.0,9.84,0.6719999999999999,0.1189999999999999,19.25,7.79,20.22,28.01,20.24,17.11
744843,2024-06-18,2024,672515,R,663623,R,force_out,False,False,132.0,0.228,23.0,17.42,17.0,12.88,0.6839999999999999,0.12299999999999997,17.98,7.24,21.73,28.98,19.78,14.56,264.0,0.253,43.0,16.29,24.0,9.09,0.6779999999999999,0.0989999999999999,19.31,7.98,21.75,29.72,25.58,15.58,146.0,0.203,33.0,22.6,2.0,1.37,0.569,0.14699999999999996,21.11,10.07,19.61,29.68,27.46,18.08,244.0,0.233,51.0,20.9,24.0,9.84,0.6719999999999999,0.1189999999999999,19.25,7.79,20.22,28.01,20.24,17.11
744843,2024-06-18,2024,672695,L,663623,R,grounded_into_double_play,False,False,34.0,0.31,5.0,14.71,4.0,11.76,0.7569999999999999,0.034999999999999976,12.73,5.15,25.0,30.15,20.63,11.9,424.0,0.246,80.0,18.87,60.0,14.15,0.736,0.128,15.84,6.08,21.64,27.72,16.63,14.68,178.0,0.245,36.0,20.22,13.0,7.3,0.702,0.14800000000000002,23.65,11.62,15.69,27.31,26.4,16.29,286.0,0.274,48.0,16.78,30.0,10.49,0.853,0.2219999999999999,16.95,7.84,17.16,25.0,24.68,13.01
744843,2024-06-18,2024,671277,L,677944,R,field_out,False,False,183.0,0.291,29.0,15.85,8.0,4.37,0.756,0.14300000000000002,21.78,11.31,15.29,26.59,35.8,17.47,355.0,0.268,44.0,12.39,23.0,6.48,0.6950000000000001,0.1129999999999999,17.54,8.86,13.52,22.38,31.84,12.54,103.0,0.277,14.0,13.59,5.0,4.85,0.813,0.21199999999999997,17.8,8.97,14.51,23.48,24.16,13.21,56.0,0.245,8.0,14.29,2.0,3.57,0.74,0.2269999999999999,14.55,7.77,12.14,19.9,24.21,13.79
744843,2024-06-18,2024,608841,R,677944,R,field_out,False,False,169.0,0.28,28.0,16.57,12.0,7.1,0.708,0.09299999999999997,20.13,10.06,13.21,23.27,27.85,15.22,471.0,0.268,97.0,20.59,28.0,5.94,0.7030000000000001,0.12,23.85,11.18,18.94,30.12,30.48,17.38,85.0,0.275,19.0,22.35,4.0,4.71,0.9299999999999999,0.33699999999999997,17.81,7.9,19.76,27.66,17.52,18.81,55.0,0.275,12.0,21.82,2.0,3.64,0.798,0.1959999999999999,22.83,9.91,17.92,27.83,16.35,19.05
744843,2024-06-18,2024,592696,L,677944,R,field_out,False,False,175.0,0.183,43.0,24.57,10.0,5.71,0.602,0.189,29.14,14.93,15.37,30.31,35.54,20.48,449.0,0.258,104.0,23.16,29.0,6.46,0.762,0.199,29.98,17.01,12.43,29.45,43.87,20.59,103.0,0.277,14.0,13.59,5.0,4.85,0.813,0.21199999999999997,17.8,8.97,14.51,23.48,24.16,13.21,56.0,0.245,8.0,14.29,2.0,3.57,0.74,0.2269999999999999,14.55,7.77,12.14,19.9,24.21,13.79
744843,2024-06-18,2024,682998,L,663623,R,walk,False,True,208.0,0.217,37.0,17.79,26.0,12.5,0.639,0.10500000000000001,20.47,8.84,16.41,25.25,24.83,18.97,472.0,0.286,105.0,22.25,46.0,9.75,0.921,0.266,22.34,10.24,16.27,26.51,28.83,21.92,178.0,0.245,36.0,20.22,13.0,7.3,0.702,0.14800000000000002,23.65,11.62,15.69,27.31,26.4,16.29,286.0,0.274,48.0,16.78,30.0,10.49,0.853,0.2219999999999999,16.95,7.84,17.16,25.0,24.68,13.01
744843,2024-06-18,2024,606466,L,663623,R,single,False,False,203.0,0.249,46.0,22.66,19.0,9.36,0.677,0.11299999999999999,24.73,11.7,14.3,26.01,24.68,20.0,452.0,0.259,85.0,18.81,54.0,11.95,0.827,0.2199999999999999,20.87,9.03,16.76,25.8,21.17,17.28,178.0,0.245,36.0,20.22,13.0,7.3,0.702,0.14800000000000002,23.65,11.62,15.69,27.31,26.4,16.29,286.0,0.274,48.0,16.78,30.0,10.49,0.853,0.2219999999999999,16.95,7.84,17.16,25.0,24.68,13.01
744843,2024-06-18,2024,592626,L,663623,R,double_play,False,False,195.0,0.29,46.0,23.59,22.0,11.28,0.888,0.21600000000000003,24.05,10.99,17.16,28.15,28.84,19.91,373.0,0.241,74.0,19.84,49.0,13.14,0.786,0.194,24.13,10.89,15.07,25.96,29.36,16.09,178.0,0.245,36.0,20.22,13.0,7.3,0.702,0.14800000000000002,23.65,11.62,15.69,27.31,26.4,16.29,286.0,0.274,48.0,16.78,30.0,10.49,0.853,0.2219999999999999,16.95,7.84,17.16,25.0,24.68,13.01
744843,2024-06-18,2024,660688,L,677944,R,strikeout,True,False,139.0,0.206,18.0,12.95,3.0,2.16,0.542,0.099,12.86,6.74,17.39,24.13,36.89,15.93,403.0,0.249,48.0,11.91,25.0,6.2,0.712,0.1629999999999999,14.96,7.67,15.92,23.59,36.49,14.77,103.0,0.277,14.0,13.59,5.0,4.85,0.813,0.21199999999999997,17.8,8.97,14.51,23.48,24.16,13.21,56.0,0.245,8.0,14.29,2.0,3.57,0.74,0.2269999999999999,14.55,7.77,12.14,19.9,24.21,13.79
744843,2024-06-18,2024,669222,R,677944,R,strikeout,True,False,132.0,0.216,33.0,25.0,19.0,14.39,0.687,0.13499999999999998,27.8,12.45,17.67,30.12,21.94,24.81,205.0,0.164,51.0,24.88,18.0,8.78,0.497,0.093,25.27,12.43,15.64,28.07,26.72,23.15,85.0,0.275,19.0,22.35,4.0,4.71,0.9299999999999999,0.33699999999999997,17.81,7.9,19.76,27.66,17.52,18.81,55.0,0.275,12.0,21.82,2.0,3.64,0.798,0.1959999999999999,22.83,9.91,17.92,27.83,16.35,19.05
744843,2024-06-18,2024,696285,R,677944,R,field_out,False,False,138.0,0.238,31.0,22.46,8.0,5.8,0.583,0.041000000000000036,23.25,10.54,21.67,32.21,30.29,24.41,93.0,0.268,17.0,18.28,7.0,7.53,0.687,0.0859999999999999,21.38,9.8,20.46,30.26,30.36,15.74,85.0,0.275,19.0,22.35,4.0,4.71,0.9299999999999999,0.33699999999999997,17.81,7.9,19.76,27.66,17.52,18.81,55.0,0.275,12.0,21.82,2.0,3.64,0.798,0.1959999999999999,22.83,9.91,17.92,27.83,16.35,19.05
744843,2024-06-18,2024,572233,R,663623,R,single,False,False,228.0,0.255,55.0,24.12,25.0,10.96,0.847,0.25,26.08,12.63,13.05,25.68,25.15,17.52,497.0,0.259,95.0,19.11,42.0,8.45,0.8009999999999999,0.2129999999999999,26.19,12.83,14.15,26.98,26.84,15.33,146.0,0.203,33.0,22.6,2.0,1.37,0.569,0.14699999999999996,21.11,10.07,19.61,29.68,27.46,18.08,244.0,0.233,51.0,20.9,24.0,9.84,0.6719999999999999,0.1189999999999999,19.25,7.79,20.22,28.01,20.24,17.11
744843,2024-06-18,2024,666971,R,663623,R,single,False,False,202.0,0.215,40.0,19.8,9.0,4.46,0.587,0.11500000000000002,21.05,10.5,16.54,27.03,31.4,18.1,433.0,0.247,85.0,19.63,21.0,4.85,0.756,0.22,20.07,9.99,16.64,26.63,31.06,17.82,146.0,0.203,33.0,22.6,2.0,1.37,0.569,0.14699999999999996,21.11,10.07,19.61,29.68,27.46,18.08,244.0,0.233,51.0,20.9,24.0,9.84,0.6719999999999999,0.1189999999999999,19.25,7.79,20.22,28.01,20.24,17.11
744843,2024-06-18,2024,664983,L,663623,R,sac_bunt,False,False,146.0,0.25,26.0,17.81,14.0,9.59,0.7430000000000001,0.15300000000000002,20.55,9.63,15.74,25.37,26.33,16.25,230.0,0.255,51.0,22.17,17.0,7.39,0.643,0.072,22.4,11.76,13.9,25.65,32.76,19.39,178.0,0.245,36.0,20.22,13.0,7.3,0.702,0.14800000000000002,23.65,11.62,15.69,27.31,26.4,16.29,286.0,0.274,48.0,16.78,30.0,10.49,0.853,0.2219999999999999,16.95,7.84,17.16,25.0,24.68,13.01
744843,2024-06-18,2024,553993,R,663623,R,walk,False,True,199.0,0.197,53.0,26.63,12.0,6.03,0.609,0.14600000000000002,30.18,14.41,15.16,29.57,26.87,21.81,537.0,0.227,161.0,29.98,48.0,8.94,0.706,0.167,32.3,14.54,16.91,31.45,23.96,22.87,146.0,0.203,33.0,22.6,2.0,1.37,0.569,0.14699999999999996,21.11,10.07,19.61,29.68,27.46,18.08,244.0,0.233,51.0,20.9,24.0,9.84,0.6719999999999999,0.1189999999999999,19.25,7.79,20.22,28.01,20.24,17.11
744843,2024-06-18,2024,672515,R,663623,R,grounded_into_double_play,False,False,132.0,0.228,23.0,17.42,17.0,12.88,0.6839999999999999,0.12299999999999997,17.98,7.24,21.73,28.98,19.78,14.56,264.0,0.253,43.0,16.29,24.0,9.09,0.6779999999999999,0.0989999999999999,19.31,7.98,21.75,29.72,25.58,15.58,146.0,0.203,33.0,22.6,2.0,1.37,0.569,0.14699999999999996,21.11,10.07,19.61,29.68,27.46,18.08,244.0,0.233,51.0,20.9,24.0,9.84,0.6719999999999999,0.1189999999999999,19.25,7.79,20.22,28.01,20.24,17.11
744843,2024-06-18,2024,682928,L,677944,R,single,False,False,203.0,0.225,40.0,19.7,14.0,6.9,0.729,0.215,23.17,12.6,13.13,25.73,40.0,16.95,446.0,0.274,78.0,17.49,24.0,5.38,0.786,0.19,21.76,11.82,12.69,24.5,35.86,16.63,103.0,0.277,14.0,13.59,5.0,4.85,0.813,0.21199999999999997,17.8,8.97,14.51,23.48,24.16,13.21,56.0,0.245,8.0,14.29,2.0,3.57,0.74,0.2269999999999999,14.55,7.77,12.14,19.9,24.21,13.79
744843,2024-06-18,2024,657041,R,677944,R,field_out,False,False,125.0,0.196,31.0,24.8,10.0,8.0,0.5860000000000001,0.134,21.39,8.74,21.95,30.69,19.67,20.67,490.0,0.242,143.0,29.18,23.0,4.69,0.719,0.185,26.09,11.34,20.58,31.92,28.6,24.48,85.0,0.275,19.0,22.35,4.0,4.71,0.9299999999999999,0.33699999999999997,17.81,7.9,19.76,27.66,17.52,18.81,55.0,0.275,12.0,21.82,2.0,3.64,0.798,0.1959999999999999,22.83,9.91,17.92,27.83,16.35,19.05
744843,2024-06-18,2024,608385,L,677944,R,double,False,False,184.0,0.27,40.0,21.74,25.0,13.59,0.796,0.13799999999999996,22.36,9.4,17.03,26.43,18.26,15.27,184.0,0.2,46.0,25.0,24.0,13.04,0.5660000000000001,0.0449999999999999,25.91,11.04,17.01,28.05,20.4,17.9,103.0,0.277,14.0,13.59,5.0,4.85,0.813,0.21199999999999997,17.8,8.97,14.51,23.48,24.16,13.21,56.0,0.245,8.0,14.29,2.0,3.57,0.74,0.2269999999999999,14.55,7.77,12.14,19.9,24.21,13.79
744843,2024-06-18,2024,671277,L,677944,R,field_out,False,False,183.0,0.291,29.0,15.85,8.0,4.37,0.756,0.14300000000000002,21.78,11.31,15.29,26.59,35.8,17.47,355.0,0.268,44.0,12.39,23.0,6.48,0.6950000000000001,0.1129999999999999,17.54,8.86,13.52,22.38,31.84,12.54,103.0,0.277,14.0,13.59,5.0,4.85,0.813,0.21199999999999997,17.8,8.97,14.51,23.48,24.16,13.21,56.0,0.245,8.0,14.29,2.0,3.57,0.74,0.2269999999999999,14.55,7.77,12.14,19.9,24.21,13.79
744843,2024-06-18,2024,672695,L,663623,R,double,False,False,34.0,0.31,5.0,14.71,4.0,11.76,0.7569999999999999,0.034999999999999976,12.73,5.15,25.0,30.15,20.63,11.9,424.0,0.246,80.0,18.87,60.0,14.15,0.736,0.128,15.84,6.08,21.64,27.72,16.63,14.68,178.0,0.245,36.0,20.22,13.0,7.3,0.702,0.14800000000000002,23.65,11.62,15.69,27.31,26.4,16.29,286.0,0.274,48.0,16.78,30.0,10.49,0.853,0.2219999999999999,16.95,7.84,17.16,25.0,24.68,13.01
744843,2024-06-18,2024,682998,L,663623,R,triple,False,False,208.0,0.217,37.0,17.79,26.0,12.5,0.639,0.10500000000000001,20.47,8.84,16.41,25.25,24.83,18.97,472.0,0.286,105.0,22.25,46.0,9.75,0.921,0.266,22.34,10.24,16.27,26.51,28.83,21.92,178.0,0.245,36.0,20.22,13.0,7.3,0.702,0.14800000000000002,23.65,11.62,15.69,27.31,26.4,16.29,286.0,0.274,48.0,16.78,30.0,10.49,0.853,0.2219999999999999,16.95,7.84,17.16,25.0,24.68,13.01
744843,2024-06-18,2024,606466,L,663623,R,sac_fly,False,False,203.0,0.249,46.0,22.66,19.0,9.36,0.677,0.11299999999999999,24.73,11.7,14.3,26.01,24.68,20.0,452.0,0.259,85.0,18.81,54.0,11.95,0.827,0.2199999999999999,20.87,9.03,16.76,25.8,21.17,17.28,178.0,0.245,36.0,20.22,13.0,7.3,0.702,0.14800000000000002,23.65,11.62,15.69,27.31,26.4,16.29,286.0,0.274,48.0,16.78,30.0,10.49,0.853,0.2219999999999999,16.95,7.84,17.16,25.0,24.68,13.01
744843,2024-06-18,2024,592626,L,663623,R,single,False,False,195.0,0.29,46.0,23.59,22.0,11.28,0.888,0.21600000000000003,24.05,10.99,17.16,28.15,28.84,19.91,373.0,0.241,74.0,19.84,49.0,13.14,0.786,0.194,24.13,10.89,15.07,25.96,29.36,16.09,178.0,0.245,36.0,20.22,13.0,7.3,0.702,0.14800000000000002,23.65,11.62,15.69,27.31,26.4,16.29,286.0,0.274,48.0,16.78,30.0,10.49,0.853,0.2219999999999999,16.95,7.84,17.16,25.0,24.68,13.01
744843,2024-06-18,2024,572233,R,663623,R,grounded_into_double_play,False,False,228.0,0.255,55.0,24.12,25.0,10.96,0.847,0.25,26.08,12.63,13.05,25.68,25.15,17.52,497.0,0.259,95.0,19.11,42.0,8.45,0.8009999999999999,0.2129999999999999,26.19,12.83,14.15,26.98,26.84,15.33,146.0,0.203,33.0,22.6,2.0,1.37,0.569,0.14699999999999996,21.11,10.07,19.61,29.68,27.46,18.08,244.0,0.233,51.0,20.9,24.0,9.84,0.6719999999999999,0.1189999999999999,19.25,7.79,20.22,28.01,20.24,17.11
744843,2024-06-18,2024,608841,R,677944,R,strikeout,True,False,169.0,0.28,28.0,16.57,12.0,7.1,0.708,0.09299999999999997,20.13,10.06,13.21,23.27,27.85,15.22,471.0,0.268,97.0,20.59,28.0,5.94,0.7030000000000001,0.12,23.85,11.18,18.94,30.12,30.48,17.38,85.0,0.275,19.0,22.35,4.0,4.71,0.9299999999999999,0.33699999999999997,17.81,7.9,19.76,27.66,17.52,18.81,55.0,0.275,12.0,21.82,2.0,3.64,0.798,0.1959999999999999,22.83,9.91,17.92,27.83,16.35,19.05
744843,2024-06-18,2024,592696,L,677944,R,strikeout,True,False,175.0,0.183,43.0,24.57,10.0,5.71,0.602,0.189,29.14,14.93,15.37,30.31,35.54,20.48,449.0,0.258,104.0,23.16,29.0,6.46,0.762,0.199,29.98,17.01,12.43,29.45,43.87,20.59,103.0,0.277,14.0,13.59,5.0,4.85,0.813,0.21199999999999997,17.8,8.97,14.51,23.48,24.16,13.21,56.0,0.245,8.0,14.29,2.0,3.57,0.74,0.2269999999999999,14.55,7.77,12.14,19.9,24.21,13.79
744843,2024-06-18,2024,660688,L,677944,R,field_out,False,False,139.0,0.206,18.0,12.95,3.0,2.16,0.542,0.099,12.86,6.74,17.39,24.13,36.89,15.93,403.0,0.249,48.0,11.91,25.0,6.2,0.712,0.1629999999999999,14.96,7.67,15.92,23.59,36.49,14.77,103.0,0.277,14.0,13.59,5.0,4.85,0.813,0.21199999999999997,17.8,8.97,14.51,23.48,24.16,13.21,56.0,0.245,8.0,14.29,2.0,3.57,0.74,0.2269999999999999,14.55,7.77,12.14,19.9,24.21,13.79
744843,2024-06-18,2024,666971,R,606930,R,single,False,False,202.0,0.215,40.0,19.8,9.0,4.46,0.587,0.11500000000000002,21.05,10.5,16.54,27.03,31.4,18.1,433.0,0.247,85.0,19.63,21.0,4.85,0.756,0.22,20.07,9.99,16.64,26.63,31.06,17.82,57.0,0.255,13.0,22.81,1.0,1.75,0.608,0.08999999999999997,32.52,17.78,11.56,29.33,33.33,17.81,42.0,0.325,6.0,14.29,1.0,2.38,0.857,0.175,26.58,16.03,11.45,27.48,40.0,15.0
744843,2024-06-18,2024,664983,L,606930,R,single,False,False,146.0,0.25,26.0,17.81,14.0,9.59,0.7430000000000001,0.15300000000000002,20.55,9.63,15.74,25.37,26.33,16.25,230.0,0.255,51.0,22.17,17.0,7.39,0.643,0.072,22.4,11.76,13.9,25.65,32.76,19.39,34.0,0.185,3.0,8.82,6.0,17.65,0.657,0.14800000000000002,22.03,9.09,15.38,24.48,27.85,8.57,19.0,0.294,2.0,10.53,2.0,10.53,0.78,0.118,9.09,3.85,16.67,20.51,21.43,8.7
744843,2024-06-18,2024,553993,R,606930,R,single,False,False,199.0,0.197,53.0,26.63,12.0,6.03,0.609,0.14600000000000002,30.18,14.41,15.16,29.57,26.87,21.81,537.0,0.227,161.0,29.98,48.0,8.94,0.706,0.167,32.3,14.54,16.91,31.45,23.96,22.87,57.0,0.255,13.0,22.81,1.0,1.75,0.608,0.08999999999999997,32.52,17.78,11.56,29.33,33.33,17.81,42.0,0.325,6.0,14.29,1.0,2.38,0.857,0.175,26.58,16.03,11.45,27.48,40.0,15.0
744843,2024-06-18,2024,672515,R,606930,R,sac_fly,False,False,132.0,0.228,23.0,17.42,17.0,12.88,0.6839999999999999,0.12299999999999997,17.98,7.24,21.73,28.98,19.78,14.56,264.0,0.253,43.0,16.29,24.0,9.09,0.6779999999999999,0.0989999999999999,19.31,7.98,21.75,29.72,25.58,15.58,57.0,0.255,13.0,22.81,1.0,1.75,0.608,0.08999999999999997,32.52,17.78,11.56,29.33,33.33,17.81,42.0,0.325,6.0,14.29,1.0,2.38,0.857,0.175,26.58,16.03,11.45,27.48,40.0,15.0
744843,2024-06-18,2024,672695,L,606930,R,field_out,False,False,34.0,0.31,5.0,14.71,4.0,11.76,0.7569999999999999,0.034999999999999976,12.73,5.15,25.0,30.15,20.63,11.9,424.0,0.246,80.0,18.87,60.0,14.15,0.736,0.128,15.84,6.08,21.64,27.72,16.63,14.68,34.0,0.185,3.0,8.82,6.0,17.65,0.657,0.14800000000000002,22.03,9.09,15.38,24.48,27.85,8.57,19.0,0.294,2.0,10.53,2.0,10.53,0.78,0.118,9.09,3.85,16.67,20.51,21.43,8.7
744843,2024-06-18,2024,682998,L,606930,R,field_out,False,False,208.0,0.217,37.0,17.79,26.0,12.5,0.639,0.10500000000000001,20.47,8.84,16.41,25.25,24.83,18.97,472.0,0.286,105.0,22.25,46.0,9.75,0.921,0.266,22.34,10.24,16.27,26.51,28.83,21.92,34.0,0.185,3.0,8.82,6.0,17.65,0.657,0.14800000000000002,22.03,9.09,15.38,24.48,27.85,8.57,19.0,0.294,2.0,10.53,2.0,10.53,0.78,0.118,9.09,3.85,16.67,20.51,21.43,8.7
744843,2024-06-18,2024,669222,R,677944,R,field_out,False,False,132.0,0.216,33.0,25.0,19.0,14.39,0.687,0.13499999999999998,27.8,12.45,17.67,30.12,21.94,24.81,205.0,0.164,51.0,24.88,18.0,8.78,0.497,0.093,25.27,12.43,15.64,28.07,26.72,23.15,85.0,0.275,19.0,22.35,4.0,4.71,0.9299999999999999,0.33699999999999997,17.81,7.9,19.76,27.66,17.52,18.81,55.0,0.275,12.0,21.82,2.0,3.64,0.798,0.1959999999999999,22.83,9.91,17.92,27.83,16.35,19.05
744843,2024-06-18,2024,696285,R,677944,R,field_out,False,False,138.0,0.238,31.0,22.46,8.0,5.8,0.583,0.041000000000000036,23.25,10.54,21.67,32.21,30.29,24.41,93.0,0.268,17.0,18.28,7.0,7.53,0.687,0.0859999999999999,21.38,9.8,20.46,30.26,30.36,15.74,85.0,0.275,19.0,22.35,4.0,4.71,0.9299999999999999,0.33699999999999997,17.81,7.9,19.76,27.66,17.52,18.81,55.0,0.275,12.0,21.82,2.0,3.64,0.798,0.1959999999999999,22.83,9.91,17.92,27.83,16.35,19.05
744843,2024-06-18,2024,682928,L,677944,R,single,False,False,203.0,0.225,40.0,19.7,14.0,6.9,0.729,0.215,23.17,12.6,13.13,25.73,40.0,16.95,446.0,0.274,78.0,17.49,24.0,5.38,0.786,0.19,21.76,11.82,12.69,24.5,35.86,16.63,103.0,0.277,14.0,13.59,5.0,4.85,0.813,0.21199999999999997,17.8,8.97,14.51,23.48,24.16,13.21,56.0,0.245,8.0,14.29,2.0,3.57,0.74,0.2269999999999999,14.55,7.77,12.14,19.9,24.21,13.79
744843,2024-06-18,2024,657041,R,677944,R,strikeout,True,False,125.0,0.196,31.0,24.8,10.0,8.0,0.5860000000000001,0.134,21.39,8.74,21.95,30.69,19.67,20.67,490.0,0.242,143.0,29.18,23.0,4.69,0.719,0.185,26.09,11.34,20.58,31.92,28.6,24.48,85.0,0.275,19.0,22.35,4.0,4.71,0.9299999999999999,0.33699999999999997,17.81,7.9,19.76,27.66,17.52,18.81,55.0,0.275,12.0,21.82,2.0,3.64,0.798,0.1959999999999999,22.83,9.91,17.92,27.83,16.35,19.05
744843,2024-06-18,2024,606466,L,606930,R,strikeout,True,False,203.0,0.249,46.0,22.66,19.0,9.36,0.677,0.11299999999999999,24.73,11.7,14.3,26.01,24.68,20.0,452.0,0.259,85.0,18.81,54.0,11.95,0.827,0.2199999999999999,20.87,9.03,16.76,25.8,21.17,17.28,34.0,0.185,3.0,8.82,6.0,17.65,0.657,0.14800000000000002,22.03,9.09,15.38,24.48,27.85,8.57,19.0,0.294,2.0,10.53,2.0,10.53,0.78,0.118,9.09,3.85,16.67,20.51,21.43,8.7
744843,2024-06-18,2024,592626,L,606930,R,single,False,False,195.0,0.29,46.0,23.59,22.0,11.28,0.888,0.21600000000000003,24.05,10.99,17.16,28.15,28.84,19.91,373.0,0.241,74.0,19.84,49.0,13.14,0.786,0.194,24.13,10.89,15.07,25.96,29.36,16.09,34.0,0.185,3.0,8.82,6.0,17.65,0.657,0.14800000000000002,22.03,9.09,15.38,24.48,27.85,8.57,19.0,0.294,2.0,10.53,2.0,10.53,0.78,0.118,9.09,3.85,16.67,20.51,21.43,8.7
744843,2024-06-18,2024,572233,R,606930,R,field_out,False,False,228.0,0.255,55.0,24.12,25.0,10.96,0.847,0.25,26.08,12.63,13.05,25.68,25.15,17.52,497.0,0.259,95.0,19.11,42.0,8.45,0.8009999999999999,0.2129999999999999,26.19,12.83,14.15,26.98,26.84,15.33,57.0,0.255,13.0,22.81,1.0,1.75,0.608,0.08999999999999997,32.52,17.78,11.56,29.33,33.33,17.81,42.0,0.325,6.0,14.29,1.0,2.38,0.857,0.175,26.58,16.03,11.45,27.48,40.0,15.0
744843,2024-06-18,2024,666971,R,606930,R,field_out,False,False,202.0,0.215,40.0,19.8,9.0,4.46,0.587,0.11500000000000002,21.05,10.5,16.54,27.03,31.4,18.1,433.0,0.247,85.0,19.63,21.0,4.85,0.756,0.22,20.07,9.99,16.64,26.63,31.06,17.82,57.0,0.255,13.0,22.81,1.0,1.75,0.608,0.08999999999999997,32.52,17.78,11.56,29.33,33.33,17.81,42.0,0.325,6.0,14.29,1.0,2.38,0.857,0.175,26.58,16.03,11.45,27.48,40.0,15.0
744843,2024-06-18,2024,608385,L,679885,R,single,False,False,184.0,0.27,40.0,21.74,25.0,13.59,0.796,0.13799999999999996,22.36,9.4,17.03,26.43,18.26,15.27,184.0,0.2,46.0,25.0,24.0,13.04,0.5660000000000001,0.0449999999999999,25.91,11.04,17.01,28.05,20.4,17.9,42.0,0.111,13.0,30.95,5.0,11.9,0.359,0.02800000000000001,30.86,14.04,17.42,31.46,27.17,22.41,25.0,0.444,5.0,20.0,7.0,28.0,1.4329999999999998,0.3889999999999999,28.89,11.02,13.56,24.58,32.39,14.71
744843,2024-06-18,2024,671277,L,679885,R,grounded_into_double_play,False,False,183.0,0.291,29.0,15.85,8.0,4.37,0.756,0.14300000000000002,21.78,11.31,15.29,26.59,35.8,17.47,355.0,0.268,44.0,12.39,23.0,6.48,0.6950000000000001,0.1129999999999999,17.54,8.86,13.52,22.38,31.84,12.54,42.0,0.111,13.0,30.95,5.0,11.9,0.359,0.02800000000000001,30.86,14.04,17.42,31.46,27.17,22.41,25.0,0.444,5.0,20.0,7.0,28.0,1.4329999999999998,0.3889999999999999,28.89,11.02,13.56,24.58,32.39,14.71
744843,2024-06-18,2024,608841,R,679885,R,strikeout,True,False,169.0,0.28,28.0,16.57,12.0,7.1,0.708,0.09299999999999997,20.13,10.06,13.21,23.27,27.85,15.22,471.0,0.268,97.0,20.59,28.0,5.94,0.7030000000000001,0.12,23.85,11.18,18.94,30.12,30.48,17.38,65.0,0.25,16.0,24.62,9.0,13.85,0.604,0.0,36.75,16.29,18.94,35.23,30.23,19.51,32.0,0.192,9.0,28.12,4.0,12.5,0.6519999999999999,0.1159999999999999,36.73,14.75,17.21,31.97,22.73,33.33
744843,2024-06-18,2024,664983,L,607179,R,single,False,False,146.0,0.25,26.0,17.81,14.0,9.59,0.7430000000000001,0.15300000000000002,20.55,9.63,15.74,25.37,26.33,16.25,230.0,0.255,51.0,22.17,17.0,7.39,0.643,0.072,22.4,11.76,13.9,25.65,32.76,19.39,52.0,0.4,6.0,11.54,6.0,11.54,1.081,0.19999999999999996,20.73,10.0,12.94,22.94,21.43,22.22,95.0,0.227,19.0,20.0,18.0,18.95,0.783,0.173,22.6,8.89,15.9,24.8,19.27,24.68
744843,2024-06-18,2024,553993,R,607179,R,strikeout,True,False,199.0,0.197,53.0,26.63,12.0,6.03,0.609,0.14600000000000002,30.18,14.41,15.16,29.57,26.87,21.81,537.0,0.227,161.0,29.98,48.0,8.94,0.706,0.167,32.3,14.54,16.91,31.45,23.96,22.87,65.0,0.182,14.0,21.54,9.0,13.85,0.526,0.036000000000000004,22.48,10.94,15.09,26.04,27.69,15.91,137.0,0.174,41.0,29.93,10.0,7.3,0.631,0.214,29.39,13.51,15.61,29.12,25.94,23.03
744843,2024-06-18,2024,672515,R,607179,R,field_out,False,False,132.0,0.228,23.0,17.42,17.0,12.88,0.6839999999999999,0.12299999999999997,17.98,7.24,21.73,28.98,19.78,14.56,264.0,0.253,43.0,16.29,24.0,9.09,0.6779999999999999,0.0989999999999999,19.31,7.98,21.75,29.72,25.58,15.58,65.0,0.182,14.0,21.54,9.0,13.85,0.526,0.036000000000000004,22.48,10.94,15.09,26.04,27.69,15.91,137.0,0.174,41.0,29.93,10.0,7.3,0.631,0.214,29.39,13.51,15.61,29.12,25.94,23.03
744843,2024-06-18,2024,592696,L,686826,R,field_out,False,False,175.0,0.183,43.0,24.57,10.0,5.71,0.602,0.189,29.14,14.93,15.37,30.31,35.54,20.48,449.0,0.258,104.0,23.16,29.0,6.46,0.762,0.199,29.98,17.01,12.43,29.45,43.87,20.59,66.0,0.269,9.0,13.64,13.0,19.7,0.8089999999999999,0.11599999999999999,21.26,9.28,12.03,21.31,21.99,9.09,37.0,0.207,1.0,2.7,7.0,18.92,0.661,0.103,11.67,4.64,13.91,18.54,9.76,2.56
744843,2024-06-18,2024,660688,L,686826,R,field_out,False,False,139.0,0.206,18.0,12.95,3.0,2.16,0.542,0.099,12.86,6.74,17.39,24.13,36.89,15.93,403.0,0.249,48.0,11.91,25.0,6.2,0.712,0.1629999999999999,14.96,7.67,15.92,23.59,36.49,14.77,66.0,0.269,9.0,13.64,13.0,19.7,0.8089999999999999,0.11599999999999999,21.26,9.28,12.03,21.31,21.99,9.09,37.0,0.207,1.0,2.7,7.0,18.92,0.661,0.103,11.67,4.64,13.91,18.54,9.76,2.56
744843,2024-06-18,2024,669222,R,686826,R,field_out,False,False,132.0,0.216,33.0,25.0,19.0,14.39,0.687,0.13499999999999998,27.8,12.45,17.67,30.12,21.94,24.81,205.0,0.164,51.0,24.88,18.0,8.78,0.497,0.093,25.27,12.43,15.64,28.07,26.72,23.15,111.0,0.245,19.0,17.12,12.0,10.81,0.751,0.173,24.76,11.86,16.51,28.37,27.96,15.57,55.0,0.151,11.0,20.0,2.0,3.64,0.484,0.151,22.22,10.05,15.98,26.03,30.25,18.03
744843,2024-06-18,2024,672695,L,663432,R,field_out,False,False,34.0,0.31,5.0,14.71,4.0,11.76,0.7569999999999999,0.034999999999999976,12.73,5.15,25.0,30.15,20.63,11.9,424.0,0.246,80.0,18.87,60.0,14.15,0.736,0.128,15.84,6.08,21.64,27.72,16.63,14.68,36.0,0.346,4.0,11.11,9.0,25.0,1.143,0.269,27.27,12.65,9.64,22.29,21.18,7.69,2.0,0.5,0.0,0.0,0.0,0.0,1.0,0.0,0.0,0.0,0.0,0.0,66.67,
744843,2024-06-18,2024,682998,L,663432,R,single,False,False,208.0,0.217,37.0,17.79,26.0,12.5,0.639,0.10500000000000001,20.47,8.84,16.41,25.25,24.83,18.97,472.0,0.286,105.0,22.25,46.0,9.75,0.921,0.266,22.34,10.24,16.27,26.51,28.83,21.92,36.0,0.346,4.0,11.11,9.0,25.0,1.143,0.269,27.27,12.65,9.64,22.29,21.18,7.69,2.0,0.5,0.0,0.0,0.0,0.0,1.0,0.0,0.0,0.0,0.0,0.0,66.67,
744843,2024-06-18,2024,606466,L,663432,R,field_out,False,False,203.0,0.249,46.0,22.66,19.0,9.36,0.677,0.11299999999999999,24.73,11.7,14.3,26.01,24.68,20.0,452.0,0.259,85.0,18.81,54.0,11.95,0.827,0.2199999999999999,20.87,9.03,16.76,25.8,21.17,17.28,36.0,0.346,4.0,11.11,9.0,25.0,1.143,0.269,27.27,12.65,9.64,22.29,21.18,7.69,2.0,0.5,0.0,0.0,0.0,0.0,1.0,0.0,0.0,0.0,0.0,0.0,66.67,
744843,2024-06-18,2024,592626,L,663432,R,hit_by_pitch,False,False,195.0,0.29,46.0,23.59,22.0,11.28,0.888,0.21600000000000003,24.05,10.99,17.16,28.15,28.84,19.91,373.0,0.241,74.0,19.84,49.0,13.14,0.786,0.194,24.13,10.89,15.07,25.96,29.36,16.09,36.0,0.346,4.0,11.11,9.0,25.0,1.143,0.269,27.27,12.65,9.64,22.29,21.18,7.69,2.0,0.5,0.0,0.0,0.0,0.0,1.0,0.0,0.0,0.0,0.0,0.0,66.67,
744843,2024-06-18,2024,572233,R,663432,R,field_out,False,False,228.0,0.255,55.0,24.12,25.0,10.96,0.847,0.25,26.08,12.63,13.05,25.68,25.15,17.52,497.0,0.259,95.0,19.11,42.0,8.45,0.8009999999999999,0.2129999999999999,26.19,12.83,14.15,26.98,26.84,15.33,52.0,0.304,7.0,13.46,4.0,7.69,0.928,0.23900000000000005,29.03,13.57,12.06,25.63,32.74,12.5,3.0,0.0,1.0,33.33,1.0,33.33,0.333,0.0,40.0,14.29,21.43,35.71,25.0,25.0
744843,2024-06-18,2024,696285,R,686826,R,field_out,False,False,138.0,0.238,31.0,22.46,8.0,5.8,0.583,0.041000000000000036,23.25,10.54,21.67,32.21,30.29,24.41,93.0,0.268,17.0,18.28,7.0,7.53,0.687,0.0859999999999999,21.38,9.8,20.46,30.26,30.36,15.74,111.0,0.245,19.0,17.12,12.0,10.81,0.751,0.173,24.76,11.86,16.51,28.37,27.96,15.57,55.0,0.151,11.0,20.0,2.0,3.64,0.484,0.151,22.22,10.05,15.98,26.03,30.25,18.03
744843,2024-06-18,2024,682928,L,686826,R,field_out,False,False,203.0,0.225,40.0,19.7,14.0,6.9,0.729,0.215,23.17,12.6,13.13,25.73,40.0,16.95,446.0,0.274,78.0,17.49,24.0,5.38,0.786,0.19,21.76,11.82,12.69,24.5,35.86,16.63,66.0,0.269,9.0,13.64,13.0,19.7,0.8089999999999999,0.11599999999999999,21.26,9.28,12.03,21.31,21.99,9.09,37.0,0.207,1.0,2.7,7.0,18.92,0.661,0.103,11.67,4.64,13.91,18.54,9.76,2.56
744843,2024-06-18,2024,657041,R,686826,R,strikeout,True,False,125.0,0.196,31.0,24.8,10.0,8.0,0.5860000000000001,0.134,21.39,8.74,21.95,30.69,19.67,20.67,490.0,0.242,143.0,29.18,23.0,4.69,0.719,0.185,26.09,11.34,20.58,31.92,28.6,24.48,111.0,0.245,19.0,17.12,12.0,10.81,0.751,0.173,24.76,11.86,16.51,28.37,27.96,15.57,55.0,0.151,11.0,20.0,2.0,3.64,0.484,0.151,22.22,10.05,15.98,26.03,30.25,18.03
745563,2024-06-18,2024,650333,L,605400,R,field_out,False,False,188.0,0.354,5.0,2.66,7.0,3.72,0.8240000000000001,0.09000000000000002,6.1,2.93,19.5,22.43,34.01,3.09,479.0,0.362,17.0,3.55,31.0,6.47,0.891,0.122,6.51,3.2,16.58,19.78,31.29,4.11,183.0,0.199,32.0,17.49,12.0,6.56,0.643,0.193,19.13,9.12,15.75,24.86,29.16,14.16,365.0,0.24,90.0,24.66,25.0,6.85,0.735,0.204,26.03,12.77,16.47,29.24,34.56,20.93
745563,2024-06-18,2024,630105,L,605400,R,strikeout,True,False,204.0,0.272,33.0,16.18,16.0,7.84,0.837,0.22799999999999998,17.71,8.21,17.03,25.24,23.21,12.99,367.0,0.23,59.0,16.08,36.0,9.81,0.7,0.154,14.92,6.99,16.69,23.68,24.61,14.08,183.0,0.199,32.0,17.49,12.0,6.56,0.643,0.193,19.13,9.12,15.75,24.86,29.16,14.16,365.0,0.24,90.0,24.66,25.0,6.85,0.735,0.204,26.03,12.77,16.47,29.24,34.56,20.93
745563,2024-06-18,2024,595777,L,605400,R,field_out,False,False,201.0,0.315,35.0,17.41,26.0,12.94,0.885,0.15499999999999997,17.75,8.1,14.78,22.88,22.75,13.03,375.0,0.229,68.0,18.13,37.0,9.87,0.6559999999999999,0.1159999999999999,21.66,10.43,14.17,24.61,26.12,14.59,183.0,0.199,32.0,17.49,12.0,6.56,0.643,0.193,19.13,9.12,15.75,24.86,29.16,14.16,365.0,0.24,90.0,24.66,25.0,6.85,0.735,0.204,26.03,12.77,16.47,29.24,34.56,20.93
745563,2024-06-18,2024,656941,L,650633,R,field_out,False,False,197.0,0.203,57.0,28.93,33.0,16.75,0.759,0.22099999999999997,32.23,13.02,15.82,28.83,21.9,23.33,469.0,0.201,128.0,27.29,85.0,18.12,0.848,0.296,31.18,11.75,19.66,31.41,21.53,23.1,159.0,0.221,36.0,22.64,17.0,10.69,0.679,0.15,27.2,11.68,19.9,31.58,30.16,22.5,182.0,0.179,48.0,26.37,17.0,9.34,0.542,0.099,26.86,11.79,18.61,30.4,25.21,24.87
745563,2024-06-18,2024,607208,R,650633,R,strikeout,True,False,93.0,0.352,14.0,15.05,4.0,4.3,0.864,0.125,20.96,10.39,15.13,25.52,27.38,15.38,485.0,0.282,109.0,22.47,29.0,5.98,0.8029999999999999,0.19,28.9,15.6,12.67,28.27,36.06,17.81,174.0,0.209,54.0,31.03,14.0,8.05,0.646,0.164,28.28,13.32,18.82,32.14,29.49,19.85,249.0,0.259,79.0,31.73,15.0,6.02,0.708,0.136,31.36,12.93,23.52,36.46,30.93,26.69
745563,2024-06-18,2024,547180,L,650633,R,walk,False,True,181.0,0.283,35.0,19.34,28.0,15.47,0.918,0.24300000000000005,28.4,13.71,9.71,23.43,32.58,18.72,375.0,0.295,80.0,21.33,60.0,16.0,0.907,0.199,31.39,15.65,8.66,24.31,32.27,20.0,159.0,0.221,36.0,22.64,17.0,10.69,0.679,0.15,27.2,11.68,19.9,31.58,30.16,22.5,182.0,0.179,48.0,26.37,17.0,9.34,0.542,0.099,26.86,11.79,18.61,30.4,25.21,24.87
745563,2024-06-18,2024,664761,R,650633,R,strikeout,True,False,204.0,0.331,30.0,14.71,15.0,7.35,0.909,0.194,19.17,9.12,15.43,24.54,25.07,16.29,445.0,0.263,68.0,15.28,34.0,7.64,0.7010000000000001,0.1139999999999999,17.17,8.27,16.06,24.33,28.14,13.48,174.0,0.209,54.0,31.03,14.0,8.05,0.646,0.164,28.28,13.32,18.82,32.14,29.49,19.85,249.0,0.259,79.0,31.73,15.0,6.02,0.708,0.136,31.36,12.93,23.52,36.46,30.93,26.69
745563,2024-06-18,2024,592518,R,605400,R,strikeout,True,False,186.0,0.263,42.0,22.58,10.0,5.38,0.6519999999999999,0.08599999999999997,25.71,12.78,14.89,27.67,27.81,20.69,452.0,0.241,83.0,18.36,36.0,7.96,0.747,0.205,24.68,12.42,14.05,26.47,29.58,16.9,170.0,0.236,46.0,27.06,12.0,7.06,0.647,0.121,25.87,13.16,18.14,31.3,34.55,23.0,430.0,0.241,112.0,26.05,20.0,4.65,0.685,0.1679999999999999,25.89,12.76,19.08,31.85,34.88,20.86
745563,2024-06-18,2024,456781,R,605400,R,field_out,False,False,46.0,0.268,11.0,23.91,2.0,4.35,0.692,0.09799999999999998,19.1,9.14,21.51,30.65,25.33,16.18,297.0,0.28,68.0,22.9,29.0,9.76,0.766,0.1059999999999999,26.06,12.14,17.61,29.74,28.81,17.48,170.0,0.236,46.0,27.06,12.0,7.06,0.647,0.121,25.87,13.16,18.14,31.3,34.55,23.0,430.0,0.241,112.0,26.05,20.0,4.65,0.685,0.1679999999999999,25.89,12.76,19.08,31.85,34.88,20.86
745563,2024-06-18,2024,701538,L,605400,R,strikeout,True,False,170.0,0.314,28.0,16.47,9.0,5.29,0.7909999999999999,0.126,17.99,9.84,13.39,23.23,36.77,14.36,,,,,,,,,,,,,,,183.0,0.199,32.0,17.49,12.0,6.56,0.643,0.193,19.13,9.12,15.75,24.86,29.16,14.16,365.0,0.24,90.0,24.66,25.0,6.85,0.735,0.204,26.03,12.77,16.47,29.24,34.56,20.93
745563,2024-06-18,2024,681082,L,650633,R,strikeout,True,False,191.0,0.23,26.0,13.61,23.0,12.04,0.698,0.143,16.62,7.15,21.98,29.13,26.88,11.82,474.0,0.28,76.0,16.03,26.0,5.49,0.753,0.1509999999999999,14.49,6.52,22.08,28.6,28.42,11.93,159.0,0.221,36.0,22.64,17.0,10.69,0.679,0.15,27.2,11.68,19.9,31.58,30.16,22.5,182.0,0.179,48.0,26.37,17.0,9.34,0.542,0.099,26.86,11.79,18.61,30.4,25.21,24.87
745563,2024-06-18,2024,592206,R,650633,R,single,False,False,219.0,0.195,44.0,20.09,16.0,7.31,0.565,0.10999999999999999,31.66,18.56,10.28,28.84,39.37,19.73,485.0,0.252,140.0,28.87,25.0,5.15,0.733,0.192,37.06,20.57,11.78,32.36,40.41,25.27,174.0,0.209,54.0,31.03,14.0,8.05,0.646,0.164,28.28,13.32,18.82,32.14,29.49,19.85,249.0,0.259,79.0,31.73,15.0,6.02,0.708,0.136,31.36,12.93,23.52,36.46,30.93,26.69
745563,2024-06-18,2024,669016,L,650633,R,single,False,False,153.0,0.301,37.0,24.18,18.0,11.76,0.878,0.195,22.51,9.0,18.14,27.14,22.89,17.54,363.0,0.292,101.0,27.82,47.0,12.95,0.864,0.185,25.19,10.97,17.37,28.35,25.74,21.31,159.0,0.221,36.0,22.64,17.0,10.69,0.679,0.15,27.2,11.68,19.9,31.58,30.16,22.5,182.0,0.179,48.0,26.37,17.0,9.34,0.542,0.099,26.86,11.79,18.61,30.4,25.21,24.87
745563,2024-06-18,2024,665506,R,650633,R,fielders_choice_out,False,False,25.0,0.217,10.0,40.0,1.0,4.0,0.45699999999999996,0.0,40.38,20.79,14.85,35.64,22.22,33.33,38.0,0.121,14.0,36.84,5.0,13.16,0.4489999999999999,0.091,39.47,18.18,14.55,32.73,25.3,24.56,174.0,0.209,54.0,31.03,14.0,8.05,0.646,0.164,28.28,13.32,18.82,32.14,29.49,19.85,249.0,0.259,79.0,31.73,15.0,6.02,0.708,0.136,31.36,12.93,23.52,36.46,30.93,26.69
745563,2024-06-18,2024,596117,L,650633,R,strikeout,True,False,50.0,0.217,13.0,26.0,4.0,8.0,0.519,0.021999999999999992,26.14,12.99,21.47,34.46,34.94,27.08,94.0,0.19,22.0,23.4,7.0,7.45,0.5549999999999999,0.0959999999999999,24.71,11.35,19.19,30.54,31.94,18.8,159.0,0.221,36.0,22.64,17.0,10.69,0.679,0.15,27.2,11.68,19.9,31.58,30.16,22.5,182.0,0.179,48.0,26.37,17.0,9.34,0.542,0.099,26.86,11.79,18.61,30.4,25.21,24.87
745563,2024-06-18,2024,444482,L,605400,R,strikeout,True,False,40.0,0.222,8.0,20.0,3.0,7.5,0.532,0.027999999999999997,26.09,15.58,9.74,25.32,41.56,12.07,387.0,0.253,63.0,16.28,19.0,4.91,0.6739999999999999,0.131,22.16,12.01,13.06,25.07,33.57,15.04,183.0,0.199,32.0,17.49,12.0,6.56,0.643,0.193,19.13,9.12,15.75,24.86,29.16,14.16,365.0,0.24,90.0,24.66,25.0,6.85,0.735,0.204,26.03,12.77,16.47,29.24,34.56,20.93
745563,2024-06-18,2024,669134,R,605400,R,field_out,False,False,150.0,0.29,21.0,14.0,11.0,7.33,0.768,0.138,20.08,10.6,15.38,25.99,33.62,18.1,127.0,0.289,14.0,11.02,4.0,3.15,0.753,0.141,16.53,9.26,14.96,24.23,34.76,11.97,170.0,0.236,46.0,27.06,12.0,7.06,0.647,0.121,25.87,13.16,18.14,31.3,34.55,23.0,430.0,0.241,112.0,26.05,20.0,4.65,0.685,0.1679999999999999,25.89,12.76,19.08,31.85,34.88,20.86
745563,2024-06-18,2024,642180,L,605400,R,field_out,False,False,79.0,0.221,17.0,21.52,8.0,10.13,0.562,0.028999999999999998,21.85,8.84,20.07,28.91,22.6,26.15,48.0,0.283,12.0,25.0,2.0,4.17,0.6599999999999999,0.065,24.1,10.93,22.4,33.33,28.95,20.0,183.0,0.199,32.0,17.49,12.0,6.56,0.643,0.193,19.13,9.12,15.75,24.86,29.16,14.16,365.0,0.24,90.0,24.66,25.0,6.85,0.735,0.204,26.03,12.77,16.47,29.24,34.56,20.93
745563,2024-06-18,2024,656941,L,650633,R,strikeout,True,False,197.0,0.203,57.0,28.93,33.0,16.75,0.759,0.22099999999999997,32.23,13.02,15.82,28.83,21.9,23.33,469.0,0.201,128.0,27.29,85.0,18.12,0.848,0.296,31.18,11.75,19.66,31.41,21.53,23.1,159.0,0.221,36.0,22.64,17.0,10.69,0.679,0.15,27.2,11.68,19.9,31.58,30.16,22.5,182.0,0.179,48.0,26.37,17.0,9.34,0.542,0.099,26.86,11.79,18.61,30.4,25.21,24.87
745563,2024-06-18,2024,607208,R,650633,R,single,False,False,93.0,0.352,14.0,15.05,4.0,4.3,0.864,0.125,20.96,10.39,15.13,25.52,27.38,15.38,485.0,0.282,109.0,22.47,29.0,5.98,0.8029999999999999,0.19,28.9,15.6,12.67,28.27,36.06,17.81,174.0,0.209,54.0,31.03,14.0,8.05,0.646,0.164,28.28,13.32,18.82,32.14,29.49,19.85,249.0,0.259,79.0,31.73,15.0,6.02,0.708,0.136,31.36,12.93,23.52,36.46,30.93,26.69
745563,2024-06-18,2024,547180,L,650633,R,force_out,False,False,181.0,0.283,35.0,19.34,28.0,15.47,0.918,0.24300000000000005,28.4,13.71,9.71,23.43,32.58,18.72,375.0,0.295,80.0,21.33,60.0,16.0,0.907,0.199,31.39,15.65,8.66,24.31,32.27,20.0,159.0,0.221,36.0,22.64,17.0,10.69,0.679,0.15,27.2,11.68,19.9,31.58,30.16,22.5,182.0,0.179,48.0,26.37,17.0,9.34,0.542,0.099,26.86,11.79,18.61,30.4,25.21,24.87
745563,2024-06-18,2024,664761,R,650633,R,field_out,False,False,204.0,0.331,30.0,14.71,15.0,7.35,0.909,0.194,19.17,9.12,15.43,24.54,25.07,16.29,445.0,0.263,68.0,15.28,34.0,7.64,0.7010000000000001,0.1139999999999999,17.17,8.27,16.06,24.33,28.14,13.48,174.0,0.209,54.0,31.03,14.0,8.05,0.646,0.164,28.28,13.32,18.82,32.14,29.49,19.85,249.0,0.259,79.0,31.73,15.0,6.02,0.708,0.136,31.36,12.93,23.52,36.46,30.93,26.69
745563,2024-06-18,2024,650333,L,605400,R,field_out,False,False,188.0,0.354,5.0,2.66,7.0,3.72,0.8240000000000001,0.09000000000000002,6.1,2.93,19.5,22.43,34.01,3.09,479.0,0.362,17.0,3.55,31.0,6.47,0.891,0.122,6.51,3.2,16.58,19.78,31.29,4.11,183.0,0.199,32.0,17.49,12.0,6.56,0.643,0.193,19.13,9.12,15.75,24.86,29.16,14.16,365.0,0.24,90.0,24.66,25.0,6.85,0.735,0.204,26.03,12.77,16.47,29.24,34.56,20.93
745563,2024-06-18,2024,630105,L,605400,R,strikeout,True,False,204.0,0.272,33.0,16.18,16.0,7.84,0.837,0.22799999999999998,17.71,8.21,17.03,25.24,23.21,12.99,367.0,0.23,59.0,16.08,36.0,9.81,0.7,0.154,14.92,6.99,16.69,23.68,24.61,14.08,183.0,0.199,32.0,17.49,12.0,6.56,0.643,0.193,19.13,9.12,15.75,24.86,29.16,14.16,365.0,0.24,90.0,24.66,25.0,6.85,0.735,0.204,26.03,12.77,16.47,29.24,34.56,20.93
745563,2024-06-18,2024,595777,L,605400,R,field_out,False,False,201.0,0.315,35.0,17.41,26.0,12.94,0.885,0.15499999999999997,17.75,8.1,14.78,22.88,22.75,13.03,375.0,0.229,68.0,18.13,37.0,9.87,0.6559999999999999,0.1159999999999999,21.66,10.43,14.17,24.61,26.12,14.59,183.0,0.199,32.0,17.49,12.0,6.56,0.643,0.193,19.13,9.12,15.75,24.86,29.16,14.16,365.0,0.24,90.0,24.66,25.0,6.85,0.735,0.204,26.03,12.77,16.47,29.24,34.56,20.93
745563,2024-06-18,2024,681082,L,650633,R,field_out,False,False,191.0,0.23,26.0,13.61,23.0,12.04,0.698,0.143,16.62,7.15,21.98,29.13,26.88,11.82,474.0,0.28,76.0,16.03,26.0,5.49,0.753,0.1509999999999999,14.49,6.52,22.08,28.6,28.42,11.93,159.0,0.221,36.0,22.64,17.0,10.69,0.679,0.15,27.2,11.68,19.9,31.58,30.16,22.5,182.0,0.179,48.0,26.37,17.0,9.34,0.542,0.099,26.86,11.79,18.61,30.4,25.21,24.87
745563,2024-06-18,2024,592206,R,650633,R,double,False,False,219.0,0.195,44.0,20.09,16.0,7.31,0.565,0.10999999999999999,31.66,18.56,10.28,28.84,39.37,19.73,485.0,0.252,140.0,28.87,25.0,5.15,0.733,0.192,37.06,20.57,11.78,32.36,40.41,25.27,174.0,0.209,54.0,31.03,14.0,8.05,0.646,0.164,28.28,13.32,18.82,32.14,29.49,19.85,249.0,0.259,79.0,31.73,15.0,6.02,0.708,0.136,31.36,12.93,23.52,36.46,30.93,26.69
745563,2024-06-18,2024,669016,L,650633,R,single,False,False,153.0,0.301,37.0,24.18,18.0,11.76,0.878,0.195,22.51,9.0,18.14,27.14,22.89,17.54,363.0,0.292,101.0,27.82,47.0,12.95,0.864,0.185,25.19,10.97,17.37,28.35,25.74,21.31,159.0,0.221,36.0,22.64,17.0,10.69,0.679,0.15,27.2,11.68,19.9,31.58,30.16,22.5,182.0,0.179,48.0,26.37,17.0,9.34,0.542,0.099,26.86,11.79,18.61,30.4,25.21,24.87
745563,2024-06-18,2024,665506,R,650633,R,walk,False,True,25.0,0.217,10.0,40.0,1.0,4.0,0.45699999999999996,0.0,40.38,20.79,14.85,35.64,22.22,33.33,38.0,0.121,14.0,36.84,5.0,13.16,0.4489999999999999,0.091,39.47,18.18,14.55,32.73,25.3,24.56,174.0,0.209,54.0,31.03,14.0,8.05,0.646,0.164,28.28,13.32,18.82,32.14,29.49,19.85,249.0,0.259,79.0,31.73,15.0,6.02,0.708,0.136,31.36,12.93,23.52,36.46,30.93,26.69
745563,2024-06-18,2024,596117,L,650633,R,strikeout,True,False,50.0,0.217,13.0,26.0,4.0,8.0,0.519,0.021999999999999992,26.14,12.99,21.47,34.46,34.94,27.08,94.0,0.19,22.0,23.4,7.0,7.45,0.5549999999999999,0.0959999999999999,24.71,11.35,19.19,30.54,31.94,18.8,159.0,0.221,36.0,22.64,17.0,10.69,0.679,0.15,27.2,11.68,19.9,31.58,30.16,22.5,182.0,0.179,48.0,26.37,17.0,9.34,0.542,0.099,26.86,11.79,18.61,30.4,25.21,24.87
745563,2024-06-18,2024,656941,L,650633,R,hit_by_pitch,False,False,197.0,0.203,57.0,28.93,33.0,16.75,0.759,0.22099999999999997,32.23,13.02,15.82,28.83,21.9,23.33,469.0,0.201,128.0,27.29,85.0,18.12,0.848,0.296,31.18,11.75,19.66,31.41,21.53,23.1,159.0,0.221,36.0,22.64,17.0,10.69,0.679,0.15,27.2,11.68,19.9,31.58,30.16,22.5,182.0,0.179,48.0,26.37,17.0,9.34,0.542,0.099,26.86,11.79,18.61,30.4,25.21,24.87
745563,2024-06-18,2024,607208,R,650633,R,force_out,False,False,93.0,0.352,14.0,15.05,4.0,4.3,0.864,0.125,20.96,10.39,15.13,25.52,27.38,15.38,485.0,0.282,109.0,22.47,29.0,5.98,0.8029999999999999,0.19,28.9,15.6,12.67,28.27,36.06,17.81,174.0,0.209,54.0,31.03,14.0,8.05,0.646,0.164,28.28,13.32,18.82,32.14,29.49,19.85,249.0,0.259,79.0,31.73,15.0,6.02,0.708,0.136,31.36,12.93,23.52,36.46,30.93,26.69
745563,2024-06-18,2024,592518,R,605400,R,field_out,False,False,186.0,0.263,42.0,22.58,10.0,5.38,0.6519999999999999,0.08599999999999997,25.71,12.78,14.89,27.67,27.81,20.69,452.0,0.241,83.0,18.36,36.0,7.96,0.747,0.205,24.68,12.42,14.05,26.47,29.58,16.9,170.0,0.236,46.0,27.06,12.0,7.06,0.647,0.121,25.87,13.16,18.14,31.3,34.55,23.0,430.0,0.241,112.0,26.05,20.0,4.65,0.685,0.1679999999999999,25.89,12.76,19.08,31.85,34.88,20.86
745563,2024-06-18,2024,456781,R,605400,R,single,False,False,46.0,0.268,11.0,23.91,2.0,4.35,0.692,0.09799999999999998,19.1,9.14,21.51,30.65,25.33,16.18,297.0,0.28,68.0,22.9,29.0,9.76,0.766,0.1059999999999999,26.06,12.14,17.61,29.74,28.81,17.48,170.0,0.236,46.0,27.06,12.0,7.06,0.647,0.121,25.87,13.16,18.14,31.3,34.55,23.0,430.0,0.241,112.0,26.05,20.0,4.65,0.685,0.1679999999999999,25.89,12.76,19.08,31.85,34.88,20.86
745563,2024-06-18,2024,701538,L,605400,R,strikeout_double_play,True,False,170.0,0.314,28.0,16.47,9.0,5.29,0.7909999999999999,0.126,17.99,9.84,13.39,23.23,36.77,14.36,,,,,,,,,,,,,,,183.0,0.199,32.0,17.49,12.0,6.56,0.643,0.193,19.13,9.12,15.75,24.86,29.16,14.16,365.0,0.24,90.0,24.66,25.0,6.85,0.735,0.204,26.03,12.77,16.47,29.24,34.56,20.93
745563,2024-06-18,2024,547180,L,650633,R,field_out,False,False,181.0,0.283,35.0,19.34,28.0,15.47,0.918,0.24300000000000005,28.4,13.71,9.71,23.43,32.58,18.72,375.0,0.295,80.0,21.33,60.0,16.0,0.907,0.199,31.39,15.65,8.66,24.31,32.27,20.0,159.0,0.221,36.0,22.64,17.0,10.69,0.679,0.15,27.2,11.68,19.9,31.58,30.16,22.5,182.0,0.179,48.0,26.37,17.0,9.34,0.542,0.099,26.86,11.79,18.61,30.4,25.21,24.87
745563,2024-06-18,2024,664761,R,650633,R,field_out,False,False,204.0,0.331,30.0,14.71,15.0,7.35,0.909,0.194,19.17,9.12,15.43,24.54,25.07,16.29,445.0,0.263,68.0,15.28,34.0,7.64,0.7010000000000001,0.1139999999999999,17.17,8.27,16.06,24.33,28.14,13.48,174.0,0.209,54.0,31.03,14.0,8.05,0.646,0.164,28.28,13.32,18.82,32.14,29.49,19.85,249.0,0.259,79.0,31.73,15.0,6.02,0.708,0.136,31.36,12.93,23.52,36.46,30.93,26.69
745563,2024-06-18,2024,681082,L,650633,R,walk,False,True,191.0,0.23,26.0,13.61,23.0,12.04,0.698,0.143,16.62,7.15,21.98,29.13,26.88,11.82,474.0,0.28,76.0,16.03,26.0,5.49,0.753,0.1509999999999999,14.49,6.52,22.08,28.6,28.42,11.93,159.0,0.221,36.0,22.64,17.0,10.69,0.679,0.15,27.2,11.68,19.9,31.58,30.16,22.5,182.0,0.179,48.0,26.37,17.0,9.34,0.542,0.099,26.86,11.79,18.61,30.4,25.21,24.87
745563,2024-06-18,2024,592206,R,650633,R,single,False,False,219.0,0.195,44.0,20.09,16.0,7.31,0.565,0.10999999999999999,31.66,18.56,10.28,28.84,39.37,19.73,485.0,0.252,140.0,28.87,25.0,5.15,0.733,0.192,37.06,20.57,11.78,32.36,40.41,25.27,174.0,0.209,54.0,31.03,14.0,8.05,0.646,0.164,28.28,13.32,18.82,32.14,29.49,19.85,249.0,0.259,79.0,31.73,15.0,6.02,0.708,0.136,31.36,12.93,23.52,36.46,30.93,26.69
745563,2024-06-18,2024,669016,L,673513,L,strikeout,True,False,45.0,0.132,20.0,44.44,5.0,11.11,0.38,0.025999999999999995,28.36,9.74,24.62,34.36,16.16,34.48,110.0,0.229,43.0,39.09,12.0,10.91,0.7170000000000001,0.167,36.21,13.64,24.46,38.1,25.0,31.62,42.0,0.242,8.0,19.05,6.0,14.29,0.683,0.09100000000000003,30.34,14.59,12.97,27.57,31.25,13.79,,,,,,,,,,,,,,
745563,2024-06-18,2024,444482,L,605400,R,walk,False,True,40.0,0.222,8.0,20.0,3.0,7.5,0.532,0.027999999999999997,26.09,15.58,9.74,25.32,41.56,12.07,387.0,0.253,63.0,16.28,19.0,4.91,0.6739999999999999,0.131,22.16,12.01,13.06,25.07,33.57,15.04,183.0,0.199,32.0,17.49,12.0,6.56,0.643,0.193,19.13,9.12,15.75,24.86,29.16,14.16,365.0,0.24,90.0,24.66,25.0,6.85,0.735,0.204,26.03,12.77,16.47,29.24,34.56,20.93
745563,2024-06-18,2024,669134,R,605400,R,home_run,False,False,150.0,0.29,21.0,14.0,11.0,7.33,0.768,0.138,20.08,10.6,15.38,25.99,33.62,18.1,127.0,0.289,14.0,11.02,4.0,3.15,0.753,0.141,16.53,9.26,14.96,24.23,34.76,11.97,170.0,0.236,46.0,27.06,12.0,7.06,0.647,0.121,25.87,13.16,18.14,31.3,34.55,23.0,430.0,0.241,112.0,26.05,20.0,4.65,0.685,0.1679999999999999,25.89,12.76,19.08,31.85,34.88,20.86
745563,2024-06-18,2024,642180,L,605400,R,single,False,False,79.0,0.221,17.0,21.52,8.0,10.13,0.562,0.028999999999999998,21.85,8.84,20.07,28.91,22.6,26.15,48.0,0.283,12.0,25.0,2.0,4.17,0.6599999999999999,0.065,24.1,10.93,22.4,33.33,28.95,20.0,183.0,0.199,32.0,17.49,12.0,6.56,0.643,0.193,19.13,9.12,15.75,24.86,29.16,14.16,365.0,0.24,90.0,24.66,25.0,6.85,0.735,0.204,26.03,12.77,16.47,29.24,34.56,20.93
745563,2024-06-18,2024,650333,L,605400,R,field_out,False,False,188.0,0.354,5.0,2.66,7.0,3.72,0.8240000000000001,0.09000000000000002,6.1,2.93,19.5,22.43,34.01,3.09,479.0,0.362,17.0,3.55,31.0,6.47,0.891,0.122,6.51,3.2,16.58,19.78,31.29,4.11,183.0,0.199,32.0,17.49,12.0,6.56,0.643,0.193,19.13,9.12,15.75,24.86,29.16,14.16,365.0,0.24,90.0,24.66,25.0,6.85,0.735,0.204,26.03,12.77,16.47,29.24,34.56,20.93
745563,2024-06-18,2024,630105,L,605400,R,field_out,False,False,204.0,0.272,33.0,16.18,16.0,7.84,0.837,0.22799999999999998,17.71,8.21,17.03,25.24,23.21,12.99,367.0,0.23,59.0,16.08,36.0,9.81,0.7,0.154,14.92,6.99,16.69,23.68,24.61,14.08,183.0,0.199,32.0,17.49,12.0,6.56,0.643,0.193,19.13,9.12,15.75,24.86,29.16,14.16,365.0,0.24,90.0,24.66,25.0,6.85,0.735,0.204,26.03,12.77,16.47,29.24,34.56,20.93
745563,2024-06-18,2024,595777,L,605400,R,single,False,False,201.0,0.315,35.0,17.41,26.0,12.94,0.885,0.15499999999999997,17.75,8.1,14.78,22.88,22.75,13.03,375.0,0.229,68.0,18.13,37.0,9.87,0.6559999999999999,0.1159999999999999,21.66,10.43,14.17,24.61,26.12,14.59,183.0,0.199,32.0,17.49,12.0,6.56,0.643,0.193,19.13,9.12,15.75,24.86,29.16,14.16,365.0,0.24,90.0,24.66,25.0,6.85,0.735,0.204,26.03,12.77,16.47,29.24,34.56,20.93
745563,2024-06-18,2024,592518,R,605400,R,field_out,False,False,186.0,0.263,42.0,22.58,10.0,5.38,0.6519999999999999,0.08599999999999997,25.71,12.78,14.89,27.67,27.81,20.69,452.0,0.241,83.0,18.36,36.0,7.96,0.747,0.205,24.68,12.42,14.05,26.47,29.58,16.9,170.0,0.236,46.0,27.06,12.0,7.06,0.647,0.121,25.87,13.16,18.14,31.3,34.55,23.0,430.0,0.241,112.0,26.05,20.0,4.65,0.685,0.1679999999999999,25.89,12.76,19.08,31.85,34.88,20.86
745563,2024-06-18,2024,665506,R,673513,L,walk,False,True,49.0,0.22,15.0,30.61,8.0,16.33,0.688,0.12100000000000002,28.74,12.5,15.0,27.5,18.81,25.86,57.0,0.314,13.0,22.81,5.0,8.77,0.924,0.235,32.38,15.45,14.09,29.55,25.93,19.4,79.0,0.154,16.0,20.25,12.0,15.19,0.524,0.092,26.57,11.99,12.93,24.92,25.0,18.39,,,,,,,,,,,,,,
745563,2024-06-18,2024,596117,L,673513,L,strikeout,True,False,25.0,0.136,7.0,28.0,3.0,12.0,0.376,0.0,21.95,9.38,20.83,30.21,21.74,18.92,31.0,0.241,7.0,22.58,2.0,6.45,0.5660000000000001,0.035,18.03,8.59,17.97,26.56,28.57,16.67,42.0,0.242,8.0,19.05,6.0,14.29,0.683,0.09100000000000003,30.34,14.59,12.97,27.57,31.25,13.79,,,,,,,,,,,,,,
745563,2024-06-18,2024,656941,L,670970,L,single,False,False,127.0,0.327,33.0,25.98,20.0,15.75,0.938,0.178,34.2,12.77,21.08,33.85,18.07,25.0,253.0,0.188,87.0,34.39,41.0,16.21,0.758,0.242,32.04,11.82,21.04,32.86,21.61,24.51,46.0,0.146,18.0,39.13,3.0,6.52,0.44,0.098,30.53,15.18,17.8,32.98,30.49,24.0,18.0,0.267,5.0,27.78,2.0,11.11,0.753,0.133,20.0,8.82,19.12,27.94,20.0,23.81
745563,2024-06-18,2024,607208,R,670970,L,field_out,False,False,61.0,0.333,14.0,22.95,5.0,8.2,0.8260000000000001,0.09299999999999997,23.19,12.17,10.65,22.81,27.07,15.56,209.0,0.229,41.0,19.62,16.0,7.66,0.721,0.1969999999999999,31.2,15.84,12.09,27.93,33.41,17.98,71.0,0.288,15.0,21.13,5.0,7.04,0.762,0.136,29.29,15.89,12.79,28.68,38.58,20.27,26.0,0.435,3.0,11.54,3.0,11.54,1.152,0.217,15.0,6.38,15.96,22.34,15.22,15.79
745563,2024-06-18,2024,547180,L,670970,L,field_out,False,False,114.0,0.281,31.0,27.19,17.0,14.91,0.896,0.22899999999999998,31.62,15.78,11.09,26.87,33.2,22.79,171.0,0.289,39.0,22.81,20.0,11.7,0.884,0.221,38.61,20.03,9.85,29.89,35.59,22.41,46.0,0.146,18.0,39.13,3.0,6.52,0.44,0.098,30.53,15.18,17.8,32.98,30.49,24.0,18.0,0.267,5.0,27.78,2.0,11.11,0.753,0.133,20.0,8.82,19.12,27.94,20.0,23.81
745563,2024-06-18,2024,456781,R,689147,R,field_out,False,False,46.0,0.268,11.0,23.91,2.0,4.35,0.692,0.09799999999999998,19.1,9.14,21.51,30.65,25.33,16.18,297.0,0.28,68.0,22.9,29.0,9.76,0.766,0.1059999999999999,26.06,12.14,17.61,29.74,28.81,17.48,48.0,0.178,12.0,25.0,2.0,4.17,0.451,0.04400000000000001,28.57,12.97,21.62,34.59,31.11,21.43,7.0,0.4,1.0,14.29,2.0,28.57,0.971,0.0,18.18,5.71,22.86,28.57,25.0,10.0
745563,2024-06-18,2024,701538,L,689147,R,field_out,False,False,170.0,0.314,28.0,16.47,9.0,5.29,0.7909999999999999,0.126,17.99,9.84,13.39,23.23,36.77,14.36,,,,,,,,,,,,,,,49.0,0.195,16.0,32.65,4.0,8.16,0.518,0.024999999999999994,23.15,10.87,20.87,31.74,24.0,16.0,7.0,0.143,5.0,71.43,0.0,0.0,0.4289999999999999,0.143,63.64,26.92,30.77,57.69,41.67,71.43
745563,2024-06-18,2024,444482,L,689147,R,strikeout,True,False,40.0,0.222,8.0,20.0,3.0,7.5,0.532,0.027999999999999997,26.09,15.58,9.74,25.32,41.56,12.07,387.0,0.253,63.0,16.28,19.0,4.91,0.6739999999999999,0.131,22.16,12.01,13.06,25.07,33.57,15.04,49.0,0.195,16.0,32.65,4.0,8.16,0.518,0.024999999999999994,23.15,10.87,20.87,31.74,24.0,16.0,7.0,0.143,5.0,71.43,0.0,0.0,0.4289999999999999,0.143,63.64,26.92,30.77,57.69,41.67,71.43
745563,2024-06-18,2024,664761,R,669093,R,strikeout,True,False,204.0,0.331,30.0,14.71,15.0,7.35,0.909,0.194,19.17,9.12,15.43,24.54,25.07,16.29,445.0,0.263,68.0,15.28,34.0,7.64,0.7010000000000001,0.1139999999999999,17.17,8.27,16.06,24.33,28.14,13.48,53.0,0.208,22.0,41.51,4.0,7.55,0.618,0.146,38.46,18.78,14.08,32.86,30.48,36.07,34.0,0.308,9.0,26.47,7.0,20.59,1.21,0.461,27.4,12.99,12.34,25.32,24.05,17.65
745563,2024-06-18,2024,681082,L,669093,R,single,False,False,191.0,0.23,26.0,13.61,23.0,12.04,0.698,0.143,16.62,7.15,21.98,29.13,26.88,11.82,474.0,0.28,76.0,16.03,26.0,5.49,0.753,0.1509999999999999,14.49,6.52,22.08,28.6,28.42,11.93,34.0,0.167,15.0,44.12,3.0,8.82,0.46799999999999997,0.066,38.24,19.12,13.97,33.09,29.41,36.59,22.0,0.235,4.0,18.18,5.0,22.73,0.762,0.118,19.51,9.09,13.64,22.73,23.08,12.9
745563,2024-06-18,2024,592206,R,669093,R,strikeout,True,False,219.0,0.195,44.0,20.09,16.0,7.31,0.565,0.10999999999999999,31.66,18.56,10.28,28.84,39.37,19.73,485.0,0.252,140.0,28.87,25.0,5.15,0.733,0.192,37.06,20.57,11.78,32.36,40.41,25.27,53.0,0.208,22.0,41.51,4.0,7.55,0.618,0.146,38.46,18.78,14.08,32.86,30.48,36.07,34.0,0.308,9.0,26.47,7.0,20.59,1.21,0.461,27.4,12.99,12.34,25.32,24.05,17.65
745563,2024-06-18,2024,669016,L,669093,R,strikeout,True,False,153.0,0.301,37.0,24.18,18.0,11.76,0.878,0.195,22.51,9.0,18.14,27.14,22.89,17.54,363.0,0.292,101.0,27.82,47.0,12.95,0.864,0.185,25.19,10.97,17.37,28.35,25.74,21.31,34.0,0.167,15.0,44.12,3.0,8.82,0.46799999999999997,0.066,38.24,19.12,13.97,33.09,29.41,36.59,22.0,0.235,4.0,18.18,5.0,22.73,0.762,0.118,19.51,9.09,13.64,22.73,23.08,12.9
745563,2024-06-18,2024,669134,R,621381,L,field_out,False,False,53.0,0.08,6.0,11.32,3.0,5.66,0.29200000000000004,0.08,16.13,8.15,14.13,22.28,31.91,14.29,47.0,0.405,7.0,14.89,3.0,6.38,1.114,0.262,21.88,11.54,12.09,23.63,36.79,11.67,73.0,0.162,28.0,38.36,4.0,5.48,0.514,0.147,27.93,15.2,16.11,31.31,34.04,20.44,253.0,0.214,77.0,30.43,19.0,7.51,0.671,0.183,28.04,14.1,15.88,29.98,27.99,24.6
745563,2024-06-18,2024,642180,L,621381,L,field_out,False,False,8.0,0.286,2.0,25.0,0.0,0.0,0.572,0.0,38.46,19.23,19.23,38.46,46.15,33.33,7.0,0.0,1.0,14.29,2.0,28.57,0.286,0.0,14.29,4.35,21.74,26.09,15.38,25.0,31.0,0.226,11.0,35.48,0.0,0.0,0.452,0.0,25.4,14.04,18.42,32.46,32.56,22.45,98.0,0.209,31.0,31.63,2.0,2.04,0.556,0.11,27.93,14.16,19.83,33.99,33.1,28.44
745563,2024-06-18,2024,650333,L,621381,L,field_out,False,False,135.0,0.278,13.0,9.63,5.0,3.7,0.628,0.023999999999999966,11.95,5.6,19.92,25.52,33.47,10.66,138.0,0.326,17.0,12.32,4.0,2.9,0.76,0.0909999999999999,12.5,6.61,16.32,22.93,33.48,12.88,31.0,0.226,11.0,35.48,0.0,0.0,0.452,0.0,25.4,14.04,18.42,32.46,32.56,22.45,98.0,0.209,31.0,31.63,2.0,2.04,0.556,0.11,27.93,14.16,19.83,33.99,33.1,28.44
745563,2024-06-18,2024,665506,R,593974,L,field_out,False,False,49.0,0.22,15.0,30.61,8.0,16.33,0.688,0.12100000000000002,28.74,12.5,15.0,27.5,18.81,25.86,57.0,0.314,13.0,22.81,5.0,8.77,0.924,0.235,32.38,15.45,14.09,29.55,25.93,19.4,75.0,0.235,8.0,10.67,5.0,6.67,0.719,0.191,19.57,9.57,12.77,22.34,32.93,10.81,130.0,0.229,27.0,20.77,20.0,15.38,0.758,0.175,32.0,14.15,13.75,27.9,29.08,20.3
745563,2024-06-18,2024,624641,R,593974,L,strikeout,True,False,55.0,0.333,9.0,16.36,5.0,9.09,1.126,0.37499999999999994,28.32,14.75,12.44,27.19,34.15,15.52,124.0,0.267,33.0,26.61,3.0,2.42,0.792,0.2159999999999999,27.7,16.7,13.23,29.93,44.69,21.29,75.0,0.235,8.0,10.67,5.0,6.67,0.719,0.191,19.57,9.57,12.77,22.34,32.93,10.81,130.0,0.229,27.0,20.77,20.0,15.38,0.758,0.175,32.0,14.15,13.75,27.9,29.08,20.3
745563,2024-06-18,2024,656941,L,593974,L,home_run,False,False,127.0,0.327,33.0,25.98,20.0,15.75,0.938,0.178,34.2,12.77,21.08,33.85,18.07,25.0,253.0,0.188,87.0,34.39,41.0,16.21,0.758,0.242,32.04,11.82,21.04,32.86,21.61,24.51,33.0,0.276,7.0,21.21,2.0,6.06,0.6739999999999999,0.033999999999999975,23.08,10.43,13.91,24.35,27.59,25.93,97.0,0.138,24.0,24.74,10.0,10.31,0.483,0.0739999999999999,26.88,13.4,11.26,24.66,37.04,21.24
745563,2024-06-18,2024,607208,R,663158,R,field_out,False,False,93.0,0.352,14.0,15.05,4.0,4.3,0.864,0.125,20.96,10.39,15.13,25.52,27.38,15.38,485.0,0.282,109.0,22.47,29.0,5.98,0.8029999999999999,0.19,28.9,15.6,12.67,28.27,36.06,17.81,57.0,0.161,13.0,22.81,1.0,1.75,0.371,0.035,21.82,12.63,13.16,25.79,34.18,24.53,62.0,0.161,15.0,24.19,6.0,9.68,0.528,0.1249999999999999,24.39,11.86,15.81,27.67,25.62,18.75
745563,2024-06-18,2024,630105,L,656546,R,strikeout,True,False,204.0,0.272,33.0,16.18,16.0,7.84,0.837,0.22799999999999998,17.71,8.21,17.03,25.24,23.21,12.99,367.0,0.23,59.0,16.08,36.0,9.81,0.7,0.154,14.92,6.99,16.69,23.68,24.61,14.08,49.0,0.196,17.0,34.69,2.0,4.08,0.615,0.174,31.63,17.22,15.0,32.22,41.46,30.36,80.0,0.221,26.0,32.5,9.0,11.25,0.63,0.088,34.86,17.48,12.61,30.09,33.51,21.31
745563,2024-06-18,2024,595777,L,656546,R,field_out,False,False,201.0,0.315,35.0,17.41,26.0,12.94,0.885,0.15499999999999997,17.75,8.1,14.78,22.88,22.75,13.03,375.0,0.229,68.0,18.13,37.0,9.87,0.6559999999999999,0.1159999999999999,21.66,10.43,14.17,24.61,26.12,14.59,49.0,0.196,17.0,34.69,2.0,4.08,0.615,0.174,31.63,17.22,15.0,32.22,41.46,30.36,80.0,0.221,26.0,32.5,9.0,11.25,0.63,0.088,34.86,17.48,12.61,30.09,33.51,21.31
745563,2024-06-18,2024,592518,R,656546,R,strikeout,True,False,186.0,0.263,42.0,22.58,10.0,5.38,0.6519999999999999,0.08599999999999997,25.71,12.78,14.89,27.67,27.81,20.69,452.0,0.241,83.0,18.36,36.0,7.96,0.747,0.205,24.68,12.42,14.05,26.47,29.58,16.9,71.0,0.175,22.0,30.99,6.0,8.45,0.44899999999999995,0.031,36.5,18.32,14.65,32.97,29.85,26.19,129.0,0.122,43.0,33.33,10.0,7.75,0.423,0.104,34.44,17.65,14.42,32.07,34.34,24.57
745563,2024-06-18,2024,547180,L,663158,R,single,False,False,181.0,0.283,35.0,19.34,28.0,15.47,0.918,0.24300000000000005,28.4,13.71,9.71,23.43,32.58,18.72,375.0,0.295,80.0,21.33,60.0,16.0,0.907,0.199,31.39,15.65,8.66,24.31,32.27,20.0,43.0,0.105,13.0,30.23,5.0,11.63,0.472,0.15800000000000003,22.64,12.5,9.9,22.4,27.38,19.4,46.0,0.146,9.0,19.57,4.0,8.7,0.534,0.171,28.57,13.79,14.78,28.57,26.88,12.68
745563,2024-06-18,2024,664761,R,663158,R,single,False,False,204.0,0.331,30.0,14.71,15.0,7.35,0.909,0.194,19.17,9.12,15.43,24.54,25.07,16.29,445.0,0.263,68.0,15.28,34.0,7.64,0.7010000000000001,0.1139999999999999,17.17,8.27,16.06,24.33,28.14,13.48,57.0,0.161,13.0,22.81,1.0,1.75,0.371,0.035,21.82,12.63,13.16,25.79,34.18,24.53,62.0,0.161,15.0,24.19,6.0,9.68,0.528,0.1249999999999999,24.39,11.86,15.81,27.67,25.62,18.75
745563,2024-06-18,2024,681082,L,663158,R,single,False,False,191.0,0.23,26.0,13.61,23.0,12.04,0.698,0.143,16.62,7.15,21.98,29.13,26.88,11.82,474.0,0.28,76.0,16.03,26.0,5.49,0.753,0.1509999999999999,14.49,6.52,22.08,28.6,28.42,11.93,43.0,0.105,13.0,30.23,5.0,11.63,0.472,0.15800000000000003,22.64,12.5,9.9,22.4,27.38,19.4,46.0,0.146,9.0,19.57,4.0,8.7,0.534,0.171,28.57,13.79,14.78,28.57,26.88,12.68
745563,2024-06-18,2024,592206,R,663158,R,double,False,False,219.0,0.195,44.0,20.09,16.0,7.31,0.565,0.10999999999999999,31.66,18.56,10.28,28.84,39.37,19.73,485.0,0.252,140.0,28.87,25.0,5.15,0.733,0.192,37.06,20.57,11.78,32.36,40.41,25.27,57.0,0.161,13.0,22.81,1.0,1.75,0.371,0.035,21.82,12.63,13.16,25.79,34.18,24.53,62.0,0.161,15.0,24.19,6.0,9.68,0.528,0.1249999999999999,24.39,11.86,15.81,27.67,25.62,18.75
746868,2024-06-18,2024,689172,L,665871,R,strikeout,True,False,60.0,0.211,13.0,21.67,2.0,3.33,0.531,0.087,20.54,10.22,19.11,29.33,37.14,18.84,106.0,0.155,30.0,28.3,8.0,7.55,0.4639999999999999,0.092,28.32,14.65,14.19,28.83,32.6,19.86,183.0,0.21,49.0,26.78,16.0,8.74,0.616,0.12300000000000003,18.4,8.24,18.22,26.46,25.74,21.49,210.0,0.215,44.0,20.95,20.0,9.52,0.6479999999999999,0.1399999999999999,18.77,8.0,17.9,25.89,22.65,18.38
746868,2024-06-18,2024,671218,R,665871,R,strikeout,True,False,112.0,0.295,37.0,33.04,7.0,6.25,0.777,0.14300000000000002,35.0,15.84,16.97,32.81,26.81,29.6,14.0,0.154,4.0,28.57,1.0,7.14,0.368,0.0,30.43,14.58,18.75,33.33,26.09,50.0,152.0,0.244,30.0,19.74,16.0,10.53,0.7130000000000001,0.138,19.58,7.81,19.93,27.74,21.2,17.44,240.0,0.245,50.0,20.83,21.0,8.75,0.734,0.172,22.87,9.83,17.49,27.31,23.7,24.39
746868,2024-06-18,2024,672275,L,665871,R,field_out,False,False,146.0,0.298,25.0,17.12,18.0,12.33,0.847,0.17000000000000004,20.14,9.41,13.78,23.19,25.33,15.53,240.0,0.203,70.0,29.17,13.0,5.42,0.5569999999999999,0.0989999999999999,26.61,12.88,17.55,30.43,28.93,23.81,183.0,0.21,49.0,26.78,16.0,8.74,0.616,0.12300000000000003,18.4,8.24,18.22,26.46,25.74,21.49,210.0,0.215,44.0,20.95,20.0,9.52,0.6479999999999999,0.1399999999999999,18.77,8.0,17.9,25.89,22.65,18.38
746868,2024-06-18,2024,643565,L,663855,R,walk,False,True,205.0,0.26,41.0,20.0,28.0,13.66,0.773,0.14500000000000002,22.9,11.09,12.4,23.49,22.75,13.18,345.0,0.253,73.0,21.16,50.0,14.49,0.739,0.121,23.95,9.92,17.49,27.41,19.14,15.57,154.0,0.234,28.0,18.18,21.0,13.64,0.669,0.07799999999999999,24.28,10.36,14.84,25.19,26.24,14.97,109.0,0.225,27.0,24.77,16.0,14.68,0.6639999999999999,0.0779999999999999,28.89,12.53,15.18,27.71,26.27,23.89
746868,2024-06-18,2024,666624,R,663855,R,double_play,False,False,229.0,0.197,53.0,23.14,25.0,10.92,0.6579999999999999,0.16699999999999998,30.66,14.05,14.27,28.32,25.16,21.03,329.0,0.247,105.0,31.91,27.0,8.21,0.798,0.239,38.21,19.07,13.74,32.81,29.43,27.56,166.0,0.228,40.0,24.1,7.0,4.22,0.632,0.13899999999999998,26.05,12.27,18.33,30.61,28.25,18.26,177.0,0.234,54.0,30.51,16.0,9.04,0.653,0.1139999999999999,27.76,11.0,22.57,33.57,28.9,25.84
746868,2024-06-18,2024,641355,L,663855,R,field_out,False,False,182.0,0.217,33.0,18.13,18.0,9.89,0.712,0.19299999999999998,25.68,12.82,13.27,26.09,32.72,19.53,373.0,0.291,58.0,15.55,27.0,7.24,0.829,0.198,20.08,10.01,15.91,25.92,29.71,13.74,154.0,0.234,28.0,18.18,21.0,13.64,0.669,0.07799999999999999,24.28,10.36,14.84,25.19,26.24,14.97,109.0,0.225,27.0,24.77,16.0,14.68,0.6639999999999999,0.0779999999999999,28.89,12.53,15.18,27.71,26.27,23.89
746868,2024-06-18,2024,656305,R,665871,R,strikeout,True,False,223.0,0.194,56.0,25.11,19.0,8.52,0.597,0.129,26.56,12.08,19.48,31.56,26.38,19.65,471.0,0.223,139.0,29.51,52.0,11.04,0.722,0.179,31.15,13.33,17.79,31.11,18.61,21.72,152.0,0.244,30.0,19.74,16.0,10.53,0.7130000000000001,0.138,19.58,7.81,19.93,27.74,21.2,17.44,240.0,0.245,50.0,20.83,21.0,8.75,0.734,0.172,22.87,9.83,17.49,27.31,23.7,24.39
746868,2024-06-18,2024,624424,L,665871,R,field_out,False,False,154.0,0.213,35.0,22.73,13.0,8.44,0.669,0.17700000000000002,24.47,11.42,16.89,28.31,27.92,19.66,368.0,0.245,77.0,20.92,50.0,13.59,0.753,0.155,23.68,10.56,15.02,25.57,23.23,16.81,183.0,0.21,49.0,26.78,16.0,8.74,0.616,0.12300000000000003,18.4,8.24,18.22,26.46,25.74,21.49,210.0,0.215,44.0,20.95,20.0,9.52,0.6479999999999999,0.1399999999999999,18.77,8.0,17.9,25.89,22.65,18.38
746868,2024-06-18,2024,624585,R,665871,R,double,False,False,175.0,0.216,38.0,21.71,18.0,10.29,0.665,0.15,28.62,13.36,15.02,28.38,27.32,21.23,446.0,0.242,111.0,24.89,46.0,10.31,0.788,0.22,27.97,12.22,16.15,28.37,25.71,21.19,152.0,0.244,30.0,19.74,16.0,10.53,0.7130000000000001,0.138,19.58,7.81,19.93,27.74,21.2,17.44,240.0,0.245,50.0,20.83,21.0,8.75,0.734,0.172,22.87,9.83,17.49,27.31,23.7,24.39
746868,2024-06-18,2024,573262,L,665871,R,strikeout,True,False,177.0,0.22,51.0,28.81,16.0,9.04,0.719,0.208,25.79,10.53,18.74,29.27,18.42,22.57,296.0,0.243,75.0,25.34,40.0,13.51,0.831,0.235,23.69,9.65,18.67,28.32,20.68,19.69,183.0,0.21,49.0,26.78,16.0,8.74,0.616,0.12300000000000003,18.4,8.24,18.22,26.46,25.74,21.49,210.0,0.215,44.0,20.95,20.0,9.52,0.6479999999999999,0.1399999999999999,18.77,8.0,17.9,25.89,22.65,18.38
746868,2024-06-18,2024,673548,R,663855,R,strikeout,True,False,149.0,0.286,44.0,29.53,9.0,6.04,0.8160000000000001,0.188,27.02,10.84,21.36,32.2,22.96,21.57,419.0,0.278,102.0,24.34,41.0,9.79,0.839,0.2129999999999999,24.3,9.93,20.44,30.37,19.3,20.2,166.0,0.228,40.0,24.1,7.0,4.22,0.632,0.13899999999999998,26.05,12.27,18.33,30.61,28.25,18.26,177.0,0.234,54.0,30.51,16.0,9.04,0.653,0.1139999999999999,27.76,11.0,22.57,33.57,28.9,25.84
746868,2024-06-18,2024,664023,L,663855,R,walk,False,True,217.0,0.222,61.0,28.11,32.0,14.75,0.73,0.161,27.82,12.21,16.0,28.21,22.1,19.24,502.0,0.258,109.0,21.71,80.0,15.94,0.831,0.192,25.86,11.22,15.24,26.46,20.31,17.34,154.0,0.234,28.0,18.18,21.0,13.64,0.669,0.07799999999999999,24.28,10.36,14.84,25.19,26.24,14.97,109.0,0.225,27.0,24.77,16.0,14.68,0.6639999999999999,0.0779999999999999,28.89,12.53,15.18,27.71,26.27,23.89
746868,2024-06-18,2024,663538,R,663855,R,field_out,False,False,215.0,0.238,21.0,9.77,20.0,9.3,0.659,0.09500000000000003,13.18,6.03,21.76,27.79,31.11,10.45,508.0,0.274,63.0,12.4,40.0,7.87,0.72,0.0979999999999999,13.4,6.0,20.67,26.67,29.91,12.21,166.0,0.228,40.0,24.1,7.0,4.22,0.632,0.13899999999999998,26.05,12.27,18.33,30.61,28.25,18.26,177.0,0.234,54.0,30.51,16.0,9.04,0.653,0.1139999999999999,27.76,11.0,22.57,33.57,28.9,25.84
746868,2024-06-18,2024,683737,L,663855,R,field_out,False,False,207.0,0.251,71.0,34.3,27.0,13.04,0.81,0.20600000000000002,33.25,14.77,15.45,30.23,24.63,25.18,66.0,0.158,21.0,31.82,8.0,12.12,0.556,0.1399999999999999,29.79,14.48,13.45,27.93,28.39,21.0,154.0,0.234,28.0,18.18,21.0,13.64,0.669,0.07799999999999999,24.28,10.36,14.84,25.19,26.24,14.97,109.0,0.225,27.0,24.77,16.0,14.68,0.6639999999999999,0.0779999999999999,28.89,12.53,15.18,27.71,26.27,23.89
746868,2024-06-18,2024,642731,R,665871,R,single,False,False,209.0,0.247,40.0,19.14,6.0,2.87,0.691,0.16199999999999998,19.33,9.49,19.53,29.02,35.18,19.7,380.0,0.276,84.0,22.11,15.0,3.95,0.767,0.172,21.44,11.24,17.01,28.25,38.17,20.1,152.0,0.244,30.0,19.74,16.0,10.53,0.7130000000000001,0.138,19.58,7.81,19.93,27.74,21.2,17.44,240.0,0.245,50.0,20.83,21.0,8.75,0.734,0.172,22.87,9.83,17.49,27.31,23.7,24.39
746868,2024-06-18,2024,670092,L,665871,R,walk,False,True,24.0,0.143,6.0,25.0,3.0,12.5,0.393,0.0,30.95,13.0,17.0,30.0,25.45,25.0,,,,,,,,,,,,,,,183.0,0.21,49.0,26.78,16.0,8.74,0.616,0.12300000000000003,18.4,8.24,18.22,26.46,25.74,21.49,210.0,0.215,44.0,20.95,20.0,9.52,0.6479999999999999,0.1399999999999999,18.77,8.0,17.9,25.89,22.65,18.38
746868,2024-06-18,2024,689172,L,665871,R,field_out,False,False,60.0,0.211,13.0,21.67,2.0,3.33,0.531,0.087,20.54,10.22,19.11,29.33,37.14,18.84,106.0,0.155,30.0,28.3,8.0,7.55,0.4639999999999999,0.092,28.32,14.65,14.19,28.83,32.6,19.86,183.0,0.21,49.0,26.78,16.0,8.74,0.616,0.12300000000000003,18.4,8.24,18.22,26.46,25.74,21.49,210.0,0.215,44.0,20.95,20.0,9.52,0.6479999999999999,0.1399999999999999,18.77,8.0,17.9,25.89,22.65,18.38
746868,2024-06-18,2024,671218,R,665871,R,strikeout,True,False,112.0,0.295,37.0,33.04,7.0,6.25,0.777,0.14300000000000002,35.0,15.84,16.97,32.81,26.81,29.6,14.0,0.154,4.0,28.57,1.0,7.14,0.368,0.0,30.43,14.58,18.75,33.33,26.09,50.0,152.0,0.244,30.0,19.74,16.0,10.53,0.7130000000000001,0.138,19.58,7.81,19.93,27.74,21.2,17.44,240.0,0.245,50.0,20.83,21.0,8.75,0.734,0.172,22.87,9.83,17.49,27.31,23.7,24.39
746868,2024-06-18,2024,672275,L,665871,R,field_out,False,False,146.0,0.298,25.0,17.12,18.0,12.33,0.847,0.17000000000000004,20.14,9.41,13.78,23.19,25.33,15.53,240.0,0.203,70.0,29.17,13.0,5.42,0.5569999999999999,0.0989999999999999,26.61,12.88,17.55,30.43,28.93,23.81,183.0,0.21,49.0,26.78,16.0,8.74,0.616,0.12300000000000003,18.4,8.24,18.22,26.46,25.74,21.49,210.0,0.215,44.0,20.95,20.0,9.52,0.6479999999999999,0.1399999999999999,18.77,8.0,17.9,25.89,22.65,18.38
746868,2024-06-18,2024,621020,R,663855,R,strikeout,True,False,191.0,0.202,52.0,27.23,16.0,8.38,0.5900000000000001,0.11599999999999999,31.81,15.07,15.2,30.27,23.81,22.03,478.0,0.244,111.0,23.22,49.0,10.25,0.734,0.161,28.04,13.13,15.12,28.26,23.34,18.66,166.0,0.228,40.0,24.1,7.0,4.22,0.632,0.13899999999999998,26.05,12.27,18.33,30.61,28.25,18.26,177.0,0.234,54.0,30.51,16.0,9.04,0.653,0.1139999999999999,27.76,11.0,22.57,33.57,28.9,25.84
746868,2024-06-18,2024,665804,R,663855,R,strikeout,True,False,120.0,0.206,26.0,21.67,9.0,7.5,0.563,0.07400000000000004,27.78,14.77,15.0,29.77,36.2,19.85,92.0,0.187,24.0,26.09,7.0,7.61,0.679,0.173,24.72,11.67,16.98,28.65,28.18,19.05,166.0,0.228,40.0,24.1,7.0,4.22,0.632,0.13899999999999998,26.05,12.27,18.33,30.61,28.25,18.26,177.0,0.234,54.0,30.51,16.0,9.04,0.653,0.1139999999999999,27.76,11.0,22.57,33.57,28.9,25.84
746868,2024-06-18,2024,643565,L,663855,R,single,False,False,205.0,0.26,41.0,20.0,28.0,13.66,0.773,0.14500000000000002,22.9,11.09,12.4,23.49,22.75,13.18,345.0,0.253,73.0,21.16,50.0,14.49,0.739,0.121,23.95,9.92,17.49,27.41,19.14,15.57,154.0,0.234,28.0,18.18,21.0,13.64,0.669,0.07799999999999999,24.28,10.36,14.84,25.19,26.24,14.97,109.0,0.225,27.0,24.77,16.0,14.68,0.6639999999999999,0.0779999999999999,28.89,12.53,15.18,27.71,26.27,23.89
746868,2024-06-18,2024,666624,R,663855,R,force_out,False,False,229.0,0.197,53.0,23.14,25.0,10.92,0.6579999999999999,0.16699999999999998,30.66,14.05,14.27,28.32,25.16,21.03,329.0,0.247,105.0,31.91,27.0,8.21,0.798,0.239,38.21,19.07,13.74,32.81,29.43,27.56,166.0,0.228,40.0,24.1,7.0,4.22,0.632,0.13899999999999998,26.05,12.27,18.33,30.61,28.25,18.26,177.0,0.234,54.0,30.51,16.0,9.04,0.653,0.1139999999999999,27.76,11.0,22.57,33.57,28.9,25.84
746868,2024-06-18,2024,656305,R,665871,R,field_out,False,False,223.0,0.194,56.0,25.11,19.0,8.52,0.597,0.129,26.56,12.08,19.48,31.56,26.38,19.65,471.0,0.223,139.0,29.51,52.0,11.04,0.722,0.179,31.15,13.33,17.79,31.11,18.61,21.72,152.0,0.244,30.0,19.74,16.0,10.53,0.7130000000000001,0.138,19.58,7.81,19.93,27.74,21.2,17.44,240.0,0.245,50.0,20.83,21.0,8.75,0.734,0.172,22.87,9.83,17.49,27.31,23.7,24.39
746868,2024-06-18,2024,624424,L,665871,R,strikeout,True,False,154.0,0.213,35.0,22.73,13.0,8.44,0.669,0.17700000000000002,24.47,11.42,16.89,28.31,27.92,19.66,368.0,0.245,77.0,20.92,50.0,13.59,0.753,0.155,23.68,10.56,15.02,25.57,23.23,16.81,183.0,0.21,49.0,26.78,16.0,8.74,0.616,0.12300000000000003,18.4,8.24,18.22,26.46,25.74,21.49,210.0,0.215,44.0,20.95,20.0,9.52,0.6479999999999999,0.1399999999999999,18.77,8.0,17.9,25.89,22.65,18.38
746868,2024-06-18,2024,624585,R,665871,R,walk,False,True,175.0,0.216,38.0,21.71,18.0,10.29,0.665,0.15,28.62,13.36,15.02,28.38,27.32,21.23,446.0,0.242,111.0,24.89,46.0,10.31,0.788,0.22,27.97,12.22,16.15,28.37,25.71,21.19,152.0,0.244,30.0,19.74,16.0,10.53,0.7130000000000001,0.138,19.58,7.81,19.93,27.74,21.2,17.44,240.0,0.245,50.0,20.83,21.0,8.75,0.734,0.172,22.87,9.83,17.49,27.31,23.7,24.39
746868,2024-06-18,2024,573262,L,665871,R,triple,False,False,177.0,0.22,51.0,28.81,16.0,9.04,0.719,0.208,25.79,10.53,18.74,29.27,18.42,22.57,296.0,0.243,75.0,25.34,40.0,13.51,0.831,0.235,23.69,9.65,18.67,28.32,20.68,19.69,183.0,0.21,49.0,26.78,16.0,8.74,0.616,0.12300000000000003,18.4,8.24,18.22,26.46,25.74,21.49,210.0,0.215,44.0,20.95,20.0,9.52,0.6479999999999999,0.1399999999999999,18.77,8.0,17.9,25.89,22.65,18.38
746868,2024-06-18,2024,642731,R,665871,R,field_out,False,False,209.0,0.247,40.0,19.14,6.0,2.87,0.691,0.16199999999999998,19.33,9.49,19.53,29.02,35.18,19.7,380.0,0.276,84.0,22.11,15.0,3.95,0.767,0.172,21.44,11.24,17.01,28.25,38.17,20.1,152.0,0.244,30.0,19.74,16.0,10.53,0.7130000000000001,0.138,19.58,7.81,19.93,27.74,21.2,17.44,240.0,0.245,50.0,20.83,21.0,8.75,0.734,0.172,22.87,9.83,17.49,27.31,23.7,24.39
746868,2024-06-18,2024,641355,L,663855,R,field_out,False,False,182.0,0.217,33.0,18.13,18.0,9.89,0.712,0.19299999999999998,25.68,12.82,13.27,26.09,32.72,19.53,373.0,0.291,58.0,15.55,27.0,7.24,0.829,0.198,20.08,10.01,15.91,25.92,29.71,13.74,154.0,0.234,28.0,18.18,21.0,13.64,0.669,0.07799999999999999,24.28,10.36,14.84,25.19,26.24,14.97,109.0,0.225,27.0,24.77,16.0,14.68,0.6639999999999999,0.0779999999999999,28.89,12.53,15.18,27.71,26.27,23.89
746868,2024-06-18,2024,673548,R,663855,R,strikeout,True,False,149.0,0.286,44.0,29.53,9.0,6.04,0.8160000000000001,0.188,27.02,10.84,21.36,32.2,22.96,21.57,419.0,0.278,102.0,24.34,41.0,9.79,0.839,0.2129999999999999,24.3,9.93,20.44,30.37,19.3,20.2,166.0,0.228,40.0,24.1,7.0,4.22,0.632,0.13899999999999998,26.05,12.27,18.33,30.61,28.25,18.26,177.0,0.234,54.0,30.51,16.0,9.04,0.653,0.1139999999999999,27.76,11.0,22.57,33.57,28.9,25.84
746868,2024-06-18,2024,664023,L,663855,R,single,False,False,217.0,0.222,61.0,28.11,32.0,14.75,0.73,0.161,27.82,12.21,16.0,28.21,22.1,19.24,502.0,0.258,109.0,21.71,80.0,15.94,0.831,0.192,25.86,11.22,15.24,26.46,20.31,17.34,154.0,0.234,28.0,18.18,21.0,13.64,0.669,0.07799999999999999,24.28,10.36,14.84,25.19,26.24,14.97,109.0,0.225,27.0,24.77,16.0,14.68,0.6639999999999999,0.0779999999999999,28.89,12.53,15.18,27.71,26.27,23.89
746868,2024-06-18,2024,663538,R,663855,R,single,False,False,215.0,0.238,21.0,9.77,20.0,9.3,0.659,0.09500000000000003,13.18,6.03,21.76,27.79,31.11,10.45,508.0,0.274,63.0,12.4,40.0,7.87,0.72,0.0979999999999999,13.4,6.0,20.67,26.67,29.91,12.21,166.0,0.228,40.0,24.1,7.0,4.22,0.632,0.13899999999999998,26.05,12.27,18.33,30.61,28.25,18.26,177.0,0.234,54.0,30.51,16.0,9.04,0.653,0.1139999999999999,27.76,11.0,22.57,33.57,28.9,25.84
746868,2024-06-18,2024,683737,L,663855,R,walk,False,True,207.0,0.251,71.0,34.3,27.0,13.04,0.81,0.20600000000000002,33.25,14.77,15.45,30.23,24.63,25.18,66.0,0.158,21.0,31.82,8.0,12.12,0.556,0.1399999999999999,29.79,14.48,13.45,27.93,28.39,21.0,154.0,0.234,28.0,18.18,21.0,13.64,0.669,0.07799999999999999,24.28,10.36,14.84,25.19,26.24,14.97,109.0,0.225,27.0,24.77,16.0,14.68,0.6639999999999999,0.0779999999999999,28.89,12.53,15.18,27.71,26.27,23.89
746868,2024-06-18,2024,621020,R,663855,R,field_out,False,False,191.0,0.202,52.0,27.23,16.0,8.38,0.5900000000000001,0.11599999999999999,31.81,15.07,15.2,30.27,23.81,22.03,478.0,0.244,111.0,23.22,49.0,10.25,0.734,0.161,28.04,13.13,15.12,28.26,23.34,18.66,166.0,0.228,40.0,24.1,7.0,4.22,0.632,0.13899999999999998,26.05,12.27,18.33,30.61,28.25,18.26,177.0,0.234,54.0,30.51,16.0,9.04,0.653,0.1139999999999999,27.76,11.0,22.57,33.57,28.9,25.84
746868,2024-06-18,2024,670092,L,665871,R,strikeout,True,False,24.0,0.143,6.0,25.0,3.0,12.5,0.393,0.0,30.95,13.0,17.0,30.0,25.45,25.0,,,,,,,,,,,,,,,183.0,0.21,49.0,26.78,16.0,8.74,0.616,0.12300000000000003,18.4,8.24,18.22,26.46,25.74,21.49,210.0,0.215,44.0,20.95,20.0,9.52,0.6479999999999999,0.1399999999999999,18.77,8.0,17.9,25.89,22.65,18.38
746868,2024-06-18,2024,689172,L,665871,R,field_out,False,False,60.0,0.211,13.0,21.67,2.0,3.33,0.531,0.087,20.54,10.22,19.11,29.33,37.14,18.84,106.0,0.155,30.0,28.3,8.0,7.55,0.4639999999999999,0.092,28.32,14.65,14.19,28.83,32.6,19.86,183.0,0.21,49.0,26.78,16.0,8.74,0.616,0.12300000000000003,18.4,8.24,18.22,26.46,25.74,21.49,210.0,0.215,44.0,20.95,20.0,9.52,0.6479999999999999,0.1399999999999999,18.77,8.0,17.9,25.89,22.65,18.38
746868,2024-06-18,2024,671218,R,665871,R,single,False,False,112.0,0.295,37.0,33.04,7.0,6.25,0.777,0.14300000000000002,35.0,15.84,16.97,32.81,26.81,29.6,14.0,0.154,4.0,28.57,1.0,7.14,0.368,0.0,30.43,14.58,18.75,33.33,26.09,50.0,152.0,0.244,30.0,19.74,16.0,10.53,0.7130000000000001,0.138,19.58,7.81,19.93,27.74,21.2,17.44,240.0,0.245,50.0,20.83,21.0,8.75,0.734,0.172,22.87,9.83,17.49,27.31,23.7,24.39
746868,2024-06-18,2024,672275,L,665871,R,single,False,False,146.0,0.298,25.0,17.12,18.0,12.33,0.847,0.17000000000000004,20.14,9.41,13.78,23.19,25.33,15.53,240.0,0.203,70.0,29.17,13.0,5.42,0.5569999999999999,0.0989999999999999,26.61,12.88,17.55,30.43,28.93,23.81,183.0,0.21,49.0,26.78,16.0,8.74,0.616,0.12300000000000003,18.4,8.24,18.22,26.46,25.74,21.49,210.0,0.215,44.0,20.95,20.0,9.52,0.6479999999999999,0.1399999999999999,18.77,8.0,17.9,25.89,22.65,18.38
746868,2024-06-18,2024,656305,R,665871,R,field_out,False,False,223.0,0.194,56.0,25.11,19.0,8.52,0.597,0.129,26.56,12.08,19.48,31.56,26.38,19.65,471.0,0.223,139.0,29.51,52.0,11.04,0.722,0.179,31.15,13.33,17.79,31.11,18.61,21.72,152.0,0.244,30.0,19.74,16.0,10.53,0.7130000000000001,0.138,19.58,7.81,19.93,27.74,21.2,17.44,240.0,0.245,50.0,20.83,21.0,8.75,0.734,0.172,22.87,9.83,17.49,27.31,23.7,24.39
746868,2024-06-18,2024,665804,R,663855,R,field_out,False,False,120.0,0.206,26.0,21.67,9.0,7.5,0.563,0.07400000000000004,27.78,14.77,15.0,29.77,36.2,19.85,92.0,0.187,24.0,26.09,7.0,7.61,0.679,0.173,24.72,11.67,16.98,28.65,28.18,19.05,166.0,0.228,40.0,24.1,7.0,4.22,0.632,0.13899999999999998,26.05,12.27,18.33,30.61,28.25,18.26,177.0,0.234,54.0,30.51,16.0,9.04,0.653,0.1139999999999999,27.76,11.0,22.57,33.57,28.9,25.84
746868,2024-06-18,2024,621550,R,663855,R,walk,False,True,40.0,0.143,11.0,27.5,4.0,10.0,0.517,0.143,26.56,11.64,18.49,30.14,19.12,26.83,172.0,0.196,64.0,37.21,20.0,11.63,0.8049999999999999,0.311,34.35,16.0,14.32,30.32,24.49,24.24,166.0,0.228,40.0,24.1,7.0,4.22,0.632,0.13899999999999998,26.05,12.27,18.33,30.61,28.25,18.26,177.0,0.234,54.0,30.51,16.0,9.04,0.653,0.1139999999999999,27.76,11.0,22.57,33.57,28.9,25.84
746868,2024-06-18,2024,666624,R,663855,R,single,False,False,229.0,0.197,53.0,23.14,25.0,10.92,0.6579999999999999,0.16699999999999998,30.66,14.05,14.27,28.32,25.16,21.03,329.0,0.247,105.0,31.91,27.0,8.21,0.798,0.239,38.21,19.07,13.74,32.81,29.43,27.56,166.0,0.228,40.0,24.1,7.0,4.22,0.632,0.13899999999999998,26.05,12.27,18.33,30.61,28.25,18.26,177.0,0.234,54.0,30.51,16.0,9.04,0.653,0.1139999999999999,27.76,11.0,22.57,33.57,28.9,25.84
746868,2024-06-18,2024,641355,L,663855,R,double_play,False,False,182.0,0.217,33.0,18.13,18.0,9.89,0.712,0.19299999999999998,25.68,12.82,13.27,26.09,32.72,19.53,373.0,0.291,58.0,15.55,27.0,7.24,0.829,0.198,20.08,10.01,15.91,25.92,29.71,13.74,154.0,0.234,28.0,18.18,21.0,13.64,0.669,0.07799999999999999,24.28,10.36,14.84,25.19,26.24,14.97,109.0,0.225,27.0,24.77,16.0,14.68,0.6639999999999999,0.0779999999999999,28.89,12.53,15.18,27.71,26.27,23.89
746868,2024-06-18,2024,624424,L,681432,L,walk,False,True,49.0,0.304,12.0,24.49,3.0,6.12,0.847,0.196,29.79,15.3,19.13,34.43,32.47,21.05,102.0,0.219,29.0,28.43,3.0,2.94,0.5980000000000001,0.114,29.28,13.52,20.15,33.67,28.95,22.83,41.0,0.143,13.0,31.71,6.0,14.63,0.468,0.05700000000000002,32.81,12.5,22.62,35.12,27.47,30.95,11.0,0.111,4.0,36.36,1.0,9.09,0.404,0.111,46.15,22.22,18.52,40.74,35.71,23.53
746868,2024-06-18,2024,624585,R,681432,L,field_out,False,False,73.0,0.254,18.0,24.66,8.0,10.96,0.8,0.19,31.88,15.02,13.99,29.01,30.3,20.69,135.0,0.277,30.0,22.22,20.0,14.81,1.081,0.4109999999999999,26.29,11.6,16.16,27.76,25.27,18.75,41.0,0.185,6.0,14.63,10.0,24.39,0.8089999999999999,0.185,24.07,7.98,20.25,28.22,13.58,15.38,19.0,0.267,8.0,42.11,3.0,15.79,0.754,0.066,46.43,15.85,19.51,35.37,15.56,30.77
746868,2024-06-18,2024,573262,L,681432,L,single,False,False,31.0,0.231,8.0,25.81,3.0,9.68,0.663,0.07699999999999999,33.33,13.82,14.63,28.46,20.63,32.0,85.0,0.203,24.0,28.24,5.0,5.88,0.5920000000000001,0.139,23.31,9.57,22.84,32.41,18.67,26.37,41.0,0.143,13.0,31.71,6.0,14.63,0.468,0.05700000000000002,32.81,12.5,22.62,35.12,27.47,30.95,11.0,0.111,4.0,36.36,1.0,9.09,0.404,0.111,46.15,22.22,18.52,40.74,35.71,23.53
746868,2024-06-18,2024,642731,R,669713,R,walk,False,True,209.0,0.247,40.0,19.14,6.0,2.87,0.691,0.16199999999999998,19.33,9.49,19.53,29.02,35.18,19.7,380.0,0.276,84.0,22.11,15.0,3.95,0.767,0.172,21.44,11.24,17.01,28.25,38.17,20.1,94.0,0.233,22.0,23.4,8.0,8.51,0.751,0.22,25.6,12.11,17.18,29.3,32.28,21.36,221.0,0.202,57.0,25.79,16.0,7.24,0.617,0.1459999999999999,29.02,12.78,18.23,31.01,30.33,23.27
746868,2024-06-18,2024,670092,L,669713,R,strikeout,True,False,24.0,0.143,6.0,25.0,3.0,12.5,0.393,0.0,30.95,13.0,17.0,30.0,25.45,25.0,,,,,,,,,,,,,,,69.0,0.19,13.0,18.84,5.0,7.25,0.515,0.064,21.82,9.8,18.37,28.16,23.21,18.31,159.0,0.298,26.0,16.35,16.0,10.06,0.986,0.319,14.23,6.41,17.95,24.36,22.1,13.0
746868,2024-06-18,2024,689172,L,669713,R,field_out,False,False,60.0,0.211,13.0,21.67,2.0,3.33,0.531,0.087,20.54,10.22,19.11,29.33,37.14,18.84,106.0,0.155,30.0,28.3,8.0,7.55,0.4639999999999999,0.092,28.32,14.65,14.19,28.83,32.6,19.86,69.0,0.19,13.0,18.84,5.0,7.25,0.515,0.064,21.82,9.8,18.37,28.16,23.21,18.31,159.0,0.298,26.0,16.35,16.0,10.06,0.986,0.319,14.23,6.41,17.95,24.36,22.1,13.0
746868,2024-06-18,2024,673548,R,678495,R,single,False,False,149.0,0.286,44.0,29.53,9.0,6.04,0.8160000000000001,0.188,27.02,10.84,21.36,32.2,22.96,21.57,419.0,0.278,102.0,24.34,41.0,9.79,0.839,0.2129999999999999,24.3,9.93,20.44,30.37,19.3,20.2,67.0,0.237,14.0,20.9,6.0,8.96,0.6759999999999999,0.136,25.83,12.86,14.94,27.8,29.17,23.73,,,,,,,,,,,,,,
746868,2024-06-18,2024,664023,L,678495,R,grounded_into_double_play,False,False,217.0,0.222,61.0,28.11,32.0,14.75,0.73,0.161,27.82,12.21,16.0,28.21,22.1,19.24,502.0,0.258,109.0,21.71,80.0,15.94,0.831,0.192,25.86,11.22,15.24,26.46,20.31,17.34,41.0,0.282,12.0,29.27,2.0,4.88,0.881,0.282,23.81,11.7,18.13,29.82,32.14,22.64,,,,,,,,,,,,,,
746868,2024-06-18,2024,663538,R,678495,R,single,False,False,215.0,0.238,21.0,9.77,20.0,9.3,0.659,0.09500000000000003,13.18,6.03,21.76,27.79,31.11,10.45,508.0,0.274,63.0,12.4,40.0,7.87,0.72,0.0979999999999999,13.4,6.0,20.67,26.67,29.91,12.21,67.0,0.237,14.0,20.9,6.0,8.96,0.6759999999999999,0.136,25.83,12.86,14.94,27.8,29.17,23.73,,,,,,,,,,,,,,
746868,2024-06-18,2024,683737,L,678495,R,home_run,False,False,207.0,0.251,71.0,34.3,27.0,13.04,0.81,0.20600000000000002,33.25,14.77,15.45,30.23,24.63,25.18,66.0,0.158,21.0,31.82,8.0,12.12,0.556,0.1399999999999999,29.79,14.48,13.45,27.93,28.39,21.0,41.0,0.282,12.0,29.27,2.0,4.88,0.881,0.282,23.81,11.7,18.13,29.82,32.14,22.64,,,,,,,,,,,,,,
746868,2024-06-18,2024,621020,R,678495,R,field_out,False,False,191.0,0.202,52.0,27.23,16.0,8.38,0.5900000000000001,0.11599999999999999,31.81,15.07,15.2,30.27,23.81,22.03,478.0,0.244,111.0,23.22,49.0,10.25,0.734,0.161,28.04,13.13,15.12,28.26,23.34,18.66,67.0,0.237,14.0,20.9,6.0,8.96,0.6759999999999999,0.136,25.83,12.86,14.94,27.8,29.17,23.73,,,,,,,,,,,,,,
746868,2024-06-18,2024,671218,R,669713,R,home_run,False,False,112.0,0.295,37.0,33.04,7.0,6.25,0.777,0.14300000000000002,35.0,15.84,16.97,32.81,26.81,29.6,14.0,0.154,4.0,28.57,1.0,7.14,0.368,0.0,30.43,14.58,18.75,33.33,26.09,50.0,94.0,0.233,22.0,23.4,8.0,8.51,0.751,0.22,25.6,12.11,17.18,29.3,32.28,21.36,221.0,0.202,57.0,25.79,16.0,7.24,0.617,0.1459999999999999,29.02,12.78,18.23,31.01,30.33,23.27
746868,2024-06-18,2024,672275,L,669713,R,walk,False,True,146.0,0.298,25.0,17.12,18.0,12.33,0.847,0.17000000000000004,20.14,9.41,13.78,23.19,25.33,15.53,240.0,0.203,70.0,29.17,13.0,5.42,0.5569999999999999,0.0989999999999999,26.61,12.88,17.55,30.43,28.93,23.81,69.0,0.19,13.0,18.84,5.0,7.25,0.515,0.064,21.82,9.8,18.37,28.16,23.21,18.31,159.0,0.298,26.0,16.35,16.0,10.06,0.986,0.319,14.23,6.41,17.95,24.36,22.1,13.0
746868,2024-06-18,2024,656305,R,669713,R,force_out,False,False,223.0,0.194,56.0,25.11,19.0,8.52,0.597,0.129,26.56,12.08,19.48,31.56,26.38,19.65,471.0,0.223,139.0,29.51,52.0,11.04,0.722,0.179,31.15,13.33,17.79,31.11,18.61,21.72,94.0,0.233,22.0,23.4,8.0,8.51,0.751,0.22,25.6,12.11,17.18,29.3,32.28,21.36,221.0,0.202,57.0,25.79,16.0,7.24,0.617,0.1459999999999999,29.02,12.78,18.23,31.01,30.33,23.27
746868,2024-06-18,2024,624424,L,669713,R,walk,False,True,154.0,0.213,35.0,22.73,13.0,8.44,0.669,0.17700000000000002,24.47,11.42,16.89,28.31,27.92,19.66,368.0,0.245,77.0,20.92,50.0,13.59,0.753,0.155,23.68,10.56,15.02,25.57,23.23,16.81,69.0,0.19,13.0,18.84,5.0,7.25,0.515,0.064,21.82,9.8,18.37,28.16,23.21,18.31,159.0,0.298,26.0,16.35,16.0,10.06,0.986,0.319,14.23,6.41,17.95,24.36,22.1,13.0
746868,2024-06-18,2024,624585,R,669713,R,walk,False,True,175.0,0.216,38.0,21.71,18.0,10.29,0.665,0.15,28.62,13.36,15.02,28.38,27.32,21.23,446.0,0.242,111.0,24.89,46.0,10.31,0.788,0.22,27.97,12.22,16.15,28.37,25.71,21.19,94.0,0.233,22.0,23.4,8.0,8.51,0.751,0.22,25.6,12.11,17.18,29.3,32.28,21.36,221.0,0.202,57.0,25.79,16.0,7.24,0.617,0.1459999999999999,29.02,12.78,18.23,31.01,30.33,23.27
746868,2024-06-18,2024,573262,L,643410,R,strikeout,True,False,177.0,0.22,51.0,28.81,16.0,9.04,0.719,0.208,25.79,10.53,18.74,29.27,18.42,22.57,296.0,0.243,75.0,25.34,40.0,13.51,0.831,0.235,23.69,9.65,18.67,28.32,20.68,19.69,79.0,0.239,20.0,25.32,8.0,10.13,0.64,0.08500000000000002,33.81,15.67,14.33,30.0,33.51,24.39,182.0,0.185,58.0,31.87,18.0,9.89,0.567,0.1169999999999999,35.24,15.61,16.6,32.21,29.51,29.29
746868,2024-06-18,2024,642731,R,643410,R,hit_by_pitch,False,False,209.0,0.247,40.0,19.14,6.0,2.87,0.691,0.16199999999999998,19.33,9.49,19.53,29.02,35.18,19.7,380.0,0.276,84.0,22.11,15.0,3.95,0.767,0.172,21.44,11.24,17.01,28.25,38.17,20.1,45.0,0.22,19.0,42.22,3.0,6.67,0.582,0.07299999999999998,37.97,16.67,20.0,36.67,30.53,34.55,87.0,0.254,19.0,21.84,6.0,6.9,0.875,0.253,26.32,11.56,15.32,26.88,23.2,20.21
746868,2024-06-18,2024,670092,L,643410,R,strikeout,True,False,24.0,0.143,6.0,25.0,3.0,12.5,0.393,0.0,30.95,13.0,17.0,30.0,25.45,25.0,,,,,,,,,,,,,,,79.0,0.239,20.0,25.32,8.0,10.13,0.64,0.08500000000000002,33.81,15.67,14.33,30.0,33.51,24.39,182.0,0.185,58.0,31.87,18.0,9.89,0.567,0.1169999999999999,35.24,15.61,16.6,32.21,29.51,29.29
746868,2024-06-18,2024,665804,R,678495,R,field_out,False,False,120.0,0.206,26.0,21.67,9.0,7.5,0.563,0.07400000000000004,27.78,14.77,15.0,29.77,36.2,19.85,92.0,0.187,24.0,26.09,7.0,7.61,0.679,0.173,24.72,11.67,16.98,28.65,28.18,19.05,67.0,0.237,14.0,20.9,6.0,8.96,0.6759999999999999,0.136,25.83,12.86,14.94,27.8,29.17,23.73,,,,,,,,,,,,,,
746868,2024-06-18,2024,621550,R,678495,R,single,False,False,40.0,0.143,11.0,27.5,4.0,10.0,0.517,0.143,26.56,11.64,18.49,30.14,19.12,26.83,172.0,0.196,64.0,37.21,20.0,11.63,0.8049999999999999,0.311,34.35,16.0,14.32,30.32,24.49,24.24,67.0,0.237,14.0,20.9,6.0,8.96,0.6759999999999999,0.136,25.83,12.86,14.94,27.8,29.17,23.73,,,,,,,,,,,,,,
746868,2024-06-18,2024,666624,R,678495,R,field_out,False,False,229.0,0.197,53.0,23.14,25.0,10.92,0.6579999999999999,0.16699999999999998,30.66,14.05,14.27,28.32,25.16,21.03,329.0,0.247,105.0,31.91,27.0,8.21,0.798,0.239,38.21,19.07,13.74,32.81,29.43,27.56,67.0,0.237,14.0,20.9,6.0,8.96,0.6759999999999999,0.136,25.83,12.86,14.94,27.8,29.17,23.73,,,,,,,,,,,,,,
746868,2024-06-18,2024,641355,L,669062,L,walk,False,True,77.0,0.347,9.0,11.69,1.0,1.3,0.831,0.133,20.93,11.25,17.92,29.17,36.73,15.25,183.0,0.337,29.0,15.85,13.0,7.1,0.984,0.2589999999999999,20.0,9.84,17.49,27.32,33.33,11.98,51.0,0.146,19.0,37.25,9.0,17.65,0.509,0.049000000000000016,37.18,12.72,22.37,35.09,18.55,23.68,,,,,,,,,,,,,,
746868,2024-06-18,2024,673548,R,669062,L,double,False,False,58.0,0.235,11.0,18.97,7.0,12.07,0.759,0.196,21.05,8.33,21.25,29.58,17.86,14.29,168.0,0.306,28.0,16.67,18.0,10.71,0.852,0.1659999999999999,13.89,5.59,20.11,25.7,20.92,12.39,89.0,0.247,19.0,21.35,7.0,7.87,0.8089999999999999,0.259,28.57,13.61,14.92,28.53,25.27,14.62,,,,,,,,,,,,,,
746868,2024-06-18,2024,664023,R,669062,L,home_run,False,False,67.0,0.25,14.0,20.9,5.0,7.46,0.768,0.2,29.1,15.29,13.33,28.63,27.12,16.28,191.0,0.225,44.0,23.04,19.0,9.95,0.694,0.16,24.04,11.18,15.63,26.81,29.29,17.32,89.0,0.247,19.0,21.35,7.0,7.87,0.8089999999999999,0.259,28.57,13.61,14.92,28.53,25.27,14.62,,,,,,,,,,,,,,
746868,2024-06-18,2024,663538,R,669062,L,field_out,False,False,50.0,0.273,5.0,10.0,5.0,10.0,0.7010000000000001,0.068,14.81,6.98,18.02,25.0,33.33,12.5,180.0,0.306,20.0,11.11,9.0,5.0,0.756,0.1059999999999999,10.25,4.9,18.57,23.48,32.13,11.7,89.0,0.247,19.0,21.35,7.0,7.87,0.8089999999999999,0.259,28.57,13.61,14.92,28.53,25.27,14.62,,,,,,,,,,,,,,
746868,2024-06-18,2024,689172,L,643410,R,field_out,False,False,60.0,0.211,13.0,21.67,2.0,3.33,0.531,0.087,20.54,10.22,19.11,29.33,37.14,18.84,106.0,0.155,30.0,28.3,8.0,7.55,0.4639999999999999,0.092,28.32,14.65,14.19,28.83,32.6,19.86,79.0,0.239,20.0,25.32,8.0,10.13,0.64,0.08500000000000002,33.81,15.67,14.33,30.0,33.51,24.39,182.0,0.185,58.0,31.87,18.0,9.89,0.567,0.1169999999999999,35.24,15.61,16.6,32.21,29.51,29.29
746868,2024-06-18,2024,671218,R,643410,R,field_out,False,False,112.0,0.295,37.0,33.04,7.0,6.25,0.777,0.14300000000000002,35.0,15.84,16.97,32.81,26.81,29.6,14.0,0.154,4.0,28.57,1.0,7.14,0.368,0.0,30.43,14.58,18.75,33.33,26.09,50.0,45.0,0.22,19.0,42.22,3.0,6.67,0.582,0.07299999999999998,37.97,16.67,20.0,36.67,30.53,34.55,87.0,0.254,19.0,21.84,6.0,6.9,0.875,0.253,26.32,11.56,15.32,26.88,23.2,20.21
746868,2024-06-18,2024,672275,L,643410,R,home_run,False,False,146.0,0.298,25.0,17.12,18.0,12.33,0.847,0.17000000000000004,20.14,9.41,13.78,23.19,25.33,15.53,240.0,0.203,70.0,29.17,13.0,5.42,0.5569999999999999,0.0989999999999999,26.61,12.88,17.55,30.43,28.93,23.81,79.0,0.239,20.0,25.32,8.0,10.13,0.64,0.08500000000000002,33.81,15.67,14.33,30.0,33.51,24.39,182.0,0.185,58.0,31.87,18.0,9.89,0.567,0.1169999999999999,35.24,15.61,16.6,32.21,29.51,29.29
746868,2024-06-18,2024,656305,R,643410,R,strikeout,True,False,223.0,0.194,56.0,25.11,19.0,8.52,0.597,0.129,26.56,12.08,19.48,31.56,26.38,19.65,471.0,0.223,139.0,29.51,52.0,11.04,0.722,0.179,31.15,13.33,17.79,31.11,18.61,21.72,45.0,0.22,19.0,42.22,3.0,6.67,0.582,0.07299999999999998,37.97,16.67,20.0,36.67,30.53,34.55,87.0,0.254,19.0,21.84,6.0,6.9,0.875,0.253,26.32,11.56,15.32,26.88,23.2,20.21
746868,2024-06-18,2024,683737,L,669062,L,field_out,False,False,27.0,0.28,6.0,22.22,2.0,7.41,0.7330000000000001,0.12,21.82,10.43,16.52,26.96,24.56,15.0,15.0,0.2,6.0,40.0,0.0,0.0,0.467,0.067,32.14,14.06,18.75,32.81,34.21,31.58,51.0,0.146,19.0,37.25,9.0,17.65,0.509,0.049000000000000016,37.18,12.72,22.37,35.09,18.55,23.68,,,,,,,,,,,,,,
746868,2024-06-18,2024,621020,R,669062,L,field_out,False,False,50.0,0.233,10.0,20.0,6.0,12.0,0.782,0.209,25.88,11.46,12.5,23.96,19.59,22.73,161.0,0.245,43.0,26.71,17.0,10.56,0.771,0.203,30.48,14.79,13.87,28.66,24.48,20.28,89.0,0.247,19.0,21.35,7.0,7.87,0.8089999999999999,0.259,28.57,13.61,14.92,28.53,25.27,14.62,,,,,,,,,,,,,,
746868,2024-06-18,2024,665804,R,669062,L,field_out,False,False,42.0,0.128,8.0,19.05,1.0,2.38,0.377,0.10300000000000001,16.88,8.84,15.65,24.49,26.87,19.05,64.0,0.25,16.0,25.0,5.0,7.81,0.701,0.1069999999999999,31.53,14.11,18.55,32.66,28.79,20.0,89.0,0.247,19.0,21.35,7.0,7.87,0.8089999999999999,0.259,28.57,13.61,14.92,28.53,25.27,14.62,,,,,,,,,,,,,,
746868,2024-06-18,2024,624424,L,593576,R,field_out,False,False,154.0,0.213,35.0,22.73,13.0,8.44,0.669,0.17700000000000002,24.47,11.42,16.89,28.31,27.92,19.66,368.0,0.245,77.0,20.92,50.0,13.59,0.753,0.155,23.68,10.56,15.02,25.57,23.23,16.81,57.0,0.214,11.0,19.3,15.0,26.32,0.754,0.11900000000000002,25.23,10.84,10.44,21.29,23.72,17.74,115.0,0.163,32.0,27.83,15.0,13.04,0.517,0.0819999999999999,34.19,16.91,12.68,29.6,31.32,21.92
746868,2024-06-18,2024,624585,R,593576,R,catcher_interf,False,False,175.0,0.216,38.0,21.71,18.0,10.29,0.665,0.15,28.62,13.36,15.02,28.38,27.32,21.23,446.0,0.242,111.0,24.89,46.0,10.31,0.788,0.22,27.97,12.22,16.15,28.37,25.71,21.19,64.0,0.268,13.0,20.31,5.0,7.81,0.821,0.21399999999999997,17.83,9.13,13.49,22.62,31.2,17.81,158.0,0.181,45.0,28.48,16.0,10.13,0.6060000000000001,0.145,27.9,14.33,15.14,29.47,31.82,22.39
746868,2024-06-18,2024,573262,L,593576,R,walk,False,True,177.0,0.22,51.0,28.81,16.0,9.04,0.719,0.208,25.79,10.53,18.74,29.27,18.42,22.57,296.0,0.243,75.0,25.34,40.0,13.51,0.831,0.235,23.69,9.65,18.67,28.32,20.68,19.69,57.0,0.214,11.0,19.3,15.0,26.32,0.754,0.11900000000000002,25.23,10.84,10.44,21.29,23.72,17.74,115.0,0.163,32.0,27.83,15.0,13.04,0.517,0.0819999999999999,34.19,16.91,12.68,29.6,31.32,21.92
746868,2024-06-18,2024,642731,R,593576,R,home_run,False,False,209.0,0.247,40.0,19.14,6.0,2.87,0.691,0.16199999999999998,19.33,9.49,19.53,29.02,35.18,19.7,380.0,0.276,84.0,22.11,15.0,3.95,0.767,0.172,21.44,11.24,17.01,28.25,38.17,20.1,64.0,0.268,13.0,20.31,5.0,7.81,0.821,0.21399999999999997,17.83,9.13,13.49,22.62,31.2,17.81,158.0,0.181,45.0,28.48,16.0,10.13,0.6060000000000001,0.145,27.9,14.33,15.14,29.47,31.82,22.39
746868,2024-06-18,2024,670092,L,593576,R,field_out,False,False,24.0,0.143,6.0,25.0,3.0,12.5,0.393,0.0,30.95,13.0,17.0,30.0,25.45,25.0,,,,,,,,,,,,,,,57.0,0.214,11.0,19.3,15.0,26.32,0.754,0.11900000000000002,25.23,10.84,10.44,21.29,23.72,17.74,115.0,0.163,32.0,27.83,15.0,13.04,0.517,0.0819999999999999,34.19,16.91,12.68,29.6,31.32,21.92
746868,2024-06-18,2024,689172,L,593576,R,field_out,False,False,60.0,0.211,13.0,21.67,2.0,3.33,0.531,0.087,20.54,10.22,19.11,29.33,37.14,18.84,106.0,0.155,30.0,28.3,8.0,7.55,0.4639999999999999,0.092,28.32,14.65,14.19,28.83,32.6,19.86,57.0,0.214,11.0,19.3,15.0,26.32,0.754,0.11900000000000002,25.23,10.84,10.44,21.29,23.72,17.74,115.0,0.163,32.0,27.83,15.0,13.04,0.517,0.0819999999999999,34.19,16.91,12.68,29.6,31.32,21.92
746868,2024-06-18,2024,621550,R,666808,R,field_out,False,False,40.0,0.143,11.0,27.5,4.0,10.0,0.517,0.143,26.56,11.64,18.49,30.14,19.12,26.83,172.0,0.196,64.0,37.21,20.0,11.63,0.8049999999999999,0.311,34.35,16.0,14.32,30.32,24.49,24.24,69.0,0.175,19.0,27.54,11.0,15.94,0.602,0.123,35.51,17.19,15.09,32.28,30.46,22.35,136.0,0.244,44.0,32.35,8.0,5.88,0.594,0.0409999999999999,35.9,16.28,17.05,33.33,26.79,34.38
746868,2024-06-18,2024,623520,R,666808,R,strikeout,True,False,7.0,0.429,3.0,42.86,0.0,0.0,0.858,0.0,38.46,20.83,16.67,37.5,22.22,50.0,,,,,,,,,,,,,,,69.0,0.175,19.0,27.54,11.0,15.94,0.602,0.123,35.51,17.19,15.09,32.28,30.46,22.35,136.0,0.244,44.0,32.35,8.0,5.88,0.594,0.0409999999999999,35.9,16.28,17.05,33.33,26.79,34.38
746868,2024-06-18,2024,641355,L,666808,R,field_out,False,False,182.0,0.217,33.0,18.13,18.0,9.89,0.712,0.19299999999999998,25.68,12.82,13.27,26.09,32.72,19.53,373.0,0.291,58.0,15.55,27.0,7.24,0.829,0.198,20.08,10.01,15.91,25.92,29.71,13.74,66.0,0.304,17.0,25.76,10.0,15.15,0.909,0.196,33.33,14.24,17.01,31.25,27.1,22.67,147.0,0.174,43.0,29.25,18.0,12.24,0.588,0.1149999999999999,31.29,14.99,14.68,29.68,31.58,19.72
745005,2024-06-18,2024,596019,L,592351,R,single,False,False,243.0,0.231,45.0,18.52,19.0,7.82,0.709,0.17599999999999996,23.27,11.23,15.55,26.78,25.23,17.18,483.0,0.242,102.0,21.12,51.0,10.56,0.757,0.182,23.68,11.49,14.35,25.84,28.12,17.29,137.0,0.283,30.0,21.9,16.0,11.68,0.8320000000000001,0.18400000000000005,21.14,9.54,15.96,25.5,22.56,19.35,335.0,0.25,69.0,20.6,35.0,10.45,0.753,0.1709999999999999,23.27,11.0,15.21,26.21,28.53,18.96
745005,2024-06-18,2024,607043,L,592351,R,field_out,False,False,218.0,0.242,54.0,24.77,33.0,15.14,0.774,0.15700000000000003,23.8,9.78,17.07,26.85,20.25,17.76,448.0,0.266,98.0,21.88,60.0,13.39,0.874,0.235,20.87,8.67,19.47,28.14,19.23,16.42,137.0,0.283,30.0,21.9,16.0,11.68,0.8320000000000001,0.18400000000000005,21.14,9.54,15.96,25.5,22.56,19.35,335.0,0.25,69.0,20.6,35.0,10.45,0.753,0.1709999999999999,23.27,11.0,15.21,26.21,28.53,18.96
745005,2024-06-18,2024,502110,R,592351,R,single,False,False,131.0,0.273,39.0,29.77,9.0,6.87,0.8109999999999999,0.21499999999999997,29.5,15.19,14.44,29.63,32.59,20.53,343.0,0.27,106.0,30.9,21.0,6.12,0.8799999999999999,0.2979999999999999,35.71,19.2,12.73,31.93,33.23,24.42,142.0,0.239,35.0,24.65,3.0,2.11,0.5589999999999999,0.065,31.86,17.74,13.96,31.7,39.77,20.47,324.0,0.262,73.0,22.53,19.0,5.86,0.6970000000000001,0.1169999999999999,29.56,16.06,15.52,31.58,36.67,22.88
745005,2024-06-18,2024,624413,R,592351,R,single,False,False,230.0,0.252,46.0,20.0,20.0,8.7,0.789,0.21400000000000002,22.92,10.39,19.06,29.45,29.53,17.93,475.0,0.214,109.0,22.95,44.0,9.26,0.8069999999999999,0.281,26.53,11.43,18.24,29.67,27.59,22.11,142.0,0.239,35.0,24.65,3.0,2.11,0.5589999999999999,0.065,31.86,17.74,13.96,31.7,39.77,20.47,324.0,0.262,73.0,22.53,19.0,5.86,0.6970000000000001,0.1169999999999999,29.56,16.06,15.52,31.58,36.67,22.88
745005,2024-06-18,2024,621466,L,592351,R,field_out,False,False,130.0,0.2,29.0,22.31,21.0,16.15,0.727,0.181,29.72,12.19,16.05,28.24,14.23,20.57,136.0,0.273,43.0,31.62,10.0,7.35,0.92,0.3059999999999999,35.89,18.63,10.49,29.11,25.44,24.85,137.0,0.283,30.0,21.9,16.0,11.68,0.8320000000000001,0.18400000000000005,21.14,9.54,15.96,25.5,22.56,19.35,335.0,0.25,69.0,20.6,35.0,10.45,0.753,0.1709999999999999,23.27,11.0,15.21,26.21,28.53,18.96
745005,2024-06-18,2024,621438,R,592351,R,force_out,False,False,93.0,0.25,19.0,20.43,5.0,5.38,0.6970000000000001,0.14300000000000002,20.11,9.75,19.22,28.97,29.82,16.96,162.0,0.23,37.0,22.84,6.0,3.7,0.706,0.204,25.24,12.91,16.56,29.47,36.98,19.47,142.0,0.239,35.0,24.65,3.0,2.11,0.5589999999999999,0.065,31.86,17.74,13.96,31.7,39.77,20.47,324.0,0.262,73.0,22.53,19.0,5.86,0.6970000000000001,0.1169999999999999,29.56,16.06,15.52,31.58,36.67,22.88
745005,2024-06-18,2024,543760,R,656849,L,field_out,False,False,96.0,0.333,13.0,13.54,9.0,9.38,0.959,0.22999999999999993,18.4,8.43,14.89,23.31,22.58,15.48,210.0,0.283,33.0,15.71,20.0,9.52,0.8009999999999999,0.156,18.13,8.56,14.97,23.53,20.61,16.58,74.0,0.262,7.0,9.46,8.0,10.81,0.7969999999999999,0.184,16.43,8.13,14.49,22.61,29.93,8.54,377.0,0.288,93.0,24.67,41.0,10.88,0.823,0.163,29.54,13.33,15.47,28.8,29.06,23.19
745005,2024-06-18,2024,608369,L,656849,L,single,False,False,88.0,0.253,26.0,29.55,1.0,1.14,0.64,0.126,26.79,15.05,11.71,26.76,29.55,35.62,166.0,0.314,33.0,19.88,7.0,4.22,0.881,0.218,27.65,15.41,9.68,25.09,30.66,22.92,24.0,0.304,5.0,20.83,0.0,0.0,0.637,0.0,21.05,11.76,16.18,27.94,42.42,29.41,117.0,0.283,35.0,29.91,9.0,7.69,0.822,0.189,29.73,14.07,18.12,32.2,29.33,24.31
745005,2024-06-18,2024,543257,R,656849,L,force_out,False,False,58.0,0.298,9.0,15.52,10.0,17.24,0.84,0.128,18.18,6.43,23.29,29.72,19.7,12.33,137.0,0.309,32.0,23.36,23.0,16.79,0.952,0.227,18.93,6.53,22.61,29.15,11.97,17.49,74.0,0.262,7.0,9.46,8.0,10.81,0.7969999999999999,0.184,16.43,8.13,14.49,22.61,29.93,8.54,377.0,0.288,93.0,24.67,41.0,10.88,0.823,0.163,29.54,13.33,15.47,28.8,29.06,23.19
745005,2024-06-18,2024,666969,R,656849,L,strikeout,True,False,90.0,0.241,26.0,28.89,7.0,7.78,0.743,0.202,28.04,16.31,9.23,25.54,34.19,27.66,152.0,0.244,37.0,24.34,24.0,15.79,0.866,0.26,31.62,13.61,14.56,28.16,22.03,21.26,74.0,0.262,7.0,9.46,8.0,10.81,0.7969999999999999,0.184,16.43,8.13,14.49,22.61,29.93,8.54,377.0,0.288,93.0,24.67,41.0,10.88,0.823,0.163,29.54,13.33,15.47,28.8,29.06,23.19
745005,2024-06-18,2024,668901,R,592351,R,single,False,False,60.0,0.241,14.0,23.33,5.0,8.33,0.6699999999999999,0.129,34.48,17.86,14.73,32.59,32.73,20.9,145.0,0.209,41.0,28.28,8.0,5.52,0.643,0.172,34.08,18.24,17.03,35.27,36.73,29.93,142.0,0.239,35.0,24.65,3.0,2.11,0.5589999999999999,0.065,31.86,17.74,13.96,31.7,39.77,20.47,324.0,0.262,73.0,22.53,19.0,5.86,0.6970000000000001,0.1169999999999999,29.56,16.06,15.52,31.58,36.67,22.88
745005,2024-06-18,2024,682626,R,592351,R,strikeout,True,False,53.0,0.231,14.0,26.42,1.0,1.89,0.5529999999999999,0.07699999999999999,35.78,20.97,15.59,36.56,41.98,22.22,275.0,0.229,73.0,26.55,17.0,6.18,0.7769999999999999,0.257,32.18,14.61,18.33,32.94,27.78,26.07,142.0,0.239,35.0,24.65,3.0,2.11,0.5589999999999999,0.065,31.86,17.74,13.96,31.7,39.77,20.47,324.0,0.262,73.0,22.53,19.0,5.86,0.6970000000000001,0.1169999999999999,29.56,16.06,15.52,31.58,36.67,22.88
745005,2024-06-18,2024,643446,L,592351,R,single,False,False,176.0,0.21,19.0,10.8,16.0,9.09,0.597,0.096,13.25,6.81,14.1,20.91,28.08,11.66,447.0,0.26,48.0,10.74,25.0,5.59,0.6930000000000001,0.1149999999999999,14.08,7.59,11.21,18.8,32.05,12.57,137.0,0.283,30.0,21.9,16.0,11.68,0.8320000000000001,0.18400000000000005,21.14,9.54,15.96,25.5,22.56,19.35,335.0,0.25,69.0,20.6,35.0,10.45,0.753,0.1709999999999999,23.27,11.0,15.21,26.21,28.53,18.96
745005,2024-06-18,2024,596019,L,592351,R,single,False,False,243.0,0.231,45.0,18.52,19.0,7.82,0.709,0.17599999999999996,23.27,11.23,15.55,26.78,25.23,17.18,483.0,0.242,102.0,21.12,51.0,10.56,0.757,0.182,23.68,11.49,14.35,25.84,28.12,17.29,137.0,0.283,30.0,21.9,16.0,11.68,0.8320000000000001,0.18400000000000005,21.14,9.54,15.96,25.5,22.56,19.35,335.0,0.25,69.0,20.6,35.0,10.45,0.753,0.1709999999999999,23.27,11.0,15.21,26.21,28.53,18.96
745005,2024-06-18,2024,607043,L,592351,R,single,False,False,218.0,0.242,54.0,24.77,33.0,15.14,0.774,0.15700000000000003,23.8,9.78,17.07,26.85,20.25,17.76,448.0,0.266,98.0,21.88,60.0,13.39,0.874,0.235,20.87,8.67,19.47,28.14,19.23,16.42,137.0,0.283,30.0,21.9,16.0,11.68,0.8320000000000001,0.18400000000000005,21.14,9.54,15.96,25.5,22.56,19.35,335.0,0.25,69.0,20.6,35.0,10.45,0.753,0.1709999999999999,23.27,11.0,15.21,26.21,28.53,18.96
745005,2024-06-18,2024,502110,R,592351,R,field_out,False,False,131.0,0.273,39.0,29.77,9.0,6.87,0.8109999999999999,0.21499999999999997,29.5,15.19,14.44,29.63,32.59,20.53,343.0,0.27,106.0,30.9,21.0,6.12,0.8799999999999999,0.2979999999999999,35.71,19.2,12.73,31.93,33.23,24.42,142.0,0.239,35.0,24.65,3.0,2.11,0.5589999999999999,0.065,31.86,17.74,13.96,31.7,39.77,20.47,324.0,0.262,73.0,22.53,19.0,5.86,0.6970000000000001,0.1169999999999999,29.56,16.06,15.52,31.58,36.67,22.88
745005,2024-06-18,2024,624413,R,592351,R,single,False,False,230.0,0.252,46.0,20.0,20.0,8.7,0.789,0.21400000000000002,22.92,10.39,19.06,29.45,29.53,17.93,475.0,0.214,109.0,22.95,44.0,9.26,0.8069999999999999,0.281,26.53,11.43,18.24,29.67,27.59,22.11,142.0,0.239,35.0,24.65,3.0,2.11,0.5589999999999999,0.065,31.86,17.74,13.96,31.7,39.77,20.47,324.0,0.262,73.0,22.53,19.0,5.86,0.6970000000000001,0.1169999999999999,29.56,16.06,15.52,31.58,36.67,22.88
745005,2024-06-18,2024,621466,L,592351,R,home_run,False,False,130.0,0.2,29.0,22.31,21.0,16.15,0.727,0.181,29.72,12.19,16.05,28.24,14.23,20.57,136.0,0.273,43.0,31.62,10.0,7.35,0.92,0.3059999999999999,35.89,18.63,10.49,29.11,25.44,24.85,137.0,0.283,30.0,21.9,16.0,11.68,0.8320000000000001,0.18400000000000005,21.14,9.54,15.96,25.5,22.56,19.35,335.0,0.25,69.0,20.6,35.0,10.45,0.753,0.1709999999999999,23.27,11.0,15.21,26.21,28.53,18.96
745005,2024-06-18,2024,621438,R,592351,R,field_out,False,False,93.0,0.25,19.0,20.43,5.0,5.38,0.6970000000000001,0.14300000000000002,20.11,9.75,19.22,28.97,29.82,16.96,162.0,0.23,37.0,22.84,6.0,3.7,0.706,0.204,25.24,12.91,16.56,29.47,36.98,19.47,142.0,0.239,35.0,24.65,3.0,2.11,0.5589999999999999,0.065,31.86,17.74,13.96,31.7,39.77,20.47,324.0,0.262,73.0,22.53,19.0,5.86,0.6970000000000001,0.1169999999999999,29.56,16.06,15.52,31.58,36.67,22.88
745005,2024-06-18,2024,694671,R,656849,L,field_out,False,False,48.0,0.214,14.0,29.17,5.0,10.42,0.673,0.167,29.41,11.74,20.19,31.92,23.42,20.0,,,,,,,,,,,,,,,74.0,0.262,7.0,9.46,8.0,10.81,0.7969999999999999,0.184,16.43,8.13,14.49,22.61,29.93,8.54,377.0,0.288,93.0,24.67,41.0,10.88,0.823,0.163,29.54,13.33,15.47,28.8,29.06,23.19
745005,2024-06-18,2024,663993,L,656849,L,strikeout,True,False,67.0,0.263,17.0,25.37,9.0,13.43,0.6559999999999999,0.034999999999999976,17.6,7.1,21.94,29.03,21.23,14.53,219.0,0.223,52.0,23.74,24.0,10.96,0.643,0.109,22.66,9.89,18.18,28.07,24.2,19.48,24.0,0.304,5.0,20.83,0.0,0.0,0.637,0.0,21.05,11.76,16.18,27.94,42.42,29.41,117.0,0.283,35.0,29.91,9.0,7.69,0.822,0.189,29.73,14.07,18.12,32.2,29.33,24.31
745005,2024-06-18,2024,677649,R,656849,L,single,False,False,67.0,0.262,14.0,20.9,5.0,7.46,0.608,0.032999999999999974,23.66,12.81,14.88,27.69,38.84,21.21,132.0,0.273,34.0,25.76,10.0,7.58,0.837,0.2309999999999999,27.68,14.45,13.29,27.75,34.33,21.12,74.0,0.262,7.0,9.46,8.0,10.81,0.7969999999999999,0.184,16.43,8.13,14.49,22.61,29.93,8.54,377.0,0.288,93.0,24.67,41.0,10.88,0.823,0.163,29.54,13.33,15.47,28.8,29.06,23.19
745005,2024-06-18,2024,669087,R,656849,L,strikeout,True,False,2.0,0.0,1.0,50.0,1.0,50.0,0.5,0.0,20.0,9.09,9.09,18.18,16.67,16.67,23.0,0.273,10.0,43.48,1.0,4.35,0.804,0.2269999999999999,46.94,28.05,10.98,39.02,42.86,31.25,74.0,0.262,7.0,9.46,8.0,10.81,0.7969999999999999,0.184,16.43,8.13,14.49,22.61,29.93,8.54,377.0,0.288,93.0,24.67,41.0,10.88,0.823,0.163,29.54,13.33,15.47,28.8,29.06,23.19
745005,2024-06-18,2024,668901,R,592351,R,field_out,False,False,60.0,0.241,14.0,23.33,5.0,8.33,0.6699999999999999,0.129,34.48,17.86,14.73,32.59,32.73,20.9,145.0,0.209,41.0,28.28,8.0,5.52,0.643,0.172,34.08,18.24,17.03,35.27,36.73,29.93,142.0,0.239,35.0,24.65,3.0,2.11,0.5589999999999999,0.065,31.86,17.74,13.96,31.7,39.77,20.47,324.0,0.262,73.0,22.53,19.0,5.86,0.6970000000000001,0.1169999999999999,29.56,16.06,15.52,31.58,36.67,22.88
745005,2024-06-18,2024,682626,R,592351,R,field_out,False,False,53.0,0.231,14.0,26.42,1.0,1.89,0.5529999999999999,0.07699999999999999,35.78,20.97,15.59,36.56,41.98,22.22,275.0,0.229,73.0,26.55,17.0,6.18,0.7769999999999999,0.257,32.18,14.61,18.33,32.94,27.78,26.07,142.0,0.239,35.0,24.65,3.0,2.11,0.5589999999999999,0.065,31.86,17.74,13.96,31.7,39.77,20.47,324.0,0.262,73.0,22.53,19.0,5.86,0.6970000000000001,0.1169999999999999,29.56,16.06,15.52,31.58,36.67,22.88
745005,2024-06-18,2024,643446,L,592351,R,strikeout,True,False,176.0,0.21,19.0,10.8,16.0,9.09,0.597,0.096,13.25,6.81,14.1,20.91,28.08,11.66,447.0,0.26,48.0,10.74,25.0,5.59,0.6930000000000001,0.1149999999999999,14.08,7.59,11.21,18.8,32.05,12.57,137.0,0.283,30.0,21.9,16.0,11.68,0.8320000000000001,0.18400000000000005,21.14,9.54,15.96,25.5,22.56,19.35,335.0,0.25,69.0,20.6,35.0,10.45,0.753,0.1709999999999999,23.27,11.0,15.21,26.21,28.53,18.96
745005,2024-06-18,2024,665750,R,656849,L,strikeout,True,False,79.0,0.186,16.0,20.25,8.0,10.13,0.526,0.07100000000000001,29.92,12.88,14.92,27.8,20.25,22.22,150.0,0.241,31.0,20.67,10.0,6.67,0.638,0.102,22.26,10.54,15.89,26.42,25.0,19.38,74.0,0.262,7.0,9.46,8.0,10.81,0.7969999999999999,0.184,16.43,8.13,14.49,22.61,29.93,8.54,377.0,0.288,93.0,24.67,41.0,10.88,0.823,0.163,29.54,13.33,15.47,28.8,29.06,23.19
745005,2024-06-18,2024,543760,R,656849,L,walk,False,True,96.0,0.333,13.0,13.54,9.0,9.38,0.959,0.22999999999999993,18.4,8.43,14.89,23.31,22.58,15.48,210.0,0.283,33.0,15.71,20.0,9.52,0.8009999999999999,0.156,18.13,8.56,14.97,23.53,20.61,16.58,74.0,0.262,7.0,9.46,8.0,10.81,0.7969999999999999,0.184,16.43,8.13,14.49,22.61,29.93,8.54,377.0,0.288,93.0,24.67,41.0,10.88,0.823,0.163,29.54,13.33,15.47,28.8,29.06,23.19
745005,2024-06-18,2024,608369,L,656849,L,strikeout,True,False,88.0,0.253,26.0,29.55,1.0,1.14,0.64,0.126,26.79,15.05,11.71,26.76,29.55,35.62,166.0,0.314,33.0,19.88,7.0,4.22,0.881,0.218,27.65,15.41,9.68,25.09,30.66,22.92,24.0,0.304,5.0,20.83,0.0,0.0,0.637,0.0,21.05,11.76,16.18,27.94,42.42,29.41,117.0,0.283,35.0,29.91,9.0,7.69,0.822,0.189,29.73,14.07,18.12,32.2,29.33,24.31
745005,2024-06-18,2024,543257,R,656849,L,home_run,False,False,58.0,0.298,9.0,15.52,10.0,17.24,0.84,0.128,18.18,6.43,23.29,29.72,19.7,12.33,137.0,0.309,32.0,23.36,23.0,16.79,0.952,0.227,18.93,6.53,22.61,29.15,11.97,17.49,74.0,0.262,7.0,9.46,8.0,10.81,0.7969999999999999,0.184,16.43,8.13,14.49,22.61,29.93,8.54,377.0,0.288,93.0,24.67,41.0,10.88,0.823,0.163,29.54,13.33,15.47,28.8,29.06,23.19
745005,2024-06-18,2024,666969,R,656849,L,field_out,False,False,90.0,0.241,26.0,28.89,7.0,7.78,0.743,0.202,28.04,16.31,9.23,25.54,34.19,27.66,152.0,0.244,37.0,24.34,24.0,15.79,0.866,0.26,31.62,13.61,14.56,28.16,22.03,21.26,74.0,0.262,7.0,9.46,8.0,10.81,0.7969999999999999,0.184,16.43,8.13,14.49,22.61,29.93,8.54,377.0,0.288,93.0,24.67,41.0,10.88,0.823,0.163,29.54,13.33,15.47,28.8,29.06,23.19
745005,2024-06-18,2024,596019,L,592351,R,single,False,False,243.0,0.231,45.0,18.52,19.0,7.82,0.709,0.17599999999999996,23.27,11.23,15.55,26.78,25.23,17.18,483.0,0.242,102.0,21.12,51.0,10.56,0.757,0.182,23.68,11.49,14.35,25.84,28.12,17.29,137.0,0.283,30.0,21.9,16.0,11.68,0.8320000000000001,0.18400000000000005,21.14,9.54,15.96,25.5,22.56,19.35,335.0,0.25,69.0,20.6,35.0,10.45,0.753,0.1709999999999999,23.27,11.0,15.21,26.21,28.53,18.96
745005,2024-06-18,2024,607043,L,592351,R,home_run,False,False,218.0,0.242,54.0,24.77,33.0,15.14,0.774,0.15700000000000003,23.8,9.78,17.07,26.85,20.25,17.76,448.0,0.266,98.0,21.88,60.0,13.39,0.874,0.235,20.87,8.67,19.47,28.14,19.23,16.42,137.0,0.283,30.0,21.9,16.0,11.68,0.8320000000000001,0.18400000000000005,21.14,9.54,15.96,25.5,22.56,19.35,335.0,0.25,69.0,20.6,35.0,10.45,0.753,0.1709999999999999,23.27,11.0,15.21,26.21,28.53,18.96
745005,2024-06-18,2024,502110,R,642546,R,strikeout,True,False,131.0,0.273,39.0,29.77,9.0,6.87,0.8109999999999999,0.21499999999999997,29.5,15.19,14.44,29.63,32.59,20.53,343.0,0.27,106.0,30.9,21.0,6.12,0.8799999999999999,0.2979999999999999,35.71,19.2,12.73,31.93,33.23,24.42,64.0,0.226,15.0,23.44,11.0,17.19,0.6799999999999999,0.095,32.8,14.96,13.87,28.83,29.19,16.85,92.0,0.329,22.0,23.91,9.0,9.78,0.934,0.203,29.73,12.83,19.24,32.07,27.13,23.91
745005,2024-06-18,2024,624413,R,642546,R,single,False,False,230.0,0.252,46.0,20.0,20.0,8.7,0.789,0.21400000000000002,22.92,10.39,19.06,29.45,29.53,17.93,475.0,0.214,109.0,22.95,44.0,9.26,0.8069999999999999,0.281,26.53,11.43,18.24,29.67,27.59,22.11,64.0,0.226,15.0,23.44,11.0,17.19,0.6799999999999999,0.095,32.8,14.96,13.87,28.83,29.19,16.85,92.0,0.329,22.0,23.91,9.0,9.78,0.934,0.203,29.73,12.83,19.24,32.07,27.13,23.91
745005,2024-06-18,2024,621466,L,642546,R,strikeout,True,False,130.0,0.2,29.0,22.31,21.0,16.15,0.727,0.181,29.72,12.19,16.05,28.24,14.23,20.57,136.0,0.273,43.0,31.62,10.0,7.35,0.92,0.3059999999999999,35.89,18.63,10.49,29.11,25.44,24.85,48.0,0.3,11.0,22.92,8.0,16.67,0.917,0.2,33.72,15.68,15.68,31.35,32.41,20.37,55.0,0.196,12.0,21.82,6.0,10.91,0.5760000000000001,0.065,30.53,13.55,14.49,28.04,29.31,20.69
745005,2024-06-18,2024,621438,R,642546,R,strikeout,True,False,93.0,0.25,19.0,20.43,5.0,5.38,0.6970000000000001,0.14300000000000002,20.11,9.75,19.22,28.97,29.82,16.96,162.0,0.23,37.0,22.84,6.0,3.7,0.706,0.204,25.24,12.91,16.56,29.47,36.98,19.47,64.0,0.226,15.0,23.44,11.0,17.19,0.6799999999999999,0.095,32.8,14.96,13.87,28.83,29.19,16.85,92.0,0.329,22.0,23.91,9.0,9.78,0.934,0.203,29.73,12.83,19.24,32.07,27.13,23.91
745005,2024-06-18,2024,694671,R,656849,L,strikeout,True,False,48.0,0.214,14.0,29.17,5.0,10.42,0.673,0.167,29.41,11.74,20.19,31.92,23.42,20.0,,,,,,,,,,,,,,,74.0,0.262,7.0,9.46,8.0,10.81,0.7969999999999999,0.184,16.43,8.13,14.49,22.61,29.93,8.54,377.0,0.288,93.0,24.67,41.0,10.88,0.823,0.163,29.54,13.33,15.47,28.8,29.06,23.19
745005,2024-06-18,2024,663993,L,656849,L,field_out,False,False,67.0,0.263,17.0,25.37,9.0,13.43,0.6559999999999999,0.034999999999999976,17.6,7.1,21.94,29.03,21.23,14.53,219.0,0.223,52.0,23.74,24.0,10.96,0.643,0.109,22.66,9.89,18.18,28.07,24.2,19.48,24.0,0.304,5.0,20.83,0.0,0.0,0.637,0.0,21.05,11.76,16.18,27.94,42.42,29.41,117.0,0.283,35.0,29.91,9.0,7.69,0.822,0.189,29.73,14.07,18.12,32.2,29.33,24.31
745005,2024-06-18,2024,677649,R,656849,L,field_out,False,False,67.0,0.262,14.0,20.9,5.0,7.46,0.608,0.032999999999999974,23.66,12.81,14.88,27.69,38.84,21.21,132.0,0.273,34.0,25.76,10.0,7.58,0.837,0.2309999999999999,27.68,14.45,13.29,27.75,34.33,21.12,74.0,0.262,7.0,9.46,8.0,10.81,0.7969999999999999,0.184,16.43,8.13,14.49,22.61,29.93,8.54,377.0,0.288,93.0,24.67,41.0,10.88,0.823,0.163,29.54,13.33,15.47,28.8,29.06,23.19
745005,2024-06-18,2024,668901,R,642546,R,field_out,False,False,60.0,0.241,14.0,23.33,5.0,8.33,0.6699999999999999,0.129,34.48,17.86,14.73,32.59,32.73,20.9,145.0,0.209,41.0,28.28,8.0,5.52,0.643,0.172,34.08,18.24,17.03,35.27,36.73,29.93,64.0,0.226,15.0,23.44,11.0,17.19,0.6799999999999999,0.095,32.8,14.96,13.87,28.83,29.19,16.85,92.0,0.329,22.0,23.91,9.0,9.78,0.934,0.203,29.73,12.83,19.24,32.07,27.13,23.91
745005,2024-06-18,2024,682626,R,642546,R,single,False,False,53.0,0.231,14.0,26.42,1.0,1.89,0.5529999999999999,0.07699999999999999,35.78,20.97,15.59,36.56,41.98,22.22,275.0,0.229,73.0,26.55,17.0,6.18,0.7769999999999999,0.257,32.18,14.61,18.33,32.94,27.78,26.07,64.0,0.226,15.0,23.44,11.0,17.19,0.6799999999999999,0.095,32.8,14.96,13.87,28.83,29.19,16.85,92.0,0.329,22.0,23.91,9.0,9.78,0.934,0.203,29.73,12.83,19.24,32.07,27.13,23.91
745005,2024-06-18,2024,643446,L,642546,R,walk,False,True,176.0,0.21,19.0,10.8,16.0,9.09,0.597,0.096,13.25,6.81,14.1,20.91,28.08,11.66,447.0,0.26,48.0,10.74,25.0,5.59,0.6930000000000001,0.1149999999999999,14.08,7.59,11.21,18.8,32.05,12.57,48.0,0.3,11.0,22.92,8.0,16.67,0.917,0.2,33.72,15.68,15.68,31.35,32.41,20.37,55.0,0.196,12.0,21.82,6.0,10.91,0.5760000000000001,0.065,30.53,13.55,14.49,28.04,29.31,20.69
745005,2024-06-18,2024,596019,L,642546,R,double,False,False,243.0,0.231,45.0,18.52,19.0,7.82,0.709,0.17599999999999996,23.27,11.23,15.55,26.78,25.23,17.18,483.0,0.242,102.0,21.12,51.0,10.56,0.757,0.182,23.68,11.49,14.35,25.84,28.12,17.29,48.0,0.3,11.0,22.92,8.0,16.67,0.917,0.2,33.72,15.68,15.68,31.35,32.41,20.37,55.0,0.196,12.0,21.82,6.0,10.91,0.5760000000000001,0.065,30.53,13.55,14.49,28.04,29.31,20.69
745005,2024-06-18,2024,607043,L,642546,R,single,False,False,218.0,0.242,54.0,24.77,33.0,15.14,0.774,0.15700000000000003,23.8,9.78,17.07,26.85,20.25,17.76,448.0,0.266,98.0,21.88,60.0,13.39,0.874,0.235,20.87,8.67,19.47,28.14,19.23,16.42,48.0,0.3,11.0,22.92,8.0,16.67,0.917,0.2,33.72,15.68,15.68,31.35,32.41,20.37,55.0,0.196,12.0,21.82,6.0,10.91,0.5760000000000001,0.065,30.53,13.55,14.49,28.04,29.31,20.69
745005,2024-06-18,2024,502110,R,642546,R,grounded_into_double_play,False,False,131.0,0.273,39.0,29.77,9.0,6.87,0.8109999999999999,0.21499999999999997,29.5,15.19,14.44,29.63,32.59,20.53,343.0,0.27,106.0,30.9,21.0,6.12,0.8799999999999999,0.2979999999999999,35.71,19.2,12.73,31.93,33.23,24.42,64.0,0.226,15.0,23.44,11.0,17.19,0.6799999999999999,0.095,32.8,14.96,13.87,28.83,29.19,16.85,92.0,0.329,22.0,23.91,9.0,9.78,0.934,0.203,29.73,12.83,19.24,32.07,27.13,23.91
745005,2024-06-18,2024,669087,R,656849,L,walk,False,True,2.0,0.0,1.0,50.0,1.0,50.0,0.5,0.0,20.0,9.09,9.09,18.18,16.67,16.67,23.0,0.273,10.0,43.48,1.0,4.35,0.804,0.2269999999999999,46.94,28.05,10.98,39.02,42.86,31.25,74.0,0.262,7.0,9.46,8.0,10.81,0.7969999999999999,0.184,16.43,8.13,14.49,22.61,29.93,8.54,377.0,0.288,93.0,24.67,41.0,10.88,0.823,0.163,29.54,13.33,15.47,28.8,29.06,23.19
745005,2024-06-18,2024,665750,R,656849,L,grounded_into_double_play,False,False,79.0,0.186,16.0,20.25,8.0,10.13,0.526,0.07100000000000001,29.92,12.88,14.92,27.8,20.25,22.22,150.0,0.241,31.0,20.67,10.0,6.67,0.638,0.102,22.26,10.54,15.89,26.42,25.0,19.38,74.0,0.262,7.0,9.46,8.0,10.81,0.7969999999999999,0.184,16.43,8.13,14.49,22.61,29.93,8.54,377.0,0.288,93.0,24.67,41.0,10.88,0.823,0.163,29.54,13.33,15.47,28.8,29.06,23.19
745005,2024-06-18,2024,543760,R,656849,L,field_out,False,False,96.0,0.333,13.0,13.54,9.0,9.38,0.959,0.22999999999999993,18.4,8.43,14.89,23.31,22.58,15.48,210.0,0.283,33.0,15.71,20.0,9.52,0.8009999999999999,0.156,18.13,8.56,14.97,23.53,20.61,16.58,74.0,0.262,7.0,9.46,8.0,10.81,0.7969999999999999,0.184,16.43,8.13,14.49,22.61,29.93,8.54,377.0,0.288,93.0,24.67,41.0,10.88,0.823,0.163,29.54,13.33,15.47,28.8,29.06,23.19
745005,2024-06-18,2024,624413,R,642546,R,field_out,False,False,230.0,0.252,46.0,20.0,20.0,8.7,0.789,0.21400000000000002,22.92,10.39,19.06,29.45,29.53,17.93,475.0,0.214,109.0,22.95,44.0,9.26,0.8069999999999999,0.281,26.53,11.43,18.24,29.67,27.59,22.11,64.0,0.226,15.0,23.44,11.0,17.19,0.6799999999999999,0.095,32.8,14.96,13.87,28.83,29.19,16.85,92.0,0.329,22.0,23.91,9.0,9.78,0.934,0.203,29.73,12.83,19.24,32.07,27.13,23.91
745005,2024-06-18,2024,621466,L,642546,R,single,False,False,130.0,0.2,29.0,22.31,21.0,16.15,0.727,0.181,29.72,12.19,16.05,28.24,14.23,20.57,136.0,0.273,43.0,31.62,10.0,7.35,0.92,0.3059999999999999,35.89,18.63,10.49,29.11,25.44,24.85,48.0,0.3,11.0,22.92,8.0,16.67,0.917,0.2,33.72,15.68,15.68,31.35,32.41,20.37,55.0,0.196,12.0,21.82,6.0,10.91,0.5760000000000001,0.065,30.53,13.55,14.49,28.04,29.31,20.69
745005,2024-06-18,2024,621438,R,642546,R,strikeout,True,False,93.0,0.25,19.0,20.43,5.0,5.38,0.6970000000000001,0.14300000000000002,20.11,9.75,19.22,28.97,29.82,16.96,162.0,0.23,37.0,22.84,6.0,3.7,0.706,0.204,25.24,12.91,16.56,29.47,36.98,19.47,64.0,0.226,15.0,23.44,11.0,17.19,0.6799999999999999,0.095,32.8,14.96,13.87,28.83,29.19,16.85,92.0,0.329,22.0,23.91,9.0,9.78,0.934,0.203,29.73,12.83,19.24,32.07,27.13,23.91
745005,2024-06-18,2024,668901,R,642546,R,single,False,False,60.0,0.241,14.0,23.33,5.0,8.33,0.6699999999999999,0.129,34.48,17.86,14.73,32.59,32.73,20.9,145.0,0.209,41.0,28.28,8.0,5.52,0.643,0.172,34.08,18.24,17.03,35.27,36.73,29.93,64.0,0.226,15.0,23.44,11.0,17.19,0.6799999999999999,0.095,32.8,14.96,13.87,28.83,29.19,16.85,92.0,0.329,22.0,23.91,9.0,9.78,0.934,0.203,29.73,12.83,19.24,32.07,27.13,23.91
745005,2024-06-18,2024,682626,R,668390,R,single,False,False,53.0,0.231,14.0,26.42,1.0,1.89,0.5529999999999999,0.07699999999999999,35.78,20.97,15.59,36.56,41.98,22.22,275.0,0.229,73.0,26.55,17.0,6.18,0.7769999999999999,0.257,32.18,14.61,18.33,32.94,27.78,26.07,51.0,0.255,12.0,23.53,2.0,3.92,0.74,0.17099999999999999,26.67,14.14,15.15,29.29,31.18,17.91,,,,,,,,,,,,,,
745005,2024-06-18,2024,643446,L,668390,R,field_out,False,False,176.0,0.21,19.0,10.8,16.0,9.09,0.597,0.096,13.25,6.81,14.1,20.91,28.08,11.66,447.0,0.26,48.0,10.74,25.0,5.59,0.6930000000000001,0.1149999999999999,14.08,7.59,11.21,18.8,32.05,12.57,26.0,0.273,2.0,7.69,2.0,7.69,0.6639999999999999,0.044999999999999984,23.26,11.36,19.32,30.68,27.5,9.09,,,,,,,,,,,,,,
745005,2024-06-18,2024,673995,R,656849,L,double,False,False,30.0,0.103,3.0,10.0,1.0,3.33,0.374,0.138,22.81,13.0,14.0,27.0,30.77,10.0,,,,,,,,,,,,,,,74.0,0.262,7.0,9.46,8.0,10.81,0.7969999999999999,0.184,16.43,8.13,14.49,22.61,29.93,8.54,377.0,0.288,93.0,24.67,41.0,10.88,0.823,0.163,29.54,13.33,15.47,28.8,29.06,23.19
745005,2024-06-18,2024,543257,R,656849,L,field_out,False,False,58.0,0.298,9.0,15.52,10.0,17.24,0.84,0.128,18.18,6.43,23.29,29.72,19.7,12.33,137.0,0.309,32.0,23.36,23.0,16.79,0.952,0.227,18.93,6.53,22.61,29.15,11.97,17.49,74.0,0.262,7.0,9.46,8.0,10.81,0.7969999999999999,0.184,16.43,8.13,14.49,22.61,29.93,8.54,377.0,0.288,93.0,24.67,41.0,10.88,0.823,0.163,29.54,13.33,15.47,28.8,29.06,23.19
745005,2024-06-18,2024,666969,R,656849,L,field_out,False,False,90.0,0.241,26.0,28.89,7.0,7.78,0.743,0.202,28.04,16.31,9.23,25.54,34.19,27.66,152.0,0.244,37.0,24.34,24.0,15.79,0.866,0.26,31.62,13.61,14.56,28.16,22.03,21.26,74.0,0.262,7.0,9.46,8.0,10.81,0.7969999999999999,0.184,16.43,8.13,14.49,22.61,29.93,8.54,377.0,0.288,93.0,24.67,41.0,10.88,0.823,0.163,29.54,13.33,15.47,28.8,29.06,23.19
745005,2024-06-18,2024,694671,R,656849,L,walk,False,True,48.0,0.214,14.0,29.17,5.0,10.42,0.673,0.167,29.41,11.74,20.19,31.92,23.42,20.0,,,,,,,,,,,,,,,74.0,0.262,7.0,9.46,8.0,10.81,0.7969999999999999,0.184,16.43,8.13,14.49,22.61,29.93,8.54,377.0,0.288,93.0,24.67,41.0,10.88,0.823,0.163,29.54,13.33,15.47,28.8,29.06,23.19
745005,2024-06-18,2024,663993,L,656849,L,field_out,False,False,67.0,0.263,17.0,25.37,9.0,13.43,0.6559999999999999,0.034999999999999976,17.6,7.1,21.94,29.03,21.23,14.53,219.0,0.223,52.0,23.74,24.0,10.96,0.643,0.109,22.66,9.89,18.18,28.07,24.2,19.48,24.0,0.304,5.0,20.83,0.0,0.0,0.637,0.0,21.05,11.76,16.18,27.94,42.42,29.41,117.0,0.283,35.0,29.91,9.0,7.69,0.822,0.189,29.73,14.07,18.12,32.2,29.33,24.31
745005,2024-06-18,2024,578428,R,668390,R,strikeout,True,False,10.0,0.222,1.0,10.0,1.0,10.0,0.522,0.0,5.56,2.94,11.76,14.71,29.41,11.11,,,,,,,,,,,,,,,51.0,0.255,12.0,23.53,2.0,3.92,0.74,0.17099999999999999,26.67,14.14,15.15,29.29,31.18,17.91,,,,,,,,,,,,,,
745005,2024-06-18,2024,664056,R,668390,R,field_out,False,False,140.0,0.3,31.0,22.14,6.0,4.29,0.7430000000000001,0.10000000000000003,26.34,12.5,20.7,33.2,35.97,21.83,248.0,0.207,45.0,18.15,9.0,3.63,0.504,0.056,25.06,12.41,16.74,29.16,37.02,20.45,51.0,0.255,12.0,23.53,2.0,3.92,0.74,0.17099999999999999,26.67,14.14,15.15,29.29,31.18,17.91,,,,,,,,,,,,,,
745005,2024-06-18,2024,620443,R,668390,R,single,False,False,16.0,0.333,2.0,12.5,1.0,6.25,0.975,0.26699999999999996,19.23,7.94,25.4,33.33,17.86,11.11,9.0,0.125,3.0,33.33,0.0,0.0,0.472,0.125,20.0,6.98,20.93,27.91,29.63,25.0,51.0,0.255,12.0,23.53,2.0,3.92,0.74,0.17099999999999999,26.67,14.14,15.15,29.29,31.18,17.91,,,,,,,,,,,,,,
745005,2024-06-18,2024,624413,R,668390,R,field_out,False,False,230.0,0.252,46.0,20.0,20.0,8.7,0.789,0.21400000000000002,22.92,10.39,19.06,29.45,29.53,17.93,475.0,0.214,109.0,22.95,44.0,9.26,0.8069999999999999,0.281,26.53,11.43,18.24,29.67,27.59,22.11,51.0,0.255,12.0,23.53,2.0,3.92,0.74,0.17099999999999999,26.67,14.14,15.15,29.29,31.18,17.91,,,,,,,,,,,,,,
745005,2024-06-18,2024,677649,R,493603,R,field_out,False,False,102.0,0.265,24.0,23.53,3.0,2.94,0.661,0.10199999999999998,23.44,13.21,11.86,25.07,37.17,17.56,308.0,0.277,86.0,27.92,13.0,4.22,0.738,0.1409999999999999,28.89,15.73,13.64,29.37,39.12,22.25,69.0,0.206,23.0,33.33,4.0,5.8,0.535,0.06400000000000003,24.77,9.96,23.62,33.58,24.63,28.4,161.0,0.203,37.0,22.98,14.0,8.7,0.581,0.072,23.79,9.42,23.0,32.43,25.31,19.89
745005,2024-06-18,2024,669087,R,493603,R,field_out,False,False,2.0,0.0,1.0,50.0,0.0,0.0,0.0,0.0,33.33,20.0,20.0,40.0,50.0,20.0,23.0,0.227,8.0,34.78,1.0,4.35,0.761,0.273,42.86,23.08,12.82,35.9,32.5,34.78,69.0,0.206,23.0,33.33,4.0,5.8,0.535,0.06400000000000003,24.77,9.96,23.62,33.58,24.63,28.4,161.0,0.203,37.0,22.98,14.0,8.7,0.581,0.072,23.79,9.42,23.0,32.43,25.31,19.89
745005,2024-06-18,2024,665750,L,493603,R,strikeout,True,False,174.0,0.219,35.0,20.11,14.0,8.05,0.6259999999999999,0.12499999999999997,23.93,11.98,15.51,27.5,32.13,18.32,405.0,0.275,86.0,21.23,25.0,6.17,0.767,0.174,24.9,12.5,15.05,27.55,29.44,18.34,50.0,0.262,15.0,30.0,5.0,10.0,0.86,0.238,31.91,14.93,19.9,34.83,35.24,22.73,100.0,0.217,25.0,25.0,15.0,15.0,0.789,0.229,29.28,12.96,16.63,29.58,29.03,21.74
745005,2024-06-18,2024,621466,L,668390,R,field_out,False,False,130.0,0.2,29.0,22.31,21.0,16.15,0.727,0.181,29.72,12.19,16.05,28.24,14.23,20.57,136.0,0.273,43.0,31.62,10.0,7.35,0.92,0.3059999999999999,35.89,18.63,10.49,29.11,25.44,24.85,26.0,0.273,2.0,7.69,2.0,7.69,0.6639999999999999,0.044999999999999984,23.26,11.36,19.32,30.68,27.5,9.09,,,,,,,,,,,,,,
745005,2024-06-18,2024,621438,R,668390,R,hit_by_pitch,False,False,93.0,0.25,19.0,20.43,5.0,5.38,0.6970000000000001,0.14300000000000002,20.11,9.75,19.22,28.97,29.82,16.96,162.0,0.23,37.0,22.84,6.0,3.7,0.706,0.204,25.24,12.91,16.56,29.47,36.98,19.47,51.0,0.255,12.0,23.53,2.0,3.92,0.74,0.17099999999999999,26.67,14.14,15.15,29.29,31.18,17.91,,,,,,,,,,,,,,
745005,2024-06-18,2024,668901,R,668390,R,double,False,False,60.0,0.241,14.0,23.33,5.0,8.33,0.6699999999999999,0.129,34.48,17.86,14.73,32.59,32.73,20.9,145.0,0.209,41.0,28.28,8.0,5.52,0.643,0.172,34.08,18.24,17.03,35.27,36.73,29.93,51.0,0.255,12.0,23.53,2.0,3.92,0.74,0.17099999999999999,26.67,14.14,15.15,29.29,31.18,17.91,,,,,,,,,,,,,,
745005,2024-06-18,2024,682626,R,668390,R,single,False,False,53.0,0.231,14.0,26.42,1.0,1.89,0.5529999999999999,0.07699999999999999,35.78,20.97,15.59,36.56,41.98,22.22,275.0,0.229,73.0,26.55,17.0,6.18,0.7769999999999999,0.257,32.18,14.61,18.33,32.94,27.78,26.07,51.0,0.255,12.0,23.53,2.0,3.92,0.74,0.17099999999999999,26.67,14.14,15.15,29.29,31.18,17.91,,,,,,,,,,,,,,
745005,2024-06-18,2024,643446,L,668390,R,force_out,False,False,176.0,0.21,19.0,10.8,16.0,9.09,0.597,0.096,13.25,6.81,14.1,20.91,28.08,11.66,447.0,0.26,48.0,10.74,25.0,5.59,0.6930000000000001,0.1149999999999999,14.08,7.59,11.21,18.8,32.05,12.57,26.0,0.273,2.0,7.69,2.0,7.69,0.6639999999999999,0.044999999999999984,23.26,11.36,19.32,30.68,27.5,9.09,,,,,,,,,,,,,,
745005,2024-06-18,2024,578428,R,668800,R,field_out,False,False,10.0,0.222,1.0,10.0,1.0,10.0,0.522,0.0,5.56,2.94,11.76,14.71,29.41,11.11,,,,,,,,,,,,,,,8.0,0.167,0.0,0.0,1.0,12.5,0.583,0.166,0.0,0.0,17.86,17.86,14.29,0.0,,,,,,,,,,,,,,
745005,2024-06-18,2024,543760,R,493603,R,strikeout,True,False,224.0,0.227,33.0,14.73,19.0,8.48,0.6639999999999999,0.142,21.28,10.92,13.95,24.87,26.06,17.1,544.0,0.273,77.0,14.15,52.0,9.56,0.8360000000000001,0.2199999999999999,18.01,8.45,14.48,22.93,21.97,13.9,69.0,0.206,23.0,33.33,4.0,5.8,0.535,0.06400000000000003,24.77,9.96,23.62,33.58,24.63,28.4,161.0,0.203,37.0,22.98,14.0,8.7,0.581,0.072,23.79,9.42,23.0,32.43,25.31,19.89
745005,2024-06-18,2024,673995,R,493603,R,field_out,False,False,7.0,0.143,3.0,42.86,0.0,0.0,0.286,0.0,30.0,12.0,28.0,40.0,25.0,42.86,,,,,,,,,,,,,,,69.0,0.206,23.0,33.33,4.0,5.8,0.535,0.06400000000000003,24.77,9.96,23.62,33.58,24.63,28.4,161.0,0.203,37.0,22.98,14.0,8.7,0.581,0.072,23.79,9.42,23.0,32.43,25.31,19.89
745005,2024-06-18,2024,543257,L,493603,R,single,False,False,80.0,0.159,20.0,25.0,10.0,12.5,0.45,0.028999999999999998,20.15,7.67,19.6,27.27,15.7,19.61,283.0,0.206,66.0,23.32,34.0,12.01,0.633,0.123,20.58,8.17,20.25,28.42,17.66,20.62,50.0,0.262,15.0,30.0,5.0,10.0,0.86,0.238,31.91,14.93,19.9,34.83,35.24,22.73,100.0,0.217,25.0,25.0,15.0,15.0,0.789,0.229,29.28,12.96,16.63,29.58,29.03,21.74
745005,2024-06-18,2024,608671,L,493603,R,strikeout,True,False,100.0,0.25,19.0,19.0,6.0,6.0,0.625,0.065,15.17,6.65,21.18,27.83,20.11,14.5,256.0,0.269,37.0,14.45,32.0,12.5,0.698,0.064,14.4,5.5,22.1,27.6,16.03,15.16,50.0,0.262,15.0,30.0,5.0,10.0,0.86,0.238,31.91,14.93,19.9,34.83,35.24,22.73,100.0,0.217,25.0,25.0,15.0,15.0,0.789,0.229,29.28,12.96,16.63,29.58,29.03,21.74
745005,2024-06-18,2024,664056,R,668800,R,double,False,False,140.0,0.3,31.0,22.14,6.0,4.29,0.7430000000000001,0.10000000000000003,26.34,12.5,20.7,33.2,35.97,21.83,248.0,0.207,45.0,18.15,9.0,3.63,0.504,0.056,25.06,12.41,16.74,29.16,37.02,20.45,8.0,0.167,0.0,0.0,1.0,12.5,0.583,0.166,0.0,0.0,17.86,17.86,14.29,0.0,,,,,,,,,,,,,,
745005,2024-06-18,2024,620443,R,668800,R,field_out,False,False,16.0,0.333,2.0,12.5,1.0,6.25,0.975,0.26699999999999996,19.23,7.94,25.4,33.33,17.86,11.11,9.0,0.125,3.0,33.33,0.0,0.0,0.472,0.125,20.0,6.98,20.93,27.91,29.63,25.0,8.0,0.167,0.0,0.0,1.0,12.5,0.583,0.166,0.0,0.0,17.86,17.86,14.29,0.0,,,,,,,,,,,,,,
745005,2024-06-18,2024,624413,R,668800,R,walk,False,True,230.0,0.252,46.0,20.0,20.0,8.7,0.789,0.21400000000000002,22.92,10.39,19.06,29.45,29.53,17.93,475.0,0.214,109.0,22.95,44.0,9.26,0.8069999999999999,0.281,26.53,11.43,18.24,29.67,27.59,22.11,8.0,0.167,0.0,0.0,1.0,12.5,0.583,0.166,0.0,0.0,17.86,17.86,14.29,0.0,,,,,,,,,,,,,,
745005,2024-06-18,2024,621466,L,668800,R,grounded_into_double_play,False,False,130.0,0.2,29.0,22.31,21.0,16.15,0.727,0.181,29.72,12.19,16.05,28.24,14.23,20.57,136.0,0.273,43.0,31.62,10.0,7.35,0.92,0.3059999999999999,35.89,18.63,10.49,29.11,25.44,24.85,3.0,0.0,0.0,0.0,1.0,33.33,0.333,0.0,0.0,0.0,12.5,12.5,0.0,,,,,,,,,,,,,,,
745005,2024-06-18,2024,694671,R,622098,R,field_out,False,False,147.0,0.243,27.0,18.37,10.0,6.8,0.593,0.05099999999999999,20.59,9.29,18.08,27.36,23.87,13.85,,,,,,,,,,,,,,,41.0,0.235,12.0,29.27,5.0,12.2,0.6699999999999999,0.118,28.57,15.73,12.36,28.09,27.85,20.34,142.0,0.236,33.0,23.24,15.0,10.56,0.777,0.203,25.69,11.73,15.53,27.26,25.36,15.87
745005,2024-06-18,2024,663993,L,622098,R,field_out,False,False,137.0,0.248,26.0,18.98,17.0,12.41,0.6930000000000001,0.10199999999999998,15.29,6.48,18.04,24.52,26.64,14.86,505.0,0.279,113.0,22.38,69.0,13.66,0.833,0.172,19.81,8.64,15.62,24.26,19.45,16.87,26.0,0.304,7.0,26.92,3.0,11.54,0.907,0.21800000000000003,33.33,16.84,11.58,28.42,25.0,19.44,102.0,0.247,27.0,26.47,14.0,13.73,0.8,0.2,26.51,12.61,13.5,26.11,27.27,18.62
745005,2024-06-18,2024,677649,R,622098,R,double,False,False,102.0,0.265,24.0,23.53,3.0,2.94,0.661,0.10199999999999998,23.44,13.21,11.86,25.07,37.17,17.56,308.0,0.277,86.0,27.92,13.0,4.22,0.738,0.1409999999999999,28.89,15.73,13.64,29.37,39.12,22.25,41.0,0.235,12.0,29.27,5.0,12.2,0.6699999999999999,0.118,28.57,15.73,12.36,28.09,27.85,20.34,142.0,0.236,33.0,23.24,15.0,10.56,0.777,0.203,25.69,11.73,15.53,27.26,25.36,15.87
745005,2024-06-18,2024,669087,R,622098,R,strikeout,True,False,2.0,0.0,1.0,50.0,0.0,0.0,0.0,0.0,33.33,20.0,20.0,40.0,50.0,20.0,23.0,0.227,8.0,34.78,1.0,4.35,0.761,0.273,42.86,23.08,12.82,35.9,32.5,34.78,41.0,0.235,12.0,29.27,5.0,12.2,0.6699999999999999,0.118,28.57,15.73,12.36,28.09,27.85,20.34,142.0,0.236,33.0,23.24,15.0,10.56,0.777,0.203,25.69,11.73,15.53,27.26,25.36,15.87
746543,2024-06-18,2024,660271,L,615698,R,field_out,False,False,207.0,0.322,41.0,19.81,26.0,12.56,1.121,0.38399999999999995,29.46,14.22,13.14,27.36,29.8,17.23,429.0,0.327,99.0,23.08,64.0,14.92,1.132,0.3739999999999999,32.88,15.48,11.59,27.07,28.86,20.75,164.0,0.213,32.0,19.51,20.0,12.2,0.6679999999999999,0.142,25.64,11.1,14.84,25.94,23.13,16.0,211.0,0.272,40.0,18.96,31.0,14.69,0.851,0.1999999999999999,23.57,10.52,13.62,24.14,24.9,14.34
746543,2024-06-18,2024,669257,R,615698,R,field_out,False,False,183.0,0.233,31.0,16.94,12.0,6.56,0.6890000000000001,0.166,19.0,9.39,15.25,24.64,28.23,12.5,407.0,0.268,67.0,16.46,42.0,10.32,0.7949999999999999,0.1659999999999999,19.27,8.8,16.84,25.64,24.5,12.79,189.0,0.271,27.0,14.29,13.0,6.88,0.7170000000000001,0.11099999999999999,18.36,9.08,16.34,25.42,26.41,12.62,233.0,0.284,18.0,7.73,4.0,1.72,0.721,0.124,14.21,7.03,15.91,22.93,28.68,8.11
746543,2024-06-18,2024,518692,L,615698,R,walk,False,True,201.0,0.349,31.0,15.42,31.0,15.42,1.055,0.253,19.42,8.97,11.52,20.48,22.81,13.14,514.0,0.33,81.0,15.76,57.0,11.09,0.962,0.218,19.83,9.77,11.31,21.08,27.01,16.63,164.0,0.213,32.0,19.51,20.0,12.2,0.6679999999999999,0.142,25.64,11.1,14.84,25.94,23.13,16.0,211.0,0.272,40.0,18.96,31.0,14.69,0.851,0.1999999999999999,23.57,10.52,13.62,24.14,24.9,14.34
746543,2024-06-18,2024,606192,R,615698,R,double,False,False,223.0,0.258,64.0,28.7,21.0,9.42,0.803,0.20700000000000002,34.38,17.88,12.54,30.43,30.04,20.58,529.0,0.249,164.0,31.0,33.0,6.24,0.718,0.1639999999999999,36.92,19.57,14.44,34.01,34.81,23.06,189.0,0.271,27.0,14.29,13.0,6.88,0.7170000000000001,0.11099999999999999,18.36,9.08,16.34,25.42,26.41,12.62,233.0,0.284,18.0,7.73,4.0,1.72,0.721,0.124,14.21,7.03,15.91,22.93,28.68,8.11
746543,2024-06-18,2024,681624,R,615698,R,hit_by_pitch,False,False,168.0,0.232,46.0,27.38,9.0,5.36,0.69,0.165,27.89,15.14,12.39,27.52,32.62,20.63,,,,,,,,,,,,,,,189.0,0.271,27.0,14.29,13.0,6.88,0.7170000000000001,0.11099999999999999,18.36,9.08,16.34,25.42,26.41,12.62,233.0,0.284,18.0,7.73,4.0,1.72,0.721,0.124,14.21,7.03,15.91,22.93,28.68,8.11
746543,2024-06-18,2024,518792,L,615698,R,force_out,False,False,81.0,0.217,15.0,18.52,9.0,11.11,0.7390000000000001,0.18900000000000003,25.15,12.24,14.03,26.27,28.32,14.85,349.0,0.276,57.0,16.33,32.0,9.17,0.818,0.1949999999999999,20.45,9.51,16.77,26.27,27.56,15.45,164.0,0.213,32.0,19.51,20.0,12.2,0.6679999999999999,0.142,25.64,11.1,14.84,25.94,23.13,16.0,211.0,0.272,40.0,18.96,31.0,14.69,0.851,0.1999999999999999,23.57,10.52,13.62,24.14,24.9,14.34
746543,2024-06-18,2024,686668,R,572020,L,strikeout,True,False,60.0,0.259,12.0,20.0,6.0,10.0,0.666,0.07400000000000001,27.12,14.48,9.5,23.98,25.45,18.75,132.0,0.194,53.0,40.15,5.0,3.79,0.584,0.1609999999999999,39.29,21.57,11.57,33.14,32.3,30.99,233.0,0.213,35.0,15.02,31.0,13.3,0.69,0.158,19.72,9.14,13.55,22.69,23.86,11.72,316.0,0.239,85.0,26.9,23.0,7.28,0.755,0.218,28.93,15.19,13.03,28.22,31.91,20.83
746543,2024-06-18,2024,666134,L,572020,L,field_out,False,False,33.0,0.233,12.0,36.36,3.0,9.09,0.5700000000000001,0.034,21.43,8.51,28.37,36.88,26.67,23.08,130.0,0.314,34.0,26.15,12.0,9.23,0.902,0.211,27.7,10.95,22.63,33.58,26.4,21.79,46.0,0.279,8.0,17.39,2.0,4.35,0.5900000000000001,0.0,17.44,8.72,19.19,27.91,26.03,14.81,95.0,0.289,16.0,16.84,10.0,10.53,0.796,0.145,22.09,9.11,19.24,28.35,19.79,15.24
746543,2024-06-18,2024,678662,R,572020,L,strikeout,True,False,89.0,0.253,28.0,31.46,5.0,5.62,0.738,0.193,36.95,22.52,9.01,31.53,38.04,27.45,177.0,0.246,57.0,32.2,8.0,4.52,0.708,0.185,35.75,21.54,12.35,33.89,44.38,25.56,233.0,0.213,35.0,15.02,31.0,13.3,0.69,0.158,19.72,9.14,13.55,22.69,23.86,11.72,316.0,0.239,85.0,26.9,23.0,7.28,0.755,0.218,28.93,15.19,13.03,28.22,31.91,20.83
746543,2024-06-18,2024,500743,R,615698,R,single,False,False,62.0,0.288,8.0,12.9,3.0,4.84,0.747,0.136,13.4,6.05,20.0,26.05,27.0,14.81,279.0,0.21,36.0,12.9,18.0,6.45,0.546,0.068,19.79,9.92,16.53,26.45,34.53,12.9,189.0,0.271,27.0,14.29,13.0,6.88,0.7170000000000001,0.11099999999999999,18.36,9.08,16.34,25.42,26.41,12.62,233.0,0.284,18.0,7.73,4.0,1.72,0.721,0.124,14.21,7.03,15.91,22.93,28.68,8.11
746543,2024-06-18,2024,624415,L,615698,R,field_out,False,False,128.0,0.19,39.0,30.47,14.0,10.94,0.611,0.09599999999999997,22.22,8.16,24.86,33.02,18.11,21.91,286.0,0.223,69.0,24.13,36.0,12.59,0.7090000000000001,0.149,23.33,9.24,21.47,30.71,15.66,18.6,164.0,0.213,32.0,19.51,20.0,12.2,0.6679999999999999,0.142,25.64,11.1,14.84,25.94,23.13,16.0,211.0,0.272,40.0,18.96,31.0,14.69,0.851,0.1999999999999999,23.57,10.52,13.62,24.14,24.9,14.34
746543,2024-06-18,2024,666158,L,615698,R,field_out,False,False,181.0,0.22,39.0,21.55,12.0,6.63,0.5760000000000001,0.08399999999999999,18.85,8.43,19.0,27.43,20.37,19.12,,,,,,,,,,,,,,,164.0,0.213,32.0,19.51,20.0,12.2,0.6679999999999999,0.142,25.64,11.1,14.84,25.94,23.13,16.0,211.0,0.272,40.0,18.96,31.0,14.69,0.851,0.1999999999999999,23.57,10.52,13.62,24.14,24.9,14.34
746543,2024-06-18,2024,660271,L,615698,R,single,False,False,207.0,0.322,41.0,19.81,26.0,12.56,1.121,0.38399999999999995,29.46,14.22,13.14,27.36,29.8,17.23,429.0,0.327,99.0,23.08,64.0,14.92,1.132,0.3739999999999999,32.88,15.48,11.59,27.07,28.86,20.75,164.0,0.213,32.0,19.51,20.0,12.2,0.6679999999999999,0.142,25.64,11.1,14.84,25.94,23.13,16.0,211.0,0.272,40.0,18.96,31.0,14.69,0.851,0.1999999999999999,23.57,10.52,13.62,24.14,24.9,14.34
746543,2024-06-18,2024,669257,R,615698,R,triple,False,False,183.0,0.233,31.0,16.94,12.0,6.56,0.6890000000000001,0.166,19.0,9.39,15.25,24.64,28.23,12.5,407.0,0.268,67.0,16.46,42.0,10.32,0.7949999999999999,0.1659999999999999,19.27,8.8,16.84,25.64,24.5,12.79,189.0,0.271,27.0,14.29,13.0,6.88,0.7170000000000001,0.11099999999999999,18.36,9.08,16.34,25.42,26.41,12.62,233.0,0.284,18.0,7.73,4.0,1.72,0.721,0.124,14.21,7.03,15.91,22.93,28.68,8.11
746543,2024-06-18,2024,518692,L,615698,R,walk,False,True,201.0,0.349,31.0,15.42,31.0,15.42,1.055,0.253,19.42,8.97,11.52,20.48,22.81,13.14,514.0,0.33,81.0,15.76,57.0,11.09,0.962,0.218,19.83,9.77,11.31,21.08,27.01,16.63,164.0,0.213,32.0,19.51,20.0,12.2,0.6679999999999999,0.142,25.64,11.1,14.84,25.94,23.13,16.0,211.0,0.272,40.0,18.96,31.0,14.69,0.851,0.1999999999999999,23.57,10.52,13.62,24.14,24.9,14.34
746543,2024-06-18,2024,606192,R,615698,R,field_out,False,False,223.0,0.258,64.0,28.7,21.0,9.42,0.803,0.20700000000000002,34.38,17.88,12.54,30.43,30.04,20.58,529.0,0.249,164.0,31.0,33.0,6.24,0.718,0.1639999999999999,36.92,19.57,14.44,34.01,34.81,23.06,189.0,0.271,27.0,14.29,13.0,6.88,0.7170000000000001,0.11099999999999999,18.36,9.08,16.34,25.42,26.41,12.62,233.0,0.284,18.0,7.73,4.0,1.72,0.721,0.124,14.21,7.03,15.91,22.93,28.68,8.11
746543,2024-06-18,2024,607732,R,572020,L,home_run,False,False,36.0,0.387,8.0,22.22,4.0,11.11,1.25,0.41900000000000004,33.93,15.2,18.4,33.6,22.03,33.33,52.0,0.213,11.0,21.15,3.0,5.77,0.637,0.149,23.08,10.71,20.41,31.12,23.46,19.3,233.0,0.213,35.0,15.02,31.0,13.3,0.69,0.158,19.72,9.14,13.55,22.69,23.86,11.72,316.0,0.239,85.0,26.9,23.0,7.28,0.755,0.218,28.93,15.19,13.03,28.22,31.91,20.83
746543,2024-06-18,2024,669911,R,572020,L,field_out,False,False,27.0,0.12,10.0,37.04,2.0,7.41,0.5449999999999999,0.24,24.49,11.43,20.95,32.38,23.08,27.78,48.0,0.109,21.0,43.75,2.0,4.17,0.255,0.0,48.35,23.53,13.9,37.43,32.11,36.21,233.0,0.213,35.0,15.02,31.0,13.3,0.69,0.158,19.72,9.14,13.55,22.69,23.86,11.72,316.0,0.239,85.0,26.9,23.0,7.28,0.755,0.218,28.93,15.19,13.03,28.22,31.91,20.83
746543,2024-06-18,2024,660707,R,572020,L,field_out,False,False,61.0,0.167,12.0,19.67,6.0,9.84,0.41300000000000003,0.0,27.69,14.88,12.81,27.69,43.54,15.19,111.0,0.234,42.0,37.84,3.0,2.7,0.6910000000000001,0.205,35.78,19.62,15.37,34.99,45.73,29.37,233.0,0.213,35.0,15.02,31.0,13.3,0.69,0.158,19.72,9.14,13.55,22.69,23.86,11.72,316.0,0.239,85.0,26.9,23.0,7.28,0.755,0.218,28.93,15.19,13.03,28.22,31.91,20.83
746543,2024-06-18,2024,696100,R,572020,L,field_out,False,False,26.0,0.28,6.0,23.08,0.0,0.0,1.068,0.48,19.23,10.1,16.16,26.26,35.85,18.75,13.0,0.231,6.0,46.15,0.0,0.0,0.846,0.384,35.71,18.87,18.87,37.74,36.0,30.0,233.0,0.213,35.0,15.02,31.0,13.3,0.69,0.158,19.72,9.14,13.55,22.69,23.86,11.72,316.0,0.239,85.0,26.9,23.0,7.28,0.755,0.218,28.93,15.19,13.03,28.22,31.91,20.83
746543,2024-06-18,2024,681624,R,615698,R,field_out,False,False,168.0,0.232,46.0,27.38,9.0,5.36,0.69,0.165,27.89,15.14,12.39,27.52,32.62,20.63,,,,,,,,,,,,,,,189.0,0.271,27.0,14.29,13.0,6.88,0.7170000000000001,0.11099999999999999,18.36,9.08,16.34,25.42,26.41,12.62,233.0,0.284,18.0,7.73,4.0,1.72,0.721,0.124,14.21,7.03,15.91,22.93,28.68,8.11
746543,2024-06-18,2024,518792,L,615698,R,strikeout,True,False,81.0,0.217,15.0,18.52,9.0,11.11,0.7390000000000001,0.18900000000000003,25.15,12.24,14.03,26.27,28.32,14.85,349.0,0.276,57.0,16.33,32.0,9.17,0.818,0.1949999999999999,20.45,9.51,16.77,26.27,27.56,15.45,164.0,0.213,32.0,19.51,20.0,12.2,0.6679999999999999,0.142,25.64,11.1,14.84,25.94,23.13,16.0,211.0,0.272,40.0,18.96,31.0,14.69,0.851,0.1999999999999999,23.57,10.52,13.62,24.14,24.9,14.34
746543,2024-06-18,2024,500743,R,615698,R,single,False,False,62.0,0.288,8.0,12.9,3.0,4.84,0.747,0.136,13.4,6.05,20.0,26.05,27.0,14.81,279.0,0.21,36.0,12.9,18.0,6.45,0.546,0.068,19.79,9.92,16.53,26.45,34.53,12.9,189.0,0.271,27.0,14.29,13.0,6.88,0.7170000000000001,0.11099999999999999,18.36,9.08,16.34,25.42,26.41,12.62,233.0,0.284,18.0,7.73,4.0,1.72,0.721,0.124,14.21,7.03,15.91,22.93,28.68,8.11
746543,2024-06-18,2024,624415,L,615698,R,strikeout,True,False,128.0,0.19,39.0,30.47,14.0,10.94,0.611,0.09599999999999997,22.22,8.16,24.86,33.02,18.11,21.91,286.0,0.223,69.0,24.13,36.0,12.59,0.7090000000000001,0.149,23.33,9.24,21.47,30.71,15.66,18.6,164.0,0.213,32.0,19.51,20.0,12.2,0.6679999999999999,0.142,25.64,11.1,14.84,25.94,23.13,16.0,211.0,0.272,40.0,18.96,31.0,14.69,0.851,0.1999999999999999,23.57,10.52,13.62,24.14,24.9,14.34
746543,2024-06-18,2024,676701,R,572020,L,field_out,False,False,20.0,0.1,4.0,20.0,0.0,0.0,0.2,0.0,25.0,15.79,14.04,29.82,45.16,28.57,105.0,0.202,27.0,25.71,9.0,8.57,0.554,0.0849999999999999,23.35,11.0,15.07,26.08,28.57,21.6,233.0,0.213,35.0,15.02,31.0,13.3,0.69,0.158,19.72,9.14,13.55,22.69,23.86,11.72,316.0,0.239,85.0,26.9,23.0,7.28,0.755,0.218,28.93,15.19,13.03,28.22,31.91,20.83
746543,2024-06-18,2024,691182,R,572020,L,field_error,False,False,5.0,0.2,0.0,0.0,0.0,0.0,0.4,0.0,14.29,9.52,9.52,19.05,54.55,0.0,,,,,,,,,,,,,,,233.0,0.213,35.0,15.02,31.0,13.3,0.69,0.158,19.72,9.14,13.55,22.69,23.86,11.72,316.0,0.239,85.0,26.9,23.0,7.28,0.755,0.218,28.93,15.19,13.03,28.22,31.91,20.83
746543,2024-06-18,2024,686668,R,572020,L,strikeout,True,False,60.0,0.259,12.0,20.0,6.0,10.0,0.666,0.07400000000000001,27.12,14.48,9.5,23.98,25.45,18.75,132.0,0.194,53.0,40.15,5.0,3.79,0.584,0.1609999999999999,39.29,21.57,11.57,33.14,32.3,30.99,233.0,0.213,35.0,15.02,31.0,13.3,0.69,0.158,19.72,9.14,13.55,22.69,23.86,11.72,316.0,0.239,85.0,26.9,23.0,7.28,0.755,0.218,28.93,15.19,13.03,28.22,31.91,20.83
746543,2024-06-18,2024,666134,L,572020,L,field_out,False,False,33.0,0.233,12.0,36.36,3.0,9.09,0.5700000000000001,0.034,21.43,8.51,28.37,36.88,26.67,23.08,130.0,0.314,34.0,26.15,12.0,9.23,0.902,0.211,27.7,10.95,22.63,33.58,26.4,21.79,46.0,0.279,8.0,17.39,2.0,4.35,0.5900000000000001,0.0,17.44,8.72,19.19,27.91,26.03,14.81,95.0,0.289,16.0,16.84,10.0,10.53,0.796,0.145,22.09,9.11,19.24,28.35,19.79,15.24
746543,2024-06-18,2024,666158,L,615698,R,field_out,False,False,181.0,0.22,39.0,21.55,12.0,6.63,0.5760000000000001,0.08399999999999999,18.85,8.43,19.0,27.43,20.37,19.12,,,,,,,,,,,,,,,164.0,0.213,32.0,19.51,20.0,12.2,0.6679999999999999,0.142,25.64,11.1,14.84,25.94,23.13,16.0,211.0,0.272,40.0,18.96,31.0,14.69,0.851,0.1999999999999999,23.57,10.52,13.62,24.14,24.9,14.34
746543,2024-06-18,2024,660271,L,615698,R,double,False,False,207.0,0.322,41.0,19.81,26.0,12.56,1.121,0.38399999999999995,29.46,14.22,13.14,27.36,29.8,17.23,429.0,0.327,99.0,23.08,64.0,14.92,1.132,0.3739999999999999,32.88,15.48,11.59,27.07,28.86,20.75,164.0,0.213,32.0,19.51,20.0,12.2,0.6679999999999999,0.142,25.64,11.1,14.84,25.94,23.13,16.0,211.0,0.272,40.0,18.96,31.0,14.69,0.851,0.1999999999999999,23.57,10.52,13.62,24.14,24.9,14.34
746543,2024-06-18,2024,669257,R,615698,R,field_out,False,False,183.0,0.233,31.0,16.94,12.0,6.56,0.6890000000000001,0.166,19.0,9.39,15.25,24.64,28.23,12.5,407.0,0.268,67.0,16.46,42.0,10.32,0.7949999999999999,0.1659999999999999,19.27,8.8,16.84,25.64,24.5,12.79,189.0,0.271,27.0,14.29,13.0,6.88,0.7170000000000001,0.11099999999999999,18.36,9.08,16.34,25.42,26.41,12.62,233.0,0.284,18.0,7.73,4.0,1.72,0.721,0.124,14.21,7.03,15.91,22.93,28.68,8.11
746543,2024-06-18,2024,518692,L,615698,R,walk,False,True,201.0,0.349,31.0,15.42,31.0,15.42,1.055,0.253,19.42,8.97,11.52,20.48,22.81,13.14,514.0,0.33,81.0,15.76,57.0,11.09,0.962,0.218,19.83,9.77,11.31,21.08,27.01,16.63,164.0,0.213,32.0,19.51,20.0,12.2,0.6679999999999999,0.142,25.64,11.1,14.84,25.94,23.13,16.0,211.0,0.272,40.0,18.96,31.0,14.69,0.851,0.1999999999999999,23.57,10.52,13.62,24.14,24.9,14.34
746543,2024-06-18,2024,606192,R,615698,R,strikeout,True,False,223.0,0.258,64.0,28.7,21.0,9.42,0.803,0.20700000000000002,34.38,17.88,12.54,30.43,30.04,20.58,529.0,0.249,164.0,31.0,33.0,6.24,0.718,0.1639999999999999,36.92,19.57,14.44,34.01,34.81,23.06,189.0,0.271,27.0,14.29,13.0,6.88,0.7170000000000001,0.11099999999999999,18.36,9.08,16.34,25.42,26.41,12.62,233.0,0.284,18.0,7.73,4.0,1.72,0.721,0.124,14.21,7.03,15.91,22.93,28.68,8.11
746543,2024-06-18,2024,678662,R,572020,L,strikeout,True,False,89.0,0.253,28.0,31.46,5.0,5.62,0.738,0.193,36.95,22.52,9.01,31.53,38.04,27.45,177.0,0.246,57.0,32.2,8.0,4.52,0.708,0.185,35.75,21.54,12.35,33.89,44.38,25.56,233.0,0.213,35.0,15.02,31.0,13.3,0.69,0.158,19.72,9.14,13.55,22.69,23.86,11.72,316.0,0.239,85.0,26.9,23.0,7.28,0.755,0.218,28.93,15.19,13.03,28.22,31.91,20.83
746543,2024-06-18,2024,607732,R,572020,L,field_out,False,False,36.0,0.387,8.0,22.22,4.0,11.11,1.25,0.41900000000000004,33.93,15.2,18.4,33.6,22.03,33.33,52.0,0.213,11.0,21.15,3.0,5.77,0.637,0.149,23.08,10.71,20.41,31.12,23.46,19.3,233.0,0.213,35.0,15.02,31.0,13.3,0.69,0.158,19.72,9.14,13.55,22.69,23.86,11.72,316.0,0.239,85.0,26.9,23.0,7.28,0.755,0.218,28.93,15.19,13.03,28.22,31.91,20.83
746543,2024-06-18,2024,669911,R,572020,L,strikeout,True,False,27.0,0.12,10.0,37.04,2.0,7.41,0.5449999999999999,0.24,24.49,11.43,20.95,32.38,23.08,27.78,48.0,0.109,21.0,43.75,2.0,4.17,0.255,0.0,48.35,23.53,13.9,37.43,32.11,36.21,233.0,0.213,35.0,15.02,31.0,13.3,0.69,0.158,19.72,9.14,13.55,22.69,23.86,11.72,316.0,0.239,85.0,26.9,23.0,7.28,0.755,0.218,28.93,15.19,13.03,28.22,31.91,20.83
746543,2024-06-18,2024,681624,R,615698,R,field_out,False,False,168.0,0.232,46.0,27.38,9.0,5.36,0.69,0.165,27.89,15.14,12.39,27.52,32.62,20.63,,,,,,,,,,,,,,,189.0,0.271,27.0,14.29,13.0,6.88,0.7170000000000001,0.11099999999999999,18.36,9.08,16.34,25.42,26.41,12.62,233.0,0.284,18.0,7.73,4.0,1.72,0.721,0.124,14.21,7.03,15.91,22.93,28.68,8.11
746543,2024-06-18,2024,518792,L,615698,R,single,False,False,81.0,0.217,15.0,18.52,9.0,11.11,0.7390000000000001,0.18900000000000003,25.15,12.24,14.03,26.27,28.32,14.85,349.0,0.276,57.0,16.33,32.0,9.17,0.818,0.1949999999999999,20.45,9.51,16.77,26.27,27.56,15.45,164.0,0.213,32.0,19.51,20.0,12.2,0.6679999999999999,0.142,25.64,11.1,14.84,25.94,23.13,16.0,211.0,0.272,40.0,18.96,31.0,14.69,0.851,0.1999999999999999,23.57,10.52,13.62,24.14,24.9,14.34
746543,2024-06-18,2024,500743,R,615698,R,field_out,False,False,62.0,0.288,8.0,12.9,3.0,4.84,0.747,0.136,13.4,6.05,20.0,26.05,27.0,14.81,279.0,0.21,36.0,12.9,18.0,6.45,0.546,0.068,19.79,9.92,16.53,26.45,34.53,12.9,189.0,0.271,27.0,14.29,13.0,6.88,0.7170000000000001,0.11099999999999999,18.36,9.08,16.34,25.42,26.41,12.62,233.0,0.284,18.0,7.73,4.0,1.72,0.721,0.124,14.21,7.03,15.91,22.93,28.68,8.11
746543,2024-06-18,2024,624415,L,615698,R,field_out,False,False,128.0,0.19,39.0,30.47,14.0,10.94,0.611,0.09599999999999997,22.22,8.16,24.86,33.02,18.11,21.91,286.0,0.223,69.0,24.13,36.0,12.59,0.7090000000000001,0.149,23.33,9.24,21.47,30.71,15.66,18.6,164.0,0.213,32.0,19.51,20.0,12.2,0.6679999999999999,0.142,25.64,11.1,14.84,25.94,23.13,16.0,211.0,0.272,40.0,18.96,31.0,14.69,0.851,0.1999999999999999,23.57,10.52,13.62,24.14,24.9,14.34
746543,2024-06-18,2024,660707,R,572020,L,field_out,False,False,61.0,0.167,12.0,19.67,6.0,9.84,0.41300000000000003,0.0,27.69,14.88,12.81,27.69,43.54,15.19,111.0,0.234,42.0,37.84,3.0,2.7,0.6910000000000001,0.205,35.78,19.62,15.37,34.99,45.73,29.37,233.0,0.213,35.0,15.02,31.0,13.3,0.69,0.158,19.72,9.14,13.55,22.69,23.86,11.72,316.0,0.239,85.0,26.9,23.0,7.28,0.755,0.218,28.93,15.19,13.03,28.22,31.91,20.83
746543,2024-06-18,2024,696100,R,572020,L,field_out,False,False,26.0,0.28,6.0,23.08,0.0,0.0,1.068,0.48,19.23,10.1,16.16,26.26,35.85,18.75,13.0,0.231,6.0,46.15,0.0,0.0,0.846,0.384,35.71,18.87,18.87,37.74,36.0,30.0,233.0,0.213,35.0,15.02,31.0,13.3,0.69,0.158,19.72,9.14,13.55,22.69,23.86,11.72,316.0,0.239,85.0,26.9,23.0,7.28,0.755,0.218,28.93,15.19,13.03,28.22,31.91,20.83
746543,2024-06-18,2024,676701,R,572020,L,field_out,False,False,20.0,0.1,4.0,20.0,0.0,0.0,0.2,0.0,25.0,15.79,14.04,29.82,45.16,28.57,105.0,0.202,27.0,25.71,9.0,8.57,0.554,0.0849999999999999,23.35,11.0,15.07,26.08,28.57,21.6,233.0,0.213,35.0,15.02,31.0,13.3,0.69,0.158,19.72,9.14,13.55,22.69,23.86,11.72,316.0,0.239,85.0,26.9,23.0,7.28,0.755,0.218,28.93,15.19,13.03,28.22,31.91,20.83
746543,2024-06-18,2024,666158,L,656234,R,strikeout,True,False,181.0,0.22,39.0,21.55,12.0,6.63,0.5760000000000001,0.08399999999999999,18.85,8.43,19.0,27.43,20.37,19.12,,,,,,,,,,,,,,,44.0,0.371,6.0,13.64,8.0,18.18,1.186,0.31500000000000006,17.95,7.87,15.17,23.03,21.98,10.34,161.0,0.224,37.0,22.98,11.0,6.83,0.633,0.1229999999999999,20.45,9.12,19.24,28.36,20.49,22.7
746543,2024-06-18,2024,660271,L,656234,R,double,False,False,207.0,0.322,41.0,19.81,26.0,12.56,1.121,0.38399999999999995,29.46,14.22,13.14,27.36,29.8,17.23,429.0,0.327,99.0,23.08,64.0,14.92,1.132,0.3739999999999999,32.88,15.48,11.59,27.07,28.86,20.75,44.0,0.371,6.0,13.64,8.0,18.18,1.186,0.31500000000000006,17.95,7.87,15.17,23.03,21.98,10.34,161.0,0.224,37.0,22.98,11.0,6.83,0.633,0.1229999999999999,20.45,9.12,19.24,28.36,20.49,22.7
746543,2024-06-18,2024,669257,R,656234,R,field_out,False,False,183.0,0.233,31.0,16.94,12.0,6.56,0.6890000000000001,0.166,19.0,9.39,15.25,24.64,28.23,12.5,407.0,0.268,67.0,16.46,42.0,10.32,0.7949999999999999,0.1659999999999999,19.27,8.8,16.84,25.64,24.5,12.79,57.0,0.191,8.0,14.04,8.0,14.04,0.534,0.021999999999999992,25.0,9.85,22.66,32.51,26.67,16.67,221.0,0.314,40.0,18.1,16.0,7.24,0.806,0.119,21.64,10.01,18.5,28.52,24.4,18.78
746543,2024-06-18,2024,518692,L,656234,R,walk,False,True,201.0,0.349,31.0,15.42,31.0,15.42,1.055,0.253,19.42,8.97,11.52,20.48,22.81,13.14,514.0,0.33,81.0,15.76,57.0,11.09,0.962,0.218,19.83,9.77,11.31,21.08,27.01,16.63,44.0,0.371,6.0,13.64,8.0,18.18,1.186,0.31500000000000006,17.95,7.87,15.17,23.03,21.98,10.34,161.0,0.224,37.0,22.98,11.0,6.83,0.633,0.1229999999999999,20.45,9.12,19.24,28.36,20.49,22.7
746543,2024-06-18,2024,606192,R,656234,R,strikeout,True,False,223.0,0.258,64.0,28.7,21.0,9.42,0.803,0.20700000000000002,34.38,17.88,12.54,30.43,30.04,20.58,529.0,0.249,164.0,31.0,33.0,6.24,0.718,0.1639999999999999,36.92,19.57,14.44,34.01,34.81,23.06,57.0,0.191,8.0,14.04,8.0,14.04,0.534,0.021999999999999992,25.0,9.85,22.66,32.51,26.67,16.67,221.0,0.314,40.0,18.1,16.0,7.24,0.806,0.119,21.64,10.01,18.5,28.52,24.4,18.78
746543,2024-06-18,2024,691182,R,572020,L,field_out,False,False,5.0,0.2,0.0,0.0,0.0,0.0,0.4,0.0,14.29,9.52,9.52,19.05,54.55,0.0,,,,,,,,,,,,,,,233.0,0.213,35.0,15.02,31.0,13.3,0.69,0.158,19.72,9.14,13.55,22.69,23.86,11.72,316.0,0.239,85.0,26.9,23.0,7.28,0.755,0.218,28.93,15.19,13.03,28.22,31.91,20.83
746543,2024-06-18,2024,686668,R,572020,L,field_out,False,False,60.0,0.259,12.0,20.0,6.0,10.0,0.666,0.07400000000000001,27.12,14.48,9.5,23.98,25.45,18.75,132.0,0.194,53.0,40.15,5.0,3.79,0.584,0.1609999999999999,39.29,21.57,11.57,33.14,32.3,30.99,233.0,0.213,35.0,15.02,31.0,13.3,0.69,0.158,19.72,9.14,13.55,22.69,23.86,11.72,316.0,0.239,85.0,26.9,23.0,7.28,0.755,0.218,28.93,15.19,13.03,28.22,31.91,20.83
746543,2024-06-18,2024,666134,L,572020,L,single,False,False,33.0,0.233,12.0,36.36,3.0,9.09,0.5700000000000001,0.034,21.43,8.51,28.37,36.88,26.67,23.08,130.0,0.314,34.0,26.15,12.0,9.23,0.902,0.211,27.7,10.95,22.63,33.58,26.4,21.79,46.0,0.279,8.0,17.39,2.0,4.35,0.5900000000000001,0.0,17.44,8.72,19.19,27.91,26.03,14.81,95.0,0.289,16.0,16.84,10.0,10.53,0.796,0.145,22.09,9.11,19.24,28.35,19.79,15.24
746543,2024-06-18,2024,678662,R,572020,L,field_out,False,False,89.0,0.253,28.0,31.46,5.0,5.62,0.738,0.193,36.95,22.52,9.01,31.53,38.04,27.45,177.0,0.246,57.0,32.2,8.0,4.52,0.708,0.185,35.75,21.54,12.35,33.89,44.38,25.56,233.0,0.213,35.0,15.02,31.0,13.3,0.69,0.158,19.72,9.14,13.55,22.69,23.86,11.72,316.0,0.239,85.0,26.9,23.0,7.28,0.755,0.218,28.93,15.19,13.03,28.22,31.91,20.83
746543,2024-06-18,2024,681624,R,664129,R,field_out,False,False,168.0,0.232,46.0,27.38,9.0,5.36,0.69,0.165,27.89,15.14,12.39,27.52,32.62,20.63,,,,,,,,,,,,,,,17.0,0.267,3.0,17.65,2.0,11.76,0.886,0.266,23.53,12.5,14.06,26.56,33.33,13.04,8.0,0.167,2.0,25.0,2.0,25.0,1.042,0.5,17.65,7.89,10.53,18.42,15.0,16.67
746543,2024-06-18,2024,518792,L,664129,R,single,False,False,81.0,0.217,15.0,18.52,9.0,11.11,0.7390000000000001,0.18900000000000003,25.15,12.24,14.03,26.27,28.32,14.85,349.0,0.276,57.0,16.33,32.0,9.17,0.818,0.1949999999999999,20.45,9.51,16.77,26.27,27.56,15.45,14.0,0.417,2.0,14.29,2.0,14.29,0.917,0.0,15.79,8.11,5.41,13.51,18.75,40.0,8.0,0.143,1.0,12.5,1.0,12.5,0.393,0.0,23.08,10.71,14.29,25.0,21.43,16.67
746543,2024-06-18,2024,500743,R,664129,R,double,False,False,62.0,0.288,8.0,12.9,3.0,4.84,0.747,0.136,13.4,6.05,20.0,26.05,27.0,14.81,279.0,0.21,36.0,12.9,18.0,6.45,0.546,0.068,19.79,9.92,16.53,26.45,34.53,12.9,17.0,0.267,3.0,17.65,2.0,11.76,0.886,0.266,23.53,12.5,14.06,26.56,33.33,13.04,8.0,0.167,2.0,25.0,2.0,25.0,1.042,0.5,17.65,7.89,10.53,18.42,15.0,16.67
746543,2024-06-18,2024,624415,L,664129,R,single,False,False,128.0,0.19,39.0,30.47,14.0,10.94,0.611,0.09599999999999997,22.22,8.16,24.86,33.02,18.11,21.91,286.0,0.223,69.0,24.13,36.0,12.59,0.7090000000000001,0.149,23.33,9.24,21.47,30.71,15.66,18.6,14.0,0.417,2.0,14.29,2.0,14.29,0.917,0.0,15.79,8.11,5.41,13.51,18.75,40.0,8.0,0.143,1.0,12.5,1.0,12.5,0.393,0.0,23.08,10.71,14.29,25.0,21.43,16.67
746543,2024-06-18,2024,666158,L,664129,R,grounded_into_double_play,False,False,181.0,0.22,39.0,21.55,12.0,6.63,0.5760000000000001,0.08399999999999999,18.85,8.43,19.0,27.43,20.37,19.12,,,,,,,,,,,,,,,14.0,0.417,2.0,14.29,2.0,14.29,0.917,0.0,15.79,8.11,5.41,13.51,18.75,40.0,8.0,0.143,1.0,12.5,1.0,12.5,0.393,0.0,23.08,10.71,14.29,25.0,21.43,16.67
746543,2024-06-18,2024,607732,R,572020,L,strikeout,True,False,36.0,0.387,8.0,22.22,4.0,11.11,1.25,0.41900000000000004,33.93,15.2,18.4,33.6,22.03,33.33,52.0,0.213,11.0,21.15,3.0,5.77,0.637,0.149,23.08,10.71,20.41,31.12,23.46,19.3,233.0,0.213,35.0,15.02,31.0,13.3,0.69,0.158,19.72,9.14,13.55,22.69,23.86,11.72,316.0,0.239,85.0,26.9,23.0,7.28,0.755,0.218,28.93,15.19,13.03,28.22,31.91,20.83
746543,2024-06-18,2024,669911,R,572020,L,strikeout,True,False,27.0,0.12,10.0,37.04,2.0,7.41,0.5449999999999999,0.24,24.49,11.43,20.95,32.38,23.08,27.78,48.0,0.109,21.0,43.75,2.0,4.17,0.255,0.0,48.35,23.53,13.9,37.43,32.11,36.21,233.0,0.213,35.0,15.02,31.0,13.3,0.69,0.158,19.72,9.14,13.55,22.69,23.86,11.72,316.0,0.239,85.0,26.9,23.0,7.28,0.755,0.218,28.93,15.19,13.03,28.22,31.91,20.83
746543,2024-06-18,2024,660707,R,572020,L,walk,False,True,61.0,0.167,12.0,19.67,6.0,9.84,0.41300000000000003,0.0,27.69,14.88,12.81,27.69,43.54,15.19,111.0,0.234,42.0,37.84,3.0,2.7,0.6910000000000001,0.205,35.78,19.62,15.37,34.99,45.73,29.37,233.0,0.213,35.0,15.02,31.0,13.3,0.69,0.158,19.72,9.14,13.55,22.69,23.86,11.72,316.0,0.239,85.0,26.9,23.0,7.28,0.755,0.218,28.93,15.19,13.03,28.22,31.91,20.83
746543,2024-06-18,2024,696100,R,572020,L,strikeout,True,False,26.0,0.28,6.0,23.08,0.0,0.0,1.068,0.48,19.23,10.1,16.16,26.26,35.85,18.75,13.0,0.231,6.0,46.15,0.0,0.0,0.846,0.384,35.71,18.87,18.87,37.74,36.0,30.0,233.0,0.213,35.0,15.02,31.0,13.3,0.69,0.158,19.72,9.14,13.55,22.69,23.86,11.72,316.0,0.239,85.0,26.9,23.0,7.28,0.755,0.218,28.93,15.19,13.03,28.22,31.91,20.83
746543,2024-06-18,2024,660271,L,664129,R,walk,False,True,207.0,0.322,41.0,19.81,26.0,12.56,1.121,0.38399999999999995,29.46,14.22,13.14,27.36,29.8,17.23,429.0,0.327,99.0,23.08,64.0,14.92,1.132,0.3739999999999999,32.88,15.48,11.59,27.07,28.86,20.75,14.0,0.417,2.0,14.29,2.0,14.29,0.917,0.0,15.79,8.11,5.41,13.51,18.75,40.0,8.0,0.143,1.0,12.5,1.0,12.5,0.393,0.0,23.08,10.71,14.29,25.0,21.43,16.67
746543,2024-06-18,2024,669257,R,664129,R,field_out,False,False,183.0,0.233,31.0,16.94,12.0,6.56,0.6890000000000001,0.166,19.0,9.39,15.25,24.64,28.23,12.5,407.0,0.268,67.0,16.46,42.0,10.32,0.7949999999999999,0.1659999999999999,19.27,8.8,16.84,25.64,24.5,12.79,17.0,0.267,3.0,17.65,2.0,11.76,0.886,0.266,23.53,12.5,14.06,26.56,33.33,13.04,8.0,0.167,2.0,25.0,2.0,25.0,1.042,0.5,17.65,7.89,10.53,18.42,15.0,16.67
746543,2024-06-18,2024,518692,L,664129,R,intent_walk,False,True,201.0,0.349,31.0,15.42,31.0,15.42,1.055,0.253,19.42,8.97,11.52,20.48,22.81,13.14,514.0,0.33,81.0,15.76,57.0,11.09,0.962,0.218,19.83,9.77,11.31,21.08,27.01,16.63,14.0,0.417,2.0,14.29,2.0,14.29,0.917,0.0,15.79,8.11,5.41,13.51,18.75,40.0,8.0,0.143,1.0,12.5,1.0,12.5,0.393,0.0,23.08,10.71,14.29,25.0,21.43,16.67
746543,2024-06-18,2024,606192,R,664129,R,walk,False,True,223.0,0.258,64.0,28.7,21.0,9.42,0.803,0.20700000000000002,34.38,17.88,12.54,30.43,30.04,20.58,529.0,0.249,164.0,31.0,33.0,6.24,0.718,0.1639999999999999,36.92,19.57,14.44,34.01,34.81,23.06,17.0,0.267,3.0,17.65,2.0,11.76,0.886,0.266,23.53,12.5,14.06,26.56,33.33,13.04,8.0,0.167,2.0,25.0,2.0,25.0,1.042,0.5,17.65,7.89,10.53,18.42,15.0,16.67
746543,2024-06-18,2024,681624,R,664129,R,strikeout,True,False,168.0,0.232,46.0,27.38,9.0,5.36,0.69,0.165,27.89,15.14,12.39,27.52,32.62,20.63,,,,,,,,,,,,,,,17.0,0.267,3.0,17.65,2.0,11.76,0.886,0.266,23.53,12.5,14.06,26.56,33.33,13.04,8.0,0.167,2.0,25.0,2.0,25.0,1.042,0.5,17.65,7.89,10.53,18.42,15.0,16.67
746543,2024-06-18,2024,518792,L,664129,R,single,False,False,81.0,0.217,15.0,18.52,9.0,11.11,0.7390000000000001,0.18900000000000003,25.15,12.24,14.03,26.27,28.32,14.85,349.0,0.276,57.0,16.33,32.0,9.17,0.818,0.1949999999999999,20.45,9.51,16.77,26.27,27.56,15.45,14.0,0.417,2.0,14.29,2.0,14.29,0.917,0.0,15.79,8.11,5.41,13.51,18.75,40.0,8.0,0.143,1.0,12.5,1.0,12.5,0.393,0.0,23.08,10.71,14.29,25.0,21.43,16.67
746543,2024-06-18,2024,500743,R,664875,R,strikeout,True,False,62.0,0.288,8.0,12.9,3.0,4.84,0.747,0.136,13.4,6.05,20.0,26.05,27.0,14.81,279.0,0.21,36.0,12.9,18.0,6.45,0.546,0.068,19.79,9.92,16.53,26.45,34.53,12.9,64.0,0.278,17.0,26.56,7.0,10.94,0.719,0.09199999999999997,25.42,10.95,20.8,31.75,27.01,18.28,177.0,0.245,49.0,27.68,18.0,10.17,0.681,0.1029999999999999,27.34,10.96,23.42,34.38,25.86,30.43
746543,2024-06-18,2024,676701,R,656420,R,field_out,False,False,33.0,0.156,8.0,24.24,0.0,0.0,0.312,0.0,25.71,15.38,13.68,29.06,40.0,18.6,122.0,0.257,24.0,19.67,7.0,5.74,0.6950000000000001,0.132,20.9,11.11,14.38,25.49,35.06,16.55,21.0,0.158,4.0,19.05,1.0,4.76,0.606,0.21,23.08,12.33,17.81,30.14,37.14,17.39,,,,,,,,,,,,,,
746543,2024-06-18,2024,691182,L,656420,R,field_out,False,False,24.0,0.083,6.0,25.0,0.0,0.0,0.166,0.0,22.92,14.47,15.79,30.26,51.61,27.27,,,,,,,,,,,,,,,20.0,0.294,4.0,20.0,3.0,15.0,0.988,0.294,20.93,10.84,8.43,19.28,29.79,13.79,,,,,,,,,,,,,,
746543,2024-06-18,2024,686668,R,656420,R,field_out,False,False,213.0,0.265,60.0,28.17,19.0,8.92,0.7350000000000001,0.137,30.5,14.95,15.73,30.69,28.82,26.55,299.0,0.207,98.0,32.78,17.0,5.69,0.597,0.131,34.17,17.56,14.33,31.89,31.96,31.51,21.0,0.158,4.0,19.05,1.0,4.76,0.606,0.21,23.08,12.33,17.81,30.14,37.14,17.39,,,,,,,,,,,,,,
746543,2024-06-18,2024,624415,L,664875,R,walk,False,True,128.0,0.19,39.0,30.47,14.0,10.94,0.611,0.09599999999999997,22.22,8.16,24.86,33.02,18.11,21.91,286.0,0.223,69.0,24.13,36.0,12.59,0.7090000000000001,0.149,23.33,9.24,21.47,30.71,15.66,18.6,42.0,0.344,5.0,11.9,9.0,21.43,1.0,0.15600000000000003,19.05,7.55,15.72,23.27,21.88,13.16,149.0,0.221,29.0,19.46,18.0,12.08,0.6970000000000001,0.1399999999999999,20.35,8.63,17.64,26.27,23.41,23.02
746543,2024-06-18,2024,666158,L,664875,R,double,False,False,181.0,0.22,39.0,21.55,12.0,6.63,0.5760000000000001,0.08399999999999999,18.85,8.43,19.0,27.43,20.37,19.12,,,,,,,,,,,,,,,42.0,0.344,5.0,11.9,9.0,21.43,1.0,0.15600000000000003,19.05,7.55,15.72,23.27,21.88,13.16,149.0,0.221,29.0,19.46,18.0,12.08,0.6970000000000001,0.1399999999999999,20.35,8.63,17.64,26.27,23.41,23.02
746543,2024-06-18,2024,660271,L,664875,R,field_out,False,False,207.0,0.322,41.0,19.81,26.0,12.56,1.121,0.38399999999999995,29.46,14.22,13.14,27.36,29.8,17.23,429.0,0.327,99.0,23.08,64.0,14.92,1.132,0.3739999999999999,32.88,15.48,11.59,27.07,28.86,20.75,42.0,0.344,5.0,11.9,9.0,21.43,1.0,0.15600000000000003,19.05,7.55,15.72,23.27,21.88,13.16,149.0,0.221,29.0,19.46,18.0,12.08,0.6970000000000001,0.1399999999999999,20.35,8.63,17.64,26.27,23.41,23.02
746543,2024-06-18,2024,669257,R,664875,R,sac_fly,False,False,183.0,0.233,31.0,16.94,12.0,6.56,0.6890000000000001,0.166,19.0,9.39,15.25,24.64,28.23,12.5,407.0,0.268,67.0,16.46,42.0,10.32,0.7949999999999999,0.1659999999999999,19.27,8.8,16.84,25.64,24.5,12.79,64.0,0.278,17.0,26.56,7.0,10.94,0.719,0.09199999999999997,25.42,10.95,20.8,31.75,27.01,18.28,177.0,0.245,49.0,27.68,18.0,10.17,0.681,0.1029999999999999,27.34,10.96,23.42,34.38,25.86,30.43
746543,2024-06-18,2024,518692,L,664875,R,single,False,False,201.0,0.349,31.0,15.42,31.0,15.42,1.055,0.253,19.42,8.97,11.52,20.48,22.81,13.14,514.0,0.33,81.0,15.76,57.0,11.09,0.962,0.218,19.83,9.77,11.31,21.08,27.01,16.63,42.0,0.344,5.0,11.9,9.0,21.43,1.0,0.15600000000000003,19.05,7.55,15.72,23.27,21.88,13.16,149.0,0.221,29.0,19.46,18.0,12.08,0.6970000000000001,0.1399999999999999,20.35,8.63,17.64,26.27,23.41,23.02
746543,2024-06-18,2024,606192,R,664875,R,strikeout,True,False,223.0,0.258,64.0,28.7,21.0,9.42,0.803,0.20700000000000002,34.38,17.88,12.54,30.43,30.04,20.58,529.0,0.249,164.0,31.0,33.0,6.24,0.718,0.1639999999999999,36.92,19.57,14.44,34.01,34.81,23.06,64.0,0.278,17.0,26.56,7.0,10.94,0.719,0.09199999999999997,25.42,10.95,20.8,31.75,27.01,18.28,177.0,0.245,49.0,27.68,18.0,10.17,0.681,0.1029999999999999,27.34,10.96,23.42,34.38,25.86,30.43
746543,2024-06-18,2024,666134,L,656420,R,field_out,False,False,87.0,0.184,27.0,31.03,11.0,12.64,0.59,0.119,28.76,11.11,22.47,33.59,22.11,18.49,294.0,0.289,92.0,31.29,41.0,13.95,0.945,0.261,33.58,14.12,18.56,32.68,25.97,22.72,20.0,0.294,4.0,20.0,3.0,15.0,0.988,0.294,20.93,10.84,8.43,19.28,29.79,13.79,,,,,,,,,,,,,,
746543,2024-06-18,2024,678662,R,656420,R,field_out,False,False,227.0,0.299,58.0,25.55,6.0,2.64,0.823,0.201,33.27,21.04,9.79,30.83,46.87,21.56,438.0,0.256,109.0,24.89,17.0,3.88,0.69,0.143,29.47,17.51,10.44,27.95,41.11,20.49,21.0,0.158,4.0,19.05,1.0,4.76,0.606,0.21,23.08,12.33,17.81,30.14,37.14,17.39,,,,,,,,,,,,,,
746543,2024-06-18,2024,675659,L,656420,R,home_run,False,False,6.0,0.2,4.0,66.67,1.0,16.67,1.133,0.6000000000000001,42.86,20.69,10.34,31.03,29.41,36.36,,,,,,,,,,,,,,,20.0,0.294,4.0,20.0,3.0,15.0,0.988,0.294,20.93,10.84,8.43,19.28,29.79,13.79,,,,,,,,,,,,,,
746543,2024-06-18,2024,669911,L,656420,R,double,False,False,65.0,0.217,23.0,35.38,3.0,4.62,0.679,0.19999999999999998,31.65,15.33,16.03,31.36,31.87,22.55,104.0,0.189,29.0,27.88,8.0,7.69,0.628,0.179,34.34,17.26,14.21,31.47,29.0,25.0,20.0,0.294,4.0,20.0,3.0,15.0,0.988,0.294,20.93,10.84,8.43,19.28,29.79,13.79,,,,,,,,,,,,,,
746543,2024-06-18,2024,660707,R,656420,R,double,False,False,170.0,0.216,38.0,22.35,14.0,8.24,0.6180000000000001,0.12400000000000003,29.34,15.88,13.13,29.01,36.2,21.71,196.0,0.249,69.0,35.2,12.0,6.12,0.729,0.1689999999999999,41.45,21.48,15.97,37.45,41.94,28.28,21.0,0.158,4.0,19.05,1.0,4.76,0.606,0.21,23.08,12.33,17.81,30.14,37.14,17.39,,,,,,,,,,,,,,
746543,2024-06-18,2024,696100,R,656420,R,home_run,False,False,55.0,0.154,17.0,30.91,2.0,3.64,0.508,0.154,37.17,21.43,11.22,32.65,36.0,31.48,64.0,0.193,18.0,28.12,5.0,7.81,0.583,0.14,38.6,18.26,16.18,34.44,35.56,28.57,21.0,0.158,4.0,19.05,1.0,4.76,0.606,0.21,23.08,12.33,17.81,30.14,37.14,17.39,,,,,,,,,,,,,,
746543,2024-06-18,2024,676701,R,656420,R,strikeout,True,False,33.0,0.156,8.0,24.24,0.0,0.0,0.312,0.0,25.71,15.38,13.68,29.06,40.0,18.6,122.0,0.257,24.0,19.67,7.0,5.74,0.6950000000000001,0.132,20.9,11.11,14.38,25.49,35.06,16.55,21.0,0.158,4.0,19.05,1.0,4.76,0.606,0.21,23.08,12.33,17.81,30.14,37.14,17.39,,,,,,,,,,,,,,
746627,2024-06-18,2024,641487,L,663474,R,walk,False,True,150.0,0.16,36.0,24.0,17.0,11.33,0.558,0.13799999999999998,18.7,7.56,20.37,27.93,19.25,18.09,446.0,0.266,84.0,18.83,67.0,15.02,0.845,0.197,18.19,6.93,19.49,26.42,17.9,17.39,149.0,0.215,25.0,16.78,17.0,11.41,0.719,0.19999999999999998,17.24,7.27,18.18,25.45,22.22,18.12,27.0,0.0,4.0,14.81,10.0,37.04,0.37,0.0,17.95,5.51,15.75,21.26,11.84,15.38
746627,2024-06-18,2024,668942,L,663474,R,field_out,False,False,193.0,0.279,29.0,15.03,18.0,9.33,0.7809999999999999,0.15099999999999997,17.51,8.08,16.69,24.77,22.1,12.78,299.0,0.249,64.0,21.4,22.0,7.36,0.6559999999999999,0.1019999999999999,22.77,10.13,19.65,29.78,25.55,19.69,149.0,0.215,25.0,16.78,17.0,11.41,0.719,0.19999999999999998,17.24,7.27,18.18,25.45,22.22,18.12,27.0,0.0,4.0,14.81,10.0,37.04,0.37,0.0,17.95,5.51,15.75,21.26,11.84,15.38
746627,2024-06-18,2024,677594,R,663474,R,force_out,False,False,229.0,0.257,62.0,27.07,14.0,6.11,0.647,0.08400000000000002,30.35,16.18,12.27,28.45,36.22,19.3,545.0,0.267,127.0,23.3,35.0,6.42,0.8109999999999999,0.2169999999999999,27.93,14.91,13.12,28.03,38.34,22.84,148.0,0.24,40.0,27.03,21.0,14.19,0.802,0.20800000000000002,28.24,12.7,15.52,28.22,25.17,24.69,46.0,0.279,12.0,26.09,3.0,6.52,0.8140000000000001,0.2089999999999999,30.21,16.76,12.14,28.9,36.47,22.64
746627,2024-06-18,2024,663728,L,663474,R,field_out,False,False,192.0,0.233,67.0,34.9,19.0,9.9,0.702,0.162,30.29,15.05,13.62,28.67,30.56,22.53,462.0,0.235,126.0,27.27,47.0,10.17,0.7909999999999999,0.241,29.58,14.2,14.09,28.29,30.53,21.36,149.0,0.215,25.0,16.78,17.0,11.41,0.719,0.19999999999999998,17.24,7.27,18.18,25.45,22.22,18.12,27.0,0.0,4.0,14.81,10.0,37.04,0.37,0.0,17.95,5.51,15.75,21.26,11.84,15.38
746627,2024-06-18,2024,680757,L,682243,R,field_out,False,False,138.0,0.377,9.0,6.52,12.0,8.7,0.99,0.17200000000000004,6.85,2.85,22.24,25.1,20.0,6.29,494.0,0.272,52.0,10.53,50.0,10.12,0.73,0.1119999999999999,10.22,4.19,22.03,26.23,20.67,8.84,173.0,0.178,38.0,21.97,15.0,8.67,0.631,0.20400000000000001,23.37,11.93,13.9,25.83,26.79,18.72,256.0,0.303,47.0,18.36,16.0,6.25,0.916,0.255,23.37,11.88,14.6,26.49,27.52,16.04
746627,2024-06-18,2024,665926,L,682243,R,field_out,False,False,197.0,0.249,29.0,14.72,11.0,5.58,0.647,0.09000000000000002,24.65,13.64,11.82,25.45,36.53,11.72,419.0,0.243,86.0,20.53,24.0,5.73,0.712,0.162,26.46,14.29,12.8,27.09,38.97,17.27,173.0,0.178,38.0,21.97,15.0,8.67,0.631,0.20400000000000001,23.37,11.93,13.9,25.83,26.79,18.72,256.0,0.303,47.0,18.36,16.0,6.25,0.916,0.255,23.37,11.88,14.6,26.49,27.52,16.04
746627,2024-06-18,2024,608070,L,682243,R,field_out,False,False,199.0,0.243,23.0,11.56,16.0,8.04,0.821,0.271,14.04,6.83,13.29,20.12,30.45,9.24,461.0,0.302,48.0,10.41,54.0,11.71,0.863,0.179,15.4,6.98,13.91,20.89,28.02,10.17,173.0,0.178,38.0,21.97,15.0,8.67,0.631,0.20400000000000001,23.37,11.93,13.9,25.83,26.79,18.72,256.0,0.303,47.0,18.36,16.0,6.25,0.916,0.255,23.37,11.88,14.6,26.49,27.52,16.04
746627,2024-06-18,2024,664034,R,663474,R,walk,False,True,168.0,0.25,39.0,23.21,11.0,6.55,0.71,0.14500000000000002,19.87,9.52,15.05,24.58,25.24,18.57,506.0,0.24,85.0,16.8,37.0,7.31,0.698,0.1169999999999999,22.16,11.42,13.69,25.11,32.3,15.51,148.0,0.24,40.0,27.03,21.0,14.19,0.802,0.20800000000000002,28.24,12.7,15.52,28.22,25.17,24.69,46.0,0.279,12.0,26.09,3.0,6.52,0.8140000000000001,0.2089999999999999,30.21,16.76,12.14,28.9,36.47,22.64
746627,2024-06-18,2024,670042,L,663474,R,field_out,False,False,155.0,0.262,49.0,31.61,5.0,3.23,0.751,0.179,36.08,19.86,10.98,30.84,30.47,30.43,363.0,0.247,112.0,30.85,26.0,7.16,0.8340000000000001,0.25,38.6,19.83,11.57,31.39,31.1,26.79,149.0,0.215,25.0,16.78,17.0,11.41,0.719,0.19999999999999998,17.24,7.27,18.18,25.45,22.22,18.12,27.0,0.0,4.0,14.81,10.0,37.04,0.37,0.0,17.95,5.51,15.75,21.26,11.84,15.38
746627,2024-06-18,2024,641598,R,663474,R,field_out,False,False,165.0,0.154,53.0,32.12,23.0,13.94,0.574,0.13299999999999998,34.32,13.36,21.98,35.34,18.71,23.87,262.0,0.25,70.0,26.72,25.0,9.54,0.845,0.267,25.84,10.63,19.22,29.85,18.71,21.21,148.0,0.24,40.0,27.03,21.0,14.19,0.802,0.20800000000000002,28.24,12.7,15.52,28.22,25.17,24.69,46.0,0.279,12.0,26.09,3.0,6.52,0.8140000000000001,0.2089999999999999,30.21,16.76,12.14,28.9,36.47,22.64
746627,2024-06-18,2024,686527,L,663474,R,field_out,False,False,98.0,0.23,25.0,25.51,10.0,10.2,0.7769999999999999,0.24099999999999996,34.46,17.53,16.38,33.91,39.23,24.51,155.0,0.221,26.0,16.77,5.0,3.23,0.661,0.1879999999999999,24.65,13.73,16.86,30.59,41.27,21.85,149.0,0.215,25.0,16.78,17.0,11.41,0.719,0.19999999999999998,17.24,7.27,18.18,25.45,22.22,18.12,27.0,0.0,4.0,14.81,10.0,37.04,0.37,0.0,17.95,5.51,15.75,21.26,11.84,15.38
746627,2024-06-18,2024,647304,L,682243,R,walk,False,True,194.0,0.244,26.0,13.4,20.0,10.31,0.8300000000000001,0.256,20.51,10.58,10.14,20.72,33.42,14.13,348.0,0.311,53.0,15.23,25.0,7.18,0.851,0.184,21.29,11.96,9.18,21.15,41.36,16.99,173.0,0.178,38.0,21.97,15.0,8.67,0.631,0.20400000000000001,23.37,11.93,13.9,25.83,26.79,18.72,256.0,0.303,47.0,18.36,16.0,6.25,0.916,0.255,23.37,11.88,14.6,26.49,27.52,16.04
746627,2024-06-18,2024,681807,R,682243,R,single,False,False,91.0,0.284,14.0,15.38,6.0,6.59,0.784,0.14800000000000002,18.71,9.61,14.11,23.72,28.03,13.59,63.0,0.246,19.0,30.16,3.0,4.76,0.727,0.175,29.77,16.96,13.91,30.87,36.11,25.0,150.0,0.207,42.0,28.0,9.0,6.0,0.5529999999999999,0.093,26.88,13.02,17.53,30.56,24.44,22.04,282.0,0.2,72.0,25.53,10.0,3.55,0.549,0.1149999999999999,25.0,13.61,14.7,28.31,29.61,20.28
746627,2024-06-18,2024,686823,L,682243,R,single,False,False,176.0,0.252,21.0,11.93,14.0,7.95,0.714,0.14400000000000002,17.86,9.58,11.34,20.93,32.17,13.38,369.0,0.279,45.0,12.2,14.0,3.79,0.6930000000000001,0.0999999999999999,17.97,10.23,12.48,22.71,38.5,12.47,173.0,0.178,38.0,21.97,15.0,8.67,0.631,0.20400000000000001,23.37,11.93,13.9,25.83,26.79,18.72,256.0,0.303,47.0,18.36,16.0,6.25,0.916,0.255,23.37,11.88,14.6,26.49,27.52,16.04
746627,2024-06-18,2024,682177,L,682243,R,force_out,False,False,22.0,0.421,5.0,22.73,3.0,13.64,1.2890000000000001,0.36800000000000005,22.86,10.13,15.19,25.32,17.78,25.0,,,,,,,,,,,,,,,173.0,0.178,38.0,21.97,15.0,8.67,0.631,0.20400000000000001,23.37,11.93,13.9,25.83,26.79,18.72,256.0,0.303,47.0,18.36,16.0,6.25,0.916,0.255,23.37,11.88,14.6,26.49,27.52,16.04
746627,2024-06-18,2024,677587,L,682243,R,fielders_choice_out,False,False,146.0,0.244,21.0,14.38,19.0,13.01,0.685,0.08900000000000002,21.17,9.86,15.14,25.0,28.16,11.35,53.0,0.3,12.0,22.64,2.0,3.77,0.7010000000000001,0.08,28.07,15.31,15.79,31.1,41.59,17.39,173.0,0.178,38.0,21.97,15.0,8.67,0.631,0.20400000000000001,23.37,11.93,13.9,25.83,26.79,18.72,256.0,0.303,47.0,18.36,16.0,6.25,0.916,0.255,23.37,11.88,14.6,26.49,27.52,16.04
746627,2024-06-18,2024,666310,L,682243,R,strikeout,True,False,137.0,0.177,47.0,34.31,11.0,8.03,0.506,0.08100000000000002,30.55,14.38,17.47,31.85,27.1,23.08,180.0,0.243,40.0,22.22,26.0,14.44,0.852,0.257,22.79,10.11,14.03,24.15,23.6,16.67,173.0,0.178,38.0,21.97,15.0,8.67,0.631,0.20400000000000001,23.37,11.93,13.9,25.83,26.79,18.72,256.0,0.303,47.0,18.36,16.0,6.25,0.916,0.255,23.37,11.88,14.6,26.49,27.52,16.04
746627,2024-06-18,2024,664238,R,663474,R,walk,False,True,142.0,0.203,40.0,28.17,16.0,11.27,0.704,0.16999999999999998,25.61,10.86,18.62,29.48,18.18,22.35,73.0,0.188,28.0,38.36,6.0,8.22,0.647,0.1709999999999999,33.56,16.33,21.33,37.67,34.46,26.17,148.0,0.24,40.0,27.03,21.0,14.19,0.802,0.20800000000000002,28.24,12.7,15.52,28.22,25.17,24.69,46.0,0.279,12.0,26.09,3.0,6.52,0.8140000000000001,0.2089999999999999,30.21,16.76,12.14,28.9,36.47,22.64
746627,2024-06-18,2024,641487,L,663474,R,home_run,False,False,150.0,0.16,36.0,24.0,17.0,11.33,0.558,0.13799999999999998,18.7,7.56,20.37,27.93,19.25,18.09,446.0,0.266,84.0,18.83,67.0,15.02,0.845,0.197,18.19,6.93,19.49,26.42,17.9,17.39,149.0,0.215,25.0,16.78,17.0,11.41,0.719,0.19999999999999998,17.24,7.27,18.18,25.45,22.22,18.12,27.0,0.0,4.0,14.81,10.0,37.04,0.37,0.0,17.95,5.51,15.75,21.26,11.84,15.38
746627,2024-06-18,2024,668942,L,663474,R,single,False,False,193.0,0.279,29.0,15.03,18.0,9.33,0.7809999999999999,0.15099999999999997,17.51,8.08,16.69,24.77,22.1,12.78,299.0,0.249,64.0,21.4,22.0,7.36,0.6559999999999999,0.1019999999999999,22.77,10.13,19.65,29.78,25.55,19.69,149.0,0.215,25.0,16.78,17.0,11.41,0.719,0.19999999999999998,17.24,7.27,18.18,25.45,22.22,18.12,27.0,0.0,4.0,14.81,10.0,37.04,0.37,0.0,17.95,5.51,15.75,21.26,11.84,15.38
746627,2024-06-18,2024,677594,R,663474,R,field_out,False,False,229.0,0.257,62.0,27.07,14.0,6.11,0.647,0.08400000000000002,30.35,16.18,12.27,28.45,36.22,19.3,545.0,0.267,127.0,23.3,35.0,6.42,0.8109999999999999,0.2169999999999999,27.93,14.91,13.12,28.03,38.34,22.84,148.0,0.24,40.0,27.03,21.0,14.19,0.802,0.20800000000000002,28.24,12.7,15.52,28.22,25.17,24.69,46.0,0.279,12.0,26.09,3.0,6.52,0.8140000000000001,0.2089999999999999,30.21,16.76,12.14,28.9,36.47,22.64
746627,2024-06-18,2024,663728,L,663474,R,double,False,False,192.0,0.233,67.0,34.9,19.0,9.9,0.702,0.162,30.29,15.05,13.62,28.67,30.56,22.53,462.0,0.235,126.0,27.27,47.0,10.17,0.7909999999999999,0.241,29.58,14.2,14.09,28.29,30.53,21.36,149.0,0.215,25.0,16.78,17.0,11.41,0.719,0.19999999999999998,17.24,7.27,18.18,25.45,22.22,18.12,27.0,0.0,4.0,14.81,10.0,37.04,0.37,0.0,17.95,5.51,15.75,21.26,11.84,15.38
746627,2024-06-18,2024,664034,R,663474,R,walk,False,True,168.0,0.25,39.0,23.21,11.0,6.55,0.71,0.14500000000000002,19.87,9.52,15.05,24.58,25.24,18.57,506.0,0.24,85.0,16.8,37.0,7.31,0.698,0.1169999999999999,22.16,11.42,13.69,25.11,32.3,15.51,148.0,0.24,40.0,27.03,21.0,14.19,0.802,0.20800000000000002,28.24,12.7,15.52,28.22,25.17,24.69,46.0,0.279,12.0,26.09,3.0,6.52,0.8140000000000001,0.2089999999999999,30.21,16.76,12.14,28.9,36.47,22.64
746627,2024-06-18,2024,670042,L,682120,L,strikeout,True,False,30.0,0.214,7.0,23.33,2.0,6.67,0.624,0.143,29.82,14.41,16.1,30.51,25.0,21.21,44.0,0.268,16.0,36.36,2.0,4.55,0.741,0.1709999999999999,41.18,22.58,15.48,38.06,33.8,36.36,42.0,0.081,12.0,28.57,3.0,7.14,0.252,0.0,29.27,14.04,19.3,33.33,35.23,20.34,47.0,0.231,14.0,29.79,6.0,12.77,0.666,0.102,32.18,14.07,19.6,33.67,32.04,24.14
746627,2024-06-18,2024,641598,R,682120,L,double,False,False,70.0,0.217,16.0,22.86,10.0,14.29,0.812,0.266,23.81,9.09,22.12,31.21,19.76,13.01,84.0,0.344,12.0,14.29,19.0,22.62,0.938,0.094,15.7,5.37,20.06,25.42,13.76,12.9,64.0,0.196,14.0,21.88,8.0,12.5,0.5469999999999999,0.05399999999999999,27.2,12.45,17.95,30.4,33.12,15.38,74.0,0.308,18.0,24.32,6.0,8.11,0.8240000000000001,0.138,23.87,11.9,13.5,25.4,29.11,18.09
746627,2024-06-18,2024,686527,L,682120,L,field_out,False,False,9.0,0.0,5.0,55.56,1.0,11.11,0.111,0.0,47.06,17.78,22.22,40.0,9.09,27.78,27.0,0.208,6.0,22.22,3.0,11.11,0.629,0.125,31.11,14.74,20.0,34.74,44.23,23.08,42.0,0.081,12.0,28.57,3.0,7.14,0.252,0.0,29.27,14.04,19.3,33.33,35.23,20.34,47.0,0.231,14.0,29.79,6.0,12.77,0.666,0.102,32.18,14.07,19.6,33.67,32.04,24.14
746627,2024-06-18,2024,680757,L,682243,R,field_out,False,False,138.0,0.377,9.0,6.52,12.0,8.7,0.99,0.17200000000000004,6.85,2.85,22.24,25.1,20.0,6.29,494.0,0.272,52.0,10.53,50.0,10.12,0.73,0.1119999999999999,10.22,4.19,22.03,26.23,20.67,8.84,173.0,0.178,38.0,21.97,15.0,8.67,0.631,0.20400000000000001,23.37,11.93,13.9,25.83,26.79,18.72,256.0,0.303,47.0,18.36,16.0,6.25,0.916,0.255,23.37,11.88,14.6,26.49,27.52,16.04
746627,2024-06-18,2024,665926,L,682243,R,field_out,False,False,197.0,0.249,29.0,14.72,11.0,5.58,0.647,0.09000000000000002,24.65,13.64,11.82,25.45,36.53,11.72,419.0,0.243,86.0,20.53,24.0,5.73,0.712,0.162,26.46,14.29,12.8,27.09,38.97,17.27,173.0,0.178,38.0,21.97,15.0,8.67,0.631,0.20400000000000001,23.37,11.93,13.9,25.83,26.79,18.72,256.0,0.303,47.0,18.36,16.0,6.25,0.916,0.255,23.37,11.88,14.6,26.49,27.52,16.04
746627,2024-06-18,2024,608070,L,682243,R,field_out,False,False,199.0,0.243,23.0,11.56,16.0,8.04,0.821,0.271,14.04,6.83,13.29,20.12,30.45,9.24,461.0,0.302,48.0,10.41,54.0,11.71,0.863,0.179,15.4,6.98,13.91,20.89,28.02,10.17,173.0,0.178,38.0,21.97,15.0,8.67,0.631,0.20400000000000001,23.37,11.93,13.9,25.83,26.79,18.72,256.0,0.303,47.0,18.36,16.0,6.25,0.916,0.255,23.37,11.88,14.6,26.49,27.52,16.04
746627,2024-06-18,2024,664238,R,682120,L,double,False,False,76.0,0.203,19.0,25.0,7.0,9.21,0.6950000000000001,0.203,21.97,9.8,16.89,26.69,20.28,22.62,92.0,0.222,28.0,30.43,10.0,10.87,0.796,0.259,33.33,14.66,18.06,32.72,23.83,23.53,64.0,0.196,14.0,21.88,8.0,12.5,0.5469999999999999,0.05399999999999999,27.2,12.45,17.95,30.4,33.12,15.38,74.0,0.308,18.0,24.32,6.0,8.11,0.8240000000000001,0.138,23.87,11.9,13.5,25.4,29.11,18.09
746627,2024-06-18,2024,641487,L,682120,L,double,False,False,65.0,0.293,9.0,13.85,7.0,10.77,0.835,0.17300000000000004,14.29,5.51,23.53,29.04,11.3,10.71,193.0,0.267,41.0,21.24,27.0,13.99,0.755,0.1149999999999999,19.56,7.7,20.12,27.83,20.15,17.67,42.0,0.081,12.0,28.57,3.0,7.14,0.252,0.0,29.27,14.04,19.3,33.33,35.23,20.34,47.0,0.231,14.0,29.79,6.0,12.77,0.666,0.102,32.18,14.07,19.6,33.67,32.04,24.14
746627,2024-06-18,2024,668942,L,682120,L,strikeout,True,False,24.0,0.136,10.0,41.67,2.0,8.33,0.344,0.0,39.47,16.48,23.08,39.56,20.45,40.0,54.0,0.224,17.0,31.48,5.0,9.26,0.5609999999999999,0.041,32.61,13.64,21.82,35.45,26.36,24.29,42.0,0.081,12.0,28.57,3.0,7.14,0.252,0.0,29.27,14.04,19.3,33.33,35.23,20.34,47.0,0.231,14.0,29.79,6.0,12.77,0.666,0.102,32.18,14.07,19.6,33.67,32.04,24.14
746627,2024-06-18,2024,677594,R,682120,L,field_out,False,False,85.0,0.299,24.0,28.24,6.0,7.06,0.7729999999999999,0.11699999999999999,32.95,17.98,10.41,28.39,36.69,25.0,169.0,0.301,48.0,28.4,12.0,7.1,0.842,0.186,29.55,15.52,11.29,26.8,35.14,26.23,64.0,0.196,14.0,21.88,8.0,12.5,0.5469999999999999,0.05399999999999999,27.2,12.45,17.95,30.4,33.12,15.38,74.0,0.308,18.0,24.32,6.0,8.11,0.8240000000000001,0.138,23.87,11.9,13.5,25.4,29.11,18.09
746627,2024-06-18,2024,663728,R,682120,L,field_out,False,False,66.0,0.125,18.0,27.27,6.0,9.09,0.62,0.268,32.88,17.52,9.85,27.37,32.64,18.95,108.0,0.218,32.0,29.63,7.0,6.48,0.645,0.158,31.38,17.77,9.0,26.78,35.38,24.06,64.0,0.196,14.0,21.88,8.0,12.5,0.5469999999999999,0.05399999999999999,27.2,12.45,17.95,30.4,33.12,15.38,74.0,0.308,18.0,24.32,6.0,8.11,0.8240000000000001,0.138,23.87,11.9,13.5,25.4,29.11,18.09
746627,2024-06-18,2024,647304,L,682243,R,field_out,False,False,194.0,0.244,26.0,13.4,20.0,10.31,0.8300000000000001,0.256,20.51,10.58,10.14,20.72,33.42,14.13,348.0,0.311,53.0,15.23,25.0,7.18,0.851,0.184,21.29,11.96,9.18,21.15,41.36,16.99,173.0,0.178,38.0,21.97,15.0,8.67,0.631,0.20400000000000001,23.37,11.93,13.9,25.83,26.79,18.72,256.0,0.303,47.0,18.36,16.0,6.25,0.916,0.255,23.37,11.88,14.6,26.49,27.52,16.04
746627,2024-06-18,2024,681807,R,682243,R,field_out,False,False,91.0,0.284,14.0,15.38,6.0,6.59,0.784,0.14800000000000002,18.71,9.61,14.11,23.72,28.03,13.59,63.0,0.246,19.0,30.16,3.0,4.76,0.727,0.175,29.77,16.96,13.91,30.87,36.11,25.0,150.0,0.207,42.0,28.0,9.0,6.0,0.5529999999999999,0.093,26.88,13.02,17.53,30.56,24.44,22.04,282.0,0.2,72.0,25.53,10.0,3.55,0.549,0.1149999999999999,25.0,13.61,14.7,28.31,29.61,20.28
746627,2024-06-18,2024,686823,L,682243,R,field_out,False,False,176.0,0.252,21.0,11.93,14.0,7.95,0.714,0.14400000000000002,17.86,9.58,11.34,20.93,32.17,13.38,369.0,0.279,45.0,12.2,14.0,3.79,0.6930000000000001,0.0999999999999999,17.97,10.23,12.48,22.71,38.5,12.47,173.0,0.178,38.0,21.97,15.0,8.67,0.631,0.20400000000000001,23.37,11.93,13.9,25.83,26.79,18.72,256.0,0.303,47.0,18.36,16.0,6.25,0.916,0.255,23.37,11.88,14.6,26.49,27.52,16.04
746627,2024-06-18,2024,664034,R,605130,R,field_out,False,False,168.0,0.25,39.0,23.21,11.0,6.55,0.71,0.14500000000000002,19.87,9.52,15.05,24.58,25.24,18.57,506.0,0.24,85.0,16.8,37.0,7.31,0.698,0.1169999999999999,22.16,11.42,13.69,25.11,32.3,15.51,73.0,0.274,21.0,28.77,10.0,13.7,0.8049999999999999,0.16099999999999998,38.69,17.55,15.89,33.44,32.95,22.83,154.0,0.208,45.0,29.22,18.0,11.69,0.5569999999999999,0.046,35.85,15.68,19.97,35.64,29.91,24.19
746627,2024-06-18,2024,670042,L,605130,R,home_run,False,False,155.0,0.262,49.0,31.61,5.0,3.23,0.751,0.179,36.08,19.86,10.98,30.84,30.47,30.43,363.0,0.247,112.0,30.85,26.0,7.16,0.8340000000000001,0.25,38.6,19.83,11.57,31.39,31.1,26.79,50.0,0.14,18.0,36.0,5.0,10.0,0.44899999999999995,0.06899999999999998,35.63,14.16,20.09,34.25,28.0,28.12,145.0,0.279,34.0,23.45,16.0,11.03,0.798,0.1469999999999999,26.64,11.44,18.74,30.18,30.91,18.78
746627,2024-06-18,2024,641598,R,605130,R,strikeout,True,False,165.0,0.154,53.0,32.12,23.0,13.94,0.574,0.13299999999999998,34.32,13.36,21.98,35.34,18.71,23.87,262.0,0.25,70.0,26.72,25.0,9.54,0.845,0.267,25.84,10.63,19.22,29.85,18.71,21.21,73.0,0.274,21.0,28.77,10.0,13.7,0.8049999999999999,0.16099999999999998,38.69,17.55,15.89,33.44,32.95,22.83,154.0,0.208,45.0,29.22,18.0,11.69,0.5569999999999999,0.046,35.85,15.68,19.97,35.64,29.91,24.19
746627,2024-06-18,2024,686527,L,605130,R,strikeout,True,False,98.0,0.23,25.0,25.51,10.0,10.2,0.7769999999999999,0.24099999999999996,34.46,17.53,16.38,33.91,39.23,24.51,155.0,0.221,26.0,16.77,5.0,3.23,0.661,0.1879999999999999,24.65,13.73,16.86,30.59,41.27,21.85,50.0,0.14,18.0,36.0,5.0,10.0,0.44899999999999995,0.06899999999999998,35.63,14.16,20.09,34.25,28.0,28.12,145.0,0.279,34.0,23.45,16.0,11.03,0.798,0.1469999999999999,26.64,11.44,18.74,30.18,30.91,18.78
746627,2024-06-18,2024,682177,L,682243,R,single,False,False,22.0,0.421,5.0,22.73,3.0,13.64,1.2890000000000001,0.36800000000000005,22.86,10.13,15.19,25.32,17.78,25.0,,,,,,,,,,,,,,,173.0,0.178,38.0,21.97,15.0,8.67,0.631,0.20400000000000001,23.37,11.93,13.9,25.83,26.79,18.72,256.0,0.303,47.0,18.36,16.0,6.25,0.916,0.255,23.37,11.88,14.6,26.49,27.52,16.04
746627,2024-06-18,2024,677587,L,682243,R,field_out,False,False,146.0,0.244,21.0,14.38,19.0,13.01,0.685,0.08900000000000002,21.17,9.86,15.14,25.0,28.16,11.35,53.0,0.3,12.0,22.64,2.0,3.77,0.7010000000000001,0.08,28.07,15.31,15.79,31.1,41.59,17.39,173.0,0.178,38.0,21.97,15.0,8.67,0.631,0.20400000000000001,23.37,11.93,13.9,25.83,26.79,18.72,256.0,0.303,47.0,18.36,16.0,6.25,0.916,0.255,23.37,11.88,14.6,26.49,27.52,16.04
746627,2024-06-18,2024,666310,L,682243,R,field_out,False,False,137.0,0.177,47.0,34.31,11.0,8.03,0.506,0.08100000000000002,30.55,14.38,17.47,31.85,27.1,23.08,180.0,0.243,40.0,22.22,26.0,14.44,0.852,0.257,22.79,10.11,14.03,24.15,23.6,16.67,173.0,0.178,38.0,21.97,15.0,8.67,0.631,0.20400000000000001,23.37,11.93,13.9,25.83,26.79,18.72,256.0,0.303,47.0,18.36,16.0,6.25,0.916,0.255,23.37,11.88,14.6,26.49,27.52,16.04
746627,2024-06-18,2024,680757,L,682243,R,field_out,False,False,138.0,0.377,9.0,6.52,12.0,8.7,0.99,0.17200000000000004,6.85,2.85,22.24,25.1,20.0,6.29,494.0,0.272,52.0,10.53,50.0,10.12,0.73,0.1119999999999999,10.22,4.19,22.03,26.23,20.67,8.84,173.0,0.178,38.0,21.97,15.0,8.67,0.631,0.20400000000000001,23.37,11.93,13.9,25.83,26.79,18.72,256.0,0.303,47.0,18.36,16.0,6.25,0.916,0.255,23.37,11.88,14.6,26.49,27.52,16.04
746627,2024-06-18,2024,664238,R,671922,R,home_run,False,False,142.0,0.203,40.0,28.17,16.0,11.27,0.704,0.16999999999999998,25.61,10.86,18.62,29.48,18.18,22.35,73.0,0.188,28.0,38.36,6.0,8.22,0.647,0.1709999999999999,33.56,16.33,21.33,37.67,34.46,26.17,62.0,0.203,22.0,35.48,1.0,1.61,0.513,0.068,30.89,16.1,19.07,35.17,34.31,29.33,,,,,,,,,,,,,,
746627,2024-06-18,2024,641487,L,671922,R,walk,False,True,150.0,0.16,36.0,24.0,17.0,11.33,0.558,0.13799999999999998,18.7,7.56,20.37,27.93,19.25,18.09,446.0,0.266,84.0,18.83,67.0,15.02,0.845,0.197,18.19,6.93,19.49,26.42,17.9,17.39,60.0,0.167,21.0,35.0,6.0,10.0,0.528,0.11100000000000002,27.66,10.74,24.79,35.54,19.09,29.85,,,,,,,,,,,,,,
746627,2024-06-18,2024,668942,L,671922,R,strikeout,True,False,193.0,0.279,29.0,15.03,18.0,9.33,0.7809999999999999,0.15099999999999997,17.51,8.08,16.69,24.77,22.1,12.78,299.0,0.249,64.0,21.4,22.0,7.36,0.6559999999999999,0.1019999999999999,22.77,10.13,19.65,29.78,25.55,19.69,60.0,0.167,21.0,35.0,6.0,10.0,0.528,0.11100000000000002,27.66,10.74,24.79,35.54,19.09,29.85,,,,,,,,,,,,,,
746627,2024-06-18,2024,677594,R,671922,R,strikeout,True,False,229.0,0.257,62.0,27.07,14.0,6.11,0.647,0.08400000000000002,30.35,16.18,12.27,28.45,36.22,19.3,545.0,0.267,127.0,23.3,35.0,6.42,0.8109999999999999,0.2169999999999999,27.93,14.91,13.12,28.03,38.34,22.84,62.0,0.203,22.0,35.48,1.0,1.61,0.513,0.068,30.89,16.1,19.07,35.17,34.31,29.33,,,,,,,,,,,,,,
746627,2024-06-18,2024,663728,R,656529,L,force_out,False,False,66.0,0.125,18.0,27.27,6.0,9.09,0.62,0.268,32.88,17.52,9.85,27.37,32.64,18.95,108.0,0.218,32.0,29.63,7.0,6.48,0.645,0.158,31.38,17.77,9.0,26.78,35.38,24.06,34.0,0.121,13.0,38.24,1.0,2.94,0.32899999999999996,0.061,33.87,16.41,20.31,36.72,34.85,34.21,142.0,0.248,37.0,26.06,13.0,9.15,0.619,0.0539999999999999,28.86,12.59,20.21,32.8,25.09,22.84
746627,2024-06-18,2024,665926,L,682243,R,field_out,False,False,197.0,0.249,29.0,14.72,11.0,5.58,0.647,0.09000000000000002,24.65,13.64,11.82,25.45,36.53,11.72,419.0,0.243,86.0,20.53,24.0,5.73,0.712,0.162,26.46,14.29,12.8,27.09,38.97,17.27,173.0,0.178,38.0,21.97,15.0,8.67,0.631,0.20400000000000001,23.37,11.93,13.9,25.83,26.79,18.72,256.0,0.303,47.0,18.36,16.0,6.25,0.916,0.255,23.37,11.88,14.6,26.49,27.52,16.04
746627,2024-06-18,2024,608070,L,682243,R,single,False,False,199.0,0.243,23.0,11.56,16.0,8.04,0.821,0.271,14.04,6.83,13.29,20.12,30.45,9.24,461.0,0.302,48.0,10.41,54.0,11.71,0.863,0.179,15.4,6.98,13.91,20.89,28.02,10.17,173.0,0.178,38.0,21.97,15.0,8.67,0.631,0.20400000000000001,23.37,11.93,13.9,25.83,26.79,18.72,256.0,0.303,47.0,18.36,16.0,6.25,0.916,0.255,23.37,11.88,14.6,26.49,27.52,16.04
746627,2024-06-18,2024,647304,L,682243,R,single,False,False,194.0,0.244,26.0,13.4,20.0,10.31,0.8300000000000001,0.256,20.51,10.58,10.14,20.72,33.42,14.13,348.0,0.311,53.0,15.23,25.0,7.18,0.851,0.184,21.29,11.96,9.18,21.15,41.36,16.99,173.0,0.178,38.0,21.97,15.0,8.67,0.631,0.20400000000000001,23.37,11.93,13.9,25.83,26.79,18.72,256.0,0.303,47.0,18.36,16.0,6.25,0.916,0.255,23.37,11.88,14.6,26.49,27.52,16.04
746627,2024-06-18,2024,681807,R,682243,R,strikeout,True,False,91.0,0.284,14.0,15.38,6.0,6.59,0.784,0.14800000000000002,18.71,9.61,14.11,23.72,28.03,13.59,63.0,0.246,19.0,30.16,3.0,4.76,0.727,0.175,29.77,16.96,13.91,30.87,36.11,25.0,150.0,0.207,42.0,28.0,9.0,6.0,0.5529999999999999,0.093,26.88,13.02,17.53,30.56,24.44,22.04,282.0,0.2,72.0,25.53,10.0,3.55,0.549,0.1149999999999999,25.0,13.61,14.7,28.31,29.61,20.28
746627,2024-06-18,2024,686823,L,682243,R,single,False,False,176.0,0.252,21.0,11.93,14.0,7.95,0.714,0.14400000000000002,17.86,9.58,11.34,20.93,32.17,13.38,369.0,0.279,45.0,12.2,14.0,3.79,0.6930000000000001,0.0999999999999999,17.97,10.23,12.48,22.71,38.5,12.47,173.0,0.178,38.0,21.97,15.0,8.67,0.631,0.20400000000000001,23.37,11.93,13.9,25.83,26.79,18.72,256.0,0.303,47.0,18.36,16.0,6.25,0.916,0.255,23.37,11.88,14.6,26.49,27.52,16.04
746627,2024-06-18,2024,682177,L,682243,R,walk,False,True,22.0,0.421,5.0,22.73,3.0,13.64,1.2890000000000001,0.36800000000000005,22.86,10.13,15.19,25.32,17.78,25.0,,,,,,,,,,,,,,,173.0,0.178,38.0,21.97,15.0,8.67,0.631,0.20400000000000001,23.37,11.93,13.9,25.83,26.79,18.72,256.0,0.303,47.0,18.36,16.0,6.25,0.916,0.255,23.37,11.88,14.6,26.49,27.52,16.04
746627,2024-06-18,2024,677587,L,608723,R,field_out,False,False,146.0,0.244,21.0,14.38,19.0,13.01,0.685,0.08900000000000002,21.17,9.86,15.14,25.0,28.16,11.35,53.0,0.3,12.0,22.64,2.0,3.77,0.7010000000000001,0.08,28.07,15.31,15.79,31.1,41.59,17.39,58.0,0.182,9.0,15.52,2.0,3.45,0.569,0.16299999999999998,22.43,11.43,14.76,26.19,27.72,16.98,68.0,0.288,10.0,14.71,7.0,10.29,0.772,0.102,13.95,6.08,17.57,23.65,25.81,11.76
746627,2024-06-18,2024,664034,R,656529,L,walk,False,True,69.0,0.254,17.0,24.64,8.0,11.59,0.786,0.16999999999999998,31.25,14.6,13.14,27.74,26.71,21.79,160.0,0.28,32.0,20.0,6.0,3.75,0.718,0.1129999999999999,21.07,12.16,10.7,22.85,36.66,14.81,34.0,0.121,13.0,38.24,1.0,2.94,0.32899999999999996,0.061,33.87,16.41,20.31,36.72,34.85,34.21,142.0,0.248,37.0,26.06,13.0,9.15,0.619,0.0539999999999999,28.86,12.59,20.21,32.8,25.09,22.84
746627,2024-06-18,2024,670042,L,656529,L,single,False,False,30.0,0.214,7.0,23.33,2.0,6.67,0.624,0.143,29.82,14.41,16.1,30.51,25.0,21.21,44.0,0.268,16.0,36.36,2.0,4.55,0.741,0.1709999999999999,41.18,22.58,15.48,38.06,33.8,36.36,18.0,0.176,6.0,33.33,0.0,0.0,0.588,0.236,28.57,13.11,27.87,40.98,37.04,30.0,81.0,0.28,19.0,23.46,5.0,6.17,0.7210000000000001,0.12,24.82,11.6,16.72,28.33,29.05,30.16
746627,2024-06-18,2024,641598,R,656529,L,force_out,False,False,70.0,0.217,16.0,22.86,10.0,14.29,0.812,0.266,23.81,9.09,22.12,31.21,19.76,13.01,84.0,0.344,12.0,14.29,19.0,22.62,0.938,0.094,15.7,5.37,20.06,25.42,13.76,12.9,34.0,0.121,13.0,38.24,1.0,2.94,0.32899999999999996,0.061,33.87,16.41,20.31,36.72,34.85,34.21,142.0,0.248,37.0,26.06,13.0,9.15,0.619,0.0539999999999999,28.86,12.59,20.21,32.8,25.09,22.84
746627,2024-06-18,2024,571745,R,656529,L,walk,False,True,79.0,0.162,22.0,27.85,5.0,6.33,0.391,0.013999999999999985,31.29,14.7,17.57,32.27,28.95,20.59,69.0,0.254,17.0,24.64,5.0,7.25,0.706,0.143,26.02,11.43,17.5,28.93,26.06,19.54,34.0,0.121,13.0,38.24,1.0,2.94,0.32899999999999996,0.061,33.87,16.41,20.31,36.72,34.85,34.21,142.0,0.248,37.0,26.06,13.0,9.15,0.619,0.0539999999999999,28.86,12.59,20.21,32.8,25.09,22.84
746627,2024-06-18,2024,664238,R,658648,R,field_out,False,False,142.0,0.203,40.0,28.17,16.0,11.27,0.704,0.16999999999999998,25.61,10.86,18.62,29.48,18.18,22.35,73.0,0.188,28.0,38.36,6.0,8.22,0.647,0.1709999999999999,33.56,16.33,21.33,37.67,34.46,26.17,86.0,0.276,20.0,23.26,7.0,8.14,0.853,0.22399999999999998,26.8,13.62,14.29,27.91,33.77,22.47,125.0,0.262,35.0,28.0,11.0,8.8,0.743,0.131,34.03,16.36,15.35,31.72,30.53,20.0
746627,2024-06-18,2024,641487,L,658648,R,field_out,False,False,150.0,0.16,36.0,24.0,17.0,11.33,0.558,0.13799999999999998,18.7,7.56,20.37,27.93,19.25,18.09,446.0,0.266,84.0,18.83,67.0,15.02,0.845,0.197,18.19,6.93,19.49,26.42,17.9,17.39,56.0,0.128,18.0,32.14,6.0,10.71,0.384,0.04200000000000001,32.98,13.42,18.18,31.6,26.47,30.51,96.0,0.188,19.0,19.79,14.0,14.58,0.5780000000000001,0.074,21.64,9.25,15.0,24.25,24.89,16.1
746627,2024-06-18,2024,671286,R,642048,L,walk,False,True,20.0,0.125,5.0,25.0,4.0,20.0,0.488,0.063,35.14,16.46,11.39,27.85,27.5,17.24,,,,,,,,,,,,,,,42.0,0.256,9.0,21.43,3.0,7.14,0.6950000000000001,0.129,30.26,14.56,13.92,28.48,40.21,21.43,139.0,0.248,27.0,19.42,19.0,13.67,0.72,0.088,30.42,13.42,15.81,29.23,33.43,18.75
746627,2024-06-18,2024,680757,L,642048,L,single,False,False,59.0,0.444,5.0,8.47,5.0,8.47,1.029,0.09300000000000003,5.21,2.07,20.75,22.82,17.12,8.06,224.0,0.26,23.0,10.27,20.0,8.93,0.667,0.08,13.41,5.5,21.44,26.95,22.3,10.5,30.0,0.16,8.0,26.67,4.0,13.33,0.5,0.04000000000000001,27.45,12.39,16.81,29.2,28.07,23.53,69.0,0.21,16.0,23.19,4.0,5.8,0.516,0.048,28.1,13.77,21.05,34.82,33.02,23.19
746627,2024-06-18,2024,665926,L,642048,L,force_out,False,False,86.0,0.288,11.0,12.79,0.0,0.0,0.714,0.10000000000000003,20.56,11.67,14.2,25.87,40.52,11.34,197.0,0.268,26.0,13.2,8.0,4.06,0.7130000000000001,0.1169999999999999,23.63,12.79,15.07,27.86,41.69,11.02,30.0,0.16,8.0,26.67,4.0,13.33,0.5,0.04000000000000001,27.45,12.39,16.81,29.2,28.07,23.53,69.0,0.21,16.0,23.19,4.0,5.8,0.516,0.048,28.1,13.77,21.05,34.82,33.02,23.19
746627,2024-06-18,2024,608070,R,642048,L,single,False,False,92.0,0.325,11.0,11.96,8.0,8.7,0.958,0.25299999999999995,19.3,9.59,15.41,25.0,33.73,13.41,230.0,0.243,25.0,10.87,19.0,8.26,0.766,0.219,16.06,7.21,15.81,23.02,28.33,12.18,42.0,0.256,9.0,21.43,3.0,7.14,0.6950000000000001,0.129,30.26,14.56,13.92,28.48,40.21,21.43,139.0,0.248,27.0,19.42,19.0,13.67,0.72,0.088,30.42,13.42,15.81,29.23,33.43,18.75
746627,2024-06-18,2024,647304,L,642048,L,strikeout,True,False,87.0,0.195,21.0,24.14,7.0,8.05,0.6950000000000001,0.22099999999999997,29.29,14.14,13.79,27.93,35.98,29.58,148.0,0.299,15.0,10.14,8.0,5.41,0.821,0.175,16.23,8.67,12.1,20.77,35.38,11.03,30.0,0.16,8.0,26.67,4.0,13.33,0.5,0.04000000000000001,27.45,12.39,16.81,29.2,28.07,23.53,69.0,0.21,16.0,23.19,4.0,5.8,0.516,0.048,28.1,13.77,21.05,34.82,33.02,23.19
746627,2024-06-18,2024,681807,R,592773,R,strikeout,True,False,91.0,0.284,14.0,15.38,6.0,6.59,0.784,0.14800000000000002,18.71,9.61,14.11,23.72,28.03,13.59,63.0,0.246,19.0,30.16,3.0,4.76,0.727,0.175,29.77,16.96,13.91,30.87,36.11,25.0,61.0,0.2,16.0,26.23,5.0,8.2,0.552,0.07300000000000001,29.32,16.18,11.2,27.39,38.4,18.82,116.0,0.231,31.0,26.72,11.0,9.48,0.752,0.211,31.3,16.45,11.54,27.99,28.0,17.61
746627,2024-06-18,2024,668942,L,658648,R,double,False,False,193.0,0.279,29.0,15.03,18.0,9.33,0.7809999999999999,0.15099999999999997,17.51,8.08,16.69,24.77,22.1,12.78,299.0,0.249,64.0,21.4,22.0,7.36,0.6559999999999999,0.1019999999999999,22.77,10.13,19.65,29.78,25.55,19.69,56.0,0.128,18.0,32.14,6.0,10.71,0.384,0.04200000000000001,32.98,13.42,18.18,31.6,26.47,30.51,96.0,0.188,19.0,19.79,14.0,14.58,0.5780000000000001,0.074,21.64,9.25,15.0,24.25,24.89,16.1
746627,2024-06-18,2024,677594,R,658648,R,strikeout,True,False,229.0,0.257,62.0,27.07,14.0,6.11,0.647,0.08400000000000002,30.35,16.18,12.27,28.45,36.22,19.3,545.0,0.267,127.0,23.3,35.0,6.42,0.8109999999999999,0.2169999999999999,27.93,14.91,13.12,28.03,38.34,22.84,86.0,0.276,20.0,23.26,7.0,8.14,0.853,0.22399999999999998,26.8,13.62,14.29,27.91,33.77,22.47,125.0,0.262,35.0,28.0,11.0,8.8,0.743,0.131,34.03,16.36,15.35,31.72,30.53,20.0
746627,2024-06-18,2024,663728,L,658648,R,field_out,False,False,192.0,0.233,67.0,34.9,19.0,9.9,0.702,0.162,30.29,15.05,13.62,28.67,30.56,22.53,462.0,0.235,126.0,27.27,47.0,10.17,0.7909999999999999,0.241,29.58,14.2,14.09,28.29,30.53,21.36,56.0,0.128,18.0,32.14,6.0,10.71,0.384,0.04200000000000001,32.98,13.42,18.18,31.6,26.47,30.51,96.0,0.188,19.0,19.79,14.0,14.58,0.5780000000000001,0.074,21.64,9.25,15.0,24.25,24.89,16.1
746627,2024-06-18,2024,664034,R,658648,R,strikeout,True,False,168.0,0.25,39.0,23.21,11.0,6.55,0.71,0.14500000000000002,19.87,9.52,15.05,24.58,25.24,18.57,506.0,0.24,85.0,16.8,37.0,7.31,0.698,0.1169999999999999,22.16,11.42,13.69,25.11,32.3,15.51,86.0,0.276,20.0,23.26,7.0,8.14,0.853,0.22399999999999998,26.8,13.62,14.29,27.91,33.77,22.47,125.0,0.262,35.0,28.0,11.0,8.8,0.743,0.131,34.03,16.36,15.35,31.72,30.53,20.0
746627,2024-06-18,2024,686823,L,663423,R,single,False,False,176.0,0.252,21.0,11.93,14.0,7.95,0.714,0.14400000000000002,17.86,9.58,11.34,20.93,32.17,13.38,369.0,0.279,45.0,12.2,14.0,3.79,0.6930000000000001,0.0999999999999999,17.97,10.23,12.48,22.71,38.5,12.47,53.0,0.245,16.0,30.19,2.0,3.77,0.5960000000000001,0.08200000000000002,22.5,13.11,16.02,29.13,42.86,21.05,55.0,0.308,7.0,12.73,3.0,5.45,0.903,0.25,15.48,6.6,22.34,28.93,14.63,11.86
746627,2024-06-18,2024,682177,L,663423,R,field_out,False,False,22.0,0.421,5.0,22.73,3.0,13.64,1.2890000000000001,0.36800000000000005,22.86,10.13,15.19,25.32,17.78,25.0,,,,,,,,,,,,,,,53.0,0.245,16.0,30.19,2.0,3.77,0.5960000000000001,0.08200000000000002,22.5,13.11,16.02,29.13,42.86,21.05,55.0,0.308,7.0,12.73,3.0,5.45,0.903,0.25,15.48,6.6,22.34,28.93,14.63,11.86
746627,2024-06-18,2024,677587,L,663423,R,hit_by_pitch,False,False,146.0,0.244,21.0,14.38,19.0,13.01,0.685,0.08900000000000002,21.17,9.86,15.14,25.0,28.16,11.35,53.0,0.3,12.0,22.64,2.0,3.77,0.7010000000000001,0.08,28.07,15.31,15.79,31.1,41.59,17.39,53.0,0.245,16.0,30.19,2.0,3.77,0.5960000000000001,0.08200000000000002,22.5,13.11,16.02,29.13,42.86,21.05,55.0,0.308,7.0,12.73,3.0,5.45,0.903,0.25,15.48,6.6,22.34,28.93,14.63,11.86
746627,2024-06-18,2024,671289,R,663423,R,hit_by_pitch,False,False,172.0,0.24,24.0,13.95,11.0,6.4,0.6799999999999999,0.12,16.08,7.53,19.31,26.84,29.77,15.09,89.0,0.266,17.0,19.1,6.0,6.74,0.656,0.076,20.13,9.22,18.73,27.95,29.94,17.0,72.0,0.164,15.0,20.83,8.0,11.11,0.517,0.08199999999999999,30.71,14.39,16.24,30.63,23.94,19.48,70.0,0.209,19.0,27.14,3.0,4.29,0.5860000000000001,0.134,26.12,13.36,17.18,30.53,37.78,20.88
746627,2024-06-18,2024,680757,L,662253,R,force_out,False,False,138.0,0.377,9.0,6.52,12.0,8.7,0.99,0.17200000000000004,6.85,2.85,22.24,25.1,20.0,6.29,494.0,0.272,52.0,10.53,50.0,10.12,0.73,0.1119999999999999,10.22,4.19,22.03,26.23,20.67,8.84,51.0,0.233,13.0,25.49,7.0,13.73,0.725,0.13899999999999998,28.09,12.38,17.82,30.2,31.25,24.07,104.0,0.242,31.0,29.81,10.0,9.62,0.671,0.099,36.45,17.25,16.55,33.8,30.63,24.03
746627,2024-06-18,2024,665926,L,662253,R,field_out,False,False,197.0,0.249,29.0,14.72,11.0,5.58,0.647,0.09000000000000002,24.65,13.64,11.82,25.45,36.53,11.72,419.0,0.243,86.0,20.53,24.0,5.73,0.712,0.162,26.46,14.29,12.8,27.09,38.97,17.27,51.0,0.233,13.0,25.49,7.0,13.73,0.725,0.13899999999999998,28.09,12.38,17.82,30.2,31.25,24.07,104.0,0.242,31.0,29.81,10.0,9.62,0.671,0.099,36.45,17.25,16.55,33.8,30.63,24.03
746627,2024-06-18,2024,670042,L,683769,R,strikeout,True,False,155.0,0.262,49.0,31.61,5.0,3.23,0.751,0.179,36.08,19.86,10.98,30.84,30.47,30.43,363.0,0.247,112.0,30.85,26.0,7.16,0.8340000000000001,0.25,38.6,19.83,11.57,31.39,31.1,26.79,67.0,0.194,17.0,25.37,3.0,4.48,0.577,0.129,24.6,12.55,16.6,29.15,30.83,21.79,100.0,0.226,8.0,8.0,9.0,9.0,0.692,0.143,13.84,5.79,17.63,23.42,18.28,8.33
746627,2024-06-18,2024,641598,R,683769,R,double,False,False,165.0,0.154,53.0,32.12,23.0,13.94,0.574,0.13299999999999998,34.32,13.36,21.98,35.34,18.71,23.87,262.0,0.25,70.0,26.72,25.0,9.54,0.845,0.267,25.84,10.63,19.22,29.85,18.71,21.21,56.0,0.151,13.0,23.21,3.0,5.36,0.404,0.056999999999999995,31.73,16.02,18.93,34.95,34.44,20.0,83.0,0.286,16.0,19.28,5.0,6.02,0.857,0.246,20.12,11.07,14.66,25.73,30.23,14.81
746627,2024-06-18,2024,571745,R,683769,R,field_out,False,False,175.0,0.255,46.0,26.29,15.0,8.57,0.749,0.172,29.45,12.62,17.48,30.1,21.91,20.45,161.0,0.189,48.0,29.81,10.0,6.21,0.599,0.1619999999999999,28.57,13.33,19.22,32.56,25.34,22.02,56.0,0.151,13.0,23.21,3.0,5.36,0.404,0.056999999999999995,31.73,16.02,18.93,34.95,34.44,20.0,83.0,0.286,16.0,19.28,5.0,6.02,0.857,0.246,20.12,11.07,14.66,25.73,30.23,14.81
746627,2024-06-18,2024,664238,R,683769,R,field_out,False,False,142.0,0.203,40.0,28.17,16.0,11.27,0.704,0.16999999999999998,25.61,10.86,18.62,29.48,18.18,22.35,73.0,0.188,28.0,38.36,6.0,8.22,0.647,0.1709999999999999,33.56,16.33,21.33,37.67,34.46,26.17,56.0,0.151,13.0,23.21,3.0,5.36,0.404,0.056999999999999995,31.73,16.02,18.93,34.95,34.44,20.0,83.0,0.286,16.0,19.28,5.0,6.02,0.857,0.246,20.12,11.07,14.66,25.73,30.23,14.81
746627,2024-06-18,2024,608070,L,662253,R,field_out,False,False,199.0,0.243,23.0,11.56,16.0,8.04,0.821,0.271,14.04,6.83,13.29,20.12,30.45,9.24,461.0,0.302,48.0,10.41,54.0,11.71,0.863,0.179,15.4,6.98,13.91,20.89,28.02,10.17,51.0,0.233,13.0,25.49,7.0,13.73,0.725,0.13899999999999998,28.09,12.38,17.82,30.2,31.25,24.07,104.0,0.242,31.0,29.81,10.0,9.62,0.671,0.099,36.45,17.25,16.55,33.8,30.63,24.03
746627,2024-06-18,2024,647304,L,662253,R,field_out,False,False,194.0,0.244,26.0,13.4,20.0,10.31,0.8300000000000001,0.256,20.51,10.58,10.14,20.72,33.42,14.13,348.0,0.311,53.0,15.23,25.0,7.18,0.851,0.184,21.29,11.96,9.18,21.15,41.36,16.99,51.0,0.233,13.0,25.49,7.0,13.73,0.725,0.13899999999999998,28.09,12.38,17.82,30.2,31.25,24.07,104.0,0.242,31.0,29.81,10.0,9.62,0.671,0.099,36.45,17.25,16.55,33.8,30.63,24.03
746627,2024-06-18,2024,681807,R,662253,R,double,False,False,91.0,0.284,14.0,15.38,6.0,6.59,0.784,0.14800000000000002,18.71,9.61,14.11,23.72,28.03,13.59,63.0,0.246,19.0,30.16,3.0,4.76,0.727,0.175,29.77,16.96,13.91,30.87,36.11,25.0,62.0,0.136,28.0,45.16,3.0,4.84,0.32999999999999996,0.016999999999999987,47.24,22.47,16.1,38.58,36.2,34.57,108.0,0.194,36.0,33.33,12.0,11.11,0.575,0.075,42.42,20.05,17.9,37.95,33.98,28.12
746627,2024-06-18,2024,686823,L,662253,R,strikeout,True,False,176.0,0.252,21.0,11.93,14.0,7.95,0.714,0.14400000000000002,17.86,9.58,11.34,20.93,32.17,13.38,369.0,0.279,45.0,12.2,14.0,3.79,0.6930000000000001,0.0999999999999999,17.97,10.23,12.48,22.71,38.5,12.47,51.0,0.233,13.0,25.49,7.0,13.73,0.725,0.13899999999999998,28.09,12.38,17.82,30.2,31.25,24.07,104.0,0.242,31.0,29.81,10.0,9.62,0.671,0.099,36.45,17.25,16.55,33.8,30.63,24.03
746049,2024-06-18,2024,680977,L,682610,R,field_out,False,False,201.0,0.236,32.0,15.92,16.0,7.96,0.6890000000000001,0.135,16.77,6.91,20.2,27.11,23.19,14.55,309.0,0.294,43.0,13.92,27.0,8.74,0.831,0.166,14.96,6.32,19.2,25.52,22.53,13.27,47.0,0.275,13.0,27.66,6.0,12.77,1.158,0.5,25.88,10.89,17.82,28.71,23.3,18.84,,,,,,,,,,,,,,
746049,2024-06-18,2024,676475,L,682610,R,field_error,False,False,162.0,0.292,24.0,14.81,7.0,4.32,0.782,0.16300000000000003,19.27,10.92,12.31,23.22,34.72,14.81,318.0,0.243,39.0,12.26,21.0,6.6,0.698,0.156,17.66,9.16,14.01,23.17,33.05,13.13,47.0,0.275,13.0,27.66,6.0,12.77,1.158,0.5,25.88,10.89,17.82,28.71,23.3,18.84,,,,,,,,,,,,,,
746049,2024-06-18,2024,502671,R,682610,R,home_run,False,False,220.0,0.21,70.0,31.82,18.0,8.18,0.624,0.13499999999999998,29.27,13.92,18.67,32.59,30.09,19.83,518.0,0.259,120.0,23.17,67.0,12.93,0.8049999999999999,0.187,27.85,12.3,17.85,30.16,25.85,17.44,57.0,0.137,14.0,24.56,6.0,10.53,0.483,0.118,28.07,13.91,13.91,27.83,34.43,18.18,,,,,,,,,,,,,,
746049,2024-06-18,2024,669357,L,682610,R,strikeout,True,False,176.0,0.217,63.0,35.8,18.0,10.23,0.762,0.24800000000000003,39.32,19.22,14.9,34.12,29.32,26.92,378.0,0.231,124.0,32.8,42.0,11.11,0.7969999999999999,0.2459999999999999,35.96,17.73,12.12,29.85,28.13,25.15,47.0,0.275,13.0,27.66,6.0,12.77,1.158,0.5,25.88,10.89,17.82,28.71,23.3,18.84,,,,,,,,,,,,,,
746049,2024-06-18,2024,671056,R,682610,R,walk,False,True,126.0,0.289,27.0,21.43,9.0,7.14,0.748,0.11500000000000005,24.77,10.69,19.96,30.65,29.44,18.24,36.0,0.3,10.0,27.78,4.0,11.11,0.784,0.067,28.57,12.05,14.46,26.51,27.08,17.31,57.0,0.137,14.0,24.56,6.0,10.53,0.483,0.118,28.07,13.91,13.91,27.83,34.43,18.18,,,,,,,,,,,,,,
746049,2024-06-18,2024,572761,L,682610,R,field_out,False,False,60.0,0.189,18.0,30.0,6.0,10.0,0.5920000000000001,0.132,29.25,12.5,18.55,31.05,21.37,26.47,220.0,0.167,64.0,29.09,38.0,17.27,0.616,0.1319999999999999,29.37,12.01,18.83,30.84,21.25,22.78,47.0,0.275,13.0,27.66,6.0,12.77,1.158,0.5,25.88,10.89,17.82,28.71,23.3,18.84,,,,,,,,,,,,,,
746049,2024-06-18,2024,665862,L,458681,R,field_out,False,False,193.0,0.266,44.0,22.8,19.0,9.84,0.8160000000000001,0.20799999999999996,28.18,13.08,13.46,26.54,30.29,20.0,290.0,0.275,91.0,31.38,20.0,6.9,0.8540000000000001,0.25,35.14,15.36,16.88,32.24,26.1,27.41,175.0,0.266,35.0,20.0,19.0,10.86,0.778,0.16299999999999998,24.41,10.91,14.5,25.41,22.1,19.89,401.0,0.29,80.0,19.95,39.0,9.73,0.909,0.259,26.41,12.9,13.22,26.12,27.13,16.13
746049,2024-06-18,2024,650559,R,458681,R,single,False,False,198.0,0.222,52.0,26.26,16.0,8.08,0.705,0.19499999999999998,32.43,16.44,13.68,30.11,31.58,22.81,473.0,0.251,107.0,22.62,29.0,6.13,0.717,0.1689999999999999,28.95,14.54,15.93,30.47,34.61,18.71,134.0,0.218,33.0,24.63,11.0,8.21,0.612,0.101,25.87,12.96,12.96,25.92,31.11,17.1,407.0,0.23,111.0,27.27,28.0,6.88,0.719,0.1919999999999999,30.85,15.73,13.93,29.66,29.38,20.64
746049,2024-06-18,2024,605137,L,458681,R,single,False,False,197.0,0.258,40.0,20.3,11.0,5.58,0.7,0.124,30.35,16.45,9.99,26.43,29.8,23.78,432.0,0.239,93.0,21.53,39.0,9.03,0.6970000000000001,0.148,24.59,11.57,13.95,25.52,28.11,20.58,175.0,0.266,35.0,20.0,19.0,10.86,0.778,0.16299999999999998,24.41,10.91,14.5,25.41,22.1,19.89,401.0,0.29,80.0,19.95,39.0,9.73,0.909,0.259,26.41,12.9,13.22,26.12,27.13,16.13
746049,2024-06-18,2024,660821,L,458681,R,home_run,False,False,179.0,0.261,41.0,22.91,10.0,5.59,0.7010000000000001,0.127,25.5,13.93,12.38,26.32,36.6,20.0,353.0,0.258,93.0,26.35,36.0,10.2,0.805,0.21,29.33,14.21,14.01,28.21,30.32,20.53,175.0,0.266,35.0,20.0,19.0,10.86,0.778,0.16299999999999998,24.41,10.91,14.5,25.41,22.1,19.89,401.0,0.29,80.0,19.95,39.0,9.73,0.909,0.259,26.41,12.9,13.22,26.12,27.13,16.13
746049,2024-06-18,2024,669394,R,458681,R,field_out,False,False,139.0,0.244,38.0,27.34,7.0,5.04,0.7010000000000001,0.176,27.03,14.37,16.22,30.6,38.65,27.74,402.0,0.247,112.0,27.86,23.0,5.72,0.8,0.249,34.59,18.69,13.25,31.93,39.43,23.09,134.0,0.218,33.0,24.63,11.0,8.21,0.612,0.101,25.87,12.96,12.96,25.92,31.11,17.1,407.0,0.23,111.0,27.27,28.0,6.88,0.719,0.1919999999999999,30.85,15.73,13.93,29.66,29.38,20.64
746049,2024-06-18,2024,624503,L,458681,R,field_out,False,False,167.0,0.229,37.0,22.16,7.0,4.19,0.622,0.13399999999999998,30.49,18.66,9.92,28.57,45.43,19.68,83.0,0.16,10.0,12.05,1.0,1.2,0.48,0.149,20.99,12.19,10.39,22.58,38.35,12.82,175.0,0.266,35.0,20.0,19.0,10.86,0.778,0.16299999999999998,24.41,10.91,14.5,25.41,22.1,19.89,401.0,0.29,80.0,19.95,39.0,9.73,0.909,0.259,26.41,12.9,13.22,26.12,27.13,16.13
746049,2024-06-18,2024,543063,L,682610,R,field_out,False,False,37.0,0.219,11.0,29.73,5.0,13.51,0.6990000000000001,0.156,35.14,16.88,14.29,31.17,26.83,21.57,251.0,0.188,58.0,23.11,24.0,9.56,0.583,0.119,28.57,14.75,12.56,27.31,30.55,19.8,47.0,0.275,13.0,27.66,6.0,12.77,1.158,0.5,25.88,10.89,17.82,28.71,23.3,18.84,,,,,,,,,,,,,,
746049,2024-06-18,2024,666185,L,682610,R,strikeout,True,False,35.0,0.161,12.0,34.29,3.0,8.57,0.451,0.033,40.28,18.95,15.03,33.99,22.97,24.49,170.0,0.196,37.0,21.76,14.0,8.24,0.592,0.1079999999999999,22.71,10.14,18.91,29.05,25.44,21.14,47.0,0.275,13.0,27.66,6.0,12.77,1.158,0.5,25.88,10.89,17.82,28.71,23.3,18.84,,,,,,,,,,,,,,
746049,2024-06-18,2024,672279,L,682610,R,double,False,False,100.0,0.256,26.0,26.0,5.0,5.0,0.625,0.07700000000000001,29.35,14.4,18.13,32.53,28.57,23.64,3.0,0.0,1.0,33.33,0.0,0.0,0.0,0.0,40.0,14.29,21.43,35.71,0.0,50.0,47.0,0.275,13.0,27.66,6.0,12.77,1.158,0.5,25.88,10.89,17.82,28.71,23.3,18.84,,,,,,,,,,,,,,
746049,2024-06-18,2024,680977,L,682610,R,home_run,False,False,201.0,0.236,32.0,15.92,16.0,7.96,0.6890000000000001,0.135,16.77,6.91,20.2,27.11,23.19,14.55,309.0,0.294,43.0,13.92,27.0,8.74,0.831,0.166,14.96,6.32,19.2,25.52,22.53,13.27,47.0,0.275,13.0,27.66,6.0,12.77,1.158,0.5,25.88,10.89,17.82,28.71,23.3,18.84,,,,,,,,,,,,,,
746049,2024-06-18,2024,676475,L,682610,R,single,False,False,162.0,0.292,24.0,14.81,7.0,4.32,0.782,0.16300000000000003,19.27,10.92,12.31,23.22,34.72,14.81,318.0,0.243,39.0,12.26,21.0,6.6,0.698,0.156,17.66,9.16,14.01,23.17,33.05,13.13,47.0,0.275,13.0,27.66,6.0,12.77,1.158,0.5,25.88,10.89,17.82,28.71,23.3,18.84,,,,,,,,,,,,,,
746049,2024-06-18,2024,502671,R,682610,R,walk,False,True,220.0,0.21,70.0,31.82,18.0,8.18,0.624,0.13499999999999998,29.27,13.92,18.67,32.59,30.09,19.83,518.0,0.259,120.0,23.17,67.0,12.93,0.8049999999999999,0.187,27.85,12.3,17.85,30.16,25.85,17.44,57.0,0.137,14.0,24.56,6.0,10.53,0.483,0.118,28.07,13.91,13.91,27.83,34.43,18.18,,,,,,,,,,,,,,
746049,2024-06-18,2024,669357,L,682610,R,field_out,False,False,176.0,0.217,63.0,35.8,18.0,10.23,0.762,0.24800000000000003,39.32,19.22,14.9,34.12,29.32,26.92,378.0,0.231,124.0,32.8,42.0,11.11,0.7969999999999999,0.2459999999999999,35.96,17.73,12.12,29.85,28.13,25.15,47.0,0.275,13.0,27.66,6.0,12.77,1.158,0.5,25.88,10.89,17.82,28.71,23.3,18.84,,,,,,,,,,,,,,
746049,2024-06-18,2024,641313,R,458681,R,field_error,False,False,122.0,0.193,35.0,28.69,2.0,1.64,0.417,0.016999999999999987,29.72,15.38,15.38,30.77,36.84,22.29,396.0,0.226,95.0,23.99,21.0,5.3,0.538,0.04,26.05,13.64,14.67,28.31,36.05,20.88,134.0,0.218,33.0,24.63,11.0,8.21,0.612,0.101,25.87,12.96,12.96,25.92,31.11,17.1,407.0,0.23,111.0,27.27,28.0,6.88,0.719,0.1919999999999999,30.85,15.73,13.93,29.66,29.38,20.64
746049,2024-06-18,2024,672640,R,458681,R,force_out,False,False,92.0,0.309,14.0,15.22,6.0,6.52,0.8,0.135,21.43,11.25,13.12,24.38,29.3,16.28,,,,,,,,,,,,,,,134.0,0.218,33.0,24.63,11.0,8.21,0.612,0.101,25.87,12.96,12.96,25.92,31.11,17.1,407.0,0.23,111.0,27.27,28.0,6.88,0.719,0.1919999999999999,30.85,15.73,13.93,29.66,29.38,20.64
746049,2024-06-18,2024,542194,R,458681,R,single,False,False,54.0,0.122,14.0,25.93,2.0,3.7,0.33599999999999997,0.04100000000000001,30.83,19.27,9.9,29.17,49.52,21.88,259.0,0.236,69.0,26.64,9.0,3.47,0.631,0.134,37.41,21.77,10.72,32.49,43.56,25.27,134.0,0.218,33.0,24.63,11.0,8.21,0.612,0.101,25.87,12.96,12.96,25.92,31.11,17.1,407.0,0.23,111.0,27.27,28.0,6.88,0.719,0.1919999999999999,30.85,15.73,13.93,29.66,29.38,20.64
746049,2024-06-18,2024,665862,L,458681,R,sac_fly,False,False,193.0,0.266,44.0,22.8,19.0,9.84,0.8160000000000001,0.20799999999999996,28.18,13.08,13.46,26.54,30.29,20.0,290.0,0.275,91.0,31.38,20.0,6.9,0.8540000000000001,0.25,35.14,15.36,16.88,32.24,26.1,27.41,175.0,0.266,35.0,20.0,19.0,10.86,0.778,0.16299999999999998,24.41,10.91,14.5,25.41,22.1,19.89,401.0,0.29,80.0,19.95,39.0,9.73,0.909,0.259,26.41,12.9,13.22,26.12,27.13,16.13
746049,2024-06-18,2024,650559,R,458681,R,strikeout,True,False,198.0,0.222,52.0,26.26,16.0,8.08,0.705,0.19499999999999998,32.43,16.44,13.68,30.11,31.58,22.81,473.0,0.251,107.0,22.62,29.0,6.13,0.717,0.1689999999999999,28.95,14.54,15.93,30.47,34.61,18.71,134.0,0.218,33.0,24.63,11.0,8.21,0.612,0.101,25.87,12.96,12.96,25.92,31.11,17.1,407.0,0.23,111.0,27.27,28.0,6.88,0.719,0.1919999999999999,30.85,15.73,13.93,29.66,29.38,20.64
746049,2024-06-18,2024,671056,R,682610,R,single,False,False,126.0,0.289,27.0,21.43,9.0,7.14,0.748,0.11500000000000005,24.77,10.69,19.96,30.65,29.44,18.24,36.0,0.3,10.0,27.78,4.0,11.11,0.784,0.067,28.57,12.05,14.46,26.51,27.08,17.31,57.0,0.137,14.0,24.56,6.0,10.53,0.483,0.118,28.07,13.91,13.91,27.83,34.43,18.18,,,,,,,,,,,,,,
746049,2024-06-18,2024,572761,L,682610,R,single,False,False,60.0,0.189,18.0,30.0,6.0,10.0,0.5920000000000001,0.132,29.25,12.5,18.55,31.05,21.37,26.47,220.0,0.167,64.0,29.09,38.0,17.27,0.616,0.1319999999999999,29.37,12.01,18.83,30.84,21.25,22.78,47.0,0.275,13.0,27.66,6.0,12.77,1.158,0.5,25.88,10.89,17.82,28.71,23.3,18.84,,,,,,,,,,,,,,
746049,2024-06-18,2024,543063,L,682610,R,field_out,False,False,37.0,0.219,11.0,29.73,5.0,13.51,0.6990000000000001,0.156,35.14,16.88,14.29,31.17,26.83,21.57,251.0,0.188,58.0,23.11,24.0,9.56,0.583,0.119,28.57,14.75,12.56,27.31,30.55,19.8,47.0,0.275,13.0,27.66,6.0,12.77,1.158,0.5,25.88,10.89,17.82,28.71,23.3,18.84,,,,,,,,,,,,,,
746049,2024-06-18,2024,666185,L,682610,R,field_out,False,False,35.0,0.161,12.0,34.29,3.0,8.57,0.451,0.033,40.28,18.95,15.03,33.99,22.97,24.49,170.0,0.196,37.0,21.76,14.0,8.24,0.592,0.1079999999999999,22.71,10.14,18.91,29.05,25.44,21.14,47.0,0.275,13.0,27.66,6.0,12.77,1.158,0.5,25.88,10.89,17.82,28.71,23.3,18.84,,,,,,,,,,,,,,
746049,2024-06-18,2024,672279,L,682610,R,single,False,False,100.0,0.256,26.0,26.0,5.0,5.0,0.625,0.07700000000000001,29.35,14.4,18.13,32.53,28.57,23.64,3.0,0.0,1.0,33.33,0.0,0.0,0.0,0.0,40.0,14.29,21.43,35.71,0.0,50.0,47.0,0.275,13.0,27.66,6.0,12.77,1.158,0.5,25.88,10.89,17.82,28.71,23.3,18.84,,,,,,,,,,,,,,
746049,2024-06-18,2024,680977,L,682610,R,force_out,False,False,201.0,0.236,32.0,15.92,16.0,7.96,0.6890000000000001,0.135,16.77,6.91,20.2,27.11,23.19,14.55,309.0,0.294,43.0,13.92,27.0,8.74,0.831,0.166,14.96,6.32,19.2,25.52,22.53,13.27,47.0,0.275,13.0,27.66,6.0,12.77,1.158,0.5,25.88,10.89,17.82,28.71,23.3,18.84,,,,,,,,,,,,,,
746049,2024-06-18,2024,605137,L,458681,R,field_out,False,False,197.0,0.258,40.0,20.3,11.0,5.58,0.7,0.124,30.35,16.45,9.99,26.43,29.8,23.78,432.0,0.239,93.0,21.53,39.0,9.03,0.6970000000000001,0.148,24.59,11.57,13.95,25.52,28.11,20.58,175.0,0.266,35.0,20.0,19.0,10.86,0.778,0.16299999999999998,24.41,10.91,14.5,25.41,22.1,19.89,401.0,0.29,80.0,19.95,39.0,9.73,0.909,0.259,26.41,12.9,13.22,26.12,27.13,16.13
746049,2024-06-18,2024,660821,L,458681,R,double,False,False,179.0,0.261,41.0,22.91,10.0,5.59,0.7010000000000001,0.127,25.5,13.93,12.38,26.32,36.6,20.0,353.0,0.258,93.0,26.35,36.0,10.2,0.805,0.21,29.33,14.21,14.01,28.21,30.32,20.53,175.0,0.266,35.0,20.0,19.0,10.86,0.778,0.16299999999999998,24.41,10.91,14.5,25.41,22.1,19.89,401.0,0.29,80.0,19.95,39.0,9.73,0.909,0.259,26.41,12.9,13.22,26.12,27.13,16.13
746049,2024-06-18,2024,669394,R,458681,R,field_out,False,False,139.0,0.244,38.0,27.34,7.0,5.04,0.7010000000000001,0.176,27.03,14.37,16.22,30.6,38.65,27.74,402.0,0.247,112.0,27.86,23.0,5.72,0.8,0.249,34.59,18.69,13.25,31.93,39.43,23.09,134.0,0.218,33.0,24.63,11.0,8.21,0.612,0.101,25.87,12.96,12.96,25.92,31.11,17.1,407.0,0.23,111.0,27.27,28.0,6.88,0.719,0.1919999999999999,30.85,15.73,13.93,29.66,29.38,20.64
746049,2024-06-18,2024,624503,L,458681,R,field_out,False,False,167.0,0.229,37.0,22.16,7.0,4.19,0.622,0.13399999999999998,30.49,18.66,9.92,28.57,45.43,19.68,83.0,0.16,10.0,12.05,1.0,1.2,0.48,0.149,20.99,12.19,10.39,22.58,38.35,12.82,175.0,0.266,35.0,20.0,19.0,10.86,0.778,0.16299999999999998,24.41,10.91,14.5,25.41,22.1,19.89,401.0,0.29,80.0,19.95,39.0,9.73,0.909,0.259,26.41,12.9,13.22,26.12,27.13,16.13
746049,2024-06-18,2024,676475,L,682610,R,home_run,False,False,162.0,0.292,24.0,14.81,7.0,4.32,0.782,0.16300000000000003,19.27,10.92,12.31,23.22,34.72,14.81,318.0,0.243,39.0,12.26,21.0,6.6,0.698,0.156,17.66,9.16,14.01,23.17,33.05,13.13,47.0,0.275,13.0,27.66,6.0,12.77,1.158,0.5,25.88,10.89,17.82,28.71,23.3,18.84,,,,,,,,,,,,,,
746049,2024-06-18,2024,502671,R,682610,R,field_out,False,False,220.0,0.21,70.0,31.82,18.0,8.18,0.624,0.13499999999999998,29.27,13.92,18.67,32.59,30.09,19.83,518.0,0.259,120.0,23.17,67.0,12.93,0.8049999999999999,0.187,27.85,12.3,17.85,30.16,25.85,17.44,57.0,0.137,14.0,24.56,6.0,10.53,0.483,0.118,28.07,13.91,13.91,27.83,34.43,18.18,,,,,,,,,,,,,,
746049,2024-06-18,2024,669357,L,682610,R,strikeout,True,False,176.0,0.217,63.0,35.8,18.0,10.23,0.762,0.24800000000000003,39.32,19.22,14.9,34.12,29.32,26.92,378.0,0.231,124.0,32.8,42.0,11.11,0.7969999999999999,0.2459999999999999,35.96,17.73,12.12,29.85,28.13,25.15,47.0,0.275,13.0,27.66,6.0,12.77,1.158,0.5,25.88,10.89,17.82,28.71,23.3,18.84,,,,,,,,,,,,,,
746049,2024-06-18,2024,671056,R,682610,R,field_out,False,False,126.0,0.289,27.0,21.43,9.0,7.14,0.748,0.11500000000000005,24.77,10.69,19.96,30.65,29.44,18.24,36.0,0.3,10.0,27.78,4.0,11.11,0.784,0.067,28.57,12.05,14.46,26.51,27.08,17.31,57.0,0.137,14.0,24.56,6.0,10.53,0.483,0.118,28.07,13.91,13.91,27.83,34.43,18.18,,,,,,,,,,,,,,
746049,2024-06-18,2024,641313,R,458681,R,single,False,False,122.0,0.193,35.0,28.69,2.0,1.64,0.417,0.016999999999999987,29.72,15.38,15.38,30.77,36.84,22.29,396.0,0.226,95.0,23.99,21.0,5.3,0.538,0.04,26.05,13.64,14.67,28.31,36.05,20.88,134.0,0.218,33.0,24.63,11.0,8.21,0.612,0.101,25.87,12.96,12.96,25.92,31.11,17.1,407.0,0.23,111.0,27.27,28.0,6.88,0.719,0.1919999999999999,30.85,15.73,13.93,29.66,29.38,20.64
746049,2024-06-18,2024,672640,R,458681,R,field_out,False,False,92.0,0.309,14.0,15.22,6.0,6.52,0.8,0.135,21.43,11.25,13.12,24.38,29.3,16.28,,,,,,,,,,,,,,,134.0,0.218,33.0,24.63,11.0,8.21,0.612,0.101,25.87,12.96,12.96,25.92,31.11,17.1,407.0,0.23,111.0,27.27,28.0,6.88,0.719,0.1919999999999999,30.85,15.73,13.93,29.66,29.38,20.64
746049,2024-06-18,2024,542194,R,458681,R,field_out,False,False,54.0,0.122,14.0,25.93,2.0,3.7,0.33599999999999997,0.04100000000000001,30.83,19.27,9.9,29.17,49.52,21.88,259.0,0.236,69.0,26.64,9.0,3.47,0.631,0.134,37.41,21.77,10.72,32.49,43.56,25.27,134.0,0.218,33.0,24.63,11.0,8.21,0.612,0.101,25.87,12.96,12.96,25.92,31.11,17.1,407.0,0.23,111.0,27.27,28.0,6.88,0.719,0.1919999999999999,30.85,15.73,13.93,29.66,29.38,20.64
746049,2024-06-18,2024,665862,L,458681,R,strikeout,True,False,193.0,0.266,44.0,22.8,19.0,9.84,0.8160000000000001,0.20799999999999996,28.18,13.08,13.46,26.54,30.29,20.0,290.0,0.275,91.0,31.38,20.0,6.9,0.8540000000000001,0.25,35.14,15.36,16.88,32.24,26.1,27.41,175.0,0.266,35.0,20.0,19.0,10.86,0.778,0.16299999999999998,24.41,10.91,14.5,25.41,22.1,19.89,401.0,0.29,80.0,19.95,39.0,9.73,0.909,0.259,26.41,12.9,13.22,26.12,27.13,16.13
746049,2024-06-18,2024,572761,L,592288,L,single,False,False,11.0,0.222,3.0,27.27,1.0,9.09,0.586,0.0,20.0,7.69,21.15,28.85,19.23,15.79,18.0,0.286,3.0,16.67,3.0,16.67,0.96,0.285,15.62,5.56,23.33,28.89,20.0,8.82,8.0,0.167,2.0,25.0,0.0,0.0,0.75,0.33299999999999996,11.11,3.85,26.92,30.77,26.67,28.57,,,,,,,,,,,,,,
746049,2024-06-18,2024,543063,L,592288,L,hit_by_pitch,False,False,6.0,0.0,3.0,50.0,0.0,0.0,0.0,0.0,53.85,28.0,20.0,48.0,27.27,37.5,70.0,0.215,23.0,32.86,4.0,5.71,0.599,0.123,33.33,17.78,11.85,29.63,34.29,27.71,8.0,0.167,2.0,25.0,0.0,0.0,0.75,0.33299999999999996,11.11,3.85,26.92,30.77,26.67,28.57,,,,,,,,,,,,,,
746049,2024-06-18,2024,666185,R,592288,L,field_out,False,False,48.0,0.19,9.0,18.75,4.0,8.33,0.485,0.023999999999999994,27.78,13.66,14.75,28.42,27.47,20.0,86.0,0.268,12.0,13.95,12.0,13.95,0.77,0.126,22.46,10.88,12.44,23.32,23.98,9.3,23.0,0.4,2.0,8.7,3.0,13.04,1.478,0.6,13.89,5.88,17.65,23.53,20.83,8.33,,,,,,,,,,,,,,
746049,2024-06-18,2024,672279,L,592288,L,field_out,False,False,57.0,0.125,14.0,24.56,3.0,5.26,0.38,0.063,25.23,13.27,18.96,32.23,33.71,17.95,3.0,0.0,0.0,0.0,1.0,33.33,0.333,0.0,33.33,6.67,20.0,26.67,10.0,0.0,8.0,0.167,2.0,25.0,0.0,0.0,0.75,0.33299999999999996,11.11,3.85,26.92,30.77,26.67,28.57,,,,,,,,,,,,,,
746049,2024-06-18,2024,680977,L,592288,L,field_out,False,False,89.0,0.275,7.0,7.87,4.0,4.49,0.7010000000000001,0.09999999999999998,13.33,5.45,19.7,25.15,20.78,9.46,63.0,0.236,10.0,15.87,6.0,9.52,0.569,0.0,14.29,6.33,19.83,26.16,24.58,15.87,8.0,0.167,2.0,25.0,0.0,0.0,0.75,0.33299999999999996,11.11,3.85,26.92,30.77,26.67,28.57,,,,,,,,,,,,,,
746049,2024-06-18,2024,650559,R,458681,R,field_out,False,False,198.0,0.222,52.0,26.26,16.0,8.08,0.705,0.19499999999999998,32.43,16.44,13.68,30.11,31.58,22.81,473.0,0.251,107.0,22.62,29.0,6.13,0.717,0.1689999999999999,28.95,14.54,15.93,30.47,34.61,18.71,134.0,0.218,33.0,24.63,11.0,8.21,0.612,0.101,25.87,12.96,12.96,25.92,31.11,17.1,407.0,0.23,111.0,27.27,28.0,6.88,0.719,0.1919999999999999,30.85,15.73,13.93,29.66,29.38,20.64
746049,2024-06-18,2024,605137,L,458681,R,single,False,False,197.0,0.258,40.0,20.3,11.0,5.58,0.7,0.124,30.35,16.45,9.99,26.43,29.8,23.78,432.0,0.239,93.0,21.53,39.0,9.03,0.6970000000000001,0.148,24.59,11.57,13.95,25.52,28.11,20.58,175.0,0.266,35.0,20.0,19.0,10.86,0.778,0.16299999999999998,24.41,10.91,14.5,25.41,22.1,19.89,401.0,0.29,80.0,19.95,39.0,9.73,0.909,0.259,26.41,12.9,13.22,26.12,27.13,16.13
746049,2024-06-18,2024,660821,L,458681,R,single,False,False,179.0,0.261,41.0,22.91,10.0,5.59,0.7010000000000001,0.127,25.5,13.93,12.38,26.32,36.6,20.0,353.0,0.258,93.0,26.35,36.0,10.2,0.805,0.21,29.33,14.21,14.01,28.21,30.32,20.53,175.0,0.266,35.0,20.0,19.0,10.86,0.778,0.16299999999999998,24.41,10.91,14.5,25.41,22.1,19.89,401.0,0.29,80.0,19.95,39.0,9.73,0.909,0.259,26.41,12.9,13.22,26.12,27.13,16.13
746049,2024-06-18,2024,669394,R,458681,R,single,False,False,139.0,0.244,38.0,27.34,7.0,5.04,0.7010000000000001,0.176,27.03,14.37,16.22,30.6,38.65,27.74,402.0,0.247,112.0,27.86,23.0,5.72,0.8,0.249,34.59,18.69,13.25,31.93,39.43,23.09,134.0,0.218,33.0,24.63,11.0,8.21,0.612,0.101,25.87,12.96,12.96,25.92,31.11,17.1,407.0,0.23,111.0,27.27,28.0,6.88,0.719,0.1919999999999999,30.85,15.73,13.93,29.66,29.38,20.64
746049,2024-06-18,2024,624503,L,458681,R,strikeout,True,False,167.0,0.229,37.0,22.16,7.0,4.19,0.622,0.13399999999999998,30.49,18.66,9.92,28.57,45.43,19.68,83.0,0.16,10.0,12.05,1.0,1.2,0.48,0.149,20.99,12.19,10.39,22.58,38.35,12.82,175.0,0.266,35.0,20.0,19.0,10.86,0.778,0.16299999999999998,24.41,10.91,14.5,25.41,22.1,19.89,401.0,0.29,80.0,19.95,39.0,9.73,0.909,0.259,26.41,12.9,13.22,26.12,27.13,16.13
746049,2024-06-18,2024,641313,R,458681,R,strikeout,True,False,122.0,0.193,35.0,28.69,2.0,1.64,0.417,0.016999999999999987,29.72,15.38,15.38,30.77,36.84,22.29,396.0,0.226,95.0,23.99,21.0,5.3,0.538,0.04,26.05,13.64,14.67,28.31,36.05,20.88,134.0,0.218,33.0,24.63,11.0,8.21,0.612,0.101,25.87,12.96,12.96,25.92,31.11,17.1,407.0,0.23,111.0,27.27,28.0,6.88,0.719,0.1919999999999999,30.85,15.73,13.93,29.66,29.38,20.64
746049,2024-06-18,2024,676475,L,592288,L,strikeout,True,False,67.0,0.219,7.0,10.45,2.0,2.99,0.617,0.156,21.64,12.39,10.68,23.08,33.93,11.67,29.0,0.259,6.0,20.69,2.0,6.9,0.606,0.0369999999999999,18.18,9.62,19.23,28.85,41.82,19.35,8.0,0.167,2.0,25.0,0.0,0.0,0.75,0.33299999999999996,11.11,3.85,26.92,30.77,26.67,28.57,,,,,,,,,,,,,,
746049,2024-06-18,2024,502671,R,592288,L,strikeout,True,False,86.0,0.284,17.0,19.77,8.0,9.3,0.726,0.08100000000000002,21.25,9.02,19.36,28.38,24.86,13.08,170.0,0.295,41.0,24.12,20.0,11.76,0.8260000000000001,0.155,26.26,11.0,20.45,31.45,28.73,20.4,23.0,0.4,2.0,8.7,3.0,13.04,1.478,0.6,13.89,5.88,17.65,23.53,20.83,8.33,,,,,,,,,,,,,,
746049,2024-06-18,2024,669357,L,592288,L,field_out,False,False,80.0,0.181,27.0,33.75,7.0,8.75,0.628,0.194,34.72,16.78,16.11,32.89,32.41,27.55,86.0,0.26,24.0,27.91,11.0,12.79,0.839,0.2189999999999999,33.77,15.79,17.34,33.13,24.68,27.59,8.0,0.167,2.0,25.0,0.0,0.0,0.75,0.33299999999999996,11.11,3.85,26.92,30.77,26.67,28.57,,,,,,,,,,,,,,
746049,2024-06-18,2024,672640,R,458681,R,strikeout,True,False,92.0,0.309,14.0,15.22,6.0,6.52,0.8,0.135,21.43,11.25,13.12,24.38,29.3,16.28,,,,,,,,,,,,,,,134.0,0.218,33.0,24.63,11.0,8.21,0.612,0.101,25.87,12.96,12.96,25.92,31.11,17.1,407.0,0.23,111.0,27.27,28.0,6.88,0.719,0.1919999999999999,30.85,15.73,13.93,29.66,29.38,20.64
746049,2024-06-18,2024,542194,R,458681,R,home_run,False,False,54.0,0.122,14.0,25.93,2.0,3.7,0.33599999999999997,0.04100000000000001,30.83,19.27,9.9,29.17,49.52,21.88,259.0,0.236,69.0,26.64,9.0,3.47,0.631,0.134,37.41,21.77,10.72,32.49,43.56,25.27,134.0,0.218,33.0,24.63,11.0,8.21,0.612,0.101,25.87,12.96,12.96,25.92,31.11,17.1,407.0,0.23,111.0,27.27,28.0,6.88,0.719,0.1919999999999999,30.85,15.73,13.93,29.66,29.38,20.64
746049,2024-06-18,2024,665862,L,669461,L,single,False,False,102.0,0.266,26.0,25.49,7.0,6.86,0.728,0.138,27.98,13.14,16.55,29.68,30.0,18.71,94.0,0.172,27.0,28.72,6.0,6.38,0.479,0.081,39.88,19.01,18.18,37.19,30.36,25.23,48.0,0.109,11.0,22.92,2.0,4.17,0.276,0.021000000000000005,31.4,14.59,17.3,31.89,21.43,20.75,55.0,0.163,9.0,16.36,1.0,1.82,0.522,0.1229999999999999,16.67,7.21,16.83,24.04,19.19,15.25
746049,2024-06-18,2024,650559,R,669461,L,single,False,False,107.0,0.277,26.0,24.3,4.0,3.74,0.724,0.13899999999999996,28.57,15.94,12.85,28.79,32.09,26.8,154.0,0.277,35.0,22.73,11.0,7.14,0.708,0.1059999999999999,27.76,13.7,15.51,29.21,33.53,19.77,88.0,0.311,16.0,18.18,12.0,13.64,0.929,0.21600000000000003,23.37,12.46,11.3,23.77,28.4,15.53,220.0,0.302,37.0,16.82,24.0,10.91,0.861,0.182,19.22,8.65,16.02,24.68,24.94,17.29
746049,2024-06-18,2024,605137,R,669461,L,sac_fly,False,False,105.0,0.204,15.0,14.29,11.0,10.48,0.6299999999999999,0.13999999999999999,22.54,9.87,15.44,25.32,28.18,16.13,186.0,0.265,41.0,22.04,24.0,12.9,0.854,0.2289999999999999,28.46,13.82,12.89,26.71,26.88,18.81,88.0,0.311,16.0,18.18,12.0,13.64,0.929,0.21600000000000003,23.37,12.46,11.3,23.77,28.4,15.53,220.0,0.302,37.0,16.82,24.0,10.91,0.861,0.182,19.22,8.65,16.02,24.68,24.94,17.29
746049,2024-06-18,2024,660821,L,669461,L,field_out,False,False,34.0,0.091,8.0,23.53,0.0,0.0,0.182,0.0,31.25,20.41,11.22,31.63,47.73,28.57,50.0,0.213,15.0,30.0,2.0,4.0,0.5640000000000001,0.106,36.46,18.82,18.82,37.63,40.62,23.73,48.0,0.109,11.0,22.92,2.0,4.17,0.276,0.021000000000000005,31.4,14.59,17.3,31.89,21.43,20.75,55.0,0.163,9.0,16.36,1.0,1.82,0.522,0.1229999999999999,16.67,7.21,16.83,24.04,19.19,15.25
746049,2024-06-18,2024,671056,R,608638,R,strikeout,True,False,126.0,0.289,27.0,21.43,9.0,7.14,0.748,0.11500000000000005,24.77,10.69,19.96,30.65,29.44,18.24,36.0,0.3,10.0,27.78,4.0,11.11,0.784,0.067,28.57,12.05,14.46,26.51,27.08,17.31,6.0,0.2,0.0,0.0,1.0,16.67,0.7330000000000001,0.2,18.18,9.09,18.18,27.27,11.11,0.0,110.0,0.221,22.0,20.0,11.0,10.0,0.643,0.1259999999999999,21.08,8.06,22.58,30.65,19.91,19.13
746049,2024-06-18,2024,572761,L,608638,R,field_out,False,False,60.0,0.189,18.0,30.0,6.0,10.0,0.5920000000000001,0.132,29.25,12.5,18.55,31.05,21.37,26.47,220.0,0.167,64.0,29.09,38.0,17.27,0.616,0.1319999999999999,29.37,12.01,18.83,30.84,21.25,22.78,3.0,0.0,1.0,33.33,0.0,0.0,0.0,0.0,16.67,10.0,20.0,30.0,50.0,25.0,64.0,0.25,13.0,20.31,7.0,10.94,0.757,0.179,19.13,8.03,16.42,24.45,24.32,17.33
746049,2024-06-18,2024,543063,L,608638,R,single,False,False,37.0,0.219,11.0,29.73,5.0,13.51,0.6990000000000001,0.156,35.14,16.88,14.29,31.17,26.83,21.57,251.0,0.188,58.0,23.11,24.0,9.56,0.583,0.119,28.57,14.75,12.56,27.31,30.55,19.8,3.0,0.0,1.0,33.33,0.0,0.0,0.0,0.0,16.67,10.0,20.0,30.0,50.0,25.0,64.0,0.25,13.0,20.31,7.0,10.94,0.757,0.179,19.13,8.03,16.42,24.45,24.32,17.33
746049,2024-06-18,2024,666185,L,608638,R,walk,False,True,35.0,0.161,12.0,34.29,3.0,8.57,0.451,0.033,40.28,18.95,15.03,33.99,22.97,24.49,170.0,0.196,37.0,21.76,14.0,8.24,0.592,0.1079999999999999,22.71,10.14,18.91,29.05,25.44,21.14,3.0,0.0,1.0,33.33,0.0,0.0,0.0,0.0,16.67,10.0,20.0,30.0,50.0,25.0,64.0,0.25,13.0,20.31,7.0,10.94,0.757,0.179,19.13,8.03,16.42,24.45,24.32,17.33
746049,2024-06-18,2024,672279,L,608638,R,field_out,False,False,100.0,0.256,26.0,26.0,5.0,5.0,0.625,0.07700000000000001,29.35,14.4,18.13,32.53,28.57,23.64,3.0,0.0,1.0,33.33,0.0,0.0,0.0,0.0,40.0,14.29,21.43,35.71,0.0,50.0,3.0,0.0,1.0,33.33,0.0,0.0,0.0,0.0,16.67,10.0,20.0,30.0,50.0,25.0,64.0,0.25,13.0,20.31,7.0,10.94,0.757,0.179,19.13,8.03,16.42,24.45,24.32,17.33
746049,2024-06-18,2024,669394,R,681517,R,field_out,False,False,139.0,0.244,38.0,27.34,7.0,5.04,0.7010000000000001,0.176,27.03,14.37,16.22,30.6,38.65,27.74,402.0,0.247,112.0,27.86,23.0,5.72,0.8,0.249,34.59,18.69,13.25,31.93,39.43,23.09,51.0,0.191,6.0,11.76,3.0,5.88,0.469,0.04300000000000001,21.28,11.36,10.23,21.59,29.27,13.95,13.0,0.375,2.0,15.38,4.0,30.77,1.615,0.625,35.29,12.0,18.0,30.0,7.41,25.0
746049,2024-06-18,2024,624503,L,681517,R,field_out,False,False,167.0,0.229,37.0,22.16,7.0,4.19,0.622,0.13399999999999998,30.49,18.66,9.92,28.57,45.43,19.68,83.0,0.16,10.0,12.05,1.0,1.2,0.48,0.149,20.99,12.19,10.39,22.58,38.35,12.82,32.0,0.31,6.0,18.75,3.0,9.38,0.7889999999999999,0.10399999999999998,22.41,10.24,18.11,28.35,26.15,16.22,2.0,1.0,0.0,0.0,1.0,50.0,3.0,1.0,0.0,0.0,12.5,12.5,0.0,
746049,2024-06-18,2024,641313,R,681517,R,field_out,False,False,122.0,0.193,35.0,28.69,2.0,1.64,0.417,0.016999999999999987,29.72,15.38,15.38,30.77,36.84,22.29,396.0,0.226,95.0,23.99,21.0,5.3,0.538,0.04,26.05,13.64,14.67,28.31,36.05,20.88,51.0,0.191,6.0,11.76,3.0,5.88,0.469,0.04300000000000001,21.28,11.36,10.23,21.59,29.27,13.95,13.0,0.375,2.0,15.38,4.0,30.77,1.615,0.625,35.29,12.0,18.0,30.0,7.41,25.0
746049,2024-06-18,2024,680977,L,677053,L,field_out,False,False,89.0,0.275,7.0,7.87,4.0,4.49,0.7010000000000001,0.09999999999999998,13.33,5.45,19.7,25.15,20.78,9.46,63.0,0.236,10.0,15.87,6.0,9.52,0.569,0.0,14.29,6.33,19.83,26.16,24.58,15.87,45.0,0.195,15.0,33.33,2.0,4.44,0.495,0.07300000000000001,35.24,18.97,10.77,29.74,37.61,23.81,85.0,0.158,30.0,35.29,9.0,10.59,0.55,0.145,36.02,16.81,16.23,33.04,29.94,28.04
746049,2024-06-18,2024,676475,L,677053,L,field_out,False,False,67.0,0.219,7.0,10.45,2.0,2.99,0.617,0.156,21.64,12.39,10.68,23.08,33.93,11.67,29.0,0.259,6.0,20.69,2.0,6.9,0.606,0.0369999999999999,18.18,9.62,19.23,28.85,41.82,19.35,45.0,0.195,15.0,33.33,2.0,4.44,0.495,0.07300000000000001,35.24,18.97,10.77,29.74,37.61,23.81,85.0,0.158,30.0,35.29,9.0,10.59,0.55,0.145,36.02,16.81,16.23,33.04,29.94,28.04
746049,2024-06-18,2024,502671,R,677053,L,field_out,False,False,86.0,0.284,17.0,19.77,8.0,9.3,0.726,0.08100000000000002,21.25,9.02,19.36,28.38,24.86,13.08,170.0,0.295,41.0,24.12,20.0,11.76,0.8260000000000001,0.155,26.26,11.0,20.45,31.45,28.73,20.4,70.0,0.317,16.0,22.86,5.0,7.14,0.942,0.25399999999999995,23.53,12.29,15.02,27.3,34.0,16.84,152.0,0.244,43.0,28.29,12.0,7.89,0.7250000000000001,0.156,25.08,13.04,14.17,27.21,33.33,18.53
746049,2024-06-18,2024,672640,R,681517,R,strikeout,True,False,92.0,0.309,14.0,15.22,6.0,6.52,0.8,0.135,21.43,11.25,13.12,24.38,29.3,16.28,,,,,,,,,,,,,,,51.0,0.191,6.0,11.76,3.0,5.88,0.469,0.04300000000000001,21.28,11.36,10.23,21.59,29.27,13.95,13.0,0.375,2.0,15.38,4.0,30.77,1.615,0.625,35.29,12.0,18.0,30.0,7.41,25.0
746049,2024-06-18,2024,542194,R,681517,R,strikeout,True,False,54.0,0.122,14.0,25.93,2.0,3.7,0.33599999999999997,0.04100000000000001,30.83,19.27,9.9,29.17,49.52,21.88,259.0,0.236,69.0,26.64,9.0,3.47,0.631,0.134,37.41,21.77,10.72,32.49,43.56,25.27,51.0,0.191,6.0,11.76,3.0,5.88,0.469,0.04300000000000001,21.28,11.36,10.23,21.59,29.27,13.95,13.0,0.375,2.0,15.38,4.0,30.77,1.615,0.625,35.29,12.0,18.0,30.0,7.41,25.0
746049,2024-06-18,2024,665862,L,667463,L,strikeout,True,False,102.0,0.266,26.0,25.49,7.0,6.86,0.728,0.138,27.98,13.14,16.55,29.68,30.0,18.71,94.0,0.172,27.0,28.72,6.0,6.38,0.479,0.081,39.88,19.01,18.18,37.19,30.36,25.23,46.0,0.25,8.0,17.39,1.0,2.17,0.692,0.15899999999999997,21.79,10.76,18.35,29.11,31.08,19.51,53.0,0.347,8.0,15.09,3.0,5.66,0.7929999999999999,0.061,23.08,11.6,17.68,29.28,28.75,17.39
746049,2024-06-18,2024,669357,L,656945,L,strikeout,True,False,80.0,0.181,27.0,33.75,7.0,8.75,0.628,0.194,34.72,16.78,16.11,32.89,32.41,27.55,86.0,0.26,24.0,27.91,11.0,12.79,0.839,0.2189999999999999,33.77,15.79,17.34,33.13,24.68,27.59,35.0,0.115,8.0,22.86,8.0,22.86,0.516,0.077,30.3,13.16,13.82,26.97,20.51,16.67,100.0,0.193,39.0,39.0,11.0,11.0,0.587,0.1139999999999999,43.85,19.57,19.81,39.38,26.13,31.2
746049,2024-06-18,2024,671056,R,656945,L,field_out,False,False,61.0,0.259,13.0,21.31,5.0,8.2,0.661,0.07400000000000001,29.09,13.17,17.7,30.86,22.22,18.57,8.0,0.286,1.0,12.5,1.0,12.5,0.661,0.0,6.67,2.94,11.76,14.71,16.67,20.0,89.0,0.155,24.0,26.97,13.0,14.61,0.5249999999999999,0.08399999999999999,32.52,15.14,17.14,32.29,31.82,23.76,207.0,0.19,65.0,31.4,13.0,6.28,0.5,0.0529999999999999,32.79,17.6,15.73,33.33,40.1,24.9
746049,2024-06-18,2024,665877,R,656945,L,field_out,False,False,26.0,0.16,3.0,11.54,1.0,3.85,0.352,0.0,7.84,3.74,18.69,22.43,25.58,8.82,19.0,0.176,2.0,10.53,2.0,10.53,0.439,0.0,7.41,3.08,23.08,26.15,30.0,13.33,89.0,0.155,24.0,26.97,13.0,14.61,0.5249999999999999,0.08399999999999999,32.52,15.14,17.14,32.29,31.82,23.76,207.0,0.19,65.0,31.4,13.0,6.28,0.5,0.0529999999999999,32.79,17.6,15.73,33.33,40.1,24.9
746049,2024-06-18,2024,650559,R,667463,L,field_out,False,False,107.0,0.277,26.0,24.3,4.0,3.74,0.724,0.13899999999999996,28.57,15.94,12.85,28.79,32.09,26.8,154.0,0.277,35.0,22.73,11.0,7.14,0.708,0.1059999999999999,27.76,13.7,15.51,29.21,33.53,19.77,50.0,0.222,10.0,20.0,2.0,4.0,0.5780000000000001,0.11100000000000002,20.0,9.82,19.02,28.83,35.0,32.26,104.0,0.292,12.0,11.54,7.0,6.73,0.722,0.093,20.71,10.06,15.8,25.86,32.8,16.44
746049,2024-06-18,2024,605137,R,667463,L,field_out,False,False,105.0,0.204,15.0,14.29,11.0,10.48,0.6299999999999999,0.13999999999999999,22.54,9.87,15.44,25.32,28.18,16.13,186.0,0.265,41.0,22.04,24.0,12.9,0.854,0.2289999999999999,28.46,13.82,12.89,26.71,26.88,18.81,50.0,0.222,10.0,20.0,2.0,4.0,0.5780000000000001,0.11100000000000002,20.0,9.82,19.02,28.83,35.0,32.26,104.0,0.292,12.0,11.54,7.0,6.73,0.722,0.093,20.71,10.06,15.8,25.86,32.8,16.44
746049,2024-06-18,2024,660821,L,667463,L,strikeout,True,False,34.0,0.091,8.0,23.53,0.0,0.0,0.182,0.0,31.25,20.41,11.22,31.63,47.73,28.57,50.0,0.213,15.0,30.0,2.0,4.0,0.5640000000000001,0.106,36.46,18.82,18.82,37.63,40.62,23.73,46.0,0.25,8.0,17.39,1.0,2.17,0.692,0.15899999999999997,21.79,10.76,18.35,29.11,31.08,19.51,53.0,0.347,8.0,15.09,3.0,5.66,0.7929999999999999,0.061,23.08,11.6,17.68,29.28,28.75,17.39
746049,2024-06-18,2024,543063,L,676534,R,field_out,False,False,37.0,0.219,11.0,29.73,5.0,13.51,0.6990000000000001,0.156,35.14,16.88,14.29,31.17,26.83,21.57,251.0,0.188,58.0,23.11,24.0,9.56,0.583,0.119,28.57,14.75,12.56,27.31,30.55,19.8,39.0,0.25,12.0,30.77,7.0,17.95,0.823,0.188,26.39,10.61,18.44,29.05,22.47,17.65,44.0,0.333,6.0,13.64,4.0,9.09,0.819,0.0769999999999999,19.05,8.42,18.95,27.37,21.98,8.96
746049,2024-06-18,2024,666185,L,676534,R,sac_fly,False,False,35.0,0.161,12.0,34.29,3.0,8.57,0.451,0.033,40.28,18.95,15.03,33.99,22.97,24.49,170.0,0.196,37.0,21.76,14.0,8.24,0.592,0.1079999999999999,22.71,10.14,18.91,29.05,25.44,21.14,39.0,0.25,12.0,30.77,7.0,17.95,0.823,0.188,26.39,10.61,18.44,29.05,22.47,17.65,44.0,0.333,6.0,13.64,4.0,9.09,0.819,0.0769999999999999,19.05,8.42,18.95,27.37,21.98,8.96
746049,2024-06-18,2024,672279,L,676534,R,strikeout,True,False,100.0,0.256,26.0,26.0,5.0,5.0,0.625,0.07700000000000001,29.35,14.4,18.13,32.53,28.57,23.64,3.0,0.0,1.0,33.33,0.0,0.0,0.0,0.0,40.0,14.29,21.43,35.71,0.0,50.0,39.0,0.25,12.0,30.77,7.0,17.95,0.823,0.188,26.39,10.61,18.44,29.05,22.47,17.65,44.0,0.333,6.0,13.64,4.0,9.09,0.819,0.0769999999999999,19.05,8.42,18.95,27.37,21.98,8.96
746049,2024-06-18,2024,669394,R,688297,R,field_out,False,False,139.0,0.244,38.0,27.34,7.0,5.04,0.7010000000000001,0.176,27.03,14.37,16.22,30.6,38.65,27.74,402.0,0.247,112.0,27.86,23.0,5.72,0.8,0.249,34.59,18.69,13.25,31.93,39.43,23.09,32.0,0.167,8.0,25.0,2.0,6.25,0.486,0.1,20.83,10.0,24.0,34.0,34.04,22.86,,,,,,,,,,,,,,
746049,2024-06-18,2024,624503,L,688297,R,single,False,False,167.0,0.229,37.0,22.16,7.0,4.19,0.622,0.13399999999999998,30.49,18.66,9.92,28.57,45.43,19.68,83.0,0.16,10.0,12.05,1.0,1.2,0.48,0.149,20.99,12.19,10.39,22.58,38.35,12.82,24.0,0.353,4.0,16.67,6.0,25.0,1.13,0.235,28.57,13.68,10.26,23.93,26.15,8.51,,,,,,,,,,,,,,
746049,2024-06-18,2024,641313,R,688297,R,single,False,False,122.0,0.193,35.0,28.69,2.0,1.64,0.417,0.016999999999999987,29.72,15.38,15.38,30.77,36.84,22.29,396.0,0.226,95.0,23.99,21.0,5.3,0.538,0.04,26.05,13.64,14.67,28.31,36.05,20.88,32.0,0.167,8.0,25.0,2.0,6.25,0.486,0.1,20.83,10.0,24.0,34.0,34.04,22.86,,,,,,,,,,,,,,
746049,2024-06-18,2024,672640,R,688297,R,field_out,False,False,92.0,0.309,14.0,15.22,6.0,6.52,0.8,0.135,21.43,11.25,13.12,24.38,29.3,16.28,,,,,,,,,,,,,,,32.0,0.167,8.0,25.0,2.0,6.25,0.486,0.1,20.83,10.0,24.0,34.0,34.04,22.86,,,,,,,,,,,,,,
746049,2024-06-18,2024,660644,L,688297,R,single,False,False,98.0,0.247,17.0,17.35,7.0,7.14,0.6759999999999999,0.11299999999999999,25.13,13.2,12.64,25.84,24.85,16.04,63.0,0.196,17.0,26.98,4.0,6.35,0.494,0.036,25.62,13.36,13.79,27.16,31.45,26.98,24.0,0.353,4.0,16.67,6.0,25.0,1.13,0.235,28.57,13.68,10.26,23.93,26.15,8.51,,,,,,,,,,,,,,
745488,2024-06-18,2024,656413,R,663559,L,field_out,False,False,89.0,0.295,19.0,21.35,11.0,12.36,0.8180000000000001,0.14100000000000001,36.77,17.27,11.21,28.48,21.47,22.35,113.0,0.226,34.0,30.09,13.0,11.5,0.7,0.1289999999999999,36.84,17.46,14.51,31.97,22.54,26.77,222.0,0.22,34.0,15.32,17.0,7.66,0.672,0.17500000000000002,18.84,9.46,16.27,25.73,25.63,15.81,278.0,0.269,48.0,17.27,17.0,6.12,0.763,0.181,18.05,9.25,15.61,24.86,30.85,15.58
745488,2024-06-18,2024,682829,R,663559,L,walk,False,True,109.0,0.22,30.0,27.52,12.0,11.01,0.688,0.13199999999999998,33.68,14.32,15.64,29.96,26.02,25.21,122.0,0.184,49.0,40.16,5.0,4.1,0.494,0.079,37.56,17.7,19.4,37.1,38.0,33.33,222.0,0.22,34.0,15.32,17.0,7.66,0.672,0.17500000000000002,18.84,9.46,16.27,25.73,25.63,15.81,278.0,0.269,48.0,17.27,17.0,6.12,0.763,0.181,18.05,9.25,15.61,24.86,30.85,15.58
745488,2024-06-18,2024,600869,R,663559,L,grounded_into_double_play,False,False,86.0,0.243,18.0,20.93,10.0,11.63,0.714,0.122,28.48,13.95,13.06,27.0,30.23,18.18,161.0,0.254,36.0,22.36,15.0,9.32,0.793,0.197,21.45,10.5,14.2,24.7,29.83,16.29,222.0,0.22,34.0,15.32,17.0,7.66,0.672,0.17500000000000002,18.84,9.46,16.27,25.73,25.63,15.81,278.0,0.269,48.0,17.27,17.0,6.12,0.763,0.181,18.05,9.25,15.61,24.86,30.85,15.58
745488,2024-06-18,2024,457705,R,666157,L,strikeout,True,False,79.0,0.212,20.0,25.32,10.0,12.66,0.7210000000000001,0.167,28.68,12.0,19.38,31.38,16.03,19.05,162.0,0.261,28.0,17.28,26.0,16.05,0.7929999999999999,0.1489999999999999,24.63,9.96,18.87,28.83,20.77,14.21,194.0,0.207,51.0,26.29,12.0,6.19,0.618,0.12600000000000003,31.36,15.25,16.48,31.73,32.21,21.89,140.0,0.361,38.0,27.14,9.0,6.43,1.071,0.278,29.69,13.97,16.73,30.7,30.18,21.71
745488,2024-06-18,2024,668804,R,666157,L,single,False,False,99.0,0.272,21.0,21.21,6.0,6.06,0.759,0.174,31.58,15.67,16.19,31.85,33.5,18.58,202.0,0.285,44.0,21.78,8.0,3.96,0.727,0.13,26.99,13.48,13.48,26.96,28.29,18.57,194.0,0.207,51.0,26.29,12.0,6.19,0.618,0.12600000000000003,31.36,15.25,16.48,31.73,32.21,21.89,140.0,0.361,38.0,27.14,9.0,6.43,1.071,0.278,29.69,13.97,16.73,30.7,30.18,21.71
745488,2024-06-18,2024,656582,R,666157,L,field_out,False,False,94.0,0.289,16.0,17.02,8.0,8.51,0.856,0.20500000000000002,21.6,9.23,17.41,26.65,21.05,14.16,193.0,0.265,40.0,20.73,23.0,11.92,0.8200000000000001,0.187,25.72,9.93,21.34,31.27,18.27,17.32,194.0,0.207,51.0,26.29,12.0,6.19,0.618,0.12600000000000003,31.36,15.25,16.48,31.73,32.21,21.89,140.0,0.361,38.0,27.14,9.0,6.43,1.071,0.278,29.69,13.97,16.73,30.7,30.18,21.71
745488,2024-06-18,2024,693304,R,666157,L,strikeout,True,False,40.0,0.351,9.0,22.5,1.0,2.5,1.024,0.29800000000000004,28.17,17.86,10.71,28.57,50.0,32.14,43.0,0.158,15.0,34.88,3.0,6.98,0.5720000000000001,0.158,36.17,19.21,12.99,32.2,28.74,23.81,194.0,0.207,51.0,26.29,12.0,6.19,0.618,0.12600000000000003,31.36,15.25,16.48,31.73,32.21,21.89,140.0,0.361,38.0,27.14,9.0,6.43,1.071,0.278,29.69,13.97,16.73,30.7,30.18,21.71
745488,2024-06-18,2024,668715,R,663559,L,walk,False,True,87.0,0.25,16.0,18.39,12.0,13.79,0.854,0.236,20.55,8.85,16.52,25.37,23.73,14.89,180.0,0.312,33.0,18.33,17.0,9.44,0.928,0.238,20.88,9.77,17.74,27.51,26.97,14.47,222.0,0.22,34.0,15.32,17.0,7.66,0.672,0.17500000000000002,18.84,9.46,16.27,25.73,25.63,15.81,278.0,0.269,48.0,17.27,17.0,6.12,0.763,0.181,18.05,9.25,15.61,24.86,30.85,15.58
745488,2024-06-18,2024,663886,R,663559,L,grounded_into_double_play,False,False,65.0,0.259,7.0,10.77,6.0,9.23,0.806,0.22399999999999998,8.08,3.25,19.92,23.17,20.87,10.45,140.0,0.283,30.0,21.43,13.0,9.29,0.7989999999999999,0.166,24.79,10.12,16.75,26.88,18.56,21.13,222.0,0.22,34.0,15.32,17.0,7.66,0.672,0.17500000000000002,18.84,9.46,16.27,25.73,25.63,15.81,278.0,0.269,48.0,17.27,17.0,6.12,0.763,0.181,18.05,9.25,15.61,24.86,30.85,15.58
745488,2024-06-18,2024,663697,R,663559,L,single,False,False,87.0,0.278,15.0,17.24,12.0,13.79,0.766,0.09699999999999998,16.67,5.72,24.25,29.97,15.73,14.85,134.0,0.207,36.0,26.87,15.0,11.19,0.642,0.129,23.87,9.31,22.67,31.99,19.93,19.66,222.0,0.22,34.0,15.32,17.0,7.66,0.672,0.17500000000000002,18.84,9.46,16.27,25.73,25.63,15.81,278.0,0.269,48.0,17.27,17.0,6.12,0.763,0.181,18.05,9.25,15.61,24.86,30.85,15.58
745488,2024-06-18,2024,669289,R,663559,L,field_out,False,False,71.0,0.241,6.0,8.45,7.0,9.86,0.619,0.069,13.11,6.08,15.59,21.67,25.37,9.68,116.0,0.252,14.0,12.07,8.0,6.9,0.657,0.1029999999999999,17.24,7.83,19.46,27.29,25.0,10.94,222.0,0.22,34.0,15.32,17.0,7.66,0.672,0.17500000000000002,18.84,9.46,16.27,25.73,25.63,15.81,278.0,0.269,48.0,17.27,17.0,6.12,0.763,0.181,18.05,9.25,15.61,24.86,30.85,15.58
745488,2024-06-18,2024,663647,R,666157,L,strikeout,True,False,60.0,0.347,7.0,11.67,8.0,13.33,0.964,0.18400000000000005,14.85,6.12,17.96,24.08,23.66,10.14,168.0,0.294,29.0,17.26,6.0,3.57,0.8460000000000001,0.237,20.49,9.52,20.2,29.72,31.76,19.21,194.0,0.207,51.0,26.29,12.0,6.19,0.618,0.12600000000000003,31.36,15.25,16.48,31.73,32.21,21.89,140.0,0.361,38.0,27.14,9.0,6.43,1.071,0.278,29.69,13.97,16.73,30.7,30.18,21.71
745488,2024-06-18,2024,658668,R,666157,L,field_out,False,False,77.0,0.232,19.0,24.68,7.0,9.09,0.748,0.217,25.49,12.75,14.05,26.8,31.13,21.35,124.0,0.277,21.0,16.94,8.0,6.45,0.857,0.241,23.89,11.66,17.06,28.73,30.49,15.91,194.0,0.207,51.0,26.29,12.0,6.19,0.618,0.12600000000000003,31.36,15.25,16.48,31.73,32.21,21.89,140.0,0.361,38.0,27.14,9.0,6.43,1.071,0.278,29.69,13.97,16.73,30.7,30.18,21.71
745488,2024-06-18,2024,669707,R,666157,L,field_out,False,False,69.0,0.217,21.0,30.43,8.0,11.59,0.554,0.033,32.33,15.93,12.22,28.15,23.26,29.58,65.0,0.293,20.0,30.77,6.0,9.23,0.7829999999999999,0.121,29.41,12.96,18.15,31.11,29.29,21.28,194.0,0.207,51.0,26.29,12.0,6.19,0.618,0.12600000000000003,31.36,15.25,16.48,31.73,32.21,21.89,140.0,0.361,38.0,27.14,9.0,6.43,1.071,0.278,29.69,13.97,16.73,30.7,30.18,21.71
745488,2024-06-18,2024,641584,L,663559,L,single,False,False,31.0,0.3,3.0,9.68,1.0,3.23,0.7230000000000001,0.10000000000000003,15.69,8.99,13.48,22.47,35.0,16.67,41.0,0.147,5.0,12.2,3.0,7.32,0.503,0.088,17.39,8.7,15.22,23.91,26.56,15.15,68.0,0.258,15.0,22.06,2.0,2.94,0.673,0.136,24.51,11.01,21.15,32.16,28.16,33.33,69.0,0.364,12.0,17.39,3.0,4.35,1.103,0.348,19.35,9.27,18.53,27.8,22.12,16.22
745488,2024-06-18,2024,571912,R,663559,L,single,False,False,30.0,0.231,8.0,26.67,4.0,13.33,0.795,0.231,21.15,9.09,15.7,24.79,29.41,22.22,58.0,0.259,14.0,24.14,4.0,6.9,0.754,0.185,28.43,12.61,18.26,30.87,29.46,22.58,222.0,0.22,34.0,15.32,17.0,7.66,0.672,0.17500000000000002,18.84,9.46,16.27,25.73,25.63,15.81,278.0,0.269,48.0,17.27,17.0,6.12,0.763,0.181,18.05,9.25,15.61,24.86,30.85,15.58
745488,2024-06-18,2024,656413,R,663559,L,grounded_into_double_play,False,False,89.0,0.295,19.0,21.35,11.0,12.36,0.8180000000000001,0.14100000000000001,36.77,17.27,11.21,28.48,21.47,22.35,113.0,0.226,34.0,30.09,13.0,11.5,0.7,0.1289999999999999,36.84,17.46,14.51,31.97,22.54,26.77,222.0,0.22,34.0,15.32,17.0,7.66,0.672,0.17500000000000002,18.84,9.46,16.27,25.73,25.63,15.81,278.0,0.269,48.0,17.27,17.0,6.12,0.763,0.181,18.05,9.25,15.61,24.86,30.85,15.58
745488,2024-06-18,2024,572191,R,666157,L,strikeout,True,False,58.0,0.22,18.0,31.03,4.0,6.9,0.633,0.13999999999999999,40.8,21.98,12.07,34.05,33.33,21.69,112.0,0.252,35.0,31.25,8.0,7.14,0.914,0.35,33.49,15.52,13.36,28.88,27.65,25.18,194.0,0.207,51.0,26.29,12.0,6.19,0.618,0.12600000000000003,31.36,15.25,16.48,31.73,32.21,21.89,140.0,0.361,38.0,27.14,9.0,6.43,1.071,0.278,29.69,13.97,16.73,30.7,30.18,21.71
745488,2024-06-18,2024,641511,R,666157,L,field_out,False,False,3.0,0.0,0.0,0.0,1.0,33.33,0.5,0.0,60.0,30.0,0.0,30.0,0.0,0.0,72.0,0.266,19.0,26.39,6.0,8.33,0.6819999999999999,0.0779999999999999,27.48,14.06,16.41,30.47,32.52,24.68,194.0,0.207,51.0,26.29,12.0,6.19,0.618,0.12600000000000003,31.36,15.25,16.48,31.73,32.21,21.89,140.0,0.361,38.0,27.14,9.0,6.43,1.071,0.278,29.69,13.97,16.73,30.7,30.18,21.71
745488,2024-06-18,2024,457705,R,666157,L,single,False,False,79.0,0.212,20.0,25.32,10.0,12.66,0.7210000000000001,0.167,28.68,12.0,19.38,31.38,16.03,19.05,162.0,0.261,28.0,17.28,26.0,16.05,0.7929999999999999,0.1489999999999999,24.63,9.96,18.87,28.83,20.77,14.21,194.0,0.207,51.0,26.29,12.0,6.19,0.618,0.12600000000000003,31.36,15.25,16.48,31.73,32.21,21.89,140.0,0.361,38.0,27.14,9.0,6.43,1.071,0.278,29.69,13.97,16.73,30.7,30.18,21.71
745488,2024-06-18,2024,668804,R,666157,L,double,False,False,99.0,0.272,21.0,21.21,6.0,6.06,0.759,0.174,31.58,15.67,16.19,31.85,33.5,18.58,202.0,0.285,44.0,21.78,8.0,3.96,0.727,0.13,26.99,13.48,13.48,26.96,28.29,18.57,194.0,0.207,51.0,26.29,12.0,6.19,0.618,0.12600000000000003,31.36,15.25,16.48,31.73,32.21,21.89,140.0,0.361,38.0,27.14,9.0,6.43,1.071,0.278,29.69,13.97,16.73,30.7,30.18,21.71
745488,2024-06-18,2024,656582,R,666157,L,strikeout,True,False,94.0,0.289,16.0,17.02,8.0,8.51,0.856,0.20500000000000002,21.6,9.23,17.41,26.65,21.05,14.16,193.0,0.265,40.0,20.73,23.0,11.92,0.8200000000000001,0.187,25.72,9.93,21.34,31.27,18.27,17.32,194.0,0.207,51.0,26.29,12.0,6.19,0.618,0.12600000000000003,31.36,15.25,16.48,31.73,32.21,21.89,140.0,0.361,38.0,27.14,9.0,6.43,1.071,0.278,29.69,13.97,16.73,30.7,30.18,21.71
745488,2024-06-18,2024,682829,R,663559,L,strikeout,True,False,109.0,0.22,30.0,27.52,12.0,11.01,0.688,0.13199999999999998,33.68,14.32,15.64,29.96,26.02,25.21,122.0,0.184,49.0,40.16,5.0,4.1,0.494,0.079,37.56,17.7,19.4,37.1,38.0,33.33,222.0,0.22,34.0,15.32,17.0,7.66,0.672,0.17500000000000002,18.84,9.46,16.27,25.73,25.63,15.81,278.0,0.269,48.0,17.27,17.0,6.12,0.763,0.181,18.05,9.25,15.61,24.86,30.85,15.58
745488,2024-06-18,2024,600869,R,663559,L,field_out,False,False,86.0,0.243,18.0,20.93,10.0,11.63,0.714,0.122,28.48,13.95,13.06,27.0,30.23,18.18,161.0,0.254,36.0,22.36,15.0,9.32,0.793,0.197,21.45,10.5,14.2,24.7,29.83,16.29,222.0,0.22,34.0,15.32,17.0,7.66,0.672,0.17500000000000002,18.84,9.46,16.27,25.73,25.63,15.81,278.0,0.269,48.0,17.27,17.0,6.12,0.763,0.181,18.05,9.25,15.61,24.86,30.85,15.58
745488,2024-06-18,2024,668715,R,663559,L,field_out,False,False,87.0,0.25,16.0,18.39,12.0,13.79,0.854,0.236,20.55,8.85,16.52,25.37,23.73,14.89,180.0,0.312,33.0,18.33,17.0,9.44,0.928,0.238,20.88,9.77,17.74,27.51,26.97,14.47,222.0,0.22,34.0,15.32,17.0,7.66,0.672,0.17500000000000002,18.84,9.46,16.27,25.73,25.63,15.81,278.0,0.269,48.0,17.27,17.0,6.12,0.763,0.181,18.05,9.25,15.61,24.86,30.85,15.58
745488,2024-06-18,2024,693304,R,666157,L,field_out,False,False,40.0,0.351,9.0,22.5,1.0,2.5,1.024,0.29800000000000004,28.17,17.86,10.71,28.57,50.0,32.14,43.0,0.158,15.0,34.88,3.0,6.98,0.5720000000000001,0.158,36.17,19.21,12.99,32.2,28.74,23.81,194.0,0.207,51.0,26.29,12.0,6.19,0.618,0.12600000000000003,31.36,15.25,16.48,31.73,32.21,21.89,140.0,0.361,38.0,27.14,9.0,6.43,1.071,0.278,29.69,13.97,16.73,30.7,30.18,21.71
745488,2024-06-18,2024,663647,R,666157,L,field_out,False,False,60.0,0.347,7.0,11.67,8.0,13.33,0.964,0.18400000000000005,14.85,6.12,17.96,24.08,23.66,10.14,168.0,0.294,29.0,17.26,6.0,3.57,0.8460000000000001,0.237,20.49,9.52,20.2,29.72,31.76,19.21,194.0,0.207,51.0,26.29,12.0,6.19,0.618,0.12600000000000003,31.36,15.25,16.48,31.73,32.21,21.89,140.0,0.361,38.0,27.14,9.0,6.43,1.071,0.278,29.69,13.97,16.73,30.7,30.18,21.71
745488,2024-06-18,2024,658668,R,666157,L,strikeout,True,False,77.0,0.232,19.0,24.68,7.0,9.09,0.748,0.217,25.49,12.75,14.05,26.8,31.13,21.35,124.0,0.277,21.0,16.94,8.0,6.45,0.857,0.241,23.89,11.66,17.06,28.73,30.49,15.91,194.0,0.207,51.0,26.29,12.0,6.19,0.618,0.12600000000000003,31.36,15.25,16.48,31.73,32.21,21.89,140.0,0.361,38.0,27.14,9.0,6.43,1.071,0.278,29.69,13.97,16.73,30.7,30.18,21.71
745488,2024-06-18,2024,663886,R,663559,L,field_out,False,False,65.0,0.259,7.0,10.77,6.0,9.23,0.806,0.22399999999999998,8.08,3.25,19.92,23.17,20.87,10.45,140.0,0.283,30.0,21.43,13.0,9.29,0.7989999999999999,0.166,24.79,10.12,16.75,26.88,18.56,21.13,222.0,0.22,34.0,15.32,17.0,7.66,0.672,0.17500000000000002,18.84,9.46,16.27,25.73,25.63,15.81,278.0,0.269,48.0,17.27,17.0,6.12,0.763,0.181,18.05,9.25,15.61,24.86,30.85,15.58
745488,2024-06-18,2024,663697,R,663559,L,double,False,False,87.0,0.278,15.0,17.24,12.0,13.79,0.766,0.09699999999999998,16.67,5.72,24.25,29.97,15.73,14.85,134.0,0.207,36.0,26.87,15.0,11.19,0.642,0.129,23.87,9.31,22.67,31.99,19.93,19.66,222.0,0.22,34.0,15.32,17.0,7.66,0.672,0.17500000000000002,18.84,9.46,16.27,25.73,25.63,15.81,278.0,0.269,48.0,17.27,17.0,6.12,0.763,0.181,18.05,9.25,15.61,24.86,30.85,15.58
745488,2024-06-18,2024,669289,R,663559,L,home_run,False,False,71.0,0.241,6.0,8.45,7.0,9.86,0.619,0.069,13.11,6.08,15.59,21.67,25.37,9.68,116.0,0.252,14.0,12.07,8.0,6.9,0.657,0.1029999999999999,17.24,7.83,19.46,27.29,25.0,10.94,222.0,0.22,34.0,15.32,17.0,7.66,0.672,0.17500000000000002,18.84,9.46,16.27,25.73,25.63,15.81,278.0,0.269,48.0,17.27,17.0,6.12,0.763,0.181,18.05,9.25,15.61,24.86,30.85,15.58
745488,2024-06-18,2024,641584,L,663559,L,field_out,False,False,31.0,0.3,3.0,9.68,1.0,3.23,0.7230000000000001,0.10000000000000003,15.69,8.99,13.48,22.47,35.0,16.67,41.0,0.147,5.0,12.2,3.0,7.32,0.503,0.088,17.39,8.7,15.22,23.91,26.56,15.15,68.0,0.258,15.0,22.06,2.0,2.94,0.673,0.136,24.51,11.01,21.15,32.16,28.16,33.33,69.0,0.364,12.0,17.39,3.0,4.35,1.103,0.348,19.35,9.27,18.53,27.8,22.12,16.22
745488,2024-06-18,2024,571912,R,663559,L,strikeout,True,False,30.0,0.231,8.0,26.67,4.0,13.33,0.795,0.231,21.15,9.09,15.7,24.79,29.41,22.22,58.0,0.259,14.0,24.14,4.0,6.9,0.754,0.185,28.43,12.61,18.26,30.87,29.46,22.58,222.0,0.22,34.0,15.32,17.0,7.66,0.672,0.17500000000000002,18.84,9.46,16.27,25.73,25.63,15.81,278.0,0.269,48.0,17.27,17.0,6.12,0.763,0.181,18.05,9.25,15.61,24.86,30.85,15.58
745488,2024-06-18,2024,669707,R,666157,L,field_out,False,False,69.0,0.217,21.0,30.43,8.0,11.59,0.554,0.033,32.33,15.93,12.22,28.15,23.26,29.58,65.0,0.293,20.0,30.77,6.0,9.23,0.7829999999999999,0.121,29.41,12.96,18.15,31.11,29.29,21.28,194.0,0.207,51.0,26.29,12.0,6.19,0.618,0.12600000000000003,31.36,15.25,16.48,31.73,32.21,21.89,140.0,0.361,38.0,27.14,9.0,6.43,1.071,0.278,29.69,13.97,16.73,30.7,30.18,21.71
745488,2024-06-18,2024,572191,R,666157,L,field_out,False,False,58.0,0.22,18.0,31.03,4.0,6.9,0.633,0.13999999999999999,40.8,21.98,12.07,34.05,33.33,21.69,112.0,0.252,35.0,31.25,8.0,7.14,0.914,0.35,33.49,15.52,13.36,28.88,27.65,25.18,194.0,0.207,51.0,26.29,12.0,6.19,0.618,0.12600000000000003,31.36,15.25,16.48,31.73,32.21,21.89,140.0,0.361,38.0,27.14,9.0,6.43,1.071,0.278,29.69,13.97,16.73,30.7,30.18,21.71
745488,2024-06-18,2024,641511,R,666157,L,field_out,False,False,3.0,0.0,0.0,0.0,1.0,33.33,0.5,0.0,60.0,30.0,0.0,30.0,0.0,0.0,72.0,0.266,19.0,26.39,6.0,8.33,0.6819999999999999,0.0779999999999999,27.48,14.06,16.41,30.47,32.52,24.68,194.0,0.207,51.0,26.29,12.0,6.19,0.618,0.12600000000000003,31.36,15.25,16.48,31.73,32.21,21.89,140.0,0.361,38.0,27.14,9.0,6.43,1.071,0.278,29.69,13.97,16.73,30.7,30.18,21.71
745488,2024-06-18,2024,656413,R,663559,L,field_out,False,False,89.0,0.295,19.0,21.35,11.0,12.36,0.8180000000000001,0.14100000000000001,36.77,17.27,11.21,28.48,21.47,22.35,113.0,0.226,34.0,30.09,13.0,11.5,0.7,0.1289999999999999,36.84,17.46,14.51,31.97,22.54,26.77,222.0,0.22,34.0,15.32,17.0,7.66,0.672,0.17500000000000002,18.84,9.46,16.27,25.73,25.63,15.81,278.0,0.269,48.0,17.27,17.0,6.12,0.763,0.181,18.05,9.25,15.61,24.86,30.85,15.58
745488,2024-06-18,2024,682829,R,663559,L,strikeout,True,False,109.0,0.22,30.0,27.52,12.0,11.01,0.688,0.13199999999999998,33.68,14.32,15.64,29.96,26.02,25.21,122.0,0.184,49.0,40.16,5.0,4.1,0.494,0.079,37.56,17.7,19.4,37.1,38.0,33.33,222.0,0.22,34.0,15.32,17.0,7.66,0.672,0.17500000000000002,18.84,9.46,16.27,25.73,25.63,15.81,278.0,0.269,48.0,17.27,17.0,6.12,0.763,0.181,18.05,9.25,15.61,24.86,30.85,15.58
745488,2024-06-18,2024,600869,R,663559,L,single,False,False,86.0,0.243,18.0,20.93,10.0,11.63,0.714,0.122,28.48,13.95,13.06,27.0,30.23,18.18,161.0,0.254,36.0,22.36,15.0,9.32,0.793,0.197,21.45,10.5,14.2,24.7,29.83,16.29,222.0,0.22,34.0,15.32,17.0,7.66,0.672,0.17500000000000002,18.84,9.46,16.27,25.73,25.63,15.81,278.0,0.269,48.0,17.27,17.0,6.12,0.763,0.181,18.05,9.25,15.61,24.86,30.85,15.58
745488,2024-06-18,2024,668715,R,663559,L,single,False,False,87.0,0.25,16.0,18.39,12.0,13.79,0.854,0.236,20.55,8.85,16.52,25.37,23.73,14.89,180.0,0.312,33.0,18.33,17.0,9.44,0.928,0.238,20.88,9.77,17.74,27.51,26.97,14.47,222.0,0.22,34.0,15.32,17.0,7.66,0.672,0.17500000000000002,18.84,9.46,16.27,25.73,25.63,15.81,278.0,0.269,48.0,17.27,17.0,6.12,0.763,0.181,18.05,9.25,15.61,24.86,30.85,15.58
745488,2024-06-18,2024,663886,R,663559,L,field_out,False,False,65.0,0.259,7.0,10.77,6.0,9.23,0.806,0.22399999999999998,8.08,3.25,19.92,23.17,20.87,10.45,140.0,0.283,30.0,21.43,13.0,9.29,0.7989999999999999,0.166,24.79,10.12,16.75,26.88,18.56,21.13,222.0,0.22,34.0,15.32,17.0,7.66,0.672,0.17500000000000002,18.84,9.46,16.27,25.73,25.63,15.81,278.0,0.269,48.0,17.27,17.0,6.12,0.763,0.181,18.05,9.25,15.61,24.86,30.85,15.58
745488,2024-06-18,2024,457705,R,666157,L,field_out,False,False,79.0,0.212,20.0,25.32,10.0,12.66,0.7210000000000001,0.167,28.68,12.0,19.38,31.38,16.03,19.05,162.0,0.261,28.0,17.28,26.0,16.05,0.7929999999999999,0.1489999999999999,24.63,9.96,18.87,28.83,20.77,14.21,194.0,0.207,51.0,26.29,12.0,6.19,0.618,0.12600000000000003,31.36,15.25,16.48,31.73,32.21,21.89,140.0,0.361,38.0,27.14,9.0,6.43,1.071,0.278,29.69,13.97,16.73,30.7,30.18,21.71
745488,2024-06-18,2024,668804,R,666157,L,strikeout,True,False,99.0,0.272,21.0,21.21,6.0,6.06,0.759,0.174,31.58,15.67,16.19,31.85,33.5,18.58,202.0,0.285,44.0,21.78,8.0,3.96,0.727,0.13,26.99,13.48,13.48,26.96,28.29,18.57,194.0,0.207,51.0,26.29,12.0,6.19,0.618,0.12600000000000003,31.36,15.25,16.48,31.73,32.21,21.89,140.0,0.361,38.0,27.14,9.0,6.43,1.071,0.278,29.69,13.97,16.73,30.7,30.18,21.71
745488,2024-06-18,2024,656582,R,666157,L,field_out,False,False,94.0,0.289,16.0,17.02,8.0,8.51,0.856,0.20500000000000002,21.6,9.23,17.41,26.65,21.05,14.16,193.0,0.265,40.0,20.73,23.0,11.92,0.8200000000000001,0.187,25.72,9.93,21.34,31.27,18.27,17.32,194.0,0.207,51.0,26.29,12.0,6.19,0.618,0.12600000000000003,31.36,15.25,16.48,31.73,32.21,21.89,140.0,0.361,38.0,27.14,9.0,6.43,1.071,0.278,29.69,13.97,16.73,30.7,30.18,21.71
745488,2024-06-18,2024,663697,R,663559,L,field_out,False,False,87.0,0.278,15.0,17.24,12.0,13.79,0.766,0.09699999999999998,16.67,5.72,24.25,29.97,15.73,14.85,134.0,0.207,36.0,26.87,15.0,11.19,0.642,0.129,23.87,9.31,22.67,31.99,19.93,19.66,222.0,0.22,34.0,15.32,17.0,7.66,0.672,0.17500000000000002,18.84,9.46,16.27,25.73,25.63,15.81,278.0,0.269,48.0,17.27,17.0,6.12,0.763,0.181,18.05,9.25,15.61,24.86,30.85,15.58
745488,2024-06-18,2024,669289,R,663559,L,field_out,False,False,71.0,0.241,6.0,8.45,7.0,9.86,0.619,0.069,13.11,6.08,15.59,21.67,25.37,9.68,116.0,0.252,14.0,12.07,8.0,6.9,0.657,0.1029999999999999,17.24,7.83,19.46,27.29,25.0,10.94,222.0,0.22,34.0,15.32,17.0,7.66,0.672,0.17500000000000002,18.84,9.46,16.27,25.73,25.63,15.81,278.0,0.269,48.0,17.27,17.0,6.12,0.763,0.181,18.05,9.25,15.61,24.86,30.85,15.58
745488,2024-06-18,2024,641584,L,663559,L,field_out,False,False,31.0,0.3,3.0,9.68,1.0,3.23,0.7230000000000001,0.10000000000000003,15.69,8.99,13.48,22.47,35.0,16.67,41.0,0.147,5.0,12.2,3.0,7.32,0.503,0.088,17.39,8.7,15.22,23.91,26.56,15.15,68.0,0.258,15.0,22.06,2.0,2.94,0.673,0.136,24.51,11.01,21.15,32.16,28.16,33.33,69.0,0.364,12.0,17.39,3.0,4.35,1.103,0.348,19.35,9.27,18.53,27.8,22.12,16.22
745488,2024-06-18,2024,693304,R,666157,L,strikeout,True,False,40.0,0.351,9.0,22.5,1.0,2.5,1.024,0.29800000000000004,28.17,17.86,10.71,28.57,50.0,32.14,43.0,0.158,15.0,34.88,3.0,6.98,0.5720000000000001,0.158,36.17,19.21,12.99,32.2,28.74,23.81,194.0,0.207,51.0,26.29,12.0,6.19,0.618,0.12600000000000003,31.36,15.25,16.48,31.73,32.21,21.89,140.0,0.361,38.0,27.14,9.0,6.43,1.071,0.278,29.69,13.97,16.73,30.7,30.18,21.71
745488,2024-06-18,2024,663647,R,666157,L,home_run,False,False,60.0,0.347,7.0,11.67,8.0,13.33,0.964,0.18400000000000005,14.85,6.12,17.96,24.08,23.66,10.14,168.0,0.294,29.0,17.26,6.0,3.57,0.8460000000000001,0.237,20.49,9.52,20.2,29.72,31.76,19.21,194.0,0.207,51.0,26.29,12.0,6.19,0.618,0.12600000000000003,31.36,15.25,16.48,31.73,32.21,21.89,140.0,0.361,38.0,27.14,9.0,6.43,1.071,0.278,29.69,13.97,16.73,30.7,30.18,21.71
745488,2024-06-18,2024,658668,R,666157,L,hit_by_pitch,False,False,77.0,0.232,19.0,24.68,7.0,9.09,0.748,0.217,25.49,12.75,14.05,26.8,31.13,21.35,124.0,0.277,21.0,16.94,8.0,6.45,0.857,0.241,23.89,11.66,17.06,28.73,30.49,15.91,194.0,0.207,51.0,26.29,12.0,6.19,0.618,0.12600000000000003,31.36,15.25,16.48,31.73,32.21,21.89,140.0,0.361,38.0,27.14,9.0,6.43,1.071,0.278,29.69,13.97,16.73,30.7,30.18,21.71
745488,2024-06-18,2024,669707,R,666157,L,field_out,False,False,69.0,0.217,21.0,30.43,8.0,11.59,0.554,0.033,32.33,15.93,12.22,28.15,23.26,29.58,65.0,0.293,20.0,30.77,6.0,9.23,0.7829999999999999,0.121,29.41,12.96,18.15,31.11,29.29,21.28,194.0,0.207,51.0,26.29,12.0,6.19,0.618,0.12600000000000003,31.36,15.25,16.48,31.73,32.21,21.89,140.0,0.361,38.0,27.14,9.0,6.43,1.071,0.278,29.69,13.97,16.73,30.7,30.18,21.71
745488,2024-06-18,2024,572191,R,666157,L,field_out,False,False,58.0,0.22,18.0,31.03,4.0,6.9,0.633,0.13999999999999999,40.8,21.98,12.07,34.05,33.33,21.69,112.0,0.252,35.0,31.25,8.0,7.14,0.914,0.35,33.49,15.52,13.36,28.88,27.65,25.18,194.0,0.207,51.0,26.29,12.0,6.19,0.618,0.12600000000000003,31.36,15.25,16.48,31.73,32.21,21.89,140.0,0.361,38.0,27.14,9.0,6.43,1.071,0.278,29.69,13.97,16.73,30.7,30.18,21.71
745488,2024-06-18,2024,571912,R,669387,R,single,False,False,57.0,0.16,21.0,36.84,3.0,5.26,0.463,0.04000000000000001,30.56,13.69,17.43,31.12,25.81,28.0,141.0,0.224,35.0,24.82,10.0,7.09,0.675,0.144,25.1,11.19,19.96,31.16,24.62,23.65,43.0,0.25,10.0,23.26,5.0,11.63,0.71,0.11099999999999999,28.57,12.79,15.12,27.91,26.6,21.28,87.0,0.213,18.0,20.69,10.0,11.49,0.63,0.107,21.85,9.54,17.63,27.17,22.03,17.14
745488,2024-06-18,2024,656413,R,669387,R,field_out,False,False,46.0,0.098,11.0,23.91,2.0,4.35,0.373,0.097,39.76,20.62,12.5,33.12,28.4,24.44,144.0,0.23,35.0,24.31,12.0,8.33,0.716,0.1829999999999999,31.79,17.15,10.79,27.94,25.91,21.74,43.0,0.25,10.0,23.26,5.0,11.63,0.71,0.11099999999999999,28.57,12.79,15.12,27.91,26.6,21.28,87.0,0.213,18.0,20.69,10.0,11.49,0.63,0.107,21.85,9.54,17.63,27.17,22.03,17.14
745488,2024-06-18,2024,682829,L,669387,R,force_out,False,False,196.0,0.254,65.0,33.16,23.0,11.73,0.839,0.243,32.57,12.99,20.87,33.86,24.11,31.07,307.0,0.255,95.0,30.94,30.0,9.77,0.7989999999999999,0.2159999999999999,26.69,11.86,17.47,29.33,31.27,25.07,34.0,0.222,7.0,20.59,4.0,11.76,0.62,0.07399999999999998,20.27,10.27,14.38,24.66,23.53,12.73,66.0,0.214,16.0,24.24,8.0,12.12,0.612,0.09,20.93,9.82,15.27,25.09,25.76,17.98
745488,2024-06-18,2024,600869,L,669387,R,field_out,False,False,180.0,0.256,47.0,26.11,8.0,4.44,0.833,0.28600000000000003,28.22,15.12,13.36,28.49,36.31,21.86,415.0,0.251,91.0,21.93,38.0,9.16,0.812,0.2279999999999999,25.42,11.83,16.22,28.05,27.64,18.71,34.0,0.222,7.0,20.59,4.0,11.76,0.62,0.07399999999999998,20.27,10.27,14.38,24.66,23.53,12.73,66.0,0.214,16.0,24.24,8.0,12.12,0.612,0.09,20.93,9.82,15.27,25.09,25.76,17.98
745488,2024-06-18,2024,665833,L,518585,R,field_out,False,False,197.0,0.298,62.0,31.47,15.0,7.61,0.858,0.21000000000000002,34.13,15.69,19.12,34.8,34.19,23.57,33.0,0.185,7.0,21.21,5.0,15.15,0.636,0.148,27.69,13.14,15.33,28.47,34.25,17.95,66.0,0.232,21.0,31.82,10.0,15.15,0.794,0.214,33.85,15.94,14.13,30.07,26.62,22.58,128.0,0.231,43.0,33.59,18.0,14.06,0.733,0.158,29.12,13.69,13.69,27.39,27.0,23.76
745488,2024-06-18,2024,457705,R,518585,R,walk,False,True,179.0,0.258,47.0,26.26,18.0,10.06,0.762,0.16299999999999998,30.72,13.05,18.64,31.69,18.11,20.61,312.0,0.254,72.0,23.08,49.0,15.71,0.767,0.137,28.77,12.06,17.2,29.26,17.59,17.52,65.0,0.138,34.0,52.31,5.0,7.69,0.358,0.016999999999999987,50.76,25.77,15.38,41.15,41.14,42.5,151.0,0.196,55.0,36.42,10.0,6.62,0.601,0.1519999999999999,39.37,19.93,13.76,33.69,34.92,31.98
745488,2024-06-18,2024,668804,L,518585,R,double_play,False,False,225.0,0.265,46.0,20.44,23.0,10.22,0.772,0.16499999999999998,27.36,12.81,14.17,26.98,26.69,17.69,438.0,0.252,94.0,21.46,45.0,10.27,0.821,0.2309999999999999,28.75,13.22,13.73,26.95,24.9,18.49,66.0,0.232,21.0,31.82,10.0,15.15,0.794,0.214,33.85,15.94,14.13,30.07,26.62,22.58,128.0,0.231,43.0,33.59,18.0,14.06,0.733,0.158,29.12,13.69,13.69,27.39,27.0,23.76
745488,2024-06-18,2024,668715,R,642701,R,strikeout,True,False,204.0,0.236,42.0,20.59,20.0,9.8,0.6930000000000001,0.138,21.72,9.72,17.89,27.61,25.24,15.44,487.0,0.256,106.0,21.77,51.0,10.47,0.7789999999999999,0.175,25.48,10.86,19.02,29.88,22.75,18.53,85.0,0.312,10.0,11.76,6.0,7.06,0.875,0.194,17.09,8.71,17.1,25.81,33.99,10.64,32.0,0.259,9.0,28.12,5.0,15.62,0.931,0.297,29.82,12.23,19.42,31.65,36.9,16.98
745488,2024-06-18,2024,663886,R,642701,R,double,False,False,144.0,0.238,33.0,22.92,13.0,9.03,0.683,0.119,23.68,10.4,18.3,28.71,24.41,22.22,378.0,0.228,105.0,27.78,34.0,8.99,0.657,0.1239999999999999,29.78,12.81,19.96,32.77,26.19,24.59,85.0,0.312,10.0,11.76,6.0,7.06,0.875,0.194,17.09,8.71,17.1,25.81,33.99,10.64,32.0,0.259,9.0,28.12,5.0,15.62,0.931,0.297,29.82,12.23,19.42,31.65,36.9,16.98
745488,2024-06-18,2024,663697,R,642701,R,field_out,False,False,177.0,0.215,43.0,24.29,23.0,12.99,0.63,0.087,21.11,7.62,21.12,28.74,15.95,20.48,397.0,0.257,73.0,18.39,37.0,9.32,0.7809999999999999,0.175,21.3,8.18,21.42,29.59,19.53,15.19,85.0,0.312,10.0,11.76,6.0,7.06,0.875,0.194,17.09,8.71,17.1,25.81,33.99,10.64,32.0,0.259,9.0,28.12,5.0,15.62,0.931,0.297,29.82,12.23,19.42,31.65,36.9,16.98
745488,2024-06-18,2024,669289,R,642701,R,field_out,False,False,81.0,0.173,15.0,18.52,4.0,4.94,0.492,0.10700000000000004,11.33,5.25,16.36,21.6,24.36,16.48,138.0,0.244,22.0,15.94,10.0,7.25,0.633,0.073,17.87,7.68,20.84,28.52,25.34,15.6,85.0,0.312,10.0,11.76,6.0,7.06,0.875,0.194,17.09,8.71,17.1,25.81,33.99,10.64,32.0,0.259,9.0,28.12,5.0,15.62,0.931,0.297,29.82,12.23,19.42,31.65,36.9,16.98
745488,2024-06-18,2024,669261,L,664747,R,strikeout,True,False,160.0,0.159,41.0,25.62,21.0,13.12,0.5660000000000001,0.13799999999999998,25.33,11.72,14.61,26.33,21.59,20.0,404.0,0.232,117.0,28.96,61.0,15.1,0.857,0.271,29.06,11.36,18.81,30.17,17.6,22.37,53.0,0.216,11.0,20.75,14.0,26.42,0.804,0.13499999999999998,23.91,9.65,15.35,25.0,22.69,14.29,144.0,0.176,48.0,33.33,16.0,11.11,0.56,0.076,34.07,15.36,13.02,28.38,26.49,29.27
745488,2024-06-18,2024,693304,R,664747,R,field_out,False,False,97.0,0.281,22.0,22.68,4.0,4.12,0.739,0.14599999999999996,27.98,15.8,10.62,26.42,33.16,16.79,86.0,0.234,21.0,24.42,3.0,3.49,0.638,0.1299999999999999,30.36,15.84,12.11,27.95,27.85,22.11,66.0,0.233,16.0,24.24,5.0,7.58,0.603,0.06699999999999998,27.42,12.78,17.29,30.08,26.12,20.0,142.0,0.197,38.0,26.76,20.0,14.08,0.634,0.1109999999999999,35.51,17.28,12.35,29.63,29.13,24.05
745488,2024-06-18,2024,663647,R,664747,R,field_out,False,False,151.0,0.203,33.0,21.85,10.0,6.62,0.49,0.028999999999999998,18.22,8.15,21.56,29.71,29.35,20.75,358.0,0.26,75.0,20.95,22.0,6.15,0.721,0.1559999999999999,21.48,9.63,20.09,29.72,30.19,22.32,66.0,0.233,16.0,24.24,5.0,7.58,0.603,0.06699999999999998,27.42,12.78,17.29,30.08,26.12,20.0,142.0,0.197,38.0,26.76,20.0,14.08,0.634,0.1109999999999999,35.51,17.28,12.35,29.63,29.13,24.05
747106,2024-06-19,2024,672761,L,625643,R,single,False,False,158.0,0.238,35.0,22.15,13.0,8.23,0.6699999999999999,0.133,21.99,9.72,20.22,29.94,27.3,17.33,,,,,,,,,,,,,,,154.0,0.203,38.0,24.68,19.0,12.34,0.596,0.08999999999999997,28.36,12.9,16.13,29.03,28.25,23.9,124.0,0.18,35.0,28.23,23.0,18.55,0.633,0.12,30.94,14.64,12.14,26.79,24.49,18.72
747106,2024-06-19,2024,690993,L,625643,R,field_out,False,False,199.0,0.232,35.0,17.59,11.0,5.53,0.6000000000000001,0.087,22.86,10.93,16.8,27.73,32.9,18.42,,,,,,,,,,,,,,,154.0,0.203,38.0,24.68,19.0,12.34,0.596,0.08999999999999997,28.36,12.9,16.13,29.03,28.25,23.9,124.0,0.18,35.0,28.23,23.0,18.55,0.633,0.12,30.94,14.64,12.14,26.79,24.49,18.72
747106,2024-06-19,2024,682985,L,625643,R,strikeout,True,False,239.0,0.277,63.0,26.36,34.0,14.23,0.917,0.258,28.29,11.53,17.8,29.32,20.82,22.83,323.0,0.291,84.0,26.01,28.0,8.67,0.826,0.182,27.26,12.45,16.06,28.52,24.68,20.14,154.0,0.203,38.0,24.68,19.0,12.34,0.596,0.08999999999999997,28.36,12.9,16.13,29.03,28.25,23.9,124.0,0.18,35.0,28.23,23.0,18.55,0.633,0.12,30.94,14.64,12.14,26.79,24.49,18.72
747106,2024-06-19,2024,592192,R,625643,R,strikeout,True,False,215.0,0.239,44.0,20.47,20.0,9.3,0.6890000000000001,0.11399999999999999,22.9,9.22,23.34,32.56,21.6,17.32,341.0,0.261,56.0,16.42,28.0,8.21,0.721,0.1079999999999999,18.91,7.86,21.98,29.84,23.71,13.49,118.0,0.204,32.0,27.12,3.0,2.54,0.53,0.10600000000000001,28.82,15.17,17.47,32.64,35.94,24.43,154.0,0.227,48.0,31.17,11.0,7.14,0.6479999999999999,0.1349999999999999,30.11,16.08,12.9,28.98,33.43,19.51
747106,2024-06-19,2024,672284,L,669373,L,field_out,False,False,27.0,0.222,8.0,29.63,0.0,0.0,0.481,0.037000000000000005,32.08,17.71,17.71,35.42,36.96,25.0,92.0,0.259,27.0,29.35,7.0,7.61,0.774,0.2,27.91,12.83,16.31,29.14,26.49,24.55,58.0,0.173,18.0,31.03,3.0,5.17,0.45299999999999996,0.03900000000000001,27.84,13.78,21.94,35.71,38.37,31.03,42.0,0.125,4.0,9.52,2.0,4.76,0.367,0.075,15.62,7.94,17.46,25.4,22.45,17.39
747106,2024-06-19,2024,645277,R,669373,L,single,False,False,73.0,0.319,8.0,10.96,1.0,1.37,0.815,0.16699999999999998,18.6,10.67,9.33,20.0,31.3,21.62,133.0,0.391,18.0,13.53,4.0,3.01,1.023,0.2259999999999999,19.5,11.51,10.25,21.76,42.91,12.77,279.0,0.202,80.0,28.67,13.0,4.66,0.5720000000000001,0.129,31.59,16.42,17.26,33.68,30.3,24.32,268.0,0.21,98.0,36.57,12.0,4.48,0.567,0.103,33.05,17.57,16.29,33.85,34.51,25.72
747106,2024-06-19,2024,542303,R,669373,L,walk,False,True,85.0,0.37,20.0,23.53,12.0,14.12,1.0070000000000001,0.17800000000000005,29.57,14.63,12.23,26.86,26.7,14.81,139.0,0.278,25.0,17.99,13.0,9.35,0.98,0.357,22.56,11.13,13.17,24.3,30.63,15.53,279.0,0.202,80.0,28.67,13.0,4.66,0.5720000000000001,0.129,31.59,16.42,17.26,33.68,30.3,24.32,268.0,0.21,98.0,36.57,12.0,4.48,0.567,0.103,33.05,17.57,16.29,33.85,34.51,25.72
747106,2024-06-19,2024,621566,L,669373,L,field_out,False,False,94.0,0.282,22.0,23.4,5.0,5.32,0.893,0.2710000000000001,23.66,11.52,14.66,26.18,26.84,16.3,182.0,0.252,52.0,28.57,14.0,7.69,0.7989999999999999,0.239,31.07,15.01,14.87,29.88,27.47,21.94,58.0,0.173,18.0,31.03,3.0,5.17,0.45299999999999996,0.03900000000000001,27.84,13.78,21.94,35.71,38.37,31.03,42.0,0.125,4.0,9.52,2.0,4.76,0.367,0.075,15.62,7.94,17.46,25.4,22.45,17.39
747106,2024-06-19,2024,663586,R,669373,L,hit_by_pitch,False,False,71.0,0.2,15.0,21.13,6.0,8.45,0.591,0.123,24.06,12.5,10.16,22.66,25.4,21.74,149.0,0.289,35.0,23.49,17.0,11.41,0.94,0.289,28.03,13.64,12.46,26.09,26.11,18.72,279.0,0.202,80.0,28.67,13.0,4.66,0.5720000000000001,0.129,31.59,16.42,17.26,33.68,30.3,24.32,268.0,0.21,98.0,36.57,12.0,4.48,0.567,0.103,33.05,17.57,16.29,33.85,34.51,25.72
747106,2024-06-19,2024,594807,R,669373,L,field_out,False,False,84.0,0.275,14.0,16.67,12.0,14.29,0.958,0.2899999999999999,18.49,8.18,17.27,25.45,22.73,13.08,93.0,0.244,34.0,36.56,4.0,4.3,0.757,0.2329999999999999,34.95,18.31,16.34,34.65,37.97,29.82,279.0,0.202,80.0,28.67,13.0,4.66,0.5720000000000001,0.129,31.59,16.42,17.26,33.68,30.3,24.32,268.0,0.21,98.0,36.57,12.0,4.48,0.567,0.103,33.05,17.57,16.29,33.85,34.51,25.72
747106,2024-06-19,2024,570482,R,625643,R,single,False,False,116.0,0.303,15.0,12.93,5.0,4.31,0.74,0.10100000000000003,19.63,9.86,17.37,27.23,33.33,13.16,175.0,0.276,30.0,17.14,9.0,5.14,0.653,0.061,20.55,11.01,13.8,24.82,34.39,12.39,118.0,0.204,32.0,27.12,3.0,2.54,0.53,0.10600000000000001,28.82,15.17,17.47,32.64,35.94,24.43,154.0,0.227,48.0,31.17,11.0,7.14,0.6479999999999999,0.1349999999999999,30.11,16.08,12.9,28.98,33.43,19.51
747106,2024-06-19,2024,656716,L,625643,R,strikeout,True,False,116.0,0.183,33.0,28.45,10.0,8.62,0.528,0.08600000000000002,28.31,13.45,17.35,30.8,30.9,23.74,475.0,0.23,109.0,22.95,38.0,8.0,0.653,0.1259999999999999,21.06,10.13,16.08,26.2,28.04,19.12,154.0,0.203,38.0,24.68,19.0,12.34,0.596,0.08999999999999997,28.36,12.9,16.13,29.03,28.25,23.9,124.0,0.18,35.0,28.23,23.0,18.55,0.633,0.12,30.94,14.64,12.14,26.79,24.49,18.72
747106,2024-06-19,2024,628451,R,625643,R,field_out,False,False,41.0,0.154,14.0,34.15,2.0,4.88,0.4,0.05099999999999999,33.33,18.47,15.29,33.76,41.46,25.93,265.0,0.265,45.0,16.98,18.0,6.79,0.71,0.127,22.24,11.31,15.49,26.81,34.23,16.73,118.0,0.204,32.0,27.12,3.0,2.54,0.53,0.10600000000000001,28.82,15.17,17.47,32.64,35.94,24.43,154.0,0.227,48.0,31.17,11.0,7.14,0.6479999999999999,0.1349999999999999,30.11,16.08,12.9,28.98,33.43,19.51
747106,2024-06-19,2024,668731,L,625643,R,walk,False,True,36.0,0.138,8.0,22.22,6.0,16.67,0.623,0.20699999999999996,33.33,16.43,10.71,27.14,31.58,22.22,347.0,0.218,87.0,25.07,42.0,12.1,0.688,0.158,25.51,11.78,14.66,26.44,24.86,21.97,154.0,0.203,38.0,24.68,19.0,12.34,0.596,0.08999999999999997,28.36,12.9,16.13,29.03,28.25,23.9,124.0,0.18,35.0,28.23,23.0,18.55,0.633,0.12,30.94,14.64,12.14,26.79,24.49,18.72
747106,2024-06-19,2024,668670,R,625643,R,strikeout,True,False,101.0,0.219,33.0,32.67,3.0,2.97,0.632,0.156,35.06,16.35,19.3,35.66,25.99,30.84,259.0,0.215,84.0,32.43,20.0,7.72,0.676,0.18,31.32,14.43,18.81,33.23,22.13,28.38,118.0,0.204,32.0,27.12,3.0,2.54,0.53,0.10600000000000001,28.82,15.17,17.47,32.64,35.94,24.43,154.0,0.227,48.0,31.17,11.0,7.14,0.6479999999999999,0.1349999999999999,30.11,16.08,12.9,28.98,33.43,19.51
747106,2024-06-19,2024,669221,R,669373,L,single,False,False,16.0,0.0,5.0,31.25,1.0,6.25,0.062,0.0,35.71,16.67,21.67,38.33,40.74,31.25,101.0,0.274,21.0,20.79,12.0,11.88,0.884,0.2139999999999999,23.12,10.14,16.75,26.89,23.56,16.03,279.0,0.202,80.0,28.67,13.0,4.66,0.5720000000000001,0.129,31.59,16.42,17.26,33.68,30.3,24.32,268.0,0.21,98.0,36.57,12.0,4.48,0.567,0.103,33.05,17.57,16.29,33.85,34.51,25.72
747106,2024-06-19,2024,606115,R,669373,L,strikeout,True,False,73.0,0.176,20.0,27.4,3.0,4.11,0.45499999999999996,0.07400000000000001,27.03,13.25,16.23,29.47,27.03,20.0,112.0,0.302,24.0,21.43,16.0,14.29,1.006,0.302,27.18,11.06,18.79,29.85,21.6,18.32,279.0,0.202,80.0,28.67,13.0,4.66,0.5720000000000001,0.129,31.59,16.42,17.26,33.68,30.3,24.32,268.0,0.21,98.0,36.57,12.0,4.48,0.567,0.103,33.05,17.57,16.29,33.85,34.51,25.72
747106,2024-06-19,2024,657656,R,669373,L,single,False,False,38.0,0.167,16.0,42.11,0.0,0.0,0.49,0.13899999999999998,40.26,20.67,15.33,36.0,29.17,28.57,138.0,0.27,36.0,26.09,10.0,7.25,0.793,0.19,27.13,12.7,16.7,29.4,21.07,20.34,279.0,0.202,80.0,28.67,13.0,4.66,0.5720000000000001,0.129,31.59,16.42,17.26,33.68,30.3,24.32,268.0,0.21,98.0,36.57,12.0,4.48,0.567,0.103,33.05,17.57,16.29,33.85,34.51,25.72
747106,2024-06-19,2024,672284,L,669373,L,field_out,False,False,27.0,0.222,8.0,29.63,0.0,0.0,0.481,0.037000000000000005,32.08,17.71,17.71,35.42,36.96,25.0,92.0,0.259,27.0,29.35,7.0,7.61,0.774,0.2,27.91,12.83,16.31,29.14,26.49,24.55,58.0,0.173,18.0,31.03,3.0,5.17,0.45299999999999996,0.03900000000000001,27.84,13.78,21.94,35.71,38.37,31.03,42.0,0.125,4.0,9.52,2.0,4.76,0.367,0.075,15.62,7.94,17.46,25.4,22.45,17.39
747106,2024-06-19,2024,645277,R,669373,L,single,False,False,73.0,0.319,8.0,10.96,1.0,1.37,0.815,0.16699999999999998,18.6,10.67,9.33,20.0,31.3,21.62,133.0,0.391,18.0,13.53,4.0,3.01,1.023,0.2259999999999999,19.5,11.51,10.25,21.76,42.91,12.77,279.0,0.202,80.0,28.67,13.0,4.66,0.5720000000000001,0.129,31.59,16.42,17.26,33.68,30.3,24.32,268.0,0.21,98.0,36.57,12.0,4.48,0.567,0.103,33.05,17.57,16.29,33.85,34.51,25.72
747106,2024-06-19,2024,542303,R,669373,L,strikeout,True,False,85.0,0.37,20.0,23.53,12.0,14.12,1.0070000000000001,0.17800000000000005,29.57,14.63,12.23,26.86,26.7,14.81,139.0,0.278,25.0,17.99,13.0,9.35,0.98,0.357,22.56,11.13,13.17,24.3,30.63,15.53,279.0,0.202,80.0,28.67,13.0,4.66,0.5720000000000001,0.129,31.59,16.42,17.26,33.68,30.3,24.32,268.0,0.21,98.0,36.57,12.0,4.48,0.567,0.103,33.05,17.57,16.29,33.85,34.51,25.72
747106,2024-06-19,2024,672761,L,625643,R,single,False,False,158.0,0.238,35.0,22.15,13.0,8.23,0.6699999999999999,0.133,21.99,9.72,20.22,29.94,27.3,17.33,,,,,,,,,,,,,,,154.0,0.203,38.0,24.68,19.0,12.34,0.596,0.08999999999999997,28.36,12.9,16.13,29.03,28.25,23.9,124.0,0.18,35.0,28.23,23.0,18.55,0.633,0.12,30.94,14.64,12.14,26.79,24.49,18.72
747106,2024-06-19,2024,690993,L,625643,R,grounded_into_double_play,False,False,199.0,0.232,35.0,17.59,11.0,5.53,0.6000000000000001,0.087,22.86,10.93,16.8,27.73,32.9,18.42,,,,,,,,,,,,,,,154.0,0.203,38.0,24.68,19.0,12.34,0.596,0.08999999999999997,28.36,12.9,16.13,29.03,28.25,23.9,124.0,0.18,35.0,28.23,23.0,18.55,0.633,0.12,30.94,14.64,12.14,26.79,24.49,18.72
747106,2024-06-19,2024,682985,L,625643,R,field_out,False,False,239.0,0.277,63.0,26.36,34.0,14.23,0.917,0.258,28.29,11.53,17.8,29.32,20.82,22.83,323.0,0.291,84.0,26.01,28.0,8.67,0.826,0.182,27.26,12.45,16.06,28.52,24.68,20.14,154.0,0.203,38.0,24.68,19.0,12.34,0.596,0.08999999999999997,28.36,12.9,16.13,29.03,28.25,23.9,124.0,0.18,35.0,28.23,23.0,18.55,0.633,0.12,30.94,14.64,12.14,26.79,24.49,18.72
747106,2024-06-19,2024,621566,L,669373,L,strikeout,True,False,94.0,0.282,22.0,23.4,5.0,5.32,0.893,0.2710000000000001,23.66,11.52,14.66,26.18,26.84,16.3,182.0,0.252,52.0,28.57,14.0,7.69,0.7989999999999999,0.239,31.07,15.01,14.87,29.88,27.47,21.94,58.0,0.173,18.0,31.03,3.0,5.17,0.45299999999999996,0.03900000000000001,27.84,13.78,21.94,35.71,38.37,31.03,42.0,0.125,4.0,9.52,2.0,4.76,0.367,0.075,15.62,7.94,17.46,25.4,22.45,17.39
747106,2024-06-19,2024,663586,R,669373,L,double,False,False,71.0,0.2,15.0,21.13,6.0,8.45,0.591,0.123,24.06,12.5,10.16,22.66,25.4,21.74,149.0,0.289,35.0,23.49,17.0,11.41,0.94,0.289,28.03,13.64,12.46,26.09,26.11,18.72,279.0,0.202,80.0,28.67,13.0,4.66,0.5720000000000001,0.129,31.59,16.42,17.26,33.68,30.3,24.32,268.0,0.21,98.0,36.57,12.0,4.48,0.567,0.103,33.05,17.57,16.29,33.85,34.51,25.72
747106,2024-06-19,2024,594807,R,669373,L,strikeout,True,False,84.0,0.275,14.0,16.67,12.0,14.29,0.958,0.2899999999999999,18.49,8.18,17.27,25.45,22.73,13.08,93.0,0.244,34.0,36.56,4.0,4.3,0.757,0.2329999999999999,34.95,18.31,16.34,34.65,37.97,29.82,279.0,0.202,80.0,28.67,13.0,4.66,0.5720000000000001,0.129,31.59,16.42,17.26,33.68,30.3,24.32,268.0,0.21,98.0,36.57,12.0,4.48,0.567,0.103,33.05,17.57,16.29,33.85,34.51,25.72
747106,2024-06-19,2024,669221,R,669373,L,home_run,False,False,16.0,0.0,5.0,31.25,1.0,6.25,0.062,0.0,35.71,16.67,21.67,38.33,40.74,31.25,101.0,0.274,21.0,20.79,12.0,11.88,0.884,0.2139999999999999,23.12,10.14,16.75,26.89,23.56,16.03,279.0,0.202,80.0,28.67,13.0,4.66,0.5720000000000001,0.129,31.59,16.42,17.26,33.68,30.3,24.32,268.0,0.21,98.0,36.57,12.0,4.48,0.567,0.103,33.05,17.57,16.29,33.85,34.51,25.72
747106,2024-06-19,2024,606115,R,669373,L,field_out,False,False,73.0,0.176,20.0,27.4,3.0,4.11,0.45499999999999996,0.07400000000000001,27.03,13.25,16.23,29.47,27.03,20.0,112.0,0.302,24.0,21.43,16.0,14.29,1.006,0.302,27.18,11.06,18.79,29.85,21.6,18.32,279.0,0.202,80.0,28.67,13.0,4.66,0.5720000000000001,0.129,31.59,16.42,17.26,33.68,30.3,24.32,268.0,0.21,98.0,36.57,12.0,4.48,0.567,0.103,33.05,17.57,16.29,33.85,34.51,25.72
747106,2024-06-19,2024,592192,R,625643,R,field_out,False,False,215.0,0.239,44.0,20.47,20.0,9.3,0.6890000000000001,0.11399999999999999,22.9,9.22,23.34,32.56,21.6,17.32,341.0,0.261,56.0,16.42,28.0,8.21,0.721,0.1079999999999999,18.91,7.86,21.98,29.84,23.71,13.49,118.0,0.204,32.0,27.12,3.0,2.54,0.53,0.10600000000000001,28.82,15.17,17.47,32.64,35.94,24.43,154.0,0.227,48.0,31.17,11.0,7.14,0.6479999999999999,0.1349999999999999,30.11,16.08,12.9,28.98,33.43,19.51
747106,2024-06-19,2024,570482,R,625643,R,single,False,False,116.0,0.303,15.0,12.93,5.0,4.31,0.74,0.10100000000000003,19.63,9.86,17.37,27.23,33.33,13.16,175.0,0.276,30.0,17.14,9.0,5.14,0.653,0.061,20.55,11.01,13.8,24.82,34.39,12.39,118.0,0.204,32.0,27.12,3.0,2.54,0.53,0.10600000000000001,28.82,15.17,17.47,32.64,35.94,24.43,154.0,0.227,48.0,31.17,11.0,7.14,0.6479999999999999,0.1349999999999999,30.11,16.08,12.9,28.98,33.43,19.51
747106,2024-06-19,2024,656716,L,625643,R,strikeout,True,False,116.0,0.183,33.0,28.45,10.0,8.62,0.528,0.08600000000000002,28.31,13.45,17.35,30.8,30.9,23.74,475.0,0.23,109.0,22.95,38.0,8.0,0.653,0.1259999999999999,21.06,10.13,16.08,26.2,28.04,19.12,154.0,0.203,38.0,24.68,19.0,12.34,0.596,0.08999999999999997,28.36,12.9,16.13,29.03,28.25,23.9,124.0,0.18,35.0,28.23,23.0,18.55,0.633,0.12,30.94,14.64,12.14,26.79,24.49,18.72
747106,2024-06-19,2024,628451,R,625643,R,single,False,False,41.0,0.154,14.0,34.15,2.0,4.88,0.4,0.05099999999999999,33.33,18.47,15.29,33.76,41.46,25.93,265.0,0.265,45.0,16.98,18.0,6.79,0.71,0.127,22.24,11.31,15.49,26.81,34.23,16.73,118.0,0.204,32.0,27.12,3.0,2.54,0.53,0.10600000000000001,28.82,15.17,17.47,32.64,35.94,24.43,154.0,0.227,48.0,31.17,11.0,7.14,0.6479999999999999,0.1349999999999999,30.11,16.08,12.9,28.98,33.43,19.51
747106,2024-06-19,2024,668731,L,625643,R,field_out,False,False,36.0,0.138,8.0,22.22,6.0,16.67,0.623,0.20699999999999996,33.33,16.43,10.71,27.14,31.58,22.22,347.0,0.218,87.0,25.07,42.0,12.1,0.688,0.158,25.51,11.78,14.66,26.44,24.86,21.97,154.0,0.203,38.0,24.68,19.0,12.34,0.596,0.08999999999999997,28.36,12.9,16.13,29.03,28.25,23.9,124.0,0.18,35.0,28.23,23.0,18.55,0.633,0.12,30.94,14.64,12.14,26.79,24.49,18.72
747106,2024-06-19,2024,657656,R,669373,L,home_run,False,False,38.0,0.167,16.0,42.11,0.0,0.0,0.49,0.13899999999999998,40.26,20.67,15.33,36.0,29.17,28.57,138.0,0.27,36.0,26.09,10.0,7.25,0.793,0.19,27.13,12.7,16.7,29.4,21.07,20.34,279.0,0.202,80.0,28.67,13.0,4.66,0.5720000000000001,0.129,31.59,16.42,17.26,33.68,30.3,24.32,268.0,0.21,98.0,36.57,12.0,4.48,0.567,0.103,33.05,17.57,16.29,33.85,34.51,25.72
747106,2024-06-19,2024,672284,L,669373,L,strikeout,True,False,27.0,0.222,8.0,29.63,0.0,0.0,0.481,0.037000000000000005,32.08,17.71,17.71,35.42,36.96,25.0,92.0,0.259,27.0,29.35,7.0,7.61,0.774,0.2,27.91,12.83,16.31,29.14,26.49,24.55,58.0,0.173,18.0,31.03,3.0,5.17,0.45299999999999996,0.03900000000000001,27.84,13.78,21.94,35.71,38.37,31.03,42.0,0.125,4.0,9.52,2.0,4.76,0.367,0.075,15.62,7.94,17.46,25.4,22.45,17.39
747106,2024-06-19,2024,645277,R,669373,L,hit_by_pitch,False,False,73.0,0.319,8.0,10.96,1.0,1.37,0.815,0.16699999999999998,18.6,10.67,9.33,20.0,31.3,21.62,133.0,0.391,18.0,13.53,4.0,3.01,1.023,0.2259999999999999,19.5,11.51,10.25,21.76,42.91,12.77,279.0,0.202,80.0,28.67,13.0,4.66,0.5720000000000001,0.129,31.59,16.42,17.26,33.68,30.3,24.32,268.0,0.21,98.0,36.57,12.0,4.48,0.567,0.103,33.05,17.57,16.29,33.85,34.51,25.72
747106,2024-06-19,2024,542303,R,669373,L,walk,False,True,85.0,0.37,20.0,23.53,12.0,14.12,1.0070000000000001,0.17800000000000005,29.57,14.63,12.23,26.86,26.7,14.81,139.0,0.278,25.0,17.99,13.0,9.35,0.98,0.357,22.56,11.13,13.17,24.3,30.63,15.53,279.0,0.202,80.0,28.67,13.0,4.66,0.5720000000000001,0.129,31.59,16.42,17.26,33.68,30.3,24.32,268.0,0.21,98.0,36.57,12.0,4.48,0.567,0.103,33.05,17.57,16.29,33.85,34.51,25.72
747106,2024-06-19,2024,621566,L,669373,L,strikeout,True,False,94.0,0.282,22.0,23.4,5.0,5.32,0.893,0.2710000000000001,23.66,11.52,14.66,26.18,26.84,16.3,182.0,0.252,52.0,28.57,14.0,7.69,0.7989999999999999,0.239,31.07,15.01,14.87,29.88,27.47,21.94,58.0,0.173,18.0,31.03,3.0,5.17,0.45299999999999996,0.03900000000000001,27.84,13.78,21.94,35.71,38.37,31.03,42.0,0.125,4.0,9.52,2.0,4.76,0.367,0.075,15.62,7.94,17.46,25.4,22.45,17.39
747106,2024-06-19,2024,663586,R,669373,L,strikeout,True,False,71.0,0.2,15.0,21.13,6.0,8.45,0.591,0.123,24.06,12.5,10.16,22.66,25.4,21.74,149.0,0.289,35.0,23.49,17.0,11.41,0.94,0.289,28.03,13.64,12.46,26.09,26.11,18.72,279.0,0.202,80.0,28.67,13.0,4.66,0.5720000000000001,0.129,31.59,16.42,17.26,33.68,30.3,24.32,268.0,0.21,98.0,36.57,12.0,4.48,0.567,0.103,33.05,17.57,16.29,33.85,34.51,25.72
747106,2024-06-19,2024,668670,R,625643,R,field_out,False,False,101.0,0.219,33.0,32.67,3.0,2.97,0.632,0.156,35.06,16.35,19.3,35.66,25.99,30.84,259.0,0.215,84.0,32.43,20.0,7.72,0.676,0.18,31.32,14.43,18.81,33.23,22.13,28.38,118.0,0.204,32.0,27.12,3.0,2.54,0.53,0.10600000000000001,28.82,15.17,17.47,32.64,35.94,24.43,154.0,0.227,48.0,31.17,11.0,7.14,0.6479999999999999,0.1349999999999999,30.11,16.08,12.9,28.98,33.43,19.51
747106,2024-06-19,2024,672761,L,625643,R,field_out,False,False,158.0,0.238,35.0,22.15,13.0,8.23,0.6699999999999999,0.133,21.99,9.72,20.22,29.94,27.3,17.33,,,,,,,,,,,,,,,154.0,0.203,38.0,24.68,19.0,12.34,0.596,0.08999999999999997,28.36,12.9,16.13,29.03,28.25,23.9,124.0,0.18,35.0,28.23,23.0,18.55,0.633,0.12,30.94,14.64,12.14,26.79,24.49,18.72
747106,2024-06-19,2024,690993,L,625643,R,single,False,False,199.0,0.232,35.0,17.59,11.0,5.53,0.6000000000000001,0.087,22.86,10.93,16.8,27.73,32.9,18.42,,,,,,,,,,,,,,,154.0,0.203,38.0,24.68,19.0,12.34,0.596,0.08999999999999997,28.36,12.9,16.13,29.03,28.25,23.9,124.0,0.18,35.0,28.23,23.0,18.55,0.633,0.12,30.94,14.64,12.14,26.79,24.49,18.72
747106,2024-06-19,2024,682985,L,625643,R,single,False,False,239.0,0.277,63.0,26.36,34.0,14.23,0.917,0.258,28.29,11.53,17.8,29.32,20.82,22.83,323.0,0.291,84.0,26.01,28.0,8.67,0.826,0.182,27.26,12.45,16.06,28.52,24.68,20.14,154.0,0.203,38.0,24.68,19.0,12.34,0.596,0.08999999999999997,28.36,12.9,16.13,29.03,28.25,23.9,124.0,0.18,35.0,28.23,23.0,18.55,0.633,0.12,30.94,14.64,12.14,26.79,24.49,18.72
747106,2024-06-19,2024,592192,R,625643,R,strikeout,True,False,215.0,0.239,44.0,20.47,20.0,9.3,0.6890000000000001,0.11399999999999999,22.9,9.22,23.34,32.56,21.6,17.32,341.0,0.261,56.0,16.42,28.0,8.21,0.721,0.1079999999999999,18.91,7.86,21.98,29.84,23.71,13.49,118.0,0.204,32.0,27.12,3.0,2.54,0.53,0.10600000000000001,28.82,15.17,17.47,32.64,35.94,24.43,154.0,0.227,48.0,31.17,11.0,7.14,0.6479999999999999,0.1349999999999999,30.11,16.08,12.9,28.98,33.43,19.51
747106,2024-06-19,2024,594807,R,669438,R,single,False,False,93.0,0.09,33.0,35.48,3.0,3.23,0.241,0.022000000000000006,28.24,13.79,19.54,33.33,34.32,30.0,260.0,0.248,76.0,29.23,18.0,6.92,0.863,0.303,29.41,13.69,18.97,32.66,32.68,27.44,37.0,0.212,8.0,21.62,3.0,8.11,0.782,0.273,26.03,12.75,13.42,26.17,28.95,15.69,155.0,0.262,23.0,14.84,9.0,5.81,0.796,0.2199999999999999,22.46,11.46,14.6,26.06,25.61,16.08
747106,2024-06-19,2024,669221,R,669438,R,home_run,False,False,40.0,0.189,11.0,27.5,2.0,5.0,0.5469999999999999,0.10799999999999998,31.88,14.86,19.59,34.46,30.67,26.83,337.0,0.245,77.0,22.85,37.0,10.98,0.832,0.2309999999999999,26.79,12.43,15.15,27.58,22.74,18.97,37.0,0.212,8.0,21.62,3.0,8.11,0.782,0.273,26.03,12.75,13.42,26.17,28.95,15.69,155.0,0.262,23.0,14.84,9.0,5.81,0.796,0.2199999999999999,22.46,11.46,14.6,26.06,25.61,16.08
747106,2024-06-19,2024,606115,R,669438,R,field_out,False,False,203.0,0.237,35.0,17.24,8.0,3.94,0.662,0.15800000000000003,23.04,11.56,14.98,26.54,26.03,17.41,421.0,0.255,78.0,18.53,23.0,5.46,0.6739999999999999,0.12,23.54,11.23,17.09,28.32,27.84,15.98,37.0,0.212,8.0,21.62,3.0,8.11,0.782,0.273,26.03,12.75,13.42,26.17,28.95,15.69,155.0,0.262,23.0,14.84,9.0,5.81,0.796,0.2199999999999999,22.46,11.46,14.6,26.06,25.61,16.08
747106,2024-06-19,2024,657656,R,669438,R,strikeout,True,False,53.0,0.119,19.0,35.85,7.0,13.21,0.44499999999999995,0.023999999999999994,34.88,14.15,18.4,32.55,21.3,30.65,267.0,0.2,78.0,29.21,23.0,8.61,0.612,0.123,29.9,13.97,16.61,30.58,29.73,21.08,37.0,0.212,8.0,21.62,3.0,8.11,0.782,0.273,26.03,12.75,13.42,26.17,28.95,15.69,155.0,0.262,23.0,14.84,9.0,5.81,0.796,0.2199999999999999,22.46,11.46,14.6,26.06,25.61,16.08
747106,2024-06-19,2024,672284,L,669438,R,double,False,False,165.0,0.275,49.0,29.7,10.0,6.06,0.779,0.183,34.42,17.55,14.83,32.38,32.02,22.58,324.0,0.251,105.0,32.41,34.0,10.49,0.738,0.1569999999999999,35.42,16.4,14.8,31.2,29.2,26.99,23.0,0.391,1.0,4.35,0.0,0.0,1.174,0.392,12.5,7.06,5.88,12.94,27.27,5.56,99.0,0.337,18.0,18.18,8.0,8.08,0.984,0.2589999999999999,25.12,12.89,12.41,25.3,29.55,12.59
747106,2024-06-19,2024,645277,L,669438,R,field_out,False,False,205.0,0.236,36.0,17.56,17.0,8.29,0.6859999999999999,0.138,21.54,12.0,9.26,21.26,32.43,11.8,528.0,0.25,89.0,16.86,42.0,7.95,0.8029999999999999,0.235,20.84,11.11,9.82,20.92,33.45,13.94,23.0,0.391,1.0,4.35,0.0,0.0,1.174,0.392,12.5,7.06,5.88,12.94,27.27,5.56,99.0,0.337,18.0,18.18,8.0,8.08,0.984,0.2589999999999999,25.12,12.89,12.41,25.3,29.55,12.59
747106,2024-06-19,2024,570482,R,607481,L,field_out,False,False,46.0,0.214,9.0,19.57,4.0,8.7,0.5209999999999999,0.023999999999999994,18.68,10.24,12.05,22.29,36.56,19.15,53.0,0.373,6.0,11.32,1.0,1.89,0.867,0.1169999999999999,13.56,7.96,11.94,19.9,44.55,8.82,65.0,0.263,16.0,24.62,5.0,7.69,0.626,0.034999999999999976,21.0,8.2,24.61,32.81,26.52,21.62,175.0,0.238,52.0,29.71,25.0,14.29,0.715,0.123,30.95,12.48,21.54,34.02,28.15,23.21
747106,2024-06-19,2024,668952,R,607481,L,field_out,False,False,6.0,0.2,1.0,16.67,1.0,16.67,0.533,0.0,28.57,11.76,5.88,17.65,18.18,50.0,9.0,0.111,4.0,44.44,0.0,0.0,0.222,0.0,50.0,26.47,14.71,41.18,33.33,36.36,65.0,0.263,16.0,24.62,5.0,7.69,0.626,0.034999999999999976,21.0,8.2,24.61,32.81,26.52,21.62,175.0,0.238,52.0,29.71,25.0,14.29,0.715,0.123,30.95,12.48,21.54,34.02,28.15,23.21
747106,2024-06-19,2024,628451,R,607481,L,single,False,False,65.0,0.35,13.0,20.0,1.0,1.54,0.886,0.16700000000000004,29.46,16.59,12.23,28.82,39.34,22.41,118.0,0.261,24.0,20.34,6.0,5.08,0.8200000000000001,0.262,23.36,12.59,13.85,26.45,37.13,23.53,65.0,0.263,16.0,24.62,5.0,7.69,0.626,0.034999999999999976,21.0,8.2,24.61,32.81,26.52,21.62,175.0,0.238,52.0,29.71,25.0,14.29,0.715,0.123,30.95,12.48,21.54,34.02,28.15,23.21
747106,2024-06-19,2024,668731,L,607481,L,strikeout,True,False,1.0,0.0,1.0,100.0,0.0,0.0,0.0,0.0,50.0,33.33,33.33,66.67,,100.0,11.0,0.222,2.0,18.18,0.0,0.0,0.444,0.0,21.05,11.76,17.65,29.41,46.67,25.0,37.0,0.353,10.0,27.03,3.0,8.11,0.876,0.118,24.29,10.76,17.72,28.48,28.4,20.0,93.0,0.231,26.0,27.96,11.0,11.83,0.669,0.09,36.11,13.51,22.6,36.1,26.73,26.0
747106,2024-06-19,2024,542303,R,669438,R,field_out,False,False,215.0,0.301,46.0,21.4,19.0,8.84,0.99,0.326,30.47,14.67,13.25,27.93,26.91,19.09,453.0,0.272,109.0,24.06,44.0,9.71,0.882,0.263,27.95,13.42,14.78,28.21,29.59,18.63,37.0,0.212,8.0,21.62,3.0,8.11,0.782,0.273,26.03,12.75,13.42,26.17,28.95,15.69,155.0,0.262,23.0,14.84,9.0,5.81,0.796,0.2199999999999999,22.46,11.46,14.6,26.06,25.61,16.08
747106,2024-06-19,2024,621566,L,669438,R,field_out,False,False,204.0,0.242,53.0,25.98,23.0,11.27,0.749,0.174,28.12,13.79,11.49,25.27,28.19,17.11,540.0,0.294,115.0,21.3,90.0,16.67,1.061,0.351,27.51,12.57,12.32,24.89,25.66,14.92,23.0,0.391,1.0,4.35,0.0,0.0,1.174,0.392,12.5,7.06,5.88,12.94,27.27,5.56,99.0,0.337,18.0,18.18,8.0,8.08,0.984,0.2589999999999999,25.12,12.89,12.41,25.3,29.55,12.59
747106,2024-06-19,2024,663586,R,669438,R,single,False,False,177.0,0.256,43.0,24.29,14.0,7.91,0.749,0.16899999999999998,29.58,14.98,12.55,27.53,27.71,18.03,566.0,0.28,137.0,24.2,42.0,7.42,0.841,0.2199999999999999,27.71,13.25,15.53,28.77,27.7,18.53,37.0,0.212,8.0,21.62,3.0,8.11,0.782,0.273,26.03,12.75,13.42,26.17,28.95,15.69,155.0,0.262,23.0,14.84,9.0,5.81,0.796,0.2199999999999999,22.46,11.46,14.6,26.06,25.61,16.08
747106,2024-06-19,2024,594807,R,669438,R,strikeout,True,False,93.0,0.09,33.0,35.48,3.0,3.23,0.241,0.022000000000000006,28.24,13.79,19.54,33.33,34.32,30.0,260.0,0.248,76.0,29.23,18.0,6.92,0.863,0.303,29.41,13.69,18.97,32.66,32.68,27.44,37.0,0.212,8.0,21.62,3.0,8.11,0.782,0.273,26.03,12.75,13.42,26.17,28.95,15.69,155.0,0.262,23.0,14.84,9.0,5.81,0.796,0.2199999999999999,22.46,11.46,14.6,26.06,25.61,16.08
747106,2024-06-19,2024,668670,R,607481,L,field_out,False,False,45.0,0.175,13.0,28.89,5.0,11.11,0.567,0.125,33.75,15.0,17.78,32.78,24.21,29.55,108.0,0.235,34.0,31.48,8.0,7.41,0.8600000000000001,0.326,32.64,14.72,17.76,32.48,23.9,29.06,65.0,0.263,16.0,24.62,5.0,7.69,0.626,0.034999999999999976,21.0,8.2,24.61,32.81,26.52,21.62,175.0,0.238,52.0,29.71,25.0,14.29,0.715,0.123,30.95,12.48,21.54,34.02,28.15,23.21
747106,2024-06-19,2024,672761,R,607481,L,field_out,False,False,46.0,0.302,10.0,21.74,3.0,6.52,0.79,0.14,14.13,7.22,13.89,21.11,34.69,16.95,,,,,,,,,,,,,,,65.0,0.263,16.0,24.62,5.0,7.69,0.626,0.034999999999999976,21.0,8.2,24.61,32.81,26.52,21.62,175.0,0.238,52.0,29.71,25.0,14.29,0.715,0.123,30.95,12.48,21.54,34.02,28.15,23.21
747106,2024-06-19,2024,690993,L,607481,L,strikeout,True,False,27.0,0.2,6.0,22.22,2.0,7.41,0.459,0.0,17.65,9.38,20.83,30.21,30.56,23.08,,,,,,,,,,,,,,,37.0,0.353,10.0,27.03,3.0,8.11,0.876,0.118,24.29,10.76,17.72,28.48,28.4,20.0,93.0,0.231,26.0,27.96,11.0,11.83,0.669,0.09,36.11,13.51,22.6,36.1,26.73,26.0
747106,2024-06-19,2024,669221,R,669438,R,single,False,False,40.0,0.189,11.0,27.5,2.0,5.0,0.5469999999999999,0.10799999999999998,31.88,14.86,19.59,34.46,30.67,26.83,337.0,0.245,77.0,22.85,37.0,10.98,0.832,0.2309999999999999,26.79,12.43,15.15,27.58,22.74,18.97,37.0,0.212,8.0,21.62,3.0,8.11,0.782,0.273,26.03,12.75,13.42,26.17,28.95,15.69,155.0,0.262,23.0,14.84,9.0,5.81,0.796,0.2199999999999999,22.46,11.46,14.6,26.06,25.61,16.08
747106,2024-06-19,2024,606115,R,669438,R,grounded_into_double_play,False,False,203.0,0.237,35.0,17.24,8.0,3.94,0.662,0.15800000000000003,23.04,11.56,14.98,26.54,26.03,17.41,421.0,0.255,78.0,18.53,23.0,5.46,0.6739999999999999,0.12,23.54,11.23,17.09,28.32,27.84,15.98,37.0,0.212,8.0,21.62,3.0,8.11,0.782,0.273,26.03,12.75,13.42,26.17,28.95,15.69,155.0,0.262,23.0,14.84,9.0,5.81,0.796,0.2199999999999999,22.46,11.46,14.6,26.06,25.61,16.08
747106,2024-06-19,2024,657656,R,669438,R,strikeout,True,False,53.0,0.119,19.0,35.85,7.0,13.21,0.44499999999999995,0.023999999999999994,34.88,14.15,18.4,32.55,21.3,30.65,267.0,0.2,78.0,29.21,23.0,8.61,0.612,0.123,29.9,13.97,16.61,30.58,29.73,21.08,37.0,0.212,8.0,21.62,3.0,8.11,0.782,0.273,26.03,12.75,13.42,26.17,28.95,15.69,155.0,0.262,23.0,14.84,9.0,5.81,0.796,0.2199999999999999,22.46,11.46,14.6,26.06,25.61,16.08
747106,2024-06-19,2024,669234,R,678226,R,strikeout,True,False,37.0,0.156,15.0,40.54,4.0,10.81,0.587,0.18799999999999997,42.25,18.4,19.63,38.04,15.49,26.32,,,,,,,,,,,,,,,11.0,0.333,1.0,9.09,2.0,18.18,0.899,0.11099999999999999,11.76,4.55,15.91,20.45,24.0,8.33,8.0,0.714,0.0,0.0,1.0,12.5,1.464,0.0,16.67,10.0,3.33,13.33,47.37,0.0
747106,2024-06-19,2024,592192,R,678226,R,field_out,False,False,215.0,0.239,44.0,20.47,20.0,9.3,0.6890000000000001,0.11399999999999999,22.9,9.22,23.34,32.56,21.6,17.32,341.0,0.261,56.0,16.42,28.0,8.21,0.721,0.1079999999999999,18.91,7.86,21.98,29.84,23.71,13.49,11.0,0.333,1.0,9.09,2.0,18.18,0.899,0.11099999999999999,11.76,4.55,15.91,20.45,24.0,8.33,8.0,0.714,0.0,0.0,1.0,12.5,1.464,0.0,16.67,10.0,3.33,13.33,47.37,0.0
747106,2024-06-19,2024,570482,R,678226,R,strikeout,True,False,116.0,0.303,15.0,12.93,5.0,4.31,0.74,0.10100000000000003,19.63,9.86,17.37,27.23,33.33,13.16,175.0,0.276,30.0,17.14,9.0,5.14,0.653,0.061,20.55,11.01,13.8,24.82,34.39,12.39,11.0,0.333,1.0,9.09,2.0,18.18,0.899,0.11099999999999999,11.76,4.55,15.91,20.45,24.0,8.33,8.0,0.714,0.0,0.0,1.0,12.5,1.464,0.0,16.67,10.0,3.33,13.33,47.37,0.0
747106,2024-06-19,2024,672284,L,666214,L,strikeout,True,False,27.0,0.222,8.0,29.63,0.0,0.0,0.481,0.037000000000000005,32.08,17.71,17.71,35.42,36.96,25.0,92.0,0.259,27.0,29.35,7.0,7.61,0.774,0.2,27.91,12.83,16.31,29.14,26.49,24.55,58.0,0.25,15.0,25.86,5.0,8.62,0.6739999999999999,0.09599999999999997,27.1,12.72,17.54,30.26,28.23,20.27,122.0,0.278,19.0,15.57,14.0,11.48,0.796,0.1569999999999999,22.68,10.23,17.67,27.91,22.64,17.12
747106,2024-06-19,2024,645277,R,666214,L,strikeout,True,False,73.0,0.319,8.0,10.96,1.0,1.37,0.815,0.16699999999999998,18.6,10.67,9.33,20.0,31.3,21.62,133.0,0.391,18.0,13.53,4.0,3.01,1.023,0.2259999999999999,19.5,11.51,10.25,21.76,42.91,12.77,80.0,0.288,18.0,22.5,10.0,12.5,0.873,0.197,30.52,14.64,14.02,28.66,35.06,19.15,371.0,0.301,79.0,21.29,33.0,8.89,0.924,0.261,26.27,12.72,15.19,27.91,26.14,16.42
747106,2024-06-19,2024,542303,R,666214,L,field_out,False,False,85.0,0.37,20.0,23.53,12.0,14.12,1.0070000000000001,0.17800000000000005,29.57,14.63,12.23,26.86,26.7,14.81,139.0,0.278,25.0,17.99,13.0,9.35,0.98,0.357,22.56,11.13,13.17,24.3,30.63,15.53,80.0,0.288,18.0,22.5,10.0,12.5,0.873,0.197,30.52,14.64,14.02,28.66,35.06,19.15,371.0,0.301,79.0,21.29,33.0,8.89,0.924,0.261,26.27,12.72,15.19,27.91,26.14,16.42
747106,2024-06-19,2024,668952,R,656550,R,field_out,False,False,9.0,0.143,3.0,33.33,1.0,11.11,0.393,0.0,21.43,7.69,30.77,38.46,15.79,16.67,9.0,0.111,3.0,33.33,0.0,0.0,0.222,0.0,33.33,15.79,28.95,44.74,45.0,21.43,5.0,0.2,1.0,20.0,0.0,0.0,0.4,0.0,36.36,22.22,16.67,38.89,33.33,16.67,,,,,,,,,,,,,,
747106,2024-06-19,2024,628451,R,656550,R,strikeout,True,False,41.0,0.154,14.0,34.15,2.0,4.88,0.4,0.05099999999999999,33.33,18.47,15.29,33.76,41.46,25.93,265.0,0.265,45.0,16.98,18.0,6.79,0.71,0.127,22.24,11.31,15.49,26.81,34.23,16.73,5.0,0.2,1.0,20.0,0.0,0.0,0.4,0.0,36.36,22.22,16.67,38.89,33.33,16.67,,,,,,,,,,,,,,
747106,2024-06-19,2024,668731,L,656550,R,field_out,False,False,36.0,0.138,8.0,22.22,6.0,16.67,0.623,0.20699999999999996,33.33,16.43,10.71,27.14,31.58,22.22,347.0,0.218,87.0,25.07,42.0,12.1,0.688,0.158,25.51,11.78,14.66,26.44,24.86,21.97,4.0,0.25,1.0,25.0,0.0,0.0,0.5,0.0,20.0,6.25,31.25,37.5,11.11,50.0,,,,,,,,,,,,,,
745561,2024-06-19,2024,650333,L,624133,L,field_out,False,False,136.0,0.276,13.0,9.56,5.0,3.68,0.623,0.022999999999999965,12.12,5.73,19.84,25.56,34.44,10.32,138.0,0.326,17.0,12.32,4.0,2.9,0.76,0.0909999999999999,12.5,6.61,16.32,22.93,33.48,12.88,64.0,0.161,20.0,31.25,1.0,1.56,0.478,0.12899999999999998,22.69,11.95,20.35,32.3,40.0,27.4,93.0,0.218,19.0,20.43,3.0,3.23,0.612,0.15,17.48,8.93,20.0,28.93,40.77,29.69
745561,2024-06-19,2024,665487,R,624133,L,field_out,False,False,105.0,0.224,27.0,25.71,18.0,17.14,0.677,0.08199999999999999,26.97,11.14,15.78,26.91,20.43,19.57,146.0,0.305,27.0,18.49,16.0,10.96,0.915,0.226,26.9,13.07,10.55,23.62,26.91,14.44,267.0,0.192,71.0,26.59,18.0,6.74,0.538,0.08999999999999997,24.95,11.44,17.85,29.29,30.69,24.31,448.0,0.278,100.0,22.32,45.0,10.04,0.7749999999999999,0.1459999999999999,24.15,10.61,17.49,28.1,27.96,20.41
745561,2024-06-19,2024,595777,R,624133,L,single,False,False,93.0,0.342,7.0,7.53,13.0,13.98,0.9790000000000001,0.202,16.13,6.89,16.25,23.14,22.53,6.0,147.0,0.275,22.0,14.97,13.0,8.84,0.774,0.1519999999999999,15.44,6.84,17.44,24.27,22.81,13.33,267.0,0.192,71.0,26.59,18.0,6.74,0.538,0.08999999999999997,24.95,11.44,17.85,29.29,30.69,24.31,448.0,0.278,100.0,22.32,45.0,10.04,0.7749999999999999,0.1459999999999999,24.15,10.61,17.49,28.1,27.96,20.41
745561,2024-06-19,2024,592518,R,624133,L,field_out,False,False,83.0,0.227,20.0,24.1,8.0,9.64,0.688,0.16,30.07,14.05,15.03,29.08,26.28,22.35,150.0,0.308,26.0,17.33,14.0,9.33,0.887,0.203,21.32,9.67,16.52,26.19,28.38,16.56,267.0,0.192,71.0,26.59,18.0,6.74,0.538,0.08999999999999997,24.95,11.44,17.85,29.29,30.69,24.31,448.0,0.278,100.0,22.32,45.0,10.04,0.7749999999999999,0.1459999999999999,24.15,10.61,17.49,28.1,27.96,20.41
745561,2024-06-19,2024,656941,L,663362,R,walk,False,True,200.0,0.2,58.0,29.0,33.0,16.5,0.754,0.21899999999999997,32.54,13.07,16.19,29.26,21.88,23.27,469.0,0.201,128.0,27.29,85.0,18.12,0.848,0.296,31.18,11.75,19.66,31.41,21.53,23.1,154.0,0.277,34.0,22.08,13.0,8.44,0.802,0.176,19.32,8.28,19.48,27.76,23.68,20.48,85.0,0.267,12.0,14.12,9.0,10.59,0.794,0.186,18.24,7.96,19.47,27.43,22.36,12.63
745561,2024-06-19,2024,681082,L,663362,R,double,False,False,196.0,0.236,27.0,13.78,24.0,12.24,0.708,0.14,16.52,7.09,22.03,29.11,27.08,11.84,474.0,0.28,76.0,16.03,26.0,5.49,0.753,0.1509999999999999,14.49,6.52,22.08,28.6,28.42,11.93,154.0,0.277,34.0,22.08,13.0,8.44,0.802,0.176,19.32,8.28,19.48,27.76,23.68,20.48,85.0,0.267,12.0,14.12,9.0,10.59,0.794,0.186,18.24,7.96,19.47,27.43,22.36,12.63
745561,2024-06-19,2024,547180,L,663362,R,field_out,False,False,185.0,0.284,35.0,18.92,29.0,15.68,0.918,0.23900000000000005,28.28,13.6,9.54,23.14,32.35,18.72,375.0,0.295,80.0,21.33,60.0,16.0,0.907,0.199,31.39,15.65,8.66,24.31,32.27,20.0,154.0,0.277,34.0,22.08,13.0,8.44,0.802,0.176,19.32,8.28,19.48,27.76,23.68,20.48,85.0,0.267,12.0,14.12,9.0,10.59,0.794,0.186,18.24,7.96,19.47,27.43,22.36,12.63
745561,2024-06-19,2024,664761,R,663362,R,hit_by_pitch,False,False,209.0,0.328,32.0,15.31,15.0,7.18,0.896,0.188,19.36,9.18,15.48,24.66,24.85,16.85,445.0,0.263,68.0,15.28,34.0,7.64,0.7010000000000001,0.1139999999999999,17.17,8.27,16.06,24.33,28.14,13.48,165.0,0.19,36.0,21.82,10.0,6.06,0.517,0.08500000000000002,21.43,10.25,17.55,27.8,24.19,17.14,88.0,0.224,19.0,21.59,3.0,3.41,0.756,0.282,19.54,10.18,14.07,24.25,29.3,18.45
745561,2024-06-19,2024,592206,R,663362,R,strikeout,True,False,224.0,0.21,45.0,20.09,16.0,7.14,0.599,0.11700000000000002,31.63,18.64,10.1,28.74,39.64,19.91,485.0,0.252,140.0,28.87,25.0,5.15,0.733,0.192,37.06,20.57,11.78,32.36,40.41,25.27,165.0,0.19,36.0,21.82,10.0,6.06,0.517,0.08500000000000002,21.43,10.25,17.55,27.8,24.19,17.14,88.0,0.224,19.0,21.59,3.0,3.41,0.756,0.282,19.54,10.18,14.07,24.25,29.3,18.45
745561,2024-06-19,2024,669016,L,663362,R,field_out,False,False,156.0,0.309,38.0,24.36,18.0,11.54,0.887,0.191,22.63,9.01,18.31,27.33,23.06,17.92,363.0,0.292,101.0,27.82,47.0,12.95,0.864,0.185,25.19,10.97,17.37,28.35,25.74,21.31,154.0,0.277,34.0,22.08,13.0,8.44,0.802,0.176,19.32,8.28,19.48,27.76,23.68,20.48,85.0,0.267,12.0,14.12,9.0,10.59,0.794,0.186,18.24,7.96,19.47,27.43,22.36,12.63
745561,2024-06-19,2024,456781,R,624133,L,field_out,False,False,57.0,0.3,9.0,15.79,7.0,12.28,0.866,0.18,24.78,10.81,18.53,29.34,24.81,10.98,153.0,0.286,32.0,20.92,11.0,7.19,0.746,0.114,24.12,11.77,18.21,29.98,32.04,14.35,267.0,0.192,71.0,26.59,18.0,6.74,0.538,0.08999999999999997,24.95,11.44,17.85,29.29,30.69,24.31,448.0,0.278,100.0,22.32,45.0,10.04,0.7749999999999999,0.1459999999999999,24.15,10.61,17.49,28.1,27.96,20.41
745561,2024-06-19,2024,673490,R,624133,L,strikeout,True,False,90.0,0.195,13.0,14.44,12.0,13.33,0.6539999999999999,0.15599999999999997,14.19,5.53,22.11,27.63,15.98,11.71,191.0,0.302,30.0,15.71,20.0,10.47,0.897,0.219,15.84,6.63,22.21,28.83,23.47,11.49,267.0,0.192,71.0,26.59,18.0,6.74,0.538,0.08999999999999997,24.95,11.44,17.85,29.29,30.69,24.31,448.0,0.278,100.0,22.32,45.0,10.04,0.7749999999999999,0.1459999999999999,24.15,10.61,17.49,28.1,27.96,20.41
745561,2024-06-19,2024,701538,L,624133,L,home_run,False,False,79.0,0.203,9.0,11.39,4.0,5.06,0.579,0.135,16.89,8.68,13.54,22.22,29.37,11.39,,,,,,,,,,,,,,,64.0,0.161,20.0,31.25,1.0,1.56,0.478,0.12899999999999998,22.69,11.95,20.35,32.3,40.0,27.4,93.0,0.218,19.0,20.43,3.0,3.23,0.612,0.15,17.48,8.93,20.0,28.93,40.77,29.69
745561,2024-06-19,2024,543309,R,624133,L,field_out,False,False,38.0,0.139,16.0,42.11,2.0,5.26,0.49,0.16699999999999998,35.71,15.92,22.93,38.85,29.49,27.78,69.0,0.242,21.0,30.43,2.0,2.9,0.776,0.273,28.06,14.13,16.67,30.8,33.33,22.83,267.0,0.192,71.0,26.59,18.0,6.74,0.538,0.08999999999999997,24.95,11.44,17.85,29.29,30.69,24.31,448.0,0.278,100.0,22.32,45.0,10.04,0.7749999999999999,0.1459999999999999,24.15,10.61,17.49,28.1,27.96,20.41
745561,2024-06-19,2024,624641,R,663362,R,field_out,False,False,89.0,0.244,26.0,29.21,3.0,3.37,0.665,0.134,35.9,19.44,12.5,31.94,43.75,21.85,176.0,0.239,41.0,23.3,5.0,2.84,0.669,0.148,29.23,17.12,12.31,29.43,41.96,19.16,165.0,0.19,36.0,21.82,10.0,6.06,0.517,0.08500000000000002,21.43,10.25,17.55,27.8,24.19,17.14,88.0,0.224,19.0,21.59,3.0,3.41,0.756,0.282,19.54,10.18,14.07,24.25,29.3,18.45
745561,2024-06-19,2024,621311,L,663362,R,walk,False,True,26.0,0.231,6.0,23.08,0.0,0.0,0.769,0.30700000000000005,18.97,10.68,10.68,21.36,38.6,15.0,9.0,0.111,2.0,22.22,0.0,0.0,0.555,0.333,25.0,12.9,16.13,29.03,33.33,33.33,154.0,0.277,34.0,22.08,13.0,8.44,0.802,0.176,19.32,8.28,19.48,27.76,23.68,20.48,85.0,0.267,12.0,14.12,9.0,10.59,0.794,0.186,18.24,7.96,19.47,27.43,22.36,12.63
745561,2024-06-19,2024,665561,L,663362,R,double_play,False,False,10.0,0.4,2.0,20.0,0.0,0.0,1.1,0.29999999999999993,19.05,11.43,14.29,25.71,47.06,16.67,,,,,,,,,,,,,,,154.0,0.277,34.0,22.08,13.0,8.44,0.802,0.176,19.32,8.28,19.48,27.76,23.68,20.48,85.0,0.267,12.0,14.12,9.0,10.59,0.794,0.186,18.24,7.96,19.47,27.43,22.36,12.63
745561,2024-06-19,2024,642180,L,624133,L,field_out,False,False,9.0,0.25,2.0,22.22,0.0,0.0,0.5,0.0,35.71,18.52,18.52,37.04,46.15,33.33,7.0,0.0,1.0,14.29,2.0,28.57,0.286,0.0,14.29,4.35,21.74,26.09,15.38,25.0,64.0,0.161,20.0,31.25,1.0,1.56,0.478,0.12899999999999998,22.69,11.95,20.35,32.3,40.0,27.4,93.0,0.218,19.0,20.43,3.0,3.23,0.612,0.15,17.48,8.93,20.0,28.93,40.77,29.69
745561,2024-06-19,2024,650333,L,624133,L,double,False,False,136.0,0.276,13.0,9.56,5.0,3.68,0.623,0.022999999999999965,12.12,5.73,19.84,25.56,34.44,10.32,138.0,0.326,17.0,12.32,4.0,2.9,0.76,0.0909999999999999,12.5,6.61,16.32,22.93,33.48,12.88,64.0,0.161,20.0,31.25,1.0,1.56,0.478,0.12899999999999998,22.69,11.95,20.35,32.3,40.0,27.4,93.0,0.218,19.0,20.43,3.0,3.23,0.612,0.15,17.48,8.93,20.0,28.93,40.77,29.69
745561,2024-06-19,2024,665487,R,624133,L,field_out,False,False,105.0,0.224,27.0,25.71,18.0,17.14,0.677,0.08199999999999999,26.97,11.14,15.78,26.91,20.43,19.57,146.0,0.305,27.0,18.49,16.0,10.96,0.915,0.226,26.9,13.07,10.55,23.62,26.91,14.44,267.0,0.192,71.0,26.59,18.0,6.74,0.538,0.08999999999999997,24.95,11.44,17.85,29.29,30.69,24.31,448.0,0.278,100.0,22.32,45.0,10.04,0.7749999999999999,0.1459999999999999,24.15,10.61,17.49,28.1,27.96,20.41
745561,2024-06-19,2024,595777,R,624133,L,strikeout,True,False,93.0,0.342,7.0,7.53,13.0,13.98,0.9790000000000001,0.202,16.13,6.89,16.25,23.14,22.53,6.0,147.0,0.275,22.0,14.97,13.0,8.84,0.774,0.1519999999999999,15.44,6.84,17.44,24.27,22.81,13.33,267.0,0.192,71.0,26.59,18.0,6.74,0.538,0.08999999999999997,24.95,11.44,17.85,29.29,30.69,24.31,448.0,0.278,100.0,22.32,45.0,10.04,0.7749999999999999,0.1459999999999999,24.15,10.61,17.49,28.1,27.96,20.41
745561,2024-06-19,2024,656941,L,663362,R,field_out,False,False,200.0,0.2,58.0,29.0,33.0,16.5,0.754,0.21899999999999997,32.54,13.07,16.19,29.26,21.88,23.27,469.0,0.201,128.0,27.29,85.0,18.12,0.848,0.296,31.18,11.75,19.66,31.41,21.53,23.1,154.0,0.277,34.0,22.08,13.0,8.44,0.802,0.176,19.32,8.28,19.48,27.76,23.68,20.48,85.0,0.267,12.0,14.12,9.0,10.59,0.794,0.186,18.24,7.96,19.47,27.43,22.36,12.63
745561,2024-06-19,2024,681082,L,663362,R,field_out,False,False,196.0,0.236,27.0,13.78,24.0,12.24,0.708,0.14,16.52,7.09,22.03,29.11,27.08,11.84,474.0,0.28,76.0,16.03,26.0,5.49,0.753,0.1509999999999999,14.49,6.52,22.08,28.6,28.42,11.93,154.0,0.277,34.0,22.08,13.0,8.44,0.802,0.176,19.32,8.28,19.48,27.76,23.68,20.48,85.0,0.267,12.0,14.12,9.0,10.59,0.794,0.186,18.24,7.96,19.47,27.43,22.36,12.63
745561,2024-06-19,2024,547180,L,663362,R,home_run,False,False,185.0,0.284,35.0,18.92,29.0,15.68,0.918,0.23900000000000005,28.28,13.6,9.54,23.14,32.35,18.72,375.0,0.295,80.0,21.33,60.0,16.0,0.907,0.199,31.39,15.65,8.66,24.31,32.27,20.0,154.0,0.277,34.0,22.08,13.0,8.44,0.802,0.176,19.32,8.28,19.48,27.76,23.68,20.48,85.0,0.267,12.0,14.12,9.0,10.59,0.794,0.186,18.24,7.96,19.47,27.43,22.36,12.63
745561,2024-06-19,2024,664761,R,663362,R,single,False,False,209.0,0.328,32.0,15.31,15.0,7.18,0.896,0.188,19.36,9.18,15.48,24.66,24.85,16.85,445.0,0.263,68.0,15.28,34.0,7.64,0.7010000000000001,0.1139999999999999,17.17,8.27,16.06,24.33,28.14,13.48,165.0,0.19,36.0,21.82,10.0,6.06,0.517,0.08500000000000002,21.43,10.25,17.55,27.8,24.19,17.14,88.0,0.224,19.0,21.59,3.0,3.41,0.756,0.282,19.54,10.18,14.07,24.25,29.3,18.45
745561,2024-06-19,2024,592206,R,663362,R,field_out,False,False,224.0,0.21,45.0,20.09,16.0,7.14,0.599,0.11700000000000002,31.63,18.64,10.1,28.74,39.64,19.91,485.0,0.252,140.0,28.87,25.0,5.15,0.733,0.192,37.06,20.57,11.78,32.36,40.41,25.27,165.0,0.19,36.0,21.82,10.0,6.06,0.517,0.08500000000000002,21.43,10.25,17.55,27.8,24.19,17.14,88.0,0.224,19.0,21.59,3.0,3.41,0.756,0.282,19.54,10.18,14.07,24.25,29.3,18.45
745561,2024-06-19,2024,592518,R,624133,L,field_out,False,False,83.0,0.227,20.0,24.1,8.0,9.64,0.688,0.16,30.07,14.05,15.03,29.08,26.28,22.35,150.0,0.308,26.0,17.33,14.0,9.33,0.887,0.203,21.32,9.67,16.52,26.19,28.38,16.56,267.0,0.192,71.0,26.59,18.0,6.74,0.538,0.08999999999999997,24.95,11.44,17.85,29.29,30.69,24.31,448.0,0.278,100.0,22.32,45.0,10.04,0.7749999999999999,0.1459999999999999,24.15,10.61,17.49,28.1,27.96,20.41
745561,2024-06-19,2024,456781,R,624133,L,strikeout,True,False,57.0,0.3,9.0,15.79,7.0,12.28,0.866,0.18,24.78,10.81,18.53,29.34,24.81,10.98,153.0,0.286,32.0,20.92,11.0,7.19,0.746,0.114,24.12,11.77,18.21,29.98,32.04,14.35,267.0,0.192,71.0,26.59,18.0,6.74,0.538,0.08999999999999997,24.95,11.44,17.85,29.29,30.69,24.31,448.0,0.278,100.0,22.32,45.0,10.04,0.7749999999999999,0.1459999999999999,24.15,10.61,17.49,28.1,27.96,20.41
745561,2024-06-19,2024,673490,R,624133,L,field_out,False,False,90.0,0.195,13.0,14.44,12.0,13.33,0.6539999999999999,0.15599999999999997,14.19,5.53,22.11,27.63,15.98,11.71,191.0,0.302,30.0,15.71,20.0,10.47,0.897,0.219,15.84,6.63,22.21,28.83,23.47,11.49,267.0,0.192,71.0,26.59,18.0,6.74,0.538,0.08999999999999997,24.95,11.44,17.85,29.29,30.69,24.31,448.0,0.278,100.0,22.32,45.0,10.04,0.7749999999999999,0.1459999999999999,24.15,10.61,17.49,28.1,27.96,20.41
745561,2024-06-19,2024,669016,L,663362,R,strikeout,True,False,156.0,0.309,38.0,24.36,18.0,11.54,0.887,0.191,22.63,9.01,18.31,27.33,23.06,17.92,363.0,0.292,101.0,27.82,47.0,12.95,0.864,0.185,25.19,10.97,17.37,28.35,25.74,21.31,154.0,0.277,34.0,22.08,13.0,8.44,0.802,0.176,19.32,8.28,19.48,27.76,23.68,20.48,85.0,0.267,12.0,14.12,9.0,10.59,0.794,0.186,18.24,7.96,19.47,27.43,22.36,12.63
745561,2024-06-19,2024,624641,R,663362,R,single,False,False,89.0,0.244,26.0,29.21,3.0,3.37,0.665,0.134,35.9,19.44,12.5,31.94,43.75,21.85,176.0,0.239,41.0,23.3,5.0,2.84,0.669,0.148,29.23,17.12,12.31,29.43,41.96,19.16,165.0,0.19,36.0,21.82,10.0,6.06,0.517,0.08500000000000002,21.43,10.25,17.55,27.8,24.19,17.14,88.0,0.224,19.0,21.59,3.0,3.41,0.756,0.282,19.54,10.18,14.07,24.25,29.3,18.45
745561,2024-06-19,2024,621311,L,663362,R,field_out,False,False,26.0,0.231,6.0,23.08,0.0,0.0,0.769,0.30700000000000005,18.97,10.68,10.68,21.36,38.6,15.0,9.0,0.111,2.0,22.22,0.0,0.0,0.555,0.333,25.0,12.9,16.13,29.03,33.33,33.33,154.0,0.277,34.0,22.08,13.0,8.44,0.802,0.176,19.32,8.28,19.48,27.76,23.68,20.48,85.0,0.267,12.0,14.12,9.0,10.59,0.794,0.186,18.24,7.96,19.47,27.43,22.36,12.63
745561,2024-06-19,2024,665561,L,663362,R,field_out,False,False,10.0,0.4,2.0,20.0,0.0,0.0,1.1,0.29999999999999993,19.05,11.43,14.29,25.71,47.06,16.67,,,,,,,,,,,,,,,154.0,0.277,34.0,22.08,13.0,8.44,0.802,0.176,19.32,8.28,19.48,27.76,23.68,20.48,85.0,0.267,12.0,14.12,9.0,10.59,0.794,0.186,18.24,7.96,19.47,27.43,22.36,12.63
745561,2024-06-19,2024,701538,L,624133,L,single,False,False,79.0,0.203,9.0,11.39,4.0,5.06,0.579,0.135,16.89,8.68,13.54,22.22,29.37,11.39,,,,,,,,,,,,,,,64.0,0.161,20.0,31.25,1.0,1.56,0.478,0.12899999999999998,22.69,11.95,20.35,32.3,40.0,27.4,93.0,0.218,19.0,20.43,3.0,3.23,0.612,0.15,17.48,8.93,20.0,28.93,40.77,29.69
745561,2024-06-19,2024,543309,R,624133,L,double_play,False,False,38.0,0.139,16.0,42.11,2.0,5.26,0.49,0.16699999999999998,35.71,15.92,22.93,38.85,29.49,27.78,69.0,0.242,21.0,30.43,2.0,2.9,0.776,0.273,28.06,14.13,16.67,30.8,33.33,22.83,267.0,0.192,71.0,26.59,18.0,6.74,0.538,0.08999999999999997,24.95,11.44,17.85,29.29,30.69,24.31,448.0,0.278,100.0,22.32,45.0,10.04,0.7749999999999999,0.1459999999999999,24.15,10.61,17.49,28.1,27.96,20.41
745561,2024-06-19,2024,642180,L,624133,L,field_out,False,False,9.0,0.25,2.0,22.22,0.0,0.0,0.5,0.0,35.71,18.52,18.52,37.04,46.15,33.33,7.0,0.0,1.0,14.29,2.0,28.57,0.286,0.0,14.29,4.35,21.74,26.09,15.38,25.0,64.0,0.161,20.0,31.25,1.0,1.56,0.478,0.12899999999999998,22.69,11.95,20.35,32.3,40.0,27.4,93.0,0.218,19.0,20.43,3.0,3.23,0.612,0.15,17.48,8.93,20.0,28.93,40.77,29.69
745561,2024-06-19,2024,656941,L,663362,R,strikeout,True,False,200.0,0.2,58.0,29.0,33.0,16.5,0.754,0.21899999999999997,32.54,13.07,16.19,29.26,21.88,23.27,469.0,0.201,128.0,27.29,85.0,18.12,0.848,0.296,31.18,11.75,19.66,31.41,21.53,23.1,154.0,0.277,34.0,22.08,13.0,8.44,0.802,0.176,19.32,8.28,19.48,27.76,23.68,20.48,85.0,0.267,12.0,14.12,9.0,10.59,0.794,0.186,18.24,7.96,19.47,27.43,22.36,12.63
745561,2024-06-19,2024,681082,L,663362,R,strikeout,True,False,196.0,0.236,27.0,13.78,24.0,12.24,0.708,0.14,16.52,7.09,22.03,29.11,27.08,11.84,474.0,0.28,76.0,16.03,26.0,5.49,0.753,0.1509999999999999,14.49,6.52,22.08,28.6,28.42,11.93,154.0,0.277,34.0,22.08,13.0,8.44,0.802,0.176,19.32,8.28,19.48,27.76,23.68,20.48,85.0,0.267,12.0,14.12,9.0,10.59,0.794,0.186,18.24,7.96,19.47,27.43,22.36,12.63
745561,2024-06-19,2024,547180,L,663362,R,field_out,False,False,185.0,0.284,35.0,18.92,29.0,15.68,0.918,0.23900000000000005,28.28,13.6,9.54,23.14,32.35,18.72,375.0,0.295,80.0,21.33,60.0,16.0,0.907,0.199,31.39,15.65,8.66,24.31,32.27,20.0,154.0,0.277,34.0,22.08,13.0,8.44,0.802,0.176,19.32,8.28,19.48,27.76,23.68,20.48,85.0,0.267,12.0,14.12,9.0,10.59,0.794,0.186,18.24,7.96,19.47,27.43,22.36,12.63
745561,2024-06-19,2024,650333,L,624133,L,field_out,False,False,136.0,0.276,13.0,9.56,5.0,3.68,0.623,0.022999999999999965,12.12,5.73,19.84,25.56,34.44,10.32,138.0,0.326,17.0,12.32,4.0,2.9,0.76,0.0909999999999999,12.5,6.61,16.32,22.93,33.48,12.88,64.0,0.161,20.0,31.25,1.0,1.56,0.478,0.12899999999999998,22.69,11.95,20.35,32.3,40.0,27.4,93.0,0.218,19.0,20.43,3.0,3.23,0.612,0.15,17.48,8.93,20.0,28.93,40.77,29.69
745561,2024-06-19,2024,665487,R,624133,L,single,False,False,105.0,0.224,27.0,25.71,18.0,17.14,0.677,0.08199999999999999,26.97,11.14,15.78,26.91,20.43,19.57,146.0,0.305,27.0,18.49,16.0,10.96,0.915,0.226,26.9,13.07,10.55,23.62,26.91,14.44,267.0,0.192,71.0,26.59,18.0,6.74,0.538,0.08999999999999997,24.95,11.44,17.85,29.29,30.69,24.31,448.0,0.278,100.0,22.32,45.0,10.04,0.7749999999999999,0.1459999999999999,24.15,10.61,17.49,28.1,27.96,20.41
745561,2024-06-19,2024,595777,R,624133,L,field_out,False,False,93.0,0.342,7.0,7.53,13.0,13.98,0.9790000000000001,0.202,16.13,6.89,16.25,23.14,22.53,6.0,147.0,0.275,22.0,14.97,13.0,8.84,0.774,0.1519999999999999,15.44,6.84,17.44,24.27,22.81,13.33,267.0,0.192,71.0,26.59,18.0,6.74,0.538,0.08999999999999997,24.95,11.44,17.85,29.29,30.69,24.31,448.0,0.278,100.0,22.32,45.0,10.04,0.7749999999999999,0.1459999999999999,24.15,10.61,17.49,28.1,27.96,20.41
745561,2024-06-19,2024,592518,R,624133,L,single,False,False,83.0,0.227,20.0,24.1,8.0,9.64,0.688,0.16,30.07,14.05,15.03,29.08,26.28,22.35,150.0,0.308,26.0,17.33,14.0,9.33,0.887,0.203,21.32,9.67,16.52,26.19,28.38,16.56,267.0,0.192,71.0,26.59,18.0,6.74,0.538,0.08999999999999997,24.95,11.44,17.85,29.29,30.69,24.31,448.0,0.278,100.0,22.32,45.0,10.04,0.7749999999999999,0.1459999999999999,24.15,10.61,17.49,28.1,27.96,20.41
745561,2024-06-19,2024,456781,R,624133,L,strikeout,True,False,57.0,0.3,9.0,15.79,7.0,12.28,0.866,0.18,24.78,10.81,18.53,29.34,24.81,10.98,153.0,0.286,32.0,20.92,11.0,7.19,0.746,0.114,24.12,11.77,18.21,29.98,32.04,14.35,267.0,0.192,71.0,26.59,18.0,6.74,0.538,0.08999999999999997,24.95,11.44,17.85,29.29,30.69,24.31,448.0,0.278,100.0,22.32,45.0,10.04,0.7749999999999999,0.1459999999999999,24.15,10.61,17.49,28.1,27.96,20.41
745561,2024-06-19,2024,664761,R,663362,R,field_out,False,False,209.0,0.328,32.0,15.31,15.0,7.18,0.896,0.188,19.36,9.18,15.48,24.66,24.85,16.85,445.0,0.263,68.0,15.28,34.0,7.64,0.7010000000000001,0.1139999999999999,17.17,8.27,16.06,24.33,28.14,13.48,165.0,0.19,36.0,21.82,10.0,6.06,0.517,0.08500000000000002,21.43,10.25,17.55,27.8,24.19,17.14,88.0,0.224,19.0,21.59,3.0,3.41,0.756,0.282,19.54,10.18,14.07,24.25,29.3,18.45
745561,2024-06-19,2024,592206,R,663362,R,single,False,False,224.0,0.21,45.0,20.09,16.0,7.14,0.599,0.11700000000000002,31.63,18.64,10.1,28.74,39.64,19.91,485.0,0.252,140.0,28.87,25.0,5.15,0.733,0.192,37.06,20.57,11.78,32.36,40.41,25.27,165.0,0.19,36.0,21.82,10.0,6.06,0.517,0.08500000000000002,21.43,10.25,17.55,27.8,24.19,17.14,88.0,0.224,19.0,21.59,3.0,3.41,0.756,0.282,19.54,10.18,14.07,24.25,29.3,18.45
745561,2024-06-19,2024,669016,L,663362,R,strikeout,True,False,156.0,0.309,38.0,24.36,18.0,11.54,0.887,0.191,22.63,9.01,18.31,27.33,23.06,17.92,363.0,0.292,101.0,27.82,47.0,12.95,0.864,0.185,25.19,10.97,17.37,28.35,25.74,21.31,154.0,0.277,34.0,22.08,13.0,8.44,0.802,0.176,19.32,8.28,19.48,27.76,23.68,20.48,85.0,0.267,12.0,14.12,9.0,10.59,0.794,0.186,18.24,7.96,19.47,27.43,22.36,12.63
745561,2024-06-19,2024,624641,R,663362,R,field_out,False,False,89.0,0.244,26.0,29.21,3.0,3.37,0.665,0.134,35.9,19.44,12.5,31.94,43.75,21.85,176.0,0.239,41.0,23.3,5.0,2.84,0.669,0.148,29.23,17.12,12.31,29.43,41.96,19.16,165.0,0.19,36.0,21.82,10.0,6.06,0.517,0.08500000000000002,21.43,10.25,17.55,27.8,24.19,17.14,88.0,0.224,19.0,21.59,3.0,3.41,0.756,0.282,19.54,10.18,14.07,24.25,29.3,18.45
745561,2024-06-19,2024,673490,R,689147,R,field_out,False,False,197.0,0.241,33.0,16.75,29.0,14.72,0.7769999999999999,0.181,17.61,6.28,24.17,30.45,17.63,11.87,435.0,0.241,94.0,21.61,55.0,12.64,0.681,0.1,18.8,7.03,23.65,30.68,19.23,15.59,49.0,0.174,12.0,24.49,2.0,4.08,0.441,0.04300000000000001,27.59,12.63,21.58,34.21,31.52,20.69,7.0,0.4,1.0,14.29,2.0,28.57,0.971,0.0,18.18,5.71,22.86,28.57,25.0,10.0
745561,2024-06-19,2024,701538,L,689147,R,hit_by_pitch,False,False,173.0,0.309,30.0,17.34,9.0,5.2,0.7769999999999999,0.123,18.1,9.89,13.34,23.23,36.68,14.36,,,,,,,,,,,,,,,51.0,0.186,17.0,33.33,4.0,7.84,0.495,0.022999999999999993,23.21,10.79,21.16,31.95,23.81,16.35,7.0,0.143,5.0,71.43,0.0,0.0,0.4289999999999999,0.143,63.64,26.92,30.77,57.69,41.67,71.43
745561,2024-06-19,2024,543309,R,689147,R,strikeout,True,False,36.0,0.194,13.0,36.11,0.0,0.0,0.694,0.306,24.29,12.23,23.74,35.97,35.59,26.53,192.0,0.233,53.0,27.6,12.0,6.25,0.654,0.142,28.81,14.15,17.01,31.16,30.17,24.88,49.0,0.174,12.0,24.49,2.0,4.08,0.441,0.04300000000000001,27.59,12.63,21.58,34.21,31.52,20.69,7.0,0.4,1.0,14.29,2.0,28.57,0.971,0.0,18.18,5.71,22.86,28.57,25.0,10.0
745561,2024-06-19,2024,642180,L,689147,R,single,False,False,81.0,0.229,17.0,20.99,8.0,9.88,0.573,0.027999999999999997,21.49,8.72,20.47,29.19,22.6,26.15,48.0,0.283,12.0,25.0,2.0,4.17,0.6599999999999999,0.065,24.1,10.93,22.4,33.33,28.95,20.0,51.0,0.186,17.0,33.33,4.0,7.84,0.495,0.022999999999999993,23.21,10.79,21.16,31.95,23.81,16.35,7.0,0.143,5.0,71.43,0.0,0.0,0.4289999999999999,0.143,63.64,26.92,30.77,57.69,41.67,71.43
745561,2024-06-19,2024,650333,L,689147,R,single,False,False,191.0,0.348,5.0,2.62,7.0,3.66,0.81,0.08800000000000002,6.21,3.01,19.23,22.24,33.9,2.98,479.0,0.362,17.0,3.55,31.0,6.47,0.891,0.122,6.51,3.2,16.58,19.78,31.29,4.11,51.0,0.186,17.0,33.33,4.0,7.84,0.495,0.022999999999999993,23.21,10.79,21.16,31.95,23.81,16.35,7.0,0.143,5.0,71.43,0.0,0.0,0.4289999999999999,0.143,63.64,26.92,30.77,57.69,41.67,71.43
745561,2024-06-19,2024,665487,R,689147,R,field_out,False,False,218.0,0.289,42.0,19.27,11.0,5.05,0.855,0.23600000000000004,27.14,14.71,11.31,26.02,30.56,23.2,489.0,0.244,114.0,23.31,37.0,7.57,0.728,0.181,31.62,17.66,8.94,26.61,34.25,23.98,49.0,0.174,12.0,24.49,2.0,4.08,0.441,0.04300000000000001,27.59,12.63,21.58,34.21,31.52,20.69,7.0,0.4,1.0,14.29,2.0,28.57,0.971,0.0,18.18,5.71,22.86,28.57,25.0,10.0
745561,2024-06-19,2024,621311,L,663362,R,field_out,False,False,26.0,0.231,6.0,23.08,0.0,0.0,0.769,0.30700000000000005,18.97,10.68,10.68,21.36,38.6,15.0,9.0,0.111,2.0,22.22,0.0,0.0,0.555,0.333,25.0,12.9,16.13,29.03,33.33,33.33,154.0,0.277,34.0,22.08,13.0,8.44,0.802,0.176,19.32,8.28,19.48,27.76,23.68,20.48,85.0,0.267,12.0,14.12,9.0,10.59,0.794,0.186,18.24,7.96,19.47,27.43,22.36,12.63
745561,2024-06-19,2024,665561,L,663362,R,field_out,False,False,10.0,0.4,2.0,20.0,0.0,0.0,1.1,0.29999999999999993,19.05,11.43,14.29,25.71,47.06,16.67,,,,,,,,,,,,,,,154.0,0.277,34.0,22.08,13.0,8.44,0.802,0.176,19.32,8.28,19.48,27.76,23.68,20.48,85.0,0.267,12.0,14.12,9.0,10.59,0.794,0.186,18.24,7.96,19.47,27.43,22.36,12.63
745561,2024-06-19,2024,656941,L,663362,R,strikeout,True,False,200.0,0.2,58.0,29.0,33.0,16.5,0.754,0.21899999999999997,32.54,13.07,16.19,29.26,21.88,23.27,469.0,0.201,128.0,27.29,85.0,18.12,0.848,0.296,31.18,11.75,19.66,31.41,21.53,23.1,154.0,0.277,34.0,22.08,13.0,8.44,0.802,0.176,19.32,8.28,19.48,27.76,23.68,20.48,85.0,0.267,12.0,14.12,9.0,10.59,0.794,0.186,18.24,7.96,19.47,27.43,22.36,12.63
745561,2024-06-19,2024,595777,L,622554,R,single,False,False,205.0,0.314,35.0,17.07,26.0,12.68,0.877,0.15100000000000002,17.69,8.12,14.59,22.71,22.54,12.98,375.0,0.229,68.0,18.13,37.0,9.87,0.6559999999999999,0.1159999999999999,21.66,10.43,14.17,24.61,26.12,14.59,41.0,0.167,10.0,24.39,4.0,9.76,0.462,0.026999999999999996,15.85,7.6,12.28,19.88,25.88,17.54,78.0,0.299,10.0,12.82,6.0,7.69,0.8480000000000001,0.164,18.71,9.25,13.52,22.78,28.47,11.76
745561,2024-06-19,2024,592518,R,622554,R,single,False,False,190.0,0.257,44.0,23.16,10.0,5.26,0.637,0.08400000000000002,25.82,12.93,14.69,27.62,28.49,20.18,452.0,0.241,83.0,18.36,36.0,7.96,0.747,0.205,24.68,12.42,14.05,26.47,29.58,16.9,63.0,0.237,15.0,23.81,4.0,6.35,0.71,0.187,25.4,11.81,16.24,28.04,26.52,15.79,146.0,0.219,38.0,26.03,16.0,10.96,0.643,0.109,32.43,16.61,10.55,27.16,28.94,21.11
745561,2024-06-19,2024,456781,R,622554,R,strikeout,True,False,49.0,0.273,11.0,22.45,2.0,4.08,0.6910000000000001,0.09099999999999997,18.75,9.05,21.11,30.15,26.83,15.28,297.0,0.28,68.0,22.9,29.0,9.76,0.766,0.1059999999999999,26.06,12.14,17.61,29.74,28.81,17.48,63.0,0.237,15.0,23.81,4.0,6.35,0.71,0.187,25.4,11.81,16.24,28.04,26.52,15.79,146.0,0.219,38.0,26.03,16.0,10.96,0.643,0.109,32.43,16.61,10.55,27.16,28.94,21.11
745561,2024-06-19,2024,673490,R,622554,R,field_error,False,False,197.0,0.241,33.0,16.75,29.0,14.72,0.7769999999999999,0.181,17.61,6.28,24.17,30.45,17.63,11.87,435.0,0.241,94.0,21.61,55.0,12.64,0.681,0.1,18.8,7.03,23.65,30.68,19.23,15.59,63.0,0.237,15.0,23.81,4.0,6.35,0.71,0.187,25.4,11.81,16.24,28.04,26.52,15.79,146.0,0.219,38.0,26.03,16.0,10.96,0.643,0.109,32.43,16.61,10.55,27.16,28.94,21.11
745561,2024-06-19,2024,701538,L,642397,L,field_out,False,False,79.0,0.203,9.0,11.39,4.0,5.06,0.579,0.135,16.89,8.68,13.54,22.22,29.37,11.39,,,,,,,,,,,,,,,36.0,0.212,8.0,22.22,2.0,5.56,0.611,0.12100000000000002,22.95,10.29,19.85,30.15,36.23,16.67,88.0,0.127,20.0,22.73,7.0,7.95,0.433,0.101,31.33,14.03,22.09,36.12,32.03,18.87
745561,2024-06-19,2024,543309,R,642397,L,triple,False,False,38.0,0.139,16.0,42.11,2.0,5.26,0.49,0.16699999999999998,35.71,15.92,22.93,38.85,29.49,27.78,69.0,0.242,21.0,30.43,2.0,2.9,0.776,0.273,28.06,14.13,16.67,30.8,33.33,22.83,69.0,0.358,17.0,24.64,12.0,17.39,0.931,0.09500000000000003,34.62,16.36,11.64,28.0,28.47,22.37,162.0,0.255,45.0,27.78,15.0,9.26,0.72,0.138,35.35,17.56,15.35,32.91,29.93,22.5
745561,2024-06-19,2024,642180,L,642397,L,walk,False,True,9.0,0.25,2.0,22.22,0.0,0.0,0.5,0.0,35.71,18.52,18.52,37.04,46.15,33.33,7.0,0.0,1.0,14.29,2.0,28.57,0.286,0.0,14.29,4.35,21.74,26.09,15.38,25.0,36.0,0.212,8.0,22.22,2.0,5.56,0.611,0.12100000000000002,22.95,10.29,19.85,30.15,36.23,16.67,88.0,0.127,20.0,22.73,7.0,7.95,0.433,0.101,31.33,14.03,22.09,36.12,32.03,18.87
745561,2024-06-19,2024,650333,L,642397,L,field_out,False,False,136.0,0.276,13.0,9.56,5.0,3.68,0.623,0.022999999999999965,12.12,5.73,19.84,25.56,34.44,10.32,138.0,0.326,17.0,12.32,4.0,2.9,0.76,0.0909999999999999,12.5,6.61,16.32,22.93,33.48,12.88,36.0,0.212,8.0,22.22,2.0,5.56,0.611,0.12100000000000002,22.95,10.29,19.85,30.15,36.23,16.67,88.0,0.127,20.0,22.73,7.0,7.95,0.433,0.101,31.33,14.03,22.09,36.12,32.03,18.87
745561,2024-06-19,2024,681082,L,669093,R,strikeout,True,False,196.0,0.236,27.0,13.78,24.0,12.24,0.708,0.14,16.52,7.09,22.03,29.11,27.08,11.84,474.0,0.28,76.0,16.03,26.0,5.49,0.753,0.1509999999999999,14.49,6.52,22.08,28.6,28.42,11.93,36.0,0.188,16.0,44.44,3.0,8.33,0.5,0.062,38.57,19.01,15.49,34.51,30.99,38.1,22.0,0.235,4.0,18.18,5.0,22.73,0.762,0.118,19.51,9.09,13.64,22.73,23.08,12.9
745561,2024-06-19,2024,547180,L,669093,R,home_run,False,False,185.0,0.284,35.0,18.92,29.0,15.68,0.918,0.23900000000000005,28.28,13.6,9.54,23.14,32.35,18.72,375.0,0.295,80.0,21.33,60.0,16.0,0.907,0.199,31.39,15.65,8.66,24.31,32.27,20.0,36.0,0.188,16.0,44.44,3.0,8.33,0.5,0.062,38.57,19.01,15.49,34.51,30.99,38.1,22.0,0.235,4.0,18.18,5.0,22.73,0.762,0.118,19.51,9.09,13.64,22.73,23.08,12.9
745561,2024-06-19,2024,664761,R,669093,R,strikeout,True,False,209.0,0.328,32.0,15.31,15.0,7.18,0.896,0.188,19.36,9.18,15.48,24.66,24.85,16.85,445.0,0.263,68.0,15.28,34.0,7.64,0.7010000000000001,0.1139999999999999,17.17,8.27,16.06,24.33,28.14,13.48,55.0,0.2,24.0,43.64,4.0,7.27,0.595,0.14,40.37,19.82,13.96,33.78,31.19,37.5,34.0,0.308,9.0,26.47,7.0,20.59,1.21,0.461,27.4,12.99,12.34,25.32,24.05,17.65
745561,2024-06-19,2024,592206,R,669093,R,strikeout,True,False,224.0,0.21,45.0,20.09,16.0,7.14,0.599,0.11700000000000002,31.63,18.64,10.1,28.74,39.64,19.91,485.0,0.252,140.0,28.87,25.0,5.15,0.733,0.192,37.06,20.57,11.78,32.36,40.41,25.27,55.0,0.2,24.0,43.64,4.0,7.27,0.595,0.14,40.37,19.82,13.96,33.78,31.19,37.5,34.0,0.308,9.0,26.47,7.0,20.59,1.21,0.461,27.4,12.99,12.34,25.32,24.05,17.65
745561,2024-06-19,2024,665487,R,614179,R,field_out,False,False,218.0,0.289,42.0,19.27,11.0,5.05,0.855,0.23600000000000004,27.14,14.71,11.31,26.02,30.56,23.2,489.0,0.244,114.0,23.31,37.0,7.57,0.728,0.181,31.62,17.66,8.94,26.61,34.25,23.98,46.0,0.25,9.0,19.57,3.0,6.52,0.629,0.07500000000000001,28.57,15.57,14.97,30.54,40.51,17.31,119.0,0.276,26.0,21.85,10.0,8.4,0.8280000000000001,0.191,31.2,14.75,13.94,28.69,29.14,16.03
745561,2024-06-19,2024,640492,R,614179,R,single,False,False,31.0,0.214,8.0,25.81,3.0,9.68,0.54,0.036000000000000004,30.99,18.18,11.57,29.75,46.97,18.18,48.0,0.286,12.0,25.0,3.0,6.25,0.824,0.19,25.0,13.1,18.45,31.55,43.33,22.64,46.0,0.25,9.0,19.57,3.0,6.52,0.629,0.07500000000000001,28.57,15.57,14.97,30.54,40.51,17.31,119.0,0.276,26.0,21.85,10.0,8.4,0.8280000000000001,0.191,31.2,14.75,13.94,28.69,29.14,16.03
745561,2024-06-19,2024,592518,R,614179,R,field_out,False,False,190.0,0.257,44.0,23.16,10.0,5.26,0.637,0.08400000000000002,25.82,12.93,14.69,27.62,28.49,20.18,452.0,0.241,83.0,18.36,36.0,7.96,0.747,0.205,24.68,12.42,14.05,26.47,29.58,16.9,46.0,0.25,9.0,19.57,3.0,6.52,0.629,0.07500000000000001,28.57,15.57,14.97,30.54,40.51,17.31,119.0,0.276,26.0,21.85,10.0,8.4,0.8280000000000001,0.191,31.2,14.75,13.94,28.69,29.14,16.03
745561,2024-06-19,2024,456781,R,614179,R,field_out,False,False,49.0,0.273,11.0,22.45,2.0,4.08,0.6910000000000001,0.09099999999999997,18.75,9.05,21.11,30.15,26.83,15.28,297.0,0.28,68.0,22.9,29.0,9.76,0.766,0.1059999999999999,26.06,12.14,17.61,29.74,28.81,17.48,46.0,0.25,9.0,19.57,3.0,6.52,0.629,0.07500000000000001,28.57,15.57,14.97,30.54,40.51,17.31,119.0,0.276,26.0,21.85,10.0,8.4,0.8280000000000001,0.191,31.2,14.75,13.94,28.69,29.14,16.03
745561,2024-06-19,2024,669016,L,663158,R,strikeout,True,False,156.0,0.309,38.0,24.36,18.0,11.54,0.887,0.191,22.63,9.01,18.31,27.33,23.06,17.92,363.0,0.292,101.0,27.82,47.0,12.95,0.864,0.185,25.19,10.97,17.37,28.35,25.74,21.31,45.0,0.15,13.0,28.89,5.0,11.11,0.544,0.15,22.22,12.18,9.64,21.83,27.27,19.4,46.0,0.146,9.0,19.57,4.0,8.7,0.534,0.171,28.57,13.79,14.78,28.57,26.88,12.68
745561,2024-06-19,2024,624641,R,663158,R,field_out,False,False,89.0,0.244,26.0,29.21,3.0,3.37,0.665,0.134,35.9,19.44,12.5,31.94,43.75,21.85,176.0,0.239,41.0,23.3,5.0,2.84,0.669,0.148,29.23,17.12,12.31,29.43,41.96,19.16,60.0,0.186,13.0,21.67,1.0,1.67,0.437,0.05099999999999999,21.05,12.37,12.89,25.26,34.18,24.53,62.0,0.161,15.0,24.19,6.0,9.68,0.528,0.1249999999999999,24.39,11.86,15.81,27.67,25.62,18.75
745561,2024-06-19,2024,621311,L,663158,R,field_out,False,False,26.0,0.231,6.0,23.08,0.0,0.0,0.769,0.30700000000000005,18.97,10.68,10.68,21.36,38.6,15.0,9.0,0.111,2.0,22.22,0.0,0.0,0.555,0.333,25.0,12.9,16.13,29.03,33.33,33.33,45.0,0.15,13.0,28.89,5.0,11.11,0.544,0.15,22.22,12.18,9.64,21.83,27.27,19.4,46.0,0.146,9.0,19.57,4.0,8.7,0.534,0.171,28.57,13.79,14.78,28.57,26.88,12.68
745887,2024-06-19,2024,650490,R,657746,R,single,False,False,235.0,0.246,36.0,15.32,22.0,9.36,0.664,0.09500000000000003,12.29,5.39,17.12,22.51,23.05,12.59,462.0,0.322,72.0,15.58,49.0,10.61,0.881,0.1559999999999999,18.95,8.0,18.68,26.68,19.71,15.69,177.0,0.214,49.0,27.68,7.0,3.95,0.643,0.18500000000000003,27.68,13.9,16.74,30.64,28.21,21.3,357.0,0.269,117.0,32.77,14.0,3.92,0.8300000000000001,0.261,30.56,16.38,13.59,29.97,33.29,22.75
745887,2024-06-19,2024,664040,L,657746,R,strikeout,True,False,96.0,0.21,21.0,21.88,12.0,12.5,0.765,0.222,27.07,14.04,10.03,24.07,27.17,21.65,374.0,0.241,103.0,27.54,42.0,11.23,0.813,0.237,31.86,16.63,11.13,27.77,30.39,21.33,159.0,0.205,41.0,25.79,7.0,4.4,0.616,0.166,23.2,12.27,15.92,28.19,31.46,19.52,315.0,0.222,80.0,25.4,20.0,6.35,0.64,0.1389999999999999,22.74,12.88,14.0,26.88,32.64,17.86
745887,2024-06-19,2024,670623,R,657746,R,single,False,False,215.0,0.29,32.0,14.88,21.0,9.77,0.863,0.199,15.84,7.07,18.89,25.96,27.54,8.89,438.0,0.247,82.0,18.72,43.0,9.82,0.86,0.266,18.6,8.55,16.71,25.26,28.98,14.09,177.0,0.214,49.0,27.68,7.0,3.95,0.643,0.18500000000000003,27.68,13.9,16.74,30.64,28.21,21.3,357.0,0.269,117.0,32.77,14.0,3.92,0.8300000000000001,0.261,30.56,16.38,13.59,29.97,33.29,22.75
745887,2024-06-19,2024,666139,L,657746,R,field_out,False,False,75.0,0.212,22.0,29.33,7.0,9.33,0.6779999999999999,0.18200000000000002,26.9,13.81,13.51,27.33,30.54,18.49,435.0,0.3,104.0,23.91,27.0,6.21,0.8540000000000001,0.211,29.41,15.52,12.38,27.9,34.65,18.39,159.0,0.205,41.0,25.79,7.0,4.4,0.616,0.166,23.2,12.27,15.92,28.19,31.46,19.52,315.0,0.222,80.0,25.4,20.0,6.35,0.64,0.1389999999999999,22.74,12.88,14.0,26.88,32.64,17.86
745887,2024-06-19,2024,668227,R,657746,R,strikeout,True,False,211.0,0.178,59.0,27.96,19.0,9.0,0.595,0.14600000000000002,34.46,14.57,19.61,34.17,25.27,19.41,517.0,0.254,119.0,23.02,62.0,11.99,0.7769999999999999,0.1589999999999999,29.93,12.82,18.77,31.59,26.93,19.44,177.0,0.214,49.0,27.68,7.0,3.95,0.643,0.18500000000000003,27.68,13.9,16.74,30.64,28.21,21.3,357.0,0.269,117.0,32.77,14.0,3.92,0.8300000000000001,0.261,30.56,16.38,13.59,29.97,33.29,22.75
745887,2024-06-19,2024,650489,L,671737,R,field_out,False,False,215.0,0.239,49.0,22.79,21.0,9.77,0.741,0.15800000000000003,27.29,12.9,15.41,28.31,28.6,18.28,280.0,0.266,73.0,26.07,23.0,8.21,0.8029999999999999,0.189,28.16,14.39,15.31,29.7,34.97,21.1,85.0,0.238,30.0,35.29,4.0,4.71,0.732,0.21200000000000002,30.98,17.12,11.41,28.53,35.33,29.13,230.0,0.227,75.0,32.61,20.0,8.7,0.677,0.159,29.2,13.82,16.1,29.92,24.77,27.17
745887,2024-06-19,2024,663616,L,671737,R,double,False,False,144.0,0.262,27.0,18.75,12.0,8.33,0.773,0.192,27.95,13.2,16.54,29.74,28.35,17.69,189.0,0.228,60.0,31.75,25.0,13.23,0.766,0.21,36.25,14.96,16.71,31.67,22.55,25.75,85.0,0.238,30.0,35.29,4.0,4.71,0.732,0.21200000000000002,30.98,17.12,11.41,28.53,35.33,29.13,230.0,0.227,75.0,32.61,20.0,8.7,0.677,0.159,29.2,13.82,16.1,29.92,24.77,27.17
745887,2024-06-19,2024,668904,R,671737,R,single,False,False,35.0,0.281,7.0,20.0,3.0,8.57,1.124,0.5,32.86,15.75,12.33,28.08,28.05,15.56,183.0,0.307,43.0,23.5,15.0,8.2,0.962,0.283,27.16,12.8,18.57,31.36,28.0,20.98,73.0,0.18,20.0,27.4,8.0,10.96,0.645,0.197,27.45,13.46,13.46,26.92,26.54,18.69,230.0,0.282,54.0,23.48,19.0,8.26,0.946,0.321,21.36,11.52,13.29,24.81,30.0,18.12
745887,2024-06-19,2024,596146,L,671737,R,strikeout,True,False,165.0,0.25,32.0,19.39,13.0,7.88,0.749,0.182,22.19,11.41,12.03,23.44,26.83,16.33,394.0,0.263,84.0,21.32,37.0,9.39,0.8320000000000001,0.2339999999999999,19.92,9.32,15.49,24.81,24.75,18.14,85.0,0.238,30.0,35.29,4.0,4.71,0.732,0.21200000000000002,30.98,17.12,11.41,28.53,35.33,29.13,230.0,0.227,75.0,32.61,20.0,8.7,0.677,0.159,29.2,13.82,16.1,29.92,24.77,27.17
745887,2024-06-19,2024,621043,R,671737,R,force_out,False,False,172.0,0.325,33.0,19.19,18.0,10.47,0.88,0.16499999999999998,20.21,8.78,19.72,28.51,27.62,18.13,444.0,0.224,112.0,25.23,42.0,9.46,0.69,0.164,26.37,11.3,19.9,31.19,27.0,21.72,73.0,0.18,20.0,27.4,8.0,10.96,0.645,0.197,27.45,13.46,13.46,26.92,26.54,18.69,230.0,0.282,54.0,23.48,19.0,8.26,0.946,0.321,21.36,11.52,13.29,24.81,30.0,18.12
745887,2024-06-19,2024,680700,L,657746,R,field_out,False,False,185.0,0.226,45.0,24.32,22.0,11.89,0.666,0.10900000000000001,28.12,13.43,14.13,27.56,27.2,20.83,82.0,0.216,10.0,12.2,6.0,7.32,0.7390000000000001,0.243,15.71,6.75,18.4,25.15,18.99,10.75,159.0,0.205,41.0,25.79,7.0,4.4,0.616,0.166,23.2,12.27,15.92,28.19,31.46,19.52,315.0,0.222,80.0,25.4,20.0,6.35,0.64,0.1389999999999999,22.74,12.88,14.0,26.88,32.64,17.86
745887,2024-06-19,2024,676356,R,657746,R,strikeout,True,False,78.0,0.159,18.0,23.08,6.0,7.69,0.493,0.087,27.14,14.13,15.61,29.74,37.06,21.43,10.0,0.2,0.0,0.0,0.0,0.0,0.7,0.3,19.05,11.43,11.43,22.86,44.44,0.0,177.0,0.214,49.0,27.68,7.0,3.95,0.643,0.18500000000000003,27.68,13.9,16.74,30.64,28.21,21.3,357.0,0.269,117.0,32.77,14.0,3.92,0.8300000000000001,0.261,30.56,16.38,13.59,29.97,33.29,22.75
745887,2024-06-19,2024,666163,L,657746,R,double,False,False,131.0,0.246,36.0,27.48,15.0,11.45,0.651,0.061,27.35,12.16,17.6,29.76,26.57,20.11,72.0,0.133,15.0,20.83,10.0,13.89,0.507,0.1169999999999999,25.64,10.56,17.96,28.52,20.41,17.5,159.0,0.205,41.0,25.79,7.0,4.4,0.616,0.166,23.2,12.27,15.92,28.19,31.46,19.52,315.0,0.222,80.0,25.4,20.0,6.35,0.64,0.1389999999999999,22.74,12.88,14.0,26.88,32.64,17.86
745887,2024-06-19,2024,670764,L,657746,R,field_out,False,False,10.0,0.0,5.0,50.0,3.0,30.0,0.3,0.0,52.94,21.43,11.9,33.33,12.5,55.56,257.0,0.179,69.0,26.85,33.0,12.84,0.588,0.121,26.28,11.1,17.87,28.97,16.97,23.15,159.0,0.205,41.0,25.79,7.0,4.4,0.616,0.166,23.2,12.27,15.92,28.19,31.46,19.52,315.0,0.222,80.0,25.4,20.0,6.35,0.64,0.1389999999999999,22.74,12.88,14.0,26.88,32.64,17.86
745887,2024-06-19,2024,467793,L,671737,R,field_out,False,False,189.0,0.218,29.0,15.34,21.0,11.11,0.687,0.152,22.36,9.51,17.48,26.99,24.14,13.55,460.0,0.231,83.0,18.04,45.0,9.78,0.727,0.1899999999999999,23.76,11.0,14.32,25.31,24.63,16.21,85.0,0.238,30.0,35.29,4.0,4.71,0.732,0.21200000000000002,30.98,17.12,11.41,28.53,35.33,29.13,230.0,0.227,75.0,32.61,20.0,8.7,0.677,0.159,29.2,13.82,16.1,29.92,24.77,27.17
745887,2024-06-19,2024,621439,R,671737,R,field_out,False,False,139.0,0.234,40.0,28.78,6.0,4.32,0.647,0.12499999999999997,35.17,19.17,12.03,31.2,37.19,22.47,257.0,0.217,80.0,31.13,26.0,10.12,0.767,0.243,29.69,15.03,12.96,27.99,29.53,25.0,73.0,0.18,20.0,27.4,8.0,10.96,0.645,0.197,27.45,13.46,13.46,26.92,26.54,18.69,230.0,0.282,54.0,23.48,19.0,8.26,0.946,0.321,21.36,11.52,13.29,24.81,30.0,18.12
745887,2024-06-19,2024,543877,R,671737,R,field_out,False,False,97.0,0.169,25.0,25.77,3.0,3.09,0.47000000000000003,0.101,28.65,14.87,17.78,32.65,37.57,26.88,279.0,0.216,59.0,21.15,22.0,7.89,0.548,0.051,25.76,12.56,16.62,29.18,33.72,23.41,73.0,0.18,20.0,27.4,8.0,10.96,0.645,0.197,27.45,13.46,13.46,26.92,26.54,18.69,230.0,0.282,54.0,23.48,19.0,8.26,0.946,0.321,21.36,11.52,13.29,24.81,30.0,18.12
745887,2024-06-19,2024,650490,R,657746,R,field_out,False,False,235.0,0.246,36.0,15.32,22.0,9.36,0.664,0.09500000000000003,12.29,5.39,17.12,22.51,23.05,12.59,462.0,0.322,72.0,15.58,49.0,10.61,0.881,0.1559999999999999,18.95,8.0,18.68,26.68,19.71,15.69,177.0,0.214,49.0,27.68,7.0,3.95,0.643,0.18500000000000003,27.68,13.9,16.74,30.64,28.21,21.3,357.0,0.269,117.0,32.77,14.0,3.92,0.8300000000000001,0.261,30.56,16.38,13.59,29.97,33.29,22.75
745887,2024-06-19,2024,664040,L,657746,R,strikeout,True,False,96.0,0.21,21.0,21.88,12.0,12.5,0.765,0.222,27.07,14.04,10.03,24.07,27.17,21.65,374.0,0.241,103.0,27.54,42.0,11.23,0.813,0.237,31.86,16.63,11.13,27.77,30.39,21.33,159.0,0.205,41.0,25.79,7.0,4.4,0.616,0.166,23.2,12.27,15.92,28.19,31.46,19.52,315.0,0.222,80.0,25.4,20.0,6.35,0.64,0.1389999999999999,22.74,12.88,14.0,26.88,32.64,17.86
745887,2024-06-19,2024,670623,R,657746,R,home_run,False,False,215.0,0.29,32.0,14.88,21.0,9.77,0.863,0.199,15.84,7.07,18.89,25.96,27.54,8.89,438.0,0.247,82.0,18.72,43.0,9.82,0.86,0.266,18.6,8.55,16.71,25.26,28.98,14.09,177.0,0.214,49.0,27.68,7.0,3.95,0.643,0.18500000000000003,27.68,13.9,16.74,30.64,28.21,21.3,357.0,0.269,117.0,32.77,14.0,3.92,0.8300000000000001,0.261,30.56,16.38,13.59,29.97,33.29,22.75
745887,2024-06-19,2024,666139,L,657746,R,strikeout,True,False,75.0,0.212,22.0,29.33,7.0,9.33,0.6779999999999999,0.18200000000000002,26.9,13.81,13.51,27.33,30.54,18.49,435.0,0.3,104.0,23.91,27.0,6.21,0.8540000000000001,0.211,29.41,15.52,12.38,27.9,34.65,18.39,159.0,0.205,41.0,25.79,7.0,4.4,0.616,0.166,23.2,12.27,15.92,28.19,31.46,19.52,315.0,0.222,80.0,25.4,20.0,6.35,0.64,0.1389999999999999,22.74,12.88,14.0,26.88,32.64,17.86
745887,2024-06-19,2024,668885,R,671737,R,single,False,False,67.0,0.262,14.0,20.9,6.0,8.96,0.738,0.14799999999999996,23.08,10.42,17.37,27.8,16.13,17.95,,,,,,,,,,,,,,,73.0,0.18,20.0,27.4,8.0,10.96,0.645,0.197,27.45,13.46,13.46,26.92,26.54,18.69,230.0,0.282,54.0,23.48,19.0,8.26,0.946,0.321,21.36,11.52,13.29,24.81,30.0,18.12
745887,2024-06-19,2024,650489,L,671737,R,single,False,False,215.0,0.239,49.0,22.79,21.0,9.77,0.741,0.15800000000000003,27.29,12.9,15.41,28.31,28.6,18.28,280.0,0.266,73.0,26.07,23.0,8.21,0.8029999999999999,0.189,28.16,14.39,15.31,29.7,34.97,21.1,85.0,0.238,30.0,35.29,4.0,4.71,0.732,0.21200000000000002,30.98,17.12,11.41,28.53,35.33,29.13,230.0,0.227,75.0,32.61,20.0,8.7,0.677,0.159,29.2,13.82,16.1,29.92,24.77,27.17
745887,2024-06-19,2024,663616,L,671737,R,grounded_into_double_play,False,False,144.0,0.262,27.0,18.75,12.0,8.33,0.773,0.192,27.95,13.2,16.54,29.74,28.35,17.69,189.0,0.228,60.0,31.75,25.0,13.23,0.766,0.21,36.25,14.96,16.71,31.67,22.55,25.75,85.0,0.238,30.0,35.29,4.0,4.71,0.732,0.21200000000000002,30.98,17.12,11.41,28.53,35.33,29.13,230.0,0.227,75.0,32.61,20.0,8.7,0.677,0.159,29.2,13.82,16.1,29.92,24.77,27.17
745887,2024-06-19,2024,668904,R,671737,R,single,False,False,35.0,0.281,7.0,20.0,3.0,8.57,1.124,0.5,32.86,15.75,12.33,28.08,28.05,15.56,183.0,0.307,43.0,23.5,15.0,8.2,0.962,0.283,27.16,12.8,18.57,31.36,28.0,20.98,73.0,0.18,20.0,27.4,8.0,10.96,0.645,0.197,27.45,13.46,13.46,26.92,26.54,18.69,230.0,0.282,54.0,23.48,19.0,8.26,0.946,0.321,21.36,11.52,13.29,24.81,30.0,18.12
745887,2024-06-19,2024,596146,L,671737,R,field_out,False,False,165.0,0.25,32.0,19.39,13.0,7.88,0.749,0.182,22.19,11.41,12.03,23.44,26.83,16.33,394.0,0.263,84.0,21.32,37.0,9.39,0.8320000000000001,0.2339999999999999,19.92,9.32,15.49,24.81,24.75,18.14,85.0,0.238,30.0,35.29,4.0,4.71,0.732,0.21200000000000002,30.98,17.12,11.41,28.53,35.33,29.13,230.0,0.227,75.0,32.61,20.0,8.7,0.677,0.159,29.2,13.82,16.1,29.92,24.77,27.17
745887,2024-06-19,2024,668227,R,657746,R,double,False,False,211.0,0.178,59.0,27.96,19.0,9.0,0.595,0.14600000000000002,34.46,14.57,19.61,34.17,25.27,19.41,517.0,0.254,119.0,23.02,62.0,11.99,0.7769999999999999,0.1589999999999999,29.93,12.82,18.77,31.59,26.93,19.44,177.0,0.214,49.0,27.68,7.0,3.95,0.643,0.18500000000000003,27.68,13.9,16.74,30.64,28.21,21.3,357.0,0.269,117.0,32.77,14.0,3.92,0.8300000000000001,0.261,30.56,16.38,13.59,29.97,33.29,22.75
745887,2024-06-19,2024,680700,L,657746,R,field_out,False,False,185.0,0.226,45.0,24.32,22.0,11.89,0.666,0.10900000000000001,28.12,13.43,14.13,27.56,27.2,20.83,82.0,0.216,10.0,12.2,6.0,7.32,0.7390000000000001,0.243,15.71,6.75,18.4,25.15,18.99,10.75,159.0,0.205,41.0,25.79,7.0,4.4,0.616,0.166,23.2,12.27,15.92,28.19,31.46,19.52,315.0,0.222,80.0,25.4,20.0,6.35,0.64,0.1389999999999999,22.74,12.88,14.0,26.88,32.64,17.86
745887,2024-06-19,2024,676356,R,657746,R,walk,False,True,78.0,0.159,18.0,23.08,6.0,7.69,0.493,0.087,27.14,14.13,15.61,29.74,37.06,21.43,10.0,0.2,0.0,0.0,0.0,0.0,0.7,0.3,19.05,11.43,11.43,22.86,44.44,0.0,177.0,0.214,49.0,27.68,7.0,3.95,0.643,0.18500000000000003,27.68,13.9,16.74,30.64,28.21,21.3,357.0,0.269,117.0,32.77,14.0,3.92,0.8300000000000001,0.261,30.56,16.38,13.59,29.97,33.29,22.75
745887,2024-06-19,2024,666163,L,657746,R,grounded_into_double_play,False,False,131.0,0.246,36.0,27.48,15.0,11.45,0.651,0.061,27.35,12.16,17.6,29.76,26.57,20.11,72.0,0.133,15.0,20.83,10.0,13.89,0.507,0.1169999999999999,25.64,10.56,17.96,28.52,20.41,17.5,159.0,0.205,41.0,25.79,7.0,4.4,0.616,0.166,23.2,12.27,15.92,28.19,31.46,19.52,315.0,0.222,80.0,25.4,20.0,6.35,0.64,0.1389999999999999,22.74,12.88,14.0,26.88,32.64,17.86
745887,2024-06-19,2024,621043,R,671737,R,field_out,False,False,172.0,0.325,33.0,19.19,18.0,10.47,0.88,0.16499999999999998,20.21,8.78,19.72,28.51,27.62,18.13,444.0,0.224,112.0,25.23,42.0,9.46,0.69,0.164,26.37,11.3,19.9,31.19,27.0,21.72,73.0,0.18,20.0,27.4,8.0,10.96,0.645,0.197,27.45,13.46,13.46,26.92,26.54,18.69,230.0,0.282,54.0,23.48,19.0,8.26,0.946,0.321,21.36,11.52,13.29,24.81,30.0,18.12
745887,2024-06-19,2024,467793,L,671737,R,single,False,False,189.0,0.218,29.0,15.34,21.0,11.11,0.687,0.152,22.36,9.51,17.48,26.99,24.14,13.55,460.0,0.231,83.0,18.04,45.0,9.78,0.727,0.1899999999999999,23.76,11.0,14.32,25.31,24.63,16.21,85.0,0.238,30.0,35.29,4.0,4.71,0.732,0.21200000000000002,30.98,17.12,11.41,28.53,35.33,29.13,230.0,0.227,75.0,32.61,20.0,8.7,0.677,0.159,29.2,13.82,16.1,29.92,24.77,27.17
745887,2024-06-19,2024,621439,R,671737,R,strikeout,True,False,139.0,0.234,40.0,28.78,6.0,4.32,0.647,0.12499999999999997,35.17,19.17,12.03,31.2,37.19,22.47,257.0,0.217,80.0,31.13,26.0,10.12,0.767,0.243,29.69,15.03,12.96,27.99,29.53,25.0,73.0,0.18,20.0,27.4,8.0,10.96,0.645,0.197,27.45,13.46,13.46,26.92,26.54,18.69,230.0,0.282,54.0,23.48,19.0,8.26,0.946,0.321,21.36,11.52,13.29,24.81,30.0,18.12
745887,2024-06-19,2024,543877,R,671737,R,walk,False,True,97.0,0.169,25.0,25.77,3.0,3.09,0.47000000000000003,0.101,28.65,14.87,17.78,32.65,37.57,26.88,279.0,0.216,59.0,21.15,22.0,7.89,0.548,0.051,25.76,12.56,16.62,29.18,33.72,23.41,73.0,0.18,20.0,27.4,8.0,10.96,0.645,0.197,27.45,13.46,13.46,26.92,26.54,18.69,230.0,0.282,54.0,23.48,19.0,8.26,0.946,0.321,21.36,11.52,13.29,24.81,30.0,18.12
745887,2024-06-19,2024,668885,R,671737,R,field_out,False,False,67.0,0.262,14.0,20.9,6.0,8.96,0.738,0.14799999999999996,23.08,10.42,17.37,27.8,16.13,17.95,,,,,,,,,,,,,,,73.0,0.18,20.0,27.4,8.0,10.96,0.645,0.197,27.45,13.46,13.46,26.92,26.54,18.69,230.0,0.282,54.0,23.48,19.0,8.26,0.946,0.321,21.36,11.52,13.29,24.81,30.0,18.12
745887,2024-06-19,2024,670764,L,657746,R,field_out,False,False,10.0,0.0,5.0,50.0,3.0,30.0,0.3,0.0,52.94,21.43,11.9,33.33,12.5,55.56,257.0,0.179,69.0,26.85,33.0,12.84,0.588,0.121,26.28,11.1,17.87,28.97,16.97,23.15,159.0,0.205,41.0,25.79,7.0,4.4,0.616,0.166,23.2,12.27,15.92,28.19,31.46,19.52,315.0,0.222,80.0,25.4,20.0,6.35,0.64,0.1389999999999999,22.74,12.88,14.0,26.88,32.64,17.86
745887,2024-06-19,2024,650490,R,657746,R,field_out,False,False,235.0,0.246,36.0,15.32,22.0,9.36,0.664,0.09500000000000003,12.29,5.39,17.12,22.51,23.05,12.59,462.0,0.322,72.0,15.58,49.0,10.61,0.881,0.1559999999999999,18.95,8.0,18.68,26.68,19.71,15.69,177.0,0.214,49.0,27.68,7.0,3.95,0.643,0.18500000000000003,27.68,13.9,16.74,30.64,28.21,21.3,357.0,0.269,117.0,32.77,14.0,3.92,0.8300000000000001,0.261,30.56,16.38,13.59,29.97,33.29,22.75
745887,2024-06-19,2024,664040,L,657746,R,field_out,False,False,96.0,0.21,21.0,21.88,12.0,12.5,0.765,0.222,27.07,14.04,10.03,24.07,27.17,21.65,374.0,0.241,103.0,27.54,42.0,11.23,0.813,0.237,31.86,16.63,11.13,27.77,30.39,21.33,159.0,0.205,41.0,25.79,7.0,4.4,0.616,0.166,23.2,12.27,15.92,28.19,31.46,19.52,315.0,0.222,80.0,25.4,20.0,6.35,0.64,0.1389999999999999,22.74,12.88,14.0,26.88,32.64,17.86
745887,2024-06-19,2024,650489,L,671737,R,field_out,False,False,215.0,0.239,49.0,22.79,21.0,9.77,0.741,0.15800000000000003,27.29,12.9,15.41,28.31,28.6,18.28,280.0,0.266,73.0,26.07,23.0,8.21,0.8029999999999999,0.189,28.16,14.39,15.31,29.7,34.97,21.1,85.0,0.238,30.0,35.29,4.0,4.71,0.732,0.21200000000000002,30.98,17.12,11.41,28.53,35.33,29.13,230.0,0.227,75.0,32.61,20.0,8.7,0.677,0.159,29.2,13.82,16.1,29.92,24.77,27.17
745887,2024-06-19,2024,663616,L,671737,R,field_out,False,False,144.0,0.262,27.0,18.75,12.0,8.33,0.773,0.192,27.95,13.2,16.54,29.74,28.35,17.69,189.0,0.228,60.0,31.75,25.0,13.23,0.766,0.21,36.25,14.96,16.71,31.67,22.55,25.75,85.0,0.238,30.0,35.29,4.0,4.71,0.732,0.21200000000000002,30.98,17.12,11.41,28.53,35.33,29.13,230.0,0.227,75.0,32.61,20.0,8.7,0.677,0.159,29.2,13.82,16.1,29.92,24.77,27.17
745887,2024-06-19,2024,668904,R,671737,R,home_run,False,False,35.0,0.281,7.0,20.0,3.0,8.57,1.124,0.5,32.86,15.75,12.33,28.08,28.05,15.56,183.0,0.307,43.0,23.5,15.0,8.2,0.962,0.283,27.16,12.8,18.57,31.36,28.0,20.98,73.0,0.18,20.0,27.4,8.0,10.96,0.645,0.197,27.45,13.46,13.46,26.92,26.54,18.69,230.0,0.282,54.0,23.48,19.0,8.26,0.946,0.321,21.36,11.52,13.29,24.81,30.0,18.12
745887,2024-06-19,2024,596146,L,671737,R,field_out,False,False,165.0,0.25,32.0,19.39,13.0,7.88,0.749,0.182,22.19,11.41,12.03,23.44,26.83,16.33,394.0,0.263,84.0,21.32,37.0,9.39,0.8320000000000001,0.2339999999999999,19.92,9.32,15.49,24.81,24.75,18.14,85.0,0.238,30.0,35.29,4.0,4.71,0.732,0.21200000000000002,30.98,17.12,11.41,28.53,35.33,29.13,230.0,0.227,75.0,32.61,20.0,8.7,0.677,0.159,29.2,13.82,16.1,29.92,24.77,27.17
745887,2024-06-19,2024,670623,R,657746,R,field_out,False,False,215.0,0.29,32.0,14.88,21.0,9.77,0.863,0.199,15.84,7.07,18.89,25.96,27.54,8.89,438.0,0.247,82.0,18.72,43.0,9.82,0.86,0.266,18.6,8.55,16.71,25.26,28.98,14.09,177.0,0.214,49.0,27.68,7.0,3.95,0.643,0.18500000000000003,27.68,13.9,16.74,30.64,28.21,21.3,357.0,0.269,117.0,32.77,14.0,3.92,0.8300000000000001,0.261,30.56,16.38,13.59,29.97,33.29,22.75
745887,2024-06-19,2024,666139,L,657746,R,field_out,False,False,75.0,0.212,22.0,29.33,7.0,9.33,0.6779999999999999,0.18200000000000002,26.9,13.81,13.51,27.33,30.54,18.49,435.0,0.3,104.0,23.91,27.0,6.21,0.8540000000000001,0.211,29.41,15.52,12.38,27.9,34.65,18.39,159.0,0.205,41.0,25.79,7.0,4.4,0.616,0.166,23.2,12.27,15.92,28.19,31.46,19.52,315.0,0.222,80.0,25.4,20.0,6.35,0.64,0.1389999999999999,22.74,12.88,14.0,26.88,32.64,17.86
745887,2024-06-19,2024,668227,R,657746,R,single,False,False,211.0,0.178,59.0,27.96,19.0,9.0,0.595,0.14600000000000002,34.46,14.57,19.61,34.17,25.27,19.41,517.0,0.254,119.0,23.02,62.0,11.99,0.7769999999999999,0.1589999999999999,29.93,12.82,18.77,31.59,26.93,19.44,177.0,0.214,49.0,27.68,7.0,3.95,0.643,0.18500000000000003,27.68,13.9,16.74,30.64,28.21,21.3,357.0,0.269,117.0,32.77,14.0,3.92,0.8300000000000001,0.261,30.56,16.38,13.59,29.97,33.29,22.75
745887,2024-06-19,2024,680700,L,657746,R,field_out,False,False,185.0,0.226,45.0,24.32,22.0,11.89,0.666,0.10900000000000001,28.12,13.43,14.13,27.56,27.2,20.83,82.0,0.216,10.0,12.2,6.0,7.32,0.7390000000000001,0.243,15.71,6.75,18.4,25.15,18.99,10.75,159.0,0.205,41.0,25.79,7.0,4.4,0.616,0.166,23.2,12.27,15.92,28.19,31.46,19.52,315.0,0.222,80.0,25.4,20.0,6.35,0.64,0.1389999999999999,22.74,12.88,14.0,26.88,32.64,17.86
745887,2024-06-19,2024,621043,R,671737,R,field_out,False,False,172.0,0.325,33.0,19.19,18.0,10.47,0.88,0.16499999999999998,20.21,8.78,19.72,28.51,27.62,18.13,444.0,0.224,112.0,25.23,42.0,9.46,0.69,0.164,26.37,11.3,19.9,31.19,27.0,21.72,73.0,0.18,20.0,27.4,8.0,10.96,0.645,0.197,27.45,13.46,13.46,26.92,26.54,18.69,230.0,0.282,54.0,23.48,19.0,8.26,0.946,0.321,21.36,11.52,13.29,24.81,30.0,18.12
745887,2024-06-19,2024,467793,L,671737,R,walk,False,True,189.0,0.218,29.0,15.34,21.0,11.11,0.687,0.152,22.36,9.51,17.48,26.99,24.14,13.55,460.0,0.231,83.0,18.04,45.0,9.78,0.727,0.1899999999999999,23.76,11.0,14.32,25.31,24.63,16.21,85.0,0.238,30.0,35.29,4.0,4.71,0.732,0.21200000000000002,30.98,17.12,11.41,28.53,35.33,29.13,230.0,0.227,75.0,32.61,20.0,8.7,0.677,0.159,29.2,13.82,16.1,29.92,24.77,27.17
745887,2024-06-19,2024,621439,R,671737,R,field_out,False,False,139.0,0.234,40.0,28.78,6.0,4.32,0.647,0.12499999999999997,35.17,19.17,12.03,31.2,37.19,22.47,257.0,0.217,80.0,31.13,26.0,10.12,0.767,0.243,29.69,15.03,12.96,27.99,29.53,25.0,73.0,0.18,20.0,27.4,8.0,10.96,0.645,0.197,27.45,13.46,13.46,26.92,26.54,18.69,230.0,0.282,54.0,23.48,19.0,8.26,0.946,0.321,21.36,11.52,13.29,24.81,30.0,18.12
745887,2024-06-19,2024,543877,R,671737,R,strikeout,True,False,97.0,0.169,25.0,25.77,3.0,3.09,0.47000000000000003,0.101,28.65,14.87,17.78,32.65,37.57,26.88,279.0,0.216,59.0,21.15,22.0,7.89,0.548,0.051,25.76,12.56,16.62,29.18,33.72,23.41,73.0,0.18,20.0,27.4,8.0,10.96,0.645,0.197,27.45,13.46,13.46,26.92,26.54,18.69,230.0,0.282,54.0,23.48,19.0,8.26,0.946,0.321,21.36,11.52,13.29,24.81,30.0,18.12
745887,2024-06-19,2024,676356,R,663485,R,field_out,False,False,78.0,0.159,18.0,23.08,6.0,7.69,0.493,0.087,27.14,14.13,15.61,29.74,37.06,21.43,10.0,0.2,0.0,0.0,0.0,0.0,0.7,0.3,19.05,11.43,11.43,22.86,44.44,0.0,82.0,0.224,23.0,28.05,3.0,3.66,0.627,0.13099999999999998,28.48,14.68,17.75,32.42,37.06,25.27,45.0,0.205,10.0,22.22,6.0,13.33,0.619,0.103,26.76,10.98,21.97,32.95,29.89,16.95
745887,2024-06-19,2024,666163,L,663485,R,single,False,False,131.0,0.246,36.0,27.48,15.0,11.45,0.651,0.061,27.35,12.16,17.6,29.76,26.57,20.11,72.0,0.133,15.0,20.83,10.0,13.89,0.507,0.1169999999999999,25.64,10.56,17.96,28.52,20.41,17.5,54.0,0.261,15.0,27.78,2.0,3.7,0.728,0.15199999999999997,19.63,9.33,16.44,25.78,29.82,18.99,54.0,0.261,11.0,20.37,8.0,14.81,0.913,0.282,14.68,6.67,15.0,21.67,17.95,12.79
745887,2024-06-19,2024,670764,L,663485,R,walk,False,True,10.0,0.0,5.0,50.0,3.0,30.0,0.3,0.0,52.94,21.43,11.9,33.33,12.5,55.56,257.0,0.179,69.0,26.85,33.0,12.84,0.588,0.121,26.28,11.1,17.87,28.97,16.97,23.15,54.0,0.261,15.0,27.78,2.0,3.7,0.728,0.15199999999999997,19.63,9.33,16.44,25.78,29.82,18.99,54.0,0.261,11.0,20.37,8.0,14.81,0.913,0.282,14.68,6.67,15.0,21.67,17.95,12.79
745887,2024-06-19,2024,650490,R,663485,R,single,False,False,235.0,0.246,36.0,15.32,22.0,9.36,0.664,0.09500000000000003,12.29,5.39,17.12,22.51,23.05,12.59,462.0,0.322,72.0,15.58,49.0,10.61,0.881,0.1559999999999999,18.95,8.0,18.68,26.68,19.71,15.69,82.0,0.224,23.0,28.05,3.0,3.66,0.627,0.13099999999999998,28.48,14.68,17.75,32.42,37.06,25.27,45.0,0.205,10.0,22.22,6.0,13.33,0.619,0.103,26.76,10.98,21.97,32.95,29.89,16.95
745887,2024-06-19,2024,642708,R,595345,L,force_out,False,False,70.0,0.299,12.0,17.14,2.0,2.86,0.747,0.134,26.47,15.0,15.0,30.0,37.93,18.18,193.0,0.282,27.0,13.99,11.0,5.7,0.768,0.16,18.35,9.79,15.18,24.96,39.07,12.33,57.0,0.3,11.0,19.3,7.0,12.28,0.926,0.24000000000000005,20.0,8.56,19.37,27.93,19.42,18.03,152.0,0.222,40.0,26.32,14.0,9.21,0.747,0.222,28.47,13.79,16.75,30.54,27.09,21.39
745887,2024-06-19,2024,670623,R,595345,L,walk,False,True,73.0,0.258,15.0,20.55,6.0,8.22,0.708,0.121,21.43,9.09,22.9,31.99,28.3,16.85,136.0,0.259,22.0,16.18,15.0,11.03,0.773,0.146,17.06,7.6,18.37,25.97,26.71,12.64,57.0,0.3,11.0,19.3,7.0,12.28,0.926,0.24000000000000005,20.0,8.56,19.37,27.93,19.42,18.03,152.0,0.222,40.0,26.32,14.0,9.21,0.747,0.222,28.47,13.79,16.75,30.54,27.09,21.39
745887,2024-06-19,2024,642350,R,595345,L,force_out,False,False,58.0,0.212,21.0,36.21,5.0,8.62,0.738,0.25,41.67,21.48,12.89,34.38,30.47,22.58,93.0,0.198,37.0,39.78,4.0,4.3,0.647,0.2209999999999999,43.46,22.99,15.24,38.23,37.84,32.17,57.0,0.3,11.0,19.3,7.0,12.28,0.926,0.24000000000000005,20.0,8.56,19.37,27.93,19.42,18.03,152.0,0.222,40.0,26.32,14.0,9.21,0.747,0.222,28.47,13.79,16.75,30.54,27.09,21.39
745887,2024-06-19,2024,668885,R,621363,L,strikeout,True,False,28.0,0.269,4.0,14.29,2.0,7.14,0.667,0.07699999999999996,9.8,4.27,18.8,23.08,18.52,10.81,,,,,,,,,,,,,,,46.0,0.163,7.0,15.22,2.0,4.35,0.498,0.13899999999999998,20.25,10.74,9.4,20.13,33.33,20.59,172.0,0.199,36.0,20.93,16.0,9.3,0.5740000000000001,0.0989999999999999,25.81,12.6,14.49,27.09,32.74,21.95
745887,2024-06-19,2024,650489,R,621363,L,double,False,False,70.0,0.338,19.0,27.14,4.0,5.71,0.894,0.16999999999999998,31.16,15.52,16.97,32.49,35.0,22.09,129.0,0.237,26.0,20.16,11.0,8.53,0.636,0.079,27.27,14.12,14.71,28.82,33.85,15.03,46.0,0.163,7.0,15.22,2.0,4.35,0.498,0.13899999999999998,20.25,10.74,9.4,20.13,33.33,20.59,172.0,0.199,36.0,20.93,16.0,9.3,0.5740000000000001,0.0989999999999999,25.81,12.6,14.49,27.09,32.74,21.95
745887,2024-06-19,2024,669304,R,621363,L,field_out,False,False,65.0,0.254,9.0,13.85,1.0,1.54,0.658,0.127,17.21,9.33,13.33,22.67,35.71,14.52,32.0,0.226,6.0,18.75,1.0,3.12,0.573,0.097,29.85,17.54,10.53,28.07,44.44,20.0,46.0,0.163,7.0,15.22,2.0,4.35,0.498,0.13899999999999998,20.25,10.74,9.4,20.13,33.33,20.59,172.0,0.199,36.0,20.93,16.0,9.3,0.5740000000000001,0.0989999999999999,25.81,12.6,14.49,27.09,32.74,21.95
745887,2024-06-19,2024,668904,R,621363,L,intent_walk,False,True,17.0,0.5,1.0,5.88,2.0,11.76,1.529,0.5,16.67,9.26,9.26,18.52,33.33,6.25,56.0,0.314,12.0,21.43,5.0,8.93,0.7869999999999999,0.0979999999999999,27.66,13.33,16.92,30.26,30.21,23.53,46.0,0.163,7.0,15.22,2.0,4.35,0.498,0.13899999999999998,20.25,10.74,9.4,20.13,33.33,20.59,172.0,0.199,36.0,20.93,16.0,9.3,0.5740000000000001,0.0989999999999999,25.81,12.6,14.49,27.09,32.74,21.95
745887,2024-06-19,2024,596146,L,621363,L,strikeout,True,False,36.0,0.303,5.0,13.89,1.0,2.78,0.788,0.15200000000000002,15.38,7.63,16.79,24.43,33.33,13.89,97.0,0.25,22.0,22.68,8.0,8.25,0.752,0.182,19.46,9.73,13.51,23.24,25.0,18.42,17.0,0.429,3.0,17.65,3.0,17.65,1.2429999999999999,0.285,20.69,8.7,20.29,28.99,16.13,13.04,74.0,0.185,25.0,33.78,8.0,10.81,0.597,0.138,35.92,17.23,16.55,33.78,28.28,25.81
745887,2024-06-19,2024,668227,R,622251,R,walk,False,True,211.0,0.178,59.0,27.96,19.0,9.0,0.595,0.14600000000000002,34.46,14.57,19.61,34.17,25.27,19.41,517.0,0.254,119.0,23.02,62.0,11.99,0.7769999999999999,0.1589999999999999,29.93,12.82,18.77,31.59,26.93,19.44,35.0,0.1,5.0,14.29,5.0,14.29,0.329,0.0,31.75,14.6,19.71,34.31,24.62,11.9,52.0,0.22,14.0,26.92,10.0,19.23,0.69,0.097,30.53,13.62,13.15,26.76,26.67,25.0
745887,2024-06-19,2024,680700,L,622251,R,walk,False,True,185.0,0.226,45.0,24.32,22.0,11.89,0.666,0.10900000000000001,28.12,13.43,14.13,27.56,27.2,20.83,82.0,0.216,10.0,12.2,6.0,7.32,0.7390000000000001,0.243,15.71,6.75,18.4,25.15,18.99,10.75,20.0,0.15,7.0,35.0,0.0,0.0,0.3,0.0,25.58,12.36,19.1,31.46,37.5,21.88,37.0,0.219,10.0,27.03,3.0,8.11,0.5740000000000001,0.031,23.29,11.49,13.51,25.0,23.94,21.74
745887,2024-06-19,2024,676356,R,622251,R,strikeout,True,False,78.0,0.159,18.0,23.08,6.0,7.69,0.493,0.087,27.14,14.13,15.61,29.74,37.06,21.43,10.0,0.2,0.0,0.0,0.0,0.0,0.7,0.3,19.05,11.43,11.43,22.86,44.44,0.0,35.0,0.1,5.0,14.29,5.0,14.29,0.329,0.0,31.75,14.6,19.71,34.31,24.62,11.9,52.0,0.22,14.0,26.92,10.0,19.23,0.69,0.097,30.53,13.62,13.15,26.76,26.67,25.0
745887,2024-06-19,2024,676609,R,622251,R,force_out,False,False,178.0,0.235,45.0,25.28,11.0,6.18,0.638,0.10500000000000004,28.16,12.86,19.65,32.51,31.69,21.43,156.0,0.186,37.0,23.72,15.0,9.62,0.588,0.1009999999999999,24.9,10.03,24.36,34.39,27.59,18.69,35.0,0.1,5.0,14.29,5.0,14.29,0.329,0.0,31.75,14.6,19.71,34.31,24.62,11.9,52.0,0.22,14.0,26.92,10.0,19.23,0.69,0.097,30.53,13.62,13.15,26.76,26.67,25.0
745887,2024-06-19,2024,670764,L,622251,R,walk,False,True,10.0,0.0,5.0,50.0,3.0,30.0,0.3,0.0,52.94,21.43,11.9,33.33,12.5,55.56,257.0,0.179,69.0,26.85,33.0,12.84,0.588,0.121,26.28,11.1,17.87,28.97,16.97,23.15,20.0,0.15,7.0,35.0,0.0,0.0,0.3,0.0,25.58,12.36,19.1,31.46,37.5,21.88,37.0,0.219,10.0,27.03,3.0,8.11,0.5740000000000001,0.031,23.29,11.49,13.51,25.0,23.94,21.74
745887,2024-06-19,2024,650490,R,622251,R,field_out,False,False,235.0,0.246,36.0,15.32,22.0,9.36,0.664,0.09500000000000003,12.29,5.39,17.12,22.51,23.05,12.59,462.0,0.322,72.0,15.58,49.0,10.61,0.881,0.1559999999999999,18.95,8.0,18.68,26.68,19.71,15.69,35.0,0.1,5.0,14.29,5.0,14.29,0.329,0.0,31.75,14.6,19.71,34.31,24.62,11.9,52.0,0.22,14.0,26.92,10.0,19.23,0.69,0.097,30.53,13.62,13.15,26.76,26.67,25.0
745887,2024-06-19,2024,621043,R,687330,R,field_out,False,False,172.0,0.325,33.0,19.19,18.0,10.47,0.88,0.16499999999999998,20.21,8.78,19.72,28.51,27.62,18.13,444.0,0.224,112.0,25.23,42.0,9.46,0.69,0.164,26.37,11.3,19.9,31.19,27.0,21.72,78.0,0.25,21.0,26.92,3.0,3.85,0.6739999999999999,0.125,23.68,9.78,26.45,36.23,29.13,25.3,172.0,0.211,29.0,16.86,5.0,2.91,0.554,0.0809999999999999,21.07,9.75,21.21,30.96,29.68,13.74
745887,2024-06-19,2024,467793,L,687330,R,field_out,False,False,189.0,0.218,29.0,15.34,21.0,11.11,0.687,0.152,22.36,9.51,17.48,26.99,24.14,13.55,460.0,0.231,83.0,18.04,45.0,9.78,0.727,0.1899999999999999,23.76,11.0,14.32,25.31,24.63,16.21,48.0,0.217,9.0,18.75,0.0,0.0,0.647,0.19599999999999998,12.94,6.21,21.47,27.68,24.68,14.52,104.0,0.211,27.0,25.96,10.0,9.62,0.65,0.122,24.16,10.19,19.67,29.86,20.39,21.31
745887,2024-06-19,2024,621439,R,687330,R,single,False,False,139.0,0.234,40.0,28.78,6.0,4.32,0.647,0.12499999999999997,35.17,19.17,12.03,31.2,37.19,22.47,257.0,0.217,80.0,31.13,26.0,10.12,0.767,0.243,29.69,15.03,12.96,27.99,29.53,25.0,78.0,0.25,21.0,26.92,3.0,3.85,0.6739999999999999,0.125,23.68,9.78,26.45,36.23,29.13,25.3,172.0,0.211,29.0,16.86,5.0,2.91,0.554,0.0809999999999999,21.07,9.75,21.21,30.96,29.68,13.74
745887,2024-06-19,2024,543877,R,687330,R,field_out,False,False,97.0,0.169,25.0,25.77,3.0,3.09,0.47000000000000003,0.101,28.65,14.87,17.78,32.65,37.57,26.88,279.0,0.216,59.0,21.15,22.0,7.89,0.548,0.051,25.76,12.56,16.62,29.18,33.72,23.41,78.0,0.25,21.0,26.92,3.0,3.85,0.6739999999999999,0.125,23.68,9.78,26.45,36.23,29.13,25.3,172.0,0.211,29.0,16.86,5.0,2.91,0.554,0.0809999999999999,21.07,9.75,21.21,30.96,29.68,13.74
745887,2024-06-19,2024,642708,R,661395,R,strikeout,True,False,142.0,0.299,23.0,16.2,5.0,3.52,0.7250000000000001,0.10200000000000004,21.94,12.25,13.86,26.1,38.71,14.84,353.0,0.252,72.0,20.4,18.0,5.1,0.636,0.091,25.7,13.68,14.7,28.38,39.8,19.35,38.0,0.206,9.0,23.68,3.0,7.89,0.613,0.11800000000000002,27.27,12.33,17.81,30.14,25.0,22.5,127.0,0.209,33.0,25.98,11.0,8.66,0.722,0.209,29.03,14.78,13.76,28.54,30.67,22.45
745887,2024-06-19,2024,656577,R,661395,R,field_out,False,False,37.0,0.061,16.0,43.24,2.0,5.41,0.296,0.121,41.03,21.48,18.12,39.6,41.89,28.07,,,,,,,,,,,,,,,38.0,0.206,9.0,23.68,3.0,7.89,0.613,0.11800000000000002,27.27,12.33,17.81,30.14,25.0,22.5,127.0,0.209,33.0,25.98,11.0,8.66,0.722,0.209,29.03,14.78,13.76,28.54,30.67,22.45
745887,2024-06-19,2024,642350,R,661395,R,field_out,False,False,153.0,0.195,55.0,35.95,11.0,7.19,0.633,0.15799999999999997,38.26,17.09,21.49,38.58,32.12,28.65,271.0,0.23,93.0,34.32,16.0,5.9,0.801,0.29,39.19,20.65,15.06,35.71,37.69,31.08,38.0,0.206,9.0,23.68,3.0,7.89,0.613,0.11800000000000002,27.27,12.33,17.81,30.14,25.0,22.5,127.0,0.209,33.0,25.98,11.0,8.66,0.722,0.209,29.03,14.78,13.76,28.54,30.67,22.45
745887,2024-06-19,2024,668885,R,592094,R,field_out,False,False,67.0,0.262,14.0,20.9,6.0,8.96,0.738,0.14799999999999996,23.08,10.42,17.37,27.8,16.13,17.95,,,,,,,,,,,,,,,69.0,0.175,16.0,23.19,7.0,10.14,0.571,0.10600000000000004,33.8,16.38,13.65,30.03,28.76,16.84,112.0,0.196,30.0,26.79,9.0,8.04,0.634,0.134,33.33,15.66,15.45,31.11,29.8,18.18
745887,2024-06-19,2024,650489,L,592094,R,strikeout,True,False,215.0,0.239,49.0,22.79,21.0,9.77,0.741,0.15800000000000003,27.29,12.9,15.41,28.31,28.6,18.28,280.0,0.266,73.0,26.07,23.0,8.21,0.8029999999999999,0.189,28.16,14.39,15.31,29.7,34.97,21.1,53.0,0.188,12.0,22.64,4.0,7.55,0.625,0.187,34.34,17.44,13.33,30.77,31.58,21.43,110.0,0.167,39.0,35.45,11.0,10.0,0.627,0.1869999999999999,35.6,15.81,20.0,35.81,28.04,29.55
745887,2024-06-19,2024,669304,R,592094,R,field_out,False,False,134.0,0.293,21.0,15.67,7.0,5.22,0.8500000000000001,0.21900000000000003,20.96,10.06,17.82,27.88,33.2,19.09,120.0,0.207,18.0,15.0,8.0,6.67,0.5640000000000001,0.09,23.72,11.83,13.69,25.52,32.37,15.04,69.0,0.175,16.0,23.19,7.0,10.14,0.571,0.10600000000000004,33.8,16.38,13.65,30.03,28.76,16.84,112.0,0.196,30.0,26.79,9.0,8.04,0.634,0.134,33.33,15.66,15.45,31.11,29.8,18.18
745887,2024-06-19,2024,668227,R,660896,R,hit_by_pitch,False,False,211.0,0.178,59.0,27.96,19.0,9.0,0.595,0.14600000000000002,34.46,14.57,19.61,34.17,25.27,19.41,517.0,0.254,119.0,23.02,62.0,11.99,0.7769999999999999,0.1589999999999999,29.93,12.82,18.77,31.59,26.93,19.44,52.0,0.178,11.0,21.15,5.0,9.62,0.513,0.066,32.99,15.92,15.92,31.84,28.12,16.18,46.0,0.282,12.0,26.09,6.0,13.04,1.058,0.385,25.61,10.55,18.09,28.64,22.02,21.43
745887,2024-06-19,2024,680700,L,660896,R,field_out,False,False,185.0,0.226,45.0,24.32,22.0,11.89,0.666,0.10900000000000001,28.12,13.43,14.13,27.56,27.2,20.83,82.0,0.216,10.0,12.2,6.0,7.32,0.7390000000000001,0.243,15.71,6.75,18.4,25.15,18.99,10.75,45.0,0.167,11.0,24.44,7.0,15.56,0.496,0.026999999999999996,30.95,13.9,16.58,30.48,21.11,20.37,29.0,0.125,4.0,13.79,4.0,13.79,0.491,0.125,25.0,9.92,20.66,30.58,27.42,11.76
745887,2024-06-19,2024,676356,R,660896,R,field_error,False,False,78.0,0.159,18.0,23.08,6.0,7.69,0.493,0.087,27.14,14.13,15.61,29.74,37.06,21.43,10.0,0.2,0.0,0.0,0.0,0.0,0.7,0.3,19.05,11.43,11.43,22.86,44.44,0.0,52.0,0.178,11.0,21.15,5.0,9.62,0.513,0.066,32.99,15.92,15.92,31.84,28.12,16.18,46.0,0.282,12.0,26.09,6.0,13.04,1.058,0.385,25.61,10.55,18.09,28.64,22.02,21.43
745887,2024-06-19,2024,676609,R,660896,R,field_out,False,False,178.0,0.235,45.0,25.28,11.0,6.18,0.638,0.10500000000000004,28.16,12.86,19.65,32.51,31.69,21.43,156.0,0.186,37.0,23.72,15.0,9.62,0.588,0.1009999999999999,24.9,10.03,24.36,34.39,27.59,18.69,52.0,0.178,11.0,21.15,5.0,9.62,0.513,0.066,32.99,15.92,15.92,31.84,28.12,16.18,46.0,0.282,12.0,26.09,6.0,13.04,1.058,0.385,25.61,10.55,18.09,28.64,22.02,21.43
745887,2024-06-19,2024,668904,R,664208,R,field_out,False,False,35.0,0.281,7.0,20.0,3.0,8.57,1.124,0.5,32.86,15.75,12.33,28.08,28.05,15.56,183.0,0.307,43.0,23.5,15.0,8.2,0.962,0.283,27.16,12.8,18.57,31.36,28.0,20.98,66.0,0.25,10.0,15.15,9.0,13.64,0.739,0.125,28.68,14.07,13.69,27.76,27.78,14.49,136.0,0.153,44.0,32.35,8.0,5.88,0.431,0.0569999999999999,39.26,20.62,13.04,33.66,34.2,29.86
745887,2024-06-19,2024,596146,L,664208,R,strikeout,True,False,165.0,0.25,32.0,19.39,13.0,7.88,0.749,0.182,22.19,11.41,12.03,23.44,26.83,16.33,394.0,0.263,84.0,21.32,37.0,9.39,0.8320000000000001,0.2339999999999999,19.92,9.32,15.49,24.81,24.75,18.14,56.0,0.273,10.0,17.86,8.0,14.29,1.065,0.363,22.43,9.88,14.81,24.69,29.69,12.99,138.0,0.265,30.0,21.74,17.0,12.32,0.856,0.2039999999999999,26.0,12.2,15.95,28.14,26.22,19.87
745887,2024-06-19,2024,621043,R,664208,R,field_out,False,False,172.0,0.325,33.0,19.19,18.0,10.47,0.88,0.16499999999999998,20.21,8.78,19.72,28.51,27.62,18.13,444.0,0.224,112.0,25.23,42.0,9.46,0.69,0.164,26.37,11.3,19.9,31.19,27.0,21.72,66.0,0.25,10.0,15.15,9.0,13.64,0.739,0.125,28.68,14.07,13.69,27.76,27.78,14.49,136.0,0.153,44.0,32.35,8.0,5.88,0.431,0.0569999999999999,39.26,20.62,13.04,33.66,34.2,29.86
744920,2024-06-19,2024,680776,L,592332,R,strikeout,True,False,237.0,0.293,51.0,21.52,20.0,8.44,0.894,0.24700000000000005,23.49,11.13,14.63,25.77,26.84,18.61,314.0,0.296,75.0,23.89,21.0,6.69,0.84,0.195,24.68,12.92,13.75,26.67,30.3,19.02,152.0,0.296,34.0,22.37,9.0,5.92,0.845,0.21100000000000002,24.83,11.82,16.77,28.59,29.93,17.26,350.0,0.25,103.0,29.43,28.0,8.0,0.731,0.172,27.92,13.34,17.63,30.97,31.79,21.06
744920,2024-06-19,2024,666152,L,592332,R,field_out,False,False,127.0,0.291,32.0,25.2,9.0,7.09,0.816,0.179,25.24,10.62,20.84,31.46,20.16,21.62,36.0,0.1,10.0,27.78,6.0,16.67,0.417,0.067,20.0,8.44,23.38,31.82,26.39,15.38,152.0,0.296,34.0,22.37,9.0,5.92,0.845,0.21100000000000002,24.83,11.82,16.77,28.59,29.93,17.26,350.0,0.25,103.0,29.43,28.0,8.0,0.731,0.172,27.92,13.34,17.63,30.97,31.79,21.06
744920,2024-06-19,2024,641933,R,592332,R,walk,False,True,142.0,0.227,47.0,33.1,11.0,7.75,0.757,0.234,33.95,15.57,16.92,32.49,27.4,24.61,187.0,0.233,53.0,28.34,15.0,8.02,0.6839999999999999,0.157,29.39,13.29,17.12,30.41,25.99,26.5,164.0,0.24,41.0,25.0,7.0,4.27,0.659,0.14300000000000002,24.65,13.28,13.89,27.18,35.13,18.72,416.0,0.218,134.0,32.21,27.0,6.49,0.6180000000000001,0.124,29.84,15.11,15.79,30.9,33.37,26.53
744920,2024-06-19,2024,646240,L,592332,R,field_out,False,False,178.0,0.293,34.0,19.1,26.0,14.61,1.013,0.327,24.78,11.53,13.19,24.72,29.1,16.27,469.0,0.27,89.0,18.98,51.0,10.87,0.863,0.235,25.44,13.04,9.74,22.78,33.05,15.06,152.0,0.296,34.0,22.37,9.0,5.92,0.845,0.21100000000000002,24.83,11.82,16.77,28.59,29.93,17.26,350.0,0.25,103.0,29.43,28.0,8.0,0.731,0.172,27.92,13.34,17.63,30.97,31.79,21.06
744920,2024-06-19,2024,687462,L,678394,R,single,False,False,32.0,0.346,5.0,15.62,5.0,15.62,0.875,0.07700000000000001,21.43,9.23,18.46,27.69,24.62,11.36,38.0,0.265,10.0,26.32,3.0,7.89,0.754,0.1469999999999999,27.14,13.01,17.12,30.14,25.35,21.74,142.0,0.272,27.0,19.01,14.0,9.86,0.867,0.24,27.46,11.92,16.55,28.47,27.88,18.12,322.0,0.313,44.0,13.66,21.0,6.52,0.883,0.209,21.39,10.43,13.34,23.77,28.42,13.66
744920,2024-06-19,2024,457759,R,678394,R,hit_by_pitch,False,False,181.0,0.213,29.0,16.02,22.0,12.15,0.655,0.12200000000000003,19.11,8.91,16.36,25.27,27.27,10.25,462.0,0.273,78.0,16.88,33.0,7.14,0.765,0.1569999999999999,16.44,7.32,17.97,25.29,25.33,12.0,135.0,0.244,29.0,21.48,10.0,7.41,0.6619999999999999,0.11399999999999999,21.12,9.89,18.1,27.99,30.88,17.37,346.0,0.229,88.0,25.43,24.0,6.94,0.6779999999999999,0.16,27.11,13.0,16.03,29.03,30.58,20.05
744920,2024-06-19,2024,665489,R,678394,R,strikeout,True,False,257.0,0.288,45.0,17.51,27.0,10.51,0.768,0.11400000000000005,24.9,11.85,15.22,27.07,25.88,13.89,558.0,0.26,85.0,15.23,48.0,8.6,0.792,0.2,23.83,12.29,11.94,24.23,30.21,15.37,135.0,0.244,29.0,21.48,10.0,7.41,0.6619999999999999,0.11399999999999999,21.12,9.89,18.1,27.99,30.88,17.37,346.0,0.229,88.0,25.43,24.0,6.94,0.6779999999999999,0.16,27.11,13.0,16.03,29.03,30.58,20.05
744920,2024-06-19,2024,662139,L,678394,R,strikeout,True,False,203.0,0.201,58.0,28.57,18.0,8.87,0.7330000000000001,0.256,26.11,12.02,16.23,28.25,23.77,24.17,466.0,0.202,111.0,23.82,36.0,7.73,0.662,0.19,25.51,12.84,15.05,27.89,29.23,18.26,142.0,0.272,27.0,19.01,14.0,9.86,0.867,0.24,27.46,11.92,16.55,28.47,27.88,18.12,322.0,0.313,44.0,13.66,21.0,6.52,0.883,0.209,21.39,10.43,13.34,23.77,28.42,13.66
744920,2024-06-19,2024,643376,R,678394,R,field_out,False,False,124.0,0.248,16.0,12.9,13.0,10.48,0.808,0.22899999999999998,16.67,6.55,20.24,26.79,18.44,10.27,215.0,0.237,46.0,21.4,16.0,7.44,0.784,0.221,25.13,11.59,15.17,26.76,23.75,20.09,135.0,0.244,29.0,21.48,10.0,7.41,0.6619999999999999,0.11399999999999999,21.12,9.89,18.1,27.99,30.88,17.37,346.0,0.229,88.0,25.43,24.0,6.94,0.6779999999999999,0.16,27.11,13.0,16.03,29.03,30.58,20.05
744920,2024-06-19,2024,807799,L,592332,R,strikeout,True,False,90.0,0.278,12.0,13.33,7.0,7.78,0.727,0.08899999999999997,15.58,6.69,19.22,25.91,23.76,12.24,437.0,0.293,58.0,13.27,22.0,5.03,0.795,0.167,17.2,7.54,21.09,28.63,28.96,13.65,152.0,0.296,34.0,22.37,9.0,5.92,0.845,0.21100000000000002,24.83,11.82,16.77,28.59,29.93,17.26,350.0,0.25,103.0,29.43,28.0,8.0,0.731,0.172,27.92,13.34,17.63,30.97,31.79,21.06
744920,2024-06-19,2024,665839,L,592332,R,field_out,False,False,123.0,0.241,30.0,24.39,8.0,6.5,0.749,0.22300000000000003,20.8,9.46,19.52,28.97,28.46,18.01,133.0,0.28,32.0,24.06,7.0,5.26,0.806,0.2079999999999999,23.05,10.04,20.07,30.11,28.72,21.48,152.0,0.296,34.0,22.37,9.0,5.92,0.845,0.21100000000000002,24.83,11.82,16.77,28.59,29.93,17.26,350.0,0.25,103.0,29.43,28.0,8.0,0.731,0.172,27.92,13.34,17.63,30.97,31.79,21.06
744920,2024-06-19,2024,624512,L,592332,R,walk,False,True,110.0,0.213,28.0,25.45,11.0,10.0,0.594,0.08499999999999999,26.32,11.85,18.25,30.09,29.6,25.45,179.0,0.25,47.0,26.26,10.0,5.59,0.639,0.0979999999999999,22.84,12.46,16.72,29.18,42.86,22.6,152.0,0.296,34.0,22.37,9.0,5.92,0.845,0.21100000000000002,24.83,11.82,16.77,28.59,29.93,17.26,350.0,0.25,103.0,29.43,28.0,8.0,0.731,0.172,27.92,13.34,17.63,30.97,31.79,21.06
744920,2024-06-19,2024,642086,L,592332,R,field_out,False,False,118.0,0.198,23.0,19.49,14.0,11.86,0.571,0.059,25.0,11.7,16.06,27.75,29.69,21.1,414.0,0.263,62.0,14.98,33.0,7.97,0.736,0.135,19.9,10.09,14.56,24.65,32.27,13.42,152.0,0.296,34.0,22.37,9.0,5.92,0.845,0.21100000000000002,24.83,11.82,16.77,28.59,29.93,17.26,350.0,0.25,103.0,29.43,28.0,8.0,0.731,0.172,27.92,13.34,17.63,30.97,31.79,21.06
744920,2024-06-19,2024,543807,R,678394,R,strikeout,True,False,208.0,0.217,30.0,14.42,22.0,10.58,0.618,0.098,23.48,12.14,12.69,24.83,23.75,14.49,539.0,0.262,101.0,18.74,43.0,7.98,0.738,0.1489999999999999,23.18,11.37,14.48,25.84,23.35,18.21,135.0,0.244,29.0,21.48,10.0,7.41,0.6619999999999999,0.11399999999999999,21.12,9.89,18.1,27.99,30.88,17.37,346.0,0.229,88.0,25.43,24.0,6.94,0.6779999999999999,0.16,27.11,13.0,16.03,29.03,30.58,20.05
744920,2024-06-19,2024,680718,L,678394,R,double,False,False,25.0,0.208,5.0,20.0,1.0,4.0,0.44799999999999995,0.0,25.53,14.29,19.05,33.33,40.0,21.74,,,,,,,,,,,,,,,142.0,0.272,27.0,19.01,14.0,9.86,0.867,0.24,27.46,11.92,16.55,28.47,27.88,18.12,322.0,0.313,44.0,13.66,21.0,6.52,0.883,0.209,21.39,10.43,13.34,23.77,28.42,13.66
744920,2024-06-19,2024,643396,R,678394,R,hit_by_pitch,False,False,170.0,0.265,23.0,13.53,10.0,5.88,0.679,0.10899999999999999,13.87,6.5,21.37,27.86,32.98,15.13,273.0,0.246,54.0,19.78,17.0,6.23,0.6479999999999999,0.1069999999999999,19.6,9.05,20.2,29.25,28.6,15.56,135.0,0.244,29.0,21.48,10.0,7.41,0.6619999999999999,0.11399999999999999,21.12,9.89,18.1,27.99,30.88,17.37,346.0,0.229,88.0,25.43,24.0,6.94,0.6779999999999999,0.16,27.11,13.0,16.03,29.03,30.58,20.05
744920,2024-06-19,2024,595281,L,678394,R,field_out,False,False,109.0,0.192,34.0,31.19,4.0,3.67,0.552,0.131,34.8,18.68,11.58,30.26,32.86,26.98,312.0,0.26,63.0,20.19,25.0,8.01,0.753,0.1709999999999999,29.15,14.21,14.3,28.51,25.39,21.07,142.0,0.272,27.0,19.01,14.0,9.86,0.867,0.24,27.46,11.92,16.55,28.47,27.88,18.12,322.0,0.313,44.0,13.66,21.0,6.52,0.883,0.209,21.39,10.43,13.34,23.77,28.42,13.66
744920,2024-06-19,2024,687462,L,678394,R,field_out,False,False,32.0,0.346,5.0,15.62,5.0,15.62,0.875,0.07700000000000001,21.43,9.23,18.46,27.69,24.62,11.36,38.0,0.265,10.0,26.32,3.0,7.89,0.754,0.1469999999999999,27.14,13.01,17.12,30.14,25.35,21.74,142.0,0.272,27.0,19.01,14.0,9.86,0.867,0.24,27.46,11.92,16.55,28.47,27.88,18.12,322.0,0.313,44.0,13.66,21.0,6.52,0.883,0.209,21.39,10.43,13.34,23.77,28.42,13.66
744920,2024-06-19,2024,663853,R,592332,R,field_error,False,False,14.0,0.231,3.0,21.43,1.0,7.14,0.671,0.154,25.0,10.91,20.0,30.91,34.38,17.65,60.0,0.214,21.0,35.0,2.0,3.33,0.6659999999999999,0.215,33.94,16.37,17.26,33.63,34.71,33.33,164.0,0.24,41.0,25.0,7.0,4.27,0.659,0.14300000000000002,24.65,13.28,13.89,27.18,35.13,18.72,416.0,0.218,134.0,32.21,27.0,6.49,0.6180000000000001,0.124,29.84,15.11,15.79,30.9,33.37,26.53
744920,2024-06-19,2024,680776,L,592332,R,field_out,False,False,237.0,0.293,51.0,21.52,20.0,8.44,0.894,0.24700000000000005,23.49,11.13,14.63,25.77,26.84,18.61,314.0,0.296,75.0,23.89,21.0,6.69,0.84,0.195,24.68,12.92,13.75,26.67,30.3,19.02,152.0,0.296,34.0,22.37,9.0,5.92,0.845,0.21100000000000002,24.83,11.82,16.77,28.59,29.93,17.26,350.0,0.25,103.0,29.43,28.0,8.0,0.731,0.172,27.92,13.34,17.63,30.97,31.79,21.06
744920,2024-06-19,2024,666152,L,592332,R,single,False,False,127.0,0.291,32.0,25.2,9.0,7.09,0.816,0.179,25.24,10.62,20.84,31.46,20.16,21.62,36.0,0.1,10.0,27.78,6.0,16.67,0.417,0.067,20.0,8.44,23.38,31.82,26.39,15.38,152.0,0.296,34.0,22.37,9.0,5.92,0.845,0.21100000000000002,24.83,11.82,16.77,28.59,29.93,17.26,350.0,0.25,103.0,29.43,28.0,8.0,0.731,0.172,27.92,13.34,17.63,30.97,31.79,21.06
744920,2024-06-19,2024,641933,R,592332,R,field_out,False,False,142.0,0.227,47.0,33.1,11.0,7.75,0.757,0.234,33.95,15.57,16.92,32.49,27.4,24.61,187.0,0.233,53.0,28.34,15.0,8.02,0.6839999999999999,0.157,29.39,13.29,17.12,30.41,25.99,26.5,164.0,0.24,41.0,25.0,7.0,4.27,0.659,0.14300000000000002,24.65,13.28,13.89,27.18,35.13,18.72,416.0,0.218,134.0,32.21,27.0,6.49,0.6180000000000001,0.124,29.84,15.11,15.79,30.9,33.37,26.53
744920,2024-06-19,2024,646240,L,592332,R,field_out,False,False,178.0,0.293,34.0,19.1,26.0,14.61,1.013,0.327,24.78,11.53,13.19,24.72,29.1,16.27,469.0,0.27,89.0,18.98,51.0,10.87,0.863,0.235,25.44,13.04,9.74,22.78,33.05,15.06,152.0,0.296,34.0,22.37,9.0,5.92,0.845,0.21100000000000002,24.83,11.82,16.77,28.59,29.93,17.26,350.0,0.25,103.0,29.43,28.0,8.0,0.731,0.172,27.92,13.34,17.63,30.97,31.79,21.06
744920,2024-06-19,2024,457759,R,678394,R,single,False,False,181.0,0.213,29.0,16.02,22.0,12.15,0.655,0.12200000000000003,19.11,8.91,16.36,25.27,27.27,10.25,462.0,0.273,78.0,16.88,33.0,7.14,0.765,0.1569999999999999,16.44,7.32,17.97,25.29,25.33,12.0,135.0,0.244,29.0,21.48,10.0,7.41,0.6619999999999999,0.11399999999999999,21.12,9.89,18.1,27.99,30.88,17.37,346.0,0.229,88.0,25.43,24.0,6.94,0.6779999999999999,0.16,27.11,13.0,16.03,29.03,30.58,20.05
744920,2024-06-19,2024,665489,R,678394,R,field_out,False,False,257.0,0.288,45.0,17.51,27.0,10.51,0.768,0.11400000000000005,24.9,11.85,15.22,27.07,25.88,13.89,558.0,0.26,85.0,15.23,48.0,8.6,0.792,0.2,23.83,12.29,11.94,24.23,30.21,15.37,135.0,0.244,29.0,21.48,10.0,7.41,0.6619999999999999,0.11399999999999999,21.12,9.89,18.1,27.99,30.88,17.37,346.0,0.229,88.0,25.43,24.0,6.94,0.6779999999999999,0.16,27.11,13.0,16.03,29.03,30.58,20.05
744920,2024-06-19,2024,662139,L,678394,R,walk,False,True,203.0,0.201,58.0,28.57,18.0,8.87,0.7330000000000001,0.256,26.11,12.02,16.23,28.25,23.77,24.17,466.0,0.202,111.0,23.82,36.0,7.73,0.662,0.19,25.51,12.84,15.05,27.89,29.23,18.26,142.0,0.272,27.0,19.01,14.0,9.86,0.867,0.24,27.46,11.92,16.55,28.47,27.88,18.12,322.0,0.313,44.0,13.66,21.0,6.52,0.883,0.209,21.39,10.43,13.34,23.77,28.42,13.66
744920,2024-06-19,2024,643376,R,678394,R,strikeout,True,False,124.0,0.248,16.0,12.9,13.0,10.48,0.808,0.22899999999999998,16.67,6.55,20.24,26.79,18.44,10.27,215.0,0.237,46.0,21.4,16.0,7.44,0.784,0.221,25.13,11.59,15.17,26.76,23.75,20.09,135.0,0.244,29.0,21.48,10.0,7.41,0.6619999999999999,0.11399999999999999,21.12,9.89,18.1,27.99,30.88,17.37,346.0,0.229,88.0,25.43,24.0,6.94,0.6779999999999999,0.16,27.11,13.0,16.03,29.03,30.58,20.05
744920,2024-06-19,2024,543807,R,678394,R,strikeout,True,False,208.0,0.217,30.0,14.42,22.0,10.58,0.618,0.098,23.48,12.14,12.69,24.83,23.75,14.49,539.0,0.262,101.0,18.74,43.0,7.98,0.738,0.1489999999999999,23.18,11.37,14.48,25.84,23.35,18.21,135.0,0.244,29.0,21.48,10.0,7.41,0.6619999999999999,0.11399999999999999,21.12,9.89,18.1,27.99,30.88,17.37,346.0,0.229,88.0,25.43,24.0,6.94,0.6779999999999999,0.16,27.11,13.0,16.03,29.03,30.58,20.05
744920,2024-06-19,2024,807799,L,592332,R,field_out,False,False,90.0,0.278,12.0,13.33,7.0,7.78,0.727,0.08899999999999997,15.58,6.69,19.22,25.91,23.76,12.24,437.0,0.293,58.0,13.27,22.0,5.03,0.795,0.167,17.2,7.54,21.09,28.63,28.96,13.65,152.0,0.296,34.0,22.37,9.0,5.92,0.845,0.21100000000000002,24.83,11.82,16.77,28.59,29.93,17.26,350.0,0.25,103.0,29.43,28.0,8.0,0.731,0.172,27.92,13.34,17.63,30.97,31.79,21.06
744920,2024-06-19,2024,665839,L,592332,R,home_run,False,False,123.0,0.241,30.0,24.39,8.0,6.5,0.749,0.22300000000000003,20.8,9.46,19.52,28.97,28.46,18.01,133.0,0.28,32.0,24.06,7.0,5.26,0.806,0.2079999999999999,23.05,10.04,20.07,30.11,28.72,21.48,152.0,0.296,34.0,22.37,9.0,5.92,0.845,0.21100000000000002,24.83,11.82,16.77,28.59,29.93,17.26,350.0,0.25,103.0,29.43,28.0,8.0,0.731,0.172,27.92,13.34,17.63,30.97,31.79,21.06
744920,2024-06-19,2024,624512,L,592332,R,strikeout,True,False,110.0,0.213,28.0,25.45,11.0,10.0,0.594,0.08499999999999999,26.32,11.85,18.25,30.09,29.6,25.45,179.0,0.25,47.0,26.26,10.0,5.59,0.639,0.0979999999999999,22.84,12.46,16.72,29.18,42.86,22.6,152.0,0.296,34.0,22.37,9.0,5.92,0.845,0.21100000000000002,24.83,11.82,16.77,28.59,29.93,17.26,350.0,0.25,103.0,29.43,28.0,8.0,0.731,0.172,27.92,13.34,17.63,30.97,31.79,21.06
744920,2024-06-19,2024,642086,L,592332,R,field_out,False,False,118.0,0.198,23.0,19.49,14.0,11.86,0.571,0.059,25.0,11.7,16.06,27.75,29.69,21.1,414.0,0.263,62.0,14.98,33.0,7.97,0.736,0.135,19.9,10.09,14.56,24.65,32.27,13.42,152.0,0.296,34.0,22.37,9.0,5.92,0.845,0.21100000000000002,24.83,11.82,16.77,28.59,29.93,17.26,350.0,0.25,103.0,29.43,28.0,8.0,0.731,0.172,27.92,13.34,17.63,30.97,31.79,21.06
744920,2024-06-19,2024,680718,L,678394,R,single,False,False,25.0,0.208,5.0,20.0,1.0,4.0,0.44799999999999995,0.0,25.53,14.29,19.05,33.33,40.0,21.74,,,,,,,,,,,,,,,142.0,0.272,27.0,19.01,14.0,9.86,0.867,0.24,27.46,11.92,16.55,28.47,27.88,18.12,322.0,0.313,44.0,13.66,21.0,6.52,0.883,0.209,21.39,10.43,13.34,23.77,28.42,13.66
744920,2024-06-19,2024,643396,R,678394,R,single,False,False,170.0,0.265,23.0,13.53,10.0,5.88,0.679,0.10899999999999999,13.87,6.5,21.37,27.86,32.98,15.13,273.0,0.246,54.0,19.78,17.0,6.23,0.6479999999999999,0.1069999999999999,19.6,9.05,20.2,29.25,28.6,15.56,135.0,0.244,29.0,21.48,10.0,7.41,0.6619999999999999,0.11399999999999999,21.12,9.89,18.1,27.99,30.88,17.37,346.0,0.229,88.0,25.43,24.0,6.94,0.6779999999999999,0.16,27.11,13.0,16.03,29.03,30.58,20.05
744920,2024-06-19,2024,595281,L,678394,R,single,False,False,109.0,0.192,34.0,31.19,4.0,3.67,0.552,0.131,34.8,18.68,11.58,30.26,32.86,26.98,312.0,0.26,63.0,20.19,25.0,8.01,0.753,0.1709999999999999,29.15,14.21,14.3,28.51,25.39,21.07,142.0,0.272,27.0,19.01,14.0,9.86,0.867,0.24,27.46,11.92,16.55,28.47,27.88,18.12,322.0,0.313,44.0,13.66,21.0,6.52,0.883,0.209,21.39,10.43,13.34,23.77,28.42,13.66
744920,2024-06-19,2024,687462,L,678394,R,walk,False,True,32.0,0.346,5.0,15.62,5.0,15.62,0.875,0.07700000000000001,21.43,9.23,18.46,27.69,24.62,11.36,38.0,0.265,10.0,26.32,3.0,7.89,0.754,0.1469999999999999,27.14,13.01,17.12,30.14,25.35,21.74,142.0,0.272,27.0,19.01,14.0,9.86,0.867,0.24,27.46,11.92,16.55,28.47,27.88,18.12,322.0,0.313,44.0,13.66,21.0,6.52,0.883,0.209,21.39,10.43,13.34,23.77,28.42,13.66
744920,2024-06-19,2024,457759,R,678394,R,grounded_into_double_play,False,False,181.0,0.213,29.0,16.02,22.0,12.15,0.655,0.12200000000000003,19.11,8.91,16.36,25.27,27.27,10.25,462.0,0.273,78.0,16.88,33.0,7.14,0.765,0.1569999999999999,16.44,7.32,17.97,25.29,25.33,12.0,135.0,0.244,29.0,21.48,10.0,7.41,0.6619999999999999,0.11399999999999999,21.12,9.89,18.1,27.99,30.88,17.37,346.0,0.229,88.0,25.43,24.0,6.94,0.6779999999999999,0.16,27.11,13.0,16.03,29.03,30.58,20.05
744920,2024-06-19,2024,665489,R,678394,R,field_out,False,False,257.0,0.288,45.0,17.51,27.0,10.51,0.768,0.11400000000000005,24.9,11.85,15.22,27.07,25.88,13.89,558.0,0.26,85.0,15.23,48.0,8.6,0.792,0.2,23.83,12.29,11.94,24.23,30.21,15.37,135.0,0.244,29.0,21.48,10.0,7.41,0.6619999999999999,0.11399999999999999,21.12,9.89,18.1,27.99,30.88,17.37,346.0,0.229,88.0,25.43,24.0,6.94,0.6779999999999999,0.16,27.11,13.0,16.03,29.03,30.58,20.05
744920,2024-06-19,2024,663853,R,592332,R,field_out,False,False,14.0,0.231,3.0,21.43,1.0,7.14,0.671,0.154,25.0,10.91,20.0,30.91,34.38,17.65,60.0,0.214,21.0,35.0,2.0,3.33,0.6659999999999999,0.215,33.94,16.37,17.26,33.63,34.71,33.33,164.0,0.24,41.0,25.0,7.0,4.27,0.659,0.14300000000000002,24.65,13.28,13.89,27.18,35.13,18.72,416.0,0.218,134.0,32.21,27.0,6.49,0.6180000000000001,0.124,29.84,15.11,15.79,30.9,33.37,26.53
744920,2024-06-19,2024,680776,L,592332,R,home_run,False,False,237.0,0.293,51.0,21.52,20.0,8.44,0.894,0.24700000000000005,23.49,11.13,14.63,25.77,26.84,18.61,314.0,0.296,75.0,23.89,21.0,6.69,0.84,0.195,24.68,12.92,13.75,26.67,30.3,19.02,152.0,0.296,34.0,22.37,9.0,5.92,0.845,0.21100000000000002,24.83,11.82,16.77,28.59,29.93,17.26,350.0,0.25,103.0,29.43,28.0,8.0,0.731,0.172,27.92,13.34,17.63,30.97,31.79,21.06
744920,2024-06-19,2024,666152,L,592332,R,single,False,False,127.0,0.291,32.0,25.2,9.0,7.09,0.816,0.179,25.24,10.62,20.84,31.46,20.16,21.62,36.0,0.1,10.0,27.78,6.0,16.67,0.417,0.067,20.0,8.44,23.38,31.82,26.39,15.38,152.0,0.296,34.0,22.37,9.0,5.92,0.845,0.21100000000000002,24.83,11.82,16.77,28.59,29.93,17.26,350.0,0.25,103.0,29.43,28.0,8.0,0.731,0.172,27.92,13.34,17.63,30.97,31.79,21.06
744920,2024-06-19,2024,641933,R,592332,R,strikeout,True,False,142.0,0.227,47.0,33.1,11.0,7.75,0.757,0.234,33.95,15.57,16.92,32.49,27.4,24.61,187.0,0.233,53.0,28.34,15.0,8.02,0.6839999999999999,0.157,29.39,13.29,17.12,30.41,25.99,26.5,164.0,0.24,41.0,25.0,7.0,4.27,0.659,0.14300000000000002,24.65,13.28,13.89,27.18,35.13,18.72,416.0,0.218,134.0,32.21,27.0,6.49,0.6180000000000001,0.124,29.84,15.11,15.79,30.9,33.37,26.53
744920,2024-06-19,2024,646240,L,592332,R,field_out,False,False,178.0,0.293,34.0,19.1,26.0,14.61,1.013,0.327,24.78,11.53,13.19,24.72,29.1,16.27,469.0,0.27,89.0,18.98,51.0,10.87,0.863,0.235,25.44,13.04,9.74,22.78,33.05,15.06,152.0,0.296,34.0,22.37,9.0,5.92,0.845,0.21100000000000002,24.83,11.82,16.77,28.59,29.93,17.26,350.0,0.25,103.0,29.43,28.0,8.0,0.731,0.172,27.92,13.34,17.63,30.97,31.79,21.06
744920,2024-06-19,2024,662139,L,678394,R,field_out,False,False,203.0,0.201,58.0,28.57,18.0,8.87,0.7330000000000001,0.256,26.11,12.02,16.23,28.25,23.77,24.17,466.0,0.202,111.0,23.82,36.0,7.73,0.662,0.19,25.51,12.84,15.05,27.89,29.23,18.26,142.0,0.272,27.0,19.01,14.0,9.86,0.867,0.24,27.46,11.92,16.55,28.47,27.88,18.12,322.0,0.313,44.0,13.66,21.0,6.52,0.883,0.209,21.39,10.43,13.34,23.77,28.42,13.66
744920,2024-06-19,2024,643376,R,678394,R,field_out,False,False,124.0,0.248,16.0,12.9,13.0,10.48,0.808,0.22899999999999998,16.67,6.55,20.24,26.79,18.44,10.27,215.0,0.237,46.0,21.4,16.0,7.44,0.784,0.221,25.13,11.59,15.17,26.76,23.75,20.09,135.0,0.244,29.0,21.48,10.0,7.41,0.6619999999999999,0.11399999999999999,21.12,9.89,18.1,27.99,30.88,17.37,346.0,0.229,88.0,25.43,24.0,6.94,0.6779999999999999,0.16,27.11,13.0,16.03,29.03,30.58,20.05
744920,2024-06-19,2024,543807,R,678394,R,double,False,False,208.0,0.217,30.0,14.42,22.0,10.58,0.618,0.098,23.48,12.14,12.69,24.83,23.75,14.49,539.0,0.262,101.0,18.74,43.0,7.98,0.738,0.1489999999999999,23.18,11.37,14.48,25.84,23.35,18.21,135.0,0.244,29.0,21.48,10.0,7.41,0.6619999999999999,0.11399999999999999,21.12,9.89,18.1,27.99,30.88,17.37,346.0,0.229,88.0,25.43,24.0,6.94,0.6779999999999999,0.16,27.11,13.0,16.03,29.03,30.58,20.05
744920,2024-06-19,2024,680718,L,678394,R,field_out,False,False,25.0,0.208,5.0,20.0,1.0,4.0,0.44799999999999995,0.0,25.53,14.29,19.05,33.33,40.0,21.74,,,,,,,,,,,,,,,142.0,0.272,27.0,19.01,14.0,9.86,0.867,0.24,27.46,11.92,16.55,28.47,27.88,18.12,322.0,0.313,44.0,13.66,21.0,6.52,0.883,0.209,21.39,10.43,13.34,23.77,28.42,13.66
744920,2024-06-19,2024,807799,L,592332,R,single,False,False,90.0,0.278,12.0,13.33,7.0,7.78,0.727,0.08899999999999997,15.58,6.69,19.22,25.91,23.76,12.24,437.0,0.293,58.0,13.27,22.0,5.03,0.795,0.167,17.2,7.54,21.09,28.63,28.96,13.65,152.0,0.296,34.0,22.37,9.0,5.92,0.845,0.21100000000000002,24.83,11.82,16.77,28.59,29.93,17.26,350.0,0.25,103.0,29.43,28.0,8.0,0.731,0.172,27.92,13.34,17.63,30.97,31.79,21.06
744920,2024-06-19,2024,665839,L,592332,R,walk,False,True,123.0,0.241,30.0,24.39,8.0,6.5,0.749,0.22300000000000003,20.8,9.46,19.52,28.97,28.46,18.01,133.0,0.28,32.0,24.06,7.0,5.26,0.806,0.2079999999999999,23.05,10.04,20.07,30.11,28.72,21.48,152.0,0.296,34.0,22.37,9.0,5.92,0.845,0.21100000000000002,24.83,11.82,16.77,28.59,29.93,17.26,350.0,0.25,103.0,29.43,28.0,8.0,0.731,0.172,27.92,13.34,17.63,30.97,31.79,21.06
744920,2024-06-19,2024,624512,L,592332,R,field_out,False,False,110.0,0.213,28.0,25.45,11.0,10.0,0.594,0.08499999999999999,26.32,11.85,18.25,30.09,29.6,25.45,179.0,0.25,47.0,26.26,10.0,5.59,0.639,0.0979999999999999,22.84,12.46,16.72,29.18,42.86,22.6,152.0,0.296,34.0,22.37,9.0,5.92,0.845,0.21100000000000002,24.83,11.82,16.77,28.59,29.93,17.26,350.0,0.25,103.0,29.43,28.0,8.0,0.731,0.172,27.92,13.34,17.63,30.97,31.79,21.06
744920,2024-06-19,2024,642086,L,592332,R,field_out,False,False,118.0,0.198,23.0,19.49,14.0,11.86,0.571,0.059,25.0,11.7,16.06,27.75,29.69,21.1,414.0,0.263,62.0,14.98,33.0,7.97,0.736,0.135,19.9,10.09,14.56,24.65,32.27,13.42,152.0,0.296,34.0,22.37,9.0,5.92,0.845,0.21100000000000002,24.83,11.82,16.77,28.59,29.93,17.26,350.0,0.25,103.0,29.43,28.0,8.0,0.731,0.172,27.92,13.34,17.63,30.97,31.79,21.06
744920,2024-06-19,2024,663853,R,592332,R,single,False,False,14.0,0.231,3.0,21.43,1.0,7.14,0.671,0.154,25.0,10.91,20.0,30.91,34.38,17.65,60.0,0.214,21.0,35.0,2.0,3.33,0.6659999999999999,0.215,33.94,16.37,17.26,33.63,34.71,33.33,164.0,0.24,41.0,25.0,7.0,4.27,0.659,0.14300000000000002,24.65,13.28,13.89,27.18,35.13,18.72,416.0,0.218,134.0,32.21,27.0,6.49,0.6180000000000001,0.124,29.84,15.11,15.79,30.9,33.37,26.53
744920,2024-06-19,2024,680776,L,641835,L,single,False,False,104.0,0.233,26.0,25.0,10.0,9.62,0.587,0.034,25.27,10.8,20.66,31.46,28.77,20.63,49.0,0.289,15.0,30.61,3.0,6.12,0.749,0.133,24.44,10.73,20.0,30.73,27.27,25.86,51.0,0.256,5.0,9.8,7.0,13.73,0.702,0.09299999999999997,7.46,2.44,24.39,26.83,14.95,8.77,115.0,0.245,26.0,22.61,4.0,3.48,0.5609999999999999,0.0459999999999999,19.23,8.47,23.97,32.45,29.47,22.61
744920,2024-06-19,2024,666152,L,641835,L,field_out,False,False,25.0,0.25,8.0,32.0,1.0,4.0,0.5720000000000001,0.04199999999999998,33.33,16.09,17.24,33.33,25.0,33.33,3.0,0.333,0.0,0.0,0.0,0.0,0.666,0.0,25.0,16.67,16.67,33.33,50.0,,51.0,0.256,5.0,9.8,7.0,13.73,0.702,0.09299999999999997,7.46,2.44,24.39,26.83,14.95,8.77,115.0,0.245,26.0,22.61,4.0,3.48,0.5609999999999999,0.0459999999999999,19.23,8.47,23.97,32.45,29.47,22.61
744920,2024-06-19,2024,643396,R,678394,R,field_out,False,False,170.0,0.265,23.0,13.53,10.0,5.88,0.679,0.10899999999999999,13.87,6.5,21.37,27.86,32.98,15.13,273.0,0.246,54.0,19.78,17.0,6.23,0.6479999999999999,0.1069999999999999,19.6,9.05,20.2,29.25,28.6,15.56,135.0,0.244,29.0,21.48,10.0,7.41,0.6619999999999999,0.11399999999999999,21.12,9.89,18.1,27.99,30.88,17.37,346.0,0.229,88.0,25.43,24.0,6.94,0.6779999999999999,0.16,27.11,13.0,16.03,29.03,30.58,20.05
744920,2024-06-19,2024,595281,L,678394,R,strikeout,True,False,109.0,0.192,34.0,31.19,4.0,3.67,0.552,0.131,34.8,18.68,11.58,30.26,32.86,26.98,312.0,0.26,63.0,20.19,25.0,8.01,0.753,0.1709999999999999,29.15,14.21,14.3,28.51,25.39,21.07,142.0,0.272,27.0,19.01,14.0,9.86,0.867,0.24,27.46,11.92,16.55,28.47,27.88,18.12,322.0,0.313,44.0,13.66,21.0,6.52,0.883,0.209,21.39,10.43,13.34,23.77,28.42,13.66
744920,2024-06-19,2024,687462,L,678394,R,field_out,False,False,32.0,0.346,5.0,15.62,5.0,15.62,0.875,0.07700000000000001,21.43,9.23,18.46,27.69,24.62,11.36,38.0,0.265,10.0,26.32,3.0,7.89,0.754,0.1469999999999999,27.14,13.01,17.12,30.14,25.35,21.74,142.0,0.272,27.0,19.01,14.0,9.86,0.867,0.24,27.46,11.92,16.55,28.47,27.88,18.12,322.0,0.313,44.0,13.66,21.0,6.52,0.883,0.209,21.39,10.43,13.34,23.77,28.42,13.66
744920,2024-06-19,2024,641933,R,650893,L,field_out,False,False,68.0,0.352,21.0,30.88,14.0,20.59,1.263,0.42600000000000005,28.83,10.26,17.95,28.21,20.38,23.33,79.0,0.227,14.0,17.72,13.0,16.46,0.7929999999999999,0.212,23.91,10.58,16.03,26.6,24.28,14.14,69.0,0.339,9.0,13.04,8.0,11.59,0.898,0.15299999999999997,19.81,9.01,17.6,26.61,25.96,15.0,128.0,0.264,27.0,21.09,17.0,13.28,0.804,0.181,28.36,14.05,11.65,25.69,30.85,15.52
744920,2024-06-19,2024,646240,L,650893,L,field_out,False,False,92.0,0.268,30.0,32.61,7.0,7.61,0.776,0.17099999999999999,29.15,15.72,13.55,29.27,33.53,22.73,188.0,0.273,37.0,19.68,11.0,5.85,0.823,0.2149999999999999,27.74,14.71,11.61,26.32,30.93,15.19,53.0,0.2,7.0,13.21,5.0,9.43,0.6659999999999999,0.178,24.0,12.12,11.11,23.23,26.92,13.73,111.0,0.198,31.0,27.93,7.0,6.31,0.63,0.1679999999999999,31.68,15.17,17.06,32.23,29.76,26.5
744920,2024-06-19,2024,807799,L,650893,L,field_out,False,False,24.0,0.136,2.0,8.33,1.0,4.17,0.481,0.137,9.09,3.23,25.81,29.03,15.56,9.52,144.0,0.273,23.0,15.97,12.0,8.33,0.745,0.125,21.52,8.99,21.34,30.34,22.39,14.74,53.0,0.2,7.0,13.21,5.0,9.43,0.6659999999999999,0.178,24.0,12.12,11.11,23.23,26.92,13.73,111.0,0.198,31.0,27.93,7.0,6.31,0.63,0.1679999999999999,31.68,15.17,17.06,32.23,29.76,26.5
744920,2024-06-19,2024,457759,R,686580,R,single,False,False,181.0,0.213,29.0,16.02,22.0,12.15,0.655,0.12200000000000003,19.11,8.91,16.36,25.27,27.27,10.25,462.0,0.273,78.0,16.88,33.0,7.14,0.765,0.1569999999999999,16.44,7.32,17.97,25.29,25.33,12.0,79.0,0.24,19.0,24.05,1.0,1.27,0.56,0.067,32.45,17.63,12.59,30.22,38.96,24.36,,,,,,,,,,,,,,
744920,2024-06-19,2024,665489,R,686580,R,single,False,False,257.0,0.288,45.0,17.51,27.0,10.51,0.768,0.11400000000000005,24.9,11.85,15.22,27.07,25.88,13.89,558.0,0.26,85.0,15.23,48.0,8.6,0.792,0.2,23.83,12.29,11.94,24.23,30.21,15.37,79.0,0.24,19.0,24.05,1.0,1.27,0.56,0.067,32.45,17.63,12.59,30.22,38.96,24.36,,,,,,,,,,,,,,
744920,2024-06-19,2024,662139,L,686580,R,strikeout,True,False,203.0,0.201,58.0,28.57,18.0,8.87,0.7330000000000001,0.256,26.11,12.02,16.23,28.25,23.77,24.17,466.0,0.202,111.0,23.82,36.0,7.73,0.662,0.19,25.51,12.84,15.05,27.89,29.23,18.26,64.0,0.22,18.0,28.12,5.0,7.81,0.603,0.10200000000000001,27.91,14.4,15.2,29.6,35.77,22.5,,,,,,,,,,,,,,
744920,2024-06-19,2024,643376,R,686580,R,field_out,False,False,124.0,0.248,16.0,12.9,13.0,10.48,0.808,0.22899999999999998,16.67,6.55,20.24,26.79,18.44,10.27,215.0,0.237,46.0,21.4,16.0,7.44,0.784,0.221,25.13,11.59,15.17,26.76,23.75,20.09,79.0,0.24,19.0,24.05,1.0,1.27,0.56,0.067,32.45,17.63,12.59,30.22,38.96,24.36,,,,,,,,,,,,,,
744920,2024-06-19,2024,543807,R,686580,R,strikeout,True,False,208.0,0.217,30.0,14.42,22.0,10.58,0.618,0.098,23.48,12.14,12.69,24.83,23.75,14.49,539.0,0.262,101.0,18.74,43.0,7.98,0.738,0.1489999999999999,23.18,11.37,14.48,25.84,23.35,18.21,79.0,0.24,19.0,24.05,1.0,1.27,0.56,0.067,32.45,17.63,12.59,30.22,38.96,24.36,,,,,,,,,,,,,,
744920,2024-06-19,2024,665839,L,621114,R,single,False,False,123.0,0.241,30.0,24.39,8.0,6.5,0.749,0.22300000000000003,20.8,9.46,19.52,28.97,28.46,18.01,133.0,0.28,32.0,24.06,7.0,5.26,0.806,0.2079999999999999,23.05,10.04,20.07,30.11,28.72,21.48,4.0,0.25,0.0,0.0,0.0,0.0,0.75,0.25,0.0,0.0,14.29,14.29,0.0,0.0,,,,,,,,,,,,,,
744920,2024-06-19,2024,624512,L,621114,R,single,False,False,110.0,0.213,28.0,25.45,11.0,10.0,0.594,0.08499999999999999,26.32,11.85,18.25,30.09,29.6,25.45,179.0,0.25,47.0,26.26,10.0,5.59,0.639,0.0979999999999999,22.84,12.46,16.72,29.18,42.86,22.6,4.0,0.25,0.0,0.0,0.0,0.0,0.75,0.25,0.0,0.0,14.29,14.29,0.0,0.0,,,,,,,,,,,,,,
744920,2024-06-19,2024,642086,L,621114,R,double,False,False,118.0,0.198,23.0,19.49,14.0,11.86,0.571,0.059,25.0,11.7,16.06,27.75,29.69,21.1,414.0,0.263,62.0,14.98,33.0,7.97,0.736,0.135,19.9,10.09,14.56,24.65,32.27,13.42,4.0,0.25,0.0,0.0,0.0,0.0,0.75,0.25,0.0,0.0,14.29,14.29,0.0,0.0,,,,,,,,,,,,,,
744920,2024-06-19,2024,663853,R,621114,R,field_out,False,False,14.0,0.231,3.0,21.43,1.0,7.14,0.671,0.154,25.0,10.91,20.0,30.91,34.38,17.65,60.0,0.214,21.0,35.0,2.0,3.33,0.6659999999999999,0.215,33.94,16.37,17.26,33.63,34.71,33.33,9.0,0.125,3.0,33.33,1.0,11.11,0.722,0.375,27.27,18.18,12.12,30.3,46.67,23.08,,,,,,,,,,,,,,
744920,2024-06-19,2024,680776,L,647315,R,fielders_choice_out,False,False,237.0,0.293,51.0,21.52,20.0,8.44,0.894,0.24700000000000005,23.49,11.13,14.63,25.77,26.84,18.61,314.0,0.296,75.0,23.89,21.0,6.69,0.84,0.195,24.68,12.92,13.75,26.67,30.3,19.02,33.0,0.222,6.0,18.18,4.0,12.12,0.719,0.18499999999999997,37.25,16.67,14.04,30.7,29.23,26.09,22.0,0.316,5.0,22.73,3.0,13.64,1.251,0.526,36.36,16.44,13.7,30.14,28.89,31.25
744920,2024-06-19,2024,666152,L,647315,R,field_error,False,False,127.0,0.291,32.0,25.2,9.0,7.09,0.816,0.179,25.24,10.62,20.84,31.46,20.16,21.62,36.0,0.1,10.0,27.78,6.0,16.67,0.417,0.067,20.0,8.44,23.38,31.82,26.39,15.38,33.0,0.222,6.0,18.18,4.0,12.12,0.719,0.18499999999999997,37.25,16.67,14.04,30.7,29.23,26.09,22.0,0.316,5.0,22.73,3.0,13.64,1.251,0.526,36.36,16.44,13.7,30.14,28.89,31.25
744920,2024-06-19,2024,680718,L,686580,R,field_out,False,False,25.0,0.208,5.0,20.0,1.0,4.0,0.44799999999999995,0.0,25.53,14.29,19.05,33.33,40.0,21.74,,,,,,,,,,,,,,,64.0,0.22,18.0,28.12,5.0,7.81,0.603,0.10200000000000001,27.91,14.4,15.2,29.6,35.77,22.5,,,,,,,,,,,,,,
744920,2024-06-19,2024,643396,R,686580,R,field_out,False,False,170.0,0.265,23.0,13.53,10.0,5.88,0.679,0.10899999999999999,13.87,6.5,21.37,27.86,32.98,15.13,273.0,0.246,54.0,19.78,17.0,6.23,0.6479999999999999,0.1069999999999999,19.6,9.05,20.2,29.25,28.6,15.56,79.0,0.24,19.0,24.05,1.0,1.27,0.56,0.067,32.45,17.63,12.59,30.22,38.96,24.36,,,,,,,,,,,,,,
744920,2024-06-19,2024,595281,L,686580,R,strikeout,True,False,109.0,0.192,34.0,31.19,4.0,3.67,0.552,0.131,34.8,18.68,11.58,30.26,32.86,26.98,312.0,0.26,63.0,20.19,25.0,8.01,0.753,0.1709999999999999,29.15,14.21,14.3,28.51,25.39,21.07,64.0,0.22,18.0,28.12,5.0,7.81,0.603,0.10200000000000001,27.91,14.4,15.2,29.6,35.77,22.5,,,,,,,,,,,,,,
744920,2024-06-19,2024,641933,R,670102,R,field_out,False,False,142.0,0.227,47.0,33.1,11.0,7.75,0.757,0.234,33.95,15.57,16.92,32.49,27.4,24.61,187.0,0.233,53.0,28.34,15.0,8.02,0.6839999999999999,0.157,29.39,13.29,17.12,30.41,25.99,26.5,66.0,0.323,15.0,22.73,3.0,4.55,0.993,0.306,21.49,11.26,16.45,27.71,25.25,21.43,63.0,0.145,22.0,34.92,6.0,9.52,0.5289999999999999,0.146,34.17,16.21,17.0,33.2,24.22,24.44
744920,2024-06-19,2024,646240,L,670102,R,field_out,False,False,178.0,0.293,34.0,19.1,26.0,14.61,1.013,0.327,24.78,11.53,13.19,24.72,29.1,16.27,469.0,0.27,89.0,18.98,51.0,10.87,0.863,0.235,25.44,13.04,9.74,22.78,33.05,15.06,49.0,0.233,9.0,18.37,5.0,10.2,0.6759999999999999,0.11599999999999996,21.43,10.94,13.02,23.96,22.99,16.98,73.0,0.197,13.0,17.81,2.0,2.74,0.557,0.141,14.29,7.34,17.83,25.17,34.33,14.29
744920,2024-06-19,2024,807799,L,670102,R,field_out,False,False,90.0,0.278,12.0,13.33,7.0,7.78,0.727,0.08899999999999997,15.58,6.69,19.22,25.91,23.76,12.24,437.0,0.293,58.0,13.27,22.0,5.03,0.795,0.167,17.2,7.54,21.09,28.63,28.96,13.65,49.0,0.233,9.0,18.37,5.0,10.2,0.6759999999999999,0.11599999999999996,21.43,10.94,13.02,23.96,22.99,16.98,73.0,0.197,13.0,17.81,2.0,2.74,0.557,0.141,14.29,7.34,17.83,25.17,34.33,14.29
744920,2024-06-19,2024,687462,L,455119,R,single,False,False,32.0,0.346,5.0,15.62,5.0,15.62,0.875,0.07700000000000001,21.43,9.23,18.46,27.69,24.62,11.36,38.0,0.265,10.0,26.32,3.0,7.89,0.754,0.1469999999999999,27.14,13.01,17.12,30.14,25.35,21.74,48.0,0.222,16.0,33.33,1.0,2.08,0.595,0.13399999999999998,32.29,17.92,14.45,32.37,38.55,32.65,86.0,0.235,21.0,24.42,5.0,5.81,0.649,0.135,24.49,13.99,13.7,27.7,40.67,17.36
744920,2024-06-19,2024,457759,R,455119,R,strikeout,True,False,181.0,0.213,29.0,16.02,22.0,12.15,0.655,0.12200000000000003,19.11,8.91,16.36,25.27,27.27,10.25,462.0,0.273,78.0,16.88,33.0,7.14,0.765,0.1569999999999999,16.44,7.32,17.97,25.29,25.33,12.0,37.0,0.324,8.0,21.62,1.0,2.7,0.937,0.23500000000000004,25.37,12.5,22.06,34.56,32.76,16.33,113.0,0.239,25.0,22.12,3.0,2.65,0.505,0.009,22.22,12.72,18.07,30.79,36.08,19.53
744920,2024-06-19,2024,665489,R,455119,R,field_out,False,False,257.0,0.288,45.0,17.51,27.0,10.51,0.768,0.11400000000000005,24.9,11.85,15.22,27.07,25.88,13.89,558.0,0.26,85.0,15.23,48.0,8.6,0.792,0.2,23.83,12.29,11.94,24.23,30.21,15.37,37.0,0.324,8.0,21.62,1.0,2.7,0.937,0.23500000000000004,25.37,12.5,22.06,34.56,32.76,16.33,113.0,0.239,25.0,22.12,3.0,2.65,0.505,0.009,22.22,12.72,18.07,30.79,36.08,19.53
744920,2024-06-19,2024,662139,L,455119,R,field_out,False,False,203.0,0.201,58.0,28.57,18.0,8.87,0.7330000000000001,0.256,26.11,12.02,16.23,28.25,23.77,24.17,466.0,0.202,111.0,23.82,36.0,7.73,0.662,0.19,25.51,12.84,15.05,27.89,29.23,18.26,48.0,0.222,16.0,33.33,1.0,2.08,0.595,0.13399999999999998,32.29,17.92,14.45,32.37,38.55,32.65,86.0,0.235,21.0,24.42,5.0,5.81,0.649,0.135,24.49,13.99,13.7,27.7,40.67,17.36
745732,2024-06-19,2024,683002,L,543037,R,double,False,False,221.0,0.27,50.0,22.62,21.0,9.5,0.95,0.33199999999999996,25.06,11.61,14.3,25.91,23.52,23.36,455.0,0.272,117.0,25.71,38.0,8.35,0.885,0.277,25.57,12.07,15.7,27.78,26.4,22.35,,,,,,,,,,,,,,,385.0,0.202,106.0,27.53,26.0,6.75,0.595,0.131,25.96,12.52,16.92,29.44,27.48,20.27
745732,2024-06-19,2024,668939,L,543037,R,field_out,False,False,208.0,0.226,44.0,21.15,14.0,6.73,0.647,0.142,21.77,10.27,19.95,30.23,33.98,17.67,496.0,0.267,80.0,16.13,61.0,12.3,0.778,0.1519999999999999,16.76,6.91,19.7,26.61,24.41,12.54,,,,,,,,,,,,,,,385.0,0.202,106.0,27.53,26.0,6.75,0.595,0.131,25.96,12.52,16.92,29.44,27.48,20.27
745732,2024-06-19,2024,663624,R,543037,R,field_out,False,False,199.0,0.269,47.0,23.62,10.0,5.03,0.775,0.199,23.94,13.2,12.16,25.36,37.17,19.67,310.0,0.235,78.0,25.16,22.0,7.1,0.6399999999999999,0.1139999999999999,29.78,16.05,13.56,29.61,37.06,21.61,,,,,,,,,,,,,,,437.0,0.21,116.0,26.54,22.0,5.03,0.569,0.102,26.3,13.55,15.12,28.66,31.84,19.56
745732,2024-06-19,2024,656811,L,543037,R,double,False,False,194.0,0.294,22.0,11.34,17.0,8.76,0.848,0.198,18.32,8.16,17.01,25.17,22.44,12.94,340.0,0.297,74.0,21.76,13.0,3.82,0.802,0.178,22.26,11.29,14.37,25.66,31.15,17.72,,,,,,,,,,,,,,,385.0,0.202,106.0,27.53,26.0,6.75,0.595,0.131,25.96,12.52,16.92,29.44,27.48,20.27
745732,2024-06-19,2024,623993,L,543037,R,field_out,False,False,210.0,0.219,33.0,15.71,14.0,6.67,0.781,0.281,16.63,8.99,13.19,22.18,40.18,12.74,486.0,0.26,107.0,22.02,31.0,6.38,0.798,0.2229999999999999,22.13,11.37,14.84,26.21,37.22,15.21,,,,,,,,,,,,,,,385.0,0.202,106.0,27.53,26.0,6.75,0.595,0.131,25.96,12.52,16.92,29.44,27.48,20.27
745732,2024-06-19,2024,683011,R,700249,L,single,False,False,80.0,0.26,15.0,18.75,6.0,7.5,0.6859999999999999,0.10999999999999999,18.06,8.7,17.39,26.09,28.05,16.3,134.0,0.248,35.0,26.12,16.0,11.94,0.817,0.2309999999999999,28.81,13.49,15.8,29.29,27.07,23.49,40.0,0.189,7.0,17.5,3.0,7.5,0.52,0.08100000000000002,23.38,11.54,16.67,28.21,27.4,16.28,,,,,,,,,,,,,,
745732,2024-06-19,2024,665742,L,700249,L,force_out,False,False,82.0,0.333,12.0,14.63,13.0,15.85,1.0,0.22800000000000004,16.0,5.92,21.6,27.51,17.96,12.12,207.0,0.256,48.0,23.19,33.0,15.94,0.813,0.18,25.32,9.65,20.51,30.16,20.61,20.17,9.0,0.429,1.0,11.11,1.0,11.11,1.127,0.14199999999999996,30.77,12.12,15.15,27.27,20.0,12.5,,,,,,,,,,,,,,
745732,2024-06-19,2024,519317,R,700249,L,walk,False,True,66.0,0.254,18.0,27.27,2.0,3.03,0.7210000000000001,0.19,31.45,16.12,17.36,33.47,35.29,27.27,74.0,0.265,13.0,17.57,6.0,8.11,0.942,0.353,21.88,10.11,15.16,25.27,26.09,20.0,40.0,0.189,7.0,17.5,3.0,7.5,0.52,0.08100000000000002,23.38,11.54,16.67,28.21,27.4,16.28,,,,,,,,,,,,,,
745732,2024-06-19,2024,657077,L,700249,L,walk,False,True,79.0,0.224,13.0,16.46,9.0,11.39,0.659,0.11900000000000002,17.83,6.99,22.49,29.48,21.38,13.0,161.0,0.22,27.0,16.77,15.0,9.32,0.61,0.0779999999999999,17.21,6.6,24.69,31.29,20.83,15.61,9.0,0.429,1.0,11.11,1.0,11.11,1.127,0.14199999999999996,30.77,12.12,15.15,27.27,20.0,12.5,,,,,,,,,,,,,,
745732,2024-06-19,2024,650402,R,700249,L,sac_fly,False,False,69.0,0.217,19.0,27.54,8.0,11.59,0.652,0.11600000000000002,29.25,13.78,16.67,30.45,19.86,15.45,128.0,0.278,20.0,15.62,17.0,13.28,0.921,0.268,22.12,9.54,15.71,25.25,21.8,13.33,40.0,0.189,7.0,17.5,3.0,7.5,0.52,0.08100000000000002,23.38,11.54,16.67,28.21,27.4,16.28,,,,,,,,,,,,,,
745732,2024-06-19,2024,518934,R,700249,L,strikeout,True,False,16.0,0.154,2.0,12.5,2.0,12.5,0.404,0.0,14.81,7.14,19.64,26.79,33.33,12.5,113.0,0.255,25.0,22.12,15.0,13.27,0.761,0.149,20.93,7.45,24.22,31.68,20.95,18.66,40.0,0.189,7.0,17.5,3.0,7.5,0.52,0.08100000000000002,23.38,11.54,16.67,28.21,27.4,16.28,,,,,,,,,,,,,,
745732,2024-06-19,2024,681297,L,543037,R,field_out,False,False,177.0,0.243,48.0,27.12,19.0,10.73,0.808,0.22400000000000003,31.8,14.33,16.39,30.72,24.37,23.76,68.0,0.111,20.0,29.41,12.0,17.65,0.427,0.0369999999999999,26.67,10.98,17.07,28.05,21.51,17.7,,,,,,,,,,,,,,,385.0,0.202,106.0,27.53,26.0,6.75,0.595,0.131,25.96,12.52,16.92,29.44,27.48,20.27
745732,2024-06-19,2024,656775,L,543037,R,field_out,False,False,164.0,0.201,40.0,24.39,12.0,7.32,0.607,0.14799999999999996,19.94,10.38,13.34,23.72,28.43,21.51,336.0,0.233,77.0,22.92,31.0,9.23,0.726,0.1889999999999999,26.24,13.25,14.23,27.48,28.99,18.95,,,,,,,,,,,,,,,385.0,0.202,106.0,27.53,26.0,6.75,0.595,0.131,25.96,12.52,16.92,29.44,27.48,20.27
745732,2024-06-19,2024,602104,R,543037,R,field_out,False,False,77.0,0.26,13.0,16.88,3.0,3.9,0.724,0.16499999999999998,28.47,14.03,14.03,28.06,26.06,17.57,272.0,0.274,72.0,26.47,17.0,6.25,0.726,0.1169999999999999,29.67,14.82,16.24,31.07,27.7,24.41,,,,,,,,,,,,,,,437.0,0.21,116.0,26.54,22.0,5.03,0.569,0.102,26.3,13.55,15.12,28.66,31.84,19.56
745732,2024-06-19,2024,700250,L,700249,L,field_out,False,False,1.0,0.0,0.0,0.0,0.0,0.0,0.0,0.0,0.0,0.0,0.0,0.0,,,,,,,,,,,,,,,,,9.0,0.429,1.0,11.11,1.0,11.11,1.127,0.14199999999999996,30.77,12.12,15.15,27.27,20.0,12.5,,,,,,,,,,,,,,
745732,2024-06-19,2024,624431,R,700249,L,field_out,False,False,55.0,0.25,8.0,14.55,5.0,9.09,0.815,0.25,19.79,7.79,20.49,28.28,25.0,10.39,44.0,0.268,2.0,4.55,3.0,6.82,0.781,0.195,11.11,5.49,18.9,24.39,37.21,4.08,40.0,0.189,7.0,17.5,3.0,7.5,0.52,0.08100000000000002,23.38,11.54,16.67,28.21,27.4,16.28,,,,,,,,,,,,,,
745732,2024-06-19,2024,663757,L,700249,L,walk,False,True,13.0,0.083,6.0,46.15,0.0,0.0,0.237,0.0,23.53,8.33,29.17,37.5,21.05,40.0,143.0,0.256,36.0,25.17,19.0,13.29,0.792,0.174,23.81,9.31,23.01,32.32,19.92,20.57,9.0,0.429,1.0,11.11,1.0,11.11,1.127,0.14199999999999996,30.77,12.12,15.15,27.27,20.0,12.5,,,,,,,,,,,,,,
745732,2024-06-19,2024,683011,R,700249,L,walk,False,True,80.0,0.26,15.0,18.75,6.0,7.5,0.6859999999999999,0.10999999999999999,18.06,8.7,17.39,26.09,28.05,16.3,134.0,0.248,35.0,26.12,16.0,11.94,0.817,0.2309999999999999,28.81,13.49,15.8,29.29,27.07,23.49,40.0,0.189,7.0,17.5,3.0,7.5,0.52,0.08100000000000002,23.38,11.54,16.67,28.21,27.4,16.28,,,,,,,,,,,,,,
745732,2024-06-19,2024,665742,L,700249,L,field_out,False,False,82.0,0.333,12.0,14.63,13.0,15.85,1.0,0.22800000000000004,16.0,5.92,21.6,27.51,17.96,12.12,207.0,0.256,48.0,23.19,33.0,15.94,0.813,0.18,25.32,9.65,20.51,30.16,20.61,20.17,9.0,0.429,1.0,11.11,1.0,11.11,1.127,0.14199999999999996,30.77,12.12,15.15,27.27,20.0,12.5,,,,,,,,,,,,,,
745732,2024-06-19,2024,622761,R,543037,R,strikeout,True,False,82.0,0.219,18.0,21.95,4.0,4.88,0.606,0.13699999999999998,22.29,11.31,16.82,28.13,31.48,17.0,214.0,0.178,59.0,27.57,13.0,6.07,0.515,0.1099999999999999,30.51,15.04,17.45,32.49,35.45,26.94,,,,,,,,,,,,,,,437.0,0.21,116.0,26.54,22.0,5.03,0.569,0.102,26.3,13.55,15.12,28.66,31.84,19.56
745732,2024-06-19,2024,683002,L,543037,R,walk,False,True,221.0,0.27,50.0,22.62,21.0,9.5,0.95,0.33199999999999996,25.06,11.61,14.3,25.91,23.52,23.36,455.0,0.272,117.0,25.71,38.0,8.35,0.885,0.277,25.57,12.07,15.7,27.78,26.4,22.35,,,,,,,,,,,,,,,385.0,0.202,106.0,27.53,26.0,6.75,0.595,0.131,25.96,12.52,16.92,29.44,27.48,20.27
745732,2024-06-19,2024,668939,L,543037,R,strikeout,True,False,208.0,0.226,44.0,21.15,14.0,6.73,0.647,0.142,21.77,10.27,19.95,30.23,33.98,17.67,496.0,0.267,80.0,16.13,61.0,12.3,0.778,0.1519999999999999,16.76,6.91,19.7,26.61,24.41,12.54,,,,,,,,,,,,,,,385.0,0.202,106.0,27.53,26.0,6.75,0.595,0.131,25.96,12.52,16.92,29.44,27.48,20.27
745732,2024-06-19,2024,663624,R,543037,R,strikeout,True,False,199.0,0.269,47.0,23.62,10.0,5.03,0.775,0.199,23.94,13.2,12.16,25.36,37.17,19.67,310.0,0.235,78.0,25.16,22.0,7.1,0.6399999999999999,0.1139999999999999,29.78,16.05,13.56,29.61,37.06,21.61,,,,,,,,,,,,,,,437.0,0.21,116.0,26.54,22.0,5.03,0.569,0.102,26.3,13.55,15.12,28.66,31.84,19.56
745732,2024-06-19,2024,519317,R,700249,L,field_out,False,False,66.0,0.254,18.0,27.27,2.0,3.03,0.7210000000000001,0.19,31.45,16.12,17.36,33.47,35.29,27.27,74.0,0.265,13.0,17.57,6.0,8.11,0.942,0.353,21.88,10.11,15.16,25.27,26.09,20.0,40.0,0.189,7.0,17.5,3.0,7.5,0.52,0.08100000000000002,23.38,11.54,16.67,28.21,27.4,16.28,,,,,,,,,,,,,,
745732,2024-06-19,2024,657077,L,700249,L,field_out,False,False,79.0,0.224,13.0,16.46,9.0,11.39,0.659,0.11900000000000002,17.83,6.99,22.49,29.48,21.38,13.0,161.0,0.22,27.0,16.77,15.0,9.32,0.61,0.0779999999999999,17.21,6.6,24.69,31.29,20.83,15.61,9.0,0.429,1.0,11.11,1.0,11.11,1.127,0.14199999999999996,30.77,12.12,15.15,27.27,20.0,12.5,,,,,,,,,,,,,,
745732,2024-06-19,2024,650402,R,700249,L,field_out,False,False,69.0,0.217,19.0,27.54,8.0,11.59,0.652,0.11600000000000002,29.25,13.78,16.67,30.45,19.86,15.45,128.0,0.278,20.0,15.62,17.0,13.28,0.921,0.268,22.12,9.54,15.71,25.25,21.8,13.33,40.0,0.189,7.0,17.5,3.0,7.5,0.52,0.08100000000000002,23.38,11.54,16.67,28.21,27.4,16.28,,,,,,,,,,,,,,
745732,2024-06-19,2024,656811,L,543037,R,field_out,False,False,194.0,0.294,22.0,11.34,17.0,8.76,0.848,0.198,18.32,8.16,17.01,25.17,22.44,12.94,340.0,0.297,74.0,21.76,13.0,3.82,0.802,0.178,22.26,11.29,14.37,25.66,31.15,17.72,,,,,,,,,,,,,,,385.0,0.202,106.0,27.53,26.0,6.75,0.595,0.131,25.96,12.52,16.92,29.44,27.48,20.27
745732,2024-06-19,2024,623993,L,543037,R,strikeout,True,False,210.0,0.219,33.0,15.71,14.0,6.67,0.781,0.281,16.63,8.99,13.19,22.18,40.18,12.74,486.0,0.26,107.0,22.02,31.0,6.38,0.798,0.2229999999999999,22.13,11.37,14.84,26.21,37.22,15.21,,,,,,,,,,,,,,,385.0,0.202,106.0,27.53,26.0,6.75,0.595,0.131,25.96,12.52,16.92,29.44,27.48,20.27
745732,2024-06-19,2024,681297,L,543037,R,strikeout,True,False,177.0,0.243,48.0,27.12,19.0,10.73,0.808,0.22400000000000003,31.8,14.33,16.39,30.72,24.37,23.76,68.0,0.111,20.0,29.41,12.0,17.65,0.427,0.0369999999999999,26.67,10.98,17.07,28.05,21.51,17.7,,,,,,,,,,,,,,,385.0,0.202,106.0,27.53,26.0,6.75,0.595,0.131,25.96,12.52,16.92,29.44,27.48,20.27
745732,2024-06-19,2024,518934,R,700249,L,field_out,False,False,16.0,0.154,2.0,12.5,2.0,12.5,0.404,0.0,14.81,7.14,19.64,26.79,33.33,12.5,113.0,0.255,25.0,22.12,15.0,13.27,0.761,0.149,20.93,7.45,24.22,31.68,20.95,18.66,40.0,0.189,7.0,17.5,3.0,7.5,0.52,0.08100000000000002,23.38,11.54,16.67,28.21,27.4,16.28,,,,,,,,,,,,,,
745732,2024-06-19,2024,700250,L,700249,L,field_out,False,False,1.0,0.0,0.0,0.0,0.0,0.0,0.0,0.0,0.0,0.0,0.0,0.0,,,,,,,,,,,,,,,,,9.0,0.429,1.0,11.11,1.0,11.11,1.127,0.14199999999999996,30.77,12.12,15.15,27.27,20.0,12.5,,,,,,,,,,,,,,
745732,2024-06-19,2024,624431,R,700249,L,field_out,False,False,55.0,0.25,8.0,14.55,5.0,9.09,0.815,0.25,19.79,7.79,20.49,28.28,25.0,10.39,44.0,0.268,2.0,4.55,3.0,6.82,0.781,0.195,11.11,5.49,18.9,24.39,37.21,4.08,40.0,0.189,7.0,17.5,3.0,7.5,0.52,0.08100000000000002,23.38,11.54,16.67,28.21,27.4,16.28,,,,,,,,,,,,,,
745732,2024-06-19,2024,656775,L,543037,R,single,False,False,164.0,0.201,40.0,24.39,12.0,7.32,0.607,0.14799999999999996,19.94,10.38,13.34,23.72,28.43,21.51,336.0,0.233,77.0,22.92,31.0,9.23,0.726,0.1889999999999999,26.24,13.25,14.23,27.48,28.99,18.95,,,,,,,,,,,,,,,385.0,0.202,106.0,27.53,26.0,6.75,0.595,0.131,25.96,12.52,16.92,29.44,27.48,20.27
745732,2024-06-19,2024,602104,R,676760,R,home_run,False,False,77.0,0.26,13.0,16.88,3.0,3.9,0.724,0.16499999999999998,28.47,14.03,14.03,28.06,26.06,17.57,272.0,0.274,72.0,26.47,17.0,6.25,0.726,0.1169999999999999,29.67,14.82,16.24,31.07,27.7,24.41,32.0,0.208,6.0,18.75,4.0,12.5,0.698,0.167,24.14,10.77,20.0,30.77,31.88,14.29,94.0,0.203,24.0,25.53,12.0,12.77,0.74,0.189,25.0,11.36,14.14,25.51,32.07,20.17
745732,2024-06-19,2024,622761,R,676760,R,single,False,False,82.0,0.219,18.0,21.95,4.0,4.88,0.606,0.13699999999999998,22.29,11.31,16.82,28.13,31.48,17.0,214.0,0.178,59.0,27.57,13.0,6.07,0.515,0.1099999999999999,30.51,15.04,17.45,32.49,35.45,26.94,32.0,0.208,6.0,18.75,4.0,12.5,0.698,0.167,24.14,10.77,20.0,30.77,31.88,14.29,94.0,0.203,24.0,25.53,12.0,12.77,0.74,0.189,25.0,11.36,14.14,25.51,32.07,20.17
745732,2024-06-19,2024,683002,L,676760,R,strikeout,True,False,221.0,0.27,50.0,22.62,21.0,9.5,0.95,0.33199999999999996,25.06,11.61,14.3,25.91,23.52,23.36,455.0,0.272,117.0,25.71,38.0,8.35,0.885,0.277,25.57,12.07,15.7,27.78,26.4,22.35,34.0,0.133,10.0,29.41,3.0,8.82,0.502,0.134,34.55,14.73,17.05,31.78,22.86,28.57,112.0,0.213,32.0,28.57,15.0,13.39,0.663,0.117,30.54,14.54,14.34,28.88,30.29,18.18
745732,2024-06-19,2024,668939,L,676760,R,field_out,False,False,208.0,0.226,44.0,21.15,14.0,6.73,0.647,0.142,21.77,10.27,19.95,30.23,33.98,17.67,496.0,0.267,80.0,16.13,61.0,12.3,0.778,0.1519999999999999,16.76,6.91,19.7,26.61,24.41,12.54,34.0,0.133,10.0,29.41,3.0,8.82,0.502,0.134,34.55,14.73,17.05,31.78,22.86,28.57,112.0,0.213,32.0,28.57,15.0,13.39,0.663,0.117,30.54,14.54,14.34,28.88,30.29,18.18
745732,2024-06-19,2024,663624,R,676760,R,walk,False,True,199.0,0.269,47.0,23.62,10.0,5.03,0.775,0.199,23.94,13.2,12.16,25.36,37.17,19.67,310.0,0.235,78.0,25.16,22.0,7.1,0.6399999999999999,0.1139999999999999,29.78,16.05,13.56,29.61,37.06,21.61,32.0,0.208,6.0,18.75,4.0,12.5,0.698,0.167,24.14,10.77,20.0,30.77,31.88,14.29,94.0,0.203,24.0,25.53,12.0,12.77,0.74,0.189,25.0,11.36,14.14,25.51,32.07,20.17
745732,2024-06-19,2024,656811,L,676760,R,double,False,False,194.0,0.294,22.0,11.34,17.0,8.76,0.848,0.198,18.32,8.16,17.01,25.17,22.44,12.94,340.0,0.297,74.0,21.76,13.0,3.82,0.802,0.178,22.26,11.29,14.37,25.66,31.15,17.72,34.0,0.133,10.0,29.41,3.0,8.82,0.502,0.134,34.55,14.73,17.05,31.78,22.86,28.57,112.0,0.213,32.0,28.57,15.0,13.39,0.663,0.117,30.54,14.54,14.34,28.88,30.29,18.18
745732,2024-06-19,2024,623993,L,676760,R,strikeout,True,False,210.0,0.219,33.0,15.71,14.0,6.67,0.781,0.281,16.63,8.99,13.19,22.18,40.18,12.74,486.0,0.26,107.0,22.02,31.0,6.38,0.798,0.2229999999999999,22.13,11.37,14.84,26.21,37.22,15.21,34.0,0.133,10.0,29.41,3.0,8.82,0.502,0.134,34.55,14.73,17.05,31.78,22.86,28.57,112.0,0.213,32.0,28.57,15.0,13.39,0.663,0.117,30.54,14.54,14.34,28.88,30.29,18.18
745732,2024-06-19,2024,663757,L,700249,L,field_out,False,False,13.0,0.083,6.0,46.15,0.0,0.0,0.237,0.0,23.53,8.33,29.17,37.5,21.05,40.0,143.0,0.256,36.0,25.17,19.0,13.29,0.792,0.174,23.81,9.31,23.01,32.32,19.92,20.57,9.0,0.429,1.0,11.11,1.0,11.11,1.127,0.14199999999999996,30.77,12.12,15.15,27.27,20.0,12.5,,,,,,,,,,,,,,
745732,2024-06-19,2024,683011,R,700249,L,field_out,False,False,80.0,0.26,15.0,18.75,6.0,7.5,0.6859999999999999,0.10999999999999999,18.06,8.7,17.39,26.09,28.05,16.3,134.0,0.248,35.0,26.12,16.0,11.94,0.817,0.2309999999999999,28.81,13.49,15.8,29.29,27.07,23.49,40.0,0.189,7.0,17.5,3.0,7.5,0.52,0.08100000000000002,23.38,11.54,16.67,28.21,27.4,16.28,,,,,,,,,,,,,,
745732,2024-06-19,2024,665742,L,700249,L,walk,False,True,82.0,0.333,12.0,14.63,13.0,15.85,1.0,0.22800000000000004,16.0,5.92,21.6,27.51,17.96,12.12,207.0,0.256,48.0,23.19,33.0,15.94,0.813,0.18,25.32,9.65,20.51,30.16,20.61,20.17,9.0,0.429,1.0,11.11,1.0,11.11,1.127,0.14199999999999996,30.77,12.12,15.15,27.27,20.0,12.5,,,,,,,,,,,,,,
745732,2024-06-19,2024,519317,R,657097,R,strikeout,True,False,202.0,0.234,68.0,33.66,17.0,8.42,0.7969999999999999,0.261,34.51,15.66,17.76,33.42,31.13,30.22,341.0,0.175,111.0,32.55,35.0,10.26,0.64,0.201,36.65,15.18,19.37,34.55,27.39,25.58,88.0,0.208,19.0,21.59,11.0,12.5,0.619,0.10400000000000001,26.71,12.54,15.45,27.99,25.0,18.45,154.0,0.178,38.0,24.68,15.0,9.74,0.6080000000000001,0.155,31.15,16.29,14.33,30.62,34.71,18.27
745732,2024-06-19,2024,681297,L,624647,L,strikeout,True,False,56.0,0.204,21.0,37.5,4.0,7.14,0.62,0.143,35.71,15.22,20.43,35.65,21.05,27.27,9.0,0.143,2.0,22.22,1.0,11.11,0.476,0.0,25.0,8.11,27.03,35.14,15.79,18.18,29.0,0.16,3.0,10.34,3.0,10.34,0.43600000000000005,0.0,20.41,7.81,21.09,28.91,17.19,7.5,62.0,0.259,15.0,24.19,3.0,4.84,0.6679999999999999,0.1029999999999999,27.18,11.62,23.65,35.27,30.25,22.39
745732,2024-06-19,2024,656775,L,624647,L,field_out,False,False,55.0,0.151,12.0,21.82,1.0,1.82,0.427,0.094,19.81,10.5,15.5,26.0,27.27,22.22,120.0,0.233,24.0,20.0,12.0,10.0,0.708,0.165,20.83,9.68,19.35,29.03,20.0,14.81,29.0,0.16,3.0,10.34,3.0,10.34,0.43600000000000005,0.0,20.41,7.81,21.09,28.91,17.19,7.5,62.0,0.259,15.0,24.19,3.0,4.84,0.6679999999999999,0.1029999999999999,27.18,11.62,23.65,35.27,30.25,22.39
745732,2024-06-19,2024,602104,R,624647,L,field_out,False,False,32.0,0.207,6.0,18.75,1.0,3.12,0.557,0.06900000000000003,20.9,10.77,13.85,24.62,29.23,14.63,124.0,0.241,29.0,23.39,10.0,8.06,0.654,0.098,26.55,12.58,16.35,28.93,29.75,21.64,57.0,0.17,6.0,10.53,9.0,15.79,0.656,0.17,19.23,9.05,11.31,20.36,30.3,9.52,73.0,0.19,15.0,20.55,7.0,9.59,0.59,0.1119999999999999,30.23,14.29,13.55,27.84,30.92,24.59
745732,2024-06-19,2024,657077,L,657097,R,strikeout,True,False,219.0,0.274,27.0,12.33,14.0,6.39,0.768,0.179,13.12,6.02,19.86,25.87,26.72,11.16,441.0,0.279,66.0,14.97,30.0,6.8,0.793,0.185,15.08,6.28,20.52,26.8,22.64,14.93,47.0,0.093,11.0,23.4,4.0,8.51,0.28600000000000003,0.023000000000000007,31.82,16.37,15.79,32.16,33.77,22.92,78.0,0.246,19.0,24.36,15.0,19.23,0.79,0.147,34.42,16.36,12.04,28.4,29.88,18.27
745732,2024-06-19,2024,650402,R,657097,R,field_out,False,False,238.0,0.223,54.0,22.69,21.0,8.82,0.627,0.10900000000000001,25.05,11.55,16.82,28.37,21.54,16.12,544.0,0.273,78.0,14.34,50.0,9.19,0.772,0.1589999999999999,21.74,10.32,15.57,25.89,26.86,11.29,88.0,0.208,19.0,21.59,11.0,12.5,0.619,0.10400000000000001,26.71,12.54,15.45,27.99,25.0,18.45,154.0,0.178,38.0,24.68,15.0,9.74,0.6080000000000001,0.155,31.15,16.29,14.33,30.62,34.71,18.27
745732,2024-06-19,2024,518934,R,657097,R,single,False,False,45.0,0.184,11.0,24.44,6.0,13.33,0.479,0.0,23.08,10.53,21.05,31.58,32.0,21.15,450.0,0.241,100.0,22.22,45.0,10.0,0.7070000000000001,0.146,19.38,7.76,24.06,31.82,23.84,20.0,88.0,0.208,19.0,21.59,11.0,12.5,0.619,0.10400000000000001,26.71,12.54,15.45,27.99,25.0,18.45,154.0,0.178,38.0,24.68,15.0,9.74,0.6080000000000001,0.155,31.15,16.29,14.33,30.62,34.71,18.27
745732,2024-06-19,2024,700250,L,672335,L,walk,False,True,1.0,0.0,0.0,0.0,0.0,0.0,0.0,0.0,0.0,0.0,0.0,0.0,,,,,,,,,,,,,,,,,36.0,0.206,8.0,22.22,1.0,2.78,0.5740000000000001,0.11800000000000002,21.88,10.94,14.06,25.0,34.38,24.24,109.0,0.213,24.0,22.02,13.0,11.93,0.602,0.0739999999999999,21.23,9.38,17.28,26.67,28.02,21.24
745732,2024-06-19,2024,624431,R,672335,L,walk,False,True,55.0,0.25,8.0,14.55,5.0,9.09,0.815,0.25,19.79,7.79,20.49,28.28,25.0,10.39,44.0,0.268,2.0,4.55,3.0,6.82,0.781,0.195,11.11,5.49,18.9,24.39,37.21,4.08,48.0,0.262,11.0,22.92,5.0,10.42,0.759,0.14300000000000002,31.17,14.63,15.24,29.88,26.44,24.44,139.0,0.305,20.0,14.39,14.0,10.07,0.771,0.076,19.11,8.9,16.36,25.26,26.96,15.87
745732,2024-06-19,2024,663330,R,672335,L,field_out,False,False,7.0,0.333,2.0,28.57,1.0,14.29,1.262,0.49999999999999994,41.67,18.52,22.22,40.74,18.18,18.18,8.0,0.25,3.0,37.5,0.0,0.0,0.625,0.125,18.75,9.38,15.62,25.0,18.75,30.0,48.0,0.262,11.0,22.92,5.0,10.42,0.759,0.14300000000000002,31.17,14.63,15.24,29.88,26.44,24.44,139.0,0.305,20.0,14.39,14.0,10.07,0.771,0.076,19.11,8.9,16.36,25.26,26.96,15.87
745732,2024-06-19,2024,622761,R,624647,L,field_out,False,False,63.0,0.246,16.0,25.4,5.0,7.94,0.843,0.28,19.33,9.31,17.41,26.72,30.71,20.25,138.0,0.276,23.0,16.67,9.0,6.52,0.745,0.1409999999999999,24.81,12.67,15.88,28.54,31.42,15.23,57.0,0.17,6.0,10.53,9.0,15.79,0.656,0.17,19.23,9.05,11.31,20.36,30.3,9.52,73.0,0.19,15.0,20.55,7.0,9.59,0.59,0.1119999999999999,30.23,14.29,13.55,27.84,30.92,24.59
745732,2024-06-19,2024,683002,L,624647,L,hit_by_pitch,False,False,102.0,0.28,28.0,27.45,17.0,16.67,0.9490000000000001,0.257,30.3,11.79,18.63,30.42,17.51,22.95,167.0,0.209,42.0,25.15,18.0,10.78,0.617,0.115,28.77,12.92,19.54,32.46,27.19,20.79,29.0,0.16,3.0,10.34,3.0,10.34,0.43600000000000005,0.0,20.41,7.81,21.09,28.91,17.19,7.5,62.0,0.259,15.0,24.19,3.0,4.84,0.6679999999999999,0.1029999999999999,27.18,11.62,23.65,35.27,30.25,22.39
745732,2024-06-19,2024,668939,R,624647,L,field_out,False,False,96.0,0.429,13.0,13.54,5.0,5.21,1.15,0.26299999999999996,18.07,7.73,21.13,28.87,24.08,12.5,191.0,0.304,21.0,10.99,31.0,16.23,0.895,0.177,12.46,4.9,20.56,25.46,20.79,8.71,57.0,0.17,6.0,10.53,9.0,15.79,0.656,0.17,19.23,9.05,11.31,20.36,30.3,9.52,73.0,0.19,15.0,20.55,7.0,9.59,0.59,0.1119999999999999,30.23,14.29,13.55,27.84,30.92,24.59
745732,2024-06-19,2024,663624,R,592454,R,double,False,False,199.0,0.269,47.0,23.62,10.0,5.03,0.775,0.199,23.94,13.2,12.16,25.36,37.17,19.67,310.0,0.235,78.0,25.16,22.0,7.1,0.6399999999999999,0.1139999999999999,29.78,16.05,13.56,29.61,37.06,21.61,23.0,0.176,4.0,17.39,6.0,26.09,0.92,0.35300000000000004,31.11,12.5,11.61,24.11,23.61,11.43,80.0,0.191,26.0,32.5,10.0,12.5,0.583,0.088,41.03,19.57,15.6,35.17,27.84,26.0
745732,2024-06-19,2024,656811,L,592454,R,field_out,False,False,194.0,0.294,22.0,11.34,17.0,8.76,0.848,0.198,18.32,8.16,17.01,25.17,22.44,12.94,340.0,0.297,74.0,21.76,13.0,3.82,0.802,0.178,22.26,11.29,14.37,25.66,31.15,17.72,13.0,0.091,5.0,38.46,1.0,7.69,0.322,0.0,52.0,23.21,17.86,41.07,36.11,29.41,85.0,0.176,22.0,25.88,9.0,10.59,0.637,0.202,29.22,12.47,19.67,32.13,30.46,19.82
745732,2024-06-19,2024,683011,R,672335,L,single,False,False,80.0,0.26,15.0,18.75,6.0,7.5,0.6859999999999999,0.10999999999999999,18.06,8.7,17.39,26.09,28.05,16.3,134.0,0.248,35.0,26.12,16.0,11.94,0.817,0.2309999999999999,28.81,13.49,15.8,29.29,27.07,23.49,48.0,0.262,11.0,22.92,5.0,10.42,0.759,0.14300000000000002,31.17,14.63,15.24,29.88,26.44,24.44,139.0,0.305,20.0,14.39,14.0,10.07,0.771,0.076,19.11,8.9,16.36,25.26,26.96,15.87
745732,2024-06-19,2024,665742,L,672335,L,single,False,False,82.0,0.333,12.0,14.63,13.0,15.85,1.0,0.22800000000000004,16.0,5.92,21.6,27.51,17.96,12.12,207.0,0.256,48.0,23.19,33.0,15.94,0.813,0.18,25.32,9.65,20.51,30.16,20.61,20.17,36.0,0.206,8.0,22.22,1.0,2.78,0.5740000000000001,0.11800000000000002,21.88,10.94,14.06,25.0,34.38,24.24,109.0,0.213,24.0,22.02,13.0,11.93,0.602,0.0739999999999999,21.23,9.38,17.28,26.67,28.02,21.24
745732,2024-06-19,2024,519317,R,666974,R,home_run,False,False,202.0,0.234,68.0,33.66,17.0,8.42,0.7969999999999999,0.261,34.51,15.66,17.76,33.42,31.13,30.22,341.0,0.175,111.0,32.55,35.0,10.26,0.64,0.201,36.65,15.18,19.37,34.55,27.39,25.58,86.0,0.213,27.0,31.4,10.0,11.63,0.634,0.10700000000000001,32.02,15.41,16.22,31.62,35.26,19.85,173.0,0.202,45.0,26.01,6.0,3.47,0.5569999999999999,0.1109999999999999,25.79,12.87,18.68,31.55,32.06,21.84
745732,2024-06-19,2024,657077,L,666974,R,field_out,False,False,219.0,0.274,27.0,12.33,14.0,6.39,0.768,0.179,13.12,6.02,19.86,25.87,26.72,11.16,441.0,0.279,66.0,14.97,30.0,6.8,0.793,0.185,15.08,6.28,20.52,26.8,22.64,14.93,43.0,0.231,5.0,11.63,4.0,9.3,0.712,0.17899999999999996,32.53,16.56,8.59,25.15,35.35,12.2,110.0,0.262,20.0,18.18,7.0,6.36,0.6679999999999999,0.0969999999999999,25.13,12.66,12.14,24.81,32.71,22.22
745732,2024-06-19,2024,650402,R,666974,R,walk,False,True,238.0,0.223,54.0,22.69,21.0,8.82,0.627,0.10900000000000001,25.05,11.55,16.82,28.37,21.54,16.12,544.0,0.273,78.0,14.34,50.0,9.19,0.772,0.1589999999999999,21.74,10.32,15.57,25.89,26.86,11.29,86.0,0.213,27.0,31.4,10.0,11.63,0.634,0.10700000000000001,32.02,15.41,16.22,31.62,35.26,19.85,173.0,0.202,45.0,26.01,6.0,3.47,0.5569999999999999,0.1109999999999999,25.79,12.87,18.68,31.55,32.06,21.84
745732,2024-06-19,2024,518934,R,666974,R,grounded_into_double_play,False,False,45.0,0.184,11.0,24.44,6.0,13.33,0.479,0.0,23.08,10.53,21.05,31.58,32.0,21.15,450.0,0.241,100.0,22.22,45.0,10.0,0.7070000000000001,0.146,19.38,7.76,24.06,31.82,23.84,20.0,86.0,0.213,27.0,31.4,10.0,11.63,0.634,0.10700000000000001,32.02,15.41,16.22,31.62,35.26,19.85,173.0,0.202,45.0,26.01,6.0,3.47,0.5569999999999999,0.1109999999999999,25.79,12.87,18.68,31.55,32.06,21.84
745732,2024-06-19,2024,623993,R,657571,L,field_out,False,False,75.0,0.27,18.0,24.0,8.0,10.67,0.881,0.238,29.92,13.1,19.66,32.76,28.67,21.43,170.0,0.25,45.0,26.47,24.0,14.12,0.7909999999999999,0.188,28.15,11.77,18.98,30.75,26.34,19.31,62.0,0.259,17.0,27.42,4.0,6.45,0.737,0.172,23.7,12.31,17.31,29.62,31.09,16.67,180.0,0.27,44.0,24.44,19.0,10.56,0.702,0.0819999999999999,25.63,12.6,16.34,28.95,28.12,20.66
745732,2024-06-19,2024,681297,L,657571,L,hit_by_pitch,False,False,56.0,0.204,21.0,37.5,4.0,7.14,0.62,0.143,35.71,15.22,20.43,35.65,21.05,27.27,9.0,0.143,2.0,22.22,1.0,11.11,0.476,0.0,25.0,8.11,27.03,35.14,15.79,18.18,42.0,0.219,12.0,28.57,8.0,19.05,0.725,0.12499999999999997,32.31,12.73,18.79,31.52,19.1,24.49,90.0,0.266,26.0,28.89,4.0,4.44,0.748,0.126,27.22,13.33,17.39,30.72,29.94,25.0
745732,2024-06-19,2024,656775,L,657571,L,force_out,False,False,55.0,0.151,12.0,21.82,1.0,1.82,0.427,0.094,19.81,10.5,15.5,26.0,27.27,22.22,120.0,0.233,24.0,20.0,12.0,10.0,0.708,0.165,20.83,9.68,19.35,29.03,20.0,14.81,42.0,0.219,12.0,28.57,8.0,19.05,0.725,0.12499999999999997,32.31,12.73,18.79,31.52,19.1,24.49,90.0,0.266,26.0,28.89,4.0,4.44,0.748,0.126,27.22,13.33,17.39,30.72,29.94,25.0
745732,2024-06-19,2024,602104,R,657571,L,field_out,False,False,32.0,0.207,6.0,18.75,1.0,3.12,0.557,0.06900000000000003,20.9,10.77,13.85,24.62,29.23,14.63,124.0,0.241,29.0,23.39,10.0,8.06,0.654,0.098,26.55,12.58,16.35,28.93,29.75,21.64,62.0,0.259,17.0,27.42,4.0,6.45,0.737,0.172,23.7,12.31,17.31,29.62,31.09,16.67,180.0,0.27,44.0,24.44,19.0,10.56,0.702,0.0819999999999999,25.63,12.6,16.34,28.95,28.12,20.66
745732,2024-06-19,2024,700250,L,641329,R,single,False,False,3.0,0.333,0.0,0.0,0.0,0.0,0.666,0.0,33.33,18.18,0.0,18.18,28.57,0.0,,,,,,,,,,,,,,,3.0,0.0,0.0,0.0,0.0,0.0,0.0,0.0,18.18,11.11,5.56,16.67,33.33,0.0,61.0,0.143,21.0,34.43,10.0,16.39,0.507,0.081,28.46,12.73,13.45,26.18,21.05,23.86
745732,2024-06-19,2024,624431,R,641329,R,grounded_into_double_play,False,False,91.0,0.282,15.0,16.48,4.0,4.4,0.743,0.14200000000000002,17.69,7.37,23.4,30.77,31.71,21.13,125.0,0.19,20.0,16.0,5.0,4.0,0.495,0.069,18.59,8.22,23.33,31.56,37.86,15.5,6.0,0.167,1.0,16.67,0.0,0.0,0.334,0.0,27.27,12.0,20.0,32.0,25.0,14.29,126.0,0.241,30.0,23.81,14.0,11.11,0.72,0.148,21.26,10.42,14.29,24.71,26.82,15.96
745732,2024-06-19,2024,663330,R,641329,R,field_out,False,False,9.0,0.167,3.0,33.33,0.0,0.0,0.542,0.0,33.33,19.05,19.05,38.1,44.44,50.0,3.0,0.0,2.0,66.67,1.0,33.33,0.333,0.0,57.14,23.53,17.65,41.18,14.29,28.57,6.0,0.167,1.0,16.67,0.0,0.0,0.334,0.0,27.27,12.0,20.0,32.0,25.0,14.29,126.0,0.241,30.0,23.81,14.0,11.11,0.72,0.148,21.26,10.42,14.29,24.71,26.82,15.96
745732,2024-06-19,2024,622761,R,664948,L,single,False,False,63.0,0.246,16.0,25.4,5.0,7.94,0.843,0.28,19.33,9.31,17.41,26.72,30.71,20.25,138.0,0.276,23.0,16.67,9.0,6.52,0.745,0.1409999999999999,24.81,12.67,15.88,28.54,31.42,15.23,,,,,,,,,,,,,,,30.0,0.214,6.0,20.0,2.0,6.67,0.696,0.215,17.19,8.27,15.04,23.31,30.67,11.32
745732,2024-06-19,2024,683002,L,664948,L,field_out,False,False,102.0,0.28,28.0,27.45,17.0,16.67,0.9490000000000001,0.257,30.3,11.79,18.63,30.42,17.51,22.95,167.0,0.209,42.0,25.15,18.0,10.78,0.617,0.115,28.77,12.92,19.54,32.46,27.19,20.79,,,,,,,,,,,,,,,25.0,0.55,2.0,8.0,4.0,16.0,1.5,0.35,26.83,10.28,19.63,29.91,21.67,6.67
745732,2024-06-19,2024,668939,R,664948,L,walk,False,True,96.0,0.429,13.0,13.54,5.0,5.21,1.15,0.26299999999999996,18.07,7.73,21.13,28.87,24.08,12.5,191.0,0.304,21.0,10.99,31.0,16.23,0.895,0.177,12.46,4.9,20.56,25.46,20.79,8.71,,,,,,,,,,,,,,,30.0,0.214,6.0,20.0,2.0,6.67,0.696,0.215,17.19,8.27,15.04,23.31,30.67,11.32
745732,2024-06-19,2024,663624,R,664948,L,single,False,False,81.0,0.27,14.0,17.28,7.0,8.64,0.792,0.189,21.23,11.66,11.66,23.31,38.24,14.29,161.0,0.338,29.0,18.01,15.0,9.32,1.053,0.317,25.46,14.21,11.82,26.03,41.95,16.86,,,,,,,,,,,,,,,30.0,0.214,6.0,20.0,2.0,6.67,0.696,0.215,17.19,8.27,15.04,23.31,30.67,11.32
745732,2024-06-19,2024,669720,R,664948,L,strikeout,True,False,44.0,0.357,15.0,34.09,2.0,4.55,0.815,0.07200000000000001,35.44,17.28,15.43,32.72,34.48,39.47,167.0,0.262,37.0,22.16,16.0,9.58,0.785,0.194,26.6,11.87,17.25,29.11,29.39,20.9,,,,,,,,,,,,,,,30.0,0.214,6.0,20.0,2.0,6.67,0.696,0.215,17.19,8.27,15.04,23.31,30.67,11.32
745732,2024-06-19,2024,623993,R,664948,L,field_out,False,False,75.0,0.27,18.0,24.0,8.0,10.67,0.881,0.238,29.92,13.1,19.66,32.76,28.67,21.43,170.0,0.25,45.0,26.47,24.0,14.12,0.7909999999999999,0.188,28.15,11.77,18.98,30.75,26.34,19.31,,,,,,,,,,,,,,,30.0,0.214,6.0,20.0,2.0,6.67,0.696,0.215,17.19,8.27,15.04,23.31,30.67,11.32
745732,2024-06-19,2024,683011,R,518886,R,double,False,False,261.0,0.267,58.0,22.22,17.0,6.51,0.734,0.14399999999999996,23.77,11.42,18.5,29.92,30.16,19.14,467.0,0.198,132.0,28.27,36.0,7.71,0.624,0.1579999999999999,28.15,13.53,17.49,31.02,29.16,23.4,56.0,0.152,17.0,30.36,7.0,12.5,0.45999999999999996,0.021999999999999992,29.79,11.67,18.33,30.0,19.84,29.82,162.0,0.179,56.0,34.57,14.0,8.64,0.614,0.18,31.13,14.35,18.32,32.67,27.59,25.81
745732,2024-06-19,2024,665742,L,518886,R,field_out,False,False,245.0,0.306,40.0,16.33,45.0,18.37,1.031,0.291,24.4,8.78,18.9,27.68,16.31,14.18,502.0,0.283,81.0,16.14,99.0,19.72,0.98,0.2730000000000001,18.45,6.31,19.31,25.62,15.09,14.14,48.0,0.163,21.0,43.75,4.0,8.33,0.56,0.163,29.76,12.56,24.12,36.68,25.84,31.82,116.0,0.184,38.0,32.76,14.0,12.07,0.608,0.122,35.96,16.91,15.67,32.58,30.67,23.6
745732,2024-06-19,2024,519317,R,518886,R,single,False,False,202.0,0.234,68.0,33.66,17.0,8.42,0.7969999999999999,0.261,34.51,15.66,17.76,33.42,31.13,30.22,341.0,0.175,111.0,32.55,35.0,10.26,0.64,0.201,36.65,15.18,19.37,34.55,27.39,25.58,56.0,0.152,17.0,30.36,7.0,12.5,0.45999999999999996,0.021999999999999992,29.79,11.67,18.33,30.0,19.84,29.82,162.0,0.179,56.0,34.57,14.0,8.64,0.614,0.18,31.13,14.35,18.32,32.67,27.59,25.81
745732,2024-06-19,2024,657077,L,518886,R,field_out,False,False,219.0,0.274,27.0,12.33,14.0,6.39,0.768,0.179,13.12,6.02,19.86,25.87,26.72,11.16,441.0,0.279,66.0,14.97,30.0,6.8,0.793,0.185,15.08,6.28,20.52,26.8,22.64,14.93,48.0,0.163,21.0,43.75,4.0,8.33,0.56,0.163,29.76,12.56,24.12,36.68,25.84,31.82,116.0,0.184,38.0,32.76,14.0,12.07,0.608,0.122,35.96,16.91,15.67,32.58,30.67,23.6
745732,2024-06-19,2024,650402,R,518886,R,strikeout,True,False,238.0,0.223,54.0,22.69,21.0,8.82,0.627,0.10900000000000001,25.05,11.55,16.82,28.37,21.54,16.12,544.0,0.273,78.0,14.34,50.0,9.19,0.772,0.1589999999999999,21.74,10.32,15.57,25.89,26.86,11.29,56.0,0.152,17.0,30.36,7.0,12.5,0.45999999999999996,0.021999999999999992,29.79,11.67,18.33,30.0,19.84,29.82,162.0,0.179,56.0,34.57,14.0,8.64,0.614,0.18,31.13,14.35,18.32,32.67,27.59,25.81
745732,2024-06-19,2024,681297,L,605280,R,field_out,False,False,177.0,0.243,48.0,27.12,19.0,10.73,0.808,0.22400000000000003,31.8,14.33,16.39,30.72,24.37,23.76,68.0,0.111,20.0,29.41,12.0,17.65,0.427,0.0369999999999999,26.67,10.98,17.07,28.05,21.51,17.7,63.0,0.3,10.0,15.87,2.0,3.17,0.667,0.04999999999999999,22.73,11.47,17.89,29.36,36.28,15.87,114.0,0.2,26.0,22.81,12.0,10.53,0.5589999999999999,0.07,23.83,10.48,19.36,29.84,22.22,21.67
745732,2024-06-19,2024,656775,L,605280,R,single,False,False,164.0,0.201,40.0,24.39,12.0,7.32,0.607,0.14799999999999996,19.94,10.38,13.34,23.72,28.43,21.51,336.0,0.233,77.0,22.92,31.0,9.23,0.726,0.1889999999999999,26.24,13.25,14.23,27.48,28.99,18.95,63.0,0.3,10.0,15.87,2.0,3.17,0.667,0.04999999999999999,22.73,11.47,17.89,29.36,36.28,15.87,114.0,0.2,26.0,22.81,12.0,10.53,0.5589999999999999,0.07,23.83,10.48,19.36,29.84,22.22,21.67
745732,2024-06-19,2024,602104,R,605280,R,double,False,False,77.0,0.26,13.0,16.88,3.0,3.9,0.724,0.16499999999999998,28.47,14.03,14.03,28.06,26.06,17.57,272.0,0.274,72.0,26.47,17.0,6.25,0.726,0.1169999999999999,29.67,14.82,16.24,31.07,27.7,24.41,71.0,0.238,20.0,28.17,6.0,8.45,0.626,0.064,33.04,13.29,24.48,37.76,21.53,20.2,148.0,0.231,45.0,30.41,11.0,7.43,0.603,0.0749999999999999,28.02,12.29,20.82,33.11,26.21,24.32
745732,2024-06-19,2024,622761,R,605280,R,field_out,False,False,82.0,0.219,18.0,21.95,4.0,4.88,0.606,0.13699999999999998,22.29,11.31,16.82,28.13,31.48,17.0,214.0,0.178,59.0,27.57,13.0,6.07,0.515,0.1099999999999999,30.51,15.04,17.45,32.49,35.45,26.94,71.0,0.238,20.0,28.17,6.0,8.45,0.626,0.064,33.04,13.29,24.48,37.76,21.53,20.2,148.0,0.231,45.0,30.41,11.0,7.43,0.603,0.0749999999999999,28.02,12.29,20.82,33.11,26.21,24.32
745732,2024-06-19,2024,683002,L,605280,R,field_out,False,False,221.0,0.27,50.0,22.62,21.0,9.5,0.95,0.33199999999999996,25.06,11.61,14.3,25.91,23.52,23.36,455.0,0.272,117.0,25.71,38.0,8.35,0.885,0.277,25.57,12.07,15.7,27.78,26.4,22.35,63.0,0.3,10.0,15.87,2.0,3.17,0.667,0.04999999999999999,22.73,11.47,17.89,29.36,36.28,15.87,114.0,0.2,26.0,22.81,12.0,10.53,0.5589999999999999,0.07,23.83,10.48,19.36,29.84,22.22,21.67
745732,2024-06-19,2024,518934,R,622253,R,single,False,False,45.0,0.184,11.0,24.44,6.0,13.33,0.479,0.0,23.08,10.53,21.05,31.58,32.0,21.15,450.0,0.241,100.0,22.22,45.0,10.0,0.7070000000000001,0.146,19.38,7.76,24.06,31.82,23.84,20.0,69.0,0.222,14.0,20.29,4.0,5.8,0.528,0.015999999999999986,18.49,8.33,18.56,26.89,28.0,17.72,,,,,,,,,,,,,,
745732,2024-06-19,2024,700250,L,622253,R,sac_fly,False,False,3.0,0.333,0.0,0.0,0.0,0.0,0.666,0.0,33.33,18.18,0.0,18.18,28.57,0.0,,,,,,,,,,,,,,,27.0,0.217,1.0,3.7,4.0,14.81,0.724,0.17400000000000002,13.16,5.56,12.22,17.78,20.41,9.09,,,,,,,,,,,,,,
745732,2024-06-19,2024,624431,R,622253,R,walk,False,True,91.0,0.282,15.0,16.48,4.0,4.4,0.743,0.14200000000000002,17.69,7.37,23.4,30.77,31.71,21.13,125.0,0.19,20.0,16.0,5.0,4.0,0.495,0.069,18.59,8.22,23.33,31.56,37.86,15.5,69.0,0.222,14.0,20.29,4.0,5.8,0.528,0.015999999999999986,18.49,8.33,18.56,26.89,28.0,17.72,,,,,,,,,,,,,,
745732,2024-06-19,2024,663330,R,622253,R,strikeout,True,False,9.0,0.167,3.0,33.33,0.0,0.0,0.542,0.0,33.33,19.05,19.05,38.1,44.44,50.0,3.0,0.0,2.0,66.67,1.0,33.33,0.333,0.0,57.14,23.53,17.65,41.18,14.29,28.57,69.0,0.222,14.0,20.29,4.0,5.8,0.528,0.015999999999999986,18.49,8.33,18.56,26.89,28.0,17.72,,,,,,,,,,,,,,
746625,2024-06-19,2024,641487,L,676440,R,strikeout,True,False,154.0,0.165,36.0,23.38,19.0,12.34,0.5960000000000001,0.158,18.18,7.37,20.06,27.43,18.81,16.74,446.0,0.266,84.0,18.83,67.0,15.02,0.845,0.197,18.19,6.93,19.49,26.42,17.9,17.39,191.0,0.266,48.0,25.13,16.0,8.38,0.803,0.202,25.81,12.2,16.26,28.46,25.51,17.71,268.0,0.202,62.0,23.13,23.0,8.58,0.546,0.071,24.7,11.53,16.24,27.77,24.49,18.84
746625,2024-06-19,2024,668942,L,676440,R,field_out,False,False,197.0,0.284,30.0,15.23,18.0,9.14,0.792,0.15400000000000003,17.4,8.04,16.84,24.87,21.95,12.88,299.0,0.249,64.0,21.4,22.0,7.36,0.6559999999999999,0.1019999999999999,22.77,10.13,19.65,29.78,25.55,19.69,191.0,0.266,48.0,25.13,16.0,8.38,0.803,0.202,25.81,12.2,16.26,28.46,25.51,17.71,268.0,0.202,62.0,23.13,23.0,8.58,0.546,0.071,24.7,11.53,16.24,27.77,24.49,18.84
746625,2024-06-19,2024,677594,R,676440,R,single,False,False,233.0,0.252,64.0,27.47,14.0,6.01,0.635,0.08300000000000002,30.54,16.31,12.05,28.36,36.35,19.63,545.0,0.267,127.0,23.3,35.0,6.42,0.8109999999999999,0.2169999999999999,27.93,14.91,13.12,28.03,38.34,22.84,126.0,0.191,39.0,30.95,4.0,3.17,0.558,0.139,31.62,17.37,13.33,30.71,27.27,22.81,317.0,0.253,79.0,24.92,22.0,6.94,0.732,0.1669999999999999,27.8,13.2,16.51,29.71,29.83,21.01
746625,2024-06-19,2024,663728,L,676440,R,strikeout,True,False,195.0,0.234,67.0,34.36,19.0,9.74,0.708,0.166,29.79,14.88,13.58,28.45,30.65,22.37,462.0,0.235,126.0,27.27,47.0,10.17,0.7909999999999999,0.241,29.58,14.2,14.09,28.29,30.53,21.36,191.0,0.266,48.0,25.13,16.0,8.38,0.803,0.202,25.81,12.2,16.26,28.46,25.51,17.71,268.0,0.202,62.0,23.13,23.0,8.58,0.546,0.071,24.7,11.53,16.24,27.77,24.49,18.84
746625,2024-06-19,2024,680757,L,693433,R,walk,False,True,142.0,0.365,9.0,6.34,12.0,8.45,0.9610000000000001,0.16700000000000004,6.61,2.74,22.08,24.82,20.08,6.04,494.0,0.272,52.0,10.53,50.0,10.12,0.73,0.1119999999999999,10.22,4.19,22.03,26.23,20.67,8.84,70.0,0.162,11.0,15.71,2.0,2.86,0.421,0.07299999999999998,14.79,7.95,17.8,25.76,23.16,11.83,180.0,0.283,35.0,19.44,23.0,12.78,0.928,0.256,25.33,12.72,12.18,24.9,23.3,15.09
746625,2024-06-19,2024,665926,L,693433,R,field_out,False,False,201.0,0.243,29.0,14.43,11.0,5.47,0.633,0.08800000000000002,24.36,13.46,11.92,25.38,36.41,11.72,419.0,0.243,86.0,20.53,24.0,5.73,0.712,0.162,26.46,14.29,12.8,27.09,38.97,17.27,70.0,0.162,11.0,15.71,2.0,2.86,0.421,0.07299999999999998,14.79,7.95,17.8,25.76,23.16,11.83,180.0,0.283,35.0,19.44,23.0,12.78,0.928,0.256,25.33,12.72,12.18,24.9,23.3,15.09
746625,2024-06-19,2024,608070,L,693433,R,single,False,False,203.0,0.243,23.0,11.33,16.0,7.88,0.813,0.265,13.8,6.73,13.22,19.95,30.63,9.2,461.0,0.302,48.0,10.41,54.0,11.71,0.863,0.179,15.4,6.98,13.91,20.89,28.02,10.17,70.0,0.162,11.0,15.71,2.0,2.86,0.421,0.07299999999999998,14.79,7.95,17.8,25.76,23.16,11.83,180.0,0.283,35.0,19.44,23.0,12.78,0.928,0.256,25.33,12.72,12.18,24.9,23.3,15.09
746625,2024-06-19,2024,647304,L,693433,R,single,False,False,198.0,0.246,26.0,13.13,21.0,10.61,0.8300000000000001,0.251,20.28,10.43,10.14,20.57,33.15,14.13,348.0,0.311,53.0,15.23,25.0,7.18,0.851,0.184,21.29,11.96,9.18,21.15,41.36,16.99,70.0,0.162,11.0,15.71,2.0,2.86,0.421,0.07299999999999998,14.79,7.95,17.8,25.76,23.16,11.83,180.0,0.283,35.0,19.44,23.0,12.78,0.928,0.256,25.33,12.72,12.18,24.9,23.3,15.09
746625,2024-06-19,2024,681807,R,693433,R,strikeout,True,False,96.0,0.291,16.0,16.67,6.0,6.25,0.796,0.15100000000000002,20.77,10.8,13.92,24.72,29.34,14.55,63.0,0.246,19.0,30.16,3.0,4.76,0.727,0.175,29.77,16.96,13.91,30.87,36.11,25.0,49.0,0.106,13.0,26.53,0.0,0.0,0.22799999999999998,0.0,30.85,16.48,18.75,35.23,27.78,22.81,191.0,0.179,58.0,30.37,8.0,4.19,0.494,0.089,30.94,15.89,18.3,34.18,32.84,25.78
746625,2024-06-19,2024,686823,L,693433,R,field_out,False,False,181.0,0.262,22.0,12.15,14.0,7.73,0.728,0.14,18.44,9.92,11.47,21.4,32.52,13.33,369.0,0.279,45.0,12.2,14.0,3.79,0.6930000000000001,0.0999999999999999,17.97,10.23,12.48,22.71,38.5,12.47,70.0,0.162,11.0,15.71,2.0,2.86,0.421,0.07299999999999998,14.79,7.95,17.8,25.76,23.16,11.83,180.0,0.283,35.0,19.44,23.0,12.78,0.928,0.256,25.33,12.72,12.18,24.9,23.3,15.09
746625,2024-06-19,2024,664034,R,676440,R,strikeout,True,False,172.0,0.247,40.0,23.26,13.0,7.56,0.71,0.14300000000000002,19.69,9.31,15.07,24.37,24.1,18.18,506.0,0.24,85.0,16.8,37.0,7.31,0.698,0.1169999999999999,22.16,11.42,13.69,25.11,32.3,15.51,126.0,0.191,39.0,30.95,4.0,3.17,0.558,0.139,31.62,17.37,13.33,30.71,27.27,22.81,317.0,0.253,79.0,24.92,22.0,6.94,0.732,0.1669999999999999,27.8,13.2,16.51,29.71,29.83,21.01
746625,2024-06-19,2024,670042,L,676440,R,strikeout,True,False,158.0,0.264,50.0,31.65,5.0,3.16,0.769,0.195,36.05,19.66,11.45,31.11,30.18,30.67,363.0,0.247,112.0,30.85,26.0,7.16,0.8340000000000001,0.25,38.6,19.83,11.57,31.39,31.1,26.79,191.0,0.266,48.0,25.13,16.0,8.38,0.803,0.202,25.81,12.2,16.26,28.46,25.51,17.71,268.0,0.202,62.0,23.13,23.0,8.58,0.546,0.071,24.7,11.53,16.24,27.77,24.49,18.84
746625,2024-06-19,2024,571745,R,676440,R,strikeout,True,False,176.0,0.253,46.0,26.14,15.0,8.52,0.744,0.17099999999999999,29.58,12.69,17.38,30.07,21.79,20.45,161.0,0.189,48.0,29.81,10.0,6.21,0.599,0.1619999999999999,28.57,13.33,19.22,32.56,25.34,22.02,126.0,0.191,39.0,30.95,4.0,3.17,0.558,0.139,31.62,17.37,13.33,30.71,27.27,22.81,317.0,0.253,79.0,24.92,22.0,6.94,0.732,0.1669999999999999,27.8,13.2,16.51,29.71,29.83,21.01
746625,2024-06-19,2024,682177,L,693433,R,field_out,False,False,26.0,0.409,5.0,19.23,4.0,15.38,1.2269999999999999,0.318,22.73,10.2,14.29,24.49,18.18,20.0,,,,,,,,,,,,,,,70.0,0.162,11.0,15.71,2.0,2.86,0.421,0.07299999999999998,14.79,7.95,17.8,25.76,23.16,11.83,180.0,0.283,35.0,19.44,23.0,12.78,0.928,0.256,25.33,12.72,12.18,24.9,23.3,15.09
746625,2024-06-19,2024,671289,R,693433,R,field_out,False,False,173.0,0.24,24.0,13.87,11.0,6.36,0.6839999999999999,0.12,16.08,7.5,19.41,26.92,29.67,15.09,89.0,0.266,17.0,19.1,6.0,6.74,0.656,0.076,20.13,9.22,18.73,27.95,29.94,17.0,49.0,0.106,13.0,26.53,0.0,0.0,0.22799999999999998,0.0,30.85,16.48,18.75,35.23,27.78,22.81,191.0,0.179,58.0,30.37,8.0,4.19,0.494,0.089,30.94,15.89,18.3,34.18,32.84,25.78
746625,2024-06-19,2024,666310,L,693433,R,double,False,False,139.0,0.175,48.0,34.53,11.0,7.91,0.499,0.07900000000000001,30.36,14.36,17.4,31.76,27.44,23.23,180.0,0.243,40.0,22.22,26.0,14.44,0.852,0.257,22.79,10.11,14.03,24.15,23.6,16.67,70.0,0.162,11.0,15.71,2.0,2.86,0.421,0.07299999999999998,14.79,7.95,17.8,25.76,23.16,11.83,180.0,0.283,35.0,19.44,23.0,12.78,0.928,0.256,25.33,12.72,12.18,24.9,23.3,15.09
746625,2024-06-19,2024,680757,L,693433,R,home_run,False,False,142.0,0.365,9.0,6.34,12.0,8.45,0.9610000000000001,0.16700000000000004,6.61,2.74,22.08,24.82,20.08,6.04,494.0,0.272,52.0,10.53,50.0,10.12,0.73,0.1119999999999999,10.22,4.19,22.03,26.23,20.67,8.84,70.0,0.162,11.0,15.71,2.0,2.86,0.421,0.07299999999999998,14.79,7.95,17.8,25.76,23.16,11.83,180.0,0.283,35.0,19.44,23.0,12.78,0.928,0.256,25.33,12.72,12.18,24.9,23.3,15.09
746625,2024-06-19,2024,665926,L,693433,R,field_out,False,False,201.0,0.243,29.0,14.43,11.0,5.47,0.633,0.08800000000000002,24.36,13.46,11.92,25.38,36.41,11.72,419.0,0.243,86.0,20.53,24.0,5.73,0.712,0.162,26.46,14.29,12.8,27.09,38.97,17.27,70.0,0.162,11.0,15.71,2.0,2.86,0.421,0.07299999999999998,14.79,7.95,17.8,25.76,23.16,11.83,180.0,0.283,35.0,19.44,23.0,12.78,0.928,0.256,25.33,12.72,12.18,24.9,23.3,15.09
746625,2024-06-19,2024,686527,L,676440,R,strikeout,True,False,100.0,0.225,26.0,26.0,10.0,10.0,0.761,0.23600000000000002,34.62,17.65,16.25,33.89,39.04,25.0,155.0,0.221,26.0,16.77,5.0,3.23,0.661,0.1879999999999999,24.65,13.73,16.86,30.59,41.27,21.85,191.0,0.266,48.0,25.13,16.0,8.38,0.803,0.202,25.81,12.2,16.26,28.46,25.51,17.71,268.0,0.202,62.0,23.13,23.0,8.58,0.546,0.071,24.7,11.53,16.24,27.77,24.49,18.84
746625,2024-06-19,2024,664238,R,676440,R,field_out,False,False,146.0,0.207,40.0,27.4,17.0,11.64,0.7330000000000001,0.19000000000000003,25.1,10.7,18.34,29.03,17.93,22.35,73.0,0.188,28.0,38.36,6.0,8.22,0.647,0.1709999999999999,33.56,16.33,21.33,37.67,34.46,26.17,126.0,0.191,39.0,30.95,4.0,3.17,0.558,0.139,31.62,17.37,13.33,30.71,27.27,22.81,317.0,0.253,79.0,24.92,22.0,6.94,0.732,0.1669999999999999,27.8,13.2,16.51,29.71,29.83,21.01
746625,2024-06-19,2024,641487,L,676440,R,strikeout,True,False,154.0,0.165,36.0,23.38,19.0,12.34,0.5960000000000001,0.158,18.18,7.37,20.06,27.43,18.81,16.74,446.0,0.266,84.0,18.83,67.0,15.02,0.845,0.197,18.19,6.93,19.49,26.42,17.9,17.39,191.0,0.266,48.0,25.13,16.0,8.38,0.803,0.202,25.81,12.2,16.26,28.46,25.51,17.71,268.0,0.202,62.0,23.13,23.0,8.58,0.546,0.071,24.7,11.53,16.24,27.77,24.49,18.84
746625,2024-06-19,2024,608070,L,693433,R,field_out,False,False,203.0,0.243,23.0,11.33,16.0,7.88,0.813,0.265,13.8,6.73,13.22,19.95,30.63,9.2,461.0,0.302,48.0,10.41,54.0,11.71,0.863,0.179,15.4,6.98,13.91,20.89,28.02,10.17,70.0,0.162,11.0,15.71,2.0,2.86,0.421,0.07299999999999998,14.79,7.95,17.8,25.76,23.16,11.83,180.0,0.283,35.0,19.44,23.0,12.78,0.928,0.256,25.33,12.72,12.18,24.9,23.3,15.09
746625,2024-06-19,2024,647304,L,693433,R,field_out,False,False,198.0,0.246,26.0,13.13,21.0,10.61,0.8300000000000001,0.251,20.28,10.43,10.14,20.57,33.15,14.13,348.0,0.311,53.0,15.23,25.0,7.18,0.851,0.184,21.29,11.96,9.18,21.15,41.36,16.99,70.0,0.162,11.0,15.71,2.0,2.86,0.421,0.07299999999999998,14.79,7.95,17.8,25.76,23.16,11.83,180.0,0.283,35.0,19.44,23.0,12.78,0.928,0.256,25.33,12.72,12.18,24.9,23.3,15.09
746625,2024-06-19,2024,681807,R,693433,R,field_out,False,False,96.0,0.291,16.0,16.67,6.0,6.25,0.796,0.15100000000000002,20.77,10.8,13.92,24.72,29.34,14.55,63.0,0.246,19.0,30.16,3.0,4.76,0.727,0.175,29.77,16.96,13.91,30.87,36.11,25.0,49.0,0.106,13.0,26.53,0.0,0.0,0.22799999999999998,0.0,30.85,16.48,18.75,35.23,27.78,22.81,191.0,0.179,58.0,30.37,8.0,4.19,0.494,0.089,30.94,15.89,18.3,34.18,32.84,25.78
746625,2024-06-19,2024,668942,L,676440,R,double,False,False,197.0,0.284,30.0,15.23,18.0,9.14,0.792,0.15400000000000003,17.4,8.04,16.84,24.87,21.95,12.88,299.0,0.249,64.0,21.4,22.0,7.36,0.6559999999999999,0.1019999999999999,22.77,10.13,19.65,29.78,25.55,19.69,191.0,0.266,48.0,25.13,16.0,8.38,0.803,0.202,25.81,12.2,16.26,28.46,25.51,17.71,268.0,0.202,62.0,23.13,23.0,8.58,0.546,0.071,24.7,11.53,16.24,27.77,24.49,18.84
746625,2024-06-19,2024,677594,R,676440,R,field_out,False,False,233.0,0.252,64.0,27.47,14.0,6.01,0.635,0.08300000000000002,30.54,16.31,12.05,28.36,36.35,19.63,545.0,0.267,127.0,23.3,35.0,6.42,0.8109999999999999,0.2169999999999999,27.93,14.91,13.12,28.03,38.34,22.84,126.0,0.191,39.0,30.95,4.0,3.17,0.558,0.139,31.62,17.37,13.33,30.71,27.27,22.81,317.0,0.253,79.0,24.92,22.0,6.94,0.732,0.1669999999999999,27.8,13.2,16.51,29.71,29.83,21.01
746625,2024-06-19,2024,663728,L,676440,R,strikeout,True,False,195.0,0.234,67.0,34.36,19.0,9.74,0.708,0.166,29.79,14.88,13.58,28.45,30.65,22.37,462.0,0.235,126.0,27.27,47.0,10.17,0.7909999999999999,0.241,29.58,14.2,14.09,28.29,30.53,21.36,191.0,0.266,48.0,25.13,16.0,8.38,0.803,0.202,25.81,12.2,16.26,28.46,25.51,17.71,268.0,0.202,62.0,23.13,23.0,8.58,0.546,0.071,24.7,11.53,16.24,27.77,24.49,18.84
746625,2024-06-19,2024,664034,R,676440,R,walk,False,True,172.0,0.247,40.0,23.26,13.0,7.56,0.71,0.14300000000000002,19.69,9.31,15.07,24.37,24.1,18.18,506.0,0.24,85.0,16.8,37.0,7.31,0.698,0.1169999999999999,22.16,11.42,13.69,25.11,32.3,15.51,126.0,0.191,39.0,30.95,4.0,3.17,0.558,0.139,31.62,17.37,13.33,30.71,27.27,22.81,317.0,0.253,79.0,24.92,22.0,6.94,0.732,0.1669999999999999,27.8,13.2,16.51,29.71,29.83,21.01
746625,2024-06-19,2024,670042,L,676440,R,strikeout,True,False,158.0,0.264,50.0,31.65,5.0,3.16,0.769,0.195,36.05,19.66,11.45,31.11,30.18,30.67,363.0,0.247,112.0,30.85,26.0,7.16,0.8340000000000001,0.25,38.6,19.83,11.57,31.39,31.1,26.79,191.0,0.266,48.0,25.13,16.0,8.38,0.803,0.202,25.81,12.2,16.26,28.46,25.51,17.71,268.0,0.202,62.0,23.13,23.0,8.58,0.546,0.071,24.7,11.53,16.24,27.77,24.49,18.84
746625,2024-06-19,2024,686823,L,693433,R,field_out,False,False,181.0,0.262,22.0,12.15,14.0,7.73,0.728,0.14,18.44,9.92,11.47,21.4,32.52,13.33,369.0,0.279,45.0,12.2,14.0,3.79,0.6930000000000001,0.0999999999999999,17.97,10.23,12.48,22.71,38.5,12.47,70.0,0.162,11.0,15.71,2.0,2.86,0.421,0.07299999999999998,14.79,7.95,17.8,25.76,23.16,11.83,180.0,0.283,35.0,19.44,23.0,12.78,0.928,0.256,25.33,12.72,12.18,24.9,23.3,15.09
746625,2024-06-19,2024,682177,L,693433,R,field_out,False,False,26.0,0.409,5.0,19.23,4.0,15.38,1.2269999999999999,0.318,22.73,10.2,14.29,24.49,18.18,20.0,,,,,,,,,,,,,,,70.0,0.162,11.0,15.71,2.0,2.86,0.421,0.07299999999999998,14.79,7.95,17.8,25.76,23.16,11.83,180.0,0.283,35.0,19.44,23.0,12.78,0.928,0.256,25.33,12.72,12.18,24.9,23.3,15.09
746625,2024-06-19,2024,671289,R,693433,R,field_out,False,False,173.0,0.24,24.0,13.87,11.0,6.36,0.6839999999999999,0.12,16.08,7.5,19.41,26.92,29.67,15.09,89.0,0.266,17.0,19.1,6.0,6.74,0.656,0.076,20.13,9.22,18.73,27.95,29.94,17.0,49.0,0.106,13.0,26.53,0.0,0.0,0.22799999999999998,0.0,30.85,16.48,18.75,35.23,27.78,22.81,191.0,0.179,58.0,30.37,8.0,4.19,0.494,0.089,30.94,15.89,18.3,34.18,32.84,25.78
746625,2024-06-19,2024,571745,R,676440,R,strikeout,True,False,176.0,0.253,46.0,26.14,15.0,8.52,0.744,0.17099999999999999,29.58,12.69,17.38,30.07,21.79,20.45,161.0,0.189,48.0,29.81,10.0,6.21,0.599,0.1619999999999999,28.57,13.33,19.22,32.56,25.34,22.02,126.0,0.191,39.0,30.95,4.0,3.17,0.558,0.139,31.62,17.37,13.33,30.71,27.27,22.81,317.0,0.253,79.0,24.92,22.0,6.94,0.732,0.1669999999999999,27.8,13.2,16.51,29.71,29.83,21.01
746625,2024-06-19,2024,686527,L,676440,R,double,False,False,100.0,0.225,26.0,26.0,10.0,10.0,0.761,0.23600000000000002,34.62,17.65,16.25,33.89,39.04,25.0,155.0,0.221,26.0,16.77,5.0,3.23,0.661,0.1879999999999999,24.65,13.73,16.86,30.59,41.27,21.85,191.0,0.266,48.0,25.13,16.0,8.38,0.803,0.202,25.81,12.2,16.26,28.46,25.51,17.71,268.0,0.202,62.0,23.13,23.0,8.58,0.546,0.071,24.7,11.53,16.24,27.77,24.49,18.84
746625,2024-06-19,2024,664238,R,676440,R,field_out,False,False,146.0,0.207,40.0,27.4,17.0,11.64,0.7330000000000001,0.19000000000000003,25.1,10.7,18.34,29.03,17.93,22.35,73.0,0.188,28.0,38.36,6.0,8.22,0.647,0.1709999999999999,33.56,16.33,21.33,37.67,34.46,26.17,126.0,0.191,39.0,30.95,4.0,3.17,0.558,0.139,31.62,17.37,13.33,30.71,27.27,22.81,317.0,0.253,79.0,24.92,22.0,6.94,0.732,0.1669999999999999,27.8,13.2,16.51,29.71,29.83,21.01
746625,2024-06-19,2024,641487,L,676440,R,strikeout,True,False,154.0,0.165,36.0,23.38,19.0,12.34,0.5960000000000001,0.158,18.18,7.37,20.06,27.43,18.81,16.74,446.0,0.266,84.0,18.83,67.0,15.02,0.845,0.197,18.19,6.93,19.49,26.42,17.9,17.39,191.0,0.266,48.0,25.13,16.0,8.38,0.803,0.202,25.81,12.2,16.26,28.46,25.51,17.71,268.0,0.202,62.0,23.13,23.0,8.58,0.546,0.071,24.7,11.53,16.24,27.77,24.49,18.84
746625,2024-06-19,2024,666310,L,657508,R,strikeout,True,False,139.0,0.175,48.0,34.53,11.0,7.91,0.499,0.07900000000000001,30.36,14.36,17.4,31.76,27.44,23.23,180.0,0.243,40.0,22.22,26.0,14.44,0.852,0.257,22.79,10.11,14.03,24.15,23.6,16.67,43.0,0.257,10.0,23.26,7.0,16.28,0.8009999999999999,0.172,18.92,8.48,16.97,25.45,19.74,19.61,100.0,0.209,28.0,28.0,14.0,14.0,0.6799999999999999,0.151,26.6,12.25,16.91,29.17,27.69,22.05
746625,2024-06-19,2024,680757,L,657508,R,field_out,False,False,142.0,0.365,9.0,6.34,12.0,8.45,0.9610000000000001,0.16700000000000004,6.61,2.74,22.08,24.82,20.08,6.04,494.0,0.272,52.0,10.53,50.0,10.12,0.73,0.1119999999999999,10.22,4.19,22.03,26.23,20.67,8.84,43.0,0.257,10.0,23.26,7.0,16.28,0.8009999999999999,0.172,18.92,8.48,16.97,25.45,19.74,19.61,100.0,0.209,28.0,28.0,14.0,14.0,0.6799999999999999,0.151,26.6,12.25,16.91,29.17,27.69,22.05
746625,2024-06-19,2024,665926,L,657508,R,walk,False,True,201.0,0.243,29.0,14.43,11.0,5.47,0.633,0.08800000000000002,24.36,13.46,11.92,25.38,36.41,11.72,419.0,0.243,86.0,20.53,24.0,5.73,0.712,0.162,26.46,14.29,12.8,27.09,38.97,17.27,43.0,0.257,10.0,23.26,7.0,16.28,0.8009999999999999,0.172,18.92,8.48,16.97,25.45,19.74,19.61,100.0,0.209,28.0,28.0,14.0,14.0,0.6799999999999999,0.151,26.6,12.25,16.91,29.17,27.69,22.05
746625,2024-06-19,2024,608070,L,657508,R,single,False,False,203.0,0.243,23.0,11.33,16.0,7.88,0.813,0.265,13.8,6.73,13.22,19.95,30.63,9.2,461.0,0.302,48.0,10.41,54.0,11.71,0.863,0.179,15.4,6.98,13.91,20.89,28.02,10.17,43.0,0.257,10.0,23.26,7.0,16.28,0.8009999999999999,0.172,18.92,8.48,16.97,25.45,19.74,19.61,100.0,0.209,28.0,28.0,14.0,14.0,0.6799999999999999,0.151,26.6,12.25,16.91,29.17,27.69,22.05
746625,2024-06-19,2024,647304,L,657508,R,home_run,False,False,198.0,0.246,26.0,13.13,21.0,10.61,0.8300000000000001,0.251,20.28,10.43,10.14,20.57,33.15,14.13,348.0,0.311,53.0,15.23,25.0,7.18,0.851,0.184,21.29,11.96,9.18,21.15,41.36,16.99,43.0,0.257,10.0,23.26,7.0,16.28,0.8009999999999999,0.172,18.92,8.48,16.97,25.45,19.74,19.61,100.0,0.209,28.0,28.0,14.0,14.0,0.6799999999999999,0.151,26.6,12.25,16.91,29.17,27.69,22.05
746625,2024-06-19,2024,681807,R,657508,R,field_out,False,False,96.0,0.291,16.0,16.67,6.0,6.25,0.796,0.15100000000000002,20.77,10.8,13.92,24.72,29.34,14.55,63.0,0.246,19.0,30.16,3.0,4.76,0.727,0.175,29.77,16.96,13.91,30.87,36.11,25.0,77.0,0.214,17.0,22.08,6.0,7.79,0.657,0.157,28.26,13.83,15.25,29.08,26.71,21.52,173.0,0.228,33.0,19.08,19.0,10.98,0.696,0.148,24.01,11.74,12.93,24.67,27.17,16.02
746625,2024-06-19,2024,668942,L,676440,R,field_out,False,False,197.0,0.284,30.0,15.23,18.0,9.14,0.792,0.15400000000000003,17.4,8.04,16.84,24.87,21.95,12.88,299.0,0.249,64.0,21.4,22.0,7.36,0.6559999999999999,0.1019999999999999,22.77,10.13,19.65,29.78,25.55,19.69,191.0,0.266,48.0,25.13,16.0,8.38,0.803,0.202,25.81,12.2,16.26,28.46,25.51,17.71,268.0,0.202,62.0,23.13,23.0,8.58,0.546,0.071,24.7,11.53,16.24,27.77,24.49,18.84
746625,2024-06-19,2024,677594,R,676440,R,strikeout,True,False,233.0,0.252,64.0,27.47,14.0,6.01,0.635,0.08300000000000002,30.54,16.31,12.05,28.36,36.35,19.63,545.0,0.267,127.0,23.3,35.0,6.42,0.8109999999999999,0.2169999999999999,27.93,14.91,13.12,28.03,38.34,22.84,126.0,0.191,39.0,30.95,4.0,3.17,0.558,0.139,31.62,17.37,13.33,30.71,27.27,22.81,317.0,0.253,79.0,24.92,22.0,6.94,0.732,0.1669999999999999,27.8,13.2,16.51,29.71,29.83,21.01
746625,2024-06-19,2024,663728,L,676440,R,field_out,False,False,195.0,0.234,67.0,34.36,19.0,9.74,0.708,0.166,29.79,14.88,13.58,28.45,30.65,22.37,462.0,0.235,126.0,27.27,47.0,10.17,0.7909999999999999,0.241,29.58,14.2,14.09,28.29,30.53,21.36,191.0,0.266,48.0,25.13,16.0,8.38,0.803,0.202,25.81,12.2,16.26,28.46,25.51,17.71,268.0,0.202,62.0,23.13,23.0,8.58,0.546,0.071,24.7,11.53,16.24,27.77,24.49,18.84
746625,2024-06-19,2024,686823,L,675989,R,field_out,False,False,181.0,0.262,22.0,12.15,14.0,7.73,0.728,0.14,18.44,9.92,11.47,21.4,32.52,13.33,369.0,0.279,45.0,12.2,14.0,3.79,0.6930000000000001,0.0999999999999999,17.97,10.23,12.48,22.71,38.5,12.47,31.0,0.233,5.0,16.13,1.0,3.23,0.525,0.034,26.09,11.88,21.78,33.66,30.61,23.81,46.0,0.333,7.0,15.22,10.0,21.74,1.145,0.334,17.33,6.28,16.43,22.71,16.39,14.29
746625,2024-06-19,2024,682177,L,675989,R,walk,False,True,26.0,0.409,5.0,19.23,4.0,15.38,1.2269999999999999,0.318,22.73,10.2,14.29,24.49,18.18,20.0,,,,,,,,,,,,,,,31.0,0.233,5.0,16.13,1.0,3.23,0.525,0.034,26.09,11.88,21.78,33.66,30.61,23.81,46.0,0.333,7.0,15.22,10.0,21.74,1.145,0.334,17.33,6.28,16.43,22.71,16.39,14.29
746625,2024-06-19,2024,671289,R,675989,R,field_out,False,False,173.0,0.24,24.0,13.87,11.0,6.36,0.6839999999999999,0.12,16.08,7.5,19.41,26.92,29.67,15.09,89.0,0.266,17.0,19.1,6.0,6.74,0.656,0.076,20.13,9.22,18.73,27.95,29.94,17.0,38.0,0.2,9.0,23.68,7.0,18.42,0.875,0.333,23.73,9.09,20.13,29.22,27.96,17.65,61.0,0.333,15.0,24.59,5.0,8.2,0.8260000000000001,0.0929999999999999,27.19,12.5,14.92,27.42,21.64,22.39
746625,2024-06-19,2024,666310,L,675989,R,single,False,False,139.0,0.175,48.0,34.53,11.0,7.91,0.499,0.07900000000000001,30.36,14.36,17.4,31.76,27.44,23.23,180.0,0.243,40.0,22.22,26.0,14.44,0.852,0.257,22.79,10.11,14.03,24.15,23.6,16.67,31.0,0.233,5.0,16.13,1.0,3.23,0.525,0.034,26.09,11.88,21.78,33.66,30.61,23.81,46.0,0.333,7.0,15.22,10.0,21.74,1.145,0.334,17.33,6.28,16.43,22.71,16.39,14.29
746625,2024-06-19,2024,680757,L,675989,R,single,False,False,142.0,0.365,9.0,6.34,12.0,8.45,0.9610000000000001,0.16700000000000004,6.61,2.74,22.08,24.82,20.08,6.04,494.0,0.272,52.0,10.53,50.0,10.12,0.73,0.1119999999999999,10.22,4.19,22.03,26.23,20.67,8.84,31.0,0.233,5.0,16.13,1.0,3.23,0.525,0.034,26.09,11.88,21.78,33.66,30.61,23.81,46.0,0.333,7.0,15.22,10.0,21.74,1.145,0.334,17.33,6.28,16.43,22.71,16.39,14.29
746625,2024-06-19,2024,665926,L,675989,R,strikeout,True,False,201.0,0.243,29.0,14.43,11.0,5.47,0.633,0.08800000000000002,24.36,13.46,11.92,25.38,36.41,11.72,419.0,0.243,86.0,20.53,24.0,5.73,0.712,0.162,26.46,14.29,12.8,27.09,38.97,17.27,31.0,0.233,5.0,16.13,1.0,3.23,0.525,0.034,26.09,11.88,21.78,33.66,30.61,23.81,46.0,0.333,7.0,15.22,10.0,21.74,1.145,0.334,17.33,6.28,16.43,22.71,16.39,14.29
746625,2024-06-19,2024,664034,R,605130,R,field_out,False,False,172.0,0.247,40.0,23.26,13.0,7.56,0.71,0.14300000000000002,19.69,9.31,15.07,24.37,24.1,18.18,506.0,0.24,85.0,16.8,37.0,7.31,0.698,0.1169999999999999,22.16,11.42,13.69,25.11,32.3,15.51,75.0,0.266,22.0,29.33,10.0,13.33,0.782,0.15599999999999997,39.29,17.63,16.35,33.97,32.4,22.92,154.0,0.208,45.0,29.22,18.0,11.69,0.5569999999999999,0.046,35.85,15.68,19.97,35.64,29.91,24.19
746625,2024-06-19,2024,670042,L,605130,R,walk,False,True,158.0,0.264,50.0,31.65,5.0,3.16,0.769,0.195,36.05,19.66,11.45,31.11,30.18,30.67,363.0,0.247,112.0,30.85,26.0,7.16,0.8340000000000001,0.25,38.6,19.83,11.57,31.39,31.1,26.79,52.0,0.156,19.0,36.54,5.0,9.62,0.5389999999999999,0.13299999999999998,35.16,14.1,19.82,33.92,28.24,28.79,145.0,0.279,34.0,23.45,16.0,11.03,0.798,0.1469999999999999,26.64,11.44,18.74,30.18,30.91,18.78
746625,2024-06-19,2024,571745,R,605130,R,grounded_into_double_play,False,False,176.0,0.253,46.0,26.14,15.0,8.52,0.744,0.17099999999999999,29.58,12.69,17.38,30.07,21.79,20.45,161.0,0.189,48.0,29.81,10.0,6.21,0.599,0.1619999999999999,28.57,13.33,19.22,32.56,25.34,22.02,75.0,0.266,22.0,29.33,10.0,13.33,0.782,0.15599999999999997,39.29,17.63,16.35,33.97,32.4,22.92,154.0,0.208,45.0,29.22,18.0,11.69,0.5569999999999999,0.046,35.85,15.68,19.97,35.64,29.91,24.19
746625,2024-06-19,2024,608070,L,660825,R,field_out,False,False,203.0,0.243,23.0,11.33,16.0,7.88,0.813,0.265,13.8,6.73,13.22,19.95,30.63,9.2,461.0,0.302,48.0,10.41,54.0,11.71,0.863,0.179,15.4,6.98,13.91,20.89,28.02,10.17,18.0,0.375,4.0,22.22,2.0,11.11,1.006,0.18700000000000006,25.0,10.81,17.57,28.38,26.83,25.0,25.0,0.208,6.0,24.0,1.0,4.0,0.657,0.209,32.0,16.0,15.0,31.0,31.37,17.65
746625,2024-06-19,2024,647304,L,660825,R,home_run,False,False,198.0,0.246,26.0,13.13,21.0,10.61,0.8300000000000001,0.251,20.28,10.43,10.14,20.57,33.15,14.13,348.0,0.311,53.0,15.23,25.0,7.18,0.851,0.184,21.29,11.96,9.18,21.15,41.36,16.99,18.0,0.375,4.0,22.22,2.0,11.11,1.006,0.18700000000000006,25.0,10.81,17.57,28.38,26.83,25.0,25.0,0.208,6.0,24.0,1.0,4.0,0.657,0.209,32.0,16.0,15.0,31.0,31.37,17.65
746625,2024-06-19,2024,681807,R,660825,R,field_out,False,False,96.0,0.291,16.0,16.67,6.0,6.25,0.796,0.15100000000000002,20.77,10.8,13.92,24.72,29.34,14.55,63.0,0.246,19.0,30.16,3.0,4.76,0.727,0.175,29.77,16.96,13.91,30.87,36.11,25.0,22.0,0.176,4.0,18.18,3.0,13.64,0.5349999999999999,0.059,17.14,7.23,16.87,24.1,32.0,15.0,42.0,0.256,9.0,21.43,3.0,7.14,0.746,0.18,24.73,13.53,15.88,29.41,38.46,13.64
746625,2024-06-19,2024,686823,L,660825,R,field_out,False,False,181.0,0.262,22.0,12.15,14.0,7.73,0.728,0.14,18.44,9.92,11.47,21.4,32.52,13.33,369.0,0.279,45.0,12.2,14.0,3.79,0.6930000000000001,0.0999999999999999,17.97,10.23,12.48,22.71,38.5,12.47,18.0,0.375,4.0,22.22,2.0,11.11,1.006,0.18700000000000006,25.0,10.81,17.57,28.38,26.83,25.0,25.0,0.208,6.0,24.0,1.0,4.0,0.657,0.209,32.0,16.0,15.0,31.0,31.37,17.65
746625,2024-06-19,2024,686527,L,683769,R,field_out,False,False,100.0,0.225,26.0,26.0,10.0,10.0,0.761,0.23600000000000002,34.62,17.65,16.25,33.89,39.04,25.0,155.0,0.221,26.0,16.77,5.0,3.23,0.661,0.1879999999999999,24.65,13.73,16.86,30.59,41.27,21.85,68.0,0.19,18.0,26.47,3.0,4.41,0.567,0.127,25.2,12.8,17.2,30.0,30.89,22.78,100.0,0.226,8.0,8.0,9.0,9.0,0.692,0.143,13.84,5.79,17.63,23.42,18.28,8.33
746625,2024-06-19,2024,664238,R,683769,R,strikeout,True,False,146.0,0.207,40.0,27.4,17.0,11.64,0.7330000000000001,0.19000000000000003,25.1,10.7,18.34,29.03,17.93,22.35,73.0,0.188,28.0,38.36,6.0,8.22,0.647,0.1709999999999999,33.56,16.33,21.33,37.67,34.46,26.17,59.0,0.161,13.0,22.03,3.0,5.08,0.43500000000000005,0.07100000000000001,31.19,15.74,18.52,34.26,32.98,20.0,83.0,0.286,16.0,19.28,5.0,6.02,0.857,0.246,20.12,11.07,14.66,25.73,30.23,14.81
746625,2024-06-19,2024,669208,R,683769,R,strikeout,True,False,23.0,0.2,4.0,17.39,1.0,4.35,0.438,0.0,23.68,12.16,12.16,24.32,16.13,19.05,,,,,,,,,,,,,,,59.0,0.161,13.0,22.03,3.0,5.08,0.43500000000000005,0.07100000000000001,31.19,15.74,18.52,34.26,32.98,20.0,83.0,0.286,16.0,19.28,5.0,6.02,0.857,0.246,20.12,11.07,14.66,25.73,30.23,14.81
746625,2024-06-19,2024,682177,L,660825,R,strikeout,True,False,26.0,0.409,5.0,19.23,4.0,15.38,1.2269999999999999,0.318,22.73,10.2,14.29,24.49,18.18,20.0,,,,,,,,,,,,,,,18.0,0.375,4.0,22.22,2.0,11.11,1.006,0.18700000000000006,25.0,10.81,17.57,28.38,26.83,25.0,25.0,0.208,6.0,24.0,1.0,4.0,0.657,0.209,32.0,16.0,15.0,31.0,31.37,17.65
746625,2024-06-19,2024,671289,R,660825,R,strikeout,True,False,173.0,0.24,24.0,13.87,11.0,6.36,0.6839999999999999,0.12,16.08,7.5,19.41,26.92,29.67,15.09,89.0,0.266,17.0,19.1,6.0,6.74,0.656,0.076,20.13,9.22,18.73,27.95,29.94,17.0,22.0,0.176,4.0,18.18,3.0,13.64,0.5349999999999999,0.059,17.14,7.23,16.87,24.1,32.0,15.0,42.0,0.256,9.0,21.43,3.0,7.14,0.746,0.18,24.73,13.53,15.88,29.41,38.46,13.64
746625,2024-06-19,2024,666310,L,660825,R,strikeout,True,False,139.0,0.175,48.0,34.53,11.0,7.91,0.499,0.07900000000000001,30.36,14.36,17.4,31.76,27.44,23.23,180.0,0.243,40.0,22.22,26.0,14.44,0.852,0.257,22.79,10.11,14.03,24.15,23.6,16.67,18.0,0.375,4.0,22.22,2.0,11.11,1.006,0.18700000000000006,25.0,10.81,17.57,28.38,26.83,25.0,25.0,0.208,6.0,24.0,1.0,4.0,0.657,0.209,32.0,16.0,15.0,31.0,31.37,17.65
746625,2024-06-19,2024,668942,L,661403,R,field_out,False,False,197.0,0.284,30.0,15.23,18.0,9.14,0.792,0.15400000000000003,17.4,8.04,16.84,24.87,21.95,12.88,299.0,0.249,64.0,21.4,22.0,7.36,0.6559999999999999,0.1019999999999999,22.77,10.13,19.65,29.78,25.55,19.69,65.0,0.095,21.0,32.31,1.0,1.54,0.236,0.032,32.0,17.7,18.58,36.28,48.62,30.43,151.0,0.252,42.0,27.81,10.0,6.62,0.622,0.065,27.27,13.15,15.91,29.06,28.67,22.58
746625,2024-06-19,2024,645302,R,661403,R,field_out,False,False,27.0,0.15,6.0,22.22,4.0,14.81,0.45799999999999996,0.0,28.33,13.6,14.4,28.0,26.56,11.76,86.0,0.27,15.0,17.44,7.0,8.14,0.6950000000000001,0.068,25.15,13.52,8.81,22.33,27.11,17.05,57.0,0.25,14.0,24.56,2.0,3.51,0.6439999999999999,0.09599999999999997,27.78,14.71,12.61,27.31,27.73,17.07,151.0,0.232,22.0,14.57,6.0,3.97,0.5980000000000001,0.106,27.57,16.05,13.35,29.4,33.82,15.38
746625,2024-06-19,2024,663728,L,661403,R,field_out,False,False,195.0,0.234,67.0,34.36,19.0,9.74,0.708,0.166,29.79,14.88,13.58,28.45,30.65,22.37,462.0,0.235,126.0,27.27,47.0,10.17,0.7909999999999999,0.241,29.58,14.2,14.09,28.29,30.53,21.36,65.0,0.095,21.0,32.31,1.0,1.54,0.236,0.032,32.0,17.7,18.58,36.28,48.62,30.43,151.0,0.252,42.0,27.81,10.0,6.62,0.622,0.065,27.27,13.15,15.91,29.06,28.67,22.58
744842,2024-06-19,2024,606466,R,571578,L,strikeout,True,False,110.0,0.343,12.0,10.91,9.0,8.18,1.167,0.415,21.21,11.38,10.3,21.68,34.64,13.04,199.0,0.313,24.0,12.06,17.0,8.54,0.879,0.184,19.78,9.92,12.91,22.83,31.78,12.7,269.0,0.312,35.0,13.01,20.0,7.43,0.92,0.24200000000000005,19.49,9.66,13.97,23.63,28.6,13.94,650.0,0.301,100.0,15.38,47.0,7.23,0.851,0.2,20.83,9.45,15.49,24.94,26.53,15.87
744842,2024-06-19,2024,682998,L,571578,L,strikeout,True,False,97.0,0.205,18.0,18.56,6.0,6.19,0.552,0.07899999999999999,19.64,8.87,18.82,27.69,31.41,17.48,174.0,0.283,20.0,11.49,11.0,6.32,0.7210000000000001,0.099,19.57,8.84,18.17,27.0,25.0,14.71,75.0,0.323,13.0,17.33,9.0,12.0,0.877,0.15399999999999997,21.49,9.12,17.54,26.67,24.16,18.06,141.0,0.254,24.0,17.02,10.0,7.09,0.706,0.135,23.55,10.9,17.21,28.11,30.04,16.44
744842,2024-06-19,2024,666971,R,571578,L,single,False,False,80.0,0.325,15.0,18.75,3.0,3.75,0.895,0.22000000000000003,21.38,10.83,17.2,28.03,38.04,14.56,160.0,0.301,18.0,11.25,12.0,7.5,0.8140000000000001,0.151,14.39,6.67,17.26,23.93,28.33,12.16,269.0,0.312,35.0,13.01,20.0,7.43,0.92,0.24200000000000005,19.49,9.66,13.97,23.63,28.6,13.94,650.0,0.301,100.0,15.38,47.0,7.23,0.851,0.2,20.83,9.45,15.49,24.94,26.53,15.87
744842,2024-06-19,2024,572233,R,571578,L,field_out,False,False,81.0,0.26,26.0,32.1,7.0,8.64,0.746,0.16499999999999998,30.12,14.08,16.34,30.42,24.43,20.16,168.0,0.255,32.0,19.05,20.0,11.9,0.922,0.3189999999999999,27.22,12.57,12.85,25.42,24.16,14.55,269.0,0.312,35.0,13.01,20.0,7.43,0.92,0.24200000000000005,19.49,9.66,13.97,23.63,28.6,13.94,650.0,0.301,100.0,15.38,47.0,7.23,0.851,0.2,20.83,9.45,15.49,24.94,26.53,15.87
744842,2024-06-19,2024,657041,R,694297,R,field_out,False,False,129.0,0.19,34.0,26.36,10.0,7.75,0.567,0.129,21.63,8.77,22.81,31.58,19.92,21.12,490.0,0.242,143.0,29.18,23.0,4.69,0.719,0.185,26.09,11.34,20.58,31.92,28.6,24.48,174.0,0.188,52.0,29.89,8.0,4.6,0.5690000000000001,0.15100000000000002,28.49,14.84,17.16,31.99,31.65,26.26,226.0,0.29,51.0,22.57,10.0,4.42,0.857,0.243,26.58,13.96,15.98,29.94,34.54,19.92
744842,2024-06-19,2024,608385,L,694297,R,walk,False,True,187.0,0.277,40.0,21.39,25.0,13.37,0.8109999999999999,0.14199999999999996,22.02,9.3,16.96,26.26,18.16,15.04,184.0,0.2,46.0,25.0,24.0,13.04,0.5660000000000001,0.0449999999999999,25.91,11.04,17.01,28.05,20.4,17.9,177.0,0.301,32.0,18.08,10.0,5.65,0.815,0.17099999999999999,19.93,9.32,18.01,27.33,27.12,17.39,196.0,0.273,43.0,21.94,16.0,8.16,0.867,0.261,23.08,10.53,17.04,27.57,23.51,19.2
744842,2024-06-19,2024,592696,L,694297,R,grounded_into_double_play,False,False,178.0,0.18,44.0,24.72,10.0,5.62,0.591,0.185,29.3,15.05,15.34,30.39,35.69,20.75,449.0,0.258,104.0,23.16,29.0,6.46,0.762,0.199,29.98,17.01,12.43,29.45,43.87,20.59,177.0,0.301,32.0,18.08,10.0,5.65,0.815,0.17099999999999999,19.93,9.32,18.01,27.33,27.12,17.39,196.0,0.273,43.0,21.94,16.0,8.16,0.867,0.261,23.08,10.53,17.04,27.57,23.51,19.2
744842,2024-06-19,2024,545341,R,571578,L,field_out,False,False,77.0,0.309,9.0,11.69,5.0,6.49,0.8200000000000001,0.14700000000000002,20.15,9.71,15.47,25.18,28.87,13.04,134.0,0.328,17.0,12.69,12.0,8.96,0.995,0.2789999999999999,21.25,10.26,14.29,24.55,32.84,12.78,269.0,0.312,35.0,13.01,20.0,7.43,0.92,0.24200000000000005,19.49,9.66,13.97,23.63,28.6,13.94,650.0,0.301,100.0,15.38,47.0,7.23,0.851,0.2,20.83,9.45,15.49,24.94,26.53,15.87
744842,2024-06-19,2024,553993,R,571578,L,walk,False,True,75.0,0.219,24.0,32.0,8.0,10.67,0.5880000000000001,0.06200000000000003,30.23,12.5,19.55,32.05,22.93,26.37,158.0,0.252,53.0,33.54,22.0,13.92,0.743,0.13,34.48,14.75,15.49,30.24,22.05,25.0,269.0,0.312,35.0,13.01,20.0,7.43,0.92,0.24200000000000005,19.49,9.66,13.97,23.63,28.6,13.94,650.0,0.301,100.0,15.38,47.0,7.23,0.851,0.2,20.83,9.45,15.49,24.94,26.53,15.87
744842,2024-06-19,2024,672515,R,571578,L,field_out,False,False,74.0,0.235,9.0,12.16,5.0,6.76,0.593,0.07400000000000001,16.67,7.58,19.7,27.27,26.14,8.65,116.0,0.352,32.0,27.59,5.0,4.31,0.899,0.176,20.55,9.15,21.54,30.69,27.88,22.38,269.0,0.312,35.0,13.01,20.0,7.43,0.92,0.24200000000000005,19.49,9.66,13.97,23.63,28.6,13.94,650.0,0.301,100.0,15.38,47.0,7.23,0.851,0.2,20.83,9.45,15.49,24.94,26.53,15.87
744842,2024-06-19,2024,677942,R,571578,L,strikeout,True,False,67.0,0.35,19.0,28.36,6.0,8.96,0.9510000000000001,0.18300000000000005,26.09,13.19,12.45,25.64,23.02,20.0,,,,,,,,,,,,,,,269.0,0.312,35.0,13.01,20.0,7.43,0.92,0.24200000000000005,19.49,9.66,13.97,23.63,28.6,13.94,650.0,0.301,100.0,15.38,47.0,7.23,0.851,0.2,20.83,9.45,15.49,24.94,26.53,15.87
744842,2024-06-19,2024,608841,R,694297,R,single,False,False,172.0,0.275,30.0,17.44,12.0,6.98,0.6950000000000001,0.09099999999999997,20.68,10.34,13.43,23.77,28.04,15.96,471.0,0.268,97.0,20.59,28.0,5.94,0.7030000000000001,0.12,23.85,11.18,18.94,30.12,30.48,17.38,174.0,0.188,52.0,29.89,8.0,4.6,0.5690000000000001,0.15100000000000002,28.49,14.84,17.16,31.99,31.65,26.26,226.0,0.29,51.0,22.57,10.0,4.42,0.857,0.243,26.58,13.96,15.98,29.94,34.54,19.92
744842,2024-06-19,2024,671277,L,694297,R,single,False,False,186.0,0.287,29.0,15.59,8.0,4.3,0.744,0.14,21.58,11.22,15.32,26.54,36.0,17.47,355.0,0.268,44.0,12.39,23.0,6.48,0.6950000000000001,0.1129999999999999,17.54,8.86,13.52,22.38,31.84,12.54,177.0,0.301,32.0,18.08,10.0,5.65,0.815,0.17099999999999999,19.93,9.32,18.01,27.33,27.12,17.39,196.0,0.273,43.0,21.94,16.0,8.16,0.867,0.261,23.08,10.53,17.04,27.57,23.51,19.2
744842,2024-06-19,2024,660688,L,694297,R,field_out,False,False,142.0,0.201,19.0,13.38,3.0,2.11,0.531,0.09799999999999998,12.96,6.84,17.31,24.15,37.55,16.52,403.0,0.249,48.0,11.91,25.0,6.2,0.712,0.1629999999999999,14.96,7.67,15.92,23.59,36.49,14.77,177.0,0.301,32.0,18.08,10.0,5.65,0.815,0.17099999999999999,19.93,9.32,18.01,27.33,27.12,17.39,196.0,0.273,43.0,21.94,16.0,8.16,0.867,0.261,23.08,10.53,17.04,27.57,23.51,19.2
744842,2024-06-19,2024,696285,R,694297,R,grounded_into_double_play,False,False,141.0,0.232,31.0,21.99,8.0,5.67,0.569,0.04000000000000001,22.94,10.31,21.98,32.3,30.08,24.03,93.0,0.268,17.0,18.28,7.0,7.53,0.687,0.0859999999999999,21.38,9.8,20.46,30.26,30.36,15.74,174.0,0.188,52.0,29.89,8.0,4.6,0.5690000000000001,0.15100000000000002,28.49,14.84,17.16,31.99,31.65,26.26,226.0,0.29,51.0,22.57,10.0,4.42,0.857,0.243,26.58,13.96,15.98,29.94,34.54,19.92
744842,2024-06-19,2024,672695,R,571578,L,strikeout,True,False,13.0,0.308,1.0,7.69,0.0,0.0,0.616,0.0,5.26,2.04,24.49,26.53,15.0,6.67,71.0,0.242,6.0,8.45,4.0,5.63,0.5780000000000001,0.032,11.11,4.68,20.14,24.82,19.85,7.59,269.0,0.312,35.0,13.01,20.0,7.43,0.92,0.24200000000000005,19.49,9.66,13.97,23.63,28.6,13.94,650.0,0.301,100.0,15.38,47.0,7.23,0.851,0.2,20.83,9.45,15.49,24.94,26.53,15.87
744842,2024-06-19,2024,606466,R,571578,L,strikeout,True,False,110.0,0.343,12.0,10.91,9.0,8.18,1.167,0.415,21.21,11.38,10.3,21.68,34.64,13.04,199.0,0.313,24.0,12.06,17.0,8.54,0.879,0.184,19.78,9.92,12.91,22.83,31.78,12.7,269.0,0.312,35.0,13.01,20.0,7.43,0.92,0.24200000000000005,19.49,9.66,13.97,23.63,28.6,13.94,650.0,0.301,100.0,15.38,47.0,7.23,0.851,0.2,20.83,9.45,15.49,24.94,26.53,15.87
744842,2024-06-19,2024,682998,L,571578,L,field_out,False,False,97.0,0.205,18.0,18.56,6.0,6.19,0.552,0.07899999999999999,19.64,8.87,18.82,27.69,31.41,17.48,174.0,0.283,20.0,11.49,11.0,6.32,0.7210000000000001,0.099,19.57,8.84,18.17,27.0,25.0,14.71,75.0,0.323,13.0,17.33,9.0,12.0,0.877,0.15399999999999997,21.49,9.12,17.54,26.67,24.16,18.06,141.0,0.254,24.0,17.02,10.0,7.09,0.706,0.135,23.55,10.9,17.21,28.11,30.04,16.44
744842,2024-06-19,2024,702358,R,694297,R,field_out,False,False,85.0,0.292,14.0,16.47,10.0,11.76,0.714,0.041000000000000036,24.65,11.86,17.97,29.83,29.25,18.92,,,,,,,,,,,,,,,174.0,0.188,52.0,29.89,8.0,4.6,0.5690000000000001,0.15100000000000002,28.49,14.84,17.16,31.99,31.65,26.26,226.0,0.29,51.0,22.57,10.0,4.42,0.857,0.243,26.58,13.96,15.98,29.94,34.54,19.92
744842,2024-06-19,2024,683083,L,694297,R,field_out,False,False,1.0,0.0,1.0,100.0,0.0,0.0,0.0,0.0,33.33,20.0,0.0,20.0,0.0,33.33,,,,,,,,,,,,,,,177.0,0.301,32.0,18.08,10.0,5.65,0.815,0.17099999999999999,19.93,9.32,18.01,27.33,27.12,17.39,196.0,0.273,43.0,21.94,16.0,8.16,0.867,0.261,23.08,10.53,17.04,27.57,23.51,19.2
744842,2024-06-19,2024,657041,R,694297,R,field_out,False,False,129.0,0.19,34.0,26.36,10.0,7.75,0.567,0.129,21.63,8.77,22.81,31.58,19.92,21.12,490.0,0.242,143.0,29.18,23.0,4.69,0.719,0.185,26.09,11.34,20.58,31.92,28.6,24.48,174.0,0.188,52.0,29.89,8.0,4.6,0.5690000000000001,0.15100000000000002,28.49,14.84,17.16,31.99,31.65,26.26,226.0,0.29,51.0,22.57,10.0,4.42,0.857,0.243,26.58,13.96,15.98,29.94,34.54,19.92
744842,2024-06-19,2024,666971,R,571578,L,single,False,False,80.0,0.325,15.0,18.75,3.0,3.75,0.895,0.22000000000000003,21.38,10.83,17.2,28.03,38.04,14.56,160.0,0.301,18.0,11.25,12.0,7.5,0.8140000000000001,0.151,14.39,6.67,17.26,23.93,28.33,12.16,269.0,0.312,35.0,13.01,20.0,7.43,0.92,0.24200000000000005,19.49,9.66,13.97,23.63,28.6,13.94,650.0,0.301,100.0,15.38,47.0,7.23,0.851,0.2,20.83,9.45,15.49,24.94,26.53,15.87
744842,2024-06-19,2024,572233,R,571578,L,single,False,False,81.0,0.26,26.0,32.1,7.0,8.64,0.746,0.16499999999999998,30.12,14.08,16.34,30.42,24.43,20.16,168.0,0.255,32.0,19.05,20.0,11.9,0.922,0.3189999999999999,27.22,12.57,12.85,25.42,24.16,14.55,269.0,0.312,35.0,13.01,20.0,7.43,0.92,0.24200000000000005,19.49,9.66,13.97,23.63,28.6,13.94,650.0,0.301,100.0,15.38,47.0,7.23,0.851,0.2,20.83,9.45,15.49,24.94,26.53,15.87
744842,2024-06-19,2024,545341,R,571578,L,walk,False,True,77.0,0.309,9.0,11.69,5.0,6.49,0.8200000000000001,0.14700000000000002,20.15,9.71,15.47,25.18,28.87,13.04,134.0,0.328,17.0,12.69,12.0,8.96,0.995,0.2789999999999999,21.25,10.26,14.29,24.55,32.84,12.78,269.0,0.312,35.0,13.01,20.0,7.43,0.92,0.24200000000000005,19.49,9.66,13.97,23.63,28.6,13.94,650.0,0.301,100.0,15.38,47.0,7.23,0.851,0.2,20.83,9.45,15.49,24.94,26.53,15.87
744842,2024-06-19,2024,553993,R,571578,L,force_out,False,False,75.0,0.219,24.0,32.0,8.0,10.67,0.5880000000000001,0.06200000000000003,30.23,12.5,19.55,32.05,22.93,26.37,158.0,0.252,53.0,33.54,22.0,13.92,0.743,0.13,34.48,14.75,15.49,30.24,22.05,25.0,269.0,0.312,35.0,13.01,20.0,7.43,0.92,0.24200000000000005,19.49,9.66,13.97,23.63,28.6,13.94,650.0,0.301,100.0,15.38,47.0,7.23,0.851,0.2,20.83,9.45,15.49,24.94,26.53,15.87
744842,2024-06-19,2024,672515,R,571578,L,walk,False,True,74.0,0.235,9.0,12.16,5.0,6.76,0.593,0.07400000000000001,16.67,7.58,19.7,27.27,26.14,8.65,116.0,0.352,32.0,27.59,5.0,4.31,0.899,0.176,20.55,9.15,21.54,30.69,27.88,22.38,269.0,0.312,35.0,13.01,20.0,7.43,0.92,0.24200000000000005,19.49,9.66,13.97,23.63,28.6,13.94,650.0,0.301,100.0,15.38,47.0,7.23,0.851,0.2,20.83,9.45,15.49,24.94,26.53,15.87
744842,2024-06-19,2024,677942,R,571578,L,strikeout,True,False,67.0,0.35,19.0,28.36,6.0,8.96,0.9510000000000001,0.18300000000000005,26.09,13.19,12.45,25.64,23.02,20.0,,,,,,,,,,,,,,,269.0,0.312,35.0,13.01,20.0,7.43,0.92,0.24200000000000005,19.49,9.66,13.97,23.63,28.6,13.94,650.0,0.301,100.0,15.38,47.0,7.23,0.851,0.2,20.83,9.45,15.49,24.94,26.53,15.87
744842,2024-06-19,2024,672695,R,571578,L,field_out,False,False,13.0,0.308,1.0,7.69,0.0,0.0,0.616,0.0,5.26,2.04,24.49,26.53,15.0,6.67,71.0,0.242,6.0,8.45,4.0,5.63,0.5780000000000001,0.032,11.11,4.68,20.14,24.82,19.85,7.59,269.0,0.312,35.0,13.01,20.0,7.43,0.92,0.24200000000000005,19.49,9.66,13.97,23.63,28.6,13.94,650.0,0.301,100.0,15.38,47.0,7.23,0.851,0.2,20.83,9.45,15.49,24.94,26.53,15.87
744842,2024-06-19,2024,608385,L,694297,R,field_out,False,False,187.0,0.277,40.0,21.39,25.0,13.37,0.8109999999999999,0.14199999999999996,22.02,9.3,16.96,26.26,18.16,15.04,184.0,0.2,46.0,25.0,24.0,13.04,0.5660000000000001,0.0449999999999999,25.91,11.04,17.01,28.05,20.4,17.9,177.0,0.301,32.0,18.08,10.0,5.65,0.815,0.17099999999999999,19.93,9.32,18.01,27.33,27.12,17.39,196.0,0.273,43.0,21.94,16.0,8.16,0.867,0.261,23.08,10.53,17.04,27.57,23.51,19.2
744842,2024-06-19,2024,592696,L,694297,R,field_out,False,False,178.0,0.18,44.0,24.72,10.0,5.62,0.591,0.185,29.3,15.05,15.34,30.39,35.69,20.75,449.0,0.258,104.0,23.16,29.0,6.46,0.762,0.199,29.98,17.01,12.43,29.45,43.87,20.59,177.0,0.301,32.0,18.08,10.0,5.65,0.815,0.17099999999999999,19.93,9.32,18.01,27.33,27.12,17.39,196.0,0.273,43.0,21.94,16.0,8.16,0.867,0.261,23.08,10.53,17.04,27.57,23.51,19.2
744842,2024-06-19,2024,608841,R,694297,R,field_out,False,False,172.0,0.275,30.0,17.44,12.0,6.98,0.6950000000000001,0.09099999999999997,20.68,10.34,13.43,23.77,28.04,15.96,471.0,0.268,97.0,20.59,28.0,5.94,0.7030000000000001,0.12,23.85,11.18,18.94,30.12,30.48,17.38,174.0,0.188,52.0,29.89,8.0,4.6,0.5690000000000001,0.15100000000000002,28.49,14.84,17.16,31.99,31.65,26.26,226.0,0.29,51.0,22.57,10.0,4.42,0.857,0.243,26.58,13.96,15.98,29.94,34.54,19.92
744842,2024-06-19,2024,606466,R,571578,L,strikeout,True,False,110.0,0.343,12.0,10.91,9.0,8.18,1.167,0.415,21.21,11.38,10.3,21.68,34.64,13.04,199.0,0.313,24.0,12.06,17.0,8.54,0.879,0.184,19.78,9.92,12.91,22.83,31.78,12.7,269.0,0.312,35.0,13.01,20.0,7.43,0.92,0.24200000000000005,19.49,9.66,13.97,23.63,28.6,13.94,650.0,0.301,100.0,15.38,47.0,7.23,0.851,0.2,20.83,9.45,15.49,24.94,26.53,15.87
744842,2024-06-19,2024,682998,L,571578,L,field_out,False,False,97.0,0.205,18.0,18.56,6.0,6.19,0.552,0.07899999999999999,19.64,8.87,18.82,27.69,31.41,17.48,174.0,0.283,20.0,11.49,11.0,6.32,0.7210000000000001,0.099,19.57,8.84,18.17,27.0,25.0,14.71,75.0,0.323,13.0,17.33,9.0,12.0,0.877,0.15399999999999997,21.49,9.12,17.54,26.67,24.16,18.06,141.0,0.254,24.0,17.02,10.0,7.09,0.706,0.135,23.55,10.9,17.21,28.11,30.04,16.44
744842,2024-06-19,2024,666971,R,571578,L,field_out,False,False,80.0,0.325,15.0,18.75,3.0,3.75,0.895,0.22000000000000003,21.38,10.83,17.2,28.03,38.04,14.56,160.0,0.301,18.0,11.25,12.0,7.5,0.8140000000000001,0.151,14.39,6.67,17.26,23.93,28.33,12.16,269.0,0.312,35.0,13.01,20.0,7.43,0.92,0.24200000000000005,19.49,9.66,13.97,23.63,28.6,13.94,650.0,0.301,100.0,15.38,47.0,7.23,0.851,0.2,20.83,9.45,15.49,24.94,26.53,15.87
744842,2024-06-19,2024,671277,L,694297,R,field_out,False,False,186.0,0.287,29.0,15.59,8.0,4.3,0.744,0.14,21.58,11.22,15.32,26.54,36.0,17.47,355.0,0.268,44.0,12.39,23.0,6.48,0.6950000000000001,0.1129999999999999,17.54,8.86,13.52,22.38,31.84,12.54,177.0,0.301,32.0,18.08,10.0,5.65,0.815,0.17099999999999999,19.93,9.32,18.01,27.33,27.12,17.39,196.0,0.273,43.0,21.94,16.0,8.16,0.867,0.261,23.08,10.53,17.04,27.57,23.51,19.2
744842,2024-06-19,2024,660688,L,694297,R,field_out,False,False,142.0,0.201,19.0,13.38,3.0,2.11,0.531,0.09799999999999998,12.96,6.84,17.31,24.15,37.55,16.52,403.0,0.249,48.0,11.91,25.0,6.2,0.712,0.1629999999999999,14.96,7.67,15.92,23.59,36.49,14.77,177.0,0.301,32.0,18.08,10.0,5.65,0.815,0.17099999999999999,19.93,9.32,18.01,27.33,27.12,17.39,196.0,0.273,43.0,21.94,16.0,8.16,0.867,0.261,23.08,10.53,17.04,27.57,23.51,19.2
744842,2024-06-19,2024,696285,R,694297,R,field_out,False,False,141.0,0.232,31.0,21.99,8.0,5.67,0.569,0.04000000000000001,22.94,10.31,21.98,32.3,30.08,24.03,93.0,0.268,17.0,18.28,7.0,7.53,0.687,0.0859999999999999,21.38,9.8,20.46,30.26,30.36,15.74,174.0,0.188,52.0,29.89,8.0,4.6,0.5690000000000001,0.15100000000000002,28.49,14.84,17.16,31.99,31.65,26.26,226.0,0.29,51.0,22.57,10.0,4.42,0.857,0.243,26.58,13.96,15.98,29.94,34.54,19.92
744842,2024-06-19,2024,572233,R,571882,R,field_out,False,False,233.0,0.254,56.0,24.03,25.0,10.73,0.837,0.244,26.22,12.68,13.09,25.77,25.29,17.67,497.0,0.259,95.0,19.11,42.0,8.45,0.8009999999999999,0.2129999999999999,26.19,12.83,14.15,26.98,26.84,15.33,113.0,0.304,19.0,16.81,5.0,4.42,0.781,0.14700000000000002,24.87,12.97,14.59,27.57,35.2,20.21,128.0,0.234,24.0,18.75,12.0,9.38,0.6799999999999999,0.1259999999999999,31.08,15.73,12.1,27.82,32.58,15.38
744842,2024-06-19,2024,545341,R,571882,R,field_out,False,False,41.0,0.289,5.0,12.2,3.0,7.32,0.815,0.185,18.18,8.0,20.0,28.0,23.68,11.36,338.0,0.244,79.0,23.37,17.0,5.03,0.6950000000000001,0.157,28.73,14.51,15.56,30.06,36.02,21.7,113.0,0.304,19.0,16.81,5.0,4.42,0.781,0.14700000000000002,24.87,12.97,14.59,27.57,35.2,20.21,128.0,0.234,24.0,18.75,12.0,9.38,0.6799999999999999,0.1259999999999999,31.08,15.73,12.1,27.82,32.58,15.38
744842,2024-06-19,2024,553993,R,571882,R,field_out,False,False,203.0,0.2,54.0,26.6,14.0,6.9,0.62,0.14399999999999996,30.15,14.25,15.23,29.48,26.33,21.6,537.0,0.227,161.0,29.98,48.0,8.94,0.706,0.167,32.3,14.54,16.91,31.45,23.96,22.87,113.0,0.304,19.0,16.81,5.0,4.42,0.781,0.14700000000000002,24.87,12.97,14.59,27.57,35.2,20.21,128.0,0.234,24.0,18.75,12.0,9.38,0.6799999999999999,0.1259999999999999,31.08,15.73,12.1,27.82,32.58,15.38
744842,2024-06-19,2024,702358,R,694297,R,field_out,False,False,85.0,0.292,14.0,16.47,10.0,11.76,0.714,0.041000000000000036,24.65,11.86,17.97,29.83,29.25,18.92,,,,,,,,,,,,,,,174.0,0.188,52.0,29.89,8.0,4.6,0.5690000000000001,0.15100000000000002,28.49,14.84,17.16,31.99,31.65,26.26,226.0,0.29,51.0,22.57,10.0,4.42,0.857,0.243,26.58,13.96,15.98,29.94,34.54,19.92
744842,2024-06-19,2024,683083,L,694297,R,walk,False,True,1.0,0.0,1.0,100.0,0.0,0.0,0.0,0.0,33.33,20.0,0.0,20.0,0.0,33.33,,,,,,,,,,,,,,,177.0,0.301,32.0,18.08,10.0,5.65,0.815,0.17099999999999999,19.93,9.32,18.01,27.33,27.12,17.39,196.0,0.273,43.0,21.94,16.0,8.16,0.867,0.261,23.08,10.53,17.04,27.57,23.51,19.2
744842,2024-06-19,2024,657041,R,694297,R,walk,False,True,129.0,0.19,34.0,26.36,10.0,7.75,0.567,0.129,21.63,8.77,22.81,31.58,19.92,21.12,490.0,0.242,143.0,29.18,23.0,4.69,0.719,0.185,26.09,11.34,20.58,31.92,28.6,24.48,174.0,0.188,52.0,29.89,8.0,4.6,0.5690000000000001,0.15100000000000002,28.49,14.84,17.16,31.99,31.65,26.26,226.0,0.29,51.0,22.57,10.0,4.42,0.857,0.243,26.58,13.96,15.98,29.94,34.54,19.92
744842,2024-06-19,2024,608385,L,694297,R,home_run,False,False,187.0,0.277,40.0,21.39,25.0,13.37,0.8109999999999999,0.14199999999999996,22.02,9.3,16.96,26.26,18.16,15.04,184.0,0.2,46.0,25.0,24.0,13.04,0.5660000000000001,0.0449999999999999,25.91,11.04,17.01,28.05,20.4,17.9,177.0,0.301,32.0,18.08,10.0,5.65,0.815,0.17099999999999999,19.93,9.32,18.01,27.33,27.12,17.39,196.0,0.273,43.0,21.94,16.0,8.16,0.867,0.261,23.08,10.53,17.04,27.57,23.51,19.2
744842,2024-06-19,2024,592696,L,694297,R,single,False,False,178.0,0.18,44.0,24.72,10.0,5.62,0.591,0.185,29.3,15.05,15.34,30.39,35.69,20.75,449.0,0.258,104.0,23.16,29.0,6.46,0.762,0.199,29.98,17.01,12.43,29.45,43.87,20.59,177.0,0.301,32.0,18.08,10.0,5.65,0.815,0.17099999999999999,19.93,9.32,18.01,27.33,27.12,17.39,196.0,0.273,43.0,21.94,16.0,8.16,0.867,0.261,23.08,10.53,17.04,27.57,23.51,19.2
744842,2024-06-19,2024,608841,R,694297,R,force_out,False,False,172.0,0.275,30.0,17.44,12.0,6.98,0.6950000000000001,0.09099999999999997,20.68,10.34,13.43,23.77,28.04,15.96,471.0,0.268,97.0,20.59,28.0,5.94,0.7030000000000001,0.12,23.85,11.18,18.94,30.12,30.48,17.38,174.0,0.188,52.0,29.89,8.0,4.6,0.5690000000000001,0.15100000000000002,28.49,14.84,17.16,31.99,31.65,26.26,226.0,0.29,51.0,22.57,10.0,4.42,0.857,0.243,26.58,13.96,15.98,29.94,34.54,19.92
744842,2024-06-19,2024,672515,R,571882,R,field_out,False,False,136.0,0.222,23.0,16.91,17.0,12.5,0.666,0.12000000000000002,17.72,7.27,21.63,28.89,20.59,14.29,264.0,0.253,43.0,16.29,24.0,9.09,0.6779999999999999,0.0989999999999999,19.31,7.98,21.75,29.72,25.58,15.58,113.0,0.304,19.0,16.81,5.0,4.42,0.781,0.14700000000000002,24.87,12.97,14.59,27.57,35.2,20.21,128.0,0.234,24.0,18.75,12.0,9.38,0.6799999999999999,0.1259999999999999,31.08,15.73,12.1,27.82,32.58,15.38
744842,2024-06-19,2024,677942,R,571882,R,field_out,False,False,82.0,0.224,20.0,24.39,6.0,7.32,0.569,0.06499999999999997,31.13,15.82,14.14,29.97,35.71,22.73,,,,,,,,,,,,,,,113.0,0.304,19.0,16.81,5.0,4.42,0.781,0.14700000000000002,24.87,12.97,14.59,27.57,35.2,20.21,128.0,0.234,24.0,18.75,12.0,9.38,0.6799999999999999,0.1259999999999999,31.08,15.73,12.1,27.82,32.58,15.38
744842,2024-06-19,2024,672695,L,571882,R,field_out,False,False,38.0,0.303,5.0,13.16,4.0,10.53,0.759,0.061,11.86,4.83,25.52,30.34,21.21,11.36,424.0,0.246,80.0,18.87,60.0,14.15,0.736,0.128,15.84,6.08,21.64,27.72,16.63,14.68,67.0,0.186,23.0,34.33,8.0,11.94,0.538,0.068,32.85,15.25,15.59,30.85,34.88,23.23,113.0,0.245,21.0,18.58,14.0,12.39,0.712,0.122,22.33,9.87,16.31,26.18,24.79,14.19
744842,2024-06-19,2024,671277,L,694297,R,field_out,False,False,186.0,0.287,29.0,15.59,8.0,4.3,0.744,0.14,21.58,11.22,15.32,26.54,36.0,17.47,355.0,0.268,44.0,12.39,23.0,6.48,0.6950000000000001,0.1129999999999999,17.54,8.86,13.52,22.38,31.84,12.54,177.0,0.301,32.0,18.08,10.0,5.65,0.815,0.17099999999999999,19.93,9.32,18.01,27.33,27.12,17.39,196.0,0.273,43.0,21.94,16.0,8.16,0.867,0.261,23.08,10.53,17.04,27.57,23.51,19.2
744842,2024-06-19,2024,660688,L,694297,R,single,False,False,142.0,0.201,19.0,13.38,3.0,2.11,0.531,0.09799999999999998,12.96,6.84,17.31,24.15,37.55,16.52,403.0,0.249,48.0,11.91,25.0,6.2,0.712,0.1629999999999999,14.96,7.67,15.92,23.59,36.49,14.77,177.0,0.301,32.0,18.08,10.0,5.65,0.815,0.17099999999999999,19.93,9.32,18.01,27.33,27.12,17.39,196.0,0.273,43.0,21.94,16.0,8.16,0.867,0.261,23.08,10.53,17.04,27.57,23.51,19.2
744842,2024-06-19,2024,696285,R,694297,R,walk,False,True,141.0,0.232,31.0,21.99,8.0,5.67,0.569,0.04000000000000001,22.94,10.31,21.98,32.3,30.08,24.03,93.0,0.268,17.0,18.28,7.0,7.53,0.687,0.0859999999999999,21.38,9.8,20.46,30.26,30.36,15.74,174.0,0.188,52.0,29.89,8.0,4.6,0.5690000000000001,0.15100000000000002,28.49,14.84,17.16,31.99,31.65,26.26,226.0,0.29,51.0,22.57,10.0,4.42,0.857,0.243,26.58,13.96,15.98,29.94,34.54,19.92
744842,2024-06-19,2024,545121,L,656464,R,single,False,False,89.0,0.25,5.0,5.62,9.0,10.11,0.64,0.069,10.08,4.23,21.17,25.41,24.18,7.46,179.0,0.226,11.0,6.15,15.0,8.38,0.58,0.0629999999999999,13.38,5.9,20.34,26.24,25.61,7.28,64.0,0.25,15.0,23.44,3.0,4.69,0.698,0.16699999999999998,23.85,11.74,15.15,26.89,32.86,15.91,104.0,0.176,29.0,27.88,11.0,10.58,0.5549999999999999,0.1099999999999999,31.73,15.1,13.73,28.83,30.34,19.58
744842,2024-06-19,2024,683083,L,656464,R,field_out,False,False,1.0,0.0,1.0,100.0,0.0,0.0,0.0,0.0,33.33,20.0,0.0,20.0,0.0,33.33,,,,,,,,,,,,,,,64.0,0.25,15.0,23.44,3.0,4.69,0.698,0.16699999999999998,23.85,11.74,15.15,26.89,32.86,15.91,104.0,0.176,29.0,27.88,11.0,10.58,0.5549999999999999,0.1099999999999999,31.73,15.1,13.73,28.83,30.34,19.58
744842,2024-06-19,2024,657041,R,656464,R,field_out,False,False,129.0,0.19,34.0,26.36,10.0,7.75,0.567,0.129,21.63,8.77,22.81,31.58,19.92,21.12,490.0,0.242,143.0,29.18,23.0,4.69,0.719,0.185,26.09,11.34,20.58,31.92,28.6,24.48,56.0,0.269,7.0,12.5,2.0,3.57,0.667,0.07699999999999996,20.0,9.62,15.87,25.48,26.8,13.21,151.0,0.185,41.0,27.15,13.0,8.61,0.5469999999999999,0.1039999999999999,30.77,14.13,15.57,29.7,28.31,21.24
744842,2024-06-19,2024,606466,L,640451,R,field_out,False,False,208.0,0.254,47.0,22.6,19.0,9.13,0.698,0.127,24.6,11.59,14.36,25.94,24.31,20.0,452.0,0.259,85.0,18.81,54.0,11.95,0.827,0.2199999999999999,20.87,9.03,16.76,25.8,21.17,17.28,74.0,0.243,20.0,27.03,3.0,4.05,0.613,0.08600000000000002,25.77,13.91,14.9,28.81,39.04,19.61,105.0,0.245,24.0,22.86,5.0,4.76,0.664,0.143,24.4,12.75,15.75,28.5,34.62,19.83
744842,2024-06-19,2024,682998,L,640451,R,double,False,False,213.0,0.224,37.0,17.37,28.0,13.15,0.668,0.11500000000000002,20.29,8.66,16.58,25.25,24.32,18.97,472.0,0.286,105.0,22.25,46.0,9.75,0.921,0.266,22.34,10.24,16.27,26.51,28.83,21.92,74.0,0.243,20.0,27.03,3.0,4.05,0.613,0.08600000000000002,25.77,13.91,14.9,28.81,39.04,19.61,105.0,0.245,24.0,22.86,5.0,4.76,0.664,0.143,24.4,12.75,15.75,28.5,34.62,19.83
744842,2024-06-19,2024,666971,R,640451,R,strikeout,True,False,206.0,0.221,41.0,19.9,9.0,4.37,0.595,0.11200000000000002,20.61,10.34,16.35,26.69,31.79,17.6,433.0,0.247,85.0,19.63,21.0,4.85,0.756,0.22,20.07,9.99,16.64,26.63,31.06,17.82,71.0,0.2,21.0,29.58,5.0,7.04,0.622,0.15399999999999997,32.1,17.16,14.85,32.01,24.41,17.7,130.0,0.168,43.0,33.08,8.0,6.15,0.517,0.1179999999999999,27.76,13.76,16.05,29.81,27.61,22.75
744842,2024-06-19,2024,572233,R,640451,R,field_out,False,False,233.0,0.254,56.0,24.03,25.0,10.73,0.837,0.244,26.22,12.68,13.09,25.77,25.29,17.67,497.0,0.259,95.0,19.11,42.0,8.45,0.8009999999999999,0.2129999999999999,26.19,12.83,14.15,26.98,26.84,15.33,71.0,0.2,21.0,29.58,5.0,7.04,0.622,0.15399999999999997,32.1,17.16,14.85,32.01,24.41,17.7,130.0,0.168,43.0,33.08,8.0,6.15,0.517,0.1179999999999999,27.76,13.76,16.05,29.81,27.61,22.75
744842,2024-06-19,2024,608385,L,573009,L,strikeout,True,False,84.0,0.239,24.0,28.57,10.0,11.9,0.683,0.09900000000000003,21.77,8.46,21.63,30.09,19.86,24.49,13.0,0.182,5.0,38.46,2.0,15.38,0.581,0.091,15.38,6.15,20.0,26.15,7.14,19.23,50.0,0.224,11.0,22.0,1.0,2.0,0.587,0.12299999999999997,24.47,13.07,18.75,31.82,43.02,19.64,67.0,0.185,15.0,22.39,2.0,2.99,0.44,0.046,26.02,12.75,19.52,32.27,37.1,20.0
744842,2024-06-19,2024,592696,L,573009,L,field_out,False,False,31.0,0.2,4.0,12.9,3.0,9.68,0.47600000000000003,0.0,23.53,11.01,11.93,22.94,21.31,20.0,67.0,0.233,18.0,26.87,5.0,7.46,0.7030000000000001,0.167,28.57,17.02,12.34,29.36,40.91,20.69,50.0,0.224,11.0,22.0,1.0,2.0,0.587,0.12299999999999997,24.47,13.07,18.75,31.82,43.02,19.64,67.0,0.185,15.0,22.39,2.0,2.99,0.44,0.046,26.02,12.75,19.52,32.27,37.1,20.0
744842,2024-06-19,2024,608841,R,573009,L,strikeout,True,False,80.0,0.169,19.0,23.75,6.0,7.5,0.477,0.06999999999999998,25.68,13.01,15.75,28.77,38.67,22.35,188.0,0.291,33.0,17.55,10.0,5.32,0.771,0.143,23.12,11.37,16.16,27.53,33.86,14.29,58.0,0.235,11.0,18.97,7.0,12.07,0.681,0.118,30.36,15.11,12.0,27.11,34.45,18.03,90.0,0.277,13.0,14.44,7.0,7.78,0.875,0.265,21.12,10.49,15.43,25.93,33.13,16.25
744842,2024-06-19,2024,592626,L,640448,R,field_out,False,False,200.0,0.301,46.0,23.0,22.0,11.0,0.905,0.21100000000000002,23.42,10.77,17.07,27.85,28.97,19.57,373.0,0.241,74.0,19.84,49.0,13.14,0.786,0.194,24.13,10.89,15.07,25.96,29.36,16.09,54.0,0.143,20.0,37.04,4.0,7.41,0.531,0.18400000000000002,31.25,15.98,16.89,32.88,33.71,25.0,131.0,0.232,27.0,20.61,17.0,12.98,0.6990000000000001,0.1339999999999999,23.4,10.42,17.23,27.65,20.92,17.09
744842,2024-06-19,2024,553993,R,640448,R,strikeout,True,False,203.0,0.2,54.0,26.6,14.0,6.9,0.62,0.14399999999999996,30.15,14.25,15.23,29.48,26.33,21.6,537.0,0.227,161.0,29.98,48.0,8.94,0.706,0.167,32.3,14.54,16.91,31.45,23.96,22.87,62.0,0.161,11.0,17.74,6.0,9.68,0.581,0.17800000000000002,19.69,10.59,13.56,24.15,23.4,14.67,157.0,0.27,36.0,22.93,7.0,4.46,0.772,0.196,25.88,13.73,13.9,27.63,28.08,18.95
744842,2024-06-19,2024,672515,R,640448,R,strikeout,True,False,136.0,0.222,23.0,16.91,17.0,12.5,0.666,0.12000000000000002,17.72,7.27,21.63,28.89,20.59,14.29,264.0,0.253,43.0,16.29,24.0,9.09,0.6779999999999999,0.0989999999999999,19.31,7.98,21.75,29.72,25.58,15.58,62.0,0.161,11.0,17.74,6.0,9.68,0.581,0.17800000000000002,19.69,10.59,13.56,24.15,23.4,14.67,157.0,0.27,36.0,22.93,7.0,4.46,0.772,0.196,25.88,13.73,13.9,27.63,28.08,18.95
745489,2024-06-19,2024,663697,R,656605,R,field_out,False,False,178.0,0.213,43.0,24.16,23.0,12.92,0.626,0.087,20.88,7.58,21.14,28.72,16.13,20.28,397.0,0.257,73.0,18.39,37.0,9.32,0.7809999999999999,0.175,21.3,8.18,21.42,29.59,19.53,15.19,179.0,0.272,27.0,15.08,12.0,6.7,0.742,0.133,22.19,10.52,16.62,27.13,28.04,13.92,395.0,0.244,95.0,24.05,18.0,4.56,0.645,0.1069999999999999,21.38,9.92,20.33,30.26,29.0,22.35
745489,2024-06-19,2024,682829,L,656605,R,field_out,False,False,197.0,0.253,65.0,32.99,23.0,11.68,0.8340000000000001,0.241,32.35,12.89,20.83,33.72,24.06,30.77,307.0,0.255,95.0,30.94,30.0,9.77,0.7989999999999999,0.2159999999999999,26.69,11.86,17.47,29.33,31.27,25.07,186.0,0.244,51.0,27.42,10.0,5.38,0.72,0.18,22.56,11.0,19.76,30.76,31.27,27.13,430.0,0.253,115.0,26.74,37.0,8.6,0.776,0.202,24.73,12.08,17.13,29.21,25.7,21.9
745489,2024-06-19,2024,668715,R,656605,R,strikeout,True,False,205.0,0.235,43.0,20.98,20.0,9.76,0.6890000000000001,0.137,22.34,10.04,17.8,27.84,25.35,15.75,487.0,0.256,106.0,21.77,51.0,10.47,0.7789999999999999,0.175,25.48,10.86,19.02,29.88,22.75,18.53,179.0,0.272,27.0,15.08,12.0,6.7,0.742,0.133,22.19,10.52,16.62,27.13,28.04,13.92,395.0,0.244,95.0,24.05,18.0,4.56,0.645,0.1069999999999999,21.38,9.92,20.33,30.26,29.0,22.35
745489,2024-06-19,2024,457705,R,668881,R,field_out,False,False,180.0,0.258,47.0,26.11,19.0,10.56,0.7649999999999999,0.16299999999999998,30.63,12.95,18.63,31.57,17.91,20.52,312.0,0.254,72.0,23.08,49.0,15.71,0.767,0.137,28.77,12.06,17.2,29.26,17.59,17.52,162.0,0.241,36.0,22.22,19.0,11.73,0.773,0.19,31.23,15.78,12.75,28.53,26.65,17.73,254.0,0.288,69.0,27.17,20.0,7.87,0.886,0.245,28.29,14.51,14.91,29.42,33.6,19.33
745489,2024-06-19,2024,668804,L,668881,R,hit_by_pitch,False,False,226.0,0.264,46.0,20.35,23.0,10.18,0.769,0.16399999999999998,27.29,12.77,14.24,27.01,26.69,17.69,438.0,0.252,94.0,21.46,45.0,10.27,0.821,0.2309999999999999,28.75,13.22,13.73,26.95,24.9,18.49,183.0,0.174,53.0,28.96,18.0,9.84,0.5700000000000001,0.11599999999999999,28.28,14.23,13.71,27.94,28.72,21.29,244.0,0.215,83.0,34.02,28.0,11.48,0.736,0.2009999999999999,33.14,15.55,14.17,29.71,25.77,23.31
745489,2024-06-19,2024,665833,L,668881,R,field_out,False,False,198.0,0.297,62.0,31.31,15.0,7.58,0.853,0.20800000000000002,34.04,15.65,19.07,34.72,34.11,23.57,33.0,0.185,7.0,21.21,5.0,15.15,0.636,0.148,27.69,13.14,15.33,28.47,34.25,17.95,183.0,0.174,53.0,28.96,18.0,9.84,0.5700000000000001,0.11599999999999999,28.28,14.23,13.71,27.94,28.72,21.29,244.0,0.215,83.0,34.02,28.0,11.48,0.736,0.2009999999999999,33.14,15.55,14.17,29.71,25.77,23.31
745489,2024-06-19,2024,693304,R,668881,R,strikeout,True,False,98.0,0.278,22.0,22.45,4.0,4.08,0.731,0.14399999999999996,27.35,15.52,10.69,26.21,33.33,16.3,86.0,0.234,21.0,24.42,3.0,3.49,0.638,0.1299999999999999,30.36,15.84,12.11,27.95,27.85,22.11,162.0,0.241,36.0,22.22,19.0,11.73,0.773,0.19,31.23,15.78,12.75,28.53,26.65,17.73,254.0,0.288,69.0,27.17,20.0,7.87,0.886,0.245,28.29,14.51,14.91,29.42,33.6,19.33
745489,2024-06-19,2024,641584,L,656605,R,field_out,False,False,151.0,0.274,31.0,20.53,13.0,8.61,0.6859999999999999,0.07399999999999995,20.37,11.76,9.27,21.03,29.25,16.4,339.0,0.268,66.0,19.47,34.0,10.03,0.815,0.199,24.78,12.84,11.52,24.36,30.55,18.38,186.0,0.244,51.0,27.42,10.0,5.38,0.72,0.18,22.56,11.0,19.76,30.76,31.27,27.13,430.0,0.253,115.0,26.74,37.0,8.6,0.776,0.202,24.73,12.08,17.13,29.21,25.7,21.9
745489,2024-06-19,2024,669289,R,656605,R,strikeout,True,False,82.0,0.171,15.0,18.29,4.0,4.88,0.486,0.10500000000000001,11.18,5.21,16.26,21.47,24.84,16.48,138.0,0.244,22.0,15.94,10.0,7.25,0.633,0.073,17.87,7.68,20.84,28.52,25.34,15.6,179.0,0.272,27.0,15.08,12.0,6.7,0.742,0.133,22.19,10.52,16.62,27.13,28.04,13.92,395.0,0.244,95.0,24.05,18.0,4.56,0.645,0.1069999999999999,21.38,9.92,20.33,30.26,29.0,22.35
745489,2024-06-19,2024,666181,L,656605,R,strikeout,True,False,178.0,0.23,75.0,42.13,17.0,9.55,0.75,0.217,39.09,18.62,15.11,33.74,21.57,31.65,285.0,0.297,89.0,31.23,37.0,12.98,0.938,0.252,31.03,13.11,16.03,29.13,18.51,23.66,186.0,0.244,51.0,27.42,10.0,5.38,0.72,0.18,22.56,11.0,19.76,30.76,31.27,27.13,430.0,0.253,115.0,26.74,37.0,8.6,0.776,0.202,24.73,12.08,17.13,29.21,25.7,21.9
745489,2024-06-19,2024,642133,L,668881,R,strikeout,True,False,160.0,0.245,28.0,17.5,11.0,6.88,0.633,0.08800000000000002,20.6,8.58,20.59,29.17,23.79,18.54,300.0,0.223,73.0,24.33,29.0,9.67,0.69,0.173,22.22,8.47,23.11,31.59,24.77,19.95,183.0,0.174,53.0,28.96,18.0,9.84,0.5700000000000001,0.11599999999999999,28.28,14.23,13.71,27.94,28.72,21.29,244.0,0.215,83.0,34.02,28.0,11.48,0.736,0.2009999999999999,33.14,15.55,14.17,29.71,25.77,23.31
745489,2024-06-19,2024,663647,R,668881,R,hit_by_pitch,False,False,152.0,0.201,33.0,21.71,10.0,6.58,0.487,0.028999999999999998,18.15,8.14,21.52,29.66,29.35,20.75,358.0,0.26,75.0,20.95,22.0,6.15,0.721,0.1559999999999999,21.48,9.63,20.09,29.72,30.19,22.32,162.0,0.241,36.0,22.22,19.0,11.73,0.773,0.19,31.23,15.78,12.75,28.53,26.65,17.73,254.0,0.288,69.0,27.17,20.0,7.87,0.886,0.245,28.29,14.51,14.91,29.42,33.6,19.33
745489,2024-06-19,2024,656582,R,668881,R,force_out,False,False,160.0,0.229,37.0,23.12,13.0,8.12,0.6739999999999999,0.13899999999999998,23.99,10.76,18.87,29.64,24.05,21.39,279.0,0.235,70.0,25.09,27.0,9.68,0.72,0.166,22.25,8.9,20.93,29.83,20.67,18.23,162.0,0.241,36.0,22.22,19.0,11.73,0.773,0.19,31.23,15.78,12.75,28.53,26.65,17.73,254.0,0.288,69.0,27.17,20.0,7.87,0.886,0.245,28.29,14.51,14.91,29.42,33.6,19.33
745489,2024-06-19,2024,518735,L,668881,R,double,False,False,61.0,0.153,11.0,18.03,2.0,3.28,0.46799999999999997,0.13499999999999998,23.01,11.16,22.75,33.91,36.28,16.92,309.0,0.235,61.0,19.74,27.0,8.74,0.636,0.094,22.36,10.08,19.44,29.52,27.06,17.13,183.0,0.174,53.0,28.96,18.0,9.84,0.5700000000000001,0.11599999999999999,28.28,14.23,13.71,27.94,28.72,21.29,244.0,0.215,83.0,34.02,28.0,11.48,0.736,0.2009999999999999,33.14,15.55,14.17,29.71,25.77,23.31
745489,2024-06-19,2024,572191,R,668881,R,strikeout,True,False,106.0,0.191,37.0,34.91,7.0,6.6,0.45799999999999996,0.021999999999999992,38.35,17.87,16.97,34.84,30.19,25.52,276.0,0.206,95.0,34.42,18.0,6.52,0.641,0.171,34.66,17.23,15.91,33.15,32.6,28.53,162.0,0.241,36.0,22.22,19.0,11.73,0.773,0.19,31.23,15.78,12.75,28.53,26.65,17.73,254.0,0.288,69.0,27.17,20.0,7.87,0.886,0.245,28.29,14.51,14.91,29.42,33.6,19.33
745489,2024-06-19,2024,656413,R,656605,R,field_out,False,False,47.0,0.095,11.0,23.4,2.0,4.26,0.364,0.095,38.82,20.37,12.35,32.72,29.27,24.44,144.0,0.23,35.0,24.31,12.0,8.33,0.716,0.1829999999999999,31.79,17.15,10.79,27.94,25.91,21.74,179.0,0.272,27.0,15.08,12.0,6.7,0.742,0.133,22.19,10.52,16.62,27.13,28.04,13.92,395.0,0.244,95.0,24.05,18.0,4.56,0.645,0.1069999999999999,21.38,9.92,20.33,30.26,29.0,22.35
745489,2024-06-19,2024,674441,L,656605,R,strikeout,True,False,58.0,0.196,14.0,24.14,6.0,10.34,0.5700000000000001,0.065,20.59,8.68,21.07,29.75,22.52,17.72,,,,,,,,,,,,,,,186.0,0.244,51.0,27.42,10.0,5.38,0.72,0.18,22.56,11.0,19.76,30.76,31.27,27.13,430.0,0.253,115.0,26.74,37.0,8.6,0.776,0.202,24.73,12.08,17.13,29.21,25.7,21.9
745489,2024-06-19,2024,571912,R,656605,R,walk,False,True,58.0,0.176,21.0,36.21,3.0,5.17,0.492,0.04000000000000001,30.28,13.58,17.28,30.86,25.6,28.0,141.0,0.224,35.0,24.82,10.0,7.09,0.675,0.144,25.1,11.19,19.96,31.16,24.62,23.65,179.0,0.272,27.0,15.08,12.0,6.7,0.742,0.133,22.19,10.52,16.62,27.13,28.04,13.92,395.0,0.244,95.0,24.05,18.0,4.56,0.645,0.1069999999999999,21.38,9.92,20.33,30.26,29.0,22.35
745489,2024-06-19,2024,663697,R,656605,R,strikeout,True,False,178.0,0.213,43.0,24.16,23.0,12.92,0.626,0.087,20.88,7.58,21.14,28.72,16.13,20.28,397.0,0.257,73.0,18.39,37.0,9.32,0.7809999999999999,0.175,21.3,8.18,21.42,29.59,19.53,15.19,179.0,0.272,27.0,15.08,12.0,6.7,0.742,0.133,22.19,10.52,16.62,27.13,28.04,13.92,395.0,0.244,95.0,24.05,18.0,4.56,0.645,0.1069999999999999,21.38,9.92,20.33,30.26,29.0,22.35
745489,2024-06-19,2024,457705,R,668881,R,strikeout,True,False,180.0,0.258,47.0,26.11,19.0,10.56,0.7649999999999999,0.16299999999999998,30.63,12.95,18.63,31.57,17.91,20.52,312.0,0.254,72.0,23.08,49.0,15.71,0.767,0.137,28.77,12.06,17.2,29.26,17.59,17.52,162.0,0.241,36.0,22.22,19.0,11.73,0.773,0.19,31.23,15.78,12.75,28.53,26.65,17.73,254.0,0.288,69.0,27.17,20.0,7.87,0.886,0.245,28.29,14.51,14.91,29.42,33.6,19.33
745489,2024-06-19,2024,668804,L,668881,R,field_out,False,False,226.0,0.264,46.0,20.35,23.0,10.18,0.769,0.16399999999999998,27.29,12.77,14.24,27.01,26.69,17.69,438.0,0.252,94.0,21.46,45.0,10.27,0.821,0.2309999999999999,28.75,13.22,13.73,26.95,24.9,18.49,183.0,0.174,53.0,28.96,18.0,9.84,0.5700000000000001,0.11599999999999999,28.28,14.23,13.71,27.94,28.72,21.29,244.0,0.215,83.0,34.02,28.0,11.48,0.736,0.2009999999999999,33.14,15.55,14.17,29.71,25.77,23.31
745489,2024-06-19,2024,665833,L,668881,R,strikeout,True,False,198.0,0.297,62.0,31.31,15.0,7.58,0.853,0.20800000000000002,34.04,15.65,19.07,34.72,34.11,23.57,33.0,0.185,7.0,21.21,5.0,15.15,0.636,0.148,27.69,13.14,15.33,28.47,34.25,17.95,183.0,0.174,53.0,28.96,18.0,9.84,0.5700000000000001,0.11599999999999999,28.28,14.23,13.71,27.94,28.72,21.29,244.0,0.215,83.0,34.02,28.0,11.48,0.736,0.2009999999999999,33.14,15.55,14.17,29.71,25.77,23.31
745489,2024-06-19,2024,682829,L,656605,R,field_out,False,False,197.0,0.253,65.0,32.99,23.0,11.68,0.8340000000000001,0.241,32.35,12.89,20.83,33.72,24.06,30.77,307.0,0.255,95.0,30.94,30.0,9.77,0.7989999999999999,0.2159999999999999,26.69,11.86,17.47,29.33,31.27,25.07,186.0,0.244,51.0,27.42,10.0,5.38,0.72,0.18,22.56,11.0,19.76,30.76,31.27,27.13,430.0,0.253,115.0,26.74,37.0,8.6,0.776,0.202,24.73,12.08,17.13,29.21,25.7,21.9
745489,2024-06-19,2024,668715,R,656605,R,field_out,False,False,205.0,0.235,43.0,20.98,20.0,9.76,0.6890000000000001,0.137,22.34,10.04,17.8,27.84,25.35,15.75,487.0,0.256,106.0,21.77,51.0,10.47,0.7789999999999999,0.175,25.48,10.86,19.02,29.88,22.75,18.53,179.0,0.272,27.0,15.08,12.0,6.7,0.742,0.133,22.19,10.52,16.62,27.13,28.04,13.92,395.0,0.244,95.0,24.05,18.0,4.56,0.645,0.1069999999999999,21.38,9.92,20.33,30.26,29.0,22.35
745489,2024-06-19,2024,641584,L,656605,R,field_out,False,False,151.0,0.274,31.0,20.53,13.0,8.61,0.6859999999999999,0.07399999999999995,20.37,11.76,9.27,21.03,29.25,16.4,339.0,0.268,66.0,19.47,34.0,10.03,0.815,0.199,24.78,12.84,11.52,24.36,30.55,18.38,186.0,0.244,51.0,27.42,10.0,5.38,0.72,0.18,22.56,11.0,19.76,30.76,31.27,27.13,430.0,0.253,115.0,26.74,37.0,8.6,0.776,0.202,24.73,12.08,17.13,29.21,25.7,21.9
745489,2024-06-19,2024,693304,R,668881,R,field_out,False,False,98.0,0.278,22.0,22.45,4.0,4.08,0.731,0.14399999999999996,27.35,15.52,10.69,26.21,33.33,16.3,86.0,0.234,21.0,24.42,3.0,3.49,0.638,0.1299999999999999,30.36,15.84,12.11,27.95,27.85,22.11,162.0,0.241,36.0,22.22,19.0,11.73,0.773,0.19,31.23,15.78,12.75,28.53,26.65,17.73,254.0,0.288,69.0,27.17,20.0,7.87,0.886,0.245,28.29,14.51,14.91,29.42,33.6,19.33
745489,2024-06-19,2024,642133,L,668881,R,strikeout,True,False,160.0,0.245,28.0,17.5,11.0,6.88,0.633,0.08800000000000002,20.6,8.58,20.59,29.17,23.79,18.54,300.0,0.223,73.0,24.33,29.0,9.67,0.69,0.173,22.22,8.47,23.11,31.59,24.77,19.95,183.0,0.174,53.0,28.96,18.0,9.84,0.5700000000000001,0.11599999999999999,28.28,14.23,13.71,27.94,28.72,21.29,244.0,0.215,83.0,34.02,28.0,11.48,0.736,0.2009999999999999,33.14,15.55,14.17,29.71,25.77,23.31
745489,2024-06-19,2024,663647,R,668881,R,field_out,False,False,152.0,0.201,33.0,21.71,10.0,6.58,0.487,0.028999999999999998,18.15,8.14,21.52,29.66,29.35,20.75,358.0,0.26,75.0,20.95,22.0,6.15,0.721,0.1559999999999999,21.48,9.63,20.09,29.72,30.19,22.32,162.0,0.241,36.0,22.22,19.0,11.73,0.773,0.19,31.23,15.78,12.75,28.53,26.65,17.73,254.0,0.288,69.0,27.17,20.0,7.87,0.886,0.245,28.29,14.51,14.91,29.42,33.6,19.33
745489,2024-06-19,2024,669289,R,656605,R,single,False,False,82.0,0.171,15.0,18.29,4.0,4.88,0.486,0.10500000000000001,11.18,5.21,16.26,21.47,24.84,16.48,138.0,0.244,22.0,15.94,10.0,7.25,0.633,0.073,17.87,7.68,20.84,28.52,25.34,15.6,179.0,0.272,27.0,15.08,12.0,6.7,0.742,0.133,22.19,10.52,16.62,27.13,28.04,13.92,395.0,0.244,95.0,24.05,18.0,4.56,0.645,0.1069999999999999,21.38,9.92,20.33,30.26,29.0,22.35
745489,2024-06-19,2024,666181,L,656605,R,field_out,False,False,178.0,0.23,75.0,42.13,17.0,9.55,0.75,0.217,39.09,18.62,15.11,33.74,21.57,31.65,285.0,0.297,89.0,31.23,37.0,12.98,0.938,0.252,31.03,13.11,16.03,29.13,18.51,23.66,186.0,0.244,51.0,27.42,10.0,5.38,0.72,0.18,22.56,11.0,19.76,30.76,31.27,27.13,430.0,0.253,115.0,26.74,37.0,8.6,0.776,0.202,24.73,12.08,17.13,29.21,25.7,21.9
745489,2024-06-19,2024,656413,R,656605,R,field_out,False,False,47.0,0.095,11.0,23.4,2.0,4.26,0.364,0.095,38.82,20.37,12.35,32.72,29.27,24.44,144.0,0.23,35.0,24.31,12.0,8.33,0.716,0.1829999999999999,31.79,17.15,10.79,27.94,25.91,21.74,179.0,0.272,27.0,15.08,12.0,6.7,0.742,0.133,22.19,10.52,16.62,27.13,28.04,13.92,395.0,0.244,95.0,24.05,18.0,4.56,0.645,0.1069999999999999,21.38,9.92,20.33,30.26,29.0,22.35
745489,2024-06-19,2024,674441,L,656605,R,field_out,False,False,58.0,0.196,14.0,24.14,6.0,10.34,0.5700000000000001,0.065,20.59,8.68,21.07,29.75,22.52,17.72,,,,,,,,,,,,,,,186.0,0.244,51.0,27.42,10.0,5.38,0.72,0.18,22.56,11.0,19.76,30.76,31.27,27.13,430.0,0.253,115.0,26.74,37.0,8.6,0.776,0.202,24.73,12.08,17.13,29.21,25.7,21.9
745489,2024-06-19,2024,656582,R,668881,R,field_out,False,False,160.0,0.229,37.0,23.12,13.0,8.12,0.6739999999999999,0.13899999999999998,23.99,10.76,18.87,29.64,24.05,21.39,279.0,0.235,70.0,25.09,27.0,9.68,0.72,0.166,22.25,8.9,20.93,29.83,20.67,18.23,162.0,0.241,36.0,22.22,19.0,11.73,0.773,0.19,31.23,15.78,12.75,28.53,26.65,17.73,254.0,0.288,69.0,27.17,20.0,7.87,0.886,0.245,28.29,14.51,14.91,29.42,33.6,19.33
745489,2024-06-19,2024,518735,L,668881,R,strikeout,True,False,61.0,0.153,11.0,18.03,2.0,3.28,0.46799999999999997,0.13499999999999998,23.01,11.16,22.75,33.91,36.28,16.92,309.0,0.235,61.0,19.74,27.0,8.74,0.636,0.094,22.36,10.08,19.44,29.52,27.06,17.13,183.0,0.174,53.0,28.96,18.0,9.84,0.5700000000000001,0.11599999999999999,28.28,14.23,13.71,27.94,28.72,21.29,244.0,0.215,83.0,34.02,28.0,11.48,0.736,0.2009999999999999,33.14,15.55,14.17,29.71,25.77,23.31
745489,2024-06-19,2024,572191,R,668881,R,field_out,False,False,106.0,0.191,37.0,34.91,7.0,6.6,0.45799999999999996,0.021999999999999992,38.35,17.87,16.97,34.84,30.19,25.52,276.0,0.206,95.0,34.42,18.0,6.52,0.641,0.171,34.66,17.23,15.91,33.15,32.6,28.53,162.0,0.241,36.0,22.22,19.0,11.73,0.773,0.19,31.23,15.78,12.75,28.53,26.65,17.73,254.0,0.288,69.0,27.17,20.0,7.87,0.886,0.245,28.29,14.51,14.91,29.42,33.6,19.33
745489,2024-06-19,2024,571912,R,656605,R,strikeout,True,False,58.0,0.176,21.0,36.21,3.0,5.17,0.492,0.04000000000000001,30.28,13.58,17.28,30.86,25.6,28.0,141.0,0.224,35.0,24.82,10.0,7.09,0.675,0.144,25.1,11.19,19.96,31.16,24.62,23.65,179.0,0.272,27.0,15.08,12.0,6.7,0.742,0.133,22.19,10.52,16.62,27.13,28.04,13.92,395.0,0.244,95.0,24.05,18.0,4.56,0.645,0.1069999999999999,21.38,9.92,20.33,30.26,29.0,22.35
745489,2024-06-19,2024,663697,R,656605,R,single,False,False,178.0,0.213,43.0,24.16,23.0,12.92,0.626,0.087,20.88,7.58,21.14,28.72,16.13,20.28,397.0,0.257,73.0,18.39,37.0,9.32,0.7809999999999999,0.175,21.3,8.18,21.42,29.59,19.53,15.19,179.0,0.272,27.0,15.08,12.0,6.7,0.742,0.133,22.19,10.52,16.62,27.13,28.04,13.92,395.0,0.244,95.0,24.05,18.0,4.56,0.645,0.1069999999999999,21.38,9.92,20.33,30.26,29.0,22.35
745489,2024-06-19,2024,682829,L,656605,R,field_out,False,False,197.0,0.253,65.0,32.99,23.0,11.68,0.8340000000000001,0.241,32.35,12.89,20.83,33.72,24.06,30.77,307.0,0.255,95.0,30.94,30.0,9.77,0.7989999999999999,0.2159999999999999,26.69,11.86,17.47,29.33,31.27,25.07,186.0,0.244,51.0,27.42,10.0,5.38,0.72,0.18,22.56,11.0,19.76,30.76,31.27,27.13,430.0,0.253,115.0,26.74,37.0,8.6,0.776,0.202,24.73,12.08,17.13,29.21,25.7,21.9
745489,2024-06-19,2024,668715,R,656605,R,field_out,False,False,205.0,0.235,43.0,20.98,20.0,9.76,0.6890000000000001,0.137,22.34,10.04,17.8,27.84,25.35,15.75,487.0,0.256,106.0,21.77,51.0,10.47,0.7789999999999999,0.175,25.48,10.86,19.02,29.88,22.75,18.53,179.0,0.272,27.0,15.08,12.0,6.7,0.742,0.133,22.19,10.52,16.62,27.13,28.04,13.92,395.0,0.244,95.0,24.05,18.0,4.56,0.645,0.1069999999999999,21.38,9.92,20.33,30.26,29.0,22.35
745489,2024-06-19,2024,457705,R,668881,R,strikeout,True,False,180.0,0.258,47.0,26.11,19.0,10.56,0.7649999999999999,0.16299999999999998,30.63,12.95,18.63,31.57,17.91,20.52,312.0,0.254,72.0,23.08,49.0,15.71,0.767,0.137,28.77,12.06,17.2,29.26,17.59,17.52,162.0,0.241,36.0,22.22,19.0,11.73,0.773,0.19,31.23,15.78,12.75,28.53,26.65,17.73,254.0,0.288,69.0,27.17,20.0,7.87,0.886,0.245,28.29,14.51,14.91,29.42,33.6,19.33
745489,2024-06-19,2024,668804,L,668881,R,strikeout,True,False,226.0,0.264,46.0,20.35,23.0,10.18,0.769,0.16399999999999998,27.29,12.77,14.24,27.01,26.69,17.69,438.0,0.252,94.0,21.46,45.0,10.27,0.821,0.2309999999999999,28.75,13.22,13.73,26.95,24.9,18.49,183.0,0.174,53.0,28.96,18.0,9.84,0.5700000000000001,0.11599999999999999,28.28,14.23,13.71,27.94,28.72,21.29,244.0,0.215,83.0,34.02,28.0,11.48,0.736,0.2009999999999999,33.14,15.55,14.17,29.71,25.77,23.31
745489,2024-06-19,2024,665833,L,668881,R,field_out,False,False,198.0,0.297,62.0,31.31,15.0,7.58,0.853,0.20800000000000002,34.04,15.65,19.07,34.72,34.11,23.57,33.0,0.185,7.0,21.21,5.0,15.15,0.636,0.148,27.69,13.14,15.33,28.47,34.25,17.95,183.0,0.174,53.0,28.96,18.0,9.84,0.5700000000000001,0.11599999999999999,28.28,14.23,13.71,27.94,28.72,21.29,244.0,0.215,83.0,34.02,28.0,11.48,0.736,0.2009999999999999,33.14,15.55,14.17,29.71,25.77,23.31
745489,2024-06-19,2024,641584,L,656605,R,field_out,False,False,151.0,0.274,31.0,20.53,13.0,8.61,0.6859999999999999,0.07399999999999995,20.37,11.76,9.27,21.03,29.25,16.4,339.0,0.268,66.0,19.47,34.0,10.03,0.815,0.199,24.78,12.84,11.52,24.36,30.55,18.38,186.0,0.244,51.0,27.42,10.0,5.38,0.72,0.18,22.56,11.0,19.76,30.76,31.27,27.13,430.0,0.253,115.0,26.74,37.0,8.6,0.776,0.202,24.73,12.08,17.13,29.21,25.7,21.9
745489,2024-06-19,2024,669289,R,656605,R,field_out,False,False,82.0,0.171,15.0,18.29,4.0,4.88,0.486,0.10500000000000001,11.18,5.21,16.26,21.47,24.84,16.48,138.0,0.244,22.0,15.94,10.0,7.25,0.633,0.073,17.87,7.68,20.84,28.52,25.34,15.6,179.0,0.272,27.0,15.08,12.0,6.7,0.742,0.133,22.19,10.52,16.62,27.13,28.04,13.92,395.0,0.244,95.0,24.05,18.0,4.56,0.645,0.1069999999999999,21.38,9.92,20.33,30.26,29.0,22.35
745489,2024-06-19,2024,666181,L,656605,R,strikeout,True,False,178.0,0.23,75.0,42.13,17.0,9.55,0.75,0.217,39.09,18.62,15.11,33.74,21.57,31.65,285.0,0.297,89.0,31.23,37.0,12.98,0.938,0.252,31.03,13.11,16.03,29.13,18.51,23.66,186.0,0.244,51.0,27.42,10.0,5.38,0.72,0.18,22.56,11.0,19.76,30.76,31.27,27.13,430.0,0.253,115.0,26.74,37.0,8.6,0.776,0.202,24.73,12.08,17.13,29.21,25.7,21.9
745489,2024-06-19,2024,693304,R,668881,R,field_out,False,False,98.0,0.278,22.0,22.45,4.0,4.08,0.731,0.14399999999999996,27.35,15.52,10.69,26.21,33.33,16.3,86.0,0.234,21.0,24.42,3.0,3.49,0.638,0.1299999999999999,30.36,15.84,12.11,27.95,27.85,22.11,162.0,0.241,36.0,22.22,19.0,11.73,0.773,0.19,31.23,15.78,12.75,28.53,26.65,17.73,254.0,0.288,69.0,27.17,20.0,7.87,0.886,0.245,28.29,14.51,14.91,29.42,33.6,19.33
745489,2024-06-19,2024,642133,L,668881,R,double,False,False,160.0,0.245,28.0,17.5,11.0,6.88,0.633,0.08800000000000002,20.6,8.58,20.59,29.17,23.79,18.54,300.0,0.223,73.0,24.33,29.0,9.67,0.69,0.173,22.22,8.47,23.11,31.59,24.77,19.95,183.0,0.174,53.0,28.96,18.0,9.84,0.5700000000000001,0.11599999999999999,28.28,14.23,13.71,27.94,28.72,21.29,244.0,0.215,83.0,34.02,28.0,11.48,0.736,0.2009999999999999,33.14,15.55,14.17,29.71,25.77,23.31
745489,2024-06-19,2024,663647,R,518585,R,field_out,False,False,152.0,0.201,33.0,21.71,10.0,6.58,0.487,0.028999999999999998,18.15,8.14,21.52,29.66,29.35,20.75,358.0,0.26,75.0,20.95,22.0,6.15,0.721,0.1559999999999999,21.48,9.63,20.09,29.72,30.19,22.32,66.0,0.138,34.0,51.52,6.0,9.09,0.37,0.016999999999999987,50.38,25.19,15.41,40.6,40.12,41.98,151.0,0.196,55.0,36.42,10.0,6.62,0.601,0.1519999999999999,39.37,19.93,13.76,33.69,34.92,31.98
745489,2024-06-19,2024,656582,R,518585,R,walk,False,True,160.0,0.229,37.0,23.12,13.0,8.12,0.6739999999999999,0.13899999999999998,23.99,10.76,18.87,29.64,24.05,21.39,279.0,0.235,70.0,25.09,27.0,9.68,0.72,0.166,22.25,8.9,20.93,29.83,20.67,18.23,66.0,0.138,34.0,51.52,6.0,9.09,0.37,0.016999999999999987,50.38,25.19,15.41,40.6,40.12,41.98,151.0,0.196,55.0,36.42,10.0,6.62,0.601,0.1519999999999999,39.37,19.93,13.76,33.69,34.92,31.98
745489,2024-06-19,2024,518735,L,518585,R,field_out,False,False,61.0,0.153,11.0,18.03,2.0,3.28,0.46799999999999997,0.13499999999999998,23.01,11.16,22.75,33.91,36.28,16.92,309.0,0.235,61.0,19.74,27.0,8.74,0.636,0.094,22.36,10.08,19.44,29.52,27.06,17.13,68.0,0.224,21.0,30.88,10.0,14.71,0.769,0.207,33.33,15.66,14.23,29.89,26.43,22.58,128.0,0.231,43.0,33.59,18.0,14.06,0.733,0.158,29.12,13.69,13.69,27.39,27.0,23.76
745489,2024-06-19,2024,656413,R,656605,R,walk,False,True,47.0,0.095,11.0,23.4,2.0,4.26,0.364,0.095,38.82,20.37,12.35,32.72,29.27,24.44,144.0,0.23,35.0,24.31,12.0,8.33,0.716,0.1829999999999999,31.79,17.15,10.79,27.94,25.91,21.74,179.0,0.272,27.0,15.08,12.0,6.7,0.742,0.133,22.19,10.52,16.62,27.13,28.04,13.92,395.0,0.244,95.0,24.05,18.0,4.56,0.645,0.1069999999999999,21.38,9.92,20.33,30.26,29.0,22.35
745489,2024-06-19,2024,600869,L,670059,R,field_out,False,False,181.0,0.254,47.0,25.97,8.0,4.42,0.827,0.28400000000000003,28.07,15.06,13.3,28.36,36.21,21.86,415.0,0.251,91.0,21.93,38.0,9.16,0.812,0.2279999999999999,25.42,11.83,16.22,28.05,27.64,18.71,45.0,0.222,12.0,26.67,9.0,20.0,0.739,0.13899999999999998,26.25,10.77,15.38,26.15,14.85,19.67,108.0,0.255,26.0,24.07,7.0,6.48,0.665,0.1019999999999999,21.83,11.04,11.26,22.3,27.56,16.45
745489,2024-06-19,2024,571912,R,670059,R,strikeout,True,False,58.0,0.176,21.0,36.21,3.0,5.17,0.492,0.04000000000000001,30.28,13.58,17.28,30.86,25.6,28.0,141.0,0.224,35.0,24.82,10.0,7.09,0.675,0.144,25.1,11.19,19.96,31.16,24.62,23.65,56.0,0.096,16.0,28.57,1.0,1.79,0.258,0.019000000000000003,28.42,13.04,21.26,34.3,28.85,27.59,132.0,0.256,32.0,24.24,13.0,9.85,0.7010000000000001,0.1119999999999999,24.65,10.91,18.93,29.84,24.05,23.88
745489,2024-06-19,2024,663697,R,670059,R,field_out,False,False,178.0,0.213,43.0,24.16,23.0,12.92,0.626,0.087,20.88,7.58,21.14,28.72,16.13,20.28,397.0,0.257,73.0,18.39,37.0,9.32,0.7809999999999999,0.175,21.3,8.18,21.42,29.59,19.53,15.19,56.0,0.096,16.0,28.57,1.0,1.79,0.258,0.019000000000000003,28.42,13.04,21.26,34.3,28.85,27.59,132.0,0.256,32.0,24.24,13.0,9.85,0.7010000000000001,0.1119999999999999,24.65,10.91,18.93,29.84,24.05,23.88
745489,2024-06-19,2024,669261,L,607259,R,strikeout,True,False,161.0,0.158,42.0,26.09,21.0,13.04,0.562,0.13699999999999998,25.82,11.93,14.65,26.59,21.7,20.39,404.0,0.232,117.0,28.96,61.0,15.1,0.857,0.271,29.06,11.36,18.81,30.17,17.6,22.37,123.0,0.265,20.0,16.26,5.0,4.07,0.731,0.15999999999999998,22.63,11.7,14.26,25.96,38.15,13.25,197.0,0.261,52.0,26.4,16.0,8.12,0.743,0.1539999999999999,31.0,14.69,17.75,32.44,33.17,20.8
745489,2024-06-19,2024,457705,R,607259,R,field_out,False,False,180.0,0.258,47.0,26.11,19.0,10.56,0.7649999999999999,0.16299999999999998,30.63,12.95,18.63,31.57,17.91,20.52,312.0,0.254,72.0,23.08,49.0,15.71,0.767,0.137,28.77,12.06,17.2,29.26,17.59,17.52,113.0,0.239,23.0,20.35,3.0,2.65,0.615,0.119,24.65,13.22,15.71,28.93,37.11,19.01,265.0,0.224,54.0,20.38,24.0,9.06,0.606,0.0839999999999999,26.67,12.33,17.68,30.01,32.95,21.26
745489,2024-06-19,2024,668804,L,607259,R,home_run,False,False,226.0,0.264,46.0,20.35,23.0,10.18,0.769,0.16399999999999998,27.29,12.77,14.24,27.01,26.69,17.69,438.0,0.252,94.0,21.46,45.0,10.27,0.821,0.2309999999999999,28.75,13.22,13.73,26.95,24.9,18.49,123.0,0.265,20.0,16.26,5.0,4.07,0.731,0.15999999999999998,22.63,11.7,14.26,25.96,38.15,13.25,197.0,0.261,52.0,26.4,16.0,8.12,0.743,0.1539999999999999,31.0,14.69,17.75,32.44,33.17,20.8
745489,2024-06-19,2024,665833,L,594580,L,strikeout,True,False,65.0,0.113,23.0,35.38,3.0,4.62,0.364,0.09699999999999999,29.57,14.17,21.67,35.83,35.09,33.82,7.0,0.6,1.0,14.29,2.0,28.57,1.314,0.0,50.0,14.81,18.52,33.33,12.5,14.29,23.0,0.25,6.0,26.09,2.0,8.7,0.554,0.0,31.91,15.62,14.58,30.21,32.0,20.69,121.0,0.161,42.0,34.71,7.0,5.79,0.4579999999999999,0.0799999999999999,27.98,12.53,20.53,33.06,27.27,27.27
745489,2024-06-19,2024,682829,L,670280,R,field_out,False,False,197.0,0.253,65.0,32.99,23.0,11.68,0.8340000000000001,0.241,32.35,12.89,20.83,33.72,24.06,30.77,307.0,0.255,95.0,30.94,30.0,9.77,0.7989999999999999,0.2159999999999999,26.69,11.86,17.47,29.33,31.27,25.07,64.0,0.186,16.0,25.0,4.0,6.25,0.6920000000000001,0.272,24.63,13.41,15.45,28.86,35.14,20.25,135.0,0.22,39.0,28.89,12.0,8.89,0.606,0.0849999999999999,28.03,14.31,13.25,27.56,33.22,20.63
745489,2024-06-19,2024,668715,R,670280,R,field_out,False,False,205.0,0.235,43.0,20.98,20.0,9.76,0.6890000000000001,0.137,22.34,10.04,17.8,27.84,25.35,15.75,487.0,0.256,106.0,21.77,51.0,10.47,0.7789999999999999,0.175,25.48,10.86,19.02,29.88,22.75,18.53,67.0,0.279,16.0,23.88,3.0,4.48,0.71,0.09799999999999998,30.82,16.13,14.7,30.82,38.1,17.58,142.0,0.209,41.0,28.87,9.0,6.34,0.5880000000000001,0.117,37.22,20.68,12.23,32.91,35.84,22.16
745489,2024-06-19,2024,641584,L,670280,R,field_out,False,False,151.0,0.274,31.0,20.53,13.0,8.61,0.6859999999999999,0.07399999999999995,20.37,11.76,9.27,21.03,29.25,16.4,339.0,0.268,66.0,19.47,34.0,10.03,0.815,0.199,24.78,12.84,11.52,24.36,30.55,18.38,64.0,0.186,16.0,25.0,4.0,6.25,0.6920000000000001,0.272,24.63,13.41,15.45,28.86,35.14,20.25,135.0,0.22,39.0,28.89,12.0,8.89,0.606,0.0849999999999999,28.03,14.31,13.25,27.56,33.22,20.63
746050,2024-06-19,2024,691026,R,630023,R,field_out,False,False,158.0,0.319,26.0,16.46,11.0,6.96,0.756,0.07800000000000001,15.96,7.55,18.34,25.89,29.55,12.81,100.0,0.161,19.0,19.0,9.0,9.0,0.478,0.0799999999999999,21.56,9.11,22.03,31.14,24.87,14.88,,,,,,,,,,,,,,,184.0,0.278,29.0,15.76,14.0,7.61,0.829,0.2099999999999999,21.34,10.32,14.45,24.78,26.63,16.57
746050,2024-06-19,2024,676475,L,630023,R,strikeout,True,False,165.0,0.299,24.0,14.55,7.0,4.24,0.8109999999999999,0.179,18.98,10.75,12.12,22.87,34.69,14.81,318.0,0.243,39.0,12.26,21.0,6.6,0.698,0.156,17.66,9.16,14.01,23.17,33.05,13.13,,,,,,,,,,,,,,,185.0,0.272,24.0,12.97,13.0,7.03,0.8109999999999999,0.2069999999999999,14.11,6.9,15.44,22.34,25.47,12.7
746050,2024-06-19,2024,502671,R,630023,R,strikeout,True,False,223.0,0.213,70.0,31.39,19.0,8.52,0.645,0.148,29.3,13.9,18.6,32.5,29.91,19.83,518.0,0.259,120.0,23.17,67.0,12.93,0.8049999999999999,0.187,27.85,12.3,17.85,30.16,25.85,17.44,,,,,,,,,,,,,,,184.0,0.278,29.0,15.76,14.0,7.61,0.829,0.2099999999999999,21.34,10.32,14.45,24.78,26.63,16.57
746050,2024-06-19,2024,650559,R,669461,L,home_run,False,False,109.0,0.282,26.0,23.85,4.0,3.67,0.729,0.135,28.31,15.78,12.72,28.5,31.75,26.8,154.0,0.277,35.0,22.73,11.0,7.14,0.708,0.1059999999999999,27.76,13.7,15.51,29.21,33.53,19.77,90.0,0.32,16.0,17.78,12.0,13.33,0.937,0.21300000000000002,23.12,12.32,11.17,23.5,28.05,15.53,220.0,0.302,37.0,16.82,24.0,10.91,0.861,0.182,19.22,8.65,16.02,24.68,24.94,17.29
746050,2024-06-19,2024,660821,L,669461,L,home_run,False,False,36.0,0.086,9.0,25.0,0.0,0.0,0.172,0.0,31.88,20.95,11.43,32.38,50.0,30.0,50.0,0.213,15.0,30.0,2.0,4.0,0.5640000000000001,0.106,36.46,18.82,18.82,37.63,40.62,23.73,50.0,0.125,11.0,22.0,2.0,4.0,0.306,0.02099999999999999,30.0,13.99,17.1,31.09,22.73,20.37,55.0,0.163,9.0,16.36,1.0,1.82,0.522,0.1229999999999999,16.67,7.21,16.83,24.04,19.19,15.25
746050,2024-06-19,2024,605137,R,669461,L,double,False,False,107.0,0.202,15.0,14.02,11.0,10.28,0.6200000000000001,0.138,22.29,9.8,15.33,25.13,28.05,16.13,186.0,0.265,41.0,22.04,24.0,12.9,0.854,0.2289999999999999,28.46,13.82,12.89,26.71,26.88,18.81,90.0,0.32,16.0,17.78,12.0,13.33,0.937,0.21300000000000002,23.12,12.32,11.17,23.5,28.05,15.53,220.0,0.302,37.0,16.82,24.0,10.91,0.861,0.182,19.22,8.65,16.02,24.68,24.94,17.29
746050,2024-06-19,2024,669394,R,669461,L,walk,False,True,70.0,0.185,13.0,18.57,4.0,5.71,0.46,0.04600000000000001,24.29,12.98,15.27,28.24,41.79,16.25,139.0,0.26,37.0,26.62,9.0,6.47,0.907,0.3229999999999999,32.62,17.56,12.21,29.77,35.74,24.5,90.0,0.32,16.0,17.78,12.0,13.33,0.937,0.21300000000000002,23.12,12.32,11.17,23.5,28.05,15.53,220.0,0.302,37.0,16.82,24.0,10.91,0.861,0.182,19.22,8.65,16.02,24.68,24.94,17.29
746050,2024-06-19,2024,624503,L,669461,L,grounded_into_double_play,False,False,16.0,0.188,3.0,18.75,0.0,0.0,0.626,0.25,26.47,15.0,16.67,31.67,46.67,14.29,10.0,0.3,1.0,10.0,0.0,0.0,0.7,0.1,20.0,12.9,9.68,22.58,50.0,12.5,50.0,0.125,11.0,22.0,2.0,4.0,0.306,0.02099999999999999,30.0,13.99,17.1,31.09,22.73,20.37,55.0,0.163,9.0,16.36,1.0,1.82,0.522,0.1229999999999999,16.67,7.21,16.83,24.04,19.19,15.25
746050,2024-06-19,2024,641313,R,669461,L,field_out,False,False,80.0,0.267,24.0,30.0,5.0,6.25,0.5920000000000001,0.013000000000000012,33.16,19.33,11.96,31.29,40.96,20.17,130.0,0.304,27.0,20.77,5.0,3.85,0.7150000000000001,0.08,23.36,13.11,11.89,25.0,33.47,17.65,90.0,0.32,16.0,17.78,12.0,13.33,0.937,0.21300000000000002,23.12,12.32,11.17,23.5,28.05,15.53,220.0,0.302,37.0,16.82,24.0,10.91,0.861,0.182,19.22,8.65,16.02,24.68,24.94,17.29
746050,2024-06-19,2024,669357,L,630023,R,home_run,False,False,179.0,0.212,65.0,36.31,18.0,10.06,0.748,0.24400000000000002,39.78,19.56,14.88,34.44,30.0,27.43,378.0,0.231,124.0,32.8,42.0,11.11,0.7969999999999999,0.2459999999999999,35.96,17.73,12.12,29.85,28.13,25.15,,,,,,,,,,,,,,,185.0,0.272,24.0,12.97,13.0,7.03,0.8109999999999999,0.2069999999999999,14.11,6.9,15.44,22.34,25.47,12.7
746050,2024-06-19,2024,571448,R,630023,R,single,False,False,225.0,0.269,44.0,19.56,19.0,8.44,0.7210000000000001,0.119,22.31,9.85,20.24,30.09,30.33,16.67,468.0,0.28,81.0,17.31,31.0,6.62,0.8089999999999999,0.2009999999999999,20.4,9.71,17.28,26.99,33.33,16.43,,,,,,,,,,,,,,,184.0,0.278,29.0,15.76,14.0,7.61,0.829,0.2099999999999999,21.34,10.32,14.45,24.78,26.63,16.57
746050,2024-06-19,2024,680977,L,630023,R,single,False,False,204.0,0.238,32.0,15.69,16.0,7.84,0.706,0.14900000000000002,16.62,6.84,20.15,27.0,23.02,14.55,309.0,0.294,43.0,13.92,27.0,8.74,0.831,0.166,14.96,6.32,19.2,25.52,22.53,13.27,,,,,,,,,,,,,,,185.0,0.272,24.0,12.97,13.0,7.03,0.8109999999999999,0.2069999999999999,14.11,6.9,15.44,22.34,25.47,12.7
746050,2024-06-19,2024,572761,L,630023,R,single,False,False,63.0,0.196,18.0,28.57,6.0,9.52,0.595,0.125,29.73,12.94,18.43,31.37,21.85,25.71,220.0,0.167,64.0,29.09,38.0,17.27,0.616,0.1319999999999999,29.37,12.01,18.83,30.84,21.25,22.78,,,,,,,,,,,,,,,185.0,0.272,24.0,12.97,13.0,7.03,0.8109999999999999,0.2069999999999999,14.11,6.9,15.44,22.34,25.47,12.7
746050,2024-06-19,2024,686780,R,630023,R,field_out,False,False,32.0,0.115,11.0,34.38,5.0,15.62,0.596,0.23099999999999998,22.73,10.95,18.25,29.2,33.33,25.0,,,,,,,,,,,,,,,,,,,,,,,,,,,,,184.0,0.278,29.0,15.76,14.0,7.61,0.829,0.2099999999999999,21.34,10.32,14.45,24.78,26.63,16.57
746050,2024-06-19,2024,672279,L,630023,R,force_out,False,False,104.0,0.266,27.0,25.96,5.0,4.81,0.651,0.08499999999999996,29.32,14.43,18.3,32.73,28.9,23.89,3.0,0.0,1.0,33.33,0.0,0.0,0.0,0.0,40.0,14.29,21.43,35.71,0.0,50.0,,,,,,,,,,,,,,,185.0,0.272,24.0,12.97,13.0,7.03,0.8109999999999999,0.2069999999999999,14.11,6.9,15.44,22.34,25.47,12.7
746050,2024-06-19,2024,691026,R,630023,R,field_out,False,False,158.0,0.319,26.0,16.46,11.0,6.96,0.756,0.07800000000000001,15.96,7.55,18.34,25.89,29.55,12.81,100.0,0.161,19.0,19.0,9.0,9.0,0.478,0.0799999999999999,21.56,9.11,22.03,31.14,24.87,14.88,,,,,,,,,,,,,,,184.0,0.278,29.0,15.76,14.0,7.61,0.829,0.2099999999999999,21.34,10.32,14.45,24.78,26.63,16.57
746050,2024-06-19,2024,660644,R,669461,L,field_out,False,False,41.0,0.216,8.0,19.51,3.0,7.32,0.617,0.10800000000000001,26.74,14.47,12.58,27.04,36.0,14.81,22.0,0.1,4.0,18.18,1.0,4.55,0.282,0.0,13.51,7.46,14.93,22.39,35.29,28.57,90.0,0.32,16.0,17.78,12.0,13.33,0.937,0.21300000000000002,23.12,12.32,11.17,23.5,28.05,15.53,220.0,0.302,37.0,16.82,24.0,10.91,0.861,0.182,19.22,8.65,16.02,24.68,24.94,17.29
746050,2024-06-19,2024,672640,R,669461,L,field_out,False,False,39.0,0.184,6.0,15.38,0.0,0.0,0.447,0.07900000000000001,20.0,13.49,12.7,26.19,55.74,13.64,,,,,,,,,,,,,,,90.0,0.32,16.0,17.78,12.0,13.33,0.937,0.21300000000000002,23.12,12.32,11.17,23.5,28.05,15.53,220.0,0.302,37.0,16.82,24.0,10.91,0.861,0.182,19.22,8.65,16.02,24.68,24.94,17.29
746050,2024-06-19,2024,663743,R,669461,L,field_out,False,False,48.0,0.128,5.0,10.42,1.0,2.08,0.316,0.04200000000000001,12.66,6.71,15.44,22.15,31.88,15.62,84.0,0.316,11.0,13.1,3.0,3.57,0.854,0.184,12.5,6.01,14.49,20.49,25.87,17.46,90.0,0.32,16.0,17.78,12.0,13.33,0.937,0.21300000000000002,23.12,12.32,11.17,23.5,28.05,15.53,220.0,0.302,37.0,16.82,24.0,10.91,0.861,0.182,19.22,8.65,16.02,24.68,24.94,17.29
746050,2024-06-19,2024,676475,L,630023,R,strikeout,True,False,165.0,0.299,24.0,14.55,7.0,4.24,0.8109999999999999,0.179,18.98,10.75,12.12,22.87,34.69,14.81,318.0,0.243,39.0,12.26,21.0,6.6,0.698,0.156,17.66,9.16,14.01,23.17,33.05,13.13,,,,,,,,,,,,,,,185.0,0.272,24.0,12.97,13.0,7.03,0.8109999999999999,0.2069999999999999,14.11,6.9,15.44,22.34,25.47,12.7
746050,2024-06-19,2024,502671,R,630023,R,single,False,False,223.0,0.213,70.0,31.39,19.0,8.52,0.645,0.148,29.3,13.9,18.6,32.5,29.91,19.83,518.0,0.259,120.0,23.17,67.0,12.93,0.8049999999999999,0.187,27.85,12.3,17.85,30.16,25.85,17.44,,,,,,,,,,,,,,,184.0,0.278,29.0,15.76,14.0,7.61,0.829,0.2099999999999999,21.34,10.32,14.45,24.78,26.63,16.57
746050,2024-06-19,2024,669357,L,630023,R,field_out,False,False,179.0,0.212,65.0,36.31,18.0,10.06,0.748,0.24400000000000002,39.78,19.56,14.88,34.44,30.0,27.43,378.0,0.231,124.0,32.8,42.0,11.11,0.7969999999999999,0.2459999999999999,35.96,17.73,12.12,29.85,28.13,25.15,,,,,,,,,,,,,,,185.0,0.272,24.0,12.97,13.0,7.03,0.8109999999999999,0.2069999999999999,14.11,6.9,15.44,22.34,25.47,12.7
746050,2024-06-19,2024,571448,R,630023,R,field_out,False,False,225.0,0.269,44.0,19.56,19.0,8.44,0.7210000000000001,0.119,22.31,9.85,20.24,30.09,30.33,16.67,468.0,0.28,81.0,17.31,31.0,6.62,0.8089999999999999,0.2009999999999999,20.4,9.71,17.28,26.99,33.33,16.43,,,,,,,,,,,,,,,184.0,0.278,29.0,15.76,14.0,7.61,0.829,0.2099999999999999,21.34,10.32,14.45,24.78,26.63,16.57
746050,2024-06-19,2024,650559,R,669461,L,field_out,False,False,109.0,0.282,26.0,23.85,4.0,3.67,0.729,0.135,28.31,15.78,12.72,28.5,31.75,26.8,154.0,0.277,35.0,22.73,11.0,7.14,0.708,0.1059999999999999,27.76,13.7,15.51,29.21,33.53,19.77,90.0,0.32,16.0,17.78,12.0,13.33,0.937,0.21300000000000002,23.12,12.32,11.17,23.5,28.05,15.53,220.0,0.302,37.0,16.82,24.0,10.91,0.861,0.182,19.22,8.65,16.02,24.68,24.94,17.29
746050,2024-06-19,2024,660821,L,669461,L,field_out,False,False,36.0,0.086,9.0,25.0,0.0,0.0,0.172,0.0,31.88,20.95,11.43,32.38,50.0,30.0,50.0,0.213,15.0,30.0,2.0,4.0,0.5640000000000001,0.106,36.46,18.82,18.82,37.63,40.62,23.73,50.0,0.125,11.0,22.0,2.0,4.0,0.306,0.02099999999999999,30.0,13.99,17.1,31.09,22.73,20.37,55.0,0.163,9.0,16.36,1.0,1.82,0.522,0.1229999999999999,16.67,7.21,16.83,24.04,19.19,15.25
746050,2024-06-19,2024,605137,R,669461,L,strikeout,True,False,107.0,0.202,15.0,14.02,11.0,10.28,0.6200000000000001,0.138,22.29,9.8,15.33,25.13,28.05,16.13,186.0,0.265,41.0,22.04,24.0,12.9,0.854,0.2289999999999999,28.46,13.82,12.89,26.71,26.88,18.81,90.0,0.32,16.0,17.78,12.0,13.33,0.937,0.21300000000000002,23.12,12.32,11.17,23.5,28.05,15.53,220.0,0.302,37.0,16.82,24.0,10.91,0.861,0.182,19.22,8.65,16.02,24.68,24.94,17.29
746050,2024-06-19,2024,680977,L,630023,R,single,False,False,204.0,0.238,32.0,15.69,16.0,7.84,0.706,0.14900000000000002,16.62,6.84,20.15,27.0,23.02,14.55,309.0,0.294,43.0,13.92,27.0,8.74,0.831,0.166,14.96,6.32,19.2,25.52,22.53,13.27,,,,,,,,,,,,,,,185.0,0.272,24.0,12.97,13.0,7.03,0.8109999999999999,0.2069999999999999,14.11,6.9,15.44,22.34,25.47,12.7
746050,2024-06-19,2024,572761,L,630023,R,double,False,False,63.0,0.196,18.0,28.57,6.0,9.52,0.595,0.125,29.73,12.94,18.43,31.37,21.85,25.71,220.0,0.167,64.0,29.09,38.0,17.27,0.616,0.1319999999999999,29.37,12.01,18.83,30.84,21.25,22.78,,,,,,,,,,,,,,,185.0,0.272,24.0,12.97,13.0,7.03,0.8109999999999999,0.2069999999999999,14.11,6.9,15.44,22.34,25.47,12.7
746050,2024-06-19,2024,686780,R,630023,R,strikeout,True,False,32.0,0.115,11.0,34.38,5.0,15.62,0.596,0.23099999999999998,22.73,10.95,18.25,29.2,33.33,25.0,,,,,,,,,,,,,,,,,,,,,,,,,,,,,184.0,0.278,29.0,15.76,14.0,7.61,0.829,0.2099999999999999,21.34,10.32,14.45,24.78,26.63,16.57
746050,2024-06-19,2024,672279,L,630023,R,fielders_choice_out,False,False,104.0,0.266,27.0,25.96,5.0,4.81,0.651,0.08499999999999996,29.32,14.43,18.3,32.73,28.9,23.89,3.0,0.0,1.0,33.33,0.0,0.0,0.0,0.0,40.0,14.29,21.43,35.71,0.0,50.0,,,,,,,,,,,,,,,185.0,0.272,24.0,12.97,13.0,7.03,0.8109999999999999,0.2069999999999999,14.11,6.9,15.44,22.34,25.47,12.7
746050,2024-06-19,2024,691026,R,630023,R,field_out,False,False,158.0,0.319,26.0,16.46,11.0,6.96,0.756,0.07800000000000001,15.96,7.55,18.34,25.89,29.55,12.81,100.0,0.161,19.0,19.0,9.0,9.0,0.478,0.0799999999999999,21.56,9.11,22.03,31.14,24.87,14.88,,,,,,,,,,,,,,,184.0,0.278,29.0,15.76,14.0,7.61,0.829,0.2099999999999999,21.34,10.32,14.45,24.78,26.63,16.57
746050,2024-06-19,2024,669394,R,669461,L,field_out,False,False,70.0,0.185,13.0,18.57,4.0,5.71,0.46,0.04600000000000001,24.29,12.98,15.27,28.24,41.79,16.25,139.0,0.26,37.0,26.62,9.0,6.47,0.907,0.3229999999999999,32.62,17.56,12.21,29.77,35.74,24.5,90.0,0.32,16.0,17.78,12.0,13.33,0.937,0.21300000000000002,23.12,12.32,11.17,23.5,28.05,15.53,220.0,0.302,37.0,16.82,24.0,10.91,0.861,0.182,19.22,8.65,16.02,24.68,24.94,17.29
746050,2024-06-19,2024,624503,L,669461,L,field_out,False,False,16.0,0.188,3.0,18.75,0.0,0.0,0.626,0.25,26.47,15.0,16.67,31.67,46.67,14.29,10.0,0.3,1.0,10.0,0.0,0.0,0.7,0.1,20.0,12.9,9.68,22.58,50.0,12.5,50.0,0.125,11.0,22.0,2.0,4.0,0.306,0.02099999999999999,30.0,13.99,17.1,31.09,22.73,20.37,55.0,0.163,9.0,16.36,1.0,1.82,0.522,0.1229999999999999,16.67,7.21,16.83,24.04,19.19,15.25
746050,2024-06-19,2024,641313,R,688297,R,field_out,False,False,127.0,0.202,36.0,28.35,2.0,1.57,0.432,0.015999999999999986,30.12,15.63,15.63,31.26,37.01,22.36,396.0,0.226,95.0,23.99,21.0,5.3,0.538,0.04,26.05,13.64,14.67,28.31,36.05,20.88,35.0,0.182,8.0,22.86,2.0,5.71,0.502,0.09100000000000003,21.43,10.81,21.62,32.43,35.85,20.51,,,,,,,,,,,,,,
746050,2024-06-19,2024,676475,L,630023,R,field_out,False,False,165.0,0.299,24.0,14.55,7.0,4.24,0.8109999999999999,0.179,18.98,10.75,12.12,22.87,34.69,14.81,318.0,0.243,39.0,12.26,21.0,6.6,0.698,0.156,17.66,9.16,14.01,23.17,33.05,13.13,,,,,,,,,,,,,,,185.0,0.272,24.0,12.97,13.0,7.03,0.8109999999999999,0.2069999999999999,14.11,6.9,15.44,22.34,25.47,12.7
746050,2024-06-19,2024,502671,R,630023,R,strikeout,True,False,223.0,0.213,70.0,31.39,19.0,8.52,0.645,0.148,29.3,13.9,18.6,32.5,29.91,19.83,518.0,0.259,120.0,23.17,67.0,12.93,0.8049999999999999,0.187,27.85,12.3,17.85,30.16,25.85,17.44,,,,,,,,,,,,,,,184.0,0.278,29.0,15.76,14.0,7.61,0.829,0.2099999999999999,21.34,10.32,14.45,24.78,26.63,16.57
746050,2024-06-19,2024,669357,L,630023,R,strikeout,True,False,179.0,0.212,65.0,36.31,18.0,10.06,0.748,0.24400000000000002,39.78,19.56,14.88,34.44,30.0,27.43,378.0,0.231,124.0,32.8,42.0,11.11,0.7969999999999999,0.2459999999999999,35.96,17.73,12.12,29.85,28.13,25.15,,,,,,,,,,,,,,,185.0,0.272,24.0,12.97,13.0,7.03,0.8109999999999999,0.2069999999999999,14.11,6.9,15.44,22.34,25.47,12.7
746050,2024-06-19,2024,660644,L,688297,R,strikeout,True,False,99.0,0.256,17.0,17.17,7.0,7.07,0.69,0.11099999999999999,25.0,13.06,12.78,25.83,24.55,16.04,63.0,0.196,17.0,26.98,4.0,6.35,0.494,0.036,25.62,13.36,13.79,27.16,31.45,26.98,26.0,0.421,4.0,15.38,6.0,23.08,1.209,0.21100000000000002,27.59,12.9,11.29,24.19,25.71,8.51,,,,,,,,,,,,,,
746050,2024-06-19,2024,672640,R,688297,R,field_out,False,False,97.0,0.291,16.0,16.49,6.0,6.19,0.756,0.128,22.6,12.01,13.21,25.23,30.49,17.98,,,,,,,,,,,,,,,35.0,0.182,8.0,22.86,2.0,5.71,0.502,0.09100000000000003,21.43,10.81,21.62,32.43,35.85,20.51,,,,,,,,,,,,,,
746050,2024-06-19,2024,663743,R,688297,R,single,False,False,94.0,0.17,11.0,11.7,3.0,3.19,0.46499999999999997,0.07999999999999999,9.29,4.04,20.5,24.53,24.2,14.1,241.0,0.165,48.0,19.92,14.0,5.81,0.46,0.064,18.93,8.36,19.79,28.15,25.54,22.43,35.0,0.182,8.0,22.86,2.0,5.71,0.502,0.09100000000000003,21.43,10.81,21.62,32.43,35.85,20.51,,,,,,,,,,,,,,
746050,2024-06-19,2024,650559,R,688297,R,field_out,False,False,201.0,0.224,53.0,26.37,16.0,7.96,0.704,0.19099999999999998,32.2,16.42,13.7,30.12,32.08,22.46,473.0,0.251,107.0,22.62,29.0,6.13,0.717,0.1689999999999999,28.95,14.54,15.93,30.47,34.61,18.71,35.0,0.182,8.0,22.86,2.0,5.71,0.502,0.09100000000000003,21.43,10.81,21.62,32.43,35.85,20.51,,,,,,,,,,,,,,
746050,2024-06-19,2024,571448,R,630023,R,single,False,False,225.0,0.269,44.0,19.56,19.0,8.44,0.7210000000000001,0.119,22.31,9.85,20.24,30.09,30.33,16.67,468.0,0.28,81.0,17.31,31.0,6.62,0.8089999999999999,0.2009999999999999,20.4,9.71,17.28,26.99,33.33,16.43,,,,,,,,,,,,,,,184.0,0.278,29.0,15.76,14.0,7.61,0.829,0.2099999999999999,21.34,10.32,14.45,24.78,26.63,16.57
746050,2024-06-19,2024,680977,L,640462,L,strikeout,True,False,91.0,0.268,7.0,7.69,4.0,4.4,0.685,0.09799999999999998,13.04,5.31,19.76,25.07,20.62,9.21,63.0,0.236,10.0,15.87,6.0,9.52,0.569,0.0,14.29,6.33,19.83,26.16,24.58,15.87,39.0,0.314,6.0,15.38,3.0,7.69,0.854,0.172,16.92,7.69,18.18,25.87,26.23,17.14,76.0,0.197,29.0,38.16,2.0,2.63,0.5780000000000001,0.141,33.08,15.03,23.78,38.81,33.07,30.85
746050,2024-06-19,2024,572761,L,640462,L,strikeout,True,False,12.0,0.3,3.0,25.0,1.0,8.33,0.717,0.0,22.73,8.62,20.69,29.31,17.24,14.29,18.0,0.286,3.0,16.67,3.0,16.67,0.96,0.285,15.62,5.56,23.33,28.89,20.0,8.82,39.0,0.314,6.0,15.38,3.0,7.69,0.854,0.172,16.92,7.69,18.18,25.87,26.23,17.14,76.0,0.197,29.0,38.16,2.0,2.63,0.5780000000000001,0.141,33.08,15.03,23.78,38.81,33.07,30.85
746050,2024-06-19,2024,686780,R,640462,L,field_out,False,False,19.0,0.118,3.0,15.79,1.0,5.26,0.33399999999999996,0.057999999999999996,27.27,14.52,16.13,30.65,22.73,23.08,,,,,,,,,,,,,,,95.0,0.276,14.0,14.74,17.0,17.89,0.9019999999999999,0.21099999999999997,21.26,9.41,16.54,25.95,25.85,11.67,166.0,0.261,49.0,29.52,11.0,6.63,0.765,0.197,33.03,16.05,18.42,34.47,27.76,21.88
746050,2024-06-19,2024,660821,L,667463,L,walk,False,True,36.0,0.086,9.0,25.0,0.0,0.0,0.172,0.0,31.88,20.95,11.43,32.38,50.0,30.0,50.0,0.213,15.0,30.0,2.0,4.0,0.5640000000000001,0.106,36.46,18.82,18.82,37.63,40.62,23.73,48.0,0.239,10.0,20.83,1.0,2.08,0.662,0.15200000000000002,23.17,11.45,18.67,30.12,32.05,22.73,53.0,0.347,8.0,15.09,3.0,5.66,0.7929999999999999,0.061,23.08,11.6,17.68,29.28,28.75,17.39
746050,2024-06-19,2024,605137,R,667463,L,single,False,False,107.0,0.202,15.0,14.02,11.0,10.28,0.6200000000000001,0.138,22.29,9.8,15.33,25.13,28.05,16.13,186.0,0.265,41.0,22.04,24.0,12.9,0.854,0.2289999999999999,28.46,13.82,12.89,26.71,26.88,18.81,52.0,0.213,10.0,19.23,2.0,3.85,0.554,0.10600000000000001,19.51,9.64,18.67,28.31,34.57,32.26,104.0,0.292,12.0,11.54,7.0,6.73,0.722,0.093,20.71,10.06,15.8,25.86,32.8,16.44
746050,2024-06-19,2024,669394,R,667463,L,strikeout,True,False,70.0,0.185,13.0,18.57,4.0,5.71,0.46,0.04600000000000001,24.29,12.98,15.27,28.24,41.79,16.25,139.0,0.26,37.0,26.62,9.0,6.47,0.907,0.3229999999999999,32.62,17.56,12.21,29.77,35.74,24.5,52.0,0.213,10.0,19.23,2.0,3.85,0.554,0.10600000000000001,19.51,9.64,18.67,28.31,34.57,32.26,104.0,0.292,12.0,11.54,7.0,6.73,0.722,0.093,20.71,10.06,15.8,25.86,32.8,16.44
746050,2024-06-19,2024,667472,R,667463,L,sac_fly,False,False,44.0,0.211,15.0,34.09,2.0,4.55,0.69,0.18400000000000002,30.3,12.9,24.52,37.42,26.15,28.85,20.0,0.4,4.0,20.0,0.0,0.0,0.9,0.0999999999999999,30.0,13.24,20.59,33.82,28.12,25.0,52.0,0.213,10.0,19.23,2.0,3.85,0.554,0.10600000000000001,19.51,9.64,18.67,28.31,34.57,32.26,104.0,0.292,12.0,11.54,7.0,6.73,0.722,0.093,20.71,10.06,15.8,25.86,32.8,16.44
746050,2024-06-19,2024,641313,R,681517,R,single,False,False,127.0,0.202,36.0,28.35,2.0,1.57,0.432,0.015999999999999986,30.12,15.63,15.63,31.26,37.01,22.36,396.0,0.226,95.0,23.99,21.0,5.3,0.538,0.04,26.05,13.64,14.67,28.31,36.05,20.88,55.0,0.176,8.0,14.55,3.0,5.45,0.434,0.04000000000000001,24.27,13.23,10.05,23.28,32.97,17.39,13.0,0.375,2.0,15.38,4.0,30.77,1.615,0.625,35.29,12.0,18.0,30.0,7.41,25.0
746050,2024-06-19,2024,660644,L,681517,R,field_out,False,False,99.0,0.256,17.0,17.17,7.0,7.07,0.69,0.11099999999999999,25.0,13.06,12.78,25.83,24.55,16.04,63.0,0.196,17.0,26.98,4.0,6.35,0.494,0.036,25.62,13.36,13.79,27.16,31.45,26.98,33.0,0.3,6.0,18.18,3.0,9.09,0.764,0.10000000000000003,21.67,10.0,17.69,27.69,25.76,16.22,2.0,1.0,0.0,0.0,1.0,50.0,3.0,1.0,0.0,0.0,12.5,12.5,0.0,
746050,2024-06-19,2024,666185,R,640462,L,strikeout,True,False,49.0,0.186,9.0,18.37,4.0,8.16,0.474,0.022999999999999993,27.47,13.59,14.67,28.26,27.47,20.0,86.0,0.268,12.0,13.95,12.0,13.95,0.77,0.126,22.46,10.88,12.44,23.32,23.98,9.3,95.0,0.276,14.0,14.74,17.0,17.89,0.9019999999999999,0.21099999999999997,21.26,9.41,16.54,25.95,25.85,11.67,166.0,0.261,49.0,29.52,11.0,6.63,0.765,0.197,33.03,16.05,18.42,34.47,27.76,21.88
746050,2024-06-19,2024,691026,R,640462,L,single,False,False,89.0,0.253,23.0,25.84,6.0,6.74,0.7849999999999999,0.22899999999999998,17.35,8.92,17.59,26.51,37.57,18.55,37.0,0.2,7.0,18.92,1.0,2.7,0.445,0.0289999999999999,21.54,10.0,20.0,30.0,25.4,18.92,95.0,0.276,14.0,14.74,17.0,17.89,0.9019999999999999,0.21099999999999997,21.26,9.41,16.54,25.95,25.85,11.67,166.0,0.261,49.0,29.52,11.0,6.63,0.765,0.197,33.03,16.05,18.42,34.47,27.76,21.88
746050,2024-06-19,2024,676475,L,640462,L,field_out,False,False,69.0,0.212,8.0,11.59,2.0,2.9,0.599,0.152,20.71,11.89,11.48,23.36,34.21,12.12,29.0,0.259,6.0,20.69,2.0,6.9,0.606,0.0369999999999999,18.18,9.62,19.23,28.85,41.82,19.35,39.0,0.314,6.0,15.38,3.0,7.69,0.854,0.172,16.92,7.69,18.18,25.87,26.23,17.14,76.0,0.197,29.0,38.16,2.0,2.63,0.5780000000000001,0.141,33.08,15.03,23.78,38.81,33.07,30.85
746050,2024-06-19,2024,502671,R,623211,R,field_error,False,False,223.0,0.213,70.0,31.39,19.0,8.52,0.645,0.148,29.3,13.9,18.6,32.5,29.91,19.83,518.0,0.259,120.0,23.17,67.0,12.93,0.8049999999999999,0.187,27.85,12.3,17.85,30.16,25.85,17.44,23.0,0.15,6.0,26.09,2.0,8.7,0.41100000000000003,0.0,22.41,12.75,12.75,25.49,40.0,17.14,161.0,0.209,46.0,28.57,20.0,12.42,0.618,0.0819999999999999,31.65,14.73,15.91,30.63,34.11,20.72
746050,2024-06-19,2024,669357,L,623211,R,strikeout,True,False,179.0,0.212,65.0,36.31,18.0,10.06,0.748,0.24400000000000002,39.78,19.56,14.88,34.44,30.0,27.43,378.0,0.231,124.0,32.8,42.0,11.11,0.7969999999999999,0.2459999999999999,35.96,17.73,12.12,29.85,28.13,25.15,27.0,0.143,3.0,11.11,6.0,22.22,0.476,0.0,27.27,11.21,11.21,22.43,22.58,13.64,96.0,0.298,19.0,19.79,11.0,11.46,0.815,0.142,31.52,15.03,14.45,29.48,33.7,20.43
746050,2024-06-19,2024,672640,R,681517,R,field_out,False,False,97.0,0.291,16.0,16.49,6.0,6.19,0.756,0.128,22.6,12.01,13.21,25.23,30.49,17.98,,,,,,,,,,,,,,,55.0,0.176,8.0,14.55,3.0,5.45,0.434,0.04000000000000001,24.27,13.23,10.05,23.28,32.97,17.39,13.0,0.375,2.0,15.38,4.0,30.77,1.615,0.625,35.29,12.0,18.0,30.0,7.41,25.0
746050,2024-06-19,2024,663743,R,681517,R,field_out,False,False,94.0,0.17,11.0,11.7,3.0,3.19,0.46499999999999997,0.07999999999999999,9.29,4.04,20.5,24.53,24.2,14.1,241.0,0.165,48.0,19.92,14.0,5.81,0.46,0.064,18.93,8.36,19.79,28.15,25.54,22.43,55.0,0.176,8.0,14.55,3.0,5.45,0.434,0.04000000000000001,24.27,13.23,10.05,23.28,32.97,17.39,13.0,0.375,2.0,15.38,4.0,30.77,1.615,0.625,35.29,12.0,18.0,30.0,7.41,25.0
746050,2024-06-19,2024,650559,R,681517,R,strikeout,True,False,201.0,0.224,53.0,26.37,16.0,7.96,0.704,0.19099999999999998,32.2,16.42,13.7,30.12,32.08,22.46,473.0,0.251,107.0,22.62,29.0,6.13,0.717,0.1689999999999999,28.95,14.54,15.93,30.47,34.61,18.71,55.0,0.176,8.0,14.55,3.0,5.45,0.434,0.04000000000000001,24.27,13.23,10.05,23.28,32.97,17.39,13.0,0.375,2.0,15.38,4.0,30.77,1.615,0.625,35.29,12.0,18.0,30.0,7.41,25.0
746050,2024-06-19,2024,571448,R,623211,R,hit_by_pitch,False,False,225.0,0.269,44.0,19.56,19.0,8.44,0.7210000000000001,0.119,22.31,9.85,20.24,30.09,30.33,16.67,468.0,0.28,81.0,17.31,31.0,6.62,0.8089999999999999,0.2009999999999999,20.4,9.71,17.28,26.99,33.33,16.43,23.0,0.15,6.0,26.09,2.0,8.7,0.41100000000000003,0.0,22.41,12.75,12.75,25.49,40.0,17.14,161.0,0.209,46.0,28.57,20.0,12.42,0.618,0.0819999999999999,31.65,14.73,15.91,30.63,34.11,20.72
746050,2024-06-19,2024,680977,L,623211,R,field_out,False,False,204.0,0.238,32.0,15.69,16.0,7.84,0.706,0.14900000000000002,16.62,6.84,20.15,27.0,23.02,14.55,309.0,0.294,43.0,13.92,27.0,8.74,0.831,0.166,14.96,6.32,19.2,25.52,22.53,13.27,27.0,0.143,3.0,11.11,6.0,22.22,0.476,0.0,27.27,11.21,11.21,22.43,22.58,13.64,96.0,0.298,19.0,19.79,11.0,11.46,0.815,0.142,31.52,15.03,14.45,29.48,33.7,20.43
746050,2024-06-19,2024,572761,L,623211,R,strikeout,True,False,63.0,0.196,18.0,28.57,6.0,9.52,0.595,0.125,29.73,12.94,18.43,31.37,21.85,25.71,220.0,0.167,64.0,29.09,38.0,17.27,0.616,0.1319999999999999,29.37,12.01,18.83,30.84,21.25,22.78,27.0,0.143,3.0,11.11,6.0,22.22,0.476,0.0,27.27,11.21,11.21,22.43,22.58,13.64,96.0,0.298,19.0,19.79,11.0,11.46,0.815,0.142,31.52,15.03,14.45,29.48,33.7,20.43
746050,2024-06-19,2024,660821,L,681517,R,strikeout,True,False,182.0,0.274,41.0,22.53,10.0,5.49,0.747,0.14899999999999997,25.21,13.78,12.25,26.03,36.47,20.0,353.0,0.258,93.0,26.35,36.0,10.2,0.805,0.21,29.33,14.21,14.01,28.21,30.32,20.53,33.0,0.3,6.0,18.18,3.0,9.09,0.764,0.10000000000000003,21.67,10.0,17.69,27.69,25.76,16.22,2.0,1.0,0.0,0.0,1.0,50.0,3.0,1.0,0.0,0.0,12.5,12.5,0.0,
746050,2024-06-19,2024,605137,L,681517,R,field_out,False,False,200.0,0.265,40.0,20.0,11.0,5.5,0.71,0.122,30.03,16.16,10.1,26.26,29.3,23.64,432.0,0.239,93.0,21.53,39.0,9.03,0.6970000000000001,0.148,24.59,11.57,13.95,25.52,28.11,20.58,33.0,0.3,6.0,18.18,3.0,9.09,0.764,0.10000000000000003,21.67,10.0,17.69,27.69,25.76,16.22,2.0,1.0,0.0,0.0,1.0,50.0,3.0,1.0,0.0,0.0,12.5,12.5,0.0,
746050,2024-06-19,2024,669394,R,681517,R,field_out,False,False,144.0,0.243,38.0,26.39,7.0,4.86,0.69,0.16899999999999998,26.87,14.34,15.94,30.28,38.61,27.14,402.0,0.247,112.0,27.86,23.0,5.72,0.8,0.249,34.59,18.69,13.25,31.93,39.43,23.09,55.0,0.176,8.0,14.55,3.0,5.45,0.434,0.04000000000000001,24.27,13.23,10.05,23.28,32.97,17.39,13.0,0.375,2.0,15.38,4.0,30.77,1.615,0.625,35.29,12.0,18.0,30.0,7.41,25.0
746050,2024-06-19,2024,686780,R,656945,L,single,False,False,19.0,0.118,3.0,15.79,1.0,5.26,0.33399999999999996,0.057999999999999996,27.27,14.52,16.13,30.65,22.73,23.08,,,,,,,,,,,,,,,91.0,0.151,24.0,26.37,13.0,14.29,0.512,0.08200000000000002,32.14,15.04,16.99,32.03,31.67,23.3,207.0,0.19,65.0,31.4,13.0,6.28,0.5,0.0529999999999999,32.79,17.6,15.73,33.33,40.1,24.9
746050,2024-06-19,2024,666185,R,656945,L,field_out,False,False,49.0,0.186,9.0,18.37,4.0,8.16,0.474,0.022999999999999993,27.47,13.59,14.67,28.26,27.47,20.0,86.0,0.268,12.0,13.95,12.0,13.95,0.77,0.126,22.46,10.88,12.44,23.32,23.98,9.3,91.0,0.151,24.0,26.37,13.0,14.29,0.512,0.08200000000000002,32.14,15.04,16.99,32.03,31.67,23.3,207.0,0.19,65.0,31.4,13.0,6.28,0.5,0.0529999999999999,32.79,17.6,15.73,33.33,40.1,24.9
746050,2024-06-19,2024,691026,R,656945,L,force_out,False,False,89.0,0.253,23.0,25.84,6.0,6.74,0.7849999999999999,0.22899999999999998,17.35,8.92,17.59,26.51,37.57,18.55,37.0,0.2,7.0,18.92,1.0,2.7,0.445,0.0289999999999999,21.54,10.0,20.0,30.0,25.4,18.92,91.0,0.151,24.0,26.37,13.0,14.29,0.512,0.08200000000000002,32.14,15.04,16.99,32.03,31.67,23.3,207.0,0.19,65.0,31.4,13.0,6.28,0.5,0.0529999999999999,32.79,17.6,15.73,33.33,40.1,24.9
746050,2024-06-19,2024,676475,L,656945,L,strikeout,True,False,69.0,0.212,8.0,11.59,2.0,2.9,0.599,0.152,20.71,11.89,11.48,23.36,34.21,12.12,29.0,0.259,6.0,20.69,2.0,6.9,0.606,0.0369999999999999,18.18,9.62,19.23,28.85,41.82,19.35,36.0,0.111,9.0,25.0,8.0,22.22,0.499,0.074,32.35,13.92,13.92,27.85,19.75,18.0,100.0,0.193,39.0,39.0,11.0,11.0,0.587,0.1139999999999999,43.85,19.57,19.81,39.38,26.13,31.2
746050,2024-06-19,2024,667472,R,681676,R,single,False,False,18.0,0.188,8.0,44.44,2.0,11.11,0.466,0.0,26.47,10.84,22.89,33.73,27.91,25.81,50.0,0.213,15.0,30.0,2.0,4.0,0.538,0.0849999999999999,23.71,11.79,17.95,29.74,31.82,22.39,75.0,0.221,22.0,29.33,6.0,8.0,0.534,0.028999999999999998,34.18,16.56,14.42,30.98,29.82,19.47,,,,,,,,,,,,,,
746050,2024-06-19,2024,641313,R,681676,R,force_out,False,False,127.0,0.202,36.0,28.35,2.0,1.57,0.432,0.015999999999999986,30.12,15.63,15.63,31.26,37.01,22.36,396.0,0.226,95.0,23.99,21.0,5.3,0.538,0.04,26.05,13.64,14.67,28.31,36.05,20.88,75.0,0.221,22.0,29.33,6.0,8.0,0.534,0.028999999999999998,34.18,16.56,14.42,30.98,29.82,19.47,,,,,,,,,,,,,,
746050,2024-06-19,2024,660644,L,681676,R,field_out,False,False,99.0,0.256,17.0,17.17,7.0,7.07,0.69,0.11099999999999999,25.0,13.06,12.78,25.83,24.55,16.04,63.0,0.196,17.0,26.98,4.0,6.35,0.494,0.036,25.62,13.36,13.79,27.16,31.45,26.98,54.0,0.227,12.0,22.22,6.0,11.11,0.749,0.18199999999999997,27.0,12.11,15.25,27.35,24.78,19.05,,,,,,,,,,,,,,
746050,2024-06-19,2024,672640,R,681676,R,single,False,False,97.0,0.291,16.0,16.49,6.0,6.19,0.756,0.128,22.6,12.01,13.21,25.23,30.49,17.98,,,,,,,,,,,,,,,75.0,0.221,22.0,29.33,6.0,8.0,0.534,0.028999999999999998,34.18,16.56,14.42,30.98,29.82,19.47,,,,,,,,,,,,,,
746864,2024-06-19,2024,689172,L,543294,R,strikeout,True,False,60.0,0.211,13.0,21.67,2.0,3.33,0.531,0.087,20.54,10.22,19.11,29.33,37.14,18.84,106.0,0.155,30.0,28.3,8.0,7.55,0.4639999999999999,0.092,28.32,14.65,14.19,28.83,32.6,19.86,108.0,0.323,16.0,14.81,7.0,6.48,0.95,0.25299999999999995,23.03,11.14,16.58,27.72,31.19,19.05,300.0,0.225,53.0,17.67,16.0,5.33,0.614,0.1249999999999999,24.57,11.27,18.66,29.93,34.05,16.99
746864,2024-06-19,2024,671218,R,543294,R,walk,False,True,113.0,0.292,37.0,32.74,7.0,6.19,0.77,0.14200000000000002,34.65,15.73,16.85,32.58,27.0,29.6,14.0,0.154,4.0,28.57,1.0,7.14,0.368,0.0,30.43,14.58,18.75,33.33,26.09,50.0,100.0,0.333,15.0,15.0,8.0,8.0,0.891,0.178,13.26,6.22,19.17,25.39,30.16,11.54,279.0,0.286,40.0,14.34,11.0,3.94,0.763,0.153,17.28,8.2,19.57,27.77,33.87,15.04
746864,2024-06-19,2024,672275,L,543294,R,strikeout,True,False,146.0,0.298,25.0,17.12,18.0,12.33,0.847,0.17000000000000004,20.14,9.41,13.78,23.19,25.33,15.53,240.0,0.203,70.0,29.17,13.0,5.42,0.5569999999999999,0.0989999999999999,26.61,12.88,17.55,30.43,28.93,23.81,108.0,0.323,16.0,14.81,7.0,6.48,0.95,0.25299999999999995,23.03,11.14,16.58,27.72,31.19,19.05,300.0,0.225,53.0,17.67,16.0,5.33,0.614,0.1249999999999999,24.57,11.27,18.66,29.93,34.05,16.99
746864,2024-06-19,2024,656305,R,543294,R,strikeout,True,False,224.0,0.193,57.0,25.45,19.0,8.48,0.5940000000000001,0.129,26.73,12.11,19.57,31.68,26.36,19.72,471.0,0.223,139.0,29.51,52.0,11.04,0.722,0.179,31.15,13.33,17.79,31.11,18.61,21.72,100.0,0.333,15.0,15.0,8.0,8.0,0.891,0.178,13.26,6.22,19.17,25.39,30.16,11.54,279.0,0.286,40.0,14.34,11.0,3.94,0.763,0.153,17.28,8.2,19.57,27.77,33.87,15.04
746864,2024-06-19,2024,663538,R,669062,L,strikeout,True,False,50.0,0.273,5.0,10.0,5.0,10.0,0.7010000000000001,0.068,14.81,6.98,18.02,25.0,33.33,12.5,180.0,0.306,20.0,11.11,9.0,5.0,0.756,0.1059999999999999,10.25,4.9,18.57,23.48,32.13,11.7,89.0,0.247,19.0,21.35,7.0,7.87,0.8089999999999999,0.259,28.57,13.61,14.92,28.53,25.27,14.62,,,,,,,,,,,,,,
746864,2024-06-19,2024,673548,R,669062,L,walk,False,True,58.0,0.235,11.0,18.97,7.0,12.07,0.759,0.196,21.05,8.33,21.25,29.58,17.86,14.29,168.0,0.306,28.0,16.67,18.0,10.71,0.852,0.1659999999999999,13.89,5.59,20.11,25.7,20.92,12.39,89.0,0.247,19.0,21.35,7.0,7.87,0.8089999999999999,0.259,28.57,13.61,14.92,28.53,25.27,14.62,,,,,,,,,,,,,,
746864,2024-06-19,2024,641355,L,669062,L,field_out,False,False,77.0,0.347,9.0,11.69,1.0,1.3,0.831,0.133,20.93,11.25,17.92,29.17,36.73,15.25,183.0,0.337,29.0,15.85,13.0,7.1,0.984,0.2589999999999999,20.0,9.84,17.49,27.32,33.33,11.98,51.0,0.146,19.0,37.25,9.0,17.65,0.509,0.049000000000000016,37.18,12.72,22.37,35.09,18.55,23.68,,,,,,,,,,,,,,
746864,2024-06-19,2024,666624,R,669062,L,strikeout,True,False,71.0,0.193,13.0,18.31,9.0,12.68,0.728,0.21100000000000002,26.32,12.0,14.0,26.0,25.4,18.06,101.0,0.25,28.0,27.72,9.0,8.91,0.893,0.3259999999999999,32.8,15.98,13.4,29.38,27.23,25.23,89.0,0.247,19.0,21.35,7.0,7.87,0.8089999999999999,0.259,28.57,13.61,14.92,28.53,25.27,14.62,,,,,,,,,,,,,,
746864,2024-06-19,2024,624424,L,543294,R,strikeout,True,False,155.0,0.211,35.0,22.58,13.0,8.39,0.664,0.17600000000000002,24.3,11.37,16.8,28.17,28.06,19.66,368.0,0.245,77.0,20.92,50.0,13.59,0.753,0.155,23.68,10.56,15.02,25.57,23.23,16.81,108.0,0.323,16.0,14.81,7.0,6.48,0.95,0.25299999999999995,23.03,11.14,16.58,27.72,31.19,19.05,300.0,0.225,53.0,17.67,16.0,5.33,0.614,0.1249999999999999,24.57,11.27,18.66,29.93,34.05,16.99
746864,2024-06-19,2024,624585,R,543294,R,field_out,False,False,176.0,0.214,39.0,22.16,18.0,10.23,0.661,0.15,28.66,13.45,14.95,28.4,27.73,21.67,446.0,0.242,111.0,24.89,46.0,10.31,0.788,0.22,27.97,12.22,16.15,28.37,25.71,21.19,100.0,0.333,15.0,15.0,8.0,8.0,0.891,0.178,13.26,6.22,19.17,25.39,30.16,11.54,279.0,0.286,40.0,14.34,11.0,3.94,0.763,0.153,17.28,8.2,19.57,27.77,33.87,15.04
746864,2024-06-19,2024,573262,L,543294,R,field_out,False,False,177.0,0.22,51.0,28.81,16.0,9.04,0.719,0.208,25.79,10.53,18.74,29.27,18.42,22.57,296.0,0.243,75.0,25.34,40.0,13.51,0.831,0.235,23.69,9.65,18.67,28.32,20.68,19.69,108.0,0.323,16.0,14.81,7.0,6.48,0.95,0.25299999999999995,23.03,11.14,16.58,27.72,31.19,19.05,300.0,0.225,53.0,17.67,16.0,5.33,0.614,0.1249999999999999,24.57,11.27,18.66,29.93,34.05,16.99
746864,2024-06-19,2024,664023,L,702352,R,double,False,False,221.0,0.228,63.0,28.51,32.0,14.48,0.736,0.158,28.24,12.41,16.03,28.44,22.36,19.69,502.0,0.258,109.0,21.71,80.0,15.94,0.831,0.192,25.86,11.22,15.24,26.46,20.31,17.34,3.0,0.333,1.0,33.33,0.0,0.0,1.666,1.0,33.33,14.29,28.57,42.86,40.0,50.0,,,,,,,,,,,,,,
746864,2024-06-19,2024,621020,R,702352,R,strikeout,True,False,195.0,0.203,52.0,26.67,16.0,8.21,0.605,0.13,31.47,14.92,15.17,30.09,23.62,22.03,478.0,0.244,111.0,23.22,49.0,10.25,0.734,0.161,28.04,13.13,15.12,28.26,23.34,18.66,7.0,0.0,3.0,42.86,0.0,0.0,0.0,0.0,21.43,10.34,27.59,37.93,50.0,23.08,,,,,,,,,,,,,,
746864,2024-06-19,2024,683737,L,702352,R,field_out,False,False,211.0,0.257,73.0,34.6,27.0,12.8,0.819,0.20700000000000002,33.42,14.81,15.59,30.4,24.21,25.17,66.0,0.158,21.0,31.82,8.0,12.12,0.556,0.1399999999999999,29.79,14.48,13.45,27.93,28.39,21.0,3.0,0.333,1.0,33.33,0.0,0.0,1.666,1.0,33.33,14.29,28.57,42.86,40.0,50.0,,,,,,,,,,,,,,
746864,2024-06-19,2024,665804,R,702352,R,field_out,False,False,123.0,0.209,26.0,21.14,9.0,7.32,0.567,0.07299999999999998,27.2,14.41,14.86,29.27,35.56,19.7,92.0,0.187,24.0,26.09,7.0,7.61,0.679,0.173,24.72,11.67,16.98,28.65,28.18,19.05,7.0,0.0,3.0,42.86,0.0,0.0,0.0,0.0,21.43,10.34,27.59,37.93,50.0,23.08,,,,,,,,,,,,,,
746864,2024-06-19,2024,642731,R,543294,R,strikeout,True,False,210.0,0.246,41.0,19.52,6.0,2.86,0.688,0.16099999999999998,19.44,9.55,19.51,29.06,34.99,20.0,380.0,0.276,84.0,22.11,15.0,3.95,0.767,0.172,21.44,11.24,17.01,28.25,38.17,20.1,100.0,0.333,15.0,15.0,8.0,8.0,0.891,0.178,13.26,6.22,19.17,25.39,30.16,11.54,279.0,0.286,40.0,14.34,11.0,3.94,0.763,0.153,17.28,8.2,19.57,27.77,33.87,15.04
746864,2024-06-19,2024,670092,L,543294,R,field_out,False,False,24.0,0.143,6.0,25.0,3.0,12.5,0.393,0.0,30.95,13.0,17.0,30.0,25.45,25.0,,,,,,,,,,,,,,,108.0,0.323,16.0,14.81,7.0,6.48,0.95,0.25299999999999995,23.03,11.14,16.58,27.72,31.19,19.05,300.0,0.225,53.0,17.67,16.0,5.33,0.614,0.1249999999999999,24.57,11.27,18.66,29.93,34.05,16.99
746864,2024-06-19,2024,689172,L,543294,R,field_out,False,False,60.0,0.211,13.0,21.67,2.0,3.33,0.531,0.087,20.54,10.22,19.11,29.33,37.14,18.84,106.0,0.155,30.0,28.3,8.0,7.55,0.4639999999999999,0.092,28.32,14.65,14.19,28.83,32.6,19.86,108.0,0.323,16.0,14.81,7.0,6.48,0.95,0.25299999999999995,23.03,11.14,16.58,27.72,31.19,19.05,300.0,0.225,53.0,17.67,16.0,5.33,0.614,0.1249999999999999,24.57,11.27,18.66,29.93,34.05,16.99
746864,2024-06-19,2024,691718,L,702352,R,single,False,False,91.0,0.195,21.0,23.08,5.0,5.49,0.527,0.08500000000000002,23.38,13.86,10.91,24.78,40.94,17.5,15.0,0.0,6.0,40.0,2.0,13.33,0.154,0.0,44.44,26.67,8.33,35.0,23.08,27.27,3.0,0.333,1.0,33.33,0.0,0.0,1.666,1.0,33.33,14.29,28.57,42.86,40.0,50.0,,,,,,,,,,,,,,
746864,2024-06-19,2024,663538,R,702352,R,single,False,False,220.0,0.232,21.0,9.55,20.0,9.09,0.643,0.093,13.02,5.99,21.43,27.42,31.54,9.95,508.0,0.274,63.0,12.4,40.0,7.87,0.72,0.0979999999999999,13.4,6.0,20.67,26.67,29.91,12.21,7.0,0.0,3.0,42.86,0.0,0.0,0.0,0.0,21.43,10.34,27.59,37.93,50.0,23.08,,,,,,,,,,,,,,
746864,2024-06-19,2024,673548,R,702352,R,walk,False,True,153.0,0.285,45.0,29.41,9.0,5.88,0.807,0.18200000000000005,26.48,10.63,21.43,32.06,22.91,21.84,419.0,0.278,102.0,24.34,41.0,9.79,0.839,0.2129999999999999,24.3,9.93,20.44,30.37,19.3,20.2,7.0,0.0,3.0,42.86,0.0,0.0,0.0,0.0,21.43,10.34,27.59,37.93,50.0,23.08,,,,,,,,,,,,,,
746864,2024-06-19,2024,641355,L,702352,R,grounded_into_double_play,False,False,186.0,0.226,33.0,17.74,19.0,10.22,0.727,0.18899999999999997,25.3,12.59,13.19,25.78,32.34,19.41,373.0,0.291,58.0,15.55,27.0,7.24,0.829,0.198,20.08,10.01,15.91,25.92,29.71,13.74,3.0,0.333,1.0,33.33,0.0,0.0,1.666,1.0,33.33,14.29,28.57,42.86,40.0,50.0,,,,,,,,,,,,,,
746864,2024-06-19,2024,666624,R,702352,R,field_out,False,False,230.0,0.201,53.0,23.04,25.0,10.87,0.6639999999999999,0.16599999999999998,30.58,14.02,14.24,28.25,25.26,21.03,329.0,0.247,105.0,31.91,27.0,8.21,0.798,0.239,38.21,19.07,13.74,32.81,29.43,27.56,7.0,0.0,3.0,42.86,0.0,0.0,0.0,0.0,21.43,10.34,27.59,37.93,50.0,23.08,,,,,,,,,,,,,,
746864,2024-06-19,2024,671218,R,543294,R,strikeout,True,False,113.0,0.292,37.0,32.74,7.0,6.19,0.77,0.14200000000000002,34.65,15.73,16.85,32.58,27.0,29.6,14.0,0.154,4.0,28.57,1.0,7.14,0.368,0.0,30.43,14.58,18.75,33.33,26.09,50.0,100.0,0.333,15.0,15.0,8.0,8.0,0.891,0.178,13.26,6.22,19.17,25.39,30.16,11.54,279.0,0.286,40.0,14.34,11.0,3.94,0.763,0.153,17.28,8.2,19.57,27.77,33.87,15.04
746864,2024-06-19,2024,672275,L,543294,R,field_out,False,False,146.0,0.298,25.0,17.12,18.0,12.33,0.847,0.17000000000000004,20.14,9.41,13.78,23.19,25.33,15.53,240.0,0.203,70.0,29.17,13.0,5.42,0.5569999999999999,0.0989999999999999,26.61,12.88,17.55,30.43,28.93,23.81,108.0,0.323,16.0,14.81,7.0,6.48,0.95,0.25299999999999995,23.03,11.14,16.58,27.72,31.19,19.05,300.0,0.225,53.0,17.67,16.0,5.33,0.614,0.1249999999999999,24.57,11.27,18.66,29.93,34.05,16.99
746864,2024-06-19,2024,656305,R,543294,R,strikeout,True,False,224.0,0.193,57.0,25.45,19.0,8.48,0.5940000000000001,0.129,26.73,12.11,19.57,31.68,26.36,19.72,471.0,0.223,139.0,29.51,52.0,11.04,0.722,0.179,31.15,13.33,17.79,31.11,18.61,21.72,100.0,0.333,15.0,15.0,8.0,8.0,0.891,0.178,13.26,6.22,19.17,25.39,30.16,11.54,279.0,0.286,40.0,14.34,11.0,3.94,0.763,0.153,17.28,8.2,19.57,27.77,33.87,15.04
746864,2024-06-19,2024,664023,L,702352,R,home_run,False,False,221.0,0.228,63.0,28.51,32.0,14.48,0.736,0.158,28.24,12.41,16.03,28.44,22.36,19.69,502.0,0.258,109.0,21.71,80.0,15.94,0.831,0.192,25.86,11.22,15.24,26.46,20.31,17.34,3.0,0.333,1.0,33.33,0.0,0.0,1.666,1.0,33.33,14.29,28.57,42.86,40.0,50.0,,,,,,,,,,,,,,
746864,2024-06-19,2024,621020,R,702352,R,home_run,False,False,195.0,0.203,52.0,26.67,16.0,8.21,0.605,0.13,31.47,14.92,15.17,30.09,23.62,22.03,478.0,0.244,111.0,23.22,49.0,10.25,0.734,0.161,28.04,13.13,15.12,28.26,23.34,18.66,7.0,0.0,3.0,42.86,0.0,0.0,0.0,0.0,21.43,10.34,27.59,37.93,50.0,23.08,,,,,,,,,,,,,,
746864,2024-06-19,2024,683737,L,702352,R,walk,False,True,211.0,0.257,73.0,34.6,27.0,12.8,0.819,0.20700000000000002,33.42,14.81,15.59,30.4,24.21,25.17,66.0,0.158,21.0,31.82,8.0,12.12,0.556,0.1399999999999999,29.79,14.48,13.45,27.93,28.39,21.0,3.0,0.333,1.0,33.33,0.0,0.0,1.666,1.0,33.33,14.29,28.57,42.86,40.0,50.0,,,,,,,,,,,,,,
746864,2024-06-19,2024,665804,R,663546,R,single,False,False,123.0,0.209,26.0,21.14,9.0,7.32,0.567,0.07299999999999998,27.2,14.41,14.86,29.27,35.56,19.7,92.0,0.187,24.0,26.09,7.0,7.61,0.679,0.173,24.72,11.67,16.98,28.65,28.18,19.05,68.0,0.212,19.0,27.94,1.0,1.47,0.508,0.061000000000000026,30.7,14.52,23.65,38.17,37.7,28.36,79.0,0.333,19.0,24.05,8.0,10.13,0.853,0.1019999999999999,21.37,8.56,22.6,31.16,26.67,26.03
746864,2024-06-19,2024,691718,L,663546,R,sac_bunt,False,False,91.0,0.195,21.0,23.08,5.0,5.49,0.527,0.08500000000000002,23.38,13.86,10.91,24.78,40.94,17.5,15.0,0.0,6.0,40.0,2.0,13.33,0.154,0.0,44.44,26.67,8.33,35.0,23.08,27.27,54.0,0.146,9.0,16.67,4.0,7.41,0.622,0.25,9.89,4.37,21.36,25.73,22.92,15.0,60.0,0.294,12.0,20.0,5.0,8.33,0.863,0.196,23.21,11.4,16.67,28.07,21.78,17.65
746864,2024-06-19,2024,663538,R,663546,R,double_play,False,False,220.0,0.232,21.0,9.55,20.0,9.09,0.643,0.093,13.02,5.99,21.43,27.42,31.54,9.95,508.0,0.274,63.0,12.4,40.0,7.87,0.72,0.0979999999999999,13.4,6.0,20.67,26.67,29.91,12.21,68.0,0.212,19.0,27.94,1.0,1.47,0.508,0.061000000000000026,30.7,14.52,23.65,38.17,37.7,28.36,79.0,0.333,19.0,24.05,8.0,10.13,0.853,0.1019999999999999,21.37,8.56,22.6,31.16,26.67,26.03
746864,2024-06-19,2024,673548,R,663546,R,strikeout,True,False,153.0,0.285,45.0,29.41,9.0,5.88,0.807,0.18200000000000005,26.48,10.63,21.43,32.06,22.91,21.84,419.0,0.278,102.0,24.34,41.0,9.79,0.839,0.2129999999999999,24.3,9.93,20.44,30.37,19.3,20.2,68.0,0.212,19.0,27.94,1.0,1.47,0.508,0.061000000000000026,30.7,14.52,23.65,38.17,37.7,28.36,79.0,0.333,19.0,24.05,8.0,10.13,0.853,0.1019999999999999,21.37,8.56,22.6,31.16,26.67,26.03
746864,2024-06-19,2024,624424,L,543294,R,strikeout,True,False,155.0,0.211,35.0,22.58,13.0,8.39,0.664,0.17600000000000002,24.3,11.37,16.8,28.17,28.06,19.66,368.0,0.245,77.0,20.92,50.0,13.59,0.753,0.155,23.68,10.56,15.02,25.57,23.23,16.81,108.0,0.323,16.0,14.81,7.0,6.48,0.95,0.25299999999999995,23.03,11.14,16.58,27.72,31.19,19.05,300.0,0.225,53.0,17.67,16.0,5.33,0.614,0.1249999999999999,24.57,11.27,18.66,29.93,34.05,16.99
746864,2024-06-19,2024,624585,R,543294,R,field_out,False,False,176.0,0.214,39.0,22.16,18.0,10.23,0.661,0.15,28.66,13.45,14.95,28.4,27.73,21.67,446.0,0.242,111.0,24.89,46.0,10.31,0.788,0.22,27.97,12.22,16.15,28.37,25.71,21.19,100.0,0.333,15.0,15.0,8.0,8.0,0.891,0.178,13.26,6.22,19.17,25.39,30.16,11.54,279.0,0.286,40.0,14.34,11.0,3.94,0.763,0.153,17.28,8.2,19.57,27.77,33.87,15.04
746864,2024-06-19,2024,573262,L,543294,R,field_out,False,False,177.0,0.22,51.0,28.81,16.0,9.04,0.719,0.208,25.79,10.53,18.74,29.27,18.42,22.57,296.0,0.243,75.0,25.34,40.0,13.51,0.831,0.235,23.69,9.65,18.67,28.32,20.68,19.69,108.0,0.323,16.0,14.81,7.0,6.48,0.95,0.25299999999999995,23.03,11.14,16.58,27.72,31.19,19.05,300.0,0.225,53.0,17.67,16.0,5.33,0.614,0.1249999999999999,24.57,11.27,18.66,29.93,34.05,16.99
746864,2024-06-19,2024,641355,L,663546,R,field_out,False,False,186.0,0.226,33.0,17.74,19.0,10.22,0.727,0.18899999999999997,25.3,12.59,13.19,25.78,32.34,19.41,373.0,0.291,58.0,15.55,27.0,7.24,0.829,0.198,20.08,10.01,15.91,25.92,29.71,13.74,54.0,0.146,9.0,16.67,4.0,7.41,0.622,0.25,9.89,4.37,21.36,25.73,22.92,15.0,60.0,0.294,12.0,20.0,5.0,8.33,0.863,0.196,23.21,11.4,16.67,28.07,21.78,17.65
746864,2024-06-19,2024,666624,R,663546,R,field_out,False,False,230.0,0.201,53.0,23.04,25.0,10.87,0.6639999999999999,0.16599999999999998,30.58,14.02,14.24,28.25,25.26,21.03,329.0,0.247,105.0,31.91,27.0,8.21,0.798,0.239,38.21,19.07,13.74,32.81,29.43,27.56,68.0,0.212,19.0,27.94,1.0,1.47,0.508,0.061000000000000026,30.7,14.52,23.65,38.17,37.7,28.36,79.0,0.333,19.0,24.05,8.0,10.13,0.853,0.1019999999999999,21.37,8.56,22.6,31.16,26.67,26.03
746864,2024-06-19,2024,664023,L,663546,R,strikeout,True,False,221.0,0.228,63.0,28.51,32.0,14.48,0.736,0.158,28.24,12.41,16.03,28.44,22.36,19.69,502.0,0.258,109.0,21.71,80.0,15.94,0.831,0.192,25.86,11.22,15.24,26.46,20.31,17.34,54.0,0.146,9.0,16.67,4.0,7.41,0.622,0.25,9.89,4.37,21.36,25.73,22.92,15.0,60.0,0.294,12.0,20.0,5.0,8.33,0.863,0.196,23.21,11.4,16.67,28.07,21.78,17.65
746864,2024-06-19,2024,642731,R,543294,R,double,False,False,210.0,0.246,41.0,19.52,6.0,2.86,0.688,0.16099999999999998,19.44,9.55,19.51,29.06,34.99,20.0,380.0,0.276,84.0,22.11,15.0,3.95,0.767,0.172,21.44,11.24,17.01,28.25,38.17,20.1,100.0,0.333,15.0,15.0,8.0,8.0,0.891,0.178,13.26,6.22,19.17,25.39,30.16,11.54,279.0,0.286,40.0,14.34,11.0,3.94,0.763,0.153,17.28,8.2,19.57,27.77,33.87,15.04
746864,2024-06-19,2024,670092,L,543294,R,field_out,False,False,24.0,0.143,6.0,25.0,3.0,12.5,0.393,0.0,30.95,13.0,17.0,30.0,25.45,25.0,,,,,,,,,,,,,,,108.0,0.323,16.0,14.81,7.0,6.48,0.95,0.25299999999999995,23.03,11.14,16.58,27.72,31.19,19.05,300.0,0.225,53.0,17.67,16.0,5.33,0.614,0.1249999999999999,24.57,11.27,18.66,29.93,34.05,16.99
746864,2024-06-19,2024,689172,L,543294,R,single,False,False,60.0,0.211,13.0,21.67,2.0,3.33,0.531,0.087,20.54,10.22,19.11,29.33,37.14,18.84,106.0,0.155,30.0,28.3,8.0,7.55,0.4639999999999999,0.092,28.32,14.65,14.19,28.83,32.6,19.86,108.0,0.323,16.0,14.81,7.0,6.48,0.95,0.25299999999999995,23.03,11.14,16.58,27.72,31.19,19.05,300.0,0.225,53.0,17.67,16.0,5.33,0.614,0.1249999999999999,24.57,11.27,18.66,29.93,34.05,16.99
746864,2024-06-19,2024,671218,R,543294,R,force_out,False,False,113.0,0.292,37.0,32.74,7.0,6.19,0.77,0.14200000000000002,34.65,15.73,16.85,32.58,27.0,29.6,14.0,0.154,4.0,28.57,1.0,7.14,0.368,0.0,30.43,14.58,18.75,33.33,26.09,50.0,100.0,0.333,15.0,15.0,8.0,8.0,0.891,0.178,13.26,6.22,19.17,25.39,30.16,11.54,279.0,0.286,40.0,14.34,11.0,3.94,0.763,0.153,17.28,8.2,19.57,27.77,33.87,15.04
746864,2024-06-19,2024,672275,R,592767,L,single,False,False,33.0,0.233,9.0,27.27,2.0,6.06,0.573,0.06699999999999998,25.0,10.85,20.16,31.01,14.55,27.27,113.0,0.298,30.0,26.55,8.0,7.08,0.829,0.183,25.26,10.67,21.33,32.0,21.36,22.39,58.0,0.176,12.0,20.69,7.0,12.07,0.649,0.197,25.64,12.71,13.56,26.27,31.15,16.9,466.0,0.241,105.0,22.53,41.0,8.8,0.758,0.205,27.97,13.04,15.89,28.93,32.06,19.66
746864,2024-06-19,2024,656305,R,592767,L,strikeout,True,False,81.0,0.333,14.0,17.28,9.0,11.11,0.9630000000000001,0.22300000000000003,14.46,6.9,15.23,22.13,26.63,12.17,113.0,0.307,26.0,23.01,10.0,8.85,0.89,0.208,30.77,13.88,17.35,31.24,20.45,17.81,58.0,0.176,12.0,20.69,7.0,12.07,0.649,0.197,25.64,12.71,13.56,26.27,31.15,16.9,466.0,0.241,105.0,22.53,41.0,8.8,0.758,0.205,27.97,13.04,15.89,28.93,32.06,19.66
746864,2024-06-19,2024,621020,R,573124,L,strikeout,True,False,50.0,0.233,10.0,20.0,6.0,12.0,0.782,0.209,25.88,11.46,12.5,23.96,19.59,22.73,161.0,0.245,43.0,26.71,17.0,10.56,0.771,0.203,30.48,14.79,13.87,28.66,24.48,20.28,67.0,0.175,18.0,26.87,3.0,4.48,0.573,0.174,29.41,12.64,21.66,34.3,22.73,19.78,113.0,0.312,25.0,22.12,14.0,12.39,0.98,0.2609999999999999,21.26,8.83,21.48,30.31,29.61,23.15
746864,2024-06-19,2024,683737,L,573124,L,double,False,False,27.0,0.28,6.0,22.22,2.0,7.41,0.7330000000000001,0.12,21.82,10.43,16.52,26.96,24.56,15.0,15.0,0.2,6.0,40.0,0.0,0.0,0.467,0.067,32.14,14.06,18.75,32.81,34.21,31.58,52.0,0.295,15.0,28.85,7.0,13.46,0.813,0.11399999999999999,30.26,11.17,21.36,32.52,22.94,32.61,103.0,0.101,39.0,37.86,11.0,10.68,0.3299999999999999,0.0229999999999999,32.18,13.05,23.78,36.83,25.84,25.83
746864,2024-06-19,2024,665804,R,573124,L,strikeout,True,False,42.0,0.128,8.0,19.05,1.0,2.38,0.377,0.10300000000000001,16.88,8.84,15.65,24.49,26.87,19.05,64.0,0.25,16.0,25.0,5.0,7.81,0.701,0.1069999999999999,31.53,14.11,18.55,32.66,28.79,20.0,67.0,0.175,18.0,26.87,3.0,4.48,0.573,0.174,29.41,12.64,21.66,34.3,22.73,19.78,113.0,0.312,25.0,22.12,14.0,12.39,0.98,0.2609999999999999,21.26,8.83,21.48,30.31,29.61,23.15
746864,2024-06-19,2024,691718,L,573124,L,field_out,False,False,15.0,0.214,5.0,33.33,0.0,0.0,0.481,0.0,36.36,20.0,22.5,42.5,50.0,50.0,4.0,0.0,1.0,25.0,1.0,25.0,0.25,0.0,33.33,7.69,30.77,38.46,0.0,50.0,52.0,0.295,15.0,28.85,7.0,13.46,0.813,0.11399999999999999,30.26,11.17,21.36,32.52,22.94,32.61,103.0,0.101,39.0,37.86,11.0,10.68,0.3299999999999999,0.0229999999999999,32.18,13.05,23.78,36.83,25.84,25.83
746864,2024-06-19,2024,596103,R,592767,L,walk,False,True,63.0,0.192,16.0,25.4,9.0,14.29,0.525,0.0,26.72,11.4,16.54,27.94,17.27,17.78,147.0,0.288,40.0,27.21,13.0,8.84,0.8,0.151,27.27,11.44,19.76,31.2,22.15,21.51,58.0,0.176,12.0,20.69,7.0,12.07,0.649,0.197,25.64,12.71,13.56,26.27,31.15,16.9,466.0,0.241,105.0,22.53,41.0,8.8,0.758,0.205,27.97,13.04,15.89,28.93,32.06,19.66
746864,2024-06-19,2024,624585,R,592767,L,strikeout,True,False,76.0,0.246,20.0,26.32,9.0,11.84,0.786,0.185,32.62,15.03,14.71,29.74,29.65,22.47,135.0,0.277,30.0,22.22,20.0,14.81,1.081,0.4109999999999999,26.29,11.6,16.16,27.76,25.27,18.75,58.0,0.176,12.0,20.69,7.0,12.07,0.649,0.197,25.64,12.71,13.56,26.27,31.15,16.9,466.0,0.241,105.0,22.53,41.0,8.8,0.758,0.205,27.97,13.04,15.89,28.93,32.06,19.66
746864,2024-06-19,2024,573262,L,592767,L,single,False,False,34.0,0.214,9.0,26.47,4.0,11.76,0.639,0.07199999999999998,36.36,14.6,15.33,29.93,21.92,31.03,85.0,0.203,24.0,28.24,5.0,5.88,0.5920000000000001,0.139,23.31,9.57,22.84,32.41,18.67,26.37,39.0,0.286,10.0,25.64,2.0,5.13,0.759,0.11400000000000005,32.89,15.34,14.11,29.45,21.33,21.28,160.0,0.338,36.0,22.5,15.0,9.38,0.981,0.2379999999999999,24.16,11.21,18.1,29.31,30.48,24.83
746864,2024-06-19,2024,642731,R,592767,L,strikeout,True,False,76.0,0.222,13.0,17.11,3.0,3.95,0.611,0.13899999999999998,19.85,10.57,17.48,28.05,35.25,21.67,150.0,0.257,36.0,24.0,7.0,4.67,0.643,0.079,21.99,10.73,18.17,28.89,37.46,20.57,58.0,0.176,12.0,20.69,7.0,12.07,0.649,0.197,25.64,12.71,13.56,26.27,31.15,16.9,466.0,0.241,105.0,22.53,41.0,8.8,0.758,0.205,27.97,13.04,15.89,28.93,32.06,19.66
746864,2024-06-19,2024,527038,R,592767,L,field_out,False,False,94.0,0.229,11.0,11.7,7.0,7.45,0.653,0.144,11.8,5.21,19.45,24.66,26.42,10.78,182.0,0.303,28.0,15.38,14.0,7.69,0.886,0.224,17.07,7.55,21.16,28.71,29.47,12.17,58.0,0.176,12.0,20.69,7.0,12.07,0.649,0.197,25.64,12.71,13.56,26.27,31.15,16.9,466.0,0.241,105.0,22.53,41.0,8.8,0.758,0.205,27.97,13.04,15.89,28.93,32.06,19.66
746864,2024-06-19,2024,663538,R,675921,R,double,False,False,220.0,0.232,21.0,9.55,20.0,9.09,0.643,0.093,13.02,5.99,21.43,27.42,31.54,9.95,508.0,0.274,63.0,12.4,40.0,7.87,0.72,0.0979999999999999,13.4,6.0,20.67,26.67,29.91,12.21,38.0,0.438,4.0,10.53,5.0,13.16,1.202,0.24999999999999994,19.05,10.34,11.21,21.55,27.78,13.79,14.0,0.273,1.0,7.14,2.0,14.29,0.974,0.272,29.17,10.61,16.67,27.27,18.42,4.76
746864,2024-06-19,2024,673548,R,675921,R,strikeout,True,False,153.0,0.285,45.0,29.41,9.0,5.88,0.807,0.18200000000000005,26.48,10.63,21.43,32.06,22.91,21.84,419.0,0.278,102.0,24.34,41.0,9.79,0.839,0.2129999999999999,24.3,9.93,20.44,30.37,19.3,20.2,38.0,0.438,4.0,10.53,5.0,13.16,1.202,0.24999999999999994,19.05,10.34,11.21,21.55,27.78,13.79,14.0,0.273,1.0,7.14,2.0,14.29,0.974,0.272,29.17,10.61,16.67,27.27,18.42,4.76
746864,2024-06-19,2024,641355,L,675921,R,single,False,False,186.0,0.226,33.0,17.74,19.0,10.22,0.727,0.18899999999999997,25.3,12.59,13.19,25.78,32.34,19.41,373.0,0.291,58.0,15.55,27.0,7.24,0.829,0.198,20.08,10.01,15.91,25.92,29.71,13.74,33.0,0.167,6.0,18.18,2.0,6.06,0.445,0.066,20.31,9.77,18.8,28.57,28.99,10.42,4.0,0.333,1.0,25.0,1.0,25.0,0.833,0.0,66.67,26.67,20.0,46.67,37.5,33.33
746864,2024-06-19,2024,666624,R,675921,R,walk,False,True,230.0,0.201,53.0,23.04,25.0,10.87,0.6639999999999999,0.16599999999999998,30.58,14.02,14.24,28.25,25.26,21.03,329.0,0.247,105.0,31.91,27.0,8.21,0.798,0.239,38.21,19.07,13.74,32.81,29.43,27.56,38.0,0.438,4.0,10.53,5.0,13.16,1.202,0.24999999999999994,19.05,10.34,11.21,21.55,27.78,13.79,14.0,0.273,1.0,7.14,2.0,14.29,0.974,0.272,29.17,10.61,16.67,27.27,18.42,4.76
746864,2024-06-19,2024,664023,L,675921,R,strikeout,True,False,221.0,0.228,63.0,28.51,32.0,14.48,0.736,0.158,28.24,12.41,16.03,28.44,22.36,19.69,502.0,0.258,109.0,21.71,80.0,15.94,0.831,0.192,25.86,11.22,15.24,26.46,20.31,17.34,33.0,0.167,6.0,18.18,2.0,6.06,0.445,0.066,20.31,9.77,18.8,28.57,28.99,10.42,4.0,0.333,1.0,25.0,1.0,25.0,0.833,0.0,66.67,26.67,20.0,46.67,37.5,33.33
746864,2024-06-19,2024,621020,R,675921,R,single,False,False,195.0,0.203,52.0,26.67,16.0,8.21,0.605,0.13,31.47,14.92,15.17,30.09,23.62,22.03,478.0,0.244,111.0,23.22,49.0,10.25,0.734,0.161,28.04,13.13,15.12,28.26,23.34,18.66,38.0,0.438,4.0,10.53,5.0,13.16,1.202,0.24999999999999994,19.05,10.34,11.21,21.55,27.78,13.79,14.0,0.273,1.0,7.14,2.0,14.29,0.974,0.272,29.17,10.61,16.67,27.27,18.42,4.76
746864,2024-06-19,2024,683737,L,675921,R,single,False,False,211.0,0.257,73.0,34.6,27.0,12.8,0.819,0.20700000000000002,33.42,14.81,15.59,30.4,24.21,25.17,66.0,0.158,21.0,31.82,8.0,12.12,0.556,0.1399999999999999,29.79,14.48,13.45,27.93,28.39,21.0,33.0,0.167,6.0,18.18,2.0,6.06,0.445,0.066,20.31,9.77,18.8,28.57,28.99,10.42,4.0,0.333,1.0,25.0,1.0,25.0,0.833,0.0,66.67,26.67,20.0,46.67,37.5,33.33
746864,2024-06-19,2024,665804,R,675921,R,strikeout,True,False,123.0,0.209,26.0,21.14,9.0,7.32,0.567,0.07299999999999998,27.2,14.41,14.86,29.27,35.56,19.7,92.0,0.187,24.0,26.09,7.0,7.61,0.679,0.173,24.72,11.67,16.98,28.65,28.18,19.05,38.0,0.438,4.0,10.53,5.0,13.16,1.202,0.24999999999999994,19.05,10.34,11.21,21.55,27.78,13.79,14.0,0.273,1.0,7.14,2.0,14.29,0.974,0.272,29.17,10.61,16.67,27.27,18.42,4.76
746864,2024-06-19,2024,689172,L,643410,R,single,False,False,60.0,0.211,13.0,21.67,2.0,3.33,0.531,0.087,20.54,10.22,19.11,29.33,37.14,18.84,106.0,0.155,30.0,28.3,8.0,7.55,0.4639999999999999,0.092,28.32,14.65,14.19,28.83,32.6,19.86,79.0,0.239,20.0,25.32,8.0,10.13,0.64,0.08500000000000002,33.81,15.67,14.33,30.0,33.51,24.39,182.0,0.185,58.0,31.87,18.0,9.89,0.567,0.1169999999999999,35.24,15.61,16.6,32.21,29.51,29.29
746864,2024-06-19,2024,671218,R,643410,R,force_out,False,False,113.0,0.292,37.0,32.74,7.0,6.19,0.77,0.14200000000000002,34.65,15.73,16.85,32.58,27.0,29.6,14.0,0.154,4.0,28.57,1.0,7.14,0.368,0.0,30.43,14.58,18.75,33.33,26.09,50.0,45.0,0.22,19.0,42.22,3.0,6.67,0.582,0.07299999999999998,37.97,16.67,20.0,36.67,30.53,34.55,87.0,0.254,19.0,21.84,6.0,6.9,0.875,0.253,26.32,11.56,15.32,26.88,23.2,20.21
746864,2024-06-19,2024,672275,L,643410,R,force_out,False,False,146.0,0.298,25.0,17.12,18.0,12.33,0.847,0.17000000000000004,20.14,9.41,13.78,23.19,25.33,15.53,240.0,0.203,70.0,29.17,13.0,5.42,0.5569999999999999,0.0989999999999999,26.61,12.88,17.55,30.43,28.93,23.81,79.0,0.239,20.0,25.32,8.0,10.13,0.64,0.08500000000000002,33.81,15.67,14.33,30.0,33.51,24.39,182.0,0.185,58.0,31.87,18.0,9.89,0.567,0.1169999999999999,35.24,15.61,16.6,32.21,29.51,29.29
746864,2024-06-19,2024,656305,R,643410,R,walk,False,True,224.0,0.193,57.0,25.45,19.0,8.48,0.5940000000000001,0.129,26.73,12.11,19.57,31.68,26.36,19.72,471.0,0.223,139.0,29.51,52.0,11.04,0.722,0.179,31.15,13.33,17.79,31.11,18.61,21.72,45.0,0.22,19.0,42.22,3.0,6.67,0.582,0.07299999999999998,37.97,16.67,20.0,36.67,30.53,34.55,87.0,0.254,19.0,21.84,6.0,6.9,0.875,0.253,26.32,11.56,15.32,26.88,23.2,20.21
746864,2024-06-19,2024,596103,R,643410,R,walk,False,True,15.0,0.333,5.0,33.33,2.0,13.33,1.05,0.24999999999999994,38.1,13.56,25.42,38.98,15.38,22.73,60.0,0.226,18.0,30.0,7.0,11.67,0.619,0.0759999999999999,36.36,15.52,18.1,33.62,22.5,28.12,45.0,0.22,19.0,42.22,3.0,6.67,0.582,0.07299999999999998,37.97,16.67,20.0,36.67,30.53,34.55,87.0,0.254,19.0,21.84,6.0,6.9,0.875,0.253,26.32,11.56,15.32,26.88,23.2,20.21
746864,2024-06-19,2024,624585,R,668338,R,home_run,False,False,176.0,0.214,39.0,22.16,18.0,10.23,0.661,0.15,28.66,13.45,14.95,28.4,27.73,21.67,446.0,0.242,111.0,24.89,46.0,10.31,0.788,0.22,27.97,12.22,16.15,28.37,25.71,21.19,67.0,0.159,18.0,26.87,3.0,4.48,0.46299999999999997,0.095,28.67,15.24,13.75,29.0,36.43,18.28,32.0,0.185,7.0,21.88,4.0,12.5,0.503,0.037,28.57,12.31,16.92,29.23,30.26,20.59
746864,2024-06-19,2024,573262,L,668338,R,field_out,False,False,177.0,0.22,51.0,28.81,16.0,9.04,0.719,0.208,25.79,10.53,18.74,29.27,18.42,22.57,296.0,0.243,75.0,25.34,40.0,13.51,0.831,0.235,23.69,9.65,18.67,28.32,20.68,19.69,29.0,0.143,7.0,24.14,0.0,0.0,0.565,0.25,28.57,17.48,8.74,26.21,32.73,20.59,32.0,0.276,3.0,9.38,2.0,6.25,0.896,0.276,25.0,12.63,13.68,26.32,18.6,17.65
746864,2024-06-19,2024,691718,L,676254,R,strikeout,True,False,91.0,0.195,21.0,23.08,5.0,5.49,0.527,0.08500000000000002,23.38,13.86,10.91,24.78,40.94,17.5,15.0,0.0,6.0,40.0,2.0,13.33,0.154,0.0,44.44,26.67,8.33,35.0,23.08,27.27,65.0,0.213,22.0,33.85,3.0,4.62,0.5900000000000001,0.11500000000000002,32.56,15.73,17.6,33.33,30.08,25.29,96.0,0.221,29.0,30.21,7.0,7.29,0.711,0.1979999999999999,31.22,14.6,18.81,33.42,31.25,19.72
746864,2024-06-19,2024,663538,R,676254,R,field_out,False,False,220.0,0.232,21.0,9.55,20.0,9.09,0.643,0.093,13.02,5.99,21.43,27.42,31.54,9.95,508.0,0.274,63.0,12.4,40.0,7.87,0.72,0.0979999999999999,13.4,6.0,20.67,26.67,29.91,12.21,81.0,0.208,26.0,32.1,4.0,4.94,0.534,0.04200000000000001,28.87,12.85,22.57,35.42,31.79,24.07,168.0,0.286,49.0,29.17,17.0,10.12,0.78,0.136,32.45,14.5,19.97,34.47,33.33,24.5
746864,2024-06-19,2024,673548,R,676254,R,field_out,False,False,153.0,0.285,45.0,29.41,9.0,5.88,0.807,0.18200000000000005,26.48,10.63,21.43,32.06,22.91,21.84,419.0,0.278,102.0,24.34,41.0,9.79,0.839,0.2129999999999999,24.3,9.93,20.44,30.37,19.3,20.2,81.0,0.208,26.0,32.1,4.0,4.94,0.534,0.04200000000000001,28.87,12.85,22.57,35.42,31.79,24.07,168.0,0.286,49.0,29.17,17.0,10.12,0.78,0.136,32.45,14.5,19.97,34.47,33.33,24.5
746864,2024-06-19,2024,642731,R,605155,R,field_out,False,False,210.0,0.246,41.0,19.52,6.0,2.86,0.688,0.16099999999999998,19.44,9.55,19.51,29.06,34.99,20.0,380.0,0.276,84.0,22.11,15.0,3.95,0.767,0.172,21.44,11.24,17.01,28.25,38.17,20.1,31.0,0.286,7.0,22.58,2.0,6.45,0.8939999999999999,0.285,24.24,11.68,15.33,27.01,21.05,14.58,17.0,0.357,2.0,11.76,3.0,17.65,1.471,0.643,25.0,10.64,17.02,27.66,22.73,28.57
746864,2024-06-19,2024,527038,R,605155,R,walk,False,True,117.0,0.198,17.0,14.53,11.0,9.4,0.578,0.08899999999999997,15.61,6.53,23.47,30.0,28.52,11.18,273.0,0.271,35.0,12.82,27.0,9.89,0.849,0.2249999999999999,14.98,6.76,19.32,26.08,27.75,9.09,31.0,0.286,7.0,22.58,2.0,6.45,0.8939999999999999,0.285,24.24,11.68,15.33,27.01,21.05,14.58,17.0,0.357,2.0,11.76,3.0,17.65,1.471,0.643,25.0,10.64,17.02,27.66,22.73,28.57
746864,2024-06-19,2024,689172,L,605155,R,walk,False,True,60.0,0.211,13.0,21.67,2.0,3.33,0.531,0.087,20.54,10.22,19.11,29.33,37.14,18.84,106.0,0.155,30.0,28.3,8.0,7.55,0.4639999999999999,0.092,28.32,14.65,14.19,28.83,32.6,19.86,27.0,0.24,8.0,29.63,2.0,7.41,0.536,0.0,30.43,12.39,23.01,35.4,24.14,24.24,17.0,0.062,2.0,11.76,0.0,0.0,0.368,0.188,18.52,8.77,17.54,26.32,22.22,15.38
746864,2024-06-19,2024,671218,R,605155,R,field_out,False,False,113.0,0.292,37.0,32.74,7.0,6.19,0.77,0.14200000000000002,34.65,15.73,16.85,32.58,27.0,29.6,14.0,0.154,4.0,28.57,1.0,7.14,0.368,0.0,30.43,14.58,18.75,33.33,26.09,50.0,31.0,0.286,7.0,22.58,2.0,6.45,0.8939999999999999,0.285,24.24,11.68,15.33,27.01,21.05,14.58,17.0,0.357,2.0,11.76,3.0,17.65,1.471,0.643,25.0,10.64,17.02,27.66,22.73,28.57
746864,2024-06-19,2024,672275,L,605155,R,field_out,False,False,146.0,0.298,25.0,17.12,18.0,12.33,0.847,0.17000000000000004,20.14,9.41,13.78,23.19,25.33,15.53,240.0,0.203,70.0,29.17,13.0,5.42,0.5569999999999999,0.0989999999999999,26.61,12.88,17.55,30.43,28.93,23.81,27.0,0.24,8.0,29.63,2.0,7.41,0.536,0.0,30.43,12.39,23.01,35.4,24.14,24.24,17.0,0.062,2.0,11.76,0.0,0.0,0.368,0.188,18.52,8.77,17.54,26.32,22.22,15.38
746217,2024-06-19,2024,668930,L,656288,R,strikeout,True,False,229.0,0.296,36.0,15.72,20.0,8.73,0.772,0.118,13.17,6.07,18.9,24.97,25.37,14.46,376.0,0.224,82.0,21.81,30.0,7.98,0.608,0.097,22.03,10.83,16.08,26.9,28.59,16.14,189.0,0.291,29.0,15.34,18.0,9.52,0.903,0.25400000000000006,22.32,10.46,14.83,25.3,30.34,15.03,259.0,0.217,61.0,23.55,20.0,7.72,0.6319999999999999,0.1279999999999999,29.4,13.84,16.18,30.02,28.54,20.4
746217,2024-06-19,2024,661388,R,656288,R,field_out,False,False,246.0,0.308,44.0,17.89,23.0,9.35,0.871,0.185,29.77,14.08,14.08,28.16,25.05,17.39,434.0,0.262,94.0,21.66,42.0,9.68,0.72,0.119,27.61,11.63,19.55,31.17,24.86,18.08,164.0,0.231,25.0,15.24,11.0,6.71,0.655,0.12299999999999997,21.45,10.62,15.58,26.2,26.92,16.23,277.0,0.271,78.0,28.16,16.0,5.78,0.8260000000000001,0.237,28.77,14.19,17.3,31.49,29.39,19.31
746217,2024-06-19,2024,592885,L,656288,R,home_run,False,False,137.0,0.311,27.0,19.71,16.0,11.68,0.877,0.176,21.09,9.69,13.11,22.8,24.83,15.43,473.0,0.294,103.0,21.78,64.0,13.53,0.882,0.195,26.99,11.53,15.4,26.93,23.89,19.07,189.0,0.291,29.0,15.34,18.0,9.52,0.903,0.25400000000000006,22.32,10.46,14.83,25.3,30.34,15.03,259.0,0.217,61.0,23.55,20.0,7.72,0.6319999999999999,0.1279999999999999,29.4,13.84,16.18,30.02,28.54,20.4
746217,2024-06-19,2024,642715,R,656288,R,field_out,False,False,244.0,0.252,54.0,22.13,27.0,11.07,0.79,0.201,29.37,14.01,14.62,28.63,26.08,18.12,480.0,0.212,117.0,24.38,47.0,9.79,0.702,0.194,32.44,16.53,12.85,29.38,32.69,19.28,164.0,0.231,25.0,15.24,11.0,6.71,0.655,0.12299999999999997,21.45,10.62,15.58,26.2,26.92,16.23,277.0,0.271,78.0,28.16,16.0,5.78,0.8260000000000001,0.237,28.77,14.19,17.3,31.49,29.39,19.31
746217,2024-06-19,2024,694384,L,668964,R,field_out,False,False,214.0,0.237,36.0,16.82,18.0,8.41,0.673,0.126,15.04,6.44,21.12,27.57,24.22,14.11,104.0,0.291,15.0,14.42,14.0,13.46,0.7569999999999999,0.0579999999999999,18.78,8.02,17.92,25.94,20.47,11.45,85.0,0.227,16.0,18.82,9.0,10.59,0.626,0.093,16.43,7.12,17.96,25.08,25.43,19.28,,,,,,,,,,,,,,
746217,2024-06-19,2024,650859,L,668964,R,field_out,False,False,175.0,0.285,23.0,13.14,11.0,6.29,0.7250000000000001,0.10100000000000003,20.24,10.77,12.22,22.99,33.14,12.64,322.0,0.24,60.0,18.63,31.0,9.63,0.7270000000000001,0.166,24.18,11.79,13.87,25.66,28.19,14.39,85.0,0.227,16.0,18.82,9.0,10.59,0.626,0.093,16.43,7.12,17.96,25.08,25.43,19.28,,,,,,,,,,,,,,
746217,2024-06-19,2024,621493,R,668964,R,field_out,False,False,239.0,0.204,56.0,23.43,28.0,11.72,0.6819999999999999,0.18400000000000002,24.05,10.12,19.6,29.71,18.04,20.45,295.0,0.233,61.0,20.68,27.0,9.15,0.702,0.148,23.43,10.4,15.98,26.37,23.09,17.78,104.0,0.211,26.0,25.0,7.0,6.73,0.7250000000000001,0.24200000000000002,23.78,11.46,18.75,30.21,28.88,21.01,,,,,,,,,,,,,,
746217,2024-06-19,2024,656555,R,656288,R,strikeout,True,False,176.0,0.227,46.0,26.14,18.0,10.23,0.762,0.215,25.24,10.22,21.2,31.42,21.78,18.33,,,,,,,,,,,,,,,164.0,0.231,25.0,15.24,11.0,6.71,0.655,0.12299999999999997,21.45,10.62,15.58,26.2,26.92,16.23,277.0,0.271,78.0,28.16,16.0,5.78,0.8260000000000001,0.237,28.77,14.19,17.3,31.49,29.39,19.31
746217,2024-06-19,2024,687401,R,656288,R,walk,False,True,158.0,0.301,18.0,11.39,22.0,13.92,0.895,0.195,15.38,6.0,21.33,27.33,22.47,10.0,13.0,0.077,3.0,23.08,0.0,0.0,0.2309999999999999,0.077,15.79,8.11,21.62,29.73,26.67,33.33,164.0,0.231,25.0,15.24,11.0,6.71,0.655,0.12299999999999997,21.45,10.62,15.58,26.2,26.92,16.23,277.0,0.271,78.0,28.16,16.0,5.78,0.8260000000000001,0.237,28.77,14.19,17.3,31.49,29.39,19.31
746217,2024-06-19,2024,686217,L,656288,R,double,False,False,221.0,0.26,40.0,18.1,22.0,9.95,0.665,0.061,15.13,6.04,21.89,27.93,26.09,16.33,180.0,0.261,30.0,16.67,23.0,12.78,0.722,0.1049999999999999,15.26,6.63,20.31,26.94,29.52,13.18,189.0,0.291,29.0,15.34,18.0,9.52,0.903,0.25400000000000006,22.32,10.46,14.83,25.3,30.34,15.03,259.0,0.217,61.0,23.55,20.0,7.72,0.6319999999999999,0.1279999999999999,29.4,13.84,16.18,30.02,28.54,20.4
746217,2024-06-19,2024,596142,R,656288,R,fielders_choice_out,False,False,103.0,0.217,29.0,28.16,7.0,6.8,0.661,0.153,31.52,12.62,25.0,37.62,31.05,23.77,189.0,0.194,49.0,25.93,17.0,8.99,0.688,0.212,28.71,11.9,21.7,33.59,27.27,21.43,164.0,0.231,25.0,15.24,11.0,6.71,0.655,0.12299999999999997,21.45,10.62,15.58,26.2,26.92,16.23,277.0,0.271,78.0,28.16,16.0,5.78,0.8260000000000001,0.237,28.77,14.19,17.3,31.49,29.39,19.31
746217,2024-06-19,2024,694192,R,656288,R,strikeout,True,False,162.0,0.25,45.0,27.78,7.0,4.32,0.688,0.15799999999999997,32.31,16.24,18.8,35.04,35.91,25.57,,,,,,,,,,,,,,,164.0,0.231,25.0,15.24,11.0,6.71,0.655,0.12299999999999997,21.45,10.62,15.58,26.2,26.92,16.23,277.0,0.271,78.0,28.16,16.0,5.78,0.8260000000000001,0.237,28.77,14.19,17.3,31.49,29.39,19.31
746217,2024-06-19,2024,641432,L,668964,R,strikeout,True,False,118.0,0.288,15.0,12.71,6.0,5.08,0.7270000000000001,0.11700000000000005,13.94,6.53,17.12,23.65,23.85,13.89,139.0,0.256,15.0,10.79,13.0,9.35,0.756,0.176,14.22,5.56,19.54,25.1,21.32,10.83,85.0,0.227,16.0,18.82,9.0,10.59,0.626,0.093,16.43,7.12,17.96,25.08,25.43,19.28,,,,,,,,,,,,,,
746217,2024-06-19,2024,681351,R,668964,R,strikeout,True,False,179.0,0.297,42.0,23.46,11.0,6.15,0.827,0.182,31.87,15.98,15.54,31.52,34.25,18.26,154.0,0.22,38.0,24.68,9.0,5.84,0.757,0.262,32.06,17.0,13.8,30.81,36.07,19.69,104.0,0.211,26.0,25.0,7.0,6.73,0.7250000000000001,0.24200000000000002,23.78,11.46,18.75,30.21,28.88,21.01,,,,,,,,,,,,,,
746217,2024-06-19,2024,592273,R,668964,R,single,False,False,96.0,0.161,17.0,17.71,6.0,6.25,0.462,0.069,24.44,12.29,14.53,26.82,27.68,15.74,392.0,0.261,104.0,26.53,16.0,4.08,0.804,0.242,30.03,15.26,16.62,31.88,36.46,23.21,104.0,0.211,26.0,25.0,7.0,6.73,0.7250000000000001,0.24200000000000002,23.78,11.46,18.75,30.21,28.88,21.01,,,,,,,,,,,,,,
746217,2024-06-19,2024,687263,R,668964,R,single,False,False,219.0,0.219,53.0,24.2,12.0,5.48,0.6930000000000001,0.19899999999999998,28.71,14.78,15.39,30.17,33.73,21.54,262.0,0.222,62.0,23.66,18.0,6.87,0.6599999999999999,0.1349999999999999,28.77,13.7,16.19,29.89,23.52,18.84,104.0,0.211,26.0,25.0,7.0,6.73,0.7250000000000001,0.24200000000000002,23.78,11.46,18.75,30.21,28.88,21.01,,,,,,,,,,,,,,
746217,2024-06-19,2024,666160,L,668964,R,field_out,False,False,171.0,0.206,44.0,25.73,11.0,6.43,0.5760000000000001,0.11300000000000002,27.27,15.17,11.99,27.17,35.77,18.57,259.0,0.293,93.0,35.91,7.0,2.7,0.8620000000000001,0.249,38.62,24.01,9.43,33.44,46.84,30.07,85.0,0.227,16.0,18.82,9.0,10.59,0.626,0.093,16.43,7.12,17.96,25.08,25.43,19.28,,,,,,,,,,,,,,
746217,2024-06-19,2024,668930,L,656288,R,field_error,False,False,229.0,0.296,36.0,15.72,20.0,8.73,0.772,0.118,13.17,6.07,18.9,24.97,25.37,14.46,376.0,0.224,82.0,21.81,30.0,7.98,0.608,0.097,22.03,10.83,16.08,26.9,28.59,16.14,189.0,0.291,29.0,15.34,18.0,9.52,0.903,0.25400000000000006,22.32,10.46,14.83,25.3,30.34,15.03,259.0,0.217,61.0,23.55,20.0,7.72,0.6319999999999999,0.1279999999999999,29.4,13.84,16.18,30.02,28.54,20.4
746217,2024-06-19,2024,661388,R,656288,R,single,False,False,246.0,0.308,44.0,17.89,23.0,9.35,0.871,0.185,29.77,14.08,14.08,28.16,25.05,17.39,434.0,0.262,94.0,21.66,42.0,9.68,0.72,0.119,27.61,11.63,19.55,31.17,24.86,18.08,164.0,0.231,25.0,15.24,11.0,6.71,0.655,0.12299999999999997,21.45,10.62,15.58,26.2,26.92,16.23,277.0,0.271,78.0,28.16,16.0,5.78,0.8260000000000001,0.237,28.77,14.19,17.3,31.49,29.39,19.31
746217,2024-06-19,2024,592885,L,656288,R,grounded_into_double_play,False,False,137.0,0.311,27.0,19.71,16.0,11.68,0.877,0.176,21.09,9.69,13.11,22.8,24.83,15.43,473.0,0.294,103.0,21.78,64.0,13.53,0.882,0.195,26.99,11.53,15.4,26.93,23.89,19.07,189.0,0.291,29.0,15.34,18.0,9.52,0.903,0.25400000000000006,22.32,10.46,14.83,25.3,30.34,15.03,259.0,0.217,61.0,23.55,20.0,7.72,0.6319999999999999,0.1279999999999999,29.4,13.84,16.18,30.02,28.54,20.4
746217,2024-06-19,2024,642715,R,656288,R,walk,False,True,244.0,0.252,54.0,22.13,27.0,11.07,0.79,0.201,29.37,14.01,14.62,28.63,26.08,18.12,480.0,0.212,117.0,24.38,47.0,9.79,0.702,0.194,32.44,16.53,12.85,29.38,32.69,19.28,164.0,0.231,25.0,15.24,11.0,6.71,0.655,0.12299999999999997,21.45,10.62,15.58,26.2,26.92,16.23,277.0,0.271,78.0,28.16,16.0,5.78,0.8260000000000001,0.237,28.77,14.19,17.3,31.49,29.39,19.31
746217,2024-06-19,2024,656555,R,656288,R,caught_stealing_home,False,False,176.0,0.227,46.0,26.14,18.0,10.23,0.762,0.215,25.24,10.22,21.2,31.42,21.78,18.33,,,,,,,,,,,,,,,164.0,0.231,25.0,15.24,11.0,6.71,0.655,0.12299999999999997,21.45,10.62,15.58,26.2,26.92,16.23,277.0,0.271,78.0,28.16,16.0,5.78,0.8260000000000001,0.237,28.77,14.19,17.3,31.49,29.39,19.31
746217,2024-06-19,2024,666176,R,668964,R,strikeout,True,False,166.0,0.169,58.0,34.94,10.0,6.02,0.5469999999999999,0.142,31.36,15.45,14.58,30.03,30.66,23.67,43.0,0.205,18.0,41.86,4.0,9.3,0.7150000000000001,0.231,40.66,20.67,14.53,35.2,30.34,25.35,104.0,0.211,26.0,25.0,7.0,6.73,0.7250000000000001,0.24200000000000002,23.78,11.46,18.75,30.21,28.88,21.01,,,,,,,,,,,,,,
746217,2024-06-19,2024,694384,L,668964,R,double,False,False,214.0,0.237,36.0,16.82,18.0,8.41,0.673,0.126,15.04,6.44,21.12,27.57,24.22,14.11,104.0,0.291,15.0,14.42,14.0,13.46,0.7569999999999999,0.0579999999999999,18.78,8.02,17.92,25.94,20.47,11.45,85.0,0.227,16.0,18.82,9.0,10.59,0.626,0.093,16.43,7.12,17.96,25.08,25.43,19.28,,,,,,,,,,,,,,
746217,2024-06-19,2024,650859,L,668964,R,field_out,False,False,175.0,0.285,23.0,13.14,11.0,6.29,0.7250000000000001,0.10100000000000003,20.24,10.77,12.22,22.99,33.14,12.64,322.0,0.24,60.0,18.63,31.0,9.63,0.7270000000000001,0.166,24.18,11.79,13.87,25.66,28.19,14.39,85.0,0.227,16.0,18.82,9.0,10.59,0.626,0.093,16.43,7.12,17.96,25.08,25.43,19.28,,,,,,,,,,,,,,
746217,2024-06-19,2024,621493,R,668964,R,strikeout,True,False,239.0,0.204,56.0,23.43,28.0,11.72,0.6819999999999999,0.18400000000000002,24.05,10.12,19.6,29.71,18.04,20.45,295.0,0.233,61.0,20.68,27.0,9.15,0.702,0.148,23.43,10.4,15.98,26.37,23.09,17.78,104.0,0.211,26.0,25.0,7.0,6.73,0.7250000000000001,0.24200000000000002,23.78,11.46,18.75,30.21,28.88,21.01,,,,,,,,,,,,,,
746217,2024-06-19,2024,656555,R,656288,R,strikeout,True,False,176.0,0.227,46.0,26.14,18.0,10.23,0.762,0.215,25.24,10.22,21.2,31.42,21.78,18.33,,,,,,,,,,,,,,,164.0,0.231,25.0,15.24,11.0,6.71,0.655,0.12299999999999997,21.45,10.62,15.58,26.2,26.92,16.23,277.0,0.271,78.0,28.16,16.0,5.78,0.8260000000000001,0.237,28.77,14.19,17.3,31.49,29.39,19.31
746217,2024-06-19,2024,687401,R,656288,R,field_out,False,False,158.0,0.301,18.0,11.39,22.0,13.92,0.895,0.195,15.38,6.0,21.33,27.33,22.47,10.0,13.0,0.077,3.0,23.08,0.0,0.0,0.2309999999999999,0.077,15.79,8.11,21.62,29.73,26.67,33.33,164.0,0.231,25.0,15.24,11.0,6.71,0.655,0.12299999999999997,21.45,10.62,15.58,26.2,26.92,16.23,277.0,0.271,78.0,28.16,16.0,5.78,0.8260000000000001,0.237,28.77,14.19,17.3,31.49,29.39,19.31
746217,2024-06-19,2024,686217,L,656288,R,single,False,False,221.0,0.26,40.0,18.1,22.0,9.95,0.665,0.061,15.13,6.04,21.89,27.93,26.09,16.33,180.0,0.261,30.0,16.67,23.0,12.78,0.722,0.1049999999999999,15.26,6.63,20.31,26.94,29.52,13.18,189.0,0.291,29.0,15.34,18.0,9.52,0.903,0.25400000000000006,22.32,10.46,14.83,25.3,30.34,15.03,259.0,0.217,61.0,23.55,20.0,7.72,0.6319999999999999,0.1279999999999999,29.4,13.84,16.18,30.02,28.54,20.4
746217,2024-06-19,2024,596142,R,656288,R,single,False,False,103.0,0.217,29.0,28.16,7.0,6.8,0.661,0.153,31.52,12.62,25.0,37.62,31.05,23.77,189.0,0.194,49.0,25.93,17.0,8.99,0.688,0.212,28.71,11.9,21.7,33.59,27.27,21.43,164.0,0.231,25.0,15.24,11.0,6.71,0.655,0.12299999999999997,21.45,10.62,15.58,26.2,26.92,16.23,277.0,0.271,78.0,28.16,16.0,5.78,0.8260000000000001,0.237,28.77,14.19,17.3,31.49,29.39,19.31
746217,2024-06-19,2024,694192,R,656288,R,double,False,False,162.0,0.25,45.0,27.78,7.0,4.32,0.688,0.15799999999999997,32.31,16.24,18.8,35.04,35.91,25.57,,,,,,,,,,,,,,,164.0,0.231,25.0,15.24,11.0,6.71,0.655,0.12299999999999997,21.45,10.62,15.58,26.2,26.92,16.23,277.0,0.271,78.0,28.16,16.0,5.78,0.8260000000000001,0.237,28.77,14.19,17.3,31.49,29.39,19.31
746217,2024-06-19,2024,668930,L,656288,R,field_out,False,False,229.0,0.296,36.0,15.72,20.0,8.73,0.772,0.118,13.17,6.07,18.9,24.97,25.37,14.46,376.0,0.224,82.0,21.81,30.0,7.98,0.608,0.097,22.03,10.83,16.08,26.9,28.59,16.14,189.0,0.291,29.0,15.34,18.0,9.52,0.903,0.25400000000000006,22.32,10.46,14.83,25.3,30.34,15.03,259.0,0.217,61.0,23.55,20.0,7.72,0.6319999999999999,0.1279999999999999,29.4,13.84,16.18,30.02,28.54,20.4
746217,2024-06-19,2024,641432,L,668964,R,field_out,False,False,118.0,0.288,15.0,12.71,6.0,5.08,0.7270000000000001,0.11700000000000005,13.94,6.53,17.12,23.65,23.85,13.89,139.0,0.256,15.0,10.79,13.0,9.35,0.756,0.176,14.22,5.56,19.54,25.1,21.32,10.83,85.0,0.227,16.0,18.82,9.0,10.59,0.626,0.093,16.43,7.12,17.96,25.08,25.43,19.28,,,,,,,,,,,,,,
746217,2024-06-19,2024,681351,R,668964,R,field_out,False,False,179.0,0.297,42.0,23.46,11.0,6.15,0.827,0.182,31.87,15.98,15.54,31.52,34.25,18.26,154.0,0.22,38.0,24.68,9.0,5.84,0.757,0.262,32.06,17.0,13.8,30.81,36.07,19.69,104.0,0.211,26.0,25.0,7.0,6.73,0.7250000000000001,0.24200000000000002,23.78,11.46,18.75,30.21,28.88,21.01,,,,,,,,,,,,,,
746217,2024-06-19,2024,592273,R,668964,R,field_out,False,False,96.0,0.161,17.0,17.71,6.0,6.25,0.462,0.069,24.44,12.29,14.53,26.82,27.68,15.74,392.0,0.261,104.0,26.53,16.0,4.08,0.804,0.242,30.03,15.26,16.62,31.88,36.46,23.21,104.0,0.211,26.0,25.0,7.0,6.73,0.7250000000000001,0.24200000000000002,23.78,11.46,18.75,30.21,28.88,21.01,,,,,,,,,,,,,,
746217,2024-06-19,2024,661388,R,656288,R,field_out,False,False,246.0,0.308,44.0,17.89,23.0,9.35,0.871,0.185,29.77,14.08,14.08,28.16,25.05,17.39,434.0,0.262,94.0,21.66,42.0,9.68,0.72,0.119,27.61,11.63,19.55,31.17,24.86,18.08,164.0,0.231,25.0,15.24,11.0,6.71,0.655,0.12299999999999997,21.45,10.62,15.58,26.2,26.92,16.23,277.0,0.271,78.0,28.16,16.0,5.78,0.8260000000000001,0.237,28.77,14.19,17.3,31.49,29.39,19.31
746217,2024-06-19,2024,592885,L,656288,R,field_out,False,False,137.0,0.311,27.0,19.71,16.0,11.68,0.877,0.176,21.09,9.69,13.11,22.8,24.83,15.43,473.0,0.294,103.0,21.78,64.0,13.53,0.882,0.195,26.99,11.53,15.4,26.93,23.89,19.07,189.0,0.291,29.0,15.34,18.0,9.52,0.903,0.25400000000000006,22.32,10.46,14.83,25.3,30.34,15.03,259.0,0.217,61.0,23.55,20.0,7.72,0.6319999999999999,0.1279999999999999,29.4,13.84,16.18,30.02,28.54,20.4
746217,2024-06-19,2024,642715,R,656288,R,field_out,False,False,244.0,0.252,54.0,22.13,27.0,11.07,0.79,0.201,29.37,14.01,14.62,28.63,26.08,18.12,480.0,0.212,117.0,24.38,47.0,9.79,0.702,0.194,32.44,16.53,12.85,29.38,32.69,19.28,164.0,0.231,25.0,15.24,11.0,6.71,0.655,0.12299999999999997,21.45,10.62,15.58,26.2,26.92,16.23,277.0,0.271,78.0,28.16,16.0,5.78,0.8260000000000001,0.237,28.77,14.19,17.3,31.49,29.39,19.31
746217,2024-06-19,2024,687263,R,668964,R,field_out,False,False,219.0,0.219,53.0,24.2,12.0,5.48,0.6930000000000001,0.19899999999999998,28.71,14.78,15.39,30.17,33.73,21.54,262.0,0.222,62.0,23.66,18.0,6.87,0.6599999999999999,0.1349999999999999,28.77,13.7,16.19,29.89,23.52,18.84,104.0,0.211,26.0,25.0,7.0,6.73,0.7250000000000001,0.24200000000000002,23.78,11.46,18.75,30.21,28.88,21.01,,,,,,,,,,,,,,
746217,2024-06-19,2024,666160,L,668964,R,field_out,False,False,171.0,0.206,44.0,25.73,11.0,6.43,0.5760000000000001,0.11300000000000002,27.27,15.17,11.99,27.17,35.77,18.57,259.0,0.293,93.0,35.91,7.0,2.7,0.8620000000000001,0.249,38.62,24.01,9.43,33.44,46.84,30.07,85.0,0.227,16.0,18.82,9.0,10.59,0.626,0.093,16.43,7.12,17.96,25.08,25.43,19.28,,,,,,,,,,,,,,
746217,2024-06-19,2024,666176,R,668964,R,field_out,False,False,166.0,0.169,58.0,34.94,10.0,6.02,0.5469999999999999,0.142,31.36,15.45,14.58,30.03,30.66,23.67,43.0,0.205,18.0,41.86,4.0,9.3,0.7150000000000001,0.231,40.66,20.67,14.53,35.2,30.34,25.35,104.0,0.211,26.0,25.0,7.0,6.73,0.7250000000000001,0.24200000000000002,23.78,11.46,18.75,30.21,28.88,21.01,,,,,,,,,,,,,,
746217,2024-06-19,2024,656555,R,656288,R,single,False,False,176.0,0.227,46.0,26.14,18.0,10.23,0.762,0.215,25.24,10.22,21.2,31.42,21.78,18.33,,,,,,,,,,,,,,,164.0,0.231,25.0,15.24,11.0,6.71,0.655,0.12299999999999997,21.45,10.62,15.58,26.2,26.92,16.23,277.0,0.271,78.0,28.16,16.0,5.78,0.8260000000000001,0.237,28.77,14.19,17.3,31.49,29.39,19.31
746217,2024-06-19,2024,687401,R,656288,R,single,False,False,158.0,0.301,18.0,11.39,22.0,13.92,0.895,0.195,15.38,6.0,21.33,27.33,22.47,10.0,13.0,0.077,3.0,23.08,0.0,0.0,0.2309999999999999,0.077,15.79,8.11,21.62,29.73,26.67,33.33,164.0,0.231,25.0,15.24,11.0,6.71,0.655,0.12299999999999997,21.45,10.62,15.58,26.2,26.92,16.23,277.0,0.271,78.0,28.16,16.0,5.78,0.8260000000000001,0.237,28.77,14.19,17.3,31.49,29.39,19.31
746217,2024-06-19,2024,686217,L,672710,R,walk,False,True,221.0,0.26,40.0,18.1,22.0,9.95,0.665,0.061,15.13,6.04,21.89,27.93,26.09,16.33,180.0,0.261,30.0,16.67,23.0,12.78,0.722,0.1049999999999999,15.26,6.63,20.31,26.94,29.52,13.18,51.0,0.255,8.0,15.69,4.0,7.84,0.612,0.04299999999999998,22.09,9.74,15.9,25.64,24.74,16.67,142.0,0.302,17.0,11.97,13.0,9.15,0.893,0.222,20.48,9.98,15.26,25.24,29.01,11.68
746217,2024-06-19,2024,596142,R,672710,R,strikeout,True,False,103.0,0.217,29.0,28.16,7.0,6.8,0.661,0.153,31.52,12.62,25.0,37.62,31.05,23.77,189.0,0.194,49.0,25.93,17.0,8.99,0.688,0.212,28.71,11.9,21.7,33.59,27.27,21.43,74.0,0.242,20.0,27.03,9.0,12.16,0.8580000000000001,0.274,27.01,14.02,12.5,26.52,29.84,25.97,160.0,0.264,38.0,23.75,19.0,11.88,0.766,0.1499999999999999,31.71,14.33,18.27,32.6,29.6,19.69
746217,2024-06-19,2024,694192,R,672710,R,sac_fly,False,False,162.0,0.25,45.0,27.78,7.0,4.32,0.688,0.15799999999999997,32.31,16.24,18.8,35.04,35.91,25.57,,,,,,,,,,,,,,,74.0,0.242,20.0,27.03,9.0,12.16,0.8580000000000001,0.274,27.01,14.02,12.5,26.52,29.84,25.97,160.0,0.264,38.0,23.75,19.0,11.88,0.766,0.1499999999999999,31.71,14.33,18.27,32.6,29.6,19.69
746217,2024-06-19,2024,668930,L,672710,R,strikeout,True,False,229.0,0.296,36.0,15.72,20.0,8.73,0.772,0.118,13.17,6.07,18.9,24.97,25.37,14.46,376.0,0.224,82.0,21.81,30.0,7.98,0.608,0.097,22.03,10.83,16.08,26.9,28.59,16.14,51.0,0.255,8.0,15.69,4.0,7.84,0.612,0.04299999999999998,22.09,9.74,15.9,25.64,24.74,16.67,142.0,0.302,17.0,11.97,13.0,9.15,0.893,0.222,20.48,9.98,15.26,25.24,29.01,11.68
746217,2024-06-19,2024,694384,L,668964,R,walk,False,True,214.0,0.237,36.0,16.82,18.0,8.41,0.673,0.126,15.04,6.44,21.12,27.57,24.22,14.11,104.0,0.291,15.0,14.42,14.0,13.46,0.7569999999999999,0.0579999999999999,18.78,8.02,17.92,25.94,20.47,11.45,85.0,0.227,16.0,18.82,9.0,10.59,0.626,0.093,16.43,7.12,17.96,25.08,25.43,19.28,,,,,,,,,,,,,,
746217,2024-06-19,2024,650859,L,668964,R,single,False,False,175.0,0.285,23.0,13.14,11.0,6.29,0.7250000000000001,0.10100000000000003,20.24,10.77,12.22,22.99,33.14,12.64,322.0,0.24,60.0,18.63,31.0,9.63,0.7270000000000001,0.166,24.18,11.79,13.87,25.66,28.19,14.39,85.0,0.227,16.0,18.82,9.0,10.59,0.626,0.093,16.43,7.12,17.96,25.08,25.43,19.28,,,,,,,,,,,,,,
746217,2024-06-19,2024,621493,R,668964,R,strikeout,True,False,239.0,0.204,56.0,23.43,28.0,11.72,0.6819999999999999,0.18400000000000002,24.05,10.12,19.6,29.71,18.04,20.45,295.0,0.233,61.0,20.68,27.0,9.15,0.702,0.148,23.43,10.4,15.98,26.37,23.09,17.78,104.0,0.211,26.0,25.0,7.0,6.73,0.7250000000000001,0.24200000000000002,23.78,11.46,18.75,30.21,28.88,21.01,,,,,,,,,,,,,,
746217,2024-06-19,2024,641432,L,668964,R,grounded_into_double_play,False,False,118.0,0.288,15.0,12.71,6.0,5.08,0.7270000000000001,0.11700000000000005,13.94,6.53,17.12,23.65,23.85,13.89,139.0,0.256,15.0,10.79,13.0,9.35,0.756,0.176,14.22,5.56,19.54,25.1,21.32,10.83,85.0,0.227,16.0,18.82,9.0,10.59,0.626,0.093,16.43,7.12,17.96,25.08,25.43,19.28,,,,,,,,,,,,,,
746217,2024-06-19,2024,661388,R,672710,R,field_out,False,False,246.0,0.308,44.0,17.89,23.0,9.35,0.871,0.185,29.77,14.08,14.08,28.16,25.05,17.39,434.0,0.262,94.0,21.66,42.0,9.68,0.72,0.119,27.61,11.63,19.55,31.17,24.86,18.08,74.0,0.242,20.0,27.03,9.0,12.16,0.8580000000000001,0.274,27.01,14.02,12.5,26.52,29.84,25.97,160.0,0.264,38.0,23.75,19.0,11.88,0.766,0.1499999999999999,31.71,14.33,18.27,32.6,29.6,19.69
746217,2024-06-19,2024,592885,L,672710,R,field_out,False,False,137.0,0.311,27.0,19.71,16.0,11.68,0.877,0.176,21.09,9.69,13.11,22.8,24.83,15.43,473.0,0.294,103.0,21.78,64.0,13.53,0.882,0.195,26.99,11.53,15.4,26.93,23.89,19.07,51.0,0.255,8.0,15.69,4.0,7.84,0.612,0.04299999999999998,22.09,9.74,15.9,25.64,24.74,16.67,142.0,0.302,17.0,11.97,13.0,9.15,0.893,0.222,20.48,9.98,15.26,25.24,29.01,11.68
746217,2024-06-19,2024,642715,R,672710,R,strikeout,True,False,244.0,0.252,54.0,22.13,27.0,11.07,0.79,0.201,29.37,14.01,14.62,28.63,26.08,18.12,480.0,0.212,117.0,24.38,47.0,9.79,0.702,0.194,32.44,16.53,12.85,29.38,32.69,19.28,74.0,0.242,20.0,27.03,9.0,12.16,0.8580000000000001,0.274,27.01,14.02,12.5,26.52,29.84,25.97,160.0,0.264,38.0,23.75,19.0,11.88,0.766,0.1499999999999999,31.71,14.33,18.27,32.6,29.6,19.69
746217,2024-06-19,2024,681351,R,668964,R,strikeout,True,False,179.0,0.297,42.0,23.46,11.0,6.15,0.827,0.182,31.87,15.98,15.54,31.52,34.25,18.26,154.0,0.22,38.0,24.68,9.0,5.84,0.757,0.262,32.06,17.0,13.8,30.81,36.07,19.69,104.0,0.211,26.0,25.0,7.0,6.73,0.7250000000000001,0.24200000000000002,23.78,11.46,18.75,30.21,28.88,21.01,,,,,,,,,,,,,,
746217,2024-06-19,2024,592273,R,668964,R,walk,False,True,96.0,0.161,17.0,17.71,6.0,6.25,0.462,0.069,24.44,12.29,14.53,26.82,27.68,15.74,392.0,0.261,104.0,26.53,16.0,4.08,0.804,0.242,30.03,15.26,16.62,31.88,36.46,23.21,104.0,0.211,26.0,25.0,7.0,6.73,0.7250000000000001,0.24200000000000002,23.78,11.46,18.75,30.21,28.88,21.01,,,,,,,,,,,,,,
746217,2024-06-19,2024,687263,R,660600,R,field_out,False,False,219.0,0.219,53.0,24.2,12.0,5.48,0.6930000000000001,0.19899999999999998,28.71,14.78,15.39,30.17,33.73,21.54,262.0,0.222,62.0,23.66,18.0,6.87,0.6599999999999999,0.1349999999999999,28.77,13.7,16.19,29.89,23.52,18.84,29.0,0.083,6.0,20.69,3.0,10.34,0.366,0.041999999999999996,24.0,11.32,16.98,28.3,35.59,20.69,,,,,,,,,,,,,,
746217,2024-06-19,2024,666160,L,660600,R,strikeout,True,False,171.0,0.206,44.0,25.73,11.0,6.43,0.5760000000000001,0.11300000000000002,27.27,15.17,11.99,27.17,35.77,18.57,259.0,0.293,93.0,35.91,7.0,2.7,0.8620000000000001,0.249,38.62,24.01,9.43,33.44,46.84,30.07,18.0,0.176,5.0,27.78,1.0,5.56,0.45699999999999996,0.059,30.77,14.29,19.64,33.93,25.93,35.71,,,,,,,,,,,,,,
746217,2024-06-19,2024,656555,R,672710,R,strikeout,True,False,176.0,0.227,46.0,26.14,18.0,10.23,0.762,0.215,25.24,10.22,21.2,31.42,21.78,18.33,,,,,,,,,,,,,,,74.0,0.242,20.0,27.03,9.0,12.16,0.8580000000000001,0.274,27.01,14.02,12.5,26.52,29.84,25.97,160.0,0.264,38.0,23.75,19.0,11.88,0.766,0.1499999999999999,31.71,14.33,18.27,32.6,29.6,19.69
746217,2024-06-19,2024,687401,R,672710,R,field_out,False,False,158.0,0.301,18.0,11.39,22.0,13.92,0.895,0.195,15.38,6.0,21.33,27.33,22.47,10.0,13.0,0.077,3.0,23.08,0.0,0.0,0.2309999999999999,0.077,15.79,8.11,21.62,29.73,26.67,33.33,74.0,0.242,20.0,27.03,9.0,12.16,0.8580000000000001,0.274,27.01,14.02,12.5,26.52,29.84,25.97,160.0,0.264,38.0,23.75,19.0,11.88,0.766,0.1499999999999999,31.71,14.33,18.27,32.6,29.6,19.69
746217,2024-06-19,2024,686217,L,672710,R,field_out,False,False,221.0,0.26,40.0,18.1,22.0,9.95,0.665,0.061,15.13,6.04,21.89,27.93,26.09,16.33,180.0,0.261,30.0,16.67,23.0,12.78,0.722,0.1049999999999999,15.26,6.63,20.31,26.94,29.52,13.18,51.0,0.255,8.0,15.69,4.0,7.84,0.612,0.04299999999999998,22.09,9.74,15.9,25.64,24.74,16.67,142.0,0.302,17.0,11.97,13.0,9.15,0.893,0.222,20.48,9.98,15.26,25.24,29.01,11.68
746217,2024-06-19,2024,666176,R,660600,R,strikeout,True,False,166.0,0.169,58.0,34.94,10.0,6.02,0.5469999999999999,0.142,31.36,15.45,14.58,30.03,30.66,23.67,43.0,0.205,18.0,41.86,4.0,9.3,0.7150000000000001,0.231,40.66,20.67,14.53,35.2,30.34,25.35,29.0,0.083,6.0,20.69,3.0,10.34,0.366,0.041999999999999996,24.0,11.32,16.98,28.3,35.59,20.69,,,,,,,,,,,,,,
746217,2024-06-19,2024,694384,L,660600,R,single,False,False,214.0,0.237,36.0,16.82,18.0,8.41,0.673,0.126,15.04,6.44,21.12,27.57,24.22,14.11,104.0,0.291,15.0,14.42,14.0,13.46,0.7569999999999999,0.0579999999999999,18.78,8.02,17.92,25.94,20.47,11.45,18.0,0.176,5.0,27.78,1.0,5.56,0.45699999999999996,0.059,30.77,14.29,19.64,33.93,25.93,35.71,,,,,,,,,,,,,,
746217,2024-06-19,2024,650859,L,660600,R,field_out,False,False,175.0,0.285,23.0,13.14,11.0,6.29,0.7250000000000001,0.10100000000000003,20.24,10.77,12.22,22.99,33.14,12.64,322.0,0.24,60.0,18.63,31.0,9.63,0.7270000000000001,0.166,24.18,11.79,13.87,25.66,28.19,14.39,18.0,0.176,5.0,27.78,1.0,5.56,0.45699999999999996,0.059,30.77,14.29,19.64,33.93,25.93,35.71,,,,,,,,,,,,,,
746217,2024-06-19,2024,621493,R,660600,R,walk,False,True,239.0,0.204,56.0,23.43,28.0,11.72,0.6819999999999999,0.18400000000000002,24.05,10.12,19.6,29.71,18.04,20.45,295.0,0.233,61.0,20.68,27.0,9.15,0.702,0.148,23.43,10.4,15.98,26.37,23.09,17.78,29.0,0.083,6.0,20.69,3.0,10.34,0.366,0.041999999999999996,24.0,11.32,16.98,28.3,35.59,20.69,,,,,,,,,,,,,,
746217,2024-06-19,2024,641432,L,660600,R,field_out,False,False,118.0,0.288,15.0,12.71,6.0,5.08,0.7270000000000001,0.11700000000000005,13.94,6.53,17.12,23.65,23.85,13.89,139.0,0.256,15.0,10.79,13.0,9.35,0.756,0.176,14.22,5.56,19.54,25.1,21.32,10.83,18.0,0.176,5.0,27.78,1.0,5.56,0.45699999999999996,0.059,30.77,14.29,19.64,33.93,25.93,35.71,,,,,,,,,,,,,,
746217,2024-06-19,2024,596142,R,608334,R,strikeout,True,False,103.0,0.217,29.0,28.16,7.0,6.8,0.661,0.153,31.52,12.62,25.0,37.62,31.05,23.77,189.0,0.194,49.0,25.93,17.0,8.99,0.688,0.212,28.71,11.9,21.7,33.59,27.27,21.43,72.0,0.217,21.0,29.17,11.0,15.28,0.6799999999999999,0.11600000000000002,27.41,12.37,16.05,28.43,33.12,23.08,17.0,0.214,1.0,5.88,3.0,17.65,0.782,0.215,12.5,4.48,17.91,22.39,14.71,9.09
746217,2024-06-19,2024,694192,R,608334,R,field_out,False,False,162.0,0.25,45.0,27.78,7.0,4.32,0.688,0.15799999999999997,32.31,16.24,18.8,35.04,35.91,25.57,,,,,,,,,,,,,,,72.0,0.217,21.0,29.17,11.0,15.28,0.6799999999999999,0.11600000000000002,27.41,12.37,16.05,28.43,33.12,23.08,17.0,0.214,1.0,5.88,3.0,17.65,0.782,0.215,12.5,4.48,17.91,22.39,14.71,9.09
746217,2024-06-19,2024,668930,L,608334,R,field_out,False,False,229.0,0.296,36.0,15.72,20.0,8.73,0.772,0.118,13.17,6.07,18.9,24.97,25.37,14.46,376.0,0.224,82.0,21.81,30.0,7.98,0.608,0.097,22.03,10.83,16.08,26.9,28.59,16.14,68.0,0.224,9.0,13.24,8.0,11.76,0.804,0.24200000000000002,23.85,10.32,15.48,25.79,26.62,14.52,22.0,0.15,5.0,22.73,1.0,4.55,0.527,0.15,25.58,12.22,16.67,28.89,26.19,17.86
746217,2024-06-19,2024,681351,R,622694,R,double,False,False,179.0,0.297,42.0,23.46,11.0,6.15,0.827,0.182,31.87,15.98,15.54,31.52,34.25,18.26,154.0,0.22,38.0,24.68,9.0,5.84,0.757,0.262,32.06,17.0,13.8,30.81,36.07,19.69,42.0,0.293,5.0,11.9,1.0,2.38,0.895,0.292,21.13,9.87,20.39,30.26,23.19,8.0,,,,,,,,,,,,,,
746217,2024-06-19,2024,592273,R,622694,R,strikeout,True,False,96.0,0.161,17.0,17.71,6.0,6.25,0.462,0.069,24.44,12.29,14.53,26.82,27.68,15.74,392.0,0.261,104.0,26.53,16.0,4.08,0.804,0.242,30.03,15.26,16.62,31.88,36.46,23.21,42.0,0.293,5.0,11.9,1.0,2.38,0.895,0.292,21.13,9.87,20.39,30.26,23.19,8.0,,,,,,,,,,,,,,
746217,2024-06-19,2024,687263,R,622694,R,single,False,False,219.0,0.219,53.0,24.2,12.0,5.48,0.6930000000000001,0.19899999999999998,28.71,14.78,15.39,30.17,33.73,21.54,262.0,0.222,62.0,23.66,18.0,6.87,0.6599999999999999,0.1349999999999999,28.77,13.7,16.19,29.89,23.52,18.84,42.0,0.293,5.0,11.9,1.0,2.38,0.895,0.292,21.13,9.87,20.39,30.26,23.19,8.0,,,,,,,,,,,,,,
746217,2024-06-19,2024,666160,L,606303,R,double,False,False,171.0,0.206,44.0,25.73,11.0,6.43,0.5760000000000001,0.11300000000000002,27.27,15.17,11.99,27.17,35.77,18.57,259.0,0.293,93.0,35.91,7.0,2.7,0.8620000000000001,0.249,38.62,24.01,9.43,33.44,46.84,30.07,52.0,0.25,12.0,23.08,4.0,7.69,0.725,0.16699999999999998,27.0,13.3,16.75,30.05,30.3,19.05,116.0,0.226,33.0,28.45,5.0,4.31,0.668,0.17,26.21,12.44,17.97,30.41,25.0,26.19
746217,2024-06-19,2024,666176,R,606303,R,field_out,False,False,166.0,0.169,58.0,34.94,10.0,6.02,0.5469999999999999,0.142,31.36,15.45,14.58,30.03,30.66,23.67,43.0,0.205,18.0,41.86,4.0,9.3,0.7150000000000001,0.231,40.66,20.67,14.53,35.2,30.34,25.35,54.0,0.2,10.0,18.52,2.0,3.7,0.5449999999999999,0.09999999999999998,21.65,10.34,17.24,27.59,28.42,18.18,172.0,0.214,44.0,25.58,12.0,6.98,0.587,0.091,27.46,11.27,19.65,30.92,25.96,22.05
746217,2024-06-19,2024,694384,L,606303,R,single,False,False,214.0,0.237,36.0,16.82,18.0,8.41,0.673,0.126,15.04,6.44,21.12,27.57,24.22,14.11,104.0,0.291,15.0,14.42,14.0,13.46,0.7569999999999999,0.0579999999999999,18.78,8.02,17.92,25.94,20.47,11.45,52.0,0.25,12.0,23.08,4.0,7.69,0.725,0.16699999999999998,27.0,13.3,16.75,30.05,30.3,19.05,116.0,0.226,33.0,28.45,5.0,4.31,0.668,0.17,26.21,12.44,17.97,30.41,25.0,26.19
746217,2024-06-19,2024,650859,L,606303,R,walk,False,True,175.0,0.285,23.0,13.14,11.0,6.29,0.7250000000000001,0.10100000000000003,20.24,10.77,12.22,22.99,33.14,12.64,322.0,0.24,60.0,18.63,31.0,9.63,0.7270000000000001,0.166,24.18,11.79,13.87,25.66,28.19,14.39,52.0,0.25,12.0,23.08,4.0,7.69,0.725,0.16699999999999998,27.0,13.3,16.75,30.05,30.3,19.05,116.0,0.226,33.0,28.45,5.0,4.31,0.668,0.17,26.21,12.44,17.97,30.41,25.0,26.19
746217,2024-06-19,2024,621493,R,656730,R,field_out,False,False,239.0,0.204,56.0,23.43,28.0,11.72,0.6819999999999999,0.18400000000000002,24.05,10.12,19.6,29.71,18.04,20.45,295.0,0.233,61.0,20.68,27.0,9.15,0.702,0.148,23.43,10.4,15.98,26.37,23.09,17.78,51.0,0.229,13.0,25.49,2.0,3.92,0.5469999999999999,0.06299999999999997,31.43,18.13,12.64,30.77,36.59,23.21,76.0,0.254,29.0,38.16,5.0,6.58,0.751,0.194,33.77,16.89,18.87,35.76,34.06,31.18
745650,2024-06-19,2024,672580,R,663687,L,strikeout,True,False,66.0,0.258,4.0,6.06,3.0,4.55,0.76,0.21000000000000002,8.62,4.1,20.9,25.0,27.37,5.41,116.0,0.315,21.0,18.1,5.0,4.31,0.79,0.139,16.58,7.23,23.31,30.54,25.87,18.75,90.0,0.185,20.0,22.22,7.0,7.78,0.614,0.173,22.16,10.43,17.65,28.07,26.67,17.09,225.0,0.258,45.0,20.0,21.0,9.33,0.8069999999999999,0.2169999999999999,23.04,10.97,17.42,28.39,22.75,16.54
745650,2024-06-19,2024,677951,R,663687,L,field_out,False,False,56.0,0.302,9.0,16.07,2.0,3.57,0.812,0.189,20.56,10.38,15.57,25.94,37.39,15.0,147.0,0.297,28.0,19.05,7.0,4.76,0.8620000000000001,0.232,24.92,13.58,12.91,26.49,35.1,14.07,90.0,0.185,20.0,22.22,7.0,7.78,0.614,0.173,22.16,10.43,17.65,28.07,26.67,17.09,225.0,0.258,45.0,20.0,21.0,9.33,0.8069999999999999,0.2169999999999999,23.04,10.97,17.42,28.39,22.75,16.54
745650,2024-06-19,2024,686469,L,663687,L,field_out,False,False,58.0,0.269,7.0,12.07,2.0,3.45,0.6970000000000001,0.135,19.27,9.09,19.48,28.57,30.91,10.0,72.0,0.233,8.0,11.11,10.0,13.89,0.697,0.1169999999999999,25.44,10.86,18.35,29.21,25.19,14.29,33.0,0.276,6.0,18.18,4.0,12.12,0.847,0.20699999999999996,15.38,5.52,23.45,28.97,15.71,12.0,59.0,0.314,11.0,18.64,7.0,11.86,0.858,0.137,23.6,9.33,20.0,29.33,16.49,22.92
745650,2024-06-19,2024,680474,R,679525,R,walk,False,True,128.0,0.246,36.0,28.12,11.0,8.59,0.639,0.07,29.28,12.2,20.83,33.02,20.0,21.95,,,,,,,,,,,,,,,115.0,0.279,32.0,27.83,10.0,8.7,0.887,0.269,30.92,13.91,17.61,31.52,24.34,23.85,178.0,0.253,44.0,24.72,13.0,7.3,0.827,0.241,31.29,14.44,17.58,32.03,29.05,26.51
745650,2024-06-19,2024,668709,L,679525,R,double,False,False,247.0,0.273,43.0,17.41,29.0,11.74,0.834,0.19899999999999995,24.76,10.63,17.13,27.76,21.91,17.62,232.0,0.209,53.0,22.84,35.0,15.09,0.726,0.184,28.61,12.18,15.3,27.48,19.27,20.46,174.0,0.201,33.0,18.97,11.0,6.32,0.567,0.10699999999999998,20.47,10.38,15.19,25.56,29.41,16.67,164.0,0.28,41.0,25.0,26.0,15.85,0.968,0.281,28.16,12.62,15.32,27.94,28.5,19.62
745650,2024-06-19,2024,609280,R,679525,R,field_out,False,False,79.0,0.286,12.0,15.19,1.0,1.27,0.6679999999999999,0.09100000000000003,15.38,8.0,17.67,25.67,36.91,13.19,52.0,0.229,6.0,11.54,4.0,7.69,0.705,0.1879999999999999,14.58,7.49,13.9,21.39,30.93,12.77,115.0,0.279,32.0,27.83,10.0,8.7,0.887,0.269,30.92,13.91,17.61,31.52,24.34,23.85,178.0,0.253,44.0,24.72,13.0,7.3,0.827,0.241,31.29,14.44,17.58,32.03,29.05,26.51
745650,2024-06-19,2024,667670,R,679525,R,sac_fly,False,False,193.0,0.263,70.0,36.27,22.0,11.4,0.857,0.24,38.3,18.6,12.73,31.34,30.39,28.57,351.0,0.23,115.0,32.76,33.0,9.4,0.788,0.2419999999999999,37.94,17.82,16.3,34.12,28.65,23.47,115.0,0.279,32.0,27.83,10.0,8.7,0.887,0.269,30.92,13.91,17.61,31.52,24.34,23.85,178.0,0.253,44.0,24.72,13.0,7.3,0.827,0.241,31.29,14.44,17.58,32.03,29.05,26.51
745650,2024-06-19,2024,691016,L,679525,R,strikeout,True,False,96.0,0.244,32.0,33.33,11.0,11.46,0.81,0.21900000000000003,34.13,15.28,16.62,31.9,28.12,30.48,118.0,0.159,37.0,31.36,10.0,8.47,0.472,0.0839999999999999,33.93,16.67,14.91,31.58,29.36,28.91,174.0,0.201,33.0,18.97,11.0,6.32,0.567,0.10699999999999998,20.47,10.38,15.19,25.56,29.41,16.67,164.0,0.28,41.0,25.0,26.0,15.85,0.968,0.281,28.16,12.62,15.32,27.94,28.5,19.62
745650,2024-06-19,2024,521692,R,663687,L,strikeout,True,False,69.0,0.306,12.0,17.39,6.0,8.7,0.829,0.14600000000000002,30.88,17.72,10.97,28.69,46.61,18.46,146.0,0.227,35.0,23.97,8.0,5.48,0.6659999999999999,0.144,28.96,17.6,9.44,27.04,51.15,18.82,90.0,0.185,20.0,22.22,7.0,7.78,0.614,0.173,22.16,10.43,17.65,28.07,26.67,17.09,225.0,0.258,45.0,20.0,21.0,9.33,0.8069999999999999,0.2169999999999999,23.04,10.97,17.42,28.39,22.75,16.54
745650,2024-06-19,2024,676369,R,663687,L,field_out,False,False,69.0,0.237,19.0,27.54,8.0,11.59,0.706,0.136,34.06,16.15,12.71,28.87,23.03,21.11,54.0,0.184,15.0,27.78,5.0,9.26,0.708,0.265,29.81,14.62,15.57,30.19,30.09,20.0,90.0,0.185,20.0,22.22,7.0,7.78,0.614,0.173,22.16,10.43,17.65,28.07,26.67,17.09,225.0,0.258,45.0,20.0,21.0,9.33,0.8069999999999999,0.2169999999999999,23.04,10.97,17.42,28.39,22.75,16.54
745650,2024-06-19,2024,666023,R,663687,L,field_error,False,False,46.0,0.349,6.0,13.04,3.0,6.52,0.8560000000000001,0.11600000000000005,28.26,15.2,12.87,28.07,32.5,11.32,66.0,0.262,14.0,21.21,4.0,6.06,0.777,0.197,25.18,13.78,11.42,25.2,29.37,17.28,90.0,0.185,20.0,22.22,7.0,7.78,0.614,0.173,22.16,10.43,17.65,28.07,26.67,17.09,225.0,0.258,45.0,20.0,21.0,9.33,0.8069999999999999,0.2169999999999999,23.04,10.97,17.42,28.39,22.75,16.54
745650,2024-06-19,2024,679845,R,663687,L,home_run,False,False,26.0,0.4,2.0,7.69,4.0,15.38,1.05,0.15000000000000002,10.0,4.35,15.22,19.57,25.0,7.69,24.0,0.421,5.0,20.83,3.0,12.5,1.079,0.1579999999999999,24.32,10.71,14.29,25.0,18.18,26.32,90.0,0.185,20.0,22.22,7.0,7.78,0.614,0.173,22.16,10.43,17.65,28.07,26.67,17.09,225.0,0.258,45.0,20.0,21.0,9.33,0.8069999999999999,0.2169999999999999,23.04,10.97,17.42,28.39,22.75,16.54
745650,2024-06-19,2024,641658,R,663687,L,field_out,False,False,56.0,0.28,14.0,25.0,5.0,8.93,0.745,0.12,22.68,10.95,14.93,25.87,20.45,27.45,82.0,0.264,22.0,26.83,9.0,10.98,0.707,0.0969999999999999,30.16,12.62,19.93,32.56,26.03,28.95,90.0,0.185,20.0,22.22,7.0,7.78,0.614,0.173,22.16,10.43,17.65,28.07,26.67,17.09,225.0,0.258,45.0,20.0,21.0,9.33,0.8069999999999999,0.2169999999999999,23.04,10.97,17.42,28.39,22.75,16.54
745650,2024-06-19,2024,669127,R,679525,R,field_out,False,False,176.0,0.214,46.0,26.14,12.0,6.82,0.75,0.258,29.97,14.86,16.32,31.18,32.37,26.59,344.0,0.217,101.0,29.36,23.0,6.69,0.7230000000000001,0.226,32.34,16.3,14.73,31.03,31.22,23.88,115.0,0.279,32.0,27.83,10.0,8.7,0.887,0.269,30.92,13.91,17.61,31.52,24.34,23.85,178.0,0.253,44.0,24.72,13.0,7.3,0.827,0.241,31.29,14.44,17.58,32.03,29.05,26.51
745650,2024-06-19,2024,663527,R,679525,R,field_out,False,False,91.0,0.235,23.0,25.27,9.0,9.89,0.628,0.07400000000000001,29.48,14.13,16.34,30.47,25.14,22.33,79.0,0.167,18.0,22.78,9.0,11.39,0.5489999999999999,0.091,24.38,11.4,17.84,29.24,24.85,14.29,115.0,0.279,32.0,27.83,10.0,8.7,0.887,0.269,30.92,13.91,17.61,31.52,24.34,23.85,178.0,0.253,44.0,24.72,13.0,7.3,0.827,0.241,31.29,14.44,17.58,32.03,29.05,26.51
745650,2024-06-19,2024,671732,L,679525,R,field_out,False,False,106.0,0.207,28.0,26.42,14.0,13.21,0.626,0.10800000000000001,28.27,11.87,18.9,30.77,23.33,20.0,107.0,0.216,29.0,27.1,3.0,2.8,0.616,0.157,31.16,14.83,17.7,32.54,26.94,22.48,174.0,0.201,33.0,18.97,11.0,6.32,0.567,0.10699999999999998,20.47,10.38,15.19,25.56,29.41,16.67,164.0,0.28,41.0,25.0,26.0,15.85,0.968,0.281,28.16,12.62,15.32,27.94,28.5,19.62
745650,2024-06-19,2024,664728,L,663687,L,field_out,False,False,28.0,0.231,7.0,25.0,1.0,3.57,0.6319999999999999,0.11499999999999996,16.67,6.54,27.1,33.64,27.45,18.42,61.0,0.315,16.0,26.23,5.0,8.2,0.7989999999999999,0.1109999999999999,20.72,9.87,17.17,27.04,27.93,21.05,33.0,0.276,6.0,18.18,4.0,12.12,0.847,0.20699999999999996,15.38,5.52,23.45,28.97,15.71,12.0,59.0,0.314,11.0,18.64,7.0,11.86,0.858,0.137,23.6,9.33,20.0,29.33,16.49,22.92
745650,2024-06-19,2024,672580,R,663687,L,field_out,False,False,66.0,0.258,4.0,6.06,3.0,4.55,0.76,0.21000000000000002,8.62,4.1,20.9,25.0,27.37,5.41,116.0,0.315,21.0,18.1,5.0,4.31,0.79,0.139,16.58,7.23,23.31,30.54,25.87,18.75,90.0,0.185,20.0,22.22,7.0,7.78,0.614,0.173,22.16,10.43,17.65,28.07,26.67,17.09,225.0,0.258,45.0,20.0,21.0,9.33,0.8069999999999999,0.2169999999999999,23.04,10.97,17.42,28.39,22.75,16.54
745650,2024-06-19,2024,677951,R,663687,L,field_out,False,False,56.0,0.302,9.0,16.07,2.0,3.57,0.812,0.189,20.56,10.38,15.57,25.94,37.39,15.0,147.0,0.297,28.0,19.05,7.0,4.76,0.8620000000000001,0.232,24.92,13.58,12.91,26.49,35.1,14.07,90.0,0.185,20.0,22.22,7.0,7.78,0.614,0.173,22.16,10.43,17.65,28.07,26.67,17.09,225.0,0.258,45.0,20.0,21.0,9.33,0.8069999999999999,0.2169999999999999,23.04,10.97,17.42,28.39,22.75,16.54
745650,2024-06-19,2024,680869,R,679525,R,single,False,False,171.0,0.191,59.0,34.5,10.0,5.85,0.5609999999999999,0.127,35.31,18.2,15.29,33.49,29.81,30.57,220.0,0.303,54.0,24.55,18.0,8.18,0.969,0.298,30.92,15.24,15.12,30.36,29.22,21.29,115.0,0.279,32.0,27.83,10.0,8.7,0.887,0.269,30.92,13.91,17.61,31.52,24.34,23.85,178.0,0.253,44.0,24.72,13.0,7.3,0.827,0.241,31.29,14.44,17.58,32.03,29.05,26.51
745650,2024-06-19,2024,680474,R,679525,R,single,False,False,128.0,0.246,36.0,28.12,11.0,8.59,0.639,0.07,29.28,12.2,20.83,33.02,20.0,21.95,,,,,,,,,,,,,,,115.0,0.279,32.0,27.83,10.0,8.7,0.887,0.269,30.92,13.91,17.61,31.52,24.34,23.85,178.0,0.253,44.0,24.72,13.0,7.3,0.827,0.241,31.29,14.44,17.58,32.03,29.05,26.51
745650,2024-06-19,2024,668709,L,679525,R,double,False,False,247.0,0.273,43.0,17.41,29.0,11.74,0.834,0.19899999999999995,24.76,10.63,17.13,27.76,21.91,17.62,232.0,0.209,53.0,22.84,35.0,15.09,0.726,0.184,28.61,12.18,15.3,27.48,19.27,20.46,174.0,0.201,33.0,18.97,11.0,6.32,0.567,0.10699999999999998,20.47,10.38,15.19,25.56,29.41,16.67,164.0,0.28,41.0,25.0,26.0,15.85,0.968,0.281,28.16,12.62,15.32,27.94,28.5,19.62
745650,2024-06-19,2024,609280,R,679525,R,single,False,False,79.0,0.286,12.0,15.19,1.0,1.27,0.6679999999999999,0.09100000000000003,15.38,8.0,17.67,25.67,36.91,13.19,52.0,0.229,6.0,11.54,4.0,7.69,0.705,0.1879999999999999,14.58,7.49,13.9,21.39,30.93,12.77,115.0,0.279,32.0,27.83,10.0,8.7,0.887,0.269,30.92,13.91,17.61,31.52,24.34,23.85,178.0,0.253,44.0,24.72,13.0,7.3,0.827,0.241,31.29,14.44,17.58,32.03,29.05,26.51
745650,2024-06-19,2024,667670,R,679525,R,strikeout,True,False,193.0,0.263,70.0,36.27,22.0,11.4,0.857,0.24,38.3,18.6,12.73,31.34,30.39,28.57,351.0,0.23,115.0,32.76,33.0,9.4,0.788,0.2419999999999999,37.94,17.82,16.3,34.12,28.65,23.47,115.0,0.279,32.0,27.83,10.0,8.7,0.887,0.269,30.92,13.91,17.61,31.52,24.34,23.85,178.0,0.253,44.0,24.72,13.0,7.3,0.827,0.241,31.29,14.44,17.58,32.03,29.05,26.51
745650,2024-06-19,2024,691016,L,679525,R,strikeout,True,False,96.0,0.244,32.0,33.33,11.0,11.46,0.81,0.21900000000000003,34.13,15.28,16.62,31.9,28.12,30.48,118.0,0.159,37.0,31.36,10.0,8.47,0.472,0.0839999999999999,33.93,16.67,14.91,31.58,29.36,28.91,174.0,0.201,33.0,18.97,11.0,6.32,0.567,0.10699999999999998,20.47,10.38,15.19,25.56,29.41,16.67,164.0,0.28,41.0,25.0,26.0,15.85,0.968,0.281,28.16,12.62,15.32,27.94,28.5,19.62
745650,2024-06-19,2024,669127,R,679525,R,strikeout,True,False,176.0,0.214,46.0,26.14,12.0,6.82,0.75,0.258,29.97,14.86,16.32,31.18,32.37,26.59,344.0,0.217,101.0,29.36,23.0,6.69,0.7230000000000001,0.226,32.34,16.3,14.73,31.03,31.22,23.88,115.0,0.279,32.0,27.83,10.0,8.7,0.887,0.269,30.92,13.91,17.61,31.52,24.34,23.85,178.0,0.253,44.0,24.72,13.0,7.3,0.827,0.241,31.29,14.44,17.58,32.03,29.05,26.51
745650,2024-06-19,2024,686469,L,663687,L,field_out,False,False,58.0,0.269,7.0,12.07,2.0,3.45,0.6970000000000001,0.135,19.27,9.09,19.48,28.57,30.91,10.0,72.0,0.233,8.0,11.11,10.0,13.89,0.697,0.1169999999999999,25.44,10.86,18.35,29.21,25.19,14.29,33.0,0.276,6.0,18.18,4.0,12.12,0.847,0.20699999999999996,15.38,5.52,23.45,28.97,15.71,12.0,59.0,0.314,11.0,18.64,7.0,11.86,0.858,0.137,23.6,9.33,20.0,29.33,16.49,22.92
745650,2024-06-19,2024,521692,R,663687,L,single,False,False,69.0,0.306,12.0,17.39,6.0,8.7,0.829,0.14600000000000002,30.88,17.72,10.97,28.69,46.61,18.46,146.0,0.227,35.0,23.97,8.0,5.48,0.6659999999999999,0.144,28.96,17.6,9.44,27.04,51.15,18.82,90.0,0.185,20.0,22.22,7.0,7.78,0.614,0.173,22.16,10.43,17.65,28.07,26.67,17.09,225.0,0.258,45.0,20.0,21.0,9.33,0.8069999999999999,0.2169999999999999,23.04,10.97,17.42,28.39,22.75,16.54
745650,2024-06-19,2024,676369,R,663687,L,strikeout,True,False,69.0,0.237,19.0,27.54,8.0,11.59,0.706,0.136,34.06,16.15,12.71,28.87,23.03,21.11,54.0,0.184,15.0,27.78,5.0,9.26,0.708,0.265,29.81,14.62,15.57,30.19,30.09,20.0,90.0,0.185,20.0,22.22,7.0,7.78,0.614,0.173,22.16,10.43,17.65,28.07,26.67,17.09,225.0,0.258,45.0,20.0,21.0,9.33,0.8069999999999999,0.2169999999999999,23.04,10.97,17.42,28.39,22.75,16.54
745650,2024-06-19,2024,666023,R,663687,L,single,False,False,46.0,0.349,6.0,13.04,3.0,6.52,0.8560000000000001,0.11600000000000005,28.26,15.2,12.87,28.07,32.5,11.32,66.0,0.262,14.0,21.21,4.0,6.06,0.777,0.197,25.18,13.78,11.42,25.2,29.37,17.28,90.0,0.185,20.0,22.22,7.0,7.78,0.614,0.173,22.16,10.43,17.65,28.07,26.67,17.09,225.0,0.258,45.0,20.0,21.0,9.33,0.8069999999999999,0.2169999999999999,23.04,10.97,17.42,28.39,22.75,16.54
745650,2024-06-19,2024,679845,R,663687,L,walk,False,True,26.0,0.4,2.0,7.69,4.0,15.38,1.05,0.15000000000000002,10.0,4.35,15.22,19.57,25.0,7.69,24.0,0.421,5.0,20.83,3.0,12.5,1.079,0.1579999999999999,24.32,10.71,14.29,25.0,18.18,26.32,90.0,0.185,20.0,22.22,7.0,7.78,0.614,0.173,22.16,10.43,17.65,28.07,26.67,17.09,225.0,0.258,45.0,20.0,21.0,9.33,0.8069999999999999,0.2169999999999999,23.04,10.97,17.42,28.39,22.75,16.54
745650,2024-06-19,2024,641658,R,663687,L,field_out,False,False,56.0,0.28,14.0,25.0,5.0,8.93,0.745,0.12,22.68,10.95,14.93,25.87,20.45,27.45,82.0,0.264,22.0,26.83,9.0,10.98,0.707,0.0969999999999999,30.16,12.62,19.93,32.56,26.03,28.95,90.0,0.185,20.0,22.22,7.0,7.78,0.614,0.173,22.16,10.43,17.65,28.07,26.67,17.09,225.0,0.258,45.0,20.0,21.0,9.33,0.8069999999999999,0.2169999999999999,23.04,10.97,17.42,28.39,22.75,16.54
745650,2024-06-19,2024,663527,R,679525,R,walk,False,True,91.0,0.235,23.0,25.27,9.0,9.89,0.628,0.07400000000000001,29.48,14.13,16.34,30.47,25.14,22.33,79.0,0.167,18.0,22.78,9.0,11.39,0.5489999999999999,0.091,24.38,11.4,17.84,29.24,24.85,14.29,115.0,0.279,32.0,27.83,10.0,8.7,0.887,0.269,30.92,13.91,17.61,31.52,24.34,23.85,178.0,0.253,44.0,24.72,13.0,7.3,0.827,0.241,31.29,14.44,17.58,32.03,29.05,26.51
745650,2024-06-19,2024,671732,L,679525,R,double,False,False,106.0,0.207,28.0,26.42,14.0,13.21,0.626,0.10800000000000001,28.27,11.87,18.9,30.77,23.33,20.0,107.0,0.216,29.0,27.1,3.0,2.8,0.616,0.157,31.16,14.83,17.7,32.54,26.94,22.48,174.0,0.201,33.0,18.97,11.0,6.32,0.567,0.10699999999999998,20.47,10.38,15.19,25.56,29.41,16.67,164.0,0.28,41.0,25.0,26.0,15.85,0.968,0.281,28.16,12.62,15.32,27.94,28.5,19.62
745650,2024-06-19,2024,680869,R,679525,R,home_run,False,False,171.0,0.191,59.0,34.5,10.0,5.85,0.5609999999999999,0.127,35.31,18.2,15.29,33.49,29.81,30.57,220.0,0.303,54.0,24.55,18.0,8.18,0.969,0.298,30.92,15.24,15.12,30.36,29.22,21.29,115.0,0.279,32.0,27.83,10.0,8.7,0.887,0.269,30.92,13.91,17.61,31.52,24.34,23.85,178.0,0.253,44.0,24.72,13.0,7.3,0.827,0.241,31.29,14.44,17.58,32.03,29.05,26.51
745650,2024-06-19,2024,680474,R,669674,L,strikeout,True,False,45.0,0.205,11.0,24.44,4.0,8.89,0.632,0.154,23.08,10.23,18.18,28.41,15.12,21.15,,,,,,,,,,,,,,,23.0,0.158,6.0,26.09,2.0,8.7,0.438,0.05299999999999999,34.21,15.66,18.07,33.73,25.0,30.0,123.0,0.288,20.0,16.26,11.0,8.94,0.8,0.162,19.48,9.34,15.35,24.69,32.23,13.79
745650,2024-06-19,2024,668709,L,669674,L,field_out,False,False,56.0,0.212,13.0,23.21,3.0,5.36,0.755,0.28800000000000003,28.28,13.4,16.27,29.67,26.26,22.81,72.0,0.154,19.0,26.39,7.0,9.72,0.482,0.092,27.07,12.54,16.03,28.57,22.56,21.84,18.0,0.067,4.0,22.22,3.0,16.67,0.28900000000000003,0.0,26.47,12.16,10.81,22.97,22.5,20.0,76.0,0.27,12.0,15.79,10.0,13.16,0.786,0.1429999999999999,20.98,9.84,17.05,26.89,26.75,11.65
745650,2024-06-19,2024,609280,R,669674,L,single,False,False,10.0,0.556,0.0,0.0,1.0,10.0,1.4889999999999999,0.33299999999999996,6.25,2.44,24.39,26.83,22.22,0.0,38.0,0.278,7.0,18.42,2.0,5.26,0.8720000000000001,0.278,30.99,15.71,20.71,36.43,50.0,16.67,23.0,0.158,6.0,26.09,2.0,8.7,0.438,0.05299999999999999,34.21,15.66,18.07,33.73,25.0,30.0,123.0,0.288,20.0,16.26,11.0,8.94,0.8,0.162,19.48,9.34,15.35,24.69,32.23,13.79
745650,2024-06-19,2024,667670,R,669674,L,double,False,False,56.0,0.226,18.0,32.14,3.0,5.36,0.796,0.30200000000000005,29.63,16.16,15.15,31.31,37.89,29.51,175.0,0.279,57.0,32.57,16.0,9.14,0.873,0.24,38.91,17.09,17.51,34.6,24.59,28.22,23.0,0.158,6.0,26.09,2.0,8.7,0.438,0.05299999999999999,34.21,15.66,18.07,33.73,25.0,30.0,123.0,0.288,20.0,16.26,11.0,8.94,0.8,0.162,19.48,9.34,15.35,24.69,32.23,13.79
745650,2024-06-19,2024,691016,L,669674,L,field_out,False,False,7.0,0.167,1.0,14.29,1.0,14.29,0.45299999999999996,0.0,25.0,16.0,4.0,20.0,42.86,14.29,20.0,0.167,6.0,30.0,1.0,5.0,0.472,0.0549999999999999,26.47,14.06,18.75,32.81,33.33,35.29,18.0,0.067,4.0,22.22,3.0,16.67,0.28900000000000003,0.0,26.47,12.16,10.81,22.97,22.5,20.0,76.0,0.27,12.0,15.79,10.0,13.16,0.786,0.1429999999999999,20.98,9.84,17.05,26.89,26.75,11.65
745650,2024-06-19,2024,664728,L,663687,L,triple,False,False,28.0,0.231,7.0,25.0,1.0,3.57,0.6319999999999999,0.11499999999999996,16.67,6.54,27.1,33.64,27.45,18.42,61.0,0.315,16.0,26.23,5.0,8.2,0.7989999999999999,0.1109999999999999,20.72,9.87,17.17,27.04,27.93,21.05,33.0,0.276,6.0,18.18,4.0,12.12,0.847,0.20699999999999996,15.38,5.52,23.45,28.97,15.71,12.0,59.0,0.314,11.0,18.64,7.0,11.86,0.858,0.137,23.6,9.33,20.0,29.33,16.49,22.92
745650,2024-06-19,2024,672580,R,663687,L,field_out,False,False,66.0,0.258,4.0,6.06,3.0,4.55,0.76,0.21000000000000002,8.62,4.1,20.9,25.0,27.37,5.41,116.0,0.315,21.0,18.1,5.0,4.31,0.79,0.139,16.58,7.23,23.31,30.54,25.87,18.75,90.0,0.185,20.0,22.22,7.0,7.78,0.614,0.173,22.16,10.43,17.65,28.07,26.67,17.09,225.0,0.258,45.0,20.0,21.0,9.33,0.8069999999999999,0.2169999999999999,23.04,10.97,17.42,28.39,22.75,16.54
745650,2024-06-19,2024,677951,R,663687,L,field_out,False,False,56.0,0.302,9.0,16.07,2.0,3.57,0.812,0.189,20.56,10.38,15.57,25.94,37.39,15.0,147.0,0.297,28.0,19.05,7.0,4.76,0.8620000000000001,0.232,24.92,13.58,12.91,26.49,35.1,14.07,90.0,0.185,20.0,22.22,7.0,7.78,0.614,0.173,22.16,10.43,17.65,28.07,26.67,17.09,225.0,0.258,45.0,20.0,21.0,9.33,0.8069999999999999,0.2169999999999999,23.04,10.97,17.42,28.39,22.75,16.54
745650,2024-06-19,2024,686469,L,663687,L,walk,False,True,58.0,0.269,7.0,12.07,2.0,3.45,0.6970000000000001,0.135,19.27,9.09,19.48,28.57,30.91,10.0,72.0,0.233,8.0,11.11,10.0,13.89,0.697,0.1169999999999999,25.44,10.86,18.35,29.21,25.19,14.29,33.0,0.276,6.0,18.18,4.0,12.12,0.847,0.20699999999999996,15.38,5.52,23.45,28.97,15.71,12.0,59.0,0.314,11.0,18.64,7.0,11.86,0.858,0.137,23.6,9.33,20.0,29.33,16.49,22.92
745650,2024-06-19,2024,521692,R,663687,L,field_out,False,False,69.0,0.306,12.0,17.39,6.0,8.7,0.829,0.14600000000000002,30.88,17.72,10.97,28.69,46.61,18.46,146.0,0.227,35.0,23.97,8.0,5.48,0.6659999999999999,0.144,28.96,17.6,9.44,27.04,51.15,18.82,90.0,0.185,20.0,22.22,7.0,7.78,0.614,0.173,22.16,10.43,17.65,28.07,26.67,17.09,225.0,0.258,45.0,20.0,21.0,9.33,0.8069999999999999,0.2169999999999999,23.04,10.97,17.42,28.39,22.75,16.54
745650,2024-06-19,2024,669127,R,656186,R,strikeout,True,False,176.0,0.214,46.0,26.14,12.0,6.82,0.75,0.258,29.97,14.86,16.32,31.18,32.37,26.59,344.0,0.217,101.0,29.36,23.0,6.69,0.7230000000000001,0.226,32.34,16.3,14.73,31.03,31.22,23.88,9.0,0.429,4.0,44.44,1.0,11.11,1.127,0.14199999999999996,35.0,18.92,10.81,29.73,27.78,40.0,,,,,,,,,,,,,,
745650,2024-06-19,2024,663527,R,656186,R,double,False,False,91.0,0.235,23.0,25.27,9.0,9.89,0.628,0.07400000000000001,29.48,14.13,16.34,30.47,25.14,22.33,79.0,0.167,18.0,22.78,9.0,11.39,0.5489999999999999,0.091,24.38,11.4,17.84,29.24,24.85,14.29,9.0,0.429,4.0,44.44,1.0,11.11,1.127,0.14199999999999996,35.0,18.92,10.81,29.73,27.78,40.0,,,,,,,,,,,,,,
745650,2024-06-19,2024,671732,L,656186,R,field_out,False,False,106.0,0.207,28.0,26.42,14.0,13.21,0.626,0.10800000000000001,28.27,11.87,18.9,30.77,23.33,20.0,107.0,0.216,29.0,27.1,3.0,2.8,0.616,0.157,31.16,14.83,17.7,32.54,26.94,22.48,8.0,0.167,1.0,12.5,1.0,12.5,0.45299999999999996,0.0,20.0,7.69,15.38,23.08,9.09,50.0,,,,,,,,,,,,,,
745650,2024-06-19,2024,680869,R,656186,R,strikeout,True,False,171.0,0.191,59.0,34.5,10.0,5.85,0.5609999999999999,0.127,35.31,18.2,15.29,33.49,29.81,30.57,220.0,0.303,54.0,24.55,18.0,8.18,0.969,0.298,30.92,15.24,15.12,30.36,29.22,21.29,9.0,0.429,4.0,44.44,1.0,11.11,1.127,0.14199999999999996,35.0,18.92,10.81,29.73,27.78,40.0,,,,,,,,,,,,,,
745650,2024-06-19,2024,676369,R,657697,R,field_out,False,False,153.0,0.187,42.0,27.45,10.0,6.54,0.622,0.187,36.94,16.89,15.87,32.76,27.19,24.28,125.0,0.257,36.0,28.8,9.0,7.2,0.966,0.389,35.34,17.89,12.6,30.49,29.12,21.95,20.0,0.333,2.0,10.0,2.0,10.0,0.789,0.055999999999999994,22.58,10.0,18.57,28.57,21.05,14.29,10.0,0.222,2.0,20.0,0.0,0.0,0.633,0.111,25.0,12.5,18.75,31.25,28.57,18.18
745650,2024-06-19,2024,666023,R,657697,R,strikeout,True,False,92.0,0.259,20.0,21.74,7.0,7.61,0.6679999999999999,0.09399999999999997,25.13,13.33,13.33,26.67,32.97,17.7,169.0,0.288,36.0,21.3,9.0,5.33,0.785,0.174,23.9,13.04,10.79,23.84,30.17,16.22,20.0,0.333,2.0,10.0,2.0,10.0,0.789,0.055999999999999994,22.58,10.0,18.57,28.57,21.05,14.29,10.0,0.222,2.0,20.0,0.0,0.0,0.633,0.111,25.0,12.5,18.75,31.25,28.57,18.18
745650,2024-06-19,2024,679845,R,657697,R,field_out,False,False,69.0,0.203,11.0,15.94,8.0,11.59,0.514,0.016999999999999987,19.0,7.95,19.25,27.2,23.2,16.92,44.0,0.279,7.0,15.91,1.0,2.27,0.667,0.0929999999999999,20.0,9.64,16.87,26.51,25.61,14.29,20.0,0.333,2.0,10.0,2.0,10.0,0.789,0.055999999999999994,22.58,10.0,18.57,28.57,21.05,14.29,10.0,0.222,2.0,20.0,0.0,0.0,0.633,0.111,25.0,12.5,18.75,31.25,28.57,18.18
745650,2024-06-19,2024,680474,R,672578,R,field_out,False,False,128.0,0.246,36.0,28.12,11.0,8.59,0.639,0.07,29.28,12.2,20.83,33.02,20.0,21.95,,,,,,,,,,,,,,,11.0,0.111,2.0,18.18,2.0,18.18,0.384,0.0,12.9,6.78,15.25,22.03,22.22,6.45,156.0,0.273,35.0,22.44,15.0,9.62,0.8720000000000001,0.259,30.31,15.75,13.15,28.9,31.09,16.28
745650,2024-06-19,2024,668709,L,672578,R,double,False,False,247.0,0.273,43.0,17.41,29.0,11.74,0.834,0.19899999999999995,24.76,10.63,17.13,27.76,21.91,17.62,232.0,0.209,53.0,22.84,35.0,15.09,0.726,0.184,28.61,12.18,15.3,27.48,19.27,20.46,6.0,0.4,0.0,0.0,1.0,16.67,1.1,0.19999999999999996,28.57,12.12,12.12,24.24,16.67,0.0,146.0,0.189,42.0,28.77,17.0,11.64,0.597,0.118,30.58,15.6,11.39,26.99,28.62,19.27
745650,2024-06-19,2024,609280,R,672578,R,field_out,False,False,79.0,0.286,12.0,15.19,1.0,1.27,0.6679999999999999,0.09100000000000003,15.38,8.0,17.67,25.67,36.91,13.19,52.0,0.229,6.0,11.54,4.0,7.69,0.705,0.1879999999999999,14.58,7.49,13.9,21.39,30.93,12.77,11.0,0.111,2.0,18.18,2.0,18.18,0.384,0.0,12.9,6.78,15.25,22.03,22.22,6.45,156.0,0.273,35.0,22.44,15.0,9.62,0.8720000000000001,0.259,30.31,15.75,13.15,28.9,31.09,16.28
745650,2024-06-19,2024,667670,R,672578,R,strikeout,True,False,193.0,0.263,70.0,36.27,22.0,11.4,0.857,0.24,38.3,18.6,12.73,31.34,30.39,28.57,351.0,0.23,115.0,32.76,33.0,9.4,0.788,0.2419999999999999,37.94,17.82,16.3,34.12,28.65,23.47,11.0,0.111,2.0,18.18,2.0,18.18,0.384,0.0,12.9,6.78,15.25,22.03,22.22,6.45,156.0,0.273,35.0,22.44,15.0,9.62,0.8720000000000001,0.259,30.31,15.75,13.15,28.9,31.09,16.28
745650,2024-06-19,2024,624428,L,613534,R,double,False,False,135.0,0.218,26.0,19.26,14.0,10.37,0.639,0.11000000000000001,17.29,8.08,18.45,26.54,27.11,13.27,392.0,0.248,60.0,15.31,26.0,6.63,0.7090000000000001,0.158,19.43,9.43,17.73,27.16,29.49,14.18,45.0,0.2,12.0,26.67,5.0,11.11,0.764,0.2,24.42,10.71,15.82,26.53,25.27,19.05,29.0,0.174,10.0,34.48,4.0,13.79,0.5189999999999999,0.0,35.71,14.81,17.78,32.59,22.73,21.28
745650,2024-06-19,2024,664728,L,613534,R,field_out,False,False,168.0,0.221,25.0,14.88,10.0,5.95,0.618,0.12999999999999998,16.6,7.65,20.87,28.52,32.01,17.12,253.0,0.223,43.0,17.0,12.0,4.74,0.631,0.147,20.48,9.51,19.8,29.31,28.6,18.78,45.0,0.2,12.0,26.67,5.0,11.11,0.764,0.2,24.42,10.71,15.82,26.53,25.27,19.05,29.0,0.174,10.0,34.48,4.0,13.79,0.5189999999999999,0.0,35.71,14.81,17.78,32.59,22.73,21.28
745650,2024-06-19,2024,672580,R,613534,R,strikeout,True,False,266.0,0.24,51.0,19.17,20.0,7.52,0.626,0.09100000000000003,19.86,8.81,20.36,29.18,21.92,17.96,400.0,0.258,94.0,23.5,33.0,8.25,0.648,0.071,20.3,8.71,19.59,28.3,19.12,19.96,74.0,0.288,21.0,28.38,10.0,13.51,0.7749999999999999,0.068,39.26,16.56,16.56,33.12,24.71,21.88,52.0,0.267,12.0,23.08,4.0,7.69,0.721,0.0889999999999999,25.93,12.28,15.35,27.63,31.9,16.67
745650,2024-06-19,2024,677951,R,613534,R,strikeout,True,False,273.0,0.325,46.0,16.85,22.0,8.06,0.934,0.22800000000000004,23.87,11.56,14.71,26.27,29.13,16.85,547.0,0.27,93.0,17.0,33.0,6.03,0.8,0.2149999999999999,22.15,10.87,15.53,26.4,29.62,14.44,74.0,0.288,21.0,28.38,10.0,13.51,0.7749999999999999,0.068,39.26,16.56,16.56,33.12,24.71,21.88,52.0,0.267,12.0,23.08,4.0,7.69,0.721,0.0889999999999999,25.93,12.28,15.35,27.63,31.9,16.67
745650,2024-06-19,2024,691016,L,608717,R,field_out,False,False,96.0,0.244,32.0,33.33,11.0,11.46,0.81,0.21900000000000003,34.13,15.28,16.62,31.9,28.12,30.48,118.0,0.159,37.0,31.36,10.0,8.47,0.472,0.0839999999999999,33.93,16.67,14.91,31.58,29.36,28.91,47.0,0.237,10.0,21.28,9.0,19.15,0.62,0.0,22.89,9.05,18.57,27.62,26.32,16.95,104.0,0.191,35.0,33.65,14.0,13.46,0.59,0.1009999999999999,21.74,8.85,21.02,29.87,22.5,22.88
745650,2024-06-19,2024,669127,R,608717,R,strikeout,True,False,176.0,0.214,46.0,26.14,12.0,6.82,0.75,0.258,29.97,14.86,16.32,31.18,32.37,26.59,344.0,0.217,101.0,29.36,23.0,6.69,0.7230000000000001,0.226,32.34,16.3,14.73,31.03,31.22,23.88,81.0,0.147,19.0,23.46,10.0,12.35,0.556,0.147,27.94,12.38,15.96,28.34,24.05,27.94,234.0,0.242,46.0,19.66,11.0,4.7,0.679,0.158,22.17,11.23,16.08,27.31,29.37,16.37
745650,2024-06-19,2024,663527,R,608717,R,field_out,False,False,91.0,0.235,23.0,25.27,9.0,9.89,0.628,0.07400000000000001,29.48,14.13,16.34,30.47,25.14,22.33,79.0,0.167,18.0,22.78,9.0,11.39,0.5489999999999999,0.091,24.38,11.4,17.84,29.24,24.85,14.29,81.0,0.147,19.0,23.46,10.0,12.35,0.556,0.147,27.94,12.38,15.96,28.34,24.05,27.94,234.0,0.242,46.0,19.66,11.0,4.7,0.679,0.158,22.17,11.23,16.08,27.31,29.37,16.37
745650,2024-06-19,2024,686469,L,668674,R,single,False,False,231.0,0.233,31.0,13.42,29.0,12.55,0.76,0.19199999999999998,13.87,6.09,15.92,22.01,27.02,12.7,188.0,0.251,23.0,12.23,15.0,7.98,0.784,0.217,14.85,7.02,17.48,24.5,34.8,10.0,48.0,0.27,10.0,20.83,9.0,18.75,0.9790000000000001,0.271,32.53,13.43,17.41,30.85,32.17,16.13,92.0,0.23,27.0,29.35,16.0,17.39,0.731,0.1209999999999999,29.94,12.74,16.11,28.85,22.48,17.88
745650,2024-06-19,2024,521692,R,668674,R,single,False,False,220.0,0.292,38.0,17.27,18.0,8.18,0.862,0.2,24.51,13.84,9.39,23.24,42.55,14.23,437.0,0.264,100.0,22.88,11.0,2.52,0.73,0.174,30.72,18.16,9.73,27.89,45.56,22.08,57.0,0.167,20.0,35.09,2.0,3.51,0.489,0.11100000000000002,31.46,14.43,19.59,34.02,30.93,38.46,160.0,0.254,41.0,25.62,20.0,12.5,0.723,0.1039999999999999,27.31,11.08,18.25,29.33,23.65,21.24
745650,2024-06-19,2024,669004,L,668674,R,walk,False,True,180.0,0.177,47.0,26.11,15.0,8.33,0.646,0.21900000000000003,30.2,15.46,11.79,27.25,27.4,16.85,459.0,0.239,122.0,26.58,55.0,11.98,0.752,0.181,32.7,15.24,15.56,30.8,24.84,20.68,48.0,0.27,10.0,20.83,9.0,18.75,0.9790000000000001,0.271,32.53,13.43,17.41,30.85,32.17,16.13,92.0,0.23,27.0,29.35,16.0,17.39,0.731,0.1209999999999999,29.94,12.74,16.11,28.85,22.48,17.88
745650,2024-06-19,2024,666023,R,668674,R,field_out,False,False,92.0,0.259,20.0,21.74,7.0,7.61,0.6679999999999999,0.09399999999999997,25.13,13.33,13.33,26.67,32.97,17.7,169.0,0.288,36.0,21.3,9.0,5.33,0.785,0.174,23.9,13.04,10.79,23.84,30.17,16.22,57.0,0.167,20.0,35.09,2.0,3.51,0.489,0.11100000000000002,31.46,14.43,19.59,34.02,30.93,38.46,160.0,0.254,41.0,25.62,20.0,12.5,0.723,0.1039999999999999,27.31,11.08,18.25,29.33,23.65,21.24
745650,2024-06-19,2024,679845,R,668674,R,field_out,False,False,69.0,0.203,11.0,15.94,8.0,11.59,0.514,0.016999999999999987,19.0,7.95,19.25,27.2,23.2,16.92,44.0,0.279,7.0,15.91,1.0,2.27,0.667,0.0929999999999999,20.0,9.64,16.87,26.51,25.61,14.29,57.0,0.167,20.0,35.09,2.0,3.51,0.489,0.11100000000000002,31.46,14.43,19.59,34.02,30.93,38.46,160.0,0.254,41.0,25.62,20.0,12.5,0.723,0.1039999999999999,27.31,11.08,18.25,29.33,23.65,21.24
745650,2024-06-19,2024,624428,L,518397,L,field_out,False,False,22.0,0.2,2.0,9.09,1.0,4.55,0.47300000000000003,0.0,13.33,5.88,23.53,29.41,14.81,14.29,64.0,0.193,8.0,12.5,6.0,9.38,0.6140000000000001,0.14,17.54,8.16,17.96,26.12,24.11,13.33,18.0,0.167,2.0,11.11,0.0,0.0,0.334,0.0,10.71,5.0,23.33,28.33,37.93,12.5,83.0,0.215,16.0,19.28,3.0,3.61,0.56,0.101,24.84,13.2,16.17,29.37,31.5,16.84
745650,2024-06-19,2024,663662,R,519293,L,field_out,False,False,10.0,0.222,2.0,20.0,1.0,10.0,0.9670000000000001,0.44500000000000006,15.79,7.89,7.89,15.79,23.81,20.0,,,,,,,,,,,,,,,63.0,0.333,7.0,11.11,7.0,11.11,0.919,0.16699999999999998,23.16,10.38,14.62,25.0,22.77,16.67,161.0,0.224,36.0,22.36,13.0,8.07,0.683,0.171,26.4,12.8,16.48,29.28,32.28,20.34
745650,2024-06-19,2024,680869,R,519293,L,field_out,False,False,47.0,0.209,16.0,34.04,4.0,8.51,0.672,0.18600000000000003,37.5,18.07,15.66,33.73,22.67,38.1,80.0,0.167,28.0,35.0,8.0,10.0,0.486,0.0689999999999999,40.48,21.25,11.56,32.81,27.92,34.57,63.0,0.333,7.0,11.11,7.0,11.11,0.919,0.16699999999999998,23.16,10.38,14.62,25.0,22.77,16.67,161.0,0.224,36.0,22.36,13.0,8.07,0.683,0.171,26.4,12.8,16.48,29.28,32.28,20.34
745650,2024-06-19,2024,680474,R,519293,L,field_out,False,False,45.0,0.205,11.0,24.44,4.0,8.89,0.632,0.154,23.08,10.23,18.18,28.41,15.12,21.15,,,,,,,,,,,,,,,63.0,0.333,7.0,11.11,7.0,11.11,0.919,0.16699999999999998,23.16,10.38,14.62,25.0,22.77,16.67,161.0,0.224,36.0,22.36,13.0,8.07,0.683,0.171,26.4,12.8,16.48,29.28,32.28,20.34
745650,2024-06-19,2024,664728,L,695243,R,field_out,False,False,168.0,0.221,25.0,14.88,10.0,5.95,0.618,0.12999999999999998,16.6,7.65,20.87,28.52,32.01,17.12,253.0,0.223,43.0,17.0,12.0,4.74,0.631,0.147,20.48,9.51,19.8,29.31,28.6,18.78,53.0,0.109,26.0,49.06,7.0,13.21,0.42200000000000004,0.08700000000000001,44.55,22.79,16.28,39.07,35.48,32.5,62.0,0.167,16.0,25.81,10.0,16.13,0.573,0.0829999999999999,22.31,9.61,13.88,23.49,22.0,18.39
745650,2024-06-19,2024,672580,R,695243,R,strikeout,True,False,266.0,0.24,51.0,19.17,20.0,7.52,0.626,0.09100000000000003,19.86,8.81,20.36,29.18,21.92,17.96,400.0,0.258,94.0,23.5,33.0,8.25,0.648,0.071,20.3,8.71,19.59,28.3,19.12,19.96,69.0,0.161,31.0,44.93,5.0,7.25,0.507,0.12899999999999998,40.97,19.87,19.19,39.06,42.86,32.63,78.0,0.229,22.0,28.21,6.0,7.69,0.642,0.114,29.19,14.24,14.55,28.79,28.75,20.56
745650,2024-06-19,2024,677951,R,695243,R,field_out,False,False,273.0,0.325,46.0,16.85,22.0,8.06,0.934,0.22800000000000004,23.87,11.56,14.71,26.27,29.13,16.85,547.0,0.27,93.0,17.0,33.0,6.03,0.8,0.2149999999999999,22.15,10.87,15.53,26.4,29.62,14.44,69.0,0.161,31.0,44.93,5.0,7.25,0.507,0.12899999999999998,40.97,19.87,19.19,39.06,42.86,32.63,78.0,0.229,22.0,28.21,6.0,7.69,0.642,0.114,29.19,14.24,14.55,28.79,28.75,20.56
746783,2024-06-19,2024,514888,R,686563,R,field_out,False,False,233.0,0.286,46.0,19.74,14.0,6.01,0.788,0.17000000000000004,20.42,10.41,16.99,27.39,37.33,19.41,297.0,0.322,55.0,18.52,32.0,10.77,0.941,0.218,19.43,8.47,19.0,27.48,31.81,17.74,74.0,0.159,15.0,20.27,3.0,4.05,0.382,0.028999999999999998,22.6,11.04,16.72,27.76,27.03,14.29,,,,,,,,,,,,,,
746783,2024-06-19,2024,665161,R,686563,R,strikeout,True,False,214.0,0.273,41.0,19.16,10.0,4.67,0.656,0.065,25.25,13.11,15.3,28.41,36.38,17.15,461.0,0.239,107.0,23.21,34.0,7.38,0.655,0.1089999999999999,30.36,15.5,13.92,29.42,35.52,20.7,74.0,0.159,15.0,20.27,3.0,4.05,0.382,0.028999999999999998,22.6,11.04,16.72,27.76,27.03,14.29,,,,,,,,,,,,,,
746783,2024-06-19,2024,608324,R,686563,R,single,False,False,203.0,0.26,36.0,17.73,17.0,8.37,0.752,0.16499999999999998,15.62,7.03,18.99,26.02,24.26,13.9,508.0,0.282,67.0,13.19,65.0,12.8,0.8500000000000001,0.186,14.53,5.58,19.65,25.23,16.96,12.88,74.0,0.159,15.0,20.27,3.0,4.05,0.382,0.028999999999999998,22.6,11.04,16.72,27.76,27.03,14.29,,,,,,,,,,,,,,
746783,2024-06-19,2024,673237,R,686563,R,field_out,False,False,175.0,0.248,27.0,15.43,6.0,3.43,0.67,0.15200000000000002,21.16,12.01,10.53,22.53,41.0,16.07,274.0,0.307,47.0,17.15,7.0,2.55,0.931,0.292,24.58,14.19,11.31,25.51,43.08,17.42,74.0,0.159,15.0,20.27,3.0,4.05,0.382,0.028999999999999998,22.6,11.04,16.72,27.76,27.03,14.29,,,,,,,,,,,,,,
746783,2024-06-19,2024,502054,R,664285,L,field_out,False,False,42.0,0.265,8.0,19.05,7.0,16.67,0.905,0.235,20.63,7.74,21.43,29.17,18.82,14.81,177.0,0.245,35.0,19.77,19.0,10.73,0.787,0.22,18.15,7.08,21.25,28.33,19.5,17.41,261.0,0.23,49.0,18.77,22.0,8.43,0.63,0.1,26.15,11.63,17.22,28.85,27.12,19.84,666.0,0.23,155.0,23.27,43.0,6.46,0.645,0.1289999999999999,25.9,12.29,16.56,28.85,28.37,25.66
746783,2024-06-19,2024,683734,R,664285,L,single,False,False,63.0,0.279,10.0,15.87,2.0,3.17,0.728,0.14699999999999996,24.0,12.45,14.11,26.56,35.71,15.38,142.0,0.227,20.0,14.08,7.0,4.93,0.641,0.144,18.15,9.74,13.42,23.16,34.55,11.83,261.0,0.23,49.0,18.77,22.0,8.43,0.63,0.1,26.15,11.63,17.22,28.85,27.12,19.84,666.0,0.23,155.0,23.27,43.0,6.46,0.645,0.1289999999999999,25.9,12.29,16.56,28.85,28.37,25.66
746783,2024-06-19,2024,673357,R,664285,L,strikeout,True,False,21.0,0.176,8.0,38.1,4.0,19.05,0.5680000000000001,0.059,42.86,17.65,17.65,35.29,32.61,34.78,119.0,0.312,40.0,33.61,5.0,4.2,0.951,0.2749999999999999,35.71,20.75,11.2,31.95,42.19,22.1,261.0,0.23,49.0,18.77,22.0,8.43,0.63,0.1,26.15,11.63,17.22,28.85,27.12,19.84,666.0,0.23,155.0,23.27,43.0,6.46,0.645,0.1289999999999999,25.9,12.29,16.56,28.85,28.37,25.66
746783,2024-06-19,2024,657557,R,664285,L,strikeout,True,False,63.0,0.155,21.0,33.33,3.0,4.76,0.5509999999999999,0.18999999999999997,38.73,22.73,9.5,32.23,31.36,27.63,119.0,0.217,35.0,29.41,9.0,7.56,0.635,0.1319999999999999,33.2,18.24,12.75,30.99,37.18,23.03,261.0,0.23,49.0,18.77,22.0,8.43,0.63,0.1,26.15,11.63,17.22,28.85,27.12,19.84,666.0,0.23,155.0,23.27,43.0,6.46,0.645,0.1289999999999999,25.9,12.29,16.56,28.85,28.37,25.66
746783,2024-06-19,2024,572138,L,686563,R,strikeout,True,False,143.0,0.23,32.0,22.38,20.0,13.99,0.6799999999999999,0.11399999999999996,25.33,10.38,18.43,28.8,20.77,20.92,79.0,0.13,19.0,24.05,9.0,11.39,0.402,0.0439999999999999,22.79,9.69,16.56,26.25,24.43,21.11,62.0,0.39,13.0,20.97,3.0,4.84,1.08,0.271,25.22,12.72,14.91,27.63,33.06,18.06,,,,,,,,,,,,,,
746783,2024-06-19,2024,643289,R,686563,R,field_out,False,False,124.0,0.297,9.0,7.26,4.0,3.23,0.7130000000000001,0.09300000000000003,16.74,10.0,12.63,22.63,44.6,8.91,375.0,0.263,58.0,15.47,13.0,3.47,0.6779999999999999,0.124,19.01,10.95,13.18,24.13,40.64,15.68,74.0,0.159,15.0,20.27,3.0,4.05,0.382,0.028999999999999998,22.6,11.04,16.72,27.76,27.03,14.29,,,,,,,,,,,,,,
746783,2024-06-19,2024,605170,L,686563,R,field_out,False,False,94.0,0.226,14.0,14.89,5.0,5.32,0.7090000000000001,0.20299999999999999,20.81,9.9,17.89,27.8,26.71,20.29,168.0,0.262,33.0,19.64,15.0,8.93,0.745,0.1539999999999999,19.57,9.05,17.76,26.8,23.55,20.0,62.0,0.39,13.0,20.97,3.0,4.84,1.08,0.271,25.22,12.72,14.91,27.63,33.06,18.06,,,,,,,,,,,,,,
746783,2024-06-19,2024,672820,R,664285,L,field_out,False,False,31.0,0.31,5.0,16.13,2.0,6.45,0.941,0.27599999999999997,18.37,7.89,17.54,25.44,28.07,18.52,50.0,0.261,10.0,20.0,3.0,6.0,0.741,0.174,22.11,11.8,17.98,29.78,44.19,18.87,261.0,0.23,49.0,18.77,22.0,8.43,0.63,0.1,26.15,11.63,17.22,28.85,27.12,19.84,666.0,0.23,155.0,23.27,43.0,6.46,0.645,0.1289999999999999,25.9,12.29,16.56,28.85,28.37,25.66
746783,2024-06-19,2024,643217,L,664285,L,strikeout,True,False,45.0,0.093,12.0,26.67,2.0,4.44,0.319,0.093,27.55,14.59,14.05,28.65,33.7,16.67,135.0,0.262,22.0,16.3,10.0,7.41,0.7230000000000001,0.14,20.08,10.21,13.87,24.08,28.74,14.77,38.0,0.353,7.0,18.42,2.0,5.26,0.95,0.17600000000000005,16.98,6.92,20.77,27.69,21.21,21.88,142.0,0.22,45.0,31.69,14.0,9.86,0.7070000000000001,0.178,30.62,13.86,16.14,30.0,31.17,27.44
746783,2024-06-19,2024,667452,R,664285,L,field_out,False,False,33.0,0.31,10.0,30.3,4.0,12.12,0.911,0.20700000000000002,27.42,12.41,18.25,30.66,33.33,23.26,76.0,0.233,19.0,25.0,2.0,2.63,0.62,0.1369999999999999,22.62,11.91,15.05,26.96,35.67,17.27,261.0,0.23,49.0,18.77,22.0,8.43,0.63,0.1,26.15,11.63,17.22,28.85,27.12,19.84,666.0,0.23,155.0,23.27,43.0,6.46,0.645,0.1289999999999999,25.9,12.29,16.56,28.85,28.37,25.66
746783,2024-06-19,2024,676694,R,686563,R,field_out,False,False,140.0,0.254,34.0,24.29,7.0,5.0,0.6890000000000001,0.138,33.48,16.39,15.76,32.14,31.69,25.76,263.0,0.218,69.0,26.24,18.0,6.84,0.6459999999999999,0.146,25.89,12.2,16.27,28.47,24.49,21.12,74.0,0.159,15.0,20.27,3.0,4.05,0.382,0.028999999999999998,22.6,11.04,16.72,27.76,27.03,14.29,,,,,,,,,,,,,,
746783,2024-06-19,2024,663550,L,686563,R,double,False,False,32.0,0.312,6.0,18.75,0.0,0.0,0.812,0.188,25.81,14.41,11.71,26.13,33.33,18.18,52.0,0.22,24.0,46.15,1.0,1.92,0.5710000000000001,0.12,50.0,32.99,6.09,39.09,46.53,37.5,62.0,0.39,13.0,20.97,3.0,4.84,1.08,0.271,25.22,12.72,14.91,27.63,33.06,18.06,,,,,,,,,,,,,,
746783,2024-06-19,2024,514888,R,686563,R,strikeout,True,False,233.0,0.286,46.0,19.74,14.0,6.01,0.788,0.17000000000000004,20.42,10.41,16.99,27.39,37.33,19.41,297.0,0.322,55.0,18.52,32.0,10.77,0.941,0.218,19.43,8.47,19.0,27.48,31.81,17.74,74.0,0.159,15.0,20.27,3.0,4.05,0.382,0.028999999999999998,22.6,11.04,16.72,27.76,27.03,14.29,,,,,,,,,,,,,,
746783,2024-06-19,2024,665161,R,686563,R,field_out,False,False,214.0,0.273,41.0,19.16,10.0,4.67,0.656,0.065,25.25,13.11,15.3,28.41,36.38,17.15,461.0,0.239,107.0,23.21,34.0,7.38,0.655,0.1089999999999999,30.36,15.5,13.92,29.42,35.52,20.7,74.0,0.159,15.0,20.27,3.0,4.05,0.382,0.028999999999999998,22.6,11.04,16.72,27.76,27.03,14.29,,,,,,,,,,,,,,
746783,2024-06-19,2024,686676,R,664285,L,walk,False,True,48.0,0.295,12.0,25.0,4.0,8.33,0.74,0.09100000000000003,31.58,17.54,10.53,28.07,35.29,26.09,23.0,0.0,8.0,34.78,1.0,4.35,0.043,0.0,28.12,15.79,7.89,23.68,26.67,17.02,261.0,0.23,49.0,18.77,22.0,8.43,0.63,0.1,26.15,11.63,17.22,28.85,27.12,19.84,666.0,0.23,155.0,23.27,43.0,6.46,0.645,0.1289999999999999,25.9,12.29,16.56,28.85,28.37,25.66
746783,2024-06-19,2024,664901,R,664285,L,single,False,False,40.0,0.297,8.0,20.0,3.0,7.5,0.891,0.24400000000000005,22.22,10.32,15.48,25.81,23.46,21.62,41.0,0.225,10.0,24.39,1.0,2.44,0.544,0.0749999999999999,22.67,10.62,20.0,30.63,24.29,21.74,261.0,0.23,49.0,18.77,22.0,8.43,0.63,0.1,26.15,11.63,17.22,28.85,27.12,19.84,666.0,0.23,155.0,23.27,43.0,6.46,0.645,0.1289999999999999,25.9,12.29,16.56,28.85,28.37,25.66
746783,2024-06-19,2024,502054,R,664285,L,walk,False,True,42.0,0.265,8.0,19.05,7.0,16.67,0.905,0.235,20.63,7.74,21.43,29.17,18.82,14.81,177.0,0.245,35.0,19.77,19.0,10.73,0.787,0.22,18.15,7.08,21.25,28.33,19.5,17.41,261.0,0.23,49.0,18.77,22.0,8.43,0.63,0.1,26.15,11.63,17.22,28.85,27.12,19.84,666.0,0.23,155.0,23.27,43.0,6.46,0.645,0.1289999999999999,25.9,12.29,16.56,28.85,28.37,25.66
746783,2024-06-19,2024,683734,R,664285,L,force_out,False,False,63.0,0.279,10.0,15.87,2.0,3.17,0.728,0.14699999999999996,24.0,12.45,14.11,26.56,35.71,15.38,142.0,0.227,20.0,14.08,7.0,4.93,0.641,0.144,18.15,9.74,13.42,23.16,34.55,11.83,261.0,0.23,49.0,18.77,22.0,8.43,0.63,0.1,26.15,11.63,17.22,28.85,27.12,19.84,666.0,0.23,155.0,23.27,43.0,6.46,0.645,0.1289999999999999,25.9,12.29,16.56,28.85,28.37,25.66
746783,2024-06-19,2024,673357,R,664285,L,grounded_into_double_play,False,False,21.0,0.176,8.0,38.1,4.0,19.05,0.5680000000000001,0.059,42.86,17.65,17.65,35.29,32.61,34.78,119.0,0.312,40.0,33.61,5.0,4.2,0.951,0.2749999999999999,35.71,20.75,11.2,31.95,42.19,22.1,261.0,0.23,49.0,18.77,22.0,8.43,0.63,0.1,26.15,11.63,17.22,28.85,27.12,19.84,666.0,0.23,155.0,23.27,43.0,6.46,0.645,0.1289999999999999,25.9,12.29,16.56,28.85,28.37,25.66
746783,2024-06-19,2024,608324,R,686563,R,single,False,False,203.0,0.26,36.0,17.73,17.0,8.37,0.752,0.16499999999999998,15.62,7.03,18.99,26.02,24.26,13.9,508.0,0.282,67.0,13.19,65.0,12.8,0.8500000000000001,0.186,14.53,5.58,19.65,25.23,16.96,12.88,74.0,0.159,15.0,20.27,3.0,4.05,0.382,0.028999999999999998,22.6,11.04,16.72,27.76,27.03,14.29,,,,,,,,,,,,,,
746783,2024-06-19,2024,673237,R,686563,R,field_out,False,False,175.0,0.248,27.0,15.43,6.0,3.43,0.67,0.15200000000000002,21.16,12.01,10.53,22.53,41.0,16.07,274.0,0.307,47.0,17.15,7.0,2.55,0.931,0.292,24.58,14.19,11.31,25.51,43.08,17.42,74.0,0.159,15.0,20.27,3.0,4.05,0.382,0.028999999999999998,22.6,11.04,16.72,27.76,27.03,14.29,,,,,,,,,,,,,,
746783,2024-06-19,2024,572138,L,686563,R,field_out,False,False,143.0,0.23,32.0,22.38,20.0,13.99,0.6799999999999999,0.11399999999999996,25.33,10.38,18.43,28.8,20.77,20.92,79.0,0.13,19.0,24.05,9.0,11.39,0.402,0.0439999999999999,22.79,9.69,16.56,26.25,24.43,21.11,62.0,0.39,13.0,20.97,3.0,4.84,1.08,0.271,25.22,12.72,14.91,27.63,33.06,18.06,,,,,,,,,,,,,,
746783,2024-06-19,2024,643289,R,686563,R,field_out,False,False,124.0,0.297,9.0,7.26,4.0,3.23,0.7130000000000001,0.09300000000000003,16.74,10.0,12.63,22.63,44.6,8.91,375.0,0.263,58.0,15.47,13.0,3.47,0.6779999999999999,0.124,19.01,10.95,13.18,24.13,40.64,15.68,74.0,0.159,15.0,20.27,3.0,4.05,0.382,0.028999999999999998,22.6,11.04,16.72,27.76,27.03,14.29,,,,,,,,,,,,,,
746783,2024-06-19,2024,657557,R,664285,L,strikeout,True,False,63.0,0.155,21.0,33.33,3.0,4.76,0.5509999999999999,0.18999999999999997,38.73,22.73,9.5,32.23,31.36,27.63,119.0,0.217,35.0,29.41,9.0,7.56,0.635,0.1319999999999999,33.2,18.24,12.75,30.99,37.18,23.03,261.0,0.23,49.0,18.77,22.0,8.43,0.63,0.1,26.15,11.63,17.22,28.85,27.12,19.84,666.0,0.23,155.0,23.27,43.0,6.46,0.645,0.1289999999999999,25.9,12.29,16.56,28.85,28.37,25.66
746783,2024-06-19,2024,672820,R,664285,L,field_out,False,False,31.0,0.31,5.0,16.13,2.0,6.45,0.941,0.27599999999999997,18.37,7.89,17.54,25.44,28.07,18.52,50.0,0.261,10.0,20.0,3.0,6.0,0.741,0.174,22.11,11.8,17.98,29.78,44.19,18.87,261.0,0.23,49.0,18.77,22.0,8.43,0.63,0.1,26.15,11.63,17.22,28.85,27.12,19.84,666.0,0.23,155.0,23.27,43.0,6.46,0.645,0.1289999999999999,25.9,12.29,16.56,28.85,28.37,25.66
746783,2024-06-19,2024,643217,L,664285,L,field_out,False,False,45.0,0.093,12.0,26.67,2.0,4.44,0.319,0.093,27.55,14.59,14.05,28.65,33.7,16.67,135.0,0.262,22.0,16.3,10.0,7.41,0.7230000000000001,0.14,20.08,10.21,13.87,24.08,28.74,14.77,38.0,0.353,7.0,18.42,2.0,5.26,0.95,0.17600000000000005,16.98,6.92,20.77,27.69,21.21,21.88,142.0,0.22,45.0,31.69,14.0,9.86,0.7070000000000001,0.178,30.62,13.86,16.14,30.0,31.17,27.44
746783,2024-06-19,2024,605170,L,686563,R,field_out,False,False,94.0,0.226,14.0,14.89,5.0,5.32,0.7090000000000001,0.20299999999999999,20.81,9.9,17.89,27.8,26.71,20.29,168.0,0.262,33.0,19.64,15.0,8.93,0.745,0.1539999999999999,19.57,9.05,17.76,26.8,23.55,20.0,62.0,0.39,13.0,20.97,3.0,4.84,1.08,0.271,25.22,12.72,14.91,27.63,33.06,18.06,,,,,,,,,,,,,,
746783,2024-06-19,2024,676694,R,686563,R,field_out,False,False,140.0,0.254,34.0,24.29,7.0,5.0,0.6890000000000001,0.138,33.48,16.39,15.76,32.14,31.69,25.76,263.0,0.218,69.0,26.24,18.0,6.84,0.6459999999999999,0.146,25.89,12.2,16.27,28.47,24.49,21.12,74.0,0.159,15.0,20.27,3.0,4.05,0.382,0.028999999999999998,22.6,11.04,16.72,27.76,27.03,14.29,,,,,,,,,,,,,,
746783,2024-06-19,2024,663550,L,686563,R,single,False,False,32.0,0.312,6.0,18.75,0.0,0.0,0.812,0.188,25.81,14.41,11.71,26.13,33.33,18.18,52.0,0.22,24.0,46.15,1.0,1.92,0.5710000000000001,0.12,50.0,32.99,6.09,39.09,46.53,37.5,62.0,0.39,13.0,20.97,3.0,4.84,1.08,0.271,25.22,12.72,14.91,27.63,33.06,18.06,,,,,,,,,,,,,,
746783,2024-06-19,2024,514888,R,686563,R,caught_stealing_2b,False,False,233.0,0.286,46.0,19.74,14.0,6.01,0.788,0.17000000000000004,20.42,10.41,16.99,27.39,37.33,19.41,297.0,0.322,55.0,18.52,32.0,10.77,0.941,0.218,19.43,8.47,19.0,27.48,31.81,17.74,74.0,0.159,15.0,20.27,3.0,4.05,0.382,0.028999999999999998,22.6,11.04,16.72,27.76,27.03,14.29,,,,,,,,,,,,,,
746783,2024-06-19,2024,667452,R,664285,L,walk,False,True,33.0,0.31,10.0,30.3,4.0,12.12,0.911,0.20700000000000002,27.42,12.41,18.25,30.66,33.33,23.26,76.0,0.233,19.0,25.0,2.0,2.63,0.62,0.1369999999999999,22.62,11.91,15.05,26.96,35.67,17.27,261.0,0.23,49.0,18.77,22.0,8.43,0.63,0.1,26.15,11.63,17.22,28.85,27.12,19.84,666.0,0.23,155.0,23.27,43.0,6.46,0.645,0.1289999999999999,25.9,12.29,16.56,28.85,28.37,25.66
746783,2024-06-19,2024,686676,R,664285,L,walk,False,True,48.0,0.295,12.0,25.0,4.0,8.33,0.74,0.09100000000000003,31.58,17.54,10.53,28.07,35.29,26.09,23.0,0.0,8.0,34.78,1.0,4.35,0.043,0.0,28.12,15.79,7.89,23.68,26.67,17.02,261.0,0.23,49.0,18.77,22.0,8.43,0.63,0.1,26.15,11.63,17.22,28.85,27.12,19.84,666.0,0.23,155.0,23.27,43.0,6.46,0.645,0.1289999999999999,25.9,12.29,16.56,28.85,28.37,25.66
746783,2024-06-19,2024,664901,R,664285,L,strikeout,True,False,40.0,0.297,8.0,20.0,3.0,7.5,0.891,0.24400000000000005,22.22,10.32,15.48,25.81,23.46,21.62,41.0,0.225,10.0,24.39,1.0,2.44,0.544,0.0749999999999999,22.67,10.62,20.0,30.63,24.29,21.74,261.0,0.23,49.0,18.77,22.0,8.43,0.63,0.1,26.15,11.63,17.22,28.85,27.12,19.84,666.0,0.23,155.0,23.27,43.0,6.46,0.645,0.1289999999999999,25.9,12.29,16.56,28.85,28.37,25.66
746783,2024-06-19,2024,502054,R,664285,L,walk,False,True,42.0,0.265,8.0,19.05,7.0,16.67,0.905,0.235,20.63,7.74,21.43,29.17,18.82,14.81,177.0,0.245,35.0,19.77,19.0,10.73,0.787,0.22,18.15,7.08,21.25,28.33,19.5,17.41,261.0,0.23,49.0,18.77,22.0,8.43,0.63,0.1,26.15,11.63,17.22,28.85,27.12,19.84,666.0,0.23,155.0,23.27,43.0,6.46,0.645,0.1289999999999999,25.9,12.29,16.56,28.85,28.37,25.66
746783,2024-06-19,2024,683734,R,664285,L,force_out,False,False,63.0,0.279,10.0,15.87,2.0,3.17,0.728,0.14699999999999996,24.0,12.45,14.11,26.56,35.71,15.38,142.0,0.227,20.0,14.08,7.0,4.93,0.641,0.144,18.15,9.74,13.42,23.16,34.55,11.83,261.0,0.23,49.0,18.77,22.0,8.43,0.63,0.1,26.15,11.63,17.22,28.85,27.12,19.84,666.0,0.23,155.0,23.27,43.0,6.46,0.645,0.1289999999999999,25.9,12.29,16.56,28.85,28.37,25.66
746783,2024-06-19,2024,673357,R,664285,L,field_out,False,False,21.0,0.176,8.0,38.1,4.0,19.05,0.5680000000000001,0.059,42.86,17.65,17.65,35.29,32.61,34.78,119.0,0.312,40.0,33.61,5.0,4.2,0.951,0.2749999999999999,35.71,20.75,11.2,31.95,42.19,22.1,261.0,0.23,49.0,18.77,22.0,8.43,0.63,0.1,26.15,11.63,17.22,28.85,27.12,19.84,666.0,0.23,155.0,23.27,43.0,6.46,0.645,0.1289999999999999,25.9,12.29,16.56,28.85,28.37,25.66
746783,2024-06-19,2024,514888,R,686563,R,strikeout,True,False,233.0,0.286,46.0,19.74,14.0,6.01,0.788,0.17000000000000004,20.42,10.41,16.99,27.39,37.33,19.41,297.0,0.322,55.0,18.52,32.0,10.77,0.941,0.218,19.43,8.47,19.0,27.48,31.81,17.74,74.0,0.159,15.0,20.27,3.0,4.05,0.382,0.028999999999999998,22.6,11.04,16.72,27.76,27.03,14.29,,,,,,,,,,,,,,
746783,2024-06-19,2024,665161,R,686563,R,field_out,False,False,214.0,0.273,41.0,19.16,10.0,4.67,0.656,0.065,25.25,13.11,15.3,28.41,36.38,17.15,461.0,0.239,107.0,23.21,34.0,7.38,0.655,0.1089999999999999,30.36,15.5,13.92,29.42,35.52,20.7,74.0,0.159,15.0,20.27,3.0,4.05,0.382,0.028999999999999998,22.6,11.04,16.72,27.76,27.03,14.29,,,,,,,,,,,,,,
746783,2024-06-19,2024,608324,R,686563,R,field_out,False,False,203.0,0.26,36.0,17.73,17.0,8.37,0.752,0.16499999999999998,15.62,7.03,18.99,26.02,24.26,13.9,508.0,0.282,67.0,13.19,65.0,12.8,0.8500000000000001,0.186,14.53,5.58,19.65,25.23,16.96,12.88,74.0,0.159,15.0,20.27,3.0,4.05,0.382,0.028999999999999998,22.6,11.04,16.72,27.76,27.03,14.29,,,,,,,,,,,,,,
746783,2024-06-19,2024,657557,R,664285,L,field_out,False,False,63.0,0.155,21.0,33.33,3.0,4.76,0.5509999999999999,0.18999999999999997,38.73,22.73,9.5,32.23,31.36,27.63,119.0,0.217,35.0,29.41,9.0,7.56,0.635,0.1319999999999999,33.2,18.24,12.75,30.99,37.18,23.03,261.0,0.23,49.0,18.77,22.0,8.43,0.63,0.1,26.15,11.63,17.22,28.85,27.12,19.84,666.0,0.23,155.0,23.27,43.0,6.46,0.645,0.1289999999999999,25.9,12.29,16.56,28.85,28.37,25.66
746783,2024-06-19,2024,672820,R,664285,L,field_out,False,False,31.0,0.31,5.0,16.13,2.0,6.45,0.941,0.27599999999999997,18.37,7.89,17.54,25.44,28.07,18.52,50.0,0.261,10.0,20.0,3.0,6.0,0.741,0.174,22.11,11.8,17.98,29.78,44.19,18.87,261.0,0.23,49.0,18.77,22.0,8.43,0.63,0.1,26.15,11.63,17.22,28.85,27.12,19.84,666.0,0.23,155.0,23.27,43.0,6.46,0.645,0.1289999999999999,25.9,12.29,16.56,28.85,28.37,25.66
746783,2024-06-19,2024,643217,L,664285,L,field_out,False,False,45.0,0.093,12.0,26.67,2.0,4.44,0.319,0.093,27.55,14.59,14.05,28.65,33.7,16.67,135.0,0.262,22.0,16.3,10.0,7.41,0.7230000000000001,0.14,20.08,10.21,13.87,24.08,28.74,14.77,38.0,0.353,7.0,18.42,2.0,5.26,0.95,0.17600000000000005,16.98,6.92,20.77,27.69,21.21,21.88,142.0,0.22,45.0,31.69,14.0,9.86,0.7070000000000001,0.178,30.62,13.86,16.14,30.0,31.17,27.44
746783,2024-06-19,2024,673237,R,686563,R,field_out,False,False,175.0,0.248,27.0,15.43,6.0,3.43,0.67,0.15200000000000002,21.16,12.01,10.53,22.53,41.0,16.07,274.0,0.307,47.0,17.15,7.0,2.55,0.931,0.292,24.58,14.19,11.31,25.51,43.08,17.42,74.0,0.159,15.0,20.27,3.0,4.05,0.382,0.028999999999999998,22.6,11.04,16.72,27.76,27.03,14.29,,,,,,,,,,,,,,
746783,2024-06-19,2024,572138,L,686563,R,walk,False,True,143.0,0.23,32.0,22.38,20.0,13.99,0.6799999999999999,0.11399999999999996,25.33,10.38,18.43,28.8,20.77,20.92,79.0,0.13,19.0,24.05,9.0,11.39,0.402,0.0439999999999999,22.79,9.69,16.56,26.25,24.43,21.11,62.0,0.39,13.0,20.97,3.0,4.84,1.08,0.271,25.22,12.72,14.91,27.63,33.06,18.06,,,,,,,,,,,,,,
746783,2024-06-19,2024,643289,R,686563,R,field_out,False,False,124.0,0.297,9.0,7.26,4.0,3.23,0.7130000000000001,0.09300000000000003,16.74,10.0,12.63,22.63,44.6,8.91,375.0,0.263,58.0,15.47,13.0,3.47,0.6779999999999999,0.124,19.01,10.95,13.18,24.13,40.64,15.68,74.0,0.159,15.0,20.27,3.0,4.05,0.382,0.028999999999999998,22.6,11.04,16.72,27.76,27.03,14.29,,,,,,,,,,,,,,
746783,2024-06-19,2024,605170,L,686563,R,single,False,False,94.0,0.226,14.0,14.89,5.0,5.32,0.7090000000000001,0.20299999999999999,20.81,9.9,17.89,27.8,26.71,20.29,168.0,0.262,33.0,19.64,15.0,8.93,0.745,0.1539999999999999,19.57,9.05,17.76,26.8,23.55,20.0,62.0,0.39,13.0,20.97,3.0,4.84,1.08,0.271,25.22,12.72,14.91,27.63,33.06,18.06,,,,,,,,,,,,,,
746783,2024-06-19,2024,676694,R,686563,R,force_out,False,False,140.0,0.254,34.0,24.29,7.0,5.0,0.6890000000000001,0.138,33.48,16.39,15.76,32.14,31.69,25.76,263.0,0.218,69.0,26.24,18.0,6.84,0.6459999999999999,0.146,25.89,12.2,16.27,28.47,24.49,21.12,74.0,0.159,15.0,20.27,3.0,4.05,0.382,0.028999999999999998,22.6,11.04,16.72,27.76,27.03,14.29,,,,,,,,,,,,,,
746783,2024-06-19,2024,657757,L,605463,R,field_out,False,False,212.0,0.239,34.0,16.04,29.0,13.68,0.762,0.172,20.16,8.7,18.31,27.0,28.39,12.55,324.0,0.212,58.0,17.9,28.0,8.64,0.63,0.1369999999999999,20.44,9.67,14.66,24.33,29.35,14.25,76.0,0.141,14.0,18.42,9.0,11.84,0.441,0.047000000000000014,25.36,11.51,15.79,27.3,27.98,18.18,27.0,0.15,5.0,18.52,6.0,22.22,0.72,0.1999999999999999,30.23,11.3,12.17,23.48,18.33,15.62
746783,2024-06-19,2024,686676,R,605463,R,strikeout,True,False,134.0,0.22,41.0,30.6,6.0,4.48,0.634,0.158,39.93,23.11,10.63,33.74,34.96,25.0,47.0,0.116,12.0,25.53,4.0,8.51,0.4,0.0929999999999999,33.71,18.07,13.25,31.33,34.15,23.53,72.0,0.19,21.0,29.17,8.0,11.11,0.546,0.064,31.34,13.21,19.5,32.7,25.44,19.09,61.0,0.37,12.0,19.67,4.0,6.56,1.074,0.278,22.52,10.82,16.02,26.84,31.45,17.91
746783,2024-06-19,2024,670032,L,605463,R,field_out,False,False,181.0,0.239,28.0,15.47,13.0,7.18,0.575,0.03700000000000003,17.68,8.7,15.98,24.68,27.3,17.28,212.0,0.228,33.0,15.57,24.0,11.32,0.647,0.089,22.47,10.7,16.47,27.16,26.6,14.22,76.0,0.141,14.0,18.42,9.0,11.84,0.441,0.047000000000000014,25.36,11.51,15.79,27.3,27.98,18.18,27.0,0.15,5.0,18.52,6.0,22.22,0.72,0.1999999999999999,30.23,11.3,12.17,23.48,18.33,15.62
746783,2024-06-19,2024,663550,L,686563,R,field_out,False,False,32.0,0.312,6.0,18.75,0.0,0.0,0.812,0.188,25.81,14.41,11.71,26.13,33.33,18.18,52.0,0.22,24.0,46.15,1.0,1.92,0.5710000000000001,0.12,50.0,32.99,6.09,39.09,46.53,37.5,62.0,0.39,13.0,20.97,3.0,4.84,1.08,0.271,25.22,12.72,14.91,27.63,33.06,18.06,,,,,,,,,,,,,,
746783,2024-06-19,2024,514888,R,686563,R,field_out,False,False,233.0,0.286,46.0,19.74,14.0,6.01,0.788,0.17000000000000004,20.42,10.41,16.99,27.39,37.33,19.41,297.0,0.322,55.0,18.52,32.0,10.77,0.941,0.218,19.43,8.47,19.0,27.48,31.81,17.74,74.0,0.159,15.0,20.27,3.0,4.05,0.382,0.028999999999999998,22.6,11.04,16.72,27.76,27.03,14.29,,,,,,,,,,,,,,
746783,2024-06-19,2024,665161,R,686563,R,field_out,False,False,214.0,0.273,41.0,19.16,10.0,4.67,0.656,0.065,25.25,13.11,15.3,28.41,36.38,17.15,461.0,0.239,107.0,23.21,34.0,7.38,0.655,0.1089999999999999,30.36,15.5,13.92,29.42,35.52,20.7,74.0,0.159,15.0,20.27,3.0,4.05,0.382,0.028999999999999998,22.6,11.04,16.72,27.76,27.03,14.29,,,,,,,,,,,,,,
746783,2024-06-19,2024,502054,R,606160,R,strikeout,True,False,118.0,0.288,25.0,21.19,7.0,5.93,0.7,0.08100000000000002,23.47,9.7,21.94,31.65,19.25,18.12,304.0,0.262,71.0,23.36,28.0,9.21,0.767,0.173,26.61,10.98,19.38,30.37,21.23,21.19,59.0,0.22,11.0,18.64,5.0,8.47,0.628,0.07999999999999999,15.6,6.85,15.73,22.58,23.91,14.1,147.0,0.291,44.0,29.93,11.0,7.48,0.884,0.239,30.51,15.31,14.8,30.1,32.81,22.45
746783,2024-06-19,2024,683734,R,606160,R,field_out,False,False,218.0,0.221,53.0,24.31,15.0,6.88,0.661,0.156,22.47,10.62,17.5,28.12,30.05,19.63,474.0,0.267,109.0,23.0,29.0,6.12,0.774,0.18,26.24,11.95,18.94,30.89,30.92,21.51,59.0,0.22,11.0,18.64,5.0,8.47,0.628,0.07999999999999999,15.6,6.85,15.73,22.58,23.91,14.1,147.0,0.291,44.0,29.93,11.0,7.48,0.884,0.239,30.51,15.31,14.8,30.1,32.81,22.45
746783,2024-06-19,2024,673357,R,606160,R,field_out,False,False,60.0,0.175,24.0,40.0,3.0,5.0,0.778,0.38600000000000007,36.09,18.97,15.81,34.78,37.3,26.67,477.0,0.252,132.0,27.67,25.0,5.24,0.8340000000000001,0.279,32.83,18.94,10.59,29.53,40.07,24.77,59.0,0.22,11.0,18.64,5.0,8.47,0.628,0.07999999999999999,15.6,6.85,15.73,22.58,23.91,14.1,147.0,0.291,44.0,29.93,11.0,7.48,0.884,0.239,30.51,15.31,14.8,30.1,32.81,22.45
746783,2024-06-19,2024,608324,R,686563,R,field_out,False,False,203.0,0.26,36.0,17.73,17.0,8.37,0.752,0.16499999999999998,15.62,7.03,18.99,26.02,24.26,13.9,508.0,0.282,67.0,13.19,65.0,12.8,0.8500000000000001,0.186,14.53,5.58,19.65,25.23,16.96,12.88,74.0,0.159,15.0,20.27,3.0,4.05,0.382,0.028999999999999998,22.6,11.04,16.72,27.76,27.03,14.29,,,,,,,,,,,,,,
746783,2024-06-19,2024,673237,R,686563,R,field_out,False,False,175.0,0.248,27.0,15.43,6.0,3.43,0.67,0.15200000000000002,21.16,12.01,10.53,22.53,41.0,16.07,274.0,0.307,47.0,17.15,7.0,2.55,0.931,0.292,24.58,14.19,11.31,25.51,43.08,17.42,74.0,0.159,15.0,20.27,3.0,4.05,0.382,0.028999999999999998,22.6,11.04,16.72,27.76,27.03,14.29,,,,,,,,,,,,,,
746783,2024-06-19,2024,572138,L,686563,R,single,False,False,143.0,0.23,32.0,22.38,20.0,13.99,0.6799999999999999,0.11399999999999996,25.33,10.38,18.43,28.8,20.77,20.92,79.0,0.13,19.0,24.05,9.0,11.39,0.402,0.0439999999999999,22.79,9.69,16.56,26.25,24.43,21.11,62.0,0.39,13.0,20.97,3.0,4.84,1.08,0.271,25.22,12.72,14.91,27.63,33.06,18.06,,,,,,,,,,,,,,
746783,2024-06-19,2024,643289,R,686563,R,single,False,False,124.0,0.297,9.0,7.26,4.0,3.23,0.7130000000000001,0.09300000000000003,16.74,10.0,12.63,22.63,44.6,8.91,375.0,0.263,58.0,15.47,13.0,3.47,0.6779999999999999,0.124,19.01,10.95,13.18,24.13,40.64,15.68,74.0,0.159,15.0,20.27,3.0,4.05,0.382,0.028999999999999998,22.6,11.04,16.72,27.76,27.03,14.29,,,,,,,,,,,,,,
746783,2024-06-19,2024,605170,L,605154,R,field_out,False,False,94.0,0.226,14.0,14.89,5.0,5.32,0.7090000000000001,0.20299999999999999,20.81,9.9,17.89,27.8,26.71,20.29,168.0,0.262,33.0,19.64,15.0,8.93,0.745,0.1539999999999999,19.57,9.05,17.76,26.8,23.55,20.0,52.0,0.204,18.0,34.62,2.0,3.85,0.6990000000000001,0.24500000000000002,24.55,11.11,19.75,30.86,24.56,19.15,55.0,0.204,18.0,32.73,6.0,10.91,0.699,0.204,29.13,12.99,17.75,30.74,29.63,24.32
745004,2024-06-19,2024,596019,L,547179,R,field_out,False,False,248.0,0.226,46.0,18.55,19.0,7.66,0.694,0.17200000000000001,23.01,11.08,15.76,26.84,25.28,17.42,483.0,0.242,102.0,21.12,51.0,10.56,0.757,0.182,23.68,11.49,14.35,25.84,28.12,17.29,135.0,0.102,28.0,20.74,16.0,11.85,0.351,0.041999999999999996,25.1,11.71,14.68,26.39,25.8,17.65,354.0,0.218,70.0,19.77,32.0,9.04,0.6739999999999999,0.165,25.07,12.26,15.11,27.37,28.81,16.67
745004,2024-06-19,2024,607043,L,547179,R,field_out,False,False,223.0,0.242,55.0,24.66,34.0,15.25,0.788,0.16999999999999998,23.57,9.65,17.07,26.73,20.12,17.68,448.0,0.266,98.0,21.88,60.0,13.39,0.874,0.235,20.87,8.67,19.47,28.14,19.23,16.42,135.0,0.102,28.0,20.74,16.0,11.85,0.351,0.041999999999999996,25.1,11.71,14.68,26.39,25.8,17.65,354.0,0.218,70.0,19.77,32.0,9.04,0.6739999999999999,0.165,25.07,12.26,15.11,27.37,28.81,16.67
745004,2024-06-19,2024,502110,R,547179,R,strikeout,True,False,136.0,0.264,41.0,30.15,9.0,6.62,0.7849999999999999,0.20799999999999996,29.12,14.87,14.87,29.75,32.13,21.24,343.0,0.27,106.0,30.9,21.0,6.12,0.8799999999999999,0.2979999999999999,35.71,19.2,12.73,31.93,33.23,24.42,151.0,0.304,22.0,14.57,14.0,9.27,0.933,0.25200000000000006,19.76,8.59,18.73,27.32,23.76,13.25,271.0,0.275,41.0,15.13,15.0,5.54,0.734,0.1429999999999999,17.01,8.49,18.12,26.6,31.74,13.95
745004,2024-06-19,2024,543760,R,622663,R,field_out,False,False,228.0,0.223,33.0,14.47,20.0,8.77,0.6579999999999999,0.141,21.29,11.0,13.68,24.68,26.17,16.1,544.0,0.273,77.0,14.15,52.0,9.56,0.8360000000000001,0.2199999999999999,18.01,8.45,14.48,22.93,21.97,13.9,177.0,0.194,34.0,19.21,19.0,10.73,0.598,0.122,21.39,10.33,16.3,26.64,31.56,16.43,215.0,0.271,45.0,20.93,17.0,7.91,0.841,0.2289999999999999,23.04,11.89,15.13,27.02,29.81,15.52
745004,2024-06-19,2024,608369,L,622663,R,field_out,False,False,184.0,0.265,20.0,10.87,31.0,16.85,0.894,0.238,19.87,9.57,8.36,17.93,23.51,12.74,370.0,0.333,55.0,14.86,42.0,11.35,1.075,0.334,23.9,12.77,6.35,19.12,27.26,15.8,175.0,0.255,27.0,15.43,12.0,6.86,0.6719999999999999,0.09499999999999997,18.39,9.79,12.69,22.48,24.64,14.29,203.0,0.333,34.0,16.75,17.0,8.37,1.005,0.2789999999999999,18.23,9.28,14.43,23.71,28.29,13.71
745004,2024-06-19,2024,669701,L,622663,R,single,False,False,184.0,0.294,28.0,15.22,18.0,9.78,0.8480000000000001,0.16800000000000004,17.47,8.23,18.01,26.24,23.15,12.73,200.0,0.194,46.0,23.0,19.0,9.5,0.623,0.13,20.71,8.96,19.58,28.54,22.65,15.97,175.0,0.255,27.0,15.43,12.0,6.86,0.6719999999999999,0.09499999999999997,18.39,9.79,12.69,22.48,24.64,14.29,203.0,0.333,34.0,16.75,17.0,8.37,1.005,0.2789999999999999,18.23,9.28,14.43,23.71,28.29,13.71
745004,2024-06-19,2024,663993,L,622663,R,field_out,False,False,141.0,0.248,26.0,18.44,17.0,12.06,0.6950000000000001,0.10699999999999998,15.2,6.47,17.89,24.36,27.01,14.44,505.0,0.279,113.0,22.38,69.0,13.66,0.833,0.172,19.81,8.64,15.62,24.26,19.45,16.87,175.0,0.255,27.0,15.43,12.0,6.86,0.6719999999999999,0.09499999999999997,18.39,9.79,12.69,22.48,24.64,14.29,203.0,0.333,34.0,16.75,17.0,8.37,1.005,0.2789999999999999,18.23,9.28,14.43,23.71,28.29,13.71
745004,2024-06-19,2024,624413,R,547179,R,field_out,False,False,235.0,0.257,47.0,20.0,21.0,8.94,0.8,0.21399999999999997,23.13,10.4,19.24,29.64,29.09,18.11,475.0,0.214,109.0,22.95,44.0,9.26,0.8069999999999999,0.281,26.53,11.43,18.24,29.67,27.59,22.11,151.0,0.304,22.0,14.57,14.0,9.27,0.933,0.25200000000000006,19.76,8.59,18.73,27.32,23.76,13.25,271.0,0.275,41.0,15.13,15.0,5.54,0.734,0.1429999999999999,17.01,8.49,18.12,26.6,31.74,13.95
745004,2024-06-19,2024,516782,R,547179,R,field_out,False,False,186.0,0.262,39.0,20.97,11.0,5.91,0.692,0.122,27.22,13.51,17.47,30.98,30.7,19.9,245.0,0.238,51.0,20.82,11.0,4.49,0.611,0.079,28.63,15.5,14.75,30.25,37.87,18.35,151.0,0.304,22.0,14.57,14.0,9.27,0.933,0.25200000000000006,19.76,8.59,18.73,27.32,23.76,13.25,271.0,0.275,41.0,15.13,15.0,5.54,0.734,0.1429999999999999,17.01,8.49,18.12,26.6,31.74,13.95
745004,2024-06-19,2024,668901,R,547179,R,home_run,False,False,65.0,0.271,15.0,23.08,5.0,7.69,0.764,0.16999999999999998,34.92,18.03,15.57,33.61,33.05,19.74,145.0,0.209,41.0,28.28,8.0,5.52,0.643,0.172,34.08,18.24,17.03,35.27,36.73,29.93,151.0,0.304,22.0,14.57,14.0,9.27,0.933,0.25200000000000006,19.76,8.59,18.73,27.32,23.76,13.25,271.0,0.275,41.0,15.13,15.0,5.54,0.734,0.1429999999999999,17.01,8.49,18.12,26.6,31.74,13.95
745004,2024-06-19,2024,682626,R,547179,R,field_out,False,False,57.0,0.268,14.0,24.56,1.0,1.75,0.638,0.08899999999999997,35.04,19.9,15.05,34.95,38.04,20.0,275.0,0.229,73.0,26.55,17.0,6.18,0.7769999999999999,0.257,32.18,14.61,18.33,32.94,27.78,26.07,151.0,0.304,22.0,14.57,14.0,9.27,0.933,0.25200000000000006,19.76,8.59,18.73,27.32,23.76,13.25,271.0,0.275,41.0,15.13,15.0,5.54,0.734,0.1429999999999999,17.01,8.49,18.12,26.6,31.74,13.95
745004,2024-06-19,2024,694671,R,622663,R,field_out,False,False,151.0,0.243,28.0,18.54,10.0,6.62,0.612,0.07100000000000001,20.86,9.39,18.12,27.51,23.34,14.21,,,,,,,,,,,,,,,177.0,0.194,34.0,19.21,19.0,10.73,0.598,0.122,21.39,10.33,16.3,26.64,31.56,16.43,215.0,0.271,45.0,20.93,17.0,7.91,0.841,0.2289999999999999,23.04,11.89,15.13,27.02,29.81,15.52
745004,2024-06-19,2024,608671,L,622663,R,strikeout,True,False,104.0,0.24,20.0,19.23,6.0,5.77,0.6,0.062,15.22,6.75,21.2,27.95,20.32,15.15,256.0,0.269,37.0,14.45,32.0,12.5,0.698,0.064,14.4,5.5,22.1,27.6,16.03,15.16,175.0,0.255,27.0,15.43,12.0,6.86,0.6719999999999999,0.09499999999999997,18.39,9.79,12.69,22.48,24.64,14.29,203.0,0.333,34.0,16.75,17.0,8.37,1.005,0.2789999999999999,18.23,9.28,14.43,23.71,28.29,13.71
745004,2024-06-19,2024,641680,L,622663,R,field_out,False,False,171.0,0.235,36.0,21.05,8.0,4.68,0.615,0.10500000000000004,21.04,10.9,13.9,24.8,33.23,22.09,411.0,0.243,82.0,19.95,33.0,8.03,0.733,0.185,23.06,11.69,13.75,25.44,29.36,17.15,175.0,0.255,27.0,15.43,12.0,6.86,0.6719999999999999,0.09499999999999997,18.39,9.79,12.69,22.48,24.64,14.29,203.0,0.333,34.0,16.75,17.0,8.37,1.005,0.2789999999999999,18.23,9.28,14.43,23.71,28.29,13.71
745004,2024-06-19,2024,643446,L,547179,R,field_out,False,False,179.0,0.206,20.0,11.17,16.0,8.94,0.587,0.094,13.31,6.86,14.04,20.89,28.04,12.05,447.0,0.26,48.0,10.74,25.0,5.59,0.6930000000000001,0.1149999999999999,14.08,7.59,11.21,18.8,32.05,12.57,135.0,0.102,28.0,20.74,16.0,11.85,0.351,0.041999999999999996,25.1,11.71,14.68,26.39,25.8,17.65,354.0,0.218,70.0,19.77,32.0,9.04,0.6739999999999999,0.165,25.07,12.26,15.11,27.37,28.81,16.67
745004,2024-06-19,2024,664056,R,547179,R,strikeout,True,False,142.0,0.295,32.0,22.54,6.0,4.23,0.732,0.09900000000000003,26.42,12.57,20.7,33.27,36.33,22.38,248.0,0.207,45.0,18.15,9.0,3.63,0.504,0.056,25.06,12.41,16.74,29.16,37.02,20.45,151.0,0.304,22.0,14.57,14.0,9.27,0.933,0.25200000000000006,19.76,8.59,18.73,27.32,23.76,13.25,271.0,0.275,41.0,15.13,15.0,5.54,0.734,0.1429999999999999,17.01,8.49,18.12,26.6,31.74,13.95
745004,2024-06-19,2024,596019,L,547179,R,field_out,False,False,248.0,0.226,46.0,18.55,19.0,7.66,0.694,0.17200000000000001,23.01,11.08,15.76,26.84,25.28,17.42,483.0,0.242,102.0,21.12,51.0,10.56,0.757,0.182,23.68,11.49,14.35,25.84,28.12,17.29,135.0,0.102,28.0,20.74,16.0,11.85,0.351,0.041999999999999996,25.1,11.71,14.68,26.39,25.8,17.65,354.0,0.218,70.0,19.77,32.0,9.04,0.6739999999999999,0.165,25.07,12.26,15.11,27.37,28.81,16.67
745004,2024-06-19,2024,677649,R,622663,R,single,False,False,106.0,0.275,24.0,22.64,3.0,2.83,0.675,0.09799999999999998,22.79,12.93,11.61,24.54,37.44,17.56,308.0,0.277,86.0,27.92,13.0,4.22,0.738,0.1409999999999999,28.89,15.73,13.64,29.37,39.12,22.25,177.0,0.194,34.0,19.21,19.0,10.73,0.598,0.122,21.39,10.33,16.3,26.64,31.56,16.43,215.0,0.271,45.0,20.93,17.0,7.91,0.841,0.2289999999999999,23.04,11.89,15.13,27.02,29.81,15.52
745004,2024-06-19,2024,665750,L,622663,R,field_out,False,False,178.0,0.22,35.0,19.66,14.0,7.87,0.6220000000000001,0.12100000000000002,23.58,11.86,15.32,27.18,31.75,17.95,405.0,0.275,86.0,21.23,25.0,6.17,0.767,0.174,24.9,12.5,15.05,27.55,29.44,18.34,175.0,0.255,27.0,15.43,12.0,6.86,0.6719999999999999,0.09499999999999997,18.39,9.79,12.69,22.48,24.64,14.29,203.0,0.333,34.0,16.75,17.0,8.37,1.005,0.2789999999999999,18.23,9.28,14.43,23.71,28.29,13.71
745004,2024-06-19,2024,543760,R,622663,R,walk,False,True,228.0,0.223,33.0,14.47,20.0,8.77,0.6579999999999999,0.141,21.29,11.0,13.68,24.68,26.17,16.1,544.0,0.273,77.0,14.15,52.0,9.56,0.8360000000000001,0.2199999999999999,18.01,8.45,14.48,22.93,21.97,13.9,177.0,0.194,34.0,19.21,19.0,10.73,0.598,0.122,21.39,10.33,16.3,26.64,31.56,16.43,215.0,0.271,45.0,20.93,17.0,7.91,0.841,0.2289999999999999,23.04,11.89,15.13,27.02,29.81,15.52
745004,2024-06-19,2024,608369,L,622663,R,field_out,False,False,184.0,0.265,20.0,10.87,31.0,16.85,0.894,0.238,19.87,9.57,8.36,17.93,23.51,12.74,370.0,0.333,55.0,14.86,42.0,11.35,1.075,0.334,23.9,12.77,6.35,19.12,27.26,15.8,175.0,0.255,27.0,15.43,12.0,6.86,0.6719999999999999,0.09499999999999997,18.39,9.79,12.69,22.48,24.64,14.29,203.0,0.333,34.0,16.75,17.0,8.37,1.005,0.2789999999999999,18.23,9.28,14.43,23.71,28.29,13.71
745004,2024-06-19,2024,669701,L,622663,R,field_out,False,False,184.0,0.294,28.0,15.22,18.0,9.78,0.8480000000000001,0.16800000000000004,17.47,8.23,18.01,26.24,23.15,12.73,200.0,0.194,46.0,23.0,19.0,9.5,0.623,0.13,20.71,8.96,19.58,28.54,22.65,15.97,175.0,0.255,27.0,15.43,12.0,6.86,0.6719999999999999,0.09499999999999997,18.39,9.79,12.69,22.48,24.64,14.29,203.0,0.333,34.0,16.75,17.0,8.37,1.005,0.2789999999999999,18.23,9.28,14.43,23.71,28.29,13.71
745004,2024-06-19,2024,607043,L,547179,R,field_out,False,False,223.0,0.242,55.0,24.66,34.0,15.25,0.788,0.16999999999999998,23.57,9.65,17.07,26.73,20.12,17.68,448.0,0.266,98.0,21.88,60.0,13.39,0.874,0.235,20.87,8.67,19.47,28.14,19.23,16.42,135.0,0.102,28.0,20.74,16.0,11.85,0.351,0.041999999999999996,25.1,11.71,14.68,26.39,25.8,17.65,354.0,0.218,70.0,19.77,32.0,9.04,0.6739999999999999,0.165,25.07,12.26,15.11,27.37,28.81,16.67
745004,2024-06-19,2024,502110,R,547179,R,field_out,False,False,136.0,0.264,41.0,30.15,9.0,6.62,0.7849999999999999,0.20799999999999996,29.12,14.87,14.87,29.75,32.13,21.24,343.0,0.27,106.0,30.9,21.0,6.12,0.8799999999999999,0.2979999999999999,35.71,19.2,12.73,31.93,33.23,24.42,151.0,0.304,22.0,14.57,14.0,9.27,0.933,0.25200000000000006,19.76,8.59,18.73,27.32,23.76,13.25,271.0,0.275,41.0,15.13,15.0,5.54,0.734,0.1429999999999999,17.01,8.49,18.12,26.6,31.74,13.95
745004,2024-06-19,2024,624413,R,547179,R,walk,False,True,235.0,0.257,47.0,20.0,21.0,8.94,0.8,0.21399999999999997,23.13,10.4,19.24,29.64,29.09,18.11,475.0,0.214,109.0,22.95,44.0,9.26,0.8069999999999999,0.281,26.53,11.43,18.24,29.67,27.59,22.11,151.0,0.304,22.0,14.57,14.0,9.27,0.933,0.25200000000000006,19.76,8.59,18.73,27.32,23.76,13.25,271.0,0.275,41.0,15.13,15.0,5.54,0.734,0.1429999999999999,17.01,8.49,18.12,26.6,31.74,13.95
745004,2024-06-19,2024,516782,R,547179,R,field_out,False,False,186.0,0.262,39.0,20.97,11.0,5.91,0.692,0.122,27.22,13.51,17.47,30.98,30.7,19.9,245.0,0.238,51.0,20.82,11.0,4.49,0.611,0.079,28.63,15.5,14.75,30.25,37.87,18.35,151.0,0.304,22.0,14.57,14.0,9.27,0.933,0.25200000000000006,19.76,8.59,18.73,27.32,23.76,13.25,271.0,0.275,41.0,15.13,15.0,5.54,0.734,0.1429999999999999,17.01,8.49,18.12,26.6,31.74,13.95
745004,2024-06-19,2024,663993,L,622663,R,double,False,False,141.0,0.248,26.0,18.44,17.0,12.06,0.6950000000000001,0.10699999999999998,15.2,6.47,17.89,24.36,27.01,14.44,505.0,0.279,113.0,22.38,69.0,13.66,0.833,0.172,19.81,8.64,15.62,24.26,19.45,16.87,175.0,0.255,27.0,15.43,12.0,6.86,0.6719999999999999,0.09499999999999997,18.39,9.79,12.69,22.48,24.64,14.29,203.0,0.333,34.0,16.75,17.0,8.37,1.005,0.2789999999999999,18.23,9.28,14.43,23.71,28.29,13.71
745004,2024-06-19,2024,694671,R,622663,R,field_out,False,False,151.0,0.243,28.0,18.54,10.0,6.62,0.612,0.07100000000000001,20.86,9.39,18.12,27.51,23.34,14.21,,,,,,,,,,,,,,,177.0,0.194,34.0,19.21,19.0,10.73,0.598,0.122,21.39,10.33,16.3,26.64,31.56,16.43,215.0,0.271,45.0,20.93,17.0,7.91,0.841,0.2289999999999999,23.04,11.89,15.13,27.02,29.81,15.52
745004,2024-06-19,2024,608671,L,622663,R,fielders_choice_out,False,False,104.0,0.24,20.0,19.23,6.0,5.77,0.6,0.062,15.22,6.75,21.2,27.95,20.32,15.15,256.0,0.269,37.0,14.45,32.0,12.5,0.698,0.064,14.4,5.5,22.1,27.6,16.03,15.16,175.0,0.255,27.0,15.43,12.0,6.86,0.6719999999999999,0.09499999999999997,18.39,9.79,12.69,22.48,24.64,14.29,203.0,0.333,34.0,16.75,17.0,8.37,1.005,0.2789999999999999,18.23,9.28,14.43,23.71,28.29,13.71
745004,2024-06-19,2024,641680,L,622663,R,field_out,False,False,171.0,0.235,36.0,21.05,8.0,4.68,0.615,0.10500000000000004,21.04,10.9,13.9,24.8,33.23,22.09,411.0,0.243,82.0,19.95,33.0,8.03,0.733,0.185,23.06,11.69,13.75,25.44,29.36,17.15,175.0,0.255,27.0,15.43,12.0,6.86,0.6719999999999999,0.09499999999999997,18.39,9.79,12.69,22.48,24.64,14.29,203.0,0.333,34.0,16.75,17.0,8.37,1.005,0.2789999999999999,18.23,9.28,14.43,23.71,28.29,13.71
745004,2024-06-19,2024,668901,R,547179,R,single,False,False,65.0,0.271,15.0,23.08,5.0,7.69,0.764,0.16999999999999998,34.92,18.03,15.57,33.61,33.05,19.74,145.0,0.209,41.0,28.28,8.0,5.52,0.643,0.172,34.08,18.24,17.03,35.27,36.73,29.93,151.0,0.304,22.0,14.57,14.0,9.27,0.933,0.25200000000000006,19.76,8.59,18.73,27.32,23.76,13.25,271.0,0.275,41.0,15.13,15.0,5.54,0.734,0.1429999999999999,17.01,8.49,18.12,26.6,31.74,13.95
745004,2024-06-19,2024,682626,R,547179,R,single,False,False,57.0,0.268,14.0,24.56,1.0,1.75,0.638,0.08899999999999997,35.04,19.9,15.05,34.95,38.04,20.0,275.0,0.229,73.0,26.55,17.0,6.18,0.7769999999999999,0.257,32.18,14.61,18.33,32.94,27.78,26.07,151.0,0.304,22.0,14.57,14.0,9.27,0.933,0.25200000000000006,19.76,8.59,18.73,27.32,23.76,13.25,271.0,0.275,41.0,15.13,15.0,5.54,0.734,0.1429999999999999,17.01,8.49,18.12,26.6,31.74,13.95
745004,2024-06-19,2024,643446,L,547179,R,force_out,False,False,179.0,0.206,20.0,11.17,16.0,8.94,0.587,0.094,13.31,6.86,14.04,20.89,28.04,12.05,447.0,0.26,48.0,10.74,25.0,5.59,0.6930000000000001,0.1149999999999999,14.08,7.59,11.21,18.8,32.05,12.57,135.0,0.102,28.0,20.74,16.0,11.85,0.351,0.041999999999999996,25.1,11.71,14.68,26.39,25.8,17.65,354.0,0.218,70.0,19.77,32.0,9.04,0.6739999999999999,0.165,25.07,12.26,15.11,27.37,28.81,16.67
745004,2024-06-19,2024,664056,R,547179,R,field_out,False,False,142.0,0.295,32.0,22.54,6.0,4.23,0.732,0.09900000000000003,26.42,12.57,20.7,33.27,36.33,22.38,248.0,0.207,45.0,18.15,9.0,3.63,0.504,0.056,25.06,12.41,16.74,29.16,37.02,20.45,151.0,0.304,22.0,14.57,14.0,9.27,0.933,0.25200000000000006,19.76,8.59,18.73,27.32,23.76,13.25,271.0,0.275,41.0,15.13,15.0,5.54,0.734,0.1429999999999999,17.01,8.49,18.12,26.6,31.74,13.95
745004,2024-06-19,2024,596019,L,547179,R,field_out,False,False,248.0,0.226,46.0,18.55,19.0,7.66,0.694,0.17200000000000001,23.01,11.08,15.76,26.84,25.28,17.42,483.0,0.242,102.0,21.12,51.0,10.56,0.757,0.182,23.68,11.49,14.35,25.84,28.12,17.29,135.0,0.102,28.0,20.74,16.0,11.85,0.351,0.041999999999999996,25.1,11.71,14.68,26.39,25.8,17.65,354.0,0.218,70.0,19.77,32.0,9.04,0.6739999999999999,0.165,25.07,12.26,15.11,27.37,28.81,16.67
745004,2024-06-19,2024,677649,R,622663,R,single,False,False,106.0,0.275,24.0,22.64,3.0,2.83,0.675,0.09799999999999998,22.79,12.93,11.61,24.54,37.44,17.56,308.0,0.277,86.0,27.92,13.0,4.22,0.738,0.1409999999999999,28.89,15.73,13.64,29.37,39.12,22.25,177.0,0.194,34.0,19.21,19.0,10.73,0.598,0.122,21.39,10.33,16.3,26.64,31.56,16.43,215.0,0.271,45.0,20.93,17.0,7.91,0.841,0.2289999999999999,23.04,11.89,15.13,27.02,29.81,15.52
745004,2024-06-19,2024,665750,L,622663,R,single,False,False,178.0,0.22,35.0,19.66,14.0,7.87,0.6220000000000001,0.12100000000000002,23.58,11.86,15.32,27.18,31.75,17.95,405.0,0.275,86.0,21.23,25.0,6.17,0.767,0.174,24.9,12.5,15.05,27.55,29.44,18.34,175.0,0.255,27.0,15.43,12.0,6.86,0.6719999999999999,0.09499999999999997,18.39,9.79,12.69,22.48,24.64,14.29,203.0,0.333,34.0,16.75,17.0,8.37,1.005,0.2789999999999999,18.23,9.28,14.43,23.71,28.29,13.71
745004,2024-06-19,2024,543760,R,622663,R,field_out,False,False,228.0,0.223,33.0,14.47,20.0,8.77,0.6579999999999999,0.141,21.29,11.0,13.68,24.68,26.17,16.1,544.0,0.273,77.0,14.15,52.0,9.56,0.8360000000000001,0.2199999999999999,18.01,8.45,14.48,22.93,21.97,13.9,177.0,0.194,34.0,19.21,19.0,10.73,0.598,0.122,21.39,10.33,16.3,26.64,31.56,16.43,215.0,0.271,45.0,20.93,17.0,7.91,0.841,0.2289999999999999,23.04,11.89,15.13,27.02,29.81,15.52
745004,2024-06-19,2024,608369,L,622663,R,single,False,False,184.0,0.265,20.0,10.87,31.0,16.85,0.894,0.238,19.87,9.57,8.36,17.93,23.51,12.74,370.0,0.333,55.0,14.86,42.0,11.35,1.075,0.334,23.9,12.77,6.35,19.12,27.26,15.8,175.0,0.255,27.0,15.43,12.0,6.86,0.6719999999999999,0.09499999999999997,18.39,9.79,12.69,22.48,24.64,14.29,203.0,0.333,34.0,16.75,17.0,8.37,1.005,0.2789999999999999,18.23,9.28,14.43,23.71,28.29,13.71
745004,2024-06-19,2024,669701,L,622663,R,home_run,False,False,184.0,0.294,28.0,15.22,18.0,9.78,0.8480000000000001,0.16800000000000004,17.47,8.23,18.01,26.24,23.15,12.73,200.0,0.194,46.0,23.0,19.0,9.5,0.623,0.13,20.71,8.96,19.58,28.54,22.65,15.97,175.0,0.255,27.0,15.43,12.0,6.86,0.6719999999999999,0.09499999999999997,18.39,9.79,12.69,22.48,24.64,14.29,203.0,0.333,34.0,16.75,17.0,8.37,1.005,0.2789999999999999,18.23,9.28,14.43,23.71,28.29,13.71
745004,2024-06-19,2024,663993,L,622663,R,field_out,False,False,141.0,0.248,26.0,18.44,17.0,12.06,0.6950000000000001,0.10699999999999998,15.2,6.47,17.89,24.36,27.01,14.44,505.0,0.279,113.0,22.38,69.0,13.66,0.833,0.172,19.81,8.64,15.62,24.26,19.45,16.87,175.0,0.255,27.0,15.43,12.0,6.86,0.6719999999999999,0.09499999999999997,18.39,9.79,12.69,22.48,24.64,14.29,203.0,0.333,34.0,16.75,17.0,8.37,1.005,0.2789999999999999,18.23,9.28,14.43,23.71,28.29,13.71
745004,2024-06-19,2024,694671,R,622663,R,home_run,False,False,151.0,0.243,28.0,18.54,10.0,6.62,0.612,0.07100000000000001,20.86,9.39,18.12,27.51,23.34,14.21,,,,,,,,,,,,,,,177.0,0.194,34.0,19.21,19.0,10.73,0.598,0.122,21.39,10.33,16.3,26.64,31.56,16.43,215.0,0.271,45.0,20.93,17.0,7.91,0.841,0.2289999999999999,23.04,11.89,15.13,27.02,29.81,15.52
745004,2024-06-19,2024,608671,L,622663,R,field_out,False,False,104.0,0.24,20.0,19.23,6.0,5.77,0.6,0.062,15.22,6.75,21.2,27.95,20.32,15.15,256.0,0.269,37.0,14.45,32.0,12.5,0.698,0.064,14.4,5.5,22.1,27.6,16.03,15.16,175.0,0.255,27.0,15.43,12.0,6.86,0.6719999999999999,0.09499999999999997,18.39,9.79,12.69,22.48,24.64,14.29,203.0,0.333,34.0,16.75,17.0,8.37,1.005,0.2789999999999999,18.23,9.28,14.43,23.71,28.29,13.71
745004,2024-06-19,2024,607043,L,547179,R,home_run,False,False,223.0,0.242,55.0,24.66,34.0,15.25,0.788,0.16999999999999998,23.57,9.65,17.07,26.73,20.12,17.68,448.0,0.266,98.0,21.88,60.0,13.39,0.874,0.235,20.87,8.67,19.47,28.14,19.23,16.42,135.0,0.102,28.0,20.74,16.0,11.85,0.351,0.041999999999999996,25.1,11.71,14.68,26.39,25.8,17.65,354.0,0.218,70.0,19.77,32.0,9.04,0.6739999999999999,0.165,25.07,12.26,15.11,27.37,28.81,16.67
745004,2024-06-19,2024,502110,R,547179,R,field_out,False,False,136.0,0.264,41.0,30.15,9.0,6.62,0.7849999999999999,0.20799999999999996,29.12,14.87,14.87,29.75,32.13,21.24,343.0,0.27,106.0,30.9,21.0,6.12,0.8799999999999999,0.2979999999999999,35.71,19.2,12.73,31.93,33.23,24.42,151.0,0.304,22.0,14.57,14.0,9.27,0.933,0.25200000000000006,19.76,8.59,18.73,27.32,23.76,13.25,271.0,0.275,41.0,15.13,15.0,5.54,0.734,0.1429999999999999,17.01,8.49,18.12,26.6,31.74,13.95
745004,2024-06-19,2024,624413,R,547179,R,strikeout,True,False,235.0,0.257,47.0,20.0,21.0,8.94,0.8,0.21399999999999997,23.13,10.4,19.24,29.64,29.09,18.11,475.0,0.214,109.0,22.95,44.0,9.26,0.8069999999999999,0.281,26.53,11.43,18.24,29.67,27.59,22.11,151.0,0.304,22.0,14.57,14.0,9.27,0.933,0.25200000000000006,19.76,8.59,18.73,27.32,23.76,13.25,271.0,0.275,41.0,15.13,15.0,5.54,0.734,0.1429999999999999,17.01,8.49,18.12,26.6,31.74,13.95
745004,2024-06-19,2024,516782,R,547179,R,field_out,False,False,186.0,0.262,39.0,20.97,11.0,5.91,0.692,0.122,27.22,13.51,17.47,30.98,30.7,19.9,245.0,0.238,51.0,20.82,11.0,4.49,0.611,0.079,28.63,15.5,14.75,30.25,37.87,18.35,151.0,0.304,22.0,14.57,14.0,9.27,0.933,0.25200000000000006,19.76,8.59,18.73,27.32,23.76,13.25,271.0,0.275,41.0,15.13,15.0,5.54,0.734,0.1429999999999999,17.01,8.49,18.12,26.6,31.74,13.95
745004,2024-06-19,2024,641680,L,622663,R,field_out,False,False,171.0,0.235,36.0,21.05,8.0,4.68,0.615,0.10500000000000004,21.04,10.9,13.9,24.8,33.23,22.09,411.0,0.243,82.0,19.95,33.0,8.03,0.733,0.185,23.06,11.69,13.75,25.44,29.36,17.15,175.0,0.255,27.0,15.43,12.0,6.86,0.6719999999999999,0.09499999999999997,18.39,9.79,12.69,22.48,24.64,14.29,203.0,0.333,34.0,16.75,17.0,8.37,1.005,0.2789999999999999,18.23,9.28,14.43,23.71,28.29,13.71
745004,2024-06-19,2024,677649,R,622663,R,field_out,False,False,106.0,0.275,24.0,22.64,3.0,2.83,0.675,0.09799999999999998,22.79,12.93,11.61,24.54,37.44,17.56,308.0,0.277,86.0,27.92,13.0,4.22,0.738,0.1409999999999999,28.89,15.73,13.64,29.37,39.12,22.25,177.0,0.194,34.0,19.21,19.0,10.73,0.598,0.122,21.39,10.33,16.3,26.64,31.56,16.43,215.0,0.271,45.0,20.93,17.0,7.91,0.841,0.2289999999999999,23.04,11.89,15.13,27.02,29.81,15.52
745004,2024-06-19,2024,665750,L,622663,R,field_out,False,False,178.0,0.22,35.0,19.66,14.0,7.87,0.6220000000000001,0.12100000000000002,23.58,11.86,15.32,27.18,31.75,17.95,405.0,0.275,86.0,21.23,25.0,6.17,0.767,0.174,24.9,12.5,15.05,27.55,29.44,18.34,175.0,0.255,27.0,15.43,12.0,6.86,0.6719999999999999,0.09499999999999997,18.39,9.79,12.69,22.48,24.64,14.29,203.0,0.333,34.0,16.75,17.0,8.37,1.005,0.2789999999999999,18.23,9.28,14.43,23.71,28.29,13.71
745004,2024-06-19,2024,668901,R,600917,R,single,False,False,65.0,0.271,15.0,23.08,5.0,7.69,0.764,0.16999999999999998,34.92,18.03,15.57,33.61,33.05,19.74,145.0,0.209,41.0,28.28,8.0,5.52,0.643,0.172,34.08,18.24,17.03,35.27,36.73,29.93,83.0,0.189,30.0,36.14,7.0,8.43,0.646,0.189,40.57,19.4,13.39,32.79,27.69,24.39,158.0,0.149,50.0,31.65,16.0,10.13,0.496,0.106,38.34,18.88,11.63,30.51,34.32,24.27
745004,2024-06-19,2024,682626,R,600917,R,single,False,False,57.0,0.268,14.0,24.56,1.0,1.75,0.638,0.08899999999999997,35.04,19.9,15.05,34.95,38.04,20.0,275.0,0.229,73.0,26.55,17.0,6.18,0.7769999999999999,0.257,32.18,14.61,18.33,32.94,27.78,26.07,83.0,0.189,30.0,36.14,7.0,8.43,0.646,0.189,40.57,19.4,13.39,32.79,27.69,24.39,158.0,0.149,50.0,31.65,16.0,10.13,0.496,0.106,38.34,18.88,11.63,30.51,34.32,24.27
745004,2024-06-19,2024,643446,L,600917,R,strikeout,True,False,179.0,0.206,20.0,11.17,16.0,8.94,0.587,0.094,13.31,6.86,14.04,20.89,28.04,12.05,447.0,0.26,48.0,10.74,25.0,5.59,0.6930000000000001,0.1149999999999999,14.08,7.59,11.21,18.8,32.05,12.57,53.0,0.158,12.0,22.64,13.0,24.53,0.596,0.05299999999999999,28.92,10.96,16.44,27.4,18.4,19.05,75.0,0.262,17.0,22.67,12.0,16.0,0.764,0.1149999999999999,29.58,12.96,14.2,27.16,25.84,16.5
745004,2024-06-19,2024,621466,L,600917,R,walk,False,True,131.0,0.2,29.0,22.14,22.0,16.79,0.732,0.181,30.05,12.26,15.9,28.16,14.01,20.57,136.0,0.273,43.0,31.62,10.0,7.35,0.92,0.3059999999999999,35.89,18.63,10.49,29.11,25.44,24.85,53.0,0.158,12.0,22.64,13.0,24.53,0.596,0.05299999999999999,28.92,10.96,16.44,27.4,18.4,19.05,75.0,0.262,17.0,22.67,12.0,16.0,0.764,0.1149999999999999,29.58,12.96,14.2,27.16,25.84,16.5
745004,2024-06-19,2024,596019,L,502085,R,force_out,False,False,248.0,0.226,46.0,18.55,19.0,7.66,0.694,0.17200000000000001,23.01,11.08,15.76,26.84,25.28,17.42,483.0,0.242,102.0,21.12,51.0,10.56,0.757,0.182,23.68,11.49,14.35,25.84,28.12,17.29,63.0,0.123,26.0,41.27,5.0,7.94,0.434,0.10500000000000001,29.36,12.21,22.14,34.35,27.13,29.55,130.0,0.226,36.0,27.69,14.0,10.77,0.6719999999999999,0.1309999999999999,29.0,12.74,19.01,31.75,30.96,22.64
745004,2024-06-19,2024,607043,L,502085,R,strikeout,True,False,223.0,0.242,55.0,24.66,34.0,15.25,0.788,0.16999999999999998,23.57,9.65,17.07,26.73,20.12,17.68,448.0,0.266,98.0,21.88,60.0,13.39,0.874,0.235,20.87,8.67,19.47,28.14,19.23,16.42,63.0,0.123,26.0,41.27,5.0,7.94,0.434,0.10500000000000001,29.36,12.21,22.14,34.35,27.13,29.55,130.0,0.226,36.0,27.69,14.0,10.77,0.6719999999999999,0.1309999999999999,29.0,12.74,19.01,31.75,30.96,22.64
745004,2024-06-19,2024,543760,R,622663,R,field_out,False,False,228.0,0.223,33.0,14.47,20.0,8.77,0.6579999999999999,0.141,21.29,11.0,13.68,24.68,26.17,16.1,544.0,0.273,77.0,14.15,52.0,9.56,0.8360000000000001,0.2199999999999999,18.01,8.45,14.48,22.93,21.97,13.9,177.0,0.194,34.0,19.21,19.0,10.73,0.598,0.122,21.39,10.33,16.3,26.64,31.56,16.43,215.0,0.271,45.0,20.93,17.0,7.91,0.841,0.2289999999999999,23.04,11.89,15.13,27.02,29.81,15.52
745004,2024-06-19,2024,608369,L,518617,L,field_out,False,False,89.0,0.25,26.0,29.21,1.0,1.12,0.633,0.125,26.47,14.85,11.55,26.4,29.1,35.62,166.0,0.314,33.0,19.88,7.0,4.22,0.881,0.218,27.65,15.41,9.68,25.09,30.66,22.92,50.0,0.132,11.0,22.0,8.0,16.0,0.46399999999999997,0.025999999999999995,22.89,9.13,18.27,27.4,24.56,19.3,102.0,0.229,25.0,24.51,16.0,15.69,0.663,0.0839999999999999,17.02,5.96,24.07,30.02,20.5,23.81
745004,2024-06-19,2024,669701,L,518617,L,field_out,False,False,63.0,0.309,17.0,26.98,4.0,6.35,0.8049999999999999,0.10899999999999999,26.36,12.61,16.96,29.57,25.71,24.64,33.0,0.12,9.0,27.27,6.0,18.18,0.6930000000000001,0.24,26.09,9.3,20.93,30.23,19.44,31.03,50.0,0.132,11.0,22.0,8.0,16.0,0.46399999999999997,0.025999999999999995,22.89,9.13,18.27,27.4,24.56,19.3,102.0,0.229,25.0,24.51,16.0,15.69,0.663,0.0839999999999999,17.02,5.96,24.07,30.02,20.5,23.81
745004,2024-06-19,2024,502110,R,502085,R,strikeout,True,False,136.0,0.264,41.0,30.15,9.0,6.62,0.7849999999999999,0.20799999999999996,29.12,14.87,14.87,29.75,32.13,21.24,343.0,0.27,106.0,30.9,21.0,6.12,0.8799999999999999,0.2979999999999999,35.71,19.2,12.73,31.93,33.23,24.42,72.0,0.279,23.0,31.94,7.0,9.72,0.727,0.08199999999999996,32.41,12.15,23.26,35.42,23.61,28.05,139.0,0.216,42.0,30.22,11.0,7.91,0.6419999999999999,0.1359999999999999,33.2,15.06,18.51,33.58,26.3,26.42
745004,2024-06-19,2024,624413,R,502085,R,single,False,False,235.0,0.257,47.0,20.0,21.0,8.94,0.8,0.21399999999999997,23.13,10.4,19.24,29.64,29.09,18.11,475.0,0.214,109.0,22.95,44.0,9.26,0.8069999999999999,0.281,26.53,11.43,18.24,29.67,27.59,22.11,72.0,0.279,23.0,31.94,7.0,9.72,0.727,0.08199999999999996,32.41,12.15,23.26,35.42,23.61,28.05,139.0,0.216,42.0,30.22,11.0,7.91,0.6419999999999999,0.1359999999999999,33.2,15.06,18.51,33.58,26.3,26.42
745004,2024-06-19,2024,516782,R,502085,R,single,False,False,186.0,0.262,39.0,20.97,11.0,5.91,0.692,0.122,27.22,13.51,17.47,30.98,30.7,19.9,245.0,0.238,51.0,20.82,11.0,4.49,0.611,0.079,28.63,15.5,14.75,30.25,37.87,18.35,72.0,0.279,23.0,31.94,7.0,9.72,0.727,0.08199999999999996,32.41,12.15,23.26,35.42,23.61,28.05,139.0,0.216,42.0,30.22,11.0,7.91,0.6419999999999999,0.1359999999999999,33.2,15.06,18.51,33.58,26.3,26.42
745004,2024-06-19,2024,668901,R,502085,R,strikeout,True,False,65.0,0.271,15.0,23.08,5.0,7.69,0.764,0.16999999999999998,34.92,18.03,15.57,33.61,33.05,19.74,145.0,0.209,41.0,28.28,8.0,5.52,0.643,0.172,34.08,18.24,17.03,35.27,36.73,29.93,72.0,0.279,23.0,31.94,7.0,9.72,0.727,0.08199999999999996,32.41,12.15,23.26,35.42,23.61,28.05,139.0,0.216,42.0,30.22,11.0,7.91,0.6419999999999999,0.1359999999999999,33.2,15.06,18.51,33.58,26.3,26.42
745004,2024-06-19,2024,682626,R,502085,R,double,False,False,57.0,0.268,14.0,24.56,1.0,1.75,0.638,0.08899999999999997,35.04,19.9,15.05,34.95,38.04,20.0,275.0,0.229,73.0,26.55,17.0,6.18,0.7769999999999999,0.257,32.18,14.61,18.33,32.94,27.78,26.07,72.0,0.279,23.0,31.94,7.0,9.72,0.727,0.08199999999999996,32.41,12.15,23.26,35.42,23.61,28.05,139.0,0.216,42.0,30.22,11.0,7.91,0.6419999999999999,0.1359999999999999,33.2,15.06,18.51,33.58,26.3,26.42
745004,2024-06-19,2024,578428,R,656641,L,intent_walk,False,True,18.0,0.5,3.0,16.67,1.0,5.56,1.181,0.125,31.25,16.95,13.56,30.51,44.44,18.75,,,,,,,,,,,,,,,76.0,0.191,14.0,18.42,7.0,9.21,0.526,0.059,30.07,15.54,12.16,27.7,37.42,15.38,17.0,0.071,3.0,17.65,3.0,17.65,0.306,0.0,34.29,16.44,15.07,31.51,34.04,11.54
745004,2024-06-19,2024,621438,R,656641,L,field_out,False,False,51.0,0.22,12.0,23.53,1.0,1.96,0.515,0.060000000000000026,25.26,12.97,17.3,30.27,36.08,25.0,81.0,0.241,18.0,22.22,2.0,2.47,0.7270000000000001,0.227,24.34,12.94,16.43,29.37,33.06,22.22,76.0,0.191,14.0,18.42,7.0,9.21,0.526,0.059,30.07,15.54,12.16,27.7,37.42,15.38,17.0,0.071,3.0,17.65,3.0,17.65,0.306,0.0,34.29,16.44,15.07,31.51,34.04,11.54
745004,2024-06-19,2024,663993,L,657585,R,field_out,False,False,141.0,0.248,26.0,18.44,17.0,12.06,0.6950000000000001,0.10699999999999998,15.2,6.47,17.89,24.36,27.01,14.44,505.0,0.279,113.0,22.38,69.0,13.66,0.833,0.172,19.81,8.64,15.62,24.26,19.45,16.87,70.0,0.226,29.0,41.43,8.0,11.43,0.669,0.12899999999999998,37.93,15.83,18.71,34.53,32.08,35.37,27.0,0.167,6.0,22.22,2.0,7.41,0.68,0.291,26.32,15.15,9.09,24.24,38.46,21.43
745004,2024-06-19,2024,694671,R,657585,R,strikeout,True,False,151.0,0.243,28.0,18.54,10.0,6.62,0.612,0.07100000000000001,20.86,9.39,18.12,27.51,23.34,14.21,,,,,,,,,,,,,,,81.0,0.203,26.0,32.1,9.0,11.11,0.613,0.10099999999999998,39.74,19.68,13.97,33.65,34.62,25.24,61.0,0.333,10.0,16.39,5.0,8.2,0.863,0.13,29.75,14.46,14.46,28.92,26.52,11.36
745004,2024-06-19,2024,608671,L,657585,R,field_out,False,False,104.0,0.24,20.0,19.23,6.0,5.77,0.6,0.062,15.22,6.75,21.2,27.95,20.32,15.15,256.0,0.269,37.0,14.45,32.0,12.5,0.698,0.064,14.4,5.5,22.1,27.6,16.03,15.16,70.0,0.226,29.0,41.43,8.0,11.43,0.669,0.12899999999999998,37.93,15.83,18.71,34.53,32.08,35.37,27.0,0.167,6.0,22.22,2.0,7.41,0.68,0.291,26.32,15.15,9.09,24.24,38.46,21.43
745004,2024-06-19,2024,596019,L,489446,R,strikeout,True,False,248.0,0.226,46.0,18.55,19.0,7.66,0.694,0.17200000000000001,23.01,11.08,15.76,26.84,25.28,17.42,483.0,0.242,102.0,21.12,51.0,10.56,0.757,0.182,23.68,11.49,14.35,25.84,28.12,17.29,42.0,0.118,18.0,42.86,7.0,16.67,0.438,0.057999999999999996,34.21,13.27,21.94,35.2,25.24,27.27,119.0,0.124,33.0,27.73,21.0,17.65,0.575,0.1649999999999999,28.19,12.75,12.15,24.9,24.91,21.85
745004,2024-06-19,2024,607043,L,489446,R,walk,False,True,223.0,0.242,55.0,24.66,34.0,15.25,0.788,0.16999999999999998,23.57,9.65,17.07,26.73,20.12,17.68,448.0,0.266,98.0,21.88,60.0,13.39,0.874,0.235,20.87,8.67,19.47,28.14,19.23,16.42,42.0,0.118,18.0,42.86,7.0,16.67,0.438,0.057999999999999996,34.21,13.27,21.94,35.2,25.24,27.27,119.0,0.124,33.0,27.73,21.0,17.65,0.575,0.1649999999999999,28.19,12.75,12.15,24.9,24.91,21.85
745004,2024-06-19,2024,502110,R,489446,R,catcher_interf,False,False,136.0,0.264,41.0,30.15,9.0,6.62,0.7849999999999999,0.20799999999999996,29.12,14.87,14.87,29.75,32.13,21.24,343.0,0.27,106.0,30.9,21.0,6.12,0.8799999999999999,0.2979999999999999,35.71,19.2,12.73,31.93,33.23,24.42,57.0,0.143,15.0,26.32,6.0,10.53,0.41600000000000004,0.04100000000000001,32.56,17.07,10.16,27.24,34.59,20.0,136.0,0.204,47.0,34.56,16.0,11.76,0.657,0.132,33.07,14.97,16.22,31.19,30.57,26.7
745004,2024-06-19,2024,624413,R,489446,R,double,False,False,235.0,0.257,47.0,20.0,21.0,8.94,0.8,0.21399999999999997,23.13,10.4,19.24,29.64,29.09,18.11,475.0,0.214,109.0,22.95,44.0,9.26,0.8069999999999999,0.281,26.53,11.43,18.24,29.67,27.59,22.11,57.0,0.143,15.0,26.32,6.0,10.53,0.41600000000000004,0.04100000000000001,32.56,17.07,10.16,27.24,34.59,20.0,136.0,0.204,47.0,34.56,16.0,11.76,0.657,0.132,33.07,14.97,16.22,31.19,30.57,26.7
745004,2024-06-19,2024,516782,R,489446,R,field_out,False,False,186.0,0.262,39.0,20.97,11.0,5.91,0.692,0.122,27.22,13.51,17.47,30.98,30.7,19.9,245.0,0.238,51.0,20.82,11.0,4.49,0.611,0.079,28.63,15.5,14.75,30.25,37.87,18.35,57.0,0.143,15.0,26.32,6.0,10.53,0.41600000000000004,0.04100000000000001,32.56,17.07,10.16,27.24,34.59,20.0,136.0,0.204,47.0,34.56,16.0,11.76,0.657,0.132,33.07,14.97,16.22,31.19,30.57,26.7
745004,2024-06-19,2024,668901,R,489446,R,field_out,False,False,65.0,0.271,15.0,23.08,5.0,7.69,0.764,0.16999999999999998,34.92,18.03,15.57,33.61,33.05,19.74,145.0,0.209,41.0,28.28,8.0,5.52,0.643,0.172,34.08,18.24,17.03,35.27,36.73,29.93,57.0,0.143,15.0,26.32,6.0,10.53,0.41600000000000004,0.04100000000000001,32.56,17.07,10.16,27.24,34.59,20.0,136.0,0.204,47.0,34.56,16.0,11.76,0.657,0.132,33.07,14.97,16.22,31.19,30.57,26.7
745004,2024-06-19,2024,641680,L,621242,R,single,False,False,171.0,0.235,36.0,21.05,8.0,4.68,0.615,0.10500000000000004,21.04,10.9,13.9,24.8,33.23,22.09,411.0,0.243,82.0,19.95,33.0,8.03,0.733,0.185,23.06,11.69,13.75,25.44,29.36,17.15,46.0,0.341,18.0,39.13,4.0,8.7,1.001,0.26899999999999996,36.63,18.69,13.64,32.32,31.63,28.12,,,,,,,,,,,,,,
745004,2024-06-19,2024,677649,R,621242,R,grounded_into_double_play,False,False,106.0,0.275,24.0,22.64,3.0,2.83,0.675,0.09799999999999998,22.79,12.93,11.61,24.54,37.44,17.56,308.0,0.277,86.0,27.92,13.0,4.22,0.738,0.1409999999999999,28.89,15.73,13.64,29.37,39.12,22.25,49.0,0.133,15.0,30.61,3.0,6.12,0.471,0.134,36.56,17.26,19.29,36.55,33.33,24.19,,,,,,,,,,,,,,
745004,2024-06-19,2024,665750,L,621242,R,field_out,False,False,178.0,0.22,35.0,19.66,14.0,7.87,0.6220000000000001,0.12100000000000002,23.58,11.86,15.32,27.18,31.75,17.95,405.0,0.275,86.0,21.23,25.0,6.17,0.767,0.174,24.9,12.5,15.05,27.55,29.44,18.34,46.0,0.341,18.0,39.13,4.0,8.7,1.001,0.26899999999999996,36.63,18.69,13.64,32.32,31.63,28.12,,,,,,,,,,,,,,
746867,2024-06-19,2024,596103,R,657006,L,field_out,False,False,63.0,0.192,16.0,25.4,9.0,14.29,0.525,0.0,26.72,11.4,16.54,27.94,17.27,17.78,147.0,0.288,40.0,27.21,13.0,8.84,0.8,0.151,27.27,11.44,19.76,31.2,22.15,21.51,192.0,0.227,44.0,22.92,11.0,5.73,0.65,0.148,22.97,11.66,16.64,28.31,29.57,21.36,576.0,0.247,134.0,23.26,28.0,4.86,0.637,0.0989999999999999,22.7,12.17,14.45,26.62,32.3,19.88
746867,2024-06-19,2024,671218,R,657006,L,strikeout,True,False,47.0,0.4,9.0,19.15,10.0,21.28,1.475,0.5429999999999999,26.13,12.61,9.57,22.17,23.14,11.11,46.0,0.186,16.0,34.78,3.0,6.52,0.588,0.1629999999999999,32.35,16.67,13.64,30.3,30.21,23.53,192.0,0.227,44.0,22.92,11.0,5.73,0.65,0.148,22.97,11.66,16.64,28.31,29.57,21.36,576.0,0.247,134.0,23.26,28.0,4.86,0.637,0.0989999999999999,22.7,12.17,14.45,26.62,32.3,19.88
746867,2024-06-19,2024,527038,R,657006,L,field_out,False,False,94.0,0.229,11.0,11.7,7.0,7.45,0.653,0.144,11.8,5.21,19.45,24.66,26.42,10.78,182.0,0.303,28.0,15.38,14.0,7.69,0.886,0.224,17.07,7.55,21.16,28.71,29.47,12.17,192.0,0.227,44.0,22.92,11.0,5.73,0.65,0.148,22.97,11.66,16.64,28.31,29.57,21.36,576.0,0.247,134.0,23.26,28.0,4.86,0.637,0.0989999999999999,22.7,12.17,14.45,26.62,32.3,19.88
746867,2024-06-19,2024,663538,R,657277,R,field_out,False,False,220.0,0.232,21.0,9.55,20.0,9.09,0.643,0.093,13.02,5.99,21.43,27.42,31.54,9.95,508.0,0.274,63.0,12.4,40.0,7.87,0.72,0.0979999999999999,13.4,6.0,20.67,26.67,29.91,12.21,199.0,0.254,33.0,16.58,7.0,3.52,0.609,0.069,15.96,6.94,21.34,28.27,27.23,14.41,421.0,0.268,90.0,21.38,16.0,3.8,0.712,0.1429999999999999,20.51,9.76,20.8,30.55,33.33,18.67
746867,2024-06-19,2024,683737,L,657277,R,strikeout,True,False,211.0,0.257,73.0,34.6,27.0,12.8,0.819,0.20700000000000002,33.42,14.81,15.59,30.4,24.21,25.17,66.0,0.158,21.0,31.82,8.0,12.12,0.556,0.1399999999999999,29.79,14.48,13.45,27.93,28.39,21.0,207.0,0.258,50.0,24.15,14.0,6.76,0.6739999999999999,0.10999999999999999,21.31,9.77,19.3,29.07,32.87,20.0,429.0,0.228,104.0,24.24,15.0,3.5,0.5960000000000001,0.109,21.2,9.96,20.05,30.01,31.36,21.62
746867,2024-06-19,2024,641355,L,657277,R,field_out,False,False,186.0,0.226,33.0,17.74,19.0,10.22,0.727,0.18899999999999997,25.3,12.59,13.19,25.78,32.34,19.41,373.0,0.291,58.0,15.55,27.0,7.24,0.829,0.198,20.08,10.01,15.91,25.92,29.71,13.74,207.0,0.258,50.0,24.15,14.0,6.76,0.6739999999999999,0.10999999999999999,21.31,9.77,19.3,29.07,32.87,20.0,429.0,0.228,104.0,24.24,15.0,3.5,0.5960000000000001,0.109,21.2,9.96,20.05,30.01,31.36,21.62
746867,2024-06-19,2024,656305,R,657006,L,single,False,False,81.0,0.333,14.0,17.28,9.0,11.11,0.9630000000000001,0.22300000000000003,14.46,6.9,15.23,22.13,26.63,12.17,113.0,0.307,26.0,23.01,10.0,8.85,0.89,0.208,30.77,13.88,17.35,31.24,20.45,17.81,192.0,0.227,44.0,22.92,11.0,5.73,0.65,0.148,22.97,11.66,16.64,28.31,29.57,21.36,576.0,0.247,134.0,23.26,28.0,4.86,0.637,0.0989999999999999,22.7,12.17,14.45,26.62,32.3,19.88
746867,2024-06-19,2024,642731,R,657006,L,field_out,False,False,76.0,0.222,13.0,17.11,3.0,3.95,0.611,0.13899999999999998,19.85,10.57,17.48,28.05,35.25,21.67,150.0,0.257,36.0,24.0,7.0,4.67,0.643,0.079,21.99,10.73,18.17,28.89,37.46,20.57,192.0,0.227,44.0,22.92,11.0,5.73,0.65,0.148,22.97,11.66,16.64,28.31,29.57,21.36,576.0,0.247,134.0,23.26,28.0,4.86,0.637,0.0989999999999999,22.7,12.17,14.45,26.62,32.3,19.88
746867,2024-06-19,2024,624585,R,657006,L,strikeout,True,False,76.0,0.246,20.0,26.32,9.0,11.84,0.786,0.185,32.62,15.03,14.71,29.74,29.65,22.47,135.0,0.277,30.0,22.22,20.0,14.81,1.081,0.4109999999999999,26.29,11.6,16.16,27.76,25.27,18.75,192.0,0.227,44.0,22.92,11.0,5.73,0.65,0.148,22.97,11.66,16.64,28.31,29.57,21.36,576.0,0.247,134.0,23.26,28.0,4.86,0.637,0.0989999999999999,22.7,12.17,14.45,26.62,32.3,19.88
746867,2024-06-19,2024,605113,R,657006,L,field_out,False,False,51.0,0.34,7.0,13.73,3.0,5.88,0.777,0.064,19.15,10.53,13.45,23.98,29.17,18.92,122.0,0.155,28.0,22.95,6.0,4.92,0.404,0.0519999999999999,27.59,14.1,16.52,30.62,34.51,20.74,192.0,0.227,44.0,22.92,11.0,5.73,0.65,0.148,22.97,11.66,16.64,28.31,29.57,21.36,576.0,0.247,134.0,23.26,28.0,4.86,0.637,0.0989999999999999,22.7,12.17,14.45,26.62,32.3,19.88
746867,2024-06-19,2024,673548,R,657277,R,strikeout,True,False,153.0,0.285,45.0,29.41,9.0,5.88,0.807,0.18200000000000005,26.48,10.63,21.43,32.06,22.91,21.84,419.0,0.278,102.0,24.34,41.0,9.79,0.839,0.2129999999999999,24.3,9.93,20.44,30.37,19.3,20.2,199.0,0.254,33.0,16.58,7.0,3.52,0.609,0.069,15.96,6.94,21.34,28.27,27.23,14.41,421.0,0.268,90.0,21.38,16.0,3.8,0.712,0.1429999999999999,20.51,9.76,20.8,30.55,33.33,18.67
746867,2024-06-19,2024,664023,L,657277,R,single,False,False,221.0,0.228,63.0,28.51,32.0,14.48,0.736,0.158,28.24,12.41,16.03,28.44,22.36,19.69,502.0,0.258,109.0,21.71,80.0,15.94,0.831,0.192,25.86,11.22,15.24,26.46,20.31,17.34,207.0,0.258,50.0,24.15,14.0,6.76,0.6739999999999999,0.10999999999999999,21.31,9.77,19.3,29.07,32.87,20.0,429.0,0.228,104.0,24.24,15.0,3.5,0.5960000000000001,0.109,21.2,9.96,20.05,30.01,31.36,21.62
746867,2024-06-19,2024,621020,R,657277,R,home_run,False,False,195.0,0.203,52.0,26.67,16.0,8.21,0.605,0.13,31.47,14.92,15.17,30.09,23.62,22.03,478.0,0.244,111.0,23.22,49.0,10.25,0.734,0.161,28.04,13.13,15.12,28.26,23.34,18.66,199.0,0.254,33.0,16.58,7.0,3.52,0.609,0.069,15.96,6.94,21.34,28.27,27.23,14.41,421.0,0.268,90.0,21.38,16.0,3.8,0.712,0.1429999999999999,20.51,9.76,20.8,30.55,33.33,18.67
746867,2024-06-19,2024,691718,L,657277,R,field_out,False,False,91.0,0.195,21.0,23.08,5.0,5.49,0.527,0.08500000000000002,23.38,13.86,10.91,24.78,40.94,17.5,15.0,0.0,6.0,40.0,2.0,13.33,0.154,0.0,44.44,26.67,8.33,35.0,23.08,27.27,207.0,0.258,50.0,24.15,14.0,6.76,0.6739999999999999,0.10999999999999999,21.31,9.77,19.3,29.07,32.87,20.0,429.0,0.228,104.0,24.24,15.0,3.5,0.5960000000000001,0.109,21.2,9.96,20.05,30.01,31.36,21.62
746867,2024-06-19,2024,623520,R,657277,R,field_out,False,False,11.0,0.4,3.0,27.27,1.0,9.09,0.855,0.0,26.32,13.16,18.42,31.58,25.0,33.33,,,,,,,,,,,,,,,199.0,0.254,33.0,16.58,7.0,3.52,0.609,0.069,15.96,6.94,21.34,28.27,27.23,14.41,421.0,0.268,90.0,21.38,16.0,3.8,0.712,0.1429999999999999,20.51,9.76,20.8,30.55,33.33,18.67
746867,2024-06-19,2024,573262,L,657006,L,strikeout,True,False,34.0,0.214,9.0,26.47,4.0,11.76,0.639,0.07199999999999998,36.36,14.6,15.33,29.93,21.92,31.03,85.0,0.203,24.0,28.24,5.0,5.88,0.5920000000000001,0.139,23.31,9.57,22.84,32.41,18.67,26.37,44.0,0.158,12.0,27.27,4.0,9.09,0.51,0.07899999999999999,25.64,12.74,17.2,29.94,29.17,27.27,141.0,0.267,42.0,29.79,8.0,5.67,0.7869999999999999,0.2059999999999999,29.17,14.51,15.37,29.88,30.56,20.1
746867,2024-06-19,2024,592200,R,657006,L,single,False,False,21.0,0.263,2.0,9.52,2.0,9.52,0.7010000000000001,0.10499999999999998,10.0,4.0,16.0,20.0,16.67,16.67,33.0,0.185,5.0,15.15,5.0,15.15,0.534,0.037,20.59,9.79,11.19,20.98,18.06,8.47,192.0,0.227,44.0,22.92,11.0,5.73,0.65,0.148,22.97,11.66,16.64,28.31,29.57,21.36,576.0,0.247,134.0,23.26,28.0,4.86,0.637,0.0989999999999999,22.7,12.17,14.45,26.62,32.3,19.88
746867,2024-06-19,2024,596103,R,657006,L,strikeout,True,False,63.0,0.192,16.0,25.4,9.0,14.29,0.525,0.0,26.72,11.4,16.54,27.94,17.27,17.78,147.0,0.288,40.0,27.21,13.0,8.84,0.8,0.151,27.27,11.44,19.76,31.2,22.15,21.51,192.0,0.227,44.0,22.92,11.0,5.73,0.65,0.148,22.97,11.66,16.64,28.31,29.57,21.36,576.0,0.247,134.0,23.26,28.0,4.86,0.637,0.0989999999999999,22.7,12.17,14.45,26.62,32.3,19.88
746867,2024-06-19,2024,671218,R,657006,L,field_out,False,False,47.0,0.4,9.0,19.15,10.0,21.28,1.475,0.5429999999999999,26.13,12.61,9.57,22.17,23.14,11.11,46.0,0.186,16.0,34.78,3.0,6.52,0.588,0.1629999999999999,32.35,16.67,13.64,30.3,30.21,23.53,192.0,0.227,44.0,22.92,11.0,5.73,0.65,0.148,22.97,11.66,16.64,28.31,29.57,21.36,576.0,0.247,134.0,23.26,28.0,4.86,0.637,0.0989999999999999,22.7,12.17,14.45,26.62,32.3,19.88
746867,2024-06-19,2024,665804,R,657277,R,field_out,False,False,123.0,0.209,26.0,21.14,9.0,7.32,0.567,0.07299999999999998,27.2,14.41,14.86,29.27,35.56,19.7,92.0,0.187,24.0,26.09,7.0,7.61,0.679,0.173,24.72,11.67,16.98,28.65,28.18,19.05,199.0,0.254,33.0,16.58,7.0,3.52,0.609,0.069,15.96,6.94,21.34,28.27,27.23,14.41,421.0,0.268,90.0,21.38,16.0,3.8,0.712,0.1429999999999999,20.51,9.76,20.8,30.55,33.33,18.67
746867,2024-06-19,2024,663538,R,657277,R,field_out,False,False,220.0,0.232,21.0,9.55,20.0,9.09,0.643,0.093,13.02,5.99,21.43,27.42,31.54,9.95,508.0,0.274,63.0,12.4,40.0,7.87,0.72,0.0979999999999999,13.4,6.0,20.67,26.67,29.91,12.21,199.0,0.254,33.0,16.58,7.0,3.52,0.609,0.069,15.96,6.94,21.34,28.27,27.23,14.41,421.0,0.268,90.0,21.38,16.0,3.8,0.712,0.1429999999999999,20.51,9.76,20.8,30.55,33.33,18.67
746867,2024-06-19,2024,683737,L,657277,R,single,False,False,211.0,0.257,73.0,34.6,27.0,12.8,0.819,0.20700000000000002,33.42,14.81,15.59,30.4,24.21,25.17,66.0,0.158,21.0,31.82,8.0,12.12,0.556,0.1399999999999999,29.79,14.48,13.45,27.93,28.39,21.0,207.0,0.258,50.0,24.15,14.0,6.76,0.6739999999999999,0.10999999999999999,21.31,9.77,19.3,29.07,32.87,20.0,429.0,0.228,104.0,24.24,15.0,3.5,0.5960000000000001,0.109,21.2,9.96,20.05,30.01,31.36,21.62
746867,2024-06-19,2024,641355,L,657277,R,single,False,False,186.0,0.226,33.0,17.74,19.0,10.22,0.727,0.18899999999999997,25.3,12.59,13.19,25.78,32.34,19.41,373.0,0.291,58.0,15.55,27.0,7.24,0.829,0.198,20.08,10.01,15.91,25.92,29.71,13.74,207.0,0.258,50.0,24.15,14.0,6.76,0.6739999999999999,0.10999999999999999,21.31,9.77,19.3,29.07,32.87,20.0,429.0,0.228,104.0,24.24,15.0,3.5,0.5960000000000001,0.109,21.2,9.96,20.05,30.01,31.36,21.62
746867,2024-06-19,2024,673548,R,657277,R,field_out,False,False,153.0,0.285,45.0,29.41,9.0,5.88,0.807,0.18200000000000005,26.48,10.63,21.43,32.06,22.91,21.84,419.0,0.278,102.0,24.34,41.0,9.79,0.839,0.2129999999999999,24.3,9.93,20.44,30.37,19.3,20.2,199.0,0.254,33.0,16.58,7.0,3.52,0.609,0.069,15.96,6.94,21.34,28.27,27.23,14.41,421.0,0.268,90.0,21.38,16.0,3.8,0.712,0.1429999999999999,20.51,9.76,20.8,30.55,33.33,18.67
746867,2024-06-19,2024,527038,R,657006,L,field_out,False,False,94.0,0.229,11.0,11.7,7.0,7.45,0.653,0.144,11.8,5.21,19.45,24.66,26.42,10.78,182.0,0.303,28.0,15.38,14.0,7.69,0.886,0.224,17.07,7.55,21.16,28.71,29.47,12.17,192.0,0.227,44.0,22.92,11.0,5.73,0.65,0.148,22.97,11.66,16.64,28.31,29.57,21.36,576.0,0.247,134.0,23.26,28.0,4.86,0.637,0.0989999999999999,22.7,12.17,14.45,26.62,32.3,19.88
746867,2024-06-19,2024,656305,R,657006,L,field_out,False,False,81.0,0.333,14.0,17.28,9.0,11.11,0.9630000000000001,0.22300000000000003,14.46,6.9,15.23,22.13,26.63,12.17,113.0,0.307,26.0,23.01,10.0,8.85,0.89,0.208,30.77,13.88,17.35,31.24,20.45,17.81,192.0,0.227,44.0,22.92,11.0,5.73,0.65,0.148,22.97,11.66,16.64,28.31,29.57,21.36,576.0,0.247,134.0,23.26,28.0,4.86,0.637,0.0989999999999999,22.7,12.17,14.45,26.62,32.3,19.88
746867,2024-06-19,2024,642731,R,657006,L,strikeout,True,False,76.0,0.222,13.0,17.11,3.0,3.95,0.611,0.13899999999999998,19.85,10.57,17.48,28.05,35.25,21.67,150.0,0.257,36.0,24.0,7.0,4.67,0.643,0.079,21.99,10.73,18.17,28.89,37.46,20.57,192.0,0.227,44.0,22.92,11.0,5.73,0.65,0.148,22.97,11.66,16.64,28.31,29.57,21.36,576.0,0.247,134.0,23.26,28.0,4.86,0.637,0.0989999999999999,22.7,12.17,14.45,26.62,32.3,19.88
746867,2024-06-19,2024,664023,L,657277,R,strikeout,True,False,221.0,0.228,63.0,28.51,32.0,14.48,0.736,0.158,28.24,12.41,16.03,28.44,22.36,19.69,502.0,0.258,109.0,21.71,80.0,15.94,0.831,0.192,25.86,11.22,15.24,26.46,20.31,17.34,207.0,0.258,50.0,24.15,14.0,6.76,0.6739999999999999,0.10999999999999999,21.31,9.77,19.3,29.07,32.87,20.0,429.0,0.228,104.0,24.24,15.0,3.5,0.5960000000000001,0.109,21.2,9.96,20.05,30.01,31.36,21.62
746867,2024-06-19,2024,621020,R,657277,R,field_out,False,False,195.0,0.203,52.0,26.67,16.0,8.21,0.605,0.13,31.47,14.92,15.17,30.09,23.62,22.03,478.0,0.244,111.0,23.22,49.0,10.25,0.734,0.161,28.04,13.13,15.12,28.26,23.34,18.66,199.0,0.254,33.0,16.58,7.0,3.52,0.609,0.069,15.96,6.94,21.34,28.27,27.23,14.41,421.0,0.268,90.0,21.38,16.0,3.8,0.712,0.1429999999999999,20.51,9.76,20.8,30.55,33.33,18.67
746867,2024-06-19,2024,691718,L,657277,R,field_out,False,False,91.0,0.195,21.0,23.08,5.0,5.49,0.527,0.08500000000000002,23.38,13.86,10.91,24.78,40.94,17.5,15.0,0.0,6.0,40.0,2.0,13.33,0.154,0.0,44.44,26.67,8.33,35.0,23.08,27.27,207.0,0.258,50.0,24.15,14.0,6.76,0.6739999999999999,0.10999999999999999,21.31,9.77,19.3,29.07,32.87,20.0,429.0,0.228,104.0,24.24,15.0,3.5,0.5960000000000001,0.109,21.2,9.96,20.05,30.01,31.36,21.62
746867,2024-06-19,2024,624585,R,657006,L,walk,False,True,76.0,0.246,20.0,26.32,9.0,11.84,0.786,0.185,32.62,15.03,14.71,29.74,29.65,22.47,135.0,0.277,30.0,22.22,20.0,14.81,1.081,0.4109999999999999,26.29,11.6,16.16,27.76,25.27,18.75,192.0,0.227,44.0,22.92,11.0,5.73,0.65,0.148,22.97,11.66,16.64,28.31,29.57,21.36,576.0,0.247,134.0,23.26,28.0,4.86,0.637,0.0989999999999999,22.7,12.17,14.45,26.62,32.3,19.88
746867,2024-06-19,2024,605113,R,657006,L,field_out,False,False,51.0,0.34,7.0,13.73,3.0,5.88,0.777,0.064,19.15,10.53,13.45,23.98,29.17,18.92,122.0,0.155,28.0,22.95,6.0,4.92,0.404,0.0519999999999999,27.59,14.1,16.52,30.62,34.51,20.74,192.0,0.227,44.0,22.92,11.0,5.73,0.65,0.148,22.97,11.66,16.64,28.31,29.57,21.36,576.0,0.247,134.0,23.26,28.0,4.86,0.637,0.0989999999999999,22.7,12.17,14.45,26.62,32.3,19.88
746867,2024-06-19,2024,573262,L,657006,L,walk,False,True,34.0,0.214,9.0,26.47,4.0,11.76,0.639,0.07199999999999998,36.36,14.6,15.33,29.93,21.92,31.03,85.0,0.203,24.0,28.24,5.0,5.88,0.5920000000000001,0.139,23.31,9.57,22.84,32.41,18.67,26.37,44.0,0.158,12.0,27.27,4.0,9.09,0.51,0.07899999999999999,25.64,12.74,17.2,29.94,29.17,27.27,141.0,0.267,42.0,29.79,8.0,5.67,0.7869999999999999,0.2059999999999999,29.17,14.51,15.37,29.88,30.56,20.1
746867,2024-06-19,2024,592200,R,657006,L,double,False,False,21.0,0.263,2.0,9.52,2.0,9.52,0.7010000000000001,0.10499999999999998,10.0,4.0,16.0,20.0,16.67,16.67,33.0,0.185,5.0,15.15,5.0,15.15,0.534,0.037,20.59,9.79,11.19,20.98,18.06,8.47,192.0,0.227,44.0,22.92,11.0,5.73,0.65,0.148,22.97,11.66,16.64,28.31,29.57,21.36,576.0,0.247,134.0,23.26,28.0,4.86,0.637,0.0989999999999999,22.7,12.17,14.45,26.62,32.3,19.88
746867,2024-06-19,2024,596103,R,657006,L,strikeout,True,False,63.0,0.192,16.0,25.4,9.0,14.29,0.525,0.0,26.72,11.4,16.54,27.94,17.27,17.78,147.0,0.288,40.0,27.21,13.0,8.84,0.8,0.151,27.27,11.44,19.76,31.2,22.15,21.51,192.0,0.227,44.0,22.92,11.0,5.73,0.65,0.148,22.97,11.66,16.64,28.31,29.57,21.36,576.0,0.247,134.0,23.26,28.0,4.86,0.637,0.0989999999999999,22.7,12.17,14.45,26.62,32.3,19.88
746867,2024-06-19,2024,671218,R,657006,L,field_out,False,False,47.0,0.4,9.0,19.15,10.0,21.28,1.475,0.5429999999999999,26.13,12.61,9.57,22.17,23.14,11.11,46.0,0.186,16.0,34.78,3.0,6.52,0.588,0.1629999999999999,32.35,16.67,13.64,30.3,30.21,23.53,192.0,0.227,44.0,22.92,11.0,5.73,0.65,0.148,22.97,11.66,16.64,28.31,29.57,21.36,576.0,0.247,134.0,23.26,28.0,4.86,0.637,0.0989999999999999,22.7,12.17,14.45,26.62,32.3,19.88
746867,2024-06-19,2024,623520,R,657277,R,single,False,False,11.0,0.4,3.0,27.27,1.0,9.09,0.855,0.0,26.32,13.16,18.42,31.58,25.0,33.33,,,,,,,,,,,,,,,199.0,0.254,33.0,16.58,7.0,3.52,0.609,0.069,15.96,6.94,21.34,28.27,27.23,14.41,421.0,0.268,90.0,21.38,16.0,3.8,0.712,0.1429999999999999,20.51,9.76,20.8,30.55,33.33,18.67
746867,2024-06-19,2024,665804,R,657277,R,single,False,False,123.0,0.209,26.0,21.14,9.0,7.32,0.567,0.07299999999999998,27.2,14.41,14.86,29.27,35.56,19.7,92.0,0.187,24.0,26.09,7.0,7.61,0.679,0.173,24.72,11.67,16.98,28.65,28.18,19.05,199.0,0.254,33.0,16.58,7.0,3.52,0.609,0.069,15.96,6.94,21.34,28.27,27.23,14.41,421.0,0.268,90.0,21.38,16.0,3.8,0.712,0.1429999999999999,20.51,9.76,20.8,30.55,33.33,18.67
746867,2024-06-19,2024,663538,R,657277,R,field_out,False,False,220.0,0.232,21.0,9.55,20.0,9.09,0.643,0.093,13.02,5.99,21.43,27.42,31.54,9.95,508.0,0.274,63.0,12.4,40.0,7.87,0.72,0.0979999999999999,13.4,6.0,20.67,26.67,29.91,12.21,199.0,0.254,33.0,16.58,7.0,3.52,0.609,0.069,15.96,6.94,21.34,28.27,27.23,14.41,421.0,0.268,90.0,21.38,16.0,3.8,0.712,0.1429999999999999,20.51,9.76,20.8,30.55,33.33,18.67
746867,2024-06-19,2024,683737,L,657277,R,strikeout,True,False,211.0,0.257,73.0,34.6,27.0,12.8,0.819,0.20700000000000002,33.42,14.81,15.59,30.4,24.21,25.17,66.0,0.158,21.0,31.82,8.0,12.12,0.556,0.1399999999999999,29.79,14.48,13.45,27.93,28.39,21.0,207.0,0.258,50.0,24.15,14.0,6.76,0.6739999999999999,0.10999999999999999,21.31,9.77,19.3,29.07,32.87,20.0,429.0,0.228,104.0,24.24,15.0,3.5,0.5960000000000001,0.109,21.2,9.96,20.05,30.01,31.36,21.62
746867,2024-06-19,2024,641355,L,657277,R,walk,False,True,186.0,0.226,33.0,17.74,19.0,10.22,0.727,0.18899999999999997,25.3,12.59,13.19,25.78,32.34,19.41,373.0,0.291,58.0,15.55,27.0,7.24,0.829,0.198,20.08,10.01,15.91,25.92,29.71,13.74,207.0,0.258,50.0,24.15,14.0,6.76,0.6739999999999999,0.10999999999999999,21.31,9.77,19.3,29.07,32.87,20.0,429.0,0.228,104.0,24.24,15.0,3.5,0.5960000000000001,0.109,21.2,9.96,20.05,30.01,31.36,21.62
746867,2024-06-19,2024,673548,R,657277,R,field_out,False,False,153.0,0.285,45.0,29.41,9.0,5.88,0.807,0.18200000000000005,26.48,10.63,21.43,32.06,22.91,21.84,419.0,0.278,102.0,24.34,41.0,9.79,0.839,0.2129999999999999,24.3,9.93,20.44,30.37,19.3,20.2,199.0,0.254,33.0,16.58,7.0,3.52,0.609,0.069,15.96,6.94,21.34,28.27,27.23,14.41,421.0,0.268,90.0,21.38,16.0,3.8,0.712,0.1429999999999999,20.51,9.76,20.8,30.55,33.33,18.67
746867,2024-06-19,2024,527038,R,657006,L,field_out,False,False,94.0,0.229,11.0,11.7,7.0,7.45,0.653,0.144,11.8,5.21,19.45,24.66,26.42,10.78,182.0,0.303,28.0,15.38,14.0,7.69,0.886,0.224,17.07,7.55,21.16,28.71,29.47,12.17,192.0,0.227,44.0,22.92,11.0,5.73,0.65,0.148,22.97,11.66,16.64,28.31,29.57,21.36,576.0,0.247,134.0,23.26,28.0,4.86,0.637,0.0989999999999999,22.7,12.17,14.45,26.62,32.3,19.88
746867,2024-06-19,2024,656305,R,657006,L,strikeout,True,False,81.0,0.333,14.0,17.28,9.0,11.11,0.9630000000000001,0.22300000000000003,14.46,6.9,15.23,22.13,26.63,12.17,113.0,0.307,26.0,23.01,10.0,8.85,0.89,0.208,30.77,13.88,17.35,31.24,20.45,17.81,192.0,0.227,44.0,22.92,11.0,5.73,0.65,0.148,22.97,11.66,16.64,28.31,29.57,21.36,576.0,0.247,134.0,23.26,28.0,4.86,0.637,0.0989999999999999,22.7,12.17,14.45,26.62,32.3,19.88
746867,2024-06-19,2024,642731,R,657006,L,field_out,False,False,76.0,0.222,13.0,17.11,3.0,3.95,0.611,0.13899999999999998,19.85,10.57,17.48,28.05,35.25,21.67,150.0,0.257,36.0,24.0,7.0,4.67,0.643,0.079,21.99,10.73,18.17,28.89,37.46,20.57,192.0,0.227,44.0,22.92,11.0,5.73,0.65,0.148,22.97,11.66,16.64,28.31,29.57,21.36,576.0,0.247,134.0,23.26,28.0,4.86,0.637,0.0989999999999999,22.7,12.17,14.45,26.62,32.3,19.88
746867,2024-06-19,2024,664023,L,657277,R,strikeout,True,False,221.0,0.228,63.0,28.51,32.0,14.48,0.736,0.158,28.24,12.41,16.03,28.44,22.36,19.69,502.0,0.258,109.0,21.71,80.0,15.94,0.831,0.192,25.86,11.22,15.24,26.46,20.31,17.34,207.0,0.258,50.0,24.15,14.0,6.76,0.6739999999999999,0.10999999999999999,21.31,9.77,19.3,29.07,32.87,20.0,429.0,0.228,104.0,24.24,15.0,3.5,0.5960000000000001,0.109,21.2,9.96,20.05,30.01,31.36,21.62
746867,2024-06-19,2024,621020,R,657277,R,field_out,False,False,195.0,0.203,52.0,26.67,16.0,8.21,0.605,0.13,31.47,14.92,15.17,30.09,23.62,22.03,478.0,0.244,111.0,23.22,49.0,10.25,0.734,0.161,28.04,13.13,15.12,28.26,23.34,18.66,199.0,0.254,33.0,16.58,7.0,3.52,0.609,0.069,15.96,6.94,21.34,28.27,27.23,14.41,421.0,0.268,90.0,21.38,16.0,3.8,0.712,0.1429999999999999,20.51,9.76,20.8,30.55,33.33,18.67
746867,2024-06-19,2024,691718,L,657277,R,field_out,False,False,91.0,0.195,21.0,23.08,5.0,5.49,0.527,0.08500000000000002,23.38,13.86,10.91,24.78,40.94,17.5,15.0,0.0,6.0,40.0,2.0,13.33,0.154,0.0,44.44,26.67,8.33,35.0,23.08,27.27,207.0,0.258,50.0,24.15,14.0,6.76,0.6739999999999999,0.10999999999999999,21.31,9.77,19.3,29.07,32.87,20.0,429.0,0.228,104.0,24.24,15.0,3.5,0.5960000000000001,0.109,21.2,9.96,20.05,30.01,31.36,21.62
746867,2024-06-19,2024,624585,R,657006,L,strikeout,True,False,76.0,0.246,20.0,26.32,9.0,11.84,0.786,0.185,32.62,15.03,14.71,29.74,29.65,22.47,135.0,0.277,30.0,22.22,20.0,14.81,1.081,0.4109999999999999,26.29,11.6,16.16,27.76,25.27,18.75,192.0,0.227,44.0,22.92,11.0,5.73,0.65,0.148,22.97,11.66,16.64,28.31,29.57,21.36,576.0,0.247,134.0,23.26,28.0,4.86,0.637,0.0989999999999999,22.7,12.17,14.45,26.62,32.3,19.88
746867,2024-06-19,2024,605113,R,657006,L,single,False,False,51.0,0.34,7.0,13.73,3.0,5.88,0.777,0.064,19.15,10.53,13.45,23.98,29.17,18.92,122.0,0.155,28.0,22.95,6.0,4.92,0.404,0.0519999999999999,27.59,14.1,16.52,30.62,34.51,20.74,192.0,0.227,44.0,22.92,11.0,5.73,0.65,0.148,22.97,11.66,16.64,28.31,29.57,21.36,576.0,0.247,134.0,23.26,28.0,4.86,0.637,0.0989999999999999,22.7,12.17,14.45,26.62,32.3,19.88
746867,2024-06-19,2024,573262,L,657006,L,field_out,False,False,34.0,0.214,9.0,26.47,4.0,11.76,0.639,0.07199999999999998,36.36,14.6,15.33,29.93,21.92,31.03,85.0,0.203,24.0,28.24,5.0,5.88,0.5920000000000001,0.139,23.31,9.57,22.84,32.41,18.67,26.37,44.0,0.158,12.0,27.27,4.0,9.09,0.51,0.07899999999999999,25.64,12.74,17.2,29.94,29.17,27.27,141.0,0.267,42.0,29.79,8.0,5.67,0.7869999999999999,0.2059999999999999,29.17,14.51,15.37,29.88,30.56,20.1
746867,2024-06-19,2024,592200,R,668338,R,strikeout,True,False,23.0,0.222,3.0,13.04,3.0,13.04,0.586,0.0,13.51,6.33,13.92,20.25,6.45,11.11,63.0,0.17,18.0,28.57,6.0,9.52,0.468,0.0189999999999999,27.45,12.23,18.34,30.57,25.0,26.87,67.0,0.159,18.0,26.87,3.0,4.48,0.46299999999999997,0.095,28.67,15.24,13.75,29.0,36.43,18.28,32.0,0.185,7.0,21.88,4.0,12.5,0.503,0.037,28.57,12.31,16.92,29.23,30.26,20.59
746867,2024-06-19,2024,623520,R,657277,R,field_out,False,False,11.0,0.4,3.0,27.27,1.0,9.09,0.855,0.0,26.32,13.16,18.42,31.58,25.0,33.33,,,,,,,,,,,,,,,199.0,0.254,33.0,16.58,7.0,3.52,0.609,0.069,15.96,6.94,21.34,28.27,27.23,14.41,421.0,0.268,90.0,21.38,16.0,3.8,0.712,0.1429999999999999,20.51,9.76,20.8,30.55,33.33,18.67
746867,2024-06-19,2024,665804,R,657277,R,field_out,False,False,123.0,0.209,26.0,21.14,9.0,7.32,0.567,0.07299999999999998,27.2,14.41,14.86,29.27,35.56,19.7,92.0,0.187,24.0,26.09,7.0,7.61,0.679,0.173,24.72,11.67,16.98,28.65,28.18,19.05,199.0,0.254,33.0,16.58,7.0,3.52,0.609,0.069,15.96,6.94,21.34,28.27,27.23,14.41,421.0,0.268,90.0,21.38,16.0,3.8,0.712,0.1429999999999999,20.51,9.76,20.8,30.55,33.33,18.67
746867,2024-06-19,2024,663538,R,657277,R,field_out,False,False,220.0,0.232,21.0,9.55,20.0,9.09,0.643,0.093,13.02,5.99,21.43,27.42,31.54,9.95,508.0,0.274,63.0,12.4,40.0,7.87,0.72,0.0979999999999999,13.4,6.0,20.67,26.67,29.91,12.21,199.0,0.254,33.0,16.58,7.0,3.52,0.609,0.069,15.96,6.94,21.34,28.27,27.23,14.41,421.0,0.268,90.0,21.38,16.0,3.8,0.712,0.1429999999999999,20.51,9.76,20.8,30.55,33.33,18.67
746867,2024-06-19,2024,624424,L,668338,R,field_out,False,False,155.0,0.211,35.0,22.58,13.0,8.39,0.664,0.17600000000000002,24.3,11.37,16.8,28.17,28.06,19.66,368.0,0.245,77.0,20.92,50.0,13.59,0.753,0.155,23.68,10.56,15.02,25.57,23.23,16.81,29.0,0.143,7.0,24.14,0.0,0.0,0.565,0.25,28.57,17.48,8.74,26.21,32.73,20.59,32.0,0.276,3.0,9.38,2.0,6.25,0.896,0.276,25.0,12.63,13.68,26.32,18.6,17.65
746867,2024-06-19,2024,671218,R,668338,R,field_out,False,False,113.0,0.292,37.0,32.74,7.0,6.19,0.77,0.14200000000000002,34.65,15.73,16.85,32.58,27.0,29.6,14.0,0.154,4.0,28.57,1.0,7.14,0.368,0.0,30.43,14.58,18.75,33.33,26.09,50.0,67.0,0.159,18.0,26.87,3.0,4.48,0.46299999999999997,0.095,28.67,15.24,13.75,29.0,36.43,18.28,32.0,0.185,7.0,21.88,4.0,12.5,0.503,0.037,28.57,12.31,16.92,29.23,30.26,20.59
746867,2024-06-19,2024,527038,R,668338,R,field_out,False,False,117.0,0.198,17.0,14.53,11.0,9.4,0.578,0.08899999999999997,15.61,6.53,23.47,30.0,28.52,11.18,273.0,0.271,35.0,12.82,27.0,9.89,0.849,0.2249999999999999,14.98,6.76,19.32,26.08,27.75,9.09,67.0,0.159,18.0,26.87,3.0,4.48,0.46299999999999997,0.095,28.67,15.24,13.75,29.0,36.43,18.28,32.0,0.185,7.0,21.88,4.0,12.5,0.503,0.037,28.57,12.31,16.92,29.23,30.26,20.59
746867,2024-06-19,2024,683737,L,643511,R,double,False,False,211.0,0.257,73.0,34.6,27.0,12.8,0.819,0.20700000000000002,33.42,14.81,15.59,30.4,24.21,25.17,66.0,0.158,21.0,31.82,8.0,12.12,0.556,0.1399999999999999,29.79,14.48,13.45,27.93,28.39,21.0,64.0,0.298,9.0,14.06,1.0,1.56,0.753,0.10600000000000004,16.53,8.73,18.34,27.07,23.86,12.86,136.0,0.2,32.0,23.53,9.0,6.62,0.5569999999999999,0.0919999999999999,20.7,10.56,18.33,28.88,27.6,21.33
746867,2024-06-19,2024,641355,L,643511,R,single,False,False,186.0,0.226,33.0,17.74,19.0,10.22,0.727,0.18899999999999997,25.3,12.59,13.19,25.78,32.34,19.41,373.0,0.291,58.0,15.55,27.0,7.24,0.829,0.198,20.08,10.01,15.91,25.92,29.71,13.74,64.0,0.298,9.0,14.06,1.0,1.56,0.753,0.10600000000000004,16.53,8.73,18.34,27.07,23.86,12.86,136.0,0.2,32.0,23.53,9.0,6.62,0.5569999999999999,0.0919999999999999,20.7,10.56,18.33,28.88,27.6,21.33
746867,2024-06-19,2024,673548,R,643511,R,single,False,False,153.0,0.285,45.0,29.41,9.0,5.88,0.807,0.18200000000000005,26.48,10.63,21.43,32.06,22.91,21.84,419.0,0.278,102.0,24.34,41.0,9.79,0.839,0.2129999999999999,24.3,9.93,20.44,30.37,19.3,20.2,79.0,0.231,16.0,20.25,1.0,1.27,0.6,0.12799999999999997,20.0,11.2,16.0,27.2,34.86,24.62,173.0,0.262,28.0,16.18,10.0,5.78,0.733,0.1629999999999999,23.75,12.04,17.27,29.32,30.54,16.37
746867,2024-06-19,2024,664023,L,643511,R,single,False,False,221.0,0.228,63.0,28.51,32.0,14.48,0.736,0.158,28.24,12.41,16.03,28.44,22.36,19.69,502.0,0.258,109.0,21.71,80.0,15.94,0.831,0.192,25.86,11.22,15.24,26.46,20.31,17.34,64.0,0.298,9.0,14.06,1.0,1.56,0.753,0.10600000000000004,16.53,8.73,18.34,27.07,23.86,12.86,136.0,0.2,32.0,23.53,9.0,6.62,0.5569999999999999,0.0919999999999999,20.7,10.56,18.33,28.88,27.6,21.33
746867,2024-06-19,2024,621020,R,643511,R,fielders_choice_out,False,False,195.0,0.203,52.0,26.67,16.0,8.21,0.605,0.13,31.47,14.92,15.17,30.09,23.62,22.03,478.0,0.244,111.0,23.22,49.0,10.25,0.734,0.161,28.04,13.13,15.12,28.26,23.34,18.66,79.0,0.231,16.0,20.25,1.0,1.27,0.6,0.12799999999999997,20.0,11.2,16.0,27.2,34.86,24.62,173.0,0.262,28.0,16.18,10.0,5.78,0.733,0.1629999999999999,23.75,12.04,17.27,29.32,30.54,16.37
746867,2024-06-19,2024,691718,L,643511,R,strikeout,True,False,91.0,0.195,21.0,23.08,5.0,5.49,0.527,0.08500000000000002,23.38,13.86,10.91,24.78,40.94,17.5,15.0,0.0,6.0,40.0,2.0,13.33,0.154,0.0,44.44,26.67,8.33,35.0,23.08,27.27,64.0,0.298,9.0,14.06,1.0,1.56,0.753,0.10600000000000004,16.53,8.73,18.34,27.07,23.86,12.86,136.0,0.2,32.0,23.53,9.0,6.62,0.5569999999999999,0.0919999999999999,20.7,10.56,18.33,28.88,27.6,21.33
746867,2024-06-19,2024,623520,R,643511,R,walk,False,True,11.0,0.4,3.0,27.27,1.0,9.09,0.855,0.0,26.32,13.16,18.42,31.58,25.0,33.33,,,,,,,,,,,,,,,79.0,0.231,16.0,20.25,1.0,1.27,0.6,0.12799999999999997,20.0,11.2,16.0,27.2,34.86,24.62,173.0,0.262,28.0,16.18,10.0,5.78,0.733,0.1629999999999999,23.75,12.04,17.27,29.32,30.54,16.37
746867,2024-06-19,2024,666624,R,592426,R,single,False,False,230.0,0.201,53.0,23.04,25.0,10.87,0.6639999999999999,0.16599999999999998,30.58,14.02,14.24,28.25,25.26,21.03,329.0,0.247,105.0,31.91,27.0,8.21,0.798,0.239,38.21,19.07,13.74,32.81,29.43,27.56,56.0,0.196,13.0,23.21,3.0,5.36,0.49,0.03899999999999998,26.13,13.94,13.94,27.88,37.14,17.81,98.0,0.182,31.0,31.63,9.0,9.18,0.5720000000000001,0.125,28.42,13.83,13.83,27.66,29.59,25.2
746867,2024-06-19,2024,663538,R,592426,R,field_out,False,False,220.0,0.232,21.0,9.55,20.0,9.09,0.643,0.093,13.02,5.99,21.43,27.42,31.54,9.95,508.0,0.274,63.0,12.4,40.0,7.87,0.72,0.0979999999999999,13.4,6.0,20.67,26.67,29.91,12.21,56.0,0.196,13.0,23.21,3.0,5.36,0.49,0.03899999999999998,26.13,13.94,13.94,27.88,37.14,17.81,98.0,0.182,31.0,31.63,9.0,9.18,0.5720000000000001,0.125,28.42,13.83,13.83,27.66,29.59,25.2
746867,2024-06-19,2024,656305,R,624522,R,strikeout,True,False,224.0,0.193,57.0,25.45,19.0,8.48,0.5940000000000001,0.129,26.73,12.11,19.57,31.68,26.36,19.72,471.0,0.223,139.0,29.51,52.0,11.04,0.722,0.179,31.15,13.33,17.79,31.11,18.61,21.72,38.0,0.125,16.0,42.11,6.0,15.79,0.388,0.0,38.75,19.02,14.72,33.74,32.14,28.57,72.0,0.167,15.0,20.83,12.0,16.67,0.623,0.15,27.12,11.9,17.84,29.74,25.18,20.0
746867,2024-06-19,2024,642731,R,624522,R,strikeout,True,False,210.0,0.246,41.0,19.52,6.0,2.86,0.688,0.16099999999999998,19.44,9.55,19.51,29.06,34.99,20.0,380.0,0.276,84.0,22.11,15.0,3.95,0.767,0.172,21.44,11.24,17.01,28.25,38.17,20.1,38.0,0.125,16.0,42.11,6.0,15.79,0.388,0.0,38.75,19.02,14.72,33.74,32.14,28.57,72.0,0.167,15.0,20.83,12.0,16.67,0.623,0.15,27.12,11.9,17.84,29.74,25.18,20.0
746867,2024-06-19,2024,624585,R,624522,R,strikeout,True,False,176.0,0.214,39.0,22.16,18.0,10.23,0.661,0.15,28.66,13.45,14.95,28.4,27.73,21.67,446.0,0.242,111.0,24.89,46.0,10.31,0.788,0.22,27.97,12.22,16.15,28.37,25.71,21.19,38.0,0.125,16.0,42.11,6.0,15.79,0.388,0.0,38.75,19.02,14.72,33.74,32.14,28.57,72.0,0.167,15.0,20.83,12.0,16.67,0.623,0.15,27.12,11.9,17.84,29.74,25.18,20.0
746542,2024-06-19,2024,660271,L,596295,L,field_out,False,False,108.0,0.3,23.0,21.3,7.0,6.48,0.803,0.16000000000000003,26.15,11.92,17.29,29.21,25.24,19.01,170.0,0.245,44.0,25.88,27.0,15.88,0.897,0.287,30.62,13.88,13.59,27.47,31.74,23.04,63.0,0.246,11.0,17.46,1.0,1.59,0.795,0.29500000000000004,20.0,9.68,17.74,27.42,28.45,14.29,127.0,0.372,15.0,11.81,10.0,7.87,1.074,0.283,20.3,9.37,18.74,28.1,25.25,15.0
746542,2024-06-19,2024,669257,R,596295,L,field_out,False,False,76.0,0.359,9.0,11.84,11.0,14.47,1.119,0.31300000000000006,18.9,8.25,14.78,23.02,25.35,12.16,147.0,0.24,22.0,14.97,21.0,14.29,0.8,0.206,20.0,8.97,15.38,24.36,26.59,11.52,256.0,0.259,41.0,16.02,23.0,8.98,0.755,0.172,20.18,9.3,18.51,27.81,24.49,14.04,477.0,0.278,72.0,15.09,33.0,6.92,0.8089999999999999,0.1979999999999999,18.82,8.97,15.75,24.71,24.01,15.86
746542,2024-06-19,2024,518692,L,596295,L,field_out,False,False,118.0,0.22,18.0,15.25,11.0,9.32,0.656,0.12000000000000002,21.21,11.32,12.24,23.56,32.72,12.77,218.0,0.335,40.0,18.35,15.0,6.88,1.008,0.2739999999999999,21.54,11.31,11.07,22.38,26.41,16.0,63.0,0.246,11.0,17.46,1.0,1.59,0.795,0.29500000000000004,20.0,9.68,17.74,27.42,28.45,14.29,127.0,0.372,15.0,11.81,10.0,7.87,1.074,0.283,20.3,9.37,18.74,28.1,25.25,15.0
746542,2024-06-19,2024,453568,L,621111,R,hit_by_pitch,False,False,197.0,0.247,31.0,15.74,15.0,7.61,0.7090000000000001,0.14600000000000002,19.51,9.64,17.0,26.64,35.5,14.35,309.0,0.272,48.0,15.53,26.0,8.41,0.7909999999999999,0.1689999999999999,21.84,10.67,16.05,26.72,30.66,16.11,85.0,0.346,18.0,21.18,3.0,3.53,0.958,0.23099999999999998,17.86,8.6,18.34,26.93,27.98,16.22,,,,,,,,,,,,,,
746542,2024-06-19,2024,686668,R,621111,R,single,False,False,218.0,0.278,61.0,27.98,19.0,8.72,0.772,0.14999999999999997,30.83,15.08,15.72,30.8,28.61,26.41,299.0,0.207,98.0,32.78,17.0,5.69,0.597,0.131,34.17,17.56,14.33,31.89,31.96,31.51,84.0,0.253,13.0,15.48,7.0,8.33,0.8280000000000001,0.254,15.38,6.62,18.54,25.17,20.26,18.84,,,,,,,,,,,,,,
746542,2024-06-19,2024,678662,R,621111,R,double,False,False,232.0,0.297,59.0,25.43,6.0,2.59,0.8180000000000001,0.201,33.08,20.96,9.82,30.78,47.0,21.85,438.0,0.256,109.0,24.89,17.0,3.88,0.69,0.143,29.47,17.51,10.44,27.95,41.11,20.49,84.0,0.253,13.0,15.48,7.0,8.33,0.8280000000000001,0.254,15.38,6.62,18.54,25.17,20.26,18.84,,,,,,,,,,,,,,
746542,2024-06-19,2024,641857,L,621111,R,double,False,False,214.0,0.245,59.0,27.57,21.0,9.81,0.754,0.191,27.4,13.17,15.48,28.65,27.08,19.34,449.0,0.26,141.0,31.4,52.0,11.58,0.826,0.2209999999999999,31.26,14.84,14.94,29.79,25.26,20.41,85.0,0.346,18.0,21.18,3.0,3.53,0.958,0.23099999999999998,17.86,8.6,18.34,26.93,27.98,16.22,,,,,,,,,,,,,,
746542,2024-06-19,2024,669911,L,621111,R,field_out,False,False,68.0,0.206,24.0,35.29,3.0,4.41,0.647,0.19100000000000003,31.25,15.2,16.22,31.42,32.73,22.64,104.0,0.189,29.0,27.88,8.0,7.69,0.628,0.179,34.34,17.26,14.21,31.47,29.0,25.0,85.0,0.346,18.0,21.18,3.0,3.53,0.958,0.23099999999999998,17.86,8.6,18.34,26.93,27.98,16.22,,,,,,,,,,,,,,
746542,2024-06-19,2024,666134,L,621111,R,sac_fly,False,False,90.0,0.182,27.0,30.0,12.0,13.33,0.588,0.11699999999999999,28.66,11.0,22.74,33.74,22.33,18.0,294.0,0.289,92.0,31.29,41.0,13.95,0.945,0.261,33.58,14.12,18.56,32.68,25.97,22.72,85.0,0.346,18.0,21.18,3.0,3.53,0.958,0.23099999999999998,17.86,8.6,18.34,26.93,27.98,16.22,,,,,,,,,,,,,,
746542,2024-06-19,2024,696100,R,621111,R,field_out,False,False,59.0,0.164,18.0,30.51,3.0,5.08,0.529,0.145,35.77,20.28,11.52,31.8,35.45,29.51,64.0,0.193,18.0,28.12,5.0,7.81,0.583,0.14,38.6,18.26,16.18,34.44,35.56,28.57,84.0,0.253,13.0,15.48,7.0,8.33,0.8280000000000001,0.254,15.38,6.62,18.54,25.17,20.26,18.84,,,,,,,,,,,,,,
746542,2024-06-19,2024,606192,R,596295,L,field_out,False,False,83.0,0.253,22.0,26.51,4.0,4.82,0.8839999999999999,0.34199999999999997,29.01,15.51,10.56,26.07,28.17,30.14,151.0,0.287,47.0,31.13,5.0,3.31,0.817,0.223,31.76,17.57,12.52,30.09,36.59,25.41,256.0,0.259,41.0,16.02,23.0,8.98,0.755,0.172,20.18,9.3,18.51,27.81,24.49,14.04,477.0,0.278,72.0,15.09,33.0,6.92,0.8089999999999999,0.1979999999999999,18.82,8.97,15.75,24.71,24.01,15.86
746542,2024-06-19,2024,681624,R,596295,L,home_run,False,False,54.0,0.36,14.0,25.93,3.0,5.56,0.909,0.16000000000000003,23.77,12.39,14.1,26.5,33.61,17.28,,,,,,,,,,,,,,,256.0,0.259,41.0,16.02,23.0,8.98,0.755,0.172,20.18,9.3,18.51,27.81,24.49,14.04,477.0,0.278,72.0,15.09,33.0,6.92,0.8089999999999999,0.1979999999999999,18.82,8.97,15.75,24.71,24.01,15.86
746542,2024-06-19,2024,500743,R,596295,L,field_out,False,False,62.0,0.281,3.0,4.84,5.0,8.06,0.813,0.19299999999999995,12.04,5.56,14.1,19.66,25.41,4.62,145.0,0.286,12.0,8.28,8.0,5.52,0.7370000000000001,0.12,9.75,4.67,17.48,22.15,29.46,10.08,256.0,0.259,41.0,16.02,23.0,8.98,0.755,0.172,20.18,9.3,18.51,27.81,24.49,14.04,477.0,0.278,72.0,15.09,33.0,6.92,0.8089999999999999,0.1979999999999999,18.82,8.97,15.75,24.71,24.01,15.86
746542,2024-06-19,2024,571771,R,596295,L,strikeout,True,False,71.0,0.234,12.0,16.9,6.0,8.45,0.6910000000000001,0.157,18.58,7.98,20.53,28.52,24.06,18.18,162.0,0.239,19.0,11.73,14.0,8.64,0.642,0.099,14.84,6.54,19.31,25.86,25.95,10.67,256.0,0.259,41.0,16.02,23.0,8.98,0.755,0.172,20.18,9.3,18.51,27.81,24.49,14.04,477.0,0.278,72.0,15.09,33.0,6.92,0.8089999999999999,0.1979999999999999,18.82,8.97,15.75,24.71,24.01,15.86
746542,2024-06-19,2024,595909,L,621111,R,strikeout,True,False,114.0,0.265,28.0,24.56,10.0,8.77,0.688,0.09799999999999998,22.22,11.46,14.23,25.69,32.19,17.61,171.0,0.226,44.0,25.73,12.0,7.02,0.663,0.155,26.67,12.9,15.25,28.15,29.13,19.91,85.0,0.346,18.0,21.18,3.0,3.53,0.958,0.23099999999999998,17.86,8.6,18.34,26.93,27.98,16.22,,,,,,,,,,,,,,
746542,2024-06-19,2024,676701,R,621111,R,single,False,False,37.0,0.171,8.0,21.62,1.0,2.7,0.365,0.0,24.32,13.95,13.95,27.91,37.88,18.6,122.0,0.257,24.0,19.67,7.0,5.74,0.6950000000000001,0.132,20.9,11.11,14.38,25.49,35.06,16.55,84.0,0.253,13.0,15.48,7.0,8.33,0.8280000000000001,0.254,15.38,6.62,18.54,25.17,20.26,18.84,,,,,,,,,,,,,,
746542,2024-06-19,2024,660707,R,621111,R,home_run,False,False,174.0,0.223,39.0,22.41,14.0,8.05,0.6459999999999999,0.13999999999999999,29.53,15.91,13.39,29.29,36.31,21.43,196.0,0.249,69.0,35.2,12.0,6.12,0.729,0.1689999999999999,41.45,21.48,15.97,37.45,41.94,28.28,84.0,0.253,13.0,15.48,7.0,8.33,0.8280000000000001,0.254,15.38,6.62,18.54,25.17,20.26,18.84,,,,,,,,,,,,,,
746542,2024-06-19,2024,686668,R,621111,R,single,False,False,218.0,0.278,61.0,27.98,19.0,8.72,0.772,0.14999999999999997,30.83,15.08,15.72,30.8,28.61,26.41,299.0,0.207,98.0,32.78,17.0,5.69,0.597,0.131,34.17,17.56,14.33,31.89,31.96,31.51,84.0,0.253,13.0,15.48,7.0,8.33,0.8280000000000001,0.254,15.38,6.62,18.54,25.17,20.26,18.84,,,,,,,,,,,,,,
746542,2024-06-19,2024,678662,R,621111,R,strikeout,True,False,232.0,0.297,59.0,25.43,6.0,2.59,0.8180000000000001,0.201,33.08,20.96,9.82,30.78,47.0,21.85,438.0,0.256,109.0,24.89,17.0,3.88,0.69,0.143,29.47,17.51,10.44,27.95,41.11,20.49,84.0,0.253,13.0,15.48,7.0,8.33,0.8280000000000001,0.254,15.38,6.62,18.54,25.17,20.26,18.84,,,,,,,,,,,,,,
746542,2024-06-19,2024,641857,L,621111,R,field_out,False,False,214.0,0.245,59.0,27.57,21.0,9.81,0.754,0.191,27.4,13.17,15.48,28.65,27.08,19.34,449.0,0.26,141.0,31.4,52.0,11.58,0.826,0.2209999999999999,31.26,14.84,14.94,29.79,25.26,20.41,85.0,0.346,18.0,21.18,3.0,3.53,0.958,0.23099999999999998,17.86,8.6,18.34,26.93,27.98,16.22,,,,,,,,,,,,,,
746542,2024-06-19,2024,678246,R,596295,L,field_out,False,False,12.0,0.5,2.0,16.67,2.0,16.67,1.583,0.5,14.29,5.88,19.61,25.49,14.81,12.5,93.0,0.171,14.0,15.05,14.0,15.05,0.696,0.224,21.34,9.0,16.97,25.96,17.01,13.33,256.0,0.259,41.0,16.02,23.0,8.98,0.755,0.172,20.18,9.3,18.51,27.81,24.49,14.04,477.0,0.278,72.0,15.09,33.0,6.92,0.8089999999999999,0.1979999999999999,18.82,8.97,15.75,24.71,24.01,15.86
746542,2024-06-19,2024,621035,R,596295,L,triple,False,False,47.0,0.158,18.0,38.3,7.0,14.89,0.572,0.13099999999999998,39.0,19.12,9.31,28.43,19.79,26.47,162.0,0.21,59.0,36.42,19.0,11.73,0.7949999999999999,0.268,39.5,18.23,13.46,31.69,20.29,25.54,256.0,0.259,41.0,16.02,23.0,8.98,0.755,0.172,20.18,9.3,18.51,27.81,24.49,14.04,477.0,0.278,72.0,15.09,33.0,6.92,0.8089999999999999,0.1979999999999999,18.82,8.97,15.75,24.71,24.01,15.86
746542,2024-06-19,2024,660271,L,596295,L,field_out,False,False,108.0,0.3,23.0,21.3,7.0,6.48,0.803,0.16000000000000003,26.15,11.92,17.29,29.21,25.24,19.01,170.0,0.245,44.0,25.88,27.0,15.88,0.897,0.287,30.62,13.88,13.59,27.47,31.74,23.04,63.0,0.246,11.0,17.46,1.0,1.59,0.795,0.29500000000000004,20.0,9.68,17.74,27.42,28.45,14.29,127.0,0.372,15.0,11.81,10.0,7.87,1.074,0.283,20.3,9.37,18.74,28.1,25.25,15.0
746542,2024-06-19,2024,669257,R,596295,L,field_out,False,False,76.0,0.359,9.0,11.84,11.0,14.47,1.119,0.31300000000000006,18.9,8.25,14.78,23.02,25.35,12.16,147.0,0.24,22.0,14.97,21.0,14.29,0.8,0.206,20.0,8.97,15.38,24.36,26.59,11.52,256.0,0.259,41.0,16.02,23.0,8.98,0.755,0.172,20.18,9.3,18.51,27.81,24.49,14.04,477.0,0.278,72.0,15.09,33.0,6.92,0.8089999999999999,0.1979999999999999,18.82,8.97,15.75,24.71,24.01,15.86
746542,2024-06-19,2024,669911,L,621111,R,field_out,False,False,68.0,0.206,24.0,35.29,3.0,4.41,0.647,0.19100000000000003,31.25,15.2,16.22,31.42,32.73,22.64,104.0,0.189,29.0,27.88,8.0,7.69,0.628,0.179,34.34,17.26,14.21,31.47,29.0,25.0,85.0,0.346,18.0,21.18,3.0,3.53,0.958,0.23099999999999998,17.86,8.6,18.34,26.93,27.98,16.22,,,,,,,,,,,,,,
746542,2024-06-19,2024,666134,L,621111,R,field_out,False,False,90.0,0.182,27.0,30.0,12.0,13.33,0.588,0.11699999999999999,28.66,11.0,22.74,33.74,22.33,18.0,294.0,0.289,92.0,31.29,41.0,13.95,0.945,0.261,33.58,14.12,18.56,32.68,25.97,22.72,85.0,0.346,18.0,21.18,3.0,3.53,0.958,0.23099999999999998,17.86,8.6,18.34,26.93,27.98,16.22,,,,,,,,,,,,,,
746542,2024-06-19,2024,696100,R,621111,R,walk,False,True,59.0,0.164,18.0,30.51,3.0,5.08,0.529,0.145,35.77,20.28,11.52,31.8,35.45,29.51,64.0,0.193,18.0,28.12,5.0,7.81,0.583,0.14,38.6,18.26,16.18,34.44,35.56,28.57,84.0,0.253,13.0,15.48,7.0,8.33,0.8280000000000001,0.254,15.38,6.62,18.54,25.17,20.26,18.84,,,,,,,,,,,,,,
746542,2024-06-19,2024,595909,L,621111,R,field_out,False,False,114.0,0.265,28.0,24.56,10.0,8.77,0.688,0.09799999999999998,22.22,11.46,14.23,25.69,32.19,17.61,171.0,0.226,44.0,25.73,12.0,7.02,0.663,0.155,26.67,12.9,15.25,28.15,29.13,19.91,85.0,0.346,18.0,21.18,3.0,3.53,0.958,0.23099999999999998,17.86,8.6,18.34,26.93,27.98,16.22,,,,,,,,,,,,,,
746542,2024-06-19,2024,518692,L,596295,L,field_out,False,False,118.0,0.22,18.0,15.25,11.0,9.32,0.656,0.12000000000000002,21.21,11.32,12.24,23.56,32.72,12.77,218.0,0.335,40.0,18.35,15.0,6.88,1.008,0.2739999999999999,21.54,11.31,11.07,22.38,26.41,16.0,63.0,0.246,11.0,17.46,1.0,1.59,0.795,0.29500000000000004,20.0,9.68,17.74,27.42,28.45,14.29,127.0,0.372,15.0,11.81,10.0,7.87,1.074,0.283,20.3,9.37,18.74,28.1,25.25,15.0
746542,2024-06-19,2024,606192,R,596295,L,field_out,False,False,83.0,0.253,22.0,26.51,4.0,4.82,0.8839999999999999,0.34199999999999997,29.01,15.51,10.56,26.07,28.17,30.14,151.0,0.287,47.0,31.13,5.0,3.31,0.817,0.223,31.76,17.57,12.52,30.09,36.59,25.41,256.0,0.259,41.0,16.02,23.0,8.98,0.755,0.172,20.18,9.3,18.51,27.81,24.49,14.04,477.0,0.278,72.0,15.09,33.0,6.92,0.8089999999999999,0.1979999999999999,18.82,8.97,15.75,24.71,24.01,15.86
746542,2024-06-19,2024,681624,R,596295,L,walk,False,True,54.0,0.36,14.0,25.93,3.0,5.56,0.909,0.16000000000000003,23.77,12.39,14.1,26.5,33.61,17.28,,,,,,,,,,,,,,,256.0,0.259,41.0,16.02,23.0,8.98,0.755,0.172,20.18,9.3,18.51,27.81,24.49,14.04,477.0,0.278,72.0,15.09,33.0,6.92,0.8089999999999999,0.1979999999999999,18.82,8.97,15.75,24.71,24.01,15.86
746542,2024-06-19,2024,500743,R,596295,L,field_out,False,False,62.0,0.281,3.0,4.84,5.0,8.06,0.813,0.19299999999999995,12.04,5.56,14.1,19.66,25.41,4.62,145.0,0.286,12.0,8.28,8.0,5.52,0.7370000000000001,0.12,9.75,4.67,17.48,22.15,29.46,10.08,256.0,0.259,41.0,16.02,23.0,8.98,0.755,0.172,20.18,9.3,18.51,27.81,24.49,14.04,477.0,0.278,72.0,15.09,33.0,6.92,0.8089999999999999,0.1979999999999999,18.82,8.97,15.75,24.71,24.01,15.86
746542,2024-06-19,2024,676701,R,621111,R,field_out,False,False,37.0,0.171,8.0,21.62,1.0,2.7,0.365,0.0,24.32,13.95,13.95,27.91,37.88,18.6,122.0,0.257,24.0,19.67,7.0,5.74,0.6950000000000001,0.132,20.9,11.11,14.38,25.49,35.06,16.55,84.0,0.253,13.0,15.48,7.0,8.33,0.8280000000000001,0.254,15.38,6.62,18.54,25.17,20.26,18.84,,,,,,,,,,,,,,
746542,2024-06-19,2024,660707,R,621111,R,field_out,False,False,174.0,0.223,39.0,22.41,14.0,8.05,0.6459999999999999,0.13999999999999999,29.53,15.91,13.39,29.29,36.31,21.43,196.0,0.249,69.0,35.2,12.0,6.12,0.729,0.1689999999999999,41.45,21.48,15.97,37.45,41.94,28.28,84.0,0.253,13.0,15.48,7.0,8.33,0.8280000000000001,0.254,15.38,6.62,18.54,25.17,20.26,18.84,,,,,,,,,,,,,,
746542,2024-06-19,2024,686668,R,621111,R,home_run,False,False,218.0,0.278,61.0,27.98,19.0,8.72,0.772,0.14999999999999997,30.83,15.08,15.72,30.8,28.61,26.41,299.0,0.207,98.0,32.78,17.0,5.69,0.597,0.131,34.17,17.56,14.33,31.89,31.96,31.51,84.0,0.253,13.0,15.48,7.0,8.33,0.8280000000000001,0.254,15.38,6.62,18.54,25.17,20.26,18.84,,,,,,,,,,,,,,
746542,2024-06-19,2024,678662,R,621111,R,field_out,False,False,232.0,0.297,59.0,25.43,6.0,2.59,0.8180000000000001,0.201,33.08,20.96,9.82,30.78,47.0,21.85,438.0,0.256,109.0,24.89,17.0,3.88,0.69,0.143,29.47,17.51,10.44,27.95,41.11,20.49,84.0,0.253,13.0,15.48,7.0,8.33,0.8280000000000001,0.254,15.38,6.62,18.54,25.17,20.26,18.84,,,,,,,,,,,,,,
746542,2024-06-19,2024,571771,R,596295,L,field_out,False,False,71.0,0.234,12.0,16.9,6.0,8.45,0.6910000000000001,0.157,18.58,7.98,20.53,28.52,24.06,18.18,162.0,0.239,19.0,11.73,14.0,8.64,0.642,0.099,14.84,6.54,19.31,25.86,25.95,10.67,256.0,0.259,41.0,16.02,23.0,8.98,0.755,0.172,20.18,9.3,18.51,27.81,24.49,14.04,477.0,0.278,72.0,15.09,33.0,6.92,0.8089999999999999,0.1979999999999999,18.82,8.97,15.75,24.71,24.01,15.86
746542,2024-06-19,2024,678246,R,596295,L,single,False,False,12.0,0.5,2.0,16.67,2.0,16.67,1.583,0.5,14.29,5.88,19.61,25.49,14.81,12.5,93.0,0.171,14.0,15.05,14.0,15.05,0.696,0.224,21.34,9.0,16.97,25.96,17.01,13.33,256.0,0.259,41.0,16.02,23.0,8.98,0.755,0.172,20.18,9.3,18.51,27.81,24.49,14.04,477.0,0.278,72.0,15.09,33.0,6.92,0.8089999999999999,0.1979999999999999,18.82,8.97,15.75,24.71,24.01,15.86
746542,2024-06-19,2024,621035,R,596295,L,grounded_into_double_play,False,False,47.0,0.158,18.0,38.3,7.0,14.89,0.572,0.13099999999999998,39.0,19.12,9.31,28.43,19.79,26.47,162.0,0.21,59.0,36.42,19.0,11.73,0.7949999999999999,0.268,39.5,18.23,13.46,31.69,20.29,25.54,256.0,0.259,41.0,16.02,23.0,8.98,0.755,0.172,20.18,9.3,18.51,27.81,24.49,14.04,477.0,0.278,72.0,15.09,33.0,6.92,0.8089999999999999,0.1979999999999999,18.82,8.97,15.75,24.71,24.01,15.86
746542,2024-06-19,2024,641857,L,607455,L,double,False,False,94.0,0.321,26.0,27.66,11.0,11.7,0.94,0.21000000000000002,28.02,12.78,16.04,28.82,26.13,21.85,178.0,0.191,57.0,32.02,16.0,8.99,0.573,0.118,35.23,16.38,16.64,33.03,25.79,24.15,22.0,0.211,7.0,31.82,2.0,9.09,0.5489999999999999,0.05200000000000002,32.43,13.95,17.44,31.4,23.81,31.82,14.0,0.417,3.0,21.43,1.0,7.14,1.167,0.25,22.86,11.76,16.18,27.94,33.33,11.54
746542,2024-06-19,2024,669911,R,607455,L,strikeout,True,False,29.0,0.111,11.0,37.93,2.0,6.9,0.505,0.22200000000000003,24.53,11.21,20.69,31.9,21.67,28.95,48.0,0.109,21.0,43.75,2.0,4.17,0.255,0.0,48.35,23.53,13.9,37.43,32.11,36.21,38.0,0.194,7.0,18.42,5.0,13.16,0.5469999999999999,0.064,19.7,8.9,13.01,21.92,21.43,23.33,21.0,0.25,3.0,14.29,4.0,19.05,0.631,0.0,20.83,10.75,12.9,23.66,31.82,8.82
746542,2024-06-19,2024,666134,L,607455,L,walk,False,True,35.0,0.233,12.0,34.29,5.0,14.29,0.6100000000000001,0.034,21.43,7.89,28.29,36.18,23.88,22.64,130.0,0.314,34.0,26.15,12.0,9.23,0.902,0.211,27.7,10.95,22.63,33.58,26.4,21.79,22.0,0.211,7.0,31.82,2.0,9.09,0.5489999999999999,0.05200000000000002,32.43,13.95,17.44,31.4,23.81,31.82,14.0,0.417,3.0,21.43,1.0,7.14,1.167,0.25,22.86,11.76,16.18,27.94,33.33,11.54
746542,2024-06-19,2024,696100,R,607455,L,field_out,False,False,27.0,0.269,6.0,22.22,0.0,0.0,1.027,0.46199999999999997,18.87,9.9,15.84,25.74,35.19,18.75,13.0,0.231,6.0,46.15,0.0,0.0,0.846,0.384,35.71,18.87,18.87,37.74,36.0,30.0,38.0,0.194,7.0,18.42,5.0,13.16,0.5469999999999999,0.064,19.7,8.9,13.01,21.92,21.43,23.33,21.0,0.25,3.0,14.29,4.0,19.05,0.631,0.0,20.83,10.75,12.9,23.66,31.82,8.82
746542,2024-06-19,2024,595909,L,607455,L,field_out,False,False,15.0,0.133,5.0,33.33,0.0,0.0,0.266,0.0,34.48,19.61,13.73,33.33,41.67,38.46,33.0,0.138,11.0,33.33,3.0,9.09,0.391,0.0339999999999999,28.79,14.39,18.94,33.33,34.48,22.92,22.0,0.211,7.0,31.82,2.0,9.09,0.5489999999999999,0.05200000000000002,32.43,13.95,17.44,31.4,23.81,31.82,14.0,0.417,3.0,21.43,1.0,7.14,1.167,0.25,22.86,11.76,16.18,27.94,33.33,11.54
746542,2024-06-19,2024,660271,L,596295,L,home_run,False,False,108.0,0.3,23.0,21.3,7.0,6.48,0.803,0.16000000000000003,26.15,11.92,17.29,29.21,25.24,19.01,170.0,0.245,44.0,25.88,27.0,15.88,0.897,0.287,30.62,13.88,13.59,27.47,31.74,23.04,63.0,0.246,11.0,17.46,1.0,1.59,0.795,0.29500000000000004,20.0,9.68,17.74,27.42,28.45,14.29,127.0,0.372,15.0,11.81,10.0,7.87,1.074,0.283,20.3,9.37,18.74,28.1,25.25,15.0
746542,2024-06-19,2024,669257,R,596295,L,field_out,False,False,76.0,0.359,9.0,11.84,11.0,14.47,1.119,0.31300000000000006,18.9,8.25,14.78,23.02,25.35,12.16,147.0,0.24,22.0,14.97,21.0,14.29,0.8,0.206,20.0,8.97,15.38,24.36,26.59,11.52,256.0,0.259,41.0,16.02,23.0,8.98,0.755,0.172,20.18,9.3,18.51,27.81,24.49,14.04,477.0,0.278,72.0,15.09,33.0,6.92,0.8089999999999999,0.1979999999999999,18.82,8.97,15.75,24.71,24.01,15.86
746542,2024-06-19,2024,518692,L,596295,L,field_out,False,False,118.0,0.22,18.0,15.25,11.0,9.32,0.656,0.12000000000000002,21.21,11.32,12.24,23.56,32.72,12.77,218.0,0.335,40.0,18.35,15.0,6.88,1.008,0.2739999999999999,21.54,11.31,11.07,22.38,26.41,16.0,63.0,0.246,11.0,17.46,1.0,1.59,0.795,0.29500000000000004,20.0,9.68,17.74,27.42,28.45,14.29,127.0,0.372,15.0,11.81,10.0,7.87,1.074,0.283,20.3,9.37,18.74,28.1,25.25,15.0
746542,2024-06-19,2024,606192,R,596295,L,field_out,False,False,83.0,0.253,22.0,26.51,4.0,4.82,0.8839999999999999,0.34199999999999997,29.01,15.51,10.56,26.07,28.17,30.14,151.0,0.287,47.0,31.13,5.0,3.31,0.817,0.223,31.76,17.57,12.52,30.09,36.59,25.41,256.0,0.259,41.0,16.02,23.0,8.98,0.755,0.172,20.18,9.3,18.51,27.81,24.49,14.04,477.0,0.278,72.0,15.09,33.0,6.92,0.8089999999999999,0.1979999999999999,18.82,8.97,15.75,24.71,24.01,15.86
746542,2024-06-19,2024,676701,R,670990,R,walk,False,True,37.0,0.171,8.0,21.62,1.0,2.7,0.365,0.0,24.32,13.95,13.95,27.91,37.88,18.6,122.0,0.257,24.0,19.67,7.0,5.74,0.6950000000000001,0.132,20.9,11.11,14.38,25.49,35.06,16.55,80.0,0.265,12.0,15.0,6.0,7.5,0.759,0.132,19.83,8.14,20.68,28.81,24.11,16.67,102.0,0.233,23.0,22.55,9.0,8.82,0.6220000000000001,0.046,21.23,8.86,20.05,28.9,26.96,16.08
746542,2024-06-19,2024,660707,R,670990,R,single,False,False,174.0,0.223,39.0,22.41,14.0,8.05,0.6459999999999999,0.13999999999999999,29.53,15.91,13.39,29.29,36.31,21.43,196.0,0.249,69.0,35.2,12.0,6.12,0.729,0.1689999999999999,41.45,21.48,15.97,37.45,41.94,28.28,80.0,0.265,12.0,15.0,6.0,7.5,0.759,0.132,19.83,8.14,20.68,28.81,24.11,16.67,102.0,0.233,23.0,22.55,9.0,8.82,0.6220000000000001,0.046,21.23,8.86,20.05,28.9,26.96,16.08
746542,2024-06-19,2024,686668,R,670990,R,single,False,False,218.0,0.278,61.0,27.98,19.0,8.72,0.772,0.14999999999999997,30.83,15.08,15.72,30.8,28.61,26.41,299.0,0.207,98.0,32.78,17.0,5.69,0.597,0.131,34.17,17.56,14.33,31.89,31.96,31.51,80.0,0.265,12.0,15.0,6.0,7.5,0.759,0.132,19.83,8.14,20.68,28.81,24.11,16.67,102.0,0.233,23.0,22.55,9.0,8.82,0.6220000000000001,0.046,21.23,8.86,20.05,28.9,26.96,16.08
746542,2024-06-19,2024,678662,R,670990,R,field_out,False,False,232.0,0.297,59.0,25.43,6.0,2.59,0.8180000000000001,0.201,33.08,20.96,9.82,30.78,47.0,21.85,438.0,0.256,109.0,24.89,17.0,3.88,0.69,0.143,29.47,17.51,10.44,27.95,41.11,20.49,80.0,0.265,12.0,15.0,6.0,7.5,0.759,0.132,19.83,8.14,20.68,28.81,24.11,16.67,102.0,0.233,23.0,22.55,9.0,8.82,0.6220000000000001,0.046,21.23,8.86,20.05,28.9,26.96,16.08
746542,2024-06-19,2024,641857,L,670990,R,strikeout,True,False,214.0,0.245,59.0,27.57,21.0,9.81,0.754,0.191,27.4,13.17,15.48,28.65,27.08,19.34,449.0,0.26,141.0,31.4,52.0,11.58,0.826,0.2209999999999999,31.26,14.84,14.94,29.79,25.26,20.41,49.0,0.167,16.0,32.65,5.0,10.2,0.524,0.07099999999999998,33.77,13.47,18.13,31.61,23.08,32.65,74.0,0.311,12.0,16.22,8.0,10.81,0.907,0.1639999999999999,19.44,7.24,20.0,27.24,18.59,17.14
746542,2024-06-19,2024,669911,L,670990,R,strikeout,True,False,68.0,0.206,24.0,35.29,3.0,4.41,0.647,0.19100000000000003,31.25,15.2,16.22,31.42,32.73,22.64,104.0,0.189,29.0,27.88,8.0,7.69,0.628,0.179,34.34,17.26,14.21,31.47,29.0,25.0,49.0,0.167,16.0,32.65,5.0,10.2,0.524,0.07099999999999998,33.77,13.47,18.13,31.61,23.08,32.65,74.0,0.311,12.0,16.22,8.0,10.81,0.907,0.1639999999999999,19.44,7.24,20.0,27.24,18.59,17.14
746542,2024-06-19,2024,681624,R,596295,L,strikeout,True,False,54.0,0.36,14.0,25.93,3.0,5.56,0.909,0.16000000000000003,23.77,12.39,14.1,26.5,33.61,17.28,,,,,,,,,,,,,,,256.0,0.259,41.0,16.02,23.0,8.98,0.755,0.172,20.18,9.3,18.51,27.81,24.49,14.04,477.0,0.278,72.0,15.09,33.0,6.92,0.8089999999999999,0.1979999999999999,18.82,8.97,15.75,24.71,24.01,15.86
746542,2024-06-19,2024,500743,R,596295,L,strikeout,True,False,62.0,0.281,3.0,4.84,5.0,8.06,0.813,0.19299999999999995,12.04,5.56,14.1,19.66,25.41,4.62,145.0,0.286,12.0,8.28,8.0,5.52,0.7370000000000001,0.12,9.75,4.67,17.48,22.15,29.46,10.08,256.0,0.259,41.0,16.02,23.0,8.98,0.755,0.172,20.18,9.3,18.51,27.81,24.49,14.04,477.0,0.278,72.0,15.09,33.0,6.92,0.8089999999999999,0.1979999999999999,18.82,8.97,15.75,24.71,24.01,15.86
746542,2024-06-19,2024,571771,R,596295,L,walk,False,True,71.0,0.234,12.0,16.9,6.0,8.45,0.6910000000000001,0.157,18.58,7.98,20.53,28.52,24.06,18.18,162.0,0.239,19.0,11.73,14.0,8.64,0.642,0.099,14.84,6.54,19.31,25.86,25.95,10.67,256.0,0.259,41.0,16.02,23.0,8.98,0.755,0.172,20.18,9.3,18.51,27.81,24.49,14.04,477.0,0.278,72.0,15.09,33.0,6.92,0.8089999999999999,0.1979999999999999,18.82,8.97,15.75,24.71,24.01,15.86
746542,2024-06-19,2024,678246,R,596295,L,double,False,False,12.0,0.5,2.0,16.67,2.0,16.67,1.583,0.5,14.29,5.88,19.61,25.49,14.81,12.5,93.0,0.171,14.0,15.05,14.0,15.05,0.696,0.224,21.34,9.0,16.97,25.96,17.01,13.33,256.0,0.259,41.0,16.02,23.0,8.98,0.755,0.172,20.18,9.3,18.51,27.81,24.49,14.04,477.0,0.278,72.0,15.09,33.0,6.92,0.8089999999999999,0.1979999999999999,18.82,8.97,15.75,24.71,24.01,15.86
746542,2024-06-19,2024,621035,R,656222,L,walk,False,True,47.0,0.158,18.0,38.3,7.0,14.89,0.572,0.13099999999999998,39.0,19.12,9.31,28.43,19.79,26.47,162.0,0.21,59.0,36.42,19.0,11.73,0.7949999999999999,0.268,39.5,18.23,13.46,31.69,20.29,25.54,101.0,0.225,17.0,16.83,10.0,9.9,0.6599999999999999,0.13499999999999998,21.47,10.17,12.9,23.08,24.51,15.74,130.0,0.243,27.0,20.77,12.0,9.23,0.7090000000000001,0.148,29.39,14.08,15.55,29.62,28.21,22.31
746542,2024-06-19,2024,660271,L,656222,L,field_out,False,False,108.0,0.3,23.0,21.3,7.0,6.48,0.803,0.16000000000000003,26.15,11.92,17.29,29.21,25.24,19.01,170.0,0.245,44.0,25.88,27.0,15.88,0.897,0.287,30.62,13.88,13.59,27.47,31.74,23.04,45.0,0.184,10.0,22.22,6.0,13.33,0.5740000000000001,0.07900000000000001,29.89,13.33,11.28,24.62,22.22,21.74,62.0,0.269,20.0,32.26,9.0,14.52,0.736,0.0959999999999999,34.23,14.84,15.62,30.47,25.0,25.0
746542,2024-06-19,2024,666134,L,656848,R,walk,False,True,90.0,0.182,27.0,30.0,12.0,13.33,0.588,0.11699999999999999,28.66,11.0,22.74,33.74,22.33,18.0,294.0,0.289,92.0,31.29,41.0,13.95,0.945,0.261,33.58,14.12,18.56,32.68,25.97,22.72,2.0,,0.0,0.0,1.0,50.0,,,40.0,20.0,10.0,30.0,33.33,0.0,,,,,,,,,,,,,,
746542,2024-06-19,2024,696100,R,656848,R,single,False,False,59.0,0.164,18.0,30.51,3.0,5.08,0.529,0.145,35.77,20.28,11.52,31.8,35.45,29.51,64.0,0.193,18.0,28.12,5.0,7.81,0.583,0.14,38.6,18.26,16.18,34.44,35.56,28.57,5.0,0.2,2.0,40.0,0.0,0.0,0.4,0.0,45.45,25.0,10.0,35.0,30.0,28.57,,,,,,,,,,,,,,
746542,2024-06-19,2024,595909,L,656848,R,sac_fly,False,False,114.0,0.265,28.0,24.56,10.0,8.77,0.688,0.09799999999999998,22.22,11.46,14.23,25.69,32.19,17.61,171.0,0.226,44.0,25.73,12.0,7.02,0.663,0.155,26.67,12.9,15.25,28.15,29.13,19.91,2.0,,0.0,0.0,1.0,50.0,,,40.0,20.0,10.0,30.0,33.33,0.0,,,,,,,,,,,,,,
746542,2024-06-19,2024,676701,R,656848,R,field_out,False,False,37.0,0.171,8.0,21.62,1.0,2.7,0.365,0.0,24.32,13.95,13.95,27.91,37.88,18.6,122.0,0.257,24.0,19.67,7.0,5.74,0.6950000000000001,0.132,20.9,11.11,14.38,25.49,35.06,16.55,5.0,0.2,2.0,40.0,0.0,0.0,0.4,0.0,45.45,25.0,10.0,35.0,30.0,28.57,,,,,,,,,,,,,,
746542,2024-06-19,2024,669257,R,656222,L,walk,False,True,76.0,0.359,9.0,11.84,11.0,14.47,1.119,0.31300000000000006,18.9,8.25,14.78,23.02,25.35,12.16,147.0,0.24,22.0,14.97,21.0,14.29,0.8,0.206,20.0,8.97,15.38,24.36,26.59,11.52,101.0,0.225,17.0,16.83,10.0,9.9,0.6599999999999999,0.13499999999999998,21.47,10.17,12.9,23.08,24.51,15.74,130.0,0.243,27.0,20.77,12.0,9.23,0.7090000000000001,0.148,29.39,14.08,15.55,29.62,28.21,22.31
746542,2024-06-19,2024,518692,L,656222,L,force_out,False,False,118.0,0.22,18.0,15.25,11.0,9.32,0.656,0.12000000000000002,21.21,11.32,12.24,23.56,32.72,12.77,218.0,0.335,40.0,18.35,15.0,6.88,1.008,0.2739999999999999,21.54,11.31,11.07,22.38,26.41,16.0,45.0,0.184,10.0,22.22,6.0,13.33,0.5740000000000001,0.07900000000000001,29.89,13.33,11.28,24.62,22.22,21.74,62.0,0.269,20.0,32.26,9.0,14.52,0.736,0.0959999999999999,34.23,14.84,15.62,30.47,25.0,25.0
746542,2024-06-19,2024,606192,R,656222,L,grounded_into_double_play,False,False,83.0,0.253,22.0,26.51,4.0,4.82,0.8839999999999999,0.34199999999999997,29.01,15.51,10.56,26.07,28.17,30.14,151.0,0.287,47.0,31.13,5.0,3.31,0.817,0.223,31.76,17.57,12.52,30.09,36.59,25.41,101.0,0.225,17.0,16.83,10.0,9.9,0.6599999999999999,0.13499999999999998,21.47,10.17,12.9,23.08,24.51,15.74,130.0,0.243,27.0,20.77,12.0,9.23,0.7090000000000001,0.148,29.39,14.08,15.55,29.62,28.21,22.31
746542,2024-06-19,2024,660707,R,656848,R,strikeout,True,False,174.0,0.223,39.0,22.41,14.0,8.05,0.6459999999999999,0.13999999999999999,29.53,15.91,13.39,29.29,36.31,21.43,196.0,0.249,69.0,35.2,12.0,6.12,0.729,0.1689999999999999,41.45,21.48,15.97,37.45,41.94,28.28,5.0,0.2,2.0,40.0,0.0,0.0,0.4,0.0,45.45,25.0,10.0,35.0,30.0,28.57,,,,,,,,,,,,,,
746542,2024-06-19,2024,686668,R,656848,R,strikeout,True,False,218.0,0.278,61.0,27.98,19.0,8.72,0.772,0.14999999999999997,30.83,15.08,15.72,30.8,28.61,26.41,299.0,0.207,98.0,32.78,17.0,5.69,0.597,0.131,34.17,17.56,14.33,31.89,31.96,31.51,5.0,0.2,2.0,40.0,0.0,0.0,0.4,0.0,45.45,25.0,10.0,35.0,30.0,28.57,,,,,,,,,,,,,,
746542,2024-06-19,2024,678662,R,656848,R,field_out,False,False,232.0,0.297,59.0,25.43,6.0,2.59,0.8180000000000001,0.201,33.08,20.96,9.82,30.78,47.0,21.85,438.0,0.256,109.0,24.89,17.0,3.88,0.69,0.143,29.47,17.51,10.44,27.95,41.11,20.49,5.0,0.2,2.0,40.0,0.0,0.0,0.4,0.0,45.45,25.0,10.0,35.0,30.0,28.57,,,,,,,,,,,,,,
746542,2024-06-19,2024,681624,R,641755,R,walk,False,True,170.0,0.23,46.0,27.06,10.0,5.88,0.6910000000000001,0.165,27.65,14.89,12.63,27.52,32.12,20.09,,,,,,,,,,,,,,,75.0,0.266,18.0,24.0,10.0,13.33,0.813,0.187,33.33,16.78,12.83,29.61,29.03,18.56,46.0,0.326,11.0,23.91,2.0,4.35,0.883,0.209,22.68,11.76,15.51,27.27,28.41,16.18
746542,2024-06-19,2024,500743,R,641755,R,single,False,False,63.0,0.3,8.0,12.7,3.0,4.76,0.766,0.133,13.27,5.99,19.82,25.81,26.73,14.81,279.0,0.21,36.0,12.9,18.0,6.45,0.546,0.068,19.79,9.92,16.53,26.45,34.53,12.9,75.0,0.266,18.0,24.0,10.0,13.33,0.813,0.187,33.33,16.78,12.83,29.61,29.03,18.56,46.0,0.326,11.0,23.91,2.0,4.35,0.883,0.209,22.68,11.76,15.51,27.27,28.41,16.18
746542,2024-06-19,2024,571771,R,641755,R,strikeout,True,False,89.0,0.173,21.0,23.6,8.0,8.99,0.482,0.062,27.17,14.08,14.93,29.01,26.79,19.09,347.0,0.235,78.0,22.48,20.0,5.76,0.647,0.13,27.56,13.17,16.85,30.02,28.91,20.8,75.0,0.266,18.0,24.0,10.0,13.33,0.813,0.187,33.33,16.78,12.83,29.61,29.03,18.56,46.0,0.326,11.0,23.91,2.0,4.35,0.883,0.209,22.68,11.76,15.51,27.27,28.41,16.18
746542,2024-06-19,2024,678246,R,641755,R,walk,False,True,15.0,0.154,3.0,20.0,1.0,6.67,0.508,0.154,10.0,4.69,17.19,21.88,17.86,13.04,211.0,0.206,47.0,22.27,24.0,11.37,0.6619999999999999,0.15,22.7,10.21,16.28,26.49,22.52,19.5,75.0,0.266,18.0,24.0,10.0,13.33,0.813,0.187,33.33,16.78,12.83,29.61,29.03,18.56,46.0,0.326,11.0,23.91,2.0,4.35,0.883,0.209,22.68,11.76,15.51,27.27,28.41,16.18
746542,2024-06-19,2024,518792,L,641755,R,home_run,False,False,82.0,0.229,15.0,18.29,9.0,10.98,0.798,0.228,25.15,12.32,13.78,26.1,28.81,14.56,349.0,0.276,57.0,16.33,32.0,9.17,0.818,0.1949999999999999,20.45,9.51,16.77,26.27,27.56,15.45,60.0,0.377,14.0,23.33,7.0,11.67,1.242,0.41500000000000004,29.37,14.34,12.79,27.13,25.71,18.18,30.0,0.304,6.0,20.0,4.0,13.33,0.8919999999999999,0.174,23.53,10.81,12.61,23.42,20.34,22.22
746542,2024-06-19,2024,660271,L,680767,R,single,False,False,208.0,0.326,41.0,19.71,26.0,12.5,1.125,0.38199999999999995,29.38,14.17,13.21,27.38,29.74,17.23,429.0,0.327,99.0,23.08,64.0,14.92,1.132,0.3739999999999999,32.88,15.48,11.59,27.07,28.86,20.75,79.0,0.214,8.0,10.13,9.0,11.39,0.59,0.07199999999999998,17.99,8.04,14.79,22.83,20.65,8.6,17.0,0.412,5.0,29.41,0.0,0.0,0.941,0.117,16.22,8.33,11.11,19.44,26.32,17.86
746542,2024-06-19,2024,669257,R,680767,R,strikeout,True,False,184.0,0.232,32.0,17.39,12.0,6.52,0.6839999999999999,0.164,19.16,9.44,15.27,24.71,28.16,12.85,407.0,0.268,67.0,16.46,42.0,10.32,0.7949999999999999,0.1659999999999999,19.27,8.8,16.84,25.64,24.5,12.79,98.0,0.337,25.0,25.51,9.0,9.18,0.904,0.16899999999999998,22.68,10.19,16.44,26.62,24.65,16.13,27.0,0.333,7.0,25.93,3.0,11.11,0.782,0.0419999999999999,26.42,12.28,14.91,27.19,20.75,19.44
746542,2024-06-19,2024,518692,L,680767,R,intent_walk,False,True,202.0,0.349,31.0,15.35,32.0,15.84,1.057,0.253,19.42,8.93,11.46,20.39,22.76,13.14,514.0,0.33,81.0,15.76,57.0,11.09,0.962,0.218,19.83,9.77,11.31,21.08,27.01,16.63,79.0,0.214,8.0,10.13,9.0,11.39,0.59,0.07199999999999998,17.99,8.04,14.79,22.83,20.65,8.6,17.0,0.412,5.0,29.41,0.0,0.0,0.941,0.117,16.22,8.33,11.11,19.44,26.32,17.86
746542,2024-06-19,2024,606192,R,680767,R,home_run,False,False,224.0,0.261,64.0,28.57,21.0,9.38,0.823,0.22099999999999997,34.45,17.9,12.58,30.48,29.92,20.45,529.0,0.249,164.0,31.0,33.0,6.24,0.718,0.1639999999999999,36.92,19.57,14.44,34.01,34.81,23.06,98.0,0.337,25.0,25.51,9.0,9.18,0.904,0.16899999999999998,22.68,10.19,16.44,26.62,24.65,16.13,27.0,0.333,7.0,25.93,3.0,11.11,0.782,0.0419999999999999,26.42,12.28,14.91,27.19,20.75,19.44
746542,2024-06-19,2024,681624,R,680767,R,field_out,False,False,170.0,0.23,46.0,27.06,10.0,5.88,0.6910000000000001,0.165,27.65,14.89,12.63,27.52,32.12,20.09,,,,,,,,,,,,,,,98.0,0.337,25.0,25.51,9.0,9.18,0.904,0.16899999999999998,22.68,10.19,16.44,26.62,24.65,16.13,27.0,0.333,7.0,25.93,3.0,11.11,0.782,0.0419999999999999,26.42,12.28,14.91,27.19,20.75,19.44
746542,2024-06-19,2024,641857,L,681911,L,field_out,False,False,94.0,0.321,26.0,27.66,11.0,11.7,0.94,0.21000000000000002,28.02,12.78,16.04,28.82,26.13,21.85,178.0,0.191,57.0,32.02,16.0,8.99,0.573,0.118,35.23,16.38,16.64,33.03,25.79,24.15,43.0,0.105,9.0,20.93,3.0,6.98,0.374,0.079,24.68,11.8,15.53,27.33,25.0,16.07,93.0,0.279,31.0,33.33,6.0,6.45,0.7170000000000001,0.1049999999999999,35.26,18.31,12.57,30.87,30.39,26.27
746542,2024-06-19,2024,669911,R,681911,L,field_out,False,False,29.0,0.111,11.0,37.93,2.0,6.9,0.505,0.22200000000000003,24.53,11.21,20.69,31.9,21.67,28.95,48.0,0.109,21.0,43.75,2.0,4.17,0.255,0.0,48.35,23.53,13.9,37.43,32.11,36.21,75.0,0.098,31.0,41.33,12.0,16.0,0.45599999999999996,0.11499999999999999,36.31,17.43,14.37,31.8,30.54,31.0,124.0,0.25,33.0,26.61,11.0,8.87,0.761,0.188,26.34,12.8,14.4,27.2,26.36,20.75
746542,2024-06-19,2024,666134,L,681911,L,walk,False,True,35.0,0.233,12.0,34.29,5.0,14.29,0.6100000000000001,0.034,21.43,7.89,28.29,36.18,23.88,22.64,130.0,0.314,34.0,26.15,12.0,9.23,0.902,0.211,27.7,10.95,22.63,33.58,26.4,21.79,43.0,0.105,9.0,20.93,3.0,6.98,0.374,0.079,24.68,11.8,15.53,27.33,25.0,16.07,93.0,0.279,31.0,33.33,6.0,6.45,0.7170000000000001,0.1049999999999999,35.26,18.31,12.57,30.87,30.39,26.27
746542,2024-06-19,2024,696100,R,623465,R,strikeout,True,False,59.0,0.164,18.0,30.51,3.0,5.08,0.529,0.145,35.77,20.28,11.52,31.8,35.45,29.51,64.0,0.193,18.0,28.12,5.0,7.81,0.583,0.14,38.6,18.26,16.18,34.44,35.56,28.57,36.0,0.143,13.0,36.11,1.0,2.78,0.31,0.0,36.62,19.26,21.48,40.74,36.36,30.77,117.0,0.131,41.0,35.04,6.0,5.13,0.406,0.0839999999999999,38.6,17.93,20.95,38.88,34.27,31.3
745164,2024-06-20,2024,689172,L,669467,R,field_out,False,False,65.0,0.23,14.0,21.54,3.0,4.62,0.573,0.08099999999999999,20.17,9.8,18.78,28.57,34.75,18.42,106.0,0.155,30.0,28.3,8.0,7.55,0.4639999999999999,0.092,28.32,14.65,14.19,28.83,32.6,19.86,66.0,0.197,15.0,22.73,5.0,7.58,0.471,0.015999999999999986,23.97,11.55,16.73,28.29,29.03,20.83,168.0,0.234,22.0,13.1,12.0,7.14,0.694,0.162,16.39,7.94,14.44,22.38,26.07,12.43
745164,2024-06-20,2024,671218,R,669467,R,strikeout,True,False,118.0,0.282,38.0,32.2,8.0,6.78,0.749,0.136,33.02,15.24,16.52,31.76,27.82,28.57,14.0,0.154,4.0,28.57,1.0,7.14,0.368,0.0,30.43,14.58,18.75,33.33,26.09,50.0,56.0,0.396,6.0,10.71,7.0,12.5,1.044,0.16600000000000004,15.62,6.67,16.44,23.11,25.6,9.38,135.0,0.357,21.0,15.56,18.0,13.33,0.882,0.081,20.85,8.63,16.27,24.9,16.8,16.41
745164,2024-06-20,2024,672275,L,669467,R,single,False,False,150.0,0.289,26.0,17.33,18.0,12.0,0.8220000000000001,0.16400000000000003,20.77,9.74,13.86,23.6,25.33,15.85,240.0,0.203,70.0,29.17,13.0,5.42,0.5569999999999999,0.0989999999999999,26.61,12.88,17.55,30.43,28.93,23.81,66.0,0.197,15.0,22.73,5.0,7.58,0.471,0.015999999999999986,23.97,11.55,16.73,28.29,29.03,20.83,168.0,0.234,22.0,13.1,12.0,7.14,0.694,0.162,16.39,7.94,14.44,22.38,26.07,12.43
745164,2024-06-20,2024,656305,R,669467,R,field_out,False,False,227.0,0.191,59.0,25.99,20.0,8.81,0.5920000000000001,0.128,27.04,12.29,19.39,31.67,25.95,19.6,471.0,0.223,139.0,29.51,52.0,11.04,0.722,0.179,31.15,13.33,17.79,31.11,18.61,21.72,56.0,0.396,6.0,10.71,7.0,12.5,1.044,0.16600000000000004,15.62,6.67,16.44,23.11,25.6,9.38,135.0,0.357,21.0,15.56,18.0,13.33,0.882,0.081,20.85,8.63,16.27,24.9,16.8,16.41
745164,2024-06-20,2024,691026,R,676775,R,walk,False,True,161.0,0.312,26.0,16.15,11.0,6.83,0.741,0.07700000000000001,15.65,7.41,18.31,25.72,29.49,12.62,100.0,0.161,19.0,19.0,9.0,9.0,0.478,0.0799999999999999,21.56,9.11,22.03,31.14,24.87,14.88,122.0,0.296,21.0,17.21,8.0,6.56,0.892,0.23200000000000004,25.63,13.99,13.99,27.98,34.27,15.33,103.0,0.2,21.0,20.39,5.0,4.85,0.648,0.178,31.46,16.72,15.52,32.24,29.49,23.26
745164,2024-06-20,2024,676475,L,676775,R,single,False,False,168.0,0.294,26.0,15.48,7.0,4.17,0.796,0.175,19.76,11.26,12.1,23.36,35.23,15.76,318.0,0.243,39.0,12.26,21.0,6.6,0.698,0.156,17.66,9.16,14.01,23.17,33.05,13.13,103.0,0.211,25.0,24.27,11.0,10.68,0.694,0.18900000000000003,25.26,12.31,15.33,27.64,31.84,23.36,70.0,0.273,14.0,20.0,3.0,4.29,0.784,0.1969999999999999,29.63,15.44,14.67,30.12,35.38,19.44
745164,2024-06-20,2024,502671,R,676775,R,field_out,False,False,227.0,0.214,72.0,31.72,19.0,8.37,0.6419999999999999,0.145,29.22,13.9,18.64,32.54,30.47,20.0,518.0,0.259,120.0,23.17,67.0,12.93,0.8049999999999999,0.187,27.85,12.3,17.85,30.16,25.85,17.44,122.0,0.296,21.0,17.21,8.0,6.56,0.892,0.23200000000000004,25.63,13.99,13.99,27.98,34.27,15.33,103.0,0.2,21.0,20.39,5.0,4.85,0.648,0.178,31.46,16.72,15.52,32.24,29.49,23.26
745164,2024-06-20,2024,669357,L,676775,R,sac_fly,False,False,183.0,0.213,67.0,36.61,18.0,9.84,0.7609999999999999,0.257,39.78,19.52,14.84,34.36,30.03,27.13,378.0,0.231,124.0,32.8,42.0,11.11,0.7969999999999999,0.2459999999999999,35.96,17.73,12.12,29.85,28.13,25.15,103.0,0.211,25.0,24.27,11.0,10.68,0.694,0.18900000000000003,25.26,12.31,15.33,27.64,31.84,23.36,70.0,0.273,14.0,20.0,3.0,4.29,0.784,0.1969999999999999,29.63,15.44,14.67,30.12,35.38,19.44
745164,2024-06-20,2024,680977,L,676775,R,home_run,False,False,207.0,0.245,32.0,15.46,16.0,7.73,0.7150000000000001,0.14600000000000002,16.42,6.82,20.1,26.92,23.22,14.04,309.0,0.294,43.0,13.92,27.0,8.74,0.831,0.166,14.96,6.32,19.2,25.52,22.53,13.27,103.0,0.211,25.0,24.27,11.0,10.68,0.694,0.18900000000000003,25.26,12.31,15.33,27.64,31.84,23.36,70.0,0.273,14.0,20.0,3.0,4.29,0.784,0.1969999999999999,29.63,15.44,14.67,30.12,35.38,19.44
745164,2024-06-20,2024,572761,L,676775,R,field_out,False,False,66.0,0.22,19.0,28.79,6.0,9.09,0.6479999999999999,0.13599999999999998,29.66,13.11,17.98,31.09,21.77,25.68,220.0,0.167,64.0,29.09,38.0,17.27,0.616,0.1319999999999999,29.37,12.01,18.83,30.84,21.25,22.78,103.0,0.211,25.0,24.27,11.0,10.68,0.694,0.18900000000000003,25.26,12.31,15.33,27.64,31.84,23.36,70.0,0.273,14.0,20.0,3.0,4.29,0.784,0.1969999999999999,29.63,15.44,14.67,30.12,35.38,19.44
745164,2024-06-20,2024,624424,L,669467,R,field_out,False,False,157.0,0.208,37.0,23.57,13.0,8.28,0.656,0.17400000000000002,25.0,11.69,16.88,28.57,28.25,20.56,368.0,0.245,77.0,20.92,50.0,13.59,0.753,0.155,23.68,10.56,15.02,25.57,23.23,16.81,66.0,0.197,15.0,22.73,5.0,7.58,0.471,0.015999999999999986,23.97,11.55,16.73,28.29,29.03,20.83,168.0,0.234,22.0,13.1,12.0,7.14,0.694,0.162,16.39,7.94,14.44,22.38,26.07,12.43
745164,2024-06-20,2024,624585,R,669467,R,strikeout,True,False,179.0,0.217,39.0,21.79,18.0,10.06,0.6799999999999999,0.165,28.35,13.38,15.0,28.38,27.98,20.97,446.0,0.242,111.0,24.89,46.0,10.31,0.788,0.22,27.97,12.22,16.15,28.37,25.71,21.19,56.0,0.396,6.0,10.71,7.0,12.5,1.044,0.16600000000000004,15.62,6.67,16.44,23.11,25.6,9.38,135.0,0.357,21.0,15.56,18.0,13.33,0.882,0.081,20.85,8.63,16.27,24.9,16.8,16.41
745164,2024-06-20,2024,527038,R,669467,R,field_out,False,False,118.0,0.198,17.0,14.41,12.0,10.17,0.584,0.08899999999999997,15.53,6.46,23.23,29.7,28.08,11.18,273.0,0.271,35.0,12.82,27.0,9.89,0.849,0.2249999999999999,14.98,6.76,19.32,26.08,27.75,9.09,56.0,0.396,6.0,10.71,7.0,12.5,1.044,0.16600000000000004,15.62,6.67,16.44,23.11,25.6,9.38,135.0,0.357,21.0,15.56,18.0,13.33,0.882,0.081,20.85,8.63,16.27,24.9,16.8,16.41
745164,2024-06-20,2024,543063,L,676775,R,strikeout,True,False,41.0,0.222,11.0,26.83,5.0,12.2,0.6779999999999999,0.13899999999999998,33.33,16.27,13.86,30.12,25.58,20.75,251.0,0.188,58.0,23.11,24.0,9.56,0.583,0.119,28.57,14.75,12.56,27.31,30.55,19.8,103.0,0.211,25.0,24.27,11.0,10.68,0.694,0.18900000000000003,25.26,12.31,15.33,27.64,31.84,23.36,70.0,0.273,14.0,20.0,3.0,4.29,0.784,0.1969999999999999,29.63,15.44,14.67,30.12,35.38,19.44
745164,2024-06-20,2024,686780,R,676775,R,field_out,False,False,34.0,0.107,12.0,35.29,5.0,14.71,0.556,0.21400000000000002,22.54,11.03,18.62,29.66,34.21,25.0,,,,,,,,,,,,,,,122.0,0.296,21.0,17.21,8.0,6.56,0.892,0.23200000000000004,25.63,13.99,13.99,27.98,34.27,15.33,103.0,0.2,21.0,20.39,5.0,4.85,0.648,0.178,31.46,16.72,15.52,32.24,29.49,23.26
745164,2024-06-20,2024,672279,L,676775,R,field_out,False,False,106.0,0.26,27.0,25.47,5.0,4.72,0.6379999999999999,0.08399999999999996,28.87,14.29,18.37,32.65,29.31,23.68,3.0,0.0,1.0,33.33,0.0,0.0,0.0,0.0,40.0,14.29,21.43,35.71,0.0,50.0,103.0,0.211,25.0,24.27,11.0,10.68,0.694,0.18900000000000003,25.26,12.31,15.33,27.64,31.84,23.36,70.0,0.273,14.0,20.0,3.0,4.29,0.784,0.1969999999999999,29.63,15.44,14.67,30.12,35.38,19.44
745164,2024-06-20,2024,573262,L,669467,R,single,False,False,180.0,0.216,51.0,28.33,16.0,8.89,0.707,0.204,25.7,10.52,18.88,29.4,18.75,22.17,296.0,0.243,75.0,25.34,40.0,13.51,0.831,0.235,23.69,9.65,18.67,28.32,20.68,19.69,66.0,0.197,15.0,22.73,5.0,7.58,0.471,0.015999999999999986,23.97,11.55,16.73,28.29,29.03,20.83,168.0,0.234,22.0,13.1,12.0,7.14,0.694,0.162,16.39,7.94,14.44,22.38,26.07,12.43
745164,2024-06-20,2024,605113,R,669467,R,strikeout,True,False,78.0,0.192,17.0,21.79,2.0,2.56,0.457,0.04100000000000001,25.61,13.82,17.76,31.58,37.12,16.35,88.0,0.293,24.0,27.27,6.0,6.82,0.78,0.146,25.79,12.65,20.37,33.02,32.05,24.0,56.0,0.396,6.0,10.71,7.0,12.5,1.044,0.16600000000000004,15.62,6.67,16.44,23.11,25.6,9.38,135.0,0.357,21.0,15.56,18.0,13.33,0.882,0.081,20.85,8.63,16.27,24.9,16.8,16.41
745164,2024-06-20,2024,689172,L,669467,R,single,False,False,65.0,0.23,14.0,21.54,3.0,4.62,0.573,0.08099999999999999,20.17,9.8,18.78,28.57,34.75,18.42,106.0,0.155,30.0,28.3,8.0,7.55,0.4639999999999999,0.092,28.32,14.65,14.19,28.83,32.6,19.86,66.0,0.197,15.0,22.73,5.0,7.58,0.471,0.015999999999999986,23.97,11.55,16.73,28.29,29.03,20.83,168.0,0.234,22.0,13.1,12.0,7.14,0.694,0.162,16.39,7.94,14.44,22.38,26.07,12.43
745164,2024-06-20,2024,671218,R,669467,R,home_run,False,False,118.0,0.282,38.0,32.2,8.0,6.78,0.749,0.136,33.02,15.24,16.52,31.76,27.82,28.57,14.0,0.154,4.0,28.57,1.0,7.14,0.368,0.0,30.43,14.58,18.75,33.33,26.09,50.0,56.0,0.396,6.0,10.71,7.0,12.5,1.044,0.16600000000000004,15.62,6.67,16.44,23.11,25.6,9.38,135.0,0.357,21.0,15.56,18.0,13.33,0.882,0.081,20.85,8.63,16.27,24.9,16.8,16.41
745164,2024-06-20,2024,672275,L,669467,R,single,False,False,150.0,0.289,26.0,17.33,18.0,12.0,0.8220000000000001,0.16400000000000003,20.77,9.74,13.86,23.6,25.33,15.85,240.0,0.203,70.0,29.17,13.0,5.42,0.5569999999999999,0.0989999999999999,26.61,12.88,17.55,30.43,28.93,23.81,66.0,0.197,15.0,22.73,5.0,7.58,0.471,0.015999999999999986,23.97,11.55,16.73,28.29,29.03,20.83,168.0,0.234,22.0,13.1,12.0,7.14,0.694,0.162,16.39,7.94,14.44,22.38,26.07,12.43
745164,2024-06-20,2024,656305,R,669467,R,strikeout,True,False,227.0,0.191,59.0,25.99,20.0,8.81,0.5920000000000001,0.128,27.04,12.29,19.39,31.67,25.95,19.6,471.0,0.223,139.0,29.51,52.0,11.04,0.722,0.179,31.15,13.33,17.79,31.11,18.61,21.72,56.0,0.396,6.0,10.71,7.0,12.5,1.044,0.16600000000000004,15.62,6.67,16.44,23.11,25.6,9.38,135.0,0.357,21.0,15.56,18.0,13.33,0.882,0.081,20.85,8.63,16.27,24.9,16.8,16.41
745164,2024-06-20,2024,624424,L,669467,R,field_out,False,False,157.0,0.208,37.0,23.57,13.0,8.28,0.656,0.17400000000000002,25.0,11.69,16.88,28.57,28.25,20.56,368.0,0.245,77.0,20.92,50.0,13.59,0.753,0.155,23.68,10.56,15.02,25.57,23.23,16.81,66.0,0.197,15.0,22.73,5.0,7.58,0.471,0.015999999999999986,23.97,11.55,16.73,28.29,29.03,20.83,168.0,0.234,22.0,13.1,12.0,7.14,0.694,0.162,16.39,7.94,14.44,22.38,26.07,12.43
745164,2024-06-20,2024,691026,R,676775,R,double,False,False,161.0,0.312,26.0,16.15,11.0,6.83,0.741,0.07700000000000001,15.65,7.41,18.31,25.72,29.49,12.62,100.0,0.161,19.0,19.0,9.0,9.0,0.478,0.0799999999999999,21.56,9.11,22.03,31.14,24.87,14.88,122.0,0.296,21.0,17.21,8.0,6.56,0.892,0.23200000000000004,25.63,13.99,13.99,27.98,34.27,15.33,103.0,0.2,21.0,20.39,5.0,4.85,0.648,0.178,31.46,16.72,15.52,32.24,29.49,23.26
745164,2024-06-20,2024,676475,L,676775,R,single,False,False,168.0,0.294,26.0,15.48,7.0,4.17,0.796,0.175,19.76,11.26,12.1,23.36,35.23,15.76,318.0,0.243,39.0,12.26,21.0,6.6,0.698,0.156,17.66,9.16,14.01,23.17,33.05,13.13,103.0,0.211,25.0,24.27,11.0,10.68,0.694,0.18900000000000003,25.26,12.31,15.33,27.64,31.84,23.36,70.0,0.273,14.0,20.0,3.0,4.29,0.784,0.1969999999999999,29.63,15.44,14.67,30.12,35.38,19.44
745164,2024-06-20,2024,502671,R,676775,R,strikeout,True,False,227.0,0.214,72.0,31.72,19.0,8.37,0.6419999999999999,0.145,29.22,13.9,18.64,32.54,30.47,20.0,518.0,0.259,120.0,23.17,67.0,12.93,0.8049999999999999,0.187,27.85,12.3,17.85,30.16,25.85,17.44,122.0,0.296,21.0,17.21,8.0,6.56,0.892,0.23200000000000004,25.63,13.99,13.99,27.98,34.27,15.33,103.0,0.2,21.0,20.39,5.0,4.85,0.648,0.178,31.46,16.72,15.52,32.24,29.49,23.26
745164,2024-06-20,2024,669357,L,676775,R,sac_fly,False,False,183.0,0.213,67.0,36.61,18.0,9.84,0.7609999999999999,0.257,39.78,19.52,14.84,34.36,30.03,27.13,378.0,0.231,124.0,32.8,42.0,11.11,0.7969999999999999,0.2459999999999999,35.96,17.73,12.12,29.85,28.13,25.15,103.0,0.211,25.0,24.27,11.0,10.68,0.694,0.18900000000000003,25.26,12.31,15.33,27.64,31.84,23.36,70.0,0.273,14.0,20.0,3.0,4.29,0.784,0.1969999999999999,29.63,15.44,14.67,30.12,35.38,19.44
745164,2024-06-20,2024,680977,L,676775,R,double,False,False,207.0,0.245,32.0,15.46,16.0,7.73,0.7150000000000001,0.14600000000000002,16.42,6.82,20.1,26.92,23.22,14.04,309.0,0.294,43.0,13.92,27.0,8.74,0.831,0.166,14.96,6.32,19.2,25.52,22.53,13.27,103.0,0.211,25.0,24.27,11.0,10.68,0.694,0.18900000000000003,25.26,12.31,15.33,27.64,31.84,23.36,70.0,0.273,14.0,20.0,3.0,4.29,0.784,0.1969999999999999,29.63,15.44,14.67,30.12,35.38,19.44
745164,2024-06-20,2024,572761,L,678495,R,strikeout,True,False,66.0,0.22,19.0,28.79,6.0,9.09,0.6479999999999999,0.13599999999999998,29.66,13.11,17.98,31.09,21.77,25.68,220.0,0.167,64.0,29.09,38.0,17.27,0.616,0.1319999999999999,29.37,12.01,18.83,30.84,21.25,22.78,41.0,0.282,12.0,29.27,2.0,4.88,0.881,0.282,23.81,11.7,18.13,29.82,32.14,22.64,,,,,,,,,,,,,,
745164,2024-06-20,2024,624585,R,669467,R,double,False,False,179.0,0.217,39.0,21.79,18.0,10.06,0.6799999999999999,0.165,28.35,13.38,15.0,28.38,27.98,20.97,446.0,0.242,111.0,24.89,46.0,10.31,0.788,0.22,27.97,12.22,16.15,28.37,25.71,21.19,56.0,0.396,6.0,10.71,7.0,12.5,1.044,0.16600000000000004,15.62,6.67,16.44,23.11,25.6,9.38,135.0,0.357,21.0,15.56,18.0,13.33,0.882,0.081,20.85,8.63,16.27,24.9,16.8,16.41
745164,2024-06-20,2024,527038,R,669467,R,field_out,False,False,118.0,0.198,17.0,14.41,12.0,10.17,0.584,0.08899999999999997,15.53,6.46,23.23,29.7,28.08,11.18,273.0,0.271,35.0,12.82,27.0,9.89,0.849,0.2249999999999999,14.98,6.76,19.32,26.08,27.75,9.09,56.0,0.396,6.0,10.71,7.0,12.5,1.044,0.16600000000000004,15.62,6.67,16.44,23.11,25.6,9.38,135.0,0.357,21.0,15.56,18.0,13.33,0.882,0.081,20.85,8.63,16.27,24.9,16.8,16.41
745164,2024-06-20,2024,596103,R,669467,R,walk,False,True,16.0,0.333,5.0,31.25,3.0,18.75,1.083,0.24999999999999994,39.13,13.85,23.08,36.92,13.33,19.23,60.0,0.226,18.0,30.0,7.0,11.67,0.619,0.0759999999999999,36.36,15.52,18.1,33.62,22.5,28.12,56.0,0.396,6.0,10.71,7.0,12.5,1.044,0.16600000000000004,15.62,6.67,16.44,23.11,25.6,9.38,135.0,0.357,21.0,15.56,18.0,13.33,0.882,0.081,20.85,8.63,16.27,24.9,16.8,16.41
745164,2024-06-20,2024,605113,R,669467,R,grounded_into_double_play,False,False,78.0,0.192,17.0,21.79,2.0,2.56,0.457,0.04100000000000001,25.61,13.82,17.76,31.58,37.12,16.35,88.0,0.293,24.0,27.27,6.0,6.82,0.78,0.146,25.79,12.65,20.37,33.02,32.05,24.0,56.0,0.396,6.0,10.71,7.0,12.5,1.044,0.16600000000000004,15.62,6.67,16.44,23.11,25.6,9.38,135.0,0.357,21.0,15.56,18.0,13.33,0.882,0.081,20.85,8.63,16.27,24.9,16.8,16.41
745164,2024-06-20,2024,543063,L,678495,R,walk,False,True,41.0,0.222,11.0,26.83,5.0,12.2,0.6779999999999999,0.13899999999999998,33.33,16.27,13.86,30.12,25.58,20.75,251.0,0.188,58.0,23.11,24.0,9.56,0.583,0.119,28.57,14.75,12.56,27.31,30.55,19.8,41.0,0.282,12.0,29.27,2.0,4.88,0.881,0.282,23.81,11.7,18.13,29.82,32.14,22.64,,,,,,,,,,,,,,
745164,2024-06-20,2024,686780,R,678495,R,strikeout,True,False,34.0,0.107,12.0,35.29,5.0,14.71,0.556,0.21400000000000002,22.54,11.03,18.62,29.66,34.21,25.0,,,,,,,,,,,,,,,67.0,0.237,14.0,20.9,6.0,8.96,0.6759999999999999,0.136,25.83,12.86,14.94,27.8,29.17,23.73,,,,,,,,,,,,,,
745164,2024-06-20,2024,672279,L,678495,R,strikeout,True,False,106.0,0.26,27.0,25.47,5.0,4.72,0.6379999999999999,0.08399999999999996,28.87,14.29,18.37,32.65,29.31,23.68,3.0,0.0,1.0,33.33,0.0,0.0,0.0,0.0,40.0,14.29,21.43,35.71,0.0,50.0,41.0,0.282,12.0,29.27,2.0,4.88,0.881,0.282,23.81,11.7,18.13,29.82,32.14,22.64,,,,,,,,,,,,,,
745164,2024-06-20,2024,691026,R,678495,R,pickoff_2b,False,False,161.0,0.312,26.0,16.15,11.0,6.83,0.741,0.07700000000000001,15.65,7.41,18.31,25.72,29.49,12.62,100.0,0.161,19.0,19.0,9.0,9.0,0.478,0.0799999999999999,21.56,9.11,22.03,31.14,24.87,14.88,67.0,0.237,14.0,20.9,6.0,8.96,0.6759999999999999,0.136,25.83,12.86,14.94,27.8,29.17,23.73,,,,,,,,,,,,,,
745164,2024-06-20,2024,689172,L,669467,R,walk,False,True,65.0,0.23,14.0,21.54,3.0,4.62,0.573,0.08099999999999999,20.17,9.8,18.78,28.57,34.75,18.42,106.0,0.155,30.0,28.3,8.0,7.55,0.4639999999999999,0.092,28.32,14.65,14.19,28.83,32.6,19.86,66.0,0.197,15.0,22.73,5.0,7.58,0.471,0.015999999999999986,23.97,11.55,16.73,28.29,29.03,20.83,168.0,0.234,22.0,13.1,12.0,7.14,0.694,0.162,16.39,7.94,14.44,22.38,26.07,12.43
745164,2024-06-20,2024,671218,R,669467,R,grounded_into_double_play,False,False,118.0,0.282,38.0,32.2,8.0,6.78,0.749,0.136,33.02,15.24,16.52,31.76,27.82,28.57,14.0,0.154,4.0,28.57,1.0,7.14,0.368,0.0,30.43,14.58,18.75,33.33,26.09,50.0,56.0,0.396,6.0,10.71,7.0,12.5,1.044,0.16600000000000004,15.62,6.67,16.44,23.11,25.6,9.38,135.0,0.357,21.0,15.56,18.0,13.33,0.882,0.081,20.85,8.63,16.27,24.9,16.8,16.41
745164,2024-06-20,2024,672275,L,669467,R,field_out,False,False,150.0,0.289,26.0,17.33,18.0,12.0,0.8220000000000001,0.16400000000000003,20.77,9.74,13.86,23.6,25.33,15.85,240.0,0.203,70.0,29.17,13.0,5.42,0.5569999999999999,0.0989999999999999,26.61,12.88,17.55,30.43,28.93,23.81,66.0,0.197,15.0,22.73,5.0,7.58,0.471,0.015999999999999986,23.97,11.55,16.73,28.29,29.03,20.83,168.0,0.234,22.0,13.1,12.0,7.14,0.694,0.162,16.39,7.94,14.44,22.38,26.07,12.43
745164,2024-06-20,2024,691026,R,678495,R,field_out,False,False,161.0,0.312,26.0,16.15,11.0,6.83,0.741,0.07700000000000001,15.65,7.41,18.31,25.72,29.49,12.62,100.0,0.161,19.0,19.0,9.0,9.0,0.478,0.0799999999999999,21.56,9.11,22.03,31.14,24.87,14.88,67.0,0.237,14.0,20.9,6.0,8.96,0.6759999999999999,0.136,25.83,12.86,14.94,27.8,29.17,23.73,,,,,,,,,,,,,,
745164,2024-06-20,2024,676475,L,678495,R,hit_by_pitch,False,False,168.0,0.294,26.0,15.48,7.0,4.17,0.796,0.175,19.76,11.26,12.1,23.36,35.23,15.76,318.0,0.243,39.0,12.26,21.0,6.6,0.698,0.156,17.66,9.16,14.01,23.17,33.05,13.13,41.0,0.282,12.0,29.27,2.0,4.88,0.881,0.282,23.81,11.7,18.13,29.82,32.14,22.64,,,,,,,,,,,,,,
745164,2024-06-20,2024,502671,R,678495,R,single,False,False,227.0,0.214,72.0,31.72,19.0,8.37,0.6419999999999999,0.145,29.22,13.9,18.64,32.54,30.47,20.0,518.0,0.259,120.0,23.17,67.0,12.93,0.8049999999999999,0.187,27.85,12.3,17.85,30.16,25.85,17.44,67.0,0.237,14.0,20.9,6.0,8.96,0.6759999999999999,0.136,25.83,12.86,14.94,27.8,29.17,23.73,,,,,,,,,,,,,,
745164,2024-06-20,2024,669357,L,678495,R,strikeout,True,False,183.0,0.213,67.0,36.61,18.0,9.84,0.7609999999999999,0.257,39.78,19.52,14.84,34.36,30.03,27.13,378.0,0.231,124.0,32.8,42.0,11.11,0.7969999999999999,0.2459999999999999,35.96,17.73,12.12,29.85,28.13,25.15,41.0,0.282,12.0,29.27,2.0,4.88,0.881,0.282,23.81,11.7,18.13,29.82,32.14,22.64,,,,,,,,,,,,,,
745164,2024-06-20,2024,680977,L,573124,L,single,False,False,92.0,0.265,8.0,8.7,4.0,4.35,0.6759999999999999,0.09599999999999997,14.29,5.85,19.88,25.73,20.62,10.39,63.0,0.236,10.0,15.87,6.0,9.52,0.569,0.0,14.29,6.33,19.83,26.16,24.58,15.87,54.0,0.304,15.0,27.78,7.0,12.96,0.842,0.131,30.38,11.43,21.43,32.86,22.94,32.61,103.0,0.101,39.0,37.86,11.0,10.68,0.3299999999999999,0.0229999999999999,32.18,13.05,23.78,36.83,25.84,25.83
745164,2024-06-20,2024,665877,R,573124,L,field_out,False,False,27.0,0.154,3.0,11.11,1.0,3.7,0.33899999999999997,0.0,7.55,3.6,18.92,22.52,25.0,8.57,19.0,0.176,2.0,10.53,2.0,10.53,0.439,0.0,7.41,3.08,23.08,26.15,30.0,13.33,69.0,0.169,20.0,28.99,3.0,4.35,0.555,0.169,30.16,13.19,21.18,34.38,22.22,20.62,113.0,0.312,25.0,22.12,14.0,12.39,0.98,0.2609999999999999,21.26,8.83,21.48,30.31,29.61,23.15
745164,2024-06-20,2024,656305,R,669467,R,double,False,False,227.0,0.191,59.0,25.99,20.0,8.81,0.5920000000000001,0.128,27.04,12.29,19.39,31.67,25.95,19.6,471.0,0.223,139.0,29.51,52.0,11.04,0.722,0.179,31.15,13.33,17.79,31.11,18.61,21.72,56.0,0.396,6.0,10.71,7.0,12.5,1.044,0.16600000000000004,15.62,6.67,16.44,23.11,25.6,9.38,135.0,0.357,21.0,15.56,18.0,13.33,0.882,0.081,20.85,8.63,16.27,24.9,16.8,16.41
745164,2024-06-20,2024,624424,L,669467,R,strikeout,True,False,157.0,0.208,37.0,23.57,13.0,8.28,0.656,0.17400000000000002,25.0,11.69,16.88,28.57,28.25,20.56,368.0,0.245,77.0,20.92,50.0,13.59,0.753,0.155,23.68,10.56,15.02,25.57,23.23,16.81,66.0,0.197,15.0,22.73,5.0,7.58,0.471,0.015999999999999986,23.97,11.55,16.73,28.29,29.03,20.83,168.0,0.234,22.0,13.1,12.0,7.14,0.694,0.162,16.39,7.94,14.44,22.38,26.07,12.43
745164,2024-06-20,2024,624585,R,669467,R,walk,False,True,179.0,0.217,39.0,21.79,18.0,10.06,0.6799999999999999,0.165,28.35,13.38,15.0,28.38,27.98,20.97,446.0,0.242,111.0,24.89,46.0,10.31,0.788,0.22,27.97,12.22,16.15,28.37,25.71,21.19,56.0,0.396,6.0,10.71,7.0,12.5,1.044,0.16600000000000004,15.62,6.67,16.44,23.11,25.6,9.38,135.0,0.357,21.0,15.56,18.0,13.33,0.882,0.081,20.85,8.63,16.27,24.9,16.8,16.41
745164,2024-06-20,2024,527038,R,552640,R,single,False,False,118.0,0.198,17.0,14.41,12.0,10.17,0.584,0.08899999999999997,15.53,6.46,23.23,29.7,28.08,11.18,273.0,0.271,35.0,12.82,27.0,9.89,0.849,0.2249999999999999,14.98,6.76,19.32,26.08,27.75,9.09,86.0,0.177,18.0,20.93,6.0,6.98,0.5389999999999999,0.127,25.88,14.1,14.74,28.85,40.62,19.78,31.0,0.333,7.0,22.58,0.0,0.0,0.788,0.0999999999999999,20.0,11.21,15.89,27.1,40.0,22.58
745164,2024-06-20,2024,596103,R,552640,R,single,False,False,16.0,0.333,5.0,31.25,3.0,18.75,1.083,0.24999999999999994,39.13,13.85,23.08,36.92,13.33,19.23,60.0,0.226,18.0,30.0,7.0,11.67,0.619,0.0759999999999999,36.36,15.52,18.1,33.62,22.5,28.12,86.0,0.177,18.0,20.93,6.0,6.98,0.5389999999999999,0.127,25.88,14.1,14.74,28.85,40.62,19.78,31.0,0.333,7.0,22.58,0.0,0.0,0.788,0.0999999999999999,20.0,11.21,15.89,27.1,40.0,22.58
745164,2024-06-20,2024,605113,R,552640,R,sac_fly,False,False,78.0,0.192,17.0,21.79,2.0,2.56,0.457,0.04100000000000001,25.61,13.82,17.76,31.58,37.12,16.35,88.0,0.293,24.0,27.27,6.0,6.82,0.78,0.146,25.79,12.65,20.37,33.02,32.05,24.0,86.0,0.177,18.0,20.93,6.0,6.98,0.5389999999999999,0.127,25.88,14.1,14.74,28.85,40.62,19.78,31.0,0.333,7.0,22.58,0.0,0.0,0.788,0.0999999999999999,20.0,11.21,15.89,27.1,40.0,22.58
745164,2024-06-20,2024,689172,L,552640,R,field_out,False,False,65.0,0.23,14.0,21.54,3.0,4.62,0.573,0.08099999999999999,20.17,9.8,18.78,28.57,34.75,18.42,106.0,0.155,30.0,28.3,8.0,7.55,0.4639999999999999,0.092,28.32,14.65,14.19,28.83,32.6,19.86,48.0,0.311,14.0,29.17,3.0,6.25,0.91,0.24500000000000005,31.19,17.71,12.5,30.21,38.14,18.67,19.0,0.118,3.0,15.79,2.0,10.53,0.505,0.176,17.02,10.0,11.25,21.25,43.59,8.57
745164,2024-06-20,2024,666185,R,573124,L,field_out,False,False,51.0,0.178,10.0,19.61,4.0,7.84,0.455,0.02200000000000002,29.17,14.74,14.21,28.95,28.26,21.74,86.0,0.268,12.0,13.95,12.0,13.95,0.77,0.126,22.46,10.88,12.44,23.32,23.98,9.3,69.0,0.169,20.0,28.99,3.0,4.35,0.555,0.169,30.16,13.19,21.18,34.38,22.22,20.62,113.0,0.312,25.0,22.12,14.0,12.39,0.98,0.2609999999999999,21.26,8.83,21.48,30.31,29.61,23.15
745164,2024-06-20,2024,686780,R,573124,L,field_out,False,False,21.0,0.158,3.0,14.29,1.0,4.76,0.401,0.05299999999999999,25.71,13.43,14.93,28.36,20.0,23.08,,,,,,,,,,,,,,,69.0,0.169,20.0,28.99,3.0,4.35,0.555,0.169,30.16,13.19,21.18,34.38,22.22,20.62,113.0,0.312,25.0,22.12,14.0,12.39,0.98,0.2609999999999999,21.26,8.83,21.48,30.31,29.61,23.15
745164,2024-06-20,2024,672279,L,573124,L,strikeout,True,False,58.0,0.122,14.0,24.14,3.0,5.17,0.373,0.062,25.0,13.08,19.63,32.71,33.71,17.72,3.0,0.0,0.0,0.0,1.0,33.33,0.333,0.0,33.33,6.67,20.0,26.67,10.0,0.0,54.0,0.304,15.0,27.78,7.0,12.96,0.842,0.131,30.38,11.43,21.43,32.86,22.94,32.61,103.0,0.101,39.0,37.86,11.0,10.68,0.3299999999999999,0.0229999999999999,32.18,13.05,23.78,36.83,25.84,25.83
745164,2024-06-20,2024,671218,R,552640,R,field_out,False,False,118.0,0.282,38.0,32.2,8.0,6.78,0.749,0.136,33.02,15.24,16.52,31.76,27.82,28.57,14.0,0.154,4.0,28.57,1.0,7.14,0.368,0.0,30.43,14.58,18.75,33.33,26.09,50.0,86.0,0.177,18.0,20.93,6.0,6.98,0.5389999999999999,0.127,25.88,14.1,14.74,28.85,40.62,19.78,31.0,0.333,7.0,22.58,0.0,0.0,0.788,0.0999999999999999,20.0,11.21,15.89,27.1,40.0,22.58
745164,2024-06-20,2024,672275,R,667463,L,single,False,False,34.0,0.258,9.0,26.47,2.0,5.88,0.617,0.065,24.56,10.69,19.85,30.53,14.29,27.27,113.0,0.298,30.0,26.55,8.0,7.08,0.829,0.183,25.26,10.67,21.33,32.0,21.36,22.39,55.0,0.224,11.0,20.0,2.0,3.64,0.5680000000000001,0.10300000000000001,19.77,9.77,18.39,28.16,33.72,34.38,104.0,0.292,12.0,11.54,7.0,6.73,0.722,0.093,20.71,10.06,15.8,25.86,32.8,16.44
745164,2024-06-20,2024,656305,R,667463,L,field_out,False,False,82.0,0.329,15.0,18.29,9.0,10.98,0.9500000000000001,0.21900000000000003,15.98,7.67,15.06,22.73,26.47,12.93,113.0,0.307,26.0,23.01,10.0,8.85,0.89,0.208,30.77,13.88,17.35,31.24,20.45,17.81,55.0,0.224,11.0,20.0,2.0,3.64,0.5680000000000001,0.10300000000000001,19.77,9.77,18.39,28.16,33.72,34.38,104.0,0.292,12.0,11.54,7.0,6.73,0.722,0.093,20.71,10.06,15.8,25.86,32.8,16.44
745164,2024-06-20,2024,624424,L,667463,L,strikeout,True,False,49.0,0.304,12.0,24.49,3.0,6.12,0.847,0.196,29.79,15.3,19.13,34.43,32.47,21.05,102.0,0.219,29.0,28.43,3.0,2.94,0.5980000000000001,0.114,29.28,13.52,20.15,33.67,28.95,22.83,49.0,0.239,10.0,20.41,2.0,4.08,0.677,0.15200000000000002,23.81,11.63,18.02,29.65,31.33,21.28,53.0,0.347,8.0,15.09,3.0,5.66,0.7929999999999999,0.061,23.08,11.6,17.68,29.28,28.75,17.39
745164,2024-06-20,2024,691026,R,676254,R,strikeout,True,False,161.0,0.312,26.0,16.15,11.0,6.83,0.741,0.07700000000000001,15.65,7.41,18.31,25.72,29.49,12.62,100.0,0.161,19.0,19.0,9.0,9.0,0.478,0.0799999999999999,21.56,9.11,22.03,31.14,24.87,14.88,83.0,0.203,26.0,31.33,4.0,4.82,0.52,0.03999999999999998,28.47,12.73,22.36,35.09,31.58,24.07,168.0,0.286,49.0,29.17,17.0,10.12,0.78,0.136,32.45,14.5,19.97,34.47,33.33,24.5
745164,2024-06-20,2024,676475,L,676254,R,field_out,False,False,168.0,0.294,26.0,15.48,7.0,4.17,0.796,0.175,19.76,11.26,12.1,23.36,35.23,15.76,318.0,0.243,39.0,12.26,21.0,6.6,0.698,0.156,17.66,9.16,14.01,23.17,33.05,13.13,66.0,0.21,23.0,34.85,3.0,4.55,0.581,0.11300000000000002,33.59,16.3,17.78,34.07,30.08,26.14,96.0,0.221,29.0,30.21,7.0,7.29,0.711,0.1979999999999999,31.22,14.6,18.81,33.42,31.25,19.72
745164,2024-06-20,2024,502671,R,676254,R,strikeout,True,False,227.0,0.214,72.0,31.72,19.0,8.37,0.6419999999999999,0.145,29.22,13.9,18.64,32.54,30.47,20.0,518.0,0.259,120.0,23.17,67.0,12.93,0.8049999999999999,0.187,27.85,12.3,17.85,30.16,25.85,17.44,83.0,0.203,26.0,31.33,4.0,4.82,0.52,0.03999999999999998,28.47,12.73,22.36,35.09,31.58,24.07,168.0,0.286,49.0,29.17,17.0,10.12,0.78,0.136,32.45,14.5,19.97,34.47,33.33,24.5
745164,2024-06-20,2024,624585,R,680572,R,field_out,False,False,179.0,0.217,39.0,21.79,18.0,10.06,0.6799999999999999,0.165,28.35,13.38,15.0,28.38,27.98,20.97,446.0,0.242,111.0,24.89,46.0,10.31,0.788,0.22,27.97,12.22,16.15,28.37,25.71,21.19,,,,,,,,,,,,,,,,,,,,,,,,,,,,
745164,2024-06-20,2024,527038,R,680572,R,field_out,False,False,118.0,0.198,17.0,14.41,12.0,10.17,0.584,0.08899999999999997,15.53,6.46,23.23,29.7,28.08,11.18,273.0,0.271,35.0,12.82,27.0,9.89,0.849,0.2249999999999999,14.98,6.76,19.32,26.08,27.75,9.09,,,,,,,,,,,,,,,,,,,,,,,,,,,,
745164,2024-06-20,2024,596103,R,680572,R,field_out,False,False,16.0,0.333,5.0,31.25,3.0,18.75,1.083,0.24999999999999994,39.13,13.85,23.08,36.92,13.33,19.23,60.0,0.226,18.0,30.0,7.0,11.67,0.619,0.0759999999999999,36.36,15.52,18.1,33.62,22.5,28.12,,,,,,,,,,,,,,,,,,,,,,,,,,,,
745164,2024-06-20,2024,669357,L,643511,R,field_out,False,False,183.0,0.213,67.0,36.61,18.0,9.84,0.7609999999999999,0.257,39.78,19.52,14.84,34.36,30.03,27.13,378.0,0.231,124.0,32.8,42.0,11.11,0.7969999999999999,0.2459999999999999,35.96,17.73,12.12,29.85,28.13,25.15,64.0,0.298,9.0,14.06,1.0,1.56,0.753,0.10600000000000004,16.53,8.73,18.34,27.07,23.86,12.86,136.0,0.2,32.0,23.53,9.0,6.62,0.5569999999999999,0.0919999999999999,20.7,10.56,18.33,28.88,27.6,21.33
745164,2024-06-20,2024,680977,L,643511,R,strikeout,True,False,207.0,0.245,32.0,15.46,16.0,7.73,0.7150000000000001,0.14600000000000002,16.42,6.82,20.1,26.92,23.22,14.04,309.0,0.294,43.0,13.92,27.0,8.74,0.831,0.166,14.96,6.32,19.2,25.52,22.53,13.27,64.0,0.298,9.0,14.06,1.0,1.56,0.753,0.10600000000000004,16.53,8.73,18.34,27.07,23.86,12.86,136.0,0.2,32.0,23.53,9.0,6.62,0.5569999999999999,0.0919999999999999,20.7,10.56,18.33,28.88,27.6,21.33
745164,2024-06-20,2024,665877,R,643511,R,strikeout,True,False,11.0,0.25,2.0,18.18,2.0,18.18,0.9550000000000001,0.25,7.69,2.63,26.32,28.95,6.67,15.38,42.0,0.265,6.0,14.29,4.0,9.52,0.669,0.0289999999999999,14.29,5.84,18.83,24.68,21.05,14.63,79.0,0.231,16.0,20.25,1.0,1.27,0.6,0.12799999999999997,20.0,11.2,16.0,27.2,34.86,24.62,173.0,0.262,28.0,16.18,10.0,5.78,0.733,0.1629999999999999,23.75,12.04,17.27,29.32,30.54,16.37
745164,2024-06-20,2024,670092,L,664854,R,walk,False,True,26.0,0.13,6.0,23.08,3.0,11.54,0.361,0.0,29.55,12.38,17.14,29.52,24.56,25.0,,,,,,,,,,,,,,,63.0,0.185,19.0,30.16,7.0,11.11,0.511,0.055999999999999994,32.38,15.81,17.67,33.49,27.17,28.79,66.0,0.224,22.0,33.33,7.0,10.61,0.6970000000000001,0.155,31.01,14.44,15.88,30.32,30.28,23.91
745164,2024-06-20,2024,689172,L,664854,R,field_out,False,False,65.0,0.23,14.0,21.54,3.0,4.62,0.573,0.08099999999999999,20.17,9.8,18.78,28.57,34.75,18.42,106.0,0.155,30.0,28.3,8.0,7.55,0.4639999999999999,0.092,28.32,14.65,14.19,28.83,32.6,19.86,63.0,0.185,19.0,30.16,7.0,11.11,0.511,0.055999999999999994,32.38,15.81,17.67,33.49,27.17,28.79,66.0,0.224,22.0,33.33,7.0,10.61,0.6970000000000001,0.155,31.01,14.44,15.88,30.32,30.28,23.91
745164,2024-06-20,2024,671218,R,664854,R,strikeout,True,False,118.0,0.282,38.0,32.2,8.0,6.78,0.749,0.136,33.02,15.24,16.52,31.76,27.82,28.57,14.0,0.154,4.0,28.57,1.0,7.14,0.368,0.0,30.43,14.58,18.75,33.33,26.09,50.0,69.0,0.238,17.0,24.64,5.0,7.25,0.592,0.064,36.09,19.67,13.11,32.79,30.97,26.56,80.0,0.134,30.0,37.5,10.0,12.5,0.402,0.03,37.93,19.76,13.17,32.93,33.13,27.27
745164,2024-06-20,2024,672275,L,664854,R,single,False,False,150.0,0.289,26.0,17.33,18.0,12.0,0.8220000000000001,0.16400000000000003,20.77,9.74,13.86,23.6,25.33,15.85,240.0,0.203,70.0,29.17,13.0,5.42,0.5569999999999999,0.0989999999999999,26.61,12.88,17.55,30.43,28.93,23.81,63.0,0.185,19.0,30.16,7.0,11.11,0.511,0.055999999999999994,32.38,15.81,17.67,33.49,27.17,28.79,66.0,0.224,22.0,33.33,7.0,10.61,0.6970000000000001,0.155,31.01,14.44,15.88,30.32,30.28,23.91
745164,2024-06-20,2024,656305,R,664854,R,strikeout,True,False,227.0,0.191,59.0,25.99,20.0,8.81,0.5920000000000001,0.128,27.04,12.29,19.39,31.67,25.95,19.6,471.0,0.223,139.0,29.51,52.0,11.04,0.722,0.179,31.15,13.33,17.79,31.11,18.61,21.72,69.0,0.238,17.0,24.64,5.0,7.25,0.592,0.064,36.09,19.67,13.11,32.79,30.97,26.56,80.0,0.134,30.0,37.5,10.0,12.5,0.402,0.03,37.93,19.76,13.17,32.93,33.13,27.27
745734,2024-06-20,2024,683002,L,661563,R,double,False,False,225.0,0.271,51.0,22.67,22.0,9.78,0.954,0.33199999999999996,25.0,11.51,14.5,26.01,23.27,23.29,455.0,0.272,117.0,25.71,38.0,8.35,0.885,0.277,25.57,12.07,15.7,27.78,26.4,22.35,142.0,0.132,39.0,27.46,20.0,14.08,0.469,0.08299999999999999,28.88,13.47,14.98,28.45,27.13,21.31,,,,,,,,,,,,,,
745734,2024-06-20,2024,668939,L,661563,R,field_out,False,False,211.0,0.223,45.0,21.33,14.0,6.64,0.638,0.13999999999999999,21.55,10.11,20.21,30.32,33.89,17.79,496.0,0.267,80.0,16.13,61.0,12.3,0.778,0.1519999999999999,16.76,6.91,19.7,26.61,24.41,12.54,142.0,0.132,39.0,27.46,20.0,14.08,0.469,0.08299999999999999,28.88,13.47,14.98,28.45,27.13,21.31,,,,,,,,,,,,,,
745734,2024-06-20,2024,663624,R,661563,R,strikeout,True,False,203.0,0.27,48.0,23.65,11.0,5.42,0.7809999999999999,0.20099999999999996,23.57,12.92,12.3,25.22,36.68,19.2,310.0,0.235,78.0,25.16,22.0,7.1,0.6399999999999999,0.1139999999999999,29.78,16.05,13.56,29.61,37.06,21.61,174.0,0.15,57.0,32.76,19.0,10.92,0.517,0.11800000000000002,31.31,13.94,16.51,30.45,25.33,25.91,,,,,,,,,,,,,,
745734,2024-06-20,2024,656811,L,661563,R,single,False,False,198.0,0.298,22.0,11.11,17.0,8.59,0.862,0.20500000000000002,18.29,8.14,17.37,25.51,22.5,12.57,340.0,0.297,74.0,21.76,13.0,3.82,0.802,0.178,22.26,11.29,14.37,25.66,31.15,17.72,142.0,0.132,39.0,27.46,20.0,14.08,0.469,0.08299999999999999,28.88,13.47,14.98,28.45,27.13,21.31,,,,,,,,,,,,,,
745734,2024-06-20,2024,623993,L,661563,R,field_out,False,False,213.0,0.215,35.0,16.43,14.0,6.57,0.769,0.277,16.85,9.12,13.27,22.39,40.13,13.31,486.0,0.26,107.0,22.02,31.0,6.38,0.798,0.2229999999999999,22.13,11.37,14.84,26.21,37.22,15.21,142.0,0.132,39.0,27.46,20.0,14.08,0.469,0.08299999999999999,28.88,13.47,14.98,28.45,27.13,21.31,,,,,,,,,,,,,,
745734,2024-06-20,2024,683011,R,608344,L,field_out,False,False,84.0,0.276,15.0,17.86,7.0,8.33,0.7190000000000001,0.10599999999999998,17.28,8.19,18.13,26.32,26.9,15.15,134.0,0.248,35.0,26.12,16.0,11.94,0.817,0.2309999999999999,28.81,13.49,15.8,29.29,27.07,23.49,225.0,0.287,37.0,16.44,12.0,5.33,0.766,0.15300000000000002,17.11,8.64,17.41,26.05,26.36,15.29,267.0,0.253,59.0,22.1,15.0,5.62,0.744,0.188,20.94,10.76,16.67,27.42,29.92,18.1
745734,2024-06-20,2024,665742,L,608344,L,field_out,False,False,86.0,0.333,12.0,13.95,14.0,16.28,0.9930000000000001,0.21800000000000003,17.04,6.42,20.67,27.09,18.89,11.43,207.0,0.256,48.0,23.19,33.0,15.94,0.813,0.18,25.32,9.65,20.51,30.16,20.61,20.17,61.0,0.183,14.0,22.95,1.0,1.64,0.447,0.067,18.37,8.33,23.61,31.94,24.42,25.0,69.0,0.267,9.0,13.04,6.0,8.7,0.6950000000000001,0.066,20.35,9.47,17.7,27.16,33.33,13.64
745734,2024-06-20,2024,592450,R,608344,L,strikeout,True,False,69.0,0.26,17.0,24.64,19.0,27.54,1.104,0.38,33.98,11.9,15.31,27.21,16.46,22.97,74.0,0.274,21.0,28.38,11.0,14.86,1.0550000000000002,0.403,34.59,13.9,15.71,29.61,19.89,21.65,225.0,0.287,37.0,16.44,12.0,5.33,0.766,0.15300000000000002,17.11,8.64,17.41,26.05,26.36,15.29,267.0,0.253,59.0,22.1,15.0,5.62,0.744,0.188,20.94,10.76,16.67,27.42,29.92,18.1
745734,2024-06-20,2024,676059,R,661563,R,single,False,False,208.0,0.305,35.0,16.83,12.0,5.77,0.908,0.24200000000000005,25.51,12.88,15.18,28.06,29.75,13.82,146.0,0.246,33.0,22.6,8.0,5.48,0.6779999999999999,0.142,22.97,11.73,16.25,27.98,29.59,19.76,174.0,0.15,57.0,32.76,19.0,10.92,0.517,0.11800000000000002,31.31,13.94,16.51,30.45,25.33,25.91,,,,,,,,,,,,,,
745734,2024-06-20,2024,656775,L,661563,R,home_run,False,False,167.0,0.211,40.0,23.95,12.0,7.19,0.62,0.144,19.75,10.28,13.54,23.82,28.33,21.51,336.0,0.233,77.0,22.92,31.0,9.23,0.726,0.1889999999999999,26.24,13.25,14.23,27.48,28.99,18.95,142.0,0.132,39.0,27.46,20.0,14.08,0.469,0.08299999999999999,28.88,13.47,14.98,28.45,27.13,21.31,,,,,,,,,,,,,,
745734,2024-06-20,2024,669720,R,661563,R,field_out,False,False,73.0,0.169,12.0,16.44,4.0,5.48,0.5700000000000001,0.154,23.14,12.17,13.04,25.22,28.18,23.08,399.0,0.28,104.0,26.07,22.0,5.51,0.762,0.1589999999999999,29.22,13.77,18.52,32.29,31.55,22.92,174.0,0.15,57.0,32.76,19.0,10.92,0.517,0.11800000000000002,31.31,13.94,16.51,30.45,25.33,25.91,,,,,,,,,,,,,,
745734,2024-06-20,2024,602104,R,661563,R,walk,False,True,80.0,0.276,13.0,16.25,3.0,3.75,0.7989999999999999,0.21099999999999997,28.57,14.38,13.36,27.74,26.85,15.85,272.0,0.274,72.0,26.47,17.0,6.25,0.726,0.1169999999999999,29.67,14.82,16.24,31.07,27.7,24.41,174.0,0.15,57.0,32.76,19.0,10.92,0.517,0.11800000000000002,31.31,13.94,16.51,30.45,25.33,25.91,,,,,,,,,,,,,,
745734,2024-06-20,2024,683002,L,661563,R,single,False,False,225.0,0.271,51.0,22.67,22.0,9.78,0.954,0.33199999999999996,25.0,11.51,14.5,26.01,23.27,23.29,455.0,0.272,117.0,25.71,38.0,8.35,0.885,0.277,25.57,12.07,15.7,27.78,26.4,22.35,142.0,0.132,39.0,27.46,20.0,14.08,0.469,0.08299999999999999,28.88,13.47,14.98,28.45,27.13,21.31,,,,,,,,,,,,,,
745734,2024-06-20,2024,668939,L,661563,R,single,False,False,211.0,0.223,45.0,21.33,14.0,6.64,0.638,0.13999999999999999,21.55,10.11,20.21,30.32,33.89,17.79,496.0,0.267,80.0,16.13,61.0,12.3,0.778,0.1519999999999999,16.76,6.91,19.7,26.61,24.41,12.54,142.0,0.132,39.0,27.46,20.0,14.08,0.469,0.08299999999999999,28.88,13.47,14.98,28.45,27.13,21.31,,,,,,,,,,,,,,
745734,2024-06-20,2024,663624,R,661563,R,double,False,False,203.0,0.27,48.0,23.65,11.0,5.42,0.7809999999999999,0.20099999999999996,23.57,12.92,12.3,25.22,36.68,19.2,310.0,0.235,78.0,25.16,22.0,7.1,0.6399999999999999,0.1139999999999999,29.78,16.05,13.56,29.61,37.06,21.61,174.0,0.15,57.0,32.76,19.0,10.92,0.517,0.11800000000000002,31.31,13.94,16.51,30.45,25.33,25.91,,,,,,,,,,,,,,
745734,2024-06-20,2024,656811,L,661563,R,walk,False,True,198.0,0.298,22.0,11.11,17.0,8.59,0.862,0.20500000000000002,18.29,8.14,17.37,25.51,22.5,12.57,340.0,0.297,74.0,21.76,13.0,3.82,0.802,0.178,22.26,11.29,14.37,25.66,31.15,17.72,142.0,0.132,39.0,27.46,20.0,14.08,0.469,0.08299999999999999,28.88,13.47,14.98,28.45,27.13,21.31,,,,,,,,,,,,,,
745734,2024-06-20,2024,623993,L,661563,R,single,False,False,213.0,0.215,35.0,16.43,14.0,6.57,0.769,0.277,16.85,9.12,13.27,22.39,40.13,13.31,486.0,0.26,107.0,22.02,31.0,6.38,0.798,0.2229999999999999,22.13,11.37,14.84,26.21,37.22,15.21,142.0,0.132,39.0,27.46,20.0,14.08,0.469,0.08299999999999999,28.88,13.47,14.98,28.45,27.13,21.31,,,,,,,,,,,,,,
745734,2024-06-20,2024,676059,R,661563,R,hit_by_pitch,False,False,208.0,0.305,35.0,16.83,12.0,5.77,0.908,0.24200000000000005,25.51,12.88,15.18,28.06,29.75,13.82,146.0,0.246,33.0,22.6,8.0,5.48,0.6779999999999999,0.142,22.97,11.73,16.25,27.98,29.59,19.76,174.0,0.15,57.0,32.76,19.0,10.92,0.517,0.11800000000000002,31.31,13.94,16.51,30.45,25.33,25.91,,,,,,,,,,,,,,
745734,2024-06-20,2024,656775,L,543859,R,field_out,False,False,167.0,0.211,40.0,23.95,12.0,7.19,0.62,0.144,19.75,10.28,13.54,23.82,28.33,21.51,336.0,0.233,77.0,22.92,31.0,9.23,0.726,0.1889999999999999,26.24,13.25,14.23,27.48,28.99,18.95,46.0,0.15,9.0,19.57,5.0,10.87,0.439,0.05000000000000002,19.59,9.64,12.69,22.34,25.71,12.0,153.0,0.248,33.0,21.57,12.0,7.84,0.7030000000000001,0.139,24.04,12.14,15.53,27.67,29.01,16.02
745734,2024-06-20,2024,669720,R,543859,R,strikeout,True,False,73.0,0.169,12.0,16.44,4.0,5.48,0.5700000000000001,0.154,23.14,12.17,13.04,25.22,28.18,23.08,399.0,0.28,104.0,26.07,22.0,5.51,0.762,0.1589999999999999,29.22,13.77,18.52,32.29,31.55,22.92,93.0,0.212,24.0,25.81,8.0,8.6,0.587,0.06300000000000003,29.71,13.47,18.13,31.61,32.51,19.67,172.0,0.19,42.0,24.42,11.0,6.4,0.613,0.183,25.53,12.71,17.19,29.9,29.81,17.8
745734,2024-06-20,2024,519317,R,608344,L,strikeout,True,False,68.0,0.25,18.0,26.47,3.0,4.41,0.722,0.188,30.0,15.29,16.86,32.16,34.4,25.35,74.0,0.265,13.0,17.57,6.0,8.11,0.942,0.353,21.88,10.11,15.16,25.27,26.09,20.0,225.0,0.287,37.0,16.44,12.0,5.33,0.766,0.15300000000000002,17.11,8.64,17.41,26.05,26.36,15.29,267.0,0.253,59.0,22.1,15.0,5.62,0.744,0.188,20.94,10.76,16.67,27.42,29.92,18.1
745734,2024-06-20,2024,657077,L,608344,L,field_out,False,False,81.0,0.221,13.0,16.05,10.0,12.35,0.659,0.11700000000000002,17.56,6.78,22.12,28.91,20.61,13.0,161.0,0.22,27.0,16.77,15.0,9.32,0.61,0.0779999999999999,17.21,6.6,24.69,31.29,20.83,15.61,61.0,0.183,14.0,22.95,1.0,1.64,0.447,0.067,18.37,8.33,23.61,31.94,24.42,25.0,69.0,0.267,9.0,13.04,6.0,8.7,0.6950000000000001,0.066,20.35,9.47,17.7,27.16,33.33,13.64
745734,2024-06-20,2024,650402,R,608344,L,home_run,False,False,71.0,0.213,19.0,26.76,8.0,11.27,0.638,0.11500000000000002,27.56,13.15,16.21,29.36,20.81,14.62,128.0,0.278,20.0,15.62,17.0,13.28,0.921,0.268,22.12,9.54,15.71,25.25,21.8,13.33,225.0,0.287,37.0,16.44,12.0,5.33,0.766,0.15300000000000002,17.11,8.64,17.41,26.05,26.36,15.29,267.0,0.253,59.0,22.1,15.0,5.62,0.744,0.188,20.94,10.76,16.67,27.42,29.92,18.1
745734,2024-06-20,2024,518934,R,608344,L,single,False,False,18.0,0.133,3.0,16.67,2.0,11.11,0.355,0.0,17.24,7.94,22.22,30.16,32.26,16.67,113.0,0.255,25.0,22.12,15.0,13.27,0.761,0.149,20.93,7.45,24.22,31.68,20.95,18.66,225.0,0.287,37.0,16.44,12.0,5.33,0.766,0.15300000000000002,17.11,8.64,17.41,26.05,26.36,15.29,267.0,0.253,59.0,22.1,15.0,5.62,0.744,0.188,20.94,10.76,16.67,27.42,29.92,18.1
745734,2024-06-20,2024,624431,R,608344,L,field_out,False,False,58.0,0.24,8.0,13.79,6.0,10.34,0.796,0.24,19.39,7.48,20.87,28.35,24.14,10.39,44.0,0.268,2.0,4.55,3.0,6.82,0.781,0.195,11.11,5.49,18.9,24.39,37.21,4.08,225.0,0.287,37.0,16.44,12.0,5.33,0.766,0.15300000000000002,17.11,8.64,17.41,26.05,26.36,15.29,267.0,0.253,59.0,22.1,15.0,5.62,0.744,0.188,20.94,10.76,16.67,27.42,29.92,18.1
745734,2024-06-20,2024,602104,R,543859,R,field_out,False,False,80.0,0.276,13.0,16.25,3.0,3.75,0.7989999999999999,0.21099999999999997,28.57,14.38,13.36,27.74,26.85,15.85,272.0,0.274,72.0,26.47,17.0,6.25,0.726,0.1169999999999999,29.67,14.82,16.24,31.07,27.7,24.41,93.0,0.212,24.0,25.81,8.0,8.6,0.587,0.06300000000000003,29.71,13.47,18.13,31.61,32.51,19.67,172.0,0.19,42.0,24.42,11.0,6.4,0.613,0.183,25.53,12.71,17.19,29.9,29.81,17.8
745734,2024-06-20,2024,683002,L,543859,R,walk,False,True,225.0,0.271,51.0,22.67,22.0,9.78,0.954,0.33199999999999996,25.0,11.51,14.5,26.01,23.27,23.29,455.0,0.272,117.0,25.71,38.0,8.35,0.885,0.277,25.57,12.07,15.7,27.78,26.4,22.35,46.0,0.15,9.0,19.57,5.0,10.87,0.439,0.05000000000000002,19.59,9.64,12.69,22.34,25.71,12.0,153.0,0.248,33.0,21.57,12.0,7.84,0.7030000000000001,0.139,24.04,12.14,15.53,27.67,29.01,16.02
745734,2024-06-20,2024,668939,L,543859,R,double,False,False,211.0,0.223,45.0,21.33,14.0,6.64,0.638,0.13999999999999999,21.55,10.11,20.21,30.32,33.89,17.79,496.0,0.267,80.0,16.13,61.0,12.3,0.778,0.1519999999999999,16.76,6.91,19.7,26.61,24.41,12.54,46.0,0.15,9.0,19.57,5.0,10.87,0.439,0.05000000000000002,19.59,9.64,12.69,22.34,25.71,12.0,153.0,0.248,33.0,21.57,12.0,7.84,0.7030000000000001,0.139,24.04,12.14,15.53,27.67,29.01,16.02
745734,2024-06-20,2024,663624,R,543859,R,walk,False,True,203.0,0.27,48.0,23.65,11.0,5.42,0.7809999999999999,0.20099999999999996,23.57,12.92,12.3,25.22,36.68,19.2,310.0,0.235,78.0,25.16,22.0,7.1,0.6399999999999999,0.1139999999999999,29.78,16.05,13.56,29.61,37.06,21.61,93.0,0.212,24.0,25.81,8.0,8.6,0.587,0.06300000000000003,29.71,13.47,18.13,31.61,32.51,19.67,172.0,0.19,42.0,24.42,11.0,6.4,0.613,0.183,25.53,12.71,17.19,29.9,29.81,17.8
745734,2024-06-20,2024,656811,L,543859,R,sac_fly,False,False,198.0,0.298,22.0,11.11,17.0,8.59,0.862,0.20500000000000002,18.29,8.14,17.37,25.51,22.5,12.57,340.0,0.297,74.0,21.76,13.0,3.82,0.802,0.178,22.26,11.29,14.37,25.66,31.15,17.72,46.0,0.15,9.0,19.57,5.0,10.87,0.439,0.05000000000000002,19.59,9.64,12.69,22.34,25.71,12.0,153.0,0.248,33.0,21.57,12.0,7.84,0.7030000000000001,0.139,24.04,12.14,15.53,27.67,29.01,16.02
745734,2024-06-20,2024,623993,L,543859,R,field_out,False,False,213.0,0.215,35.0,16.43,14.0,6.57,0.769,0.277,16.85,9.12,13.27,22.39,40.13,13.31,486.0,0.26,107.0,22.02,31.0,6.38,0.798,0.2229999999999999,22.13,11.37,14.84,26.21,37.22,15.21,46.0,0.15,9.0,19.57,5.0,10.87,0.439,0.05000000000000002,19.59,9.64,12.69,22.34,25.71,12.0,153.0,0.248,33.0,21.57,12.0,7.84,0.7030000000000001,0.139,24.04,12.14,15.53,27.67,29.01,16.02
745734,2024-06-20,2024,665828,R,608344,L,field_out,False,False,45.0,0.233,9.0,20.0,2.0,4.44,0.546,0.04600000000000001,14.63,7.27,19.39,26.67,31.08,16.36,70.0,0.2,21.0,30.0,3.0,4.29,0.597,0.1539999999999999,28.35,15.65,15.65,31.3,36.19,34.43,225.0,0.287,37.0,16.44,12.0,5.33,0.766,0.15300000000000002,17.11,8.64,17.41,26.05,26.36,15.29,267.0,0.253,59.0,22.1,15.0,5.62,0.744,0.188,20.94,10.76,16.67,27.42,29.92,18.1
745734,2024-06-20,2024,683011,R,608344,L,field_out,False,False,84.0,0.276,15.0,17.86,7.0,8.33,0.7190000000000001,0.10599999999999998,17.28,8.19,18.13,26.32,26.9,15.15,134.0,0.248,35.0,26.12,16.0,11.94,0.817,0.2309999999999999,28.81,13.49,15.8,29.29,27.07,23.49,225.0,0.287,37.0,16.44,12.0,5.33,0.766,0.15300000000000002,17.11,8.64,17.41,26.05,26.36,15.29,267.0,0.253,59.0,22.1,15.0,5.62,0.744,0.188,20.94,10.76,16.67,27.42,29.92,18.1
745734,2024-06-20,2024,665742,L,608344,L,walk,False,True,86.0,0.333,12.0,13.95,14.0,16.28,0.9930000000000001,0.21800000000000003,17.04,6.42,20.67,27.09,18.89,11.43,207.0,0.256,48.0,23.19,33.0,15.94,0.813,0.18,25.32,9.65,20.51,30.16,20.61,20.17,61.0,0.183,14.0,22.95,1.0,1.64,0.447,0.067,18.37,8.33,23.61,31.94,24.42,25.0,69.0,0.267,9.0,13.04,6.0,8.7,0.6950000000000001,0.066,20.35,9.47,17.7,27.16,33.33,13.64
745734,2024-06-20,2024,592450,R,608344,L,home_run,False,False,69.0,0.26,17.0,24.64,19.0,27.54,1.104,0.38,33.98,11.9,15.31,27.21,16.46,22.97,74.0,0.274,21.0,28.38,11.0,14.86,1.0550000000000002,0.403,34.59,13.9,15.71,29.61,19.89,21.65,225.0,0.287,37.0,16.44,12.0,5.33,0.766,0.15300000000000002,17.11,8.64,17.41,26.05,26.36,15.29,267.0,0.253,59.0,22.1,15.0,5.62,0.744,0.188,20.94,10.76,16.67,27.42,29.92,18.1
745734,2024-06-20,2024,519317,R,608344,L,field_out,False,False,68.0,0.25,18.0,26.47,3.0,4.41,0.722,0.188,30.0,15.29,16.86,32.16,34.4,25.35,74.0,0.265,13.0,17.57,6.0,8.11,0.942,0.353,21.88,10.11,15.16,25.27,26.09,20.0,225.0,0.287,37.0,16.44,12.0,5.33,0.766,0.15300000000000002,17.11,8.64,17.41,26.05,26.36,15.29,267.0,0.253,59.0,22.1,15.0,5.62,0.744,0.188,20.94,10.76,16.67,27.42,29.92,18.1
745734,2024-06-20,2024,676059,R,592454,R,double,False,False,208.0,0.305,35.0,16.83,12.0,5.77,0.908,0.24200000000000005,25.51,12.88,15.18,28.06,29.75,13.82,146.0,0.246,33.0,22.6,8.0,5.48,0.6779999999999999,0.142,22.97,11.73,16.25,27.98,29.59,19.76,24.0,0.222,4.0,16.67,6.0,25.0,1.028,0.389,30.43,11.86,12.71,24.58,22.67,10.81,80.0,0.191,26.0,32.5,10.0,12.5,0.583,0.088,41.03,19.57,15.6,35.17,27.84,26.0
745734,2024-06-20,2024,656775,L,592454,R,field_out,False,False,167.0,0.211,40.0,23.95,12.0,7.19,0.62,0.144,19.75,10.28,13.54,23.82,28.33,21.51,336.0,0.233,77.0,22.92,31.0,9.23,0.726,0.1889999999999999,26.24,13.25,14.23,27.48,28.99,18.95,14.0,0.083,5.0,35.71,1.0,7.14,0.297,0.0,51.85,23.33,18.33,41.67,35.9,26.32,85.0,0.176,22.0,25.88,9.0,10.59,0.637,0.202,29.22,12.47,19.67,32.13,30.46,19.82
745734,2024-06-20,2024,669720,R,592454,R,strikeout,True,False,73.0,0.169,12.0,16.44,4.0,5.48,0.5700000000000001,0.154,23.14,12.17,13.04,25.22,28.18,23.08,399.0,0.28,104.0,26.07,22.0,5.51,0.762,0.1589999999999999,29.22,13.77,18.52,32.29,31.55,22.92,24.0,0.222,4.0,16.67,6.0,25.0,1.028,0.389,30.43,11.86,12.71,24.58,22.67,10.81,80.0,0.191,26.0,32.5,10.0,12.5,0.583,0.088,41.03,19.57,15.6,35.17,27.84,26.0
745734,2024-06-20,2024,602104,R,592454,R,strikeout,True,False,80.0,0.276,13.0,16.25,3.0,3.75,0.7989999999999999,0.21099999999999997,28.57,14.38,13.36,27.74,26.85,15.85,272.0,0.274,72.0,26.47,17.0,6.25,0.726,0.1169999999999999,29.67,14.82,16.24,31.07,27.7,24.41,24.0,0.222,4.0,16.67,6.0,25.0,1.028,0.389,30.43,11.86,12.71,24.58,22.67,10.81,80.0,0.191,26.0,32.5,10.0,12.5,0.583,0.088,41.03,19.57,15.6,35.17,27.84,26.0
745734,2024-06-20,2024,657077,L,608344,L,field_out,False,False,81.0,0.221,13.0,16.05,10.0,12.35,0.659,0.11700000000000002,17.56,6.78,22.12,28.91,20.61,13.0,161.0,0.22,27.0,16.77,15.0,9.32,0.61,0.0779999999999999,17.21,6.6,24.69,31.29,20.83,15.61,61.0,0.183,14.0,22.95,1.0,1.64,0.447,0.067,18.37,8.33,23.61,31.94,24.42,25.0,69.0,0.267,9.0,13.04,6.0,8.7,0.6950000000000001,0.066,20.35,9.47,17.7,27.16,33.33,13.64
745734,2024-06-20,2024,650402,R,608344,L,field_out,False,False,71.0,0.213,19.0,26.76,8.0,11.27,0.638,0.11500000000000002,27.56,13.15,16.21,29.36,20.81,14.62,128.0,0.278,20.0,15.62,17.0,13.28,0.921,0.268,22.12,9.54,15.71,25.25,21.8,13.33,225.0,0.287,37.0,16.44,12.0,5.33,0.766,0.15300000000000002,17.11,8.64,17.41,26.05,26.36,15.29,267.0,0.253,59.0,22.1,15.0,5.62,0.744,0.188,20.94,10.76,16.67,27.42,29.92,18.1
745734,2024-06-20,2024,518934,R,608344,L,field_out,False,False,18.0,0.133,3.0,16.67,2.0,11.11,0.355,0.0,17.24,7.94,22.22,30.16,32.26,16.67,113.0,0.255,25.0,22.12,15.0,13.27,0.761,0.149,20.93,7.45,24.22,31.68,20.95,18.66,225.0,0.287,37.0,16.44,12.0,5.33,0.766,0.15300000000000002,17.11,8.64,17.41,26.05,26.36,15.29,267.0,0.253,59.0,22.1,15.0,5.62,0.744,0.188,20.94,10.76,16.67,27.42,29.92,18.1
745734,2024-06-20,2024,683002,L,657612,L,double,False,False,104.0,0.277,28.0,26.92,17.0,16.35,0.9430000000000001,0.253,30.12,11.71,18.5,30.21,17.35,22.95,167.0,0.209,42.0,25.15,18.0,10.78,0.617,0.115,28.77,12.92,19.54,32.46,27.19,20.79,51.0,0.413,4.0,7.84,4.0,7.84,0.949,0.065,13.41,6.71,15.85,22.56,35.14,9.76,92.0,0.275,11.0,11.96,5.0,5.43,0.752,0.125,13.33,6.61,18.32,24.92,35.48,10.58
745734,2024-06-20,2024,668939,R,657612,L,fielders_choice_out,False,False,98.0,0.424,13.0,13.27,6.0,6.12,1.1440000000000001,0.26100000000000007,17.96,7.56,21.16,28.72,23.35,12.5,191.0,0.304,21.0,10.99,31.0,16.23,0.895,0.177,12.46,4.9,20.56,25.46,20.79,8.71,67.0,0.367,9.0,13.43,6.0,8.96,0.8009999999999999,0.016000000000000014,12.82,5.93,15.42,21.34,18.1,13.64,110.0,0.378,15.0,13.64,9.0,8.18,1.037,0.2239999999999999,16.49,8.31,14.03,22.34,25.41,14.71
745734,2024-06-20,2024,663624,R,657612,L,fielders_choice,False,False,82.0,0.28,14.0,17.07,7.0,8.54,0.808,0.187,21.11,11.55,11.85,23.4,38.01,14.29,161.0,0.338,29.0,18.01,15.0,9.32,1.053,0.317,25.46,14.21,11.82,26.03,41.95,16.86,67.0,0.367,9.0,13.43,6.0,8.96,0.8009999999999999,0.016000000000000014,12.82,5.93,15.42,21.34,18.1,13.64,110.0,0.378,15.0,13.64,9.0,8.18,1.037,0.2239999999999999,16.49,8.31,14.03,22.34,25.41,14.71
745734,2024-06-20,2024,656811,L,657612,L,field_out,False,False,11.0,0.091,0.0,0.0,0.0,0.0,0.182,0.0,27.27,15.38,20.51,35.9,44.44,0.0,29.0,0.192,8.0,27.59,2.0,6.9,0.788,0.346,34.43,16.41,14.84,31.25,27.94,16.0,51.0,0.413,4.0,7.84,4.0,7.84,0.949,0.065,13.41,6.71,15.85,22.56,35.14,9.76,92.0,0.275,11.0,11.96,5.0,5.43,0.752,0.125,13.33,6.61,18.32,24.92,35.48,10.58
745734,2024-06-20,2024,623993,R,657612,L,home_run,False,False,77.0,0.262,18.0,23.38,8.0,10.39,0.856,0.22999999999999998,30.0,13.09,19.46,32.55,27.89,21.18,170.0,0.25,45.0,26.47,24.0,14.12,0.7909999999999999,0.188,28.15,11.77,18.98,30.75,26.34,19.31,67.0,0.367,9.0,13.43,6.0,8.96,0.8009999999999999,0.016000000000000014,12.82,5.93,15.42,21.34,18.1,13.64,110.0,0.378,15.0,13.64,9.0,8.18,1.037,0.2239999999999999,16.49,8.31,14.03,22.34,25.41,14.71
745734,2024-06-20,2024,676059,R,657612,L,single,False,False,68.0,0.19,20.0,29.41,4.0,5.88,0.604,0.175,37.78,19.17,13.53,32.71,29.63,25.0,82.0,0.284,23.0,28.05,8.0,9.76,0.786,0.148,32.37,14.29,17.14,31.43,25.99,24.21,67.0,0.367,9.0,13.43,6.0,8.96,0.8009999999999999,0.016000000000000014,12.82,5.93,15.42,21.34,18.1,13.64,110.0,0.378,15.0,13.64,9.0,8.18,1.037,0.2239999999999999,16.49,8.31,14.03,22.34,25.41,14.71
745734,2024-06-20,2024,656775,L,657612,L,field_out,False,False,57.0,0.145,12.0,21.05,1.0,1.75,0.411,0.091,18.75,10.05,14.83,24.88,27.96,21.43,120.0,0.233,24.0,20.0,12.0,10.0,0.708,0.165,20.83,9.68,19.35,29.03,20.0,14.81,51.0,0.413,4.0,7.84,4.0,7.84,0.949,0.065,13.41,6.71,15.85,22.56,35.14,9.76,92.0,0.275,11.0,11.96,5.0,5.43,0.752,0.125,13.33,6.61,18.32,24.92,35.48,10.58
745734,2024-06-20,2024,624431,R,608344,L,field_out,False,False,58.0,0.24,8.0,13.79,6.0,10.34,0.796,0.24,19.39,7.48,20.87,28.35,24.14,10.39,44.0,0.268,2.0,4.55,3.0,6.82,0.781,0.195,11.11,5.49,18.9,24.39,37.21,4.08,225.0,0.287,37.0,16.44,12.0,5.33,0.766,0.15300000000000002,17.11,8.64,17.41,26.05,26.36,15.29,267.0,0.253,59.0,22.1,15.0,5.62,0.744,0.188,20.94,10.76,16.67,27.42,29.92,18.1
745734,2024-06-20,2024,665828,R,608344,L,walk,False,True,45.0,0.233,9.0,20.0,2.0,4.44,0.546,0.04600000000000001,14.63,7.27,19.39,26.67,31.08,16.36,70.0,0.2,21.0,30.0,3.0,4.29,0.597,0.1539999999999999,28.35,15.65,15.65,31.3,36.19,34.43,225.0,0.287,37.0,16.44,12.0,5.33,0.766,0.15300000000000002,17.11,8.64,17.41,26.05,26.36,15.29,267.0,0.253,59.0,22.1,15.0,5.62,0.744,0.188,20.94,10.76,16.67,27.42,29.92,18.1
745734,2024-06-20,2024,683011,R,608344,L,double,False,False,84.0,0.276,15.0,17.86,7.0,8.33,0.7190000000000001,0.10599999999999998,17.28,8.19,18.13,26.32,26.9,15.15,134.0,0.248,35.0,26.12,16.0,11.94,0.817,0.2309999999999999,28.81,13.49,15.8,29.29,27.07,23.49,225.0,0.287,37.0,16.44,12.0,5.33,0.766,0.15300000000000002,17.11,8.64,17.41,26.05,26.36,15.29,267.0,0.253,59.0,22.1,15.0,5.62,0.744,0.188,20.94,10.76,16.67,27.42,29.92,18.1
745734,2024-06-20,2024,665742,L,608344,L,field_out,False,False,86.0,0.333,12.0,13.95,14.0,16.28,0.9930000000000001,0.21800000000000003,17.04,6.42,20.67,27.09,18.89,11.43,207.0,0.256,48.0,23.19,33.0,15.94,0.813,0.18,25.32,9.65,20.51,30.16,20.61,20.17,61.0,0.183,14.0,22.95,1.0,1.64,0.447,0.067,18.37,8.33,23.61,31.94,24.42,25.0,69.0,0.267,9.0,13.04,6.0,8.7,0.6950000000000001,0.066,20.35,9.47,17.7,27.16,33.33,13.64
745734,2024-06-20,2024,592450,R,608344,L,single,False,False,69.0,0.26,17.0,24.64,19.0,27.54,1.104,0.38,33.98,11.9,15.31,27.21,16.46,22.97,74.0,0.274,21.0,28.38,11.0,14.86,1.0550000000000002,0.403,34.59,13.9,15.71,29.61,19.89,21.65,225.0,0.287,37.0,16.44,12.0,5.33,0.766,0.15300000000000002,17.11,8.64,17.41,26.05,26.36,15.29,267.0,0.253,59.0,22.1,15.0,5.62,0.744,0.188,20.94,10.76,16.67,27.42,29.92,18.1
745734,2024-06-20,2024,519317,R,641329,R,single,False,False,205.0,0.241,69.0,33.66,17.0,8.29,0.8200000000000001,0.272,34.84,15.92,17.62,33.54,31.4,30.26,341.0,0.175,111.0,32.55,35.0,10.26,0.64,0.201,36.65,15.18,19.37,34.55,27.39,25.58,8.0,0.125,1.0,12.5,0.0,0.0,0.25,0.0,23.08,10.34,17.24,27.59,23.08,14.29,126.0,0.241,30.0,23.81,14.0,11.11,0.72,0.148,21.26,10.42,14.29,24.71,26.82,15.96
745734,2024-06-20,2024,657077,L,641329,R,field_out,False,False,222.0,0.27,28.0,12.61,14.0,6.31,0.757,0.176,13.7,6.3,19.86,26.16,26.95,11.48,441.0,0.279,66.0,14.97,30.0,6.8,0.793,0.185,15.08,6.28,20.52,26.8,22.64,14.93,4.0,0.25,0.0,0.0,0.0,0.0,0.5,0.0,15.38,10.0,5.0,15.0,33.33,0.0,61.0,0.143,21.0,34.43,10.0,16.39,0.507,0.081,28.46,12.73,13.45,26.18,21.05,23.86
745734,2024-06-20,2024,669720,R,676760,R,hit_by_pitch,False,False,73.0,0.169,12.0,16.44,4.0,5.48,0.5700000000000001,0.154,23.14,12.17,13.04,25.22,28.18,23.08,399.0,0.28,104.0,26.07,22.0,5.51,0.762,0.1589999999999999,29.22,13.77,18.52,32.29,31.55,22.92,35.0,0.269,6.0,17.14,5.0,14.29,0.92,0.269,23.19,10.74,18.79,29.53,31.17,11.76,94.0,0.203,24.0,25.53,12.0,12.77,0.74,0.189,25.0,11.36,14.14,25.51,32.07,20.17
745734,2024-06-20,2024,602104,R,676760,R,fielders_choice,False,False,80.0,0.276,13.0,16.25,3.0,3.75,0.7989999999999999,0.21099999999999997,28.57,14.38,13.36,27.74,26.85,15.85,272.0,0.274,72.0,26.47,17.0,6.25,0.726,0.1169999999999999,29.67,14.82,16.24,31.07,27.7,24.41,35.0,0.269,6.0,17.14,5.0,14.29,0.92,0.269,23.19,10.74,18.79,29.53,31.17,11.76,94.0,0.203,24.0,25.53,12.0,12.77,0.74,0.189,25.0,11.36,14.14,25.51,32.07,20.17
745734,2024-06-20,2024,683002,L,676760,R,force_out,False,False,225.0,0.271,51.0,22.67,22.0,9.78,0.954,0.33199999999999996,25.0,11.51,14.5,26.01,23.27,23.29,455.0,0.272,117.0,25.71,38.0,8.35,0.885,0.277,25.57,12.07,15.7,27.78,26.4,22.35,38.0,0.147,12.0,31.58,3.0,7.89,0.5309999999999999,0.147,34.43,14.58,18.75,33.33,23.38,30.77,112.0,0.213,32.0,28.57,15.0,13.39,0.663,0.117,30.54,14.54,14.34,28.88,30.29,18.18
745734,2024-06-20,2024,668939,L,676760,R,walk,False,True,211.0,0.223,45.0,21.33,14.0,6.64,0.638,0.13999999999999999,21.55,10.11,20.21,30.32,33.89,17.79,496.0,0.267,80.0,16.13,61.0,12.3,0.778,0.1519999999999999,16.76,6.91,19.7,26.61,24.41,12.54,38.0,0.147,12.0,31.58,3.0,7.89,0.5309999999999999,0.147,34.43,14.58,18.75,33.33,23.38,30.77,112.0,0.213,32.0,28.57,15.0,13.39,0.663,0.117,30.54,14.54,14.34,28.88,30.29,18.18
745734,2024-06-20,2024,663624,R,676760,R,strikeout,True,False,203.0,0.27,48.0,23.65,11.0,5.42,0.7809999999999999,0.20099999999999996,23.57,12.92,12.3,25.22,36.68,19.2,310.0,0.235,78.0,25.16,22.0,7.1,0.6399999999999999,0.1139999999999999,29.78,16.05,13.56,29.61,37.06,21.61,35.0,0.269,6.0,17.14,5.0,14.29,0.92,0.269,23.19,10.74,18.79,29.53,31.17,11.76,94.0,0.203,24.0,25.53,12.0,12.77,0.74,0.189,25.0,11.36,14.14,25.51,32.07,20.17
745734,2024-06-20,2024,656811,L,676760,R,field_out,False,False,198.0,0.298,22.0,11.11,17.0,8.59,0.862,0.20500000000000002,18.29,8.14,17.37,25.51,22.5,12.57,340.0,0.297,74.0,21.76,13.0,3.82,0.802,0.178,22.26,11.29,14.37,25.66,31.15,17.72,38.0,0.147,12.0,31.58,3.0,7.89,0.5309999999999999,0.147,34.43,14.58,18.75,33.33,23.38,30.77,112.0,0.213,32.0,28.57,15.0,13.39,0.663,0.117,30.54,14.54,14.34,28.88,30.29,18.18
745734,2024-06-20,2024,700250,L,641329,R,walk,False,True,5.0,0.5,0.0,0.0,0.0,0.0,0.9,0.0,18.18,11.76,0.0,11.76,40.0,0.0,,,,,,,,,,,,,,,4.0,0.25,0.0,0.0,0.0,0.0,0.5,0.0,15.38,10.0,5.0,15.0,33.33,0.0,61.0,0.143,21.0,34.43,10.0,16.39,0.507,0.081,28.46,12.73,13.45,26.18,21.05,23.86
745734,2024-06-20,2024,518934,R,641329,R,strikeout,True,False,48.0,0.22,11.0,22.92,6.0,12.5,0.539,0.0,21.69,9.84,20.77,30.6,30.86,20.75,450.0,0.241,100.0,22.22,45.0,10.0,0.7070000000000001,0.146,19.38,7.76,24.06,31.82,23.84,20.0,8.0,0.125,1.0,12.5,0.0,0.0,0.25,0.0,23.08,10.34,17.24,27.59,23.08,14.29,126.0,0.241,30.0,23.81,14.0,11.11,0.72,0.148,21.26,10.42,14.29,24.71,26.82,15.96
745734,2024-06-20,2024,624431,R,641329,R,grounded_into_double_play,False,False,93.0,0.279,15.0,16.13,5.0,5.38,0.742,0.13999999999999996,17.56,7.21,23.51,30.72,31.14,20.27,125.0,0.19,20.0,16.0,5.0,4.0,0.495,0.069,18.59,8.22,23.33,31.56,37.86,15.5,8.0,0.125,1.0,12.5,0.0,0.0,0.25,0.0,23.08,10.34,17.24,27.59,23.08,14.29,126.0,0.241,30.0,23.81,14.0,11.11,0.72,0.148,21.26,10.42,14.29,24.71,26.82,15.96
745734,2024-06-20,2024,623993,R,624647,L,walk,False,True,77.0,0.262,18.0,23.38,8.0,10.39,0.856,0.22999999999999998,30.0,13.09,19.46,32.55,27.89,21.18,170.0,0.25,45.0,26.47,24.0,14.12,0.7909999999999999,0.188,28.15,11.77,18.98,30.75,26.34,19.31,60.0,0.16,6.0,10.0,9.0,15.0,0.62,0.16,18.69,8.7,11.74,20.43,29.41,9.52,73.0,0.19,15.0,20.55,7.0,9.59,0.59,0.1119999999999999,30.23,14.29,13.55,27.84,30.92,24.59
745734,2024-06-20,2024,676059,R,624647,L,strikeout,True,False,68.0,0.19,20.0,29.41,4.0,5.88,0.604,0.175,37.78,19.17,13.53,32.71,29.63,25.0,82.0,0.284,23.0,28.05,8.0,9.76,0.786,0.148,32.37,14.29,17.14,31.43,25.99,24.21,60.0,0.16,6.0,10.0,9.0,15.0,0.62,0.16,18.69,8.7,11.74,20.43,29.41,9.52,73.0,0.19,15.0,20.55,7.0,9.59,0.59,0.1119999999999999,30.23,14.29,13.55,27.84,30.92,24.59
745734,2024-06-20,2024,656775,L,624647,L,force_out,False,False,57.0,0.145,12.0,21.05,1.0,1.75,0.411,0.091,18.75,10.05,14.83,24.88,27.96,21.43,120.0,0.233,24.0,20.0,12.0,10.0,0.708,0.165,20.83,9.68,19.35,29.03,20.0,14.81,32.0,0.148,4.0,12.5,3.0,9.38,0.42900000000000005,0.0,18.87,7.19,21.58,28.78,18.57,9.09,62.0,0.259,15.0,24.19,3.0,4.84,0.6679999999999999,0.1029999999999999,27.18,11.62,23.65,35.27,30.25,22.39
745734,2024-06-20,2024,669720,R,624647,L,home_run,False,False,45.0,0.349,16.0,35.56,2.0,4.44,0.7969999999999999,0.07,36.59,17.96,15.57,33.53,36.26,40.0,167.0,0.262,37.0,22.16,16.0,9.58,0.785,0.194,26.6,11.87,17.25,29.11,29.39,20.9,60.0,0.16,6.0,10.0,9.0,15.0,0.62,0.16,18.69,8.7,11.74,20.43,29.41,9.52,73.0,0.19,15.0,20.55,7.0,9.59,0.59,0.1119999999999999,30.23,14.29,13.55,27.84,30.92,24.59
745734,2024-06-20,2024,602104,R,624647,L,field_out,False,False,34.0,0.194,6.0,17.65,1.0,2.94,0.523,0.064,20.29,10.45,14.18,24.63,28.79,14.63,124.0,0.241,29.0,23.39,10.0,8.06,0.654,0.098,26.55,12.58,16.35,28.93,29.75,21.64,60.0,0.16,6.0,10.0,9.0,15.0,0.62,0.16,18.69,8.7,11.74,20.43,29.41,9.52,73.0,0.19,15.0,20.55,7.0,9.59,0.59,0.1119999999999999,30.23,14.29,13.55,27.84,30.92,24.59
745734,2024-06-20,2024,665828,R,669211,L,field_out,False,False,45.0,0.233,9.0,20.0,2.0,4.44,0.546,0.04600000000000001,14.63,7.27,19.39,26.67,31.08,16.36,70.0,0.2,21.0,30.0,3.0,4.29,0.597,0.1539999999999999,28.35,15.65,15.65,31.3,36.19,34.43,85.0,0.189,22.0,25.88,7.0,8.24,0.5860000000000001,0.135,30.82,13.89,18.83,32.72,25.62,24.18,67.0,0.345,18.0,26.87,7.0,10.45,0.857,0.103,25.5,12.88,15.93,28.81,31.58,16.98
745734,2024-06-20,2024,683011,R,669211,L,strikeout,True,False,84.0,0.276,15.0,17.86,7.0,8.33,0.7190000000000001,0.10599999999999998,17.28,8.19,18.13,26.32,26.9,15.15,134.0,0.248,35.0,26.12,16.0,11.94,0.817,0.2309999999999999,28.81,13.49,15.8,29.29,27.07,23.49,85.0,0.189,22.0,25.88,7.0,8.24,0.5860000000000001,0.135,30.82,13.89,18.83,32.72,25.62,24.18,67.0,0.345,18.0,26.87,7.0,10.45,0.857,0.103,25.5,12.88,15.93,28.81,31.58,16.98
745734,2024-06-20,2024,665742,L,669211,L,field_out,False,False,86.0,0.333,12.0,13.95,14.0,16.28,0.9930000000000001,0.21800000000000003,17.04,6.42,20.67,27.09,18.89,11.43,207.0,0.256,48.0,23.19,33.0,15.94,0.813,0.18,25.32,9.65,20.51,30.16,20.61,20.17,68.0,0.213,17.0,25.0,6.0,8.82,0.677,0.18000000000000002,25.0,10.29,19.49,29.78,18.25,23.61,46.0,0.326,9.0,19.57,0.0,0.0,0.869,0.217,24.44,13.33,19.39,32.73,38.36,19.15
745734,2024-06-20,2024,683002,L,657571,L,field_out,False,False,104.0,0.277,28.0,26.92,17.0,16.35,0.9430000000000001,0.253,30.12,11.71,18.5,30.21,17.35,22.95,167.0,0.209,42.0,25.15,18.0,10.78,0.617,0.115,28.77,12.92,19.54,32.46,27.19,20.79,44.0,0.212,12.0,27.27,8.0,18.18,0.7190000000000001,0.12100000000000002,31.34,12.21,18.6,30.81,18.28,24.49,90.0,0.266,26.0,28.89,4.0,4.44,0.748,0.126,27.22,13.33,17.39,30.72,29.94,25.0
745734,2024-06-20,2024,668939,R,657571,L,single,False,False,98.0,0.424,13.0,13.27,6.0,6.12,1.1440000000000001,0.26100000000000007,17.96,7.56,21.16,28.72,23.35,12.5,191.0,0.304,21.0,10.99,31.0,16.23,0.895,0.177,12.46,4.9,20.56,25.46,20.79,8.71,64.0,0.25,17.0,26.56,4.0,6.25,0.714,0.16699999999999998,23.36,12.17,17.11,29.28,30.83,16.67,180.0,0.27,44.0,24.44,19.0,10.56,0.702,0.0819999999999999,25.63,12.6,16.34,28.95,28.12,20.66
745734,2024-06-20,2024,663624,R,657571,L,double,False,False,82.0,0.28,14.0,17.07,7.0,8.54,0.808,0.187,21.11,11.55,11.85,23.4,38.01,14.29,161.0,0.338,29.0,18.01,15.0,9.32,1.053,0.317,25.46,14.21,11.82,26.03,41.95,16.86,64.0,0.25,17.0,26.56,4.0,6.25,0.714,0.16699999999999998,23.36,12.17,17.11,29.28,30.83,16.67,180.0,0.27,44.0,24.44,19.0,10.56,0.702,0.0819999999999999,25.63,12.6,16.34,28.95,28.12,20.66
745734,2024-06-20,2024,656811,L,657571,L,single,False,False,11.0,0.091,0.0,0.0,0.0,0.0,0.182,0.0,27.27,15.38,20.51,35.9,44.44,0.0,29.0,0.192,8.0,27.59,2.0,6.9,0.788,0.346,34.43,16.41,14.84,31.25,27.94,16.0,44.0,0.212,12.0,27.27,8.0,18.18,0.7190000000000001,0.12100000000000002,31.34,12.21,18.6,30.81,18.28,24.49,90.0,0.266,26.0,28.89,4.0,4.44,0.748,0.126,27.22,13.33,17.39,30.72,29.94,25.0
745734,2024-06-20,2024,623993,R,657571,L,strikeout,True,False,77.0,0.262,18.0,23.38,8.0,10.39,0.856,0.22999999999999998,30.0,13.09,19.46,32.55,27.89,21.18,170.0,0.25,45.0,26.47,24.0,14.12,0.7909999999999999,0.188,28.15,11.77,18.98,30.75,26.34,19.31,64.0,0.25,17.0,26.56,4.0,6.25,0.714,0.16699999999999998,23.36,12.17,17.11,29.28,30.83,16.67,180.0,0.27,44.0,24.44,19.0,10.56,0.702,0.0819999999999999,25.63,12.6,16.34,28.95,28.12,20.66
745734,2024-06-20,2024,676059,R,657571,L,field_out,False,False,68.0,0.19,20.0,29.41,4.0,5.88,0.604,0.175,37.78,19.17,13.53,32.71,29.63,25.0,82.0,0.284,23.0,28.05,8.0,9.76,0.786,0.148,32.37,14.29,17.14,31.43,25.99,24.21,64.0,0.25,17.0,26.56,4.0,6.25,0.714,0.16699999999999998,23.36,12.17,17.11,29.28,30.83,16.67,180.0,0.27,44.0,24.44,19.0,10.56,0.702,0.0819999999999999,25.63,12.6,16.34,28.95,28.12,20.66
745734,2024-06-20,2024,663330,R,669211,L,field_out,False,False,8.0,0.286,2.0,25.0,1.0,12.5,1.089,0.428,38.46,17.86,21.43,39.29,18.18,18.18,8.0,0.25,3.0,37.5,0.0,0.0,0.625,0.125,18.75,9.38,15.62,25.0,18.75,30.0,85.0,0.189,22.0,25.88,7.0,8.24,0.5860000000000001,0.135,30.82,13.89,18.83,32.72,25.62,24.18,67.0,0.345,18.0,26.87,7.0,10.45,0.857,0.103,25.5,12.88,15.93,28.81,31.58,16.98
745734,2024-06-20,2024,519317,R,669211,L,strikeout,True,False,68.0,0.25,18.0,26.47,3.0,4.41,0.722,0.188,30.0,15.29,16.86,32.16,34.4,25.35,74.0,0.265,13.0,17.57,6.0,8.11,0.942,0.353,21.88,10.11,15.16,25.27,26.09,20.0,85.0,0.189,22.0,25.88,7.0,8.24,0.5860000000000001,0.135,30.82,13.89,18.83,32.72,25.62,24.18,67.0,0.345,18.0,26.87,7.0,10.45,0.857,0.103,25.5,12.88,15.93,28.81,31.58,16.98
745734,2024-06-20,2024,657077,L,669211,L,field_out,False,False,81.0,0.221,13.0,16.05,10.0,12.35,0.659,0.11700000000000002,17.56,6.78,22.12,28.91,20.61,13.0,161.0,0.22,27.0,16.77,15.0,9.32,0.61,0.0779999999999999,17.21,6.6,24.69,31.29,20.83,15.61,68.0,0.213,17.0,25.0,6.0,8.82,0.677,0.18000000000000002,25.0,10.29,19.49,29.78,18.25,23.61,46.0,0.326,9.0,19.57,0.0,0.0,0.869,0.217,24.44,13.33,19.39,32.73,38.36,19.15
745734,2024-06-20,2024,656775,L,624431,R,double,False,False,167.0,0.211,40.0,23.95,12.0,7.19,0.62,0.144,19.75,10.28,13.54,23.82,28.33,21.51,336.0,0.233,77.0,22.92,31.0,9.23,0.726,0.1889999999999999,26.24,13.25,14.23,27.48,28.99,18.95,1.0,,0.0,0.0,1.0,100.0,,,,0.0,0.0,0.0,0.0,,,,,,,,,,,,,,,
745734,2024-06-20,2024,669720,R,624431,R,field_out,False,False,73.0,0.169,12.0,16.44,4.0,5.48,0.5700000000000001,0.154,23.14,12.17,13.04,25.22,28.18,23.08,399.0,0.28,104.0,26.07,22.0,5.51,0.762,0.1589999999999999,29.22,13.77,18.52,32.29,31.55,22.92,5.0,0.4,0.0,0.0,0.0,0.0,1.2000000000000002,0.4,0.0,0.0,35.71,35.71,37.5,0.0,,,,,,,,,,,,,,
745734,2024-06-20,2024,602104,R,624431,R,single,False,False,80.0,0.276,13.0,16.25,3.0,3.75,0.7989999999999999,0.21099999999999997,28.57,14.38,13.36,27.74,26.85,15.85,272.0,0.274,72.0,26.47,17.0,6.25,0.726,0.1169999999999999,29.67,14.82,16.24,31.07,27.7,24.41,5.0,0.4,0.0,0.0,0.0,0.0,1.2000000000000002,0.4,0.0,0.0,35.71,35.71,37.5,0.0,,,,,,,,,,,,,,
745734,2024-06-20,2024,622761,R,624431,R,field_out,False,False,85.0,0.224,19.0,22.35,4.0,4.71,0.608,0.13099999999999998,23.43,11.99,16.37,28.36,31.76,16.98,214.0,0.178,59.0,27.57,13.0,6.07,0.515,0.1099999999999999,30.51,15.04,17.45,32.49,35.45,26.94,5.0,0.4,0.0,0.0,0.0,0.0,1.2000000000000002,0.4,0.0,0.0,35.71,35.71,37.5,0.0,,,,,,,,,,,,,,
745734,2024-06-20,2024,668939,L,624431,R,walk,False,True,211.0,0.223,45.0,21.33,14.0,6.64,0.638,0.13999999999999999,21.55,10.11,20.21,30.32,33.89,17.79,496.0,0.267,80.0,16.13,61.0,12.3,0.778,0.1519999999999999,16.76,6.91,19.7,26.61,24.41,12.54,1.0,,0.0,0.0,1.0,100.0,,,,0.0,0.0,0.0,0.0,,,,,,,,,,,,,,,
745734,2024-06-20,2024,663624,R,624431,R,single,False,False,203.0,0.27,48.0,23.65,11.0,5.42,0.7809999999999999,0.20099999999999996,23.57,12.92,12.3,25.22,36.68,19.2,310.0,0.235,78.0,25.16,22.0,7.1,0.6399999999999999,0.1139999999999999,29.78,16.05,13.56,29.61,37.06,21.61,5.0,0.4,0.0,0.0,0.0,0.0,1.2000000000000002,0.4,0.0,0.0,35.71,35.71,37.5,0.0,,,,,,,,,,,,,,
745734,2024-06-20,2024,656811,L,624431,R,field_out,False,False,198.0,0.298,22.0,11.11,17.0,8.59,0.862,0.20500000000000002,18.29,8.14,17.37,25.51,22.5,12.57,340.0,0.297,74.0,21.76,13.0,3.82,0.802,0.178,22.26,11.29,14.37,25.66,31.15,17.72,1.0,,0.0,0.0,1.0,100.0,,,,0.0,0.0,0.0,0.0,,,,,,,,,,,,,,,
745734,2024-06-20,2024,700250,L,663989,L,field_out,False,False,4.0,0.0,0.0,0.0,1.0,25.0,0.25,0.0,14.29,9.09,0.0,9.09,20.0,0.0,,,,,,,,,,,,,,,5.0,0.25,1.0,20.0,1.0,20.0,0.65,0.0,14.29,5.56,11.11,16.67,33.33,25.0,19.0,0.167,4.0,21.05,1.0,5.26,0.433,0.0549999999999999,19.35,9.52,9.52,19.05,22.58,50.0
745734,2024-06-20,2024,518934,R,663989,L,field_out,False,False,18.0,0.133,3.0,16.67,2.0,11.11,0.355,0.0,17.24,7.94,22.22,30.16,32.26,16.67,113.0,0.255,25.0,22.12,15.0,13.27,0.761,0.149,20.93,7.45,24.22,31.68,20.95,18.66,11.0,0.182,1.0,9.09,0.0,0.0,0.455,0.09100000000000003,23.81,15.62,15.62,31.25,57.14,10.0,40.0,0.342,5.0,12.5,1.0,2.5,1.007,0.29,19.72,9.79,18.88,28.67,35.38,12.82
745734,2024-06-20,2024,624431,R,663989,L,field_out,False,False,58.0,0.24,8.0,13.79,6.0,10.34,0.796,0.24,19.39,7.48,20.87,28.35,24.14,10.39,44.0,0.268,2.0,4.55,3.0,6.82,0.781,0.195,11.11,5.49,18.9,24.39,37.21,4.08,11.0,0.182,1.0,9.09,0.0,0.0,0.455,0.09100000000000003,23.81,15.62,15.62,31.25,57.14,10.0,40.0,0.342,5.0,12.5,1.0,2.5,1.007,0.29,19.72,9.79,18.88,28.67,35.38,12.82
745645,2024-06-20,2024,679845,R,687765,R,field_out,False,False,73.0,0.213,12.0,16.44,10.0,13.7,0.565,0.033,18.35,7.72,18.15,25.87,22.22,16.67,44.0,0.279,7.0,15.91,1.0,2.27,0.667,0.0929999999999999,20.0,9.64,16.87,26.51,25.61,14.29,130.0,0.242,19.0,14.62,9.0,6.92,0.645,0.10799999999999998,22.05,11.79,13.05,24.84,31.74,13.14,,,,,,,,,,,,,,
745645,2024-06-20,2024,677951,R,687765,R,strikeout,True,False,277.0,0.328,46.0,16.61,22.0,7.94,0.9390000000000001,0.22800000000000004,23.54,11.44,14.74,26.18,29.15,16.67,547.0,0.27,93.0,17.0,33.0,6.03,0.8,0.2149999999999999,22.15,10.87,15.53,26.4,29.62,14.44,130.0,0.242,19.0,14.62,9.0,6.92,0.645,0.10799999999999998,22.05,11.79,13.05,24.84,31.74,13.14,,,,,,,,,,,,,,
745645,2024-06-20,2024,686469,L,687765,R,field_out,False,False,235.0,0.234,31.0,13.19,29.0,12.34,0.759,0.19199999999999998,13.67,5.97,16.04,22.01,26.74,12.6,188.0,0.251,23.0,12.23,15.0,7.98,0.784,0.217,14.85,7.02,17.48,24.5,34.8,10.0,101.0,0.277,24.0,23.76,5.0,4.95,0.746,0.14899999999999997,22.71,11.52,15.69,27.21,30.85,19.01,,,,,,,,,,,,,,
745645,2024-06-20,2024,680474,R,607625,R,strikeout,True,False,130.0,0.246,36.0,27.69,13.0,10.0,0.649,0.07,29.33,12.11,20.55,32.66,20.0,21.43,,,,,,,,,,,,,,,192.0,0.219,37.0,19.27,7.0,3.65,0.623,0.146,22.26,10.44,18.53,28.97,29.04,20.56,297.0,0.245,64.0,21.55,18.0,6.06,0.6719999999999999,0.134,20.04,9.36,18.89,28.25,27.02,20.13
745645,2024-06-20,2024,668709,L,607625,R,walk,False,True,249.0,0.271,43.0,17.27,29.0,11.65,0.827,0.197,24.64,10.6,17.08,27.67,21.86,17.62,232.0,0.209,53.0,22.84,35.0,15.09,0.726,0.184,28.61,12.18,15.3,27.48,19.27,20.46,202.0,0.23,42.0,20.79,14.0,6.93,0.623,0.098,20.0,8.57,21.3,29.87,25.0,18.92,307.0,0.252,76.0,24.76,18.0,5.86,0.744,0.192,23.65,10.83,18.63,29.46,24.83,19.69
745645,2024-06-20,2024,609280,R,607625,R,grounded_into_double_play,False,False,81.0,0.291,12.0,14.81,1.0,1.23,0.6759999999999999,0.08900000000000002,15.19,7.87,18.03,25.9,36.67,13.19,52.0,0.229,6.0,11.54,4.0,7.69,0.705,0.1879999999999999,14.58,7.49,13.9,21.39,30.93,12.77,192.0,0.219,37.0,19.27,7.0,3.65,0.623,0.146,22.26,10.44,18.53,28.97,29.04,20.56,297.0,0.245,64.0,21.55,18.0,6.06,0.6719999999999999,0.134,20.04,9.36,18.89,28.25,27.02,20.13
745645,2024-06-20,2024,521692,R,687765,R,field_out,False,False,224.0,0.291,39.0,17.41,18.0,8.04,0.855,0.196,24.63,13.96,9.34,23.3,42.55,14.39,437.0,0.264,100.0,22.88,11.0,2.52,0.73,0.174,30.72,18.16,9.73,27.89,45.56,22.08,130.0,0.242,19.0,14.62,9.0,6.92,0.645,0.10799999999999998,22.05,11.79,13.05,24.84,31.74,13.14,,,,,,,,,,,,,,
745645,2024-06-20,2024,666023,R,687765,R,home_run,False,False,92.0,0.259,20.0,21.74,7.0,7.61,0.6679999999999999,0.09399999999999997,25.13,13.33,13.33,26.67,32.97,17.7,169.0,0.288,36.0,21.3,9.0,5.33,0.785,0.174,23.9,13.04,10.79,23.84,30.17,16.22,130.0,0.242,19.0,14.62,9.0,6.92,0.645,0.10799999999999998,22.05,11.79,13.05,24.84,31.74,13.14,,,,,,,,,,,,,,
745645,2024-06-20,2024,669004,L,687765,R,double,False,False,184.0,0.179,49.0,26.63,15.0,8.15,0.643,0.21400000000000002,30.24,15.44,11.96,27.4,27.01,17.31,459.0,0.239,122.0,26.58,55.0,11.98,0.752,0.181,32.7,15.24,15.56,30.8,24.84,20.68,101.0,0.277,24.0,23.76,5.0,4.95,0.746,0.14899999999999997,22.71,11.52,15.69,27.21,30.85,19.01,,,,,,,,,,,,,,
745645,2024-06-20,2024,680118,R,687765,R,single,False,False,42.0,0.194,11.0,26.19,3.0,7.14,0.46900000000000003,0.0,31.51,14.84,14.84,29.68,33.72,21.57,97.0,0.264,16.0,16.49,6.0,6.19,0.756,0.173,25.15,12.46,15.65,28.12,25.62,16.33,130.0,0.242,19.0,14.62,9.0,6.92,0.645,0.10799999999999998,22.05,11.79,13.05,24.84,31.74,13.14,,,,,,,,,,,,,,
745645,2024-06-20,2024,641658,R,687765,R,field_out,False,False,50.0,0.298,16.0,32.0,2.0,4.0,0.667,0.04200000000000004,23.47,11.39,19.31,30.69,24.72,23.53,170.0,0.282,45.0,26.47,14.0,8.24,0.74,0.107,24.75,10.81,20.44,31.26,25.39,22.06,130.0,0.242,19.0,14.62,9.0,6.92,0.645,0.10799999999999998,22.05,11.79,13.05,24.84,31.74,13.14,,,,,,,,,,,,,,
745645,2024-06-20,2024,664728,L,687765,R,strikeout,True,False,172.0,0.228,26.0,15.12,10.0,5.81,0.626,0.12599999999999997,16.73,7.73,20.84,28.57,32.17,16.77,253.0,0.223,43.0,17.0,12.0,4.74,0.631,0.147,20.48,9.51,19.8,29.31,28.6,18.78,101.0,0.277,24.0,23.76,5.0,4.95,0.746,0.14899999999999997,22.71,11.52,15.69,27.21,30.85,19.01,,,,,,,,,,,,,,
745645,2024-06-20,2024,667670,R,607625,R,field_out,False,False,194.0,0.268,70.0,36.08,22.0,11.34,0.864,0.238,38.21,18.56,12.7,31.26,30.47,28.57,351.0,0.23,115.0,32.76,33.0,9.4,0.788,0.2419999999999999,37.94,17.82,16.3,34.12,28.65,23.47,192.0,0.219,37.0,19.27,7.0,3.65,0.623,0.146,22.26,10.44,18.53,28.97,29.04,20.56,297.0,0.245,64.0,21.55,18.0,6.06,0.6719999999999999,0.134,20.04,9.36,18.89,28.25,27.02,20.13
745645,2024-06-20,2024,691016,L,607625,R,field_out,False,False,97.0,0.241,32.0,32.99,11.0,11.34,0.802,0.21700000000000003,34.32,15.34,16.67,32.01,28.21,29.91,118.0,0.159,37.0,31.36,10.0,8.47,0.472,0.0839999999999999,33.93,16.67,14.91,31.58,29.36,28.91,202.0,0.23,42.0,20.79,14.0,6.93,0.623,0.098,20.0,8.57,21.3,29.87,25.0,18.92,307.0,0.252,76.0,24.76,18.0,5.86,0.744,0.192,23.65,10.83,18.63,29.46,24.83,19.69
745645,2024-06-20,2024,671732,L,607625,R,strikeout,True,False,107.0,0.204,28.0,26.17,14.0,13.08,0.62,0.10800000000000001,28.35,11.93,18.87,30.8,23.46,19.57,107.0,0.216,29.0,27.1,3.0,2.8,0.616,0.157,31.16,14.83,17.7,32.54,26.94,22.48,202.0,0.23,42.0,20.79,14.0,6.93,0.623,0.098,20.0,8.57,21.3,29.87,25.0,18.92,307.0,0.252,76.0,24.76,18.0,5.86,0.744,0.192,23.65,10.83,18.63,29.46,24.83,19.69
745645,2024-06-20,2024,679845,R,687765,R,field_out,False,False,73.0,0.213,12.0,16.44,10.0,13.7,0.565,0.033,18.35,7.72,18.15,25.87,22.22,16.67,44.0,0.279,7.0,15.91,1.0,2.27,0.667,0.0929999999999999,20.0,9.64,16.87,26.51,25.61,14.29,130.0,0.242,19.0,14.62,9.0,6.92,0.645,0.10799999999999998,22.05,11.79,13.05,24.84,31.74,13.14,,,,,,,,,,,,,,
745645,2024-06-20,2024,677951,R,687765,R,field_out,False,False,277.0,0.328,46.0,16.61,22.0,7.94,0.9390000000000001,0.22800000000000004,23.54,11.44,14.74,26.18,29.15,16.67,547.0,0.27,93.0,17.0,33.0,6.03,0.8,0.2149999999999999,22.15,10.87,15.53,26.4,29.62,14.44,130.0,0.242,19.0,14.62,9.0,6.92,0.645,0.10799999999999998,22.05,11.79,13.05,24.84,31.74,13.14,,,,,,,,,,,,,,
745645,2024-06-20,2024,686469,L,687765,R,field_out,False,False,235.0,0.234,31.0,13.19,29.0,12.34,0.759,0.19199999999999998,13.67,5.97,16.04,22.01,26.74,12.6,188.0,0.251,23.0,12.23,15.0,7.98,0.784,0.217,14.85,7.02,17.48,24.5,34.8,10.0,101.0,0.277,24.0,23.76,5.0,4.95,0.746,0.14899999999999997,22.71,11.52,15.69,27.21,30.85,19.01,,,,,,,,,,,,,,
745645,2024-06-20,2024,680869,R,607625,R,single,False,False,173.0,0.195,59.0,34.1,10.0,5.78,0.5860000000000001,0.14500000000000002,35.1,17.98,15.41,33.38,29.45,30.57,220.0,0.303,54.0,24.55,18.0,8.18,0.969,0.298,30.92,15.24,15.12,30.36,29.22,21.29,192.0,0.219,37.0,19.27,7.0,3.65,0.623,0.146,22.26,10.44,18.53,28.97,29.04,20.56,297.0,0.245,64.0,21.55,18.0,6.06,0.6719999999999999,0.134,20.04,9.36,18.89,28.25,27.02,20.13
745645,2024-06-20,2024,668832,L,607625,R,grounded_into_double_play,False,False,78.0,0.29,23.0,29.49,9.0,11.54,0.8360000000000001,0.17400000000000004,41.61,18.21,15.65,33.87,19.05,25.84,,,,,,,,,,,,,,,202.0,0.23,42.0,20.79,14.0,6.93,0.623,0.098,20.0,8.57,21.3,29.87,25.0,18.92,307.0,0.252,76.0,24.76,18.0,5.86,0.744,0.192,23.65,10.83,18.63,29.46,24.83,19.69
745645,2024-06-20,2024,649557,R,607625,R,single,False,False,17.0,0.059,3.0,17.65,0.0,0.0,0.118,0.0,20.69,12.77,17.02,29.79,54.55,42.86,207.0,0.225,42.0,20.29,8.0,3.86,0.6020000000000001,0.1,24.15,12.87,15.66,28.53,35.94,22.34,192.0,0.219,37.0,19.27,7.0,3.65,0.623,0.146,22.26,10.44,18.53,28.97,29.04,20.56,297.0,0.245,64.0,21.55,18.0,6.06,0.6719999999999999,0.134,20.04,9.36,18.89,28.25,27.02,20.13
745645,2024-06-20,2024,680474,R,607625,R,force_out,False,False,130.0,0.246,36.0,27.69,13.0,10.0,0.649,0.07,29.33,12.11,20.55,32.66,20.0,21.43,,,,,,,,,,,,,,,192.0,0.219,37.0,19.27,7.0,3.65,0.623,0.146,22.26,10.44,18.53,28.97,29.04,20.56,297.0,0.245,64.0,21.55,18.0,6.06,0.6719999999999999,0.134,20.04,9.36,18.89,28.25,27.02,20.13
745645,2024-06-20,2024,521692,R,687765,R,strikeout,True,False,224.0,0.291,39.0,17.41,18.0,8.04,0.855,0.196,24.63,13.96,9.34,23.3,42.55,14.39,437.0,0.264,100.0,22.88,11.0,2.52,0.73,0.174,30.72,18.16,9.73,27.89,45.56,22.08,130.0,0.242,19.0,14.62,9.0,6.92,0.645,0.10799999999999998,22.05,11.79,13.05,24.84,31.74,13.14,,,,,,,,,,,,,,
745645,2024-06-20,2024,666023,R,687765,R,home_run,False,False,92.0,0.259,20.0,21.74,7.0,7.61,0.6679999999999999,0.09399999999999997,25.13,13.33,13.33,26.67,32.97,17.7,169.0,0.288,36.0,21.3,9.0,5.33,0.785,0.174,23.9,13.04,10.79,23.84,30.17,16.22,130.0,0.242,19.0,14.62,9.0,6.92,0.645,0.10799999999999998,22.05,11.79,13.05,24.84,31.74,13.14,,,,,,,,,,,,,,
745645,2024-06-20,2024,669004,L,687765,R,double,False,False,184.0,0.179,49.0,26.63,15.0,8.15,0.643,0.21400000000000002,30.24,15.44,11.96,27.4,27.01,17.31,459.0,0.239,122.0,26.58,55.0,11.98,0.752,0.181,32.7,15.24,15.56,30.8,24.84,20.68,101.0,0.277,24.0,23.76,5.0,4.95,0.746,0.14899999999999997,22.71,11.52,15.69,27.21,30.85,19.01,,,,,,,,,,,,,,
745645,2024-06-20,2024,680118,R,687765,R,field_out,False,False,42.0,0.194,11.0,26.19,3.0,7.14,0.46900000000000003,0.0,31.51,14.84,14.84,29.68,33.72,21.57,97.0,0.264,16.0,16.49,6.0,6.19,0.756,0.173,25.15,12.46,15.65,28.12,25.62,16.33,130.0,0.242,19.0,14.62,9.0,6.92,0.645,0.10799999999999998,22.05,11.79,13.05,24.84,31.74,13.14,,,,,,,,,,,,,,
745645,2024-06-20,2024,641658,R,687765,R,strikeout,True,False,50.0,0.298,16.0,32.0,2.0,4.0,0.667,0.04200000000000004,23.47,11.39,19.31,30.69,24.72,23.53,170.0,0.282,45.0,26.47,14.0,8.24,0.74,0.107,24.75,10.81,20.44,31.26,25.39,22.06,130.0,0.242,19.0,14.62,9.0,6.92,0.645,0.10799999999999998,22.05,11.79,13.05,24.84,31.74,13.14,,,,,,,,,,,,,,
745645,2024-06-20,2024,668709,L,607625,R,field_out,False,False,249.0,0.271,43.0,17.27,29.0,11.65,0.827,0.197,24.64,10.6,17.08,27.67,21.86,17.62,232.0,0.209,53.0,22.84,35.0,15.09,0.726,0.184,28.61,12.18,15.3,27.48,19.27,20.46,202.0,0.23,42.0,20.79,14.0,6.93,0.623,0.098,20.0,8.57,21.3,29.87,25.0,18.92,307.0,0.252,76.0,24.76,18.0,5.86,0.744,0.192,23.65,10.83,18.63,29.46,24.83,19.69
745645,2024-06-20,2024,609280,R,607625,R,single,False,False,81.0,0.291,12.0,14.81,1.0,1.23,0.6759999999999999,0.08900000000000002,15.19,7.87,18.03,25.9,36.67,13.19,52.0,0.229,6.0,11.54,4.0,7.69,0.705,0.1879999999999999,14.58,7.49,13.9,21.39,30.93,12.77,192.0,0.219,37.0,19.27,7.0,3.65,0.623,0.146,22.26,10.44,18.53,28.97,29.04,20.56,297.0,0.245,64.0,21.55,18.0,6.06,0.6719999999999999,0.134,20.04,9.36,18.89,28.25,27.02,20.13
745645,2024-06-20,2024,667670,R,607625,R,grounded_into_double_play,False,False,194.0,0.268,70.0,36.08,22.0,11.34,0.864,0.238,38.21,18.56,12.7,31.26,30.47,28.57,351.0,0.23,115.0,32.76,33.0,9.4,0.788,0.2419999999999999,37.94,17.82,16.3,34.12,28.65,23.47,192.0,0.219,37.0,19.27,7.0,3.65,0.623,0.146,22.26,10.44,18.53,28.97,29.04,20.56,297.0,0.245,64.0,21.55,18.0,6.06,0.6719999999999999,0.134,20.04,9.36,18.89,28.25,27.02,20.13
745645,2024-06-20,2024,664728,L,687765,R,strikeout,True,False,172.0,0.228,26.0,15.12,10.0,5.81,0.626,0.12599999999999997,16.73,7.73,20.84,28.57,32.17,16.77,253.0,0.223,43.0,17.0,12.0,4.74,0.631,0.147,20.48,9.51,19.8,29.31,28.6,18.78,101.0,0.277,24.0,23.76,5.0,4.95,0.746,0.14899999999999997,22.71,11.52,15.69,27.21,30.85,19.01,,,,,,,,,,,,,,
745645,2024-06-20,2024,679845,R,687765,R,strikeout,True,False,73.0,0.213,12.0,16.44,10.0,13.7,0.565,0.033,18.35,7.72,18.15,25.87,22.22,16.67,44.0,0.279,7.0,15.91,1.0,2.27,0.667,0.0929999999999999,20.0,9.64,16.87,26.51,25.61,14.29,130.0,0.242,19.0,14.62,9.0,6.92,0.645,0.10799999999999998,22.05,11.79,13.05,24.84,31.74,13.14,,,,,,,,,,,,,,
745645,2024-06-20,2024,677951,R,687765,R,field_out,False,False,277.0,0.328,46.0,16.61,22.0,7.94,0.9390000000000001,0.22800000000000004,23.54,11.44,14.74,26.18,29.15,16.67,547.0,0.27,93.0,17.0,33.0,6.03,0.8,0.2149999999999999,22.15,10.87,15.53,26.4,29.62,14.44,130.0,0.242,19.0,14.62,9.0,6.92,0.645,0.10799999999999998,22.05,11.79,13.05,24.84,31.74,13.14,,,,,,,,,,,,,,
745645,2024-06-20,2024,691016,L,607625,R,strikeout,True,False,97.0,0.241,32.0,32.99,11.0,11.34,0.802,0.21700000000000003,34.32,15.34,16.67,32.01,28.21,29.91,118.0,0.159,37.0,31.36,10.0,8.47,0.472,0.0839999999999999,33.93,16.67,14.91,31.58,29.36,28.91,202.0,0.23,42.0,20.79,14.0,6.93,0.623,0.098,20.0,8.57,21.3,29.87,25.0,18.92,307.0,0.252,76.0,24.76,18.0,5.86,0.744,0.192,23.65,10.83,18.63,29.46,24.83,19.69
745645,2024-06-20,2024,671732,L,607625,R,field_out,False,False,107.0,0.204,28.0,26.17,14.0,13.08,0.62,0.10800000000000001,28.35,11.93,18.87,30.8,23.46,19.57,107.0,0.216,29.0,27.1,3.0,2.8,0.616,0.157,31.16,14.83,17.7,32.54,26.94,22.48,202.0,0.23,42.0,20.79,14.0,6.93,0.623,0.098,20.0,8.57,21.3,29.87,25.0,18.92,307.0,0.252,76.0,24.76,18.0,5.86,0.744,0.192,23.65,10.83,18.63,29.46,24.83,19.69
745645,2024-06-20,2024,680869,R,607625,R,strikeout,True,False,173.0,0.195,59.0,34.1,10.0,5.78,0.5860000000000001,0.14500000000000002,35.1,17.98,15.41,33.38,29.45,30.57,220.0,0.303,54.0,24.55,18.0,8.18,0.969,0.298,30.92,15.24,15.12,30.36,29.22,21.29,192.0,0.219,37.0,19.27,7.0,3.65,0.623,0.146,22.26,10.44,18.53,28.97,29.04,20.56,297.0,0.245,64.0,21.55,18.0,6.06,0.6719999999999999,0.134,20.04,9.36,18.89,28.25,27.02,20.13
745645,2024-06-20,2024,686469,L,687765,R,field_out,False,False,235.0,0.234,31.0,13.19,29.0,12.34,0.759,0.19199999999999998,13.67,5.97,16.04,22.01,26.74,12.6,188.0,0.251,23.0,12.23,15.0,7.98,0.784,0.217,14.85,7.02,17.48,24.5,34.8,10.0,101.0,0.277,24.0,23.76,5.0,4.95,0.746,0.14899999999999997,22.71,11.52,15.69,27.21,30.85,19.01,,,,,,,,,,,,,,
745645,2024-06-20,2024,521692,R,687765,R,field_out,False,False,224.0,0.291,39.0,17.41,18.0,8.04,0.855,0.196,24.63,13.96,9.34,23.3,42.55,14.39,437.0,0.264,100.0,22.88,11.0,2.52,0.73,0.174,30.72,18.16,9.73,27.89,45.56,22.08,130.0,0.242,19.0,14.62,9.0,6.92,0.645,0.10799999999999998,22.05,11.79,13.05,24.84,31.74,13.14,,,,,,,,,,,,,,
745645,2024-06-20,2024,666023,R,687765,R,single,False,False,92.0,0.259,20.0,21.74,7.0,7.61,0.6679999999999999,0.09399999999999997,25.13,13.33,13.33,26.67,32.97,17.7,169.0,0.288,36.0,21.3,9.0,5.33,0.785,0.174,23.9,13.04,10.79,23.84,30.17,16.22,130.0,0.242,19.0,14.62,9.0,6.92,0.645,0.10799999999999998,22.05,11.79,13.05,24.84,31.74,13.14,,,,,,,,,,,,,,
745645,2024-06-20,2024,669004,L,687765,R,walk,False,True,184.0,0.179,49.0,26.63,15.0,8.15,0.643,0.21400000000000002,30.24,15.44,11.96,27.4,27.01,17.31,459.0,0.239,122.0,26.58,55.0,11.98,0.752,0.181,32.7,15.24,15.56,30.8,24.84,20.68,101.0,0.277,24.0,23.76,5.0,4.95,0.746,0.14899999999999997,22.71,11.52,15.69,27.21,30.85,19.01,,,,,,,,,,,,,,
745645,2024-06-20,2024,680118,R,687765,R,strikeout,True,False,42.0,0.194,11.0,26.19,3.0,7.14,0.46900000000000003,0.0,31.51,14.84,14.84,29.68,33.72,21.57,97.0,0.264,16.0,16.49,6.0,6.19,0.756,0.173,25.15,12.46,15.65,28.12,25.62,16.33,130.0,0.242,19.0,14.62,9.0,6.92,0.645,0.10799999999999998,22.05,11.79,13.05,24.84,31.74,13.14,,,,,,,,,,,,,,
745645,2024-06-20,2024,668832,L,607625,R,strikeout,True,False,78.0,0.29,23.0,29.49,9.0,11.54,0.8360000000000001,0.17400000000000004,41.61,18.21,15.65,33.87,19.05,25.84,,,,,,,,,,,,,,,202.0,0.23,42.0,20.79,14.0,6.93,0.623,0.098,20.0,8.57,21.3,29.87,25.0,18.92,307.0,0.252,76.0,24.76,18.0,5.86,0.744,0.192,23.65,10.83,18.63,29.46,24.83,19.69
745645,2024-06-20,2024,649557,R,607625,R,strikeout,True,False,17.0,0.059,3.0,17.65,0.0,0.0,0.118,0.0,20.69,12.77,17.02,29.79,54.55,42.86,207.0,0.225,42.0,20.29,8.0,3.86,0.6020000000000001,0.1,24.15,12.87,15.66,28.53,35.94,22.34,192.0,0.219,37.0,19.27,7.0,3.65,0.623,0.146,22.26,10.44,18.53,28.97,29.04,20.56,297.0,0.245,64.0,21.55,18.0,6.06,0.6719999999999999,0.134,20.04,9.36,18.89,28.25,27.02,20.13
745645,2024-06-20,2024,680474,R,607625,R,single,False,False,130.0,0.246,36.0,27.69,13.0,10.0,0.649,0.07,29.33,12.11,20.55,32.66,20.0,21.43,,,,,,,,,,,,,,,192.0,0.219,37.0,19.27,7.0,3.65,0.623,0.146,22.26,10.44,18.53,28.97,29.04,20.56,297.0,0.245,64.0,21.55,18.0,6.06,0.6719999999999999,0.134,20.04,9.36,18.89,28.25,27.02,20.13
745645,2024-06-20,2024,668709,L,607625,R,walk,False,True,249.0,0.271,43.0,17.27,29.0,11.65,0.827,0.197,24.64,10.6,17.08,27.67,21.86,17.62,232.0,0.209,53.0,22.84,35.0,15.09,0.726,0.184,28.61,12.18,15.3,27.48,19.27,20.46,202.0,0.23,42.0,20.79,14.0,6.93,0.623,0.098,20.0,8.57,21.3,29.87,25.0,18.92,307.0,0.252,76.0,24.76,18.0,5.86,0.744,0.192,23.65,10.83,18.63,29.46,24.83,19.69
745645,2024-06-20,2024,609280,R,607625,R,field_out,False,False,81.0,0.291,12.0,14.81,1.0,1.23,0.6759999999999999,0.08900000000000002,15.19,7.87,18.03,25.9,36.67,13.19,52.0,0.229,6.0,11.54,4.0,7.69,0.705,0.1879999999999999,14.58,7.49,13.9,21.39,30.93,12.77,192.0,0.219,37.0,19.27,7.0,3.65,0.623,0.146,22.26,10.44,18.53,28.97,29.04,20.56,297.0,0.245,64.0,21.55,18.0,6.06,0.6719999999999999,0.134,20.04,9.36,18.89,28.25,27.02,20.13
745645,2024-06-20,2024,624428,L,657697,R,strikeout,True,False,138.0,0.213,27.0,19.57,14.0,10.14,0.624,0.10700000000000001,17.71,8.3,18.51,26.82,27.7,13.71,392.0,0.248,60.0,15.31,26.0,6.63,0.7090000000000001,0.158,19.43,9.43,17.73,27.16,29.49,14.18,5.0,0.2,1.0,20.0,0.0,0.0,0.4,0.0,20.0,15.79,0.0,15.79,60.0,12.5,6.0,0.4,1.0,16.67,0.0,0.0,0.8,0.0,12.5,4.55,18.18,22.73,23.08,33.33
745645,2024-06-20,2024,664728,L,657697,R,strikeout,True,False,172.0,0.228,26.0,15.12,10.0,5.81,0.626,0.12599999999999997,16.73,7.73,20.84,28.57,32.17,16.77,253.0,0.223,43.0,17.0,12.0,4.74,0.631,0.147,20.48,9.51,19.8,29.31,28.6,18.78,5.0,0.2,1.0,20.0,0.0,0.0,0.4,0.0,20.0,15.79,0.0,15.79,60.0,12.5,6.0,0.4,1.0,16.67,0.0,0.0,0.8,0.0,12.5,4.55,18.18,22.73,23.08,33.33
745645,2024-06-20,2024,679845,R,657697,R,field_out,False,False,73.0,0.213,12.0,16.44,10.0,13.7,0.565,0.033,18.35,7.72,18.15,25.87,22.22,16.67,44.0,0.279,7.0,15.91,1.0,2.27,0.667,0.0929999999999999,20.0,9.64,16.87,26.51,25.61,14.29,20.0,0.333,2.0,10.0,2.0,10.0,0.789,0.055999999999999994,22.58,10.0,18.57,28.57,21.05,14.29,10.0,0.222,2.0,20.0,0.0,0.0,0.633,0.111,25.0,12.5,18.75,31.25,28.57,18.18
745645,2024-06-20,2024,667670,R,607625,R,strikeout,True,False,194.0,0.268,70.0,36.08,22.0,11.34,0.864,0.238,38.21,18.56,12.7,31.26,30.47,28.57,351.0,0.23,115.0,32.76,33.0,9.4,0.788,0.2419999999999999,37.94,17.82,16.3,34.12,28.65,23.47,192.0,0.219,37.0,19.27,7.0,3.65,0.623,0.146,22.26,10.44,18.53,28.97,29.04,20.56,297.0,0.245,64.0,21.55,18.0,6.06,0.6719999999999999,0.134,20.04,9.36,18.89,28.25,27.02,20.13
745645,2024-06-20,2024,691016,L,607625,R,strikeout,True,False,97.0,0.241,32.0,32.99,11.0,11.34,0.802,0.21700000000000003,34.32,15.34,16.67,32.01,28.21,29.91,118.0,0.159,37.0,31.36,10.0,8.47,0.472,0.0839999999999999,33.93,16.67,14.91,31.58,29.36,28.91,202.0,0.23,42.0,20.79,14.0,6.93,0.623,0.098,20.0,8.57,21.3,29.87,25.0,18.92,307.0,0.252,76.0,24.76,18.0,5.86,0.744,0.192,23.65,10.83,18.63,29.46,24.83,19.69
745645,2024-06-20,2024,671732,L,607625,R,double,False,False,107.0,0.204,28.0,26.17,14.0,13.08,0.62,0.10800000000000001,28.35,11.93,18.87,30.8,23.46,19.57,107.0,0.216,29.0,27.1,3.0,2.8,0.616,0.157,31.16,14.83,17.7,32.54,26.94,22.48,202.0,0.23,42.0,20.79,14.0,6.93,0.623,0.098,20.0,8.57,21.3,29.87,25.0,18.92,307.0,0.252,76.0,24.76,18.0,5.86,0.744,0.192,23.65,10.83,18.63,29.46,24.83,19.69
745645,2024-06-20,2024,680869,R,607625,R,home_run,False,False,173.0,0.195,59.0,34.1,10.0,5.78,0.5860000000000001,0.14500000000000002,35.1,17.98,15.41,33.38,29.45,30.57,220.0,0.303,54.0,24.55,18.0,8.18,0.969,0.298,30.92,15.24,15.12,30.36,29.22,21.29,192.0,0.219,37.0,19.27,7.0,3.65,0.623,0.146,22.26,10.44,18.53,28.97,29.04,20.56,297.0,0.245,64.0,21.55,18.0,6.06,0.6719999999999999,0.134,20.04,9.36,18.89,28.25,27.02,20.13
745645,2024-06-20,2024,668832,L,607625,R,walk,False,True,78.0,0.29,23.0,29.49,9.0,11.54,0.8360000000000001,0.17400000000000004,41.61,18.21,15.65,33.87,19.05,25.84,,,,,,,,,,,,,,,202.0,0.23,42.0,20.79,14.0,6.93,0.623,0.098,20.0,8.57,21.3,29.87,25.0,18.92,307.0,0.252,76.0,24.76,18.0,5.86,0.744,0.192,23.65,10.83,18.63,29.46,24.83,19.69
745645,2024-06-20,2024,647351,L,663704,R,double,False,False,218.0,0.239,44.0,20.18,9.0,4.13,0.6399999999999999,0.11699999999999999,19.66,9.52,17.74,27.26,30.92,18.88,20.0,0.412,5.0,25.0,2.0,10.0,1.265,0.353,37.04,15.62,26.56,42.19,25.0,31.25,57.0,0.315,14.0,24.56,1.0,1.75,0.7949999999999999,0.129,29.29,14.43,21.89,36.32,32.99,26.92,38.0,0.257,10.0,26.32,1.0,2.63,0.8599999999999999,0.3139999999999999,22.37,10.69,20.75,31.45,29.17,20.0
745645,2024-06-20,2024,677951,R,657697,R,home_run,False,False,277.0,0.328,46.0,16.61,22.0,7.94,0.9390000000000001,0.22800000000000004,23.54,11.44,14.74,26.18,29.15,16.67,547.0,0.27,93.0,17.0,33.0,6.03,0.8,0.2149999999999999,22.15,10.87,15.53,26.4,29.62,14.44,20.0,0.333,2.0,10.0,2.0,10.0,0.789,0.055999999999999994,22.58,10.0,18.57,28.57,21.05,14.29,10.0,0.222,2.0,20.0,0.0,0.0,0.633,0.111,25.0,12.5,18.75,31.25,28.57,18.18
745645,2024-06-20,2024,686469,L,657697,R,field_out,False,False,235.0,0.234,31.0,13.19,29.0,12.34,0.759,0.19199999999999998,13.67,5.97,16.04,22.01,26.74,12.6,188.0,0.251,23.0,12.23,15.0,7.98,0.784,0.217,14.85,7.02,17.48,24.5,34.8,10.0,5.0,0.2,1.0,20.0,0.0,0.0,0.4,0.0,20.0,15.79,0.0,15.79,60.0,12.5,6.0,0.4,1.0,16.67,0.0,0.0,0.8,0.0,12.5,4.55,18.18,22.73,23.08,33.33
745645,2024-06-20,2024,521692,R,657697,R,field_out,False,False,224.0,0.291,39.0,17.41,18.0,8.04,0.855,0.196,24.63,13.96,9.34,23.3,42.55,14.39,437.0,0.264,100.0,22.88,11.0,2.52,0.73,0.174,30.72,18.16,9.73,27.89,45.56,22.08,20.0,0.333,2.0,10.0,2.0,10.0,0.789,0.055999999999999994,22.58,10.0,18.57,28.57,21.05,14.29,10.0,0.222,2.0,20.0,0.0,0.0,0.633,0.111,25.0,12.5,18.75,31.25,28.57,18.18
745645,2024-06-20,2024,666023,R,657697,R,field_out,False,False,92.0,0.259,20.0,21.74,7.0,7.61,0.6679999999999999,0.09399999999999997,25.13,13.33,13.33,26.67,32.97,17.7,169.0,0.288,36.0,21.3,9.0,5.33,0.785,0.174,23.9,13.04,10.79,23.84,30.17,16.22,20.0,0.333,2.0,10.0,2.0,10.0,0.789,0.055999999999999994,22.58,10.0,18.57,28.57,21.05,14.29,10.0,0.222,2.0,20.0,0.0,0.0,0.633,0.111,25.0,12.5,18.75,31.25,28.57,18.18
745645,2024-06-20,2024,680474,R,663704,R,walk,False,True,130.0,0.246,36.0,27.69,13.0,10.0,0.649,0.07,29.33,12.11,20.55,32.66,20.0,21.43,,,,,,,,,,,,,,,68.0,0.286,12.0,17.65,4.0,5.88,0.804,0.19,30.58,14.29,17.76,32.05,29.85,15.79,52.0,0.22,13.0,25.0,1.0,1.92,0.531,0.0799999999999999,27.06,12.64,23.08,35.71,30.59,28.26
745645,2024-06-20,2024,668709,L,663704,R,field_out,False,False,249.0,0.271,43.0,17.27,29.0,11.65,0.827,0.197,24.64,10.6,17.08,27.67,21.86,17.62,232.0,0.209,53.0,22.84,35.0,15.09,0.726,0.184,28.61,12.18,15.3,27.48,19.27,20.46,57.0,0.315,14.0,24.56,1.0,1.75,0.7949999999999999,0.129,29.29,14.43,21.89,36.32,32.99,26.92,38.0,0.257,10.0,26.32,1.0,2.63,0.8599999999999999,0.3139999999999999,22.37,10.69,20.75,31.45,29.17,20.0
745645,2024-06-20,2024,609280,R,663704,R,walk,False,True,81.0,0.291,12.0,14.81,1.0,1.23,0.6759999999999999,0.08900000000000002,15.19,7.87,18.03,25.9,36.67,13.19,52.0,0.229,6.0,11.54,4.0,7.69,0.705,0.1879999999999999,14.58,7.49,13.9,21.39,30.93,12.77,68.0,0.286,12.0,17.65,4.0,5.88,0.804,0.19,30.58,14.29,17.76,32.05,29.85,15.79,52.0,0.22,13.0,25.0,1.0,1.92,0.531,0.0799999999999999,27.06,12.64,23.08,35.71,30.59,28.26
745645,2024-06-20,2024,667670,R,663704,R,single,False,False,194.0,0.268,70.0,36.08,22.0,11.34,0.864,0.238,38.21,18.56,12.7,31.26,30.47,28.57,351.0,0.23,115.0,32.76,33.0,9.4,0.788,0.2419999999999999,37.94,17.82,16.3,34.12,28.65,23.47,68.0,0.286,12.0,17.65,4.0,5.88,0.804,0.19,30.58,14.29,17.76,32.05,29.85,15.79,52.0,0.22,13.0,25.0,1.0,1.92,0.531,0.0799999999999999,27.06,12.64,23.08,35.71,30.59,28.26
745645,2024-06-20,2024,663527,R,672582,L,force_out,False,False,56.0,0.188,10.0,17.86,5.0,8.93,0.6819999999999999,0.20800000000000002,20.79,9.86,16.9,26.76,26.21,17.86,32.0,0.276,7.0,21.88,3.0,9.38,0.792,0.172,17.86,8.2,16.39,24.59,16.67,18.92,69.0,0.258,10.0,14.49,7.0,10.14,0.688,0.09699999999999998,14.78,6.03,19.86,25.89,14.29,13.33,134.0,0.301,25.0,18.66,6.0,4.48,0.896,0.244,20.0,10.06,12.9,22.96,25.67,15.72
745645,2024-06-20,2024,669004,L,519008,L,field_out,False,False,36.0,0.143,9.0,25.0,1.0,2.78,0.31,0.0,25.0,13.93,11.48,25.41,27.12,27.27,144.0,0.222,48.0,33.33,7.0,4.86,0.597,0.111,39.78,20.52,15.71,36.23,34.2,30.0,59.0,0.25,10.0,16.95,2.0,3.39,0.627,0.08900000000000002,22.11,10.4,22.77,33.17,31.4,21.74,5.0,0.25,1.0,20.0,1.0,20.0,0.65,0.0,42.86,15.79,10.53,26.32,16.67,100.0
745645,2024-06-20,2024,680118,R,519008,L,field_out,False,False,32.0,0.31,7.0,21.88,2.0,6.25,0.872,0.20700000000000002,29.85,16.13,15.32,31.45,31.58,15.56,42.0,0.243,17.0,40.48,4.0,9.52,0.819,0.243,37.65,19.28,12.65,31.93,35.79,32.08,56.0,0.28,10.0,17.86,5.0,8.93,0.6990000000000001,0.07999999999999996,19.59,8.41,19.03,27.43,29.82,17.54,6.0,0.6,1.0,16.67,0.0,0.0,1.467,0.2,31.25,15.62,12.5,28.12,42.86,6.25
745645,2024-06-20,2024,672580,R,519008,L,field_out,False,False,66.0,0.258,4.0,6.06,3.0,4.55,0.76,0.21000000000000002,8.62,4.1,20.9,25.0,27.37,5.41,116.0,0.315,21.0,18.1,5.0,4.31,0.79,0.139,16.58,7.23,23.31,30.54,25.87,18.75,56.0,0.28,10.0,17.86,5.0,8.93,0.6990000000000001,0.07999999999999996,19.59,8.41,19.03,27.43,29.82,17.54,6.0,0.6,1.0,16.67,0.0,0.0,1.467,0.2,31.25,15.62,12.5,28.12,42.86,6.25
745645,2024-06-20,2024,671732,L,672582,L,field_error,False,False,18.0,0.059,8.0,44.44,1.0,5.56,0.22899999999999998,0.059,52.63,27.4,19.18,46.58,43.9,29.63,22.0,0.19,6.0,27.27,1.0,4.55,0.417,0.0,22.5,10.98,19.51,30.49,27.78,23.08,44.0,0.244,13.0,29.55,1.0,2.27,0.517,0.0,14.67,6.25,24.43,30.68,25.0,25.49,48.0,0.196,11.0,22.92,2.0,4.17,0.4679999999999999,0.0429999999999999,19.77,9.44,18.33,27.78,22.37,20.37
745645,2024-06-20,2024,680869,R,672582,L,strikeout,True,False,49.0,0.2,18.0,36.73,4.0,8.16,0.643,0.178,40.7,20.11,15.52,35.63,23.38,40.0,80.0,0.167,28.0,35.0,8.0,10.0,0.486,0.0689999999999999,40.48,21.25,11.56,32.81,27.92,34.57,69.0,0.258,10.0,14.49,7.0,10.14,0.688,0.09699999999999998,14.78,6.03,19.86,25.89,14.29,13.33,134.0,0.301,25.0,18.66,6.0,4.48,0.896,0.244,20.0,10.06,12.9,22.96,25.67,15.72
745645,2024-06-20,2024,669127,R,672582,L,single,False,False,69.0,0.159,20.0,28.99,3.0,4.35,0.511,0.158,29.6,14.07,16.35,30.42,32.62,24.1,146.0,0.179,42.0,28.77,11.0,7.53,0.583,0.164,31.53,15.5,14.0,29.5,31.21,21.11,69.0,0.258,10.0,14.49,7.0,10.14,0.688,0.09699999999999998,14.78,6.03,19.86,25.89,14.29,13.33,134.0,0.301,25.0,18.66,6.0,4.48,0.896,0.244,20.0,10.06,12.9,22.96,25.67,15.72
745645,2024-06-20,2024,663662,R,608717,R,field_out,False,False,38.0,0.167,8.0,21.05,2.0,5.26,0.46099999999999997,0.08299999999999999,27.27,14.79,16.9,31.69,27.78,16.0,,,,,,,,,,,,,,,82.0,0.145,19.0,23.17,10.0,12.2,0.5489999999999999,0.145,27.74,12.3,16.18,28.48,24.05,27.94,234.0,0.242,46.0,19.66,11.0,4.7,0.679,0.158,22.17,11.23,16.08,27.31,29.37,16.37
745645,2024-06-20,2024,680474,R,608717,R,field_out,False,False,130.0,0.246,36.0,27.69,13.0,10.0,0.649,0.07,29.33,12.11,20.55,32.66,20.0,21.43,,,,,,,,,,,,,,,82.0,0.145,19.0,23.17,10.0,12.2,0.5489999999999999,0.145,27.74,12.3,16.18,28.48,24.05,27.94,234.0,0.242,46.0,19.66,11.0,4.7,0.679,0.158,22.17,11.23,16.08,27.31,29.37,16.37
746539,2024-06-20,2024,660271,L,621389,L,home_run,False,False,108.0,0.3,23.0,21.3,7.0,6.48,0.803,0.16000000000000003,26.15,11.92,17.29,29.21,25.24,19.01,170.0,0.245,44.0,25.88,27.0,15.88,0.897,0.287,30.62,13.88,13.59,27.47,31.74,23.04,54.0,0.196,5.0,9.26,1.0,1.85,0.483,0.07900000000000001,17.78,10.13,16.46,26.58,32.73,15.15,72.0,0.269,10.0,13.89,3.0,4.17,0.813,0.238,14.84,7.34,19.69,27.03,27.42,12.5
746539,2024-06-20,2024,669257,R,621389,L,field_out,False,False,76.0,0.359,9.0,11.84,11.0,14.47,1.119,0.31300000000000006,18.9,8.25,14.78,23.02,25.35,12.16,147.0,0.24,22.0,14.97,21.0,14.29,0.8,0.206,20.0,8.97,15.38,24.36,26.59,11.52,163.0,0.349,22.0,13.5,8.0,4.91,0.919,0.18100000000000005,14.04,7.22,17.25,24.47,32.5,13.5,281.0,0.347,40.0,14.23,21.0,7.47,0.944,0.197,15.42,7.56,16.92,24.48,31.3,14.18
746539,2024-06-20,2024,518692,L,621389,L,field_out,False,False,119.0,0.218,19.0,15.97,11.0,9.24,0.651,0.11900000000000002,21.46,11.39,12.53,23.92,32.42,13.1,218.0,0.335,40.0,18.35,15.0,6.88,1.008,0.2739999999999999,21.54,11.31,11.07,22.38,26.41,16.0,54.0,0.196,5.0,9.26,1.0,1.85,0.483,0.07900000000000001,17.78,10.13,16.46,26.58,32.73,15.15,72.0,0.269,10.0,13.89,3.0,4.17,0.813,0.238,14.84,7.34,19.69,27.03,27.42,12.5
746539,2024-06-20,2024,606192,R,621389,L,single,False,False,83.0,0.253,22.0,26.51,4.0,4.82,0.8839999999999999,0.34199999999999997,29.01,15.51,10.56,26.07,28.17,30.14,151.0,0.287,47.0,31.13,5.0,3.31,0.817,0.223,31.76,17.57,12.52,30.09,36.59,25.41,163.0,0.349,22.0,13.5,8.0,4.91,0.919,0.18100000000000005,14.04,7.22,17.25,24.47,32.5,13.5,281.0,0.347,40.0,14.23,21.0,7.47,0.944,0.197,15.42,7.56,16.92,24.48,31.3,14.18
746539,2024-06-20,2024,681624,R,621389,L,field_out,False,False,55.0,0.373,14.0,25.45,3.0,5.45,0.9490000000000001,0.17600000000000005,23.58,12.18,14.29,26.47,32.79,17.28,,,,,,,,,,,,,,,163.0,0.349,22.0,13.5,8.0,4.91,0.919,0.18100000000000005,14.04,7.22,17.25,24.47,32.5,13.5,281.0,0.347,40.0,14.23,21.0,7.47,0.944,0.197,15.42,7.56,16.92,24.48,31.3,14.18
746539,2024-06-20,2024,686668,R,694813,R,field_out,False,False,223.0,0.274,61.0,27.35,19.0,8.52,0.757,0.14699999999999996,30.43,14.91,16.04,30.95,28.71,26.41,299.0,0.207,98.0,32.78,17.0,5.69,0.597,0.131,34.17,17.56,14.33,31.89,31.96,31.51,166.0,0.247,31.0,18.67,6.0,3.61,0.646,0.126,24.76,13.28,14.79,28.07,32.26,18.56,87.0,0.351,11.0,12.64,8.0,9.2,1.074,0.298,26.14,12.82,15.71,28.53,30.57,12.64
746539,2024-06-20,2024,656248,R,694813,R,field_out,False,False,65.0,0.2,18.0,27.69,7.0,10.77,0.639,0.127,33.04,14.51,18.43,32.94,20.63,24.66,29.0,0.222,11.0,37.93,1.0,3.45,0.685,0.222,36.17,16.5,21.36,37.86,32.08,35.48,166.0,0.247,31.0,18.67,6.0,3.61,0.646,0.126,24.76,13.28,14.79,28.07,32.26,18.56,87.0,0.351,11.0,12.64,8.0,9.2,1.074,0.298,26.14,12.82,15.71,28.53,30.57,12.64
746539,2024-06-20,2024,641857,L,694813,R,strikeout,True,False,218.0,0.25,60.0,27.52,21.0,9.63,0.759,0.188,27.19,13.15,15.54,28.7,27.42,19.48,449.0,0.26,141.0,31.4,52.0,11.58,0.826,0.2209999999999999,31.26,14.84,14.94,29.79,25.26,20.41,140.0,0.228,25.0,17.86,17.0,12.14,0.622,0.07299999999999998,24.51,11.55,15.08,26.63,28.62,17.99,65.0,0.322,11.0,16.92,5.0,7.69,0.911,0.22,36.8,19.49,10.17,29.66,38.62,18.33
746539,2024-06-20,2024,500743,R,621389,L,strikeout,True,False,63.0,0.276,3.0,4.76,5.0,7.94,0.799,0.19,11.93,5.53,14.04,19.57,25.41,4.62,145.0,0.286,12.0,8.28,8.0,5.52,0.7370000000000001,0.12,9.75,4.67,17.48,22.15,29.46,10.08,163.0,0.349,22.0,13.5,8.0,4.91,0.919,0.18100000000000005,14.04,7.22,17.25,24.47,32.5,13.5,281.0,0.347,40.0,14.23,21.0,7.47,0.944,0.197,15.42,7.56,16.92,24.48,31.3,14.18
746539,2024-06-20,2024,678246,R,621389,L,field_out,False,False,12.0,0.5,2.0,16.67,2.0,16.67,1.583,0.5,14.29,5.88,19.61,25.49,14.81,12.5,93.0,0.171,14.0,15.05,14.0,15.05,0.696,0.224,21.34,9.0,16.97,25.96,17.01,13.33,163.0,0.349,22.0,13.5,8.0,4.91,0.919,0.18100000000000005,14.04,7.22,17.25,24.47,32.5,13.5,281.0,0.347,40.0,14.23,21.0,7.47,0.944,0.197,15.42,7.56,16.92,24.48,31.3,14.18
746539,2024-06-20,2024,571771,R,621389,L,single,False,False,71.0,0.234,12.0,16.9,6.0,8.45,0.6910000000000001,0.157,18.58,7.98,20.53,28.52,24.06,18.18,162.0,0.239,19.0,11.73,14.0,8.64,0.642,0.099,14.84,6.54,19.31,25.86,25.95,10.67,163.0,0.349,22.0,13.5,8.0,4.91,0.919,0.18100000000000005,14.04,7.22,17.25,24.47,32.5,13.5,281.0,0.347,40.0,14.23,21.0,7.47,0.944,0.197,15.42,7.56,16.92,24.48,31.3,14.18
746539,2024-06-20,2024,621035,R,621389,L,single,False,False,48.0,0.154,18.0,37.5,7.0,14.58,0.5589999999999999,0.12799999999999997,38.61,19.02,9.27,28.29,19.79,26.47,162.0,0.21,59.0,36.42,19.0,11.73,0.7949999999999999,0.268,39.5,18.23,13.46,31.69,20.29,25.54,163.0,0.349,22.0,13.5,8.0,4.91,0.919,0.18100000000000005,14.04,7.22,17.25,24.47,32.5,13.5,281.0,0.347,40.0,14.23,21.0,7.47,0.944,0.197,15.42,7.56,16.92,24.48,31.3,14.18
746539,2024-06-20,2024,660271,L,621389,L,walk,False,True,108.0,0.3,23.0,21.3,7.0,6.48,0.803,0.16000000000000003,26.15,11.92,17.29,29.21,25.24,19.01,170.0,0.245,44.0,25.88,27.0,15.88,0.897,0.287,30.62,13.88,13.59,27.47,31.74,23.04,54.0,0.196,5.0,9.26,1.0,1.85,0.483,0.07900000000000001,17.78,10.13,16.46,26.58,32.73,15.15,72.0,0.269,10.0,13.89,3.0,4.17,0.813,0.238,14.84,7.34,19.69,27.03,27.42,12.5
746539,2024-06-20,2024,669257,R,621389,L,field_out,False,False,76.0,0.359,9.0,11.84,11.0,14.47,1.119,0.31300000000000006,18.9,8.25,14.78,23.02,25.35,12.16,147.0,0.24,22.0,14.97,21.0,14.29,0.8,0.206,20.0,8.97,15.38,24.36,26.59,11.52,163.0,0.349,22.0,13.5,8.0,4.91,0.919,0.18100000000000005,14.04,7.22,17.25,24.47,32.5,13.5,281.0,0.347,40.0,14.23,21.0,7.47,0.944,0.197,15.42,7.56,16.92,24.48,31.3,14.18
746539,2024-06-20,2024,669911,L,694813,R,field_out,False,False,72.0,0.224,25.0,34.72,3.0,4.17,0.742,0.254,30.92,14.92,15.87,30.79,31.61,22.73,104.0,0.189,29.0,27.88,8.0,7.69,0.628,0.179,34.34,17.26,14.21,31.47,29.0,25.0,140.0,0.228,25.0,17.86,17.0,12.14,0.622,0.07299999999999998,24.51,11.55,15.08,26.63,28.62,17.99,65.0,0.322,11.0,16.92,5.0,7.69,0.911,0.22,36.8,19.49,10.17,29.66,38.62,18.33
746539,2024-06-20,2024,660707,R,694813,R,strikeout,True,False,178.0,0.224,39.0,21.91,14.0,7.87,0.6419999999999999,0.13599999999999998,29.6,15.99,13.2,29.19,36.55,21.2,196.0,0.249,69.0,35.2,12.0,6.12,0.729,0.1689999999999999,41.45,21.48,15.97,37.45,41.94,28.28,166.0,0.247,31.0,18.67,6.0,3.61,0.646,0.126,24.76,13.28,14.79,28.07,32.26,18.56,87.0,0.351,11.0,12.64,8.0,9.2,1.074,0.298,26.14,12.82,15.71,28.53,30.57,12.64
746539,2024-06-20,2024,595909,L,694813,R,single,False,False,118.0,0.267,29.0,24.58,11.0,9.32,0.6930000000000001,0.09499999999999997,22.8,11.75,14.02,25.77,31.38,17.58,171.0,0.226,44.0,25.73,12.0,7.02,0.663,0.155,26.67,12.9,15.25,28.15,29.13,19.91,140.0,0.228,25.0,17.86,17.0,12.14,0.622,0.07299999999999998,24.51,11.55,15.08,26.63,28.62,17.99,65.0,0.322,11.0,16.92,5.0,7.69,0.911,0.22,36.8,19.49,10.17,29.66,38.62,18.33
746539,2024-06-20,2024,696100,R,694813,R,strikeout,True,False,59.0,0.164,18.0,30.51,3.0,5.08,0.529,0.145,35.77,20.28,11.52,31.8,35.45,29.51,64.0,0.193,18.0,28.12,5.0,7.81,0.583,0.14,38.6,18.26,16.18,34.44,35.56,28.57,166.0,0.247,31.0,18.67,6.0,3.61,0.646,0.126,24.76,13.28,14.79,28.07,32.26,18.56,87.0,0.351,11.0,12.64,8.0,9.2,1.074,0.298,26.14,12.82,15.71,28.53,30.57,12.64
746539,2024-06-20,2024,518692,L,621389,L,field_out,False,False,119.0,0.218,19.0,15.97,11.0,9.24,0.651,0.11900000000000002,21.46,11.39,12.53,23.92,32.42,13.1,218.0,0.335,40.0,18.35,15.0,6.88,1.008,0.2739999999999999,21.54,11.31,11.07,22.38,26.41,16.0,54.0,0.196,5.0,9.26,1.0,1.85,0.483,0.07900000000000001,17.78,10.13,16.46,26.58,32.73,15.15,72.0,0.269,10.0,13.89,3.0,4.17,0.813,0.238,14.84,7.34,19.69,27.03,27.42,12.5
746539,2024-06-20,2024,606192,R,621389,L,single,False,False,83.0,0.253,22.0,26.51,4.0,4.82,0.8839999999999999,0.34199999999999997,29.01,15.51,10.56,26.07,28.17,30.14,151.0,0.287,47.0,31.13,5.0,3.31,0.817,0.223,31.76,17.57,12.52,30.09,36.59,25.41,163.0,0.349,22.0,13.5,8.0,4.91,0.919,0.18100000000000005,14.04,7.22,17.25,24.47,32.5,13.5,281.0,0.347,40.0,14.23,21.0,7.47,0.944,0.197,15.42,7.56,16.92,24.48,31.3,14.18
746539,2024-06-20,2024,681624,R,621389,L,double,False,False,55.0,0.373,14.0,25.45,3.0,5.45,0.9490000000000001,0.17600000000000005,23.58,12.18,14.29,26.47,32.79,17.28,,,,,,,,,,,,,,,163.0,0.349,22.0,13.5,8.0,4.91,0.919,0.18100000000000005,14.04,7.22,17.25,24.47,32.5,13.5,281.0,0.347,40.0,14.23,21.0,7.47,0.944,0.197,15.42,7.56,16.92,24.48,31.3,14.18
746539,2024-06-20,2024,500743,R,621389,L,field_out,False,False,63.0,0.276,3.0,4.76,5.0,7.94,0.799,0.19,11.93,5.53,14.04,19.57,25.41,4.62,145.0,0.286,12.0,8.28,8.0,5.52,0.7370000000000001,0.12,9.75,4.67,17.48,22.15,29.46,10.08,163.0,0.349,22.0,13.5,8.0,4.91,0.919,0.18100000000000005,14.04,7.22,17.25,24.47,32.5,13.5,281.0,0.347,40.0,14.23,21.0,7.47,0.944,0.197,15.42,7.56,16.92,24.48,31.3,14.18
746539,2024-06-20,2024,678246,R,621389,L,single,False,False,12.0,0.5,2.0,16.67,2.0,16.67,1.583,0.5,14.29,5.88,19.61,25.49,14.81,12.5,93.0,0.171,14.0,15.05,14.0,15.05,0.696,0.224,21.34,9.0,16.97,25.96,17.01,13.33,163.0,0.349,22.0,13.5,8.0,4.91,0.919,0.18100000000000005,14.04,7.22,17.25,24.47,32.5,13.5,281.0,0.347,40.0,14.23,21.0,7.47,0.944,0.197,15.42,7.56,16.92,24.48,31.3,14.18
746539,2024-06-20,2024,571771,R,621389,L,field_out,False,False,71.0,0.234,12.0,16.9,6.0,8.45,0.6910000000000001,0.157,18.58,7.98,20.53,28.52,24.06,18.18,162.0,0.239,19.0,11.73,14.0,8.64,0.642,0.099,14.84,6.54,19.31,25.86,25.95,10.67,163.0,0.349,22.0,13.5,8.0,4.91,0.919,0.18100000000000005,14.04,7.22,17.25,24.47,32.5,13.5,281.0,0.347,40.0,14.23,21.0,7.47,0.944,0.197,15.42,7.56,16.92,24.48,31.3,14.18
746539,2024-06-20,2024,676701,R,694813,R,field_out,False,False,37.0,0.171,8.0,21.62,1.0,2.7,0.365,0.0,24.32,13.95,13.95,27.91,37.88,18.6,122.0,0.257,24.0,19.67,7.0,5.74,0.6950000000000001,0.132,20.9,11.11,14.38,25.49,35.06,16.55,166.0,0.247,31.0,18.67,6.0,3.61,0.646,0.126,24.76,13.28,14.79,28.07,32.26,18.56,87.0,0.351,11.0,12.64,8.0,9.2,1.074,0.298,26.14,12.82,15.71,28.53,30.57,12.64
746539,2024-06-20,2024,691182,L,694813,R,field_out,False,False,28.0,0.148,6.0,21.43,1.0,3.57,0.364,0.037000000000000005,21.82,13.19,13.19,26.37,46.34,22.22,,,,,,,,,,,,,,,140.0,0.228,25.0,17.86,17.0,12.14,0.622,0.07299999999999998,24.51,11.55,15.08,26.63,28.62,17.99,65.0,0.322,11.0,16.92,5.0,7.69,0.911,0.22,36.8,19.49,10.17,29.66,38.62,18.33
746539,2024-06-20,2024,686668,R,694813,R,strikeout,True,False,223.0,0.274,61.0,27.35,19.0,8.52,0.757,0.14699999999999996,30.43,14.91,16.04,30.95,28.71,26.41,299.0,0.207,98.0,32.78,17.0,5.69,0.597,0.131,34.17,17.56,14.33,31.89,31.96,31.51,166.0,0.247,31.0,18.67,6.0,3.61,0.646,0.126,24.76,13.28,14.79,28.07,32.26,18.56,87.0,0.351,11.0,12.64,8.0,9.2,1.074,0.298,26.14,12.82,15.71,28.53,30.57,12.64
746539,2024-06-20,2024,621035,R,621389,L,field_out,False,False,48.0,0.154,18.0,37.5,7.0,14.58,0.5589999999999999,0.12799999999999997,38.61,19.02,9.27,28.29,19.79,26.47,162.0,0.21,59.0,36.42,19.0,11.73,0.7949999999999999,0.268,39.5,18.23,13.46,31.69,20.29,25.54,163.0,0.349,22.0,13.5,8.0,4.91,0.919,0.18100000000000005,14.04,7.22,17.25,24.47,32.5,13.5,281.0,0.347,40.0,14.23,21.0,7.47,0.944,0.197,15.42,7.56,16.92,24.48,31.3,14.18
746539,2024-06-20,2024,660271,L,621389,L,strikeout,True,False,108.0,0.3,23.0,21.3,7.0,6.48,0.803,0.16000000000000003,26.15,11.92,17.29,29.21,25.24,19.01,170.0,0.245,44.0,25.88,27.0,15.88,0.897,0.287,30.62,13.88,13.59,27.47,31.74,23.04,54.0,0.196,5.0,9.26,1.0,1.85,0.483,0.07900000000000001,17.78,10.13,16.46,26.58,32.73,15.15,72.0,0.269,10.0,13.89,3.0,4.17,0.813,0.238,14.84,7.34,19.69,27.03,27.42,12.5
746539,2024-06-20,2024,669257,R,621389,L,home_run,False,False,76.0,0.359,9.0,11.84,11.0,14.47,1.119,0.31300000000000006,18.9,8.25,14.78,23.02,25.35,12.16,147.0,0.24,22.0,14.97,21.0,14.29,0.8,0.206,20.0,8.97,15.38,24.36,26.59,11.52,163.0,0.349,22.0,13.5,8.0,4.91,0.919,0.18100000000000005,14.04,7.22,17.25,24.47,32.5,13.5,281.0,0.347,40.0,14.23,21.0,7.47,0.944,0.197,15.42,7.56,16.92,24.48,31.3,14.18
746539,2024-06-20,2024,518692,L,621389,L,home_run,False,False,119.0,0.218,19.0,15.97,11.0,9.24,0.651,0.11900000000000002,21.46,11.39,12.53,23.92,32.42,13.1,218.0,0.335,40.0,18.35,15.0,6.88,1.008,0.2739999999999999,21.54,11.31,11.07,22.38,26.41,16.0,54.0,0.196,5.0,9.26,1.0,1.85,0.483,0.07900000000000001,17.78,10.13,16.46,26.58,32.73,15.15,72.0,0.269,10.0,13.89,3.0,4.17,0.813,0.238,14.84,7.34,19.69,27.03,27.42,12.5
746539,2024-06-20,2024,606192,R,621389,L,double,False,False,83.0,0.253,22.0,26.51,4.0,4.82,0.8839999999999999,0.34199999999999997,29.01,15.51,10.56,26.07,28.17,30.14,151.0,0.287,47.0,31.13,5.0,3.31,0.817,0.223,31.76,17.57,12.52,30.09,36.59,25.41,163.0,0.349,22.0,13.5,8.0,4.91,0.919,0.18100000000000005,14.04,7.22,17.25,24.47,32.5,13.5,281.0,0.347,40.0,14.23,21.0,7.47,0.944,0.197,15.42,7.56,16.92,24.48,31.3,14.18
746539,2024-06-20,2024,681624,R,621389,L,field_out,False,False,55.0,0.373,14.0,25.45,3.0,5.45,0.9490000000000001,0.17600000000000005,23.58,12.18,14.29,26.47,32.79,17.28,,,,,,,,,,,,,,,163.0,0.349,22.0,13.5,8.0,4.91,0.919,0.18100000000000005,14.04,7.22,17.25,24.47,32.5,13.5,281.0,0.347,40.0,14.23,21.0,7.47,0.944,0.197,15.42,7.56,16.92,24.48,31.3,14.18
746539,2024-06-20,2024,656248,R,694813,R,field_out,False,False,65.0,0.2,18.0,27.69,7.0,10.77,0.639,0.127,33.04,14.51,18.43,32.94,20.63,24.66,29.0,0.222,11.0,37.93,1.0,3.45,0.685,0.222,36.17,16.5,21.36,37.86,32.08,35.48,166.0,0.247,31.0,18.67,6.0,3.61,0.646,0.126,24.76,13.28,14.79,28.07,32.26,18.56,87.0,0.351,11.0,12.64,8.0,9.2,1.074,0.298,26.14,12.82,15.71,28.53,30.57,12.64
746539,2024-06-20,2024,641857,L,694813,R,single,False,False,218.0,0.25,60.0,27.52,21.0,9.63,0.759,0.188,27.19,13.15,15.54,28.7,27.42,19.48,449.0,0.26,141.0,31.4,52.0,11.58,0.826,0.2209999999999999,31.26,14.84,14.94,29.79,25.26,20.41,140.0,0.228,25.0,17.86,17.0,12.14,0.622,0.07299999999999998,24.51,11.55,15.08,26.63,28.62,17.99,65.0,0.322,11.0,16.92,5.0,7.69,0.911,0.22,36.8,19.49,10.17,29.66,38.62,18.33
746539,2024-06-20,2024,669911,L,694813,R,strikeout,True,False,72.0,0.224,25.0,34.72,3.0,4.17,0.742,0.254,30.92,14.92,15.87,30.79,31.61,22.73,104.0,0.189,29.0,27.88,8.0,7.69,0.628,0.179,34.34,17.26,14.21,31.47,29.0,25.0,140.0,0.228,25.0,17.86,17.0,12.14,0.622,0.07299999999999998,24.51,11.55,15.08,26.63,28.62,17.99,65.0,0.322,11.0,16.92,5.0,7.69,0.911,0.22,36.8,19.49,10.17,29.66,38.62,18.33
746539,2024-06-20,2024,660707,R,694813,R,field_out,False,False,178.0,0.224,39.0,21.91,14.0,7.87,0.6419999999999999,0.13599999999999998,29.6,15.99,13.2,29.19,36.55,21.2,196.0,0.249,69.0,35.2,12.0,6.12,0.729,0.1689999999999999,41.45,21.48,15.97,37.45,41.94,28.28,166.0,0.247,31.0,18.67,6.0,3.61,0.646,0.126,24.76,13.28,14.79,28.07,32.26,18.56,87.0,0.351,11.0,12.64,8.0,9.2,1.074,0.298,26.14,12.82,15.71,28.53,30.57,12.64
746539,2024-06-20,2024,500743,R,683627,R,field_out,False,False,63.0,0.3,8.0,12.7,3.0,4.76,0.766,0.133,13.27,5.99,19.82,25.81,26.73,14.81,279.0,0.21,36.0,12.9,18.0,6.45,0.546,0.068,19.79,9.92,16.53,26.45,34.53,12.9,64.0,0.367,4.0,6.25,2.0,3.12,0.908,0.15000000000000002,9.73,4.76,14.29,19.05,22.22,6.35,,,,,,,,,,,,,,
746539,2024-06-20,2024,678246,R,683627,R,field_out,False,False,15.0,0.154,3.0,20.0,1.0,6.67,0.508,0.154,10.0,4.69,17.19,21.88,17.86,13.04,211.0,0.206,47.0,22.27,24.0,11.37,0.6619999999999999,0.15,22.7,10.21,16.28,26.49,22.52,19.5,64.0,0.367,4.0,6.25,2.0,3.12,0.908,0.15000000000000002,9.73,4.76,14.29,19.05,22.22,6.35,,,,,,,,,,,,,,
746539,2024-06-20,2024,571771,R,683627,R,field_out,False,False,93.0,0.179,21.0,22.58,9.0,9.68,0.508,0.07100000000000001,26.46,13.48,15.09,28.57,25.42,18.75,347.0,0.235,78.0,22.48,20.0,5.76,0.647,0.13,27.56,13.17,16.85,30.02,28.91,20.8,64.0,0.367,4.0,6.25,2.0,3.12,0.908,0.15000000000000002,9.73,4.76,14.29,19.05,22.22,6.35,,,,,,,,,,,,,,
746539,2024-06-20,2024,595909,L,694813,R,field_out,False,False,118.0,0.267,29.0,24.58,11.0,9.32,0.6930000000000001,0.09499999999999997,22.8,11.75,14.02,25.77,31.38,17.58,171.0,0.226,44.0,25.73,12.0,7.02,0.663,0.155,26.67,12.9,15.25,28.15,29.13,19.91,140.0,0.228,25.0,17.86,17.0,12.14,0.622,0.07299999999999998,24.51,11.55,15.08,26.63,28.62,17.99,65.0,0.322,11.0,16.92,5.0,7.69,0.911,0.22,36.8,19.49,10.17,29.66,38.62,18.33
746539,2024-06-20,2024,696100,R,694813,R,field_out,False,False,59.0,0.164,18.0,30.51,3.0,5.08,0.529,0.145,35.77,20.28,11.52,31.8,35.45,29.51,64.0,0.193,18.0,28.12,5.0,7.81,0.583,0.14,38.6,18.26,16.18,34.44,35.56,28.57,166.0,0.247,31.0,18.67,6.0,3.61,0.646,0.126,24.76,13.28,14.79,28.07,32.26,18.56,87.0,0.351,11.0,12.64,8.0,9.2,1.074,0.298,26.14,12.82,15.71,28.53,30.57,12.64
746539,2024-06-20,2024,676701,R,694813,R,hit_by_pitch,False,False,37.0,0.171,8.0,21.62,1.0,2.7,0.365,0.0,24.32,13.95,13.95,27.91,37.88,18.6,122.0,0.257,24.0,19.67,7.0,5.74,0.6950000000000001,0.132,20.9,11.11,14.38,25.49,35.06,16.55,166.0,0.247,31.0,18.67,6.0,3.61,0.646,0.126,24.76,13.28,14.79,28.07,32.26,18.56,87.0,0.351,11.0,12.64,8.0,9.2,1.074,0.298,26.14,12.82,15.71,28.53,30.57,12.64
746539,2024-06-20,2024,691182,L,694813,R,single,False,False,28.0,0.148,6.0,21.43,1.0,3.57,0.364,0.037000000000000005,21.82,13.19,13.19,26.37,46.34,22.22,,,,,,,,,,,,,,,140.0,0.228,25.0,17.86,17.0,12.14,0.622,0.07299999999999998,24.51,11.55,15.08,26.63,28.62,17.99,65.0,0.322,11.0,16.92,5.0,7.69,0.911,0.22,36.8,19.49,10.17,29.66,38.62,18.33
746539,2024-06-20,2024,686668,R,694813,R,strikeout,True,False,223.0,0.274,61.0,27.35,19.0,8.52,0.757,0.14699999999999996,30.43,14.91,16.04,30.95,28.71,26.41,299.0,0.207,98.0,32.78,17.0,5.69,0.597,0.131,34.17,17.56,14.33,31.89,31.96,31.51,166.0,0.247,31.0,18.67,6.0,3.61,0.646,0.126,24.76,13.28,14.79,28.07,32.26,18.56,87.0,0.351,11.0,12.64,8.0,9.2,1.074,0.298,26.14,12.82,15.71,28.53,30.57,12.64
746539,2024-06-20,2024,621035,R,683627,R,walk,False,True,62.0,0.088,24.0,38.71,3.0,4.84,0.266,0.017,31.82,15.09,16.38,31.47,23.36,39.34,224.0,0.255,66.0,29.46,22.0,9.82,0.712,0.125,33.11,15.94,15.09,31.03,23.37,20.82,64.0,0.367,4.0,6.25,2.0,3.12,0.908,0.15000000000000002,9.73,4.76,14.29,19.05,22.22,6.35,,,,,,,,,,,,,,
746539,2024-06-20,2024,660271,L,683627,R,field_out,False,False,213.0,0.328,42.0,19.72,26.0,12.21,1.1219999999999999,0.37699999999999995,28.99,14.05,13.35,27.4,29.91,17.36,429.0,0.327,99.0,23.08,64.0,14.92,1.132,0.3739999999999999,32.88,15.48,11.59,27.07,28.86,20.75,51.0,0.275,7.0,13.73,9.0,17.65,0.75,0.07499999999999996,16.87,6.33,20.36,26.7,17.27,11.11,,,,,,,,,,,,,,
746539,2024-06-20,2024,669257,R,683627,R,field_out,False,False,185.0,0.232,32.0,17.3,13.0,7.03,0.688,0.164,19.11,9.37,15.28,24.65,27.94,12.7,407.0,0.268,67.0,16.46,42.0,10.32,0.7949999999999999,0.1659999999999999,19.27,8.8,16.84,25.64,24.5,12.79,64.0,0.367,4.0,6.25,2.0,3.12,0.908,0.15000000000000002,9.73,4.76,14.29,19.05,22.22,6.35,,,,,,,,,,,,,,
746539,2024-06-20,2024,518692,L,683627,R,field_out,False,False,206.0,0.353,31.0,15.05,32.0,15.53,1.056,0.247,19.33,8.94,11.44,20.38,23.01,13.03,514.0,0.33,81.0,15.76,57.0,11.09,0.962,0.218,19.83,9.77,11.31,21.08,27.01,16.63,51.0,0.275,7.0,13.73,9.0,17.65,0.75,0.07499999999999996,16.87,6.33,20.36,26.7,17.27,11.11,,,,,,,,,,,,,,
746539,2024-06-20,2024,656248,R,694813,R,walk,False,True,65.0,0.2,18.0,27.69,7.0,10.77,0.639,0.127,33.04,14.51,18.43,32.94,20.63,24.66,29.0,0.222,11.0,37.93,1.0,3.45,0.685,0.222,36.17,16.5,21.36,37.86,32.08,35.48,166.0,0.247,31.0,18.67,6.0,3.61,0.646,0.126,24.76,13.28,14.79,28.07,32.26,18.56,87.0,0.351,11.0,12.64,8.0,9.2,1.074,0.298,26.14,12.82,15.71,28.53,30.57,12.64
746539,2024-06-20,2024,641857,L,694813,R,strikeout,True,False,218.0,0.25,60.0,27.52,21.0,9.63,0.759,0.188,27.19,13.15,15.54,28.7,27.42,19.48,449.0,0.26,141.0,31.4,52.0,11.58,0.826,0.2209999999999999,31.26,14.84,14.94,29.79,25.26,20.41,140.0,0.228,25.0,17.86,17.0,12.14,0.622,0.07299999999999998,24.51,11.55,15.08,26.63,28.62,17.99,65.0,0.322,11.0,16.92,5.0,7.69,0.911,0.22,36.8,19.49,10.17,29.66,38.62,18.33
746539,2024-06-20,2024,669911,L,694813,R,walk,False,True,72.0,0.224,25.0,34.72,3.0,4.17,0.742,0.254,30.92,14.92,15.87,30.79,31.61,22.73,104.0,0.189,29.0,27.88,8.0,7.69,0.628,0.179,34.34,17.26,14.21,31.47,29.0,25.0,140.0,0.228,25.0,17.86,17.0,12.14,0.622,0.07299999999999998,24.51,11.55,15.08,26.63,28.62,17.99,65.0,0.322,11.0,16.92,5.0,7.69,0.911,0.22,36.8,19.49,10.17,29.66,38.62,18.33
746539,2024-06-20,2024,660707,R,694813,R,single,False,False,178.0,0.224,39.0,21.91,14.0,7.87,0.6419999999999999,0.13599999999999998,29.6,15.99,13.2,29.19,36.55,21.2,196.0,0.249,69.0,35.2,12.0,6.12,0.729,0.1689999999999999,41.45,21.48,15.97,37.45,41.94,28.28,166.0,0.247,31.0,18.67,6.0,3.61,0.646,0.126,24.76,13.28,14.79,28.07,32.26,18.56,87.0,0.351,11.0,12.64,8.0,9.2,1.074,0.298,26.14,12.82,15.71,28.53,30.57,12.64
746539,2024-06-20,2024,595909,L,595014,R,single,False,False,118.0,0.267,29.0,24.58,11.0,9.32,0.6930000000000001,0.09499999999999997,22.8,11.75,14.02,25.77,31.38,17.58,171.0,0.226,44.0,25.73,12.0,7.02,0.663,0.155,26.67,12.9,15.25,28.15,29.13,19.91,24.0,0.174,13.0,54.17,1.0,4.17,0.5559999999999999,0.174,27.87,15.74,11.11,26.85,45.0,35.14,,,,,,,,,,,,,,
746539,2024-06-20,2024,696100,R,595014,R,force_out,False,False,59.0,0.164,18.0,30.51,3.0,5.08,0.529,0.145,35.77,20.28,11.52,31.8,35.45,29.51,64.0,0.193,18.0,28.12,5.0,7.81,0.583,0.14,38.6,18.26,16.18,34.44,35.56,28.57,35.0,0.194,9.0,25.71,4.0,11.43,0.512,0.032,29.09,12.03,24.81,36.84,31.08,22.5,,,,,,,,,,,,,,
746539,2024-06-20,2024,676701,R,595014,R,field_out,False,False,37.0,0.171,8.0,21.62,1.0,2.7,0.365,0.0,24.32,13.95,13.95,27.91,37.88,18.6,122.0,0.257,24.0,19.67,7.0,5.74,0.6950000000000001,0.132,20.9,11.11,14.38,25.49,35.06,16.55,35.0,0.194,9.0,25.71,4.0,11.43,0.512,0.032,29.09,12.03,24.81,36.84,31.08,22.5,,,,,,,,,,,,,,
746539,2024-06-20,2024,606192,R,683627,R,strikeout,True,False,228.0,0.261,65.0,28.51,21.0,9.21,0.817,0.21699999999999997,34.29,17.8,12.58,30.38,29.96,20.5,529.0,0.249,164.0,31.0,33.0,6.24,0.718,0.1639999999999999,36.92,19.57,14.44,34.01,34.81,23.06,64.0,0.367,4.0,6.25,2.0,3.12,0.908,0.15000000000000002,9.73,4.76,14.29,19.05,22.22,6.35,,,,,,,,,,,,,,
746539,2024-06-20,2024,681624,R,683627,R,field_out,False,False,174.0,0.231,49.0,28.16,10.0,5.75,0.6859999999999999,0.16,28.07,15.04,12.85,27.88,32.26,20.76,,,,,,,,,,,,,,,64.0,0.367,4.0,6.25,2.0,3.12,0.908,0.15000000000000002,9.73,4.76,14.29,19.05,22.22,6.35,,,,,,,,,,,,,,
746539,2024-06-20,2024,500743,R,683627,R,field_out,False,False,63.0,0.3,8.0,12.7,3.0,4.76,0.766,0.133,13.27,5.99,19.82,25.81,26.73,14.81,279.0,0.21,36.0,12.9,18.0,6.45,0.546,0.068,19.79,9.92,16.53,26.45,34.53,12.9,64.0,0.367,4.0,6.25,2.0,3.12,0.908,0.15000000000000002,9.73,4.76,14.29,19.05,22.22,6.35,,,,,,,,,,,,,,
746539,2024-06-20,2024,691182,L,543339,R,field_out,False,False,28.0,0.148,6.0,21.43,1.0,3.57,0.364,0.037000000000000005,21.82,13.19,13.19,26.37,46.34,22.22,,,,,,,,,,,,,,,53.0,0.17,17.0,32.08,0.0,0.0,0.51,0.17,30.89,17.12,12.16,29.28,23.23,20.24,5.0,0.0,2.0,40.0,2.0,40.0,0.4,0.0,50.0,21.74,8.7,30.43,8.33,20.0
746539,2024-06-20,2024,686668,R,543339,R,strikeout,True,False,223.0,0.274,61.0,27.35,19.0,8.52,0.757,0.14699999999999996,30.43,14.91,16.04,30.95,28.71,26.41,299.0,0.207,98.0,32.78,17.0,5.69,0.597,0.131,34.17,17.56,14.33,31.89,31.96,31.51,50.0,0.196,13.0,26.0,3.0,6.0,0.5660000000000001,0.13,34.78,16.0,16.0,32.0,28.44,22.81,9.0,0.25,3.0,33.33,1.0,11.11,0.708,0.125,28.57,14.63,9.76,24.39,30.43,21.43
746539,2024-06-20,2024,656248,R,543339,R,field_out,False,False,65.0,0.2,18.0,27.69,7.0,10.77,0.639,0.127,33.04,14.51,18.43,32.94,20.63,24.66,29.0,0.222,11.0,37.93,1.0,3.45,0.685,0.222,36.17,16.5,21.36,37.86,32.08,35.48,50.0,0.196,13.0,26.0,3.0,6.0,0.5660000000000001,0.13,34.78,16.0,16.0,32.0,28.44,22.81,9.0,0.25,3.0,33.33,1.0,11.11,0.708,0.125,28.57,14.63,9.76,24.39,30.43,21.43
746539,2024-06-20,2024,518792,L,641755,R,field_out,False,False,86.0,0.233,15.0,17.44,10.0,11.63,0.815,0.233,25.15,12.15,14.12,26.27,27.87,14.29,349.0,0.276,57.0,16.33,32.0,9.17,0.818,0.1949999999999999,20.45,9.51,16.77,26.27,27.56,15.45,60.0,0.377,14.0,23.33,7.0,11.67,1.242,0.41500000000000004,29.37,14.34,12.79,27.13,25.71,18.18,30.0,0.304,6.0,20.0,4.0,13.33,0.8919999999999999,0.174,23.53,10.81,12.61,23.42,20.34,22.22
746539,2024-06-20,2024,571771,R,641755,R,field_out,False,False,93.0,0.179,21.0,22.58,9.0,9.68,0.508,0.07100000000000001,26.46,13.48,15.09,28.57,25.42,18.75,347.0,0.235,78.0,22.48,20.0,5.76,0.647,0.13,27.56,13.17,16.85,30.02,28.91,20.8,75.0,0.266,18.0,24.0,10.0,13.33,0.813,0.187,33.33,16.78,12.83,29.61,29.03,18.56,46.0,0.326,11.0,23.91,2.0,4.35,0.883,0.209,22.68,11.76,15.51,27.27,28.41,16.18
746539,2024-06-20,2024,621035,R,641755,R,single,False,False,62.0,0.088,24.0,38.71,3.0,4.84,0.266,0.017,31.82,15.09,16.38,31.47,23.36,39.34,224.0,0.255,66.0,29.46,22.0,9.82,0.712,0.125,33.11,15.94,15.09,31.03,23.37,20.82,75.0,0.266,18.0,24.0,10.0,13.33,0.813,0.187,33.33,16.78,12.83,29.61,29.03,18.56,46.0,0.326,11.0,23.91,2.0,4.35,0.883,0.209,22.68,11.76,15.51,27.27,28.41,16.18
746539,2024-06-20,2024,660271,L,641755,R,intent_walk,False,True,213.0,0.328,42.0,19.72,26.0,12.21,1.1219999999999999,0.37699999999999995,28.99,14.05,13.35,27.4,29.91,17.36,429.0,0.327,99.0,23.08,64.0,14.92,1.132,0.3739999999999999,32.88,15.48,11.59,27.07,28.86,20.75,60.0,0.377,14.0,23.33,7.0,11.67,1.242,0.41500000000000004,29.37,14.34,12.79,27.13,25.71,18.18,30.0,0.304,6.0,20.0,4.0,13.33,0.8919999999999999,0.174,23.53,10.81,12.61,23.42,20.34,22.22
746539,2024-06-20,2024,669257,R,641755,R,field_out,False,False,185.0,0.232,32.0,17.3,13.0,7.03,0.688,0.164,19.11,9.37,15.28,24.65,27.94,12.7,407.0,0.268,67.0,16.46,42.0,10.32,0.7949999999999999,0.1659999999999999,19.27,8.8,16.84,25.64,24.5,12.79,75.0,0.266,18.0,24.0,10.0,13.33,0.813,0.187,33.33,16.78,12.83,29.61,29.03,18.56,46.0,0.326,11.0,23.91,2.0,4.35,0.883,0.209,22.68,11.76,15.51,27.27,28.41,16.18
746539,2024-06-20,2024,641857,L,681911,L,home_run,False,False,94.0,0.321,26.0,27.66,11.0,11.7,0.94,0.21000000000000002,28.02,12.78,16.04,28.82,26.13,21.85,178.0,0.191,57.0,32.02,16.0,8.99,0.573,0.118,35.23,16.38,16.64,33.03,25.79,24.15,43.0,0.105,9.0,20.93,3.0,6.98,0.374,0.079,24.68,11.8,15.53,27.33,25.0,16.07,93.0,0.279,31.0,33.33,6.0,6.45,0.7170000000000001,0.1049999999999999,35.26,18.31,12.57,30.87,30.39,26.27
746539,2024-06-20,2024,669911,R,681911,L,strikeout,True,False,29.0,0.111,11.0,37.93,2.0,6.9,0.505,0.22200000000000003,24.53,11.21,20.69,31.9,21.67,28.95,48.0,0.109,21.0,43.75,2.0,4.17,0.255,0.0,48.35,23.53,13.9,37.43,32.11,36.21,75.0,0.098,31.0,41.33,12.0,16.0,0.45599999999999996,0.11499999999999999,36.31,17.43,14.37,31.8,30.54,31.0,124.0,0.25,33.0,26.61,11.0,8.87,0.761,0.188,26.34,12.8,14.4,27.2,26.36,20.75
746539,2024-06-20,2024,660707,R,681911,L,strikeout,True,False,61.0,0.167,12.0,19.67,6.0,9.84,0.41300000000000003,0.0,27.69,14.88,12.81,27.69,43.54,15.19,111.0,0.234,42.0,37.84,3.0,2.7,0.6910000000000001,0.205,35.78,19.62,15.37,34.99,45.73,29.37,75.0,0.098,31.0,41.33,12.0,16.0,0.45599999999999996,0.11499999999999999,36.31,17.43,14.37,31.8,30.54,31.0,124.0,0.25,33.0,26.61,11.0,8.87,0.761,0.188,26.34,12.8,14.4,27.2,26.36,20.75
746539,2024-06-20,2024,607732,R,681911,L,strikeout,True,False,36.0,0.387,8.0,22.22,4.0,11.11,1.25,0.41900000000000004,33.93,15.2,18.4,33.6,22.03,33.33,52.0,0.213,11.0,21.15,3.0,5.77,0.637,0.149,23.08,10.71,20.41,31.12,23.46,19.3,75.0,0.098,31.0,41.33,12.0,16.0,0.45599999999999996,0.11499999999999999,36.31,17.43,14.37,31.8,30.54,31.0,124.0,0.25,33.0,26.61,11.0,8.87,0.761,0.188,26.34,12.8,14.4,27.2,26.36,20.75
746539,2024-06-20,2024,518692,L,664875,R,single,False,False,206.0,0.353,31.0,15.05,32.0,15.53,1.056,0.247,19.33,8.94,11.44,20.38,23.01,13.03,514.0,0.33,81.0,15.76,57.0,11.09,0.962,0.218,19.83,9.77,11.31,21.08,27.01,16.63,42.0,0.344,5.0,11.9,9.0,21.43,1.0,0.15600000000000003,19.05,7.55,15.72,23.27,21.88,13.16,149.0,0.221,29.0,19.46,18.0,12.08,0.6970000000000001,0.1399999999999999,20.35,8.63,17.64,26.27,23.41,23.02
746539,2024-06-20,2024,606192,R,664875,R,force_out,False,False,228.0,0.261,65.0,28.51,21.0,9.21,0.817,0.21699999999999997,34.29,17.8,12.58,30.38,29.96,20.5,529.0,0.249,164.0,31.0,33.0,6.24,0.718,0.1639999999999999,36.92,19.57,14.44,34.01,34.81,23.06,64.0,0.278,17.0,26.56,7.0,10.94,0.719,0.09199999999999997,25.42,10.95,20.8,31.75,27.01,18.28,177.0,0.245,49.0,27.68,18.0,10.17,0.681,0.1029999999999999,27.34,10.96,23.42,34.38,25.86,30.43
746539,2024-06-20,2024,681624,R,664875,R,field_out,False,False,174.0,0.231,49.0,28.16,10.0,5.75,0.6859999999999999,0.16,28.07,15.04,12.85,27.88,32.26,20.76,,,,,,,,,,,,,,,64.0,0.278,17.0,26.56,7.0,10.94,0.719,0.09199999999999997,25.42,10.95,20.8,31.75,27.01,18.28,177.0,0.245,49.0,27.68,18.0,10.17,0.681,0.1029999999999999,27.34,10.96,23.42,34.38,25.86,30.43
746539,2024-06-20,2024,500743,R,664875,R,pickoff_1b,False,False,63.0,0.3,8.0,12.7,3.0,4.76,0.766,0.133,13.27,5.99,19.82,25.81,26.73,14.81,279.0,0.21,36.0,12.9,18.0,6.45,0.546,0.068,19.79,9.92,16.53,26.45,34.53,12.9,64.0,0.278,17.0,26.56,7.0,10.94,0.719,0.09199999999999997,25.42,10.95,20.8,31.75,27.01,18.28,177.0,0.245,49.0,27.68,18.0,10.17,0.681,0.1029999999999999,27.34,10.96,23.42,34.38,25.86,30.43
746539,2024-06-20,2024,696100,R,623465,R,strikeout,True,False,59.0,0.164,18.0,30.51,3.0,5.08,0.529,0.145,35.77,20.28,11.52,31.8,35.45,29.51,64.0,0.193,18.0,28.12,5.0,7.81,0.583,0.14,38.6,18.26,16.18,34.44,35.56,28.57,36.0,0.143,13.0,36.11,1.0,2.78,0.31,0.0,36.62,19.26,21.48,40.74,36.36,30.77,117.0,0.131,41.0,35.04,6.0,5.13,0.406,0.0839999999999999,38.6,17.93,20.95,38.88,34.27,31.3
746539,2024-06-20,2024,666134,L,623465,R,field_out,False,False,90.0,0.182,27.0,30.0,12.0,13.33,0.588,0.11699999999999999,28.66,11.0,22.74,33.74,22.33,18.0,294.0,0.289,92.0,31.29,41.0,13.95,0.945,0.261,33.58,14.12,18.56,32.68,25.97,22.72,37.0,0.281,8.0,21.62,5.0,13.51,0.784,0.125,15.79,6.86,16.57,23.43,15.0,13.56,118.0,0.222,25.0,21.19,7.0,5.93,0.663,0.167,20.91,9.98,18.0,27.98,27.4,17.61
746539,2024-06-20,2024,678662,R,623465,R,strikeout,True,False,236.0,0.291,60.0,25.42,6.0,2.54,0.804,0.198,32.97,20.89,9.68,30.57,46.74,21.35,438.0,0.256,109.0,24.89,17.0,3.88,0.69,0.143,29.47,17.51,10.44,27.95,41.11,20.49,36.0,0.143,13.0,36.11,1.0,2.78,0.31,0.0,36.62,19.26,21.48,40.74,36.36,30.77,117.0,0.131,41.0,35.04,6.0,5.13,0.406,0.0839999999999999,38.6,17.93,20.95,38.88,34.27,31.3
746782,2024-06-20,2024,514888,R,623167,R,field_out,False,False,235.0,0.288,47.0,20.0,14.0,5.96,0.79,0.16900000000000004,20.51,10.45,16.98,27.43,37.3,19.67,297.0,0.322,55.0,18.52,32.0,10.77,0.941,0.218,19.43,8.47,19.0,27.48,31.81,17.74,181.0,0.261,31.0,17.13,18.0,9.94,0.7310000000000001,0.137,21.82,9.88,16.19,26.06,26.11,14.69,256.0,0.345,32.0,12.5,21.0,8.2,1.025,0.28,20.3,10.02,13.61,23.63,27.49,12.06
746782,2024-06-20,2024,608324,R,623167,R,field_out,False,False,205.0,0.258,36.0,17.56,18.0,8.78,0.751,0.16499999999999998,15.76,7.07,18.9,25.98,24.15,13.85,508.0,0.282,67.0,13.19,65.0,12.8,0.8500000000000001,0.186,14.53,5.58,19.65,25.23,16.96,12.88,181.0,0.261,31.0,17.13,18.0,9.94,0.7310000000000001,0.137,21.82,9.88,16.19,26.06,26.11,14.69,256.0,0.345,32.0,12.5,21.0,8.2,1.025,0.28,20.3,10.02,13.61,23.63,27.49,12.06
746782,2024-06-20,2024,670541,L,623167,R,home_run,False,False,197.0,0.27,26.0,13.2,20.0,10.15,0.856,0.236,19.02,8.59,16.9,25.48,30.36,13.61,322.0,0.292,55.0,17.08,49.0,15.22,1.044,0.333,21.1,8.88,15.37,24.25,23.99,15.32,108.0,0.263,20.0,18.52,8.0,7.41,0.843,0.262,22.11,10.68,15.53,26.21,28.77,15.45,210.0,0.282,42.0,20.0,17.0,8.1,0.7949999999999999,0.165,24.87,11.52,15.86,27.39,27.68,20.49
746782,2024-06-20,2024,673237,R,623167,R,field_error,False,False,177.0,0.251,27.0,15.25,6.0,3.39,0.6799999999999999,0.15599999999999997,20.98,11.93,10.46,22.39,41.06,16.07,274.0,0.307,47.0,17.15,7.0,2.55,0.931,0.292,24.58,14.19,11.31,25.51,43.08,17.42,181.0,0.261,31.0,17.13,18.0,9.94,0.7310000000000001,0.137,21.82,9.88,16.19,26.06,26.11,14.69,256.0,0.345,32.0,12.5,21.0,8.2,1.025,0.28,20.3,10.02,13.61,23.63,27.49,12.06
746782,2024-06-20,2024,572138,L,623167,R,strikeout,True,False,143.0,0.23,32.0,22.38,20.0,13.99,0.6799999999999999,0.11399999999999996,25.33,10.38,18.43,28.8,20.77,20.92,79.0,0.13,19.0,24.05,9.0,11.39,0.402,0.0439999999999999,22.79,9.69,16.56,26.25,24.43,21.11,108.0,0.263,20.0,18.52,8.0,7.41,0.843,0.262,22.11,10.68,15.53,26.21,28.77,15.45,210.0,0.282,42.0,20.0,17.0,8.1,0.7949999999999999,0.165,24.87,11.52,15.86,27.39,27.68,20.49
746782,2024-06-20,2024,502054,R,681293,R,walk,False,True,122.0,0.287,25.0,20.49,7.0,5.74,0.6930000000000001,0.07800000000000001,22.77,9.5,21.69,31.2,19.82,17.99,304.0,0.262,71.0,23.36,28.0,9.21,0.767,0.173,26.61,10.98,19.38,30.37,21.23,21.19,109.0,0.271,30.0,27.52,10.0,9.17,0.8,0.177,30.85,14.73,16.86,31.59,26.18,22.73,,,,,,,,,,,,,,
746782,2024-06-20,2024,657757,L,681293,R,strikeout,True,False,216.0,0.234,35.0,16.2,29.0,13.43,0.746,0.168,20.16,8.71,18.3,27.01,28.07,12.54,324.0,0.212,58.0,17.9,28.0,8.64,0.63,0.1369999999999999,20.44,9.67,14.66,24.33,29.35,14.25,144.0,0.294,33.0,22.92,21.0,14.58,0.87,0.177,24.06,10.63,16.94,27.57,23.67,19.64,,,,,,,,,,,,,,
746782,2024-06-20,2024,673357,R,681293,R,field_out,False,False,64.0,0.2,25.0,39.06,4.0,6.25,0.817,0.36699999999999994,36.43,19.03,14.93,33.96,35.56,27.47,477.0,0.252,132.0,27.67,25.0,5.24,0.8340000000000001,0.279,32.83,18.94,10.59,29.53,40.07,24.77,109.0,0.271,30.0,27.52,10.0,9.17,0.8,0.177,30.85,14.73,16.86,31.59,26.18,22.73,,,,,,,,,,,,,,
746782,2024-06-20,2024,683734,R,681293,R,field_out,False,False,222.0,0.222,55.0,24.77,15.0,6.76,0.6579999999999999,0.152,22.33,10.55,17.66,28.21,29.93,20.07,474.0,0.267,109.0,23.0,29.0,6.12,0.774,0.18,26.24,11.95,18.94,30.89,30.92,21.51,109.0,0.271,30.0,27.52,10.0,9.17,0.8,0.177,30.85,14.73,16.86,31.59,26.18,22.73,,,,,,,,,,,,,,
746782,2024-06-20,2024,676694,R,623167,R,single,False,False,141.0,0.26,34.0,24.11,7.0,4.96,0.7070000000000001,0.14500000000000002,33.33,16.35,15.72,32.08,31.69,25.76,263.0,0.218,69.0,26.24,18.0,6.84,0.6459999999999999,0.146,25.89,12.2,16.27,28.47,24.49,21.12,181.0,0.261,31.0,17.13,18.0,9.94,0.7310000000000001,0.137,21.82,9.88,16.19,26.06,26.11,14.69,256.0,0.345,32.0,12.5,21.0,8.2,1.025,0.28,20.3,10.02,13.61,23.63,27.49,12.06
746782,2024-06-20,2024,665161,R,623167,R,field_out,False,False,215.0,0.271,41.0,19.07,10.0,4.65,0.653,0.066,25.19,13.08,15.38,28.46,36.38,17.15,461.0,0.239,107.0,23.21,34.0,7.38,0.655,0.1089999999999999,30.36,15.5,13.92,29.42,35.52,20.7,181.0,0.261,31.0,17.13,18.0,9.94,0.7310000000000001,0.137,21.82,9.88,16.19,26.06,26.11,14.69,256.0,0.345,32.0,12.5,21.0,8.2,1.025,0.28,20.3,10.02,13.61,23.63,27.49,12.06
746782,2024-06-20,2024,643289,R,623167,R,grounded_into_double_play,False,False,126.0,0.292,9.0,7.14,4.0,3.17,0.7,0.09100000000000003,16.52,9.82,12.66,22.48,44.19,8.91,375.0,0.263,58.0,15.47,13.0,3.47,0.6779999999999999,0.124,19.01,10.95,13.18,24.13,40.64,15.68,181.0,0.261,31.0,17.13,18.0,9.94,0.7310000000000001,0.137,21.82,9.88,16.19,26.06,26.11,14.69,256.0,0.345,32.0,12.5,21.0,8.2,1.025,0.28,20.3,10.02,13.61,23.63,27.49,12.06
746782,2024-06-20,2024,643217,L,681293,R,single,False,False,169.0,0.233,25.0,14.79,9.0,5.33,0.6120000000000001,0.10700000000000001,17.28,8.4,17.45,25.85,25.72,13.97,486.0,0.261,67.0,13.79,42.0,8.64,0.67,0.082,19.05,9.13,14.74,23.87,26.13,13.62,144.0,0.294,33.0,22.92,21.0,14.58,0.87,0.177,24.06,10.63,16.94,27.57,23.67,19.64,,,,,,,,,,,,,,
746782,2024-06-20,2024,672820,R,681293,R,field_out,False,False,69.0,0.215,19.0,27.54,2.0,2.9,0.512,0.047000000000000014,25.19,12.94,20.78,33.73,39.32,24.36,123.0,0.178,30.0,24.39,2.0,1.63,0.504,0.136,24.69,13.05,16.81,29.87,39.56,22.39,109.0,0.271,30.0,27.52,10.0,9.17,0.8,0.177,30.85,14.73,16.86,31.59,26.18,22.73,,,,,,,,,,,,,,
746782,2024-06-20,2024,664901,R,681293,R,field_out,False,False,70.0,0.164,19.0,27.14,1.0,1.43,0.41200000000000003,0.06,31.2,15.73,18.55,34.27,32.17,26.03,29.0,0.12,5.0,17.24,3.0,10.34,0.4539999999999999,0.12,26.53,11.21,21.55,32.76,20.83,12.5,109.0,0.271,30.0,27.52,10.0,9.17,0.8,0.177,30.85,14.73,16.86,31.59,26.18,22.73,,,,,,,,,,,,,,
746782,2024-06-20,2024,670032,L,681293,R,walk,False,True,184.0,0.235,29.0,15.76,13.0,7.07,0.565,0.03600000000000003,17.98,8.91,15.78,24.69,27.81,17.79,212.0,0.228,33.0,15.57,24.0,11.32,0.647,0.089,22.47,10.7,16.47,27.16,26.6,14.22,144.0,0.294,33.0,22.92,21.0,14.58,0.87,0.177,24.06,10.63,16.94,27.57,23.67,19.64,,,,,,,,,,,,,,
746782,2024-06-20,2024,455117,R,681293,R,strikeout,True,False,79.0,0.11,28.0,35.44,5.0,6.33,0.345,0.06799999999999999,36.05,18.34,18.69,37.02,35.34,31.03,308.0,0.175,104.0,33.77,20.0,6.49,0.538,0.124,33.85,16.55,17.4,33.96,32.93,28.3,109.0,0.271,30.0,27.52,10.0,9.17,0.8,0.177,30.85,14.73,16.86,31.59,26.18,22.73,,,,,,,,,,,,,,
746782,2024-06-20,2024,676801,R,623167,R,strikeout,True,False,89.0,0.215,28.0,31.46,7.0,7.87,0.585,0.089,34.66,16.9,14.96,31.86,31.31,23.28,319.0,0.25,82.0,25.71,27.0,8.46,0.769,0.186,28.62,13.94,15.79,29.73,30.75,21.75,181.0,0.261,31.0,17.13,18.0,9.94,0.7310000000000001,0.137,21.82,9.88,16.19,26.06,26.11,14.69,256.0,0.345,32.0,12.5,21.0,8.2,1.025,0.28,20.3,10.02,13.61,23.63,27.49,12.06
746782,2024-06-20,2024,514888,R,623167,R,field_out,False,False,235.0,0.288,47.0,20.0,14.0,5.96,0.79,0.16900000000000004,20.51,10.45,16.98,27.43,37.3,19.67,297.0,0.322,55.0,18.52,32.0,10.77,0.941,0.218,19.43,8.47,19.0,27.48,31.81,17.74,181.0,0.261,31.0,17.13,18.0,9.94,0.7310000000000001,0.137,21.82,9.88,16.19,26.06,26.11,14.69,256.0,0.345,32.0,12.5,21.0,8.2,1.025,0.28,20.3,10.02,13.61,23.63,27.49,12.06
746782,2024-06-20,2024,608324,R,623167,R,single,False,False,205.0,0.258,36.0,17.56,18.0,8.78,0.751,0.16499999999999998,15.76,7.07,18.9,25.98,24.15,13.85,508.0,0.282,67.0,13.19,65.0,12.8,0.8500000000000001,0.186,14.53,5.58,19.65,25.23,16.96,12.88,181.0,0.261,31.0,17.13,18.0,9.94,0.7310000000000001,0.137,21.82,9.88,16.19,26.06,26.11,14.69,256.0,0.345,32.0,12.5,21.0,8.2,1.025,0.28,20.3,10.02,13.61,23.63,27.49,12.06
746782,2024-06-20,2024,670541,L,623167,R,single,False,False,197.0,0.27,26.0,13.2,20.0,10.15,0.856,0.236,19.02,8.59,16.9,25.48,30.36,13.61,322.0,0.292,55.0,17.08,49.0,15.22,1.044,0.333,21.1,8.88,15.37,24.25,23.99,15.32,108.0,0.263,20.0,18.52,8.0,7.41,0.843,0.262,22.11,10.68,15.53,26.21,28.77,15.45,210.0,0.282,42.0,20.0,17.0,8.1,0.7949999999999999,0.165,24.87,11.52,15.86,27.39,27.68,20.49
746782,2024-06-20,2024,673237,R,623167,R,field_out,False,False,177.0,0.251,27.0,15.25,6.0,3.39,0.6799999999999999,0.15599999999999997,20.98,11.93,10.46,22.39,41.06,16.07,274.0,0.307,47.0,17.15,7.0,2.55,0.931,0.292,24.58,14.19,11.31,25.51,43.08,17.42,181.0,0.261,31.0,17.13,18.0,9.94,0.7310000000000001,0.137,21.82,9.88,16.19,26.06,26.11,14.69,256.0,0.345,32.0,12.5,21.0,8.2,1.025,0.28,20.3,10.02,13.61,23.63,27.49,12.06
746782,2024-06-20,2024,502054,R,681293,R,field_out,False,False,122.0,0.287,25.0,20.49,7.0,5.74,0.6930000000000001,0.07800000000000001,22.77,9.5,21.69,31.2,19.82,17.99,304.0,0.262,71.0,23.36,28.0,9.21,0.767,0.173,26.61,10.98,19.38,30.37,21.23,21.19,109.0,0.271,30.0,27.52,10.0,9.17,0.8,0.177,30.85,14.73,16.86,31.59,26.18,22.73,,,,,,,,,,,,,,
746782,2024-06-20,2024,657757,L,681293,R,single,False,False,216.0,0.234,35.0,16.2,29.0,13.43,0.746,0.168,20.16,8.71,18.3,27.01,28.07,12.54,324.0,0.212,58.0,17.9,28.0,8.64,0.63,0.1369999999999999,20.44,9.67,14.66,24.33,29.35,14.25,144.0,0.294,33.0,22.92,21.0,14.58,0.87,0.177,24.06,10.63,16.94,27.57,23.67,19.64,,,,,,,,,,,,,,
746782,2024-06-20,2024,673357,R,681293,R,field_out,False,False,64.0,0.2,25.0,39.06,4.0,6.25,0.817,0.36699999999999994,36.43,19.03,14.93,33.96,35.56,27.47,477.0,0.252,132.0,27.67,25.0,5.24,0.8340000000000001,0.279,32.83,18.94,10.59,29.53,40.07,24.77,109.0,0.271,30.0,27.52,10.0,9.17,0.8,0.177,30.85,14.73,16.86,31.59,26.18,22.73,,,,,,,,,,,,,,
746782,2024-06-20,2024,683734,R,681293,R,force_out,False,False,222.0,0.222,55.0,24.77,15.0,6.76,0.6579999999999999,0.152,22.33,10.55,17.66,28.21,29.93,20.07,474.0,0.267,109.0,23.0,29.0,6.12,0.774,0.18,26.24,11.95,18.94,30.89,30.92,21.51,109.0,0.271,30.0,27.52,10.0,9.17,0.8,0.177,30.85,14.73,16.86,31.59,26.18,22.73,,,,,,,,,,,,,,
746782,2024-06-20,2024,572138,L,623167,R,walk,False,True,143.0,0.23,32.0,22.38,20.0,13.99,0.6799999999999999,0.11399999999999996,25.33,10.38,18.43,28.8,20.77,20.92,79.0,0.13,19.0,24.05,9.0,11.39,0.402,0.0439999999999999,22.79,9.69,16.56,26.25,24.43,21.11,108.0,0.263,20.0,18.52,8.0,7.41,0.843,0.262,22.11,10.68,15.53,26.21,28.77,15.45,210.0,0.282,42.0,20.0,17.0,8.1,0.7949999999999999,0.165,24.87,11.52,15.86,27.39,27.68,20.49
746782,2024-06-20,2024,676694,R,623167,R,walk,False,True,141.0,0.26,34.0,24.11,7.0,4.96,0.7070000000000001,0.14500000000000002,33.33,16.35,15.72,32.08,31.69,25.76,263.0,0.218,69.0,26.24,18.0,6.84,0.6459999999999999,0.146,25.89,12.2,16.27,28.47,24.49,21.12,181.0,0.261,31.0,17.13,18.0,9.94,0.7310000000000001,0.137,21.82,9.88,16.19,26.06,26.11,14.69,256.0,0.345,32.0,12.5,21.0,8.2,1.025,0.28,20.3,10.02,13.61,23.63,27.49,12.06
746782,2024-06-20,2024,665161,R,623167,R,strikeout,True,False,215.0,0.271,41.0,19.07,10.0,4.65,0.653,0.066,25.19,13.08,15.38,28.46,36.38,17.15,461.0,0.239,107.0,23.21,34.0,7.38,0.655,0.1089999999999999,30.36,15.5,13.92,29.42,35.52,20.7,181.0,0.261,31.0,17.13,18.0,9.94,0.7310000000000001,0.137,21.82,9.88,16.19,26.06,26.11,14.69,256.0,0.345,32.0,12.5,21.0,8.2,1.025,0.28,20.3,10.02,13.61,23.63,27.49,12.06
746782,2024-06-20,2024,643289,R,623167,R,field_out,False,False,126.0,0.292,9.0,7.14,4.0,3.17,0.7,0.09100000000000003,16.52,9.82,12.66,22.48,44.19,8.91,375.0,0.263,58.0,15.47,13.0,3.47,0.6779999999999999,0.124,19.01,10.95,13.18,24.13,40.64,15.68,181.0,0.261,31.0,17.13,18.0,9.94,0.7310000000000001,0.137,21.82,9.88,16.19,26.06,26.11,14.69,256.0,0.345,32.0,12.5,21.0,8.2,1.025,0.28,20.3,10.02,13.61,23.63,27.49,12.06
746782,2024-06-20,2024,676801,R,623167,R,field_out,False,False,89.0,0.215,28.0,31.46,7.0,7.87,0.585,0.089,34.66,16.9,14.96,31.86,31.31,23.28,319.0,0.25,82.0,25.71,27.0,8.46,0.769,0.186,28.62,13.94,15.79,29.73,30.75,21.75,181.0,0.261,31.0,17.13,18.0,9.94,0.7310000000000001,0.137,21.82,9.88,16.19,26.06,26.11,14.69,256.0,0.345,32.0,12.5,21.0,8.2,1.025,0.28,20.3,10.02,13.61,23.63,27.49,12.06
746782,2024-06-20,2024,643217,L,681293,R,walk,False,True,169.0,0.233,25.0,14.79,9.0,5.33,0.6120000000000001,0.10700000000000001,17.28,8.4,17.45,25.85,25.72,13.97,486.0,0.261,67.0,13.79,42.0,8.64,0.67,0.082,19.05,9.13,14.74,23.87,26.13,13.62,144.0,0.294,33.0,22.92,21.0,14.58,0.87,0.177,24.06,10.63,16.94,27.57,23.67,19.64,,,,,,,,,,,,,,
746782,2024-06-20,2024,672820,R,681293,R,grounded_into_double_play,False,False,69.0,0.215,19.0,27.54,2.0,2.9,0.512,0.047000000000000014,25.19,12.94,20.78,33.73,39.32,24.36,123.0,0.178,30.0,24.39,2.0,1.63,0.504,0.136,24.69,13.05,16.81,29.87,39.56,22.39,109.0,0.271,30.0,27.52,10.0,9.17,0.8,0.177,30.85,14.73,16.86,31.59,26.18,22.73,,,,,,,,,,,,,,
746782,2024-06-20,2024,664901,R,681293,R,hit_by_pitch,False,False,70.0,0.164,19.0,27.14,1.0,1.43,0.41200000000000003,0.06,31.2,15.73,18.55,34.27,32.17,26.03,29.0,0.12,5.0,17.24,3.0,10.34,0.4539999999999999,0.12,26.53,11.21,21.55,32.76,20.83,12.5,109.0,0.271,30.0,27.52,10.0,9.17,0.8,0.177,30.85,14.73,16.86,31.59,26.18,22.73,,,,,,,,,,,,,,
746782,2024-06-20,2024,670032,L,681293,R,field_out,False,False,184.0,0.235,29.0,15.76,13.0,7.07,0.565,0.03600000000000003,17.98,8.91,15.78,24.69,27.81,17.79,212.0,0.228,33.0,15.57,24.0,11.32,0.647,0.089,22.47,10.7,16.47,27.16,26.6,14.22,144.0,0.294,33.0,22.92,21.0,14.58,0.87,0.177,24.06,10.63,16.94,27.57,23.67,19.64,,,,,,,,,,,,,,
746782,2024-06-20,2024,514888,R,623167,R,walk,False,True,235.0,0.288,47.0,20.0,14.0,5.96,0.79,0.16900000000000004,20.51,10.45,16.98,27.43,37.3,19.67,297.0,0.322,55.0,18.52,32.0,10.77,0.941,0.218,19.43,8.47,19.0,27.48,31.81,17.74,181.0,0.261,31.0,17.13,18.0,9.94,0.7310000000000001,0.137,21.82,9.88,16.19,26.06,26.11,14.69,256.0,0.345,32.0,12.5,21.0,8.2,1.025,0.28,20.3,10.02,13.61,23.63,27.49,12.06
746782,2024-06-20,2024,608324,R,623167,R,single,False,False,205.0,0.258,36.0,17.56,18.0,8.78,0.751,0.16499999999999998,15.76,7.07,18.9,25.98,24.15,13.85,508.0,0.282,67.0,13.19,65.0,12.8,0.8500000000000001,0.186,14.53,5.58,19.65,25.23,16.96,12.88,181.0,0.261,31.0,17.13,18.0,9.94,0.7310000000000001,0.137,21.82,9.88,16.19,26.06,26.11,14.69,256.0,0.345,32.0,12.5,21.0,8.2,1.025,0.28,20.3,10.02,13.61,23.63,27.49,12.06
746782,2024-06-20,2024,670541,L,623167,R,strikeout,True,False,197.0,0.27,26.0,13.2,20.0,10.15,0.856,0.236,19.02,8.59,16.9,25.48,30.36,13.61,322.0,0.292,55.0,17.08,49.0,15.22,1.044,0.333,21.1,8.88,15.37,24.25,23.99,15.32,108.0,0.263,20.0,18.52,8.0,7.41,0.843,0.262,22.11,10.68,15.53,26.21,28.77,15.45,210.0,0.282,42.0,20.0,17.0,8.1,0.7949999999999999,0.165,24.87,11.52,15.86,27.39,27.68,20.49
746782,2024-06-20,2024,673237,R,623167,R,grounded_into_double_play,False,False,177.0,0.251,27.0,15.25,6.0,3.39,0.6799999999999999,0.15599999999999997,20.98,11.93,10.46,22.39,41.06,16.07,274.0,0.307,47.0,17.15,7.0,2.55,0.931,0.292,24.58,14.19,11.31,25.51,43.08,17.42,181.0,0.261,31.0,17.13,18.0,9.94,0.7310000000000001,0.137,21.82,9.88,16.19,26.06,26.11,14.69,256.0,0.345,32.0,12.5,21.0,8.2,1.025,0.28,20.3,10.02,13.61,23.63,27.49,12.06
746782,2024-06-20,2024,455117,R,681293,R,single,False,False,79.0,0.11,28.0,35.44,5.0,6.33,0.345,0.06799999999999999,36.05,18.34,18.69,37.02,35.34,31.03,308.0,0.175,104.0,33.77,20.0,6.49,0.538,0.124,33.85,16.55,17.4,33.96,32.93,28.3,109.0,0.271,30.0,27.52,10.0,9.17,0.8,0.177,30.85,14.73,16.86,31.59,26.18,22.73,,,,,,,,,,,,,,
746782,2024-06-20,2024,502054,R,681293,R,walk,False,True,122.0,0.287,25.0,20.49,7.0,5.74,0.6930000000000001,0.07800000000000001,22.77,9.5,21.69,31.2,19.82,17.99,304.0,0.262,71.0,23.36,28.0,9.21,0.767,0.173,26.61,10.98,19.38,30.37,21.23,21.19,109.0,0.271,30.0,27.52,10.0,9.17,0.8,0.177,30.85,14.73,16.86,31.59,26.18,22.73,,,,,,,,,,,,,,
746782,2024-06-20,2024,657757,L,681293,R,field_out,False,False,216.0,0.234,35.0,16.2,29.0,13.43,0.746,0.168,20.16,8.71,18.3,27.01,28.07,12.54,324.0,0.212,58.0,17.9,28.0,8.64,0.63,0.1369999999999999,20.44,9.67,14.66,24.33,29.35,14.25,144.0,0.294,33.0,22.92,21.0,14.58,0.87,0.177,24.06,10.63,16.94,27.57,23.67,19.64,,,,,,,,,,,,,,
746782,2024-06-20,2024,673357,R,681293,R,double,False,False,64.0,0.2,25.0,39.06,4.0,6.25,0.817,0.36699999999999994,36.43,19.03,14.93,33.96,35.56,27.47,477.0,0.252,132.0,27.67,25.0,5.24,0.8340000000000001,0.279,32.83,18.94,10.59,29.53,40.07,24.77,109.0,0.271,30.0,27.52,10.0,9.17,0.8,0.177,30.85,14.73,16.86,31.59,26.18,22.73,,,,,,,,,,,,,,
746782,2024-06-20,2024,683734,R,681293,R,single,False,False,222.0,0.222,55.0,24.77,15.0,6.76,0.6579999999999999,0.152,22.33,10.55,17.66,28.21,29.93,20.07,474.0,0.267,109.0,23.0,29.0,6.12,0.774,0.18,26.24,11.95,18.94,30.89,30.92,21.51,109.0,0.271,30.0,27.52,10.0,9.17,0.8,0.177,30.85,14.73,16.86,31.59,26.18,22.73,,,,,,,,,,,,,,
746782,2024-06-20,2024,643217,L,605463,R,sac_fly,False,False,169.0,0.233,25.0,14.79,9.0,5.33,0.6120000000000001,0.10700000000000001,17.28,8.4,17.45,25.85,25.72,13.97,486.0,0.261,67.0,13.79,42.0,8.64,0.67,0.082,19.05,9.13,14.74,23.87,26.13,13.62,76.0,0.141,14.0,18.42,9.0,11.84,0.441,0.047000000000000014,25.36,11.51,15.79,27.3,27.98,18.18,27.0,0.15,5.0,18.52,6.0,22.22,0.72,0.1999999999999999,30.23,11.3,12.17,23.48,18.33,15.62
746782,2024-06-20,2024,672820,R,605463,R,strikeout,True,False,69.0,0.215,19.0,27.54,2.0,2.9,0.512,0.047000000000000014,25.19,12.94,20.78,33.73,39.32,24.36,123.0,0.178,30.0,24.39,2.0,1.63,0.504,0.136,24.69,13.05,16.81,29.87,39.56,22.39,72.0,0.19,21.0,29.17,8.0,11.11,0.546,0.064,31.34,13.21,19.5,32.7,25.44,19.09,61.0,0.37,12.0,19.67,4.0,6.56,1.074,0.278,22.52,10.82,16.02,26.84,31.45,17.91
746782,2024-06-20,2024,572138,L,623167,R,field_out,False,False,143.0,0.23,32.0,22.38,20.0,13.99,0.6799999999999999,0.11399999999999996,25.33,10.38,18.43,28.8,20.77,20.92,79.0,0.13,19.0,24.05,9.0,11.39,0.402,0.0439999999999999,22.79,9.69,16.56,26.25,24.43,21.11,108.0,0.263,20.0,18.52,8.0,7.41,0.843,0.262,22.11,10.68,15.53,26.21,28.77,15.45,210.0,0.282,42.0,20.0,17.0,8.1,0.7949999999999999,0.165,24.87,11.52,15.86,27.39,27.68,20.49
746782,2024-06-20,2024,676694,R,623167,R,strikeout,True,False,141.0,0.26,34.0,24.11,7.0,4.96,0.7070000000000001,0.14500000000000002,33.33,16.35,15.72,32.08,31.69,25.76,263.0,0.218,69.0,26.24,18.0,6.84,0.6459999999999999,0.146,25.89,12.2,16.27,28.47,24.49,21.12,181.0,0.261,31.0,17.13,18.0,9.94,0.7310000000000001,0.137,21.82,9.88,16.19,26.06,26.11,14.69,256.0,0.345,32.0,12.5,21.0,8.2,1.025,0.28,20.3,10.02,13.61,23.63,27.49,12.06
746782,2024-06-20,2024,665161,R,623167,R,strikeout,True,False,215.0,0.271,41.0,19.07,10.0,4.65,0.653,0.066,25.19,13.08,15.38,28.46,36.38,17.15,461.0,0.239,107.0,23.21,34.0,7.38,0.655,0.1089999999999999,30.36,15.5,13.92,29.42,35.52,20.7,181.0,0.261,31.0,17.13,18.0,9.94,0.7310000000000001,0.137,21.82,9.88,16.19,26.06,26.11,14.69,256.0,0.345,32.0,12.5,21.0,8.2,1.025,0.28,20.3,10.02,13.61,23.63,27.49,12.06
746782,2024-06-20,2024,664901,R,605463,R,strikeout,True,False,70.0,0.164,19.0,27.14,1.0,1.43,0.41200000000000003,0.06,31.2,15.73,18.55,34.27,32.17,26.03,29.0,0.12,5.0,17.24,3.0,10.34,0.4539999999999999,0.12,26.53,11.21,21.55,32.76,20.83,12.5,72.0,0.19,21.0,29.17,8.0,11.11,0.546,0.064,31.34,13.21,19.5,32.7,25.44,19.09,61.0,0.37,12.0,19.67,4.0,6.56,1.074,0.278,22.52,10.82,16.02,26.84,31.45,17.91
746782,2024-06-20,2024,670032,L,605463,R,walk,False,True,184.0,0.235,29.0,15.76,13.0,7.07,0.565,0.03600000000000003,17.98,8.91,15.78,24.69,27.81,17.79,212.0,0.228,33.0,15.57,24.0,11.32,0.647,0.089,22.47,10.7,16.47,27.16,26.6,14.22,76.0,0.141,14.0,18.42,9.0,11.84,0.441,0.047000000000000014,25.36,11.51,15.79,27.3,27.98,18.18,27.0,0.15,5.0,18.52,6.0,22.22,0.72,0.1999999999999999,30.23,11.3,12.17,23.48,18.33,15.62
746782,2024-06-20,2024,455117,R,605463,R,grounded_into_double_play,False,False,79.0,0.11,28.0,35.44,5.0,6.33,0.345,0.06799999999999999,36.05,18.34,18.69,37.02,35.34,31.03,308.0,0.175,104.0,33.77,20.0,6.49,0.538,0.124,33.85,16.55,17.4,33.96,32.93,28.3,72.0,0.19,21.0,29.17,8.0,11.11,0.546,0.064,31.34,13.21,19.5,32.7,25.44,19.09,61.0,0.37,12.0,19.67,4.0,6.56,1.074,0.278,22.52,10.82,16.02,26.84,31.45,17.91
746782,2024-06-20,2024,643289,R,621051,R,double,False,False,126.0,0.292,9.0,7.14,4.0,3.17,0.7,0.09100000000000003,16.52,9.82,12.66,22.48,44.19,8.91,375.0,0.263,58.0,15.47,13.0,3.47,0.6779999999999999,0.124,19.01,10.95,13.18,24.13,40.64,15.68,48.0,0.195,12.0,25.0,4.0,8.33,0.734,0.268,25.93,12.21,16.28,28.49,23.08,27.91,129.0,0.184,36.0,27.91,13.0,10.08,0.63,0.1669999999999999,28.24,12.88,16.99,29.87,25.45,19.67
746782,2024-06-20,2024,663550,L,621051,R,strikeout,True,False,33.0,0.303,6.0,18.18,0.0,0.0,0.788,0.182,25.4,14.16,11.5,25.66,32.73,18.18,52.0,0.22,24.0,46.15,1.0,1.92,0.5710000000000001,0.12,50.0,32.99,6.09,39.09,46.53,37.5,45.0,0.129,7.0,15.56,11.0,24.44,0.583,0.097,24.71,10.66,12.69,23.35,22.0,11.11,90.0,0.187,21.0,23.33,14.0,15.56,0.6819999999999999,0.173,24.38,10.18,15.67,25.85,18.0,18.58
746782,2024-06-20,2024,514888,R,621051,R,single,False,False,235.0,0.288,47.0,20.0,14.0,5.96,0.79,0.16900000000000004,20.51,10.45,16.98,27.43,37.3,19.67,297.0,0.322,55.0,18.52,32.0,10.77,0.941,0.218,19.43,8.47,19.0,27.48,31.81,17.74,48.0,0.195,12.0,25.0,4.0,8.33,0.734,0.268,25.93,12.21,16.28,28.49,23.08,27.91,129.0,0.184,36.0,27.91,13.0,10.08,0.63,0.1669999999999999,28.24,12.88,16.99,29.87,25.45,19.67
746782,2024-06-20,2024,608324,R,621051,R,single,False,False,205.0,0.258,36.0,17.56,18.0,8.78,0.751,0.16499999999999998,15.76,7.07,18.9,25.98,24.15,13.85,508.0,0.282,67.0,13.19,65.0,12.8,0.8500000000000001,0.186,14.53,5.58,19.65,25.23,16.96,12.88,48.0,0.195,12.0,25.0,4.0,8.33,0.734,0.268,25.93,12.21,16.28,28.49,23.08,27.91,129.0,0.184,36.0,27.91,13.0,10.08,0.63,0.1669999999999999,28.24,12.88,16.99,29.87,25.45,19.67
746782,2024-06-20,2024,670541,L,621383,L,single,False,False,110.0,0.327,21.0,19.09,8.0,7.27,0.902,0.193,20.97,10.24,13.65,23.88,34.0,24.71,174.0,0.295,37.0,21.26,20.0,11.49,0.892,0.212,24.91,11.27,17.53,28.79,30.5,20.79,58.0,0.216,16.0,27.59,4.0,6.9,0.577,0.098,27.62,13.36,15.67,29.03,28.18,28.07,93.0,0.205,23.0,24.73,6.0,6.45,0.609,0.132,29.59,13.85,17.73,31.58,25.86,19.33
746782,2024-06-20,2024,673237,R,621383,L,force_out,False,False,73.0,0.265,10.0,13.7,4.0,5.48,0.712,0.132,22.89,13.62,8.24,21.86,38.51,10.75,103.0,0.214,27.0,26.21,4.0,3.88,0.621,0.164,35.0,21.33,9.97,31.3,46.31,24.76,84.0,0.321,22.0,26.19,3.0,3.57,0.845,0.179,24.53,11.96,16.26,28.22,26.54,20.56,163.0,0.282,28.0,17.18,10.0,6.13,0.881,0.268,22.22,10.14,16.28,26.42,20.83,15.91
746782,2024-06-20,2024,669450,R,621383,L,field_error,False,False,3.0,0.0,1.0,33.33,0.0,0.0,0.0,0.0,42.86,30.0,10.0,40.0,60.0,25.0,8.0,0.0,2.0,25.0,0.0,0.0,0.0,0.0,27.27,8.33,16.67,25.0,10.0,25.0,84.0,0.321,22.0,26.19,3.0,3.57,0.845,0.179,24.53,11.96,16.26,28.22,26.54,20.56,163.0,0.282,28.0,17.18,10.0,6.13,0.881,0.268,22.22,10.14,16.28,26.42,20.83,15.91
746782,2024-06-20,2024,676694,R,605121,R,walk,False,True,141.0,0.26,34.0,24.11,7.0,4.96,0.7070000000000001,0.14500000000000002,33.33,16.35,15.72,32.08,31.69,25.76,263.0,0.218,69.0,26.24,18.0,6.84,0.6459999999999999,0.146,25.89,12.2,16.27,28.47,24.49,21.12,46.0,0.3,11.0,23.91,5.0,10.87,0.866,0.175,34.62,15.08,19.55,34.64,36.0,17.24,,,,,,,,,,,,,,
746782,2024-06-20,2024,665161,R,605121,R,walk,False,True,215.0,0.271,41.0,19.07,10.0,4.65,0.653,0.066,25.19,13.08,15.38,28.46,36.38,17.15,461.0,0.239,107.0,23.21,34.0,7.38,0.655,0.1089999999999999,30.36,15.5,13.92,29.42,35.52,20.7,46.0,0.3,11.0,23.91,5.0,10.87,0.866,0.175,34.62,15.08,19.55,34.64,36.0,17.24,,,,,,,,,,,,,,
746782,2024-06-20,2024,643289,R,605121,R,strikeout,True,False,126.0,0.292,9.0,7.14,4.0,3.17,0.7,0.09100000000000003,16.52,9.82,12.66,22.48,44.19,8.91,375.0,0.263,58.0,15.47,13.0,3.47,0.6779999999999999,0.124,19.01,10.95,13.18,24.13,40.64,15.68,46.0,0.3,11.0,23.91,5.0,10.87,0.866,0.175,34.62,15.08,19.55,34.64,36.0,17.24,,,,,,,,,,,,,,
746782,2024-06-20,2024,502054,R,650556,R,strikeout,True,False,122.0,0.287,25.0,20.49,7.0,5.74,0.6930000000000001,0.07800000000000001,22.77,9.5,21.69,31.2,19.82,17.99,304.0,0.262,71.0,23.36,28.0,9.21,0.767,0.173,26.61,10.98,19.38,30.37,21.23,21.19,73.0,0.121,30.0,41.1,6.0,8.22,0.432,0.10600000000000001,34.72,16.18,18.45,34.63,31.41,30.61,143.0,0.171,50.0,34.97,11.0,7.69,0.51,0.1,41.52,19.59,17.04,36.63,32.11,25.64
746782,2024-06-20,2024,657757,L,650556,R,field_out,False,False,216.0,0.234,35.0,16.2,29.0,13.43,0.746,0.168,20.16,8.71,18.3,27.01,28.07,12.54,324.0,0.212,58.0,17.9,28.0,8.64,0.63,0.1369999999999999,20.44,9.67,14.66,24.33,29.35,14.25,82.0,0.297,21.0,25.61,14.0,17.07,0.9199999999999999,0.172,29.2,12.08,16.92,29.0,20.56,23.6,145.0,0.185,50.0,34.48,20.0,13.79,0.611,0.118,37.97,16.01,17.43,33.44,22.96,29.94
746782,2024-06-20,2024,673357,R,650556,R,strikeout,True,False,64.0,0.2,25.0,39.06,4.0,6.25,0.817,0.36699999999999994,36.43,19.03,14.93,33.96,35.56,27.47,477.0,0.252,132.0,27.67,25.0,5.24,0.8340000000000001,0.279,32.83,18.94,10.59,29.53,40.07,24.77,73.0,0.121,30.0,41.1,6.0,8.22,0.432,0.10600000000000001,34.72,16.18,18.45,34.63,31.41,30.61,143.0,0.171,50.0,34.97,11.0,7.69,0.51,0.1,41.52,19.59,17.04,36.63,32.11,25.64
746782,2024-06-20,2024,663550,L,656629,R,single,False,False,33.0,0.303,6.0,18.18,0.0,0.0,0.788,0.182,25.4,14.16,11.5,25.66,32.73,18.18,52.0,0.22,24.0,46.15,1.0,1.92,0.5710000000000001,0.12,50.0,32.99,6.09,39.09,46.53,37.5,64.0,0.173,25.0,39.06,9.0,14.06,0.6579999999999999,0.173,35.88,17.03,18.12,35.14,27.05,27.47,291.0,0.231,73.0,25.09,50.0,17.18,0.815,0.213,30.04,12.39,14.67,27.06,25.1,22.64
746782,2024-06-20,2024,514888,R,656629,R,field_out,False,False,235.0,0.288,47.0,20.0,14.0,5.96,0.79,0.16900000000000004,20.51,10.45,16.98,27.43,37.3,19.67,297.0,0.322,55.0,18.52,32.0,10.77,0.941,0.218,19.43,8.47,19.0,27.48,31.81,17.74,69.0,0.298,18.0,26.09,9.0,13.04,0.929,0.21100000000000002,25.56,11.64,17.81,29.45,27.78,17.31,300.0,0.245,61.0,20.33,41.0,13.67,0.859,0.249,23.75,10.21,17.43,27.63,24.11,17.39
746782,2024-06-20,2024,608324,R,656629,R,field_out,False,False,205.0,0.258,36.0,17.56,18.0,8.78,0.751,0.16499999999999998,15.76,7.07,18.9,25.98,24.15,13.85,508.0,0.282,67.0,13.19,65.0,12.8,0.8500000000000001,0.186,14.53,5.58,19.65,25.23,16.96,12.88,69.0,0.298,18.0,26.09,9.0,13.04,0.929,0.21100000000000002,25.56,11.64,17.81,29.45,27.78,17.31,300.0,0.245,61.0,20.33,41.0,13.67,0.859,0.249,23.75,10.21,17.43,27.63,24.11,17.39
746782,2024-06-20,2024,670541,L,656629,R,strikeout,True,False,197.0,0.27,26.0,13.2,20.0,10.15,0.856,0.236,19.02,8.59,16.9,25.48,30.36,13.61,322.0,0.292,55.0,17.08,49.0,15.22,1.044,0.333,21.1,8.88,15.37,24.25,23.99,15.32,64.0,0.173,25.0,39.06,9.0,14.06,0.6579999999999999,0.173,35.88,17.03,18.12,35.14,27.05,27.47,291.0,0.231,73.0,25.09,50.0,17.18,0.815,0.213,30.04,12.39,14.67,27.06,25.1,22.64
746782,2024-06-20,2024,683734,R,519151,R,single,False,False,222.0,0.222,55.0,24.77,15.0,6.76,0.6579999999999999,0.152,22.33,10.55,17.66,28.21,29.93,20.07,474.0,0.267,109.0,23.0,29.0,6.12,0.774,0.18,26.24,11.95,18.94,30.89,30.92,21.51,62.0,0.302,13.0,20.97,6.0,9.68,0.914,0.24500000000000005,26.89,14.1,13.66,27.75,31.13,19.7,130.0,0.222,36.0,27.69,10.0,7.69,0.593,0.094,31.52,16.14,16.14,32.27,33.46,24.32
746782,2024-06-20,2024,643217,L,519151,R,field_out,False,False,169.0,0.233,25.0,14.79,9.0,5.33,0.6120000000000001,0.10700000000000001,17.28,8.4,17.45,25.85,25.72,13.97,486.0,0.261,67.0,13.79,42.0,8.64,0.67,0.082,19.05,9.13,14.74,23.87,26.13,13.62,66.0,0.283,23.0,34.85,4.0,6.06,0.69,0.08400000000000002,29.6,13.26,19.35,32.62,28.57,24.47,138.0,0.217,38.0,27.54,6.0,4.35,0.649,0.178,31.54,15.68,16.63,32.31,35.45,25.0
746782,2024-06-20,2024,672820,R,519151,R,strikeout,True,False,69.0,0.215,19.0,27.54,2.0,2.9,0.512,0.047000000000000014,25.19,12.94,20.78,33.73,39.32,24.36,123.0,0.178,30.0,24.39,2.0,1.63,0.504,0.136,24.69,13.05,16.81,29.87,39.56,22.39,62.0,0.302,13.0,20.97,6.0,9.68,0.914,0.24500000000000005,26.89,14.1,13.66,27.75,31.13,19.7,130.0,0.222,36.0,27.69,10.0,7.69,0.593,0.094,31.52,16.14,16.14,32.27,33.46,24.32
746782,2024-06-20,2024,664901,R,519151,R,field_out,False,False,70.0,0.164,19.0,27.14,1.0,1.43,0.41200000000000003,0.06,31.2,15.73,18.55,34.27,32.17,26.03,29.0,0.12,5.0,17.24,3.0,10.34,0.4539999999999999,0.12,26.53,11.21,21.55,32.76,20.83,12.5,62.0,0.302,13.0,20.97,6.0,9.68,0.914,0.24500000000000005,26.89,14.1,13.66,27.75,31.13,19.7,130.0,0.222,36.0,27.69,10.0,7.69,0.593,0.094,31.52,16.14,16.14,32.27,33.46,24.32
746782,2024-06-20,2024,673237,R,647336,R,single,False,False,177.0,0.251,27.0,15.25,6.0,3.39,0.6799999999999999,0.15599999999999997,20.98,11.93,10.46,22.39,41.06,16.07,274.0,0.307,47.0,17.15,7.0,2.55,0.931,0.292,24.58,14.19,11.31,25.51,43.08,17.42,135.0,0.226,23.0,17.04,15.0,11.11,0.756,0.209,22.18,9.64,17.82,27.45,25.93,13.07,66.0,0.321,13.0,19.7,7.0,10.61,1.004,0.2679999999999999,27.18,12.12,16.45,28.57,25.86,25.0
746782,2024-06-20,2024,669450,L,647336,R,strikeout,True,False,1.0,0.0,0.0,0.0,0.0,0.0,0.0,0.0,0.0,0.0,0.0,0.0,,,19.0,0.133,7.0,36.84,2.0,10.53,0.478,0.067,35.71,18.75,13.75,32.5,32.5,25.0,136.0,0.257,26.0,19.12,21.0,15.44,0.871,0.239,18.64,8.0,15.82,23.82,22.94,16.88,79.0,0.25,16.0,20.25,5.0,6.33,0.8440000000000001,0.278,20.71,9.48,16.67,26.14,22.15,19.28
746782,2024-06-20,2024,676694,R,647336,R,strikeout,True,False,141.0,0.26,34.0,24.11,7.0,4.96,0.7070000000000001,0.14500000000000002,33.33,16.35,15.72,32.08,31.69,25.76,263.0,0.218,69.0,26.24,18.0,6.84,0.6459999999999999,0.146,25.89,12.2,16.27,28.47,24.49,21.12,135.0,0.226,23.0,17.04,15.0,11.11,0.756,0.209,22.18,9.64,17.82,27.45,25.93,13.07,66.0,0.321,13.0,19.7,7.0,10.61,1.004,0.2679999999999999,27.18,12.12,16.45,28.57,25.86,25.0
746782,2024-06-20,2024,665161,R,647336,R,strikeout,True,False,215.0,0.271,41.0,19.07,10.0,4.65,0.653,0.066,25.19,13.08,15.38,28.46,36.38,17.15,461.0,0.239,107.0,23.21,34.0,7.38,0.655,0.1089999999999999,30.36,15.5,13.92,29.42,35.52,20.7,135.0,0.226,23.0,17.04,15.0,11.11,0.756,0.209,22.18,9.64,17.82,27.45,25.93,13.07,66.0,0.321,13.0,19.7,7.0,10.61,1.004,0.2679999999999999,27.18,12.12,16.45,28.57,25.86,25.0
746782,2024-06-20,2024,686676,R,623352,L,strikeout,True,False,49.0,0.289,12.0,24.49,4.0,8.16,0.725,0.08900000000000002,31.25,17.44,10.47,27.91,35.29,26.09,23.0,0.0,8.0,34.78,1.0,4.35,0.043,0.0,28.12,15.79,7.89,23.68,26.67,17.02,107.0,0.232,37.0,34.58,8.0,7.48,0.6639999999999999,0.142,36.97,19.38,12.78,32.16,32.91,23.87,184.0,0.146,69.0,37.5,24.0,13.04,0.489,0.071,31.35,15.37,13.74,29.1,32.49,22.62
746782,2024-06-20,2024,657557,R,623352,L,strikeout,True,False,64.0,0.169,21.0,32.81,3.0,4.69,0.575,0.18699999999999997,38.89,22.95,9.43,32.38,31.93,27.63,119.0,0.217,35.0,29.41,9.0,7.56,0.635,0.1319999999999999,33.2,18.24,12.75,30.99,37.18,23.03,107.0,0.232,37.0,34.58,8.0,7.48,0.6639999999999999,0.142,36.97,19.38,12.78,32.16,32.91,23.87,184.0,0.146,69.0,37.5,24.0,13.04,0.489,0.071,31.35,15.37,13.74,29.1,32.49,22.62
746782,2024-06-20,2024,502054,R,623352,L,field_out,False,False,42.0,0.265,8.0,19.05,7.0,16.67,0.905,0.235,20.63,7.74,21.43,29.17,18.82,14.81,177.0,0.245,35.0,19.77,19.0,10.73,0.787,0.22,18.15,7.08,21.25,28.33,19.5,17.41,107.0,0.232,37.0,34.58,8.0,7.48,0.6639999999999999,0.142,36.97,19.38,12.78,32.16,32.91,23.87,184.0,0.146,69.0,37.5,24.0,13.04,0.489,0.071,31.35,15.37,13.74,29.1,32.49,22.62
746626,2024-06-20,2024,641487,L,671106,L,single,False,False,66.0,0.305,9.0,13.64,7.0,10.61,0.871,0.187,14.15,5.45,23.64,29.09,11.21,10.71,193.0,0.267,41.0,21.24,27.0,13.99,0.755,0.1149999999999999,19.56,7.7,20.12,27.83,20.15,17.67,54.0,0.224,14.0,25.93,3.0,5.56,0.663,0.143,31.0,14.22,15.6,29.82,27.05,20.0,90.0,0.205,20.0,22.22,10.0,11.11,0.649,0.141,23.86,11.35,14.32,25.68,24.44,18.87
746626,2024-06-20,2024,664238,R,671106,L,home_run,False,False,77.0,0.215,19.0,24.68,7.0,9.09,0.73,0.216,21.8,9.73,17.11,26.85,20.28,22.62,92.0,0.222,28.0,30.43,10.0,10.87,0.796,0.259,33.33,14.66,18.06,32.72,23.83,23.53,250.0,0.3,43.0,17.2,23.0,9.2,0.921,0.25600000000000006,19.72,8.72,18.26,26.97,21.83,15.03,448.0,0.274,99.0,22.1,38.0,8.48,0.77,0.1609999999999999,23.99,11.45,16.55,28.0,29.16,18.32
746626,2024-06-20,2024,677594,R,671106,L,single,False,False,86.0,0.295,24.0,27.91,6.0,6.98,0.7629999999999999,0.11499999999999999,33.14,18.12,10.62,28.75,36.84,24.74,169.0,0.301,48.0,28.4,12.0,7.1,0.842,0.186,29.55,15.52,11.29,26.8,35.14,26.23,250.0,0.3,43.0,17.2,23.0,9.2,0.921,0.25600000000000006,19.72,8.72,18.26,26.97,21.83,15.03,448.0,0.274,99.0,22.1,38.0,8.48,0.77,0.1609999999999999,23.99,11.45,16.55,28.0,29.16,18.32
746626,2024-06-20,2024,641598,R,671106,L,grounded_into_double_play,False,False,72.0,0.226,16.0,22.22,10.0,13.89,0.833,0.274,23.08,8.82,22.35,31.18,19.88,12.6,84.0,0.344,12.0,14.29,19.0,22.62,0.938,0.094,15.7,5.37,20.06,25.42,13.76,12.9,250.0,0.3,43.0,17.2,23.0,9.2,0.921,0.25600000000000006,19.72,8.72,18.26,26.97,21.83,15.03,448.0,0.274,99.0,22.1,38.0,8.48,0.77,0.1609999999999999,23.99,11.45,16.55,28.0,29.16,18.32
746626,2024-06-20,2024,664034,R,671106,L,field_out,False,False,70.0,0.254,17.0,24.29,9.0,12.86,0.7949999999999999,0.16999999999999998,31.25,14.39,12.95,27.34,26.0,21.79,160.0,0.28,32.0,20.0,6.0,3.75,0.718,0.1129999999999999,21.07,12.16,10.7,22.85,36.66,14.81,250.0,0.3,43.0,17.2,23.0,9.2,0.921,0.25600000000000006,19.72,8.72,18.26,26.97,21.83,15.03,448.0,0.274,99.0,22.1,38.0,8.48,0.77,0.1609999999999999,23.99,11.45,16.55,28.0,29.16,18.32
746626,2024-06-20,2024,680757,L,622491,R,double,False,False,146.0,0.372,9.0,6.16,13.0,8.9,0.996,0.18600000000000005,6.47,2.66,22.2,24.87,19.54,5.92,494.0,0.272,52.0,10.53,50.0,10.12,0.73,0.1119999999999999,10.22,4.19,22.03,26.23,20.67,8.84,170.0,0.258,33.0,19.41,12.0,7.06,0.767,0.194,20.72,10.45,15.3,25.76,30.12,14.67,431.0,0.229,117.0,27.15,36.0,8.35,0.741,0.217,30.72,16.0,13.84,29.84,29.45,19.4
746626,2024-06-20,2024,665926,L,622491,R,single,False,False,205.0,0.239,30.0,14.63,12.0,5.85,0.626,0.08700000000000002,25.06,13.8,12.05,25.85,36.52,11.93,419.0,0.243,86.0,20.53,24.0,5.73,0.712,0.162,26.46,14.29,12.8,27.09,38.97,17.27,170.0,0.258,33.0,19.41,12.0,7.06,0.767,0.194,20.72,10.45,15.3,25.76,30.12,14.67,431.0,0.229,117.0,27.15,36.0,8.35,0.741,0.217,30.72,16.0,13.84,29.84,29.45,19.4
746626,2024-06-20,2024,608070,L,622491,R,field_out,False,False,207.0,0.249,23.0,11.11,16.0,7.73,0.817,0.259,13.44,6.58,13.28,19.86,30.97,8.88,461.0,0.302,48.0,10.41,54.0,11.71,0.863,0.179,15.4,6.98,13.91,20.89,28.02,10.17,170.0,0.258,33.0,19.41,12.0,7.06,0.767,0.194,20.72,10.45,15.3,25.76,30.12,14.67,431.0,0.229,117.0,27.15,36.0,8.35,0.741,0.217,30.72,16.0,13.84,29.84,29.45,19.4
746626,2024-06-20,2024,647304,L,622491,R,grounded_into_double_play,False,False,202.0,0.257,26.0,12.87,21.0,10.4,0.879,0.28,20.05,10.34,10.06,20.39,32.8,13.68,348.0,0.311,53.0,15.23,25.0,7.18,0.851,0.184,21.29,11.96,9.18,21.15,41.36,16.99,170.0,0.258,33.0,19.41,12.0,7.06,0.767,0.194,20.72,10.45,15.3,25.76,30.12,14.67,431.0,0.229,117.0,27.15,36.0,8.35,0.741,0.217,30.72,16.0,13.84,29.84,29.45,19.4
746626,2024-06-20,2024,571745,R,671106,L,walk,False,True,80.0,0.162,22.0,27.5,6.0,7.5,0.401,0.013999999999999985,31.29,14.51,17.35,31.86,28.21,20.59,69.0,0.254,17.0,24.64,5.0,7.25,0.706,0.143,26.02,11.43,17.5,28.93,26.06,19.54,250.0,0.3,43.0,17.2,23.0,9.2,0.921,0.25600000000000006,19.72,8.72,18.26,26.97,21.83,15.03,448.0,0.274,99.0,22.1,38.0,8.48,0.77,0.1609999999999999,23.99,11.45,16.55,28.0,29.16,18.32
746626,2024-06-20,2024,682988,R,671106,L,field_out,False,False,11.0,0.2,5.0,45.45,1.0,9.09,0.773,0.3,48.0,27.27,11.36,38.64,34.78,31.25,,,,,,,,,,,,,,,250.0,0.3,43.0,17.2,23.0,9.2,0.921,0.25600000000000006,19.72,8.72,18.26,26.97,21.83,15.03,448.0,0.274,99.0,22.1,38.0,8.48,0.77,0.1609999999999999,23.99,11.45,16.55,28.0,29.16,18.32
746626,2024-06-20,2024,645302,R,671106,L,field_out,False,False,19.0,0.25,6.0,31.58,1.0,5.26,0.708,0.125,29.63,16.0,14.0,30.0,34.78,54.55,40.0,0.364,3.0,7.5,4.0,10.0,0.871,0.06,14.49,7.25,11.59,18.84,26.76,8.33,250.0,0.3,43.0,17.2,23.0,9.2,0.921,0.25600000000000006,19.72,8.72,18.26,26.97,21.83,15.03,448.0,0.274,99.0,22.1,38.0,8.48,0.77,0.1609999999999999,23.99,11.45,16.55,28.0,29.16,18.32
746626,2024-06-20,2024,669208,R,671106,L,field_out,False,False,19.0,0.125,9.0,47.37,3.0,15.79,0.575,0.187,44.12,18.07,16.87,34.94,18.6,40.91,,,,,,,,,,,,,,,250.0,0.3,43.0,17.2,23.0,9.2,0.921,0.25600000000000006,19.72,8.72,18.26,26.97,21.83,15.03,448.0,0.274,99.0,22.1,38.0,8.48,0.77,0.1609999999999999,23.99,11.45,16.55,28.0,29.16,18.32
746626,2024-06-20,2024,681807,R,622491,R,field_out,False,False,100.0,0.278,17.0,17.0,6.0,6.0,0.762,0.14399999999999996,20.53,10.74,13.77,24.52,30.29,15.18,63.0,0.246,19.0,30.16,3.0,4.76,0.727,0.175,29.77,16.96,13.91,30.87,36.11,25.0,198.0,0.21,59.0,29.8,12.0,6.06,0.608,0.13799999999999998,32.61,16.85,14.36,31.21,33.95,22.48,373.0,0.205,102.0,27.35,20.0,5.36,0.591,0.132,30.45,15.84,15.15,30.98,33.29,22.7
746626,2024-06-20,2024,686823,L,622491,R,home_run,False,False,185.0,0.256,22.0,11.89,14.0,7.57,0.712,0.137,18.47,9.95,11.64,21.59,32.62,13.33,369.0,0.279,45.0,12.2,14.0,3.79,0.6930000000000001,0.0999999999999999,17.97,10.23,12.48,22.71,38.5,12.47,170.0,0.258,33.0,19.41,12.0,7.06,0.767,0.194,20.72,10.45,15.3,25.76,30.12,14.67,431.0,0.229,117.0,27.15,36.0,8.35,0.741,0.217,30.72,16.0,13.84,29.84,29.45,19.4
746626,2024-06-20,2024,682177,L,622491,R,field_out,False,False,30.0,0.36,6.0,20.0,5.0,16.67,1.107,0.28,23.08,10.26,15.38,25.64,15.87,20.0,,,,,,,,,,,,,,,170.0,0.258,33.0,19.41,12.0,7.06,0.767,0.194,20.72,10.45,15.3,25.76,30.12,14.67,431.0,0.229,117.0,27.15,36.0,8.35,0.741,0.217,30.72,16.0,13.84,29.84,29.45,19.4
746626,2024-06-20,2024,671289,R,622491,R,strikeout,True,False,177.0,0.234,25.0,14.12,11.0,6.21,0.667,0.11699999999999997,16.33,7.68,19.36,27.04,29.7,15.43,89.0,0.266,17.0,19.1,6.0,6.74,0.656,0.076,20.13,9.22,18.73,27.95,29.94,17.0,198.0,0.21,59.0,29.8,12.0,6.06,0.608,0.13799999999999998,32.61,16.85,14.36,31.21,33.95,22.48,373.0,0.205,102.0,27.35,20.0,5.36,0.591,0.132,30.45,15.84,15.15,30.98,33.29,22.7
746626,2024-06-20,2024,641487,L,671106,L,field_out,False,False,66.0,0.305,9.0,13.64,7.0,10.61,0.871,0.187,14.15,5.45,23.64,29.09,11.21,10.71,193.0,0.267,41.0,21.24,27.0,13.99,0.755,0.1149999999999999,19.56,7.7,20.12,27.83,20.15,17.67,54.0,0.224,14.0,25.93,3.0,5.56,0.663,0.143,31.0,14.22,15.6,29.82,27.05,20.0,90.0,0.205,20.0,22.22,10.0,11.11,0.649,0.141,23.86,11.35,14.32,25.68,24.44,18.87
746626,2024-06-20,2024,664238,R,671106,L,walk,False,True,77.0,0.215,19.0,24.68,7.0,9.09,0.73,0.216,21.8,9.73,17.11,26.85,20.28,22.62,92.0,0.222,28.0,30.43,10.0,10.87,0.796,0.259,33.33,14.66,18.06,32.72,23.83,23.53,250.0,0.3,43.0,17.2,23.0,9.2,0.921,0.25600000000000006,19.72,8.72,18.26,26.97,21.83,15.03,448.0,0.274,99.0,22.1,38.0,8.48,0.77,0.1609999999999999,23.99,11.45,16.55,28.0,29.16,18.32
746626,2024-06-20,2024,677594,R,671106,L,field_out,False,False,86.0,0.295,24.0,27.91,6.0,6.98,0.7629999999999999,0.11499999999999999,33.14,18.12,10.62,28.75,36.84,24.74,169.0,0.301,48.0,28.4,12.0,7.1,0.842,0.186,29.55,15.52,11.29,26.8,35.14,26.23,250.0,0.3,43.0,17.2,23.0,9.2,0.921,0.25600000000000006,19.72,8.72,18.26,26.97,21.83,15.03,448.0,0.274,99.0,22.1,38.0,8.48,0.77,0.1609999999999999,23.99,11.45,16.55,28.0,29.16,18.32
746626,2024-06-20,2024,641598,R,671106,L,strikeout,True,False,72.0,0.226,16.0,22.22,10.0,13.89,0.833,0.274,23.08,8.82,22.35,31.18,19.88,12.6,84.0,0.344,12.0,14.29,19.0,22.62,0.938,0.094,15.7,5.37,20.06,25.42,13.76,12.9,250.0,0.3,43.0,17.2,23.0,9.2,0.921,0.25600000000000006,19.72,8.72,18.26,26.97,21.83,15.03,448.0,0.274,99.0,22.1,38.0,8.48,0.77,0.1609999999999999,23.99,11.45,16.55,28.0,29.16,18.32
746626,2024-06-20,2024,677587,L,622491,R,field_out,False,False,150.0,0.238,21.0,14.0,19.0,12.67,0.6739999999999999,0.08700000000000002,20.86,9.68,15.19,24.87,27.81,11.29,53.0,0.3,12.0,22.64,2.0,3.77,0.7010000000000001,0.08,28.07,15.31,15.79,31.1,41.59,17.39,170.0,0.258,33.0,19.41,12.0,7.06,0.767,0.194,20.72,10.45,15.3,25.76,30.12,14.67,431.0,0.229,117.0,27.15,36.0,8.35,0.741,0.217,30.72,16.0,13.84,29.84,29.45,19.4
746626,2024-06-20,2024,680757,L,622491,R,strikeout,True,False,146.0,0.372,9.0,6.16,13.0,8.9,0.996,0.18600000000000005,6.47,2.66,22.2,24.87,19.54,5.92,494.0,0.272,52.0,10.53,50.0,10.12,0.73,0.1119999999999999,10.22,4.19,22.03,26.23,20.67,8.84,170.0,0.258,33.0,19.41,12.0,7.06,0.767,0.194,20.72,10.45,15.3,25.76,30.12,14.67,431.0,0.229,117.0,27.15,36.0,8.35,0.741,0.217,30.72,16.0,13.84,29.84,29.45,19.4
746626,2024-06-20,2024,665926,L,622491,R,field_out,False,False,205.0,0.239,30.0,14.63,12.0,5.85,0.626,0.08700000000000002,25.06,13.8,12.05,25.85,36.52,11.93,419.0,0.243,86.0,20.53,24.0,5.73,0.712,0.162,26.46,14.29,12.8,27.09,38.97,17.27,170.0,0.258,33.0,19.41,12.0,7.06,0.767,0.194,20.72,10.45,15.3,25.76,30.12,14.67,431.0,0.229,117.0,27.15,36.0,8.35,0.741,0.217,30.72,16.0,13.84,29.84,29.45,19.4
746626,2024-06-20,2024,664034,R,671106,L,hit_by_pitch,False,False,70.0,0.254,17.0,24.29,9.0,12.86,0.7949999999999999,0.16999999999999998,31.25,14.39,12.95,27.34,26.0,21.79,160.0,0.28,32.0,20.0,6.0,3.75,0.718,0.1129999999999999,21.07,12.16,10.7,22.85,36.66,14.81,250.0,0.3,43.0,17.2,23.0,9.2,0.921,0.25600000000000006,19.72,8.72,18.26,26.97,21.83,15.03,448.0,0.274,99.0,22.1,38.0,8.48,0.77,0.1609999999999999,23.99,11.45,16.55,28.0,29.16,18.32
746626,2024-06-20,2024,571745,R,671106,L,strikeout,True,False,80.0,0.162,22.0,27.5,6.0,7.5,0.401,0.013999999999999985,31.29,14.51,17.35,31.86,28.21,20.59,69.0,0.254,17.0,24.64,5.0,7.25,0.706,0.143,26.02,11.43,17.5,28.93,26.06,19.54,250.0,0.3,43.0,17.2,23.0,9.2,0.921,0.25600000000000006,19.72,8.72,18.26,26.97,21.83,15.03,448.0,0.274,99.0,22.1,38.0,8.48,0.77,0.1609999999999999,23.99,11.45,16.55,28.0,29.16,18.32
746626,2024-06-20,2024,682988,R,671106,L,field_out,False,False,11.0,0.2,5.0,45.45,1.0,9.09,0.773,0.3,48.0,27.27,11.36,38.64,34.78,31.25,,,,,,,,,,,,,,,250.0,0.3,43.0,17.2,23.0,9.2,0.921,0.25600000000000006,19.72,8.72,18.26,26.97,21.83,15.03,448.0,0.274,99.0,22.1,38.0,8.48,0.77,0.1609999999999999,23.99,11.45,16.55,28.0,29.16,18.32
746626,2024-06-20,2024,645302,R,671106,L,walk,False,True,19.0,0.25,6.0,31.58,1.0,5.26,0.708,0.125,29.63,16.0,14.0,30.0,34.78,54.55,40.0,0.364,3.0,7.5,4.0,10.0,0.871,0.06,14.49,7.25,11.59,18.84,26.76,8.33,250.0,0.3,43.0,17.2,23.0,9.2,0.921,0.25600000000000006,19.72,8.72,18.26,26.97,21.83,15.03,448.0,0.274,99.0,22.1,38.0,8.48,0.77,0.1609999999999999,23.99,11.45,16.55,28.0,29.16,18.32
746626,2024-06-20,2024,669208,R,671106,L,double,False,False,19.0,0.125,9.0,47.37,3.0,15.79,0.575,0.187,44.12,18.07,16.87,34.94,18.6,40.91,,,,,,,,,,,,,,,250.0,0.3,43.0,17.2,23.0,9.2,0.921,0.25600000000000006,19.72,8.72,18.26,26.97,21.83,15.03,448.0,0.274,99.0,22.1,38.0,8.48,0.77,0.1609999999999999,23.99,11.45,16.55,28.0,29.16,18.32
746626,2024-06-20,2024,641487,L,671106,L,field_out,False,False,66.0,0.305,9.0,13.64,7.0,10.61,0.871,0.187,14.15,5.45,23.64,29.09,11.21,10.71,193.0,0.267,41.0,21.24,27.0,13.99,0.755,0.1149999999999999,19.56,7.7,20.12,27.83,20.15,17.67,54.0,0.224,14.0,25.93,3.0,5.56,0.663,0.143,31.0,14.22,15.6,29.82,27.05,20.0,90.0,0.205,20.0,22.22,10.0,11.11,0.649,0.141,23.86,11.35,14.32,25.68,24.44,18.87
746626,2024-06-20,2024,608070,L,622491,R,field_out,False,False,207.0,0.249,23.0,11.11,16.0,7.73,0.817,0.259,13.44,6.58,13.28,19.86,30.97,8.88,461.0,0.302,48.0,10.41,54.0,11.71,0.863,0.179,15.4,6.98,13.91,20.89,28.02,10.17,170.0,0.258,33.0,19.41,12.0,7.06,0.767,0.194,20.72,10.45,15.3,25.76,30.12,14.67,431.0,0.229,117.0,27.15,36.0,8.35,0.741,0.217,30.72,16.0,13.84,29.84,29.45,19.4
746626,2024-06-20,2024,647304,L,622491,R,strikeout,True,False,202.0,0.257,26.0,12.87,21.0,10.4,0.879,0.28,20.05,10.34,10.06,20.39,32.8,13.68,348.0,0.311,53.0,15.23,25.0,7.18,0.851,0.184,21.29,11.96,9.18,21.15,41.36,16.99,170.0,0.258,33.0,19.41,12.0,7.06,0.767,0.194,20.72,10.45,15.3,25.76,30.12,14.67,431.0,0.229,117.0,27.15,36.0,8.35,0.741,0.217,30.72,16.0,13.84,29.84,29.45,19.4
746626,2024-06-20,2024,681807,R,622491,R,single,False,False,100.0,0.278,17.0,17.0,6.0,6.0,0.762,0.14399999999999996,20.53,10.74,13.77,24.52,30.29,15.18,63.0,0.246,19.0,30.16,3.0,4.76,0.727,0.175,29.77,16.96,13.91,30.87,36.11,25.0,198.0,0.21,59.0,29.8,12.0,6.06,0.608,0.13799999999999998,32.61,16.85,14.36,31.21,33.95,22.48,373.0,0.205,102.0,27.35,20.0,5.36,0.591,0.132,30.45,15.84,15.15,30.98,33.29,22.7
746626,2024-06-20,2024,686823,L,622491,R,double,False,False,185.0,0.256,22.0,11.89,14.0,7.57,0.712,0.137,18.47,9.95,11.64,21.59,32.62,13.33,369.0,0.279,45.0,12.2,14.0,3.79,0.6930000000000001,0.0999999999999999,17.97,10.23,12.48,22.71,38.5,12.47,170.0,0.258,33.0,19.41,12.0,7.06,0.767,0.194,20.72,10.45,15.3,25.76,30.12,14.67,431.0,0.229,117.0,27.15,36.0,8.35,0.741,0.217,30.72,16.0,13.84,29.84,29.45,19.4
746626,2024-06-20,2024,682177,L,622491,R,field_out,False,False,30.0,0.36,6.0,20.0,5.0,16.67,1.107,0.28,23.08,10.26,15.38,25.64,15.87,20.0,,,,,,,,,,,,,,,170.0,0.258,33.0,19.41,12.0,7.06,0.767,0.194,20.72,10.45,15.3,25.76,30.12,14.67,431.0,0.229,117.0,27.15,36.0,8.35,0.741,0.217,30.72,16.0,13.84,29.84,29.45,19.4
746626,2024-06-20,2024,664238,R,671106,L,field_out,False,False,77.0,0.215,19.0,24.68,7.0,9.09,0.73,0.216,21.8,9.73,17.11,26.85,20.28,22.62,92.0,0.222,28.0,30.43,10.0,10.87,0.796,0.259,33.33,14.66,18.06,32.72,23.83,23.53,250.0,0.3,43.0,17.2,23.0,9.2,0.921,0.25600000000000006,19.72,8.72,18.26,26.97,21.83,15.03,448.0,0.274,99.0,22.1,38.0,8.48,0.77,0.1609999999999999,23.99,11.45,16.55,28.0,29.16,18.32
746626,2024-06-20,2024,677594,R,671106,L,field_out,False,False,86.0,0.295,24.0,27.91,6.0,6.98,0.7629999999999999,0.11499999999999999,33.14,18.12,10.62,28.75,36.84,24.74,169.0,0.301,48.0,28.4,12.0,7.1,0.842,0.186,29.55,15.52,11.29,26.8,35.14,26.23,250.0,0.3,43.0,17.2,23.0,9.2,0.921,0.25600000000000006,19.72,8.72,18.26,26.97,21.83,15.03,448.0,0.274,99.0,22.1,38.0,8.48,0.77,0.1609999999999999,23.99,11.45,16.55,28.0,29.16,18.32
746626,2024-06-20,2024,641598,R,671106,L,field_out,False,False,72.0,0.226,16.0,22.22,10.0,13.89,0.833,0.274,23.08,8.82,22.35,31.18,19.88,12.6,84.0,0.344,12.0,14.29,19.0,22.62,0.938,0.094,15.7,5.37,20.06,25.42,13.76,12.9,250.0,0.3,43.0,17.2,23.0,9.2,0.921,0.25600000000000006,19.72,8.72,18.26,26.97,21.83,15.03,448.0,0.274,99.0,22.1,38.0,8.48,0.77,0.1609999999999999,23.99,11.45,16.55,28.0,29.16,18.32
746626,2024-06-20,2024,671289,R,622491,R,field_out,False,False,177.0,0.234,25.0,14.12,11.0,6.21,0.667,0.11699999999999997,16.33,7.68,19.36,27.04,29.7,15.43,89.0,0.266,17.0,19.1,6.0,6.74,0.656,0.076,20.13,9.22,18.73,27.95,29.94,17.0,198.0,0.21,59.0,29.8,12.0,6.06,0.608,0.13799999999999998,32.61,16.85,14.36,31.21,33.95,22.48,373.0,0.205,102.0,27.35,20.0,5.36,0.591,0.132,30.45,15.84,15.15,30.98,33.29,22.7
746626,2024-06-20,2024,677587,L,622491,R,single,False,False,150.0,0.238,21.0,14.0,19.0,12.67,0.6739999999999999,0.08700000000000002,20.86,9.68,15.19,24.87,27.81,11.29,53.0,0.3,12.0,22.64,2.0,3.77,0.7010000000000001,0.08,28.07,15.31,15.79,31.1,41.59,17.39,170.0,0.258,33.0,19.41,12.0,7.06,0.767,0.194,20.72,10.45,15.3,25.76,30.12,14.67,431.0,0.229,117.0,27.15,36.0,8.35,0.741,0.217,30.72,16.0,13.84,29.84,29.45,19.4
746626,2024-06-20,2024,680757,L,622491,R,walk,False,True,146.0,0.372,9.0,6.16,13.0,8.9,0.996,0.18600000000000005,6.47,2.66,22.2,24.87,19.54,5.92,494.0,0.272,52.0,10.53,50.0,10.12,0.73,0.1119999999999999,10.22,4.19,22.03,26.23,20.67,8.84,170.0,0.258,33.0,19.41,12.0,7.06,0.767,0.194,20.72,10.45,15.3,25.76,30.12,14.67,431.0,0.229,117.0,27.15,36.0,8.35,0.741,0.217,30.72,16.0,13.84,29.84,29.45,19.4
746626,2024-06-20,2024,665926,L,622491,R,home_run,False,False,205.0,0.239,30.0,14.63,12.0,5.85,0.626,0.08700000000000002,25.06,13.8,12.05,25.85,36.52,11.93,419.0,0.243,86.0,20.53,24.0,5.73,0.712,0.162,26.46,14.29,12.8,27.09,38.97,17.27,170.0,0.258,33.0,19.41,12.0,7.06,0.767,0.194,20.72,10.45,15.3,25.76,30.12,14.67,431.0,0.229,117.0,27.15,36.0,8.35,0.741,0.217,30.72,16.0,13.84,29.84,29.45,19.4
746626,2024-06-20,2024,608070,L,622491,R,walk,False,True,207.0,0.249,23.0,11.11,16.0,7.73,0.817,0.259,13.44,6.58,13.28,19.86,30.97,8.88,461.0,0.302,48.0,10.41,54.0,11.71,0.863,0.179,15.4,6.98,13.91,20.89,28.02,10.17,170.0,0.258,33.0,19.41,12.0,7.06,0.767,0.194,20.72,10.45,15.3,25.76,30.12,14.67,431.0,0.229,117.0,27.15,36.0,8.35,0.741,0.217,30.72,16.0,13.84,29.84,29.45,19.4
746626,2024-06-20,2024,647304,L,622491,R,double,False,False,202.0,0.257,26.0,12.87,21.0,10.4,0.879,0.28,20.05,10.34,10.06,20.39,32.8,13.68,348.0,0.311,53.0,15.23,25.0,7.18,0.851,0.184,21.29,11.96,9.18,21.15,41.36,16.99,170.0,0.258,33.0,19.41,12.0,7.06,0.767,0.194,20.72,10.45,15.3,25.76,30.12,14.67,431.0,0.229,117.0,27.15,36.0,8.35,0.741,0.217,30.72,16.0,13.84,29.84,29.45,19.4
746626,2024-06-20,2024,681807,R,622491,R,strikeout,True,False,100.0,0.278,17.0,17.0,6.0,6.0,0.762,0.14399999999999996,20.53,10.74,13.77,24.52,30.29,15.18,63.0,0.246,19.0,30.16,3.0,4.76,0.727,0.175,29.77,16.96,13.91,30.87,36.11,25.0,198.0,0.21,59.0,29.8,12.0,6.06,0.608,0.13799999999999998,32.61,16.85,14.36,31.21,33.95,22.48,373.0,0.205,102.0,27.35,20.0,5.36,0.591,0.132,30.45,15.84,15.15,30.98,33.29,22.7
746626,2024-06-20,2024,664034,R,671106,L,walk,False,True,70.0,0.254,17.0,24.29,9.0,12.86,0.7949999999999999,0.16999999999999998,31.25,14.39,12.95,27.34,26.0,21.79,160.0,0.28,32.0,20.0,6.0,3.75,0.718,0.1129999999999999,21.07,12.16,10.7,22.85,36.66,14.81,250.0,0.3,43.0,17.2,23.0,9.2,0.921,0.25600000000000006,19.72,8.72,18.26,26.97,21.83,15.03,448.0,0.274,99.0,22.1,38.0,8.48,0.77,0.1609999999999999,23.99,11.45,16.55,28.0,29.16,18.32
746626,2024-06-20,2024,571745,R,671106,L,force_out,False,False,80.0,0.162,22.0,27.5,6.0,7.5,0.401,0.013999999999999985,31.29,14.51,17.35,31.86,28.21,20.59,69.0,0.254,17.0,24.64,5.0,7.25,0.706,0.143,26.02,11.43,17.5,28.93,26.06,19.54,250.0,0.3,43.0,17.2,23.0,9.2,0.921,0.25600000000000006,19.72,8.72,18.26,26.97,21.83,15.03,448.0,0.274,99.0,22.1,38.0,8.48,0.77,0.1609999999999999,23.99,11.45,16.55,28.0,29.16,18.32
746626,2024-06-20,2024,682988,R,671106,L,grounded_into_double_play,False,False,11.0,0.2,5.0,45.45,1.0,9.09,0.773,0.3,48.0,27.27,11.36,38.64,34.78,31.25,,,,,,,,,,,,,,,250.0,0.3,43.0,17.2,23.0,9.2,0.921,0.25600000000000006,19.72,8.72,18.26,26.97,21.83,15.03,448.0,0.274,99.0,22.1,38.0,8.48,0.77,0.1609999999999999,23.99,11.45,16.55,28.0,29.16,18.32
746626,2024-06-20,2024,686823,L,642048,L,field_out,False,False,26.0,0.16,4.0,15.38,0.0,0.0,0.44000000000000006,0.12000000000000002,18.37,10.59,11.76,22.35,34.21,20.0,87.0,0.214,12.0,13.79,2.0,2.3,0.495,0.048,19.35,10.42,18.06,28.47,37.5,16.67,33.0,0.179,9.0,27.27,4.0,12.12,0.517,0.035,27.59,12.7,16.67,29.37,28.57,23.08,69.0,0.21,16.0,23.19,4.0,5.8,0.516,0.048,28.1,13.77,21.05,34.82,33.02,23.19
746626,2024-06-20,2024,682177,L,642048,L,walk,False,True,7.0,0.2,3.0,42.86,2.0,28.57,0.629,0.0,22.22,10.26,12.82,23.08,30.0,15.79,,,,,,,,,,,,,,,33.0,0.179,9.0,27.27,4.0,12.12,0.517,0.035,27.59,12.7,16.67,29.37,28.57,23.08,69.0,0.21,16.0,23.19,4.0,5.8,0.516,0.048,28.1,13.77,21.05,34.82,33.02,23.19
746626,2024-06-20,2024,671289,R,642048,L,grounded_into_double_play,False,False,78.0,0.185,13.0,16.67,8.0,10.26,0.6679999999999999,0.184,19.71,8.91,18.48,27.39,26.11,14.61,80.0,0.216,13.0,16.25,4.0,5.0,0.667,0.176,15.28,7.61,17.3,24.91,28.87,15.66,44.0,0.275,9.0,20.45,4.0,9.09,0.7410000000000001,0.125,31.25,14.97,13.77,28.74,40.2,20.45,139.0,0.248,27.0,19.42,19.0,13.67,0.72,0.088,30.42,13.42,15.81,29.23,33.43,18.75
746626,2024-06-20,2024,645302,R,682120,L,single,False,False,19.0,0.25,6.0,31.58,1.0,5.26,0.708,0.125,29.63,16.0,14.0,30.0,34.78,54.55,40.0,0.364,3.0,7.5,4.0,10.0,0.871,0.06,14.49,7.25,11.59,18.84,26.76,8.33,68.0,0.217,14.0,20.59,8.0,11.76,0.609,0.08299999999999999,26.72,12.37,18.37,30.74,33.54,15.05,74.0,0.308,18.0,24.32,6.0,8.11,0.8240000000000001,0.138,23.87,11.9,13.5,25.4,29.11,18.09
746626,2024-06-20,2024,669208,R,682120,L,walk,False,True,19.0,0.125,9.0,47.37,3.0,15.79,0.575,0.187,44.12,18.07,16.87,34.94,18.6,40.91,,,,,,,,,,,,,,,68.0,0.217,14.0,20.59,8.0,11.76,0.609,0.08299999999999999,26.72,12.37,18.37,30.74,33.54,15.05,74.0,0.308,18.0,24.32,6.0,8.11,0.8240000000000001,0.138,23.87,11.9,13.5,25.4,29.11,18.09
746626,2024-06-20,2024,641487,L,682120,L,field_out,False,False,66.0,0.305,9.0,13.64,7.0,10.61,0.871,0.187,14.15,5.45,23.64,29.09,11.21,10.71,193.0,0.267,41.0,21.24,27.0,13.99,0.755,0.1149999999999999,19.56,7.7,20.12,27.83,20.15,17.67,46.0,0.098,14.0,30.43,3.0,6.52,0.3,0.023999999999999994,30.0,14.21,20.0,34.21,34.38,21.54,47.0,0.231,14.0,29.79,6.0,12.77,0.666,0.102,32.18,14.07,19.6,33.67,32.04,24.14
746626,2024-06-20,2024,664238,R,671922,R,grounded_into_double_play,False,False,149.0,0.202,41.0,27.52,17.0,11.41,0.716,0.185,25.39,10.87,18.39,29.26,18.09,22.65,73.0,0.188,28.0,38.36,6.0,8.22,0.647,0.1709999999999999,33.56,16.33,21.33,37.67,34.46,26.17,64.0,0.213,23.0,35.94,1.0,1.56,0.5780000000000001,0.11500000000000002,31.5,16.53,18.6,35.12,34.29,29.87,,,,,,,,,,,,,,
746626,2024-06-20,2024,677587,L,592773,R,walk,False,True,150.0,0.238,21.0,14.0,19.0,12.67,0.6739999999999999,0.08700000000000002,20.86,9.68,15.19,24.87,27.81,11.29,53.0,0.3,12.0,22.64,2.0,3.77,0.7010000000000001,0.08,28.07,15.31,15.79,31.1,41.59,17.39,59.0,0.288,12.0,20.34,5.0,8.47,0.8180000000000001,0.17400000000000004,25.2,13.01,13.82,26.83,31.58,14.29,97.0,0.209,20.0,20.62,10.0,10.31,0.615,0.117,29.95,15.58,9.3,24.87,27.09,18.02
746626,2024-06-20,2024,680757,L,592773,R,field_out,False,False,146.0,0.372,9.0,6.16,13.0,8.9,0.996,0.18600000000000005,6.47,2.66,22.2,24.87,19.54,5.92,494.0,0.272,52.0,10.53,50.0,10.12,0.73,0.1119999999999999,10.22,4.19,22.03,26.23,20.67,8.84,59.0,0.288,12.0,20.34,5.0,8.47,0.8180000000000001,0.17400000000000004,25.2,13.01,13.82,26.83,31.58,14.29,97.0,0.209,20.0,20.62,10.0,10.31,0.615,0.117,29.95,15.58,9.3,24.87,27.09,18.02
746626,2024-06-20,2024,665926,L,592773,R,strikeout,True,False,205.0,0.239,30.0,14.63,12.0,5.85,0.626,0.08700000000000002,25.06,13.8,12.05,25.85,36.52,11.93,419.0,0.243,86.0,20.53,24.0,5.73,0.712,0.162,26.46,14.29,12.8,27.09,38.97,17.27,59.0,0.288,12.0,20.34,5.0,8.47,0.8180000000000001,0.17400000000000004,25.2,13.01,13.82,26.83,31.58,14.29,97.0,0.209,20.0,20.62,10.0,10.31,0.615,0.117,29.95,15.58,9.3,24.87,27.09,18.02
746626,2024-06-20,2024,608070,L,592773,R,strikeout,True,False,207.0,0.249,23.0,11.11,16.0,7.73,0.817,0.259,13.44,6.58,13.28,19.86,30.97,8.88,461.0,0.302,48.0,10.41,54.0,11.71,0.863,0.179,15.4,6.98,13.91,20.89,28.02,10.17,59.0,0.288,12.0,20.34,5.0,8.47,0.8180000000000001,0.17400000000000004,25.2,13.01,13.82,26.83,31.58,14.29,97.0,0.209,20.0,20.62,10.0,10.31,0.615,0.117,29.95,15.58,9.3,24.87,27.09,18.02
746626,2024-06-20,2024,677594,R,671922,R,field_out,False,False,236.0,0.253,65.0,27.54,14.0,5.93,0.636,0.08200000000000002,30.51,16.28,12.08,28.36,36.05,19.57,545.0,0.267,127.0,23.3,35.0,6.42,0.8109999999999999,0.2169999999999999,27.93,14.91,13.12,28.03,38.34,22.84,64.0,0.213,23.0,35.94,1.0,1.56,0.5780000000000001,0.11500000000000002,31.5,16.53,18.6,35.12,34.29,29.87,,,,,,,,,,,,,,
746626,2024-06-20,2024,663728,L,671922,R,strikeout,True,False,199.0,0.229,69.0,34.67,19.0,9.55,0.6930000000000001,0.162,30.39,15.2,13.69,28.89,30.68,22.82,462.0,0.235,126.0,27.27,47.0,10.17,0.7909999999999999,0.241,29.58,14.2,14.09,28.29,30.53,21.36,62.0,0.164,22.0,35.48,7.0,11.29,0.531,0.10900000000000001,27.18,10.81,23.94,34.75,18.8,26.25,,,,,,,,,,,,,,
746626,2024-06-20,2024,664034,R,671922,R,strikeout,True,False,175.0,0.244,41.0,23.43,14.0,8.0,0.7050000000000001,0.14100000000000001,20.12,9.45,15.12,24.56,23.89,18.47,506.0,0.24,85.0,16.8,37.0,7.31,0.698,0.1169999999999999,22.16,11.42,13.69,25.11,32.3,15.51,64.0,0.213,23.0,35.94,1.0,1.56,0.5780000000000001,0.11500000000000002,31.5,16.53,18.6,35.12,34.29,29.87,,,,,,,,,,,,,,
746626,2024-06-20,2024,647304,L,663423,R,field_out,False,False,202.0,0.257,26.0,12.87,21.0,10.4,0.879,0.28,20.05,10.34,10.06,20.39,32.8,13.68,348.0,0.311,53.0,15.23,25.0,7.18,0.851,0.184,21.29,11.96,9.18,21.15,41.36,16.99,56.0,0.255,16.0,28.57,2.0,3.57,0.624,0.07800000000000001,22.58,12.96,16.2,29.17,41.84,20.78,55.0,0.308,7.0,12.73,3.0,5.45,0.903,0.25,15.48,6.6,22.34,28.93,14.63,11.86
746626,2024-06-20,2024,681807,R,663423,R,strikeout,True,False,100.0,0.278,17.0,17.0,6.0,6.0,0.762,0.14399999999999996,20.53,10.74,13.77,24.52,30.29,15.18,63.0,0.246,19.0,30.16,3.0,4.76,0.727,0.175,29.77,16.96,13.91,30.87,36.11,25.0,73.0,0.164,15.0,20.55,8.0,10.96,0.528,0.08199999999999999,30.71,14.29,16.48,30.77,23.78,19.48,70.0,0.209,19.0,27.14,3.0,4.29,0.5860000000000001,0.134,26.12,13.36,17.18,30.53,37.78,20.88
746626,2024-06-20,2024,686823,L,663423,R,home_run,False,False,185.0,0.256,22.0,11.89,14.0,7.57,0.712,0.137,18.47,9.95,11.64,21.59,32.62,13.33,369.0,0.279,45.0,12.2,14.0,3.79,0.6930000000000001,0.0999999999999999,17.97,10.23,12.48,22.71,38.5,12.47,56.0,0.255,16.0,28.57,2.0,3.57,0.624,0.07800000000000001,22.58,12.96,16.2,29.17,41.84,20.78,55.0,0.308,7.0,12.73,3.0,5.45,0.903,0.25,15.48,6.6,22.34,28.93,14.63,11.86
746626,2024-06-20,2024,682177,L,663423,R,strikeout,True,False,30.0,0.36,6.0,20.0,5.0,16.67,1.107,0.28,23.08,10.26,15.38,25.64,15.87,20.0,,,,,,,,,,,,,,,56.0,0.255,16.0,28.57,2.0,3.57,0.624,0.07800000000000001,22.58,12.96,16.2,29.17,41.84,20.78,55.0,0.308,7.0,12.73,3.0,5.45,0.903,0.25,15.48,6.6,22.34,28.93,14.63,11.86
746626,2024-06-20,2024,571745,R,661403,R,field_out,False,False,179.0,0.248,48.0,26.82,15.0,8.38,0.731,0.16799999999999998,30.38,13.03,17.37,30.39,21.49,21.08,161.0,0.189,48.0,29.81,10.0,6.21,0.599,0.1619999999999999,28.57,13.33,19.22,32.56,25.34,22.02,58.0,0.245,14.0,24.14,2.0,3.45,0.633,0.09500000000000003,28.12,15.0,12.5,27.5,27.73,17.07,151.0,0.232,22.0,14.57,6.0,3.97,0.5980000000000001,0.106,27.57,16.05,13.35,29.4,33.82,15.38
746626,2024-06-20,2024,668942,L,661403,R,field_out,False,False,201.0,0.283,30.0,14.93,18.0,8.96,0.7909999999999999,0.15600000000000003,16.98,7.86,16.96,24.81,21.66,12.5,299.0,0.249,64.0,21.4,22.0,7.36,0.6559999999999999,0.1019999999999999,22.77,10.13,19.65,29.78,25.55,19.69,67.0,0.092,21.0,31.34,1.0,1.49,0.22899999999999998,0.031,31.5,17.32,19.48,36.8,48.62,30.0,151.0,0.252,42.0,27.81,10.0,6.62,0.622,0.065,27.27,13.15,15.91,29.06,28.67,22.58
746626,2024-06-20,2024,670042,L,661403,R,strikeout,True,False,161.0,0.26,52.0,32.3,6.0,3.73,0.764,0.193,36.53,19.77,11.73,31.49,30.14,31.52,363.0,0.247,112.0,30.85,26.0,7.16,0.8340000000000001,0.25,38.6,19.83,11.57,31.39,31.1,26.79,67.0,0.092,21.0,31.34,1.0,1.49,0.22899999999999998,0.031,31.5,17.32,19.48,36.8,48.62,30.0,151.0,0.252,42.0,27.81,10.0,6.62,0.622,0.065,27.27,13.15,15.91,29.06,28.67,22.58
744841,2024-06-20,2024,606466,R,669022,L,strikeout,True,False,113.0,0.333,15.0,13.27,9.0,7.96,1.133,0.40199999999999997,22.33,12.01,10.18,22.19,35.79,15.79,199.0,0.313,24.0,12.06,17.0,8.54,0.879,0.184,19.78,9.92,12.91,22.83,31.78,12.7,251.0,0.26,72.0,28.69,16.0,6.37,0.69,0.10999999999999999,29.87,15.44,13.42,28.86,28.52,20.63,452.0,0.241,113.0,25.0,39.0,8.63,0.76,0.212,26.77,13.05,14.99,28.05,30.71,20.29
744841,2024-06-20,2024,545341,R,669022,L,single,False,False,79.0,0.304,9.0,11.39,6.0,7.59,0.8160000000000001,0.14500000000000002,19.85,9.47,15.44,24.91,27.89,13.04,134.0,0.328,17.0,12.69,12.0,8.96,0.995,0.2789999999999999,21.25,10.26,14.29,24.55,32.84,12.78,251.0,0.26,72.0,28.69,16.0,6.37,0.69,0.10999999999999999,29.87,15.44,13.42,28.86,28.52,20.63,452.0,0.241,113.0,25.0,39.0,8.63,0.76,0.212,26.77,13.05,14.99,28.05,30.71,20.29
744841,2024-06-20,2024,666971,R,669022,L,strikeout,True,False,83.0,0.338,15.0,18.07,3.0,3.61,0.911,0.21200000000000002,20.73,10.37,17.38,27.74,37.43,13.89,160.0,0.301,18.0,11.25,12.0,7.5,0.8140000000000001,0.151,14.39,6.67,17.26,23.93,28.33,12.16,251.0,0.26,72.0,28.69,16.0,6.37,0.69,0.10999999999999999,29.87,15.44,13.42,28.86,28.52,20.63,452.0,0.241,113.0,25.0,39.0,8.63,0.76,0.212,26.77,13.05,14.99,28.05,30.71,20.29
744841,2024-06-20,2024,572233,R,669022,L,strikeout,True,False,83.0,0.267,26.0,31.33,7.0,8.43,0.752,0.15999999999999998,29.41,13.66,16.39,30.05,23.76,19.85,168.0,0.255,32.0,19.05,20.0,11.9,0.922,0.3189999999999999,27.22,12.57,12.85,25.42,24.16,14.55,251.0,0.26,72.0,28.69,16.0,6.37,0.69,0.10999999999999999,29.87,15.44,13.42,28.86,28.52,20.63,452.0,0.241,113.0,25.0,39.0,8.63,0.76,0.212,26.77,13.05,14.99,28.05,30.71,20.29
744841,2024-06-20,2024,657041,R,669194,R,field_out,False,False,133.0,0.185,34.0,25.56,11.0,8.27,0.5589999999999999,0.126,21.13,8.52,22.73,31.25,19.38,20.61,490.0,0.242,143.0,29.18,23.0,4.69,0.719,0.185,26.09,11.34,20.58,31.92,28.6,24.48,128.0,0.376,23.0,17.97,9.0,7.03,0.9949999999999999,0.19699999999999995,22.36,11.53,14.05,25.58,27.16,15.13,315.0,0.276,54.0,17.14,13.0,4.13,0.808,0.2259999999999999,22.31,11.58,14.58,26.16,25.24,14.32
744841,2024-06-20,2024,608385,L,669194,R,field_out,False,False,190.0,0.28,40.0,21.05,26.0,13.68,0.8360000000000001,0.15899999999999997,21.76,9.18,16.87,26.05,17.96,14.93,184.0,0.2,46.0,25.0,24.0,13.04,0.5660000000000001,0.0449999999999999,25.91,11.04,17.01,28.05,20.4,17.9,132.0,0.262,18.0,13.64,9.0,6.82,0.77,0.197,13.86,7.01,15.91,22.92,31.15,10.17,304.0,0.294,42.0,13.82,33.0,10.86,0.896,0.237,18.17,8.64,15.1,23.74,25.09,12.03
744841,2024-06-20,2024,592696,L,669194,R,field_out,False,False,181.0,0.182,44.0,24.31,10.0,5.52,0.593,0.183,28.97,14.94,15.37,30.32,35.87,20.75,449.0,0.258,104.0,23.16,29.0,6.46,0.762,0.199,29.98,17.01,12.43,29.45,43.87,20.59,132.0,0.262,18.0,13.64,9.0,6.82,0.77,0.197,13.86,7.01,15.91,22.92,31.15,10.17,304.0,0.294,42.0,13.82,33.0,10.86,0.896,0.237,18.17,8.64,15.1,23.74,25.09,12.03
744841,2024-06-20,2024,553993,R,669022,L,strikeout,True,False,77.0,0.215,24.0,31.17,9.0,11.69,0.589,0.06200000000000003,30.0,12.19,19.69,31.87,22.22,26.37,158.0,0.252,53.0,33.54,22.0,13.92,0.743,0.13,34.48,14.75,15.49,30.24,22.05,25.0,251.0,0.26,72.0,28.69,16.0,6.37,0.69,0.10999999999999999,29.87,15.44,13.42,28.86,28.52,20.63,452.0,0.241,113.0,25.0,39.0,8.63,0.76,0.212,26.77,13.05,14.99,28.05,30.71,20.29
744841,2024-06-20,2024,664983,L,669022,L,single,False,False,34.0,0.4,6.0,17.65,4.0,11.76,0.9039999999999999,0.032999999999999974,18.46,8.05,22.15,30.2,24.64,10.0,82.0,0.206,11.0,13.41,9.0,10.98,0.649,0.118,24.22,10.62,16.1,26.71,27.5,14.67,71.0,0.27,19.0,26.76,7.0,9.86,0.7809999999999999,0.15899999999999997,29.37,14.24,13.56,27.8,25.68,21.59,132.0,0.319,38.0,28.79,18.0,13.64,0.8899999999999999,0.1589999999999999,31.49,14.97,13.32,28.29,24.59,19.0
744841,2024-06-20,2024,677942,R,669022,L,field_out,False,False,69.0,0.339,21.0,30.43,6.0,8.7,0.922,0.177,26.57,13.52,12.46,25.98,24.31,21.21,,,,,,,,,,,,,,,251.0,0.26,72.0,28.69,16.0,6.37,0.69,0.10999999999999999,29.87,15.44,13.42,28.86,28.52,20.63,452.0,0.241,113.0,25.0,39.0,8.63,0.76,0.212,26.77,13.05,14.99,28.05,30.71,20.29
744841,2024-06-20,2024,621028,R,669022,L,walk,False,True,60.0,0.305,6.0,10.0,1.0,1.67,0.775,0.15300000000000002,9.73,5.29,15.87,21.15,32.99,10.53,110.0,0.278,16.0,14.55,10.0,9.09,0.813,0.186,14.21,6.42,19.26,25.68,27.4,13.79,251.0,0.26,72.0,28.69,16.0,6.37,0.69,0.10999999999999999,29.87,15.44,13.42,28.86,28.52,20.63,452.0,0.241,113.0,25.0,39.0,8.63,0.76,0.212,26.77,13.05,14.99,28.05,30.71,20.29
744841,2024-06-20,2024,571466,L,669022,L,field_out,False,False,23.0,0.095,9.0,39.13,1.0,4.35,0.279,0.04799999999999999,45.71,18.39,25.29,43.68,31.91,39.13,17.0,0.267,9.0,52.94,2.0,11.76,0.753,0.133,31.03,13.64,25.76,39.39,27.59,39.13,71.0,0.27,19.0,26.76,7.0,9.86,0.7809999999999999,0.15899999999999997,29.37,14.24,13.56,27.8,25.68,21.59,132.0,0.319,38.0,28.79,18.0,13.64,0.8899999999999999,0.1589999999999999,31.49,14.97,13.32,28.29,24.59,19.0
744841,2024-06-20,2024,660688,L,669194,R,field_out,False,False,145.0,0.204,19.0,13.1,3.0,2.07,0.533,0.095,12.8,6.75,17.72,24.47,37.83,16.38,403.0,0.249,48.0,11.91,25.0,6.2,0.712,0.1629999999999999,14.96,7.67,15.92,23.59,36.49,14.77,132.0,0.262,18.0,13.64,9.0,6.82,0.77,0.197,13.86,7.01,15.91,22.92,31.15,10.17,304.0,0.294,42.0,13.82,33.0,10.86,0.896,0.237,18.17,8.64,15.1,23.74,25.09,12.03
744841,2024-06-20,2024,671277,L,669194,R,field_out,False,False,189.0,0.287,29.0,15.34,8.0,4.23,0.742,0.138,21.26,10.99,15.63,26.63,35.84,16.67,355.0,0.268,44.0,12.39,23.0,6.48,0.6950000000000001,0.1129999999999999,17.54,8.86,13.52,22.38,31.84,12.54,132.0,0.262,18.0,13.64,9.0,6.82,0.77,0.197,13.86,7.01,15.91,22.92,31.15,10.17,304.0,0.294,42.0,13.82,33.0,10.86,0.896,0.237,18.17,8.64,15.1,23.74,25.09,12.03
744841,2024-06-20,2024,608841,R,669194,R,single,False,False,175.0,0.276,30.0,17.14,12.0,6.86,0.694,0.08899999999999997,20.49,10.26,13.48,23.74,27.95,15.96,471.0,0.268,97.0,20.59,28.0,5.94,0.7030000000000001,0.12,23.85,11.18,18.94,30.12,30.48,17.38,128.0,0.376,23.0,17.97,9.0,7.03,0.9949999999999999,0.19699999999999995,22.36,11.53,14.05,25.58,27.16,15.13,315.0,0.276,54.0,17.14,13.0,4.13,0.808,0.2259999999999999,22.31,11.58,14.58,26.16,25.24,14.32
744841,2024-06-20,2024,545121,L,669194,R,field_out,False,False,90.0,0.26,5.0,5.56,9.0,10.0,0.658,0.069,9.85,4.15,21.09,25.24,24.36,7.25,179.0,0.226,11.0,6.15,15.0,8.38,0.58,0.0629999999999999,13.38,5.9,20.34,26.24,25.61,7.28,132.0,0.262,18.0,13.64,9.0,6.82,0.77,0.197,13.86,7.01,15.91,22.92,31.15,10.17,304.0,0.294,42.0,13.82,33.0,10.86,0.896,0.237,18.17,8.64,15.1,23.74,25.09,12.03
744841,2024-06-20,2024,606466,R,669022,L,strikeout,True,False,113.0,0.333,15.0,13.27,9.0,7.96,1.133,0.40199999999999997,22.33,12.01,10.18,22.19,35.79,15.79,199.0,0.313,24.0,12.06,17.0,8.54,0.879,0.184,19.78,9.92,12.91,22.83,31.78,12.7,251.0,0.26,72.0,28.69,16.0,6.37,0.69,0.10999999999999999,29.87,15.44,13.42,28.86,28.52,20.63,452.0,0.241,113.0,25.0,39.0,8.63,0.76,0.212,26.77,13.05,14.99,28.05,30.71,20.29
744841,2024-06-20,2024,545341,R,669022,L,field_out,False,False,79.0,0.304,9.0,11.39,6.0,7.59,0.8160000000000001,0.14500000000000002,19.85,9.47,15.44,24.91,27.89,13.04,134.0,0.328,17.0,12.69,12.0,8.96,0.995,0.2789999999999999,21.25,10.26,14.29,24.55,32.84,12.78,251.0,0.26,72.0,28.69,16.0,6.37,0.69,0.10999999999999999,29.87,15.44,13.42,28.86,28.52,20.63,452.0,0.241,113.0,25.0,39.0,8.63,0.76,0.212,26.77,13.05,14.99,28.05,30.71,20.29
744841,2024-06-20,2024,666971,R,669022,L,single,False,False,83.0,0.338,15.0,18.07,3.0,3.61,0.911,0.21200000000000002,20.73,10.37,17.38,27.74,37.43,13.89,160.0,0.301,18.0,11.25,12.0,7.5,0.8140000000000001,0.151,14.39,6.67,17.26,23.93,28.33,12.16,251.0,0.26,72.0,28.69,16.0,6.37,0.69,0.10999999999999999,29.87,15.44,13.42,28.86,28.52,20.63,452.0,0.241,113.0,25.0,39.0,8.63,0.76,0.212,26.77,13.05,14.99,28.05,30.71,20.29
744841,2024-06-20,2024,572233,R,669022,L,single,False,False,83.0,0.267,26.0,31.33,7.0,8.43,0.752,0.15999999999999998,29.41,13.66,16.39,30.05,23.76,19.85,168.0,0.255,32.0,19.05,20.0,11.9,0.922,0.3189999999999999,27.22,12.57,12.85,25.42,24.16,14.55,251.0,0.26,72.0,28.69,16.0,6.37,0.69,0.10999999999999999,29.87,15.44,13.42,28.86,28.52,20.63,452.0,0.241,113.0,25.0,39.0,8.63,0.76,0.212,26.77,13.05,14.99,28.05,30.71,20.29
744841,2024-06-20,2024,553993,R,669022,L,strikeout,True,False,77.0,0.215,24.0,31.17,9.0,11.69,0.589,0.06200000000000003,30.0,12.19,19.69,31.87,22.22,26.37,158.0,0.252,53.0,33.54,22.0,13.92,0.743,0.13,34.48,14.75,15.49,30.24,22.05,25.0,251.0,0.26,72.0,28.69,16.0,6.37,0.69,0.10999999999999999,29.87,15.44,13.42,28.86,28.52,20.63,452.0,0.241,113.0,25.0,39.0,8.63,0.76,0.212,26.77,13.05,14.99,28.05,30.71,20.29
744841,2024-06-20,2024,669222,R,669194,R,field_out,False,False,135.0,0.211,34.0,25.19,19.0,14.07,0.67,0.13100000000000003,27.88,12.5,17.86,30.36,22.18,25.37,205.0,0.164,51.0,24.88,18.0,8.78,0.497,0.093,25.27,12.43,15.64,28.07,26.72,23.15,128.0,0.376,23.0,17.97,9.0,7.03,0.9949999999999999,0.19699999999999995,22.36,11.53,14.05,25.58,27.16,15.13,315.0,0.276,54.0,17.14,13.0,4.13,0.808,0.2259999999999999,22.31,11.58,14.58,26.16,25.24,14.32
744841,2024-06-20,2024,696285,R,669194,R,field_out,False,False,144.0,0.228,31.0,21.53,9.0,6.25,0.5660000000000001,0.04000000000000001,22.46,10.04,21.78,31.82,29.92,22.96,93.0,0.268,17.0,18.28,7.0,7.53,0.687,0.0859999999999999,21.38,9.8,20.46,30.26,30.36,15.74,128.0,0.376,23.0,17.97,9.0,7.03,0.9949999999999999,0.19699999999999995,22.36,11.53,14.05,25.58,27.16,15.13,315.0,0.276,54.0,17.14,13.0,4.13,0.808,0.2259999999999999,22.31,11.58,14.58,26.16,25.24,14.32
744841,2024-06-20,2024,657041,R,669194,R,home_run,False,False,133.0,0.185,34.0,25.56,11.0,8.27,0.5589999999999999,0.126,21.13,8.52,22.73,31.25,19.38,20.61,490.0,0.242,143.0,29.18,23.0,4.69,0.719,0.185,26.09,11.34,20.58,31.92,28.6,24.48,128.0,0.376,23.0,17.97,9.0,7.03,0.9949999999999999,0.19699999999999995,22.36,11.53,14.05,25.58,27.16,15.13,315.0,0.276,54.0,17.14,13.0,4.13,0.808,0.2259999999999999,22.31,11.58,14.58,26.16,25.24,14.32
744841,2024-06-20,2024,608385,L,669194,R,field_out,False,False,190.0,0.28,40.0,21.05,26.0,13.68,0.8360000000000001,0.15899999999999997,21.76,9.18,16.87,26.05,17.96,14.93,184.0,0.2,46.0,25.0,24.0,13.04,0.5660000000000001,0.0449999999999999,25.91,11.04,17.01,28.05,20.4,17.9,132.0,0.262,18.0,13.64,9.0,6.82,0.77,0.197,13.86,7.01,15.91,22.92,31.15,10.17,304.0,0.294,42.0,13.82,33.0,10.86,0.896,0.237,18.17,8.64,15.1,23.74,25.09,12.03
744841,2024-06-20,2024,664983,L,669022,L,single,False,False,34.0,0.4,6.0,17.65,4.0,11.76,0.9039999999999999,0.032999999999999974,18.46,8.05,22.15,30.2,24.64,10.0,82.0,0.206,11.0,13.41,9.0,10.98,0.649,0.118,24.22,10.62,16.1,26.71,27.5,14.67,71.0,0.27,19.0,26.76,7.0,9.86,0.7809999999999999,0.15899999999999997,29.37,14.24,13.56,27.8,25.68,21.59,132.0,0.319,38.0,28.79,18.0,13.64,0.8899999999999999,0.1589999999999999,31.49,14.97,13.32,28.29,24.59,19.0
744841,2024-06-20,2024,677942,R,669022,L,sac_bunt,False,False,69.0,0.339,21.0,30.43,6.0,8.7,0.922,0.177,26.57,13.52,12.46,25.98,24.31,21.21,,,,,,,,,,,,,,,251.0,0.26,72.0,28.69,16.0,6.37,0.69,0.10999999999999999,29.87,15.44,13.42,28.86,28.52,20.63,452.0,0.241,113.0,25.0,39.0,8.63,0.76,0.212,26.77,13.05,14.99,28.05,30.71,20.29
744841,2024-06-20,2024,621028,R,669022,L,field_error,False,False,60.0,0.305,6.0,10.0,1.0,1.67,0.775,0.15300000000000002,9.73,5.29,15.87,21.15,32.99,10.53,110.0,0.278,16.0,14.55,10.0,9.09,0.813,0.186,14.21,6.42,19.26,25.68,27.4,13.79,251.0,0.26,72.0,28.69,16.0,6.37,0.69,0.10999999999999999,29.87,15.44,13.42,28.86,28.52,20.63,452.0,0.241,113.0,25.0,39.0,8.63,0.76,0.212,26.77,13.05,14.99,28.05,30.71,20.29
744841,2024-06-20,2024,571466,L,669022,L,single,False,False,23.0,0.095,9.0,39.13,1.0,4.35,0.279,0.04799999999999999,45.71,18.39,25.29,43.68,31.91,39.13,17.0,0.267,9.0,52.94,2.0,11.76,0.753,0.133,31.03,13.64,25.76,39.39,27.59,39.13,71.0,0.27,19.0,26.76,7.0,9.86,0.7809999999999999,0.15899999999999997,29.37,14.24,13.56,27.8,25.68,21.59,132.0,0.319,38.0,28.79,18.0,13.64,0.8899999999999999,0.1589999999999999,31.49,14.97,13.32,28.29,24.59,19.0
744841,2024-06-20,2024,606466,R,669022,L,field_out,False,False,113.0,0.333,15.0,13.27,9.0,7.96,1.133,0.40199999999999997,22.33,12.01,10.18,22.19,35.79,15.79,199.0,0.313,24.0,12.06,17.0,8.54,0.879,0.184,19.78,9.92,12.91,22.83,31.78,12.7,251.0,0.26,72.0,28.69,16.0,6.37,0.69,0.10999999999999999,29.87,15.44,13.42,28.86,28.52,20.63,452.0,0.241,113.0,25.0,39.0,8.63,0.76,0.212,26.77,13.05,14.99,28.05,30.71,20.29
744841,2024-06-20,2024,545341,R,669022,L,double,False,False,79.0,0.304,9.0,11.39,6.0,7.59,0.8160000000000001,0.14500000000000002,19.85,9.47,15.44,24.91,27.89,13.04,134.0,0.328,17.0,12.69,12.0,8.96,0.995,0.2789999999999999,21.25,10.26,14.29,24.55,32.84,12.78,251.0,0.26,72.0,28.69,16.0,6.37,0.69,0.10999999999999999,29.87,15.44,13.42,28.86,28.52,20.63,452.0,0.241,113.0,25.0,39.0,8.63,0.76,0.212,26.77,13.05,14.99,28.05,30.71,20.29
744841,2024-06-20,2024,666971,R,669022,L,field_out,False,False,83.0,0.338,15.0,18.07,3.0,3.61,0.911,0.21200000000000002,20.73,10.37,17.38,27.74,37.43,13.89,160.0,0.301,18.0,11.25,12.0,7.5,0.8140000000000001,0.151,14.39,6.67,17.26,23.93,28.33,12.16,251.0,0.26,72.0,28.69,16.0,6.37,0.69,0.10999999999999999,29.87,15.44,13.42,28.86,28.52,20.63,452.0,0.241,113.0,25.0,39.0,8.63,0.76,0.212,26.77,13.05,14.99,28.05,30.71,20.29
744841,2024-06-20,2024,592696,L,669194,R,field_out,False,False,181.0,0.182,44.0,24.31,10.0,5.52,0.593,0.183,28.97,14.94,15.37,30.32,35.87,20.75,449.0,0.258,104.0,23.16,29.0,6.46,0.762,0.199,29.98,17.01,12.43,29.45,43.87,20.59,132.0,0.262,18.0,13.64,9.0,6.82,0.77,0.197,13.86,7.01,15.91,22.92,31.15,10.17,304.0,0.294,42.0,13.82,33.0,10.86,0.896,0.237,18.17,8.64,15.1,23.74,25.09,12.03
744841,2024-06-20,2024,660688,L,669194,R,field_out,False,False,145.0,0.204,19.0,13.1,3.0,2.07,0.533,0.095,12.8,6.75,17.72,24.47,37.83,16.38,403.0,0.249,48.0,11.91,25.0,6.2,0.712,0.1629999999999999,14.96,7.67,15.92,23.59,36.49,14.77,132.0,0.262,18.0,13.64,9.0,6.82,0.77,0.197,13.86,7.01,15.91,22.92,31.15,10.17,304.0,0.294,42.0,13.82,33.0,10.86,0.896,0.237,18.17,8.64,15.1,23.74,25.09,12.03
744841,2024-06-20,2024,671277,L,669194,R,strikeout,True,False,189.0,0.287,29.0,15.34,8.0,4.23,0.742,0.138,21.26,10.99,15.63,26.63,35.84,16.67,355.0,0.268,44.0,12.39,23.0,6.48,0.6950000000000001,0.1129999999999999,17.54,8.86,13.52,22.38,31.84,12.54,132.0,0.262,18.0,13.64,9.0,6.82,0.77,0.197,13.86,7.01,15.91,22.92,31.15,10.17,304.0,0.294,42.0,13.82,33.0,10.86,0.896,0.237,18.17,8.64,15.1,23.74,25.09,12.03
744841,2024-06-20,2024,572233,R,669022,L,field_out,False,False,83.0,0.267,26.0,31.33,7.0,8.43,0.752,0.15999999999999998,29.41,13.66,16.39,30.05,23.76,19.85,168.0,0.255,32.0,19.05,20.0,11.9,0.922,0.3189999999999999,27.22,12.57,12.85,25.42,24.16,14.55,251.0,0.26,72.0,28.69,16.0,6.37,0.69,0.10999999999999999,29.87,15.44,13.42,28.86,28.52,20.63,452.0,0.241,113.0,25.0,39.0,8.63,0.76,0.212,26.77,13.05,14.99,28.05,30.71,20.29
744841,2024-06-20,2024,553993,R,669022,L,strikeout,True,False,77.0,0.215,24.0,31.17,9.0,11.69,0.589,0.06200000000000003,30.0,12.19,19.69,31.87,22.22,26.37,158.0,0.252,53.0,33.54,22.0,13.92,0.743,0.13,34.48,14.75,15.49,30.24,22.05,25.0,251.0,0.26,72.0,28.69,16.0,6.37,0.69,0.10999999999999999,29.87,15.44,13.42,28.86,28.52,20.63,452.0,0.241,113.0,25.0,39.0,8.63,0.76,0.212,26.77,13.05,14.99,28.05,30.71,20.29
744841,2024-06-20,2024,664983,L,669022,L,single,False,False,34.0,0.4,6.0,17.65,4.0,11.76,0.9039999999999999,0.032999999999999974,18.46,8.05,22.15,30.2,24.64,10.0,82.0,0.206,11.0,13.41,9.0,10.98,0.649,0.118,24.22,10.62,16.1,26.71,27.5,14.67,71.0,0.27,19.0,26.76,7.0,9.86,0.7809999999999999,0.15899999999999997,29.37,14.24,13.56,27.8,25.68,21.59,132.0,0.319,38.0,28.79,18.0,13.64,0.8899999999999999,0.1589999999999999,31.49,14.97,13.32,28.29,24.59,19.0
744841,2024-06-20,2024,677942,R,669022,L,walk,False,True,69.0,0.339,21.0,30.43,6.0,8.7,0.922,0.177,26.57,13.52,12.46,25.98,24.31,21.21,,,,,,,,,,,,,,,251.0,0.26,72.0,28.69,16.0,6.37,0.69,0.10999999999999999,29.87,15.44,13.42,28.86,28.52,20.63,452.0,0.241,113.0,25.0,39.0,8.63,0.76,0.212,26.77,13.05,14.99,28.05,30.71,20.29
744841,2024-06-20,2024,621028,R,669022,L,single,False,False,60.0,0.305,6.0,10.0,1.0,1.67,0.775,0.15300000000000002,9.73,5.29,15.87,21.15,32.99,10.53,110.0,0.278,16.0,14.55,10.0,9.09,0.813,0.186,14.21,6.42,19.26,25.68,27.4,13.79,251.0,0.26,72.0,28.69,16.0,6.37,0.69,0.10999999999999999,29.87,15.44,13.42,28.86,28.52,20.63,452.0,0.241,113.0,25.0,39.0,8.63,0.76,0.212,26.77,13.05,14.99,28.05,30.71,20.29
744841,2024-06-20,2024,571466,L,669022,L,field_out,False,False,23.0,0.095,9.0,39.13,1.0,4.35,0.279,0.04799999999999999,45.71,18.39,25.29,43.68,31.91,39.13,17.0,0.267,9.0,52.94,2.0,11.76,0.753,0.133,31.03,13.64,25.76,39.39,27.59,39.13,71.0,0.27,19.0,26.76,7.0,9.86,0.7809999999999999,0.15899999999999997,29.37,14.24,13.56,27.8,25.68,21.59,132.0,0.319,38.0,28.79,18.0,13.64,0.8899999999999999,0.1589999999999999,31.49,14.97,13.32,28.29,24.59,19.0
744841,2024-06-20,2024,608841,R,669194,R,field_out,False,False,175.0,0.276,30.0,17.14,12.0,6.86,0.694,0.08899999999999997,20.49,10.26,13.48,23.74,27.95,15.96,471.0,0.268,97.0,20.59,28.0,5.94,0.7030000000000001,0.12,23.85,11.18,18.94,30.12,30.48,17.38,128.0,0.376,23.0,17.97,9.0,7.03,0.9949999999999999,0.19699999999999995,22.36,11.53,14.05,25.58,27.16,15.13,315.0,0.276,54.0,17.14,13.0,4.13,0.808,0.2259999999999999,22.31,11.58,14.58,26.16,25.24,14.32
744841,2024-06-20,2024,545121,L,669194,R,field_out,False,False,90.0,0.26,5.0,5.56,9.0,10.0,0.658,0.069,9.85,4.15,21.09,25.24,24.36,7.25,179.0,0.226,11.0,6.15,15.0,8.38,0.58,0.0629999999999999,13.38,5.9,20.34,26.24,25.61,7.28,132.0,0.262,18.0,13.64,9.0,6.82,0.77,0.197,13.86,7.01,15.91,22.92,31.15,10.17,304.0,0.294,42.0,13.82,33.0,10.86,0.896,0.237,18.17,8.64,15.1,23.74,25.09,12.03
744841,2024-06-20,2024,669222,R,669194,R,field_out,False,False,135.0,0.211,34.0,25.19,19.0,14.07,0.67,0.13100000000000003,27.88,12.5,17.86,30.36,22.18,25.37,205.0,0.164,51.0,24.88,18.0,8.78,0.497,0.093,25.27,12.43,15.64,28.07,26.72,23.15,128.0,0.376,23.0,17.97,9.0,7.03,0.9949999999999999,0.19699999999999995,22.36,11.53,14.05,25.58,27.16,15.13,315.0,0.276,54.0,17.14,13.0,4.13,0.808,0.2259999999999999,22.31,11.58,14.58,26.16,25.24,14.32
744841,2024-06-20,2024,606466,L,606930,R,double,False,False,209.0,0.253,47.0,22.49,19.0,9.09,0.6950000000000001,0.126,24.47,11.56,14.32,25.88,24.31,20.0,452.0,0.259,85.0,18.81,54.0,11.95,0.827,0.2199999999999999,20.87,9.03,16.76,25.8,21.17,17.28,39.0,0.219,4.0,10.26,6.0,15.38,0.677,0.12499999999999997,22.73,9.32,16.15,25.47,28.09,10.26,19.0,0.294,2.0,10.53,2.0,10.53,0.78,0.118,9.09,3.85,16.67,20.51,21.43,8.7
744841,2024-06-20,2024,545341,R,606930,R,field_out,False,False,42.0,0.282,5.0,11.9,3.0,7.14,0.795,0.18000000000000005,17.91,7.79,20.78,28.57,24.36,11.11,338.0,0.244,79.0,23.37,17.0,5.03,0.6950000000000001,0.157,28.73,14.51,15.56,30.06,36.02,21.7,62.0,0.271,13.0,20.97,1.0,1.61,0.63,0.08499999999999996,30.08,16.6,11.2,27.8,33.06,16.67,42.0,0.325,6.0,14.29,1.0,2.38,0.857,0.175,26.58,16.03,11.45,27.48,40.0,15.0
744841,2024-06-20,2024,666971,R,606930,R,single,False,False,207.0,0.219,42.0,20.29,9.0,4.35,0.593,0.11300000000000002,20.96,10.55,16.26,26.81,32.23,17.95,433.0,0.247,85.0,19.63,21.0,4.85,0.756,0.22,20.07,9.99,16.64,26.63,31.06,17.82,62.0,0.271,13.0,20.97,1.0,1.61,0.63,0.08499999999999996,30.08,16.6,11.2,27.8,33.06,16.67,42.0,0.325,6.0,14.29,1.0,2.38,0.857,0.175,26.58,16.03,11.45,27.48,40.0,15.0
744841,2024-06-20,2024,572233,R,606930,R,strikeout,True,False,235.0,0.251,56.0,23.83,25.0,10.64,0.829,0.242,26.15,12.68,12.98,25.66,25.43,17.55,497.0,0.259,95.0,19.11,42.0,8.45,0.8009999999999999,0.2129999999999999,26.19,12.83,14.15,26.98,26.84,15.33,62.0,0.271,13.0,20.97,1.0,1.61,0.63,0.08499999999999996,30.08,16.6,11.2,27.8,33.06,16.67,42.0,0.325,6.0,14.29,1.0,2.38,0.857,0.175,26.58,16.03,11.45,27.48,40.0,15.0
744841,2024-06-20,2024,696285,R,669194,R,field_out,False,False,144.0,0.228,31.0,21.53,9.0,6.25,0.5660000000000001,0.04000000000000001,22.46,10.04,21.78,31.82,29.92,22.96,93.0,0.268,17.0,18.28,7.0,7.53,0.687,0.0859999999999999,21.38,9.8,20.46,30.26,30.36,15.74,128.0,0.376,23.0,17.97,9.0,7.03,0.9949999999999999,0.19699999999999995,22.36,11.53,14.05,25.58,27.16,15.13,315.0,0.276,54.0,17.14,13.0,4.13,0.808,0.2259999999999999,22.31,11.58,14.58,26.16,25.24,14.32
744841,2024-06-20,2024,657041,R,669194,R,field_out,False,False,133.0,0.185,34.0,25.56,11.0,8.27,0.5589999999999999,0.126,21.13,8.52,22.73,31.25,19.38,20.61,490.0,0.242,143.0,29.18,23.0,4.69,0.719,0.185,26.09,11.34,20.58,31.92,28.6,24.48,128.0,0.376,23.0,17.97,9.0,7.03,0.9949999999999999,0.19699999999999995,22.36,11.53,14.05,25.58,27.16,15.13,315.0,0.276,54.0,17.14,13.0,4.13,0.808,0.2259999999999999,22.31,11.58,14.58,26.16,25.24,14.32
744841,2024-06-20,2024,608385,L,669194,R,home_run,False,False,190.0,0.28,40.0,21.05,26.0,13.68,0.8360000000000001,0.15899999999999997,21.76,9.18,16.87,26.05,17.96,14.93,184.0,0.2,46.0,25.0,24.0,13.04,0.5660000000000001,0.0449999999999999,25.91,11.04,17.01,28.05,20.4,17.9,132.0,0.262,18.0,13.64,9.0,6.82,0.77,0.197,13.86,7.01,15.91,22.92,31.15,10.17,304.0,0.294,42.0,13.82,33.0,10.86,0.896,0.237,18.17,8.64,15.1,23.74,25.09,12.03
744841,2024-06-20,2024,592696,L,669194,R,strikeout,True,False,181.0,0.182,44.0,24.31,10.0,5.52,0.593,0.183,28.97,14.94,15.37,30.32,35.87,20.75,449.0,0.258,104.0,23.16,29.0,6.46,0.762,0.199,29.98,17.01,12.43,29.45,43.87,20.59,132.0,0.262,18.0,13.64,9.0,6.82,0.77,0.197,13.86,7.01,15.91,22.92,31.15,10.17,304.0,0.294,42.0,13.82,33.0,10.86,0.896,0.237,18.17,8.64,15.1,23.74,25.09,12.03
744841,2024-06-20,2024,553993,R,676395,L,field_out,False,False,77.0,0.215,24.0,31.17,9.0,11.69,0.589,0.06200000000000003,30.0,12.19,19.69,31.87,22.22,26.37,158.0,0.252,53.0,33.54,22.0,13.92,0.743,0.13,34.48,14.75,15.49,30.24,22.05,25.0,55.0,0.32,16.0,29.09,4.0,7.27,0.79,0.09999999999999998,26.92,13.46,16.83,30.29,31.78,27.12,76.0,0.246,23.0,30.26,7.0,9.21,0.6639999999999999,0.1019999999999999,26.51,13.41,14.63,28.05,35.12,17.83
744841,2024-06-20,2024,664983,L,676395,L,strikeout,True,False,34.0,0.4,6.0,17.65,4.0,11.76,0.9039999999999999,0.032999999999999974,18.46,8.05,22.15,30.2,24.64,10.0,82.0,0.206,11.0,13.41,9.0,10.98,0.649,0.118,24.22,10.62,16.1,26.71,27.5,14.67,45.0,0.225,13.0,28.89,4.0,8.89,0.639,0.12499999999999997,22.99,11.49,21.26,32.76,26.56,20.31,51.0,0.214,10.0,19.61,5.0,9.8,0.608,0.096,20.62,9.9,17.33,27.23,24.72,15.87
744841,2024-06-20,2024,677942,R,676395,L,strikeout,True,False,69.0,0.339,21.0,30.43,6.0,8.7,0.922,0.177,26.57,13.52,12.46,25.98,24.31,21.21,,,,,,,,,,,,,,,55.0,0.32,16.0,29.09,4.0,7.27,0.79,0.09999999999999998,26.92,13.46,16.83,30.29,31.78,27.12,76.0,0.246,23.0,30.26,7.0,9.21,0.6639999999999999,0.1019999999999999,26.51,13.41,14.63,28.05,35.12,17.83
744841,2024-06-20,2024,660688,L,669194,R,field_out,False,False,145.0,0.204,19.0,13.1,3.0,2.07,0.533,0.095,12.8,6.75,17.72,24.47,37.83,16.38,403.0,0.249,48.0,11.91,25.0,6.2,0.712,0.1629999999999999,14.96,7.67,15.92,23.59,36.49,14.77,132.0,0.262,18.0,13.64,9.0,6.82,0.77,0.197,13.86,7.01,15.91,22.92,31.15,10.17,304.0,0.294,42.0,13.82,33.0,10.86,0.896,0.237,18.17,8.64,15.1,23.74,25.09,12.03
744841,2024-06-20,2024,671277,L,669194,R,field_out,False,False,189.0,0.287,29.0,15.34,8.0,4.23,0.742,0.138,21.26,10.99,15.63,26.63,35.84,16.67,355.0,0.268,44.0,12.39,23.0,6.48,0.6950000000000001,0.1129999999999999,17.54,8.86,13.52,22.38,31.84,12.54,132.0,0.262,18.0,13.64,9.0,6.82,0.77,0.197,13.86,7.01,15.91,22.92,31.15,10.17,304.0,0.294,42.0,13.82,33.0,10.86,0.896,0.237,18.17,8.64,15.1,23.74,25.09,12.03
744841,2024-06-20,2024,608841,R,669194,R,field_out,False,False,175.0,0.276,30.0,17.14,12.0,6.86,0.694,0.08899999999999997,20.49,10.26,13.48,23.74,27.95,15.96,471.0,0.268,97.0,20.59,28.0,5.94,0.7030000000000001,0.12,23.85,11.18,18.94,30.12,30.48,17.38,128.0,0.376,23.0,17.97,9.0,7.03,0.9949999999999999,0.19699999999999995,22.36,11.53,14.05,25.58,27.16,15.13,315.0,0.276,54.0,17.14,13.0,4.13,0.808,0.2259999999999999,22.31,11.58,14.58,26.16,25.24,14.32
744841,2024-06-20,2024,621028,R,571670,R,strikeout,True,False,108.0,0.27,18.0,16.67,6.0,5.56,0.671,0.08999999999999997,20.47,9.46,20.54,30.0,24.16,20.0,143.0,0.234,18.0,12.59,7.0,4.9,0.571,0.0549999999999999,15.29,7.27,19.84,27.11,26.2,13.04,88.0,0.21,16.0,18.18,6.0,6.82,0.508,0.037000000000000005,19.38,7.89,24.61,32.49,22.07,20.25,138.0,0.258,33.0,23.91,6.0,4.35,0.596,0.0309999999999999,25.42,12.25,19.88,32.13,34.13,23.08
744841,2024-06-20,2024,571466,L,571670,R,strikeout,True,False,52.0,0.2,15.0,28.85,11.0,21.15,0.598,0.024999999999999994,26.19,10.23,18.14,28.37,18.35,23.08,106.0,0.191,33.0,31.13,10.0,9.43,0.508,0.043,24.64,11.67,18.08,29.75,29.3,20.75,47.0,0.205,10.0,21.28,3.0,6.38,0.505,0.04500000000000001,24.68,10.73,20.9,31.64,20.69,20.41,111.0,0.374,25.0,22.52,11.0,9.91,0.998,0.1919999999999999,22.28,9.55,18.05,27.6,25.9,17.99
744841,2024-06-20,2024,606466,L,571670,R,field_out,False,False,209.0,0.253,47.0,22.49,19.0,9.09,0.6950000000000001,0.126,24.47,11.56,14.32,25.88,24.31,20.0,452.0,0.259,85.0,18.81,54.0,11.95,0.827,0.2199999999999999,20.87,9.03,16.76,25.8,21.17,17.28,47.0,0.205,10.0,21.28,3.0,6.38,0.505,0.04500000000000001,24.68,10.73,20.9,31.64,20.69,20.41,111.0,0.374,25.0,22.52,11.0,9.91,0.998,0.1919999999999999,22.28,9.55,18.05,27.6,25.9,17.99
744841,2024-06-20,2024,545121,L,657044,R,field_out,False,False,90.0,0.26,5.0,5.56,9.0,10.0,0.658,0.069,9.85,4.15,21.09,25.24,24.36,7.25,179.0,0.226,11.0,6.15,15.0,8.38,0.58,0.0629999999999999,13.38,5.9,20.34,26.24,25.61,7.28,50.0,0.255,7.0,14.0,2.0,4.0,0.626,0.08500000000000002,15.73,8.28,18.34,26.63,35.29,16.28,48.0,0.209,7.0,14.58,1.0,2.08,0.579,0.093,15.85,7.43,18.29,25.71,25.64,16.28
744841,2024-06-20,2024,669222,R,657044,R,strikeout,True,False,135.0,0.211,34.0,25.19,19.0,14.07,0.67,0.13100000000000003,27.88,12.5,17.86,30.36,22.18,25.37,205.0,0.164,51.0,24.88,18.0,8.78,0.497,0.093,25.27,12.43,15.64,28.07,26.72,23.15,61.0,0.233,15.0,24.59,1.0,1.64,0.546,0.06699999999999998,23.33,12.39,18.14,30.53,39.58,19.23,73.0,0.169,14.0,19.18,7.0,9.59,0.5980000000000001,0.169,19.13,8.09,20.96,29.04,23.62,20.9
744841,2024-06-20,2024,696285,R,657044,R,field_out,False,False,144.0,0.228,31.0,21.53,9.0,6.25,0.5660000000000001,0.04000000000000001,22.46,10.04,21.78,31.82,29.92,22.96,93.0,0.268,17.0,18.28,7.0,7.53,0.687,0.0859999999999999,21.38,9.8,20.46,30.26,30.36,15.74,61.0,0.233,15.0,24.59,1.0,1.64,0.546,0.06699999999999998,23.33,12.39,18.14,30.53,39.58,19.23,73.0,0.169,14.0,19.18,7.0,9.59,0.5980000000000001,0.169,19.13,8.09,20.96,29.04,23.62,20.9
744841,2024-06-20,2024,682998,L,607179,R,field_out,False,False,214.0,0.228,37.0,17.29,28.0,13.08,0.6799999999999999,0.11999999999999997,20.17,8.62,16.63,25.25,24.61,18.78,472.0,0.286,105.0,22.25,46.0,9.75,0.921,0.266,22.34,10.24,16.27,26.51,28.83,21.92,53.0,0.413,6.0,11.32,6.0,11.32,1.1,0.196,20.48,9.94,12.87,22.81,21.43,22.22,95.0,0.227,19.0,20.0,18.0,18.95,0.783,0.173,22.6,8.89,15.9,24.8,19.27,24.68
744841,2024-06-20,2024,666971,R,607179,R,field_out,False,False,207.0,0.219,42.0,20.29,9.0,4.35,0.593,0.11300000000000002,20.96,10.55,16.26,26.81,32.23,17.95,433.0,0.247,85.0,19.63,21.0,4.85,0.756,0.22,20.07,9.99,16.64,26.63,31.06,17.82,67.0,0.175,15.0,22.39,9.0,13.43,0.51,0.036000000000000004,23.31,11.31,15.33,26.64,27.61,16.48,137.0,0.174,41.0,29.93,10.0,7.3,0.631,0.214,29.39,13.51,15.61,29.12,25.94,23.03
744841,2024-06-20,2024,572233,R,607179,R,home_run,False,False,235.0,0.251,56.0,23.83,25.0,10.64,0.829,0.242,26.15,12.68,12.98,25.66,25.43,17.55,497.0,0.259,95.0,19.11,42.0,8.45,0.8009999999999999,0.2129999999999999,26.19,12.83,14.15,26.98,26.84,15.33,67.0,0.175,15.0,22.39,9.0,13.43,0.51,0.036000000000000004,23.31,11.31,15.33,26.64,27.61,16.48,137.0,0.174,41.0,29.93,10.0,7.3,0.631,0.214,29.39,13.51,15.61,29.12,25.94,23.03
744841,2024-06-20,2024,553993,R,607179,R,field_out,False,False,205.0,0.198,55.0,26.83,14.0,6.83,0.6140000000000001,0.14300000000000002,30.36,14.35,15.2,29.55,26.38,21.91,537.0,0.227,161.0,29.98,48.0,8.94,0.706,0.167,32.3,14.54,16.91,31.45,23.96,22.87,67.0,0.175,15.0,22.39,9.0,13.43,0.51,0.036000000000000004,23.31,11.31,15.33,26.64,27.61,16.48,137.0,0.174,41.0,29.93,10.0,7.3,0.631,0.214,29.39,13.51,15.61,29.12,25.94,23.03
744841,2024-06-20,2024,657041,R,623149,R,strikeout,True,False,133.0,0.185,34.0,25.56,11.0,8.27,0.5589999999999999,0.126,21.13,8.52,22.73,31.25,19.38,20.61,490.0,0.242,143.0,29.18,23.0,4.69,0.719,0.185,26.09,11.34,20.58,31.92,28.6,24.48,24.0,0.091,6.0,25.0,0.0,0.0,0.394,0.136,24.59,15.15,14.14,29.29,21.88,16.22,129.0,0.214,41.0,31.78,9.0,6.98,0.6060000000000001,0.119,29.35,15.31,15.5,30.81,33.61,22.65
744841,2024-06-20,2024,608385,L,623149,R,single,False,False,190.0,0.28,40.0,21.05,26.0,13.68,0.8360000000000001,0.15899999999999997,21.76,9.18,16.87,26.05,17.96,14.93,184.0,0.2,46.0,25.0,24.0,13.04,0.5660000000000001,0.0449999999999999,25.91,11.04,17.01,28.05,20.4,17.9,18.0,0.067,5.0,27.78,3.0,16.67,0.28900000000000003,0.0,16.13,7.35,13.24,20.59,21.21,25.0,120.0,0.202,39.0,32.5,15.0,12.5,0.6779999999999999,0.173,29.17,13.65,18.13,31.77,23.77,22.29
744841,2024-06-20,2024,592696,L,623149,R,field_out,False,False,181.0,0.182,44.0,24.31,10.0,5.52,0.593,0.183,28.97,14.94,15.37,30.32,35.87,20.75,449.0,0.258,104.0,23.16,29.0,6.46,0.762,0.199,29.98,17.01,12.43,29.45,43.87,20.59,18.0,0.067,5.0,27.78,3.0,16.67,0.28900000000000003,0.0,16.13,7.35,13.24,20.59,21.21,25.0,120.0,0.202,39.0,32.5,15.0,12.5,0.6779999999999999,0.173,29.17,13.65,18.13,31.77,23.77,22.29
744841,2024-06-20,2024,660688,L,623149,R,field_out,False,False,145.0,0.204,19.0,13.1,3.0,2.07,0.533,0.095,12.8,6.75,17.72,24.47,37.83,16.38,403.0,0.249,48.0,11.91,25.0,6.2,0.712,0.1629999999999999,14.96,7.67,15.92,23.59,36.49,14.77,18.0,0.067,5.0,27.78,3.0,16.67,0.28900000000000003,0.0,16.13,7.35,13.24,20.59,21.21,25.0,120.0,0.202,39.0,32.5,15.0,12.5,0.6779999999999999,0.173,29.17,13.65,18.13,31.77,23.77,22.29
745646,2024-06-20,2024,672580,R,665622,R,field_out,False,False,270.0,0.236,52.0,19.26,20.0,7.41,0.616,0.08900000000000002,19.64,8.72,20.54,29.26,22.15,18.18,400.0,0.258,94.0,23.5,33.0,8.25,0.648,0.071,20.3,8.71,19.59,28.3,19.12,19.96,52.0,0.311,6.0,11.54,6.0,11.54,0.829,0.133,17.35,8.54,13.07,21.61,25.49,10.53,278.0,0.247,64.0,23.02,30.0,10.79,0.796,0.218,27.38,12.79,14.88,27.68,28.05,20.71
745646,2024-06-20,2024,677951,R,665622,R,single,False,False,277.0,0.328,46.0,16.61,22.0,7.94,0.9390000000000001,0.22800000000000004,23.54,11.44,14.74,26.18,29.15,16.67,547.0,0.27,93.0,17.0,33.0,6.03,0.8,0.2149999999999999,22.15,10.87,15.53,26.4,29.62,14.44,52.0,0.311,6.0,11.54,6.0,11.54,0.829,0.133,17.35,8.54,13.07,21.61,25.49,10.53,278.0,0.247,64.0,23.02,30.0,10.79,0.796,0.218,27.38,12.79,14.88,27.68,28.05,20.71
745646,2024-06-20,2024,686469,L,665622,R,field_out,False,False,235.0,0.234,31.0,13.19,29.0,12.34,0.759,0.19199999999999998,13.67,5.97,16.04,22.01,26.74,12.6,188.0,0.251,23.0,12.23,15.0,7.98,0.784,0.217,14.85,7.02,17.48,24.5,34.8,10.0,41.0,0.189,7.0,17.07,4.0,9.76,0.538,0.08100000000000002,16.67,7.93,13.41,21.34,23.81,15.91,217.0,0.266,42.0,19.35,27.0,12.44,0.786,0.1419999999999999,20.68,9.23,14.6,23.83,24.15,17.57
745646,2024-06-20,2024,521692,R,665622,R,field_out,False,False,224.0,0.291,39.0,17.41,18.0,8.04,0.855,0.196,24.63,13.96,9.34,23.3,42.55,14.39,437.0,0.264,100.0,22.88,11.0,2.52,0.73,0.174,30.72,18.16,9.73,27.89,45.56,22.08,52.0,0.311,6.0,11.54,6.0,11.54,0.829,0.133,17.35,8.54,13.07,21.61,25.49,10.53,278.0,0.247,64.0,23.02,30.0,10.79,0.796,0.218,27.38,12.79,14.88,27.68,28.05,20.71
745646,2024-06-20,2024,680474,R,666142,L,field_out,False,False,48.0,0.195,11.0,22.92,5.0,10.42,0.6180000000000001,0.14600000000000002,23.17,10.11,18.09,28.19,15.96,20.0,,,,,,,,,,,,,,,318.0,0.201,100.0,31.45,28.0,8.81,0.5740000000000001,0.10099999999999998,33.84,17.0,14.79,31.78,31.53,24.04,299.0,0.187,91.0,30.43,30.0,10.03,0.556,0.0979999999999999,31.59,15.63,14.33,29.96,29.28,22.58
745646,2024-06-20,2024,668709,L,666142,L,field_out,False,False,59.0,0.204,13.0,22.03,4.0,6.78,0.74,0.277,27.88,12.89,16.44,29.33,25.0,21.31,72.0,0.154,19.0,26.39,7.0,9.72,0.482,0.092,27.07,12.54,16.03,28.57,22.56,21.84,59.0,0.327,9.0,15.25,2.0,3.39,0.798,0.10899999999999999,13.04,5.74,18.18,23.92,20.0,19.15,93.0,0.253,22.0,23.66,11.0,11.83,0.711,0.1139999999999999,29.07,14.04,14.33,28.37,23.95,20.56
745646,2024-06-20,2024,609280,R,666142,L,single,False,False,13.0,0.583,0.0,0.0,1.0,7.69,1.448,0.25,9.52,4.08,20.41,24.49,29.17,0.0,38.0,0.278,7.0,18.42,2.0,5.26,0.8720000000000001,0.278,30.99,15.71,20.71,36.43,50.0,16.67,318.0,0.201,100.0,31.45,28.0,8.81,0.5740000000000001,0.10099999999999998,33.84,17.0,14.79,31.78,31.53,24.04,299.0,0.187,91.0,30.43,30.0,10.03,0.556,0.0979999999999999,31.59,15.63,14.33,29.96,29.28,22.58
745646,2024-06-20,2024,667670,R,666142,L,walk,False,True,59.0,0.236,19.0,32.2,4.0,6.78,0.815,0.29100000000000004,28.83,15.31,15.79,31.1,36.0,29.69,175.0,0.279,57.0,32.57,16.0,9.14,0.873,0.24,38.91,17.09,17.51,34.6,24.59,28.22,318.0,0.201,100.0,31.45,28.0,8.81,0.5740000000000001,0.10099999999999998,33.84,17.0,14.79,31.78,31.53,24.04,299.0,0.187,91.0,30.43,30.0,10.03,0.556,0.0979999999999999,31.59,15.63,14.33,29.96,29.28,22.58
745646,2024-06-20,2024,663527,R,666142,L,field_out,False,False,56.0,0.188,10.0,17.86,5.0,8.93,0.6819999999999999,0.20800000000000002,20.79,9.86,16.9,26.76,26.21,17.86,32.0,0.276,7.0,21.88,3.0,9.38,0.792,0.172,17.86,8.2,16.39,24.59,16.67,18.92,318.0,0.201,100.0,31.45,28.0,8.81,0.5740000000000001,0.10099999999999998,33.84,17.0,14.79,31.78,31.53,24.04,299.0,0.187,91.0,30.43,30.0,10.03,0.556,0.0979999999999999,31.59,15.63,14.33,29.96,29.28,22.58
745646,2024-06-20,2024,669004,L,665622,R,strikeout,True,False,184.0,0.179,49.0,26.63,15.0,8.15,0.643,0.21400000000000002,30.24,15.44,11.96,27.4,27.01,17.31,459.0,0.239,122.0,26.58,55.0,11.98,0.752,0.181,32.7,15.24,15.56,30.8,24.84,20.68,41.0,0.189,7.0,17.07,4.0,9.76,0.538,0.08100000000000002,16.67,7.93,13.41,21.34,23.81,15.91,217.0,0.266,42.0,19.35,27.0,12.44,0.786,0.1419999999999999,20.68,9.23,14.6,23.83,24.15,17.57
745646,2024-06-20,2024,679845,R,665622,R,double,False,False,73.0,0.213,12.0,16.44,10.0,13.7,0.565,0.033,18.35,7.72,18.15,25.87,22.22,16.67,44.0,0.279,7.0,15.91,1.0,2.27,0.667,0.0929999999999999,20.0,9.64,16.87,26.51,25.61,14.29,52.0,0.311,6.0,11.54,6.0,11.54,0.829,0.133,17.35,8.54,13.07,21.61,25.49,10.53,278.0,0.247,64.0,23.02,30.0,10.79,0.796,0.218,27.38,12.79,14.88,27.68,28.05,20.71
745646,2024-06-20,2024,624428,L,665622,R,field_out,False,False,138.0,0.213,27.0,19.57,14.0,10.14,0.624,0.10700000000000001,17.71,8.3,18.51,26.82,27.7,13.71,392.0,0.248,60.0,15.31,26.0,6.63,0.7090000000000001,0.158,19.43,9.43,17.73,27.16,29.49,14.18,41.0,0.189,7.0,17.07,4.0,9.76,0.538,0.08100000000000002,16.67,7.93,13.41,21.34,23.81,15.91,217.0,0.266,42.0,19.35,27.0,12.44,0.786,0.1419999999999999,20.68,9.23,14.6,23.83,24.15,17.57
745646,2024-06-20,2024,676369,R,665622,R,field_out,False,False,157.0,0.183,42.0,26.75,11.0,7.01,0.614,0.183,36.73,16.86,15.69,32.55,26.99,24.0,125.0,0.257,36.0,28.8,9.0,7.2,0.966,0.389,35.34,17.89,12.6,30.49,29.12,21.95,52.0,0.311,6.0,11.54,6.0,11.54,0.829,0.133,17.35,8.54,13.07,21.61,25.49,10.53,278.0,0.247,64.0,23.02,30.0,10.79,0.796,0.218,27.38,12.79,14.88,27.68,28.05,20.71
745646,2024-06-20,2024,669127,R,666142,L,strikeout,True,False,69.0,0.159,20.0,28.99,3.0,4.35,0.511,0.158,29.6,14.07,16.35,30.42,32.62,24.1,146.0,0.179,42.0,28.77,11.0,7.53,0.583,0.164,31.53,15.5,14.0,29.5,31.21,21.11,318.0,0.201,100.0,31.45,28.0,8.81,0.5740000000000001,0.10099999999999998,33.84,17.0,14.79,31.78,31.53,24.04,299.0,0.187,91.0,30.43,30.0,10.03,0.556,0.0979999999999999,31.59,15.63,14.33,29.96,29.28,22.58
745646,2024-06-20,2024,663662,R,666142,L,field_out,False,False,13.0,0.182,3.0,23.08,2.0,15.38,0.853,0.36300000000000004,28.0,14.0,8.0,22.0,25.0,18.75,,,,,,,,,,,,,,,318.0,0.201,100.0,31.45,28.0,8.81,0.5740000000000001,0.10099999999999998,33.84,17.0,14.79,31.78,31.53,24.04,299.0,0.187,91.0,30.43,30.0,10.03,0.556,0.0979999999999999,31.59,15.63,14.33,29.96,29.28,22.58
745646,2024-06-20,2024,691016,L,666142,L,double,False,False,10.0,0.222,1.0,10.0,1.0,10.0,0.633,0.11100000000000002,18.18,10.81,8.11,18.92,33.33,10.0,20.0,0.167,6.0,30.0,1.0,5.0,0.472,0.0549999999999999,26.47,14.06,18.75,32.81,33.33,35.29,59.0,0.327,9.0,15.25,2.0,3.39,0.798,0.10899999999999999,13.04,5.74,18.18,23.92,20.0,19.15,93.0,0.253,22.0,23.66,11.0,11.83,0.711,0.1139999999999999,29.07,14.04,14.33,28.37,23.95,20.56
745646,2024-06-20,2024,680869,R,666142,L,strikeout,True,False,49.0,0.2,18.0,36.73,4.0,8.16,0.643,0.178,40.7,20.11,15.52,35.63,23.38,40.0,80.0,0.167,28.0,35.0,8.0,10.0,0.486,0.0689999999999999,40.48,21.25,11.56,32.81,27.92,34.57,318.0,0.201,100.0,31.45,28.0,8.81,0.5740000000000001,0.10099999999999998,33.84,17.0,14.79,31.78,31.53,24.04,299.0,0.187,91.0,30.43,30.0,10.03,0.556,0.0979999999999999,31.59,15.63,14.33,29.96,29.28,22.58
745646,2024-06-20,2024,664728,L,665622,R,single,False,False,172.0,0.228,26.0,15.12,10.0,5.81,0.626,0.12599999999999997,16.73,7.73,20.84,28.57,32.17,16.77,253.0,0.223,43.0,17.0,12.0,4.74,0.631,0.147,20.48,9.51,19.8,29.31,28.6,18.78,41.0,0.189,7.0,17.07,4.0,9.76,0.538,0.08100000000000002,16.67,7.93,13.41,21.34,23.81,15.91,217.0,0.266,42.0,19.35,27.0,12.44,0.786,0.1419999999999999,20.68,9.23,14.6,23.83,24.15,17.57
745646,2024-06-20,2024,672580,R,665622,R,field_out,False,False,270.0,0.236,52.0,19.26,20.0,7.41,0.616,0.08900000000000002,19.64,8.72,20.54,29.26,22.15,18.18,400.0,0.258,94.0,23.5,33.0,8.25,0.648,0.071,20.3,8.71,19.59,28.3,19.12,19.96,52.0,0.311,6.0,11.54,6.0,11.54,0.829,0.133,17.35,8.54,13.07,21.61,25.49,10.53,278.0,0.247,64.0,23.02,30.0,10.79,0.796,0.218,27.38,12.79,14.88,27.68,28.05,20.71
745646,2024-06-20,2024,677951,R,665622,R,field_out,False,False,277.0,0.328,46.0,16.61,22.0,7.94,0.9390000000000001,0.22800000000000004,23.54,11.44,14.74,26.18,29.15,16.67,547.0,0.27,93.0,17.0,33.0,6.03,0.8,0.2149999999999999,22.15,10.87,15.53,26.4,29.62,14.44,52.0,0.311,6.0,11.54,6.0,11.54,0.829,0.133,17.35,8.54,13.07,21.61,25.49,10.53,278.0,0.247,64.0,23.02,30.0,10.79,0.796,0.218,27.38,12.79,14.88,27.68,28.05,20.71
745646,2024-06-20,2024,686469,L,665622,R,field_out,False,False,235.0,0.234,31.0,13.19,29.0,12.34,0.759,0.19199999999999998,13.67,5.97,16.04,22.01,26.74,12.6,188.0,0.251,23.0,12.23,15.0,7.98,0.784,0.217,14.85,7.02,17.48,24.5,34.8,10.0,41.0,0.189,7.0,17.07,4.0,9.76,0.538,0.08100000000000002,16.67,7.93,13.41,21.34,23.81,15.91,217.0,0.266,42.0,19.35,27.0,12.44,0.786,0.1419999999999999,20.68,9.23,14.6,23.83,24.15,17.57
745646,2024-06-20,2024,680474,R,666142,L,walk,False,True,48.0,0.195,11.0,22.92,5.0,10.42,0.6180000000000001,0.14600000000000002,23.17,10.11,18.09,28.19,15.96,20.0,,,,,,,,,,,,,,,318.0,0.201,100.0,31.45,28.0,8.81,0.5740000000000001,0.10099999999999998,33.84,17.0,14.79,31.78,31.53,24.04,299.0,0.187,91.0,30.43,30.0,10.03,0.556,0.0979999999999999,31.59,15.63,14.33,29.96,29.28,22.58
745646,2024-06-20,2024,668709,L,666142,L,walk,False,True,59.0,0.204,13.0,22.03,4.0,6.78,0.74,0.277,27.88,12.89,16.44,29.33,25.0,21.31,72.0,0.154,19.0,26.39,7.0,9.72,0.482,0.092,27.07,12.54,16.03,28.57,22.56,21.84,59.0,0.327,9.0,15.25,2.0,3.39,0.798,0.10899999999999999,13.04,5.74,18.18,23.92,20.0,19.15,93.0,0.253,22.0,23.66,11.0,11.83,0.711,0.1139999999999999,29.07,14.04,14.33,28.37,23.95,20.56
745646,2024-06-20,2024,609280,R,666142,L,single,False,False,13.0,0.583,0.0,0.0,1.0,7.69,1.448,0.25,9.52,4.08,20.41,24.49,29.17,0.0,38.0,0.278,7.0,18.42,2.0,5.26,0.8720000000000001,0.278,30.99,15.71,20.71,36.43,50.0,16.67,318.0,0.201,100.0,31.45,28.0,8.81,0.5740000000000001,0.10099999999999998,33.84,17.0,14.79,31.78,31.53,24.04,299.0,0.187,91.0,30.43,30.0,10.03,0.556,0.0979999999999999,31.59,15.63,14.33,29.96,29.28,22.58
745646,2024-06-20,2024,667670,R,666142,L,single,False,False,59.0,0.236,19.0,32.2,4.0,6.78,0.815,0.29100000000000004,28.83,15.31,15.79,31.1,36.0,29.69,175.0,0.279,57.0,32.57,16.0,9.14,0.873,0.24,38.91,17.09,17.51,34.6,24.59,28.22,318.0,0.201,100.0,31.45,28.0,8.81,0.5740000000000001,0.10099999999999998,33.84,17.0,14.79,31.78,31.53,24.04,299.0,0.187,91.0,30.43,30.0,10.03,0.556,0.0979999999999999,31.59,15.63,14.33,29.96,29.28,22.58
745646,2024-06-20,2024,663527,R,666142,L,strikeout,True,False,56.0,0.188,10.0,17.86,5.0,8.93,0.6819999999999999,0.20800000000000002,20.79,9.86,16.9,26.76,26.21,17.86,32.0,0.276,7.0,21.88,3.0,9.38,0.792,0.172,17.86,8.2,16.39,24.59,16.67,18.92,318.0,0.201,100.0,31.45,28.0,8.81,0.5740000000000001,0.10099999999999998,33.84,17.0,14.79,31.78,31.53,24.04,299.0,0.187,91.0,30.43,30.0,10.03,0.556,0.0979999999999999,31.59,15.63,14.33,29.96,29.28,22.58
745646,2024-06-20,2024,669127,R,666142,L,grounded_into_double_play,False,False,69.0,0.159,20.0,28.99,3.0,4.35,0.511,0.158,29.6,14.07,16.35,30.42,32.62,24.1,146.0,0.179,42.0,28.77,11.0,7.53,0.583,0.164,31.53,15.5,14.0,29.5,31.21,21.11,318.0,0.201,100.0,31.45,28.0,8.81,0.5740000000000001,0.10099999999999998,33.84,17.0,14.79,31.78,31.53,24.04,299.0,0.187,91.0,30.43,30.0,10.03,0.556,0.0979999999999999,31.59,15.63,14.33,29.96,29.28,22.58
745646,2024-06-20,2024,521692,R,665622,R,single,False,False,224.0,0.291,39.0,17.41,18.0,8.04,0.855,0.196,24.63,13.96,9.34,23.3,42.55,14.39,437.0,0.264,100.0,22.88,11.0,2.52,0.73,0.174,30.72,18.16,9.73,27.89,45.56,22.08,52.0,0.311,6.0,11.54,6.0,11.54,0.829,0.133,17.35,8.54,13.07,21.61,25.49,10.53,278.0,0.247,64.0,23.02,30.0,10.79,0.796,0.218,27.38,12.79,14.88,27.68,28.05,20.71
745646,2024-06-20,2024,669004,L,665622,R,single,False,False,184.0,0.179,49.0,26.63,15.0,8.15,0.643,0.21400000000000002,30.24,15.44,11.96,27.4,27.01,17.31,459.0,0.239,122.0,26.58,55.0,11.98,0.752,0.181,32.7,15.24,15.56,30.8,24.84,20.68,41.0,0.189,7.0,17.07,4.0,9.76,0.538,0.08100000000000002,16.67,7.93,13.41,21.34,23.81,15.91,217.0,0.266,42.0,19.35,27.0,12.44,0.786,0.1419999999999999,20.68,9.23,14.6,23.83,24.15,17.57
745646,2024-06-20,2024,679845,R,665622,R,strikeout,True,False,73.0,0.213,12.0,16.44,10.0,13.7,0.565,0.033,18.35,7.72,18.15,25.87,22.22,16.67,44.0,0.279,7.0,15.91,1.0,2.27,0.667,0.0929999999999999,20.0,9.64,16.87,26.51,25.61,14.29,52.0,0.311,6.0,11.54,6.0,11.54,0.829,0.133,17.35,8.54,13.07,21.61,25.49,10.53,278.0,0.247,64.0,23.02,30.0,10.79,0.796,0.218,27.38,12.79,14.88,27.68,28.05,20.71
745646,2024-06-20,2024,624428,L,665622,R,field_out,False,False,138.0,0.213,27.0,19.57,14.0,10.14,0.624,0.10700000000000001,17.71,8.3,18.51,26.82,27.7,13.71,392.0,0.248,60.0,15.31,26.0,6.63,0.7090000000000001,0.158,19.43,9.43,17.73,27.16,29.49,14.18,41.0,0.189,7.0,17.07,4.0,9.76,0.538,0.08100000000000002,16.67,7.93,13.41,21.34,23.81,15.91,217.0,0.266,42.0,19.35,27.0,12.44,0.786,0.1419999999999999,20.68,9.23,14.6,23.83,24.15,17.57
745646,2024-06-20,2024,663662,R,666142,L,strikeout,True,False,13.0,0.182,3.0,23.08,2.0,15.38,0.853,0.36300000000000004,28.0,14.0,8.0,22.0,25.0,18.75,,,,,,,,,,,,,,,318.0,0.201,100.0,31.45,28.0,8.81,0.5740000000000001,0.10099999999999998,33.84,17.0,14.79,31.78,31.53,24.04,299.0,0.187,91.0,30.43,30.0,10.03,0.556,0.0979999999999999,31.59,15.63,14.33,29.96,29.28,22.58
745646,2024-06-20,2024,691016,L,666142,L,field_error,False,False,10.0,0.222,1.0,10.0,1.0,10.0,0.633,0.11100000000000002,18.18,10.81,8.11,18.92,33.33,10.0,20.0,0.167,6.0,30.0,1.0,5.0,0.472,0.0549999999999999,26.47,14.06,18.75,32.81,33.33,35.29,59.0,0.327,9.0,15.25,2.0,3.39,0.798,0.10899999999999999,13.04,5.74,18.18,23.92,20.0,19.15,93.0,0.253,22.0,23.66,11.0,11.83,0.711,0.1139999999999999,29.07,14.04,14.33,28.37,23.95,20.56
745646,2024-06-20,2024,680869,R,666142,L,strikeout,True,False,49.0,0.2,18.0,36.73,4.0,8.16,0.643,0.178,40.7,20.11,15.52,35.63,23.38,40.0,80.0,0.167,28.0,35.0,8.0,10.0,0.486,0.0689999999999999,40.48,21.25,11.56,32.81,27.92,34.57,318.0,0.201,100.0,31.45,28.0,8.81,0.5740000000000001,0.10099999999999998,33.84,17.0,14.79,31.78,31.53,24.04,299.0,0.187,91.0,30.43,30.0,10.03,0.556,0.0979999999999999,31.59,15.63,14.33,29.96,29.28,22.58
745646,2024-06-20,2024,680474,R,666142,L,field_out,False,False,48.0,0.195,11.0,22.92,5.0,10.42,0.6180000000000001,0.14600000000000002,23.17,10.11,18.09,28.19,15.96,20.0,,,,,,,,,,,,,,,318.0,0.201,100.0,31.45,28.0,8.81,0.5740000000000001,0.10099999999999998,33.84,17.0,14.79,31.78,31.53,24.04,299.0,0.187,91.0,30.43,30.0,10.03,0.556,0.0979999999999999,31.59,15.63,14.33,29.96,29.28,22.58
745646,2024-06-20,2024,676369,R,665622,R,walk,False,True,157.0,0.183,42.0,26.75,11.0,7.01,0.614,0.183,36.73,16.86,15.69,32.55,26.99,24.0,125.0,0.257,36.0,28.8,9.0,7.2,0.966,0.389,35.34,17.89,12.6,30.49,29.12,21.95,52.0,0.311,6.0,11.54,6.0,11.54,0.829,0.133,17.35,8.54,13.07,21.61,25.49,10.53,278.0,0.247,64.0,23.02,30.0,10.79,0.796,0.218,27.38,12.79,14.88,27.68,28.05,20.71
745646,2024-06-20,2024,664728,L,665622,R,field_out,False,False,172.0,0.228,26.0,15.12,10.0,5.81,0.626,0.12599999999999997,16.73,7.73,20.84,28.57,32.17,16.77,253.0,0.223,43.0,17.0,12.0,4.74,0.631,0.147,20.48,9.51,19.8,29.31,28.6,18.78,41.0,0.189,7.0,17.07,4.0,9.76,0.538,0.08100000000000002,16.67,7.93,13.41,21.34,23.81,15.91,217.0,0.266,42.0,19.35,27.0,12.44,0.786,0.1419999999999999,20.68,9.23,14.6,23.83,24.15,17.57
745646,2024-06-20,2024,672580,R,665622,R,strikeout,True,False,270.0,0.236,52.0,19.26,20.0,7.41,0.616,0.08900000000000002,19.64,8.72,20.54,29.26,22.15,18.18,400.0,0.258,94.0,23.5,33.0,8.25,0.648,0.071,20.3,8.71,19.59,28.3,19.12,19.96,52.0,0.311,6.0,11.54,6.0,11.54,0.829,0.133,17.35,8.54,13.07,21.61,25.49,10.53,278.0,0.247,64.0,23.02,30.0,10.79,0.796,0.218,27.38,12.79,14.88,27.68,28.05,20.71
745646,2024-06-20,2024,677951,R,665622,R,double,False,False,277.0,0.328,46.0,16.61,22.0,7.94,0.9390000000000001,0.22800000000000004,23.54,11.44,14.74,26.18,29.15,16.67,547.0,0.27,93.0,17.0,33.0,6.03,0.8,0.2149999999999999,22.15,10.87,15.53,26.4,29.62,14.44,52.0,0.311,6.0,11.54,6.0,11.54,0.829,0.133,17.35,8.54,13.07,21.61,25.49,10.53,278.0,0.247,64.0,23.02,30.0,10.79,0.796,0.218,27.38,12.79,14.88,27.68,28.05,20.71
745646,2024-06-20,2024,686469,L,665622,R,field_out,False,False,235.0,0.234,31.0,13.19,29.0,12.34,0.759,0.19199999999999998,13.67,5.97,16.04,22.01,26.74,12.6,188.0,0.251,23.0,12.23,15.0,7.98,0.784,0.217,14.85,7.02,17.48,24.5,34.8,10.0,41.0,0.189,7.0,17.07,4.0,9.76,0.538,0.08100000000000002,16.67,7.93,13.41,21.34,23.81,15.91,217.0,0.266,42.0,19.35,27.0,12.44,0.786,0.1419999999999999,20.68,9.23,14.6,23.83,24.15,17.57
745646,2024-06-20,2024,668709,L,666142,L,field_out,False,False,59.0,0.204,13.0,22.03,4.0,6.78,0.74,0.277,27.88,12.89,16.44,29.33,25.0,21.31,72.0,0.154,19.0,26.39,7.0,9.72,0.482,0.092,27.07,12.54,16.03,28.57,22.56,21.84,59.0,0.327,9.0,15.25,2.0,3.39,0.798,0.10899999999999999,13.04,5.74,18.18,23.92,20.0,19.15,93.0,0.253,22.0,23.66,11.0,11.83,0.711,0.1139999999999999,29.07,14.04,14.33,28.37,23.95,20.56
745646,2024-06-20,2024,609280,R,666142,L,field_out,False,False,13.0,0.583,0.0,0.0,1.0,7.69,1.448,0.25,9.52,4.08,20.41,24.49,29.17,0.0,38.0,0.278,7.0,18.42,2.0,5.26,0.8720000000000001,0.278,30.99,15.71,20.71,36.43,50.0,16.67,318.0,0.201,100.0,31.45,28.0,8.81,0.5740000000000001,0.10099999999999998,33.84,17.0,14.79,31.78,31.53,24.04,299.0,0.187,91.0,30.43,30.0,10.03,0.556,0.0979999999999999,31.59,15.63,14.33,29.96,29.28,22.58
745646,2024-06-20,2024,667670,R,666142,L,strikeout,True,False,59.0,0.236,19.0,32.2,4.0,6.78,0.815,0.29100000000000004,28.83,15.31,15.79,31.1,36.0,29.69,175.0,0.279,57.0,32.57,16.0,9.14,0.873,0.24,38.91,17.09,17.51,34.6,24.59,28.22,318.0,0.201,100.0,31.45,28.0,8.81,0.5740000000000001,0.10099999999999998,33.84,17.0,14.79,31.78,31.53,24.04,299.0,0.187,91.0,30.43,30.0,10.03,0.556,0.0979999999999999,31.59,15.63,14.33,29.96,29.28,22.58
745646,2024-06-20,2024,521692,R,665622,R,field_out,False,False,224.0,0.291,39.0,17.41,18.0,8.04,0.855,0.196,24.63,13.96,9.34,23.3,42.55,14.39,437.0,0.264,100.0,22.88,11.0,2.52,0.73,0.174,30.72,18.16,9.73,27.89,45.56,22.08,52.0,0.311,6.0,11.54,6.0,11.54,0.829,0.133,17.35,8.54,13.07,21.61,25.49,10.53,278.0,0.247,64.0,23.02,30.0,10.79,0.796,0.218,27.38,12.79,14.88,27.68,28.05,20.71
745646,2024-06-20,2024,669004,L,665622,R,field_out,False,False,184.0,0.179,49.0,26.63,15.0,8.15,0.643,0.21400000000000002,30.24,15.44,11.96,27.4,27.01,17.31,459.0,0.239,122.0,26.58,55.0,11.98,0.752,0.181,32.7,15.24,15.56,30.8,24.84,20.68,41.0,0.189,7.0,17.07,4.0,9.76,0.538,0.08100000000000002,16.67,7.93,13.41,21.34,23.81,15.91,217.0,0.266,42.0,19.35,27.0,12.44,0.786,0.1419999999999999,20.68,9.23,14.6,23.83,24.15,17.57
745646,2024-06-20,2024,679845,R,665622,R,walk,False,True,73.0,0.213,12.0,16.44,10.0,13.7,0.565,0.033,18.35,7.72,18.15,25.87,22.22,16.67,44.0,0.279,7.0,15.91,1.0,2.27,0.667,0.0929999999999999,20.0,9.64,16.87,26.51,25.61,14.29,52.0,0.311,6.0,11.54,6.0,11.54,0.829,0.133,17.35,8.54,13.07,21.61,25.49,10.53,278.0,0.247,64.0,23.02,30.0,10.79,0.796,0.218,27.38,12.79,14.88,27.68,28.05,20.71
745646,2024-06-20,2024,624428,L,519008,L,field_out,False,False,23.0,0.19,2.0,8.7,1.0,4.35,0.451,0.0,12.5,5.41,22.97,28.38,13.33,12.5,64.0,0.193,8.0,12.5,6.0,9.38,0.6140000000000001,0.14,17.54,8.16,17.96,26.12,24.11,13.33,59.0,0.25,10.0,16.95,2.0,3.39,0.627,0.08900000000000002,22.11,10.4,22.77,33.17,31.4,21.74,5.0,0.25,1.0,20.0,1.0,20.0,0.65,0.0,42.86,15.79,10.53,26.32,16.67,100.0
745646,2024-06-20,2024,663527,R,666142,L,strikeout,True,False,56.0,0.188,10.0,17.86,5.0,8.93,0.6819999999999999,0.20800000000000002,20.79,9.86,16.9,26.76,26.21,17.86,32.0,0.276,7.0,21.88,3.0,9.38,0.792,0.172,17.86,8.2,16.39,24.59,16.67,18.92,318.0,0.201,100.0,31.45,28.0,8.81,0.5740000000000001,0.10099999999999998,33.84,17.0,14.79,31.78,31.53,24.04,299.0,0.187,91.0,30.43,30.0,10.03,0.556,0.0979999999999999,31.59,15.63,14.33,29.96,29.28,22.58
745646,2024-06-20,2024,669127,R,666142,L,field_out,False,False,69.0,0.159,20.0,28.99,3.0,4.35,0.511,0.158,29.6,14.07,16.35,30.42,32.62,24.1,146.0,0.179,42.0,28.77,11.0,7.53,0.583,0.164,31.53,15.5,14.0,29.5,31.21,21.11,318.0,0.201,100.0,31.45,28.0,8.81,0.5740000000000001,0.10099999999999998,33.84,17.0,14.79,31.78,31.53,24.04,299.0,0.187,91.0,30.43,30.0,10.03,0.556,0.0979999999999999,31.59,15.63,14.33,29.96,29.28,22.58
745646,2024-06-20,2024,663662,R,666142,L,walk,False,True,13.0,0.182,3.0,23.08,2.0,15.38,0.853,0.36300000000000004,28.0,14.0,8.0,22.0,25.0,18.75,,,,,,,,,,,,,,,318.0,0.201,100.0,31.45,28.0,8.81,0.5740000000000001,0.10099999999999998,33.84,17.0,14.79,31.78,31.53,24.04,299.0,0.187,91.0,30.43,30.0,10.03,0.556,0.0979999999999999,31.59,15.63,14.33,29.96,29.28,22.58
745646,2024-06-20,2024,691016,L,666142,L,field_out,False,False,10.0,0.222,1.0,10.0,1.0,10.0,0.633,0.11100000000000002,18.18,10.81,8.11,18.92,33.33,10.0,20.0,0.167,6.0,30.0,1.0,5.0,0.472,0.0549999999999999,26.47,14.06,18.75,32.81,33.33,35.29,59.0,0.327,9.0,15.25,2.0,3.39,0.798,0.10899999999999999,13.04,5.74,18.18,23.92,20.0,19.15,93.0,0.253,22.0,23.66,11.0,11.83,0.711,0.1139999999999999,29.07,14.04,14.33,28.37,23.95,20.56
745646,2024-06-20,2024,676369,R,666204,R,field_out,False,False,157.0,0.183,42.0,26.75,11.0,7.01,0.614,0.183,36.73,16.86,15.69,32.55,26.99,24.0,125.0,0.257,36.0,28.8,9.0,7.2,0.966,0.389,35.34,17.89,12.6,30.49,29.12,21.95,56.0,0.163,12.0,21.43,10.0,17.86,0.6930000000000001,0.209,29.63,10.96,23.29,34.25,20.91,20.69,58.0,0.152,12.0,20.69,9.0,15.52,0.6339999999999999,0.1959999999999999,29.03,11.44,17.37,28.81,19.85,20.0
745646,2024-06-20,2024,664728,L,666204,R,single,False,False,172.0,0.228,26.0,15.12,10.0,5.81,0.626,0.12599999999999997,16.73,7.73,20.84,28.57,32.17,16.77,253.0,0.223,43.0,17.0,12.0,4.74,0.631,0.147,20.48,9.51,19.8,29.31,28.6,18.78,49.0,0.22,9.0,18.37,8.0,16.33,0.762,0.19499999999999998,27.85,12.43,16.95,29.38,21.95,20.45,37.0,0.129,9.0,24.32,5.0,13.51,0.437,0.065,25.0,8.62,21.84,30.46,18.37,15.0
745646,2024-06-20,2024,672580,R,666204,R,grounded_into_double_play,False,False,270.0,0.236,52.0,19.26,20.0,7.41,0.616,0.08900000000000002,19.64,8.72,20.54,29.26,22.15,18.18,400.0,0.258,94.0,23.5,33.0,8.25,0.648,0.071,20.3,8.71,19.59,28.3,19.12,19.96,56.0,0.163,12.0,21.43,10.0,17.86,0.6930000000000001,0.209,29.63,10.96,23.29,34.25,20.91,20.69,58.0,0.152,12.0,20.69,9.0,15.52,0.6339999999999999,0.1959999999999999,29.03,11.44,17.37,28.81,19.85,20.0
745646,2024-06-20,2024,680869,R,670167,R,field_out,False,False,173.0,0.195,59.0,34.1,10.0,5.78,0.5860000000000001,0.14500000000000002,35.1,17.98,15.41,33.38,29.45,30.57,220.0,0.303,54.0,24.55,18.0,8.18,0.969,0.298,30.92,15.24,15.12,30.36,29.22,21.29,68.0,0.203,14.0,20.59,7.0,10.29,0.514,0.016999999999999987,20.35,8.19,18.15,26.33,21.66,19.18,125.0,0.204,37.0,29.6,10.0,8.0,0.599,0.123,25.88,11.73,19.48,31.21,28.85,22.42
745646,2024-06-20,2024,680474,R,670167,R,walk,False,True,130.0,0.246,36.0,27.69,13.0,10.0,0.649,0.07,29.33,12.11,20.55,32.66,20.0,21.43,,,,,,,,,,,,,,,68.0,0.203,14.0,20.59,7.0,10.29,0.514,0.016999999999999987,20.35,8.19,18.15,26.33,21.66,19.18,125.0,0.204,37.0,29.6,10.0,8.0,0.599,0.123,25.88,11.73,19.48,31.21,28.85,22.42
745646,2024-06-20,2024,668709,L,670167,R,force_out,False,False,249.0,0.271,43.0,17.27,29.0,11.65,0.827,0.197,24.64,10.6,17.08,27.67,21.86,17.62,232.0,0.209,53.0,22.84,35.0,15.09,0.726,0.184,28.61,12.18,15.3,27.48,19.27,20.46,64.0,0.333,6.0,9.38,4.0,6.25,0.882,0.15799999999999997,16.53,8.58,13.3,21.89,27.27,8.0,79.0,0.3,16.0,20.25,15.0,18.99,0.989,0.233,22.22,9.17,16.51,25.69,22.49,17.58
745646,2024-06-20,2024,609280,R,670167,R,single,False,False,81.0,0.291,12.0,14.81,1.0,1.23,0.6759999999999999,0.08900000000000002,15.19,7.87,18.03,25.9,36.67,13.19,52.0,0.229,6.0,11.54,4.0,7.69,0.705,0.1879999999999999,14.58,7.49,13.9,21.39,30.93,12.77,68.0,0.203,14.0,20.59,7.0,10.29,0.514,0.016999999999999987,20.35,8.19,18.15,26.33,21.66,19.18,125.0,0.204,37.0,29.6,10.0,8.0,0.599,0.123,25.88,11.73,19.48,31.21,28.85,22.42
745646,2024-06-20,2024,667670,R,670167,R,single,False,False,194.0,0.268,70.0,36.08,22.0,11.34,0.864,0.238,38.21,18.56,12.7,31.26,30.47,28.57,351.0,0.23,115.0,32.76,33.0,9.4,0.788,0.2419999999999999,37.94,17.82,16.3,34.12,28.65,23.47,68.0,0.203,14.0,20.59,7.0,10.29,0.514,0.016999999999999987,20.35,8.19,18.15,26.33,21.66,19.18,125.0,0.204,37.0,29.6,10.0,8.0,0.599,0.123,25.88,11.73,19.48,31.21,28.85,22.42
745646,2024-06-20,2024,663527,R,670167,R,single,False,False,92.0,0.244,23.0,25.0,9.0,9.78,0.643,0.07300000000000001,29.31,14.01,16.21,30.22,24.86,22.33,79.0,0.167,18.0,22.78,9.0,11.39,0.5489999999999999,0.091,24.38,11.4,17.84,29.24,24.85,14.29,68.0,0.203,14.0,20.59,7.0,10.29,0.514,0.016999999999999987,20.35,8.19,18.15,26.33,21.66,19.18,125.0,0.204,37.0,29.6,10.0,8.0,0.599,0.123,25.88,11.73,19.48,31.21,28.85,22.42
745646,2024-06-20,2024,669127,R,670167,R,walk,False,True,177.0,0.214,46.0,25.99,13.0,7.34,0.754,0.258,30.1,14.88,16.16,31.04,32.18,26.44,344.0,0.217,101.0,29.36,23.0,6.69,0.7230000000000001,0.226,32.34,16.3,14.73,31.03,31.22,23.88,68.0,0.203,14.0,20.59,7.0,10.29,0.514,0.016999999999999987,20.35,8.19,18.15,26.33,21.66,19.18,125.0,0.204,37.0,29.6,10.0,8.0,0.599,0.123,25.88,11.73,19.48,31.21,28.85,22.42
745646,2024-06-20,2024,671732,L,656186,R,field_out,False,False,107.0,0.204,28.0,26.17,14.0,13.08,0.62,0.10800000000000001,28.35,11.93,18.87,30.8,23.46,19.57,107.0,0.216,29.0,27.1,3.0,2.8,0.616,0.157,31.16,14.83,17.7,32.54,26.94,22.48,10.0,0.125,1.0,10.0,1.0,10.0,0.347,0.0,26.67,10.81,16.22,27.03,17.65,14.29,,,,,,,,,,,,,,
745646,2024-06-20,2024,677951,R,613534,R,field_out,False,False,277.0,0.328,46.0,16.61,22.0,7.94,0.9390000000000001,0.22800000000000004,23.54,11.44,14.74,26.18,29.15,16.67,547.0,0.27,93.0,17.0,33.0,6.03,0.8,0.2149999999999999,22.15,10.87,15.53,26.4,29.62,14.44,76.0,0.279,22.0,28.95,10.0,13.16,0.752,0.06499999999999995,40.29,17.18,16.56,33.74,25.42,22.68,52.0,0.267,12.0,23.08,4.0,7.69,0.721,0.0889999999999999,25.93,12.28,15.35,27.63,31.9,16.67
745646,2024-06-20,2024,686469,L,613534,R,double,False,False,235.0,0.234,31.0,13.19,29.0,12.34,0.759,0.19199999999999998,13.67,5.97,16.04,22.01,26.74,12.6,188.0,0.251,23.0,12.23,15.0,7.98,0.784,0.217,14.85,7.02,17.48,24.5,34.8,10.0,47.0,0.216,13.0,27.66,5.0,10.64,0.802,0.216,24.18,10.73,16.59,27.32,25.53,19.4,29.0,0.174,10.0,34.48,4.0,13.79,0.5189999999999999,0.0,35.71,14.81,17.78,32.59,22.73,21.28
745646,2024-06-20,2024,521692,R,613534,R,strikeout,True,False,224.0,0.291,39.0,17.41,18.0,8.04,0.855,0.196,24.63,13.96,9.34,23.3,42.55,14.39,437.0,0.264,100.0,22.88,11.0,2.52,0.73,0.174,30.72,18.16,9.73,27.89,45.56,22.08,76.0,0.279,22.0,28.95,10.0,13.16,0.752,0.06499999999999995,40.29,17.18,16.56,33.74,25.42,22.68,52.0,0.267,12.0,23.08,4.0,7.69,0.721,0.0889999999999999,25.93,12.28,15.35,27.63,31.9,16.67
745646,2024-06-20,2024,669004,L,613534,R,strikeout,True,False,184.0,0.179,49.0,26.63,15.0,8.15,0.643,0.21400000000000002,30.24,15.44,11.96,27.4,27.01,17.31,459.0,0.239,122.0,26.58,55.0,11.98,0.752,0.181,32.7,15.24,15.56,30.8,24.84,20.68,47.0,0.216,13.0,27.66,5.0,10.64,0.802,0.216,24.18,10.73,16.59,27.32,25.53,19.4,29.0,0.174,10.0,34.48,4.0,13.79,0.5189999999999999,0.0,35.71,14.81,17.78,32.59,22.73,21.28
745646,2024-06-20,2024,691016,L,656186,R,field_out,False,False,97.0,0.241,32.0,32.99,11.0,11.34,0.802,0.21700000000000003,34.32,15.34,16.67,32.01,28.21,29.91,118.0,0.159,37.0,31.36,10.0,8.47,0.472,0.0839999999999999,33.93,16.67,14.91,31.58,29.36,28.91,10.0,0.125,1.0,10.0,1.0,10.0,0.347,0.0,26.67,10.81,16.22,27.03,17.65,14.29,,,,,,,,,,,,,,
745646,2024-06-20,2024,680869,R,656186,R,home_run,False,False,173.0,0.195,59.0,34.1,10.0,5.78,0.5860000000000001,0.14500000000000002,35.1,17.98,15.41,33.38,29.45,30.57,220.0,0.303,54.0,24.55,18.0,8.18,0.969,0.298,30.92,15.24,15.12,30.36,29.22,21.29,11.0,0.5,4.0,36.36,2.0,18.18,1.6360000000000001,0.5,33.33,15.22,13.04,28.26,20.83,40.0,,,,,,,,,,,,,,
745646,2024-06-20,2024,680474,R,656186,R,walk,False,True,130.0,0.246,36.0,27.69,13.0,10.0,0.649,0.07,29.33,12.11,20.55,32.66,20.0,21.43,,,,,,,,,,,,,,,11.0,0.5,4.0,36.36,2.0,18.18,1.6360000000000001,0.5,33.33,15.22,13.04,28.26,20.83,40.0,,,,,,,,,,,,,,
745646,2024-06-20,2024,668709,L,608717,R,force_out,False,False,249.0,0.271,43.0,17.27,29.0,11.65,0.827,0.197,24.64,10.6,17.08,27.67,21.86,17.62,232.0,0.209,53.0,22.84,35.0,15.09,0.726,0.184,28.61,12.18,15.3,27.48,19.27,20.46,48.0,0.231,10.0,20.83,9.0,18.75,0.606,0.0,22.62,9.0,18.48,27.49,26.32,16.95,104.0,0.191,35.0,33.65,14.0,13.46,0.59,0.1009999999999999,21.74,8.85,21.02,29.87,22.5,22.88
745646,2024-06-20,2024,609280,R,608717,R,field_out,False,False,81.0,0.291,12.0,14.81,1.0,1.23,0.6759999999999999,0.08900000000000002,15.19,7.87,18.03,25.9,36.67,13.19,52.0,0.229,6.0,11.54,4.0,7.69,0.705,0.1879999999999999,14.58,7.49,13.9,21.39,30.93,12.77,82.0,0.145,19.0,23.17,10.0,12.2,0.5489999999999999,0.145,27.74,12.3,16.18,28.48,24.05,27.94,234.0,0.242,46.0,19.66,11.0,4.7,0.679,0.158,22.17,11.23,16.08,27.31,29.37,16.37
745646,2024-06-20,2024,679845,R,695243,R,walk,False,True,73.0,0.213,12.0,16.44,10.0,13.7,0.565,0.033,18.35,7.72,18.15,25.87,22.22,16.67,44.0,0.279,7.0,15.91,1.0,2.27,0.667,0.0929999999999999,20.0,9.64,16.87,26.51,25.61,14.29,71.0,0.159,31.0,43.66,6.0,8.45,0.511,0.12699999999999997,40.14,19.28,19.28,38.56,42.0,31.96,78.0,0.229,22.0,28.21,6.0,7.69,0.642,0.114,29.19,14.24,14.55,28.79,28.75,20.56
745646,2024-06-20,2024,624428,L,695243,R,strikeout,True,False,138.0,0.213,27.0,19.57,14.0,10.14,0.624,0.10700000000000001,17.71,8.3,18.51,26.82,27.7,13.71,392.0,0.248,60.0,15.31,26.0,6.63,0.7090000000000001,0.158,19.43,9.43,17.73,27.16,29.49,14.18,55.0,0.104,28.0,50.91,7.0,12.73,0.406,0.084,45.61,23.21,16.96,40.18,36.73,33.73,62.0,0.167,16.0,25.81,10.0,16.13,0.573,0.0829999999999999,22.31,9.61,13.88,23.49,22.0,18.39
745646,2024-06-20,2024,676369,R,695243,R,field_out,False,False,157.0,0.183,42.0,26.75,11.0,7.01,0.614,0.183,36.73,16.86,15.69,32.55,26.99,24.0,125.0,0.257,36.0,28.8,9.0,7.2,0.966,0.389,35.34,17.89,12.6,30.49,29.12,21.95,71.0,0.159,31.0,43.66,6.0,8.45,0.511,0.12699999999999997,40.14,19.28,19.28,38.56,42.0,31.96,78.0,0.229,22.0,28.21,6.0,7.69,0.642,0.114,29.19,14.24,14.55,28.79,28.75,20.56
745646,2024-06-20,2024,664728,L,695243,R,strikeout,True,False,172.0,0.228,26.0,15.12,10.0,5.81,0.626,0.12599999999999997,16.73,7.73,20.84,28.57,32.17,16.77,253.0,0.223,43.0,17.0,12.0,4.74,0.631,0.147,20.48,9.51,19.8,29.31,28.6,18.78,55.0,0.104,28.0,50.91,7.0,12.73,0.406,0.084,45.61,23.21,16.96,40.18,36.73,33.73,62.0,0.167,16.0,25.81,10.0,16.13,0.573,0.0829999999999999,22.31,9.61,13.88,23.49,22.0,18.39
746219,2024-06-20,2024,687401,R,542881,L,walk,False,True,69.0,0.214,16.0,23.19,10.0,14.49,0.718,0.161,20.18,8.01,19.51,27.53,19.73,22.86,21.0,0.3,6.0,28.57,0.0,0.0,0.586,0.0,26.32,13.33,25.33,38.67,40.0,24.0,282.0,0.22,45.0,15.96,30.0,10.64,0.642,0.12000000000000002,25.94,12.63,15.81,28.45,30.56,17.24,491.0,0.266,93.0,18.94,44.0,8.96,0.783,0.181,28.26,14.37,13.47,27.84,30.37,16.52
746219,2024-06-20,2024,661388,R,542881,L,single,False,False,77.0,0.296,18.0,23.38,4.0,5.19,0.6910000000000001,0.07,28.85,14.52,14.19,28.71,30.82,19.78,177.0,0.357,32.0,18.08,21.0,11.86,1.087,0.292,28.8,12.96,16.38,29.34,24.36,16.24,282.0,0.22,45.0,15.96,30.0,10.64,0.642,0.12000000000000002,25.94,12.63,15.81,28.45,30.56,17.24,491.0,0.266,93.0,18.94,44.0,8.96,0.783,0.181,28.26,14.37,13.47,27.84,30.37,16.52
746219,2024-06-20,2024,592885,L,542881,L,field_out,False,False,67.0,0.35,14.0,20.9,6.0,8.96,0.968,0.20000000000000007,25.23,11.57,16.94,28.51,27.2,21.21,159.0,0.234,37.0,23.27,14.0,8.81,0.633,0.097,26.17,13.04,15.53,28.57,28.16,18.32,103.0,0.167,18.0,17.48,11.0,10.68,0.661,0.222,23.3,10.76,14.7,25.46,25.0,19.78,140.0,0.265,26.0,18.57,20.0,14.29,0.868,0.2219999999999999,26.0,11.84,15.3,27.14,26.32,15.85
746219,2024-06-20,2024,642715,R,542881,L,walk,False,True,77.0,0.188,14.0,18.18,12.0,15.58,0.6559999999999999,0.15599999999999997,27.78,11.99,14.04,26.03,20.5,20.0,160.0,0.231,48.0,30.0,24.0,15.0,0.762,0.1789999999999999,26.61,12.38,15.79,28.17,29.47,20.17,282.0,0.22,45.0,15.96,30.0,10.64,0.642,0.12000000000000002,25.94,12.63,15.81,28.45,30.56,17.24,491.0,0.266,93.0,18.94,44.0,8.96,0.783,0.181,28.26,14.37,13.47,27.84,30.37,16.52
746219,2024-06-20,2024,656555,R,542881,L,sac_fly,False,False,38.0,0.161,7.0,18.42,4.0,10.53,0.521,0.097,27.94,12.34,18.83,31.17,22.39,15.22,,,,,,,,,,,,,,,282.0,0.22,45.0,15.96,30.0,10.64,0.642,0.12000000000000002,25.94,12.63,15.81,28.45,30.56,17.24,491.0,0.266,93.0,18.94,44.0,8.96,0.783,0.181,28.26,14.37,13.47,27.84,30.37,16.52
746219,2024-06-20,2024,686217,L,542881,L,field_out,False,False,29.0,0.25,8.0,27.59,1.0,3.45,0.669,0.14300000000000002,15.38,6.38,24.47,30.85,20.93,38.1,43.0,0.184,7.0,16.28,5.0,11.63,0.5680000000000001,0.1049999999999999,11.43,4.71,21.18,25.88,26.83,17.07,103.0,0.167,18.0,17.48,11.0,10.68,0.661,0.222,23.3,10.76,14.7,25.46,25.0,19.78,140.0,0.265,26.0,18.57,20.0,14.29,0.868,0.2219999999999999,26.0,11.84,15.3,27.14,26.32,15.85
746219,2024-06-20,2024,694384,L,642547,R,field_out,False,False,217.0,0.233,37.0,17.05,18.0,8.29,0.6639999999999999,0.12499999999999997,15.3,6.59,20.94,27.53,24.35,14.29,104.0,0.291,15.0,14.42,14.0,13.46,0.7569999999999999,0.0579999999999999,18.78,8.02,17.92,25.94,20.47,11.45,172.0,0.22,55.0,31.98,12.0,6.98,0.646,0.151,34.59,15.99,14.83,30.81,28.76,26.6,362.0,0.215,95.0,26.24,35.0,9.67,0.669,0.16,30.45,14.66,14.59,29.25,27.92,19.08
746219,2024-06-20,2024,650859,L,642547,R,field_out,False,False,178.0,0.286,23.0,12.92,11.0,6.18,0.724,0.09900000000000003,20.06,10.63,12.22,22.86,32.94,12.64,322.0,0.24,60.0,18.63,31.0,9.63,0.7270000000000001,0.166,24.18,11.79,13.87,25.66,28.19,14.39,172.0,0.22,55.0,31.98,12.0,6.98,0.646,0.151,34.59,15.99,14.83,30.81,28.76,26.6,362.0,0.215,95.0,26.24,35.0,9.67,0.669,0.16,30.45,14.66,14.59,29.25,27.92,19.08
746219,2024-06-20,2024,621493,R,642547,R,field_out,False,False,242.0,0.206,57.0,23.55,28.0,11.57,0.683,0.18200000000000002,24.0,10.12,19.6,29.72,18.1,20.36,295.0,0.233,61.0,20.68,27.0,9.15,0.702,0.148,23.43,10.4,15.98,26.37,23.09,17.78,170.0,0.224,51.0,30.0,17.0,10.0,0.6950000000000001,0.13999999999999999,31.23,14.89,13.93,28.83,26.34,18.89,318.0,0.209,115.0,36.16,19.0,5.97,0.669,0.192,37.03,17.53,15.68,33.21,29.6,24.11
746219,2024-06-20,2024,596142,R,542881,L,strikeout,True,False,54.0,0.224,13.0,24.07,4.0,7.41,0.786,0.266,28.87,13.08,21.03,34.11,26.92,19.4,79.0,0.267,18.0,22.78,4.0,5.06,0.984,0.413,25.18,10.61,22.12,32.73,24.07,18.18,282.0,0.22,45.0,15.96,30.0,10.64,0.642,0.12000000000000002,25.94,12.63,15.81,28.45,30.56,17.24,491.0,0.266,93.0,18.94,44.0,8.96,0.783,0.181,28.26,14.37,13.47,27.84,30.37,16.52
746219,2024-06-20,2024,694192,R,542881,L,single,False,False,60.0,0.154,13.0,21.67,8.0,13.33,0.479,0.057999999999999996,24.19,12.35,13.17,25.51,31.03,16.25,,,,,,,,,,,,,,,282.0,0.22,45.0,15.96,30.0,10.64,0.642,0.12000000000000002,25.94,12.63,15.81,28.45,30.56,17.24,491.0,0.266,93.0,18.94,44.0,8.96,0.783,0.181,28.26,14.37,13.47,27.84,30.37,16.52
746219,2024-06-20,2024,668930,L,542881,L,field_out,False,False,44.0,0.205,9.0,20.45,5.0,11.36,0.577,0.07699999999999999,14.86,6.01,20.22,26.23,18.39,17.65,73.0,0.188,12.0,16.44,8.0,10.96,0.466,0.0,20.18,7.94,23.47,31.41,18.75,17.39,103.0,0.167,18.0,17.48,11.0,10.68,0.661,0.222,23.3,10.76,14.7,25.46,25.0,19.78,140.0,0.265,26.0,18.57,20.0,14.29,0.868,0.2219999999999999,26.0,11.84,15.3,27.14,26.32,15.85
746219,2024-06-20,2024,687401,R,542881,L,caught_stealing_2b,False,False,69.0,0.214,16.0,23.19,10.0,14.49,0.718,0.161,20.18,8.01,19.51,27.53,19.73,22.86,21.0,0.3,6.0,28.57,0.0,0.0,0.586,0.0,26.32,13.33,25.33,38.67,40.0,24.0,282.0,0.22,45.0,15.96,30.0,10.64,0.642,0.12000000000000002,25.94,12.63,15.81,28.45,30.56,17.24,491.0,0.266,93.0,18.94,44.0,8.96,0.783,0.181,28.26,14.37,13.47,27.84,30.37,16.52
746219,2024-06-20,2024,607680,R,642547,R,walk,False,True,92.0,0.225,15.0,16.3,7.0,7.61,0.72,0.18699999999999997,21.05,10.62,15.34,25.96,33.33,13.76,95.0,0.202,22.0,23.16,4.0,4.21,0.58,0.1459999999999999,23.46,13.0,15.17,28.17,39.61,20.95,170.0,0.224,51.0,30.0,17.0,10.0,0.6950000000000001,0.13999999999999999,31.23,14.89,13.93,28.83,26.34,18.89,318.0,0.209,115.0,36.16,19.0,5.97,0.669,0.192,37.03,17.53,15.68,33.21,29.6,24.11
746219,2024-06-20,2024,681351,R,642547,R,strikeout,True,False,183.0,0.29,45.0,24.59,11.0,6.01,0.808,0.17700000000000005,32.58,16.38,15.38,31.77,34.56,19.03,154.0,0.22,38.0,24.68,9.0,5.84,0.757,0.262,32.06,17.0,13.8,30.81,36.07,19.69,170.0,0.224,51.0,30.0,17.0,10.0,0.6950000000000001,0.13999999999999999,31.23,14.89,13.93,28.83,26.34,18.89,318.0,0.209,115.0,36.16,19.0,5.97,0.669,0.192,37.03,17.53,15.68,33.21,29.6,24.11
746219,2024-06-20,2024,642136,L,642547,R,strikeout,True,False,63.0,0.245,21.0,33.33,9.0,14.29,0.751,0.15100000000000002,40.91,16.98,15.85,32.83,24.49,25.3,266.0,0.215,71.0,26.69,31.0,11.65,0.6759999999999999,0.145,34.8,16.01,13.25,29.25,18.13,22.15,172.0,0.22,55.0,31.98,12.0,6.98,0.646,0.151,34.59,15.99,14.83,30.81,28.76,26.6,362.0,0.215,95.0,26.24,35.0,9.67,0.669,0.16,30.45,14.66,14.59,29.25,27.92,19.08
746219,2024-06-20,2024,687263,R,642547,R,strikeout,True,False,221.0,0.217,54.0,24.43,12.0,5.43,0.687,0.19699999999999998,29.08,14.96,15.33,30.29,33.57,21.51,262.0,0.222,62.0,23.66,18.0,6.87,0.6599999999999999,0.1349999999999999,28.77,13.7,16.19,29.89,23.52,18.84,170.0,0.224,51.0,30.0,17.0,10.0,0.6950000000000001,0.13999999999999999,31.23,14.89,13.93,28.83,26.34,18.89,318.0,0.209,115.0,36.16,19.0,5.97,0.669,0.192,37.03,17.53,15.68,33.21,29.6,24.11
746219,2024-06-20,2024,687401,R,542881,L,strikeout,True,False,69.0,0.214,16.0,23.19,10.0,14.49,0.718,0.161,20.18,8.01,19.51,27.53,19.73,22.86,21.0,0.3,6.0,28.57,0.0,0.0,0.586,0.0,26.32,13.33,25.33,38.67,40.0,24.0,282.0,0.22,45.0,15.96,30.0,10.64,0.642,0.12000000000000002,25.94,12.63,15.81,28.45,30.56,17.24,491.0,0.266,93.0,18.94,44.0,8.96,0.783,0.181,28.26,14.37,13.47,27.84,30.37,16.52
746219,2024-06-20,2024,661388,R,542881,L,field_out,False,False,77.0,0.296,18.0,23.38,4.0,5.19,0.6910000000000001,0.07,28.85,14.52,14.19,28.71,30.82,19.78,177.0,0.357,32.0,18.08,21.0,11.86,1.087,0.292,28.8,12.96,16.38,29.34,24.36,16.24,282.0,0.22,45.0,15.96,30.0,10.64,0.642,0.12000000000000002,25.94,12.63,15.81,28.45,30.56,17.24,491.0,0.266,93.0,18.94,44.0,8.96,0.783,0.181,28.26,14.37,13.47,27.84,30.37,16.52
746219,2024-06-20,2024,592885,L,542881,L,double,False,False,67.0,0.35,14.0,20.9,6.0,8.96,0.968,0.20000000000000007,25.23,11.57,16.94,28.51,27.2,21.21,159.0,0.234,37.0,23.27,14.0,8.81,0.633,0.097,26.17,13.04,15.53,28.57,28.16,18.32,103.0,0.167,18.0,17.48,11.0,10.68,0.661,0.222,23.3,10.76,14.7,25.46,25.0,19.78,140.0,0.265,26.0,18.57,20.0,14.29,0.868,0.2219999999999999,26.0,11.84,15.3,27.14,26.32,15.85
746219,2024-06-20,2024,642715,R,542881,L,walk,False,True,77.0,0.188,14.0,18.18,12.0,15.58,0.6559999999999999,0.15599999999999997,27.78,11.99,14.04,26.03,20.5,20.0,160.0,0.231,48.0,30.0,24.0,15.0,0.762,0.1789999999999999,26.61,12.38,15.79,28.17,29.47,20.17,282.0,0.22,45.0,15.96,30.0,10.64,0.642,0.12000000000000002,25.94,12.63,15.81,28.45,30.56,17.24,491.0,0.266,93.0,18.94,44.0,8.96,0.783,0.181,28.26,14.37,13.47,27.84,30.37,16.52
746219,2024-06-20,2024,656555,R,542881,L,strikeout,True,False,38.0,0.161,7.0,18.42,4.0,10.53,0.521,0.097,27.94,12.34,18.83,31.17,22.39,15.22,,,,,,,,,,,,,,,282.0,0.22,45.0,15.96,30.0,10.64,0.642,0.12000000000000002,25.94,12.63,15.81,28.45,30.56,17.24,491.0,0.266,93.0,18.94,44.0,8.96,0.783,0.181,28.26,14.37,13.47,27.84,30.37,16.52
746219,2024-06-20,2024,666160,L,642547,R,field_out,False,False,173.0,0.204,45.0,26.01,11.0,6.36,0.569,0.11100000000000002,27.55,15.36,12.09,27.45,36.29,18.44,259.0,0.293,93.0,35.91,7.0,2.7,0.8620000000000001,0.249,38.62,24.01,9.43,33.44,46.84,30.07,172.0,0.22,55.0,31.98,12.0,6.98,0.646,0.151,34.59,15.99,14.83,30.81,28.76,26.6,362.0,0.215,95.0,26.24,35.0,9.67,0.669,0.16,30.45,14.66,14.59,29.25,27.92,19.08
746219,2024-06-20,2024,641645,L,642547,R,single,False,False,80.0,0.282,13.0,16.25,8.0,10.0,0.744,0.11200000000000004,20.14,8.72,18.07,26.79,25.0,14.61,96.0,0.218,19.0,19.79,8.0,8.33,0.591,0.092,15.23,6.02,21.47,27.49,22.05,19.79,172.0,0.22,55.0,31.98,12.0,6.98,0.646,0.151,34.59,15.99,14.83,30.81,28.76,26.6,362.0,0.215,95.0,26.24,35.0,9.67,0.669,0.16,30.45,14.66,14.59,29.25,27.92,19.08
746219,2024-06-20,2024,694384,L,642547,R,strikeout,True,False,217.0,0.233,37.0,17.05,18.0,8.29,0.6639999999999999,0.12499999999999997,15.3,6.59,20.94,27.53,24.35,14.29,104.0,0.291,15.0,14.42,14.0,13.46,0.7569999999999999,0.0579999999999999,18.78,8.02,17.92,25.94,20.47,11.45,172.0,0.22,55.0,31.98,12.0,6.98,0.646,0.151,34.59,15.99,14.83,30.81,28.76,26.6,362.0,0.215,95.0,26.24,35.0,9.67,0.669,0.16,30.45,14.66,14.59,29.25,27.92,19.08
746219,2024-06-20,2024,650859,L,642547,R,field_out,False,False,178.0,0.286,23.0,12.92,11.0,6.18,0.724,0.09900000000000003,20.06,10.63,12.22,22.86,32.94,12.64,322.0,0.24,60.0,18.63,31.0,9.63,0.7270000000000001,0.166,24.18,11.79,13.87,25.66,28.19,14.39,172.0,0.22,55.0,31.98,12.0,6.98,0.646,0.151,34.59,15.99,14.83,30.81,28.76,26.6,362.0,0.215,95.0,26.24,35.0,9.67,0.669,0.16,30.45,14.66,14.59,29.25,27.92,19.08
746219,2024-06-20,2024,686217,L,542881,L,field_out,False,False,29.0,0.25,8.0,27.59,1.0,3.45,0.669,0.14300000000000002,15.38,6.38,24.47,30.85,20.93,38.1,43.0,0.184,7.0,16.28,5.0,11.63,0.5680000000000001,0.1049999999999999,11.43,4.71,21.18,25.88,26.83,17.07,103.0,0.167,18.0,17.48,11.0,10.68,0.661,0.222,23.3,10.76,14.7,25.46,25.0,19.78,140.0,0.265,26.0,18.57,20.0,14.29,0.868,0.2219999999999999,26.0,11.84,15.3,27.14,26.32,15.85
746219,2024-06-20,2024,596142,R,542881,L,field_out,False,False,54.0,0.224,13.0,24.07,4.0,7.41,0.786,0.266,28.87,13.08,21.03,34.11,26.92,19.4,79.0,0.267,18.0,22.78,4.0,5.06,0.984,0.413,25.18,10.61,22.12,32.73,24.07,18.18,282.0,0.22,45.0,15.96,30.0,10.64,0.642,0.12000000000000002,25.94,12.63,15.81,28.45,30.56,17.24,491.0,0.266,93.0,18.94,44.0,8.96,0.783,0.181,28.26,14.37,13.47,27.84,30.37,16.52
746219,2024-06-20,2024,694192,R,542881,L,strikeout,True,False,60.0,0.154,13.0,21.67,8.0,13.33,0.479,0.057999999999999996,24.19,12.35,13.17,25.51,31.03,16.25,,,,,,,,,,,,,,,282.0,0.22,45.0,15.96,30.0,10.64,0.642,0.12000000000000002,25.94,12.63,15.81,28.45,30.56,17.24,491.0,0.266,93.0,18.94,44.0,8.96,0.783,0.181,28.26,14.37,13.47,27.84,30.37,16.52
746219,2024-06-20,2024,621493,R,642547,R,single,False,False,242.0,0.206,57.0,23.55,28.0,11.57,0.683,0.18200000000000002,24.0,10.12,19.6,29.72,18.1,20.36,295.0,0.233,61.0,20.68,27.0,9.15,0.702,0.148,23.43,10.4,15.98,26.37,23.09,17.78,170.0,0.224,51.0,30.0,17.0,10.0,0.6950000000000001,0.13999999999999999,31.23,14.89,13.93,28.83,26.34,18.89,318.0,0.209,115.0,36.16,19.0,5.97,0.669,0.192,37.03,17.53,15.68,33.21,29.6,24.11
746219,2024-06-20,2024,607680,R,642547,R,field_out,False,False,92.0,0.225,15.0,16.3,7.0,7.61,0.72,0.18699999999999997,21.05,10.62,15.34,25.96,33.33,13.76,95.0,0.202,22.0,23.16,4.0,4.21,0.58,0.1459999999999999,23.46,13.0,15.17,28.17,39.61,20.95,170.0,0.224,51.0,30.0,17.0,10.0,0.6950000000000001,0.13999999999999999,31.23,14.89,13.93,28.83,26.34,18.89,318.0,0.209,115.0,36.16,19.0,5.97,0.669,0.192,37.03,17.53,15.68,33.21,29.6,24.11
746219,2024-06-20,2024,681351,R,642547,R,strikeout,True,False,183.0,0.29,45.0,24.59,11.0,6.01,0.808,0.17700000000000005,32.58,16.38,15.38,31.77,34.56,19.03,154.0,0.22,38.0,24.68,9.0,5.84,0.757,0.262,32.06,17.0,13.8,30.81,36.07,19.69,170.0,0.224,51.0,30.0,17.0,10.0,0.6950000000000001,0.13999999999999999,31.23,14.89,13.93,28.83,26.34,18.89,318.0,0.209,115.0,36.16,19.0,5.97,0.669,0.192,37.03,17.53,15.68,33.21,29.6,24.11
746219,2024-06-20,2024,642136,L,642547,R,strikeout,True,False,63.0,0.245,21.0,33.33,9.0,14.29,0.751,0.15100000000000002,40.91,16.98,15.85,32.83,24.49,25.3,266.0,0.215,71.0,26.69,31.0,11.65,0.6759999999999999,0.145,34.8,16.01,13.25,29.25,18.13,22.15,172.0,0.22,55.0,31.98,12.0,6.98,0.646,0.151,34.59,15.99,14.83,30.81,28.76,26.6,362.0,0.215,95.0,26.24,35.0,9.67,0.669,0.16,30.45,14.66,14.59,29.25,27.92,19.08
746219,2024-06-20,2024,668930,L,542881,L,field_out,False,False,44.0,0.205,9.0,20.45,5.0,11.36,0.577,0.07699999999999999,14.86,6.01,20.22,26.23,18.39,17.65,73.0,0.188,12.0,16.44,8.0,10.96,0.466,0.0,20.18,7.94,23.47,31.41,18.75,17.39,103.0,0.167,18.0,17.48,11.0,10.68,0.661,0.222,23.3,10.76,14.7,25.46,25.0,19.78,140.0,0.265,26.0,18.57,20.0,14.29,0.868,0.2219999999999999,26.0,11.84,15.3,27.14,26.32,15.85
746219,2024-06-20,2024,687401,R,542881,L,field_out,False,False,69.0,0.214,16.0,23.19,10.0,14.49,0.718,0.161,20.18,8.01,19.51,27.53,19.73,22.86,21.0,0.3,6.0,28.57,0.0,0.0,0.586,0.0,26.32,13.33,25.33,38.67,40.0,24.0,282.0,0.22,45.0,15.96,30.0,10.64,0.642,0.12000000000000002,25.94,12.63,15.81,28.45,30.56,17.24,491.0,0.266,93.0,18.94,44.0,8.96,0.783,0.181,28.26,14.37,13.47,27.84,30.37,16.52
746219,2024-06-20,2024,661388,R,542881,L,field_out,False,False,77.0,0.296,18.0,23.38,4.0,5.19,0.6910000000000001,0.07,28.85,14.52,14.19,28.71,30.82,19.78,177.0,0.357,32.0,18.08,21.0,11.86,1.087,0.292,28.8,12.96,16.38,29.34,24.36,16.24,282.0,0.22,45.0,15.96,30.0,10.64,0.642,0.12000000000000002,25.94,12.63,15.81,28.45,30.56,17.24,491.0,0.266,93.0,18.94,44.0,8.96,0.783,0.181,28.26,14.37,13.47,27.84,30.37,16.52
746219,2024-06-20,2024,687263,R,642547,R,field_out,False,False,221.0,0.217,54.0,24.43,12.0,5.43,0.687,0.19699999999999998,29.08,14.96,15.33,30.29,33.57,21.51,262.0,0.222,62.0,23.66,18.0,6.87,0.6599999999999999,0.1349999999999999,28.77,13.7,16.19,29.89,23.52,18.84,170.0,0.224,51.0,30.0,17.0,10.0,0.6950000000000001,0.13999999999999999,31.23,14.89,13.93,28.83,26.34,18.89,318.0,0.209,115.0,36.16,19.0,5.97,0.669,0.192,37.03,17.53,15.68,33.21,29.6,24.11
746219,2024-06-20,2024,666160,L,642547,R,strikeout,True,False,173.0,0.204,45.0,26.01,11.0,6.36,0.569,0.11100000000000002,27.55,15.36,12.09,27.45,36.29,18.44,259.0,0.293,93.0,35.91,7.0,2.7,0.8620000000000001,0.249,38.62,24.01,9.43,33.44,46.84,30.07,172.0,0.22,55.0,31.98,12.0,6.98,0.646,0.151,34.59,15.99,14.83,30.81,28.76,26.6,362.0,0.215,95.0,26.24,35.0,9.67,0.669,0.16,30.45,14.66,14.59,29.25,27.92,19.08
746219,2024-06-20,2024,641645,L,642547,R,field_out,False,False,80.0,0.282,13.0,16.25,8.0,10.0,0.744,0.11200000000000004,20.14,8.72,18.07,26.79,25.0,14.61,96.0,0.218,19.0,19.79,8.0,8.33,0.591,0.092,15.23,6.02,21.47,27.49,22.05,19.79,172.0,0.22,55.0,31.98,12.0,6.98,0.646,0.151,34.59,15.99,14.83,30.81,28.76,26.6,362.0,0.215,95.0,26.24,35.0,9.67,0.669,0.16,30.45,14.66,14.59,29.25,27.92,19.08
746219,2024-06-20,2024,592885,L,542881,L,field_out,False,False,67.0,0.35,14.0,20.9,6.0,8.96,0.968,0.20000000000000007,25.23,11.57,16.94,28.51,27.2,21.21,159.0,0.234,37.0,23.27,14.0,8.81,0.633,0.097,26.17,13.04,15.53,28.57,28.16,18.32,103.0,0.167,18.0,17.48,11.0,10.68,0.661,0.222,23.3,10.76,14.7,25.46,25.0,19.78,140.0,0.265,26.0,18.57,20.0,14.29,0.868,0.2219999999999999,26.0,11.84,15.3,27.14,26.32,15.85
746219,2024-06-20,2024,642715,R,542881,L,field_out,False,False,77.0,0.188,14.0,18.18,12.0,15.58,0.6559999999999999,0.15599999999999997,27.78,11.99,14.04,26.03,20.5,20.0,160.0,0.231,48.0,30.0,24.0,15.0,0.762,0.1789999999999999,26.61,12.38,15.79,28.17,29.47,20.17,282.0,0.22,45.0,15.96,30.0,10.64,0.642,0.12000000000000002,25.94,12.63,15.81,28.45,30.56,17.24,491.0,0.266,93.0,18.94,44.0,8.96,0.783,0.181,28.26,14.37,13.47,27.84,30.37,16.52
746219,2024-06-20,2024,656555,R,542881,L,field_out,False,False,38.0,0.161,7.0,18.42,4.0,10.53,0.521,0.097,27.94,12.34,18.83,31.17,22.39,15.22,,,,,,,,,,,,,,,282.0,0.22,45.0,15.96,30.0,10.64,0.642,0.12000000000000002,25.94,12.63,15.81,28.45,30.56,17.24,491.0,0.266,93.0,18.94,44.0,8.96,0.783,0.181,28.26,14.37,13.47,27.84,30.37,16.52
746219,2024-06-20,2024,694384,L,642547,R,field_out,False,False,217.0,0.233,37.0,17.05,18.0,8.29,0.6639999999999999,0.12499999999999997,15.3,6.59,20.94,27.53,24.35,14.29,104.0,0.291,15.0,14.42,14.0,13.46,0.7569999999999999,0.0579999999999999,18.78,8.02,17.92,25.94,20.47,11.45,172.0,0.22,55.0,31.98,12.0,6.98,0.646,0.151,34.59,15.99,14.83,30.81,28.76,26.6,362.0,0.215,95.0,26.24,35.0,9.67,0.669,0.16,30.45,14.66,14.59,29.25,27.92,19.08
746219,2024-06-20,2024,650859,L,642547,R,single,False,False,178.0,0.286,23.0,12.92,11.0,6.18,0.724,0.09900000000000003,20.06,10.63,12.22,22.86,32.94,12.64,322.0,0.24,60.0,18.63,31.0,9.63,0.7270000000000001,0.166,24.18,11.79,13.87,25.66,28.19,14.39,172.0,0.22,55.0,31.98,12.0,6.98,0.646,0.151,34.59,15.99,14.83,30.81,28.76,26.6,362.0,0.215,95.0,26.24,35.0,9.67,0.669,0.16,30.45,14.66,14.59,29.25,27.92,19.08
746219,2024-06-20,2024,621493,R,642547,R,strikeout,True,False,242.0,0.206,57.0,23.55,28.0,11.57,0.683,0.18200000000000002,24.0,10.12,19.6,29.72,18.1,20.36,295.0,0.233,61.0,20.68,27.0,9.15,0.702,0.148,23.43,10.4,15.98,26.37,23.09,17.78,170.0,0.224,51.0,30.0,17.0,10.0,0.6950000000000001,0.13999999999999999,31.23,14.89,13.93,28.83,26.34,18.89,318.0,0.209,115.0,36.16,19.0,5.97,0.669,0.192,37.03,17.53,15.68,33.21,29.6,24.11
746219,2024-06-20,2024,607680,R,642547,R,walk,False,True,92.0,0.225,15.0,16.3,7.0,7.61,0.72,0.18699999999999997,21.05,10.62,15.34,25.96,33.33,13.76,95.0,0.202,22.0,23.16,4.0,4.21,0.58,0.1459999999999999,23.46,13.0,15.17,28.17,39.61,20.95,170.0,0.224,51.0,30.0,17.0,10.0,0.6950000000000001,0.13999999999999999,31.23,14.89,13.93,28.83,26.34,18.89,318.0,0.209,115.0,36.16,19.0,5.97,0.669,0.192,37.03,17.53,15.68,33.21,29.6,24.11
746219,2024-06-20,2024,681351,R,642547,R,field_out,False,False,183.0,0.29,45.0,24.59,11.0,6.01,0.808,0.17700000000000005,32.58,16.38,15.38,31.77,34.56,19.03,154.0,0.22,38.0,24.68,9.0,5.84,0.757,0.262,32.06,17.0,13.8,30.81,36.07,19.69,170.0,0.224,51.0,30.0,17.0,10.0,0.6950000000000001,0.13999999999999999,31.23,14.89,13.93,28.83,26.34,18.89,318.0,0.209,115.0,36.16,19.0,5.97,0.669,0.192,37.03,17.53,15.68,33.21,29.6,24.11
746219,2024-06-20,2024,686217,L,542881,L,strikeout,True,False,29.0,0.25,8.0,27.59,1.0,3.45,0.669,0.14300000000000002,15.38,6.38,24.47,30.85,20.93,38.1,43.0,0.184,7.0,16.28,5.0,11.63,0.5680000000000001,0.1049999999999999,11.43,4.71,21.18,25.88,26.83,17.07,103.0,0.167,18.0,17.48,11.0,10.68,0.661,0.222,23.3,10.76,14.7,25.46,25.0,19.78,140.0,0.265,26.0,18.57,20.0,14.29,0.868,0.2219999999999999,26.0,11.84,15.3,27.14,26.32,15.85
746219,2024-06-20,2024,596142,R,542881,L,single,False,False,54.0,0.224,13.0,24.07,4.0,7.41,0.786,0.266,28.87,13.08,21.03,34.11,26.92,19.4,79.0,0.267,18.0,22.78,4.0,5.06,0.984,0.413,25.18,10.61,22.12,32.73,24.07,18.18,282.0,0.22,45.0,15.96,30.0,10.64,0.642,0.12000000000000002,25.94,12.63,15.81,28.45,30.56,17.24,491.0,0.266,93.0,18.94,44.0,8.96,0.783,0.181,28.26,14.37,13.47,27.84,30.37,16.52
746219,2024-06-20,2024,694192,R,542881,L,field_out,False,False,60.0,0.154,13.0,21.67,8.0,13.33,0.479,0.057999999999999996,24.19,12.35,13.17,25.51,31.03,16.25,,,,,,,,,,,,,,,282.0,0.22,45.0,15.96,30.0,10.64,0.642,0.12000000000000002,25.94,12.63,15.81,28.45,30.56,17.24,491.0,0.266,93.0,18.94,44.0,8.96,0.783,0.181,28.26,14.37,13.47,27.84,30.37,16.52
746219,2024-06-20,2024,668930,L,542881,L,field_out,False,False,44.0,0.205,9.0,20.45,5.0,11.36,0.577,0.07699999999999999,14.86,6.01,20.22,26.23,18.39,17.65,73.0,0.188,12.0,16.44,8.0,10.96,0.466,0.0,20.18,7.94,23.47,31.41,18.75,17.39,103.0,0.167,18.0,17.48,11.0,10.68,0.661,0.222,23.3,10.76,14.7,25.46,25.0,19.78,140.0,0.265,26.0,18.57,20.0,14.29,0.868,0.2219999999999999,26.0,11.84,15.3,27.14,26.32,15.85
746219,2024-06-20,2024,642136,L,663542,L,field_out,False,False,7.0,0.0,1.0,14.29,0.0,0.0,0.0,0.0,14.29,6.45,19.35,25.81,0.0,8.33,41.0,0.206,12.0,29.27,5.0,12.2,0.547,0.0,30.88,13.21,16.98,30.19,22.78,27.91,48.0,0.119,15.0,31.25,4.0,8.33,0.381,0.07100000000000001,25.0,11.29,19.35,30.65,22.62,28.85,19.0,0.286,1.0,5.26,3.0,15.79,0.707,0.0,18.92,8.75,21.25,30.0,15.15,3.45
746219,2024-06-20,2024,687263,R,663542,L,single,False,False,46.0,0.422,9.0,19.57,1.0,2.17,0.9910000000000001,0.13400000000000006,23.96,13.37,13.37,26.74,38.75,15.79,67.0,0.237,15.0,22.39,2.0,2.99,0.786,0.221,28.57,13.88,15.92,29.8,31.5,25.42,98.0,0.141,31.0,31.63,4.0,4.08,0.455,0.12000000000000002,24.76,12.65,18.25,30.9,28.98,21.23,25.0,0.333,6.0,24.0,1.0,4.0,0.902,0.209,30.95,15.48,23.81,39.29,31.25,28.57
746219,2024-06-20,2024,666176,R,663542,L,field_out,False,False,55.0,0.235,12.0,21.82,4.0,7.27,0.958,0.43200000000000005,35.83,18.38,9.83,28.21,30.0,15.79,19.0,0.211,7.0,36.84,0.0,0.0,0.6849999999999999,0.263,34.09,18.29,13.41,31.71,34.21,21.88,98.0,0.141,31.0,31.63,4.0,4.08,0.455,0.12000000000000002,24.76,12.65,18.25,30.9,28.98,21.23,25.0,0.333,6.0,24.0,1.0,4.0,0.902,0.209,30.95,15.48,23.81,39.29,31.25,28.57
746219,2024-06-20,2024,683021,R,663542,L,strikeout,True,False,6.0,0.5,1.0,16.67,0.0,0.0,1.0,0.0,9.09,3.45,20.69,24.14,14.29,8.33,19.0,0.125,1.0,5.26,3.0,15.79,0.451,0.063,8.33,3.28,21.31,24.59,16.13,7.14,98.0,0.141,31.0,31.63,4.0,4.08,0.455,0.12000000000000002,24.76,12.65,18.25,30.9,28.98,21.23,25.0,0.333,6.0,24.0,1.0,4.0,0.902,0.209,30.95,15.48,23.81,39.29,31.25,28.57
746219,2024-06-20,2024,687401,R,472610,R,field_out,False,False,159.0,0.299,18.0,11.32,22.0,13.84,0.889,0.194,15.32,5.99,21.29,27.29,22.47,10.0,13.0,0.077,3.0,23.08,0.0,0.0,0.2309999999999999,0.077,15.79,8.11,21.62,29.73,26.67,33.33,74.0,0.246,17.0,22.97,4.0,5.41,0.616,0.07300000000000001,25.35,13.04,15.94,28.99,38.1,19.77,159.0,0.214,31.0,19.5,12.0,7.55,0.69,0.172,23.78,11.22,14.36,25.58,27.18,17.22
746219,2024-06-20,2024,661388,R,472610,R,strikeout,True,False,247.0,0.306,45.0,18.22,23.0,9.31,0.868,0.185,29.63,13.97,14.19,28.17,25.0,17.58,434.0,0.262,94.0,21.66,42.0,9.68,0.72,0.119,27.61,11.63,19.55,31.17,24.86,18.08,74.0,0.246,17.0,22.97,4.0,5.41,0.616,0.07300000000000001,25.35,13.04,15.94,28.99,38.1,19.77,159.0,0.214,31.0,19.5,12.0,7.55,0.69,0.172,23.78,11.22,14.36,25.58,27.18,17.22
746219,2024-06-20,2024,592885,L,472610,R,walk,False,True,138.0,0.311,27.0,19.57,17.0,12.32,0.881,0.176,21.09,9.61,13.17,22.78,24.5,15.43,473.0,0.294,103.0,21.78,64.0,13.53,0.882,0.195,26.99,11.53,15.4,26.93,23.89,19.07,62.0,0.255,18.0,29.03,8.0,12.9,0.802,0.176,29.7,12.2,21.14,33.33,25.56,26.09,108.0,0.309,22.0,20.37,12.0,11.11,0.734,0.0419999999999999,27.84,13.24,12.01,25.25,30.67,20.18
746219,2024-06-20,2024,642715,R,472610,R,single,False,False,245.0,0.256,54.0,22.04,27.0,11.02,0.796,0.2,29.31,13.96,14.68,28.64,26.18,18.12,480.0,0.212,117.0,24.38,47.0,9.79,0.702,0.194,32.44,16.53,12.85,29.38,32.69,19.28,74.0,0.246,17.0,22.97,4.0,5.41,0.616,0.07300000000000001,25.35,13.04,15.94,28.99,38.1,19.77,159.0,0.214,31.0,19.5,12.0,7.55,0.69,0.172,23.78,11.22,14.36,25.58,27.18,17.22
746219,2024-06-20,2024,656555,R,472610,R,single,False,False,177.0,0.232,46.0,25.99,18.0,10.17,0.769,0.213,25.16,10.19,21.27,31.46,21.78,18.33,,,,,,,,,,,,,,,74.0,0.246,17.0,22.97,4.0,5.41,0.616,0.07300000000000001,25.35,13.04,15.94,28.99,38.1,19.77,159.0,0.214,31.0,19.5,12.0,7.55,0.69,0.172,23.78,11.22,14.36,25.58,27.18,17.22
746219,2024-06-20,2024,686217,L,472610,R,field_out,False,False,222.0,0.259,40.0,18.02,22.0,9.91,0.662,0.061,15.09,6.03,21.87,27.9,26.09,16.33,180.0,0.261,30.0,16.67,23.0,12.78,0.722,0.1049999999999999,15.26,6.63,20.31,26.94,29.52,13.18,62.0,0.255,18.0,29.03,8.0,12.9,0.802,0.176,29.7,12.2,21.14,33.33,25.56,26.09,108.0,0.309,22.0,20.37,12.0,11.11,0.734,0.0419999999999999,27.84,13.24,12.01,25.25,30.67,20.18
746219,2024-06-20,2024,694384,L,663542,L,field_out,False,False,54.0,0.209,8.0,14.81,7.0,12.96,0.6699999999999999,0.13999999999999999,10.96,4.06,20.81,24.87,13.54,16.0,29.0,0.217,4.0,13.79,6.0,20.69,0.64,0.044,12.5,4.55,21.82,26.36,21.05,15.38,48.0,0.119,15.0,31.25,4.0,8.33,0.381,0.07100000000000001,25.0,11.29,19.35,30.65,22.62,28.85,19.0,0.286,1.0,5.26,3.0,15.79,0.707,0.0,18.92,8.75,21.25,30.0,15.15,3.45
746219,2024-06-20,2024,650859,R,663542,L,field_out,False,False,49.0,0.404,8.0,16.33,2.0,4.08,1.003,0.16999999999999993,24.76,15.76,7.27,23.03,48.84,15.09,124.0,0.324,22.0,17.74,10.0,8.06,0.928,0.217,25.43,13.56,9.89,23.45,30.28,18.64,98.0,0.141,31.0,31.63,4.0,4.08,0.455,0.12000000000000002,24.76,12.65,18.25,30.9,28.98,21.23,25.0,0.333,6.0,24.0,1.0,4.0,0.902,0.209,30.95,15.48,23.81,39.29,31.25,28.57
746219,2024-06-20,2024,621493,R,663542,L,field_out,False,False,62.0,0.345,13.0,20.97,6.0,9.68,0.93,0.18200000000000005,25.51,10.08,22.18,32.26,20.83,21.67,116.0,0.303,19.0,16.38,12.0,10.34,0.896,0.222,15.0,6.62,15.67,22.3,23.32,14.73,98.0,0.141,31.0,31.63,4.0,4.08,0.455,0.12000000000000002,24.76,12.65,18.25,30.9,28.98,21.23,25.0,0.333,6.0,24.0,1.0,4.0,0.902,0.209,30.95,15.48,23.81,39.29,31.25,28.57
746219,2024-06-20,2024,596142,R,665896,R,walk,False,True,104.0,0.217,29.0,27.88,8.0,7.69,0.6679999999999999,0.153,31.52,12.5,24.76,37.26,30.63,23.77,189.0,0.194,49.0,25.93,17.0,8.99,0.688,0.212,28.71,11.9,21.7,33.59,27.27,21.43,6.0,0.0,1.0,16.67,2.0,33.33,0.333,0.0,28.57,7.69,23.08,30.77,23.53,16.67,26.0,0.318,4.0,15.38,3.0,11.54,1.0670000000000002,0.364,18.6,8.79,13.19,21.98,23.91,16.67
746219,2024-06-20,2024,694192,R,665896,R,grounded_into_double_play,False,False,163.0,0.248,45.0,27.61,7.0,4.29,0.683,0.15700000000000003,32.09,16.13,18.85,34.97,36.0,25.28,,,,,,,,,,,,,,,6.0,0.0,1.0,16.67,2.0,33.33,0.333,0.0,28.57,7.69,23.08,30.77,23.53,16.67,26.0,0.318,4.0,15.38,3.0,11.54,1.0670000000000002,0.364,18.6,8.79,13.19,21.98,23.91,16.67
746219,2024-06-20,2024,668930,L,665896,R,field_out,False,False,230.0,0.294,36.0,15.65,20.0,8.7,0.7689999999999999,0.118,13.11,6.05,18.81,24.86,25.25,14.46,376.0,0.224,82.0,21.81,30.0,7.98,0.608,0.097,22.03,10.83,16.08,26.9,28.59,16.14,5.0,0.0,0.0,0.0,0.0,0.0,0.0,0.0,0.0,0.0,7.69,7.69,0.0,,22.0,0.412,3.0,13.64,4.0,18.18,1.147,0.235,28.12,10.98,14.63,25.61,19.15,20.0
746219,2024-06-20,2024,607680,R,656730,R,field_out,False,False,92.0,0.225,15.0,16.3,7.0,7.61,0.72,0.18699999999999997,21.05,10.62,15.34,25.96,33.33,13.76,95.0,0.202,22.0,23.16,4.0,4.21,0.58,0.1459999999999999,23.46,13.0,15.17,28.17,39.61,20.95,53.0,0.22,14.0,26.42,2.0,3.77,0.525,0.060000000000000026,33.03,19.15,12.77,31.91,37.65,24.14,76.0,0.254,29.0,38.16,5.0,6.58,0.751,0.194,33.77,16.89,18.87,35.76,34.06,31.18
746219,2024-06-20,2024,681351,R,656730,R,strikeout,True,False,183.0,0.29,45.0,24.59,11.0,6.01,0.808,0.17700000000000005,32.58,16.38,15.38,31.77,34.56,19.03,154.0,0.22,38.0,24.68,9.0,5.84,0.757,0.262,32.06,17.0,13.8,30.81,36.07,19.69,53.0,0.22,14.0,26.42,2.0,3.77,0.525,0.060000000000000026,33.03,19.15,12.77,31.91,37.65,24.14,76.0,0.254,29.0,38.16,5.0,6.58,0.751,0.194,33.77,16.89,18.87,35.76,34.06,31.18
746219,2024-06-20,2024,642136,L,656730,R,field_out,False,False,63.0,0.245,21.0,33.33,9.0,14.29,0.751,0.15100000000000002,40.91,16.98,15.85,32.83,24.49,25.3,266.0,0.215,71.0,26.69,31.0,11.65,0.6759999999999999,0.145,34.8,16.01,13.25,29.25,18.13,22.15,39.0,0.212,13.0,33.33,5.0,12.82,0.558,0.03,35.71,16.34,15.69,32.03,28.57,33.33,72.0,0.277,23.0,31.94,7.0,9.72,0.6699999999999999,0.0459999999999999,31.01,13.33,20.0,33.33,24.29,22.77
746538,2024-06-20,2024,660271,L,663372,R,field_out,False,False,213.0,0.328,42.0,19.72,26.0,12.21,1.1219999999999999,0.37699999999999995,28.99,14.05,13.35,27.4,29.91,17.36,429.0,0.327,99.0,23.08,64.0,14.92,1.132,0.3739999999999999,32.88,15.48,11.59,27.07,28.86,20.75,186.0,0.322,35.0,18.82,12.0,6.45,0.916,0.22800000000000004,23.22,12.27,13.42,25.69,27.19,16.59,110.0,0.267,19.0,17.27,18.0,16.36,0.7330000000000001,0.066,22.58,9.66,17.47,27.13,23.0,14.62
746538,2024-06-20,2024,518692,L,663372,R,field_out,False,False,206.0,0.353,31.0,15.05,32.0,15.53,1.056,0.247,19.33,8.94,11.44,20.38,23.01,13.03,514.0,0.33,81.0,15.76,57.0,11.09,0.962,0.218,19.83,9.77,11.31,21.08,27.01,16.63,186.0,0.322,35.0,18.82,12.0,6.45,0.916,0.22800000000000004,23.22,12.27,13.42,25.69,27.19,16.59,110.0,0.267,19.0,17.27,18.0,16.36,0.7330000000000001,0.066,22.58,9.66,17.47,27.13,23.0,14.62
746538,2024-06-20,2024,606192,R,663372,R,single,False,False,228.0,0.261,65.0,28.51,21.0,9.21,0.817,0.21699999999999997,34.29,17.8,12.58,30.38,29.96,20.5,529.0,0.249,164.0,31.0,33.0,6.24,0.718,0.1639999999999999,36.92,19.57,14.44,34.01,34.81,23.06,171.0,0.268,38.0,22.22,10.0,5.85,0.7050000000000001,0.121,25.25,11.83,17.19,29.02,25.59,21.71,91.0,0.262,19.0,20.88,10.0,10.99,0.7290000000000001,0.126,20.25,9.17,20.06,29.23,27.81,18.1
746538,2024-06-20,2024,681624,R,663372,R,strikeout,True,False,174.0,0.231,49.0,28.16,10.0,5.75,0.6859999999999999,0.16,28.07,15.04,12.85,27.88,32.26,20.76,,,,,,,,,,,,,,,171.0,0.268,38.0,22.22,10.0,5.85,0.7050000000000001,0.121,25.25,11.83,17.19,29.02,25.59,21.71,91.0,0.262,19.0,20.88,10.0,10.99,0.7290000000000001,0.126,20.25,9.17,20.06,29.23,27.81,18.1
746538,2024-06-20,2024,686668,R,676272,R,field_out,False,False,223.0,0.274,61.0,27.35,19.0,8.52,0.757,0.14699999999999996,30.43,14.91,16.04,30.95,28.71,26.41,299.0,0.207,98.0,32.78,17.0,5.69,0.597,0.131,34.17,17.56,14.33,31.89,31.96,31.51,44.0,0.231,8.0,18.18,5.0,11.36,0.677,0.12799999999999997,17.5,7.91,13.56,21.47,24.74,16.33,238.0,0.252,54.0,22.69,9.0,3.78,0.692,0.149,27.8,13.89,15.68,29.56,31.84,19.71
746538,2024-06-20,2024,678662,R,676272,R,strikeout,True,False,236.0,0.291,60.0,25.42,6.0,2.54,0.804,0.198,32.97,20.89,9.68,30.57,46.74,21.35,438.0,0.256,109.0,24.89,17.0,3.88,0.69,0.143,29.47,17.51,10.44,27.95,41.11,20.49,44.0,0.231,8.0,18.18,5.0,11.36,0.677,0.12799999999999997,17.5,7.91,13.56,21.47,24.74,16.33,238.0,0.252,54.0,22.69,9.0,3.78,0.692,0.149,27.8,13.89,15.68,29.56,31.84,19.71
746538,2024-06-20,2024,641857,L,676272,R,single,False,False,218.0,0.25,60.0,27.52,21.0,9.63,0.759,0.188,27.19,13.15,15.54,28.7,27.42,19.48,449.0,0.26,141.0,31.4,52.0,11.58,0.826,0.2209999999999999,31.26,14.84,14.94,29.79,25.26,20.41,31.0,0.296,12.0,38.71,4.0,12.9,0.98,0.297,33.33,15.08,17.46,32.54,21.05,30.0,269.0,0.202,65.0,24.16,23.0,8.55,0.607,0.129,25.9,12.07,17.96,30.03,25.68,19.88
746538,2024-06-20,2024,607732,R,676272,R,walk,False,True,88.0,0.273,16.0,18.18,7.0,7.95,0.72,0.09099999999999997,26.35,11.68,17.66,29.34,19.87,17.39,225.0,0.186,56.0,24.89,24.0,10.67,0.547,0.082,22.79,8.98,20.99,29.97,22.2,22.95,44.0,0.231,8.0,18.18,5.0,11.36,0.677,0.12799999999999997,17.5,7.91,13.56,21.47,24.74,16.33,238.0,0.252,54.0,22.69,9.0,3.78,0.692,0.149,27.8,13.89,15.68,29.56,31.84,19.71
746538,2024-06-20,2024,669911,L,676272,R,home_run,False,False,72.0,0.224,25.0,34.72,3.0,4.17,0.742,0.254,30.92,14.92,15.87,30.79,31.61,22.73,104.0,0.189,29.0,27.88,8.0,7.69,0.628,0.179,34.34,17.26,14.21,31.47,29.0,25.0,31.0,0.296,12.0,38.71,4.0,12.9,0.98,0.297,33.33,15.08,17.46,32.54,21.05,30.0,269.0,0.202,65.0,24.16,23.0,8.55,0.607,0.129,25.9,12.07,17.96,30.03,25.68,19.88
746538,2024-06-20,2024,656248,R,676272,R,field_out,False,False,65.0,0.2,18.0,27.69,7.0,10.77,0.639,0.127,33.04,14.51,18.43,32.94,20.63,24.66,29.0,0.222,11.0,37.93,1.0,3.45,0.685,0.222,36.17,16.5,21.36,37.86,32.08,35.48,44.0,0.231,8.0,18.18,5.0,11.36,0.677,0.12799999999999997,17.5,7.91,13.56,21.47,24.74,16.33,238.0,0.252,54.0,22.69,9.0,3.78,0.692,0.149,27.8,13.89,15.68,29.56,31.84,19.71
746538,2024-06-20,2024,518792,L,663372,R,field_out,False,False,86.0,0.233,15.0,17.44,10.0,11.63,0.815,0.233,25.15,12.15,14.12,26.27,27.87,14.29,349.0,0.276,57.0,16.33,32.0,9.17,0.818,0.1949999999999999,20.45,9.51,16.77,26.27,27.56,15.45,186.0,0.322,35.0,18.82,12.0,6.45,0.916,0.22800000000000004,23.22,12.27,13.42,25.69,27.19,16.59,110.0,0.267,19.0,17.27,18.0,16.36,0.7330000000000001,0.066,22.58,9.66,17.47,27.13,23.0,14.62
746538,2024-06-20,2024,666158,L,663372,R,single,False,False,185.0,0.221,40.0,21.62,12.0,6.49,0.5740000000000001,0.08099999999999999,19.06,8.58,19.13,27.71,20.8,19.23,,,,,,,,,,,,,,,186.0,0.322,35.0,18.82,12.0,6.45,0.916,0.22800000000000004,23.22,12.27,13.42,25.69,27.19,16.59,110.0,0.267,19.0,17.27,18.0,16.36,0.7330000000000001,0.066,22.58,9.66,17.47,27.13,23.0,14.62
746538,2024-06-20,2024,624415,L,663372,R,hit_by_pitch,False,False,132.0,0.185,41.0,31.06,14.0,10.61,0.601,0.09300000000000003,22.97,8.57,24.29,32.86,18.63,21.69,286.0,0.223,69.0,24.13,36.0,12.59,0.7090000000000001,0.149,23.33,9.24,21.47,30.71,15.66,18.6,186.0,0.322,35.0,18.82,12.0,6.45,0.916,0.22800000000000004,23.22,12.27,13.42,25.69,27.19,16.59,110.0,0.267,19.0,17.27,18.0,16.36,0.7330000000000001,0.066,22.58,9.66,17.47,27.13,23.0,14.62
746538,2024-06-20,2024,571771,R,663372,R,walk,False,True,93.0,0.179,21.0,22.58,9.0,9.68,0.508,0.07100000000000001,26.46,13.48,15.09,28.57,25.42,18.75,347.0,0.235,78.0,22.48,20.0,5.76,0.647,0.13,27.56,13.17,16.85,30.02,28.91,20.8,171.0,0.268,38.0,22.22,10.0,5.85,0.7050000000000001,0.121,25.25,11.83,17.19,29.02,25.59,21.71,91.0,0.262,19.0,20.88,10.0,10.99,0.7290000000000001,0.126,20.25,9.17,20.06,29.23,27.81,18.1
746538,2024-06-20,2024,605131,R,663372,R,strikeout,True,False,44.0,0.154,15.0,34.09,4.0,9.09,0.387,0.0,23.4,11.17,17.26,28.43,21.59,18.07,144.0,0.219,29.0,20.14,13.0,9.03,0.589,0.0779999999999999,23.08,9.96,18.27,28.23,20.08,20.57,171.0,0.268,38.0,22.22,10.0,5.85,0.7050000000000001,0.121,25.25,11.83,17.19,29.02,25.59,21.71,91.0,0.262,19.0,20.88,10.0,10.99,0.7290000000000001,0.126,20.25,9.17,20.06,29.23,27.81,18.1
746538,2024-06-20,2024,660271,L,663372,R,double,False,False,213.0,0.328,42.0,19.72,26.0,12.21,1.1219999999999999,0.37699999999999995,28.99,14.05,13.35,27.4,29.91,17.36,429.0,0.327,99.0,23.08,64.0,14.92,1.132,0.3739999999999999,32.88,15.48,11.59,27.07,28.86,20.75,186.0,0.322,35.0,18.82,12.0,6.45,0.916,0.22800000000000004,23.22,12.27,13.42,25.69,27.19,16.59,110.0,0.267,19.0,17.27,18.0,16.36,0.7330000000000001,0.066,22.58,9.66,17.47,27.13,23.0,14.62
746538,2024-06-20,2024,518692,L,663372,R,single,False,False,206.0,0.353,31.0,15.05,32.0,15.53,1.056,0.247,19.33,8.94,11.44,20.38,23.01,13.03,514.0,0.33,81.0,15.76,57.0,11.09,0.962,0.218,19.83,9.77,11.31,21.08,27.01,16.63,186.0,0.322,35.0,18.82,12.0,6.45,0.916,0.22800000000000004,23.22,12.27,13.42,25.69,27.19,16.59,110.0,0.267,19.0,17.27,18.0,16.36,0.7330000000000001,0.066,22.58,9.66,17.47,27.13,23.0,14.62
746538,2024-06-20,2024,606192,R,663372,R,strikeout,True,False,228.0,0.261,65.0,28.51,21.0,9.21,0.817,0.21699999999999997,34.29,17.8,12.58,30.38,29.96,20.5,529.0,0.249,164.0,31.0,33.0,6.24,0.718,0.1639999999999999,36.92,19.57,14.44,34.01,34.81,23.06,171.0,0.268,38.0,22.22,10.0,5.85,0.7050000000000001,0.121,25.25,11.83,17.19,29.02,25.59,21.71,91.0,0.262,19.0,20.88,10.0,10.99,0.7290000000000001,0.126,20.25,9.17,20.06,29.23,27.81,18.1
746538,2024-06-20,2024,595909,L,676272,R,walk,False,True,118.0,0.267,29.0,24.58,11.0,9.32,0.6930000000000001,0.09499999999999997,22.8,11.75,14.02,25.77,31.38,17.58,171.0,0.226,44.0,25.73,12.0,7.02,0.663,0.155,26.67,12.9,15.25,28.15,29.13,19.91,31.0,0.296,12.0,38.71,4.0,12.9,0.98,0.297,33.33,15.08,17.46,32.54,21.05,30.0,269.0,0.202,65.0,24.16,23.0,8.55,0.607,0.129,25.9,12.07,17.96,30.03,25.68,19.88
746538,2024-06-20,2024,660707,R,676272,R,field_out,False,False,178.0,0.224,39.0,21.91,14.0,7.87,0.6419999999999999,0.13599999999999998,29.6,15.99,13.2,29.19,36.55,21.2,196.0,0.249,69.0,35.2,12.0,6.12,0.729,0.1689999999999999,41.45,21.48,15.97,37.45,41.94,28.28,44.0,0.231,8.0,18.18,5.0,11.36,0.677,0.12799999999999997,17.5,7.91,13.56,21.47,24.74,16.33,238.0,0.252,54.0,22.69,9.0,3.78,0.692,0.149,27.8,13.89,15.68,29.56,31.84,19.71
746538,2024-06-20,2024,691182,L,676272,R,single,False,False,28.0,0.148,6.0,21.43,1.0,3.57,0.364,0.037000000000000005,21.82,13.19,13.19,26.37,46.34,22.22,,,,,,,,,,,,,,,31.0,0.296,12.0,38.71,4.0,12.9,0.98,0.297,33.33,15.08,17.46,32.54,21.05,30.0,269.0,0.202,65.0,24.16,23.0,8.55,0.607,0.129,25.9,12.07,17.96,30.03,25.68,19.88
746538,2024-06-20,2024,686668,R,676272,R,grounded_into_double_play,False,False,223.0,0.274,61.0,27.35,19.0,8.52,0.757,0.14699999999999996,30.43,14.91,16.04,30.95,28.71,26.41,299.0,0.207,98.0,32.78,17.0,5.69,0.597,0.131,34.17,17.56,14.33,31.89,31.96,31.51,44.0,0.231,8.0,18.18,5.0,11.36,0.677,0.12799999999999997,17.5,7.91,13.56,21.47,24.74,16.33,238.0,0.252,54.0,22.69,9.0,3.78,0.692,0.149,27.8,13.89,15.68,29.56,31.84,19.71
746538,2024-06-20,2024,681624,R,663372,R,strikeout,True,False,174.0,0.231,49.0,28.16,10.0,5.75,0.6859999999999999,0.16,28.07,15.04,12.85,27.88,32.26,20.76,,,,,,,,,,,,,,,171.0,0.268,38.0,22.22,10.0,5.85,0.7050000000000001,0.121,25.25,11.83,17.19,29.02,25.59,21.71,91.0,0.262,19.0,20.88,10.0,10.99,0.7290000000000001,0.126,20.25,9.17,20.06,29.23,27.81,18.1
746538,2024-06-20,2024,518792,L,663372,R,walk,False,True,86.0,0.233,15.0,17.44,10.0,11.63,0.815,0.233,25.15,12.15,14.12,26.27,27.87,14.29,349.0,0.276,57.0,16.33,32.0,9.17,0.818,0.1949999999999999,20.45,9.51,16.77,26.27,27.56,15.45,186.0,0.322,35.0,18.82,12.0,6.45,0.916,0.22800000000000004,23.22,12.27,13.42,25.69,27.19,16.59,110.0,0.267,19.0,17.27,18.0,16.36,0.7330000000000001,0.066,22.58,9.66,17.47,27.13,23.0,14.62
746538,2024-06-20,2024,666158,L,663372,R,field_out,False,False,185.0,0.221,40.0,21.62,12.0,6.49,0.5740000000000001,0.08099999999999999,19.06,8.58,19.13,27.71,20.8,19.23,,,,,,,,,,,,,,,186.0,0.322,35.0,18.82,12.0,6.45,0.916,0.22800000000000004,23.22,12.27,13.42,25.69,27.19,16.59,110.0,0.267,19.0,17.27,18.0,16.36,0.7330000000000001,0.066,22.58,9.66,17.47,27.13,23.0,14.62
746538,2024-06-20,2024,624415,L,663372,R,strikeout,True,False,132.0,0.185,41.0,31.06,14.0,10.61,0.601,0.09300000000000003,22.97,8.57,24.29,32.86,18.63,21.69,286.0,0.223,69.0,24.13,36.0,12.59,0.7090000000000001,0.149,23.33,9.24,21.47,30.71,15.66,18.6,186.0,0.322,35.0,18.82,12.0,6.45,0.916,0.22800000000000004,23.22,12.27,13.42,25.69,27.19,16.59,110.0,0.267,19.0,17.27,18.0,16.36,0.7330000000000001,0.066,22.58,9.66,17.47,27.13,23.0,14.62
746538,2024-06-20,2024,678662,R,676272,R,field_out,False,False,236.0,0.291,60.0,25.42,6.0,2.54,0.804,0.198,32.97,20.89,9.68,30.57,46.74,21.35,438.0,0.256,109.0,24.89,17.0,3.88,0.69,0.143,29.47,17.51,10.44,27.95,41.11,20.49,44.0,0.231,8.0,18.18,5.0,11.36,0.677,0.12799999999999997,17.5,7.91,13.56,21.47,24.74,16.33,238.0,0.252,54.0,22.69,9.0,3.78,0.692,0.149,27.8,13.89,15.68,29.56,31.84,19.71
746538,2024-06-20,2024,641857,L,676272,R,single,False,False,218.0,0.25,60.0,27.52,21.0,9.63,0.759,0.188,27.19,13.15,15.54,28.7,27.42,19.48,449.0,0.26,141.0,31.4,52.0,11.58,0.826,0.2209999999999999,31.26,14.84,14.94,29.79,25.26,20.41,31.0,0.296,12.0,38.71,4.0,12.9,0.98,0.297,33.33,15.08,17.46,32.54,21.05,30.0,269.0,0.202,65.0,24.16,23.0,8.55,0.607,0.129,25.9,12.07,17.96,30.03,25.68,19.88
746538,2024-06-20,2024,607732,R,676272,R,grounded_into_double_play,False,False,88.0,0.273,16.0,18.18,7.0,7.95,0.72,0.09099999999999997,26.35,11.68,17.66,29.34,19.87,17.39,225.0,0.186,56.0,24.89,24.0,10.67,0.547,0.082,22.79,8.98,20.99,29.97,22.2,22.95,44.0,0.231,8.0,18.18,5.0,11.36,0.677,0.12799999999999997,17.5,7.91,13.56,21.47,24.74,16.33,238.0,0.252,54.0,22.69,9.0,3.78,0.692,0.149,27.8,13.89,15.68,29.56,31.84,19.71
746538,2024-06-20,2024,571771,R,663372,R,field_out,False,False,93.0,0.179,21.0,22.58,9.0,9.68,0.508,0.07100000000000001,26.46,13.48,15.09,28.57,25.42,18.75,347.0,0.235,78.0,22.48,20.0,5.76,0.647,0.13,27.56,13.17,16.85,30.02,28.91,20.8,171.0,0.268,38.0,22.22,10.0,5.85,0.7050000000000001,0.121,25.25,11.83,17.19,29.02,25.59,21.71,91.0,0.262,19.0,20.88,10.0,10.99,0.7290000000000001,0.126,20.25,9.17,20.06,29.23,27.81,18.1
746538,2024-06-20,2024,605131,R,663372,R,field_out,False,False,44.0,0.154,15.0,34.09,4.0,9.09,0.387,0.0,23.4,11.17,17.26,28.43,21.59,18.07,144.0,0.219,29.0,20.14,13.0,9.03,0.589,0.0779999999999999,23.08,9.96,18.27,28.23,20.08,20.57,171.0,0.268,38.0,22.22,10.0,5.85,0.7050000000000001,0.121,25.25,11.83,17.19,29.02,25.59,21.71,91.0,0.262,19.0,20.88,10.0,10.99,0.7290000000000001,0.126,20.25,9.17,20.06,29.23,27.81,18.1
746538,2024-06-20,2024,660271,L,663372,R,field_out,False,False,213.0,0.328,42.0,19.72,26.0,12.21,1.1219999999999999,0.37699999999999995,28.99,14.05,13.35,27.4,29.91,17.36,429.0,0.327,99.0,23.08,64.0,14.92,1.132,0.3739999999999999,32.88,15.48,11.59,27.07,28.86,20.75,186.0,0.322,35.0,18.82,12.0,6.45,0.916,0.22800000000000004,23.22,12.27,13.42,25.69,27.19,16.59,110.0,0.267,19.0,17.27,18.0,16.36,0.7330000000000001,0.066,22.58,9.66,17.47,27.13,23.0,14.62
746538,2024-06-20,2024,669911,L,676272,R,triple,False,False,72.0,0.224,25.0,34.72,3.0,4.17,0.742,0.254,30.92,14.92,15.87,30.79,31.61,22.73,104.0,0.189,29.0,27.88,8.0,7.69,0.628,0.179,34.34,17.26,14.21,31.47,29.0,25.0,31.0,0.296,12.0,38.71,4.0,12.9,0.98,0.297,33.33,15.08,17.46,32.54,21.05,30.0,269.0,0.202,65.0,24.16,23.0,8.55,0.607,0.129,25.9,12.07,17.96,30.03,25.68,19.88
746538,2024-06-20,2024,656248,R,676272,R,field_out,False,False,65.0,0.2,18.0,27.69,7.0,10.77,0.639,0.127,33.04,14.51,18.43,32.94,20.63,24.66,29.0,0.222,11.0,37.93,1.0,3.45,0.685,0.222,36.17,16.5,21.36,37.86,32.08,35.48,44.0,0.231,8.0,18.18,5.0,11.36,0.677,0.12799999999999997,17.5,7.91,13.56,21.47,24.74,16.33,238.0,0.252,54.0,22.69,9.0,3.78,0.692,0.149,27.8,13.89,15.68,29.56,31.84,19.71
746538,2024-06-20,2024,595909,L,676272,R,strikeout,True,False,118.0,0.267,29.0,24.58,11.0,9.32,0.6930000000000001,0.09499999999999997,22.8,11.75,14.02,25.77,31.38,17.58,171.0,0.226,44.0,25.73,12.0,7.02,0.663,0.155,26.67,12.9,15.25,28.15,29.13,19.91,31.0,0.296,12.0,38.71,4.0,12.9,0.98,0.297,33.33,15.08,17.46,32.54,21.05,30.0,269.0,0.202,65.0,24.16,23.0,8.55,0.607,0.129,25.9,12.07,17.96,30.03,25.68,19.88
746538,2024-06-20,2024,660707,R,676272,R,field_out,False,False,178.0,0.224,39.0,21.91,14.0,7.87,0.6419999999999999,0.13599999999999998,29.6,15.99,13.2,29.19,36.55,21.2,196.0,0.249,69.0,35.2,12.0,6.12,0.729,0.1689999999999999,41.45,21.48,15.97,37.45,41.94,28.28,44.0,0.231,8.0,18.18,5.0,11.36,0.677,0.12799999999999997,17.5,7.91,13.56,21.47,24.74,16.33,238.0,0.252,54.0,22.69,9.0,3.78,0.692,0.149,27.8,13.89,15.68,29.56,31.84,19.71
746538,2024-06-20,2024,518692,L,663372,R,single,False,False,206.0,0.353,31.0,15.05,32.0,15.53,1.056,0.247,19.33,8.94,11.44,20.38,23.01,13.03,514.0,0.33,81.0,15.76,57.0,11.09,0.962,0.218,19.83,9.77,11.31,21.08,27.01,16.63,186.0,0.322,35.0,18.82,12.0,6.45,0.916,0.22800000000000004,23.22,12.27,13.42,25.69,27.19,16.59,110.0,0.267,19.0,17.27,18.0,16.36,0.7330000000000001,0.066,22.58,9.66,17.47,27.13,23.0,14.62
746538,2024-06-20,2024,606192,R,663372,R,force_out,False,False,228.0,0.261,65.0,28.51,21.0,9.21,0.817,0.21699999999999997,34.29,17.8,12.58,30.38,29.96,20.5,529.0,0.249,164.0,31.0,33.0,6.24,0.718,0.1639999999999999,36.92,19.57,14.44,34.01,34.81,23.06,171.0,0.268,38.0,22.22,10.0,5.85,0.7050000000000001,0.121,25.25,11.83,17.19,29.02,25.59,21.71,91.0,0.262,19.0,20.88,10.0,10.99,0.7290000000000001,0.126,20.25,9.17,20.06,29.23,27.81,18.1
746538,2024-06-20,2024,681624,R,663372,R,single,False,False,174.0,0.231,49.0,28.16,10.0,5.75,0.6859999999999999,0.16,28.07,15.04,12.85,27.88,32.26,20.76,,,,,,,,,,,,,,,171.0,0.268,38.0,22.22,10.0,5.85,0.7050000000000001,0.121,25.25,11.83,17.19,29.02,25.59,21.71,91.0,0.262,19.0,20.88,10.0,10.99,0.7290000000000001,0.126,20.25,9.17,20.06,29.23,27.81,18.1
746538,2024-06-20,2024,518792,L,663372,R,double,False,False,86.0,0.233,15.0,17.44,10.0,11.63,0.815,0.233,25.15,12.15,14.12,26.27,27.87,14.29,349.0,0.276,57.0,16.33,32.0,9.17,0.818,0.1949999999999999,20.45,9.51,16.77,26.27,27.56,15.45,186.0,0.322,35.0,18.82,12.0,6.45,0.916,0.22800000000000004,23.22,12.27,13.42,25.69,27.19,16.59,110.0,0.267,19.0,17.27,18.0,16.36,0.7330000000000001,0.066,22.58,9.66,17.47,27.13,23.0,14.62
746538,2024-06-20,2024,666158,L,663372,R,field_out,False,False,185.0,0.221,40.0,21.62,12.0,6.49,0.5740000000000001,0.08099999999999999,19.06,8.58,19.13,27.71,20.8,19.23,,,,,,,,,,,,,,,186.0,0.322,35.0,18.82,12.0,6.45,0.916,0.22800000000000004,23.22,12.27,13.42,25.69,27.19,16.59,110.0,0.267,19.0,17.27,18.0,16.36,0.7330000000000001,0.066,22.58,9.66,17.47,27.13,23.0,14.62
746538,2024-06-20,2024,624415,L,663372,R,strikeout,True,False,132.0,0.185,41.0,31.06,14.0,10.61,0.601,0.09300000000000003,22.97,8.57,24.29,32.86,18.63,21.69,286.0,0.223,69.0,24.13,36.0,12.59,0.7090000000000001,0.149,23.33,9.24,21.47,30.71,15.66,18.6,186.0,0.322,35.0,18.82,12.0,6.45,0.916,0.22800000000000004,23.22,12.27,13.42,25.69,27.19,16.59,110.0,0.267,19.0,17.27,18.0,16.36,0.7330000000000001,0.066,22.58,9.66,17.47,27.13,23.0,14.62
746538,2024-06-20,2024,691182,L,676272,R,walk,False,True,28.0,0.148,6.0,21.43,1.0,3.57,0.364,0.037000000000000005,21.82,13.19,13.19,26.37,46.34,22.22,,,,,,,,,,,,,,,31.0,0.296,12.0,38.71,4.0,12.9,0.98,0.297,33.33,15.08,17.46,32.54,21.05,30.0,269.0,0.202,65.0,24.16,23.0,8.55,0.607,0.129,25.9,12.07,17.96,30.03,25.68,19.88
746538,2024-06-20,2024,686668,R,676272,R,grounded_into_double_play,False,False,223.0,0.274,61.0,27.35,19.0,8.52,0.757,0.14699999999999996,30.43,14.91,16.04,30.95,28.71,26.41,299.0,0.207,98.0,32.78,17.0,5.69,0.597,0.131,34.17,17.56,14.33,31.89,31.96,31.51,44.0,0.231,8.0,18.18,5.0,11.36,0.677,0.12799999999999997,17.5,7.91,13.56,21.47,24.74,16.33,238.0,0.252,54.0,22.69,9.0,3.78,0.692,0.149,27.8,13.89,15.68,29.56,31.84,19.71
746538,2024-06-20,2024,678662,R,676272,R,field_out,False,False,236.0,0.291,60.0,25.42,6.0,2.54,0.804,0.198,32.97,20.89,9.68,30.57,46.74,21.35,438.0,0.256,109.0,24.89,17.0,3.88,0.69,0.143,29.47,17.51,10.44,27.95,41.11,20.49,44.0,0.231,8.0,18.18,5.0,11.36,0.677,0.12799999999999997,17.5,7.91,13.56,21.47,24.74,16.33,238.0,0.252,54.0,22.69,9.0,3.78,0.692,0.149,27.8,13.89,15.68,29.56,31.84,19.71
746538,2024-06-20,2024,571771,R,683232,R,field_out,False,False,93.0,0.179,21.0,22.58,9.0,9.68,0.508,0.07100000000000001,26.46,13.48,15.09,28.57,25.42,18.75,347.0,0.235,78.0,22.48,20.0,5.76,0.647,0.13,27.56,13.17,16.85,30.02,28.91,20.8,80.0,0.275,20.0,25.0,11.0,13.75,0.81,0.15999999999999998,27.78,12.12,17.27,29.39,27.03,23.81,43.0,0.235,11.0,25.58,9.0,20.93,0.866,0.236,25.32,10.7,16.58,27.27,23.3,20.0
746538,2024-06-20,2024,605131,R,683232,R,strikeout,True,False,44.0,0.154,15.0,34.09,4.0,9.09,0.387,0.0,23.4,11.17,17.26,28.43,21.59,18.07,144.0,0.219,29.0,20.14,13.0,9.03,0.589,0.0779999999999999,23.08,9.96,18.27,28.23,20.08,20.57,80.0,0.275,20.0,25.0,11.0,13.75,0.81,0.15999999999999998,27.78,12.12,17.27,29.39,27.03,23.81,43.0,0.235,11.0,25.58,9.0,20.93,0.866,0.236,25.32,10.7,16.58,27.27,23.3,20.0
746538,2024-06-20,2024,660271,L,683232,R,single,False,False,213.0,0.328,42.0,19.72,26.0,12.21,1.1219999999999999,0.37699999999999995,28.99,14.05,13.35,27.4,29.91,17.36,429.0,0.327,99.0,23.08,64.0,14.92,1.132,0.3739999999999999,32.88,15.48,11.59,27.07,28.86,20.75,73.0,0.318,21.0,28.77,6.0,8.22,0.749,0.061,23.7,11.43,18.21,29.64,29.66,23.33,44.0,0.158,10.0,22.73,5.0,11.36,0.457,0.0259999999999999,20.83,8.52,20.45,28.98,26.37,18.52
746538,2024-06-20,2024,518692,L,683232,R,field_out,False,False,206.0,0.353,31.0,15.05,32.0,15.53,1.056,0.247,19.33,8.94,11.44,20.38,23.01,13.03,514.0,0.33,81.0,15.76,57.0,11.09,0.962,0.218,19.83,9.77,11.31,21.08,27.01,16.63,73.0,0.318,21.0,28.77,6.0,8.22,0.749,0.061,23.7,11.43,18.21,29.64,29.66,23.33,44.0,0.158,10.0,22.73,5.0,11.36,0.457,0.0259999999999999,20.83,8.52,20.45,28.98,26.37,18.52
746538,2024-06-20,2024,641857,L,676272,R,field_out,False,False,218.0,0.25,60.0,27.52,21.0,9.63,0.759,0.188,27.19,13.15,15.54,28.7,27.42,19.48,449.0,0.26,141.0,31.4,52.0,11.58,0.826,0.2209999999999999,31.26,14.84,14.94,29.79,25.26,20.41,31.0,0.296,12.0,38.71,4.0,12.9,0.98,0.297,33.33,15.08,17.46,32.54,21.05,30.0,269.0,0.202,65.0,24.16,23.0,8.55,0.607,0.129,25.9,12.07,17.96,30.03,25.68,19.88
746538,2024-06-20,2024,607732,R,676272,R,field_out,False,False,88.0,0.273,16.0,18.18,7.0,7.95,0.72,0.09099999999999997,26.35,11.68,17.66,29.34,19.87,17.39,225.0,0.186,56.0,24.89,24.0,10.67,0.547,0.082,22.79,8.98,20.99,29.97,22.2,22.95,44.0,0.231,8.0,18.18,5.0,11.36,0.677,0.12799999999999997,17.5,7.91,13.56,21.47,24.74,16.33,238.0,0.252,54.0,22.69,9.0,3.78,0.692,0.149,27.8,13.89,15.68,29.56,31.84,19.71
746538,2024-06-20,2024,669911,L,676272,R,field_out,False,False,72.0,0.224,25.0,34.72,3.0,4.17,0.742,0.254,30.92,14.92,15.87,30.79,31.61,22.73,104.0,0.189,29.0,27.88,8.0,7.69,0.628,0.179,34.34,17.26,14.21,31.47,29.0,25.0,31.0,0.296,12.0,38.71,4.0,12.9,0.98,0.297,33.33,15.08,17.46,32.54,21.05,30.0,269.0,0.202,65.0,24.16,23.0,8.55,0.607,0.129,25.9,12.07,17.96,30.03,25.68,19.88
746538,2024-06-20,2024,606192,R,683232,R,field_out,False,False,228.0,0.261,65.0,28.51,21.0,9.21,0.817,0.21699999999999997,34.29,17.8,12.58,30.38,29.96,20.5,529.0,0.249,164.0,31.0,33.0,6.24,0.718,0.1639999999999999,36.92,19.57,14.44,34.01,34.81,23.06,80.0,0.275,20.0,25.0,11.0,13.75,0.81,0.15999999999999998,27.78,12.12,17.27,29.39,27.03,23.81,43.0,0.235,11.0,25.58,9.0,20.93,0.866,0.236,25.32,10.7,16.58,27.27,23.3,20.0
746538,2024-06-20,2024,681624,R,683232,R,strikeout,True,False,174.0,0.231,49.0,28.16,10.0,5.75,0.6859999999999999,0.16,28.07,15.04,12.85,27.88,32.26,20.76,,,,,,,,,,,,,,,80.0,0.275,20.0,25.0,11.0,13.75,0.81,0.15999999999999998,27.78,12.12,17.27,29.39,27.03,23.81,43.0,0.235,11.0,25.58,9.0,20.93,0.866,0.236,25.32,10.7,16.58,27.27,23.3,20.0
746538,2024-06-20,2024,518792,L,683232,R,field_out,False,False,86.0,0.233,15.0,17.44,10.0,11.63,0.815,0.233,25.15,12.15,14.12,26.27,27.87,14.29,349.0,0.276,57.0,16.33,32.0,9.17,0.818,0.1949999999999999,20.45,9.51,16.77,26.27,27.56,15.45,73.0,0.318,21.0,28.77,6.0,8.22,0.749,0.061,23.7,11.43,18.21,29.64,29.66,23.33,44.0,0.158,10.0,22.73,5.0,11.36,0.457,0.0259999999999999,20.83,8.52,20.45,28.98,26.37,18.52
746538,2024-06-20,2024,656248,R,676272,R,double,False,False,65.0,0.2,18.0,27.69,7.0,10.77,0.639,0.127,33.04,14.51,18.43,32.94,20.63,24.66,29.0,0.222,11.0,37.93,1.0,3.45,0.685,0.222,36.17,16.5,21.36,37.86,32.08,35.48,44.0,0.231,8.0,18.18,5.0,11.36,0.677,0.12799999999999997,17.5,7.91,13.56,21.47,24.74,16.33,238.0,0.252,54.0,22.69,9.0,3.78,0.692,0.149,27.8,13.89,15.68,29.56,31.84,19.71
746538,2024-06-20,2024,595909,L,676272,R,field_out,False,False,118.0,0.267,29.0,24.58,11.0,9.32,0.6930000000000001,0.09499999999999997,22.8,11.75,14.02,25.77,31.38,17.58,171.0,0.226,44.0,25.73,12.0,7.02,0.663,0.155,26.67,12.9,15.25,28.15,29.13,19.91,31.0,0.296,12.0,38.71,4.0,12.9,0.98,0.297,33.33,15.08,17.46,32.54,21.05,30.0,269.0,0.202,65.0,24.16,23.0,8.55,0.607,0.129,25.9,12.07,17.96,30.03,25.68,19.88
746538,2024-06-20,2024,660707,R,543339,R,field_error,False,False,178.0,0.224,39.0,21.91,14.0,7.87,0.6419999999999999,0.13599999999999998,29.6,15.99,13.2,29.19,36.55,21.2,196.0,0.249,69.0,35.2,12.0,6.12,0.729,0.1689999999999999,41.45,21.48,15.97,37.45,41.94,28.28,50.0,0.196,13.0,26.0,3.0,6.0,0.5660000000000001,0.13,34.78,16.0,16.0,32.0,28.44,22.81,9.0,0.25,3.0,33.33,1.0,11.11,0.708,0.125,28.57,14.63,9.76,24.39,30.43,21.43
746538,2024-06-20,2024,691182,L,543339,R,double,False,False,28.0,0.148,6.0,21.43,1.0,3.57,0.364,0.037000000000000005,21.82,13.19,13.19,26.37,46.34,22.22,,,,,,,,,,,,,,,53.0,0.17,17.0,32.08,0.0,0.0,0.51,0.17,30.89,17.12,12.16,29.28,23.23,20.24,5.0,0.0,2.0,40.0,2.0,40.0,0.4,0.0,50.0,21.74,8.7,30.43,8.33,20.0
746538,2024-06-20,2024,686668,R,543339,R,sac_fly,False,False,223.0,0.274,61.0,27.35,19.0,8.52,0.757,0.14699999999999996,30.43,14.91,16.04,30.95,28.71,26.41,299.0,0.207,98.0,32.78,17.0,5.69,0.597,0.131,34.17,17.56,14.33,31.89,31.96,31.51,50.0,0.196,13.0,26.0,3.0,6.0,0.5660000000000001,0.13,34.78,16.0,16.0,32.0,28.44,22.81,9.0,0.25,3.0,33.33,1.0,11.11,0.708,0.125,28.57,14.63,9.76,24.39,30.43,21.43
746538,2024-06-20,2024,678662,R,543339,R,field_out,False,False,236.0,0.291,60.0,25.42,6.0,2.54,0.804,0.198,32.97,20.89,9.68,30.57,46.74,21.35,438.0,0.256,109.0,24.89,17.0,3.88,0.69,0.143,29.47,17.51,10.44,27.95,41.11,20.49,50.0,0.196,13.0,26.0,3.0,6.0,0.5660000000000001,0.13,34.78,16.0,16.0,32.0,28.44,22.81,9.0,0.25,3.0,33.33,1.0,11.11,0.708,0.125,28.57,14.63,9.76,24.39,30.43,21.43
746538,2024-06-20,2024,666158,L,656234,R,strikeout,True,False,185.0,0.221,40.0,21.62,12.0,6.49,0.5740000000000001,0.08099999999999999,19.06,8.58,19.13,27.71,20.8,19.23,,,,,,,,,,,,,,,47.0,0.342,8.0,17.02,8.0,17.02,1.1,0.29,18.07,7.98,15.96,23.94,23.16,12.9,161.0,0.224,37.0,22.98,11.0,6.83,0.633,0.1229999999999999,20.45,9.12,19.24,28.36,20.49,22.7
746538,2024-06-20,2024,624415,L,656234,R,field_out,False,False,132.0,0.185,41.0,31.06,14.0,10.61,0.601,0.09300000000000003,22.97,8.57,24.29,32.86,18.63,21.69,286.0,0.223,69.0,24.13,36.0,12.59,0.7090000000000001,0.149,23.33,9.24,21.47,30.71,15.66,18.6,47.0,0.342,8.0,17.02,8.0,17.02,1.1,0.29,18.07,7.98,15.96,23.94,23.16,12.9,161.0,0.224,37.0,22.98,11.0,6.83,0.633,0.1229999999999999,20.45,9.12,19.24,28.36,20.49,22.7
746538,2024-06-20,2024,571771,R,656234,R,double,False,False,93.0,0.179,21.0,22.58,9.0,9.68,0.508,0.07100000000000001,26.46,13.48,15.09,28.57,25.42,18.75,347.0,0.235,78.0,22.48,20.0,5.76,0.647,0.13,27.56,13.17,16.85,30.02,28.91,20.8,59.0,0.208,8.0,13.56,9.0,15.25,0.595,0.04200000000000001,24.39,9.43,22.64,32.08,25.69,15.69,221.0,0.314,40.0,18.1,16.0,7.24,0.806,0.119,21.64,10.01,18.5,28.52,24.4,18.78
746538,2024-06-20,2024,669257,R,656234,R,walk,False,True,185.0,0.232,32.0,17.3,13.0,7.03,0.688,0.164,19.11,9.37,15.28,24.65,27.94,12.7,407.0,0.268,67.0,16.46,42.0,10.32,0.7949999999999999,0.1659999999999999,19.27,8.8,16.84,25.64,24.5,12.79,59.0,0.208,8.0,13.56,9.0,15.25,0.595,0.04200000000000001,24.39,9.43,22.64,32.08,25.69,15.69,221.0,0.314,40.0,18.1,16.0,7.24,0.806,0.119,21.64,10.01,18.5,28.52,24.4,18.78
746538,2024-06-20,2024,660271,L,656234,R,strikeout,True,False,213.0,0.328,42.0,19.72,26.0,12.21,1.1219999999999999,0.37699999999999995,28.99,14.05,13.35,27.4,29.91,17.36,429.0,0.327,99.0,23.08,64.0,14.92,1.132,0.3739999999999999,32.88,15.48,11.59,27.07,28.86,20.75,47.0,0.342,8.0,17.02,8.0,17.02,1.1,0.29,18.07,7.98,15.96,23.94,23.16,12.9,161.0,0.224,37.0,22.98,11.0,6.83,0.633,0.1229999999999999,20.45,9.12,19.24,28.36,20.49,22.7
746538,2024-06-20,2024,641857,L,595014,R,strikeout,True,False,218.0,0.25,60.0,27.52,21.0,9.63,0.759,0.188,27.19,13.15,15.54,28.7,27.42,19.48,449.0,0.26,141.0,31.4,52.0,11.58,0.826,0.2209999999999999,31.26,14.84,14.94,29.79,25.26,20.41,24.0,0.174,13.0,54.17,1.0,4.17,0.5559999999999999,0.174,27.87,15.74,11.11,26.85,45.0,35.14,,,,,,,,,,,,,,
746538,2024-06-20,2024,607732,R,595014,R,double,False,False,88.0,0.273,16.0,18.18,7.0,7.95,0.72,0.09099999999999997,26.35,11.68,17.66,29.34,19.87,17.39,225.0,0.186,56.0,24.89,24.0,10.67,0.547,0.082,22.79,8.98,20.99,29.97,22.2,22.95,35.0,0.194,9.0,25.71,4.0,11.43,0.512,0.032,29.09,12.03,24.81,36.84,31.08,22.5,,,,,,,,,,,,,,
746538,2024-06-20,2024,669911,L,595014,R,strikeout,True,False,72.0,0.224,25.0,34.72,3.0,4.17,0.742,0.254,30.92,14.92,15.87,30.79,31.61,22.73,104.0,0.189,29.0,27.88,8.0,7.69,0.628,0.179,34.34,17.26,14.21,31.47,29.0,25.0,24.0,0.174,13.0,54.17,1.0,4.17,0.5559999999999999,0.174,27.87,15.74,11.11,26.85,45.0,35.14,,,,,,,,,,,,,,
746538,2024-06-20,2024,656248,R,595014,R,field_out,False,False,65.0,0.2,18.0,27.69,7.0,10.77,0.639,0.127,33.04,14.51,18.43,32.94,20.63,24.66,29.0,0.222,11.0,37.93,1.0,3.45,0.685,0.222,36.17,16.5,21.36,37.86,32.08,35.48,35.0,0.194,9.0,25.71,4.0,11.43,0.512,0.032,29.09,12.03,24.81,36.84,31.08,22.5,,,,,,,,,,,,,,
746538,2024-06-20,2024,518692,L,656222,L,strikeout,True,False,119.0,0.218,19.0,15.97,11.0,9.24,0.651,0.11900000000000002,21.46,11.39,12.53,23.92,32.42,13.1,218.0,0.335,40.0,18.35,15.0,6.88,1.008,0.2739999999999999,21.54,11.31,11.07,22.38,26.41,16.0,46.0,0.179,11.0,23.91,6.0,13.04,0.56,0.07700000000000001,30.34,13.43,11.94,25.37,21.85,22.0,62.0,0.269,20.0,32.26,9.0,14.52,0.736,0.0959999999999999,34.23,14.84,15.62,30.47,25.0,25.0
746538,2024-06-20,2024,621035,R,656222,L,field_out,False,False,48.0,0.154,18.0,37.5,7.0,14.58,0.5589999999999999,0.12799999999999997,38.61,19.02,9.27,28.29,19.79,26.47,162.0,0.21,59.0,36.42,19.0,11.73,0.7949999999999999,0.268,39.5,18.23,13.46,31.69,20.29,25.54,104.0,0.228,17.0,16.35,10.0,9.62,0.671,0.142,21.13,10.02,12.96,22.98,24.15,15.74,130.0,0.243,27.0,20.77,12.0,9.23,0.7090000000000001,0.148,29.39,14.08,15.55,29.62,28.21,22.31
746538,2024-06-20,2024,681624,R,656222,L,double,False,False,55.0,0.373,14.0,25.45,3.0,5.45,0.9490000000000001,0.17600000000000005,23.58,12.18,14.29,26.47,32.79,17.28,,,,,,,,,,,,,,,104.0,0.228,17.0,16.35,10.0,9.62,0.671,0.142,21.13,10.02,12.96,22.98,24.15,15.74,130.0,0.243,27.0,20.77,12.0,9.23,0.7090000000000001,0.148,29.39,14.08,15.55,29.62,28.21,22.31
746538,2024-06-20,2024,500743,R,656222,L,field_out,False,False,63.0,0.276,3.0,4.76,5.0,7.94,0.799,0.19,11.93,5.53,14.04,19.57,25.41,4.62,145.0,0.286,12.0,8.28,8.0,5.52,0.7370000000000001,0.12,9.75,4.67,17.48,22.15,29.46,10.08,104.0,0.228,17.0,16.35,10.0,9.62,0.671,0.142,21.13,10.02,12.96,22.98,24.15,15.74,130.0,0.243,27.0,20.77,12.0,9.23,0.7090000000000001,0.148,29.39,14.08,15.55,29.62,28.21,22.31
746538,2024-06-20,2024,595909,L,670990,R,single,False,False,118.0,0.267,29.0,24.58,11.0,9.32,0.6930000000000001,0.09499999999999997,22.8,11.75,14.02,25.77,31.38,17.58,171.0,0.226,44.0,25.73,12.0,7.02,0.663,0.155,26.67,12.9,15.25,28.15,29.13,19.91,51.0,0.182,16.0,31.37,5.0,9.8,0.544,0.068,32.53,13.3,17.24,30.54,23.85,29.63,74.0,0.311,12.0,16.22,8.0,10.81,0.907,0.1639999999999999,19.44,7.24,20.0,27.24,18.59,17.14
746538,2024-06-20,2024,660707,R,670990,R,single,False,False,178.0,0.224,39.0,21.91,14.0,7.87,0.6419999999999999,0.13599999999999998,29.6,15.99,13.2,29.19,36.55,21.2,196.0,0.249,69.0,35.2,12.0,6.12,0.729,0.1689999999999999,41.45,21.48,15.97,37.45,41.94,28.28,82.0,0.275,12.0,14.63,6.0,7.32,0.772,0.131,19.51,8.05,20.81,28.86,23.94,16.67,102.0,0.233,23.0,22.55,9.0,8.82,0.6220000000000001,0.046,21.23,8.86,20.05,28.9,26.96,16.08
746538,2024-06-20,2024,691182,L,670990,R,force_out,False,False,28.0,0.148,6.0,21.43,1.0,3.57,0.364,0.037000000000000005,21.82,13.19,13.19,26.37,46.34,22.22,,,,,,,,,,,,,,,51.0,0.182,16.0,31.37,5.0,9.8,0.544,0.068,32.53,13.3,17.24,30.54,23.85,29.63,74.0,0.311,12.0,16.22,8.0,10.81,0.907,0.1639999999999999,19.44,7.24,20.0,27.24,18.59,17.14
746538,2024-06-20,2024,686668,R,670990,R,sac_fly,False,False,223.0,0.274,61.0,27.35,19.0,8.52,0.757,0.14699999999999996,30.43,14.91,16.04,30.95,28.71,26.41,299.0,0.207,98.0,32.78,17.0,5.69,0.597,0.131,34.17,17.56,14.33,31.89,31.96,31.51,82.0,0.275,12.0,14.63,6.0,7.32,0.772,0.131,19.51,8.05,20.81,28.86,23.94,16.67,102.0,0.233,23.0,22.55,9.0,8.82,0.6220000000000001,0.046,21.23,8.86,20.05,28.9,26.96,16.08
745889,2024-06-20,2024,650490,R,680573,R,strikeout,True,False,240.0,0.25,36.0,15.0,22.0,9.17,0.668,0.09300000000000003,12.01,5.28,17.26,22.54,23.23,12.2,462.0,0.322,72.0,15.58,49.0,10.61,0.881,0.1559999999999999,18.95,8.0,18.68,26.68,19.71,15.69,137.0,0.256,28.0,20.44,7.0,5.11,0.683,0.136,20.96,11.17,12.64,23.81,25.3,15.73,13.0,0.4,4.0,30.77,2.0,15.38,1.1,0.1999999999999999,17.86,8.62,13.79,22.41,21.43,20.0
745889,2024-06-20,2024,664040,L,680573,R,strikeout,True,False,99.0,0.202,23.0,23.23,12.0,12.12,0.74,0.21499999999999997,28.8,15.19,9.94,25.14,28.04,22.55,374.0,0.241,103.0,27.54,42.0,11.23,0.813,0.237,31.86,16.63,11.13,27.77,30.39,21.33,91.0,0.198,18.0,19.78,8.0,8.79,0.57,0.08599999999999997,21.64,10.11,18.58,28.69,32.45,14.52,11.0,0.3,1.0,9.09,1.0,9.09,0.964,0.3,10.53,4.88,12.2,17.07,33.33,10.0
745889,2024-06-20,2024,670623,R,680573,R,field_out,False,False,218.0,0.296,32.0,14.68,21.0,9.63,0.886,0.21200000000000002,15.62,7.01,18.82,25.83,28.06,8.86,438.0,0.247,82.0,18.72,43.0,9.82,0.86,0.266,18.6,8.55,16.71,25.26,28.98,14.09,137.0,0.256,28.0,20.44,7.0,5.11,0.683,0.136,20.96,11.17,12.64,23.81,25.3,15.73,13.0,0.4,4.0,30.77,2.0,15.38,1.1,0.1999999999999999,17.86,8.62,13.79,22.41,21.43,20.0
745889,2024-06-20,2024,663616,L,641793,R,strikeout,True,False,147.0,0.263,27.0,18.37,12.0,8.16,0.779,0.196,27.41,12.91,16.73,29.64,27.92,17.45,189.0,0.228,60.0,31.75,25.0,13.23,0.766,0.21,36.25,14.96,16.71,31.67,22.55,25.75,162.0,0.275,31.0,19.14,8.0,4.94,0.769,0.183,21.86,11.06,17.07,28.13,29.23,15.54,183.0,0.233,41.0,22.4,8.0,4.37,0.681,0.1799999999999999,22.16,11.64,17.0,28.64,32.55,20.2
745889,2024-06-20,2024,669304,R,641793,R,field_out,False,False,135.0,0.29,21.0,15.56,7.0,5.19,0.8440000000000001,0.21800000000000003,21.12,10.19,17.67,27.86,33.33,18.75,120.0,0.207,18.0,15.0,8.0,6.67,0.5640000000000001,0.09,23.72,11.83,13.69,25.52,32.37,15.04,170.0,0.309,40.0,23.53,5.0,2.94,0.779,0.129,23.67,12.92,15.51,28.43,33.33,19.05,196.0,0.287,33.0,16.84,4.0,2.04,0.76,0.16,19.89,10.69,14.35,25.04,30.7,16.92
745889,2024-06-20,2024,668904,R,641793,R,walk,False,True,39.0,0.333,7.0,17.95,3.0,7.69,1.246,0.528,31.58,15.29,12.1,27.39,28.41,14.89,183.0,0.307,43.0,23.5,15.0,8.2,0.962,0.283,27.16,12.8,18.57,31.36,28.0,20.98,170.0,0.309,40.0,23.53,5.0,2.94,0.779,0.129,23.67,12.92,15.51,28.43,33.33,19.05,196.0,0.287,33.0,16.84,4.0,2.04,0.76,0.16,19.89,10.69,14.35,25.04,30.7,16.92
745889,2024-06-20,2024,596146,L,641793,R,field_out,False,False,169.0,0.243,34.0,20.12,13.0,7.69,0.731,0.178,22.55,11.64,11.79,23.43,26.43,17.17,394.0,0.263,84.0,21.32,37.0,9.39,0.8320000000000001,0.2339999999999999,19.92,9.32,15.49,24.81,24.75,18.14,162.0,0.275,31.0,19.14,8.0,4.94,0.769,0.183,21.86,11.06,17.07,28.13,29.23,15.54,183.0,0.233,41.0,22.4,8.0,4.37,0.681,0.1799999999999999,22.16,11.64,17.0,28.64,32.55,20.2
745889,2024-06-20,2024,666139,L,680573,R,double,False,False,78.0,0.203,23.0,29.49,7.0,8.97,0.65,0.174,27.84,14.33,13.74,28.07,31.4,19.01,435.0,0.3,104.0,23.91,27.0,6.21,0.8540000000000001,0.211,29.41,15.52,12.38,27.9,34.65,18.39,91.0,0.198,18.0,19.78,8.0,8.79,0.57,0.08599999999999997,21.64,10.11,18.58,28.69,32.45,14.52,11.0,0.3,1.0,9.09,1.0,9.09,0.964,0.3,10.53,4.88,12.2,17.07,33.33,10.0
745889,2024-06-20,2024,668227,R,680573,R,double,False,False,216.0,0.186,60.0,27.78,20.0,9.26,0.619,0.14900000000000002,34.77,14.59,19.6,34.19,25.05,19.05,517.0,0.254,119.0,23.02,62.0,11.99,0.7769999999999999,0.1589999999999999,29.93,12.82,18.77,31.59,26.93,19.44,137.0,0.256,28.0,20.44,7.0,5.11,0.683,0.136,20.96,11.17,12.64,23.81,25.3,15.73,13.0,0.4,4.0,30.77,2.0,15.38,1.1,0.1999999999999999,17.86,8.62,13.79,22.41,21.43,20.0
745889,2024-06-20,2024,676356,R,680573,R,field_out,False,False,83.0,0.151,20.0,24.1,7.0,8.43,0.477,0.08200000000000002,26.97,13.85,15.54,29.39,37.65,21.05,10.0,0.2,0.0,0.0,0.0,0.0,0.7,0.3,19.05,11.43,11.43,22.86,44.44,0.0,137.0,0.256,28.0,20.44,7.0,5.11,0.683,0.136,20.96,11.17,12.64,23.81,25.3,15.73,13.0,0.4,4.0,30.77,2.0,15.38,1.1,0.1999999999999999,17.86,8.62,13.79,22.41,21.43,20.0
745889,2024-06-20,2024,642350,R,680573,R,field_out,False,False,154.0,0.194,55.0,35.71,11.0,7.14,0.629,0.15699999999999997,38.11,17.03,21.42,38.45,32.01,28.65,271.0,0.23,93.0,34.32,16.0,5.9,0.801,0.29,39.19,20.65,15.06,35.71,37.69,31.08,137.0,0.256,28.0,20.44,7.0,5.11,0.683,0.136,20.96,11.17,12.64,23.81,25.3,15.73,13.0,0.4,4.0,30.77,2.0,15.38,1.1,0.1999999999999999,17.86,8.62,13.79,22.41,21.43,20.0
745889,2024-06-20,2024,676609,R,680573,R,field_out,False,False,180.0,0.232,45.0,25.0,11.0,6.11,0.629,0.10300000000000001,28.21,12.88,19.74,32.62,31.88,21.33,156.0,0.186,37.0,23.72,15.0,9.62,0.588,0.1009999999999999,24.9,10.03,24.36,34.39,27.59,18.69,137.0,0.256,28.0,20.44,7.0,5.11,0.683,0.136,20.96,11.17,12.64,23.81,25.3,15.73,13.0,0.4,4.0,30.77,2.0,15.38,1.1,0.1999999999999999,17.86,8.62,13.79,22.41,21.43,20.0
745889,2024-06-20,2024,680777,R,641793,R,field_out,False,False,167.0,0.241,33.0,19.76,13.0,7.78,0.813,0.241,22.0,9.97,18.28,28.25,29.26,16.0,242.0,0.281,70.0,28.93,19.0,7.85,0.8280000000000001,0.186,29.53,13.79,18.6,32.39,32.19,21.28,170.0,0.309,40.0,23.53,5.0,2.94,0.779,0.129,23.67,12.92,15.51,28.43,33.33,19.05,196.0,0.287,33.0,16.84,4.0,2.04,0.76,0.16,19.89,10.69,14.35,25.04,30.7,16.92
745889,2024-06-20,2024,467793,L,641793,R,single,False,False,193.0,0.22,29.0,15.03,22.0,11.4,0.69,0.149,22.71,9.65,17.42,27.07,24.16,13.24,460.0,0.231,83.0,18.04,45.0,9.78,0.727,0.1899999999999999,23.76,11.0,14.32,25.31,24.63,16.21,162.0,0.275,31.0,19.14,8.0,4.94,0.769,0.183,21.86,11.06,17.07,28.13,29.23,15.54,183.0,0.233,41.0,22.4,8.0,4.37,0.681,0.1799999999999999,22.16,11.64,17.0,28.64,32.55,20.2
745889,2024-06-20,2024,621439,R,641793,R,strikeout,True,False,143.0,0.235,41.0,28.67,6.0,4.2,0.643,0.121,34.67,18.91,12.0,30.91,36.86,22.4,257.0,0.217,80.0,31.13,26.0,10.12,0.767,0.243,29.69,15.03,12.96,27.99,29.53,25.0,170.0,0.309,40.0,23.53,5.0,2.94,0.779,0.129,23.67,12.92,15.51,28.43,33.33,19.05,196.0,0.287,33.0,16.84,4.0,2.04,0.76,0.16,19.89,10.69,14.35,25.04,30.7,16.92
745889,2024-06-20,2024,571657,R,641793,R,double,False,False,64.0,0.161,12.0,18.75,5.0,7.81,0.516,0.089,20.56,10.0,16.82,26.82,34.29,22.22,241.0,0.239,59.0,24.48,13.0,5.39,0.6950000000000001,0.157,22.45,10.88,18.24,29.12,32.6,21.61,170.0,0.309,40.0,23.53,5.0,2.94,0.779,0.129,23.67,12.92,15.51,28.43,33.33,19.05,196.0,0.287,33.0,16.84,4.0,2.04,0.76,0.16,19.89,10.69,14.35,25.04,30.7,16.92
745889,2024-06-20,2024,668885,R,641793,R,field_out,False,False,70.0,0.266,14.0,20.0,6.0,8.57,0.7350000000000001,0.14,22.5,10.19,16.98,27.17,15.75,17.95,,,,,,,,,,,,,,,170.0,0.309,40.0,23.53,5.0,2.94,0.779,0.129,23.67,12.92,15.51,28.43,33.33,19.05,196.0,0.287,33.0,16.84,4.0,2.04,0.76,0.16,19.89,10.69,14.35,25.04,30.7,16.92
745889,2024-06-20,2024,656577,R,680573,R,double,False,False,38.0,0.059,16.0,42.11,2.0,5.26,0.287,0.11699999999999999,40.51,20.92,18.95,39.87,41.33,27.59,,,,,,,,,,,,,,,137.0,0.256,28.0,20.44,7.0,5.11,0.683,0.136,20.96,11.17,12.64,23.81,25.3,15.73,13.0,0.4,4.0,30.77,2.0,15.38,1.1,0.1999999999999999,17.86,8.62,13.79,22.41,21.43,20.0
745889,2024-06-20,2024,650490,R,680573,R,field_out,False,False,240.0,0.25,36.0,15.0,22.0,9.17,0.668,0.09300000000000003,12.01,5.28,17.26,22.54,23.23,12.2,462.0,0.322,72.0,15.58,49.0,10.61,0.881,0.1559999999999999,18.95,8.0,18.68,26.68,19.71,15.69,137.0,0.256,28.0,20.44,7.0,5.11,0.683,0.136,20.96,11.17,12.64,23.81,25.3,15.73,13.0,0.4,4.0,30.77,2.0,15.38,1.1,0.1999999999999999,17.86,8.62,13.79,22.41,21.43,20.0
745889,2024-06-20,2024,664040,L,680573,R,sac_fly,False,False,99.0,0.202,23.0,23.23,12.0,12.12,0.74,0.21499999999999997,28.8,15.19,9.94,25.14,28.04,22.55,374.0,0.241,103.0,27.54,42.0,11.23,0.813,0.237,31.86,16.63,11.13,27.77,30.39,21.33,91.0,0.198,18.0,19.78,8.0,8.79,0.57,0.08599999999999997,21.64,10.11,18.58,28.69,32.45,14.52,11.0,0.3,1.0,9.09,1.0,9.09,0.964,0.3,10.53,4.88,12.2,17.07,33.33,10.0
745889,2024-06-20,2024,670623,R,680573,R,field_out,False,False,218.0,0.296,32.0,14.68,21.0,9.63,0.886,0.21200000000000002,15.62,7.01,18.82,25.83,28.06,8.86,438.0,0.247,82.0,18.72,43.0,9.82,0.86,0.266,18.6,8.55,16.71,25.26,28.98,14.09,137.0,0.256,28.0,20.44,7.0,5.11,0.683,0.136,20.96,11.17,12.64,23.81,25.3,15.73,13.0,0.4,4.0,30.77,2.0,15.38,1.1,0.1999999999999999,17.86,8.62,13.79,22.41,21.43,20.0
745889,2024-06-20,2024,663616,L,641793,R,strikeout,True,False,147.0,0.263,27.0,18.37,12.0,8.16,0.779,0.196,27.41,12.91,16.73,29.64,27.92,17.45,189.0,0.228,60.0,31.75,25.0,13.23,0.766,0.21,36.25,14.96,16.71,31.67,22.55,25.75,162.0,0.275,31.0,19.14,8.0,4.94,0.769,0.183,21.86,11.06,17.07,28.13,29.23,15.54,183.0,0.233,41.0,22.4,8.0,4.37,0.681,0.1799999999999999,22.16,11.64,17.0,28.64,32.55,20.2
745889,2024-06-20,2024,669304,R,641793,R,strikeout,True,False,135.0,0.29,21.0,15.56,7.0,5.19,0.8440000000000001,0.21800000000000003,21.12,10.19,17.67,27.86,33.33,18.75,120.0,0.207,18.0,15.0,8.0,6.67,0.5640000000000001,0.09,23.72,11.83,13.69,25.52,32.37,15.04,170.0,0.309,40.0,23.53,5.0,2.94,0.779,0.129,23.67,12.92,15.51,28.43,33.33,19.05,196.0,0.287,33.0,16.84,4.0,2.04,0.76,0.16,19.89,10.69,14.35,25.04,30.7,16.92
745889,2024-06-20,2024,668904,R,641793,R,home_run,False,False,39.0,0.333,7.0,17.95,3.0,7.69,1.246,0.528,31.58,15.29,12.1,27.39,28.41,14.89,183.0,0.307,43.0,23.5,15.0,8.2,0.962,0.283,27.16,12.8,18.57,31.36,28.0,20.98,170.0,0.309,40.0,23.53,5.0,2.94,0.779,0.129,23.67,12.92,15.51,28.43,33.33,19.05,196.0,0.287,33.0,16.84,4.0,2.04,0.76,0.16,19.89,10.69,14.35,25.04,30.7,16.92
745889,2024-06-20,2024,622534,R,641793,R,field_out,False,False,83.0,0.187,15.0,18.07,6.0,7.23,0.505,0.05299999999999999,21.85,11.0,16.0,27.0,29.5,16.67,237.0,0.258,33.0,13.92,15.0,6.33,0.694,0.12,23.38,11.66,15.01,26.67,32.22,16.02,170.0,0.309,40.0,23.53,5.0,2.94,0.779,0.129,23.67,12.92,15.51,28.43,33.33,19.05,196.0,0.287,33.0,16.84,4.0,2.04,0.76,0.16,19.89,10.69,14.35,25.04,30.7,16.92
745889,2024-06-20,2024,666139,L,680573,R,field_out,False,False,78.0,0.203,23.0,29.49,7.0,8.97,0.65,0.174,27.84,14.33,13.74,28.07,31.4,19.01,435.0,0.3,104.0,23.91,27.0,6.21,0.8540000000000001,0.211,29.41,15.52,12.38,27.9,34.65,18.39,91.0,0.198,18.0,19.78,8.0,8.79,0.57,0.08599999999999997,21.64,10.11,18.58,28.69,32.45,14.52,11.0,0.3,1.0,9.09,1.0,9.09,0.964,0.3,10.53,4.88,12.2,17.07,33.33,10.0
745889,2024-06-20,2024,668227,R,680573,R,walk,False,True,216.0,0.186,60.0,27.78,20.0,9.26,0.619,0.14900000000000002,34.77,14.59,19.6,34.19,25.05,19.05,517.0,0.254,119.0,23.02,62.0,11.99,0.7769999999999999,0.1589999999999999,29.93,12.82,18.77,31.59,26.93,19.44,137.0,0.256,28.0,20.44,7.0,5.11,0.683,0.136,20.96,11.17,12.64,23.81,25.3,15.73,13.0,0.4,4.0,30.77,2.0,15.38,1.1,0.1999999999999999,17.86,8.62,13.79,22.41,21.43,20.0
745889,2024-06-20,2024,676356,R,680573,R,field_out,False,False,83.0,0.151,20.0,24.1,7.0,8.43,0.477,0.08200000000000002,26.97,13.85,15.54,29.39,37.65,21.05,10.0,0.2,0.0,0.0,0.0,0.0,0.7,0.3,19.05,11.43,11.43,22.86,44.44,0.0,137.0,0.256,28.0,20.44,7.0,5.11,0.683,0.136,20.96,11.17,12.64,23.81,25.3,15.73,13.0,0.4,4.0,30.77,2.0,15.38,1.1,0.1999999999999999,17.86,8.62,13.79,22.41,21.43,20.0
745889,2024-06-20,2024,642350,R,680573,R,strikeout,True,False,154.0,0.194,55.0,35.71,11.0,7.14,0.629,0.15699999999999997,38.11,17.03,21.42,38.45,32.01,28.65,271.0,0.23,93.0,34.32,16.0,5.9,0.801,0.29,39.19,20.65,15.06,35.71,37.69,31.08,137.0,0.256,28.0,20.44,7.0,5.11,0.683,0.136,20.96,11.17,12.64,23.81,25.3,15.73,13.0,0.4,4.0,30.77,2.0,15.38,1.1,0.1999999999999999,17.86,8.62,13.79,22.41,21.43,20.0
745889,2024-06-20,2024,680777,R,641793,R,field_out,False,False,167.0,0.241,33.0,19.76,13.0,7.78,0.813,0.241,22.0,9.97,18.28,28.25,29.26,16.0,242.0,0.281,70.0,28.93,19.0,7.85,0.8280000000000001,0.186,29.53,13.79,18.6,32.39,32.19,21.28,170.0,0.309,40.0,23.53,5.0,2.94,0.779,0.129,23.67,12.92,15.51,28.43,33.33,19.05,196.0,0.287,33.0,16.84,4.0,2.04,0.76,0.16,19.89,10.69,14.35,25.04,30.7,16.92
745889,2024-06-20,2024,467793,L,641793,R,double,False,False,193.0,0.22,29.0,15.03,22.0,11.4,0.69,0.149,22.71,9.65,17.42,27.07,24.16,13.24,460.0,0.231,83.0,18.04,45.0,9.78,0.727,0.1899999999999999,23.76,11.0,14.32,25.31,24.63,16.21,162.0,0.275,31.0,19.14,8.0,4.94,0.769,0.183,21.86,11.06,17.07,28.13,29.23,15.54,183.0,0.233,41.0,22.4,8.0,4.37,0.681,0.1799999999999999,22.16,11.64,17.0,28.64,32.55,20.2
745889,2024-06-20,2024,621439,R,641793,R,field_out,False,False,143.0,0.235,41.0,28.67,6.0,4.2,0.643,0.121,34.67,18.91,12.0,30.91,36.86,22.4,257.0,0.217,80.0,31.13,26.0,10.12,0.767,0.243,29.69,15.03,12.96,27.99,29.53,25.0,170.0,0.309,40.0,23.53,5.0,2.94,0.779,0.129,23.67,12.92,15.51,28.43,33.33,19.05,196.0,0.287,33.0,16.84,4.0,2.04,0.76,0.16,19.89,10.69,14.35,25.04,30.7,16.92
745889,2024-06-20,2024,571657,R,641793,R,field_out,False,False,64.0,0.161,12.0,18.75,5.0,7.81,0.516,0.089,20.56,10.0,16.82,26.82,34.29,22.22,241.0,0.239,59.0,24.48,13.0,5.39,0.6950000000000001,0.157,22.45,10.88,18.24,29.12,32.6,21.61,170.0,0.309,40.0,23.53,5.0,2.94,0.779,0.129,23.67,12.92,15.51,28.43,33.33,19.05,196.0,0.287,33.0,16.84,4.0,2.04,0.76,0.16,19.89,10.69,14.35,25.04,30.7,16.92
745889,2024-06-20,2024,676609,R,680573,R,strikeout,True,False,180.0,0.232,45.0,25.0,11.0,6.11,0.629,0.10300000000000001,28.21,12.88,19.74,32.62,31.88,21.33,156.0,0.186,37.0,23.72,15.0,9.62,0.588,0.1009999999999999,24.9,10.03,24.36,34.39,27.59,18.69,137.0,0.256,28.0,20.44,7.0,5.11,0.683,0.136,20.96,11.17,12.64,23.81,25.3,15.73,13.0,0.4,4.0,30.77,2.0,15.38,1.1,0.1999999999999999,17.86,8.62,13.79,22.41,21.43,20.0
745889,2024-06-20,2024,656577,R,680573,R,strikeout,True,False,38.0,0.059,16.0,42.11,2.0,5.26,0.287,0.11699999999999999,40.51,20.92,18.95,39.87,41.33,27.59,,,,,,,,,,,,,,,137.0,0.256,28.0,20.44,7.0,5.11,0.683,0.136,20.96,11.17,12.64,23.81,25.3,15.73,13.0,0.4,4.0,30.77,2.0,15.38,1.1,0.1999999999999999,17.86,8.62,13.79,22.41,21.43,20.0
745889,2024-06-20,2024,650490,R,680573,R,double,False,False,240.0,0.25,36.0,15.0,22.0,9.17,0.668,0.09300000000000003,12.01,5.28,17.26,22.54,23.23,12.2,462.0,0.322,72.0,15.58,49.0,10.61,0.881,0.1559999999999999,18.95,8.0,18.68,26.68,19.71,15.69,137.0,0.256,28.0,20.44,7.0,5.11,0.683,0.136,20.96,11.17,12.64,23.81,25.3,15.73,13.0,0.4,4.0,30.77,2.0,15.38,1.1,0.1999999999999999,17.86,8.62,13.79,22.41,21.43,20.0
745889,2024-06-20,2024,664040,L,680573,R,strikeout,True,False,99.0,0.202,23.0,23.23,12.0,12.12,0.74,0.21499999999999997,28.8,15.19,9.94,25.14,28.04,22.55,374.0,0.241,103.0,27.54,42.0,11.23,0.813,0.237,31.86,16.63,11.13,27.77,30.39,21.33,91.0,0.198,18.0,19.78,8.0,8.79,0.57,0.08599999999999997,21.64,10.11,18.58,28.69,32.45,14.52,11.0,0.3,1.0,9.09,1.0,9.09,0.964,0.3,10.53,4.88,12.2,17.07,33.33,10.0
745889,2024-06-20,2024,668885,R,641793,R,walk,False,True,70.0,0.266,14.0,20.0,6.0,8.57,0.7350000000000001,0.14,22.5,10.19,16.98,27.17,15.75,17.95,,,,,,,,,,,,,,,170.0,0.309,40.0,23.53,5.0,2.94,0.779,0.129,23.67,12.92,15.51,28.43,33.33,19.05,196.0,0.287,33.0,16.84,4.0,2.04,0.76,0.16,19.89,10.69,14.35,25.04,30.7,16.92
745889,2024-06-20,2024,663616,L,641793,R,grounded_into_double_play,False,False,147.0,0.263,27.0,18.37,12.0,8.16,0.779,0.196,27.41,12.91,16.73,29.64,27.92,17.45,189.0,0.228,60.0,31.75,25.0,13.23,0.766,0.21,36.25,14.96,16.71,31.67,22.55,25.75,162.0,0.275,31.0,19.14,8.0,4.94,0.769,0.183,21.86,11.06,17.07,28.13,29.23,15.54,183.0,0.233,41.0,22.4,8.0,4.37,0.681,0.1799999999999999,22.16,11.64,17.0,28.64,32.55,20.2
745889,2024-06-20,2024,669304,R,641793,R,single,False,False,135.0,0.29,21.0,15.56,7.0,5.19,0.8440000000000001,0.21800000000000003,21.12,10.19,17.67,27.86,33.33,18.75,120.0,0.207,18.0,15.0,8.0,6.67,0.5640000000000001,0.09,23.72,11.83,13.69,25.52,32.37,15.04,170.0,0.309,40.0,23.53,5.0,2.94,0.779,0.129,23.67,12.92,15.51,28.43,33.33,19.05,196.0,0.287,33.0,16.84,4.0,2.04,0.76,0.16,19.89,10.69,14.35,25.04,30.7,16.92
745889,2024-06-20,2024,668904,R,641793,R,strikeout,True,False,39.0,0.333,7.0,17.95,3.0,7.69,1.246,0.528,31.58,15.29,12.1,27.39,28.41,14.89,183.0,0.307,43.0,23.5,15.0,8.2,0.962,0.283,27.16,12.8,18.57,31.36,28.0,20.98,170.0,0.309,40.0,23.53,5.0,2.94,0.779,0.129,23.67,12.92,15.51,28.43,33.33,19.05,196.0,0.287,33.0,16.84,4.0,2.04,0.76,0.16,19.89,10.69,14.35,25.04,30.7,16.92
745889,2024-06-20,2024,670623,R,680573,R,walk,False,True,218.0,0.296,32.0,14.68,21.0,9.63,0.886,0.21200000000000002,15.62,7.01,18.82,25.83,28.06,8.86,438.0,0.247,82.0,18.72,43.0,9.82,0.86,0.266,18.6,8.55,16.71,25.26,28.98,14.09,137.0,0.256,28.0,20.44,7.0,5.11,0.683,0.136,20.96,11.17,12.64,23.81,25.3,15.73,13.0,0.4,4.0,30.77,2.0,15.38,1.1,0.1999999999999999,17.86,8.62,13.79,22.41,21.43,20.0
745889,2024-06-20,2024,666139,L,680573,R,field_out,False,False,78.0,0.203,23.0,29.49,7.0,8.97,0.65,0.174,27.84,14.33,13.74,28.07,31.4,19.01,435.0,0.3,104.0,23.91,27.0,6.21,0.8540000000000001,0.211,29.41,15.52,12.38,27.9,34.65,18.39,91.0,0.198,18.0,19.78,8.0,8.79,0.57,0.08599999999999997,21.64,10.11,18.58,28.69,32.45,14.52,11.0,0.3,1.0,9.09,1.0,9.09,0.964,0.3,10.53,4.88,12.2,17.07,33.33,10.0
745889,2024-06-20,2024,668227,R,680573,R,field_out,False,False,216.0,0.186,60.0,27.78,20.0,9.26,0.619,0.14900000000000002,34.77,14.59,19.6,34.19,25.05,19.05,517.0,0.254,119.0,23.02,62.0,11.99,0.7769999999999999,0.1589999999999999,29.93,12.82,18.77,31.59,26.93,19.44,137.0,0.256,28.0,20.44,7.0,5.11,0.683,0.136,20.96,11.17,12.64,23.81,25.3,15.73,13.0,0.4,4.0,30.77,2.0,15.38,1.1,0.1999999999999999,17.86,8.62,13.79,22.41,21.43,20.0
745889,2024-06-20,2024,676356,R,680573,R,field_out,False,False,83.0,0.151,20.0,24.1,7.0,8.43,0.477,0.08200000000000002,26.97,13.85,15.54,29.39,37.65,21.05,10.0,0.2,0.0,0.0,0.0,0.0,0.7,0.3,19.05,11.43,11.43,22.86,44.44,0.0,137.0,0.256,28.0,20.44,7.0,5.11,0.683,0.136,20.96,11.17,12.64,23.81,25.3,15.73,13.0,0.4,4.0,30.77,2.0,15.38,1.1,0.1999999999999999,17.86,8.62,13.79,22.41,21.43,20.0
745889,2024-06-20,2024,622534,R,542888,R,field_out,False,False,83.0,0.187,15.0,18.07,6.0,7.23,0.505,0.05299999999999999,21.85,11.0,16.0,27.0,29.5,16.67,237.0,0.258,33.0,13.92,15.0,6.33,0.694,0.12,23.38,11.66,15.01,26.67,32.22,16.02,95.0,0.209,27.0,28.42,7.0,7.37,0.6000000000000001,0.11700000000000002,26.34,13.57,18.01,31.58,27.27,21.6,109.0,0.17,30.0,27.52,6.0,5.5,0.489,0.0799999999999999,30.59,16.11,13.7,29.81,33.17,23.08
745889,2024-06-20,2024,680777,R,542888,R,field_out,False,False,167.0,0.241,33.0,19.76,13.0,7.78,0.813,0.241,22.0,9.97,18.28,28.25,29.26,16.0,242.0,0.281,70.0,28.93,19.0,7.85,0.8280000000000001,0.186,29.53,13.79,18.6,32.39,32.19,21.28,95.0,0.209,27.0,28.42,7.0,7.37,0.6000000000000001,0.11700000000000002,26.34,13.57,18.01,31.58,27.27,21.6,109.0,0.17,30.0,27.52,6.0,5.5,0.489,0.0799999999999999,30.59,16.11,13.7,29.81,33.17,23.08
745889,2024-06-20,2024,467793,L,542888,R,strikeout,True,False,193.0,0.22,29.0,15.03,22.0,11.4,0.69,0.149,22.71,9.65,17.42,27.07,24.16,13.24,460.0,0.231,83.0,18.04,45.0,9.78,0.727,0.1899999999999999,23.76,11.0,14.32,25.31,24.63,16.21,50.0,0.318,10.0,20.0,6.0,12.0,0.9450000000000001,0.22700000000000004,16.67,7.81,18.75,26.56,22.35,18.87,98.0,0.209,24.0,24.49,5.0,5.1,0.552,0.088,21.9,12.01,15.67,27.68,36.52,18.05
745889,2024-06-20,2024,642350,R,663485,R,strikeout,True,False,154.0,0.194,55.0,35.71,11.0,7.14,0.629,0.15699999999999997,38.11,17.03,21.42,38.45,32.01,28.65,271.0,0.23,93.0,34.32,16.0,5.9,0.801,0.29,39.19,20.65,15.06,35.71,37.69,31.08,84.0,0.231,23.0,27.38,3.0,3.57,0.636,0.12799999999999997,27.39,14.1,18.03,32.13,37.41,23.47,45.0,0.205,10.0,22.22,6.0,13.33,0.619,0.103,26.76,10.98,21.97,32.95,29.89,16.95
745889,2024-06-20,2024,676609,R,663485,R,walk,False,True,180.0,0.232,45.0,25.0,11.0,6.11,0.629,0.10300000000000001,28.21,12.88,19.74,32.62,31.88,21.33,156.0,0.186,37.0,23.72,15.0,9.62,0.588,0.1009999999999999,24.9,10.03,24.36,34.39,27.59,18.69,84.0,0.231,23.0,27.38,3.0,3.57,0.636,0.12799999999999997,27.39,14.1,18.03,32.13,37.41,23.47,45.0,0.205,10.0,22.22,6.0,13.33,0.619,0.103,26.76,10.98,21.97,32.95,29.89,16.95
745889,2024-06-20,2024,656577,R,663485,R,strikeout,True,False,38.0,0.059,16.0,42.11,2.0,5.26,0.287,0.11699999999999999,40.51,20.92,18.95,39.87,41.33,27.59,,,,,,,,,,,,,,,84.0,0.231,23.0,27.38,3.0,3.57,0.636,0.12799999999999997,27.39,14.1,18.03,32.13,37.41,23.47,45.0,0.205,10.0,22.22,6.0,13.33,0.619,0.103,26.76,10.98,21.97,32.95,29.89,16.95
745889,2024-06-20,2024,650490,R,663485,R,strikeout,True,False,240.0,0.25,36.0,15.0,22.0,9.17,0.668,0.09300000000000003,12.01,5.28,17.26,22.54,23.23,12.2,462.0,0.322,72.0,15.58,49.0,10.61,0.881,0.1559999999999999,18.95,8.0,18.68,26.68,19.71,15.69,84.0,0.231,23.0,27.38,3.0,3.57,0.636,0.12799999999999997,27.39,14.1,18.03,32.13,37.41,23.47,45.0,0.205,10.0,22.22,6.0,13.33,0.619,0.103,26.76,10.98,21.97,32.95,29.89,16.95
745889,2024-06-20,2024,621439,R,542888,R,field_out,False,False,143.0,0.235,41.0,28.67,6.0,4.2,0.643,0.121,34.67,18.91,12.0,30.91,36.86,22.4,257.0,0.217,80.0,31.13,26.0,10.12,0.767,0.243,29.69,15.03,12.96,27.99,29.53,25.0,95.0,0.209,27.0,28.42,7.0,7.37,0.6000000000000001,0.11700000000000002,26.34,13.57,18.01,31.58,27.27,21.6,109.0,0.17,30.0,27.52,6.0,5.5,0.489,0.0799999999999999,30.59,16.11,13.7,29.81,33.17,23.08
745889,2024-06-20,2024,571657,R,542888,R,field_out,False,False,64.0,0.161,12.0,18.75,5.0,7.81,0.516,0.089,20.56,10.0,16.82,26.82,34.29,22.22,241.0,0.239,59.0,24.48,13.0,5.39,0.6950000000000001,0.157,22.45,10.88,18.24,29.12,32.6,21.61,95.0,0.209,27.0,28.42,7.0,7.37,0.6000000000000001,0.11700000000000002,26.34,13.57,18.01,31.58,27.27,21.6,109.0,0.17,30.0,27.52,6.0,5.5,0.489,0.0799999999999999,30.59,16.11,13.7,29.81,33.17,23.08
745889,2024-06-20,2024,668885,R,542888,R,strikeout,True,False,70.0,0.266,14.0,20.0,6.0,8.57,0.7350000000000001,0.14,22.5,10.19,16.98,27.17,15.75,17.95,,,,,,,,,,,,,,,95.0,0.209,27.0,28.42,7.0,7.37,0.6000000000000001,0.11700000000000002,26.34,13.57,18.01,31.58,27.27,21.6,109.0,0.17,30.0,27.52,6.0,5.5,0.489,0.0799999999999999,30.59,16.11,13.7,29.81,33.17,23.08
745889,2024-06-20,2024,664040,L,595345,L,field_out,False,False,22.0,0.286,7.0,31.82,1.0,4.55,0.794,0.19,40.0,21.43,8.33,29.76,25.0,31.82,63.0,0.17,16.0,25.4,8.0,12.7,0.512,0.0559999999999999,33.05,15.79,14.98,30.77,27.69,23.19,38.0,0.139,9.0,23.68,1.0,2.63,0.378,0.05499999999999999,28.57,15.38,17.69,33.08,28.85,27.27,95.0,0.241,33.0,34.74,10.0,10.53,0.7210000000000001,0.157,34.39,15.78,16.5,32.28,26.54,23.74
745889,2024-06-20,2024,670623,R,595345,L,single,False,False,74.0,0.258,15.0,20.27,7.0,9.46,0.7170000000000001,0.121,21.09,8.85,22.95,31.8,28.48,15.96,136.0,0.259,22.0,16.18,15.0,11.03,0.773,0.146,17.06,7.6,18.37,25.97,26.71,12.64,60.0,0.288,11.0,18.33,8.0,13.33,0.902,0.23100000000000004,20.59,8.71,19.09,27.8,22.69,15.94,152.0,0.222,40.0,26.32,14.0,9.21,0.747,0.222,28.47,13.79,16.75,30.54,27.09,21.39
745889,2024-06-20,2024,642708,R,595345,L,double,False,False,71.0,0.294,12.0,16.9,2.0,2.82,0.736,0.132,27.34,15.51,14.69,30.2,38.84,17.65,193.0,0.282,27.0,13.99,11.0,5.7,0.768,0.16,18.35,9.79,15.18,24.96,39.07,12.33,60.0,0.288,11.0,18.33,8.0,13.33,0.902,0.23100000000000004,20.59,8.71,19.09,27.8,22.69,15.94,152.0,0.222,40.0,26.32,14.0,9.21,0.747,0.222,28.47,13.79,16.75,30.54,27.09,21.39
745889,2024-06-20,2024,668227,R,543351,R,strikeout,True,False,216.0,0.186,60.0,27.78,20.0,9.26,0.619,0.14900000000000002,34.77,14.59,19.6,34.19,25.05,19.05,517.0,0.254,119.0,23.02,62.0,11.99,0.7769999999999999,0.1589999999999999,29.93,12.82,18.77,31.59,26.93,19.44,58.0,0.204,14.0,24.14,4.0,6.9,0.537,0.07400000000000004,30.1,13.42,18.18,31.6,21.62,19.44,74.0,0.2,15.0,20.27,3.0,4.05,0.6,0.1569999999999999,30.88,15.79,17.29,33.08,31.06,19.23
745889,2024-06-20,2024,676356,R,543351,R,strikeout,True,False,83.0,0.151,20.0,24.1,7.0,8.43,0.477,0.08200000000000002,26.97,13.85,15.54,29.39,37.65,21.05,10.0,0.2,0.0,0.0,0.0,0.0,0.7,0.3,19.05,11.43,11.43,22.86,44.44,0.0,58.0,0.204,14.0,24.14,4.0,6.9,0.537,0.07400000000000004,30.1,13.42,18.18,31.6,21.62,19.44,74.0,0.2,15.0,20.27,3.0,4.05,0.6,0.1569999999999999,30.88,15.79,17.29,33.08,31.06,19.23
745889,2024-06-20,2024,650489,R,664076,L,single,False,False,71.0,0.348,19.0,26.76,4.0,5.63,0.924,0.18200000000000005,30.71,15.36,16.79,32.14,34.75,22.09,129.0,0.237,26.0,20.16,11.0,8.53,0.636,0.079,27.27,14.12,14.71,28.82,33.85,15.03,86.0,0.208,23.0,26.74,11.0,12.79,0.593,0.05600000000000002,31.1,15.32,14.41,29.73,33.33,21.9,33.0,0.133,8.0,24.24,2.0,6.06,0.579,0.2339999999999999,25.0,10.08,19.38,29.46,28.17,24.24
745889,2024-06-20,2024,669304,R,664076,L,field_out,False,False,66.0,0.25,9.0,13.64,1.0,1.52,0.648,0.125,17.74,9.61,13.1,22.71,35.65,14.52,32.0,0.226,6.0,18.75,1.0,3.12,0.573,0.097,29.85,17.54,10.53,28.07,44.44,20.0,86.0,0.208,23.0,26.74,11.0,12.79,0.593,0.05600000000000002,31.1,15.32,14.41,29.73,33.33,21.9,33.0,0.133,8.0,24.24,2.0,6.06,0.579,0.2339999999999999,25.0,10.08,19.38,29.46,28.17,24.24
745889,2024-06-20,2024,668904,R,664076,L,walk,False,True,18.0,0.5,1.0,5.56,3.0,16.67,1.556,0.5,16.67,8.62,8.62,17.24,33.33,6.25,56.0,0.314,12.0,21.43,5.0,8.93,0.7869999999999999,0.0979999999999999,27.66,13.33,16.92,30.26,30.21,23.53,86.0,0.208,23.0,26.74,11.0,12.79,0.593,0.05600000000000002,31.1,15.32,14.41,29.73,33.33,21.9,33.0,0.133,8.0,24.24,2.0,6.06,0.579,0.2339999999999999,25.0,10.08,19.38,29.46,28.17,24.24
745889,2024-06-20,2024,622534,R,687330,R,strikeout,True,False,83.0,0.187,15.0,18.07,6.0,7.23,0.505,0.05299999999999999,21.85,11.0,16.0,27.0,29.5,16.67,237.0,0.258,33.0,13.92,15.0,6.33,0.694,0.12,23.38,11.66,15.01,26.67,32.22,16.02,81.0,0.253,21.0,25.93,3.0,3.7,0.673,0.12,22.5,9.34,26.64,35.99,29.55,23.86,172.0,0.211,29.0,16.86,5.0,2.91,0.554,0.0809999999999999,21.07,9.75,21.21,30.96,29.68,13.74
745889,2024-06-20,2024,680777,R,687330,R,strikeout,True,False,167.0,0.241,33.0,19.76,13.0,7.78,0.813,0.241,22.0,9.97,18.28,28.25,29.26,16.0,242.0,0.281,70.0,28.93,19.0,7.85,0.8280000000000001,0.186,29.53,13.79,18.6,32.39,32.19,21.28,81.0,0.253,21.0,25.93,3.0,3.7,0.673,0.12,22.5,9.34,26.64,35.99,29.55,23.86,172.0,0.211,29.0,16.86,5.0,2.91,0.554,0.0809999999999999,21.07,9.75,21.21,30.96,29.68,13.74
745889,2024-06-20,2024,642350,R,543351,R,home_run,False,False,154.0,0.194,55.0,35.71,11.0,7.14,0.629,0.15699999999999997,38.11,17.03,21.42,38.45,32.01,28.65,271.0,0.23,93.0,34.32,16.0,5.9,0.801,0.29,39.19,20.65,15.06,35.71,37.69,31.08,58.0,0.204,14.0,24.14,4.0,6.9,0.537,0.07400000000000004,30.1,13.42,18.18,31.6,21.62,19.44,74.0,0.2,15.0,20.27,3.0,4.05,0.6,0.1569999999999999,30.88,15.79,17.29,33.08,31.06,19.23
745889,2024-06-20,2024,676609,R,543351,R,field_out,False,False,180.0,0.232,45.0,25.0,11.0,6.11,0.629,0.10300000000000001,28.21,12.88,19.74,32.62,31.88,21.33,156.0,0.186,37.0,23.72,15.0,9.62,0.588,0.1009999999999999,24.9,10.03,24.36,34.39,27.59,18.69,58.0,0.204,14.0,24.14,4.0,6.9,0.537,0.07400000000000004,30.1,13.42,18.18,31.6,21.62,19.44,74.0,0.2,15.0,20.27,3.0,4.05,0.6,0.1569999999999999,30.88,15.79,17.29,33.08,31.06,19.23
745889,2024-06-20,2024,656577,R,543351,R,walk,False,True,38.0,0.059,16.0,42.11,2.0,5.26,0.287,0.11699999999999999,40.51,20.92,18.95,39.87,41.33,27.59,,,,,,,,,,,,,,,58.0,0.204,14.0,24.14,4.0,6.9,0.537,0.07400000000000004,30.1,13.42,18.18,31.6,21.62,19.44,74.0,0.2,15.0,20.27,3.0,4.05,0.6,0.1569999999999999,30.88,15.79,17.29,33.08,31.06,19.23
745889,2024-06-20,2024,650490,R,543351,R,home_run,False,False,240.0,0.25,36.0,15.0,22.0,9.17,0.668,0.09300000000000003,12.01,5.28,17.26,22.54,23.23,12.2,462.0,0.322,72.0,15.58,49.0,10.61,0.881,0.1559999999999999,18.95,8.0,18.68,26.68,19.71,15.69,58.0,0.204,14.0,24.14,4.0,6.9,0.537,0.07400000000000004,30.1,13.42,18.18,31.6,21.62,19.44,74.0,0.2,15.0,20.27,3.0,4.05,0.6,0.1569999999999999,30.88,15.79,17.29,33.08,31.06,19.23
745889,2024-06-20,2024,664040,L,573204,L,double,False,False,22.0,0.286,7.0,31.82,1.0,4.55,0.794,0.19,40.0,21.43,8.33,29.76,25.0,31.82,63.0,0.17,16.0,25.4,8.0,12.7,0.512,0.0559999999999999,33.05,15.79,14.98,30.77,27.69,23.19,39.0,0.229,11.0,28.21,4.0,10.26,0.594,0.05699999999999997,26.47,11.61,21.94,33.55,23.08,20.0,48.0,0.128,14.0,29.17,0.0,0.0,0.3409999999999999,0.0849999999999999,21.59,10.73,18.64,29.38,32.89,26.92
745889,2024-06-20,2024,680700,L,573204,L,field_out,False,False,21.0,0.35,7.0,33.33,1.0,4.76,0.781,0.050000000000000044,20.0,9.09,18.18,27.27,25.53,28.0,20.0,0.421,1.0,5.0,0.0,0.0,1.158,0.316,13.33,7.32,14.63,21.95,33.33,3.33,39.0,0.229,11.0,28.21,4.0,10.26,0.594,0.05699999999999997,26.47,11.61,21.94,33.55,23.08,20.0,48.0,0.128,14.0,29.17,0.0,0.0,0.3409999999999999,0.0849999999999999,21.59,10.73,18.64,29.38,32.89,26.92
745889,2024-06-20,2024,670764,R,573204,L,strikeout,True,False,11.0,0.182,5.0,45.45,0.0,0.0,0.455,0.09100000000000003,43.75,15.56,24.44,40.0,18.18,35.71,92.0,0.262,23.0,25.0,11.0,11.96,0.7769999999999999,0.1629999999999999,29.38,13.09,17.27,30.36,20.23,24.21,42.0,0.457,7.0,16.67,5.0,11.9,1.271,0.314,19.74,9.32,17.39,26.71,28.21,15.56,73.0,0.258,22.0,30.14,6.0,8.22,0.94,0.363,25.66,12.79,14.1,26.89,26.11,21.57
745889,2024-06-20,2024,467793,L,606965,R,home_run,False,False,193.0,0.22,29.0,15.03,22.0,11.4,0.69,0.149,22.71,9.65,17.42,27.07,24.16,13.24,460.0,0.231,83.0,18.04,45.0,9.78,0.727,0.1899999999999999,23.76,11.0,14.32,25.31,24.63,16.21,52.0,0.2,11.0,21.15,2.0,3.85,0.5710000000000001,0.14,28.83,14.35,17.04,31.39,31.82,13.92,72.0,0.206,14.0,19.44,5.0,6.94,0.601,0.127,24.64,11.76,14.53,26.3,32.69,16.67
745889,2024-06-20,2024,621439,R,606965,R,double,False,False,143.0,0.235,41.0,28.67,6.0,4.2,0.643,0.121,34.67,18.91,12.0,30.91,36.86,22.4,257.0,0.217,80.0,31.13,26.0,10.12,0.767,0.243,29.69,15.03,12.96,27.99,29.53,25.0,54.0,0.304,12.0,22.22,8.0,14.81,1.103,0.39199999999999996,29.79,12.23,19.21,31.44,24.62,15.79,101.0,0.245,28.0,27.72,6.0,5.94,0.702,0.1699999999999999,32.8,15.66,15.91,31.57,27.49,22.76
745889,2024-06-20,2024,571657,R,606965,R,walk,False,True,64.0,0.161,12.0,18.75,5.0,7.81,0.516,0.089,20.56,10.0,16.82,26.82,34.29,22.22,241.0,0.239,59.0,24.48,13.0,5.39,0.6950000000000001,0.157,22.45,10.88,18.24,29.12,32.6,21.61,54.0,0.304,12.0,22.22,8.0,14.81,1.103,0.39199999999999996,29.79,12.23,19.21,31.44,24.62,15.79,101.0,0.245,28.0,27.72,6.0,5.94,0.702,0.1699999999999999,32.8,15.66,15.91,31.57,27.49,22.76
745889,2024-06-20,2024,668885,R,664126,R,force_out,False,False,70.0,0.266,14.0,20.0,6.0,8.57,0.7350000000000001,0.14,22.5,10.19,16.98,27.17,15.75,17.95,,,,,,,,,,,,,,,56.0,0.213,15.0,26.79,8.0,14.29,0.5820000000000001,0.04200000000000001,24.44,10.78,17.16,27.94,21.78,28.85,99.0,0.12,33.0,33.33,11.0,11.11,0.4519999999999999,0.0849999999999999,29.08,14.69,18.3,32.99,29.89,26.83
745889,2024-06-20,2024,650489,L,664126,R,strikeout,True,False,219.0,0.239,50.0,22.83,21.0,9.59,0.736,0.15500000000000003,27.12,12.88,15.34,28.22,28.45,18.12,280.0,0.266,73.0,26.07,23.0,8.21,0.8029999999999999,0.189,28.16,14.39,15.31,29.7,34.97,21.1,44.0,0.256,11.0,25.0,4.0,9.09,0.6,0.025999999999999968,21.54,8.24,24.71,32.94,19.48,26.83,86.0,0.211,35.0,40.7,9.0,10.47,0.565,0.052,32.88,13.79,25.29,39.08,26.17,31.25
745889,2024-06-20,2024,669304,R,664126,R,home_run,False,False,135.0,0.29,21.0,15.56,7.0,5.19,0.8440000000000001,0.21800000000000003,21.12,10.19,17.67,27.86,33.33,18.75,120.0,0.207,18.0,15.0,8.0,6.67,0.5640000000000001,0.09,23.72,11.83,13.69,25.52,32.37,15.04,56.0,0.213,15.0,26.79,8.0,14.29,0.5820000000000001,0.04200000000000001,24.44,10.78,17.16,27.94,21.78,28.85,99.0,0.12,33.0,33.33,11.0,11.11,0.4519999999999999,0.0849999999999999,29.08,14.69,18.3,32.99,29.89,26.83
745889,2024-06-20,2024,668904,R,664126,R,field_out,False,False,39.0,0.333,7.0,17.95,3.0,7.69,1.246,0.528,31.58,15.29,12.1,27.39,28.41,14.89,183.0,0.307,43.0,23.5,15.0,8.2,0.962,0.283,27.16,12.8,18.57,31.36,28.0,20.98,56.0,0.213,15.0,26.79,8.0,14.29,0.5820000000000001,0.04200000000000001,24.44,10.78,17.16,27.94,21.78,28.85,99.0,0.12,33.0,33.33,11.0,11.11,0.4519999999999999,0.0849999999999999,29.08,14.69,18.3,32.99,29.89,26.83
745889,2024-06-20,2024,668227,R,643377,R,strikeout,True,False,216.0,0.186,60.0,27.78,20.0,9.26,0.619,0.14900000000000002,34.77,14.59,19.6,34.19,25.05,19.05,517.0,0.254,119.0,23.02,62.0,11.99,0.7769999999999999,0.1589999999999999,29.93,12.82,18.77,31.59,26.93,19.44,69.0,0.169,27.0,39.13,3.0,4.35,0.465,0.093,38.41,20.07,15.22,35.29,34.9,24.77,157.0,0.228,33.0,21.02,8.0,5.1,0.599,0.089,24.56,11.73,18.37,30.1,27.92,20.25
745889,2024-06-20,2024,676356,R,643377,R,single,False,False,83.0,0.151,20.0,24.1,7.0,8.43,0.477,0.08200000000000002,26.97,13.85,15.54,29.39,37.65,21.05,10.0,0.2,0.0,0.0,0.0,0.0,0.7,0.3,19.05,11.43,11.43,22.86,44.44,0.0,69.0,0.169,27.0,39.13,3.0,4.35,0.465,0.093,38.41,20.07,15.22,35.29,34.9,24.77,157.0,0.228,33.0,21.02,8.0,5.1,0.599,0.089,24.56,11.73,18.37,30.1,27.92,20.25
745889,2024-06-20,2024,642350,R,643377,R,single,False,False,154.0,0.194,55.0,35.71,11.0,7.14,0.629,0.15699999999999997,38.11,17.03,21.42,38.45,32.01,28.65,271.0,0.23,93.0,34.32,16.0,5.9,0.801,0.29,39.19,20.65,15.06,35.71,37.69,31.08,69.0,0.169,27.0,39.13,3.0,4.35,0.465,0.093,38.41,20.07,15.22,35.29,34.9,24.77,157.0,0.228,33.0,21.02,8.0,5.1,0.599,0.089,24.56,11.73,18.37,30.1,27.92,20.25
745889,2024-06-20,2024,676609,R,643377,R,grounded_into_double_play,False,False,180.0,0.232,45.0,25.0,11.0,6.11,0.629,0.10300000000000001,28.21,12.88,19.74,32.62,31.88,21.33,156.0,0.186,37.0,23.72,15.0,9.62,0.588,0.1009999999999999,24.9,10.03,24.36,34.39,27.59,18.69,69.0,0.169,27.0,39.13,3.0,4.35,0.465,0.093,38.41,20.07,15.22,35.29,34.9,24.77,157.0,0.228,33.0,21.02,8.0,5.1,0.599,0.089,24.56,11.73,18.37,30.1,27.92,20.25
745889,2024-06-20,2024,621043,R,664126,R,double_play,False,False,177.0,0.314,33.0,18.64,18.0,10.17,0.853,0.15999999999999998,20.27,8.91,19.79,28.7,27.67,17.84,444.0,0.224,112.0,25.23,42.0,9.46,0.69,0.164,26.37,11.3,19.9,31.19,27.0,21.72,56.0,0.213,15.0,26.79,8.0,14.29,0.5820000000000001,0.04200000000000001,24.44,10.78,17.16,27.94,21.78,28.85,99.0,0.12,33.0,33.33,11.0,11.11,0.4519999999999999,0.0849999999999999,29.08,14.69,18.3,32.99,29.89,26.83
745889,2024-06-20,2024,680777,R,664126,R,single,False,False,167.0,0.241,33.0,19.76,13.0,7.78,0.813,0.241,22.0,9.97,18.28,28.25,29.26,16.0,242.0,0.281,70.0,28.93,19.0,7.85,0.8280000000000001,0.186,29.53,13.79,18.6,32.39,32.19,21.28,56.0,0.213,15.0,26.79,8.0,14.29,0.5820000000000001,0.04200000000000001,24.44,10.78,17.16,27.94,21.78,28.85,99.0,0.12,33.0,33.33,11.0,11.11,0.4519999999999999,0.0849999999999999,29.08,14.69,18.3,32.99,29.89,26.83
745889,2024-06-20,2024,467793,L,664126,R,field_out,False,False,193.0,0.22,29.0,15.03,22.0,11.4,0.69,0.149,22.71,9.65,17.42,27.07,24.16,13.24,460.0,0.231,83.0,18.04,45.0,9.78,0.727,0.1899999999999999,23.76,11.0,14.32,25.31,24.63,16.21,44.0,0.256,11.0,25.0,4.0,9.09,0.6,0.025999999999999968,21.54,8.24,24.71,32.94,19.48,26.83,86.0,0.211,35.0,40.7,9.0,10.47,0.565,0.052,32.88,13.79,25.29,39.08,26.17,31.25
745002,2024-06-20,2024,596019,R,571760,L,single,False,False,80.0,0.278,5.0,6.25,5.0,6.25,0.85,0.22199999999999998,14.71,6.8,16.67,23.47,22.45,7.69,204.0,0.281,35.0,17.16,15.0,7.35,0.916,0.2919999999999999,20.49,9.45,15.99,25.44,24.88,16.36,259.0,0.25,61.0,23.55,14.0,5.41,0.722,0.175,29.1,15.31,14.13,29.44,33.84,18.94,514.0,0.246,125.0,24.32,38.0,7.39,0.762,0.202,27.12,13.67,13.77,27.44,32.52,19.0
745002,2024-06-20,2024,607043,L,571760,L,field_out,False,False,82.0,0.24,19.0,23.17,2.0,2.44,0.718,0.173,29.93,13.4,19.61,33.01,32.08,22.62,236.0,0.286,48.0,20.34,14.0,5.93,0.749,0.118,24.0,10.48,21.38,31.86,21.45,15.14,56.0,0.286,10.0,17.86,6.0,10.71,0.752,0.10200000000000004,14.13,6.13,17.45,23.58,21.36,15.87,128.0,0.276,26.0,20.31,22.0,17.19,0.806,0.124,23.36,9.23,18.82,28.04,22.3,14.88
745002,2024-06-20,2024,502110,R,571760,L,strikeout,True,False,59.0,0.333,11.0,18.64,9.0,15.25,1.02,0.22900000000000004,23.58,11.15,11.92,23.08,29.14,12.79,137.0,0.274,43.0,31.39,13.0,9.49,0.924,0.3069999999999999,30.91,15.57,13.74,29.3,29.27,23.5,259.0,0.25,61.0,23.55,14.0,5.41,0.722,0.175,29.1,15.31,14.13,29.44,33.84,18.94,514.0,0.246,125.0,24.32,38.0,7.39,0.762,0.202,27.12,13.67,13.77,27.44,32.52,19.0
745002,2024-06-20,2024,624413,R,571760,L,field_out,False,False,83.0,0.205,18.0,21.69,7.0,8.43,0.794,0.28800000000000003,21.29,9.76,15.68,25.44,27.75,17.65,183.0,0.224,42.0,22.95,21.0,11.48,0.859,0.302,25.52,11.15,17.51,28.66,27.34,16.87,259.0,0.25,61.0,23.55,14.0,5.41,0.722,0.175,29.1,15.31,14.13,29.44,33.84,18.94,514.0,0.246,125.0,24.32,38.0,7.39,0.762,0.202,27.12,13.67,13.77,27.44,32.52,19.0
745002,2024-06-20,2024,543760,R,640455,L,field_out,False,False,99.0,0.322,14.0,14.14,9.0,9.09,0.928,0.22200000000000003,18.39,8.58,14.21,22.79,23.47,15.73,210.0,0.283,33.0,15.71,20.0,9.52,0.8009999999999999,0.156,18.13,8.56,14.97,23.53,20.61,16.58,244.0,0.218,58.0,23.77,23.0,9.43,0.623,0.10600000000000001,25.84,12.86,13.44,26.3,27.2,18.89,328.0,0.253,79.0,24.09,28.0,8.54,0.773,0.193,24.72,12.91,14.09,27.0,27.61,17.17
745002,2024-06-20,2024,608369,L,640455,L,strikeout,True,False,92.0,0.242,28.0,30.43,1.0,1.09,0.613,0.121,26.55,14.92,11.43,26.35,28.78,35.9,166.0,0.314,33.0,19.88,7.0,4.22,0.881,0.218,27.65,15.41,9.68,25.09,30.66,22.92,59.0,0.302,15.0,25.42,6.0,10.17,0.901,0.22600000000000003,25.4,11.81,15.87,27.68,26.83,15.62,172.0,0.2,49.0,28.49,14.0,8.14,0.5700000000000001,0.0969999999999999,22.78,10.21,19.15,29.36,25.81,20.08
745002,2024-06-20,2024,543257,R,640455,L,walk,False,True,61.0,0.306,9.0,14.75,11.0,18.03,0.855,0.123,18.68,6.54,23.46,30.0,19.57,12.16,137.0,0.309,32.0,23.36,23.0,16.79,0.952,0.227,18.93,6.53,22.61,29.15,11.97,17.49,244.0,0.218,58.0,23.77,23.0,9.43,0.623,0.10600000000000001,25.84,12.86,13.44,26.3,27.2,18.89,328.0,0.253,79.0,24.09,28.0,8.54,0.773,0.193,24.72,12.91,14.09,27.0,27.61,17.17
745002,2024-06-20,2024,666969,R,640455,L,walk,False,True,93.0,0.235,27.0,29.03,8.0,8.6,0.733,0.197,27.69,15.98,9.47,25.44,33.74,27.27,152.0,0.244,37.0,24.34,24.0,15.79,0.866,0.26,31.62,13.61,14.56,28.16,22.03,21.26,244.0,0.218,58.0,23.77,23.0,9.43,0.623,0.10600000000000001,25.84,12.86,13.44,26.3,27.2,18.89,328.0,0.253,79.0,24.09,28.0,8.54,0.773,0.193,24.72,12.91,14.09,27.0,27.61,17.17
745002,2024-06-20,2024,669701,L,640455,L,walk,False,True,66.0,0.316,17.0,25.76,5.0,7.58,0.839,0.123,26.09,12.5,16.67,29.17,26.36,22.97,33.0,0.12,9.0,27.27,6.0,18.18,0.6930000000000001,0.24,26.09,9.3,20.93,30.23,19.44,31.03,59.0,0.302,15.0,25.42,6.0,10.17,0.901,0.22600000000000003,25.4,11.81,15.87,27.68,26.83,15.62,172.0,0.2,49.0,28.49,14.0,8.14,0.5700000000000001,0.0969999999999999,22.78,10.21,19.15,29.36,25.81,20.08
745002,2024-06-20,2024,694671,R,640455,L,hit_by_pitch,False,False,50.0,0.209,14.0,28.0,5.0,10.0,0.6719999999999999,0.163,28.41,11.31,20.36,31.67,23.08,19.18,,,,,,,,,,,,,,,244.0,0.218,58.0,23.77,23.0,9.43,0.623,0.10600000000000001,25.84,12.86,13.44,26.3,27.2,18.89,328.0,0.253,79.0,24.09,28.0,8.54,0.773,0.193,24.72,12.91,14.09,27.0,27.61,17.17
745002,2024-06-20,2024,663993,L,640455,L,force_out,False,False,69.0,0.254,18.0,26.09,9.0,13.04,0.6359999999999999,0.033999999999999975,19.7,8.18,21.38,29.56,23.84,14.88,219.0,0.223,52.0,23.74,24.0,10.96,0.643,0.109,22.66,9.89,18.18,28.07,24.2,19.48,59.0,0.302,15.0,25.42,6.0,10.17,0.901,0.22600000000000003,25.4,11.81,15.87,27.68,26.83,15.62,172.0,0.2,49.0,28.49,14.0,8.14,0.5700000000000001,0.0969999999999999,22.78,10.21,19.15,29.36,25.81,20.08
745002,2024-06-20,2024,516782,R,571760,L,strikeout,True,False,74.0,0.328,17.0,22.97,6.0,8.11,0.914,0.194,29.87,15.18,13.53,28.71,29.14,15.6,96.0,0.273,18.0,18.75,5.0,5.21,0.66,0.068,25.99,13.29,13.87,27.17,35.98,20.22,259.0,0.25,61.0,23.55,14.0,5.41,0.722,0.175,29.1,15.31,14.13,29.44,33.84,18.94,514.0,0.246,125.0,24.32,38.0,7.39,0.762,0.202,27.12,13.67,13.77,27.44,32.52,19.0
745002,2024-06-20,2024,668901,R,571760,L,field_out,False,False,50.0,0.356,9.0,18.0,5.0,10.0,1.087,0.31100000000000005,27.37,14.94,10.92,25.86,31.58,21.43,88.0,0.214,30.0,34.09,2.0,2.27,0.584,0.1309999999999999,40.66,21.26,14.94,36.21,36.02,26.79,259.0,0.25,61.0,23.55,14.0,5.41,0.722,0.175,29.1,15.31,14.13,29.44,33.84,18.94,514.0,0.246,125.0,24.32,38.0,7.39,0.762,0.202,27.12,13.67,13.77,27.44,32.52,19.0
745002,2024-06-20,2024,682626,R,571760,L,strikeout,True,False,27.0,0.25,5.0,18.52,3.0,11.11,0.708,0.125,18.6,7.69,18.27,25.96,22.64,17.24,148.0,0.171,37.0,25.0,17.0,11.49,0.611,0.17,31.2,13.76,14.26,28.03,23.72,22.7,259.0,0.25,61.0,23.55,14.0,5.41,0.722,0.175,29.1,15.31,14.13,29.44,33.84,18.94,514.0,0.246,125.0,24.32,38.0,7.39,0.762,0.202,27.12,13.67,13.77,27.44,32.52,19.0
745002,2024-06-20,2024,641680,R,640455,L,field_out,False,False,72.0,0.227,9.0,12.5,5.0,6.94,0.611,0.10600000000000001,16.2,9.47,11.11,20.58,30.36,13.24,90.0,0.329,13.0,14.44,7.0,7.78,0.866,0.1589999999999999,20.1,11.3,11.3,22.6,34.86,13.0,244.0,0.218,58.0,23.77,23.0,9.43,0.623,0.10600000000000001,25.84,12.86,13.44,26.3,27.2,18.89,328.0,0.253,79.0,24.09,28.0,8.54,0.773,0.193,24.72,12.91,14.09,27.0,27.61,17.17
745002,2024-06-20,2024,677649,R,640455,L,strikeout,True,False,69.0,0.254,15.0,21.74,5.0,7.25,0.59,0.03199999999999997,22.96,12.35,14.74,27.09,37.9,22.06,132.0,0.273,34.0,25.76,10.0,7.58,0.837,0.2309999999999999,27.68,14.45,13.29,27.75,34.33,21.12,244.0,0.218,58.0,23.77,23.0,9.43,0.623,0.10600000000000001,25.84,12.86,13.44,26.3,27.2,18.89,328.0,0.253,79.0,24.09,28.0,8.54,0.773,0.193,24.72,12.91,14.09,27.0,27.61,17.17
745002,2024-06-20,2024,543760,R,640455,L,field_out,False,False,99.0,0.322,14.0,14.14,9.0,9.09,0.928,0.22200000000000003,18.39,8.58,14.21,22.79,23.47,15.73,210.0,0.283,33.0,15.71,20.0,9.52,0.8009999999999999,0.156,18.13,8.56,14.97,23.53,20.61,16.58,244.0,0.218,58.0,23.77,23.0,9.43,0.623,0.10600000000000001,25.84,12.86,13.44,26.3,27.2,18.89,328.0,0.253,79.0,24.09,28.0,8.54,0.773,0.193,24.72,12.91,14.09,27.0,27.61,17.17
745002,2024-06-20,2024,578428,R,571760,L,field_out,False,False,20.0,0.444,4.0,20.0,1.0,5.0,1.056,0.11200000000000004,28.57,15.15,15.15,30.3,43.33,23.53,,,,,,,,,,,,,,,259.0,0.25,61.0,23.55,14.0,5.41,0.722,0.175,29.1,15.31,14.13,29.44,33.84,18.94,514.0,0.246,125.0,24.32,38.0,7.39,0.762,0.202,27.12,13.67,13.77,27.44,32.52,19.0
745002,2024-06-20,2024,664056,R,571760,L,field_out,False,False,77.0,0.217,13.0,16.88,6.0,7.79,0.635,0.145,23.02,11.0,17.87,28.87,36.84,17.11,97.0,0.299,14.0,14.43,8.0,8.25,0.936,0.2759999999999999,23.49,10.71,18.68,29.4,31.94,16.67,259.0,0.25,61.0,23.55,14.0,5.41,0.722,0.175,29.1,15.31,14.13,29.44,33.84,18.94,514.0,0.246,125.0,24.32,38.0,7.39,0.762,0.202,27.12,13.67,13.77,27.44,32.52,19.0
745002,2024-06-20,2024,596019,R,571760,L,field_out,False,False,80.0,0.278,5.0,6.25,5.0,6.25,0.85,0.22199999999999998,14.71,6.8,16.67,23.47,22.45,7.69,204.0,0.281,35.0,17.16,15.0,7.35,0.916,0.2919999999999999,20.49,9.45,15.99,25.44,24.88,16.36,259.0,0.25,61.0,23.55,14.0,5.41,0.722,0.175,29.1,15.31,14.13,29.44,33.84,18.94,514.0,0.246,125.0,24.32,38.0,7.39,0.762,0.202,27.12,13.67,13.77,27.44,32.52,19.0
745002,2024-06-20,2024,608369,L,640455,L,field_out,False,False,92.0,0.242,28.0,30.43,1.0,1.09,0.613,0.121,26.55,14.92,11.43,26.35,28.78,35.9,166.0,0.314,33.0,19.88,7.0,4.22,0.881,0.218,27.65,15.41,9.68,25.09,30.66,22.92,59.0,0.302,15.0,25.42,6.0,10.17,0.901,0.22600000000000003,25.4,11.81,15.87,27.68,26.83,15.62,172.0,0.2,49.0,28.49,14.0,8.14,0.5700000000000001,0.0969999999999999,22.78,10.21,19.15,29.36,25.81,20.08
745002,2024-06-20,2024,543257,R,640455,L,field_out,False,False,61.0,0.306,9.0,14.75,11.0,18.03,0.855,0.123,18.68,6.54,23.46,30.0,19.57,12.16,137.0,0.309,32.0,23.36,23.0,16.79,0.952,0.227,18.93,6.53,22.61,29.15,11.97,17.49,244.0,0.218,58.0,23.77,23.0,9.43,0.623,0.10600000000000001,25.84,12.86,13.44,26.3,27.2,18.89,328.0,0.253,79.0,24.09,28.0,8.54,0.773,0.193,24.72,12.91,14.09,27.0,27.61,17.17
745002,2024-06-20,2024,666969,R,640455,L,strikeout,True,False,93.0,0.235,27.0,29.03,8.0,8.6,0.733,0.197,27.69,15.98,9.47,25.44,33.74,27.27,152.0,0.244,37.0,24.34,24.0,15.79,0.866,0.26,31.62,13.61,14.56,28.16,22.03,21.26,244.0,0.218,58.0,23.77,23.0,9.43,0.623,0.10600000000000001,25.84,12.86,13.44,26.3,27.2,18.89,328.0,0.253,79.0,24.09,28.0,8.54,0.773,0.193,24.72,12.91,14.09,27.0,27.61,17.17
745002,2024-06-20,2024,607043,L,571760,L,double,False,False,82.0,0.24,19.0,23.17,2.0,2.44,0.718,0.173,29.93,13.4,19.61,33.01,32.08,22.62,236.0,0.286,48.0,20.34,14.0,5.93,0.749,0.118,24.0,10.48,21.38,31.86,21.45,15.14,56.0,0.286,10.0,17.86,6.0,10.71,0.752,0.10200000000000004,14.13,6.13,17.45,23.58,21.36,15.87,128.0,0.276,26.0,20.31,22.0,17.19,0.806,0.124,23.36,9.23,18.82,28.04,22.3,14.88
745002,2024-06-20,2024,502110,R,571760,L,walk,False,True,59.0,0.333,11.0,18.64,9.0,15.25,1.02,0.22900000000000004,23.58,11.15,11.92,23.08,29.14,12.79,137.0,0.274,43.0,31.39,13.0,9.49,0.924,0.3069999999999999,30.91,15.57,13.74,29.3,29.27,23.5,259.0,0.25,61.0,23.55,14.0,5.41,0.722,0.175,29.1,15.31,14.13,29.44,33.84,18.94,514.0,0.246,125.0,24.32,38.0,7.39,0.762,0.202,27.12,13.67,13.77,27.44,32.52,19.0
745002,2024-06-20,2024,624413,R,571760,L,strikeout,True,False,83.0,0.205,18.0,21.69,7.0,8.43,0.794,0.28800000000000003,21.29,9.76,15.68,25.44,27.75,17.65,183.0,0.224,42.0,22.95,21.0,11.48,0.859,0.302,25.52,11.15,17.51,28.66,27.34,16.87,259.0,0.25,61.0,23.55,14.0,5.41,0.722,0.175,29.1,15.31,14.13,29.44,33.84,18.94,514.0,0.246,125.0,24.32,38.0,7.39,0.762,0.202,27.12,13.67,13.77,27.44,32.52,19.0
745002,2024-06-20,2024,516782,R,571760,L,double,False,False,74.0,0.328,17.0,22.97,6.0,8.11,0.914,0.194,29.87,15.18,13.53,28.71,29.14,15.6,96.0,0.273,18.0,18.75,5.0,5.21,0.66,0.068,25.99,13.29,13.87,27.17,35.98,20.22,259.0,0.25,61.0,23.55,14.0,5.41,0.722,0.175,29.1,15.31,14.13,29.44,33.84,18.94,514.0,0.246,125.0,24.32,38.0,7.39,0.762,0.202,27.12,13.67,13.77,27.44,32.52,19.0
745002,2024-06-20,2024,668901,R,571760,L,strikeout,True,False,50.0,0.356,9.0,18.0,5.0,10.0,1.087,0.31100000000000005,27.37,14.94,10.92,25.86,31.58,21.43,88.0,0.214,30.0,34.09,2.0,2.27,0.584,0.1309999999999999,40.66,21.26,14.94,36.21,36.02,26.79,259.0,0.25,61.0,23.55,14.0,5.41,0.722,0.175,29.1,15.31,14.13,29.44,33.84,18.94,514.0,0.246,125.0,24.32,38.0,7.39,0.762,0.202,27.12,13.67,13.77,27.44,32.52,19.0
745002,2024-06-20,2024,682626,R,571760,L,strikeout,True,False,27.0,0.25,5.0,18.52,3.0,11.11,0.708,0.125,18.6,7.69,18.27,25.96,22.64,17.24,148.0,0.171,37.0,25.0,17.0,11.49,0.611,0.17,31.2,13.76,14.26,28.03,23.72,22.7,259.0,0.25,61.0,23.55,14.0,5.41,0.722,0.175,29.1,15.31,14.13,29.44,33.84,18.94,514.0,0.246,125.0,24.32,38.0,7.39,0.762,0.202,27.12,13.67,13.77,27.44,32.52,19.0
745002,2024-06-20,2024,669701,L,640455,L,field_out,False,False,66.0,0.316,17.0,25.76,5.0,7.58,0.839,0.123,26.09,12.5,16.67,29.17,26.36,22.97,33.0,0.12,9.0,27.27,6.0,18.18,0.6930000000000001,0.24,26.09,9.3,20.93,30.23,19.44,31.03,59.0,0.302,15.0,25.42,6.0,10.17,0.901,0.22600000000000003,25.4,11.81,15.87,27.68,26.83,15.62,172.0,0.2,49.0,28.49,14.0,8.14,0.5700000000000001,0.0969999999999999,22.78,10.21,19.15,29.36,25.81,20.08
745002,2024-06-20,2024,694671,R,640455,L,field_out,False,False,50.0,0.209,14.0,28.0,5.0,10.0,0.6719999999999999,0.163,28.41,11.31,20.36,31.67,23.08,19.18,,,,,,,,,,,,,,,244.0,0.218,58.0,23.77,23.0,9.43,0.623,0.10600000000000001,25.84,12.86,13.44,26.3,27.2,18.89,328.0,0.253,79.0,24.09,28.0,8.54,0.773,0.193,24.72,12.91,14.09,27.0,27.61,17.17
745002,2024-06-20,2024,663993,L,640455,L,strikeout,True,False,69.0,0.254,18.0,26.09,9.0,13.04,0.6359999999999999,0.033999999999999975,19.7,8.18,21.38,29.56,23.84,14.88,219.0,0.223,52.0,23.74,24.0,10.96,0.643,0.109,22.66,9.89,18.18,28.07,24.2,19.48,59.0,0.302,15.0,25.42,6.0,10.17,0.901,0.22600000000000003,25.4,11.81,15.87,27.68,26.83,15.62,172.0,0.2,49.0,28.49,14.0,8.14,0.5700000000000001,0.0969999999999999,22.78,10.21,19.15,29.36,25.81,20.08
745002,2024-06-20,2024,578428,R,571760,L,strikeout,True,False,20.0,0.444,4.0,20.0,1.0,5.0,1.056,0.11200000000000004,28.57,15.15,15.15,30.3,43.33,23.53,,,,,,,,,,,,,,,259.0,0.25,61.0,23.55,14.0,5.41,0.722,0.175,29.1,15.31,14.13,29.44,33.84,18.94,514.0,0.246,125.0,24.32,38.0,7.39,0.762,0.202,27.12,13.67,13.77,27.44,32.52,19.0
745002,2024-06-20,2024,664056,R,571760,L,strikeout,True,False,77.0,0.217,13.0,16.88,6.0,7.79,0.635,0.145,23.02,11.0,17.87,28.87,36.84,17.11,97.0,0.299,14.0,14.43,8.0,8.25,0.936,0.2759999999999999,23.49,10.71,18.68,29.4,31.94,16.67,259.0,0.25,61.0,23.55,14.0,5.41,0.722,0.175,29.1,15.31,14.13,29.44,33.84,18.94,514.0,0.246,125.0,24.32,38.0,7.39,0.762,0.202,27.12,13.67,13.77,27.44,32.52,19.0
745002,2024-06-20,2024,596019,R,571760,L,field_out,False,False,80.0,0.278,5.0,6.25,5.0,6.25,0.85,0.22199999999999998,14.71,6.8,16.67,23.47,22.45,7.69,204.0,0.281,35.0,17.16,15.0,7.35,0.916,0.2919999999999999,20.49,9.45,15.99,25.44,24.88,16.36,259.0,0.25,61.0,23.55,14.0,5.41,0.722,0.175,29.1,15.31,14.13,29.44,33.84,18.94,514.0,0.246,125.0,24.32,38.0,7.39,0.762,0.202,27.12,13.67,13.77,27.44,32.52,19.0
745002,2024-06-20,2024,641680,R,640455,L,field_out,False,False,72.0,0.227,9.0,12.5,5.0,6.94,0.611,0.10600000000000001,16.2,9.47,11.11,20.58,30.36,13.24,90.0,0.329,13.0,14.44,7.0,7.78,0.866,0.1589999999999999,20.1,11.3,11.3,22.6,34.86,13.0,244.0,0.218,58.0,23.77,23.0,9.43,0.623,0.10600000000000001,25.84,12.86,13.44,26.3,27.2,18.89,328.0,0.253,79.0,24.09,28.0,8.54,0.773,0.193,24.72,12.91,14.09,27.0,27.61,17.17
745002,2024-06-20,2024,677649,R,640455,L,field_out,False,False,69.0,0.254,15.0,21.74,5.0,7.25,0.59,0.03199999999999997,22.96,12.35,14.74,27.09,37.9,22.06,132.0,0.273,34.0,25.76,10.0,7.58,0.837,0.2309999999999999,27.68,14.45,13.29,27.75,34.33,21.12,244.0,0.218,58.0,23.77,23.0,9.43,0.623,0.10600000000000001,25.84,12.86,13.44,26.3,27.2,18.89,328.0,0.253,79.0,24.09,28.0,8.54,0.773,0.193,24.72,12.91,14.09,27.0,27.61,17.17
745002,2024-06-20,2024,543760,R,640455,L,strikeout,True,False,99.0,0.322,14.0,14.14,9.0,9.09,0.928,0.22200000000000003,18.39,8.58,14.21,22.79,23.47,15.73,210.0,0.283,33.0,15.71,20.0,9.52,0.8009999999999999,0.156,18.13,8.56,14.97,23.53,20.61,16.58,244.0,0.218,58.0,23.77,23.0,9.43,0.623,0.10600000000000001,25.84,12.86,13.44,26.3,27.2,18.89,328.0,0.253,79.0,24.09,28.0,8.54,0.773,0.193,24.72,12.91,14.09,27.0,27.61,17.17
745002,2024-06-20,2024,607043,L,571760,L,field_out,False,False,82.0,0.24,19.0,23.17,2.0,2.44,0.718,0.173,29.93,13.4,19.61,33.01,32.08,22.62,236.0,0.286,48.0,20.34,14.0,5.93,0.749,0.118,24.0,10.48,21.38,31.86,21.45,15.14,56.0,0.286,10.0,17.86,6.0,10.71,0.752,0.10200000000000004,14.13,6.13,17.45,23.58,21.36,15.87,128.0,0.276,26.0,20.31,22.0,17.19,0.806,0.124,23.36,9.23,18.82,28.04,22.3,14.88
745002,2024-06-20,2024,502110,R,571760,L,walk,False,True,59.0,0.333,11.0,18.64,9.0,15.25,1.02,0.22900000000000004,23.58,11.15,11.92,23.08,29.14,12.79,137.0,0.274,43.0,31.39,13.0,9.49,0.924,0.3069999999999999,30.91,15.57,13.74,29.3,29.27,23.5,259.0,0.25,61.0,23.55,14.0,5.41,0.722,0.175,29.1,15.31,14.13,29.44,33.84,18.94,514.0,0.246,125.0,24.32,38.0,7.39,0.762,0.202,27.12,13.67,13.77,27.44,32.52,19.0
745002,2024-06-20,2024,624413,R,571760,L,home_run,False,False,83.0,0.205,18.0,21.69,7.0,8.43,0.794,0.28800000000000003,21.29,9.76,15.68,25.44,27.75,17.65,183.0,0.224,42.0,22.95,21.0,11.48,0.859,0.302,25.52,11.15,17.51,28.66,27.34,16.87,259.0,0.25,61.0,23.55,14.0,5.41,0.722,0.175,29.1,15.31,14.13,29.44,33.84,18.94,514.0,0.246,125.0,24.32,38.0,7.39,0.762,0.202,27.12,13.67,13.77,27.44,32.52,19.0
745002,2024-06-20,2024,516782,R,571760,L,strikeout,True,False,74.0,0.328,17.0,22.97,6.0,8.11,0.914,0.194,29.87,15.18,13.53,28.71,29.14,15.6,96.0,0.273,18.0,18.75,5.0,5.21,0.66,0.068,25.99,13.29,13.87,27.17,35.98,20.22,259.0,0.25,61.0,23.55,14.0,5.41,0.722,0.175,29.1,15.31,14.13,29.44,33.84,18.94,514.0,0.246,125.0,24.32,38.0,7.39,0.762,0.202,27.12,13.67,13.77,27.44,32.52,19.0
745002,2024-06-20,2024,668901,R,571760,L,field_out,False,False,50.0,0.356,9.0,18.0,5.0,10.0,1.087,0.31100000000000005,27.37,14.94,10.92,25.86,31.58,21.43,88.0,0.214,30.0,34.09,2.0,2.27,0.584,0.1309999999999999,40.66,21.26,14.94,36.21,36.02,26.79,259.0,0.25,61.0,23.55,14.0,5.41,0.722,0.175,29.1,15.31,14.13,29.44,33.84,18.94,514.0,0.246,125.0,24.32,38.0,7.39,0.762,0.202,27.12,13.67,13.77,27.44,32.52,19.0
745002,2024-06-20,2024,608369,L,640455,L,strikeout,True,False,92.0,0.242,28.0,30.43,1.0,1.09,0.613,0.121,26.55,14.92,11.43,26.35,28.78,35.9,166.0,0.314,33.0,19.88,7.0,4.22,0.881,0.218,27.65,15.41,9.68,25.09,30.66,22.92,59.0,0.302,15.0,25.42,6.0,10.17,0.901,0.22600000000000003,25.4,11.81,15.87,27.68,26.83,15.62,172.0,0.2,49.0,28.49,14.0,8.14,0.5700000000000001,0.0969999999999999,22.78,10.21,19.15,29.36,25.81,20.08
745002,2024-06-20,2024,543257,R,640455,L,single,False,False,61.0,0.306,9.0,14.75,11.0,18.03,0.855,0.123,18.68,6.54,23.46,30.0,19.57,12.16,137.0,0.309,32.0,23.36,23.0,16.79,0.952,0.227,18.93,6.53,22.61,29.15,11.97,17.49,244.0,0.218,58.0,23.77,23.0,9.43,0.623,0.10600000000000001,25.84,12.86,13.44,26.3,27.2,18.89,328.0,0.253,79.0,24.09,28.0,8.54,0.773,0.193,24.72,12.91,14.09,27.0,27.61,17.17
745002,2024-06-20,2024,666969,R,640455,L,field_out,False,False,93.0,0.235,27.0,29.03,8.0,8.6,0.733,0.197,27.69,15.98,9.47,25.44,33.74,27.27,152.0,0.244,37.0,24.34,24.0,15.79,0.866,0.26,31.62,13.61,14.56,28.16,22.03,21.26,244.0,0.218,58.0,23.77,23.0,9.43,0.623,0.10600000000000001,25.84,12.86,13.44,26.3,27.2,18.89,328.0,0.253,79.0,24.09,28.0,8.54,0.773,0.193,24.72,12.91,14.09,27.0,27.61,17.17
745002,2024-06-20,2024,669701,L,640455,L,double,False,False,66.0,0.316,17.0,25.76,5.0,7.58,0.839,0.123,26.09,12.5,16.67,29.17,26.36,22.97,33.0,0.12,9.0,27.27,6.0,18.18,0.6930000000000001,0.24,26.09,9.3,20.93,30.23,19.44,31.03,59.0,0.302,15.0,25.42,6.0,10.17,0.901,0.22600000000000003,25.4,11.81,15.87,27.68,26.83,15.62,172.0,0.2,49.0,28.49,14.0,8.14,0.5700000000000001,0.0969999999999999,22.78,10.21,19.15,29.36,25.81,20.08
745002,2024-06-20,2024,694671,R,656887,R,single,False,False,153.0,0.254,28.0,18.3,10.0,6.54,0.638,0.07700000000000001,20.64,9.27,18.05,27.32,23.2,14.07,,,,,,,,,,,,,,,53.0,0.2,14.0,26.42,8.0,15.09,0.543,0.021999999999999992,27.37,11.71,20.72,32.43,18.26,20.59,16.0,0.083,6.0,37.5,3.0,18.75,0.417,0.084,31.03,12.33,24.66,36.99,20.0,25.0
745002,2024-06-20,2024,663993,L,656887,R,walk,False,True,143.0,0.246,26.0,18.18,18.0,12.59,0.6950000000000001,0.10599999999999998,15.08,6.4,17.85,24.24,26.58,14.36,505.0,0.279,113.0,22.38,69.0,13.66,0.833,0.172,19.81,8.64,15.62,24.26,19.45,16.87,38.0,0.133,11.0,28.95,6.0,15.79,0.43700000000000006,0.034,32.0,14.72,14.72,29.45,25.58,22.45,18.0,0.2,10.0,55.56,3.0,16.67,0.533,0.0,46.67,22.83,15.22,38.04,33.96,25.0
745002,2024-06-20,2024,641680,L,656887,R,strikeout,True,False,173.0,0.232,38.0,21.97,8.0,4.62,0.607,0.10300000000000001,21.86,11.37,13.86,25.23,33.64,22.89,411.0,0.243,82.0,19.95,33.0,8.03,0.733,0.185,23.06,11.69,13.75,25.44,29.36,17.15,38.0,0.133,11.0,28.95,6.0,15.79,0.43700000000000006,0.034,32.0,14.72,14.72,29.45,25.58,22.45,18.0,0.2,10.0,55.56,3.0,16.67,0.533,0.0,46.67,22.83,15.22,38.04,33.96,25.0
745002,2024-06-20,2024,682626,R,570632,R,single,False,False,59.0,0.276,14.0,23.73,1.0,1.69,0.6499999999999999,0.08599999999999997,34.71,19.35,15.21,34.56,36.84,18.92,275.0,0.229,73.0,26.55,17.0,6.18,0.7769999999999999,0.257,32.18,14.61,18.33,32.94,27.78,26.07,134.0,0.24,21.0,15.67,12.0,8.96,0.71,0.15700000000000003,22.41,9.81,16.23,26.04,24.47,14.09,90.0,0.257,14.0,15.56,11.0,12.22,1.001,0.392,23.78,11.17,16.62,27.79,29.95,13.59
745002,2024-06-20,2024,643446,L,570632,R,field_out,False,False,180.0,0.205,20.0,11.11,16.0,8.89,0.583,0.093,13.27,6.85,14.01,20.86,28.04,12.05,447.0,0.26,48.0,10.74,25.0,5.59,0.6930000000000001,0.1149999999999999,14.08,7.59,11.21,18.8,32.05,12.57,104.0,0.208,20.0,19.23,6.0,5.77,0.583,0.12500000000000003,26.67,12.84,14.07,26.91,32.77,19.61,115.0,0.304,15.0,13.04,11.0,9.57,0.927,0.255,20.1,9.48,13.51,22.99,30.2,13.51
745002,2024-06-20,2024,621466,L,570632,R,field_out,False,False,132.0,0.198,29.0,21.97,22.0,16.67,0.725,0.179,29.91,12.24,15.87,28.11,14.01,20.57,136.0,0.273,43.0,31.62,10.0,7.35,0.92,0.3059999999999999,35.89,18.63,10.49,29.11,25.44,24.85,104.0,0.208,20.0,19.23,6.0,5.77,0.583,0.12500000000000003,26.67,12.84,14.07,26.91,32.77,19.61,115.0,0.304,15.0,13.04,11.0,9.57,0.927,0.255,20.1,9.48,13.51,22.99,30.2,13.51
745002,2024-06-20,2024,596019,L,570632,R,strikeout,True,False,249.0,0.225,47.0,18.88,19.0,7.63,0.69,0.171,23.13,11.11,15.77,26.88,25.28,17.74,483.0,0.242,102.0,21.12,51.0,10.56,0.757,0.182,23.68,11.49,14.35,25.84,28.12,17.29,104.0,0.208,20.0,19.23,6.0,5.77,0.583,0.12500000000000003,26.67,12.84,14.07,26.91,32.77,19.61,115.0,0.304,15.0,13.04,11.0,9.57,0.927,0.255,20.1,9.48,13.51,22.99,30.2,13.51
745002,2024-06-20,2024,677649,R,622098,R,field_out,False,False,107.0,0.272,24.0,22.43,3.0,2.8,0.6679999999999999,0.09699999999999998,23.04,13.12,11.55,24.67,38.07,17.56,308.0,0.277,86.0,27.92,13.0,4.22,0.738,0.1409999999999999,28.89,15.73,13.64,29.37,39.12,22.25,44.0,0.216,13.0,29.55,5.0,11.36,0.619,0.10800000000000001,30.1,16.67,12.37,29.03,30.59,21.67,142.0,0.236,33.0,23.24,15.0,10.56,0.777,0.203,25.69,11.73,15.53,27.26,25.36,15.87
745002,2024-06-20,2024,543760,R,622098,R,field_out,False,False,229.0,0.222,33.0,14.41,20.0,8.73,0.655,0.13999999999999999,21.23,10.96,13.63,24.59,26.03,16.1,544.0,0.273,77.0,14.15,52.0,9.56,0.8360000000000001,0.2199999999999999,18.01,8.45,14.48,22.93,21.97,13.9,44.0,0.216,13.0,29.55,5.0,11.36,0.619,0.10800000000000001,30.1,16.67,12.37,29.03,30.59,21.67,142.0,0.236,33.0,23.24,15.0,10.56,0.777,0.203,25.69,11.73,15.53,27.26,25.36,15.87
745002,2024-06-20,2024,608369,L,622098,R,walk,False,True,185.0,0.265,20.0,10.81,32.0,17.3,0.898,0.238,20.06,9.62,8.42,18.05,23.46,12.42,370.0,0.333,55.0,14.86,42.0,11.35,1.075,0.334,23.9,12.77,6.35,19.12,27.26,15.8,28.0,0.333,7.0,25.0,4.0,14.29,1.096,0.334,30.91,15.6,11.01,26.61,25.0,15.91,102.0,0.247,27.0,26.47,14.0,13.73,0.8,0.2,26.51,12.61,13.5,26.11,27.27,18.62
745002,2024-06-20,2024,665750,L,622098,R,home_run,False,False,179.0,0.224,35.0,19.55,14.0,7.82,0.649,0.13999999999999999,23.24,11.74,15.16,26.89,31.76,17.59,405.0,0.275,86.0,21.23,25.0,6.17,0.767,0.174,24.9,12.5,15.05,27.55,29.44,18.34,28.0,0.333,7.0,25.0,4.0,14.29,1.096,0.334,30.91,15.6,11.01,26.61,25.0,15.91,102.0,0.247,27.0,26.47,14.0,13.73,0.8,0.2,26.51,12.61,13.5,26.11,27.27,18.62
745002,2024-06-20,2024,666969,R,622098,R,strikeout,True,False,196.0,0.2,52.0,26.53,12.0,6.12,0.644,0.189,35.25,18.22,11.88,30.09,34.81,25.24,480.0,0.245,138.0,28.75,41.0,8.54,0.8260000000000001,0.264,31.65,15.93,13.92,29.85,32.02,21.97,44.0,0.216,13.0,29.55,5.0,11.36,0.619,0.10800000000000001,30.1,16.67,12.37,29.03,30.59,21.67,142.0,0.236,33.0,23.24,15.0,10.56,0.777,0.203,25.69,11.73,15.53,27.26,25.36,15.87
745002,2024-06-20,2024,607043,L,570632,R,field_out,False,False,224.0,0.24,55.0,24.55,34.0,15.18,0.784,0.16999999999999998,23.7,9.73,17.02,26.75,20.08,17.68,448.0,0.266,98.0,21.88,60.0,13.39,0.874,0.235,20.87,8.67,19.47,28.14,19.23,16.42,104.0,0.208,20.0,19.23,6.0,5.77,0.583,0.12500000000000003,26.67,12.84,14.07,26.91,32.77,19.61,115.0,0.304,15.0,13.04,11.0,9.57,0.927,0.255,20.1,9.48,13.51,22.99,30.2,13.51
745002,2024-06-20,2024,502110,R,570632,R,strikeout,True,False,137.0,0.262,42.0,30.66,9.0,6.57,0.779,0.20600000000000002,29.27,14.92,14.92,29.84,32.01,21.65,343.0,0.27,106.0,30.9,21.0,6.12,0.8799999999999999,0.2979999999999999,35.71,19.2,12.73,31.93,33.23,24.42,134.0,0.24,21.0,15.67,12.0,8.96,0.71,0.15700000000000003,22.41,9.81,16.23,26.04,24.47,14.09,90.0,0.257,14.0,15.56,11.0,12.22,1.001,0.392,23.78,11.17,16.62,27.79,29.95,13.59
745002,2024-06-20,2024,624413,R,570632,R,field_out,False,False,236.0,0.256,47.0,19.92,21.0,8.9,0.7969999999999999,0.21299999999999997,23.02,10.32,19.31,29.63,29.05,17.9,475.0,0.214,109.0,22.95,44.0,9.26,0.8069999999999999,0.281,26.53,11.43,18.24,29.67,27.59,22.11,134.0,0.24,21.0,15.67,12.0,8.96,0.71,0.15700000000000003,22.41,9.81,16.23,26.04,24.47,14.09,90.0,0.257,14.0,15.56,11.0,12.22,1.001,0.392,23.78,11.17,16.62,27.79,29.95,13.59
745002,2024-06-20,2024,669701,L,605288,R,strikeout,True,False,185.0,0.292,29.0,15.68,18.0,9.73,0.8440000000000001,0.16800000000000004,17.37,8.15,18.26,26.4,23.17,13.0,200.0,0.194,46.0,23.0,19.0,9.5,0.623,0.13,20.71,8.96,19.58,28.54,22.65,15.97,121.0,0.25,14.0,11.57,15.0,12.4,0.754,0.15400000000000003,19.09,9.13,12.17,21.3,23.87,10.61,220.0,0.268,46.0,20.91,23.0,10.45,0.7929999999999999,0.18,19.51,8.22,17.92,26.14,20.53,18.62
745002,2024-06-20,2024,694671,R,605288,R,double,False,False,153.0,0.254,28.0,18.3,10.0,6.54,0.638,0.07700000000000001,20.64,9.27,18.05,27.32,23.2,14.07,,,,,,,,,,,,,,,113.0,0.278,16.0,14.16,13.0,11.5,0.743,0.09299999999999997,15.76,6.63,21.43,28.06,18.23,16.67,261.0,0.277,50.0,19.16,11.0,4.21,0.681,0.0959999999999999,18.24,8.65,19.33,27.98,31.95,16.78
745002,2024-06-20,2024,663993,L,605288,R,field_out,False,False,143.0,0.246,26.0,18.18,18.0,12.59,0.6950000000000001,0.10599999999999998,15.08,6.4,17.85,24.24,26.58,14.36,505.0,0.279,113.0,22.38,69.0,13.66,0.833,0.172,19.81,8.64,15.62,24.26,19.45,16.87,121.0,0.25,14.0,11.57,15.0,12.4,0.754,0.15400000000000003,19.09,9.13,12.17,21.3,23.87,10.61,220.0,0.268,46.0,20.91,23.0,10.45,0.7929999999999999,0.18,19.51,8.22,17.92,26.14,20.53,18.62
745002,2024-06-20,2024,641680,L,605288,R,strikeout,True,False,173.0,0.232,38.0,21.97,8.0,4.62,0.607,0.10300000000000001,21.86,11.37,13.86,25.23,33.64,22.89,411.0,0.243,82.0,19.95,33.0,8.03,0.733,0.185,23.06,11.69,13.75,25.44,29.36,17.15,121.0,0.25,14.0,11.57,15.0,12.4,0.754,0.15400000000000003,19.09,9.13,12.17,21.3,23.87,10.61,220.0,0.268,46.0,20.91,23.0,10.45,0.7929999999999999,0.18,19.51,8.22,17.92,26.14,20.53,18.62
745002,2024-06-20,2024,516782,R,489446,R,field_out,False,False,187.0,0.26,39.0,20.86,11.0,5.88,0.688,0.122,27.14,13.41,17.64,31.05,30.72,19.6,245.0,0.238,51.0,20.82,11.0,4.49,0.611,0.079,28.63,15.5,14.75,30.25,37.87,18.35,60.0,0.135,16.0,26.67,6.0,10.0,0.393,0.03799999999999998,33.82,17.56,10.31,27.86,34.04,19.51,136.0,0.204,47.0,34.56,16.0,11.76,0.657,0.132,33.07,14.97,16.22,31.19,30.57,26.7
745002,2024-06-20,2024,668901,R,489446,R,strikeout,True,False,66.0,0.267,16.0,24.24,5.0,7.58,0.751,0.16599999999999998,36.43,18.8,15.2,34.0,33.06,20.78,145.0,0.209,41.0,28.28,8.0,5.52,0.643,0.172,34.08,18.24,17.03,35.27,36.73,29.93,60.0,0.135,16.0,26.67,6.0,10.0,0.393,0.03799999999999998,33.82,17.56,10.31,27.86,34.04,19.51,136.0,0.204,47.0,34.56,16.0,11.76,0.657,0.132,33.07,14.97,16.22,31.19,30.57,26.7
745002,2024-06-20,2024,682626,R,489446,R,field_out,False,False,59.0,0.276,14.0,23.73,1.0,1.69,0.6499999999999999,0.08599999999999997,34.71,19.35,15.21,34.56,36.84,18.92,275.0,0.229,73.0,26.55,17.0,6.18,0.7769999999999999,0.257,32.18,14.61,18.33,32.94,27.78,26.07,60.0,0.135,16.0,26.67,6.0,10.0,0.393,0.03799999999999998,33.82,17.56,10.31,27.86,34.04,19.51,136.0,0.204,47.0,34.56,16.0,11.76,0.657,0.132,33.07,14.97,16.22,31.19,30.57,26.7
746781,2024-06-20,2024,514888,R,676979,L,strikeout,True,False,89.0,0.321,15.0,16.85,6.0,6.74,0.8260000000000001,0.123,20.47,10.84,11.76,22.6,38.95,17.44,113.0,0.283,16.0,14.16,12.0,10.62,0.847,0.192,16.9,8.18,15.68,23.86,33.07,11.68,298.0,0.194,102.0,34.23,15.0,5.03,0.593,0.15699999999999997,31.95,16.71,15.37,32.08,32.72,25.95,42.0,0.172,8.0,19.05,10.0,23.81,0.745,0.207,25.56,11.5,13.5,25.0,25.93,11.76
746781,2024-06-20,2024,643289,R,676979,L,strikeout,True,False,58.0,0.309,5.0,8.62,2.0,3.45,0.8009999999999999,0.16399999999999998,21.49,13.76,7.94,21.69,45.83,9.26,117.0,0.327,12.0,10.26,6.0,5.13,0.859,0.1639999999999999,13.48,8.22,11.41,19.63,41.01,10.91,298.0,0.194,102.0,34.23,15.0,5.03,0.593,0.15699999999999997,31.95,16.71,15.37,32.08,32.72,25.95,42.0,0.172,8.0,19.05,10.0,23.81,0.745,0.207,25.56,11.5,13.5,25.0,25.93,11.76
746781,2024-06-20,2024,608324,R,676979,L,field_out,False,False,98.0,0.207,6.0,6.12,6.0,6.12,0.603,0.141,6.54,2.89,21.97,24.86,25.6,6.45,216.0,0.215,20.0,9.26,27.0,12.5,0.6950000000000001,0.161,13.03,5.13,19.07,24.2,22.25,9.57,298.0,0.194,102.0,34.23,15.0,5.03,0.593,0.15699999999999997,31.95,16.71,15.37,32.08,32.72,25.95,42.0,0.172,8.0,19.05,10.0,23.81,0.745,0.207,25.56,11.5,13.5,25.0,25.93,11.76
746781,2024-06-20,2024,502054,R,686613,R,field_out,False,False,122.0,0.287,25.0,20.49,7.0,5.74,0.6930000000000001,0.07800000000000001,22.77,9.5,21.69,31.2,19.82,17.99,304.0,0.262,71.0,23.36,28.0,9.21,0.767,0.173,26.61,10.98,19.38,30.37,21.23,21.19,149.0,0.273,35.0,23.49,13.0,8.72,0.7749999999999999,0.15099999999999997,23.64,10.96,16.36,27.32,27.0,19.34,356.0,0.276,93.0,26.12,25.0,7.02,0.839,0.2219999999999999,22.69,10.56,16.76,27.32,28.13,20.31
746781,2024-06-20,2024,657757,L,686613,R,strikeout,True,False,216.0,0.234,35.0,16.2,29.0,13.43,0.746,0.168,20.16,8.71,18.3,27.01,28.07,12.54,324.0,0.212,58.0,17.9,28.0,8.64,0.63,0.1369999999999999,20.44,9.67,14.66,24.33,29.35,14.25,173.0,0.255,47.0,27.17,16.0,9.25,0.763,0.184,28.57,12.61,18.35,30.95,27.9,21.23,312.0,0.246,85.0,27.24,30.0,9.62,0.7290000000000001,0.16,27.12,12.49,16.55,29.04,26.95,21.0
746781,2024-06-20,2024,673357,R,686613,R,single,False,False,64.0,0.2,25.0,39.06,4.0,6.25,0.817,0.36699999999999994,36.43,19.03,14.93,33.96,35.56,27.47,477.0,0.252,132.0,27.67,25.0,5.24,0.8340000000000001,0.279,32.83,18.94,10.59,29.53,40.07,24.77,149.0,0.273,35.0,23.49,13.0,8.72,0.7749999999999999,0.15099999999999997,23.64,10.96,16.36,27.32,27.0,19.34,356.0,0.276,93.0,26.12,25.0,7.02,0.839,0.2219999999999999,22.69,10.56,16.76,27.32,28.13,20.31
746781,2024-06-20,2024,683734,R,686613,R,single,False,False,222.0,0.222,55.0,24.77,15.0,6.76,0.6579999999999999,0.152,22.33,10.55,17.66,28.21,29.93,20.07,474.0,0.267,109.0,23.0,29.0,6.12,0.774,0.18,26.24,11.95,18.94,30.89,30.92,21.51,149.0,0.273,35.0,23.49,13.0,8.72,0.7749999999999999,0.15099999999999997,23.64,10.96,16.36,27.32,27.0,19.34,356.0,0.276,93.0,26.12,25.0,7.02,0.839,0.2219999999999999,22.69,10.56,16.76,27.32,28.13,20.31
746781,2024-06-20,2024,643217,L,686613,R,field_out,False,False,169.0,0.233,25.0,14.79,9.0,5.33,0.6120000000000001,0.10700000000000001,17.28,8.4,17.45,25.85,25.72,13.97,486.0,0.261,67.0,13.79,42.0,8.64,0.67,0.082,19.05,9.13,14.74,23.87,26.13,13.62,173.0,0.255,47.0,27.17,16.0,9.25,0.763,0.184,28.57,12.61,18.35,30.95,27.9,21.23,312.0,0.246,85.0,27.24,30.0,9.62,0.7290000000000001,0.16,27.12,12.49,16.55,29.04,26.95,21.0
746781,2024-06-20,2024,673237,R,676979,L,field_out,False,False,73.0,0.265,10.0,13.7,4.0,5.48,0.712,0.132,22.89,13.62,8.24,21.86,38.51,10.75,103.0,0.214,27.0,26.21,4.0,3.88,0.621,0.164,35.0,21.33,9.97,31.3,46.31,24.76,298.0,0.194,102.0,34.23,15.0,5.03,0.593,0.15699999999999997,31.95,16.71,15.37,32.08,32.72,25.95,42.0,0.172,8.0,19.05,10.0,23.81,0.745,0.207,25.56,11.5,13.5,25.0,25.93,11.76
746781,2024-06-20,2024,665161,R,676979,L,strikeout,True,False,86.0,0.293,9.0,10.47,1.0,1.16,0.769,0.17000000000000004,23.3,13.71,12.04,25.75,39.86,10.11,174.0,0.325,22.0,12.64,9.0,5.17,0.8340000000000001,0.141,23.71,13.93,8.22,22.15,36.96,13.17,298.0,0.194,102.0,34.23,15.0,5.03,0.593,0.15699999999999997,31.95,16.71,15.37,32.08,32.72,25.95,42.0,0.172,8.0,19.05,10.0,23.81,0.745,0.207,25.56,11.5,13.5,25.0,25.93,11.76
746781,2024-06-20,2024,676694,R,676979,L,field_out,False,False,66.0,0.241,11.0,16.67,6.0,9.09,0.781,0.20700000000000002,27.03,13.1,15.72,28.82,28.93,18.64,79.0,0.257,19.0,24.05,8.0,10.13,0.785,0.186,30.49,15.72,12.89,28.62,32.93,16.67,298.0,0.194,102.0,34.23,15.0,5.03,0.593,0.15699999999999997,31.95,16.71,15.37,32.08,32.72,25.95,42.0,0.172,8.0,19.05,10.0,23.81,0.745,0.207,25.56,11.5,13.5,25.0,25.93,11.76
746781,2024-06-20,2024,657557,R,686613,R,field_out,False,False,182.0,0.26,57.0,31.32,6.0,3.3,0.817,0.249,32.51,19.07,9.61,28.68,33.64,25.22,281.0,0.203,86.0,30.6,12.0,4.27,0.603,0.1539999999999999,36.49,19.09,15.38,34.47,35.28,34.68,149.0,0.273,35.0,23.49,13.0,8.72,0.7749999999999999,0.15099999999999997,23.64,10.96,16.36,27.32,27.0,19.34,356.0,0.276,93.0,26.12,25.0,7.02,0.839,0.2219999999999999,22.69,10.56,16.76,27.32,28.13,20.31
746781,2024-06-20,2024,672820,R,686613,R,strikeout,True,False,69.0,0.215,19.0,27.54,2.0,2.9,0.512,0.047000000000000014,25.19,12.94,20.78,33.73,39.32,24.36,123.0,0.178,30.0,24.39,2.0,1.63,0.504,0.136,24.69,13.05,16.81,29.87,39.56,22.39,149.0,0.273,35.0,23.49,13.0,8.72,0.7749999999999999,0.15099999999999997,23.64,10.96,16.36,27.32,27.0,19.34,356.0,0.276,93.0,26.12,25.0,7.02,0.839,0.2219999999999999,22.69,10.56,16.76,27.32,28.13,20.31
746781,2024-06-20,2024,686676,R,686613,R,single,False,False,137.0,0.231,41.0,29.93,6.0,4.38,0.65,0.154,39.66,23.14,10.46,33.6,35.65,24.69,47.0,0.116,12.0,25.53,4.0,8.51,0.4,0.0929999999999999,33.71,18.07,13.25,31.33,34.15,23.53,149.0,0.273,35.0,23.49,13.0,8.72,0.7749999999999999,0.15099999999999997,23.64,10.96,16.36,27.32,27.0,19.34,356.0,0.276,93.0,26.12,25.0,7.02,0.839,0.2219999999999999,22.69,10.56,16.76,27.32,28.13,20.31
746781,2024-06-20,2024,670032,L,686613,R,field_out,False,False,184.0,0.235,29.0,15.76,13.0,7.07,0.565,0.03600000000000003,17.98,8.91,15.78,24.69,27.81,17.79,212.0,0.228,33.0,15.57,24.0,11.32,0.647,0.089,22.47,10.7,16.47,27.16,26.6,14.22,173.0,0.255,47.0,27.17,16.0,9.25,0.763,0.184,28.57,12.61,18.35,30.95,27.9,21.23,312.0,0.246,85.0,27.24,30.0,9.62,0.7290000000000001,0.16,27.12,12.49,16.55,29.04,26.95,21.0
746781,2024-06-20,2024,605170,R,676979,L,single,False,False,22.0,0.333,2.0,9.09,0.0,0.0,0.747,0.09599999999999997,11.54,6.98,10.47,17.44,38.1,6.06,59.0,0.25,12.0,20.34,4.0,6.78,0.61,0.0379999999999999,25.84,11.06,16.83,27.88,19.63,21.43,298.0,0.194,102.0,34.23,15.0,5.03,0.593,0.15699999999999997,31.95,16.71,15.37,32.08,32.72,25.95,42.0,0.172,8.0,19.05,10.0,23.81,0.745,0.207,25.56,11.5,13.5,25.0,25.93,11.76
746781,2024-06-20,2024,676801,R,676979,L,double,False,False,39.0,0.194,9.0,23.08,3.0,7.69,0.534,0.08400000000000002,27.27,14.29,11.56,25.85,28.0,24.32,138.0,0.325,35.0,25.36,13.0,9.42,1.009,0.285,31.52,15.56,12.88,28.44,29.0,20.96,298.0,0.194,102.0,34.23,15.0,5.03,0.593,0.15699999999999997,31.95,16.71,15.37,32.08,32.72,25.95,42.0,0.172,8.0,19.05,10.0,23.81,0.745,0.207,25.56,11.5,13.5,25.0,25.93,11.76
746781,2024-06-20,2024,669450,R,676979,L,fielders_choice_out,False,False,3.0,0.0,1.0,33.33,0.0,0.0,0.0,0.0,42.86,30.0,10.0,40.0,60.0,25.0,8.0,0.0,2.0,25.0,0.0,0.0,0.0,0.0,27.27,8.33,16.67,25.0,10.0,25.0,298.0,0.194,102.0,34.23,15.0,5.03,0.593,0.15699999999999997,31.95,16.71,15.37,32.08,32.72,25.95,42.0,0.172,8.0,19.05,10.0,23.81,0.745,0.207,25.56,11.5,13.5,25.0,25.93,11.76
746781,2024-06-20,2024,514888,R,676979,L,single,False,False,89.0,0.321,15.0,16.85,6.0,6.74,0.8260000000000001,0.123,20.47,10.84,11.76,22.6,38.95,17.44,113.0,0.283,16.0,14.16,12.0,10.62,0.847,0.192,16.9,8.18,15.68,23.86,33.07,11.68,298.0,0.194,102.0,34.23,15.0,5.03,0.593,0.15699999999999997,31.95,16.71,15.37,32.08,32.72,25.95,42.0,0.172,8.0,19.05,10.0,23.81,0.745,0.207,25.56,11.5,13.5,25.0,25.93,11.76
746781,2024-06-20,2024,643289,R,676979,L,force_out,False,False,58.0,0.309,5.0,8.62,2.0,3.45,0.8009999999999999,0.16399999999999998,21.49,13.76,7.94,21.69,45.83,9.26,117.0,0.327,12.0,10.26,6.0,5.13,0.859,0.1639999999999999,13.48,8.22,11.41,19.63,41.01,10.91,298.0,0.194,102.0,34.23,15.0,5.03,0.593,0.15699999999999997,31.95,16.71,15.37,32.08,32.72,25.95,42.0,0.172,8.0,19.05,10.0,23.81,0.745,0.207,25.56,11.5,13.5,25.0,25.93,11.76
746781,2024-06-20,2024,608324,R,676979,L,field_out,False,False,98.0,0.207,6.0,6.12,6.0,6.12,0.603,0.141,6.54,2.89,21.97,24.86,25.6,6.45,216.0,0.215,20.0,9.26,27.0,12.5,0.6950000000000001,0.161,13.03,5.13,19.07,24.2,22.25,9.57,298.0,0.194,102.0,34.23,15.0,5.03,0.593,0.15699999999999997,31.95,16.71,15.37,32.08,32.72,25.95,42.0,0.172,8.0,19.05,10.0,23.81,0.745,0.207,25.56,11.5,13.5,25.0,25.93,11.76
746781,2024-06-20,2024,502054,R,686613,R,field_out,False,False,122.0,0.287,25.0,20.49,7.0,5.74,0.6930000000000001,0.07800000000000001,22.77,9.5,21.69,31.2,19.82,17.99,304.0,0.262,71.0,23.36,28.0,9.21,0.767,0.173,26.61,10.98,19.38,30.37,21.23,21.19,149.0,0.273,35.0,23.49,13.0,8.72,0.7749999999999999,0.15099999999999997,23.64,10.96,16.36,27.32,27.0,19.34,356.0,0.276,93.0,26.12,25.0,7.02,0.839,0.2219999999999999,22.69,10.56,16.76,27.32,28.13,20.31
746781,2024-06-20,2024,657757,L,686613,R,field_out,False,False,216.0,0.234,35.0,16.2,29.0,13.43,0.746,0.168,20.16,8.71,18.3,27.01,28.07,12.54,324.0,0.212,58.0,17.9,28.0,8.64,0.63,0.1369999999999999,20.44,9.67,14.66,24.33,29.35,14.25,173.0,0.255,47.0,27.17,16.0,9.25,0.763,0.184,28.57,12.61,18.35,30.95,27.9,21.23,312.0,0.246,85.0,27.24,30.0,9.62,0.7290000000000001,0.16,27.12,12.49,16.55,29.04,26.95,21.0
746781,2024-06-20,2024,673357,R,686613,R,strikeout,True,False,64.0,0.2,25.0,39.06,4.0,6.25,0.817,0.36699999999999994,36.43,19.03,14.93,33.96,35.56,27.47,477.0,0.252,132.0,27.67,25.0,5.24,0.8340000000000001,0.279,32.83,18.94,10.59,29.53,40.07,24.77,149.0,0.273,35.0,23.49,13.0,8.72,0.7749999999999999,0.15099999999999997,23.64,10.96,16.36,27.32,27.0,19.34,356.0,0.276,93.0,26.12,25.0,7.02,0.839,0.2219999999999999,22.69,10.56,16.76,27.32,28.13,20.31
746781,2024-06-20,2024,673237,R,676979,L,walk,False,True,73.0,0.265,10.0,13.7,4.0,5.48,0.712,0.132,22.89,13.62,8.24,21.86,38.51,10.75,103.0,0.214,27.0,26.21,4.0,3.88,0.621,0.164,35.0,21.33,9.97,31.3,46.31,24.76,298.0,0.194,102.0,34.23,15.0,5.03,0.593,0.15699999999999997,31.95,16.71,15.37,32.08,32.72,25.95,42.0,0.172,8.0,19.05,10.0,23.81,0.745,0.207,25.56,11.5,13.5,25.0,25.93,11.76
746781,2024-06-20,2024,665161,R,676979,L,single,False,False,86.0,0.293,9.0,10.47,1.0,1.16,0.769,0.17000000000000004,23.3,13.71,12.04,25.75,39.86,10.11,174.0,0.325,22.0,12.64,9.0,5.17,0.8340000000000001,0.141,23.71,13.93,8.22,22.15,36.96,13.17,298.0,0.194,102.0,34.23,15.0,5.03,0.593,0.15699999999999997,31.95,16.71,15.37,32.08,32.72,25.95,42.0,0.172,8.0,19.05,10.0,23.81,0.745,0.207,25.56,11.5,13.5,25.0,25.93,11.76
746781,2024-06-20,2024,676694,R,676979,L,strikeout,True,False,66.0,0.241,11.0,16.67,6.0,9.09,0.781,0.20700000000000002,27.03,13.1,15.72,28.82,28.93,18.64,79.0,0.257,19.0,24.05,8.0,10.13,0.785,0.186,30.49,15.72,12.89,28.62,32.93,16.67,298.0,0.194,102.0,34.23,15.0,5.03,0.593,0.15699999999999997,31.95,16.71,15.37,32.08,32.72,25.95,42.0,0.172,8.0,19.05,10.0,23.81,0.745,0.207,25.56,11.5,13.5,25.0,25.93,11.76
746781,2024-06-20,2024,663967,L,676979,L,single,False,False,3.0,0.667,1.0,33.33,0.0,0.0,1.334,0.0,50.0,30.0,10.0,40.0,33.33,33.33,3.0,0.0,0.0,0.0,0.0,0.0,0.0,0.0,0.0,0.0,0.0,0.0,25.0,0.0,54.0,0.204,22.0,40.74,5.0,9.26,0.523,0.04100000000000001,34.26,16.67,13.96,30.63,24.3,30.14,22.0,0.389,4.0,18.18,3.0,13.64,0.944,0.0549999999999999,27.5,11.96,19.57,31.52,21.43,14.29
746781,2024-06-20,2024,676801,R,676979,L,strikeout,True,False,39.0,0.194,9.0,23.08,3.0,7.69,0.534,0.08400000000000002,27.27,14.29,11.56,25.85,28.0,24.32,138.0,0.325,35.0,25.36,13.0,9.42,1.009,0.285,31.52,15.56,12.88,28.44,29.0,20.96,298.0,0.194,102.0,34.23,15.0,5.03,0.593,0.15699999999999997,31.95,16.71,15.37,32.08,32.72,25.95,42.0,0.172,8.0,19.05,10.0,23.81,0.745,0.207,25.56,11.5,13.5,25.0,25.93,11.76
746781,2024-06-20,2024,669450,R,676979,L,strikeout,True,False,3.0,0.0,1.0,33.33,0.0,0.0,0.0,0.0,42.86,30.0,10.0,40.0,60.0,25.0,8.0,0.0,2.0,25.0,0.0,0.0,0.0,0.0,27.27,8.33,16.67,25.0,10.0,25.0,298.0,0.194,102.0,34.23,15.0,5.03,0.593,0.15699999999999997,31.95,16.71,15.37,32.08,32.72,25.95,42.0,0.172,8.0,19.05,10.0,23.81,0.745,0.207,25.56,11.5,13.5,25.0,25.93,11.76
746781,2024-06-20,2024,683734,R,686613,R,field_out,False,False,222.0,0.222,55.0,24.77,15.0,6.76,0.6579999999999999,0.152,22.33,10.55,17.66,28.21,29.93,20.07,474.0,0.267,109.0,23.0,29.0,6.12,0.774,0.18,26.24,11.95,18.94,30.89,30.92,21.51,149.0,0.273,35.0,23.49,13.0,8.72,0.7749999999999999,0.15099999999999997,23.64,10.96,16.36,27.32,27.0,19.34,356.0,0.276,93.0,26.12,25.0,7.02,0.839,0.2219999999999999,22.69,10.56,16.76,27.32,28.13,20.31
746781,2024-06-20,2024,643217,L,686613,R,home_run,False,False,169.0,0.233,25.0,14.79,9.0,5.33,0.6120000000000001,0.10700000000000001,17.28,8.4,17.45,25.85,25.72,13.97,486.0,0.261,67.0,13.79,42.0,8.64,0.67,0.082,19.05,9.13,14.74,23.87,26.13,13.62,173.0,0.255,47.0,27.17,16.0,9.25,0.763,0.184,28.57,12.61,18.35,30.95,27.9,21.23,312.0,0.246,85.0,27.24,30.0,9.62,0.7290000000000001,0.16,27.12,12.49,16.55,29.04,26.95,21.0
746781,2024-06-20,2024,657557,R,686613,R,strikeout,True,False,182.0,0.26,57.0,31.32,6.0,3.3,0.817,0.249,32.51,19.07,9.61,28.68,33.64,25.22,281.0,0.203,86.0,30.6,12.0,4.27,0.603,0.1539999999999999,36.49,19.09,15.38,34.47,35.28,34.68,149.0,0.273,35.0,23.49,13.0,8.72,0.7749999999999999,0.15099999999999997,23.64,10.96,16.36,27.32,27.0,19.34,356.0,0.276,93.0,26.12,25.0,7.02,0.839,0.2219999999999999,22.69,10.56,16.76,27.32,28.13,20.31
746781,2024-06-20,2024,672820,R,686613,R,field_out,False,False,69.0,0.215,19.0,27.54,2.0,2.9,0.512,0.047000000000000014,25.19,12.94,20.78,33.73,39.32,24.36,123.0,0.178,30.0,24.39,2.0,1.63,0.504,0.136,24.69,13.05,16.81,29.87,39.56,22.39,149.0,0.273,35.0,23.49,13.0,8.72,0.7749999999999999,0.15099999999999997,23.64,10.96,16.36,27.32,27.0,19.34,356.0,0.276,93.0,26.12,25.0,7.02,0.839,0.2219999999999999,22.69,10.56,16.76,27.32,28.13,20.31
746781,2024-06-20,2024,514888,R,676979,L,strikeout,True,False,89.0,0.321,15.0,16.85,6.0,6.74,0.8260000000000001,0.123,20.47,10.84,11.76,22.6,38.95,17.44,113.0,0.283,16.0,14.16,12.0,10.62,0.847,0.192,16.9,8.18,15.68,23.86,33.07,11.68,298.0,0.194,102.0,34.23,15.0,5.03,0.593,0.15699999999999997,31.95,16.71,15.37,32.08,32.72,25.95,42.0,0.172,8.0,19.05,10.0,23.81,0.745,0.207,25.56,11.5,13.5,25.0,25.93,11.76
746781,2024-06-20,2024,643289,R,676979,L,single,False,False,58.0,0.309,5.0,8.62,2.0,3.45,0.8009999999999999,0.16399999999999998,21.49,13.76,7.94,21.69,45.83,9.26,117.0,0.327,12.0,10.26,6.0,5.13,0.859,0.1639999999999999,13.48,8.22,11.41,19.63,41.01,10.91,298.0,0.194,102.0,34.23,15.0,5.03,0.593,0.15699999999999997,31.95,16.71,15.37,32.08,32.72,25.95,42.0,0.172,8.0,19.05,10.0,23.81,0.745,0.207,25.56,11.5,13.5,25.0,25.93,11.76
746781,2024-06-20,2024,608324,R,676979,L,single,False,False,98.0,0.207,6.0,6.12,6.0,6.12,0.603,0.141,6.54,2.89,21.97,24.86,25.6,6.45,216.0,0.215,20.0,9.26,27.0,12.5,0.6950000000000001,0.161,13.03,5.13,19.07,24.2,22.25,9.57,298.0,0.194,102.0,34.23,15.0,5.03,0.593,0.15699999999999997,31.95,16.71,15.37,32.08,32.72,25.95,42.0,0.172,8.0,19.05,10.0,23.81,0.745,0.207,25.56,11.5,13.5,25.0,25.93,11.76
746781,2024-06-20,2024,673237,R,676979,L,strikeout,True,False,73.0,0.265,10.0,13.7,4.0,5.48,0.712,0.132,22.89,13.62,8.24,21.86,38.51,10.75,103.0,0.214,27.0,26.21,4.0,3.88,0.621,0.164,35.0,21.33,9.97,31.3,46.31,24.76,298.0,0.194,102.0,34.23,15.0,5.03,0.593,0.15699999999999997,31.95,16.71,15.37,32.08,32.72,25.95,42.0,0.172,8.0,19.05,10.0,23.81,0.745,0.207,25.56,11.5,13.5,25.0,25.93,11.76
746781,2024-06-20,2024,686676,R,686613,R,single,False,False,137.0,0.231,41.0,29.93,6.0,4.38,0.65,0.154,39.66,23.14,10.46,33.6,35.65,24.69,47.0,0.116,12.0,25.53,4.0,8.51,0.4,0.0929999999999999,33.71,18.07,13.25,31.33,34.15,23.53,149.0,0.273,35.0,23.49,13.0,8.72,0.7749999999999999,0.15099999999999997,23.64,10.96,16.36,27.32,27.0,19.34,356.0,0.276,93.0,26.12,25.0,7.02,0.839,0.2219999999999999,22.69,10.56,16.76,27.32,28.13,20.31
746781,2024-06-20,2024,670032,L,686613,R,strikeout,True,False,184.0,0.235,29.0,15.76,13.0,7.07,0.565,0.03600000000000003,17.98,8.91,15.78,24.69,27.81,17.79,212.0,0.228,33.0,15.57,24.0,11.32,0.647,0.089,22.47,10.7,16.47,27.16,26.6,14.22,173.0,0.255,47.0,27.17,16.0,9.25,0.763,0.184,28.57,12.61,18.35,30.95,27.9,21.23,312.0,0.246,85.0,27.24,30.0,9.62,0.7290000000000001,0.16,27.12,12.49,16.55,29.04,26.95,21.0
746781,2024-06-20,2024,502054,R,686613,R,single,False,False,122.0,0.287,25.0,20.49,7.0,5.74,0.6930000000000001,0.07800000000000001,22.77,9.5,21.69,31.2,19.82,17.99,304.0,0.262,71.0,23.36,28.0,9.21,0.767,0.173,26.61,10.98,19.38,30.37,21.23,21.19,149.0,0.273,35.0,23.49,13.0,8.72,0.7749999999999999,0.15099999999999997,23.64,10.96,16.36,27.32,27.0,19.34,356.0,0.276,93.0,26.12,25.0,7.02,0.839,0.2219999999999999,22.69,10.56,16.76,27.32,28.13,20.31
746781,2024-06-20,2024,657757,L,686613,R,grounded_into_double_play,False,False,216.0,0.234,35.0,16.2,29.0,13.43,0.746,0.168,20.16,8.71,18.3,27.01,28.07,12.54,324.0,0.212,58.0,17.9,28.0,8.64,0.63,0.1369999999999999,20.44,9.67,14.66,24.33,29.35,14.25,173.0,0.255,47.0,27.17,16.0,9.25,0.763,0.184,28.57,12.61,18.35,30.95,27.9,21.23,312.0,0.246,85.0,27.24,30.0,9.62,0.7290000000000001,0.16,27.12,12.49,16.55,29.04,26.95,21.0
746781,2024-06-20,2024,665161,R,676979,L,field_out,False,False,86.0,0.293,9.0,10.47,1.0,1.16,0.769,0.17000000000000004,23.3,13.71,12.04,25.75,39.86,10.11,174.0,0.325,22.0,12.64,9.0,5.17,0.8340000000000001,0.141,23.71,13.93,8.22,22.15,36.96,13.17,298.0,0.194,102.0,34.23,15.0,5.03,0.593,0.15699999999999997,31.95,16.71,15.37,32.08,32.72,25.95,42.0,0.172,8.0,19.05,10.0,23.81,0.745,0.207,25.56,11.5,13.5,25.0,25.93,11.76
746781,2024-06-20,2024,676694,R,676979,L,double,False,False,66.0,0.241,11.0,16.67,6.0,9.09,0.781,0.20700000000000002,27.03,13.1,15.72,28.82,28.93,18.64,79.0,0.257,19.0,24.05,8.0,10.13,0.785,0.186,30.49,15.72,12.89,28.62,32.93,16.67,298.0,0.194,102.0,34.23,15.0,5.03,0.593,0.15699999999999997,31.95,16.71,15.37,32.08,32.72,25.95,42.0,0.172,8.0,19.05,10.0,23.81,0.745,0.207,25.56,11.5,13.5,25.0,25.93,11.76
746781,2024-06-20,2024,663967,L,676979,L,single,False,False,3.0,0.667,1.0,33.33,0.0,0.0,1.334,0.0,50.0,30.0,10.0,40.0,33.33,33.33,3.0,0.0,0.0,0.0,0.0,0.0,0.0,0.0,0.0,0.0,0.0,0.0,25.0,0.0,54.0,0.204,22.0,40.74,5.0,9.26,0.523,0.04100000000000001,34.26,16.67,13.96,30.63,24.3,30.14,22.0,0.389,4.0,18.18,3.0,13.64,0.944,0.0549999999999999,27.5,11.96,19.57,31.52,21.43,14.29
746781,2024-06-20,2024,676801,R,676979,L,field_out,False,False,39.0,0.194,9.0,23.08,3.0,7.69,0.534,0.08400000000000002,27.27,14.29,11.56,25.85,28.0,24.32,138.0,0.325,35.0,25.36,13.0,9.42,1.009,0.285,31.52,15.56,12.88,28.44,29.0,20.96,298.0,0.194,102.0,34.23,15.0,5.03,0.593,0.15699999999999997,31.95,16.71,15.37,32.08,32.72,25.95,42.0,0.172,8.0,19.05,10.0,23.81,0.745,0.207,25.56,11.5,13.5,25.0,25.93,11.76
746781,2024-06-20,2024,669450,R,676979,L,field_out,False,False,3.0,0.0,1.0,33.33,0.0,0.0,0.0,0.0,42.86,30.0,10.0,40.0,60.0,25.0,8.0,0.0,2.0,25.0,0.0,0.0,0.0,0.0,27.27,8.33,16.67,25.0,10.0,25.0,298.0,0.194,102.0,34.23,15.0,5.03,0.593,0.15699999999999997,31.95,16.71,15.37,32.08,32.72,25.95,42.0,0.172,8.0,19.05,10.0,23.81,0.745,0.207,25.56,11.5,13.5,25.0,25.93,11.76
746781,2024-06-20,2024,673357,R,686613,R,single,False,False,64.0,0.2,25.0,39.06,4.0,6.25,0.817,0.36699999999999994,36.43,19.03,14.93,33.96,35.56,27.47,477.0,0.252,132.0,27.67,25.0,5.24,0.8340000000000001,0.279,32.83,18.94,10.59,29.53,40.07,24.77,149.0,0.273,35.0,23.49,13.0,8.72,0.7749999999999999,0.15099999999999997,23.64,10.96,16.36,27.32,27.0,19.34,356.0,0.276,93.0,26.12,25.0,7.02,0.839,0.2219999999999999,22.69,10.56,16.76,27.32,28.13,20.31
746781,2024-06-20,2024,683734,R,686613,R,strikeout,True,False,222.0,0.222,55.0,24.77,15.0,6.76,0.6579999999999999,0.152,22.33,10.55,17.66,28.21,29.93,20.07,474.0,0.267,109.0,23.0,29.0,6.12,0.774,0.18,26.24,11.95,18.94,30.89,30.92,21.51,149.0,0.273,35.0,23.49,13.0,8.72,0.7749999999999999,0.15099999999999997,23.64,10.96,16.36,27.32,27.0,19.34,356.0,0.276,93.0,26.12,25.0,7.02,0.839,0.2219999999999999,22.69,10.56,16.76,27.32,28.13,20.31
746781,2024-06-20,2024,643217,L,686613,R,field_out,False,False,169.0,0.233,25.0,14.79,9.0,5.33,0.6120000000000001,0.10700000000000001,17.28,8.4,17.45,25.85,25.72,13.97,486.0,0.261,67.0,13.79,42.0,8.64,0.67,0.082,19.05,9.13,14.74,23.87,26.13,13.62,173.0,0.255,47.0,27.17,16.0,9.25,0.763,0.184,28.57,12.61,18.35,30.95,27.9,21.23,312.0,0.246,85.0,27.24,30.0,9.62,0.7290000000000001,0.16,27.12,12.49,16.55,29.04,26.95,21.0
746781,2024-06-20,2024,657557,R,686613,R,field_out,False,False,182.0,0.26,57.0,31.32,6.0,3.3,0.817,0.249,32.51,19.07,9.61,28.68,33.64,25.22,281.0,0.203,86.0,30.6,12.0,4.27,0.603,0.1539999999999999,36.49,19.09,15.38,34.47,35.28,34.68,149.0,0.273,35.0,23.49,13.0,8.72,0.7749999999999999,0.15099999999999997,23.64,10.96,16.36,27.32,27.0,19.34,356.0,0.276,93.0,26.12,25.0,7.02,0.839,0.2219999999999999,22.69,10.56,16.76,27.32,28.13,20.31
746781,2024-06-20,2024,514888,R,605121,R,single,False,False,235.0,0.288,47.0,20.0,14.0,5.96,0.79,0.16900000000000004,20.51,10.45,16.98,27.43,37.3,19.67,297.0,0.322,55.0,18.52,32.0,10.77,0.941,0.218,19.43,8.47,19.0,27.48,31.81,17.74,46.0,0.3,11.0,23.91,5.0,10.87,0.866,0.175,34.62,15.08,19.55,34.64,36.0,17.24,,,,,,,,,,,,,,
746781,2024-06-20,2024,643289,R,605121,R,force_out,False,False,126.0,0.292,9.0,7.14,4.0,3.17,0.7,0.09100000000000003,16.52,9.82,12.66,22.48,44.19,8.91,375.0,0.263,58.0,15.47,13.0,3.47,0.6779999999999999,0.124,19.01,10.95,13.18,24.13,40.64,15.68,46.0,0.3,11.0,23.91,5.0,10.87,0.866,0.175,34.62,15.08,19.55,34.64,36.0,17.24,,,,,,,,,,,,,,
746781,2024-06-20,2024,608324,R,605121,R,field_out,False,False,205.0,0.258,36.0,17.56,18.0,8.78,0.751,0.16499999999999998,15.76,7.07,18.9,25.98,24.15,13.85,508.0,0.282,67.0,13.19,65.0,12.8,0.8500000000000001,0.186,14.53,5.58,19.65,25.23,16.96,12.88,46.0,0.3,11.0,23.91,5.0,10.87,0.866,0.175,34.62,15.08,19.55,34.64,36.0,17.24,,,,,,,,,,,,,,
746781,2024-06-20,2024,673237,R,605121,R,double,False,False,177.0,0.251,27.0,15.25,6.0,3.39,0.6799999999999999,0.15599999999999997,20.98,11.93,10.46,22.39,41.06,16.07,274.0,0.307,47.0,17.15,7.0,2.55,0.931,0.292,24.58,14.19,11.31,25.51,43.08,17.42,46.0,0.3,11.0,23.91,5.0,10.87,0.866,0.175,34.62,15.08,19.55,34.64,36.0,17.24,,,,,,,,,,,,,,
746781,2024-06-20,2024,665161,R,605121,R,field_out,False,False,215.0,0.271,41.0,19.07,10.0,4.65,0.653,0.066,25.19,13.08,15.38,28.46,36.38,17.15,461.0,0.239,107.0,23.21,34.0,7.38,0.655,0.1089999999999999,30.36,15.5,13.92,29.42,35.52,20.7,46.0,0.3,11.0,23.91,5.0,10.87,0.866,0.175,34.62,15.08,19.55,34.64,36.0,17.24,,,,,,,,,,,,,,
746781,2024-06-20,2024,672820,R,650556,R,strikeout,True,False,69.0,0.215,19.0,27.54,2.0,2.9,0.512,0.047000000000000014,25.19,12.94,20.78,33.73,39.32,24.36,123.0,0.178,30.0,24.39,2.0,1.63,0.504,0.136,24.69,13.05,16.81,29.87,39.56,22.39,73.0,0.121,30.0,41.1,6.0,8.22,0.432,0.10600000000000001,34.72,16.18,18.45,34.63,31.41,30.61,143.0,0.171,50.0,34.97,11.0,7.69,0.51,0.1,41.52,19.59,17.04,36.63,32.11,25.64
746781,2024-06-20,2024,686676,R,650556,R,field_out,False,False,137.0,0.231,41.0,29.93,6.0,4.38,0.65,0.154,39.66,23.14,10.46,33.6,35.65,24.69,47.0,0.116,12.0,25.53,4.0,8.51,0.4,0.0929999999999999,33.71,18.07,13.25,31.33,34.15,23.53,73.0,0.121,30.0,41.1,6.0,8.22,0.432,0.10600000000000001,34.72,16.18,18.45,34.63,31.41,30.61,143.0,0.171,50.0,34.97,11.0,7.69,0.51,0.1,41.52,19.59,17.04,36.63,32.11,25.64
746781,2024-06-20,2024,670032,L,650556,R,field_out,False,False,184.0,0.235,29.0,15.76,13.0,7.07,0.565,0.03600000000000003,17.98,8.91,15.78,24.69,27.81,17.79,212.0,0.228,33.0,15.57,24.0,11.32,0.647,0.089,22.47,10.7,16.47,27.16,26.6,14.22,82.0,0.297,21.0,25.61,14.0,17.07,0.9199999999999999,0.172,29.2,12.08,16.92,29.0,20.56,23.6,145.0,0.185,50.0,34.48,20.0,13.79,0.611,0.118,37.97,16.01,17.43,33.44,22.96,29.94
746781,2024-06-20,2024,676694,R,621051,R,double,False,False,141.0,0.26,34.0,24.11,7.0,4.96,0.7070000000000001,0.14500000000000002,33.33,16.35,15.72,32.08,31.69,25.76,263.0,0.218,69.0,26.24,18.0,6.84,0.6459999999999999,0.146,25.89,12.2,16.27,28.47,24.49,21.12,48.0,0.195,12.0,25.0,4.0,8.33,0.734,0.268,25.93,12.21,16.28,28.49,23.08,27.91,129.0,0.184,36.0,27.91,13.0,10.08,0.63,0.1669999999999999,28.24,12.88,16.99,29.87,25.45,19.67
746781,2024-06-20,2024,663967,L,621051,R,sac_bunt,False,False,2.0,1.0,0.0,0.0,0.0,0.0,3.0,1.0,0.0,0.0,0.0,0.0,50.0,0.0,16.0,0.133,6.0,37.5,1.0,6.25,0.321,0.0,32.5,18.06,12.5,30.56,30.77,23.08,45.0,0.129,7.0,15.56,11.0,24.44,0.583,0.097,24.71,10.66,12.69,23.35,22.0,11.11,90.0,0.187,21.0,23.33,14.0,15.56,0.6819999999999999,0.173,24.38,10.18,15.67,25.85,18.0,18.58
746781,2024-06-20,2024,676801,R,621051,R,sac_fly,False,False,89.0,0.215,28.0,31.46,7.0,7.87,0.585,0.089,34.66,16.9,14.96,31.86,31.31,23.28,319.0,0.25,82.0,25.71,27.0,8.46,0.769,0.186,28.62,13.94,15.79,29.73,30.75,21.75,48.0,0.195,12.0,25.0,4.0,8.33,0.734,0.268,25.93,12.21,16.28,28.49,23.08,27.91,129.0,0.184,36.0,27.91,13.0,10.08,0.63,0.1669999999999999,28.24,12.88,16.99,29.87,25.45,19.67
746781,2024-06-20,2024,663550,L,621051,R,field_out,False,False,33.0,0.303,6.0,18.18,0.0,0.0,0.788,0.182,25.4,14.16,11.5,25.66,32.73,18.18,52.0,0.22,24.0,46.15,1.0,1.92,0.5710000000000001,0.12,50.0,32.99,6.09,39.09,46.53,37.5,45.0,0.129,7.0,15.56,11.0,24.44,0.583,0.097,24.71,10.66,12.69,23.35,22.0,11.11,90.0,0.187,21.0,23.33,14.0,15.56,0.6819999999999999,0.173,24.38,10.18,15.67,25.85,18.0,18.58
746781,2024-06-20,2024,502054,R,519151,R,field_out,False,False,122.0,0.287,25.0,20.49,7.0,5.74,0.6930000000000001,0.07800000000000001,22.77,9.5,21.69,31.2,19.82,17.99,304.0,0.262,71.0,23.36,28.0,9.21,0.767,0.173,26.61,10.98,19.38,30.37,21.23,21.19,62.0,0.302,13.0,20.97,6.0,9.68,0.914,0.24500000000000005,26.89,14.1,13.66,27.75,31.13,19.7,130.0,0.222,36.0,27.69,10.0,7.69,0.593,0.094,31.52,16.14,16.14,32.27,33.46,24.32
746781,2024-06-20,2024,657757,L,519151,R,field_out,False,False,216.0,0.234,35.0,16.2,29.0,13.43,0.746,0.168,20.16,8.71,18.3,27.01,28.07,12.54,324.0,0.212,58.0,17.9,28.0,8.64,0.63,0.1369999999999999,20.44,9.67,14.66,24.33,29.35,14.25,66.0,0.283,23.0,34.85,4.0,6.06,0.69,0.08400000000000002,29.6,13.26,19.35,32.62,28.57,24.47,138.0,0.217,38.0,27.54,6.0,4.35,0.649,0.178,31.54,15.68,16.63,32.31,35.45,25.0
746781,2024-06-20,2024,673357,R,519151,R,walk,False,True,64.0,0.2,25.0,39.06,4.0,6.25,0.817,0.36699999999999994,36.43,19.03,14.93,33.96,35.56,27.47,477.0,0.252,132.0,27.67,25.0,5.24,0.8340000000000001,0.279,32.83,18.94,10.59,29.53,40.07,24.77,62.0,0.302,13.0,20.97,6.0,9.68,0.914,0.24500000000000005,26.89,14.1,13.66,27.75,31.13,19.7,130.0,0.222,36.0,27.69,10.0,7.69,0.593,0.094,31.52,16.14,16.14,32.27,33.46,24.32
746781,2024-06-20,2024,683734,R,519151,R,strikeout,True,False,222.0,0.222,55.0,24.77,15.0,6.76,0.6579999999999999,0.152,22.33,10.55,17.66,28.21,29.93,20.07,474.0,0.267,109.0,23.0,29.0,6.12,0.774,0.18,26.24,11.95,18.94,30.89,30.92,21.51,62.0,0.302,13.0,20.97,6.0,9.68,0.914,0.24500000000000005,26.89,14.1,13.66,27.75,31.13,19.7,130.0,0.222,36.0,27.69,10.0,7.69,0.593,0.094,31.52,16.14,16.14,32.27,33.46,24.32
746781,2024-06-20,2024,514888,R,641771,R,strikeout,True,False,235.0,0.288,47.0,20.0,14.0,5.96,0.79,0.16900000000000004,20.51,10.45,16.98,27.43,37.3,19.67,297.0,0.322,55.0,18.52,32.0,10.77,0.941,0.218,19.43,8.47,19.0,27.48,31.81,17.74,11.0,0.125,3.0,27.27,3.0,27.27,0.614,0.125,20.0,6.82,13.64,20.45,10.34,37.5,94.0,0.316,17.0,18.09,15.0,15.96,1.031,0.289,30.28,11.53,17.43,28.95,21.67,19.77
746781,2024-06-20,2024,643289,R,641771,R,field_out,False,False,126.0,0.292,9.0,7.14,4.0,3.17,0.7,0.09100000000000003,16.52,9.82,12.66,22.48,44.19,8.91,375.0,0.263,58.0,15.47,13.0,3.47,0.6779999999999999,0.124,19.01,10.95,13.18,24.13,40.64,15.68,11.0,0.125,3.0,27.27,3.0,27.27,0.614,0.125,20.0,6.82,13.64,20.45,10.34,37.5,94.0,0.316,17.0,18.09,15.0,15.96,1.031,0.289,30.28,11.53,17.43,28.95,21.67,19.77
746781,2024-06-20,2024,608324,R,641771,R,walk,False,True,205.0,0.258,36.0,17.56,18.0,8.78,0.751,0.16499999999999998,15.76,7.07,18.9,25.98,24.15,13.85,508.0,0.282,67.0,13.19,65.0,12.8,0.8500000000000001,0.186,14.53,5.58,19.65,25.23,16.96,12.88,11.0,0.125,3.0,27.27,3.0,27.27,0.614,0.125,20.0,6.82,13.64,20.45,10.34,37.5,94.0,0.316,17.0,18.09,15.0,15.96,1.031,0.289,30.28,11.53,17.43,28.95,21.67,19.77
746781,2024-06-20,2024,673237,R,641771,R,field_out,False,False,177.0,0.251,27.0,15.25,6.0,3.39,0.6799999999999999,0.15599999999999997,20.98,11.93,10.46,22.39,41.06,16.07,274.0,0.307,47.0,17.15,7.0,2.55,0.931,0.292,24.58,14.19,11.31,25.51,43.08,17.42,11.0,0.125,3.0,27.27,3.0,27.27,0.614,0.125,20.0,6.82,13.64,20.45,10.34,37.5,94.0,0.316,17.0,18.09,15.0,15.96,1.031,0.289,30.28,11.53,17.43,28.95,21.67,19.77
746781,2024-06-20,2024,667452,R,623352,L,strikeout,True,False,34.0,0.3,11.0,32.35,4.0,11.76,0.882,0.2,29.69,13.48,18.44,31.91,33.78,25.0,76.0,0.233,19.0,25.0,2.0,2.63,0.62,0.1369999999999999,22.62,11.91,15.05,26.96,35.67,17.27,107.0,0.232,37.0,34.58,8.0,7.48,0.6639999999999999,0.142,36.97,19.38,12.78,32.16,32.91,23.87,184.0,0.146,69.0,37.5,24.0,13.04,0.489,0.071,31.35,15.37,13.74,29.1,32.49,22.62
746781,2024-06-20,2024,657557,R,623352,L,single,False,False,64.0,0.169,21.0,32.81,3.0,4.69,0.575,0.18699999999999997,38.89,22.95,9.43,32.38,31.93,27.63,119.0,0.217,35.0,29.41,9.0,7.56,0.635,0.1319999999999999,33.2,18.24,12.75,30.99,37.18,23.03,107.0,0.232,37.0,34.58,8.0,7.48,0.6639999999999999,0.142,36.97,19.38,12.78,32.16,32.91,23.87,184.0,0.146,69.0,37.5,24.0,13.04,0.489,0.071,31.35,15.37,13.74,29.1,32.49,22.62
746781,2024-06-20,2024,672820,R,623352,L,field_out,False,False,32.0,0.3,5.0,15.62,2.0,6.25,0.9109999999999999,0.26699999999999996,17.31,7.5,16.67,24.17,29.03,17.24,50.0,0.261,10.0,20.0,3.0,6.0,0.741,0.174,22.11,11.8,17.98,29.78,44.19,18.87,107.0,0.232,37.0,34.58,8.0,7.48,0.6639999999999999,0.142,36.97,19.38,12.78,32.16,32.91,23.87,184.0,0.146,69.0,37.5,24.0,13.04,0.489,0.071,31.35,15.37,13.74,29.1,32.49,22.62
746781,2024-06-20,2024,686676,R,623352,L,field_out,False,False,49.0,0.289,12.0,24.49,4.0,8.16,0.725,0.08900000000000002,31.25,17.44,10.47,27.91,35.29,26.09,23.0,0.0,8.0,34.78,1.0,4.35,0.043,0.0,28.12,15.79,7.89,23.68,26.67,17.02,107.0,0.232,37.0,34.58,8.0,7.48,0.6639999999999999,0.142,36.97,19.38,12.78,32.16,32.91,23.87,184.0,0.146,69.0,37.5,24.0,13.04,0.489,0.071,31.35,15.37,13.74,29.1,32.49,22.62
746052,2024-06-21,2024,641487,L,669432,L,single,False,False,70.0,0.302,9.0,12.86,7.0,10.0,0.847,0.174,14.29,5.61,23.16,28.77,11.02,10.59,193.0,0.267,41.0,21.24,27.0,13.99,0.755,0.1149999999999999,19.56,7.7,20.12,27.83,20.15,17.67,78.0,0.279,15.0,19.23,10.0,12.82,0.843,0.19199999999999995,23.24,10.22,16.72,26.93,25.31,17.05,17.0,0.2,5.0,29.41,1.0,5.88,0.494,0.0,30.3,14.49,21.74,36.23,34.48,20.0
746052,2024-06-21,2024,664238,R,669432,L,strikeout,True,False,80.0,0.224,19.0,23.75,8.0,10.0,0.79,0.254,21.17,9.32,17.68,27.01,19.33,21.35,92.0,0.222,28.0,30.43,10.0,10.87,0.796,0.259,33.33,14.66,18.06,32.72,23.83,23.53,239.0,0.292,40.0,16.74,21.0,8.79,0.841,0.189,21.31,10.06,14.81,24.86,29.45,16.18,62.0,0.236,14.0,22.58,5.0,8.06,0.687,0.128,26.4,12.64,14.94,27.59,37.33,16.67
746052,2024-06-21,2024,677594,R,669432,L,single,False,False,89.0,0.296,24.0,26.97,6.0,6.74,0.7589999999999999,0.11099999999999999,32.4,17.74,10.7,28.44,36.93,24.74,169.0,0.301,48.0,28.4,12.0,7.1,0.842,0.186,29.55,15.52,11.29,26.8,35.14,26.23,239.0,0.292,40.0,16.74,21.0,8.79,0.841,0.189,21.31,10.06,14.81,24.86,29.45,16.18,62.0,0.236,14.0,22.58,5.0,8.06,0.687,0.128,26.4,12.64,14.94,27.59,37.33,16.67
746052,2024-06-21,2024,641598,R,669432,L,sac_fly,False,False,75.0,0.215,17.0,22.67,10.0,13.33,0.7969999999999999,0.262,23.31,8.83,22.79,31.62,19.43,13.18,84.0,0.344,12.0,14.29,19.0,22.62,0.938,0.094,15.7,5.37,20.06,25.42,13.76,12.9,239.0,0.292,40.0,16.74,21.0,8.79,0.841,0.189,21.31,10.06,14.81,24.86,29.45,16.18,62.0,0.236,14.0,22.58,5.0,8.06,0.687,0.128,26.4,12.64,14.94,27.59,37.33,16.67
746052,2024-06-21,2024,663728,R,669432,L,strikeout,True,False,68.0,0.121,18.0,26.47,6.0,8.82,0.6,0.258,32.89,17.63,9.71,27.34,32.41,18.95,108.0,0.218,32.0,29.63,7.0,6.48,0.645,0.158,31.38,17.77,9.0,26.78,35.38,24.06,239.0,0.292,40.0,16.74,21.0,8.79,0.841,0.189,21.31,10.06,14.81,24.86,29.45,16.18,62.0,0.236,14.0,22.58,5.0,8.06,0.687,0.128,26.4,12.64,14.94,27.59,37.33,16.67
746052,2024-06-21,2024,665862,L,669923,R,field_out,False,False,196.0,0.263,45.0,22.96,19.0,9.69,0.806,0.20599999999999996,27.81,12.92,13.54,26.46,30.4,20.27,290.0,0.275,91.0,31.38,20.0,6.9,0.8540000000000001,0.25,35.14,15.36,16.88,32.24,26.1,27.41,169.0,0.248,47.0,27.81,6.0,3.55,0.7270000000000001,0.198,25.3,13.08,17.45,30.53,26.8,21.56,354.0,0.246,82.0,23.16,11.0,3.11,0.672,0.156,21.25,11.4,17.29,28.69,29.11,18.14
746052,2024-06-21,2024,650559,R,669923,R,double,False,False,203.0,0.222,54.0,26.6,16.0,7.88,0.697,0.18899999999999997,32.3,16.5,13.69,30.2,32.08,22.69,473.0,0.251,107.0,22.62,29.0,6.13,0.717,0.1689999999999999,28.95,14.54,15.93,30.47,34.61,18.71,182.0,0.22,37.0,20.33,3.0,1.65,0.56,0.10200000000000001,23.06,12.95,13.68,26.64,38.3,15.42,404.0,0.247,90.0,22.28,8.0,1.98,0.659,0.141,24.39,13.48,15.5,28.98,35.88,18.67
746052,2024-06-21,2024,605137,L,669923,R,single,False,False,201.0,0.264,40.0,19.9,11.0,5.47,0.7070000000000001,0.121,29.79,16.02,10.01,26.04,29.05,23.49,432.0,0.239,93.0,21.53,39.0,9.03,0.6970000000000001,0.148,24.59,11.57,13.95,25.52,28.11,20.58,169.0,0.248,47.0,27.81,6.0,3.55,0.7270000000000001,0.198,25.3,13.08,17.45,30.53,26.8,21.56,354.0,0.246,82.0,23.16,11.0,3.11,0.672,0.156,21.25,11.4,17.29,28.69,29.11,18.14
746052,2024-06-21,2024,660821,L,669923,R,field_out,False,False,183.0,0.272,42.0,22.95,10.0,5.46,0.742,0.14799999999999996,25.63,14.0,12.33,26.33,36.54,20.39,353.0,0.258,93.0,26.35,36.0,10.2,0.805,0.21,29.33,14.21,14.01,28.21,30.32,20.53,169.0,0.248,47.0,27.81,6.0,3.55,0.7270000000000001,0.198,25.3,13.08,17.45,30.53,26.8,21.56,354.0,0.246,82.0,23.16,11.0,3.11,0.672,0.156,21.25,11.4,17.29,28.69,29.11,18.14
746052,2024-06-21,2024,669394,R,669923,R,field_out,False,False,145.0,0.241,38.0,26.21,7.0,4.83,0.685,0.16799999999999998,26.77,14.26,16.04,30.3,38.46,27.14,402.0,0.247,112.0,27.86,23.0,5.72,0.8,0.249,34.59,18.69,13.25,31.93,39.43,23.09,182.0,0.22,37.0,20.33,3.0,1.65,0.56,0.10200000000000001,23.06,12.95,13.68,26.64,38.3,15.42,404.0,0.247,90.0,22.28,8.0,1.98,0.659,0.141,24.39,13.48,15.5,28.98,35.88,18.67
746052,2024-06-21,2024,664034,R,669432,L,walk,False,True,73.0,0.25,17.0,23.29,10.0,13.7,0.8009999999999999,0.16699999999999998,30.53,13.7,13.36,27.05,24.84,20.73,160.0,0.28,32.0,20.0,6.0,3.75,0.718,0.1129999999999999,21.07,12.16,10.7,22.85,36.66,14.81,239.0,0.292,40.0,16.74,21.0,8.79,0.841,0.189,21.31,10.06,14.81,24.86,29.45,16.18,62.0,0.236,14.0,22.58,5.0,8.06,0.687,0.128,26.4,12.64,14.94,27.59,37.33,16.67
746052,2024-06-21,2024,571745,R,669432,L,field_out,False,False,83.0,0.158,23.0,27.71,7.0,8.43,0.4,0.013000000000000012,31.82,14.8,17.22,32.02,28.22,20.37,69.0,0.254,17.0,24.64,5.0,7.25,0.706,0.143,26.02,11.43,17.5,28.93,26.06,19.54,239.0,0.292,40.0,16.74,21.0,8.79,0.841,0.189,21.31,10.06,14.81,24.86,29.45,16.18,62.0,0.236,14.0,22.58,5.0,8.06,0.687,0.128,26.4,12.64,14.94,27.59,37.33,16.67
746052,2024-06-21,2024,645302,R,669432,L,field_out,False,False,22.0,0.278,6.0,27.27,2.0,9.09,0.77,0.11099999999999999,34.38,16.67,13.64,30.3,32.35,35.29,40.0,0.364,3.0,7.5,4.0,10.0,0.871,0.06,14.49,7.25,11.59,18.84,26.76,8.33,239.0,0.292,40.0,16.74,21.0,8.79,0.841,0.189,21.31,10.06,14.81,24.86,29.45,16.18,62.0,0.236,14.0,22.58,5.0,8.06,0.687,0.128,26.4,12.64,14.94,27.59,37.33,16.67
746052,2024-06-21,2024,669208,R,669432,L,triple,False,False,22.0,0.167,9.0,40.91,4.0,18.18,0.7070000000000001,0.222,41.03,17.39,15.22,32.61,17.02,37.5,,,,,,,,,,,,,,,239.0,0.292,40.0,16.74,21.0,8.79,0.841,0.189,21.31,10.06,14.81,24.86,29.45,16.18,62.0,0.236,14.0,22.58,5.0,8.06,0.687,0.128,26.4,12.64,14.94,27.59,37.33,16.67
746052,2024-06-21,2024,641487,L,669432,L,field_out,False,False,70.0,0.302,9.0,12.86,7.0,10.0,0.847,0.174,14.29,5.61,23.16,28.77,11.02,10.59,193.0,0.267,41.0,21.24,27.0,13.99,0.755,0.1149999999999999,19.56,7.7,20.12,27.83,20.15,17.67,78.0,0.279,15.0,19.23,10.0,12.82,0.843,0.19199999999999995,23.24,10.22,16.72,26.93,25.31,17.05,17.0,0.2,5.0,29.41,1.0,5.88,0.494,0.0,30.3,14.49,21.74,36.23,34.48,20.0
746052,2024-06-21,2024,641313,R,669923,R,field_out,False,False,130.0,0.205,36.0,27.69,2.0,1.54,0.437,0.015000000000000013,29.77,15.38,15.78,31.16,36.96,22.22,396.0,0.226,95.0,23.99,21.0,5.3,0.538,0.04,26.05,13.64,14.67,28.31,36.05,20.88,182.0,0.22,37.0,20.33,3.0,1.65,0.56,0.10200000000000001,23.06,12.95,13.68,26.64,38.3,15.42,404.0,0.247,90.0,22.28,8.0,1.98,0.659,0.141,24.39,13.48,15.5,28.98,35.88,18.67
746052,2024-06-21,2024,672640,R,669923,R,field_out,False,False,100.0,0.292,16.0,16.0,6.0,6.0,0.753,0.124,22.4,11.92,13.08,25.0,30.99,17.2,,,,,,,,,,,,,,,182.0,0.22,37.0,20.33,3.0,1.65,0.56,0.10200000000000001,23.06,12.95,13.68,26.64,38.3,15.42,404.0,0.247,90.0,22.28,8.0,1.98,0.659,0.141,24.39,13.48,15.5,28.98,35.88,18.67
746052,2024-06-21,2024,656896,R,669923,R,field_out,False,False,67.0,0.182,17.0,25.37,8.0,11.94,0.521,0.036000000000000004,32.0,14.65,15.38,30.04,27.27,17.89,185.0,0.246,40.0,21.62,15.0,8.11,0.651,0.1009999999999999,29.38,13.47,17.14,30.61,25.67,18.1,182.0,0.22,37.0,20.33,3.0,1.65,0.56,0.10200000000000001,23.06,12.95,13.68,26.64,38.3,15.42,404.0,0.247,90.0,22.28,8.0,1.98,0.659,0.141,24.39,13.48,15.5,28.98,35.88,18.67
746052,2024-06-21,2024,664238,R,669432,L,field_out,False,False,80.0,0.224,19.0,23.75,8.0,10.0,0.79,0.254,21.17,9.32,17.68,27.01,19.33,21.35,92.0,0.222,28.0,30.43,10.0,10.87,0.796,0.259,33.33,14.66,18.06,32.72,23.83,23.53,239.0,0.292,40.0,16.74,21.0,8.79,0.841,0.189,21.31,10.06,14.81,24.86,29.45,16.18,62.0,0.236,14.0,22.58,5.0,8.06,0.687,0.128,26.4,12.64,14.94,27.59,37.33,16.67
746052,2024-06-21,2024,677594,R,669432,L,field_out,False,False,89.0,0.296,24.0,26.97,6.0,6.74,0.7589999999999999,0.11099999999999999,32.4,17.74,10.7,28.44,36.93,24.74,169.0,0.301,48.0,28.4,12.0,7.1,0.842,0.186,29.55,15.52,11.29,26.8,35.14,26.23,239.0,0.292,40.0,16.74,21.0,8.79,0.841,0.189,21.31,10.06,14.81,24.86,29.45,16.18,62.0,0.236,14.0,22.58,5.0,8.06,0.687,0.128,26.4,12.64,14.94,27.59,37.33,16.67
746052,2024-06-21,2024,641598,R,669432,L,strikeout,True,False,75.0,0.215,17.0,22.67,10.0,13.33,0.7969999999999999,0.262,23.31,8.83,22.79,31.62,19.43,13.18,84.0,0.344,12.0,14.29,19.0,22.62,0.938,0.094,15.7,5.37,20.06,25.42,13.76,12.9,239.0,0.292,40.0,16.74,21.0,8.79,0.841,0.189,21.31,10.06,14.81,24.86,29.45,16.18,62.0,0.236,14.0,22.58,5.0,8.06,0.687,0.128,26.4,12.64,14.94,27.59,37.33,16.67
746052,2024-06-21,2024,663743,R,669923,R,field_out,False,False,96.0,0.178,11.0,11.46,3.0,3.12,0.477,0.07800000000000001,9.72,4.24,20.0,24.24,24.69,13.75,241.0,0.165,48.0,19.92,14.0,5.81,0.46,0.064,18.93,8.36,19.79,28.15,25.54,22.43,182.0,0.22,37.0,20.33,3.0,1.65,0.56,0.10200000000000001,23.06,12.95,13.68,26.64,38.3,15.42,404.0,0.247,90.0,22.28,8.0,1.98,0.659,0.141,24.39,13.48,15.5,28.98,35.88,18.67
746052,2024-06-21,2024,665862,L,669923,R,strikeout,True,False,196.0,0.263,45.0,22.96,19.0,9.69,0.806,0.20599999999999996,27.81,12.92,13.54,26.46,30.4,20.27,290.0,0.275,91.0,31.38,20.0,6.9,0.8540000000000001,0.25,35.14,15.36,16.88,32.24,26.1,27.41,169.0,0.248,47.0,27.81,6.0,3.55,0.7270000000000001,0.198,25.3,13.08,17.45,30.53,26.8,21.56,354.0,0.246,82.0,23.16,11.0,3.11,0.672,0.156,21.25,11.4,17.29,28.69,29.11,18.14
746052,2024-06-21,2024,650559,R,669923,R,field_out,False,False,203.0,0.222,54.0,26.6,16.0,7.88,0.697,0.18899999999999997,32.3,16.5,13.69,30.2,32.08,22.69,473.0,0.251,107.0,22.62,29.0,6.13,0.717,0.1689999999999999,28.95,14.54,15.93,30.47,34.61,18.71,182.0,0.22,37.0,20.33,3.0,1.65,0.56,0.10200000000000001,23.06,12.95,13.68,26.64,38.3,15.42,404.0,0.247,90.0,22.28,8.0,1.98,0.659,0.141,24.39,13.48,15.5,28.98,35.88,18.67
746052,2024-06-21,2024,663728,R,669432,L,strikeout,True,False,68.0,0.121,18.0,26.47,6.0,8.82,0.6,0.258,32.89,17.63,9.71,27.34,32.41,18.95,108.0,0.218,32.0,29.63,7.0,6.48,0.645,0.158,31.38,17.77,9.0,26.78,35.38,24.06,239.0,0.292,40.0,16.74,21.0,8.79,0.841,0.189,21.31,10.06,14.81,24.86,29.45,16.18,62.0,0.236,14.0,22.58,5.0,8.06,0.687,0.128,26.4,12.64,14.94,27.59,37.33,16.67
746052,2024-06-21,2024,664034,R,669432,L,field_out,False,False,73.0,0.25,17.0,23.29,10.0,13.7,0.8009999999999999,0.16699999999999998,30.53,13.7,13.36,27.05,24.84,20.73,160.0,0.28,32.0,20.0,6.0,3.75,0.718,0.1129999999999999,21.07,12.16,10.7,22.85,36.66,14.81,239.0,0.292,40.0,16.74,21.0,8.79,0.841,0.189,21.31,10.06,14.81,24.86,29.45,16.18,62.0,0.236,14.0,22.58,5.0,8.06,0.687,0.128,26.4,12.64,14.94,27.59,37.33,16.67
746052,2024-06-21,2024,571745,R,669432,L,field_out,False,False,83.0,0.158,23.0,27.71,7.0,8.43,0.4,0.013000000000000012,31.82,14.8,17.22,32.02,28.22,20.37,69.0,0.254,17.0,24.64,5.0,7.25,0.706,0.143,26.02,11.43,17.5,28.93,26.06,19.54,239.0,0.292,40.0,16.74,21.0,8.79,0.841,0.189,21.31,10.06,14.81,24.86,29.45,16.18,62.0,0.236,14.0,22.58,5.0,8.06,0.687,0.128,26.4,12.64,14.94,27.59,37.33,16.67
746052,2024-06-21,2024,605137,L,669923,R,field_out,False,False,201.0,0.264,40.0,19.9,11.0,5.47,0.7070000000000001,0.121,29.79,16.02,10.01,26.04,29.05,23.49,432.0,0.239,93.0,21.53,39.0,9.03,0.6970000000000001,0.148,24.59,11.57,13.95,25.52,28.11,20.58,169.0,0.248,47.0,27.81,6.0,3.55,0.7270000000000001,0.198,25.3,13.08,17.45,30.53,26.8,21.56,354.0,0.246,82.0,23.16,11.0,3.11,0.672,0.156,21.25,11.4,17.29,28.69,29.11,18.14
746052,2024-06-21,2024,660821,L,669923,R,strikeout,True,False,183.0,0.272,42.0,22.95,10.0,5.46,0.742,0.14799999999999996,25.63,14.0,12.33,26.33,36.54,20.39,353.0,0.258,93.0,26.35,36.0,10.2,0.805,0.21,29.33,14.21,14.01,28.21,30.32,20.53,169.0,0.248,47.0,27.81,6.0,3.55,0.7270000000000001,0.198,25.3,13.08,17.45,30.53,26.8,21.56,354.0,0.246,82.0,23.16,11.0,3.11,0.672,0.156,21.25,11.4,17.29,28.69,29.11,18.14
746052,2024-06-21,2024,669394,R,669923,R,field_out,False,False,145.0,0.241,38.0,26.21,7.0,4.83,0.685,0.16799999999999998,26.77,14.26,16.04,30.3,38.46,27.14,402.0,0.247,112.0,27.86,23.0,5.72,0.8,0.249,34.59,18.69,13.25,31.93,39.43,23.09,182.0,0.22,37.0,20.33,3.0,1.65,0.56,0.10200000000000001,23.06,12.95,13.68,26.64,38.3,15.42,404.0,0.247,90.0,22.28,8.0,1.98,0.659,0.141,24.39,13.48,15.5,28.98,35.88,18.67
746052,2024-06-21,2024,645302,R,669432,L,field_out,False,False,22.0,0.278,6.0,27.27,2.0,9.09,0.77,0.11099999999999999,34.38,16.67,13.64,30.3,32.35,35.29,40.0,0.364,3.0,7.5,4.0,10.0,0.871,0.06,14.49,7.25,11.59,18.84,26.76,8.33,239.0,0.292,40.0,16.74,21.0,8.79,0.841,0.189,21.31,10.06,14.81,24.86,29.45,16.18,62.0,0.236,14.0,22.58,5.0,8.06,0.687,0.128,26.4,12.64,14.94,27.59,37.33,16.67
746052,2024-06-21,2024,669208,R,669432,L,single,False,False,22.0,0.167,9.0,40.91,4.0,18.18,0.7070000000000001,0.222,41.03,17.39,15.22,32.61,17.02,37.5,,,,,,,,,,,,,,,239.0,0.292,40.0,16.74,21.0,8.79,0.841,0.189,21.31,10.06,14.81,24.86,29.45,16.18,62.0,0.236,14.0,22.58,5.0,8.06,0.687,0.128,26.4,12.64,14.94,27.59,37.33,16.67
746052,2024-06-21,2024,641487,L,669432,L,field_out,False,False,70.0,0.302,9.0,12.86,7.0,10.0,0.847,0.174,14.29,5.61,23.16,28.77,11.02,10.59,193.0,0.267,41.0,21.24,27.0,13.99,0.755,0.1149999999999999,19.56,7.7,20.12,27.83,20.15,17.67,78.0,0.279,15.0,19.23,10.0,12.82,0.843,0.19199999999999995,23.24,10.22,16.72,26.93,25.31,17.05,17.0,0.2,5.0,29.41,1.0,5.88,0.494,0.0,30.3,14.49,21.74,36.23,34.48,20.0
746052,2024-06-21,2024,641313,R,669923,R,strikeout,True,False,130.0,0.205,36.0,27.69,2.0,1.54,0.437,0.015000000000000013,29.77,15.38,15.78,31.16,36.96,22.22,396.0,0.226,95.0,23.99,21.0,5.3,0.538,0.04,26.05,13.64,14.67,28.31,36.05,20.88,182.0,0.22,37.0,20.33,3.0,1.65,0.56,0.10200000000000001,23.06,12.95,13.68,26.64,38.3,15.42,404.0,0.247,90.0,22.28,8.0,1.98,0.659,0.141,24.39,13.48,15.5,28.98,35.88,18.67
746052,2024-06-21,2024,672640,R,669923,R,field_out,False,False,100.0,0.292,16.0,16.0,6.0,6.0,0.753,0.124,22.4,11.92,13.08,25.0,30.99,17.2,,,,,,,,,,,,,,,182.0,0.22,37.0,20.33,3.0,1.65,0.56,0.10200000000000001,23.06,12.95,13.68,26.64,38.3,15.42,404.0,0.247,90.0,22.28,8.0,1.98,0.659,0.141,24.39,13.48,15.5,28.98,35.88,18.67
746052,2024-06-21,2024,656896,R,669923,R,field_out,False,False,67.0,0.182,17.0,25.37,8.0,11.94,0.521,0.036000000000000004,32.0,14.65,15.38,30.04,27.27,17.89,185.0,0.246,40.0,21.62,15.0,8.11,0.651,0.1009999999999999,29.38,13.47,17.14,30.61,25.67,18.1,182.0,0.22,37.0,20.33,3.0,1.65,0.56,0.10200000000000001,23.06,12.95,13.68,26.64,38.3,15.42,404.0,0.247,90.0,22.28,8.0,1.98,0.659,0.141,24.39,13.48,15.5,28.98,35.88,18.67
746052,2024-06-21,2024,664238,R,669432,L,strikeout,True,False,80.0,0.224,19.0,23.75,8.0,10.0,0.79,0.254,21.17,9.32,17.68,27.01,19.33,21.35,92.0,0.222,28.0,30.43,10.0,10.87,0.796,0.259,33.33,14.66,18.06,32.72,23.83,23.53,239.0,0.292,40.0,16.74,21.0,8.79,0.841,0.189,21.31,10.06,14.81,24.86,29.45,16.18,62.0,0.236,14.0,22.58,5.0,8.06,0.687,0.128,26.4,12.64,14.94,27.59,37.33,16.67
746052,2024-06-21,2024,677594,R,669432,L,field_out,False,False,89.0,0.296,24.0,26.97,6.0,6.74,0.7589999999999999,0.11099999999999999,32.4,17.74,10.7,28.44,36.93,24.74,169.0,0.301,48.0,28.4,12.0,7.1,0.842,0.186,29.55,15.52,11.29,26.8,35.14,26.23,239.0,0.292,40.0,16.74,21.0,8.79,0.841,0.189,21.31,10.06,14.81,24.86,29.45,16.18,62.0,0.236,14.0,22.58,5.0,8.06,0.687,0.128,26.4,12.64,14.94,27.59,37.33,16.67
746052,2024-06-21,2024,641598,R,669432,L,field_out,False,False,75.0,0.215,17.0,22.67,10.0,13.33,0.7969999999999999,0.262,23.31,8.83,22.79,31.62,19.43,13.18,84.0,0.344,12.0,14.29,19.0,22.62,0.938,0.094,15.7,5.37,20.06,25.42,13.76,12.9,239.0,0.292,40.0,16.74,21.0,8.79,0.841,0.189,21.31,10.06,14.81,24.86,29.45,16.18,62.0,0.236,14.0,22.58,5.0,8.06,0.687,0.128,26.4,12.64,14.94,27.59,37.33,16.67
746052,2024-06-21,2024,663743,R,669923,R,field_out,False,False,96.0,0.178,11.0,11.46,3.0,3.12,0.477,0.07800000000000001,9.72,4.24,20.0,24.24,24.69,13.75,241.0,0.165,48.0,19.92,14.0,5.81,0.46,0.064,18.93,8.36,19.79,28.15,25.54,22.43,182.0,0.22,37.0,20.33,3.0,1.65,0.56,0.10200000000000001,23.06,12.95,13.68,26.64,38.3,15.42,404.0,0.247,90.0,22.28,8.0,1.98,0.659,0.141,24.39,13.48,15.5,28.98,35.88,18.67
746052,2024-06-21,2024,665862,L,669923,R,field_out,False,False,196.0,0.263,45.0,22.96,19.0,9.69,0.806,0.20599999999999996,27.81,12.92,13.54,26.46,30.4,20.27,290.0,0.275,91.0,31.38,20.0,6.9,0.8540000000000001,0.25,35.14,15.36,16.88,32.24,26.1,27.41,169.0,0.248,47.0,27.81,6.0,3.55,0.7270000000000001,0.198,25.3,13.08,17.45,30.53,26.8,21.56,354.0,0.246,82.0,23.16,11.0,3.11,0.672,0.156,21.25,11.4,17.29,28.69,29.11,18.14
746052,2024-06-21,2024,650559,R,669923,R,home_run,False,False,203.0,0.222,54.0,26.6,16.0,7.88,0.697,0.18899999999999997,32.3,16.5,13.69,30.2,32.08,22.69,473.0,0.251,107.0,22.62,29.0,6.13,0.717,0.1689999999999999,28.95,14.54,15.93,30.47,34.61,18.71,182.0,0.22,37.0,20.33,3.0,1.65,0.56,0.10200000000000001,23.06,12.95,13.68,26.64,38.3,15.42,404.0,0.247,90.0,22.28,8.0,1.98,0.659,0.141,24.39,13.48,15.5,28.98,35.88,18.67
746052,2024-06-21,2024,605137,L,669923,R,home_run,False,False,201.0,0.264,40.0,19.9,11.0,5.47,0.7070000000000001,0.121,29.79,16.02,10.01,26.04,29.05,23.49,432.0,0.239,93.0,21.53,39.0,9.03,0.6970000000000001,0.148,24.59,11.57,13.95,25.52,28.11,20.58,169.0,0.248,47.0,27.81,6.0,3.55,0.7270000000000001,0.198,25.3,13.08,17.45,30.53,26.8,21.56,354.0,0.246,82.0,23.16,11.0,3.11,0.672,0.156,21.25,11.4,17.29,28.69,29.11,18.14
746052,2024-06-21,2024,660821,L,669923,R,field_out,False,False,183.0,0.272,42.0,22.95,10.0,5.46,0.742,0.14799999999999996,25.63,14.0,12.33,26.33,36.54,20.39,353.0,0.258,93.0,26.35,36.0,10.2,0.805,0.21,29.33,14.21,14.01,28.21,30.32,20.53,169.0,0.248,47.0,27.81,6.0,3.55,0.7270000000000001,0.198,25.3,13.08,17.45,30.53,26.8,21.56,354.0,0.246,82.0,23.16,11.0,3.11,0.672,0.156,21.25,11.4,17.29,28.69,29.11,18.14
746052,2024-06-21,2024,663728,R,669432,L,field_out,False,False,68.0,0.121,18.0,26.47,6.0,8.82,0.6,0.258,32.89,17.63,9.71,27.34,32.41,18.95,108.0,0.218,32.0,29.63,7.0,6.48,0.645,0.158,31.38,17.77,9.0,26.78,35.38,24.06,239.0,0.292,40.0,16.74,21.0,8.79,0.841,0.189,21.31,10.06,14.81,24.86,29.45,16.18,62.0,0.236,14.0,22.58,5.0,8.06,0.687,0.128,26.4,12.64,14.94,27.59,37.33,16.67
746052,2024-06-21,2024,664034,R,623211,R,strikeout,True,False,176.0,0.242,42.0,23.86,14.0,7.95,0.7,0.14,20.31,9.5,15.25,24.75,23.75,18.5,506.0,0.24,85.0,16.8,37.0,7.31,0.698,0.1169999999999999,22.16,11.42,13.69,25.11,32.3,15.51,25.0,0.143,6.0,24.0,2.0,8.0,0.42300000000000004,0.0,20.97,12.15,12.15,24.3,42.59,16.22,161.0,0.209,46.0,28.57,20.0,12.42,0.618,0.0819999999999999,31.65,14.73,15.91,30.63,34.11,20.72
746052,2024-06-21,2024,571745,R,623211,R,strikeout,True,False,180.0,0.247,48.0,26.67,15.0,8.33,0.727,0.16699999999999998,30.28,12.99,17.32,30.31,21.43,21.08,161.0,0.189,48.0,29.81,10.0,6.21,0.599,0.1619999999999999,28.57,13.33,19.22,32.56,25.34,22.02,25.0,0.143,6.0,24.0,2.0,8.0,0.42300000000000004,0.0,20.97,12.15,12.15,24.3,42.59,16.22,161.0,0.209,46.0,28.57,20.0,12.42,0.618,0.0819999999999999,31.65,14.73,15.91,30.63,34.11,20.72
746052,2024-06-21,2024,669394,R,669923,R,strikeout,True,False,145.0,0.241,38.0,26.21,7.0,4.83,0.685,0.16799999999999998,26.77,14.26,16.04,30.3,38.46,27.14,402.0,0.247,112.0,27.86,23.0,5.72,0.8,0.249,34.59,18.69,13.25,31.93,39.43,23.09,182.0,0.22,37.0,20.33,3.0,1.65,0.56,0.10200000000000001,23.06,12.95,13.68,26.64,38.3,15.42,404.0,0.247,90.0,22.28,8.0,1.98,0.659,0.141,24.39,13.48,15.5,28.98,35.88,18.67
746052,2024-06-21,2024,641313,R,669923,R,single,False,False,130.0,0.205,36.0,27.69,2.0,1.54,0.437,0.015000000000000013,29.77,15.38,15.78,31.16,36.96,22.22,396.0,0.226,95.0,23.99,21.0,5.3,0.538,0.04,26.05,13.64,14.67,28.31,36.05,20.88,182.0,0.22,37.0,20.33,3.0,1.65,0.56,0.10200000000000001,23.06,12.95,13.68,26.64,38.3,15.42,404.0,0.247,90.0,22.28,8.0,1.98,0.659,0.141,24.39,13.48,15.5,28.98,35.88,18.67
746052,2024-06-21,2024,672640,R,669923,R,strikeout,True,False,100.0,0.292,16.0,16.0,6.0,6.0,0.753,0.124,22.4,11.92,13.08,25.0,30.99,17.2,,,,,,,,,,,,,,,182.0,0.22,37.0,20.33,3.0,1.65,0.56,0.10200000000000001,23.06,12.95,13.68,26.64,38.3,15.42,404.0,0.247,90.0,22.28,8.0,1.98,0.659,0.141,24.39,13.48,15.5,28.98,35.88,18.67
746052,2024-06-21,2024,645302,R,677053,L,single,False,False,22.0,0.278,6.0,27.27,2.0,9.09,0.77,0.11099999999999999,34.38,16.67,13.64,30.3,32.35,35.29,40.0,0.364,3.0,7.5,4.0,10.0,0.871,0.06,14.49,7.25,11.59,18.84,26.76,8.33,71.0,0.312,16.0,22.54,5.0,7.04,0.928,0.25000000000000006,23.08,12.04,15.05,27.09,33.99,16.33,152.0,0.244,43.0,28.29,12.0,7.89,0.7250000000000001,0.156,25.08,13.04,14.17,27.21,33.33,18.53
746052,2024-06-21,2024,669208,R,677053,L,single,False,False,22.0,0.167,9.0,40.91,4.0,18.18,0.7070000000000001,0.222,41.03,17.39,15.22,32.61,17.02,37.5,,,,,,,,,,,,,,,71.0,0.312,16.0,22.54,5.0,7.04,0.928,0.25000000000000006,23.08,12.04,15.05,27.09,33.99,16.33,152.0,0.244,43.0,28.29,12.0,7.89,0.7250000000000001,0.156,25.08,13.04,14.17,27.21,33.33,18.53
746052,2024-06-21,2024,641487,L,677053,L,strikeout,True,False,70.0,0.302,9.0,12.86,7.0,10.0,0.847,0.174,14.29,5.61,23.16,28.77,11.02,10.59,193.0,0.267,41.0,21.24,27.0,13.99,0.755,0.1149999999999999,19.56,7.7,20.12,27.83,20.15,17.67,47.0,0.186,15.0,31.91,2.0,4.26,0.473,0.07,33.64,18.23,10.84,29.06,37.5,22.39,85.0,0.158,30.0,35.29,9.0,10.59,0.55,0.145,36.02,16.81,16.23,33.04,29.94,28.04
746052,2024-06-21,2024,664238,R,677053,L,strikeout,True,False,80.0,0.224,19.0,23.75,8.0,10.0,0.79,0.254,21.17,9.32,17.68,27.01,19.33,21.35,92.0,0.222,28.0,30.43,10.0,10.87,0.796,0.259,33.33,14.66,18.06,32.72,23.83,23.53,71.0,0.312,16.0,22.54,5.0,7.04,0.928,0.25000000000000006,23.08,12.04,15.05,27.09,33.99,16.33,152.0,0.244,43.0,28.29,12.0,7.89,0.7250000000000001,0.156,25.08,13.04,14.17,27.21,33.33,18.53
746052,2024-06-21,2024,677594,R,676534,R,strikeout,True,False,237.0,0.252,65.0,27.43,14.0,5.91,0.633,0.08100000000000002,30.45,16.21,12.13,28.35,35.92,19.57,545.0,0.267,127.0,23.3,35.0,6.42,0.8109999999999999,0.2169999999999999,27.93,14.91,13.12,28.03,38.34,22.84,71.0,0.274,14.0,19.72,6.0,8.45,0.719,0.09699999999999998,25.81,11.35,13.83,25.18,19.44,15.91,76.0,0.265,19.0,25.0,8.0,10.53,0.827,0.2199999999999999,25.16,12.27,15.95,28.22,27.98,15.97
746052,2024-06-21,2024,656896,R,592773,R,field_out,False,False,67.0,0.182,17.0,25.37,8.0,11.94,0.521,0.036000000000000004,32.0,14.65,15.38,30.04,27.27,17.89,185.0,0.246,40.0,21.62,15.0,8.11,0.651,0.1009999999999999,29.38,13.47,17.14,30.61,25.67,18.1,62.0,0.196,17.0,27.42,5.0,8.06,0.542,0.07200000000000001,30.88,17.14,11.02,28.16,39.06,19.77,116.0,0.231,31.0,26.72,11.0,9.48,0.752,0.211,31.3,16.45,11.54,27.99,28.0,17.61
746052,2024-06-21,2024,663743,R,592773,R,strikeout,True,False,96.0,0.178,11.0,11.46,3.0,3.12,0.477,0.07800000000000001,9.72,4.24,20.0,24.24,24.69,13.75,241.0,0.165,48.0,19.92,14.0,5.81,0.46,0.064,18.93,8.36,19.79,28.15,25.54,22.43,62.0,0.196,17.0,27.42,5.0,8.06,0.542,0.07200000000000001,30.88,17.14,11.02,28.16,39.06,19.77,116.0,0.231,31.0,26.72,11.0,9.48,0.752,0.211,31.3,16.45,11.54,27.99,28.0,17.61
746052,2024-06-21,2024,665862,L,592773,R,strikeout,True,False,196.0,0.263,45.0,22.96,19.0,9.69,0.806,0.20599999999999996,27.81,12.92,13.54,26.46,30.4,20.27,290.0,0.275,91.0,31.38,20.0,6.9,0.8540000000000001,0.25,35.14,15.36,16.88,32.24,26.1,27.41,63.0,0.273,14.0,22.22,6.0,9.52,0.7849999999999999,0.16299999999999998,26.09,13.28,13.65,26.94,32.82,15.22,97.0,0.209,20.0,20.62,10.0,10.31,0.615,0.117,29.95,15.58,9.3,24.87,27.09,18.02
746052,2024-06-21,2024,641598,R,656945,L,walk,False,True,75.0,0.215,17.0,22.67,10.0,13.33,0.7969999999999999,0.262,23.31,8.83,22.79,31.62,19.43,13.18,84.0,0.344,12.0,14.29,19.0,22.62,0.938,0.094,15.7,5.37,20.06,25.42,13.76,12.9,94.0,0.158,24.0,25.53,13.0,13.83,0.518,0.07899999999999999,31.43,14.91,16.53,31.44,31.15,22.64,207.0,0.19,65.0,31.4,13.0,6.28,0.5,0.0529999999999999,32.79,17.6,15.73,33.33,40.1,24.9
746052,2024-06-21,2024,663728,R,656945,L,grounded_into_double_play,False,False,68.0,0.121,18.0,26.47,6.0,8.82,0.6,0.258,32.89,17.63,9.71,27.34,32.41,18.95,108.0,0.218,32.0,29.63,7.0,6.48,0.645,0.158,31.38,17.77,9.0,26.78,35.38,24.06,94.0,0.158,24.0,25.53,13.0,13.83,0.518,0.07899999999999999,31.43,14.91,16.53,31.44,31.15,22.64,207.0,0.19,65.0,31.4,13.0,6.28,0.5,0.0529999999999999,32.79,17.6,15.73,33.33,40.1,24.9
746052,2024-06-21,2024,664034,R,656945,L,field_out,False,False,73.0,0.25,17.0,23.29,10.0,13.7,0.8009999999999999,0.16699999999999998,30.53,13.7,13.36,27.05,24.84,20.73,160.0,0.28,32.0,20.0,6.0,3.75,0.718,0.1129999999999999,21.07,12.16,10.7,22.85,36.66,14.81,94.0,0.158,24.0,25.53,13.0,13.83,0.518,0.07899999999999999,31.43,14.91,16.53,31.44,31.15,22.64,207.0,0.19,65.0,31.4,13.0,6.28,0.5,0.0529999999999999,32.79,17.6,15.73,33.33,40.1,24.9
746052,2024-06-21,2024,650559,R,662253,R,single,False,False,203.0,0.222,54.0,26.6,16.0,7.88,0.697,0.18899999999999997,32.3,16.5,13.69,30.2,32.08,22.69,473.0,0.251,107.0,22.62,29.0,6.13,0.717,0.1689999999999999,28.95,14.54,15.93,30.47,34.61,18.71,63.0,0.15,28.0,44.44,3.0,4.76,0.373,0.033,46.56,22.43,15.81,38.24,35.98,33.33,108.0,0.194,36.0,33.33,12.0,11.11,0.575,0.075,42.42,20.05,17.9,37.95,33.98,28.12
746052,2024-06-21,2024,605137,L,662253,R,field_out,False,False,201.0,0.264,40.0,19.9,11.0,5.47,0.7070000000000001,0.121,29.79,16.02,10.01,26.04,29.05,23.49,432.0,0.239,93.0,21.53,39.0,9.03,0.6970000000000001,0.148,24.59,11.57,13.95,25.52,28.11,20.58,56.0,0.208,14.0,25.0,7.0,12.5,0.654,0.12500000000000003,27.27,12.33,17.35,29.68,33.06,22.95,104.0,0.242,31.0,29.81,10.0,9.62,0.671,0.099,36.45,17.25,16.55,33.8,30.63,24.03
746052,2024-06-21,2024,660821,L,662253,R,field_out,False,False,183.0,0.272,42.0,22.95,10.0,5.46,0.742,0.14799999999999996,25.63,14.0,12.33,26.33,36.54,20.39,353.0,0.258,93.0,26.35,36.0,10.2,0.805,0.21,29.33,14.21,14.01,28.21,30.32,20.53,56.0,0.208,14.0,25.0,7.0,12.5,0.654,0.12500000000000003,27.27,12.33,17.35,29.68,33.06,22.95,104.0,0.242,31.0,29.81,10.0,9.62,0.671,0.099,36.45,17.25,16.55,33.8,30.63,24.03
746052,2024-06-21,2024,669394,R,662253,R,field_out,False,False,145.0,0.241,38.0,26.21,7.0,4.83,0.685,0.16799999999999998,26.77,14.26,16.04,30.3,38.46,27.14,402.0,0.247,112.0,27.86,23.0,5.72,0.8,0.249,34.59,18.69,13.25,31.93,39.43,23.09,63.0,0.15,28.0,44.44,3.0,4.76,0.373,0.033,46.56,22.43,15.81,38.24,35.98,33.33,108.0,0.194,36.0,33.33,12.0,11.11,0.575,0.075,42.42,20.05,17.9,37.95,33.98,28.12
746052,2024-06-21,2024,571745,R,669622,R,field_out,False,False,180.0,0.247,48.0,26.67,15.0,8.33,0.727,0.16699999999999998,30.28,12.99,17.32,30.31,21.43,21.08,161.0,0.189,48.0,29.81,10.0,6.21,0.599,0.1619999999999999,28.57,13.33,19.22,32.56,25.34,22.02,75.0,0.265,19.0,25.33,4.0,5.33,0.7150000000000001,0.11699999999999999,25.17,10.71,21.73,32.44,28.66,15.83,,,,,,,,,,,,,,
746052,2024-06-21,2024,668942,L,669622,R,field_out,False,False,202.0,0.282,30.0,14.85,18.0,8.91,0.786,0.15400000000000003,16.84,7.81,16.98,24.78,22.02,12.35,299.0,0.249,64.0,21.4,22.0,7.36,0.6559999999999999,0.1019999999999999,22.77,10.13,19.65,29.78,25.55,19.69,48.0,0.275,9.0,18.75,7.0,14.58,0.821,0.14999999999999997,22.08,9.04,18.09,27.13,26.8,16.36,,,,,,,,,,,,,,
746052,2024-06-21,2024,686527,L,669622,R,field_out,False,False,103.0,0.228,27.0,26.21,10.0,9.71,0.768,0.23900000000000002,34.57,17.57,16.22,33.78,38.97,25.23,155.0,0.221,26.0,16.77,5.0,3.23,0.661,0.1879999999999999,24.65,13.73,16.86,30.59,41.27,21.85,48.0,0.275,9.0,18.75,7.0,14.58,0.821,0.14999999999999997,22.08,9.04,18.09,27.13,26.8,16.36,,,,,,,,,,,,,,
746052,2024-06-21,2024,641313,R,608723,R,single,False,False,130.0,0.205,36.0,27.69,2.0,1.54,0.437,0.015000000000000013,29.77,15.38,15.78,31.16,36.96,22.22,396.0,0.226,95.0,23.99,21.0,5.3,0.538,0.04,26.05,13.64,14.67,28.31,36.05,20.88,54.0,0.18,16.0,29.63,3.0,5.56,0.601,0.18,35.14,17.89,15.14,33.03,37.7,23.88,92.0,0.272,24.0,26.09,8.0,8.7,0.847,0.2339999999999999,30.85,15.63,15.36,31.0,35.26,18.75
746624,2024-06-21,2024,676914,R,471911,R,single,False,False,178.0,0.237,42.0,23.6,20.0,11.24,0.78,0.20400000000000001,25.55,10.55,18.66,29.21,20.94,16.41,87.0,0.247,27.0,31.03,11.0,12.64,0.8340000000000001,0.219,37.06,13.98,21.9,35.88,15.66,21.77,123.0,0.273,19.0,15.45,5.0,4.07,0.837,0.236,22.77,11.59,15.23,26.82,30.67,15.97,230.0,0.327,41.0,17.83,12.0,5.22,0.943,0.2419999999999999,25.4,13.01,14.77,27.78,31.94,14.29
746624,2024-06-21,2024,457759,R,471911,R,grounded_into_double_play,False,False,186.0,0.22,30.0,16.13,22.0,11.83,0.668,0.12000000000000002,19.07,8.89,16.59,25.48,27.42,10.53,462.0,0.273,78.0,16.88,33.0,7.14,0.765,0.1569999999999999,16.44,7.32,17.97,25.29,25.33,12.0,123.0,0.273,19.0,15.45,5.0,4.07,0.837,0.236,22.77,11.59,15.23,26.82,30.67,15.97,230.0,0.327,41.0,17.83,12.0,5.22,0.943,0.2419999999999999,25.4,13.01,14.77,27.78,31.94,14.29
746624,2024-06-21,2024,665489,R,471911,R,field_out,False,False,262.0,0.286,46.0,17.56,27.0,10.31,0.76,0.11100000000000004,24.75,11.81,15.33,27.14,26.01,14.11,558.0,0.26,85.0,15.23,48.0,8.6,0.792,0.2,23.83,12.29,11.94,24.23,30.21,15.37,123.0,0.273,19.0,15.45,5.0,4.07,0.837,0.236,22.77,11.59,15.23,26.82,30.67,15.97,230.0,0.327,41.0,17.83,12.0,5.22,0.943,0.2419999999999999,25.4,13.01,14.77,27.78,31.94,14.29
746624,2024-06-21,2024,680757,L,684320,R,field_out,False,False,150.0,0.371,10.0,6.67,14.0,9.33,1.0,0.19000000000000006,6.67,2.75,21.99,24.74,20.07,6.37,494.0,0.272,52.0,10.53,50.0,10.12,0.73,0.1119999999999999,10.22,4.19,22.03,26.23,20.67,8.84,29.0,0.269,6.0,20.69,3.0,10.34,0.691,0.07699999999999996,16.36,6.98,17.83,24.81,25.37,14.29,,,,,,,,,,,,,,
746624,2024-06-21,2024,665926,L,684320,R,field_out,False,False,209.0,0.245,31.0,14.83,12.0,5.74,0.6499999999999999,0.10099999999999998,25.0,13.74,12.02,25.77,36.3,12.05,419.0,0.243,86.0,20.53,24.0,5.73,0.712,0.162,26.46,14.29,12.8,27.09,38.97,17.27,29.0,0.269,6.0,20.69,3.0,10.34,0.691,0.07699999999999996,16.36,6.98,17.83,24.81,25.37,14.29,,,,,,,,,,,,,,
746624,2024-06-21,2024,608070,L,684320,R,field_out,False,False,211.0,0.245,24.0,11.37,17.0,8.06,0.808,0.255,13.56,6.64,13.27,19.91,30.97,8.86,461.0,0.302,48.0,10.41,54.0,11.71,0.863,0.179,15.4,6.98,13.91,20.89,28.02,10.17,29.0,0.269,6.0,20.69,3.0,10.34,0.691,0.07699999999999996,16.36,6.98,17.83,24.81,25.37,14.29,,,,,,,,,,,,,,
746624,2024-06-21,2024,662139,L,471911,R,strikeout,True,False,208.0,0.197,60.0,28.85,19.0,9.13,0.7210000000000001,0.25,26.79,12.3,16.04,28.34,23.63,24.69,466.0,0.202,111.0,23.82,36.0,7.73,0.662,0.19,25.51,12.84,15.05,27.89,29.23,18.26,137.0,0.289,25.0,18.25,16.0,11.68,0.851,0.19,23.79,10.69,15.45,26.14,25.61,18.52,188.0,0.288,25.0,13.3,26.0,13.83,0.871,0.193,23.78,9.88,15.43,25.3,24.54,14.53
746624,2024-06-21,2024,643376,R,471911,R,strikeout,True,False,128.0,0.239,17.0,13.28,13.0,10.16,0.78,0.22100000000000003,17.16,6.8,20.39,27.18,19.28,10.81,215.0,0.237,46.0,21.4,16.0,7.44,0.784,0.221,25.13,11.59,15.17,26.76,23.75,20.09,123.0,0.273,19.0,15.45,5.0,4.07,0.837,0.236,22.77,11.59,15.23,26.82,30.67,15.97,230.0,0.327,41.0,17.83,12.0,5.22,0.943,0.2419999999999999,25.4,13.01,14.77,27.78,31.94,14.29
746624,2024-06-21,2024,543807,R,471911,R,strikeout,True,False,212.0,0.218,33.0,15.57,22.0,10.38,0.621,0.101,23.71,12.28,12.82,25.1,23.56,15.57,539.0,0.262,101.0,18.74,43.0,7.98,0.738,0.1489999999999999,23.18,11.37,14.48,25.84,23.35,18.21,123.0,0.273,19.0,15.45,5.0,4.07,0.837,0.236,22.77,11.59,15.23,26.82,30.67,15.97,230.0,0.327,41.0,17.83,12.0,5.22,0.943,0.2419999999999999,25.4,13.01,14.77,27.78,31.94,14.29
746624,2024-06-21,2024,647304,L,684320,R,double,False,False,206.0,0.257,27.0,13.11,21.0,10.19,0.8760000000000001,0.279,19.89,10.25,9.97,20.22,32.38,13.71,348.0,0.311,53.0,15.23,25.0,7.18,0.851,0.184,21.29,11.96,9.18,21.15,41.36,16.99,29.0,0.269,6.0,20.69,3.0,10.34,0.691,0.07699999999999996,16.36,6.98,17.83,24.81,25.37,14.29,,,,,,,,,,,,,,
746624,2024-06-21,2024,671289,R,684320,R,walk,False,True,179.0,0.231,26.0,14.53,11.0,6.15,0.6579999999999999,0.11499999999999996,16.44,7.74,19.59,27.33,29.97,15.66,89.0,0.266,17.0,19.1,6.0,6.74,0.656,0.076,20.13,9.22,18.73,27.95,29.94,17.0,43.0,0.324,10.0,23.26,5.0,11.63,0.9869999999999999,0.24399999999999994,29.55,15.03,16.18,31.21,29.55,15.87,,,,,,,,,,,,,,
746624,2024-06-21,2024,686823,L,684320,R,walk,False,True,188.0,0.269,22.0,11.7,14.0,7.45,0.774,0.175,18.01,9.77,11.58,21.35,32.83,12.94,369.0,0.279,45.0,12.2,14.0,3.79,0.6930000000000001,0.0999999999999999,17.97,10.23,12.48,22.71,38.5,12.47,29.0,0.269,6.0,20.69,3.0,10.34,0.691,0.07699999999999996,16.36,6.98,17.83,24.81,25.37,14.29,,,,,,,,,,,,,,
746624,2024-06-21,2024,671286,R,684320,R,walk,False,True,8.0,0.143,4.0,50.0,1.0,12.5,0.393,0.0,55.56,29.41,8.82,38.24,41.67,26.67,,,,,,,,,,,,,,,43.0,0.324,10.0,23.26,5.0,11.63,0.9869999999999999,0.24399999999999994,29.55,15.03,16.18,31.21,29.55,15.87,,,,,,,,,,,,,,
746624,2024-06-21,2024,677587,L,684320,R,strikeout,True,False,153.0,0.242,21.0,13.73,20.0,13.07,0.683,0.08600000000000002,20.42,9.48,15.03,24.51,28.18,11.05,53.0,0.3,12.0,22.64,2.0,3.77,0.7010000000000001,0.08,28.07,15.31,15.79,31.1,41.59,17.39,29.0,0.269,6.0,20.69,3.0,10.34,0.691,0.07699999999999996,16.36,6.98,17.83,24.81,25.37,14.29,,,,,,,,,,,,,,
746624,2024-06-21,2024,595978,R,684320,R,single,False,False,26.0,0.12,10.0,38.46,1.0,3.85,0.314,0.04000000000000001,32.69,18.68,16.48,35.16,36.84,35.71,136.0,0.205,31.0,22.79,6.0,4.41,0.477,0.026,29.05,14.86,16.56,31.42,32.03,24.41,43.0,0.324,10.0,23.26,5.0,11.63,0.9869999999999999,0.24399999999999994,29.55,15.03,16.18,31.21,29.55,15.87,,,,,,,,,,,,,,
746624,2024-06-21,2024,680757,L,670102,R,force_out,False,False,150.0,0.371,10.0,6.67,14.0,9.33,1.0,0.19000000000000006,6.67,2.75,21.99,24.74,20.07,6.37,494.0,0.272,52.0,10.53,50.0,10.12,0.73,0.1119999999999999,10.22,4.19,22.03,26.23,20.67,8.84,51.0,0.222,9.0,17.65,5.0,9.8,0.647,0.11100000000000002,21.78,10.95,13.43,24.38,22.83,16.36,73.0,0.197,13.0,17.81,2.0,2.74,0.557,0.141,14.29,7.34,17.83,25.17,34.33,14.29
746624,2024-06-21,2024,665926,L,670102,R,field_error,False,False,209.0,0.245,31.0,14.83,12.0,5.74,0.6499999999999999,0.10099999999999998,25.0,13.74,12.02,25.77,36.3,12.05,419.0,0.243,86.0,20.53,24.0,5.73,0.712,0.162,26.46,14.29,12.8,27.09,38.97,17.27,51.0,0.222,9.0,17.65,5.0,9.8,0.647,0.11100000000000002,21.78,10.95,13.43,24.38,22.83,16.36,73.0,0.197,13.0,17.81,2.0,2.74,0.557,0.141,14.29,7.34,17.83,25.17,34.33,14.29
746624,2024-06-21,2024,608070,L,670102,R,single,False,False,211.0,0.245,24.0,11.37,17.0,8.06,0.808,0.255,13.56,6.64,13.27,19.91,30.97,8.86,461.0,0.302,48.0,10.41,54.0,11.71,0.863,0.179,15.4,6.98,13.91,20.89,28.02,10.17,51.0,0.222,9.0,17.65,5.0,9.8,0.647,0.11100000000000002,21.78,10.95,13.43,24.38,22.83,16.36,73.0,0.197,13.0,17.81,2.0,2.74,0.557,0.141,14.29,7.34,17.83,25.17,34.33,14.29
746624,2024-06-21,2024,647304,L,670102,R,single,False,False,206.0,0.257,27.0,13.11,21.0,10.19,0.8760000000000001,0.279,19.89,10.25,9.97,20.22,32.38,13.71,348.0,0.311,53.0,15.23,25.0,7.18,0.851,0.184,21.29,11.96,9.18,21.15,41.36,16.99,51.0,0.222,9.0,17.65,5.0,9.8,0.647,0.11100000000000002,21.78,10.95,13.43,24.38,22.83,16.36,73.0,0.197,13.0,17.81,2.0,2.74,0.557,0.141,14.29,7.34,17.83,25.17,34.33,14.29
746624,2024-06-21,2024,671289,R,670102,R,walk,False,True,179.0,0.231,26.0,14.53,11.0,6.15,0.6579999999999999,0.11499999999999996,16.44,7.74,19.59,27.33,29.97,15.66,89.0,0.266,17.0,19.1,6.0,6.74,0.656,0.076,20.13,9.22,18.73,27.95,29.94,17.0,67.0,0.317,15.0,22.39,3.0,4.48,0.977,0.302,21.31,11.11,16.67,27.78,24.75,21.43,63.0,0.145,22.0,34.92,6.0,9.52,0.5289999999999999,0.146,34.17,16.21,17.0,33.2,24.22,24.44
746624,2024-06-21,2024,686823,L,670102,R,walk,False,True,188.0,0.269,22.0,11.7,14.0,7.45,0.774,0.175,18.01,9.77,11.58,21.35,32.83,12.94,369.0,0.279,45.0,12.2,14.0,3.79,0.6930000000000001,0.0999999999999999,17.97,10.23,12.48,22.71,38.5,12.47,51.0,0.222,9.0,17.65,5.0,9.8,0.647,0.11100000000000002,21.78,10.95,13.43,24.38,22.83,16.36,73.0,0.197,13.0,17.81,2.0,2.74,0.557,0.141,14.29,7.34,17.83,25.17,34.33,14.29
746624,2024-06-21,2024,671286,R,670102,R,field_out,False,False,8.0,0.143,4.0,50.0,1.0,12.5,0.393,0.0,55.56,29.41,8.82,38.24,41.67,26.67,,,,,,,,,,,,,,,67.0,0.317,15.0,22.39,3.0,4.48,0.977,0.302,21.31,11.11,16.67,27.78,24.75,21.43,63.0,0.145,22.0,34.92,6.0,9.52,0.5289999999999999,0.146,34.17,16.21,17.0,33.2,24.22,24.44
746624,2024-06-21,2024,680718,L,471911,R,strikeout,True,False,29.0,0.25,5.0,17.24,1.0,3.45,0.562,0.035999999999999976,25.0,13.27,19.39,32.65,34.78,20.83,,,,,,,,,,,,,,,137.0,0.289,25.0,18.25,16.0,11.68,0.851,0.19,23.79,10.69,15.45,26.14,25.61,18.52,188.0,0.288,25.0,13.3,26.0,13.83,0.871,0.193,23.78,9.88,15.43,25.3,24.54,14.53
746624,2024-06-21,2024,682619,R,471911,R,strikeout,True,False,,,,,,,,,,,,,,,,,,,,,,,,,,,,,123.0,0.273,19.0,15.45,5.0,4.07,0.837,0.236,22.77,11.59,15.23,26.82,30.67,15.97,230.0,0.327,41.0,17.83,12.0,5.22,0.943,0.2419999999999999,25.4,13.01,14.77,27.78,31.94,14.29
746624,2024-06-21,2024,643396,R,471911,R,field_out,False,False,174.0,0.266,23.0,13.22,10.0,5.75,0.683,0.10699999999999998,14.03,6.54,21.48,28.02,32.99,14.84,273.0,0.246,54.0,19.78,17.0,6.23,0.6479999999999999,0.1069999999999999,19.6,9.05,20.2,29.25,28.6,15.56,123.0,0.273,19.0,15.45,5.0,4.07,0.837,0.236,22.77,11.59,15.23,26.82,30.67,15.97,230.0,0.327,41.0,17.83,12.0,5.22,0.943,0.2419999999999999,25.4,13.01,14.77,27.78,31.94,14.29
746624,2024-06-21,2024,677587,L,670102,R,field_out,False,False,153.0,0.242,21.0,13.73,20.0,13.07,0.683,0.08600000000000002,20.42,9.48,15.03,24.51,28.18,11.05,53.0,0.3,12.0,22.64,2.0,3.77,0.7010000000000001,0.08,28.07,15.31,15.79,31.1,41.59,17.39,51.0,0.222,9.0,17.65,5.0,9.8,0.647,0.11100000000000002,21.78,10.95,13.43,24.38,22.83,16.36,73.0,0.197,13.0,17.81,2.0,2.74,0.557,0.141,14.29,7.34,17.83,25.17,34.33,14.29
746624,2024-06-21,2024,595978,R,670102,R,field_out,False,False,26.0,0.12,10.0,38.46,1.0,3.85,0.314,0.04000000000000001,32.69,18.68,16.48,35.16,36.84,35.71,136.0,0.205,31.0,22.79,6.0,4.41,0.477,0.026,29.05,14.86,16.56,31.42,32.03,24.41,67.0,0.317,15.0,22.39,3.0,4.48,0.977,0.302,21.31,11.11,16.67,27.78,24.75,21.43,63.0,0.145,22.0,34.92,6.0,9.52,0.5289999999999999,0.146,34.17,16.21,17.0,33.2,24.22,24.44
746624,2024-06-21,2024,680757,L,670102,R,strikeout,True,False,150.0,0.371,10.0,6.67,14.0,9.33,1.0,0.19000000000000006,6.67,2.75,21.99,24.74,20.07,6.37,494.0,0.272,52.0,10.53,50.0,10.12,0.73,0.1119999999999999,10.22,4.19,22.03,26.23,20.67,8.84,51.0,0.222,9.0,17.65,5.0,9.8,0.647,0.11100000000000002,21.78,10.95,13.43,24.38,22.83,16.36,73.0,0.197,13.0,17.81,2.0,2.74,0.557,0.141,14.29,7.34,17.83,25.17,34.33,14.29
746624,2024-06-21,2024,676914,R,471911,R,field_out,False,False,178.0,0.237,42.0,23.6,20.0,11.24,0.78,0.20400000000000001,25.55,10.55,18.66,29.21,20.94,16.41,87.0,0.247,27.0,31.03,11.0,12.64,0.8340000000000001,0.219,37.06,13.98,21.9,35.88,15.66,21.77,123.0,0.273,19.0,15.45,5.0,4.07,0.837,0.236,22.77,11.59,15.23,26.82,30.67,15.97,230.0,0.327,41.0,17.83,12.0,5.22,0.943,0.2419999999999999,25.4,13.01,14.77,27.78,31.94,14.29
746624,2024-06-21,2024,457759,R,471911,R,field_out,False,False,186.0,0.22,30.0,16.13,22.0,11.83,0.668,0.12000000000000002,19.07,8.89,16.59,25.48,27.42,10.53,462.0,0.273,78.0,16.88,33.0,7.14,0.765,0.1569999999999999,16.44,7.32,17.97,25.29,25.33,12.0,123.0,0.273,19.0,15.45,5.0,4.07,0.837,0.236,22.77,11.59,15.23,26.82,30.67,15.97,230.0,0.327,41.0,17.83,12.0,5.22,0.943,0.2419999999999999,25.4,13.01,14.77,27.78,31.94,14.29
746624,2024-06-21,2024,665489,R,471911,R,home_run,False,False,262.0,0.286,46.0,17.56,27.0,10.31,0.76,0.11100000000000004,24.75,11.81,15.33,27.14,26.01,14.11,558.0,0.26,85.0,15.23,48.0,8.6,0.792,0.2,23.83,12.29,11.94,24.23,30.21,15.37,123.0,0.273,19.0,15.45,5.0,4.07,0.837,0.236,22.77,11.59,15.23,26.82,30.67,15.97,230.0,0.327,41.0,17.83,12.0,5.22,0.943,0.2419999999999999,25.4,13.01,14.77,27.78,31.94,14.29
746624,2024-06-21,2024,662139,L,471911,R,field_out,False,False,208.0,0.197,60.0,28.85,19.0,9.13,0.7210000000000001,0.25,26.79,12.3,16.04,28.34,23.63,24.69,466.0,0.202,111.0,23.82,36.0,7.73,0.662,0.19,25.51,12.84,15.05,27.89,29.23,18.26,137.0,0.289,25.0,18.25,16.0,11.68,0.851,0.19,23.79,10.69,15.45,26.14,25.61,18.52,188.0,0.288,25.0,13.3,26.0,13.83,0.871,0.193,23.78,9.88,15.43,25.3,24.54,14.53
746624,2024-06-21,2024,665926,L,670102,R,strikeout,True,False,209.0,0.245,31.0,14.83,12.0,5.74,0.6499999999999999,0.10099999999999998,25.0,13.74,12.02,25.77,36.3,12.05,419.0,0.243,86.0,20.53,24.0,5.73,0.712,0.162,26.46,14.29,12.8,27.09,38.97,17.27,51.0,0.222,9.0,17.65,5.0,9.8,0.647,0.11100000000000002,21.78,10.95,13.43,24.38,22.83,16.36,73.0,0.197,13.0,17.81,2.0,2.74,0.557,0.141,14.29,7.34,17.83,25.17,34.33,14.29
746624,2024-06-21,2024,608070,L,670102,R,field_out,False,False,211.0,0.245,24.0,11.37,17.0,8.06,0.808,0.255,13.56,6.64,13.27,19.91,30.97,8.86,461.0,0.302,48.0,10.41,54.0,11.71,0.863,0.179,15.4,6.98,13.91,20.89,28.02,10.17,51.0,0.222,9.0,17.65,5.0,9.8,0.647,0.11100000000000002,21.78,10.95,13.43,24.38,22.83,16.36,73.0,0.197,13.0,17.81,2.0,2.74,0.557,0.141,14.29,7.34,17.83,25.17,34.33,14.29
746624,2024-06-21,2024,647304,L,670102,R,strikeout,True,False,206.0,0.257,27.0,13.11,21.0,10.19,0.8760000000000001,0.279,19.89,10.25,9.97,20.22,32.38,13.71,348.0,0.311,53.0,15.23,25.0,7.18,0.851,0.184,21.29,11.96,9.18,21.15,41.36,16.99,51.0,0.222,9.0,17.65,5.0,9.8,0.647,0.11100000000000002,21.78,10.95,13.43,24.38,22.83,16.36,73.0,0.197,13.0,17.81,2.0,2.74,0.557,0.141,14.29,7.34,17.83,25.17,34.33,14.29
746624,2024-06-21,2024,643376,R,471911,R,field_out,False,False,128.0,0.239,17.0,13.28,13.0,10.16,0.78,0.22100000000000003,17.16,6.8,20.39,27.18,19.28,10.81,215.0,0.237,46.0,21.4,16.0,7.44,0.784,0.221,25.13,11.59,15.17,26.76,23.75,20.09,123.0,0.273,19.0,15.45,5.0,4.07,0.837,0.236,22.77,11.59,15.23,26.82,30.67,15.97,230.0,0.327,41.0,17.83,12.0,5.22,0.943,0.2419999999999999,25.4,13.01,14.77,27.78,31.94,14.29
746624,2024-06-21,2024,543807,R,471911,R,field_out,False,False,212.0,0.218,33.0,15.57,22.0,10.38,0.621,0.101,23.71,12.28,12.82,25.1,23.56,15.57,539.0,0.262,101.0,18.74,43.0,7.98,0.738,0.1489999999999999,23.18,11.37,14.48,25.84,23.35,18.21,123.0,0.273,19.0,15.45,5.0,4.07,0.837,0.236,22.77,11.59,15.23,26.82,30.67,15.97,230.0,0.327,41.0,17.83,12.0,5.22,0.943,0.2419999999999999,25.4,13.01,14.77,27.78,31.94,14.29
746624,2024-06-21,2024,680718,L,471911,R,field_out,False,False,29.0,0.25,5.0,17.24,1.0,3.45,0.562,0.035999999999999976,25.0,13.27,19.39,32.65,34.78,20.83,,,,,,,,,,,,,,,137.0,0.289,25.0,18.25,16.0,11.68,0.851,0.19,23.79,10.69,15.45,26.14,25.61,18.52,188.0,0.288,25.0,13.3,26.0,13.83,0.871,0.193,23.78,9.88,15.43,25.3,24.54,14.53
746624,2024-06-21,2024,671289,R,670102,R,field_out,False,False,179.0,0.231,26.0,14.53,11.0,6.15,0.6579999999999999,0.11499999999999996,16.44,7.74,19.59,27.33,29.97,15.66,89.0,0.266,17.0,19.1,6.0,6.74,0.656,0.076,20.13,9.22,18.73,27.95,29.94,17.0,67.0,0.317,15.0,22.39,3.0,4.48,0.977,0.302,21.31,11.11,16.67,27.78,24.75,21.43,63.0,0.145,22.0,34.92,6.0,9.52,0.5289999999999999,0.146,34.17,16.21,17.0,33.2,24.22,24.44
746624,2024-06-21,2024,686823,L,670102,R,field_out,False,False,188.0,0.269,22.0,11.7,14.0,7.45,0.774,0.175,18.01,9.77,11.58,21.35,32.83,12.94,369.0,0.279,45.0,12.2,14.0,3.79,0.6930000000000001,0.0999999999999999,17.97,10.23,12.48,22.71,38.5,12.47,51.0,0.222,9.0,17.65,5.0,9.8,0.647,0.11100000000000002,21.78,10.95,13.43,24.38,22.83,16.36,73.0,0.197,13.0,17.81,2.0,2.74,0.557,0.141,14.29,7.34,17.83,25.17,34.33,14.29
746624,2024-06-21,2024,671286,R,670102,R,strikeout,True,False,8.0,0.143,4.0,50.0,1.0,12.5,0.393,0.0,55.56,29.41,8.82,38.24,41.67,26.67,,,,,,,,,,,,,,,67.0,0.317,15.0,22.39,3.0,4.48,0.977,0.302,21.31,11.11,16.67,27.78,24.75,21.43,63.0,0.145,22.0,34.92,6.0,9.52,0.5289999999999999,0.146,34.17,16.21,17.0,33.2,24.22,24.44
746624,2024-06-21,2024,682619,R,471911,R,single,False,False,,,,,,,,,,,,,,,,,,,,,,,,,,,,,123.0,0.273,19.0,15.45,5.0,4.07,0.837,0.236,22.77,11.59,15.23,26.82,30.67,15.97,230.0,0.327,41.0,17.83,12.0,5.22,0.943,0.2419999999999999,25.4,13.01,14.77,27.78,31.94,14.29
746624,2024-06-21,2024,643396,R,471911,R,single,False,False,174.0,0.266,23.0,13.22,10.0,5.75,0.683,0.10699999999999998,14.03,6.54,21.48,28.02,32.99,14.84,273.0,0.246,54.0,19.78,17.0,6.23,0.6479999999999999,0.1069999999999999,19.6,9.05,20.2,29.25,28.6,15.56,123.0,0.273,19.0,15.45,5.0,4.07,0.837,0.236,22.77,11.59,15.23,26.82,30.67,15.97,230.0,0.327,41.0,17.83,12.0,5.22,0.943,0.2419999999999999,25.4,13.01,14.77,27.78,31.94,14.29
746624,2024-06-21,2024,676914,R,471911,R,strikeout,True,False,178.0,0.237,42.0,23.6,20.0,11.24,0.78,0.20400000000000001,25.55,10.55,18.66,29.21,20.94,16.41,87.0,0.247,27.0,31.03,11.0,12.64,0.8340000000000001,0.219,37.06,13.98,21.9,35.88,15.66,21.77,123.0,0.273,19.0,15.45,5.0,4.07,0.837,0.236,22.77,11.59,15.23,26.82,30.67,15.97,230.0,0.327,41.0,17.83,12.0,5.22,0.943,0.2419999999999999,25.4,13.01,14.77,27.78,31.94,14.29
746624,2024-06-21,2024,457759,R,471911,R,strikeout,True,False,186.0,0.22,30.0,16.13,22.0,11.83,0.668,0.12000000000000002,19.07,8.89,16.59,25.48,27.42,10.53,462.0,0.273,78.0,16.88,33.0,7.14,0.765,0.1569999999999999,16.44,7.32,17.97,25.29,25.33,12.0,123.0,0.273,19.0,15.45,5.0,4.07,0.837,0.236,22.77,11.59,15.23,26.82,30.67,15.97,230.0,0.327,41.0,17.83,12.0,5.22,0.943,0.2419999999999999,25.4,13.01,14.77,27.78,31.94,14.29
746624,2024-06-21,2024,665489,R,471911,R,field_out,False,False,262.0,0.286,46.0,17.56,27.0,10.31,0.76,0.11100000000000004,24.75,11.81,15.33,27.14,26.01,14.11,558.0,0.26,85.0,15.23,48.0,8.6,0.792,0.2,23.83,12.29,11.94,24.23,30.21,15.37,123.0,0.273,19.0,15.45,5.0,4.07,0.837,0.236,22.77,11.59,15.23,26.82,30.67,15.97,230.0,0.327,41.0,17.83,12.0,5.22,0.943,0.2419999999999999,25.4,13.01,14.77,27.78,31.94,14.29
746624,2024-06-21,2024,677587,R,641835,L,field_out,False,False,68.0,0.15,18.0,26.47,6.0,8.82,0.485,0.1,24.59,12.82,13.68,26.5,30.08,30.51,33.0,0.161,15.0,45.45,2.0,6.06,0.438,0.065,39.73,21.64,16.42,38.06,38.1,32.61,54.0,0.354,11.0,20.37,4.0,7.41,1.0350000000000001,0.29200000000000004,21.43,9.91,15.09,25.0,27.68,16.92,100.0,0.258,27.0,27.0,11.0,11.0,0.744,0.146,27.06,11.3,14.74,26.04,27.47,23.68
746624,2024-06-21,2024,595978,R,641835,L,field_out,False,False,35.0,0.125,14.0,40.0,1.0,2.86,0.39,0.094,41.25,22.6,12.33,34.93,27.69,25.45,78.0,0.147,16.0,20.51,5.0,6.41,0.434,0.074,26.21,14.07,10.74,24.81,34.67,21.33,54.0,0.354,11.0,20.37,4.0,7.41,1.0350000000000001,0.29200000000000004,21.43,9.91,15.09,25.0,27.68,16.92,100.0,0.258,27.0,27.0,11.0,11.0,0.744,0.146,27.06,11.3,14.74,26.04,27.47,23.68
746624,2024-06-21,2024,680757,L,641835,L,field_out,False,False,60.0,0.455,5.0,8.33,5.0,8.33,1.045,0.09000000000000002,5.15,2.06,20.58,22.63,16.96,8.06,224.0,0.26,23.0,10.27,20.0,8.93,0.667,0.08,13.41,5.5,21.44,26.95,22.3,10.5,53.0,0.267,5.0,9.43,7.0,13.21,0.714,0.08899999999999997,8.45,2.8,24.77,27.57,16.22,8.33,115.0,0.245,26.0,22.61,4.0,3.48,0.5609999999999999,0.0459999999999999,19.23,8.47,23.97,32.45,29.47,22.61
746624,2024-06-21,2024,662139,L,658648,R,field_out,False,False,208.0,0.197,60.0,28.85,19.0,9.13,0.7210000000000001,0.25,26.79,12.3,16.04,28.34,23.63,24.69,466.0,0.202,111.0,23.82,36.0,7.73,0.662,0.19,25.51,12.84,15.05,27.89,29.23,18.26,59.0,0.14,18.0,30.51,6.0,10.17,0.42000000000000004,0.06,29.52,12.5,17.74,30.24,26.76,26.47,96.0,0.188,19.0,19.79,14.0,14.58,0.5780000000000001,0.074,21.64,9.25,15.0,24.25,24.89,16.1
746624,2024-06-21,2024,643376,R,658648,R,strikeout,True,False,128.0,0.239,17.0,13.28,13.0,10.16,0.78,0.22100000000000003,17.16,6.8,20.39,27.18,19.28,10.81,215.0,0.237,46.0,21.4,16.0,7.44,0.784,0.221,25.13,11.59,15.17,26.76,23.75,20.09,89.0,0.266,22.0,24.72,7.0,7.87,0.8220000000000001,0.21499999999999997,26.25,13.33,13.97,27.3,32.72,23.4,125.0,0.262,35.0,28.0,11.0,8.8,0.743,0.131,34.03,16.36,15.35,31.72,30.53,20.0
746624,2024-06-21,2024,543807,R,658648,R,strikeout,True,False,212.0,0.218,33.0,15.57,22.0,10.38,0.621,0.101,23.71,12.28,12.82,25.1,23.56,15.57,539.0,0.262,101.0,18.74,43.0,7.98,0.738,0.1489999999999999,23.18,11.37,14.48,25.84,23.35,18.21,89.0,0.266,22.0,24.72,7.0,7.87,0.8220000000000001,0.21499999999999997,26.25,13.33,13.97,27.3,32.72,23.4,125.0,0.262,35.0,28.0,11.0,8.8,0.743,0.131,34.03,16.36,15.35,31.72,30.53,20.0
746624,2024-06-21,2024,665926,L,641835,L,field_out,False,False,87.0,0.284,11.0,12.64,0.0,0.0,0.7050000000000001,0.09900000000000003,20.22,11.42,14.51,25.93,40.0,11.0,197.0,0.268,26.0,13.2,8.0,4.06,0.7130000000000001,0.1169999999999999,23.63,12.79,15.07,27.86,41.69,11.02,53.0,0.267,5.0,9.43,7.0,13.21,0.714,0.08899999999999997,8.45,2.8,24.77,27.57,16.22,8.33,115.0,0.245,26.0,22.61,4.0,3.48,0.5609999999999999,0.0459999999999999,19.23,8.47,23.97,32.45,29.47,22.61
746624,2024-06-21,2024,608070,R,641835,L,field_out,False,False,93.0,0.333,11.0,11.83,8.0,8.6,0.97,0.24999999999999994,19.54,9.8,15.27,25.07,34.12,13.25,230.0,0.243,25.0,10.87,19.0,8.26,0.766,0.219,16.06,7.21,15.81,23.02,28.33,12.18,54.0,0.354,11.0,20.37,4.0,7.41,1.0350000000000001,0.29200000000000004,21.43,9.91,15.09,25.0,27.68,16.92,100.0,0.258,27.0,27.0,11.0,11.0,0.744,0.146,27.06,11.3,14.74,26.04,27.47,23.68
746624,2024-06-21,2024,647304,L,641835,L,field_out,False,False,88.0,0.192,22.0,25.0,7.0,7.95,0.6859999999999999,0.21799999999999997,30.07,14.63,13.61,28.23,36.53,30.14,148.0,0.299,15.0,10.14,8.0,5.41,0.821,0.175,16.23,8.67,12.1,20.77,35.38,11.03,53.0,0.267,5.0,9.43,7.0,13.21,0.714,0.08899999999999997,8.45,2.8,24.77,27.57,16.22,8.33,115.0,0.245,26.0,22.61,4.0,3.48,0.5609999999999999,0.0459999999999999,19.23,8.47,23.97,32.45,29.47,22.61
746624,2024-06-21,2024,680718,L,658648,R,field_out,False,False,29.0,0.25,5.0,17.24,1.0,3.45,0.562,0.035999999999999976,25.0,13.27,19.39,32.65,34.78,20.83,,,,,,,,,,,,,,,59.0,0.14,18.0,30.51,6.0,10.17,0.42000000000000004,0.06,29.52,12.5,17.74,30.24,26.76,26.47,96.0,0.188,19.0,19.79,14.0,14.58,0.5780000000000001,0.074,21.64,9.25,15.0,24.25,24.89,16.1
746624,2024-06-21,2024,682619,R,658648,R,field_out,False,False,,,,,,,,,,,,,,,,,,,,,,,,,,,,,89.0,0.266,22.0,24.72,7.0,7.87,0.8220000000000001,0.21499999999999997,26.25,13.33,13.97,27.3,32.72,23.4,125.0,0.262,35.0,28.0,11.0,8.8,0.743,0.131,34.03,16.36,15.35,31.72,30.53,20.0
746624,2024-06-21,2024,643396,R,658648,R,single,False,False,174.0,0.266,23.0,13.22,10.0,5.75,0.683,0.10699999999999998,14.03,6.54,21.48,28.02,32.99,14.84,273.0,0.246,54.0,19.78,17.0,6.23,0.6479999999999999,0.1069999999999999,19.6,9.05,20.2,29.25,28.6,15.56,89.0,0.266,22.0,24.72,7.0,7.87,0.8220000000000001,0.21499999999999997,26.25,13.33,13.97,27.3,32.72,23.4,125.0,0.262,35.0,28.0,11.0,8.8,0.743,0.131,34.03,16.36,15.35,31.72,30.53,20.0
746624,2024-06-21,2024,676914,R,658648,R,strikeout,True,False,178.0,0.237,42.0,23.6,20.0,11.24,0.78,0.20400000000000001,25.55,10.55,18.66,29.21,20.94,16.41,87.0,0.247,27.0,31.03,11.0,12.64,0.8340000000000001,0.219,37.06,13.98,21.9,35.88,15.66,21.77,89.0,0.266,22.0,24.72,7.0,7.87,0.8220000000000001,0.21499999999999997,26.25,13.33,13.97,27.3,32.72,23.4,125.0,0.262,35.0,28.0,11.0,8.8,0.743,0.131,34.03,16.36,15.35,31.72,30.53,20.0
746624,2024-06-21,2024,671289,R,670950,R,field_out,False,False,179.0,0.231,26.0,14.53,11.0,6.15,0.6579999999999999,0.11499999999999996,16.44,7.74,19.59,27.33,29.97,15.66,89.0,0.266,17.0,19.1,6.0,6.74,0.656,0.076,20.13,9.22,18.73,27.95,29.94,17.0,85.0,0.127,22.0,25.88,11.0,12.94,0.5229999999999999,0.15499999999999997,25.31,10.88,18.57,29.44,29.9,17.6,178.0,0.244,63.0,35.39,15.0,8.43,0.754,0.194,37.26,17.97,16.38,34.35,37.0,24.51
746624,2024-06-21,2024,686823,L,670950,R,single,False,False,188.0,0.269,22.0,11.7,14.0,7.45,0.774,0.175,18.01,9.77,11.58,21.35,32.83,12.94,369.0,0.279,45.0,12.2,14.0,3.79,0.6930000000000001,0.0999999999999999,17.97,10.23,12.48,22.71,38.5,12.47,60.0,0.132,13.0,21.67,5.0,8.33,0.42900000000000005,0.094,22.43,9.76,19.92,29.67,28.03,18.06,138.0,0.207,42.0,30.43,20.0,14.49,0.724,0.198,36.69,16.72,15.57,32.3,37.93,19.44
746624,2024-06-21,2024,671286,R,670950,R,strikeout,True,False,8.0,0.143,4.0,50.0,1.0,12.5,0.393,0.0,55.56,29.41,8.82,38.24,41.67,26.67,,,,,,,,,,,,,,,85.0,0.127,22.0,25.88,11.0,12.94,0.5229999999999999,0.15499999999999997,25.31,10.88,18.57,29.44,29.9,17.6,178.0,0.244,63.0,35.39,15.0,8.43,0.754,0.194,37.26,17.97,16.38,34.35,37.0,24.51
746624,2024-06-21,2024,677587,L,670950,R,strikeout,True,False,153.0,0.242,21.0,13.73,20.0,13.07,0.683,0.08600000000000002,20.42,9.48,15.03,24.51,28.18,11.05,53.0,0.3,12.0,22.64,2.0,3.77,0.7010000000000001,0.08,28.07,15.31,15.79,31.1,41.59,17.39,60.0,0.132,13.0,21.67,5.0,8.33,0.42900000000000005,0.094,22.43,9.76,19.92,29.67,28.03,18.06,138.0,0.207,42.0,30.43,20.0,14.49,0.724,0.198,36.69,16.72,15.57,32.3,37.93,19.44
746624,2024-06-21,2024,687462,L,658648,R,field_out,False,False,37.0,0.367,5.0,13.51,6.0,16.22,0.905,0.066,20.63,8.97,18.62,27.59,24.66,10.87,38.0,0.265,10.0,26.32,3.0,7.89,0.754,0.1469999999999999,27.14,13.01,17.12,30.14,25.35,21.74,59.0,0.14,18.0,30.51,6.0,10.17,0.42000000000000004,0.06,29.52,12.5,17.74,30.24,26.76,26.47,96.0,0.188,19.0,19.79,14.0,14.58,0.5780000000000001,0.074,21.64,9.25,15.0,24.25,24.89,16.1
746624,2024-06-21,2024,665489,R,658648,R,single,False,False,262.0,0.286,46.0,17.56,27.0,10.31,0.76,0.11100000000000004,24.75,11.81,15.33,27.14,26.01,14.11,558.0,0.26,85.0,15.23,48.0,8.6,0.792,0.2,23.83,12.29,11.94,24.23,30.21,15.37,89.0,0.266,22.0,24.72,7.0,7.87,0.8220000000000001,0.21499999999999997,26.25,13.33,13.97,27.3,32.72,23.4,125.0,0.262,35.0,28.0,11.0,8.8,0.743,0.131,34.03,16.36,15.35,31.72,30.53,20.0
746624,2024-06-21,2024,662139,L,658648,R,walk,False,True,208.0,0.197,60.0,28.85,19.0,9.13,0.7210000000000001,0.25,26.79,12.3,16.04,28.34,23.63,24.69,466.0,0.202,111.0,23.82,36.0,7.73,0.662,0.19,25.51,12.84,15.05,27.89,29.23,18.26,59.0,0.14,18.0,30.51,6.0,10.17,0.42000000000000004,0.06,29.52,12.5,17.74,30.24,26.76,26.47,96.0,0.188,19.0,19.79,14.0,14.58,0.5780000000000001,0.074,21.64,9.25,15.0,24.25,24.89,16.1
746624,2024-06-21,2024,643376,R,658648,R,walk,False,True,128.0,0.239,17.0,13.28,13.0,10.16,0.78,0.22100000000000003,17.16,6.8,20.39,27.18,19.28,10.81,215.0,0.237,46.0,21.4,16.0,7.44,0.784,0.221,25.13,11.59,15.17,26.76,23.75,20.09,89.0,0.266,22.0,24.72,7.0,7.87,0.8220000000000001,0.21499999999999997,26.25,13.33,13.97,27.3,32.72,23.4,125.0,0.262,35.0,28.0,11.0,8.8,0.743,0.131,34.03,16.36,15.35,31.72,30.53,20.0
746624,2024-06-21,2024,543807,R,656529,L,grounded_into_double_play,False,False,66.0,0.125,14.0,21.21,9.0,13.64,0.438,0.07100000000000001,21.54,9.89,13.07,22.97,20.0,16.47,144.0,0.242,24.0,16.67,17.0,11.81,0.71,0.137,19.37,9.5,11.92,21.42,22.03,14.37,38.0,0.114,13.0,34.21,3.0,7.89,0.355,0.05700000000000001,33.33,15.17,19.31,34.48,29.87,31.71,142.0,0.248,37.0,26.06,13.0,9.15,0.619,0.0539999999999999,28.86,12.59,20.21,32.8,25.09,22.84
746698,2024-06-21,2024,680776,L,671096,L,field_out,False,False,105.0,0.242,26.0,24.76,10.0,9.52,0.6020000000000001,0.03300000000000003,25.14,10.67,20.88,31.55,28.5,20.47,49.0,0.289,15.0,30.61,3.0,6.12,0.749,0.133,24.44,10.73,20.0,30.73,27.27,25.86,77.0,0.25,15.0,19.48,4.0,5.19,0.632,0.08300000000000002,19.01,8.91,19.14,28.05,21.37,17.05,85.0,0.185,28.0,32.94,4.0,4.71,0.496,0.087,30.59,16.2,15.26,31.46,35.29,29.47
746698,2024-06-21,2024,663853,R,671096,L,strikeout,True,False,30.0,0.308,4.0,13.33,3.0,10.0,0.713,0.03799999999999998,22.41,11.11,11.97,23.08,28.12,13.79,37.0,0.162,15.0,40.54,0.0,0.0,0.4589999999999999,0.1349999999999999,44.44,23.36,17.52,40.88,39.73,31.91,251.0,0.226,45.0,17.93,21.0,8.37,0.748,0.231,19.75,9.35,15.18,24.52,24.14,16.0,374.0,0.259,92.0,24.6,40.0,10.7,0.8,0.204,24.44,11.1,16.17,27.27,25.93,18.62
746698,2024-06-21,2024,641933,R,671096,L,walk,False,True,69.0,0.345,21.0,30.43,14.0,20.29,1.242,0.41900000000000004,28.57,10.16,18.41,28.57,20.89,23.08,79.0,0.227,14.0,17.72,13.0,16.46,0.7929999999999999,0.212,23.91,10.58,16.03,26.6,24.28,14.14,251.0,0.226,45.0,17.93,21.0,8.37,0.748,0.231,19.75,9.35,15.18,24.52,24.14,16.0,374.0,0.259,92.0,24.6,40.0,10.7,0.8,0.204,24.44,11.1,16.17,27.27,25.93,18.62
746698,2024-06-21,2024,646240,L,671096,L,strikeout,True,False,93.0,0.265,30.0,32.26,7.0,7.53,0.767,0.16899999999999998,28.86,15.59,13.44,29.03,33.33,22.73,188.0,0.273,37.0,19.68,11.0,5.85,0.823,0.2149999999999999,27.74,14.71,11.61,26.32,30.93,15.19,77.0,0.25,15.0,19.48,4.0,5.19,0.632,0.08300000000000002,19.01,8.91,19.14,28.05,21.37,17.05,85.0,0.185,28.0,32.94,4.0,4.71,0.496,0.087,30.59,16.2,15.26,31.46,35.29,29.47
746698,2024-06-21,2024,670770,L,676710,R,field_out,False,False,67.0,0.2,11.0,16.42,5.0,7.46,0.69,0.21699999999999997,16.98,7.11,19.37,26.48,22.76,17.74,446.0,0.26,70.0,15.7,38.0,8.52,0.785,0.189,18.12,7.73,19.52,27.25,25.03,13.48,179.0,0.204,43.0,24.02,13.0,7.26,0.61,0.142,20.92,10.86,15.92,26.79,32.15,21.61,259.0,0.209,64.0,24.71,22.0,8.49,0.675,0.188,25.14,12.52,14.19,26.72,28.47,19.34
746698,2024-06-21,2024,682829,L,676710,R,strikeout,True,False,201.0,0.247,65.0,32.34,23.0,11.44,0.8160000000000001,0.236,32.38,12.99,20.64,33.63,24.26,30.19,307.0,0.255,95.0,30.94,30.0,9.77,0.7989999999999999,0.2159999999999999,26.69,11.86,17.47,29.33,31.27,25.07,179.0,0.204,43.0,24.02,13.0,7.26,0.61,0.142,20.92,10.86,15.92,26.79,32.15,21.61,259.0,0.209,64.0,24.71,22.0,8.49,0.675,0.188,25.14,12.52,14.19,26.72,28.47,19.34
746698,2024-06-21,2024,600869,L,676710,R,home_run,False,False,182.0,0.253,47.0,25.82,8.0,4.4,0.8220000000000001,0.28200000000000003,27.99,15.04,13.28,28.32,36.21,21.86,415.0,0.251,91.0,21.93,38.0,9.16,0.812,0.2279999999999999,25.42,11.83,16.22,28.05,27.64,18.71,179.0,0.204,43.0,24.02,13.0,7.26,0.61,0.142,20.92,10.86,15.92,26.79,32.15,21.61,259.0,0.209,64.0,24.71,22.0,8.49,0.675,0.188,25.14,12.52,14.19,26.72,28.47,19.34
746698,2024-06-21,2024,668715,R,676710,R,field_out,False,False,209.0,0.23,44.0,21.05,20.0,9.57,0.675,0.13399999999999998,21.88,9.85,18.05,27.9,25.35,15.77,487.0,0.256,106.0,21.77,51.0,10.47,0.7789999999999999,0.175,25.48,10.86,19.02,29.88,22.75,18.53,179.0,0.247,45.0,25.14,13.0,7.26,0.702,0.14200000000000002,30.11,15.84,14.97,30.81,33.93,19.38,268.0,0.232,71.0,26.49,14.0,5.22,0.6639999999999999,0.148,28.52,15.66,13.7,29.35,35.55,21.65
746698,2024-06-21,2024,657136,R,671096,L,home_run,False,False,73.0,0.355,14.0,19.18,10.0,13.7,0.904,0.09700000000000003,23.84,12.12,12.12,24.24,25.34,15.05,108.0,0.156,40.0,37.04,9.0,8.33,0.501,0.104,32.9,17.27,14.32,31.59,33.33,27.86,251.0,0.226,45.0,17.93,21.0,8.37,0.748,0.231,19.75,9.35,15.18,24.52,24.14,16.0,374.0,0.259,92.0,24.6,40.0,10.7,0.8,0.204,24.44,11.1,16.17,27.27,25.93,18.62
746698,2024-06-21,2024,807799,L,671096,L,field_out,False,False,25.0,0.13,2.0,8.0,1.0,4.0,0.461,0.131,11.11,4.12,24.74,28.87,15.22,8.7,144.0,0.273,23.0,15.97,12.0,8.33,0.745,0.125,21.52,8.99,21.34,30.34,22.39,14.74,77.0,0.25,15.0,19.48,4.0,5.19,0.632,0.08300000000000002,19.01,8.91,19.14,28.05,21.37,17.05,85.0,0.185,28.0,32.94,4.0,4.71,0.496,0.087,30.59,16.2,15.26,31.46,35.29,29.47
746698,2024-06-21,2024,666915,R,671096,L,strikeout,True,False,36.0,0.121,19.0,52.78,3.0,8.33,0.315,0.0,49.33,23.42,19.62,43.04,24.36,35.19,22.0,0.35,11.0,50.0,2.0,9.09,0.859,0.1,50.0,23.16,18.95,42.11,28.85,39.29,251.0,0.226,45.0,17.93,21.0,8.37,0.748,0.231,19.75,9.35,15.18,24.52,24.14,16.0,374.0,0.259,92.0,24.6,40.0,10.7,0.8,0.204,24.44,11.1,16.17,27.27,25.93,18.62
746698,2024-06-21,2024,665839,L,671096,L,strikeout,True,False,23.0,0.0,6.0,26.09,2.0,8.7,0.091,0.0,38.1,19.75,12.35,32.1,44.0,35.29,16.0,0.143,5.0,31.25,1.0,6.25,0.393,0.0,37.5,16.98,16.98,33.96,31.03,50.0,77.0,0.25,15.0,19.48,4.0,5.19,0.632,0.08300000000000002,19.01,8.91,19.14,28.05,21.37,17.05,85.0,0.185,28.0,32.94,4.0,4.71,0.496,0.087,30.59,16.2,15.26,31.46,35.29,29.47
746698,2024-06-21,2024,641584,L,676710,R,strikeout,True,False,155.0,0.266,31.0,20.0,13.0,8.39,0.667,0.07200000000000001,20.06,11.62,9.33,20.95,29.13,16.4,339.0,0.268,66.0,19.47,34.0,10.03,0.815,0.199,24.78,12.84,11.52,24.36,30.55,18.38,179.0,0.204,43.0,24.02,13.0,7.26,0.61,0.142,20.92,10.86,15.92,26.79,32.15,21.61,259.0,0.209,64.0,24.71,22.0,8.49,0.675,0.188,25.14,12.52,14.19,26.72,28.47,19.34
746698,2024-06-21,2024,663697,R,676710,R,home_run,False,False,182.0,0.214,44.0,24.18,23.0,12.64,0.623,0.08499999999999999,20.42,7.53,21.04,28.57,16.45,20.09,397.0,0.257,73.0,18.39,37.0,9.32,0.7809999999999999,0.175,21.3,8.18,21.42,29.59,19.53,15.19,179.0,0.247,45.0,25.14,13.0,7.26,0.702,0.14200000000000002,30.11,15.84,14.97,30.81,33.93,19.38,268.0,0.232,71.0,26.49,14.0,5.22,0.6639999999999999,0.148,28.52,15.66,13.7,29.35,35.55,21.65
746698,2024-06-21,2024,669289,R,676710,R,field_out,False,False,85.0,0.177,16.0,18.82,4.0,4.71,0.492,0.10100000000000003,12.1,5.69,16.47,22.16,25.62,17.39,138.0,0.244,22.0,15.94,10.0,7.25,0.633,0.073,17.87,7.68,20.84,28.52,25.34,15.6,179.0,0.247,45.0,25.14,13.0,7.26,0.702,0.14200000000000002,30.11,15.84,14.97,30.81,33.93,19.38,268.0,0.232,71.0,26.49,14.0,5.22,0.6639999999999999,0.148,28.52,15.66,13.7,29.35,35.55,21.65
746698,2024-06-21,2024,666181,L,676710,R,walk,False,True,181.0,0.226,77.0,42.54,17.0,9.39,0.737,0.213,39.0,18.62,15.16,33.78,22.04,32.08,285.0,0.297,89.0,31.23,37.0,12.98,0.938,0.252,31.03,13.11,16.03,29.13,18.51,23.66,179.0,0.204,43.0,24.02,13.0,7.26,0.61,0.142,20.92,10.86,15.92,26.79,32.15,21.61,259.0,0.209,64.0,24.71,22.0,8.49,0.675,0.188,25.14,12.52,14.19,26.72,28.47,19.34
746698,2024-06-21,2024,571912,R,676710,R,walk,False,True,61.0,0.17,23.0,37.7,4.0,6.56,0.487,0.03799999999999998,31.58,13.95,17.44,31.4,25.0,29.11,141.0,0.224,35.0,24.82,10.0,7.09,0.675,0.144,25.1,11.19,19.96,31.16,24.62,23.65,179.0,0.247,45.0,25.14,13.0,7.26,0.702,0.14200000000000002,30.11,15.84,14.97,30.81,33.93,19.38,268.0,0.232,71.0,26.49,14.0,5.22,0.6639999999999999,0.148,28.52,15.66,13.7,29.35,35.55,21.65
746698,2024-06-21,2024,670770,L,676710,R,hit_by_pitch,False,False,67.0,0.2,11.0,16.42,5.0,7.46,0.69,0.21699999999999997,16.98,7.11,19.37,26.48,22.76,17.74,446.0,0.26,70.0,15.7,38.0,8.52,0.785,0.189,18.12,7.73,19.52,27.25,25.03,13.48,179.0,0.204,43.0,24.02,13.0,7.26,0.61,0.142,20.92,10.86,15.92,26.79,32.15,21.61,259.0,0.209,64.0,24.71,22.0,8.49,0.675,0.188,25.14,12.52,14.19,26.72,28.47,19.34
746698,2024-06-21,2024,682829,L,676710,R,strikeout,True,False,201.0,0.247,65.0,32.34,23.0,11.44,0.8160000000000001,0.236,32.38,12.99,20.64,33.63,24.26,30.19,307.0,0.255,95.0,30.94,30.0,9.77,0.7989999999999999,0.2159999999999999,26.69,11.86,17.47,29.33,31.27,25.07,179.0,0.204,43.0,24.02,13.0,7.26,0.61,0.142,20.92,10.86,15.92,26.79,32.15,21.61,259.0,0.209,64.0,24.71,22.0,8.49,0.675,0.188,25.14,12.52,14.19,26.72,28.47,19.34
746698,2024-06-21,2024,678882,R,671096,L,strikeout,True,False,70.0,0.281,20.0,28.57,5.0,7.14,0.817,0.20299999999999996,35.17,19.54,14.18,33.72,38.93,25.64,27.0,0.192,8.0,29.63,1.0,3.7,0.645,0.2309999999999999,36.36,19.23,14.42,33.65,30.0,24.24,251.0,0.226,45.0,17.93,21.0,8.37,0.748,0.231,19.75,9.35,15.18,24.52,24.14,16.0,374.0,0.259,92.0,24.6,40.0,10.7,0.8,0.204,24.44,11.1,16.17,27.27,25.93,18.62
746698,2024-06-21,2024,680776,L,671096,L,home_run,False,False,105.0,0.242,26.0,24.76,10.0,9.52,0.6020000000000001,0.03300000000000003,25.14,10.67,20.88,31.55,28.5,20.47,49.0,0.289,15.0,30.61,3.0,6.12,0.749,0.133,24.44,10.73,20.0,30.73,27.27,25.86,77.0,0.25,15.0,19.48,4.0,5.19,0.632,0.08300000000000002,19.01,8.91,19.14,28.05,21.37,17.05,85.0,0.185,28.0,32.94,4.0,4.71,0.496,0.087,30.59,16.2,15.26,31.46,35.29,29.47
746698,2024-06-21,2024,663853,R,671096,L,strikeout,True,False,30.0,0.308,4.0,13.33,3.0,10.0,0.713,0.03799999999999998,22.41,11.11,11.97,23.08,28.12,13.79,37.0,0.162,15.0,40.54,0.0,0.0,0.4589999999999999,0.1349999999999999,44.44,23.36,17.52,40.88,39.73,31.91,251.0,0.226,45.0,17.93,21.0,8.37,0.748,0.231,19.75,9.35,15.18,24.52,24.14,16.0,374.0,0.259,92.0,24.6,40.0,10.7,0.8,0.204,24.44,11.1,16.17,27.27,25.93,18.62
746698,2024-06-21,2024,641933,R,671096,L,strikeout,True,False,69.0,0.345,21.0,30.43,14.0,20.29,1.242,0.41900000000000004,28.57,10.16,18.41,28.57,20.89,23.08,79.0,0.227,14.0,17.72,13.0,16.46,0.7929999999999999,0.212,23.91,10.58,16.03,26.6,24.28,14.14,251.0,0.226,45.0,17.93,21.0,8.37,0.748,0.231,19.75,9.35,15.18,24.52,24.14,16.0,374.0,0.259,92.0,24.6,40.0,10.7,0.8,0.204,24.44,11.1,16.17,27.27,25.93,18.62
746698,2024-06-21,2024,600869,L,676710,R,home_run,False,False,182.0,0.253,47.0,25.82,8.0,4.4,0.8220000000000001,0.28200000000000003,27.99,15.04,13.28,28.32,36.21,21.86,415.0,0.251,91.0,21.93,38.0,9.16,0.812,0.2279999999999999,25.42,11.83,16.22,28.05,27.64,18.71,179.0,0.204,43.0,24.02,13.0,7.26,0.61,0.142,20.92,10.86,15.92,26.79,32.15,21.61,259.0,0.209,64.0,24.71,22.0,8.49,0.675,0.188,25.14,12.52,14.19,26.72,28.47,19.34
746698,2024-06-21,2024,668715,R,676710,R,field_out,False,False,209.0,0.23,44.0,21.05,20.0,9.57,0.675,0.13399999999999998,21.88,9.85,18.05,27.9,25.35,15.77,487.0,0.256,106.0,21.77,51.0,10.47,0.7789999999999999,0.175,25.48,10.86,19.02,29.88,22.75,18.53,179.0,0.247,45.0,25.14,13.0,7.26,0.702,0.14200000000000002,30.11,15.84,14.97,30.81,33.93,19.38,268.0,0.232,71.0,26.49,14.0,5.22,0.6639999999999999,0.148,28.52,15.66,13.7,29.35,35.55,21.65
746698,2024-06-21,2024,641584,L,676710,R,single,False,False,155.0,0.266,31.0,20.0,13.0,8.39,0.667,0.07200000000000001,20.06,11.62,9.33,20.95,29.13,16.4,339.0,0.268,66.0,19.47,34.0,10.03,0.815,0.199,24.78,12.84,11.52,24.36,30.55,18.38,179.0,0.204,43.0,24.02,13.0,7.26,0.61,0.142,20.92,10.86,15.92,26.79,32.15,21.61,259.0,0.209,64.0,24.71,22.0,8.49,0.675,0.188,25.14,12.52,14.19,26.72,28.47,19.34
746698,2024-06-21,2024,663697,R,676710,R,grounded_into_double_play,False,False,182.0,0.214,44.0,24.18,23.0,12.64,0.623,0.08499999999999999,20.42,7.53,21.04,28.57,16.45,20.09,397.0,0.257,73.0,18.39,37.0,9.32,0.7809999999999999,0.175,21.3,8.18,21.42,29.59,19.53,15.19,179.0,0.247,45.0,25.14,13.0,7.26,0.702,0.14200000000000002,30.11,15.84,14.97,30.81,33.93,19.38,268.0,0.232,71.0,26.49,14.0,5.22,0.6639999999999999,0.148,28.52,15.66,13.7,29.35,35.55,21.65
746698,2024-06-21,2024,646240,L,671096,L,strikeout,True,False,93.0,0.265,30.0,32.26,7.0,7.53,0.767,0.16899999999999998,28.86,15.59,13.44,29.03,33.33,22.73,188.0,0.273,37.0,19.68,11.0,5.85,0.823,0.2149999999999999,27.74,14.71,11.61,26.32,30.93,15.19,77.0,0.25,15.0,19.48,4.0,5.19,0.632,0.08300000000000002,19.01,8.91,19.14,28.05,21.37,17.05,85.0,0.185,28.0,32.94,4.0,4.71,0.496,0.087,30.59,16.2,15.26,31.46,35.29,29.47
746698,2024-06-21,2024,657136,R,671096,L,field_out,False,False,73.0,0.355,14.0,19.18,10.0,13.7,0.904,0.09700000000000003,23.84,12.12,12.12,24.24,25.34,15.05,108.0,0.156,40.0,37.04,9.0,8.33,0.501,0.104,32.9,17.27,14.32,31.59,33.33,27.86,251.0,0.226,45.0,17.93,21.0,8.37,0.748,0.231,19.75,9.35,15.18,24.52,24.14,16.0,374.0,0.259,92.0,24.6,40.0,10.7,0.8,0.204,24.44,11.1,16.17,27.27,25.93,18.62
746698,2024-06-21,2024,807799,L,671096,L,field_out,False,False,25.0,0.13,2.0,8.0,1.0,4.0,0.461,0.131,11.11,4.12,24.74,28.87,15.22,8.7,144.0,0.273,23.0,15.97,12.0,8.33,0.745,0.125,21.52,8.99,21.34,30.34,22.39,14.74,77.0,0.25,15.0,19.48,4.0,5.19,0.632,0.08300000000000002,19.01,8.91,19.14,28.05,21.37,17.05,85.0,0.185,28.0,32.94,4.0,4.71,0.496,0.087,30.59,16.2,15.26,31.46,35.29,29.47
746698,2024-06-21,2024,669289,R,676710,R,field_out,False,False,85.0,0.177,16.0,18.82,4.0,4.71,0.492,0.10100000000000003,12.1,5.69,16.47,22.16,25.62,17.39,138.0,0.244,22.0,15.94,10.0,7.25,0.633,0.073,17.87,7.68,20.84,28.52,25.34,15.6,179.0,0.247,45.0,25.14,13.0,7.26,0.702,0.14200000000000002,30.11,15.84,14.97,30.81,33.93,19.38,268.0,0.232,71.0,26.49,14.0,5.22,0.6639999999999999,0.148,28.52,15.66,13.7,29.35,35.55,21.65
746698,2024-06-21,2024,666181,L,676710,R,strikeout,True,False,181.0,0.226,77.0,42.54,17.0,9.39,0.737,0.213,39.0,18.62,15.16,33.78,22.04,32.08,285.0,0.297,89.0,31.23,37.0,12.98,0.938,0.252,31.03,13.11,16.03,29.13,18.51,23.66,179.0,0.204,43.0,24.02,13.0,7.26,0.61,0.142,20.92,10.86,15.92,26.79,32.15,21.61,259.0,0.209,64.0,24.71,22.0,8.49,0.675,0.188,25.14,12.52,14.19,26.72,28.47,19.34
746698,2024-06-21,2024,571912,R,676710,R,strikeout,True,False,61.0,0.17,23.0,37.7,4.0,6.56,0.487,0.03799999999999998,31.58,13.95,17.44,31.4,25.0,29.11,141.0,0.224,35.0,24.82,10.0,7.09,0.675,0.144,25.1,11.19,19.96,31.16,24.62,23.65,179.0,0.247,45.0,25.14,13.0,7.26,0.702,0.14200000000000002,30.11,15.84,14.97,30.81,33.93,19.38,268.0,0.232,71.0,26.49,14.0,5.22,0.6639999999999999,0.148,28.52,15.66,13.7,29.35,35.55,21.65
746698,2024-06-21,2024,666915,R,671096,L,field_out,False,False,36.0,0.121,19.0,52.78,3.0,8.33,0.315,0.0,49.33,23.42,19.62,43.04,24.36,35.19,22.0,0.35,11.0,50.0,2.0,9.09,0.859,0.1,50.0,23.16,18.95,42.11,28.85,39.29,251.0,0.226,45.0,17.93,21.0,8.37,0.748,0.231,19.75,9.35,15.18,24.52,24.14,16.0,374.0,0.259,92.0,24.6,40.0,10.7,0.8,0.204,24.44,11.1,16.17,27.27,25.93,18.62
746698,2024-06-21,2024,665839,L,671096,L,single,False,False,23.0,0.0,6.0,26.09,2.0,8.7,0.091,0.0,38.1,19.75,12.35,32.1,44.0,35.29,16.0,0.143,5.0,31.25,1.0,6.25,0.393,0.0,37.5,16.98,16.98,33.96,31.03,50.0,77.0,0.25,15.0,19.48,4.0,5.19,0.632,0.08300000000000002,19.01,8.91,19.14,28.05,21.37,17.05,85.0,0.185,28.0,32.94,4.0,4.71,0.496,0.087,30.59,16.2,15.26,31.46,35.29,29.47
746698,2024-06-21,2024,678882,R,671096,L,field_out,False,False,70.0,0.281,20.0,28.57,5.0,7.14,0.817,0.20299999999999996,35.17,19.54,14.18,33.72,38.93,25.64,27.0,0.192,8.0,29.63,1.0,3.7,0.645,0.2309999999999999,36.36,19.23,14.42,33.65,30.0,24.24,251.0,0.226,45.0,17.93,21.0,8.37,0.748,0.231,19.75,9.35,15.18,24.52,24.14,16.0,374.0,0.259,92.0,24.6,40.0,10.7,0.8,0.204,24.44,11.1,16.17,27.27,25.93,18.62
746698,2024-06-21,2024,680776,L,671096,L,field_out,False,False,105.0,0.242,26.0,24.76,10.0,9.52,0.6020000000000001,0.03300000000000003,25.14,10.67,20.88,31.55,28.5,20.47,49.0,0.289,15.0,30.61,3.0,6.12,0.749,0.133,24.44,10.73,20.0,30.73,27.27,25.86,77.0,0.25,15.0,19.48,4.0,5.19,0.632,0.08300000000000002,19.01,8.91,19.14,28.05,21.37,17.05,85.0,0.185,28.0,32.94,4.0,4.71,0.496,0.087,30.59,16.2,15.26,31.46,35.29,29.47
746698,2024-06-21,2024,670770,L,676710,R,strikeout,True,False,67.0,0.2,11.0,16.42,5.0,7.46,0.69,0.21699999999999997,16.98,7.11,19.37,26.48,22.76,17.74,446.0,0.26,70.0,15.7,38.0,8.52,0.785,0.189,18.12,7.73,19.52,27.25,25.03,13.48,179.0,0.204,43.0,24.02,13.0,7.26,0.61,0.142,20.92,10.86,15.92,26.79,32.15,21.61,259.0,0.209,64.0,24.71,22.0,8.49,0.675,0.188,25.14,12.52,14.19,26.72,28.47,19.34
746698,2024-06-21,2024,682829,L,676710,R,strikeout,True,False,201.0,0.247,65.0,32.34,23.0,11.44,0.8160000000000001,0.236,32.38,12.99,20.64,33.63,24.26,30.19,307.0,0.255,95.0,30.94,30.0,9.77,0.7989999999999999,0.2159999999999999,26.69,11.86,17.47,29.33,31.27,25.07,179.0,0.204,43.0,24.02,13.0,7.26,0.61,0.142,20.92,10.86,15.92,26.79,32.15,21.61,259.0,0.209,64.0,24.71,22.0,8.49,0.675,0.188,25.14,12.52,14.19,26.72,28.47,19.34
746698,2024-06-21,2024,600869,L,676710,R,field_out,False,False,182.0,0.253,47.0,25.82,8.0,4.4,0.8220000000000001,0.28200000000000003,27.99,15.04,13.28,28.32,36.21,21.86,415.0,0.251,91.0,21.93,38.0,9.16,0.812,0.2279999999999999,25.42,11.83,16.22,28.05,27.64,18.71,179.0,0.204,43.0,24.02,13.0,7.26,0.61,0.142,20.92,10.86,15.92,26.79,32.15,21.61,259.0,0.209,64.0,24.71,22.0,8.49,0.675,0.188,25.14,12.52,14.19,26.72,28.47,19.34
746698,2024-06-21,2024,663853,R,671096,L,single,False,False,30.0,0.308,4.0,13.33,3.0,10.0,0.713,0.03799999999999998,22.41,11.11,11.97,23.08,28.12,13.79,37.0,0.162,15.0,40.54,0.0,0.0,0.4589999999999999,0.1349999999999999,44.44,23.36,17.52,40.88,39.73,31.91,251.0,0.226,45.0,17.93,21.0,8.37,0.748,0.231,19.75,9.35,15.18,24.52,24.14,16.0,374.0,0.259,92.0,24.6,40.0,10.7,0.8,0.204,24.44,11.1,16.17,27.27,25.93,18.62
746698,2024-06-21,2024,641933,R,671096,L,strikeout,True,False,69.0,0.345,21.0,30.43,14.0,20.29,1.242,0.41900000000000004,28.57,10.16,18.41,28.57,20.89,23.08,79.0,0.227,14.0,17.72,13.0,16.46,0.7929999999999999,0.212,23.91,10.58,16.03,26.6,24.28,14.14,251.0,0.226,45.0,17.93,21.0,8.37,0.748,0.231,19.75,9.35,15.18,24.52,24.14,16.0,374.0,0.259,92.0,24.6,40.0,10.7,0.8,0.204,24.44,11.1,16.17,27.27,25.93,18.62
746698,2024-06-21,2024,646240,L,671096,L,strikeout,True,False,93.0,0.265,30.0,32.26,7.0,7.53,0.767,0.16899999999999998,28.86,15.59,13.44,29.03,33.33,22.73,188.0,0.273,37.0,19.68,11.0,5.85,0.823,0.2149999999999999,27.74,14.71,11.61,26.32,30.93,15.19,77.0,0.25,15.0,19.48,4.0,5.19,0.632,0.08300000000000002,19.01,8.91,19.14,28.05,21.37,17.05,85.0,0.185,28.0,32.94,4.0,4.71,0.496,0.087,30.59,16.2,15.26,31.46,35.29,29.47
746698,2024-06-21,2024,657136,R,518585,R,strikeout,True,False,138.0,0.32,25.0,18.12,4.0,2.9,0.821,0.136,27.64,14.44,15.07,29.51,31.7,19.38,296.0,0.262,94.0,31.76,13.0,4.39,0.734,0.1669999999999999,32.08,16.95,15.14,32.09,35.28,27.01,68.0,0.136,34.0,50.0,7.0,10.29,0.377,0.016999999999999987,50.0,24.64,15.22,39.86,39.05,41.46,151.0,0.196,55.0,36.42,10.0,6.62,0.601,0.1519999999999999,39.37,19.93,13.76,33.69,34.92,31.98
746698,2024-06-21,2024,668715,R,676710,R,field_out,False,False,209.0,0.23,44.0,21.05,20.0,9.57,0.675,0.13399999999999998,21.88,9.85,18.05,27.9,25.35,15.77,487.0,0.256,106.0,21.77,51.0,10.47,0.7789999999999999,0.175,25.48,10.86,19.02,29.88,22.75,18.53,179.0,0.247,45.0,25.14,13.0,7.26,0.702,0.14200000000000002,30.11,15.84,14.97,30.81,33.93,19.38,268.0,0.232,71.0,26.49,14.0,5.22,0.6639999999999999,0.148,28.52,15.66,13.7,29.35,35.55,21.65
746698,2024-06-21,2024,641584,L,676710,R,field_out,False,False,155.0,0.266,31.0,20.0,13.0,8.39,0.667,0.07200000000000001,20.06,11.62,9.33,20.95,29.13,16.4,339.0,0.268,66.0,19.47,34.0,10.03,0.815,0.199,24.78,12.84,11.52,24.36,30.55,18.38,179.0,0.204,43.0,24.02,13.0,7.26,0.61,0.142,20.92,10.86,15.92,26.79,32.15,21.61,259.0,0.209,64.0,24.71,22.0,8.49,0.675,0.188,25.14,12.52,14.19,26.72,28.47,19.34
746698,2024-06-21,2024,663697,R,676710,R,field_out,False,False,182.0,0.214,44.0,24.18,23.0,12.64,0.623,0.08499999999999999,20.42,7.53,21.04,28.57,16.45,20.09,397.0,0.257,73.0,18.39,37.0,9.32,0.7809999999999999,0.175,21.3,8.18,21.42,29.59,19.53,15.19,179.0,0.247,45.0,25.14,13.0,7.26,0.702,0.14200000000000002,30.11,15.84,14.97,30.81,33.93,19.38,268.0,0.232,71.0,26.49,14.0,5.22,0.6639999999999999,0.148,28.52,15.66,13.7,29.35,35.55,21.65
746698,2024-06-21,2024,807799,L,594580,L,field_out,False,False,25.0,0.13,2.0,8.0,1.0,4.0,0.461,0.131,11.11,4.12,24.74,28.87,15.22,8.7,144.0,0.273,23.0,15.97,12.0,8.33,0.745,0.125,21.52,8.99,21.34,30.34,22.39,14.74,24.0,0.238,7.0,29.17,2.0,8.33,0.53,0.0,33.33,16.16,16.16,32.32,32.69,23.33,121.0,0.161,42.0,34.71,7.0,5.79,0.4579999999999999,0.0799999999999999,27.98,12.53,20.53,33.06,27.27,27.27
746698,2024-06-21,2024,666915,R,594580,L,strikeout,True,False,36.0,0.121,19.0,52.78,3.0,8.33,0.315,0.0,49.33,23.42,19.62,43.04,24.36,35.19,22.0,0.35,11.0,50.0,2.0,9.09,0.859,0.1,50.0,23.16,18.95,42.11,28.85,39.29,35.0,0.188,6.0,17.14,2.0,5.71,0.476,0.031,21.43,10.34,15.17,25.52,18.64,12.24,147.0,0.25,26.0,17.69,23.0,15.65,0.7310000000000001,0.086,17.57,7.36,17.69,25.04,26.1,16.25
746698,2024-06-21,2024,665839,L,594580,L,field_out,False,False,23.0,0.0,6.0,26.09,2.0,8.7,0.091,0.0,38.1,19.75,12.35,32.1,44.0,35.29,16.0,0.143,5.0,31.25,1.0,6.25,0.393,0.0,37.5,16.98,16.98,33.96,31.03,50.0,24.0,0.238,7.0,29.17,2.0,8.33,0.53,0.0,33.33,16.16,16.16,32.32,32.69,23.33,121.0,0.161,42.0,34.71,7.0,5.79,0.4579999999999999,0.0799999999999999,27.98,12.53,20.53,33.06,27.27,27.27
746698,2024-06-21,2024,669289,R,676710,R,field_error,False,False,85.0,0.177,16.0,18.82,4.0,4.71,0.492,0.10100000000000003,12.1,5.69,16.47,22.16,25.62,17.39,138.0,0.244,22.0,15.94,10.0,7.25,0.633,0.073,17.87,7.68,20.84,28.52,25.34,15.6,179.0,0.247,45.0,25.14,13.0,7.26,0.702,0.14200000000000002,30.11,15.84,14.97,30.81,33.93,19.38,268.0,0.232,71.0,26.49,14.0,5.22,0.6639999999999999,0.148,28.52,15.66,13.7,29.35,35.55,21.65
746698,2024-06-21,2024,666181,L,676710,R,field_out,False,False,181.0,0.226,77.0,42.54,17.0,9.39,0.737,0.213,39.0,18.62,15.16,33.78,22.04,32.08,285.0,0.297,89.0,31.23,37.0,12.98,0.938,0.252,31.03,13.11,16.03,29.13,18.51,23.66,179.0,0.204,43.0,24.02,13.0,7.26,0.61,0.142,20.92,10.86,15.92,26.79,32.15,21.61,259.0,0.209,64.0,24.71,22.0,8.49,0.675,0.188,25.14,12.52,14.19,26.72,28.47,19.34
746698,2024-06-21,2024,571912,R,676710,R,double,False,False,61.0,0.17,23.0,37.7,4.0,6.56,0.487,0.03799999999999998,31.58,13.95,17.44,31.4,25.0,29.11,141.0,0.224,35.0,24.82,10.0,7.09,0.675,0.144,25.1,11.19,19.96,31.16,24.62,23.65,179.0,0.247,45.0,25.14,13.0,7.26,0.702,0.14200000000000002,30.11,15.84,14.97,30.81,33.93,19.38,268.0,0.232,71.0,26.49,14.0,5.22,0.6639999999999999,0.148,28.52,15.66,13.7,29.35,35.55,21.65
746698,2024-06-21,2024,670770,L,592155,L,single,False,False,31.0,0.25,6.0,19.35,3.0,9.68,0.711,0.04199999999999998,30.23,12.62,22.33,34.95,27.78,21.43,110.0,0.354,20.0,18.18,9.0,8.18,0.963,0.188,19.23,7.48,23.69,31.17,22.46,18.87,41.0,0.275,11.0,26.83,1.0,2.44,0.6679999999999999,0.09999999999999998,23.68,11.92,20.53,32.45,35.21,24.44,,,,,,,,,,,,,,
746698,2024-06-21,2024,682829,R,592155,L,walk,False,True,112.0,0.215,32.0,28.57,13.0,11.61,0.6799999999999999,0.12899999999999998,33.5,14.19,15.68,29.87,25.49,25.2,122.0,0.184,49.0,40.16,5.0,4.1,0.494,0.079,37.56,17.7,19.4,37.1,38.0,33.33,65.0,0.217,20.0,30.77,4.0,6.15,0.645,0.166,32.09,18.22,14.83,33.05,42.06,31.25,,,,,,,,,,,,,,
746698,2024-06-21,2024,600869,R,592155,L,strikeout,True,False,89.0,0.247,18.0,20.22,10.0,11.24,0.712,0.11699999999999999,28.24,13.87,13.29,27.17,30.68,17.82,161.0,0.254,36.0,22.36,15.0,9.32,0.793,0.197,21.45,10.5,14.2,24.7,29.83,16.29,65.0,0.217,20.0,30.77,4.0,6.15,0.645,0.166,32.09,18.22,14.83,33.05,42.06,31.25,,,,,,,,,,,,,,
746698,2024-06-21,2024,668715,R,641745,R,field_error,False,False,209.0,0.23,44.0,21.05,20.0,9.57,0.675,0.13399999999999998,21.88,9.85,18.05,27.9,25.35,15.77,487.0,0.256,106.0,21.77,51.0,10.47,0.7789999999999999,0.175,25.48,10.86,19.02,29.88,22.75,18.53,74.0,0.246,13.0,17.57,5.0,6.76,0.804,0.261,21.32,9.76,18.18,27.95,24.66,13.83,102.0,0.256,15.0,14.71,22.0,21.57,0.7769999999999999,0.0899999999999999,25.0,8.96,17.43,26.39,22.82,15.62
746698,2024-06-21,2024,641584,L,641745,R,field_out,False,False,155.0,0.266,31.0,20.0,13.0,8.39,0.667,0.07200000000000001,20.06,11.62,9.33,20.95,29.13,16.4,339.0,0.268,66.0,19.47,34.0,10.03,0.815,0.199,24.78,12.84,11.52,24.36,30.55,18.38,61.0,0.232,10.0,16.39,5.0,8.2,0.6699999999999999,0.143,20.72,9.27,15.32,24.6,28.78,15.15,109.0,0.262,16.0,14.68,23.0,21.1,0.8029999999999999,0.119,20.99,8.15,16.95,25.11,17.86,12.7
746698,2024-06-21,2024,678882,R,607259,R,field_out,False,False,201.0,0.241,54.0,26.87,5.0,2.49,0.642,0.14100000000000001,33.33,20.45,11.48,31.93,45.01,23.08,62.0,0.263,20.0,32.26,3.0,4.84,0.6739999999999999,0.1049999999999999,27.08,15.6,11.2,26.8,42.11,22.22,114.0,0.236,23.0,20.18,3.0,2.63,0.609,0.119,24.88,13.4,15.63,29.03,37.44,19.01,265.0,0.224,54.0,20.38,24.0,9.06,0.606,0.0839999999999999,26.67,12.33,17.68,30.01,32.95,21.26
746698,2024-06-21,2024,680776,L,607259,R,single,False,False,241.0,0.292,52.0,21.58,20.0,8.3,0.901,0.25600000000000006,23.85,11.39,14.52,25.91,26.92,18.57,314.0,0.296,75.0,23.89,21.0,6.69,0.84,0.195,24.68,12.92,13.75,26.67,30.3,19.02,125.0,0.27,21.0,16.8,5.0,4.0,0.761,0.182,23.17,11.97,14.29,26.26,37.85,13.82,197.0,0.261,52.0,26.4,16.0,8.12,0.743,0.1539999999999999,31.0,14.69,17.75,32.44,33.17,20.8
746698,2024-06-21,2024,666152,L,607259,R,field_out,False,False,131.0,0.298,32.0,24.43,9.0,6.87,0.822,0.173,24.77,10.51,20.43,30.93,19.68,21.19,36.0,0.1,10.0,27.78,6.0,16.67,0.417,0.067,20.0,8.44,23.38,31.82,26.39,15.38,125.0,0.27,21.0,16.8,5.0,4.0,0.761,0.182,23.17,11.97,14.29,26.26,37.85,13.82,197.0,0.261,52.0,26.4,16.0,8.12,0.743,0.1539999999999999,31.0,14.69,17.75,32.44,33.17,20.8
746698,2024-06-21,2024,641933,R,607259,R,strikeout,True,False,146.0,0.221,48.0,32.88,12.0,8.22,0.745,0.229,33.7,15.35,17.0,32.34,27.39,24.62,187.0,0.233,53.0,28.34,15.0,8.02,0.6839999999999999,0.157,29.39,13.29,17.12,30.41,25.99,26.5,114.0,0.236,23.0,20.18,3.0,2.63,0.609,0.119,24.88,13.4,15.63,29.03,37.44,19.01,265.0,0.224,54.0,20.38,24.0,9.06,0.606,0.0839999999999999,26.67,12.33,17.68,30.01,32.95,21.26
746698,2024-06-21,2024,663697,R,641745,R,walk,False,True,182.0,0.214,44.0,24.18,23.0,12.64,0.623,0.08499999999999999,20.42,7.53,21.04,28.57,16.45,20.09,397.0,0.257,73.0,18.39,37.0,9.32,0.7809999999999999,0.175,21.3,8.18,21.42,29.59,19.53,15.19,74.0,0.246,13.0,17.57,5.0,6.76,0.804,0.261,21.32,9.76,18.18,27.95,24.66,13.83,102.0,0.256,15.0,14.71,22.0,21.57,0.7769999999999999,0.0899999999999999,25.0,8.96,17.43,26.39,22.82,15.62
746698,2024-06-21,2024,669289,R,641745,R,single,False,False,85.0,0.177,16.0,18.82,4.0,4.71,0.492,0.10100000000000003,12.1,5.69,16.47,22.16,25.62,17.39,138.0,0.244,22.0,15.94,10.0,7.25,0.633,0.073,17.87,7.68,20.84,28.52,25.34,15.6,74.0,0.246,13.0,17.57,5.0,6.76,0.804,0.261,21.32,9.76,18.18,27.95,24.66,13.83,102.0,0.256,15.0,14.71,22.0,21.57,0.7769999999999999,0.0899999999999999,25.0,8.96,17.43,26.39,22.82,15.62
746698,2024-06-21,2024,666181,L,641745,R,fielders_choice_out,False,False,181.0,0.226,77.0,42.54,17.0,9.39,0.737,0.213,39.0,18.62,15.16,33.78,22.04,32.08,285.0,0.297,89.0,31.23,37.0,12.98,0.938,0.252,31.03,13.11,16.03,29.13,18.51,23.66,61.0,0.232,10.0,16.39,5.0,8.2,0.6699999999999999,0.143,20.72,9.27,15.32,24.6,28.78,15.15,109.0,0.262,16.0,14.68,23.0,21.1,0.8029999999999999,0.119,20.99,8.15,16.95,25.11,17.86,12.7
746698,2024-06-21,2024,571912,R,641745,R,field_out,False,False,61.0,0.17,23.0,37.7,4.0,6.56,0.487,0.03799999999999998,31.58,13.95,17.44,31.4,25.0,29.11,141.0,0.224,35.0,24.82,10.0,7.09,0.675,0.144,25.1,11.19,19.96,31.16,24.62,23.65,74.0,0.246,13.0,17.57,5.0,6.76,0.804,0.261,21.32,9.76,18.18,27.95,24.66,13.83,102.0,0.256,15.0,14.71,22.0,21.57,0.7769999999999999,0.0899999999999999,25.0,8.96,17.43,26.39,22.82,15.62
746698,2024-06-21,2024,646240,L,664747,R,field_out,False,False,182.0,0.286,34.0,18.68,26.0,14.29,0.989,0.318,25.22,11.82,12.91,24.73,29.09,16.11,469.0,0.27,89.0,18.98,51.0,10.87,0.863,0.235,25.44,13.04,9.74,22.78,33.05,15.06,54.0,0.211,12.0,22.22,14.0,25.93,0.786,0.13100000000000003,25.53,10.3,15.45,25.75,22.95,15.38,144.0,0.176,48.0,33.33,16.0,11.11,0.56,0.076,34.07,15.36,13.02,28.38,26.49,29.27
746698,2024-06-21,2024,657136,R,664747,R,single,False,False,138.0,0.32,25.0,18.12,4.0,2.9,0.821,0.136,27.64,14.44,15.07,29.51,31.7,19.38,296.0,0.262,94.0,31.76,13.0,4.39,0.734,0.1669999999999999,32.08,16.95,15.14,32.09,35.28,27.01,68.0,0.226,16.0,23.53,5.0,7.35,0.584,0.06399999999999997,26.15,12.41,17.15,29.56,26.47,19.05,142.0,0.197,38.0,26.76,20.0,14.08,0.634,0.1109999999999999,35.51,17.28,12.35,29.63,29.13,24.05
746698,2024-06-21,2024,807799,L,664747,R,strikeout,True,False,94.0,0.277,13.0,13.83,7.0,7.45,0.716,0.08399999999999996,15.62,6.68,19.52,26.2,23.94,12.62,437.0,0.293,58.0,13.27,22.0,5.03,0.795,0.167,17.2,7.54,21.09,28.63,28.96,13.65,54.0,0.211,12.0,22.22,14.0,25.93,0.786,0.13100000000000003,25.53,10.3,15.45,25.75,22.95,15.38,144.0,0.176,48.0,33.33,16.0,11.11,0.56,0.076,34.07,15.36,13.02,28.38,26.49,29.27
746698,2024-06-21,2024,642086,L,664747,R,field_out,False,False,122.0,0.2,23.0,18.85,14.0,11.48,0.5780000000000001,0.067,24.4,11.54,15.84,27.38,29.57,21.1,414.0,0.263,62.0,14.98,33.0,7.97,0.736,0.135,19.9,10.09,14.56,24.65,32.27,13.42,54.0,0.211,12.0,22.22,14.0,25.93,0.786,0.13100000000000003,25.53,10.3,15.45,25.75,22.95,15.38,144.0,0.176,48.0,33.33,16.0,11.11,0.56,0.076,34.07,15.36,13.02,28.38,26.49,29.27
745729,2024-06-21,2024,672284,L,607074,L,single,False,False,31.0,0.194,10.0,32.26,0.0,0.0,0.42000000000000004,0.032,35.38,20.35,15.93,36.28,40.0,25.64,92.0,0.259,27.0,29.35,7.0,7.61,0.774,0.2,27.91,12.83,16.31,29.14,26.49,24.55,58.0,0.204,15.0,25.86,4.0,6.9,0.611,0.148,24.0,10.76,19.28,30.04,24.78,21.13,50.0,0.195,14.0,28.0,6.0,12.0,0.759,0.244,32.32,16.58,11.92,28.5,23.4,25.93
745729,2024-06-21,2024,645277,R,607074,L,home_run,False,False,77.0,0.333,9.0,11.69,1.0,1.3,0.844,0.15999999999999998,19.12,10.88,9.62,20.5,31.71,21.95,133.0,0.391,18.0,13.53,4.0,3.01,1.023,0.2259999999999999,19.5,11.51,10.25,21.76,42.91,12.77,293.0,0.227,66.0,22.53,19.0,6.48,0.7,0.17800000000000002,27.23,13.92,13.09,27.01,29.75,16.92,236.0,0.274,50.0,21.19,22.0,9.32,0.855,0.236,25.1,13.5,11.48,24.97,31.87,17.24
745729,2024-06-21,2024,542303,R,607074,L,field_out,False,False,89.0,0.36,21.0,23.6,14.0,15.73,0.994,0.17300000000000004,30.77,15.04,11.53,26.57,25.34,14.79,139.0,0.278,25.0,17.99,13.0,9.35,0.98,0.357,22.56,11.13,13.17,24.3,30.63,15.53,293.0,0.227,66.0,22.53,19.0,6.48,0.7,0.17800000000000002,27.23,13.92,13.09,27.01,29.75,16.92,236.0,0.274,50.0,21.19,22.0,9.32,0.855,0.236,25.1,13.5,11.48,24.97,31.87,17.24
745729,2024-06-21,2024,621566,L,607074,L,strikeout,True,False,97.0,0.273,24.0,24.74,5.0,5.15,0.8640000000000001,0.261,25.26,12.41,14.43,26.84,27.78,17.02,182.0,0.252,52.0,28.57,14.0,7.69,0.7989999999999999,0.239,31.07,15.01,14.87,29.88,27.47,21.94,58.0,0.204,15.0,25.86,4.0,6.9,0.611,0.148,24.0,10.76,19.28,30.04,24.78,21.13,50.0,0.195,14.0,28.0,6.0,12.0,0.759,0.244,32.32,16.58,11.92,28.5,23.4,25.93
745729,2024-06-21,2024,663586,R,607074,L,home_run,False,False,74.0,0.209,16.0,21.62,6.0,8.11,0.627,0.13400000000000004,25.18,13.16,10.15,23.31,25.76,22.22,149.0,0.289,35.0,23.49,17.0,11.41,0.94,0.289,28.03,13.64,12.46,26.09,26.11,18.72,293.0,0.227,66.0,22.53,19.0,6.48,0.7,0.17800000000000002,27.23,13.92,13.09,27.01,29.75,16.92,236.0,0.274,50.0,21.19,22.0,9.32,0.855,0.236,25.1,13.5,11.48,24.97,31.87,17.24
745729,2024-06-21,2024,669221,R,607074,L,field_out,False,False,18.0,0.118,5.0,27.78,1.0,5.56,0.46099999999999997,0.176,32.26,14.93,22.39,37.31,41.38,29.41,101.0,0.274,21.0,20.79,12.0,11.88,0.884,0.2139999999999999,23.12,10.14,16.75,26.89,23.56,16.03,293.0,0.227,66.0,22.53,19.0,6.48,0.7,0.17800000000000002,27.23,13.92,13.09,27.01,29.75,16.92,236.0,0.274,50.0,21.19,22.0,9.32,0.855,0.236,25.1,13.5,11.48,24.97,31.87,17.24
745729,2024-06-21,2024,683011,R,519242,L,walk,False,True,88.0,0.275,16.0,18.18,7.0,7.95,0.7210000000000001,0.11299999999999999,17.37,8.12,18.49,26.61,25.84,15.84,134.0,0.248,35.0,26.12,16.0,11.94,0.817,0.2309999999999999,28.81,13.49,15.8,29.29,27.07,23.49,262.0,0.215,81.0,30.92,11.0,4.2,0.5700000000000001,0.094,32.1,16.3,17.59,33.89,35.43,24.47,370.0,0.224,107.0,28.92,26.0,7.03,0.699,0.1849999999999999,30.18,14.61,16.72,31.33,33.77,23.11
745729,2024-06-21,2024,665742,L,519242,L,strikeout,True,False,90.0,0.319,12.0,13.33,15.0,16.67,0.9610000000000001,0.20900000000000002,17.12,6.63,20.16,26.79,18.92,10.71,207.0,0.256,48.0,23.19,33.0,15.94,0.813,0.18,25.32,9.65,20.51,30.16,20.61,20.17,61.0,0.193,18.0,29.51,2.0,3.28,0.584,0.15799999999999997,30.36,14.98,21.15,36.12,38.68,24.0,56.0,0.245,18.0,32.14,3.0,5.36,0.778,0.2239999999999999,26.32,12.08,20.77,32.85,33.33,29.03
745729,2024-06-21,2024,592450,R,519242,L,strikeout,True,False,72.0,0.283,18.0,25.0,19.0,26.39,1.17,0.415,33.93,12.3,14.89,27.18,16.46,22.22,74.0,0.274,21.0,28.38,11.0,14.86,1.0550000000000002,0.403,34.59,13.9,15.71,29.61,19.89,21.65,262.0,0.215,81.0,30.92,11.0,4.2,0.5700000000000001,0.094,32.1,16.3,17.59,33.89,35.43,24.47,370.0,0.224,107.0,28.92,26.0,7.03,0.699,0.1849999999999999,30.18,14.61,16.72,31.33,33.77,23.11
745729,2024-06-21,2024,519317,R,519242,L,caught_stealing_2b,False,False,71.0,0.239,20.0,28.17,3.0,4.23,0.6890000000000001,0.179,30.43,15.56,17.04,32.59,34.85,25.32,74.0,0.265,13.0,17.57,6.0,8.11,0.942,0.353,21.88,10.11,15.16,25.27,26.09,20.0,262.0,0.215,81.0,30.92,11.0,4.2,0.5700000000000001,0.094,32.1,16.3,17.59,33.89,35.43,24.47,370.0,0.224,107.0,28.92,26.0,7.03,0.699,0.1849999999999999,30.18,14.61,16.72,31.33,33.77,23.11
745729,2024-06-21,2024,594807,R,607074,L,single,False,False,86.0,0.268,15.0,17.44,12.0,13.95,0.933,0.281,19.33,8.63,16.96,25.6,22.47,13.89,93.0,0.244,34.0,36.56,4.0,4.3,0.757,0.2329999999999999,34.95,18.31,16.34,34.65,37.97,29.82,293.0,0.227,66.0,22.53,19.0,6.48,0.7,0.17800000000000002,27.23,13.92,13.09,27.01,29.75,16.92,236.0,0.274,50.0,21.19,22.0,9.32,0.855,0.236,25.1,13.5,11.48,24.97,31.87,17.24
745729,2024-06-21,2024,657656,R,607074,L,double,False,False,40.0,0.211,16.0,40.0,0.0,0.0,0.646,0.21,38.75,20.0,15.48,35.48,28.77,27.59,138.0,0.27,36.0,26.09,10.0,7.25,0.793,0.19,27.13,12.7,16.7,29.4,21.07,20.34,293.0,0.227,66.0,22.53,19.0,6.48,0.7,0.17800000000000002,27.23,13.92,13.09,27.01,29.75,16.92,236.0,0.274,50.0,21.19,22.0,9.32,0.855,0.236,25.1,13.5,11.48,24.97,31.87,17.24
745729,2024-06-21,2024,606115,R,607074,L,field_out,False,False,75.0,0.171,21.0,28.0,3.0,4.0,0.443,0.07199999999999998,26.97,13.31,16.56,29.87,27.52,20.59,112.0,0.302,24.0,21.43,16.0,14.29,1.006,0.302,27.18,11.06,18.79,29.85,21.6,18.32,293.0,0.227,66.0,22.53,19.0,6.48,0.7,0.17800000000000002,27.23,13.92,13.09,27.01,29.75,16.92,236.0,0.274,50.0,21.19,22.0,9.32,0.855,0.236,25.1,13.5,11.48,24.97,31.87,17.24
745729,2024-06-21,2024,672284,L,607074,L,single,False,False,31.0,0.194,10.0,32.26,0.0,0.0,0.42000000000000004,0.032,35.38,20.35,15.93,36.28,40.0,25.64,92.0,0.259,27.0,29.35,7.0,7.61,0.774,0.2,27.91,12.83,16.31,29.14,26.49,24.55,58.0,0.204,15.0,25.86,4.0,6.9,0.611,0.148,24.0,10.76,19.28,30.04,24.78,21.13,50.0,0.195,14.0,28.0,6.0,12.0,0.759,0.244,32.32,16.58,11.92,28.5,23.4,25.93
745729,2024-06-21,2024,645277,R,607074,L,fielders_choice_out,False,False,77.0,0.333,9.0,11.69,1.0,1.3,0.844,0.15999999999999998,19.12,10.88,9.62,20.5,31.71,21.95,133.0,0.391,18.0,13.53,4.0,3.01,1.023,0.2259999999999999,19.5,11.51,10.25,21.76,42.91,12.77,293.0,0.227,66.0,22.53,19.0,6.48,0.7,0.17800000000000002,27.23,13.92,13.09,27.01,29.75,16.92,236.0,0.274,50.0,21.19,22.0,9.32,0.855,0.236,25.1,13.5,11.48,24.97,31.87,17.24
745729,2024-06-21,2024,542303,R,607074,L,strikeout,True,False,89.0,0.36,21.0,23.6,14.0,15.73,0.994,0.17300000000000004,30.77,15.04,11.53,26.57,25.34,14.79,139.0,0.278,25.0,17.99,13.0,9.35,0.98,0.357,22.56,11.13,13.17,24.3,30.63,15.53,293.0,0.227,66.0,22.53,19.0,6.48,0.7,0.17800000000000002,27.23,13.92,13.09,27.01,29.75,16.92,236.0,0.274,50.0,21.19,22.0,9.32,0.855,0.236,25.1,13.5,11.48,24.97,31.87,17.24
745729,2024-06-21,2024,519317,R,519242,L,strikeout,True,False,71.0,0.239,20.0,28.17,3.0,4.23,0.6890000000000001,0.179,30.43,15.56,17.04,32.59,34.85,25.32,74.0,0.265,13.0,17.57,6.0,8.11,0.942,0.353,21.88,10.11,15.16,25.27,26.09,20.0,262.0,0.215,81.0,30.92,11.0,4.2,0.5700000000000001,0.094,32.1,16.3,17.59,33.89,35.43,24.47,370.0,0.224,107.0,28.92,26.0,7.03,0.699,0.1849999999999999,30.18,14.61,16.72,31.33,33.77,23.11
745729,2024-06-21,2024,663330,R,519242,L,triple,False,False,9.0,0.25,2.0,22.22,1.0,11.11,0.958,0.375,35.71,17.24,20.69,37.93,18.18,18.18,8.0,0.25,3.0,37.5,0.0,0.0,0.625,0.125,18.75,9.38,15.62,25.0,18.75,30.0,262.0,0.215,81.0,30.92,11.0,4.2,0.5700000000000001,0.094,32.1,16.3,17.59,33.89,35.43,24.47,370.0,0.224,107.0,28.92,26.0,7.03,0.699,0.1849999999999999,30.18,14.61,16.72,31.33,33.77,23.11
745729,2024-06-21,2024,518934,R,519242,L,field_out,False,False,21.0,0.167,3.0,14.29,2.0,9.52,0.405,0.0,17.14,8.11,21.62,29.73,33.33,14.29,113.0,0.255,25.0,22.12,15.0,13.27,0.761,0.149,20.93,7.45,24.22,31.68,20.95,18.66,262.0,0.215,81.0,30.92,11.0,4.2,0.5700000000000001,0.094,32.1,16.3,17.59,33.89,35.43,24.47,370.0,0.224,107.0,28.92,26.0,7.03,0.699,0.1849999999999999,30.18,14.61,16.72,31.33,33.77,23.11
745729,2024-06-21,2024,624431,R,519242,L,field_out,False,False,61.0,0.226,8.0,13.11,6.0,9.84,0.753,0.227,18.81,7.25,20.99,28.24,23.65,10.39,44.0,0.268,2.0,4.55,3.0,6.82,0.781,0.195,11.11,5.49,18.9,24.39,37.21,4.08,262.0,0.215,81.0,30.92,11.0,4.2,0.5700000000000001,0.094,32.1,16.3,17.59,33.89,35.43,24.47,370.0,0.224,107.0,28.92,26.0,7.03,0.699,0.1849999999999999,30.18,14.61,16.72,31.33,33.77,23.11
745729,2024-06-21,2024,621566,L,607074,L,single,False,False,97.0,0.273,24.0,24.74,5.0,5.15,0.8640000000000001,0.261,25.26,12.41,14.43,26.84,27.78,17.02,182.0,0.252,52.0,28.57,14.0,7.69,0.7989999999999999,0.239,31.07,15.01,14.87,29.88,27.47,21.94,58.0,0.204,15.0,25.86,4.0,6.9,0.611,0.148,24.0,10.76,19.28,30.04,24.78,21.13,50.0,0.195,14.0,28.0,6.0,12.0,0.759,0.244,32.32,16.58,11.92,28.5,23.4,25.93
745729,2024-06-21,2024,663586,R,607074,L,walk,False,True,74.0,0.209,16.0,21.62,6.0,8.11,0.627,0.13400000000000004,25.18,13.16,10.15,23.31,25.76,22.22,149.0,0.289,35.0,23.49,17.0,11.41,0.94,0.289,28.03,13.64,12.46,26.09,26.11,18.72,293.0,0.227,66.0,22.53,19.0,6.48,0.7,0.17800000000000002,27.23,13.92,13.09,27.01,29.75,16.92,236.0,0.274,50.0,21.19,22.0,9.32,0.855,0.236,25.1,13.5,11.48,24.97,31.87,17.24
745729,2024-06-21,2024,669221,R,607074,L,strikeout,True,False,18.0,0.118,5.0,27.78,1.0,5.56,0.46099999999999997,0.176,32.26,14.93,22.39,37.31,41.38,29.41,101.0,0.274,21.0,20.79,12.0,11.88,0.884,0.2139999999999999,23.12,10.14,16.75,26.89,23.56,16.03,293.0,0.227,66.0,22.53,19.0,6.48,0.7,0.17800000000000002,27.23,13.92,13.09,27.01,29.75,16.92,236.0,0.274,50.0,21.19,22.0,9.32,0.855,0.236,25.1,13.5,11.48,24.97,31.87,17.24
745729,2024-06-21,2024,594807,R,607074,L,field_out,False,False,86.0,0.268,15.0,17.44,12.0,13.95,0.933,0.281,19.33,8.63,16.96,25.6,22.47,13.89,93.0,0.244,34.0,36.56,4.0,4.3,0.757,0.2329999999999999,34.95,18.31,16.34,34.65,37.97,29.82,293.0,0.227,66.0,22.53,19.0,6.48,0.7,0.17800000000000002,27.23,13.92,13.09,27.01,29.75,16.92,236.0,0.274,50.0,21.19,22.0,9.32,0.855,0.236,25.1,13.5,11.48,24.97,31.87,17.24
745729,2024-06-21,2024,657656,R,607074,L,double,False,False,40.0,0.211,16.0,40.0,0.0,0.0,0.646,0.21,38.75,20.0,15.48,35.48,28.77,27.59,138.0,0.27,36.0,26.09,10.0,7.25,0.793,0.19,27.13,12.7,16.7,29.4,21.07,20.34,293.0,0.227,66.0,22.53,19.0,6.48,0.7,0.17800000000000002,27.23,13.92,13.09,27.01,29.75,16.92,236.0,0.274,50.0,21.19,22.0,9.32,0.855,0.236,25.1,13.5,11.48,24.97,31.87,17.24
745729,2024-06-21,2024,606115,R,607074,L,field_out,False,False,75.0,0.171,21.0,28.0,3.0,4.0,0.443,0.07199999999999998,26.97,13.31,16.56,29.87,27.52,20.59,112.0,0.302,24.0,21.43,16.0,14.29,1.006,0.302,27.18,11.06,18.79,29.85,21.6,18.32,293.0,0.227,66.0,22.53,19.0,6.48,0.7,0.17800000000000002,27.23,13.92,13.09,27.01,29.75,16.92,236.0,0.274,50.0,21.19,22.0,9.32,0.855,0.236,25.1,13.5,11.48,24.97,31.87,17.24
745729,2024-06-21,2024,700250,L,519242,L,strikeout,True,False,5.0,0.0,0.0,0.0,1.0,20.0,0.2,0.0,10.0,5.56,5.56,11.11,11.11,0.0,,,,,,,,,,,,,,,61.0,0.193,18.0,29.51,2.0,3.28,0.584,0.15799999999999997,30.36,14.98,21.15,36.12,38.68,24.0,56.0,0.245,18.0,32.14,3.0,5.36,0.778,0.2239999999999999,26.32,12.08,20.77,32.85,33.33,29.03
745729,2024-06-21,2024,665828,R,519242,L,field_out,False,False,48.0,0.222,9.0,18.75,3.0,6.25,0.538,0.04500000000000001,14.94,7.3,18.54,25.84,28.4,16.07,70.0,0.2,21.0,30.0,3.0,4.29,0.597,0.1539999999999999,28.35,15.65,15.65,31.3,36.19,34.43,262.0,0.215,81.0,30.92,11.0,4.2,0.5700000000000001,0.094,32.1,16.3,17.59,33.89,35.43,24.47,370.0,0.224,107.0,28.92,26.0,7.03,0.699,0.1849999999999999,30.18,14.61,16.72,31.33,33.77,23.11
745729,2024-06-21,2024,683011,R,519242,L,field_out,False,False,88.0,0.275,16.0,18.18,7.0,7.95,0.7210000000000001,0.11299999999999999,17.37,8.12,18.49,26.61,25.84,15.84,134.0,0.248,35.0,26.12,16.0,11.94,0.817,0.2309999999999999,28.81,13.49,15.8,29.29,27.07,23.49,262.0,0.215,81.0,30.92,11.0,4.2,0.5700000000000001,0.094,32.1,16.3,17.59,33.89,35.43,24.47,370.0,0.224,107.0,28.92,26.0,7.03,0.699,0.1849999999999999,30.18,14.61,16.72,31.33,33.77,23.11
745729,2024-06-21,2024,672284,L,607074,L,field_out,False,False,31.0,0.194,10.0,32.26,0.0,0.0,0.42000000000000004,0.032,35.38,20.35,15.93,36.28,40.0,25.64,92.0,0.259,27.0,29.35,7.0,7.61,0.774,0.2,27.91,12.83,16.31,29.14,26.49,24.55,58.0,0.204,15.0,25.86,4.0,6.9,0.611,0.148,24.0,10.76,19.28,30.04,24.78,21.13,50.0,0.195,14.0,28.0,6.0,12.0,0.759,0.244,32.32,16.58,11.92,28.5,23.4,25.93
745729,2024-06-21,2024,645277,R,607074,L,double,False,False,77.0,0.333,9.0,11.69,1.0,1.3,0.844,0.15999999999999998,19.12,10.88,9.62,20.5,31.71,21.95,133.0,0.391,18.0,13.53,4.0,3.01,1.023,0.2259999999999999,19.5,11.51,10.25,21.76,42.91,12.77,293.0,0.227,66.0,22.53,19.0,6.48,0.7,0.17800000000000002,27.23,13.92,13.09,27.01,29.75,16.92,236.0,0.274,50.0,21.19,22.0,9.32,0.855,0.236,25.1,13.5,11.48,24.97,31.87,17.24
745729,2024-06-21,2024,542303,R,607074,L,field_out,False,False,89.0,0.36,21.0,23.6,14.0,15.73,0.994,0.17300000000000004,30.77,15.04,11.53,26.57,25.34,14.79,139.0,0.278,25.0,17.99,13.0,9.35,0.98,0.357,22.56,11.13,13.17,24.3,30.63,15.53,293.0,0.227,66.0,22.53,19.0,6.48,0.7,0.17800000000000002,27.23,13.92,13.09,27.01,29.75,16.92,236.0,0.274,50.0,21.19,22.0,9.32,0.855,0.236,25.1,13.5,11.48,24.97,31.87,17.24
745729,2024-06-21,2024,621566,L,607074,L,home_run,False,False,97.0,0.273,24.0,24.74,5.0,5.15,0.8640000000000001,0.261,25.26,12.41,14.43,26.84,27.78,17.02,182.0,0.252,52.0,28.57,14.0,7.69,0.7989999999999999,0.239,31.07,15.01,14.87,29.88,27.47,21.94,58.0,0.204,15.0,25.86,4.0,6.9,0.611,0.148,24.0,10.76,19.28,30.04,24.78,21.13,50.0,0.195,14.0,28.0,6.0,12.0,0.759,0.244,32.32,16.58,11.92,28.5,23.4,25.93
745729,2024-06-21,2024,663586,R,607074,L,walk,False,True,74.0,0.209,16.0,21.62,6.0,8.11,0.627,0.13400000000000004,25.18,13.16,10.15,23.31,25.76,22.22,149.0,0.289,35.0,23.49,17.0,11.41,0.94,0.289,28.03,13.64,12.46,26.09,26.11,18.72,293.0,0.227,66.0,22.53,19.0,6.48,0.7,0.17800000000000002,27.23,13.92,13.09,27.01,29.75,16.92,236.0,0.274,50.0,21.19,22.0,9.32,0.855,0.236,25.1,13.5,11.48,24.97,31.87,17.24
745729,2024-06-21,2024,669221,R,607074,L,double,False,False,18.0,0.118,5.0,27.78,1.0,5.56,0.46099999999999997,0.176,32.26,14.93,22.39,37.31,41.38,29.41,101.0,0.274,21.0,20.79,12.0,11.88,0.884,0.2139999999999999,23.12,10.14,16.75,26.89,23.56,16.03,293.0,0.227,66.0,22.53,19.0,6.48,0.7,0.17800000000000002,27.23,13.92,13.09,27.01,29.75,16.92,236.0,0.274,50.0,21.19,22.0,9.32,0.855,0.236,25.1,13.5,11.48,24.97,31.87,17.24
745729,2024-06-21,2024,594807,R,672782,R,strikeout,True,False,95.0,0.099,34.0,35.79,3.0,3.16,0.258,0.021999999999999992,28.74,14.08,19.44,33.52,34.86,30.63,260.0,0.248,76.0,29.23,18.0,6.92,0.863,0.303,29.41,13.69,18.97,32.66,32.68,27.44,1.0,0.0,1.0,100.0,0.0,0.0,0.0,0.0,100.0,20.0,40.0,60.0,33.33,33.33,4.0,0.25,2.0,50.0,0.0,0.0,0.5,0.0,25.0,13.33,13.33,26.67,44.44,50.0
745729,2024-06-21,2024,665742,L,519242,L,strikeout,True,False,90.0,0.319,12.0,13.33,15.0,16.67,0.9610000000000001,0.20900000000000002,17.12,6.63,20.16,26.79,18.92,10.71,207.0,0.256,48.0,23.19,33.0,15.94,0.813,0.18,25.32,9.65,20.51,30.16,20.61,20.17,61.0,0.193,18.0,29.51,2.0,3.28,0.584,0.15799999999999997,30.36,14.98,21.15,36.12,38.68,24.0,56.0,0.245,18.0,32.14,3.0,5.36,0.778,0.2239999999999999,26.32,12.08,20.77,32.85,33.33,29.03
745729,2024-06-21,2024,592450,R,519242,L,strikeout,True,False,72.0,0.283,18.0,25.0,19.0,26.39,1.17,0.415,33.93,12.3,14.89,27.18,16.46,22.22,74.0,0.274,21.0,28.38,11.0,14.86,1.0550000000000002,0.403,34.59,13.9,15.71,29.61,19.89,21.65,262.0,0.215,81.0,30.92,11.0,4.2,0.5700000000000001,0.094,32.1,16.3,17.59,33.89,35.43,24.47,370.0,0.224,107.0,28.92,26.0,7.03,0.699,0.1849999999999999,30.18,14.61,16.72,31.33,33.77,23.11
745729,2024-06-21,2024,519317,R,519242,L,field_out,False,False,71.0,0.239,20.0,28.17,3.0,4.23,0.6890000000000001,0.179,30.43,15.56,17.04,32.59,34.85,25.32,74.0,0.265,13.0,17.57,6.0,8.11,0.942,0.353,21.88,10.11,15.16,25.27,26.09,20.0,262.0,0.215,81.0,30.92,11.0,4.2,0.5700000000000001,0.094,32.1,16.3,17.59,33.89,35.43,24.47,370.0,0.224,107.0,28.92,26.0,7.03,0.699,0.1849999999999999,30.18,14.61,16.72,31.33,33.77,23.11
745729,2024-06-21,2024,657656,R,672782,R,field_out,False,False,55.0,0.114,21.0,38.18,7.0,12.73,0.427,0.022000000000000006,36.67,14.93,18.55,33.48,21.24,32.81,267.0,0.2,78.0,29.21,23.0,8.61,0.612,0.123,29.9,13.97,16.61,30.58,29.73,21.08,1.0,0.0,1.0,100.0,0.0,0.0,0.0,0.0,100.0,20.0,40.0,60.0,33.33,33.33,4.0,0.25,2.0,50.0,0.0,0.0,0.5,0.0,25.0,13.33,13.33,26.67,44.44,50.0
745729,2024-06-21,2024,606115,R,672782,R,field_out,False,False,205.0,0.234,35.0,17.07,8.0,3.9,0.656,0.157,23.39,11.79,14.77,26.55,25.95,16.99,421.0,0.255,78.0,18.53,23.0,5.46,0.6739999999999999,0.12,23.54,11.23,17.09,28.32,27.84,15.98,1.0,0.0,1.0,100.0,0.0,0.0,0.0,0.0,100.0,20.0,40.0,60.0,33.33,33.33,4.0,0.25,2.0,50.0,0.0,0.0,0.5,0.0,25.0,13.33,13.33,26.67,44.44,50.0
745729,2024-06-21,2024,672284,L,672782,R,walk,False,True,166.0,0.279,49.0,29.52,10.0,6.02,0.793,0.189,34.51,17.59,14.89,32.48,32.13,22.37,324.0,0.251,105.0,32.41,34.0,10.49,0.738,0.1569999999999999,35.42,16.4,14.8,31.2,29.2,26.99,2.0,0.0,2.0,100.0,0.0,0.0,0.0,0.0,100.0,37.5,37.5,75.0,0.0,100.0,4.0,0.0,2.0,50.0,0.0,0.0,0.25,0.0,25.0,12.5,12.5,25.0,0.0,33.33
745729,2024-06-21,2024,645277,L,672782,R,walk,False,True,206.0,0.235,36.0,17.48,17.0,8.25,0.683,0.137,21.44,11.97,9.24,21.21,32.58,11.8,528.0,0.25,89.0,16.86,42.0,7.95,0.8029999999999999,0.235,20.84,11.11,9.82,20.92,33.45,13.94,2.0,0.0,2.0,100.0,0.0,0.0,0.0,0.0,100.0,37.5,37.5,75.0,0.0,100.0,4.0,0.0,2.0,50.0,0.0,0.0,0.25,0.0,25.0,12.5,12.5,25.0,0.0,33.33
745729,2024-06-21,2024,542303,R,672782,R,strikeout,True,False,216.0,0.299,46.0,21.3,19.0,8.8,0.985,0.325,30.73,14.86,13.21,28.07,27.07,19.01,453.0,0.272,109.0,24.06,44.0,9.71,0.882,0.263,27.95,13.42,14.78,28.21,29.59,18.63,1.0,0.0,1.0,100.0,0.0,0.0,0.0,0.0,100.0,20.0,40.0,60.0,33.33,33.33,4.0,0.25,2.0,50.0,0.0,0.0,0.5,0.0,25.0,13.33,13.33,26.67,44.44,50.0
745729,2024-06-21,2024,663330,R,519242,L,walk,False,True,9.0,0.25,2.0,22.22,1.0,11.11,0.958,0.375,35.71,17.24,20.69,37.93,18.18,18.18,8.0,0.25,3.0,37.5,0.0,0.0,0.625,0.125,18.75,9.38,15.62,25.0,18.75,30.0,262.0,0.215,81.0,30.92,11.0,4.2,0.5700000000000001,0.094,32.1,16.3,17.59,33.89,35.43,24.47,370.0,0.224,107.0,28.92,26.0,7.03,0.699,0.1849999999999999,30.18,14.61,16.72,31.33,33.77,23.11
745729,2024-06-21,2024,518934,R,519242,L,walk,False,True,21.0,0.167,3.0,14.29,2.0,9.52,0.405,0.0,17.14,8.11,21.62,29.73,33.33,14.29,113.0,0.255,25.0,22.12,15.0,13.27,0.761,0.149,20.93,7.45,24.22,31.68,20.95,18.66,262.0,0.215,81.0,30.92,11.0,4.2,0.5700000000000001,0.094,32.1,16.3,17.59,33.89,35.43,24.47,370.0,0.224,107.0,28.92,26.0,7.03,0.699,0.1849999999999999,30.18,14.61,16.72,31.33,33.77,23.11
745729,2024-06-21,2024,624431,R,519242,L,strikeout,True,False,61.0,0.226,8.0,13.11,6.0,9.84,0.753,0.227,18.81,7.25,20.99,28.24,23.65,10.39,44.0,0.268,2.0,4.55,3.0,6.82,0.781,0.195,11.11,5.49,18.9,24.39,37.21,4.08,262.0,0.215,81.0,30.92,11.0,4.2,0.5700000000000001,0.094,32.1,16.3,17.59,33.89,35.43,24.47,370.0,0.224,107.0,28.92,26.0,7.03,0.699,0.1849999999999999,30.18,14.61,16.72,31.33,33.77,23.11
745729,2024-06-21,2024,700250,L,519242,L,field_out,False,False,5.0,0.0,0.0,0.0,1.0,20.0,0.2,0.0,10.0,5.56,5.56,11.11,11.11,0.0,,,,,,,,,,,,,,,61.0,0.193,18.0,29.51,2.0,3.28,0.584,0.15799999999999997,30.36,14.98,21.15,36.12,38.68,24.0,56.0,0.245,18.0,32.14,3.0,5.36,0.778,0.2239999999999999,26.32,12.08,20.77,32.85,33.33,29.03
745729,2024-06-21,2024,665828,R,519242,L,strikeout,True,False,48.0,0.222,9.0,18.75,3.0,6.25,0.538,0.04500000000000001,14.94,7.3,18.54,25.84,28.4,16.07,70.0,0.2,21.0,30.0,3.0,4.29,0.597,0.1539999999999999,28.35,15.65,15.65,31.3,36.19,34.43,262.0,0.215,81.0,30.92,11.0,4.2,0.5700000000000001,0.094,32.1,16.3,17.59,33.89,35.43,24.47,370.0,0.224,107.0,28.92,26.0,7.03,0.699,0.1849999999999999,30.18,14.61,16.72,31.33,33.77,23.11
745729,2024-06-21,2024,621566,L,672782,R,field_out,False,False,205.0,0.24,53.0,25.85,23.0,11.22,0.745,0.173,28.0,13.71,11.53,25.24,28.22,16.94,540.0,0.294,115.0,21.3,90.0,16.67,1.061,0.351,27.51,12.57,12.32,24.89,25.66,14.92,2.0,0.0,2.0,100.0,0.0,0.0,0.0,0.0,100.0,37.5,37.5,75.0,0.0,100.0,4.0,0.0,2.0,50.0,0.0,0.0,0.25,0.0,25.0,12.5,12.5,25.0,0.0,33.33
745729,2024-06-21,2024,663586,R,672782,R,single,False,False,178.0,0.261,43.0,24.16,14.0,7.87,0.757,0.16799999999999998,29.69,15.04,12.62,27.66,27.84,17.87,566.0,0.28,137.0,24.2,42.0,7.42,0.841,0.2199999999999999,27.71,13.25,15.53,28.77,27.7,18.53,1.0,0.0,1.0,100.0,0.0,0.0,0.0,0.0,100.0,20.0,40.0,60.0,33.33,33.33,4.0,0.25,2.0,50.0,0.0,0.0,0.5,0.0,25.0,13.33,13.33,26.67,44.44,50.0
745729,2024-06-21,2024,669221,R,672782,R,single,False,False,42.0,0.231,11.0,26.19,2.0,4.76,0.696,0.17899999999999996,32.88,15.38,19.87,35.26,31.65,25.0,337.0,0.245,77.0,22.85,37.0,10.98,0.832,0.2309999999999999,26.79,12.43,15.15,27.58,22.74,18.97,1.0,0.0,1.0,100.0,0.0,0.0,0.0,0.0,100.0,20.0,40.0,60.0,33.33,33.33,4.0,0.25,2.0,50.0,0.0,0.0,0.5,0.0,25.0,13.33,13.33,26.67,44.44,50.0
745729,2024-06-21,2024,594807,R,672782,R,field_out,False,False,95.0,0.099,34.0,35.79,3.0,3.16,0.258,0.021999999999999992,28.74,14.08,19.44,33.52,34.86,30.63,260.0,0.248,76.0,29.23,18.0,6.92,0.863,0.303,29.41,13.69,18.97,32.66,32.68,27.44,1.0,0.0,1.0,100.0,0.0,0.0,0.0,0.0,100.0,20.0,40.0,60.0,33.33,33.33,4.0,0.25,2.0,50.0,0.0,0.0,0.5,0.0,25.0,13.33,13.33,26.67,44.44,50.0
745729,2024-06-21,2024,657656,R,672782,R,force_out,False,False,55.0,0.114,21.0,38.18,7.0,12.73,0.427,0.022000000000000006,36.67,14.93,18.55,33.48,21.24,32.81,267.0,0.2,78.0,29.21,23.0,8.61,0.612,0.123,29.9,13.97,16.61,30.58,29.73,21.08,1.0,0.0,1.0,100.0,0.0,0.0,0.0,0.0,100.0,20.0,40.0,60.0,33.33,33.33,4.0,0.25,2.0,50.0,0.0,0.0,0.5,0.0,25.0,13.33,13.33,26.67,44.44,50.0
745729,2024-06-21,2024,683011,R,678226,R,field_out,False,False,262.0,0.27,58.0,22.14,17.0,6.49,0.744,0.14799999999999996,23.88,11.47,18.53,30.0,30.1,19.08,467.0,0.198,132.0,28.27,36.0,7.71,0.624,0.1579999999999999,28.15,13.53,17.49,31.02,29.16,23.4,14.0,0.25,3.0,21.43,2.0,14.29,0.69,0.08300000000000002,13.79,6.35,14.29,20.63,28.57,12.5,8.0,0.714,0.0,0.0,1.0,12.5,1.464,0.0,16.67,10.0,3.33,13.33,47.37,0.0
745729,2024-06-21,2024,665742,L,678226,R,strikeout,True,False,246.0,0.305,40.0,16.26,45.0,18.29,1.027,0.289,24.14,8.74,18.83,27.57,16.31,14.08,502.0,0.283,81.0,16.14,99.0,19.72,0.98,0.2730000000000001,18.45,6.31,19.31,25.62,15.09,14.14,9.0,0.25,4.0,44.44,1.0,11.11,0.583,0.0,50.0,25.0,17.86,42.86,50.0,100.0,12.0,0.1,6.0,50.0,2.0,16.67,0.65,0.3,46.15,22.64,15.09,37.74,33.33,33.33
745729,2024-06-21,2024,592450,R,678226,R,field_out,False,False,259.0,0.312,65.0,25.1,38.0,14.67,1.117,0.38599999999999995,31.37,13.66,14.76,28.41,18.94,19.76,384.0,0.266,109.0,28.39,77.0,20.05,1.011,0.3339999999999999,36.96,15.02,15.7,30.72,19.29,24.12,14.0,0.25,3.0,21.43,2.0,14.29,0.69,0.08300000000000002,13.79,6.35,14.29,20.63,28.57,12.5,8.0,0.714,0.0,0.0,1.0,12.5,1.464,0.0,16.67,10.0,3.33,13.33,47.37,0.0
745729,2024-06-21,2024,606115,R,672782,R,field_out,False,False,205.0,0.234,35.0,17.07,8.0,3.9,0.656,0.157,23.39,11.79,14.77,26.55,25.95,16.99,421.0,0.255,78.0,18.53,23.0,5.46,0.6739999999999999,0.12,23.54,11.23,17.09,28.32,27.84,15.98,1.0,0.0,1.0,100.0,0.0,0.0,0.0,0.0,100.0,20.0,40.0,60.0,33.33,33.33,4.0,0.25,2.0,50.0,0.0,0.0,0.5,0.0,25.0,13.33,13.33,26.67,44.44,50.0
745729,2024-06-21,2024,672284,L,672782,R,field_out,False,False,166.0,0.279,49.0,29.52,10.0,6.02,0.793,0.189,34.51,17.59,14.89,32.48,32.13,22.37,324.0,0.251,105.0,32.41,34.0,10.49,0.738,0.1569999999999999,35.42,16.4,14.8,31.2,29.2,26.99,2.0,0.0,2.0,100.0,0.0,0.0,0.0,0.0,100.0,37.5,37.5,75.0,0.0,100.0,4.0,0.0,2.0,50.0,0.0,0.0,0.25,0.0,25.0,12.5,12.5,25.0,0.0,33.33
745729,2024-06-21,2024,645277,L,672782,R,strikeout,True,False,206.0,0.235,36.0,17.48,17.0,8.25,0.683,0.137,21.44,11.97,9.24,21.21,32.58,11.8,528.0,0.25,89.0,16.86,42.0,7.95,0.8029999999999999,0.235,20.84,11.11,9.82,20.92,33.45,13.94,2.0,0.0,2.0,100.0,0.0,0.0,0.0,0.0,100.0,37.5,37.5,75.0,0.0,100.0,4.0,0.0,2.0,50.0,0.0,0.0,0.25,0.0,25.0,12.5,12.5,25.0,0.0,33.33
745729,2024-06-21,2024,519317,R,445926,R,single,False,False,206.0,0.245,69.0,33.5,17.0,8.25,0.827,0.271,34.56,15.78,17.59,33.37,31.41,29.74,341.0,0.175,111.0,32.55,35.0,10.26,0.64,0.201,36.65,15.18,19.37,34.55,27.39,25.58,70.0,0.197,17.0,24.29,2.0,2.86,0.593,0.16699999999999998,25.2,11.11,19.71,30.82,25.71,21.79,78.0,0.243,24.0,30.77,7.0,8.97,0.7210000000000001,0.157,32.85,13.68,23.4,37.08,27.96,23.08
745729,2024-06-21,2024,663330,R,445926,R,strikeout,True,False,11.0,0.125,4.0,36.36,0.0,0.0,0.425,0.0,28.57,14.81,22.22,37.04,40.0,57.14,3.0,0.0,2.0,66.67,1.0,33.33,0.333,0.0,57.14,23.53,17.65,41.18,14.29,28.57,70.0,0.197,17.0,24.29,2.0,2.86,0.593,0.16699999999999998,25.2,11.11,19.71,30.82,25.71,21.79,78.0,0.243,24.0,30.77,7.0,8.97,0.7210000000000001,0.157,32.85,13.68,23.4,37.08,27.96,23.08
745729,2024-06-21,2024,518934,R,445926,R,grounded_into_double_play,False,False,49.0,0.214,12.0,24.49,6.0,12.24,0.526,0.0,21.43,9.68,21.51,31.18,31.71,22.22,450.0,0.241,100.0,22.22,45.0,10.0,0.7070000000000001,0.146,19.38,7.76,24.06,31.82,23.84,20.0,70.0,0.197,17.0,24.29,2.0,2.86,0.593,0.16699999999999998,25.2,11.11,19.71,30.82,25.71,21.79,78.0,0.243,24.0,30.77,7.0,8.97,0.7210000000000001,0.157,32.85,13.68,23.4,37.08,27.96,23.08
745729,2024-06-21,2024,542303,R,672782,R,walk,False,True,216.0,0.299,46.0,21.3,19.0,8.8,0.985,0.325,30.73,14.86,13.21,28.07,27.07,19.01,453.0,0.272,109.0,24.06,44.0,9.71,0.882,0.263,27.95,13.42,14.78,28.21,29.59,18.63,1.0,0.0,1.0,100.0,0.0,0.0,0.0,0.0,100.0,20.0,40.0,60.0,33.33,33.33,4.0,0.25,2.0,50.0,0.0,0.0,0.5,0.0,25.0,13.33,13.33,26.67,44.44,50.0
745729,2024-06-21,2024,621566,L,672782,R,strikeout,True,False,205.0,0.24,53.0,25.85,23.0,11.22,0.745,0.173,28.0,13.71,11.53,25.24,28.22,16.94,540.0,0.294,115.0,21.3,90.0,16.67,1.061,0.351,27.51,12.57,12.32,24.89,25.66,14.92,2.0,0.0,2.0,100.0,0.0,0.0,0.0,0.0,100.0,37.5,37.5,75.0,0.0,100.0,4.0,0.0,2.0,50.0,0.0,0.0,0.25,0.0,25.0,12.5,12.5,25.0,0.0,33.33
745729,2024-06-21,2024,663586,R,672782,R,field_out,False,False,178.0,0.261,43.0,24.16,14.0,7.87,0.757,0.16799999999999998,29.69,15.04,12.62,27.66,27.84,17.87,566.0,0.28,137.0,24.2,42.0,7.42,0.841,0.2199999999999999,27.71,13.25,15.53,28.77,27.7,18.53,1.0,0.0,1.0,100.0,0.0,0.0,0.0,0.0,100.0,20.0,40.0,60.0,33.33,33.33,4.0,0.25,2.0,50.0,0.0,0.0,0.5,0.0,25.0,13.33,13.33,26.67,44.44,50.0
745729,2024-06-21,2024,669221,R,672782,R,field_out,False,False,42.0,0.231,11.0,26.19,2.0,4.76,0.696,0.17899999999999996,32.88,15.38,19.87,35.26,31.65,25.0,337.0,0.245,77.0,22.85,37.0,10.98,0.832,0.2309999999999999,26.79,12.43,15.15,27.58,22.74,18.97,1.0,0.0,1.0,100.0,0.0,0.0,0.0,0.0,100.0,20.0,40.0,60.0,33.33,33.33,4.0,0.25,2.0,50.0,0.0,0.0,0.5,0.0,25.0,13.33,13.33,26.67,44.44,50.0
745729,2024-06-21,2024,624431,R,669276,L,field_out,False,False,61.0,0.226,8.0,13.11,6.0,9.84,0.753,0.227,18.81,7.25,20.99,28.24,23.65,10.39,44.0,0.268,2.0,4.55,3.0,6.82,0.781,0.195,11.11,5.49,18.9,24.39,37.21,4.08,82.0,0.229,15.0,18.29,10.0,12.2,0.6779999999999999,0.12799999999999997,35.1,18.34,10.73,29.07,32.39,20.0,61.0,0.315,11.0,18.03,6.0,9.84,0.8089999999999999,0.1109999999999999,24.26,13.36,13.77,27.13,40.44,11.34
745729,2024-06-21,2024,700250,L,669276,L,strikeout,True,False,5.0,0.0,0.0,0.0,1.0,20.0,0.2,0.0,10.0,5.56,5.56,11.11,11.11,0.0,,,,,,,,,,,,,,,44.0,0.25,16.0,36.36,0.0,0.0,0.659,0.15899999999999997,36.46,22.88,15.69,38.56,47.54,32.65,40.0,0.189,13.0,32.5,2.0,5.0,0.663,0.243,40.54,20.69,20.69,41.38,31.03,32.5
745729,2024-06-21,2024,665828,R,669276,L,strikeout,True,False,48.0,0.222,9.0,18.75,3.0,6.25,0.538,0.04500000000000001,14.94,7.3,18.54,25.84,28.4,16.07,70.0,0.2,21.0,30.0,3.0,4.29,0.597,0.1539999999999999,28.35,15.65,15.65,31.3,36.19,34.43,82.0,0.229,15.0,18.29,10.0,12.2,0.6779999999999999,0.12799999999999997,35.1,18.34,10.73,29.07,32.39,20.0,61.0,0.315,11.0,18.03,6.0,9.84,0.8089999999999999,0.1109999999999999,24.26,13.36,13.77,27.13,40.44,11.34
745729,2024-06-21,2024,594807,R,672782,R,strikeout,True,False,95.0,0.099,34.0,35.79,3.0,3.16,0.258,0.021999999999999992,28.74,14.08,19.44,33.52,34.86,30.63,260.0,0.248,76.0,29.23,18.0,6.92,0.863,0.303,29.41,13.69,18.97,32.66,32.68,27.44,1.0,0.0,1.0,100.0,0.0,0.0,0.0,0.0,100.0,20.0,40.0,60.0,33.33,33.33,4.0,0.25,2.0,50.0,0.0,0.0,0.5,0.0,25.0,13.33,13.33,26.67,44.44,50.0
745729,2024-06-21,2024,657656,R,672782,R,double,False,False,55.0,0.114,21.0,38.18,7.0,12.73,0.427,0.022000000000000006,36.67,14.93,18.55,33.48,21.24,32.81,267.0,0.2,78.0,29.21,23.0,8.61,0.612,0.123,29.9,13.97,16.61,30.58,29.73,21.08,1.0,0.0,1.0,100.0,0.0,0.0,0.0,0.0,100.0,20.0,40.0,60.0,33.33,33.33,4.0,0.25,2.0,50.0,0.0,0.0,0.5,0.0,25.0,13.33,13.33,26.67,44.44,50.0
745729,2024-06-21,2024,606115,R,641360,R,hit_by_pitch,False,False,205.0,0.234,35.0,17.07,8.0,3.9,0.656,0.157,23.39,11.79,14.77,26.55,25.95,16.99,421.0,0.255,78.0,18.53,23.0,5.46,0.6739999999999999,0.12,23.54,11.23,17.09,28.32,27.84,15.98,,,,,,,,,,,,,,,177.0,0.25,47.0,26.55,26.0,14.69,0.812,0.196,30.92,14.21,15.41,29.61,26.05,18.88
745729,2024-06-21,2024,672284,L,641360,R,strikeout,True,False,166.0,0.279,49.0,29.52,10.0,6.02,0.793,0.189,34.51,17.59,14.89,32.48,32.13,22.37,324.0,0.251,105.0,32.41,34.0,10.49,0.738,0.1569999999999999,35.42,16.4,14.8,31.2,29.2,26.99,,,,,,,,,,,,,,,127.0,0.202,29.0,22.83,13.0,10.24,0.623,0.119,27.95,14.34,11.31,25.66,33.07,18.12
745729,2024-06-21,2024,645277,L,641360,R,field_out,False,False,206.0,0.235,36.0,17.48,17.0,8.25,0.683,0.137,21.44,11.97,9.24,21.21,32.58,11.8,528.0,0.25,89.0,16.86,42.0,7.95,0.8029999999999999,0.235,20.84,11.11,9.82,20.92,33.45,13.94,,,,,,,,,,,,,,,127.0,0.202,29.0,22.83,13.0,10.24,0.623,0.119,27.95,14.34,11.31,25.66,33.07,18.12
745729,2024-06-21,2024,683011,R,656550,R,single,False,False,262.0,0.27,58.0,22.14,17.0,6.49,0.744,0.14799999999999996,23.88,11.47,18.53,30.0,30.1,19.08,467.0,0.198,132.0,28.27,36.0,7.71,0.624,0.1579999999999999,28.15,13.53,17.49,31.02,29.16,23.4,7.0,0.143,2.0,28.57,0.0,0.0,0.286,0.0,46.67,29.17,12.5,41.67,50.0,28.57,,,,,,,,,,,,,,
745729,2024-06-21,2024,665742,L,656550,R,field_out,False,False,246.0,0.305,40.0,16.26,45.0,18.29,1.027,0.289,24.14,8.74,18.83,27.57,16.31,14.08,502.0,0.283,81.0,16.14,99.0,19.72,0.98,0.2730000000000001,18.45,6.31,19.31,25.62,15.09,14.14,5.0,0.2,1.0,20.0,0.0,0.0,0.4,0.0,16.67,5.26,26.32,31.58,9.09,50.0,,,,,,,,,,,,,,
745729,2024-06-21,2024,592450,R,656550,R,grounded_into_double_play,False,False,259.0,0.312,65.0,25.1,38.0,14.67,1.117,0.38599999999999995,31.37,13.66,14.76,28.41,18.94,19.76,384.0,0.266,109.0,28.39,77.0,20.05,1.011,0.3339999999999999,36.96,15.02,15.7,30.72,19.29,24.12,7.0,0.143,2.0,28.57,0.0,0.0,0.286,0.0,46.67,29.17,12.5,41.67,50.0,28.57,,,,,,,,,,,,,,
746460,2024-06-21,2024,502054,R,656427,R,field_out,False,False,126.0,0.282,26.0,20.63,9.0,7.14,0.692,0.07700000000000001,23.41,9.56,21.71,31.27,19.03,18.31,304.0,0.262,71.0,23.36,28.0,9.21,0.767,0.173,26.61,10.98,19.38,30.37,21.23,21.19,151.0,0.229,50.0,33.11,5.0,3.31,0.647,0.153,32.99,16.17,18.33,34.5,32.59,25.13,306.0,0.274,84.0,27.45,27.0,8.82,0.768,0.1409999999999999,30.36,14.29,16.46,30.75,27.99,21.45
746460,2024-06-21,2024,670032,L,656427,R,field_out,False,False,187.0,0.234,29.0,15.51,15.0,8.02,0.5700000000000001,0.035,17.81,8.7,15.88,24.58,27.13,17.16,212.0,0.228,33.0,15.57,24.0,11.32,0.647,0.089,22.47,10.7,16.47,27.16,26.6,14.22,149.0,0.211,50.0,33.56,6.0,4.03,0.614,0.155,35.98,15.68,20.63,36.3,30.49,26.63,344.0,0.298,64.0,18.6,39.0,11.34,0.866,0.183,22.78,9.36,18.3,27.66,23.16,17.02
746460,2024-06-21,2024,673357,R,656427,R,walk,False,True,68.0,0.203,26.0,38.24,4.0,5.88,0.812,0.35900000000000004,35.33,18.47,14.98,33.45,34.27,25.74,477.0,0.252,132.0,27.67,25.0,5.24,0.8340000000000001,0.279,32.83,18.94,10.59,29.53,40.07,24.77,151.0,0.229,50.0,33.11,5.0,3.31,0.647,0.153,32.99,16.17,18.33,34.5,32.59,25.13,306.0,0.274,84.0,27.45,27.0,8.82,0.768,0.1409999999999999,30.36,14.29,16.46,30.75,27.99,21.45
746460,2024-06-21,2024,657757,L,656427,R,single,False,False,220.0,0.234,36.0,16.36,29.0,13.18,0.7410000000000001,0.165,20.96,9.08,18.38,27.46,28.57,12.63,324.0,0.212,58.0,17.9,28.0,8.64,0.63,0.1369999999999999,20.44,9.67,14.66,24.33,29.35,14.25,149.0,0.211,50.0,33.56,6.0,4.03,0.614,0.155,35.98,15.68,20.63,36.3,30.49,26.63,344.0,0.298,64.0,18.6,39.0,11.34,0.866,0.183,22.78,9.36,18.3,27.66,23.16,17.02
746460,2024-06-21,2024,683734,R,656427,R,strikeout,True,False,226.0,0.227,55.0,24.34,15.0,6.64,0.665,0.15,22.06,10.47,17.75,28.21,30.09,20.0,474.0,0.267,109.0,23.0,29.0,6.12,0.774,0.18,26.24,11.95,18.94,30.89,30.92,21.51,151.0,0.229,50.0,33.11,5.0,3.31,0.647,0.153,32.99,16.17,18.33,34.5,32.59,25.13,306.0,0.274,84.0,27.45,27.0,8.82,0.768,0.1409999999999999,30.36,14.29,16.46,30.75,27.99,21.45
746460,2024-06-21,2024,663837,R,607200,R,field_out,False,False,175.0,0.252,40.0,22.86,9.0,5.14,0.784,0.239,20.53,8.78,20.82,29.6,19.87,17.78,383.0,0.26,92.0,24.02,29.0,7.57,0.724,0.14,21.06,9.23,21.95,31.18,28.67,18.31,172.0,0.231,42.0,24.42,10.0,5.81,0.623,0.10700000000000001,24.16,10.83,18.8,29.62,27.22,20.29,,,,,,,,,,,,,,
746460,2024-06-21,2024,690993,L,607200,R,single,False,False,202.0,0.234,35.0,17.33,11.0,5.45,0.601,0.08499999999999999,22.6,10.84,16.8,27.64,32.9,18.32,,,,,,,,,,,,,,,191.0,0.239,41.0,21.47,13.0,6.81,0.687,0.15900000000000003,19.36,8.68,15.28,23.96,24.64,17.75,,,,,,,,,,,,,,
746460,2024-06-21,2024,682985,L,607200,R,strikeout,True,False,242.0,0.278,64.0,26.45,34.0,14.05,0.914,0.254,28.4,11.62,17.68,29.29,20.99,22.78,323.0,0.291,84.0,26.01,28.0,8.67,0.826,0.182,27.26,12.45,16.06,28.52,24.68,20.14,191.0,0.239,41.0,21.47,13.0,6.81,0.687,0.15900000000000003,19.36,8.68,15.28,23.96,24.64,17.75,,,,,,,,,,,,,,
746460,2024-06-21,2024,592192,R,607200,R,walk,False,True,219.0,0.234,46.0,21.0,20.0,9.13,0.6759999999999999,0.11199999999999996,22.79,9.15,23.46,32.61,21.66,17.76,341.0,0.261,56.0,16.42,28.0,8.21,0.721,0.1079999999999999,18.91,7.86,21.98,29.84,23.71,13.49,172.0,0.231,42.0,24.42,10.0,5.81,0.623,0.10700000000000001,24.16,10.83,18.8,29.62,27.22,20.29,,,,,,,,,,,,,,
746460,2024-06-21,2024,570482,R,607200,R,field_out,False,False,119.0,0.312,16.0,13.45,5.0,4.2,0.756,0.09899999999999998,19.73,9.98,17.23,27.21,34.26,13.01,175.0,0.276,30.0,17.14,9.0,5.14,0.653,0.061,20.55,11.01,13.8,24.82,34.39,12.39,172.0,0.231,42.0,24.42,10.0,5.81,0.623,0.10700000000000001,24.16,10.83,18.8,29.62,27.22,20.29,,,,,,,,,,,,,,
746460,2024-06-21,2024,693049,L,656427,R,strikeout,True,False,30.0,0.269,6.0,20.0,3.0,10.0,0.636,0.0,23.21,12.15,16.82,28.97,32.08,20.69,200.0,0.225,54.0,27.0,9.0,4.5,0.5840000000000001,0.096,31.03,16.83,13.63,30.46,39.85,27.84,149.0,0.211,50.0,33.56,6.0,4.03,0.614,0.155,35.98,15.68,20.63,36.3,30.49,26.63,344.0,0.298,64.0,18.6,39.0,11.34,0.866,0.183,22.78,9.36,18.3,27.66,23.16,17.02
746460,2024-06-21,2024,657557,R,656427,R,single,False,False,182.0,0.26,57.0,31.32,6.0,3.3,0.817,0.249,32.51,19.07,9.61,28.68,33.64,25.22,281.0,0.203,86.0,30.6,12.0,4.27,0.603,0.1539999999999999,36.49,19.09,15.38,34.47,35.28,34.68,151.0,0.229,50.0,33.11,5.0,3.31,0.647,0.153,32.99,16.17,18.33,34.5,32.59,25.13,306.0,0.274,84.0,27.45,27.0,8.82,0.768,0.1409999999999999,30.36,14.29,16.46,30.75,27.99,21.45
746460,2024-06-21,2024,686676,R,656427,R,strikeout,True,False,137.0,0.231,41.0,29.93,6.0,4.38,0.65,0.154,39.66,23.14,10.46,33.6,35.65,24.69,47.0,0.116,12.0,25.53,4.0,8.51,0.4,0.0929999999999999,33.71,18.07,13.25,31.33,34.15,23.53,151.0,0.229,50.0,33.11,5.0,3.31,0.647,0.153,32.99,16.17,18.33,34.5,32.59,25.13,306.0,0.274,84.0,27.45,27.0,8.82,0.768,0.1409999999999999,30.36,14.29,16.46,30.75,27.99,21.45
746460,2024-06-21,2024,672820,R,656427,R,force_out,False,False,73.0,0.203,21.0,28.77,2.0,2.74,0.482,0.04299999999999998,27.01,13.81,20.9,34.7,39.34,25.93,123.0,0.178,30.0,24.39,2.0,1.63,0.504,0.136,24.69,13.05,16.81,29.87,39.56,22.39,151.0,0.229,50.0,33.11,5.0,3.31,0.647,0.153,32.99,16.17,18.33,34.5,32.59,25.13,306.0,0.274,84.0,27.45,27.0,8.82,0.768,0.1409999999999999,30.36,14.29,16.46,30.75,27.99,21.45
746460,2024-06-21,2024,672761,L,607200,R,field_out,False,False,161.0,0.247,35.0,21.74,13.0,8.07,0.683,0.13,21.38,9.48,20.18,29.66,27.1,16.75,,,,,,,,,,,,,,,191.0,0.239,41.0,21.47,13.0,6.81,0.687,0.15900000000000003,19.36,8.68,15.28,23.96,24.64,17.75,,,,,,,,,,,,,,
746460,2024-06-21,2024,669234,R,607200,R,double,False,False,38.0,0.152,16.0,42.11,4.0,10.53,0.5700000000000001,0.18100000000000002,40.26,18.02,19.19,37.21,16.22,25.4,,,,,,,,,,,,,,,172.0,0.231,42.0,24.42,10.0,5.81,0.623,0.10700000000000001,24.16,10.83,18.8,29.62,27.22,20.29,,,,,,,,,,,,,,
746460,2024-06-21,2024,608348,R,607200,R,home_run,False,False,115.0,0.228,27.0,23.48,9.0,7.83,0.6719999999999999,0.12799999999999997,25.71,11.27,19.62,30.9,25.0,16.77,108.0,0.198,27.0,25.0,6.0,5.56,0.479,0.0399999999999999,28.73,13.54,19.79,33.33,28.41,25.0,172.0,0.231,42.0,24.42,10.0,5.81,0.623,0.10700000000000001,24.16,10.83,18.8,29.62,27.22,20.29,,,,,,,,,,,,,,
746460,2024-06-21,2024,668952,R,607200,R,strikeout,True,False,10.0,0.125,3.0,30.0,1.0,10.0,0.347,0.0,20.0,7.5,30.0,37.5,15.79,16.67,9.0,0.111,3.0,33.33,0.0,0.0,0.222,0.0,33.33,15.79,28.95,44.74,45.0,21.43,172.0,0.231,42.0,24.42,10.0,5.81,0.623,0.10700000000000001,24.16,10.83,18.8,29.62,27.22,20.29,,,,,,,,,,,,,,
746460,2024-06-21,2024,663837,R,607200,R,single,False,False,175.0,0.252,40.0,22.86,9.0,5.14,0.784,0.239,20.53,8.78,20.82,29.6,19.87,17.78,383.0,0.26,92.0,24.02,29.0,7.57,0.724,0.14,21.06,9.23,21.95,31.18,28.67,18.31,172.0,0.231,42.0,24.42,10.0,5.81,0.623,0.10700000000000001,24.16,10.83,18.8,29.62,27.22,20.29,,,,,,,,,,,,,,
746460,2024-06-21,2024,690993,L,607200,R,field_out,False,False,202.0,0.234,35.0,17.33,11.0,5.45,0.601,0.08499999999999999,22.6,10.84,16.8,27.64,32.9,18.32,,,,,,,,,,,,,,,191.0,0.239,41.0,21.47,13.0,6.81,0.687,0.15900000000000003,19.36,8.68,15.28,23.96,24.64,17.75,,,,,,,,,,,,,,
746460,2024-06-21,2024,502054,R,656427,R,single,False,False,126.0,0.282,26.0,20.63,9.0,7.14,0.692,0.07700000000000001,23.41,9.56,21.71,31.27,19.03,18.31,304.0,0.262,71.0,23.36,28.0,9.21,0.767,0.173,26.61,10.98,19.38,30.37,21.23,21.19,151.0,0.229,50.0,33.11,5.0,3.31,0.647,0.153,32.99,16.17,18.33,34.5,32.59,25.13,306.0,0.274,84.0,27.45,27.0,8.82,0.768,0.1409999999999999,30.36,14.29,16.46,30.75,27.99,21.45
746460,2024-06-21,2024,670032,L,656427,R,strikeout,True,False,187.0,0.234,29.0,15.51,15.0,8.02,0.5700000000000001,0.035,17.81,8.7,15.88,24.58,27.13,17.16,212.0,0.228,33.0,15.57,24.0,11.32,0.647,0.089,22.47,10.7,16.47,27.16,26.6,14.22,149.0,0.211,50.0,33.56,6.0,4.03,0.614,0.155,35.98,15.68,20.63,36.3,30.49,26.63,344.0,0.298,64.0,18.6,39.0,11.34,0.866,0.183,22.78,9.36,18.3,27.66,23.16,17.02
746460,2024-06-21,2024,673357,R,656427,R,strikeout,True,False,68.0,0.203,26.0,38.24,4.0,5.88,0.812,0.35900000000000004,35.33,18.47,14.98,33.45,34.27,25.74,477.0,0.252,132.0,27.67,25.0,5.24,0.8340000000000001,0.279,32.83,18.94,10.59,29.53,40.07,24.77,151.0,0.229,50.0,33.11,5.0,3.31,0.647,0.153,32.99,16.17,18.33,34.5,32.59,25.13,306.0,0.274,84.0,27.45,27.0,8.82,0.768,0.1409999999999999,30.36,14.29,16.46,30.75,27.99,21.45
746460,2024-06-21,2024,657757,L,656427,R,strikeout,True,False,220.0,0.234,36.0,16.36,29.0,13.18,0.7410000000000001,0.165,20.96,9.08,18.38,27.46,28.57,12.63,324.0,0.212,58.0,17.9,28.0,8.64,0.63,0.1369999999999999,20.44,9.67,14.66,24.33,29.35,14.25,149.0,0.211,50.0,33.56,6.0,4.03,0.614,0.155,35.98,15.68,20.63,36.3,30.49,26.63,344.0,0.298,64.0,18.6,39.0,11.34,0.866,0.183,22.78,9.36,18.3,27.66,23.16,17.02
746460,2024-06-21,2024,682985,L,607200,R,single,False,False,242.0,0.278,64.0,26.45,34.0,14.05,0.914,0.254,28.4,11.62,17.68,29.29,20.99,22.78,323.0,0.291,84.0,26.01,28.0,8.67,0.826,0.182,27.26,12.45,16.06,28.52,24.68,20.14,191.0,0.239,41.0,21.47,13.0,6.81,0.687,0.15900000000000003,19.36,8.68,15.28,23.96,24.64,17.75,,,,,,,,,,,,,,
746460,2024-06-21,2024,592192,R,607200,R,force_out,False,False,219.0,0.234,46.0,21.0,20.0,9.13,0.6759999999999999,0.11199999999999996,22.79,9.15,23.46,32.61,21.66,17.76,341.0,0.261,56.0,16.42,28.0,8.21,0.721,0.1079999999999999,18.91,7.86,21.98,29.84,23.71,13.49,172.0,0.231,42.0,24.42,10.0,5.81,0.623,0.10700000000000001,24.16,10.83,18.8,29.62,27.22,20.29,,,,,,,,,,,,,,
746460,2024-06-21,2024,570482,R,607200,R,grounded_into_double_play,False,False,119.0,0.312,16.0,13.45,5.0,4.2,0.756,0.09899999999999998,19.73,9.98,17.23,27.21,34.26,13.01,175.0,0.276,30.0,17.14,9.0,5.14,0.653,0.061,20.55,11.01,13.8,24.82,34.39,12.39,172.0,0.231,42.0,24.42,10.0,5.81,0.623,0.10700000000000001,24.16,10.83,18.8,29.62,27.22,20.29,,,,,,,,,,,,,,
746460,2024-06-21,2024,683734,R,656427,R,field_out,False,False,226.0,0.227,55.0,24.34,15.0,6.64,0.665,0.15,22.06,10.47,17.75,28.21,30.09,20.0,474.0,0.267,109.0,23.0,29.0,6.12,0.774,0.18,26.24,11.95,18.94,30.89,30.92,21.51,151.0,0.229,50.0,33.11,5.0,3.31,0.647,0.153,32.99,16.17,18.33,34.5,32.59,25.13,306.0,0.274,84.0,27.45,27.0,8.82,0.768,0.1409999999999999,30.36,14.29,16.46,30.75,27.99,21.45
746460,2024-06-21,2024,693049,L,656427,R,field_out,False,False,30.0,0.269,6.0,20.0,3.0,10.0,0.636,0.0,23.21,12.15,16.82,28.97,32.08,20.69,200.0,0.225,54.0,27.0,9.0,4.5,0.5840000000000001,0.096,31.03,16.83,13.63,30.46,39.85,27.84,149.0,0.211,50.0,33.56,6.0,4.03,0.614,0.155,35.98,15.68,20.63,36.3,30.49,26.63,344.0,0.298,64.0,18.6,39.0,11.34,0.866,0.183,22.78,9.36,18.3,27.66,23.16,17.02
746460,2024-06-21,2024,657557,R,656427,R,field_out,False,False,182.0,0.26,57.0,31.32,6.0,3.3,0.817,0.249,32.51,19.07,9.61,28.68,33.64,25.22,281.0,0.203,86.0,30.6,12.0,4.27,0.603,0.1539999999999999,36.49,19.09,15.38,34.47,35.28,34.68,151.0,0.229,50.0,33.11,5.0,3.31,0.647,0.153,32.99,16.17,18.33,34.5,32.59,25.13,306.0,0.274,84.0,27.45,27.0,8.82,0.768,0.1409999999999999,30.36,14.29,16.46,30.75,27.99,21.45
746460,2024-06-21,2024,672761,L,607200,R,field_out,False,False,161.0,0.247,35.0,21.74,13.0,8.07,0.683,0.13,21.38,9.48,20.18,29.66,27.1,16.75,,,,,,,,,,,,,,,191.0,0.239,41.0,21.47,13.0,6.81,0.687,0.15900000000000003,19.36,8.68,15.28,23.96,24.64,17.75,,,,,,,,,,,,,,
746460,2024-06-21,2024,669234,R,607200,R,field_out,False,False,38.0,0.152,16.0,42.11,4.0,10.53,0.5700000000000001,0.18100000000000002,40.26,18.02,19.19,37.21,16.22,25.4,,,,,,,,,,,,,,,172.0,0.231,42.0,24.42,10.0,5.81,0.623,0.10700000000000001,24.16,10.83,18.8,29.62,27.22,20.29,,,,,,,,,,,,,,
746460,2024-06-21,2024,608348,R,607200,R,field_out,False,False,115.0,0.228,27.0,23.48,9.0,7.83,0.6719999999999999,0.12799999999999997,25.71,11.27,19.62,30.9,25.0,16.77,108.0,0.198,27.0,25.0,6.0,5.56,0.479,0.0399999999999999,28.73,13.54,19.79,33.33,28.41,25.0,172.0,0.231,42.0,24.42,10.0,5.81,0.623,0.10700000000000001,24.16,10.83,18.8,29.62,27.22,20.29,,,,,,,,,,,,,,
746460,2024-06-21,2024,686676,R,656427,R,field_out,False,False,137.0,0.231,41.0,29.93,6.0,4.38,0.65,0.154,39.66,23.14,10.46,33.6,35.65,24.69,47.0,0.116,12.0,25.53,4.0,8.51,0.4,0.0929999999999999,33.71,18.07,13.25,31.33,34.15,23.53,151.0,0.229,50.0,33.11,5.0,3.31,0.647,0.153,32.99,16.17,18.33,34.5,32.59,25.13,306.0,0.274,84.0,27.45,27.0,8.82,0.768,0.1409999999999999,30.36,14.29,16.46,30.75,27.99,21.45
746460,2024-06-21,2024,672820,R,656427,R,strikeout,True,False,73.0,0.203,21.0,28.77,2.0,2.74,0.482,0.04299999999999998,27.01,13.81,20.9,34.7,39.34,25.93,123.0,0.178,30.0,24.39,2.0,1.63,0.504,0.136,24.69,13.05,16.81,29.87,39.56,22.39,151.0,0.229,50.0,33.11,5.0,3.31,0.647,0.153,32.99,16.17,18.33,34.5,32.59,25.13,306.0,0.274,84.0,27.45,27.0,8.82,0.768,0.1409999999999999,30.36,14.29,16.46,30.75,27.99,21.45
746460,2024-06-21,2024,502054,R,656427,R,home_run,False,False,126.0,0.282,26.0,20.63,9.0,7.14,0.692,0.07700000000000001,23.41,9.56,21.71,31.27,19.03,18.31,304.0,0.262,71.0,23.36,28.0,9.21,0.767,0.173,26.61,10.98,19.38,30.37,21.23,21.19,151.0,0.229,50.0,33.11,5.0,3.31,0.647,0.153,32.99,16.17,18.33,34.5,32.59,25.13,306.0,0.274,84.0,27.45,27.0,8.82,0.768,0.1409999999999999,30.36,14.29,16.46,30.75,27.99,21.45
746460,2024-06-21,2024,670032,L,656427,R,strikeout,True,False,187.0,0.234,29.0,15.51,15.0,8.02,0.5700000000000001,0.035,17.81,8.7,15.88,24.58,27.13,17.16,212.0,0.228,33.0,15.57,24.0,11.32,0.647,0.089,22.47,10.7,16.47,27.16,26.6,14.22,149.0,0.211,50.0,33.56,6.0,4.03,0.614,0.155,35.98,15.68,20.63,36.3,30.49,26.63,344.0,0.298,64.0,18.6,39.0,11.34,0.866,0.183,22.78,9.36,18.3,27.66,23.16,17.02
746460,2024-06-21,2024,668952,R,607200,R,field_out,False,False,10.0,0.125,3.0,30.0,1.0,10.0,0.347,0.0,20.0,7.5,30.0,37.5,15.79,16.67,9.0,0.111,3.0,33.33,0.0,0.0,0.222,0.0,33.33,15.79,28.95,44.74,45.0,21.43,172.0,0.231,42.0,24.42,10.0,5.81,0.623,0.10700000000000001,24.16,10.83,18.8,29.62,27.22,20.29,,,,,,,,,,,,,,
746460,2024-06-21,2024,663837,R,607200,R,strikeout,True,False,175.0,0.252,40.0,22.86,9.0,5.14,0.784,0.239,20.53,8.78,20.82,29.6,19.87,17.78,383.0,0.26,92.0,24.02,29.0,7.57,0.724,0.14,21.06,9.23,21.95,31.18,28.67,18.31,172.0,0.231,42.0,24.42,10.0,5.81,0.623,0.10700000000000001,24.16,10.83,18.8,29.62,27.22,20.29,,,,,,,,,,,,,,
746460,2024-06-21,2024,690993,L,607200,R,field_out,False,False,202.0,0.234,35.0,17.33,11.0,5.45,0.601,0.08499999999999999,22.6,10.84,16.8,27.64,32.9,18.32,,,,,,,,,,,,,,,191.0,0.239,41.0,21.47,13.0,6.81,0.687,0.15900000000000003,19.36,8.68,15.28,23.96,24.64,17.75,,,,,,,,,,,,,,
746460,2024-06-21,2024,673357,R,656427,R,field_out,False,False,68.0,0.203,26.0,38.24,4.0,5.88,0.812,0.35900000000000004,35.33,18.47,14.98,33.45,34.27,25.74,477.0,0.252,132.0,27.67,25.0,5.24,0.8340000000000001,0.279,32.83,18.94,10.59,29.53,40.07,24.77,151.0,0.229,50.0,33.11,5.0,3.31,0.647,0.153,32.99,16.17,18.33,34.5,32.59,25.13,306.0,0.274,84.0,27.45,27.0,8.82,0.768,0.1409999999999999,30.36,14.29,16.46,30.75,27.99,21.45
746460,2024-06-21,2024,657757,L,656427,R,field_out,False,False,220.0,0.234,36.0,16.36,29.0,13.18,0.7410000000000001,0.165,20.96,9.08,18.38,27.46,28.57,12.63,324.0,0.212,58.0,17.9,28.0,8.64,0.63,0.1369999999999999,20.44,9.67,14.66,24.33,29.35,14.25,149.0,0.211,50.0,33.56,6.0,4.03,0.614,0.155,35.98,15.68,20.63,36.3,30.49,26.63,344.0,0.298,64.0,18.6,39.0,11.34,0.866,0.183,22.78,9.36,18.3,27.66,23.16,17.02
746460,2024-06-21,2024,683734,R,656427,R,single,False,False,226.0,0.227,55.0,24.34,15.0,6.64,0.665,0.15,22.06,10.47,17.75,28.21,30.09,20.0,474.0,0.267,109.0,23.0,29.0,6.12,0.774,0.18,26.24,11.95,18.94,30.89,30.92,21.51,151.0,0.229,50.0,33.11,5.0,3.31,0.647,0.153,32.99,16.17,18.33,34.5,32.59,25.13,306.0,0.274,84.0,27.45,27.0,8.82,0.768,0.1409999999999999,30.36,14.29,16.46,30.75,27.99,21.45
746460,2024-06-21,2024,693049,L,656427,R,walk,False,True,30.0,0.269,6.0,20.0,3.0,10.0,0.636,0.0,23.21,12.15,16.82,28.97,32.08,20.69,200.0,0.225,54.0,27.0,9.0,4.5,0.5840000000000001,0.096,31.03,16.83,13.63,30.46,39.85,27.84,149.0,0.211,50.0,33.56,6.0,4.03,0.614,0.155,35.98,15.68,20.63,36.3,30.49,26.63,344.0,0.298,64.0,18.6,39.0,11.34,0.866,0.183,22.78,9.36,18.3,27.66,23.16,17.02
746460,2024-06-21,2024,657557,R,689225,R,field_out,False,False,182.0,0.26,57.0,31.32,6.0,3.3,0.817,0.249,32.51,19.07,9.61,28.68,33.64,25.22,281.0,0.203,86.0,30.6,12.0,4.27,0.603,0.1539999999999999,36.49,19.09,15.38,34.47,35.28,34.68,38.0,0.152,7.0,18.42,3.0,7.89,0.398,0.03,23.44,11.28,18.05,29.32,36.23,20.59,88.0,0.262,20.0,22.73,7.0,7.95,0.768,0.188,23.94,12.13,14.56,26.68,37.2,14.93
746460,2024-06-21,2024,682985,L,607200,R,field_out,False,False,242.0,0.278,64.0,26.45,34.0,14.05,0.914,0.254,28.4,11.62,17.68,29.29,20.99,22.78,323.0,0.291,84.0,26.01,28.0,8.67,0.826,0.182,27.26,12.45,16.06,28.52,24.68,20.14,191.0,0.239,41.0,21.47,13.0,6.81,0.687,0.15900000000000003,19.36,8.68,15.28,23.96,24.64,17.75,,,,,,,,,,,,,,
746460,2024-06-21,2024,592192,R,607200,R,field_out,False,False,219.0,0.234,46.0,21.0,20.0,9.13,0.6759999999999999,0.11199999999999996,22.79,9.15,23.46,32.61,21.66,17.76,341.0,0.261,56.0,16.42,28.0,8.21,0.721,0.1079999999999999,18.91,7.86,21.98,29.84,23.71,13.49,172.0,0.231,42.0,24.42,10.0,5.81,0.623,0.10700000000000001,24.16,10.83,18.8,29.62,27.22,20.29,,,,,,,,,,,,,,
746460,2024-06-21,2024,570482,R,607200,R,field_out,False,False,119.0,0.312,16.0,13.45,5.0,4.2,0.756,0.09899999999999998,19.73,9.98,17.23,27.21,34.26,13.01,175.0,0.276,30.0,17.14,9.0,5.14,0.653,0.061,20.55,11.01,13.8,24.82,34.39,12.39,172.0,0.231,42.0,24.42,10.0,5.81,0.623,0.10700000000000001,24.16,10.83,18.8,29.62,27.22,20.29,,,,,,,,,,,,,,
746460,2024-06-21,2024,686676,R,689225,R,field_out,False,False,137.0,0.231,41.0,29.93,6.0,4.38,0.65,0.154,39.66,23.14,10.46,33.6,35.65,24.69,47.0,0.116,12.0,25.53,4.0,8.51,0.4,0.0929999999999999,33.71,18.07,13.25,31.33,34.15,23.53,38.0,0.152,7.0,18.42,3.0,7.89,0.398,0.03,23.44,11.28,18.05,29.32,36.23,20.59,88.0,0.262,20.0,22.73,7.0,7.95,0.768,0.188,23.94,12.13,14.56,26.68,37.2,14.93
746460,2024-06-21,2024,672820,R,689225,R,field_out,False,False,73.0,0.203,21.0,28.77,2.0,2.74,0.482,0.04299999999999998,27.01,13.81,20.9,34.7,39.34,25.93,123.0,0.178,30.0,24.39,2.0,1.63,0.504,0.136,24.69,13.05,16.81,29.87,39.56,22.39,38.0,0.152,7.0,18.42,3.0,7.89,0.398,0.03,23.44,11.28,18.05,29.32,36.23,20.59,88.0,0.262,20.0,22.73,7.0,7.95,0.768,0.188,23.94,12.13,14.56,26.68,37.2,14.93
746460,2024-06-21,2024,502054,R,689225,R,field_out,False,False,126.0,0.282,26.0,20.63,9.0,7.14,0.692,0.07700000000000001,23.41,9.56,21.71,31.27,19.03,18.31,304.0,0.262,71.0,23.36,28.0,9.21,0.767,0.173,26.61,10.98,19.38,30.37,21.23,21.19,38.0,0.152,7.0,18.42,3.0,7.89,0.398,0.03,23.44,11.28,18.05,29.32,36.23,20.59,88.0,0.262,20.0,22.73,7.0,7.95,0.768,0.188,23.94,12.13,14.56,26.68,37.2,14.93
746460,2024-06-21,2024,672761,L,607200,R,field_out,False,False,161.0,0.247,35.0,21.74,13.0,8.07,0.683,0.13,21.38,9.48,20.18,29.66,27.1,16.75,,,,,,,,,,,,,,,191.0,0.239,41.0,21.47,13.0,6.81,0.687,0.15900000000000003,19.36,8.68,15.28,23.96,24.64,17.75,,,,,,,,,,,,,,
746460,2024-06-21,2024,669234,R,607200,R,field_out,False,False,38.0,0.152,16.0,42.11,4.0,10.53,0.5700000000000001,0.18100000000000002,40.26,18.02,19.19,37.21,16.22,25.4,,,,,,,,,,,,,,,172.0,0.231,42.0,24.42,10.0,5.81,0.623,0.10700000000000001,24.16,10.83,18.8,29.62,27.22,20.29,,,,,,,,,,,,,,
746460,2024-06-21,2024,608348,R,607200,R,field_out,False,False,115.0,0.228,27.0,23.48,9.0,7.83,0.6719999999999999,0.12799999999999997,25.71,11.27,19.62,30.9,25.0,16.77,108.0,0.198,27.0,25.0,6.0,5.56,0.479,0.0399999999999999,28.73,13.54,19.79,33.33,28.41,25.0,172.0,0.231,42.0,24.42,10.0,5.81,0.623,0.10700000000000001,24.16,10.83,18.8,29.62,27.22,20.29,,,,,,,,,,,,,,
746460,2024-06-21,2024,670032,L,689225,R,field_out,False,False,187.0,0.234,29.0,15.51,15.0,8.02,0.5700000000000001,0.035,17.81,8.7,15.88,24.58,27.13,17.16,212.0,0.228,33.0,15.57,24.0,11.32,0.647,0.089,22.47,10.7,16.47,27.16,26.6,14.22,31.0,0.207,8.0,25.81,2.0,6.45,0.6719999999999999,0.207,23.38,12.16,14.86,27.03,32.5,13.11,64.0,0.254,11.0,17.19,5.0,7.81,0.6679999999999999,0.1019999999999999,18.9,8.99,13.11,22.1,24.09,13.25
746460,2024-06-21,2024,673357,R,689225,R,field_out,False,False,68.0,0.203,26.0,38.24,4.0,5.88,0.812,0.35900000000000004,35.33,18.47,14.98,33.45,34.27,25.74,477.0,0.252,132.0,27.67,25.0,5.24,0.8340000000000001,0.279,32.83,18.94,10.59,29.53,40.07,24.77,38.0,0.152,7.0,18.42,3.0,7.89,0.398,0.03,23.44,11.28,18.05,29.32,36.23,20.59,88.0,0.262,20.0,22.73,7.0,7.95,0.768,0.188,23.94,12.13,14.56,26.68,37.2,14.93
746460,2024-06-21,2024,657757,L,689225,R,single,False,False,220.0,0.234,36.0,16.36,29.0,13.18,0.7410000000000001,0.165,20.96,9.08,18.38,27.46,28.57,12.63,324.0,0.212,58.0,17.9,28.0,8.64,0.63,0.1369999999999999,20.44,9.67,14.66,24.33,29.35,14.25,31.0,0.207,8.0,25.81,2.0,6.45,0.6719999999999999,0.207,23.38,12.16,14.86,27.03,32.5,13.11,64.0,0.254,11.0,17.19,5.0,7.81,0.6679999999999999,0.1019999999999999,18.9,8.99,13.11,22.1,24.09,13.25
746460,2024-06-21,2024,683734,R,671345,R,field_out,False,False,226.0,0.227,55.0,24.34,15.0,6.64,0.665,0.15,22.06,10.47,17.75,28.21,30.09,20.0,474.0,0.267,109.0,23.0,29.0,6.12,0.774,0.18,26.24,11.95,18.94,30.89,30.92,21.51,62.0,0.263,13.0,20.97,4.0,6.45,0.639,0.07,20.0,9.74,20.0,29.74,29.67,28.26,171.0,0.222,30.0,17.54,7.0,4.09,0.506,0.0249999999999999,14.71,7.13,19.97,27.1,35.23,15.23
746460,2024-06-21,2024,668952,R,605154,R,field_out,False,False,10.0,0.125,3.0,30.0,1.0,10.0,0.347,0.0,20.0,7.5,30.0,37.5,15.79,16.67,9.0,0.111,3.0,33.33,0.0,0.0,0.222,0.0,33.33,15.79,28.95,44.74,45.0,21.43,61.0,0.286,16.0,26.23,4.0,6.56,0.737,0.10700000000000004,29.84,15.95,12.93,28.88,40.94,21.62,107.0,0.221,29.0,27.1,8.0,7.48,0.674,0.179,26.61,12.86,15.74,28.6,25.99,16.96
746460,2024-06-21,2024,663837,R,605154,R,field_out,False,False,175.0,0.252,40.0,22.86,9.0,5.14,0.784,0.239,20.53,8.78,20.82,29.6,19.87,17.78,383.0,0.26,92.0,24.02,29.0,7.57,0.724,0.14,21.06,9.23,21.95,31.18,28.67,18.31,61.0,0.286,16.0,26.23,4.0,6.56,0.737,0.10700000000000004,29.84,15.95,12.93,28.88,40.94,21.62,107.0,0.221,29.0,27.1,8.0,7.48,0.674,0.179,26.61,12.86,15.74,28.6,25.99,16.96
746460,2024-06-21,2024,690993,L,605154,R,field_out,False,False,202.0,0.234,35.0,17.33,11.0,5.45,0.601,0.08499999999999999,22.6,10.84,16.8,27.64,32.9,18.32,,,,,,,,,,,,,,,52.0,0.204,18.0,34.62,2.0,3.85,0.6990000000000001,0.24500000000000002,24.55,11.11,19.75,30.86,24.56,19.15,55.0,0.204,18.0,32.73,6.0,10.91,0.699,0.204,29.13,12.99,17.75,30.74,29.63,24.32
746460,2024-06-21,2024,693049,L,671345,R,strikeout,True,False,30.0,0.269,6.0,20.0,3.0,10.0,0.636,0.0,23.21,12.15,16.82,28.97,32.08,20.69,200.0,0.225,54.0,27.0,9.0,4.5,0.5840000000000001,0.096,31.03,16.83,13.63,30.46,39.85,27.84,46.0,0.22,8.0,17.39,5.0,10.87,0.597,0.07299999999999998,21.51,10.47,17.28,27.75,23.81,11.76,106.0,0.299,25.0,23.58,8.0,7.55,0.847,0.196,22.89,10.82,13.41,24.24,29.46,19.83
746460,2024-06-21,2024,657557,R,671345,R,hit_by_pitch,False,False,182.0,0.26,57.0,31.32,6.0,3.3,0.817,0.249,32.51,19.07,9.61,28.68,33.64,25.22,281.0,0.203,86.0,30.6,12.0,4.27,0.603,0.1539999999999999,36.49,19.09,15.38,34.47,35.28,34.68,62.0,0.263,13.0,20.97,4.0,6.45,0.639,0.07,20.0,9.74,20.0,29.74,29.67,28.26,171.0,0.222,30.0,17.54,7.0,4.09,0.506,0.0249999999999999,14.71,7.13,19.97,27.1,35.23,15.23
746460,2024-06-21,2024,643217,L,671345,R,double_play,False,False,173.0,0.236,25.0,14.45,10.0,5.78,0.619,0.10600000000000004,17.21,8.36,17.19,25.55,25.61,13.74,486.0,0.261,67.0,13.79,42.0,8.64,0.67,0.082,19.05,9.13,14.74,23.87,26.13,13.62,46.0,0.22,8.0,17.39,5.0,10.87,0.597,0.07299999999999998,21.51,10.47,17.28,27.75,23.81,11.76,106.0,0.299,25.0,23.58,8.0,7.55,0.847,0.196,22.89,10.82,13.41,24.24,29.46,19.83
745562,2024-06-21,2024,682998,L,592836,R,field_out,False,False,215.0,0.227,37.0,17.21,28.0,13.02,0.6759999999999999,0.11899999999999997,20.0,8.58,16.54,25.12,24.55,18.69,472.0,0.286,105.0,22.25,46.0,9.75,0.921,0.266,22.34,10.24,16.27,26.51,28.83,21.92,115.0,0.327,18.0,15.65,11.0,9.57,0.947,0.23699999999999993,15.82,6.73,19.47,26.2,21.67,20.45,376.0,0.226,75.0,19.95,40.0,10.64,0.716,0.176,23.44,10.16,16.18,26.34,24.84,18.43
745562,2024-06-21,2024,672515,R,592836,R,single,False,False,138.0,0.218,24.0,17.39,17.0,12.32,0.655,0.11800000000000002,18.26,7.48,21.6,29.08,20.44,14.72,264.0,0.253,43.0,16.29,24.0,9.09,0.6779999999999999,0.0989999999999999,19.31,7.98,21.75,29.72,25.58,15.58,98.0,0.227,22.0,22.45,7.0,7.14,0.663,0.13699999999999998,19.25,8.68,19.89,28.57,27.91,22.0,361.0,0.252,63.0,17.45,31.0,8.59,0.7170000000000001,0.139,17.51,7.85,16.95,24.8,30.27,15.82
745562,2024-06-21,2024,592626,L,592836,R,strikeout,True,False,201.0,0.299,46.0,22.89,22.0,10.95,0.9,0.21000000000000002,23.5,10.83,17.09,27.92,29.07,19.41,373.0,0.241,74.0,19.84,49.0,13.14,0.786,0.194,24.13,10.89,15.07,25.96,29.36,16.09,115.0,0.327,18.0,15.65,11.0,9.57,0.947,0.23699999999999993,15.82,6.73,19.47,26.2,21.67,20.45,376.0,0.226,75.0,19.95,40.0,10.64,0.716,0.176,23.44,10.16,16.18,26.34,24.84,18.43
745562,2024-06-21,2024,656941,L,656756,L,field_out,False,False,129.0,0.339,33.0,25.58,20.0,15.5,0.9830000000000001,0.202,33.67,12.67,21.11,33.78,18.07,25.0,253.0,0.188,87.0,34.39,41.0,16.21,0.758,0.242,32.04,11.82,21.04,32.86,21.61,24.51,41.0,0.211,9.0,21.95,3.0,7.32,0.531,0.05200000000000002,32.86,15.13,17.76,32.89,27.63,21.43,106.0,0.277,22.0,20.75,2.0,1.89,0.639,0.0699999999999999,17.13,8.36,18.6,26.95,26.71,20.37
745562,2024-06-21,2024,607208,R,656756,L,field_out,False,False,62.0,0.327,14.0,22.58,5.0,8.06,0.8109999999999999,0.09099999999999997,23.4,12.41,10.53,22.93,27.61,15.38,209.0,0.229,41.0,19.62,16.0,7.66,0.721,0.1969999999999999,31.2,15.84,12.09,27.93,33.41,17.98,213.0,0.328,30.0,14.08,18.0,8.45,0.923,0.21000000000000002,24.45,11.74,14.78,26.52,31.6,14.93,671.0,0.241,144.0,21.46,46.0,6.86,0.696,0.159,27.32,12.93,16.3,29.23,30.43,19.54
745562,2024-06-21,2024,547180,L,656756,L,field_out,False,False,115.0,0.278,31.0,26.96,17.0,14.78,0.888,0.22699999999999998,31.36,15.71,11.04,26.75,33.2,22.79,171.0,0.289,39.0,22.81,20.0,11.7,0.884,0.221,38.61,20.03,9.85,29.89,35.59,22.41,41.0,0.211,9.0,21.95,3.0,7.32,0.531,0.05200000000000002,32.86,15.13,17.76,32.89,27.63,21.43,106.0,0.277,22.0,20.75,2.0,1.89,0.639,0.0699999999999999,17.13,8.36,18.6,26.95,26.71,20.37
745562,2024-06-21,2024,572233,R,592836,R,field_out,False,False,237.0,0.254,57.0,24.05,25.0,10.55,0.845,0.253,26.29,12.76,12.96,25.73,25.57,17.76,497.0,0.259,95.0,19.11,42.0,8.45,0.8009999999999999,0.2129999999999999,26.19,12.83,14.15,26.98,26.84,15.33,98.0,0.227,22.0,22.45,7.0,7.14,0.663,0.13699999999999998,19.25,8.68,19.89,28.57,27.91,22.0,361.0,0.252,63.0,17.45,31.0,8.59,0.7170000000000001,0.139,17.51,7.85,16.95,24.8,30.27,15.82
745562,2024-06-21,2024,666971,R,592836,R,home_run,False,False,209.0,0.222,42.0,20.1,9.0,4.31,0.5960000000000001,0.11100000000000002,21.0,10.59,16.14,26.73,32.41,17.8,433.0,0.247,85.0,19.63,21.0,4.85,0.756,0.22,20.07,9.99,16.64,26.63,31.06,17.82,98.0,0.227,22.0,22.45,7.0,7.14,0.663,0.13699999999999998,19.25,8.68,19.89,28.57,27.91,22.0,361.0,0.252,63.0,17.45,31.0,8.59,0.7170000000000001,0.139,17.51,7.85,16.95,24.8,30.27,15.82
745562,2024-06-21,2024,664983,L,592836,R,field_out,False,False,150.0,0.26,26.0,17.33,14.0,9.33,0.756,0.14899999999999997,20.23,9.44,15.79,25.23,26.13,15.95,230.0,0.255,51.0,22.17,17.0,7.39,0.643,0.072,22.4,11.76,13.9,25.65,32.76,19.39,115.0,0.327,18.0,15.65,11.0,9.57,0.947,0.23699999999999993,15.82,6.73,19.47,26.2,21.67,20.45,376.0,0.226,75.0,19.95,40.0,10.64,0.716,0.176,23.44,10.16,16.18,26.34,24.84,18.43
745562,2024-06-21,2024,553993,R,592836,R,walk,False,True,206.0,0.197,55.0,26.7,14.0,6.8,0.611,0.14200000000000002,30.38,14.39,15.11,29.5,26.49,21.74,537.0,0.227,161.0,29.98,48.0,8.94,0.706,0.167,32.3,14.54,16.91,31.45,23.96,22.87,98.0,0.227,22.0,22.45,7.0,7.14,0.663,0.13699999999999998,19.25,8.68,19.89,28.57,27.91,22.0,361.0,0.252,63.0,17.45,31.0,8.59,0.7170000000000001,0.139,17.51,7.85,16.95,24.8,30.27,15.82
745562,2024-06-21,2024,677942,R,592836,R,force_out,False,False,83.0,0.221,20.0,24.1,6.0,7.23,0.563,0.06499999999999997,31.82,16.23,13.91,30.13,35.26,22.47,,,,,,,,,,,,,,,98.0,0.227,22.0,22.45,7.0,7.14,0.663,0.13699999999999998,19.25,8.68,19.89,28.57,27.91,22.0,361.0,0.252,63.0,17.45,31.0,8.59,0.7170000000000001,0.139,17.51,7.85,16.95,24.8,30.27,15.82
745562,2024-06-21,2024,664761,R,656756,L,field_out,False,False,95.0,0.258,10.0,10.53,6.0,6.32,0.721,0.15799999999999997,11.66,5.67,14.63,20.3,25.15,11.11,167.0,0.303,26.0,15.57,8.0,4.79,0.929,0.291,20.3,10.86,12.97,23.82,35.24,14.21,213.0,0.328,30.0,14.08,18.0,8.45,0.923,0.21000000000000002,24.45,11.74,14.78,26.52,31.6,14.93,671.0,0.241,144.0,21.46,46.0,6.86,0.696,0.159,27.32,12.93,16.3,29.23,30.43,19.54
745562,2024-06-21,2024,592206,R,656756,L,field_out,False,False,82.0,0.244,23.0,28.05,4.0,4.88,0.767,0.243,34.32,19.08,11.84,30.92,39.1,26.14,188.0,0.324,45.0,23.94,11.0,5.85,0.93,0.237,31.05,17.91,10.17,28.07,42.3,21.63,213.0,0.328,30.0,14.08,18.0,8.45,0.923,0.21000000000000002,24.45,11.74,14.78,26.52,31.6,14.93,671.0,0.241,144.0,21.46,46.0,6.86,0.696,0.159,27.32,12.93,16.3,29.23,30.43,19.54
745562,2024-06-21,2024,624641,R,656756,L,double,False,False,56.0,0.327,10.0,17.86,5.0,8.93,1.105,0.36699999999999994,29.31,15.25,12.56,27.8,35.16,16.39,124.0,0.267,33.0,26.61,3.0,2.42,0.792,0.2159999999999999,27.7,16.7,13.23,29.93,44.69,21.29,213.0,0.328,30.0,14.08,18.0,8.45,0.923,0.21000000000000002,24.45,11.74,14.78,26.52,31.6,14.93,671.0,0.241,144.0,21.46,46.0,6.86,0.696,0.159,27.32,12.93,16.3,29.23,30.43,19.54
745562,2024-06-21,2024,593160,R,656756,L,field_out,False,False,63.0,0.203,5.0,7.94,3.0,4.76,0.632,0.187,18.33,9.82,16.52,26.34,32.04,6.76,147.0,0.259,21.0,14.29,9.0,6.12,0.692,0.134,17.44,9.06,13.12,22.18,31.02,14.19,213.0,0.328,30.0,14.08,18.0,8.45,0.923,0.21000000000000002,24.45,11.74,14.78,26.52,31.6,14.93,671.0,0.241,144.0,21.46,46.0,6.86,0.696,0.159,27.32,12.93,16.3,29.23,30.43,19.54
745562,2024-06-21,2024,672695,L,592836,R,strikeout,True,False,39.0,0.294,5.0,12.82,4.0,10.26,0.738,0.059,13.11,5.37,25.5,30.87,23.19,10.87,424.0,0.246,80.0,18.87,60.0,14.15,0.736,0.128,15.84,6.08,21.64,27.72,16.63,14.68,115.0,0.327,18.0,15.65,11.0,9.57,0.947,0.23699999999999993,15.82,6.73,19.47,26.2,21.67,20.45,376.0,0.226,75.0,19.95,40.0,10.64,0.716,0.176,23.44,10.16,16.18,26.34,24.84,18.43
745562,2024-06-21,2024,682998,L,592836,R,walk,False,True,215.0,0.227,37.0,17.21,28.0,13.02,0.6759999999999999,0.11899999999999997,20.0,8.58,16.54,25.12,24.55,18.69,472.0,0.286,105.0,22.25,46.0,9.75,0.921,0.266,22.34,10.24,16.27,26.51,28.83,21.92,115.0,0.327,18.0,15.65,11.0,9.57,0.947,0.23699999999999993,15.82,6.73,19.47,26.2,21.67,20.45,376.0,0.226,75.0,19.95,40.0,10.64,0.716,0.176,23.44,10.16,16.18,26.34,24.84,18.43
745562,2024-06-21,2024,672515,R,592836,R,home_run,False,False,138.0,0.218,24.0,17.39,17.0,12.32,0.655,0.11800000000000002,18.26,7.48,21.6,29.08,20.44,14.72,264.0,0.253,43.0,16.29,24.0,9.09,0.6779999999999999,0.0989999999999999,19.31,7.98,21.75,29.72,25.58,15.58,98.0,0.227,22.0,22.45,7.0,7.14,0.663,0.13699999999999998,19.25,8.68,19.89,28.57,27.91,22.0,361.0,0.252,63.0,17.45,31.0,8.59,0.7170000000000001,0.139,17.51,7.85,16.95,24.8,30.27,15.82
745562,2024-06-21,2024,592626,L,592836,R,home_run,False,False,201.0,0.299,46.0,22.89,22.0,10.95,0.9,0.21000000000000002,23.5,10.83,17.09,27.92,29.07,19.41,373.0,0.241,74.0,19.84,49.0,13.14,0.786,0.194,24.13,10.89,15.07,25.96,29.36,16.09,115.0,0.327,18.0,15.65,11.0,9.57,0.947,0.23699999999999993,15.82,6.73,19.47,26.2,21.67,20.45,376.0,0.226,75.0,19.95,40.0,10.64,0.716,0.176,23.44,10.16,16.18,26.34,24.84,18.43
745562,2024-06-21,2024,572233,R,592836,R,double,False,False,237.0,0.254,57.0,24.05,25.0,10.55,0.845,0.253,26.29,12.76,12.96,25.73,25.57,17.76,497.0,0.259,95.0,19.11,42.0,8.45,0.8009999999999999,0.2129999999999999,26.19,12.83,14.15,26.98,26.84,15.33,98.0,0.227,22.0,22.45,7.0,7.14,0.663,0.13699999999999998,19.25,8.68,19.89,28.57,27.91,22.0,361.0,0.252,63.0,17.45,31.0,8.59,0.7170000000000001,0.139,17.51,7.85,16.95,24.8,30.27,15.82
745562,2024-06-21,2024,666971,R,592836,R,field_out,False,False,209.0,0.222,42.0,20.1,9.0,4.31,0.5960000000000001,0.11100000000000002,21.0,10.59,16.14,26.73,32.41,17.8,433.0,0.247,85.0,19.63,21.0,4.85,0.756,0.22,20.07,9.99,16.64,26.63,31.06,17.82,98.0,0.227,22.0,22.45,7.0,7.14,0.663,0.13699999999999998,19.25,8.68,19.89,28.57,27.91,22.0,361.0,0.252,63.0,17.45,31.0,8.59,0.7170000000000001,0.139,17.51,7.85,16.95,24.8,30.27,15.82
745562,2024-06-21,2024,664983,L,592836,R,strikeout,True,False,150.0,0.26,26.0,17.33,14.0,9.33,0.756,0.14899999999999997,20.23,9.44,15.79,25.23,26.13,15.95,230.0,0.255,51.0,22.17,17.0,7.39,0.643,0.072,22.4,11.76,13.9,25.65,32.76,19.39,115.0,0.327,18.0,15.65,11.0,9.57,0.947,0.23699999999999993,15.82,6.73,19.47,26.2,21.67,20.45,376.0,0.226,75.0,19.95,40.0,10.64,0.716,0.176,23.44,10.16,16.18,26.34,24.84,18.43
745562,2024-06-21,2024,665506,R,656756,L,strikeout,True,False,51.0,0.214,15.0,29.41,9.0,17.65,0.6859999999999999,0.11900000000000002,28.89,12.26,15.09,27.36,19.09,23.08,57.0,0.314,13.0,22.81,5.0,8.77,0.924,0.235,32.38,15.45,14.09,29.55,25.93,19.4,213.0,0.328,30.0,14.08,18.0,8.45,0.923,0.21000000000000002,24.45,11.74,14.78,26.52,31.6,14.93,671.0,0.241,144.0,21.46,46.0,6.86,0.696,0.159,27.32,12.93,16.3,29.23,30.43,19.54
745562,2024-06-21,2024,665561,R,656756,L,field_out,False,False,2.0,0.5,1.0,50.0,0.0,0.0,1.0,0.0,33.33,16.67,33.33,50.0,50.0,50.0,,,,,,,,,,,,,,,213.0,0.328,30.0,14.08,18.0,8.45,0.923,0.21000000000000002,24.45,11.74,14.78,26.52,31.6,14.93,671.0,0.241,144.0,21.46,46.0,6.86,0.696,0.159,27.32,12.93,16.3,29.23,30.43,19.54
745562,2024-06-21,2024,656941,L,656756,L,single,False,False,129.0,0.339,33.0,25.58,20.0,15.5,0.9830000000000001,0.202,33.67,12.67,21.11,33.78,18.07,25.0,253.0,0.188,87.0,34.39,41.0,16.21,0.758,0.242,32.04,11.82,21.04,32.86,21.61,24.51,41.0,0.211,9.0,21.95,3.0,7.32,0.531,0.05200000000000002,32.86,15.13,17.76,32.89,27.63,21.43,106.0,0.277,22.0,20.75,2.0,1.89,0.639,0.0699999999999999,17.13,8.36,18.6,26.95,26.71,20.37
745562,2024-06-21,2024,607208,R,656756,L,home_run,False,False,62.0,0.327,14.0,22.58,5.0,8.06,0.8109999999999999,0.09099999999999997,23.4,12.41,10.53,22.93,27.61,15.38,209.0,0.229,41.0,19.62,16.0,7.66,0.721,0.1969999999999999,31.2,15.84,12.09,27.93,33.41,17.98,213.0,0.328,30.0,14.08,18.0,8.45,0.923,0.21000000000000002,24.45,11.74,14.78,26.52,31.6,14.93,671.0,0.241,144.0,21.46,46.0,6.86,0.696,0.159,27.32,12.93,16.3,29.23,30.43,19.54
745562,2024-06-21,2024,547180,L,656756,L,strikeout,True,False,115.0,0.278,31.0,26.96,17.0,14.78,0.888,0.22699999999999998,31.36,15.71,11.04,26.75,33.2,22.79,171.0,0.289,39.0,22.81,20.0,11.7,0.884,0.221,38.61,20.03,9.85,29.89,35.59,22.41,41.0,0.211,9.0,21.95,3.0,7.32,0.531,0.05200000000000002,32.86,15.13,17.76,32.89,27.63,21.43,106.0,0.277,22.0,20.75,2.0,1.89,0.639,0.0699999999999999,17.13,8.36,18.6,26.95,26.71,20.37
745562,2024-06-21,2024,553993,R,592836,R,walk,False,True,206.0,0.197,55.0,26.7,14.0,6.8,0.611,0.14200000000000002,30.38,14.39,15.11,29.5,26.49,21.74,537.0,0.227,161.0,29.98,48.0,8.94,0.706,0.167,32.3,14.54,16.91,31.45,23.96,22.87,98.0,0.227,22.0,22.45,7.0,7.14,0.663,0.13699999999999998,19.25,8.68,19.89,28.57,27.91,22.0,361.0,0.252,63.0,17.45,31.0,8.59,0.7170000000000001,0.139,17.51,7.85,16.95,24.8,30.27,15.82
745562,2024-06-21,2024,677942,R,592836,R,field_out,False,False,83.0,0.221,20.0,24.1,6.0,7.23,0.563,0.06499999999999997,31.82,16.23,13.91,30.13,35.26,22.47,,,,,,,,,,,,,,,98.0,0.227,22.0,22.45,7.0,7.14,0.663,0.13699999999999998,19.25,8.68,19.89,28.57,27.91,22.0,361.0,0.252,63.0,17.45,31.0,8.59,0.7170000000000001,0.139,17.51,7.85,16.95,24.8,30.27,15.82
745562,2024-06-21,2024,672695,L,592836,R,field_out,False,False,39.0,0.294,5.0,12.82,4.0,10.26,0.738,0.059,13.11,5.37,25.5,30.87,23.19,10.87,424.0,0.246,80.0,18.87,60.0,14.15,0.736,0.128,15.84,6.08,21.64,27.72,16.63,14.68,115.0,0.327,18.0,15.65,11.0,9.57,0.947,0.23699999999999993,15.82,6.73,19.47,26.2,21.67,20.45,376.0,0.226,75.0,19.95,40.0,10.64,0.716,0.176,23.44,10.16,16.18,26.34,24.84,18.43
745562,2024-06-21,2024,664761,R,656756,L,field_out,False,False,95.0,0.258,10.0,10.53,6.0,6.32,0.721,0.15799999999999997,11.66,5.67,14.63,20.3,25.15,11.11,167.0,0.303,26.0,15.57,8.0,4.79,0.929,0.291,20.3,10.86,12.97,23.82,35.24,14.21,213.0,0.328,30.0,14.08,18.0,8.45,0.923,0.21000000000000002,24.45,11.74,14.78,26.52,31.6,14.93,671.0,0.241,144.0,21.46,46.0,6.86,0.696,0.159,27.32,12.93,16.3,29.23,30.43,19.54
745562,2024-06-21,2024,592206,R,656756,L,walk,False,True,82.0,0.244,23.0,28.05,4.0,4.88,0.767,0.243,34.32,19.08,11.84,30.92,39.1,26.14,188.0,0.324,45.0,23.94,11.0,5.85,0.93,0.237,31.05,17.91,10.17,28.07,42.3,21.63,213.0,0.328,30.0,14.08,18.0,8.45,0.923,0.21000000000000002,24.45,11.74,14.78,26.52,31.6,14.93,671.0,0.241,144.0,21.46,46.0,6.86,0.696,0.159,27.32,12.93,16.3,29.23,30.43,19.54
745562,2024-06-21,2024,624641,R,656756,L,single,False,False,56.0,0.327,10.0,17.86,5.0,8.93,1.105,0.36699999999999994,29.31,15.25,12.56,27.8,35.16,16.39,124.0,0.267,33.0,26.61,3.0,2.42,0.792,0.2159999999999999,27.7,16.7,13.23,29.93,44.69,21.29,213.0,0.328,30.0,14.08,18.0,8.45,0.923,0.21000000000000002,24.45,11.74,14.78,26.52,31.6,14.93,671.0,0.241,144.0,21.46,46.0,6.86,0.696,0.159,27.32,12.93,16.3,29.23,30.43,19.54
745562,2024-06-21,2024,593160,R,656756,L,field_out,False,False,63.0,0.203,5.0,7.94,3.0,4.76,0.632,0.187,18.33,9.82,16.52,26.34,32.04,6.76,147.0,0.259,21.0,14.29,9.0,6.12,0.692,0.134,17.44,9.06,13.12,22.18,31.02,14.19,213.0,0.328,30.0,14.08,18.0,8.45,0.923,0.21000000000000002,24.45,11.74,14.78,26.52,31.6,14.93,671.0,0.241,144.0,21.46,46.0,6.86,0.696,0.159,27.32,12.93,16.3,29.23,30.43,19.54
745562,2024-06-21,2024,665506,R,656756,L,strikeout,True,False,51.0,0.214,15.0,29.41,9.0,17.65,0.6859999999999999,0.11900000000000002,28.89,12.26,15.09,27.36,19.09,23.08,57.0,0.314,13.0,22.81,5.0,8.77,0.924,0.235,32.38,15.45,14.09,29.55,25.93,19.4,213.0,0.328,30.0,14.08,18.0,8.45,0.923,0.21000000000000002,24.45,11.74,14.78,26.52,31.6,14.93,671.0,0.241,144.0,21.46,46.0,6.86,0.696,0.159,27.32,12.93,16.3,29.23,30.43,19.54
745562,2024-06-21,2024,682998,L,605513,R,field_out,False,False,215.0,0.227,37.0,17.21,28.0,13.02,0.6759999999999999,0.11899999999999997,20.0,8.58,16.54,25.12,24.55,18.69,472.0,0.286,105.0,22.25,46.0,9.75,0.921,0.266,22.34,10.24,16.27,26.51,28.83,21.92,91.0,0.173,23.0,25.27,8.0,8.79,0.597,0.16000000000000003,21.66,8.97,17.94,26.91,24.02,18.7,79.0,0.315,12.0,15.19,6.0,7.59,0.942,0.2599999999999999,16.3,7.14,17.21,24.35,28.93,17.14
745562,2024-06-21,2024,672515,R,605513,R,field_out,False,False,138.0,0.218,24.0,17.39,17.0,12.32,0.655,0.11800000000000002,18.26,7.48,21.6,29.08,20.44,14.72,264.0,0.253,43.0,16.29,24.0,9.09,0.6779999999999999,0.0989999999999999,19.31,7.98,21.75,29.72,25.58,15.58,107.0,0.206,31.0,28.97,9.0,8.41,0.6000000000000001,0.11400000000000002,30.1,12.97,18.02,30.99,26.94,20.81,66.0,0.259,12.0,18.18,9.0,13.64,0.764,0.1109999999999999,28.45,13.31,18.55,31.85,29.17,15.38
745562,2024-06-21,2024,592626,L,605513,R,single,False,False,201.0,0.299,46.0,22.89,22.0,10.95,0.9,0.21000000000000002,23.5,10.83,17.09,27.92,29.07,19.41,373.0,0.241,74.0,19.84,49.0,13.14,0.786,0.194,24.13,10.89,15.07,25.96,29.36,16.09,91.0,0.173,23.0,25.27,8.0,8.79,0.597,0.16000000000000003,21.66,8.97,17.94,26.91,24.02,18.7,79.0,0.315,12.0,15.19,6.0,7.59,0.942,0.2599999999999999,16.3,7.14,17.21,24.35,28.93,17.14
745562,2024-06-21,2024,572233,R,605513,R,field_out,False,False,237.0,0.254,57.0,24.05,25.0,10.55,0.845,0.253,26.29,12.76,12.96,25.73,25.57,17.76,497.0,0.259,95.0,19.11,42.0,8.45,0.8009999999999999,0.2129999999999999,26.19,12.83,14.15,26.98,26.84,15.33,107.0,0.206,31.0,28.97,9.0,8.41,0.6000000000000001,0.11400000000000002,30.1,12.97,18.02,30.99,26.94,20.81,66.0,0.259,12.0,18.18,9.0,13.64,0.764,0.1109999999999999,28.45,13.31,18.55,31.85,29.17,15.38
745562,2024-06-21,2024,665561,R,656756,L,field_out,False,False,2.0,0.5,1.0,50.0,0.0,0.0,1.0,0.0,33.33,16.67,33.33,50.0,50.0,50.0,,,,,,,,,,,,,,,213.0,0.328,30.0,14.08,18.0,8.45,0.923,0.21000000000000002,24.45,11.74,14.78,26.52,31.6,14.93,671.0,0.241,144.0,21.46,46.0,6.86,0.696,0.159,27.32,12.93,16.3,29.23,30.43,19.54
745562,2024-06-21,2024,656941,L,656756,L,strikeout,True,False,129.0,0.339,33.0,25.58,20.0,15.5,0.9830000000000001,0.202,33.67,12.67,21.11,33.78,18.07,25.0,253.0,0.188,87.0,34.39,41.0,16.21,0.758,0.242,32.04,11.82,21.04,32.86,21.61,24.51,41.0,0.211,9.0,21.95,3.0,7.32,0.531,0.05200000000000002,32.86,15.13,17.76,32.89,27.63,21.43,106.0,0.277,22.0,20.75,2.0,1.89,0.639,0.0699999999999999,17.13,8.36,18.6,26.95,26.71,20.37
745562,2024-06-21,2024,607208,R,656756,L,field_out,False,False,62.0,0.327,14.0,22.58,5.0,8.06,0.8109999999999999,0.09099999999999997,23.4,12.41,10.53,22.93,27.61,15.38,209.0,0.229,41.0,19.62,16.0,7.66,0.721,0.1969999999999999,31.2,15.84,12.09,27.93,33.41,17.98,213.0,0.328,30.0,14.08,18.0,8.45,0.923,0.21000000000000002,24.45,11.74,14.78,26.52,31.6,14.93,671.0,0.241,144.0,21.46,46.0,6.86,0.696,0.159,27.32,12.93,16.3,29.23,30.43,19.54
745562,2024-06-21,2024,666971,R,605513,R,single,False,False,209.0,0.222,42.0,20.1,9.0,4.31,0.5960000000000001,0.11100000000000002,21.0,10.59,16.14,26.73,32.41,17.8,433.0,0.247,85.0,19.63,21.0,4.85,0.756,0.22,20.07,9.99,16.64,26.63,31.06,17.82,107.0,0.206,31.0,28.97,9.0,8.41,0.6000000000000001,0.11400000000000002,30.1,12.97,18.02,30.99,26.94,20.81,66.0,0.259,12.0,18.18,9.0,13.64,0.764,0.1109999999999999,28.45,13.31,18.55,31.85,29.17,15.38
745562,2024-06-21,2024,664983,L,605513,R,hit_by_pitch,False,False,150.0,0.26,26.0,17.33,14.0,9.33,0.756,0.14899999999999997,20.23,9.44,15.79,25.23,26.13,15.95,230.0,0.255,51.0,22.17,17.0,7.39,0.643,0.072,22.4,11.76,13.9,25.65,32.76,19.39,91.0,0.173,23.0,25.27,8.0,8.79,0.597,0.16000000000000003,21.66,8.97,17.94,26.91,24.02,18.7,79.0,0.315,12.0,15.19,6.0,7.59,0.942,0.2599999999999999,16.3,7.14,17.21,24.35,28.93,17.14
745562,2024-06-21,2024,553993,R,605513,R,strikeout,True,False,206.0,0.197,55.0,26.7,14.0,6.8,0.611,0.14200000000000002,30.38,14.39,15.11,29.5,26.49,21.74,537.0,0.227,161.0,29.98,48.0,8.94,0.706,0.167,32.3,14.54,16.91,31.45,23.96,22.87,107.0,0.206,31.0,28.97,9.0,8.41,0.6000000000000001,0.11400000000000002,30.1,12.97,18.02,30.99,26.94,20.81,66.0,0.259,12.0,18.18,9.0,13.64,0.764,0.1109999999999999,28.45,13.31,18.55,31.85,29.17,15.38
745562,2024-06-21,2024,677942,R,605513,R,field_out,False,False,83.0,0.221,20.0,24.1,6.0,7.23,0.563,0.06499999999999997,31.82,16.23,13.91,30.13,35.26,22.47,,,,,,,,,,,,,,,107.0,0.206,31.0,28.97,9.0,8.41,0.6000000000000001,0.11400000000000002,30.1,12.97,18.02,30.99,26.94,20.81,66.0,0.259,12.0,18.18,9.0,13.64,0.764,0.1109999999999999,28.45,13.31,18.55,31.85,29.17,15.38
745562,2024-06-21,2024,672695,L,605513,R,hit_by_pitch,False,False,39.0,0.294,5.0,12.82,4.0,10.26,0.738,0.059,13.11,5.37,25.5,30.87,23.19,10.87,424.0,0.246,80.0,18.87,60.0,14.15,0.736,0.128,15.84,6.08,21.64,27.72,16.63,14.68,91.0,0.173,23.0,25.27,8.0,8.79,0.597,0.16000000000000003,21.66,8.97,17.94,26.91,24.02,18.7,79.0,0.315,12.0,15.19,6.0,7.59,0.942,0.2599999999999999,16.3,7.14,17.21,24.35,28.93,17.14
745562,2024-06-21,2024,682998,L,605513,R,field_out,False,False,215.0,0.227,37.0,17.21,28.0,13.02,0.6759999999999999,0.11899999999999997,20.0,8.58,16.54,25.12,24.55,18.69,472.0,0.286,105.0,22.25,46.0,9.75,0.921,0.266,22.34,10.24,16.27,26.51,28.83,21.92,91.0,0.173,23.0,25.27,8.0,8.79,0.597,0.16000000000000003,21.66,8.97,17.94,26.91,24.02,18.7,79.0,0.315,12.0,15.19,6.0,7.59,0.942,0.2599999999999999,16.3,7.14,17.21,24.35,28.93,17.14
745562,2024-06-21,2024,547180,L,656756,L,double,False,False,115.0,0.278,31.0,26.96,17.0,14.78,0.888,0.22699999999999998,31.36,15.71,11.04,26.75,33.2,22.79,171.0,0.289,39.0,22.81,20.0,11.7,0.884,0.221,38.61,20.03,9.85,29.89,35.59,22.41,41.0,0.211,9.0,21.95,3.0,7.32,0.531,0.05200000000000002,32.86,15.13,17.76,32.89,27.63,21.43,106.0,0.277,22.0,20.75,2.0,1.89,0.639,0.0699999999999999,17.13,8.36,18.6,26.95,26.71,20.37
745562,2024-06-21,2024,664761,R,656756,L,field_out,False,False,95.0,0.258,10.0,10.53,6.0,6.32,0.721,0.15799999999999997,11.66,5.67,14.63,20.3,25.15,11.11,167.0,0.303,26.0,15.57,8.0,4.79,0.929,0.291,20.3,10.86,12.97,23.82,35.24,14.21,213.0,0.328,30.0,14.08,18.0,8.45,0.923,0.21000000000000002,24.45,11.74,14.78,26.52,31.6,14.93,671.0,0.241,144.0,21.46,46.0,6.86,0.696,0.159,27.32,12.93,16.3,29.23,30.43,19.54
745562,2024-06-21,2024,592206,R,656756,L,strikeout,True,False,82.0,0.244,23.0,28.05,4.0,4.88,0.767,0.243,34.32,19.08,11.84,30.92,39.1,26.14,188.0,0.324,45.0,23.94,11.0,5.85,0.93,0.237,31.05,17.91,10.17,28.07,42.3,21.63,213.0,0.328,30.0,14.08,18.0,8.45,0.923,0.21000000000000002,24.45,11.74,14.78,26.52,31.6,14.93,671.0,0.241,144.0,21.46,46.0,6.86,0.696,0.159,27.32,12.93,16.3,29.23,30.43,19.54
745562,2024-06-21,2024,624641,R,656756,L,field_out,False,False,56.0,0.327,10.0,17.86,5.0,8.93,1.105,0.36699999999999994,29.31,15.25,12.56,27.8,35.16,16.39,124.0,0.267,33.0,26.61,3.0,2.42,0.792,0.2159999999999999,27.7,16.7,13.23,29.93,44.69,21.29,213.0,0.328,30.0,14.08,18.0,8.45,0.923,0.21000000000000002,24.45,11.74,14.78,26.52,31.6,14.93,671.0,0.241,144.0,21.46,46.0,6.86,0.696,0.159,27.32,12.93,16.3,29.23,30.43,19.54
745562,2024-06-21,2024,571466,L,605513,R,field_out,False,False,53.0,0.195,16.0,30.19,11.0,20.75,0.585,0.024999999999999994,25.88,10.09,18.81,28.9,18.35,24.24,106.0,0.191,33.0,31.13,10.0,9.43,0.508,0.043,24.64,11.67,18.08,29.75,29.3,20.75,91.0,0.173,23.0,25.27,8.0,8.79,0.597,0.16000000000000003,21.66,8.97,17.94,26.91,24.02,18.7,79.0,0.315,12.0,15.19,6.0,7.59,0.942,0.2599999999999999,16.3,7.14,17.21,24.35,28.93,17.14
745562,2024-06-21,2024,592626,L,605513,R,walk,False,True,201.0,0.299,46.0,22.89,22.0,10.95,0.9,0.21000000000000002,23.5,10.83,17.09,27.92,29.07,19.41,373.0,0.241,74.0,19.84,49.0,13.14,0.786,0.194,24.13,10.89,15.07,25.96,29.36,16.09,91.0,0.173,23.0,25.27,8.0,8.79,0.597,0.16000000000000003,21.66,8.97,17.94,26.91,24.02,18.7,79.0,0.315,12.0,15.19,6.0,7.59,0.942,0.2599999999999999,16.3,7.14,17.21,24.35,28.93,17.14
745562,2024-06-21,2024,572233,R,605513,R,field_out,False,False,237.0,0.254,57.0,24.05,25.0,10.55,0.845,0.253,26.29,12.76,12.96,25.73,25.57,17.76,497.0,0.259,95.0,19.11,42.0,8.45,0.8009999999999999,0.2129999999999999,26.19,12.83,14.15,26.98,26.84,15.33,107.0,0.206,31.0,28.97,9.0,8.41,0.6000000000000001,0.11400000000000002,30.1,12.97,18.02,30.99,26.94,20.81,66.0,0.259,12.0,18.18,9.0,13.64,0.764,0.1109999999999999,28.45,13.31,18.55,31.85,29.17,15.38
745562,2024-06-21,2024,666971,R,605513,R,strikeout,True,False,209.0,0.222,42.0,20.1,9.0,4.31,0.5960000000000001,0.11100000000000002,21.0,10.59,16.14,26.73,32.41,17.8,433.0,0.247,85.0,19.63,21.0,4.85,0.756,0.22,20.07,9.99,16.64,26.63,31.06,17.82,107.0,0.206,31.0,28.97,9.0,8.41,0.6000000000000001,0.11400000000000002,30.1,12.97,18.02,30.99,26.94,20.81,66.0,0.259,12.0,18.18,9.0,13.64,0.764,0.1109999999999999,28.45,13.31,18.55,31.85,29.17,15.38
745562,2024-06-21,2024,669016,L,656464,R,strikeout,True,False,160.0,0.3,41.0,25.62,18.0,11.25,0.863,0.186,22.58,8.92,18.98,27.9,22.7,18.72,363.0,0.292,101.0,27.82,47.0,12.95,0.864,0.185,25.19,10.97,17.37,28.35,25.74,21.31,66.0,0.258,15.0,22.73,3.0,4.55,0.707,0.16099999999999998,22.79,11.31,14.96,26.28,33.1,15.38,104.0,0.176,29.0,27.88,11.0,10.58,0.5549999999999999,0.1099999999999999,31.73,15.1,13.73,28.83,30.34,19.58
745562,2024-06-21,2024,621311,L,656464,R,walk,False,True,30.0,0.207,6.0,20.0,1.0,3.33,0.716,0.276,18.18,9.84,11.48,21.31,37.68,12.5,9.0,0.111,2.0,22.22,0.0,0.0,0.555,0.333,25.0,12.9,16.13,29.03,33.33,33.33,66.0,0.258,15.0,22.73,3.0,4.55,0.707,0.16099999999999998,22.79,11.31,14.96,26.28,33.1,15.38,104.0,0.176,29.0,27.88,11.0,10.58,0.5549999999999999,0.1099999999999999,31.73,15.1,13.73,28.83,30.34,19.58
745562,2024-06-21,2024,665561,L,656464,R,walk,False,True,13.0,0.308,2.0,15.38,0.0,0.0,0.8460000000000001,0.23000000000000004,14.81,8.0,16.0,24.0,42.31,12.5,,,,,,,,,,,,,,,66.0,0.258,15.0,22.73,3.0,4.55,0.707,0.16099999999999998,22.79,11.31,14.96,26.28,33.1,15.38,104.0,0.176,29.0,27.88,11.0,10.58,0.5549999999999999,0.1099999999999999,31.73,15.1,13.73,28.83,30.34,19.58
745562,2024-06-21,2024,656941,L,573009,L,walk,False,True,129.0,0.339,33.0,25.58,20.0,15.5,0.9830000000000001,0.202,33.67,12.67,21.11,33.78,18.07,25.0,253.0,0.188,87.0,34.39,41.0,16.21,0.758,0.242,32.04,11.82,21.04,32.86,21.61,24.51,52.0,0.216,12.0,23.08,1.0,1.92,0.5640000000000001,0.11700000000000002,23.96,12.64,19.23,31.87,42.7,21.05,67.0,0.185,15.0,22.39,2.0,2.99,0.44,0.046,26.02,12.75,19.52,32.27,37.1,20.0
745562,2024-06-21,2024,607208,R,573009,L,single,False,False,62.0,0.327,14.0,22.58,5.0,8.06,0.8109999999999999,0.09099999999999997,23.4,12.41,10.53,22.93,27.61,15.38,209.0,0.229,41.0,19.62,16.0,7.66,0.721,0.1969999999999999,31.2,15.84,12.09,27.93,33.41,17.98,59.0,0.231,12.0,20.34,7.0,11.86,0.6679999999999999,0.11499999999999996,30.17,15.09,12.07,27.16,34.96,18.18,90.0,0.277,13.0,14.44,7.0,7.78,0.875,0.265,21.12,10.49,15.43,25.93,33.13,16.25
745562,2024-06-21,2024,547180,L,573009,L,grounded_into_double_play,False,False,115.0,0.278,31.0,26.96,17.0,14.78,0.888,0.22699999999999998,31.36,15.71,11.04,26.75,33.2,22.79,171.0,0.289,39.0,22.81,20.0,11.7,0.884,0.221,38.61,20.03,9.85,29.89,35.59,22.41,52.0,0.216,12.0,23.08,1.0,1.92,0.5640000000000001,0.11700000000000002,23.96,12.64,19.23,31.87,42.7,21.05,67.0,0.185,15.0,22.39,2.0,2.99,0.44,0.046,26.02,12.75,19.52,32.27,37.1,20.0
745562,2024-06-21,2024,664983,L,622554,R,field_out,False,False,150.0,0.26,26.0,17.33,14.0,9.33,0.756,0.14899999999999997,20.23,9.44,15.79,25.23,26.13,15.95,230.0,0.255,51.0,22.17,17.0,7.39,0.643,0.072,22.4,11.76,13.9,25.65,32.76,19.39,42.0,0.189,10.0,23.81,4.0,9.52,0.502,0.026999999999999996,16.47,8.0,12.0,20.0,25.58,17.24,78.0,0.299,10.0,12.82,6.0,7.69,0.8480000000000001,0.164,18.71,9.25,13.52,22.78,28.47,11.76
745562,2024-06-21,2024,553993,R,622554,R,field_out,False,False,206.0,0.197,55.0,26.7,14.0,6.8,0.611,0.14200000000000002,30.38,14.39,15.11,29.5,26.49,21.74,537.0,0.227,161.0,29.98,48.0,8.94,0.706,0.167,32.3,14.54,16.91,31.45,23.96,22.87,66.0,0.242,16.0,24.24,4.0,6.06,0.707,0.177,26.72,12.59,16.19,28.78,27.94,16.49,146.0,0.219,38.0,26.03,16.0,10.96,0.643,0.109,32.43,16.61,10.55,27.16,28.94,21.11
745562,2024-06-21,2024,677942,R,622554,R,single,False,False,83.0,0.221,20.0,24.1,6.0,7.23,0.563,0.06499999999999997,31.82,16.23,13.91,30.13,35.26,22.47,,,,,,,,,,,,,,,66.0,0.242,16.0,24.24,4.0,6.06,0.707,0.177,26.72,12.59,16.19,28.78,27.94,16.49,146.0,0.219,38.0,26.03,16.0,10.96,0.643,0.109,32.43,16.61,10.55,27.16,28.94,21.11
745562,2024-06-21,2024,672695,L,622554,R,single,False,False,39.0,0.294,5.0,12.82,4.0,10.26,0.738,0.059,13.11,5.37,25.5,30.87,23.19,10.87,424.0,0.246,80.0,18.87,60.0,14.15,0.736,0.128,15.84,6.08,21.64,27.72,16.63,14.68,42.0,0.189,10.0,23.81,4.0,9.52,0.502,0.026999999999999996,16.47,8.0,12.0,20.0,25.58,17.24,78.0,0.299,10.0,12.82,6.0,7.69,0.8480000000000001,0.164,18.71,9.25,13.52,22.78,28.47,11.76
745562,2024-06-21,2024,682998,L,621381,L,hit_by_pitch,False,False,100.0,0.198,19.0,19.0,6.0,6.0,0.535,0.07700000000000001,20.81,9.47,18.68,28.16,32.14,18.1,174.0,0.283,20.0,11.49,11.0,6.32,0.7210000000000001,0.099,19.57,8.84,18.17,27.0,25.0,14.71,33.0,0.212,11.0,33.33,0.0,0.0,0.424,0.0,24.64,13.93,18.03,31.97,37.5,20.75,98.0,0.209,31.0,31.63,2.0,2.04,0.556,0.11,27.93,14.16,19.83,33.99,33.1,28.44
745562,2024-06-21,2024,571466,L,621381,L,field_out,False,False,26.0,0.125,9.0,34.62,1.0,3.85,0.327,0.04200000000000001,40.0,16.49,23.71,40.21,30.77,33.33,17.0,0.267,9.0,52.94,2.0,11.76,0.753,0.133,31.03,13.64,25.76,39.39,27.59,39.13,33.0,0.212,11.0,33.33,0.0,0.0,0.424,0.0,24.64,13.93,18.03,31.97,37.5,20.75,98.0,0.209,31.0,31.63,2.0,2.04,0.556,0.11,27.93,14.16,19.83,33.99,33.1,28.44
745562,2024-06-21,2024,664761,R,657044,R,field_out,False,False,213.0,0.328,33.0,15.49,15.0,7.04,0.895,0.185,19.89,9.41,15.46,24.87,25.0,17.11,445.0,0.263,68.0,15.28,34.0,7.64,0.7010000000000001,0.1139999999999999,17.17,8.27,16.06,24.33,28.14,13.48,63.0,0.226,16.0,25.4,1.0,1.59,0.528,0.06399999999999997,23.58,12.61,18.26,30.87,40.4,20.25,73.0,0.169,14.0,19.18,7.0,9.59,0.5980000000000001,0.169,19.13,8.09,20.96,29.04,23.62,20.9
745562,2024-06-21,2024,592206,R,657044,R,home_run,False,False,228.0,0.211,47.0,20.61,16.0,7.02,0.597,0.11400000000000002,32.39,19.12,10.08,29.2,39.85,20.52,485.0,0.252,140.0,28.87,25.0,5.15,0.733,0.192,37.06,20.57,11.78,32.36,40.41,25.27,63.0,0.226,16.0,25.4,1.0,1.59,0.528,0.06399999999999997,23.58,12.61,18.26,30.87,40.4,20.25,73.0,0.169,14.0,19.18,7.0,9.59,0.5980000000000001,0.169,19.13,8.09,20.96,29.04,23.62,20.9
745562,2024-06-21,2024,681082,L,657044,R,field_out,False,False,200.0,0.237,29.0,14.5,24.0,12.0,0.7090000000000001,0.14200000000000002,16.81,7.2,22.21,29.4,27.23,12.55,474.0,0.28,76.0,16.03,26.0,5.49,0.753,0.1509999999999999,14.49,6.52,22.08,28.6,28.42,11.93,51.0,0.25,7.0,13.73,2.0,3.92,0.613,0.08300000000000002,16.3,8.57,17.71,26.29,34.48,15.56,48.0,0.209,7.0,14.58,1.0,2.08,0.579,0.093,15.85,7.43,18.29,25.71,25.64,16.28
745562,2024-06-21,2024,669016,L,657044,R,field_out,False,False,160.0,0.3,41.0,25.62,18.0,11.25,0.863,0.186,22.58,8.92,18.98,27.9,22.7,18.72,363.0,0.292,101.0,27.82,47.0,12.95,0.864,0.185,25.19,10.97,17.37,28.35,25.74,21.31,51.0,0.25,7.0,13.73,2.0,3.92,0.613,0.08300000000000002,16.3,8.57,17.71,26.29,34.48,15.56,48.0,0.209,7.0,14.58,1.0,2.08,0.579,0.093,15.85,7.43,18.29,25.71,25.64,16.28
745562,2024-06-21,2024,592626,L,621381,L,field_out,False,False,11.0,0.25,5.0,45.45,2.0,18.18,1.205,0.5,28.57,8.89,28.89,37.78,16.0,55.56,52.0,0.186,15.0,28.85,8.0,15.38,0.6060000000000001,0.093,27.91,11.21,17.76,28.97,22.03,25.0,33.0,0.212,11.0,33.33,0.0,0.0,0.424,0.0,24.64,13.93,18.03,31.97,37.5,20.75,98.0,0.209,31.0,31.63,2.0,2.04,0.556,0.11,27.93,14.16,19.83,33.99,33.1,28.44
745562,2024-06-21,2024,572233,R,621381,L,field_out,False,False,86.0,0.269,27.0,31.4,7.0,8.14,0.749,0.15399999999999997,29.31,13.71,16.4,30.11,24.04,20.45,168.0,0.255,32.0,19.05,20.0,11.9,0.922,0.3189999999999999,27.22,12.57,12.85,25.42,24.16,14.55,74.0,0.159,28.0,37.84,4.0,5.41,0.507,0.145,28.18,15.27,16.17,31.44,33.57,20.29,253.0,0.214,77.0,30.43,19.0,7.51,0.671,0.183,28.04,14.1,15.88,29.98,27.99,24.6
745562,2024-06-21,2024,545341,R,621381,L,strikeout,True,False,82.0,0.319,9.0,10.98,6.0,7.32,0.85,0.15299999999999997,19.15,9.15,15.25,24.41,27.15,13.04,134.0,0.328,17.0,12.69,12.0,8.96,0.995,0.2789999999999999,21.25,10.26,14.29,24.55,32.84,12.78,74.0,0.159,28.0,37.84,4.0,5.41,0.507,0.145,28.18,15.27,16.17,31.44,33.57,20.29,253.0,0.214,77.0,30.43,19.0,7.51,0.671,0.183,28.04,14.1,15.88,29.98,27.99,24.6
745562,2024-06-21,2024,621311,L,623149,R,field_out,False,False,30.0,0.207,6.0,20.0,1.0,3.33,0.716,0.276,18.18,9.84,11.48,21.31,37.68,12.5,9.0,0.111,2.0,22.22,0.0,0.0,0.555,0.333,25.0,12.9,16.13,29.03,33.33,33.33,21.0,0.111,5.0,23.81,3.0,14.29,0.349,0.0,14.71,6.94,12.5,19.44,20.59,25.0,120.0,0.202,39.0,32.5,15.0,12.5,0.6779999999999999,0.173,29.17,13.65,18.13,31.77,23.77,22.29
745562,2024-06-21,2024,665561,L,623149,R,field_out,False,False,13.0,0.308,2.0,15.38,0.0,0.0,0.8460000000000001,0.23000000000000004,14.81,8.0,16.0,24.0,42.31,12.5,,,,,,,,,,,,,,,21.0,0.111,5.0,23.81,3.0,14.29,0.349,0.0,14.71,6.94,12.5,19.44,20.59,25.0,120.0,0.202,39.0,32.5,15.0,12.5,0.6779999999999999,0.173,29.17,13.65,18.13,31.77,23.77,22.29
745562,2024-06-21,2024,656941,L,623149,R,field_out,False,False,204.0,0.196,60.0,29.41,34.0,16.67,0.744,0.21499999999999997,32.84,13.11,16.28,29.39,21.91,23.6,469.0,0.201,128.0,27.29,85.0,18.12,0.848,0.296,31.18,11.75,19.66,31.41,21.53,23.1,21.0,0.111,5.0,23.81,3.0,14.29,0.349,0.0,14.71,6.94,12.5,19.44,20.59,25.0,120.0,0.202,39.0,32.5,15.0,12.5,0.6779999999999999,0.173,29.17,13.65,18.13,31.77,23.77,22.29
745483,2024-06-21,2024,650490,R,669387,R,field_out,False,False,245.0,0.253,38.0,15.51,22.0,8.98,0.6890000000000001,0.10899999999999999,12.47,5.49,17.37,22.85,23.15,12.75,462.0,0.322,72.0,15.58,49.0,10.61,0.881,0.1559999999999999,18.95,8.0,18.68,26.68,19.71,15.69,45.0,0.263,10.0,22.22,5.0,11.11,0.724,0.10499999999999998,27.5,12.5,14.77,27.27,27.08,21.28,87.0,0.213,18.0,20.69,10.0,11.49,0.63,0.107,21.85,9.54,17.63,27.17,22.03,17.14
745483,2024-06-21,2024,664040,L,669387,R,field_out,False,False,102.0,0.198,25.0,24.51,12.0,11.76,0.721,0.20899999999999996,29.29,15.51,9.89,25.4,27.84,23.81,374.0,0.241,103.0,27.54,42.0,11.23,0.813,0.237,31.86,16.63,11.13,27.77,30.39,21.33,36.0,0.207,7.0,19.44,4.0,11.11,0.5820000000000001,0.06900000000000003,19.23,9.68,14.19,23.87,22.97,12.28,66.0,0.214,16.0,24.24,8.0,12.12,0.612,0.09,20.93,9.82,15.27,25.09,25.76,17.98
745483,2024-06-21,2024,670623,R,669387,R,single,False,False,221.0,0.293,32.0,14.48,22.0,9.95,0.88,0.21000000000000002,15.42,6.89,18.9,25.79,27.73,8.65,438.0,0.247,82.0,18.72,43.0,9.82,0.86,0.266,18.6,8.55,16.71,25.26,28.98,14.09,45.0,0.263,10.0,22.22,5.0,11.11,0.724,0.10499999999999998,27.5,12.5,14.77,27.27,27.08,21.28,87.0,0.213,18.0,20.69,10.0,11.49,0.63,0.107,21.85,9.54,17.63,27.17,22.03,17.14
745483,2024-06-21,2024,666139,L,669387,R,single,False,False,81.0,0.208,23.0,28.4,7.0,8.64,0.664,0.18100000000000002,27.07,14.04,13.47,27.51,31.03,18.85,435.0,0.3,104.0,23.91,27.0,6.21,0.8540000000000001,0.211,29.41,15.52,12.38,27.9,34.65,18.39,36.0,0.207,7.0,19.44,4.0,11.11,0.5820000000000001,0.06900000000000003,19.23,9.68,14.19,23.87,22.97,12.28,66.0,0.214,16.0,24.24,8.0,12.12,0.612,0.09,20.93,9.82,15.27,25.09,25.76,17.98
745483,2024-06-21,2024,668227,R,669387,R,field_out,False,False,221.0,0.188,62.0,28.05,21.0,9.5,0.625,0.15100000000000002,34.74,14.6,19.5,34.1,24.95,19.31,517.0,0.254,119.0,23.02,62.0,11.99,0.7769999999999999,0.1589999999999999,29.93,12.82,18.77,31.59,26.93,19.44,45.0,0.263,10.0,22.22,5.0,11.11,0.724,0.10499999999999998,27.5,12.5,14.77,27.27,27.08,21.28,87.0,0.213,18.0,20.69,10.0,11.49,0.63,0.107,21.85,9.54,17.63,27.17,22.03,17.14
745483,2024-06-21,2024,457705,R,686752,R,single,False,False,184.0,0.252,49.0,26.63,19.0,10.33,0.748,0.15899999999999997,30.79,13.12,18.57,31.69,18.42,20.94,312.0,0.254,72.0,23.08,49.0,15.71,0.767,0.137,28.77,12.06,17.2,29.26,17.59,17.52,126.0,0.207,34.0,26.98,7.0,5.56,0.616,0.155,32.64,16.6,15.76,32.35,27.59,22.97,84.0,0.241,25.0,29.76,3.0,3.57,0.7669999999999999,0.24,34.83,18.56,15.87,34.43,34.91,20.83
745483,2024-06-21,2024,668804,L,686752,R,strikeout,True,False,230.0,0.265,47.0,20.43,23.0,10.0,0.784,0.176,27.73,12.97,13.97,26.94,26.71,17.74,438.0,0.252,94.0,21.46,45.0,10.27,0.821,0.2309999999999999,28.75,13.22,13.73,26.95,24.9,18.49,126.0,0.221,38.0,30.16,12.0,9.52,0.753,0.23,28.76,12.74,17.49,30.23,25.28,22.75,75.0,0.111,13.0,17.33,2.0,2.67,0.383,0.1249999999999999,19.74,9.38,17.19,26.56,29.09,12.62
745483,2024-06-21,2024,665833,L,686752,R,field_out,False,False,201.0,0.292,63.0,31.34,15.0,7.46,0.8400000000000001,0.20500000000000002,33.68,15.63,18.74,34.37,34.16,22.91,33.0,0.185,7.0,21.21,5.0,15.15,0.636,0.148,27.69,13.14,15.33,28.47,34.25,17.95,126.0,0.221,38.0,30.16,12.0,9.52,0.753,0.23,28.76,12.74,17.49,30.23,25.28,22.75,75.0,0.111,13.0,17.33,2.0,2.67,0.383,0.1249999999999999,19.74,9.38,17.19,26.56,29.09,12.62
745483,2024-06-21,2024,642133,L,686752,R,field_out,False,False,163.0,0.247,30.0,18.4,11.0,6.75,0.641,0.09300000000000003,20.07,8.36,20.67,29.03,23.51,18.63,300.0,0.223,73.0,24.33,29.0,9.67,0.69,0.173,22.22,8.47,23.11,31.59,24.77,19.95,126.0,0.221,38.0,30.16,12.0,9.52,0.753,0.23,28.76,12.74,17.49,30.23,25.28,22.75,75.0,0.111,13.0,17.33,2.0,2.67,0.383,0.1249999999999999,19.74,9.38,17.19,26.56,29.09,12.62
745483,2024-06-21,2024,680700,L,669387,R,field_out,False,False,190.0,0.22,45.0,23.68,23.0,12.11,0.655,0.10700000000000001,27.93,13.35,14.02,27.37,26.98,19.91,82.0,0.216,10.0,12.2,6.0,7.32,0.7390000000000001,0.243,15.71,6.75,18.4,25.15,18.99,10.75,36.0,0.207,7.0,19.44,4.0,11.11,0.5820000000000001,0.06900000000000003,19.23,9.68,14.19,23.87,22.97,12.28,66.0,0.214,16.0,24.24,8.0,12.12,0.612,0.09,20.93,9.82,15.27,25.09,25.76,17.98
745483,2024-06-21,2024,642350,R,669387,R,single,False,False,159.0,0.201,57.0,35.85,11.0,6.92,0.6559999999999999,0.173,37.72,17.18,21.07,38.25,32.91,28.08,271.0,0.23,93.0,34.32,16.0,5.9,0.801,0.29,39.19,20.65,15.06,35.71,37.69,31.08,45.0,0.263,10.0,22.22,5.0,11.11,0.724,0.10499999999999998,27.5,12.5,14.77,27.27,27.08,21.28,87.0,0.213,18.0,20.69,10.0,11.49,0.63,0.107,21.85,9.54,17.63,27.17,22.03,17.14
745483,2024-06-21,2024,666163,L,669387,R,double,False,False,134.0,0.256,36.0,26.87,15.0,11.19,0.6759999999999999,0.069,27.2,12.06,17.55,29.61,26.16,19.66,72.0,0.133,15.0,20.83,10.0,13.89,0.507,0.1169999999999999,25.64,10.56,17.96,28.52,20.41,17.5,36.0,0.207,7.0,19.44,4.0,11.11,0.5820000000000001,0.06900000000000003,19.23,9.68,14.19,23.87,22.97,12.28,66.0,0.214,16.0,24.24,8.0,12.12,0.612,0.09,20.93,9.82,15.27,25.09,25.76,17.98
745483,2024-06-21,2024,670764,L,669387,R,sac_fly,False,False,14.0,0.0,5.0,35.71,5.0,35.71,0.357,0.0,52.38,18.64,13.56,32.2,11.43,50.0,257.0,0.179,69.0,26.85,33.0,12.84,0.588,0.121,26.28,11.1,17.87,28.97,16.97,23.15,36.0,0.207,7.0,19.44,4.0,11.11,0.5820000000000001,0.06900000000000003,19.23,9.68,14.19,23.87,22.97,12.28,66.0,0.214,16.0,24.24,8.0,12.12,0.612,0.09,20.93,9.82,15.27,25.09,25.76,17.98
745483,2024-06-21,2024,650490,R,682847,R,field_out,False,False,245.0,0.253,38.0,15.51,22.0,8.98,0.6890000000000001,0.10899999999999999,12.47,5.49,17.37,22.85,23.15,12.75,462.0,0.322,72.0,15.58,49.0,10.61,0.881,0.1559999999999999,18.95,8.0,18.68,26.68,19.71,15.69,113.0,0.2,20.0,17.7,5.0,4.42,0.552,0.09499999999999997,19.9,10.13,14.55,24.68,26.88,21.05,223.0,0.253,36.0,16.14,24.0,10.76,0.7070000000000001,0.118,22.28,10.14,16.3,26.45,26.65,17.22
745483,2024-06-21,2024,693304,R,686752,R,field_out,False,False,101.0,0.269,23.0,22.77,4.0,3.96,0.709,0.13999999999999996,26.84,15.27,10.34,25.62,33.17,16.2,86.0,0.234,21.0,24.42,3.0,3.49,0.638,0.1299999999999999,30.36,15.84,12.11,27.95,27.85,22.11,126.0,0.207,34.0,26.98,7.0,5.56,0.616,0.155,32.64,16.6,15.76,32.35,27.59,22.97,84.0,0.241,25.0,29.76,3.0,3.57,0.7669999999999999,0.24,34.83,18.56,15.87,34.43,34.91,20.83
745483,2024-06-21,2024,663647,R,686752,R,field_out,False,False,155.0,0.199,33.0,21.29,10.0,6.45,0.485,0.027999999999999997,18.25,8.2,21.21,29.41,29.43,20.75,358.0,0.26,75.0,20.95,22.0,6.15,0.721,0.1559999999999999,21.48,9.63,20.09,29.72,30.19,22.32,126.0,0.207,34.0,26.98,7.0,5.56,0.616,0.155,32.64,16.6,15.76,32.35,27.59,22.97,84.0,0.241,25.0,29.76,3.0,3.57,0.7669999999999999,0.24,34.83,18.56,15.87,34.43,34.91,20.83
745483,2024-06-21,2024,656582,R,686752,R,field_out,False,False,163.0,0.226,37.0,22.7,14.0,8.59,0.6699999999999999,0.13699999999999998,24.28,10.81,18.87,29.68,23.59,21.02,279.0,0.235,70.0,25.09,27.0,9.68,0.72,0.166,22.25,8.9,20.93,29.83,20.67,18.23,126.0,0.207,34.0,26.98,7.0,5.56,0.616,0.155,32.64,16.6,15.76,32.35,27.59,22.97,84.0,0.241,25.0,29.76,3.0,3.57,0.7669999999999999,0.24,34.83,18.56,15.87,34.43,34.91,20.83
745483,2024-06-21,2024,664040,L,682847,R,strikeout,True,False,102.0,0.198,25.0,24.51,12.0,11.76,0.721,0.20899999999999996,29.29,15.51,9.89,25.4,27.84,23.81,374.0,0.241,103.0,27.54,42.0,11.23,0.813,0.237,31.86,16.63,11.13,27.77,30.39,21.33,66.0,0.231,13.0,19.7,12.0,18.18,0.6910000000000001,0.096,20.17,8.42,14.39,22.81,22.52,17.81,177.0,0.333,23.0,12.99,24.0,13.56,0.965,0.214,22.92,10.41,13.56,23.97,25.57,14.84
745483,2024-06-21,2024,670623,R,682847,R,strikeout,True,False,221.0,0.293,32.0,14.48,22.0,9.95,0.88,0.21000000000000002,15.42,6.89,18.9,25.79,27.73,8.65,438.0,0.247,82.0,18.72,43.0,9.82,0.86,0.266,18.6,8.55,16.71,25.26,28.98,14.09,113.0,0.2,20.0,17.7,5.0,4.42,0.552,0.09499999999999997,19.9,10.13,14.55,24.68,26.88,21.05,223.0,0.253,36.0,16.14,24.0,10.76,0.7070000000000001,0.118,22.28,10.14,16.3,26.45,26.65,17.22
745483,2024-06-21,2024,666139,L,682847,R,home_run,False,False,81.0,0.208,23.0,28.4,7.0,8.64,0.664,0.18100000000000002,27.07,14.04,13.47,27.51,31.03,18.85,435.0,0.3,104.0,23.91,27.0,6.21,0.8540000000000001,0.211,29.41,15.52,12.38,27.9,34.65,18.39,66.0,0.231,13.0,19.7,12.0,18.18,0.6910000000000001,0.096,20.17,8.42,14.39,22.81,22.52,17.81,177.0,0.333,23.0,12.99,24.0,13.56,0.965,0.214,22.92,10.41,13.56,23.97,25.57,14.84
745483,2024-06-21,2024,668227,R,682847,R,single,False,False,221.0,0.188,62.0,28.05,21.0,9.5,0.625,0.15100000000000002,34.74,14.6,19.5,34.1,24.95,19.31,517.0,0.254,119.0,23.02,62.0,11.99,0.7769999999999999,0.1589999999999999,29.93,12.82,18.77,31.59,26.93,19.44,113.0,0.2,20.0,17.7,5.0,4.42,0.552,0.09499999999999997,19.9,10.13,14.55,24.68,26.88,21.05,223.0,0.253,36.0,16.14,24.0,10.76,0.7070000000000001,0.118,22.28,10.14,16.3,26.45,26.65,17.22
745483,2024-06-21,2024,680700,L,682847,R,field_out,False,False,190.0,0.22,45.0,23.68,23.0,12.11,0.655,0.10700000000000001,27.93,13.35,14.02,27.37,26.98,19.91,82.0,0.216,10.0,12.2,6.0,7.32,0.7390000000000001,0.243,15.71,6.75,18.4,25.15,18.99,10.75,66.0,0.231,13.0,19.7,12.0,18.18,0.6910000000000001,0.096,20.17,8.42,14.39,22.81,22.52,17.81,177.0,0.333,23.0,12.99,24.0,13.56,0.965,0.214,22.92,10.41,13.56,23.97,25.57,14.84
745483,2024-06-21,2024,669261,L,686752,R,field_out,False,False,162.0,0.157,43.0,26.54,21.0,12.96,0.558,0.13599999999999998,26.3,12.16,14.71,26.88,21.63,20.77,404.0,0.232,117.0,28.96,61.0,15.1,0.857,0.271,29.06,11.36,18.81,30.17,17.6,22.37,126.0,0.221,38.0,30.16,12.0,9.52,0.753,0.23,28.76,12.74,17.49,30.23,25.28,22.75,75.0,0.111,13.0,17.33,2.0,2.67,0.383,0.1249999999999999,19.74,9.38,17.19,26.56,29.09,12.62
745483,2024-06-21,2024,518735,L,686752,R,walk,False,True,64.0,0.161,12.0,18.75,2.0,3.12,0.494,0.145,23.08,11.11,22.63,33.74,35.59,17.91,309.0,0.235,61.0,19.74,27.0,8.74,0.636,0.094,22.36,10.08,19.44,29.52,27.06,17.13,126.0,0.221,38.0,30.16,12.0,9.52,0.753,0.23,28.76,12.74,17.49,30.23,25.28,22.75,75.0,0.111,13.0,17.33,2.0,2.67,0.383,0.1249999999999999,19.74,9.38,17.19,26.56,29.09,12.62
745483,2024-06-21,2024,457705,R,686752,R,strikeout,True,False,184.0,0.252,49.0,26.63,19.0,10.33,0.748,0.15899999999999997,30.79,13.12,18.57,31.69,18.42,20.94,312.0,0.254,72.0,23.08,49.0,15.71,0.767,0.137,28.77,12.06,17.2,29.26,17.59,17.52,126.0,0.207,34.0,26.98,7.0,5.56,0.616,0.155,32.64,16.6,15.76,32.35,27.59,22.97,84.0,0.241,25.0,29.76,3.0,3.57,0.7669999999999999,0.24,34.83,18.56,15.87,34.43,34.91,20.83
745483,2024-06-21,2024,668804,L,686752,R,hit_by_pitch,False,False,230.0,0.265,47.0,20.43,23.0,10.0,0.784,0.176,27.73,12.97,13.97,26.94,26.71,17.74,438.0,0.252,94.0,21.46,45.0,10.27,0.821,0.2309999999999999,28.75,13.22,13.73,26.95,24.9,18.49,126.0,0.221,38.0,30.16,12.0,9.52,0.753,0.23,28.76,12.74,17.49,30.23,25.28,22.75,75.0,0.111,13.0,17.33,2.0,2.67,0.383,0.1249999999999999,19.74,9.38,17.19,26.56,29.09,12.62
745483,2024-06-21,2024,665833,L,686752,R,strikeout,True,False,201.0,0.292,63.0,31.34,15.0,7.46,0.8400000000000001,0.20500000000000002,33.68,15.63,18.74,34.37,34.16,22.91,33.0,0.185,7.0,21.21,5.0,15.15,0.636,0.148,27.69,13.14,15.33,28.47,34.25,17.95,126.0,0.221,38.0,30.16,12.0,9.52,0.753,0.23,28.76,12.74,17.49,30.23,25.28,22.75,75.0,0.111,13.0,17.33,2.0,2.67,0.383,0.1249999999999999,19.74,9.38,17.19,26.56,29.09,12.62
745483,2024-06-21,2024,642350,R,682847,R,walk,False,True,159.0,0.201,57.0,35.85,11.0,6.92,0.6559999999999999,0.173,37.72,17.18,21.07,38.25,32.91,28.08,271.0,0.23,93.0,34.32,16.0,5.9,0.801,0.29,39.19,20.65,15.06,35.71,37.69,31.08,113.0,0.2,20.0,17.7,5.0,4.42,0.552,0.09499999999999997,19.9,10.13,14.55,24.68,26.88,21.05,223.0,0.253,36.0,16.14,24.0,10.76,0.7070000000000001,0.118,22.28,10.14,16.3,26.45,26.65,17.22
745483,2024-06-21,2024,666163,L,682847,R,single,False,False,134.0,0.256,36.0,26.87,15.0,11.19,0.6759999999999999,0.069,27.2,12.06,17.55,29.61,26.16,19.66,72.0,0.133,15.0,20.83,10.0,13.89,0.507,0.1169999999999999,25.64,10.56,17.96,28.52,20.41,17.5,66.0,0.231,13.0,19.7,12.0,18.18,0.6910000000000001,0.096,20.17,8.42,14.39,22.81,22.52,17.81,177.0,0.333,23.0,12.99,24.0,13.56,0.965,0.214,22.92,10.41,13.56,23.97,25.57,14.84
745483,2024-06-21,2024,670764,L,682847,R,field_out,False,False,14.0,0.0,5.0,35.71,5.0,35.71,0.357,0.0,52.38,18.64,13.56,32.2,11.43,50.0,257.0,0.179,69.0,26.85,33.0,12.84,0.588,0.121,26.28,11.1,17.87,28.97,16.97,23.15,66.0,0.231,13.0,19.7,12.0,18.18,0.6910000000000001,0.096,20.17,8.42,14.39,22.81,22.52,17.81,177.0,0.333,23.0,12.99,24.0,13.56,0.965,0.214,22.92,10.41,13.56,23.97,25.57,14.84
745483,2024-06-21,2024,650490,R,682847,R,single,False,False,245.0,0.253,38.0,15.51,22.0,8.98,0.6890000000000001,0.10899999999999999,12.47,5.49,17.37,22.85,23.15,12.75,462.0,0.322,72.0,15.58,49.0,10.61,0.881,0.1559999999999999,18.95,8.0,18.68,26.68,19.71,15.69,113.0,0.2,20.0,17.7,5.0,4.42,0.552,0.09499999999999997,19.9,10.13,14.55,24.68,26.88,21.05,223.0,0.253,36.0,16.14,24.0,10.76,0.7070000000000001,0.118,22.28,10.14,16.3,26.45,26.65,17.22
745483,2024-06-21,2024,664040,L,682847,R,single,False,False,102.0,0.198,25.0,24.51,12.0,11.76,0.721,0.20899999999999996,29.29,15.51,9.89,25.4,27.84,23.81,374.0,0.241,103.0,27.54,42.0,11.23,0.813,0.237,31.86,16.63,11.13,27.77,30.39,21.33,66.0,0.231,13.0,19.7,12.0,18.18,0.6910000000000001,0.096,20.17,8.42,14.39,22.81,22.52,17.81,177.0,0.333,23.0,12.99,24.0,13.56,0.965,0.214,22.92,10.41,13.56,23.97,25.57,14.84
745483,2024-06-21,2024,670623,R,682847,R,field_out,False,False,221.0,0.293,32.0,14.48,22.0,9.95,0.88,0.21000000000000002,15.42,6.89,18.9,25.79,27.73,8.65,438.0,0.247,82.0,18.72,43.0,9.82,0.86,0.266,18.6,8.55,16.71,25.26,28.98,14.09,113.0,0.2,20.0,17.7,5.0,4.42,0.552,0.09499999999999997,19.9,10.13,14.55,24.68,26.88,21.05,223.0,0.253,36.0,16.14,24.0,10.76,0.7070000000000001,0.118,22.28,10.14,16.3,26.45,26.65,17.22
745483,2024-06-21,2024,666139,L,682847,R,field_out,False,False,81.0,0.208,23.0,28.4,7.0,8.64,0.664,0.18100000000000002,27.07,14.04,13.47,27.51,31.03,18.85,435.0,0.3,104.0,23.91,27.0,6.21,0.8540000000000001,0.211,29.41,15.52,12.38,27.9,34.65,18.39,66.0,0.231,13.0,19.7,12.0,18.18,0.6910000000000001,0.096,20.17,8.42,14.39,22.81,22.52,17.81,177.0,0.333,23.0,12.99,24.0,13.56,0.965,0.214,22.92,10.41,13.56,23.97,25.57,14.84
745483,2024-06-21,2024,642133,L,686752,R,walk,False,True,163.0,0.247,30.0,18.4,11.0,6.75,0.641,0.09300000000000003,20.07,8.36,20.67,29.03,23.51,18.63,300.0,0.223,73.0,24.33,29.0,9.67,0.69,0.173,22.22,8.47,23.11,31.59,24.77,19.95,126.0,0.221,38.0,30.16,12.0,9.52,0.753,0.23,28.76,12.74,17.49,30.23,25.28,22.75,75.0,0.111,13.0,17.33,2.0,2.67,0.383,0.1249999999999999,19.74,9.38,17.19,26.56,29.09,12.62
745483,2024-06-21,2024,693304,R,686752,R,walk,False,True,101.0,0.269,23.0,22.77,4.0,3.96,0.709,0.13999999999999996,26.84,15.27,10.34,25.62,33.17,16.2,86.0,0.234,21.0,24.42,3.0,3.49,0.638,0.1299999999999999,30.36,15.84,12.11,27.95,27.85,22.11,126.0,0.207,34.0,26.98,7.0,5.56,0.616,0.155,32.64,16.6,15.76,32.35,27.59,22.97,84.0,0.241,25.0,29.76,3.0,3.57,0.7669999999999999,0.24,34.83,18.56,15.87,34.43,34.91,20.83
745483,2024-06-21,2024,663647,R,686752,R,single,False,False,155.0,0.199,33.0,21.29,10.0,6.45,0.485,0.027999999999999997,18.25,8.2,21.21,29.41,29.43,20.75,358.0,0.26,75.0,20.95,22.0,6.15,0.721,0.1559999999999999,21.48,9.63,20.09,29.72,30.19,22.32,126.0,0.207,34.0,26.98,7.0,5.56,0.616,0.155,32.64,16.6,15.76,32.35,27.59,22.97,84.0,0.241,25.0,29.76,3.0,3.57,0.7669999999999999,0.24,34.83,18.56,15.87,34.43,34.91,20.83
745483,2024-06-21,2024,656582,R,686752,R,field_out,False,False,163.0,0.226,37.0,22.7,14.0,8.59,0.6699999999999999,0.13699999999999998,24.28,10.81,18.87,29.68,23.59,21.02,279.0,0.235,70.0,25.09,27.0,9.68,0.72,0.166,22.25,8.9,20.93,29.83,20.67,18.23,126.0,0.207,34.0,26.98,7.0,5.56,0.616,0.155,32.64,16.6,15.76,32.35,27.59,22.97,84.0,0.241,25.0,29.76,3.0,3.57,0.7669999999999999,0.24,34.83,18.56,15.87,34.43,34.91,20.83
745483,2024-06-21,2024,669261,L,686752,R,double,False,False,162.0,0.157,43.0,26.54,21.0,12.96,0.558,0.13599999999999998,26.3,12.16,14.71,26.88,21.63,20.77,404.0,0.232,117.0,28.96,61.0,15.1,0.857,0.271,29.06,11.36,18.81,30.17,17.6,22.37,126.0,0.221,38.0,30.16,12.0,9.52,0.753,0.23,28.76,12.74,17.49,30.23,25.28,22.75,75.0,0.111,13.0,17.33,2.0,2.67,0.383,0.1249999999999999,19.74,9.38,17.19,26.56,29.09,12.62
745483,2024-06-21,2024,518735,L,686752,R,walk,False,True,64.0,0.161,12.0,18.75,2.0,3.12,0.494,0.145,23.08,11.11,22.63,33.74,35.59,17.91,309.0,0.235,61.0,19.74,27.0,8.74,0.636,0.094,22.36,10.08,19.44,29.52,27.06,17.13,126.0,0.221,38.0,30.16,12.0,9.52,0.753,0.23,28.76,12.74,17.49,30.23,25.28,22.75,75.0,0.111,13.0,17.33,2.0,2.67,0.383,0.1249999999999999,19.74,9.38,17.19,26.56,29.09,12.62
745483,2024-06-21,2024,457705,R,621363,L,grounded_into_double_play,False,False,82.0,0.217,21.0,25.61,10.0,12.2,0.718,0.16,28.57,11.94,19.4,31.34,16.25,19.81,162.0,0.261,28.0,17.28,26.0,16.05,0.7929999999999999,0.1489999999999999,24.63,9.96,18.87,28.83,20.77,14.21,50.0,0.174,8.0,16.0,3.0,6.0,0.546,0.15200000000000002,20.0,10.18,9.58,19.76,31.46,21.62,172.0,0.199,36.0,20.93,16.0,9.3,0.5740000000000001,0.0989999999999999,25.81,12.6,14.49,27.09,32.74,21.95
745483,2024-06-21,2024,668227,R,682847,R,hit_by_pitch,False,False,221.0,0.188,62.0,28.05,21.0,9.5,0.625,0.15100000000000002,34.74,14.6,19.5,34.1,24.95,19.31,517.0,0.254,119.0,23.02,62.0,11.99,0.7769999999999999,0.1589999999999999,29.93,12.82,18.77,31.59,26.93,19.44,113.0,0.2,20.0,17.7,5.0,4.42,0.552,0.09499999999999997,19.9,10.13,14.55,24.68,26.88,21.05,223.0,0.253,36.0,16.14,24.0,10.76,0.7070000000000001,0.118,22.28,10.14,16.3,26.45,26.65,17.22
745483,2024-06-21,2024,680700,L,682847,R,grounded_into_double_play,False,False,190.0,0.22,45.0,23.68,23.0,12.11,0.655,0.10700000000000001,27.93,13.35,14.02,27.37,26.98,19.91,82.0,0.216,10.0,12.2,6.0,7.32,0.7390000000000001,0.243,15.71,6.75,18.4,25.15,18.99,10.75,66.0,0.231,13.0,19.7,12.0,18.18,0.6910000000000001,0.096,20.17,8.42,14.39,22.81,22.52,17.81,177.0,0.333,23.0,12.99,24.0,13.56,0.965,0.214,22.92,10.41,13.56,23.97,25.57,14.84
745483,2024-06-21,2024,642350,R,682847,R,single,False,False,159.0,0.201,57.0,35.85,11.0,6.92,0.6559999999999999,0.173,37.72,17.18,21.07,38.25,32.91,28.08,271.0,0.23,93.0,34.32,16.0,5.9,0.801,0.29,39.19,20.65,15.06,35.71,37.69,31.08,113.0,0.2,20.0,17.7,5.0,4.42,0.552,0.09499999999999997,19.9,10.13,14.55,24.68,26.88,21.05,223.0,0.253,36.0,16.14,24.0,10.76,0.7070000000000001,0.118,22.28,10.14,16.3,26.45,26.65,17.22
745483,2024-06-21,2024,666163,L,682847,R,field_out,False,False,134.0,0.256,36.0,26.87,15.0,11.19,0.6759999999999999,0.069,27.2,12.06,17.55,29.61,26.16,19.66,72.0,0.133,15.0,20.83,10.0,13.89,0.507,0.1169999999999999,25.64,10.56,17.96,28.52,20.41,17.5,66.0,0.231,13.0,19.7,12.0,18.18,0.6910000000000001,0.096,20.17,8.42,14.39,22.81,22.52,17.81,177.0,0.333,23.0,12.99,24.0,13.56,0.965,0.214,22.92,10.41,13.56,23.97,25.57,14.84
745483,2024-06-21,2024,668804,R,621363,L,field_out,False,False,102.0,0.284,22.0,21.57,6.0,5.88,0.787,0.17900000000000005,31.63,15.66,15.91,31.57,32.86,18.64,202.0,0.285,44.0,21.78,8.0,3.96,0.727,0.13,26.99,13.48,13.48,26.96,28.29,18.57,50.0,0.174,8.0,16.0,3.0,6.0,0.546,0.15200000000000002,20.0,10.18,9.58,19.76,31.46,21.62,172.0,0.199,36.0,20.93,16.0,9.3,0.5740000000000001,0.0989999999999999,25.81,12.6,14.49,27.09,32.74,21.95
745483,2024-06-21,2024,665833,L,621363,L,strikeout,True,False,66.0,0.111,24.0,36.36,3.0,4.55,0.358,0.09499999999999999,30.17,14.4,22.22,36.63,35.34,34.78,7.0,0.6,1.0,14.29,2.0,28.57,1.314,0.0,50.0,14.81,18.52,33.33,12.5,14.29,18.0,0.4,4.0,22.22,3.0,16.67,1.167,0.267,23.33,9.72,22.22,31.94,16.13,16.67,74.0,0.185,25.0,33.78,8.0,10.81,0.597,0.138,35.92,17.23,16.55,33.78,28.28,25.81
745483,2024-06-21,2024,642133,L,621363,L,field_out,False,False,20.0,0.111,9.0,45.0,2.0,10.0,0.311,0.0,42.42,16.09,21.84,37.93,33.33,31.03,52.0,0.174,13.0,25.0,6.0,11.54,0.53,0.087,20.24,7.8,23.39,31.19,20.39,21.31,18.0,0.4,4.0,22.22,3.0,16.67,1.167,0.267,23.33,9.72,22.22,31.94,16.13,16.67,74.0,0.185,25.0,33.78,8.0,10.81,0.597,0.138,35.92,17.23,16.55,33.78,28.28,25.81
745483,2024-06-21,2024,670764,L,682847,R,single,False,False,14.0,0.0,5.0,35.71,5.0,35.71,0.357,0.0,52.38,18.64,13.56,32.2,11.43,50.0,257.0,0.179,69.0,26.85,33.0,12.84,0.588,0.121,26.28,11.1,17.87,28.97,16.97,23.15,66.0,0.231,13.0,19.7,12.0,18.18,0.6910000000000001,0.096,20.17,8.42,14.39,22.81,22.52,17.81,177.0,0.333,23.0,12.99,24.0,13.56,0.965,0.214,22.92,10.41,13.56,23.97,25.57,14.84
745483,2024-06-21,2024,650490,R,682847,R,single,False,False,245.0,0.253,38.0,15.51,22.0,8.98,0.6890000000000001,0.10899999999999999,12.47,5.49,17.37,22.85,23.15,12.75,462.0,0.322,72.0,15.58,49.0,10.61,0.881,0.1559999999999999,18.95,8.0,18.68,26.68,19.71,15.69,113.0,0.2,20.0,17.7,5.0,4.42,0.552,0.09499999999999997,19.9,10.13,14.55,24.68,26.88,21.05,223.0,0.253,36.0,16.14,24.0,10.76,0.7070000000000001,0.118,22.28,10.14,16.3,26.45,26.65,17.22
745483,2024-06-21,2024,664040,L,682847,R,force_out,False,False,102.0,0.198,25.0,24.51,12.0,11.76,0.721,0.20899999999999996,29.29,15.51,9.89,25.4,27.84,23.81,374.0,0.241,103.0,27.54,42.0,11.23,0.813,0.237,31.86,16.63,11.13,27.77,30.39,21.33,66.0,0.231,13.0,19.7,12.0,18.18,0.6910000000000001,0.096,20.17,8.42,14.39,22.81,22.52,17.81,177.0,0.333,23.0,12.99,24.0,13.56,0.965,0.214,22.92,10.41,13.56,23.97,25.57,14.84
745483,2024-06-21,2024,670623,R,682847,R,strikeout,True,False,221.0,0.293,32.0,14.48,22.0,9.95,0.88,0.21000000000000002,15.42,6.89,18.9,25.79,27.73,8.65,438.0,0.247,82.0,18.72,43.0,9.82,0.86,0.266,18.6,8.55,16.71,25.26,28.98,14.09,113.0,0.2,20.0,17.7,5.0,4.42,0.552,0.09499999999999997,19.9,10.13,14.55,24.68,26.88,21.05,223.0,0.253,36.0,16.14,24.0,10.76,0.7070000000000001,0.118,22.28,10.14,16.3,26.45,26.65,17.22
745483,2024-06-21,2024,666139,L,682847,R,home_run,False,False,81.0,0.208,23.0,28.4,7.0,8.64,0.664,0.18100000000000002,27.07,14.04,13.47,27.51,31.03,18.85,435.0,0.3,104.0,23.91,27.0,6.21,0.8540000000000001,0.211,29.41,15.52,12.38,27.9,34.65,18.39,66.0,0.231,13.0,19.7,12.0,18.18,0.6910000000000001,0.096,20.17,8.42,14.39,22.81,22.52,17.81,177.0,0.333,23.0,12.99,24.0,13.56,0.965,0.214,22.92,10.41,13.56,23.97,25.57,14.84
745483,2024-06-21,2024,668227,R,682847,R,double,False,False,221.0,0.188,62.0,28.05,21.0,9.5,0.625,0.15100000000000002,34.74,14.6,19.5,34.1,24.95,19.31,517.0,0.254,119.0,23.02,62.0,11.99,0.7769999999999999,0.1589999999999999,29.93,12.82,18.77,31.59,26.93,19.44,113.0,0.2,20.0,17.7,5.0,4.42,0.552,0.09499999999999997,19.9,10.13,14.55,24.68,26.88,21.05,223.0,0.253,36.0,16.14,24.0,10.76,0.7070000000000001,0.118,22.28,10.14,16.3,26.45,26.65,17.22
745483,2024-06-21,2024,642708,R,676596,L,field_out,False,False,72.0,0.304,12.0,16.67,2.0,2.78,0.768,0.14500000000000002,27.14,15.14,15.14,30.28,38.4,16.9,193.0,0.282,27.0,13.99,11.0,5.7,0.768,0.16,18.35,9.79,15.18,24.96,39.07,12.33,61.0,0.236,6.0,9.84,5.0,8.2,0.573,0.03700000000000003,15.6,7.2,13.98,21.19,31.91,10.17,172.0,0.309,12.0,6.98,17.0,9.88,0.865,0.184,13.21,5.98,15.56,21.54,27.22,9.52
745483,2024-06-21,2024,693304,R,664208,R,single,False,False,101.0,0.269,23.0,22.77,4.0,3.96,0.709,0.13999999999999996,26.84,15.27,10.34,25.62,33.17,16.2,86.0,0.234,21.0,24.42,3.0,3.49,0.638,0.1299999999999999,30.36,15.84,12.11,27.95,27.85,22.11,68.0,0.241,10.0,14.71,9.0,13.24,0.715,0.121,28.24,13.96,13.58,27.55,28.28,14.49,136.0,0.153,44.0,32.35,8.0,5.88,0.431,0.0569999999999999,39.26,20.62,13.04,33.66,34.2,29.86
745483,2024-06-21,2024,663647,R,664208,R,strikeout,True,False,155.0,0.199,33.0,21.29,10.0,6.45,0.485,0.027999999999999997,18.25,8.2,21.21,29.41,29.43,20.75,358.0,0.26,75.0,20.95,22.0,6.15,0.721,0.1559999999999999,21.48,9.63,20.09,29.72,30.19,22.32,68.0,0.241,10.0,14.71,9.0,13.24,0.715,0.121,28.24,13.96,13.58,27.55,28.28,14.49,136.0,0.153,44.0,32.35,8.0,5.88,0.431,0.0569999999999999,39.26,20.62,13.04,33.66,34.2,29.86
745483,2024-06-21,2024,656582,R,664208,R,grounded_into_double_play,False,False,163.0,0.226,37.0,22.7,14.0,8.59,0.6699999999999999,0.13699999999999998,24.28,10.81,18.87,29.68,23.59,21.02,279.0,0.235,70.0,25.09,27.0,9.68,0.72,0.166,22.25,8.9,20.93,29.83,20.67,18.23,68.0,0.241,10.0,14.71,9.0,13.24,0.715,0.121,28.24,13.96,13.58,27.55,28.28,14.49,136.0,0.153,44.0,32.35,8.0,5.88,0.431,0.0569999999999999,39.26,20.62,13.04,33.66,34.2,29.86
745483,2024-06-21,2024,642350,R,641726,R,field_out,False,False,159.0,0.201,57.0,35.85,11.0,6.92,0.6559999999999999,0.173,37.72,17.18,21.07,38.25,32.91,28.08,271.0,0.23,93.0,34.32,16.0,5.9,0.801,0.29,39.19,20.65,15.06,35.71,37.69,31.08,16.0,0.5,2.0,12.5,0.0,0.0,1.562,0.562,14.29,7.94,11.11,19.05,38.71,11.76,,,,,,,,,,,,,,
745483,2024-06-21,2024,666163,L,641726,R,strikeout,True,False,134.0,0.256,36.0,26.87,15.0,11.19,0.6759999999999999,0.069,27.2,12.06,17.55,29.61,26.16,19.66,72.0,0.133,15.0,20.83,10.0,13.89,0.507,0.1169999999999999,25.64,10.56,17.96,28.52,20.41,17.5,15.0,0.462,2.0,13.33,2.0,13.33,1.379,0.38399999999999995,11.76,4.35,19.57,23.91,22.22,66.67,,,,,,,,,,,,,,
745483,2024-06-21,2024,670764,L,641726,R,field_out,False,False,14.0,0.0,5.0,35.71,5.0,35.71,0.357,0.0,52.38,18.64,13.56,32.2,11.43,50.0,257.0,0.179,69.0,26.85,33.0,12.84,0.588,0.121,26.28,11.1,17.87,28.97,16.97,23.15,15.0,0.462,2.0,13.33,2.0,13.33,1.379,0.38399999999999995,11.76,4.35,19.57,23.91,22.22,66.67,,,,,,,,,,,,,,
745483,2024-06-21,2024,669261,L,664208,R,field_out,False,False,162.0,0.157,43.0,26.54,21.0,12.96,0.558,0.13599999999999998,26.3,12.16,14.71,26.88,21.63,20.77,404.0,0.232,117.0,28.96,61.0,15.1,0.857,0.271,29.06,11.36,18.81,30.17,17.6,22.37,57.0,0.267,11.0,19.3,8.0,14.04,1.043,0.355,23.64,10.57,14.63,25.2,29.69,14.1,138.0,0.265,30.0,21.74,17.0,12.32,0.856,0.2039999999999999,26.0,12.2,15.95,28.14,26.22,19.87
745483,2024-06-21,2024,518735,L,664208,R,field_out,False,False,64.0,0.161,12.0,18.75,2.0,3.12,0.494,0.145,23.08,11.11,22.63,33.74,35.59,17.91,309.0,0.235,61.0,19.74,27.0,8.74,0.636,0.094,22.36,10.08,19.44,29.52,27.06,17.13,57.0,0.267,11.0,19.3,8.0,14.04,1.043,0.355,23.64,10.57,14.63,25.2,29.69,14.1,138.0,0.265,30.0,21.74,17.0,12.32,0.856,0.2039999999999999,26.0,12.2,15.95,28.14,26.22,19.87
745483,2024-06-21,2024,457705,R,664208,R,field_out,False,False,184.0,0.252,49.0,26.63,19.0,10.33,0.748,0.15899999999999997,30.79,13.12,18.57,31.69,18.42,20.94,312.0,0.254,72.0,23.08,49.0,15.71,0.767,0.137,28.77,12.06,17.2,29.26,17.59,17.52,68.0,0.241,10.0,14.71,9.0,13.24,0.715,0.121,28.24,13.96,13.58,27.55,28.28,14.49,136.0,0.153,44.0,32.35,8.0,5.88,0.431,0.0569999999999999,39.26,20.62,13.04,33.66,34.2,29.86
745483,2024-06-21,2024,650490,R,641726,R,field_out,False,False,245.0,0.253,38.0,15.51,22.0,8.98,0.6890000000000001,0.10899999999999999,12.47,5.49,17.37,22.85,23.15,12.75,462.0,0.322,72.0,15.58,49.0,10.61,0.881,0.1559999999999999,18.95,8.0,18.68,26.68,19.71,15.69,16.0,0.5,2.0,12.5,0.0,0.0,1.562,0.562,14.29,7.94,11.11,19.05,38.71,11.76,,,,,,,,,,,,,,
745483,2024-06-21,2024,664040,L,641726,R,field_out,False,False,102.0,0.198,25.0,24.51,12.0,11.76,0.721,0.20899999999999996,29.29,15.51,9.89,25.4,27.84,23.81,374.0,0.241,103.0,27.54,42.0,11.23,0.813,0.237,31.86,16.63,11.13,27.77,30.39,21.33,15.0,0.462,2.0,13.33,2.0,13.33,1.379,0.38399999999999995,11.76,4.35,19.57,23.91,22.22,66.67,,,,,,,,,,,,,,
745483,2024-06-21,2024,670623,R,641726,R,field_out,False,False,221.0,0.293,32.0,14.48,22.0,9.95,0.88,0.21000000000000002,15.42,6.89,18.9,25.79,27.73,8.65,438.0,0.247,82.0,18.72,43.0,9.82,0.86,0.266,18.6,8.55,16.71,25.26,28.98,14.09,16.0,0.5,2.0,12.5,0.0,0.0,1.562,0.562,14.29,7.94,11.11,19.05,38.71,11.76,,,,,,,,,,,,,,
745483,2024-06-21,2024,668804,L,606965,R,home_run,False,False,230.0,0.265,47.0,20.43,23.0,10.0,0.784,0.176,27.73,12.97,13.97,26.94,26.71,17.74,438.0,0.252,94.0,21.46,45.0,10.27,0.821,0.2309999999999999,28.75,13.22,13.73,26.95,24.9,18.49,53.0,0.216,11.0,20.75,2.0,3.77,0.657,0.19599999999999998,28.57,14.22,16.89,31.11,31.53,13.92,72.0,0.206,14.0,19.44,5.0,6.94,0.601,0.127,24.64,11.76,14.53,26.3,32.69,16.67
745483,2024-06-21,2024,665833,L,606965,R,field_out,False,False,201.0,0.292,63.0,31.34,15.0,7.46,0.8400000000000001,0.20500000000000002,33.68,15.63,18.74,34.37,34.16,22.91,33.0,0.185,7.0,21.21,5.0,15.15,0.636,0.148,27.69,13.14,15.33,28.47,34.25,17.95,53.0,0.216,11.0,20.75,2.0,3.77,0.657,0.19599999999999998,28.57,14.22,16.89,31.11,31.53,13.92,72.0,0.206,14.0,19.44,5.0,6.94,0.601,0.127,24.64,11.76,14.53,26.3,32.69,16.67
745483,2024-06-21,2024,642133,L,606965,R,field_out,False,False,163.0,0.247,30.0,18.4,11.0,6.75,0.641,0.09300000000000003,20.07,8.36,20.67,29.03,23.51,18.63,300.0,0.223,73.0,24.33,29.0,9.67,0.69,0.173,22.22,8.47,23.11,31.59,24.77,19.95,53.0,0.216,11.0,20.75,2.0,3.77,0.657,0.19599999999999998,28.57,14.22,16.89,31.11,31.53,13.92,72.0,0.206,14.0,19.44,5.0,6.94,0.601,0.127,24.64,11.76,14.53,26.3,32.69,16.67
745483,2024-06-21,2024,693304,R,606965,R,strikeout,True,False,101.0,0.269,23.0,22.77,4.0,3.96,0.709,0.13999999999999996,26.84,15.27,10.34,25.62,33.17,16.2,86.0,0.234,21.0,24.42,3.0,3.49,0.638,0.1299999999999999,30.36,15.84,12.11,27.95,27.85,22.11,56.0,0.319,12.0,21.43,9.0,16.07,1.152,0.40399999999999997,29.9,12.18,18.91,31.09,24.26,15.19,101.0,0.245,28.0,27.72,6.0,5.94,0.702,0.1699999999999999,32.8,15.66,15.91,31.57,27.49,22.76
745483,2024-06-21,2024,666139,L,641726,R,field_out,False,False,81.0,0.208,23.0,28.4,7.0,8.64,0.664,0.18100000000000002,27.07,14.04,13.47,27.51,31.03,18.85,435.0,0.3,104.0,23.91,27.0,6.21,0.8540000000000001,0.211,29.41,15.52,12.38,27.9,34.65,18.39,15.0,0.462,2.0,13.33,2.0,13.33,1.379,0.38399999999999995,11.76,4.35,19.57,23.91,22.22,66.67,,,,,,,,,,,,,,
745483,2024-06-21,2024,668227,R,641726,R,field_out,False,False,221.0,0.188,62.0,28.05,21.0,9.5,0.625,0.15100000000000002,34.74,14.6,19.5,34.1,24.95,19.31,517.0,0.254,119.0,23.02,62.0,11.99,0.7769999999999999,0.1589999999999999,29.93,12.82,18.77,31.59,26.93,19.44,16.0,0.5,2.0,12.5,0.0,0.0,1.562,0.562,14.29,7.94,11.11,19.05,38.71,11.76,,,,,,,,,,,,,,
745483,2024-06-21,2024,642708,R,641726,R,single,False,False,143.0,0.297,24.0,16.78,5.0,3.5,0.7210000000000001,0.10200000000000004,22.5,12.55,13.94,26.49,38.8,15.38,353.0,0.252,72.0,20.4,18.0,5.1,0.636,0.091,25.7,13.68,14.7,28.38,39.8,19.35,16.0,0.5,2.0,12.5,0.0,0.0,1.562,0.562,14.29,7.94,11.11,19.05,38.71,11.76,,,,,,,,,,,,,,
745483,2024-06-21,2024,642350,R,641726,R,double,False,False,159.0,0.201,57.0,35.85,11.0,6.92,0.6559999999999999,0.173,37.72,17.18,21.07,38.25,32.91,28.08,271.0,0.23,93.0,34.32,16.0,5.9,0.801,0.29,39.19,20.65,15.06,35.71,37.69,31.08,16.0,0.5,2.0,12.5,0.0,0.0,1.562,0.562,14.29,7.94,11.11,19.05,38.71,11.76,,,,,,,,,,,,,,
745483,2024-06-21,2024,666163,L,641726,R,home_run,False,False,134.0,0.256,36.0,26.87,15.0,11.19,0.6759999999999999,0.069,27.2,12.06,17.55,29.61,26.16,19.66,72.0,0.133,15.0,20.83,10.0,13.89,0.507,0.1169999999999999,25.64,10.56,17.96,28.52,20.41,17.5,15.0,0.462,2.0,13.33,2.0,13.33,1.379,0.38399999999999995,11.76,4.35,19.57,23.91,22.22,66.67,,,,,,,,,,,,,,
745483,2024-06-21,2024,670764,L,641726,R,field_out,False,False,14.0,0.0,5.0,35.71,5.0,35.71,0.357,0.0,52.38,18.64,13.56,32.2,11.43,50.0,257.0,0.179,69.0,26.85,33.0,12.84,0.588,0.121,26.28,11.1,17.87,28.97,16.97,23.15,15.0,0.462,2.0,13.33,2.0,13.33,1.379,0.38399999999999995,11.76,4.35,19.57,23.91,22.22,66.67,,,,,,,,,,,,,,
745483,2024-06-21,2024,663647,R,606965,R,field_out,False,False,155.0,0.199,33.0,21.29,10.0,6.45,0.485,0.027999999999999997,18.25,8.2,21.21,29.41,29.43,20.75,358.0,0.26,75.0,20.95,22.0,6.15,0.721,0.1559999999999999,21.48,9.63,20.09,29.72,30.19,22.32,56.0,0.319,12.0,21.43,9.0,16.07,1.152,0.40399999999999997,29.9,12.18,18.91,31.09,24.26,15.19,101.0,0.245,28.0,27.72,6.0,5.94,0.702,0.1699999999999999,32.8,15.66,15.91,31.57,27.49,22.76
745483,2024-06-21,2024,656582,R,606965,R,field_out,False,False,163.0,0.226,37.0,22.7,14.0,8.59,0.6699999999999999,0.13699999999999998,24.28,10.81,18.87,29.68,23.59,21.02,279.0,0.235,70.0,25.09,27.0,9.68,0.72,0.166,22.25,8.9,20.93,29.83,20.67,18.23,56.0,0.319,12.0,21.43,9.0,16.07,1.152,0.40399999999999997,29.9,12.18,18.91,31.09,24.26,15.19,101.0,0.245,28.0,27.72,6.0,5.94,0.702,0.1699999999999999,32.8,15.66,15.91,31.57,27.49,22.76
745483,2024-06-21,2024,669261,L,606965,R,field_out,False,False,162.0,0.157,43.0,26.54,21.0,12.96,0.558,0.13599999999999998,26.3,12.16,14.71,26.88,21.63,20.77,404.0,0.232,117.0,28.96,61.0,15.1,0.857,0.271,29.06,11.36,18.81,30.17,17.6,22.37,53.0,0.216,11.0,20.75,2.0,3.77,0.657,0.19599999999999998,28.57,14.22,16.89,31.11,31.53,13.92,72.0,0.206,14.0,19.44,5.0,6.94,0.601,0.127,24.64,11.76,14.53,26.3,32.69,16.67
745401,2024-06-21,2024,668930,L,800049,R,double,False,False,233.0,0.295,36.0,15.45,20.0,8.58,0.772,0.12,12.89,5.98,18.72,24.7,25.3,14.29,376.0,0.224,82.0,21.81,30.0,7.98,0.608,0.097,22.03,10.83,16.08,26.9,28.59,16.14,44.0,0.344,3.0,6.82,12.0,27.27,1.054,0.18700000000000006,14.08,5.81,15.12,20.93,23.16,7.32,,,,,,,,,,,,,,
745401,2024-06-21,2024,661388,R,800049,R,field_out,False,False,251.0,0.301,45.0,17.93,23.0,9.16,0.853,0.181,29.09,13.72,14.15,27.87,24.9,17.44,434.0,0.262,94.0,21.66,42.0,9.68,0.72,0.119,27.61,11.63,19.55,31.17,24.86,18.08,39.0,0.2,8.0,20.51,4.0,10.26,0.596,0.11399999999999999,22.22,10.06,16.35,26.42,28.41,18.18,,,,,,,,,,,,,,
745401,2024-06-21,2024,592885,L,800049,R,fielders_choice,False,False,142.0,0.311,28.0,19.72,18.0,12.68,0.881,0.173,21.51,9.79,13.06,22.85,24.44,15.14,473.0,0.294,103.0,21.78,64.0,13.53,0.882,0.195,26.99,11.53,15.4,26.93,23.89,19.07,44.0,0.344,3.0,6.82,12.0,27.27,1.054,0.18700000000000006,14.08,5.81,15.12,20.93,23.16,7.32,,,,,,,,,,,,,,
745401,2024-06-21,2024,642715,R,800049,R,single,False,False,249.0,0.26,55.0,22.09,27.0,10.84,0.813,0.20999999999999996,28.96,13.87,14.68,28.54,26.32,18.21,480.0,0.212,117.0,24.38,47.0,9.79,0.702,0.194,32.44,16.53,12.85,29.38,32.69,19.28,39.0,0.2,8.0,20.51,4.0,10.26,0.596,0.11399999999999999,22.22,10.06,16.35,26.42,28.41,18.18,,,,,,,,,,,,,,
745401,2024-06-21,2024,686217,L,800049,R,walk,False,True,224.0,0.258,40.0,17.86,23.0,10.27,0.6619999999999999,0.06,15.0,5.98,21.81,27.78,25.85,16.33,180.0,0.261,30.0,16.67,23.0,12.78,0.722,0.1049999999999999,15.26,6.63,20.31,26.94,29.52,13.18,44.0,0.344,3.0,6.82,12.0,27.27,1.054,0.18700000000000006,14.08,5.81,15.12,20.93,23.16,7.32,,,,,,,,,,,,,,
745401,2024-06-21,2024,656555,R,800049,R,grounded_into_double_play,False,False,180.0,0.236,46.0,25.56,19.0,10.56,0.782,0.21600000000000003,25.47,10.29,21.08,31.37,21.85,18.25,,,,,,,,,,,,,,,39.0,0.2,8.0,20.51,4.0,10.26,0.596,0.11399999999999999,22.22,10.06,16.35,26.42,28.41,18.18,,,,,,,,,,,,,,
745401,2024-06-21,2024,650333,L,669060,R,walk,False,True,196.0,0.346,5.0,2.55,8.0,4.08,0.806,0.08600000000000002,6.1,2.95,19.24,22.19,33.7,2.94,479.0,0.362,17.0,3.55,31.0,6.47,0.891,0.122,6.51,3.2,16.58,19.78,31.29,4.11,131.0,0.289,28.0,21.37,17.0,12.98,0.917,0.24600000000000005,20.58,9.28,17.07,26.35,20.77,16.57,124.0,0.239,28.0,22.58,14.0,11.29,0.784,0.22,17.35,7.63,16.87,24.5,22.09,20.59
745401,2024-06-21,2024,665487,R,669060,R,single,False,False,224.0,0.295,43.0,19.2,11.0,4.91,0.873,0.24300000000000005,27.18,14.8,11.23,26.02,30.54,22.75,489.0,0.244,114.0,23.31,37.0,7.57,0.728,0.181,31.62,17.66,8.94,26.61,34.25,23.98,158.0,0.201,27.0,17.09,9.0,5.7,0.585,0.118,22.22,10.62,18.13,28.75,25.62,19.42,190.0,0.194,33.0,17.37,8.0,4.21,0.5609999999999999,0.132,19.19,10.0,15.76,25.76,30.57,18.33
745401,2024-06-21,2024,595777,L,669060,R,strikeout,True,False,210.0,0.311,38.0,18.1,26.0,12.38,0.865,0.14700000000000002,18.77,8.68,14.27,22.95,22.43,13.5,375.0,0.229,68.0,18.13,37.0,9.87,0.6559999999999999,0.1159999999999999,21.66,10.43,14.17,24.61,26.12,14.59,131.0,0.289,28.0,21.37,17.0,12.98,0.917,0.24600000000000005,20.58,9.28,17.07,26.35,20.77,16.57,124.0,0.239,28.0,22.58,14.0,11.29,0.784,0.22,17.35,7.63,16.87,24.5,22.09,20.59
745401,2024-06-21,2024,630105,L,669060,R,force_out,False,False,212.0,0.271,36.0,16.98,16.0,7.55,0.8380000000000001,0.23399999999999999,17.71,8.26,17.09,25.35,23.77,13.64,367.0,0.23,59.0,16.08,36.0,9.81,0.7,0.154,14.92,6.99,16.69,23.68,24.61,14.08,131.0,0.289,28.0,21.37,17.0,12.98,0.917,0.24600000000000005,20.58,9.28,17.07,26.35,20.77,16.57,124.0,0.239,28.0,22.58,14.0,11.29,0.784,0.22,17.35,7.63,16.87,24.5,22.09,20.59
745401,2024-06-21,2024,592518,R,669060,R,home_run,False,False,195.0,0.266,44.0,22.56,10.0,5.13,0.6679999999999999,0.09799999999999998,25.53,12.82,14.69,27.5,28.25,20.0,452.0,0.241,83.0,18.36,36.0,7.96,0.747,0.205,24.68,12.42,14.05,26.47,29.58,16.9,158.0,0.201,27.0,17.09,9.0,5.7,0.585,0.118,22.22,10.62,18.13,28.75,25.62,19.42,190.0,0.194,33.0,17.37,8.0,4.21,0.5609999999999999,0.132,19.19,10.0,15.76,25.76,30.57,18.33
745401,2024-06-21,2024,701538,L,669060,R,home_run,False,False,176.0,0.311,31.0,17.61,9.0,5.11,0.802,0.14,18.54,10.15,13.23,23.38,36.81,14.42,,,,,,,,,,,,,,,131.0,0.289,28.0,21.37,17.0,12.98,0.917,0.24600000000000005,20.58,9.28,17.07,26.35,20.77,16.57,124.0,0.239,28.0,22.58,14.0,11.29,0.784,0.22,17.35,7.63,16.87,24.5,22.09,20.59
745401,2024-06-21,2024,444482,L,669060,R,walk,False,True,46.0,0.2,10.0,21.74,5.0,10.87,0.514,0.024999999999999994,26.17,14.81,10.05,24.87,38.3,12.16,387.0,0.253,63.0,16.28,19.0,4.91,0.6739999999999999,0.131,22.16,12.01,13.06,25.07,33.57,15.04,131.0,0.289,28.0,21.37,17.0,12.98,0.917,0.24600000000000005,20.58,9.28,17.07,26.35,20.77,16.57,124.0,0.239,28.0,22.58,14.0,11.29,0.784,0.22,17.35,7.63,16.87,24.5,22.09,20.59
745401,2024-06-21,2024,669134,R,669060,R,strikeout,True,False,155.0,0.287,22.0,14.19,11.0,7.1,0.776,0.15400000000000003,20.61,10.8,15.6,26.4,33.05,18.49,127.0,0.289,14.0,11.02,4.0,3.15,0.753,0.141,16.53,9.26,14.96,24.23,34.76,11.97,158.0,0.201,27.0,17.09,9.0,5.7,0.585,0.118,22.22,10.62,18.13,28.75,25.62,19.42,190.0,0.194,33.0,17.37,8.0,4.21,0.5609999999999999,0.132,19.19,10.0,15.76,25.76,30.57,18.33
745401,2024-06-21,2024,672012,L,800049,R,walk,False,True,22.0,0.15,8.0,36.36,2.0,9.09,0.42700000000000005,0.05000000000000002,26.47,10.0,21.11,31.11,17.39,40.0,,,,,,,,,,,,,,,44.0,0.344,3.0,6.82,12.0,27.27,1.054,0.18700000000000006,14.08,5.81,15.12,20.93,23.16,7.32,,,,,,,,,,,,,,
745401,2024-06-21,2024,687401,R,800049,R,strikeout,True,False,162.0,0.299,20.0,12.35,22.0,13.58,0.884,0.19,15.75,6.19,21.52,27.71,22.74,10.81,13.0,0.077,3.0,23.08,0.0,0.0,0.2309999999999999,0.077,15.79,8.11,21.62,29.73,26.67,33.33,39.0,0.2,8.0,20.51,4.0,10.26,0.596,0.11399999999999999,22.22,10.06,16.35,26.42,28.41,18.18,,,,,,,,,,,,,,
745401,2024-06-21,2024,663368,L,800049,R,field_out,False,False,177.0,0.252,51.0,28.81,14.0,7.91,0.6990000000000001,0.125,31.06,13.25,20.52,33.77,25.0,27.72,110.0,0.231,33.0,30.0,17.0,15.45,0.715,0.1319999999999999,24.04,9.0,23.31,32.31,18.26,20.5,44.0,0.344,3.0,6.82,12.0,27.27,1.054,0.18700000000000006,14.08,5.81,15.12,20.93,23.16,7.32,,,,,,,,,,,,,,
745401,2024-06-21,2024,668930,L,800049,R,field_out,False,False,233.0,0.295,36.0,15.45,20.0,8.58,0.772,0.12,12.89,5.98,18.72,24.7,25.3,14.29,376.0,0.224,82.0,21.81,30.0,7.98,0.608,0.097,22.03,10.83,16.08,26.9,28.59,16.14,44.0,0.344,3.0,6.82,12.0,27.27,1.054,0.18700000000000006,14.08,5.81,15.12,20.93,23.16,7.32,,,,,,,,,,,,,,
745401,2024-06-21,2024,673490,R,669060,R,strikeout,True,False,202.0,0.235,34.0,16.83,30.0,14.85,0.7629999999999999,0.177,17.26,6.15,24.36,30.51,17.73,12.01,435.0,0.241,94.0,21.61,55.0,12.64,0.681,0.1,18.8,7.03,23.65,30.68,19.23,15.59,158.0,0.201,27.0,17.09,9.0,5.7,0.585,0.118,22.22,10.62,18.13,28.75,25.62,19.42,190.0,0.194,33.0,17.37,8.0,4.21,0.5609999999999999,0.132,19.19,10.0,15.76,25.76,30.57,18.33
745401,2024-06-21,2024,650333,L,669060,R,field_out,False,False,196.0,0.346,5.0,2.55,8.0,4.08,0.806,0.08600000000000002,6.1,2.95,19.24,22.19,33.7,2.94,479.0,0.362,17.0,3.55,31.0,6.47,0.891,0.122,6.51,3.2,16.58,19.78,31.29,4.11,131.0,0.289,28.0,21.37,17.0,12.98,0.917,0.24600000000000005,20.58,9.28,17.07,26.35,20.77,16.57,124.0,0.239,28.0,22.58,14.0,11.29,0.784,0.22,17.35,7.63,16.87,24.5,22.09,20.59
745401,2024-06-21,2024,665487,R,669060,R,single,False,False,224.0,0.295,43.0,19.2,11.0,4.91,0.873,0.24300000000000005,27.18,14.8,11.23,26.02,30.54,22.75,489.0,0.244,114.0,23.31,37.0,7.57,0.728,0.181,31.62,17.66,8.94,26.61,34.25,23.98,158.0,0.201,27.0,17.09,9.0,5.7,0.585,0.118,22.22,10.62,18.13,28.75,25.62,19.42,190.0,0.194,33.0,17.37,8.0,4.21,0.5609999999999999,0.132,19.19,10.0,15.76,25.76,30.57,18.33
745401,2024-06-21,2024,595777,L,669060,R,strikeout,True,False,210.0,0.311,38.0,18.1,26.0,12.38,0.865,0.14700000000000002,18.77,8.68,14.27,22.95,22.43,13.5,375.0,0.229,68.0,18.13,37.0,9.87,0.6559999999999999,0.1159999999999999,21.66,10.43,14.17,24.61,26.12,14.59,131.0,0.289,28.0,21.37,17.0,12.98,0.917,0.24600000000000005,20.58,9.28,17.07,26.35,20.77,16.57,124.0,0.239,28.0,22.58,14.0,11.29,0.784,0.22,17.35,7.63,16.87,24.5,22.09,20.59
745401,2024-06-21,2024,661388,R,800049,R,field_out,False,False,251.0,0.301,45.0,17.93,23.0,9.16,0.853,0.181,29.09,13.72,14.15,27.87,24.9,17.44,434.0,0.262,94.0,21.66,42.0,9.68,0.72,0.119,27.61,11.63,19.55,31.17,24.86,18.08,39.0,0.2,8.0,20.51,4.0,10.26,0.596,0.11399999999999999,22.22,10.06,16.35,26.42,28.41,18.18,,,,,,,,,,,,,,
745401,2024-06-21,2024,592885,L,800049,R,strikeout,True,False,142.0,0.311,28.0,19.72,18.0,12.68,0.881,0.173,21.51,9.79,13.06,22.85,24.44,15.14,473.0,0.294,103.0,21.78,64.0,13.53,0.882,0.195,26.99,11.53,15.4,26.93,23.89,19.07,44.0,0.344,3.0,6.82,12.0,27.27,1.054,0.18700000000000006,14.08,5.81,15.12,20.93,23.16,7.32,,,,,,,,,,,,,,
745401,2024-06-21,2024,642715,R,800049,R,field_out,False,False,249.0,0.26,55.0,22.09,27.0,10.84,0.813,0.20999999999999996,28.96,13.87,14.68,28.54,26.32,18.21,480.0,0.212,117.0,24.38,47.0,9.79,0.702,0.194,32.44,16.53,12.85,29.38,32.69,19.28,39.0,0.2,8.0,20.51,4.0,10.26,0.596,0.11399999999999999,22.22,10.06,16.35,26.42,28.41,18.18,,,,,,,,,,,,,,
745401,2024-06-21,2024,630105,L,669060,R,field_out,False,False,212.0,0.271,36.0,16.98,16.0,7.55,0.8380000000000001,0.23399999999999999,17.71,8.26,17.09,25.35,23.77,13.64,367.0,0.23,59.0,16.08,36.0,9.81,0.7,0.154,14.92,6.99,16.69,23.68,24.61,14.08,131.0,0.289,28.0,21.37,17.0,12.98,0.917,0.24600000000000005,20.58,9.28,17.07,26.35,20.77,16.57,124.0,0.239,28.0,22.58,14.0,11.29,0.784,0.22,17.35,7.63,16.87,24.5,22.09,20.59
745401,2024-06-21,2024,592518,R,669060,R,field_out,False,False,195.0,0.266,44.0,22.56,10.0,5.13,0.6679999999999999,0.09799999999999998,25.53,12.82,14.69,27.5,28.25,20.0,452.0,0.241,83.0,18.36,36.0,7.96,0.747,0.205,24.68,12.42,14.05,26.47,29.58,16.9,158.0,0.201,27.0,17.09,9.0,5.7,0.585,0.118,22.22,10.62,18.13,28.75,25.62,19.42,190.0,0.194,33.0,17.37,8.0,4.21,0.5609999999999999,0.132,19.19,10.0,15.76,25.76,30.57,18.33
745401,2024-06-21,2024,701538,L,669060,R,strikeout,True,False,176.0,0.311,31.0,17.61,9.0,5.11,0.802,0.14,18.54,10.15,13.23,23.38,36.81,14.42,,,,,,,,,,,,,,,131.0,0.289,28.0,21.37,17.0,12.98,0.917,0.24600000000000005,20.58,9.28,17.07,26.35,20.77,16.57,124.0,0.239,28.0,22.58,14.0,11.29,0.784,0.22,17.35,7.63,16.87,24.5,22.09,20.59
745401,2024-06-21,2024,686217,L,800049,R,field_out,False,False,224.0,0.258,40.0,17.86,23.0,10.27,0.6619999999999999,0.06,15.0,5.98,21.81,27.78,25.85,16.33,180.0,0.261,30.0,16.67,23.0,12.78,0.722,0.1049999999999999,15.26,6.63,20.31,26.94,29.52,13.18,44.0,0.344,3.0,6.82,12.0,27.27,1.054,0.18700000000000006,14.08,5.81,15.12,20.93,23.16,7.32,,,,,,,,,,,,,,
745401,2024-06-21,2024,656555,R,800049,R,walk,False,True,180.0,0.236,46.0,25.56,19.0,10.56,0.782,0.21600000000000003,25.47,10.29,21.08,31.37,21.85,18.25,,,,,,,,,,,,,,,39.0,0.2,8.0,20.51,4.0,10.26,0.596,0.11399999999999999,22.22,10.06,16.35,26.42,28.41,18.18,,,,,,,,,,,,,,
745401,2024-06-21,2024,672012,L,800049,R,field_out,False,False,22.0,0.15,8.0,36.36,2.0,9.09,0.42700000000000005,0.05000000000000002,26.47,10.0,21.11,31.11,17.39,40.0,,,,,,,,,,,,,,,44.0,0.344,3.0,6.82,12.0,27.27,1.054,0.18700000000000006,14.08,5.81,15.12,20.93,23.16,7.32,,,,,,,,,,,,,,
745401,2024-06-21,2024,687401,R,800049,R,single,False,False,162.0,0.299,20.0,12.35,22.0,13.58,0.884,0.19,15.75,6.19,21.52,27.71,22.74,10.81,13.0,0.077,3.0,23.08,0.0,0.0,0.2309999999999999,0.077,15.79,8.11,21.62,29.73,26.67,33.33,39.0,0.2,8.0,20.51,4.0,10.26,0.596,0.11399999999999999,22.22,10.06,16.35,26.42,28.41,18.18,,,,,,,,,,,,,,
745401,2024-06-21,2024,663368,L,800049,R,strikeout,True,False,177.0,0.252,51.0,28.81,14.0,7.91,0.6990000000000001,0.125,31.06,13.25,20.52,33.77,25.0,27.72,110.0,0.231,33.0,30.0,17.0,15.45,0.715,0.1319999999999999,24.04,9.0,23.31,32.31,18.26,20.5,44.0,0.344,3.0,6.82,12.0,27.27,1.054,0.18700000000000006,14.08,5.81,15.12,20.93,23.16,7.32,,,,,,,,,,,,,,
745401,2024-06-21,2024,444482,L,669060,R,field_out,False,False,46.0,0.2,10.0,21.74,5.0,10.87,0.514,0.024999999999999994,26.17,14.81,10.05,24.87,38.3,12.16,387.0,0.253,63.0,16.28,19.0,4.91,0.6739999999999999,0.131,22.16,12.01,13.06,25.07,33.57,15.04,131.0,0.289,28.0,21.37,17.0,12.98,0.917,0.24600000000000005,20.58,9.28,17.07,26.35,20.77,16.57,124.0,0.239,28.0,22.58,14.0,11.29,0.784,0.22,17.35,7.63,16.87,24.5,22.09,20.59
745401,2024-06-21,2024,669134,R,669060,R,field_out,False,False,155.0,0.287,22.0,14.19,11.0,7.1,0.776,0.15400000000000003,20.61,10.8,15.6,26.4,33.05,18.49,127.0,0.289,14.0,11.02,4.0,3.15,0.753,0.141,16.53,9.26,14.96,24.23,34.76,11.97,158.0,0.201,27.0,17.09,9.0,5.7,0.585,0.118,22.22,10.62,18.13,28.75,25.62,19.42,190.0,0.194,33.0,17.37,8.0,4.21,0.5609999999999999,0.132,19.19,10.0,15.76,25.76,30.57,18.33
745401,2024-06-21,2024,673490,R,669060,R,field_out,False,False,202.0,0.235,34.0,16.83,30.0,14.85,0.7629999999999999,0.177,17.26,6.15,24.36,30.51,17.73,12.01,435.0,0.241,94.0,21.61,55.0,12.64,0.681,0.1,18.8,7.03,23.65,30.68,19.23,15.59,158.0,0.201,27.0,17.09,9.0,5.7,0.585,0.118,22.22,10.62,18.13,28.75,25.62,19.42,190.0,0.194,33.0,17.37,8.0,4.21,0.5609999999999999,0.132,19.19,10.0,15.76,25.76,30.57,18.33
745401,2024-06-21,2024,668930,L,800049,R,field_out,False,False,233.0,0.295,36.0,15.45,20.0,8.58,0.772,0.12,12.89,5.98,18.72,24.7,25.3,14.29,376.0,0.224,82.0,21.81,30.0,7.98,0.608,0.097,22.03,10.83,16.08,26.9,28.59,16.14,44.0,0.344,3.0,6.82,12.0,27.27,1.054,0.18700000000000006,14.08,5.81,15.12,20.93,23.16,7.32,,,,,,,,,,,,,,
745401,2024-06-21,2024,661388,R,800049,R,field_out,False,False,251.0,0.301,45.0,17.93,23.0,9.16,0.853,0.181,29.09,13.72,14.15,27.87,24.9,17.44,434.0,0.262,94.0,21.66,42.0,9.68,0.72,0.119,27.61,11.63,19.55,31.17,24.86,18.08,39.0,0.2,8.0,20.51,4.0,10.26,0.596,0.11399999999999999,22.22,10.06,16.35,26.42,28.41,18.18,,,,,,,,,,,,,,
745401,2024-06-21,2024,592885,L,800049,R,single,False,False,142.0,0.311,28.0,19.72,18.0,12.68,0.881,0.173,21.51,9.79,13.06,22.85,24.44,15.14,473.0,0.294,103.0,21.78,64.0,13.53,0.882,0.195,26.99,11.53,15.4,26.93,23.89,19.07,44.0,0.344,3.0,6.82,12.0,27.27,1.054,0.18700000000000006,14.08,5.81,15.12,20.93,23.16,7.32,,,,,,,,,,,,,,
745401,2024-06-21,2024,642715,R,800049,R,home_run,False,False,249.0,0.26,55.0,22.09,27.0,10.84,0.813,0.20999999999999996,28.96,13.87,14.68,28.54,26.32,18.21,480.0,0.212,117.0,24.38,47.0,9.79,0.702,0.194,32.44,16.53,12.85,29.38,32.69,19.28,39.0,0.2,8.0,20.51,4.0,10.26,0.596,0.11399999999999999,22.22,10.06,16.35,26.42,28.41,18.18,,,,,,,,,,,,,,
745401,2024-06-21,2024,686217,L,670970,L,field_out,False,False,30.0,0.241,8.0,26.67,1.0,3.33,0.646,0.138,18.6,8.08,23.23,31.31,22.22,33.33,43.0,0.184,7.0,16.28,5.0,11.63,0.5680000000000001,0.1049999999999999,11.43,4.71,21.18,25.88,26.83,17.07,50.0,0.156,18.0,36.0,3.0,6.0,0.444,0.088,30.48,15.69,17.16,32.84,31.4,22.78,18.0,0.267,5.0,27.78,2.0,11.11,0.753,0.133,20.0,8.82,19.12,27.94,20.0,23.81
745401,2024-06-21,2024,650333,L,669060,R,field_out,False,False,196.0,0.346,5.0,2.55,8.0,4.08,0.806,0.08600000000000002,6.1,2.95,19.24,22.19,33.7,2.94,479.0,0.362,17.0,3.55,31.0,6.47,0.891,0.122,6.51,3.2,16.58,19.78,31.29,4.11,131.0,0.289,28.0,21.37,17.0,12.98,0.917,0.24600000000000005,20.58,9.28,17.07,26.35,20.77,16.57,124.0,0.239,28.0,22.58,14.0,11.29,0.784,0.22,17.35,7.63,16.87,24.5,22.09,20.59
745401,2024-06-21,2024,665487,R,669060,R,home_run,False,False,224.0,0.295,43.0,19.2,11.0,4.91,0.873,0.24300000000000005,27.18,14.8,11.23,26.02,30.54,22.75,489.0,0.244,114.0,23.31,37.0,7.57,0.728,0.181,31.62,17.66,8.94,26.61,34.25,23.98,158.0,0.201,27.0,17.09,9.0,5.7,0.585,0.118,22.22,10.62,18.13,28.75,25.62,19.42,190.0,0.194,33.0,17.37,8.0,4.21,0.5609999999999999,0.132,19.19,10.0,15.76,25.76,30.57,18.33
745401,2024-06-21,2024,595777,L,669060,R,field_out,False,False,210.0,0.311,38.0,18.1,26.0,12.38,0.865,0.14700000000000002,18.77,8.68,14.27,22.95,22.43,13.5,375.0,0.229,68.0,18.13,37.0,9.87,0.6559999999999999,0.1159999999999999,21.66,10.43,14.17,24.61,26.12,14.59,131.0,0.289,28.0,21.37,17.0,12.98,0.917,0.24600000000000005,20.58,9.28,17.07,26.35,20.77,16.57,124.0,0.239,28.0,22.58,14.0,11.29,0.784,0.22,17.35,7.63,16.87,24.5,22.09,20.59
745401,2024-06-21,2024,630105,L,669060,R,single,False,False,212.0,0.271,36.0,16.98,16.0,7.55,0.8380000000000001,0.23399999999999999,17.71,8.26,17.09,25.35,23.77,13.64,367.0,0.23,59.0,16.08,36.0,9.81,0.7,0.154,14.92,6.99,16.69,23.68,24.61,14.08,131.0,0.289,28.0,21.37,17.0,12.98,0.917,0.24600000000000005,20.58,9.28,17.07,26.35,20.77,16.57,124.0,0.239,28.0,22.58,14.0,11.29,0.784,0.22,17.35,7.63,16.87,24.5,22.09,20.59
745401,2024-06-21,2024,592518,R,669060,R,single,False,False,195.0,0.266,44.0,22.56,10.0,5.13,0.6679999999999999,0.09799999999999998,25.53,12.82,14.69,27.5,28.25,20.0,452.0,0.241,83.0,18.36,36.0,7.96,0.747,0.205,24.68,12.42,14.05,26.47,29.58,16.9,158.0,0.201,27.0,17.09,9.0,5.7,0.585,0.118,22.22,10.62,18.13,28.75,25.62,19.42,190.0,0.194,33.0,17.37,8.0,4.21,0.5609999999999999,0.132,19.19,10.0,15.76,25.76,30.57,18.33
745401,2024-06-21,2024,701538,L,657649,L,field_out,False,False,84.0,0.215,9.0,10.71,4.0,4.76,0.63,0.165,16.56,8.55,13.82,22.37,29.8,10.59,,,,,,,,,,,,,,,53.0,0.22,8.0,15.09,2.0,3.77,0.53,0.060000000000000026,19.15,9.78,20.11,29.89,34.72,13.11,,,,,,,,,,,,,,
745401,2024-06-21,2024,656555,R,670970,L,strikeout,True,False,40.0,0.152,8.0,20.0,4.0,10.0,0.492,0.09,26.92,12.35,18.24,30.59,28.21,14.04,,,,,,,,,,,,,,,74.0,0.275,17.0,22.97,5.0,6.76,0.73,0.131,30.87,16.97,12.92,29.89,39.85,20.99,26.0,0.435,3.0,11.54,3.0,11.54,1.152,0.217,15.0,6.38,15.96,22.34,15.22,15.79
745401,2024-06-21,2024,672012,L,670970,L,field_out,False,False,4.0,0.5,0.0,0.0,0.0,0.0,1.25,0.25,11.11,6.67,13.33,20.0,42.86,0.0,,,,,,,,,,,,,,,50.0,0.156,18.0,36.0,3.0,6.0,0.444,0.088,30.48,15.69,17.16,32.84,31.4,22.78,18.0,0.267,5.0,27.78,2.0,11.11,0.753,0.133,20.0,8.82,19.12,27.94,20.0,23.81
745401,2024-06-21,2024,687401,R,670970,L,strikeout,True,False,71.0,0.211,17.0,23.94,11.0,15.49,0.716,0.157,21.19,8.42,19.53,27.95,20.39,23.29,21.0,0.3,6.0,28.57,0.0,0.0,0.586,0.0,26.32,13.33,25.33,38.67,40.0,24.0,74.0,0.275,17.0,22.97,5.0,6.76,0.73,0.131,30.87,16.97,12.92,29.89,39.85,20.99,26.0,0.435,3.0,11.54,3.0,11.54,1.152,0.217,15.0,6.38,15.96,22.34,15.22,15.79
745401,2024-06-21,2024,444482,L,657649,L,field_out,False,False,7.0,0.4,1.0,14.29,0.0,0.0,1.1709999999999998,0.19999999999999996,0.0,0.0,30.77,30.77,15.38,12.5,36.0,0.314,9.0,25.0,1.0,2.78,0.676,0.029,26.87,14.88,14.05,28.93,41.07,25.0,53.0,0.22,8.0,15.09,2.0,3.77,0.53,0.060000000000000026,19.15,9.78,20.11,29.89,34.72,13.11,,,,,,,,,,,,,,
745401,2024-06-21,2024,669134,R,657649,L,strikeout,True,False,55.0,0.077,7.0,12.73,3.0,5.45,0.281,0.077,17.71,8.81,15.03,23.83,31.63,15.91,47.0,0.405,7.0,14.89,3.0,6.38,1.114,0.262,21.88,11.54,12.09,23.63,36.79,11.67,83.0,0.187,20.0,24.1,4.0,4.82,0.5489999999999999,0.10599999999999998,23.66,10.69,19.66,30.34,27.13,28.17,,,,,,,,,,,,,,
745401,2024-06-21,2024,673490,R,657649,L,field_out,False,False,93.0,0.188,14.0,15.05,12.0,12.9,0.631,0.15000000000000002,14.47,5.6,22.39,27.99,16.48,12.39,191.0,0.302,30.0,15.71,20.0,10.47,0.897,0.219,15.84,6.63,22.21,28.83,23.47,11.49,83.0,0.187,20.0,24.1,4.0,4.82,0.5489999999999999,0.10599999999999998,23.66,10.69,19.66,30.34,27.13,28.17,,,,,,,,,,,,,,
745401,2024-06-21,2024,663368,R,673513,L,field_out,False,False,60.0,0.208,13.0,21.67,7.0,11.67,0.602,0.094,26.04,10.46,22.18,32.64,22.03,25.49,58.0,0.192,13.0,22.41,6.0,10.34,0.603,0.135,20.48,7.2,25.0,32.2,14.41,24.53,83.0,0.152,16.0,19.28,15.0,18.07,0.5429999999999999,0.09,25.5,11.14,12.9,24.05,23.81,17.02,,,,,,,,,,,,,,
745401,2024-06-21,2024,668930,L,673513,L,single,False,False,46.0,0.244,9.0,19.57,5.0,10.87,0.643,0.07300000000000001,14.47,5.88,20.32,26.2,18.18,17.65,73.0,0.188,12.0,16.44,8.0,10.96,0.466,0.0,20.18,7.94,23.47,31.41,18.75,17.39,46.0,0.243,10.0,21.74,6.0,13.04,0.665,0.08100000000000002,31.25,15.08,13.07,28.14,31.73,15.87,,,,,,,,,,,,,,
745401,2024-06-21,2024,661388,R,673513,L,walk,False,True,78.0,0.296,18.0,23.08,5.0,6.41,0.6990000000000001,0.07,28.66,14.29,13.97,28.25,30.06,19.78,177.0,0.357,32.0,18.08,21.0,11.86,1.087,0.292,28.8,12.96,16.38,29.34,24.36,16.24,83.0,0.152,16.0,19.28,15.0,18.07,0.5429999999999999,0.09,25.5,11.14,12.9,24.05,23.81,17.02,,,,,,,,,,,,,,
745401,2024-06-21,2024,592885,L,673513,L,field_out,False,False,68.0,0.344,14.0,20.59,6.0,8.82,0.9530000000000001,0.19700000000000006,25.66,11.79,16.67,28.46,27.34,21.21,159.0,0.234,37.0,23.27,14.0,8.81,0.633,0.097,26.17,13.04,15.53,28.57,28.16,18.32,46.0,0.243,10.0,21.74,6.0,13.04,0.665,0.08100000000000002,31.25,15.08,13.07,28.14,31.73,15.87,,,,,,,,,,,,,,
745401,2024-06-21,2024,642715,R,673513,L,walk,False,True,78.0,0.188,14.0,17.95,13.0,16.67,0.665,0.15599999999999997,27.13,11.71,13.71,25.42,20.48,19.18,160.0,0.231,48.0,30.0,24.0,15.0,0.762,0.1789999999999999,26.61,12.38,15.79,28.17,29.47,20.17,83.0,0.152,16.0,19.28,15.0,18.07,0.5429999999999999,0.09,25.5,11.14,12.9,24.05,23.81,17.02,,,,,,,,,,,,,,
745401,2024-06-21,2024,596142,R,593974,L,strikeout,True,False,55.0,0.22,14.0,25.45,4.0,7.27,0.7709999999999999,0.26,29.29,13.36,21.2,34.56,26.67,20.59,79.0,0.267,18.0,22.78,4.0,5.06,0.984,0.413,25.18,10.61,22.12,32.73,24.07,18.18,82.0,0.219,10.0,12.2,7.0,8.54,0.69,0.17800000000000002,19.62,9.57,12.96,22.53,34.38,10.64,130.0,0.229,27.0,20.77,20.0,15.38,0.758,0.175,32.0,14.15,13.75,27.9,29.08,20.3
745401,2024-06-21,2024,650333,L,571948,L,strikeout,True,False,141.0,0.273,14.0,9.93,5.0,3.55,0.622,0.02999999999999997,12.5,5.93,20.16,26.09,34.29,10.61,138.0,0.326,17.0,12.32,4.0,2.9,0.76,0.0909999999999999,12.5,6.61,16.32,22.93,33.48,12.88,62.0,0.276,14.0,22.58,1.0,1.61,0.6799999999999999,0.121,15.24,6.78,21.19,27.97,32.77,18.42,121.0,0.155,27.0,22.31,8.0,6.61,0.45,0.072,20.1,8.44,23.05,31.48,32.82,16.77
745401,2024-06-21,2024,665487,R,571948,L,single,False,False,109.0,0.236,27.0,24.77,18.0,16.51,0.6910000000000001,0.07900000000000001,26.32,10.99,16.04,27.03,20.5,17.53,146.0,0.305,27.0,18.49,16.0,10.96,0.915,0.226,26.9,13.07,10.55,23.62,26.91,14.44,84.0,0.236,21.0,25.0,8.0,9.52,0.6799999999999999,0.139,20.47,7.83,22.59,30.42,19.74,20.19,131.0,0.256,32.0,24.43,5.0,3.82,0.6819999999999999,0.144,21.12,9.06,21.44,30.5,26.81,18.82
745401,2024-06-21,2024,595777,R,571948,L,double,False,False,97.0,0.349,8.0,8.25,13.0,13.4,0.992,0.20500000000000007,15.15,6.56,16.27,22.83,23.4,6.54,147.0,0.275,22.0,14.97,13.0,8.84,0.774,0.1519999999999999,15.44,6.84,17.44,24.27,22.81,13.33,84.0,0.236,21.0,25.0,8.0,9.52,0.6799999999999999,0.139,20.47,7.83,22.59,30.42,19.74,20.19,131.0,0.256,32.0,24.43,5.0,3.82,0.6819999999999999,0.144,21.12,9.06,21.44,30.5,26.81,18.82
745401,2024-06-21,2024,630105,L,571948,L,field_out,False,False,99.0,0.193,18.0,18.18,8.0,8.08,0.546,0.08000000000000002,17.02,7.84,14.95,22.79,20.51,14.06,156.0,0.229,38.0,24.36,10.0,6.41,0.665,0.1349999999999999,18.48,9.0,20.1,29.1,30.82,17.84,62.0,0.276,14.0,22.58,1.0,1.61,0.6799999999999999,0.121,15.24,6.78,21.19,27.97,32.77,18.42,121.0,0.155,27.0,22.31,8.0,6.61,0.45,0.072,20.1,8.44,23.05,31.48,32.82,16.77
745401,2024-06-21,2024,592518,R,571948,L,intent_walk,False,True,87.0,0.231,20.0,22.99,9.0,10.34,0.6950000000000001,0.154,30.41,14.15,14.47,28.62,26.25,22.09,150.0,0.308,26.0,17.33,14.0,9.33,0.887,0.203,21.32,9.67,16.52,26.19,28.38,16.56,84.0,0.236,21.0,25.0,8.0,9.52,0.6799999999999999,0.139,20.47,7.83,22.59,30.42,19.74,20.19,131.0,0.256,32.0,24.43,5.0,3.82,0.6819999999999999,0.144,21.12,9.06,21.44,30.5,26.81,18.82
745401,2024-06-21,2024,701538,L,571948,L,field_out,False,False,84.0,0.215,9.0,10.71,4.0,4.76,0.63,0.165,16.56,8.55,13.82,22.37,29.8,10.59,,,,,,,,,,,,,,,62.0,0.276,14.0,22.58,1.0,1.61,0.6799999999999999,0.121,15.24,6.78,21.19,27.97,32.77,18.42,121.0,0.155,27.0,22.31,8.0,6.61,0.45,0.072,20.1,8.44,23.05,31.48,32.82,16.77
745401,2024-06-21,2024,656555,R,593974,L,field_out,False,False,40.0,0.152,8.0,20.0,4.0,10.0,0.492,0.09,26.92,12.35,18.24,30.59,28.21,14.04,,,,,,,,,,,,,,,82.0,0.219,10.0,12.2,7.0,8.54,0.69,0.17800000000000002,19.62,9.57,12.96,22.53,34.38,10.64,130.0,0.229,27.0,20.77,20.0,15.38,0.758,0.175,32.0,14.15,13.75,27.9,29.08,20.3
745401,2024-06-21,2024,655316,R,593974,L,field_out,False,False,30.0,0.115,7.0,23.33,4.0,13.33,0.464,0.116,23.08,8.39,24.48,32.87,16.46,12.96,93.0,0.291,19.0,20.43,12.0,12.9,0.779,0.101,20.0,8.4,19.75,28.15,26.29,15.32,82.0,0.219,10.0,12.2,7.0,8.54,0.69,0.17800000000000002,19.62,9.57,12.96,22.53,34.38,10.64,130.0,0.229,27.0,20.77,20.0,15.38,0.758,0.175,32.0,14.15,13.75,27.9,29.08,20.3
745401,2024-06-21,2024,687401,R,593974,L,walk,False,True,71.0,0.211,17.0,23.94,11.0,15.49,0.716,0.157,21.19,8.42,19.53,27.95,20.39,23.29,21.0,0.3,6.0,28.57,0.0,0.0,0.586,0.0,26.32,13.33,25.33,38.67,40.0,24.0,82.0,0.219,10.0,12.2,7.0,8.54,0.69,0.17800000000000002,19.62,9.57,12.96,22.53,34.38,10.64,130.0,0.229,27.0,20.77,20.0,15.38,0.758,0.175,32.0,14.15,13.75,27.9,29.08,20.3
745401,2024-06-21,2024,663368,R,593974,L,walk,False,True,60.0,0.208,13.0,21.67,7.0,11.67,0.602,0.094,26.04,10.46,22.18,32.64,22.03,25.49,58.0,0.192,13.0,22.41,6.0,10.34,0.603,0.135,20.48,7.2,25.0,32.2,14.41,24.53,82.0,0.219,10.0,12.2,7.0,8.54,0.69,0.17800000000000002,19.62,9.57,12.96,22.53,34.38,10.64,130.0,0.229,27.0,20.77,20.0,15.38,0.758,0.175,32.0,14.15,13.75,27.9,29.08,20.3
745401,2024-06-21,2024,668930,L,593974,L,single,False,False,46.0,0.244,9.0,19.57,5.0,10.87,0.643,0.07300000000000001,14.47,5.88,20.32,26.2,18.18,17.65,73.0,0.188,12.0,16.44,8.0,10.96,0.466,0.0,20.18,7.94,23.47,31.41,18.75,17.39,35.0,0.323,7.0,20.0,2.0,5.71,0.8520000000000001,0.129,21.82,10.0,14.17,24.17,27.12,25.93,97.0,0.138,24.0,24.74,10.0,10.31,0.483,0.0739999999999999,26.88,13.4,11.26,24.66,37.04,21.24
745401,2024-06-21,2024,661388,R,660853,R,force_out,False,False,251.0,0.301,45.0,17.93,23.0,9.16,0.853,0.181,29.09,13.72,14.15,27.87,24.9,17.44,434.0,0.262,94.0,21.66,42.0,9.68,0.72,0.119,27.61,11.63,19.55,31.17,24.86,18.08,85.0,0.238,28.0,32.94,4.0,4.71,0.72,0.2,32.99,18.71,14.62,33.33,30.99,21.88,143.0,0.171,44.0,30.77,10.0,6.99,0.516,0.093,35.46,18.12,15.04,33.15,32.74,25.88
745401,2024-06-21,2024,444482,L,687134,R,field_out,False,False,46.0,0.2,10.0,21.74,5.0,10.87,0.514,0.024999999999999994,26.17,14.81,10.05,24.87,38.3,12.16,387.0,0.253,63.0,16.28,19.0,4.91,0.6739999999999999,0.131,22.16,12.01,13.06,25.07,33.57,15.04,2.0,0.0,0.0,0.0,0.0,0.0,0.0,0.0,0.0,0.0,20.0,20.0,50.0,0.0,,,,,,,,,,,,,,
745401,2024-06-21,2024,669134,R,687134,R,field_out,False,False,155.0,0.287,22.0,14.19,11.0,7.1,0.776,0.15400000000000003,20.61,10.8,15.6,26.4,33.05,18.49,127.0,0.289,14.0,11.02,4.0,3.15,0.753,0.141,16.53,9.26,14.96,24.23,34.76,11.97,2.0,0.0,0.0,0.0,1.0,50.0,0.5,0.0,0.0,0.0,15.38,15.38,12.5,0.0,,,,,,,,,,,,,,
745401,2024-06-21,2024,673490,R,687134,R,walk,False,True,202.0,0.235,34.0,16.83,30.0,14.85,0.7629999999999999,0.177,17.26,6.15,24.36,30.51,17.73,12.01,435.0,0.241,94.0,21.61,55.0,12.64,0.681,0.1,18.8,7.03,23.65,30.68,19.23,15.59,2.0,0.0,0.0,0.0,1.0,50.0,0.5,0.0,0.0,0.0,15.38,15.38,12.5,0.0,,,,,,,,,,,,,,
745401,2024-06-21,2024,650333,L,687134,R,field_out,False,False,196.0,0.346,5.0,2.55,8.0,4.08,0.806,0.08600000000000002,6.1,2.95,19.24,22.19,33.7,2.94,479.0,0.362,17.0,3.55,31.0,6.47,0.891,0.122,6.51,3.2,16.58,19.78,31.29,4.11,2.0,0.0,0.0,0.0,0.0,0.0,0.0,0.0,0.0,0.0,20.0,20.0,50.0,0.0,,,,,,,,,,,,,,
745401,2024-06-21,2024,592885,L,669093,R,walk,False,True,142.0,0.311,28.0,19.72,18.0,12.68,0.881,0.173,21.51,9.79,13.06,22.85,24.44,15.14,473.0,0.294,103.0,21.78,64.0,13.53,0.882,0.195,26.99,11.53,15.4,26.93,23.89,19.07,40.0,0.229,17.0,42.5,4.0,10.0,0.671,0.142,39.74,19.62,14.56,34.18,31.25,35.42,22.0,0.235,4.0,18.18,5.0,22.73,0.762,0.118,19.51,9.09,13.64,22.73,23.08,12.9
745401,2024-06-21,2024,642715,R,669093,R,strikeout,True,False,249.0,0.26,55.0,22.09,27.0,10.84,0.813,0.20999999999999996,28.96,13.87,14.68,28.54,26.32,18.21,480.0,0.212,117.0,24.38,47.0,9.79,0.702,0.194,32.44,16.53,12.85,29.38,32.69,19.28,61.0,0.196,29.0,47.54,4.0,6.56,0.585,0.14300000000000002,43.2,21.69,13.25,34.94,33.33,39.19,34.0,0.308,9.0,26.47,7.0,20.59,1.21,0.461,27.4,12.99,12.34,25.32,24.05,17.65
745401,2024-06-21,2024,641343,L,669093,R,single,False,False,157.0,0.209,56.0,35.67,14.0,8.92,0.6759999999999999,0.17200000000000001,30.24,13.79,18.65,32.45,22.41,27.45,244.0,0.205,83.0,34.02,26.0,10.66,0.72,0.228,32.78,14.71,16.21,30.93,23.65,23.92,40.0,0.229,17.0,42.5,4.0,10.0,0.671,0.142,39.74,19.62,14.56,34.18,31.25,35.42,22.0,0.235,4.0,18.18,5.0,22.73,0.762,0.118,19.51,9.09,13.64,22.73,23.08,12.9
745401,2024-06-21,2024,656555,R,669093,R,double,False,False,180.0,0.236,46.0,25.56,19.0,10.56,0.782,0.21600000000000003,25.47,10.29,21.08,31.37,21.85,18.25,,,,,,,,,,,,,,,61.0,0.196,29.0,47.54,4.0,6.56,0.585,0.14300000000000002,43.2,21.69,13.25,34.94,33.33,39.19,34.0,0.308,9.0,26.47,7.0,20.59,1.21,0.461,27.4,12.99,12.34,25.32,24.05,17.65
745401,2024-06-21,2024,655316,R,669093,R,strikeout,True,False,14.0,0.167,4.0,28.57,2.0,14.29,0.536,0.08299999999999999,35.71,15.15,15.15,30.3,21.88,16.0,222.0,0.246,47.0,21.17,16.0,7.21,0.636,0.084,22.47,9.47,20.0,29.47,20.54,16.43,61.0,0.196,29.0,47.54,4.0,6.56,0.585,0.14300000000000002,43.2,21.69,13.25,34.94,33.33,39.19,34.0,0.308,9.0,26.47,7.0,20.59,1.21,0.461,27.4,12.99,12.34,25.32,24.05,17.65
745401,2024-06-21,2024,687401,R,669093,R,strikeout,True,False,162.0,0.299,20.0,12.35,22.0,13.58,0.884,0.19,15.75,6.19,21.52,27.71,22.74,10.81,13.0,0.077,3.0,23.08,0.0,0.0,0.2309999999999999,0.077,15.79,8.11,21.62,29.73,26.67,33.33,61.0,0.196,29.0,47.54,4.0,6.56,0.585,0.14300000000000002,43.2,21.69,13.25,34.94,33.33,39.19,34.0,0.308,9.0,26.47,7.0,20.59,1.21,0.461,27.4,12.99,12.34,25.32,24.05,17.65
745401,2024-06-21,2024,665487,R,606303,R,strikeout,True,False,224.0,0.295,43.0,19.2,11.0,4.91,0.873,0.24300000000000005,27.18,14.8,11.23,26.02,30.54,22.75,489.0,0.244,114.0,23.31,37.0,7.57,0.728,0.181,31.62,17.66,8.94,26.61,34.25,23.98,55.0,0.196,11.0,20.0,2.0,3.64,0.5349999999999999,0.09799999999999998,23.23,11.06,17.31,28.37,27.84,19.64,172.0,0.214,44.0,25.58,12.0,6.98,0.587,0.091,27.46,11.27,19.65,30.92,25.96,22.05
745401,2024-06-21,2024,595777,L,606303,R,strikeout,True,False,210.0,0.311,38.0,18.1,26.0,12.38,0.865,0.14700000000000002,18.77,8.68,14.27,22.95,22.43,13.5,375.0,0.229,68.0,18.13,37.0,9.87,0.6559999999999999,0.1159999999999999,21.66,10.43,14.17,24.61,26.12,14.59,54.0,0.26,13.0,24.07,4.0,7.41,0.7949999999999999,0.21999999999999997,27.1,13.36,16.13,29.49,29.91,19.12,116.0,0.226,33.0,28.45,5.0,4.31,0.668,0.17,26.21,12.44,17.97,30.41,25.0,26.19
745401,2024-06-21,2024,630105,L,606303,R,home_run,False,False,212.0,0.271,36.0,16.98,16.0,7.55,0.8380000000000001,0.23399999999999999,17.71,8.26,17.09,25.35,23.77,13.64,367.0,0.23,59.0,16.08,36.0,9.81,0.7,0.154,14.92,6.99,16.69,23.68,24.61,14.08,54.0,0.26,13.0,24.07,4.0,7.41,0.7949999999999999,0.21999999999999997,27.1,13.36,16.13,29.49,29.91,19.12,116.0,0.226,33.0,28.45,5.0,4.31,0.668,0.17,26.21,12.44,17.97,30.41,25.0,26.19
746861,2024-06-21,2024,596019,R,684007,L,double,False,False,80.0,0.278,5.0,6.25,5.0,6.25,0.85,0.22199999999999998,14.71,6.8,16.67,23.47,22.45,7.69,204.0,0.281,35.0,17.16,15.0,7.35,0.916,0.2919999999999999,20.49,9.45,15.99,25.44,24.88,16.36,234.0,0.222,60.0,25.64,11.0,4.7,0.5960000000000001,0.11300000000000002,30.93,16.93,11.63,28.56,34.09,22.99,,,,,,,,,,,,,,
746861,2024-06-21,2024,607043,L,684007,L,walk,False,True,82.0,0.24,19.0,23.17,2.0,2.44,0.718,0.173,29.93,13.4,19.61,33.01,32.08,22.62,236.0,0.286,48.0,20.34,14.0,5.93,0.749,0.118,24.0,10.48,21.38,31.86,21.45,15.14,68.0,0.221,18.0,26.47,0.0,0.0,0.5,0.058000000000000024,24.82,14.34,13.11,27.46,39.47,21.69,,,,,,,,,,,,,,
746861,2024-06-21,2024,502110,R,684007,L,home_run,False,False,59.0,0.333,11.0,18.64,9.0,15.25,1.02,0.22900000000000004,23.58,11.15,11.92,23.08,29.14,12.79,137.0,0.274,43.0,31.39,13.0,9.49,0.924,0.3069999999999999,30.91,15.57,13.74,29.3,29.27,23.5,234.0,0.222,60.0,25.64,11.0,4.7,0.5960000000000001,0.11300000000000002,30.93,16.93,11.63,28.56,34.09,22.99,,,,,,,,,,,,,,
746861,2024-06-21,2024,624413,R,684007,L,strikeout,True,False,83.0,0.205,18.0,21.69,7.0,8.43,0.794,0.28800000000000003,21.29,9.76,15.68,25.44,27.75,17.65,183.0,0.224,42.0,22.95,21.0,11.48,0.859,0.302,25.52,11.15,17.51,28.66,27.34,16.87,234.0,0.222,60.0,25.64,11.0,4.7,0.5960000000000001,0.11300000000000002,30.93,16.93,11.63,28.56,34.09,22.99,,,,,,,,,,,,,,
746861,2024-06-21,2024,516782,R,684007,L,field_out,False,False,74.0,0.328,17.0,22.97,6.0,8.11,0.914,0.194,29.87,15.18,13.53,28.71,29.14,15.6,96.0,0.273,18.0,18.75,5.0,5.21,0.66,0.068,25.99,13.29,13.87,27.17,35.98,20.22,234.0,0.222,60.0,25.64,11.0,4.7,0.5960000000000001,0.11300000000000002,30.93,16.93,11.63,28.56,34.09,22.99,,,,,,,,,,,,,,
746861,2024-06-21,2024,668901,R,684007,L,field_out,False,False,50.0,0.356,9.0,18.0,5.0,10.0,1.087,0.31100000000000005,27.37,14.94,10.92,25.86,31.58,21.43,88.0,0.214,30.0,34.09,2.0,2.27,0.584,0.1309999999999999,40.66,21.26,14.94,36.21,36.02,26.79,234.0,0.222,60.0,25.64,11.0,4.7,0.5960000000000001,0.11300000000000002,30.93,16.93,11.63,28.56,34.09,22.99,,,,,,,,,,,,,,
746861,2024-06-21,2024,663538,R,500779,L,walk,False,True,51.0,0.267,6.0,11.76,5.0,9.8,0.6859999999999999,0.066,16.28,7.78,17.78,25.56,35.71,13.04,180.0,0.306,20.0,11.11,9.0,5.0,0.756,0.1059999999999999,10.25,4.9,18.57,23.48,32.13,11.7,244.0,0.27,39.0,15.98,22.0,9.02,0.7809999999999999,0.16299999999999998,19.95,8.45,15.95,24.4,25.18,14.44,263.0,0.268,50.0,19.01,22.0,8.37,0.685,0.0889999999999999,22.49,10.13,16.62,26.75,30.68,16.23
746861,2024-06-21,2024,673548,R,500779,L,fielders_choice,False,False,59.0,0.235,11.0,18.64,8.0,13.56,0.77,0.196,20.83,8.13,21.14,29.27,17.95,13.75,168.0,0.306,28.0,16.67,18.0,10.71,0.852,0.1659999999999999,13.89,5.59,20.11,25.7,20.92,12.39,244.0,0.27,39.0,15.98,22.0,9.02,0.7809999999999999,0.16299999999999998,19.95,8.45,15.95,24.4,25.18,14.44,263.0,0.268,50.0,19.01,22.0,8.37,0.685,0.0889999999999999,22.49,10.13,16.62,26.75,30.68,16.23
746861,2024-06-21,2024,641355,L,500779,L,single,False,False,78.0,0.342,9.0,11.54,1.0,1.28,0.82,0.13199999999999995,20.45,11.07,17.62,28.69,37.0,14.75,183.0,0.337,29.0,15.85,13.0,7.1,0.984,0.2589999999999999,20.0,9.84,17.49,27.32,33.33,11.98,69.0,0.246,11.0,15.94,3.0,4.35,0.8170000000000001,0.29200000000000004,15.79,7.38,16.39,23.77,26.67,16.92,57.0,0.222,10.0,17.54,2.0,3.51,0.639,0.167,17.82,8.41,17.76,26.17,27.55,14.29
746861,2024-06-21,2024,666624,R,500779,L,grounded_into_double_play,False,False,72.0,0.19,14.0,19.44,9.0,12.5,0.716,0.20700000000000002,26.72,12.16,14.12,26.27,25.0,19.18,101.0,0.25,28.0,27.72,9.0,8.91,0.893,0.3259999999999999,32.8,15.98,13.4,29.38,27.23,25.23,244.0,0.27,39.0,15.98,22.0,9.02,0.7809999999999999,0.16299999999999998,19.95,8.45,15.95,24.4,25.18,14.44,263.0,0.268,50.0,19.01,22.0,8.37,0.685,0.0889999999999999,22.49,10.13,16.62,26.75,30.68,16.23
746861,2024-06-21,2024,664023,R,500779,L,strikeout,True,False,67.0,0.25,14.0,20.9,5.0,7.46,0.768,0.2,29.1,15.29,13.33,28.63,27.12,16.28,191.0,0.225,44.0,23.04,19.0,9.95,0.694,0.16,24.04,11.18,15.63,26.81,29.29,17.32,244.0,0.27,39.0,15.98,22.0,9.02,0.7809999999999999,0.16299999999999998,19.95,8.45,15.95,24.4,25.18,14.44,263.0,0.268,50.0,19.01,22.0,8.37,0.685,0.0889999999999999,22.49,10.13,16.62,26.75,30.68,16.23
746861,2024-06-21,2024,682626,R,684007,L,home_run,False,False,27.0,0.25,5.0,18.52,3.0,11.11,0.708,0.125,18.6,7.69,18.27,25.96,22.64,17.24,148.0,0.171,37.0,25.0,17.0,11.49,0.611,0.17,31.2,13.76,14.26,28.03,23.72,22.7,234.0,0.222,60.0,25.64,11.0,4.7,0.5960000000000001,0.11300000000000002,30.93,16.93,11.63,28.56,34.09,22.99,,,,,,,,,,,,,,
746861,2024-06-21,2024,578428,R,684007,L,single,False,False,20.0,0.444,4.0,20.0,1.0,5.0,1.056,0.11200000000000004,28.57,15.15,15.15,30.3,43.33,23.53,,,,,,,,,,,,,,,234.0,0.222,60.0,25.64,11.0,4.7,0.5960000000000001,0.11300000000000002,30.93,16.93,11.63,28.56,34.09,22.99,,,,,,,,,,,,,,
746861,2024-06-21,2024,664056,R,684007,L,field_out,False,False,77.0,0.217,13.0,16.88,6.0,7.79,0.635,0.145,23.02,11.0,17.87,28.87,36.84,17.11,97.0,0.299,14.0,14.43,8.0,8.25,0.936,0.2759999999999999,23.49,10.71,18.68,29.4,31.94,16.67,234.0,0.222,60.0,25.64,11.0,4.7,0.5960000000000001,0.11300000000000002,30.93,16.93,11.63,28.56,34.09,22.99,,,,,,,,,,,,,,
746861,2024-06-21,2024,596019,R,684007,L,field_out,False,False,80.0,0.278,5.0,6.25,5.0,6.25,0.85,0.22199999999999998,14.71,6.8,16.67,23.47,22.45,7.69,204.0,0.281,35.0,17.16,15.0,7.35,0.916,0.2919999999999999,20.49,9.45,15.99,25.44,24.88,16.36,234.0,0.222,60.0,25.64,11.0,4.7,0.5960000000000001,0.11300000000000002,30.93,16.93,11.63,28.56,34.09,22.99,,,,,,,,,,,,,,
746861,2024-06-21,2024,607043,L,684007,L,home_run,False,False,82.0,0.24,19.0,23.17,2.0,2.44,0.718,0.173,29.93,13.4,19.61,33.01,32.08,22.62,236.0,0.286,48.0,20.34,14.0,5.93,0.749,0.118,24.0,10.48,21.38,31.86,21.45,15.14,68.0,0.221,18.0,26.47,0.0,0.0,0.5,0.058000000000000024,24.82,14.34,13.11,27.46,39.47,21.69,,,,,,,,,,,,,,
746861,2024-06-21,2024,502110,R,684007,L,strikeout,True,False,59.0,0.333,11.0,18.64,9.0,15.25,1.02,0.22900000000000004,23.58,11.15,11.92,23.08,29.14,12.79,137.0,0.274,43.0,31.39,13.0,9.49,0.924,0.3069999999999999,30.91,15.57,13.74,29.3,29.27,23.5,234.0,0.222,60.0,25.64,11.0,4.7,0.5960000000000001,0.11300000000000002,30.93,16.93,11.63,28.56,34.09,22.99,,,,,,,,,,,,,,
746861,2024-06-21,2024,621550,R,500779,L,strikeout,True,False,48.0,0.25,15.0,31.25,4.0,8.33,0.854,0.25,29.29,14.01,14.01,28.02,23.53,22.39,131.0,0.217,47.0,35.88,10.0,7.63,0.769,0.275,32.94,15.47,14.92,30.39,23.55,28.83,244.0,0.27,39.0,15.98,22.0,9.02,0.7809999999999999,0.16299999999999998,19.95,8.45,15.95,24.4,25.18,14.44,263.0,0.268,50.0,19.01,22.0,8.37,0.685,0.0889999999999999,22.49,10.13,16.62,26.75,30.68,16.23
746861,2024-06-21,2024,621020,R,500779,L,strikeout,True,False,51.0,0.227,11.0,21.57,6.0,11.76,0.765,0.205,26.67,12.12,12.12,24.24,19.39,23.4,161.0,0.245,43.0,26.71,17.0,10.56,0.771,0.203,30.48,14.79,13.87,28.66,24.48,20.28,244.0,0.27,39.0,15.98,22.0,9.02,0.7809999999999999,0.16299999999999998,19.95,8.45,15.95,24.4,25.18,14.44,263.0,0.268,50.0,19.01,22.0,8.37,0.685,0.0889999999999999,22.49,10.13,16.62,26.75,30.68,16.23
746861,2024-06-21,2024,623520,R,500779,L,strikeout,True,False,9.0,0.222,2.0,22.22,0.0,0.0,0.555,0.11100000000000002,33.33,19.23,15.38,34.62,33.33,25.0,,,,,,,,,,,,,,,244.0,0.27,39.0,15.98,22.0,9.02,0.7809999999999999,0.16299999999999998,19.95,8.45,15.95,24.4,25.18,14.44,263.0,0.268,50.0,19.01,22.0,8.37,0.685,0.0889999999999999,22.49,10.13,16.62,26.75,30.68,16.23
746861,2024-06-21,2024,624413,R,684007,L,double,False,False,83.0,0.205,18.0,21.69,7.0,8.43,0.794,0.28800000000000003,21.29,9.76,15.68,25.44,27.75,17.65,183.0,0.224,42.0,22.95,21.0,11.48,0.859,0.302,25.52,11.15,17.51,28.66,27.34,16.87,234.0,0.222,60.0,25.64,11.0,4.7,0.5960000000000001,0.11300000000000002,30.93,16.93,11.63,28.56,34.09,22.99,,,,,,,,,,,,,,
746861,2024-06-21,2024,516782,R,684007,L,single,False,False,74.0,0.328,17.0,22.97,6.0,8.11,0.914,0.194,29.87,15.18,13.53,28.71,29.14,15.6,96.0,0.273,18.0,18.75,5.0,5.21,0.66,0.068,25.99,13.29,13.87,27.17,35.98,20.22,234.0,0.222,60.0,25.64,11.0,4.7,0.5960000000000001,0.11300000000000002,30.93,16.93,11.63,28.56,34.09,22.99,,,,,,,,,,,,,,
746861,2024-06-21,2024,668901,R,684007,L,fielders_choice_out,False,False,50.0,0.356,9.0,18.0,5.0,10.0,1.087,0.31100000000000005,27.37,14.94,10.92,25.86,31.58,21.43,88.0,0.214,30.0,34.09,2.0,2.27,0.584,0.1309999999999999,40.66,21.26,14.94,36.21,36.02,26.79,234.0,0.222,60.0,25.64,11.0,4.7,0.5960000000000001,0.11300000000000002,30.93,16.93,11.63,28.56,34.09,22.99,,,,,,,,,,,,,,
746861,2024-06-21,2024,682626,R,684007,L,strikeout,True,False,27.0,0.25,5.0,18.52,3.0,11.11,0.708,0.125,18.6,7.69,18.27,25.96,22.64,17.24,148.0,0.171,37.0,25.0,17.0,11.49,0.611,0.17,31.2,13.76,14.26,28.03,23.72,22.7,234.0,0.222,60.0,25.64,11.0,4.7,0.5960000000000001,0.11300000000000002,30.93,16.93,11.63,28.56,34.09,22.99,,,,,,,,,,,,,,
746861,2024-06-21,2024,578428,R,684007,L,single,False,False,20.0,0.444,4.0,20.0,1.0,5.0,1.056,0.11200000000000004,28.57,15.15,15.15,30.3,43.33,23.53,,,,,,,,,,,,,,,234.0,0.222,60.0,25.64,11.0,4.7,0.5960000000000001,0.11300000000000002,30.93,16.93,11.63,28.56,34.09,22.99,,,,,,,,,,,,,,
746861,2024-06-21,2024,664056,R,684007,L,force_out,False,False,77.0,0.217,13.0,16.88,6.0,7.79,0.635,0.145,23.02,11.0,17.87,28.87,36.84,17.11,97.0,0.299,14.0,14.43,8.0,8.25,0.936,0.2759999999999999,23.49,10.71,18.68,29.4,31.94,16.67,234.0,0.222,60.0,25.64,11.0,4.7,0.5960000000000001,0.11300000000000002,30.93,16.93,11.63,28.56,34.09,22.99,,,,,,,,,,,,,,
746861,2024-06-21,2024,665804,R,500779,L,field_out,False,False,43.0,0.125,9.0,20.93,1.0,2.33,0.368,0.1,17.72,9.21,15.79,25.0,26.09,20.0,64.0,0.25,16.0,25.0,5.0,7.81,0.701,0.1069999999999999,31.53,14.11,18.55,32.66,28.79,20.0,244.0,0.27,39.0,15.98,22.0,9.02,0.7809999999999999,0.16299999999999998,19.95,8.45,15.95,24.4,25.18,14.44,263.0,0.268,50.0,19.01,22.0,8.37,0.685,0.0889999999999999,22.49,10.13,16.62,26.75,30.68,16.23
746861,2024-06-21,2024,663538,R,500779,L,strikeout,True,False,51.0,0.267,6.0,11.76,5.0,9.8,0.6859999999999999,0.066,16.28,7.78,17.78,25.56,35.71,13.04,180.0,0.306,20.0,11.11,9.0,5.0,0.756,0.1059999999999999,10.25,4.9,18.57,23.48,32.13,11.7,244.0,0.27,39.0,15.98,22.0,9.02,0.7809999999999999,0.16299999999999998,19.95,8.45,15.95,24.4,25.18,14.44,263.0,0.268,50.0,19.01,22.0,8.37,0.685,0.0889999999999999,22.49,10.13,16.62,26.75,30.68,16.23
746861,2024-06-21,2024,673548,R,500779,L,hit_by_pitch,False,False,59.0,0.235,11.0,18.64,8.0,13.56,0.77,0.196,20.83,8.13,21.14,29.27,17.95,13.75,168.0,0.306,28.0,16.67,18.0,10.71,0.852,0.1659999999999999,13.89,5.59,20.11,25.7,20.92,12.39,244.0,0.27,39.0,15.98,22.0,9.02,0.7809999999999999,0.16299999999999998,19.95,8.45,15.95,24.4,25.18,14.44,263.0,0.268,50.0,19.01,22.0,8.37,0.685,0.0889999999999999,22.49,10.13,16.62,26.75,30.68,16.23
746861,2024-06-21,2024,641355,L,500779,L,double,False,False,78.0,0.342,9.0,11.54,1.0,1.28,0.82,0.13199999999999995,20.45,11.07,17.62,28.69,37.0,14.75,183.0,0.337,29.0,15.85,13.0,7.1,0.984,0.2589999999999999,20.0,9.84,17.49,27.32,33.33,11.98,69.0,0.246,11.0,15.94,3.0,4.35,0.8170000000000001,0.29200000000000004,15.79,7.38,16.39,23.77,26.67,16.92,57.0,0.222,10.0,17.54,2.0,3.51,0.639,0.167,17.82,8.41,17.76,26.17,27.55,14.29
746861,2024-06-21,2024,666624,R,500779,L,field_out,False,False,72.0,0.19,14.0,19.44,9.0,12.5,0.716,0.20700000000000002,26.72,12.16,14.12,26.27,25.0,19.18,101.0,0.25,28.0,27.72,9.0,8.91,0.893,0.3259999999999999,32.8,15.98,13.4,29.38,27.23,25.23,244.0,0.27,39.0,15.98,22.0,9.02,0.7809999999999999,0.16299999999999998,19.95,8.45,15.95,24.4,25.18,14.44,263.0,0.268,50.0,19.01,22.0,8.37,0.685,0.0889999999999999,22.49,10.13,16.62,26.75,30.68,16.23
746861,2024-06-21,2024,596019,R,684007,L,double,False,False,80.0,0.278,5.0,6.25,5.0,6.25,0.85,0.22199999999999998,14.71,6.8,16.67,23.47,22.45,7.69,204.0,0.281,35.0,17.16,15.0,7.35,0.916,0.2919999999999999,20.49,9.45,15.99,25.44,24.88,16.36,234.0,0.222,60.0,25.64,11.0,4.7,0.5960000000000001,0.11300000000000002,30.93,16.93,11.63,28.56,34.09,22.99,,,,,,,,,,,,,,
746861,2024-06-21,2024,607043,L,684007,L,single,False,False,82.0,0.24,19.0,23.17,2.0,2.44,0.718,0.173,29.93,13.4,19.61,33.01,32.08,22.62,236.0,0.286,48.0,20.34,14.0,5.93,0.749,0.118,24.0,10.48,21.38,31.86,21.45,15.14,68.0,0.221,18.0,26.47,0.0,0.0,0.5,0.058000000000000024,24.82,14.34,13.11,27.46,39.47,21.69,,,,,,,,,,,,,,
746861,2024-06-21,2024,502110,R,684007,L,single,False,False,59.0,0.333,11.0,18.64,9.0,15.25,1.02,0.22900000000000004,23.58,11.15,11.92,23.08,29.14,12.79,137.0,0.274,43.0,31.39,13.0,9.49,0.924,0.3069999999999999,30.91,15.57,13.74,29.3,29.27,23.5,234.0,0.222,60.0,25.64,11.0,4.7,0.5960000000000001,0.11300000000000002,30.93,16.93,11.63,28.56,34.09,22.99,,,,,,,,,,,,,,
746861,2024-06-21,2024,624413,R,669713,R,walk,False,True,236.0,0.256,47.0,19.92,21.0,8.9,0.7969999999999999,0.21299999999999997,23.02,10.32,19.31,29.63,29.05,17.9,475.0,0.214,109.0,22.95,44.0,9.26,0.8069999999999999,0.281,26.53,11.43,18.24,29.67,27.59,22.11,94.0,0.233,22.0,23.4,8.0,8.51,0.751,0.22,25.6,12.11,17.18,29.3,32.28,21.36,221.0,0.202,57.0,25.79,16.0,7.24,0.617,0.1459999999999999,29.02,12.78,18.23,31.01,30.33,23.27
746861,2024-06-21,2024,516782,R,669713,R,force_out,False,False,187.0,0.26,39.0,20.86,11.0,5.88,0.688,0.122,27.14,13.41,17.64,31.05,30.72,19.6,245.0,0.238,51.0,20.82,11.0,4.49,0.611,0.079,28.63,15.5,14.75,30.25,37.87,18.35,94.0,0.233,22.0,23.4,8.0,8.51,0.751,0.22,25.6,12.11,17.18,29.3,32.28,21.36,221.0,0.202,57.0,25.79,16.0,7.24,0.617,0.1459999999999999,29.02,12.78,18.23,31.01,30.33,23.27
746861,2024-06-21,2024,668901,R,669713,R,strikeout,True,False,66.0,0.267,16.0,24.24,5.0,7.58,0.751,0.16599999999999998,36.43,18.8,15.2,34.0,33.06,20.78,145.0,0.209,41.0,28.28,8.0,5.52,0.643,0.172,34.08,18.24,17.03,35.27,36.73,29.93,94.0,0.233,22.0,23.4,8.0,8.51,0.751,0.22,25.6,12.11,17.18,29.3,32.28,21.36,221.0,0.202,57.0,25.79,16.0,7.24,0.617,0.1459999999999999,29.02,12.78,18.23,31.01,30.33,23.27
746861,2024-06-21,2024,682626,R,669713,R,walk,False,True,59.0,0.276,14.0,23.73,1.0,1.69,0.6499999999999999,0.08599999999999997,34.71,19.35,15.21,34.56,36.84,18.92,275.0,0.229,73.0,26.55,17.0,6.18,0.7769999999999999,0.257,32.18,14.61,18.33,32.94,27.78,26.07,94.0,0.233,22.0,23.4,8.0,8.51,0.751,0.22,25.6,12.11,17.18,29.3,32.28,21.36,221.0,0.202,57.0,25.79,16.0,7.24,0.617,0.1459999999999999,29.02,12.78,18.23,31.01,30.33,23.27
746861,2024-06-21,2024,578428,R,669713,R,single,False,False,10.0,0.222,1.0,10.0,1.0,10.0,0.522,0.0,5.56,2.94,11.76,14.71,29.41,11.11,,,,,,,,,,,,,,,94.0,0.233,22.0,23.4,8.0,8.51,0.751,0.22,25.6,12.11,17.18,29.3,32.28,21.36,221.0,0.202,57.0,25.79,16.0,7.24,0.617,0.1459999999999999,29.02,12.78,18.23,31.01,30.33,23.27
746861,2024-06-21,2024,664056,R,669713,R,field_out,False,False,142.0,0.295,32.0,22.54,6.0,4.23,0.732,0.09900000000000003,26.42,12.57,20.7,33.27,36.33,22.38,248.0,0.207,45.0,18.15,9.0,3.63,0.504,0.056,25.06,12.41,16.74,29.16,37.02,20.45,94.0,0.233,22.0,23.4,8.0,8.51,0.751,0.22,25.6,12.11,17.18,29.3,32.28,21.36,221.0,0.202,57.0,25.79,16.0,7.24,0.617,0.1459999999999999,29.02,12.78,18.23,31.01,30.33,23.27
746861,2024-06-21,2024,664023,R,500779,L,field_out,False,False,67.0,0.25,14.0,20.9,5.0,7.46,0.768,0.2,29.1,15.29,13.33,28.63,27.12,16.28,191.0,0.225,44.0,23.04,19.0,9.95,0.694,0.16,24.04,11.18,15.63,26.81,29.29,17.32,244.0,0.27,39.0,15.98,22.0,9.02,0.7809999999999999,0.16299999999999998,19.95,8.45,15.95,24.4,25.18,14.44,263.0,0.268,50.0,19.01,22.0,8.37,0.685,0.0889999999999999,22.49,10.13,16.62,26.75,30.68,16.23
746861,2024-06-21,2024,621550,R,500779,L,field_out,False,False,48.0,0.25,15.0,31.25,4.0,8.33,0.854,0.25,29.29,14.01,14.01,28.02,23.53,22.39,131.0,0.217,47.0,35.88,10.0,7.63,0.769,0.275,32.94,15.47,14.92,30.39,23.55,28.83,244.0,0.27,39.0,15.98,22.0,9.02,0.7809999999999999,0.16299999999999998,19.95,8.45,15.95,24.4,25.18,14.44,263.0,0.268,50.0,19.01,22.0,8.37,0.685,0.0889999999999999,22.49,10.13,16.62,26.75,30.68,16.23
746861,2024-06-21,2024,621020,R,500779,L,field_out,False,False,51.0,0.227,11.0,21.57,6.0,11.76,0.765,0.205,26.67,12.12,12.12,24.24,19.39,23.4,161.0,0.245,43.0,26.71,17.0,10.56,0.771,0.203,30.48,14.79,13.87,28.66,24.48,20.28,244.0,0.27,39.0,15.98,22.0,9.02,0.7809999999999999,0.16299999999999998,19.95,8.45,15.95,24.4,25.18,14.44,263.0,0.268,50.0,19.01,22.0,8.37,0.685,0.0889999999999999,22.49,10.13,16.62,26.75,30.68,16.23
746861,2024-06-21,2024,596019,L,669713,R,single,False,False,249.0,0.225,47.0,18.88,19.0,7.63,0.69,0.171,23.13,11.11,15.77,26.88,25.28,17.74,483.0,0.242,102.0,21.12,51.0,10.56,0.757,0.182,23.68,11.49,14.35,25.84,28.12,17.29,69.0,0.19,13.0,18.84,5.0,7.25,0.515,0.064,21.82,9.8,18.37,28.16,23.21,18.31,159.0,0.298,26.0,16.35,16.0,10.06,0.986,0.319,14.23,6.41,17.95,24.36,22.1,13.0
746861,2024-06-21,2024,607043,L,669713,R,strikeout,True,False,224.0,0.24,55.0,24.55,34.0,15.18,0.784,0.16999999999999998,23.7,9.73,17.02,26.75,20.08,17.68,448.0,0.266,98.0,21.88,60.0,13.39,0.874,0.235,20.87,8.67,19.47,28.14,19.23,16.42,69.0,0.19,13.0,18.84,5.0,7.25,0.515,0.064,21.82,9.8,18.37,28.16,23.21,18.31,159.0,0.298,26.0,16.35,16.0,10.06,0.986,0.319,14.23,6.41,17.95,24.36,22.1,13.0
746861,2024-06-21,2024,502110,R,669713,R,grounded_into_double_play,False,False,137.0,0.262,42.0,30.66,9.0,6.57,0.779,0.20600000000000002,29.27,14.92,14.92,29.84,32.01,21.65,343.0,0.27,106.0,30.9,21.0,6.12,0.8799999999999999,0.2979999999999999,35.71,19.2,12.73,31.93,33.23,24.42,94.0,0.233,22.0,23.4,8.0,8.51,0.751,0.22,25.6,12.11,17.18,29.3,32.28,21.36,221.0,0.202,57.0,25.79,16.0,7.24,0.617,0.1459999999999999,29.02,12.78,18.23,31.01,30.33,23.27
746861,2024-06-21,2024,623520,R,500779,L,field_out,False,False,9.0,0.222,2.0,22.22,0.0,0.0,0.555,0.11100000000000002,33.33,19.23,15.38,34.62,33.33,25.0,,,,,,,,,,,,,,,244.0,0.27,39.0,15.98,22.0,9.02,0.7809999999999999,0.16299999999999998,19.95,8.45,15.95,24.4,25.18,14.44,263.0,0.268,50.0,19.01,22.0,8.37,0.685,0.0889999999999999,22.49,10.13,16.62,26.75,30.68,16.23
746861,2024-06-21,2024,665804,R,500779,L,single,False,False,43.0,0.125,9.0,20.93,1.0,2.33,0.368,0.1,17.72,9.21,15.79,25.0,26.09,20.0,64.0,0.25,16.0,25.0,5.0,7.81,0.701,0.1069999999999999,31.53,14.11,18.55,32.66,28.79,20.0,244.0,0.27,39.0,15.98,22.0,9.02,0.7809999999999999,0.16299999999999998,19.95,8.45,15.95,24.4,25.18,14.44,263.0,0.268,50.0,19.01,22.0,8.37,0.685,0.0889999999999999,22.49,10.13,16.62,26.75,30.68,16.23
746861,2024-06-21,2024,663538,R,500779,L,strikeout,True,False,51.0,0.267,6.0,11.76,5.0,9.8,0.6859999999999999,0.066,16.28,7.78,17.78,25.56,35.71,13.04,180.0,0.306,20.0,11.11,9.0,5.0,0.756,0.1059999999999999,10.25,4.9,18.57,23.48,32.13,11.7,244.0,0.27,39.0,15.98,22.0,9.02,0.7809999999999999,0.16299999999999998,19.95,8.45,15.95,24.4,25.18,14.44,263.0,0.268,50.0,19.01,22.0,8.37,0.685,0.0889999999999999,22.49,10.13,16.62,26.75,30.68,16.23
746861,2024-06-21,2024,673548,R,500779,L,field_out,False,False,59.0,0.235,11.0,18.64,8.0,13.56,0.77,0.196,20.83,8.13,21.14,29.27,17.95,13.75,168.0,0.306,28.0,16.67,18.0,10.71,0.852,0.1659999999999999,13.89,5.59,20.11,25.7,20.92,12.39,244.0,0.27,39.0,15.98,22.0,9.02,0.7809999999999999,0.16299999999999998,19.95,8.45,15.95,24.4,25.18,14.44,263.0,0.268,50.0,19.01,22.0,8.37,0.685,0.0889999999999999,22.49,10.13,16.62,26.75,30.68,16.23
746861,2024-06-21,2024,624413,R,687863,R,strikeout,True,False,236.0,0.256,47.0,19.92,21.0,8.9,0.7969999999999999,0.21299999999999997,23.02,10.32,19.31,29.63,29.05,17.9,475.0,0.214,109.0,22.95,44.0,9.26,0.8069999999999999,0.281,26.53,11.43,18.24,29.67,27.59,22.11,12.0,0.111,3.0,25.0,3.0,25.0,0.555,0.111,35.29,12.5,18.75,31.25,16.0,25.0,,,,,,,,,,,,,,
746861,2024-06-21,2024,516782,R,687863,R,field_out,False,False,187.0,0.26,39.0,20.86,11.0,5.88,0.688,0.122,27.14,13.41,17.64,31.05,30.72,19.6,245.0,0.238,51.0,20.82,11.0,4.49,0.611,0.079,28.63,15.5,14.75,30.25,37.87,18.35,12.0,0.111,3.0,25.0,3.0,25.0,0.555,0.111,35.29,12.5,18.75,31.25,16.0,25.0,,,,,,,,,,,,,,
746861,2024-06-21,2024,668901,R,687863,R,field_out,False,False,66.0,0.267,16.0,24.24,5.0,7.58,0.751,0.16599999999999998,36.43,18.8,15.2,34.0,33.06,20.78,145.0,0.209,41.0,28.28,8.0,5.52,0.643,0.172,34.08,18.24,17.03,35.27,36.73,29.93,12.0,0.111,3.0,25.0,3.0,25.0,0.555,0.111,35.29,12.5,18.75,31.25,16.0,25.0,,,,,,,,,,,,,,
746861,2024-06-21,2024,641355,L,500779,L,strikeout,True,False,78.0,0.342,9.0,11.54,1.0,1.28,0.82,0.13199999999999995,20.45,11.07,17.62,28.69,37.0,14.75,183.0,0.337,29.0,15.85,13.0,7.1,0.984,0.2589999999999999,20.0,9.84,17.49,27.32,33.33,11.98,69.0,0.246,11.0,15.94,3.0,4.35,0.8170000000000001,0.29200000000000004,15.79,7.38,16.39,23.77,26.67,16.92,57.0,0.222,10.0,17.54,2.0,3.51,0.639,0.167,17.82,8.41,17.76,26.17,27.55,14.29
746861,2024-06-21,2024,666624,R,500779,L,field_out,False,False,72.0,0.19,14.0,19.44,9.0,12.5,0.716,0.20700000000000002,26.72,12.16,14.12,26.27,25.0,19.18,101.0,0.25,28.0,27.72,9.0,8.91,0.893,0.3259999999999999,32.8,15.98,13.4,29.38,27.23,25.23,244.0,0.27,39.0,15.98,22.0,9.02,0.7809999999999999,0.16299999999999998,19.95,8.45,15.95,24.4,25.18,14.44,263.0,0.268,50.0,19.01,22.0,8.37,0.685,0.0889999999999999,22.49,10.13,16.62,26.75,30.68,16.23
746861,2024-06-21,2024,664023,R,500779,L,strikeout,True,False,67.0,0.25,14.0,20.9,5.0,7.46,0.768,0.2,29.1,15.29,13.33,28.63,27.12,16.28,191.0,0.225,44.0,23.04,19.0,9.95,0.694,0.16,24.04,11.18,15.63,26.81,29.29,17.32,244.0,0.27,39.0,15.98,22.0,9.02,0.7809999999999999,0.16299999999999998,19.95,8.45,15.95,24.4,25.18,14.44,263.0,0.268,50.0,19.01,22.0,8.37,0.685,0.0889999999999999,22.49,10.13,16.62,26.75,30.68,16.23
746861,2024-06-21,2024,682626,R,687863,R,strikeout,True,False,59.0,0.276,14.0,23.73,1.0,1.69,0.6499999999999999,0.08599999999999997,34.71,19.35,15.21,34.56,36.84,18.92,275.0,0.229,73.0,26.55,17.0,6.18,0.7769999999999999,0.257,32.18,14.61,18.33,32.94,27.78,26.07,12.0,0.111,3.0,25.0,3.0,25.0,0.555,0.111,35.29,12.5,18.75,31.25,16.0,25.0,,,,,,,,,,,,,,
746861,2024-06-21,2024,578428,R,687863,R,single,False,False,10.0,0.222,1.0,10.0,1.0,10.0,0.522,0.0,5.56,2.94,11.76,14.71,29.41,11.11,,,,,,,,,,,,,,,12.0,0.111,3.0,25.0,3.0,25.0,0.555,0.111,35.29,12.5,18.75,31.25,16.0,25.0,,,,,,,,,,,,,,
746861,2024-06-21,2024,664056,R,687863,R,strikeout,True,False,142.0,0.295,32.0,22.54,6.0,4.23,0.732,0.09900000000000003,26.42,12.57,20.7,33.27,36.33,22.38,248.0,0.207,45.0,18.15,9.0,3.63,0.504,0.056,25.06,12.41,16.74,29.16,37.02,20.45,12.0,0.111,3.0,25.0,3.0,25.0,0.555,0.111,35.29,12.5,18.75,31.25,16.0,25.0,,,,,,,,,,,,,,
746861,2024-06-21,2024,596019,L,687863,R,strikeout,True,False,249.0,0.225,47.0,18.88,19.0,7.63,0.69,0.171,23.13,11.11,15.77,26.88,25.28,17.74,483.0,0.242,102.0,21.12,51.0,10.56,0.757,0.182,23.68,11.49,14.35,25.84,28.12,17.29,8.0,0.143,4.0,50.0,1.0,12.5,0.679,0.28600000000000003,40.0,20.0,13.33,33.33,7.69,40.0,,,,,,,,,,,,,,
746861,2024-06-21,2024,621550,R,500779,L,single,False,False,48.0,0.25,15.0,31.25,4.0,8.33,0.854,0.25,29.29,14.01,14.01,28.02,23.53,22.39,131.0,0.217,47.0,35.88,10.0,7.63,0.769,0.275,32.94,15.47,14.92,30.39,23.55,28.83,244.0,0.27,39.0,15.98,22.0,9.02,0.7809999999999999,0.16299999999999998,19.95,8.45,15.95,24.4,25.18,14.44,263.0,0.268,50.0,19.01,22.0,8.37,0.685,0.0889999999999999,22.49,10.13,16.62,26.75,30.68,16.23
746861,2024-06-21,2024,670156,L,500779,L,force_out,False,False,9.0,0.0,1.0,11.11,0.0,0.0,0.0,0.0,16.67,7.14,32.14,39.29,40.0,16.67,14.0,0.25,3.0,21.43,1.0,7.14,0.558,0.0,20.83,9.26,20.37,29.63,29.17,15.0,69.0,0.246,11.0,15.94,3.0,4.35,0.8170000000000001,0.29200000000000004,15.79,7.38,16.39,23.77,26.67,16.92,57.0,0.222,10.0,17.54,2.0,3.51,0.639,0.167,17.82,8.41,17.76,26.17,27.55,14.29
746861,2024-06-21,2024,623520,R,493603,R,strikeout,True,False,11.0,0.4,3.0,27.27,1.0,9.09,0.855,0.0,26.32,13.16,18.42,31.58,25.0,33.33,,,,,,,,,,,,,,,69.0,0.206,23.0,33.33,4.0,5.8,0.535,0.06400000000000003,24.77,9.96,23.62,33.58,24.63,28.4,161.0,0.203,37.0,22.98,14.0,8.7,0.581,0.072,23.79,9.42,23.0,32.43,25.31,19.89
746861,2024-06-21,2024,665804,R,493603,R,walk,False,True,126.0,0.212,27.0,21.43,9.0,7.14,0.569,0.07099999999999998,27.13,14.47,14.69,29.16,35.65,19.57,92.0,0.187,24.0,26.09,7.0,7.61,0.679,0.173,24.72,11.67,16.98,28.65,28.18,19.05,69.0,0.206,23.0,33.33,4.0,5.8,0.535,0.06400000000000003,24.77,9.96,23.62,33.58,24.63,28.4,161.0,0.203,37.0,22.98,14.0,8.7,0.581,0.072,23.79,9.42,23.0,32.43,25.31,19.89
746861,2024-06-21,2024,663538,R,493603,R,field_out,False,False,224.0,0.237,21.0,9.38,20.0,8.93,0.654,0.09600000000000003,13.01,5.99,21.35,27.34,31.58,9.68,508.0,0.274,63.0,12.4,40.0,7.87,0.72,0.0979999999999999,13.4,6.0,20.67,26.67,29.91,12.21,69.0,0.206,23.0,33.33,4.0,5.8,0.535,0.06400000000000003,24.77,9.96,23.62,33.58,24.63,28.4,161.0,0.203,37.0,22.98,14.0,8.7,0.581,0.072,23.79,9.42,23.0,32.43,25.31,19.89
746861,2024-06-21,2024,607043,L,687863,R,strikeout,True,False,224.0,0.24,55.0,24.55,34.0,15.18,0.784,0.16999999999999998,23.7,9.73,17.02,26.75,20.08,17.68,448.0,0.266,98.0,21.88,60.0,13.39,0.874,0.235,20.87,8.67,19.47,28.14,19.23,16.42,8.0,0.143,4.0,50.0,1.0,12.5,0.679,0.28600000000000003,40.0,20.0,13.33,33.33,7.69,40.0,,,,,,,,,,,,,,
746861,2024-06-21,2024,621466,L,687863,R,walk,False,True,132.0,0.198,29.0,21.97,22.0,16.67,0.725,0.179,29.91,12.24,15.87,28.11,14.01,20.57,136.0,0.273,43.0,31.62,10.0,7.35,0.92,0.3059999999999999,35.89,18.63,10.49,29.11,25.44,24.85,8.0,0.143,4.0,50.0,1.0,12.5,0.679,0.28600000000000003,40.0,20.0,13.33,33.33,7.69,40.0,,,,,,,,,,,,,,
746861,2024-06-21,2024,624413,R,687863,R,walk,False,True,236.0,0.256,47.0,19.92,21.0,8.9,0.7969999999999999,0.21299999999999997,23.02,10.32,19.31,29.63,29.05,17.9,475.0,0.214,109.0,22.95,44.0,9.26,0.8069999999999999,0.281,26.53,11.43,18.24,29.67,27.59,22.11,12.0,0.111,3.0,25.0,3.0,25.0,0.555,0.111,35.29,12.5,18.75,31.25,16.0,25.0,,,,,,,,,,,,,,
746861,2024-06-21,2024,621438,R,681432,L,grounded_into_double_play,False,False,51.0,0.22,12.0,23.53,1.0,1.96,0.515,0.060000000000000026,25.26,12.97,17.3,30.27,36.08,25.0,81.0,0.241,18.0,22.22,2.0,2.47,0.7270000000000001,0.227,24.34,12.94,16.43,29.37,33.06,22.22,41.0,0.185,6.0,14.63,10.0,24.39,0.8089999999999999,0.185,24.07,7.98,20.25,28.22,13.58,15.38,19.0,0.267,8.0,42.11,3.0,15.79,0.754,0.066,46.43,15.85,19.51,35.37,15.56,30.77
746861,2024-06-21,2024,673548,R,493603,R,walk,False,True,157.0,0.279,47.0,29.94,10.0,6.37,0.795,0.178,27.59,11.15,21.21,32.35,23.12,22.07,419.0,0.278,102.0,24.34,41.0,9.79,0.839,0.2129999999999999,24.3,9.93,20.44,30.37,19.3,20.2,69.0,0.206,23.0,33.33,4.0,5.8,0.535,0.06400000000000003,24.77,9.96,23.62,33.58,24.63,28.4,161.0,0.203,37.0,22.98,14.0,8.7,0.581,0.072,23.79,9.42,23.0,32.43,25.31,19.89
746861,2024-06-21,2024,683737,L,493603,R,field_out,False,False,214.0,0.26,73.0,34.11,28.0,13.08,0.8240000000000001,0.20400000000000001,33.75,14.93,15.48,30.41,24.07,25.09,66.0,0.158,21.0,31.82,8.0,12.12,0.556,0.1399999999999999,29.79,14.48,13.45,27.93,28.39,21.0,50.0,0.262,15.0,30.0,5.0,10.0,0.86,0.238,31.91,14.93,19.9,34.83,35.24,22.73,100.0,0.217,25.0,25.0,15.0,15.0,0.789,0.229,29.28,12.96,16.63,29.58,29.03,21.74
746861,2024-06-21,2024,666624,R,493603,R,double,False,False,233.0,0.199,53.0,22.75,26.0,11.16,0.6599999999999999,0.16399999999999998,30.36,13.82,14.47,28.29,25.05,20.62,329.0,0.247,105.0,31.91,27.0,8.21,0.798,0.239,38.21,19.07,13.74,32.81,29.43,27.56,69.0,0.206,23.0,33.33,4.0,5.8,0.535,0.06400000000000003,24.77,9.96,23.62,33.58,24.63,28.4,161.0,0.203,37.0,22.98,14.0,8.7,0.581,0.072,23.79,9.42,23.0,32.43,25.31,19.89
746861,2024-06-21,2024,691718,L,493603,R,strikeout,True,False,94.0,0.202,22.0,23.4,5.0,5.32,0.5389999999999999,0.08399999999999996,23.79,14.12,10.95,25.07,40.8,18.18,15.0,0.0,6.0,40.0,2.0,13.33,0.154,0.0,44.44,26.67,8.33,35.0,23.08,27.27,50.0,0.262,15.0,30.0,5.0,10.0,0.86,0.238,31.91,14.93,19.9,34.83,35.24,22.73,100.0,0.217,25.0,25.0,15.0,15.0,0.789,0.229,29.28,12.96,16.63,29.58,29.03,21.74
746861,2024-06-21,2024,621550,R,493603,R,strikeout,True,False,40.0,0.143,11.0,27.5,4.0,10.0,0.517,0.143,26.56,11.64,18.49,30.14,19.12,26.83,172.0,0.196,64.0,37.21,20.0,11.63,0.8049999999999999,0.311,34.35,16.0,14.32,30.32,24.49,24.24,69.0,0.206,23.0,33.33,4.0,5.8,0.535,0.06400000000000003,24.77,9.96,23.62,33.58,24.63,28.4,161.0,0.203,37.0,22.98,14.0,8.7,0.581,0.072,23.79,9.42,23.0,32.43,25.31,19.89
746861,2024-06-21,2024,668901,R,681432,L,field_out,False,False,50.0,0.356,9.0,18.0,5.0,10.0,1.087,0.31100000000000005,27.37,14.94,10.92,25.86,31.58,21.43,88.0,0.214,30.0,34.09,2.0,2.27,0.584,0.1309999999999999,40.66,21.26,14.94,36.21,36.02,26.79,41.0,0.185,6.0,14.63,10.0,24.39,0.8089999999999999,0.185,24.07,7.98,20.25,28.22,13.58,15.38,19.0,0.267,8.0,42.11,3.0,15.79,0.754,0.066,46.43,15.85,19.51,35.37,15.56,30.77
746861,2024-06-21,2024,682626,R,681432,L,walk,False,True,27.0,0.25,5.0,18.52,3.0,11.11,0.708,0.125,18.6,7.69,18.27,25.96,22.64,17.24,148.0,0.171,37.0,25.0,17.0,11.49,0.611,0.17,31.2,13.76,14.26,28.03,23.72,22.7,41.0,0.185,6.0,14.63,10.0,24.39,0.8089999999999999,0.185,24.07,7.98,20.25,28.22,13.58,15.38,19.0,0.267,8.0,42.11,3.0,15.79,0.754,0.066,46.43,15.85,19.51,35.37,15.56,30.77
746861,2024-06-21,2024,578428,R,681432,L,force_out,False,False,20.0,0.444,4.0,20.0,1.0,5.0,1.056,0.11200000000000004,28.57,15.15,15.15,30.3,43.33,23.53,,,,,,,,,,,,,,,41.0,0.185,6.0,14.63,10.0,24.39,0.8089999999999999,0.185,24.07,7.98,20.25,28.22,13.58,15.38,19.0,0.267,8.0,42.11,3.0,15.79,0.754,0.066,46.43,15.85,19.51,35.37,15.56,30.77
746861,2024-06-21,2024,664056,R,681432,L,strikeout,True,False,77.0,0.217,13.0,16.88,6.0,7.79,0.635,0.145,23.02,11.0,17.87,28.87,36.84,17.11,97.0,0.299,14.0,14.43,8.0,8.25,0.936,0.2759999999999999,23.49,10.71,18.68,29.4,31.94,16.67,41.0,0.185,6.0,14.63,10.0,24.39,0.8089999999999999,0.185,24.07,7.98,20.25,28.22,13.58,15.38,19.0,0.267,8.0,42.11,3.0,15.79,0.754,0.066,46.43,15.85,19.51,35.37,15.56,30.77
746861,2024-06-21,2024,670156,L,622098,R,field_out,False,False,37.0,0.161,8.0,21.62,5.0,13.51,0.47200000000000003,0.033,23.33,9.66,18.62,28.28,25.61,20.0,135.0,0.24,29.0,21.48,12.0,8.89,0.614,0.066,22.82,8.53,24.86,33.39,23.61,18.12,28.0,0.333,7.0,25.0,4.0,14.29,1.096,0.334,30.91,15.6,11.01,26.61,25.0,15.91,102.0,0.247,27.0,26.47,14.0,13.73,0.8,0.2,26.51,12.61,13.5,26.11,27.27,18.62
746861,2024-06-21,2024,623520,R,622098,R,single,False,False,11.0,0.4,3.0,27.27,1.0,9.09,0.855,0.0,26.32,13.16,18.42,31.58,25.0,33.33,,,,,,,,,,,,,,,44.0,0.216,13.0,29.55,5.0,11.36,0.619,0.10800000000000001,30.1,16.67,12.37,29.03,30.59,21.67,142.0,0.236,33.0,23.24,15.0,10.56,0.777,0.203,25.69,11.73,15.53,27.26,25.36,15.87
746861,2024-06-21,2024,665804,R,622098,R,strikeout,True,False,126.0,0.212,27.0,21.43,9.0,7.14,0.569,0.07099999999999998,27.13,14.47,14.69,29.16,35.65,19.57,92.0,0.187,24.0,26.09,7.0,7.61,0.679,0.173,24.72,11.67,16.98,28.65,28.18,19.05,44.0,0.216,13.0,29.55,5.0,11.36,0.619,0.10800000000000001,30.1,16.67,12.37,29.03,30.59,21.67,142.0,0.236,33.0,23.24,15.0,10.56,0.777,0.203,25.69,11.73,15.53,27.26,25.36,15.87
746861,2024-06-21,2024,621512,R,622098,R,strikeout,True,False,53.0,0.269,8.0,15.09,1.0,1.89,0.745,0.193,27.1,16.38,12.43,28.81,37.5,15.69,35.0,0.121,9.0,25.71,1.0,2.86,0.268,0.0,35.82,22.22,12.04,34.26,50.91,34.62,44.0,0.216,13.0,29.55,5.0,11.36,0.619,0.10800000000000001,30.1,16.67,12.37,29.03,30.59,21.67,142.0,0.236,33.0,23.24,15.0,10.56,0.777,0.203,25.69,11.73,15.53,27.26,25.36,15.87
745731,2024-06-22,2024,672284,L,573186,R,field_out,False,False,169.0,0.276,50.0,29.59,11.0,6.51,0.787,0.186,34.78,17.73,14.77,32.5,31.86,22.52,324.0,0.251,105.0,32.41,34.0,10.49,0.738,0.1569999999999999,35.42,16.4,14.8,31.2,29.2,26.99,166.0,0.248,25.0,15.06,22.0,13.25,0.83,0.22699999999999998,16.08,6.88,16.59,23.47,23.85,12.89,311.0,0.194,59.0,18.97,35.0,11.25,0.575,0.0879999999999999,19.89,8.59,16.93,25.51,25.45,17.99
745731,2024-06-22,2024,645277,L,573186,R,field_out,False,False,209.0,0.232,37.0,17.7,18.0,8.61,0.679,0.13599999999999998,21.64,12.0,9.32,21.33,32.15,11.97,528.0,0.25,89.0,16.86,42.0,7.95,0.8029999999999999,0.235,20.84,11.11,9.82,20.92,33.45,13.94,166.0,0.248,25.0,15.06,22.0,13.25,0.83,0.22699999999999998,16.08,6.88,16.59,23.47,23.85,12.89,311.0,0.194,59.0,18.97,35.0,11.25,0.575,0.0879999999999999,19.89,8.59,16.93,25.51,25.45,17.99
745731,2024-06-22,2024,542303,R,573186,R,home_run,False,False,218.0,0.297,47.0,21.56,20.0,9.17,0.983,0.324,31.01,15.02,13.04,28.06,27.1,19.03,453.0,0.272,109.0,24.06,44.0,9.71,0.882,0.263,27.95,13.42,14.78,28.21,29.59,18.63,191.0,0.218,36.0,18.85,16.0,8.38,0.622,0.11100000000000002,26.28,11.01,18.26,29.26,28.54,17.06,264.0,0.272,60.0,22.73,17.0,6.44,0.712,0.122,25.22,11.88,16.45,28.32,28.57,21.9
745731,2024-06-22,2024,621566,L,573186,R,strikeout,True,False,207.0,0.238,54.0,26.09,23.0,11.11,0.738,0.17099999999999999,28.04,13.7,11.76,25.46,28.16,17.15,540.0,0.294,115.0,21.3,90.0,16.67,1.061,0.351,27.51,12.57,12.32,24.89,25.66,14.92,166.0,0.248,25.0,15.06,22.0,13.25,0.83,0.22699999999999998,16.08,6.88,16.59,23.47,23.85,12.89,311.0,0.194,59.0,18.97,35.0,11.25,0.575,0.0879999999999999,19.89,8.59,16.93,25.51,25.45,17.99
745731,2024-06-22,2024,683011,R,450203,R,field_out,False,False,264.0,0.272,58.0,21.97,17.0,6.44,0.745,0.14599999999999996,23.94,11.55,18.35,29.9,30.33,18.77,467.0,0.198,132.0,28.27,36.0,7.71,0.624,0.1579999999999999,28.15,13.53,17.49,31.02,29.16,23.4,126.0,0.239,30.0,23.81,9.0,7.14,0.6619999999999999,0.129,22.98,11.15,16.05,27.2,29.02,16.67,367.0,0.253,83.0,22.62,36.0,9.81,0.708,0.124,28.15,12.12,17.62,29.74,27.53,21.67
745731,2024-06-22,2024,665742,L,450203,R,walk,False,True,248.0,0.302,41.0,16.53,45.0,18.15,1.017,0.286,24.41,8.87,18.68,27.55,16.49,14.34,502.0,0.283,81.0,16.14,99.0,19.72,0.98,0.2730000000000001,18.45,6.31,19.31,25.62,15.09,14.14,181.0,0.236,46.0,25.41,21.0,11.6,0.746,0.14900000000000002,28.37,14.0,14.85,28.85,28.49,21.43,351.0,0.234,100.0,28.49,47.0,13.39,0.721,0.1299999999999999,36.41,15.33,18.52,33.84,28.99,23.42
745731,2024-06-22,2024,592450,R,450203,R,home_run,False,False,261.0,0.309,65.0,24.9,38.0,14.56,1.1059999999999999,0.38199999999999995,31.52,13.76,14.77,28.53,19.17,19.64,384.0,0.266,109.0,28.39,77.0,20.05,1.011,0.3339999999999999,36.96,15.02,15.7,30.72,19.29,24.12,126.0,0.239,30.0,23.81,9.0,7.14,0.6619999999999999,0.129,22.98,11.15,16.05,27.2,29.02,16.67,367.0,0.253,83.0,22.62,36.0,9.81,0.708,0.124,28.15,12.12,17.62,29.74,27.53,21.67
745731,2024-06-22,2024,657077,L,450203,R,walk,False,True,223.0,0.268,28.0,12.56,14.0,6.28,0.753,0.176,13.66,6.29,19.83,26.13,26.95,11.48,441.0,0.279,66.0,14.97,30.0,6.8,0.793,0.185,15.08,6.28,20.52,26.8,22.64,14.93,181.0,0.236,46.0,25.41,21.0,11.6,0.746,0.14900000000000002,28.37,14.0,14.85,28.85,28.49,21.43,351.0,0.234,100.0,28.49,47.0,13.39,0.721,0.1299999999999999,36.41,15.33,18.52,33.84,28.99,23.42
745731,2024-06-22,2024,519317,R,450203,R,grounded_into_double_play,False,False,207.0,0.249,69.0,33.33,17.0,8.21,0.833,0.27,34.82,15.91,17.46,33.37,31.19,29.49,341.0,0.175,111.0,32.55,35.0,10.26,0.64,0.201,36.65,15.18,19.37,34.55,27.39,25.58,126.0,0.239,30.0,23.81,9.0,7.14,0.6619999999999999,0.129,22.98,11.15,16.05,27.2,29.02,16.67,367.0,0.253,83.0,22.62,36.0,9.81,0.708,0.124,28.15,12.12,17.62,29.74,27.53,21.67
745731,2024-06-22,2024,663586,R,573186,R,single,False,False,180.0,0.264,43.0,23.89,14.0,7.78,0.759,0.16499999999999998,29.44,14.95,12.55,27.5,27.76,17.87,566.0,0.28,137.0,24.2,42.0,7.42,0.841,0.2199999999999999,27.71,13.25,15.53,28.77,27.7,18.53,191.0,0.218,36.0,18.85,16.0,8.38,0.622,0.11100000000000002,26.28,11.01,18.26,29.26,28.54,17.06,264.0,0.272,60.0,22.73,17.0,6.44,0.712,0.122,25.22,11.88,16.45,28.32,28.57,21.9
745731,2024-06-22,2024,518595,R,573186,R,field_out,False,False,125.0,0.216,29.0,23.2,10.0,8.0,0.665,0.153,34.19,16.67,15.42,32.08,26.53,21.97,226.0,0.214,50.0,22.12,12.0,5.31,0.655,0.176,27.19,14.35,12.93,27.28,28.43,19.61,191.0,0.218,36.0,18.85,16.0,8.38,0.622,0.11100000000000002,26.28,11.01,18.26,29.26,28.54,17.06,264.0,0.272,60.0,22.73,17.0,6.44,0.712,0.122,25.22,11.88,16.45,28.32,28.57,21.9
745731,2024-06-22,2024,657656,R,573186,R,field_out,False,False,58.0,0.128,21.0,36.21,7.0,12.07,0.46299999999999997,0.04200000000000001,35.79,14.72,18.18,32.9,22.5,31.82,267.0,0.2,78.0,29.21,23.0,8.61,0.612,0.123,29.9,13.97,16.61,30.58,29.73,21.08,191.0,0.218,36.0,18.85,16.0,8.38,0.622,0.11100000000000002,26.28,11.01,18.26,29.26,28.54,17.06,264.0,0.272,60.0,22.73,17.0,6.44,0.712,0.122,25.22,11.88,16.45,28.32,28.57,21.9
745731,2024-06-22,2024,657088,L,573186,R,field_out,False,False,5.0,0.4,3.0,60.0,0.0,0.0,0.8,0.0,50.0,33.33,16.67,50.0,66.67,42.86,11.0,0.333,4.0,36.36,2.0,18.18,1.011,0.223,13.04,5.45,21.82,27.27,25.93,16.67,166.0,0.248,25.0,15.06,22.0,13.25,0.83,0.22699999999999998,16.08,6.88,16.59,23.47,23.85,12.89,311.0,0.194,59.0,18.97,35.0,11.25,0.575,0.0879999999999999,19.89,8.59,16.93,25.51,25.45,17.99
745731,2024-06-22,2024,700250,L,450203,R,field_out,False,False,6.0,0.5,0.0,0.0,1.0,16.67,1.0,0.0,15.38,8.33,4.17,12.5,35.71,0.0,,,,,,,,,,,,,,,181.0,0.236,46.0,25.41,21.0,11.6,0.746,0.14900000000000002,28.37,14.0,14.85,28.85,28.49,21.43,351.0,0.234,100.0,28.49,47.0,13.39,0.721,0.1299999999999999,36.41,15.33,18.52,33.84,28.99,23.42
745731,2024-06-22,2024,650402,R,450203,R,field_out,False,False,241.0,0.221,55.0,22.82,22.0,9.13,0.625,0.10800000000000001,25.27,11.65,16.63,28.29,21.2,16.13,544.0,0.273,78.0,14.34,50.0,9.19,0.772,0.1589999999999999,21.74,10.32,15.57,25.89,26.86,11.29,126.0,0.239,30.0,23.81,9.0,7.14,0.6619999999999999,0.129,22.98,11.15,16.05,27.2,29.02,16.67,367.0,0.253,83.0,22.62,36.0,9.81,0.708,0.124,28.15,12.12,17.62,29.74,27.53,21.67
745731,2024-06-22,2024,669224,L,450203,R,field_out,False,False,125.0,0.215,24.0,19.2,14.0,11.2,0.6499999999999999,0.13099999999999998,27.95,13.45,13.87,27.31,25.0,18.18,69.0,0.25,12.0,17.39,3.0,4.35,0.81,0.281,28.48,16.48,10.99,27.47,38.03,14.46,181.0,0.236,46.0,25.41,21.0,11.6,0.746,0.14900000000000002,28.37,14.0,14.85,28.85,28.49,21.43,351.0,0.234,100.0,28.49,47.0,13.39,0.721,0.1299999999999999,36.41,15.33,18.52,33.84,28.99,23.42
745731,2024-06-22,2024,606115,R,573186,R,strikeout,True,False,208.0,0.232,35.0,16.83,8.0,3.85,0.653,0.155,23.27,11.7,14.91,26.61,25.81,16.99,421.0,0.255,78.0,18.53,23.0,5.46,0.6739999999999999,0.12,23.54,11.23,17.09,28.32,27.84,15.98,191.0,0.218,36.0,18.85,16.0,8.38,0.622,0.11100000000000002,26.28,11.01,18.26,29.26,28.54,17.06,264.0,0.272,60.0,22.73,17.0,6.44,0.712,0.122,25.22,11.88,16.45,28.32,28.57,21.9
745731,2024-06-22,2024,672284,L,573186,R,walk,False,True,169.0,0.276,50.0,29.59,11.0,6.51,0.787,0.186,34.78,17.73,14.77,32.5,31.86,22.52,324.0,0.251,105.0,32.41,34.0,10.49,0.738,0.1569999999999999,35.42,16.4,14.8,31.2,29.2,26.99,166.0,0.248,25.0,15.06,22.0,13.25,0.83,0.22699999999999998,16.08,6.88,16.59,23.47,23.85,12.89,311.0,0.194,59.0,18.97,35.0,11.25,0.575,0.0879999999999999,19.89,8.59,16.93,25.51,25.45,17.99
745731,2024-06-22,2024,645277,L,573186,R,grounded_into_double_play,False,False,209.0,0.232,37.0,17.7,18.0,8.61,0.679,0.13599999999999998,21.64,12.0,9.32,21.33,32.15,11.97,528.0,0.25,89.0,16.86,42.0,7.95,0.8029999999999999,0.235,20.84,11.11,9.82,20.92,33.45,13.94,166.0,0.248,25.0,15.06,22.0,13.25,0.83,0.22699999999999998,16.08,6.88,16.59,23.47,23.85,12.89,311.0,0.194,59.0,18.97,35.0,11.25,0.575,0.0879999999999999,19.89,8.59,16.93,25.51,25.45,17.99
745731,2024-06-22,2024,665828,L,450203,R,single,False,False,145.0,0.239,28.0,19.31,8.0,5.52,0.651,0.134,18.05,8.48,18.37,26.86,31.25,15.91,261.0,0.215,51.0,19.54,22.0,8.43,0.567,0.0679999999999999,22.29,10.93,14.34,25.28,25.97,17.65,181.0,0.236,46.0,25.41,21.0,11.6,0.746,0.14900000000000002,28.37,14.0,14.85,28.85,28.49,21.43,351.0,0.234,100.0,28.49,47.0,13.39,0.721,0.1299999999999999,36.41,15.33,18.52,33.84,28.99,23.42
745731,2024-06-22,2024,683011,R,450203,R,walk,False,True,264.0,0.272,58.0,21.97,17.0,6.44,0.745,0.14599999999999996,23.94,11.55,18.35,29.9,30.33,18.77,467.0,0.198,132.0,28.27,36.0,7.71,0.624,0.1579999999999999,28.15,13.53,17.49,31.02,29.16,23.4,126.0,0.239,30.0,23.81,9.0,7.14,0.6619999999999999,0.129,22.98,11.15,16.05,27.2,29.02,16.67,367.0,0.253,83.0,22.62,36.0,9.81,0.708,0.124,28.15,12.12,17.62,29.74,27.53,21.67
745731,2024-06-22,2024,665742,L,450203,R,single,False,False,248.0,0.302,41.0,16.53,45.0,18.15,1.017,0.286,24.41,8.87,18.68,27.55,16.49,14.34,502.0,0.283,81.0,16.14,99.0,19.72,0.98,0.2730000000000001,18.45,6.31,19.31,25.62,15.09,14.14,181.0,0.236,46.0,25.41,21.0,11.6,0.746,0.14900000000000002,28.37,14.0,14.85,28.85,28.49,21.43,351.0,0.234,100.0,28.49,47.0,13.39,0.721,0.1299999999999999,36.41,15.33,18.52,33.84,28.99,23.42
745731,2024-06-22,2024,592450,R,450203,R,grounded_into_double_play,False,False,261.0,0.309,65.0,24.9,38.0,14.56,1.1059999999999999,0.38199999999999995,31.52,13.76,14.77,28.53,19.17,19.64,384.0,0.266,109.0,28.39,77.0,20.05,1.011,0.3339999999999999,36.96,15.02,15.7,30.72,19.29,24.12,126.0,0.239,30.0,23.81,9.0,7.14,0.6619999999999999,0.129,22.98,11.15,16.05,27.2,29.02,16.67,367.0,0.253,83.0,22.62,36.0,9.81,0.708,0.124,28.15,12.12,17.62,29.74,27.53,21.67
745731,2024-06-22,2024,657077,L,450203,R,field_out,False,False,223.0,0.268,28.0,12.56,14.0,6.28,0.753,0.176,13.66,6.29,19.83,26.13,26.95,11.48,441.0,0.279,66.0,14.97,30.0,6.8,0.793,0.185,15.08,6.28,20.52,26.8,22.64,14.93,181.0,0.236,46.0,25.41,21.0,11.6,0.746,0.14900000000000002,28.37,14.0,14.85,28.85,28.49,21.43,351.0,0.234,100.0,28.49,47.0,13.39,0.721,0.1299999999999999,36.41,15.33,18.52,33.84,28.99,23.42
745731,2024-06-22,2024,542303,R,573186,R,strikeout,True,False,218.0,0.297,47.0,21.56,20.0,9.17,0.983,0.324,31.01,15.02,13.04,28.06,27.1,19.03,453.0,0.272,109.0,24.06,44.0,9.71,0.882,0.263,27.95,13.42,14.78,28.21,29.59,18.63,191.0,0.218,36.0,18.85,16.0,8.38,0.622,0.11100000000000002,26.28,11.01,18.26,29.26,28.54,17.06,264.0,0.272,60.0,22.73,17.0,6.44,0.712,0.122,25.22,11.88,16.45,28.32,28.57,21.9
745731,2024-06-22,2024,621566,L,573186,R,field_out,False,False,207.0,0.238,54.0,26.09,23.0,11.11,0.738,0.17099999999999999,28.04,13.7,11.76,25.46,28.16,17.15,540.0,0.294,115.0,21.3,90.0,16.67,1.061,0.351,27.51,12.57,12.32,24.89,25.66,14.92,166.0,0.248,25.0,15.06,22.0,13.25,0.83,0.22699999999999998,16.08,6.88,16.59,23.47,23.85,12.89,311.0,0.194,59.0,18.97,35.0,11.25,0.575,0.0879999999999999,19.89,8.59,16.93,25.51,25.45,17.99
745731,2024-06-22,2024,663586,R,573186,R,field_out,False,False,180.0,0.264,43.0,23.89,14.0,7.78,0.759,0.16499999999999998,29.44,14.95,12.55,27.5,27.76,17.87,566.0,0.28,137.0,24.2,42.0,7.42,0.841,0.2199999999999999,27.71,13.25,15.53,28.77,27.7,18.53,191.0,0.218,36.0,18.85,16.0,8.38,0.622,0.11100000000000002,26.28,11.01,18.26,29.26,28.54,17.06,264.0,0.272,60.0,22.73,17.0,6.44,0.712,0.122,25.22,11.88,16.45,28.32,28.57,21.9
745731,2024-06-22,2024,519317,R,450203,R,double,False,False,207.0,0.249,69.0,33.33,17.0,8.21,0.833,0.27,34.82,15.91,17.46,33.37,31.19,29.49,341.0,0.175,111.0,32.55,35.0,10.26,0.64,0.201,36.65,15.18,19.37,34.55,27.39,25.58,126.0,0.239,30.0,23.81,9.0,7.14,0.6619999999999999,0.129,22.98,11.15,16.05,27.2,29.02,16.67,367.0,0.253,83.0,22.62,36.0,9.81,0.708,0.124,28.15,12.12,17.62,29.74,27.53,21.67
745731,2024-06-22,2024,700250,L,450203,R,field_out,False,False,6.0,0.5,0.0,0.0,1.0,16.67,1.0,0.0,15.38,8.33,4.17,12.5,35.71,0.0,,,,,,,,,,,,,,,181.0,0.236,46.0,25.41,21.0,11.6,0.746,0.14900000000000002,28.37,14.0,14.85,28.85,28.49,21.43,351.0,0.234,100.0,28.49,47.0,13.39,0.721,0.1299999999999999,36.41,15.33,18.52,33.84,28.99,23.42
745731,2024-06-22,2024,650402,R,450203,R,double,False,False,241.0,0.221,55.0,22.82,22.0,9.13,0.625,0.10800000000000001,25.27,11.65,16.63,28.29,21.2,16.13,544.0,0.273,78.0,14.34,50.0,9.19,0.772,0.1589999999999999,21.74,10.32,15.57,25.89,26.86,11.29,126.0,0.239,30.0,23.81,9.0,7.14,0.6619999999999999,0.129,22.98,11.15,16.05,27.2,29.02,16.67,367.0,0.253,83.0,22.62,36.0,9.81,0.708,0.124,28.15,12.12,17.62,29.74,27.53,21.67
745731,2024-06-22,2024,669224,L,450203,R,strikeout,True,False,125.0,0.215,24.0,19.2,14.0,11.2,0.6499999999999999,0.13099999999999998,27.95,13.45,13.87,27.31,25.0,18.18,69.0,0.25,12.0,17.39,3.0,4.35,0.81,0.281,28.48,16.48,10.99,27.47,38.03,14.46,181.0,0.236,46.0,25.41,21.0,11.6,0.746,0.14900000000000002,28.37,14.0,14.85,28.85,28.49,21.43,351.0,0.234,100.0,28.49,47.0,13.39,0.721,0.1299999999999999,36.41,15.33,18.52,33.84,28.99,23.42
745731,2024-06-22,2024,665828,L,450203,R,field_out,False,False,145.0,0.239,28.0,19.31,8.0,5.52,0.651,0.134,18.05,8.48,18.37,26.86,31.25,15.91,261.0,0.215,51.0,19.54,22.0,8.43,0.567,0.0679999999999999,22.29,10.93,14.34,25.28,25.97,17.65,181.0,0.236,46.0,25.41,21.0,11.6,0.746,0.14900000000000002,28.37,14.0,14.85,28.85,28.49,21.43,351.0,0.234,100.0,28.49,47.0,13.39,0.721,0.1299999999999999,36.41,15.33,18.52,33.84,28.99,23.42
745731,2024-06-22,2024,518595,R,573186,R,field_out,False,False,125.0,0.216,29.0,23.2,10.0,8.0,0.665,0.153,34.19,16.67,15.42,32.08,26.53,21.97,226.0,0.214,50.0,22.12,12.0,5.31,0.655,0.176,27.19,14.35,12.93,27.28,28.43,19.61,191.0,0.218,36.0,18.85,16.0,8.38,0.622,0.11100000000000002,26.28,11.01,18.26,29.26,28.54,17.06,264.0,0.272,60.0,22.73,17.0,6.44,0.712,0.122,25.22,11.88,16.45,28.32,28.57,21.9
745731,2024-06-22,2024,657656,R,573186,R,strikeout,True,False,58.0,0.128,21.0,36.21,7.0,12.07,0.46299999999999997,0.04200000000000001,35.79,14.72,18.18,32.9,22.5,31.82,267.0,0.2,78.0,29.21,23.0,8.61,0.612,0.123,29.9,13.97,16.61,30.58,29.73,21.08,191.0,0.218,36.0,18.85,16.0,8.38,0.622,0.11100000000000002,26.28,11.01,18.26,29.26,28.54,17.06,264.0,0.272,60.0,22.73,17.0,6.44,0.712,0.122,25.22,11.88,16.45,28.32,28.57,21.9
745731,2024-06-22,2024,657088,L,573186,R,field_out,False,False,5.0,0.4,3.0,60.0,0.0,0.0,0.8,0.0,50.0,33.33,16.67,50.0,66.67,42.86,11.0,0.333,4.0,36.36,2.0,18.18,1.011,0.223,13.04,5.45,21.82,27.27,25.93,16.67,166.0,0.248,25.0,15.06,22.0,13.25,0.83,0.22699999999999998,16.08,6.88,16.59,23.47,23.85,12.89,311.0,0.194,59.0,18.97,35.0,11.25,0.575,0.0879999999999999,19.89,8.59,16.93,25.51,25.45,17.99
745731,2024-06-22,2024,683011,R,450203,R,strikeout,True,False,264.0,0.272,58.0,21.97,17.0,6.44,0.745,0.14599999999999996,23.94,11.55,18.35,29.9,30.33,18.77,467.0,0.198,132.0,28.27,36.0,7.71,0.624,0.1579999999999999,28.15,13.53,17.49,31.02,29.16,23.4,126.0,0.239,30.0,23.81,9.0,7.14,0.6619999999999999,0.129,22.98,11.15,16.05,27.2,29.02,16.67,367.0,0.253,83.0,22.62,36.0,9.81,0.708,0.124,28.15,12.12,17.62,29.74,27.53,21.67
745731,2024-06-22,2024,665742,L,450203,R,walk,False,True,248.0,0.302,41.0,16.53,45.0,18.15,1.017,0.286,24.41,8.87,18.68,27.55,16.49,14.34,502.0,0.283,81.0,16.14,99.0,19.72,0.98,0.2730000000000001,18.45,6.31,19.31,25.62,15.09,14.14,181.0,0.236,46.0,25.41,21.0,11.6,0.746,0.14900000000000002,28.37,14.0,14.85,28.85,28.49,21.43,351.0,0.234,100.0,28.49,47.0,13.39,0.721,0.1299999999999999,36.41,15.33,18.52,33.84,28.99,23.42
745731,2024-06-22,2024,592450,R,450203,R,field_out,False,False,261.0,0.309,65.0,24.9,38.0,14.56,1.1059999999999999,0.38199999999999995,31.52,13.76,14.77,28.53,19.17,19.64,384.0,0.266,109.0,28.39,77.0,20.05,1.011,0.3339999999999999,36.96,15.02,15.7,30.72,19.29,24.12,126.0,0.239,30.0,23.81,9.0,7.14,0.6619999999999999,0.129,22.98,11.15,16.05,27.2,29.02,16.67,367.0,0.253,83.0,22.62,36.0,9.81,0.708,0.124,28.15,12.12,17.62,29.74,27.53,21.67
745731,2024-06-22,2024,657077,L,450203,R,field_out,False,False,223.0,0.268,28.0,12.56,14.0,6.28,0.753,0.176,13.66,6.29,19.83,26.13,26.95,11.48,441.0,0.279,66.0,14.97,30.0,6.8,0.793,0.185,15.08,6.28,20.52,26.8,22.64,14.93,181.0,0.236,46.0,25.41,21.0,11.6,0.746,0.14900000000000002,28.37,14.0,14.85,28.85,28.49,21.43,351.0,0.234,100.0,28.49,47.0,13.39,0.721,0.1299999999999999,36.41,15.33,18.52,33.84,28.99,23.42
745731,2024-06-22,2024,606115,R,573186,R,strikeout,True,False,208.0,0.232,35.0,16.83,8.0,3.85,0.653,0.155,23.27,11.7,14.91,26.61,25.81,16.99,421.0,0.255,78.0,18.53,23.0,5.46,0.6739999999999999,0.12,23.54,11.23,17.09,28.32,27.84,15.98,191.0,0.218,36.0,18.85,16.0,8.38,0.622,0.11100000000000002,26.28,11.01,18.26,29.26,28.54,17.06,264.0,0.272,60.0,22.73,17.0,6.44,0.712,0.122,25.22,11.88,16.45,28.32,28.57,21.9
745731,2024-06-22,2024,672284,L,573186,R,field_out,False,False,169.0,0.276,50.0,29.59,11.0,6.51,0.787,0.186,34.78,17.73,14.77,32.5,31.86,22.52,324.0,0.251,105.0,32.41,34.0,10.49,0.738,0.1569999999999999,35.42,16.4,14.8,31.2,29.2,26.99,166.0,0.248,25.0,15.06,22.0,13.25,0.83,0.22699999999999998,16.08,6.88,16.59,23.47,23.85,12.89,311.0,0.194,59.0,18.97,35.0,11.25,0.575,0.0879999999999999,19.89,8.59,16.93,25.51,25.45,17.99
745731,2024-06-22,2024,645277,L,573186,R,field_out,False,False,209.0,0.232,37.0,17.7,18.0,8.61,0.679,0.13599999999999998,21.64,12.0,9.32,21.33,32.15,11.97,528.0,0.25,89.0,16.86,42.0,7.95,0.8029999999999999,0.235,20.84,11.11,9.82,20.92,33.45,13.94,166.0,0.248,25.0,15.06,22.0,13.25,0.83,0.22699999999999998,16.08,6.88,16.59,23.47,23.85,12.89,311.0,0.194,59.0,18.97,35.0,11.25,0.575,0.0879999999999999,19.89,8.59,16.93,25.51,25.45,17.99
745731,2024-06-22,2024,663757,L,450203,R,strikeout,True,False,60.0,0.106,16.0,26.67,10.0,16.67,0.569,0.192,24.71,7.87,23.22,31.09,6.35,21.62,412.0,0.178,118.0,28.64,56.0,13.59,0.623,0.147,29.65,12.55,17.63,30.18,22.3,21.15,181.0,0.236,46.0,25.41,21.0,11.6,0.746,0.14900000000000002,28.37,14.0,14.85,28.85,28.49,21.43,351.0,0.234,100.0,28.49,47.0,13.39,0.721,0.1299999999999999,36.41,15.33,18.52,33.84,28.99,23.42
745731,2024-06-22,2024,700250,L,450203,R,walk,False,True,6.0,0.5,0.0,0.0,1.0,16.67,1.0,0.0,15.38,8.33,4.17,12.5,35.71,0.0,,,,,,,,,,,,,,,181.0,0.236,46.0,25.41,21.0,11.6,0.746,0.14900000000000002,28.37,14.0,14.85,28.85,28.49,21.43,351.0,0.234,100.0,28.49,47.0,13.39,0.721,0.1299999999999999,36.41,15.33,18.52,33.84,28.99,23.42
745731,2024-06-22,2024,650402,R,450203,R,strikeout,True,False,241.0,0.221,55.0,22.82,22.0,9.13,0.625,0.10800000000000001,25.27,11.65,16.63,28.29,21.2,16.13,544.0,0.273,78.0,14.34,50.0,9.19,0.772,0.1589999999999999,21.74,10.32,15.57,25.89,26.86,11.29,126.0,0.239,30.0,23.81,9.0,7.14,0.6619999999999999,0.129,22.98,11.15,16.05,27.2,29.02,16.67,367.0,0.253,83.0,22.62,36.0,9.81,0.708,0.124,28.15,12.12,17.62,29.74,27.53,21.67
745731,2024-06-22,2024,669224,L,607481,L,walk,False,True,18.0,0.176,6.0,33.33,1.0,5.56,0.398,0.0,40.0,19.35,24.19,43.55,37.93,37.5,6.0,0.0,2.0,33.33,0.0,0.0,0.0,0.0,45.45,21.74,13.04,34.78,25.0,100.0,39.0,0.333,12.0,30.77,3.0,7.69,0.829,0.11099999999999999,25.68,11.31,17.86,29.17,30.34,23.08,93.0,0.231,26.0,27.96,11.0,11.83,0.669,0.09,36.11,13.51,22.6,36.1,26.73,26.0
745731,2024-06-22,2024,665828,R,607481,L,single,False,False,51.0,0.208,11.0,21.57,3.0,5.88,0.505,0.04200000000000001,16.49,8.33,17.71,26.04,30.68,17.74,70.0,0.2,21.0,30.0,3.0,4.29,0.597,0.1539999999999999,28.35,15.65,15.65,31.3,36.19,34.43,70.0,0.258,16.0,22.86,5.0,7.14,0.609,0.03199999999999997,20.56,8.03,24.45,32.48,26.57,20.0,175.0,0.238,52.0,29.71,25.0,14.29,0.715,0.123,30.95,12.48,21.54,34.02,28.15,23.21
745731,2024-06-22,2024,683011,R,607481,L,double,False,False,90.0,0.272,16.0,17.78,8.0,8.89,0.72,0.11099999999999999,17.24,8.06,18.28,26.34,25.41,14.81,134.0,0.248,35.0,26.12,16.0,11.94,0.817,0.2309999999999999,28.81,13.49,15.8,29.29,27.07,23.49,70.0,0.258,16.0,22.86,5.0,7.14,0.609,0.03199999999999997,20.56,8.03,24.45,32.48,26.57,20.0,175.0,0.238,52.0,29.71,25.0,14.29,0.715,0.123,30.95,12.48,21.54,34.02,28.15,23.21
745731,2024-06-22,2024,665742,L,607481,L,walk,False,True,92.0,0.311,14.0,15.22,15.0,16.3,0.938,0.203,17.22,6.74,20.47,27.2,19.68,12.07,207.0,0.256,48.0,23.19,33.0,15.94,0.813,0.18,25.32,9.65,20.51,30.16,20.61,20.17,39.0,0.333,12.0,30.77,3.0,7.69,0.829,0.11099999999999999,25.68,11.31,17.86,29.17,30.34,23.08,93.0,0.231,26.0,27.96,11.0,11.83,0.669,0.09,36.11,13.51,22.6,36.1,26.73,26.0
745731,2024-06-22,2024,592450,R,607481,L,walk,False,True,74.0,0.273,20.0,27.03,19.0,25.68,1.1320000000000001,0.4,36.21,13.17,15.05,28.21,17.16,22.99,74.0,0.274,21.0,28.38,11.0,14.86,1.0550000000000002,0.403,34.59,13.9,15.71,29.61,19.89,21.65,70.0,0.258,16.0,22.86,5.0,7.14,0.609,0.03199999999999997,20.56,8.03,24.45,32.48,26.57,20.0,175.0,0.238,52.0,29.71,25.0,14.29,0.715,0.123,30.95,12.48,21.54,34.02,28.15,23.21
745731,2024-06-22,2024,657077,L,607481,L,field_out,False,False,84.0,0.211,13.0,15.48,10.0,11.9,0.634,0.11300000000000002,16.79,6.61,21.84,28.45,20.83,12.62,161.0,0.22,27.0,16.77,15.0,9.32,0.61,0.0779999999999999,17.21,6.6,24.69,31.29,20.83,15.61,39.0,0.333,12.0,30.77,3.0,7.69,0.829,0.11099999999999999,25.68,11.31,17.86,29.17,30.34,23.08,93.0,0.231,26.0,27.96,11.0,11.83,0.669,0.09,36.11,13.51,22.6,36.1,26.73,26.0
745731,2024-06-22,2024,542303,R,573186,R,walk,False,True,218.0,0.297,47.0,21.56,20.0,9.17,0.983,0.324,31.01,15.02,13.04,28.06,27.1,19.03,453.0,0.272,109.0,24.06,44.0,9.71,0.882,0.263,27.95,13.42,14.78,28.21,29.59,18.63,191.0,0.218,36.0,18.85,16.0,8.38,0.622,0.11100000000000002,26.28,11.01,18.26,29.26,28.54,17.06,264.0,0.272,60.0,22.73,17.0,6.44,0.712,0.122,25.22,11.88,16.45,28.32,28.57,21.9
745731,2024-06-22,2024,621566,L,573186,R,field_out,False,False,207.0,0.238,54.0,26.09,23.0,11.11,0.738,0.17099999999999999,28.04,13.7,11.76,25.46,28.16,17.15,540.0,0.294,115.0,21.3,90.0,16.67,1.061,0.351,27.51,12.57,12.32,24.89,25.66,14.92,166.0,0.248,25.0,15.06,22.0,13.25,0.83,0.22699999999999998,16.08,6.88,16.59,23.47,23.85,12.89,311.0,0.194,59.0,18.97,35.0,11.25,0.575,0.0879999999999999,19.89,8.59,16.93,25.51,25.45,17.99
745731,2024-06-22,2024,663586,R,573186,R,strikeout,True,False,180.0,0.264,43.0,23.89,14.0,7.78,0.759,0.16499999999999998,29.44,14.95,12.55,27.5,27.76,17.87,566.0,0.28,137.0,24.2,42.0,7.42,0.841,0.2199999999999999,27.71,13.25,15.53,28.77,27.7,18.53,191.0,0.218,36.0,18.85,16.0,8.38,0.622,0.11100000000000002,26.28,11.01,18.26,29.26,28.54,17.06,264.0,0.272,60.0,22.73,17.0,6.44,0.712,0.122,25.22,11.88,16.45,28.32,28.57,21.9
745731,2024-06-22,2024,518595,R,573186,R,home_run,False,False,125.0,0.216,29.0,23.2,10.0,8.0,0.665,0.153,34.19,16.67,15.42,32.08,26.53,21.97,226.0,0.214,50.0,22.12,12.0,5.31,0.655,0.176,27.19,14.35,12.93,27.28,28.43,19.61,191.0,0.218,36.0,18.85,16.0,8.38,0.622,0.11100000000000002,26.28,11.01,18.26,29.26,28.54,17.06,264.0,0.272,60.0,22.73,17.0,6.44,0.712,0.122,25.22,11.88,16.45,28.32,28.57,21.9
745731,2024-06-22,2024,657656,R,543859,R,strikeout,True,False,58.0,0.128,21.0,36.21,7.0,12.07,0.46299999999999997,0.04200000000000001,35.79,14.72,18.18,32.9,22.5,31.82,267.0,0.2,78.0,29.21,23.0,8.61,0.612,0.123,29.9,13.97,16.61,30.58,29.73,21.08,96.0,0.207,25.0,26.04,9.0,9.38,0.5800000000000001,0.061000000000000026,29.83,13.5,17.75,31.25,31.75,20.0,172.0,0.19,42.0,24.42,11.0,6.4,0.613,0.183,25.53,12.71,17.19,29.9,29.81,17.8
745731,2024-06-22,2024,663757,L,445926,R,home_run,False,False,60.0,0.106,16.0,26.67,10.0,16.67,0.569,0.192,24.71,7.87,23.22,31.09,6.35,21.62,412.0,0.178,118.0,28.64,56.0,13.59,0.623,0.147,29.65,12.55,17.63,30.18,22.3,21.15,49.0,0.225,7.0,14.29,8.0,16.33,0.629,0.05000000000000002,8.24,3.47,20.79,24.26,25.71,11.29,67.0,0.155,15.0,22.39,5.0,7.46,0.414,0.0169999999999999,22.33,9.09,20.95,30.04,25.0,22.73
745731,2024-06-22,2024,700250,L,445926,R,single,False,False,6.0,0.5,0.0,0.0,1.0,16.67,1.0,0.0,15.38,8.33,4.17,12.5,35.71,0.0,,,,,,,,,,,,,,,49.0,0.225,7.0,14.29,8.0,16.33,0.629,0.05000000000000002,8.24,3.47,20.79,24.26,25.71,11.29,67.0,0.155,15.0,22.39,5.0,7.46,0.414,0.0169999999999999,22.33,9.09,20.95,30.04,25.0,22.73
745731,2024-06-22,2024,650402,R,445926,R,field_out,False,False,241.0,0.221,55.0,22.82,22.0,9.13,0.625,0.10800000000000001,25.27,11.65,16.63,28.29,21.2,16.13,544.0,0.273,78.0,14.34,50.0,9.19,0.772,0.1589999999999999,21.74,10.32,15.57,25.89,26.86,11.29,73.0,0.203,18.0,24.66,2.0,2.74,0.595,0.15899999999999997,25.38,11.15,19.59,30.74,24.32,21.43,78.0,0.243,24.0,30.77,7.0,8.97,0.7210000000000001,0.157,32.85,13.68,23.4,37.08,27.96,23.08
745731,2024-06-22,2024,669224,L,445926,R,field_out,False,False,125.0,0.215,24.0,19.2,14.0,11.2,0.6499999999999999,0.13099999999999998,27.95,13.45,13.87,27.31,25.0,18.18,69.0,0.25,12.0,17.39,3.0,4.35,0.81,0.281,28.48,16.48,10.99,27.47,38.03,14.46,49.0,0.225,7.0,14.29,8.0,16.33,0.629,0.05000000000000002,8.24,3.47,20.79,24.26,25.71,11.29,67.0,0.155,15.0,22.39,5.0,7.46,0.414,0.0169999999999999,22.33,9.09,20.95,30.04,25.0,22.73
745731,2024-06-22,2024,665828,L,445926,R,field_out,False,False,145.0,0.239,28.0,19.31,8.0,5.52,0.651,0.134,18.05,8.48,18.37,26.86,31.25,15.91,261.0,0.215,51.0,19.54,22.0,8.43,0.567,0.0679999999999999,22.29,10.93,14.34,25.28,25.97,17.65,49.0,0.225,7.0,14.29,8.0,16.33,0.629,0.05000000000000002,8.24,3.47,20.79,24.26,25.71,11.29,67.0,0.155,15.0,22.39,5.0,7.46,0.414,0.0169999999999999,22.33,9.09,20.95,30.04,25.0,22.73
745731,2024-06-22,2024,657088,L,596133,R,field_out,False,False,5.0,0.4,3.0,60.0,0.0,0.0,0.8,0.0,50.0,33.33,16.67,50.0,66.67,42.86,11.0,0.333,4.0,36.36,2.0,18.18,1.011,0.223,13.04,5.45,21.82,27.27,25.93,16.67,77.0,0.162,24.0,31.17,6.0,7.79,0.526,0.11700000000000002,36.42,17.35,16.72,34.07,33.89,26.09,270.0,0.281,49.0,18.15,25.0,9.26,0.873,0.244,22.2,9.96,16.57,26.54,23.79,17.13
745731,2024-06-22,2024,606115,R,596133,R,strikeout,True,False,208.0,0.232,35.0,16.83,8.0,3.85,0.653,0.155,23.27,11.7,14.91,26.61,25.81,16.99,421.0,0.255,78.0,18.53,23.0,5.46,0.6739999999999999,0.12,23.54,11.23,17.09,28.32,27.84,15.98,92.0,0.169,20.0,21.74,4.0,4.35,0.545,0.156,24.35,13.39,11.97,25.36,33.16,15.97,294.0,0.319,60.0,20.41,15.0,5.1,0.948,0.2709999999999999,21.2,10.46,15.26,25.72,26.0,16.13
745731,2024-06-22,2024,672284,L,596133,R,double,False,False,169.0,0.276,50.0,29.59,11.0,6.51,0.787,0.186,34.78,17.73,14.77,32.5,31.86,22.52,324.0,0.251,105.0,32.41,34.0,10.49,0.738,0.1569999999999999,35.42,16.4,14.8,31.2,29.2,26.99,77.0,0.162,24.0,31.17,6.0,7.79,0.526,0.11700000000000002,36.42,17.35,16.72,34.07,33.89,26.09,270.0,0.281,49.0,18.15,25.0,9.26,0.873,0.244,22.2,9.96,16.57,26.54,23.79,17.13
745731,2024-06-22,2024,645277,L,596133,R,strikeout,True,False,209.0,0.232,37.0,17.7,18.0,8.61,0.679,0.13599999999999998,21.64,12.0,9.32,21.33,32.15,11.97,528.0,0.25,89.0,16.86,42.0,7.95,0.8029999999999999,0.235,20.84,11.11,9.82,20.92,33.45,13.94,77.0,0.162,24.0,31.17,6.0,7.79,0.526,0.11700000000000002,36.42,17.35,16.72,34.07,33.89,26.09,270.0,0.281,49.0,18.15,25.0,9.26,0.873,0.244,22.2,9.96,16.57,26.54,23.79,17.13
745731,2024-06-22,2024,683011,R,445926,R,field_out,False,False,264.0,0.272,58.0,21.97,17.0,6.44,0.745,0.14599999999999996,23.94,11.55,18.35,29.9,30.33,18.77,467.0,0.198,132.0,28.27,36.0,7.71,0.624,0.1579999999999999,28.15,13.53,17.49,31.02,29.16,23.4,73.0,0.203,18.0,24.66,2.0,2.74,0.595,0.15899999999999997,25.38,11.15,19.59,30.74,24.32,21.43,78.0,0.243,24.0,30.77,7.0,8.97,0.7210000000000001,0.157,32.85,13.68,23.4,37.08,27.96,23.08
745731,2024-06-22,2024,665742,L,445926,R,strikeout,True,False,248.0,0.302,41.0,16.53,45.0,18.15,1.017,0.286,24.41,8.87,18.68,27.55,16.49,14.34,502.0,0.283,81.0,16.14,99.0,19.72,0.98,0.2730000000000001,18.45,6.31,19.31,25.62,15.09,14.14,49.0,0.225,7.0,14.29,8.0,16.33,0.629,0.05000000000000002,8.24,3.47,20.79,24.26,25.71,11.29,67.0,0.155,15.0,22.39,5.0,7.46,0.414,0.0169999999999999,22.33,9.09,20.95,30.04,25.0,22.73
745731,2024-06-22,2024,592450,R,445926,R,strikeout,True,False,261.0,0.309,65.0,24.9,38.0,14.56,1.1059999999999999,0.38199999999999995,31.52,13.76,14.77,28.53,19.17,19.64,384.0,0.266,109.0,28.39,77.0,20.05,1.011,0.3339999999999999,36.96,15.02,15.7,30.72,19.29,24.12,73.0,0.203,18.0,24.66,2.0,2.74,0.595,0.15899999999999997,25.38,11.15,19.59,30.74,24.32,21.43,78.0,0.243,24.0,30.77,7.0,8.97,0.7210000000000001,0.157,32.85,13.68,23.4,37.08,27.96,23.08
745731,2024-06-22,2024,542303,R,641360,R,field_out,False,False,218.0,0.297,47.0,21.56,20.0,9.17,0.983,0.324,31.01,15.02,13.04,28.06,27.1,19.03,453.0,0.272,109.0,24.06,44.0,9.71,0.882,0.263,27.95,13.42,14.78,28.21,29.59,18.63,1.0,,0.0,0.0,0.0,0.0,,,,0.0,0.0,0.0,0.0,,177.0,0.25,47.0,26.55,26.0,14.69,0.812,0.196,30.92,14.21,15.41,29.61,26.05,18.88
745731,2024-06-22,2024,621566,L,641360,R,field_out,False,False,207.0,0.238,54.0,26.09,23.0,11.11,0.738,0.17099999999999999,28.04,13.7,11.76,25.46,28.16,17.15,540.0,0.294,115.0,21.3,90.0,16.67,1.061,0.351,27.51,12.57,12.32,24.89,25.66,14.92,2.0,0.0,1.0,50.0,0.0,0.0,0.0,0.0,66.67,33.33,33.33,66.67,0.0,100.0,127.0,0.202,29.0,22.83,13.0,10.24,0.623,0.119,27.95,14.34,11.31,25.66,33.07,18.12
745731,2024-06-22,2024,663586,R,641360,R,field_out,False,False,180.0,0.264,43.0,23.89,14.0,7.78,0.759,0.16499999999999998,29.44,14.95,12.55,27.5,27.76,17.87,566.0,0.28,137.0,24.2,42.0,7.42,0.841,0.2199999999999999,27.71,13.25,15.53,28.77,27.7,18.53,1.0,,0.0,0.0,0.0,0.0,,,,0.0,0.0,0.0,0.0,,177.0,0.25,47.0,26.55,26.0,14.69,0.812,0.196,30.92,14.21,15.41,29.61,26.05,18.88
746048,2024-06-22,2024,641487,L,641312,R,single,False,False,157.0,0.162,39.0,24.84,19.0,12.1,0.5840000000000001,0.154,18.64,7.54,20.43,27.97,18.53,17.89,446.0,0.266,84.0,18.83,67.0,15.02,0.845,0.197,18.19,6.93,19.49,26.42,17.9,17.39,15.0,0.5,2.0,13.33,1.0,6.67,1.1760000000000002,0.14300000000000002,8.33,4.26,17.02,21.28,27.78,20.0,,,,,,,,,,,,,,
746048,2024-06-22,2024,668942,L,641312,R,single,False,False,203.0,0.28,30.0,14.78,18.0,8.87,0.782,0.15399999999999997,16.71,7.74,16.95,24.69,22.05,12.2,299.0,0.249,64.0,21.4,22.0,7.36,0.6559999999999999,0.1019999999999999,22.77,10.13,19.65,29.78,25.55,19.69,15.0,0.5,2.0,13.33,1.0,6.67,1.1760000000000002,0.14300000000000002,8.33,4.26,17.02,21.28,27.78,20.0,,,,,,,,,,,,,,
746048,2024-06-22,2024,664034,R,641312,R,hit_by_pitch,False,False,177.0,0.241,43.0,24.29,14.0,7.91,0.696,0.139,20.25,9.43,15.43,24.86,23.62,18.86,506.0,0.24,85.0,16.8,37.0,7.31,0.698,0.1169999999999999,22.16,11.42,13.69,25.11,32.3,15.51,17.0,0.471,2.0,11.76,0.0,0.0,1.236,0.29400000000000004,13.64,6.52,21.74,28.26,22.22,20.0,,,,,,,,,,,,,,
746048,2024-06-22,2024,663728,L,641312,R,sac_fly,False,False,200.0,0.228,70.0,35.0,19.0,9.5,0.6890000000000001,0.161,30.41,15.22,13.73,28.95,30.62,22.92,462.0,0.235,126.0,27.27,47.0,10.17,0.7909999999999999,0.241,29.58,14.2,14.09,28.29,30.53,21.36,15.0,0.5,2.0,13.33,1.0,6.67,1.1760000000000002,0.14300000000000002,8.33,4.26,17.02,21.28,27.78,20.0,,,,,,,,,,,,,,
746048,2024-06-22,2024,641598,R,641312,R,strikeout,True,False,168.0,0.158,54.0,32.14,23.0,13.69,0.582,0.13699999999999998,34.55,13.44,21.92,35.36,18.62,24.11,262.0,0.25,70.0,26.72,25.0,9.54,0.845,0.267,25.84,10.63,19.22,29.85,18.71,21.21,17.0,0.471,2.0,11.76,0.0,0.0,1.236,0.29400000000000004,13.64,6.52,21.74,28.26,22.22,20.0,,,,,,,,,,,,,,
746048,2024-06-22,2024,670042,L,641312,R,field_out,False,False,162.0,0.258,53.0,32.72,6.0,3.7,0.759,0.192,36.62,19.8,11.81,31.61,30.27,31.93,363.0,0.247,112.0,30.85,26.0,7.16,0.8340000000000001,0.25,38.6,19.83,11.57,31.39,31.1,26.79,15.0,0.5,2.0,13.33,1.0,6.67,1.1760000000000002,0.14300000000000002,8.33,4.26,17.02,21.28,27.78,20.0,,,,,,,,,,,,,,
746048,2024-06-22,2024,665862,L,669302,R,single,False,False,200.0,0.257,47.0,23.5,19.0,9.5,0.788,0.201,27.79,12.97,13.45,26.42,30.23,20.17,290.0,0.275,91.0,31.38,20.0,6.9,0.8540000000000001,0.25,35.14,15.36,16.88,32.24,26.1,27.41,168.0,0.196,49.0,29.17,8.0,4.76,0.538,0.10799999999999998,33.99,16.75,16.1,32.85,28.43,26.23,383.0,0.233,98.0,25.59,18.0,4.7,0.664,0.164,26.12,13.53,15.24,28.78,29.31,20.0
746048,2024-06-22,2024,650559,R,669302,R,grounded_into_double_play,False,False,207.0,0.233,54.0,26.09,16.0,7.73,0.734,0.206,32.16,16.43,13.67,30.1,32.19,22.04,473.0,0.251,107.0,22.62,29.0,6.13,0.717,0.1689999999999999,28.95,14.54,15.93,30.47,34.61,18.71,207.0,0.202,44.0,21.26,12.0,5.8,0.629,0.176,26.46,13.37,15.3,28.66,28.31,18.49,388.0,0.234,91.0,23.45,18.0,4.64,0.6930000000000001,0.1859999999999999,26.67,13.92,14.54,28.46,30.56,20.87
746048,2024-06-22,2024,605137,L,669302,R,strikeout,True,False,205.0,0.269,40.0,19.51,11.0,5.37,0.728,0.134,29.4,15.82,10.03,25.85,28.81,23.35,432.0,0.239,93.0,21.53,39.0,9.03,0.6970000000000001,0.148,24.59,11.57,13.95,25.52,28.11,20.58,168.0,0.196,49.0,29.17,8.0,4.76,0.538,0.10799999999999998,33.99,16.75,16.1,32.85,28.43,26.23,383.0,0.233,98.0,25.59,18.0,4.7,0.664,0.164,26.12,13.53,15.24,28.78,29.31,20.0
746048,2024-06-22,2024,686527,L,641312,R,field_out,False,False,104.0,0.226,27.0,25.96,10.0,9.62,0.76,0.23600000000000002,34.39,17.47,16.13,33.6,38.78,25.23,155.0,0.221,26.0,16.77,5.0,3.23,0.661,0.1879999999999999,24.65,13.73,16.86,30.59,41.27,21.85,15.0,0.5,2.0,13.33,1.0,6.67,1.1760000000000002,0.14300000000000002,8.33,4.26,17.02,21.28,27.78,20.0,,,,,,,,,,,,,,
746048,2024-06-22,2024,664238,R,641312,R,field_out,False,False,150.0,0.2,41.0,27.33,17.0,11.33,0.7110000000000001,0.184,25.29,10.78,18.41,29.19,17.91,22.65,73.0,0.188,28.0,38.36,6.0,8.22,0.647,0.1709999999999999,33.56,16.33,21.33,37.67,34.46,26.17,17.0,0.471,2.0,11.76,0.0,0.0,1.236,0.29400000000000004,13.64,6.52,21.74,28.26,22.22,20.0,,,,,,,,,,,,,,
746048,2024-06-22,2024,669208,R,641312,R,double,False,False,24.0,0.19,5.0,20.83,1.0,4.17,0.41700000000000004,0.0,25.64,12.99,14.29,27.27,15.62,22.73,,,,,,,,,,,,,,,17.0,0.471,2.0,11.76,0.0,0.0,1.236,0.29400000000000004,13.64,6.52,21.74,28.26,22.22,20.0,,,,,,,,,,,,,,
746048,2024-06-22,2024,641487,L,641312,R,strikeout,True,False,157.0,0.162,39.0,24.84,19.0,12.1,0.5840000000000001,0.154,18.64,7.54,20.43,27.97,18.53,17.89,446.0,0.266,84.0,18.83,67.0,15.02,0.845,0.197,18.19,6.93,19.49,26.42,17.9,17.39,15.0,0.5,2.0,13.33,1.0,6.67,1.1760000000000002,0.14300000000000002,8.33,4.26,17.02,21.28,27.78,20.0,,,,,,,,,,,,,,
746048,2024-06-22,2024,660821,L,669302,R,single,False,False,187.0,0.266,43.0,22.99,10.0,5.35,0.726,0.14399999999999996,26.22,14.33,12.26,26.59,36.71,20.09,353.0,0.258,93.0,26.35,36.0,10.2,0.805,0.21,29.33,14.21,14.01,28.21,30.32,20.53,168.0,0.196,49.0,29.17,8.0,4.76,0.538,0.10799999999999998,33.99,16.75,16.1,32.85,28.43,26.23,383.0,0.233,98.0,25.59,18.0,4.7,0.664,0.164,26.12,13.53,15.24,28.78,29.31,20.0
746048,2024-06-22,2024,641313,R,669302,R,grounded_into_double_play,False,False,134.0,0.214,37.0,27.61,2.0,1.49,0.455,0.015000000000000013,30.11,15.64,15.83,31.47,36.92,22.56,396.0,0.226,95.0,23.99,21.0,5.3,0.538,0.04,26.05,13.64,14.67,28.31,36.05,20.88,207.0,0.202,44.0,21.26,12.0,5.8,0.629,0.176,26.46,13.37,15.3,28.66,28.31,18.49,388.0,0.234,91.0,23.45,18.0,4.64,0.6930000000000001,0.1859999999999999,26.67,13.92,14.54,28.46,30.56,20.87
746048,2024-06-22,2024,672640,R,669302,R,field_out,False,False,103.0,0.283,17.0,16.5,6.0,5.83,0.7290000000000001,0.11900000000000005,22.99,12.25,13.11,25.36,31.43,17.89,,,,,,,,,,,,,,,207.0,0.202,44.0,21.26,12.0,5.8,0.629,0.176,26.46,13.37,15.3,28.66,28.31,18.49,388.0,0.234,91.0,23.45,18.0,4.64,0.6930000000000001,0.1859999999999999,26.67,13.92,14.54,28.46,30.56,20.87
746048,2024-06-22,2024,668942,L,641312,R,field_out,False,False,203.0,0.28,30.0,14.78,18.0,8.87,0.782,0.15399999999999997,16.71,7.74,16.95,24.69,22.05,12.2,299.0,0.249,64.0,21.4,22.0,7.36,0.6559999999999999,0.1019999999999999,22.77,10.13,19.65,29.78,25.55,19.69,15.0,0.5,2.0,13.33,1.0,6.67,1.1760000000000002,0.14300000000000002,8.33,4.26,17.02,21.28,27.78,20.0,,,,,,,,,,,,,,
746048,2024-06-22,2024,664034,R,641312,R,single,False,False,177.0,0.241,43.0,24.29,14.0,7.91,0.696,0.139,20.25,9.43,15.43,24.86,23.62,18.86,506.0,0.24,85.0,16.8,37.0,7.31,0.698,0.1169999999999999,22.16,11.42,13.69,25.11,32.3,15.51,17.0,0.471,2.0,11.76,0.0,0.0,1.236,0.29400000000000004,13.64,6.52,21.74,28.26,22.22,20.0,,,,,,,,,,,,,,
746048,2024-06-22,2024,663728,L,641312,R,field_out,False,False,200.0,0.228,70.0,35.0,19.0,9.5,0.6890000000000001,0.161,30.41,15.22,13.73,28.95,30.62,22.92,462.0,0.235,126.0,27.27,47.0,10.17,0.7909999999999999,0.241,29.58,14.2,14.09,28.29,30.53,21.36,15.0,0.5,2.0,13.33,1.0,6.67,1.1760000000000002,0.14300000000000002,8.33,4.26,17.02,21.28,27.78,20.0,,,,,,,,,,,,,,
746048,2024-06-22,2024,641598,R,641312,R,strikeout,True,False,168.0,0.158,54.0,32.14,23.0,13.69,0.582,0.13699999999999998,34.55,13.44,21.92,35.36,18.62,24.11,262.0,0.25,70.0,26.72,25.0,9.54,0.845,0.267,25.84,10.63,19.22,29.85,18.71,21.21,17.0,0.471,2.0,11.76,0.0,0.0,1.236,0.29400000000000004,13.64,6.52,21.74,28.26,22.22,20.0,,,,,,,,,,,,,,
746048,2024-06-22,2024,624503,L,669302,R,strikeout,True,False,172.0,0.228,38.0,22.09,7.0,4.07,0.615,0.12999999999999998,30.24,18.54,9.76,28.29,44.79,19.69,83.0,0.16,10.0,12.05,1.0,1.2,0.48,0.149,20.99,12.19,10.39,22.58,38.35,12.82,168.0,0.196,49.0,29.17,8.0,4.76,0.538,0.10799999999999998,33.99,16.75,16.1,32.85,28.43,26.23,383.0,0.233,98.0,25.59,18.0,4.7,0.664,0.164,26.12,13.53,15.24,28.78,29.31,20.0
746048,2024-06-22,2024,656896,R,669302,R,field_out,False,False,70.0,0.172,17.0,24.29,8.0,11.43,0.497,0.035,30.3,13.99,15.38,29.37,27.95,17.0,185.0,0.246,40.0,21.62,15.0,8.11,0.651,0.1009999999999999,29.38,13.47,17.14,30.61,25.67,18.1,207.0,0.202,44.0,21.26,12.0,5.8,0.629,0.176,26.46,13.37,15.3,28.66,28.31,18.49,388.0,0.234,91.0,23.45,18.0,4.64,0.6930000000000001,0.1859999999999999,26.67,13.92,14.54,28.46,30.56,20.87
746048,2024-06-22,2024,663743,R,669302,R,field_out,False,False,99.0,0.172,12.0,12.12,3.0,3.03,0.46099999999999997,0.07500000000000001,10.74,4.75,19.88,24.63,25.9,14.81,241.0,0.165,48.0,19.92,14.0,5.81,0.46,0.064,18.93,8.36,19.79,28.15,25.54,22.43,207.0,0.202,44.0,21.26,12.0,5.8,0.629,0.176,26.46,13.37,15.3,28.66,28.31,18.49,388.0,0.234,91.0,23.45,18.0,4.64,0.6930000000000001,0.1859999999999999,26.67,13.92,14.54,28.46,30.56,20.87
746048,2024-06-22,2024,670042,L,641312,R,triple,False,False,162.0,0.258,53.0,32.72,6.0,3.7,0.759,0.192,36.62,19.8,11.81,31.61,30.27,31.93,363.0,0.247,112.0,30.85,26.0,7.16,0.8340000000000001,0.25,38.6,19.83,11.57,31.39,31.1,26.79,15.0,0.5,2.0,13.33,1.0,6.67,1.1760000000000002,0.14300000000000002,8.33,4.26,17.02,21.28,27.78,20.0,,,,,,,,,,,,,,
746048,2024-06-22,2024,686527,L,641312,R,single,False,False,104.0,0.226,27.0,25.96,10.0,9.62,0.76,0.23600000000000002,34.39,17.47,16.13,33.6,38.78,25.23,155.0,0.221,26.0,16.77,5.0,3.23,0.661,0.1879999999999999,24.65,13.73,16.86,30.59,41.27,21.85,15.0,0.5,2.0,13.33,1.0,6.67,1.1760000000000002,0.14300000000000002,8.33,4.26,17.02,21.28,27.78,20.0,,,,,,,,,,,,,,
746048,2024-06-22,2024,664238,R,641312,R,double,False,False,150.0,0.2,41.0,27.33,17.0,11.33,0.7110000000000001,0.184,25.29,10.78,18.41,29.19,17.91,22.65,73.0,0.188,28.0,38.36,6.0,8.22,0.647,0.1709999999999999,33.56,16.33,21.33,37.67,34.46,26.17,17.0,0.471,2.0,11.76,0.0,0.0,1.236,0.29400000000000004,13.64,6.52,21.74,28.26,22.22,20.0,,,,,,,,,,,,,,
746048,2024-06-22,2024,669208,R,641312,R,single,False,False,24.0,0.19,5.0,20.83,1.0,4.17,0.41700000000000004,0.0,25.64,12.99,14.29,27.27,15.62,22.73,,,,,,,,,,,,,,,17.0,0.471,2.0,11.76,0.0,0.0,1.236,0.29400000000000004,13.64,6.52,21.74,28.26,22.22,20.0,,,,,,,,,,,,,,
746048,2024-06-22,2024,641487,L,641312,R,fielders_choice,False,False,157.0,0.162,39.0,24.84,19.0,12.1,0.5840000000000001,0.154,18.64,7.54,20.43,27.97,18.53,17.89,446.0,0.266,84.0,18.83,67.0,15.02,0.845,0.197,18.19,6.93,19.49,26.42,17.9,17.39,15.0,0.5,2.0,13.33,1.0,6.67,1.1760000000000002,0.14300000000000002,8.33,4.26,17.02,21.28,27.78,20.0,,,,,,,,,,,,,,
746048,2024-06-22,2024,668942,L,641312,R,field_out,False,False,203.0,0.28,30.0,14.78,18.0,8.87,0.782,0.15399999999999997,16.71,7.74,16.95,24.69,22.05,12.2,299.0,0.249,64.0,21.4,22.0,7.36,0.6559999999999999,0.1019999999999999,22.77,10.13,19.65,29.78,25.55,19.69,15.0,0.5,2.0,13.33,1.0,6.67,1.1760000000000002,0.14300000000000002,8.33,4.26,17.02,21.28,27.78,20.0,,,,,,,,,,,,,,
746048,2024-06-22,2024,664034,R,608638,R,strikeout,True,False,177.0,0.241,43.0,24.29,14.0,7.91,0.696,0.139,20.25,9.43,15.43,24.86,23.62,18.86,506.0,0.24,85.0,16.8,37.0,7.31,0.698,0.1169999999999999,22.16,11.42,13.69,25.11,32.3,15.51,7.0,0.167,1.0,14.29,1.0,14.29,0.619,0.166,16.67,7.41,25.93,33.33,18.18,9.09,110.0,0.221,22.0,20.0,11.0,10.0,0.643,0.1259999999999999,21.08,8.06,22.58,30.65,19.91,19.13
746048,2024-06-22,2024,663728,L,608638,R,field_out,False,False,200.0,0.228,70.0,35.0,19.0,9.5,0.6890000000000001,0.161,30.41,15.22,13.73,28.95,30.62,22.92,462.0,0.235,126.0,27.27,47.0,10.17,0.7909999999999999,0.241,29.58,14.2,14.09,28.29,30.53,21.36,7.0,0.167,1.0,14.29,1.0,14.29,0.45299999999999996,0.0,7.14,4.0,16.0,20.0,30.77,11.11,64.0,0.25,13.0,20.31,7.0,10.94,0.757,0.179,19.13,8.03,16.42,24.45,24.32,17.33
746048,2024-06-22,2024,665862,L,669302,R,strikeout,True,False,200.0,0.257,47.0,23.5,19.0,9.5,0.788,0.201,27.79,12.97,13.45,26.42,30.23,20.17,290.0,0.275,91.0,31.38,20.0,6.9,0.8540000000000001,0.25,35.14,15.36,16.88,32.24,26.1,27.41,168.0,0.196,49.0,29.17,8.0,4.76,0.538,0.10799999999999998,33.99,16.75,16.1,32.85,28.43,26.23,383.0,0.233,98.0,25.59,18.0,4.7,0.664,0.164,26.12,13.53,15.24,28.78,29.31,20.0
746048,2024-06-22,2024,650559,R,669302,R,field_out,False,False,207.0,0.233,54.0,26.09,16.0,7.73,0.734,0.206,32.16,16.43,13.67,30.1,32.19,22.04,473.0,0.251,107.0,22.62,29.0,6.13,0.717,0.1689999999999999,28.95,14.54,15.93,30.47,34.61,18.71,207.0,0.202,44.0,21.26,12.0,5.8,0.629,0.176,26.46,13.37,15.3,28.66,28.31,18.49,388.0,0.234,91.0,23.45,18.0,4.64,0.6930000000000001,0.1859999999999999,26.67,13.92,14.54,28.46,30.56,20.87
746048,2024-06-22,2024,605137,L,669302,R,strikeout,True,False,205.0,0.269,40.0,19.51,11.0,5.37,0.728,0.134,29.4,15.82,10.03,25.85,28.81,23.35,432.0,0.239,93.0,21.53,39.0,9.03,0.6970000000000001,0.148,24.59,11.57,13.95,25.52,28.11,20.58,168.0,0.196,49.0,29.17,8.0,4.76,0.538,0.10799999999999998,33.99,16.75,16.1,32.85,28.43,26.23,383.0,0.233,98.0,25.59,18.0,4.7,0.664,0.164,26.12,13.53,15.24,28.78,29.31,20.0
746048,2024-06-22,2024,641598,R,608638,R,field_out,False,False,168.0,0.158,54.0,32.14,23.0,13.69,0.582,0.13699999999999998,34.55,13.44,21.92,35.36,18.62,24.11,262.0,0.25,70.0,26.72,25.0,9.54,0.845,0.267,25.84,10.63,19.22,29.85,18.71,21.21,7.0,0.167,1.0,14.29,1.0,14.29,0.619,0.166,16.67,7.41,25.93,33.33,18.18,9.09,110.0,0.221,22.0,20.0,11.0,10.0,0.643,0.1259999999999999,21.08,8.06,22.58,30.65,19.91,19.13
746048,2024-06-22,2024,670042,L,608638,R,strikeout,True,False,162.0,0.258,53.0,32.72,6.0,3.7,0.759,0.192,36.62,19.8,11.81,31.61,30.27,31.93,363.0,0.247,112.0,30.85,26.0,7.16,0.8340000000000001,0.25,38.6,19.83,11.57,31.39,31.1,26.79,7.0,0.167,1.0,14.29,1.0,14.29,0.45299999999999996,0.0,7.14,4.0,16.0,20.0,30.77,11.11,64.0,0.25,13.0,20.31,7.0,10.94,0.757,0.179,19.13,8.03,16.42,24.45,24.32,17.33
746048,2024-06-22,2024,686527,L,608638,R,home_run,False,False,104.0,0.226,27.0,25.96,10.0,9.62,0.76,0.23600000000000002,34.39,17.47,16.13,33.6,38.78,25.23,155.0,0.221,26.0,16.77,5.0,3.23,0.661,0.1879999999999999,24.65,13.73,16.86,30.59,41.27,21.85,7.0,0.167,1.0,14.29,1.0,14.29,0.45299999999999996,0.0,7.14,4.0,16.0,20.0,30.77,11.11,64.0,0.25,13.0,20.31,7.0,10.94,0.757,0.179,19.13,8.03,16.42,24.45,24.32,17.33
746048,2024-06-22,2024,664238,R,608638,R,field_out,False,False,150.0,0.2,41.0,27.33,17.0,11.33,0.7110000000000001,0.184,25.29,10.78,18.41,29.19,17.91,22.65,73.0,0.188,28.0,38.36,6.0,8.22,0.647,0.1709999999999999,33.56,16.33,21.33,37.67,34.46,26.17,7.0,0.167,1.0,14.29,1.0,14.29,0.619,0.166,16.67,7.41,25.93,33.33,18.18,9.09,110.0,0.221,22.0,20.0,11.0,10.0,0.643,0.1259999999999999,21.08,8.06,22.58,30.65,19.91,19.13
746048,2024-06-22,2024,660821,L,669302,R,field_out,False,False,187.0,0.266,43.0,22.99,10.0,5.35,0.726,0.14399999999999996,26.22,14.33,12.26,26.59,36.71,20.09,353.0,0.258,93.0,26.35,36.0,10.2,0.805,0.21,29.33,14.21,14.01,28.21,30.32,20.53,168.0,0.196,49.0,29.17,8.0,4.76,0.538,0.10799999999999998,33.99,16.75,16.1,32.85,28.43,26.23,383.0,0.233,98.0,25.59,18.0,4.7,0.664,0.164,26.12,13.53,15.24,28.78,29.31,20.0
746048,2024-06-22,2024,641313,R,669302,R,field_out,False,False,134.0,0.214,37.0,27.61,2.0,1.49,0.455,0.015000000000000013,30.11,15.64,15.83,31.47,36.92,22.56,396.0,0.226,95.0,23.99,21.0,5.3,0.538,0.04,26.05,13.64,14.67,28.31,36.05,20.88,207.0,0.202,44.0,21.26,12.0,5.8,0.629,0.176,26.46,13.37,15.3,28.66,28.31,18.49,388.0,0.234,91.0,23.45,18.0,4.64,0.6930000000000001,0.1859999999999999,26.67,13.92,14.54,28.46,30.56,20.87
746048,2024-06-22,2024,672640,R,669302,R,field_out,False,False,103.0,0.283,17.0,16.5,6.0,5.83,0.7290000000000001,0.11900000000000005,22.99,12.25,13.11,25.36,31.43,17.89,,,,,,,,,,,,,,,207.0,0.202,44.0,21.26,12.0,5.8,0.629,0.176,26.46,13.37,15.3,28.66,28.31,18.49,388.0,0.234,91.0,23.45,18.0,4.64,0.6930000000000001,0.1859999999999999,26.67,13.92,14.54,28.46,30.56,20.87
746048,2024-06-22,2024,669208,R,686539,R,field_out,False,False,24.0,0.19,5.0,20.83,1.0,4.17,0.41700000000000004,0.0,25.64,12.99,14.29,27.27,15.62,22.73,,,,,,,,,,,,,,,99.0,0.236,25.0,25.25,8.0,8.08,0.56,0.01100000000000001,32.07,15.65,14.59,30.24,25.41,24.04,27.0,0.095,6.0,22.22,4.0,14.81,0.534,0.143,23.53,10.81,15.32,26.13,33.33,16.22
746048,2024-06-22,2024,641487,L,686539,R,strikeout,True,False,157.0,0.162,39.0,24.84,19.0,12.1,0.5840000000000001,0.154,18.64,7.54,20.43,27.97,18.53,17.89,446.0,0.266,84.0,18.83,67.0,15.02,0.845,0.197,18.19,6.93,19.49,26.42,17.9,17.39,46.0,0.289,7.0,15.22,6.0,13.04,0.7070000000000001,0.027000000000000024,18.67,9.21,15.79,25.0,30.77,18.92,24.0,0.429,2.0,8.33,3.0,12.5,1.262,0.333,6.45,2.44,19.51,21.95,10.53,7.14
746048,2024-06-22,2024,668942,L,686539,R,strikeout,True,False,203.0,0.28,30.0,14.78,18.0,8.87,0.782,0.15399999999999997,16.71,7.74,16.95,24.69,22.05,12.2,299.0,0.249,64.0,21.4,22.0,7.36,0.6559999999999999,0.1019999999999999,22.77,10.13,19.65,29.78,25.55,19.69,46.0,0.289,7.0,15.22,6.0,13.04,0.7070000000000001,0.027000000000000024,18.67,9.21,15.79,25.0,30.77,18.92,24.0,0.429,2.0,8.33,3.0,12.5,1.262,0.333,6.45,2.44,19.51,21.95,10.53,7.14
746048,2024-06-22,2024,624503,L,669302,R,double,False,False,172.0,0.228,38.0,22.09,7.0,4.07,0.615,0.12999999999999998,30.24,18.54,9.76,28.29,44.79,19.69,83.0,0.16,10.0,12.05,1.0,1.2,0.48,0.149,20.99,12.19,10.39,22.58,38.35,12.82,168.0,0.196,49.0,29.17,8.0,4.76,0.538,0.10799999999999998,33.99,16.75,16.1,32.85,28.43,26.23,383.0,0.233,98.0,25.59,18.0,4.7,0.664,0.164,26.12,13.53,15.24,28.78,29.31,20.0
746048,2024-06-22,2024,656896,R,669302,R,field_error,False,False,70.0,0.172,17.0,24.29,8.0,11.43,0.497,0.035,30.3,13.99,15.38,29.37,27.95,17.0,185.0,0.246,40.0,21.62,15.0,8.11,0.651,0.1009999999999999,29.38,13.47,17.14,30.61,25.67,18.1,207.0,0.202,44.0,21.26,12.0,5.8,0.629,0.176,26.46,13.37,15.3,28.66,28.31,18.49,388.0,0.234,91.0,23.45,18.0,4.64,0.6930000000000001,0.1859999999999999,26.67,13.92,14.54,28.46,30.56,20.87
746048,2024-06-22,2024,663743,R,669302,R,grounded_into_double_play,False,False,99.0,0.172,12.0,12.12,3.0,3.03,0.46099999999999997,0.07500000000000001,10.74,4.75,19.88,24.63,25.9,14.81,241.0,0.165,48.0,19.92,14.0,5.81,0.46,0.064,18.93,8.36,19.79,28.15,25.54,22.43,207.0,0.202,44.0,21.26,12.0,5.8,0.629,0.176,26.46,13.37,15.3,28.66,28.31,18.49,388.0,0.234,91.0,23.45,18.0,4.64,0.6930000000000001,0.1859999999999999,26.67,13.92,14.54,28.46,30.56,20.87
746048,2024-06-22,2024,660644,L,669302,R,strikeout,True,False,102.0,0.247,18.0,17.65,7.0,6.86,0.669,0.10799999999999998,25.0,12.97,12.97,25.95,25.58,16.82,63.0,0.196,17.0,26.98,4.0,6.35,0.494,0.036,25.62,13.36,13.79,27.16,31.45,26.98,168.0,0.196,49.0,29.17,8.0,4.76,0.538,0.10799999999999998,33.99,16.75,16.1,32.85,28.43,26.23,383.0,0.233,98.0,25.59,18.0,4.7,0.664,0.164,26.12,13.53,15.24,28.78,29.31,20.0
746048,2024-06-22,2024,664034,R,686539,R,strikeout,True,False,177.0,0.241,43.0,24.29,14.0,7.91,0.696,0.139,20.25,9.43,15.43,24.86,23.62,18.86,506.0,0.24,85.0,16.8,37.0,7.31,0.698,0.1169999999999999,22.16,11.42,13.69,25.11,32.3,15.51,99.0,0.236,25.0,25.25,8.0,8.08,0.56,0.01100000000000001,32.07,15.65,14.59,30.24,25.41,24.04,27.0,0.095,6.0,22.22,4.0,14.81,0.534,0.143,23.53,10.81,15.32,26.13,33.33,16.22
746048,2024-06-22,2024,663728,L,686539,R,field_out,False,False,200.0,0.228,70.0,35.0,19.0,9.5,0.6890000000000001,0.161,30.41,15.22,13.73,28.95,30.62,22.92,462.0,0.235,126.0,27.27,47.0,10.17,0.7909999999999999,0.241,29.58,14.2,14.09,28.29,30.53,21.36,46.0,0.289,7.0,15.22,6.0,13.04,0.7070000000000001,0.027000000000000024,18.67,9.21,15.79,25.0,30.77,18.92,24.0,0.429,2.0,8.33,3.0,12.5,1.262,0.333,6.45,2.44,19.51,21.95,10.53,7.14
746048,2024-06-22,2024,641598,R,686539,R,field_out,False,False,168.0,0.158,54.0,32.14,23.0,13.69,0.582,0.13699999999999998,34.55,13.44,21.92,35.36,18.62,24.11,262.0,0.25,70.0,26.72,25.0,9.54,0.845,0.267,25.84,10.63,19.22,29.85,18.71,21.21,99.0,0.236,25.0,25.25,8.0,8.08,0.56,0.01100000000000001,32.07,15.65,14.59,30.24,25.41,24.04,27.0,0.095,6.0,22.22,4.0,14.81,0.534,0.143,23.53,10.81,15.32,26.13,33.33,16.22
746048,2024-06-22,2024,650559,R,669302,R,field_error,False,False,207.0,0.233,54.0,26.09,16.0,7.73,0.734,0.206,32.16,16.43,13.67,30.1,32.19,22.04,473.0,0.251,107.0,22.62,29.0,6.13,0.717,0.1689999999999999,28.95,14.54,15.93,30.47,34.61,18.71,207.0,0.202,44.0,21.26,12.0,5.8,0.629,0.176,26.46,13.37,15.3,28.66,28.31,18.49,388.0,0.234,91.0,23.45,18.0,4.64,0.6930000000000001,0.1859999999999999,26.67,13.92,14.54,28.46,30.56,20.87
746048,2024-06-22,2024,605137,L,669302,R,field_out,False,False,205.0,0.269,40.0,19.51,11.0,5.37,0.728,0.134,29.4,15.82,10.03,25.85,28.81,23.35,432.0,0.239,93.0,21.53,39.0,9.03,0.6970000000000001,0.148,24.59,11.57,13.95,25.52,28.11,20.58,168.0,0.196,49.0,29.17,8.0,4.76,0.538,0.10799999999999998,33.99,16.75,16.1,32.85,28.43,26.23,383.0,0.233,98.0,25.59,18.0,4.7,0.664,0.164,26.12,13.53,15.24,28.78,29.31,20.0
746048,2024-06-22,2024,660821,L,669302,R,walk,False,True,187.0,0.266,43.0,22.99,10.0,5.35,0.726,0.14399999999999996,26.22,14.33,12.26,26.59,36.71,20.09,353.0,0.258,93.0,26.35,36.0,10.2,0.805,0.21,29.33,14.21,14.01,28.21,30.32,20.53,168.0,0.196,49.0,29.17,8.0,4.76,0.538,0.10799999999999998,33.99,16.75,16.1,32.85,28.43,26.23,383.0,0.233,98.0,25.59,18.0,4.7,0.664,0.164,26.12,13.53,15.24,28.78,29.31,20.0
746048,2024-06-22,2024,641313,R,669302,R,strikeout,True,False,134.0,0.214,37.0,27.61,2.0,1.49,0.455,0.015000000000000013,30.11,15.64,15.83,31.47,36.92,22.56,396.0,0.226,95.0,23.99,21.0,5.3,0.538,0.04,26.05,13.64,14.67,28.31,36.05,20.88,207.0,0.202,44.0,21.26,12.0,5.8,0.629,0.176,26.46,13.37,15.3,28.66,28.31,18.49,388.0,0.234,91.0,23.45,18.0,4.64,0.6930000000000001,0.1859999999999999,26.67,13.92,14.54,28.46,30.56,20.87
746048,2024-06-22,2024,672640,R,669302,R,field_out,False,False,103.0,0.283,17.0,16.5,6.0,5.83,0.7290000000000001,0.11900000000000005,22.99,12.25,13.11,25.36,31.43,17.89,,,,,,,,,,,,,,,207.0,0.202,44.0,21.26,12.0,5.8,0.629,0.176,26.46,13.37,15.3,28.66,28.31,18.49,388.0,0.234,91.0,23.45,18.0,4.64,0.6930000000000001,0.1859999999999999,26.67,13.92,14.54,28.46,30.56,20.87
746048,2024-06-22,2024,670042,L,686539,R,field_out,False,False,162.0,0.258,53.0,32.72,6.0,3.7,0.759,0.192,36.62,19.8,11.81,31.61,30.27,31.93,363.0,0.247,112.0,30.85,26.0,7.16,0.8340000000000001,0.25,38.6,19.83,11.57,31.39,31.1,26.79,46.0,0.289,7.0,15.22,6.0,13.04,0.7070000000000001,0.027000000000000024,18.67,9.21,15.79,25.0,30.77,18.92,24.0,0.429,2.0,8.33,3.0,12.5,1.262,0.333,6.45,2.44,19.51,21.95,10.53,7.14
746048,2024-06-22,2024,686527,L,686539,R,single,False,False,104.0,0.226,27.0,25.96,10.0,9.62,0.76,0.23600000000000002,34.39,17.47,16.13,33.6,38.78,25.23,155.0,0.221,26.0,16.77,5.0,3.23,0.661,0.1879999999999999,24.65,13.73,16.86,30.59,41.27,21.85,46.0,0.289,7.0,15.22,6.0,13.04,0.7070000000000001,0.027000000000000024,18.67,9.21,15.79,25.0,30.77,18.92,24.0,0.429,2.0,8.33,3.0,12.5,1.262,0.333,6.45,2.44,19.51,21.95,10.53,7.14
746048,2024-06-22,2024,664238,R,686539,R,double,False,False,150.0,0.2,41.0,27.33,17.0,11.33,0.7110000000000001,0.184,25.29,10.78,18.41,29.19,17.91,22.65,73.0,0.188,28.0,38.36,6.0,8.22,0.647,0.1709999999999999,33.56,16.33,21.33,37.67,34.46,26.17,99.0,0.236,25.0,25.25,8.0,8.08,0.56,0.01100000000000001,32.07,15.65,14.59,30.24,25.41,24.04,27.0,0.095,6.0,22.22,4.0,14.81,0.534,0.143,23.53,10.81,15.32,26.13,33.33,16.22
746048,2024-06-22,2024,669208,R,686539,R,double,False,False,24.0,0.19,5.0,20.83,1.0,4.17,0.41700000000000004,0.0,25.64,12.99,14.29,27.27,15.62,22.73,,,,,,,,,,,,,,,99.0,0.236,25.0,25.25,8.0,8.08,0.56,0.01100000000000001,32.07,15.65,14.59,30.24,25.41,24.04,27.0,0.095,6.0,22.22,4.0,14.81,0.534,0.143,23.53,10.81,15.32,26.13,33.33,16.22
746048,2024-06-22,2024,641487,L,686539,R,strikeout,True,False,157.0,0.162,39.0,24.84,19.0,12.1,0.5840000000000001,0.154,18.64,7.54,20.43,27.97,18.53,17.89,446.0,0.266,84.0,18.83,67.0,15.02,0.845,0.197,18.19,6.93,19.49,26.42,17.9,17.39,46.0,0.289,7.0,15.22,6.0,13.04,0.7070000000000001,0.027000000000000024,18.67,9.21,15.79,25.0,30.77,18.92,24.0,0.429,2.0,8.33,3.0,12.5,1.262,0.333,6.45,2.44,19.51,21.95,10.53,7.14
746048,2024-06-22,2024,668942,L,686539,R,single,False,False,203.0,0.28,30.0,14.78,18.0,8.87,0.782,0.15399999999999997,16.71,7.74,16.95,24.69,22.05,12.2,299.0,0.249,64.0,21.4,22.0,7.36,0.6559999999999999,0.1019999999999999,22.77,10.13,19.65,29.78,25.55,19.69,46.0,0.289,7.0,15.22,6.0,13.04,0.7070000000000001,0.027000000000000024,18.67,9.21,15.79,25.0,30.77,18.92,24.0,0.429,2.0,8.33,3.0,12.5,1.262,0.333,6.45,2.44,19.51,21.95,10.53,7.14
746048,2024-06-22,2024,664034,R,669622,R,field_out,False,False,177.0,0.241,43.0,24.29,14.0,7.91,0.696,0.139,20.25,9.43,15.43,24.86,23.62,18.86,506.0,0.24,85.0,16.8,37.0,7.31,0.698,0.1169999999999999,22.16,11.42,13.69,25.11,32.3,15.51,76.0,0.261,19.0,25.0,4.0,5.26,0.706,0.11599999999999999,24.83,10.56,21.7,32.26,28.57,15.57,,,,,,,,,,,,,,
746048,2024-06-22,2024,624503,L,669302,R,field_out,False,False,172.0,0.228,38.0,22.09,7.0,4.07,0.615,0.12999999999999998,30.24,18.54,9.76,28.29,44.79,19.69,83.0,0.16,10.0,12.05,1.0,1.2,0.48,0.149,20.99,12.19,10.39,22.58,38.35,12.82,168.0,0.196,49.0,29.17,8.0,4.76,0.538,0.10799999999999998,33.99,16.75,16.1,32.85,28.43,26.23,383.0,0.233,98.0,25.59,18.0,4.7,0.664,0.164,26.12,13.53,15.24,28.78,29.31,20.0
746048,2024-06-22,2024,656896,R,669302,R,field_out,False,False,70.0,0.172,17.0,24.29,8.0,11.43,0.497,0.035,30.3,13.99,15.38,29.37,27.95,17.0,185.0,0.246,40.0,21.62,15.0,8.11,0.651,0.1009999999999999,29.38,13.47,17.14,30.61,25.67,18.1,207.0,0.202,44.0,21.26,12.0,5.8,0.629,0.176,26.46,13.37,15.3,28.66,28.31,18.49,388.0,0.234,91.0,23.45,18.0,4.64,0.6930000000000001,0.1859999999999999,26.67,13.92,14.54,28.46,30.56,20.87
746048,2024-06-22,2024,663743,R,669302,R,double,False,False,99.0,0.172,12.0,12.12,3.0,3.03,0.46099999999999997,0.07500000000000001,10.74,4.75,19.88,24.63,25.9,14.81,241.0,0.165,48.0,19.92,14.0,5.81,0.46,0.064,18.93,8.36,19.79,28.15,25.54,22.43,207.0,0.202,44.0,21.26,12.0,5.8,0.629,0.176,26.46,13.37,15.3,28.66,28.31,18.49,388.0,0.234,91.0,23.45,18.0,4.64,0.6930000000000001,0.1859999999999999,26.67,13.92,14.54,28.46,30.56,20.87
746048,2024-06-22,2024,660644,L,669302,R,field_out,False,False,102.0,0.247,18.0,17.65,7.0,6.86,0.669,0.10799999999999998,25.0,12.97,12.97,25.95,25.58,16.82,63.0,0.196,17.0,26.98,4.0,6.35,0.494,0.036,25.62,13.36,13.79,27.16,31.45,26.98,168.0,0.196,49.0,29.17,8.0,4.76,0.538,0.10799999999999998,33.99,16.75,16.1,32.85,28.43,26.23,383.0,0.233,98.0,25.59,18.0,4.7,0.664,0.164,26.12,13.53,15.24,28.78,29.31,20.0
746048,2024-06-22,2024,663728,L,656896,R,single,False,False,200.0,0.228,70.0,35.0,19.0,9.5,0.6890000000000001,0.161,30.41,15.22,13.73,28.95,30.62,22.92,462.0,0.235,126.0,27.27,47.0,10.17,0.7909999999999999,0.241,29.58,14.2,14.09,28.29,30.53,21.36,6.0,0.333,0.0,0.0,0.0,0.0,0.666,0.0,12.5,6.67,13.33,20.0,40.0,0.0,,,,,,,,,,,,,,
746048,2024-06-22,2024,641598,R,656896,R,field_out,False,False,168.0,0.158,54.0,32.14,23.0,13.69,0.582,0.13699999999999998,34.55,13.44,21.92,35.36,18.62,24.11,262.0,0.25,70.0,26.72,25.0,9.54,0.845,0.267,25.84,10.63,19.22,29.85,18.71,21.21,6.0,0.6,0.0,0.0,0.0,0.0,1.867,0.6,12.5,6.25,18.75,25.0,28.57,0.0,,,,,,,,,,,,,,
746048,2024-06-22,2024,670042,L,656896,R,field_out,False,False,162.0,0.258,53.0,32.72,6.0,3.7,0.759,0.192,36.62,19.8,11.81,31.61,30.27,31.93,363.0,0.247,112.0,30.85,26.0,7.16,0.8340000000000001,0.25,38.6,19.83,11.57,31.39,31.1,26.79,6.0,0.333,0.0,0.0,0.0,0.0,0.666,0.0,12.5,6.67,13.33,20.0,40.0,0.0,,,,,,,,,,,,,,
746048,2024-06-22,2024,686527,L,656896,R,single,False,False,104.0,0.226,27.0,25.96,10.0,9.62,0.76,0.23600000000000002,34.39,17.47,16.13,33.6,38.78,25.23,155.0,0.221,26.0,16.77,5.0,3.23,0.661,0.1879999999999999,24.65,13.73,16.86,30.59,41.27,21.85,6.0,0.333,0.0,0.0,0.0,0.0,0.666,0.0,12.5,6.67,13.33,20.0,40.0,0.0,,,,,,,,,,,,,,
746048,2024-06-22,2024,664238,R,656896,R,field_out,False,False,150.0,0.2,41.0,27.33,17.0,11.33,0.7110000000000001,0.184,25.29,10.78,18.41,29.19,17.91,22.65,73.0,0.188,28.0,38.36,6.0,8.22,0.647,0.1709999999999999,33.56,16.33,21.33,37.67,34.46,26.17,6.0,0.6,0.0,0.0,0.0,0.0,1.867,0.6,12.5,6.25,18.75,25.0,28.57,0.0,,,,,,,,,,,,,,
746048,2024-06-22,2024,650559,R,660825,R,field_out,False,False,207.0,0.233,54.0,26.09,16.0,7.73,0.734,0.206,32.16,16.43,13.67,30.1,32.19,22.04,473.0,0.251,107.0,22.62,29.0,6.13,0.717,0.1689999999999999,28.95,14.54,15.93,30.47,34.61,18.71,24.0,0.158,5.0,20.83,3.0,12.5,0.484,0.05299999999999999,20.51,8.99,15.73,24.72,32.08,18.18,42.0,0.256,9.0,21.43,3.0,7.14,0.746,0.18,24.73,13.53,15.88,29.41,38.46,13.64
746048,2024-06-22,2024,645305,R,660825,R,strikeout,True,False,,,,,,,,,,,,,,,,,,,,,,,,,,,,,24.0,0.158,5.0,20.83,3.0,12.5,0.484,0.05299999999999999,20.51,8.99,15.73,24.72,32.08,18.18,42.0,0.256,9.0,21.43,3.0,7.14,0.746,0.18,24.73,13.53,15.88,29.41,38.46,13.64
746048,2024-06-22,2024,660821,L,660825,R,strikeout,True,False,187.0,0.266,43.0,22.99,10.0,5.35,0.726,0.14399999999999996,26.22,14.33,12.26,26.59,36.71,20.09,353.0,0.258,93.0,26.35,36.0,10.2,0.805,0.21,29.33,14.21,14.01,28.21,30.32,20.53,23.0,0.333,6.0,26.09,2.0,8.7,1.01,0.286,27.5,11.96,19.57,31.52,27.08,28.57,25.0,0.208,6.0,24.0,1.0,4.0,0.657,0.209,32.0,16.0,15.0,31.0,31.37,17.65
746622,2024-06-22,2024,643396,R,594902,R,strikeout,True,False,177.0,0.273,23.0,12.99,10.0,5.65,0.6950000000000001,0.10599999999999998,13.88,6.49,21.3,27.79,32.76,14.84,273.0,0.246,54.0,19.78,17.0,6.23,0.6479999999999999,0.1069999999999999,19.6,9.05,20.2,29.25,28.6,15.56,125.0,0.278,24.0,19.2,9.0,7.2,0.783,0.174,18.14,8.56,16.91,25.47,25.0,17.02,182.0,0.243,43.0,23.63,10.0,5.49,0.6990000000000001,0.159,25.16,11.53,19.16,30.69,25.39,23.5
746622,2024-06-22,2024,687462,L,594902,R,field_out,False,False,38.0,0.355,5.0,13.16,6.0,15.79,0.878,0.064,19.4,8.61,18.54,27.15,24.32,10.0,38.0,0.265,10.0,26.32,3.0,7.89,0.754,0.1469999999999999,27.14,13.01,17.12,30.14,25.35,21.74,116.0,0.196,28.0,24.14,9.0,7.76,0.614,0.15899999999999997,21.08,10.04,17.95,27.99,23.58,20.0,201.0,0.296,36.0,17.91,15.0,7.46,0.918,0.2739999999999999,16.46,7.4,18.02,25.42,23.68,22.09
746622,2024-06-22,2024,665489,R,594902,R,field_out,False,False,266.0,0.29,46.0,17.29,27.0,10.15,0.7769999999999999,0.122,24.65,11.79,15.28,27.08,26.15,14.02,558.0,0.26,85.0,15.23,48.0,8.6,0.792,0.2,23.83,12.29,11.94,24.23,30.21,15.37,125.0,0.278,24.0,19.2,9.0,7.2,0.783,0.174,18.14,8.56,16.91,25.47,25.0,17.02,182.0,0.243,43.0,23.63,10.0,5.49,0.6990000000000001,0.159,25.16,11.53,19.16,30.69,25.39,23.5
746622,2024-06-22,2024,680757,L,621244,R,double,False,False,153.0,0.363,11.0,7.19,14.0,9.15,0.978,0.18500000000000005,6.58,2.69,22.39,25.08,19.71,6.88,494.0,0.272,52.0,10.53,50.0,10.12,0.73,0.1119999999999999,10.22,4.19,22.03,26.23,20.67,8.84,184.0,0.194,34.0,18.48,15.0,8.15,0.639,0.176,20.91,9.29,18.44,27.73,26.92,15.67,407.0,0.261,97.0,23.83,31.0,7.62,0.773,0.189,27.03,12.19,17.64,29.83,27.76,22.0
746622,2024-06-22,2024,665926,L,621244,R,walk,False,True,212.0,0.241,32.0,15.09,12.0,5.66,0.64,0.09900000000000003,25.22,13.86,12.17,26.02,36.32,12.2,419.0,0.243,86.0,20.53,24.0,5.73,0.712,0.162,26.46,14.29,12.8,27.09,38.97,17.27,184.0,0.194,34.0,18.48,15.0,8.15,0.639,0.176,20.91,9.29,18.44,27.73,26.92,15.67,407.0,0.261,97.0,23.83,31.0,7.62,0.773,0.189,27.03,12.19,17.64,29.83,27.76,22.0
746622,2024-06-22,2024,608070,L,621244,R,force_out,False,False,214.0,0.246,24.0,11.21,17.0,7.94,0.8049999999999999,0.251,13.38,6.54,13.41,19.96,30.85,8.66,461.0,0.302,48.0,10.41,54.0,11.71,0.863,0.179,15.4,6.98,13.91,20.89,28.02,10.17,184.0,0.194,34.0,18.48,15.0,8.15,0.639,0.176,20.91,9.29,18.44,27.73,26.92,15.67,407.0,0.261,97.0,23.83,31.0,7.62,0.773,0.189,27.03,12.19,17.64,29.83,27.76,22.0
746622,2024-06-22,2024,647304,L,621244,R,grounded_into_double_play,False,False,209.0,0.264,28.0,13.4,21.0,10.05,0.888,0.28,19.69,10.27,9.87,20.13,33.5,13.53,348.0,0.311,53.0,15.23,25.0,7.18,0.851,0.184,21.29,11.96,9.18,21.15,41.36,16.99,184.0,0.194,34.0,18.48,15.0,8.15,0.639,0.176,20.91,9.29,18.44,27.73,26.92,15.67,407.0,0.261,97.0,23.83,31.0,7.62,0.773,0.189,27.03,12.19,17.64,29.83,27.76,22.0
746622,2024-06-22,2024,543807,R,594902,R,strikeout,True,False,215.0,0.215,35.0,16.28,22.0,10.23,0.612,0.099,23.48,12.19,12.98,25.16,23.58,16.06,539.0,0.262,101.0,18.74,43.0,7.98,0.738,0.1489999999999999,23.18,11.37,14.48,25.84,23.35,18.21,125.0,0.278,24.0,19.2,9.0,7.2,0.783,0.174,18.14,8.56,16.91,25.47,25.0,17.02,182.0,0.243,43.0,23.63,10.0,5.49,0.6990000000000001,0.159,25.16,11.53,19.16,30.69,25.39,23.5
746622,2024-06-22,2024,662139,L,594902,R,field_out,False,False,212.0,0.194,61.0,28.77,20.0,9.43,0.714,0.246,26.38,12.07,16.09,28.16,23.72,24.6,466.0,0.202,111.0,23.82,36.0,7.73,0.662,0.19,25.51,12.84,15.05,27.89,29.23,18.26,116.0,0.196,28.0,24.14,9.0,7.76,0.614,0.15899999999999997,21.08,10.04,17.95,27.99,23.58,20.0,201.0,0.296,36.0,17.91,15.0,7.46,0.918,0.2739999999999999,16.46,7.4,18.02,25.42,23.68,22.09
746622,2024-06-22,2024,676914,R,594902,R,home_run,False,False,182.0,0.237,44.0,24.18,20.0,10.99,0.773,0.199,25.85,10.63,18.86,29.49,21.01,16.99,87.0,0.247,27.0,31.03,11.0,12.64,0.8340000000000001,0.219,37.06,13.98,21.9,35.88,15.66,21.77,125.0,0.278,24.0,19.2,9.0,7.2,0.783,0.174,18.14,8.56,16.91,25.47,25.0,17.02,182.0,0.243,43.0,23.63,10.0,5.49,0.6990000000000001,0.159,25.16,11.53,19.16,30.69,25.39,23.5
746622,2024-06-22,2024,676391,R,594902,R,field_out,False,False,80.0,0.244,6.0,7.5,1.0,1.25,0.635,0.14100000000000001,16.57,9.96,13.88,23.84,44.76,7.69,20.0,0.4,1.0,5.0,0.0,0.0,1.05,0.25,5.71,3.33,15.0,18.33,40.0,7.69,125.0,0.278,24.0,19.2,9.0,7.2,0.783,0.174,18.14,8.56,16.91,25.47,25.0,17.02,182.0,0.243,43.0,23.63,10.0,5.49,0.6990000000000001,0.159,25.16,11.53,19.16,30.69,25.39,23.5
746622,2024-06-22,2024,686823,L,621244,R,single,False,False,192.0,0.272,22.0,11.46,16.0,8.33,0.784,0.173,17.89,9.61,11.5,21.11,31.88,12.29,369.0,0.279,45.0,12.2,14.0,3.79,0.6930000000000001,0.0999999999999999,17.97,10.23,12.48,22.71,38.5,12.47,184.0,0.194,34.0,18.48,15.0,8.15,0.639,0.176,20.91,9.29,18.44,27.73,26.92,15.67,407.0,0.261,97.0,23.83,31.0,7.62,0.773,0.189,27.03,12.19,17.64,29.83,27.76,22.0
746622,2024-06-22,2024,682177,L,621244,R,field_out,False,False,33.0,0.321,7.0,21.21,5.0,15.15,0.9949999999999999,0.24999999999999994,22.03,9.85,15.91,25.76,18.92,20.0,,,,,,,,,,,,,,,184.0,0.194,34.0,18.48,15.0,8.15,0.639,0.176,20.91,9.29,18.44,27.73,26.92,15.67,407.0,0.261,97.0,23.83,31.0,7.62,0.773,0.189,27.03,12.19,17.64,29.83,27.76,22.0
746622,2024-06-22,2024,666310,L,621244,R,home_run,False,False,143.0,0.185,50.0,34.97,11.0,7.69,0.521,0.08400000000000002,30.34,14.38,17.65,32.03,28.0,23.3,180.0,0.243,40.0,22.22,26.0,14.44,0.852,0.257,22.79,10.11,14.03,24.15,23.6,16.67,184.0,0.194,34.0,18.48,15.0,8.15,0.639,0.176,20.91,9.29,18.44,27.73,26.92,15.67,407.0,0.261,97.0,23.83,31.0,7.62,0.773,0.189,27.03,12.19,17.64,29.83,27.76,22.0
746622,2024-06-22,2024,677587,L,621244,R,field_out,False,False,156.0,0.237,23.0,14.74,20.0,12.82,0.669,0.08400000000000002,20.96,9.71,15.13,24.84,28.32,11.73,53.0,0.3,12.0,22.64,2.0,3.77,0.7010000000000001,0.08,28.07,15.31,15.79,31.1,41.59,17.39,184.0,0.194,34.0,18.48,15.0,8.15,0.639,0.176,20.91,9.29,18.44,27.73,26.92,15.67,407.0,0.261,97.0,23.83,31.0,7.62,0.773,0.189,27.03,12.19,17.64,29.83,27.76,22.0
746622,2024-06-22,2024,682657,L,621244,R,strikeout,True,False,,,,,,,,,,,,,,,,,,,,,,,,,,,,,184.0,0.194,34.0,18.48,15.0,8.15,0.639,0.176,20.91,9.29,18.44,27.73,26.92,15.67,407.0,0.261,97.0,23.83,31.0,7.62,0.773,0.189,27.03,12.19,17.64,29.83,27.76,22.0
746622,2024-06-22,2024,672386,R,594902,R,field_out,False,False,98.0,0.214,13.0,13.27,9.0,9.18,0.607,0.10700000000000001,16.09,6.75,21.69,28.43,24.07,9.29,295.0,0.244,28.0,9.49,25.0,8.47,0.6739999999999999,0.1069999999999999,13.38,5.86,20.77,26.63,27.21,7.67,125.0,0.278,24.0,19.2,9.0,7.2,0.783,0.174,18.14,8.56,16.91,25.47,25.0,17.02,182.0,0.243,43.0,23.63,10.0,5.49,0.6990000000000001,0.159,25.16,11.53,19.16,30.69,25.39,23.5
746622,2024-06-22,2024,595281,L,594902,R,strikeout,True,False,113.0,0.194,36.0,31.86,4.0,3.54,0.549,0.126,35.59,19.35,11.75,31.11,34.1,27.69,312.0,0.26,63.0,20.19,25.0,8.01,0.753,0.1709999999999999,29.15,14.21,14.3,28.51,25.39,21.07,116.0,0.196,28.0,24.14,9.0,7.76,0.614,0.15899999999999997,21.08,10.04,17.95,27.99,23.58,20.0,201.0,0.296,36.0,17.91,15.0,7.46,0.918,0.2739999999999999,16.46,7.4,18.02,25.42,23.68,22.09
746622,2024-06-22,2024,643396,R,594902,R,home_run,False,False,177.0,0.273,23.0,12.99,10.0,5.65,0.6950000000000001,0.10599999999999998,13.88,6.49,21.3,27.79,32.76,14.84,273.0,0.246,54.0,19.78,17.0,6.23,0.6479999999999999,0.1069999999999999,19.6,9.05,20.2,29.25,28.6,15.56,125.0,0.278,24.0,19.2,9.0,7.2,0.783,0.174,18.14,8.56,16.91,25.47,25.0,17.02,182.0,0.243,43.0,23.63,10.0,5.49,0.6990000000000001,0.159,25.16,11.53,19.16,30.69,25.39,23.5
746622,2024-06-22,2024,687462,L,594902,R,field_out,False,False,38.0,0.355,5.0,13.16,6.0,15.79,0.878,0.064,19.4,8.61,18.54,27.15,24.32,10.0,38.0,0.265,10.0,26.32,3.0,7.89,0.754,0.1469999999999999,27.14,13.01,17.12,30.14,25.35,21.74,116.0,0.196,28.0,24.14,9.0,7.76,0.614,0.15899999999999997,21.08,10.04,17.95,27.99,23.58,20.0,201.0,0.296,36.0,17.91,15.0,7.46,0.918,0.2739999999999999,16.46,7.4,18.02,25.42,23.68,22.09
746622,2024-06-22,2024,680757,L,621244,R,field_out,False,False,153.0,0.363,11.0,7.19,14.0,9.15,0.978,0.18500000000000005,6.58,2.69,22.39,25.08,19.71,6.88,494.0,0.272,52.0,10.53,50.0,10.12,0.73,0.1119999999999999,10.22,4.19,22.03,26.23,20.67,8.84,184.0,0.194,34.0,18.48,15.0,8.15,0.639,0.176,20.91,9.29,18.44,27.73,26.92,15.67,407.0,0.261,97.0,23.83,31.0,7.62,0.773,0.189,27.03,12.19,17.64,29.83,27.76,22.0
746622,2024-06-22,2024,665926,L,621244,R,single,False,False,212.0,0.241,32.0,15.09,12.0,5.66,0.64,0.09900000000000003,25.22,13.86,12.17,26.02,36.32,12.2,419.0,0.243,86.0,20.53,24.0,5.73,0.712,0.162,26.46,14.29,12.8,27.09,38.97,17.27,184.0,0.194,34.0,18.48,15.0,8.15,0.639,0.176,20.91,9.29,18.44,27.73,26.92,15.67,407.0,0.261,97.0,23.83,31.0,7.62,0.773,0.189,27.03,12.19,17.64,29.83,27.76,22.0
746622,2024-06-22,2024,608070,L,621244,R,home_run,False,False,214.0,0.246,24.0,11.21,17.0,7.94,0.8049999999999999,0.251,13.38,6.54,13.41,19.96,30.85,8.66,461.0,0.302,48.0,10.41,54.0,11.71,0.863,0.179,15.4,6.98,13.91,20.89,28.02,10.17,184.0,0.194,34.0,18.48,15.0,8.15,0.639,0.176,20.91,9.29,18.44,27.73,26.92,15.67,407.0,0.261,97.0,23.83,31.0,7.62,0.773,0.189,27.03,12.19,17.64,29.83,27.76,22.0
746622,2024-06-22,2024,647304,L,621244,R,strikeout,True,False,209.0,0.264,28.0,13.4,21.0,10.05,0.888,0.28,19.69,10.27,9.87,20.13,33.5,13.53,348.0,0.311,53.0,15.23,25.0,7.18,0.851,0.184,21.29,11.96,9.18,21.15,41.36,16.99,184.0,0.194,34.0,18.48,15.0,8.15,0.639,0.176,20.91,9.29,18.44,27.73,26.92,15.67,407.0,0.261,97.0,23.83,31.0,7.62,0.773,0.189,27.03,12.19,17.64,29.83,27.76,22.0
746622,2024-06-22,2024,686823,L,621244,R,field_out,False,False,192.0,0.272,22.0,11.46,16.0,8.33,0.784,0.173,17.89,9.61,11.5,21.11,31.88,12.29,369.0,0.279,45.0,12.2,14.0,3.79,0.6930000000000001,0.0999999999999999,17.97,10.23,12.48,22.71,38.5,12.47,184.0,0.194,34.0,18.48,15.0,8.15,0.639,0.176,20.91,9.29,18.44,27.73,26.92,15.67,407.0,0.261,97.0,23.83,31.0,7.62,0.773,0.189,27.03,12.19,17.64,29.83,27.76,22.0
746622,2024-06-22,2024,665489,R,594902,R,field_out,False,False,266.0,0.29,46.0,17.29,27.0,10.15,0.7769999999999999,0.122,24.65,11.79,15.28,27.08,26.15,14.02,558.0,0.26,85.0,15.23,48.0,8.6,0.792,0.2,23.83,12.29,11.94,24.23,30.21,15.37,125.0,0.278,24.0,19.2,9.0,7.2,0.783,0.174,18.14,8.56,16.91,25.47,25.0,17.02,182.0,0.243,43.0,23.63,10.0,5.49,0.6990000000000001,0.159,25.16,11.53,19.16,30.69,25.39,23.5
746622,2024-06-22,2024,543807,R,594902,R,field_out,False,False,215.0,0.215,35.0,16.28,22.0,10.23,0.612,0.099,23.48,12.19,12.98,25.16,23.58,16.06,539.0,0.262,101.0,18.74,43.0,7.98,0.738,0.1489999999999999,23.18,11.37,14.48,25.84,23.35,18.21,125.0,0.278,24.0,19.2,9.0,7.2,0.783,0.174,18.14,8.56,16.91,25.47,25.0,17.02,182.0,0.243,43.0,23.63,10.0,5.49,0.6990000000000001,0.159,25.16,11.53,19.16,30.69,25.39,23.5
746622,2024-06-22,2024,662139,L,594902,R,strikeout,True,False,212.0,0.194,61.0,28.77,20.0,9.43,0.714,0.246,26.38,12.07,16.09,28.16,23.72,24.6,466.0,0.202,111.0,23.82,36.0,7.73,0.662,0.19,25.51,12.84,15.05,27.89,29.23,18.26,116.0,0.196,28.0,24.14,9.0,7.76,0.614,0.15899999999999997,21.08,10.04,17.95,27.99,23.58,20.0,201.0,0.296,36.0,17.91,15.0,7.46,0.918,0.2739999999999999,16.46,7.4,18.02,25.42,23.68,22.09
746622,2024-06-22,2024,682177,L,621244,R,field_out,False,False,33.0,0.321,7.0,21.21,5.0,15.15,0.9949999999999999,0.24999999999999994,22.03,9.85,15.91,25.76,18.92,20.0,,,,,,,,,,,,,,,184.0,0.194,34.0,18.48,15.0,8.15,0.639,0.176,20.91,9.29,18.44,27.73,26.92,15.67,407.0,0.261,97.0,23.83,31.0,7.62,0.773,0.189,27.03,12.19,17.64,29.83,27.76,22.0
746622,2024-06-22,2024,666310,L,621244,R,field_out,False,False,143.0,0.185,50.0,34.97,11.0,7.69,0.521,0.08400000000000002,30.34,14.38,17.65,32.03,28.0,23.3,180.0,0.243,40.0,22.22,26.0,14.44,0.852,0.257,22.79,10.11,14.03,24.15,23.6,16.67,184.0,0.194,34.0,18.48,15.0,8.15,0.639,0.176,20.91,9.29,18.44,27.73,26.92,15.67,407.0,0.261,97.0,23.83,31.0,7.62,0.773,0.189,27.03,12.19,17.64,29.83,27.76,22.0
746622,2024-06-22,2024,677587,L,621244,R,hit_by_pitch,False,False,156.0,0.237,23.0,14.74,20.0,12.82,0.669,0.08400000000000002,20.96,9.71,15.13,24.84,28.32,11.73,53.0,0.3,12.0,22.64,2.0,3.77,0.7010000000000001,0.08,28.07,15.31,15.79,31.1,41.59,17.39,184.0,0.194,34.0,18.48,15.0,8.15,0.639,0.176,20.91,9.29,18.44,27.73,26.92,15.67,407.0,0.261,97.0,23.83,31.0,7.62,0.773,0.189,27.03,12.19,17.64,29.83,27.76,22.0
746622,2024-06-22,2024,682657,L,621244,R,field_out,False,False,,,,,,,,,,,,,,,,,,,,,,,,,,,,,184.0,0.194,34.0,18.48,15.0,8.15,0.639,0.176,20.91,9.29,18.44,27.73,26.92,15.67,407.0,0.261,97.0,23.83,31.0,7.62,0.773,0.189,27.03,12.19,17.64,29.83,27.76,22.0
746622,2024-06-22,2024,676914,R,594902,R,field_out,False,False,182.0,0.237,44.0,24.18,20.0,10.99,0.773,0.199,25.85,10.63,18.86,29.49,21.01,16.99,87.0,0.247,27.0,31.03,11.0,12.64,0.8340000000000001,0.219,37.06,13.98,21.9,35.88,15.66,21.77,125.0,0.278,24.0,19.2,9.0,7.2,0.783,0.174,18.14,8.56,16.91,25.47,25.0,17.02,182.0,0.243,43.0,23.63,10.0,5.49,0.6990000000000001,0.159,25.16,11.53,19.16,30.69,25.39,23.5
746622,2024-06-22,2024,676391,R,594902,R,field_out,False,False,80.0,0.244,6.0,7.5,1.0,1.25,0.635,0.14100000000000001,16.57,9.96,13.88,23.84,44.76,7.69,20.0,0.4,1.0,5.0,0.0,0.0,1.05,0.25,5.71,3.33,15.0,18.33,40.0,7.69,125.0,0.278,24.0,19.2,9.0,7.2,0.783,0.174,18.14,8.56,16.91,25.47,25.0,17.02,182.0,0.243,43.0,23.63,10.0,5.49,0.6990000000000001,0.159,25.16,11.53,19.16,30.69,25.39,23.5
746622,2024-06-22,2024,672386,R,594902,R,walk,False,True,98.0,0.214,13.0,13.27,9.0,9.18,0.607,0.10700000000000001,16.09,6.75,21.69,28.43,24.07,9.29,295.0,0.244,28.0,9.49,25.0,8.47,0.6739999999999999,0.1069999999999999,13.38,5.86,20.77,26.63,27.21,7.67,125.0,0.278,24.0,19.2,9.0,7.2,0.783,0.174,18.14,8.56,16.91,25.47,25.0,17.02,182.0,0.243,43.0,23.63,10.0,5.49,0.6990000000000001,0.159,25.16,11.53,19.16,30.69,25.39,23.5
746622,2024-06-22,2024,595281,L,594902,R,field_out,False,False,113.0,0.194,36.0,31.86,4.0,3.54,0.549,0.126,35.59,19.35,11.75,31.11,34.1,27.69,312.0,0.26,63.0,20.19,25.0,8.01,0.753,0.1709999999999999,29.15,14.21,14.3,28.51,25.39,21.07,116.0,0.196,28.0,24.14,9.0,7.76,0.614,0.15899999999999997,21.08,10.04,17.95,27.99,23.58,20.0,201.0,0.296,36.0,17.91,15.0,7.46,0.918,0.2739999999999999,16.46,7.4,18.02,25.42,23.68,22.09
746622,2024-06-22,2024,680757,L,621244,R,home_run,False,False,153.0,0.363,11.0,7.19,14.0,9.15,0.978,0.18500000000000005,6.58,2.69,22.39,25.08,19.71,6.88,494.0,0.272,52.0,10.53,50.0,10.12,0.73,0.1119999999999999,10.22,4.19,22.03,26.23,20.67,8.84,184.0,0.194,34.0,18.48,15.0,8.15,0.639,0.176,20.91,9.29,18.44,27.73,26.92,15.67,407.0,0.261,97.0,23.83,31.0,7.62,0.773,0.189,27.03,12.19,17.64,29.83,27.76,22.0
746622,2024-06-22,2024,665926,L,621244,R,hit_by_pitch,False,False,212.0,0.241,32.0,15.09,12.0,5.66,0.64,0.09900000000000003,25.22,13.86,12.17,26.02,36.32,12.2,419.0,0.243,86.0,20.53,24.0,5.73,0.712,0.162,26.46,14.29,12.8,27.09,38.97,17.27,184.0,0.194,34.0,18.48,15.0,8.15,0.639,0.176,20.91,9.29,18.44,27.73,26.92,15.67,407.0,0.261,97.0,23.83,31.0,7.62,0.773,0.189,27.03,12.19,17.64,29.83,27.76,22.0
746622,2024-06-22,2024,608070,L,621244,R,field_out,False,False,214.0,0.246,24.0,11.21,17.0,7.94,0.8049999999999999,0.251,13.38,6.54,13.41,19.96,30.85,8.66,461.0,0.302,48.0,10.41,54.0,11.71,0.863,0.179,15.4,6.98,13.91,20.89,28.02,10.17,184.0,0.194,34.0,18.48,15.0,8.15,0.639,0.176,20.91,9.29,18.44,27.73,26.92,15.67,407.0,0.261,97.0,23.83,31.0,7.62,0.773,0.189,27.03,12.19,17.64,29.83,27.76,22.0
746622,2024-06-22,2024,647304,L,621244,R,strikeout,True,False,209.0,0.264,28.0,13.4,21.0,10.05,0.888,0.28,19.69,10.27,9.87,20.13,33.5,13.53,348.0,0.311,53.0,15.23,25.0,7.18,0.851,0.184,21.29,11.96,9.18,21.15,41.36,16.99,184.0,0.194,34.0,18.48,15.0,8.15,0.639,0.176,20.91,9.29,18.44,27.73,26.92,15.67,407.0,0.261,97.0,23.83,31.0,7.62,0.773,0.189,27.03,12.19,17.64,29.83,27.76,22.0
746622,2024-06-22,2024,686823,L,621244,R,field_out,False,False,192.0,0.272,22.0,11.46,16.0,8.33,0.784,0.173,17.89,9.61,11.5,21.11,31.88,12.29,369.0,0.279,45.0,12.2,14.0,3.79,0.6930000000000001,0.0999999999999999,17.97,10.23,12.48,22.71,38.5,12.47,184.0,0.194,34.0,18.48,15.0,8.15,0.639,0.176,20.91,9.29,18.44,27.73,26.92,15.67,407.0,0.261,97.0,23.83,31.0,7.62,0.773,0.189,27.03,12.19,17.64,29.83,27.76,22.0
746622,2024-06-22,2024,643396,R,594902,R,hit_by_pitch,False,False,177.0,0.273,23.0,12.99,10.0,5.65,0.6950000000000001,0.10599999999999998,13.88,6.49,21.3,27.79,32.76,14.84,273.0,0.246,54.0,19.78,17.0,6.23,0.6479999999999999,0.1069999999999999,19.6,9.05,20.2,29.25,28.6,15.56,125.0,0.278,24.0,19.2,9.0,7.2,0.783,0.174,18.14,8.56,16.91,25.47,25.0,17.02,182.0,0.243,43.0,23.63,10.0,5.49,0.6990000000000001,0.159,25.16,11.53,19.16,30.69,25.39,23.5
746622,2024-06-22,2024,687462,L,594902,R,single,False,False,38.0,0.355,5.0,13.16,6.0,15.79,0.878,0.064,19.4,8.61,18.54,27.15,24.32,10.0,38.0,0.265,10.0,26.32,3.0,7.89,0.754,0.1469999999999999,27.14,13.01,17.12,30.14,25.35,21.74,116.0,0.196,28.0,24.14,9.0,7.76,0.614,0.15899999999999997,21.08,10.04,17.95,27.99,23.58,20.0,201.0,0.296,36.0,17.91,15.0,7.46,0.918,0.2739999999999999,16.46,7.4,18.02,25.42,23.68,22.09
746622,2024-06-22,2024,665489,R,594902,R,grounded_into_double_play,False,False,266.0,0.29,46.0,17.29,27.0,10.15,0.7769999999999999,0.122,24.65,11.79,15.28,27.08,26.15,14.02,558.0,0.26,85.0,15.23,48.0,8.6,0.792,0.2,23.83,12.29,11.94,24.23,30.21,15.37,125.0,0.278,24.0,19.2,9.0,7.2,0.783,0.174,18.14,8.56,16.91,25.47,25.0,17.02,182.0,0.243,43.0,23.63,10.0,5.49,0.6990000000000001,0.159,25.16,11.53,19.16,30.69,25.39,23.5
746622,2024-06-22,2024,543807,R,594902,R,walk,False,True,215.0,0.215,35.0,16.28,22.0,10.23,0.612,0.099,23.48,12.19,12.98,25.16,23.58,16.06,539.0,0.262,101.0,18.74,43.0,7.98,0.738,0.1489999999999999,23.18,11.37,14.48,25.84,23.35,18.21,125.0,0.278,24.0,19.2,9.0,7.2,0.783,0.174,18.14,8.56,16.91,25.47,25.0,17.02,182.0,0.243,43.0,23.63,10.0,5.49,0.6990000000000001,0.159,25.16,11.53,19.16,30.69,25.39,23.5
746622,2024-06-22,2024,662139,L,671922,R,field_out,False,False,212.0,0.194,61.0,28.77,20.0,9.43,0.714,0.246,26.38,12.07,16.09,28.16,23.72,24.6,466.0,0.202,111.0,23.82,36.0,7.73,0.662,0.19,25.51,12.84,15.05,27.89,29.23,18.26,63.0,0.161,23.0,36.51,7.0,11.11,0.522,0.10700000000000001,27.36,10.98,23.86,34.85,18.64,26.51,,,,,,,,,,,,,,
746622,2024-06-22,2024,682177,L,650893,L,home_run,False,False,8.0,0.2,3.0,37.5,3.0,37.5,0.7,0.0,19.05,8.51,12.77,21.28,28.0,12.0,,,,,,,,,,,,,,,55.0,0.191,7.0,12.73,5.0,9.09,0.64,0.17099999999999999,23.81,12.2,10.73,22.93,26.42,13.21,111.0,0.198,31.0,27.93,7.0,6.31,0.63,0.1679999999999999,31.68,15.17,17.06,32.23,29.76,26.5
746622,2024-06-22,2024,666310,L,650893,L,strikeout,True,False,27.0,0.167,11.0,40.74,3.0,11.11,0.5509999999999999,0.12499999999999997,36.73,16.67,20.37,37.04,34.62,37.93,51.0,0.217,13.0,25.49,4.0,7.84,0.6639999999999999,0.153,18.18,7.96,17.26,25.22,25.23,18.84,55.0,0.191,7.0,12.73,5.0,9.09,0.64,0.17099999999999999,23.81,12.2,10.73,22.93,26.42,13.21,111.0,0.198,31.0,27.93,7.0,6.31,0.63,0.1679999999999999,31.68,15.17,17.06,32.23,29.76,26.5
746622,2024-06-22,2024,677587,R,650893,L,double,False,False,69.0,0.148,18.0,26.09,6.0,8.7,0.478,0.098,25.0,13.22,13.22,26.45,31.25,28.57,33.0,0.161,15.0,45.45,2.0,6.06,0.438,0.065,39.73,21.64,16.42,38.06,38.1,32.61,70.0,0.333,9.0,12.86,8.0,11.43,0.883,0.14999999999999997,19.63,8.9,18.22,27.12,26.67,14.75,128.0,0.264,27.0,21.09,17.0,13.28,0.804,0.181,28.36,14.05,11.65,25.69,30.85,15.52
746622,2024-06-22,2024,682657,R,650893,L,field_out,False,False,,,,,,,,,,,,,,,,,,,,,,,,,,,,,70.0,0.333,9.0,12.86,8.0,11.43,0.883,0.14999999999999997,19.63,8.9,18.22,27.12,26.67,14.75,128.0,0.264,27.0,21.09,17.0,13.28,0.804,0.181,28.36,14.05,11.65,25.69,30.85,15.52
746622,2024-06-22,2024,680757,L,650893,L,field_out,False,False,61.0,0.446,5.0,8.2,5.0,8.2,1.028,0.09000000000000002,5.05,2.03,20.73,22.76,16.96,7.94,224.0,0.26,23.0,10.27,20.0,8.93,0.667,0.08,13.41,5.5,21.44,26.95,22.3,10.5,55.0,0.191,7.0,12.73,5.0,9.09,0.64,0.17099999999999999,23.81,12.2,10.73,22.93,26.42,13.21,111.0,0.198,31.0,27.93,7.0,6.31,0.63,0.1679999999999999,31.68,15.17,17.06,32.23,29.76,26.5
746622,2024-06-22,2024,676914,R,671922,R,strikeout,True,False,182.0,0.237,44.0,24.18,20.0,10.99,0.773,0.199,25.85,10.63,18.86,29.49,21.01,16.99,87.0,0.247,27.0,31.03,11.0,12.64,0.8340000000000001,0.219,37.06,13.98,21.9,35.88,15.66,21.77,67.0,0.203,24.0,35.82,1.0,1.49,0.5509999999999999,0.10899999999999999,31.3,15.89,18.99,34.88,32.14,29.27,,,,,,,,,,,,,,
746622,2024-06-22,2024,676391,R,671922,R,field_out,False,False,80.0,0.244,6.0,7.5,1.0,1.25,0.635,0.14100000000000001,16.57,9.96,13.88,23.84,44.76,7.69,20.0,0.4,1.0,5.0,0.0,0.0,1.05,0.25,5.71,3.33,15.0,18.33,40.0,7.69,67.0,0.203,24.0,35.82,1.0,1.49,0.5509999999999999,0.10899999999999999,31.3,15.89,18.99,34.88,32.14,29.27,,,,,,,,,,,,,,
746622,2024-06-22,2024,672386,R,671922,R,walk,False,True,98.0,0.214,13.0,13.27,9.0,9.18,0.607,0.10700000000000001,16.09,6.75,21.69,28.43,24.07,9.29,295.0,0.244,28.0,9.49,25.0,8.47,0.6739999999999999,0.1069999999999999,13.38,5.86,20.77,26.63,27.21,7.67,67.0,0.203,24.0,35.82,1.0,1.49,0.5509999999999999,0.10899999999999999,31.3,15.89,18.99,34.88,32.14,29.27,,,,,,,,,,,,,,
746622,2024-06-22,2024,595281,L,605130,R,field_out,False,False,113.0,0.194,36.0,31.86,4.0,3.54,0.549,0.126,35.59,19.35,11.75,31.11,34.1,27.69,312.0,0.26,63.0,20.19,25.0,8.01,0.753,0.1709999999999999,29.15,14.21,14.3,28.51,25.39,21.07,53.0,0.156,19.0,35.85,6.0,11.32,0.5529999999999999,0.13299999999999998,35.87,14.22,19.4,33.62,27.94,28.79,145.0,0.279,34.0,23.45,16.0,11.03,0.798,0.1469999999999999,26.64,11.44,18.74,30.18,30.91,18.78
746622,2024-06-22,2024,665926,L,663893,L,field_out,False,False,88.0,0.28,11.0,12.5,0.0,0.0,0.696,0.09799999999999998,20.54,11.59,14.33,25.91,39.49,11.0,197.0,0.268,26.0,13.2,8.0,4.06,0.7130000000000001,0.1169999999999999,23.63,12.79,15.07,27.86,41.69,11.02,24.0,0.261,5.0,20.83,1.0,4.17,0.5529999999999999,0.0,25.64,10.64,21.28,31.91,25.53,19.23,,,,,,,,,,,,,,
746622,2024-06-22,2024,608070,R,663893,L,strikeout,True,False,94.0,0.329,11.0,11.7,8.0,8.51,0.959,0.24699999999999994,19.32,9.69,15.38,25.07,34.1,13.1,230.0,0.243,25.0,10.87,19.0,8.26,0.766,0.219,16.06,7.21,15.81,23.02,28.33,12.18,26.0,0.32,5.0,19.23,1.0,3.85,0.986,0.32,29.73,14.29,15.58,29.87,31.25,45.45,,,,,,,,,,,,,,
746622,2024-06-22,2024,647304,L,663893,L,field_out,False,False,89.0,0.19,22.0,24.72,7.0,7.87,0.678,0.21500000000000002,29.86,14.53,13.51,28.04,36.31,30.14,148.0,0.299,15.0,10.14,8.0,5.41,0.821,0.175,16.23,8.67,12.1,20.77,35.38,11.03,24.0,0.261,5.0,20.83,1.0,4.17,0.5529999999999999,0.0,25.64,10.64,21.28,31.91,25.53,19.23,,,,,,,,,,,,,,
746622,2024-06-22,2024,643396,R,605130,R,home_run,False,False,177.0,0.273,23.0,12.99,10.0,5.65,0.6950000000000001,0.10599999999999998,13.88,6.49,21.3,27.79,32.76,14.84,273.0,0.246,54.0,19.78,17.0,6.23,0.6479999999999999,0.1069999999999999,19.6,9.05,20.2,29.25,28.6,15.56,77.0,0.258,22.0,28.57,10.0,12.99,0.76,0.15099999999999997,38.73,17.35,16.09,33.44,31.87,22.92,154.0,0.208,45.0,29.22,18.0,11.69,0.5569999999999999,0.046,35.85,15.68,19.97,35.64,29.91,24.19
746622,2024-06-22,2024,687462,L,605130,R,walk,False,True,38.0,0.355,5.0,13.16,6.0,15.79,0.878,0.064,19.4,8.61,18.54,27.15,24.32,10.0,38.0,0.265,10.0,26.32,3.0,7.89,0.754,0.1469999999999999,27.14,13.01,17.12,30.14,25.35,21.74,53.0,0.156,19.0,35.85,6.0,11.32,0.5529999999999999,0.13299999999999998,35.87,14.22,19.4,33.62,27.94,28.79,145.0,0.279,34.0,23.45,16.0,11.03,0.798,0.1469999999999999,26.64,11.44,18.74,30.18,30.91,18.78
746622,2024-06-22,2024,665489,R,683769,R,strikeout,True,False,266.0,0.29,46.0,17.29,27.0,10.15,0.7769999999999999,0.122,24.65,11.79,15.28,27.08,26.15,14.02,558.0,0.26,85.0,15.23,48.0,8.6,0.792,0.2,23.83,12.29,11.94,24.23,30.21,15.37,61.0,0.155,15.0,24.59,3.0,4.92,0.42100000000000004,0.069,32.14,16.22,19.37,35.59,33.33,22.39,83.0,0.286,16.0,19.28,5.0,6.02,0.857,0.246,20.12,11.07,14.66,25.73,30.23,14.81
746622,2024-06-22,2024,543807,R,683769,R,strikeout,True,False,215.0,0.215,35.0,16.28,22.0,10.23,0.612,0.099,23.48,12.19,12.98,25.16,23.58,16.06,539.0,0.262,101.0,18.74,43.0,7.98,0.738,0.1489999999999999,23.18,11.37,14.48,25.84,23.35,18.21,61.0,0.155,15.0,24.59,3.0,4.92,0.42100000000000004,0.069,32.14,16.22,19.37,35.59,33.33,22.39,83.0,0.286,16.0,19.28,5.0,6.02,0.857,0.246,20.12,11.07,14.66,25.73,30.23,14.81
746622,2024-06-22,2024,686823,L,663878,R,field_out,False,False,192.0,0.272,22.0,11.46,16.0,8.33,0.784,0.173,17.89,9.61,11.5,21.11,31.88,12.29,369.0,0.279,45.0,12.2,14.0,3.79,0.6930000000000001,0.0999999999999999,17.97,10.23,12.48,22.71,38.5,12.47,51.0,0.19,14.0,27.45,6.0,11.76,0.556,0.07200000000000001,22.83,10.1,16.83,26.92,22.22,25.0,74.0,0.194,21.0,28.38,11.0,14.86,0.679,0.1609999999999999,28.0,10.7,18.04,28.75,14.62,21.28
746622,2024-06-22,2024,682177,L,663878,R,strikeout,True,False,33.0,0.321,7.0,21.21,5.0,15.15,0.9949999999999999,0.24999999999999994,22.03,9.85,15.91,25.76,18.92,20.0,,,,,,,,,,,,,,,51.0,0.19,14.0,27.45,6.0,11.76,0.556,0.07200000000000001,22.83,10.1,16.83,26.92,22.22,25.0,74.0,0.194,21.0,28.38,11.0,14.86,0.679,0.1609999999999999,28.0,10.7,18.04,28.75,14.62,21.28
746622,2024-06-22,2024,666310,L,663878,R,strikeout,True,False,143.0,0.185,50.0,34.97,11.0,7.69,0.521,0.08400000000000002,30.34,14.38,17.65,32.03,28.0,23.3,180.0,0.243,40.0,22.22,26.0,14.44,0.852,0.257,22.79,10.11,14.03,24.15,23.6,16.67,51.0,0.19,14.0,27.45,6.0,11.76,0.556,0.07200000000000001,22.83,10.1,16.83,26.92,22.22,25.0,74.0,0.194,21.0,28.38,11.0,14.86,0.679,0.1609999999999999,28.0,10.7,18.04,28.75,14.62,21.28
746622,2024-06-22,2024,662139,L,661403,R,field_out,False,False,212.0,0.194,61.0,28.77,20.0,9.43,0.714,0.246,26.38,12.07,16.09,28.16,23.72,24.6,466.0,0.202,111.0,23.82,36.0,7.73,0.662,0.19,25.51,12.84,15.05,27.89,29.23,18.26,69.0,0.09,22.0,31.88,1.0,1.45,0.22199999999999998,0.028999999999999998,31.06,17.08,19.58,36.67,49.12,29.73,151.0,0.252,42.0,27.81,10.0,6.62,0.622,0.065,27.27,13.15,15.91,29.06,28.67,22.58
746622,2024-06-22,2024,676914,R,661403,R,field_out,False,False,182.0,0.237,44.0,24.18,20.0,10.99,0.773,0.199,25.85,10.63,18.86,29.49,21.01,16.99,87.0,0.247,27.0,31.03,11.0,12.64,0.8340000000000001,0.219,37.06,13.98,21.9,35.88,15.66,21.77,59.0,0.241,14.0,23.73,2.0,3.39,0.621,0.09200000000000003,27.91,14.88,12.4,27.27,27.5,17.07,151.0,0.232,22.0,14.57,6.0,3.97,0.5980000000000001,0.106,27.57,16.05,13.35,29.4,33.82,15.38
746622,2024-06-22,2024,676391,R,661403,R,strikeout,True,False,80.0,0.244,6.0,7.5,1.0,1.25,0.635,0.14100000000000001,16.57,9.96,13.88,23.84,44.76,7.69,20.0,0.4,1.0,5.0,0.0,0.0,1.05,0.25,5.71,3.33,15.0,18.33,40.0,7.69,59.0,0.241,14.0,23.73,2.0,3.39,0.621,0.09200000000000003,27.91,14.88,12.4,27.27,27.5,17.07,151.0,0.232,22.0,14.57,6.0,3.97,0.5980000000000001,0.106,27.57,16.05,13.35,29.4,33.82,15.38
746376,2024-06-22,2024,683002,L,669854,R,walk,False,True,235.0,0.285,52.0,22.13,24.0,10.21,1.004,0.35300000000000004,24.82,11.33,14.85,26.18,22.89,22.41,455.0,0.272,117.0,25.71,38.0,8.35,0.885,0.277,25.57,12.07,15.7,27.78,26.4,22.35,153.0,0.164,36.0,23.53,15.0,9.8,0.5660000000000001,0.157,26.44,12.56,15.46,28.02,28.62,20.57,104.0,0.221,21.0,20.19,16.0,15.38,0.7649999999999999,0.1979999999999999,28.05,13.84,10.94,24.78,25.22,14.58
746376,2024-06-22,2024,668939,L,669854,R,walk,False,True,221.0,0.249,45.0,20.36,16.0,7.24,0.696,0.14400000000000002,21.2,9.87,20.07,29.93,33.33,16.98,496.0,0.267,80.0,16.13,61.0,12.3,0.778,0.1519999999999999,16.76,6.91,19.7,26.61,24.41,12.54,153.0,0.164,36.0,23.53,15.0,9.8,0.5660000000000001,0.157,26.44,12.56,15.46,28.02,28.62,20.57,104.0,0.221,21.0,20.19,16.0,15.38,0.7649999999999999,0.1979999999999999,28.05,13.84,10.94,24.78,25.22,14.58
746376,2024-06-22,2024,656811,L,669854,R,field_out,False,False,208.0,0.296,22.0,10.58,18.0,8.65,0.848,0.196,18.44,8.18,17.01,25.19,22.68,11.76,340.0,0.297,74.0,21.76,13.0,3.82,0.802,0.178,22.26,11.29,14.37,25.66,31.15,17.72,153.0,0.164,36.0,23.53,15.0,9.8,0.5660000000000001,0.157,26.44,12.56,15.46,28.02,28.62,20.57,104.0,0.221,21.0,20.19,16.0,15.38,0.7649999999999999,0.1979999999999999,28.05,13.84,10.94,24.78,25.22,14.58
746376,2024-06-22,2024,663624,R,669854,R,field_out,False,False,213.0,0.274,50.0,23.47,12.0,5.63,0.792,0.20299999999999996,23.41,12.81,11.98,24.79,36.59,19.31,310.0,0.235,78.0,25.16,22.0,7.1,0.6399999999999999,0.1139999999999999,29.78,16.05,13.56,29.61,37.06,21.61,153.0,0.163,39.0,25.49,16.0,10.46,0.522,0.10400000000000001,32.12,15.9,16.07,31.97,32.42,20.74,122.0,0.275,31.0,25.41,12.0,9.84,0.847,0.2199999999999999,37.6,19.87,11.14,31.0,32.68,22.3
746376,2024-06-22,2024,514888,R,669203,R,field_out,False,False,245.0,0.294,47.0,19.18,15.0,6.12,0.805,0.17100000000000004,20.63,10.57,16.67,27.24,38.02,19.11,297.0,0.322,55.0,18.52,32.0,10.77,0.941,0.218,19.43,8.47,19.0,27.48,31.81,17.74,214.0,0.248,56.0,26.17,11.0,5.14,0.6719999999999999,0.138,31.05,15.64,15.76,31.4,35.8,23.24,396.0,0.229,88.0,22.22,26.0,6.57,0.677,0.158,27.84,13.46,15.95,29.41,29.79,18.68
746376,2024-06-22,2024,608324,R,669203,R,field_out,False,False,214.0,0.272,37.0,17.29,18.0,8.41,0.773,0.16299999999999998,15.32,6.93,18.8,25.73,24.23,13.65,508.0,0.282,67.0,13.19,65.0,12.8,0.8500000000000001,0.186,14.53,5.58,19.65,25.23,16.96,12.88,214.0,0.248,56.0,26.17,11.0,5.14,0.6719999999999999,0.138,31.05,15.64,15.76,31.4,35.8,23.24,396.0,0.229,88.0,22.22,26.0,6.57,0.677,0.158,27.84,13.46,15.95,29.41,29.79,18.68
746376,2024-06-22,2024,670541,L,669203,R,field_out,False,False,205.0,0.271,30.0,14.63,21.0,10.24,0.865,0.243,20.23,9.25,16.78,26.02,30.81,14.63,322.0,0.292,55.0,17.08,49.0,15.22,1.044,0.333,21.1,8.88,15.37,24.25,23.99,15.32,155.0,0.155,33.0,21.29,13.0,8.39,0.42300000000000004,0.04200000000000001,23.99,10.69,18.59,29.28,28.62,18.75,388.0,0.17,112.0,28.87,40.0,10.31,0.515,0.087,29.82,13.15,18.05,31.21,30.03,25.51
746376,2024-06-22,2024,623993,L,669854,R,field_out,False,False,221.0,0.227,36.0,16.29,14.0,6.33,0.792,0.28,16.56,8.99,12.86,21.84,40.21,13.24,486.0,0.26,107.0,22.02,31.0,6.38,0.798,0.2229999999999999,22.13,11.37,14.84,26.21,37.22,15.21,153.0,0.164,36.0,23.53,15.0,9.8,0.5660000000000001,0.157,26.44,12.56,15.46,28.02,28.62,20.57,104.0,0.221,21.0,20.19,16.0,15.38,0.7649999999999999,0.1979999999999999,28.05,13.84,10.94,24.78,25.22,14.58
746376,2024-06-22,2024,676059,R,669854,R,home_run,False,False,216.0,0.31,36.0,16.67,12.0,5.56,0.914,0.23800000000000004,25.49,12.96,15.19,28.15,30.36,13.83,146.0,0.246,33.0,22.6,8.0,5.48,0.6779999999999999,0.142,22.97,11.73,16.25,27.98,29.59,19.76,153.0,0.163,39.0,25.49,16.0,10.46,0.522,0.10400000000000001,32.12,15.9,16.07,31.97,32.42,20.74,122.0,0.275,31.0,25.41,12.0,9.84,0.847,0.2199999999999999,37.6,19.87,11.14,31.0,32.68,22.3
746376,2024-06-22,2024,656775,L,669854,R,field_out,False,False,176.0,0.224,41.0,23.3,12.0,6.82,0.659,0.161,19.16,9.97,13.86,23.83,29.21,21.35,336.0,0.233,77.0,22.92,31.0,9.23,0.726,0.1889999999999999,26.24,13.25,14.23,27.48,28.99,18.95,153.0,0.164,36.0,23.53,15.0,9.8,0.5660000000000001,0.157,26.44,12.56,15.46,28.02,28.62,20.57,104.0,0.221,21.0,20.19,16.0,15.38,0.7649999999999999,0.1979999999999999,28.05,13.84,10.94,24.78,25.22,14.58
746376,2024-06-22,2024,681297,L,669854,R,strikeout,True,False,181.0,0.237,49.0,27.07,19.0,10.5,0.788,0.21800000000000003,31.74,14.3,16.46,30.77,24.18,23.9,68.0,0.111,20.0,29.41,12.0,17.65,0.427,0.0369999999999999,26.67,10.98,17.07,28.05,21.51,17.7,153.0,0.164,36.0,23.53,15.0,9.8,0.5660000000000001,0.157,26.44,12.56,15.46,28.02,28.62,20.57,104.0,0.221,21.0,20.19,16.0,15.38,0.7649999999999999,0.1979999999999999,28.05,13.84,10.94,24.78,25.22,14.58
746376,2024-06-22,2024,673237,R,669203,R,triple,False,False,185.0,0.253,27.0,14.59,7.0,3.78,0.679,0.14900000000000002,20.99,11.91,10.34,22.26,40.96,15.61,274.0,0.307,47.0,17.15,7.0,2.55,0.931,0.292,24.58,14.19,11.31,25.51,43.08,17.42,214.0,0.248,56.0,26.17,11.0,5.14,0.6719999999999999,0.138,31.05,15.64,15.76,31.4,35.8,23.24,396.0,0.229,88.0,22.22,26.0,6.57,0.677,0.158,27.84,13.46,15.95,29.41,29.79,18.68
746376,2024-06-22,2024,676694,R,669203,R,strikeout,True,False,150.0,0.261,37.0,24.67,9.0,6.0,0.731,0.15899999999999997,32.54,15.89,15.89,31.78,31.56,24.83,263.0,0.218,69.0,26.24,18.0,6.84,0.6459999999999999,0.146,25.89,12.2,16.27,28.47,24.49,21.12,214.0,0.248,56.0,26.17,11.0,5.14,0.6719999999999999,0.138,31.05,15.64,15.76,31.4,35.8,23.24,396.0,0.229,88.0,22.22,26.0,6.57,0.677,0.158,27.84,13.46,15.95,29.41,29.79,18.68
746376,2024-06-22,2024,643289,R,669203,R,sac_fly,False,False,134.0,0.299,10.0,7.46,5.0,3.73,0.73,0.10300000000000004,16.87,10.0,12.68,22.68,43.11,9.26,375.0,0.263,58.0,15.47,13.0,3.47,0.6779999999999999,0.124,19.01,10.95,13.18,24.13,40.64,15.68,214.0,0.248,56.0,26.17,11.0,5.14,0.6719999999999999,0.138,31.05,15.64,15.76,31.4,35.8,23.24,396.0,0.229,88.0,22.22,26.0,6.57,0.677,0.158,27.84,13.46,15.95,29.41,29.79,18.68
746376,2024-06-22,2024,665161,R,669203,R,double,False,False,220.0,0.266,44.0,20.0,11.0,5.0,0.644,0.064,25.48,13.15,15.51,28.66,36.36,17.46,461.0,0.239,107.0,23.21,34.0,7.38,0.655,0.1089999999999999,30.36,15.5,13.92,29.42,35.52,20.7,214.0,0.248,56.0,26.17,11.0,5.14,0.6719999999999999,0.138,31.05,15.64,15.76,31.4,35.8,23.24,396.0,0.229,88.0,22.22,26.0,6.57,0.677,0.158,27.84,13.46,15.95,29.41,29.79,18.68
746376,2024-06-22,2024,694388,L,669203,R,field_out,False,False,41.0,0.368,16.0,39.02,2.0,4.88,0.926,0.15800000000000003,35.29,19.61,13.73,33.33,37.84,38.1,,,,,,,,,,,,,,,155.0,0.155,33.0,21.29,13.0,8.39,0.42300000000000004,0.04200000000000001,23.99,10.69,18.59,29.28,28.62,18.75,388.0,0.17,112.0,28.87,40.0,10.31,0.515,0.087,29.82,13.15,18.05,31.21,30.03,25.51
746376,2024-06-22,2024,602104,R,669854,R,field_out,False,False,85.0,0.275,14.0,16.47,4.0,4.71,0.7929999999999999,0.19999999999999996,28.29,13.87,13.87,27.74,26.88,16.47,272.0,0.274,72.0,26.47,17.0,6.25,0.726,0.1169999999999999,29.67,14.82,16.24,31.07,27.7,24.41,153.0,0.163,39.0,25.49,16.0,10.46,0.522,0.10400000000000001,32.12,15.9,16.07,31.97,32.42,20.74,122.0,0.275,31.0,25.41,12.0,9.84,0.847,0.2199999999999999,37.6,19.87,11.14,31.0,32.68,22.3
746376,2024-06-22,2024,683002,L,669854,R,field_out,False,False,235.0,0.285,52.0,22.13,24.0,10.21,1.004,0.35300000000000004,24.82,11.33,14.85,26.18,22.89,22.41,455.0,0.272,117.0,25.71,38.0,8.35,0.885,0.277,25.57,12.07,15.7,27.78,26.4,22.35,153.0,0.164,36.0,23.53,15.0,9.8,0.5660000000000001,0.157,26.44,12.56,15.46,28.02,28.62,20.57,104.0,0.221,21.0,20.19,16.0,15.38,0.7649999999999999,0.1979999999999999,28.05,13.84,10.94,24.78,25.22,14.58
746376,2024-06-22,2024,668939,L,669854,R,walk,False,True,221.0,0.249,45.0,20.36,16.0,7.24,0.696,0.14400000000000002,21.2,9.87,20.07,29.93,33.33,16.98,496.0,0.267,80.0,16.13,61.0,12.3,0.778,0.1519999999999999,16.76,6.91,19.7,26.61,24.41,12.54,153.0,0.164,36.0,23.53,15.0,9.8,0.5660000000000001,0.157,26.44,12.56,15.46,28.02,28.62,20.57,104.0,0.221,21.0,20.19,16.0,15.38,0.7649999999999999,0.1979999999999999,28.05,13.84,10.94,24.78,25.22,14.58
746376,2024-06-22,2024,656811,L,669854,R,single,False,False,208.0,0.296,22.0,10.58,18.0,8.65,0.848,0.196,18.44,8.18,17.01,25.19,22.68,11.76,340.0,0.297,74.0,21.76,13.0,3.82,0.802,0.178,22.26,11.29,14.37,25.66,31.15,17.72,153.0,0.164,36.0,23.53,15.0,9.8,0.5660000000000001,0.157,26.44,12.56,15.46,28.02,28.62,20.57,104.0,0.221,21.0,20.19,16.0,15.38,0.7649999999999999,0.1979999999999999,28.05,13.84,10.94,24.78,25.22,14.58
746376,2024-06-22,2024,663624,R,669854,R,strikeout,True,False,213.0,0.274,50.0,23.47,12.0,5.63,0.792,0.20299999999999996,23.41,12.81,11.98,24.79,36.59,19.31,310.0,0.235,78.0,25.16,22.0,7.1,0.6399999999999999,0.1139999999999999,29.78,16.05,13.56,29.61,37.06,21.61,153.0,0.163,39.0,25.49,16.0,10.46,0.522,0.10400000000000001,32.12,15.9,16.07,31.97,32.42,20.74,122.0,0.275,31.0,25.41,12.0,9.84,0.847,0.2199999999999999,37.6,19.87,11.14,31.0,32.68,22.3
746376,2024-06-22,2024,676801,R,669203,R,single,False,False,91.0,0.21,29.0,31.87,7.0,7.69,0.571,0.086,34.25,16.58,15.24,31.82,31.22,22.95,319.0,0.25,82.0,25.71,27.0,8.46,0.769,0.186,28.62,13.94,15.79,29.73,30.75,21.75,214.0,0.248,56.0,26.17,11.0,5.14,0.6719999999999999,0.138,31.05,15.64,15.76,31.4,35.8,23.24,396.0,0.229,88.0,22.22,26.0,6.57,0.677,0.158,27.84,13.46,15.95,29.41,29.79,18.68
746376,2024-06-22,2024,514888,R,669203,R,strikeout,True,False,245.0,0.294,47.0,19.18,15.0,6.12,0.805,0.17100000000000004,20.63,10.57,16.67,27.24,38.02,19.11,297.0,0.322,55.0,18.52,32.0,10.77,0.941,0.218,19.43,8.47,19.0,27.48,31.81,17.74,214.0,0.248,56.0,26.17,11.0,5.14,0.6719999999999999,0.138,31.05,15.64,15.76,31.4,35.8,23.24,396.0,0.229,88.0,22.22,26.0,6.57,0.677,0.158,27.84,13.46,15.95,29.41,29.79,18.68
746376,2024-06-22,2024,608324,R,669203,R,strikeout,True,False,214.0,0.272,37.0,17.29,18.0,8.41,0.773,0.16299999999999998,15.32,6.93,18.8,25.73,24.23,13.65,508.0,0.282,67.0,13.19,65.0,12.8,0.8500000000000001,0.186,14.53,5.58,19.65,25.23,16.96,12.88,214.0,0.248,56.0,26.17,11.0,5.14,0.6719999999999999,0.138,31.05,15.64,15.76,31.4,35.8,23.24,396.0,0.229,88.0,22.22,26.0,6.57,0.677,0.158,27.84,13.46,15.95,29.41,29.79,18.68
746376,2024-06-22,2024,670541,L,669203,R,home_run,False,False,205.0,0.271,30.0,14.63,21.0,10.24,0.865,0.243,20.23,9.25,16.78,26.02,30.81,14.63,322.0,0.292,55.0,17.08,49.0,15.22,1.044,0.333,21.1,8.88,15.37,24.25,23.99,15.32,155.0,0.155,33.0,21.29,13.0,8.39,0.42300000000000004,0.04200000000000001,23.99,10.69,18.59,29.28,28.62,18.75,388.0,0.17,112.0,28.87,40.0,10.31,0.515,0.087,29.82,13.15,18.05,31.21,30.03,25.51
746376,2024-06-22,2024,673237,R,669203,R,field_out,False,False,185.0,0.253,27.0,14.59,7.0,3.78,0.679,0.14900000000000002,20.99,11.91,10.34,22.26,40.96,15.61,274.0,0.307,47.0,17.15,7.0,2.55,0.931,0.292,24.58,14.19,11.31,25.51,43.08,17.42,214.0,0.248,56.0,26.17,11.0,5.14,0.6719999999999999,0.138,31.05,15.64,15.76,31.4,35.8,23.24,396.0,0.229,88.0,22.22,26.0,6.57,0.677,0.158,27.84,13.46,15.95,29.41,29.79,18.68
746376,2024-06-22,2024,623993,L,669854,R,field_out,False,False,221.0,0.227,36.0,16.29,14.0,6.33,0.792,0.28,16.56,8.99,12.86,21.84,40.21,13.24,486.0,0.26,107.0,22.02,31.0,6.38,0.798,0.2229999999999999,22.13,11.37,14.84,26.21,37.22,15.21,153.0,0.164,36.0,23.53,15.0,9.8,0.5660000000000001,0.157,26.44,12.56,15.46,28.02,28.62,20.57,104.0,0.221,21.0,20.19,16.0,15.38,0.7649999999999999,0.1979999999999999,28.05,13.84,10.94,24.78,25.22,14.58
746376,2024-06-22,2024,676059,R,669854,R,strikeout,True,False,216.0,0.31,36.0,16.67,12.0,5.56,0.914,0.23800000000000004,25.49,12.96,15.19,28.15,30.36,13.83,146.0,0.246,33.0,22.6,8.0,5.48,0.6779999999999999,0.142,22.97,11.73,16.25,27.98,29.59,19.76,153.0,0.163,39.0,25.49,16.0,10.46,0.522,0.10400000000000001,32.12,15.9,16.07,31.97,32.42,20.74,122.0,0.275,31.0,25.41,12.0,9.84,0.847,0.2199999999999999,37.6,19.87,11.14,31.0,32.68,22.3
746376,2024-06-22,2024,656775,L,669854,R,single,False,False,176.0,0.224,41.0,23.3,12.0,6.82,0.659,0.161,19.16,9.97,13.86,23.83,29.21,21.35,336.0,0.233,77.0,22.92,31.0,9.23,0.726,0.1889999999999999,26.24,13.25,14.23,27.48,28.99,18.95,153.0,0.164,36.0,23.53,15.0,9.8,0.5660000000000001,0.157,26.44,12.56,15.46,28.02,28.62,20.57,104.0,0.221,21.0,20.19,16.0,15.38,0.7649999999999999,0.1979999999999999,28.05,13.84,10.94,24.78,25.22,14.58
746376,2024-06-22,2024,681297,L,669854,R,force_out,False,False,181.0,0.237,49.0,27.07,19.0,10.5,0.788,0.21800000000000003,31.74,14.3,16.46,30.77,24.18,23.9,68.0,0.111,20.0,29.41,12.0,17.65,0.427,0.0369999999999999,26.67,10.98,17.07,28.05,21.51,17.7,153.0,0.164,36.0,23.53,15.0,9.8,0.5660000000000001,0.157,26.44,12.56,15.46,28.02,28.62,20.57,104.0,0.221,21.0,20.19,16.0,15.38,0.7649999999999999,0.1979999999999999,28.05,13.84,10.94,24.78,25.22,14.58
746376,2024-06-22,2024,676694,R,669203,R,field_out,False,False,150.0,0.261,37.0,24.67,9.0,6.0,0.731,0.15899999999999997,32.54,15.89,15.89,31.78,31.56,24.83,263.0,0.218,69.0,26.24,18.0,6.84,0.6459999999999999,0.146,25.89,12.2,16.27,28.47,24.49,21.12,214.0,0.248,56.0,26.17,11.0,5.14,0.6719999999999999,0.138,31.05,15.64,15.76,31.4,35.8,23.24,396.0,0.229,88.0,22.22,26.0,6.57,0.677,0.158,27.84,13.46,15.95,29.41,29.79,18.68
746376,2024-06-22,2024,643289,R,669203,R,field_out,False,False,134.0,0.299,10.0,7.46,5.0,3.73,0.73,0.10300000000000004,16.87,10.0,12.68,22.68,43.11,9.26,375.0,0.263,58.0,15.47,13.0,3.47,0.6779999999999999,0.124,19.01,10.95,13.18,24.13,40.64,15.68,214.0,0.248,56.0,26.17,11.0,5.14,0.6719999999999999,0.138,31.05,15.64,15.76,31.4,35.8,23.24,396.0,0.229,88.0,22.22,26.0,6.57,0.677,0.158,27.84,13.46,15.95,29.41,29.79,18.68
746376,2024-06-22,2024,665161,R,669203,R,field_out,False,False,220.0,0.266,44.0,20.0,11.0,5.0,0.644,0.064,25.48,13.15,15.51,28.66,36.36,17.46,461.0,0.239,107.0,23.21,34.0,7.38,0.655,0.1089999999999999,30.36,15.5,13.92,29.42,35.52,20.7,214.0,0.248,56.0,26.17,11.0,5.14,0.6719999999999999,0.138,31.05,15.64,15.76,31.4,35.8,23.24,396.0,0.229,88.0,22.22,26.0,6.57,0.677,0.158,27.84,13.46,15.95,29.41,29.79,18.68
746376,2024-06-22,2024,602104,R,669854,R,field_out,False,False,85.0,0.275,14.0,16.47,4.0,4.71,0.7929999999999999,0.19999999999999996,28.29,13.87,13.87,27.74,26.88,16.47,272.0,0.274,72.0,26.47,17.0,6.25,0.726,0.1169999999999999,29.67,14.82,16.24,31.07,27.7,24.41,153.0,0.163,39.0,25.49,16.0,10.46,0.522,0.10400000000000001,32.12,15.9,16.07,31.97,32.42,20.74,122.0,0.275,31.0,25.41,12.0,9.84,0.847,0.2199999999999999,37.6,19.87,11.14,31.0,32.68,22.3
746376,2024-06-22,2024,683002,L,669854,R,field_out,False,False,235.0,0.285,52.0,22.13,24.0,10.21,1.004,0.35300000000000004,24.82,11.33,14.85,26.18,22.89,22.41,455.0,0.272,117.0,25.71,38.0,8.35,0.885,0.277,25.57,12.07,15.7,27.78,26.4,22.35,153.0,0.164,36.0,23.53,15.0,9.8,0.5660000000000001,0.157,26.44,12.56,15.46,28.02,28.62,20.57,104.0,0.221,21.0,20.19,16.0,15.38,0.7649999999999999,0.1979999999999999,28.05,13.84,10.94,24.78,25.22,14.58
746376,2024-06-22,2024,668939,L,669854,R,field_out,False,False,221.0,0.249,45.0,20.36,16.0,7.24,0.696,0.14400000000000002,21.2,9.87,20.07,29.93,33.33,16.98,496.0,0.267,80.0,16.13,61.0,12.3,0.778,0.1519999999999999,16.76,6.91,19.7,26.61,24.41,12.54,153.0,0.164,36.0,23.53,15.0,9.8,0.5660000000000001,0.157,26.44,12.56,15.46,28.02,28.62,20.57,104.0,0.221,21.0,20.19,16.0,15.38,0.7649999999999999,0.1979999999999999,28.05,13.84,10.94,24.78,25.22,14.58
746376,2024-06-22,2024,694388,L,669203,R,field_out,False,False,41.0,0.368,16.0,39.02,2.0,4.88,0.926,0.15800000000000003,35.29,19.61,13.73,33.33,37.84,38.1,,,,,,,,,,,,,,,155.0,0.155,33.0,21.29,13.0,8.39,0.42300000000000004,0.04200000000000001,23.99,10.69,18.59,29.28,28.62,18.75,388.0,0.17,112.0,28.87,40.0,10.31,0.515,0.087,29.82,13.15,18.05,31.21,30.03,25.51
746376,2024-06-22,2024,676801,R,669203,R,home_run,False,False,91.0,0.21,29.0,31.87,7.0,7.69,0.571,0.086,34.25,16.58,15.24,31.82,31.22,22.95,319.0,0.25,82.0,25.71,27.0,8.46,0.769,0.186,28.62,13.94,15.79,29.73,30.75,21.75,214.0,0.248,56.0,26.17,11.0,5.14,0.6719999999999999,0.138,31.05,15.64,15.76,31.4,35.8,23.24,396.0,0.229,88.0,22.22,26.0,6.57,0.677,0.158,27.84,13.46,15.95,29.41,29.79,18.68
746376,2024-06-22,2024,514888,R,669203,R,strikeout,True,False,245.0,0.294,47.0,19.18,15.0,6.12,0.805,0.17100000000000004,20.63,10.57,16.67,27.24,38.02,19.11,297.0,0.322,55.0,18.52,32.0,10.77,0.941,0.218,19.43,8.47,19.0,27.48,31.81,17.74,214.0,0.248,56.0,26.17,11.0,5.14,0.6719999999999999,0.138,31.05,15.64,15.76,31.4,35.8,23.24,396.0,0.229,88.0,22.22,26.0,6.57,0.677,0.158,27.84,13.46,15.95,29.41,29.79,18.68
746376,2024-06-22,2024,608324,R,669203,R,field_out,False,False,214.0,0.272,37.0,17.29,18.0,8.41,0.773,0.16299999999999998,15.32,6.93,18.8,25.73,24.23,13.65,508.0,0.282,67.0,13.19,65.0,12.8,0.8500000000000001,0.186,14.53,5.58,19.65,25.23,16.96,12.88,214.0,0.248,56.0,26.17,11.0,5.14,0.6719999999999999,0.138,31.05,15.64,15.76,31.4,35.8,23.24,396.0,0.229,88.0,22.22,26.0,6.57,0.677,0.158,27.84,13.46,15.95,29.41,29.79,18.68
746376,2024-06-22,2024,656811,L,669854,R,field_out,False,False,208.0,0.296,22.0,10.58,18.0,8.65,0.848,0.196,18.44,8.18,17.01,25.19,22.68,11.76,340.0,0.297,74.0,21.76,13.0,3.82,0.802,0.178,22.26,11.29,14.37,25.66,31.15,17.72,153.0,0.164,36.0,23.53,15.0,9.8,0.5660000000000001,0.157,26.44,12.56,15.46,28.02,28.62,20.57,104.0,0.221,21.0,20.19,16.0,15.38,0.7649999999999999,0.1979999999999999,28.05,13.84,10.94,24.78,25.22,14.58
746376,2024-06-22,2024,663624,R,669854,R,field_out,False,False,213.0,0.274,50.0,23.47,12.0,5.63,0.792,0.20299999999999996,23.41,12.81,11.98,24.79,36.59,19.31,310.0,0.235,78.0,25.16,22.0,7.1,0.6399999999999999,0.1139999999999999,29.78,16.05,13.56,29.61,37.06,21.61,153.0,0.163,39.0,25.49,16.0,10.46,0.522,0.10400000000000001,32.12,15.9,16.07,31.97,32.42,20.74,122.0,0.275,31.0,25.41,12.0,9.84,0.847,0.2199999999999999,37.6,19.87,11.14,31.0,32.68,22.3
746376,2024-06-22,2024,623993,L,669854,R,field_out,False,False,221.0,0.227,36.0,16.29,14.0,6.33,0.792,0.28,16.56,8.99,12.86,21.84,40.21,13.24,486.0,0.26,107.0,22.02,31.0,6.38,0.798,0.2229999999999999,22.13,11.37,14.84,26.21,37.22,15.21,153.0,0.164,36.0,23.53,15.0,9.8,0.5660000000000001,0.157,26.44,12.56,15.46,28.02,28.62,20.57,104.0,0.221,21.0,20.19,16.0,15.38,0.7649999999999999,0.1979999999999999,28.05,13.84,10.94,24.78,25.22,14.58
746376,2024-06-22,2024,670541,L,669203,R,field_out,False,False,205.0,0.271,30.0,14.63,21.0,10.24,0.865,0.243,20.23,9.25,16.78,26.02,30.81,14.63,322.0,0.292,55.0,17.08,49.0,15.22,1.044,0.333,21.1,8.88,15.37,24.25,23.99,15.32,155.0,0.155,33.0,21.29,13.0,8.39,0.42300000000000004,0.04200000000000001,23.99,10.69,18.59,29.28,28.62,18.75,388.0,0.17,112.0,28.87,40.0,10.31,0.515,0.087,29.82,13.15,18.05,31.21,30.03,25.51
746376,2024-06-22,2024,673237,R,669203,R,field_out,False,False,185.0,0.253,27.0,14.59,7.0,3.78,0.679,0.14900000000000002,20.99,11.91,10.34,22.26,40.96,15.61,274.0,0.307,47.0,17.15,7.0,2.55,0.931,0.292,24.58,14.19,11.31,25.51,43.08,17.42,214.0,0.248,56.0,26.17,11.0,5.14,0.6719999999999999,0.138,31.05,15.64,15.76,31.4,35.8,23.24,396.0,0.229,88.0,22.22,26.0,6.57,0.677,0.158,27.84,13.46,15.95,29.41,29.79,18.68
746376,2024-06-22,2024,676694,R,669203,R,field_out,False,False,150.0,0.261,37.0,24.67,9.0,6.0,0.731,0.15899999999999997,32.54,15.89,15.89,31.78,31.56,24.83,263.0,0.218,69.0,26.24,18.0,6.84,0.6459999999999999,0.146,25.89,12.2,16.27,28.47,24.49,21.12,214.0,0.248,56.0,26.17,11.0,5.14,0.6719999999999999,0.138,31.05,15.64,15.76,31.4,35.8,23.24,396.0,0.229,88.0,22.22,26.0,6.57,0.677,0.158,27.84,13.46,15.95,29.41,29.79,18.68
746376,2024-06-22,2024,676059,R,669854,R,strikeout,True,False,216.0,0.31,36.0,16.67,12.0,5.56,0.914,0.23800000000000004,25.49,12.96,15.19,28.15,30.36,13.83,146.0,0.246,33.0,22.6,8.0,5.48,0.6779999999999999,0.142,22.97,11.73,16.25,27.98,29.59,19.76,153.0,0.163,39.0,25.49,16.0,10.46,0.522,0.10400000000000001,32.12,15.9,16.07,31.97,32.42,20.74,122.0,0.275,31.0,25.41,12.0,9.84,0.847,0.2199999999999999,37.6,19.87,11.14,31.0,32.68,22.3
746376,2024-06-22,2024,656775,L,669854,R,triple,False,False,176.0,0.224,41.0,23.3,12.0,6.82,0.659,0.161,19.16,9.97,13.86,23.83,29.21,21.35,336.0,0.233,77.0,22.92,31.0,9.23,0.726,0.1889999999999999,26.24,13.25,14.23,27.48,28.99,18.95,153.0,0.164,36.0,23.53,15.0,9.8,0.5660000000000001,0.157,26.44,12.56,15.46,28.02,28.62,20.57,104.0,0.221,21.0,20.19,16.0,15.38,0.7649999999999999,0.1979999999999999,28.05,13.84,10.94,24.78,25.22,14.58
746376,2024-06-22,2024,681297,L,669854,R,field_out,False,False,181.0,0.237,49.0,27.07,19.0,10.5,0.788,0.21800000000000003,31.74,14.3,16.46,30.77,24.18,23.9,68.0,0.111,20.0,29.41,12.0,17.65,0.427,0.0369999999999999,26.67,10.98,17.07,28.05,21.51,17.7,153.0,0.164,36.0,23.53,15.0,9.8,0.5660000000000001,0.157,26.44,12.56,15.46,28.02,28.62,20.57,104.0,0.221,21.0,20.19,16.0,15.38,0.7649999999999999,0.1979999999999999,28.05,13.84,10.94,24.78,25.22,14.58
746376,2024-06-22,2024,602104,R,669854,R,field_out,False,False,85.0,0.275,14.0,16.47,4.0,4.71,0.7929999999999999,0.19999999999999996,28.29,13.87,13.87,27.74,26.88,16.47,272.0,0.274,72.0,26.47,17.0,6.25,0.726,0.1169999999999999,29.67,14.82,16.24,31.07,27.7,24.41,153.0,0.163,39.0,25.49,16.0,10.46,0.522,0.10400000000000001,32.12,15.9,16.07,31.97,32.42,20.74,122.0,0.275,31.0,25.41,12.0,9.84,0.847,0.2199999999999999,37.6,19.87,11.14,31.0,32.68,22.3
746376,2024-06-22,2024,643289,R,669203,R,field_out,False,False,134.0,0.299,10.0,7.46,5.0,3.73,0.73,0.10300000000000004,16.87,10.0,12.68,22.68,43.11,9.26,375.0,0.263,58.0,15.47,13.0,3.47,0.6779999999999999,0.124,19.01,10.95,13.18,24.13,40.64,15.68,214.0,0.248,56.0,26.17,11.0,5.14,0.6719999999999999,0.138,31.05,15.64,15.76,31.4,35.8,23.24,396.0,0.229,88.0,22.22,26.0,6.57,0.677,0.158,27.84,13.46,15.95,29.41,29.79,18.68
746376,2024-06-22,2024,665161,R,669203,R,field_out,False,False,220.0,0.266,44.0,20.0,11.0,5.0,0.644,0.064,25.48,13.15,15.51,28.66,36.36,17.46,461.0,0.239,107.0,23.21,34.0,7.38,0.655,0.1089999999999999,30.36,15.5,13.92,29.42,35.52,20.7,214.0,0.248,56.0,26.17,11.0,5.14,0.6719999999999999,0.138,31.05,15.64,15.76,31.4,35.8,23.24,396.0,0.229,88.0,22.22,26.0,6.57,0.677,0.158,27.84,13.46,15.95,29.41,29.79,18.68
746376,2024-06-22,2024,694388,L,669203,R,strikeout,True,False,41.0,0.368,16.0,39.02,2.0,4.88,0.926,0.15800000000000003,35.29,19.61,13.73,33.33,37.84,38.1,,,,,,,,,,,,,,,155.0,0.155,33.0,21.29,13.0,8.39,0.42300000000000004,0.04200000000000001,23.99,10.69,18.59,29.28,28.62,18.75,388.0,0.17,112.0,28.87,40.0,10.31,0.515,0.087,29.82,13.15,18.05,31.21,30.03,25.51
746376,2024-06-22,2024,683002,L,519151,R,field_out,False,False,235.0,0.285,52.0,22.13,24.0,10.21,1.004,0.35300000000000004,24.82,11.33,14.85,26.18,22.89,22.41,455.0,0.272,117.0,25.71,38.0,8.35,0.885,0.277,25.57,12.07,15.7,27.78,26.4,22.35,67.0,0.279,23.0,34.33,4.0,5.97,0.679,0.08199999999999996,29.37,13.12,19.5,32.62,28.37,24.47,138.0,0.217,38.0,27.54,6.0,4.35,0.649,0.178,31.54,15.68,16.63,32.31,35.45,25.0
746376,2024-06-22,2024,668939,L,519151,R,field_out,False,False,221.0,0.249,45.0,20.36,16.0,7.24,0.696,0.14400000000000002,21.2,9.87,20.07,29.93,33.33,16.98,496.0,0.267,80.0,16.13,61.0,12.3,0.778,0.1519999999999999,16.76,6.91,19.7,26.61,24.41,12.54,67.0,0.279,23.0,34.33,4.0,5.97,0.679,0.08199999999999996,29.37,13.12,19.5,32.62,28.37,24.47,138.0,0.217,38.0,27.54,6.0,4.35,0.649,0.178,31.54,15.68,16.63,32.31,35.45,25.0
746376,2024-06-22,2024,656811,L,519151,R,strikeout,True,False,208.0,0.296,22.0,10.58,18.0,8.65,0.848,0.196,18.44,8.18,17.01,25.19,22.68,11.76,340.0,0.297,74.0,21.76,13.0,3.82,0.802,0.178,22.26,11.29,14.37,25.66,31.15,17.72,67.0,0.279,23.0,34.33,4.0,5.97,0.679,0.08199999999999996,29.37,13.12,19.5,32.62,28.37,24.47,138.0,0.217,38.0,27.54,6.0,4.35,0.649,0.178,31.54,15.68,16.63,32.31,35.45,25.0
746376,2024-06-22,2024,676801,R,641329,R,home_run,False,False,91.0,0.21,29.0,31.87,7.0,7.69,0.571,0.086,34.25,16.58,15.24,31.82,31.22,22.95,319.0,0.25,82.0,25.71,27.0,8.46,0.769,0.186,28.62,13.94,15.79,29.73,30.75,21.75,11.0,0.182,2.0,18.18,0.0,0.0,0.364,0.0,16.67,6.67,22.22,28.89,25.0,14.29,126.0,0.241,30.0,23.81,14.0,11.11,0.72,0.148,21.26,10.42,14.29,24.71,26.82,15.96
746376,2024-06-22,2024,514888,R,641329,R,field_out,False,False,245.0,0.294,47.0,19.18,15.0,6.12,0.805,0.17100000000000004,20.63,10.57,16.67,27.24,38.02,19.11,297.0,0.322,55.0,18.52,32.0,10.77,0.941,0.218,19.43,8.47,19.0,27.48,31.81,17.74,11.0,0.182,2.0,18.18,0.0,0.0,0.364,0.0,16.67,6.67,22.22,28.89,25.0,14.29,126.0,0.241,30.0,23.81,14.0,11.11,0.72,0.148,21.26,10.42,14.29,24.71,26.82,15.96
746376,2024-06-22,2024,608324,R,641329,R,field_out,False,False,214.0,0.272,37.0,17.29,18.0,8.41,0.773,0.16299999999999998,15.32,6.93,18.8,25.73,24.23,13.65,508.0,0.282,67.0,13.19,65.0,12.8,0.8500000000000001,0.186,14.53,5.58,19.65,25.23,16.96,12.88,11.0,0.182,2.0,18.18,0.0,0.0,0.364,0.0,16.67,6.67,22.22,28.89,25.0,14.29,126.0,0.241,30.0,23.81,14.0,11.11,0.72,0.148,21.26,10.42,14.29,24.71,26.82,15.96
746376,2024-06-22,2024,670541,L,641329,R,field_out,False,False,205.0,0.271,30.0,14.63,21.0,10.24,0.865,0.243,20.23,9.25,16.78,26.02,30.81,14.63,322.0,0.292,55.0,17.08,49.0,15.22,1.044,0.333,21.1,8.88,15.37,24.25,23.99,15.32,6.0,0.2,0.0,0.0,1.0,16.67,0.533,0.0,12.5,7.14,7.14,14.29,30.77,0.0,61.0,0.143,21.0,34.43,10.0,16.39,0.507,0.081,28.46,12.73,13.45,26.18,21.05,23.86
746376,2024-06-22,2024,663624,R,623352,L,field_out,False,False,84.0,0.286,14.0,16.67,7.0,8.33,0.826,0.195,20.97,11.61,11.9,23.51,38.37,13.86,161.0,0.338,29.0,18.01,15.0,9.32,1.053,0.317,25.46,14.21,11.82,26.03,41.95,16.86,110.0,0.225,39.0,35.45,8.0,7.27,0.645,0.13799999999999998,36.95,19.66,12.61,32.26,33.2,24.07,184.0,0.146,69.0,37.5,24.0,13.04,0.489,0.071,31.35,15.37,13.74,29.1,32.49,22.62
746376,2024-06-22,2024,623993,R,623352,L,strikeout,True,False,80.0,0.269,19.0,23.75,9.0,11.25,0.912,0.268,29.71,12.93,19.24,32.18,27.85,20.65,170.0,0.25,45.0,26.47,24.0,14.12,0.7909999999999999,0.188,28.15,11.77,18.98,30.75,26.34,19.31,110.0,0.225,39.0,35.45,8.0,7.27,0.645,0.13799999999999998,36.95,19.66,12.61,32.26,33.2,24.07,184.0,0.146,69.0,37.5,24.0,13.04,0.489,0.071,31.35,15.37,13.74,29.1,32.49,22.62
746376,2024-06-22,2024,676059,R,623352,L,strikeout,True,False,71.0,0.197,21.0,29.58,4.0,5.63,0.607,0.16699999999999998,36.81,19.0,13.26,32.26,30.0,24.71,82.0,0.284,23.0,28.05,8.0,9.76,0.786,0.148,32.37,14.29,17.14,31.43,25.99,24.21,110.0,0.225,39.0,35.45,8.0,7.27,0.645,0.13799999999999998,36.95,19.66,12.61,32.26,33.2,24.07,184.0,0.146,69.0,37.5,24.0,13.04,0.489,0.071,31.35,15.37,13.74,29.1,32.49,22.62
746700,2024-06-22,2024,680776,L,593423,R,single,False,False,242.0,0.295,52.0,21.49,20.0,8.26,0.905,0.25500000000000006,23.8,11.35,14.58,25.94,26.87,18.57,314.0,0.296,75.0,23.89,21.0,6.69,0.84,0.195,24.68,12.92,13.75,26.67,30.3,19.02,144.0,0.276,23.0,15.97,17.0,11.81,0.833,0.179,19.42,9.41,13.41,22.82,27.46,13.37,2.0,1.0,0.0,0.0,1.0,50.0,2.0,0.0,0.0,0.0,14.29,14.29,0.0,
746700,2024-06-22,2024,677800,L,593423,R,grounded_into_double_play,False,False,162.0,0.292,40.0,24.69,16.0,9.88,0.895,0.24300000000000005,30.23,14.6,14.75,29.35,25.79,19.9,75.0,0.333,18.0,24.0,9.0,12.0,0.928,0.182,30.07,13.61,16.77,30.38,23.72,18.0,144.0,0.276,23.0,15.97,17.0,11.81,0.833,0.179,19.42,9.41,13.41,22.82,27.46,13.37,2.0,1.0,0.0,0.0,1.0,50.0,2.0,0.0,0.0,0.0,14.29,14.29,0.0,
746700,2024-06-22,2024,657136,R,593423,R,field_out,False,False,140.0,0.323,26.0,18.57,4.0,2.86,0.8240000000000001,0.134,27.6,14.37,15.21,29.58,31.28,19.4,296.0,0.262,94.0,31.76,13.0,4.39,0.734,0.1669999999999999,32.08,16.95,15.14,32.09,35.28,27.01,123.0,0.214,26.0,21.14,9.0,7.32,0.609,0.11600000000000002,24.29,12.22,14.66,26.88,27.85,16.35,5.0,0.2,1.0,20.0,0.0,0.0,0.6000000000000001,0.2,36.36,21.05,10.53,31.58,45.45,11.11
746700,2024-06-22,2024,670770,L,601713,R,field_out,False,False,70.0,0.194,12.0,17.14,5.0,7.14,0.678,0.20900000000000002,17.59,7.34,20.08,27.41,22.4,19.05,446.0,0.26,70.0,15.7,38.0,8.52,0.785,0.189,18.12,7.73,19.52,27.25,25.03,13.48,93.0,0.179,25.0,26.88,9.0,9.68,0.603,0.16599999999999998,25.81,11.97,15.46,27.43,23.44,18.52,242.0,0.225,77.0,31.82,18.0,7.44,0.7969999999999999,0.284,27.81,13.61,17.42,31.03,33.87,23.33
746700,2024-06-22,2024,682829,L,601713,R,strikeout,True,False,204.0,0.243,68.0,33.33,23.0,11.27,0.8029999999999999,0.23199999999999998,32.82,13.25,20.5,33.75,24.15,30.59,307.0,0.255,95.0,30.94,30.0,9.77,0.7989999999999999,0.2159999999999999,26.69,11.86,17.47,29.33,31.27,25.07,93.0,0.179,25.0,26.88,9.0,9.68,0.603,0.16599999999999998,25.81,11.97,15.46,27.43,23.44,18.52,242.0,0.225,77.0,31.82,18.0,7.44,0.7969999999999999,0.284,27.81,13.61,17.42,31.03,33.87,23.33
746700,2024-06-22,2024,600869,L,601713,R,single,False,False,185.0,0.26,47.0,25.41,8.0,4.32,0.865,0.31199999999999994,27.76,14.93,13.19,28.12,36.0,21.86,415.0,0.251,91.0,21.93,38.0,9.16,0.812,0.2279999999999999,25.42,11.83,16.22,28.05,27.64,18.71,93.0,0.179,25.0,26.88,9.0,9.68,0.603,0.16599999999999998,25.81,11.97,15.46,27.43,23.44,18.52,242.0,0.225,77.0,31.82,18.0,7.44,0.7969999999999999,0.284,27.81,13.61,17.42,31.03,33.87,23.33
746700,2024-06-22,2024,668715,R,601713,R,home_run,False,False,213.0,0.225,44.0,20.66,20.0,9.39,0.661,0.13099999999999998,21.59,9.73,18.08,27.81,25.58,15.77,487.0,0.256,106.0,21.77,51.0,10.47,0.7789999999999999,0.175,25.48,10.86,19.02,29.88,22.75,18.53,123.0,0.267,34.0,27.64,5.0,4.07,0.804,0.242,27.82,15.33,15.33,30.67,32.29,23.61,346.0,0.197,106.0,30.64,32.0,9.25,0.6060000000000001,0.129,30.92,15.06,15.42,30.48,32.51,24.88
746700,2024-06-22,2024,641584,L,601713,R,strikeout,True,False,159.0,0.266,32.0,20.13,13.0,8.18,0.663,0.07,20.3,11.81,9.2,21.01,29.18,16.84,339.0,0.268,66.0,19.47,34.0,10.03,0.815,0.199,24.78,12.84,11.52,24.36,30.55,18.38,93.0,0.179,25.0,26.88,9.0,9.68,0.603,0.16599999999999998,25.81,11.97,15.46,27.43,23.44,18.52,242.0,0.225,77.0,31.82,18.0,7.44,0.7969999999999999,0.284,27.81,13.61,17.42,31.03,33.87,23.33
746700,2024-06-22,2024,646240,L,593423,R,field_out,False,False,183.0,0.284,34.0,18.58,26.0,14.21,0.983,0.316,25.14,11.79,12.87,24.66,29.02,16.11,469.0,0.27,89.0,18.98,51.0,10.87,0.863,0.235,25.44,13.04,9.74,22.78,33.05,15.06,144.0,0.276,23.0,15.97,17.0,11.81,0.833,0.179,19.42,9.41,13.41,22.82,27.46,13.37,2.0,1.0,0.0,0.0,1.0,50.0,2.0,0.0,0.0,0.0,14.29,14.29,0.0,
746700,2024-06-22,2024,665839,L,593423,R,field_out,False,False,127.0,0.252,30.0,23.62,9.0,7.09,0.7949999999999999,0.244,20.09,9.04,19.81,28.85,28.15,17.06,133.0,0.28,32.0,24.06,7.0,5.26,0.806,0.2079999999999999,23.05,10.04,20.07,30.11,28.72,21.48,144.0,0.276,23.0,15.97,17.0,11.81,0.833,0.179,19.42,9.41,13.41,22.82,27.46,13.37,2.0,1.0,0.0,0.0,1.0,50.0,2.0,0.0,0.0,0.0,14.29,14.29,0.0,
746700,2024-06-22,2024,807799,L,593423,R,field_out,False,False,95.0,0.274,14.0,14.74,7.0,7.37,0.708,0.08299999999999996,16.67,7.14,19.58,26.72,24.61,13.33,437.0,0.293,58.0,13.27,22.0,5.03,0.795,0.167,17.2,7.54,21.09,28.63,28.96,13.65,144.0,0.276,23.0,15.97,17.0,11.81,0.833,0.179,19.42,9.41,13.41,22.82,27.46,13.37,2.0,1.0,0.0,0.0,1.0,50.0,2.0,0.0,0.0,0.0,14.29,14.29,0.0,
746700,2024-06-22,2024,663697,R,601713,R,field_out,False,False,186.0,0.217,44.0,23.66,24.0,12.9,0.646,0.101,20.14,7.44,21.03,28.46,16.27,19.91,397.0,0.257,73.0,18.39,37.0,9.32,0.7809999999999999,0.175,21.3,8.18,21.42,29.59,19.53,15.19,123.0,0.267,34.0,27.64,5.0,4.07,0.804,0.242,27.82,15.33,15.33,30.67,32.29,23.61,346.0,0.197,106.0,30.64,32.0,9.25,0.6060000000000001,0.129,30.92,15.06,15.42,30.48,32.51,24.88
746700,2024-06-22,2024,605361,L,601713,R,strikeout,True,False,102.0,0.213,25.0,24.51,5.0,4.9,0.607,0.12400000000000003,26.88,12.79,18.67,31.46,28.95,22.52,67.0,0.262,11.0,16.42,4.0,5.97,0.951,0.361,16.8,7.78,18.52,26.3,24.19,11.46,93.0,0.179,25.0,26.88,9.0,9.68,0.603,0.16599999999999998,25.81,11.97,15.46,27.43,23.44,18.52,242.0,0.225,77.0,31.82,18.0,7.44,0.7969999999999999,0.284,27.81,13.61,17.42,31.03,33.87,23.33
746700,2024-06-22,2024,571912,R,601713,R,walk,False,True,65.0,0.179,24.0,36.92,5.0,7.69,0.524,0.05300000000000002,31.67,13.92,17.22,31.14,25.17,29.27,141.0,0.224,35.0,24.82,10.0,7.09,0.675,0.144,25.1,11.19,19.96,31.16,24.62,23.65,123.0,0.267,34.0,27.64,5.0,4.07,0.804,0.242,27.82,15.33,15.33,30.67,32.29,23.61,346.0,0.197,106.0,30.64,32.0,9.25,0.6060000000000001,0.129,30.92,15.06,15.42,30.48,32.51,24.88
746700,2024-06-22,2024,666181,L,601713,R,strikeout,True,False,185.0,0.222,78.0,42.16,18.0,9.73,0.728,0.209,38.32,18.22,15.12,33.33,22.04,31.08,285.0,0.297,89.0,31.23,37.0,12.98,0.938,0.252,31.03,13.11,16.03,29.13,18.51,23.66,93.0,0.179,25.0,26.88,9.0,9.68,0.603,0.16599999999999998,25.81,11.97,15.46,27.43,23.44,18.52,242.0,0.225,77.0,31.82,18.0,7.44,0.7969999999999999,0.284,27.81,13.61,17.42,31.03,33.87,23.33
746700,2024-06-22,2024,642086,L,593423,R,field_out,False,False,123.0,0.198,23.0,18.7,14.0,11.38,0.573,0.066,24.3,11.56,15.78,27.33,29.31,20.0,414.0,0.263,62.0,14.98,33.0,7.97,0.736,0.135,19.9,10.09,14.56,24.65,32.27,13.42,144.0,0.276,23.0,15.97,17.0,11.81,0.833,0.179,19.42,9.41,13.41,22.82,27.46,13.37,2.0,1.0,0.0,0.0,1.0,50.0,2.0,0.0,0.0,0.0,14.29,14.29,0.0,
746700,2024-06-22,2024,666152,L,593423,R,walk,False,True,132.0,0.295,32.0,24.24,9.0,6.82,0.815,0.17200000000000004,24.66,10.49,20.39,30.87,19.68,21.19,36.0,0.1,10.0,27.78,6.0,16.67,0.417,0.067,20.0,8.44,23.38,31.82,26.39,15.38,144.0,0.276,23.0,15.97,17.0,11.81,0.833,0.179,19.42,9.41,13.41,22.82,27.46,13.37,2.0,1.0,0.0,0.0,1.0,50.0,2.0,0.0,0.0,0.0,14.29,14.29,0.0,
746700,2024-06-22,2024,678882,R,593423,R,field_out,False,False,202.0,0.24,54.0,26.73,5.0,2.48,0.639,0.14,33.03,20.25,11.51,31.76,45.07,22.78,62.0,0.263,20.0,32.26,3.0,4.84,0.6739999999999999,0.1049999999999999,27.08,15.6,11.2,26.8,42.11,22.22,123.0,0.214,26.0,21.14,9.0,7.32,0.609,0.11600000000000002,24.29,12.22,14.66,26.88,27.85,16.35,5.0,0.2,1.0,20.0,0.0,0.0,0.6000000000000001,0.2,36.36,21.05,10.53,31.58,45.45,11.11
746700,2024-06-22,2024,680776,L,593423,R,strikeout,True,False,242.0,0.295,52.0,21.49,20.0,8.26,0.905,0.25500000000000006,23.8,11.35,14.58,25.94,26.87,18.57,314.0,0.296,75.0,23.89,21.0,6.69,0.84,0.195,24.68,12.92,13.75,26.67,30.3,19.02,144.0,0.276,23.0,15.97,17.0,11.81,0.833,0.179,19.42,9.41,13.41,22.82,27.46,13.37,2.0,1.0,0.0,0.0,1.0,50.0,2.0,0.0,0.0,0.0,14.29,14.29,0.0,
746700,2024-06-22,2024,670770,L,601713,R,field_out,False,False,70.0,0.194,12.0,17.14,5.0,7.14,0.678,0.20900000000000002,17.59,7.34,20.08,27.41,22.4,19.05,446.0,0.26,70.0,15.7,38.0,8.52,0.785,0.189,18.12,7.73,19.52,27.25,25.03,13.48,93.0,0.179,25.0,26.88,9.0,9.68,0.603,0.16599999999999998,25.81,11.97,15.46,27.43,23.44,18.52,242.0,0.225,77.0,31.82,18.0,7.44,0.7969999999999999,0.284,27.81,13.61,17.42,31.03,33.87,23.33
746700,2024-06-22,2024,682829,L,601713,R,home_run,False,False,204.0,0.243,68.0,33.33,23.0,11.27,0.8029999999999999,0.23199999999999998,32.82,13.25,20.5,33.75,24.15,30.59,307.0,0.255,95.0,30.94,30.0,9.77,0.7989999999999999,0.2159999999999999,26.69,11.86,17.47,29.33,31.27,25.07,93.0,0.179,25.0,26.88,9.0,9.68,0.603,0.16599999999999998,25.81,11.97,15.46,27.43,23.44,18.52,242.0,0.225,77.0,31.82,18.0,7.44,0.7969999999999999,0.284,27.81,13.61,17.42,31.03,33.87,23.33
746700,2024-06-22,2024,600869,L,601713,R,strikeout,True,False,185.0,0.26,47.0,25.41,8.0,4.32,0.865,0.31199999999999994,27.76,14.93,13.19,28.12,36.0,21.86,415.0,0.251,91.0,21.93,38.0,9.16,0.812,0.2279999999999999,25.42,11.83,16.22,28.05,27.64,18.71,93.0,0.179,25.0,26.88,9.0,9.68,0.603,0.16599999999999998,25.81,11.97,15.46,27.43,23.44,18.52,242.0,0.225,77.0,31.82,18.0,7.44,0.7969999999999999,0.284,27.81,13.61,17.42,31.03,33.87,23.33
746700,2024-06-22,2024,668715,R,601713,R,field_out,False,False,213.0,0.225,44.0,20.66,20.0,9.39,0.661,0.13099999999999998,21.59,9.73,18.08,27.81,25.58,15.77,487.0,0.256,106.0,21.77,51.0,10.47,0.7789999999999999,0.175,25.48,10.86,19.02,29.88,22.75,18.53,123.0,0.267,34.0,27.64,5.0,4.07,0.804,0.242,27.82,15.33,15.33,30.67,32.29,23.61,346.0,0.197,106.0,30.64,32.0,9.25,0.6060000000000001,0.129,30.92,15.06,15.42,30.48,32.51,24.88
746700,2024-06-22,2024,677800,L,593423,R,field_out,False,False,162.0,0.292,40.0,24.69,16.0,9.88,0.895,0.24300000000000005,30.23,14.6,14.75,29.35,25.79,19.9,75.0,0.333,18.0,24.0,9.0,12.0,0.928,0.182,30.07,13.61,16.77,30.38,23.72,18.0,144.0,0.276,23.0,15.97,17.0,11.81,0.833,0.179,19.42,9.41,13.41,22.82,27.46,13.37,2.0,1.0,0.0,0.0,1.0,50.0,2.0,0.0,0.0,0.0,14.29,14.29,0.0,
746700,2024-06-22,2024,657136,R,593423,R,field_out,False,False,140.0,0.323,26.0,18.57,4.0,2.86,0.8240000000000001,0.134,27.6,14.37,15.21,29.58,31.28,19.4,296.0,0.262,94.0,31.76,13.0,4.39,0.734,0.1669999999999999,32.08,16.95,15.14,32.09,35.28,27.01,123.0,0.214,26.0,21.14,9.0,7.32,0.609,0.11600000000000002,24.29,12.22,14.66,26.88,27.85,16.35,5.0,0.2,1.0,20.0,0.0,0.0,0.6000000000000001,0.2,36.36,21.05,10.53,31.58,45.45,11.11
746700,2024-06-22,2024,646240,L,593423,R,single,False,False,183.0,0.284,34.0,18.58,26.0,14.21,0.983,0.316,25.14,11.79,12.87,24.66,29.02,16.11,469.0,0.27,89.0,18.98,51.0,10.87,0.863,0.235,25.44,13.04,9.74,22.78,33.05,15.06,144.0,0.276,23.0,15.97,17.0,11.81,0.833,0.179,19.42,9.41,13.41,22.82,27.46,13.37,2.0,1.0,0.0,0.0,1.0,50.0,2.0,0.0,0.0,0.0,14.29,14.29,0.0,
746700,2024-06-22,2024,665839,L,593423,R,strikeout,True,False,127.0,0.252,30.0,23.62,9.0,7.09,0.7949999999999999,0.244,20.09,9.04,19.81,28.85,28.15,17.06,133.0,0.28,32.0,24.06,7.0,5.26,0.806,0.2079999999999999,23.05,10.04,20.07,30.11,28.72,21.48,144.0,0.276,23.0,15.97,17.0,11.81,0.833,0.179,19.42,9.41,13.41,22.82,27.46,13.37,2.0,1.0,0.0,0.0,1.0,50.0,2.0,0.0,0.0,0.0,14.29,14.29,0.0,
746700,2024-06-22,2024,641584,L,601713,R,field_out,False,False,159.0,0.266,32.0,20.13,13.0,8.18,0.663,0.07,20.3,11.81,9.2,21.01,29.18,16.84,339.0,0.268,66.0,19.47,34.0,10.03,0.815,0.199,24.78,12.84,11.52,24.36,30.55,18.38,93.0,0.179,25.0,26.88,9.0,9.68,0.603,0.16599999999999998,25.81,11.97,15.46,27.43,23.44,18.52,242.0,0.225,77.0,31.82,18.0,7.44,0.7969999999999999,0.284,27.81,13.61,17.42,31.03,33.87,23.33
746700,2024-06-22,2024,663697,R,601713,R,single,False,False,186.0,0.217,44.0,23.66,24.0,12.9,0.646,0.101,20.14,7.44,21.03,28.46,16.27,19.91,397.0,0.257,73.0,18.39,37.0,9.32,0.7809999999999999,0.175,21.3,8.18,21.42,29.59,19.53,15.19,123.0,0.267,34.0,27.64,5.0,4.07,0.804,0.242,27.82,15.33,15.33,30.67,32.29,23.61,346.0,0.197,106.0,30.64,32.0,9.25,0.6060000000000001,0.129,30.92,15.06,15.42,30.48,32.51,24.88
746700,2024-06-22,2024,605361,L,601713,R,field_out,False,False,102.0,0.213,25.0,24.51,5.0,4.9,0.607,0.12400000000000003,26.88,12.79,18.67,31.46,28.95,22.52,67.0,0.262,11.0,16.42,4.0,5.97,0.951,0.361,16.8,7.78,18.52,26.3,24.19,11.46,93.0,0.179,25.0,26.88,9.0,9.68,0.603,0.16599999999999998,25.81,11.97,15.46,27.43,23.44,18.52,242.0,0.225,77.0,31.82,18.0,7.44,0.7969999999999999,0.284,27.81,13.61,17.42,31.03,33.87,23.33
746700,2024-06-22,2024,571912,R,601713,R,field_out,False,False,65.0,0.179,24.0,36.92,5.0,7.69,0.524,0.05300000000000002,31.67,13.92,17.22,31.14,25.17,29.27,141.0,0.224,35.0,24.82,10.0,7.09,0.675,0.144,25.1,11.19,19.96,31.16,24.62,23.65,123.0,0.267,34.0,27.64,5.0,4.07,0.804,0.242,27.82,15.33,15.33,30.67,32.29,23.61,346.0,0.197,106.0,30.64,32.0,9.25,0.6060000000000001,0.129,30.92,15.06,15.42,30.48,32.51,24.88
746700,2024-06-22,2024,807799,L,593423,R,field_out,False,False,95.0,0.274,14.0,14.74,7.0,7.37,0.708,0.08299999999999996,16.67,7.14,19.58,26.72,24.61,13.33,437.0,0.293,58.0,13.27,22.0,5.03,0.795,0.167,17.2,7.54,21.09,28.63,28.96,13.65,144.0,0.276,23.0,15.97,17.0,11.81,0.833,0.179,19.42,9.41,13.41,22.82,27.46,13.37,2.0,1.0,0.0,0.0,1.0,50.0,2.0,0.0,0.0,0.0,14.29,14.29,0.0,
746700,2024-06-22,2024,642086,L,593423,R,home_run,False,False,123.0,0.198,23.0,18.7,14.0,11.38,0.573,0.066,24.3,11.56,15.78,27.33,29.31,20.0,414.0,0.263,62.0,14.98,33.0,7.97,0.736,0.135,19.9,10.09,14.56,24.65,32.27,13.42,144.0,0.276,23.0,15.97,17.0,11.81,0.833,0.179,19.42,9.41,13.41,22.82,27.46,13.37,2.0,1.0,0.0,0.0,1.0,50.0,2.0,0.0,0.0,0.0,14.29,14.29,0.0,
746700,2024-06-22,2024,666152,L,593423,R,field_out,False,False,132.0,0.295,32.0,24.24,9.0,6.82,0.815,0.17200000000000004,24.66,10.49,20.39,30.87,19.68,21.19,36.0,0.1,10.0,27.78,6.0,16.67,0.417,0.067,20.0,8.44,23.38,31.82,26.39,15.38,144.0,0.276,23.0,15.97,17.0,11.81,0.833,0.179,19.42,9.41,13.41,22.82,27.46,13.37,2.0,1.0,0.0,0.0,1.0,50.0,2.0,0.0,0.0,0.0,14.29,14.29,0.0,
746700,2024-06-22,2024,678882,R,593423,R,strikeout,True,False,202.0,0.24,54.0,26.73,5.0,2.48,0.639,0.14,33.03,20.25,11.51,31.76,45.07,22.78,62.0,0.263,20.0,32.26,3.0,4.84,0.6739999999999999,0.1049999999999999,27.08,15.6,11.2,26.8,42.11,22.22,123.0,0.214,26.0,21.14,9.0,7.32,0.609,0.11600000000000002,24.29,12.22,14.66,26.88,27.85,16.35,5.0,0.2,1.0,20.0,0.0,0.0,0.6000000000000001,0.2,36.36,21.05,10.53,31.58,45.45,11.11
746700,2024-06-22,2024,666181,L,601713,R,field_out,False,False,185.0,0.222,78.0,42.16,18.0,9.73,0.728,0.209,38.32,18.22,15.12,33.33,22.04,31.08,285.0,0.297,89.0,31.23,37.0,12.98,0.938,0.252,31.03,13.11,16.03,29.13,18.51,23.66,93.0,0.179,25.0,26.88,9.0,9.68,0.603,0.16599999999999998,25.81,11.97,15.46,27.43,23.44,18.52,242.0,0.225,77.0,31.82,18.0,7.44,0.7969999999999999,0.284,27.81,13.61,17.42,31.03,33.87,23.33
746700,2024-06-22,2024,670770,L,601713,R,single,False,False,70.0,0.194,12.0,17.14,5.0,7.14,0.678,0.20900000000000002,17.59,7.34,20.08,27.41,22.4,19.05,446.0,0.26,70.0,15.7,38.0,8.52,0.785,0.189,18.12,7.73,19.52,27.25,25.03,13.48,93.0,0.179,25.0,26.88,9.0,9.68,0.603,0.16599999999999998,25.81,11.97,15.46,27.43,23.44,18.52,242.0,0.225,77.0,31.82,18.0,7.44,0.7969999999999999,0.284,27.81,13.61,17.42,31.03,33.87,23.33
746700,2024-06-22,2024,682829,L,601713,R,single,False,False,204.0,0.243,68.0,33.33,23.0,11.27,0.8029999999999999,0.23199999999999998,32.82,13.25,20.5,33.75,24.15,30.59,307.0,0.255,95.0,30.94,30.0,9.77,0.7989999999999999,0.2159999999999999,26.69,11.86,17.47,29.33,31.27,25.07,93.0,0.179,25.0,26.88,9.0,9.68,0.603,0.16599999999999998,25.81,11.97,15.46,27.43,23.44,18.52,242.0,0.225,77.0,31.82,18.0,7.44,0.7969999999999999,0.284,27.81,13.61,17.42,31.03,33.87,23.33
746700,2024-06-22,2024,600869,R,657514,L,fielders_choice_out,False,False,90.0,0.244,19.0,21.11,10.0,11.11,0.703,0.11499999999999999,29.14,14.49,13.07,27.56,31.28,18.27,161.0,0.254,36.0,22.36,15.0,9.32,0.793,0.197,21.45,10.5,14.2,24.7,29.83,16.29,56.0,0.205,11.0,19.64,10.0,17.86,0.607,0.04500000000000001,18.1,8.33,15.79,24.12,24.76,14.47,132.0,0.304,35.0,26.52,15.0,11.36,0.872,0.174,24.64,9.56,20.22,29.78,16.48,23.33
746700,2024-06-22,2024,668715,R,657514,L,pickoff_caught_stealing_3b,False,False,90.0,0.257,16.0,17.78,13.0,14.44,0.864,0.22899999999999998,20.0,8.6,16.62,25.21,23.63,14.14,180.0,0.312,33.0,18.33,17.0,9.44,0.928,0.238,20.88,9.77,17.74,27.51,26.97,14.47,56.0,0.205,11.0,19.64,10.0,17.86,0.607,0.04500000000000001,18.1,8.33,15.79,24.12,24.76,14.47,132.0,0.304,35.0,26.52,15.0,11.36,0.872,0.174,24.64,9.56,20.22,29.78,16.48,23.33
746700,2024-06-22,2024,680776,L,593423,R,field_out,False,False,242.0,0.295,52.0,21.49,20.0,8.26,0.905,0.25500000000000006,23.8,11.35,14.58,25.94,26.87,18.57,314.0,0.296,75.0,23.89,21.0,6.69,0.84,0.195,24.68,12.92,13.75,26.67,30.3,19.02,144.0,0.276,23.0,15.97,17.0,11.81,0.833,0.179,19.42,9.41,13.41,22.82,27.46,13.37,2.0,1.0,0.0,0.0,1.0,50.0,2.0,0.0,0.0,0.0,14.29,14.29,0.0,
746700,2024-06-22,2024,677800,L,593423,R,double,False,False,162.0,0.292,40.0,24.69,16.0,9.88,0.895,0.24300000000000005,30.23,14.6,14.75,29.35,25.79,19.9,75.0,0.333,18.0,24.0,9.0,12.0,0.928,0.182,30.07,13.61,16.77,30.38,23.72,18.0,144.0,0.276,23.0,15.97,17.0,11.81,0.833,0.179,19.42,9.41,13.41,22.82,27.46,13.37,2.0,1.0,0.0,0.0,1.0,50.0,2.0,0.0,0.0,0.0,14.29,14.29,0.0,
746700,2024-06-22,2024,657136,R,593423,R,double,False,False,140.0,0.323,26.0,18.57,4.0,2.86,0.8240000000000001,0.134,27.6,14.37,15.21,29.58,31.28,19.4,296.0,0.262,94.0,31.76,13.0,4.39,0.734,0.1669999999999999,32.08,16.95,15.14,32.09,35.28,27.01,123.0,0.214,26.0,21.14,9.0,7.32,0.609,0.11600000000000002,24.29,12.22,14.66,26.88,27.85,16.35,5.0,0.2,1.0,20.0,0.0,0.0,0.6000000000000001,0.2,36.36,21.05,10.53,31.58,45.45,11.11
746700,2024-06-22,2024,646240,L,593423,R,field_out,False,False,183.0,0.284,34.0,18.58,26.0,14.21,0.983,0.316,25.14,11.79,12.87,24.66,29.02,16.11,469.0,0.27,89.0,18.98,51.0,10.87,0.863,0.235,25.44,13.04,9.74,22.78,33.05,15.06,144.0,0.276,23.0,15.97,17.0,11.81,0.833,0.179,19.42,9.41,13.41,22.82,27.46,13.37,2.0,1.0,0.0,0.0,1.0,50.0,2.0,0.0,0.0,0.0,14.29,14.29,0.0,
746700,2024-06-22,2024,665839,L,593423,R,strikeout,True,False,127.0,0.252,30.0,23.62,9.0,7.09,0.7949999999999999,0.244,20.09,9.04,19.81,28.85,28.15,17.06,133.0,0.28,32.0,24.06,7.0,5.26,0.806,0.2079999999999999,23.05,10.04,20.07,30.11,28.72,21.48,144.0,0.276,23.0,15.97,17.0,11.81,0.833,0.179,19.42,9.41,13.41,22.82,27.46,13.37,2.0,1.0,0.0,0.0,1.0,50.0,2.0,0.0,0.0,0.0,14.29,14.29,0.0,
746700,2024-06-22,2024,668715,R,669711,R,field_out,False,False,213.0,0.225,44.0,20.66,20.0,9.39,0.661,0.13099999999999998,21.59,9.73,18.08,27.81,25.58,15.77,487.0,0.256,106.0,21.77,51.0,10.47,0.7789999999999999,0.175,25.48,10.86,19.02,29.88,22.75,18.53,70.0,0.232,18.0,25.71,1.0,1.43,0.5469999999999999,0.07199999999999998,18.25,8.33,22.1,30.43,30.16,22.5,54.0,0.261,12.0,22.22,6.0,11.11,0.7709999999999999,0.1519999999999999,21.28,8.77,19.3,28.07,18.18,17.19
746700,2024-06-22,2024,641584,L,669711,R,single,False,False,159.0,0.266,32.0,20.13,13.0,8.18,0.663,0.07,20.3,11.81,9.2,21.01,29.18,16.84,339.0,0.268,66.0,19.47,34.0,10.03,0.815,0.199,24.78,12.84,11.52,24.36,30.55,18.38,56.0,0.292,17.0,30.36,7.0,12.5,0.9440000000000001,0.2700000000000001,25.4,12.8,13.2,26.0,30.08,19.1,33.0,0.29,10.0,30.3,2.0,6.06,0.752,0.129,39.29,18.33,16.67,35.0,25.81,35.71
746700,2024-06-22,2024,663697,R,669711,R,single,False,False,186.0,0.217,44.0,23.66,24.0,12.9,0.646,0.101,20.14,7.44,21.03,28.46,16.27,19.91,397.0,0.257,73.0,18.39,37.0,9.32,0.7809999999999999,0.175,21.3,8.18,21.42,29.59,19.53,15.19,70.0,0.232,18.0,25.71,1.0,1.43,0.5469999999999999,0.07199999999999998,18.25,8.33,22.1,30.43,30.16,22.5,54.0,0.261,12.0,22.22,6.0,11.11,0.7709999999999999,0.1519999999999999,21.28,8.77,19.3,28.07,18.18,17.19
746700,2024-06-22,2024,605361,L,669711,R,fielders_choice_out,False,False,102.0,0.213,25.0,24.51,5.0,4.9,0.607,0.12400000000000003,26.88,12.79,18.67,31.46,28.95,22.52,67.0,0.262,11.0,16.42,4.0,5.97,0.951,0.361,16.8,7.78,18.52,26.3,24.19,11.46,56.0,0.292,17.0,30.36,7.0,12.5,0.9440000000000001,0.2700000000000001,25.4,12.8,13.2,26.0,30.08,19.1,33.0,0.29,10.0,30.3,2.0,6.06,0.752,0.129,39.29,18.33,16.67,35.0,25.81,35.71
746700,2024-06-22,2024,571912,R,669711,R,strikeout,True,False,65.0,0.179,24.0,36.92,5.0,7.69,0.524,0.05300000000000002,31.67,13.92,17.22,31.14,25.17,29.27,141.0,0.224,35.0,24.82,10.0,7.09,0.675,0.144,25.1,11.19,19.96,31.16,24.62,23.65,70.0,0.232,18.0,25.71,1.0,1.43,0.5469999999999999,0.07199999999999998,18.25,8.33,22.1,30.43,30.16,22.5,54.0,0.261,12.0,22.22,6.0,11.11,0.7709999999999999,0.1519999999999999,21.28,8.77,19.3,28.07,18.18,17.19
746700,2024-06-22,2024,807799,L,594580,L,field_out,False,False,28.0,0.115,2.0,7.14,1.0,3.57,0.41000000000000003,0.116,11.63,4.42,23.01,27.43,16.67,7.41,144.0,0.273,23.0,15.97,12.0,8.33,0.745,0.125,21.52,8.99,21.34,30.34,22.39,14.74,26.0,0.217,7.0,26.92,2.0,7.69,0.486,0.0,28.57,14.16,15.93,30.09,33.9,18.92,121.0,0.161,42.0,34.71,7.0,5.79,0.4579999999999999,0.0799999999999999,27.98,12.53,20.53,33.06,27.27,27.27
746700,2024-06-22,2024,663853,R,594580,L,strikeout,True,False,33.0,0.31,6.0,18.18,3.0,9.09,0.709,0.034999999999999976,29.23,15.08,11.9,26.98,32.39,19.35,37.0,0.162,15.0,40.54,0.0,0.0,0.4589999999999999,0.1349999999999999,44.44,23.36,17.52,40.88,39.73,31.91,36.0,0.182,7.0,19.44,2.0,5.56,0.46199999999999997,0.03,20.83,9.87,15.79,25.66,19.05,13.46,147.0,0.25,26.0,17.69,23.0,15.65,0.7310000000000001,0.086,17.57,7.36,17.69,25.04,26.1,16.25
746700,2024-06-22,2024,641933,R,594580,L,field_out,False,False,72.0,0.333,23.0,31.94,15.0,20.83,1.209,0.40399999999999997,29.31,10.24,18.67,28.92,20.24,24.21,79.0,0.227,14.0,17.72,13.0,16.46,0.7929999999999999,0.212,23.91,10.58,16.03,26.6,24.28,14.14,36.0,0.182,7.0,19.44,2.0,5.56,0.46199999999999997,0.03,20.83,9.87,15.79,25.66,19.05,13.46,147.0,0.25,26.0,17.69,23.0,15.65,0.7310000000000001,0.086,17.57,7.36,17.69,25.04,26.1,16.25
746700,2024-06-22,2024,656413,R,592155,L,field_out,False,False,92.0,0.284,19.0,20.65,11.0,11.96,0.79,0.136,36.08,16.91,11.57,28.49,21.23,22.35,113.0,0.226,34.0,30.09,13.0,11.5,0.7,0.1289999999999999,36.84,17.46,14.51,31.97,22.54,26.77,67.0,0.213,21.0,31.34,5.0,7.46,0.646,0.164,33.09,18.62,14.57,33.2,41.59,31.34,,,,,,,,,,,,,,
746700,2024-06-22,2024,670770,L,592155,L,field_out,False,False,32.0,0.28,6.0,18.75,3.0,9.38,0.758,0.03999999999999998,29.55,12.5,22.12,34.62,27.78,21.43,110.0,0.354,20.0,18.18,9.0,8.18,0.963,0.188,19.23,7.48,23.69,31.17,22.46,18.87,42.0,0.293,11.0,26.19,1.0,2.38,0.7,0.09700000000000003,23.38,11.84,20.39,32.24,35.21,24.44,,,,,,,,,,,,,,
746700,2024-06-22,2024,682829,R,592155,L,single,False,False,113.0,0.215,32.0,28.32,14.0,12.39,0.6859999999999999,0.12899999999999998,33.5,14.05,15.72,29.77,25.19,25.2,122.0,0.184,49.0,40.16,5.0,4.1,0.494,0.079,37.56,17.7,19.4,37.1,38.0,33.33,67.0,0.213,21.0,31.34,5.0,7.46,0.646,0.164,33.09,18.62,14.57,33.2,41.59,31.34,,,,,,,,,,,,,,
746700,2024-06-22,2024,600869,L,677161,R,field_out,False,False,185.0,0.26,47.0,25.41,8.0,4.32,0.865,0.31199999999999994,27.76,14.93,13.19,28.12,36.0,21.86,415.0,0.251,91.0,21.93,38.0,9.16,0.812,0.2279999999999999,25.42,11.83,16.22,28.05,27.64,18.71,45.0,0.162,10.0,22.22,8.0,17.78,0.554,0.08099999999999999,25.26,11.88,16.34,28.22,28.43,14.49,24.0,0.222,4.0,16.67,6.0,25.0,0.806,0.167,27.45,11.76,15.13,26.89,26.76,10.0
746700,2024-06-22,2024,678882,R,458677,L,single,False,False,72.0,0.273,21.0,29.17,5.0,6.94,0.794,0.19699999999999995,35.57,19.78,13.81,33.58,38.52,26.25,27.0,0.192,8.0,29.63,1.0,3.7,0.645,0.2309999999999999,36.36,19.23,14.42,33.65,30.0,24.24,29.0,0.259,7.0,24.14,1.0,3.45,0.717,0.14799999999999996,22.67,14.29,9.24,23.53,43.14,17.5,,,,,,,,,,,,,,
746700,2024-06-22,2024,680776,L,458677,L,single,False,False,108.0,0.245,26.0,24.07,10.0,9.26,0.636,0.064,25.0,10.71,20.96,31.66,29.03,20.16,49.0,0.289,15.0,30.61,3.0,6.12,0.749,0.133,24.44,10.73,20.0,30.73,27.27,25.86,38.0,0.294,12.0,31.58,2.0,5.26,0.871,0.23500000000000004,31.58,15.29,17.2,32.48,30.86,24.49,,,,,,,,,,,,,,
746700,2024-06-22,2024,608701,R,458677,L,single,False,False,66.0,0.321,18.0,27.27,7.0,10.61,0.87,0.125,33.9,15.38,17.69,33.08,21.77,21.43,146.0,0.308,22.0,15.07,23.0,15.75,0.8280000000000001,0.092,21.59,8.39,20.38,28.77,17.59,13.66,29.0,0.259,7.0,24.14,1.0,3.45,0.717,0.14799999999999996,22.67,14.29,9.24,23.53,43.14,17.5,,,,,,,,,,,,,,
746700,2024-06-22,2024,657136,R,608371,R,strikeout,True,False,140.0,0.323,26.0,18.57,4.0,2.86,0.8240000000000001,0.134,27.6,14.37,15.21,29.58,31.28,19.4,296.0,0.262,94.0,31.76,13.0,4.39,0.734,0.1669999999999999,32.08,16.95,15.14,32.09,35.28,27.01,66.0,0.218,21.0,31.82,10.0,15.15,0.806,0.255,30.16,13.52,16.37,29.89,24.48,23.86,145.0,0.126,47.0,32.41,24.0,16.55,0.5640000000000001,0.144,36.09,15.87,16.53,32.4,27.51,23.74
746700,2024-06-22,2024,646240,L,608371,R,sac_fly,False,False,183.0,0.284,34.0,18.58,26.0,14.21,0.983,0.316,25.14,11.79,12.87,24.66,29.02,16.11,469.0,0.27,89.0,18.98,51.0,10.87,0.863,0.235,25.44,13.04,9.74,22.78,33.05,15.06,38.0,0.219,6.0,15.79,5.0,13.16,0.78,0.219,18.46,8.96,16.42,25.37,32.31,20.69,114.0,0.209,25.0,21.93,15.0,13.16,0.6950000000000001,0.132,29.49,14.0,12.47,26.48,28.16,19.23
746700,2024-06-22,2024,665839,L,608371,R,field_out,False,False,127.0,0.252,30.0,23.62,9.0,7.09,0.7949999999999999,0.244,20.09,9.04,19.81,28.85,28.15,17.06,133.0,0.28,32.0,24.06,7.0,5.26,0.806,0.2079999999999999,23.05,10.04,20.07,30.11,28.72,21.48,38.0,0.219,6.0,15.79,5.0,13.16,0.78,0.219,18.46,8.96,16.42,25.37,32.31,20.69,114.0,0.209,25.0,21.93,15.0,13.16,0.6950000000000001,0.132,29.49,14.0,12.47,26.48,28.16,19.23
746700,2024-06-22,2024,668715,R,455119,R,strikeout,True,False,213.0,0.225,44.0,20.66,20.0,9.39,0.661,0.13099999999999998,21.59,9.73,18.08,27.81,25.58,15.77,487.0,0.256,106.0,21.77,51.0,10.47,0.7789999999999999,0.175,25.48,10.86,19.02,29.88,22.75,18.53,39.0,0.306,9.0,23.08,1.0,2.56,0.887,0.22200000000000003,25.0,12.5,22.22,34.72,34.43,17.31,113.0,0.239,25.0,22.12,3.0,2.65,0.505,0.009,22.22,12.72,18.07,30.79,36.08,19.53
746700,2024-06-22,2024,641584,L,455119,R,single,False,False,159.0,0.266,32.0,20.13,13.0,8.18,0.663,0.07,20.3,11.81,9.2,21.01,29.18,16.84,339.0,0.268,66.0,19.47,34.0,10.03,0.815,0.199,24.78,12.84,11.52,24.36,30.55,18.38,50.0,0.234,16.0,32.0,1.0,2.0,0.612,0.12799999999999997,32.0,17.98,14.04,32.02,38.82,32.0,86.0,0.235,21.0,24.42,5.0,5.81,0.649,0.135,24.49,13.99,13.7,27.7,40.67,17.36
746700,2024-06-22,2024,663697,R,455119,R,field_out,False,False,186.0,0.217,44.0,23.66,24.0,12.9,0.646,0.101,20.14,7.44,21.03,28.46,16.27,19.91,397.0,0.257,73.0,18.39,37.0,9.32,0.7809999999999999,0.175,21.3,8.18,21.42,29.59,19.53,15.19,39.0,0.306,9.0,23.08,1.0,2.56,0.887,0.22200000000000003,25.0,12.5,22.22,34.72,34.43,17.31,113.0,0.239,25.0,22.12,3.0,2.65,0.505,0.009,22.22,12.72,18.07,30.79,36.08,19.53
746700,2024-06-22,2024,605361,L,455119,R,strikeout,True,False,102.0,0.213,25.0,24.51,5.0,4.9,0.607,0.12400000000000003,26.88,12.79,18.67,31.46,28.95,22.52,67.0,0.262,11.0,16.42,4.0,5.97,0.951,0.361,16.8,7.78,18.52,26.3,24.19,11.46,50.0,0.234,16.0,32.0,1.0,2.0,0.612,0.12799999999999997,32.0,17.98,14.04,32.02,38.82,32.0,86.0,0.235,21.0,24.42,5.0,5.81,0.649,0.135,24.49,13.99,13.7,27.7,40.67,17.36
746700,2024-06-22,2024,807799,L,571656,R,field_out,False,False,95.0,0.274,14.0,14.74,7.0,7.37,0.708,0.08299999999999996,16.67,7.14,19.58,26.72,24.61,13.33,437.0,0.293,58.0,13.27,22.0,5.03,0.795,0.167,17.2,7.54,21.09,28.63,28.96,13.65,63.0,0.278,11.0,17.46,9.0,14.29,0.8069999999999999,0.14799999999999996,20.91,9.13,15.08,24.21,27.48,18.33,118.0,0.235,26.0,22.03,15.0,12.71,0.743,0.177,24.55,10.69,15.84,26.53,23.37,18.44
746700,2024-06-22,2024,663853,R,571656,R,field_out,False,False,18.0,0.235,3.0,16.67,1.0,5.56,0.631,0.118,23.33,10.77,20.0,30.77,37.84,17.65,60.0,0.214,21.0,35.0,2.0,3.33,0.6659999999999999,0.215,33.94,16.37,17.26,33.63,34.71,33.33,77.0,0.182,14.0,18.18,5.0,6.49,0.549,0.09100000000000003,26.12,12.07,18.28,30.34,33.99,17.28,191.0,0.201,44.0,23.04,14.0,7.33,0.673,0.195,33.99,16.69,15.86,32.55,33.16,19.91
746700,2024-06-22,2024,641933,R,571656,R,double,False,False,147.0,0.22,49.0,33.33,12.0,8.16,0.74,0.227,33.45,15.17,17.13,32.3,27.36,24.62,187.0,0.233,53.0,28.34,15.0,8.02,0.6839999999999999,0.157,29.39,13.29,17.12,30.41,25.99,26.5,77.0,0.182,14.0,18.18,5.0,6.49,0.549,0.09100000000000003,26.12,12.07,18.28,30.34,33.99,17.28,191.0,0.201,44.0,23.04,14.0,7.33,0.673,0.195,33.99,16.69,15.86,32.55,33.16,19.91
746700,2024-06-22,2024,678882,R,571656,R,field_out,False,False,202.0,0.24,54.0,26.73,5.0,2.48,0.639,0.14,33.03,20.25,11.51,31.76,45.07,22.78,62.0,0.263,20.0,32.26,3.0,4.84,0.6739999999999999,0.1049999999999999,27.08,15.6,11.2,26.8,42.11,22.22,77.0,0.182,14.0,18.18,5.0,6.49,0.549,0.09100000000000003,26.12,12.07,18.28,30.34,33.99,17.28,191.0,0.201,44.0,23.04,14.0,7.33,0.673,0.195,33.99,16.69,15.86,32.55,33.16,19.91
746700,2024-06-22,2024,663886,R,445276,R,field_out,False,False,145.0,0.244,33.0,22.76,13.0,8.97,0.7010000000000001,0.126,23.38,10.25,18.41,28.65,24.42,21.33,378.0,0.228,105.0,27.78,34.0,8.99,0.657,0.1239999999999999,29.78,12.81,19.96,32.77,26.19,24.59,55.0,0.178,14.0,25.45,7.0,12.73,0.5349999999999999,0.066,31.11,13.73,17.65,31.37,18.95,26.92,99.0,0.273,27.0,27.27,9.0,9.09,0.7629999999999999,0.1359999999999999,31.86,17.2,13.76,30.95,32.18,23.68
746700,2024-06-22,2024,656413,R,445276,R,field_out,False,False,50.0,0.091,11.0,22.0,3.0,6.0,0.366,0.091,37.93,19.3,12.87,32.16,28.41,23.4,144.0,0.23,35.0,24.31,12.0,8.33,0.716,0.1829999999999999,31.79,17.15,10.79,27.94,25.91,21.74,55.0,0.178,14.0,25.45,7.0,12.73,0.5349999999999999,0.066,31.11,13.73,17.65,31.37,18.95,26.92,99.0,0.273,27.0,27.27,9.0,9.09,0.7629999999999999,0.1359999999999999,31.86,17.2,13.76,30.95,32.18,23.68
746700,2024-06-22,2024,670770,L,445276,R,single,False,False,70.0,0.194,12.0,17.14,5.0,7.14,0.678,0.20900000000000002,17.59,7.34,20.08,27.41,22.4,19.05,446.0,0.26,70.0,15.7,38.0,8.52,0.785,0.189,18.12,7.73,19.52,27.25,25.03,13.48,46.0,0.179,17.0,36.96,4.0,8.7,0.45499999999999996,0.025999999999999995,25.84,12.85,17.88,30.73,22.54,22.08,89.0,0.198,25.0,28.09,8.0,8.99,0.616,0.1479999999999999,25.58,12.57,17.71,30.29,30.43,21.55
746700,2024-06-22,2024,682829,L,445276,R,field_out,False,False,204.0,0.243,68.0,33.33,23.0,11.27,0.8029999999999999,0.23199999999999998,32.82,13.25,20.5,33.75,24.15,30.59,307.0,0.255,95.0,30.94,30.0,9.77,0.7989999999999999,0.2159999999999999,26.69,11.86,17.47,29.33,31.27,25.07,46.0,0.179,17.0,36.96,4.0,8.7,0.45499999999999996,0.025999999999999995,25.84,12.85,17.88,30.73,22.54,22.08,89.0,0.198,25.0,28.09,8.0,8.99,0.616,0.1479999999999999,25.58,12.57,17.71,30.29,30.43,21.55
745644,2024-06-22,2024,622534,R,676664,L,single,False,False,73.0,0.281,11.0,15.07,8.0,10.96,0.747,0.10999999999999999,20.15,9.12,15.54,24.66,29.09,13.92,99.0,0.277,22.0,22.22,3.0,3.03,0.665,0.0949999999999999,26.88,13.81,17.68,31.49,28.93,23.66,267.0,0.253,38.0,14.23,24.0,8.99,0.779,0.198,20.08,9.84,15.9,25.75,27.85,12.5,597.0,0.232,137.0,22.95,40.0,6.7,0.749,0.214,24.94,12.75,14.01,26.77,28.36,18.52
745644,2024-06-22,2024,621043,R,676664,L,single,False,False,60.0,0.296,10.0,16.67,5.0,8.33,0.943,0.297,16.5,7.2,18.22,25.42,22.22,15.87,136.0,0.248,19.0,13.97,17.0,12.5,0.782,0.188,21.1,9.54,17.18,26.72,26.2,13.01,267.0,0.253,38.0,14.23,24.0,8.99,0.779,0.198,20.08,9.84,15.9,25.75,27.85,12.5,597.0,0.232,137.0,22.95,40.0,6.7,0.749,0.214,24.94,12.75,14.01,26.77,28.36,18.52
745644,2024-06-22,2024,668904,R,676664,L,field_out,False,False,19.0,0.5,1.0,5.26,4.0,21.05,1.579,0.5,18.75,9.23,9.23,18.46,31.25,5.56,56.0,0.314,12.0,21.43,5.0,8.93,0.7869999999999999,0.0979999999999999,27.66,13.33,16.92,30.26,30.21,23.53,267.0,0.253,38.0,14.23,24.0,8.99,0.779,0.198,20.08,9.84,15.9,25.75,27.85,12.5,597.0,0.232,137.0,22.95,40.0,6.7,0.749,0.214,24.94,12.75,14.01,26.77,28.36,18.52
745644,2024-06-22,2024,669304,R,676664,L,strikeout,True,False,67.0,0.246,9.0,13.43,1.0,1.49,0.638,0.123,17.6,9.4,13.25,22.65,34.75,14.52,32.0,0.226,6.0,18.75,1.0,3.12,0.573,0.097,29.85,17.54,10.53,28.07,44.44,20.0,267.0,0.253,38.0,14.23,24.0,8.99,0.779,0.198,20.08,9.84,15.9,25.75,27.85,12.5,597.0,0.232,137.0,22.95,40.0,6.7,0.749,0.214,24.94,12.75,14.01,26.77,28.36,18.52
745644,2024-06-22,2024,467793,R,676664,L,hit_by_pitch,False,False,66.0,0.29,11.0,16.67,3.0,4.55,0.9039999999999999,0.291,25.42,11.58,18.15,29.73,23.33,16.67,162.0,0.266,21.0,12.96,20.0,12.35,0.8069999999999999,0.187,16.6,6.97,17.43,24.41,22.49,13.04,267.0,0.253,38.0,14.23,24.0,8.99,0.779,0.198,20.08,9.84,15.9,25.75,27.85,12.5,597.0,0.232,137.0,22.95,40.0,6.7,0.749,0.214,24.94,12.75,14.01,26.77,28.36,18.52
745644,2024-06-22,2024,680777,R,676664,L,hit_by_pitch,False,False,74.0,0.221,20.0,27.03,4.0,5.41,0.7549999999999999,0.24999999999999997,26.43,12.76,17.59,30.34,33.1,21.74,95.0,0.263,23.0,24.21,14.0,14.74,0.94,0.29,28.57,11.73,16.53,28.27,26.11,22.77,267.0,0.253,38.0,14.23,24.0,8.99,0.779,0.198,20.08,9.84,15.9,25.75,27.85,12.5,597.0,0.232,137.0,22.95,40.0,6.7,0.749,0.214,24.94,12.75,14.01,26.77,28.36,18.52
745644,2024-06-22,2024,621439,R,676664,L,field_out,False,False,56.0,0.25,17.0,30.36,3.0,5.36,0.746,0.192,30.19,15.17,16.59,31.75,27.55,25.76,90.0,0.179,29.0,32.22,9.0,10.0,0.628,0.193,33.14,15.66,14.56,30.22,23.24,27.88,267.0,0.253,38.0,14.23,24.0,8.99,0.779,0.198,20.08,9.84,15.9,25.75,27.85,12.5,597.0,0.232,137.0,22.95,40.0,6.7,0.749,0.214,24.94,12.75,14.01,26.77,28.36,18.52
745644,2024-06-22,2024,680474,R,641927,R,field_out,False,False,138.0,0.25,37.0,26.81,15.0,10.87,0.668,0.07500000000000001,29.06,11.89,20.63,32.52,19.63,21.51,,,,,,,,,,,,,,,165.0,0.27,43.0,26.06,12.0,7.27,0.853,0.256,26.15,13.56,14.46,28.02,30.38,17.2,286.0,0.236,83.0,29.02,12.0,4.2,0.7350000000000001,0.221,32.64,17.53,12.37,29.9,34.21,19.48
745644,2024-06-22,2024,668709,L,641927,R,home_run,False,False,257.0,0.268,44.0,17.12,31.0,12.06,0.819,0.192,24.54,10.52,17.06,27.58,21.79,17.05,232.0,0.209,53.0,22.84,35.0,15.09,0.726,0.184,28.61,12.18,15.3,27.48,19.27,20.46,135.0,0.211,30.0,22.22,8.0,5.93,0.633,0.155,26.67,12.98,17.56,30.53,30.31,17.65,293.0,0.228,63.0,21.5,17.0,5.8,0.629,0.1209999999999999,24.59,12.9,15.05,27.94,33.04,15.98
745644,2024-06-22,2024,609280,R,641927,R,field_out,False,False,89.0,0.291,13.0,14.61,2.0,2.25,0.675,0.08100000000000002,15.48,7.9,18.24,26.14,36.36,13.98,52.0,0.229,6.0,11.54,4.0,7.69,0.705,0.1879999999999999,14.58,7.49,13.9,21.39,30.93,12.77,165.0,0.27,43.0,26.06,12.0,7.27,0.853,0.256,26.15,13.56,14.46,28.02,30.38,17.2,286.0,0.236,83.0,29.02,12.0,4.2,0.7350000000000001,0.221,32.64,17.53,12.37,29.9,34.21,19.48
745644,2024-06-22,2024,667670,R,641927,R,field_out,False,False,202.0,0.267,72.0,35.64,22.0,10.89,0.847,0.22699999999999998,37.93,18.38,12.89,31.26,30.07,28.46,351.0,0.23,115.0,32.76,33.0,9.4,0.788,0.2419999999999999,37.94,17.82,16.3,34.12,28.65,23.47,165.0,0.27,43.0,26.06,12.0,7.27,0.853,0.256,26.15,13.56,14.46,28.02,30.38,17.2,286.0,0.236,83.0,29.02,12.0,4.2,0.7350000000000001,0.221,32.64,17.53,12.37,29.9,34.21,19.48
745644,2024-06-22,2024,650489,R,676664,L,double,False,False,72.0,0.358,19.0,26.39,4.0,5.56,0.9400000000000001,0.17900000000000005,30.56,15.44,16.49,31.93,35.42,21.84,129.0,0.237,26.0,20.16,11.0,8.53,0.636,0.079,27.27,14.12,14.71,28.82,33.85,15.03,267.0,0.253,38.0,14.23,24.0,8.99,0.779,0.198,20.08,9.84,15.9,25.75,27.85,12.5,597.0,0.232,137.0,22.95,40.0,6.7,0.749,0.214,24.94,12.75,14.01,26.77,28.36,18.52
745644,2024-06-22,2024,571657,R,676664,L,hit_by_pitch,False,False,59.0,0.235,12.0,20.34,6.0,10.17,0.633,0.059,21.65,9.33,20.89,30.22,30.28,19.05,128.0,0.289,27.0,21.09,10.0,7.81,0.782,0.141,24.78,11.45,20.65,32.11,31.62,18.88,267.0,0.253,38.0,14.23,24.0,8.99,0.779,0.198,20.08,9.84,15.9,25.75,27.85,12.5,597.0,0.232,137.0,22.95,40.0,6.7,0.749,0.214,24.94,12.75,14.01,26.77,28.36,18.52
745644,2024-06-22,2024,622534,R,676664,L,home_run,False,False,73.0,0.281,11.0,15.07,8.0,10.96,0.747,0.10999999999999999,20.15,9.12,15.54,24.66,29.09,13.92,99.0,0.277,22.0,22.22,3.0,3.03,0.665,0.0949999999999999,26.88,13.81,17.68,31.49,28.93,23.66,267.0,0.253,38.0,14.23,24.0,8.99,0.779,0.198,20.08,9.84,15.9,25.75,27.85,12.5,597.0,0.232,137.0,22.95,40.0,6.7,0.749,0.214,24.94,12.75,14.01,26.77,28.36,18.52
745644,2024-06-22,2024,621043,R,676664,L,single,False,False,60.0,0.296,10.0,16.67,5.0,8.33,0.943,0.297,16.5,7.2,18.22,25.42,22.22,15.87,136.0,0.248,19.0,13.97,17.0,12.5,0.782,0.188,21.1,9.54,17.18,26.72,26.2,13.01,267.0,0.253,38.0,14.23,24.0,8.99,0.779,0.198,20.08,9.84,15.9,25.75,27.85,12.5,597.0,0.232,137.0,22.95,40.0,6.7,0.749,0.214,24.94,12.75,14.01,26.77,28.36,18.52
745644,2024-06-22,2024,668904,R,676664,L,single,False,False,19.0,0.5,1.0,5.26,4.0,21.05,1.579,0.5,18.75,9.23,9.23,18.46,31.25,5.56,56.0,0.314,12.0,21.43,5.0,8.93,0.7869999999999999,0.0979999999999999,27.66,13.33,16.92,30.26,30.21,23.53,267.0,0.253,38.0,14.23,24.0,8.99,0.779,0.198,20.08,9.84,15.9,25.75,27.85,12.5,597.0,0.232,137.0,22.95,40.0,6.7,0.749,0.214,24.94,12.75,14.01,26.77,28.36,18.52
745644,2024-06-22,2024,669304,R,676664,L,double,False,False,67.0,0.246,9.0,13.43,1.0,1.49,0.638,0.123,17.6,9.4,13.25,22.65,34.75,14.52,32.0,0.226,6.0,18.75,1.0,3.12,0.573,0.097,29.85,17.54,10.53,28.07,44.44,20.0,267.0,0.253,38.0,14.23,24.0,8.99,0.779,0.198,20.08,9.84,15.9,25.75,27.85,12.5,597.0,0.232,137.0,22.95,40.0,6.7,0.749,0.214,24.94,12.75,14.01,26.77,28.36,18.52
745644,2024-06-22,2024,467793,R,676664,L,field_out,False,False,66.0,0.29,11.0,16.67,3.0,4.55,0.9039999999999999,0.291,25.42,11.58,18.15,29.73,23.33,16.67,162.0,0.266,21.0,12.96,20.0,12.35,0.8069999999999999,0.187,16.6,6.97,17.43,24.41,22.49,13.04,267.0,0.253,38.0,14.23,24.0,8.99,0.779,0.198,20.08,9.84,15.9,25.75,27.85,12.5,597.0,0.232,137.0,22.95,40.0,6.7,0.749,0.214,24.94,12.75,14.01,26.77,28.36,18.52
745644,2024-06-22,2024,680777,R,676664,L,single,False,False,74.0,0.221,20.0,27.03,4.0,5.41,0.7549999999999999,0.24999999999999997,26.43,12.76,17.59,30.34,33.1,21.74,95.0,0.263,23.0,24.21,14.0,14.74,0.94,0.29,28.57,11.73,16.53,28.27,26.11,22.77,267.0,0.253,38.0,14.23,24.0,8.99,0.779,0.198,20.08,9.84,15.9,25.75,27.85,12.5,597.0,0.232,137.0,22.95,40.0,6.7,0.749,0.214,24.94,12.75,14.01,26.77,28.36,18.52
745644,2024-06-22,2024,621439,R,676664,L,double,False,False,56.0,0.25,17.0,30.36,3.0,5.36,0.746,0.192,30.19,15.17,16.59,31.75,27.55,25.76,90.0,0.179,29.0,32.22,9.0,10.0,0.628,0.193,33.14,15.66,14.56,30.22,23.24,27.88,267.0,0.253,38.0,14.23,24.0,8.99,0.779,0.198,20.08,9.84,15.9,25.75,27.85,12.5,597.0,0.232,137.0,22.95,40.0,6.7,0.749,0.214,24.94,12.75,14.01,26.77,28.36,18.52
745644,2024-06-22,2024,650489,L,674370,R,walk,False,True,225.0,0.242,51.0,22.67,21.0,9.33,0.754,0.16999999999999998,27.17,13.02,15.32,28.34,28.66,18.02,280.0,0.266,73.0,26.07,23.0,8.21,0.8029999999999999,0.189,28.16,14.39,15.31,29.7,34.97,21.1,9.0,0.167,1.0,11.11,2.0,22.22,0.611,0.0,25.0,8.33,19.44,27.78,11.11,16.67,111.0,0.309,23.0,20.72,12.0,10.81,0.875,0.1699999999999999,24.06,10.85,15.53,26.38,28.4,17.04
745644,2024-06-22,2024,571657,R,674370,R,single,False,False,68.0,0.169,12.0,17.65,6.0,8.82,0.55,0.10200000000000001,20.18,9.83,16.67,26.5,32.73,20.34,241.0,0.239,59.0,24.48,13.0,5.39,0.6950000000000001,0.157,22.45,10.88,18.24,29.12,32.6,21.61,5.0,0.4,3.0,60.0,0.0,0.0,0.8,0.0,41.67,23.81,9.52,33.33,30.0,42.86,125.0,0.236,25.0,20.0,9.0,7.2,0.611,0.0549999999999999,21.33,9.53,20.76,30.3,26.11,16.67
745644,2024-06-22,2024,622534,R,674370,R,grounded_into_double_play,False,False,90.0,0.171,16.0,17.78,6.0,6.67,0.46399999999999997,0.04899999999999999,21.38,10.66,16.93,27.59,29.45,17.2,237.0,0.258,33.0,13.92,15.0,6.33,0.694,0.12,23.38,11.66,15.01,26.67,32.22,16.02,5.0,0.4,3.0,60.0,0.0,0.0,0.8,0.0,41.67,23.81,9.52,33.33,30.0,42.86,125.0,0.236,25.0,20.0,9.0,7.2,0.611,0.0549999999999999,21.33,9.53,20.76,30.3,26.11,16.67
745644,2024-06-22,2024,691016,L,641927,R,home_run,False,False,103.0,0.241,34.0,33.01,12.0,11.65,0.8009999999999999,0.20700000000000002,34.83,15.58,16.08,31.66,27.88,30.36,118.0,0.159,37.0,31.36,10.0,8.47,0.472,0.0839999999999999,33.93,16.67,14.91,31.58,29.36,28.91,135.0,0.211,30.0,22.22,8.0,5.93,0.633,0.155,26.67,12.98,17.56,30.53,30.31,17.65,293.0,0.228,63.0,21.5,17.0,5.8,0.629,0.1209999999999999,24.59,12.9,15.05,27.94,33.04,15.98
745644,2024-06-22,2024,663527,R,641927,R,field_out,False,False,93.0,0.241,23.0,24.73,9.0,9.68,0.636,0.07200000000000001,29.55,14.21,16.12,30.33,25.27,22.33,79.0,0.167,18.0,22.78,9.0,11.39,0.5489999999999999,0.091,24.38,11.4,17.84,29.24,24.85,14.29,165.0,0.27,43.0,26.06,12.0,7.27,0.853,0.256,26.15,13.56,14.46,28.02,30.38,17.2,286.0,0.236,83.0,29.02,12.0,4.2,0.7350000000000001,0.221,32.64,17.53,12.37,29.9,34.21,19.48
745644,2024-06-22,2024,671732,L,641927,R,strikeout,True,False,113.0,0.202,31.0,27.43,14.0,12.39,0.614,0.11099999999999999,28.71,12.32,18.89,31.21,23.72,19.74,107.0,0.216,29.0,27.1,3.0,2.8,0.616,0.157,31.16,14.83,17.7,32.54,26.94,22.48,135.0,0.211,30.0,22.22,8.0,5.93,0.633,0.155,26.67,12.98,17.56,30.53,30.31,17.65,293.0,0.228,63.0,21.5,17.0,5.8,0.629,0.1209999999999999,24.59,12.9,15.05,27.94,33.04,15.98
745644,2024-06-22,2024,680869,R,641927,R,strikeout,True,False,179.0,0.2,60.0,33.52,10.0,5.59,0.607,0.15799999999999997,34.47,17.61,15.43,33.04,29.29,30.0,220.0,0.303,54.0,24.55,18.0,8.18,0.969,0.298,30.92,15.24,15.12,30.36,29.22,21.29,165.0,0.27,43.0,26.06,12.0,7.27,0.853,0.256,26.15,13.56,14.46,28.02,30.38,17.2,286.0,0.236,83.0,29.02,12.0,4.2,0.7350000000000001,0.221,32.64,17.53,12.37,29.9,34.21,19.48
745644,2024-06-22,2024,621043,R,674370,R,strikeout,True,False,183.0,0.304,33.0,18.03,19.0,10.38,0.8320000000000001,0.15600000000000003,20.07,8.75,19.68,28.43,26.94,17.55,444.0,0.224,112.0,25.23,42.0,9.46,0.69,0.164,26.37,11.3,19.9,31.19,27.0,21.72,5.0,0.4,3.0,60.0,0.0,0.0,0.8,0.0,41.67,23.81,9.52,33.33,30.0,42.86,125.0,0.236,25.0,20.0,9.0,7.2,0.611,0.0549999999999999,21.33,9.53,20.76,30.3,26.11,16.67
745644,2024-06-22,2024,668904,R,674370,R,double,False,False,47.0,0.326,10.0,21.28,4.0,8.51,1.29,0.581,31.18,15.43,12.23,27.66,27.18,17.54,183.0,0.307,43.0,23.5,15.0,8.2,0.962,0.283,27.16,12.8,18.57,31.36,28.0,20.98,5.0,0.4,3.0,60.0,0.0,0.0,0.8,0.0,41.67,23.81,9.52,33.33,30.0,42.86,125.0,0.236,25.0,20.0,9.0,7.2,0.611,0.0549999999999999,21.33,9.53,20.76,30.3,26.11,16.67
745644,2024-06-22,2024,669304,R,674370,R,double,False,False,143.0,0.298,22.0,15.38,8.0,5.59,0.872,0.22900000000000004,21.54,10.33,17.74,28.07,33.21,18.18,120.0,0.207,18.0,15.0,8.0,6.67,0.5640000000000001,0.09,23.72,11.83,13.69,25.52,32.37,15.04,5.0,0.4,3.0,60.0,0.0,0.0,0.8,0.0,41.67,23.81,9.52,33.33,30.0,42.86,125.0,0.236,25.0,20.0,9.0,7.2,0.611,0.0549999999999999,21.33,9.53,20.76,30.3,26.11,16.67
745644,2024-06-22,2024,467793,L,674370,R,field_out,False,False,202.0,0.232,30.0,14.85,22.0,10.89,0.728,0.169,22.56,9.69,17.22,26.91,23.9,13.04,460.0,0.231,83.0,18.04,45.0,9.78,0.727,0.1899999999999999,23.76,11.0,14.32,25.31,24.63,16.21,9.0,0.167,1.0,11.11,2.0,22.22,0.611,0.0,25.0,8.33,19.44,27.78,11.11,16.67,111.0,0.309,23.0,20.72,12.0,10.81,0.875,0.1699999999999999,24.06,10.85,15.53,26.38,28.4,17.04
745644,2024-06-22,2024,680777,R,674370,R,walk,False,True,172.0,0.24,34.0,19.77,13.0,7.56,0.8,0.23299999999999998,21.86,9.94,18.42,28.36,29.67,15.79,242.0,0.281,70.0,28.93,19.0,7.85,0.8280000000000001,0.186,29.53,13.79,18.6,32.39,32.19,21.28,5.0,0.4,3.0,60.0,0.0,0.0,0.8,0.0,41.67,23.81,9.52,33.33,30.0,42.86,125.0,0.236,25.0,20.0,9.0,7.2,0.611,0.0549999999999999,21.33,9.53,20.76,30.3,26.11,16.67
745644,2024-06-22,2024,621439,R,674370,R,strikeout,True,False,147.0,0.235,42.0,28.57,6.0,4.08,0.6459999999999999,0.125,33.87,18.49,11.97,30.46,36.75,22.11,257.0,0.217,80.0,31.13,26.0,10.12,0.767,0.243,29.69,15.03,12.96,27.99,29.53,25.0,5.0,0.4,3.0,60.0,0.0,0.0,0.8,0.0,41.67,23.81,9.52,33.33,30.0,42.86,125.0,0.236,25.0,20.0,9.0,7.2,0.611,0.0549999999999999,21.33,9.53,20.76,30.3,26.11,16.67
745644,2024-06-22,2024,668832,L,641927,R,single,False,False,81.0,0.282,24.0,29.63,10.0,12.35,0.821,0.16900000000000004,42.25,18.4,15.34,33.74,18.71,26.09,,,,,,,,,,,,,,,135.0,0.211,30.0,22.22,8.0,5.93,0.633,0.155,26.67,12.98,17.56,30.53,30.31,17.65,293.0,0.228,63.0,21.5,17.0,5.8,0.629,0.1209999999999999,24.59,12.9,15.05,27.94,33.04,15.98
745644,2024-06-22,2024,680474,R,641927,R,grounded_into_double_play,False,False,138.0,0.25,37.0,26.81,15.0,10.87,0.668,0.07500000000000001,29.06,11.89,20.63,32.52,19.63,21.51,,,,,,,,,,,,,,,165.0,0.27,43.0,26.06,12.0,7.27,0.853,0.256,26.15,13.56,14.46,28.02,30.38,17.2,286.0,0.236,83.0,29.02,12.0,4.2,0.7350000000000001,0.221,32.64,17.53,12.37,29.9,34.21,19.48
745644,2024-06-22,2024,668709,L,641927,R,strikeout,True,False,257.0,0.268,44.0,17.12,31.0,12.06,0.819,0.192,24.54,10.52,17.06,27.58,21.79,17.05,232.0,0.209,53.0,22.84,35.0,15.09,0.726,0.184,28.61,12.18,15.3,27.48,19.27,20.46,135.0,0.211,30.0,22.22,8.0,5.93,0.633,0.155,26.67,12.98,17.56,30.53,30.31,17.65,293.0,0.228,63.0,21.5,17.0,5.8,0.629,0.1209999999999999,24.59,12.9,15.05,27.94,33.04,15.98
745644,2024-06-22,2024,650489,L,674370,R,strikeout,True,False,225.0,0.242,51.0,22.67,21.0,9.33,0.754,0.16999999999999998,27.17,13.02,15.32,28.34,28.66,18.02,280.0,0.266,73.0,26.07,23.0,8.21,0.8029999999999999,0.189,28.16,14.39,15.31,29.7,34.97,21.1,9.0,0.167,1.0,11.11,2.0,22.22,0.611,0.0,25.0,8.33,19.44,27.78,11.11,16.67,111.0,0.309,23.0,20.72,12.0,10.81,0.875,0.1699999999999999,24.06,10.85,15.53,26.38,28.4,17.04
745644,2024-06-22,2024,571657,R,674370,R,strikeout,True,False,68.0,0.169,12.0,17.65,6.0,8.82,0.55,0.10200000000000001,20.18,9.83,16.67,26.5,32.73,20.34,241.0,0.239,59.0,24.48,13.0,5.39,0.6950000000000001,0.157,22.45,10.88,18.24,29.12,32.6,21.61,5.0,0.4,3.0,60.0,0.0,0.0,0.8,0.0,41.67,23.81,9.52,33.33,30.0,42.86,125.0,0.236,25.0,20.0,9.0,7.2,0.611,0.0549999999999999,21.33,9.53,20.76,30.3,26.11,16.67
745644,2024-06-22,2024,622534,R,674370,R,field_out,False,False,90.0,0.171,16.0,17.78,6.0,6.67,0.46399999999999997,0.04899999999999999,21.38,10.66,16.93,27.59,29.45,17.2,237.0,0.258,33.0,13.92,15.0,6.33,0.694,0.12,23.38,11.66,15.01,26.67,32.22,16.02,5.0,0.4,3.0,60.0,0.0,0.0,0.8,0.0,41.67,23.81,9.52,33.33,30.0,42.86,125.0,0.236,25.0,20.0,9.0,7.2,0.611,0.0549999999999999,21.33,9.53,20.76,30.3,26.11,16.67
745644,2024-06-22,2024,609280,R,641927,R,field_out,False,False,89.0,0.291,13.0,14.61,2.0,2.25,0.675,0.08100000000000002,15.48,7.9,18.24,26.14,36.36,13.98,52.0,0.229,6.0,11.54,4.0,7.69,0.705,0.1879999999999999,14.58,7.49,13.9,21.39,30.93,12.77,165.0,0.27,43.0,26.06,12.0,7.27,0.853,0.256,26.15,13.56,14.46,28.02,30.38,17.2,286.0,0.236,83.0,29.02,12.0,4.2,0.7350000000000001,0.221,32.64,17.53,12.37,29.9,34.21,19.48
745644,2024-06-22,2024,667670,R,641927,R,double,False,False,202.0,0.267,72.0,35.64,22.0,10.89,0.847,0.22699999999999998,37.93,18.38,12.89,31.26,30.07,28.46,351.0,0.23,115.0,32.76,33.0,9.4,0.788,0.2419999999999999,37.94,17.82,16.3,34.12,28.65,23.47,165.0,0.27,43.0,26.06,12.0,7.27,0.853,0.256,26.15,13.56,14.46,28.02,30.38,17.2,286.0,0.236,83.0,29.02,12.0,4.2,0.7350000000000001,0.221,32.64,17.53,12.37,29.9,34.21,19.48
745644,2024-06-22,2024,691016,L,641927,R,field_out,False,False,103.0,0.241,34.0,33.01,12.0,11.65,0.8009999999999999,0.20700000000000002,34.83,15.58,16.08,31.66,27.88,30.36,118.0,0.159,37.0,31.36,10.0,8.47,0.472,0.0839999999999999,33.93,16.67,14.91,31.58,29.36,28.91,135.0,0.211,30.0,22.22,8.0,5.93,0.633,0.155,26.67,12.98,17.56,30.53,30.31,17.65,293.0,0.228,63.0,21.5,17.0,5.8,0.629,0.1209999999999999,24.59,12.9,15.05,27.94,33.04,15.98
745644,2024-06-22,2024,663527,R,641927,R,field_out,False,False,93.0,0.241,23.0,24.73,9.0,9.68,0.636,0.07200000000000001,29.55,14.21,16.12,30.33,25.27,22.33,79.0,0.167,18.0,22.78,9.0,11.39,0.5489999999999999,0.091,24.38,11.4,17.84,29.24,24.85,14.29,165.0,0.27,43.0,26.06,12.0,7.27,0.853,0.256,26.15,13.56,14.46,28.02,30.38,17.2,286.0,0.236,83.0,29.02,12.0,4.2,0.7350000000000001,0.221,32.64,17.53,12.37,29.9,34.21,19.48
745644,2024-06-22,2024,621043,R,674370,R,strikeout,True,False,183.0,0.304,33.0,18.03,19.0,10.38,0.8320000000000001,0.15600000000000003,20.07,8.75,19.68,28.43,26.94,17.55,444.0,0.224,112.0,25.23,42.0,9.46,0.69,0.164,26.37,11.3,19.9,31.19,27.0,21.72,5.0,0.4,3.0,60.0,0.0,0.0,0.8,0.0,41.67,23.81,9.52,33.33,30.0,42.86,125.0,0.236,25.0,20.0,9.0,7.2,0.611,0.0549999999999999,21.33,9.53,20.76,30.3,26.11,16.67
745644,2024-06-22,2024,668904,R,674370,R,field_out,False,False,47.0,0.326,10.0,21.28,4.0,8.51,1.29,0.581,31.18,15.43,12.23,27.66,27.18,17.54,183.0,0.307,43.0,23.5,15.0,8.2,0.962,0.283,27.16,12.8,18.57,31.36,28.0,20.98,5.0,0.4,3.0,60.0,0.0,0.0,0.8,0.0,41.67,23.81,9.52,33.33,30.0,42.86,125.0,0.236,25.0,20.0,9.0,7.2,0.611,0.0549999999999999,21.33,9.53,20.76,30.3,26.11,16.67
745644,2024-06-22,2024,669304,R,674370,R,single,False,False,143.0,0.298,22.0,15.38,8.0,5.59,0.872,0.22900000000000004,21.54,10.33,17.74,28.07,33.21,18.18,120.0,0.207,18.0,15.0,8.0,6.67,0.5640000000000001,0.09,23.72,11.83,13.69,25.52,32.37,15.04,5.0,0.4,3.0,60.0,0.0,0.0,0.8,0.0,41.67,23.81,9.52,33.33,30.0,42.86,125.0,0.236,25.0,20.0,9.0,7.2,0.611,0.0549999999999999,21.33,9.53,20.76,30.3,26.11,16.67
745644,2024-06-22,2024,467793,L,674370,R,field_out,False,False,202.0,0.232,30.0,14.85,22.0,10.89,0.728,0.169,22.56,9.69,17.22,26.91,23.9,13.04,460.0,0.231,83.0,18.04,45.0,9.78,0.727,0.1899999999999999,23.76,11.0,14.32,25.31,24.63,16.21,9.0,0.167,1.0,11.11,2.0,22.22,0.611,0.0,25.0,8.33,19.44,27.78,11.11,16.67,111.0,0.309,23.0,20.72,12.0,10.81,0.875,0.1699999999999999,24.06,10.85,15.53,26.38,28.4,17.04
745644,2024-06-22,2024,671732,L,641927,R,field_out,False,False,113.0,0.202,31.0,27.43,14.0,12.39,0.614,0.11099999999999999,28.71,12.32,18.89,31.21,23.72,19.74,107.0,0.216,29.0,27.1,3.0,2.8,0.616,0.157,31.16,14.83,17.7,32.54,26.94,22.48,135.0,0.211,30.0,22.22,8.0,5.93,0.633,0.155,26.67,12.98,17.56,30.53,30.31,17.65,293.0,0.228,63.0,21.5,17.0,5.8,0.629,0.1209999999999999,24.59,12.9,15.05,27.94,33.04,15.98
745644,2024-06-22,2024,680869,R,641927,R,field_out,False,False,179.0,0.2,60.0,33.52,10.0,5.59,0.607,0.15799999999999997,34.47,17.61,15.43,33.04,29.29,30.0,220.0,0.303,54.0,24.55,18.0,8.18,0.969,0.298,30.92,15.24,15.12,30.36,29.22,21.29,165.0,0.27,43.0,26.06,12.0,7.27,0.853,0.256,26.15,13.56,14.46,28.02,30.38,17.2,286.0,0.236,83.0,29.02,12.0,4.2,0.7350000000000001,0.221,32.64,17.53,12.37,29.9,34.21,19.48
745644,2024-06-22,2024,668832,L,641927,R,strikeout,True,False,81.0,0.282,24.0,29.63,10.0,12.35,0.821,0.16900000000000004,42.25,18.4,15.34,33.74,18.71,26.09,,,,,,,,,,,,,,,135.0,0.211,30.0,22.22,8.0,5.93,0.633,0.155,26.67,12.98,17.56,30.53,30.31,17.65,293.0,0.228,63.0,21.5,17.0,5.8,0.629,0.1209999999999999,24.59,12.9,15.05,27.94,33.04,15.98
745644,2024-06-22,2024,680777,R,674370,R,field_error,False,False,172.0,0.24,34.0,19.77,13.0,7.56,0.8,0.23299999999999998,21.86,9.94,18.42,28.36,29.67,15.79,242.0,0.281,70.0,28.93,19.0,7.85,0.8280000000000001,0.186,29.53,13.79,18.6,32.39,32.19,21.28,5.0,0.4,3.0,60.0,0.0,0.0,0.8,0.0,41.67,23.81,9.52,33.33,30.0,42.86,125.0,0.236,25.0,20.0,9.0,7.2,0.611,0.0549999999999999,21.33,9.53,20.76,30.3,26.11,16.67
745644,2024-06-22,2024,621439,R,674370,R,strikeout,True,False,147.0,0.235,42.0,28.57,6.0,4.08,0.6459999999999999,0.125,33.87,18.49,11.97,30.46,36.75,22.11,257.0,0.217,80.0,31.13,26.0,10.12,0.767,0.243,29.69,15.03,12.96,27.99,29.53,25.0,5.0,0.4,3.0,60.0,0.0,0.0,0.8,0.0,41.67,23.81,9.52,33.33,30.0,42.86,125.0,0.236,25.0,20.0,9.0,7.2,0.611,0.0549999999999999,21.33,9.53,20.76,30.3,26.11,16.67
745644,2024-06-22,2024,650489,L,674370,R,field_out,False,False,225.0,0.242,51.0,22.67,21.0,9.33,0.754,0.16999999999999998,27.17,13.02,15.32,28.34,28.66,18.02,280.0,0.266,73.0,26.07,23.0,8.21,0.8029999999999999,0.189,28.16,14.39,15.31,29.7,34.97,21.1,9.0,0.167,1.0,11.11,2.0,22.22,0.611,0.0,25.0,8.33,19.44,27.78,11.11,16.67,111.0,0.309,23.0,20.72,12.0,10.81,0.875,0.1699999999999999,24.06,10.85,15.53,26.38,28.4,17.04
745644,2024-06-22,2024,571657,R,674370,R,field_out,False,False,68.0,0.169,12.0,17.65,6.0,8.82,0.55,0.10200000000000001,20.18,9.83,16.67,26.5,32.73,20.34,241.0,0.239,59.0,24.48,13.0,5.39,0.6950000000000001,0.157,22.45,10.88,18.24,29.12,32.6,21.61,5.0,0.4,3.0,60.0,0.0,0.0,0.8,0.0,41.67,23.81,9.52,33.33,30.0,42.86,125.0,0.236,25.0,20.0,9.0,7.2,0.611,0.0549999999999999,21.33,9.53,20.76,30.3,26.11,16.67
745644,2024-06-22,2024,680474,R,641927,R,strikeout,True,False,138.0,0.25,37.0,26.81,15.0,10.87,0.668,0.07500000000000001,29.06,11.89,20.63,32.52,19.63,21.51,,,,,,,,,,,,,,,165.0,0.27,43.0,26.06,12.0,7.27,0.853,0.256,26.15,13.56,14.46,28.02,30.38,17.2,286.0,0.236,83.0,29.02,12.0,4.2,0.7350000000000001,0.221,32.64,17.53,12.37,29.9,34.21,19.48
745644,2024-06-22,2024,668709,L,641927,R,field_out,False,False,257.0,0.268,44.0,17.12,31.0,12.06,0.819,0.192,24.54,10.52,17.06,27.58,21.79,17.05,232.0,0.209,53.0,22.84,35.0,15.09,0.726,0.184,28.61,12.18,15.3,27.48,19.27,20.46,135.0,0.211,30.0,22.22,8.0,5.93,0.633,0.155,26.67,12.98,17.56,30.53,30.31,17.65,293.0,0.228,63.0,21.5,17.0,5.8,0.629,0.1209999999999999,24.59,12.9,15.05,27.94,33.04,15.98
745644,2024-06-22,2024,609280,R,641927,R,field_out,False,False,89.0,0.291,13.0,14.61,2.0,2.25,0.675,0.08100000000000002,15.48,7.9,18.24,26.14,36.36,13.98,52.0,0.229,6.0,11.54,4.0,7.69,0.705,0.1879999999999999,14.58,7.49,13.9,21.39,30.93,12.77,165.0,0.27,43.0,26.06,12.0,7.27,0.853,0.256,26.15,13.56,14.46,28.02,30.38,17.2,286.0,0.236,83.0,29.02,12.0,4.2,0.7350000000000001,0.221,32.64,17.53,12.37,29.9,34.21,19.48
745644,2024-06-22,2024,622534,R,674370,R,hit_by_pitch,False,False,90.0,0.171,16.0,17.78,6.0,6.67,0.46399999999999997,0.04899999999999999,21.38,10.66,16.93,27.59,29.45,17.2,237.0,0.258,33.0,13.92,15.0,6.33,0.694,0.12,23.38,11.66,15.01,26.67,32.22,16.02,5.0,0.4,3.0,60.0,0.0,0.0,0.8,0.0,41.67,23.81,9.52,33.33,30.0,42.86,125.0,0.236,25.0,20.0,9.0,7.2,0.611,0.0549999999999999,21.33,9.53,20.76,30.3,26.11,16.67
745644,2024-06-22,2024,621043,R,674370,R,double,False,False,183.0,0.304,33.0,18.03,19.0,10.38,0.8320000000000001,0.15600000000000003,20.07,8.75,19.68,28.43,26.94,17.55,444.0,0.224,112.0,25.23,42.0,9.46,0.69,0.164,26.37,11.3,19.9,31.19,27.0,21.72,5.0,0.4,3.0,60.0,0.0,0.0,0.8,0.0,41.67,23.81,9.52,33.33,30.0,42.86,125.0,0.236,25.0,20.0,9.0,7.2,0.611,0.0549999999999999,21.33,9.53,20.76,30.3,26.11,16.67
745644,2024-06-22,2024,668904,R,674370,R,field_out,False,False,47.0,0.326,10.0,21.28,4.0,8.51,1.29,0.581,31.18,15.43,12.23,27.66,27.18,17.54,183.0,0.307,43.0,23.5,15.0,8.2,0.962,0.283,27.16,12.8,18.57,31.36,28.0,20.98,5.0,0.4,3.0,60.0,0.0,0.0,0.8,0.0,41.67,23.81,9.52,33.33,30.0,42.86,125.0,0.236,25.0,20.0,9.0,7.2,0.611,0.0549999999999999,21.33,9.53,20.76,30.3,26.11,16.67
745644,2024-06-22,2024,669304,R,674370,R,walk,False,True,143.0,0.298,22.0,15.38,8.0,5.59,0.872,0.22900000000000004,21.54,10.33,17.74,28.07,33.21,18.18,120.0,0.207,18.0,15.0,8.0,6.67,0.5640000000000001,0.09,23.72,11.83,13.69,25.52,32.37,15.04,5.0,0.4,3.0,60.0,0.0,0.0,0.8,0.0,41.67,23.81,9.52,33.33,30.0,42.86,125.0,0.236,25.0,20.0,9.0,7.2,0.611,0.0549999999999999,21.33,9.53,20.76,30.3,26.11,16.67
745644,2024-06-22,2024,467793,R,519008,L,walk,False,True,66.0,0.29,11.0,16.67,3.0,4.55,0.9039999999999999,0.291,25.42,11.58,18.15,29.73,23.33,16.67,162.0,0.266,21.0,12.96,20.0,12.35,0.8069999999999999,0.187,16.6,6.97,17.43,24.41,22.49,13.04,58.0,0.269,10.0,17.24,5.0,8.62,0.6739999999999999,0.07699999999999996,20.2,8.66,19.05,27.71,29.57,17.54,6.0,0.6,1.0,16.67,0.0,0.0,1.467,0.2,31.25,15.62,12.5,28.12,42.86,6.25
745644,2024-06-22,2024,680777,R,519008,L,grounded_into_double_play,False,False,74.0,0.221,20.0,27.03,4.0,5.41,0.7549999999999999,0.24999999999999997,26.43,12.76,17.59,30.34,33.1,21.74,95.0,0.263,23.0,24.21,14.0,14.74,0.94,0.29,28.57,11.73,16.53,28.27,26.11,22.77,58.0,0.269,10.0,17.24,5.0,8.62,0.6739999999999999,0.07699999999999996,20.2,8.66,19.05,27.71,29.57,17.54,6.0,0.6,1.0,16.67,0.0,0.0,1.467,0.2,31.25,15.62,12.5,28.12,42.86,6.25
745644,2024-06-22,2024,667670,R,641927,R,strikeout,True,False,202.0,0.267,72.0,35.64,22.0,10.89,0.847,0.22699999999999998,37.93,18.38,12.89,31.26,30.07,28.46,351.0,0.23,115.0,32.76,33.0,9.4,0.788,0.2419999999999999,37.94,17.82,16.3,34.12,28.65,23.47,165.0,0.27,43.0,26.06,12.0,7.27,0.853,0.256,26.15,13.56,14.46,28.02,30.38,17.2,286.0,0.236,83.0,29.02,12.0,4.2,0.7350000000000001,0.221,32.64,17.53,12.37,29.9,34.21,19.48
745644,2024-06-22,2024,691016,L,641927,R,field_out,False,False,103.0,0.241,34.0,33.01,12.0,11.65,0.8009999999999999,0.20700000000000002,34.83,15.58,16.08,31.66,27.88,30.36,118.0,0.159,37.0,31.36,10.0,8.47,0.472,0.0839999999999999,33.93,16.67,14.91,31.58,29.36,28.91,135.0,0.211,30.0,22.22,8.0,5.93,0.633,0.155,26.67,12.98,17.56,30.53,30.31,17.65,293.0,0.228,63.0,21.5,17.0,5.8,0.629,0.1209999999999999,24.59,12.9,15.05,27.94,33.04,15.98
745644,2024-06-22,2024,663527,R,641927,R,field_out,False,False,93.0,0.241,23.0,24.73,9.0,9.68,0.636,0.07200000000000001,29.55,14.21,16.12,30.33,25.27,22.33,79.0,0.167,18.0,22.78,9.0,11.39,0.5489999999999999,0.091,24.38,11.4,17.84,29.24,24.85,14.29,165.0,0.27,43.0,26.06,12.0,7.27,0.853,0.256,26.15,13.56,14.46,28.02,30.38,17.2,286.0,0.236,83.0,29.02,12.0,4.2,0.7350000000000001,0.221,32.64,17.53,12.37,29.9,34.21,19.48
745644,2024-06-22,2024,621439,R,656794,L,strikeout,True,False,56.0,0.25,17.0,30.36,3.0,5.36,0.746,0.192,30.19,15.17,16.59,31.75,27.55,25.76,90.0,0.179,29.0,32.22,9.0,10.0,0.628,0.193,33.14,15.66,14.56,30.22,23.24,27.88,18.0,0.357,1.0,5.56,4.0,22.22,1.071,0.21399999999999997,12.9,5.41,14.86,20.27,20.0,5.56,41.0,0.212,11.0,26.83,6.0,14.63,0.73,0.152,20.0,8.9,16.75,25.65,27.18,17.19
745644,2024-06-22,2024,650489,R,656794,L,field_out,False,False,72.0,0.358,19.0,26.39,4.0,5.56,0.9400000000000001,0.17900000000000005,30.56,15.44,16.49,31.93,35.42,21.84,129.0,0.237,26.0,20.16,11.0,8.53,0.636,0.079,27.27,14.12,14.71,28.82,33.85,15.03,18.0,0.357,1.0,5.56,4.0,22.22,1.071,0.21399999999999997,12.9,5.41,14.86,20.27,20.0,5.56,41.0,0.212,11.0,26.83,6.0,14.63,0.73,0.152,20.0,8.9,16.75,25.65,27.18,17.19
745644,2024-06-22,2024,571657,R,656794,L,field_out,False,False,59.0,0.235,12.0,20.34,6.0,10.17,0.633,0.059,21.65,9.33,20.89,30.22,30.28,19.05,128.0,0.289,27.0,21.09,10.0,7.81,0.782,0.141,24.78,11.45,20.65,32.11,31.62,18.88,18.0,0.357,1.0,5.56,4.0,22.22,1.071,0.21399999999999997,12.9,5.41,14.86,20.27,20.0,5.56,41.0,0.212,11.0,26.83,6.0,14.63,0.73,0.152,20.0,8.9,16.75,25.65,27.18,17.19
745644,2024-06-22,2024,671732,L,641927,R,strikeout,True,False,113.0,0.202,31.0,27.43,14.0,12.39,0.614,0.11099999999999999,28.71,12.32,18.89,31.21,23.72,19.74,107.0,0.216,29.0,27.1,3.0,2.8,0.616,0.157,31.16,14.83,17.7,32.54,26.94,22.48,135.0,0.211,30.0,22.22,8.0,5.93,0.633,0.155,26.67,12.98,17.56,30.53,30.31,17.65,293.0,0.228,63.0,21.5,17.0,5.8,0.629,0.1209999999999999,24.59,12.9,15.05,27.94,33.04,15.98
745644,2024-06-22,2024,680869,R,641927,R,strikeout,True,False,179.0,0.2,60.0,33.52,10.0,5.59,0.607,0.15799999999999997,34.47,17.61,15.43,33.04,29.29,30.0,220.0,0.303,54.0,24.55,18.0,8.18,0.969,0.298,30.92,15.24,15.12,30.36,29.22,21.29,165.0,0.27,43.0,26.06,12.0,7.27,0.853,0.256,26.15,13.56,14.46,28.02,30.38,17.2,286.0,0.236,83.0,29.02,12.0,4.2,0.7350000000000001,0.221,32.64,17.53,12.37,29.9,34.21,19.48
745644,2024-06-22,2024,668832,L,641927,R,strikeout,True,False,81.0,0.282,24.0,29.63,10.0,12.35,0.821,0.16900000000000004,42.25,18.4,15.34,33.74,18.71,26.09,,,,,,,,,,,,,,,135.0,0.211,30.0,22.22,8.0,5.93,0.633,0.155,26.67,12.98,17.56,30.53,30.31,17.65,293.0,0.228,63.0,21.5,17.0,5.8,0.629,0.1209999999999999,24.59,12.9,15.05,27.94,33.04,15.98
745644,2024-06-22,2024,622534,R,656794,L,single,False,False,73.0,0.281,11.0,15.07,8.0,10.96,0.747,0.10999999999999999,20.15,9.12,15.54,24.66,29.09,13.92,99.0,0.277,22.0,22.22,3.0,3.03,0.665,0.0949999999999999,26.88,13.81,17.68,31.49,28.93,23.66,18.0,0.357,1.0,5.56,4.0,22.22,1.071,0.21399999999999997,12.9,5.41,14.86,20.27,20.0,5.56,41.0,0.212,11.0,26.83,6.0,14.63,0.73,0.152,20.0,8.9,16.75,25.65,27.18,17.19
745644,2024-06-22,2024,621043,R,656794,L,field_out,False,False,60.0,0.296,10.0,16.67,5.0,8.33,0.943,0.297,16.5,7.2,18.22,25.42,22.22,15.87,136.0,0.248,19.0,13.97,17.0,12.5,0.782,0.188,21.1,9.54,17.18,26.72,26.2,13.01,18.0,0.357,1.0,5.56,4.0,22.22,1.071,0.21399999999999997,12.9,5.41,14.86,20.27,20.0,5.56,41.0,0.212,11.0,26.83,6.0,14.63,0.73,0.152,20.0,8.9,16.75,25.65,27.18,17.19
745644,2024-06-22,2024,668885,R,656794,L,single,False,False,29.0,0.259,5.0,17.24,2.0,6.9,0.643,0.07400000000000001,9.43,4.03,19.35,23.39,17.24,12.5,,,,,,,,,,,,,,,18.0,0.357,1.0,5.56,4.0,22.22,1.071,0.21399999999999997,12.9,5.41,14.86,20.27,20.0,5.56,41.0,0.212,11.0,26.83,6.0,14.63,0.73,0.152,20.0,8.9,16.75,25.65,27.18,17.19
745644,2024-06-22,2024,669304,R,656794,L,field_out,False,False,67.0,0.246,9.0,13.43,1.0,1.49,0.638,0.123,17.6,9.4,13.25,22.65,34.75,14.52,32.0,0.226,6.0,18.75,1.0,3.12,0.573,0.097,29.85,17.54,10.53,28.07,44.44,20.0,18.0,0.357,1.0,5.56,4.0,22.22,1.071,0.21399999999999997,12.9,5.41,14.86,20.27,20.0,5.56,41.0,0.212,11.0,26.83,6.0,14.63,0.73,0.152,20.0,8.9,16.75,25.65,27.18,17.19
745644,2024-06-22,2024,467793,R,656794,L,strikeout,True,False,66.0,0.29,11.0,16.67,3.0,4.55,0.9039999999999999,0.291,25.42,11.58,18.15,29.73,23.33,16.67,162.0,0.266,21.0,12.96,20.0,12.35,0.8069999999999999,0.187,16.6,6.97,17.43,24.41,22.49,13.04,18.0,0.357,1.0,5.56,4.0,22.22,1.071,0.21399999999999997,12.9,5.41,14.86,20.27,20.0,5.56,41.0,0.212,11.0,26.83,6.0,14.63,0.73,0.152,20.0,8.9,16.75,25.65,27.18,17.19
745644,2024-06-22,2024,680474,R,641927,R,strikeout,True,False,138.0,0.25,37.0,26.81,15.0,10.87,0.668,0.07500000000000001,29.06,11.89,20.63,32.52,19.63,21.51,,,,,,,,,,,,,,,165.0,0.27,43.0,26.06,12.0,7.27,0.853,0.256,26.15,13.56,14.46,28.02,30.38,17.2,286.0,0.236,83.0,29.02,12.0,4.2,0.7350000000000001,0.221,32.64,17.53,12.37,29.9,34.21,19.48
745644,2024-06-22,2024,669137,R,641927,R,field_out,False,False,,,,,,,,,,,,,,,,,,,,,,,,,,,,,165.0,0.27,43.0,26.06,12.0,7.27,0.853,0.256,26.15,13.56,14.46,28.02,30.38,17.2,286.0,0.236,83.0,29.02,12.0,4.2,0.7350000000000001,0.221,32.64,17.53,12.37,29.9,34.21,19.48
745644,2024-06-22,2024,663662,R,641927,R,field_out,False,False,39.0,0.162,8.0,20.51,2.0,5.13,0.44799999999999995,0.08099999999999999,26.92,14.48,17.24,31.72,27.27,16.0,,,,,,,,,,,,,,,165.0,0.27,43.0,26.06,12.0,7.27,0.853,0.256,26.15,13.56,14.46,28.02,30.38,17.2,286.0,0.236,83.0,29.02,12.0,4.2,0.7350000000000001,0.221,32.64,17.53,12.37,29.9,34.21,19.48
745564,2024-06-22,2024,682998,L,554430,R,field_out,False,False,219.0,0.223,37.0,16.89,29.0,13.24,0.669,0.11700000000000002,19.77,8.45,16.43,24.88,24.18,18.69,472.0,0.286,105.0,22.25,46.0,9.75,0.921,0.266,22.34,10.24,16.27,26.51,28.83,21.92,199.0,0.234,45.0,22.61,21.0,10.55,0.745,0.18899999999999997,24.18,11.74,13.57,25.31,28.33,17.32,414.0,0.261,90.0,21.74,25.0,6.04,0.722,0.1509999999999999,25.9,13.55,13.11,26.65,30.26,18.82
745564,2024-06-22,2024,606466,L,554430,R,field_out,False,False,211.0,0.255,47.0,22.27,19.0,9.0,0.704,0.131,24.27,11.4,14.62,26.02,24.07,19.66,452.0,0.259,85.0,18.81,54.0,11.95,0.827,0.2199999999999999,20.87,9.03,16.76,25.8,21.17,17.28,199.0,0.234,45.0,22.61,21.0,10.55,0.745,0.18899999999999997,24.18,11.74,13.57,25.31,28.33,17.32,414.0,0.261,90.0,21.74,25.0,6.04,0.722,0.1509999999999999,25.9,13.55,13.11,26.65,30.26,18.82
745564,2024-06-22,2024,592626,L,554430,R,strikeout,True,False,205.0,0.306,47.0,22.93,23.0,11.22,0.927,0.22300000000000003,23.26,10.6,17.31,27.92,28.8,19.67,373.0,0.241,74.0,19.84,49.0,13.14,0.786,0.194,24.13,10.89,15.07,25.96,29.36,16.09,199.0,0.234,45.0,22.61,21.0,10.55,0.745,0.18899999999999997,24.18,11.74,13.57,25.31,28.33,17.32,414.0,0.261,90.0,21.74,25.0,6.04,0.722,0.1509999999999999,25.9,13.55,13.11,26.65,30.26,18.82
745564,2024-06-22,2024,656941,L,674072,L,hit_by_pitch,False,False,133.0,0.339,34.0,25.56,21.0,15.79,0.98,0.197,33.33,12.43,21.15,33.58,17.9,24.82,253.0,0.188,87.0,34.39,41.0,16.21,0.758,0.242,32.04,11.82,21.04,32.86,21.61,24.51,48.0,0.286,7.0,14.58,3.0,6.25,0.827,0.16600000000000004,19.51,8.56,21.39,29.95,23.6,11.29,96.0,0.259,13.0,13.54,10.0,10.42,0.8029999999999999,0.2,23.31,11.31,16.07,27.38,25.5,15.29
745564,2024-06-22,2024,607208,R,674072,L,single,False,False,66.0,0.339,14.0,21.21,5.0,7.58,0.875,0.13599999999999995,23.81,12.82,10.26,23.08,28.99,15.22,209.0,0.229,41.0,19.62,16.0,7.66,0.721,0.1969999999999999,31.2,15.84,12.09,27.93,33.41,17.98,117.0,0.31,21.0,17.95,13.0,11.11,0.976,0.27999999999999997,16.06,7.78,15.33,23.11,23.53,15.44,286.0,0.249,51.0,17.83,25.0,8.74,0.728,0.156,21.94,10.66,13.87,24.53,32.06,19.1
745564,2024-06-22,2024,547180,L,674072,L,single,False,False,119.0,0.277,32.0,26.89,17.0,14.29,0.883,0.22799999999999998,30.74,15.43,11.32,26.75,33.21,22.54,171.0,0.289,39.0,22.81,20.0,11.7,0.884,0.221,38.61,20.03,9.85,29.89,35.59,22.41,48.0,0.286,7.0,14.58,3.0,6.25,0.827,0.16600000000000004,19.51,8.56,21.39,29.95,23.6,11.29,96.0,0.259,13.0,13.54,10.0,10.42,0.8029999999999999,0.2,23.31,11.31,16.07,27.38,25.5,15.29
745564,2024-06-22,2024,664761,R,674072,L,field_out,False,False,98.0,0.25,10.0,10.2,6.0,6.12,0.698,0.15200000000000002,11.83,5.75,14.37,20.11,25.14,10.99,167.0,0.303,26.0,15.57,8.0,4.79,0.929,0.291,20.3,10.86,12.97,23.82,35.24,14.21,117.0,0.31,21.0,17.95,13.0,11.11,0.976,0.27999999999999997,16.06,7.78,15.33,23.11,23.53,15.44,286.0,0.249,51.0,17.83,25.0,8.74,0.728,0.156,21.94,10.66,13.87,24.53,32.06,19.1
745564,2024-06-22,2024,592206,R,674072,L,sac_fly,False,False,85.0,0.238,24.0,28.24,5.0,5.88,0.7569999999999999,0.237,34.1,18.85,11.5,30.35,38.27,26.67,188.0,0.324,45.0,23.94,11.0,5.85,0.93,0.237,31.05,17.91,10.17,28.07,42.3,21.63,117.0,0.31,21.0,17.95,13.0,11.11,0.976,0.27999999999999997,16.06,7.78,15.33,23.11,23.53,15.44,286.0,0.249,51.0,17.83,25.0,8.74,0.728,0.156,21.94,10.66,13.87,24.53,32.06,19.1
745564,2024-06-22,2024,681082,L,674072,L,strikeout,True,False,71.0,0.246,13.0,18.31,9.0,12.68,0.6799999999999999,0.08200000000000002,15.53,5.73,25.45,31.18,18.11,16.88,167.0,0.282,24.0,14.37,13.0,7.78,0.73,0.101,17.59,7.8,22.11,29.91,32.56,10.39,48.0,0.286,7.0,14.58,3.0,6.25,0.827,0.16600000000000004,19.51,8.56,21.39,29.95,23.6,11.29,96.0,0.259,13.0,13.54,10.0,10.42,0.8029999999999999,0.2,23.31,11.31,16.07,27.38,25.5,15.29
745564,2024-06-22,2024,572233,R,554430,R,field_out,False,False,241.0,0.254,57.0,23.65,25.0,10.37,0.843,0.253,26.18,12.7,12.9,25.6,25.42,17.7,497.0,0.259,95.0,19.11,42.0,8.45,0.8009999999999999,0.2129999999999999,26.19,12.83,14.15,26.98,26.84,15.33,171.0,0.146,54.0,31.58,8.0,4.68,0.42400000000000004,0.08300000000000002,29.65,15.53,16.59,32.12,37.62,22.13,374.0,0.194,122.0,32.62,14.0,3.74,0.548,0.119,31.51,15.79,15.47,31.25,34.11,22.02
745564,2024-06-22,2024,664983,L,554430,R,strikeout,True,False,154.0,0.254,27.0,17.53,14.0,9.09,0.744,0.14600000000000002,20.0,9.27,16.04,25.31,26.03,16.46,230.0,0.255,51.0,22.17,17.0,7.39,0.643,0.072,22.4,11.76,13.9,25.65,32.76,19.39,199.0,0.234,45.0,22.61,21.0,10.55,0.745,0.18899999999999997,24.18,11.74,13.57,25.31,28.33,17.32,414.0,0.261,90.0,21.74,25.0,6.04,0.722,0.1509999999999999,25.9,13.55,13.11,26.65,30.26,18.82
745564,2024-06-22,2024,545341,R,554430,R,strikeout,True,False,43.0,0.275,5.0,11.63,3.0,6.98,0.776,0.175,17.65,7.69,21.15,28.85,25.32,11.11,338.0,0.244,79.0,23.37,17.0,5.03,0.6950000000000001,0.157,28.73,14.51,15.56,30.06,36.02,21.7,171.0,0.146,54.0,31.58,8.0,4.68,0.42400000000000004,0.08300000000000002,29.65,15.53,16.59,32.12,37.62,22.13,374.0,0.194,122.0,32.62,14.0,3.74,0.548,0.119,31.51,15.79,15.47,31.25,34.11,22.02
745564,2024-06-22,2024,624641,R,674072,L,field_out,False,False,59.0,0.346,10.0,16.95,5.0,8.47,1.136,0.366,28.57,14.91,12.72,27.63,34.62,16.39,124.0,0.267,33.0,26.61,3.0,2.42,0.792,0.2159999999999999,27.7,16.7,13.23,29.93,44.69,21.29,117.0,0.31,21.0,17.95,13.0,11.11,0.976,0.27999999999999997,16.06,7.78,15.33,23.11,23.53,15.44,286.0,0.249,51.0,17.83,25.0,8.74,0.728,0.156,21.94,10.66,13.87,24.53,32.06,19.1
745564,2024-06-22,2024,665506,R,674072,L,field_out,False,False,53.0,0.205,17.0,32.08,9.0,16.98,0.658,0.11300000000000002,31.58,13.51,15.32,28.83,20.51,24.29,57.0,0.314,13.0,22.81,5.0,8.77,0.924,0.235,32.38,15.45,14.09,29.55,25.93,19.4,117.0,0.31,21.0,17.95,13.0,11.11,0.976,0.27999999999999997,16.06,7.78,15.33,23.11,23.53,15.44,286.0,0.249,51.0,17.83,25.0,8.74,0.728,0.156,21.94,10.66,13.87,24.53,32.06,19.1
745564,2024-06-22,2024,665561,R,674072,L,field_out,False,False,4.0,0.25,1.0,25.0,0.0,0.0,0.5,0.0,16.67,9.09,18.18,27.27,25.0,50.0,,,,,,,,,,,,,,,117.0,0.31,21.0,17.95,13.0,11.11,0.976,0.27999999999999997,16.06,7.78,15.33,23.11,23.53,15.44,286.0,0.249,51.0,17.83,25.0,8.74,0.728,0.156,21.94,10.66,13.87,24.53,32.06,19.1
745564,2024-06-22,2024,553993,R,554430,R,field_out,False,False,210.0,0.195,56.0,26.67,16.0,7.62,0.611,0.14,30.4,14.17,15.22,29.39,25.93,21.88,537.0,0.227,161.0,29.98,48.0,8.94,0.706,0.167,32.3,14.54,16.91,31.45,23.96,22.87,171.0,0.146,54.0,31.58,8.0,4.68,0.42400000000000004,0.08300000000000002,29.65,15.53,16.59,32.12,37.62,22.13,374.0,0.194,122.0,32.62,14.0,3.74,0.548,0.119,31.51,15.79,15.47,31.25,34.11,22.02
745564,2024-06-22,2024,571466,L,554430,R,field_out,False,False,54.0,0.19,16.0,29.63,11.0,20.37,0.572,0.023999999999999994,25.58,10.0,18.64,28.64,18.18,24.24,106.0,0.191,33.0,31.13,10.0,9.43,0.508,0.043,24.64,11.67,18.08,29.75,29.3,20.75,199.0,0.234,45.0,22.61,21.0,10.55,0.745,0.18899999999999997,24.18,11.74,13.57,25.31,28.33,17.32,414.0,0.261,90.0,21.74,25.0,6.04,0.722,0.1509999999999999,25.9,13.55,13.11,26.65,30.26,18.82
745564,2024-06-22,2024,672695,L,554430,R,field_out,False,False,43.0,0.297,6.0,13.95,4.0,9.3,0.746,0.05399999999999999,12.86,5.29,24.71,30.0,23.08,11.11,424.0,0.246,80.0,18.87,60.0,14.15,0.736,0.128,15.84,6.08,21.64,27.72,16.63,14.68,199.0,0.234,45.0,22.61,21.0,10.55,0.745,0.18899999999999997,24.18,11.74,13.57,25.31,28.33,17.32,414.0,0.261,90.0,21.74,25.0,6.04,0.722,0.1509999999999999,25.9,13.55,13.11,26.65,30.26,18.82
745564,2024-06-22,2024,656941,L,674072,L,double,False,False,133.0,0.339,34.0,25.56,21.0,15.79,0.98,0.197,33.33,12.43,21.15,33.58,17.9,24.82,253.0,0.188,87.0,34.39,41.0,16.21,0.758,0.242,32.04,11.82,21.04,32.86,21.61,24.51,48.0,0.286,7.0,14.58,3.0,6.25,0.827,0.16600000000000004,19.51,8.56,21.39,29.95,23.6,11.29,96.0,0.259,13.0,13.54,10.0,10.42,0.8029999999999999,0.2,23.31,11.31,16.07,27.38,25.5,15.29
745564,2024-06-22,2024,607208,R,674072,L,field_out,False,False,66.0,0.339,14.0,21.21,5.0,7.58,0.875,0.13599999999999995,23.81,12.82,10.26,23.08,28.99,15.22,209.0,0.229,41.0,19.62,16.0,7.66,0.721,0.1969999999999999,31.2,15.84,12.09,27.93,33.41,17.98,117.0,0.31,21.0,17.95,13.0,11.11,0.976,0.27999999999999997,16.06,7.78,15.33,23.11,23.53,15.44,286.0,0.249,51.0,17.83,25.0,8.74,0.728,0.156,21.94,10.66,13.87,24.53,32.06,19.1
745564,2024-06-22,2024,547180,L,674072,L,home_run,False,False,119.0,0.277,32.0,26.89,17.0,14.29,0.883,0.22799999999999998,30.74,15.43,11.32,26.75,33.21,22.54,171.0,0.289,39.0,22.81,20.0,11.7,0.884,0.221,38.61,20.03,9.85,29.89,35.59,22.41,48.0,0.286,7.0,14.58,3.0,6.25,0.827,0.16600000000000004,19.51,8.56,21.39,29.95,23.6,11.29,96.0,0.259,13.0,13.54,10.0,10.42,0.8029999999999999,0.2,23.31,11.31,16.07,27.38,25.5,15.29
745564,2024-06-22,2024,664761,R,674072,L,home_run,False,False,98.0,0.25,10.0,10.2,6.0,6.12,0.698,0.15200000000000002,11.83,5.75,14.37,20.11,25.14,10.99,167.0,0.303,26.0,15.57,8.0,4.79,0.929,0.291,20.3,10.86,12.97,23.82,35.24,14.21,117.0,0.31,21.0,17.95,13.0,11.11,0.976,0.27999999999999997,16.06,7.78,15.33,23.11,23.53,15.44,286.0,0.249,51.0,17.83,25.0,8.74,0.728,0.156,21.94,10.66,13.87,24.53,32.06,19.1
745564,2024-06-22,2024,592206,R,674072,L,field_out,False,False,85.0,0.238,24.0,28.24,5.0,5.88,0.7569999999999999,0.237,34.1,18.85,11.5,30.35,38.27,26.67,188.0,0.324,45.0,23.94,11.0,5.85,0.93,0.237,31.05,17.91,10.17,28.07,42.3,21.63,117.0,0.31,21.0,17.95,13.0,11.11,0.976,0.27999999999999997,16.06,7.78,15.33,23.11,23.53,15.44,286.0,0.249,51.0,17.83,25.0,8.74,0.728,0.156,21.94,10.66,13.87,24.53,32.06,19.1
745564,2024-06-22,2024,681082,L,674072,L,strikeout,True,False,71.0,0.246,13.0,18.31,9.0,12.68,0.6799999999999999,0.08200000000000002,15.53,5.73,25.45,31.18,18.11,16.88,167.0,0.282,24.0,14.37,13.0,7.78,0.73,0.101,17.59,7.8,22.11,29.91,32.56,10.39,48.0,0.286,7.0,14.58,3.0,6.25,0.827,0.16600000000000004,19.51,8.56,21.39,29.95,23.6,11.29,96.0,0.259,13.0,13.54,10.0,10.42,0.8029999999999999,0.2,23.31,11.31,16.07,27.38,25.5,15.29
745564,2024-06-22,2024,682998,L,554430,R,strikeout,True,False,219.0,0.223,37.0,16.89,29.0,13.24,0.669,0.11700000000000002,19.77,8.45,16.43,24.88,24.18,18.69,472.0,0.286,105.0,22.25,46.0,9.75,0.921,0.266,22.34,10.24,16.27,26.51,28.83,21.92,199.0,0.234,45.0,22.61,21.0,10.55,0.745,0.18899999999999997,24.18,11.74,13.57,25.31,28.33,17.32,414.0,0.261,90.0,21.74,25.0,6.04,0.722,0.1509999999999999,25.9,13.55,13.11,26.65,30.26,18.82
745564,2024-06-22,2024,606466,L,554430,R,field_out,False,False,211.0,0.255,47.0,22.27,19.0,9.0,0.704,0.131,24.27,11.4,14.62,26.02,24.07,19.66,452.0,0.259,85.0,18.81,54.0,11.95,0.827,0.2199999999999999,20.87,9.03,16.76,25.8,21.17,17.28,199.0,0.234,45.0,22.61,21.0,10.55,0.745,0.18899999999999997,24.18,11.74,13.57,25.31,28.33,17.32,414.0,0.261,90.0,21.74,25.0,6.04,0.722,0.1509999999999999,25.9,13.55,13.11,26.65,30.26,18.82
745564,2024-06-22,2024,592626,L,554430,R,strikeout,True,False,205.0,0.306,47.0,22.93,23.0,11.22,0.927,0.22300000000000003,23.26,10.6,17.31,27.92,28.8,19.67,373.0,0.241,74.0,19.84,49.0,13.14,0.786,0.194,24.13,10.89,15.07,25.96,29.36,16.09,199.0,0.234,45.0,22.61,21.0,10.55,0.745,0.18899999999999997,24.18,11.74,13.57,25.31,28.33,17.32,414.0,0.261,90.0,21.74,25.0,6.04,0.722,0.1509999999999999,25.9,13.55,13.11,26.65,30.26,18.82
745564,2024-06-22,2024,624641,R,674072,L,walk,False,True,59.0,0.346,10.0,16.95,5.0,8.47,1.136,0.366,28.57,14.91,12.72,27.63,34.62,16.39,124.0,0.267,33.0,26.61,3.0,2.42,0.792,0.2159999999999999,27.7,16.7,13.23,29.93,44.69,21.29,117.0,0.31,21.0,17.95,13.0,11.11,0.976,0.27999999999999997,16.06,7.78,15.33,23.11,23.53,15.44,286.0,0.249,51.0,17.83,25.0,8.74,0.728,0.156,21.94,10.66,13.87,24.53,32.06,19.1
745564,2024-06-22,2024,665506,R,674072,L,walk,False,True,53.0,0.205,17.0,32.08,9.0,16.98,0.658,0.11300000000000002,31.58,13.51,15.32,28.83,20.51,24.29,57.0,0.314,13.0,22.81,5.0,8.77,0.924,0.235,32.38,15.45,14.09,29.55,25.93,19.4,117.0,0.31,21.0,17.95,13.0,11.11,0.976,0.27999999999999997,16.06,7.78,15.33,23.11,23.53,15.44,286.0,0.249,51.0,17.83,25.0,8.74,0.728,0.156,21.94,10.66,13.87,24.53,32.06,19.1
745564,2024-06-22,2024,665561,R,674072,L,grounded_into_double_play,False,False,4.0,0.25,1.0,25.0,0.0,0.0,0.5,0.0,16.67,9.09,18.18,27.27,25.0,50.0,,,,,,,,,,,,,,,117.0,0.31,21.0,17.95,13.0,11.11,0.976,0.27999999999999997,16.06,7.78,15.33,23.11,23.53,15.44,286.0,0.249,51.0,17.83,25.0,8.74,0.728,0.156,21.94,10.66,13.87,24.53,32.06,19.1
745564,2024-06-22,2024,656941,L,674072,L,double,False,False,133.0,0.339,34.0,25.56,21.0,15.79,0.98,0.197,33.33,12.43,21.15,33.58,17.9,24.82,253.0,0.188,87.0,34.39,41.0,16.21,0.758,0.242,32.04,11.82,21.04,32.86,21.61,24.51,48.0,0.286,7.0,14.58,3.0,6.25,0.827,0.16600000000000004,19.51,8.56,21.39,29.95,23.6,11.29,96.0,0.259,13.0,13.54,10.0,10.42,0.8029999999999999,0.2,23.31,11.31,16.07,27.38,25.5,15.29
745564,2024-06-22,2024,607208,R,543518,R,field_out,False,False,97.0,0.348,15.0,15.46,4.0,4.12,0.8480000000000001,0.11900000000000005,20.45,10.29,14.86,25.14,27.75,15.62,485.0,0.282,109.0,22.47,29.0,5.98,0.8029999999999999,0.19,28.9,15.6,12.67,28.27,36.06,17.81,61.0,0.273,9.0,14.75,4.0,6.56,0.893,0.30899999999999994,28.81,15.53,11.42,26.94,27.72,15.79,162.0,0.28,46.0,28.4,17.0,10.49,0.876,0.244,32.11,16.06,15.44,31.5,34.25,22.89
745564,2024-06-22,2024,572233,R,554430,R,hit_by_pitch,False,False,241.0,0.254,57.0,23.65,25.0,10.37,0.843,0.253,26.18,12.7,12.9,25.6,25.42,17.7,497.0,0.259,95.0,19.11,42.0,8.45,0.8009999999999999,0.2129999999999999,26.19,12.83,14.15,26.98,26.84,15.33,171.0,0.146,54.0,31.58,8.0,4.68,0.42400000000000004,0.08300000000000002,29.65,15.53,16.59,32.12,37.62,22.13,374.0,0.194,122.0,32.62,14.0,3.74,0.548,0.119,31.51,15.79,15.47,31.25,34.11,22.02
745564,2024-06-22,2024,664983,L,554430,R,single,False,False,154.0,0.254,27.0,17.53,14.0,9.09,0.744,0.14600000000000002,20.0,9.27,16.04,25.31,26.03,16.46,230.0,0.255,51.0,22.17,17.0,7.39,0.643,0.072,22.4,11.76,13.9,25.65,32.76,19.39,199.0,0.234,45.0,22.61,21.0,10.55,0.745,0.18899999999999997,24.18,11.74,13.57,25.31,28.33,17.32,414.0,0.261,90.0,21.74,25.0,6.04,0.722,0.1509999999999999,25.9,13.55,13.11,26.65,30.26,18.82
745564,2024-06-22,2024,545341,R,554430,R,strikeout,True,False,43.0,0.275,5.0,11.63,3.0,6.98,0.776,0.175,17.65,7.69,21.15,28.85,25.32,11.11,338.0,0.244,79.0,23.37,17.0,5.03,0.6950000000000001,0.157,28.73,14.51,15.56,30.06,36.02,21.7,171.0,0.146,54.0,31.58,8.0,4.68,0.42400000000000004,0.08300000000000002,29.65,15.53,16.59,32.12,37.62,22.13,374.0,0.194,122.0,32.62,14.0,3.74,0.548,0.119,31.51,15.79,15.47,31.25,34.11,22.02
745564,2024-06-22,2024,553993,R,554430,R,field_out,False,False,210.0,0.195,56.0,26.67,16.0,7.62,0.611,0.14,30.4,14.17,15.22,29.39,25.93,21.88,537.0,0.227,161.0,29.98,48.0,8.94,0.706,0.167,32.3,14.54,16.91,31.45,23.96,22.87,171.0,0.146,54.0,31.58,8.0,4.68,0.42400000000000004,0.08300000000000002,29.65,15.53,16.59,32.12,37.62,22.13,374.0,0.194,122.0,32.62,14.0,3.74,0.548,0.119,31.51,15.79,15.47,31.25,34.11,22.02
745564,2024-06-22,2024,571466,L,554430,R,single,False,False,54.0,0.19,16.0,29.63,11.0,20.37,0.572,0.023999999999999994,25.58,10.0,18.64,28.64,18.18,24.24,106.0,0.191,33.0,31.13,10.0,9.43,0.508,0.043,24.64,11.67,18.08,29.75,29.3,20.75,199.0,0.234,45.0,22.61,21.0,10.55,0.745,0.18899999999999997,24.18,11.74,13.57,25.31,28.33,17.32,414.0,0.261,90.0,21.74,25.0,6.04,0.722,0.1509999999999999,25.9,13.55,13.11,26.65,30.26,18.82
745564,2024-06-22,2024,672695,L,554430,R,field_out,False,False,43.0,0.297,6.0,13.95,4.0,9.3,0.746,0.05399999999999999,12.86,5.29,24.71,30.0,23.08,11.11,424.0,0.246,80.0,18.87,60.0,14.15,0.736,0.128,15.84,6.08,21.64,27.72,16.63,14.68,199.0,0.234,45.0,22.61,21.0,10.55,0.745,0.18899999999999997,24.18,11.74,13.57,25.31,28.33,17.32,414.0,0.261,90.0,21.74,25.0,6.04,0.722,0.1509999999999999,25.9,13.55,13.11,26.65,30.26,18.82
745564,2024-06-22,2024,547180,L,543518,R,single,False,False,189.0,0.289,35.0,18.52,29.0,15.34,0.9570000000000001,0.2710000000000001,27.95,13.51,9.47,22.98,32.27,18.72,375.0,0.295,80.0,21.33,60.0,16.0,0.907,0.199,31.39,15.65,8.66,24.31,32.27,20.0,38.0,0.286,7.0,18.42,9.0,23.68,0.804,0.07100000000000001,28.12,11.39,17.72,29.11,23.81,17.07,140.0,0.163,40.0,28.57,13.0,9.29,0.593,0.178,31.92,14.09,17.15,31.24,28.75,21.62
745564,2024-06-22,2024,664761,R,543518,R,field_out,False,False,214.0,0.326,33.0,15.42,15.0,7.01,0.891,0.185,19.83,9.36,15.64,25.0,24.93,16.93,445.0,0.263,68.0,15.28,34.0,7.64,0.7010000000000001,0.1139999999999999,17.17,8.27,16.06,24.33,28.14,13.48,61.0,0.273,9.0,14.75,4.0,6.56,0.893,0.30899999999999994,28.81,15.53,11.42,26.94,27.72,15.79,162.0,0.28,46.0,28.4,17.0,10.49,0.876,0.244,32.11,16.06,15.44,31.5,34.25,22.89
745564,2024-06-22,2024,592206,R,543518,R,home_run,False,False,229.0,0.214,47.0,20.52,16.0,6.99,0.6180000000000001,0.12900000000000003,32.24,19.02,10.15,29.18,39.9,20.35,485.0,0.252,140.0,28.87,25.0,5.15,0.733,0.192,37.06,20.57,11.78,32.36,40.41,25.27,61.0,0.273,9.0,14.75,4.0,6.56,0.893,0.30899999999999994,28.81,15.53,11.42,26.94,27.72,15.79,162.0,0.28,46.0,28.4,17.0,10.49,0.876,0.244,32.11,16.06,15.44,31.5,34.25,22.89
745564,2024-06-22,2024,681082,L,543518,R,field_out,False,False,201.0,0.235,29.0,14.43,24.0,11.94,0.704,0.14100000000000001,16.71,7.17,22.25,29.42,27.41,12.5,474.0,0.28,76.0,16.03,26.0,5.49,0.753,0.1509999999999999,14.49,6.52,22.08,28.6,28.42,11.93,38.0,0.286,7.0,18.42,9.0,23.68,0.804,0.07100000000000001,28.12,11.39,17.72,29.11,23.81,17.07,140.0,0.163,40.0,28.57,13.0,9.29,0.593,0.178,31.92,14.09,17.15,31.24,28.75,21.62
745564,2024-06-22,2024,624641,R,543518,R,hit_by_pitch,False,False,93.0,0.244,26.0,27.96,3.0,3.23,0.6579999999999999,0.128,35.15,19.03,12.33,31.37,43.46,21.49,176.0,0.239,41.0,23.3,5.0,2.84,0.669,0.148,29.23,17.12,12.31,29.43,41.96,19.16,61.0,0.273,9.0,14.75,4.0,6.56,0.893,0.30899999999999994,28.81,15.53,11.42,26.94,27.72,15.79,162.0,0.28,46.0,28.4,17.0,10.49,0.876,0.244,32.11,16.06,15.44,31.5,34.25,22.89
745564,2024-06-22,2024,665506,R,543518,R,field_out,False,False,27.0,0.208,10.0,37.04,2.0,7.41,0.46699999999999997,0.0,39.66,20.35,13.27,33.63,25.45,27.78,38.0,0.121,14.0,36.84,5.0,13.16,0.4489999999999999,0.091,39.47,18.18,14.55,32.73,25.3,24.56,61.0,0.273,9.0,14.75,4.0,6.56,0.893,0.30899999999999994,28.81,15.53,11.42,26.94,27.72,15.79,162.0,0.28,46.0,28.4,17.0,10.49,0.876,0.244,32.11,16.06,15.44,31.5,34.25,22.89
745564,2024-06-22,2024,682998,L,554430,R,field_out,False,False,219.0,0.223,37.0,16.89,29.0,13.24,0.669,0.11700000000000002,19.77,8.45,16.43,24.88,24.18,18.69,472.0,0.286,105.0,22.25,46.0,9.75,0.921,0.266,22.34,10.24,16.27,26.51,28.83,21.92,199.0,0.234,45.0,22.61,21.0,10.55,0.745,0.18899999999999997,24.18,11.74,13.57,25.31,28.33,17.32,414.0,0.261,90.0,21.74,25.0,6.04,0.722,0.1509999999999999,25.9,13.55,13.11,26.65,30.26,18.82
745564,2024-06-22,2024,606466,L,554430,R,field_out,False,False,211.0,0.255,47.0,22.27,19.0,9.0,0.704,0.131,24.27,11.4,14.62,26.02,24.07,19.66,452.0,0.259,85.0,18.81,54.0,11.95,0.827,0.2199999999999999,20.87,9.03,16.76,25.8,21.17,17.28,199.0,0.234,45.0,22.61,21.0,10.55,0.745,0.18899999999999997,24.18,11.74,13.57,25.31,28.33,17.32,414.0,0.261,90.0,21.74,25.0,6.04,0.722,0.1509999999999999,25.9,13.55,13.11,26.65,30.26,18.82
745564,2024-06-22,2024,592626,L,554430,R,strikeout,True,False,205.0,0.306,47.0,22.93,23.0,11.22,0.927,0.22300000000000003,23.26,10.6,17.31,27.92,28.8,19.67,373.0,0.241,74.0,19.84,49.0,13.14,0.786,0.194,24.13,10.89,15.07,25.96,29.36,16.09,199.0,0.234,45.0,22.61,21.0,10.55,0.745,0.18899999999999997,24.18,11.74,13.57,25.31,28.33,17.32,414.0,0.261,90.0,21.74,25.0,6.04,0.722,0.1509999999999999,25.9,13.55,13.11,26.65,30.26,18.82
745564,2024-06-22,2024,665561,L,543518,R,field_out,False,False,15.0,0.286,2.0,13.33,1.0,6.67,0.833,0.21400000000000002,13.79,6.67,18.33,25.0,36.67,11.11,,,,,,,,,,,,,,,38.0,0.286,7.0,18.42,9.0,23.68,0.804,0.07100000000000001,28.12,11.39,17.72,29.11,23.81,17.07,140.0,0.163,40.0,28.57,13.0,9.29,0.593,0.178,31.92,14.09,17.15,31.24,28.75,21.62
745564,2024-06-22,2024,656941,L,543518,R,walk,False,True,205.0,0.195,60.0,29.27,34.0,16.59,0.741,0.21399999999999997,32.75,13.17,16.2,29.37,22.08,23.41,469.0,0.201,128.0,27.29,85.0,18.12,0.848,0.296,31.18,11.75,19.66,31.41,21.53,23.1,38.0,0.286,7.0,18.42,9.0,23.68,0.804,0.07100000000000001,28.12,11.39,17.72,29.11,23.81,17.07,140.0,0.163,40.0,28.57,13.0,9.29,0.593,0.178,31.92,14.09,17.15,31.24,28.75,21.62
745564,2024-06-22,2024,607208,R,543518,R,walk,False,True,97.0,0.348,15.0,15.46,4.0,4.12,0.8480000000000001,0.11900000000000005,20.45,10.29,14.86,25.14,27.75,15.62,485.0,0.282,109.0,22.47,29.0,5.98,0.8029999999999999,0.19,28.9,15.6,12.67,28.27,36.06,17.81,61.0,0.273,9.0,14.75,4.0,6.56,0.893,0.30899999999999994,28.81,15.53,11.42,26.94,27.72,15.79,162.0,0.28,46.0,28.4,17.0,10.49,0.876,0.244,32.11,16.06,15.44,31.5,34.25,22.89
745564,2024-06-22,2024,547180,L,543518,R,field_out,False,False,189.0,0.289,35.0,18.52,29.0,15.34,0.9570000000000001,0.2710000000000001,27.95,13.51,9.47,22.98,32.27,18.72,375.0,0.295,80.0,21.33,60.0,16.0,0.907,0.199,31.39,15.65,8.66,24.31,32.27,20.0,38.0,0.286,7.0,18.42,9.0,23.68,0.804,0.07100000000000001,28.12,11.39,17.72,29.11,23.81,17.07,140.0,0.163,40.0,28.57,13.0,9.29,0.593,0.178,31.92,14.09,17.15,31.24,28.75,21.62
745564,2024-06-22,2024,664761,R,543518,R,walk,False,True,214.0,0.326,33.0,15.42,15.0,7.01,0.891,0.185,19.83,9.36,15.64,25.0,24.93,16.93,445.0,0.263,68.0,15.28,34.0,7.64,0.7010000000000001,0.1139999999999999,17.17,8.27,16.06,24.33,28.14,13.48,61.0,0.273,9.0,14.75,4.0,6.56,0.893,0.30899999999999994,28.81,15.53,11.42,26.94,27.72,15.79,162.0,0.28,46.0,28.4,17.0,10.49,0.876,0.244,32.11,16.06,15.44,31.5,34.25,22.89
745564,2024-06-22,2024,592206,R,543518,R,single,False,False,229.0,0.214,47.0,20.52,16.0,6.99,0.6180000000000001,0.12900000000000003,32.24,19.02,10.15,29.18,39.9,20.35,485.0,0.252,140.0,28.87,25.0,5.15,0.733,0.192,37.06,20.57,11.78,32.36,40.41,25.27,61.0,0.273,9.0,14.75,4.0,6.56,0.893,0.30899999999999994,28.81,15.53,11.42,26.94,27.72,15.79,162.0,0.28,46.0,28.4,17.0,10.49,0.876,0.244,32.11,16.06,15.44,31.5,34.25,22.89
745564,2024-06-22,2024,681082,L,543518,R,field_out,False,False,201.0,0.235,29.0,14.43,24.0,11.94,0.704,0.14100000000000001,16.71,7.17,22.25,29.42,27.41,12.5,474.0,0.28,76.0,16.03,26.0,5.49,0.753,0.1509999999999999,14.49,6.52,22.08,28.6,28.42,11.93,38.0,0.286,7.0,18.42,9.0,23.68,0.804,0.07100000000000001,28.12,11.39,17.72,29.11,23.81,17.07,140.0,0.163,40.0,28.57,13.0,9.29,0.593,0.178,31.92,14.09,17.15,31.24,28.75,21.62
745564,2024-06-22,2024,572233,R,554430,R,strikeout,True,False,241.0,0.254,57.0,23.65,25.0,10.37,0.843,0.253,26.18,12.7,12.9,25.6,25.42,17.7,497.0,0.259,95.0,19.11,42.0,8.45,0.8009999999999999,0.2129999999999999,26.19,12.83,14.15,26.98,26.84,15.33,171.0,0.146,54.0,31.58,8.0,4.68,0.42400000000000004,0.08300000000000002,29.65,15.53,16.59,32.12,37.62,22.13,374.0,0.194,122.0,32.62,14.0,3.74,0.548,0.119,31.51,15.79,15.47,31.25,34.11,22.02
745564,2024-06-22,2024,664983,L,554430,R,field_out,False,False,154.0,0.254,27.0,17.53,14.0,9.09,0.744,0.14600000000000002,20.0,9.27,16.04,25.31,26.03,16.46,230.0,0.255,51.0,22.17,17.0,7.39,0.643,0.072,22.4,11.76,13.9,25.65,32.76,19.39,199.0,0.234,45.0,22.61,21.0,10.55,0.745,0.18899999999999997,24.18,11.74,13.57,25.31,28.33,17.32,414.0,0.261,90.0,21.74,25.0,6.04,0.722,0.1509999999999999,25.9,13.55,13.11,26.65,30.26,18.82
745564,2024-06-22,2024,545341,R,554430,R,field_out,False,False,43.0,0.275,5.0,11.63,3.0,6.98,0.776,0.175,17.65,7.69,21.15,28.85,25.32,11.11,338.0,0.244,79.0,23.37,17.0,5.03,0.6950000000000001,0.157,28.73,14.51,15.56,30.06,36.02,21.7,171.0,0.146,54.0,31.58,8.0,4.68,0.42400000000000004,0.08300000000000002,29.65,15.53,16.59,32.12,37.62,22.13,374.0,0.194,122.0,32.62,14.0,3.74,0.548,0.119,31.51,15.79,15.47,31.25,34.11,22.02
745564,2024-06-22,2024,593160,R,600986,R,field_out,False,False,74.0,0.177,9.0,12.16,10.0,13.51,0.511,0.033,18.25,8.3,16.61,24.91,27.7,13.04,446.0,0.277,80.0,17.94,27.0,6.05,0.7030000000000001,0.1019999999999999,20.17,10.18,16.71,26.89,32.97,15.33,79.0,0.313,18.0,22.78,9.0,11.39,0.989,0.284,24.29,10.76,19.3,30.06,28.85,20.0,6.0,0.0,1.0,16.67,1.0,16.67,0.167,0.0,25.0,11.11,16.67,27.78,33.33,50.0
745564,2024-06-22,2024,665506,R,600986,R,field_out,False,False,27.0,0.208,10.0,37.04,2.0,7.41,0.46699999999999997,0.0,39.66,20.35,13.27,33.63,25.45,27.78,38.0,0.121,14.0,36.84,5.0,13.16,0.4489999999999999,0.091,39.47,18.18,14.55,32.73,25.3,24.56,79.0,0.313,18.0,22.78,9.0,11.39,0.989,0.284,24.29,10.76,19.3,30.06,28.85,20.0,6.0,0.0,1.0,16.67,1.0,16.67,0.167,0.0,25.0,11.11,16.67,27.78,33.33,50.0
745564,2024-06-22,2024,665561,L,600986,R,double,False,False,15.0,0.286,2.0,13.33,1.0,6.67,0.833,0.21400000000000002,13.79,6.67,18.33,25.0,36.67,11.11,,,,,,,,,,,,,,,61.0,0.204,12.0,19.67,11.0,18.03,0.79,0.225,26.79,11.11,15.56,26.67,21.01,15.19,4.0,0.0,1.0,25.0,0.0,0.0,0.0,0.0,23.08,16.67,11.11,27.78,50.0,12.5
745564,2024-06-22,2024,656941,L,600986,R,field_out,False,False,205.0,0.195,60.0,29.27,34.0,16.59,0.741,0.21399999999999997,32.75,13.17,16.2,29.37,22.08,23.41,469.0,0.201,128.0,27.29,85.0,18.12,0.848,0.296,31.18,11.75,19.66,31.41,21.53,23.1,61.0,0.204,12.0,19.67,11.0,18.03,0.79,0.225,26.79,11.11,15.56,26.67,21.01,15.19,4.0,0.0,1.0,25.0,0.0,0.0,0.0,0.0,23.08,16.67,11.11,27.78,50.0,12.5
745564,2024-06-22,2024,553993,R,642397,L,field_out,False,False,81.0,0.203,27.0,33.33,9.0,11.11,0.5569999999999999,0.057999999999999996,30.34,12.87,18.71,31.58,22.94,26.47,158.0,0.252,53.0,33.54,22.0,13.92,0.743,0.13,34.48,14.75,15.49,30.24,22.05,25.0,70.0,0.37,17.0,24.29,12.0,17.14,0.986,0.13,34.35,16.25,11.91,28.16,28.47,22.37,162.0,0.255,45.0,27.78,15.0,9.26,0.72,0.138,35.35,17.56,15.35,32.91,29.93,22.5
745564,2024-06-22,2024,571466,L,642397,L,strikeout,True,False,27.0,0.12,9.0,33.33,1.0,3.7,0.314,0.04000000000000001,39.02,15.84,24.75,40.59,30.19,32.14,17.0,0.267,9.0,52.94,2.0,11.76,0.753,0.133,31.03,13.64,25.76,39.39,27.59,39.13,39.0,0.2,8.0,20.51,3.0,7.69,0.596,0.11399999999999999,22.22,9.72,20.14,29.86,34.25,16.67,88.0,0.127,20.0,22.73,7.0,7.95,0.433,0.101,31.33,14.03,22.09,36.12,32.03,18.87
745564,2024-06-22,2024,672695,R,642397,L,field_out,False,False,15.0,0.267,2.0,13.33,0.0,0.0,0.534,0.0,5.0,1.79,28.57,30.36,13.04,11.76,71.0,0.242,6.0,8.45,4.0,5.63,0.5780000000000001,0.032,11.11,4.68,20.14,24.82,19.85,7.59,70.0,0.37,17.0,24.29,12.0,17.14,0.986,0.13,34.35,16.25,11.91,28.16,28.47,22.37,162.0,0.255,45.0,27.78,15.0,9.26,0.72,0.138,35.35,17.56,15.35,32.91,29.93,22.5
745564,2024-06-22,2024,607208,R,571466,R,field_out,False,False,97.0,0.348,15.0,15.46,4.0,4.12,0.8480000000000001,0.11900000000000005,20.45,10.29,14.86,25.14,27.75,15.62,485.0,0.282,109.0,22.47,29.0,5.98,0.8029999999999999,0.19,28.9,15.6,12.67,28.27,36.06,17.81,,,,,,,,,,,,,,,13.0,0.462,0.0,0.0,0.0,0.0,0.924,0.0,6.67,3.33,16.67,20.0,33.33,0.0
745564,2024-06-22,2024,547180,L,571466,R,single,False,False,189.0,0.289,35.0,18.52,29.0,15.34,0.9570000000000001,0.2710000000000001,27.95,13.51,9.47,22.98,32.27,18.72,375.0,0.295,80.0,21.33,60.0,16.0,0.907,0.199,31.39,15.65,8.66,24.31,32.27,20.0,,,,,,,,,,,,,,,6.0,0.167,0.0,0.0,0.0,0.0,0.334,0.0,0.0,0.0,16.67,16.67,54.55,
745564,2024-06-22,2024,664761,R,571466,R,force_out,False,False,214.0,0.326,33.0,15.42,15.0,7.01,0.891,0.185,19.83,9.36,15.64,25.0,24.93,16.93,445.0,0.263,68.0,15.28,34.0,7.64,0.7010000000000001,0.1139999999999999,17.17,8.27,16.06,24.33,28.14,13.48,,,,,,,,,,,,,,,13.0,0.462,0.0,0.0,0.0,0.0,0.924,0.0,6.67,3.33,16.67,20.0,33.33,0.0
745564,2024-06-22,2024,621311,L,571466,R,home_run,False,False,32.0,0.2,6.0,18.75,2.0,6.25,0.7170000000000001,0.267,21.43,11.45,10.69,22.14,36.84,11.76,9.0,0.111,2.0,22.22,0.0,0.0,0.555,0.333,25.0,12.9,16.13,29.03,33.33,33.33,,,,,,,,,,,,,,,6.0,0.167,0.0,0.0,0.0,0.0,0.334,0.0,0.0,0.0,16.67,16.67,54.55,
745564,2024-06-22,2024,681082,L,571466,R,single,False,False,201.0,0.235,29.0,14.43,24.0,11.94,0.704,0.14100000000000001,16.71,7.17,22.25,29.42,27.41,12.5,474.0,0.28,76.0,16.03,26.0,5.49,0.753,0.1509999999999999,14.49,6.52,22.08,28.6,28.42,11.93,,,,,,,,,,,,,,,6.0,0.167,0.0,0.0,0.0,0.0,0.334,0.0,0.0,0.0,16.67,16.67,54.55,
745564,2024-06-22,2024,593160,R,571466,R,single,False,False,74.0,0.177,9.0,12.16,10.0,13.51,0.511,0.033,18.25,8.3,16.61,24.91,27.7,13.04,446.0,0.277,80.0,17.94,27.0,6.05,0.7030000000000001,0.1019999999999999,20.17,10.18,16.71,26.89,32.97,15.33,,,,,,,,,,,,,,,13.0,0.462,0.0,0.0,0.0,0.0,0.924,0.0,6.67,3.33,16.67,20.0,33.33,0.0
745564,2024-06-22,2024,665506,R,571466,R,field_out,False,False,27.0,0.208,10.0,37.04,2.0,7.41,0.46699999999999997,0.0,39.66,20.35,13.27,33.63,25.45,27.78,38.0,0.121,14.0,36.84,5.0,13.16,0.4489999999999999,0.091,39.47,18.18,14.55,32.73,25.3,24.56,,,,,,,,,,,,,,,13.0,0.462,0.0,0.0,0.0,0.0,0.924,0.0,6.67,3.33,16.67,20.0,33.33,0.0
745564,2024-06-22,2024,682998,L,614179,R,field_out,False,False,219.0,0.223,37.0,16.89,29.0,13.24,0.669,0.11700000000000002,19.77,8.45,16.43,24.88,24.18,18.69,472.0,0.286,105.0,22.25,46.0,9.75,0.921,0.266,22.34,10.24,16.27,26.51,28.83,21.92,35.0,0.364,10.0,28.57,2.0,5.71,0.9450000000000001,0.18100000000000005,32.05,18.12,10.14,28.26,42.11,23.26,88.0,0.315,13.0,14.77,11.0,12.5,1.012,0.288,26.76,11.52,14.24,25.76,25.7,20.0
745564,2024-06-22,2024,621028,R,614179,R,field_out,False,False,109.0,0.267,19.0,17.43,6.0,5.5,0.6639999999999999,0.08899999999999997,20.93,9.6,20.8,30.4,24.31,20.88,143.0,0.234,18.0,12.59,7.0,4.9,0.571,0.0549999999999999,15.29,7.27,19.84,27.11,26.2,13.04,50.0,0.25,9.0,18.0,3.0,6.0,0.618,0.068,27.55,15.0,15.0,30.0,39.76,16.67,119.0,0.276,26.0,21.85,10.0,8.4,0.8280000000000001,0.191,31.2,14.75,13.94,28.69,29.14,16.03
745564,2024-06-22,2024,645444,L,614179,R,field_out,False,False,,,,,,,,,,,,,,,93.0,0.212,21.0,22.58,10.0,10.75,0.5469999999999999,0.038,18.62,7.07,25.13,32.2,13.61,16.24,35.0,0.364,10.0,28.57,2.0,5.71,0.9450000000000001,0.18100000000000005,32.05,18.12,10.14,28.26,42.11,23.26,88.0,0.315,13.0,14.77,11.0,12.5,1.012,0.288,26.76,11.52,14.24,25.76,25.7,20.0
746459,2024-06-22,2024,502054,R,628317,R,field_out,False,False,130.0,0.289,26.0,20.0,9.0,6.92,0.726,0.09900000000000003,23.47,9.65,21.43,31.08,18.88,17.93,304.0,0.262,71.0,23.36,28.0,9.21,0.767,0.173,26.61,10.98,19.38,30.37,21.23,21.19,103.0,0.295,14.0,13.59,8.0,7.77,0.95,0.305,23.88,11.46,14.56,26.01,30.93,10.48,219.0,0.237,64.0,29.22,10.0,4.57,0.748,0.2319999999999999,30.22,15.8,14.32,30.11,35.12,21.55
746459,2024-06-22,2024,643217,L,628317,R,field_out,False,False,174.0,0.235,25.0,14.37,10.0,5.75,0.6160000000000001,0.10500000000000004,17.1,8.31,17.24,25.55,25.52,13.66,486.0,0.261,67.0,13.79,42.0,8.64,0.67,0.082,19.05,9.13,14.74,23.87,26.13,13.62,108.0,0.24,22.0,20.37,10.0,9.26,0.735,0.177,20.22,8.26,18.08,26.34,25.0,16.41,209.0,0.241,53.0,25.36,18.0,8.61,0.6910000000000001,0.144,25.75,11.44,17.4,28.83,27.38,24.31
746459,2024-06-22,2024,673357,R,628317,R,field_out,False,False,72.0,0.194,27.0,37.5,5.0,6.94,0.787,0.343,34.39,17.42,16.13,33.55,32.9,24.32,477.0,0.252,132.0,27.67,25.0,5.24,0.8340000000000001,0.279,32.83,18.94,10.59,29.53,40.07,24.77,103.0,0.295,14.0,13.59,8.0,7.77,0.95,0.305,23.88,11.46,14.56,26.01,30.93,10.48,219.0,0.237,64.0,29.22,10.0,4.57,0.748,0.2319999999999999,30.22,15.8,14.32,30.11,35.12,21.55
746459,2024-06-22,2024,663837,R,689672,R,field_out,False,False,179.0,0.251,41.0,22.91,9.0,5.03,0.7769999999999999,0.23399999999999999,20.97,8.99,20.47,29.46,19.57,17.98,383.0,0.26,92.0,24.02,29.0,7.57,0.724,0.14,21.06,9.23,21.95,31.18,28.67,18.31,17.0,0.25,2.0,11.76,1.0,5.88,0.794,0.25,19.23,10.42,18.75,29.17,27.27,18.18,,,,,,,,,,,,,,
746459,2024-06-22,2024,690993,L,689672,R,field_out,False,False,206.0,0.234,35.0,16.99,11.0,5.34,0.6,0.08399999999999999,22.38,10.71,16.93,27.65,33.0,17.59,,,,,,,,,,,,,,,26.0,0.278,2.0,7.69,6.0,23.08,0.884,0.16599999999999998,18.6,7.27,13.64,20.91,14.29,6.25,,,,,,,,,,,,,,
746459,2024-06-22,2024,682985,L,689672,R,double,False,False,245.0,0.279,65.0,26.53,34.0,13.88,0.91,0.25,28.47,11.71,17.52,29.23,21.02,22.89,323.0,0.291,84.0,26.01,28.0,8.67,0.826,0.182,27.26,12.45,16.06,28.52,24.68,20.14,26.0,0.278,2.0,7.69,6.0,23.08,0.884,0.16599999999999998,18.6,7.27,13.64,20.91,14.29,6.25,,,,,,,,,,,,,,
746459,2024-06-22,2024,592192,R,689672,R,walk,False,True,222.0,0.232,46.0,20.72,21.0,9.46,0.672,0.11000000000000001,22.66,9.06,23.44,32.5,21.41,17.76,341.0,0.261,56.0,16.42,28.0,8.21,0.721,0.1079999999999999,18.91,7.86,21.98,29.84,23.71,13.49,17.0,0.25,2.0,11.76,1.0,5.88,0.794,0.25,19.23,10.42,18.75,29.17,27.27,18.18,,,,,,,,,,,,,,
746459,2024-06-22,2024,570482,R,689672,R,field_out,False,False,122.0,0.304,16.0,13.11,5.0,4.1,0.736,0.09600000000000003,19.38,9.8,17.15,26.95,34.09,13.01,175.0,0.276,30.0,17.14,9.0,5.14,0.653,0.061,20.55,11.01,13.8,24.82,34.39,12.39,17.0,0.25,2.0,11.76,1.0,5.88,0.794,0.25,19.23,10.42,18.75,29.17,27.27,18.18,,,,,,,,,,,,,,
746459,2024-06-22,2024,657757,L,628317,R,field_out,False,False,224.0,0.24,37.0,16.52,29.0,12.95,0.746,0.16100000000000003,21.14,9.08,18.59,27.67,27.95,12.59,324.0,0.212,58.0,17.9,28.0,8.64,0.63,0.1369999999999999,20.44,9.67,14.66,24.33,29.35,14.25,108.0,0.24,22.0,20.37,10.0,9.26,0.735,0.177,20.22,8.26,18.08,26.34,25.0,16.41,209.0,0.241,53.0,25.36,18.0,8.61,0.6910000000000001,0.144,25.75,11.44,17.4,28.83,27.38,24.31
746459,2024-06-22,2024,683734,R,628317,R,single,False,False,230.0,0.227,56.0,24.35,15.0,6.52,0.661,0.147,22.07,10.54,17.6,28.14,30.29,20.0,474.0,0.267,109.0,23.0,29.0,6.12,0.774,0.18,26.24,11.95,18.94,30.89,30.92,21.51,103.0,0.295,14.0,13.59,8.0,7.77,0.95,0.305,23.88,11.46,14.56,26.01,30.93,10.48,219.0,0.237,64.0,29.22,10.0,4.57,0.748,0.2319999999999999,30.22,15.8,14.32,30.11,35.12,21.55
746459,2024-06-22,2024,657557,R,628317,R,strikeout,True,False,186.0,0.262,57.0,30.65,6.0,3.23,0.8180000000000001,0.244,32.27,18.91,9.6,28.51,33.64,24.78,281.0,0.203,86.0,30.6,12.0,4.27,0.603,0.1539999999999999,36.49,19.09,15.38,34.47,35.28,34.68,103.0,0.295,14.0,13.59,8.0,7.77,0.95,0.305,23.88,11.46,14.56,26.01,30.93,10.48,219.0,0.237,64.0,29.22,10.0,4.57,0.748,0.2319999999999999,30.22,15.8,14.32,30.11,35.12,21.55
746459,2024-06-22,2024,686676,R,628317,R,strikeout,True,False,140.0,0.226,42.0,30.0,6.0,4.29,0.635,0.15,39.86,23.32,10.28,33.6,35.19,24.85,47.0,0.116,12.0,25.53,4.0,8.51,0.4,0.0929999999999999,33.71,18.07,13.25,31.33,34.15,23.53,103.0,0.295,14.0,13.59,8.0,7.77,0.95,0.305,23.88,11.46,14.56,26.01,30.93,10.48,219.0,0.237,64.0,29.22,10.0,4.57,0.748,0.2319999999999999,30.22,15.8,14.32,30.11,35.12,21.55
746459,2024-06-22,2024,672761,L,689672,R,strikeout,True,False,164.0,0.242,35.0,21.34,13.0,7.93,0.6699999999999999,0.127,21.16,9.39,20.15,29.55,26.85,16.75,,,,,,,,,,,,,,,26.0,0.278,2.0,7.69,6.0,23.08,0.884,0.16599999999999998,18.6,7.27,13.64,20.91,14.29,6.25,,,,,,,,,,,,,,
746459,2024-06-22,2024,669234,R,689672,R,strikeout,True,False,41.0,0.167,16.0,39.02,4.0,9.76,0.605,0.19399999999999998,39.29,17.93,18.48,36.41,17.5,23.53,,,,,,,,,,,,,,,17.0,0.25,2.0,11.76,1.0,5.88,0.794,0.25,19.23,10.42,18.75,29.17,27.27,18.18,,,,,,,,,,,,,,
746459,2024-06-22,2024,668670,R,689672,R,field_out,False,False,103.0,0.214,34.0,33.01,3.0,2.91,0.619,0.153,34.83,16.36,19.0,35.36,25.7,31.48,259.0,0.215,84.0,32.43,20.0,7.72,0.676,0.18,31.32,14.43,18.81,33.23,22.13,28.38,17.0,0.25,2.0,11.76,1.0,5.88,0.794,0.25,19.23,10.42,18.75,29.17,27.27,18.18,,,,,,,,,,,,,,
746459,2024-06-22,2024,670032,L,628317,R,single,False,False,191.0,0.228,31.0,16.23,15.0,7.85,0.5569999999999999,0.035,18.18,8.93,15.77,24.7,27.25,17.61,212.0,0.228,33.0,15.57,24.0,11.32,0.647,0.089,22.47,10.7,16.47,27.16,26.6,14.22,108.0,0.24,22.0,20.37,10.0,9.26,0.735,0.177,20.22,8.26,18.08,26.34,25.0,16.41,209.0,0.241,53.0,25.36,18.0,8.61,0.6910000000000001,0.144,25.75,11.44,17.4,28.83,27.38,24.31
746459,2024-06-22,2024,672820,R,628317,R,strikeout,True,False,76.0,0.194,22.0,28.95,2.0,2.63,0.46299999999999997,0.04199999999999998,26.95,13.72,20.94,34.66,39.37,26.51,123.0,0.178,30.0,24.39,2.0,1.63,0.504,0.136,24.69,13.05,16.81,29.87,39.56,22.39,103.0,0.295,14.0,13.59,8.0,7.77,0.95,0.305,23.88,11.46,14.56,26.01,30.93,10.48,219.0,0.237,64.0,29.22,10.0,4.57,0.748,0.2319999999999999,30.22,15.8,14.32,30.11,35.12,21.55
746459,2024-06-22,2024,502054,R,628317,R,field_out,False,False,130.0,0.289,26.0,20.0,9.0,6.92,0.726,0.09900000000000003,23.47,9.65,21.43,31.08,18.88,17.93,304.0,0.262,71.0,23.36,28.0,9.21,0.767,0.173,26.61,10.98,19.38,30.37,21.23,21.19,103.0,0.295,14.0,13.59,8.0,7.77,0.95,0.305,23.88,11.46,14.56,26.01,30.93,10.48,219.0,0.237,64.0,29.22,10.0,4.57,0.748,0.2319999999999999,30.22,15.8,14.32,30.11,35.12,21.55
746459,2024-06-22,2024,643217,L,628317,R,strikeout,True,False,174.0,0.235,25.0,14.37,10.0,5.75,0.6160000000000001,0.10500000000000004,17.1,8.31,17.24,25.55,25.52,13.66,486.0,0.261,67.0,13.79,42.0,8.64,0.67,0.082,19.05,9.13,14.74,23.87,26.13,13.62,108.0,0.24,22.0,20.37,10.0,9.26,0.735,0.177,20.22,8.26,18.08,26.34,25.0,16.41,209.0,0.241,53.0,25.36,18.0,8.61,0.6910000000000001,0.144,25.75,11.44,17.4,28.83,27.38,24.31
746459,2024-06-22,2024,668952,R,689672,R,field_out,False,False,13.0,0.091,4.0,30.77,1.0,7.69,0.258,0.0,33.33,12.96,25.93,38.89,15.38,18.18,9.0,0.111,3.0,33.33,0.0,0.0,0.222,0.0,33.33,15.79,28.95,44.74,45.0,21.43,17.0,0.25,2.0,11.76,1.0,5.88,0.794,0.25,19.23,10.42,18.75,29.17,27.27,18.18,,,,,,,,,,,,,,
746459,2024-06-22,2024,663837,R,689672,R,field_out,False,False,179.0,0.251,41.0,22.91,9.0,5.03,0.7769999999999999,0.23399999999999999,20.97,8.99,20.47,29.46,19.57,17.98,383.0,0.26,92.0,24.02,29.0,7.57,0.724,0.14,21.06,9.23,21.95,31.18,28.67,18.31,17.0,0.25,2.0,11.76,1.0,5.88,0.794,0.25,19.23,10.42,18.75,29.17,27.27,18.18,,,,,,,,,,,,,,
746459,2024-06-22,2024,690993,L,689672,R,walk,False,True,206.0,0.234,35.0,16.99,11.0,5.34,0.6,0.08399999999999999,22.38,10.71,16.93,27.65,33.0,17.59,,,,,,,,,,,,,,,26.0,0.278,2.0,7.69,6.0,23.08,0.884,0.16599999999999998,18.6,7.27,13.64,20.91,14.29,6.25,,,,,,,,,,,,,,
746459,2024-06-22,2024,682985,L,689672,R,field_out,False,False,245.0,0.279,65.0,26.53,34.0,13.88,0.91,0.25,28.47,11.71,17.52,29.23,21.02,22.89,323.0,0.291,84.0,26.01,28.0,8.67,0.826,0.182,27.26,12.45,16.06,28.52,24.68,20.14,26.0,0.278,2.0,7.69,6.0,23.08,0.884,0.16599999999999998,18.6,7.27,13.64,20.91,14.29,6.25,,,,,,,,,,,,,,
746459,2024-06-22,2024,673357,R,628317,R,double,False,False,72.0,0.194,27.0,37.5,5.0,6.94,0.787,0.343,34.39,17.42,16.13,33.55,32.9,24.32,477.0,0.252,132.0,27.67,25.0,5.24,0.8340000000000001,0.279,32.83,18.94,10.59,29.53,40.07,24.77,103.0,0.295,14.0,13.59,8.0,7.77,0.95,0.305,23.88,11.46,14.56,26.01,30.93,10.48,219.0,0.237,64.0,29.22,10.0,4.57,0.748,0.2319999999999999,30.22,15.8,14.32,30.11,35.12,21.55
746459,2024-06-22,2024,657757,L,628317,R,strikeout,True,False,224.0,0.24,37.0,16.52,29.0,12.95,0.746,0.16100000000000003,21.14,9.08,18.59,27.67,27.95,12.59,324.0,0.212,58.0,17.9,28.0,8.64,0.63,0.1369999999999999,20.44,9.67,14.66,24.33,29.35,14.25,108.0,0.24,22.0,20.37,10.0,9.26,0.735,0.177,20.22,8.26,18.08,26.34,25.0,16.41,209.0,0.241,53.0,25.36,18.0,8.61,0.6910000000000001,0.144,25.75,11.44,17.4,28.83,27.38,24.31
746459,2024-06-22,2024,683734,R,628317,R,field_out,False,False,230.0,0.227,56.0,24.35,15.0,6.52,0.661,0.147,22.07,10.54,17.6,28.14,30.29,20.0,474.0,0.267,109.0,23.0,29.0,6.12,0.774,0.18,26.24,11.95,18.94,30.89,30.92,21.51,103.0,0.295,14.0,13.59,8.0,7.77,0.95,0.305,23.88,11.46,14.56,26.01,30.93,10.48,219.0,0.237,64.0,29.22,10.0,4.57,0.748,0.2319999999999999,30.22,15.8,14.32,30.11,35.12,21.55
746459,2024-06-22,2024,657557,R,628317,R,single,False,False,186.0,0.262,57.0,30.65,6.0,3.23,0.8180000000000001,0.244,32.27,18.91,9.6,28.51,33.64,24.78,281.0,0.203,86.0,30.6,12.0,4.27,0.603,0.1539999999999999,36.49,19.09,15.38,34.47,35.28,34.68,103.0,0.295,14.0,13.59,8.0,7.77,0.95,0.305,23.88,11.46,14.56,26.01,30.93,10.48,219.0,0.237,64.0,29.22,10.0,4.57,0.748,0.2319999999999999,30.22,15.8,14.32,30.11,35.12,21.55
746459,2024-06-22,2024,686676,R,628317,R,single,False,False,140.0,0.226,42.0,30.0,6.0,4.29,0.635,0.15,39.86,23.32,10.28,33.6,35.19,24.85,47.0,0.116,12.0,25.53,4.0,8.51,0.4,0.0929999999999999,33.71,18.07,13.25,31.33,34.15,23.53,103.0,0.295,14.0,13.59,8.0,7.77,0.95,0.305,23.88,11.46,14.56,26.01,30.93,10.48,219.0,0.237,64.0,29.22,10.0,4.57,0.748,0.2319999999999999,30.22,15.8,14.32,30.11,35.12,21.55
746459,2024-06-22,2024,670032,L,628317,R,double,False,False,191.0,0.228,31.0,16.23,15.0,7.85,0.5569999999999999,0.035,18.18,8.93,15.77,24.7,27.25,17.61,212.0,0.228,33.0,15.57,24.0,11.32,0.647,0.089,22.47,10.7,16.47,27.16,26.6,14.22,108.0,0.24,22.0,20.37,10.0,9.26,0.735,0.177,20.22,8.26,18.08,26.34,25.0,16.41,209.0,0.241,53.0,25.36,18.0,8.61,0.6910000000000001,0.144,25.75,11.44,17.4,28.83,27.38,24.31
746459,2024-06-22,2024,672820,R,628317,R,field_out,False,False,76.0,0.194,22.0,28.95,2.0,2.63,0.46299999999999997,0.04199999999999998,26.95,13.72,20.94,34.66,39.37,26.51,123.0,0.178,30.0,24.39,2.0,1.63,0.504,0.136,24.69,13.05,16.81,29.87,39.56,22.39,103.0,0.295,14.0,13.59,8.0,7.77,0.95,0.305,23.88,11.46,14.56,26.01,30.93,10.48,219.0,0.237,64.0,29.22,10.0,4.57,0.748,0.2319999999999999,30.22,15.8,14.32,30.11,35.12,21.55
746459,2024-06-22,2024,592192,R,689672,R,field_out,False,False,222.0,0.232,46.0,20.72,21.0,9.46,0.672,0.11000000000000001,22.66,9.06,23.44,32.5,21.41,17.76,341.0,0.261,56.0,16.42,28.0,8.21,0.721,0.1079999999999999,18.91,7.86,21.98,29.84,23.71,13.49,17.0,0.25,2.0,11.76,1.0,5.88,0.794,0.25,19.23,10.42,18.75,29.17,27.27,18.18,,,,,,,,,,,,,,
746459,2024-06-22,2024,570482,R,689672,R,strikeout,True,False,122.0,0.304,16.0,13.11,5.0,4.1,0.736,0.09600000000000003,19.38,9.8,17.15,26.95,34.09,13.01,175.0,0.276,30.0,17.14,9.0,5.14,0.653,0.061,20.55,11.01,13.8,24.82,34.39,12.39,17.0,0.25,2.0,11.76,1.0,5.88,0.794,0.25,19.23,10.42,18.75,29.17,27.27,18.18,,,,,,,,,,,,,,
746459,2024-06-22,2024,672761,L,689672,R,double,False,False,164.0,0.242,35.0,21.34,13.0,7.93,0.6699999999999999,0.127,21.16,9.39,20.15,29.55,26.85,16.75,,,,,,,,,,,,,,,26.0,0.278,2.0,7.69,6.0,23.08,0.884,0.16599999999999998,18.6,7.27,13.64,20.91,14.29,6.25,,,,,,,,,,,,,,
746459,2024-06-22,2024,669234,R,689672,R,walk,False,True,41.0,0.167,16.0,39.02,4.0,9.76,0.605,0.19399999999999998,39.29,17.93,18.48,36.41,17.5,23.53,,,,,,,,,,,,,,,17.0,0.25,2.0,11.76,1.0,5.88,0.794,0.25,19.23,10.42,18.75,29.17,27.27,18.18,,,,,,,,,,,,,,
746459,2024-06-22,2024,668670,R,689672,R,field_out,False,False,103.0,0.214,34.0,33.01,3.0,2.91,0.619,0.153,34.83,16.36,19.0,35.36,25.7,31.48,259.0,0.215,84.0,32.43,20.0,7.72,0.676,0.18,31.32,14.43,18.81,33.23,22.13,28.38,17.0,0.25,2.0,11.76,1.0,5.88,0.794,0.25,19.23,10.42,18.75,29.17,27.27,18.18,,,,,,,,,,,,,,
746459,2024-06-22,2024,502054,R,628317,R,field_out,False,False,130.0,0.289,26.0,20.0,9.0,6.92,0.726,0.09900000000000003,23.47,9.65,21.43,31.08,18.88,17.93,304.0,0.262,71.0,23.36,28.0,9.21,0.767,0.173,26.61,10.98,19.38,30.37,21.23,21.19,103.0,0.295,14.0,13.59,8.0,7.77,0.95,0.305,23.88,11.46,14.56,26.01,30.93,10.48,219.0,0.237,64.0,29.22,10.0,4.57,0.748,0.2319999999999999,30.22,15.8,14.32,30.11,35.12,21.55
746459,2024-06-22,2024,643217,L,628317,R,single,False,False,174.0,0.235,25.0,14.37,10.0,5.75,0.6160000000000001,0.10500000000000004,17.1,8.31,17.24,25.55,25.52,13.66,486.0,0.261,67.0,13.79,42.0,8.64,0.67,0.082,19.05,9.13,14.74,23.87,26.13,13.62,108.0,0.24,22.0,20.37,10.0,9.26,0.735,0.177,20.22,8.26,18.08,26.34,25.0,16.41,209.0,0.241,53.0,25.36,18.0,8.61,0.6910000000000001,0.144,25.75,11.44,17.4,28.83,27.38,24.31
746459,2024-06-22,2024,673357,R,628317,R,field_out,False,False,72.0,0.194,27.0,37.5,5.0,6.94,0.787,0.343,34.39,17.42,16.13,33.55,32.9,24.32,477.0,0.252,132.0,27.67,25.0,5.24,0.8340000000000001,0.279,32.83,18.94,10.59,29.53,40.07,24.77,103.0,0.295,14.0,13.59,8.0,7.77,0.95,0.305,23.88,11.46,14.56,26.01,30.93,10.48,219.0,0.237,64.0,29.22,10.0,4.57,0.748,0.2319999999999999,30.22,15.8,14.32,30.11,35.12,21.55
746459,2024-06-22,2024,657757,L,628317,R,single,False,False,224.0,0.24,37.0,16.52,29.0,12.95,0.746,0.16100000000000003,21.14,9.08,18.59,27.67,27.95,12.59,324.0,0.212,58.0,17.9,28.0,8.64,0.63,0.1369999999999999,20.44,9.67,14.66,24.33,29.35,14.25,108.0,0.24,22.0,20.37,10.0,9.26,0.735,0.177,20.22,8.26,18.08,26.34,25.0,16.41,209.0,0.241,53.0,25.36,18.0,8.61,0.6910000000000001,0.144,25.75,11.44,17.4,28.83,27.38,24.31
746459,2024-06-22,2024,683734,R,676684,R,single,False,False,230.0,0.227,56.0,24.35,15.0,6.52,0.661,0.147,22.07,10.54,17.6,28.14,30.29,20.0,474.0,0.267,109.0,23.0,29.0,6.12,0.774,0.18,26.24,11.95,18.94,30.89,30.92,21.51,83.0,0.273,18.0,21.69,3.0,3.61,0.6859999999999999,0.11699999999999999,26.38,14.1,16.39,30.49,33.83,19.78,114.0,0.215,32.0,28.07,7.0,6.14,0.5529999999999999,0.0749999999999999,27.23,12.59,22.76,35.35,32.97,26.45
746459,2024-06-22,2024,657557,R,676684,R,strikeout,True,False,186.0,0.262,57.0,30.65,6.0,3.23,0.8180000000000001,0.244,32.27,18.91,9.6,28.51,33.64,24.78,281.0,0.203,86.0,30.6,12.0,4.27,0.603,0.1539999999999999,36.49,19.09,15.38,34.47,35.28,34.68,83.0,0.273,18.0,21.69,3.0,3.61,0.6859999999999999,0.11699999999999999,26.38,14.1,16.39,30.49,33.83,19.78,114.0,0.215,32.0,28.07,7.0,6.14,0.5529999999999999,0.0749999999999999,27.23,12.59,22.76,35.35,32.97,26.45
746459,2024-06-22,2024,668952,R,689672,R,strikeout,True,False,13.0,0.091,4.0,30.77,1.0,7.69,0.258,0.0,33.33,12.96,25.93,38.89,15.38,18.18,9.0,0.111,3.0,33.33,0.0,0.0,0.222,0.0,33.33,15.79,28.95,44.74,45.0,21.43,17.0,0.25,2.0,11.76,1.0,5.88,0.794,0.25,19.23,10.42,18.75,29.17,27.27,18.18,,,,,,,,,,,,,,
746459,2024-06-22,2024,663837,R,689672,R,strikeout,True,False,179.0,0.251,41.0,22.91,9.0,5.03,0.7769999999999999,0.23399999999999999,20.97,8.99,20.47,29.46,19.57,17.98,383.0,0.26,92.0,24.02,29.0,7.57,0.724,0.14,21.06,9.23,21.95,31.18,28.67,18.31,17.0,0.25,2.0,11.76,1.0,5.88,0.794,0.25,19.23,10.42,18.75,29.17,27.27,18.18,,,,,,,,,,,,,,
746459,2024-06-22,2024,690993,L,689672,R,field_out,False,False,206.0,0.234,35.0,16.99,11.0,5.34,0.6,0.08399999999999999,22.38,10.71,16.93,27.65,33.0,17.59,,,,,,,,,,,,,,,26.0,0.278,2.0,7.69,6.0,23.08,0.884,0.16599999999999998,18.6,7.27,13.64,20.91,14.29,6.25,,,,,,,,,,,,,,
746459,2024-06-22,2024,686676,R,666214,L,home_run,False,False,50.0,0.283,13.0,26.0,4.0,8.0,0.71,0.08700000000000002,31.37,17.98,10.11,28.09,36.05,26.0,23.0,0.0,8.0,34.78,1.0,4.35,0.043,0.0,28.12,15.79,7.89,23.68,26.67,17.02,82.0,0.279,19.0,23.17,10.0,12.2,0.849,0.19199999999999995,30.63,14.67,13.77,28.44,34.97,19.39,371.0,0.301,79.0,21.29,33.0,8.89,0.924,0.261,26.27,12.72,15.19,27.91,26.14,16.42
746459,2024-06-22,2024,670032,L,666214,L,single,False,False,36.0,0.235,5.0,13.89,0.0,0.0,0.492,0.0,15.49,9.24,15.13,24.37,45.45,14.29,50.0,0.244,7.0,14.0,2.0,4.0,0.573,0.023,20.21,9.79,16.49,26.29,26.97,12.28,59.0,0.245,16.0,27.12,5.0,8.47,0.662,0.09500000000000003,28.83,13.73,17.17,30.9,28.57,20.78,122.0,0.278,19.0,15.57,14.0,11.48,0.796,0.1569999999999999,22.68,10.23,17.67,27.91,22.64,17.12
746459,2024-06-22,2024,672820,R,666214,L,single,False,False,32.0,0.3,5.0,15.62,2.0,6.25,0.9109999999999999,0.26699999999999996,17.31,7.5,16.67,24.17,29.03,17.24,50.0,0.261,10.0,20.0,3.0,6.0,0.741,0.174,22.11,11.8,17.98,29.78,44.19,18.87,82.0,0.279,19.0,23.17,10.0,12.2,0.849,0.19199999999999995,30.63,14.67,13.77,28.44,34.97,19.39,371.0,0.301,79.0,21.29,33.0,8.89,0.924,0.261,26.27,12.72,15.19,27.91,26.14,16.42
746459,2024-06-22,2024,502054,R,666214,L,field_out,False,False,43.0,0.257,8.0,18.6,7.0,16.28,0.881,0.22899999999999998,20.0,7.56,21.51,29.07,18.6,14.29,177.0,0.245,35.0,19.77,19.0,10.73,0.787,0.22,18.15,7.08,21.25,28.33,19.5,17.41,82.0,0.279,19.0,23.17,10.0,12.2,0.849,0.19199999999999995,30.63,14.67,13.77,28.44,34.97,19.39,371.0,0.301,79.0,21.29,33.0,8.89,0.924,0.261,26.27,12.72,15.19,27.91,26.14,16.42
746459,2024-06-22,2024,643217,L,666214,L,strikeout,True,False,45.0,0.093,12.0,26.67,2.0,4.44,0.319,0.093,27.55,14.59,14.05,28.65,33.7,16.67,135.0,0.262,22.0,16.3,10.0,7.41,0.7230000000000001,0.14,20.08,10.21,13.87,24.08,28.74,14.77,59.0,0.245,16.0,27.12,5.0,8.47,0.662,0.09500000000000003,28.83,13.73,17.17,30.9,28.57,20.78,122.0,0.278,19.0,15.57,14.0,11.48,0.796,0.1569999999999999,22.68,10.23,17.67,27.91,22.64,17.12
746459,2024-06-22,2024,673357,R,669438,R,strikeout,True,False,72.0,0.194,27.0,37.5,5.0,6.94,0.787,0.343,34.39,17.42,16.13,33.55,32.9,24.32,477.0,0.252,132.0,27.67,25.0,5.24,0.8340000000000001,0.279,32.83,18.94,10.59,29.53,40.07,24.77,47.0,0.256,11.0,23.4,3.0,6.38,0.8540000000000001,0.279,32.99,16.75,13.61,30.37,31.31,16.92,155.0,0.262,23.0,14.84,9.0,5.81,0.796,0.2199999999999999,22.46,11.46,14.6,26.06,25.61,16.08
746459,2024-06-22,2024,682985,L,689672,R,walk,False,True,245.0,0.279,65.0,26.53,34.0,13.88,0.91,0.25,28.47,11.71,17.52,29.23,21.02,22.89,323.0,0.291,84.0,26.01,28.0,8.67,0.826,0.182,27.26,12.45,16.06,28.52,24.68,20.14,26.0,0.278,2.0,7.69,6.0,23.08,0.884,0.16599999999999998,18.6,7.27,13.64,20.91,14.29,6.25,,,,,,,,,,,,,,
746459,2024-06-22,2024,592192,R,689672,R,grounded_into_double_play,False,False,222.0,0.232,46.0,20.72,21.0,9.46,0.672,0.11000000000000001,22.66,9.06,23.44,32.5,21.41,17.76,341.0,0.261,56.0,16.42,28.0,8.21,0.721,0.1079999999999999,18.91,7.86,21.98,29.84,23.71,13.49,17.0,0.25,2.0,11.76,1.0,5.88,0.794,0.25,19.23,10.42,18.75,29.17,27.27,18.18,,,,,,,,,,,,,,
746459,2024-06-22,2024,570482,R,689672,R,field_out,False,False,122.0,0.304,16.0,13.11,5.0,4.1,0.736,0.09600000000000003,19.38,9.8,17.15,26.95,34.09,13.01,175.0,0.276,30.0,17.14,9.0,5.14,0.653,0.061,20.55,11.01,13.8,24.82,34.39,12.39,17.0,0.25,2.0,11.76,1.0,5.88,0.794,0.25,19.23,10.42,18.75,29.17,27.27,18.18,,,,,,,,,,,,,,
746459,2024-06-22,2024,657757,L,669438,R,field_out,False,False,224.0,0.24,37.0,16.52,29.0,12.95,0.746,0.16100000000000003,21.14,9.08,18.59,27.67,27.95,12.59,324.0,0.212,58.0,17.9,28.0,8.64,0.63,0.1369999999999999,20.44,9.67,14.66,24.33,29.35,14.25,26.0,0.385,1.0,3.85,0.0,0.0,1.154,0.384,12.96,7.29,7.29,14.58,30.0,4.35,99.0,0.337,18.0,18.18,8.0,8.08,0.984,0.2589999999999999,25.12,12.89,12.41,25.3,29.55,12.59
746459,2024-06-22,2024,683734,R,669438,R,field_out,False,False,230.0,0.227,56.0,24.35,15.0,6.52,0.661,0.147,22.07,10.54,17.6,28.14,30.29,20.0,474.0,0.267,109.0,23.0,29.0,6.12,0.774,0.18,26.24,11.95,18.94,30.89,30.92,21.51,47.0,0.256,11.0,23.4,3.0,6.38,0.8540000000000001,0.279,32.99,16.75,13.61,30.37,31.31,16.92,155.0,0.262,23.0,14.84,9.0,5.81,0.796,0.2199999999999999,22.46,11.46,14.6,26.06,25.61,16.08
746459,2024-06-22,2024,657557,R,669438,R,field_out,False,False,186.0,0.262,57.0,30.65,6.0,3.23,0.8180000000000001,0.244,32.27,18.91,9.6,28.51,33.64,24.78,281.0,0.203,86.0,30.6,12.0,4.27,0.603,0.1539999999999999,36.49,19.09,15.38,34.47,35.28,34.68,47.0,0.256,11.0,23.4,3.0,6.38,0.8540000000000001,0.279,32.99,16.75,13.61,30.37,31.31,16.92,155.0,0.262,23.0,14.84,9.0,5.81,0.796,0.2199999999999999,22.46,11.46,14.6,26.06,25.61,16.08
746459,2024-06-22,2024,672761,L,605121,R,field_out,False,False,164.0,0.242,35.0,21.34,13.0,7.93,0.6699999999999999,0.127,21.16,9.39,20.15,29.55,26.85,16.75,,,,,,,,,,,,,,,20.0,0.176,5.0,25.0,2.0,10.0,0.476,0.0,20.0,9.33,16.0,25.33,27.5,21.74,,,,,,,,,,,,,,
746459,2024-06-22,2024,669234,R,605121,R,field_out,False,False,41.0,0.167,16.0,39.02,4.0,9.76,0.605,0.19399999999999998,39.29,17.93,18.48,36.41,17.5,23.53,,,,,,,,,,,,,,,49.0,0.293,12.0,24.49,7.0,14.29,0.871,0.17000000000000004,36.05,15.74,18.27,34.01,35.4,16.18,,,,,,,,,,,,,,
746459,2024-06-22,2024,668670,R,605121,R,walk,False,True,103.0,0.214,34.0,33.01,3.0,2.91,0.619,0.153,34.83,16.36,19.0,35.36,25.7,31.48,259.0,0.215,84.0,32.43,20.0,7.72,0.676,0.18,31.32,14.43,18.81,33.23,22.13,28.38,49.0,0.293,12.0,24.49,7.0,14.29,0.871,0.17000000000000004,36.05,15.74,18.27,34.01,35.4,16.18,,,,,,,,,,,,,,
746459,2024-06-22,2024,668952,R,605121,R,strikeout,True,False,13.0,0.091,4.0,30.77,1.0,7.69,0.258,0.0,33.33,12.96,25.93,38.89,15.38,18.18,9.0,0.111,3.0,33.33,0.0,0.0,0.222,0.0,33.33,15.79,28.95,44.74,45.0,21.43,49.0,0.293,12.0,24.49,7.0,14.29,0.871,0.17000000000000004,36.05,15.74,18.27,34.01,35.4,16.18,,,,,,,,,,,,,,
746459,2024-06-22,2024,686676,R,669438,R,field_out,False,False,140.0,0.226,42.0,30.0,6.0,4.29,0.635,0.15,39.86,23.32,10.28,33.6,35.19,24.85,47.0,0.116,12.0,25.53,4.0,8.51,0.4,0.0929999999999999,33.71,18.07,13.25,31.33,34.15,23.53,47.0,0.256,11.0,23.4,3.0,6.38,0.8540000000000001,0.279,32.99,16.75,13.61,30.37,31.31,16.92,155.0,0.262,23.0,14.84,9.0,5.81,0.796,0.2199999999999999,22.46,11.46,14.6,26.06,25.61,16.08
746459,2024-06-22,2024,670032,L,669438,R,field_out,False,False,191.0,0.228,31.0,16.23,15.0,7.85,0.5569999999999999,0.035,18.18,8.93,15.77,24.7,27.25,17.61,212.0,0.228,33.0,15.57,24.0,11.32,0.647,0.089,22.47,10.7,16.47,27.16,26.6,14.22,26.0,0.385,1.0,3.85,0.0,0.0,1.154,0.384,12.96,7.29,7.29,14.58,30.0,4.35,99.0,0.337,18.0,18.18,8.0,8.08,0.984,0.2589999999999999,25.12,12.89,12.41,25.3,29.55,12.59
746459,2024-06-22,2024,672820,R,669438,R,field_out,False,False,76.0,0.194,22.0,28.95,2.0,2.63,0.46299999999999997,0.04199999999999998,26.95,13.72,20.94,34.66,39.37,26.51,123.0,0.178,30.0,24.39,2.0,1.63,0.504,0.136,24.69,13.05,16.81,29.87,39.56,22.39,47.0,0.256,11.0,23.4,3.0,6.38,0.8540000000000001,0.279,32.99,16.75,13.61,30.37,31.31,16.92,155.0,0.262,23.0,14.84,9.0,5.81,0.796,0.2199999999999999,22.46,11.46,14.6,26.06,25.61,16.08
746459,2024-06-22,2024,663837,R,605154,R,single,False,False,179.0,0.251,41.0,22.91,9.0,5.03,0.7769999999999999,0.23399999999999999,20.97,8.99,20.47,29.46,19.57,17.98,383.0,0.26,92.0,24.02,29.0,7.57,0.724,0.14,21.06,9.23,21.95,31.18,28.67,18.31,63.0,0.276,16.0,25.4,4.0,6.35,0.712,0.10299999999999998,29.92,15.97,12.61,28.57,40.0,21.62,107.0,0.221,29.0,27.1,8.0,7.48,0.674,0.179,26.61,12.86,15.74,28.6,25.99,16.96
746459,2024-06-22,2024,690993,L,605154,R,double,False,False,206.0,0.234,35.0,16.99,11.0,5.34,0.6,0.08399999999999999,22.38,10.71,16.93,27.65,33.0,17.59,,,,,,,,,,,,,,,53.0,0.2,18.0,33.96,2.0,3.77,0.685,0.24,23.89,10.8,20.0,30.8,24.58,18.37,55.0,0.204,18.0,32.73,6.0,10.91,0.699,0.204,29.13,12.99,17.75,30.74,29.63,24.32
746459,2024-06-22,2024,682985,L,605154,R,field_out,False,False,245.0,0.279,65.0,26.53,34.0,13.88,0.91,0.25,28.47,11.71,17.52,29.23,21.02,22.89,323.0,0.291,84.0,26.01,28.0,8.67,0.826,0.182,27.26,12.45,16.06,28.52,24.68,20.14,53.0,0.2,18.0,33.96,2.0,3.77,0.685,0.24,23.89,10.8,20.0,30.8,24.58,18.37,55.0,0.204,18.0,32.73,6.0,10.91,0.699,0.204,29.13,12.99,17.75,30.74,29.63,24.32
746459,2024-06-22,2024,592192,R,605154,R,field_out,False,False,222.0,0.232,46.0,20.72,21.0,9.46,0.672,0.11000000000000001,22.66,9.06,23.44,32.5,21.41,17.76,341.0,0.261,56.0,16.42,28.0,8.21,0.721,0.1079999999999999,18.91,7.86,21.98,29.84,23.71,13.49,63.0,0.276,16.0,25.4,4.0,6.35,0.712,0.10299999999999998,29.92,15.97,12.61,28.57,40.0,21.62,107.0,0.221,29.0,27.1,8.0,7.48,0.674,0.179,26.61,12.86,15.74,28.6,25.99,16.96
746459,2024-06-22,2024,570482,R,605154,R,strikeout,True,False,122.0,0.304,16.0,13.11,5.0,4.1,0.736,0.09600000000000003,19.38,9.8,17.15,26.95,34.09,13.01,175.0,0.276,30.0,17.14,9.0,5.14,0.653,0.061,20.55,11.01,13.8,24.82,34.39,12.39,63.0,0.276,16.0,25.4,4.0,6.35,0.712,0.10299999999999998,29.92,15.97,12.61,28.57,40.0,21.62,107.0,0.221,29.0,27.1,8.0,7.48,0.674,0.179,26.61,12.86,15.74,28.6,25.99,16.96
746459,2024-06-22,2024,502054,R,571946,R,field_out,False,False,130.0,0.289,26.0,20.0,9.0,6.92,0.726,0.09900000000000003,23.47,9.65,21.43,31.08,18.88,17.93,304.0,0.262,71.0,23.36,28.0,9.21,0.767,0.173,26.61,10.98,19.38,30.37,21.23,21.19,47.0,0.25,8.0,17.02,4.0,8.51,0.79,0.2,18.52,8.93,14.29,23.21,26.25,21.62,88.0,0.139,19.0,21.59,6.0,6.82,0.424,0.0759999999999999,21.29,9.73,19.47,29.2,26.71,19.59
746459,2024-06-22,2024,643217,L,571946,R,strikeout,True,False,174.0,0.235,25.0,14.37,10.0,5.75,0.6160000000000001,0.10500000000000004,17.1,8.31,17.24,25.55,25.52,13.66,486.0,0.261,67.0,13.79,42.0,8.64,0.67,0.082,19.05,9.13,14.74,23.87,26.13,13.62,43.0,0.103,13.0,30.23,2.0,4.65,0.371,0.128,31.58,14.81,20.99,35.8,31.17,28.26,76.0,0.129,23.0,30.26,13.0,17.11,0.563,0.145,31.54,12.46,19.15,31.61,18.95,25.27
746459,2024-06-22,2024,673357,R,571946,R,field_out,False,False,72.0,0.194,27.0,37.5,5.0,6.94,0.787,0.343,34.39,17.42,16.13,33.55,32.9,24.32,477.0,0.252,132.0,27.67,25.0,5.24,0.8340000000000001,0.279,32.83,18.94,10.59,29.53,40.07,24.77,47.0,0.25,8.0,17.02,4.0,8.51,0.79,0.2,18.52,8.93,14.29,23.21,26.25,21.62,88.0,0.139,19.0,21.59,6.0,6.82,0.424,0.0759999999999999,21.29,9.73,19.47,29.2,26.71,19.59
746459,2024-06-22,2024,672761,L,656629,R,strikeout,True,False,164.0,0.242,35.0,21.34,13.0,7.93,0.6699999999999999,0.127,21.16,9.39,20.15,29.55,26.85,16.75,,,,,,,,,,,,,,,66.0,0.185,26.0,39.39,9.0,13.64,0.6699999999999999,0.16699999999999998,36.76,17.67,18.02,35.69,27.42,27.96,291.0,0.231,73.0,25.09,50.0,17.18,0.815,0.213,30.04,12.39,14.67,27.06,25.1,22.64
746459,2024-06-22,2024,669234,R,656629,R,field_out,False,False,41.0,0.167,16.0,39.02,4.0,9.76,0.605,0.19399999999999998,39.29,17.93,18.48,36.41,17.5,23.53,,,,,,,,,,,,,,,71.0,0.288,18.0,25.35,9.0,12.68,0.8999999999999999,0.20400000000000001,25.19,11.56,17.69,29.25,27.78,17.31,300.0,0.245,61.0,20.33,41.0,13.67,0.859,0.249,23.75,10.21,17.43,27.63,24.11,17.39
746459,2024-06-22,2024,668670,R,656629,R,single,False,False,103.0,0.214,34.0,33.01,3.0,2.91,0.619,0.153,34.83,16.36,19.0,35.36,25.7,31.48,259.0,0.215,84.0,32.43,20.0,7.72,0.676,0.18,31.32,14.43,18.81,33.23,22.13,28.38,71.0,0.288,18.0,25.35,9.0,12.68,0.8999999999999999,0.20400000000000001,25.19,11.56,17.69,29.25,27.78,17.31,300.0,0.245,61.0,20.33,41.0,13.67,0.859,0.249,23.75,10.21,17.43,27.63,24.11,17.39
746459,2024-06-22,2024,668731,L,656629,R,walk,False,True,39.0,0.129,8.0,20.51,7.0,17.95,0.605,0.194,32.88,15.89,9.93,25.83,28.92,22.22,347.0,0.218,87.0,25.07,42.0,12.1,0.688,0.158,25.51,11.78,14.66,26.44,24.86,21.97,66.0,0.185,26.0,39.39,9.0,13.64,0.6699999999999999,0.16699999999999998,36.76,17.67,18.02,35.69,27.42,27.96,291.0,0.231,73.0,25.09,50.0,17.18,0.815,0.213,30.04,12.39,14.67,27.06,25.1,22.64
746459,2024-06-22,2024,663837,R,656629,R,strikeout,True,False,179.0,0.251,41.0,22.91,9.0,5.03,0.7769999999999999,0.23399999999999999,20.97,8.99,20.47,29.46,19.57,17.98,383.0,0.26,92.0,24.02,29.0,7.57,0.724,0.14,21.06,9.23,21.95,31.18,28.67,18.31,71.0,0.288,18.0,25.35,9.0,12.68,0.8999999999999999,0.20400000000000001,25.19,11.56,17.69,29.25,27.78,17.31,300.0,0.245,61.0,20.33,41.0,13.67,0.859,0.249,23.75,10.21,17.43,27.63,24.11,17.39
744997,2024-06-22,2024,624428,L,592351,R,field_out,False,False,139.0,0.211,28.0,20.14,14.0,10.07,0.619,0.10600000000000001,17.95,8.43,18.59,27.02,27.96,14.14,392.0,0.248,60.0,15.31,26.0,6.63,0.7090000000000001,0.158,19.43,9.43,17.73,27.16,29.49,14.18,137.0,0.283,30.0,21.9,16.0,11.68,0.8320000000000001,0.18400000000000005,21.14,9.54,15.96,25.5,22.56,19.35,335.0,0.25,69.0,20.6,35.0,10.45,0.753,0.1709999999999999,23.27,11.0,15.21,26.21,28.53,18.96
744997,2024-06-22,2024,677951,R,592351,R,field_out,False,False,285.0,0.322,48.0,16.84,22.0,7.72,0.929,0.23200000000000004,23.83,11.65,14.68,26.33,29.7,16.78,547.0,0.27,93.0,17.0,33.0,6.03,0.8,0.2149999999999999,22.15,10.87,15.53,26.4,29.62,14.44,142.0,0.239,35.0,24.65,3.0,2.11,0.5589999999999999,0.065,31.86,17.74,13.96,31.7,39.77,20.47,324.0,0.262,73.0,22.53,19.0,5.86,0.6970000000000001,0.1169999999999999,29.56,16.06,15.52,31.58,36.67,22.88
744997,2024-06-22,2024,686469,L,592351,R,field_out,False,False,243.0,0.229,32.0,13.17,29.0,11.93,0.741,0.18599999999999997,13.43,5.88,16.21,22.09,26.97,12.6,188.0,0.251,23.0,12.23,15.0,7.98,0.784,0.217,14.85,7.02,17.48,24.5,34.8,10.0,137.0,0.283,30.0,21.9,16.0,11.68,0.8320000000000001,0.18400000000000005,21.14,9.54,15.96,25.5,22.56,19.35,335.0,0.25,69.0,20.6,35.0,10.45,0.753,0.1709999999999999,23.27,11.0,15.21,26.21,28.53,18.96
744997,2024-06-22,2024,543760,R,608379,R,field_out,False,False,232.0,0.219,34.0,14.66,20.0,8.62,0.6459999999999999,0.13799999999999998,21.31,11.0,13.5,24.5,26.01,16.19,544.0,0.273,77.0,14.15,52.0,9.56,0.8360000000000001,0.2199999999999999,18.01,8.45,14.48,22.93,21.97,13.9,149.0,0.228,24.0,16.11,10.0,6.71,0.605,0.088,19.35,9.33,14.68,24.01,26.78,13.87,293.0,0.216,64.0,21.84,20.0,6.83,0.665,0.174,22.12,10.87,16.43,27.3,30.4,17.17
744997,2024-06-22,2024,608369,L,608379,R,strikeout,True,False,188.0,0.26,20.0,10.64,32.0,17.02,0.882,0.23399999999999999,19.63,9.44,8.26,17.7,23.28,12.27,370.0,0.333,55.0,14.86,42.0,11.35,1.075,0.334,23.9,12.77,6.35,19.12,27.26,15.8,134.0,0.281,32.0,23.88,10.0,7.46,0.796,0.182,23.56,10.93,17.53,28.45,27.04,23.31,262.0,0.233,60.0,22.9,23.0,8.78,0.671,0.1359999999999999,27.45,12.74,17.4,30.14,29.39,18.02
744997,2024-06-22,2024,669701,L,608379,R,field_out,False,False,189.0,0.293,29.0,15.34,18.0,9.52,0.843,0.16400000000000003,17.4,8.14,18.34,26.48,23.63,12.78,200.0,0.194,46.0,23.0,19.0,9.5,0.623,0.13,20.71,8.96,19.58,28.54,22.65,15.97,134.0,0.281,32.0,23.88,10.0,7.46,0.796,0.182,23.56,10.93,17.53,28.45,27.04,23.31,262.0,0.233,60.0,22.9,23.0,8.78,0.671,0.1359999999999999,27.45,12.74,17.4,30.14,29.39,18.02
744997,2024-06-22,2024,521692,R,592351,R,field_out,False,False,232.0,0.28,44.0,18.97,18.0,7.76,0.824,0.18899999999999995,26.23,15.02,9.27,24.3,43.39,15.71,437.0,0.264,100.0,22.88,11.0,2.52,0.73,0.174,30.72,18.16,9.73,27.89,45.56,22.08,142.0,0.239,35.0,24.65,3.0,2.11,0.5589999999999999,0.065,31.86,17.74,13.96,31.7,39.77,20.47,324.0,0.262,73.0,22.53,19.0,5.86,0.6970000000000001,0.1169999999999999,29.56,16.06,15.52,31.58,36.67,22.88
744997,2024-06-22,2024,679845,R,592351,R,strikeout,True,False,81.0,0.203,14.0,17.28,10.0,12.35,0.546,0.04299999999999998,19.51,8.36,17.42,25.78,21.62,18.42,44.0,0.279,7.0,15.91,1.0,2.27,0.667,0.0929999999999999,20.0,9.64,16.87,26.51,25.61,14.29,142.0,0.239,35.0,24.65,3.0,2.11,0.5589999999999999,0.065,31.86,17.74,13.96,31.7,39.77,20.47,324.0,0.262,73.0,22.53,19.0,5.86,0.6970000000000001,0.1169999999999999,29.56,16.06,15.52,31.58,36.67,22.88
744997,2024-06-22,2024,669004,L,592351,R,strikeout,True,False,191.0,0.19,51.0,26.7,16.0,8.38,0.6759999999999999,0.22399999999999998,29.91,15.33,12.1,27.43,26.96,17.29,459.0,0.239,122.0,26.58,55.0,11.98,0.752,0.181,32.7,15.24,15.56,30.8,24.84,20.68,137.0,0.283,30.0,21.9,16.0,11.68,0.8320000000000001,0.18400000000000005,21.14,9.54,15.96,25.5,22.56,19.35,335.0,0.25,69.0,20.6,35.0,10.45,0.753,0.1709999999999999,23.27,11.0,15.21,26.21,28.53,18.96
744997,2024-06-22,2024,666969,R,608379,R,single,False,False,200.0,0.202,53.0,26.5,13.0,6.5,0.648,0.186,35.31,18.1,11.76,29.85,34.24,25.36,480.0,0.245,138.0,28.75,41.0,8.54,0.8260000000000001,0.264,31.65,15.93,13.92,29.85,32.02,21.97,149.0,0.228,24.0,16.11,10.0,6.71,0.605,0.088,19.35,9.33,14.68,24.01,26.78,13.87,293.0,0.216,64.0,21.84,20.0,6.83,0.665,0.174,22.12,10.87,16.43,27.3,30.4,17.17
744997,2024-06-22,2024,663993,L,608379,R,walk,False,True,147.0,0.262,26.0,17.69,18.0,12.24,0.727,0.11099999999999999,15.06,6.38,17.84,24.22,26.15,13.98,505.0,0.279,113.0,22.38,69.0,13.66,0.833,0.172,19.81,8.64,15.62,24.26,19.45,16.87,134.0,0.281,32.0,23.88,10.0,7.46,0.796,0.182,23.56,10.93,17.53,28.45,27.04,23.31,262.0,0.233,60.0,22.9,23.0,8.78,0.671,0.1359999999999999,27.45,12.74,17.4,30.14,29.39,18.02
744997,2024-06-22,2024,694671,R,608379,R,field_out,False,False,157.0,0.26,29.0,18.47,10.0,6.37,0.654,0.08200000000000002,20.76,9.35,18.07,27.41,23.78,14.15,,,,,,,,,,,,,,,149.0,0.228,24.0,16.11,10.0,6.71,0.605,0.088,19.35,9.33,14.68,24.01,26.78,13.87,293.0,0.216,64.0,21.84,20.0,6.83,0.665,0.174,22.12,10.87,16.43,27.3,30.4,17.17
744997,2024-06-22,2024,641680,L,608379,R,strikeout,True,False,177.0,0.23,38.0,21.47,11.0,6.21,0.615,0.10300000000000001,21.6,11.06,13.79,24.85,32.54,22.09,411.0,0.243,82.0,19.95,33.0,8.03,0.733,0.185,23.06,11.69,13.75,25.44,29.36,17.15,134.0,0.281,32.0,23.88,10.0,7.46,0.796,0.182,23.56,10.93,17.53,28.45,27.04,23.31,262.0,0.233,60.0,22.9,23.0,8.78,0.671,0.1359999999999999,27.45,12.74,17.4,30.14,29.39,18.02
744997,2024-06-22,2024,608671,L,608379,R,field_out,False,False,106.0,0.235,21.0,19.81,6.0,5.66,0.588,0.061,16.32,7.28,21.13,28.4,20.83,15.33,256.0,0.269,37.0,14.45,32.0,12.5,0.698,0.064,14.4,5.5,22.1,27.6,16.03,15.16,134.0,0.281,32.0,23.88,10.0,7.46,0.796,0.182,23.56,10.93,17.53,28.45,27.04,23.31,262.0,0.233,60.0,22.9,23.0,8.78,0.671,0.1359999999999999,27.45,12.74,17.4,30.14,29.39,18.02
744997,2024-06-22,2024,672580,R,592351,R,field_out,False,False,274.0,0.237,52.0,18.98,21.0,7.66,0.619,0.08800000000000002,19.46,8.56,20.57,29.13,22.02,17.99,400.0,0.258,94.0,23.5,33.0,8.25,0.648,0.071,20.3,8.71,19.59,28.3,19.12,19.96,142.0,0.239,35.0,24.65,3.0,2.11,0.5589999999999999,0.065,31.86,17.74,13.96,31.7,39.77,20.47,324.0,0.262,73.0,22.53,19.0,5.86,0.6970000000000001,0.1169999999999999,29.56,16.06,15.52,31.58,36.67,22.88
744997,2024-06-22,2024,666023,R,592351,R,field_out,False,False,100.0,0.269,21.0,21.0,7.0,7.0,0.739,0.14999999999999997,26.09,13.64,13.38,27.02,32.84,16.54,169.0,0.288,36.0,21.3,9.0,5.33,0.785,0.174,23.9,13.04,10.79,23.84,30.17,16.22,142.0,0.239,35.0,24.65,3.0,2.11,0.5589999999999999,0.065,31.86,17.74,13.96,31.7,39.77,20.47,324.0,0.262,73.0,22.53,19.0,5.86,0.6970000000000001,0.1169999999999999,29.56,16.06,15.52,31.58,36.67,22.88
744997,2024-06-22,2024,641658,R,592351,R,single,False,False,54.0,0.294,17.0,31.48,2.0,3.7,0.654,0.039000000000000035,23.81,11.68,18.22,29.91,25.0,23.61,170.0,0.282,45.0,26.47,14.0,8.24,0.74,0.107,24.75,10.81,20.44,31.26,25.39,22.06,142.0,0.239,35.0,24.65,3.0,2.11,0.5589999999999999,0.065,31.86,17.74,13.96,31.7,39.77,20.47,324.0,0.262,73.0,22.53,19.0,5.86,0.6970000000000001,0.1169999999999999,29.56,16.06,15.52,31.58,36.67,22.88
744997,2024-06-22,2024,624428,L,592351,R,single,False,False,139.0,0.211,28.0,20.14,14.0,10.07,0.619,0.10600000000000001,17.95,8.43,18.59,27.02,27.96,14.14,392.0,0.248,60.0,15.31,26.0,6.63,0.7090000000000001,0.158,19.43,9.43,17.73,27.16,29.49,14.18,137.0,0.283,30.0,21.9,16.0,11.68,0.8320000000000001,0.18400000000000005,21.14,9.54,15.96,25.5,22.56,19.35,335.0,0.25,69.0,20.6,35.0,10.45,0.753,0.1709999999999999,23.27,11.0,15.21,26.21,28.53,18.96
744997,2024-06-22,2024,677951,R,592351,R,field_out,False,False,285.0,0.322,48.0,16.84,22.0,7.72,0.929,0.23200000000000004,23.83,11.65,14.68,26.33,29.7,16.78,547.0,0.27,93.0,17.0,33.0,6.03,0.8,0.2149999999999999,22.15,10.87,15.53,26.4,29.62,14.44,142.0,0.239,35.0,24.65,3.0,2.11,0.5589999999999999,0.065,31.86,17.74,13.96,31.7,39.77,20.47,324.0,0.262,73.0,22.53,19.0,5.86,0.6970000000000001,0.1169999999999999,29.56,16.06,15.52,31.58,36.67,22.88
744997,2024-06-22,2024,665750,L,608379,R,field_out,False,False,182.0,0.22,36.0,19.78,14.0,7.69,0.637,0.13699999999999998,23.12,11.7,15.06,26.75,31.59,17.82,405.0,0.275,86.0,21.23,25.0,6.17,0.767,0.174,24.9,12.5,15.05,27.55,29.44,18.34,134.0,0.281,32.0,23.88,10.0,7.46,0.796,0.182,23.56,10.93,17.53,28.45,27.04,23.31,262.0,0.233,60.0,22.9,23.0,8.78,0.671,0.1359999999999999,27.45,12.74,17.4,30.14,29.39,18.02
744997,2024-06-22,2024,543760,R,608379,R,field_out,False,False,232.0,0.219,34.0,14.66,20.0,8.62,0.6459999999999999,0.13799999999999998,21.31,11.0,13.5,24.5,26.01,16.19,544.0,0.273,77.0,14.15,52.0,9.56,0.8360000000000001,0.2199999999999999,18.01,8.45,14.48,22.93,21.97,13.9,149.0,0.228,24.0,16.11,10.0,6.71,0.605,0.088,19.35,9.33,14.68,24.01,26.78,13.87,293.0,0.216,64.0,21.84,20.0,6.83,0.665,0.174,22.12,10.87,16.43,27.3,30.4,17.17
744997,2024-06-22,2024,608369,L,608379,R,strikeout,True,False,188.0,0.26,20.0,10.64,32.0,17.02,0.882,0.23399999999999999,19.63,9.44,8.26,17.7,23.28,12.27,370.0,0.333,55.0,14.86,42.0,11.35,1.075,0.334,23.9,12.77,6.35,19.12,27.26,15.8,134.0,0.281,32.0,23.88,10.0,7.46,0.796,0.182,23.56,10.93,17.53,28.45,27.04,23.31,262.0,0.233,60.0,22.9,23.0,8.78,0.671,0.1359999999999999,27.45,12.74,17.4,30.14,29.39,18.02
744997,2024-06-22,2024,686469,L,592351,R,field_out,False,False,243.0,0.229,32.0,13.17,29.0,11.93,0.741,0.18599999999999997,13.43,5.88,16.21,22.09,26.97,12.6,188.0,0.251,23.0,12.23,15.0,7.98,0.784,0.217,14.85,7.02,17.48,24.5,34.8,10.0,137.0,0.283,30.0,21.9,16.0,11.68,0.8320000000000001,0.18400000000000005,21.14,9.54,15.96,25.5,22.56,19.35,335.0,0.25,69.0,20.6,35.0,10.45,0.753,0.1709999999999999,23.27,11.0,15.21,26.21,28.53,18.96
744997,2024-06-22,2024,521692,R,592351,R,field_out,False,False,232.0,0.28,44.0,18.97,18.0,7.76,0.824,0.18899999999999995,26.23,15.02,9.27,24.3,43.39,15.71,437.0,0.264,100.0,22.88,11.0,2.52,0.73,0.174,30.72,18.16,9.73,27.89,45.56,22.08,142.0,0.239,35.0,24.65,3.0,2.11,0.5589999999999999,0.065,31.86,17.74,13.96,31.7,39.77,20.47,324.0,0.262,73.0,22.53,19.0,5.86,0.6970000000000001,0.1169999999999999,29.56,16.06,15.52,31.58,36.67,22.88
744997,2024-06-22,2024,679845,R,592351,R,field_out,False,False,81.0,0.203,14.0,17.28,10.0,12.35,0.546,0.04299999999999998,19.51,8.36,17.42,25.78,21.62,18.42,44.0,0.279,7.0,15.91,1.0,2.27,0.667,0.0929999999999999,20.0,9.64,16.87,26.51,25.61,14.29,142.0,0.239,35.0,24.65,3.0,2.11,0.5589999999999999,0.065,31.86,17.74,13.96,31.7,39.77,20.47,324.0,0.262,73.0,22.53,19.0,5.86,0.6970000000000001,0.1169999999999999,29.56,16.06,15.52,31.58,36.67,22.88
744997,2024-06-22,2024,669701,L,608379,R,home_run,False,False,189.0,0.293,29.0,15.34,18.0,9.52,0.843,0.16400000000000003,17.4,8.14,18.34,26.48,23.63,12.78,200.0,0.194,46.0,23.0,19.0,9.5,0.623,0.13,20.71,8.96,19.58,28.54,22.65,15.97,134.0,0.281,32.0,23.88,10.0,7.46,0.796,0.182,23.56,10.93,17.53,28.45,27.04,23.31,262.0,0.233,60.0,22.9,23.0,8.78,0.671,0.1359999999999999,27.45,12.74,17.4,30.14,29.39,18.02
744997,2024-06-22,2024,666969,R,608379,R,strikeout,True,False,200.0,0.202,53.0,26.5,13.0,6.5,0.648,0.186,35.31,18.1,11.76,29.85,34.24,25.36,480.0,0.245,138.0,28.75,41.0,8.54,0.8260000000000001,0.264,31.65,15.93,13.92,29.85,32.02,21.97,149.0,0.228,24.0,16.11,10.0,6.71,0.605,0.088,19.35,9.33,14.68,24.01,26.78,13.87,293.0,0.216,64.0,21.84,20.0,6.83,0.665,0.174,22.12,10.87,16.43,27.3,30.4,17.17
744997,2024-06-22,2024,663993,L,608379,R,field_out,False,False,147.0,0.262,26.0,17.69,18.0,12.24,0.727,0.11099999999999999,15.06,6.38,17.84,24.22,26.15,13.98,505.0,0.279,113.0,22.38,69.0,13.66,0.833,0.172,19.81,8.64,15.62,24.26,19.45,16.87,134.0,0.281,32.0,23.88,10.0,7.46,0.796,0.182,23.56,10.93,17.53,28.45,27.04,23.31,262.0,0.233,60.0,22.9,23.0,8.78,0.671,0.1359999999999999,27.45,12.74,17.4,30.14,29.39,18.02
744997,2024-06-22,2024,694671,R,608379,R,single,False,False,157.0,0.26,29.0,18.47,10.0,6.37,0.654,0.08200000000000002,20.76,9.35,18.07,27.41,23.78,14.15,,,,,,,,,,,,,,,149.0,0.228,24.0,16.11,10.0,6.71,0.605,0.088,19.35,9.33,14.68,24.01,26.78,13.87,293.0,0.216,64.0,21.84,20.0,6.83,0.665,0.174,22.12,10.87,16.43,27.3,30.4,17.17
744997,2024-06-22,2024,641680,L,608379,R,field_out,False,False,177.0,0.23,38.0,21.47,11.0,6.21,0.615,0.10300000000000001,21.6,11.06,13.79,24.85,32.54,22.09,411.0,0.243,82.0,19.95,33.0,8.03,0.733,0.185,23.06,11.69,13.75,25.44,29.36,17.15,134.0,0.281,32.0,23.88,10.0,7.46,0.796,0.182,23.56,10.93,17.53,28.45,27.04,23.31,262.0,0.233,60.0,22.9,23.0,8.78,0.671,0.1359999999999999,27.45,12.74,17.4,30.14,29.39,18.02
744997,2024-06-22,2024,669004,L,592351,R,field_out,False,False,191.0,0.19,51.0,26.7,16.0,8.38,0.6759999999999999,0.22399999999999998,29.91,15.33,12.1,27.43,26.96,17.29,459.0,0.239,122.0,26.58,55.0,11.98,0.752,0.181,32.7,15.24,15.56,30.8,24.84,20.68,137.0,0.283,30.0,21.9,16.0,11.68,0.8320000000000001,0.18400000000000005,21.14,9.54,15.96,25.5,22.56,19.35,335.0,0.25,69.0,20.6,35.0,10.45,0.753,0.1709999999999999,23.27,11.0,15.21,26.21,28.53,18.96
744997,2024-06-22,2024,672580,R,592351,R,field_out,False,False,274.0,0.237,52.0,18.98,21.0,7.66,0.619,0.08800000000000002,19.46,8.56,20.57,29.13,22.02,17.99,400.0,0.258,94.0,23.5,33.0,8.25,0.648,0.071,20.3,8.71,19.59,28.3,19.12,19.96,142.0,0.239,35.0,24.65,3.0,2.11,0.5589999999999999,0.065,31.86,17.74,13.96,31.7,39.77,20.47,324.0,0.262,73.0,22.53,19.0,5.86,0.6970000000000001,0.1169999999999999,29.56,16.06,15.52,31.58,36.67,22.88
744997,2024-06-22,2024,666023,R,592351,R,field_out,False,False,100.0,0.269,21.0,21.0,7.0,7.0,0.739,0.14999999999999997,26.09,13.64,13.38,27.02,32.84,16.54,169.0,0.288,36.0,21.3,9.0,5.33,0.785,0.174,23.9,13.04,10.79,23.84,30.17,16.22,142.0,0.239,35.0,24.65,3.0,2.11,0.5589999999999999,0.065,31.86,17.74,13.96,31.7,39.77,20.47,324.0,0.262,73.0,22.53,19.0,5.86,0.6970000000000001,0.1169999999999999,29.56,16.06,15.52,31.58,36.67,22.88
744997,2024-06-22,2024,608671,L,608379,R,field_out,False,False,106.0,0.235,21.0,19.81,6.0,5.66,0.588,0.061,16.32,7.28,21.13,28.4,20.83,15.33,256.0,0.269,37.0,14.45,32.0,12.5,0.698,0.064,14.4,5.5,22.1,27.6,16.03,15.16,134.0,0.281,32.0,23.88,10.0,7.46,0.796,0.182,23.56,10.93,17.53,28.45,27.04,23.31,262.0,0.233,60.0,22.9,23.0,8.78,0.671,0.1359999999999999,27.45,12.74,17.4,30.14,29.39,18.02
744997,2024-06-22,2024,665750,L,608379,R,strikeout,True,False,182.0,0.22,36.0,19.78,14.0,7.69,0.637,0.13699999999999998,23.12,11.7,15.06,26.75,31.59,17.82,405.0,0.275,86.0,21.23,25.0,6.17,0.767,0.174,24.9,12.5,15.05,27.55,29.44,18.34,134.0,0.281,32.0,23.88,10.0,7.46,0.796,0.182,23.56,10.93,17.53,28.45,27.04,23.31,262.0,0.233,60.0,22.9,23.0,8.78,0.671,0.1359999999999999,27.45,12.74,17.4,30.14,29.39,18.02
744997,2024-06-22,2024,543760,R,608379,R,field_out,False,False,232.0,0.219,34.0,14.66,20.0,8.62,0.6459999999999999,0.13799999999999998,21.31,11.0,13.5,24.5,26.01,16.19,544.0,0.273,77.0,14.15,52.0,9.56,0.8360000000000001,0.2199999999999999,18.01,8.45,14.48,22.93,21.97,13.9,149.0,0.228,24.0,16.11,10.0,6.71,0.605,0.088,19.35,9.33,14.68,24.01,26.78,13.87,293.0,0.216,64.0,21.84,20.0,6.83,0.665,0.174,22.12,10.87,16.43,27.3,30.4,17.17
744997,2024-06-22,2024,641658,R,592351,R,strikeout,True,False,54.0,0.294,17.0,31.48,2.0,3.7,0.654,0.039000000000000035,23.81,11.68,18.22,29.91,25.0,23.61,170.0,0.282,45.0,26.47,14.0,8.24,0.74,0.107,24.75,10.81,20.44,31.26,25.39,22.06,142.0,0.239,35.0,24.65,3.0,2.11,0.5589999999999999,0.065,31.86,17.74,13.96,31.7,39.77,20.47,324.0,0.262,73.0,22.53,19.0,5.86,0.6970000000000001,0.1169999999999999,29.56,16.06,15.52,31.58,36.67,22.88
744997,2024-06-22,2024,624428,L,592351,R,field_out,False,False,139.0,0.211,28.0,20.14,14.0,10.07,0.619,0.10600000000000001,17.95,8.43,18.59,27.02,27.96,14.14,392.0,0.248,60.0,15.31,26.0,6.63,0.7090000000000001,0.158,19.43,9.43,17.73,27.16,29.49,14.18,137.0,0.283,30.0,21.9,16.0,11.68,0.8320000000000001,0.18400000000000005,21.14,9.54,15.96,25.5,22.56,19.35,335.0,0.25,69.0,20.6,35.0,10.45,0.753,0.1709999999999999,23.27,11.0,15.21,26.21,28.53,18.96
744997,2024-06-22,2024,677951,R,592351,R,field_out,False,False,285.0,0.322,48.0,16.84,22.0,7.72,0.929,0.23200000000000004,23.83,11.65,14.68,26.33,29.7,16.78,547.0,0.27,93.0,17.0,33.0,6.03,0.8,0.2149999999999999,22.15,10.87,15.53,26.4,29.62,14.44,142.0,0.239,35.0,24.65,3.0,2.11,0.5589999999999999,0.065,31.86,17.74,13.96,31.7,39.77,20.47,324.0,0.262,73.0,22.53,19.0,5.86,0.6970000000000001,0.1169999999999999,29.56,16.06,15.52,31.58,36.67,22.88
744997,2024-06-22,2024,608369,L,519293,L,field_out,False,False,93.0,0.239,29.0,31.18,1.0,1.08,0.606,0.12,27.22,15.41,11.32,26.73,29.79,36.71,166.0,0.314,33.0,19.88,7.0,4.22,0.881,0.218,27.65,15.41,9.68,25.09,30.66,22.92,36.0,0.147,10.0,27.78,1.0,2.78,0.34299999999999997,0.028999999999999998,31.82,14.38,19.18,33.56,32.0,23.26,66.0,0.177,19.0,28.79,4.0,6.06,0.453,0.049,34.85,17.97,15.23,33.2,37.14,21.95
744997,2024-06-22,2024,669701,L,519293,L,single,False,False,66.0,0.316,17.0,25.76,5.0,7.58,0.839,0.123,26.09,12.5,16.67,29.17,26.36,22.97,33.0,0.12,9.0,27.27,6.0,18.18,0.6930000000000001,0.24,26.09,9.3,20.93,30.23,19.44,31.03,36.0,0.147,10.0,27.78,1.0,2.78,0.34299999999999997,0.028999999999999998,31.82,14.38,19.18,33.56,32.0,23.26,66.0,0.177,19.0,28.79,4.0,6.06,0.453,0.049,34.85,17.97,15.23,33.2,37.14,21.95
744997,2024-06-22,2024,666969,R,519293,L,field_out,False,False,93.0,0.235,27.0,29.03,8.0,8.6,0.733,0.197,27.69,15.98,9.47,25.44,33.74,27.27,152.0,0.244,37.0,24.34,24.0,15.79,0.866,0.26,31.62,13.61,14.56,28.16,22.03,21.26,63.0,0.333,7.0,11.11,7.0,11.11,0.919,0.16699999999999998,23.16,10.38,14.62,25.0,22.77,16.67,161.0,0.224,36.0,22.36,13.0,8.07,0.683,0.171,26.4,12.8,16.48,29.28,32.28,20.34
744997,2024-06-22,2024,663993,L,519293,L,field_out,False,False,69.0,0.254,18.0,26.09,9.0,13.04,0.6359999999999999,0.033999999999999975,19.7,8.18,21.38,29.56,23.84,14.88,219.0,0.223,52.0,23.74,24.0,10.96,0.643,0.109,22.66,9.89,18.18,28.07,24.2,19.48,36.0,0.147,10.0,27.78,1.0,2.78,0.34299999999999997,0.028999999999999998,31.82,14.38,19.18,33.56,32.0,23.26,66.0,0.177,19.0,28.79,4.0,6.06,0.453,0.049,34.85,17.97,15.23,33.2,37.14,21.95
744997,2024-06-22,2024,686469,L,656641,L,strikeout,True,False,58.0,0.269,7.0,12.07,2.0,3.45,0.6970000000000001,0.135,19.27,9.09,19.48,28.57,30.91,10.0,72.0,0.233,8.0,11.11,10.0,13.89,0.697,0.1169999999999999,25.44,10.86,18.35,29.21,25.19,14.29,51.0,0.227,13.0,25.49,7.0,13.73,0.674,0.11400000000000002,26.85,11.98,14.46,26.45,23.73,15.48,5.0,0.0,2.0,40.0,0.0,0.0,0.0,0.0,10.0,4.35,17.39,21.74,28.57,28.57
744997,2024-06-22,2024,521692,R,656641,L,field_out,False,False,69.0,0.306,12.0,17.39,6.0,8.7,0.829,0.14600000000000002,30.88,17.72,10.97,28.69,46.61,18.46,146.0,0.227,35.0,23.97,8.0,5.48,0.6659999999999999,0.144,28.96,17.6,9.44,27.04,51.15,18.82,76.0,0.191,14.0,18.42,7.0,9.21,0.526,0.059,30.07,15.54,12.16,27.7,37.42,15.38,17.0,0.071,3.0,17.65,3.0,17.65,0.306,0.0,34.29,16.44,15.07,31.51,34.04,11.54
744997,2024-06-22,2024,679845,R,656641,L,strikeout,True,False,26.0,0.4,2.0,7.69,4.0,15.38,1.05,0.15000000000000002,10.0,4.35,15.22,19.57,25.0,7.69,24.0,0.421,5.0,20.83,3.0,12.5,1.079,0.1579999999999999,24.32,10.71,14.29,25.0,18.18,26.32,76.0,0.191,14.0,18.42,7.0,9.21,0.526,0.059,30.07,15.54,12.16,27.7,37.42,15.38,17.0,0.071,3.0,17.65,3.0,17.65,0.306,0.0,34.29,16.44,15.07,31.51,34.04,11.54
744997,2024-06-22,2024,694671,R,608717,R,field_out,False,False,157.0,0.26,29.0,18.47,10.0,6.37,0.654,0.08200000000000002,20.76,9.35,18.07,27.41,23.78,14.15,,,,,,,,,,,,,,,84.0,0.141,19.0,22.62,10.0,11.9,0.5349999999999999,0.141,27.34,12.06,16.51,28.57,24.22,27.94,234.0,0.242,46.0,19.66,11.0,4.7,0.679,0.158,22.17,11.23,16.08,27.31,29.37,16.37
744997,2024-06-22,2024,641680,L,608717,R,walk,False,True,177.0,0.23,38.0,21.47,11.0,6.21,0.615,0.10300000000000001,21.6,11.06,13.79,24.85,32.54,22.09,411.0,0.243,82.0,19.95,33.0,8.03,0.733,0.185,23.06,11.69,13.75,25.44,29.36,17.15,48.0,0.231,10.0,20.83,9.0,18.75,0.606,0.0,22.62,9.0,18.48,27.49,26.32,16.95,104.0,0.191,35.0,33.65,14.0,13.46,0.59,0.1009999999999999,21.74,8.85,21.02,29.87,22.5,22.88
744997,2024-06-22,2024,608671,L,608717,R,fielders_choice,False,False,106.0,0.235,21.0,19.81,6.0,5.66,0.588,0.061,16.32,7.28,21.13,28.4,20.83,15.33,256.0,0.269,37.0,14.45,32.0,12.5,0.698,0.064,14.4,5.5,22.1,27.6,16.03,15.16,48.0,0.231,10.0,20.83,9.0,18.75,0.606,0.0,22.62,9.0,18.48,27.49,26.32,16.95,104.0,0.191,35.0,33.65,14.0,13.46,0.59,0.1009999999999999,21.74,8.85,21.02,29.87,22.5,22.88
744997,2024-06-22,2024,665750,L,608717,R,grounded_into_double_play,False,False,182.0,0.22,36.0,19.78,14.0,7.69,0.637,0.13699999999999998,23.12,11.7,15.06,26.75,31.59,17.82,405.0,0.275,86.0,21.23,25.0,6.17,0.767,0.174,24.9,12.5,15.05,27.55,29.44,18.34,48.0,0.231,10.0,20.83,9.0,18.75,0.606,0.0,22.62,9.0,18.48,27.49,26.32,16.95,104.0,0.191,35.0,33.65,14.0,13.46,0.59,0.1009999999999999,21.74,8.85,21.02,29.87,22.5,22.88
744997,2024-06-22,2024,669004,L,502085,R,strikeout,True,False,191.0,0.19,51.0,26.7,16.0,8.38,0.6759999999999999,0.22399999999999998,29.91,15.33,12.1,27.43,26.96,17.29,459.0,0.239,122.0,26.58,55.0,11.98,0.752,0.181,32.7,15.24,15.56,30.8,24.84,20.68,63.0,0.123,26.0,41.27,5.0,7.94,0.434,0.10500000000000001,29.36,12.21,22.14,34.35,27.13,29.55,130.0,0.226,36.0,27.69,14.0,10.77,0.6719999999999999,0.1309999999999999,29.0,12.74,19.01,31.75,30.96,22.64
744997,2024-06-22,2024,672580,R,502085,R,strikeout,True,False,274.0,0.237,52.0,18.98,21.0,7.66,0.619,0.08800000000000002,19.46,8.56,20.57,29.13,22.02,17.99,400.0,0.258,94.0,23.5,33.0,8.25,0.648,0.071,20.3,8.71,19.59,28.3,19.12,19.96,73.0,0.274,24.0,32.88,7.0,9.59,0.716,0.08099999999999996,33.33,12.67,22.95,35.62,23.97,28.92,139.0,0.216,42.0,30.22,11.0,7.91,0.6419999999999999,0.1359999999999999,33.2,15.06,18.51,33.58,26.3,26.42
744997,2024-06-22,2024,666023,R,502085,R,field_out,False,False,100.0,0.269,21.0,21.0,7.0,7.0,0.739,0.14999999999999997,26.09,13.64,13.38,27.02,32.84,16.54,169.0,0.288,36.0,21.3,9.0,5.33,0.785,0.174,23.9,13.04,10.79,23.84,30.17,16.22,73.0,0.274,24.0,32.88,7.0,9.59,0.716,0.08099999999999996,33.33,12.67,22.95,35.62,23.97,28.92,139.0,0.216,42.0,30.22,11.0,7.91,0.6419999999999999,0.1359999999999999,33.2,15.06,18.51,33.58,26.3,26.42
744997,2024-06-22,2024,543760,R,672582,L,single,False,False,100.0,0.33,14.0,14.0,9.0,9.0,0.9500000000000001,0.23000000000000004,18.29,8.51,14.1,22.61,23.23,15.73,210.0,0.283,33.0,15.71,20.0,9.52,0.8009999999999999,0.156,18.13,8.56,14.97,23.53,20.61,16.58,72.0,0.262,11.0,15.28,7.0,9.72,0.687,0.09199999999999997,15.83,6.53,19.93,26.46,15.38,14.1,134.0,0.301,25.0,18.66,6.0,4.48,0.896,0.244,20.0,10.06,12.9,22.96,25.67,15.72
744997,2024-06-22,2024,608369,L,672582,L,single,False,False,93.0,0.239,29.0,31.18,1.0,1.08,0.606,0.12,27.22,15.41,11.32,26.73,29.79,36.71,166.0,0.314,33.0,19.88,7.0,4.22,0.881,0.218,27.65,15.41,9.68,25.09,30.66,22.92,45.0,0.238,13.0,28.89,1.0,2.22,0.505,0.0,14.47,6.21,24.29,30.51,26.03,25.49,48.0,0.196,11.0,22.92,2.0,4.17,0.4679999999999999,0.0429999999999999,19.77,9.44,18.33,27.78,22.37,20.37
744997,2024-06-22,2024,669701,L,672582,L,sac_bunt,False,False,66.0,0.316,17.0,25.76,5.0,7.58,0.839,0.123,26.09,12.5,16.67,29.17,26.36,22.97,33.0,0.12,9.0,27.27,6.0,18.18,0.6930000000000001,0.24,26.09,9.3,20.93,30.23,19.44,31.03,45.0,0.238,13.0,28.89,1.0,2.22,0.505,0.0,14.47,6.21,24.29,30.51,26.03,25.49,48.0,0.196,11.0,22.92,2.0,4.17,0.4679999999999999,0.0429999999999999,19.77,9.44,18.33,27.78,22.37,20.37
744997,2024-06-22,2024,666969,R,672582,L,fielders_choice,False,False,93.0,0.235,27.0,29.03,8.0,8.6,0.733,0.197,27.69,15.98,9.47,25.44,33.74,27.27,152.0,0.244,37.0,24.34,24.0,15.79,0.866,0.26,31.62,13.61,14.56,28.16,22.03,21.26,72.0,0.262,11.0,15.28,7.0,9.72,0.687,0.09199999999999997,15.83,6.53,19.93,26.46,15.38,14.1,134.0,0.301,25.0,18.66,6.0,4.48,0.896,0.244,20.0,10.06,12.9,22.96,25.67,15.72
744997,2024-06-22,2024,663993,L,672582,L,walk,False,True,69.0,0.254,18.0,26.09,9.0,13.04,0.6359999999999999,0.033999999999999975,19.7,8.18,21.38,29.56,23.84,14.88,219.0,0.223,52.0,23.74,24.0,10.96,0.643,0.109,22.66,9.89,18.18,28.07,24.2,19.48,45.0,0.238,13.0,28.89,1.0,2.22,0.505,0.0,14.47,6.21,24.29,30.51,26.03,25.49,48.0,0.196,11.0,22.92,2.0,4.17,0.4679999999999999,0.0429999999999999,19.77,9.44,18.33,27.78,22.37,20.37
744997,2024-06-22,2024,694671,R,672582,L,home_run,False,False,50.0,0.209,14.0,28.0,5.0,10.0,0.6719999999999999,0.163,28.41,11.31,20.36,31.67,23.08,19.18,,,,,,,,,,,,,,,72.0,0.262,11.0,15.28,7.0,9.72,0.687,0.09199999999999997,15.83,6.53,19.93,26.46,15.38,14.1,134.0,0.301,25.0,18.66,6.0,4.48,0.896,0.244,20.0,10.06,12.9,22.96,25.67,15.72
744997,2024-06-22,2024,641680,L,623433,R,strikeout,True,False,177.0,0.23,38.0,21.47,11.0,6.21,0.615,0.10300000000000001,21.6,11.06,13.79,24.85,32.54,22.09,411.0,0.243,82.0,19.95,33.0,8.03,0.733,0.185,23.06,11.69,13.75,25.44,29.36,17.15,60.0,0.196,9.0,15.0,8.0,13.33,0.575,0.07900000000000001,25.51,10.96,15.79,26.75,21.19,16.98,58.0,0.14,17.0,29.31,1.0,1.72,0.366,0.0709999999999999,32.46,17.7,20.1,37.8,39.36,23.61
744997,2024-06-22,2024,608671,L,623433,R,strikeout,True,False,106.0,0.235,21.0,19.81,6.0,5.66,0.588,0.061,16.32,7.28,21.13,28.4,20.83,15.33,256.0,0.269,37.0,14.45,32.0,12.5,0.698,0.064,14.4,5.5,22.1,27.6,16.03,15.16,60.0,0.196,9.0,15.0,8.0,13.33,0.575,0.07900000000000001,25.51,10.96,15.79,26.75,21.19,16.98,58.0,0.14,17.0,29.31,1.0,1.72,0.366,0.0709999999999999,32.46,17.7,20.1,37.8,39.36,23.61
744997,2024-06-22,2024,641658,R,656271,L,strikeout,True,False,56.0,0.28,14.0,25.0,5.0,8.93,0.745,0.12,22.68,10.95,14.93,25.87,20.45,27.45,82.0,0.264,22.0,26.83,9.0,10.98,0.707,0.0969999999999999,30.16,12.62,19.93,32.56,26.03,28.95,16.0,0.286,4.0,25.0,2.0,12.5,0.804,0.14300000000000002,34.48,16.13,12.9,29.03,22.58,26.67,167.0,0.261,29.0,17.37,6.0,3.59,0.792,0.236,20.63,12.02,10.94,22.96,32.86,13.36
744997,2024-06-22,2024,676369,R,656271,L,single,False,False,69.0,0.237,19.0,27.54,8.0,11.59,0.706,0.136,34.06,16.15,12.71,28.87,23.03,21.11,54.0,0.184,15.0,27.78,5.0,9.26,0.708,0.265,29.81,14.62,15.57,30.19,30.09,20.0,16.0,0.286,4.0,25.0,2.0,12.5,0.804,0.14300000000000002,34.48,16.13,12.9,29.03,22.58,26.67,167.0,0.261,29.0,17.37,6.0,3.59,0.792,0.236,20.63,12.02,10.94,22.96,32.86,13.36
744997,2024-06-22,2024,677951,R,656271,L,field_out,False,False,56.0,0.302,9.0,16.07,2.0,3.57,0.812,0.189,20.56,10.38,15.57,25.94,37.39,15.0,147.0,0.297,28.0,19.05,7.0,4.76,0.8620000000000001,0.232,24.92,13.58,12.91,26.49,35.1,14.07,16.0,0.286,4.0,25.0,2.0,12.5,0.804,0.14300000000000002,34.48,16.13,12.9,29.03,22.58,26.67,167.0,0.261,29.0,17.37,6.0,3.59,0.792,0.236,20.63,12.02,10.94,22.96,32.86,13.36
744997,2024-06-22,2024,686469,L,656271,L,strikeout,True,False,58.0,0.269,7.0,12.07,2.0,3.45,0.6970000000000001,0.135,19.27,9.09,19.48,28.57,30.91,10.0,72.0,0.233,8.0,11.11,10.0,13.89,0.697,0.1169999999999999,25.44,10.86,18.35,29.21,25.19,14.29,12.0,0.455,5.0,41.67,0.0,0.0,1.409,0.454,35.0,18.42,15.79,34.21,33.33,55.56,83.0,0.291,23.0,27.71,3.0,3.61,0.731,0.127,26.62,13.26,17.92,31.18,24.58,31.08
746863,2024-06-22,2024,596019,L,592791,R,strikeout,True,False,251.0,0.228,48.0,19.12,19.0,7.57,0.6930000000000001,0.169,23.14,11.11,15.83,26.94,25.39,17.98,483.0,0.242,102.0,21.12,51.0,10.56,0.757,0.182,23.68,11.49,14.35,25.84,28.12,17.29,128.0,0.27,22.0,17.19,13.0,10.16,0.7529999999999999,0.13899999999999996,14.73,6.37,18.92,25.29,25.0,13.5,326.0,0.266,63.0,19.33,32.0,9.82,0.8540000000000001,0.248,19.32,8.96,15.81,24.77,25.19,16.36
746863,2024-06-22,2024,607043,L,592791,R,strikeout,True,False,226.0,0.238,57.0,25.22,34.0,15.04,0.776,0.16700000000000004,23.54,9.69,17.08,26.77,20.4,17.81,448.0,0.266,98.0,21.88,60.0,13.39,0.874,0.235,20.87,8.67,19.47,28.14,19.23,16.42,128.0,0.27,22.0,17.19,13.0,10.16,0.7529999999999999,0.13899999999999996,14.73,6.37,18.92,25.29,25.0,13.5,326.0,0.266,63.0,19.33,32.0,9.82,0.8540000000000001,0.248,19.32,8.96,15.81,24.77,25.19,16.36
746863,2024-06-22,2024,502110,R,592791,R,single,False,False,138.0,0.26,42.0,30.43,9.0,6.52,0.774,0.20500000000000002,29.17,14.84,15.02,29.86,32.01,21.65,343.0,0.27,106.0,30.9,21.0,6.12,0.8799999999999999,0.2979999999999999,35.71,19.2,12.73,31.93,33.23,24.42,134.0,0.268,21.0,15.67,3.0,2.24,0.642,0.09399999999999997,19.26,10.47,17.15,27.62,33.85,16.41,330.0,0.252,77.0,23.33,9.0,2.73,0.653,0.124,24.68,12.85,17.91,30.76,34.04,20.87
746863,2024-06-22,2024,624413,R,592791,R,field_out,False,False,239.0,0.255,48.0,20.08,23.0,9.62,0.799,0.21200000000000002,23.1,10.25,19.41,29.66,28.63,17.94,475.0,0.214,109.0,22.95,44.0,9.26,0.8069999999999999,0.281,26.53,11.43,18.24,29.67,27.59,22.11,134.0,0.268,21.0,15.67,3.0,2.24,0.642,0.09399999999999997,19.26,10.47,17.15,27.62,33.85,16.41,330.0,0.252,77.0,23.33,9.0,2.73,0.653,0.124,24.68,12.85,17.91,30.76,34.04,20.87
746863,2024-06-22,2024,663538,R,656731,R,walk,False,True,225.0,0.236,21.0,9.33,20.0,8.89,0.652,0.09600000000000003,12.97,5.95,21.44,27.39,31.51,9.63,508.0,0.274,63.0,12.4,40.0,7.87,0.72,0.0979999999999999,13.4,6.0,20.67,26.67,29.91,12.21,56.0,0.255,17.0,30.36,4.0,7.14,0.654,0.07800000000000001,34.91,15.88,19.31,35.19,27.97,22.97,281.0,0.277,44.0,15.66,27.0,9.61,0.798,0.1649999999999999,21.37,9.49,16.31,25.81,22.89,15.17
746863,2024-06-22,2024,683737,L,656731,R,force_out,False,False,215.0,0.258,73.0,33.95,28.0,13.02,0.8200000000000001,0.20400000000000001,33.58,14.9,15.44,30.34,24.07,25.09,66.0,0.158,21.0,31.82,8.0,12.12,0.556,0.1399999999999999,29.79,14.48,13.45,27.93,28.39,21.0,78.0,0.212,20.0,25.64,9.0,11.54,0.619,0.091,24.16,12.12,10.44,22.56,25.81,25.97,287.0,0.287,61.0,21.25,31.0,10.8,0.806,0.151,25.34,11.46,14.41,25.87,24.17,18.48
746863,2024-06-22,2024,641355,L,656731,R,walk,False,True,189.0,0.228,33.0,17.46,19.0,10.05,0.725,0.18499999999999997,25.07,12.52,13.25,25.77,32.54,19.41,373.0,0.291,58.0,15.55,27.0,7.24,0.829,0.198,20.08,10.01,15.91,25.92,29.71,13.74,78.0,0.212,20.0,25.64,9.0,11.54,0.619,0.091,24.16,12.12,10.44,22.56,25.81,25.97,287.0,0.287,61.0,21.25,31.0,10.8,0.806,0.151,25.34,11.46,14.41,25.87,24.17,18.48
746863,2024-06-22,2024,673548,R,656731,R,single,False,False,158.0,0.279,47.0,29.75,11.0,6.96,0.799,0.178,27.48,11.04,21.17,32.21,22.85,21.66,419.0,0.278,102.0,24.34,41.0,9.79,0.839,0.2129999999999999,24.3,9.93,20.44,30.37,19.3,20.2,56.0,0.255,17.0,30.36,4.0,7.14,0.654,0.07800000000000001,34.91,15.88,19.31,35.19,27.97,22.97,281.0,0.277,44.0,15.66,27.0,9.61,0.798,0.1649999999999999,21.37,9.49,16.31,25.81,22.89,15.17
746863,2024-06-22,2024,664023,L,656731,R,field_out,False,False,225.0,0.234,65.0,28.89,32.0,14.22,0.7629999999999999,0.17599999999999996,28.24,12.39,16.45,28.83,22.41,19.76,502.0,0.258,109.0,21.71,80.0,15.94,0.831,0.192,25.86,11.22,15.24,26.46,20.31,17.34,78.0,0.212,20.0,25.64,9.0,11.54,0.619,0.091,24.16,12.12,10.44,22.56,25.81,25.97,287.0,0.287,61.0,21.25,31.0,10.8,0.806,0.151,25.34,11.46,14.41,25.87,24.17,18.48
746863,2024-06-22,2024,666624,R,656731,R,single,False,False,234.0,0.203,53.0,22.65,26.0,11.11,0.671,0.16799999999999998,30.46,13.88,14.54,28.42,25.05,20.54,329.0,0.247,105.0,31.91,27.0,8.21,0.798,0.239,38.21,19.07,13.74,32.81,29.43,27.56,56.0,0.255,17.0,30.36,4.0,7.14,0.654,0.07800000000000001,34.91,15.88,19.31,35.19,27.97,22.97,281.0,0.277,44.0,15.66,27.0,9.61,0.798,0.1649999999999999,21.37,9.49,16.31,25.81,22.89,15.17
746863,2024-06-22,2024,621020,R,656731,R,double,False,False,198.0,0.211,53.0,26.77,16.0,8.08,0.634,0.145,31.4,14.84,15.46,30.3,23.64,22.27,478.0,0.244,111.0,23.22,49.0,10.25,0.734,0.161,28.04,13.13,15.12,28.26,23.34,18.66,56.0,0.255,17.0,30.36,4.0,7.14,0.654,0.07800000000000001,34.91,15.88,19.31,35.19,27.97,22.97,281.0,0.277,44.0,15.66,27.0,9.61,0.798,0.1649999999999999,21.37,9.49,16.31,25.81,22.89,15.17
746863,2024-06-22,2024,691718,L,656731,R,triple,False,False,95.0,0.2,23.0,24.21,5.0,5.26,0.532,0.08199999999999996,23.94,14.29,10.64,24.93,41.11,17.83,15.0,0.0,6.0,40.0,2.0,13.33,0.154,0.0,44.44,26.67,8.33,35.0,23.08,27.27,78.0,0.212,20.0,25.64,9.0,11.54,0.619,0.091,24.16,12.12,10.44,22.56,25.81,25.97,287.0,0.287,61.0,21.25,31.0,10.8,0.806,0.151,25.34,11.46,14.41,25.87,24.17,18.48
746863,2024-06-22,2024,621512,R,656731,R,field_out,False,False,54.0,0.264,9.0,16.67,1.0,1.85,0.7310000000000001,0.189,29.09,17.49,12.02,29.51,38.37,16.67,35.0,0.121,9.0,25.71,1.0,2.86,0.268,0.0,35.82,22.22,12.04,34.26,50.91,34.62,56.0,0.255,17.0,30.36,4.0,7.14,0.654,0.07800000000000001,34.91,15.88,19.31,35.19,27.97,22.97,281.0,0.277,44.0,15.66,27.0,9.61,0.798,0.1649999999999999,21.37,9.49,16.31,25.81,22.89,15.17
746863,2024-06-22,2024,621466,L,592791,R,strikeout,True,False,133.0,0.198,29.0,21.8,23.0,17.29,0.73,0.179,29.91,12.14,15.75,27.89,13.79,20.57,136.0,0.273,43.0,31.62,10.0,7.35,0.92,0.3059999999999999,35.89,18.63,10.49,29.11,25.44,24.85,128.0,0.27,22.0,17.19,13.0,10.16,0.7529999999999999,0.13899999999999996,14.73,6.37,18.92,25.29,25.0,13.5,326.0,0.266,63.0,19.33,32.0,9.82,0.8540000000000001,0.248,19.32,8.96,15.81,24.77,25.19,16.36
746863,2024-06-22,2024,516782,R,592791,R,field_out,False,False,189.0,0.257,39.0,20.63,11.0,5.82,0.6799999999999999,0.12,26.9,13.28,17.75,31.02,30.54,19.4,245.0,0.238,51.0,20.82,11.0,4.49,0.611,0.079,28.63,15.5,14.75,30.25,37.87,18.35,134.0,0.268,21.0,15.67,3.0,2.24,0.642,0.09399999999999997,19.26,10.47,17.15,27.62,33.85,16.41,330.0,0.252,77.0,23.33,9.0,2.73,0.653,0.124,24.68,12.85,17.91,30.76,34.04,20.87
746863,2024-06-22,2024,682626,R,592791,R,strikeout,True,False,61.0,0.271,15.0,24.59,2.0,3.28,0.651,0.08499999999999996,35.77,19.38,14.98,34.36,34.62,19.48,275.0,0.229,73.0,26.55,17.0,6.18,0.7769999999999999,0.257,32.18,14.61,18.33,32.94,27.78,26.07,134.0,0.268,21.0,15.67,3.0,2.24,0.642,0.09399999999999997,19.26,10.47,17.15,27.62,33.85,16.41,330.0,0.252,77.0,23.33,9.0,2.73,0.653,0.124,24.68,12.85,17.91,30.76,34.04,20.87
746863,2024-06-22,2024,663538,R,656731,R,strikeout,True,False,225.0,0.236,21.0,9.33,20.0,8.89,0.652,0.09600000000000003,12.97,5.95,21.44,27.39,31.51,9.63,508.0,0.274,63.0,12.4,40.0,7.87,0.72,0.0979999999999999,13.4,6.0,20.67,26.67,29.91,12.21,56.0,0.255,17.0,30.36,4.0,7.14,0.654,0.07800000000000001,34.91,15.88,19.31,35.19,27.97,22.97,281.0,0.277,44.0,15.66,27.0,9.61,0.798,0.1649999999999999,21.37,9.49,16.31,25.81,22.89,15.17
746863,2024-06-22,2024,683737,L,656731,R,strikeout,True,False,215.0,0.258,73.0,33.95,28.0,13.02,0.8200000000000001,0.20400000000000001,33.58,14.9,15.44,30.34,24.07,25.09,66.0,0.158,21.0,31.82,8.0,12.12,0.556,0.1399999999999999,29.79,14.48,13.45,27.93,28.39,21.0,78.0,0.212,20.0,25.64,9.0,11.54,0.619,0.091,24.16,12.12,10.44,22.56,25.81,25.97,287.0,0.287,61.0,21.25,31.0,10.8,0.806,0.151,25.34,11.46,14.41,25.87,24.17,18.48
746863,2024-06-22,2024,641355,L,656731,R,walk,False,True,189.0,0.228,33.0,17.46,19.0,10.05,0.725,0.18499999999999997,25.07,12.52,13.25,25.77,32.54,19.41,373.0,0.291,58.0,15.55,27.0,7.24,0.829,0.198,20.08,10.01,15.91,25.92,29.71,13.74,78.0,0.212,20.0,25.64,9.0,11.54,0.619,0.091,24.16,12.12,10.44,22.56,25.81,25.97,287.0,0.287,61.0,21.25,31.0,10.8,0.806,0.151,25.34,11.46,14.41,25.87,24.17,18.48
746863,2024-06-22,2024,673548,R,656731,R,strikeout,True,False,158.0,0.279,47.0,29.75,11.0,6.96,0.799,0.178,27.48,11.04,21.17,32.21,22.85,21.66,419.0,0.278,102.0,24.34,41.0,9.79,0.839,0.2129999999999999,24.3,9.93,20.44,30.37,19.3,20.2,56.0,0.255,17.0,30.36,4.0,7.14,0.654,0.07800000000000001,34.91,15.88,19.31,35.19,27.97,22.97,281.0,0.277,44.0,15.66,27.0,9.61,0.798,0.1649999999999999,21.37,9.49,16.31,25.81,22.89,15.17
746863,2024-06-22,2024,643446,L,592791,R,field_out,False,False,180.0,0.205,20.0,11.11,16.0,8.89,0.583,0.093,13.27,6.85,14.01,20.86,28.04,12.05,447.0,0.26,48.0,10.74,25.0,5.59,0.6930000000000001,0.1149999999999999,14.08,7.59,11.21,18.8,32.05,12.57,128.0,0.27,22.0,17.19,13.0,10.16,0.7529999999999999,0.13899999999999996,14.73,6.37,18.92,25.29,25.0,13.5,326.0,0.266,63.0,19.33,32.0,9.82,0.8540000000000001,0.248,19.32,8.96,15.81,24.77,25.19,16.36
746863,2024-06-22,2024,578428,R,592791,R,field_out,False,False,12.0,0.364,1.0,8.33,1.0,8.33,0.7809999999999999,0.0,8.33,4.55,11.36,15.91,28.57,7.14,,,,,,,,,,,,,,,134.0,0.268,21.0,15.67,3.0,2.24,0.642,0.09399999999999997,19.26,10.47,17.15,27.62,33.85,16.41,330.0,0.252,77.0,23.33,9.0,2.73,0.653,0.124,24.68,12.85,17.91,30.76,34.04,20.87
746863,2024-06-22,2024,596019,L,592791,R,field_out,False,False,251.0,0.228,48.0,19.12,19.0,7.57,0.6930000000000001,0.169,23.14,11.11,15.83,26.94,25.39,17.98,483.0,0.242,102.0,21.12,51.0,10.56,0.757,0.182,23.68,11.49,14.35,25.84,28.12,17.29,128.0,0.27,22.0,17.19,13.0,10.16,0.7529999999999999,0.13899999999999996,14.73,6.37,18.92,25.29,25.0,13.5,326.0,0.266,63.0,19.33,32.0,9.82,0.8540000000000001,0.248,19.32,8.96,15.81,24.77,25.19,16.36
746863,2024-06-22,2024,664023,L,656731,R,strikeout,True,False,225.0,0.234,65.0,28.89,32.0,14.22,0.7629999999999999,0.17599999999999996,28.24,12.39,16.45,28.83,22.41,19.76,502.0,0.258,109.0,21.71,80.0,15.94,0.831,0.192,25.86,11.22,15.24,26.46,20.31,17.34,78.0,0.212,20.0,25.64,9.0,11.54,0.619,0.091,24.16,12.12,10.44,22.56,25.81,25.97,287.0,0.287,61.0,21.25,31.0,10.8,0.806,0.151,25.34,11.46,14.41,25.87,24.17,18.48
746863,2024-06-22,2024,666624,R,656731,R,home_run,False,False,234.0,0.203,53.0,22.65,26.0,11.11,0.671,0.16799999999999998,30.46,13.88,14.54,28.42,25.05,20.54,329.0,0.247,105.0,31.91,27.0,8.21,0.798,0.239,38.21,19.07,13.74,32.81,29.43,27.56,56.0,0.255,17.0,30.36,4.0,7.14,0.654,0.07800000000000001,34.91,15.88,19.31,35.19,27.97,22.97,281.0,0.277,44.0,15.66,27.0,9.61,0.798,0.1649999999999999,21.37,9.49,16.31,25.81,22.89,15.17
746863,2024-06-22,2024,621020,R,656731,R,strikeout,True,False,198.0,0.211,53.0,26.77,16.0,8.08,0.634,0.145,31.4,14.84,15.46,30.3,23.64,22.27,478.0,0.244,111.0,23.22,49.0,10.25,0.734,0.161,28.04,13.13,15.12,28.26,23.34,18.66,56.0,0.255,17.0,30.36,4.0,7.14,0.654,0.07800000000000001,34.91,15.88,19.31,35.19,27.97,22.97,281.0,0.277,44.0,15.66,27.0,9.61,0.798,0.1649999999999999,21.37,9.49,16.31,25.81,22.89,15.17
746863,2024-06-22,2024,691718,L,656731,R,strikeout,True,False,95.0,0.2,23.0,24.21,5.0,5.26,0.532,0.08199999999999996,23.94,14.29,10.64,24.93,41.11,17.83,15.0,0.0,6.0,40.0,2.0,13.33,0.154,0.0,44.44,26.67,8.33,35.0,23.08,27.27,78.0,0.212,20.0,25.64,9.0,11.54,0.619,0.091,24.16,12.12,10.44,22.56,25.81,25.97,287.0,0.287,61.0,21.25,31.0,10.8,0.806,0.151,25.34,11.46,14.41,25.87,24.17,18.48
746863,2024-06-22,2024,607043,L,592791,R,single,False,False,226.0,0.238,57.0,25.22,34.0,15.04,0.776,0.16700000000000004,23.54,9.69,17.08,26.77,20.4,17.81,448.0,0.266,98.0,21.88,60.0,13.39,0.874,0.235,20.87,8.67,19.47,28.14,19.23,16.42,128.0,0.27,22.0,17.19,13.0,10.16,0.7529999999999999,0.13899999999999996,14.73,6.37,18.92,25.29,25.0,13.5,326.0,0.266,63.0,19.33,32.0,9.82,0.8540000000000001,0.248,19.32,8.96,15.81,24.77,25.19,16.36
746863,2024-06-22,2024,502110,R,592791,R,single,False,False,138.0,0.26,42.0,30.43,9.0,6.52,0.774,0.20500000000000002,29.17,14.84,15.02,29.86,32.01,21.65,343.0,0.27,106.0,30.9,21.0,6.12,0.8799999999999999,0.2979999999999999,35.71,19.2,12.73,31.93,33.23,24.42,134.0,0.268,21.0,15.67,3.0,2.24,0.642,0.09399999999999997,19.26,10.47,17.15,27.62,33.85,16.41,330.0,0.252,77.0,23.33,9.0,2.73,0.653,0.124,24.68,12.85,17.91,30.76,34.04,20.87
746863,2024-06-22,2024,624413,R,592791,R,force_out,False,False,239.0,0.255,48.0,20.08,23.0,9.62,0.799,0.21200000000000002,23.1,10.25,19.41,29.66,28.63,17.94,475.0,0.214,109.0,22.95,44.0,9.26,0.8069999999999999,0.281,26.53,11.43,18.24,29.67,27.59,22.11,134.0,0.268,21.0,15.67,3.0,2.24,0.642,0.09399999999999997,19.26,10.47,17.15,27.62,33.85,16.41,330.0,0.252,77.0,23.33,9.0,2.73,0.653,0.124,24.68,12.85,17.91,30.76,34.04,20.87
746863,2024-06-22,2024,621466,L,592791,R,strikeout,True,False,133.0,0.198,29.0,21.8,23.0,17.29,0.73,0.179,29.91,12.14,15.75,27.89,13.79,20.57,136.0,0.273,43.0,31.62,10.0,7.35,0.92,0.3059999999999999,35.89,18.63,10.49,29.11,25.44,24.85,128.0,0.27,22.0,17.19,13.0,10.16,0.7529999999999999,0.13899999999999996,14.73,6.37,18.92,25.29,25.0,13.5,326.0,0.266,63.0,19.33,32.0,9.82,0.8540000000000001,0.248,19.32,8.96,15.81,24.77,25.19,16.36
746863,2024-06-22,2024,621438,R,592791,R,strikeout,True,False,93.0,0.25,19.0,20.43,5.0,5.38,0.6970000000000001,0.14300000000000002,20.11,9.75,19.22,28.97,29.82,16.96,162.0,0.23,37.0,22.84,6.0,3.7,0.706,0.204,25.24,12.91,16.56,29.47,36.98,19.47,134.0,0.268,21.0,15.67,3.0,2.24,0.642,0.09399999999999997,19.26,10.47,17.15,27.62,33.85,16.41,330.0,0.252,77.0,23.33,9.0,2.73,0.653,0.124,24.68,12.85,17.91,30.76,34.04,20.87
746863,2024-06-22,2024,621512,R,664849,L,field_out,False,False,37.0,0.161,12.0,32.43,3.0,8.11,0.42300000000000004,0.033,43.75,25.0,10.0,35.0,38.96,25.53,26.0,0.13,9.0,34.62,1.0,3.85,0.297,0.0,33.93,20.88,6.59,27.47,52.73,29.03,24.0,0.143,7.0,29.17,3.0,12.5,0.631,0.23800000000000002,40.0,17.98,19.1,37.08,43.86,25.0,20.0,0.176,6.0,30.0,1.0,5.0,0.476,0.0,33.33,13.16,21.05,34.21,27.27,26.09
746863,2024-06-22,2024,663538,R,664849,L,field_out,False,False,54.0,0.255,8.0,14.81,6.0,11.11,0.671,0.064,17.02,8.08,17.17,25.25,36.08,14.81,180.0,0.306,20.0,11.11,9.0,5.0,0.756,0.1059999999999999,10.25,4.9,18.57,23.48,32.13,11.7,24.0,0.143,7.0,29.17,3.0,12.5,0.631,0.23800000000000002,40.0,17.98,19.1,37.08,43.86,25.0,20.0,0.176,6.0,30.0,1.0,5.0,0.476,0.0,33.33,13.16,21.05,34.21,27.27,26.09
746863,2024-06-22,2024,683737,L,664849,L,field_out,False,False,28.0,0.308,6.0,21.43,2.0,7.14,0.819,0.15400000000000003,21.43,10.26,17.09,27.35,24.56,15.0,15.0,0.2,6.0,40.0,0.0,0.0,0.467,0.067,32.14,14.06,18.75,32.81,34.21,31.58,11.0,0.2,5.0,45.45,1.0,9.09,0.47300000000000003,0.0,50.0,21.74,15.22,36.96,33.33,50.0,15.0,0.308,5.0,33.33,1.0,6.67,0.785,0.077,24.0,10.17,25.42,35.59,23.08,29.41
746863,2024-06-22,2024,682626,R,592791,R,home_run,False,False,61.0,0.271,15.0,24.59,2.0,3.28,0.651,0.08499999999999996,35.77,19.38,14.98,34.36,34.62,19.48,275.0,0.229,73.0,26.55,17.0,6.18,0.7769999999999999,0.257,32.18,14.61,18.33,32.94,27.78,26.07,134.0,0.268,21.0,15.67,3.0,2.24,0.642,0.09399999999999997,19.26,10.47,17.15,27.62,33.85,16.41,330.0,0.252,77.0,23.33,9.0,2.73,0.653,0.124,24.68,12.85,17.91,30.76,34.04,20.87
746863,2024-06-22,2024,643446,L,592791,R,field_out,False,False,180.0,0.205,20.0,11.11,16.0,8.89,0.583,0.093,13.27,6.85,14.01,20.86,28.04,12.05,447.0,0.26,48.0,10.74,25.0,5.59,0.6930000000000001,0.1149999999999999,14.08,7.59,11.21,18.8,32.05,12.57,128.0,0.27,22.0,17.19,13.0,10.16,0.7529999999999999,0.13899999999999996,14.73,6.37,18.92,25.29,25.0,13.5,326.0,0.266,63.0,19.33,32.0,9.82,0.8540000000000001,0.248,19.32,8.96,15.81,24.77,25.19,16.36
746863,2024-06-22,2024,578428,R,592791,R,field_out,False,False,12.0,0.364,1.0,8.33,1.0,8.33,0.7809999999999999,0.0,8.33,4.55,11.36,15.91,28.57,7.14,,,,,,,,,,,,,,,134.0,0.268,21.0,15.67,3.0,2.24,0.642,0.09399999999999997,19.26,10.47,17.15,27.62,33.85,16.41,330.0,0.252,77.0,23.33,9.0,2.73,0.653,0.124,24.68,12.85,17.91,30.76,34.04,20.87
746863,2024-06-22,2024,596019,L,592791,R,strikeout,True,False,251.0,0.228,48.0,19.12,19.0,7.57,0.6930000000000001,0.169,23.14,11.11,15.83,26.94,25.39,17.98,483.0,0.242,102.0,21.12,51.0,10.56,0.757,0.182,23.68,11.49,14.35,25.84,28.12,17.29,128.0,0.27,22.0,17.19,13.0,10.16,0.7529999999999999,0.13899999999999996,14.73,6.37,18.92,25.29,25.0,13.5,326.0,0.266,63.0,19.33,32.0,9.82,0.8540000000000001,0.248,19.32,8.96,15.81,24.77,25.19,16.36
746863,2024-06-22,2024,641355,L,664849,L,field_out,False,False,81.0,0.354,10.0,12.35,1.0,1.23,0.852,0.14,21.01,11.37,18.04,29.41,38.89,15.62,183.0,0.337,29.0,15.85,13.0,7.1,0.984,0.2589999999999999,20.0,9.84,17.49,27.32,33.33,11.98,11.0,0.2,5.0,45.45,1.0,9.09,0.47300000000000003,0.0,50.0,21.74,15.22,36.96,33.33,50.0,15.0,0.308,5.0,33.33,1.0,6.67,0.785,0.077,24.0,10.17,25.42,35.59,23.08,29.41
746863,2024-06-22,2024,673548,R,605288,R,double,False,False,158.0,0.279,47.0,29.75,11.0,6.96,0.799,0.178,27.48,11.04,21.17,32.21,22.85,21.66,419.0,0.278,102.0,24.34,41.0,9.79,0.839,0.2129999999999999,24.3,9.93,20.44,30.37,19.3,20.2,113.0,0.278,16.0,14.16,13.0,11.5,0.743,0.09299999999999997,15.76,6.63,21.43,28.06,18.23,16.67,261.0,0.277,50.0,19.16,11.0,4.21,0.681,0.0959999999999999,18.24,8.65,19.33,27.98,31.95,16.78
746863,2024-06-22,2024,664023,L,605288,R,field_out,False,False,225.0,0.234,65.0,28.89,32.0,14.22,0.7629999999999999,0.17599999999999996,28.24,12.39,16.45,28.83,22.41,19.76,502.0,0.258,109.0,21.71,80.0,15.94,0.831,0.192,25.86,11.22,15.24,26.46,20.31,17.34,121.0,0.25,14.0,11.57,15.0,12.4,0.754,0.15400000000000003,19.09,9.13,12.17,21.3,23.87,10.61,220.0,0.268,46.0,20.91,23.0,10.45,0.7929999999999999,0.18,19.51,8.22,17.92,26.14,20.53,18.62
746863,2024-06-22,2024,666624,R,605288,R,field_out,False,False,234.0,0.203,53.0,22.65,26.0,11.11,0.671,0.16799999999999998,30.46,13.88,14.54,28.42,25.05,20.54,329.0,0.247,105.0,31.91,27.0,8.21,0.798,0.239,38.21,19.07,13.74,32.81,29.43,27.56,113.0,0.278,16.0,14.16,13.0,11.5,0.743,0.09299999999999997,15.76,6.63,21.43,28.06,18.23,16.67,261.0,0.277,50.0,19.16,11.0,4.21,0.681,0.0959999999999999,18.24,8.65,19.33,27.98,31.95,16.78
746863,2024-06-22,2024,607043,L,592791,R,field_out,False,False,226.0,0.238,57.0,25.22,34.0,15.04,0.776,0.16700000000000004,23.54,9.69,17.08,26.77,20.4,17.81,448.0,0.266,98.0,21.88,60.0,13.39,0.874,0.235,20.87,8.67,19.47,28.14,19.23,16.42,128.0,0.27,22.0,17.19,13.0,10.16,0.7529999999999999,0.13899999999999996,14.73,6.37,18.92,25.29,25.0,13.5,326.0,0.266,63.0,19.33,32.0,9.82,0.8540000000000001,0.248,19.32,8.96,15.81,24.77,25.19,16.36
746863,2024-06-22,2024,502110,R,592791,R,strikeout,True,False,138.0,0.26,42.0,30.43,9.0,6.52,0.774,0.20500000000000002,29.17,14.84,15.02,29.86,32.01,21.65,343.0,0.27,106.0,30.9,21.0,6.12,0.8799999999999999,0.2979999999999999,35.71,19.2,12.73,31.93,33.23,24.42,134.0,0.268,21.0,15.67,3.0,2.24,0.642,0.09399999999999997,19.26,10.47,17.15,27.62,33.85,16.41,330.0,0.252,77.0,23.33,9.0,2.73,0.653,0.124,24.68,12.85,17.91,30.76,34.04,20.87
746863,2024-06-22,2024,624413,R,592791,R,single,False,False,239.0,0.255,48.0,20.08,23.0,9.62,0.799,0.21200000000000002,23.1,10.25,19.41,29.66,28.63,17.94,475.0,0.214,109.0,22.95,44.0,9.26,0.8069999999999999,0.281,26.53,11.43,18.24,29.67,27.59,22.11,134.0,0.268,21.0,15.67,3.0,2.24,0.642,0.09399999999999997,19.26,10.47,17.15,27.62,33.85,16.41,330.0,0.252,77.0,23.33,9.0,2.73,0.653,0.124,24.68,12.85,17.91,30.76,34.04,20.87
746863,2024-06-22,2024,621466,L,592791,R,strikeout,True,False,133.0,0.198,29.0,21.8,23.0,17.29,0.73,0.179,29.91,12.14,15.75,27.89,13.79,20.57,136.0,0.273,43.0,31.62,10.0,7.35,0.92,0.3059999999999999,35.89,18.63,10.49,29.11,25.44,24.85,128.0,0.27,22.0,17.19,13.0,10.16,0.7529999999999999,0.13899999999999996,14.73,6.37,18.92,25.29,25.0,13.5,326.0,0.266,63.0,19.33,32.0,9.82,0.8540000000000001,0.248,19.32,8.96,15.81,24.77,25.19,16.36
746863,2024-06-22,2024,621020,R,605288,R,field_out,False,False,198.0,0.211,53.0,26.77,16.0,8.08,0.634,0.145,31.4,14.84,15.46,30.3,23.64,22.27,478.0,0.244,111.0,23.22,49.0,10.25,0.734,0.161,28.04,13.13,15.12,28.26,23.34,18.66,113.0,0.278,16.0,14.16,13.0,11.5,0.743,0.09299999999999997,15.76,6.63,21.43,28.06,18.23,16.67,261.0,0.277,50.0,19.16,11.0,4.21,0.681,0.0959999999999999,18.24,8.65,19.33,27.98,31.95,16.78
746863,2024-06-22,2024,691718,L,605288,R,single,False,False,95.0,0.2,23.0,24.21,5.0,5.26,0.532,0.08199999999999996,23.94,14.29,10.64,24.93,41.11,17.83,15.0,0.0,6.0,40.0,2.0,13.33,0.154,0.0,44.44,26.67,8.33,35.0,23.08,27.27,121.0,0.25,14.0,11.57,15.0,12.4,0.754,0.15400000000000003,19.09,9.13,12.17,21.3,23.87,10.61,220.0,0.268,46.0,20.91,23.0,10.45,0.7929999999999999,0.18,19.51,8.22,17.92,26.14,20.53,18.62
746863,2024-06-22,2024,621512,R,605288,R,double,False,False,54.0,0.264,9.0,16.67,1.0,1.85,0.7310000000000001,0.189,29.09,17.49,12.02,29.51,38.37,16.67,35.0,0.121,9.0,25.71,1.0,2.86,0.268,0.0,35.82,22.22,12.04,34.26,50.91,34.62,113.0,0.278,16.0,14.16,13.0,11.5,0.743,0.09299999999999997,15.76,6.63,21.43,28.06,18.23,16.67,261.0,0.277,50.0,19.16,11.0,4.21,0.681,0.0959999999999999,18.24,8.65,19.33,27.98,31.95,16.78
746863,2024-06-22,2024,663538,R,605288,R,field_out,False,False,225.0,0.236,21.0,9.33,20.0,8.89,0.652,0.09600000000000003,12.97,5.95,21.44,27.39,31.51,9.63,508.0,0.274,63.0,12.4,40.0,7.87,0.72,0.0979999999999999,13.4,6.0,20.67,26.67,29.91,12.21,113.0,0.278,16.0,14.16,13.0,11.5,0.743,0.09299999999999997,15.76,6.63,21.43,28.06,18.23,16.67,261.0,0.277,50.0,19.16,11.0,4.21,0.681,0.0959999999999999,18.24,8.65,19.33,27.98,31.95,16.78
746863,2024-06-22,2024,683737,L,605288,R,walk,False,True,215.0,0.258,73.0,33.95,28.0,13.02,0.8200000000000001,0.20400000000000001,33.58,14.9,15.44,30.34,24.07,25.09,66.0,0.158,21.0,31.82,8.0,12.12,0.556,0.1399999999999999,29.79,14.48,13.45,27.93,28.39,21.0,121.0,0.25,14.0,11.57,15.0,12.4,0.754,0.15400000000000003,19.09,9.13,12.17,21.3,23.87,10.61,220.0,0.268,46.0,20.91,23.0,10.45,0.7929999999999999,0.18,19.51,8.22,17.92,26.14,20.53,18.62
746863,2024-06-22,2024,641355,L,605288,R,single,False,False,189.0,0.228,33.0,17.46,19.0,10.05,0.725,0.18499999999999997,25.07,12.52,13.25,25.77,32.54,19.41,373.0,0.291,58.0,15.55,27.0,7.24,0.829,0.198,20.08,10.01,15.91,25.92,29.71,13.74,121.0,0.25,14.0,11.57,15.0,12.4,0.754,0.15400000000000003,19.09,9.13,12.17,21.3,23.87,10.61,220.0,0.268,46.0,20.91,23.0,10.45,0.7929999999999999,0.18,19.51,8.22,17.92,26.14,20.53,18.62
746863,2024-06-22,2024,673548,R,605288,R,strikeout,True,False,158.0,0.279,47.0,29.75,11.0,6.96,0.799,0.178,27.48,11.04,21.17,32.21,22.85,21.66,419.0,0.278,102.0,24.34,41.0,9.79,0.839,0.2129999999999999,24.3,9.93,20.44,30.37,19.3,20.2,113.0,0.278,16.0,14.16,13.0,11.5,0.743,0.09299999999999997,15.76,6.63,21.43,28.06,18.23,16.67,261.0,0.277,50.0,19.16,11.0,4.21,0.681,0.0959999999999999,18.24,8.65,19.33,27.98,31.95,16.78
746863,2024-06-22,2024,621438,R,592791,R,strikeout,True,False,93.0,0.25,19.0,20.43,5.0,5.38,0.6970000000000001,0.14300000000000002,20.11,9.75,19.22,28.97,29.82,16.96,162.0,0.23,37.0,22.84,6.0,3.7,0.706,0.204,25.24,12.91,16.56,29.47,36.98,19.47,134.0,0.268,21.0,15.67,3.0,2.24,0.642,0.09399999999999997,19.26,10.47,17.15,27.62,33.85,16.41,330.0,0.252,77.0,23.33,9.0,2.73,0.653,0.124,24.68,12.85,17.91,30.76,34.04,20.87
746863,2024-06-22,2024,682626,R,592791,R,double,False,False,61.0,0.271,15.0,24.59,2.0,3.28,0.651,0.08499999999999996,35.77,19.38,14.98,34.36,34.62,19.48,275.0,0.229,73.0,26.55,17.0,6.18,0.7769999999999999,0.257,32.18,14.61,18.33,32.94,27.78,26.07,134.0,0.268,21.0,15.67,3.0,2.24,0.642,0.09399999999999997,19.26,10.47,17.15,27.62,33.85,16.41,330.0,0.252,77.0,23.33,9.0,2.73,0.653,0.124,24.68,12.85,17.91,30.76,34.04,20.87
746863,2024-06-22,2024,643446,L,592791,R,field_out,False,False,180.0,0.205,20.0,11.11,16.0,8.89,0.583,0.093,13.27,6.85,14.01,20.86,28.04,12.05,447.0,0.26,48.0,10.74,25.0,5.59,0.6930000000000001,0.1149999999999999,14.08,7.59,11.21,18.8,32.05,12.57,128.0,0.27,22.0,17.19,13.0,10.16,0.7529999999999999,0.13899999999999996,14.73,6.37,18.92,25.29,25.0,13.5,326.0,0.266,63.0,19.33,32.0,9.82,0.8540000000000001,0.248,19.32,8.96,15.81,24.77,25.19,16.36
746863,2024-06-22,2024,578428,R,592791,R,field_out,False,False,12.0,0.364,1.0,8.33,1.0,8.33,0.7809999999999999,0.0,8.33,4.55,11.36,15.91,28.57,7.14,,,,,,,,,,,,,,,134.0,0.268,21.0,15.67,3.0,2.24,0.642,0.09399999999999997,19.26,10.47,17.15,27.62,33.85,16.41,330.0,0.252,77.0,23.33,9.0,2.73,0.653,0.124,24.68,12.85,17.91,30.76,34.04,20.87
746863,2024-06-22,2024,664023,L,605288,R,field_out,False,False,225.0,0.234,65.0,28.89,32.0,14.22,0.7629999999999999,0.17599999999999996,28.24,12.39,16.45,28.83,22.41,19.76,502.0,0.258,109.0,21.71,80.0,15.94,0.831,0.192,25.86,11.22,15.24,26.46,20.31,17.34,121.0,0.25,14.0,11.57,15.0,12.4,0.754,0.15400000000000003,19.09,9.13,12.17,21.3,23.87,10.61,220.0,0.268,46.0,20.91,23.0,10.45,0.7929999999999999,0.18,19.51,8.22,17.92,26.14,20.53,18.62
746863,2024-06-22,2024,666624,R,605288,R,field_out,False,False,234.0,0.203,53.0,22.65,26.0,11.11,0.671,0.16799999999999998,30.46,13.88,14.54,28.42,25.05,20.54,329.0,0.247,105.0,31.91,27.0,8.21,0.798,0.239,38.21,19.07,13.74,32.81,29.43,27.56,113.0,0.278,16.0,14.16,13.0,11.5,0.743,0.09299999999999997,15.76,6.63,21.43,28.06,18.23,16.67,261.0,0.277,50.0,19.16,11.0,4.21,0.681,0.0959999999999999,18.24,8.65,19.33,27.98,31.95,16.78
746863,2024-06-22,2024,621020,R,605288,R,strikeout,True,False,198.0,0.211,53.0,26.77,16.0,8.08,0.634,0.145,31.4,14.84,15.46,30.3,23.64,22.27,478.0,0.244,111.0,23.22,49.0,10.25,0.734,0.161,28.04,13.13,15.12,28.26,23.34,18.66,113.0,0.278,16.0,14.16,13.0,11.5,0.743,0.09299999999999997,15.76,6.63,21.43,28.06,18.23,16.67,261.0,0.277,50.0,19.16,11.0,4.21,0.681,0.0959999999999999,18.24,8.65,19.33,27.98,31.95,16.78
746863,2024-06-22,2024,596019,L,605155,R,strikeout,True,False,251.0,0.228,48.0,19.12,19.0,7.57,0.6930000000000001,0.169,23.14,11.11,15.83,26.94,25.39,17.98,483.0,0.242,102.0,21.12,51.0,10.56,0.757,0.182,23.68,11.49,14.35,25.84,28.12,17.29,29.0,0.231,8.0,27.59,3.0,10.34,0.541,0.0,29.17,11.57,22.31,33.88,22.22,21.62,17.0,0.062,2.0,11.76,0.0,0.0,0.368,0.188,18.52,8.77,17.54,26.32,22.22,15.38
746863,2024-06-22,2024,607043,L,605155,R,strikeout,True,False,226.0,0.238,57.0,25.22,34.0,15.04,0.776,0.16700000000000004,23.54,9.69,17.08,26.77,20.4,17.81,448.0,0.266,98.0,21.88,60.0,13.39,0.874,0.235,20.87,8.67,19.47,28.14,19.23,16.42,29.0,0.231,8.0,27.59,3.0,10.34,0.541,0.0,29.17,11.57,22.31,33.88,22.22,21.62,17.0,0.062,2.0,11.76,0.0,0.0,0.368,0.188,18.52,8.77,17.54,26.32,22.22,15.38
746863,2024-06-22,2024,502110,R,605155,R,field_out,False,False,138.0,0.26,42.0,30.43,9.0,6.52,0.774,0.20500000000000002,29.17,14.84,15.02,29.86,32.01,21.65,343.0,0.27,106.0,30.9,21.0,6.12,0.8799999999999999,0.2979999999999999,35.71,19.2,12.73,31.93,33.23,24.42,34.0,0.267,7.0,20.59,3.0,8.82,0.857,0.266,22.54,10.88,14.97,25.85,20.63,14.29,17.0,0.357,2.0,11.76,3.0,17.65,1.471,0.643,25.0,10.64,17.02,27.66,22.73,28.57
746863,2024-06-22,2024,691718,L,605288,R,field_out,False,False,95.0,0.2,23.0,24.21,5.0,5.26,0.532,0.08199999999999996,23.94,14.29,10.64,24.93,41.11,17.83,15.0,0.0,6.0,40.0,2.0,13.33,0.154,0.0,44.44,26.67,8.33,35.0,23.08,27.27,121.0,0.25,14.0,11.57,15.0,12.4,0.754,0.15400000000000003,19.09,9.13,12.17,21.3,23.87,10.61,220.0,0.268,46.0,20.91,23.0,10.45,0.7929999999999999,0.18,19.51,8.22,17.92,26.14,20.53,18.62
746863,2024-06-22,2024,621512,R,605288,R,field_out,False,False,54.0,0.264,9.0,16.67,1.0,1.85,0.7310000000000001,0.189,29.09,17.49,12.02,29.51,38.37,16.67,35.0,0.121,9.0,25.71,1.0,2.86,0.268,0.0,35.82,22.22,12.04,34.26,50.91,34.62,113.0,0.278,16.0,14.16,13.0,11.5,0.743,0.09299999999999997,15.76,6.63,21.43,28.06,18.23,16.67,261.0,0.277,50.0,19.16,11.0,4.21,0.681,0.0959999999999999,18.24,8.65,19.33,27.98,31.95,16.78
746863,2024-06-22,2024,663538,R,605288,R,field_out,False,False,225.0,0.236,21.0,9.33,20.0,8.89,0.652,0.09600000000000003,12.97,5.95,21.44,27.39,31.51,9.63,508.0,0.274,63.0,12.4,40.0,7.87,0.72,0.0979999999999999,13.4,6.0,20.67,26.67,29.91,12.21,113.0,0.278,16.0,14.16,13.0,11.5,0.743,0.09299999999999997,15.76,6.63,21.43,28.06,18.23,16.67,261.0,0.277,50.0,19.16,11.0,4.21,0.681,0.0959999999999999,18.24,8.65,19.33,27.98,31.95,16.78
746863,2024-06-22,2024,624413,R,593576,R,strikeout,True,False,239.0,0.255,48.0,20.08,23.0,9.62,0.799,0.21200000000000002,23.1,10.25,19.41,29.66,28.63,17.94,475.0,0.214,109.0,22.95,44.0,9.26,0.8069999999999999,0.281,26.53,11.43,18.24,29.67,27.59,22.11,64.0,0.268,13.0,20.31,5.0,7.81,0.821,0.21399999999999997,17.83,9.13,13.49,22.62,31.2,17.81,158.0,0.181,45.0,28.48,16.0,10.13,0.6060000000000001,0.145,27.9,14.33,15.14,29.47,31.82,22.39
746863,2024-06-22,2024,621466,L,593576,R,field_out,False,False,133.0,0.198,29.0,21.8,23.0,17.29,0.73,0.179,29.91,12.14,15.75,27.89,13.79,20.57,136.0,0.273,43.0,31.62,10.0,7.35,0.92,0.3059999999999999,35.89,18.63,10.49,29.11,25.44,24.85,57.0,0.214,11.0,19.3,15.0,26.32,0.754,0.11900000000000002,25.23,10.84,10.44,21.29,23.72,17.74,115.0,0.163,32.0,27.83,15.0,13.04,0.517,0.0819999999999999,34.19,16.91,12.68,29.6,31.32,21.92
746863,2024-06-22,2024,621438,R,593576,R,double,False,False,93.0,0.25,19.0,20.43,5.0,5.38,0.6970000000000001,0.14300000000000002,20.11,9.75,19.22,28.97,29.82,16.96,162.0,0.23,37.0,22.84,6.0,3.7,0.706,0.204,25.24,12.91,16.56,29.47,36.98,19.47,64.0,0.268,13.0,20.31,5.0,7.81,0.821,0.21399999999999997,17.83,9.13,13.49,22.62,31.2,17.81,158.0,0.181,45.0,28.48,16.0,10.13,0.6060000000000001,0.145,27.9,14.33,15.14,29.47,31.82,22.39
746863,2024-06-22,2024,682626,R,593576,R,walk,False,True,61.0,0.271,15.0,24.59,2.0,3.28,0.651,0.08499999999999996,35.77,19.38,14.98,34.36,34.62,19.48,275.0,0.229,73.0,26.55,17.0,6.18,0.7769999999999999,0.257,32.18,14.61,18.33,32.94,27.78,26.07,64.0,0.268,13.0,20.31,5.0,7.81,0.821,0.21399999999999997,17.83,9.13,13.49,22.62,31.2,17.81,158.0,0.181,45.0,28.48,16.0,10.13,0.6060000000000001,0.145,27.9,14.33,15.14,29.47,31.82,22.39
746863,2024-06-22,2024,643446,L,593576,R,strikeout,True,False,180.0,0.205,20.0,11.11,16.0,8.89,0.583,0.093,13.27,6.85,14.01,20.86,28.04,12.05,447.0,0.26,48.0,10.74,25.0,5.59,0.6930000000000001,0.1149999999999999,14.08,7.59,11.21,18.8,32.05,12.57,57.0,0.214,11.0,19.3,15.0,26.32,0.754,0.11900000000000002,25.23,10.84,10.44,21.29,23.72,17.74,115.0,0.163,32.0,27.83,15.0,13.04,0.517,0.0819999999999999,34.19,16.91,12.68,29.6,31.32,21.92
745163,2024-06-22,2024,689172,L,571945,R,single,False,False,70.0,0.231,14.0,20.0,4.0,5.71,0.579,0.07699999999999999,20.0,9.51,18.63,28.14,33.87,17.95,106.0,0.155,30.0,28.3,8.0,7.55,0.4639999999999999,0.092,28.32,14.65,14.19,28.83,32.6,19.86,164.0,0.265,33.0,20.12,10.0,6.1,0.775,0.199,18.48,8.27,20.58,28.85,24.48,16.84,409.0,0.285,62.0,15.16,16.0,3.91,0.8009999999999999,0.203,15.61,7.89,17.65,25.53,27.79,14.49
745163,2024-06-22,2024,671218,R,571945,R,field_out,False,False,123.0,0.278,40.0,32.52,8.0,6.5,0.76,0.15699999999999997,33.33,15.46,16.7,32.16,27.78,28.37,14.0,0.154,4.0,28.57,1.0,7.14,0.368,0.0,30.43,14.58,18.75,33.33,26.09,50.0,179.0,0.246,31.0,17.32,5.0,2.79,0.696,0.175,14.42,7.04,19.87,26.92,29.24,15.42,453.0,0.279,75.0,16.56,23.0,5.08,0.746,0.1429999999999999,17.63,8.64,17.74,26.38,27.28,13.98
745163,2024-06-22,2024,672275,L,571945,R,strikeout,True,False,154.0,0.303,26.0,16.88,18.0,11.69,0.841,0.15900000000000003,20.68,9.74,13.9,23.64,25.64,14.94,240.0,0.203,70.0,29.17,13.0,5.42,0.5569999999999999,0.0989999999999999,26.61,12.88,17.55,30.43,28.93,23.81,164.0,0.265,33.0,20.12,10.0,6.1,0.775,0.199,18.48,8.27,20.58,28.85,24.48,16.84,409.0,0.285,62.0,15.16,16.0,3.91,0.8009999999999999,0.203,15.61,7.89,17.65,25.53,27.79,14.49
745163,2024-06-22,2024,624585,R,571945,R,single,False,False,183.0,0.219,40.0,21.86,19.0,10.38,0.69,0.169,27.96,13.11,15.1,28.21,27.84,20.41,446.0,0.242,111.0,24.89,46.0,10.31,0.788,0.22,27.97,12.22,16.15,28.37,25.71,21.19,179.0,0.246,31.0,17.32,5.0,2.79,0.696,0.175,14.42,7.04,19.87,26.92,29.24,15.42,453.0,0.279,75.0,16.56,23.0,5.08,0.746,0.1429999999999999,17.63,8.64,17.74,26.38,27.28,13.98
745163,2024-06-22,2024,656305,R,571945,R,single,False,False,231.0,0.192,61.0,26.41,20.0,8.66,0.595,0.13,27.13,12.33,19.54,31.87,26.0,20.07,471.0,0.223,139.0,29.51,52.0,11.04,0.722,0.179,31.15,13.33,17.79,31.11,18.61,21.72,179.0,0.246,31.0,17.32,5.0,2.79,0.696,0.175,14.42,7.04,19.87,26.92,29.24,15.42,453.0,0.279,75.0,16.56,23.0,5.08,0.746,0.1429999999999999,17.63,8.64,17.74,26.38,27.28,13.98
745163,2024-06-22,2024,624424,L,571945,R,single,False,False,160.0,0.204,38.0,23.75,13.0,8.12,0.643,0.17,25.0,11.68,16.96,28.64,28.12,20.99,368.0,0.245,77.0,20.92,50.0,13.59,0.753,0.155,23.68,10.56,15.02,25.57,23.23,16.81,164.0,0.265,33.0,20.12,10.0,6.1,0.775,0.199,18.48,8.27,20.58,28.85,24.48,16.84,409.0,0.285,62.0,15.16,16.0,3.91,0.8009999999999999,0.203,15.61,7.89,17.65,25.53,27.79,14.49
745163,2024-06-22,2024,642731,R,571945,R,field_out,False,False,213.0,0.248,42.0,19.72,6.0,2.82,0.693,0.16299999999999998,20.0,9.83,19.65,29.48,35.23,20.19,380.0,0.276,84.0,22.11,15.0,3.95,0.767,0.172,21.44,11.24,17.01,28.25,38.17,20.1,179.0,0.246,31.0,17.32,5.0,2.79,0.696,0.175,14.42,7.04,19.87,26.92,29.24,15.42,453.0,0.279,75.0,16.56,23.0,5.08,0.746,0.1429999999999999,17.63,8.64,17.74,26.38,27.28,13.98
745163,2024-06-22,2024,691026,R,663855,R,field_out,False,False,165.0,0.313,27.0,16.36,12.0,7.27,0.751,0.08200000000000002,15.62,7.36,18.26,25.63,30.0,12.86,100.0,0.161,19.0,19.0,9.0,9.0,0.478,0.0799999999999999,21.56,9.11,22.03,31.14,24.87,14.88,166.0,0.228,40.0,24.1,7.0,4.22,0.632,0.13899999999999998,26.05,12.27,18.33,30.61,28.25,18.26,177.0,0.234,54.0,30.51,16.0,9.04,0.653,0.1139999999999999,27.76,11.0,22.57,33.57,28.9,25.84
745163,2024-06-22,2024,676475,L,663855,R,single,False,False,172.0,0.301,26.0,15.12,7.0,4.07,0.8089999999999999,0.17099999999999999,19.88,11.37,11.86,23.23,35.22,15.57,318.0,0.243,39.0,12.26,21.0,6.6,0.698,0.156,17.66,9.16,14.01,23.17,33.05,13.13,154.0,0.234,28.0,18.18,21.0,13.64,0.669,0.07799999999999999,24.28,10.36,14.84,25.19,26.24,14.97,109.0,0.225,27.0,24.77,16.0,14.68,0.6639999999999999,0.0779999999999999,28.89,12.53,15.18,27.71,26.27,23.89
745163,2024-06-22,2024,502671,R,663855,R,home_run,False,False,231.0,0.214,74.0,32.03,19.0,8.23,0.6399999999999999,0.143,29.36,14.01,18.48,32.49,30.3,20.4,518.0,0.259,120.0,23.17,67.0,12.93,0.8049999999999999,0.187,27.85,12.3,17.85,30.16,25.85,17.44,166.0,0.228,40.0,24.1,7.0,4.22,0.632,0.13899999999999998,26.05,12.27,18.33,30.61,28.25,18.26,177.0,0.234,54.0,30.51,16.0,9.04,0.653,0.1139999999999999,27.76,11.0,22.57,33.57,28.9,25.84
745163,2024-06-22,2024,669357,L,663855,R,walk,False,True,187.0,0.211,68.0,36.36,18.0,9.63,0.749,0.253,39.52,19.55,14.7,34.25,29.9,27.2,378.0,0.231,124.0,32.8,42.0,11.11,0.7969999999999999,0.2459999999999999,35.96,17.73,12.12,29.85,28.13,25.15,154.0,0.234,28.0,18.18,21.0,13.64,0.669,0.07799999999999999,24.28,10.36,14.84,25.19,26.24,14.97,109.0,0.225,27.0,24.77,16.0,14.68,0.6639999999999999,0.0779999999999999,28.89,12.53,15.18,27.71,26.27,23.89
745163,2024-06-22,2024,571448,R,663855,R,field_out,False,False,229.0,0.275,44.0,19.21,19.0,8.3,0.7330000000000001,0.11699999999999999,21.98,9.71,20.07,29.77,30.17,16.54,468.0,0.28,81.0,17.31,31.0,6.62,0.8089999999999999,0.2009999999999999,20.4,9.71,17.28,26.99,33.33,16.43,166.0,0.228,40.0,24.1,7.0,4.22,0.632,0.13899999999999998,26.05,12.27,18.33,30.61,28.25,18.26,177.0,0.234,54.0,30.51,16.0,9.04,0.653,0.1139999999999999,27.76,11.0,22.57,33.57,28.9,25.84
745163,2024-06-22,2024,680977,L,663855,R,field_out,False,False,210.0,0.251,33.0,15.71,16.0,7.62,0.746,0.16599999999999998,16.27,6.76,20.39,27.15,23.17,14.41,309.0,0.294,43.0,13.92,27.0,8.74,0.831,0.166,14.96,6.32,19.2,25.52,22.53,13.27,154.0,0.234,28.0,18.18,21.0,13.64,0.669,0.07799999999999999,24.28,10.36,14.84,25.19,26.24,14.97,109.0,0.225,27.0,24.77,16.0,14.68,0.6639999999999999,0.0779999999999999,28.89,12.53,15.18,27.71,26.27,23.89
745163,2024-06-22,2024,681584,R,571945,R,field_out,False,False,,,,,,,,,,,,,,,79.0,0.159,26.0,32.91,7.0,8.86,0.672,0.247,39.39,16.46,19.94,36.39,24.84,25.49,179.0,0.246,31.0,17.32,5.0,2.79,0.696,0.175,14.42,7.04,19.87,26.92,29.24,15.42,453.0,0.279,75.0,16.56,23.0,5.08,0.746,0.1429999999999999,17.63,8.64,17.74,26.38,27.28,13.98
745163,2024-06-22,2024,682641,R,571945,R,single,False,False,70.0,0.232,5.0,7.14,1.0,1.43,0.5469999999999999,0.07199999999999998,10.92,5.78,14.67,20.44,36.29,10.0,154.0,0.215,23.0,14.94,8.0,5.19,0.56,0.0839999999999999,20.15,9.82,15.18,25.0,27.53,17.29,179.0,0.246,31.0,17.32,5.0,2.79,0.696,0.175,14.42,7.04,19.87,26.92,29.24,15.42,453.0,0.279,75.0,16.56,23.0,5.08,0.746,0.1429999999999999,17.63,8.64,17.74,26.38,27.28,13.98
745163,2024-06-22,2024,689172,L,571945,R,field_out,False,False,70.0,0.231,14.0,20.0,4.0,5.71,0.579,0.07699999999999999,20.0,9.51,18.63,28.14,33.87,17.95,106.0,0.155,30.0,28.3,8.0,7.55,0.4639999999999999,0.092,28.32,14.65,14.19,28.83,32.6,19.86,164.0,0.265,33.0,20.12,10.0,6.1,0.775,0.199,18.48,8.27,20.58,28.85,24.48,16.84,409.0,0.285,62.0,15.16,16.0,3.91,0.8009999999999999,0.203,15.61,7.89,17.65,25.53,27.79,14.49
745163,2024-06-22,2024,671218,R,571945,R,strikeout,True,False,123.0,0.278,40.0,32.52,8.0,6.5,0.76,0.15699999999999997,33.33,15.46,16.7,32.16,27.78,28.37,14.0,0.154,4.0,28.57,1.0,7.14,0.368,0.0,30.43,14.58,18.75,33.33,26.09,50.0,179.0,0.246,31.0,17.32,5.0,2.79,0.696,0.175,14.42,7.04,19.87,26.92,29.24,15.42,453.0,0.279,75.0,16.56,23.0,5.08,0.746,0.1429999999999999,17.63,8.64,17.74,26.38,27.28,13.98
745163,2024-06-22,2024,572761,L,663855,R,single,False,False,68.0,0.213,20.0,29.41,6.0,8.82,0.6279999999999999,0.13099999999999998,31.15,13.97,17.65,31.62,23.44,26.67,220.0,0.167,64.0,29.09,38.0,17.27,0.616,0.1319999999999999,29.37,12.01,18.83,30.84,21.25,22.78,154.0,0.234,28.0,18.18,21.0,13.64,0.669,0.07799999999999999,24.28,10.36,14.84,25.19,26.24,14.97,109.0,0.225,27.0,24.77,16.0,14.68,0.6639999999999999,0.0779999999999999,28.89,12.53,15.18,27.71,26.27,23.89
745163,2024-06-22,2024,686780,R,663855,R,grounded_into_double_play,False,False,36.0,0.1,13.0,36.11,5.0,13.89,0.522,0.19999999999999998,22.08,10.76,19.62,30.38,34.62,23.21,,,,,,,,,,,,,,,166.0,0.228,40.0,24.1,7.0,4.22,0.632,0.13899999999999998,26.05,12.27,18.33,30.61,28.25,18.26,177.0,0.234,54.0,30.51,16.0,9.04,0.653,0.1139999999999999,27.76,11.0,22.57,33.57,28.9,25.84
745163,2024-06-22,2024,672279,L,663855,R,field_out,False,False,108.0,0.255,28.0,25.93,5.0,4.63,0.625,0.08200000000000002,29.08,14.39,18.69,33.08,29.71,24.35,3.0,0.0,1.0,33.33,0.0,0.0,0.0,0.0,40.0,14.29,21.43,35.71,0.0,50.0,154.0,0.234,28.0,18.18,21.0,13.64,0.669,0.07799999999999999,24.28,10.36,14.84,25.19,26.24,14.97,109.0,0.225,27.0,24.77,16.0,14.68,0.6639999999999999,0.0779999999999999,28.89,12.53,15.18,27.71,26.27,23.89
745163,2024-06-22,2024,672275,L,571945,R,walk,False,True,154.0,0.303,26.0,16.88,18.0,11.69,0.841,0.15900000000000003,20.68,9.74,13.9,23.64,25.64,14.94,240.0,0.203,70.0,29.17,13.0,5.42,0.5569999999999999,0.0989999999999999,26.61,12.88,17.55,30.43,28.93,23.81,164.0,0.265,33.0,20.12,10.0,6.1,0.775,0.199,18.48,8.27,20.58,28.85,24.48,16.84,409.0,0.285,62.0,15.16,16.0,3.91,0.8009999999999999,0.203,15.61,7.89,17.65,25.53,27.79,14.49
745163,2024-06-22,2024,624585,R,571945,R,grounded_into_double_play,False,False,183.0,0.219,40.0,21.86,19.0,10.38,0.69,0.169,27.96,13.11,15.1,28.21,27.84,20.41,446.0,0.242,111.0,24.89,46.0,10.31,0.788,0.22,27.97,12.22,16.15,28.37,25.71,21.19,179.0,0.246,31.0,17.32,5.0,2.79,0.696,0.175,14.42,7.04,19.87,26.92,29.24,15.42,453.0,0.279,75.0,16.56,23.0,5.08,0.746,0.1429999999999999,17.63,8.64,17.74,26.38,27.28,13.98
745163,2024-06-22,2024,656305,R,571945,R,walk,False,True,231.0,0.192,61.0,26.41,20.0,8.66,0.595,0.13,27.13,12.33,19.54,31.87,26.0,20.07,471.0,0.223,139.0,29.51,52.0,11.04,0.722,0.179,31.15,13.33,17.79,31.11,18.61,21.72,179.0,0.246,31.0,17.32,5.0,2.79,0.696,0.175,14.42,7.04,19.87,26.92,29.24,15.42,453.0,0.279,75.0,16.56,23.0,5.08,0.746,0.1429999999999999,17.63,8.64,17.74,26.38,27.28,13.98
745163,2024-06-22,2024,624424,L,571945,R,double,False,False,160.0,0.204,38.0,23.75,13.0,8.12,0.643,0.17,25.0,11.68,16.96,28.64,28.12,20.99,368.0,0.245,77.0,20.92,50.0,13.59,0.753,0.155,23.68,10.56,15.02,25.57,23.23,16.81,164.0,0.265,33.0,20.12,10.0,6.1,0.775,0.199,18.48,8.27,20.58,28.85,24.48,16.84,409.0,0.285,62.0,15.16,16.0,3.91,0.8009999999999999,0.203,15.61,7.89,17.65,25.53,27.79,14.49
745163,2024-06-22,2024,642731,R,571945,R,field_out,False,False,213.0,0.248,42.0,19.72,6.0,2.82,0.693,0.16299999999999998,20.0,9.83,19.65,29.48,35.23,20.19,380.0,0.276,84.0,22.11,15.0,3.95,0.767,0.172,21.44,11.24,17.01,28.25,38.17,20.1,179.0,0.246,31.0,17.32,5.0,2.79,0.696,0.175,14.42,7.04,19.87,26.92,29.24,15.42,453.0,0.279,75.0,16.56,23.0,5.08,0.746,0.1429999999999999,17.63,8.64,17.74,26.38,27.28,13.98
745163,2024-06-22,2024,691026,R,663855,R,field_out,False,False,165.0,0.313,27.0,16.36,12.0,7.27,0.751,0.08200000000000002,15.62,7.36,18.26,25.63,30.0,12.86,100.0,0.161,19.0,19.0,9.0,9.0,0.478,0.0799999999999999,21.56,9.11,22.03,31.14,24.87,14.88,166.0,0.228,40.0,24.1,7.0,4.22,0.632,0.13899999999999998,26.05,12.27,18.33,30.61,28.25,18.26,177.0,0.234,54.0,30.51,16.0,9.04,0.653,0.1139999999999999,27.76,11.0,22.57,33.57,28.9,25.84
745163,2024-06-22,2024,676475,L,663855,R,walk,False,True,172.0,0.301,26.0,15.12,7.0,4.07,0.8089999999999999,0.17099999999999999,19.88,11.37,11.86,23.23,35.22,15.57,318.0,0.243,39.0,12.26,21.0,6.6,0.698,0.156,17.66,9.16,14.01,23.17,33.05,13.13,154.0,0.234,28.0,18.18,21.0,13.64,0.669,0.07799999999999999,24.28,10.36,14.84,25.19,26.24,14.97,109.0,0.225,27.0,24.77,16.0,14.68,0.6639999999999999,0.0779999999999999,28.89,12.53,15.18,27.71,26.27,23.89
745163,2024-06-22,2024,502671,R,663855,R,field_out,False,False,231.0,0.214,74.0,32.03,19.0,8.23,0.6399999999999999,0.143,29.36,14.01,18.48,32.49,30.3,20.4,518.0,0.259,120.0,23.17,67.0,12.93,0.8049999999999999,0.187,27.85,12.3,17.85,30.16,25.85,17.44,166.0,0.228,40.0,24.1,7.0,4.22,0.632,0.13899999999999998,26.05,12.27,18.33,30.61,28.25,18.26,177.0,0.234,54.0,30.51,16.0,9.04,0.653,0.1139999999999999,27.76,11.0,22.57,33.57,28.9,25.84
745163,2024-06-22,2024,669357,L,663855,R,hit_by_pitch,False,False,187.0,0.211,68.0,36.36,18.0,9.63,0.749,0.253,39.52,19.55,14.7,34.25,29.9,27.2,378.0,0.231,124.0,32.8,42.0,11.11,0.7969999999999999,0.2459999999999999,35.96,17.73,12.12,29.85,28.13,25.15,154.0,0.234,28.0,18.18,21.0,13.64,0.669,0.07799999999999999,24.28,10.36,14.84,25.19,26.24,14.97,109.0,0.225,27.0,24.77,16.0,14.68,0.6639999999999999,0.0779999999999999,28.89,12.53,15.18,27.71,26.27,23.89
745163,2024-06-22,2024,571448,R,663855,R,walk,False,True,229.0,0.275,44.0,19.21,19.0,8.3,0.7330000000000001,0.11699999999999999,21.98,9.71,20.07,29.77,30.17,16.54,468.0,0.28,81.0,17.31,31.0,6.62,0.8089999999999999,0.2009999999999999,20.4,9.71,17.28,26.99,33.33,16.43,166.0,0.228,40.0,24.1,7.0,4.22,0.632,0.13899999999999998,26.05,12.27,18.33,30.61,28.25,18.26,177.0,0.234,54.0,30.51,16.0,9.04,0.653,0.1139999999999999,27.76,11.0,22.57,33.57,28.9,25.84
745163,2024-06-22,2024,680977,L,663855,R,field_out,False,False,210.0,0.251,33.0,15.71,16.0,7.62,0.746,0.16599999999999998,16.27,6.76,20.39,27.15,23.17,14.41,309.0,0.294,43.0,13.92,27.0,8.74,0.831,0.166,14.96,6.32,19.2,25.52,22.53,13.27,154.0,0.234,28.0,18.18,21.0,13.64,0.669,0.07799999999999999,24.28,10.36,14.84,25.19,26.24,14.97,109.0,0.225,27.0,24.77,16.0,14.68,0.6639999999999999,0.0779999999999999,28.89,12.53,15.18,27.71,26.27,23.89
745163,2024-06-22,2024,681584,R,571945,R,field_out,False,False,,,,,,,,,,,,,,,79.0,0.159,26.0,32.91,7.0,8.86,0.672,0.247,39.39,16.46,19.94,36.39,24.84,25.49,179.0,0.246,31.0,17.32,5.0,2.79,0.696,0.175,14.42,7.04,19.87,26.92,29.24,15.42,453.0,0.279,75.0,16.56,23.0,5.08,0.746,0.1429999999999999,17.63,8.64,17.74,26.38,27.28,13.98
745163,2024-06-22,2024,682641,R,571945,R,field_out,False,False,70.0,0.232,5.0,7.14,1.0,1.43,0.5469999999999999,0.07199999999999998,10.92,5.78,14.67,20.44,36.29,10.0,154.0,0.215,23.0,14.94,8.0,5.19,0.56,0.0839999999999999,20.15,9.82,15.18,25.0,27.53,17.29,179.0,0.246,31.0,17.32,5.0,2.79,0.696,0.175,14.42,7.04,19.87,26.92,29.24,15.42,453.0,0.279,75.0,16.56,23.0,5.08,0.746,0.1429999999999999,17.63,8.64,17.74,26.38,27.28,13.98
745163,2024-06-22,2024,689172,L,571945,R,field_out,False,False,70.0,0.231,14.0,20.0,4.0,5.71,0.579,0.07699999999999999,20.0,9.51,18.63,28.14,33.87,17.95,106.0,0.155,30.0,28.3,8.0,7.55,0.4639999999999999,0.092,28.32,14.65,14.19,28.83,32.6,19.86,164.0,0.265,33.0,20.12,10.0,6.1,0.775,0.199,18.48,8.27,20.58,28.85,24.48,16.84,409.0,0.285,62.0,15.16,16.0,3.91,0.8009999999999999,0.203,15.61,7.89,17.65,25.53,27.79,14.49
745163,2024-06-22,2024,572761,L,663855,R,field_out,False,False,68.0,0.213,20.0,29.41,6.0,8.82,0.6279999999999999,0.13099999999999998,31.15,13.97,17.65,31.62,23.44,26.67,220.0,0.167,64.0,29.09,38.0,17.27,0.616,0.1319999999999999,29.37,12.01,18.83,30.84,21.25,22.78,154.0,0.234,28.0,18.18,21.0,13.64,0.669,0.07799999999999999,24.28,10.36,14.84,25.19,26.24,14.97,109.0,0.225,27.0,24.77,16.0,14.68,0.6639999999999999,0.0779999999999999,28.89,12.53,15.18,27.71,26.27,23.89
745163,2024-06-22,2024,686780,R,663855,R,field_out,False,False,36.0,0.1,13.0,36.11,5.0,13.89,0.522,0.19999999999999998,22.08,10.76,19.62,30.38,34.62,23.21,,,,,,,,,,,,,,,166.0,0.228,40.0,24.1,7.0,4.22,0.632,0.13899999999999998,26.05,12.27,18.33,30.61,28.25,18.26,177.0,0.234,54.0,30.51,16.0,9.04,0.653,0.1139999999999999,27.76,11.0,22.57,33.57,28.9,25.84
745163,2024-06-22,2024,666185,L,663855,R,single,False,False,39.0,0.152,13.0,33.33,4.0,10.26,0.438,0.03,37.35,17.82,14.94,32.76,22.62,21.31,170.0,0.196,37.0,21.76,14.0,8.24,0.592,0.1079999999999999,22.71,10.14,18.91,29.05,25.44,21.14,154.0,0.234,28.0,18.18,21.0,13.64,0.669,0.07799999999999999,24.28,10.36,14.84,25.19,26.24,14.97,109.0,0.225,27.0,24.77,16.0,14.68,0.6639999999999999,0.0779999999999999,28.89,12.53,15.18,27.71,26.27,23.89
745163,2024-06-22,2024,691026,R,663855,R,double,False,False,165.0,0.313,27.0,16.36,12.0,7.27,0.751,0.08200000000000002,15.62,7.36,18.26,25.63,30.0,12.86,100.0,0.161,19.0,19.0,9.0,9.0,0.478,0.0799999999999999,21.56,9.11,22.03,31.14,24.87,14.88,166.0,0.228,40.0,24.1,7.0,4.22,0.632,0.13899999999999998,26.05,12.27,18.33,30.61,28.25,18.26,177.0,0.234,54.0,30.51,16.0,9.04,0.653,0.1139999999999999,27.76,11.0,22.57,33.57,28.9,25.84
745163,2024-06-22,2024,676475,L,663855,R,home_run,False,False,172.0,0.301,26.0,15.12,7.0,4.07,0.8089999999999999,0.17099999999999999,19.88,11.37,11.86,23.23,35.22,15.57,318.0,0.243,39.0,12.26,21.0,6.6,0.698,0.156,17.66,9.16,14.01,23.17,33.05,13.13,154.0,0.234,28.0,18.18,21.0,13.64,0.669,0.07799999999999999,24.28,10.36,14.84,25.19,26.24,14.97,109.0,0.225,27.0,24.77,16.0,14.68,0.6639999999999999,0.0779999999999999,28.89,12.53,15.18,27.71,26.27,23.89
745163,2024-06-22,2024,502671,R,663855,R,strikeout,True,False,231.0,0.214,74.0,32.03,19.0,8.23,0.6399999999999999,0.143,29.36,14.01,18.48,32.49,30.3,20.4,518.0,0.259,120.0,23.17,67.0,12.93,0.8049999999999999,0.187,27.85,12.3,17.85,30.16,25.85,17.44,166.0,0.228,40.0,24.1,7.0,4.22,0.632,0.13899999999999998,26.05,12.27,18.33,30.61,28.25,18.26,177.0,0.234,54.0,30.51,16.0,9.04,0.653,0.1139999999999999,27.76,11.0,22.57,33.57,28.9,25.84
745163,2024-06-22,2024,671218,R,571945,R,field_out,False,False,123.0,0.278,40.0,32.52,8.0,6.5,0.76,0.15699999999999997,33.33,15.46,16.7,32.16,27.78,28.37,14.0,0.154,4.0,28.57,1.0,7.14,0.368,0.0,30.43,14.58,18.75,33.33,26.09,50.0,179.0,0.246,31.0,17.32,5.0,2.79,0.696,0.175,14.42,7.04,19.87,26.92,29.24,15.42,453.0,0.279,75.0,16.56,23.0,5.08,0.746,0.1429999999999999,17.63,8.64,17.74,26.38,27.28,13.98
745163,2024-06-22,2024,672275,L,571945,R,field_out,False,False,154.0,0.303,26.0,16.88,18.0,11.69,0.841,0.15900000000000003,20.68,9.74,13.9,23.64,25.64,14.94,240.0,0.203,70.0,29.17,13.0,5.42,0.5569999999999999,0.0989999999999999,26.61,12.88,17.55,30.43,28.93,23.81,164.0,0.265,33.0,20.12,10.0,6.1,0.775,0.199,18.48,8.27,20.58,28.85,24.48,16.84,409.0,0.285,62.0,15.16,16.0,3.91,0.8009999999999999,0.203,15.61,7.89,17.65,25.53,27.79,14.49
745163,2024-06-22,2024,624585,R,571945,R,strikeout,True,False,183.0,0.219,40.0,21.86,19.0,10.38,0.69,0.169,27.96,13.11,15.1,28.21,27.84,20.41,446.0,0.242,111.0,24.89,46.0,10.31,0.788,0.22,27.97,12.22,16.15,28.37,25.71,21.19,179.0,0.246,31.0,17.32,5.0,2.79,0.696,0.175,14.42,7.04,19.87,26.92,29.24,15.42,453.0,0.279,75.0,16.56,23.0,5.08,0.746,0.1429999999999999,17.63,8.64,17.74,26.38,27.28,13.98
745163,2024-06-22,2024,669357,L,663546,R,strikeout,True,False,187.0,0.211,68.0,36.36,18.0,9.63,0.749,0.253,39.52,19.55,14.7,34.25,29.9,27.2,378.0,0.231,124.0,32.8,42.0,11.11,0.7969999999999999,0.2459999999999999,35.96,17.73,12.12,29.85,28.13,25.15,57.0,0.14,10.0,17.54,4.0,7.02,0.598,0.24,10.53,4.72,21.7,26.42,24.24,16.39,60.0,0.294,12.0,20.0,5.0,8.33,0.863,0.196,23.21,11.4,16.67,28.07,21.78,17.65
745163,2024-06-22,2024,571448,R,663546,R,single,False,False,229.0,0.275,44.0,19.21,19.0,8.3,0.7330000000000001,0.11699999999999999,21.98,9.71,20.07,29.77,30.17,16.54,468.0,0.28,81.0,17.31,31.0,6.62,0.8089999999999999,0.2009999999999999,20.4,9.71,17.28,26.99,33.33,16.43,72.0,0.214,20.0,27.78,1.0,1.39,0.507,0.05700000000000002,29.75,13.9,24.32,38.22,37.4,26.67,79.0,0.333,19.0,24.05,8.0,10.13,0.853,0.1019999999999999,21.37,8.56,22.6,31.16,26.67,26.03
745163,2024-06-22,2024,680977,L,663546,R,single,False,False,210.0,0.251,33.0,15.71,16.0,7.62,0.746,0.16599999999999998,16.27,6.76,20.39,27.15,23.17,14.41,309.0,0.294,43.0,13.92,27.0,8.74,0.831,0.166,14.96,6.32,19.2,25.52,22.53,13.27,57.0,0.14,10.0,17.54,4.0,7.02,0.598,0.24,10.53,4.72,21.7,26.42,24.24,16.39,60.0,0.294,12.0,20.0,5.0,8.33,0.863,0.196,23.21,11.4,16.67,28.07,21.78,17.65
745163,2024-06-22,2024,572761,L,663546,R,field_out,False,False,68.0,0.213,20.0,29.41,6.0,8.82,0.6279999999999999,0.13099999999999998,31.15,13.97,17.65,31.62,23.44,26.67,220.0,0.167,64.0,29.09,38.0,17.27,0.616,0.1319999999999999,29.37,12.01,18.83,30.84,21.25,22.78,57.0,0.14,10.0,17.54,4.0,7.02,0.598,0.24,10.53,4.72,21.7,26.42,24.24,16.39,60.0,0.294,12.0,20.0,5.0,8.33,0.863,0.196,23.21,11.4,16.67,28.07,21.78,17.65
745163,2024-06-22,2024,686780,R,663546,R,strikeout,True,False,36.0,0.1,13.0,36.11,5.0,13.89,0.522,0.19999999999999998,22.08,10.76,19.62,30.38,34.62,23.21,,,,,,,,,,,,,,,72.0,0.214,20.0,27.78,1.0,1.39,0.507,0.05700000000000002,29.75,13.9,24.32,38.22,37.4,26.67,79.0,0.333,19.0,24.05,8.0,10.13,0.853,0.1019999999999999,21.37,8.56,22.6,31.16,26.67,26.03
745163,2024-06-22,2024,656305,R,571945,R,field_out,False,False,231.0,0.192,61.0,26.41,20.0,8.66,0.595,0.13,27.13,12.33,19.54,31.87,26.0,20.07,471.0,0.223,139.0,29.51,52.0,11.04,0.722,0.179,31.15,13.33,17.79,31.11,18.61,21.72,179.0,0.246,31.0,17.32,5.0,2.79,0.696,0.175,14.42,7.04,19.87,26.92,29.24,15.42,453.0,0.279,75.0,16.56,23.0,5.08,0.746,0.1429999999999999,17.63,8.64,17.74,26.38,27.28,13.98
745163,2024-06-22,2024,624424,L,571945,R,field_out,False,False,160.0,0.204,38.0,23.75,13.0,8.12,0.643,0.17,25.0,11.68,16.96,28.64,28.12,20.99,368.0,0.245,77.0,20.92,50.0,13.59,0.753,0.155,23.68,10.56,15.02,25.57,23.23,16.81,164.0,0.265,33.0,20.12,10.0,6.1,0.775,0.199,18.48,8.27,20.58,28.85,24.48,16.84,409.0,0.285,62.0,15.16,16.0,3.91,0.8009999999999999,0.203,15.61,7.89,17.65,25.53,27.79,14.49
745163,2024-06-22,2024,642731,R,571945,R,field_out,False,False,213.0,0.248,42.0,19.72,6.0,2.82,0.693,0.16299999999999998,20.0,9.83,19.65,29.48,35.23,20.19,380.0,0.276,84.0,22.11,15.0,3.95,0.767,0.172,21.44,11.24,17.01,28.25,38.17,20.1,179.0,0.246,31.0,17.32,5.0,2.79,0.696,0.175,14.42,7.04,19.87,26.92,29.24,15.42,453.0,0.279,75.0,16.56,23.0,5.08,0.746,0.1429999999999999,17.63,8.64,17.74,26.38,27.28,13.98
745163,2024-06-22,2024,666185,L,663546,R,strikeout,True,False,39.0,0.152,13.0,33.33,4.0,10.26,0.438,0.03,37.35,17.82,14.94,32.76,22.62,21.31,170.0,0.196,37.0,21.76,14.0,8.24,0.592,0.1079999999999999,22.71,10.14,18.91,29.05,25.44,21.14,57.0,0.14,10.0,17.54,4.0,7.02,0.598,0.24,10.53,4.72,21.7,26.42,24.24,16.39,60.0,0.294,12.0,20.0,5.0,8.33,0.863,0.196,23.21,11.4,16.67,28.07,21.78,17.65
745163,2024-06-22,2024,691026,R,663546,R,single,False,False,165.0,0.313,27.0,16.36,12.0,7.27,0.751,0.08200000000000002,15.62,7.36,18.26,25.63,30.0,12.86,100.0,0.161,19.0,19.0,9.0,9.0,0.478,0.0799999999999999,21.56,9.11,22.03,31.14,24.87,14.88,72.0,0.214,20.0,27.78,1.0,1.39,0.507,0.05700000000000002,29.75,13.9,24.32,38.22,37.4,26.67,79.0,0.333,19.0,24.05,8.0,10.13,0.853,0.1019999999999999,21.37,8.56,22.6,31.16,26.67,26.03
745163,2024-06-22,2024,676475,L,663546,R,home_run,False,False,172.0,0.301,26.0,15.12,7.0,4.07,0.8089999999999999,0.17099999999999999,19.88,11.37,11.86,23.23,35.22,15.57,318.0,0.243,39.0,12.26,21.0,6.6,0.698,0.156,17.66,9.16,14.01,23.17,33.05,13.13,57.0,0.14,10.0,17.54,4.0,7.02,0.598,0.24,10.53,4.72,21.7,26.42,24.24,16.39,60.0,0.294,12.0,20.0,5.0,8.33,0.863,0.196,23.21,11.4,16.67,28.07,21.78,17.65
745163,2024-06-22,2024,502671,R,663546,R,strikeout,True,False,231.0,0.214,74.0,32.03,19.0,8.23,0.6399999999999999,0.143,29.36,14.01,18.48,32.49,30.3,20.4,518.0,0.259,120.0,23.17,67.0,12.93,0.8049999999999999,0.187,27.85,12.3,17.85,30.16,25.85,17.44,72.0,0.214,20.0,27.78,1.0,1.39,0.507,0.05700000000000002,29.75,13.9,24.32,38.22,37.4,26.67,79.0,0.333,19.0,24.05,8.0,10.13,0.853,0.1019999999999999,21.37,8.56,22.6,31.16,26.67,26.03
745163,2024-06-22,2024,669357,L,663546,R,strikeout,True,False,187.0,0.211,68.0,36.36,18.0,9.63,0.749,0.253,39.52,19.55,14.7,34.25,29.9,27.2,378.0,0.231,124.0,32.8,42.0,11.11,0.7969999999999999,0.2459999999999999,35.96,17.73,12.12,29.85,28.13,25.15,57.0,0.14,10.0,17.54,4.0,7.02,0.598,0.24,10.53,4.72,21.7,26.42,24.24,16.39,60.0,0.294,12.0,20.0,5.0,8.33,0.863,0.196,23.21,11.4,16.67,28.07,21.78,17.65
745163,2024-06-22,2024,681584,R,668941,L,single,False,False,,,,,,,,,,,,,,,61.0,0.127,19.0,31.15,4.0,6.56,0.397,0.073,37.25,16.67,19.74,36.4,27.83,31.15,87.0,0.238,17.0,19.54,2.0,2.3,0.7210000000000001,0.21200000000000002,23.23,11.43,18.1,29.52,29.45,19.77,106.0,0.26,30.0,28.3,7.0,6.6,0.6890000000000001,0.1149999999999999,36.41,18.59,17.02,35.6,31.89,28.04
745163,2024-06-22,2024,682641,R,668941,L,field_out,False,False,19.0,0.188,5.0,26.32,2.0,10.53,0.7010000000000001,0.25,17.39,9.3,12.79,22.09,35.71,16.13,99.0,0.31,10.0,10.1,12.0,12.12,0.825,0.1069999999999999,11.64,4.94,17.44,22.38,22.04,14.71,87.0,0.238,17.0,19.54,2.0,2.3,0.7210000000000001,0.21200000000000002,23.23,11.43,18.1,29.52,29.45,19.77,106.0,0.26,30.0,28.3,7.0,6.6,0.6890000000000001,0.1149999999999999,36.41,18.59,17.02,35.6,31.89,28.04
745163,2024-06-22,2024,689172,L,668941,L,strikeout,True,False,16.0,0.562,3.0,18.75,0.0,0.0,1.5,0.3759999999999999,24.14,12.5,12.5,25.0,33.33,20.0,25.0,0.261,10.0,40.0,1.0,4.0,0.6399999999999999,0.0869999999999999,45.83,23.4,15.96,39.36,36.96,34.48,44.0,0.15,15.0,34.09,3.0,6.82,0.377,0.0,37.33,15.14,21.62,36.76,26.6,24.59,42.0,0.105,12.0,28.57,3.0,7.14,0.276,0.0,35.82,14.29,23.21,37.5,22.67,23.53
745163,2024-06-22,2024,671218,R,681676,R,force_out,False,False,123.0,0.278,40.0,32.52,8.0,6.5,0.76,0.15699999999999997,33.33,15.46,16.7,32.16,27.78,28.37,14.0,0.154,4.0,28.57,1.0,7.14,0.368,0.0,30.43,14.58,18.75,33.33,26.09,50.0,78.0,0.239,22.0,28.21,6.0,7.69,0.567,0.029000000000000026,33.13,16.07,13.99,30.06,29.94,18.97,,,,,,,,,,,,,,
745163,2024-06-22,2024,571448,R,592426,R,field_out,False,False,229.0,0.275,44.0,19.21,19.0,8.3,0.7330000000000001,0.11699999999999999,21.98,9.71,20.07,29.77,30.17,16.54,468.0,0.28,81.0,17.31,31.0,6.62,0.8089999999999999,0.2009999999999999,20.4,9.71,17.28,26.99,33.33,16.43,56.0,0.196,13.0,23.21,3.0,5.36,0.49,0.03899999999999998,26.13,13.94,13.94,27.88,37.14,17.81,98.0,0.182,31.0,31.63,9.0,9.18,0.5720000000000001,0.125,28.42,13.83,13.83,27.66,29.59,25.2
745163,2024-06-22,2024,680977,L,592426,R,home_run,False,False,210.0,0.251,33.0,15.71,16.0,7.62,0.746,0.16599999999999998,16.27,6.76,20.39,27.15,23.17,14.41,309.0,0.294,43.0,13.92,27.0,8.74,0.831,0.166,14.96,6.32,19.2,25.52,22.53,13.27,41.0,0.344,7.0,17.07,8.0,19.51,0.9630000000000001,0.15600000000000003,26.67,12.27,15.34,27.61,32.26,14.29,45.0,0.263,12.0,26.67,6.0,13.33,0.7769999999999999,0.1579999999999999,35.14,16.15,16.15,32.3,28.21,26.09
745163,2024-06-22,2024,572761,L,592426,R,field_out,False,False,68.0,0.213,20.0,29.41,6.0,8.82,0.6279999999999999,0.13099999999999998,31.15,13.97,17.65,31.62,23.44,26.67,220.0,0.167,64.0,29.09,38.0,17.27,0.616,0.1319999999999999,29.37,12.01,18.83,30.84,21.25,22.78,41.0,0.344,7.0,17.07,8.0,19.51,0.9630000000000001,0.15600000000000003,26.67,12.27,15.34,27.61,32.26,14.29,45.0,0.263,12.0,26.67,6.0,13.33,0.7769999999999999,0.1579999999999999,35.14,16.15,16.15,32.3,28.21,26.09
745163,2024-06-22,2024,686780,R,592426,R,single,False,False,36.0,0.1,13.0,36.11,5.0,13.89,0.522,0.19999999999999998,22.08,10.76,19.62,30.38,34.62,23.21,,,,,,,,,,,,,,,56.0,0.196,13.0,23.21,3.0,5.36,0.49,0.03899999999999998,26.13,13.94,13.94,27.88,37.14,17.81,98.0,0.182,31.0,31.63,9.0,9.18,0.5720000000000001,0.125,28.42,13.83,13.83,27.66,29.59,25.2
745163,2024-06-22,2024,666185,L,592426,R,single,False,False,39.0,0.152,13.0,33.33,4.0,10.26,0.438,0.03,37.35,17.82,14.94,32.76,22.62,21.31,170.0,0.196,37.0,21.76,14.0,8.24,0.592,0.1079999999999999,22.71,10.14,18.91,29.05,25.44,21.14,41.0,0.344,7.0,17.07,8.0,19.51,0.9630000000000001,0.15600000000000003,26.67,12.27,15.34,27.61,32.26,14.29,45.0,0.263,12.0,26.67,6.0,13.33,0.7769999999999999,0.1579999999999999,35.14,16.15,16.15,32.3,28.21,26.09
745163,2024-06-22,2024,691026,R,592426,R,single,False,False,165.0,0.313,27.0,16.36,12.0,7.27,0.751,0.08200000000000002,15.62,7.36,18.26,25.63,30.0,12.86,100.0,0.161,19.0,19.0,9.0,9.0,0.478,0.0799999999999999,21.56,9.11,22.03,31.14,24.87,14.88,56.0,0.196,13.0,23.21,3.0,5.36,0.49,0.03899999999999998,26.13,13.94,13.94,27.88,37.14,17.81,98.0,0.182,31.0,31.63,9.0,9.18,0.5720000000000001,0.125,28.42,13.83,13.83,27.66,29.59,25.2
745163,2024-06-22,2024,672275,L,681676,R,field_out,False,False,154.0,0.303,26.0,16.88,18.0,11.69,0.841,0.15900000000000003,20.68,9.74,13.9,23.64,25.64,14.94,240.0,0.203,70.0,29.17,13.0,5.42,0.5569999999999999,0.0989999999999999,26.61,12.88,17.55,30.43,28.93,23.81,55.0,0.222,12.0,21.82,6.0,10.91,0.7330000000000001,0.17800000000000002,27.45,12.33,14.98,27.31,25.86,19.05,,,,,,,,,,,,,,
745163,2024-06-22,2024,624585,R,681676,R,single,False,False,183.0,0.219,40.0,21.86,19.0,10.38,0.69,0.169,27.96,13.11,15.1,28.21,27.84,20.41,446.0,0.242,111.0,24.89,46.0,10.31,0.788,0.22,27.97,12.22,16.15,28.37,25.71,21.19,78.0,0.239,22.0,28.21,6.0,7.69,0.567,0.029000000000000026,33.13,16.07,13.99,30.06,29.94,18.97,,,,,,,,,,,,,,
745163,2024-06-22,2024,656305,R,681676,R,single,False,False,231.0,0.192,61.0,26.41,20.0,8.66,0.595,0.13,27.13,12.33,19.54,31.87,26.0,20.07,471.0,0.223,139.0,29.51,52.0,11.04,0.722,0.179,31.15,13.33,17.79,31.11,18.61,21.72,78.0,0.239,22.0,28.21,6.0,7.69,0.567,0.029000000000000026,33.13,16.07,13.99,30.06,29.94,18.97,,,,,,,,,,,,,,
745163,2024-06-22,2024,624424,L,681676,R,field_out,False,False,160.0,0.204,38.0,23.75,13.0,8.12,0.643,0.17,25.0,11.68,16.96,28.64,28.12,20.99,368.0,0.245,77.0,20.92,50.0,13.59,0.753,0.155,23.68,10.56,15.02,25.57,23.23,16.81,55.0,0.222,12.0,21.82,6.0,10.91,0.7330000000000001,0.17800000000000002,27.45,12.33,14.98,27.31,25.86,19.05,,,,,,,,,,,,,,
745163,2024-06-22,2024,642731,R,681676,R,field_out,False,False,213.0,0.248,42.0,19.72,6.0,2.82,0.693,0.16299999999999998,20.0,9.83,19.65,29.48,35.23,20.19,380.0,0.276,84.0,22.11,15.0,3.95,0.767,0.172,21.44,11.24,17.01,28.25,38.17,20.1,78.0,0.239,22.0,28.21,6.0,7.69,0.567,0.029000000000000026,33.13,16.07,13.99,30.06,29.94,18.97,,,,,,,,,,,,,,
745163,2024-06-22,2024,676475,L,702352,R,strikeout,True,False,172.0,0.301,26.0,15.12,7.0,4.07,0.8089999999999999,0.17099999999999999,19.88,11.37,11.86,23.23,35.22,15.57,318.0,0.243,39.0,12.26,21.0,6.6,0.698,0.156,17.66,9.16,14.01,23.17,33.05,13.13,9.0,0.5,1.0,11.11,1.0,11.11,1.931,0.875,27.27,9.68,25.81,35.48,23.53,12.5,,,,,,,,,,,,,,
745163,2024-06-22,2024,502671,R,702352,R,field_out,False,False,231.0,0.214,74.0,32.03,19.0,8.23,0.6399999999999999,0.143,29.36,14.01,18.48,32.49,30.3,20.4,518.0,0.259,120.0,23.17,67.0,12.93,0.8049999999999999,0.187,27.85,12.3,17.85,30.16,25.85,17.44,13.0,0.167,4.0,30.77,1.0,7.69,0.648,0.24999999999999997,19.23,9.26,20.37,29.63,38.46,19.05,,,,,,,,,,,,,,
745163,2024-06-22,2024,669357,L,702352,R,strikeout,True,False,187.0,0.211,68.0,36.36,18.0,9.63,0.749,0.253,39.52,19.55,14.7,34.25,29.9,27.2,378.0,0.231,124.0,32.8,42.0,11.11,0.7969999999999999,0.2459999999999999,35.96,17.73,12.12,29.85,28.13,25.15,9.0,0.5,1.0,11.11,1.0,11.11,1.931,0.875,27.27,9.68,25.81,35.48,23.53,12.5,,,,,,,,,,,,,,
745163,2024-06-22,2024,681584,R,681517,R,strikeout,True,False,,,,,,,,,,,,,,,79.0,0.159,26.0,32.91,7.0,8.86,0.672,0.247,39.39,16.46,19.94,36.39,24.84,25.49,60.0,0.179,9.0,15.0,3.0,5.0,0.431,0.035,24.56,13.59,9.71,23.3,34.65,17.65,13.0,0.375,2.0,15.38,4.0,30.77,1.615,0.625,35.29,12.0,18.0,30.0,7.41,25.0
745163,2024-06-22,2024,682641,R,681517,R,field_out,False,False,70.0,0.232,5.0,7.14,1.0,1.43,0.5469999999999999,0.07199999999999998,10.92,5.78,14.67,20.44,36.29,10.0,154.0,0.215,23.0,14.94,8.0,5.19,0.56,0.0839999999999999,20.15,9.82,15.18,25.0,27.53,17.29,60.0,0.179,9.0,15.0,3.0,5.0,0.431,0.035,24.56,13.59,9.71,23.3,34.65,17.65,13.0,0.375,2.0,15.38,4.0,30.77,1.615,0.625,35.29,12.0,18.0,30.0,7.41,25.0
745163,2024-06-22,2024,689172,L,681517,R,double,False,False,70.0,0.231,14.0,20.0,4.0,5.71,0.579,0.07699999999999999,20.0,9.51,18.63,28.14,33.87,17.95,106.0,0.155,30.0,28.3,8.0,7.55,0.4639999999999999,0.092,28.32,14.65,14.19,28.83,32.6,19.86,36.0,0.273,7.0,19.44,3.0,8.33,0.6970000000000001,0.09099999999999997,22.73,10.64,17.02,27.66,25.35,17.95,2.0,1.0,0.0,0.0,1.0,50.0,3.0,1.0,0.0,0.0,12.5,12.5,0.0,
745163,2024-06-22,2024,671218,R,681517,R,field_out,False,False,123.0,0.278,40.0,32.52,8.0,6.5,0.76,0.15699999999999997,33.33,15.46,16.7,32.16,27.78,28.37,14.0,0.154,4.0,28.57,1.0,7.14,0.368,0.0,30.43,14.58,18.75,33.33,26.09,50.0,60.0,0.179,9.0,15.0,3.0,5.0,0.431,0.035,24.56,13.59,9.71,23.3,34.65,17.65,13.0,0.375,2.0,15.38,4.0,30.77,1.615,0.625,35.29,12.0,18.0,30.0,7.41,25.0
745402,2024-06-22,2024,668930,L,681190,R,walk,False,True,237.0,0.299,37.0,15.61,20.0,8.44,0.776,0.118,12.94,5.97,18.76,24.73,25.12,14.45,376.0,0.224,82.0,21.81,30.0,7.98,0.608,0.097,22.03,10.83,16.08,26.9,28.59,16.14,78.0,0.465,8.0,10.26,5.0,6.41,1.238,0.26699999999999996,17.9,9.01,11.49,20.5,25.0,7.77,80.0,0.206,10.0,12.5,8.0,10.0,0.73,0.22,15.33,6.89,18.36,25.25,23.33,11.36
745402,2024-06-22,2024,661388,R,681190,R,strikeout,True,False,256.0,0.299,47.0,18.36,23.0,8.98,0.843,0.177,28.82,13.61,14.35,27.96,24.6,17.74,434.0,0.262,94.0,21.66,42.0,9.68,0.72,0.119,27.61,11.63,19.55,31.17,24.86,18.08,117.0,0.275,20.0,17.09,4.0,3.42,0.7989999999999999,0.21999999999999997,22.08,11.28,15.49,26.77,25.85,14.81,86.0,0.216,23.0,26.74,10.0,11.63,0.637,0.095,19.88,9.34,17.58,26.92,34.01,18.11
745402,2024-06-22,2024,592885,L,681190,R,walk,False,True,147.0,0.315,29.0,19.73,18.0,12.24,0.877,0.16499999999999998,21.61,9.9,13.09,22.99,24.76,15.59,473.0,0.294,103.0,21.78,64.0,13.53,0.882,0.195,26.99,11.53,15.4,26.93,23.89,19.07,78.0,0.465,8.0,10.26,5.0,6.41,1.238,0.26699999999999996,17.9,9.01,11.49,20.5,25.0,7.77,80.0,0.206,10.0,12.5,8.0,10.0,0.73,0.22,15.33,6.89,18.36,25.25,23.33,11.36
745402,2024-06-22,2024,642715,R,681190,R,field_out,False,False,254.0,0.263,57.0,22.44,27.0,10.63,0.817,0.20999999999999996,29.07,13.97,14.67,28.64,26.29,18.45,480.0,0.212,117.0,24.38,47.0,9.79,0.702,0.194,32.44,16.53,12.85,29.38,32.69,19.28,117.0,0.275,20.0,17.09,4.0,3.42,0.7989999999999999,0.21999999999999997,22.08,11.28,15.49,26.77,25.85,14.81,86.0,0.216,23.0,26.74,10.0,11.63,0.637,0.095,19.88,9.34,17.58,26.92,34.01,18.11
745402,2024-06-22,2024,650333,L,692230,R,field_out,False,False,200.0,0.344,5.0,2.5,8.0,4.0,0.8160000000000001,0.10000000000000003,6.0,2.91,19.28,22.19,33.88,2.92,479.0,0.362,17.0,3.55,31.0,6.47,0.891,0.122,6.51,3.2,16.58,19.78,31.29,4.11,17.0,0.438,5.0,29.41,0.0,0.0,1.063,0.187,23.68,12.86,11.43,24.29,38.46,21.74,,,,,,,,,,,,,,
745402,2024-06-22,2024,456781,R,692230,R,field_out,False,False,53.0,0.255,12.0,22.64,3.0,5.66,0.661,0.08500000000000002,20.39,9.72,20.83,30.56,28.72,15.79,297.0,0.28,68.0,22.9,29.0,9.76,0.766,0.1059999999999999,26.06,12.14,17.61,29.74,28.81,17.48,23.0,0.316,2.0,8.7,3.0,13.04,0.865,0.15799999999999997,15.0,6.59,15.38,21.98,15.91,7.41,,,,,,,,,,,,,,
745402,2024-06-22,2024,630105,L,692230,R,field_out,False,False,216.0,0.286,36.0,16.67,16.0,7.41,0.882,0.25000000000000006,17.94,8.33,17.12,25.46,23.5,13.53,367.0,0.23,59.0,16.08,36.0,9.81,0.7,0.154,14.92,6.99,16.69,23.68,24.61,14.08,17.0,0.438,5.0,29.41,0.0,0.0,1.063,0.187,23.68,12.86,11.43,24.29,38.46,21.74,,,,,,,,,,,,,,
745402,2024-06-22,2024,686217,L,681190,R,field_out,False,False,227.0,0.259,41.0,18.06,23.0,10.13,0.6619999999999999,0.059,15.12,6.03,21.81,27.84,25.84,16.53,180.0,0.261,30.0,16.67,23.0,12.78,0.722,0.1049999999999999,15.26,6.63,20.31,26.94,29.52,13.18,78.0,0.465,8.0,10.26,5.0,6.41,1.238,0.26699999999999996,17.9,9.01,11.49,20.5,25.0,7.77,80.0,0.206,10.0,12.5,8.0,10.0,0.73,0.22,15.33,6.89,18.36,25.25,23.33,11.36
745402,2024-06-22,2024,656555,R,681190,R,walk,False,True,184.0,0.231,49.0,26.63,19.0,10.33,0.768,0.213,26.89,10.95,21.03,31.98,22.42,18.99,,,,,,,,,,,,,,,117.0,0.275,20.0,17.09,4.0,3.42,0.7989999999999999,0.21999999999999997,22.08,11.28,15.49,26.77,25.85,14.81,86.0,0.216,23.0,26.74,10.0,11.63,0.637,0.095,19.88,9.34,17.58,26.92,34.01,18.11
745402,2024-06-22,2024,672012,L,681190,R,single,False,False,25.0,0.136,9.0,36.0,3.0,12.0,0.422,0.045999999999999985,26.19,10.09,20.18,30.28,18.97,31.03,,,,,,,,,,,,,,,78.0,0.465,8.0,10.26,5.0,6.41,1.238,0.26699999999999996,17.9,9.01,11.49,20.5,25.0,7.77,80.0,0.206,10.0,12.5,8.0,10.0,0.73,0.22,15.33,6.89,18.36,25.25,23.33,11.36
745402,2024-06-22,2024,687401,R,681190,R,grounded_into_double_play,False,False,165.0,0.295,21.0,12.73,23.0,13.94,0.876,0.187,15.97,6.31,21.47,27.78,22.96,10.71,13.0,0.077,3.0,23.08,0.0,0.0,0.2309999999999999,0.077,15.79,8.11,21.62,29.73,26.67,33.33,117.0,0.275,20.0,17.09,4.0,3.42,0.7989999999999999,0.21999999999999997,22.08,11.28,15.49,26.77,25.85,14.81,86.0,0.216,23.0,26.74,10.0,11.63,0.637,0.095,19.88,9.34,17.58,26.92,34.01,18.11
745402,2024-06-22,2024,592518,R,692230,R,field_out,False,False,200.0,0.28,44.0,22.0,10.0,5.0,0.698,0.10099999999999998,25.0,12.61,14.72,27.33,28.29,19.82,452.0,0.241,83.0,18.36,36.0,7.96,0.747,0.205,24.68,12.42,14.05,26.47,29.58,16.9,23.0,0.316,2.0,8.7,3.0,13.04,0.865,0.15799999999999997,15.0,6.59,15.38,21.98,15.91,7.41,,,,,,,,,,,,,,
745402,2024-06-22,2024,701538,L,692230,R,single,False,False,180.0,0.315,31.0,17.22,9.0,5.0,0.806,0.137,18.41,10.09,13.25,23.34,36.75,14.08,,,,,,,,,,,,,,,17.0,0.438,5.0,29.41,0.0,0.0,1.063,0.187,23.68,12.86,11.43,24.29,38.46,21.74,,,,,,,,,,,,,,
745402,2024-06-22,2024,444482,L,692230,R,single,False,False,48.0,0.195,10.0,20.83,6.0,12.5,0.518,0.024999999999999994,25.69,14.21,10.66,24.87,36.36,11.54,387.0,0.253,63.0,16.28,19.0,4.91,0.6739999999999999,0.131,22.16,12.01,13.06,25.07,33.57,15.04,17.0,0.438,5.0,29.41,0.0,0.0,1.063,0.187,23.68,12.86,11.43,24.29,38.46,21.74,,,,,,,,,,,,,,
745402,2024-06-22,2024,673490,R,692230,R,field_out,False,False,205.0,0.231,34.0,16.59,30.0,14.63,0.751,0.17400000000000002,17.04,6.08,24.68,30.77,17.73,11.89,435.0,0.241,94.0,21.61,55.0,12.64,0.681,0.1,18.8,7.03,23.65,30.68,19.23,15.59,23.0,0.316,2.0,8.7,3.0,13.04,0.865,0.15799999999999997,15.0,6.59,15.38,21.98,15.91,7.41,,,,,,,,,,,,,,
745402,2024-06-22,2024,694192,R,681190,R,strikeout,True,False,165.0,0.252,46.0,27.88,7.0,4.24,0.686,0.15400000000000003,31.67,15.83,19.0,34.83,36.04,25.41,,,,,,,,,,,,,,,117.0,0.275,20.0,17.09,4.0,3.42,0.7989999999999999,0.21999999999999997,22.08,11.28,15.49,26.77,25.85,14.81,86.0,0.216,23.0,26.74,10.0,11.63,0.637,0.095,19.88,9.34,17.58,26.92,34.01,18.11
745402,2024-06-22,2024,668930,L,681190,R,single,False,False,237.0,0.299,37.0,15.61,20.0,8.44,0.776,0.118,12.94,5.97,18.76,24.73,25.12,14.45,376.0,0.224,82.0,21.81,30.0,7.98,0.608,0.097,22.03,10.83,16.08,26.9,28.59,16.14,78.0,0.465,8.0,10.26,5.0,6.41,1.238,0.26699999999999996,17.9,9.01,11.49,20.5,25.0,7.77,80.0,0.206,10.0,12.5,8.0,10.0,0.73,0.22,15.33,6.89,18.36,25.25,23.33,11.36
745402,2024-06-22,2024,661388,R,681190,R,strikeout,True,False,256.0,0.299,47.0,18.36,23.0,8.98,0.843,0.177,28.82,13.61,14.35,27.96,24.6,17.74,434.0,0.262,94.0,21.66,42.0,9.68,0.72,0.119,27.61,11.63,19.55,31.17,24.86,18.08,117.0,0.275,20.0,17.09,4.0,3.42,0.7989999999999999,0.21999999999999997,22.08,11.28,15.49,26.77,25.85,14.81,86.0,0.216,23.0,26.74,10.0,11.63,0.637,0.095,19.88,9.34,17.58,26.92,34.01,18.11
745402,2024-06-22,2024,642180,L,692230,R,strikeout,True,False,84.0,0.233,17.0,20.24,8.0,9.52,0.577,0.026999999999999996,20.8,8.47,20.85,29.32,22.15,25.76,48.0,0.283,12.0,25.0,2.0,4.17,0.6599999999999999,0.065,24.1,10.93,22.4,33.33,28.95,20.0,17.0,0.438,5.0,29.41,0.0,0.0,1.063,0.187,23.68,12.86,11.43,24.29,38.46,21.74,,,,,,,,,,,,,,
745402,2024-06-22,2024,543309,R,692230,R,strikeout,True,False,40.0,0.179,15.0,37.5,1.0,2.5,0.662,0.28300000000000003,25.33,12.18,24.36,36.54,31.88,27.78,192.0,0.233,53.0,27.6,12.0,6.25,0.654,0.142,28.81,14.15,17.01,31.16,30.17,24.88,23.0,0.316,2.0,8.7,3.0,13.04,0.865,0.15799999999999997,15.0,6.59,15.38,21.98,15.91,7.41,,,,,,,,,,,,,,
745402,2024-06-22,2024,650333,L,692230,R,field_out,False,False,200.0,0.344,5.0,2.5,8.0,4.0,0.8160000000000001,0.10000000000000003,6.0,2.91,19.28,22.19,33.88,2.92,479.0,0.362,17.0,3.55,31.0,6.47,0.891,0.122,6.51,3.2,16.58,19.78,31.29,4.11,17.0,0.438,5.0,29.41,0.0,0.0,1.063,0.187,23.68,12.86,11.43,24.29,38.46,21.74,,,,,,,,,,,,,,
745402,2024-06-22,2024,592885,L,681190,R,field_out,False,False,147.0,0.315,29.0,19.73,18.0,12.24,0.877,0.16499999999999998,21.61,9.9,13.09,22.99,24.76,15.59,473.0,0.294,103.0,21.78,64.0,13.53,0.882,0.195,26.99,11.53,15.4,26.93,23.89,19.07,78.0,0.465,8.0,10.26,5.0,6.41,1.238,0.26699999999999996,17.9,9.01,11.49,20.5,25.0,7.77,80.0,0.206,10.0,12.5,8.0,10.0,0.73,0.22,15.33,6.89,18.36,25.25,23.33,11.36
745402,2024-06-22,2024,642715,R,681190,R,single,False,False,254.0,0.263,57.0,22.44,27.0,10.63,0.817,0.20999999999999996,29.07,13.97,14.67,28.64,26.29,18.45,480.0,0.212,117.0,24.38,47.0,9.79,0.702,0.194,32.44,16.53,12.85,29.38,32.69,19.28,117.0,0.275,20.0,17.09,4.0,3.42,0.7989999999999999,0.21999999999999997,22.08,11.28,15.49,26.77,25.85,14.81,86.0,0.216,23.0,26.74,10.0,11.63,0.637,0.095,19.88,9.34,17.58,26.92,34.01,18.11
745402,2024-06-22,2024,686217,L,681190,R,field_out,False,False,227.0,0.259,41.0,18.06,23.0,10.13,0.6619999999999999,0.059,15.12,6.03,21.81,27.84,25.84,16.53,180.0,0.261,30.0,16.67,23.0,12.78,0.722,0.1049999999999999,15.26,6.63,20.31,26.94,29.52,13.18,78.0,0.465,8.0,10.26,5.0,6.41,1.238,0.26699999999999996,17.9,9.01,11.49,20.5,25.0,7.77,80.0,0.206,10.0,12.5,8.0,10.0,0.73,0.22,15.33,6.89,18.36,25.25,23.33,11.36
745402,2024-06-22,2024,656555,R,681190,R,field_out,False,False,184.0,0.231,49.0,26.63,19.0,10.33,0.768,0.213,26.89,10.95,21.03,31.98,22.42,18.99,,,,,,,,,,,,,,,117.0,0.275,20.0,17.09,4.0,3.42,0.7989999999999999,0.21999999999999997,22.08,11.28,15.49,26.77,25.85,14.81,86.0,0.216,23.0,26.74,10.0,11.63,0.637,0.095,19.88,9.34,17.58,26.92,34.01,18.11
745402,2024-06-22,2024,456781,R,692230,R,single,False,False,53.0,0.255,12.0,22.64,3.0,5.66,0.661,0.08500000000000002,20.39,9.72,20.83,30.56,28.72,15.79,297.0,0.28,68.0,22.9,29.0,9.76,0.766,0.1059999999999999,26.06,12.14,17.61,29.74,28.81,17.48,23.0,0.316,2.0,8.7,3.0,13.04,0.865,0.15799999999999997,15.0,6.59,15.38,21.98,15.91,7.41,,,,,,,,,,,,,,
745402,2024-06-22,2024,630105,L,692230,R,single,False,False,216.0,0.286,36.0,16.67,16.0,7.41,0.882,0.25000000000000006,17.94,8.33,17.12,25.46,23.5,13.53,367.0,0.23,59.0,16.08,36.0,9.81,0.7,0.154,14.92,6.99,16.69,23.68,24.61,14.08,17.0,0.438,5.0,29.41,0.0,0.0,1.063,0.187,23.68,12.86,11.43,24.29,38.46,21.74,,,,,,,,,,,,,,
745402,2024-06-22,2024,592518,R,692230,R,field_out,False,False,200.0,0.28,44.0,22.0,10.0,5.0,0.698,0.10099999999999998,25.0,12.61,14.72,27.33,28.29,19.82,452.0,0.241,83.0,18.36,36.0,7.96,0.747,0.205,24.68,12.42,14.05,26.47,29.58,16.9,23.0,0.316,2.0,8.7,3.0,13.04,0.865,0.15799999999999997,15.0,6.59,15.38,21.98,15.91,7.41,,,,,,,,,,,,,,
745402,2024-06-22,2024,701538,L,692230,R,home_run,False,False,180.0,0.315,31.0,17.22,9.0,5.0,0.806,0.137,18.41,10.09,13.25,23.34,36.75,14.08,,,,,,,,,,,,,,,17.0,0.438,5.0,29.41,0.0,0.0,1.063,0.187,23.68,12.86,11.43,24.29,38.46,21.74,,,,,,,,,,,,,,
745402,2024-06-22,2024,444482,L,692230,R,field_out,False,False,48.0,0.195,10.0,20.83,6.0,12.5,0.518,0.024999999999999994,25.69,14.21,10.66,24.87,36.36,11.54,387.0,0.253,63.0,16.28,19.0,4.91,0.6739999999999999,0.131,22.16,12.01,13.06,25.07,33.57,15.04,17.0,0.438,5.0,29.41,0.0,0.0,1.063,0.187,23.68,12.86,11.43,24.29,38.46,21.74,,,,,,,,,,,,,,
745402,2024-06-22,2024,673490,R,692230,R,home_run,False,False,205.0,0.231,34.0,16.59,30.0,14.63,0.751,0.17400000000000002,17.04,6.08,24.68,30.77,17.73,11.89,435.0,0.241,94.0,21.61,55.0,12.64,0.681,0.1,18.8,7.03,23.65,30.68,19.23,15.59,23.0,0.316,2.0,8.7,3.0,13.04,0.865,0.15799999999999997,15.0,6.59,15.38,21.98,15.91,7.41,,,,,,,,,,,,,,
745402,2024-06-22,2024,642180,L,692230,R,field_out,False,False,84.0,0.233,17.0,20.24,8.0,9.52,0.577,0.026999999999999996,20.8,8.47,20.85,29.32,22.15,25.76,48.0,0.283,12.0,25.0,2.0,4.17,0.6599999999999999,0.065,24.1,10.93,22.4,33.33,28.95,20.0,17.0,0.438,5.0,29.41,0.0,0.0,1.063,0.187,23.68,12.86,11.43,24.29,38.46,21.74,,,,,,,,,,,,,,
745402,2024-06-22,2024,672012,L,681190,R,single,False,False,25.0,0.136,9.0,36.0,3.0,12.0,0.422,0.045999999999999985,26.19,10.09,20.18,30.28,18.97,31.03,,,,,,,,,,,,,,,78.0,0.465,8.0,10.26,5.0,6.41,1.238,0.26699999999999996,17.9,9.01,11.49,20.5,25.0,7.77,80.0,0.206,10.0,12.5,8.0,10.0,0.73,0.22,15.33,6.89,18.36,25.25,23.33,11.36
745402,2024-06-22,2024,687401,R,681190,R,field_out,False,False,165.0,0.295,21.0,12.73,23.0,13.94,0.876,0.187,15.97,6.31,21.47,27.78,22.96,10.71,13.0,0.077,3.0,23.08,0.0,0.0,0.2309999999999999,0.077,15.79,8.11,21.62,29.73,26.67,33.33,117.0,0.275,20.0,17.09,4.0,3.42,0.7989999999999999,0.21999999999999997,22.08,11.28,15.49,26.77,25.85,14.81,86.0,0.216,23.0,26.74,10.0,11.63,0.637,0.095,19.88,9.34,17.58,26.92,34.01,18.11
745402,2024-06-22,2024,694192,R,681190,R,force_out,False,False,165.0,0.252,46.0,27.88,7.0,4.24,0.686,0.15400000000000003,31.67,15.83,19.0,34.83,36.04,25.41,,,,,,,,,,,,,,,117.0,0.275,20.0,17.09,4.0,3.42,0.7989999999999999,0.21999999999999997,22.08,11.28,15.49,26.77,25.85,14.81,86.0,0.216,23.0,26.74,10.0,11.63,0.637,0.095,19.88,9.34,17.58,26.92,34.01,18.11
745402,2024-06-22,2024,668930,L,681190,R,single,False,False,237.0,0.299,37.0,15.61,20.0,8.44,0.776,0.118,12.94,5.97,18.76,24.73,25.12,14.45,376.0,0.224,82.0,21.81,30.0,7.98,0.608,0.097,22.03,10.83,16.08,26.9,28.59,16.14,78.0,0.465,8.0,10.26,5.0,6.41,1.238,0.26699999999999996,17.9,9.01,11.49,20.5,25.0,7.77,80.0,0.206,10.0,12.5,8.0,10.0,0.73,0.22,15.33,6.89,18.36,25.25,23.33,11.36
745402,2024-06-22,2024,661388,R,681190,R,field_out,False,False,256.0,0.299,47.0,18.36,23.0,8.98,0.843,0.177,28.82,13.61,14.35,27.96,24.6,17.74,434.0,0.262,94.0,21.66,42.0,9.68,0.72,0.119,27.61,11.63,19.55,31.17,24.86,18.08,117.0,0.275,20.0,17.09,4.0,3.42,0.7989999999999999,0.21999999999999997,22.08,11.28,15.49,26.77,25.85,14.81,86.0,0.216,23.0,26.74,10.0,11.63,0.637,0.095,19.88,9.34,17.58,26.92,34.01,18.11
745402,2024-06-22,2024,543309,R,596001,R,strikeout,True,False,40.0,0.179,15.0,37.5,1.0,2.5,0.662,0.28300000000000003,25.33,12.18,24.36,36.54,31.88,27.78,192.0,0.233,53.0,27.6,12.0,6.25,0.654,0.142,28.81,14.15,17.01,31.16,30.17,24.88,5.0,0.25,1.0,20.0,1.0,20.0,0.65,0.0,37.5,17.65,17.65,35.29,45.45,16.67,241.0,0.274,68.0,28.22,10.0,4.15,0.749,0.1649999999999999,29.91,14.13,21.14,35.28,34.26,21.05
745402,2024-06-22,2024,650333,L,596001,R,single,False,False,200.0,0.344,5.0,2.5,8.0,4.0,0.8160000000000001,0.10000000000000003,6.0,2.91,19.28,22.19,33.88,2.92,479.0,0.362,17.0,3.55,31.0,6.47,0.891,0.122,6.51,3.2,16.58,19.78,31.29,4.11,11.0,0.2,3.0,27.27,0.0,0.0,0.382,0.0,37.5,20.0,23.33,43.33,11.11,75.0,126.0,0.259,28.0,22.22,11.0,8.73,0.806,0.2139999999999999,22.01,9.83,19.66,29.49,27.23,23.53
745402,2024-06-22,2024,456781,R,596001,R,hit_by_pitch,False,False,53.0,0.255,12.0,22.64,3.0,5.66,0.661,0.08500000000000002,20.39,9.72,20.83,30.56,28.72,15.79,297.0,0.28,68.0,22.9,29.0,9.76,0.766,0.1059999999999999,26.06,12.14,17.61,29.74,28.81,17.48,5.0,0.25,1.0,20.0,1.0,20.0,0.65,0.0,37.5,17.65,17.65,35.29,45.45,16.67,241.0,0.274,68.0,28.22,10.0,4.15,0.749,0.1649999999999999,29.91,14.13,21.14,35.28,34.26,21.05
745402,2024-06-22,2024,630105,L,596001,R,grounded_into_double_play,False,False,216.0,0.286,36.0,16.67,16.0,7.41,0.882,0.25000000000000006,17.94,8.33,17.12,25.46,23.5,13.53,367.0,0.23,59.0,16.08,36.0,9.81,0.7,0.154,14.92,6.99,16.69,23.68,24.61,14.08,11.0,0.2,3.0,27.27,0.0,0.0,0.382,0.0,37.5,20.0,23.33,43.33,11.11,75.0,126.0,0.259,28.0,22.22,11.0,8.73,0.806,0.2139999999999999,22.01,9.83,19.66,29.49,27.23,23.53
745402,2024-06-22,2024,592885,L,593974,L,field_out,False,False,68.0,0.344,14.0,20.59,6.0,8.82,0.9530000000000001,0.19700000000000006,25.66,11.79,16.67,28.46,27.34,21.21,159.0,0.234,37.0,23.27,14.0,8.81,0.633,0.097,26.17,13.04,15.53,28.57,28.16,18.32,35.0,0.323,7.0,20.0,2.0,5.71,0.8520000000000001,0.129,21.82,10.0,14.17,24.17,27.12,25.93,97.0,0.138,24.0,24.74,10.0,10.31,0.483,0.0739999999999999,26.88,13.4,11.26,24.66,37.04,21.24
745402,2024-06-22,2024,642715,R,593974,L,strikeout,True,False,78.0,0.188,14.0,17.95,13.0,16.67,0.665,0.15599999999999997,27.13,11.71,13.71,25.42,20.48,19.18,160.0,0.231,48.0,30.0,24.0,15.0,0.762,0.1789999999999999,26.61,12.38,15.79,28.17,29.47,20.17,82.0,0.219,10.0,12.2,7.0,8.54,0.69,0.17800000000000002,19.62,9.57,12.96,22.53,34.38,10.64,130.0,0.229,27.0,20.77,20.0,15.38,0.758,0.175,32.0,14.15,13.75,27.9,29.08,20.3
745402,2024-06-22,2024,663368,R,593974,L,single,False,False,60.0,0.208,13.0,21.67,7.0,11.67,0.602,0.094,26.04,10.46,22.18,32.64,22.03,25.49,58.0,0.192,13.0,22.41,6.0,10.34,0.603,0.135,20.48,7.2,25.0,32.2,14.41,24.53,82.0,0.219,10.0,12.2,7.0,8.54,0.69,0.17800000000000002,19.62,9.57,12.96,22.53,34.38,10.64,130.0,0.229,27.0,20.77,20.0,15.38,0.758,0.175,32.0,14.15,13.75,27.9,29.08,20.3
745402,2024-06-22,2024,656555,R,593974,L,field_out,False,False,41.0,0.176,8.0,19.51,4.0,9.76,0.533,0.08900000000000002,26.25,12.0,18.29,30.29,27.16,13.33,,,,,,,,,,,,,,,82.0,0.219,10.0,12.2,7.0,8.54,0.69,0.17800000000000002,19.62,9.57,12.96,22.53,34.38,10.64,130.0,0.229,27.0,20.77,20.0,15.38,0.758,0.175,32.0,14.15,13.75,27.9,29.08,20.3
745402,2024-06-22,2024,592518,R,596001,R,field_out,False,False,200.0,0.28,44.0,22.0,10.0,5.0,0.698,0.10099999999999998,25.0,12.61,14.72,27.33,28.29,19.82,452.0,0.241,83.0,18.36,36.0,7.96,0.747,0.205,24.68,12.42,14.05,26.47,29.58,16.9,5.0,0.25,1.0,20.0,1.0,20.0,0.65,0.0,37.5,17.65,17.65,35.29,45.45,16.67,241.0,0.274,68.0,28.22,10.0,4.15,0.749,0.1649999999999999,29.91,14.13,21.14,35.28,34.26,21.05
745402,2024-06-22,2024,701538,L,596001,R,single,False,False,180.0,0.315,31.0,17.22,9.0,5.0,0.806,0.137,18.41,10.09,13.25,23.34,36.75,14.08,,,,,,,,,,,,,,,11.0,0.2,3.0,27.27,0.0,0.0,0.382,0.0,37.5,20.0,23.33,43.33,11.11,75.0,126.0,0.259,28.0,22.22,11.0,8.73,0.806,0.2139999999999999,22.01,9.83,19.66,29.49,27.23,23.53
745402,2024-06-22,2024,444482,L,596001,R,grounded_into_double_play,False,False,48.0,0.195,10.0,20.83,6.0,12.5,0.518,0.024999999999999994,25.69,14.21,10.66,24.87,36.36,11.54,387.0,0.253,63.0,16.28,19.0,4.91,0.6739999999999999,0.131,22.16,12.01,13.06,25.07,33.57,15.04,11.0,0.2,3.0,27.27,0.0,0.0,0.382,0.0,37.5,20.0,23.33,43.33,11.11,75.0,126.0,0.259,28.0,22.22,11.0,8.73,0.806,0.2139999999999999,22.01,9.83,19.66,29.49,27.23,23.53
745402,2024-06-22,2024,672012,L,673513,L,field_out,False,False,5.0,0.4,0.0,0.0,0.0,0.0,1.0,0.19999999999999996,16.67,9.52,14.29,23.81,33.33,0.0,,,,,,,,,,,,,,,46.0,0.243,10.0,21.74,6.0,13.04,0.665,0.08100000000000002,31.25,15.08,13.07,28.14,31.73,15.87,,,,,,,,,,,,,,
745402,2024-06-22,2024,687401,R,673513,L,single,False,False,72.0,0.207,18.0,25.0,11.0,15.28,0.7050000000000001,0.155,21.85,8.67,20.0,28.67,20.92,24.32,21.0,0.3,6.0,28.57,0.0,0.0,0.586,0.0,26.32,13.33,25.33,38.67,40.0,24.0,83.0,0.152,16.0,19.28,15.0,18.07,0.5429999999999999,0.09,25.5,11.14,12.9,24.05,23.81,17.02,,,,,,,,,,,,,,
745402,2024-06-22,2024,694192,R,673513,L,field_out,False,False,61.0,0.151,13.0,21.31,8.0,13.11,0.47,0.056999999999999995,24.0,12.3,13.11,25.41,31.03,16.25,,,,,,,,,,,,,,,83.0,0.152,16.0,19.28,15.0,18.07,0.5429999999999999,0.09,25.5,11.14,12.9,24.05,23.81,17.02,,,,,,,,,,,,,,
745402,2024-06-22,2024,668930,L,673513,L,strikeout,True,False,47.0,0.238,10.0,21.28,5.0,10.64,0.629,0.07200000000000001,15.19,6.25,20.31,26.56,18.89,18.87,73.0,0.188,12.0,16.44,8.0,10.96,0.466,0.0,20.18,7.94,23.47,31.41,18.75,17.39,46.0,0.243,10.0,21.74,6.0,13.04,0.665,0.08100000000000002,31.25,15.08,13.07,28.14,31.73,15.87,,,,,,,,,,,,,,
745402,2024-06-22,2024,673490,R,596001,R,single,False,False,205.0,0.231,34.0,16.59,30.0,14.63,0.751,0.17400000000000002,17.04,6.08,24.68,30.77,17.73,11.89,435.0,0.241,94.0,21.61,55.0,12.64,0.681,0.1,18.8,7.03,23.65,30.68,19.23,15.59,5.0,0.25,1.0,20.0,1.0,20.0,0.65,0.0,37.5,17.65,17.65,35.29,45.45,16.67,241.0,0.274,68.0,28.22,10.0,4.15,0.749,0.1649999999999999,29.91,14.13,21.14,35.28,34.26,21.05
745402,2024-06-22,2024,640492,R,596001,R,strikeout,True,False,33.0,0.233,8.0,24.24,3.0,9.09,0.5700000000000001,0.034,30.14,17.6,12.0,29.6,47.06,18.18,48.0,0.286,12.0,25.0,3.0,6.25,0.824,0.19,25.0,13.1,18.45,31.55,43.33,22.64,5.0,0.25,1.0,20.0,1.0,20.0,0.65,0.0,37.5,17.65,17.65,35.29,45.45,16.67,241.0,0.274,68.0,28.22,10.0,4.15,0.749,0.1649999999999999,29.91,14.13,21.14,35.28,34.26,21.05
745402,2024-06-22,2024,543309,R,596001,R,home_run,False,False,40.0,0.179,15.0,37.5,1.0,2.5,0.662,0.28300000000000003,25.33,12.18,24.36,36.54,31.88,27.78,192.0,0.233,53.0,27.6,12.0,6.25,0.654,0.142,28.81,14.15,17.01,31.16,30.17,24.88,5.0,0.25,1.0,20.0,1.0,20.0,0.65,0.0,37.5,17.65,17.65,35.29,45.45,16.67,241.0,0.274,68.0,28.22,10.0,4.15,0.749,0.1649999999999999,29.91,14.13,21.14,35.28,34.26,21.05
745402,2024-06-22,2024,650333,L,596001,R,field_out,False,False,200.0,0.344,5.0,2.5,8.0,4.0,0.8160000000000001,0.10000000000000003,6.0,2.91,19.28,22.19,33.88,2.92,479.0,0.362,17.0,3.55,31.0,6.47,0.891,0.122,6.51,3.2,16.58,19.78,31.29,4.11,11.0,0.2,3.0,27.27,0.0,0.0,0.382,0.0,37.5,20.0,23.33,43.33,11.11,75.0,126.0,0.259,28.0,22.22,11.0,8.73,0.806,0.2139999999999999,22.01,9.83,19.66,29.49,27.23,23.53
745402,2024-06-22,2024,456781,R,596001,R,field_out,False,False,53.0,0.255,12.0,22.64,3.0,5.66,0.661,0.08500000000000002,20.39,9.72,20.83,30.56,28.72,15.79,297.0,0.28,68.0,22.9,29.0,9.76,0.766,0.1059999999999999,26.06,12.14,17.61,29.74,28.81,17.48,5.0,0.25,1.0,20.0,1.0,20.0,0.65,0.0,37.5,17.65,17.65,35.29,45.45,16.67,241.0,0.274,68.0,28.22,10.0,4.15,0.749,0.1649999999999999,29.91,14.13,21.14,35.28,34.26,21.05
745402,2024-06-22,2024,661388,R,670970,L,field_out,False,False,78.0,0.296,18.0,23.08,5.0,6.41,0.6990000000000001,0.07,28.66,14.29,13.97,28.25,30.06,19.78,177.0,0.357,32.0,18.08,21.0,11.86,1.087,0.292,28.8,12.96,16.38,29.34,24.36,16.24,74.0,0.275,17.0,22.97,5.0,6.76,0.73,0.131,30.87,16.97,12.92,29.89,39.85,20.99,26.0,0.435,3.0,11.54,3.0,11.54,1.152,0.217,15.0,6.38,15.96,22.34,15.22,15.79
745402,2024-06-22,2024,592885,L,670970,L,field_out,False,False,68.0,0.344,14.0,20.59,6.0,8.82,0.9530000000000001,0.19700000000000006,25.66,11.79,16.67,28.46,27.34,21.21,159.0,0.234,37.0,23.27,14.0,8.81,0.633,0.097,26.17,13.04,15.53,28.57,28.16,18.32,50.0,0.156,18.0,36.0,3.0,6.0,0.444,0.088,30.48,15.69,17.16,32.84,31.4,22.78,18.0,0.267,5.0,27.78,2.0,11.11,0.753,0.133,20.0,8.82,19.12,27.94,20.0,23.81
745402,2024-06-22,2024,642715,R,670970,L,field_out,False,False,78.0,0.188,14.0,17.95,13.0,16.67,0.665,0.15599999999999997,27.13,11.71,13.71,25.42,20.48,19.18,160.0,0.231,48.0,30.0,24.0,15.0,0.762,0.1789999999999999,26.61,12.38,15.79,28.17,29.47,20.17,74.0,0.275,17.0,22.97,5.0,6.76,0.73,0.131,30.87,16.97,12.92,29.89,39.85,20.99,26.0,0.435,3.0,11.54,3.0,11.54,1.152,0.217,15.0,6.38,15.96,22.34,15.22,15.79
745402,2024-06-22,2024,630105,L,660600,R,field_out,False,False,216.0,0.286,36.0,16.67,16.0,7.41,0.882,0.25000000000000006,17.94,8.33,17.12,25.46,23.5,13.53,367.0,0.23,59.0,16.08,36.0,9.81,0.7,0.154,14.92,6.99,16.69,23.68,24.61,14.08,21.0,0.25,5.0,23.81,1.0,4.76,0.6359999999999999,0.09999999999999998,34.38,16.18,19.12,35.29,29.41,31.25,,,,,,,,,,,,,,
745402,2024-06-22,2024,592518,R,660600,R,field_out,False,False,200.0,0.28,44.0,22.0,10.0,5.0,0.698,0.10099999999999998,25.0,12.61,14.72,27.33,28.29,19.82,452.0,0.241,83.0,18.36,36.0,7.96,0.747,0.205,24.68,12.42,14.05,26.47,29.58,16.9,32.0,0.111,6.0,18.75,3.0,9.38,0.398,0.03699999999999999,22.64,10.43,18.26,28.7,35.94,19.35,,,,,,,,,,,,,,
745402,2024-06-22,2024,701538,L,660600,R,walk,False,True,180.0,0.315,31.0,17.22,9.0,5.0,0.806,0.137,18.41,10.09,13.25,23.34,36.75,14.08,,,,,,,,,,,,,,,21.0,0.25,5.0,23.81,1.0,4.76,0.6359999999999999,0.09999999999999998,34.38,16.18,19.12,35.29,29.41,31.25,,,,,,,,,,,,,,
745402,2024-06-22,2024,444482,L,660600,R,field_out,False,False,48.0,0.195,10.0,20.83,6.0,12.5,0.518,0.024999999999999994,25.69,14.21,10.66,24.87,36.36,11.54,387.0,0.253,63.0,16.28,19.0,4.91,0.6739999999999999,0.131,22.16,12.01,13.06,25.07,33.57,15.04,21.0,0.25,5.0,23.81,1.0,4.76,0.6359999999999999,0.09999999999999998,34.38,16.18,19.12,35.29,29.41,31.25,,,,,,,,,,,,,,
745402,2024-06-22,2024,663368,L,666745,R,strikeout,True,False,177.0,0.252,51.0,28.81,14.0,7.91,0.6990000000000001,0.125,31.06,13.25,20.52,33.77,25.0,27.72,110.0,0.231,33.0,30.0,17.0,15.45,0.715,0.1319999999999999,24.04,9.0,23.31,32.31,18.26,20.5,69.0,0.2,14.0,20.29,3.0,4.35,0.589,0.15399999999999997,21.93,10.82,16.02,26.84,23.0,25.45,177.0,0.263,28.0,15.82,17.0,9.6,0.771,0.173,23.29,11.05,16.2,27.25,27.19,15.82
745402,2024-06-22,2024,656555,R,666745,R,single,False,False,184.0,0.231,49.0,26.63,19.0,10.33,0.768,0.213,26.89,10.95,21.03,31.98,22.42,18.99,,,,,,,,,,,,,,,91.0,0.333,8.0,8.79,4.0,4.4,0.742,0.045999999999999985,13.79,6.43,16.4,22.83,22.64,12.12,197.0,0.228,44.0,22.34,11.0,5.58,0.715,0.205,20.32,9.9,18.62,28.52,31.41,16.67
745402,2024-06-22,2024,672012,L,666745,R,strikeout,True,False,25.0,0.136,9.0,36.0,3.0,12.0,0.422,0.045999999999999985,26.19,10.09,20.18,30.28,18.97,31.03,,,,,,,,,,,,,,,69.0,0.2,14.0,20.29,3.0,4.35,0.589,0.15399999999999997,21.93,10.82,16.02,26.84,23.0,25.45,177.0,0.263,28.0,15.82,17.0,9.6,0.771,0.173,23.29,11.05,16.2,27.25,27.19,15.82
745402,2024-06-22,2024,687401,R,666745,R,single,False,False,165.0,0.295,21.0,12.73,23.0,13.94,0.876,0.187,15.97,6.31,21.47,27.78,22.96,10.71,13.0,0.077,3.0,23.08,0.0,0.0,0.2309999999999999,0.077,15.79,8.11,21.62,29.73,26.67,33.33,91.0,0.333,8.0,8.79,4.0,4.4,0.742,0.045999999999999985,13.79,6.43,16.4,22.83,22.64,12.12,197.0,0.228,44.0,22.34,11.0,5.58,0.715,0.205,20.32,9.9,18.62,28.52,31.41,16.67
745402,2024-06-22,2024,641343,L,666745,R,walk,False,True,158.0,0.209,56.0,35.44,15.0,9.49,0.6799999999999999,0.17200000000000001,30.27,13.78,18.58,32.35,22.11,26.92,244.0,0.205,83.0,34.02,26.0,10.66,0.72,0.228,32.78,14.71,16.21,30.93,23.65,23.92,69.0,0.2,14.0,20.29,3.0,4.35,0.589,0.15399999999999997,21.93,10.82,16.02,26.84,23.0,25.45,177.0,0.263,28.0,15.82,17.0,9.6,0.771,0.173,23.29,11.05,16.2,27.25,27.19,15.82
745402,2024-06-22,2024,668930,L,666745,R,home_run,False,False,237.0,0.299,37.0,15.61,20.0,8.44,0.776,0.118,12.94,5.97,18.76,24.73,25.12,14.45,376.0,0.224,82.0,21.81,30.0,7.98,0.608,0.097,22.03,10.83,16.08,26.9,28.59,16.14,69.0,0.2,14.0,20.29,3.0,4.35,0.589,0.15399999999999997,21.93,10.82,16.02,26.84,23.0,25.45,177.0,0.263,28.0,15.82,17.0,9.6,0.771,0.173,23.29,11.05,16.2,27.25,27.19,15.82
745402,2024-06-22,2024,661388,R,663158,R,field_out,False,False,256.0,0.299,47.0,18.36,23.0,8.98,0.843,0.177,28.82,13.61,14.35,27.96,24.6,17.74,434.0,0.262,94.0,21.66,42.0,9.68,0.72,0.119,27.61,11.63,19.55,31.17,24.86,18.08,61.0,0.183,13.0,21.31,1.0,1.64,0.43000000000000005,0.05000000000000002,21.37,12.63,12.63,25.25,34.57,24.07,62.0,0.161,15.0,24.19,6.0,9.68,0.528,0.1249999999999999,24.39,11.86,15.81,27.67,25.62,18.75
746131,2024-06-22,2024,694384,L,689017,R,field_out,False,False,220.0,0.231,37.0,16.82,19.0,8.64,0.6599999999999999,0.12299999999999997,15.36,6.6,20.86,27.46,24.13,14.12,104.0,0.291,15.0,14.42,14.0,13.46,0.7569999999999999,0.0579999999999999,18.78,8.02,17.92,25.94,20.47,11.45,55.0,0.143,12.0,21.82,5.0,9.09,0.43999999999999995,0.061,28.42,13.57,15.58,29.15,26.61,23.53,,,,,,,,,,,,,,
746131,2024-06-22,2024,650859,L,689017,R,single,False,False,181.0,0.287,23.0,12.71,11.0,6.08,0.7230000000000001,0.09700000000000003,19.94,10.66,12.06,22.72,32.76,12.11,322.0,0.24,60.0,18.63,31.0,9.63,0.7270000000000001,0.166,24.18,11.79,13.87,25.66,28.19,14.39,55.0,0.143,12.0,21.82,5.0,9.09,0.43999999999999995,0.061,28.42,13.57,15.58,29.15,26.61,23.53,,,,,,,,,,,,,,
746131,2024-06-22,2024,621493,R,689017,R,strikeout,True,False,246.0,0.209,58.0,23.58,29.0,11.79,0.6910000000000001,0.18000000000000002,24.14,10.13,19.75,29.89,18.49,20.21,295.0,0.233,61.0,20.68,27.0,9.15,0.702,0.148,23.43,10.4,15.98,26.37,23.09,17.78,47.0,0.214,6.0,12.77,3.0,6.38,0.7290000000000001,0.23800000000000002,16.67,8.19,14.62,22.81,20.99,12.77,,,,,,,,,,,,,,
746131,2024-06-22,2024,641432,L,689017,R,strikeout,True,False,120.0,0.283,16.0,13.33,6.0,5.0,0.7150000000000001,0.11500000000000005,14.08,6.59,17.14,23.74,24.67,14.41,139.0,0.256,15.0,10.79,13.0,9.35,0.756,0.176,14.22,5.56,19.54,25.1,21.32,10.83,55.0,0.143,12.0,21.82,5.0,9.09,0.43999999999999995,0.061,28.42,13.57,15.58,29.15,26.61,23.53,,,,,,,,,,,,,,
746131,2024-06-22,2024,660271,L,663776,L,walk,False,True,114.0,0.311,24.0,21.05,10.0,8.77,0.892,0.21300000000000002,26.47,11.76,16.99,28.76,23.89,18.46,170.0,0.245,44.0,25.88,27.0,15.88,0.897,0.287,30.62,13.88,13.59,27.47,31.74,23.04,55.0,0.19,16.0,29.09,9.0,16.36,0.6559999999999999,0.09599999999999997,26.88,10.82,19.05,29.87,25.66,21.62,114.0,0.228,20.0,17.54,8.0,7.02,0.589,0.0689999999999999,26.17,12.61,14.41,27.03,35.18,16.39
746131,2024-06-22,2024,606192,R,663776,L,force_out,False,False,88.0,0.274,22.0,25.0,4.0,4.55,0.9139999999999999,0.33299999999999996,28.9,15.38,10.46,25.85,28.57,28.57,151.0,0.287,47.0,31.13,5.0,3.31,0.817,0.223,31.76,17.57,12.52,30.09,36.59,25.41,298.0,0.285,65.0,21.81,26.0,8.72,0.7649999999999999,0.134,26.57,12.42,16.09,28.51,27.35,18.62,539.0,0.262,108.0,20.04,66.0,12.24,0.746,0.129,28.03,12.89,16.14,29.04,27.7,16.95
746131,2024-06-22,2024,518692,L,663776,L,grounded_into_double_play,False,False,123.0,0.219,19.0,15.45,11.0,8.94,0.673,0.143,21.01,11.26,12.39,23.65,32.42,13.1,218.0,0.335,40.0,18.35,15.0,6.88,1.008,0.2739999999999999,21.54,11.31,11.07,22.38,26.41,16.0,55.0,0.19,16.0,29.09,9.0,16.36,0.6559999999999999,0.09599999999999997,26.88,10.82,19.05,29.87,25.66,21.62,114.0,0.228,20.0,17.54,8.0,7.02,0.589,0.0689999999999999,26.17,12.61,14.41,27.03,35.18,16.39
746131,2024-06-22,2024,681351,R,689017,R,field_out,False,False,186.0,0.285,46.0,24.73,11.0,5.91,0.794,0.17400000000000004,32.87,16.57,15.31,31.88,34.97,19.21,154.0,0.22,38.0,24.68,9.0,5.84,0.757,0.262,32.06,17.0,13.8,30.81,36.07,19.69,47.0,0.214,6.0,12.77,3.0,6.38,0.7290000000000001,0.23800000000000002,16.67,8.19,14.62,22.81,20.99,12.77,,,,,,,,,,,,,,
746131,2024-06-22,2024,687263,R,689017,R,field_out,False,False,224.0,0.214,55.0,24.55,12.0,5.36,0.677,0.19399999999999998,28.9,14.89,15.37,30.25,33.57,21.57,262.0,0.222,62.0,23.66,18.0,6.87,0.6599999999999999,0.1349999999999999,28.77,13.7,16.19,29.89,23.52,18.84,47.0,0.214,6.0,12.77,3.0,6.38,0.7290000000000001,0.23800000000000002,16.67,8.19,14.62,22.81,20.99,12.77,,,,,,,,,,,,,,
746131,2024-06-22,2024,666160,L,689017,R,field_out,False,False,175.0,0.201,45.0,25.71,11.0,6.29,0.562,0.10999999999999999,27.34,15.25,12.15,27.4,36.19,18.44,259.0,0.293,93.0,35.91,7.0,2.7,0.8620000000000001,0.249,38.62,24.01,9.43,33.44,46.84,30.07,55.0,0.143,12.0,21.82,5.0,9.09,0.43999999999999995,0.061,28.42,13.57,15.58,29.15,26.61,23.53,,,,,,,,,,,,,,
746131,2024-06-22,2024,681624,R,663776,L,strikeout,True,False,59.0,0.364,15.0,25.42,3.0,5.08,0.935,0.18100000000000005,23.26,12.1,14.52,26.61,33.86,18.07,,,,,,,,,,,,,,,298.0,0.285,65.0,21.81,26.0,8.72,0.7649999999999999,0.134,26.57,12.42,16.09,28.51,27.35,18.62,539.0,0.262,108.0,20.04,66.0,12.24,0.746,0.129,28.03,12.89,16.14,29.04,27.7,16.95
746131,2024-06-22,2024,500743,R,663776,L,field_out,False,False,66.0,0.262,4.0,6.06,5.0,7.58,0.761,0.181,12.5,5.76,14.4,20.16,25.98,6.06,145.0,0.286,12.0,8.28,8.0,5.52,0.7370000000000001,0.12,9.75,4.67,17.48,22.15,29.46,10.08,298.0,0.285,65.0,21.81,26.0,8.72,0.7649999999999999,0.134,26.57,12.42,16.09,28.51,27.35,18.62,539.0,0.262,108.0,20.04,66.0,12.24,0.746,0.129,28.03,12.89,16.14,29.04,27.7,16.95
746131,2024-06-22,2024,678246,R,663776,L,single,False,False,15.0,0.538,2.0,13.33,2.0,13.33,1.5230000000000001,0.385,12.0,5.17,18.97,24.14,17.24,12.5,93.0,0.171,14.0,15.05,14.0,15.05,0.696,0.224,21.34,9.0,16.97,25.96,17.01,13.33,298.0,0.285,65.0,21.81,26.0,8.72,0.7649999999999999,0.134,26.57,12.42,16.09,28.51,27.35,18.62,539.0,0.262,108.0,20.04,66.0,12.24,0.746,0.129,28.03,12.89,16.14,29.04,27.7,16.95
746131,2024-06-22,2024,571771,R,663776,L,field_out,False,False,75.0,0.235,12.0,16.0,6.0,8.0,0.679,0.14700000000000002,17.65,7.53,20.79,28.32,24.65,17.14,162.0,0.239,19.0,11.73,14.0,8.64,0.642,0.099,14.84,6.54,19.31,25.86,25.95,10.67,298.0,0.285,65.0,21.81,26.0,8.72,0.7649999999999999,0.134,26.57,12.42,16.09,28.51,27.35,18.62,539.0,0.262,108.0,20.04,66.0,12.24,0.746,0.129,28.03,12.89,16.14,29.04,27.7,16.95
746131,2024-06-22,2024,683021,R,689017,R,field_out,False,False,22.0,0.167,2.0,9.09,2.0,9.09,0.508,0.05499999999999999,3.03,1.16,27.91,29.07,12.12,7.69,52.0,0.348,7.0,13.46,5.0,9.62,0.836,0.065,6.58,2.6,20.83,23.44,14.58,14.89,47.0,0.214,6.0,12.77,3.0,6.38,0.7290000000000001,0.23800000000000002,16.67,8.19,14.62,22.81,20.99,12.77,,,,,,,,,,,,,,
746131,2024-06-22,2024,666176,R,689017,R,field_out,False,False,168.0,0.173,58.0,34.52,10.0,5.95,0.5529999999999999,0.14,31.18,15.41,14.53,29.94,30.66,23.67,43.0,0.205,18.0,41.86,4.0,9.3,0.7150000000000001,0.231,40.66,20.67,14.53,35.2,30.34,25.35,47.0,0.214,6.0,12.77,3.0,6.38,0.7290000000000001,0.23800000000000002,16.67,8.19,14.62,22.81,20.99,12.77,,,,,,,,,,,,,,
746131,2024-06-22,2024,694384,L,689017,R,walk,False,True,220.0,0.231,37.0,16.82,19.0,8.64,0.6599999999999999,0.12299999999999997,15.36,6.6,20.86,27.46,24.13,14.12,104.0,0.291,15.0,14.42,14.0,13.46,0.7569999999999999,0.0579999999999999,18.78,8.02,17.92,25.94,20.47,11.45,55.0,0.143,12.0,21.82,5.0,9.09,0.43999999999999995,0.061,28.42,13.57,15.58,29.15,26.61,23.53,,,,,,,,,,,,,,
746131,2024-06-22,2024,650859,L,689017,R,field_out,False,False,181.0,0.287,23.0,12.71,11.0,6.08,0.7230000000000001,0.09700000000000003,19.94,10.66,12.06,22.72,32.76,12.11,322.0,0.24,60.0,18.63,31.0,9.63,0.7270000000000001,0.166,24.18,11.79,13.87,25.66,28.19,14.39,55.0,0.143,12.0,21.82,5.0,9.09,0.43999999999999995,0.061,28.42,13.57,15.58,29.15,26.61,23.53,,,,,,,,,,,,,,
746131,2024-06-22,2024,621035,R,663776,L,single,False,False,52.0,0.186,18.0,34.62,7.0,13.46,0.596,0.11599999999999999,36.79,18.06,9.26,27.31,18.81,26.47,162.0,0.21,59.0,36.42,19.0,11.73,0.7949999999999999,0.268,39.5,18.23,13.46,31.69,20.29,25.54,298.0,0.285,65.0,21.81,26.0,8.72,0.7649999999999999,0.134,26.57,12.42,16.09,28.51,27.35,18.62,539.0,0.262,108.0,20.04,66.0,12.24,0.746,0.129,28.03,12.89,16.14,29.04,27.7,16.95
746131,2024-06-22,2024,605131,R,663776,L,field_out,False,False,29.0,0.292,3.0,10.34,4.0,13.79,0.726,0.041000000000000036,19.15,8.74,14.56,23.3,13.33,11.11,56.0,0.08,14.0,25.0,4.0,7.14,0.264,0.02,20.37,9.28,18.99,28.27,19.09,16.67,298.0,0.285,65.0,21.81,26.0,8.72,0.7649999999999999,0.134,26.57,12.42,16.09,28.51,27.35,18.62,539.0,0.262,108.0,20.04,66.0,12.24,0.746,0.129,28.03,12.89,16.14,29.04,27.7,16.95
746131,2024-06-22,2024,660271,L,663776,L,walk,False,True,114.0,0.311,24.0,21.05,10.0,8.77,0.892,0.21300000000000002,26.47,11.76,16.99,28.76,23.89,18.46,170.0,0.245,44.0,25.88,27.0,15.88,0.897,0.287,30.62,13.88,13.59,27.47,31.74,23.04,55.0,0.19,16.0,29.09,9.0,16.36,0.6559999999999999,0.09599999999999997,26.88,10.82,19.05,29.87,25.66,21.62,114.0,0.228,20.0,17.54,8.0,7.02,0.589,0.0689999999999999,26.17,12.61,14.41,27.03,35.18,16.39
746131,2024-06-22,2024,606192,R,519326,R,strikeout,True,False,232.0,0.256,68.0,29.31,21.0,9.05,0.802,0.21299999999999997,34.75,17.97,12.75,30.72,29.82,20.99,529.0,0.249,164.0,31.0,33.0,6.24,0.718,0.1639999999999999,36.92,19.57,14.44,34.01,34.81,23.06,93.0,0.25,20.0,21.51,4.0,4.3,0.756,0.21600000000000003,24.71,12.01,15.92,27.93,28.66,19.05,,,,,,,,,,,,,,
746131,2024-06-22,2024,518692,L,519326,R,field_out,False,False,212.0,0.349,31.0,14.62,32.0,15.09,1.039,0.24,19.19,8.88,11.57,20.44,22.99,12.81,514.0,0.33,81.0,15.76,57.0,11.09,0.962,0.218,19.83,9.77,11.31,21.08,27.01,16.63,39.0,0.194,5.0,12.82,3.0,7.69,0.534,0.08400000000000002,16.18,6.96,20.25,27.22,23.75,11.9,,,,,,,,,,,,,,
746131,2024-06-22,2024,621493,R,689017,R,walk,False,True,246.0,0.209,58.0,23.58,29.0,11.79,0.6910000000000001,0.18000000000000002,24.14,10.13,19.75,29.89,18.49,20.21,295.0,0.233,61.0,20.68,27.0,9.15,0.702,0.148,23.43,10.4,15.98,26.37,23.09,17.78,47.0,0.214,6.0,12.77,3.0,6.38,0.7290000000000001,0.23800000000000002,16.67,8.19,14.62,22.81,20.99,12.77,,,,,,,,,,,,,,
746131,2024-06-22,2024,641432,L,689017,R,field_out,False,False,120.0,0.283,16.0,13.33,6.0,5.0,0.7150000000000001,0.11500000000000005,14.08,6.59,17.14,23.74,24.67,14.41,139.0,0.256,15.0,10.79,13.0,9.35,0.756,0.176,14.22,5.56,19.54,25.1,21.32,10.83,55.0,0.143,12.0,21.82,5.0,9.09,0.43999999999999995,0.061,28.42,13.57,15.58,29.15,26.61,23.53,,,,,,,,,,,,,,
746131,2024-06-22,2024,681351,R,689017,R,force_out,False,False,186.0,0.285,46.0,24.73,11.0,5.91,0.794,0.17400000000000004,32.87,16.57,15.31,31.88,34.97,19.21,154.0,0.22,38.0,24.68,9.0,5.84,0.757,0.262,32.06,17.0,13.8,30.81,36.07,19.69,47.0,0.214,6.0,12.77,3.0,6.38,0.7290000000000001,0.23800000000000002,16.67,8.19,14.62,22.81,20.99,12.77,,,,,,,,,,,,,,
746131,2024-06-22,2024,687263,R,689017,R,field_out,False,False,224.0,0.214,55.0,24.55,12.0,5.36,0.677,0.19399999999999998,28.9,14.89,15.37,30.25,33.57,21.57,262.0,0.222,62.0,23.66,18.0,6.87,0.6599999999999999,0.1349999999999999,28.77,13.7,16.19,29.89,23.52,18.84,47.0,0.214,6.0,12.77,3.0,6.38,0.7290000000000001,0.23800000000000002,16.67,8.19,14.62,22.81,20.99,12.77,,,,,,,,,,,,,,
746131,2024-06-22,2024,681624,R,519326,R,field_out,False,False,179.0,0.224,50.0,27.93,10.0,5.59,0.6659999999999999,0.155,27.73,14.84,12.7,27.53,31.99,20.92,,,,,,,,,,,,,,,93.0,0.25,20.0,21.51,4.0,4.3,0.756,0.21600000000000003,24.71,12.01,15.92,27.93,28.66,19.05,,,,,,,,,,,,,,
746131,2024-06-22,2024,500743,R,519326,R,strikeout,True,False,68.0,0.277,9.0,13.24,3.0,4.41,0.7090000000000001,0.123,12.84,5.86,19.67,25.52,27.68,15.25,279.0,0.21,36.0,12.9,18.0,6.45,0.546,0.068,19.79,9.92,16.53,26.45,34.53,12.9,93.0,0.25,20.0,21.51,4.0,4.3,0.756,0.21600000000000003,24.71,12.01,15.92,27.93,28.66,19.05,,,,,,,,,,,,,,
746131,2024-06-22,2024,678246,R,519326,R,field_out,False,False,17.0,0.133,3.0,17.65,1.0,5.88,0.443,0.134,9.38,4.35,18.84,23.19,20.0,12.5,211.0,0.206,47.0,22.27,24.0,11.37,0.6619999999999999,0.15,22.7,10.21,16.28,26.49,22.52,19.5,93.0,0.25,20.0,21.51,4.0,4.3,0.756,0.21600000000000003,24.71,12.01,15.92,27.93,28.66,19.05,,,,,,,,,,,,,,
746131,2024-06-22,2024,666160,L,689017,R,field_out,False,False,175.0,0.201,45.0,25.71,11.0,6.29,0.562,0.10999999999999999,27.34,15.25,12.15,27.4,36.19,18.44,259.0,0.293,93.0,35.91,7.0,2.7,0.8620000000000001,0.249,38.62,24.01,9.43,33.44,46.84,30.07,55.0,0.143,12.0,21.82,5.0,9.09,0.43999999999999995,0.061,28.42,13.57,15.58,29.15,26.61,23.53,,,,,,,,,,,,,,
746131,2024-06-22,2024,683021,R,689017,R,field_out,False,False,22.0,0.167,2.0,9.09,2.0,9.09,0.508,0.05499999999999999,3.03,1.16,27.91,29.07,12.12,7.69,52.0,0.348,7.0,13.46,5.0,9.62,0.836,0.065,6.58,2.6,20.83,23.44,14.58,14.89,47.0,0.214,6.0,12.77,3.0,6.38,0.7290000000000001,0.23800000000000002,16.67,8.19,14.62,22.81,20.99,12.77,,,,,,,,,,,,,,
746131,2024-06-22,2024,666176,R,689017,R,single,False,False,168.0,0.173,58.0,34.52,10.0,5.95,0.5529999999999999,0.14,31.18,15.41,14.53,29.94,30.66,23.67,43.0,0.205,18.0,41.86,4.0,9.3,0.7150000000000001,0.231,40.66,20.67,14.53,35.2,30.34,25.35,47.0,0.214,6.0,12.77,3.0,6.38,0.7290000000000001,0.23800000000000002,16.67,8.19,14.62,22.81,20.99,12.77,,,,,,,,,,,,,,
746131,2024-06-22,2024,694384,L,689017,R,field_out,False,False,220.0,0.231,37.0,16.82,19.0,8.64,0.6599999999999999,0.12299999999999997,15.36,6.6,20.86,27.46,24.13,14.12,104.0,0.291,15.0,14.42,14.0,13.46,0.7569999999999999,0.0579999999999999,18.78,8.02,17.92,25.94,20.47,11.45,55.0,0.143,12.0,21.82,5.0,9.09,0.43999999999999995,0.061,28.42,13.57,15.58,29.15,26.61,23.53,,,,,,,,,,,,,,
746131,2024-06-22,2024,571771,R,519043,L,field_out,False,False,75.0,0.235,12.0,16.0,6.0,8.0,0.679,0.14700000000000002,17.65,7.53,20.79,28.32,24.65,17.14,162.0,0.239,19.0,11.73,14.0,8.64,0.642,0.099,14.84,6.54,19.31,25.86,25.95,10.67,76.0,0.25,15.0,19.74,7.0,9.21,0.785,0.20600000000000002,27.39,14.38,14.72,29.1,32.24,17.05,156.0,0.218,48.0,30.77,10.0,6.41,0.622,0.1269999999999999,30.67,16.47,13.84,30.31,36.77,25.67
746131,2024-06-22,2024,621035,R,519043,L,field_out,False,False,52.0,0.186,18.0,34.62,7.0,13.46,0.596,0.11599999999999999,36.79,18.06,9.26,27.31,18.81,26.47,162.0,0.21,59.0,36.42,19.0,11.73,0.7949999999999999,0.268,39.5,18.23,13.46,31.69,20.29,25.54,76.0,0.25,15.0,19.74,7.0,9.21,0.785,0.20600000000000002,27.39,14.38,14.72,29.1,32.24,17.05,156.0,0.218,48.0,30.77,10.0,6.41,0.622,0.1269999999999999,30.67,16.47,13.84,30.31,36.77,25.67
746131,2024-06-22,2024,605131,R,519043,L,single,False,False,29.0,0.292,3.0,10.34,4.0,13.79,0.726,0.041000000000000036,19.15,8.74,14.56,23.3,13.33,11.11,56.0,0.08,14.0,25.0,4.0,7.14,0.264,0.02,20.37,9.28,18.99,28.27,19.09,16.67,76.0,0.25,15.0,19.74,7.0,9.21,0.785,0.20600000000000002,27.39,14.38,14.72,29.1,32.24,17.05,156.0,0.218,48.0,30.77,10.0,6.41,0.622,0.1269999999999999,30.67,16.47,13.84,30.31,36.77,25.67
746131,2024-06-22,2024,660271,L,519043,L,home_run,False,False,114.0,0.311,24.0,21.05,10.0,8.77,0.892,0.21300000000000002,26.47,11.76,16.99,28.76,23.89,18.46,170.0,0.245,44.0,25.88,27.0,15.88,0.897,0.287,30.62,13.88,13.59,27.47,31.74,23.04,49.0,0.209,9.0,18.37,6.0,12.24,0.748,0.233,24.18,10.68,17.48,28.16,26.17,14.52,62.0,0.268,12.0,19.35,5.0,8.06,0.875,0.268,21.49,10.36,14.74,25.1,31.3,15.38
746131,2024-06-22,2024,606192,R,519043,L,field_out,False,False,88.0,0.274,22.0,25.0,4.0,4.55,0.9139999999999999,0.33299999999999996,28.9,15.38,10.46,25.85,28.57,28.57,151.0,0.287,47.0,31.13,5.0,3.31,0.817,0.223,31.76,17.57,12.52,30.09,36.59,25.41,76.0,0.25,15.0,19.74,7.0,9.21,0.785,0.20600000000000002,27.39,14.38,14.72,29.1,32.24,17.05,156.0,0.218,48.0,30.77,10.0,6.41,0.622,0.1269999999999999,30.67,16.47,13.84,30.31,36.77,25.67
746131,2024-06-22,2024,650859,R,642232,L,hit_by_pitch,False,False,51.0,0.396,8.0,15.69,2.0,3.92,0.9930000000000001,0.16600000000000004,25.23,16.0,6.86,22.86,47.83,14.04,124.0,0.324,22.0,17.74,10.0,8.06,0.928,0.217,25.43,13.56,9.89,23.45,30.28,18.64,127.0,0.257,13.0,10.24,12.0,9.45,0.729,0.10999999999999999,18.14,8.42,14.58,23.0,27.78,9.22,270.0,0.268,47.0,17.41,7.0,2.59,0.716,0.1409999999999999,21.6,10.93,16.14,27.07,32.38,14.69
746131,2024-06-22,2024,621493,R,642232,L,single,False,False,63.0,0.357,13.0,20.63,6.0,9.52,0.9490000000000001,0.17900000000000005,25.25,10.0,22.0,32.0,20.66,21.67,116.0,0.303,19.0,16.38,12.0,10.34,0.896,0.222,15.0,6.62,15.67,22.3,23.32,14.73,127.0,0.257,13.0,10.24,12.0,9.45,0.729,0.10999999999999999,18.14,8.42,14.58,23.0,27.78,9.22,270.0,0.268,47.0,17.41,7.0,2.59,0.716,0.1409999999999999,21.6,10.93,16.14,27.07,32.38,14.69
746131,2024-06-22,2024,607680,R,642232,L,strikeout,True,False,59.0,0.4,9.0,15.25,3.0,5.08,1.15,0.30899999999999994,23.21,10.92,14.71,25.63,31.78,15.0,111.0,0.25,28.0,25.23,2.0,1.8,0.733,0.2219999999999999,28.46,16.17,12.7,28.87,40.87,21.05,127.0,0.257,13.0,10.24,12.0,9.45,0.729,0.10999999999999999,18.14,8.42,14.58,23.0,27.78,9.22,270.0,0.268,47.0,17.41,7.0,2.59,0.716,0.1409999999999999,21.6,10.93,16.14,27.07,32.38,14.69
746131,2024-06-22,2024,681351,R,642232,L,hit_by_pitch,False,False,57.0,0.226,15.0,26.32,3.0,5.26,0.7150000000000001,0.208,25.0,12.28,16.23,28.51,28.07,19.48,46.0,0.293,10.0,21.74,5.0,10.87,0.931,0.268,32.47,14.79,15.38,30.18,27.27,22.73,127.0,0.257,13.0,10.24,12.0,9.45,0.729,0.10999999999999999,18.14,8.42,14.58,23.0,27.78,9.22,270.0,0.268,47.0,17.41,7.0,2.59,0.716,0.1409999999999999,21.6,10.93,16.14,27.07,32.38,14.69
746131,2024-06-22,2024,687263,R,642232,L,hit_by_pitch,False,False,47.0,0.422,9.0,19.15,1.0,2.13,1.0030000000000001,0.13400000000000006,23.96,13.29,13.29,26.59,38.27,15.79,67.0,0.237,15.0,22.39,2.0,2.99,0.786,0.221,28.57,13.88,15.92,29.8,31.5,25.42,127.0,0.257,13.0,10.24,12.0,9.45,0.729,0.10999999999999999,18.14,8.42,14.58,23.0,27.78,9.22,270.0,0.268,47.0,17.41,7.0,2.59,0.716,0.1409999999999999,21.6,10.93,16.14,27.07,32.38,14.69
746131,2024-06-22,2024,666160,L,642232,L,field_out,False,False,11.0,0.0,5.0,45.45,0.0,0.0,0.0,0.0,30.43,17.5,20.0,37.5,52.38,31.25,65.0,0.222,21.0,32.31,2.0,3.08,0.548,0.0799999999999999,40.0,23.18,12.45,35.62,46.28,37.5,66.0,0.1,10.0,15.15,2.0,3.03,0.34299999999999997,0.1,22.66,12.34,16.17,28.51,29.79,14.71,106.0,0.28,20.0,18.87,6.0,5.66,0.771,0.1699999999999999,25.45,13.66,16.1,29.76,37.43,14.39
746131,2024-06-22,2024,683021,R,642232,L,strikeout,True,False,8.0,0.375,2.0,25.0,0.0,0.0,0.75,0.0,20.0,7.89,18.42,26.32,11.11,14.29,19.0,0.125,1.0,5.26,3.0,15.79,0.451,0.063,8.33,3.28,21.31,24.59,16.13,7.14,127.0,0.257,13.0,10.24,12.0,9.45,0.729,0.10999999999999999,18.14,8.42,14.58,23.0,27.78,9.22,270.0,0.268,47.0,17.41,7.0,2.59,0.716,0.1409999999999999,21.6,10.93,16.14,27.07,32.38,14.69
746131,2024-06-22,2024,518692,L,690829,R,field_out,False,False,212.0,0.349,31.0,14.62,32.0,15.09,1.039,0.24,19.19,8.88,11.57,20.44,22.99,12.81,514.0,0.33,81.0,15.76,57.0,11.09,0.962,0.218,19.83,9.77,11.31,21.08,27.01,16.63,15.0,0.231,4.0,26.67,2.0,13.33,0.641,0.07699999999999999,32.0,16.67,14.58,31.25,25.0,50.0,19.0,0.077,3.0,15.79,6.0,31.58,0.445,0.0,24.0,7.69,15.38,23.08,11.9,18.75
746131,2024-06-22,2024,681624,R,690829,R,strikeout,True,False,179.0,0.224,50.0,27.93,10.0,5.59,0.6659999999999999,0.155,27.73,14.84,12.7,27.53,31.99,20.92,,,,,,,,,,,,,,,22.0,0.316,3.0,13.64,2.0,9.09,0.725,0.0,20.45,9.18,15.31,24.49,21.74,11.11,29.0,0.333,7.0,24.14,3.0,10.34,0.914,0.1669999999999999,25.0,12.1,19.35,31.45,33.33,17.07
746131,2024-06-22,2024,500743,R,690829,R,field_out,False,False,68.0,0.277,9.0,13.24,3.0,4.41,0.7090000000000001,0.123,12.84,5.86,19.67,25.52,27.68,15.25,279.0,0.21,36.0,12.9,18.0,6.45,0.546,0.068,19.79,9.92,16.53,26.45,34.53,12.9,22.0,0.316,3.0,13.64,2.0,9.09,0.725,0.0,20.45,9.18,15.31,24.49,21.74,11.11,29.0,0.333,7.0,24.14,3.0,10.34,0.914,0.1669999999999999,25.0,12.1,19.35,31.45,33.33,17.07
746131,2024-06-22,2024,666176,R,642232,L,field_out,False,False,57.0,0.226,12.0,21.05,4.0,7.02,0.923,0.41600000000000004,35.2,18.03,9.84,27.87,30.37,14.81,19.0,0.211,7.0,36.84,0.0,0.0,0.6849999999999999,0.263,34.09,18.29,13.41,31.71,34.21,21.88,127.0,0.257,13.0,10.24,12.0,9.45,0.729,0.10999999999999999,18.14,8.42,14.58,23.0,27.78,9.22,270.0,0.268,47.0,17.41,7.0,2.59,0.716,0.1409999999999999,21.6,10.93,16.14,27.07,32.38,14.69
746131,2024-06-22,2024,694384,L,642232,L,field_out,False,False,56.0,0.205,8.0,14.29,7.0,12.5,0.656,0.13600000000000004,10.39,3.9,21.46,25.37,16.0,15.09,29.0,0.217,4.0,13.79,6.0,20.69,0.64,0.044,12.5,4.55,21.82,26.36,21.05,15.38,66.0,0.1,10.0,15.15,2.0,3.03,0.34299999999999997,0.1,22.66,12.34,16.17,28.51,29.79,14.71,106.0,0.28,20.0,18.87,6.0,5.66,0.771,0.1699999999999999,25.45,13.66,16.1,29.76,37.43,14.39
746131,2024-06-22,2024,650859,R,642232,L,field_out,False,False,51.0,0.396,8.0,15.69,2.0,3.92,0.9930000000000001,0.16600000000000004,25.23,16.0,6.86,22.86,47.83,14.04,124.0,0.324,22.0,17.74,10.0,8.06,0.928,0.217,25.43,13.56,9.89,23.45,30.28,18.64,127.0,0.257,13.0,10.24,12.0,9.45,0.729,0.10999999999999999,18.14,8.42,14.58,23.0,27.78,9.22,270.0,0.268,47.0,17.41,7.0,2.59,0.716,0.1409999999999999,21.6,10.93,16.14,27.07,32.38,14.69
746131,2024-06-22,2024,518792,L,690829,R,field_out,False,False,89.0,0.224,15.0,16.85,10.0,11.24,0.784,0.223,24.58,11.99,14.17,26.16,28.57,13.27,349.0,0.276,57.0,16.33,32.0,9.17,0.818,0.1949999999999999,20.45,9.51,16.77,26.27,27.56,15.45,15.0,0.231,4.0,26.67,2.0,13.33,0.641,0.07699999999999999,32.0,16.67,14.58,31.25,25.0,50.0,19.0,0.077,3.0,15.79,6.0,31.58,0.445,0.0,24.0,7.69,15.38,23.08,11.9,18.75
746131,2024-06-22,2024,571771,R,690829,R,field_out,False,False,97.0,0.17,22.0,22.68,9.0,9.28,0.486,0.06899999999999998,26.15,13.32,15.14,28.46,25.27,18.97,347.0,0.235,78.0,22.48,20.0,5.76,0.647,0.13,27.56,13.17,16.85,30.02,28.91,20.8,22.0,0.316,3.0,13.64,2.0,9.09,0.725,0.0,20.45,9.18,15.31,24.49,21.74,11.11,29.0,0.333,7.0,24.14,3.0,10.34,0.914,0.1669999999999999,25.0,12.1,19.35,31.45,33.33,17.07
746131,2024-06-22,2024,666158,L,690829,R,strikeout,True,False,187.0,0.218,42.0,22.46,12.0,6.42,0.5680000000000001,0.08099999999999999,19.69,8.86,18.98,27.84,20.96,20.0,,,,,,,,,,,,,,,15.0,0.231,4.0,26.67,2.0,13.33,0.641,0.07699999999999999,32.0,16.67,14.58,31.25,25.0,50.0,19.0,0.077,3.0,15.79,6.0,31.58,0.445,0.0,24.0,7.69,15.38,23.08,11.9,18.75
746131,2024-06-22,2024,621493,R,670990,R,hit_by_pitch,False,False,246.0,0.209,58.0,23.58,29.0,11.79,0.6910000000000001,0.18000000000000002,24.14,10.13,19.75,29.89,18.49,20.21,295.0,0.233,61.0,20.68,27.0,9.15,0.702,0.148,23.43,10.4,15.98,26.37,23.09,17.78,86.0,0.264,15.0,17.44,6.0,6.98,0.749,0.125,21.71,8.97,21.47,30.45,25.0,19.74,102.0,0.233,23.0,22.55,9.0,8.82,0.6220000000000001,0.046,21.23,8.86,20.05,28.9,26.96,16.08
746131,2024-06-22,2024,607680,R,670990,R,strikeout,True,False,94.0,0.22,16.0,17.02,7.0,7.45,0.7030000000000001,0.18200000000000002,21.59,10.95,15.56,26.51,34.64,14.16,95.0,0.202,22.0,23.16,4.0,4.21,0.58,0.1459999999999999,23.46,13.0,15.17,28.17,39.61,20.95,86.0,0.264,15.0,17.44,6.0,6.98,0.749,0.125,21.71,8.97,21.47,30.45,25.0,19.74,102.0,0.233,23.0,22.55,9.0,8.82,0.6220000000000001,0.046,21.23,8.86,20.05,28.9,26.96,16.08
746131,2024-06-22,2024,681351,R,670990,R,strikeout,True,False,186.0,0.285,46.0,24.73,11.0,5.91,0.794,0.17400000000000004,32.87,16.57,15.31,31.88,34.97,19.21,154.0,0.22,38.0,24.68,9.0,5.84,0.757,0.262,32.06,17.0,13.8,30.81,36.07,19.69,86.0,0.264,15.0,17.44,6.0,6.98,0.749,0.125,21.71,8.97,21.47,30.45,25.0,19.74,102.0,0.233,23.0,22.55,9.0,8.82,0.6220000000000001,0.046,21.23,8.86,20.05,28.9,26.96,16.08
746131,2024-06-22,2024,687263,R,670990,R,strikeout,True,False,224.0,0.214,55.0,24.55,12.0,5.36,0.677,0.19399999999999998,28.9,14.89,15.37,30.25,33.57,21.57,262.0,0.222,62.0,23.66,18.0,6.87,0.6599999999999999,0.1349999999999999,28.77,13.7,16.19,29.89,23.52,18.84,86.0,0.264,15.0,17.44,6.0,6.98,0.749,0.125,21.71,8.97,21.47,30.45,25.0,19.74,102.0,0.233,23.0,22.55,9.0,8.82,0.6220000000000001,0.046,21.23,8.86,20.05,28.9,26.96,16.08
746131,2024-06-22,2024,605131,R,472610,R,field_out,False,False,45.0,0.15,15.0,33.33,4.0,8.89,0.377,0.0,23.16,11.11,17.17,28.28,21.59,18.07,144.0,0.219,29.0,20.14,13.0,9.03,0.589,0.0779999999999999,23.08,9.96,18.27,28.23,20.08,20.57,78.0,0.233,18.0,23.08,4.0,5.13,0.583,0.06799999999999998,24.32,12.46,15.92,28.37,37.66,20.0,159.0,0.214,31.0,19.5,12.0,7.55,0.69,0.172,23.78,11.22,14.36,25.58,27.18,17.22
746131,2024-06-22,2024,660271,L,472610,R,single,False,False,216.0,0.33,42.0,19.44,27.0,12.5,1.1239999999999999,0.37299999999999994,28.78,13.86,13.39,27.25,29.72,17.28,429.0,0.327,99.0,23.08,64.0,14.92,1.132,0.3739999999999999,32.88,15.48,11.59,27.07,28.86,20.75,65.0,0.264,18.0,27.69,8.0,12.31,0.8089999999999999,0.16999999999999998,28.85,11.86,21.34,33.2,25.74,25.71,108.0,0.309,22.0,20.37,12.0,11.11,0.734,0.0419999999999999,27.84,13.24,12.01,25.25,30.67,20.18
746131,2024-06-22,2024,606192,R,472610,R,strikeout,True,False,232.0,0.256,68.0,29.31,21.0,9.05,0.802,0.21299999999999997,34.75,17.97,12.75,30.72,29.82,20.99,529.0,0.249,164.0,31.0,33.0,6.24,0.718,0.1639999999999999,36.92,19.57,14.44,34.01,34.81,23.06,78.0,0.233,18.0,23.08,4.0,5.13,0.583,0.06799999999999998,24.32,12.46,15.92,28.37,37.66,20.0,159.0,0.214,31.0,19.5,12.0,7.55,0.69,0.172,23.78,11.22,14.36,25.58,27.18,17.22
746131,2024-06-22,2024,518692,L,472610,R,caught_stealing_2b,False,False,212.0,0.349,31.0,14.62,32.0,15.09,1.039,0.24,19.19,8.88,11.57,20.44,22.99,12.81,514.0,0.33,81.0,15.76,57.0,11.09,0.962,0.218,19.83,9.77,11.31,21.08,27.01,16.63,65.0,0.264,18.0,27.69,8.0,12.31,0.8089999999999999,0.16999999999999998,28.85,11.86,21.34,33.2,25.74,25.71,108.0,0.309,22.0,20.37,12.0,11.11,0.734,0.0419999999999999,27.84,13.24,12.01,25.25,30.67,20.18
746131,2024-06-22,2024,666160,L,607455,L,strikeout,True,False,11.0,0.0,5.0,45.45,0.0,0.0,0.0,0.0,30.43,17.5,20.0,37.5,52.38,31.25,65.0,0.222,21.0,32.31,2.0,3.08,0.548,0.0799999999999999,40.0,23.18,12.45,35.62,46.28,37.5,24.0,0.2,8.0,33.33,2.0,8.33,0.523,0.04999999999999999,32.5,14.29,18.68,32.97,25.58,34.78,14.0,0.417,3.0,21.43,1.0,7.14,1.167,0.25,22.86,11.76,16.18,27.94,33.33,11.54
746131,2024-06-22,2024,683021,R,607455,L,field_out,False,False,8.0,0.375,2.0,25.0,0.0,0.0,0.75,0.0,20.0,7.89,18.42,26.32,11.11,14.29,19.0,0.125,1.0,5.26,3.0,15.79,0.451,0.063,8.33,3.28,21.31,24.59,16.13,7.14,40.0,0.182,7.0,17.5,5.0,12.5,0.517,0.06,19.44,8.86,12.66,21.52,22.08,20.0,21.0,0.25,3.0,14.29,4.0,19.05,0.631,0.0,20.83,10.75,12.9,23.66,31.82,8.82
746131,2024-06-22,2024,666176,R,607455,L,field_out,False,False,57.0,0.226,12.0,21.05,4.0,7.02,0.923,0.41600000000000004,35.2,18.03,9.84,27.87,30.37,14.81,19.0,0.211,7.0,36.84,0.0,0.0,0.6849999999999999,0.263,34.09,18.29,13.41,31.71,34.21,21.88,40.0,0.182,7.0,17.5,5.0,12.5,0.517,0.06,19.44,8.86,12.66,21.52,22.08,20.0,21.0,0.25,3.0,14.29,4.0,19.05,0.631,0.0,20.83,10.75,12.9,23.66,31.82,8.82
746131,2024-06-22,2024,518692,L,472610,R,field_out,False,False,212.0,0.349,31.0,14.62,32.0,15.09,1.039,0.24,19.19,8.88,11.57,20.44,22.99,12.81,514.0,0.33,81.0,15.76,57.0,11.09,0.962,0.218,19.83,9.77,11.31,21.08,27.01,16.63,65.0,0.264,18.0,27.69,8.0,12.31,0.8089999999999999,0.16999999999999998,28.85,11.86,21.34,33.2,25.74,25.71,108.0,0.309,22.0,20.37,12.0,11.11,0.734,0.0419999999999999,27.84,13.24,12.01,25.25,30.67,20.18
746131,2024-06-22,2024,681624,R,472610,R,field_out,False,False,179.0,0.224,50.0,27.93,10.0,5.59,0.6659999999999999,0.155,27.73,14.84,12.7,27.53,31.99,20.92,,,,,,,,,,,,,,,78.0,0.233,18.0,23.08,4.0,5.13,0.583,0.06799999999999998,24.32,12.46,15.92,28.37,37.66,20.0,159.0,0.214,31.0,19.5,12.0,7.55,0.69,0.172,23.78,11.22,14.36,25.58,27.18,17.22
746131,2024-06-22,2024,500743,R,472610,R,field_out,False,False,68.0,0.277,9.0,13.24,3.0,4.41,0.7090000000000001,0.123,12.84,5.86,19.67,25.52,27.68,15.25,279.0,0.21,36.0,12.9,18.0,6.45,0.546,0.068,19.79,9.92,16.53,26.45,34.53,12.9,78.0,0.233,18.0,23.08,4.0,5.13,0.583,0.06799999999999998,24.32,12.46,15.92,28.37,37.66,20.0,159.0,0.214,31.0,19.5,12.0,7.55,0.69,0.172,23.78,11.22,14.36,25.58,27.18,17.22
746131,2024-06-22,2024,694384,L,607455,L,sac_bunt,False,False,56.0,0.205,8.0,14.29,7.0,12.5,0.656,0.13600000000000004,10.39,3.9,21.46,25.37,16.0,15.09,29.0,0.217,4.0,13.79,6.0,20.69,0.64,0.044,12.5,4.55,21.82,26.36,21.05,15.38,24.0,0.2,8.0,33.33,2.0,8.33,0.523,0.04999999999999999,32.5,14.29,18.68,32.97,25.58,34.78,14.0,0.417,3.0,21.43,1.0,7.14,1.167,0.25,22.86,11.76,16.18,27.94,33.33,11.54
746131,2024-06-22,2024,650859,L,623465,R,field_out,False,False,181.0,0.287,23.0,12.71,11.0,6.08,0.7230000000000001,0.09700000000000003,19.94,10.66,12.06,22.72,32.76,12.11,322.0,0.24,60.0,18.63,31.0,9.63,0.7270000000000001,0.166,24.18,11.79,13.87,25.66,28.19,14.39,39.0,0.265,8.0,20.51,5.0,12.82,0.741,0.11699999999999999,15.85,7.03,16.76,23.78,15.66,12.7,118.0,0.222,25.0,21.19,7.0,5.93,0.663,0.167,20.91,9.98,18.0,27.98,27.4,17.61
746131,2024-06-22,2024,621493,R,623465,R,single,False,False,246.0,0.209,58.0,23.58,29.0,11.79,0.6910000000000001,0.18000000000000002,24.14,10.13,19.75,29.89,18.49,20.21,295.0,0.233,61.0,20.68,27.0,9.15,0.702,0.148,23.43,10.4,15.98,26.37,23.09,17.78,40.0,0.154,15.0,37.5,1.0,2.5,0.32899999999999996,0.0,39.02,20.92,20.92,41.83,42.65,30.43,117.0,0.131,41.0,35.04,6.0,5.13,0.406,0.0839999999999999,38.6,17.93,20.95,38.88,34.27,31.3
746131,2024-06-22,2024,607680,R,623465,R,field_out,False,False,94.0,0.22,16.0,17.02,7.0,7.45,0.7030000000000001,0.18200000000000002,21.59,10.95,15.56,26.51,34.64,14.16,95.0,0.202,22.0,23.16,4.0,4.21,0.58,0.1459999999999999,23.46,13.0,15.17,28.17,39.61,20.95,40.0,0.154,15.0,37.5,1.0,2.5,0.32899999999999996,0.0,39.02,20.92,20.92,41.83,42.65,30.43,117.0,0.131,41.0,35.04,6.0,5.13,0.406,0.0839999999999999,38.6,17.93,20.95,38.88,34.27,31.3
746131,2024-06-22,2024,518792,L,608032,R,field_out,False,False,89.0,0.224,15.0,16.85,10.0,11.24,0.784,0.223,24.58,11.99,14.17,26.16,28.57,13.27,349.0,0.276,57.0,16.33,32.0,9.17,0.818,0.1949999999999999,20.45,9.51,16.77,26.27,27.56,15.45,46.0,0.186,13.0,28.26,3.0,6.52,0.5409999999999999,0.11599999999999999,29.11,12.23,19.15,31.38,19.75,27.08,132.0,0.268,31.0,23.48,19.0,14.39,0.808,0.1609999999999999,25.8,13.01,12.66,25.67,22.18,16.85
746131,2024-06-22,2024,571771,R,608032,R,strikeout,True,False,97.0,0.17,22.0,22.68,9.0,9.28,0.486,0.06899999999999998,26.15,13.32,15.14,28.46,25.27,18.97,347.0,0.235,78.0,22.48,20.0,5.76,0.647,0.13,27.56,13.17,16.85,30.02,28.91,20.8,44.0,0.209,12.0,27.27,0.0,0.0,0.624,0.21,27.47,14.62,19.3,33.92,30.0,21.05,149.0,0.242,47.0,31.54,12.0,8.05,0.665,0.099,29.14,14.99,16.01,31.01,31.39,23.27
746131,2024-06-22,2024,666158,L,608032,R,strikeout,True,False,187.0,0.218,42.0,22.46,12.0,6.42,0.5680000000000001,0.08099999999999999,19.69,8.86,18.98,27.84,20.96,20.0,,,,,,,,,,,,,,,46.0,0.186,13.0,28.26,3.0,6.52,0.5409999999999999,0.11599999999999999,29.11,12.23,19.15,31.38,19.75,27.08,132.0,0.268,31.0,23.48,19.0,14.39,0.808,0.1609999999999999,25.8,13.01,12.66,25.67,22.18,16.85
745486,2024-06-22,2024,650490,R,683003,R,field_out,False,False,250.0,0.257,38.0,15.2,22.0,8.8,0.6910000000000001,0.10599999999999998,12.44,5.5,17.37,22.87,23.23,12.54,462.0,0.322,72.0,15.58,49.0,10.61,0.881,0.1559999999999999,18.95,8.0,18.68,26.68,19.71,15.69,159.0,0.226,34.0,21.38,8.0,5.03,0.683,0.18499999999999997,29.41,16.04,15.69,31.73,34.34,20.12,,,,,,,,,,,,,,
745486,2024-06-22,2024,664040,L,683003,R,hit_by_pitch,False,False,107.0,0.198,26.0,24.3,12.0,11.21,0.704,0.198,28.85,15.19,10.13,25.32,28.16,23.21,374.0,0.241,103.0,27.54,42.0,11.23,0.813,0.237,31.86,16.63,11.13,27.77,30.39,21.33,165.0,0.227,51.0,30.91,14.0,8.48,0.731,0.213,34.57,18.76,12.4,31.16,30.3,25.64,,,,,,,,,,,,,,
745486,2024-06-22,2024,668227,R,683003,R,walk,False,True,226.0,0.194,62.0,27.43,21.0,9.29,0.6399999999999999,0.15299999999999997,34.14,14.39,19.29,33.67,24.51,18.84,517.0,0.254,119.0,23.02,62.0,11.99,0.7769999999999999,0.1589999999999999,29.93,12.82,18.77,31.59,26.93,19.44,159.0,0.226,34.0,21.38,8.0,5.03,0.683,0.18499999999999997,29.41,16.04,15.69,31.73,34.34,20.12,,,,,,,,,,,,,,
745486,2024-06-22,2024,666139,L,683003,R,field_out,False,False,86.0,0.234,23.0,26.74,7.0,8.14,0.7749999999999999,0.24699999999999997,26.94,14.13,13.04,27.17,32.24,17.83,435.0,0.3,104.0,23.91,27.0,6.21,0.8540000000000001,0.211,29.41,15.52,12.38,27.9,34.65,18.39,165.0,0.227,51.0,30.91,14.0,8.48,0.731,0.213,34.57,18.76,12.4,31.16,30.3,25.64,,,,,,,,,,,,,,
745486,2024-06-22,2024,642708,R,683003,R,hit_by_pitch,False,False,144.0,0.302,24.0,16.67,5.0,3.47,0.7290000000000001,0.10100000000000003,22.42,12.52,13.92,26.44,38.8,15.38,353.0,0.252,72.0,20.4,18.0,5.1,0.636,0.091,25.7,13.68,14.7,28.38,39.8,19.35,159.0,0.226,34.0,21.38,8.0,5.03,0.683,0.18499999999999997,29.41,16.04,15.69,31.73,34.34,20.12,,,,,,,,,,,,,,
745486,2024-06-22,2024,642350,R,683003,R,field_out,False,False,164.0,0.217,57.0,34.76,12.0,7.32,0.69,0.17500000000000002,36.39,16.77,20.69,37.46,32.61,26.89,271.0,0.23,93.0,34.32,16.0,5.9,0.801,0.29,39.19,20.65,15.06,35.71,37.69,31.08,159.0,0.226,34.0,21.38,8.0,5.03,0.683,0.18499999999999997,29.41,16.04,15.69,31.73,34.34,20.12,,,,,,,,,,,,,,
745486,2024-06-22,2024,457705,R,621107,R,field_out,False,False,187.0,0.253,50.0,26.74,19.0,10.16,0.747,0.15699999999999997,30.75,13.12,18.73,31.85,18.23,20.66,312.0,0.254,72.0,23.08,49.0,15.71,0.767,0.137,28.77,12.06,17.2,29.26,17.59,17.52,176.0,0.297,31.0,17.61,2.0,1.14,0.819,0.21500000000000002,21.79,11.18,18.59,29.77,32.58,17.03,361.0,0.259,106.0,29.36,11.0,3.05,0.6890000000000001,0.143,27.2,13.04,21.18,34.21,34.97,26.5
745486,2024-06-22,2024,668804,L,621107,R,strikeout,True,False,233.0,0.267,48.0,20.6,23.0,9.87,0.804,0.189,27.93,13.08,13.96,27.03,26.84,18.05,438.0,0.252,94.0,21.46,45.0,10.27,0.821,0.2309999999999999,28.75,13.22,13.73,26.95,24.9,18.49,134.0,0.237,26.0,19.4,3.0,2.24,0.605,0.11399999999999999,20.09,9.84,17.67,27.52,28.43,25.24,345.0,0.21,80.0,23.19,13.0,3.77,0.594,0.144,21.17,10.93,16.75,27.67,33.11,21.82
745486,2024-06-22,2024,665833,L,621107,R,home_run,False,False,204.0,0.287,64.0,31.37,15.0,7.35,0.827,0.202,33.5,15.6,18.56,34.16,34.3,23.19,33.0,0.185,7.0,21.21,5.0,15.15,0.636,0.148,27.69,13.14,15.33,28.47,34.25,17.95,134.0,0.237,26.0,19.4,3.0,2.24,0.605,0.11399999999999999,20.09,9.84,17.67,27.52,28.43,25.24,345.0,0.21,80.0,23.19,13.0,3.77,0.594,0.144,21.17,10.93,16.75,27.67,33.11,21.82
745486,2024-06-22,2024,642133,L,621107,R,strikeout,True,False,166.0,0.243,30.0,18.07,12.0,7.23,0.637,0.09300000000000003,19.71,8.12,20.83,28.95,23.1,17.75,300.0,0.223,73.0,24.33,29.0,9.67,0.69,0.173,22.22,8.47,23.11,31.59,24.77,19.95,134.0,0.237,26.0,19.4,3.0,2.24,0.605,0.11399999999999999,20.09,9.84,17.67,27.52,28.43,25.24,345.0,0.21,80.0,23.19,13.0,3.77,0.594,0.144,21.17,10.93,16.75,27.67,33.11,21.82
745486,2024-06-22,2024,666163,L,683003,R,strikeout,True,False,139.0,0.27,37.0,26.62,15.0,10.79,0.729,0.09899999999999998,27.86,12.46,17.41,29.86,25.95,19.35,72.0,0.133,15.0,20.83,10.0,13.89,0.507,0.1169999999999999,25.64,10.56,17.96,28.52,20.41,17.5,165.0,0.227,51.0,30.91,14.0,8.48,0.731,0.213,34.57,18.76,12.4,31.16,30.3,25.64,,,,,,,,,,,,,,
745486,2024-06-22,2024,676609,R,683003,R,single,False,False,185.0,0.226,46.0,24.86,12.0,6.49,0.619,0.101,27.91,12.64,19.86,32.5,31.33,21.3,156.0,0.186,37.0,23.72,15.0,9.62,0.588,0.1009999999999999,24.9,10.03,24.36,34.39,27.59,18.69,159.0,0.226,34.0,21.38,8.0,5.03,0.683,0.18499999999999997,29.41,16.04,15.69,31.73,34.34,20.12,,,,,,,,,,,,,,
745486,2024-06-22,2024,670764,L,683003,R,strikeout,True,False,19.0,0.077,5.0,26.32,5.0,26.32,0.393,0.0,36.67,13.75,13.75,27.5,12.77,31.25,257.0,0.179,69.0,26.85,33.0,12.84,0.588,0.121,26.28,11.1,17.87,28.97,16.97,23.15,165.0,0.227,51.0,30.91,14.0,8.48,0.731,0.213,34.57,18.76,12.4,31.16,30.3,25.64,,,,,,,,,,,,,,
745486,2024-06-22,2024,693304,R,621107,R,strikeout,True,False,105.0,0.271,24.0,22.86,5.0,4.76,0.714,0.135,26.58,14.96,10.45,25.42,33.33,16.55,86.0,0.234,21.0,24.42,3.0,3.49,0.638,0.1299999999999999,30.36,15.84,12.11,27.95,27.85,22.11,176.0,0.297,31.0,17.61,2.0,1.14,0.819,0.21500000000000002,21.79,11.18,18.59,29.77,32.58,17.03,361.0,0.259,106.0,29.36,11.0,3.05,0.6890000000000001,0.143,27.2,13.04,21.18,34.21,34.97,26.5
745486,2024-06-22,2024,663647,R,621107,R,field_out,False,False,159.0,0.2,34.0,21.38,10.0,6.29,0.486,0.027999999999999997,18.29,8.19,21.25,29.44,29.41,20.73,358.0,0.26,75.0,20.95,22.0,6.15,0.721,0.1559999999999999,21.48,9.63,20.09,29.72,30.19,22.32,176.0,0.297,31.0,17.61,2.0,1.14,0.819,0.21500000000000002,21.79,11.18,18.59,29.77,32.58,17.03,361.0,0.259,106.0,29.36,11.0,3.05,0.6890000000000001,0.143,27.2,13.04,21.18,34.21,34.97,26.5
745486,2024-06-22,2024,658668,R,621107,R,single,False,False,78.0,0.217,12.0,15.38,6.0,7.69,0.5569999999999999,0.058000000000000024,23.78,12.75,14.05,26.8,35.1,11.54,261.0,0.256,43.0,16.48,14.0,5.36,0.728,0.1649999999999999,22.47,11.51,14.21,25.73,31.17,15.47,176.0,0.297,31.0,17.61,2.0,1.14,0.819,0.21500000000000002,21.79,11.18,18.59,29.77,32.58,17.03,361.0,0.259,106.0,29.36,11.0,3.05,0.6890000000000001,0.143,27.2,13.04,21.18,34.21,34.97,26.5
745486,2024-06-22,2024,669261,L,621107,R,strikeout,True,False,166.0,0.16,43.0,25.9,21.0,12.65,0.5640000000000001,0.13899999999999998,26.11,12.11,14.62,26.74,21.36,20.48,404.0,0.232,117.0,28.96,61.0,15.1,0.857,0.271,29.06,11.36,18.81,30.17,17.6,22.37,134.0,0.237,26.0,19.4,3.0,2.24,0.605,0.11399999999999999,20.09,9.84,17.67,27.52,28.43,25.24,345.0,0.21,80.0,23.19,13.0,3.77,0.594,0.144,21.17,10.93,16.75,27.67,33.11,21.82
745486,2024-06-22,2024,650490,R,683003,R,strikeout,True,False,250.0,0.257,38.0,15.2,22.0,8.8,0.6910000000000001,0.10599999999999998,12.44,5.5,17.37,22.87,23.23,12.54,462.0,0.322,72.0,15.58,49.0,10.61,0.881,0.1559999999999999,18.95,8.0,18.68,26.68,19.71,15.69,159.0,0.226,34.0,21.38,8.0,5.03,0.683,0.18499999999999997,29.41,16.04,15.69,31.73,34.34,20.12,,,,,,,,,,,,,,
745486,2024-06-22,2024,664040,L,683003,R,field_out,False,False,107.0,0.198,26.0,24.3,12.0,11.21,0.704,0.198,28.85,15.19,10.13,25.32,28.16,23.21,374.0,0.241,103.0,27.54,42.0,11.23,0.813,0.237,31.86,16.63,11.13,27.77,30.39,21.33,165.0,0.227,51.0,30.91,14.0,8.48,0.731,0.213,34.57,18.76,12.4,31.16,30.3,25.64,,,,,,,,,,,,,,
745486,2024-06-22,2024,668227,R,683003,R,strikeout,True,False,226.0,0.194,62.0,27.43,21.0,9.29,0.6399999999999999,0.15299999999999997,34.14,14.39,19.29,33.67,24.51,18.84,517.0,0.254,119.0,23.02,62.0,11.99,0.7769999999999999,0.1589999999999999,29.93,12.82,18.77,31.59,26.93,19.44,159.0,0.226,34.0,21.38,8.0,5.03,0.683,0.18499999999999997,29.41,16.04,15.69,31.73,34.34,20.12,,,,,,,,,,,,,,
745486,2024-06-22,2024,641511,R,621107,R,field_out,False,False,7.0,0.167,0.0,0.0,1.0,14.29,0.619,0.166,0.0,0.0,15.38,15.38,16.67,,115.0,0.243,25.0,21.74,8.0,6.96,0.657,0.1069999999999999,24.55,12.65,14.52,27.17,30.5,17.61,176.0,0.297,31.0,17.61,2.0,1.14,0.819,0.21500000000000002,21.79,11.18,18.59,29.77,32.58,17.03,361.0,0.259,106.0,29.36,11.0,3.05,0.6890000000000001,0.143,27.2,13.04,21.18,34.21,34.97,26.5
745486,2024-06-22,2024,457705,R,621107,R,triple,False,False,187.0,0.253,50.0,26.74,19.0,10.16,0.747,0.15699999999999997,30.75,13.12,18.73,31.85,18.23,20.66,312.0,0.254,72.0,23.08,49.0,15.71,0.767,0.137,28.77,12.06,17.2,29.26,17.59,17.52,176.0,0.297,31.0,17.61,2.0,1.14,0.819,0.21500000000000002,21.79,11.18,18.59,29.77,32.58,17.03,361.0,0.259,106.0,29.36,11.0,3.05,0.6890000000000001,0.143,27.2,13.04,21.18,34.21,34.97,26.5
745486,2024-06-22,2024,668804,L,621107,R,single,False,False,233.0,0.267,48.0,20.6,23.0,9.87,0.804,0.189,27.93,13.08,13.96,27.03,26.84,18.05,438.0,0.252,94.0,21.46,45.0,10.27,0.821,0.2309999999999999,28.75,13.22,13.73,26.95,24.9,18.49,134.0,0.237,26.0,19.4,3.0,2.24,0.605,0.11399999999999999,20.09,9.84,17.67,27.52,28.43,25.24,345.0,0.21,80.0,23.19,13.0,3.77,0.594,0.144,21.17,10.93,16.75,27.67,33.11,21.82
745486,2024-06-22,2024,665833,L,621107,R,walk,False,True,204.0,0.287,64.0,31.37,15.0,7.35,0.827,0.202,33.5,15.6,18.56,34.16,34.3,23.19,33.0,0.185,7.0,21.21,5.0,15.15,0.636,0.148,27.69,13.14,15.33,28.47,34.25,17.95,134.0,0.237,26.0,19.4,3.0,2.24,0.605,0.11399999999999999,20.09,9.84,17.67,27.52,28.43,25.24,345.0,0.21,80.0,23.19,13.0,3.77,0.594,0.144,21.17,10.93,16.75,27.67,33.11,21.82
745486,2024-06-22,2024,642133,L,621107,R,single,False,False,166.0,0.243,30.0,18.07,12.0,7.23,0.637,0.09300000000000003,19.71,8.12,20.83,28.95,23.1,17.75,300.0,0.223,73.0,24.33,29.0,9.67,0.69,0.173,22.22,8.47,23.11,31.59,24.77,19.95,134.0,0.237,26.0,19.4,3.0,2.24,0.605,0.11399999999999999,20.09,9.84,17.67,27.52,28.43,25.24,345.0,0.21,80.0,23.19,13.0,3.77,0.594,0.144,21.17,10.93,16.75,27.67,33.11,21.82
745486,2024-06-22,2024,693304,R,621107,R,force_out,False,False,105.0,0.271,24.0,22.86,5.0,4.76,0.714,0.135,26.58,14.96,10.45,25.42,33.33,16.55,86.0,0.234,21.0,24.42,3.0,3.49,0.638,0.1299999999999999,30.36,15.84,12.11,27.95,27.85,22.11,176.0,0.297,31.0,17.61,2.0,1.14,0.819,0.21500000000000002,21.79,11.18,18.59,29.77,32.58,17.03,361.0,0.259,106.0,29.36,11.0,3.05,0.6890000000000001,0.143,27.2,13.04,21.18,34.21,34.97,26.5
745486,2024-06-22,2024,663647,R,621107,R,field_out,False,False,159.0,0.2,34.0,21.38,10.0,6.29,0.486,0.027999999999999997,18.29,8.19,21.25,29.44,29.41,20.73,358.0,0.26,75.0,20.95,22.0,6.15,0.721,0.1559999999999999,21.48,9.63,20.09,29.72,30.19,22.32,176.0,0.297,31.0,17.61,2.0,1.14,0.819,0.21500000000000002,21.79,11.18,18.59,29.77,32.58,17.03,361.0,0.259,106.0,29.36,11.0,3.05,0.6890000000000001,0.143,27.2,13.04,21.18,34.21,34.97,26.5
745486,2024-06-22,2024,666139,L,683003,R,field_out,False,False,86.0,0.234,23.0,26.74,7.0,8.14,0.7749999999999999,0.24699999999999997,26.94,14.13,13.04,27.17,32.24,17.83,435.0,0.3,104.0,23.91,27.0,6.21,0.8540000000000001,0.211,29.41,15.52,12.38,27.9,34.65,18.39,165.0,0.227,51.0,30.91,14.0,8.48,0.731,0.213,34.57,18.76,12.4,31.16,30.3,25.64,,,,,,,,,,,,,,
745486,2024-06-22,2024,680700,L,683003,R,single,False,False,193.0,0.216,45.0,23.32,23.0,11.92,0.644,0.10500000000000001,27.75,13.29,13.95,27.24,26.89,19.74,82.0,0.216,10.0,12.2,6.0,7.32,0.7390000000000001,0.243,15.71,6.75,18.4,25.15,18.99,10.75,165.0,0.227,51.0,30.91,14.0,8.48,0.731,0.213,34.57,18.76,12.4,31.16,30.3,25.64,,,,,,,,,,,,,,
745486,2024-06-22,2024,642350,R,683003,R,strikeout,True,False,164.0,0.217,57.0,34.76,12.0,7.32,0.69,0.17500000000000002,36.39,16.77,20.69,37.46,32.61,26.89,271.0,0.23,93.0,34.32,16.0,5.9,0.801,0.29,39.19,20.65,15.06,35.71,37.69,31.08,159.0,0.226,34.0,21.38,8.0,5.03,0.683,0.18499999999999997,29.41,16.04,15.69,31.73,34.34,20.12,,,,,,,,,,,,,,
745486,2024-06-22,2024,666163,L,683003,R,single,False,False,139.0,0.27,37.0,26.62,15.0,10.79,0.729,0.09899999999999998,27.86,12.46,17.41,29.86,25.95,19.35,72.0,0.133,15.0,20.83,10.0,13.89,0.507,0.1169999999999999,25.64,10.56,17.96,28.52,20.41,17.5,165.0,0.227,51.0,30.91,14.0,8.48,0.731,0.213,34.57,18.76,12.4,31.16,30.3,25.64,,,,,,,,,,,,,,
745486,2024-06-22,2024,676609,R,683003,R,field_out,False,False,185.0,0.226,46.0,24.86,12.0,6.49,0.619,0.101,27.91,12.64,19.86,32.5,31.33,21.3,156.0,0.186,37.0,23.72,15.0,9.62,0.588,0.1009999999999999,24.9,10.03,24.36,34.39,27.59,18.69,159.0,0.226,34.0,21.38,8.0,5.03,0.683,0.18499999999999997,29.41,16.04,15.69,31.73,34.34,20.12,,,,,,,,,,,,,,
745486,2024-06-22,2024,658668,R,621107,R,field_out,False,False,78.0,0.217,12.0,15.38,6.0,7.69,0.5569999999999999,0.058000000000000024,23.78,12.75,14.05,26.8,35.1,11.54,261.0,0.256,43.0,16.48,14.0,5.36,0.728,0.1649999999999999,22.47,11.51,14.21,25.73,31.17,15.47,176.0,0.297,31.0,17.61,2.0,1.14,0.819,0.21500000000000002,21.79,11.18,18.59,29.77,32.58,17.03,361.0,0.259,106.0,29.36,11.0,3.05,0.6890000000000001,0.143,27.2,13.04,21.18,34.21,34.97,26.5
745486,2024-06-22,2024,669261,L,621107,R,field_out,False,False,166.0,0.16,43.0,25.9,21.0,12.65,0.5640000000000001,0.13899999999999998,26.11,12.11,14.62,26.74,21.36,20.48,404.0,0.232,117.0,28.96,61.0,15.1,0.857,0.271,29.06,11.36,18.81,30.17,17.6,22.37,134.0,0.237,26.0,19.4,3.0,2.24,0.605,0.11399999999999999,20.09,9.84,17.67,27.52,28.43,25.24,345.0,0.21,80.0,23.19,13.0,3.77,0.594,0.144,21.17,10.93,16.75,27.67,33.11,21.82
745486,2024-06-22,2024,641511,R,621107,R,field_out,False,False,7.0,0.167,0.0,0.0,1.0,14.29,0.619,0.166,0.0,0.0,15.38,15.38,16.67,,115.0,0.243,25.0,21.74,8.0,6.96,0.657,0.1069999999999999,24.55,12.65,14.52,27.17,30.5,17.61,176.0,0.297,31.0,17.61,2.0,1.14,0.819,0.21500000000000002,21.79,11.18,18.59,29.77,32.58,17.03,361.0,0.259,106.0,29.36,11.0,3.05,0.6890000000000001,0.143,27.2,13.04,21.18,34.21,34.97,26.5
745486,2024-06-22,2024,670764,L,683003,R,field_out,False,False,19.0,0.077,5.0,26.32,5.0,26.32,0.393,0.0,36.67,13.75,13.75,27.5,12.77,31.25,257.0,0.179,69.0,26.85,33.0,12.84,0.588,0.121,26.28,11.1,17.87,28.97,16.97,23.15,165.0,0.227,51.0,30.91,14.0,8.48,0.731,0.213,34.57,18.76,12.4,31.16,30.3,25.64,,,,,,,,,,,,,,
745486,2024-06-22,2024,650490,R,683003,R,field_out,False,False,250.0,0.257,38.0,15.2,22.0,8.8,0.6910000000000001,0.10599999999999998,12.44,5.5,17.37,22.87,23.23,12.54,462.0,0.322,72.0,15.58,49.0,10.61,0.881,0.1559999999999999,18.95,8.0,18.68,26.68,19.71,15.69,159.0,0.226,34.0,21.38,8.0,5.03,0.683,0.18499999999999997,29.41,16.04,15.69,31.73,34.34,20.12,,,,,,,,,,,,,,
745486,2024-06-22,2024,670623,R,683003,R,walk,False,True,226.0,0.291,34.0,15.04,22.0,9.73,0.868,0.20400000000000001,15.7,7.06,18.86,25.92,27.75,9.04,438.0,0.247,82.0,18.72,43.0,9.82,0.86,0.266,18.6,8.55,16.71,25.26,28.98,14.09,159.0,0.226,34.0,21.38,8.0,5.03,0.683,0.18499999999999997,29.41,16.04,15.69,31.73,34.34,20.12,,,,,,,,,,,,,,
745486,2024-06-22,2024,668227,R,683003,R,strikeout,True,False,226.0,0.194,62.0,27.43,21.0,9.29,0.6399999999999999,0.15299999999999997,34.14,14.39,19.29,33.67,24.51,18.84,517.0,0.254,119.0,23.02,62.0,11.99,0.7769999999999999,0.1589999999999999,29.93,12.82,18.77,31.59,26.93,19.44,159.0,0.226,34.0,21.38,8.0,5.03,0.683,0.18499999999999997,29.41,16.04,15.69,31.73,34.34,20.12,,,,,,,,,,,,,,
745486,2024-06-22,2024,457705,R,621107,R,field_out,False,False,187.0,0.253,50.0,26.74,19.0,10.16,0.747,0.15699999999999997,30.75,13.12,18.73,31.85,18.23,20.66,312.0,0.254,72.0,23.08,49.0,15.71,0.767,0.137,28.77,12.06,17.2,29.26,17.59,17.52,176.0,0.297,31.0,17.61,2.0,1.14,0.819,0.21500000000000002,21.79,11.18,18.59,29.77,32.58,17.03,361.0,0.259,106.0,29.36,11.0,3.05,0.6890000000000001,0.143,27.2,13.04,21.18,34.21,34.97,26.5
745486,2024-06-22,2024,668804,L,621107,R,strikeout,True,False,233.0,0.267,48.0,20.6,23.0,9.87,0.804,0.189,27.93,13.08,13.96,27.03,26.84,18.05,438.0,0.252,94.0,21.46,45.0,10.27,0.821,0.2309999999999999,28.75,13.22,13.73,26.95,24.9,18.49,134.0,0.237,26.0,19.4,3.0,2.24,0.605,0.11399999999999999,20.09,9.84,17.67,27.52,28.43,25.24,345.0,0.21,80.0,23.19,13.0,3.77,0.594,0.144,21.17,10.93,16.75,27.67,33.11,21.82
745486,2024-06-22,2024,665833,L,621107,R,field_out,False,False,204.0,0.287,64.0,31.37,15.0,7.35,0.827,0.202,33.5,15.6,18.56,34.16,34.3,23.19,33.0,0.185,7.0,21.21,5.0,15.15,0.636,0.148,27.69,13.14,15.33,28.47,34.25,17.95,134.0,0.237,26.0,19.4,3.0,2.24,0.605,0.11399999999999999,20.09,9.84,17.67,27.52,28.43,25.24,345.0,0.21,80.0,23.19,13.0,3.77,0.594,0.144,21.17,10.93,16.75,27.67,33.11,21.82
745486,2024-06-22,2024,666139,L,683003,R,walk,False,True,86.0,0.234,23.0,26.74,7.0,8.14,0.7749999999999999,0.24699999999999997,26.94,14.13,13.04,27.17,32.24,17.83,435.0,0.3,104.0,23.91,27.0,6.21,0.8540000000000001,0.211,29.41,15.52,12.38,27.9,34.65,18.39,165.0,0.227,51.0,30.91,14.0,8.48,0.731,0.213,34.57,18.76,12.4,31.16,30.3,25.64,,,,,,,,,,,,,,
745486,2024-06-22,2024,680700,L,683003,R,field_out,False,False,193.0,0.216,45.0,23.32,23.0,11.92,0.644,0.10500000000000001,27.75,13.29,13.95,27.24,26.89,19.74,82.0,0.216,10.0,12.2,6.0,7.32,0.7390000000000001,0.243,15.71,6.75,18.4,25.15,18.99,10.75,165.0,0.227,51.0,30.91,14.0,8.48,0.731,0.213,34.57,18.76,12.4,31.16,30.3,25.64,,,,,,,,,,,,,,
745486,2024-06-22,2024,642350,R,683003,R,strikeout,True,False,164.0,0.217,57.0,34.76,12.0,7.32,0.69,0.17500000000000002,36.39,16.77,20.69,37.46,32.61,26.89,271.0,0.23,93.0,34.32,16.0,5.9,0.801,0.29,39.19,20.65,15.06,35.71,37.69,31.08,159.0,0.226,34.0,21.38,8.0,5.03,0.683,0.18499999999999997,29.41,16.04,15.69,31.73,34.34,20.12,,,,,,,,,,,,,,
745486,2024-06-22,2024,666163,L,683003,R,strikeout,True,False,139.0,0.27,37.0,26.62,15.0,10.79,0.729,0.09899999999999998,27.86,12.46,17.41,29.86,25.95,19.35,72.0,0.133,15.0,20.83,10.0,13.89,0.507,0.1169999999999999,25.64,10.56,17.96,28.52,20.41,17.5,165.0,0.227,51.0,30.91,14.0,8.48,0.731,0.213,34.57,18.76,12.4,31.16,30.3,25.64,,,,,,,,,,,,,,
745486,2024-06-22,2024,642133,L,621107,R,field_out,False,False,166.0,0.243,30.0,18.07,12.0,7.23,0.637,0.09300000000000003,19.71,8.12,20.83,28.95,23.1,17.75,300.0,0.223,73.0,24.33,29.0,9.67,0.69,0.173,22.22,8.47,23.11,31.59,24.77,19.95,134.0,0.237,26.0,19.4,3.0,2.24,0.605,0.11399999999999999,20.09,9.84,17.67,27.52,28.43,25.24,345.0,0.21,80.0,23.19,13.0,3.77,0.594,0.144,21.17,10.93,16.75,27.67,33.11,21.82
745486,2024-06-22,2024,693304,R,621107,R,field_out,False,False,105.0,0.271,24.0,22.86,5.0,4.76,0.714,0.135,26.58,14.96,10.45,25.42,33.33,16.55,86.0,0.234,21.0,24.42,3.0,3.49,0.638,0.1299999999999999,30.36,15.84,12.11,27.95,27.85,22.11,176.0,0.297,31.0,17.61,2.0,1.14,0.819,0.21500000000000002,21.79,11.18,18.59,29.77,32.58,17.03,361.0,0.259,106.0,29.36,11.0,3.05,0.6890000000000001,0.143,27.2,13.04,21.18,34.21,34.97,26.5
745486,2024-06-22,2024,663647,R,621107,R,field_out,False,False,159.0,0.2,34.0,21.38,10.0,6.29,0.486,0.027999999999999997,18.29,8.19,21.25,29.44,29.41,20.73,358.0,0.26,75.0,20.95,22.0,6.15,0.721,0.1559999999999999,21.48,9.63,20.09,29.72,30.19,22.32,176.0,0.297,31.0,17.61,2.0,1.14,0.819,0.21500000000000002,21.79,11.18,18.59,29.77,32.58,17.03,361.0,0.259,106.0,29.36,11.0,3.05,0.6890000000000001,0.143,27.2,13.04,21.18,34.21,34.97,26.5
745486,2024-06-22,2024,676609,R,683003,R,field_out,False,False,185.0,0.226,46.0,24.86,12.0,6.49,0.619,0.101,27.91,12.64,19.86,32.5,31.33,21.3,156.0,0.186,37.0,23.72,15.0,9.62,0.588,0.1009999999999999,24.9,10.03,24.36,34.39,27.59,18.69,159.0,0.226,34.0,21.38,8.0,5.03,0.683,0.18499999999999997,29.41,16.04,15.69,31.73,34.34,20.12,,,,,,,,,,,,,,
745486,2024-06-22,2024,670764,L,683003,R,field_out,False,False,19.0,0.077,5.0,26.32,5.0,26.32,0.393,0.0,36.67,13.75,13.75,27.5,12.77,31.25,257.0,0.179,69.0,26.85,33.0,12.84,0.588,0.121,26.28,11.1,17.87,28.97,16.97,23.15,165.0,0.227,51.0,30.91,14.0,8.48,0.731,0.213,34.57,18.76,12.4,31.16,30.3,25.64,,,,,,,,,,,,,,
745486,2024-06-22,2024,650490,R,683003,R,field_out,False,False,250.0,0.257,38.0,15.2,22.0,8.8,0.6910000000000001,0.10599999999999998,12.44,5.5,17.37,22.87,23.23,12.54,462.0,0.322,72.0,15.58,49.0,10.61,0.881,0.1559999999999999,18.95,8.0,18.68,26.68,19.71,15.69,159.0,0.226,34.0,21.38,8.0,5.03,0.683,0.18499999999999997,29.41,16.04,15.69,31.73,34.34,20.12,,,,,,,,,,,,,,
745486,2024-06-22,2024,658668,R,621107,R,field_out,False,False,78.0,0.217,12.0,15.38,6.0,7.69,0.5569999999999999,0.058000000000000024,23.78,12.75,14.05,26.8,35.1,11.54,261.0,0.256,43.0,16.48,14.0,5.36,0.728,0.1649999999999999,22.47,11.51,14.21,25.73,31.17,15.47,176.0,0.297,31.0,17.61,2.0,1.14,0.819,0.21500000000000002,21.79,11.18,18.59,29.77,32.58,17.03,361.0,0.259,106.0,29.36,11.0,3.05,0.6890000000000001,0.143,27.2,13.04,21.18,34.21,34.97,26.5
745486,2024-06-22,2024,669261,L,621107,R,strikeout,True,False,166.0,0.16,43.0,25.9,21.0,12.65,0.5640000000000001,0.13899999999999998,26.11,12.11,14.62,26.74,21.36,20.48,404.0,0.232,117.0,28.96,61.0,15.1,0.857,0.271,29.06,11.36,18.81,30.17,17.6,22.37,134.0,0.237,26.0,19.4,3.0,2.24,0.605,0.11399999999999999,20.09,9.84,17.67,27.52,28.43,25.24,345.0,0.21,80.0,23.19,13.0,3.77,0.594,0.144,21.17,10.93,16.75,27.67,33.11,21.82
745486,2024-06-22,2024,641511,R,621107,R,field_out,False,False,7.0,0.167,0.0,0.0,1.0,14.29,0.619,0.166,0.0,0.0,15.38,15.38,16.67,,115.0,0.243,25.0,21.74,8.0,6.96,0.657,0.1069999999999999,24.55,12.65,14.52,27.17,30.5,17.61,176.0,0.297,31.0,17.61,2.0,1.14,0.819,0.21500000000000002,21.79,11.18,18.59,29.77,32.58,17.03,361.0,0.259,106.0,29.36,11.0,3.05,0.6890000000000001,0.143,27.2,13.04,21.18,34.21,34.97,26.5
745486,2024-06-22,2024,670623,R,670059,R,strikeout,True,False,226.0,0.291,34.0,15.04,22.0,9.73,0.868,0.20400000000000001,15.7,7.06,18.86,25.92,27.75,9.04,438.0,0.247,82.0,18.72,43.0,9.82,0.86,0.266,18.6,8.55,16.71,25.26,28.98,14.09,58.0,0.093,17.0,29.31,1.0,1.72,0.249,0.018000000000000002,28.71,13.24,21.0,34.25,28.44,26.56,132.0,0.256,32.0,24.24,13.0,9.85,0.7010000000000001,0.1119999999999999,24.65,10.91,18.93,29.84,24.05,23.88
745486,2024-06-22,2024,668227,R,670059,R,field_out,False,False,226.0,0.194,62.0,27.43,21.0,9.29,0.6399999999999999,0.15299999999999997,34.14,14.39,19.29,33.67,24.51,18.84,517.0,0.254,119.0,23.02,62.0,11.99,0.7769999999999999,0.1589999999999999,29.93,12.82,18.77,31.59,26.93,19.44,58.0,0.093,17.0,29.31,1.0,1.72,0.249,0.018000000000000002,28.71,13.24,21.0,34.25,28.44,26.56,132.0,0.256,32.0,24.24,13.0,9.85,0.7010000000000001,0.1119999999999999,24.65,10.91,18.93,29.84,24.05,23.88
745486,2024-06-22,2024,666139,L,670059,R,walk,False,True,86.0,0.234,23.0,26.74,7.0,8.14,0.7749999999999999,0.24699999999999997,26.94,14.13,13.04,27.17,32.24,17.83,435.0,0.3,104.0,23.91,27.0,6.21,0.8540000000000001,0.211,29.41,15.52,12.38,27.9,34.65,18.39,46.0,0.216,12.0,26.09,9.0,19.57,0.721,0.13499999999999998,25.93,10.71,15.31,26.02,14.85,19.67,108.0,0.255,26.0,24.07,7.0,6.48,0.665,0.1019999999999999,21.83,11.04,11.26,22.3,27.56,16.45
745486,2024-06-22,2024,680700,L,670059,R,single,False,False,193.0,0.216,45.0,23.32,23.0,11.92,0.644,0.10500000000000001,27.75,13.29,13.95,27.24,26.89,19.74,82.0,0.216,10.0,12.2,6.0,7.32,0.7390000000000001,0.243,15.71,6.75,18.4,25.15,18.99,10.75,46.0,0.216,12.0,26.09,9.0,19.57,0.721,0.13499999999999998,25.93,10.71,15.31,26.02,14.85,19.67,108.0,0.255,26.0,24.07,7.0,6.48,0.665,0.1019999999999999,21.83,11.04,11.26,22.3,27.56,16.45
745486,2024-06-22,2024,642350,R,670059,R,field_out,False,False,164.0,0.217,57.0,34.76,12.0,7.32,0.69,0.17500000000000002,36.39,16.77,20.69,37.46,32.61,26.89,271.0,0.23,93.0,34.32,16.0,5.9,0.801,0.29,39.19,20.65,15.06,35.71,37.69,31.08,58.0,0.093,17.0,29.31,1.0,1.72,0.249,0.018000000000000002,28.71,13.24,21.0,34.25,28.44,26.56,132.0,0.256,32.0,24.24,13.0,9.85,0.7010000000000001,0.1119999999999999,24.65,10.91,18.93,29.84,24.05,23.88
745486,2024-06-22,2024,457705,R,664076,L,strikeout,True,False,83.0,0.214,21.0,25.3,10.0,12.05,0.708,0.157,28.37,11.9,19.35,31.25,16.25,19.81,162.0,0.261,28.0,17.28,26.0,16.05,0.7929999999999999,0.1489999999999999,24.63,9.96,18.87,28.83,20.77,14.21,89.0,0.216,23.0,25.84,12.0,13.48,0.611,0.05400000000000002,31.18,15.23,14.37,29.6,33.15,21.3,33.0,0.133,8.0,24.24,2.0,6.06,0.579,0.2339999999999999,25.0,10.08,19.38,29.46,28.17,24.24
745486,2024-06-22,2024,668804,R,664076,L,field_out,False,False,103.0,0.281,22.0,21.36,6.0,5.83,0.778,0.177,31.47,15.62,15.87,31.49,32.86,18.64,202.0,0.285,44.0,21.78,8.0,3.96,0.727,0.13,26.99,13.48,13.48,26.96,28.29,18.57,89.0,0.216,23.0,25.84,12.0,13.48,0.611,0.05400000000000002,31.18,15.23,14.37,29.6,33.15,21.3,33.0,0.133,8.0,24.24,2.0,6.06,0.579,0.2339999999999999,25.0,10.08,19.38,29.46,28.17,24.24
745486,2024-06-22,2024,665833,L,664076,L,strikeout,True,False,67.0,0.109,25.0,37.31,3.0,4.48,0.352,0.09400000000000001,31.09,14.92,21.77,36.69,34.75,35.21,7.0,0.6,1.0,14.29,2.0,28.57,1.314,0.0,50.0,14.81,18.52,33.33,12.5,14.29,43.0,0.257,14.0,32.56,6.0,13.95,0.8240000000000001,0.172,29.55,13.61,19.37,32.98,30.85,18.92,15.0,0.182,6.0,40.0,4.0,26.67,0.5820000000000001,0.0,27.78,12.2,17.07,29.27,32.61,16.22
745486,2024-06-22,2024,676356,R,547973,L,walk,False,True,38.0,0.152,9.0,23.68,4.0,10.53,0.5760000000000001,0.18100000000000002,27.71,14.65,12.74,27.39,35.53,16.36,35.0,0.281,8.0,22.86,3.0,8.57,0.7490000000000001,0.125,27.78,15.15,13.64,28.79,41.67,17.78,78.0,0.154,35.0,44.87,13.0,16.67,0.618,0.169,36.67,14.82,17.52,32.35,22.84,28.69,200.0,0.161,86.0,43.0,26.0,13.0,0.534,0.103,41.53,18.67,19.04,37.71,23.68,36.29
745486,2024-06-22,2024,676609,R,547973,L,force_out,False,False,52.0,0.283,21.0,40.38,2.0,3.85,0.775,0.15200000000000002,39.45,21.18,19.21,40.39,41.67,26.58,124.0,0.265,29.0,23.39,13.0,10.48,0.758,0.0979999999999999,21.43,9.88,19.38,29.26,31.78,17.26,78.0,0.154,35.0,44.87,13.0,16.67,0.618,0.169,36.67,14.82,17.52,32.35,22.84,28.69,200.0,0.161,86.0,43.0,26.0,13.0,0.534,0.103,41.53,18.67,19.04,37.71,23.68,36.29
745486,2024-06-22,2024,670764,R,547973,L,strikeout,True,False,12.0,0.167,6.0,50.0,0.0,0.0,0.41700000000000004,0.08299999999999999,47.06,16.0,26.0,42.0,19.23,40.0,92.0,0.262,23.0,25.0,11.0,11.96,0.7769999999999999,0.1629999999999999,29.38,13.09,17.27,30.36,20.23,24.21,78.0,0.154,35.0,44.87,13.0,16.67,0.618,0.169,36.67,14.82,17.52,32.35,22.84,28.69,200.0,0.161,86.0,43.0,26.0,13.0,0.534,0.103,41.53,18.67,19.04,37.71,23.68,36.29
745486,2024-06-22,2024,650490,R,547973,L,double,False,False,82.0,0.293,8.0,9.76,5.0,6.1,0.716,0.09400000000000003,9.93,4.59,16.07,20.66,20.98,11.59,139.0,0.355,22.0,15.83,16.0,11.51,1.101,0.314,16.87,7.31,16.22,23.53,19.53,13.75,78.0,0.154,35.0,44.87,13.0,16.67,0.618,0.169,36.67,14.82,17.52,32.35,22.84,28.69,200.0,0.161,86.0,43.0,26.0,13.0,0.534,0.103,41.53,18.67,19.04,37.71,23.68,36.29
745486,2024-06-22,2024,670623,R,547973,L,field_out,False,False,75.0,0.269,15.0,20.0,7.0,9.33,0.735,0.119,21.37,9.03,22.9,31.94,28.14,15.46,136.0,0.259,22.0,16.18,15.0,11.03,0.773,0.146,17.06,7.6,18.37,25.97,26.71,12.64,78.0,0.154,35.0,44.87,13.0,16.67,0.618,0.169,36.67,14.82,17.52,32.35,22.84,28.69,200.0,0.161,86.0,43.0,26.0,13.0,0.534,0.103,41.53,18.67,19.04,37.71,23.68,36.29
745649,2024-06-22,2024,650489,L,683155,R,double,False,False,225.0,0.242,51.0,22.67,21.0,9.33,0.754,0.16999999999999998,27.17,13.02,15.32,28.34,28.66,18.02,280.0,0.266,73.0,26.07,23.0,8.21,0.8029999999999999,0.189,28.16,14.39,15.31,29.7,34.97,21.1,71.0,0.266,11.0,15.49,7.0,9.86,0.9630000000000001,0.359,17.28,9.3,13.29,22.59,24.41,9.57,26.0,0.304,4.0,15.38,2.0,7.69,1.124,0.435,31.82,15.05,16.13,31.18,22.5,16.67
745649,2024-06-22,2024,621043,R,683155,R,field_out,False,False,183.0,0.304,33.0,18.03,19.0,10.38,0.8320000000000001,0.15600000000000003,20.07,8.75,19.68,28.43,26.94,17.55,444.0,0.224,112.0,25.23,42.0,9.46,0.69,0.164,26.37,11.3,19.9,31.19,27.0,21.72,102.0,0.25,20.0,19.61,3.0,2.94,0.732,0.198,21.21,12.1,14.99,27.09,34.25,19.8,21.0,0.263,3.0,14.29,0.0,0.0,0.859,0.263,25.58,14.47,14.47,28.95,43.9,15.0
745649,2024-06-22,2024,663616,L,683155,R,field_out,False,False,155.0,0.255,30.0,19.35,12.0,7.74,0.75,0.185,26.57,12.57,17.45,30.02,28.68,18.59,189.0,0.228,60.0,31.75,25.0,13.23,0.766,0.21,36.25,14.96,16.71,31.67,22.55,25.75,71.0,0.266,11.0,15.49,7.0,9.86,0.9630000000000001,0.359,17.28,9.3,13.29,22.59,24.41,9.57,26.0,0.304,4.0,15.38,2.0,7.69,1.124,0.435,31.82,15.05,16.13,31.18,22.5,16.67
745649,2024-06-22,2024,668904,R,683155,R,strikeout,True,False,47.0,0.326,10.0,21.28,4.0,8.51,1.29,0.581,31.18,15.43,12.23,27.66,27.18,17.54,183.0,0.307,43.0,23.5,15.0,8.2,0.962,0.283,27.16,12.8,18.57,31.36,28.0,20.98,102.0,0.25,20.0,19.61,3.0,2.94,0.732,0.198,21.21,12.1,14.99,27.09,34.25,19.8,21.0,0.263,3.0,14.29,0.0,0.0,0.859,0.263,25.58,14.47,14.47,28.95,43.9,15.0
745649,2024-06-22,2024,647351,L,663978,R,single,False,False,222.0,0.245,45.0,20.27,10.0,4.5,0.6579999999999999,0.12,19.71,9.51,17.84,27.35,30.71,19.23,20.0,0.412,5.0,25.0,2.0,10.0,1.265,0.353,37.04,15.62,26.56,42.19,25.0,31.25,176.0,0.307,31.0,17.61,10.0,5.68,0.8069999999999999,0.15300000000000002,21.38,10.76,15.82,26.58,32.92,17.51,5.0,0.2,3.0,60.0,0.0,0.0,1.0,0.6000000000000001,40.0,21.05,15.79,36.84,37.5,75.0
745649,2024-06-22,2024,668709,L,663978,R,single,False,False,257.0,0.268,44.0,17.12,31.0,12.06,0.819,0.192,24.54,10.52,17.06,27.58,21.79,17.05,232.0,0.209,53.0,22.84,35.0,15.09,0.726,0.184,28.61,12.18,15.3,27.48,19.27,20.46,176.0,0.307,31.0,17.61,10.0,5.68,0.8069999999999999,0.15300000000000002,21.38,10.76,15.82,26.58,32.92,17.51,5.0,0.2,3.0,60.0,0.0,0.0,1.0,0.6000000000000001,40.0,21.05,15.79,36.84,37.5,75.0
745649,2024-06-22,2024,609280,R,663978,R,strikeout,True,False,89.0,0.291,13.0,14.61,2.0,2.25,0.675,0.08100000000000002,15.48,7.9,18.24,26.14,36.36,13.98,52.0,0.229,6.0,11.54,4.0,7.69,0.705,0.1879999999999999,14.58,7.49,13.9,21.39,30.93,12.77,168.0,0.275,39.0,23.21,8.0,4.76,0.754,0.16899999999999998,26.33,12.69,16.47,29.15,27.04,19.02,17.0,0.312,5.0,29.41,1.0,5.88,0.728,0.063,31.03,15.0,20.0,35.0,19.23,26.32
745649,2024-06-22,2024,667670,R,663978,R,field_out,False,False,202.0,0.267,72.0,35.64,22.0,10.89,0.847,0.22699999999999998,37.93,18.38,12.89,31.26,30.07,28.46,351.0,0.23,115.0,32.76,33.0,9.4,0.788,0.2419999999999999,37.94,17.82,16.3,34.12,28.65,23.47,168.0,0.275,39.0,23.21,8.0,4.76,0.754,0.16899999999999998,26.33,12.69,16.47,29.15,27.04,19.02,17.0,0.312,5.0,29.41,1.0,5.88,0.728,0.063,31.03,15.0,20.0,35.0,19.23,26.32
745649,2024-06-22,2024,691016,L,663978,R,single,False,False,103.0,0.241,34.0,33.01,12.0,11.65,0.8009999999999999,0.20700000000000002,34.83,15.58,16.08,31.66,27.88,30.36,118.0,0.159,37.0,31.36,10.0,8.47,0.472,0.0839999999999999,33.93,16.67,14.91,31.58,29.36,28.91,176.0,0.307,31.0,17.61,10.0,5.68,0.8069999999999999,0.15300000000000002,21.38,10.76,15.82,26.58,32.92,17.51,5.0,0.2,3.0,60.0,0.0,0.0,1.0,0.6000000000000001,40.0,21.05,15.79,36.84,37.5,75.0
745649,2024-06-22,2024,669127,R,663978,R,field_out,False,False,180.0,0.216,46.0,25.56,13.0,7.22,0.7709999999999999,0.272,29.81,14.74,16.32,31.06,31.97,26.44,344.0,0.217,101.0,29.36,23.0,6.69,0.7230000000000001,0.226,32.34,16.3,14.73,31.03,31.22,23.88,168.0,0.275,39.0,23.21,8.0,4.76,0.754,0.16899999999999998,26.33,12.69,16.47,29.15,27.04,19.02,17.0,0.312,5.0,29.41,1.0,5.88,0.728,0.063,31.03,15.0,20.0,35.0,19.23,26.32
745649,2024-06-22,2024,467793,L,683155,R,field_out,False,False,202.0,0.232,30.0,14.85,22.0,10.89,0.728,0.169,22.56,9.69,17.22,26.91,23.9,13.04,460.0,0.231,83.0,18.04,45.0,9.78,0.727,0.1899999999999999,23.76,11.0,14.32,25.31,24.63,16.21,71.0,0.266,11.0,15.49,7.0,9.86,0.9630000000000001,0.359,17.28,9.3,13.29,22.59,24.41,9.57,26.0,0.304,4.0,15.38,2.0,7.69,1.124,0.435,31.82,15.05,16.13,31.18,22.5,16.67
745649,2024-06-22,2024,669304,R,683155,R,single,False,False,143.0,0.298,22.0,15.38,8.0,5.59,0.872,0.22900000000000004,21.54,10.33,17.74,28.07,33.21,18.18,120.0,0.207,18.0,15.0,8.0,6.67,0.5640000000000001,0.09,23.72,11.83,13.69,25.52,32.37,15.04,102.0,0.25,20.0,19.61,3.0,2.94,0.732,0.198,21.21,12.1,14.99,27.09,34.25,19.8,21.0,0.263,3.0,14.29,0.0,0.0,0.859,0.263,25.58,14.47,14.47,28.95,43.9,15.0
745649,2024-06-22,2024,622534,R,683155,R,field_out,False,False,90.0,0.171,16.0,17.78,6.0,6.67,0.46399999999999997,0.04899999999999999,21.38,10.66,16.93,27.59,29.45,17.2,237.0,0.258,33.0,13.92,15.0,6.33,0.694,0.12,23.38,11.66,15.01,26.67,32.22,16.02,102.0,0.25,20.0,19.61,3.0,2.94,0.732,0.198,21.21,12.1,14.99,27.09,34.25,19.8,21.0,0.263,3.0,14.29,0.0,0.0,0.859,0.263,25.58,14.47,14.47,28.95,43.9,15.0
745649,2024-06-22,2024,543877,R,683155,R,field_out,False,False,105.0,0.177,26.0,24.76,4.0,3.81,0.485,0.09400000000000003,27.75,14.21,17.96,32.17,37.23,25.74,279.0,0.216,59.0,21.15,22.0,7.89,0.548,0.051,25.76,12.56,16.62,29.18,33.72,23.41,102.0,0.25,20.0,19.61,3.0,2.94,0.732,0.198,21.21,12.1,14.99,27.09,34.25,19.8,21.0,0.263,3.0,14.29,0.0,0.0,0.859,0.263,25.58,14.47,14.47,28.95,43.9,15.0
745649,2024-06-22,2024,671732,L,663978,R,field_out,False,False,113.0,0.202,31.0,27.43,14.0,12.39,0.614,0.11099999999999999,28.71,12.32,18.89,31.21,23.72,19.74,107.0,0.216,29.0,27.1,3.0,2.8,0.616,0.157,31.16,14.83,17.7,32.54,26.94,22.48,176.0,0.307,31.0,17.61,10.0,5.68,0.8069999999999999,0.15300000000000002,21.38,10.76,15.82,26.58,32.92,17.51,5.0,0.2,3.0,60.0,0.0,0.0,1.0,0.6000000000000001,40.0,21.05,15.79,36.84,37.5,75.0
745649,2024-06-22,2024,680869,R,663978,R,field_out,False,False,179.0,0.2,60.0,33.52,10.0,5.59,0.607,0.15799999999999997,34.47,17.61,15.43,33.04,29.29,30.0,220.0,0.303,54.0,24.55,18.0,8.18,0.969,0.298,30.92,15.24,15.12,30.36,29.22,21.29,168.0,0.275,39.0,23.21,8.0,4.76,0.754,0.16899999999999998,26.33,12.69,16.47,29.15,27.04,19.02,17.0,0.312,5.0,29.41,1.0,5.88,0.728,0.063,31.03,15.0,20.0,35.0,19.23,26.32
745649,2024-06-22,2024,680474,R,663978,R,walk,False,True,138.0,0.25,37.0,26.81,15.0,10.87,0.668,0.07500000000000001,29.06,11.89,20.63,32.52,19.63,21.51,,,,,,,,,,,,,,,168.0,0.275,39.0,23.21,8.0,4.76,0.754,0.16899999999999998,26.33,12.69,16.47,29.15,27.04,19.02,17.0,0.312,5.0,29.41,1.0,5.88,0.728,0.063,31.03,15.0,20.0,35.0,19.23,26.32
745649,2024-06-22,2024,647351,L,663978,R,walk,False,True,222.0,0.245,45.0,20.27,10.0,4.5,0.6579999999999999,0.12,19.71,9.51,17.84,27.35,30.71,19.23,20.0,0.412,5.0,25.0,2.0,10.0,1.265,0.353,37.04,15.62,26.56,42.19,25.0,31.25,176.0,0.307,31.0,17.61,10.0,5.68,0.8069999999999999,0.15300000000000002,21.38,10.76,15.82,26.58,32.92,17.51,5.0,0.2,3.0,60.0,0.0,0.0,1.0,0.6000000000000001,40.0,21.05,15.79,36.84,37.5,75.0
745649,2024-06-22,2024,668709,L,663978,R,field_out,False,False,257.0,0.268,44.0,17.12,31.0,12.06,0.819,0.192,24.54,10.52,17.06,27.58,21.79,17.05,232.0,0.209,53.0,22.84,35.0,15.09,0.726,0.184,28.61,12.18,15.3,27.48,19.27,20.46,176.0,0.307,31.0,17.61,10.0,5.68,0.8069999999999999,0.15300000000000002,21.38,10.76,15.82,26.58,32.92,17.51,5.0,0.2,3.0,60.0,0.0,0.0,1.0,0.6000000000000001,40.0,21.05,15.79,36.84,37.5,75.0
745649,2024-06-22,2024,668885,R,683155,R,field_out,False,False,78.0,0.271,15.0,19.23,8.0,10.26,0.746,0.129,22.22,9.97,15.95,25.91,15.28,16.48,,,,,,,,,,,,,,,102.0,0.25,20.0,19.61,3.0,2.94,0.732,0.198,21.21,12.1,14.99,27.09,34.25,19.8,21.0,0.263,3.0,14.29,0.0,0.0,0.859,0.263,25.58,14.47,14.47,28.95,43.9,15.0
745649,2024-06-22,2024,650489,L,683155,R,field_out,False,False,225.0,0.242,51.0,22.67,21.0,9.33,0.754,0.16999999999999998,27.17,13.02,15.32,28.34,28.66,18.02,280.0,0.266,73.0,26.07,23.0,8.21,0.8029999999999999,0.189,28.16,14.39,15.31,29.7,34.97,21.1,71.0,0.266,11.0,15.49,7.0,9.86,0.9630000000000001,0.359,17.28,9.3,13.29,22.59,24.41,9.57,26.0,0.304,4.0,15.38,2.0,7.69,1.124,0.435,31.82,15.05,16.13,31.18,22.5,16.67
745649,2024-06-22,2024,621043,R,683155,R,field_out,False,False,183.0,0.304,33.0,18.03,19.0,10.38,0.8320000000000001,0.15600000000000003,20.07,8.75,19.68,28.43,26.94,17.55,444.0,0.224,112.0,25.23,42.0,9.46,0.69,0.164,26.37,11.3,19.9,31.19,27.0,21.72,102.0,0.25,20.0,19.61,3.0,2.94,0.732,0.198,21.21,12.1,14.99,27.09,34.25,19.8,21.0,0.263,3.0,14.29,0.0,0.0,0.859,0.263,25.58,14.47,14.47,28.95,43.9,15.0
745649,2024-06-22,2024,609280,R,663978,R,field_out,False,False,89.0,0.291,13.0,14.61,2.0,2.25,0.675,0.08100000000000002,15.48,7.9,18.24,26.14,36.36,13.98,52.0,0.229,6.0,11.54,4.0,7.69,0.705,0.1879999999999999,14.58,7.49,13.9,21.39,30.93,12.77,168.0,0.275,39.0,23.21,8.0,4.76,0.754,0.16899999999999998,26.33,12.69,16.47,29.15,27.04,19.02,17.0,0.312,5.0,29.41,1.0,5.88,0.728,0.063,31.03,15.0,20.0,35.0,19.23,26.32
745649,2024-06-22,2024,667670,R,663978,R,field_out,False,False,202.0,0.267,72.0,35.64,22.0,10.89,0.847,0.22699999999999998,37.93,18.38,12.89,31.26,30.07,28.46,351.0,0.23,115.0,32.76,33.0,9.4,0.788,0.2419999999999999,37.94,17.82,16.3,34.12,28.65,23.47,168.0,0.275,39.0,23.21,8.0,4.76,0.754,0.16899999999999998,26.33,12.69,16.47,29.15,27.04,19.02,17.0,0.312,5.0,29.41,1.0,5.88,0.728,0.063,31.03,15.0,20.0,35.0,19.23,26.32
745649,2024-06-22,2024,691016,L,663978,R,walk,False,True,103.0,0.241,34.0,33.01,12.0,11.65,0.8009999999999999,0.20700000000000002,34.83,15.58,16.08,31.66,27.88,30.36,118.0,0.159,37.0,31.36,10.0,8.47,0.472,0.0839999999999999,33.93,16.67,14.91,31.58,29.36,28.91,176.0,0.307,31.0,17.61,10.0,5.68,0.8069999999999999,0.15300000000000002,21.38,10.76,15.82,26.58,32.92,17.51,5.0,0.2,3.0,60.0,0.0,0.0,1.0,0.6000000000000001,40.0,21.05,15.79,36.84,37.5,75.0
745649,2024-06-22,2024,669127,R,663978,R,field_out,False,False,180.0,0.216,46.0,25.56,13.0,7.22,0.7709999999999999,0.272,29.81,14.74,16.32,31.06,31.97,26.44,344.0,0.217,101.0,29.36,23.0,6.69,0.7230000000000001,0.226,32.34,16.3,14.73,31.03,31.22,23.88,168.0,0.275,39.0,23.21,8.0,4.76,0.754,0.16899999999999998,26.33,12.69,16.47,29.15,27.04,19.02,17.0,0.312,5.0,29.41,1.0,5.88,0.728,0.063,31.03,15.0,20.0,35.0,19.23,26.32
745649,2024-06-22,2024,663616,L,683155,R,field_out,False,False,155.0,0.255,30.0,19.35,12.0,7.74,0.75,0.185,26.57,12.57,17.45,30.02,28.68,18.59,189.0,0.228,60.0,31.75,25.0,13.23,0.766,0.21,36.25,14.96,16.71,31.67,22.55,25.75,71.0,0.266,11.0,15.49,7.0,9.86,0.9630000000000001,0.359,17.28,9.3,13.29,22.59,24.41,9.57,26.0,0.304,4.0,15.38,2.0,7.69,1.124,0.435,31.82,15.05,16.13,31.18,22.5,16.67
745649,2024-06-22,2024,668904,R,683155,R,field_out,False,False,47.0,0.326,10.0,21.28,4.0,8.51,1.29,0.581,31.18,15.43,12.23,27.66,27.18,17.54,183.0,0.307,43.0,23.5,15.0,8.2,0.962,0.283,27.16,12.8,18.57,31.36,28.0,20.98,102.0,0.25,20.0,19.61,3.0,2.94,0.732,0.198,21.21,12.1,14.99,27.09,34.25,19.8,21.0,0.263,3.0,14.29,0.0,0.0,0.859,0.263,25.58,14.47,14.47,28.95,43.9,15.0
745649,2024-06-22,2024,467793,L,683155,R,double,False,False,202.0,0.232,30.0,14.85,22.0,10.89,0.728,0.169,22.56,9.69,17.22,26.91,23.9,13.04,460.0,0.231,83.0,18.04,45.0,9.78,0.727,0.1899999999999999,23.76,11.0,14.32,25.31,24.63,16.21,71.0,0.266,11.0,15.49,7.0,9.86,0.9630000000000001,0.359,17.28,9.3,13.29,22.59,24.41,9.57,26.0,0.304,4.0,15.38,2.0,7.69,1.124,0.435,31.82,15.05,16.13,31.18,22.5,16.67
745649,2024-06-22,2024,669304,R,683155,R,walk,False,True,143.0,0.298,22.0,15.38,8.0,5.59,0.872,0.22900000000000004,21.54,10.33,17.74,28.07,33.21,18.18,120.0,0.207,18.0,15.0,8.0,6.67,0.5640000000000001,0.09,23.72,11.83,13.69,25.52,32.37,15.04,102.0,0.25,20.0,19.61,3.0,2.94,0.732,0.198,21.21,12.1,14.99,27.09,34.25,19.8,21.0,0.263,3.0,14.29,0.0,0.0,0.859,0.263,25.58,14.47,14.47,28.95,43.9,15.0
745649,2024-06-22,2024,622534,R,683155,R,field_out,False,False,90.0,0.171,16.0,17.78,6.0,6.67,0.46399999999999997,0.04899999999999999,21.38,10.66,16.93,27.59,29.45,17.2,237.0,0.258,33.0,13.92,15.0,6.33,0.694,0.12,23.38,11.66,15.01,26.67,32.22,16.02,102.0,0.25,20.0,19.61,3.0,2.94,0.732,0.198,21.21,12.1,14.99,27.09,34.25,19.8,21.0,0.263,3.0,14.29,0.0,0.0,0.859,0.263,25.58,14.47,14.47,28.95,43.9,15.0
745649,2024-06-22,2024,671732,L,663978,R,strikeout,True,False,113.0,0.202,31.0,27.43,14.0,12.39,0.614,0.11099999999999999,28.71,12.32,18.89,31.21,23.72,19.74,107.0,0.216,29.0,27.1,3.0,2.8,0.616,0.157,31.16,14.83,17.7,32.54,26.94,22.48,176.0,0.307,31.0,17.61,10.0,5.68,0.8069999999999999,0.15300000000000002,21.38,10.76,15.82,26.58,32.92,17.51,5.0,0.2,3.0,60.0,0.0,0.0,1.0,0.6000000000000001,40.0,21.05,15.79,36.84,37.5,75.0
745649,2024-06-22,2024,680869,R,663978,R,field_out,False,False,179.0,0.2,60.0,33.52,10.0,5.59,0.607,0.15799999999999997,34.47,17.61,15.43,33.04,29.29,30.0,220.0,0.303,54.0,24.55,18.0,8.18,0.969,0.298,30.92,15.24,15.12,30.36,29.22,21.29,168.0,0.275,39.0,23.21,8.0,4.76,0.754,0.16899999999999998,26.33,12.69,16.47,29.15,27.04,19.02,17.0,0.312,5.0,29.41,1.0,5.88,0.728,0.063,31.03,15.0,20.0,35.0,19.23,26.32
745649,2024-06-22,2024,680474,R,663978,R,field_out,False,False,138.0,0.25,37.0,26.81,15.0,10.87,0.668,0.07500000000000001,29.06,11.89,20.63,32.52,19.63,21.51,,,,,,,,,,,,,,,168.0,0.275,39.0,23.21,8.0,4.76,0.754,0.16899999999999998,26.33,12.69,16.47,29.15,27.04,19.02,17.0,0.312,5.0,29.41,1.0,5.88,0.728,0.063,31.03,15.0,20.0,35.0,19.23,26.32
745649,2024-06-22,2024,543877,R,683155,R,field_out,False,False,105.0,0.177,26.0,24.76,4.0,3.81,0.485,0.09400000000000003,27.75,14.21,17.96,32.17,37.23,25.74,279.0,0.216,59.0,21.15,22.0,7.89,0.548,0.051,25.76,12.56,16.62,29.18,33.72,23.41,102.0,0.25,20.0,19.61,3.0,2.94,0.732,0.198,21.21,12.1,14.99,27.09,34.25,19.8,21.0,0.263,3.0,14.29,0.0,0.0,0.859,0.263,25.58,14.47,14.47,28.95,43.9,15.0
745649,2024-06-22,2024,668885,R,683155,R,single,False,False,78.0,0.271,15.0,19.23,8.0,10.26,0.746,0.129,22.22,9.97,15.95,25.91,15.28,16.48,,,,,,,,,,,,,,,102.0,0.25,20.0,19.61,3.0,2.94,0.732,0.198,21.21,12.1,14.99,27.09,34.25,19.8,21.0,0.263,3.0,14.29,0.0,0.0,0.859,0.263,25.58,14.47,14.47,28.95,43.9,15.0
745649,2024-06-22,2024,650489,L,683155,R,field_out,False,False,225.0,0.242,51.0,22.67,21.0,9.33,0.754,0.16999999999999998,27.17,13.02,15.32,28.34,28.66,18.02,280.0,0.266,73.0,26.07,23.0,8.21,0.8029999999999999,0.189,28.16,14.39,15.31,29.7,34.97,21.1,71.0,0.266,11.0,15.49,7.0,9.86,0.9630000000000001,0.359,17.28,9.3,13.29,22.59,24.41,9.57,26.0,0.304,4.0,15.38,2.0,7.69,1.124,0.435,31.82,15.05,16.13,31.18,22.5,16.67
745649,2024-06-22,2024,621043,R,683155,R,field_out,False,False,183.0,0.304,33.0,18.03,19.0,10.38,0.8320000000000001,0.15600000000000003,20.07,8.75,19.68,28.43,26.94,17.55,444.0,0.224,112.0,25.23,42.0,9.46,0.69,0.164,26.37,11.3,19.9,31.19,27.0,21.72,102.0,0.25,20.0,19.61,3.0,2.94,0.732,0.198,21.21,12.1,14.99,27.09,34.25,19.8,21.0,0.263,3.0,14.29,0.0,0.0,0.859,0.263,25.58,14.47,14.47,28.95,43.9,15.0
745649,2024-06-22,2024,647351,L,663978,R,strikeout,True,False,222.0,0.245,45.0,20.27,10.0,4.5,0.6579999999999999,0.12,19.71,9.51,17.84,27.35,30.71,19.23,20.0,0.412,5.0,25.0,2.0,10.0,1.265,0.353,37.04,15.62,26.56,42.19,25.0,31.25,176.0,0.307,31.0,17.61,10.0,5.68,0.8069999999999999,0.15300000000000002,21.38,10.76,15.82,26.58,32.92,17.51,5.0,0.2,3.0,60.0,0.0,0.0,1.0,0.6000000000000001,40.0,21.05,15.79,36.84,37.5,75.0
745649,2024-06-22,2024,668709,L,663978,R,field_out,False,False,257.0,0.268,44.0,17.12,31.0,12.06,0.819,0.192,24.54,10.52,17.06,27.58,21.79,17.05,232.0,0.209,53.0,22.84,35.0,15.09,0.726,0.184,28.61,12.18,15.3,27.48,19.27,20.46,176.0,0.307,31.0,17.61,10.0,5.68,0.8069999999999999,0.15300000000000002,21.38,10.76,15.82,26.58,32.92,17.51,5.0,0.2,3.0,60.0,0.0,0.0,1.0,0.6000000000000001,40.0,21.05,15.79,36.84,37.5,75.0
745649,2024-06-22,2024,609280,R,663978,R,single,False,False,89.0,0.291,13.0,14.61,2.0,2.25,0.675,0.08100000000000002,15.48,7.9,18.24,26.14,36.36,13.98,52.0,0.229,6.0,11.54,4.0,7.69,0.705,0.1879999999999999,14.58,7.49,13.9,21.39,30.93,12.77,168.0,0.275,39.0,23.21,8.0,4.76,0.754,0.16899999999999998,26.33,12.69,16.47,29.15,27.04,19.02,17.0,0.312,5.0,29.41,1.0,5.88,0.728,0.063,31.03,15.0,20.0,35.0,19.23,26.32
745649,2024-06-22,2024,667670,R,663978,R,single,False,False,202.0,0.267,72.0,35.64,22.0,10.89,0.847,0.22699999999999998,37.93,18.38,12.89,31.26,30.07,28.46,351.0,0.23,115.0,32.76,33.0,9.4,0.788,0.2419999999999999,37.94,17.82,16.3,34.12,28.65,23.47,168.0,0.275,39.0,23.21,8.0,4.76,0.754,0.16899999999999998,26.33,12.69,16.47,29.15,27.04,19.02,17.0,0.312,5.0,29.41,1.0,5.88,0.728,0.063,31.03,15.0,20.0,35.0,19.23,26.32
745649,2024-06-22,2024,691016,L,681892,L,double,False,False,11.0,0.3,1.0,9.09,1.0,9.09,0.864,0.2,17.39,10.53,7.89,18.42,33.33,10.0,20.0,0.167,6.0,30.0,1.0,5.0,0.472,0.0549999999999999,26.47,14.06,18.75,32.81,33.33,35.29,48.0,0.317,14.0,29.17,6.0,12.5,0.832,0.09799999999999998,29.23,9.22,24.27,33.5,16.82,26.42,17.0,0.188,6.0,35.29,1.0,5.88,0.61,0.187,28.57,11.94,20.9,32.84,27.78,30.0
745649,2024-06-22,2024,669127,R,681892,L,single,False,False,71.0,0.185,20.0,28.17,3.0,4.23,0.555,0.15300000000000002,29.13,13.86,16.1,29.96,33.1,24.1,146.0,0.179,42.0,28.77,11.0,7.53,0.583,0.164,31.53,15.5,14.0,29.5,31.21,21.11,71.0,0.283,11.0,15.49,6.0,8.45,0.84,0.2,23.44,11.11,15.56,26.67,25.78,13.58,30.0,0.12,13.0,43.33,4.0,13.33,0.427,0.04,37.5,16.8,20.8,37.6,29.51,29.55
745649,2024-06-22,2024,671732,L,681892,L,strikeout,True,False,20.0,0.053,9.0,45.0,1.0,5.0,0.20500000000000002,0.052,51.22,26.58,18.99,45.57,44.44,31.03,22.0,0.19,6.0,27.27,1.0,4.55,0.417,0.0,22.5,10.98,19.51,30.49,27.78,23.08,48.0,0.317,14.0,29.17,6.0,12.5,0.832,0.09799999999999998,29.23,9.22,24.27,33.5,16.82,26.42,17.0,0.188,6.0,35.29,1.0,5.88,0.61,0.187,28.57,11.94,20.9,32.84,27.78,30.0
745649,2024-06-22,2024,663616,L,683155,R,field_out,False,False,155.0,0.255,30.0,19.35,12.0,7.74,0.75,0.185,26.57,12.57,17.45,30.02,28.68,18.59,189.0,0.228,60.0,31.75,25.0,13.23,0.766,0.21,36.25,14.96,16.71,31.67,22.55,25.75,71.0,0.266,11.0,15.49,7.0,9.86,0.9630000000000001,0.359,17.28,9.3,13.29,22.59,24.41,9.57,26.0,0.304,4.0,15.38,2.0,7.69,1.124,0.435,31.82,15.05,16.13,31.18,22.5,16.67
745649,2024-06-22,2024,668904,R,683155,R,home_run,False,False,47.0,0.326,10.0,21.28,4.0,8.51,1.29,0.581,31.18,15.43,12.23,27.66,27.18,17.54,183.0,0.307,43.0,23.5,15.0,8.2,0.962,0.283,27.16,12.8,18.57,31.36,28.0,20.98,102.0,0.25,20.0,19.61,3.0,2.94,0.732,0.198,21.21,12.1,14.99,27.09,34.25,19.8,21.0,0.263,3.0,14.29,0.0,0.0,0.859,0.263,25.58,14.47,14.47,28.95,43.9,15.0
745649,2024-06-22,2024,467793,L,683155,R,field_out,False,False,202.0,0.232,30.0,14.85,22.0,10.89,0.728,0.169,22.56,9.69,17.22,26.91,23.9,13.04,460.0,0.231,83.0,18.04,45.0,9.78,0.727,0.1899999999999999,23.76,11.0,14.32,25.31,24.63,16.21,71.0,0.266,11.0,15.49,7.0,9.86,0.9630000000000001,0.359,17.28,9.3,13.29,22.59,24.41,9.57,26.0,0.304,4.0,15.38,2.0,7.69,1.124,0.435,31.82,15.05,16.13,31.18,22.5,16.67
745649,2024-06-22,2024,669304,R,683155,R,field_out,False,False,143.0,0.298,22.0,15.38,8.0,5.59,0.872,0.22900000000000004,21.54,10.33,17.74,28.07,33.21,18.18,120.0,0.207,18.0,15.0,8.0,6.67,0.5640000000000001,0.09,23.72,11.83,13.69,25.52,32.37,15.04,102.0,0.25,20.0,19.61,3.0,2.94,0.732,0.198,21.21,12.1,14.99,27.09,34.25,19.8,21.0,0.263,3.0,14.29,0.0,0.0,0.859,0.263,25.58,14.47,14.47,28.95,43.9,15.0
745649,2024-06-22,2024,680869,R,681892,L,strikeout,True,False,51.0,0.191,20.0,39.22,4.0,7.84,0.617,0.17099999999999999,42.39,21.08,15.68,36.76,23.17,38.46,80.0,0.167,28.0,35.0,8.0,10.0,0.486,0.0689999999999999,40.48,21.25,11.56,32.81,27.92,34.57,71.0,0.283,11.0,15.49,6.0,8.45,0.84,0.2,23.44,11.11,15.56,26.67,25.78,13.58,30.0,0.12,13.0,43.33,4.0,13.33,0.427,0.04,37.5,16.8,20.8,37.6,29.51,29.55
745649,2024-06-22,2024,680474,R,681892,L,field_out,False,False,49.0,0.19,11.0,22.45,5.0,10.2,0.6040000000000001,0.14300000000000002,23.81,10.53,17.89,28.42,15.96,20.0,,,,,,,,,,,,,,,71.0,0.283,11.0,15.49,6.0,8.45,0.84,0.2,23.44,11.11,15.56,26.67,25.78,13.58,30.0,0.12,13.0,43.33,4.0,13.33,0.427,0.04,37.5,16.8,20.8,37.6,29.51,29.55
745649,2024-06-22,2024,647351,R,681892,L,field_out,False,False,73.0,0.304,8.0,10.96,2.0,2.74,0.782,0.14500000000000002,13.38,6.44,18.98,25.42,30.87,8.33,1.0,1.0,0.0,0.0,0.0,0.0,2.0,0.0,50.0,20.0,20.0,40.0,0.0,0.0,71.0,0.283,11.0,15.49,6.0,8.45,0.84,0.2,23.44,11.11,15.56,26.67,25.78,13.58,30.0,0.12,13.0,43.33,4.0,13.33,0.427,0.04,37.5,16.8,20.8,37.6,29.51,29.55
745649,2024-06-22,2024,622534,R,613534,R,field_out,False,False,90.0,0.171,16.0,17.78,6.0,6.67,0.46399999999999997,0.04899999999999999,21.38,10.66,16.93,27.59,29.45,17.2,237.0,0.258,33.0,13.92,15.0,6.33,0.694,0.12,23.38,11.66,15.01,26.67,32.22,16.02,80.0,0.286,22.0,27.5,12.0,15.0,0.774,0.063,40.14,16.62,16.91,33.53,24.19,22.22,52.0,0.267,12.0,23.08,4.0,7.69,0.721,0.0889999999999999,25.93,12.28,15.35,27.63,31.9,16.67
745649,2024-06-22,2024,543877,R,613534,R,single,False,False,105.0,0.177,26.0,24.76,4.0,3.81,0.485,0.09400000000000003,27.75,14.21,17.96,32.17,37.23,25.74,279.0,0.216,59.0,21.15,22.0,7.89,0.548,0.051,25.76,12.56,16.62,29.18,33.72,23.41,80.0,0.286,22.0,27.5,12.0,15.0,0.774,0.063,40.14,16.62,16.91,33.53,24.19,22.22,52.0,0.267,12.0,23.08,4.0,7.69,0.721,0.0889999999999999,25.93,12.28,15.35,27.63,31.9,16.67
745649,2024-06-22,2024,668885,R,613534,R,walk,False,True,78.0,0.271,15.0,19.23,8.0,10.26,0.746,0.129,22.22,9.97,15.95,25.91,15.28,16.48,,,,,,,,,,,,,,,80.0,0.286,22.0,27.5,12.0,15.0,0.774,0.063,40.14,16.62,16.91,33.53,24.19,22.22,52.0,0.267,12.0,23.08,4.0,7.69,0.721,0.0889999999999999,25.93,12.28,15.35,27.63,31.9,16.67
745649,2024-06-22,2024,650489,L,613534,R,home_run,False,False,225.0,0.242,51.0,22.67,21.0,9.33,0.754,0.16999999999999998,27.17,13.02,15.32,28.34,28.66,18.02,280.0,0.266,73.0,26.07,23.0,8.21,0.8029999999999999,0.189,28.16,14.39,15.31,29.7,34.97,21.1,48.0,0.237,13.0,27.08,5.0,10.42,0.909,0.28900000000000003,23.91,10.63,16.91,27.54,25.53,19.4,29.0,0.174,10.0,34.48,4.0,13.79,0.5189999999999999,0.0,35.71,14.81,17.78,32.59,22.73,21.28
745649,2024-06-22,2024,621043,R,613534,R,walk,False,True,183.0,0.304,33.0,18.03,19.0,10.38,0.8320000000000001,0.15600000000000003,20.07,8.75,19.68,28.43,26.94,17.55,444.0,0.224,112.0,25.23,42.0,9.46,0.69,0.164,26.37,11.3,19.9,31.19,27.0,21.72,80.0,0.286,22.0,27.5,12.0,15.0,0.774,0.063,40.14,16.62,16.91,33.53,24.19,22.22,52.0,0.267,12.0,23.08,4.0,7.69,0.721,0.0889999999999999,25.93,12.28,15.35,27.63,31.9,16.67
745649,2024-06-22,2024,663616,L,668674,R,single,False,False,155.0,0.255,30.0,19.35,12.0,7.74,0.75,0.185,26.57,12.57,17.45,30.02,28.68,18.59,189.0,0.228,60.0,31.75,25.0,13.23,0.766,0.21,36.25,14.96,16.71,31.67,22.55,25.75,50.0,0.282,10.0,20.0,9.0,18.0,0.978,0.25600000000000006,32.95,13.81,17.14,30.95,31.93,15.38,92.0,0.23,27.0,29.35,16.0,17.39,0.731,0.1209999999999999,29.94,12.74,16.11,28.85,22.48,17.88
745649,2024-06-22,2024,668904,R,668674,R,strikeout,True,False,47.0,0.326,10.0,21.28,4.0,8.51,1.29,0.581,31.18,15.43,12.23,27.66,27.18,17.54,183.0,0.307,43.0,23.5,15.0,8.2,0.962,0.283,27.16,12.8,18.57,31.36,28.0,20.98,62.0,0.186,21.0,33.87,2.0,3.23,0.514,0.10199999999999998,30.53,14.22,19.61,33.82,31.37,39.62,160.0,0.254,41.0,25.62,20.0,12.5,0.723,0.1039999999999999,27.31,11.08,18.25,29.33,23.65,21.24
745649,2024-06-22,2024,467793,L,668674,R,field_out,False,False,202.0,0.232,30.0,14.85,22.0,10.89,0.728,0.169,22.56,9.69,17.22,26.91,23.9,13.04,460.0,0.231,83.0,18.04,45.0,9.78,0.727,0.1899999999999999,23.76,11.0,14.32,25.31,24.63,16.21,50.0,0.282,10.0,20.0,9.0,18.0,0.978,0.25600000000000006,32.95,13.81,17.14,30.95,31.93,15.38,92.0,0.23,27.0,29.35,16.0,17.39,0.731,0.1209999999999999,29.94,12.74,16.11,28.85,22.48,17.88
745649,2024-06-22,2024,668709,L,660896,R,strikeout,True,False,257.0,0.268,44.0,17.12,31.0,12.06,0.819,0.192,24.54,10.52,17.06,27.58,21.79,17.05,232.0,0.209,53.0,22.84,35.0,15.09,0.726,0.184,28.61,12.18,15.3,27.48,19.27,20.46,47.0,0.158,12.0,25.53,7.0,14.89,0.473,0.025999999999999995,30.68,13.64,16.67,30.3,20.83,20.69,29.0,0.125,4.0,13.79,4.0,13.79,0.491,0.125,25.0,9.92,20.66,30.58,27.42,11.76
745649,2024-06-22,2024,609280,R,660896,R,field_out,False,False,89.0,0.291,13.0,14.61,2.0,2.25,0.675,0.08100000000000002,15.48,7.9,18.24,26.14,36.36,13.98,52.0,0.229,6.0,11.54,4.0,7.69,0.705,0.1879999999999999,14.58,7.49,13.9,21.39,30.93,12.77,57.0,0.163,12.0,21.05,5.0,8.77,0.487,0.061,32.38,15.04,16.37,31.42,25.89,16.44,46.0,0.282,12.0,26.09,6.0,13.04,1.058,0.385,25.61,10.55,18.09,28.64,22.02,21.43
745649,2024-06-22,2024,667670,R,660896,R,strikeout,True,False,202.0,0.267,72.0,35.64,22.0,10.89,0.847,0.22699999999999998,37.93,18.38,12.89,31.26,30.07,28.46,351.0,0.23,115.0,32.76,33.0,9.4,0.788,0.2419999999999999,37.94,17.82,16.3,34.12,28.65,23.47,57.0,0.163,12.0,21.05,5.0,8.77,0.487,0.061,32.38,15.04,16.37,31.42,25.89,16.44,46.0,0.282,12.0,26.09,6.0,13.04,1.058,0.385,25.61,10.55,18.09,28.64,22.02,21.43
745649,2024-06-22,2024,669304,R,668674,R,field_out,False,False,143.0,0.298,22.0,15.38,8.0,5.59,0.872,0.22900000000000004,21.54,10.33,17.74,28.07,33.21,18.18,120.0,0.207,18.0,15.0,8.0,6.67,0.5640000000000001,0.09,23.72,11.83,13.69,25.52,32.37,15.04,62.0,0.186,21.0,33.87,2.0,3.23,0.514,0.10199999999999998,30.53,14.22,19.61,33.82,31.37,39.62,160.0,0.254,41.0,25.62,20.0,12.5,0.723,0.1039999999999999,27.31,11.08,18.25,29.33,23.65,21.24
745649,2024-06-22,2024,622534,R,668674,R,field_out,False,False,90.0,0.171,16.0,17.78,6.0,6.67,0.46399999999999997,0.04899999999999999,21.38,10.66,16.93,27.59,29.45,17.2,237.0,0.258,33.0,13.92,15.0,6.33,0.694,0.12,23.38,11.66,15.01,26.67,32.22,16.02,62.0,0.186,21.0,33.87,2.0,3.23,0.514,0.10199999999999998,30.53,14.22,19.61,33.82,31.37,39.62,160.0,0.254,41.0,25.62,20.0,12.5,0.723,0.1039999999999999,27.31,11.08,18.25,29.33,23.65,21.24
745649,2024-06-22,2024,543877,R,668674,R,single,False,False,105.0,0.177,26.0,24.76,4.0,3.81,0.485,0.09400000000000003,27.75,14.21,17.96,32.17,37.23,25.74,279.0,0.216,59.0,21.15,22.0,7.89,0.548,0.051,25.76,12.56,16.62,29.18,33.72,23.41,62.0,0.186,21.0,33.87,2.0,3.23,0.514,0.10199999999999998,30.53,14.22,19.61,33.82,31.37,39.62,160.0,0.254,41.0,25.62,20.0,12.5,0.723,0.1039999999999999,27.31,11.08,18.25,29.33,23.65,21.24
745649,2024-06-22,2024,668885,R,668674,R,single,False,False,78.0,0.271,15.0,19.23,8.0,10.26,0.746,0.129,22.22,9.97,15.95,25.91,15.28,16.48,,,,,,,,,,,,,,,62.0,0.186,21.0,33.87,2.0,3.23,0.514,0.10199999999999998,30.53,14.22,19.61,33.82,31.37,39.62,160.0,0.254,41.0,25.62,20.0,12.5,0.723,0.1039999999999999,27.31,11.08,18.25,29.33,23.65,21.24
745649,2024-06-22,2024,650489,R,656794,L,pickoff_caught_stealing_2b,False,False,72.0,0.358,19.0,26.39,4.0,5.56,0.9400000000000001,0.17900000000000005,30.56,15.44,16.49,31.93,35.42,21.84,129.0,0.237,26.0,20.16,11.0,8.53,0.636,0.079,27.27,14.12,14.71,28.82,33.85,15.03,18.0,0.357,1.0,5.56,4.0,22.22,1.071,0.21399999999999997,12.9,5.41,14.86,20.27,20.0,5.56,41.0,0.212,11.0,26.83,6.0,14.63,0.73,0.152,20.0,8.9,16.75,25.65,27.18,17.19
745649,2024-06-22,2024,691016,L,661395,R,hit_by_pitch,False,False,103.0,0.241,34.0,33.01,12.0,11.65,0.8009999999999999,0.20700000000000002,34.83,15.58,16.08,31.66,27.88,30.36,118.0,0.159,37.0,31.36,10.0,8.47,0.472,0.0839999999999999,33.93,16.67,14.91,31.58,29.36,28.91,47.0,0.179,11.0,23.4,5.0,10.64,0.637,0.15400000000000003,32.97,15.79,14.74,30.53,26.09,17.46,128.0,0.205,51.0,39.84,14.0,10.94,0.523,0.027,41.24,20.66,12.8,33.46,29.78,27.62
745649,2024-06-22,2024,669127,R,661395,R,home_run,False,False,180.0,0.216,46.0,25.56,13.0,7.22,0.7709999999999999,0.272,29.81,14.74,16.32,31.06,31.97,26.44,344.0,0.217,101.0,29.36,23.0,6.69,0.7230000000000001,0.226,32.34,16.3,14.73,31.03,31.22,23.88,45.0,0.22,10.0,22.22,3.0,6.67,0.704,0.19499999999999998,28.95,13.33,18.79,32.12,26.19,23.26,127.0,0.209,33.0,25.98,11.0,8.66,0.722,0.209,29.03,14.78,13.76,28.54,30.67,22.45
745649,2024-06-22,2024,671732,L,661395,R,strikeout,True,False,113.0,0.202,31.0,27.43,14.0,12.39,0.614,0.11099999999999999,28.71,12.32,18.89,31.21,23.72,19.74,107.0,0.216,29.0,27.1,3.0,2.8,0.616,0.157,31.16,14.83,17.7,32.54,26.94,22.48,47.0,0.179,11.0,23.4,5.0,10.64,0.637,0.15400000000000003,32.97,15.79,14.74,30.53,26.09,17.46,128.0,0.205,51.0,39.84,14.0,10.94,0.523,0.027,41.24,20.66,12.8,33.46,29.78,27.62
745649,2024-06-22,2024,680869,R,661395,R,field_out,False,False,179.0,0.2,60.0,33.52,10.0,5.59,0.607,0.15799999999999997,34.47,17.61,15.43,33.04,29.29,30.0,220.0,0.303,54.0,24.55,18.0,8.18,0.969,0.298,30.92,15.24,15.12,30.36,29.22,21.29,45.0,0.22,10.0,22.22,3.0,6.67,0.704,0.19499999999999998,28.95,13.33,18.79,32.12,26.19,23.26,127.0,0.209,33.0,25.98,11.0,8.66,0.722,0.209,29.03,14.78,13.76,28.54,30.67,22.45
745649,2024-06-22,2024,680474,R,661395,R,double,False,False,138.0,0.25,37.0,26.81,15.0,10.87,0.668,0.07500000000000001,29.06,11.89,20.63,32.52,19.63,21.51,,,,,,,,,,,,,,,45.0,0.22,10.0,22.22,3.0,6.67,0.704,0.19499999999999998,28.95,13.33,18.79,32.12,26.19,23.26,127.0,0.209,33.0,25.98,11.0,8.66,0.722,0.209,29.03,14.78,13.76,28.54,30.67,22.45
745649,2024-06-22,2024,663527,R,661395,R,field_out,False,False,93.0,0.241,23.0,24.73,9.0,9.68,0.636,0.07200000000000001,29.55,14.21,16.12,30.33,25.27,22.33,79.0,0.167,18.0,22.78,9.0,11.39,0.5489999999999999,0.091,24.38,11.4,17.84,29.24,24.85,14.29,45.0,0.22,10.0,22.22,3.0,6.67,0.704,0.19499999999999998,28.95,13.33,18.79,32.12,26.19,23.26,127.0,0.209,33.0,25.98,11.0,8.66,0.722,0.209,29.03,14.78,13.76,28.54,30.67,22.45
745649,2024-06-22,2024,650489,L,695243,R,field_out,False,False,225.0,0.242,51.0,22.67,21.0,9.33,0.754,0.16999999999999998,27.17,13.02,15.32,28.34,28.66,18.02,280.0,0.266,73.0,26.07,23.0,8.21,0.8029999999999999,0.189,28.16,14.39,15.31,29.7,34.97,21.1,57.0,0.1,29.0,50.88,7.0,12.28,0.391,0.07999999999999999,45.69,23.14,17.47,40.61,37.0,34.52,62.0,0.167,16.0,25.81,10.0,16.13,0.573,0.0829999999999999,22.31,9.61,13.88,23.49,22.0,18.39
745649,2024-06-22,2024,621043,R,695243,R,field_out,False,False,183.0,0.304,33.0,18.03,19.0,10.38,0.8320000000000001,0.15600000000000003,20.07,8.75,19.68,28.43,26.94,17.55,444.0,0.224,112.0,25.23,42.0,9.46,0.69,0.164,26.37,11.3,19.9,31.19,27.0,21.72,72.0,0.156,31.0,43.06,6.0,8.33,0.503,0.12500000000000003,39.86,19.16,19.16,38.31,41.72,31.96,78.0,0.229,22.0,28.21,6.0,7.69,0.642,0.114,29.19,14.24,14.55,28.79,28.75,20.56
745649,2024-06-22,2024,663616,L,695243,R,strikeout,True,False,155.0,0.255,30.0,19.35,12.0,7.74,0.75,0.185,26.57,12.57,17.45,30.02,28.68,18.59,189.0,0.228,60.0,31.75,25.0,13.23,0.766,0.21,36.25,14.96,16.71,31.67,22.55,25.75,57.0,0.1,29.0,50.88,7.0,12.28,0.391,0.07999999999999999,45.69,23.14,17.47,40.61,37.0,34.52,62.0,0.167,16.0,25.81,10.0,16.13,0.573,0.0829999999999999,22.31,9.61,13.88,23.49,22.0,18.39
745006,2024-06-22,2024,672580,R,543135,R,field_out,False,False,274.0,0.237,52.0,18.98,21.0,7.66,0.619,0.08800000000000002,19.46,8.56,20.57,29.13,22.02,17.99,400.0,0.258,94.0,23.5,33.0,8.25,0.648,0.071,20.3,8.71,19.59,28.3,19.12,19.96,151.0,0.22,33.0,21.85,14.0,9.27,0.6839999999999999,0.159,29.9,14.77,15.11,29.88,32.17,18.54,315.0,0.245,80.0,25.4,30.0,9.52,0.762,0.188,26.86,12.53,15.37,27.9,29.24,19.32
745006,2024-06-22,2024,677951,R,543135,R,field_out,False,False,285.0,0.322,48.0,16.84,22.0,7.72,0.929,0.23200000000000004,23.83,11.65,14.68,26.33,29.7,16.78,547.0,0.27,93.0,17.0,33.0,6.03,0.8,0.2149999999999999,22.15,10.87,15.53,26.4,29.62,14.44,151.0,0.22,33.0,21.85,14.0,9.27,0.6839999999999999,0.159,29.9,14.77,15.11,29.88,32.17,18.54,315.0,0.245,80.0,25.4,30.0,9.52,0.762,0.188,26.86,12.53,15.37,27.9,29.24,19.32
745006,2024-06-22,2024,686469,L,543135,R,strikeout,True,False,243.0,0.229,32.0,13.17,29.0,11.93,0.741,0.18599999999999997,13.43,5.88,16.21,22.09,26.97,12.6,188.0,0.251,23.0,12.23,15.0,7.98,0.784,0.217,14.85,7.02,17.48,24.5,34.8,10.0,118.0,0.198,37.0,31.36,11.0,9.32,0.611,0.14200000000000002,30.45,14.92,18.49,33.41,33.18,27.41,264.0,0.201,52.0,19.7,17.0,6.44,0.579,0.123,25.95,12.73,14.8,27.54,27.76,20.08
745006,2024-06-22,2024,543760,R,663903,R,field_out,False,False,232.0,0.219,34.0,14.66,20.0,8.62,0.6459999999999999,0.13799999999999998,21.31,11.0,13.5,24.5,26.01,16.19,544.0,0.273,77.0,14.15,52.0,9.56,0.8360000000000001,0.2199999999999999,18.01,8.45,14.48,22.93,21.97,13.9,156.0,0.181,36.0,23.08,7.0,4.49,0.524,0.10399999999999998,22.5,10.1,18.59,28.69,26.83,18.65,288.0,0.321,51.0,17.71,14.0,4.86,0.845,0.177,22.54,10.34,19.64,29.98,28.24,18.02
745006,2024-06-22,2024,608369,L,663903,R,field_out,False,False,188.0,0.26,20.0,10.64,32.0,17.02,0.882,0.23399999999999999,19.63,9.44,8.26,17.7,23.28,12.27,370.0,0.333,55.0,14.86,42.0,11.35,1.075,0.334,23.9,12.77,6.35,19.12,27.26,15.8,193.0,0.281,44.0,22.8,18.0,9.33,0.874,0.23399999999999999,22.53,9.61,20.79,30.39,24.16,20.28,414.0,0.263,82.0,19.81,35.0,8.45,0.781,0.181,22.79,10.32,17.41,27.72,25.13,21.37
745006,2024-06-22,2024,669701,L,663903,R,hit_by_pitch,False,False,189.0,0.293,29.0,15.34,18.0,9.52,0.843,0.16400000000000003,17.4,8.14,18.34,26.48,23.63,12.78,200.0,0.194,46.0,23.0,19.0,9.5,0.623,0.13,20.71,8.96,19.58,28.54,22.65,15.97,193.0,0.281,44.0,22.8,18.0,9.33,0.874,0.23399999999999999,22.53,9.61,20.79,30.39,24.16,20.28,414.0,0.263,82.0,19.81,35.0,8.45,0.781,0.181,22.79,10.32,17.41,27.72,25.13,21.37
745006,2024-06-22,2024,666969,R,663903,R,strikeout,True,False,200.0,0.202,53.0,26.5,13.0,6.5,0.648,0.186,35.31,18.1,11.76,29.85,34.24,25.36,480.0,0.245,138.0,28.75,41.0,8.54,0.8260000000000001,0.264,31.65,15.93,13.92,29.85,32.02,21.97,156.0,0.181,36.0,23.08,7.0,4.49,0.524,0.10399999999999998,22.5,10.1,18.59,28.69,26.83,18.65,288.0,0.321,51.0,17.71,14.0,4.86,0.845,0.177,22.54,10.34,19.64,29.98,28.24,18.02
745006,2024-06-22,2024,521692,R,543135,R,strikeout,True,False,232.0,0.28,44.0,18.97,18.0,7.76,0.824,0.18899999999999995,26.23,15.02,9.27,24.3,43.39,15.71,437.0,0.264,100.0,22.88,11.0,2.52,0.73,0.174,30.72,18.16,9.73,27.89,45.56,22.08,151.0,0.22,33.0,21.85,14.0,9.27,0.6839999999999999,0.159,29.9,14.77,15.11,29.88,32.17,18.54,315.0,0.245,80.0,25.4,30.0,9.52,0.762,0.188,26.86,12.53,15.37,27.9,29.24,19.32
745006,2024-06-22,2024,666023,R,543135,R,field_out,False,False,100.0,0.269,21.0,21.0,7.0,7.0,0.739,0.14999999999999997,26.09,13.64,13.38,27.02,32.84,16.54,169.0,0.288,36.0,21.3,9.0,5.33,0.785,0.174,23.9,13.04,10.79,23.84,30.17,16.22,151.0,0.22,33.0,21.85,14.0,9.27,0.6839999999999999,0.159,29.9,14.77,15.11,29.88,32.17,18.54,315.0,0.245,80.0,25.4,30.0,9.52,0.762,0.188,26.86,12.53,15.37,27.9,29.24,19.32
745006,2024-06-22,2024,669004,L,543135,R,strikeout,True,False,191.0,0.19,51.0,26.7,16.0,8.38,0.6759999999999999,0.22399999999999998,29.91,15.33,12.1,27.43,26.96,17.29,459.0,0.239,122.0,26.58,55.0,11.98,0.752,0.181,32.7,15.24,15.56,30.8,24.84,20.68,118.0,0.198,37.0,31.36,11.0,9.32,0.611,0.14200000000000002,30.45,14.92,18.49,33.41,33.18,27.41,264.0,0.201,52.0,19.7,17.0,6.44,0.579,0.123,25.95,12.73,14.8,27.54,27.76,20.08
745006,2024-06-22,2024,663993,L,663903,R,field_out,False,False,147.0,0.262,26.0,17.69,18.0,12.24,0.727,0.11099999999999999,15.06,6.38,17.84,24.22,26.15,13.98,505.0,0.279,113.0,22.38,69.0,13.66,0.833,0.172,19.81,8.64,15.62,24.26,19.45,16.87,193.0,0.281,44.0,22.8,18.0,9.33,0.874,0.23399999999999999,22.53,9.61,20.79,30.39,24.16,20.28,414.0,0.263,82.0,19.81,35.0,8.45,0.781,0.181,22.79,10.32,17.41,27.72,25.13,21.37
745006,2024-06-22,2024,694671,R,663903,R,strikeout,True,False,157.0,0.26,29.0,18.47,10.0,6.37,0.654,0.08200000000000002,20.76,9.35,18.07,27.41,23.78,14.15,,,,,,,,,,,,,,,156.0,0.181,36.0,23.08,7.0,4.49,0.524,0.10399999999999998,22.5,10.1,18.59,28.69,26.83,18.65,288.0,0.321,51.0,17.71,14.0,4.86,0.845,0.177,22.54,10.34,19.64,29.98,28.24,18.02
745006,2024-06-22,2024,641680,L,663903,R,walk,False,True,177.0,0.23,38.0,21.47,11.0,6.21,0.615,0.10300000000000001,21.6,11.06,13.79,24.85,32.54,22.09,411.0,0.243,82.0,19.95,33.0,8.03,0.733,0.185,23.06,11.69,13.75,25.44,29.36,17.15,193.0,0.281,44.0,22.8,18.0,9.33,0.874,0.23399999999999999,22.53,9.61,20.79,30.39,24.16,20.28,414.0,0.263,82.0,19.81,35.0,8.45,0.781,0.181,22.79,10.32,17.41,27.72,25.13,21.37
745006,2024-06-22,2024,608671,L,663903,R,field_out,False,False,106.0,0.235,21.0,19.81,6.0,5.66,0.588,0.061,16.32,7.28,21.13,28.4,20.83,15.33,256.0,0.269,37.0,14.45,32.0,12.5,0.698,0.064,14.4,5.5,22.1,27.6,16.03,15.16,193.0,0.281,44.0,22.8,18.0,9.33,0.874,0.23399999999999999,22.53,9.61,20.79,30.39,24.16,20.28,414.0,0.263,82.0,19.81,35.0,8.45,0.781,0.181,22.79,10.32,17.41,27.72,25.13,21.37
745006,2024-06-22,2024,679845,R,543135,R,strikeout,True,False,81.0,0.203,14.0,17.28,10.0,12.35,0.546,0.04299999999999998,19.51,8.36,17.42,25.78,21.62,18.42,44.0,0.279,7.0,15.91,1.0,2.27,0.667,0.0929999999999999,20.0,9.64,16.87,26.51,25.61,14.29,151.0,0.22,33.0,21.85,14.0,9.27,0.6839999999999999,0.159,29.9,14.77,15.11,29.88,32.17,18.54,315.0,0.245,80.0,25.4,30.0,9.52,0.762,0.188,26.86,12.53,15.37,27.9,29.24,19.32
745006,2024-06-22,2024,592669,R,543135,R,field_out,False,False,132.0,0.202,26.0,19.7,12.0,9.09,0.641,0.15899999999999997,26.67,11.09,21.26,32.35,24.73,15.76,408.0,0.229,91.0,22.3,35.0,8.58,0.723,0.1969999999999999,28.12,14.44,14.12,28.56,33.7,19.12,151.0,0.22,33.0,21.85,14.0,9.27,0.6839999999999999,0.159,29.9,14.77,15.11,29.88,32.17,18.54,315.0,0.245,80.0,25.4,30.0,9.52,0.762,0.188,26.86,12.53,15.37,27.9,29.24,19.32
745006,2024-06-22,2024,664728,L,543135,R,home_run,False,False,176.0,0.228,29.0,16.48,10.0,5.68,0.642,0.142,17.61,8.16,20.55,28.71,33.0,18.01,253.0,0.223,43.0,17.0,12.0,4.74,0.631,0.147,20.48,9.51,19.8,29.31,28.6,18.78,118.0,0.198,37.0,31.36,11.0,9.32,0.611,0.14200000000000002,30.45,14.92,18.49,33.41,33.18,27.41,264.0,0.201,52.0,19.7,17.0,6.44,0.579,0.123,25.95,12.73,14.8,27.54,27.76,20.08
745006,2024-06-22,2024,672580,R,543135,R,single,False,False,274.0,0.237,52.0,18.98,21.0,7.66,0.619,0.08800000000000002,19.46,8.56,20.57,29.13,22.02,17.99,400.0,0.258,94.0,23.5,33.0,8.25,0.648,0.071,20.3,8.71,19.59,28.3,19.12,19.96,151.0,0.22,33.0,21.85,14.0,9.27,0.6839999999999999,0.159,29.9,14.77,15.11,29.88,32.17,18.54,315.0,0.245,80.0,25.4,30.0,9.52,0.762,0.188,26.86,12.53,15.37,27.9,29.24,19.32
745006,2024-06-22,2024,677951,R,543135,R,field_out,False,False,285.0,0.322,48.0,16.84,22.0,7.72,0.929,0.23200000000000004,23.83,11.65,14.68,26.33,29.7,16.78,547.0,0.27,93.0,17.0,33.0,6.03,0.8,0.2149999999999999,22.15,10.87,15.53,26.4,29.62,14.44,151.0,0.22,33.0,21.85,14.0,9.27,0.6839999999999999,0.159,29.9,14.77,15.11,29.88,32.17,18.54,315.0,0.245,80.0,25.4,30.0,9.52,0.762,0.188,26.86,12.53,15.37,27.9,29.24,19.32
745006,2024-06-22,2024,665750,L,663903,R,field_out,False,False,182.0,0.22,36.0,19.78,14.0,7.69,0.637,0.13699999999999998,23.12,11.7,15.06,26.75,31.59,17.82,405.0,0.275,86.0,21.23,25.0,6.17,0.767,0.174,24.9,12.5,15.05,27.55,29.44,18.34,193.0,0.281,44.0,22.8,18.0,9.33,0.874,0.23399999999999999,22.53,9.61,20.79,30.39,24.16,20.28,414.0,0.263,82.0,19.81,35.0,8.45,0.781,0.181,22.79,10.32,17.41,27.72,25.13,21.37
745006,2024-06-22,2024,543760,R,663903,R,field_out,False,False,232.0,0.219,34.0,14.66,20.0,8.62,0.6459999999999999,0.13799999999999998,21.31,11.0,13.5,24.5,26.01,16.19,544.0,0.273,77.0,14.15,52.0,9.56,0.8360000000000001,0.2199999999999999,18.01,8.45,14.48,22.93,21.97,13.9,156.0,0.181,36.0,23.08,7.0,4.49,0.524,0.10399999999999998,22.5,10.1,18.59,28.69,26.83,18.65,288.0,0.321,51.0,17.71,14.0,4.86,0.845,0.177,22.54,10.34,19.64,29.98,28.24,18.02
745006,2024-06-22,2024,608369,L,663903,R,field_out,False,False,188.0,0.26,20.0,10.64,32.0,17.02,0.882,0.23399999999999999,19.63,9.44,8.26,17.7,23.28,12.27,370.0,0.333,55.0,14.86,42.0,11.35,1.075,0.334,23.9,12.77,6.35,19.12,27.26,15.8,193.0,0.281,44.0,22.8,18.0,9.33,0.874,0.23399999999999999,22.53,9.61,20.79,30.39,24.16,20.28,414.0,0.263,82.0,19.81,35.0,8.45,0.781,0.181,22.79,10.32,17.41,27.72,25.13,21.37
745006,2024-06-22,2024,686469,L,543135,R,field_out,False,False,243.0,0.229,32.0,13.17,29.0,11.93,0.741,0.18599999999999997,13.43,5.88,16.21,22.09,26.97,12.6,188.0,0.251,23.0,12.23,15.0,7.98,0.784,0.217,14.85,7.02,17.48,24.5,34.8,10.0,118.0,0.198,37.0,31.36,11.0,9.32,0.611,0.14200000000000002,30.45,14.92,18.49,33.41,33.18,27.41,264.0,0.201,52.0,19.7,17.0,6.44,0.579,0.123,25.95,12.73,14.8,27.54,27.76,20.08
745006,2024-06-22,2024,521692,R,543135,R,strikeout,True,False,232.0,0.28,44.0,18.97,18.0,7.76,0.824,0.18899999999999995,26.23,15.02,9.27,24.3,43.39,15.71,437.0,0.264,100.0,22.88,11.0,2.52,0.73,0.174,30.72,18.16,9.73,27.89,45.56,22.08,151.0,0.22,33.0,21.85,14.0,9.27,0.6839999999999999,0.159,29.9,14.77,15.11,29.88,32.17,18.54,315.0,0.245,80.0,25.4,30.0,9.52,0.762,0.188,26.86,12.53,15.37,27.9,29.24,19.32
745006,2024-06-22,2024,666023,R,543135,R,field_out,False,False,100.0,0.269,21.0,21.0,7.0,7.0,0.739,0.14999999999999997,26.09,13.64,13.38,27.02,32.84,16.54,169.0,0.288,36.0,21.3,9.0,5.33,0.785,0.174,23.9,13.04,10.79,23.84,30.17,16.22,151.0,0.22,33.0,21.85,14.0,9.27,0.6839999999999999,0.159,29.9,14.77,15.11,29.88,32.17,18.54,315.0,0.245,80.0,25.4,30.0,9.52,0.762,0.188,26.86,12.53,15.37,27.9,29.24,19.32
745006,2024-06-22,2024,669701,L,663903,R,single,False,False,189.0,0.293,29.0,15.34,18.0,9.52,0.843,0.16400000000000003,17.4,8.14,18.34,26.48,23.63,12.78,200.0,0.194,46.0,23.0,19.0,9.5,0.623,0.13,20.71,8.96,19.58,28.54,22.65,15.97,193.0,0.281,44.0,22.8,18.0,9.33,0.874,0.23399999999999999,22.53,9.61,20.79,30.39,24.16,20.28,414.0,0.263,82.0,19.81,35.0,8.45,0.781,0.181,22.79,10.32,17.41,27.72,25.13,21.37
745006,2024-06-22,2024,666969,R,663903,R,force_out,False,False,200.0,0.202,53.0,26.5,13.0,6.5,0.648,0.186,35.31,18.1,11.76,29.85,34.24,25.36,480.0,0.245,138.0,28.75,41.0,8.54,0.8260000000000001,0.264,31.65,15.93,13.92,29.85,32.02,21.97,156.0,0.181,36.0,23.08,7.0,4.49,0.524,0.10399999999999998,22.5,10.1,18.59,28.69,26.83,18.65,288.0,0.321,51.0,17.71,14.0,4.86,0.845,0.177,22.54,10.34,19.64,29.98,28.24,18.02
745006,2024-06-22,2024,663993,L,663903,R,single,False,False,147.0,0.262,26.0,17.69,18.0,12.24,0.727,0.11099999999999999,15.06,6.38,17.84,24.22,26.15,13.98,505.0,0.279,113.0,22.38,69.0,13.66,0.833,0.172,19.81,8.64,15.62,24.26,19.45,16.87,193.0,0.281,44.0,22.8,18.0,9.33,0.874,0.23399999999999999,22.53,9.61,20.79,30.39,24.16,20.28,414.0,0.263,82.0,19.81,35.0,8.45,0.781,0.181,22.79,10.32,17.41,27.72,25.13,21.37
745006,2024-06-22,2024,694671,R,663903,R,double,False,False,157.0,0.26,29.0,18.47,10.0,6.37,0.654,0.08200000000000002,20.76,9.35,18.07,27.41,23.78,14.15,,,,,,,,,,,,,,,156.0,0.181,36.0,23.08,7.0,4.49,0.524,0.10399999999999998,22.5,10.1,18.59,28.69,26.83,18.65,288.0,0.321,51.0,17.71,14.0,4.86,0.845,0.177,22.54,10.34,19.64,29.98,28.24,18.02
745006,2024-06-22,2024,641680,L,663903,R,walk,False,True,177.0,0.23,38.0,21.47,11.0,6.21,0.615,0.10300000000000001,21.6,11.06,13.79,24.85,32.54,22.09,411.0,0.243,82.0,19.95,33.0,8.03,0.733,0.185,23.06,11.69,13.75,25.44,29.36,17.15,193.0,0.281,44.0,22.8,18.0,9.33,0.874,0.23399999999999999,22.53,9.61,20.79,30.39,24.16,20.28,414.0,0.263,82.0,19.81,35.0,8.45,0.781,0.181,22.79,10.32,17.41,27.72,25.13,21.37
745006,2024-06-22,2024,608671,L,663903,R,strikeout,True,False,106.0,0.235,21.0,19.81,6.0,5.66,0.588,0.061,16.32,7.28,21.13,28.4,20.83,15.33,256.0,0.269,37.0,14.45,32.0,12.5,0.698,0.064,14.4,5.5,22.1,27.6,16.03,15.16,193.0,0.281,44.0,22.8,18.0,9.33,0.874,0.23399999999999999,22.53,9.61,20.79,30.39,24.16,20.28,414.0,0.263,82.0,19.81,35.0,8.45,0.781,0.181,22.79,10.32,17.41,27.72,25.13,21.37
745006,2024-06-22,2024,665750,L,663903,R,force_out,False,False,182.0,0.22,36.0,19.78,14.0,7.69,0.637,0.13699999999999998,23.12,11.7,15.06,26.75,31.59,17.82,405.0,0.275,86.0,21.23,25.0,6.17,0.767,0.174,24.9,12.5,15.05,27.55,29.44,18.34,193.0,0.281,44.0,22.8,18.0,9.33,0.874,0.23399999999999999,22.53,9.61,20.79,30.39,24.16,20.28,414.0,0.263,82.0,19.81,35.0,8.45,0.781,0.181,22.79,10.32,17.41,27.72,25.13,21.37
745006,2024-06-22,2024,669004,L,543135,R,double,False,False,191.0,0.19,51.0,26.7,16.0,8.38,0.6759999999999999,0.22399999999999998,29.91,15.33,12.1,27.43,26.96,17.29,459.0,0.239,122.0,26.58,55.0,11.98,0.752,0.181,32.7,15.24,15.56,30.8,24.84,20.68,118.0,0.198,37.0,31.36,11.0,9.32,0.611,0.14200000000000002,30.45,14.92,18.49,33.41,33.18,27.41,264.0,0.201,52.0,19.7,17.0,6.44,0.579,0.123,25.95,12.73,14.8,27.54,27.76,20.08
745006,2024-06-22,2024,679845,R,543135,R,field_out,False,False,81.0,0.203,14.0,17.28,10.0,12.35,0.546,0.04299999999999998,19.51,8.36,17.42,25.78,21.62,18.42,44.0,0.279,7.0,15.91,1.0,2.27,0.667,0.0929999999999999,20.0,9.64,16.87,26.51,25.61,14.29,151.0,0.22,33.0,21.85,14.0,9.27,0.6839999999999999,0.159,29.9,14.77,15.11,29.88,32.17,18.54,315.0,0.245,80.0,25.4,30.0,9.52,0.762,0.188,26.86,12.53,15.37,27.9,29.24,19.32
745006,2024-06-22,2024,592669,R,543135,R,walk,False,True,132.0,0.202,26.0,19.7,12.0,9.09,0.641,0.15899999999999997,26.67,11.09,21.26,32.35,24.73,15.76,408.0,0.229,91.0,22.3,35.0,8.58,0.723,0.1969999999999999,28.12,14.44,14.12,28.56,33.7,19.12,151.0,0.22,33.0,21.85,14.0,9.27,0.6839999999999999,0.159,29.9,14.77,15.11,29.88,32.17,18.54,315.0,0.245,80.0,25.4,30.0,9.52,0.762,0.188,26.86,12.53,15.37,27.9,29.24,19.32
745006,2024-06-22,2024,641658,R,543135,R,single,False,False,54.0,0.294,17.0,31.48,2.0,3.7,0.654,0.039000000000000035,23.81,11.68,18.22,29.91,25.0,23.61,170.0,0.282,45.0,26.47,14.0,8.24,0.74,0.107,24.75,10.81,20.44,31.26,25.39,22.06,151.0,0.22,33.0,21.85,14.0,9.27,0.6839999999999999,0.159,29.9,14.77,15.11,29.88,32.17,18.54,315.0,0.245,80.0,25.4,30.0,9.52,0.762,0.188,26.86,12.53,15.37,27.9,29.24,19.32
745006,2024-06-22,2024,672580,R,543135,R,field_out,False,False,274.0,0.237,52.0,18.98,21.0,7.66,0.619,0.08800000000000002,19.46,8.56,20.57,29.13,22.02,17.99,400.0,0.258,94.0,23.5,33.0,8.25,0.648,0.071,20.3,8.71,19.59,28.3,19.12,19.96,151.0,0.22,33.0,21.85,14.0,9.27,0.6839999999999999,0.159,29.9,14.77,15.11,29.88,32.17,18.54,315.0,0.245,80.0,25.4,30.0,9.52,0.762,0.188,26.86,12.53,15.37,27.9,29.24,19.32
745006,2024-06-22,2024,677951,R,543135,R,field_out,False,False,285.0,0.322,48.0,16.84,22.0,7.72,0.929,0.23200000000000004,23.83,11.65,14.68,26.33,29.7,16.78,547.0,0.27,93.0,17.0,33.0,6.03,0.8,0.2149999999999999,22.15,10.87,15.53,26.4,29.62,14.44,151.0,0.22,33.0,21.85,14.0,9.27,0.6839999999999999,0.159,29.9,14.77,15.11,29.88,32.17,18.54,315.0,0.245,80.0,25.4,30.0,9.52,0.762,0.188,26.86,12.53,15.37,27.9,29.24,19.32
745006,2024-06-22,2024,543760,R,663903,R,strikeout,True,False,232.0,0.219,34.0,14.66,20.0,8.62,0.6459999999999999,0.13799999999999998,21.31,11.0,13.5,24.5,26.01,16.19,544.0,0.273,77.0,14.15,52.0,9.56,0.8360000000000001,0.2199999999999999,18.01,8.45,14.48,22.93,21.97,13.9,156.0,0.181,36.0,23.08,7.0,4.49,0.524,0.10399999999999998,22.5,10.1,18.59,28.69,26.83,18.65,288.0,0.321,51.0,17.71,14.0,4.86,0.845,0.177,22.54,10.34,19.64,29.98,28.24,18.02
745006,2024-06-22,2024,608369,L,663903,R,field_out,False,False,188.0,0.26,20.0,10.64,32.0,17.02,0.882,0.23399999999999999,19.63,9.44,8.26,17.7,23.28,12.27,370.0,0.333,55.0,14.86,42.0,11.35,1.075,0.334,23.9,12.77,6.35,19.12,27.26,15.8,193.0,0.281,44.0,22.8,18.0,9.33,0.874,0.23399999999999999,22.53,9.61,20.79,30.39,24.16,20.28,414.0,0.263,82.0,19.81,35.0,8.45,0.781,0.181,22.79,10.32,17.41,27.72,25.13,21.37
745006,2024-06-22,2024,669701,L,663903,R,field_out,False,False,189.0,0.293,29.0,15.34,18.0,9.52,0.843,0.16400000000000003,17.4,8.14,18.34,26.48,23.63,12.78,200.0,0.194,46.0,23.0,19.0,9.5,0.623,0.13,20.71,8.96,19.58,28.54,22.65,15.97,193.0,0.281,44.0,22.8,18.0,9.33,0.874,0.23399999999999999,22.53,9.61,20.79,30.39,24.16,20.28,414.0,0.263,82.0,19.81,35.0,8.45,0.781,0.181,22.79,10.32,17.41,27.72,25.13,21.37
745006,2024-06-22,2024,686469,L,543135,R,field_out,False,False,243.0,0.229,32.0,13.17,29.0,11.93,0.741,0.18599999999999997,13.43,5.88,16.21,22.09,26.97,12.6,188.0,0.251,23.0,12.23,15.0,7.98,0.784,0.217,14.85,7.02,17.48,24.5,34.8,10.0,118.0,0.198,37.0,31.36,11.0,9.32,0.611,0.14200000000000002,30.45,14.92,18.49,33.41,33.18,27.41,264.0,0.201,52.0,19.7,17.0,6.44,0.579,0.123,25.95,12.73,14.8,27.54,27.76,20.08
745006,2024-06-22,2024,521692,R,543135,R,strikeout,True,False,232.0,0.28,44.0,18.97,18.0,7.76,0.824,0.18899999999999995,26.23,15.02,9.27,24.3,43.39,15.71,437.0,0.264,100.0,22.88,11.0,2.52,0.73,0.174,30.72,18.16,9.73,27.89,45.56,22.08,151.0,0.22,33.0,21.85,14.0,9.27,0.6839999999999999,0.159,29.9,14.77,15.11,29.88,32.17,18.54,315.0,0.245,80.0,25.4,30.0,9.52,0.762,0.188,26.86,12.53,15.37,27.9,29.24,19.32
745006,2024-06-22,2024,666023,R,543135,R,field_out,False,False,100.0,0.269,21.0,21.0,7.0,7.0,0.739,0.14999999999999997,26.09,13.64,13.38,27.02,32.84,16.54,169.0,0.288,36.0,21.3,9.0,5.33,0.785,0.174,23.9,13.04,10.79,23.84,30.17,16.22,151.0,0.22,33.0,21.85,14.0,9.27,0.6839999999999999,0.159,29.9,14.77,15.11,29.88,32.17,18.54,315.0,0.245,80.0,25.4,30.0,9.52,0.762,0.188,26.86,12.53,15.37,27.9,29.24,19.32
745006,2024-06-22,2024,666969,R,670167,R,single,False,False,200.0,0.202,53.0,26.5,13.0,6.5,0.648,0.186,35.31,18.1,11.76,29.85,34.24,25.36,480.0,0.245,138.0,28.75,41.0,8.54,0.8260000000000001,0.264,31.65,15.93,13.92,29.85,32.02,21.97,70.0,0.23,14.0,20.0,7.0,10.0,0.56,0.015999999999999986,20.69,8.25,18.21,26.46,21.82,18.42,125.0,0.204,37.0,29.6,10.0,8.0,0.599,0.123,25.88,11.73,19.48,31.21,28.85,22.42
745006,2024-06-22,2024,663993,L,670167,R,double,False,False,147.0,0.262,26.0,17.69,18.0,12.24,0.727,0.11099999999999999,15.06,6.38,17.84,24.22,26.15,13.98,505.0,0.279,113.0,22.38,69.0,13.66,0.833,0.172,19.81,8.64,15.62,24.26,19.45,16.87,66.0,0.339,6.0,9.09,4.0,6.06,0.902,0.16899999999999998,16.94,8.86,13.08,21.94,27.03,8.0,79.0,0.3,16.0,20.25,15.0,18.99,0.989,0.233,22.22,9.17,16.51,25.69,22.49,17.58
745006,2024-06-22,2024,694671,R,670167,R,single,False,False,157.0,0.26,29.0,18.47,10.0,6.37,0.654,0.08200000000000002,20.76,9.35,18.07,27.41,23.78,14.15,,,,,,,,,,,,,,,70.0,0.23,14.0,20.0,7.0,10.0,0.56,0.015999999999999986,20.69,8.25,18.21,26.46,21.82,18.42,125.0,0.204,37.0,29.6,10.0,8.0,0.599,0.123,25.88,11.73,19.48,31.21,28.85,22.42
745006,2024-06-22,2024,641680,L,670167,R,force_out,False,False,177.0,0.23,38.0,21.47,11.0,6.21,0.615,0.10300000000000001,21.6,11.06,13.79,24.85,32.54,22.09,411.0,0.243,82.0,19.95,33.0,8.03,0.733,0.185,23.06,11.69,13.75,25.44,29.36,17.15,66.0,0.339,6.0,9.09,4.0,6.06,0.902,0.16899999999999998,16.94,8.86,13.08,21.94,27.03,8.0,79.0,0.3,16.0,20.25,15.0,18.99,0.989,0.233,22.22,9.17,16.51,25.69,22.49,17.58
745006,2024-06-22,2024,543257,R,669674,L,walk,False,True,62.0,0.306,9.0,14.52,12.0,19.35,0.864,0.123,18.68,6.44,23.11,29.55,19.15,12.16,137.0,0.309,32.0,23.36,23.0,16.79,0.952,0.227,18.93,6.53,22.61,29.15,11.97,17.49,26.0,0.238,6.0,23.08,3.0,11.54,0.653,0.09500000000000003,32.5,13.68,16.84,30.53,21.15,30.0,123.0,0.288,20.0,16.26,11.0,8.94,0.8,0.162,19.48,9.34,15.35,24.69,32.23,13.79
745006,2024-06-22,2024,665750,R,669674,L,single,False,False,80.0,0.197,16.0,20.0,8.0,10.0,0.546,0.07100000000000001,29.69,12.67,15.0,27.67,19.88,22.22,150.0,0.241,31.0,20.67,10.0,6.67,0.638,0.102,22.26,10.54,15.89,26.42,25.0,19.38,26.0,0.238,6.0,23.08,3.0,11.54,0.653,0.09500000000000003,32.5,13.68,16.84,30.53,21.15,30.0,123.0,0.288,20.0,16.26,11.0,8.94,0.8,0.162,19.48,9.34,15.35,24.69,32.23,13.79
745006,2024-06-22,2024,543760,R,669674,L,double,False,False,100.0,0.33,14.0,14.0,9.0,9.0,0.9500000000000001,0.23000000000000004,18.29,8.51,14.1,22.61,23.23,15.73,210.0,0.283,33.0,15.71,20.0,9.52,0.8009999999999999,0.156,18.13,8.56,14.97,23.53,20.61,16.58,26.0,0.238,6.0,23.08,3.0,11.54,0.653,0.09500000000000003,32.5,13.68,16.84,30.53,21.15,30.0,123.0,0.288,20.0,16.26,11.0,8.94,0.8,0.162,19.48,9.34,15.35,24.69,32.23,13.79
745006,2024-06-22,2024,608369,L,669674,L,strikeout,True,False,93.0,0.239,29.0,31.18,1.0,1.08,0.606,0.12,27.22,15.41,11.32,26.73,29.79,36.71,166.0,0.314,33.0,19.88,7.0,4.22,0.881,0.218,27.65,15.41,9.68,25.09,30.66,22.92,19.0,0.062,5.0,26.32,3.0,15.79,0.273,0.0,29.73,14.29,10.39,24.68,26.19,23.81,76.0,0.27,12.0,15.79,10.0,13.16,0.786,0.1429999999999999,20.98,9.84,17.05,26.89,26.75,11.65
745006,2024-06-22,2024,669004,L,600917,R,strikeout,True,False,191.0,0.19,51.0,26.7,16.0,8.38,0.6759999999999999,0.22399999999999998,29.91,15.33,12.1,27.43,26.96,17.29,459.0,0.239,122.0,26.58,55.0,11.98,0.752,0.181,32.7,15.24,15.56,30.8,24.84,20.68,55.0,0.175,13.0,23.64,13.0,23.64,0.614,0.05000000000000002,29.07,10.96,16.67,27.63,17.83,20.31,75.0,0.262,17.0,22.67,12.0,16.0,0.764,0.1149999999999999,29.58,12.96,14.2,27.16,25.84,16.5
745006,2024-06-22,2024,679845,R,600917,R,field_out,False,False,81.0,0.203,14.0,17.28,10.0,12.35,0.546,0.04299999999999998,19.51,8.36,17.42,25.78,21.62,18.42,44.0,0.279,7.0,15.91,1.0,2.27,0.667,0.0929999999999999,20.0,9.64,16.87,26.51,25.61,14.29,88.0,0.179,32.0,36.36,8.0,9.09,0.623,0.18,40.44,19.27,13.54,32.81,27.18,25.4,158.0,0.149,50.0,31.65,16.0,10.13,0.496,0.106,38.34,18.88,11.63,30.51,34.32,24.27
745006,2024-06-22,2024,592669,R,600917,R,strikeout,True,False,132.0,0.202,26.0,19.7,12.0,9.09,0.641,0.15899999999999997,26.67,11.09,21.26,32.35,24.73,15.76,408.0,0.229,91.0,22.3,35.0,8.58,0.723,0.1969999999999999,28.12,14.44,14.12,28.56,33.7,19.12,88.0,0.179,32.0,36.36,8.0,9.09,0.623,0.18,40.44,19.27,13.54,32.81,27.18,25.4,158.0,0.149,50.0,31.65,16.0,10.13,0.496,0.106,38.34,18.88,11.63,30.51,34.32,24.27
745006,2024-06-22,2024,669701,L,672578,R,field_out,False,False,189.0,0.293,29.0,15.34,18.0,9.52,0.843,0.16400000000000003,17.4,8.14,18.34,26.48,23.63,12.78,200.0,0.194,46.0,23.0,19.0,9.5,0.623,0.13,20.71,8.96,19.58,28.54,22.65,15.97,8.0,0.429,0.0,0.0,1.0,12.5,1.071,0.14199999999999996,23.53,10.0,12.5,22.5,17.39,0.0,146.0,0.189,42.0,28.77,17.0,11.64,0.597,0.118,30.58,15.6,11.39,26.99,28.62,19.27
745006,2024-06-22,2024,666969,R,672578,R,walk,False,True,200.0,0.202,53.0,26.5,13.0,6.5,0.648,0.186,35.31,18.1,11.76,29.85,34.24,25.36,480.0,0.245,138.0,28.75,41.0,8.54,0.8260000000000001,0.264,31.65,15.93,13.92,29.85,32.02,21.97,13.0,0.1,2.0,15.38,3.0,23.08,0.40800000000000003,0.0,11.76,5.97,13.43,19.4,21.21,6.25,156.0,0.273,35.0,22.44,15.0,9.62,0.8720000000000001,0.259,30.31,15.75,13.15,28.9,31.09,16.28
745006,2024-06-22,2024,663993,L,672578,R,single,False,False,147.0,0.262,26.0,17.69,18.0,12.24,0.727,0.11099999999999999,15.06,6.38,17.84,24.22,26.15,13.98,505.0,0.279,113.0,22.38,69.0,13.66,0.833,0.172,19.81,8.64,15.62,24.26,19.45,16.87,8.0,0.429,0.0,0.0,1.0,12.5,1.071,0.14199999999999996,23.53,10.0,12.5,22.5,17.39,0.0,146.0,0.189,42.0,28.77,17.0,11.64,0.597,0.118,30.58,15.6,11.39,26.99,28.62,19.27
745006,2024-06-22,2024,694671,R,672578,R,field_out,False,False,157.0,0.26,29.0,18.47,10.0,6.37,0.654,0.08200000000000002,20.76,9.35,18.07,27.41,23.78,14.15,,,,,,,,,,,,,,,13.0,0.1,2.0,15.38,3.0,23.08,0.40800000000000003,0.0,11.76,5.97,13.43,19.4,21.21,6.25,156.0,0.273,35.0,22.44,15.0,9.62,0.8720000000000001,0.259,30.31,15.75,13.15,28.9,31.09,16.28
745006,2024-06-22,2024,641658,R,600917,R,field_out,False,False,54.0,0.294,17.0,31.48,2.0,3.7,0.654,0.039000000000000035,23.81,11.68,18.22,29.91,25.0,23.61,170.0,0.282,45.0,26.47,14.0,8.24,0.74,0.107,24.75,10.81,20.44,31.26,25.39,22.06,88.0,0.179,32.0,36.36,8.0,9.09,0.623,0.18,40.44,19.27,13.54,32.81,27.18,25.4,158.0,0.149,50.0,31.65,16.0,10.13,0.496,0.106,38.34,18.88,11.63,30.51,34.32,24.27
745006,2024-06-22,2024,672580,R,600917,R,walk,False,True,274.0,0.237,52.0,18.98,21.0,7.66,0.619,0.08800000000000002,19.46,8.56,20.57,29.13,22.02,17.99,400.0,0.258,94.0,23.5,33.0,8.25,0.648,0.071,20.3,8.71,19.59,28.3,19.12,19.96,88.0,0.179,32.0,36.36,8.0,9.09,0.623,0.18,40.44,19.27,13.54,32.81,27.18,25.4,158.0,0.149,50.0,31.65,16.0,10.13,0.496,0.106,38.34,18.88,11.63,30.51,34.32,24.27
745006,2024-06-22,2024,677951,R,600917,R,strikeout,True,False,285.0,0.322,48.0,16.84,22.0,7.72,0.929,0.23200000000000004,23.83,11.65,14.68,26.33,29.7,16.78,547.0,0.27,93.0,17.0,33.0,6.03,0.8,0.2149999999999999,22.15,10.87,15.53,26.4,29.62,14.44,88.0,0.179,32.0,36.36,8.0,9.09,0.623,0.18,40.44,19.27,13.54,32.81,27.18,25.4,158.0,0.149,50.0,31.65,16.0,10.13,0.496,0.106,38.34,18.88,11.63,30.51,34.32,24.27
745006,2024-06-22,2024,686469,L,600917,R,single,False,False,243.0,0.229,32.0,13.17,29.0,11.93,0.741,0.18599999999999997,13.43,5.88,16.21,22.09,26.97,12.6,188.0,0.251,23.0,12.23,15.0,7.98,0.784,0.217,14.85,7.02,17.48,24.5,34.8,10.0,55.0,0.175,13.0,23.64,13.0,23.64,0.614,0.05000000000000002,29.07,10.96,16.67,27.63,17.83,20.31,75.0,0.262,17.0,22.67,12.0,16.0,0.764,0.1149999999999999,29.58,12.96,14.2,27.16,25.84,16.5
745006,2024-06-22,2024,521692,R,502085,R,strikeout,True,False,232.0,0.28,44.0,18.97,18.0,7.76,0.824,0.18899999999999995,26.23,15.02,9.27,24.3,43.39,15.71,437.0,0.264,100.0,22.88,11.0,2.52,0.73,0.174,30.72,18.16,9.73,27.89,45.56,22.08,73.0,0.274,24.0,32.88,7.0,9.59,0.716,0.08099999999999996,33.33,12.67,22.95,35.62,23.97,28.92,139.0,0.216,42.0,30.22,11.0,7.91,0.6419999999999999,0.1359999999999999,33.2,15.06,18.51,33.58,26.3,26.42
745006,2024-06-22,2024,641680,L,623433,R,walk,False,True,177.0,0.23,38.0,21.47,11.0,6.21,0.615,0.10300000000000001,21.6,11.06,13.79,24.85,32.54,22.09,411.0,0.243,82.0,19.95,33.0,8.03,0.733,0.185,23.06,11.69,13.75,25.44,29.36,17.15,60.0,0.196,9.0,15.0,8.0,13.33,0.575,0.07900000000000001,25.51,10.96,15.79,26.75,21.19,16.98,58.0,0.14,17.0,29.31,1.0,1.72,0.366,0.0709999999999999,32.46,17.7,20.1,37.8,39.36,23.61
745006,2024-06-22,2024,543257,L,623433,R,grounded_into_double_play,False,False,81.0,0.157,20.0,24.69,10.0,12.35,0.445,0.028999999999999998,19.85,7.61,19.44,27.04,15.61,19.61,283.0,0.206,66.0,23.32,34.0,12.01,0.633,0.123,20.58,8.17,20.25,28.42,17.66,20.62,60.0,0.196,9.0,15.0,8.0,13.33,0.575,0.07900000000000001,25.51,10.96,15.79,26.75,21.19,16.98,58.0,0.14,17.0,29.31,1.0,1.72,0.366,0.0709999999999999,32.46,17.7,20.1,37.8,39.36,23.61
745006,2024-06-22,2024,665750,L,623433,R,strikeout,True,False,182.0,0.22,36.0,19.78,14.0,7.69,0.637,0.13699999999999998,23.12,11.7,15.06,26.75,31.59,17.82,405.0,0.275,86.0,21.23,25.0,6.17,0.767,0.174,24.9,12.5,15.05,27.55,29.44,18.34,60.0,0.196,9.0,15.0,8.0,13.33,0.575,0.07900000000000001,25.51,10.96,15.79,26.75,21.19,16.98,58.0,0.14,17.0,29.31,1.0,1.72,0.366,0.0709999999999999,32.46,17.7,20.1,37.8,39.36,23.61
745006,2024-06-22,2024,666023,R,489446,R,strikeout,True,False,100.0,0.269,21.0,21.0,7.0,7.0,0.739,0.14999999999999997,26.09,13.64,13.38,27.02,32.84,16.54,169.0,0.288,36.0,21.3,9.0,5.33,0.785,0.174,23.9,13.04,10.79,23.84,30.17,16.22,63.0,0.145,18.0,28.57,6.0,9.52,0.42600000000000005,0.05500000000000002,35.21,18.38,10.29,28.68,34.25,21.18,136.0,0.204,47.0,34.56,16.0,11.76,0.657,0.132,33.07,14.97,16.22,31.19,30.57,26.7
745006,2024-06-22,2024,669004,L,489446,R,field_out,False,False,191.0,0.19,51.0,26.7,16.0,8.38,0.6759999999999999,0.22399999999999998,29.91,15.33,12.1,27.43,26.96,17.29,459.0,0.239,122.0,26.58,55.0,11.98,0.752,0.181,32.7,15.24,15.56,30.8,24.84,20.68,43.0,0.114,18.0,41.86,7.0,16.28,0.42700000000000005,0.05700000000000001,34.18,13.5,22.0,35.5,25.96,26.47,119.0,0.124,33.0,27.73,21.0,17.65,0.575,0.1649999999999999,28.19,12.75,12.15,24.9,24.91,21.85
745006,2024-06-22,2024,679845,R,489446,R,double,False,False,81.0,0.203,14.0,17.28,10.0,12.35,0.546,0.04299999999999998,19.51,8.36,17.42,25.78,21.62,18.42,44.0,0.279,7.0,15.91,1.0,2.27,0.667,0.0929999999999999,20.0,9.64,16.87,26.51,25.61,14.29,63.0,0.145,18.0,28.57,6.0,9.52,0.42600000000000005,0.05500000000000002,35.21,18.38,10.29,28.68,34.25,21.18,136.0,0.204,47.0,34.56,16.0,11.76,0.657,0.132,33.07,14.97,16.22,31.19,30.57,26.7
745006,2024-06-22,2024,592669,R,489446,R,strikeout,True,False,132.0,0.202,26.0,19.7,12.0,9.09,0.641,0.15899999999999997,26.67,11.09,21.26,32.35,24.73,15.76,408.0,0.229,91.0,22.3,35.0,8.58,0.723,0.1969999999999999,28.12,14.44,14.12,28.56,33.7,19.12,63.0,0.145,18.0,28.57,6.0,9.52,0.42600000000000005,0.05500000000000002,35.21,18.38,10.29,28.68,34.25,21.18,136.0,0.204,47.0,34.56,16.0,11.76,0.657,0.132,33.07,14.97,16.22,31.19,30.57,26.7
745403,2024-06-22,2024,668930,L,656302,R,strikeout,True,False,237.0,0.299,37.0,15.61,20.0,8.44,0.776,0.118,12.94,5.97,18.76,24.73,25.12,14.45,376.0,0.224,82.0,21.81,30.0,7.98,0.608,0.097,22.03,10.83,16.08,26.9,28.59,16.14,171.0,0.224,42.0,24.56,14.0,8.19,0.6890000000000001,0.17700000000000002,26.75,12.12,15.56,27.69,28.17,18.83,398.0,0.268,91.0,22.86,30.0,7.54,0.797,0.193,27.04,12.73,15.25,27.98,28.21,19.36
745403,2024-06-22,2024,661388,R,656302,R,strikeout,True,False,256.0,0.299,47.0,18.36,23.0,8.98,0.843,0.177,28.82,13.61,14.35,27.96,24.6,17.74,434.0,0.262,94.0,21.66,42.0,9.68,0.72,0.119,27.61,11.63,19.55,31.17,24.86,18.08,205.0,0.21,74.0,36.1,14.0,6.83,0.605,0.12900000000000003,37.26,18.29,15.39,33.68,31.57,25.43,388.0,0.23,123.0,31.7,49.0,12.63,0.673,0.1139999999999999,34.99,15.88,15.7,31.59,28.15,21.5
745403,2024-06-22,2024,592885,L,656302,R,field_out,False,False,147.0,0.315,29.0,19.73,18.0,12.24,0.877,0.16499999999999998,21.61,9.9,13.09,22.99,24.76,15.59,473.0,0.294,103.0,21.78,64.0,13.53,0.882,0.195,26.99,11.53,15.4,26.93,23.89,19.07,171.0,0.224,42.0,24.56,14.0,8.19,0.6890000000000001,0.17700000000000002,26.75,12.12,15.56,27.69,28.17,18.83,398.0,0.268,91.0,22.86,30.0,7.54,0.797,0.193,27.04,12.73,15.25,27.98,28.21,19.36
745403,2024-06-22,2024,650333,L,607067,R,field_out,False,False,200.0,0.344,5.0,2.5,8.0,4.0,0.8160000000000001,0.10000000000000003,6.0,2.91,19.28,22.19,33.88,2.92,479.0,0.362,17.0,3.55,31.0,6.47,0.891,0.122,6.51,3.2,16.58,19.78,31.29,4.11,193.0,0.259,32.0,16.58,17.0,8.81,0.815,0.22999999999999998,15.65,6.81,20.14,26.94,21.59,15.46,247.0,0.251,48.0,19.43,19.0,7.69,0.8160000000000001,0.251,19.13,9.16,18.52,27.68,26.2,15.34
745403,2024-06-22,2024,665487,R,607067,R,field_out,False,False,226.0,0.294,43.0,19.03,11.0,4.87,0.8720000000000001,0.24200000000000005,27.12,14.76,11.2,25.96,30.46,22.75,489.0,0.244,114.0,23.31,37.0,7.57,0.728,0.181,31.62,17.66,8.94,26.61,34.25,23.98,154.0,0.217,22.0,14.29,9.0,5.84,0.609,0.11900000000000002,18.18,9.01,18.2,27.2,26.83,14.57,270.0,0.22,62.0,22.96,19.0,7.04,0.65,0.151,28.46,13.58,17.08,30.66,28.62,18.94
745403,2024-06-22,2024,595777,L,607067,R,field_out,False,False,213.0,0.306,38.0,17.84,26.0,12.21,0.851,0.14400000000000002,18.54,8.58,14.33,22.91,22.62,13.26,375.0,0.229,68.0,18.13,37.0,9.87,0.6559999999999999,0.1159999999999999,21.66,10.43,14.17,24.61,26.12,14.59,193.0,0.259,32.0,16.58,17.0,8.81,0.815,0.22999999999999998,15.65,6.81,20.14,26.94,21.59,15.46,247.0,0.251,48.0,19.43,19.0,7.69,0.8160000000000001,0.251,19.13,9.16,18.52,27.68,26.2,15.34
745403,2024-06-22,2024,642715,R,656302,R,strikeout,True,False,254.0,0.263,57.0,22.44,27.0,10.63,0.817,0.20999999999999996,29.07,13.97,14.67,28.64,26.29,18.45,480.0,0.212,117.0,24.38,47.0,9.79,0.702,0.194,32.44,16.53,12.85,29.38,32.69,19.28,205.0,0.21,74.0,36.1,14.0,6.83,0.605,0.12900000000000003,37.26,18.29,15.39,33.68,31.57,25.43,388.0,0.23,123.0,31.7,49.0,12.63,0.673,0.1139999999999999,34.99,15.88,15.7,31.59,28.15,21.5
745403,2024-06-22,2024,686217,L,656302,R,single,False,False,227.0,0.259,41.0,18.06,23.0,10.13,0.6619999999999999,0.059,15.12,6.03,21.81,27.84,25.84,16.53,180.0,0.261,30.0,16.67,23.0,12.78,0.722,0.1049999999999999,15.26,6.63,20.31,26.94,29.52,13.18,171.0,0.224,42.0,24.56,14.0,8.19,0.6890000000000001,0.17700000000000002,26.75,12.12,15.56,27.69,28.17,18.83,398.0,0.268,91.0,22.86,30.0,7.54,0.797,0.193,27.04,12.73,15.25,27.98,28.21,19.36
745403,2024-06-22,2024,656555,R,656302,R,strikeout,True,False,184.0,0.231,49.0,26.63,19.0,10.33,0.768,0.213,26.89,10.95,21.03,31.98,22.42,18.99,,,,,,,,,,,,,,,205.0,0.21,74.0,36.1,14.0,6.83,0.605,0.12900000000000003,37.26,18.29,15.39,33.68,31.57,25.43,388.0,0.23,123.0,31.7,49.0,12.63,0.673,0.1139999999999999,34.99,15.88,15.7,31.59,28.15,21.5
745403,2024-06-22,2024,672012,L,656302,R,field_out,False,False,25.0,0.136,9.0,36.0,3.0,12.0,0.422,0.045999999999999985,26.19,10.09,20.18,30.28,18.97,31.03,,,,,,,,,,,,,,,171.0,0.224,42.0,24.56,14.0,8.19,0.6890000000000001,0.17700000000000002,26.75,12.12,15.56,27.69,28.17,18.83,398.0,0.268,91.0,22.86,30.0,7.54,0.797,0.193,27.04,12.73,15.25,27.98,28.21,19.36
745403,2024-06-22,2024,630105,L,607067,R,single,False,False,216.0,0.286,36.0,16.67,16.0,7.41,0.882,0.25000000000000006,17.94,8.33,17.12,25.46,23.5,13.53,367.0,0.23,59.0,16.08,36.0,9.81,0.7,0.154,14.92,6.99,16.69,23.68,24.61,14.08,193.0,0.259,32.0,16.58,17.0,8.81,0.815,0.22999999999999998,15.65,6.81,20.14,26.94,21.59,15.46,247.0,0.251,48.0,19.43,19.0,7.69,0.8160000000000001,0.251,19.13,9.16,18.52,27.68,26.2,15.34
745403,2024-06-22,2024,592518,R,607067,R,single,False,False,200.0,0.28,44.0,22.0,10.0,5.0,0.698,0.10099999999999998,25.0,12.61,14.72,27.33,28.29,19.82,452.0,0.241,83.0,18.36,36.0,7.96,0.747,0.205,24.68,12.42,14.05,26.47,29.58,16.9,154.0,0.217,22.0,14.29,9.0,5.84,0.609,0.11900000000000002,18.18,9.01,18.2,27.2,26.83,14.57,270.0,0.22,62.0,22.96,19.0,7.04,0.65,0.151,28.46,13.58,17.08,30.66,28.62,18.94
745403,2024-06-22,2024,701538,L,607067,R,force_out,False,False,180.0,0.315,31.0,17.22,9.0,5.0,0.806,0.137,18.41,10.09,13.25,23.34,36.75,14.08,,,,,,,,,,,,,,,193.0,0.259,32.0,16.58,17.0,8.81,0.815,0.22999999999999998,15.65,6.81,20.14,26.94,21.59,15.46,247.0,0.251,48.0,19.43,19.0,7.69,0.8160000000000001,0.251,19.13,9.16,18.52,27.68,26.2,15.34
745403,2024-06-22,2024,444482,L,607067,R,walk,False,True,48.0,0.195,10.0,20.83,6.0,12.5,0.518,0.024999999999999994,25.69,14.21,10.66,24.87,36.36,11.54,387.0,0.253,63.0,16.28,19.0,4.91,0.6739999999999999,0.131,22.16,12.01,13.06,25.07,33.57,15.04,193.0,0.259,32.0,16.58,17.0,8.81,0.815,0.22999999999999998,15.65,6.81,20.14,26.94,21.59,15.46,247.0,0.251,48.0,19.43,19.0,7.69,0.8160000000000001,0.251,19.13,9.16,18.52,27.68,26.2,15.34
745403,2024-06-22,2024,673490,R,607067,R,grounded_into_double_play,False,False,205.0,0.231,34.0,16.59,30.0,14.63,0.751,0.17400000000000002,17.04,6.08,24.68,30.77,17.73,11.89,435.0,0.241,94.0,21.61,55.0,12.64,0.681,0.1,18.8,7.03,23.65,30.68,19.23,15.59,154.0,0.217,22.0,14.29,9.0,5.84,0.609,0.11900000000000002,18.18,9.01,18.2,27.2,26.83,14.57,270.0,0.22,62.0,22.96,19.0,7.04,0.65,0.151,28.46,13.58,17.08,30.66,28.62,18.94
745403,2024-06-22,2024,687401,R,656302,R,walk,False,True,165.0,0.295,21.0,12.73,23.0,13.94,0.876,0.187,15.97,6.31,21.47,27.78,22.96,10.71,13.0,0.077,3.0,23.08,0.0,0.0,0.2309999999999999,0.077,15.79,8.11,21.62,29.73,26.67,33.33,205.0,0.21,74.0,36.1,14.0,6.83,0.605,0.12900000000000003,37.26,18.29,15.39,33.68,31.57,25.43,388.0,0.23,123.0,31.7,49.0,12.63,0.673,0.1139999999999999,34.99,15.88,15.7,31.59,28.15,21.5
745403,2024-06-22,2024,694192,R,656302,R,strikeout,True,False,165.0,0.252,46.0,27.88,7.0,4.24,0.686,0.15400000000000003,31.67,15.83,19.0,34.83,36.04,25.41,,,,,,,,,,,,,,,205.0,0.21,74.0,36.1,14.0,6.83,0.605,0.12900000000000003,37.26,18.29,15.39,33.68,31.57,25.43,388.0,0.23,123.0,31.7,49.0,12.63,0.673,0.1139999999999999,34.99,15.88,15.7,31.59,28.15,21.5
745403,2024-06-22,2024,668930,L,656302,R,field_out,False,False,237.0,0.299,37.0,15.61,20.0,8.44,0.776,0.118,12.94,5.97,18.76,24.73,25.12,14.45,376.0,0.224,82.0,21.81,30.0,7.98,0.608,0.097,22.03,10.83,16.08,26.9,28.59,16.14,171.0,0.224,42.0,24.56,14.0,8.19,0.6890000000000001,0.17700000000000002,26.75,12.12,15.56,27.69,28.17,18.83,398.0,0.268,91.0,22.86,30.0,7.54,0.797,0.193,27.04,12.73,15.25,27.98,28.21,19.36
745403,2024-06-22,2024,661388,R,656302,R,strikeout,True,False,256.0,0.299,47.0,18.36,23.0,8.98,0.843,0.177,28.82,13.61,14.35,27.96,24.6,17.74,434.0,0.262,94.0,21.66,42.0,9.68,0.72,0.119,27.61,11.63,19.55,31.17,24.86,18.08,205.0,0.21,74.0,36.1,14.0,6.83,0.605,0.12900000000000003,37.26,18.29,15.39,33.68,31.57,25.43,388.0,0.23,123.0,31.7,49.0,12.63,0.673,0.1139999999999999,34.99,15.88,15.7,31.59,28.15,21.5
745403,2024-06-22,2024,543309,R,607067,R,field_out,False,False,40.0,0.179,15.0,37.5,1.0,2.5,0.662,0.28300000000000003,25.33,12.18,24.36,36.54,31.88,27.78,192.0,0.233,53.0,27.6,12.0,6.25,0.654,0.142,28.81,14.15,17.01,31.16,30.17,24.88,154.0,0.217,22.0,14.29,9.0,5.84,0.609,0.11900000000000002,18.18,9.01,18.2,27.2,26.83,14.57,270.0,0.22,62.0,22.96,19.0,7.04,0.65,0.151,28.46,13.58,17.08,30.66,28.62,18.94
745403,2024-06-22,2024,650333,L,607067,R,field_out,False,False,200.0,0.344,5.0,2.5,8.0,4.0,0.8160000000000001,0.10000000000000003,6.0,2.91,19.28,22.19,33.88,2.92,479.0,0.362,17.0,3.55,31.0,6.47,0.891,0.122,6.51,3.2,16.58,19.78,31.29,4.11,193.0,0.259,32.0,16.58,17.0,8.81,0.815,0.22999999999999998,15.65,6.81,20.14,26.94,21.59,15.46,247.0,0.251,48.0,19.43,19.0,7.69,0.8160000000000001,0.251,19.13,9.16,18.52,27.68,26.2,15.34
745403,2024-06-22,2024,665487,R,607067,R,hit_by_pitch,False,False,226.0,0.294,43.0,19.03,11.0,4.87,0.8720000000000001,0.24200000000000005,27.12,14.76,11.2,25.96,30.46,22.75,489.0,0.244,114.0,23.31,37.0,7.57,0.728,0.181,31.62,17.66,8.94,26.61,34.25,23.98,154.0,0.217,22.0,14.29,9.0,5.84,0.609,0.11900000000000002,18.18,9.01,18.2,27.2,26.83,14.57,270.0,0.22,62.0,22.96,19.0,7.04,0.65,0.151,28.46,13.58,17.08,30.66,28.62,18.94
745403,2024-06-22,2024,595777,L,607067,R,field_out,False,False,213.0,0.306,38.0,17.84,26.0,12.21,0.851,0.14400000000000002,18.54,8.58,14.33,22.91,22.62,13.26,375.0,0.229,68.0,18.13,37.0,9.87,0.6559999999999999,0.1159999999999999,21.66,10.43,14.17,24.61,26.12,14.59,193.0,0.259,32.0,16.58,17.0,8.81,0.815,0.22999999999999998,15.65,6.81,20.14,26.94,21.59,15.46,247.0,0.251,48.0,19.43,19.0,7.69,0.8160000000000001,0.251,19.13,9.16,18.52,27.68,26.2,15.34
745403,2024-06-22,2024,592885,L,656302,R,field_out,False,False,147.0,0.315,29.0,19.73,18.0,12.24,0.877,0.16499999999999998,21.61,9.9,13.09,22.99,24.76,15.59,473.0,0.294,103.0,21.78,64.0,13.53,0.882,0.195,26.99,11.53,15.4,26.93,23.89,19.07,171.0,0.224,42.0,24.56,14.0,8.19,0.6890000000000001,0.17700000000000002,26.75,12.12,15.56,27.69,28.17,18.83,398.0,0.268,91.0,22.86,30.0,7.54,0.797,0.193,27.04,12.73,15.25,27.98,28.21,19.36
745403,2024-06-22,2024,642715,R,656302,R,double,False,False,254.0,0.263,57.0,22.44,27.0,10.63,0.817,0.20999999999999996,29.07,13.97,14.67,28.64,26.29,18.45,480.0,0.212,117.0,24.38,47.0,9.79,0.702,0.194,32.44,16.53,12.85,29.38,32.69,19.28,205.0,0.21,74.0,36.1,14.0,6.83,0.605,0.12900000000000003,37.26,18.29,15.39,33.68,31.57,25.43,388.0,0.23,123.0,31.7,49.0,12.63,0.673,0.1139999999999999,34.99,15.88,15.7,31.59,28.15,21.5
745403,2024-06-22,2024,686217,L,656302,R,strikeout,True,False,227.0,0.259,41.0,18.06,23.0,10.13,0.6619999999999999,0.059,15.12,6.03,21.81,27.84,25.84,16.53,180.0,0.261,30.0,16.67,23.0,12.78,0.722,0.1049999999999999,15.26,6.63,20.31,26.94,29.52,13.18,171.0,0.224,42.0,24.56,14.0,8.19,0.6890000000000001,0.17700000000000002,26.75,12.12,15.56,27.69,28.17,18.83,398.0,0.268,91.0,22.86,30.0,7.54,0.797,0.193,27.04,12.73,15.25,27.98,28.21,19.36
745403,2024-06-22,2024,656555,R,656302,R,strikeout,True,False,184.0,0.231,49.0,26.63,19.0,10.33,0.768,0.213,26.89,10.95,21.03,31.98,22.42,18.99,,,,,,,,,,,,,,,205.0,0.21,74.0,36.1,14.0,6.83,0.605,0.12900000000000003,37.26,18.29,15.39,33.68,31.57,25.43,388.0,0.23,123.0,31.7,49.0,12.63,0.673,0.1139999999999999,34.99,15.88,15.7,31.59,28.15,21.5
745403,2024-06-22,2024,630105,L,607067,R,single,False,False,216.0,0.286,36.0,16.67,16.0,7.41,0.882,0.25000000000000006,17.94,8.33,17.12,25.46,23.5,13.53,367.0,0.23,59.0,16.08,36.0,9.81,0.7,0.154,14.92,6.99,16.69,23.68,24.61,14.08,193.0,0.259,32.0,16.58,17.0,8.81,0.815,0.22999999999999998,15.65,6.81,20.14,26.94,21.59,15.46,247.0,0.251,48.0,19.43,19.0,7.69,0.8160000000000001,0.251,19.13,9.16,18.52,27.68,26.2,15.34
745403,2024-06-22,2024,592518,R,607067,R,grounded_into_double_play,False,False,200.0,0.28,44.0,22.0,10.0,5.0,0.698,0.10099999999999998,25.0,12.61,14.72,27.33,28.29,19.82,452.0,0.241,83.0,18.36,36.0,7.96,0.747,0.205,24.68,12.42,14.05,26.47,29.58,16.9,154.0,0.217,22.0,14.29,9.0,5.84,0.609,0.11900000000000002,18.18,9.01,18.2,27.2,26.83,14.57,270.0,0.22,62.0,22.96,19.0,7.04,0.65,0.151,28.46,13.58,17.08,30.66,28.62,18.94
745403,2024-06-22,2024,701538,L,607067,R,field_out,False,False,180.0,0.315,31.0,17.22,9.0,5.0,0.806,0.137,18.41,10.09,13.25,23.34,36.75,14.08,,,,,,,,,,,,,,,193.0,0.259,32.0,16.58,17.0,8.81,0.815,0.22999999999999998,15.65,6.81,20.14,26.94,21.59,15.46,247.0,0.251,48.0,19.43,19.0,7.69,0.8160000000000001,0.251,19.13,9.16,18.52,27.68,26.2,15.34
745403,2024-06-22,2024,672012,L,656302,R,walk,False,True,25.0,0.136,9.0,36.0,3.0,12.0,0.422,0.045999999999999985,26.19,10.09,20.18,30.28,18.97,31.03,,,,,,,,,,,,,,,171.0,0.224,42.0,24.56,14.0,8.19,0.6890000000000001,0.17700000000000002,26.75,12.12,15.56,27.69,28.17,18.83,398.0,0.268,91.0,22.86,30.0,7.54,0.797,0.193,27.04,12.73,15.25,27.98,28.21,19.36
745403,2024-06-22,2024,687401,R,656302,R,strikeout,True,False,165.0,0.295,21.0,12.73,23.0,13.94,0.876,0.187,15.97,6.31,21.47,27.78,22.96,10.71,13.0,0.077,3.0,23.08,0.0,0.0,0.2309999999999999,0.077,15.79,8.11,21.62,29.73,26.67,33.33,205.0,0.21,74.0,36.1,14.0,6.83,0.605,0.12900000000000003,37.26,18.29,15.39,33.68,31.57,25.43,388.0,0.23,123.0,31.7,49.0,12.63,0.673,0.1139999999999999,34.99,15.88,15.7,31.59,28.15,21.5
745403,2024-06-22,2024,694192,R,656302,R,single,False,False,165.0,0.252,46.0,27.88,7.0,4.24,0.686,0.15400000000000003,31.67,15.83,19.0,34.83,36.04,25.41,,,,,,,,,,,,,,,205.0,0.21,74.0,36.1,14.0,6.83,0.605,0.12900000000000003,37.26,18.29,15.39,33.68,31.57,25.43,388.0,0.23,123.0,31.7,49.0,12.63,0.673,0.1139999999999999,34.99,15.88,15.7,31.59,28.15,21.5
745403,2024-06-22,2024,668930,L,656302,R,single,False,False,237.0,0.299,37.0,15.61,20.0,8.44,0.776,0.118,12.94,5.97,18.76,24.73,25.12,14.45,376.0,0.224,82.0,21.81,30.0,7.98,0.608,0.097,22.03,10.83,16.08,26.9,28.59,16.14,171.0,0.224,42.0,24.56,14.0,8.19,0.6890000000000001,0.17700000000000002,26.75,12.12,15.56,27.69,28.17,18.83,398.0,0.268,91.0,22.86,30.0,7.54,0.797,0.193,27.04,12.73,15.25,27.98,28.21,19.36
745403,2024-06-22,2024,661388,R,656302,R,single,False,False,256.0,0.299,47.0,18.36,23.0,8.98,0.843,0.177,28.82,13.61,14.35,27.96,24.6,17.74,434.0,0.262,94.0,21.66,42.0,9.68,0.72,0.119,27.61,11.63,19.55,31.17,24.86,18.08,205.0,0.21,74.0,36.1,14.0,6.83,0.605,0.12900000000000003,37.26,18.29,15.39,33.68,31.57,25.43,388.0,0.23,123.0,31.7,49.0,12.63,0.673,0.1139999999999999,34.99,15.88,15.7,31.59,28.15,21.5
745403,2024-06-22,2024,592885,L,656302,R,single,False,False,147.0,0.315,29.0,19.73,18.0,12.24,0.877,0.16499999999999998,21.61,9.9,13.09,22.99,24.76,15.59,473.0,0.294,103.0,21.78,64.0,13.53,0.882,0.195,26.99,11.53,15.4,26.93,23.89,19.07,171.0,0.224,42.0,24.56,14.0,8.19,0.6890000000000001,0.17700000000000002,26.75,12.12,15.56,27.69,28.17,18.83,398.0,0.268,91.0,22.86,30.0,7.54,0.797,0.193,27.04,12.73,15.25,27.98,28.21,19.36
745403,2024-06-22,2024,642715,R,656302,R,strikeout,True,False,254.0,0.263,57.0,22.44,27.0,10.63,0.817,0.20999999999999996,29.07,13.97,14.67,28.64,26.29,18.45,480.0,0.212,117.0,24.38,47.0,9.79,0.702,0.194,32.44,16.53,12.85,29.38,32.69,19.28,205.0,0.21,74.0,36.1,14.0,6.83,0.605,0.12900000000000003,37.26,18.29,15.39,33.68,31.57,25.43,388.0,0.23,123.0,31.7,49.0,12.63,0.673,0.1139999999999999,34.99,15.88,15.7,31.59,28.15,21.5
745403,2024-06-22,2024,686217,L,676680,L,catcher_interf,False,False,31.0,0.241,8.0,25.81,1.0,3.23,0.646,0.138,17.78,7.62,23.81,31.43,20.83,30.77,43.0,0.184,7.0,16.28,5.0,11.63,0.5680000000000001,0.1049999999999999,11.43,4.71,21.18,25.88,26.83,17.07,28.0,0.174,8.0,28.57,2.0,7.14,0.731,0.261,26.92,11.48,22.13,33.61,26.32,18.18,80.0,0.236,20.0,25.0,6.0,7.5,0.651,0.1109999999999999,32.41,15.06,18.59,33.65,25.0,23.81
745403,2024-06-22,2024,656555,R,676680,L,single,False,False,41.0,0.176,8.0,19.51,4.0,9.76,0.533,0.08900000000000002,26.25,12.0,18.29,30.29,27.16,13.33,,,,,,,,,,,,,,,31.0,0.393,7.0,22.58,3.0,9.68,0.952,0.10699999999999998,16.95,7.35,18.38,25.74,18.18,14.29,126.0,0.131,24.0,19.05,13.0,10.32,0.426,0.0469999999999999,20.33,9.32,18.63,27.95,22.09,13.48
745403,2024-06-22,2024,672012,L,676680,L,field_out,False,False,5.0,0.4,0.0,0.0,0.0,0.0,1.0,0.19999999999999996,16.67,9.52,14.29,23.81,33.33,0.0,,,,,,,,,,,,,,,28.0,0.174,8.0,28.57,2.0,7.14,0.731,0.261,26.92,11.48,22.13,33.61,26.32,18.18,80.0,0.236,20.0,25.0,6.0,7.5,0.651,0.1109999999999999,32.41,15.06,18.59,33.65,25.0,23.81
745403,2024-06-22,2024,444482,L,607067,R,field_out,False,False,48.0,0.195,10.0,20.83,6.0,12.5,0.518,0.024999999999999994,25.69,14.21,10.66,24.87,36.36,11.54,387.0,0.253,63.0,16.28,19.0,4.91,0.6739999999999999,0.131,22.16,12.01,13.06,25.07,33.57,15.04,193.0,0.259,32.0,16.58,17.0,8.81,0.815,0.22999999999999998,15.65,6.81,20.14,26.94,21.59,15.46,247.0,0.251,48.0,19.43,19.0,7.69,0.8160000000000001,0.251,19.13,9.16,18.52,27.68,26.2,15.34
745403,2024-06-22,2024,673490,R,607067,R,field_out,False,False,205.0,0.231,34.0,16.59,30.0,14.63,0.751,0.17400000000000002,17.04,6.08,24.68,30.77,17.73,11.89,435.0,0.241,94.0,21.61,55.0,12.64,0.681,0.1,18.8,7.03,23.65,30.68,19.23,15.59,154.0,0.217,22.0,14.29,9.0,5.84,0.609,0.11900000000000002,18.18,9.01,18.2,27.2,26.83,14.57,270.0,0.22,62.0,22.96,19.0,7.04,0.65,0.151,28.46,13.58,17.08,30.66,28.62,18.94
745403,2024-06-22,2024,543309,R,607067,R,walk,False,True,40.0,0.179,15.0,37.5,1.0,2.5,0.662,0.28300000000000003,25.33,12.18,24.36,36.54,31.88,27.78,192.0,0.233,53.0,27.6,12.0,6.25,0.654,0.142,28.81,14.15,17.01,31.16,30.17,24.88,154.0,0.217,22.0,14.29,9.0,5.84,0.609,0.11900000000000002,18.18,9.01,18.2,27.2,26.83,14.57,270.0,0.22,62.0,22.96,19.0,7.04,0.65,0.151,28.46,13.58,17.08,30.66,28.62,18.94
745403,2024-06-22,2024,650333,L,607067,R,home_run,False,False,200.0,0.344,5.0,2.5,8.0,4.0,0.8160000000000001,0.10000000000000003,6.0,2.91,19.28,22.19,33.88,2.92,479.0,0.362,17.0,3.55,31.0,6.47,0.891,0.122,6.51,3.2,16.58,19.78,31.29,4.11,193.0,0.259,32.0,16.58,17.0,8.81,0.815,0.22999999999999998,15.65,6.81,20.14,26.94,21.59,15.46,247.0,0.251,48.0,19.43,19.0,7.69,0.8160000000000001,0.251,19.13,9.16,18.52,27.68,26.2,15.34
745403,2024-06-22,2024,642180,L,607067,R,field_out,False,False,84.0,0.233,17.0,20.24,8.0,9.52,0.577,0.026999999999999996,20.8,8.47,20.85,29.32,22.15,25.76,48.0,0.283,12.0,25.0,2.0,4.17,0.6599999999999999,0.065,24.1,10.93,22.4,33.33,28.95,20.0,193.0,0.259,32.0,16.58,17.0,8.81,0.815,0.22999999999999998,15.65,6.81,20.14,26.94,21.59,15.46,247.0,0.251,48.0,19.43,19.0,7.69,0.8160000000000001,0.251,19.13,9.16,18.52,27.68,26.2,15.34
745403,2024-06-22,2024,687401,R,676680,L,strikeout,True,False,72.0,0.207,18.0,25.0,11.0,15.28,0.7050000000000001,0.155,21.85,8.67,20.0,28.67,20.92,24.32,21.0,0.3,6.0,28.57,0.0,0.0,0.586,0.0,26.32,13.33,25.33,38.67,40.0,24.0,31.0,0.393,7.0,22.58,3.0,9.68,0.952,0.10699999999999998,16.95,7.35,18.38,25.74,18.18,14.29,126.0,0.131,24.0,19.05,13.0,10.32,0.426,0.0469999999999999,20.33,9.32,18.63,27.95,22.09,13.48
745403,2024-06-22,2024,694192,R,676680,L,field_out,False,False,61.0,0.151,13.0,21.31,8.0,13.11,0.47,0.056999999999999995,24.0,12.3,13.11,25.41,31.03,16.25,,,,,,,,,,,,,,,31.0,0.393,7.0,22.58,3.0,9.68,0.952,0.10699999999999998,16.95,7.35,18.38,25.74,18.18,14.29,126.0,0.131,24.0,19.05,13.0,10.32,0.426,0.0469999999999999,20.33,9.32,18.63,27.95,22.09,13.48
745403,2024-06-22,2024,668930,L,676680,L,strikeout,True,False,47.0,0.238,10.0,21.28,5.0,10.64,0.629,0.07200000000000001,15.19,6.25,20.31,26.56,18.89,18.87,73.0,0.188,12.0,16.44,8.0,10.96,0.466,0.0,20.18,7.94,23.47,31.41,18.75,17.39,28.0,0.174,8.0,28.57,2.0,7.14,0.731,0.261,26.92,11.48,22.13,33.61,26.32,18.18,80.0,0.236,20.0,25.0,6.0,7.5,0.651,0.1109999999999999,32.41,15.06,18.59,33.65,25.0,23.81
745403,2024-06-22,2024,595777,L,607067,R,field_out,False,False,213.0,0.306,38.0,17.84,26.0,12.21,0.851,0.14400000000000002,18.54,8.58,14.33,22.91,22.62,13.26,375.0,0.229,68.0,18.13,37.0,9.87,0.6559999999999999,0.1159999999999999,21.66,10.43,14.17,24.61,26.12,14.59,193.0,0.259,32.0,16.58,17.0,8.81,0.815,0.22999999999999998,15.65,6.81,20.14,26.94,21.59,15.46,247.0,0.251,48.0,19.43,19.0,7.69,0.8160000000000001,0.251,19.13,9.16,18.52,27.68,26.2,15.34
745403,2024-06-22,2024,630105,L,607067,R,home_run,False,False,216.0,0.286,36.0,16.67,16.0,7.41,0.882,0.25000000000000006,17.94,8.33,17.12,25.46,23.5,13.53,367.0,0.23,59.0,16.08,36.0,9.81,0.7,0.154,14.92,6.99,16.69,23.68,24.61,14.08,193.0,0.259,32.0,16.58,17.0,8.81,0.815,0.22999999999999998,15.65,6.81,20.14,26.94,21.59,15.46,247.0,0.251,48.0,19.43,19.0,7.69,0.8160000000000001,0.251,19.13,9.16,18.52,27.68,26.2,15.34
745403,2024-06-22,2024,592518,R,607067,R,double,False,False,200.0,0.28,44.0,22.0,10.0,5.0,0.698,0.10099999999999998,25.0,12.61,14.72,27.33,28.29,19.82,452.0,0.241,83.0,18.36,36.0,7.96,0.747,0.205,24.68,12.42,14.05,26.47,29.58,16.9,154.0,0.217,22.0,14.29,9.0,5.84,0.609,0.11900000000000002,18.18,9.01,18.2,27.2,26.83,14.57,270.0,0.22,62.0,22.96,19.0,7.04,0.65,0.151,28.46,13.58,17.08,30.66,28.62,18.94
745403,2024-06-22,2024,701538,L,657649,L,strikeout,True,False,85.0,0.212,10.0,11.76,4.0,4.71,0.622,0.163,17.5,9.09,13.64,22.73,30.72,11.49,,,,,,,,,,,,,,,55.0,0.212,9.0,16.36,2.0,3.64,0.51,0.05700000000000002,20.2,10.53,19.47,30.0,36.49,14.29,,,,,,,,,,,,,,
745403,2024-06-22,2024,456781,R,657649,L,single,False,False,61.0,0.296,11.0,18.03,7.0,11.48,0.8400000000000001,0.16700000000000004,25.62,11.23,18.84,30.07,24.82,12.22,153.0,0.286,32.0,20.92,11.0,7.19,0.746,0.114,24.12,11.77,18.21,29.98,32.04,14.35,86.0,0.208,20.0,23.26,5.0,5.81,0.594,0.10400000000000001,23.91,10.86,19.08,29.93,27.01,26.32,,,,,,,,,,,,,,
745403,2024-06-22,2024,673490,R,657649,L,single,False,False,94.0,0.198,14.0,14.89,12.0,12.77,0.647,0.14799999999999996,14.29,5.56,22.22,27.78,16.38,12.39,191.0,0.302,30.0,15.71,20.0,10.47,0.897,0.219,15.84,6.63,22.21,28.83,23.47,11.49,86.0,0.208,20.0,23.26,5.0,5.81,0.594,0.10400000000000001,23.91,10.86,19.08,29.93,27.01,26.32,,,,,,,,,,,,,,
745403,2024-06-22,2024,543309,R,657649,L,walk,False,True,42.0,0.154,16.0,38.1,3.0,7.14,0.573,0.205,34.18,15.34,21.59,36.93,29.21,23.81,69.0,0.242,21.0,30.43,2.0,2.9,0.776,0.273,28.06,14.13,16.67,30.8,33.33,22.83,86.0,0.208,20.0,23.26,5.0,5.81,0.594,0.10400000000000001,23.91,10.86,19.08,29.93,27.01,26.32,,,,,,,,,,,,,,
745403,2024-06-22,2024,650333,L,657649,L,field_out,False,False,142.0,0.271,14.0,9.86,5.0,3.52,0.618,0.02999999999999997,12.4,5.91,20.08,25.98,34.29,10.61,138.0,0.326,17.0,12.32,4.0,2.9,0.76,0.0909999999999999,12.5,6.61,16.32,22.93,33.48,12.88,55.0,0.212,9.0,16.36,2.0,3.64,0.51,0.05700000000000002,20.2,10.53,19.47,30.0,36.49,14.29,,,,,,,,,,,,,,
745403,2024-06-22,2024,661388,R,663568,R,field_out,False,False,256.0,0.299,47.0,18.36,23.0,8.98,0.843,0.177,28.82,13.61,14.35,27.96,24.6,17.74,434.0,0.262,94.0,21.66,42.0,9.68,0.72,0.119,27.61,11.63,19.55,31.17,24.86,18.08,96.0,0.348,18.0,18.75,5.0,5.21,0.906,0.16900000000000004,22.58,11.23,16.31,27.54,26.63,15.79,,,,,,,,,,,,,,
745403,2024-06-22,2024,592885,L,663568,R,single,False,False,147.0,0.315,29.0,19.73,18.0,12.24,0.877,0.16499999999999998,21.61,9.9,13.09,22.99,24.76,15.59,473.0,0.294,103.0,21.78,64.0,13.53,0.882,0.195,26.99,11.53,15.4,26.93,23.89,19.07,58.0,0.255,12.0,20.69,3.0,5.17,0.5660000000000001,0.018000000000000016,16.51,8.49,18.87,27.36,30.34,17.39,,,,,,,,,,,,,,
745403,2024-06-22,2024,642715,R,663568,R,single,False,False,254.0,0.263,57.0,22.44,27.0,10.63,0.817,0.20999999999999996,29.07,13.97,14.67,28.64,26.29,18.45,480.0,0.212,117.0,24.38,47.0,9.79,0.702,0.194,32.44,16.53,12.85,29.38,32.69,19.28,96.0,0.348,18.0,18.75,5.0,5.21,0.906,0.16900000000000004,22.58,11.23,16.31,27.54,26.63,15.79,,,,,,,,,,,,,,
745403,2024-06-22,2024,686217,L,663568,R,force_out,False,False,227.0,0.259,41.0,18.06,23.0,10.13,0.6619999999999999,0.059,15.12,6.03,21.81,27.84,25.84,16.53,180.0,0.261,30.0,16.67,23.0,12.78,0.722,0.1049999999999999,15.26,6.63,20.31,26.94,29.52,13.18,58.0,0.255,12.0,20.69,3.0,5.17,0.5660000000000001,0.018000000000000016,16.51,8.49,18.87,27.36,30.34,17.39,,,,,,,,,,,,,,
745403,2024-06-22,2024,656555,R,663568,R,catcher_interf,False,False,184.0,0.231,49.0,26.63,19.0,10.33,0.768,0.213,26.89,10.95,21.03,31.98,22.42,18.99,,,,,,,,,,,,,,,96.0,0.348,18.0,18.75,5.0,5.21,0.906,0.16900000000000004,22.58,11.23,16.31,27.54,26.63,15.79,,,,,,,,,,,,,,
745403,2024-06-22,2024,672012,L,663568,R,strikeout,True,False,25.0,0.136,9.0,36.0,3.0,12.0,0.422,0.045999999999999985,26.19,10.09,20.18,30.28,18.97,31.03,,,,,,,,,,,,,,,58.0,0.255,12.0,20.69,3.0,5.17,0.5660000000000001,0.018000000000000016,16.51,8.49,18.87,27.36,30.34,17.39,,,,,,,,,,,,,,
745403,2024-06-22,2024,642180,L,571948,L,field_out,False,False,13.0,0.182,2.0,15.38,1.0,7.69,0.432,0.0,30.0,14.29,19.05,33.33,40.91,18.18,7.0,0.0,1.0,14.29,2.0,28.57,0.286,0.0,14.29,4.35,21.74,26.09,15.38,25.0,64.0,0.283,14.0,21.88,1.0,1.56,0.69,0.11700000000000005,14.68,6.53,21.22,27.76,32.52,17.72,121.0,0.155,27.0,22.31,8.0,6.61,0.45,0.072,20.1,8.44,23.05,31.48,32.82,16.77
745403,2024-06-22,2024,595777,R,571948,L,double,False,False,98.0,0.357,8.0,8.16,13.0,13.27,1.014,0.21399999999999997,15.06,6.53,16.45,22.98,23.4,6.54,147.0,0.275,22.0,14.97,13.0,8.84,0.774,0.1519999999999999,15.44,6.84,17.44,24.27,22.81,13.33,85.0,0.247,21.0,24.71,8.0,9.41,0.71,0.15000000000000002,20.31,7.78,22.75,30.54,19.74,20.19,131.0,0.256,32.0,24.43,5.0,3.82,0.6819999999999999,0.144,21.12,9.06,21.44,30.5,26.81,18.82
745403,2024-06-22,2024,630105,L,571948,L,single,False,False,100.0,0.202,18.0,18.0,8.0,8.0,0.561,0.07900000000000001,16.84,7.73,14.98,22.71,20.2,13.85,156.0,0.229,38.0,24.36,10.0,6.41,0.665,0.1349999999999999,18.48,9.0,20.1,29.1,30.82,17.84,64.0,0.283,14.0,21.88,1.0,1.56,0.69,0.11700000000000005,14.68,6.53,21.22,27.76,32.52,17.72,121.0,0.155,27.0,22.31,8.0,6.61,0.45,0.072,20.1,8.44,23.05,31.48,32.82,16.77
745403,2024-06-22,2024,592518,R,665625,R,single,False,False,200.0,0.28,44.0,22.0,10.0,5.0,0.698,0.10099999999999998,25.0,12.61,14.72,27.33,28.29,19.82,452.0,0.241,83.0,18.36,36.0,7.96,0.747,0.205,24.68,12.42,14.05,26.47,29.58,16.9,86.0,0.284,14.0,16.28,11.0,12.79,0.749,0.08100000000000002,29.08,12.85,19.12,31.97,32.76,16.67,144.0,0.24,27.0,18.75,16.0,11.11,0.629,0.0559999999999999,29.06,13.23,16.34,29.57,33.56,22.13
745403,2024-06-22,2024,701538,L,665625,R,single,False,False,180.0,0.315,31.0,17.22,9.0,5.0,0.806,0.137,18.41,10.09,13.25,23.34,36.75,14.08,,,,,,,,,,,,,,,43.0,0.25,12.0,27.91,3.0,6.98,0.6519999999999999,0.09999999999999998,24.42,13.04,14.91,27.95,41.1,25.53,108.0,0.198,27.0,25.0,10.0,9.26,0.599,0.1139999999999999,34.21,15.97,15.48,31.45,34.45,24.32
745403,2024-06-22,2024,456781,R,665625,R,walk,False,True,53.0,0.255,12.0,22.64,3.0,5.66,0.661,0.08500000000000002,20.39,9.72,20.83,30.56,28.72,15.79,297.0,0.28,68.0,22.9,29.0,9.76,0.766,0.1059999999999999,26.06,12.14,17.61,29.74,28.81,17.48,86.0,0.284,14.0,16.28,11.0,12.79,0.749,0.08100000000000002,29.08,12.85,19.12,31.97,32.76,16.67,144.0,0.24,27.0,18.75,16.0,11.11,0.629,0.0559999999999999,29.06,13.23,16.34,29.57,33.56,22.13
745403,2024-06-22,2024,673490,R,665625,R,fielders_choice,False,False,205.0,0.231,34.0,16.59,30.0,14.63,0.751,0.17400000000000002,17.04,6.08,24.68,30.77,17.73,11.89,435.0,0.241,94.0,21.61,55.0,12.64,0.681,0.1,18.8,7.03,23.65,30.68,19.23,15.59,86.0,0.284,14.0,16.28,11.0,12.79,0.749,0.08100000000000002,29.08,12.85,19.12,31.97,32.76,16.67,144.0,0.24,27.0,18.75,16.0,11.11,0.629,0.0559999999999999,29.06,13.23,16.34,29.57,33.56,22.13
745403,2024-06-22,2024,543309,R,665625,R,strikeout,True,False,40.0,0.179,15.0,37.5,1.0,2.5,0.662,0.28300000000000003,25.33,12.18,24.36,36.54,31.88,27.78,192.0,0.233,53.0,27.6,12.0,6.25,0.654,0.142,28.81,14.15,17.01,31.16,30.17,24.88,86.0,0.284,14.0,16.28,11.0,12.79,0.749,0.08100000000000002,29.08,12.85,19.12,31.97,32.76,16.67,144.0,0.24,27.0,18.75,16.0,11.11,0.629,0.0559999999999999,29.06,13.23,16.34,29.57,33.56,22.13
745403,2024-06-22,2024,650333,L,665625,R,field_out,False,False,200.0,0.344,5.0,2.5,8.0,4.0,0.8160000000000001,0.10000000000000003,6.0,2.91,19.28,22.19,33.88,2.92,479.0,0.362,17.0,3.55,31.0,6.47,0.891,0.122,6.51,3.2,16.58,19.78,31.29,4.11,43.0,0.25,12.0,27.91,3.0,6.98,0.6519999999999999,0.09999999999999998,24.42,13.04,14.91,27.95,41.1,25.53,108.0,0.198,27.0,25.0,10.0,9.26,0.599,0.1139999999999999,34.21,15.97,15.48,31.45,34.45,24.32
745403,2024-06-22,2024,687401,R,663568,R,field_out,False,False,165.0,0.295,21.0,12.73,23.0,13.94,0.876,0.187,15.97,6.31,21.47,27.78,22.96,10.71,13.0,0.077,3.0,23.08,0.0,0.0,0.2309999999999999,0.077,15.79,8.11,21.62,29.73,26.67,33.33,96.0,0.348,18.0,18.75,5.0,5.21,0.906,0.16900000000000004,22.58,11.23,16.31,27.54,26.63,15.79,,,,,,,,,,,,,,
745403,2024-06-22,2024,641343,L,663568,R,walk,False,True,158.0,0.209,56.0,35.44,15.0,9.49,0.6799999999999999,0.17200000000000001,30.27,13.78,18.58,32.35,22.11,26.92,244.0,0.205,83.0,34.02,26.0,10.66,0.72,0.228,32.78,14.71,16.21,30.93,23.65,23.92,58.0,0.255,12.0,20.69,3.0,5.17,0.5660000000000001,0.018000000000000016,16.51,8.49,18.87,27.36,30.34,17.39,,,,,,,,,,,,,,
745403,2024-06-22,2024,668930,L,663568,R,single,False,False,237.0,0.299,37.0,15.61,20.0,8.44,0.776,0.118,12.94,5.97,18.76,24.73,25.12,14.45,376.0,0.224,82.0,21.81,30.0,7.98,0.608,0.097,22.03,10.83,16.08,26.9,28.59,16.14,58.0,0.255,12.0,20.69,3.0,5.17,0.5660000000000001,0.018000000000000016,16.51,8.49,18.87,27.36,30.34,17.39,,,,,,,,,,,,,,
745403,2024-06-22,2024,661388,R,660853,R,grounded_into_double_play,False,False,256.0,0.299,47.0,18.36,23.0,8.98,0.843,0.177,28.82,13.61,14.35,27.96,24.6,17.74,434.0,0.262,94.0,21.66,42.0,9.68,0.72,0.119,27.61,11.63,19.55,31.17,24.86,18.08,89.0,0.238,29.0,32.58,4.0,4.49,0.71,0.191,33.66,19.05,14.85,33.89,30.14,22.14,143.0,0.171,44.0,30.77,10.0,6.99,0.516,0.093,35.46,18.12,15.04,33.15,32.74,25.88
745403,2024-06-22,2024,642180,L,660600,R,field_out,False,False,84.0,0.233,17.0,20.24,8.0,9.52,0.577,0.026999999999999996,20.8,8.47,20.85,29.32,22.15,25.76,48.0,0.283,12.0,25.0,2.0,4.17,0.6599999999999999,0.065,24.1,10.93,22.4,33.33,28.95,20.0,21.0,0.25,5.0,23.81,1.0,4.76,0.6359999999999999,0.09999999999999998,34.38,16.18,19.12,35.29,29.41,31.25,,,,,,,,,,,,,,
745403,2024-06-22,2024,640492,R,660600,R,field_out,False,False,33.0,0.233,8.0,24.24,3.0,9.09,0.5700000000000001,0.034,30.14,17.6,12.0,29.6,47.06,18.18,48.0,0.286,12.0,25.0,3.0,6.25,0.824,0.19,25.0,13.1,18.45,31.55,43.33,22.64,32.0,0.111,6.0,18.75,3.0,9.38,0.398,0.03699999999999999,22.64,10.43,18.26,28.7,35.94,19.35,,,,,,,,,,,,,,
745403,2024-06-22,2024,630105,L,660600,R,double,False,False,216.0,0.286,36.0,16.67,16.0,7.41,0.882,0.25000000000000006,17.94,8.33,17.12,25.46,23.5,13.53,367.0,0.23,59.0,16.08,36.0,9.81,0.7,0.154,14.92,6.99,16.69,23.68,24.61,14.08,21.0,0.25,5.0,23.81,1.0,4.76,0.6359999999999999,0.09999999999999998,34.38,16.18,19.12,35.29,29.41,31.25,,,,,,,,,,,,,,
745403,2024-06-22,2024,592518,R,660600,R,single,False,False,200.0,0.28,44.0,22.0,10.0,5.0,0.698,0.10099999999999998,25.0,12.61,14.72,27.33,28.29,19.82,452.0,0.241,83.0,18.36,36.0,7.96,0.747,0.205,24.68,12.42,14.05,26.47,29.58,16.9,32.0,0.111,6.0,18.75,3.0,9.38,0.398,0.03699999999999999,22.64,10.43,18.26,28.7,35.94,19.35,,,,,,,,,,,,,,
745403,2024-06-22,2024,701538,L,660600,R,single,False,False,180.0,0.315,31.0,17.22,9.0,5.0,0.806,0.137,18.41,10.09,13.25,23.34,36.75,14.08,,,,,,,,,,,,,,,21.0,0.25,5.0,23.81,1.0,4.76,0.6359999999999999,0.09999999999999998,34.38,16.18,19.12,35.29,29.41,31.25,,,,,,,,,,,,,,
745403,2024-06-22,2024,456781,R,660600,R,field_out,False,False,53.0,0.255,12.0,22.64,3.0,5.66,0.661,0.08500000000000002,20.39,9.72,20.83,30.56,28.72,15.79,297.0,0.28,68.0,22.9,29.0,9.76,0.766,0.1059999999999999,26.06,12.14,17.61,29.74,28.81,17.48,32.0,0.111,6.0,18.75,3.0,9.38,0.398,0.03699999999999999,22.64,10.43,18.26,28.7,35.94,19.35,,,,,,,,,,,,,,
745403,2024-06-22,2024,592885,L,660853,R,strikeout,True,False,147.0,0.315,29.0,19.73,18.0,12.24,0.877,0.16499999999999998,21.61,9.9,13.09,22.99,24.76,15.59,473.0,0.294,103.0,21.78,64.0,13.53,0.882,0.195,26.99,11.53,15.4,26.93,23.89,19.07,37.0,0.25,8.0,21.62,5.0,13.51,1.0699999999999998,0.469,29.87,13.61,15.38,28.99,25.32,14.55,119.0,0.272,18.0,15.13,15.0,12.61,0.778,0.1449999999999999,17.99,8.48,14.0,22.49,22.82,10.53
745403,2024-06-22,2024,642715,R,660853,R,field_out,False,False,254.0,0.263,57.0,22.44,27.0,10.63,0.817,0.20999999999999996,29.07,13.97,14.67,28.64,26.29,18.45,480.0,0.212,117.0,24.38,47.0,9.79,0.702,0.194,32.44,16.53,12.85,29.38,32.69,19.28,89.0,0.238,29.0,32.58,4.0,4.49,0.71,0.191,33.66,19.05,14.85,33.89,30.14,22.14,143.0,0.171,44.0,30.77,10.0,6.99,0.516,0.093,35.46,18.12,15.04,33.15,32.74,25.88
745403,2024-06-22,2024,596142,R,660853,R,single,False,False,105.0,0.226,29.0,27.62,8.0,7.62,0.681,0.15,31.55,12.56,24.41,36.97,30.22,23.58,189.0,0.194,49.0,25.93,17.0,8.99,0.688,0.212,28.71,11.9,21.7,33.59,27.27,21.43,89.0,0.238,29.0,32.58,4.0,4.49,0.71,0.191,33.66,19.05,14.85,33.89,30.14,22.14,143.0,0.171,44.0,30.77,10.0,6.99,0.516,0.093,35.46,18.12,15.04,33.15,32.74,25.88
745403,2024-06-22,2024,656555,R,660853,R,strikeout,True,False,184.0,0.231,49.0,26.63,19.0,10.33,0.768,0.213,26.89,10.95,21.03,31.98,22.42,18.99,,,,,,,,,,,,,,,89.0,0.238,29.0,32.58,4.0,4.49,0.71,0.191,33.66,19.05,14.85,33.89,30.14,22.14,143.0,0.171,44.0,30.77,10.0,6.99,0.516,0.093,35.46,18.12,15.04,33.15,32.74,25.88
746540,2024-06-22,2024,682928,L,641712,R,double,False,False,213.0,0.241,41.0,19.25,15.0,7.04,0.758,0.21400000000000002,22.2,12.01,13.4,25.41,39.55,16.4,446.0,0.274,78.0,17.49,24.0,5.38,0.786,0.19,21.76,11.82,12.69,24.5,35.86,16.63,170.0,0.29,21.0,12.35,23.0,13.53,0.864,0.186,16.6,6.47,18.61,25.08,16.35,14.09,174.0,0.305,19.0,10.92,19.0,10.92,0.837,0.15,18.95,8.36,15.94,24.3,20.62,13.01
746540,2024-06-22,2024,657041,R,641712,R,field_out,False,False,143.0,0.202,36.0,25.17,11.0,7.69,0.623,0.16199999999999998,20.89,8.45,22.48,30.94,18.66,21.43,490.0,0.242,143.0,29.18,23.0,4.69,0.719,0.185,26.09,11.34,20.58,31.92,28.6,24.48,176.0,0.266,20.0,11.36,15.0,8.52,0.7110000000000001,0.10399999999999998,19.87,9.29,16.25,25.54,27.16,10.75,180.0,0.261,26.0,14.44,15.0,8.33,0.7709999999999999,0.1659999999999999,21.19,10.57,12.8,23.36,28.41,14.94
746540,2024-06-22,2024,608385,L,641712,R,walk,False,True,200.0,0.279,40.0,20.0,28.0,14.0,0.845,0.16899999999999998,21.11,9.0,16.47,25.47,18.32,14.34,184.0,0.2,46.0,25.0,24.0,13.04,0.5660000000000001,0.0449999999999999,25.91,11.04,17.01,28.05,20.4,17.9,170.0,0.29,21.0,12.35,23.0,13.53,0.864,0.186,16.6,6.47,18.61,25.08,16.35,14.09,174.0,0.305,19.0,10.92,19.0,10.92,0.837,0.15,18.95,8.36,15.94,24.3,20.62,13.01
746540,2024-06-22,2024,592696,L,641712,R,field_out,False,False,190.0,0.185,46.0,24.21,10.0,5.26,0.593,0.18,28.76,15.03,15.45,30.48,36.91,20.81,449.0,0.258,104.0,23.16,29.0,6.46,0.762,0.199,29.98,17.01,12.43,29.45,43.87,20.59,170.0,0.29,21.0,12.35,23.0,13.53,0.864,0.186,16.6,6.47,18.61,25.08,16.35,14.09,174.0,0.305,19.0,10.92,19.0,10.92,0.837,0.15,18.95,8.36,15.94,24.3,20.62,13.01
746540,2024-06-22,2024,686668,R,687792,L,hit_by_pitch,False,False,63.0,0.268,12.0,19.05,6.0,9.52,0.688,0.07100000000000001,26.61,14.1,9.83,23.93,25.64,16.9,132.0,0.194,53.0,40.15,5.0,3.79,0.584,0.1609999999999999,39.29,21.57,11.57,33.14,32.3,30.99,65.0,0.233,21.0,32.31,4.0,6.15,0.709,0.18399999999999997,35.48,17.12,16.34,33.46,28.46,25.0,,,,,,,,,,,,,,
746540,2024-06-22,2024,678662,R,687792,L,single,False,False,92.0,0.279,28.0,30.43,5.0,5.43,0.815,0.22099999999999997,36.19,22.09,8.72,30.81,37.87,26.67,177.0,0.246,57.0,32.2,8.0,4.52,0.708,0.185,35.75,21.54,12.35,33.89,44.38,25.56,65.0,0.233,21.0,32.31,4.0,6.15,0.709,0.18399999999999997,35.48,17.12,16.34,33.46,28.46,25.0,,,,,,,,,,,,,,
746540,2024-06-22,2024,641857,L,687792,L,strikeout,True,False,98.0,0.318,28.0,28.57,11.0,11.22,0.9550000000000001,0.23500000000000004,28.34,12.8,16.67,29.47,25.85,22.58,178.0,0.191,57.0,32.02,16.0,8.99,0.573,0.118,35.23,16.38,16.64,33.03,25.79,24.15,15.0,0.357,5.0,33.33,1.0,6.67,0.971,0.21399999999999997,32.26,15.15,15.15,30.3,22.58,19.23,,,,,,,,,,,,,,
746540,2024-06-22,2024,607732,R,687792,L,field_out,False,False,40.0,0.343,11.0,27.5,4.0,10.0,1.1139999999999999,0.37099999999999994,37.88,17.61,18.31,35.92,27.54,34.38,52.0,0.213,11.0,21.15,3.0,5.77,0.637,0.149,23.08,10.71,20.41,31.12,23.46,19.3,65.0,0.233,21.0,32.31,4.0,6.15,0.709,0.18399999999999997,35.48,17.12,16.34,33.46,28.46,25.0,,,,,,,,,,,,,,
746540,2024-06-22,2024,669911,R,687792,L,strikeout,True,False,33.0,0.097,13.0,39.39,2.0,6.06,0.44199999999999995,0.19299999999999998,21.88,9.93,21.99,31.91,22.22,25.49,48.0,0.109,21.0,43.75,2.0,4.17,0.255,0.0,48.35,23.53,13.9,37.43,32.11,36.21,65.0,0.233,21.0,32.31,4.0,6.15,0.709,0.18399999999999997,35.48,17.12,16.34,33.46,28.46,25.0,,,,,,,,,,,,,,
746540,2024-06-22,2024,608841,R,641712,R,single,False,False,183.0,0.276,30.0,16.39,13.0,7.1,0.6930000000000001,0.08599999999999997,20.47,10.25,13.37,23.63,27.84,15.79,471.0,0.268,97.0,20.59,28.0,5.94,0.7030000000000001,0.12,23.85,11.18,18.94,30.12,30.48,17.38,176.0,0.266,20.0,11.36,15.0,8.52,0.7110000000000001,0.10399999999999998,19.87,9.29,16.25,25.54,27.16,10.75,180.0,0.261,26.0,14.44,15.0,8.33,0.7709999999999999,0.1659999999999999,21.19,10.57,12.8,23.36,28.41,14.94
746540,2024-06-22,2024,671277,L,641712,R,grounded_into_double_play,False,False,197.0,0.286,30.0,15.23,8.0,4.06,0.749,0.14800000000000002,21.43,11.09,15.38,26.48,35.73,16.67,355.0,0.268,44.0,12.39,23.0,6.48,0.6950000000000001,0.1129999999999999,17.54,8.86,13.52,22.38,31.84,12.54,170.0,0.29,21.0,12.35,23.0,13.53,0.864,0.186,16.6,6.47,18.61,25.08,16.35,14.09,174.0,0.305,19.0,10.92,19.0,10.92,0.837,0.15,18.95,8.36,15.94,24.3,20.62,13.01
746540,2024-06-22,2024,669222,R,641712,R,single,False,False,143.0,0.213,37.0,25.87,19.0,13.29,0.66,0.12300000000000003,27.8,12.55,18.16,30.71,22.71,26.06,205.0,0.164,51.0,24.88,18.0,8.78,0.497,0.093,25.27,12.43,15.64,28.07,26.72,23.15,176.0,0.266,20.0,11.36,15.0,8.52,0.7110000000000001,0.10399999999999998,19.87,9.29,16.25,25.54,27.16,10.75,180.0,0.261,26.0,14.44,15.0,8.33,0.7709999999999999,0.1659999999999999,21.19,10.57,12.8,23.36,28.41,14.94
746540,2024-06-22,2024,686452,L,641712,R,single,False,False,19.0,0.267,2.0,10.53,2.0,10.53,0.886,0.266,14.29,6.25,15.0,21.25,22.5,6.25,22.0,0.368,3.0,13.64,3.0,13.64,1.087,0.264,19.57,9.47,13.68,23.16,20.83,8.82,170.0,0.29,21.0,12.35,23.0,13.53,0.864,0.186,16.6,6.47,18.61,25.08,16.35,14.09,174.0,0.305,19.0,10.92,19.0,10.92,0.837,0.15,18.95,8.36,15.94,24.3,20.62,13.01
746540,2024-06-22,2024,666134,L,687792,L,field_out,False,False,38.0,0.242,13.0,34.21,5.0,13.16,0.706,0.122,23.33,8.59,28.22,36.81,24.66,24.07,130.0,0.314,34.0,26.15,12.0,9.23,0.902,0.211,27.7,10.95,22.63,33.58,26.4,21.79,15.0,0.357,5.0,33.33,1.0,6.67,0.971,0.21399999999999997,32.26,15.15,15.15,30.3,22.58,19.23,,,,,,,,,,,,,,
746540,2024-06-22,2024,656248,R,687792,L,single,False,False,30.0,0.24,9.0,30.0,4.0,13.33,0.6930000000000001,0.12,32.73,14.52,17.74,32.26,27.27,23.68,14.0,0.545,3.0,21.43,3.0,21.43,1.916,0.7279999999999999,20.0,8.47,15.25,23.73,27.78,15.0,65.0,0.233,21.0,32.31,4.0,6.15,0.709,0.18399999999999997,35.48,17.12,16.34,33.46,28.46,25.0,,,,,,,,,,,,,,
746540,2024-06-22,2024,696100,R,687792,L,strikeout,True,False,29.0,0.286,7.0,24.14,0.0,0.0,1.131,0.5349999999999999,20.69,10.81,16.22,27.03,34.48,19.44,13.0,0.231,6.0,46.15,0.0,0.0,0.846,0.384,35.71,18.87,18.87,37.74,36.0,30.0,65.0,0.233,21.0,32.31,4.0,6.15,0.709,0.18399999999999997,35.48,17.12,16.34,33.46,28.46,25.0,,,,,,,,,,,,,,
746540,2024-06-22,2024,676701,R,687792,L,strikeout,True,False,22.0,0.091,5.0,22.73,0.0,0.0,0.182,0.0,25.0,16.39,13.11,29.51,46.88,33.33,105.0,0.202,27.0,25.71,9.0,8.57,0.554,0.0849999999999999,23.35,11.0,15.07,26.08,28.57,21.6,65.0,0.233,21.0,32.31,4.0,6.15,0.709,0.18399999999999997,35.48,17.12,16.34,33.46,28.46,25.0,,,,,,,,,,,,,,
746540,2024-06-22,2024,696285,R,641712,R,double,False,False,152.0,0.237,32.0,21.05,9.0,5.92,0.591,0.05199999999999999,21.95,9.82,22.0,31.82,30.3,23.36,93.0,0.268,17.0,18.28,7.0,7.53,0.687,0.0859999999999999,21.38,9.8,20.46,30.26,30.36,15.74,176.0,0.266,20.0,11.36,15.0,8.52,0.7110000000000001,0.10399999999999998,19.87,9.29,16.25,25.54,27.16,10.75,180.0,0.261,26.0,14.44,15.0,8.33,0.7709999999999999,0.1659999999999999,21.19,10.57,12.8,23.36,28.41,14.94
746540,2024-06-22,2024,682928,L,641712,R,field_out,False,False,213.0,0.241,41.0,19.25,15.0,7.04,0.758,0.21400000000000002,22.2,12.01,13.4,25.41,39.55,16.4,446.0,0.274,78.0,17.49,24.0,5.38,0.786,0.19,21.76,11.82,12.69,24.5,35.86,16.63,170.0,0.29,21.0,12.35,23.0,13.53,0.864,0.186,16.6,6.47,18.61,25.08,16.35,14.09,174.0,0.305,19.0,10.92,19.0,10.92,0.837,0.15,18.95,8.36,15.94,24.3,20.62,13.01
746540,2024-06-22,2024,657041,R,641712,R,single,False,False,143.0,0.202,36.0,25.17,11.0,7.69,0.623,0.16199999999999998,20.89,8.45,22.48,30.94,18.66,21.43,490.0,0.242,143.0,29.18,23.0,4.69,0.719,0.185,26.09,11.34,20.58,31.92,28.6,24.48,176.0,0.266,20.0,11.36,15.0,8.52,0.7110000000000001,0.10399999999999998,19.87,9.29,16.25,25.54,27.16,10.75,180.0,0.261,26.0,14.44,15.0,8.33,0.7709999999999999,0.1659999999999999,21.19,10.57,12.8,23.36,28.41,14.94
746540,2024-06-22,2024,608385,L,641712,R,field_out,False,False,200.0,0.279,40.0,20.0,28.0,14.0,0.845,0.16899999999999998,21.11,9.0,16.47,25.47,18.32,14.34,184.0,0.2,46.0,25.0,24.0,13.04,0.5660000000000001,0.0449999999999999,25.91,11.04,17.01,28.05,20.4,17.9,170.0,0.29,21.0,12.35,23.0,13.53,0.864,0.186,16.6,6.47,18.61,25.08,16.35,14.09,174.0,0.305,19.0,10.92,19.0,10.92,0.837,0.15,18.95,8.36,15.94,24.3,20.62,13.01
746540,2024-06-22,2024,592696,L,641712,R,double,False,False,190.0,0.185,46.0,24.21,10.0,5.26,0.593,0.18,28.76,15.03,15.45,30.48,36.91,20.81,449.0,0.258,104.0,23.16,29.0,6.46,0.762,0.199,29.98,17.01,12.43,29.45,43.87,20.59,170.0,0.29,21.0,12.35,23.0,13.53,0.864,0.186,16.6,6.47,18.61,25.08,16.35,14.09,174.0,0.305,19.0,10.92,19.0,10.92,0.837,0.15,18.95,8.36,15.94,24.3,20.62,13.01
746540,2024-06-22,2024,608841,R,641712,R,walk,False,True,183.0,0.276,30.0,16.39,13.0,7.1,0.6930000000000001,0.08599999999999997,20.47,10.25,13.37,23.63,27.84,15.79,471.0,0.268,97.0,20.59,28.0,5.94,0.7030000000000001,0.12,23.85,11.18,18.94,30.12,30.48,17.38,176.0,0.266,20.0,11.36,15.0,8.52,0.7110000000000001,0.10399999999999998,19.87,9.29,16.25,25.54,27.16,10.75,180.0,0.261,26.0,14.44,15.0,8.33,0.7709999999999999,0.1659999999999999,21.19,10.57,12.8,23.36,28.41,14.94
746540,2024-06-22,2024,671277,L,641712,R,home_run,False,False,197.0,0.286,30.0,15.23,8.0,4.06,0.749,0.14800000000000002,21.43,11.09,15.38,26.48,35.73,16.67,355.0,0.268,44.0,12.39,23.0,6.48,0.6950000000000001,0.1129999999999999,17.54,8.86,13.52,22.38,31.84,12.54,170.0,0.29,21.0,12.35,23.0,13.53,0.864,0.186,16.6,6.47,18.61,25.08,16.35,14.09,174.0,0.305,19.0,10.92,19.0,10.92,0.837,0.15,18.95,8.36,15.94,24.3,20.62,13.01
746540,2024-06-22,2024,669222,R,641712,R,field_out,False,False,143.0,0.213,37.0,25.87,19.0,13.29,0.66,0.12300000000000003,27.8,12.55,18.16,30.71,22.71,26.06,205.0,0.164,51.0,24.88,18.0,8.78,0.497,0.093,25.27,12.43,15.64,28.07,26.72,23.15,176.0,0.266,20.0,11.36,15.0,8.52,0.7110000000000001,0.10399999999999998,19.87,9.29,16.25,25.54,27.16,10.75,180.0,0.261,26.0,14.44,15.0,8.33,0.7709999999999999,0.1659999999999999,21.19,10.57,12.8,23.36,28.41,14.94
746540,2024-06-22,2024,686668,R,687792,L,field_out,False,False,63.0,0.268,12.0,19.05,6.0,9.52,0.688,0.07100000000000001,26.61,14.1,9.83,23.93,25.64,16.9,132.0,0.194,53.0,40.15,5.0,3.79,0.584,0.1609999999999999,39.29,21.57,11.57,33.14,32.3,30.99,65.0,0.233,21.0,32.31,4.0,6.15,0.709,0.18399999999999997,35.48,17.12,16.34,33.46,28.46,25.0,,,,,,,,,,,,,,
746540,2024-06-22,2024,678662,R,687792,L,home_run,False,False,92.0,0.279,28.0,30.43,5.0,5.43,0.815,0.22099999999999997,36.19,22.09,8.72,30.81,37.87,26.67,177.0,0.246,57.0,32.2,8.0,4.52,0.708,0.185,35.75,21.54,12.35,33.89,44.38,25.56,65.0,0.233,21.0,32.31,4.0,6.15,0.709,0.18399999999999997,35.48,17.12,16.34,33.46,28.46,25.0,,,,,,,,,,,,,,
746540,2024-06-22,2024,641857,L,687792,L,field_out,False,False,98.0,0.318,28.0,28.57,11.0,11.22,0.9550000000000001,0.23500000000000004,28.34,12.8,16.67,29.47,25.85,22.58,178.0,0.191,57.0,32.02,16.0,8.99,0.573,0.118,35.23,16.38,16.64,33.03,25.79,24.15,15.0,0.357,5.0,33.33,1.0,6.67,0.971,0.21399999999999997,32.26,15.15,15.15,30.3,22.58,19.23,,,,,,,,,,,,,,
746540,2024-06-22,2024,607732,R,687792,L,strikeout,True,False,40.0,0.343,11.0,27.5,4.0,10.0,1.1139999999999999,0.37099999999999994,37.88,17.61,18.31,35.92,27.54,34.38,52.0,0.213,11.0,21.15,3.0,5.77,0.637,0.149,23.08,10.71,20.41,31.12,23.46,19.3,65.0,0.233,21.0,32.31,4.0,6.15,0.709,0.18399999999999997,35.48,17.12,16.34,33.46,28.46,25.0,,,,,,,,,,,,,,
746540,2024-06-22,2024,686452,L,641712,R,home_run,False,False,19.0,0.267,2.0,10.53,2.0,10.53,0.886,0.266,14.29,6.25,15.0,21.25,22.5,6.25,22.0,0.368,3.0,13.64,3.0,13.64,1.087,0.264,19.57,9.47,13.68,23.16,20.83,8.82,170.0,0.29,21.0,12.35,23.0,13.53,0.864,0.186,16.6,6.47,18.61,25.08,16.35,14.09,174.0,0.305,19.0,10.92,19.0,10.92,0.837,0.15,18.95,8.36,15.94,24.3,20.62,13.01
746540,2024-06-22,2024,696285,R,641712,R,single,False,False,152.0,0.237,32.0,21.05,9.0,5.92,0.591,0.05199999999999999,21.95,9.82,22.0,31.82,30.3,23.36,93.0,0.268,17.0,18.28,7.0,7.53,0.687,0.0859999999999999,21.38,9.8,20.46,30.26,30.36,15.74,176.0,0.266,20.0,11.36,15.0,8.52,0.7110000000000001,0.10399999999999998,19.87,9.29,16.25,25.54,27.16,10.75,180.0,0.261,26.0,14.44,15.0,8.33,0.7709999999999999,0.1659999999999999,21.19,10.57,12.8,23.36,28.41,14.94
746540,2024-06-22,2024,682928,L,641712,R,single,False,False,213.0,0.241,41.0,19.25,15.0,7.04,0.758,0.21400000000000002,22.2,12.01,13.4,25.41,39.55,16.4,446.0,0.274,78.0,17.49,24.0,5.38,0.786,0.19,21.76,11.82,12.69,24.5,35.86,16.63,170.0,0.29,21.0,12.35,23.0,13.53,0.864,0.186,16.6,6.47,18.61,25.08,16.35,14.09,174.0,0.305,19.0,10.92,19.0,10.92,0.837,0.15,18.95,8.36,15.94,24.3,20.62,13.01
746540,2024-06-22,2024,657041,R,664129,R,double,False,False,143.0,0.202,36.0,25.17,11.0,7.69,0.623,0.16199999999999998,20.89,8.45,22.48,30.94,18.66,21.43,490.0,0.242,143.0,29.18,23.0,4.69,0.719,0.185,26.09,11.34,20.58,31.92,28.6,24.48,23.0,0.333,4.0,17.39,2.0,8.7,1.105,0.38099999999999995,21.95,11.69,15.58,27.27,37.14,16.67,8.0,0.167,2.0,25.0,2.0,25.0,1.042,0.5,17.65,7.89,10.53,18.42,15.0,16.67
746540,2024-06-22,2024,608385,L,664129,R,field_out,False,False,200.0,0.279,40.0,20.0,28.0,14.0,0.845,0.16899999999999998,21.11,9.0,16.47,25.47,18.32,14.34,184.0,0.2,46.0,25.0,24.0,13.04,0.5660000000000001,0.0449999999999999,25.91,11.04,17.01,28.05,20.4,17.9,21.0,0.333,3.0,14.29,2.0,9.52,0.77,0.055999999999999994,16.67,9.52,9.52,19.05,37.5,21.43,8.0,0.143,1.0,12.5,1.0,12.5,0.393,0.0,23.08,10.71,14.29,25.0,21.43,16.67
746540,2024-06-22,2024,592696,L,664129,R,sac_fly,False,False,190.0,0.185,46.0,24.21,10.0,5.26,0.593,0.18,28.76,15.03,15.45,30.48,36.91,20.81,449.0,0.258,104.0,23.16,29.0,6.46,0.762,0.199,29.98,17.01,12.43,29.45,43.87,20.59,21.0,0.333,3.0,14.29,2.0,9.52,0.77,0.055999999999999994,16.67,9.52,9.52,19.05,37.5,21.43,8.0,0.143,1.0,12.5,1.0,12.5,0.393,0.0,23.08,10.71,14.29,25.0,21.43,16.67
746540,2024-06-22,2024,608841,R,664129,R,field_out,False,False,183.0,0.276,30.0,16.39,13.0,7.1,0.6930000000000001,0.08599999999999997,20.47,10.25,13.37,23.63,27.84,15.79,471.0,0.268,97.0,20.59,28.0,5.94,0.7030000000000001,0.12,23.85,11.18,18.94,30.12,30.48,17.38,23.0,0.333,4.0,17.39,2.0,8.7,1.105,0.38099999999999995,21.95,11.69,15.58,27.27,37.14,16.67,8.0,0.167,2.0,25.0,2.0,25.0,1.042,0.5,17.65,7.89,10.53,18.42,15.0,16.67
746540,2024-06-22,2024,669911,R,687792,L,field_out,False,False,33.0,0.097,13.0,39.39,2.0,6.06,0.44199999999999995,0.19299999999999998,21.88,9.93,21.99,31.91,22.22,25.49,48.0,0.109,21.0,43.75,2.0,4.17,0.255,0.0,48.35,23.53,13.9,37.43,32.11,36.21,65.0,0.233,21.0,32.31,4.0,6.15,0.709,0.18399999999999997,35.48,17.12,16.34,33.46,28.46,25.0,,,,,,,,,,,,,,
746540,2024-06-22,2024,666134,L,687792,L,home_run,False,False,38.0,0.242,13.0,34.21,5.0,13.16,0.706,0.122,23.33,8.59,28.22,36.81,24.66,24.07,130.0,0.314,34.0,26.15,12.0,9.23,0.902,0.211,27.7,10.95,22.63,33.58,26.4,21.79,15.0,0.357,5.0,33.33,1.0,6.67,0.971,0.21399999999999997,32.26,15.15,15.15,30.3,22.58,19.23,,,,,,,,,,,,,,
746540,2024-06-22,2024,656248,R,687792,L,field_error,False,False,30.0,0.24,9.0,30.0,4.0,13.33,0.6930000000000001,0.12,32.73,14.52,17.74,32.26,27.27,23.68,14.0,0.545,3.0,21.43,3.0,21.43,1.916,0.7279999999999999,20.0,8.47,15.25,23.73,27.78,15.0,65.0,0.233,21.0,32.31,4.0,6.15,0.709,0.18399999999999997,35.48,17.12,16.34,33.46,28.46,25.0,,,,,,,,,,,,,,
746540,2024-06-22,2024,696100,R,687792,L,home_run,False,False,29.0,0.286,7.0,24.14,0.0,0.0,1.131,0.5349999999999999,20.69,10.81,16.22,27.03,34.48,19.44,13.0,0.231,6.0,46.15,0.0,0.0,0.846,0.384,35.71,18.87,18.87,37.74,36.0,30.0,65.0,0.233,21.0,32.31,4.0,6.15,0.709,0.18399999999999997,35.48,17.12,16.34,33.46,28.46,25.0,,,,,,,,,,,,,,
746540,2024-06-22,2024,676701,R,687792,L,field_out,False,False,22.0,0.091,5.0,22.73,0.0,0.0,0.182,0.0,25.0,16.39,13.11,29.51,46.88,33.33,105.0,0.202,27.0,25.71,9.0,8.57,0.554,0.0849999999999999,23.35,11.0,15.07,26.08,28.57,21.6,65.0,0.233,21.0,32.31,4.0,6.15,0.709,0.18399999999999997,35.48,17.12,16.34,33.46,28.46,25.0,,,,,,,,,,,,,,
746540,2024-06-22,2024,686668,R,687792,L,single,False,False,63.0,0.268,12.0,19.05,6.0,9.52,0.688,0.07100000000000001,26.61,14.1,9.83,23.93,25.64,16.9,132.0,0.194,53.0,40.15,5.0,3.79,0.584,0.1609999999999999,39.29,21.57,11.57,33.14,32.3,30.99,65.0,0.233,21.0,32.31,4.0,6.15,0.709,0.18399999999999997,35.48,17.12,16.34,33.46,28.46,25.0,,,,,,,,,,,,,,
746540,2024-06-22,2024,678662,R,687792,L,single,False,False,92.0,0.279,28.0,30.43,5.0,5.43,0.815,0.22099999999999997,36.19,22.09,8.72,30.81,37.87,26.67,177.0,0.246,57.0,32.2,8.0,4.52,0.708,0.185,35.75,21.54,12.35,33.89,44.38,25.56,65.0,0.233,21.0,32.31,4.0,6.15,0.709,0.18399999999999997,35.48,17.12,16.34,33.46,28.46,25.0,,,,,,,,,,,,,,
746540,2024-06-22,2024,641857,L,571882,R,single,False,False,223.0,0.254,62.0,27.8,21.0,9.42,0.76,0.183,27.43,13.28,15.63,28.91,27.34,19.94,449.0,0.26,141.0,31.4,52.0,11.58,0.826,0.2209999999999999,31.26,14.84,14.94,29.79,25.26,20.41,71.0,0.222,23.0,32.39,8.0,11.27,0.596,0.06399999999999997,32.17,14.84,15.48,30.32,34.25,22.77,113.0,0.245,21.0,18.58,14.0,12.39,0.712,0.122,22.33,9.87,16.31,26.18,24.79,14.19
746540,2024-06-22,2024,607732,R,571882,R,field_out,False,False,89.0,0.269,16.0,17.98,7.0,7.87,0.711,0.08999999999999997,26.0,11.5,17.7,29.2,20.13,16.84,225.0,0.186,56.0,24.89,24.0,10.67,0.547,0.082,22.79,8.98,20.99,29.97,22.2,22.95,121.0,0.284,19.0,15.7,5.0,4.13,0.73,0.138,25.12,13.09,14.32,27.41,35.53,18.27,128.0,0.234,24.0,18.75,12.0,9.38,0.6799999999999999,0.1259999999999999,31.08,15.73,12.1,27.82,32.58,15.38
746540,2024-06-22,2024,671277,L,664129,R,field_out,False,False,197.0,0.286,30.0,15.23,8.0,4.06,0.749,0.14800000000000002,21.43,11.09,15.38,26.48,35.73,16.67,355.0,0.268,44.0,12.39,23.0,6.48,0.6950000000000001,0.1129999999999999,17.54,8.86,13.52,22.38,31.84,12.54,21.0,0.333,3.0,14.29,2.0,9.52,0.77,0.055999999999999994,16.67,9.52,9.52,19.05,37.5,21.43,8.0,0.143,1.0,12.5,1.0,12.5,0.393,0.0,23.08,10.71,14.29,25.0,21.43,16.67
746540,2024-06-22,2024,669222,R,664129,R,strikeout,True,False,143.0,0.213,37.0,25.87,19.0,13.29,0.66,0.12300000000000003,27.8,12.55,18.16,30.71,22.71,26.06,205.0,0.164,51.0,24.88,18.0,8.78,0.497,0.093,25.27,12.43,15.64,28.07,26.72,23.15,23.0,0.333,4.0,17.39,2.0,8.7,1.105,0.38099999999999995,21.95,11.69,15.58,27.27,37.14,16.67,8.0,0.167,2.0,25.0,2.0,25.0,1.042,0.5,17.65,7.89,10.53,18.42,15.0,16.67
746540,2024-06-22,2024,686452,L,664129,R,field_out,False,False,19.0,0.267,2.0,10.53,2.0,10.53,0.886,0.266,14.29,6.25,15.0,21.25,22.5,6.25,22.0,0.368,3.0,13.64,3.0,13.64,1.087,0.264,19.57,9.47,13.68,23.16,20.83,8.82,21.0,0.333,3.0,14.29,2.0,9.52,0.77,0.055999999999999994,16.67,9.52,9.52,19.05,37.5,21.43,8.0,0.143,1.0,12.5,1.0,12.5,0.393,0.0,23.08,10.71,14.29,25.0,21.43,16.67
746540,2024-06-22,2024,669911,L,571882,R,single,False,False,76.0,0.229,26.0,34.21,4.0,5.26,0.747,0.24199999999999997,30.19,14.46,15.66,30.12,30.22,22.41,104.0,0.189,29.0,27.88,8.0,7.69,0.628,0.179,34.34,17.26,14.21,31.47,29.0,25.0,71.0,0.222,23.0,32.39,8.0,11.27,0.596,0.06399999999999997,32.17,14.84,15.48,30.32,34.25,22.77,113.0,0.245,21.0,18.58,14.0,12.39,0.712,0.122,22.33,9.87,16.31,26.18,24.79,14.19
746540,2024-06-22,2024,666134,L,571882,R,single,False,False,92.0,0.19,27.0,29.35,12.0,13.04,0.597,0.11399999999999999,28.3,10.84,22.89,33.73,22.12,18.0,294.0,0.289,92.0,31.29,41.0,13.95,0.945,0.261,33.58,14.12,18.56,32.68,25.97,22.72,71.0,0.222,23.0,32.39,8.0,11.27,0.596,0.06399999999999997,32.17,14.84,15.48,30.32,34.25,22.77,113.0,0.245,21.0,18.58,14.0,12.39,0.712,0.122,22.33,9.87,16.31,26.18,24.79,14.19
746540,2024-06-22,2024,656248,R,571882,R,sac_fly,False,False,71.0,0.186,19.0,26.76,8.0,11.27,0.605,0.119,32.77,14.13,18.84,32.97,20.14,24.05,29.0,0.222,11.0,37.93,1.0,3.45,0.685,0.222,36.17,16.5,21.36,37.86,32.08,35.48,121.0,0.284,19.0,15.7,5.0,4.13,0.73,0.138,25.12,13.09,14.32,27.41,35.53,18.27,128.0,0.234,24.0,18.75,12.0,9.38,0.6799999999999999,0.1259999999999999,31.08,15.73,12.1,27.82,32.58,15.38
746540,2024-06-22,2024,696100,R,571882,R,grounded_into_double_play,False,False,65.0,0.148,20.0,30.77,3.0,4.62,0.47900000000000004,0.13100000000000003,35.25,20.42,11.25,31.67,37.5,28.17,64.0,0.193,18.0,28.12,5.0,7.81,0.583,0.14,38.6,18.26,16.18,34.44,35.56,28.57,121.0,0.284,19.0,15.7,5.0,4.13,0.73,0.138,25.12,13.09,14.32,27.41,35.53,18.27,128.0,0.234,24.0,18.75,12.0,9.38,0.6799999999999999,0.1259999999999999,31.08,15.73,12.1,27.82,32.58,15.38
746540,2024-06-22,2024,696285,R,664129,R,double,False,False,152.0,0.237,32.0,21.05,9.0,5.92,0.591,0.05199999999999999,21.95,9.82,22.0,31.82,30.3,23.36,93.0,0.268,17.0,18.28,7.0,7.53,0.687,0.0859999999999999,21.38,9.8,20.46,30.26,30.36,15.74,23.0,0.333,4.0,17.39,2.0,8.7,1.105,0.38099999999999995,21.95,11.69,15.58,27.27,37.14,16.67,8.0,0.167,2.0,25.0,2.0,25.0,1.042,0.5,17.65,7.89,10.53,18.42,15.0,16.67
746540,2024-06-22,2024,682928,L,664129,R,double,False,False,213.0,0.241,41.0,19.25,15.0,7.04,0.758,0.21400000000000002,22.2,12.01,13.4,25.41,39.55,16.4,446.0,0.274,78.0,17.49,24.0,5.38,0.786,0.19,21.76,11.82,12.69,24.5,35.86,16.63,21.0,0.333,3.0,14.29,2.0,9.52,0.77,0.055999999999999994,16.67,9.52,9.52,19.05,37.5,21.43,8.0,0.143,1.0,12.5,1.0,12.5,0.393,0.0,23.08,10.71,14.29,25.0,21.43,16.67
746540,2024-06-22,2024,657041,R,664129,R,triple,False,False,143.0,0.202,36.0,25.17,11.0,7.69,0.623,0.16199999999999998,20.89,8.45,22.48,30.94,18.66,21.43,490.0,0.242,143.0,29.18,23.0,4.69,0.719,0.185,26.09,11.34,20.58,31.92,28.6,24.48,23.0,0.333,4.0,17.39,2.0,8.7,1.105,0.38099999999999995,21.95,11.69,15.58,27.27,37.14,16.67,8.0,0.167,2.0,25.0,2.0,25.0,1.042,0.5,17.65,7.89,10.53,18.42,15.0,16.67
746540,2024-06-22,2024,608385,L,664129,R,field_out,False,False,200.0,0.279,40.0,20.0,28.0,14.0,0.845,0.16899999999999998,21.11,9.0,16.47,25.47,18.32,14.34,184.0,0.2,46.0,25.0,24.0,13.04,0.5660000000000001,0.0449999999999999,25.91,11.04,17.01,28.05,20.4,17.9,21.0,0.333,3.0,14.29,2.0,9.52,0.77,0.055999999999999994,16.67,9.52,9.52,19.05,37.5,21.43,8.0,0.143,1.0,12.5,1.0,12.5,0.393,0.0,23.08,10.71,14.29,25.0,21.43,16.67
746540,2024-06-22,2024,592696,L,664129,R,strikeout,True,False,190.0,0.185,46.0,24.21,10.0,5.26,0.593,0.18,28.76,15.03,15.45,30.48,36.91,20.81,449.0,0.258,104.0,23.16,29.0,6.46,0.762,0.199,29.98,17.01,12.43,29.45,43.87,20.59,21.0,0.333,3.0,14.29,2.0,9.52,0.77,0.055999999999999994,16.67,9.52,9.52,19.05,37.5,21.43,8.0,0.143,1.0,12.5,1.0,12.5,0.393,0.0,23.08,10.71,14.29,25.0,21.43,16.67
746540,2024-06-22,2024,608841,R,664129,R,field_out,False,False,183.0,0.276,30.0,16.39,13.0,7.1,0.6930000000000001,0.08599999999999997,20.47,10.25,13.37,23.63,27.84,15.79,471.0,0.268,97.0,20.59,28.0,5.94,0.7030000000000001,0.12,23.85,11.18,18.94,30.12,30.48,17.38,23.0,0.333,4.0,17.39,2.0,8.7,1.105,0.38099999999999995,21.95,11.69,15.58,27.27,37.14,16.67,8.0,0.167,2.0,25.0,2.0,25.0,1.042,0.5,17.65,7.89,10.53,18.42,15.0,16.67
746540,2024-06-22,2024,676701,R,571670,R,single,False,False,42.0,0.179,9.0,21.43,1.0,2.38,0.399,0.0,25.61,14.38,13.7,28.08,35.53,19.57,122.0,0.257,24.0,19.67,7.0,5.74,0.6950000000000001,0.132,20.9,11.11,14.38,25.49,35.06,16.55,92.0,0.212,17.0,18.48,6.0,6.52,0.508,0.035,19.55,7.93,24.7,32.62,21.85,21.25,138.0,0.258,33.0,23.91,6.0,4.35,0.596,0.0309999999999999,25.42,12.25,19.88,32.13,34.13,23.08
746540,2024-06-22,2024,686668,R,571670,R,grounded_into_double_play,False,False,229.0,0.266,64.0,27.95,19.0,8.3,0.736,0.14299999999999996,30.45,14.96,15.82,30.78,29.11,26.89,299.0,0.207,98.0,32.78,17.0,5.69,0.597,0.131,34.17,17.56,14.33,31.89,31.96,31.51,92.0,0.212,17.0,18.48,6.0,6.52,0.508,0.035,19.55,7.93,24.7,32.62,21.85,21.25,138.0,0.258,33.0,23.91,6.0,4.35,0.596,0.0309999999999999,25.42,12.25,19.88,32.13,34.13,23.08
746540,2024-06-22,2024,678662,R,571670,R,field_out,False,False,239.0,0.288,61.0,25.52,6.0,2.51,0.7929999999999999,0.194,33.15,21.06,9.61,30.67,47.11,21.55,438.0,0.256,109.0,24.89,17.0,3.88,0.69,0.143,29.47,17.51,10.44,27.95,41.11,20.49,92.0,0.212,17.0,18.48,6.0,6.52,0.508,0.035,19.55,7.93,24.7,32.62,21.85,21.25,138.0,0.258,33.0,23.91,6.0,4.35,0.596,0.0309999999999999,25.42,12.25,19.88,32.13,34.13,23.08
746540,2024-06-22,2024,671277,L,680767,R,single,False,False,197.0,0.286,30.0,15.23,8.0,4.06,0.749,0.14800000000000002,21.43,11.09,15.38,26.48,35.73,16.67,355.0,0.268,44.0,12.39,23.0,6.48,0.6950000000000001,0.1129999999999999,17.54,8.86,13.52,22.38,31.84,12.54,82.0,0.222,9.0,10.98,10.0,12.2,0.609,0.06999999999999998,17.57,7.83,14.76,22.59,20.36,8.65,17.0,0.412,5.0,29.41,0.0,0.0,0.941,0.117,16.22,8.33,11.11,19.44,26.32,17.86
746540,2024-06-22,2024,669222,R,680767,R,strikeout,True,False,143.0,0.213,37.0,25.87,19.0,13.29,0.66,0.12300000000000003,27.8,12.55,18.16,30.71,22.71,26.06,205.0,0.164,51.0,24.88,18.0,8.78,0.497,0.093,25.27,12.43,15.64,28.07,26.72,23.15,100.0,0.33,26.0,26.0,9.0,9.0,0.885,0.16499999999999998,22.73,10.2,16.55,26.76,24.77,16.46,27.0,0.333,7.0,25.93,3.0,11.11,0.782,0.0419999999999999,26.42,12.28,14.91,27.19,20.75,19.44
746540,2024-06-22,2024,686452,L,680767,R,walk,False,True,19.0,0.267,2.0,10.53,2.0,10.53,0.886,0.266,14.29,6.25,15.0,21.25,22.5,6.25,22.0,0.368,3.0,13.64,3.0,13.64,1.087,0.264,19.57,9.47,13.68,23.16,20.83,8.82,82.0,0.222,9.0,10.98,10.0,12.2,0.609,0.06999999999999998,17.57,7.83,14.76,22.59,20.36,8.65,17.0,0.412,5.0,29.41,0.0,0.0,0.941,0.117,16.22,8.33,11.11,19.44,26.32,17.86
746540,2024-06-22,2024,696285,R,680767,R,field_out,False,False,152.0,0.237,32.0,21.05,9.0,5.92,0.591,0.05199999999999999,21.95,9.82,22.0,31.82,30.3,23.36,93.0,0.268,17.0,18.28,7.0,7.53,0.687,0.0859999999999999,21.38,9.8,20.46,30.26,30.36,15.74,100.0,0.33,26.0,26.0,9.0,9.0,0.885,0.16499999999999998,22.73,10.2,16.55,26.76,24.77,16.46,27.0,0.333,7.0,25.93,3.0,11.11,0.782,0.0419999999999999,26.42,12.28,14.91,27.19,20.75,19.44
746540,2024-06-22,2024,682928,L,680767,R,strikeout,True,False,213.0,0.241,41.0,19.25,15.0,7.04,0.758,0.21400000000000002,22.2,12.01,13.4,25.41,39.55,16.4,446.0,0.274,78.0,17.49,24.0,5.38,0.786,0.19,21.76,11.82,12.69,24.5,35.86,16.63,82.0,0.222,9.0,10.98,10.0,12.2,0.609,0.06999999999999998,17.57,7.83,14.76,22.59,20.36,8.65,17.0,0.412,5.0,29.41,0.0,0.0,0.941,0.117,16.22,8.33,11.11,19.44,26.32,17.86
746540,2024-06-22,2024,641857,L,676395,L,strikeout,True,False,98.0,0.318,28.0,28.57,11.0,11.22,0.9550000000000001,0.23500000000000004,28.34,12.8,16.67,29.47,25.85,22.58,178.0,0.191,57.0,32.02,16.0,8.99,0.573,0.118,35.23,16.38,16.64,33.03,25.79,24.15,48.0,0.209,16.0,33.33,4.0,8.33,0.597,0.11700000000000002,25.27,12.23,22.87,35.11,28.17,22.54,51.0,0.214,10.0,19.61,5.0,9.8,0.608,0.096,20.62,9.9,17.33,27.23,24.72,15.87
746540,2024-06-22,2024,607732,R,676395,L,strikeout,True,False,40.0,0.343,11.0,27.5,4.0,10.0,1.1139999999999999,0.37099999999999994,37.88,17.61,18.31,35.92,27.54,34.38,52.0,0.213,11.0,21.15,3.0,5.77,0.637,0.149,23.08,10.71,20.41,31.12,23.46,19.3,59.0,0.296,18.0,30.51,4.0,6.78,0.734,0.09300000000000003,27.83,14.04,17.11,31.14,32.48,25.71,76.0,0.246,23.0,30.26,7.0,9.21,0.6639999999999999,0.1019999999999999,26.51,13.41,14.63,28.05,35.12,17.83
746540,2024-06-22,2024,669911,R,676395,L,field_error,False,False,33.0,0.097,13.0,39.39,2.0,6.06,0.44199999999999995,0.19299999999999998,21.88,9.93,21.99,31.91,22.22,25.49,48.0,0.109,21.0,43.75,2.0,4.17,0.255,0.0,48.35,23.53,13.9,37.43,32.11,36.21,59.0,0.296,18.0,30.51,4.0,6.78,0.734,0.09300000000000003,27.83,14.04,17.11,31.14,32.48,25.71,76.0,0.246,23.0,30.26,7.0,9.21,0.6639999999999999,0.1019999999999999,26.51,13.41,14.63,28.05,35.12,17.83
746540,2024-06-22,2024,666134,L,676395,L,strikeout,True,False,38.0,0.242,13.0,34.21,5.0,13.16,0.706,0.122,23.33,8.59,28.22,36.81,24.66,24.07,130.0,0.314,34.0,26.15,12.0,9.23,0.902,0.211,27.7,10.95,22.63,33.58,26.4,21.79,48.0,0.209,16.0,33.33,4.0,8.33,0.597,0.11700000000000002,25.27,12.23,22.87,35.11,28.17,22.54,51.0,0.214,10.0,19.61,5.0,9.8,0.608,0.096,20.62,9.9,17.33,27.23,24.72,15.87
746540,2024-06-22,2024,657041,R,641755,R,field_out,False,False,143.0,0.202,36.0,25.17,11.0,7.69,0.623,0.16199999999999998,20.89,8.45,22.48,30.94,18.66,21.43,490.0,0.242,143.0,29.18,23.0,4.69,0.719,0.185,26.09,11.34,20.58,31.92,28.6,24.48,80.0,0.261,18.0,22.5,10.0,12.5,0.7849999999999999,0.174,32.72,16.36,12.35,28.7,28.14,18.37,46.0,0.326,11.0,23.91,2.0,4.35,0.883,0.209,22.68,11.76,15.51,27.27,28.41,16.18
746540,2024-06-22,2024,608385,L,641755,R,walk,False,True,200.0,0.279,40.0,20.0,28.0,14.0,0.845,0.16899999999999998,21.11,9.0,16.47,25.47,18.32,14.34,184.0,0.2,46.0,25.0,24.0,13.04,0.5660000000000001,0.0449999999999999,25.91,11.04,17.01,28.05,20.4,17.9,65.0,0.375,14.0,21.54,9.0,13.85,1.23,0.393,29.2,14.13,12.01,26.15,26.62,16.47,30.0,0.304,6.0,20.0,4.0,13.33,0.8919999999999999,0.174,23.53,10.81,12.61,23.42,20.34,22.22
746540,2024-06-22,2024,592696,L,641755,R,single,False,False,190.0,0.185,46.0,24.21,10.0,5.26,0.593,0.18,28.76,15.03,15.45,30.48,36.91,20.81,449.0,0.258,104.0,23.16,29.0,6.46,0.762,0.199,29.98,17.01,12.43,29.45,43.87,20.59,65.0,0.375,14.0,21.54,9.0,13.85,1.23,0.393,29.2,14.13,12.01,26.15,26.62,16.47,30.0,0.304,6.0,20.0,4.0,13.33,0.8919999999999999,0.174,23.53,10.81,12.61,23.42,20.34,22.22
746540,2024-06-22,2024,608841,R,641755,R,field_out,False,False,183.0,0.276,30.0,16.39,13.0,7.1,0.6930000000000001,0.08599999999999997,20.47,10.25,13.37,23.63,27.84,15.79,471.0,0.268,97.0,20.59,28.0,5.94,0.7030000000000001,0.12,23.85,11.18,18.94,30.12,30.48,17.38,80.0,0.261,18.0,22.5,10.0,12.5,0.7849999999999999,0.174,32.72,16.36,12.35,28.7,28.14,18.37,46.0,0.326,11.0,23.91,2.0,4.35,0.883,0.209,22.68,11.76,15.51,27.27,28.41,16.18
746540,2024-06-22,2024,671277,L,641755,R,field_out,False,False,197.0,0.286,30.0,15.23,8.0,4.06,0.749,0.14800000000000002,21.43,11.09,15.38,26.48,35.73,16.67,355.0,0.268,44.0,12.39,23.0,6.48,0.6950000000000001,0.1129999999999999,17.54,8.86,13.52,22.38,31.84,12.54,65.0,0.375,14.0,21.54,9.0,13.85,1.23,0.393,29.2,14.13,12.01,26.15,26.62,16.47,30.0,0.304,6.0,20.0,4.0,13.33,0.8919999999999999,0.174,23.53,10.81,12.61,23.42,20.34,22.22
746540,2024-06-22,2024,656248,R,663432,R,strikeout,True,False,71.0,0.186,19.0,26.76,8.0,11.27,0.605,0.119,32.77,14.13,18.84,32.97,20.14,24.05,29.0,0.222,11.0,37.93,1.0,3.45,0.685,0.222,36.17,16.5,21.36,37.86,32.08,35.48,58.0,0.269,9.0,15.52,4.0,6.9,0.826,0.21199999999999997,30.39,14.22,12.39,26.61,31.71,15.0,3.0,0.0,1.0,33.33,1.0,33.33,0.333,0.0,40.0,14.29,21.43,35.71,25.0,25.0
746540,2024-06-22,2024,696100,R,663432,R,field_out,False,False,65.0,0.148,20.0,30.77,3.0,4.62,0.47900000000000004,0.13100000000000003,35.25,20.42,11.25,31.67,37.5,28.17,64.0,0.193,18.0,28.12,5.0,7.81,0.583,0.14,38.6,18.26,16.18,34.44,35.56,28.57,58.0,0.269,9.0,15.52,4.0,6.9,0.826,0.21199999999999997,30.39,14.22,12.39,26.61,31.71,15.0,3.0,0.0,1.0,33.33,1.0,33.33,0.333,0.0,40.0,14.29,21.43,35.71,25.0,25.0
746540,2024-06-22,2024,676701,R,663432,R,strikeout,True,False,42.0,0.179,9.0,21.43,1.0,2.38,0.399,0.0,25.61,14.38,13.7,28.08,35.53,19.57,122.0,0.257,24.0,19.67,7.0,5.74,0.6950000000000001,0.132,20.9,11.11,14.38,25.49,35.06,16.55,58.0,0.269,9.0,15.52,4.0,6.9,0.826,0.21199999999999997,30.39,14.22,12.39,26.61,31.71,15.0,3.0,0.0,1.0,33.33,1.0,33.33,0.333,0.0,40.0,14.29,21.43,35.71,25.0,25.0
746540,2024-06-22,2024,669222,R,683232,R,single,False,False,143.0,0.213,37.0,25.87,19.0,13.29,0.66,0.12300000000000003,27.8,12.55,18.16,30.71,22.71,26.06,205.0,0.164,51.0,24.88,18.0,8.78,0.497,0.093,25.27,12.43,15.64,28.07,26.72,23.15,83.0,0.278,22.0,26.51,11.0,13.25,0.804,0.15299999999999997,28.19,12.39,17.7,30.09,27.27,25.29,43.0,0.235,11.0,25.58,9.0,20.93,0.866,0.236,25.32,10.7,16.58,27.27,23.3,20.0
746540,2024-06-22,2024,686452,L,683232,R,double,False,False,19.0,0.267,2.0,10.53,2.0,10.53,0.886,0.266,14.29,6.25,15.0,21.25,22.5,6.25,22.0,0.368,3.0,13.64,3.0,13.64,1.087,0.264,19.57,9.47,13.68,23.16,20.83,8.82,76.0,0.324,21.0,27.63,7.0,9.21,0.779,0.07300000000000001,23.08,11.22,17.69,28.91,29.03,21.65,44.0,0.158,10.0,22.73,5.0,11.36,0.457,0.0259999999999999,20.83,8.52,20.45,28.98,26.37,18.52
746540,2024-06-22,2024,696285,R,683232,R,strikeout,True,False,152.0,0.237,32.0,21.05,9.0,5.92,0.591,0.05199999999999999,21.95,9.82,22.0,31.82,30.3,23.36,93.0,0.268,17.0,18.28,7.0,7.53,0.687,0.0859999999999999,21.38,9.8,20.46,30.26,30.36,15.74,83.0,0.278,22.0,26.51,11.0,13.25,0.804,0.15299999999999997,28.19,12.39,17.7,30.09,27.27,25.29,43.0,0.235,11.0,25.58,9.0,20.93,0.866,0.236,25.32,10.7,16.58,27.27,23.3,20.0
746540,2024-06-22,2024,682928,L,683232,R,walk,False,True,213.0,0.241,41.0,19.25,15.0,7.04,0.758,0.21400000000000002,22.2,12.01,13.4,25.41,39.55,16.4,446.0,0.274,78.0,17.49,24.0,5.38,0.786,0.19,21.76,11.82,12.69,24.5,35.86,16.63,76.0,0.324,21.0,27.63,7.0,9.21,0.779,0.07300000000000001,23.08,11.22,17.69,28.91,29.03,21.65,44.0,0.158,10.0,22.73,5.0,11.36,0.457,0.0259999999999999,20.83,8.52,20.45,28.98,26.37,18.52
746540,2024-06-22,2024,657041,R,683232,R,strikeout,True,False,143.0,0.202,36.0,25.17,11.0,7.69,0.623,0.16199999999999998,20.89,8.45,22.48,30.94,18.66,21.43,490.0,0.242,143.0,29.18,23.0,4.69,0.719,0.185,26.09,11.34,20.58,31.92,28.6,24.48,83.0,0.278,22.0,26.51,11.0,13.25,0.804,0.15299999999999997,28.19,12.39,17.7,30.09,27.27,25.29,43.0,0.235,11.0,25.58,9.0,20.93,0.866,0.236,25.32,10.7,16.58,27.27,23.3,20.0
746540,2024-06-22,2024,608385,L,683232,R,field_out,False,False,200.0,0.279,40.0,20.0,28.0,14.0,0.845,0.16899999999999998,21.11,9.0,16.47,25.47,18.32,14.34,184.0,0.2,46.0,25.0,24.0,13.04,0.5660000000000001,0.0449999999999999,25.91,11.04,17.01,28.05,20.4,17.9,76.0,0.324,21.0,27.63,7.0,9.21,0.779,0.07300000000000001,23.08,11.22,17.69,28.91,29.03,21.65,44.0,0.158,10.0,22.73,5.0,11.36,0.457,0.0259999999999999,20.83,8.52,20.45,28.98,26.37,18.52
746540,2024-06-22,2024,686668,R,663432,R,field_out,False,False,229.0,0.266,64.0,27.95,19.0,8.3,0.736,0.14299999999999996,30.45,14.96,15.82,30.78,29.11,26.89,299.0,0.207,98.0,32.78,17.0,5.69,0.597,0.131,34.17,17.56,14.33,31.89,31.96,31.51,58.0,0.269,9.0,15.52,4.0,6.9,0.826,0.21199999999999997,30.39,14.22,12.39,26.61,31.71,15.0,3.0,0.0,1.0,33.33,1.0,33.33,0.333,0.0,40.0,14.29,21.43,35.71,25.0,25.0
746540,2024-06-22,2024,678662,R,663432,R,field_out,False,False,239.0,0.288,61.0,25.52,6.0,2.51,0.7929999999999999,0.194,33.15,21.06,9.61,30.67,47.11,21.55,438.0,0.256,109.0,24.89,17.0,3.88,0.69,0.143,29.47,17.51,10.44,27.95,41.11,20.49,58.0,0.269,9.0,15.52,4.0,6.9,0.826,0.21199999999999997,30.39,14.22,12.39,26.61,31.71,15.0,3.0,0.0,1.0,33.33,1.0,33.33,0.333,0.0,40.0,14.29,21.43,35.71,25.0,25.0
746540,2024-06-22,2024,641857,L,663432,R,field_out,False,False,223.0,0.254,62.0,27.8,21.0,9.42,0.76,0.183,27.43,13.28,15.63,28.91,27.34,19.94,449.0,0.26,141.0,31.4,52.0,11.58,0.826,0.2209999999999999,31.26,14.84,14.94,29.79,25.26,20.41,41.0,0.333,4.0,9.76,9.0,21.95,1.079,0.23399999999999993,25.61,11.86,10.17,22.03,20.45,7.69,2.0,0.5,0.0,0.0,0.0,0.0,1.0,0.0,0.0,0.0,0.0,0.0,66.67,
746375,2024-06-22,2024,683002,L,814005,R,single,False,False,235.0,0.285,52.0,22.13,24.0,10.21,1.004,0.35300000000000004,24.82,11.33,14.85,26.18,22.89,22.41,455.0,0.272,117.0,25.71,38.0,8.35,0.885,0.277,25.57,12.07,15.7,27.78,26.4,22.35,10.0,0.556,0.0,0.0,1.0,10.0,1.1560000000000001,0.0,17.86,9.09,12.73,21.82,37.93,0.0,,,,,,,,,,,,,,
746375,2024-06-22,2024,668939,L,814005,R,single,False,False,221.0,0.249,45.0,20.36,16.0,7.24,0.696,0.14400000000000002,21.2,9.87,20.07,29.93,33.33,16.98,496.0,0.267,80.0,16.13,61.0,12.3,0.778,0.1519999999999999,16.76,6.91,19.7,26.61,24.41,12.54,10.0,0.556,0.0,0.0,1.0,10.0,1.1560000000000001,0.0,17.86,9.09,12.73,21.82,37.93,0.0,,,,,,,,,,,,,,
746375,2024-06-22,2024,656811,L,814005,R,field_out,False,False,208.0,0.296,22.0,10.58,18.0,8.65,0.848,0.196,18.44,8.18,17.01,25.19,22.68,11.76,340.0,0.297,74.0,21.76,13.0,3.82,0.802,0.178,22.26,11.29,14.37,25.66,31.15,17.72,10.0,0.556,0.0,0.0,1.0,10.0,1.1560000000000001,0.0,17.86,9.09,12.73,21.82,37.93,0.0,,,,,,,,,,,,,,
746375,2024-06-22,2024,663624,R,814005,R,force_out,False,False,213.0,0.274,50.0,23.47,12.0,5.63,0.792,0.20299999999999996,23.41,12.81,11.98,24.79,36.59,19.31,310.0,0.235,78.0,25.16,22.0,7.1,0.6399999999999999,0.1139999999999999,29.78,16.05,13.56,29.61,37.06,21.61,8.0,0.125,2.0,25.0,0.0,0.0,0.25,0.0,25.0,16.0,8.0,24.0,33.33,28.57,,,,,,,,,,,,,,
746375,2024-06-22,2024,623993,L,814005,R,field_out,False,False,221.0,0.227,36.0,16.29,14.0,6.33,0.792,0.28,16.56,8.99,12.86,21.84,40.21,13.24,486.0,0.26,107.0,22.02,31.0,6.38,0.798,0.2229999999999999,22.13,11.37,14.84,26.21,37.22,15.21,10.0,0.556,0.0,0.0,1.0,10.0,1.1560000000000001,0.0,17.86,9.09,12.73,21.82,37.93,0.0,,,,,,,,,,,,,,
746375,2024-06-22,2024,514888,R,680570,R,single,False,False,245.0,0.294,47.0,19.18,15.0,6.12,0.805,0.17100000000000004,20.63,10.57,16.67,27.24,38.02,19.11,297.0,0.322,55.0,18.52,32.0,10.77,0.941,0.218,19.43,8.47,19.0,27.48,31.81,17.74,168.0,0.279,38.0,22.62,11.0,6.55,0.8,0.182,26.71,13.55,16.36,29.92,31.45,18.32,294.0,0.246,79.0,26.87,18.0,6.12,0.667,0.125,25.64,12.88,16.81,29.69,28.75,19.85
746375,2024-06-22,2024,608324,R,680570,R,field_error,False,False,214.0,0.272,37.0,17.29,18.0,8.41,0.773,0.16299999999999998,15.32,6.93,18.8,25.73,24.23,13.65,508.0,0.282,67.0,13.19,65.0,12.8,0.8500000000000001,0.186,14.53,5.58,19.65,25.23,16.96,12.88,168.0,0.279,38.0,22.62,11.0,6.55,0.8,0.182,26.71,13.55,16.36,29.92,31.45,18.32,294.0,0.246,79.0,26.87,18.0,6.12,0.667,0.125,25.64,12.88,16.81,29.69,28.75,19.85
746375,2024-06-22,2024,670541,L,680570,R,grounded_into_double_play,False,False,205.0,0.271,30.0,14.63,21.0,10.24,0.865,0.243,20.23,9.25,16.78,26.02,30.81,14.63,322.0,0.292,55.0,17.08,49.0,15.22,1.044,0.333,21.1,8.88,15.37,24.25,23.99,15.32,153.0,0.21,47.0,30.72,14.0,9.15,0.609,0.11600000000000002,33.22,16.39,15.88,32.26,31.42,25.13,221.0,0.277,50.0,22.62,24.0,10.86,0.837,0.2049999999999999,27.18,13.73,13.84,27.58,30.67,15.92
746375,2024-06-22,2024,673237,R,680570,R,walk,False,True,185.0,0.253,27.0,14.59,7.0,3.78,0.679,0.14900000000000002,20.99,11.91,10.34,22.26,40.96,15.61,274.0,0.307,47.0,17.15,7.0,2.55,0.931,0.292,24.58,14.19,11.31,25.51,43.08,17.42,168.0,0.279,38.0,22.62,11.0,6.55,0.8,0.182,26.71,13.55,16.36,29.92,31.45,18.32,294.0,0.246,79.0,26.87,18.0,6.12,0.667,0.125,25.64,12.88,16.81,29.69,28.75,19.85
746375,2024-06-22,2024,676694,R,680570,R,force_out,False,False,150.0,0.261,37.0,24.67,9.0,6.0,0.731,0.15899999999999997,32.54,15.89,15.89,31.78,31.56,24.83,263.0,0.218,69.0,26.24,18.0,6.84,0.6459999999999999,0.146,25.89,12.2,16.27,28.47,24.49,21.12,168.0,0.279,38.0,22.62,11.0,6.55,0.8,0.182,26.71,13.55,16.36,29.92,31.45,18.32,294.0,0.246,79.0,26.87,18.0,6.12,0.667,0.125,25.64,12.88,16.81,29.69,28.75,19.85
746375,2024-06-22,2024,676059,R,814005,R,field_out,False,False,216.0,0.31,36.0,16.67,12.0,5.56,0.914,0.23800000000000004,25.49,12.96,15.19,28.15,30.36,13.83,146.0,0.246,33.0,22.6,8.0,5.48,0.6779999999999999,0.142,22.97,11.73,16.25,27.98,29.59,19.76,8.0,0.125,2.0,25.0,0.0,0.0,0.25,0.0,25.0,16.0,8.0,24.0,33.33,28.57,,,,,,,,,,,,,,
746375,2024-06-22,2024,656775,L,814005,R,single,False,False,176.0,0.224,41.0,23.3,12.0,6.82,0.659,0.161,19.16,9.97,13.86,23.83,29.21,21.35,336.0,0.233,77.0,22.92,31.0,9.23,0.726,0.1889999999999999,26.24,13.25,14.23,27.48,28.99,18.95,10.0,0.556,0.0,0.0,1.0,10.0,1.1560000000000001,0.0,17.86,9.09,12.73,21.82,37.93,0.0,,,,,,,,,,,,,,
746375,2024-06-22,2024,622761,R,814005,R,strikeout,True,False,90.0,0.222,20.0,22.22,4.0,4.44,0.633,0.161,24.47,12.64,15.93,28.57,32.04,16.81,214.0,0.178,59.0,27.57,13.0,6.07,0.515,0.1099999999999999,30.51,15.04,17.45,32.49,35.45,26.94,8.0,0.125,2.0,25.0,0.0,0.0,0.25,0.0,25.0,16.0,8.0,24.0,33.33,28.57,,,,,,,,,,,,,,
746375,2024-06-22,2024,543510,R,814005,R,field_out,False,False,59.0,0.218,11.0,18.64,3.0,5.08,0.581,0.10900000000000001,20.95,11.4,13.47,24.87,37.08,20.83,112.0,0.247,31.0,27.68,6.0,5.36,0.702,0.134,37.09,19.22,14.36,33.58,41.41,26.72,8.0,0.125,2.0,25.0,0.0,0.0,0.25,0.0,25.0,16.0,8.0,24.0,33.33,28.57,,,,,,,,,,,,,,
746375,2024-06-22,2024,572138,L,680570,R,single,False,False,150.0,0.234,35.0,23.33,21.0,14.0,0.6839999999999999,0.10999999999999996,27.5,11.17,18.61,29.78,20.53,21.6,79.0,0.13,19.0,24.05,9.0,11.39,0.402,0.0439999999999999,22.79,9.69,16.56,26.25,24.43,21.11,153.0,0.21,47.0,30.72,14.0,9.15,0.609,0.11600000000000002,33.22,16.39,15.88,32.26,31.42,25.13,221.0,0.277,50.0,22.62,24.0,10.86,0.837,0.2049999999999999,27.18,13.73,13.84,27.58,30.67,15.92
746375,2024-06-22,2024,643289,R,680570,R,field_out,False,False,134.0,0.299,10.0,7.46,5.0,3.73,0.73,0.10300000000000004,16.87,10.0,12.68,22.68,43.11,9.26,375.0,0.263,58.0,15.47,13.0,3.47,0.6779999999999999,0.124,19.01,10.95,13.18,24.13,40.64,15.68,168.0,0.279,38.0,22.62,11.0,6.55,0.8,0.182,26.71,13.55,16.36,29.92,31.45,18.32,294.0,0.246,79.0,26.87,18.0,6.12,0.667,0.125,25.64,12.88,16.81,29.69,28.75,19.85
746375,2024-06-22,2024,694388,L,680570,R,single,False,False,41.0,0.368,16.0,39.02,2.0,4.88,0.926,0.15800000000000003,35.29,19.61,13.73,33.33,37.84,38.1,,,,,,,,,,,,,,,153.0,0.21,47.0,30.72,14.0,9.15,0.609,0.11600000000000002,33.22,16.39,15.88,32.26,31.42,25.13,221.0,0.277,50.0,22.62,24.0,10.86,0.837,0.2049999999999999,27.18,13.73,13.84,27.58,30.67,15.92
746375,2024-06-22,2024,663550,L,680570,R,strikeout,True,False,39.0,0.289,9.0,23.08,1.0,2.56,0.755,0.15800000000000003,26.32,14.81,10.37,25.19,32.31,23.68,52.0,0.22,24.0,46.15,1.0,1.92,0.5710000000000001,0.12,50.0,32.99,6.09,39.09,46.53,37.5,153.0,0.21,47.0,30.72,14.0,9.15,0.609,0.11600000000000002,33.22,16.39,15.88,32.26,31.42,25.13,221.0,0.277,50.0,22.62,24.0,10.86,0.837,0.2049999999999999,27.18,13.73,13.84,27.58,30.67,15.92
746375,2024-06-22,2024,514888,R,680570,R,double,False,False,245.0,0.294,47.0,19.18,15.0,6.12,0.805,0.17100000000000004,20.63,10.57,16.67,27.24,38.02,19.11,297.0,0.322,55.0,18.52,32.0,10.77,0.941,0.218,19.43,8.47,19.0,27.48,31.81,17.74,168.0,0.279,38.0,22.62,11.0,6.55,0.8,0.182,26.71,13.55,16.36,29.92,31.45,18.32,294.0,0.246,79.0,26.87,18.0,6.12,0.667,0.125,25.64,12.88,16.81,29.69,28.75,19.85
746375,2024-06-22,2024,608324,R,680570,R,strikeout,True,False,214.0,0.272,37.0,17.29,18.0,8.41,0.773,0.16299999999999998,15.32,6.93,18.8,25.73,24.23,13.65,508.0,0.282,67.0,13.19,65.0,12.8,0.8500000000000001,0.186,14.53,5.58,19.65,25.23,16.96,12.88,168.0,0.279,38.0,22.62,11.0,6.55,0.8,0.182,26.71,13.55,16.36,29.92,31.45,18.32,294.0,0.246,79.0,26.87,18.0,6.12,0.667,0.125,25.64,12.88,16.81,29.69,28.75,19.85
746375,2024-06-22,2024,683002,L,814005,R,walk,False,True,235.0,0.285,52.0,22.13,24.0,10.21,1.004,0.35300000000000004,24.82,11.33,14.85,26.18,22.89,22.41,455.0,0.272,117.0,25.71,38.0,8.35,0.885,0.277,25.57,12.07,15.7,27.78,26.4,22.35,10.0,0.556,0.0,0.0,1.0,10.0,1.1560000000000001,0.0,17.86,9.09,12.73,21.82,37.93,0.0,,,,,,,,,,,,,,
746375,2024-06-22,2024,668939,L,814005,R,single,False,False,221.0,0.249,45.0,20.36,16.0,7.24,0.696,0.14400000000000002,21.2,9.87,20.07,29.93,33.33,16.98,496.0,0.267,80.0,16.13,61.0,12.3,0.778,0.1519999999999999,16.76,6.91,19.7,26.61,24.41,12.54,10.0,0.556,0.0,0.0,1.0,10.0,1.1560000000000001,0.0,17.86,9.09,12.73,21.82,37.93,0.0,,,,,,,,,,,,,,
746375,2024-06-22,2024,656811,L,814005,R,force_out,False,False,208.0,0.296,22.0,10.58,18.0,8.65,0.848,0.196,18.44,8.18,17.01,25.19,22.68,11.76,340.0,0.297,74.0,21.76,13.0,3.82,0.802,0.178,22.26,11.29,14.37,25.66,31.15,17.72,10.0,0.556,0.0,0.0,1.0,10.0,1.1560000000000001,0.0,17.86,9.09,12.73,21.82,37.93,0.0,,,,,,,,,,,,,,
746375,2024-06-22,2024,663624,R,814005,R,field_out,False,False,213.0,0.274,50.0,23.47,12.0,5.63,0.792,0.20299999999999996,23.41,12.81,11.98,24.79,36.59,19.31,310.0,0.235,78.0,25.16,22.0,7.1,0.6399999999999999,0.1139999999999999,29.78,16.05,13.56,29.61,37.06,21.61,8.0,0.125,2.0,25.0,0.0,0.0,0.25,0.0,25.0,16.0,8.0,24.0,33.33,28.57,,,,,,,,,,,,,,
746375,2024-06-22,2024,623993,L,814005,R,single,False,False,221.0,0.227,36.0,16.29,14.0,6.33,0.792,0.28,16.56,8.99,12.86,21.84,40.21,13.24,486.0,0.26,107.0,22.02,31.0,6.38,0.798,0.2229999999999999,22.13,11.37,14.84,26.21,37.22,15.21,10.0,0.556,0.0,0.0,1.0,10.0,1.1560000000000001,0.0,17.86,9.09,12.73,21.82,37.93,0.0,,,,,,,,,,,,,,
746375,2024-06-22,2024,676059,R,814005,R,single,False,False,216.0,0.31,36.0,16.67,12.0,5.56,0.914,0.23800000000000004,25.49,12.96,15.19,28.15,30.36,13.83,146.0,0.246,33.0,22.6,8.0,5.48,0.6779999999999999,0.142,22.97,11.73,16.25,27.98,29.59,19.76,8.0,0.125,2.0,25.0,0.0,0.0,0.25,0.0,25.0,16.0,8.0,24.0,33.33,28.57,,,,,,,,,,,,,,
746375,2024-06-22,2024,656775,L,814005,R,field_out,False,False,176.0,0.224,41.0,23.3,12.0,6.82,0.659,0.161,19.16,9.97,13.86,23.83,29.21,21.35,336.0,0.233,77.0,22.92,31.0,9.23,0.726,0.1889999999999999,26.24,13.25,14.23,27.48,28.99,18.95,10.0,0.556,0.0,0.0,1.0,10.0,1.1560000000000001,0.0,17.86,9.09,12.73,21.82,37.93,0.0,,,,,,,,,,,,,,
746375,2024-06-22,2024,670541,L,680570,R,strikeout,True,False,205.0,0.271,30.0,14.63,21.0,10.24,0.865,0.243,20.23,9.25,16.78,26.02,30.81,14.63,322.0,0.292,55.0,17.08,49.0,15.22,1.044,0.333,21.1,8.88,15.37,24.25,23.99,15.32,153.0,0.21,47.0,30.72,14.0,9.15,0.609,0.11600000000000002,33.22,16.39,15.88,32.26,31.42,25.13,221.0,0.277,50.0,22.62,24.0,10.86,0.837,0.2049999999999999,27.18,13.73,13.84,27.58,30.67,15.92
746375,2024-06-22,2024,673237,R,680570,R,field_out,False,False,185.0,0.253,27.0,14.59,7.0,3.78,0.679,0.14900000000000002,20.99,11.91,10.34,22.26,40.96,15.61,274.0,0.307,47.0,17.15,7.0,2.55,0.931,0.292,24.58,14.19,11.31,25.51,43.08,17.42,168.0,0.279,38.0,22.62,11.0,6.55,0.8,0.182,26.71,13.55,16.36,29.92,31.45,18.32,294.0,0.246,79.0,26.87,18.0,6.12,0.667,0.125,25.64,12.88,16.81,29.69,28.75,19.85
746375,2024-06-22,2024,676694,R,680570,R,field_out,False,False,150.0,0.261,37.0,24.67,9.0,6.0,0.731,0.15899999999999997,32.54,15.89,15.89,31.78,31.56,24.83,263.0,0.218,69.0,26.24,18.0,6.84,0.6459999999999999,0.146,25.89,12.2,16.27,28.47,24.49,21.12,168.0,0.279,38.0,22.62,11.0,6.55,0.8,0.182,26.71,13.55,16.36,29.92,31.45,18.32,294.0,0.246,79.0,26.87,18.0,6.12,0.667,0.125,25.64,12.88,16.81,29.69,28.75,19.85
746375,2024-06-22,2024,622761,R,814005,R,field_out,False,False,90.0,0.222,20.0,22.22,4.0,4.44,0.633,0.161,24.47,12.64,15.93,28.57,32.04,16.81,214.0,0.178,59.0,27.57,13.0,6.07,0.515,0.1099999999999999,30.51,15.04,17.45,32.49,35.45,26.94,8.0,0.125,2.0,25.0,0.0,0.0,0.25,0.0,25.0,16.0,8.0,24.0,33.33,28.57,,,,,,,,,,,,,,
746375,2024-06-22,2024,543510,R,814005,R,strikeout,True,False,59.0,0.218,11.0,18.64,3.0,5.08,0.581,0.10900000000000001,20.95,11.4,13.47,24.87,37.08,20.83,112.0,0.247,31.0,27.68,6.0,5.36,0.702,0.134,37.09,19.22,14.36,33.58,41.41,26.72,8.0,0.125,2.0,25.0,0.0,0.0,0.25,0.0,25.0,16.0,8.0,24.0,33.33,28.57,,,,,,,,,,,,,,
746375,2024-06-22,2024,683002,L,681869,R,strikeout,True,False,235.0,0.285,52.0,22.13,24.0,10.21,1.004,0.35300000000000004,24.82,11.33,14.85,26.18,22.89,22.41,455.0,0.272,117.0,25.71,38.0,8.35,0.885,0.277,25.57,12.07,15.7,27.78,26.4,22.35,54.0,0.277,14.0,25.93,7.0,12.96,0.71,0.063,34.74,15.21,17.97,33.18,25.44,25.93,25.0,0.348,7.0,28.0,1.0,4.0,1.009,0.261,22.0,10.58,13.46,24.04,32.76,25.0
746375,2024-06-22,2024,572138,L,680570,R,strikeout,True,False,150.0,0.234,35.0,23.33,21.0,14.0,0.6839999999999999,0.10999999999999996,27.5,11.17,18.61,29.78,20.53,21.6,79.0,0.13,19.0,24.05,9.0,11.39,0.402,0.0439999999999999,22.79,9.69,16.56,26.25,24.43,21.11,153.0,0.21,47.0,30.72,14.0,9.15,0.609,0.11600000000000002,33.22,16.39,15.88,32.26,31.42,25.13,221.0,0.277,50.0,22.62,24.0,10.86,0.837,0.2049999999999999,27.18,13.73,13.84,27.58,30.67,15.92
746375,2024-06-22,2024,643289,R,680570,R,single,False,False,134.0,0.299,10.0,7.46,5.0,3.73,0.73,0.10300000000000004,16.87,10.0,12.68,22.68,43.11,9.26,375.0,0.263,58.0,15.47,13.0,3.47,0.6779999999999999,0.124,19.01,10.95,13.18,24.13,40.64,15.68,168.0,0.279,38.0,22.62,11.0,6.55,0.8,0.182,26.71,13.55,16.36,29.92,31.45,18.32,294.0,0.246,79.0,26.87,18.0,6.12,0.667,0.125,25.64,12.88,16.81,29.69,28.75,19.85
746375,2024-06-22,2024,694388,L,680570,R,strikeout,True,False,41.0,0.368,16.0,39.02,2.0,4.88,0.926,0.15800000000000003,35.29,19.61,13.73,33.33,37.84,38.1,,,,,,,,,,,,,,,153.0,0.21,47.0,30.72,14.0,9.15,0.609,0.11600000000000002,33.22,16.39,15.88,32.26,31.42,25.13,221.0,0.277,50.0,22.62,24.0,10.86,0.837,0.2049999999999999,27.18,13.73,13.84,27.58,30.67,15.92
746375,2024-06-22,2024,663550,L,680570,R,strikeout,True,False,39.0,0.289,9.0,23.08,1.0,2.56,0.755,0.15800000000000003,26.32,14.81,10.37,25.19,32.31,23.68,52.0,0.22,24.0,46.15,1.0,1.92,0.5710000000000001,0.12,50.0,32.99,6.09,39.09,46.53,37.5,153.0,0.21,47.0,30.72,14.0,9.15,0.609,0.11600000000000002,33.22,16.39,15.88,32.26,31.42,25.13,221.0,0.277,50.0,22.62,24.0,10.86,0.837,0.2049999999999999,27.18,13.73,13.84,27.58,30.67,15.92
746375,2024-06-22,2024,668939,L,681869,R,single,False,False,221.0,0.249,45.0,20.36,16.0,7.24,0.696,0.14400000000000002,21.2,9.87,20.07,29.93,33.33,16.98,496.0,0.267,80.0,16.13,61.0,12.3,0.778,0.1519999999999999,16.76,6.91,19.7,26.61,24.41,12.54,54.0,0.277,14.0,25.93,7.0,12.96,0.71,0.063,34.74,15.21,17.97,33.18,25.44,25.93,25.0,0.348,7.0,28.0,1.0,4.0,1.009,0.261,22.0,10.58,13.46,24.04,32.76,25.0
746375,2024-06-22,2024,656811,L,681869,R,single,False,False,208.0,0.296,22.0,10.58,18.0,8.65,0.848,0.196,18.44,8.18,17.01,25.19,22.68,11.76,340.0,0.297,74.0,21.76,13.0,3.82,0.802,0.178,22.26,11.29,14.37,25.66,31.15,17.72,54.0,0.277,14.0,25.93,7.0,12.96,0.71,0.063,34.74,15.21,17.97,33.18,25.44,25.93,25.0,0.348,7.0,28.0,1.0,4.0,1.009,0.261,22.0,10.58,13.46,24.04,32.76,25.0
746375,2024-06-22,2024,663624,R,681869,R,sac_fly,False,False,213.0,0.274,50.0,23.47,12.0,5.63,0.792,0.20299999999999996,23.41,12.81,11.98,24.79,36.59,19.31,310.0,0.235,78.0,25.16,22.0,7.1,0.6399999999999999,0.1139999999999999,29.78,16.05,13.56,29.61,37.06,21.61,43.0,0.324,9.0,20.93,3.0,6.98,0.804,0.10799999999999998,17.81,7.98,15.34,23.31,20.51,28.12,17.0,0.286,4.0,23.53,2.0,11.76,0.71,0.071,35.14,19.12,11.76,30.88,28.57,18.18
746375,2024-06-22,2024,623993,L,681869,R,single,False,False,221.0,0.227,36.0,16.29,14.0,6.33,0.792,0.28,16.56,8.99,12.86,21.84,40.21,13.24,486.0,0.26,107.0,22.02,31.0,6.38,0.798,0.2229999999999999,22.13,11.37,14.84,26.21,37.22,15.21,54.0,0.277,14.0,25.93,7.0,12.96,0.71,0.063,34.74,15.21,17.97,33.18,25.44,25.93,25.0,0.348,7.0,28.0,1.0,4.0,1.009,0.261,22.0,10.58,13.46,24.04,32.76,25.0
746375,2024-06-22,2024,676059,R,681869,R,grounded_into_double_play,False,False,216.0,0.31,36.0,16.67,12.0,5.56,0.914,0.23800000000000004,25.49,12.96,15.19,28.15,30.36,13.83,146.0,0.246,33.0,22.6,8.0,5.48,0.6779999999999999,0.142,22.97,11.73,16.25,27.98,29.59,19.76,43.0,0.324,9.0,20.93,3.0,6.98,0.804,0.10799999999999998,17.81,7.98,15.34,23.31,20.51,28.12,17.0,0.286,4.0,23.53,2.0,11.76,0.71,0.071,35.14,19.12,11.76,30.88,28.57,18.18
746375,2024-06-22,2024,514888,R,680570,R,field_out,False,False,245.0,0.294,47.0,19.18,15.0,6.12,0.805,0.17100000000000004,20.63,10.57,16.67,27.24,38.02,19.11,297.0,0.322,55.0,18.52,32.0,10.77,0.941,0.218,19.43,8.47,19.0,27.48,31.81,17.74,168.0,0.279,38.0,22.62,11.0,6.55,0.8,0.182,26.71,13.55,16.36,29.92,31.45,18.32,294.0,0.246,79.0,26.87,18.0,6.12,0.667,0.125,25.64,12.88,16.81,29.69,28.75,19.85
746375,2024-06-22,2024,608324,R,680570,R,single,False,False,214.0,0.272,37.0,17.29,18.0,8.41,0.773,0.16299999999999998,15.32,6.93,18.8,25.73,24.23,13.65,508.0,0.282,67.0,13.19,65.0,12.8,0.8500000000000001,0.186,14.53,5.58,19.65,25.23,16.96,12.88,168.0,0.279,38.0,22.62,11.0,6.55,0.8,0.182,26.71,13.55,16.36,29.92,31.45,18.32,294.0,0.246,79.0,26.87,18.0,6.12,0.667,0.125,25.64,12.88,16.81,29.69,28.75,19.85
746375,2024-06-22,2024,670541,L,680570,R,strikeout,True,False,205.0,0.271,30.0,14.63,21.0,10.24,0.865,0.243,20.23,9.25,16.78,26.02,30.81,14.63,322.0,0.292,55.0,17.08,49.0,15.22,1.044,0.333,21.1,8.88,15.37,24.25,23.99,15.32,153.0,0.21,47.0,30.72,14.0,9.15,0.609,0.11600000000000002,33.22,16.39,15.88,32.26,31.42,25.13,221.0,0.277,50.0,22.62,24.0,10.86,0.837,0.2049999999999999,27.18,13.73,13.84,27.58,30.67,15.92
746375,2024-06-22,2024,673237,R,680570,R,single,False,False,185.0,0.253,27.0,14.59,7.0,3.78,0.679,0.14900000000000002,20.99,11.91,10.34,22.26,40.96,15.61,274.0,0.307,47.0,17.15,7.0,2.55,0.931,0.292,24.58,14.19,11.31,25.51,43.08,17.42,168.0,0.279,38.0,22.62,11.0,6.55,0.8,0.182,26.71,13.55,16.36,29.92,31.45,18.32,294.0,0.246,79.0,26.87,18.0,6.12,0.667,0.125,25.64,12.88,16.81,29.69,28.75,19.85
746375,2024-06-22,2024,676694,R,680570,R,home_run,False,False,150.0,0.261,37.0,24.67,9.0,6.0,0.731,0.15899999999999997,32.54,15.89,15.89,31.78,31.56,24.83,263.0,0.218,69.0,26.24,18.0,6.84,0.6459999999999999,0.146,25.89,12.2,16.27,28.47,24.49,21.12,168.0,0.279,38.0,22.62,11.0,6.55,0.8,0.182,26.71,13.55,16.36,29.92,31.45,18.32,294.0,0.246,79.0,26.87,18.0,6.12,0.667,0.125,25.64,12.88,16.81,29.69,28.75,19.85
746375,2024-06-22,2024,572138,L,680570,R,strikeout,True,False,150.0,0.234,35.0,23.33,21.0,14.0,0.6839999999999999,0.10999999999999996,27.5,11.17,18.61,29.78,20.53,21.6,79.0,0.13,19.0,24.05,9.0,11.39,0.402,0.0439999999999999,22.79,9.69,16.56,26.25,24.43,21.11,153.0,0.21,47.0,30.72,14.0,9.15,0.609,0.11600000000000002,33.22,16.39,15.88,32.26,31.42,25.13,221.0,0.277,50.0,22.62,24.0,10.86,0.837,0.2049999999999999,27.18,13.73,13.84,27.58,30.67,15.92
746375,2024-06-22,2024,656775,L,681869,R,strikeout,True,False,176.0,0.224,41.0,23.3,12.0,6.82,0.659,0.161,19.16,9.97,13.86,23.83,29.21,21.35,336.0,0.233,77.0,22.92,31.0,9.23,0.726,0.1889999999999999,26.24,13.25,14.23,27.48,28.99,18.95,54.0,0.277,14.0,25.93,7.0,12.96,0.71,0.063,34.74,15.21,17.97,33.18,25.44,25.93,25.0,0.348,7.0,28.0,1.0,4.0,1.009,0.261,22.0,10.58,13.46,24.04,32.76,25.0
746375,2024-06-22,2024,622761,R,681869,R,field_out,False,False,90.0,0.222,20.0,22.22,4.0,4.44,0.633,0.161,24.47,12.64,15.93,28.57,32.04,16.81,214.0,0.178,59.0,27.57,13.0,6.07,0.515,0.1099999999999999,30.51,15.04,17.45,32.49,35.45,26.94,43.0,0.324,9.0,20.93,3.0,6.98,0.804,0.10799999999999998,17.81,7.98,15.34,23.31,20.51,28.12,17.0,0.286,4.0,23.53,2.0,11.76,0.71,0.071,35.14,19.12,11.76,30.88,28.57,18.18
746375,2024-06-22,2024,543510,R,681869,R,strikeout,True,False,59.0,0.218,11.0,18.64,3.0,5.08,0.581,0.10900000000000001,20.95,11.4,13.47,24.87,37.08,20.83,112.0,0.247,31.0,27.68,6.0,5.36,0.702,0.134,37.09,19.22,14.36,33.58,41.41,26.72,43.0,0.324,9.0,20.93,3.0,6.98,0.804,0.10799999999999998,17.81,7.98,15.34,23.31,20.51,28.12,17.0,0.286,4.0,23.53,2.0,11.76,0.71,0.071,35.14,19.12,11.76,30.88,28.57,18.18
746375,2024-06-22,2024,643289,R,680570,R,walk,False,True,134.0,0.299,10.0,7.46,5.0,3.73,0.73,0.10300000000000004,16.87,10.0,12.68,22.68,43.11,9.26,375.0,0.263,58.0,15.47,13.0,3.47,0.6779999999999999,0.124,19.01,10.95,13.18,24.13,40.64,15.68,168.0,0.279,38.0,22.62,11.0,6.55,0.8,0.182,26.71,13.55,16.36,29.92,31.45,18.32,294.0,0.246,79.0,26.87,18.0,6.12,0.667,0.125,25.64,12.88,16.81,29.69,28.75,19.85
746375,2024-06-22,2024,694388,L,680570,R,double,False,False,41.0,0.368,16.0,39.02,2.0,4.88,0.926,0.15800000000000003,35.29,19.61,13.73,33.33,37.84,38.1,,,,,,,,,,,,,,,153.0,0.21,47.0,30.72,14.0,9.15,0.609,0.11600000000000002,33.22,16.39,15.88,32.26,31.42,25.13,221.0,0.277,50.0,22.62,24.0,10.86,0.837,0.2049999999999999,27.18,13.73,13.84,27.58,30.67,15.92
746375,2024-06-22,2024,663550,L,657097,R,walk,False,True,39.0,0.289,9.0,23.08,1.0,2.56,0.755,0.15800000000000003,26.32,14.81,10.37,25.19,32.31,23.68,52.0,0.22,24.0,46.15,1.0,1.92,0.5710000000000001,0.12,50.0,32.99,6.09,39.09,46.53,37.5,50.0,0.091,12.0,24.0,6.0,12.0,0.314,0.023000000000000007,32.29,16.4,14.29,30.69,32.22,22.22,78.0,0.246,19.0,24.36,15.0,19.23,0.79,0.147,34.42,16.36,12.04,28.4,29.88,18.27
746375,2024-06-22,2024,514888,R,657097,R,double,False,False,245.0,0.294,47.0,19.18,15.0,6.12,0.805,0.17100000000000004,20.63,10.57,16.67,27.24,38.02,19.11,297.0,0.322,55.0,18.52,32.0,10.77,0.941,0.218,19.43,8.47,19.0,27.48,31.81,17.74,93.0,0.232,20.0,21.51,11.0,11.83,0.677,0.12199999999999997,27.01,13.02,14.96,27.98,25.73,18.18,154.0,0.178,38.0,24.68,15.0,9.74,0.6080000000000001,0.155,31.15,16.29,14.33,30.62,34.71,18.27
746375,2024-06-22,2024,608324,R,657097,R,double,False,False,214.0,0.272,37.0,17.29,18.0,8.41,0.773,0.16299999999999998,15.32,6.93,18.8,25.73,24.23,13.65,508.0,0.282,67.0,13.19,65.0,12.8,0.8500000000000001,0.186,14.53,5.58,19.65,25.23,16.96,12.88,93.0,0.232,20.0,21.51,11.0,11.83,0.677,0.12199999999999997,27.01,13.02,14.96,27.98,25.73,18.18,154.0,0.178,38.0,24.68,15.0,9.74,0.6080000000000001,0.155,31.15,16.29,14.33,30.62,34.71,18.27
746375,2024-06-22,2024,670541,L,657097,R,walk,False,True,205.0,0.271,30.0,14.63,21.0,10.24,0.865,0.243,20.23,9.25,16.78,26.02,30.81,14.63,322.0,0.292,55.0,17.08,49.0,15.22,1.044,0.333,21.1,8.88,15.37,24.25,23.99,15.32,50.0,0.091,12.0,24.0,6.0,12.0,0.314,0.023000000000000007,32.29,16.4,14.29,30.69,32.22,22.22,78.0,0.246,19.0,24.36,15.0,19.23,0.79,0.147,34.42,16.36,12.04,28.4,29.88,18.27
746375,2024-06-22,2024,673237,R,622253,R,fielders_choice,False,False,185.0,0.253,27.0,14.59,7.0,3.78,0.679,0.14900000000000002,20.99,11.91,10.34,22.26,40.96,15.61,274.0,0.307,47.0,17.15,7.0,2.55,0.931,0.292,24.58,14.19,11.31,25.51,43.08,17.42,76.0,0.232,16.0,21.05,5.0,6.58,0.5640000000000001,0.028999999999999998,17.97,7.93,19.66,27.59,26.87,18.39,,,,,,,,,,,,,,
746375,2024-06-22,2024,676694,R,622253,R,strikeout,True,False,150.0,0.261,37.0,24.67,9.0,6.0,0.731,0.15899999999999997,32.54,15.89,15.89,31.78,31.56,24.83,263.0,0.218,69.0,26.24,18.0,6.84,0.6459999999999999,0.146,25.89,12.2,16.27,28.47,24.49,21.12,76.0,0.232,16.0,21.05,5.0,6.58,0.5640000000000001,0.028999999999999998,17.97,7.93,19.66,27.59,26.87,18.39,,,,,,,,,,,,,,
746375,2024-06-22,2024,572138,L,622253,R,single,False,False,150.0,0.234,35.0,23.33,21.0,14.0,0.6839999999999999,0.10999999999999996,27.5,11.17,18.61,29.78,20.53,21.6,79.0,0.13,19.0,24.05,9.0,11.39,0.402,0.0439999999999999,22.79,9.69,16.56,26.25,24.43,21.11,31.0,0.269,1.0,3.23,4.0,12.9,0.817,0.193,14.89,6.73,11.54,18.27,26.32,7.14,,,,,,,,,,,,,,
746375,2024-06-22,2024,643289,R,622253,R,double,False,False,134.0,0.299,10.0,7.46,5.0,3.73,0.73,0.10300000000000004,16.87,10.0,12.68,22.68,43.11,9.26,375.0,0.263,58.0,15.47,13.0,3.47,0.6779999999999999,0.124,19.01,10.95,13.18,24.13,40.64,15.68,76.0,0.232,16.0,21.05,5.0,6.58,0.5640000000000001,0.028999999999999998,17.97,7.93,19.66,27.59,26.87,18.39,,,,,,,,,,,,,,
746375,2024-06-22,2024,694388,L,622253,R,double,False,False,41.0,0.368,16.0,39.02,2.0,4.88,0.926,0.15800000000000003,35.29,19.61,13.73,33.33,37.84,38.1,,,,,,,,,,,,,,,31.0,0.269,1.0,3.23,4.0,12.9,0.817,0.193,14.89,6.73,11.54,18.27,26.32,7.14,,,,,,,,,,,,,,
746375,2024-06-22,2024,663550,L,622253,R,field_out,False,False,39.0,0.289,9.0,23.08,1.0,2.56,0.755,0.15800000000000003,26.32,14.81,10.37,25.19,32.31,23.68,52.0,0.22,24.0,46.15,1.0,1.92,0.5710000000000001,0.12,50.0,32.99,6.09,39.09,46.53,37.5,31.0,0.269,1.0,3.23,4.0,12.9,0.817,0.193,14.89,6.73,11.54,18.27,26.32,7.14,,,,,,,,,,,,,,
746375,2024-06-22,2024,514888,R,622253,R,field_out,False,False,245.0,0.294,47.0,19.18,15.0,6.12,0.805,0.17100000000000004,20.63,10.57,16.67,27.24,38.02,19.11,297.0,0.322,55.0,18.52,32.0,10.77,0.941,0.218,19.43,8.47,19.0,27.48,31.81,17.74,76.0,0.232,16.0,21.05,5.0,6.58,0.5640000000000001,0.028999999999999998,17.97,7.93,19.66,27.59,26.87,18.39,,,,,,,,,,,,,,
746375,2024-06-22,2024,683002,L,663321,R,home_run,False,False,235.0,0.285,52.0,22.13,24.0,10.21,1.004,0.35300000000000004,24.82,11.33,14.85,26.18,22.89,22.41,455.0,0.272,117.0,25.71,38.0,8.35,0.885,0.277,25.57,12.07,15.7,27.78,26.4,22.35,15.0,0.333,5.0,33.33,0.0,0.0,1.066,0.39999999999999997,31.03,16.07,19.64,35.71,42.86,31.25,8.0,0.286,4.0,50.0,0.0,0.0,1.089,0.428,27.27,16.22,8.11,24.32,40.0,25.0
746375,2024-06-22,2024,668939,L,663321,R,single,False,False,221.0,0.249,45.0,20.36,16.0,7.24,0.696,0.14400000000000002,21.2,9.87,20.07,29.93,33.33,16.98,496.0,0.267,80.0,16.13,61.0,12.3,0.778,0.1519999999999999,16.76,6.91,19.7,26.61,24.41,12.54,15.0,0.333,5.0,33.33,0.0,0.0,1.066,0.39999999999999997,31.03,16.07,19.64,35.71,42.86,31.25,8.0,0.286,4.0,50.0,0.0,0.0,1.089,0.428,27.27,16.22,8.11,24.32,40.0,25.0
746375,2024-06-22,2024,656811,L,663321,R,field_out,False,False,208.0,0.296,22.0,10.58,18.0,8.65,0.848,0.196,18.44,8.18,17.01,25.19,22.68,11.76,340.0,0.297,74.0,21.76,13.0,3.82,0.802,0.178,22.26,11.29,14.37,25.66,31.15,17.72,15.0,0.333,5.0,33.33,0.0,0.0,1.066,0.39999999999999997,31.03,16.07,19.64,35.71,42.86,31.25,8.0,0.286,4.0,50.0,0.0,0.0,1.089,0.428,27.27,16.22,8.11,24.32,40.0,25.0
746375,2024-06-22,2024,663624,R,663321,R,field_out,False,False,213.0,0.274,50.0,23.47,12.0,5.63,0.792,0.20299999999999996,23.41,12.81,11.98,24.79,36.59,19.31,310.0,0.235,78.0,25.16,22.0,7.1,0.6399999999999999,0.1139999999999999,29.78,16.05,13.56,29.61,37.06,21.61,12.0,0.273,2.0,16.67,1.0,8.33,1.151,0.5449999999999999,34.62,16.36,12.73,29.09,34.38,13.33,10.0,0.2,1.0,10.0,4.0,40.0,0.8,0.0,23.53,9.09,9.09,18.18,23.08,9.09
746375,2024-06-22,2024,623993,L,663321,R,strikeout,True,False,221.0,0.227,36.0,16.29,14.0,6.33,0.792,0.28,16.56,8.99,12.86,21.84,40.21,13.24,486.0,0.26,107.0,22.02,31.0,6.38,0.798,0.2229999999999999,22.13,11.37,14.84,26.21,37.22,15.21,15.0,0.333,5.0,33.33,0.0,0.0,1.066,0.39999999999999997,31.03,16.07,19.64,35.71,42.86,31.25,8.0,0.286,4.0,50.0,0.0,0.0,1.089,0.428,27.27,16.22,8.11,24.32,40.0,25.0
746375,2024-06-22,2024,608324,R,663989,L,field_out,False,False,99.0,0.204,6.0,6.06,6.0,6.06,0.597,0.13999999999999999,6.37,2.84,21.59,24.43,25.73,6.32,216.0,0.215,20.0,9.26,27.0,12.5,0.6950000000000001,0.161,13.03,5.13,19.07,24.2,22.25,9.57,18.0,0.111,1.0,5.56,0.0,0.0,0.278,0.05600000000000001,22.86,14.04,14.04,28.07,42.86,6.67,40.0,0.342,5.0,12.5,1.0,2.5,1.007,0.29,19.72,9.79,18.88,28.67,35.38,12.82
746375,2024-06-22,2024,669450,R,663989,L,field_out,False,False,5.0,0.0,1.0,20.0,0.0,0.0,0.0,0.0,40.0,25.0,18.75,43.75,50.0,20.0,8.0,0.0,2.0,25.0,0.0,0.0,0.0,0.0,27.27,8.33,16.67,25.0,10.0,25.0,18.0,0.111,1.0,5.56,0.0,0.0,0.278,0.05600000000000001,22.86,14.04,14.04,28.07,42.86,6.67,40.0,0.342,5.0,12.5,1.0,2.5,1.007,0.29,19.72,9.79,18.88,28.67,35.38,12.82
746375,2024-06-22,2024,673237,R,663989,L,field_out,False,False,75.0,0.257,10.0,13.33,4.0,5.33,0.6930000000000001,0.129,22.49,13.43,8.13,21.55,38.67,10.75,103.0,0.214,27.0,26.21,4.0,3.88,0.621,0.164,35.0,21.33,9.97,31.3,46.31,24.76,18.0,0.111,1.0,5.56,0.0,0.0,0.278,0.05600000000000001,22.86,14.04,14.04,28.07,42.86,6.67,40.0,0.342,5.0,12.5,1.0,2.5,1.007,0.29,19.72,9.79,18.88,28.67,35.38,12.82
746375,2024-06-22,2024,676059,R,663321,R,strikeout,True,False,216.0,0.31,36.0,16.67,12.0,5.56,0.914,0.23800000000000004,25.49,12.96,15.19,28.15,30.36,13.83,146.0,0.246,33.0,22.6,8.0,5.48,0.6779999999999999,0.142,22.97,11.73,16.25,27.98,29.59,19.76,12.0,0.273,2.0,16.67,1.0,8.33,1.151,0.5449999999999999,34.62,16.36,12.73,29.09,34.38,13.33,10.0,0.2,1.0,10.0,4.0,40.0,0.8,0.0,23.53,9.09,9.09,18.18,23.08,9.09
746375,2024-06-22,2024,656775,L,663321,R,single,False,False,176.0,0.224,41.0,23.3,12.0,6.82,0.659,0.161,19.16,9.97,13.86,23.83,29.21,21.35,336.0,0.233,77.0,22.92,31.0,9.23,0.726,0.1889999999999999,26.24,13.25,14.23,27.48,28.99,18.95,15.0,0.333,5.0,33.33,0.0,0.0,1.066,0.39999999999999997,31.03,16.07,19.64,35.71,42.86,31.25,8.0,0.286,4.0,50.0,0.0,0.0,1.089,0.428,27.27,16.22,8.11,24.32,40.0,25.0
746375,2024-06-22,2024,622761,R,663321,R,home_run,False,False,90.0,0.222,20.0,22.22,4.0,4.44,0.633,0.161,24.47,12.64,15.93,28.57,32.04,16.81,214.0,0.178,59.0,27.57,13.0,6.07,0.515,0.1099999999999999,30.51,15.04,17.45,32.49,35.45,26.94,12.0,0.273,2.0,16.67,1.0,8.33,1.151,0.5449999999999999,34.62,16.36,12.73,29.09,34.38,13.33,10.0,0.2,1.0,10.0,4.0,40.0,0.8,0.0,23.53,9.09,9.09,18.18,23.08,9.09
746375,2024-06-22,2024,543510,R,663321,R,walk,False,True,59.0,0.218,11.0,18.64,3.0,5.08,0.581,0.10900000000000001,20.95,11.4,13.47,24.87,37.08,20.83,112.0,0.247,31.0,27.68,6.0,5.36,0.702,0.134,37.09,19.22,14.36,33.58,41.41,26.72,12.0,0.273,2.0,16.67,1.0,8.33,1.151,0.5449999999999999,34.62,16.36,12.73,29.09,34.38,13.33,10.0,0.2,1.0,10.0,4.0,40.0,0.8,0.0,23.53,9.09,9.09,18.18,23.08,9.09
746375,2024-06-22,2024,683002,L,663321,R,home_run,False,False,235.0,0.285,52.0,22.13,24.0,10.21,1.004,0.35300000000000004,24.82,11.33,14.85,26.18,22.89,22.41,455.0,0.272,117.0,25.71,38.0,8.35,0.885,0.277,25.57,12.07,15.7,27.78,26.4,22.35,15.0,0.333,5.0,33.33,0.0,0.0,1.066,0.39999999999999997,31.03,16.07,19.64,35.71,42.86,31.25,8.0,0.286,4.0,50.0,0.0,0.0,1.089,0.428,27.27,16.22,8.11,24.32,40.0,25.0
746375,2024-06-22,2024,668939,L,606160,R,double,False,False,221.0,0.249,45.0,20.36,16.0,7.24,0.696,0.14400000000000002,21.2,9.87,20.07,29.93,33.33,16.98,496.0,0.267,80.0,16.13,61.0,12.3,0.778,0.1519999999999999,16.76,6.91,19.7,26.61,24.41,12.54,68.0,0.279,8.0,11.76,7.0,10.29,0.943,0.31099999999999994,19.85,9.51,13.38,22.89,31.29,8.51,151.0,0.267,35.0,23.18,18.0,11.92,0.7849999999999999,0.1599999999999999,29.78,14.29,12.03,26.32,27.17,16.51
746375,2024-06-22,2024,656811,L,606160,R,field_out,False,False,208.0,0.296,22.0,10.58,18.0,8.65,0.848,0.196,18.44,8.18,17.01,25.19,22.68,11.76,340.0,0.297,74.0,21.76,13.0,3.82,0.802,0.178,22.26,11.29,14.37,25.66,31.15,17.72,68.0,0.279,8.0,11.76,7.0,10.29,0.943,0.31099999999999994,19.85,9.51,13.38,22.89,31.29,8.51,151.0,0.267,35.0,23.18,18.0,11.92,0.7849999999999999,0.1599999999999999,29.78,14.29,12.03,26.32,27.17,16.51
746375,2024-06-22,2024,663624,R,606160,R,double,False,False,213.0,0.274,50.0,23.47,12.0,5.63,0.792,0.20299999999999996,23.41,12.81,11.98,24.79,36.59,19.31,310.0,0.235,78.0,25.16,22.0,7.1,0.6399999999999999,0.1139999999999999,29.78,16.05,13.56,29.61,37.06,21.61,60.0,0.235,11.0,18.33,5.0,8.33,0.672,0.09800000000000003,15.32,6.69,15.75,22.44,23.4,13.58,147.0,0.291,44.0,29.93,11.0,7.48,0.884,0.239,30.51,15.31,14.8,30.1,32.81,22.45
746375,2024-06-22,2024,623993,L,606160,R,home_run,False,False,221.0,0.227,36.0,16.29,14.0,6.33,0.792,0.28,16.56,8.99,12.86,21.84,40.21,13.24,486.0,0.26,107.0,22.02,31.0,6.38,0.798,0.2229999999999999,22.13,11.37,14.84,26.21,37.22,15.21,68.0,0.279,8.0,11.76,7.0,10.29,0.943,0.31099999999999994,19.85,9.51,13.38,22.89,31.29,8.51,151.0,0.267,35.0,23.18,18.0,11.92,0.7849999999999999,0.1599999999999999,29.78,14.29,12.03,26.32,27.17,16.51
746375,2024-06-22,2024,676059,R,605463,R,field_out,False,False,216.0,0.31,36.0,16.67,12.0,5.56,0.914,0.23800000000000004,25.49,12.96,15.19,28.15,30.36,13.83,146.0,0.246,33.0,22.6,8.0,5.48,0.6779999999999999,0.142,22.97,11.73,16.25,27.98,29.59,19.76,76.0,0.179,23.0,30.26,8.0,10.53,0.515,0.06,32.62,13.9,19.34,33.23,25.29,20.54,61.0,0.37,12.0,19.67,4.0,6.56,1.074,0.278,22.52,10.82,16.02,26.84,31.45,17.91
746375,2024-06-22,2024,676694,R,663989,L,field_out,False,False,67.0,0.237,11.0,16.42,6.0,8.96,0.769,0.20400000000000001,26.79,12.88,15.88,28.76,28.8,18.64,79.0,0.257,19.0,24.05,8.0,10.13,0.785,0.186,30.49,15.72,12.89,28.62,32.93,16.67,18.0,0.111,1.0,5.56,0.0,0.0,0.278,0.05600000000000001,22.86,14.04,14.04,28.07,42.86,6.67,40.0,0.342,5.0,12.5,1.0,2.5,1.007,0.29,19.72,9.79,18.88,28.67,35.38,12.82
746375,2024-06-22,2024,572138,L,663989,L,strikeout,True,False,43.0,0.179,17.0,39.53,4.0,9.3,0.538,0.10299999999999998,41.27,14.53,22.91,37.43,19.57,28.81,26.0,0.273,4.0,15.38,4.0,15.38,0.93,0.272,20.93,8.82,14.71,23.53,21.15,15.38,7.0,0.167,2.0,28.57,1.0,14.29,0.45299999999999996,0.0,25.0,10.0,13.33,23.33,26.32,22.22,19.0,0.167,4.0,21.05,1.0,5.26,0.433,0.0549999999999999,19.35,9.52,9.52,19.05,22.58,50.0
746375,2024-06-22,2024,643289,R,663989,L,field_out,False,False,59.0,0.304,5.0,8.47,2.0,3.39,0.786,0.16000000000000003,21.77,13.92,8.25,22.16,45.36,8.93,117.0,0.327,12.0,10.26,6.0,5.13,0.859,0.1639999999999999,13.48,8.22,11.41,19.63,41.01,10.91,18.0,0.111,1.0,5.56,0.0,0.0,0.278,0.05600000000000001,22.86,14.04,14.04,28.07,42.86,6.67,40.0,0.342,5.0,12.5,1.0,2.5,1.007,0.29,19.72,9.79,18.88,28.67,35.38,12.82
746375,2024-06-22,2024,656775,L,650556,R,field_out,False,False,176.0,0.224,41.0,23.3,12.0,6.82,0.659,0.161,19.16,9.97,13.86,23.83,29.21,21.35,336.0,0.233,77.0,22.92,31.0,9.23,0.726,0.1889999999999999,26.24,13.25,14.23,27.48,28.99,18.95,86.0,0.279,21.0,24.42,14.0,16.28,0.871,0.16199999999999998,28.47,11.82,17.87,29.68,20.11,22.34,145.0,0.185,50.0,34.48,20.0,13.79,0.611,0.118,37.97,16.01,17.43,33.44,22.96,29.94
746375,2024-06-22,2024,681297,L,650556,R,field_out,False,False,181.0,0.237,49.0,27.07,19.0,10.5,0.788,0.21800000000000003,31.74,14.3,16.46,30.77,24.18,23.9,68.0,0.111,20.0,29.41,12.0,17.65,0.427,0.0369999999999999,26.67,10.98,17.07,28.05,21.51,17.7,86.0,0.279,21.0,24.42,14.0,16.28,0.871,0.16199999999999998,28.47,11.82,17.87,29.68,20.11,22.34,145.0,0.185,50.0,34.48,20.0,13.79,0.611,0.118,37.97,16.01,17.43,33.44,22.96,29.94
746375,2024-06-22,2024,669720,R,650556,R,single,False,False,79.0,0.171,14.0,17.72,4.0,5.06,0.567,0.143,24.43,12.96,12.96,25.91,28.21,25.45,399.0,0.28,104.0,26.07,22.0,5.51,0.762,0.1589999999999999,29.22,13.77,18.52,32.29,31.55,22.92,76.0,0.13,32.0,42.11,6.0,7.89,0.443,0.10200000000000001,35.1,16.46,18.63,35.09,31.68,30.77,143.0,0.171,50.0,34.97,11.0,7.69,0.51,0.1,41.52,19.59,17.04,36.63,32.11,25.64
746375,2024-06-22,2024,683002,L,650556,R,field_out,False,False,235.0,0.285,52.0,22.13,24.0,10.21,1.004,0.35300000000000004,24.82,11.33,14.85,26.18,22.89,22.41,455.0,0.272,117.0,25.71,38.0,8.35,0.885,0.277,25.57,12.07,15.7,27.78,26.4,22.35,86.0,0.279,21.0,24.42,14.0,16.28,0.871,0.16199999999999998,28.47,11.82,17.87,29.68,20.11,22.34,145.0,0.185,50.0,34.48,20.0,13.79,0.611,0.118,37.97,16.01,17.43,33.44,22.96,29.94
746132,2024-06-23,2024,694384,L,607192,R,strikeout,True,False,223.0,0.228,39.0,17.49,19.0,8.52,0.653,0.12199999999999997,15.92,6.87,20.73,27.61,24.54,14.73,104.0,0.291,15.0,14.42,14.0,13.46,0.7569999999999999,0.0579999999999999,18.78,8.02,17.92,25.94,20.47,11.45,176.0,0.188,59.0,33.52,12.0,6.82,0.632,0.2,28.75,14.16,15.96,30.12,26.33,30.41,266.0,0.247,88.0,33.08,21.0,7.89,0.721,0.1689999999999999,34.59,16.73,17.12,33.85,30.97,28.03
746132,2024-06-23,2024,650859,L,607192,R,strikeout,True,False,185.0,0.28,25.0,13.51,11.0,5.95,0.706,0.09499999999999997,20.4,10.91,12.27,23.18,33.05,12.82,322.0,0.24,60.0,18.63,31.0,9.63,0.7270000000000001,0.166,24.18,11.79,13.87,25.66,28.19,14.39,176.0,0.188,59.0,33.52,12.0,6.82,0.632,0.2,28.75,14.16,15.96,30.12,26.33,30.41,266.0,0.247,88.0,33.08,21.0,7.89,0.721,0.1689999999999999,34.59,16.73,17.12,33.85,30.97,28.03
746132,2024-06-23,2024,621493,R,607192,R,field_out,False,False,250.0,0.209,60.0,24.0,29.0,11.6,0.692,0.18200000000000002,24.15,10.08,19.86,29.94,18.26,20.63,295.0,0.233,61.0,20.68,27.0,9.15,0.702,0.148,23.43,10.4,15.98,26.37,23.09,17.78,191.0,0.166,73.0,38.22,9.0,4.71,0.481,0.11000000000000001,32.5,16.03,17.53,33.56,30.29,32.16,219.0,0.164,74.0,33.79,16.0,7.31,0.492,0.1,36.45,17.61,16.8,34.41,28.81,25.69
746132,2024-06-23,2024,660271,L,668676,R,field_out,False,False,221.0,0.328,42.0,19.0,28.0,12.67,1.129,0.38099999999999995,28.61,13.7,13.36,27.07,29.6,17.0,429.0,0.327,99.0,23.08,64.0,14.92,1.132,0.3739999999999999,32.88,15.48,11.59,27.07,28.86,20.75,23.0,0.364,0.0,0.0,1.0,4.35,1.346,0.591,4.88,2.47,11.11,13.58,21.62,0.0,52.0,0.408,9.0,17.31,3.0,5.77,1.156,0.306,18.02,9.43,12.74,22.17,31.13,12.5
746132,2024-06-23,2024,669257,R,668676,R,strikeout,True,False,191.0,0.225,34.0,17.8,14.0,7.33,0.673,0.16,20.25,9.85,15.39,25.25,27.32,12.78,407.0,0.268,67.0,16.46,42.0,10.32,0.7949999999999999,0.1659999999999999,19.27,8.8,16.84,25.64,24.5,12.79,18.0,0.188,2.0,11.11,2.0,11.11,0.5900000000000001,0.124,25.81,11.43,20.0,31.43,7.14,10.0,53.0,0.34,5.0,9.43,2.0,3.77,0.8049999999999999,0.0999999999999999,21.11,11.73,16.05,27.78,34.29,16.67
746132,2024-06-23,2024,518692,L,668676,R,field_out,False,False,216.0,0.348,32.0,14.81,32.0,14.81,1.037,0.242,19.31,8.98,11.51,20.48,23.18,13.06,514.0,0.33,81.0,15.76,57.0,11.09,0.962,0.218,19.83,9.77,11.31,21.08,27.01,16.63,23.0,0.364,0.0,0.0,1.0,4.35,1.346,0.591,4.88,2.47,11.11,13.58,21.62,0.0,52.0,0.408,9.0,17.31,3.0,5.77,1.156,0.306,18.02,9.43,12.74,22.17,31.13,12.5
746132,2024-06-23,2024,641432,L,607192,R,field_out,False,False,124.0,0.274,17.0,13.71,6.0,4.84,0.6910000000000001,0.11099999999999999,13.82,6.45,17.42,23.87,24.68,15.04,139.0,0.256,15.0,10.79,13.0,9.35,0.756,0.176,14.22,5.56,19.54,25.1,21.32,10.83,176.0,0.188,59.0,33.52,12.0,6.82,0.632,0.2,28.75,14.16,15.96,30.12,26.33,30.41,266.0,0.247,88.0,33.08,21.0,7.89,0.721,0.1689999999999999,34.59,16.73,17.12,33.85,30.97,28.03
746132,2024-06-23,2024,681351,R,607192,R,field_out,False,False,189.0,0.286,47.0,24.87,11.0,5.82,0.8089999999999999,0.188,32.6,16.43,15.46,31.89,34.88,19.57,154.0,0.22,38.0,24.68,9.0,5.84,0.757,0.262,32.06,17.0,13.8,30.81,36.07,19.69,191.0,0.166,73.0,38.22,9.0,4.71,0.481,0.11000000000000001,32.5,16.03,17.53,33.56,30.29,32.16,219.0,0.164,74.0,33.79,16.0,7.31,0.492,0.1,36.45,17.61,16.8,34.41,28.81,25.69
746132,2024-06-23,2024,687263,R,607192,R,strikeout,True,False,225.0,0.213,56.0,24.89,12.0,5.33,0.674,0.19300000000000003,29.0,14.92,15.39,30.31,33.41,21.88,262.0,0.222,62.0,23.66,18.0,6.87,0.6599999999999999,0.1349999999999999,28.77,13.7,16.19,29.89,23.52,18.84,191.0,0.166,73.0,38.22,9.0,4.71,0.481,0.11000000000000001,32.5,16.03,17.53,33.56,30.29,32.16,219.0,0.164,74.0,33.79,16.0,7.31,0.492,0.1,36.45,17.61,16.8,34.41,28.81,25.69
746132,2024-06-23,2024,606192,R,668676,R,field_out,False,False,236.0,0.251,69.0,29.24,21.0,8.9,0.788,0.20900000000000002,34.52,17.85,12.82,30.67,29.6,20.85,529.0,0.249,164.0,31.0,33.0,6.24,0.718,0.1639999999999999,36.92,19.57,14.44,34.01,34.81,23.06,18.0,0.188,2.0,11.11,2.0,11.11,0.5900000000000001,0.124,25.81,11.43,20.0,31.43,7.14,10.0,53.0,0.34,5.0,9.43,2.0,3.77,0.8049999999999999,0.0999999999999999,21.11,11.73,16.05,27.78,34.29,16.67
746132,2024-06-23,2024,681624,R,668676,R,field_out,False,False,183.0,0.224,50.0,27.32,10.0,5.46,0.6679999999999999,0.158,27.08,14.48,12.67,27.16,32.4,20.41,,,,,,,,,,,,,,,18.0,0.188,2.0,11.11,2.0,11.11,0.5900000000000001,0.124,25.81,11.43,20.0,31.43,7.14,10.0,53.0,0.34,5.0,9.43,2.0,3.77,0.8049999999999999,0.0999999999999999,21.11,11.73,16.05,27.78,34.29,16.67
746132,2024-06-23,2024,518792,L,668676,R,walk,False,True,93.0,0.218,15.0,16.13,12.0,12.9,0.78,0.218,24.31,11.49,14.88,26.37,28.0,13.16,349.0,0.276,57.0,16.33,32.0,9.17,0.818,0.1949999999999999,20.45,9.51,16.77,26.27,27.56,15.45,23.0,0.364,0.0,0.0,1.0,4.35,1.346,0.591,4.88,2.47,11.11,13.58,21.62,0.0,52.0,0.408,9.0,17.31,3.0,5.77,1.156,0.306,18.02,9.43,12.74,22.17,31.13,12.5
746132,2024-06-23,2024,500743,R,668676,R,field_out,False,False,72.0,0.29,10.0,13.89,3.0,4.17,0.739,0.13,13.16,5.95,20.24,26.19,27.5,16.39,279.0,0.21,36.0,12.9,18.0,6.45,0.546,0.068,19.79,9.92,16.53,26.45,34.53,12.9,18.0,0.188,2.0,11.11,2.0,11.11,0.5900000000000001,0.124,25.81,11.43,20.0,31.43,7.14,10.0,53.0,0.34,5.0,9.43,2.0,3.77,0.8049999999999999,0.0999999999999999,21.11,11.73,16.05,27.78,34.29,16.67
746132,2024-06-23,2024,666160,L,607192,R,field_out,False,False,177.0,0.199,46.0,25.99,11.0,6.21,0.556,0.10799999999999998,27.64,15.45,12.22,27.67,36.54,18.78,259.0,0.293,93.0,35.91,7.0,2.7,0.8620000000000001,0.249,38.62,24.01,9.43,33.44,46.84,30.07,176.0,0.188,59.0,33.52,12.0,6.82,0.632,0.2,28.75,14.16,15.96,30.12,26.33,30.41,266.0,0.247,88.0,33.08,21.0,7.89,0.721,0.1689999999999999,34.59,16.73,17.12,33.85,30.97,28.03
746132,2024-06-23,2024,666176,R,607192,R,field_out,False,False,170.0,0.171,58.0,34.12,10.0,5.88,0.546,0.13799999999999998,30.99,15.32,14.6,29.91,30.77,23.67,43.0,0.205,18.0,41.86,4.0,9.3,0.7150000000000001,0.231,40.66,20.67,14.53,35.2,30.34,25.35,191.0,0.166,73.0,38.22,9.0,4.71,0.481,0.11000000000000001,32.5,16.03,17.53,33.56,30.29,32.16,219.0,0.164,74.0,33.79,16.0,7.31,0.492,0.1,36.45,17.61,16.8,34.41,28.81,25.69
746132,2024-06-23,2024,641645,L,607192,R,strikeout,True,False,82.0,0.274,14.0,17.07,8.0,9.76,0.7250000000000001,0.10999999999999999,19.58,8.41,18.62,27.03,24.85,14.74,96.0,0.218,19.0,19.79,8.0,8.33,0.591,0.092,15.23,6.02,21.47,27.49,22.05,19.79,176.0,0.188,59.0,33.52,12.0,6.82,0.632,0.2,28.75,14.16,15.96,30.12,26.33,30.41,266.0,0.247,88.0,33.08,21.0,7.89,0.721,0.1689999999999999,34.59,16.73,17.12,33.85,30.97,28.03
746132,2024-06-23,2024,666158,L,668676,R,home_run,False,False,191.0,0.225,42.0,21.99,12.0,6.28,0.5940000000000001,0.095,19.1,8.64,18.89,27.53,21.51,19.18,,,,,,,,,,,,,,,23.0,0.364,0.0,0.0,1.0,4.35,1.346,0.591,4.88,2.47,11.11,13.58,21.62,0.0,52.0,0.408,9.0,17.31,3.0,5.77,1.156,0.306,18.02,9.43,12.74,22.17,31.13,12.5
746132,2024-06-23,2024,624415,L,668676,R,single,False,False,136.0,0.196,43.0,31.62,14.0,10.29,0.614,0.08999999999999997,23.36,8.76,24.34,33.1,18.8,22.4,286.0,0.223,69.0,24.13,36.0,12.59,0.7090000000000001,0.149,23.33,9.24,21.47,30.71,15.66,18.6,23.0,0.364,0.0,0.0,1.0,4.35,1.346,0.591,4.88,2.47,11.11,13.58,21.62,0.0,52.0,0.408,9.0,17.31,3.0,5.77,1.156,0.306,18.02,9.43,12.74,22.17,31.13,12.5
746132,2024-06-23,2024,660271,L,668676,R,home_run,False,False,221.0,0.328,42.0,19.0,28.0,12.67,1.129,0.38099999999999995,28.61,13.7,13.36,27.07,29.6,17.0,429.0,0.327,99.0,23.08,64.0,14.92,1.132,0.3739999999999999,32.88,15.48,11.59,27.07,28.86,20.75,23.0,0.364,0.0,0.0,1.0,4.35,1.346,0.591,4.88,2.47,11.11,13.58,21.62,0.0,52.0,0.408,9.0,17.31,3.0,5.77,1.156,0.306,18.02,9.43,12.74,22.17,31.13,12.5
746132,2024-06-23,2024,669257,R,668676,R,field_out,False,False,191.0,0.225,34.0,17.8,14.0,7.33,0.673,0.16,20.25,9.85,15.39,25.25,27.32,12.78,407.0,0.268,67.0,16.46,42.0,10.32,0.7949999999999999,0.1659999999999999,19.27,8.8,16.84,25.64,24.5,12.79,18.0,0.188,2.0,11.11,2.0,11.11,0.5900000000000001,0.124,25.81,11.43,20.0,31.43,7.14,10.0,53.0,0.34,5.0,9.43,2.0,3.77,0.8049999999999999,0.0999999999999999,21.11,11.73,16.05,27.78,34.29,16.67
746132,2024-06-23,2024,518692,L,668676,R,double,False,False,216.0,0.348,32.0,14.81,32.0,14.81,1.037,0.242,19.31,8.98,11.51,20.48,23.18,13.06,514.0,0.33,81.0,15.76,57.0,11.09,0.962,0.218,19.83,9.77,11.31,21.08,27.01,16.63,23.0,0.364,0.0,0.0,1.0,4.35,1.346,0.591,4.88,2.47,11.11,13.58,21.62,0.0,52.0,0.408,9.0,17.31,3.0,5.77,1.156,0.306,18.02,9.43,12.74,22.17,31.13,12.5
746132,2024-06-23,2024,606192,R,668676,R,field_out,False,False,236.0,0.251,69.0,29.24,21.0,8.9,0.788,0.20900000000000002,34.52,17.85,12.82,30.67,29.6,20.85,529.0,0.249,164.0,31.0,33.0,6.24,0.718,0.1639999999999999,36.92,19.57,14.44,34.01,34.81,23.06,18.0,0.188,2.0,11.11,2.0,11.11,0.5900000000000001,0.124,25.81,11.43,20.0,31.43,7.14,10.0,53.0,0.34,5.0,9.43,2.0,3.77,0.8049999999999999,0.0999999999999999,21.11,11.73,16.05,27.78,34.29,16.67
746132,2024-06-23,2024,681624,R,668676,R,double,False,False,183.0,0.224,50.0,27.32,10.0,5.46,0.6679999999999999,0.158,27.08,14.48,12.67,27.16,32.4,20.41,,,,,,,,,,,,,,,18.0,0.188,2.0,11.11,2.0,11.11,0.5900000000000001,0.124,25.81,11.43,20.0,31.43,7.14,10.0,53.0,0.34,5.0,9.43,2.0,3.77,0.8049999999999999,0.0999999999999999,21.11,11.73,16.05,27.78,34.29,16.67
746132,2024-06-23,2024,518792,L,668676,R,field_out,False,False,93.0,0.218,15.0,16.13,12.0,12.9,0.78,0.218,24.31,11.49,14.88,26.37,28.0,13.16,349.0,0.276,57.0,16.33,32.0,9.17,0.818,0.1949999999999999,20.45,9.51,16.77,26.27,27.56,15.45,23.0,0.364,0.0,0.0,1.0,4.35,1.346,0.591,4.88,2.47,11.11,13.58,21.62,0.0,52.0,0.408,9.0,17.31,3.0,5.77,1.156,0.306,18.02,9.43,12.74,22.17,31.13,12.5
746132,2024-06-23,2024,694384,L,607192,R,catcher_interf,False,False,223.0,0.228,39.0,17.49,19.0,8.52,0.653,0.12199999999999997,15.92,6.87,20.73,27.61,24.54,14.73,104.0,0.291,15.0,14.42,14.0,13.46,0.7569999999999999,0.0579999999999999,18.78,8.02,17.92,25.94,20.47,11.45,176.0,0.188,59.0,33.52,12.0,6.82,0.632,0.2,28.75,14.16,15.96,30.12,26.33,30.41,266.0,0.247,88.0,33.08,21.0,7.89,0.721,0.1689999999999999,34.59,16.73,17.12,33.85,30.97,28.03
746132,2024-06-23,2024,650859,L,607192,R,strikeout,True,False,185.0,0.28,25.0,13.51,11.0,5.95,0.706,0.09499999999999997,20.4,10.91,12.27,23.18,33.05,12.82,322.0,0.24,60.0,18.63,31.0,9.63,0.7270000000000001,0.166,24.18,11.79,13.87,25.66,28.19,14.39,176.0,0.188,59.0,33.52,12.0,6.82,0.632,0.2,28.75,14.16,15.96,30.12,26.33,30.41,266.0,0.247,88.0,33.08,21.0,7.89,0.721,0.1689999999999999,34.59,16.73,17.12,33.85,30.97,28.03
746132,2024-06-23,2024,621493,R,607192,R,double,False,False,250.0,0.209,60.0,24.0,29.0,11.6,0.692,0.18200000000000002,24.15,10.08,19.86,29.94,18.26,20.63,295.0,0.233,61.0,20.68,27.0,9.15,0.702,0.148,23.43,10.4,15.98,26.37,23.09,17.78,191.0,0.166,73.0,38.22,9.0,4.71,0.481,0.11000000000000001,32.5,16.03,17.53,33.56,30.29,32.16,219.0,0.164,74.0,33.79,16.0,7.31,0.492,0.1,36.45,17.61,16.8,34.41,28.81,25.69
746132,2024-06-23,2024,641432,L,607192,R,field_out,False,False,124.0,0.274,17.0,13.71,6.0,4.84,0.6910000000000001,0.11099999999999999,13.82,6.45,17.42,23.87,24.68,15.04,139.0,0.256,15.0,10.79,13.0,9.35,0.756,0.176,14.22,5.56,19.54,25.1,21.32,10.83,176.0,0.188,59.0,33.52,12.0,6.82,0.632,0.2,28.75,14.16,15.96,30.12,26.33,30.41,266.0,0.247,88.0,33.08,21.0,7.89,0.721,0.1689999999999999,34.59,16.73,17.12,33.85,30.97,28.03
746132,2024-06-23,2024,681351,R,607192,R,strikeout,True,False,189.0,0.286,47.0,24.87,11.0,5.82,0.8089999999999999,0.188,32.6,16.43,15.46,31.89,34.88,19.57,154.0,0.22,38.0,24.68,9.0,5.84,0.757,0.262,32.06,17.0,13.8,30.81,36.07,19.69,191.0,0.166,73.0,38.22,9.0,4.71,0.481,0.11000000000000001,32.5,16.03,17.53,33.56,30.29,32.16,219.0,0.164,74.0,33.79,16.0,7.31,0.492,0.1,36.45,17.61,16.8,34.41,28.81,25.69
746132,2024-06-23,2024,500743,R,668676,R,single,False,False,72.0,0.29,10.0,13.89,3.0,4.17,0.739,0.13,13.16,5.95,20.24,26.19,27.5,16.39,279.0,0.21,36.0,12.9,18.0,6.45,0.546,0.068,19.79,9.92,16.53,26.45,34.53,12.9,18.0,0.188,2.0,11.11,2.0,11.11,0.5900000000000001,0.124,25.81,11.43,20.0,31.43,7.14,10.0,53.0,0.34,5.0,9.43,2.0,3.77,0.8049999999999999,0.0999999999999999,21.11,11.73,16.05,27.78,34.29,16.67
746132,2024-06-23,2024,666158,L,668676,R,field_out,False,False,191.0,0.225,42.0,21.99,12.0,6.28,0.5940000000000001,0.095,19.1,8.64,18.89,27.53,21.51,19.18,,,,,,,,,,,,,,,23.0,0.364,0.0,0.0,1.0,4.35,1.346,0.591,4.88,2.47,11.11,13.58,21.62,0.0,52.0,0.408,9.0,17.31,3.0,5.77,1.156,0.306,18.02,9.43,12.74,22.17,31.13,12.5
746132,2024-06-23,2024,624415,L,668676,R,single,False,False,136.0,0.196,43.0,31.62,14.0,10.29,0.614,0.08999999999999997,23.36,8.76,24.34,33.1,18.8,22.4,286.0,0.223,69.0,24.13,36.0,12.59,0.7090000000000001,0.149,23.33,9.24,21.47,30.71,15.66,18.6,23.0,0.364,0.0,0.0,1.0,4.35,1.346,0.591,4.88,2.47,11.11,13.58,21.62,0.0,52.0,0.408,9.0,17.31,3.0,5.77,1.156,0.306,18.02,9.43,12.74,22.17,31.13,12.5
746132,2024-06-23,2024,660271,L,608334,R,walk,False,True,221.0,0.328,42.0,19.0,28.0,12.67,1.129,0.38099999999999995,28.61,13.7,13.36,27.07,29.6,17.0,429.0,0.327,99.0,23.08,64.0,14.92,1.132,0.3739999999999999,32.88,15.48,11.59,27.07,28.86,20.75,73.0,0.23,10.0,13.7,9.0,12.33,0.801,0.229,24.35,10.45,15.67,26.12,27.03,15.62,22.0,0.15,5.0,22.73,1.0,4.55,0.527,0.15,25.58,12.22,16.67,28.89,26.19,17.86
746132,2024-06-23,2024,669257,R,608334,R,walk,False,True,191.0,0.225,34.0,17.8,14.0,7.33,0.673,0.16,20.25,9.85,15.39,25.25,27.32,12.78,407.0,0.268,67.0,16.46,42.0,10.32,0.7949999999999999,0.1659999999999999,19.27,8.8,16.84,25.64,24.5,12.79,76.0,0.222,22.0,28.95,12.0,15.79,0.704,0.12699999999999997,27.08,12.23,15.67,27.9,32.76,22.45,17.0,0.214,1.0,5.88,3.0,17.65,0.782,0.215,12.5,4.48,17.91,22.39,14.71,9.09
746132,2024-06-23,2024,518692,L,608334,R,sac_fly,False,False,216.0,0.348,32.0,14.81,32.0,14.81,1.037,0.242,19.31,8.98,11.51,20.48,23.18,13.06,514.0,0.33,81.0,15.76,57.0,11.09,0.962,0.218,19.83,9.77,11.31,21.08,27.01,16.63,73.0,0.23,10.0,13.7,9.0,12.33,0.801,0.229,24.35,10.45,15.67,26.12,27.03,15.62,22.0,0.15,5.0,22.73,1.0,4.55,0.527,0.15,25.58,12.22,16.67,28.89,26.19,17.86
746132,2024-06-23,2024,606192,R,608334,R,strikeout,True,False,236.0,0.251,69.0,29.24,21.0,8.9,0.788,0.20900000000000002,34.52,17.85,12.82,30.67,29.6,20.85,529.0,0.249,164.0,31.0,33.0,6.24,0.718,0.1639999999999999,36.92,19.57,14.44,34.01,34.81,23.06,76.0,0.222,22.0,28.95,12.0,15.79,0.704,0.12699999999999997,27.08,12.23,15.67,27.9,32.76,22.45,17.0,0.214,1.0,5.88,3.0,17.65,0.782,0.215,12.5,4.48,17.91,22.39,14.71,9.09
746132,2024-06-23,2024,683021,R,607192,R,field_out,False,False,24.0,0.15,2.0,8.33,2.0,8.33,0.461,0.05000000000000002,2.86,1.11,27.78,28.89,11.76,7.69,52.0,0.348,7.0,13.46,5.0,9.62,0.836,0.065,6.58,2.6,20.83,23.44,14.58,14.89,191.0,0.166,73.0,38.22,9.0,4.71,0.481,0.11000000000000001,32.5,16.03,17.53,33.56,30.29,32.16,219.0,0.164,74.0,33.79,16.0,7.31,0.492,0.1,36.45,17.61,16.8,34.41,28.81,25.69
746132,2024-06-23,2024,666160,L,607192,R,strikeout,True,False,177.0,0.199,46.0,25.99,11.0,6.21,0.556,0.10799999999999998,27.64,15.45,12.22,27.67,36.54,18.78,259.0,0.293,93.0,35.91,7.0,2.7,0.8620000000000001,0.249,38.62,24.01,9.43,33.44,46.84,30.07,176.0,0.188,59.0,33.52,12.0,6.82,0.632,0.2,28.75,14.16,15.96,30.12,26.33,30.41,266.0,0.247,88.0,33.08,21.0,7.89,0.721,0.1689999999999999,34.59,16.73,17.12,33.85,30.97,28.03
746132,2024-06-23,2024,666176,R,607192,R,field_out,False,False,170.0,0.171,58.0,34.12,10.0,5.88,0.546,0.13799999999999998,30.99,15.32,14.6,29.91,30.77,23.67,43.0,0.205,18.0,41.86,4.0,9.3,0.7150000000000001,0.231,40.66,20.67,14.53,35.2,30.34,25.35,191.0,0.166,73.0,38.22,9.0,4.71,0.481,0.11000000000000001,32.5,16.03,17.53,33.56,30.29,32.16,219.0,0.164,74.0,33.79,16.0,7.31,0.492,0.1,36.45,17.61,16.8,34.41,28.81,25.69
746132,2024-06-23,2024,681624,R,608334,R,field_out,False,False,183.0,0.224,50.0,27.32,10.0,5.46,0.6679999999999999,0.158,27.08,14.48,12.67,27.16,32.4,20.41,,,,,,,,,,,,,,,76.0,0.222,22.0,28.95,12.0,15.79,0.704,0.12699999999999997,27.08,12.23,15.67,27.9,32.76,22.45,17.0,0.214,1.0,5.88,3.0,17.65,0.782,0.215,12.5,4.48,17.91,22.39,14.71,9.09
746132,2024-06-23,2024,518792,L,608334,R,field_out,False,False,93.0,0.218,15.0,16.13,12.0,12.9,0.78,0.218,24.31,11.49,14.88,26.37,28.0,13.16,349.0,0.276,57.0,16.33,32.0,9.17,0.818,0.1949999999999999,20.45,9.51,16.77,26.27,27.56,15.45,73.0,0.23,10.0,13.7,9.0,12.33,0.801,0.229,24.35,10.45,15.67,26.12,27.03,15.62,22.0,0.15,5.0,22.73,1.0,4.55,0.527,0.15,25.58,12.22,16.67,28.89,26.19,17.86
746132,2024-06-23,2024,500743,R,608334,R,double,False,False,72.0,0.29,10.0,13.89,3.0,4.17,0.739,0.13,13.16,5.95,20.24,26.19,27.5,16.39,279.0,0.21,36.0,12.9,18.0,6.45,0.546,0.068,19.79,9.92,16.53,26.45,34.53,12.9,76.0,0.222,22.0,28.95,12.0,15.79,0.704,0.12699999999999997,27.08,12.23,15.67,27.9,32.76,22.45,17.0,0.214,1.0,5.88,3.0,17.65,0.782,0.215,12.5,4.48,17.91,22.39,14.71,9.09
746132,2024-06-23,2024,666158,L,608334,R,single,False,False,191.0,0.225,42.0,21.99,12.0,6.28,0.5940000000000001,0.095,19.1,8.64,18.89,27.53,21.51,19.18,,,,,,,,,,,,,,,73.0,0.23,10.0,13.7,9.0,12.33,0.801,0.229,24.35,10.45,15.67,26.12,27.03,15.62,22.0,0.15,5.0,22.73,1.0,4.55,0.527,0.15,25.58,12.22,16.67,28.89,26.19,17.86
746132,2024-06-23,2024,624415,L,608334,R,strikeout,True,False,136.0,0.196,43.0,31.62,14.0,10.29,0.614,0.08999999999999997,23.36,8.76,24.34,33.1,18.8,22.4,286.0,0.223,69.0,24.13,36.0,12.59,0.7090000000000001,0.149,23.33,9.24,21.47,30.71,15.66,18.6,73.0,0.23,10.0,13.7,9.0,12.33,0.801,0.229,24.35,10.45,15.67,26.12,27.03,15.62,22.0,0.15,5.0,22.73,1.0,4.55,0.527,0.15,25.58,12.22,16.67,28.89,26.19,17.86
746132,2024-06-23,2024,641645,L,607192,R,field_out,False,False,82.0,0.274,14.0,17.07,8.0,9.76,0.7250000000000001,0.10999999999999999,19.58,8.41,18.62,27.03,24.85,14.74,96.0,0.218,19.0,19.79,8.0,8.33,0.591,0.092,15.23,6.02,21.47,27.49,22.05,19.79,176.0,0.188,59.0,33.52,12.0,6.82,0.632,0.2,28.75,14.16,15.96,30.12,26.33,30.41,266.0,0.247,88.0,33.08,21.0,7.89,0.721,0.1689999999999999,34.59,16.73,17.12,33.85,30.97,28.03
746132,2024-06-23,2024,694384,L,607192,R,strikeout,True,False,223.0,0.228,39.0,17.49,19.0,8.52,0.653,0.12199999999999997,15.92,6.87,20.73,27.61,24.54,14.73,104.0,0.291,15.0,14.42,14.0,13.46,0.7569999999999999,0.0579999999999999,18.78,8.02,17.92,25.94,20.47,11.45,176.0,0.188,59.0,33.52,12.0,6.82,0.632,0.2,28.75,14.16,15.96,30.12,26.33,30.41,266.0,0.247,88.0,33.08,21.0,7.89,0.721,0.1689999999999999,34.59,16.73,17.12,33.85,30.97,28.03
746132,2024-06-23,2024,650859,L,607192,R,field_out,False,False,185.0,0.28,25.0,13.51,11.0,5.95,0.706,0.09499999999999997,20.4,10.91,12.27,23.18,33.05,12.82,322.0,0.24,60.0,18.63,31.0,9.63,0.7270000000000001,0.166,24.18,11.79,13.87,25.66,28.19,14.39,176.0,0.188,59.0,33.52,12.0,6.82,0.632,0.2,28.75,14.16,15.96,30.12,26.33,30.41,266.0,0.247,88.0,33.08,21.0,7.89,0.721,0.1689999999999999,34.59,16.73,17.12,33.85,30.97,28.03
746132,2024-06-23,2024,660271,L,668968,R,field_out,False,False,221.0,0.328,42.0,19.0,28.0,12.67,1.129,0.38099999999999995,28.61,13.7,13.36,27.07,29.6,17.0,429.0,0.327,99.0,23.08,64.0,14.92,1.132,0.3739999999999999,32.88,15.48,11.59,27.07,28.86,20.75,2.0,0.0,1.0,50.0,0.0,0.0,0.0,0.0,50.0,25.0,8.33,33.33,37.5,25.0,,,,,,,,,,,,,,
746132,2024-06-23,2024,669257,R,668968,R,strikeout,True,False,191.0,0.225,34.0,17.8,14.0,7.33,0.673,0.16,20.25,9.85,15.39,25.25,27.32,12.78,407.0,0.268,67.0,16.46,42.0,10.32,0.7949999999999999,0.1659999999999999,19.27,8.8,16.84,25.64,24.5,12.79,1.0,0.0,1.0,100.0,0.0,0.0,0.0,0.0,100.0,33.33,66.67,100.0,100.0,100.0,,,,,,,,,,,,,,
746132,2024-06-23,2024,518692,L,668968,R,strikeout,True,False,216.0,0.348,32.0,14.81,32.0,14.81,1.037,0.242,19.31,8.98,11.51,20.48,23.18,13.06,514.0,0.33,81.0,15.76,57.0,11.09,0.962,0.218,19.83,9.77,11.31,21.08,27.01,16.63,2.0,0.0,1.0,50.0,0.0,0.0,0.0,0.0,50.0,25.0,8.33,33.33,37.5,25.0,,,,,,,,,,,,,,
746132,2024-06-23,2024,621493,R,607192,R,strikeout,True,False,250.0,0.209,60.0,24.0,29.0,11.6,0.692,0.18200000000000002,24.15,10.08,19.86,29.94,18.26,20.63,295.0,0.233,61.0,20.68,27.0,9.15,0.702,0.148,23.43,10.4,15.98,26.37,23.09,17.78,191.0,0.166,73.0,38.22,9.0,4.71,0.481,0.11000000000000001,32.5,16.03,17.53,33.56,30.29,32.16,219.0,0.164,74.0,33.79,16.0,7.31,0.492,0.1,36.45,17.61,16.8,34.41,28.81,25.69
746132,2024-06-23,2024,641432,L,607192,R,strikeout,True,False,124.0,0.274,17.0,13.71,6.0,4.84,0.6910000000000001,0.11099999999999999,13.82,6.45,17.42,23.87,24.68,15.04,139.0,0.256,15.0,10.79,13.0,9.35,0.756,0.176,14.22,5.56,19.54,25.1,21.32,10.83,176.0,0.188,59.0,33.52,12.0,6.82,0.632,0.2,28.75,14.16,15.96,30.12,26.33,30.41,266.0,0.247,88.0,33.08,21.0,7.89,0.721,0.1689999999999999,34.59,16.73,17.12,33.85,30.97,28.03
746132,2024-06-23,2024,681351,R,607192,R,home_run,False,False,189.0,0.286,47.0,24.87,11.0,5.82,0.8089999999999999,0.188,32.6,16.43,15.46,31.89,34.88,19.57,154.0,0.22,38.0,24.68,9.0,5.84,0.757,0.262,32.06,17.0,13.8,30.81,36.07,19.69,191.0,0.166,73.0,38.22,9.0,4.71,0.481,0.11000000000000001,32.5,16.03,17.53,33.56,30.29,32.16,219.0,0.164,74.0,33.79,16.0,7.31,0.492,0.1,36.45,17.61,16.8,34.41,28.81,25.69
746132,2024-06-23,2024,683021,R,607192,R,field_out,False,False,24.0,0.15,2.0,8.33,2.0,8.33,0.461,0.05000000000000002,2.86,1.11,27.78,28.89,11.76,7.69,52.0,0.348,7.0,13.46,5.0,9.62,0.836,0.065,6.58,2.6,20.83,23.44,14.58,14.89,191.0,0.166,73.0,38.22,9.0,4.71,0.481,0.11000000000000001,32.5,16.03,17.53,33.56,30.29,32.16,219.0,0.164,74.0,33.79,16.0,7.31,0.492,0.1,36.45,17.61,16.8,34.41,28.81,25.69
746132,2024-06-23,2024,606192,R,665896,R,field_out,False,False,236.0,0.251,69.0,29.24,21.0,8.9,0.788,0.20900000000000002,34.52,17.85,12.82,30.67,29.6,20.85,529.0,0.249,164.0,31.0,33.0,6.24,0.718,0.1639999999999999,36.92,19.57,14.44,34.01,34.81,23.06,9.0,0.0,2.0,22.22,2.0,22.22,0.222,0.0,23.08,7.69,23.08,30.77,28.0,18.18,26.0,0.318,4.0,15.38,3.0,11.54,1.0670000000000002,0.364,18.6,8.79,13.19,21.98,23.91,16.67
746132,2024-06-23,2024,681624,R,665896,R,field_out,False,False,183.0,0.224,50.0,27.32,10.0,5.46,0.6679999999999999,0.158,27.08,14.48,12.67,27.16,32.4,20.41,,,,,,,,,,,,,,,9.0,0.0,2.0,22.22,2.0,22.22,0.222,0.0,23.08,7.69,23.08,30.77,28.0,18.18,26.0,0.318,4.0,15.38,3.0,11.54,1.0670000000000002,0.364,18.6,8.79,13.19,21.98,23.91,16.67
746132,2024-06-23,2024,518792,L,665896,R,walk,False,True,93.0,0.218,15.0,16.13,12.0,12.9,0.78,0.218,24.31,11.49,14.88,26.37,28.0,13.16,349.0,0.276,57.0,16.33,32.0,9.17,0.818,0.1949999999999999,20.45,9.51,16.77,26.27,27.56,15.45,6.0,0.0,0.0,0.0,1.0,16.67,0.167,0.0,0.0,0.0,15.79,15.79,0.0,0.0,22.0,0.412,3.0,13.64,4.0,18.18,1.147,0.235,28.12,10.98,14.63,25.61,19.15,20.0
746132,2024-06-23,2024,500743,R,665896,R,strikeout,True,False,72.0,0.29,10.0,13.89,3.0,4.17,0.739,0.13,13.16,5.95,20.24,26.19,27.5,16.39,279.0,0.21,36.0,12.9,18.0,6.45,0.546,0.068,19.79,9.92,16.53,26.45,34.53,12.9,9.0,0.0,2.0,22.22,2.0,22.22,0.222,0.0,23.08,7.69,23.08,30.77,28.0,18.18,26.0,0.318,4.0,15.38,3.0,11.54,1.0670000000000002,0.364,18.6,8.79,13.19,21.98,23.91,16.67
746132,2024-06-23,2024,666160,L,681911,L,single,False,False,12.0,0.083,5.0,41.67,0.0,0.0,0.166,0.0,28.0,16.67,19.05,35.71,52.38,31.25,65.0,0.222,21.0,32.31,2.0,3.08,0.548,0.0799999999999999,40.0,23.18,12.45,35.62,46.28,37.5,47.0,0.143,10.0,21.28,3.0,6.38,0.503,0.143,23.26,11.17,15.64,26.82,24.1,15.38,93.0,0.279,31.0,33.33,6.0,6.45,0.7170000000000001,0.1049999999999999,35.26,18.31,12.57,30.87,30.39,26.27
746132,2024-06-23,2024,666176,R,681911,L,field_out,False,False,58.0,0.222,12.0,20.69,4.0,6.9,0.906,0.40800000000000003,35.16,18.07,9.64,27.71,29.93,14.63,19.0,0.211,7.0,36.84,0.0,0.0,0.6849999999999999,0.263,34.09,18.29,13.41,31.71,34.21,21.88,79.0,0.092,34.0,43.04,12.0,15.19,0.43100000000000005,0.10800000000000001,36.47,17.61,14.2,31.82,30.56,30.09,124.0,0.25,33.0,26.61,11.0,8.87,0.761,0.188,26.34,12.8,14.4,27.2,26.36,20.75
746132,2024-06-23,2024,641645,L,681911,L,field_out,False,False,8.0,0.125,3.0,37.5,0.0,0.0,0.25,0.0,27.78,12.2,21.95,34.15,33.33,16.67,24.0,0.25,9.0,37.5,2.0,8.33,0.718,0.15,25.0,11.88,19.8,31.68,27.66,26.47,47.0,0.143,10.0,21.28,3.0,6.38,0.503,0.143,23.26,11.17,15.64,26.82,24.1,15.38,93.0,0.279,31.0,33.33,6.0,6.45,0.7170000000000001,0.1049999999999999,35.26,18.31,12.57,30.87,30.39,26.27
746132,2024-06-23,2024,694384,L,681911,L,strikeout,True,False,57.0,0.2,9.0,15.79,7.0,12.28,0.642,0.133,11.25,4.23,21.6,25.82,15.53,15.25,29.0,0.217,4.0,13.79,6.0,20.69,0.64,0.044,12.5,4.55,21.82,26.36,21.05,15.38,47.0,0.143,10.0,21.28,3.0,6.38,0.503,0.143,23.26,11.17,15.64,26.82,24.1,15.38,93.0,0.279,31.0,33.33,6.0,6.45,0.7170000000000001,0.1049999999999999,35.26,18.31,12.57,30.87,30.39,26.27
746132,2024-06-23,2024,666158,L,672710,R,field_out,False,False,191.0,0.225,42.0,21.99,12.0,6.28,0.5940000000000001,0.095,19.1,8.64,18.89,27.53,21.51,19.18,,,,,,,,,,,,,,,54.0,0.24,9.0,16.67,4.0,7.41,0.5760000000000001,0.040000000000000036,21.11,9.27,16.59,25.85,26.21,17.65,142.0,0.302,17.0,11.97,13.0,9.15,0.893,0.222,20.48,9.98,15.26,25.24,29.01,11.68
746132,2024-06-23,2024,624415,L,672710,R,strikeout,True,False,136.0,0.196,43.0,31.62,14.0,10.29,0.614,0.08999999999999997,23.36,8.76,24.34,33.1,18.8,22.4,286.0,0.223,69.0,24.13,36.0,12.59,0.7090000000000001,0.149,23.33,9.24,21.47,30.71,15.66,18.6,54.0,0.24,9.0,16.67,4.0,7.41,0.5760000000000001,0.040000000000000036,21.11,9.27,16.59,25.85,26.21,17.65,142.0,0.302,17.0,11.97,13.0,9.15,0.893,0.222,20.48,9.98,15.26,25.24,29.01,11.68
746132,2024-06-23,2024,660271,L,672710,R,field_out,False,False,221.0,0.328,42.0,19.0,28.0,12.67,1.129,0.38099999999999995,28.61,13.7,13.36,27.07,29.6,17.0,429.0,0.327,99.0,23.08,64.0,14.92,1.132,0.3739999999999999,32.88,15.48,11.59,27.07,28.86,20.75,54.0,0.24,9.0,16.67,4.0,7.41,0.5760000000000001,0.040000000000000036,21.11,9.27,16.59,25.85,26.21,17.65,142.0,0.302,17.0,11.97,13.0,9.15,0.893,0.222,20.48,9.98,15.26,25.24,29.01,11.68
746132,2024-06-23,2024,650859,L,656848,R,field_out,False,False,185.0,0.28,25.0,13.51,11.0,5.95,0.706,0.09499999999999997,20.4,10.91,12.27,23.18,33.05,12.82,322.0,0.24,60.0,18.63,31.0,9.63,0.7270000000000001,0.166,24.18,11.79,13.87,25.66,28.19,14.39,4.0,0.0,0.0,0.0,1.0,25.0,0.25,0.0,25.0,14.29,14.29,28.57,50.0,0.0,,,,,,,,,,,,,,
746132,2024-06-23,2024,621493,R,656848,R,strikeout,True,False,250.0,0.209,60.0,24.0,29.0,11.6,0.692,0.18200000000000002,24.15,10.08,19.86,29.94,18.26,20.63,295.0,0.233,61.0,20.68,27.0,9.15,0.702,0.148,23.43,10.4,15.98,26.37,23.09,17.78,6.0,0.167,3.0,50.0,0.0,0.0,0.334,0.0,50.0,24.0,16.0,40.0,27.27,30.0,,,,,,,,,,,,,,
746132,2024-06-23,2024,641432,L,656848,R,field_out,False,False,124.0,0.274,17.0,13.71,6.0,4.84,0.6910000000000001,0.11099999999999999,13.82,6.45,17.42,23.87,24.68,15.04,139.0,0.256,15.0,10.79,13.0,9.35,0.756,0.176,14.22,5.56,19.54,25.1,21.32,10.83,4.0,0.0,0.0,0.0,1.0,25.0,0.25,0.0,25.0,14.29,14.29,28.57,50.0,0.0,,,,,,,,,,,,,,
745165,2024-06-23,2024,689172,L,543243,R,strikeout,True,False,74.0,0.246,14.0,18.92,4.0,5.41,0.617,0.08700000000000002,19.08,9.16,18.68,27.84,33.33,17.72,106.0,0.155,30.0,28.3,8.0,7.55,0.4639999999999999,0.092,28.32,14.65,14.19,28.83,32.6,19.86,140.0,0.246,42.0,30.0,13.0,9.29,0.702,0.135,27.45,12.64,17.87,30.51,26.39,26.58,359.0,0.233,81.0,22.56,28.0,7.8,0.638,0.104,23.05,10.71,17.5,28.21,27.41,21.33
745165,2024-06-23,2024,671218,R,543243,R,strikeout,True,False,128.0,0.267,41.0,32.03,8.0,6.25,0.729,0.14999999999999997,33.19,15.37,16.77,32.14,27.86,28.87,14.0,0.154,4.0,28.57,1.0,7.14,0.368,0.0,30.43,14.58,18.75,33.33,26.09,50.0,163.0,0.166,53.0,32.52,9.0,5.52,0.489,0.11200000000000002,29.56,14.89,18.38,33.27,31.97,37.86,396.0,0.22,102.0,25.76,27.0,6.82,0.5800000000000001,0.0829999999999999,28.79,13.92,15.72,29.65,29.23,22.8
745165,2024-06-23,2024,672275,L,543243,R,field_out,False,False,158.0,0.296,27.0,17.09,19.0,12.03,0.8280000000000001,0.15600000000000003,20.6,9.64,14.15,23.79,25.39,15.0,240.0,0.203,70.0,29.17,13.0,5.42,0.5569999999999999,0.0989999999999999,26.61,12.88,17.55,30.43,28.93,23.81,140.0,0.246,42.0,30.0,13.0,9.29,0.702,0.135,27.45,12.64,17.87,30.51,26.39,26.58,359.0,0.233,81.0,22.56,28.0,7.8,0.638,0.104,23.05,10.71,17.5,28.21,27.41,21.33
745165,2024-06-23,2024,691026,R,657277,R,double,False,False,170.0,0.322,27.0,15.88,12.0,7.06,0.7709999999999999,0.08599999999999997,15.29,7.14,18.57,25.71,29.39,12.39,100.0,0.161,19.0,19.0,9.0,9.0,0.478,0.0799999999999999,21.56,9.11,22.03,31.14,24.87,14.88,199.0,0.254,33.0,16.58,7.0,3.52,0.609,0.069,15.96,6.94,21.34,28.27,27.23,14.41,421.0,0.268,90.0,21.38,16.0,3.8,0.712,0.1429999999999999,20.51,9.76,20.8,30.55,33.33,18.67
745165,2024-06-23,2024,676475,L,657277,R,single,False,False,177.0,0.311,27.0,15.25,8.0,4.52,0.865,0.20400000000000001,19.66,11.15,11.78,22.93,34.19,15.61,318.0,0.243,39.0,12.26,21.0,6.6,0.698,0.156,17.66,9.16,14.01,23.17,33.05,13.13,207.0,0.258,50.0,24.15,14.0,6.76,0.6739999999999999,0.10999999999999999,21.31,9.77,19.3,29.07,32.87,20.0,429.0,0.228,104.0,24.24,15.0,3.5,0.5960000000000001,0.109,21.2,9.96,20.05,30.01,31.36,21.62
745165,2024-06-23,2024,502671,R,657277,R,strikeout,True,False,236.0,0.214,76.0,32.2,19.0,8.05,0.648,0.153,29.58,14.09,18.55,32.64,30.52,20.5,518.0,0.259,120.0,23.17,67.0,12.93,0.8049999999999999,0.187,27.85,12.3,17.85,30.16,25.85,17.44,199.0,0.254,33.0,16.58,7.0,3.52,0.609,0.069,15.96,6.94,21.34,28.27,27.23,14.41,421.0,0.268,90.0,21.38,16.0,3.8,0.712,0.1429999999999999,20.51,9.76,20.8,30.55,33.33,18.67
745165,2024-06-23,2024,669357,L,657277,R,field_out,False,False,192.0,0.207,71.0,36.98,19.0,9.9,0.744,0.24900000000000003,39.95,19.62,14.74,34.36,29.5,27.95,378.0,0.231,124.0,32.8,42.0,11.11,0.7969999999999999,0.2459999999999999,35.96,17.73,12.12,29.85,28.13,25.15,207.0,0.258,50.0,24.15,14.0,6.76,0.6739999999999999,0.10999999999999999,21.31,9.77,19.3,29.07,32.87,20.0,429.0,0.228,104.0,24.24,15.0,3.5,0.5960000000000001,0.109,21.2,9.96,20.05,30.01,31.36,21.62
745165,2024-06-23,2024,680977,L,657277,R,double,False,False,214.0,0.257,33.0,15.42,16.0,7.48,0.767,0.178,16.03,6.66,20.22,26.88,23.02,14.29,309.0,0.294,43.0,13.92,27.0,8.74,0.831,0.166,14.96,6.32,19.2,25.52,22.53,13.27,207.0,0.258,50.0,24.15,14.0,6.76,0.6739999999999999,0.10999999999999999,21.31,9.77,19.3,29.07,32.87,20.0,429.0,0.228,104.0,24.24,15.0,3.5,0.5960000000000001,0.109,21.2,9.96,20.05,30.01,31.36,21.62
745165,2024-06-23,2024,572761,L,657277,R,single,False,False,72.0,0.215,20.0,27.78,6.0,8.33,0.62,0.12300000000000003,30.0,13.4,17.53,30.93,22.63,25.32,220.0,0.167,64.0,29.09,38.0,17.27,0.616,0.1319999999999999,29.37,12.01,18.83,30.84,21.25,22.78,207.0,0.258,50.0,24.15,14.0,6.76,0.6739999999999999,0.10999999999999999,21.31,9.77,19.3,29.07,32.87,20.0,429.0,0.228,104.0,24.24,15.0,3.5,0.5960000000000001,0.109,21.2,9.96,20.05,30.01,31.36,21.62
745165,2024-06-23,2024,666185,L,657277,R,field_out,False,False,42.0,0.194,14.0,33.33,4.0,9.52,0.508,0.027999999999999997,37.08,17.93,14.67,32.61,22.73,22.22,170.0,0.196,37.0,21.76,14.0,8.24,0.592,0.1079999999999999,22.71,10.14,18.91,29.05,25.44,21.14,207.0,0.258,50.0,24.15,14.0,6.76,0.6739999999999999,0.10999999999999999,21.31,9.77,19.3,29.07,32.87,20.0,429.0,0.228,104.0,24.24,15.0,3.5,0.5960000000000001,0.109,21.2,9.96,20.05,30.01,31.36,21.62
745165,2024-06-23,2024,624585,R,543243,R,field_out,False,False,187.0,0.226,41.0,21.93,19.0,10.16,0.696,0.164,28.06,13.17,15.27,28.43,27.81,20.3,446.0,0.242,111.0,24.89,46.0,10.31,0.788,0.22,27.97,12.22,16.15,28.37,25.71,21.19,163.0,0.166,53.0,32.52,9.0,5.52,0.489,0.11200000000000002,29.56,14.89,18.38,33.27,31.97,37.86,396.0,0.22,102.0,25.76,27.0,6.82,0.5800000000000001,0.0829999999999999,28.79,13.92,15.72,29.65,29.23,22.8
745165,2024-06-23,2024,656305,R,543243,R,strikeout,True,False,235.0,0.199,61.0,25.96,21.0,8.94,0.6080000000000001,0.128,26.98,12.18,19.65,31.83,25.81,19.68,471.0,0.223,139.0,29.51,52.0,11.04,0.722,0.179,31.15,13.33,17.79,31.11,18.61,21.72,163.0,0.166,53.0,32.52,9.0,5.52,0.489,0.11200000000000002,29.56,14.89,18.38,33.27,31.97,37.86,396.0,0.22,102.0,25.76,27.0,6.82,0.5800000000000001,0.0829999999999999,28.79,13.92,15.72,29.65,29.23,22.8
745165,2024-06-23,2024,624424,L,543243,R,field_out,False,False,164.0,0.212,38.0,23.17,13.0,7.93,0.658,0.17200000000000001,24.5,11.39,16.85,28.24,27.52,20.54,368.0,0.245,77.0,20.92,50.0,13.59,0.753,0.155,23.68,10.56,15.02,25.57,23.23,16.81,140.0,0.246,42.0,30.0,13.0,9.29,0.702,0.135,27.45,12.64,17.87,30.51,26.39,26.58,359.0,0.233,81.0,22.56,28.0,7.8,0.638,0.104,23.05,10.71,17.5,28.21,27.41,21.33
745165,2024-06-23,2024,543063,L,657277,R,strikeout,True,False,43.0,0.216,12.0,27.91,6.0,13.95,0.677,0.13499999999999998,34.12,16.57,13.71,30.29,24.44,21.82,251.0,0.188,58.0,23.11,24.0,9.56,0.583,0.119,28.57,14.75,12.56,27.31,30.55,19.8,207.0,0.258,50.0,24.15,14.0,6.76,0.6739999999999999,0.10999999999999999,21.31,9.77,19.3,29.07,32.87,20.0,429.0,0.228,104.0,24.24,15.0,3.5,0.5960000000000001,0.109,21.2,9.96,20.05,30.01,31.36,21.62
745165,2024-06-23,2024,686780,R,657277,R,single,False,False,40.0,0.118,14.0,35.0,5.0,12.5,0.519,0.176,21.95,10.65,20.71,31.36,34.52,24.56,,,,,,,,,,,,,,,199.0,0.254,33.0,16.58,7.0,3.52,0.609,0.069,15.96,6.94,21.34,28.27,27.23,14.41,421.0,0.268,90.0,21.38,16.0,3.8,0.712,0.1429999999999999,20.51,9.76,20.8,30.55,33.33,18.67
745165,2024-06-23,2024,691026,R,657277,R,strikeout,True,False,170.0,0.322,27.0,15.88,12.0,7.06,0.7709999999999999,0.08599999999999997,15.29,7.14,18.57,25.71,29.39,12.39,100.0,0.161,19.0,19.0,9.0,9.0,0.478,0.0799999999999999,21.56,9.11,22.03,31.14,24.87,14.88,199.0,0.254,33.0,16.58,7.0,3.52,0.609,0.069,15.96,6.94,21.34,28.27,27.23,14.41,421.0,0.268,90.0,21.38,16.0,3.8,0.712,0.1429999999999999,20.51,9.76,20.8,30.55,33.33,18.67
745165,2024-06-23,2024,676475,L,657277,R,single,False,False,177.0,0.311,27.0,15.25,8.0,4.52,0.865,0.20400000000000001,19.66,11.15,11.78,22.93,34.19,15.61,318.0,0.243,39.0,12.26,21.0,6.6,0.698,0.156,17.66,9.16,14.01,23.17,33.05,13.13,207.0,0.258,50.0,24.15,14.0,6.76,0.6739999999999999,0.10999999999999999,21.31,9.77,19.3,29.07,32.87,20.0,429.0,0.228,104.0,24.24,15.0,3.5,0.5960000000000001,0.109,21.2,9.96,20.05,30.01,31.36,21.62
745165,2024-06-23,2024,502671,R,657277,R,strikeout,True,False,236.0,0.214,76.0,32.2,19.0,8.05,0.648,0.153,29.58,14.09,18.55,32.64,30.52,20.5,518.0,0.259,120.0,23.17,67.0,12.93,0.8049999999999999,0.187,27.85,12.3,17.85,30.16,25.85,17.44,199.0,0.254,33.0,16.58,7.0,3.52,0.609,0.069,15.96,6.94,21.34,28.27,27.23,14.41,421.0,0.268,90.0,21.38,16.0,3.8,0.712,0.1429999999999999,20.51,9.76,20.8,30.55,33.33,18.67
745165,2024-06-23,2024,642731,R,543243,R,field_out,False,False,217.0,0.243,42.0,19.35,6.0,2.76,0.679,0.16000000000000003,19.62,9.69,19.52,29.22,35.22,19.91,380.0,0.276,84.0,22.11,15.0,3.95,0.767,0.172,21.44,11.24,17.01,28.25,38.17,20.1,163.0,0.166,53.0,32.52,9.0,5.52,0.489,0.11200000000000002,29.56,14.89,18.38,33.27,31.97,37.86,396.0,0.22,102.0,25.76,27.0,6.82,0.5800000000000001,0.0829999999999999,28.79,13.92,15.72,29.65,29.23,22.8
745165,2024-06-23,2024,670092,L,543243,R,field_out,False,False,27.0,0.13,6.0,22.22,4.0,14.81,0.389,0.0,28.89,11.82,16.36,28.18,23.33,25.0,,,,,,,,,,,,,,,140.0,0.246,42.0,30.0,13.0,9.29,0.702,0.135,27.45,12.64,17.87,30.51,26.39,26.58,359.0,0.233,81.0,22.56,28.0,7.8,0.638,0.104,23.05,10.71,17.5,28.21,27.41,21.33
745165,2024-06-23,2024,596103,R,543243,R,field_out,False,False,19.0,0.357,5.0,26.32,4.0,21.05,1.097,0.21399999999999997,32.14,11.11,20.99,32.1,12.5,17.86,60.0,0.226,18.0,30.0,7.0,11.67,0.619,0.0759999999999999,36.36,15.52,18.1,33.62,22.5,28.12,163.0,0.166,53.0,32.52,9.0,5.52,0.489,0.11200000000000002,29.56,14.89,18.38,33.27,31.97,37.86,396.0,0.22,102.0,25.76,27.0,6.82,0.5800000000000001,0.0829999999999999,28.79,13.92,15.72,29.65,29.23,22.8
745165,2024-06-23,2024,669357,L,657277,R,field_out,False,False,192.0,0.207,71.0,36.98,19.0,9.9,0.744,0.24900000000000003,39.95,19.62,14.74,34.36,29.5,27.95,378.0,0.231,124.0,32.8,42.0,11.11,0.7969999999999999,0.2459999999999999,35.96,17.73,12.12,29.85,28.13,25.15,207.0,0.258,50.0,24.15,14.0,6.76,0.6739999999999999,0.10999999999999999,21.31,9.77,19.3,29.07,32.87,20.0,429.0,0.228,104.0,24.24,15.0,3.5,0.5960000000000001,0.109,21.2,9.96,20.05,30.01,31.36,21.62
745165,2024-06-23,2024,680977,L,657277,R,strikeout,True,False,214.0,0.257,33.0,15.42,16.0,7.48,0.767,0.178,16.03,6.66,20.22,26.88,23.02,14.29,309.0,0.294,43.0,13.92,27.0,8.74,0.831,0.166,14.96,6.32,19.2,25.52,22.53,13.27,207.0,0.258,50.0,24.15,14.0,6.76,0.6739999999999999,0.10999999999999999,21.31,9.77,19.3,29.07,32.87,20.0,429.0,0.228,104.0,24.24,15.0,3.5,0.5960000000000001,0.109,21.2,9.96,20.05,30.01,31.36,21.62
745165,2024-06-23,2024,572761,L,657277,R,field_out,False,False,72.0,0.215,20.0,27.78,6.0,8.33,0.62,0.12300000000000003,30.0,13.4,17.53,30.93,22.63,25.32,220.0,0.167,64.0,29.09,38.0,17.27,0.616,0.1319999999999999,29.37,12.01,18.83,30.84,21.25,22.78,207.0,0.258,50.0,24.15,14.0,6.76,0.6739999999999999,0.10999999999999999,21.31,9.77,19.3,29.07,32.87,20.0,429.0,0.228,104.0,24.24,15.0,3.5,0.5960000000000001,0.109,21.2,9.96,20.05,30.01,31.36,21.62
745165,2024-06-23,2024,689172,L,543243,R,field_out,False,False,74.0,0.246,14.0,18.92,4.0,5.41,0.617,0.08700000000000002,19.08,9.16,18.68,27.84,33.33,17.72,106.0,0.155,30.0,28.3,8.0,7.55,0.4639999999999999,0.092,28.32,14.65,14.19,28.83,32.6,19.86,140.0,0.246,42.0,30.0,13.0,9.29,0.702,0.135,27.45,12.64,17.87,30.51,26.39,26.58,359.0,0.233,81.0,22.56,28.0,7.8,0.638,0.104,23.05,10.71,17.5,28.21,27.41,21.33
745165,2024-06-23,2024,671218,R,543243,R,field_out,False,False,128.0,0.267,41.0,32.03,8.0,6.25,0.729,0.14999999999999997,33.19,15.37,16.77,32.14,27.86,28.87,14.0,0.154,4.0,28.57,1.0,7.14,0.368,0.0,30.43,14.58,18.75,33.33,26.09,50.0,163.0,0.166,53.0,32.52,9.0,5.52,0.489,0.11200000000000002,29.56,14.89,18.38,33.27,31.97,37.86,396.0,0.22,102.0,25.76,27.0,6.82,0.5800000000000001,0.0829999999999999,28.79,13.92,15.72,29.65,29.23,22.8
745165,2024-06-23,2024,672275,L,543243,R,strikeout,True,False,158.0,0.296,27.0,17.09,19.0,12.03,0.8280000000000001,0.15600000000000003,20.6,9.64,14.15,23.79,25.39,15.0,240.0,0.203,70.0,29.17,13.0,5.42,0.5569999999999999,0.0989999999999999,26.61,12.88,17.55,30.43,28.93,23.81,140.0,0.246,42.0,30.0,13.0,9.29,0.702,0.135,27.45,12.64,17.87,30.51,26.39,26.58,359.0,0.233,81.0,22.56,28.0,7.8,0.638,0.104,23.05,10.71,17.5,28.21,27.41,21.33
745165,2024-06-23,2024,666185,L,657277,R,single,False,False,42.0,0.194,14.0,33.33,4.0,9.52,0.508,0.027999999999999997,37.08,17.93,14.67,32.61,22.73,22.22,170.0,0.196,37.0,21.76,14.0,8.24,0.592,0.1079999999999999,22.71,10.14,18.91,29.05,25.44,21.14,207.0,0.258,50.0,24.15,14.0,6.76,0.6739999999999999,0.10999999999999999,21.31,9.77,19.3,29.07,32.87,20.0,429.0,0.228,104.0,24.24,15.0,3.5,0.5960000000000001,0.109,21.2,9.96,20.05,30.01,31.36,21.62
745165,2024-06-23,2024,543063,L,657277,R,field_out,False,False,43.0,0.216,12.0,27.91,6.0,13.95,0.677,0.13499999999999998,34.12,16.57,13.71,30.29,24.44,21.82,251.0,0.188,58.0,23.11,24.0,9.56,0.583,0.119,28.57,14.75,12.56,27.31,30.55,19.8,207.0,0.258,50.0,24.15,14.0,6.76,0.6739999999999999,0.10999999999999999,21.31,9.77,19.3,29.07,32.87,20.0,429.0,0.228,104.0,24.24,15.0,3.5,0.5960000000000001,0.109,21.2,9.96,20.05,30.01,31.36,21.62
745165,2024-06-23,2024,686780,R,657277,R,single,False,False,40.0,0.118,14.0,35.0,5.0,12.5,0.519,0.176,21.95,10.65,20.71,31.36,34.52,24.56,,,,,,,,,,,,,,,199.0,0.254,33.0,16.58,7.0,3.52,0.609,0.069,15.96,6.94,21.34,28.27,27.23,14.41,421.0,0.268,90.0,21.38,16.0,3.8,0.712,0.1429999999999999,20.51,9.76,20.8,30.55,33.33,18.67
745165,2024-06-23,2024,691026,R,657277,R,strikeout,True,False,170.0,0.322,27.0,15.88,12.0,7.06,0.7709999999999999,0.08599999999999997,15.29,7.14,18.57,25.71,29.39,12.39,100.0,0.161,19.0,19.0,9.0,9.0,0.478,0.0799999999999999,21.56,9.11,22.03,31.14,24.87,14.88,199.0,0.254,33.0,16.58,7.0,3.52,0.609,0.069,15.96,6.94,21.34,28.27,27.23,14.41,421.0,0.268,90.0,21.38,16.0,3.8,0.712,0.1429999999999999,20.51,9.76,20.8,30.55,33.33,18.67
745165,2024-06-23,2024,676475,L,657277,R,field_out,False,False,177.0,0.311,27.0,15.25,8.0,4.52,0.865,0.20400000000000001,19.66,11.15,11.78,22.93,34.19,15.61,318.0,0.243,39.0,12.26,21.0,6.6,0.698,0.156,17.66,9.16,14.01,23.17,33.05,13.13,207.0,0.258,50.0,24.15,14.0,6.76,0.6739999999999999,0.10999999999999999,21.31,9.77,19.3,29.07,32.87,20.0,429.0,0.228,104.0,24.24,15.0,3.5,0.5960000000000001,0.109,21.2,9.96,20.05,30.01,31.36,21.62
745165,2024-06-23,2024,624585,R,543243,R,strikeout,True,False,187.0,0.226,41.0,21.93,19.0,10.16,0.696,0.164,28.06,13.17,15.27,28.43,27.81,20.3,446.0,0.242,111.0,24.89,46.0,10.31,0.788,0.22,27.97,12.22,16.15,28.37,25.71,21.19,163.0,0.166,53.0,32.52,9.0,5.52,0.489,0.11200000000000002,29.56,14.89,18.38,33.27,31.97,37.86,396.0,0.22,102.0,25.76,27.0,6.82,0.5800000000000001,0.0829999999999999,28.79,13.92,15.72,29.65,29.23,22.8
745165,2024-06-23,2024,656305,R,543243,R,field_out,False,False,235.0,0.199,61.0,25.96,21.0,8.94,0.6080000000000001,0.128,26.98,12.18,19.65,31.83,25.81,19.68,471.0,0.223,139.0,29.51,52.0,11.04,0.722,0.179,31.15,13.33,17.79,31.11,18.61,21.72,163.0,0.166,53.0,32.52,9.0,5.52,0.489,0.11200000000000002,29.56,14.89,18.38,33.27,31.97,37.86,396.0,0.22,102.0,25.76,27.0,6.82,0.5800000000000001,0.0829999999999999,28.79,13.92,15.72,29.65,29.23,22.8
745165,2024-06-23,2024,624424,L,543243,R,field_out,False,False,164.0,0.212,38.0,23.17,13.0,7.93,0.658,0.17200000000000001,24.5,11.39,16.85,28.24,27.52,20.54,368.0,0.245,77.0,20.92,50.0,13.59,0.753,0.155,23.68,10.56,15.02,25.57,23.23,16.81,140.0,0.246,42.0,30.0,13.0,9.29,0.702,0.135,27.45,12.64,17.87,30.51,26.39,26.58,359.0,0.233,81.0,22.56,28.0,7.8,0.638,0.104,23.05,10.71,17.5,28.21,27.41,21.33
745165,2024-06-23,2024,502671,R,657277,R,single,False,False,236.0,0.214,76.0,32.2,19.0,8.05,0.648,0.153,29.58,14.09,18.55,32.64,30.52,20.5,518.0,0.259,120.0,23.17,67.0,12.93,0.8049999999999999,0.187,27.85,12.3,17.85,30.16,25.85,17.44,199.0,0.254,33.0,16.58,7.0,3.52,0.609,0.069,15.96,6.94,21.34,28.27,27.23,14.41,421.0,0.268,90.0,21.38,16.0,3.8,0.712,0.1429999999999999,20.51,9.76,20.8,30.55,33.33,18.67
745165,2024-06-23,2024,669357,L,657277,R,force_out,False,False,192.0,0.207,71.0,36.98,19.0,9.9,0.744,0.24900000000000003,39.95,19.62,14.74,34.36,29.5,27.95,378.0,0.231,124.0,32.8,42.0,11.11,0.7969999999999999,0.2459999999999999,35.96,17.73,12.12,29.85,28.13,25.15,207.0,0.258,50.0,24.15,14.0,6.76,0.6739999999999999,0.10999999999999999,21.31,9.77,19.3,29.07,32.87,20.0,429.0,0.228,104.0,24.24,15.0,3.5,0.5960000000000001,0.109,21.2,9.96,20.05,30.01,31.36,21.62
745165,2024-06-23,2024,680977,L,657277,R,strikeout,True,False,214.0,0.257,33.0,15.42,16.0,7.48,0.767,0.178,16.03,6.66,20.22,26.88,23.02,14.29,309.0,0.294,43.0,13.92,27.0,8.74,0.831,0.166,14.96,6.32,19.2,25.52,22.53,13.27,207.0,0.258,50.0,24.15,14.0,6.76,0.6739999999999999,0.10999999999999999,21.31,9.77,19.3,29.07,32.87,20.0,429.0,0.228,104.0,24.24,15.0,3.5,0.5960000000000001,0.109,21.2,9.96,20.05,30.01,31.36,21.62
745165,2024-06-23,2024,572761,L,657277,R,walk,False,True,72.0,0.215,20.0,27.78,6.0,8.33,0.62,0.12300000000000003,30.0,13.4,17.53,30.93,22.63,25.32,220.0,0.167,64.0,29.09,38.0,17.27,0.616,0.1319999999999999,29.37,12.01,18.83,30.84,21.25,22.78,207.0,0.258,50.0,24.15,14.0,6.76,0.6739999999999999,0.10999999999999999,21.31,9.77,19.3,29.07,32.87,20.0,429.0,0.228,104.0,24.24,15.0,3.5,0.5960000000000001,0.109,21.2,9.96,20.05,30.01,31.36,21.62
745165,2024-06-23,2024,666185,L,657277,R,field_out,False,False,42.0,0.194,14.0,33.33,4.0,9.52,0.508,0.027999999999999997,37.08,17.93,14.67,32.61,22.73,22.22,170.0,0.196,37.0,21.76,14.0,8.24,0.592,0.1079999999999999,22.71,10.14,18.91,29.05,25.44,21.14,207.0,0.258,50.0,24.15,14.0,6.76,0.6739999999999999,0.10999999999999999,21.31,9.77,19.3,29.07,32.87,20.0,429.0,0.228,104.0,24.24,15.0,3.5,0.5960000000000001,0.109,21.2,9.96,20.05,30.01,31.36,21.62
745165,2024-06-23,2024,642731,R,543243,R,field_out,False,False,217.0,0.243,42.0,19.35,6.0,2.76,0.679,0.16000000000000003,19.62,9.69,19.52,29.22,35.22,19.91,380.0,0.276,84.0,22.11,15.0,3.95,0.767,0.172,21.44,11.24,17.01,28.25,38.17,20.1,163.0,0.166,53.0,32.52,9.0,5.52,0.489,0.11200000000000002,29.56,14.89,18.38,33.27,31.97,37.86,396.0,0.22,102.0,25.76,27.0,6.82,0.5800000000000001,0.0829999999999999,28.79,13.92,15.72,29.65,29.23,22.8
745165,2024-06-23,2024,670092,L,543243,R,field_out,False,False,27.0,0.13,6.0,22.22,4.0,14.81,0.389,0.0,28.89,11.82,16.36,28.18,23.33,25.0,,,,,,,,,,,,,,,140.0,0.246,42.0,30.0,13.0,9.29,0.702,0.135,27.45,12.64,17.87,30.51,26.39,26.58,359.0,0.233,81.0,22.56,28.0,7.8,0.638,0.104,23.05,10.71,17.5,28.21,27.41,21.33
745165,2024-06-23,2024,596103,R,543243,R,strikeout,True,False,19.0,0.357,5.0,26.32,4.0,21.05,1.097,0.21399999999999997,32.14,11.11,20.99,32.1,12.5,17.86,60.0,0.226,18.0,30.0,7.0,11.67,0.619,0.0759999999999999,36.36,15.52,18.1,33.62,22.5,28.12,163.0,0.166,53.0,32.52,9.0,5.52,0.489,0.11200000000000002,29.56,14.89,18.38,33.27,31.97,37.86,396.0,0.22,102.0,25.76,27.0,6.82,0.5800000000000001,0.0829999999999999,28.79,13.92,15.72,29.65,29.23,22.8
745165,2024-06-23,2024,543063,L,657277,R,walk,False,True,43.0,0.216,12.0,27.91,6.0,13.95,0.677,0.13499999999999998,34.12,16.57,13.71,30.29,24.44,21.82,251.0,0.188,58.0,23.11,24.0,9.56,0.583,0.119,28.57,14.75,12.56,27.31,30.55,19.8,207.0,0.258,50.0,24.15,14.0,6.76,0.6739999999999999,0.10999999999999999,21.31,9.77,19.3,29.07,32.87,20.0,429.0,0.228,104.0,24.24,15.0,3.5,0.5960000000000001,0.109,21.2,9.96,20.05,30.01,31.36,21.62
745165,2024-06-23,2024,686780,R,657277,R,grounded_into_double_play,False,False,40.0,0.118,14.0,35.0,5.0,12.5,0.519,0.176,21.95,10.65,20.71,31.36,34.52,24.56,,,,,,,,,,,,,,,199.0,0.254,33.0,16.58,7.0,3.52,0.609,0.069,15.96,6.94,21.34,28.27,27.23,14.41,421.0,0.268,90.0,21.38,16.0,3.8,0.712,0.1429999999999999,20.51,9.76,20.8,30.55,33.33,18.67
745165,2024-06-23,2024,691026,R,657277,R,strikeout,True,False,170.0,0.322,27.0,15.88,12.0,7.06,0.7709999999999999,0.08599999999999997,15.29,7.14,18.57,25.71,29.39,12.39,100.0,0.161,19.0,19.0,9.0,9.0,0.478,0.0799999999999999,21.56,9.11,22.03,31.14,24.87,14.88,199.0,0.254,33.0,16.58,7.0,3.52,0.609,0.069,15.96,6.94,21.34,28.27,27.23,14.41,421.0,0.268,90.0,21.38,16.0,3.8,0.712,0.1429999999999999,20.51,9.76,20.8,30.55,33.33,18.67
745165,2024-06-23,2024,689172,L,543243,R,field_out,False,False,74.0,0.246,14.0,18.92,4.0,5.41,0.617,0.08700000000000002,19.08,9.16,18.68,27.84,33.33,17.72,106.0,0.155,30.0,28.3,8.0,7.55,0.4639999999999999,0.092,28.32,14.65,14.19,28.83,32.6,19.86,140.0,0.246,42.0,30.0,13.0,9.29,0.702,0.135,27.45,12.64,17.87,30.51,26.39,26.58,359.0,0.233,81.0,22.56,28.0,7.8,0.638,0.104,23.05,10.71,17.5,28.21,27.41,21.33
745165,2024-06-23,2024,671218,R,543243,R,strikeout,True,False,128.0,0.267,41.0,32.03,8.0,6.25,0.729,0.14999999999999997,33.19,15.37,16.77,32.14,27.86,28.87,14.0,0.154,4.0,28.57,1.0,7.14,0.368,0.0,30.43,14.58,18.75,33.33,26.09,50.0,163.0,0.166,53.0,32.52,9.0,5.52,0.489,0.11200000000000002,29.56,14.89,18.38,33.27,31.97,37.86,396.0,0.22,102.0,25.76,27.0,6.82,0.5800000000000001,0.0829999999999999,28.79,13.92,15.72,29.65,29.23,22.8
745165,2024-06-23,2024,672275,L,543243,R,home_run,False,False,158.0,0.296,27.0,17.09,19.0,12.03,0.8280000000000001,0.15600000000000003,20.6,9.64,14.15,23.79,25.39,15.0,240.0,0.203,70.0,29.17,13.0,5.42,0.5569999999999999,0.0989999999999999,26.61,12.88,17.55,30.43,28.93,23.81,140.0,0.246,42.0,30.0,13.0,9.29,0.702,0.135,27.45,12.64,17.87,30.51,26.39,26.58,359.0,0.233,81.0,22.56,28.0,7.8,0.638,0.104,23.05,10.71,17.5,28.21,27.41,21.33
745165,2024-06-23,2024,624585,R,543243,R,strikeout,True,False,187.0,0.226,41.0,21.93,19.0,10.16,0.696,0.164,28.06,13.17,15.27,28.43,27.81,20.3,446.0,0.242,111.0,24.89,46.0,10.31,0.788,0.22,27.97,12.22,16.15,28.37,25.71,21.19,163.0,0.166,53.0,32.52,9.0,5.52,0.489,0.11200000000000002,29.56,14.89,18.38,33.27,31.97,37.86,396.0,0.22,102.0,25.76,27.0,6.82,0.5800000000000001,0.0829999999999999,28.79,13.92,15.72,29.65,29.23,22.8
745165,2024-06-23,2024,676475,L,678495,R,field_out,False,False,177.0,0.311,27.0,15.25,8.0,4.52,0.865,0.20400000000000001,19.66,11.15,11.78,22.93,34.19,15.61,318.0,0.243,39.0,12.26,21.0,6.6,0.698,0.156,17.66,9.16,14.01,23.17,33.05,13.13,46.0,0.262,15.0,32.61,3.0,6.52,0.8500000000000001,0.262,26.6,13.16,17.89,31.05,33.68,25.86,,,,,,,,,,,,,,
745165,2024-06-23,2024,502671,R,678495,R,strikeout,True,False,236.0,0.214,76.0,32.2,19.0,8.05,0.648,0.153,29.58,14.09,18.55,32.64,30.52,20.5,518.0,0.259,120.0,23.17,67.0,12.93,0.8049999999999999,0.187,27.85,12.3,17.85,30.16,25.85,17.44,70.0,0.242,15.0,21.43,6.0,8.57,0.675,0.129,25.6,12.55,15.69,28.24,30.23,24.19,,,,,,,,,,,,,,
745165,2024-06-23,2024,669357,L,678495,R,field_out,False,False,192.0,0.207,71.0,36.98,19.0,9.9,0.744,0.24900000000000003,39.95,19.62,14.74,34.36,29.5,27.95,378.0,0.231,124.0,32.8,42.0,11.11,0.7969999999999999,0.2459999999999999,35.96,17.73,12.12,29.85,28.13,25.15,46.0,0.262,15.0,32.61,3.0,6.52,0.8500000000000001,0.262,26.6,13.16,17.89,31.05,33.68,25.86,,,,,,,,,,,,,,
745165,2024-06-23,2024,656305,R,668941,L,walk,False,True,83.0,0.324,15.0,18.07,9.0,10.84,0.9390000000000001,0.21700000000000003,15.88,7.54,15.36,22.91,26.01,12.71,113.0,0.307,26.0,23.01,10.0,8.85,0.89,0.208,30.77,13.88,17.35,31.24,20.45,17.81,89.0,0.244,17.0,19.1,2.0,2.25,0.7270000000000001,0.20700000000000002,23.27,11.46,17.96,29.41,29.61,18.68,106.0,0.26,30.0,28.3,7.0,6.6,0.6890000000000001,0.1149999999999999,36.41,18.59,17.02,35.6,31.89,28.04
745165,2024-06-23,2024,682641,R,668941,L,field_out,False,False,20.0,0.176,5.0,25.0,2.0,10.0,0.6619999999999999,0.236,17.02,9.2,12.64,21.84,35.71,16.13,99.0,0.31,10.0,10.1,12.0,12.12,0.825,0.1069999999999999,11.64,4.94,17.44,22.38,22.04,14.71,89.0,0.244,17.0,19.1,2.0,2.25,0.7270000000000001,0.20700000000000002,23.27,11.46,17.96,29.41,29.61,18.68,106.0,0.26,30.0,28.3,7.0,6.6,0.6890000000000001,0.1149999999999999,36.41,18.59,17.02,35.6,31.89,28.04
745165,2024-06-23,2024,642731,R,668941,L,walk,False,True,77.0,0.219,14.0,18.18,3.0,3.9,0.603,0.13699999999999998,19.7,10.28,18.18,28.46,33.86,22.58,150.0,0.257,36.0,24.0,7.0,4.67,0.643,0.079,21.99,10.73,18.17,28.89,37.46,20.57,89.0,0.244,17.0,19.1,2.0,2.25,0.7270000000000001,0.20700000000000002,23.27,11.46,17.96,29.41,29.61,18.68,106.0,0.26,30.0,28.3,7.0,6.6,0.6890000000000001,0.1149999999999999,36.41,18.59,17.02,35.6,31.89,28.04
745165,2024-06-23,2024,527038,R,552640,R,double,False,False,122.0,0.2,17.0,13.93,12.0,9.84,0.581,0.08599999999999997,15.09,6.34,23.17,29.5,28.14,11.11,273.0,0.271,35.0,12.82,27.0,9.89,0.849,0.2249999999999999,14.98,6.76,19.32,26.08,27.75,9.09,90.0,0.195,18.0,20.0,6.0,6.67,0.5640000000000001,0.122,24.44,13.37,14.29,27.66,40.24,18.56,31.0,0.333,7.0,22.58,0.0,0.0,0.788,0.0999999999999999,20.0,11.21,15.89,27.1,40.0,22.58
745165,2024-06-23,2024,596103,R,552640,R,sac_fly,False,False,19.0,0.357,5.0,26.32,4.0,21.05,1.097,0.21399999999999997,32.14,11.11,20.99,32.1,12.5,17.86,60.0,0.226,18.0,30.0,7.0,11.67,0.619,0.0759999999999999,36.36,15.52,18.1,33.62,22.5,28.12,90.0,0.195,18.0,20.0,6.0,6.67,0.5640000000000001,0.122,24.44,13.37,14.29,27.66,40.24,18.56,31.0,0.333,7.0,22.58,0.0,0.0,0.788,0.0999999999999999,20.0,11.21,15.89,27.1,40.0,22.58
745165,2024-06-23,2024,689172,L,552640,R,walk,False,True,74.0,0.246,14.0,18.92,4.0,5.41,0.617,0.08700000000000002,19.08,9.16,18.68,27.84,33.33,17.72,106.0,0.155,30.0,28.3,8.0,7.55,0.4639999999999999,0.092,28.32,14.65,14.19,28.83,32.6,19.86,49.0,0.304,14.0,28.57,3.0,6.12,0.89,0.23900000000000005,30.91,17.62,12.44,30.05,38.14,18.67,19.0,0.118,3.0,15.79,2.0,10.53,0.505,0.176,17.02,10.0,11.25,21.25,43.59,8.57
745165,2024-06-23,2024,671218,R,552640,R,force_out,False,False,128.0,0.267,41.0,32.03,8.0,6.25,0.729,0.14999999999999997,33.19,15.37,16.77,32.14,27.86,28.87,14.0,0.154,4.0,28.57,1.0,7.14,0.368,0.0,30.43,14.58,18.75,33.33,26.09,50.0,90.0,0.195,18.0,20.0,6.0,6.67,0.5640000000000001,0.122,24.44,13.37,14.29,27.66,40.24,18.56,31.0,0.333,7.0,22.58,0.0,0.0,0.788,0.0999999999999999,20.0,11.21,15.89,27.1,40.0,22.58
745165,2024-06-23,2024,680977,L,573124,L,strikeout,True,False,93.0,0.274,8.0,8.6,4.0,4.3,0.692,0.09499999999999997,14.08,5.8,20.0,25.8,21.12,10.26,63.0,0.236,10.0,15.87,6.0,9.52,0.569,0.0,14.29,6.33,19.83,26.16,24.58,15.87,56.0,0.312,16.0,28.57,7.0,12.5,0.849,0.126,29.27,11.06,22.12,33.18,23.42,32.65,103.0,0.101,39.0,37.86,11.0,10.68,0.3299999999999999,0.0229999999999999,32.18,13.05,23.78,36.83,25.84,25.83
745165,2024-06-23,2024,665877,R,573124,L,field_out,False,False,28.0,0.148,3.0,10.71,1.0,3.57,0.32699999999999996,0.0,7.41,3.45,19.83,23.28,23.91,8.11,19.0,0.176,2.0,10.53,2.0,10.53,0.439,0.0,7.41,3.08,23.08,26.15,30.0,13.33,72.0,0.162,20.0,27.78,3.0,4.17,0.532,0.162,29.01,12.54,21.45,33.99,21.28,19.8,113.0,0.312,25.0,22.12,14.0,12.39,0.98,0.2609999999999999,21.26,8.83,21.48,30.31,29.61,23.15
745165,2024-06-23,2024,666185,R,573124,L,double,False,False,52.0,0.174,10.0,19.23,4.0,7.69,0.446,0.02200000000000002,28.28,14.29,13.78,28.06,27.37,21.28,86.0,0.268,12.0,13.95,12.0,13.95,0.77,0.126,22.46,10.88,12.44,23.32,23.98,9.3,72.0,0.162,20.0,27.78,3.0,4.17,0.532,0.162,29.01,12.54,21.45,33.99,21.28,19.8,113.0,0.312,25.0,22.12,14.0,12.39,0.98,0.2609999999999999,21.26,8.83,21.48,30.31,29.61,23.15
745165,2024-06-23,2024,543063,L,573124,L,double,False,False,7.0,0.0,3.0,42.86,0.0,0.0,0.143,0.0,50.0,25.0,21.43,46.43,30.77,33.33,70.0,0.215,23.0,32.86,4.0,5.71,0.599,0.123,33.33,17.78,11.85,29.63,34.29,27.71,56.0,0.312,16.0,28.57,7.0,12.5,0.849,0.126,29.27,11.06,22.12,33.18,23.42,32.65,103.0,0.101,39.0,37.86,11.0,10.68,0.3299999999999999,0.0229999999999999,32.18,13.05,23.78,36.83,25.84,25.83
745165,2024-06-23,2024,686780,R,643511,R,field_out,False,False,40.0,0.118,14.0,35.0,5.0,12.5,0.519,0.176,21.95,10.65,20.71,31.36,34.52,24.56,,,,,,,,,,,,,,,80.0,0.228,17.0,21.25,1.0,1.25,0.592,0.12599999999999997,19.86,11.07,16.6,27.67,34.86,25.76,173.0,0.262,28.0,16.18,10.0,5.78,0.733,0.1629999999999999,23.75,12.04,17.27,29.32,30.54,16.37
745165,2024-06-23,2024,672275,L,664854,R,field_out,False,False,158.0,0.296,27.0,17.09,19.0,12.03,0.8280000000000001,0.15600000000000003,20.6,9.64,14.15,23.79,25.39,15.0,240.0,0.203,70.0,29.17,13.0,5.42,0.5569999999999999,0.0989999999999999,26.61,12.88,17.55,30.43,28.93,23.81,66.0,0.196,19.0,28.79,8.0,12.12,0.538,0.05399999999999999,32.46,16.02,16.88,32.9,26.8,26.39,66.0,0.224,22.0,33.33,7.0,10.61,0.6970000000000001,0.155,31.01,14.44,15.88,30.32,30.28,23.91
745165,2024-06-23,2024,624585,R,664854,R,strikeout,True,False,187.0,0.226,41.0,21.93,19.0,10.16,0.696,0.164,28.06,13.17,15.27,28.43,27.81,20.3,446.0,0.242,111.0,24.89,46.0,10.31,0.788,0.22,27.97,12.22,16.15,28.37,25.71,21.19,71.0,0.231,19.0,26.76,5.0,7.04,0.574,0.06099999999999997,38.41,21.12,13.15,34.26,31.9,28.79,80.0,0.134,30.0,37.5,10.0,12.5,0.402,0.03,37.93,19.76,13.17,32.93,33.13,27.27
745165,2024-06-23,2024,656305,R,664854,R,strikeout,True,False,235.0,0.199,61.0,25.96,21.0,8.94,0.6080000000000001,0.128,26.98,12.18,19.65,31.83,25.81,19.68,471.0,0.223,139.0,29.51,52.0,11.04,0.722,0.179,31.15,13.33,17.79,31.11,18.61,21.72,71.0,0.231,19.0,26.76,5.0,7.04,0.574,0.06099999999999997,38.41,21.12,13.15,34.26,31.9,28.79,80.0,0.134,30.0,37.5,10.0,12.5,0.402,0.03,37.93,19.76,13.17,32.93,33.13,27.27
746373,2024-06-23,2024,668939,R,664285,L,field_out,False,False,100.0,0.426,13.0,13.0,6.0,6.0,1.141,0.25500000000000006,17.75,7.44,21.59,29.03,23.62,12.38,191.0,0.304,21.0,10.99,31.0,16.23,0.895,0.177,12.46,4.9,20.56,25.46,20.79,8.71,261.0,0.23,49.0,18.77,22.0,8.43,0.63,0.1,26.15,11.63,17.22,28.85,27.12,19.84,666.0,0.23,155.0,23.27,43.0,6.46,0.645,0.1289999999999999,25.9,12.29,16.56,28.85,28.37,25.66
746373,2024-06-23,2024,663624,R,664285,L,strikeout,True,False,85.0,0.282,14.0,16.47,7.0,8.24,0.815,0.192,20.86,11.54,12.13,23.67,38.73,13.86,161.0,0.338,29.0,18.01,15.0,9.32,1.053,0.317,25.46,14.21,11.82,26.03,41.95,16.86,261.0,0.23,49.0,18.77,22.0,8.43,0.63,0.1,26.15,11.63,17.22,28.85,27.12,19.84,666.0,0.23,155.0,23.27,43.0,6.46,0.645,0.1289999999999999,25.9,12.29,16.56,28.85,28.37,25.66
746373,2024-06-23,2024,623993,R,664285,L,single,False,False,81.0,0.265,20.0,24.69,9.0,11.11,0.899,0.264,29.79,12.92,19.38,32.31,27.33,21.05,170.0,0.25,45.0,26.47,24.0,14.12,0.7909999999999999,0.188,28.15,11.77,18.98,30.75,26.34,19.31,261.0,0.23,49.0,18.77,22.0,8.43,0.63,0.1,26.15,11.63,17.22,28.85,27.12,19.84,666.0,0.23,155.0,23.27,43.0,6.46,0.645,0.1289999999999999,25.9,12.29,16.56,28.85,28.37,25.66
746373,2024-06-23,2024,683002,L,664285,L,walk,False,True,106.0,0.282,28.0,26.42,17.0,16.04,0.956,0.25900000000000006,29.76,11.6,18.56,30.16,17.35,22.95,167.0,0.209,42.0,25.15,18.0,10.78,0.617,0.115,28.77,12.92,19.54,32.46,27.19,20.79,38.0,0.353,7.0,18.42,2.0,5.26,0.95,0.17600000000000005,16.98,6.92,20.77,27.69,21.21,21.88,142.0,0.22,45.0,31.69,14.0,9.86,0.7070000000000001,0.178,30.62,13.86,16.14,30.0,31.17,27.44
746373,2024-06-23,2024,676059,R,664285,L,strikeout,True,False,72.0,0.194,22.0,30.56,4.0,5.56,0.597,0.16399999999999998,37.16,19.43,13.07,32.51,30.0,25.29,82.0,0.284,23.0,28.05,8.0,9.76,0.786,0.148,32.37,14.29,17.14,31.43,25.99,24.21,261.0,0.23,49.0,18.77,22.0,8.43,0.63,0.1,26.15,11.63,17.22,28.85,27.12,19.84,666.0,0.23,155.0,23.27,43.0,6.46,0.645,0.1289999999999999,25.9,12.29,16.56,28.85,28.37,25.66
746373,2024-06-23,2024,514888,R,544150,R,home_run,False,False,249.0,0.289,49.0,19.68,15.0,6.02,0.792,0.16800000000000004,21.32,10.96,16.61,27.57,38.63,19.52,297.0,0.322,55.0,18.52,32.0,10.77,0.941,0.218,19.43,8.47,19.0,27.48,31.81,17.74,122.0,0.222,24.0,19.67,8.0,6.56,0.559,0.05600000000000002,23.02,11.39,13.95,25.34,30.0,13.95,,,,,,,,,,,,,,
746373,2024-06-23,2024,608324,R,544150,R,double,False,False,218.0,0.267,38.0,17.43,18.0,8.26,0.758,0.15899999999999997,15.48,7.01,18.74,25.75,24.77,13.62,508.0,0.282,67.0,13.19,65.0,12.8,0.8500000000000001,0.186,14.53,5.58,19.65,25.23,16.96,12.88,122.0,0.222,24.0,19.67,8.0,6.56,0.559,0.05600000000000002,23.02,11.39,13.95,25.34,30.0,13.95,,,,,,,,,,,,,,
746373,2024-06-23,2024,670541,L,544150,R,field_out,False,False,209.0,0.27,30.0,14.35,21.0,10.05,0.873,0.254,19.66,9.03,16.52,25.55,30.29,14.42,322.0,0.292,55.0,17.08,49.0,15.22,1.044,0.333,21.1,8.88,15.37,24.25,23.99,15.32,81.0,0.217,16.0,19.75,11.0,13.58,0.702,0.16,30.12,14.53,9.01,23.55,24.12,14.04,,,,,,,,,,,,,,
746373,2024-06-23,2024,673237,R,544150,R,single,False,False,188.0,0.254,27.0,14.36,7.0,3.72,0.69,0.15799999999999997,20.71,11.76,10.53,22.29,41.18,15.52,274.0,0.307,47.0,17.15,7.0,2.55,0.931,0.292,24.58,14.19,11.31,25.51,43.08,17.42,122.0,0.222,24.0,19.67,8.0,6.56,0.559,0.05600000000000002,23.02,11.39,13.95,25.34,30.0,13.95,,,,,,,,,,,,,,
746373,2024-06-23,2024,665161,R,544150,R,double,False,False,223.0,0.267,44.0,19.73,11.0,4.93,0.649,0.068,25.3,13.07,15.54,28.61,36.2,17.46,461.0,0.239,107.0,23.21,34.0,7.38,0.655,0.1089999999999999,30.36,15.5,13.92,29.42,35.52,20.7,122.0,0.222,24.0,19.67,8.0,6.56,0.559,0.05600000000000002,23.02,11.39,13.95,25.34,30.0,13.95,,,,,,,,,,,,,,
746373,2024-06-23,2024,643289,R,544150,R,single,False,False,137.0,0.295,10.0,7.3,5.0,3.65,0.716,0.10000000000000003,17.2,10.21,12.35,22.57,42.86,9.01,375.0,0.263,58.0,15.47,13.0,3.47,0.6779999999999999,0.124,19.01,10.95,13.18,24.13,40.64,15.68,122.0,0.222,24.0,19.67,8.0,6.56,0.559,0.05600000000000002,23.02,11.39,13.95,25.34,30.0,13.95,,,,,,,,,,,,,,
746373,2024-06-23,2024,694388,L,544150,R,single,False,False,44.0,0.341,17.0,38.64,2.0,4.55,0.86,0.14699999999999996,34.44,19.14,14.2,33.33,40.0,37.78,,,,,,,,,,,,,,,81.0,0.217,16.0,19.75,11.0,13.58,0.702,0.16,30.12,14.53,9.01,23.55,24.12,14.04,,,,,,,,,,,,,,
746373,2024-06-23,2024,676801,R,544150,R,field_out,False,False,94.0,0.238,29.0,30.85,7.0,7.45,0.6910000000000001,0.15500000000000003,33.69,16.32,15.28,31.61,30.62,22.4,319.0,0.25,82.0,25.71,27.0,8.46,0.769,0.186,28.62,13.94,15.79,29.73,30.75,21.75,122.0,0.222,24.0,19.67,8.0,6.56,0.559,0.05600000000000002,23.02,11.39,13.95,25.34,30.0,13.95,,,,,,,,,,,,,,
746373,2024-06-23,2024,663967,L,544150,R,field_out,False,False,2.0,1.0,0.0,0.0,0.0,0.0,3.0,1.0,0.0,0.0,0.0,0.0,50.0,0.0,16.0,0.133,6.0,37.5,1.0,6.25,0.321,0.0,32.5,18.06,12.5,30.56,30.77,23.08,81.0,0.217,16.0,19.75,11.0,13.58,0.702,0.16,30.12,14.53,9.01,23.55,24.12,14.04,,,,,,,,,,,,,,
746373,2024-06-23,2024,669720,R,664285,L,walk,False,True,46.0,0.364,16.0,34.78,2.0,4.35,0.891,0.136,36.14,17.75,15.98,33.73,36.26,40.0,167.0,0.262,37.0,22.16,16.0,9.58,0.785,0.194,26.6,11.87,17.25,29.11,29.39,20.9,261.0,0.23,49.0,18.77,22.0,8.43,0.63,0.1,26.15,11.63,17.22,28.85,27.12,19.84,666.0,0.23,155.0,23.27,43.0,6.46,0.645,0.1289999999999999,25.9,12.29,16.56,28.85,28.37,25.66
746373,2024-06-23,2024,622761,R,664285,L,force_out,False,False,65.0,0.254,16.0,24.62,5.0,7.69,0.8480000000000001,0.271,19.84,9.69,16.67,26.36,29.77,18.6,138.0,0.276,23.0,16.67,9.0,6.52,0.745,0.1409999999999999,24.81,12.67,15.88,28.54,31.42,15.23,261.0,0.23,49.0,18.77,22.0,8.43,0.63,0.1,26.15,11.63,17.22,28.85,27.12,19.84,666.0,0.23,155.0,23.27,43.0,6.46,0.645,0.1289999999999999,25.9,12.29,16.56,28.85,28.37,25.66
746373,2024-06-23,2024,602104,R,664285,L,field_out,False,False,35.0,0.188,6.0,17.14,1.0,2.86,0.507,0.062,20.0,10.29,13.97,24.26,28.36,14.63,124.0,0.241,29.0,23.39,10.0,8.06,0.654,0.098,26.55,12.58,16.35,28.93,29.75,21.64,261.0,0.23,49.0,18.77,22.0,8.43,0.63,0.1,26.15,11.63,17.22,28.85,27.12,19.84,666.0,0.23,155.0,23.27,43.0,6.46,0.645,0.1289999999999999,25.9,12.29,16.56,28.85,28.37,25.66
746373,2024-06-23,2024,681297,L,664285,L,strikeout,True,False,58.0,0.2,22.0,37.93,4.0,6.9,0.621,0.14,35.71,14.71,21.43,36.13,20.34,27.85,9.0,0.143,2.0,22.22,1.0,11.11,0.476,0.0,25.0,8.11,27.03,35.14,15.79,18.18,38.0,0.353,7.0,18.42,2.0,5.26,0.95,0.17600000000000005,16.98,6.92,20.77,27.69,21.21,21.88,142.0,0.22,45.0,31.69,14.0,9.86,0.7070000000000001,0.178,30.62,13.86,16.14,30.0,31.17,27.44
746373,2024-06-23,2024,514888,R,544150,R,strikeout,True,False,249.0,0.289,49.0,19.68,15.0,6.02,0.792,0.16800000000000004,21.32,10.96,16.61,27.57,38.63,19.52,297.0,0.322,55.0,18.52,32.0,10.77,0.941,0.218,19.43,8.47,19.0,27.48,31.81,17.74,122.0,0.222,24.0,19.67,8.0,6.56,0.559,0.05600000000000002,23.02,11.39,13.95,25.34,30.0,13.95,,,,,,,,,,,,,,
746373,2024-06-23,2024,608324,R,544150,R,walk,False,True,218.0,0.267,38.0,17.43,18.0,8.26,0.758,0.15899999999999997,15.48,7.01,18.74,25.75,24.77,13.62,508.0,0.282,67.0,13.19,65.0,12.8,0.8500000000000001,0.186,14.53,5.58,19.65,25.23,16.96,12.88,122.0,0.222,24.0,19.67,8.0,6.56,0.559,0.05600000000000002,23.02,11.39,13.95,25.34,30.0,13.95,,,,,,,,,,,,,,
746373,2024-06-23,2024,670541,L,544150,R,grounded_into_double_play,False,False,209.0,0.27,30.0,14.35,21.0,10.05,0.873,0.254,19.66,9.03,16.52,25.55,30.29,14.42,322.0,0.292,55.0,17.08,49.0,15.22,1.044,0.333,21.1,8.88,15.37,24.25,23.99,15.32,81.0,0.217,16.0,19.75,11.0,13.58,0.702,0.16,30.12,14.53,9.01,23.55,24.12,14.04,,,,,,,,,,,,,,
746373,2024-06-23,2024,668939,R,664285,L,strikeout,True,False,100.0,0.426,13.0,13.0,6.0,6.0,1.141,0.25500000000000006,17.75,7.44,21.59,29.03,23.62,12.38,191.0,0.304,21.0,10.99,31.0,16.23,0.895,0.177,12.46,4.9,20.56,25.46,20.79,8.71,261.0,0.23,49.0,18.77,22.0,8.43,0.63,0.1,26.15,11.63,17.22,28.85,27.12,19.84,666.0,0.23,155.0,23.27,43.0,6.46,0.645,0.1289999999999999,25.9,12.29,16.56,28.85,28.37,25.66
746373,2024-06-23,2024,663624,R,664285,L,single,False,False,85.0,0.282,14.0,16.47,7.0,8.24,0.815,0.192,20.86,11.54,12.13,23.67,38.73,13.86,161.0,0.338,29.0,18.01,15.0,9.32,1.053,0.317,25.46,14.21,11.82,26.03,41.95,16.86,261.0,0.23,49.0,18.77,22.0,8.43,0.63,0.1,26.15,11.63,17.22,28.85,27.12,19.84,666.0,0.23,155.0,23.27,43.0,6.46,0.645,0.1289999999999999,25.9,12.29,16.56,28.85,28.37,25.66
746373,2024-06-23,2024,623993,R,664285,L,field_out,False,False,81.0,0.265,20.0,24.69,9.0,11.11,0.899,0.264,29.79,12.92,19.38,32.31,27.33,21.05,170.0,0.25,45.0,26.47,24.0,14.12,0.7909999999999999,0.188,28.15,11.77,18.98,30.75,26.34,19.31,261.0,0.23,49.0,18.77,22.0,8.43,0.63,0.1,26.15,11.63,17.22,28.85,27.12,19.84,666.0,0.23,155.0,23.27,43.0,6.46,0.645,0.1289999999999999,25.9,12.29,16.56,28.85,28.37,25.66
746373,2024-06-23,2024,683002,L,664285,L,field_out,False,False,106.0,0.282,28.0,26.42,17.0,16.04,0.956,0.25900000000000006,29.76,11.6,18.56,30.16,17.35,22.95,167.0,0.209,42.0,25.15,18.0,10.78,0.617,0.115,28.77,12.92,19.54,32.46,27.19,20.79,38.0,0.353,7.0,18.42,2.0,5.26,0.95,0.17600000000000005,16.98,6.92,20.77,27.69,21.21,21.88,142.0,0.22,45.0,31.69,14.0,9.86,0.7070000000000001,0.178,30.62,13.86,16.14,30.0,31.17,27.44
746373,2024-06-23,2024,673237,R,544150,R,single,False,False,188.0,0.254,27.0,14.36,7.0,3.72,0.69,0.15799999999999997,20.71,11.76,10.53,22.29,41.18,15.52,274.0,0.307,47.0,17.15,7.0,2.55,0.931,0.292,24.58,14.19,11.31,25.51,43.08,17.42,122.0,0.222,24.0,19.67,8.0,6.56,0.559,0.05600000000000002,23.02,11.39,13.95,25.34,30.0,13.95,,,,,,,,,,,,,,
746373,2024-06-23,2024,665161,R,544150,R,single,False,False,223.0,0.267,44.0,19.73,11.0,4.93,0.649,0.068,25.3,13.07,15.54,28.61,36.2,17.46,461.0,0.239,107.0,23.21,34.0,7.38,0.655,0.1089999999999999,30.36,15.5,13.92,29.42,35.52,20.7,122.0,0.222,24.0,19.67,8.0,6.56,0.559,0.05600000000000002,23.02,11.39,13.95,25.34,30.0,13.95,,,,,,,,,,,,,,
746373,2024-06-23,2024,643289,R,544150,R,sac_bunt,False,False,137.0,0.295,10.0,7.3,5.0,3.65,0.716,0.10000000000000003,17.2,10.21,12.35,22.57,42.86,9.01,375.0,0.263,58.0,15.47,13.0,3.47,0.6779999999999999,0.124,19.01,10.95,13.18,24.13,40.64,15.68,122.0,0.222,24.0,19.67,8.0,6.56,0.559,0.05600000000000002,23.02,11.39,13.95,25.34,30.0,13.95,,,,,,,,,,,,,,
746373,2024-06-23,2024,694388,L,544150,R,strikeout,True,False,44.0,0.341,17.0,38.64,2.0,4.55,0.86,0.14699999999999996,34.44,19.14,14.2,33.33,40.0,37.78,,,,,,,,,,,,,,,81.0,0.217,16.0,19.75,11.0,13.58,0.702,0.16,30.12,14.53,9.01,23.55,24.12,14.04,,,,,,,,,,,,,,
746373,2024-06-23,2024,676801,R,544150,R,field_out,False,False,94.0,0.238,29.0,30.85,7.0,7.45,0.6910000000000001,0.15500000000000003,33.69,16.32,15.28,31.61,30.62,22.4,319.0,0.25,82.0,25.71,27.0,8.46,0.769,0.186,28.62,13.94,15.79,29.73,30.75,21.75,122.0,0.222,24.0,19.67,8.0,6.56,0.559,0.05600000000000002,23.02,11.39,13.95,25.34,30.0,13.95,,,,,,,,,,,,,,
746373,2024-06-23,2024,676059,R,664285,L,strikeout,True,False,72.0,0.194,22.0,30.56,4.0,5.56,0.597,0.16399999999999998,37.16,19.43,13.07,32.51,30.0,25.29,82.0,0.284,23.0,28.05,8.0,9.76,0.786,0.148,32.37,14.29,17.14,31.43,25.99,24.21,261.0,0.23,49.0,18.77,22.0,8.43,0.63,0.1,26.15,11.63,17.22,28.85,27.12,19.84,666.0,0.23,155.0,23.27,43.0,6.46,0.645,0.1289999999999999,25.9,12.29,16.56,28.85,28.37,25.66
746373,2024-06-23,2024,669720,R,664285,L,field_out,False,False,46.0,0.364,16.0,34.78,2.0,4.35,0.891,0.136,36.14,17.75,15.98,33.73,36.26,40.0,167.0,0.262,37.0,22.16,16.0,9.58,0.785,0.194,26.6,11.87,17.25,29.11,29.39,20.9,261.0,0.23,49.0,18.77,22.0,8.43,0.63,0.1,26.15,11.63,17.22,28.85,27.12,19.84,666.0,0.23,155.0,23.27,43.0,6.46,0.645,0.1289999999999999,25.9,12.29,16.56,28.85,28.37,25.66
746373,2024-06-23,2024,622761,R,664285,L,strikeout,True,False,65.0,0.254,16.0,24.62,5.0,7.69,0.8480000000000001,0.271,19.84,9.69,16.67,26.36,29.77,18.6,138.0,0.276,23.0,16.67,9.0,6.52,0.745,0.1409999999999999,24.81,12.67,15.88,28.54,31.42,15.23,261.0,0.23,49.0,18.77,22.0,8.43,0.63,0.1,26.15,11.63,17.22,28.85,27.12,19.84,666.0,0.23,155.0,23.27,43.0,6.46,0.645,0.1289999999999999,25.9,12.29,16.56,28.85,28.37,25.66
746373,2024-06-23,2024,663967,L,544150,R,single,False,False,2.0,1.0,0.0,0.0,0.0,0.0,3.0,1.0,0.0,0.0,0.0,0.0,50.0,0.0,16.0,0.133,6.0,37.5,1.0,6.25,0.321,0.0,32.5,18.06,12.5,30.56,30.77,23.08,81.0,0.217,16.0,19.75,11.0,13.58,0.702,0.16,30.12,14.53,9.01,23.55,24.12,14.04,,,,,,,,,,,,,,
746373,2024-06-23,2024,514888,R,544150,R,field_out,False,False,249.0,0.289,49.0,19.68,15.0,6.02,0.792,0.16800000000000004,21.32,10.96,16.61,27.57,38.63,19.52,297.0,0.322,55.0,18.52,32.0,10.77,0.941,0.218,19.43,8.47,19.0,27.48,31.81,17.74,122.0,0.222,24.0,19.67,8.0,6.56,0.559,0.05600000000000002,23.02,11.39,13.95,25.34,30.0,13.95,,,,,,,,,,,,,,
746373,2024-06-23,2024,608324,R,544150,R,double,False,False,218.0,0.267,38.0,17.43,18.0,8.26,0.758,0.15899999999999997,15.48,7.01,18.74,25.75,24.77,13.62,508.0,0.282,67.0,13.19,65.0,12.8,0.8500000000000001,0.186,14.53,5.58,19.65,25.23,16.96,12.88,122.0,0.222,24.0,19.67,8.0,6.56,0.559,0.05600000000000002,23.02,11.39,13.95,25.34,30.0,13.95,,,,,,,,,,,,,,
746373,2024-06-23,2024,670541,L,544150,R,intent_walk,False,True,209.0,0.27,30.0,14.35,21.0,10.05,0.873,0.254,19.66,9.03,16.52,25.55,30.29,14.42,322.0,0.292,55.0,17.08,49.0,15.22,1.044,0.333,21.1,8.88,15.37,24.25,23.99,15.32,81.0,0.217,16.0,19.75,11.0,13.58,0.702,0.16,30.12,14.53,9.01,23.55,24.12,14.04,,,,,,,,,,,,,,
746373,2024-06-23,2024,673237,R,544150,R,sac_fly,False,False,188.0,0.254,27.0,14.36,7.0,3.72,0.69,0.15799999999999997,20.71,11.76,10.53,22.29,41.18,15.52,274.0,0.307,47.0,17.15,7.0,2.55,0.931,0.292,24.58,14.19,11.31,25.51,43.08,17.42,122.0,0.222,24.0,19.67,8.0,6.56,0.559,0.05600000000000002,23.02,11.39,13.95,25.34,30.0,13.95,,,,,,,,,,,,,,
746373,2024-06-23,2024,665161,R,544150,R,field_out,False,False,223.0,0.267,44.0,19.73,11.0,4.93,0.649,0.068,25.3,13.07,15.54,28.61,36.2,17.46,461.0,0.239,107.0,23.21,34.0,7.38,0.655,0.1089999999999999,30.36,15.5,13.92,29.42,35.52,20.7,122.0,0.222,24.0,19.67,8.0,6.56,0.559,0.05600000000000002,23.02,11.39,13.95,25.34,30.0,13.95,,,,,,,,,,,,,,
746373,2024-06-23,2024,602104,R,664285,L,field_out,False,False,35.0,0.188,6.0,17.14,1.0,2.86,0.507,0.062,20.0,10.29,13.97,24.26,28.36,14.63,124.0,0.241,29.0,23.39,10.0,8.06,0.654,0.098,26.55,12.58,16.35,28.93,29.75,21.64,261.0,0.23,49.0,18.77,22.0,8.43,0.63,0.1,26.15,11.63,17.22,28.85,27.12,19.84,666.0,0.23,155.0,23.27,43.0,6.46,0.645,0.1289999999999999,25.9,12.29,16.56,28.85,28.37,25.66
746373,2024-06-23,2024,681297,L,664285,L,single,False,False,58.0,0.2,22.0,37.93,4.0,6.9,0.621,0.14,35.71,14.71,21.43,36.13,20.34,27.85,9.0,0.143,2.0,22.22,1.0,11.11,0.476,0.0,25.0,8.11,27.03,35.14,15.79,18.18,38.0,0.353,7.0,18.42,2.0,5.26,0.95,0.17600000000000005,16.98,6.92,20.77,27.69,21.21,21.88,142.0,0.22,45.0,31.69,14.0,9.86,0.7070000000000001,0.178,30.62,13.86,16.14,30.0,31.17,27.44
746373,2024-06-23,2024,668939,R,664285,L,force_out,False,False,100.0,0.426,13.0,13.0,6.0,6.0,1.141,0.25500000000000006,17.75,7.44,21.59,29.03,23.62,12.38,191.0,0.304,21.0,10.99,31.0,16.23,0.895,0.177,12.46,4.9,20.56,25.46,20.79,8.71,261.0,0.23,49.0,18.77,22.0,8.43,0.63,0.1,26.15,11.63,17.22,28.85,27.12,19.84,666.0,0.23,155.0,23.27,43.0,6.46,0.645,0.1289999999999999,25.9,12.29,16.56,28.85,28.37,25.66
746373,2024-06-23,2024,663624,R,664285,L,single,False,False,85.0,0.282,14.0,16.47,7.0,8.24,0.815,0.192,20.86,11.54,12.13,23.67,38.73,13.86,161.0,0.338,29.0,18.01,15.0,9.32,1.053,0.317,25.46,14.21,11.82,26.03,41.95,16.86,261.0,0.23,49.0,18.77,22.0,8.43,0.63,0.1,26.15,11.63,17.22,28.85,27.12,19.84,666.0,0.23,155.0,23.27,43.0,6.46,0.645,0.1289999999999999,25.9,12.29,16.56,28.85,28.37,25.66
746373,2024-06-23,2024,623993,R,664285,L,force_out,False,False,81.0,0.265,20.0,24.69,9.0,11.11,0.899,0.264,29.79,12.92,19.38,32.31,27.33,21.05,170.0,0.25,45.0,26.47,24.0,14.12,0.7909999999999999,0.188,28.15,11.77,18.98,30.75,26.34,19.31,261.0,0.23,49.0,18.77,22.0,8.43,0.63,0.1,26.15,11.63,17.22,28.85,27.12,19.84,666.0,0.23,155.0,23.27,43.0,6.46,0.645,0.1289999999999999,25.9,12.29,16.56,28.85,28.37,25.66
746373,2024-06-23,2024,643289,R,544150,R,field_out,False,False,137.0,0.295,10.0,7.3,5.0,3.65,0.716,0.10000000000000003,17.2,10.21,12.35,22.57,42.86,9.01,375.0,0.263,58.0,15.47,13.0,3.47,0.6779999999999999,0.124,19.01,10.95,13.18,24.13,40.64,15.68,122.0,0.222,24.0,19.67,8.0,6.56,0.559,0.05600000000000002,23.02,11.39,13.95,25.34,30.0,13.95,,,,,,,,,,,,,,
746373,2024-06-23,2024,694388,L,544150,R,walk,False,True,44.0,0.341,17.0,38.64,2.0,4.55,0.86,0.14699999999999996,34.44,19.14,14.2,33.33,40.0,37.78,,,,,,,,,,,,,,,81.0,0.217,16.0,19.75,11.0,13.58,0.702,0.16,30.12,14.53,9.01,23.55,24.12,14.04,,,,,,,,,,,,,,
746373,2024-06-23,2024,676801,R,544150,R,strikeout,True,False,94.0,0.238,29.0,30.85,7.0,7.45,0.6910000000000001,0.15500000000000003,33.69,16.32,15.28,31.61,30.62,22.4,319.0,0.25,82.0,25.71,27.0,8.46,0.769,0.186,28.62,13.94,15.79,29.73,30.75,21.75,122.0,0.222,24.0,19.67,8.0,6.56,0.559,0.05600000000000002,23.02,11.39,13.95,25.34,30.0,13.95,,,,,,,,,,,,,,
746373,2024-06-23,2024,663967,L,544150,R,field_out,False,False,2.0,1.0,0.0,0.0,0.0,0.0,3.0,1.0,0.0,0.0,0.0,0.0,50.0,0.0,16.0,0.133,6.0,37.5,1.0,6.25,0.321,0.0,32.5,18.06,12.5,30.56,30.77,23.08,81.0,0.217,16.0,19.75,11.0,13.58,0.702,0.16,30.12,14.53,9.01,23.55,24.12,14.04,,,,,,,,,,,,,,
746373,2024-06-23,2024,683002,L,664285,L,field_out,False,False,106.0,0.282,28.0,26.42,17.0,16.04,0.956,0.25900000000000006,29.76,11.6,18.56,30.16,17.35,22.95,167.0,0.209,42.0,25.15,18.0,10.78,0.617,0.115,28.77,12.92,19.54,32.46,27.19,20.79,38.0,0.353,7.0,18.42,2.0,5.26,0.95,0.17600000000000005,16.98,6.92,20.77,27.69,21.21,21.88,142.0,0.22,45.0,31.69,14.0,9.86,0.7070000000000001,0.178,30.62,13.86,16.14,30.0,31.17,27.44
746373,2024-06-23,2024,676059,R,664285,L,home_run,False,False,72.0,0.194,22.0,30.56,4.0,5.56,0.597,0.16399999999999998,37.16,19.43,13.07,32.51,30.0,25.29,82.0,0.284,23.0,28.05,8.0,9.76,0.786,0.148,32.37,14.29,17.14,31.43,25.99,24.21,261.0,0.23,49.0,18.77,22.0,8.43,0.63,0.1,26.15,11.63,17.22,28.85,27.12,19.84,666.0,0.23,155.0,23.27,43.0,6.46,0.645,0.1289999999999999,25.9,12.29,16.56,28.85,28.37,25.66
746373,2024-06-23,2024,669720,R,664285,L,field_out,False,False,46.0,0.364,16.0,34.78,2.0,4.35,0.891,0.136,36.14,17.75,15.98,33.73,36.26,40.0,167.0,0.262,37.0,22.16,16.0,9.58,0.785,0.194,26.6,11.87,17.25,29.11,29.39,20.9,261.0,0.23,49.0,18.77,22.0,8.43,0.63,0.1,26.15,11.63,17.22,28.85,27.12,19.84,666.0,0.23,155.0,23.27,43.0,6.46,0.645,0.1289999999999999,25.9,12.29,16.56,28.85,28.37,25.66
746373,2024-06-23,2024,622761,R,664285,L,field_out,False,False,65.0,0.254,16.0,24.62,5.0,7.69,0.8480000000000001,0.271,19.84,9.69,16.67,26.36,29.77,18.6,138.0,0.276,23.0,16.67,9.0,6.52,0.745,0.1409999999999999,24.81,12.67,15.88,28.54,31.42,15.23,261.0,0.23,49.0,18.77,22.0,8.43,0.63,0.1,26.15,11.63,17.22,28.85,27.12,19.84,666.0,0.23,155.0,23.27,43.0,6.46,0.645,0.1289999999999999,25.9,12.29,16.56,28.85,28.37,25.66
746373,2024-06-23,2024,514888,R,622253,R,field_out,False,False,249.0,0.289,49.0,19.68,15.0,6.02,0.792,0.16800000000000004,21.32,10.96,16.61,27.57,38.63,19.52,297.0,0.322,55.0,18.52,32.0,10.77,0.941,0.218,19.43,8.47,19.0,27.48,31.81,17.74,76.0,0.232,16.0,21.05,5.0,6.58,0.5640000000000001,0.028999999999999998,17.97,7.93,19.66,27.59,26.87,18.39,,,,,,,,,,,,,,
746373,2024-06-23,2024,608324,R,622253,R,single,False,False,218.0,0.267,38.0,17.43,18.0,8.26,0.758,0.15899999999999997,15.48,7.01,18.74,25.75,24.77,13.62,508.0,0.282,67.0,13.19,65.0,12.8,0.8500000000000001,0.186,14.53,5.58,19.65,25.23,16.96,12.88,76.0,0.232,16.0,21.05,5.0,6.58,0.5640000000000001,0.028999999999999998,17.97,7.93,19.66,27.59,26.87,18.39,,,,,,,,,,,,,,
746373,2024-06-23,2024,670541,L,622253,R,strikeout,True,False,209.0,0.27,30.0,14.35,21.0,10.05,0.873,0.254,19.66,9.03,16.52,25.55,30.29,14.42,322.0,0.292,55.0,17.08,49.0,15.22,1.044,0.333,21.1,8.88,15.37,24.25,23.99,15.32,31.0,0.269,1.0,3.23,4.0,12.9,0.817,0.193,14.89,6.73,11.54,18.27,26.32,7.14,,,,,,,,,,,,,,
746373,2024-06-23,2024,673237,R,622253,R,single,False,False,188.0,0.254,27.0,14.36,7.0,3.72,0.69,0.15799999999999997,20.71,11.76,10.53,22.29,41.18,15.52,274.0,0.307,47.0,17.15,7.0,2.55,0.931,0.292,24.58,14.19,11.31,25.51,43.08,17.42,76.0,0.232,16.0,21.05,5.0,6.58,0.5640000000000001,0.028999999999999998,17.97,7.93,19.66,27.59,26.87,18.39,,,,,,,,,,,,,,
746373,2024-06-23,2024,665161,R,622253,R,double,False,False,223.0,0.267,44.0,19.73,11.0,4.93,0.649,0.068,25.3,13.07,15.54,28.61,36.2,17.46,461.0,0.239,107.0,23.21,34.0,7.38,0.655,0.1089999999999999,30.36,15.5,13.92,29.42,35.52,20.7,76.0,0.232,16.0,21.05,5.0,6.58,0.5640000000000001,0.028999999999999998,17.97,7.93,19.66,27.59,26.87,18.39,,,,,,,,,,,,,,
746373,2024-06-23,2024,643289,R,622253,R,field_out,False,False,137.0,0.295,10.0,7.3,5.0,3.65,0.716,0.10000000000000003,17.2,10.21,12.35,22.57,42.86,9.01,375.0,0.263,58.0,15.47,13.0,3.47,0.6779999999999999,0.124,19.01,10.95,13.18,24.13,40.64,15.68,76.0,0.232,16.0,21.05,5.0,6.58,0.5640000000000001,0.028999999999999998,17.97,7.93,19.66,27.59,26.87,18.39,,,,,,,,,,,,,,
746373,2024-06-23,2024,602104,R,664285,L,field_out,False,False,35.0,0.188,6.0,17.14,1.0,2.86,0.507,0.062,20.0,10.29,13.97,24.26,28.36,14.63,124.0,0.241,29.0,23.39,10.0,8.06,0.654,0.098,26.55,12.58,16.35,28.93,29.75,21.64,261.0,0.23,49.0,18.77,22.0,8.43,0.63,0.1,26.15,11.63,17.22,28.85,27.12,19.84,666.0,0.23,155.0,23.27,43.0,6.46,0.645,0.1289999999999999,25.9,12.29,16.56,28.85,28.37,25.66
746373,2024-06-23,2024,681297,L,664285,L,strikeout,True,False,58.0,0.2,22.0,37.93,4.0,6.9,0.621,0.14,35.71,14.71,21.43,36.13,20.34,27.85,9.0,0.143,2.0,22.22,1.0,11.11,0.476,0.0,25.0,8.11,27.03,35.14,15.79,18.18,38.0,0.353,7.0,18.42,2.0,5.26,0.95,0.17600000000000005,16.98,6.92,20.77,27.69,21.21,21.88,142.0,0.22,45.0,31.69,14.0,9.86,0.7070000000000001,0.178,30.62,13.86,16.14,30.0,31.17,27.44
746373,2024-06-23,2024,668939,R,664285,L,single,False,False,100.0,0.426,13.0,13.0,6.0,6.0,1.141,0.25500000000000006,17.75,7.44,21.59,29.03,23.62,12.38,191.0,0.304,21.0,10.99,31.0,16.23,0.895,0.177,12.46,4.9,20.56,25.46,20.79,8.71,261.0,0.23,49.0,18.77,22.0,8.43,0.63,0.1,26.15,11.63,17.22,28.85,27.12,19.84,666.0,0.23,155.0,23.27,43.0,6.46,0.645,0.1289999999999999,25.9,12.29,16.56,28.85,28.37,25.66
746373,2024-06-23,2024,663624,R,664285,L,field_out,False,False,85.0,0.282,14.0,16.47,7.0,8.24,0.815,0.192,20.86,11.54,12.13,23.67,38.73,13.86,161.0,0.338,29.0,18.01,15.0,9.32,1.053,0.317,25.46,14.21,11.82,26.03,41.95,16.86,261.0,0.23,49.0,18.77,22.0,8.43,0.63,0.1,26.15,11.63,17.22,28.85,27.12,19.84,666.0,0.23,155.0,23.27,43.0,6.46,0.645,0.1289999999999999,25.9,12.29,16.56,28.85,28.37,25.66
746373,2024-06-23,2024,694388,L,669211,L,strikeout,True,False,6.0,0.4,2.0,33.33,1.0,16.67,0.9,0.0,25.0,11.11,27.78,38.89,42.86,50.0,,,,,,,,,,,,,,,70.0,0.206,17.0,24.29,6.0,8.57,0.656,0.17500000000000002,24.14,10.04,19.35,29.39,17.97,22.97,46.0,0.326,9.0,19.57,0.0,0.0,0.869,0.217,24.44,13.33,19.39,32.73,38.36,19.15
746373,2024-06-23,2024,676801,R,669211,L,field_out,False,False,39.0,0.194,9.0,23.08,3.0,7.69,0.534,0.08400000000000002,27.27,14.29,11.56,25.85,28.0,24.32,138.0,0.325,35.0,25.36,13.0,9.42,1.009,0.285,31.52,15.56,12.88,28.44,29.0,20.96,89.0,0.179,24.0,26.97,7.0,7.87,0.558,0.129,31.82,14.37,18.77,33.14,25.0,25.0,67.0,0.345,18.0,26.87,7.0,10.45,0.857,0.103,25.5,12.88,15.93,28.81,31.58,16.98
746373,2024-06-23,2024,663967,L,669211,L,field_out,False,False,3.0,0.667,1.0,33.33,0.0,0.0,1.334,0.0,50.0,30.0,10.0,40.0,33.33,33.33,3.0,0.0,0.0,0.0,0.0,0.0,0.0,0.0,0.0,0.0,0.0,0.0,25.0,0.0,70.0,0.206,17.0,24.29,6.0,8.57,0.656,0.17500000000000002,24.14,10.04,19.35,29.39,17.97,22.97,46.0,0.326,9.0,19.57,0.0,0.0,0.869,0.217,24.44,13.33,19.39,32.73,38.36,19.15
746373,2024-06-23,2024,623993,R,687911,L,field_out,False,False,81.0,0.265,20.0,24.69,9.0,11.11,0.899,0.264,29.79,12.92,19.38,32.31,27.33,21.05,170.0,0.25,45.0,26.47,24.0,14.12,0.7909999999999999,0.188,28.15,11.77,18.98,30.75,26.34,19.31,,,,,,,,,,,,,,,,,,,,,,,,,,,,
746373,2024-06-23,2024,683002,L,687911,L,strikeout,True,False,106.0,0.282,28.0,26.42,17.0,16.04,0.956,0.25900000000000006,29.76,11.6,18.56,30.16,17.35,22.95,167.0,0.209,42.0,25.15,18.0,10.78,0.617,0.115,28.77,12.92,19.54,32.46,27.19,20.79,,,,,,,,,,,,,,,,,,,,,,,,,,,,
746373,2024-06-23,2024,676059,R,687911,L,field_out,False,False,72.0,0.194,22.0,30.56,4.0,5.56,0.597,0.16399999999999998,37.16,19.43,13.07,32.51,30.0,25.29,82.0,0.284,23.0,28.05,8.0,9.76,0.786,0.148,32.37,14.29,17.14,31.43,25.99,24.21,,,,,,,,,,,,,,,,,,,,,,,,,,,,
746373,2024-06-23,2024,514888,R,663989,L,single,False,False,89.0,0.321,15.0,16.85,6.0,6.74,0.8260000000000001,0.123,20.47,10.84,11.76,22.6,38.95,17.44,113.0,0.283,16.0,14.16,12.0,10.62,0.847,0.192,16.9,8.18,15.68,23.86,33.07,11.68,18.0,0.111,1.0,5.56,0.0,0.0,0.278,0.05600000000000001,22.86,14.04,14.04,28.07,42.86,6.67,40.0,0.342,5.0,12.5,1.0,2.5,1.007,0.29,19.72,9.79,18.88,28.67,35.38,12.82
746373,2024-06-23,2024,608324,R,663989,L,single,False,False,99.0,0.204,6.0,6.06,6.0,6.06,0.597,0.13999999999999999,6.37,2.84,21.59,24.43,25.73,6.32,216.0,0.215,20.0,9.26,27.0,12.5,0.6950000000000001,0.161,13.03,5.13,19.07,24.2,22.25,9.57,18.0,0.111,1.0,5.56,0.0,0.0,0.278,0.05600000000000001,22.86,14.04,14.04,28.07,42.86,6.67,40.0,0.342,5.0,12.5,1.0,2.5,1.007,0.29,19.72,9.79,18.88,28.67,35.38,12.82
746373,2024-06-23,2024,670541,L,663989,L,field_out,False,False,111.0,0.333,21.0,18.92,8.0,7.21,0.912,0.192,20.86,10.21,13.61,23.82,34.0,24.71,174.0,0.295,37.0,21.26,20.0,11.49,0.892,0.212,24.91,11.27,17.53,28.79,30.5,20.79,7.0,0.167,2.0,28.57,1.0,14.29,0.45299999999999996,0.0,25.0,10.0,13.33,23.33,26.32,22.22,19.0,0.167,4.0,21.05,1.0,5.26,0.433,0.0549999999999999,19.35,9.52,9.52,19.05,22.58,50.0
746373,2024-06-23,2024,673237,R,663989,L,sac_fly,False,False,75.0,0.257,10.0,13.33,4.0,5.33,0.6930000000000001,0.129,22.49,13.43,8.13,21.55,38.67,10.75,103.0,0.214,27.0,26.21,4.0,3.88,0.621,0.164,35.0,21.33,9.97,31.3,46.31,24.76,18.0,0.111,1.0,5.56,0.0,0.0,0.278,0.05600000000000001,22.86,14.04,14.04,28.07,42.86,6.67,40.0,0.342,5.0,12.5,1.0,2.5,1.007,0.29,19.72,9.79,18.88,28.67,35.38,12.82
746373,2024-06-23,2024,665161,R,663989,L,field_out,False,False,86.0,0.293,9.0,10.47,1.0,1.16,0.769,0.17000000000000004,23.3,13.71,12.04,25.75,39.86,10.11,174.0,0.325,22.0,12.64,9.0,5.17,0.8340000000000001,0.141,23.71,13.93,8.22,22.15,36.96,13.17,18.0,0.111,1.0,5.56,0.0,0.0,0.278,0.05600000000000001,22.86,14.04,14.04,28.07,42.86,6.67,40.0,0.342,5.0,12.5,1.0,2.5,1.007,0.29,19.72,9.79,18.88,28.67,35.38,12.82
746373,2024-06-23,2024,669720,R,664351,R,double,False,False,79.0,0.171,14.0,17.72,4.0,5.06,0.567,0.143,24.43,12.96,12.96,25.91,28.21,25.45,399.0,0.28,104.0,26.07,22.0,5.51,0.762,0.1589999999999999,29.22,13.77,18.52,32.29,31.55,22.92,,,,,,,,,,,,,,,,,,,,,,,,,,,,
746373,2024-06-23,2024,622761,R,664351,R,field_out,False,False,90.0,0.222,20.0,22.22,4.0,4.44,0.633,0.161,24.47,12.64,15.93,28.57,32.04,16.81,214.0,0.178,59.0,27.57,13.0,6.07,0.515,0.1099999999999999,30.51,15.04,17.45,32.49,35.45,26.94,,,,,,,,,,,,,,,,,,,,,,,,,,,,
746373,2024-06-23,2024,602104,R,664351,R,field_out,False,False,88.0,0.265,14.0,15.91,4.0,4.55,0.765,0.193,28.21,13.79,14.42,28.21,26.71,16.28,272.0,0.274,72.0,26.47,17.0,6.25,0.726,0.1169999999999999,29.67,14.82,16.24,31.07,27.7,24.41,,,,,,,,,,,,,,,,,,,,,,,,,,,,
746373,2024-06-23,2024,681297,L,664351,R,field_out,False,False,184.0,0.233,50.0,27.17,19.0,10.33,0.775,0.214,31.86,14.42,16.42,30.84,24.66,24.27,68.0,0.111,20.0,29.41,12.0,17.65,0.427,0.0369999999999999,26.67,10.98,17.07,28.05,21.51,17.7,,,,,,,,,,,,,,,,,,,,,,,,,,,,
746051,2024-06-23,2024,641487,L,667725,R,field_out,False,False,162.0,0.163,42.0,25.93,19.0,11.73,0.577,0.149,18.77,7.64,20.28,27.92,18.64,18.03,446.0,0.266,84.0,18.83,67.0,15.02,0.845,0.197,18.19,6.93,19.49,26.42,17.9,17.39,4.0,0.0,1.0,25.0,0.0,0.0,0.0,0.0,20.0,7.14,14.29,21.43,14.29,100.0,,,,,,,,,,,,,,
746051,2024-06-23,2024,668942,L,667725,R,strikeout,True,False,208.0,0.283,31.0,14.9,18.0,8.65,0.7829999999999999,0.15000000000000002,16.8,7.8,16.93,24.73,21.65,12.4,299.0,0.249,64.0,21.4,22.0,7.36,0.6559999999999999,0.1019999999999999,22.77,10.13,19.65,29.78,25.55,19.69,4.0,0.0,1.0,25.0,0.0,0.0,0.0,0.0,20.0,7.14,14.29,21.43,14.29,100.0,,,,,,,,,,,,,,
746051,2024-06-23,2024,677594,R,667725,R,field_out,False,False,238.0,0.251,66.0,27.73,14.0,5.88,0.63,0.08100000000000002,30.66,16.37,12.1,28.47,36.16,19.82,545.0,0.267,127.0,23.3,35.0,6.42,0.8109999999999999,0.2169999999999999,27.93,14.91,13.12,28.03,38.34,22.84,3.0,0.333,0.0,0.0,0.0,0.0,0.666,0.0,0.0,0.0,28.57,28.57,0.0,0.0,,,,,,,,,,,,,,
746051,2024-06-23,2024,665862,L,682243,R,double,False,False,202.0,0.26,48.0,23.76,19.0,9.41,0.791,0.199,27.76,12.98,13.46,26.44,30.09,20.43,290.0,0.275,91.0,31.38,20.0,6.9,0.8540000000000001,0.25,35.14,15.36,16.88,32.24,26.1,27.41,195.0,0.186,39.0,20.0,17.0,8.72,0.623,0.181,22.07,11.16,13.98,25.13,26.24,17.81,256.0,0.303,47.0,18.36,16.0,6.25,0.916,0.255,23.37,11.88,14.6,26.49,27.52,16.04
746051,2024-06-23,2024,605137,L,682243,R,field_out,False,False,208.0,0.265,42.0,20.19,11.0,5.29,0.7170000000000001,0.132,30.15,16.27,10.15,26.43,29.35,23.98,432.0,0.239,93.0,21.53,39.0,9.03,0.6970000000000001,0.148,24.59,11.57,13.95,25.52,28.11,20.58,195.0,0.186,39.0,20.0,17.0,8.72,0.623,0.181,22.07,11.16,13.98,25.13,26.24,17.81,256.0,0.303,47.0,18.36,16.0,6.25,0.916,0.255,23.37,11.88,14.6,26.49,27.52,16.04
746051,2024-06-23,2024,650559,R,682243,R,strikeout,True,False,211.0,0.228,54.0,25.59,16.0,7.58,0.719,0.20199999999999999,32.19,16.55,13.5,30.05,32.44,21.34,473.0,0.251,107.0,22.62,29.0,6.13,0.717,0.1689999999999999,28.95,14.54,15.93,30.47,34.61,18.71,153.0,0.21,43.0,28.1,9.0,5.88,0.556,0.091,27.11,13.14,17.58,30.72,25.0,22.22,282.0,0.2,72.0,25.53,10.0,3.55,0.549,0.1149999999999999,25.0,13.61,14.7,28.31,29.61,20.28
746051,2024-06-23,2024,660821,L,682243,R,walk,False,True,191.0,0.267,44.0,23.04,11.0,5.76,0.728,0.14199999999999996,26.51,14.51,12.07,26.58,36.7,19.56,353.0,0.258,93.0,26.35,36.0,10.2,0.805,0.21,29.33,14.21,14.01,28.21,30.32,20.53,195.0,0.186,39.0,20.0,17.0,8.72,0.623,0.181,22.07,11.16,13.98,25.13,26.24,17.81,256.0,0.303,47.0,18.36,16.0,6.25,0.916,0.255,23.37,11.88,14.6,26.49,27.52,16.04
746051,2024-06-23,2024,669394,R,682243,R,single,False,False,149.0,0.234,39.0,26.17,7.0,4.7,0.665,0.163,26.86,14.45,15.59,30.04,39.86,26.0,402.0,0.247,112.0,27.86,23.0,5.72,0.8,0.249,34.59,18.69,13.25,31.93,39.43,23.09,153.0,0.21,43.0,28.1,9.0,5.88,0.556,0.091,27.11,13.14,17.58,30.72,25.0,22.22,282.0,0.2,72.0,25.53,10.0,3.55,0.549,0.1149999999999999,25.0,13.61,14.7,28.31,29.61,20.28
746051,2024-06-23,2024,624503,L,682243,R,home_run,False,False,175.0,0.23,39.0,22.29,7.0,4.0,0.623,0.13399999999999998,30.81,18.94,9.63,28.57,44.98,20.0,83.0,0.16,10.0,12.05,1.0,1.2,0.48,0.149,20.99,12.19,10.39,22.58,38.35,12.82,195.0,0.186,39.0,20.0,17.0,8.72,0.623,0.181,22.07,11.16,13.98,25.13,26.24,17.81,256.0,0.303,47.0,18.36,16.0,6.25,0.916,0.255,23.37,11.88,14.6,26.49,27.52,16.04
746051,2024-06-23,2024,672640,R,682243,R,field_out,False,False,106.0,0.274,17.0,16.04,6.0,5.66,0.706,0.11499999999999999,22.63,12.08,13.2,25.28,31.25,17.89,,,,,,,,,,,,,,,153.0,0.21,43.0,28.1,9.0,5.88,0.556,0.091,27.11,13.14,17.58,30.72,25.0,22.22,282.0,0.2,72.0,25.53,10.0,3.55,0.549,0.1149999999999999,25.0,13.61,14.7,28.31,29.61,20.28
746051,2024-06-23,2024,686527,L,667725,R,single,False,False,109.0,0.255,27.0,24.77,10.0,9.17,0.831,0.255,33.16,16.93,16.15,33.07,38.19,25.23,155.0,0.221,26.0,16.77,5.0,3.23,0.661,0.1879999999999999,24.65,13.73,16.86,30.59,41.27,21.85,4.0,0.0,1.0,25.0,0.0,0.0,0.0,0.0,20.0,7.14,14.29,21.43,14.29,100.0,,,,,,,,,,,,,,
746051,2024-06-23,2024,664034,R,667725,R,grounded_into_double_play,False,False,182.0,0.241,45.0,24.73,14.0,7.69,0.696,0.136,20.24,9.43,15.53,24.97,23.73,19.15,506.0,0.24,85.0,16.8,37.0,7.31,0.698,0.1169999999999999,22.16,11.42,13.69,25.11,32.3,15.51,3.0,0.333,0.0,0.0,0.0,0.0,0.666,0.0,0.0,0.0,28.57,28.57,0.0,0.0,,,,,,,,,,,,,,
746051,2024-06-23,2024,670042,L,667725,R,single,False,False,167.0,0.256,54.0,32.34,6.0,3.59,0.76,0.199,36.04,19.32,11.92,31.24,29.84,31.95,363.0,0.247,112.0,30.85,26.0,7.16,0.8340000000000001,0.25,38.6,19.83,11.57,31.39,31.1,26.79,4.0,0.0,1.0,25.0,0.0,0.0,0.0,0.0,20.0,7.14,14.29,21.43,14.29,100.0,,,,,,,,,,,,,,
746051,2024-06-23,2024,641598,R,667725,R,force_out,False,False,173.0,0.153,56.0,32.37,23.0,13.29,0.5640000000000001,0.13199999999999998,34.63,13.55,21.85,35.41,18.87,24.56,262.0,0.25,70.0,26.72,25.0,9.54,0.845,0.267,25.84,10.63,19.22,29.85,18.71,21.21,3.0,0.333,0.0,0.0,0.0,0.0,0.666,0.0,0.0,0.0,28.57,28.57,0.0,0.0,,,,,,,,,,,,,,
746051,2024-06-23,2024,660644,L,682243,R,single,False,False,104.0,0.242,19.0,18.27,7.0,6.73,0.655,0.10499999999999998,25.25,13.16,12.63,25.79,26.26,16.96,63.0,0.196,17.0,26.98,4.0,6.35,0.494,0.036,25.62,13.36,13.79,27.16,31.45,26.98,195.0,0.186,39.0,20.0,17.0,8.72,0.623,0.181,22.07,11.16,13.98,25.13,26.24,17.81,256.0,0.303,47.0,18.36,16.0,6.25,0.916,0.255,23.37,11.88,14.6,26.49,27.52,16.04
746051,2024-06-23,2024,645305,R,682243,R,field_out,False,False,1.0,0.0,1.0,100.0,0.0,0.0,0.0,0.0,100.0,25.0,50.0,75.0,50.0,100.0,,,,,,,,,,,,,,,153.0,0.21,43.0,28.1,9.0,5.88,0.556,0.091,27.11,13.14,17.58,30.72,25.0,22.22,282.0,0.2,72.0,25.53,10.0,3.55,0.549,0.1149999999999999,25.0,13.61,14.7,28.31,29.61,20.28
746051,2024-06-23,2024,665862,L,682243,R,single,False,False,202.0,0.26,48.0,23.76,19.0,9.41,0.791,0.199,27.76,12.98,13.46,26.44,30.09,20.43,290.0,0.275,91.0,31.38,20.0,6.9,0.8540000000000001,0.25,35.14,15.36,16.88,32.24,26.1,27.41,195.0,0.186,39.0,20.0,17.0,8.72,0.623,0.181,22.07,11.16,13.98,25.13,26.24,17.81,256.0,0.303,47.0,18.36,16.0,6.25,0.916,0.255,23.37,11.88,14.6,26.49,27.52,16.04
746051,2024-06-23,2024,605137,L,682243,R,field_out,False,False,208.0,0.265,42.0,20.19,11.0,5.29,0.7170000000000001,0.132,30.15,16.27,10.15,26.43,29.35,23.98,432.0,0.239,93.0,21.53,39.0,9.03,0.6970000000000001,0.148,24.59,11.57,13.95,25.52,28.11,20.58,195.0,0.186,39.0,20.0,17.0,8.72,0.623,0.181,22.07,11.16,13.98,25.13,26.24,17.81,256.0,0.303,47.0,18.36,16.0,6.25,0.916,0.255,23.37,11.88,14.6,26.49,27.52,16.04
746051,2024-06-23,2024,650559,R,682243,R,caught_stealing_2b,False,False,211.0,0.228,54.0,25.59,16.0,7.58,0.719,0.20199999999999999,32.19,16.55,13.5,30.05,32.44,21.34,473.0,0.251,107.0,22.62,29.0,6.13,0.717,0.1689999999999999,28.95,14.54,15.93,30.47,34.61,18.71,153.0,0.21,43.0,28.1,9.0,5.88,0.556,0.091,27.11,13.14,17.58,30.72,25.0,22.22,282.0,0.2,72.0,25.53,10.0,3.55,0.549,0.1149999999999999,25.0,13.61,14.7,28.31,29.61,20.28
746051,2024-06-23,2024,571745,R,667725,R,field_out,False,False,182.0,0.244,49.0,26.92,15.0,8.24,0.718,0.16499999999999998,30.53,13.12,17.4,30.52,21.47,21.24,161.0,0.189,48.0,29.81,10.0,6.21,0.599,0.1619999999999999,28.57,13.33,19.22,32.56,25.34,22.02,3.0,0.333,0.0,0.0,0.0,0.0,0.666,0.0,0.0,0.0,28.57,28.57,0.0,0.0,,,,,,,,,,,,,,
746051,2024-06-23,2024,669208,R,667725,R,hit_by_pitch,False,False,28.0,0.28,5.0,17.86,1.0,3.57,0.6679999999999999,0.07999999999999996,25.53,13.48,13.48,26.97,16.67,20.83,,,,,,,,,,,,,,,3.0,0.333,0.0,0.0,0.0,0.0,0.666,0.0,0.0,0.0,28.57,28.57,0.0,0.0,,,,,,,,,,,,,,
746051,2024-06-23,2024,641487,L,667725,R,walk,False,True,162.0,0.163,42.0,25.93,19.0,11.73,0.577,0.149,18.77,7.64,20.28,27.92,18.64,18.03,446.0,0.266,84.0,18.83,67.0,15.02,0.845,0.197,18.19,6.93,19.49,26.42,17.9,17.39,4.0,0.0,1.0,25.0,0.0,0.0,0.0,0.0,20.0,7.14,14.29,21.43,14.29,100.0,,,,,,,,,,,,,,
746051,2024-06-23,2024,668942,L,667725,R,strikeout,True,False,208.0,0.283,31.0,14.9,18.0,8.65,0.7829999999999999,0.15000000000000002,16.8,7.8,16.93,24.73,21.65,12.4,299.0,0.249,64.0,21.4,22.0,7.36,0.6559999999999999,0.1019999999999999,22.77,10.13,19.65,29.78,25.55,19.69,4.0,0.0,1.0,25.0,0.0,0.0,0.0,0.0,20.0,7.14,14.29,21.43,14.29,100.0,,,,,,,,,,,,,,
746051,2024-06-23,2024,650559,R,682243,R,field_out,False,False,211.0,0.228,54.0,25.59,16.0,7.58,0.719,0.20199999999999999,32.19,16.55,13.5,30.05,32.44,21.34,473.0,0.251,107.0,22.62,29.0,6.13,0.717,0.1689999999999999,28.95,14.54,15.93,30.47,34.61,18.71,153.0,0.21,43.0,28.1,9.0,5.88,0.556,0.091,27.11,13.14,17.58,30.72,25.0,22.22,282.0,0.2,72.0,25.53,10.0,3.55,0.549,0.1149999999999999,25.0,13.61,14.7,28.31,29.61,20.28
746051,2024-06-23,2024,660821,L,682243,R,home_run,False,False,191.0,0.267,44.0,23.04,11.0,5.76,0.728,0.14199999999999996,26.51,14.51,12.07,26.58,36.7,19.56,353.0,0.258,93.0,26.35,36.0,10.2,0.805,0.21,29.33,14.21,14.01,28.21,30.32,20.53,195.0,0.186,39.0,20.0,17.0,8.72,0.623,0.181,22.07,11.16,13.98,25.13,26.24,17.81,256.0,0.303,47.0,18.36,16.0,6.25,0.916,0.255,23.37,11.88,14.6,26.49,27.52,16.04
746051,2024-06-23,2024,669394,R,682243,R,strikeout,True,False,149.0,0.234,39.0,26.17,7.0,4.7,0.665,0.163,26.86,14.45,15.59,30.04,39.86,26.0,402.0,0.247,112.0,27.86,23.0,5.72,0.8,0.249,34.59,18.69,13.25,31.93,39.43,23.09,153.0,0.21,43.0,28.1,9.0,5.88,0.556,0.091,27.11,13.14,17.58,30.72,25.0,22.22,282.0,0.2,72.0,25.53,10.0,3.55,0.549,0.1149999999999999,25.0,13.61,14.7,28.31,29.61,20.28
746051,2024-06-23,2024,624503,L,682243,R,field_out,False,False,175.0,0.23,39.0,22.29,7.0,4.0,0.623,0.13399999999999998,30.81,18.94,9.63,28.57,44.98,20.0,83.0,0.16,10.0,12.05,1.0,1.2,0.48,0.149,20.99,12.19,10.39,22.58,38.35,12.82,195.0,0.186,39.0,20.0,17.0,8.72,0.623,0.181,22.07,11.16,13.98,25.13,26.24,17.81,256.0,0.303,47.0,18.36,16.0,6.25,0.916,0.255,23.37,11.88,14.6,26.49,27.52,16.04
746051,2024-06-23,2024,677594,R,667725,R,field_out,False,False,238.0,0.251,66.0,27.73,14.0,5.88,0.63,0.08100000000000002,30.66,16.37,12.1,28.47,36.16,19.82,545.0,0.267,127.0,23.3,35.0,6.42,0.8109999999999999,0.2169999999999999,27.93,14.91,13.12,28.03,38.34,22.84,3.0,0.333,0.0,0.0,0.0,0.0,0.666,0.0,0.0,0.0,28.57,28.57,0.0,0.0,,,,,,,,,,,,,,
746051,2024-06-23,2024,686527,L,667725,R,walk,False,True,109.0,0.255,27.0,24.77,10.0,9.17,0.831,0.255,33.16,16.93,16.15,33.07,38.19,25.23,155.0,0.221,26.0,16.77,5.0,3.23,0.661,0.1879999999999999,24.65,13.73,16.86,30.59,41.27,21.85,4.0,0.0,1.0,25.0,0.0,0.0,0.0,0.0,20.0,7.14,14.29,21.43,14.29,100.0,,,,,,,,,,,,,,
746051,2024-06-23,2024,664034,R,667725,R,field_out,False,False,182.0,0.241,45.0,24.73,14.0,7.69,0.696,0.136,20.24,9.43,15.53,24.97,23.73,19.15,506.0,0.24,85.0,16.8,37.0,7.31,0.698,0.1169999999999999,22.16,11.42,13.69,25.11,32.3,15.51,3.0,0.333,0.0,0.0,0.0,0.0,0.666,0.0,0.0,0.0,28.57,28.57,0.0,0.0,,,,,,,,,,,,,,
746051,2024-06-23,2024,670042,L,667725,R,home_run,False,False,167.0,0.256,54.0,32.34,6.0,3.59,0.76,0.199,36.04,19.32,11.92,31.24,29.84,31.95,363.0,0.247,112.0,30.85,26.0,7.16,0.8340000000000001,0.25,38.6,19.83,11.57,31.39,31.1,26.79,4.0,0.0,1.0,25.0,0.0,0.0,0.0,0.0,20.0,7.14,14.29,21.43,14.29,100.0,,,,,,,,,,,,,,
746051,2024-06-23,2024,641598,R,667725,R,walk,False,True,173.0,0.153,56.0,32.37,23.0,13.29,0.5640000000000001,0.13199999999999998,34.63,13.55,21.85,35.41,18.87,24.56,262.0,0.25,70.0,26.72,25.0,9.54,0.845,0.267,25.84,10.63,19.22,29.85,18.71,21.21,3.0,0.333,0.0,0.0,0.0,0.0,0.666,0.0,0.0,0.0,28.57,28.57,0.0,0.0,,,,,,,,,,,,,,
746051,2024-06-23,2024,571745,R,667725,R,field_out,False,False,182.0,0.244,49.0,26.92,15.0,8.24,0.718,0.16499999999999998,30.53,13.12,17.4,30.52,21.47,21.24,161.0,0.189,48.0,29.81,10.0,6.21,0.599,0.1619999999999999,28.57,13.33,19.22,32.56,25.34,22.02,3.0,0.333,0.0,0.0,0.0,0.0,0.666,0.0,0.0,0.0,28.57,28.57,0.0,0.0,,,,,,,,,,,,,,
746051,2024-06-23,2024,672640,R,682243,R,field_out,False,False,106.0,0.274,17.0,16.04,6.0,5.66,0.706,0.11499999999999999,22.63,12.08,13.2,25.28,31.25,17.89,,,,,,,,,,,,,,,153.0,0.21,43.0,28.1,9.0,5.88,0.556,0.091,27.11,13.14,17.58,30.72,25.0,22.22,282.0,0.2,72.0,25.53,10.0,3.55,0.549,0.1149999999999999,25.0,13.61,14.7,28.31,29.61,20.28
746051,2024-06-23,2024,660644,L,682243,R,field_out,False,False,104.0,0.242,19.0,18.27,7.0,6.73,0.655,0.10499999999999998,25.25,13.16,12.63,25.79,26.26,16.96,63.0,0.196,17.0,26.98,4.0,6.35,0.494,0.036,25.62,13.36,13.79,27.16,31.45,26.98,195.0,0.186,39.0,20.0,17.0,8.72,0.623,0.181,22.07,11.16,13.98,25.13,26.24,17.81,256.0,0.303,47.0,18.36,16.0,6.25,0.916,0.255,23.37,11.88,14.6,26.49,27.52,16.04
746051,2024-06-23,2024,645305,R,682243,R,strikeout,True,False,1.0,0.0,1.0,100.0,0.0,0.0,0.0,0.0,100.0,25.0,50.0,75.0,50.0,100.0,,,,,,,,,,,,,,,153.0,0.21,43.0,28.1,9.0,5.88,0.556,0.091,27.11,13.14,17.58,30.72,25.0,22.22,282.0,0.2,72.0,25.53,10.0,3.55,0.549,0.1149999999999999,25.0,13.61,14.7,28.31,29.61,20.28
746051,2024-06-23,2024,669208,R,640462,L,strikeout,True,False,25.0,0.286,9.0,36.0,4.0,16.0,0.971,0.285,37.21,15.69,14.71,30.39,16.98,34.62,,,,,,,,,,,,,,,98.0,0.278,15.0,15.31,17.0,17.35,0.893,0.20299999999999996,22.22,9.95,16.17,26.12,26.32,12.4,166.0,0.261,49.0,29.52,11.0,6.63,0.765,0.197,33.03,16.05,18.42,34.47,27.76,21.88
746051,2024-06-23,2024,641487,L,640462,L,field_out,False,False,74.0,0.299,10.0,13.51,7.0,9.46,0.8280000000000001,0.16400000000000003,15.97,6.25,23.03,29.28,11.63,11.11,193.0,0.267,41.0,21.24,27.0,13.99,0.755,0.1149999999999999,19.56,7.7,20.12,27.83,20.15,17.67,42.0,0.289,8.0,19.05,3.0,7.14,0.788,0.15800000000000003,21.43,10.0,18.67,28.67,27.42,21.62,76.0,0.197,29.0,38.16,2.0,2.63,0.5780000000000001,0.141,33.08,15.03,23.78,38.81,33.07,30.85
746051,2024-06-23,2024,668942,L,640462,L,field_out,False,False,25.0,0.13,11.0,44.0,2.0,8.0,0.33,0.0,41.46,17.71,22.92,40.62,21.74,40.74,54.0,0.224,17.0,31.48,5.0,9.26,0.5609999999999999,0.041,32.61,13.64,21.82,35.45,26.36,24.29,42.0,0.289,8.0,19.05,3.0,7.14,0.788,0.15800000000000003,21.43,10.0,18.67,28.67,27.42,21.62,76.0,0.197,29.0,38.16,2.0,2.63,0.5780000000000001,0.141,33.08,15.03,23.78,38.81,33.07,30.85
746051,2024-06-23,2024,665862,L,642048,L,field_out,False,False,104.0,0.271,27.0,25.96,7.0,6.73,0.7330000000000001,0.135,27.55,12.86,16.67,29.52,29.91,19.15,94.0,0.172,27.0,28.72,6.0,6.38,0.479,0.081,39.88,19.01,18.18,37.19,30.36,25.23,35.0,0.172,9.0,25.71,5.0,14.29,0.521,0.035,25.0,11.68,16.06,27.74,28.99,19.57,69.0,0.21,16.0,23.19,4.0,5.8,0.516,0.048,28.1,13.77,21.05,34.82,33.02,23.19
746051,2024-06-23,2024,605137,R,642048,L,field_out,False,False,110.0,0.216,16.0,14.55,11.0,10.0,0.6519999999999999,0.145,22.95,10.19,14.81,25.0,28.26,16.49,186.0,0.265,41.0,22.04,24.0,12.9,0.854,0.2289999999999999,28.46,13.82,12.89,26.71,26.88,18.81,45.0,0.268,9.0,20.0,4.0,8.89,0.7230000000000001,0.122,30.86,14.79,14.2,28.99,40.78,20.45,139.0,0.248,27.0,19.42,19.0,13.67,0.72,0.088,30.42,13.42,15.81,29.23,33.43,18.75
746051,2024-06-23,2024,650559,R,642048,L,single,False,False,111.0,0.286,26.0,23.42,4.0,3.6,0.763,0.16200000000000003,28.05,15.66,12.63,28.28,31.58,26.8,154.0,0.277,35.0,22.73,11.0,7.14,0.708,0.1059999999999999,27.76,13.7,15.51,29.21,33.53,19.77,45.0,0.268,9.0,20.0,4.0,8.89,0.7230000000000001,0.122,30.86,14.79,14.2,28.99,40.78,20.45,139.0,0.248,27.0,19.42,19.0,13.67,0.72,0.088,30.42,13.42,15.81,29.23,33.43,18.75
746051,2024-06-23,2024,660821,L,642048,L,field_out,False,False,39.0,0.108,9.0,23.08,1.0,2.56,0.321,0.081,32.0,20.34,10.17,30.51,45.61,25.71,50.0,0.213,15.0,30.0,2.0,4.0,0.5640000000000001,0.106,36.46,18.82,18.82,37.63,40.62,23.73,35.0,0.172,9.0,25.71,5.0,14.29,0.521,0.035,25.0,11.68,16.06,27.74,28.99,19.57,69.0,0.21,16.0,23.19,4.0,5.8,0.516,0.048,28.1,13.77,21.05,34.82,33.02,23.19
746051,2024-06-23,2024,677594,R,640462,L,field_out,False,False,92.0,0.298,24.0,26.09,6.0,6.52,0.757,0.10700000000000004,31.75,17.44,10.17,27.62,36.41,23.3,169.0,0.301,48.0,28.4,12.0,7.1,0.842,0.186,29.55,15.52,11.29,26.8,35.14,26.23,98.0,0.278,15.0,15.31,17.0,17.35,0.893,0.20299999999999996,22.22,9.95,16.17,26.12,26.32,12.4,166.0,0.261,49.0,29.52,11.0,6.63,0.765,0.197,33.03,16.05,18.42,34.47,27.76,21.88
746051,2024-06-23,2024,686527,L,640462,L,strikeout,True,False,10.0,0.0,5.0,50.0,1.0,10.0,0.1,0.0,44.44,16.33,24.49,40.82,8.7,25.0,27.0,0.208,6.0,22.22,3.0,11.11,0.629,0.125,31.11,14.74,20.0,34.74,44.23,23.08,42.0,0.289,8.0,19.05,3.0,7.14,0.788,0.15800000000000003,21.43,10.0,18.67,28.67,27.42,21.62,76.0,0.197,29.0,38.16,2.0,2.63,0.5780000000000001,0.141,33.08,15.03,23.78,38.81,33.07,30.85
746051,2024-06-23,2024,664034,R,640462,L,field_out,False,False,76.0,0.242,17.0,22.37,11.0,14.47,0.785,0.16100000000000003,30.6,13.44,13.77,27.21,23.78,20.0,160.0,0.28,32.0,20.0,6.0,3.75,0.718,0.1129999999999999,21.07,12.16,10.7,22.85,36.66,14.81,98.0,0.278,15.0,15.31,17.0,17.35,0.893,0.20299999999999996,22.22,9.95,16.17,26.12,26.32,12.4,166.0,0.261,49.0,29.52,11.0,6.63,0.765,0.197,33.03,16.05,18.42,34.47,27.76,21.88
746051,2024-06-23,2024,669394,R,663423,R,strikeout,True,False,149.0,0.234,39.0,26.17,7.0,4.7,0.665,0.163,26.86,14.45,15.59,30.04,39.86,26.0,402.0,0.247,112.0,27.86,23.0,5.72,0.8,0.249,34.59,18.69,13.25,31.93,39.43,23.09,74.0,0.161,16.0,21.62,8.0,10.81,0.52,0.08099999999999999,31.01,14.44,16.61,31.05,24.31,20.51,70.0,0.209,19.0,27.14,3.0,4.29,0.5860000000000001,0.134,26.12,13.36,17.18,30.53,37.78,20.88
746051,2024-06-23,2024,624503,L,663423,R,strikeout,True,False,175.0,0.23,39.0,22.29,7.0,4.0,0.623,0.13399999999999998,30.81,18.94,9.63,28.57,44.98,20.0,83.0,0.16,10.0,12.05,1.0,1.2,0.48,0.149,20.99,12.19,10.39,22.58,38.35,12.82,59.0,0.259,17.0,28.81,2.0,3.39,0.6819999999999999,0.13,21.21,11.97,16.67,28.63,39.81,19.32,55.0,0.308,7.0,12.73,3.0,5.45,0.903,0.25,15.48,6.6,22.34,28.93,14.63,11.86
746051,2024-06-23,2024,672640,R,663423,R,strikeout_double_play,True,False,106.0,0.274,17.0,16.04,6.0,5.66,0.706,0.11499999999999999,22.63,12.08,13.2,25.28,31.25,17.89,,,,,,,,,,,,,,,74.0,0.161,16.0,21.62,8.0,10.81,0.52,0.08099999999999999,31.01,14.44,16.61,31.05,24.31,20.51,70.0,0.209,19.0,27.14,3.0,4.29,0.5860000000000001,0.134,26.12,13.36,17.18,30.53,37.78,20.88
746051,2024-06-23,2024,670042,L,623211,R,single,False,False,167.0,0.256,54.0,32.34,6.0,3.59,0.76,0.199,36.04,19.32,11.92,31.24,29.84,31.95,363.0,0.247,112.0,30.85,26.0,7.16,0.8340000000000001,0.25,38.6,19.83,11.57,31.39,31.1,26.79,30.0,0.125,5.0,16.67,6.0,20.0,0.425,0.0,31.48,13.49,11.9,25.4,25.0,16.67,96.0,0.298,19.0,19.79,11.0,11.46,0.815,0.142,31.52,15.03,14.45,29.48,33.7,20.43
746051,2024-06-23,2024,641598,R,623211,R,walk,False,True,173.0,0.153,56.0,32.37,23.0,13.29,0.5640000000000001,0.13199999999999998,34.63,13.55,21.85,35.41,18.87,24.56,262.0,0.25,70.0,26.72,25.0,9.54,0.845,0.267,25.84,10.63,19.22,29.85,18.71,21.21,27.0,0.13,8.0,29.63,2.0,7.41,0.389,0.0,23.08,13.04,13.91,26.96,41.07,20.51,161.0,0.209,46.0,28.57,20.0,12.42,0.618,0.0819999999999999,31.65,14.73,15.91,30.63,34.11,20.72
746051,2024-06-23,2024,663728,L,623211,R,field_out,False,False,205.0,0.228,70.0,34.15,19.0,9.27,0.6839999999999999,0.158,30.02,15.13,13.65,28.78,30.79,22.77,462.0,0.235,126.0,27.27,47.0,10.17,0.7909999999999999,0.241,29.58,14.2,14.09,28.29,30.53,21.36,30.0,0.125,5.0,16.67,6.0,20.0,0.425,0.0,31.48,13.49,11.9,25.4,25.0,16.67,96.0,0.298,19.0,19.79,11.0,11.46,0.815,0.142,31.52,15.03,14.45,29.48,33.7,20.43
746051,2024-06-23,2024,669208,R,623211,R,field_out,False,False,28.0,0.28,5.0,17.86,1.0,3.57,0.6679999999999999,0.07999999999999996,25.53,13.48,13.48,26.97,16.67,20.83,,,,,,,,,,,,,,,27.0,0.13,8.0,29.63,2.0,7.41,0.389,0.0,23.08,13.04,13.91,26.96,41.07,20.51,161.0,0.209,46.0,28.57,20.0,12.42,0.618,0.0819999999999999,31.65,14.73,15.91,30.63,34.11,20.72
746051,2024-06-23,2024,641487,L,677053,L,single,False,False,74.0,0.299,10.0,13.51,7.0,9.46,0.8280000000000001,0.16400000000000003,15.97,6.25,23.03,29.28,11.63,11.11,193.0,0.267,41.0,21.24,27.0,13.99,0.755,0.1149999999999999,19.56,7.7,20.12,27.83,20.15,17.67,48.0,0.182,16.0,33.33,2.0,4.17,0.46299999999999997,0.068,34.82,18.93,11.17,30.1,38.26,23.53,85.0,0.158,30.0,35.29,9.0,10.59,0.55,0.145,36.02,16.81,16.23,33.04,29.94,28.04
746051,2024-06-23,2024,664238,R,677053,L,strikeout,True,False,84.0,0.211,22.0,26.19,8.0,9.52,0.749,0.24000000000000002,20.57,8.98,18.89,27.86,19.48,23.91,92.0,0.222,28.0,30.43,10.0,10.87,0.796,0.259,33.33,14.66,18.06,32.72,23.83,23.53,74.0,0.328,17.0,22.97,5.0,6.76,0.945,0.23899999999999993,22.22,11.61,15.16,26.77,33.54,16.83,152.0,0.244,43.0,28.29,12.0,7.89,0.7250000000000001,0.156,25.08,13.04,14.17,27.21,33.33,18.53
746051,2024-06-23,2024,660644,L,608723,R,walk,False,True,104.0,0.242,19.0,18.27,7.0,6.73,0.655,0.10499999999999998,25.25,13.16,12.63,25.79,26.26,16.96,63.0,0.196,17.0,26.98,4.0,6.35,0.494,0.036,25.62,13.36,13.79,27.16,31.45,26.98,59.0,0.179,9.0,15.25,2.0,3.39,0.559,0.16000000000000003,22.22,11.32,14.62,25.94,27.45,16.98,68.0,0.288,10.0,14.71,7.0,10.29,0.772,0.102,13.95,6.08,17.57,23.65,25.81,11.76
746051,2024-06-23,2024,645305,R,608723,R,sac_bunt,False,False,1.0,0.0,1.0,100.0,0.0,0.0,0.0,0.0,100.0,25.0,50.0,75.0,50.0,100.0,,,,,,,,,,,,,,,55.0,0.196,16.0,29.09,3.0,5.45,0.628,0.177,34.82,17.81,15.07,32.88,37.7,23.88,92.0,0.272,24.0,26.09,8.0,8.7,0.847,0.2339999999999999,30.85,15.63,15.36,31.0,35.26,18.75
746051,2024-06-23,2024,665862,L,608723,R,strikeout,True,False,202.0,0.26,48.0,23.76,19.0,9.41,0.791,0.199,27.76,12.98,13.46,26.44,30.09,20.43,290.0,0.275,91.0,31.38,20.0,6.9,0.8540000000000001,0.25,35.14,15.36,16.88,32.24,26.1,27.41,59.0,0.179,9.0,15.25,2.0,3.39,0.559,0.16000000000000003,22.22,11.32,14.62,25.94,27.45,16.98,68.0,0.288,10.0,14.71,7.0,10.29,0.772,0.102,13.95,6.08,17.57,23.65,25.81,11.76
746051,2024-06-23,2024,605137,L,608723,R,walk,False,True,208.0,0.265,42.0,20.19,11.0,5.29,0.7170000000000001,0.132,30.15,16.27,10.15,26.43,29.35,23.98,432.0,0.239,93.0,21.53,39.0,9.03,0.6970000000000001,0.148,24.59,11.57,13.95,25.52,28.11,20.58,59.0,0.179,9.0,15.25,2.0,3.39,0.559,0.16000000000000003,22.22,11.32,14.62,25.94,27.45,16.98,68.0,0.288,10.0,14.71,7.0,10.29,0.772,0.102,13.95,6.08,17.57,23.65,25.81,11.76
746051,2024-06-23,2024,650559,R,608723,R,force_out,False,False,211.0,0.228,54.0,25.59,16.0,7.58,0.719,0.20199999999999999,32.19,16.55,13.5,30.05,32.44,21.34,473.0,0.251,107.0,22.62,29.0,6.13,0.717,0.1689999999999999,28.95,14.54,15.93,30.47,34.61,18.71,55.0,0.196,16.0,29.09,3.0,5.45,0.628,0.177,34.82,17.81,15.07,32.88,37.7,23.88,92.0,0.272,24.0,26.09,8.0,8.7,0.847,0.2339999999999999,30.85,15.63,15.36,31.0,35.26,18.75
746051,2024-06-23,2024,677594,R,676534,R,strikeout,True,False,238.0,0.251,66.0,27.73,14.0,5.88,0.63,0.08100000000000002,30.66,16.37,12.1,28.47,36.16,19.82,545.0,0.267,127.0,23.3,35.0,6.42,0.8109999999999999,0.2169999999999999,27.93,14.91,13.12,28.03,38.34,22.84,72.0,0.27,15.0,20.83,6.0,8.33,0.708,0.09499999999999997,26.77,11.93,13.68,25.61,20.55,16.85,76.0,0.265,19.0,25.0,8.0,10.53,0.827,0.2199999999999999,25.16,12.27,15.95,28.22,27.98,15.97
746051,2024-06-23,2024,686527,L,676534,R,strikeout,True,False,109.0,0.255,27.0,24.77,10.0,9.17,0.831,0.255,33.16,16.93,16.15,33.07,38.19,25.23,155.0,0.221,26.0,16.77,5.0,3.23,0.661,0.1879999999999999,24.65,13.73,16.86,30.59,41.27,21.85,42.0,0.235,13.0,30.95,7.0,16.67,0.7689999999999999,0.177,27.27,11.29,18.28,29.57,23.91,18.57,44.0,0.333,6.0,13.64,4.0,9.09,0.819,0.0769999999999999,19.05,8.42,18.95,27.37,21.98,8.96
746051,2024-06-23,2024,664034,R,676534,R,field_out,False,False,182.0,0.241,45.0,24.73,14.0,7.69,0.696,0.136,20.24,9.43,15.53,24.97,23.73,19.15,506.0,0.24,85.0,16.8,37.0,7.31,0.698,0.1169999999999999,22.16,11.42,13.69,25.11,32.3,15.51,72.0,0.27,15.0,20.83,6.0,8.33,0.708,0.09499999999999997,26.77,11.93,13.68,25.61,20.55,16.85,76.0,0.265,19.0,25.0,8.0,10.53,0.827,0.2199999999999999,25.16,12.27,15.95,28.22,27.98,15.97
746051,2024-06-23,2024,670042,L,676534,R,field_out,False,False,167.0,0.256,54.0,32.34,6.0,3.59,0.76,0.199,36.04,19.32,11.92,31.24,29.84,31.95,363.0,0.247,112.0,30.85,26.0,7.16,0.8340000000000001,0.25,38.6,19.83,11.57,31.39,31.1,26.79,42.0,0.235,13.0,30.95,7.0,16.67,0.7689999999999999,0.177,27.27,11.29,18.28,29.57,23.91,18.57,44.0,0.333,6.0,13.64,4.0,9.09,0.819,0.0769999999999999,19.05,8.42,18.95,27.37,21.98,8.96
746051,2024-06-23,2024,660821,L,657508,R,strikeout,True,False,191.0,0.267,44.0,23.04,11.0,5.76,0.728,0.14199999999999996,26.51,14.51,12.07,26.58,36.7,19.56,353.0,0.258,93.0,26.35,36.0,10.2,0.805,0.21,29.33,14.21,14.01,28.21,30.32,20.53,48.0,0.282,11.0,22.92,8.0,16.67,0.909,0.23100000000000004,19.51,8.47,16.93,25.4,20.45,19.3,100.0,0.209,28.0,28.0,14.0,14.0,0.6799999999999999,0.151,26.6,12.25,16.91,29.17,27.69,22.05
746051,2024-06-23,2024,669394,R,657508,R,field_out,False,False,149.0,0.234,39.0,26.17,7.0,4.7,0.665,0.163,26.86,14.45,15.59,30.04,39.86,26.0,402.0,0.247,112.0,27.86,23.0,5.72,0.8,0.249,34.59,18.69,13.25,31.93,39.43,23.09,78.0,0.211,17.0,21.79,6.0,7.69,0.6479999999999999,0.155,27.86,13.64,15.03,28.67,26.85,21.52,173.0,0.228,33.0,19.08,19.0,10.98,0.696,0.148,24.01,11.74,12.93,24.67,27.17,16.02
746051,2024-06-23,2024,624503,L,657508,R,strikeout,True,False,175.0,0.23,39.0,22.29,7.0,4.0,0.623,0.13399999999999998,30.81,18.94,9.63,28.57,44.98,20.0,83.0,0.16,10.0,12.05,1.0,1.2,0.48,0.149,20.99,12.19,10.39,22.58,38.35,12.82,48.0,0.282,11.0,22.92,8.0,16.67,0.909,0.23100000000000004,19.51,8.47,16.93,25.4,20.45,19.3,100.0,0.209,28.0,28.0,14.0,14.0,0.6799999999999999,0.151,26.6,12.25,16.91,29.17,27.69,22.05
746051,2024-06-23,2024,641598,R,656945,L,single,False,False,79.0,0.209,18.0,22.78,11.0,13.92,0.779,0.254,23.53,8.82,23.14,31.96,18.89,13.85,84.0,0.344,12.0,14.29,19.0,22.62,0.938,0.094,15.7,5.37,20.06,25.42,13.76,12.9,97.0,0.154,24.0,24.74,14.0,14.43,0.514,0.07700000000000001,30.94,14.78,16.09,30.87,30.48,22.22,207.0,0.19,65.0,31.4,13.0,6.28,0.5,0.0529999999999999,32.79,17.6,15.73,33.33,40.1,24.9
746051,2024-06-23,2024,663728,R,656945,L,walk,False,True,72.0,0.113,20.0,27.78,6.0,8.33,0.563,0.242,32.91,17.87,10.65,28.52,33.78,20.0,108.0,0.218,32.0,29.63,7.0,6.48,0.645,0.158,31.38,17.77,9.0,26.78,35.38,24.06,97.0,0.154,24.0,24.74,14.0,14.43,0.514,0.07700000000000001,30.94,14.78,16.09,30.87,30.48,22.22,207.0,0.19,65.0,31.4,13.0,6.28,0.5,0.0529999999999999,32.79,17.6,15.73,33.33,40.1,24.9
746051,2024-06-23,2024,669208,R,656945,L,field_out,False,False,25.0,0.286,9.0,36.0,4.0,16.0,0.971,0.285,37.21,15.69,14.71,30.39,16.98,34.62,,,,,,,,,,,,,,,97.0,0.154,24.0,24.74,14.0,14.43,0.514,0.07700000000000001,30.94,14.78,16.09,30.87,30.48,22.22,207.0,0.19,65.0,31.4,13.0,6.28,0.5,0.0529999999999999,32.79,17.6,15.73,33.33,40.1,24.9
746051,2024-06-23,2024,641487,L,656945,L,strikeout,True,False,74.0,0.299,10.0,13.51,7.0,9.46,0.8280000000000001,0.16400000000000003,15.97,6.25,23.03,29.28,11.63,11.11,193.0,0.267,41.0,21.24,27.0,13.99,0.755,0.1149999999999999,19.56,7.7,20.12,27.83,20.15,17.67,37.0,0.107,10.0,27.03,8.0,21.62,0.485,0.072,33.8,14.55,13.94,28.48,19.05,18.87,100.0,0.193,39.0,39.0,11.0,11.0,0.587,0.1139999999999999,43.85,19.57,19.81,39.38,26.13,31.2
746051,2024-06-23,2024,664238,R,656945,L,single,False,False,84.0,0.211,22.0,26.19,8.0,9.52,0.749,0.24000000000000002,20.57,8.98,18.89,27.86,19.48,23.91,92.0,0.222,28.0,30.43,10.0,10.87,0.796,0.259,33.33,14.66,18.06,32.72,23.83,23.53,97.0,0.154,24.0,24.74,14.0,14.43,0.514,0.07700000000000001,30.94,14.78,16.09,30.87,30.48,22.22,207.0,0.19,65.0,31.4,13.0,6.28,0.5,0.0529999999999999,32.79,17.6,15.73,33.33,40.1,24.9
746051,2024-06-23,2024,677594,R,656945,L,field_out,False,False,92.0,0.298,24.0,26.09,6.0,6.52,0.757,0.10700000000000004,31.75,17.44,10.17,27.62,36.41,23.3,169.0,0.301,48.0,28.4,12.0,7.1,0.842,0.186,29.55,15.52,11.29,26.8,35.14,26.23,97.0,0.154,24.0,24.74,14.0,14.43,0.514,0.07700000000000001,30.94,14.78,16.09,30.87,30.48,22.22,207.0,0.19,65.0,31.4,13.0,6.28,0.5,0.0529999999999999,32.79,17.6,15.73,33.33,40.1,24.9
746457,2024-06-23,2024,502054,R,681857,R,field_out,False,False,134.0,0.28,26.0,19.4,9.0,6.72,0.704,0.09599999999999997,23.29,9.59,21.43,31.02,18.83,17.69,304.0,0.262,71.0,23.36,28.0,9.21,0.767,0.173,26.61,10.98,19.38,30.37,21.23,21.19,149.0,0.259,29.0,19.46,8.0,5.37,0.6399999999999999,0.08599999999999997,29.08,13.3,17.85,31.15,32.13,19.08,232.0,0.213,53.0,22.84,10.0,4.31,0.621,0.158,29.12,14.08,17.25,31.33,33.69,18.86
746457,2024-06-23,2024,643217,L,681857,R,strikeout,True,False,178.0,0.235,27.0,15.17,10.0,5.62,0.6120000000000001,0.10200000000000004,17.55,8.56,16.97,25.54,25.76,14.36,486.0,0.261,67.0,13.79,42.0,8.64,0.67,0.082,19.05,9.13,14.74,23.87,26.13,13.62,176.0,0.234,40.0,22.73,15.0,8.52,0.671,0.12999999999999998,26.82,12.83,15.2,28.03,32.11,17.32,190.0,0.218,50.0,26.32,23.0,12.11,0.687,0.158,25.27,11.11,16.18,27.29,26.16,18.12
746457,2024-06-23,2024,650391,R,681857,R,strikeout,True,False,115.0,0.238,22.0,19.13,9.0,7.83,0.715,0.181,22.86,11.85,14.57,26.42,28.36,17.05,392.0,0.273,78.0,19.9,24.0,6.12,0.762,0.172,30.51,16.0,12.65,28.65,36.66,20.91,149.0,0.259,29.0,19.46,8.0,5.37,0.6399999999999999,0.08599999999999997,29.08,13.3,17.85,31.15,32.13,19.08,232.0,0.213,53.0,22.84,10.0,4.31,0.621,0.158,29.12,14.08,17.25,31.33,33.69,18.86
746457,2024-06-23,2024,663837,R,686563,R,triple,False,False,184.0,0.25,43.0,23.37,9.0,4.89,0.7669999999999999,0.22699999999999998,21.07,8.98,20.51,29.49,19.1,18.38,383.0,0.26,92.0,24.02,29.0,7.57,0.724,0.14,21.06,9.23,21.95,31.18,28.67,18.31,74.0,0.159,15.0,20.27,3.0,4.05,0.382,0.028999999999999998,22.6,11.04,16.72,27.76,27.03,14.29,,,,,,,,,,,,,,
746457,2024-06-23,2024,690993,L,686563,R,home_run,False,False,210.0,0.236,35.0,16.67,12.0,5.71,0.609,0.08700000000000002,22.28,10.65,16.75,27.4,32.76,17.41,,,,,,,,,,,,,,,62.0,0.39,13.0,20.97,3.0,4.84,1.08,0.271,25.22,12.72,14.91,27.63,33.06,18.06,,,,,,,,,,,,,,
746457,2024-06-23,2024,682985,L,686563,R,field_out,False,False,249.0,0.28,65.0,26.1,35.0,14.06,0.914,0.251,28.13,11.58,17.61,29.18,20.79,22.73,323.0,0.291,84.0,26.01,28.0,8.67,0.826,0.182,27.26,12.45,16.06,28.52,24.68,20.14,62.0,0.39,13.0,20.97,3.0,4.84,1.08,0.271,25.22,12.72,14.91,27.63,33.06,18.06,,,,,,,,,,,,,,
746457,2024-06-23,2024,592192,R,686563,R,field_error,False,False,226.0,0.228,46.0,20.35,22.0,9.73,0.666,0.10900000000000001,22.41,8.89,23.44,32.33,21.33,17.56,341.0,0.261,56.0,16.42,28.0,8.21,0.721,0.1079999999999999,18.91,7.86,21.98,29.84,23.71,13.49,74.0,0.159,15.0,20.27,3.0,4.05,0.382,0.028999999999999998,22.6,11.04,16.72,27.76,27.03,14.29,,,,,,,,,,,,,,
746457,2024-06-23,2024,672761,L,686563,R,double,False,False,168.0,0.242,37.0,22.02,13.0,7.74,0.6719999999999999,0.131,21.85,9.75,19.79,29.54,26.59,17.29,,,,,,,,,,,,,,,62.0,0.39,13.0,20.97,3.0,4.84,1.08,0.271,25.22,12.72,14.91,27.63,33.06,18.06,,,,,,,,,,,,,,
746457,2024-06-23,2024,570482,R,686563,R,field_out,False,False,126.0,0.294,18.0,14.29,5.0,3.97,0.712,0.09300000000000003,19.4,9.7,17.46,27.16,33.77,14.17,175.0,0.276,30.0,17.14,9.0,5.14,0.653,0.061,20.55,11.01,13.8,24.82,34.39,12.39,74.0,0.159,15.0,20.27,3.0,4.05,0.382,0.028999999999999998,22.6,11.04,16.72,27.76,27.03,14.29,,,,,,,,,,,,,,
746457,2024-06-23,2024,668731,L,686563,R,home_run,False,False,40.0,0.129,8.0,20.0,8.0,20.0,0.623,0.194,32.43,15.29,10.19,25.48,27.59,21.62,347.0,0.218,87.0,25.07,42.0,12.1,0.688,0.158,25.51,11.78,14.66,26.44,24.86,21.97,62.0,0.39,13.0,20.97,3.0,4.84,1.08,0.271,25.22,12.72,14.91,27.63,33.06,18.06,,,,,,,,,,,,,,
746457,2024-06-23,2024,656716,L,686563,R,strikeout,True,False,118.0,0.179,35.0,29.66,10.0,8.47,0.518,0.08500000000000002,29.02,13.8,17.2,31.0,30.83,24.14,475.0,0.23,109.0,22.95,38.0,8.0,0.653,0.1259999999999999,21.06,10.13,16.08,26.2,28.04,19.12,62.0,0.39,13.0,20.97,3.0,4.84,1.08,0.271,25.22,12.72,14.91,27.63,33.06,18.06,,,,,,,,,,,,,,
746457,2024-06-23,2024,657757,L,681857,R,single,False,False,228.0,0.24,38.0,16.67,29.0,12.72,0.742,0.15800000000000003,20.96,9.04,18.5,27.55,28.52,12.46,324.0,0.212,58.0,17.9,28.0,8.64,0.63,0.1369999999999999,20.44,9.67,14.66,24.33,29.35,14.25,176.0,0.234,40.0,22.73,15.0,8.52,0.671,0.12999999999999998,26.82,12.83,15.2,28.03,32.11,17.32,190.0,0.218,50.0,26.32,23.0,12.11,0.687,0.158,25.27,11.11,16.18,27.29,26.16,18.12
746457,2024-06-23,2024,683734,R,681857,R,field_out,False,False,234.0,0.233,56.0,23.93,15.0,6.41,0.6679999999999999,0.144,21.97,10.56,17.49,28.05,31.09,19.51,474.0,0.267,109.0,23.0,29.0,6.12,0.774,0.18,26.24,11.95,18.94,30.89,30.92,21.51,149.0,0.259,29.0,19.46,8.0,5.37,0.6399999999999999,0.08599999999999997,29.08,13.3,17.85,31.15,32.13,19.08,232.0,0.213,53.0,22.84,10.0,4.31,0.621,0.158,29.12,14.08,17.25,31.33,33.69,18.86
746457,2024-06-23,2024,657557,R,681857,R,force_out,False,False,190.0,0.261,59.0,31.05,6.0,3.16,0.8109999999999999,0.239,32.69,19.18,9.73,28.91,34.23,25.32,281.0,0.203,86.0,30.6,12.0,4.27,0.603,0.1539999999999999,36.49,19.09,15.38,34.47,35.28,34.68,149.0,0.259,29.0,19.46,8.0,5.37,0.6399999999999999,0.08599999999999997,29.08,13.3,17.85,31.15,32.13,19.08,232.0,0.213,53.0,22.84,10.0,4.31,0.621,0.158,29.12,14.08,17.25,31.33,33.69,18.86
746457,2024-06-23,2024,670032,L,681857,R,field_out,False,False,194.0,0.236,31.0,15.98,15.0,7.73,0.5760000000000001,0.040000000000000036,17.91,8.8,15.69,24.49,27.14,17.32,212.0,0.228,33.0,15.57,24.0,11.32,0.647,0.089,22.47,10.7,16.47,27.16,26.6,14.22,176.0,0.234,40.0,22.73,15.0,8.52,0.671,0.12999999999999998,26.82,12.83,15.2,28.03,32.11,17.32,190.0,0.218,50.0,26.32,23.0,12.11,0.687,0.158,25.27,11.11,16.18,27.29,26.16,18.12
746457,2024-06-23,2024,668670,R,686563,R,single,False,False,107.0,0.218,34.0,31.78,4.0,3.74,0.628,0.148,33.87,15.71,19.2,34.91,25.52,28.81,259.0,0.215,84.0,32.43,20.0,7.72,0.676,0.18,31.32,14.43,18.81,33.23,22.13,28.38,74.0,0.159,15.0,20.27,3.0,4.05,0.382,0.028999999999999998,22.6,11.04,16.72,27.76,27.03,14.29,,,,,,,,,,,,,,
746457,2024-06-23,2024,663837,R,686563,R,single,False,False,184.0,0.25,43.0,23.37,9.0,4.89,0.7669999999999999,0.22699999999999998,21.07,8.98,20.51,29.49,19.1,18.38,383.0,0.26,92.0,24.02,29.0,7.57,0.724,0.14,21.06,9.23,21.95,31.18,28.67,18.31,74.0,0.159,15.0,20.27,3.0,4.05,0.382,0.028999999999999998,22.6,11.04,16.72,27.76,27.03,14.29,,,,,,,,,,,,,,
746457,2024-06-23,2024,690993,L,686563,R,single,False,False,210.0,0.236,35.0,16.67,12.0,5.71,0.609,0.08700000000000002,22.28,10.65,16.75,27.4,32.76,17.41,,,,,,,,,,,,,,,62.0,0.39,13.0,20.97,3.0,4.84,1.08,0.271,25.22,12.72,14.91,27.63,33.06,18.06,,,,,,,,,,,,,,
746457,2024-06-23,2024,682985,L,694363,L,home_run,False,False,71.0,0.185,19.0,26.76,5.0,7.04,0.581,0.15300000000000002,24.06,10.77,20.54,31.31,22.83,17.76,93.0,0.279,30.0,32.26,7.0,7.53,0.6930000000000001,0.0809999999999999,30.96,15.64,16.92,32.56,32.98,21.74,46.0,0.293,6.0,13.04,2.0,4.35,0.7010000000000001,0.09700000000000003,20.0,11.32,11.95,23.27,28.77,14.29,51.0,0.238,8.0,15.69,7.0,13.73,0.738,0.167,25.3,10.66,17.26,27.92,21.82,14.29
746457,2024-06-23,2024,592192,R,694363,L,single,False,False,63.0,0.288,14.0,22.22,10.0,15.87,0.8939999999999999,0.193,25.0,9.93,19.18,29.11,18.18,13.59,168.0,0.264,23.0,13.69,21.0,12.5,0.825,0.2,17.23,7.09,21.84,28.93,23.86,9.54,77.0,0.215,10.0,12.99,11.0,14.29,0.663,0.12300000000000003,22.73,9.23,13.54,22.77,20.94,12.99,179.0,0.27,22.0,12.29,19.0,10.61,0.7989999999999999,0.177,20.58,9.6,15.74,25.34,24.62,12.15
746457,2024-06-23,2024,672761,R,694363,L,strikeout,True,False,47.0,0.295,10.0,21.28,3.0,6.38,0.772,0.137,13.98,7.1,14.21,21.31,35.0,16.95,,,,,,,,,,,,,,,77.0,0.215,10.0,12.99,11.0,14.29,0.663,0.12300000000000003,22.73,9.23,13.54,22.77,20.94,12.99,179.0,0.27,22.0,12.29,19.0,10.61,0.7989999999999999,0.177,20.58,9.6,15.74,25.34,24.62,12.15
746457,2024-06-23,2024,570482,R,694363,L,grounded_into_double_play,False,False,47.0,0.209,9.0,19.15,4.0,8.51,0.51,0.02400000000000002,18.48,10.12,12.5,22.62,36.84,19.15,53.0,0.373,6.0,11.32,1.0,1.89,0.867,0.1169999999999999,13.56,7.96,11.94,19.9,44.55,8.82,77.0,0.215,10.0,12.99,11.0,14.29,0.663,0.12300000000000003,22.73,9.23,13.54,22.77,20.94,12.99,179.0,0.27,22.0,12.29,19.0,10.61,0.7989999999999999,0.177,20.58,9.6,15.74,25.34,24.62,12.15
746457,2024-06-23,2024,664901,R,681857,R,field_out,False,False,74.0,0.157,20.0,27.03,1.0,1.35,0.406,0.056999999999999995,31.82,15.85,18.11,33.96,30.65,25.64,29.0,0.12,5.0,17.24,3.0,10.34,0.4539999999999999,0.12,26.53,11.21,21.55,32.76,20.83,12.5,149.0,0.259,29.0,19.46,8.0,5.37,0.6399999999999999,0.08599999999999997,29.08,13.3,17.85,31.15,32.13,19.08,232.0,0.213,53.0,22.84,10.0,4.31,0.621,0.158,29.12,14.08,17.25,31.33,33.69,18.86
746457,2024-06-23,2024,455117,R,681857,R,field_out,False,False,82.0,0.118,29.0,35.37,5.0,6.1,0.357,0.066,36.42,18.64,18.98,37.63,35.07,31.82,308.0,0.175,104.0,33.77,20.0,6.49,0.538,0.124,33.85,16.55,17.4,33.96,32.93,28.3,149.0,0.259,29.0,19.46,8.0,5.37,0.6399999999999999,0.08599999999999997,29.08,13.3,17.85,31.15,32.13,19.08,232.0,0.213,53.0,22.84,10.0,4.31,0.621,0.158,29.12,14.08,17.25,31.33,33.69,18.86
746457,2024-06-23,2024,502054,R,681857,R,field_out,False,False,134.0,0.28,26.0,19.4,9.0,6.72,0.704,0.09599999999999997,23.29,9.59,21.43,31.02,18.83,17.69,304.0,0.262,71.0,23.36,28.0,9.21,0.767,0.173,26.61,10.98,19.38,30.37,21.23,21.19,149.0,0.259,29.0,19.46,8.0,5.37,0.6399999999999999,0.08599999999999997,29.08,13.3,17.85,31.15,32.13,19.08,232.0,0.213,53.0,22.84,10.0,4.31,0.621,0.158,29.12,14.08,17.25,31.33,33.69,18.86
746457,2024-06-23,2024,668731,L,694363,L,field_out,False,False,2.0,0.0,2.0,100.0,0.0,0.0,0.0,0.0,40.0,28.57,14.29,42.86,75.0,100.0,11.0,0.222,2.0,18.18,0.0,0.0,0.444,0.0,21.05,11.76,17.65,29.41,46.67,25.0,46.0,0.293,6.0,13.04,2.0,4.35,0.7010000000000001,0.09700000000000003,20.0,11.32,11.95,23.27,28.77,14.29,51.0,0.238,8.0,15.69,7.0,13.73,0.738,0.167,25.3,10.66,17.26,27.92,21.82,14.29
746457,2024-06-23,2024,656716,L,694363,L,field_out,False,False,9.0,0.111,2.0,22.22,0.0,0.0,0.222,0.0,25.0,11.76,29.41,41.18,46.15,16.67,46.0,0.243,4.0,8.7,6.0,13.04,0.653,0.0539999999999999,14.29,5.47,20.9,26.37,17.35,6.78,46.0,0.293,6.0,13.04,2.0,4.35,0.7010000000000001,0.09700000000000003,20.0,11.32,11.95,23.27,28.77,14.29,51.0,0.238,8.0,15.69,7.0,13.73,0.738,0.167,25.3,10.66,17.26,27.92,21.82,14.29
746457,2024-06-23,2024,668670,R,694363,L,field_out,False,False,46.0,0.171,13.0,28.26,5.0,10.87,0.554,0.12199999999999997,32.93,14.52,17.74,32.26,23.47,27.08,108.0,0.235,34.0,31.48,8.0,7.41,0.8600000000000001,0.326,32.64,14.72,17.76,32.48,23.9,29.06,77.0,0.215,10.0,12.99,11.0,14.29,0.663,0.12300000000000003,22.73,9.23,13.54,22.77,20.94,12.99,179.0,0.27,22.0,12.29,19.0,10.61,0.7989999999999999,0.177,20.58,9.6,15.74,25.34,24.62,12.15
746457,2024-06-23,2024,643217,L,681857,R,field_out,False,False,178.0,0.235,27.0,15.17,10.0,5.62,0.6120000000000001,0.10200000000000004,17.55,8.56,16.97,25.54,25.76,14.36,486.0,0.261,67.0,13.79,42.0,8.64,0.67,0.082,19.05,9.13,14.74,23.87,26.13,13.62,176.0,0.234,40.0,22.73,15.0,8.52,0.671,0.12999999999999998,26.82,12.83,15.2,28.03,32.11,17.32,190.0,0.218,50.0,26.32,23.0,12.11,0.687,0.158,25.27,11.11,16.18,27.29,26.16,18.12
746457,2024-06-23,2024,650391,R,681857,R,field_out,False,False,115.0,0.238,22.0,19.13,9.0,7.83,0.715,0.181,22.86,11.85,14.57,26.42,28.36,17.05,392.0,0.273,78.0,19.9,24.0,6.12,0.762,0.172,30.51,16.0,12.65,28.65,36.66,20.91,149.0,0.259,29.0,19.46,8.0,5.37,0.6399999999999999,0.08599999999999997,29.08,13.3,17.85,31.15,32.13,19.08,232.0,0.213,53.0,22.84,10.0,4.31,0.621,0.158,29.12,14.08,17.25,31.33,33.69,18.86
746457,2024-06-23,2024,657757,L,681857,R,field_out,False,False,228.0,0.24,38.0,16.67,29.0,12.72,0.742,0.15800000000000003,20.96,9.04,18.5,27.55,28.52,12.46,324.0,0.212,58.0,17.9,28.0,8.64,0.63,0.1369999999999999,20.44,9.67,14.66,24.33,29.35,14.25,176.0,0.234,40.0,22.73,15.0,8.52,0.671,0.12999999999999998,26.82,12.83,15.2,28.03,32.11,17.32,190.0,0.218,50.0,26.32,23.0,12.11,0.687,0.158,25.27,11.11,16.18,27.29,26.16,18.12
746457,2024-06-23,2024,663837,R,694363,L,strikeout,True,False,71.0,0.269,13.0,18.31,3.0,4.23,0.639,0.07400000000000001,15.15,7.02,19.3,26.32,25.53,16.46,147.0,0.264,20.0,13.61,15.0,10.2,0.6990000000000001,0.0929999999999999,14.72,6.63,19.9,26.53,28.37,10.75,77.0,0.215,10.0,12.99,11.0,14.29,0.663,0.12300000000000003,22.73,9.23,13.54,22.77,20.94,12.99,179.0,0.27,22.0,12.29,19.0,10.61,0.7989999999999999,0.177,20.58,9.6,15.74,25.34,24.62,12.15
746457,2024-06-23,2024,690993,L,694363,L,double,False,False,28.0,0.192,7.0,25.0,2.0,7.14,0.442,0.0,19.23,9.8,21.57,31.37,30.0,25.93,,,,,,,,,,,,,,,46.0,0.293,6.0,13.04,2.0,4.35,0.7010000000000001,0.09700000000000003,20.0,11.32,11.95,23.27,28.77,14.29,51.0,0.238,8.0,15.69,7.0,13.73,0.738,0.167,25.3,10.66,17.26,27.92,21.82,14.29
746457,2024-06-23,2024,682985,L,694363,L,strikeout,True,False,71.0,0.185,19.0,26.76,5.0,7.04,0.581,0.15300000000000002,24.06,10.77,20.54,31.31,22.83,17.76,93.0,0.279,30.0,32.26,7.0,7.53,0.6930000000000001,0.0809999999999999,30.96,15.64,16.92,32.56,32.98,21.74,46.0,0.293,6.0,13.04,2.0,4.35,0.7010000000000001,0.09700000000000003,20.0,11.32,11.95,23.27,28.77,14.29,51.0,0.238,8.0,15.69,7.0,13.73,0.738,0.167,25.3,10.66,17.26,27.92,21.82,14.29
746457,2024-06-23,2024,592192,R,694363,L,walk,False,True,63.0,0.288,14.0,22.22,10.0,15.87,0.8939999999999999,0.193,25.0,9.93,19.18,29.11,18.18,13.59,168.0,0.264,23.0,13.69,21.0,12.5,0.825,0.2,17.23,7.09,21.84,28.93,23.86,9.54,77.0,0.215,10.0,12.99,11.0,14.29,0.663,0.12300000000000003,22.73,9.23,13.54,22.77,20.94,12.99,179.0,0.27,22.0,12.29,19.0,10.61,0.7989999999999999,0.177,20.58,9.6,15.74,25.34,24.62,12.15
746457,2024-06-23,2024,672761,R,694363,L,walk,False,True,47.0,0.295,10.0,21.28,3.0,6.38,0.772,0.137,13.98,7.1,14.21,21.31,35.0,16.95,,,,,,,,,,,,,,,77.0,0.215,10.0,12.99,11.0,14.29,0.663,0.12300000000000003,22.73,9.23,13.54,22.77,20.94,12.99,179.0,0.27,22.0,12.29,19.0,10.61,0.7989999999999999,0.177,20.58,9.6,15.74,25.34,24.62,12.15
746457,2024-06-23,2024,570482,R,641771,R,field_out,False,False,126.0,0.294,18.0,14.29,5.0,3.97,0.712,0.09300000000000003,19.4,9.7,17.46,27.16,33.77,14.17,175.0,0.276,30.0,17.14,9.0,5.14,0.653,0.061,20.55,11.01,13.8,24.82,34.39,12.39,11.0,0.125,3.0,27.27,3.0,27.27,0.614,0.125,20.0,6.82,13.64,20.45,10.34,37.5,94.0,0.316,17.0,18.09,15.0,15.96,1.031,0.289,30.28,11.53,17.43,28.95,21.67,19.77
746457,2024-06-23,2024,683734,R,681857,R,strikeout,True,False,234.0,0.233,56.0,23.93,15.0,6.41,0.6679999999999999,0.144,21.97,10.56,17.49,28.05,31.09,19.51,474.0,0.267,109.0,23.0,29.0,6.12,0.774,0.18,26.24,11.95,18.94,30.89,30.92,21.51,149.0,0.259,29.0,19.46,8.0,5.37,0.6399999999999999,0.08599999999999997,29.08,13.3,17.85,31.15,32.13,19.08,232.0,0.213,53.0,22.84,10.0,4.31,0.621,0.158,29.12,14.08,17.25,31.33,33.69,18.86
746457,2024-06-23,2024,657557,R,681857,R,field_out,False,False,190.0,0.261,59.0,31.05,6.0,3.16,0.8109999999999999,0.239,32.69,19.18,9.73,28.91,34.23,25.32,281.0,0.203,86.0,30.6,12.0,4.27,0.603,0.1539999999999999,36.49,19.09,15.38,34.47,35.28,34.68,149.0,0.259,29.0,19.46,8.0,5.37,0.6399999999999999,0.08599999999999997,29.08,13.3,17.85,31.15,32.13,19.08,232.0,0.213,53.0,22.84,10.0,4.31,0.621,0.158,29.12,14.08,17.25,31.33,33.69,18.86
746457,2024-06-23,2024,670032,L,681857,R,single,False,False,194.0,0.236,31.0,15.98,15.0,7.73,0.5760000000000001,0.040000000000000036,17.91,8.8,15.69,24.49,27.14,17.32,212.0,0.228,33.0,15.57,24.0,11.32,0.647,0.089,22.47,10.7,16.47,27.16,26.6,14.22,176.0,0.234,40.0,22.73,15.0,8.52,0.671,0.12999999999999998,26.82,12.83,15.2,28.03,32.11,17.32,190.0,0.218,50.0,26.32,23.0,12.11,0.687,0.158,25.27,11.11,16.18,27.29,26.16,18.12
746457,2024-06-23,2024,664901,R,681857,R,field_out,False,False,74.0,0.157,20.0,27.03,1.0,1.35,0.406,0.056999999999999995,31.82,15.85,18.11,33.96,30.65,25.64,29.0,0.12,5.0,17.24,3.0,10.34,0.4539999999999999,0.12,26.53,11.21,21.55,32.76,20.83,12.5,149.0,0.259,29.0,19.46,8.0,5.37,0.6399999999999999,0.08599999999999997,29.08,13.3,17.85,31.15,32.13,19.08,232.0,0.213,53.0,22.84,10.0,4.31,0.621,0.158,29.12,14.08,17.25,31.33,33.69,18.86
746457,2024-06-23,2024,668731,L,641771,R,field_out,False,False,40.0,0.129,8.0,20.0,8.0,20.0,0.623,0.194,32.43,15.29,10.19,25.48,27.59,21.62,347.0,0.218,87.0,25.07,42.0,12.1,0.688,0.158,25.51,11.78,14.66,26.44,24.86,21.97,6.0,0.25,1.0,16.67,1.0,16.67,1.083,0.5,25.0,9.09,18.18,27.27,0.0,20.0,94.0,0.311,14.0,14.89,13.0,13.83,0.94,0.216,23.56,10.22,11.97,22.19,19.16,12.07
746457,2024-06-23,2024,656716,L,641771,R,double,False,False,118.0,0.179,35.0,29.66,10.0,8.47,0.518,0.08500000000000002,29.02,13.8,17.2,31.0,30.83,24.14,475.0,0.23,109.0,22.95,38.0,8.0,0.653,0.1259999999999999,21.06,10.13,16.08,26.2,28.04,19.12,6.0,0.25,1.0,16.67,1.0,16.67,1.083,0.5,25.0,9.09,18.18,27.27,0.0,20.0,94.0,0.311,14.0,14.89,13.0,13.83,0.94,0.216,23.56,10.22,11.97,22.19,19.16,12.07
746457,2024-06-23,2024,668670,R,641771,R,field_out,False,False,107.0,0.218,34.0,31.78,4.0,3.74,0.628,0.148,33.87,15.71,19.2,34.91,25.52,28.81,259.0,0.215,84.0,32.43,20.0,7.72,0.676,0.18,31.32,14.43,18.81,33.23,22.13,28.38,11.0,0.125,3.0,27.27,3.0,27.27,0.614,0.125,20.0,6.82,13.64,20.45,10.34,37.5,94.0,0.316,17.0,18.09,15.0,15.96,1.031,0.289,30.28,11.53,17.43,28.95,21.67,19.77
746457,2024-06-23,2024,663837,R,641771,R,strikeout,True,False,184.0,0.25,43.0,23.37,9.0,4.89,0.7669999999999999,0.22699999999999998,21.07,8.98,20.51,29.49,19.1,18.38,383.0,0.26,92.0,24.02,29.0,7.57,0.724,0.14,21.06,9.23,21.95,31.18,28.67,18.31,11.0,0.125,3.0,27.27,3.0,27.27,0.614,0.125,20.0,6.82,13.64,20.45,10.34,37.5,94.0,0.316,17.0,18.09,15.0,15.96,1.031,0.289,30.28,11.53,17.43,28.95,21.67,19.77
746457,2024-06-23,2024,455117,R,681857,R,field_out,False,False,82.0,0.118,29.0,35.37,5.0,6.1,0.357,0.066,36.42,18.64,18.98,37.63,35.07,31.82,308.0,0.175,104.0,33.77,20.0,6.49,0.538,0.124,33.85,16.55,17.4,33.96,32.93,28.3,149.0,0.259,29.0,19.46,8.0,5.37,0.6399999999999999,0.08599999999999997,29.08,13.3,17.85,31.15,32.13,19.08,232.0,0.213,53.0,22.84,10.0,4.31,0.621,0.158,29.12,14.08,17.25,31.33,33.69,18.86
746457,2024-06-23,2024,502054,R,681857,R,field_out,False,False,134.0,0.28,26.0,19.4,9.0,6.72,0.704,0.09599999999999997,23.29,9.59,21.43,31.02,18.83,17.69,304.0,0.262,71.0,23.36,28.0,9.21,0.767,0.173,26.61,10.98,19.38,30.37,21.23,21.19,149.0,0.259,29.0,19.46,8.0,5.37,0.6399999999999999,0.08599999999999997,29.08,13.3,17.85,31.15,32.13,19.08,232.0,0.213,53.0,22.84,10.0,4.31,0.621,0.158,29.12,14.08,17.25,31.33,33.69,18.86
746457,2024-06-23,2024,643217,L,681857,R,field_out,False,False,178.0,0.235,27.0,15.17,10.0,5.62,0.6120000000000001,0.10200000000000004,17.55,8.56,16.97,25.54,25.76,14.36,486.0,0.261,67.0,13.79,42.0,8.64,0.67,0.082,19.05,9.13,14.74,23.87,26.13,13.62,176.0,0.234,40.0,22.73,15.0,8.52,0.671,0.12999999999999998,26.82,12.83,15.2,28.03,32.11,17.32,190.0,0.218,50.0,26.32,23.0,12.11,0.687,0.158,25.27,11.11,16.18,27.29,26.16,18.12
746457,2024-06-23,2024,690993,L,641771,R,field_out,False,False,210.0,0.236,35.0,16.67,12.0,5.71,0.609,0.08700000000000002,22.28,10.65,16.75,27.4,32.76,17.41,,,,,,,,,,,,,,,6.0,0.25,1.0,16.67,1.0,16.67,1.083,0.5,25.0,9.09,18.18,27.27,0.0,20.0,94.0,0.311,14.0,14.89,13.0,13.83,0.94,0.216,23.56,10.22,11.97,22.19,19.16,12.07
746457,2024-06-23,2024,682985,L,641771,R,walk,False,True,249.0,0.28,65.0,26.1,35.0,14.06,0.914,0.251,28.13,11.58,17.61,29.18,20.79,22.73,323.0,0.291,84.0,26.01,28.0,8.67,0.826,0.182,27.26,12.45,16.06,28.52,24.68,20.14,6.0,0.25,1.0,16.67,1.0,16.67,1.083,0.5,25.0,9.09,18.18,27.27,0.0,20.0,94.0,0.311,14.0,14.89,13.0,13.83,0.94,0.216,23.56,10.22,11.97,22.19,19.16,12.07
746457,2024-06-23,2024,628451,R,641771,R,strikeout,True,False,44.0,0.167,15.0,34.09,2.0,4.55,0.419,0.046999999999999986,35.48,19.53,14.79,34.32,42.22,26.32,265.0,0.265,45.0,16.98,18.0,6.79,0.71,0.127,22.24,11.31,15.49,26.81,34.23,16.73,11.0,0.125,3.0,27.27,3.0,27.27,0.614,0.125,20.0,6.82,13.64,20.45,10.34,37.5,94.0,0.316,17.0,18.09,15.0,15.96,1.031,0.289,30.28,11.53,17.43,28.95,21.67,19.77
746457,2024-06-23,2024,672761,L,641771,R,single,False,False,168.0,0.242,37.0,22.02,13.0,7.74,0.6719999999999999,0.131,21.85,9.75,19.79,29.54,26.59,17.29,,,,,,,,,,,,,,,6.0,0.25,1.0,16.67,1.0,16.67,1.083,0.5,25.0,9.09,18.18,27.27,0.0,20.0,94.0,0.311,14.0,14.89,13.0,13.83,0.94,0.216,23.56,10.22,11.97,22.19,19.16,12.07
746457,2024-06-23,2024,570482,R,641771,R,strikeout,True,False,126.0,0.294,18.0,14.29,5.0,3.97,0.712,0.09300000000000003,19.4,9.7,17.46,27.16,33.77,14.17,175.0,0.276,30.0,17.14,9.0,5.14,0.653,0.061,20.55,11.01,13.8,24.82,34.39,12.39,11.0,0.125,3.0,27.27,3.0,27.27,0.614,0.125,20.0,6.82,13.64,20.45,10.34,37.5,94.0,0.316,17.0,18.09,15.0,15.96,1.031,0.289,30.28,11.53,17.43,28.95,21.67,19.77
746457,2024-06-23,2024,650391,R,681857,R,single,False,False,115.0,0.238,22.0,19.13,9.0,7.83,0.715,0.181,22.86,11.85,14.57,26.42,28.36,17.05,392.0,0.273,78.0,19.9,24.0,6.12,0.762,0.172,30.51,16.0,12.65,28.65,36.66,20.91,149.0,0.259,29.0,19.46,8.0,5.37,0.6399999999999999,0.08599999999999997,29.08,13.3,17.85,31.15,32.13,19.08,232.0,0.213,53.0,22.84,10.0,4.31,0.621,0.158,29.12,14.08,17.25,31.33,33.69,18.86
746457,2024-06-23,2024,657757,L,681857,R,double,False,False,228.0,0.24,38.0,16.67,29.0,12.72,0.742,0.15800000000000003,20.96,9.04,18.5,27.55,28.52,12.46,324.0,0.212,58.0,17.9,28.0,8.64,0.63,0.1369999999999999,20.44,9.67,14.66,24.33,29.35,14.25,176.0,0.234,40.0,22.73,15.0,8.52,0.671,0.12999999999999998,26.82,12.83,15.2,28.03,32.11,17.32,190.0,0.218,50.0,26.32,23.0,12.11,0.687,0.158,25.27,11.11,16.18,27.29,26.16,18.12
746457,2024-06-23,2024,683734,R,681857,R,field_out,False,False,234.0,0.233,56.0,23.93,15.0,6.41,0.6679999999999999,0.144,21.97,10.56,17.49,28.05,31.09,19.51,474.0,0.267,109.0,23.0,29.0,6.12,0.774,0.18,26.24,11.95,18.94,30.89,30.92,21.51,149.0,0.259,29.0,19.46,8.0,5.37,0.6399999999999999,0.08599999999999997,29.08,13.3,17.85,31.15,32.13,19.08,232.0,0.213,53.0,22.84,10.0,4.31,0.621,0.158,29.12,14.08,17.25,31.33,33.69,18.86
746457,2024-06-23,2024,657557,R,676684,R,strikeout,True,False,190.0,0.261,59.0,31.05,6.0,3.16,0.8109999999999999,0.239,32.69,19.18,9.73,28.91,34.23,25.32,281.0,0.203,86.0,30.6,12.0,4.27,0.603,0.1539999999999999,36.49,19.09,15.38,34.47,35.28,34.68,85.0,0.278,19.0,22.35,3.0,3.53,0.6930000000000001,0.11399999999999999,27.54,14.7,16.29,30.99,34.06,20.43,114.0,0.215,32.0,28.07,7.0,6.14,0.5529999999999999,0.0749999999999999,27.23,12.59,22.76,35.35,32.97,26.45
746457,2024-06-23,2024,670032,L,676684,R,single,False,False,194.0,0.236,31.0,15.98,15.0,7.73,0.5760000000000001,0.040000000000000036,17.91,8.8,15.69,24.49,27.14,17.32,212.0,0.228,33.0,15.57,24.0,11.32,0.647,0.089,22.47,10.7,16.47,27.16,26.6,14.22,44.0,0.263,5.0,11.36,4.0,9.09,0.607,0.025999999999999968,22.09,11.11,14.62,25.73,25.3,10.2,85.0,0.218,24.0,28.24,6.0,7.06,0.646,0.154,21.11,10.24,18.06,28.3,34.72,20.51
746457,2024-06-23,2024,664901,R,676684,R,strikeout,True,False,74.0,0.157,20.0,27.03,1.0,1.35,0.406,0.056999999999999995,31.82,15.85,18.11,33.96,30.65,25.64,29.0,0.12,5.0,17.24,3.0,10.34,0.4539999999999999,0.12,26.53,11.21,21.55,32.76,20.83,12.5,85.0,0.278,19.0,22.35,3.0,3.53,0.6930000000000001,0.11399999999999999,27.54,14.7,16.29,30.99,34.06,20.43,114.0,0.215,32.0,28.07,7.0,6.14,0.5529999999999999,0.0749999999999999,27.23,12.59,22.76,35.35,32.97,26.45
746457,2024-06-23,2024,668731,L,641771,R,strikeout,True,False,40.0,0.129,8.0,20.0,8.0,20.0,0.623,0.194,32.43,15.29,10.19,25.48,27.59,21.62,347.0,0.218,87.0,25.07,42.0,12.1,0.688,0.158,25.51,11.78,14.66,26.44,24.86,21.97,6.0,0.25,1.0,16.67,1.0,16.67,1.083,0.5,25.0,9.09,18.18,27.27,0.0,20.0,94.0,0.311,14.0,14.89,13.0,13.83,0.94,0.216,23.56,10.22,11.97,22.19,19.16,12.07
746457,2024-06-23,2024,656716,L,641771,R,home_run,False,False,118.0,0.179,35.0,29.66,10.0,8.47,0.518,0.08500000000000002,29.02,13.8,17.2,31.0,30.83,24.14,475.0,0.23,109.0,22.95,38.0,8.0,0.653,0.1259999999999999,21.06,10.13,16.08,26.2,28.04,19.12,6.0,0.25,1.0,16.67,1.0,16.67,1.083,0.5,25.0,9.09,18.18,27.27,0.0,20.0,94.0,0.311,14.0,14.89,13.0,13.83,0.94,0.216,23.56,10.22,11.97,22.19,19.16,12.07
746457,2024-06-23,2024,668670,R,641771,R,strikeout,True,False,107.0,0.218,34.0,31.78,4.0,3.74,0.628,0.148,33.87,15.71,19.2,34.91,25.52,28.81,259.0,0.215,84.0,32.43,20.0,7.72,0.676,0.18,31.32,14.43,18.81,33.23,22.13,28.38,11.0,0.125,3.0,27.27,3.0,27.27,0.614,0.125,20.0,6.82,13.64,20.45,10.34,37.5,94.0,0.316,17.0,18.09,15.0,15.96,1.031,0.289,30.28,11.53,17.43,28.95,21.67,19.77
746457,2024-06-23,2024,663837,R,641771,R,field_out,False,False,184.0,0.25,43.0,23.37,9.0,4.89,0.7669999999999999,0.22699999999999998,21.07,8.98,20.51,29.49,19.1,18.38,383.0,0.26,92.0,24.02,29.0,7.57,0.724,0.14,21.06,9.23,21.95,31.18,28.67,18.31,11.0,0.125,3.0,27.27,3.0,27.27,0.614,0.125,20.0,6.82,13.64,20.45,10.34,37.5,94.0,0.316,17.0,18.09,15.0,15.96,1.031,0.289,30.28,11.53,17.43,28.95,21.67,19.77
746457,2024-06-23,2024,455117,R,663947,L,strikeout,True,False,40.0,0.029,14.0,35.0,2.0,5.0,0.11,0.0,32.39,14.37,22.5,36.88,27.03,27.45,99.0,0.239,35.0,35.35,10.0,10.1,0.8160000000000001,0.261,35.58,18.09,13.69,31.78,32.32,26.12,81.0,0.216,16.0,19.75,5.0,6.17,0.654,0.17600000000000002,25.0,13.29,14.69,27.97,43.59,18.82,202.0,0.209,42.0,20.79,14.0,6.93,0.642,0.171,28.53,13.97,16.84,30.81,30.71,18.58
746457,2024-06-23,2024,667452,R,663947,L,single,False,False,34.0,0.3,11.0,32.35,4.0,11.76,0.882,0.2,29.69,13.48,18.44,31.91,33.78,25.0,76.0,0.233,19.0,25.0,2.0,2.63,0.62,0.1369999999999999,22.62,11.91,15.05,26.96,35.67,17.27,81.0,0.216,16.0,19.75,5.0,6.17,0.654,0.17600000000000002,25.0,13.29,14.69,27.97,43.59,18.82,202.0,0.209,42.0,20.79,14.0,6.93,0.642,0.171,28.53,13.97,16.84,30.81,30.71,18.58
746457,2024-06-23,2024,643217,L,663947,L,grounded_into_double_play,False,False,46.0,0.091,13.0,28.26,2.0,4.35,0.312,0.091,28.16,15.18,13.61,28.8,34.74,17.33,135.0,0.262,22.0,16.3,10.0,7.41,0.7230000000000001,0.14,20.08,10.21,13.87,24.08,28.74,14.77,62.0,0.105,13.0,20.97,1.0,1.61,0.33499999999999996,0.053000000000000005,23.26,10.31,22.16,32.47,28.57,30.95,122.0,0.147,32.0,26.23,4.0,3.28,0.363,0.034,24.29,11.78,19.86,31.64,32.18,22.86
746457,2024-06-23,2024,690993,L,641771,R,single,False,False,210.0,0.236,35.0,16.67,12.0,5.71,0.609,0.08700000000000002,22.28,10.65,16.75,27.4,32.76,17.41,,,,,,,,,,,,,,,6.0,0.25,1.0,16.67,1.0,16.67,1.083,0.5,25.0,9.09,18.18,27.27,0.0,20.0,94.0,0.311,14.0,14.89,13.0,13.83,0.94,0.216,23.56,10.22,11.97,22.19,19.16,12.07
746457,2024-06-23,2024,682985,L,641771,R,single,False,False,249.0,0.28,65.0,26.1,35.0,14.06,0.914,0.251,28.13,11.58,17.61,29.18,20.79,22.73,323.0,0.291,84.0,26.01,28.0,8.67,0.826,0.182,27.26,12.45,16.06,28.52,24.68,20.14,6.0,0.25,1.0,16.67,1.0,16.67,1.083,0.5,25.0,9.09,18.18,27.27,0.0,20.0,94.0,0.311,14.0,14.89,13.0,13.83,0.94,0.216,23.56,10.22,11.97,22.19,19.16,12.07
746457,2024-06-23,2024,628451,R,641771,R,strikeout,True,False,44.0,0.167,15.0,34.09,2.0,4.55,0.419,0.046999999999999986,35.48,19.53,14.79,34.32,42.22,26.32,265.0,0.265,45.0,16.98,18.0,6.79,0.71,0.127,22.24,11.31,15.49,26.81,34.23,16.73,11.0,0.125,3.0,27.27,3.0,27.27,0.614,0.125,20.0,6.82,13.64,20.45,10.34,37.5,94.0,0.316,17.0,18.09,15.0,15.96,1.031,0.289,30.28,11.53,17.43,28.95,21.67,19.77
746457,2024-06-23,2024,672761,L,641771,R,double,False,False,168.0,0.242,37.0,22.02,13.0,7.74,0.6719999999999999,0.131,21.85,9.75,19.79,29.54,26.59,17.29,,,,,,,,,,,,,,,6.0,0.25,1.0,16.67,1.0,16.67,1.083,0.5,25.0,9.09,18.18,27.27,0.0,20.0,94.0,0.311,14.0,14.89,13.0,13.83,0.94,0.216,23.56,10.22,11.97,22.19,19.16,12.07
746457,2024-06-23,2024,668952,R,641771,R,strikeout,True,False,16.0,0.071,6.0,37.5,1.0,6.25,0.20400000000000001,0.0,39.29,16.42,23.88,40.3,18.18,21.43,9.0,0.111,3.0,33.33,0.0,0.0,0.222,0.0,33.33,15.79,28.95,44.74,45.0,21.43,11.0,0.125,3.0,27.27,3.0,27.27,0.614,0.125,20.0,6.82,13.64,20.45,10.34,37.5,94.0,0.316,17.0,18.09,15.0,15.96,1.031,0.289,30.28,11.53,17.43,28.95,21.67,19.77
746457,2024-06-23,2024,668731,L,641771,R,field_out,False,False,40.0,0.129,8.0,20.0,8.0,20.0,0.623,0.194,32.43,15.29,10.19,25.48,27.59,21.62,347.0,0.218,87.0,25.07,42.0,12.1,0.688,0.158,25.51,11.78,14.66,26.44,24.86,21.97,6.0,0.25,1.0,16.67,1.0,16.67,1.083,0.5,25.0,9.09,18.18,27.27,0.0,20.0,94.0,0.311,14.0,14.89,13.0,13.83,0.94,0.216,23.56,10.22,11.97,22.19,19.16,12.07
746457,2024-06-23,2024,650391,R,666214,L,field_out,False,False,31.0,0.207,4.0,12.9,2.0,6.45,0.499,0.034,22.0,11.22,12.24,23.47,38.98,22.22,98.0,0.267,15.0,15.31,6.0,6.12,0.738,0.1549999999999999,26.32,12.78,15.06,27.84,36.63,16.85,85.0,0.296,19.0,22.35,10.0,11.76,0.909,0.22500000000000003,28.49,13.76,14.04,27.81,34.9,17.59,371.0,0.301,79.0,21.29,33.0,8.89,0.924,0.261,26.27,12.72,15.19,27.91,26.14,16.42
746457,2024-06-23,2024,657757,L,666214,L,field_out,False,False,37.0,0.194,11.0,29.73,3.0,8.11,0.657,0.193,29.69,12.42,20.26,32.68,21.13,24.44,20.0,0.053,8.0,40.0,0.0,0.0,0.103,0.0,42.11,18.6,20.93,39.53,40.0,26.67,61.0,0.255,17.0,27.87,5.0,8.2,0.673,0.08999999999999997,30.25,14.81,16.46,31.28,29.77,20.99,122.0,0.278,19.0,15.57,14.0,11.48,0.796,0.1569999999999999,22.68,10.23,17.67,27.91,22.64,17.12
746457,2024-06-23,2024,683734,R,666214,L,strikeout,True,False,63.0,0.279,10.0,15.87,2.0,3.17,0.728,0.14699999999999996,24.0,12.45,14.11,26.56,35.71,15.38,142.0,0.227,20.0,14.08,7.0,4.93,0.641,0.144,18.15,9.74,13.42,23.16,34.55,11.83,85.0,0.296,19.0,22.35,10.0,11.76,0.909,0.22500000000000003,28.49,13.76,14.04,27.81,34.9,17.59,371.0,0.301,79.0,21.29,33.0,8.89,0.924,0.261,26.27,12.72,15.19,27.91,26.14,16.42
746621,2024-06-23,2024,643396,R,663474,R,field_out,False,False,181.0,0.28,24.0,13.26,10.0,5.52,0.747,0.14099999999999996,13.99,6.53,21.53,28.06,32.77,15.29,273.0,0.246,54.0,19.78,17.0,6.23,0.6479999999999999,0.1069999999999999,19.6,9.05,20.2,29.25,28.6,15.56,154.0,0.234,40.0,25.97,24.0,15.58,0.7969999999999999,0.204,27.92,12.46,14.98,27.44,24.61,23.81,46.0,0.279,12.0,26.09,3.0,6.52,0.8140000000000001,0.2089999999999999,30.21,16.76,12.14,28.9,36.47,22.64
746621,2024-06-23,2024,687462,L,663474,R,walk,False,True,42.0,0.353,5.0,11.9,7.0,16.67,0.875,0.059,18.06,7.88,18.18,26.06,23.46,9.43,38.0,0.265,10.0,26.32,3.0,7.89,0.754,0.1469999999999999,27.14,13.01,17.12,30.14,25.35,21.74,157.0,0.226,25.0,15.92,18.0,11.46,0.759,0.219,16.87,7.04,18.38,25.43,21.28,17.73,27.0,0.0,4.0,14.81,10.0,37.04,0.37,0.0,17.95,5.51,15.75,21.26,11.84,15.38
746621,2024-06-23,2024,665489,R,663474,R,home_run,False,False,270.0,0.285,47.0,17.41,27.0,10.0,0.764,0.12000000000000005,24.47,11.75,15.3,27.05,26.33,14.16,558.0,0.26,85.0,15.23,48.0,8.6,0.792,0.2,23.83,12.29,11.94,24.23,30.21,15.37,154.0,0.234,40.0,25.97,24.0,15.58,0.7969999999999999,0.204,27.92,12.46,14.98,27.44,24.61,23.81,46.0,0.279,12.0,26.09,3.0,6.52,0.8140000000000001,0.2089999999999999,30.21,16.76,12.14,28.9,36.47,22.64
746621,2024-06-23,2024,457759,R,663474,R,walk,False,True,189.0,0.216,31.0,16.4,22.0,11.64,0.656,0.11700000000000002,18.69,8.7,16.8,25.5,27.15,10.54,462.0,0.273,78.0,16.88,33.0,7.14,0.765,0.1569999999999999,16.44,7.32,17.97,25.29,25.33,12.0,154.0,0.234,40.0,25.97,24.0,15.58,0.7969999999999999,0.204,27.92,12.46,14.98,27.44,24.61,23.81,46.0,0.279,12.0,26.09,3.0,6.52,0.8140000000000001,0.2089999999999999,30.21,16.76,12.14,28.9,36.47,22.64
746621,2024-06-23,2024,543807,R,663474,R,strikeout,True,False,219.0,0.211,37.0,16.89,23.0,10.5,0.606,0.098,23.57,12.18,13.21,25.38,23.06,16.59,539.0,0.262,101.0,18.74,43.0,7.98,0.738,0.1489999999999999,23.18,11.37,14.48,25.84,23.35,18.21,154.0,0.234,40.0,25.97,24.0,15.58,0.7969999999999999,0.204,27.92,12.46,14.98,27.44,24.61,23.81,46.0,0.279,12.0,26.09,3.0,6.52,0.8140000000000001,0.2089999999999999,30.21,16.76,12.14,28.9,36.47,22.64
746621,2024-06-23,2024,680718,L,663474,R,strikeout,True,False,32.0,0.226,6.0,18.75,1.0,3.12,0.508,0.032,25.45,13.21,19.81,33.02,34.0,23.08,,,,,,,,,,,,,,,157.0,0.226,25.0,15.92,18.0,11.46,0.759,0.219,16.87,7.04,18.38,25.43,21.28,17.73,27.0,0.0,4.0,14.81,10.0,37.04,0.37,0.0,17.95,5.51,15.75,21.26,11.84,15.38
746621,2024-06-23,2024,680757,L,579328,L,field_out,False,False,62.0,0.439,5.0,8.06,5.0,8.06,1.01,0.08700000000000002,5.0,2.0,20.8,22.8,16.67,7.94,224.0,0.26,23.0,10.27,20.0,8.93,0.667,0.08,13.41,5.5,21.44,26.95,22.3,10.5,58.0,0.182,18.0,31.03,2.0,3.45,0.46199999999999997,0.07300000000000001,32.69,15.38,19.46,34.84,29.17,32.14,141.0,0.214,39.0,27.66,8.0,5.67,0.659,0.175,28.09,13.35,19.22,32.56,29.18,21.79
746621,2024-06-23,2024,671289,R,579328,L,strikeout,True,False,79.0,0.182,13.0,16.46,8.0,10.13,0.659,0.182,19.57,8.85,18.69,27.54,26.58,14.61,80.0,0.216,13.0,16.25,4.0,5.0,0.667,0.176,15.28,7.61,17.3,24.91,28.87,15.66,283.0,0.281,65.0,22.97,17.0,6.01,0.782,0.177,25.91,12.72,16.76,29.48,26.97,18.68,561.0,0.266,142.0,25.31,40.0,7.13,0.756,0.1689999999999999,27.96,13.7,14.72,28.41,29.66,21.23
746621,2024-06-23,2024,608070,R,579328,L,single,False,False,95.0,0.326,12.0,12.63,8.0,8.42,0.949,0.24399999999999994,20.0,10.11,15.17,25.28,35.39,13.95,230.0,0.243,25.0,10.87,19.0,8.26,0.766,0.219,16.06,7.21,15.81,23.02,28.33,12.18,283.0,0.281,65.0,22.97,17.0,6.01,0.782,0.177,25.91,12.72,16.76,29.48,26.97,18.68,561.0,0.266,142.0,25.31,40.0,7.13,0.756,0.1689999999999999,27.96,13.7,14.72,28.41,29.66,21.23
746621,2024-06-23,2024,647304,L,579328,L,single,False,False,90.0,0.188,22.0,24.44,7.0,7.78,0.67,0.21200000000000002,29.66,14.43,13.42,27.85,36.09,30.14,148.0,0.299,15.0,10.14,8.0,5.41,0.821,0.175,16.23,8.67,12.1,20.77,35.38,11.03,58.0,0.182,18.0,31.03,2.0,3.45,0.46199999999999997,0.07300000000000001,32.69,15.38,19.46,34.84,29.17,32.14,141.0,0.214,39.0,27.66,8.0,5.67,0.659,0.175,28.09,13.35,19.22,32.56,29.18,21.79
746621,2024-06-23,2024,681807,R,579328,L,single,False,False,84.0,0.356,16.0,19.05,20.0,23.81,1.2309999999999999,0.33899999999999997,25.35,10.11,15.17,25.28,16.58,16.0,51.0,0.227,11.0,21.57,5.0,9.8,0.742,0.1819999999999999,25.66,14.43,11.94,26.37,40.95,15.07,283.0,0.281,65.0,22.97,17.0,6.01,0.782,0.177,25.91,12.72,16.76,29.48,26.97,18.68,561.0,0.266,142.0,25.31,40.0,7.13,0.756,0.1689999999999999,27.96,13.7,14.72,28.41,29.66,21.23
746621,2024-06-23,2024,682177,L,579328,L,strikeout,True,False,9.0,0.333,3.0,33.33,3.0,33.33,1.389,0.49999999999999994,21.74,9.62,13.46,23.08,28.57,11.11,,,,,,,,,,,,,,,58.0,0.182,18.0,31.03,2.0,3.45,0.46199999999999997,0.07300000000000001,32.69,15.38,19.46,34.84,29.17,32.14,141.0,0.214,39.0,27.66,8.0,5.67,0.659,0.175,28.09,13.35,19.22,32.56,29.18,21.79
746621,2024-06-23,2024,643376,R,663474,R,field_out,False,False,132.0,0.233,19.0,14.39,14.0,10.61,0.766,0.215,18.4,7.29,20.19,27.48,19.92,11.76,215.0,0.237,46.0,21.4,16.0,7.44,0.784,0.221,25.13,11.59,15.17,26.76,23.75,20.09,154.0,0.234,40.0,25.97,24.0,15.58,0.7969999999999999,0.204,27.92,12.46,14.98,27.44,24.61,23.81,46.0,0.279,12.0,26.09,3.0,6.52,0.8140000000000001,0.2089999999999999,30.21,16.76,12.14,28.9,36.47,22.64
746621,2024-06-23,2024,676914,R,663474,R,walk,False,True,186.0,0.238,45.0,24.19,20.0,10.75,0.785,0.21200000000000002,26.13,10.81,18.76,29.57,21.09,17.05,87.0,0.247,27.0,31.03,11.0,12.64,0.8340000000000001,0.219,37.06,13.98,21.9,35.88,15.66,21.77,154.0,0.234,40.0,25.97,24.0,15.58,0.7969999999999999,0.204,27.92,12.46,14.98,27.44,24.61,23.81,46.0,0.279,12.0,26.09,3.0,6.52,0.8140000000000001,0.2089999999999999,30.21,16.76,12.14,28.9,36.47,22.64
746621,2024-06-23,2024,595281,L,663474,R,strikeout,True,False,116.0,0.189,37.0,31.9,4.0,3.45,0.534,0.122,35.27,19.23,11.54,30.77,33.94,28.24,312.0,0.26,63.0,20.19,25.0,8.01,0.753,0.1709999999999999,29.15,14.21,14.3,28.51,25.39,21.07,157.0,0.226,25.0,15.92,18.0,11.46,0.759,0.219,16.87,7.04,18.38,25.43,21.28,17.73,27.0,0.0,4.0,14.81,10.0,37.04,0.37,0.0,17.95,5.51,15.75,21.26,11.84,15.38
746621,2024-06-23,2024,643396,R,663474,R,strikeout,True,False,181.0,0.28,24.0,13.26,10.0,5.52,0.747,0.14099999999999996,13.99,6.53,21.53,28.06,32.77,15.29,273.0,0.246,54.0,19.78,17.0,6.23,0.6479999999999999,0.1069999999999999,19.6,9.05,20.2,29.25,28.6,15.56,154.0,0.234,40.0,25.97,24.0,15.58,0.7969999999999999,0.204,27.92,12.46,14.98,27.44,24.61,23.81,46.0,0.279,12.0,26.09,3.0,6.52,0.8140000000000001,0.2089999999999999,30.21,16.76,12.14,28.9,36.47,22.64
746621,2024-06-23,2024,671286,R,579328,L,strikeout,True,False,21.0,0.125,5.0,23.81,5.0,23.81,0.521,0.063,36.84,16.47,11.76,28.24,27.27,16.67,,,,,,,,,,,,,,,283.0,0.281,65.0,22.97,17.0,6.01,0.782,0.177,25.91,12.72,16.76,29.48,26.97,18.68,561.0,0.266,142.0,25.31,40.0,7.13,0.756,0.1689999999999999,27.96,13.7,14.72,28.41,29.66,21.23
746621,2024-06-23,2024,677587,R,579328,L,single,False,False,70.0,0.161,18.0,25.71,6.0,8.57,0.517,0.11300000000000002,25.19,13.41,13.01,26.42,31.01,28.12,33.0,0.161,15.0,45.45,2.0,6.06,0.438,0.065,39.73,21.64,16.42,38.06,38.1,32.61,283.0,0.281,65.0,22.97,17.0,6.01,0.782,0.177,25.91,12.72,16.76,29.48,26.97,18.68,561.0,0.266,142.0,25.31,40.0,7.13,0.756,0.1689999999999999,27.96,13.7,14.72,28.41,29.66,21.23
746621,2024-06-23,2024,682657,R,579328,L,single,False,False,1.0,0.0,0.0,0.0,0.0,0.0,0.0,0.0,0.0,0.0,66.67,66.67,50.0,0.0,,,,,,,,,,,,,,,283.0,0.281,65.0,22.97,17.0,6.01,0.782,0.177,25.91,12.72,16.76,29.48,26.97,18.68,561.0,0.266,142.0,25.31,40.0,7.13,0.756,0.1689999999999999,27.96,13.7,14.72,28.41,29.66,21.23
746621,2024-06-23,2024,680757,L,579328,L,field_out,False,False,62.0,0.439,5.0,8.06,5.0,8.06,1.01,0.08700000000000002,5.0,2.0,20.8,22.8,16.67,7.94,224.0,0.26,23.0,10.27,20.0,8.93,0.667,0.08,13.41,5.5,21.44,26.95,22.3,10.5,58.0,0.182,18.0,31.03,2.0,3.45,0.46199999999999997,0.07300000000000001,32.69,15.38,19.46,34.84,29.17,32.14,141.0,0.214,39.0,27.66,8.0,5.67,0.659,0.175,28.09,13.35,19.22,32.56,29.18,21.79
746621,2024-06-23,2024,671289,R,579328,L,field_out,False,False,79.0,0.182,13.0,16.46,8.0,10.13,0.659,0.182,19.57,8.85,18.69,27.54,26.58,14.61,80.0,0.216,13.0,16.25,4.0,5.0,0.667,0.176,15.28,7.61,17.3,24.91,28.87,15.66,283.0,0.281,65.0,22.97,17.0,6.01,0.782,0.177,25.91,12.72,16.76,29.48,26.97,18.68,561.0,0.266,142.0,25.31,40.0,7.13,0.756,0.1689999999999999,27.96,13.7,14.72,28.41,29.66,21.23
746621,2024-06-23,2024,687462,L,663474,R,home_run,False,False,42.0,0.353,5.0,11.9,7.0,16.67,0.875,0.059,18.06,7.88,18.18,26.06,23.46,9.43,38.0,0.265,10.0,26.32,3.0,7.89,0.754,0.1469999999999999,27.14,13.01,17.12,30.14,25.35,21.74,157.0,0.226,25.0,15.92,18.0,11.46,0.759,0.219,16.87,7.04,18.38,25.43,21.28,17.73,27.0,0.0,4.0,14.81,10.0,37.04,0.37,0.0,17.95,5.51,15.75,21.26,11.84,15.38
746621,2024-06-23,2024,665489,R,663474,R,field_out,False,False,270.0,0.285,47.0,17.41,27.0,10.0,0.764,0.12000000000000005,24.47,11.75,15.3,27.05,26.33,14.16,558.0,0.26,85.0,15.23,48.0,8.6,0.792,0.2,23.83,12.29,11.94,24.23,30.21,15.37,154.0,0.234,40.0,25.97,24.0,15.58,0.7969999999999999,0.204,27.92,12.46,14.98,27.44,24.61,23.81,46.0,0.279,12.0,26.09,3.0,6.52,0.8140000000000001,0.2089999999999999,30.21,16.76,12.14,28.9,36.47,22.64
746621,2024-06-23,2024,457759,R,663474,R,walk,False,True,189.0,0.216,31.0,16.4,22.0,11.64,0.656,0.11700000000000002,18.69,8.7,16.8,25.5,27.15,10.54,462.0,0.273,78.0,16.88,33.0,7.14,0.765,0.1569999999999999,16.44,7.32,17.97,25.29,25.33,12.0,154.0,0.234,40.0,25.97,24.0,15.58,0.7969999999999999,0.204,27.92,12.46,14.98,27.44,24.61,23.81,46.0,0.279,12.0,26.09,3.0,6.52,0.8140000000000001,0.2089999999999999,30.21,16.76,12.14,28.9,36.47,22.64
746621,2024-06-23,2024,543807,R,663474,R,double,False,False,219.0,0.211,37.0,16.89,23.0,10.5,0.606,0.098,23.57,12.18,13.21,25.38,23.06,16.59,539.0,0.262,101.0,18.74,43.0,7.98,0.738,0.1489999999999999,23.18,11.37,14.48,25.84,23.35,18.21,154.0,0.234,40.0,25.97,24.0,15.58,0.7969999999999999,0.204,27.92,12.46,14.98,27.44,24.61,23.81,46.0,0.279,12.0,26.09,3.0,6.52,0.8140000000000001,0.2089999999999999,30.21,16.76,12.14,28.9,36.47,22.64
746621,2024-06-23,2024,680718,L,663474,R,strikeout,True,False,32.0,0.226,6.0,18.75,1.0,3.12,0.508,0.032,25.45,13.21,19.81,33.02,34.0,23.08,,,,,,,,,,,,,,,157.0,0.226,25.0,15.92,18.0,11.46,0.759,0.219,16.87,7.04,18.38,25.43,21.28,17.73,27.0,0.0,4.0,14.81,10.0,37.04,0.37,0.0,17.95,5.51,15.75,21.26,11.84,15.38
746621,2024-06-23,2024,643376,R,663474,R,strikeout,True,False,132.0,0.233,19.0,14.39,14.0,10.61,0.766,0.215,18.4,7.29,20.19,27.48,19.92,11.76,215.0,0.237,46.0,21.4,16.0,7.44,0.784,0.221,25.13,11.59,15.17,26.76,23.75,20.09,154.0,0.234,40.0,25.97,24.0,15.58,0.7969999999999999,0.204,27.92,12.46,14.98,27.44,24.61,23.81,46.0,0.279,12.0,26.09,3.0,6.52,0.8140000000000001,0.2089999999999999,30.21,16.76,12.14,28.9,36.47,22.64
746621,2024-06-23,2024,608070,R,579328,L,single,False,False,95.0,0.326,12.0,12.63,8.0,8.42,0.949,0.24399999999999994,20.0,10.11,15.17,25.28,35.39,13.95,230.0,0.243,25.0,10.87,19.0,8.26,0.766,0.219,16.06,7.21,15.81,23.02,28.33,12.18,283.0,0.281,65.0,22.97,17.0,6.01,0.782,0.177,25.91,12.72,16.76,29.48,26.97,18.68,561.0,0.266,142.0,25.31,40.0,7.13,0.756,0.1689999999999999,27.96,13.7,14.72,28.41,29.66,21.23
746621,2024-06-23,2024,647304,L,579328,L,double,False,False,90.0,0.188,22.0,24.44,7.0,7.78,0.67,0.21200000000000002,29.66,14.43,13.42,27.85,36.09,30.14,148.0,0.299,15.0,10.14,8.0,5.41,0.821,0.175,16.23,8.67,12.1,20.77,35.38,11.03,58.0,0.182,18.0,31.03,2.0,3.45,0.46199999999999997,0.07300000000000001,32.69,15.38,19.46,34.84,29.17,32.14,141.0,0.214,39.0,27.66,8.0,5.67,0.659,0.175,28.09,13.35,19.22,32.56,29.18,21.79
746621,2024-06-23,2024,666310,L,579328,L,walk,False,True,28.0,0.16,12.0,42.86,3.0,10.71,0.53,0.12000000000000002,35.85,16.81,19.47,36.28,35.19,38.71,51.0,0.217,13.0,25.49,4.0,7.84,0.6639999999999999,0.153,18.18,7.96,17.26,25.22,25.23,18.84,58.0,0.182,18.0,31.03,2.0,3.45,0.46199999999999997,0.07300000000000001,32.69,15.38,19.46,34.84,29.17,32.14,141.0,0.214,39.0,27.66,8.0,5.67,0.659,0.175,28.09,13.35,19.22,32.56,29.18,21.79
746621,2024-06-23,2024,682177,L,579328,L,single,False,False,9.0,0.333,3.0,33.33,3.0,33.33,1.389,0.49999999999999994,21.74,9.62,13.46,23.08,28.57,11.11,,,,,,,,,,,,,,,58.0,0.182,18.0,31.03,2.0,3.45,0.46199999999999997,0.07300000000000001,32.69,15.38,19.46,34.84,29.17,32.14,141.0,0.214,39.0,27.66,8.0,5.67,0.659,0.175,28.09,13.35,19.22,32.56,29.18,21.79
746621,2024-06-23,2024,671286,R,647315,R,walk,False,True,12.0,0.1,6.0,50.0,2.0,16.67,0.35,0.0,54.55,24.49,14.29,38.78,33.33,31.58,,,,,,,,,,,,,,,45.0,0.256,7.0,15.56,1.0,2.22,0.779,0.256,15.66,8.61,11.26,19.87,40.74,17.07,34.0,0.161,9.0,26.47,3.0,8.82,0.493,0.097,21.67,10.32,23.81,34.13,41.43,21.95
746621,2024-06-23,2024,677587,L,647315,R,grounded_into_double_play,False,False,158.0,0.235,23.0,14.56,20.0,12.66,0.6679999999999999,0.08300000000000002,20.75,9.59,14.94,24.53,28.07,11.73,53.0,0.3,12.0,22.64,2.0,3.77,0.7010000000000001,0.08,28.07,15.31,15.79,31.1,41.59,17.39,35.0,0.207,6.0,17.14,4.0,11.43,0.673,0.17200000000000001,36.21,16.67,12.7,29.37,29.17,21.43,22.0,0.316,5.0,22.73,3.0,13.64,1.251,0.526,36.36,16.44,13.7,30.14,28.89,31.25
746621,2024-06-23,2024,682657,L,647315,R,field_out,False,False,2.0,0.0,1.0,50.0,0.0,0.0,0.0,0.0,33.33,20.0,40.0,60.0,100.0,100.0,,,,,,,,,,,,,,,35.0,0.207,6.0,17.14,4.0,11.43,0.673,0.17200000000000001,36.21,16.67,12.7,29.37,29.17,21.43,22.0,0.316,5.0,22.73,3.0,13.64,1.251,0.526,36.36,16.44,13.7,30.14,28.89,31.25
746621,2024-06-23,2024,676914,R,682120,L,field_out,False,False,67.0,0.196,20.0,29.85,7.0,10.45,0.666,0.197,32.8,14.96,17.15,32.12,26.57,21.98,54.0,0.326,16.0,29.63,10.0,18.52,1.3,0.5109999999999999,37.65,15.69,17.16,32.84,15.89,28.07,70.0,0.23,14.0,20.0,9.0,12.86,0.64,0.08099999999999999,27.41,12.59,18.03,30.61,33.33,14.29,74.0,0.308,18.0,24.32,6.0,8.11,0.8240000000000001,0.138,23.87,11.9,13.5,25.4,29.11,18.09
746621,2024-06-23,2024,595281,L,682120,L,strikeout,True,False,31.0,0.185,9.0,29.03,4.0,12.9,0.512,0.037000000000000005,38.18,17.65,13.45,31.09,30.3,27.27,96.0,0.281,23.0,23.96,4.0,4.17,0.708,0.1009999999999999,35.75,18.44,15.85,34.29,33.33,23.23,47.0,0.095,14.0,29.79,3.0,6.38,0.293,0.023999999999999994,30.43,14.43,19.59,34.02,34.02,21.54,47.0,0.231,14.0,29.79,6.0,12.77,0.666,0.102,32.18,14.07,19.6,33.67,32.04,24.14
746621,2024-06-23,2024,643396,R,682120,L,field_out,False,False,69.0,0.281,9.0,13.04,3.0,4.35,0.6990000000000001,0.09399999999999997,10.64,4.46,24.55,29.02,26.21,20.93,90.0,0.23,16.0,17.78,11.0,12.22,0.634,0.0669999999999999,19.59,8.03,19.67,27.7,20.35,15.09,70.0,0.23,14.0,20.0,9.0,12.86,0.64,0.08099999999999999,27.41,12.59,18.03,30.61,33.33,14.29,74.0,0.308,18.0,24.32,6.0,8.11,0.8240000000000001,0.138,23.87,11.9,13.5,25.4,29.11,18.09
746621,2024-06-23,2024,680757,L,647315,R,home_run,False,False,156.0,0.37,11.0,7.05,14.0,8.97,1.015,0.20999999999999996,6.85,2.81,22.15,24.96,19.93,6.79,494.0,0.272,52.0,10.53,50.0,10.12,0.73,0.1119999999999999,10.22,4.19,22.03,26.23,20.67,8.84,35.0,0.207,6.0,17.14,4.0,11.43,0.673,0.17200000000000001,36.21,16.67,12.7,29.37,29.17,21.43,22.0,0.316,5.0,22.73,3.0,13.64,1.251,0.526,36.36,16.44,13.7,30.14,28.89,31.25
746621,2024-06-23,2024,671289,R,647315,R,field_out,False,False,183.0,0.228,26.0,14.21,13.0,7.1,0.659,0.11400000000000002,16.12,7.52,19.17,26.69,29.06,15.12,89.0,0.266,17.0,19.1,6.0,6.74,0.656,0.076,20.13,9.22,18.73,27.95,29.94,17.0,45.0,0.256,7.0,15.56,1.0,2.22,0.779,0.256,15.66,8.61,11.26,19.87,40.74,17.07,34.0,0.161,9.0,26.47,3.0,8.82,0.493,0.097,21.67,10.32,23.81,34.13,41.43,21.95
746621,2024-06-23,2024,608070,R,663893,L,field_out,False,False,95.0,0.326,12.0,12.63,8.0,8.42,0.949,0.24399999999999994,20.0,10.11,15.17,25.28,35.39,13.95,230.0,0.243,25.0,10.87,19.0,8.26,0.766,0.219,16.06,7.21,15.81,23.02,28.33,12.18,27.0,0.308,6.0,22.22,1.0,3.7,0.948,0.307,31.71,15.85,14.63,30.49,37.84,46.15,,,,,,,,,,,,,,
746621,2024-06-23,2024,647304,L,663893,L,home_run,False,False,90.0,0.188,22.0,24.44,7.0,7.78,0.67,0.21200000000000002,29.66,14.43,13.42,27.85,36.09,30.14,148.0,0.299,15.0,10.14,8.0,5.41,0.821,0.175,16.23,8.67,12.1,20.77,35.38,11.03,26.0,0.24,5.0,19.23,1.0,3.85,0.509,0.0,26.19,11.11,20.2,31.31,25.0,18.52,,,,,,,,,,,,,,
746621,2024-06-23,2024,666310,L,663893,L,field_out,False,False,28.0,0.16,12.0,42.86,3.0,10.71,0.53,0.12000000000000002,35.85,16.81,19.47,36.28,35.19,38.71,51.0,0.217,13.0,25.49,4.0,7.84,0.6639999999999999,0.153,18.18,7.96,17.26,25.22,25.23,18.84,26.0,0.24,5.0,19.23,1.0,3.85,0.509,0.0,26.19,11.11,20.2,31.31,25.0,18.52,,,,,,,,,,,,,,
746621,2024-06-23,2024,687462,L,670766,R,home_run,False,False,42.0,0.353,5.0,11.9,7.0,16.67,0.875,0.059,18.06,7.88,18.18,26.06,23.46,9.43,38.0,0.265,10.0,26.32,3.0,7.89,0.754,0.1469999999999999,27.14,13.01,17.12,30.14,25.35,21.74,9.0,0.333,1.0,11.11,0.0,0.0,0.777,0.11099999999999999,0.0,0.0,27.59,27.59,0.0,16.67,10.0,0.375,3.0,30.0,2.0,20.0,1.0,0.125,20.0,6.52,23.91,30.43,5.0,20.0
746621,2024-06-23,2024,665489,R,670766,R,single,False,False,270.0,0.285,47.0,17.41,27.0,10.0,0.764,0.12000000000000005,24.47,11.75,15.3,27.05,26.33,14.16,558.0,0.26,85.0,15.23,48.0,8.6,0.792,0.2,23.83,12.29,11.94,24.23,30.21,15.37,19.0,0.429,1.0,5.26,3.0,15.79,1.65,0.6419999999999999,20.0,6.9,18.97,25.86,14.29,16.67,17.0,0.25,7.0,41.18,1.0,5.88,0.732,0.188,46.43,19.7,25.76,45.45,34.38,31.82
746621,2024-06-23,2024,457759,R,670766,R,walk,False,True,189.0,0.216,31.0,16.4,22.0,11.64,0.656,0.11700000000000002,18.69,8.7,16.8,25.5,27.15,10.54,462.0,0.273,78.0,16.88,33.0,7.14,0.765,0.1569999999999999,16.44,7.32,17.97,25.29,25.33,12.0,19.0,0.429,1.0,5.26,3.0,15.79,1.65,0.6419999999999999,20.0,6.9,18.97,25.86,14.29,16.67,17.0,0.25,7.0,41.18,1.0,5.88,0.732,0.188,46.43,19.7,25.76,45.45,34.38,31.82
746621,2024-06-23,2024,543807,R,670766,R,field_out,False,False,219.0,0.211,37.0,16.89,23.0,10.5,0.606,0.098,23.57,12.18,13.21,25.38,23.06,16.59,539.0,0.262,101.0,18.74,43.0,7.98,0.738,0.1489999999999999,23.18,11.37,14.48,25.84,23.35,18.21,19.0,0.429,1.0,5.26,3.0,15.79,1.65,0.6419999999999999,20.0,6.9,18.97,25.86,14.29,16.67,17.0,0.25,7.0,41.18,1.0,5.88,0.732,0.188,46.43,19.7,25.76,45.45,34.38,31.82
746621,2024-06-23,2024,680718,L,670766,R,single,False,False,32.0,0.226,6.0,18.75,1.0,3.12,0.508,0.032,25.45,13.21,19.81,33.02,34.0,23.08,,,,,,,,,,,,,,,9.0,0.333,1.0,11.11,0.0,0.0,0.777,0.11099999999999999,0.0,0.0,27.59,27.59,0.0,16.67,10.0,0.375,3.0,30.0,2.0,20.0,1.0,0.125,20.0,6.52,23.91,30.43,5.0,20.0
746621,2024-06-23,2024,643376,R,670766,R,field_out,False,False,132.0,0.233,19.0,14.39,14.0,10.61,0.766,0.215,18.4,7.29,20.19,27.48,19.92,11.76,215.0,0.237,46.0,21.4,16.0,7.44,0.784,0.221,25.13,11.59,15.17,26.76,23.75,20.09,19.0,0.429,1.0,5.26,3.0,15.79,1.65,0.6419999999999999,20.0,6.9,18.97,25.86,14.29,16.67,17.0,0.25,7.0,41.18,1.0,5.88,0.732,0.188,46.43,19.7,25.76,45.45,34.38,31.82
746621,2024-06-23,2024,676914,R,670766,R,walk,False,True,186.0,0.238,45.0,24.19,20.0,10.75,0.785,0.21200000000000002,26.13,10.81,18.76,29.57,21.09,17.05,87.0,0.247,27.0,31.03,11.0,12.64,0.8340000000000001,0.219,37.06,13.98,21.9,35.88,15.66,21.77,19.0,0.429,1.0,5.26,3.0,15.79,1.65,0.6419999999999999,20.0,6.9,18.97,25.86,14.29,16.67,17.0,0.25,7.0,41.18,1.0,5.88,0.732,0.188,46.43,19.7,25.76,45.45,34.38,31.82
746621,2024-06-23,2024,595281,L,670766,R,field_out,False,False,116.0,0.189,37.0,31.9,4.0,3.45,0.534,0.122,35.27,19.23,11.54,30.77,33.94,28.24,312.0,0.26,63.0,20.19,25.0,8.01,0.753,0.1709999999999999,29.15,14.21,14.3,28.51,25.39,21.07,9.0,0.333,1.0,11.11,0.0,0.0,0.777,0.11099999999999999,0.0,0.0,27.59,27.59,0.0,16.67,10.0,0.375,3.0,30.0,2.0,20.0,1.0,0.125,20.0,6.52,23.91,30.43,5.0,20.0
746621,2024-06-23,2024,682177,L,670950,R,field_error,False,False,36.0,0.29,8.0,22.22,5.0,13.89,0.905,0.22600000000000003,22.58,10.0,17.14,27.14,18.42,22.22,,,,,,,,,,,,,,,62.0,0.145,14.0,22.58,5.0,8.06,0.44899999999999995,0.091,23.64,10.24,20.47,30.71,28.15,18.42,138.0,0.207,42.0,30.43,20.0,14.49,0.724,0.198,36.69,16.72,15.57,32.3,37.93,19.44
746621,2024-06-23,2024,671286,R,670950,R,strikeout,True,False,12.0,0.1,6.0,50.0,2.0,16.67,0.35,0.0,54.55,24.49,14.29,38.78,33.33,31.58,,,,,,,,,,,,,,,87.0,0.123,23.0,26.44,11.0,12.64,0.509,0.15100000000000002,25.45,10.94,18.49,29.43,29.81,18.11,178.0,0.244,63.0,35.39,15.0,8.43,0.754,0.194,37.26,17.97,16.38,34.35,37.0,24.51
746621,2024-06-23,2024,677587,L,670950,R,field_out,False,False,158.0,0.235,23.0,14.56,20.0,12.66,0.6679999999999999,0.08300000000000002,20.75,9.59,14.94,24.53,28.07,11.73,53.0,0.3,12.0,22.64,2.0,3.77,0.7010000000000001,0.08,28.07,15.31,15.79,31.1,41.59,17.39,62.0,0.145,14.0,22.58,5.0,8.06,0.44899999999999995,0.091,23.64,10.24,20.47,30.71,28.15,18.42,138.0,0.207,42.0,30.43,20.0,14.49,0.724,0.198,36.69,16.72,15.57,32.3,37.93,19.44
746621,2024-06-23,2024,682657,L,670950,R,field_out,False,False,2.0,0.0,1.0,50.0,0.0,0.0,0.0,0.0,33.33,20.0,40.0,60.0,100.0,100.0,,,,,,,,,,,,,,,62.0,0.145,14.0,22.58,5.0,8.06,0.44899999999999995,0.091,23.64,10.24,20.47,30.71,28.15,18.42,138.0,0.207,42.0,30.43,20.0,14.49,0.724,0.198,36.69,16.72,15.57,32.3,37.93,19.44
746621,2024-06-23,2024,643396,R,670766,R,single,False,False,181.0,0.28,24.0,13.26,10.0,5.52,0.747,0.14099999999999996,13.99,6.53,21.53,28.06,32.77,15.29,273.0,0.246,54.0,19.78,17.0,6.23,0.6479999999999999,0.1069999999999999,19.6,9.05,20.2,29.25,28.6,15.56,19.0,0.429,1.0,5.26,3.0,15.79,1.65,0.6419999999999999,20.0,6.9,18.97,25.86,14.29,16.67,17.0,0.25,7.0,41.18,1.0,5.88,0.732,0.188,46.43,19.7,25.76,45.45,34.38,31.82
746621,2024-06-23,2024,687462,L,670766,R,field_out,False,False,42.0,0.353,5.0,11.9,7.0,16.67,0.875,0.059,18.06,7.88,18.18,26.06,23.46,9.43,38.0,0.265,10.0,26.32,3.0,7.89,0.754,0.1469999999999999,27.14,13.01,17.12,30.14,25.35,21.74,9.0,0.333,1.0,11.11,0.0,0.0,0.777,0.11099999999999999,0.0,0.0,27.59,27.59,0.0,16.67,10.0,0.375,3.0,30.0,2.0,20.0,1.0,0.125,20.0,6.52,23.91,30.43,5.0,20.0
746621,2024-06-23,2024,665489,R,670766,R,field_out,False,False,270.0,0.285,47.0,17.41,27.0,10.0,0.764,0.12000000000000005,24.47,11.75,15.3,27.05,26.33,14.16,558.0,0.26,85.0,15.23,48.0,8.6,0.792,0.2,23.83,12.29,11.94,24.23,30.21,15.37,19.0,0.429,1.0,5.26,3.0,15.79,1.65,0.6419999999999999,20.0,6.9,18.97,25.86,14.29,16.67,17.0,0.25,7.0,41.18,1.0,5.88,0.732,0.188,46.43,19.7,25.76,45.45,34.38,31.82
746621,2024-06-23,2024,457759,R,670766,R,pickoff_1b,False,False,189.0,0.216,31.0,16.4,22.0,11.64,0.656,0.11700000000000002,18.69,8.7,16.8,25.5,27.15,10.54,462.0,0.273,78.0,16.88,33.0,7.14,0.765,0.1569999999999999,16.44,7.32,17.97,25.29,25.33,12.0,19.0,0.429,1.0,5.26,3.0,15.79,1.65,0.6419999999999999,20.0,6.9,18.97,25.86,14.29,16.67,17.0,0.25,7.0,41.18,1.0,5.88,0.732,0.188,46.43,19.7,25.76,45.45,34.38,31.82
746621,2024-06-23,2024,680757,L,670950,R,field_out,False,False,156.0,0.37,11.0,7.05,14.0,8.97,1.015,0.20999999999999996,6.85,2.81,22.15,24.96,19.93,6.79,494.0,0.272,52.0,10.53,50.0,10.12,0.73,0.1119999999999999,10.22,4.19,22.03,26.23,20.67,8.84,62.0,0.145,14.0,22.58,5.0,8.06,0.44899999999999995,0.091,23.64,10.24,20.47,30.71,28.15,18.42,138.0,0.207,42.0,30.43,20.0,14.49,0.724,0.198,36.69,16.72,15.57,32.3,37.93,19.44
746621,2024-06-23,2024,671289,R,670950,R,field_out,False,False,183.0,0.228,26.0,14.21,13.0,7.1,0.659,0.11400000000000002,16.12,7.52,19.17,26.69,29.06,15.12,89.0,0.266,17.0,19.1,6.0,6.74,0.656,0.076,20.13,9.22,18.73,27.95,29.94,17.0,87.0,0.123,23.0,26.44,11.0,12.64,0.509,0.15100000000000002,25.45,10.94,18.49,29.43,29.81,18.11,178.0,0.244,63.0,35.39,15.0,8.43,0.754,0.194,37.26,17.97,16.38,34.35,37.0,24.51
746621,2024-06-23,2024,608070,L,670950,R,field_out,False,False,217.0,0.247,24.0,11.06,17.0,7.83,0.819,0.263,13.48,6.6,13.53,20.13,30.87,8.63,461.0,0.302,48.0,10.41,54.0,11.71,0.863,0.179,15.4,6.98,13.91,20.89,28.02,10.17,62.0,0.145,14.0,22.58,5.0,8.06,0.44899999999999995,0.091,23.64,10.24,20.47,30.71,28.15,18.42,138.0,0.207,42.0,30.43,20.0,14.49,0.724,0.198,36.69,16.72,15.57,32.3,37.93,19.44
746621,2024-06-23,2024,457759,R,656529,L,single,False,False,56.0,0.294,9.0,16.07,4.0,7.14,0.81,0.177,10.92,5.02,20.08,25.1,26.67,9.78,164.0,0.285,32.0,19.51,18.0,10.98,0.9,0.243,20.38,9.35,18.71,28.06,27.41,13.45,39.0,0.111,13.0,33.33,3.0,7.69,0.346,0.05600000000000001,32.35,14.86,18.92,33.78,29.49,31.71,142.0,0.248,37.0,26.06,13.0,9.15,0.619,0.0539999999999999,28.86,12.59,20.21,32.8,25.09,22.84
746621,2024-06-23,2024,543807,R,656529,L,field_out,False,False,67.0,0.123,14.0,20.9,9.0,13.43,0.432,0.07,21.21,9.79,12.94,22.73,19.85,16.47,144.0,0.242,24.0,16.67,17.0,11.81,0.71,0.137,19.37,9.5,11.92,21.42,22.03,14.37,39.0,0.111,13.0,33.33,3.0,7.69,0.346,0.05600000000000001,32.35,14.86,18.92,33.78,29.49,31.71,142.0,0.248,37.0,26.06,13.0,9.15,0.619,0.0539999999999999,28.86,12.59,20.21,32.8,25.09,22.84
746621,2024-06-23,2024,676391,R,656529,L,grounded_into_double_play,False,False,56.0,0.333,3.0,5.36,2.0,3.57,0.88,0.177,10.68,6.25,14.77,21.02,40.24,7.14,32.0,0.367,3.0,9.38,1.0,3.12,0.775,0.033,12.96,7.37,17.89,25.26,46.81,17.65,39.0,0.111,13.0,33.33,3.0,7.69,0.346,0.05600000000000001,32.35,14.86,18.92,33.78,29.49,31.71,142.0,0.248,37.0,26.06,13.0,9.15,0.619,0.0539999999999999,28.86,12.59,20.21,32.8,25.09,22.84
746621,2024-06-23,2024,647304,L,650893,L,field_out,False,False,90.0,0.188,22.0,24.44,7.0,7.78,0.67,0.21200000000000002,29.66,14.43,13.42,27.85,36.09,30.14,148.0,0.299,15.0,10.14,8.0,5.41,0.821,0.175,16.23,8.67,12.1,20.77,35.38,11.03,58.0,0.2,8.0,13.79,5.0,8.62,0.7010000000000001,0.21999999999999997,24.11,12.33,10.96,23.29,26.55,14.04,111.0,0.198,31.0,27.93,7.0,6.31,0.63,0.1679999999999999,31.68,15.17,17.06,32.23,29.76,26.5
746621,2024-06-23,2024,666310,L,650893,L,double,False,False,28.0,0.16,12.0,42.86,3.0,10.71,0.53,0.12000000000000002,35.85,16.81,19.47,36.28,35.19,38.71,51.0,0.217,13.0,25.49,4.0,7.84,0.6639999999999999,0.153,18.18,7.96,17.26,25.22,25.23,18.84,58.0,0.2,8.0,13.79,5.0,8.62,0.7010000000000001,0.21999999999999997,24.11,12.33,10.96,23.29,26.55,14.04,111.0,0.198,31.0,27.93,7.0,6.31,0.63,0.1679999999999999,31.68,15.17,17.06,32.23,29.76,26.5
746621,2024-06-23,2024,682177,L,650893,L,strikeout,True,False,9.0,0.333,3.0,33.33,3.0,33.33,1.389,0.49999999999999994,21.74,9.62,13.46,23.08,28.57,11.11,,,,,,,,,,,,,,,58.0,0.2,8.0,13.79,5.0,8.62,0.7010000000000001,0.21999999999999997,24.11,12.33,10.96,23.29,26.55,14.04,111.0,0.198,31.0,27.93,7.0,6.31,0.63,0.1679999999999999,31.68,15.17,17.06,32.23,29.76,26.5
746621,2024-06-23,2024,671286,R,650893,L,walk,False,True,21.0,0.125,5.0,23.81,5.0,23.81,0.521,0.063,36.84,16.47,11.76,28.24,27.27,16.67,,,,,,,,,,,,,,,72.0,0.339,9.0,12.5,8.0,11.11,0.903,0.16099999999999998,19.82,9.05,18.52,27.57,26.85,14.29,128.0,0.264,27.0,21.09,17.0,13.28,0.804,0.181,28.36,14.05,11.65,25.69,30.85,15.52
746621,2024-06-23,2024,677587,R,650893,L,field_out,False,False,70.0,0.161,18.0,25.71,6.0,8.57,0.517,0.11300000000000002,25.19,13.41,13.01,26.42,31.01,28.12,33.0,0.161,15.0,45.45,2.0,6.06,0.438,0.065,39.73,21.64,16.42,38.06,38.1,32.61,72.0,0.339,9.0,12.5,8.0,11.11,0.903,0.16099999999999998,19.82,9.05,18.52,27.57,26.85,14.29,128.0,0.264,27.0,21.09,17.0,13.28,0.804,0.181,28.36,14.05,11.65,25.69,30.85,15.52
746621,2024-06-23,2024,643376,R,656529,L,field_out,False,False,39.0,0.25,7.0,17.95,6.0,15.38,0.671,0.062,22.03,7.98,20.86,28.83,14.12,16.28,86.0,0.205,16.0,18.6,7.0,8.14,0.792,0.308,17.86,8.52,13.35,21.88,27.32,15.24,39.0,0.111,13.0,33.33,3.0,7.69,0.346,0.05600000000000001,32.35,14.86,18.92,33.78,29.49,31.71,142.0,0.248,37.0,26.06,13.0,9.15,0.619,0.0539999999999999,28.86,12.59,20.21,32.8,25.09,22.84
746621,2024-06-23,2024,676914,R,656529,L,field_out,False,False,67.0,0.196,20.0,29.85,7.0,10.45,0.666,0.197,32.8,14.96,17.15,32.12,26.57,21.98,54.0,0.326,16.0,29.63,10.0,18.52,1.3,0.5109999999999999,37.65,15.69,17.16,32.84,15.89,28.07,39.0,0.111,13.0,33.33,3.0,7.69,0.346,0.05600000000000001,32.35,14.86,18.92,33.78,29.49,31.71,142.0,0.248,37.0,26.06,13.0,9.15,0.619,0.0539999999999999,28.86,12.59,20.21,32.8,25.09,22.84
746621,2024-06-23,2024,672386,R,671922,R,field_out,False,False,101.0,0.212,13.0,12.87,11.0,10.89,0.615,0.10600000000000001,15.73,6.45,21.66,28.11,23.01,8.78,295.0,0.244,28.0,9.49,25.0,8.47,0.6739999999999999,0.1069999999999999,13.38,5.86,20.77,26.63,27.21,7.67,70.0,0.197,25.0,35.71,2.0,2.86,0.546,0.10599999999999998,31.62,15.69,19.34,35.04,31.4,28.41,,,,,,,,,,,,,,
746621,2024-06-23,2024,682657,L,643338,R,single,False,False,2.0,0.0,1.0,50.0,0.0,0.0,0.0,0.0,33.33,20.0,40.0,60.0,100.0,100.0,,,,,,,,,,,,,,,27.0,0.2,7.0,25.93,2.0,7.41,0.739,0.27999999999999997,26.79,13.89,13.89,27.78,26.92,17.95,17.0,0.2,7.0,41.18,2.0,11.76,0.694,0.2,43.18,25.68,5.41,31.08,29.03,23.33
746621,2024-06-23,2024,680757,L,643338,R,single,False,False,156.0,0.37,11.0,7.05,14.0,8.97,1.015,0.20999999999999996,6.85,2.81,22.15,24.96,19.93,6.79,494.0,0.272,52.0,10.53,50.0,10.12,0.73,0.1119999999999999,10.22,4.19,22.03,26.23,20.67,8.84,27.0,0.2,7.0,25.93,2.0,7.41,0.739,0.27999999999999997,26.79,13.89,13.89,27.78,26.92,17.95,17.0,0.2,7.0,41.18,2.0,11.76,0.694,0.2,43.18,25.68,5.41,31.08,29.03,23.33
746621,2024-06-23,2024,671289,R,643338,R,field_out,False,False,183.0,0.228,26.0,14.21,13.0,7.1,0.659,0.11400000000000002,16.12,7.52,19.17,26.69,29.06,15.12,89.0,0.266,17.0,19.1,6.0,6.74,0.656,0.076,20.13,9.22,18.73,27.95,29.94,17.0,31.0,0.179,6.0,19.35,2.0,6.45,0.519,0.10699999999999998,23.33,10.53,14.29,24.81,20.83,15.79,35.0,0.273,9.0,25.71,2.0,5.71,0.738,0.1509999999999999,32.31,16.8,16.8,33.6,40.85,20.93
746621,2024-06-23,2024,608070,L,643338,R,strikeout,True,False,217.0,0.247,24.0,11.06,17.0,7.83,0.819,0.263,13.48,6.6,13.53,20.13,30.87,8.63,461.0,0.302,48.0,10.41,54.0,11.71,0.863,0.179,15.4,6.98,13.91,20.89,28.02,10.17,27.0,0.2,7.0,25.93,2.0,7.41,0.739,0.27999999999999997,26.79,13.89,13.89,27.78,26.92,17.95,17.0,0.2,7.0,41.18,2.0,11.76,0.694,0.2,43.18,25.68,5.41,31.08,29.03,23.33
746621,2024-06-23,2024,647304,L,643338,R,field_out,False,False,212.0,0.259,30.0,14.15,21.0,9.91,0.875,0.276,20.1,10.46,9.93,20.39,33.66,14.22,348.0,0.311,53.0,15.23,25.0,7.18,0.851,0.184,21.29,11.96,9.18,21.15,41.36,16.99,27.0,0.2,7.0,25.93,2.0,7.41,0.739,0.27999999999999997,26.79,13.89,13.89,27.78,26.92,17.95,17.0,0.2,7.0,41.18,2.0,11.76,0.694,0.2,43.18,25.68,5.41,31.08,29.03,23.33
746621,2024-06-23,2024,643396,R,661403,R,field_out,False,False,181.0,0.28,24.0,13.26,10.0,5.52,0.747,0.14099999999999996,13.99,6.53,21.53,28.06,32.77,15.29,273.0,0.246,54.0,19.78,17.0,6.23,0.6479999999999999,0.1069999999999999,19.6,9.05,20.2,29.25,28.6,15.56,61.0,0.232,15.0,24.59,2.0,3.28,0.6000000000000001,0.089,28.36,15.32,12.1,27.42,28.46,18.07,151.0,0.232,22.0,14.57,6.0,3.97,0.5980000000000001,0.106,27.57,16.05,13.35,29.4,33.82,15.38
746621,2024-06-23,2024,687462,L,661403,R,walk,False,True,42.0,0.353,5.0,11.9,7.0,16.67,0.875,0.059,18.06,7.88,18.18,26.06,23.46,9.43,38.0,0.265,10.0,26.32,3.0,7.89,0.754,0.1469999999999999,27.14,13.01,17.12,30.14,25.35,21.74,70.0,0.088,22.0,31.43,1.0,1.43,0.219,0.03,30.22,16.87,18.88,35.74,48.28,27.5,151.0,0.252,42.0,27.81,10.0,6.62,0.622,0.065,27.27,13.15,15.91,29.06,28.67,22.58
746621,2024-06-23,2024,665489,R,661403,R,strikeout,True,False,270.0,0.285,47.0,17.41,27.0,10.0,0.764,0.12000000000000005,24.47,11.75,15.3,27.05,26.33,14.16,558.0,0.26,85.0,15.23,48.0,8.6,0.792,0.2,23.83,12.29,11.94,24.23,30.21,15.37,61.0,0.232,15.0,24.59,2.0,3.28,0.6000000000000001,0.089,28.36,15.32,12.1,27.42,28.46,18.07,151.0,0.232,22.0,14.57,6.0,3.97,0.5980000000000001,0.106,27.57,16.05,13.35,29.4,33.82,15.38
746621,2024-06-23,2024,457759,R,661403,R,single,False,False,189.0,0.216,31.0,16.4,22.0,11.64,0.656,0.11700000000000002,18.69,8.7,16.8,25.5,27.15,10.54,462.0,0.273,78.0,16.88,33.0,7.14,0.765,0.1569999999999999,16.44,7.32,17.97,25.29,25.33,12.0,61.0,0.232,15.0,24.59,2.0,3.28,0.6000000000000001,0.089,28.36,15.32,12.1,27.42,28.46,18.07,151.0,0.232,22.0,14.57,6.0,3.97,0.5980000000000001,0.106,27.57,16.05,13.35,29.4,33.82,15.38
746621,2024-06-23,2024,543807,R,661403,R,force_out,False,False,219.0,0.211,37.0,16.89,23.0,10.5,0.606,0.098,23.57,12.18,13.21,25.38,23.06,16.59,539.0,0.262,101.0,18.74,43.0,7.98,0.738,0.1489999999999999,23.18,11.37,14.48,25.84,23.35,18.21,61.0,0.232,15.0,24.59,2.0,3.28,0.6000000000000001,0.089,28.36,15.32,12.1,27.42,28.46,18.07,151.0,0.232,22.0,14.57,6.0,3.97,0.5980000000000001,0.106,27.57,16.05,13.35,29.4,33.82,15.38
746699,2024-06-23,2024,680776,L,666157,L,field_out,False,False,109.0,0.253,26.0,23.85,10.0,9.17,0.649,0.063,24.87,10.63,21.04,31.67,28.9,20.16,49.0,0.289,15.0,30.61,3.0,6.12,0.749,0.133,24.44,10.73,20.0,30.73,27.27,25.86,49.0,0.25,11.0,22.45,3.0,6.12,0.6000000000000001,0.02300000000000002,18.18,7.14,21.94,29.08,21.98,15.94,26.0,0.24,9.0,34.62,1.0,3.85,0.7090000000000001,0.2,34.04,15.24,23.81,39.05,44.0,22.5
746699,2024-06-23,2024,608701,R,666157,L,walk,False,True,67.0,0.333,18.0,26.87,7.0,10.45,0.889,0.123,33.61,15.33,17.62,32.95,21.77,21.43,146.0,0.308,22.0,15.07,23.0,15.75,0.8280000000000001,0.092,21.59,8.39,20.38,28.77,17.59,13.66,220.0,0.201,59.0,26.82,12.0,5.45,0.6060000000000001,0.131,31.93,15.67,16.04,31.71,33.17,23.05,140.0,0.361,38.0,27.14,9.0,6.43,1.071,0.278,29.69,13.97,16.73,30.7,30.18,21.71
746699,2024-06-23,2024,641933,R,666157,L,single,False,False,73.0,0.328,23.0,31.51,15.0,20.55,1.19,0.39599999999999996,29.41,10.39,18.4,28.78,20.0,23.71,79.0,0.227,14.0,17.72,13.0,16.46,0.7929999999999999,0.212,23.91,10.58,16.03,26.6,24.28,14.14,220.0,0.201,59.0,26.82,12.0,5.45,0.6060000000000001,0.131,31.93,15.67,16.04,31.71,33.17,23.05,140.0,0.361,38.0,27.14,9.0,6.43,1.071,0.278,29.69,13.97,16.73,30.7,30.18,21.71
746699,2024-06-23,2024,646240,L,666157,L,force_out,False,False,96.0,0.256,33.0,34.38,7.0,7.29,0.742,0.16299999999999998,30.33,16.54,13.18,29.72,34.43,23.74,188.0,0.273,37.0,19.68,11.0,5.85,0.823,0.2149999999999999,27.74,14.71,11.61,26.32,30.93,15.19,49.0,0.25,11.0,22.45,3.0,6.12,0.6000000000000001,0.02300000000000002,18.18,7.14,21.94,29.08,21.98,15.94,26.0,0.24,9.0,34.62,1.0,3.85,0.7090000000000001,0.2,34.04,15.24,23.81,39.05,44.0,22.5
746699,2024-06-23,2024,657136,R,666157,L,force_out,False,False,75.0,0.359,14.0,18.67,10.0,13.33,0.9530000000000001,0.14100000000000001,23.23,11.84,12.5,24.34,25.68,14.74,108.0,0.156,40.0,37.04,9.0,8.33,0.501,0.104,32.9,17.27,14.32,31.59,33.33,27.86,220.0,0.201,59.0,26.82,12.0,5.45,0.6060000000000001,0.131,31.93,15.67,16.04,31.71,33.17,23.05,140.0,0.361,38.0,27.14,9.0,6.43,1.071,0.278,29.69,13.97,16.73,30.7,30.18,21.71
746699,2024-06-23,2024,670770,L,677161,R,field_out,False,False,74.0,0.212,12.0,16.22,5.0,6.76,0.697,0.19699999999999998,17.5,7.42,19.43,26.86,22.06,16.22,446.0,0.26,70.0,15.7,38.0,8.52,0.785,0.189,18.12,7.73,19.52,27.25,25.03,13.48,46.0,0.158,10.0,21.74,8.0,17.39,0.5409999999999999,0.07899999999999999,24.24,11.54,15.87,27.4,29.25,14.08,24.0,0.222,4.0,16.67,6.0,25.0,0.806,0.167,27.45,11.76,15.13,26.89,26.76,10.0
746699,2024-06-23,2024,682829,L,677161,R,strikeout,True,False,208.0,0.249,69.0,33.17,23.0,11.06,0.8240000000000001,0.243,32.13,13.03,20.22,33.25,23.76,29.96,307.0,0.255,95.0,30.94,30.0,9.77,0.7989999999999999,0.2159999999999999,26.69,11.86,17.47,29.33,31.27,25.07,46.0,0.158,10.0,21.74,8.0,17.39,0.5409999999999999,0.07899999999999999,24.24,11.54,15.87,27.4,29.25,14.08,24.0,0.222,4.0,16.67,6.0,25.0,0.806,0.167,27.45,11.76,15.13,26.89,26.76,10.0
746699,2024-06-23,2024,600869,L,677161,R,field_out,False,False,188.0,0.261,48.0,25.53,8.0,4.26,0.8619999999999999,0.30699999999999994,27.7,14.94,13.09,28.02,36.13,22.02,415.0,0.251,91.0,21.93,38.0,9.16,0.812,0.2279999999999999,25.42,11.83,16.22,28.05,27.64,18.71,46.0,0.158,10.0,21.74,8.0,17.39,0.5409999999999999,0.07899999999999999,24.24,11.54,15.87,27.4,29.25,14.08,24.0,0.222,4.0,16.67,6.0,25.0,0.806,0.167,27.45,11.76,15.13,26.89,26.76,10.0
746699,2024-06-23,2024,663853,R,666157,L,field_out,False,False,34.0,0.3,7.0,20.59,3.0,8.82,0.6859999999999999,0.03300000000000003,31.34,16.03,12.21,28.24,33.33,21.21,37.0,0.162,15.0,40.54,0.0,0.0,0.4589999999999999,0.1349999999999999,44.44,23.36,17.52,40.88,39.73,31.91,220.0,0.201,59.0,26.82,12.0,5.45,0.6060000000000001,0.131,31.93,15.67,16.04,31.71,33.17,23.05,140.0,0.361,38.0,27.14,9.0,6.43,1.071,0.278,29.69,13.97,16.73,30.7,30.18,21.71
746699,2024-06-23,2024,642086,L,666157,L,field_out,False,False,19.0,0.389,4.0,21.05,1.0,5.26,1.088,0.278,14.29,6.17,19.75,25.93,26.83,14.29,172.0,0.234,29.0,16.86,14.0,8.14,0.588,0.0569999999999999,20.07,8.92,18.77,27.69,25.32,16.2,49.0,0.25,11.0,22.45,3.0,6.12,0.6000000000000001,0.02300000000000002,18.18,7.14,21.94,29.08,21.98,15.94,26.0,0.24,9.0,34.62,1.0,3.85,0.7090000000000001,0.2,34.04,15.24,23.81,39.05,44.0,22.5
746699,2024-06-23,2024,678882,R,666157,L,strikeout,True,False,73.0,0.284,21.0,28.77,5.0,6.85,0.8109999999999999,0.194,34.87,19.41,13.92,33.33,38.69,25.3,27.0,0.192,8.0,29.63,1.0,3.7,0.645,0.2309999999999999,36.36,19.23,14.42,33.65,30.0,24.24,220.0,0.201,59.0,26.82,12.0,5.45,0.6060000000000001,0.131,31.93,15.67,16.04,31.71,33.17,23.05,140.0,0.361,38.0,27.14,9.0,6.43,1.071,0.278,29.69,13.97,16.73,30.7,30.18,21.71
746699,2024-06-23,2024,668715,R,677161,R,single,False,False,217.0,0.226,45.0,20.74,20.0,9.22,0.673,0.143,21.77,9.85,18.1,27.95,25.63,16.07,487.0,0.256,106.0,21.77,51.0,10.47,0.7789999999999999,0.175,25.48,10.86,19.02,29.88,22.75,18.53,56.0,0.1,17.0,30.36,5.0,8.93,0.376,0.07999999999999999,33.33,14.35,22.22,36.57,28.57,25.37,19.0,0.214,2.0,10.53,2.0,10.53,0.746,0.143,13.04,4.84,20.97,25.81,24.24,16.67
746699,2024-06-23,2024,663886,R,677161,R,field_out,False,False,146.0,0.242,33.0,22.6,13.0,8.9,0.696,0.125,23.08,10.17,18.27,28.44,24.42,21.19,378.0,0.228,105.0,27.78,34.0,8.99,0.657,0.1239999999999999,29.78,12.81,19.96,32.77,26.19,24.59,56.0,0.1,17.0,30.36,5.0,8.93,0.376,0.07999999999999999,33.33,14.35,22.22,36.57,28.57,25.37,19.0,0.214,2.0,10.53,2.0,10.53,0.746,0.143,13.04,4.84,20.97,25.81,24.24,16.67
746699,2024-06-23,2024,663697,R,677161,R,field_out,False,False,190.0,0.224,44.0,23.16,24.0,12.63,0.655,0.099,19.59,7.31,20.81,28.12,16.15,19.73,397.0,0.257,73.0,18.39,37.0,9.32,0.7809999999999999,0.175,21.3,8.18,21.42,29.59,19.53,15.19,56.0,0.1,17.0,30.36,5.0,8.93,0.376,0.07999999999999999,33.33,14.35,22.22,36.57,28.57,25.37,19.0,0.214,2.0,10.53,2.0,10.53,0.746,0.143,13.04,4.84,20.97,25.81,24.24,16.67
746699,2024-06-23,2024,666181,L,677161,R,strikeout,True,False,187.0,0.219,79.0,42.25,18.0,9.63,0.72,0.207,38.27,18.25,15.17,33.42,22.25,31.35,285.0,0.297,89.0,31.23,37.0,12.98,0.938,0.252,31.03,13.11,16.03,29.13,18.51,23.66,46.0,0.158,10.0,21.74,8.0,17.39,0.5409999999999999,0.07899999999999999,24.24,11.54,15.87,27.4,29.25,14.08,24.0,0.222,4.0,16.67,6.0,25.0,0.806,0.167,27.45,11.76,15.13,26.89,26.76,10.0
746699,2024-06-23,2024,666152,L,666157,L,field_out,False,False,26.0,0.24,8.0,30.77,1.0,3.85,0.549,0.040000000000000036,33.33,16.48,17.58,34.07,28.57,30.77,3.0,0.333,0.0,0.0,0.0,0.0,0.666,0.0,25.0,16.67,16.67,33.33,50.0,,49.0,0.25,11.0,22.45,3.0,6.12,0.6000000000000001,0.02300000000000002,18.18,7.14,21.94,29.08,21.98,15.94,26.0,0.24,9.0,34.62,1.0,3.85,0.7090000000000001,0.2,34.04,15.24,23.81,39.05,44.0,22.5
746699,2024-06-23,2024,680776,L,666157,L,single,False,False,109.0,0.253,26.0,23.85,10.0,9.17,0.649,0.063,24.87,10.63,21.04,31.67,28.9,20.16,49.0,0.289,15.0,30.61,3.0,6.12,0.749,0.133,24.44,10.73,20.0,30.73,27.27,25.86,49.0,0.25,11.0,22.45,3.0,6.12,0.6000000000000001,0.02300000000000002,18.18,7.14,21.94,29.08,21.98,15.94,26.0,0.24,9.0,34.62,1.0,3.85,0.7090000000000001,0.2,34.04,15.24,23.81,39.05,44.0,22.5
746699,2024-06-23,2024,608701,R,666157,L,strikeout,True,False,67.0,0.333,18.0,26.87,7.0,10.45,0.889,0.123,33.61,15.33,17.62,32.95,21.77,21.43,146.0,0.308,22.0,15.07,23.0,15.75,0.8280000000000001,0.092,21.59,8.39,20.38,28.77,17.59,13.66,220.0,0.201,59.0,26.82,12.0,5.45,0.6060000000000001,0.131,31.93,15.67,16.04,31.71,33.17,23.05,140.0,0.361,38.0,27.14,9.0,6.43,1.071,0.278,29.69,13.97,16.73,30.7,30.18,21.71
746699,2024-06-23,2024,641933,R,666157,L,field_out,False,False,73.0,0.328,23.0,31.51,15.0,20.55,1.19,0.39599999999999996,29.41,10.39,18.4,28.78,20.0,23.71,79.0,0.227,14.0,17.72,13.0,16.46,0.7929999999999999,0.212,23.91,10.58,16.03,26.6,24.28,14.14,220.0,0.201,59.0,26.82,12.0,5.45,0.6060000000000001,0.131,31.93,15.67,16.04,31.71,33.17,23.05,140.0,0.361,38.0,27.14,9.0,6.43,1.071,0.278,29.69,13.97,16.73,30.7,30.18,21.71
746699,2024-06-23,2024,669289,R,677161,R,field_out,False,False,89.0,0.181,16.0,17.98,4.0,4.49,0.493,0.09600000000000003,11.73,5.51,16.81,22.32,25.45,17.2,138.0,0.244,22.0,15.94,10.0,7.25,0.633,0.073,17.87,7.68,20.84,28.52,25.34,15.6,56.0,0.1,17.0,30.36,5.0,8.93,0.376,0.07999999999999999,33.33,14.35,22.22,36.57,28.57,25.37,19.0,0.214,2.0,10.53,2.0,10.53,0.746,0.143,13.04,4.84,20.97,25.81,24.24,16.67
746699,2024-06-23,2024,656413,R,677161,R,strikeout,True,False,51.0,0.089,11.0,21.57,3.0,5.88,0.358,0.089,37.08,18.86,12.57,31.43,27.78,23.4,144.0,0.23,35.0,24.31,12.0,8.33,0.716,0.1829999999999999,31.79,17.15,10.79,27.94,25.91,21.74,56.0,0.1,17.0,30.36,5.0,8.93,0.376,0.07999999999999999,33.33,14.35,22.22,36.57,28.57,25.37,19.0,0.214,2.0,10.53,2.0,10.53,0.746,0.143,13.04,4.84,20.97,25.81,24.24,16.67
746699,2024-06-23,2024,670770,L,657514,L,strikeout,True,False,33.0,0.269,6.0,18.18,3.0,9.09,0.732,0.03899999999999998,30.43,12.96,22.22,35.19,29.82,20.69,110.0,0.354,20.0,18.18,9.0,8.18,0.963,0.188,19.23,7.48,23.69,31.17,22.46,18.87,59.0,0.17,16.0,27.12,3.0,5.08,0.473,0.07499999999999998,20.69,8.18,27.73,35.91,17.24,24.24,84.0,0.169,23.0,27.38,3.0,3.57,0.4589999999999999,0.0519999999999999,24.82,10.84,23.53,34.37,22.79,26.74
746699,2024-06-23,2024,646240,L,666157,L,walk,False,True,96.0,0.256,33.0,34.38,7.0,7.29,0.742,0.16299999999999998,30.33,16.54,13.18,29.72,34.43,23.74,188.0,0.273,37.0,19.68,11.0,5.85,0.823,0.2149999999999999,27.74,14.71,11.61,26.32,30.93,15.19,49.0,0.25,11.0,22.45,3.0,6.12,0.6000000000000001,0.02300000000000002,18.18,7.14,21.94,29.08,21.98,15.94,26.0,0.24,9.0,34.62,1.0,3.85,0.7090000000000001,0.2,34.04,15.24,23.81,39.05,44.0,22.5
746699,2024-06-23,2024,657136,R,666157,L,home_run,False,False,75.0,0.359,14.0,18.67,10.0,13.33,0.9530000000000001,0.14100000000000001,23.23,11.84,12.5,24.34,25.68,14.74,108.0,0.156,40.0,37.04,9.0,8.33,0.501,0.104,32.9,17.27,14.32,31.59,33.33,27.86,220.0,0.201,59.0,26.82,12.0,5.45,0.6060000000000001,0.131,31.93,15.67,16.04,31.71,33.17,23.05,140.0,0.361,38.0,27.14,9.0,6.43,1.071,0.278,29.69,13.97,16.73,30.7,30.18,21.71
746699,2024-06-23,2024,663853,R,666157,L,double,False,False,34.0,0.3,7.0,20.59,3.0,8.82,0.6859999999999999,0.03300000000000003,31.34,16.03,12.21,28.24,33.33,21.21,37.0,0.162,15.0,40.54,0.0,0.0,0.4589999999999999,0.1349999999999999,44.44,23.36,17.52,40.88,39.73,31.91,220.0,0.201,59.0,26.82,12.0,5.45,0.6060000000000001,0.131,31.93,15.67,16.04,31.71,33.17,23.05,140.0,0.361,38.0,27.14,9.0,6.43,1.071,0.278,29.69,13.97,16.73,30.7,30.18,21.71
746699,2024-06-23,2024,642086,L,666157,L,walk,False,True,19.0,0.389,4.0,21.05,1.0,5.26,1.088,0.278,14.29,6.17,19.75,25.93,26.83,14.29,172.0,0.234,29.0,16.86,14.0,8.14,0.588,0.0569999999999999,20.07,8.92,18.77,27.69,25.32,16.2,49.0,0.25,11.0,22.45,3.0,6.12,0.6000000000000001,0.02300000000000002,18.18,7.14,21.94,29.08,21.98,15.94,26.0,0.24,9.0,34.62,1.0,3.85,0.7090000000000001,0.2,34.04,15.24,23.81,39.05,44.0,22.5
746699,2024-06-23,2024,678882,R,666157,L,force_out,False,False,73.0,0.284,21.0,28.77,5.0,6.85,0.8109999999999999,0.194,34.87,19.41,13.92,33.33,38.69,25.3,27.0,0.192,8.0,29.63,1.0,3.7,0.645,0.2309999999999999,36.36,19.23,14.42,33.65,30.0,24.24,220.0,0.201,59.0,26.82,12.0,5.45,0.6060000000000001,0.131,31.93,15.67,16.04,31.71,33.17,23.05,140.0,0.361,38.0,27.14,9.0,6.43,1.071,0.278,29.69,13.97,16.73,30.7,30.18,21.71
746699,2024-06-23,2024,666152,L,666157,L,strikeout,True,False,26.0,0.24,8.0,30.77,1.0,3.85,0.549,0.040000000000000036,33.33,16.48,17.58,34.07,28.57,30.77,3.0,0.333,0.0,0.0,0.0,0.0,0.666,0.0,25.0,16.67,16.67,33.33,50.0,,49.0,0.25,11.0,22.45,3.0,6.12,0.6000000000000001,0.02300000000000002,18.18,7.14,21.94,29.08,21.98,15.94,26.0,0.24,9.0,34.62,1.0,3.85,0.7090000000000001,0.2,34.04,15.24,23.81,39.05,44.0,22.5
746699,2024-06-23,2024,680776,L,666157,L,double,False,False,109.0,0.253,26.0,23.85,10.0,9.17,0.649,0.063,24.87,10.63,21.04,31.67,28.9,20.16,49.0,0.289,15.0,30.61,3.0,6.12,0.749,0.133,24.44,10.73,20.0,30.73,27.27,25.86,49.0,0.25,11.0,22.45,3.0,6.12,0.6000000000000001,0.02300000000000002,18.18,7.14,21.94,29.08,21.98,15.94,26.0,0.24,9.0,34.62,1.0,3.85,0.7090000000000001,0.2,34.04,15.24,23.81,39.05,44.0,22.5
746699,2024-06-23,2024,608701,R,666157,L,field_out,False,False,67.0,0.333,18.0,26.87,7.0,10.45,0.889,0.123,33.61,15.33,17.62,32.95,21.77,21.43,146.0,0.308,22.0,15.07,23.0,15.75,0.8280000000000001,0.092,21.59,8.39,20.38,28.77,17.59,13.66,220.0,0.201,59.0,26.82,12.0,5.45,0.6060000000000001,0.131,31.93,15.67,16.04,31.71,33.17,23.05,140.0,0.361,38.0,27.14,9.0,6.43,1.071,0.278,29.69,13.97,16.73,30.7,30.18,21.71
746699,2024-06-23,2024,682829,R,657514,L,double,False,False,114.0,0.223,32.0,28.07,14.0,12.28,0.699,0.12799999999999997,33.17,13.99,15.66,29.65,25.19,25.2,122.0,0.184,49.0,40.16,5.0,4.1,0.494,0.079,37.56,17.7,19.4,37.1,38.0,33.33,57.0,0.2,11.0,19.3,10.0,17.54,0.595,0.043999999999999984,17.59,8.15,15.88,24.03,24.3,14.29,132.0,0.304,35.0,26.52,15.0,11.36,0.872,0.174,24.64,9.56,20.22,29.78,16.48,23.33
746699,2024-06-23,2024,600869,R,657514,L,single,False,False,91.0,0.241,19.0,20.88,10.0,10.99,0.6950000000000001,0.11299999999999999,28.65,14.37,12.96,27.32,31.28,18.1,161.0,0.254,36.0,22.36,15.0,9.32,0.793,0.197,21.45,10.5,14.2,24.7,29.83,16.29,57.0,0.2,11.0,19.3,10.0,17.54,0.595,0.043999999999999984,17.59,8.15,15.88,24.03,24.3,14.29,132.0,0.304,35.0,26.52,15.0,11.36,0.872,0.174,24.64,9.56,20.22,29.78,16.48,23.33
746699,2024-06-23,2024,668715,R,669711,R,strikeout,True,False,217.0,0.226,45.0,20.74,20.0,9.22,0.673,0.143,21.77,9.85,18.1,27.95,25.63,16.07,487.0,0.256,106.0,21.77,51.0,10.47,0.7789999999999999,0.175,25.48,10.86,19.02,29.88,22.75,18.53,73.0,0.236,19.0,26.03,1.0,1.37,0.5529999999999999,0.07,18.46,8.45,22.54,30.99,31.01,23.46,54.0,0.261,12.0,22.22,6.0,11.11,0.7709999999999999,0.1519999999999999,21.28,8.77,19.3,28.07,18.18,17.19
746699,2024-06-23,2024,663886,R,669711,R,field_out,False,False,146.0,0.242,33.0,22.6,13.0,8.9,0.696,0.125,23.08,10.17,18.27,28.44,24.42,21.19,378.0,0.228,105.0,27.78,34.0,8.99,0.657,0.1239999999999999,29.78,12.81,19.96,32.77,26.19,24.59,73.0,0.236,19.0,26.03,1.0,1.37,0.5529999999999999,0.07,18.46,8.45,22.54,30.99,31.01,23.46,54.0,0.261,12.0,22.22,6.0,11.11,0.7709999999999999,0.1519999999999999,21.28,8.77,19.3,28.07,18.18,17.19
746699,2024-06-23,2024,663697,R,669711,R,double,False,False,190.0,0.224,44.0,23.16,24.0,12.63,0.655,0.099,19.59,7.31,20.81,28.12,16.15,19.73,397.0,0.257,73.0,18.39,37.0,9.32,0.7809999999999999,0.175,21.3,8.18,21.42,29.59,19.53,15.19,73.0,0.236,19.0,26.03,1.0,1.37,0.5529999999999999,0.07,18.46,8.45,22.54,30.99,31.01,23.46,54.0,0.261,12.0,22.22,6.0,11.11,0.7709999999999999,0.1519999999999999,21.28,8.77,19.3,28.07,18.18,17.19
746699,2024-06-23,2024,666181,L,669711,R,field_out,False,False,187.0,0.219,79.0,42.25,18.0,9.63,0.72,0.207,38.27,18.25,15.17,33.42,22.25,31.35,285.0,0.297,89.0,31.23,37.0,12.98,0.938,0.252,31.03,13.11,16.03,29.13,18.51,23.66,58.0,0.3,17.0,29.31,7.0,12.07,0.9460000000000001,0.26000000000000006,25.0,12.84,12.84,25.68,30.95,18.28,33.0,0.29,10.0,30.3,2.0,6.06,0.752,0.129,39.29,18.33,16.67,35.0,25.81,35.71
746699,2024-06-23,2024,641933,R,666157,L,walk,False,True,73.0,0.328,23.0,31.51,15.0,20.55,1.19,0.39599999999999996,29.41,10.39,18.4,28.78,20.0,23.71,79.0,0.227,14.0,17.72,13.0,16.46,0.7929999999999999,0.212,23.91,10.58,16.03,26.6,24.28,14.14,220.0,0.201,59.0,26.82,12.0,5.45,0.6060000000000001,0.131,31.93,15.67,16.04,31.71,33.17,23.05,140.0,0.361,38.0,27.14,9.0,6.43,1.071,0.278,29.69,13.97,16.73,30.7,30.18,21.71
746699,2024-06-23,2024,646240,L,666157,L,force_out,False,False,96.0,0.256,33.0,34.38,7.0,7.29,0.742,0.16299999999999998,30.33,16.54,13.18,29.72,34.43,23.74,188.0,0.273,37.0,19.68,11.0,5.85,0.823,0.2149999999999999,27.74,14.71,11.61,26.32,30.93,15.19,49.0,0.25,11.0,22.45,3.0,6.12,0.6000000000000001,0.02300000000000002,18.18,7.14,21.94,29.08,21.98,15.94,26.0,0.24,9.0,34.62,1.0,3.85,0.7090000000000001,0.2,34.04,15.24,23.81,39.05,44.0,22.5
746699,2024-06-23,2024,657136,R,666157,L,field_out,False,False,75.0,0.359,14.0,18.67,10.0,13.33,0.9530000000000001,0.14100000000000001,23.23,11.84,12.5,24.34,25.68,14.74,108.0,0.156,40.0,37.04,9.0,8.33,0.501,0.104,32.9,17.27,14.32,31.59,33.33,27.86,220.0,0.201,59.0,26.82,12.0,5.45,0.6060000000000001,0.131,31.93,15.67,16.04,31.71,33.17,23.05,140.0,0.361,38.0,27.14,9.0,6.43,1.071,0.278,29.69,13.97,16.73,30.7,30.18,21.71
746699,2024-06-23,2024,677800,L,571656,R,field_out,False,False,165.0,0.293,40.0,24.24,16.0,9.7,0.897,0.24400000000000005,29.84,14.35,15.11,29.47,26.01,19.51,75.0,0.333,18.0,24.0,9.0,12.0,0.928,0.182,30.07,13.61,16.77,30.38,23.72,18.0,64.0,0.273,11.0,17.19,9.0,14.06,0.7929999999999999,0.14499999999999996,20.72,9.02,14.9,23.92,27.27,18.33,118.0,0.235,26.0,22.03,15.0,12.71,0.743,0.177,24.55,10.69,15.84,26.53,23.37,18.44
746699,2024-06-23,2024,669289,R,592155,L,field_out,False,False,74.0,0.246,6.0,8.11,7.0,9.46,0.671,0.11499999999999999,12.8,5.97,15.67,21.64,25.19,9.68,116.0,0.252,14.0,12.07,8.0,6.9,0.657,0.1029999999999999,17.24,7.83,19.46,27.29,25.0,10.94,69.0,0.222,21.0,30.43,5.0,7.25,0.656,0.159,32.39,18.33,14.74,33.07,42.11,31.34,,,,,,,,,,,,,,
746699,2024-06-23,2024,656413,R,592155,L,single,False,False,93.0,0.28,19.0,20.43,11.0,11.83,0.7809999999999999,0.13499999999999995,35.85,16.81,11.8,28.61,21.67,22.35,113.0,0.226,34.0,30.09,13.0,11.5,0.7,0.1289999999999999,36.84,17.46,14.51,31.97,22.54,26.77,69.0,0.222,21.0,30.43,5.0,7.25,0.656,0.159,32.39,18.33,14.74,33.07,42.11,31.34,,,,,,,,,,,,,,
746699,2024-06-23,2024,670770,L,592155,L,field_out,False,False,33.0,0.269,6.0,18.18,3.0,9.09,0.732,0.03899999999999998,30.43,12.96,22.22,35.19,29.82,20.69,110.0,0.354,20.0,18.18,9.0,8.18,0.963,0.188,19.23,7.48,23.69,31.17,22.46,18.87,43.0,0.286,11.0,25.58,1.0,2.33,0.683,0.09500000000000003,24.05,12.18,20.51,32.69,36.49,23.91,,,,,,,,,,,,,,
746699,2024-06-23,2024,682829,R,592155,L,strikeout,True,False,114.0,0.223,32.0,28.07,14.0,12.28,0.699,0.12799999999999997,33.17,13.99,15.66,29.65,25.19,25.2,122.0,0.184,49.0,40.16,5.0,4.1,0.494,0.079,37.56,17.7,19.4,37.1,38.0,33.33,69.0,0.222,21.0,30.43,5.0,7.25,0.656,0.159,32.39,18.33,14.74,33.07,42.11,31.34,,,,,,,,,,,,,,
746699,2024-06-23,2024,642086,L,571656,R,strikeout,True,False,125.0,0.204,23.0,18.4,14.0,11.2,0.608,0.092,23.96,11.38,15.75,27.13,28.94,20.0,414.0,0.263,62.0,14.98,33.0,7.97,0.736,0.135,19.9,10.09,14.56,24.65,32.27,13.42,64.0,0.273,11.0,17.19,9.0,14.06,0.7929999999999999,0.14499999999999996,20.72,9.02,14.9,23.92,27.27,18.33,118.0,0.235,26.0,22.03,15.0,12.71,0.743,0.177,24.55,10.69,15.84,26.53,23.37,18.44
746699,2024-06-23,2024,678882,R,571656,R,field_out,False,False,205.0,0.236,55.0,26.83,5.0,2.44,0.629,0.138,33.26,20.41,11.37,31.78,45.15,23.11,62.0,0.263,20.0,32.26,3.0,4.84,0.6739999999999999,0.1049999999999999,27.08,15.6,11.2,26.8,42.11,22.22,80.0,0.188,14.0,17.5,5.0,6.25,0.5680000000000001,0.10199999999999998,25.18,11.55,18.15,29.7,32.92,16.28,191.0,0.201,44.0,23.04,14.0,7.33,0.673,0.195,33.99,16.69,15.86,32.55,33.16,19.91
746699,2024-06-23,2024,666152,L,571656,R,double,False,False,134.0,0.293,32.0,23.88,10.0,7.46,0.8140000000000001,0.17000000000000004,24.32,10.33,20.27,30.59,19.44,20.65,36.0,0.1,10.0,27.78,6.0,16.67,0.417,0.067,20.0,8.44,23.38,31.82,26.39,15.38,64.0,0.273,11.0,17.19,9.0,14.06,0.7929999999999999,0.14499999999999996,20.72,9.02,14.9,23.92,27.27,18.33,118.0,0.235,26.0,22.03,15.0,12.71,0.743,0.177,24.55,10.69,15.84,26.53,23.37,18.44
746699,2024-06-23,2024,680776,L,608718,L,single,False,False,109.0,0.253,26.0,23.85,10.0,9.17,0.649,0.063,24.87,10.63,21.04,31.67,28.9,20.16,49.0,0.289,15.0,30.61,3.0,6.12,0.749,0.133,24.44,10.73,20.0,30.73,27.27,25.86,63.0,0.217,12.0,19.05,1.0,1.59,0.621,0.166,18.4,9.83,11.97,21.79,26.36,17.14,108.0,0.284,14.0,12.96,12.0,11.11,0.7909999999999999,0.137,15.29,6.27,17.11,23.37,15.26,12.61
746699,2024-06-23,2024,608701,R,608718,L,home_run,False,False,67.0,0.333,18.0,26.87,7.0,10.45,0.889,0.123,33.61,15.33,17.62,32.95,21.77,21.43,146.0,0.308,22.0,15.07,23.0,15.75,0.8280000000000001,0.092,21.59,8.39,20.38,28.77,17.59,13.66,99.0,0.275,19.0,19.19,7.0,7.07,0.763,0.16499999999999998,22.95,10.55,17.59,28.14,30.49,15.08,185.0,0.229,41.0,22.16,13.0,7.03,0.585,0.0659999999999999,25.84,11.89,18.32,30.21,31.25,19.25
746699,2024-06-23,2024,641933,R,608718,L,single,False,False,73.0,0.328,23.0,31.51,15.0,20.55,1.19,0.39599999999999996,29.41,10.39,18.4,28.78,20.0,23.71,79.0,0.227,14.0,17.72,13.0,16.46,0.7929999999999999,0.212,23.91,10.58,16.03,26.6,24.28,14.14,99.0,0.275,19.0,19.19,7.0,7.07,0.763,0.16499999999999998,22.95,10.55,17.59,28.14,30.49,15.08,185.0,0.229,41.0,22.16,13.0,7.03,0.585,0.0659999999999999,25.84,11.89,18.32,30.21,31.25,19.25
746699,2024-06-23,2024,646240,L,608718,L,strikeout,True,False,96.0,0.256,33.0,34.38,7.0,7.29,0.742,0.16299999999999998,30.33,16.54,13.18,29.72,34.43,23.74,188.0,0.273,37.0,19.68,11.0,5.85,0.823,0.2149999999999999,27.74,14.71,11.61,26.32,30.93,15.19,63.0,0.217,12.0,19.05,1.0,1.59,0.621,0.166,18.4,9.83,11.97,21.79,26.36,17.14,108.0,0.284,14.0,12.96,12.0,11.11,0.7909999999999999,0.137,15.29,6.27,17.11,23.37,15.26,12.61
746699,2024-06-23,2024,600869,L,641745,R,field_out,False,False,188.0,0.261,48.0,25.53,8.0,4.26,0.8619999999999999,0.30699999999999994,27.7,14.94,13.09,28.02,36.13,22.02,415.0,0.251,91.0,21.93,38.0,9.16,0.812,0.2279999999999999,25.42,11.83,16.22,28.05,27.64,18.71,63.0,0.224,10.0,15.87,5.0,7.94,0.6479999999999999,0.13799999999999998,20.18,9.02,15.29,24.31,28.67,14.49,109.0,0.262,16.0,14.68,23.0,21.1,0.8029999999999999,0.119,20.99,8.15,16.95,25.11,17.86,12.7
746699,2024-06-23,2024,668715,R,641745,R,hit_by_pitch,False,False,217.0,0.226,45.0,20.74,20.0,9.22,0.673,0.143,21.77,9.85,18.1,27.95,25.63,16.07,487.0,0.256,106.0,21.77,51.0,10.47,0.7789999999999999,0.175,25.48,10.86,19.02,29.88,22.75,18.53,78.0,0.25,13.0,16.67,6.0,7.69,0.808,0.25,20.42,9.39,17.8,27.18,24.5,13.54,102.0,0.256,15.0,14.71,22.0,21.57,0.7769999999999999,0.0899999999999999,25.0,8.96,17.43,26.39,22.82,15.62
746699,2024-06-23,2024,663886,R,641745,R,double,False,False,146.0,0.242,33.0,22.6,13.0,8.9,0.696,0.125,23.08,10.17,18.27,28.44,24.42,21.19,378.0,0.228,105.0,27.78,34.0,8.99,0.657,0.1239999999999999,29.78,12.81,19.96,32.77,26.19,24.59,78.0,0.25,13.0,16.67,6.0,7.69,0.808,0.25,20.42,9.39,17.8,27.18,24.5,13.54,102.0,0.256,15.0,14.71,22.0,21.57,0.7769999999999999,0.0899999999999999,25.0,8.96,17.43,26.39,22.82,15.62
746699,2024-06-23,2024,663697,R,641745,R,single,False,False,190.0,0.224,44.0,23.16,24.0,12.63,0.655,0.099,19.59,7.31,20.81,28.12,16.15,19.73,397.0,0.257,73.0,18.39,37.0,9.32,0.7809999999999999,0.175,21.3,8.18,21.42,29.59,19.53,15.19,78.0,0.25,13.0,16.67,6.0,7.69,0.808,0.25,20.42,9.39,17.8,27.18,24.5,13.54,102.0,0.256,15.0,14.71,22.0,21.57,0.7769999999999999,0.0899999999999999,25.0,8.96,17.43,26.39,22.82,15.62
746699,2024-06-23,2024,666181,L,641745,R,strikeout,True,False,187.0,0.219,79.0,42.25,18.0,9.63,0.72,0.207,38.27,18.25,15.17,33.42,22.25,31.35,285.0,0.297,89.0,31.23,37.0,12.98,0.938,0.252,31.03,13.11,16.03,29.13,18.51,23.66,63.0,0.224,10.0,15.87,5.0,7.94,0.6479999999999999,0.13799999999999998,20.18,9.02,15.29,24.31,28.67,14.49,109.0,0.262,16.0,14.68,23.0,21.1,0.8029999999999999,0.119,20.99,8.15,16.95,25.11,17.86,12.7
746699,2024-06-23,2024,669289,R,641745,R,single,False,False,89.0,0.181,16.0,17.98,4.0,4.49,0.493,0.09600000000000003,11.73,5.51,16.81,22.32,25.45,17.2,138.0,0.244,22.0,15.94,10.0,7.25,0.633,0.073,17.87,7.68,20.84,28.52,25.34,15.6,78.0,0.25,13.0,16.67,6.0,7.69,0.808,0.25,20.42,9.39,17.8,27.18,24.5,13.54,102.0,0.256,15.0,14.71,22.0,21.57,0.7769999999999999,0.0899999999999999,25.0,8.96,17.43,26.39,22.82,15.62
746699,2024-06-23,2024,656413,R,641745,R,single,False,False,51.0,0.089,11.0,21.57,3.0,5.88,0.358,0.089,37.08,18.86,12.57,31.43,27.78,23.4,144.0,0.23,35.0,24.31,12.0,8.33,0.716,0.1829999999999999,31.79,17.15,10.79,27.94,25.91,21.74,78.0,0.25,13.0,16.67,6.0,7.69,0.808,0.25,20.42,9.39,17.8,27.18,24.5,13.54,102.0,0.256,15.0,14.71,22.0,21.57,0.7769999999999999,0.0899999999999999,25.0,8.96,17.43,26.39,22.82,15.62
746699,2024-06-23,2024,670770,L,641745,R,field_out,False,False,74.0,0.212,12.0,16.22,5.0,6.76,0.697,0.19699999999999998,17.5,7.42,19.43,26.86,22.06,16.22,446.0,0.26,70.0,15.7,38.0,8.52,0.785,0.189,18.12,7.73,19.52,27.25,25.03,13.48,63.0,0.224,10.0,15.87,5.0,7.94,0.6479999999999999,0.13799999999999998,20.18,9.02,15.29,24.31,28.67,14.49,109.0,0.262,16.0,14.68,23.0,21.1,0.8029999999999999,0.119,20.99,8.15,16.95,25.11,17.86,12.7
746699,2024-06-23,2024,657136,R,608718,L,field_out,False,False,75.0,0.359,14.0,18.67,10.0,13.33,0.9530000000000001,0.14100000000000001,23.23,11.84,12.5,24.34,25.68,14.74,108.0,0.156,40.0,37.04,9.0,8.33,0.501,0.104,32.9,17.27,14.32,31.59,33.33,27.86,99.0,0.275,19.0,19.19,7.0,7.07,0.763,0.16499999999999998,22.95,10.55,17.59,28.14,30.49,15.08,185.0,0.229,41.0,22.16,13.0,7.03,0.585,0.0659999999999999,25.84,11.89,18.32,30.21,31.25,19.25
746699,2024-06-23,2024,677800,L,608718,L,field_out,False,False,28.0,0.16,9.0,32.14,3.0,10.71,0.45,0.04000000000000001,34.69,17.0,16.0,33.0,33.33,45.0,10.0,0.2,5.0,50.0,0.0,0.0,0.4,0.0,44.44,17.78,26.67,44.44,34.78,29.41,63.0,0.217,12.0,19.05,1.0,1.59,0.621,0.166,18.4,9.83,11.97,21.79,26.36,17.14,108.0,0.284,14.0,12.96,12.0,11.11,0.7909999999999999,0.137,15.29,6.27,17.11,23.37,15.26,12.61
746699,2024-06-23,2024,642086,L,608718,L,field_out,False,False,19.0,0.389,4.0,21.05,1.0,5.26,1.088,0.278,14.29,6.17,19.75,25.93,26.83,14.29,172.0,0.234,29.0,16.86,14.0,8.14,0.588,0.0569999999999999,20.07,8.92,18.77,27.69,25.32,16.2,63.0,0.217,12.0,19.05,1.0,1.59,0.621,0.166,18.4,9.83,11.97,21.79,26.36,17.14,108.0,0.284,14.0,12.96,12.0,11.11,0.7909999999999999,0.137,15.29,6.27,17.11,23.37,15.26,12.61
746699,2024-06-23,2024,682829,L,455119,R,field_out,False,False,208.0,0.249,69.0,33.17,23.0,11.06,0.8240000000000001,0.243,32.13,13.03,20.22,33.25,23.76,29.96,307.0,0.255,95.0,30.94,30.0,9.77,0.7989999999999999,0.2159999999999999,26.69,11.86,17.47,29.33,31.27,25.07,52.0,0.245,17.0,32.69,1.0,1.92,0.627,0.122,31.48,17.71,13.54,31.25,38.04,29.82,86.0,0.235,21.0,24.42,5.0,5.81,0.649,0.135,24.49,13.99,13.7,27.7,40.67,17.36
746699,2024-06-23,2024,600869,L,455119,R,field_out,False,False,188.0,0.261,48.0,25.53,8.0,4.26,0.8619999999999999,0.30699999999999994,27.7,14.94,13.09,28.02,36.13,22.02,415.0,0.251,91.0,21.93,38.0,9.16,0.812,0.2279999999999999,25.42,11.83,16.22,28.05,27.64,18.71,52.0,0.245,17.0,32.69,1.0,1.92,0.627,0.122,31.48,17.71,13.54,31.25,38.04,29.82,86.0,0.235,21.0,24.42,5.0,5.81,0.649,0.135,24.49,13.99,13.7,27.7,40.67,17.36
746699,2024-06-23,2024,668715,R,455119,R,field_out,False,False,217.0,0.226,45.0,20.74,20.0,9.22,0.673,0.143,21.77,9.85,18.1,27.95,25.63,16.07,487.0,0.256,106.0,21.77,51.0,10.47,0.7789999999999999,0.175,25.48,10.86,19.02,29.88,22.75,18.53,41.0,0.289,10.0,24.39,1.0,2.44,0.841,0.21100000000000002,25.32,13.16,21.05,34.21,34.92,18.18,113.0,0.239,25.0,22.12,3.0,2.65,0.505,0.009,22.22,12.72,18.07,30.79,36.08,19.53
746699,2024-06-23,2024,678882,R,608718,L,field_out,False,False,73.0,0.284,21.0,28.77,5.0,6.85,0.8109999999999999,0.194,34.87,19.41,13.92,33.33,38.69,25.3,27.0,0.192,8.0,29.63,1.0,3.7,0.645,0.2309999999999999,36.36,19.23,14.42,33.65,30.0,24.24,99.0,0.275,19.0,19.19,7.0,7.07,0.763,0.16499999999999998,22.95,10.55,17.59,28.14,30.49,15.08,185.0,0.229,41.0,22.16,13.0,7.03,0.585,0.0659999999999999,25.84,11.89,18.32,30.21,31.25,19.25
746699,2024-06-23,2024,666152,L,608718,L,field_out,False,False,26.0,0.24,8.0,30.77,1.0,3.85,0.549,0.040000000000000036,33.33,16.48,17.58,34.07,28.57,30.77,3.0,0.333,0.0,0.0,0.0,0.0,0.666,0.0,25.0,16.67,16.67,33.33,50.0,,63.0,0.217,12.0,19.05,1.0,1.59,0.621,0.166,18.4,9.83,11.97,21.79,26.36,17.14,108.0,0.284,14.0,12.96,12.0,11.11,0.7909999999999999,0.137,15.29,6.27,17.11,23.37,15.26,12.61
746699,2024-06-23,2024,680776,L,608718,L,strikeout,True,False,109.0,0.253,26.0,23.85,10.0,9.17,0.649,0.063,24.87,10.63,21.04,31.67,28.9,20.16,49.0,0.289,15.0,30.61,3.0,6.12,0.749,0.133,24.44,10.73,20.0,30.73,27.27,25.86,63.0,0.217,12.0,19.05,1.0,1.59,0.621,0.166,18.4,9.83,11.97,21.79,26.36,17.14,108.0,0.284,14.0,12.96,12.0,11.11,0.7909999999999999,0.137,15.29,6.27,17.11,23.37,15.26,12.61
746699,2024-06-23,2024,663886,R,686580,R,field_out,False,False,146.0,0.242,33.0,22.6,13.0,8.9,0.696,0.125,23.08,10.17,18.27,28.44,24.42,21.19,378.0,0.228,105.0,27.78,34.0,8.99,0.657,0.1239999999999999,29.78,12.81,19.96,32.77,26.19,24.59,84.0,0.25,20.0,23.81,1.0,1.19,0.5740000000000001,0.062,32.28,17.53,12.71,30.24,38.36,25.0,,,,,,,,,,,,,,
746699,2024-06-23,2024,663697,R,686580,R,strikeout,True,False,190.0,0.224,44.0,23.16,24.0,12.63,0.655,0.099,19.59,7.31,20.81,28.12,16.15,19.73,397.0,0.257,73.0,18.39,37.0,9.32,0.7809999999999999,0.175,21.3,8.18,21.42,29.59,19.53,15.19,84.0,0.25,20.0,23.81,1.0,1.19,0.5740000000000001,0.062,32.28,17.53,12.71,30.24,38.36,25.0,,,,,,,,,,,,,,
746699,2024-06-23,2024,666181,L,686580,R,hit_by_pitch,False,False,187.0,0.219,79.0,42.25,18.0,9.63,0.72,0.207,38.27,18.25,15.17,33.42,22.25,31.35,285.0,0.297,89.0,31.23,37.0,12.98,0.938,0.252,31.03,13.11,16.03,29.13,18.51,23.66,67.0,0.21,20.0,29.85,5.0,7.46,0.575,0.096,29.85,15.33,15.71,31.03,36.22,24.39,,,,,,,,,,,,,,
746699,2024-06-23,2024,669289,R,686580,R,field_out,False,False,89.0,0.181,16.0,17.98,4.0,4.49,0.493,0.09600000000000003,11.73,5.51,16.81,22.32,25.45,17.2,138.0,0.244,22.0,15.94,10.0,7.25,0.633,0.073,17.87,7.68,20.84,28.52,25.34,15.6,84.0,0.25,20.0,23.81,1.0,1.19,0.5740000000000001,0.062,32.28,17.53,12.71,30.24,38.36,25.0,,,,,,,,,,,,,,
746699,2024-06-23,2024,608701,R,607259,R,strikeout,True,False,93.0,0.317,21.0,22.58,8.0,8.6,0.856,0.15899999999999997,22.22,10.44,17.03,27.47,23.12,17.21,98.0,0.159,25.0,25.51,10.0,10.2,0.466,0.036,25.0,10.43,19.91,30.33,20.39,18.38,116.0,0.232,24.0,20.69,3.0,2.59,0.598,0.11599999999999996,24.22,12.95,15.83,28.78,37.44,18.75,265.0,0.224,54.0,20.38,24.0,9.06,0.606,0.0839999999999999,26.67,12.33,17.68,30.01,32.95,21.26
746699,2024-06-23,2024,641933,R,607259,R,strikeout,True,False,148.0,0.226,49.0,33.11,12.0,8.11,0.756,0.233,33.1,15.0,17.1,32.1,27.24,24.02,187.0,0.233,53.0,28.34,15.0,8.02,0.6839999999999999,0.157,29.39,13.29,17.12,30.41,25.99,26.5,116.0,0.232,24.0,20.69,3.0,2.59,0.598,0.11599999999999996,24.22,12.95,15.83,28.78,37.44,18.75,265.0,0.224,54.0,20.38,24.0,9.06,0.606,0.0839999999999999,26.67,12.33,17.68,30.01,32.95,21.26
746699,2024-06-23,2024,646240,L,607259,R,single,False,False,187.0,0.285,34.0,18.18,26.0,13.9,0.975,0.31,25.07,11.87,12.8,24.67,29.59,15.74,469.0,0.27,89.0,18.98,51.0,10.87,0.863,0.235,25.44,13.04,9.74,22.78,33.05,15.06,127.0,0.274,21.0,16.54,5.0,3.94,0.765,0.179,22.98,11.88,14.37,26.25,37.7,13.82,197.0,0.261,52.0,26.4,16.0,8.12,0.743,0.1539999999999999,31.0,14.69,17.75,32.44,33.17,20.8
746699,2024-06-23,2024,657136,R,607259,R,strikeout,True,False,144.0,0.321,27.0,18.75,4.0,2.78,0.8220000000000001,0.137,27.69,14.57,14.98,29.55,31.76,19.42,296.0,0.262,94.0,31.76,13.0,4.39,0.734,0.1669999999999999,32.08,16.95,15.14,32.09,35.28,27.01,116.0,0.232,24.0,20.69,3.0,2.59,0.598,0.11599999999999996,24.22,12.95,15.83,28.78,37.44,18.75,265.0,0.224,54.0,20.38,24.0,9.06,0.606,0.0839999999999999,26.67,12.33,17.68,30.01,32.95,21.26
746699,2024-06-23,2024,656413,R,445276,R,field_out,False,False,51.0,0.089,11.0,21.57,3.0,5.88,0.358,0.089,37.08,18.86,12.57,31.43,27.78,23.4,144.0,0.23,35.0,24.31,12.0,8.33,0.716,0.1829999999999999,31.79,17.15,10.79,27.94,25.91,21.74,57.0,0.17,14.0,24.56,7.0,12.28,0.515,0.064,29.47,13.21,16.98,30.19,18.56,26.42,99.0,0.273,27.0,27.27,9.0,9.09,0.7629999999999999,0.1359999999999999,31.86,17.2,13.76,30.95,32.18,23.68
746699,2024-06-23,2024,670770,L,445276,R,field_out,False,False,74.0,0.212,12.0,16.22,5.0,6.76,0.697,0.19699999999999998,17.5,7.42,19.43,26.86,22.06,16.22,446.0,0.26,70.0,15.7,38.0,8.52,0.785,0.189,18.12,7.73,19.52,27.25,25.03,13.48,48.0,0.195,17.0,35.42,4.0,8.33,0.481,0.024999999999999994,25.0,12.37,17.74,30.11,21.62,21.25,89.0,0.198,25.0,28.09,8.0,8.99,0.616,0.1479999999999999,25.58,12.57,17.71,30.29,30.43,21.55
746699,2024-06-23,2024,682829,L,445276,R,single,False,False,208.0,0.249,69.0,33.17,23.0,11.06,0.8240000000000001,0.243,32.13,13.03,20.22,33.25,23.76,29.96,307.0,0.255,95.0,30.94,30.0,9.77,0.7989999999999999,0.2159999999999999,26.69,11.86,17.47,29.33,31.27,25.07,48.0,0.195,17.0,35.42,4.0,8.33,0.481,0.024999999999999994,25.0,12.37,17.74,30.11,21.62,21.25,89.0,0.198,25.0,28.09,8.0,8.99,0.616,0.1479999999999999,25.58,12.57,17.71,30.29,30.43,21.55
746699,2024-06-23,2024,600869,L,445276,R,field_out,False,False,188.0,0.261,48.0,25.53,8.0,4.26,0.8619999999999999,0.30699999999999994,27.7,14.94,13.09,28.02,36.13,22.02,415.0,0.251,91.0,21.93,38.0,9.16,0.812,0.2279999999999999,25.42,11.83,16.22,28.05,27.64,18.71,48.0,0.195,17.0,35.42,4.0,8.33,0.481,0.024999999999999994,25.0,12.37,17.74,30.11,21.62,21.25,89.0,0.198,25.0,28.09,8.0,8.99,0.616,0.1479999999999999,25.58,12.57,17.71,30.29,30.43,21.55
745727,2024-06-23,2024,672284,L,641482,L,strikeout,True,False,34.0,0.235,10.0,29.41,0.0,0.0,0.5,0.030000000000000027,33.82,19.66,15.38,35.04,39.29,25.64,92.0,0.259,27.0,29.35,7.0,7.61,0.774,0.2,27.91,12.83,16.31,29.14,26.49,24.55,67.0,0.222,16.0,23.88,4.0,5.97,0.5549999999999999,0.06399999999999997,23.85,12.65,15.92,28.57,24.27,20.51,45.0,0.163,14.0,31.11,2.0,4.44,0.526,0.163,33.71,17.86,19.64,37.5,31.43,22.22
745727,2024-06-23,2024,645277,R,641482,L,strikeout,True,False,80.0,0.346,9.0,11.25,1.0,1.25,0.913,0.20500000000000007,18.57,10.53,9.31,19.84,31.25,21.95,133.0,0.391,18.0,13.53,4.0,3.01,1.023,0.2259999999999999,19.5,11.51,10.25,21.76,42.91,12.77,310.0,0.242,70.0,22.58,14.0,4.52,0.6890000000000001,0.16799999999999998,22.78,11.62,14.61,26.23,27.23,18.6,221.0,0.261,53.0,23.98,18.0,8.14,0.797,0.206,22.32,10.86,15.63,26.5,25.23,18.86
745727,2024-06-23,2024,542303,R,641482,L,strikeout,True,False,92.0,0.346,22.0,23.91,14.0,15.22,0.9590000000000001,0.16700000000000004,30.81,14.91,11.98,26.89,25.44,15.17,139.0,0.278,25.0,17.99,13.0,9.35,0.98,0.357,22.56,11.13,13.17,24.3,30.63,15.53,310.0,0.242,70.0,22.58,14.0,4.52,0.6890000000000001,0.16799999999999998,22.78,11.62,14.61,26.23,27.23,18.6,221.0,0.261,53.0,23.98,18.0,8.14,0.797,0.206,22.32,10.86,15.63,26.5,25.23,18.86
745727,2024-06-23,2024,683011,R,608331,L,field_out,False,False,91.0,0.28,16.0,17.58,8.0,8.79,0.746,0.122,17.05,8.0,18.4,26.4,25.41,14.68,134.0,0.248,35.0,26.12,16.0,11.94,0.817,0.2309999999999999,28.81,13.49,15.8,29.29,27.07,23.49,261.0,0.16,61.0,23.37,22.0,8.43,0.44199999999999995,0.046999999999999986,25.97,11.89,17.09,28.98,28.13,20.0,260.0,0.249,65.0,25.0,11.0,4.23,0.6379999999999999,0.1059999999999999,25.83,12.03,16.97,29.0,28.77,22.26
745727,2024-06-23,2024,665742,L,608331,L,single,False,False,93.0,0.311,14.0,15.05,16.0,17.2,0.944,0.203,16.99,6.6,20.56,27.16,19.69,11.48,207.0,0.256,48.0,23.19,33.0,15.94,0.813,0.18,25.32,9.65,20.51,30.16,20.61,20.17,75.0,0.368,15.0,20.0,5.0,6.67,0.956,0.16100000000000003,22.31,9.63,18.27,27.91,28.0,16.48,52.0,0.205,15.0,28.85,7.0,13.46,0.6000000000000001,0.068,33.67,15.49,15.49,30.99,29.84,25.0
745727,2024-06-23,2024,592450,R,608331,L,strikeout,True,False,75.0,0.273,20.0,26.67,20.0,26.67,1.1400000000000001,0.4,36.21,12.96,15.12,28.09,16.76,22.99,74.0,0.274,21.0,28.38,11.0,14.86,1.0550000000000002,0.403,34.59,13.9,15.71,29.61,19.89,21.65,261.0,0.16,61.0,23.37,22.0,8.43,0.44199999999999995,0.046999999999999986,25.97,11.89,17.09,28.98,28.13,20.0,260.0,0.249,65.0,25.0,11.0,4.23,0.6379999999999999,0.1059999999999999,25.83,12.03,16.97,29.0,28.77,22.26
745727,2024-06-23,2024,657077,L,608331,L,field_out,False,False,85.0,0.208,13.0,15.29,10.0,11.76,0.625,0.11100000000000002,17.14,6.76,21.69,28.45,20.59,12.26,161.0,0.22,27.0,16.77,15.0,9.32,0.61,0.0779999999999999,17.21,6.6,24.69,31.29,20.83,15.61,75.0,0.368,15.0,20.0,5.0,6.67,0.956,0.16100000000000003,22.31,9.63,18.27,27.91,28.0,16.48,52.0,0.205,15.0,28.85,7.0,13.46,0.6000000000000001,0.068,33.67,15.49,15.49,30.99,29.84,25.0
745727,2024-06-23,2024,621566,L,641482,L,field_out,False,False,100.0,0.286,25.0,25.0,5.0,5.0,0.911,0.285,26.37,12.9,14.36,27.25,27.88,17.24,182.0,0.252,52.0,28.57,14.0,7.69,0.7989999999999999,0.239,31.07,15.01,14.87,29.88,27.47,21.94,67.0,0.222,16.0,23.88,4.0,5.97,0.5549999999999999,0.06399999999999997,23.85,12.65,15.92,28.57,24.27,20.51,45.0,0.163,14.0,31.11,2.0,4.44,0.526,0.163,33.71,17.86,19.64,37.5,31.43,22.22
745727,2024-06-23,2024,663586,R,641482,L,field_out,False,False,77.0,0.221,16.0,20.78,8.0,10.39,0.7090000000000001,0.17600000000000002,25.0,12.72,9.89,22.61,25.0,21.05,149.0,0.289,35.0,23.49,17.0,11.41,0.94,0.289,28.03,13.64,12.46,26.09,26.11,18.72,310.0,0.242,70.0,22.58,14.0,4.52,0.6890000000000001,0.16799999999999998,22.78,11.62,14.61,26.23,27.23,18.6,221.0,0.261,53.0,23.98,18.0,8.14,0.797,0.206,22.32,10.86,15.63,26.5,25.23,18.86
745727,2024-06-23,2024,669221,R,641482,L,hit_by_pitch,False,False,21.0,0.15,6.0,28.57,1.0,4.76,0.54,0.19999999999999998,34.21,15.85,23.17,39.02,43.24,25.0,101.0,0.274,21.0,20.79,12.0,11.88,0.884,0.2139999999999999,23.12,10.14,16.75,26.89,23.56,16.03,310.0,0.242,70.0,22.58,14.0,4.52,0.6890000000000001,0.16799999999999998,22.78,11.62,14.61,26.23,27.23,18.6,221.0,0.261,53.0,23.98,18.0,8.14,0.797,0.206,22.32,10.86,15.63,26.5,25.23,18.86
745727,2024-06-23,2024,594807,R,641482,L,strikeout,True,False,88.0,0.274,15.0,17.05,12.0,13.64,0.934,0.274,19.35,8.72,17.15,25.87,22.78,13.39,93.0,0.244,34.0,36.56,4.0,4.3,0.757,0.2329999999999999,34.95,18.31,16.34,34.65,37.97,29.82,310.0,0.242,70.0,22.58,14.0,4.52,0.6890000000000001,0.16799999999999998,22.78,11.62,14.61,26.23,27.23,18.6,221.0,0.261,53.0,23.98,18.0,8.14,0.797,0.206,22.32,10.86,15.63,26.5,25.23,18.86
745727,2024-06-23,2024,650402,R,608331,L,field_out,False,False,73.0,0.222,19.0,26.03,8.0,10.96,0.696,0.159,27.04,12.87,16.47,29.34,20.53,14.5,128.0,0.278,20.0,15.62,17.0,13.28,0.921,0.268,22.12,9.54,15.71,25.25,21.8,13.33,261.0,0.16,61.0,23.37,22.0,8.43,0.44199999999999995,0.046999999999999986,25.97,11.89,17.09,28.98,28.13,20.0,260.0,0.249,65.0,25.0,11.0,4.23,0.6379999999999999,0.1059999999999999,25.83,12.03,16.97,29.0,28.77,22.26
745727,2024-06-23,2024,518934,R,608331,L,field_out,False,False,23.0,0.158,3.0,13.04,3.0,13.04,0.41900000000000004,0.0,16.22,7.23,21.69,28.92,30.95,13.64,113.0,0.255,25.0,22.12,15.0,13.27,0.761,0.149,20.93,7.45,24.22,31.68,20.95,18.66,261.0,0.16,61.0,23.37,22.0,8.43,0.44199999999999995,0.046999999999999986,25.97,11.89,17.09,28.98,28.13,20.0,260.0,0.249,65.0,25.0,11.0,4.23,0.6379999999999999,0.1059999999999999,25.83,12.03,16.97,29.0,28.77,22.26
745727,2024-06-23,2024,700250,L,608331,L,strikeout,True,False,8.0,0.0,2.0,25.0,1.0,12.5,0.125,0.0,19.05,11.43,5.71,17.14,7.14,14.29,,,,,,,,,,,,,,,75.0,0.368,15.0,20.0,5.0,6.67,0.956,0.16100000000000003,22.31,9.63,18.27,27.91,28.0,16.48,52.0,0.205,15.0,28.85,7.0,13.46,0.6000000000000001,0.068,33.67,15.49,15.49,30.99,29.84,25.0
745727,2024-06-23,2024,657656,R,641482,L,strikeout,True,False,42.0,0.25,16.0,38.1,0.0,0.0,0.762,0.25,38.1,19.39,15.15,34.55,27.85,26.67,138.0,0.27,36.0,26.09,10.0,7.25,0.793,0.19,27.13,12.7,16.7,29.4,21.07,20.34,310.0,0.242,70.0,22.58,14.0,4.52,0.6890000000000001,0.16799999999999998,22.78,11.62,14.61,26.23,27.23,18.6,221.0,0.261,53.0,23.98,18.0,8.14,0.797,0.206,22.32,10.86,15.63,26.5,25.23,18.86
745727,2024-06-23,2024,606115,R,641482,L,field_out,False,False,77.0,0.167,21.0,27.27,3.0,3.9,0.431,0.06899999999999998,27.1,13.42,16.93,30.35,27.81,20.39,112.0,0.302,24.0,21.43,16.0,14.29,1.006,0.302,27.18,11.06,18.79,29.85,21.6,18.32,310.0,0.242,70.0,22.58,14.0,4.52,0.6890000000000001,0.16799999999999998,22.78,11.62,14.61,26.23,27.23,18.6,221.0,0.261,53.0,23.98,18.0,8.14,0.797,0.206,22.32,10.86,15.63,26.5,25.23,18.86
745727,2024-06-23,2024,672284,L,641482,L,home_run,False,False,34.0,0.235,10.0,29.41,0.0,0.0,0.5,0.030000000000000027,33.82,19.66,15.38,35.04,39.29,25.64,92.0,0.259,27.0,29.35,7.0,7.61,0.774,0.2,27.91,12.83,16.31,29.14,26.49,24.55,67.0,0.222,16.0,23.88,4.0,5.97,0.5549999999999999,0.06399999999999997,23.85,12.65,15.92,28.57,24.27,20.51,45.0,0.163,14.0,31.11,2.0,4.44,0.526,0.163,33.71,17.86,19.64,37.5,31.43,22.22
745727,2024-06-23,2024,645277,R,641482,L,field_out,False,False,80.0,0.346,9.0,11.25,1.0,1.25,0.913,0.20500000000000007,18.57,10.53,9.31,19.84,31.25,21.95,133.0,0.391,18.0,13.53,4.0,3.01,1.023,0.2259999999999999,19.5,11.51,10.25,21.76,42.91,12.77,310.0,0.242,70.0,22.58,14.0,4.52,0.6890000000000001,0.16799999999999998,22.78,11.62,14.61,26.23,27.23,18.6,221.0,0.261,53.0,23.98,18.0,8.14,0.797,0.206,22.32,10.86,15.63,26.5,25.23,18.86
745727,2024-06-23,2024,624431,R,608331,L,field_out,False,False,64.0,0.214,9.0,14.06,6.0,9.38,0.715,0.215,19.63,7.72,20.59,28.31,24.18,11.11,44.0,0.268,2.0,4.55,3.0,6.82,0.781,0.195,11.11,5.49,18.9,24.39,37.21,4.08,261.0,0.16,61.0,23.37,22.0,8.43,0.44199999999999995,0.046999999999999986,25.97,11.89,17.09,28.98,28.13,20.0,260.0,0.249,65.0,25.0,11.0,4.23,0.6379999999999999,0.1059999999999999,25.83,12.03,16.97,29.0,28.77,22.26
745727,2024-06-23,2024,663757,L,608331,L,single,False,False,15.0,0.077,6.0,40.0,1.0,6.67,0.277,0.0,20.0,6.9,27.59,34.48,16.67,31.58,143.0,0.256,36.0,25.17,19.0,13.29,0.792,0.174,23.81,9.31,23.01,32.32,19.92,20.57,75.0,0.368,15.0,20.0,5.0,6.67,0.956,0.16100000000000003,22.31,9.63,18.27,27.91,28.0,16.48,52.0,0.205,15.0,28.85,7.0,13.46,0.6000000000000001,0.068,33.67,15.49,15.49,30.99,29.84,25.0
745727,2024-06-23,2024,683011,R,608331,L,grounded_into_double_play,False,False,91.0,0.28,16.0,17.58,8.0,8.79,0.746,0.122,17.05,8.0,18.4,26.4,25.41,14.68,134.0,0.248,35.0,26.12,16.0,11.94,0.817,0.2309999999999999,28.81,13.49,15.8,29.29,27.07,23.49,261.0,0.16,61.0,23.37,22.0,8.43,0.44199999999999995,0.046999999999999986,25.97,11.89,17.09,28.98,28.13,20.0,260.0,0.249,65.0,25.0,11.0,4.23,0.6379999999999999,0.1059999999999999,25.83,12.03,16.97,29.0,28.77,22.26
745727,2024-06-23,2024,542303,R,641482,L,single,False,False,92.0,0.346,22.0,23.91,14.0,15.22,0.9590000000000001,0.16700000000000004,30.81,14.91,11.98,26.89,25.44,15.17,139.0,0.278,25.0,17.99,13.0,9.35,0.98,0.357,22.56,11.13,13.17,24.3,30.63,15.53,310.0,0.242,70.0,22.58,14.0,4.52,0.6890000000000001,0.16799999999999998,22.78,11.62,14.61,26.23,27.23,18.6,221.0,0.261,53.0,23.98,18.0,8.14,0.797,0.206,22.32,10.86,15.63,26.5,25.23,18.86
745727,2024-06-23,2024,621566,L,641482,L,field_out,False,False,100.0,0.286,25.0,25.0,5.0,5.0,0.911,0.285,26.37,12.9,14.36,27.25,27.88,17.24,182.0,0.252,52.0,28.57,14.0,7.69,0.7989999999999999,0.239,31.07,15.01,14.87,29.88,27.47,21.94,67.0,0.222,16.0,23.88,4.0,5.97,0.5549999999999999,0.06399999999999997,23.85,12.65,15.92,28.57,24.27,20.51,45.0,0.163,14.0,31.11,2.0,4.44,0.526,0.163,33.71,17.86,19.64,37.5,31.43,22.22
745727,2024-06-23,2024,663586,R,641482,L,field_out,False,False,77.0,0.221,16.0,20.78,8.0,10.39,0.7090000000000001,0.17600000000000002,25.0,12.72,9.89,22.61,25.0,21.05,149.0,0.289,35.0,23.49,17.0,11.41,0.94,0.289,28.03,13.64,12.46,26.09,26.11,18.72,310.0,0.242,70.0,22.58,14.0,4.52,0.6890000000000001,0.16799999999999998,22.78,11.62,14.61,26.23,27.23,18.6,221.0,0.261,53.0,23.98,18.0,8.14,0.797,0.206,22.32,10.86,15.63,26.5,25.23,18.86
745727,2024-06-23,2024,669221,R,641482,L,strikeout,True,False,21.0,0.15,6.0,28.57,1.0,4.76,0.54,0.19999999999999998,34.21,15.85,23.17,39.02,43.24,25.0,101.0,0.274,21.0,20.79,12.0,11.88,0.884,0.2139999999999999,23.12,10.14,16.75,26.89,23.56,16.03,310.0,0.242,70.0,22.58,14.0,4.52,0.6890000000000001,0.16799999999999998,22.78,11.62,14.61,26.23,27.23,18.6,221.0,0.261,53.0,23.98,18.0,8.14,0.797,0.206,22.32,10.86,15.63,26.5,25.23,18.86
745727,2024-06-23,2024,665742,L,608331,L,field_out,False,False,93.0,0.311,14.0,15.05,16.0,17.2,0.944,0.203,16.99,6.6,20.56,27.16,19.69,11.48,207.0,0.256,48.0,23.19,33.0,15.94,0.813,0.18,25.32,9.65,20.51,30.16,20.61,20.17,75.0,0.368,15.0,20.0,5.0,6.67,0.956,0.16100000000000003,22.31,9.63,18.27,27.91,28.0,16.48,52.0,0.205,15.0,28.85,7.0,13.46,0.6000000000000001,0.068,33.67,15.49,15.49,30.99,29.84,25.0
745727,2024-06-23,2024,592450,R,608331,L,strikeout,True,False,75.0,0.273,20.0,26.67,20.0,26.67,1.1400000000000001,0.4,36.21,12.96,15.12,28.09,16.76,22.99,74.0,0.274,21.0,28.38,11.0,14.86,1.0550000000000002,0.403,34.59,13.9,15.71,29.61,19.89,21.65,261.0,0.16,61.0,23.37,22.0,8.43,0.44199999999999995,0.046999999999999986,25.97,11.89,17.09,28.98,28.13,20.0,260.0,0.249,65.0,25.0,11.0,4.23,0.6379999999999999,0.1059999999999999,25.83,12.03,16.97,29.0,28.77,22.26
745727,2024-06-23,2024,657077,L,608331,L,strikeout,True,False,85.0,0.208,13.0,15.29,10.0,11.76,0.625,0.11100000000000002,17.14,6.76,21.69,28.45,20.59,12.26,161.0,0.22,27.0,16.77,15.0,9.32,0.61,0.0779999999999999,17.21,6.6,24.69,31.29,20.83,15.61,75.0,0.368,15.0,20.0,5.0,6.67,0.956,0.16100000000000003,22.31,9.63,18.27,27.91,28.0,16.48,52.0,0.205,15.0,28.85,7.0,13.46,0.6000000000000001,0.068,33.67,15.49,15.49,30.99,29.84,25.0
745727,2024-06-23,2024,594807,R,641482,L,field_out,False,False,88.0,0.274,15.0,17.05,12.0,13.64,0.934,0.274,19.35,8.72,17.15,25.87,22.78,13.39,93.0,0.244,34.0,36.56,4.0,4.3,0.757,0.2329999999999999,34.95,18.31,16.34,34.65,37.97,29.82,310.0,0.242,70.0,22.58,14.0,4.52,0.6890000000000001,0.16799999999999998,22.78,11.62,14.61,26.23,27.23,18.6,221.0,0.261,53.0,23.98,18.0,8.14,0.797,0.206,22.32,10.86,15.63,26.5,25.23,18.86
745727,2024-06-23,2024,657656,R,641482,L,single,False,False,42.0,0.25,16.0,38.1,0.0,0.0,0.762,0.25,38.1,19.39,15.15,34.55,27.85,26.67,138.0,0.27,36.0,26.09,10.0,7.25,0.793,0.19,27.13,12.7,16.7,29.4,21.07,20.34,310.0,0.242,70.0,22.58,14.0,4.52,0.6890000000000001,0.16799999999999998,22.78,11.62,14.61,26.23,27.23,18.6,221.0,0.261,53.0,23.98,18.0,8.14,0.797,0.206,22.32,10.86,15.63,26.5,25.23,18.86
745727,2024-06-23,2024,606115,R,641482,L,double,False,False,77.0,0.167,21.0,27.27,3.0,3.9,0.431,0.06899999999999998,27.1,13.42,16.93,30.35,27.81,20.39,112.0,0.302,24.0,21.43,16.0,14.29,1.006,0.302,27.18,11.06,18.79,29.85,21.6,18.32,310.0,0.242,70.0,22.58,14.0,4.52,0.6890000000000001,0.16799999999999998,22.78,11.62,14.61,26.23,27.23,18.6,221.0,0.261,53.0,23.98,18.0,8.14,0.797,0.206,22.32,10.86,15.63,26.5,25.23,18.86
745727,2024-06-23,2024,672284,L,641482,L,sac_fly,False,False,34.0,0.235,10.0,29.41,0.0,0.0,0.5,0.030000000000000027,33.82,19.66,15.38,35.04,39.29,25.64,92.0,0.259,27.0,29.35,7.0,7.61,0.774,0.2,27.91,12.83,16.31,29.14,26.49,24.55,67.0,0.222,16.0,23.88,4.0,5.97,0.5549999999999999,0.06399999999999997,23.85,12.65,15.92,28.57,24.27,20.51,45.0,0.163,14.0,31.11,2.0,4.44,0.526,0.163,33.71,17.86,19.64,37.5,31.43,22.22
745727,2024-06-23,2024,645277,R,641482,L,single,False,False,80.0,0.346,9.0,11.25,1.0,1.25,0.913,0.20500000000000007,18.57,10.53,9.31,19.84,31.25,21.95,133.0,0.391,18.0,13.53,4.0,3.01,1.023,0.2259999999999999,19.5,11.51,10.25,21.76,42.91,12.77,310.0,0.242,70.0,22.58,14.0,4.52,0.6890000000000001,0.16799999999999998,22.78,11.62,14.61,26.23,27.23,18.6,221.0,0.261,53.0,23.98,18.0,8.14,0.797,0.206,22.32,10.86,15.63,26.5,25.23,18.86
745727,2024-06-23,2024,542303,R,641482,L,force_out,False,False,92.0,0.346,22.0,23.91,14.0,15.22,0.9590000000000001,0.16700000000000004,30.81,14.91,11.98,26.89,25.44,15.17,139.0,0.278,25.0,17.99,13.0,9.35,0.98,0.357,22.56,11.13,13.17,24.3,30.63,15.53,310.0,0.242,70.0,22.58,14.0,4.52,0.6890000000000001,0.16799999999999998,22.78,11.62,14.61,26.23,27.23,18.6,221.0,0.261,53.0,23.98,18.0,8.14,0.797,0.206,22.32,10.86,15.63,26.5,25.23,18.86
745727,2024-06-23,2024,650402,R,608331,L,field_out,False,False,73.0,0.222,19.0,26.03,8.0,10.96,0.696,0.159,27.04,12.87,16.47,29.34,20.53,14.5,128.0,0.278,20.0,15.62,17.0,13.28,0.921,0.268,22.12,9.54,15.71,25.25,21.8,13.33,261.0,0.16,61.0,23.37,22.0,8.43,0.44199999999999995,0.046999999999999986,25.97,11.89,17.09,28.98,28.13,20.0,260.0,0.249,65.0,25.0,11.0,4.23,0.6379999999999999,0.1059999999999999,25.83,12.03,16.97,29.0,28.77,22.26
745727,2024-06-23,2024,518934,R,608331,L,field_out,False,False,23.0,0.158,3.0,13.04,3.0,13.04,0.41900000000000004,0.0,16.22,7.23,21.69,28.92,30.95,13.64,113.0,0.255,25.0,22.12,15.0,13.27,0.761,0.149,20.93,7.45,24.22,31.68,20.95,18.66,261.0,0.16,61.0,23.37,22.0,8.43,0.44199999999999995,0.046999999999999986,25.97,11.89,17.09,28.98,28.13,20.0,260.0,0.249,65.0,25.0,11.0,4.23,0.6379999999999999,0.1059999999999999,25.83,12.03,16.97,29.0,28.77,22.26
745727,2024-06-23,2024,700250,L,608331,L,single,False,False,8.0,0.0,2.0,25.0,1.0,12.5,0.125,0.0,19.05,11.43,5.71,17.14,7.14,14.29,,,,,,,,,,,,,,,75.0,0.368,15.0,20.0,5.0,6.67,0.956,0.16100000000000003,22.31,9.63,18.27,27.91,28.0,16.48,52.0,0.205,15.0,28.85,7.0,13.46,0.6000000000000001,0.068,33.67,15.49,15.49,30.99,29.84,25.0
745727,2024-06-23,2024,624431,R,608331,L,field_out,False,False,64.0,0.214,9.0,14.06,6.0,9.38,0.715,0.215,19.63,7.72,20.59,28.31,24.18,11.11,44.0,0.268,2.0,4.55,3.0,6.82,0.781,0.195,11.11,5.49,18.9,24.39,37.21,4.08,261.0,0.16,61.0,23.37,22.0,8.43,0.44199999999999995,0.046999999999999986,25.97,11.89,17.09,28.98,28.13,20.0,260.0,0.249,65.0,25.0,11.0,4.23,0.6379999999999999,0.1059999999999999,25.83,12.03,16.97,29.0,28.77,22.26
745727,2024-06-23,2024,621566,L,641482,L,field_out,False,False,100.0,0.286,25.0,25.0,5.0,5.0,0.911,0.285,26.37,12.9,14.36,27.25,27.88,17.24,182.0,0.252,52.0,28.57,14.0,7.69,0.7989999999999999,0.239,31.07,15.01,14.87,29.88,27.47,21.94,67.0,0.222,16.0,23.88,4.0,5.97,0.5549999999999999,0.06399999999999997,23.85,12.65,15.92,28.57,24.27,20.51,45.0,0.163,14.0,31.11,2.0,4.44,0.526,0.163,33.71,17.86,19.64,37.5,31.43,22.22
745727,2024-06-23,2024,663586,R,641482,L,field_out,False,False,77.0,0.221,16.0,20.78,8.0,10.39,0.7090000000000001,0.17600000000000002,25.0,12.72,9.89,22.61,25.0,21.05,149.0,0.289,35.0,23.49,17.0,11.41,0.94,0.289,28.03,13.64,12.46,26.09,26.11,18.72,310.0,0.242,70.0,22.58,14.0,4.52,0.6890000000000001,0.16799999999999998,22.78,11.62,14.61,26.23,27.23,18.6,221.0,0.261,53.0,23.98,18.0,8.14,0.797,0.206,22.32,10.86,15.63,26.5,25.23,18.86
745727,2024-06-23,2024,669221,R,641482,L,field_out,False,False,21.0,0.15,6.0,28.57,1.0,4.76,0.54,0.19999999999999998,34.21,15.85,23.17,39.02,43.24,25.0,101.0,0.274,21.0,20.79,12.0,11.88,0.884,0.2139999999999999,23.12,10.14,16.75,26.89,23.56,16.03,310.0,0.242,70.0,22.58,14.0,4.52,0.6890000000000001,0.16799999999999998,22.78,11.62,14.61,26.23,27.23,18.6,221.0,0.261,53.0,23.98,18.0,8.14,0.797,0.206,22.32,10.86,15.63,26.5,25.23,18.86
745727,2024-06-23,2024,663757,L,608331,L,single,False,False,15.0,0.077,6.0,40.0,1.0,6.67,0.277,0.0,20.0,6.9,27.59,34.48,16.67,31.58,143.0,0.256,36.0,25.17,19.0,13.29,0.792,0.174,23.81,9.31,23.01,32.32,19.92,20.57,75.0,0.368,15.0,20.0,5.0,6.67,0.956,0.16100000000000003,22.31,9.63,18.27,27.91,28.0,16.48,52.0,0.205,15.0,28.85,7.0,13.46,0.6000000000000001,0.068,33.67,15.49,15.49,30.99,29.84,25.0
745727,2024-06-23,2024,683011,R,608331,L,double,False,False,91.0,0.28,16.0,17.58,8.0,8.79,0.746,0.122,17.05,8.0,18.4,26.4,25.41,14.68,134.0,0.248,35.0,26.12,16.0,11.94,0.817,0.2309999999999999,28.81,13.49,15.8,29.29,27.07,23.49,261.0,0.16,61.0,23.37,22.0,8.43,0.44199999999999995,0.046999999999999986,25.97,11.89,17.09,28.98,28.13,20.0,260.0,0.249,65.0,25.0,11.0,4.23,0.6379999999999999,0.1059999999999999,25.83,12.03,16.97,29.0,28.77,22.26
745727,2024-06-23,2024,665742,L,608331,L,fielders_choice_out,False,False,93.0,0.311,14.0,15.05,16.0,17.2,0.944,0.203,16.99,6.6,20.56,27.16,19.69,11.48,207.0,0.256,48.0,23.19,33.0,15.94,0.813,0.18,25.32,9.65,20.51,30.16,20.61,20.17,75.0,0.368,15.0,20.0,5.0,6.67,0.956,0.16100000000000003,22.31,9.63,18.27,27.91,28.0,16.48,52.0,0.205,15.0,28.85,7.0,13.46,0.6000000000000001,0.068,33.67,15.49,15.49,30.99,29.84,25.0
745727,2024-06-23,2024,592450,R,608331,L,single,False,False,75.0,0.273,20.0,26.67,20.0,26.67,1.1400000000000001,0.4,36.21,12.96,15.12,28.09,16.76,22.99,74.0,0.274,21.0,28.38,11.0,14.86,1.0550000000000002,0.403,34.59,13.9,15.71,29.61,19.89,21.65,261.0,0.16,61.0,23.37,22.0,8.43,0.44199999999999995,0.046999999999999986,25.97,11.89,17.09,28.98,28.13,20.0,260.0,0.249,65.0,25.0,11.0,4.23,0.6379999999999999,0.1059999999999999,25.83,12.03,16.97,29.0,28.77,22.26
745727,2024-06-23,2024,657077,L,608331,L,grounded_into_double_play,False,False,85.0,0.208,13.0,15.29,10.0,11.76,0.625,0.11100000000000002,17.14,6.76,21.69,28.45,20.59,12.26,161.0,0.22,27.0,16.77,15.0,9.32,0.61,0.0779999999999999,17.21,6.6,24.69,31.29,20.83,15.61,75.0,0.368,15.0,20.0,5.0,6.67,0.956,0.16100000000000003,22.31,9.63,18.27,27.91,28.0,16.48,52.0,0.205,15.0,28.85,7.0,13.46,0.6000000000000001,0.068,33.67,15.49,15.49,30.99,29.84,25.0
745727,2024-06-23,2024,594807,R,641482,L,field_out,False,False,88.0,0.274,15.0,17.05,12.0,13.64,0.934,0.274,19.35,8.72,17.15,25.87,22.78,13.39,93.0,0.244,34.0,36.56,4.0,4.3,0.757,0.2329999999999999,34.95,18.31,16.34,34.65,37.97,29.82,310.0,0.242,70.0,22.58,14.0,4.52,0.6890000000000001,0.16799999999999998,22.78,11.62,14.61,26.23,27.23,18.6,221.0,0.261,53.0,23.98,18.0,8.14,0.797,0.206,22.32,10.86,15.63,26.5,25.23,18.86
745727,2024-06-23,2024,657656,R,641482,L,field_out,False,False,42.0,0.25,16.0,38.1,0.0,0.0,0.762,0.25,38.1,19.39,15.15,34.55,27.85,26.67,138.0,0.27,36.0,26.09,10.0,7.25,0.793,0.19,27.13,12.7,16.7,29.4,21.07,20.34,310.0,0.242,70.0,22.58,14.0,4.52,0.6890000000000001,0.16799999999999998,22.78,11.62,14.61,26.23,27.23,18.6,221.0,0.261,53.0,23.98,18.0,8.14,0.797,0.206,22.32,10.86,15.63,26.5,25.23,18.86
745727,2024-06-23,2024,606115,R,641482,L,strikeout,True,False,77.0,0.167,21.0,27.27,3.0,3.9,0.431,0.06899999999999998,27.1,13.42,16.93,30.35,27.81,20.39,112.0,0.302,24.0,21.43,16.0,14.29,1.006,0.302,27.18,11.06,18.79,29.85,21.6,18.32,310.0,0.242,70.0,22.58,14.0,4.52,0.6890000000000001,0.16799999999999998,22.78,11.62,14.61,26.23,27.23,18.6,221.0,0.261,53.0,23.98,18.0,8.14,0.797,0.206,22.32,10.86,15.63,26.5,25.23,18.86
745727,2024-06-23,2024,650402,R,572955,R,field_out,False,False,245.0,0.221,56.0,22.86,22.0,8.98,0.627,0.11100000000000002,25.37,11.71,16.54,28.25,21.3,16.28,544.0,0.273,78.0,14.34,50.0,9.19,0.772,0.1589999999999999,21.74,10.32,15.57,25.89,26.86,11.29,57.0,0.275,16.0,28.07,5.0,8.77,0.704,0.07799999999999996,32.04,15.07,19.63,34.7,31.68,22.22,161.0,0.259,49.0,30.43,14.0,8.7,0.6970000000000001,0.1149999999999999,31.85,15.3,18.91,34.21,36.56,26.63
745727,2024-06-23,2024,518934,R,572955,R,field_out,False,False,50.0,0.209,12.0,24.0,6.0,12.0,0.515,0.0,20.93,9.33,21.76,31.09,30.23,21.05,450.0,0.241,100.0,22.22,45.0,10.0,0.7070000000000001,0.146,19.38,7.76,24.06,31.82,23.84,20.0,57.0,0.275,16.0,28.07,5.0,8.77,0.704,0.07799999999999996,32.04,15.07,19.63,34.7,31.68,22.22,161.0,0.259,49.0,30.43,14.0,8.7,0.6970000000000001,0.1149999999999999,31.85,15.3,18.91,34.21,36.56,26.63
745727,2024-06-23,2024,700250,L,572955,R,single,False,False,10.0,0.429,0.0,0.0,2.0,20.0,0.929,0.0,15.79,6.67,11.11,17.78,28.57,0.0,,,,,,,,,,,,,,,48.0,0.19,16.0,33.33,6.0,12.5,0.649,0.16699999999999998,28.57,12.44,18.65,31.09,31.0,26.23,116.0,0.255,41.0,35.34,16.0,13.79,0.888,0.276,34.88,15.59,18.71,34.3,29.28,26.8
745727,2024-06-23,2024,624431,R,572955,R,strikeout,True,False,94.0,0.276,15.0,15.96,5.0,5.32,0.733,0.13799999999999996,17.42,7.08,23.69,30.77,30.59,19.74,125.0,0.19,20.0,16.0,5.0,4.0,0.495,0.069,18.59,8.22,23.33,31.56,37.86,15.5,57.0,0.275,16.0,28.07,5.0,8.77,0.704,0.07799999999999996,32.04,15.07,19.63,34.7,31.68,22.22,161.0,0.259,49.0,30.43,14.0,8.7,0.6970000000000001,0.1149999999999999,31.85,15.3,18.91,34.21,36.56,26.63
745727,2024-06-23,2024,672284,L,592454,R,strikeout,True,False,173.0,0.277,50.0,28.9,12.0,6.94,0.794,0.188,34.76,17.68,14.78,32.46,31.59,22.32,324.0,0.251,105.0,32.41,34.0,10.49,0.738,0.1569999999999999,35.42,16.4,14.8,31.2,29.2,26.99,15.0,0.077,5.0,33.33,1.0,6.67,0.277,0.0,50.0,22.95,18.03,40.98,35.9,26.32,85.0,0.176,22.0,25.88,9.0,10.59,0.637,0.202,29.22,12.47,19.67,32.13,30.46,19.82
745727,2024-06-23,2024,645277,L,592454,R,strikeout,True,False,213.0,0.228,38.0,17.84,18.0,8.45,0.665,0.13199999999999998,21.53,11.91,9.39,21.31,32.46,12.22,528.0,0.25,89.0,16.86,42.0,7.95,0.8029999999999999,0.235,20.84,11.11,9.82,20.92,33.45,13.94,15.0,0.077,5.0,33.33,1.0,6.67,0.277,0.0,50.0,22.95,18.03,40.98,35.9,26.32,85.0,0.176,22.0,25.88,9.0,10.59,0.637,0.202,29.22,12.47,19.67,32.13,30.46,19.82
745727,2024-06-23,2024,542303,R,592454,R,single,False,False,222.0,0.298,48.0,21.62,21.0,9.46,0.996,0.333,31.21,15.09,12.91,28.0,27.22,19.12,453.0,0.272,109.0,24.06,44.0,9.71,0.882,0.263,27.95,13.42,14.78,28.21,29.59,18.63,27.0,0.238,6.0,22.22,6.0,22.22,1.026,0.381,33.33,13.08,13.08,26.15,22.22,14.63,80.0,0.191,26.0,32.5,10.0,12.5,0.583,0.088,41.03,19.57,15.6,35.17,27.84,26.0
745727,2024-06-23,2024,621566,L,592454,R,strikeout,True,False,211.0,0.232,55.0,26.07,23.0,10.9,0.722,0.168,27.8,13.61,11.71,25.32,27.91,17.09,540.0,0.294,115.0,21.3,90.0,16.67,1.061,0.351,27.51,12.57,12.32,24.89,25.66,14.92,15.0,0.077,5.0,33.33,1.0,6.67,0.277,0.0,50.0,22.95,18.03,40.98,35.9,26.32,85.0,0.176,22.0,25.88,9.0,10.59,0.637,0.202,29.22,12.47,19.67,32.13,30.46,19.82
745727,2024-06-23,2024,663757,L,641729,R,strikeout,True,False,62.0,0.122,17.0,27.42,10.0,16.13,0.646,0.245,25.0,8.0,23.64,31.64,7.69,22.08,412.0,0.178,118.0,28.64,56.0,13.59,0.623,0.147,29.65,12.55,17.63,30.18,22.3,21.15,59.0,0.185,16.0,27.12,5.0,8.47,0.495,0.055999999999999994,28.32,14.04,18.86,32.89,32.32,21.33,94.0,0.239,26.0,27.66,5.0,5.32,0.72,0.204,32.2,16.22,15.48,31.7,24.86,16.77
745727,2024-06-23,2024,683011,R,641729,R,field_out,False,False,268.0,0.269,59.0,22.01,18.0,6.72,0.739,0.14399999999999996,23.76,11.45,18.32,29.77,30.06,18.85,467.0,0.198,132.0,28.27,36.0,7.71,0.624,0.1579999999999999,28.15,13.53,17.49,31.02,29.16,23.4,59.0,0.185,15.0,25.42,5.0,8.47,0.476,0.037000000000000005,32.17,16.52,15.62,32.14,30.19,23.44,144.0,0.229,47.0,32.64,9.0,6.25,0.694,0.176,32.23,16.57,16.95,33.52,30.83,29.19
745727,2024-06-23,2024,665742,L,641729,R,strikeout,True,False,252.0,0.303,42.0,16.67,47.0,18.65,1.021,0.284,24.42,8.8,18.73,27.53,16.3,14.53,502.0,0.283,81.0,16.14,99.0,19.72,0.98,0.2730000000000001,18.45,6.31,19.31,25.62,15.09,14.14,59.0,0.185,16.0,27.12,5.0,8.47,0.495,0.055999999999999994,28.32,14.04,18.86,32.89,32.32,21.33,94.0,0.239,26.0,27.66,5.0,5.32,0.72,0.204,32.2,16.22,15.48,31.7,24.86,16.77
745727,2024-06-23,2024,663586,R,605280,R,strikeout,True,False,184.0,0.263,44.0,23.91,14.0,7.61,0.753,0.16199999999999998,29.81,15.24,12.6,27.84,28.41,18.07,566.0,0.28,137.0,24.2,42.0,7.42,0.841,0.2199999999999999,27.71,13.25,15.53,28.77,27.7,18.53,73.0,0.246,20.0,27.4,6.0,8.22,0.652,0.07700000000000001,33.33,13.71,23.41,37.12,22.37,18.69,148.0,0.231,45.0,30.41,11.0,7.43,0.603,0.0749999999999999,28.02,12.29,20.82,33.11,26.21,24.32
745727,2024-06-23,2024,669221,R,605280,R,strikeout,True,False,44.0,0.244,11.0,25.0,2.0,4.55,0.71,0.17099999999999999,31.58,14.81,19.75,34.57,31.25,25.0,337.0,0.245,77.0,22.85,37.0,10.98,0.832,0.2309999999999999,26.79,12.43,15.15,27.58,22.74,18.97,73.0,0.246,20.0,27.4,6.0,8.22,0.652,0.07700000000000001,33.33,13.71,23.41,37.12,22.37,18.69,148.0,0.231,45.0,30.41,11.0,7.43,0.603,0.0749999999999999,28.02,12.29,20.82,33.11,26.21,24.32
745727,2024-06-23,2024,594807,R,605280,R,field_out,False,False,98.0,0.096,36.0,36.73,3.0,3.06,0.25,0.021000000000000005,29.67,14.63,19.24,33.88,35.52,30.77,260.0,0.248,76.0,29.23,18.0,6.92,0.863,0.303,29.41,13.69,18.97,32.66,32.68,27.44,73.0,0.246,20.0,27.4,6.0,8.22,0.652,0.07700000000000001,33.33,13.71,23.41,37.12,22.37,18.69,148.0,0.231,45.0,30.41,11.0,7.43,0.603,0.0749999999999999,28.02,12.29,20.82,33.11,26.21,24.32
745727,2024-06-23,2024,592450,R,628452,R,field_out,False,False,265.0,0.308,66.0,24.91,38.0,14.34,1.1099999999999999,0.38899999999999996,31.62,13.84,14.73,28.57,19.43,19.82,384.0,0.266,109.0,28.39,77.0,20.05,1.011,0.3339999999999999,36.96,15.02,15.7,30.72,19.29,24.12,53.0,0.208,8.0,15.09,3.0,5.66,0.637,0.146,25.26,11.82,14.29,26.11,26.67,15.69,108.0,0.221,37.0,34.26,4.0,3.7,0.587,0.116,33.75,18.93,13.79,32.71,38.6,26.62
745727,2024-06-23,2024,657077,L,628452,R,strikeout,True,False,226.0,0.266,28.0,12.39,15.0,6.64,0.75,0.174,13.74,6.32,19.67,26.0,26.91,11.34,441.0,0.279,66.0,14.97,30.0,6.8,0.793,0.185,15.08,6.28,20.52,26.8,22.64,14.93,56.0,0.173,13.0,23.21,3.0,5.36,0.43,0.03900000000000001,27.27,14.59,16.76,31.35,37.5,29.55,123.0,0.255,31.0,25.2,11.0,8.94,0.735,0.1629999999999999,31.56,15.78,14.44,30.22,32.92,28.44
745727,2024-06-23,2024,650402,R,628452,R,strikeout,True,False,245.0,0.221,56.0,22.86,22.0,8.98,0.627,0.11100000000000002,25.37,11.71,16.54,28.25,21.3,16.28,544.0,0.273,78.0,14.34,50.0,9.19,0.772,0.1589999999999999,21.74,10.32,15.57,25.89,26.86,11.29,53.0,0.208,8.0,15.09,3.0,5.66,0.637,0.146,25.26,11.82,14.29,26.11,26.67,15.69,108.0,0.221,37.0,34.26,4.0,3.7,0.587,0.116,33.75,18.93,13.79,32.71,38.6,26.62
745485,2024-06-23,2024,650490,R,694973,R,home_run,False,False,254.0,0.252,39.0,15.35,22.0,8.66,0.6799999999999999,0.10499999999999998,12.53,5.54,17.4,22.93,23.29,12.83,462.0,0.322,72.0,15.58,49.0,10.61,0.881,0.1559999999999999,18.95,8.0,18.68,26.68,19.71,15.69,73.0,0.232,26.0,35.62,3.0,4.11,0.665,0.159,29.19,15.72,16.72,32.44,30.71,21.85,,,,,,,,,,,,,,
745485,2024-06-23,2024,666139,L,694973,R,double,False,False,90.0,0.228,23.0,25.56,9.0,10.0,0.771,0.24000000000000002,26.37,13.62,12.6,26.22,30.96,17.04,435.0,0.3,104.0,23.91,27.0,6.21,0.8540000000000001,0.211,29.41,15.52,12.38,27.9,34.65,18.39,82.0,0.211,27.0,32.93,4.0,4.88,0.536,0.07799999999999999,33.33,17.76,13.93,31.69,31.79,21.77,,,,,,,,,,,,,,
745485,2024-06-23,2024,668227,R,694973,R,strikeout,True,False,230.0,0.191,64.0,27.83,22.0,9.57,0.635,0.15100000000000002,34.37,14.47,19.3,33.77,24.22,19.22,517.0,0.254,119.0,23.02,62.0,11.99,0.7769999999999999,0.1589999999999999,29.93,12.82,18.77,31.59,26.93,19.44,73.0,0.232,26.0,35.62,3.0,4.11,0.665,0.159,29.19,15.72,16.72,32.44,30.71,21.85,,,,,,,,,,,,,,
745485,2024-06-23,2024,670623,R,694973,R,strikeout,True,False,228.0,0.289,35.0,15.35,23.0,10.09,0.866,0.203,15.92,7.17,18.74,25.91,27.76,9.11,438.0,0.247,82.0,18.72,43.0,9.82,0.86,0.266,18.6,8.55,16.71,25.26,28.98,14.09,73.0,0.232,26.0,35.62,3.0,4.11,0.665,0.159,29.19,15.72,16.72,32.44,30.71,21.85,,,,,,,,,,,,,,
745485,2024-06-23,2024,680700,L,694973,R,field_out,False,False,196.0,0.224,45.0,22.96,23.0,11.73,0.655,0.10300000000000001,27.52,13.17,14.08,27.25,26.94,19.74,82.0,0.216,10.0,12.2,6.0,7.32,0.7390000000000001,0.243,15.71,6.75,18.4,25.15,18.99,10.75,82.0,0.211,27.0,32.93,4.0,4.88,0.536,0.07799999999999999,33.33,17.76,13.93,31.69,31.79,21.77,,,,,,,,,,,,,,
745485,2024-06-23,2024,663647,R,650644,R,field_out,False,False,162.0,0.196,34.0,20.99,10.0,6.17,0.476,0.026999999999999996,17.94,8.05,21.06,29.11,29.25,20.36,358.0,0.26,75.0,20.95,22.0,6.15,0.721,0.1559999999999999,21.48,9.63,20.09,29.72,30.19,22.32,187.0,0.267,39.0,20.86,11.0,5.88,0.765,0.181,22.77,10.39,18.26,28.65,29.1,18.31,250.0,0.237,50.0,20.0,17.0,6.8,0.643,0.1089999999999999,24.67,11.79,17.37,29.16,32.23,16.89
745485,2024-06-23,2024,668804,L,650644,R,single,False,False,236.0,0.268,50.0,21.19,23.0,9.75,0.802,0.187,28.47,13.36,14.12,27.47,27.33,18.45,438.0,0.252,94.0,21.46,45.0,10.27,0.821,0.2309999999999999,28.75,13.22,13.73,26.95,24.9,18.49,148.0,0.281,40.0,27.03,11.0,7.43,0.819,0.19299999999999995,23.37,10.43,19.49,29.91,29.21,23.12,254.0,0.234,66.0,25.98,16.0,6.3,0.6679999999999999,0.145,20.86,9.62,20.09,29.72,28.72,18.28
745485,2024-06-23,2024,665833,L,650644,R,strikeout,True,False,207.0,0.289,64.0,30.92,16.0,7.73,0.8480000000000001,0.21600000000000003,33.33,15.46,18.5,33.96,34.0,23.19,33.0,0.185,7.0,21.21,5.0,15.15,0.636,0.148,27.69,13.14,15.33,28.47,34.25,17.95,148.0,0.281,40.0,27.03,11.0,7.43,0.819,0.19299999999999995,23.37,10.43,19.49,29.91,29.21,23.12,254.0,0.234,66.0,25.98,16.0,6.3,0.6679999999999999,0.145,20.86,9.62,20.09,29.72,28.72,18.28
745485,2024-06-23,2024,642133,L,650644,R,strikeout,True,False,169.0,0.245,31.0,18.34,12.0,7.1,0.637,0.09000000000000002,19.93,8.23,20.92,29.15,22.92,17.71,300.0,0.223,73.0,24.33,29.0,9.67,0.69,0.173,22.22,8.47,23.11,31.59,24.77,19.95,148.0,0.281,40.0,27.03,11.0,7.43,0.819,0.19299999999999995,23.37,10.43,19.49,29.91,29.21,23.12,254.0,0.234,66.0,25.98,16.0,6.3,0.6679999999999999,0.145,20.86,9.62,20.09,29.72,28.72,18.28
745485,2024-06-23,2024,642350,R,694973,R,strikeout,True,False,168.0,0.211,59.0,35.12,12.0,7.14,0.6719999999999999,0.17,36.33,16.82,20.68,37.5,32.82,27.57,271.0,0.23,93.0,34.32,16.0,5.9,0.801,0.29,39.19,20.65,15.06,35.71,37.69,31.08,73.0,0.232,26.0,35.62,3.0,4.11,0.665,0.159,29.19,15.72,16.72,32.44,30.71,21.85,,,,,,,,,,,,,,
745485,2024-06-23,2024,676356,R,694973,R,strikeout,True,False,88.0,0.154,21.0,23.86,7.0,7.95,0.472,0.07700000000000001,26.22,13.69,15.29,28.98,39.53,20.39,10.0,0.2,0.0,0.0,0.0,0.0,0.7,0.3,19.05,11.43,11.43,22.86,44.44,0.0,73.0,0.232,26.0,35.62,3.0,4.11,0.665,0.159,29.19,15.72,16.72,32.44,30.71,21.85,,,,,,,,,,,,,,
745485,2024-06-23,2024,670764,L,694973,R,field_out,False,False,22.0,0.062,6.0,27.27,5.0,22.73,0.335,0.0,37.14,14.61,13.48,28.09,12.24,35.29,257.0,0.179,69.0,26.85,33.0,12.84,0.588,0.121,26.28,11.1,17.87,28.97,16.97,23.15,82.0,0.211,27.0,32.93,4.0,4.88,0.536,0.07799999999999999,33.33,17.76,13.93,31.69,31.79,21.77,,,,,,,,,,,,,,
745485,2024-06-23,2024,658668,R,650644,R,single,False,False,81.0,0.222,12.0,14.81,6.0,7.41,0.562,0.05600000000000002,23.39,12.58,14.15,26.73,35.26,11.11,261.0,0.256,43.0,16.48,14.0,5.36,0.728,0.1649999999999999,22.47,11.51,14.21,25.73,31.17,15.47,187.0,0.267,39.0,20.86,11.0,5.88,0.765,0.181,22.77,10.39,18.26,28.65,29.1,18.31,250.0,0.237,50.0,20.0,17.0,6.8,0.643,0.1089999999999999,24.67,11.79,17.37,29.16,32.23,16.89
745485,2024-06-23,2024,669707,R,650644,R,grounded_into_double_play,False,False,164.0,0.214,39.0,23.78,15.0,9.15,0.584,0.08299999999999999,24.84,12.23,15.44,27.68,27.91,16.39,144.0,0.301,43.0,29.86,18.0,12.5,0.786,0.089,33.87,14.74,17.72,32.46,24.23,24.57,187.0,0.267,39.0,20.86,11.0,5.88,0.765,0.181,22.77,10.39,18.26,28.65,29.1,18.31,250.0,0.237,50.0,20.0,17.0,6.8,0.643,0.1089999999999999,24.67,11.79,17.37,29.16,32.23,16.89
745485,2024-06-23,2024,669261,L,650644,R,field_out,False,False,169.0,0.156,45.0,26.63,21.0,12.43,0.5529999999999999,0.13699999999999998,26.18,12.08,15.14,27.22,21.47,21.13,404.0,0.232,117.0,28.96,61.0,15.1,0.857,0.271,29.06,11.36,18.81,30.17,17.6,22.37,148.0,0.281,40.0,27.03,11.0,7.43,0.819,0.19299999999999995,23.37,10.43,19.49,29.91,29.21,23.12,254.0,0.234,66.0,25.98,16.0,6.3,0.6679999999999999,0.145,20.86,9.62,20.09,29.72,28.72,18.28
745485,2024-06-23,2024,656577,R,694973,R,strikeout,True,False,42.0,0.081,18.0,42.86,3.0,7.14,0.366,0.135,40.7,20.59,17.65,38.24,37.65,30.0,,,,,,,,,,,,,,,73.0,0.232,26.0,35.62,3.0,4.11,0.665,0.159,29.19,15.72,16.72,32.44,30.71,21.85,,,,,,,,,,,,,,
745485,2024-06-23,2024,650490,R,694973,R,single,False,False,254.0,0.252,39.0,15.35,22.0,8.66,0.6799999999999999,0.10499999999999998,12.53,5.54,17.4,22.93,23.29,12.83,462.0,0.322,72.0,15.58,49.0,10.61,0.881,0.1559999999999999,18.95,8.0,18.68,26.68,19.71,15.69,73.0,0.232,26.0,35.62,3.0,4.11,0.665,0.159,29.19,15.72,16.72,32.44,30.71,21.85,,,,,,,,,,,,,,
745485,2024-06-23,2024,666139,L,694973,R,single,False,False,90.0,0.228,23.0,25.56,9.0,10.0,0.771,0.24000000000000002,26.37,13.62,12.6,26.22,30.96,17.04,435.0,0.3,104.0,23.91,27.0,6.21,0.8540000000000001,0.211,29.41,15.52,12.38,27.9,34.65,18.39,82.0,0.211,27.0,32.93,4.0,4.88,0.536,0.07799999999999999,33.33,17.76,13.93,31.69,31.79,21.77,,,,,,,,,,,,,,
745485,2024-06-23,2024,668227,R,694973,R,single,False,False,230.0,0.191,64.0,27.83,22.0,9.57,0.635,0.15100000000000002,34.37,14.47,19.3,33.77,24.22,19.22,517.0,0.254,119.0,23.02,62.0,11.99,0.7769999999999999,0.1589999999999999,29.93,12.82,18.77,31.59,26.93,19.44,73.0,0.232,26.0,35.62,3.0,4.11,0.665,0.159,29.19,15.72,16.72,32.44,30.71,21.85,,,,,,,,,,,,,,
745485,2024-06-23,2024,670623,R,694973,R,grounded_into_double_play,False,False,228.0,0.289,35.0,15.35,23.0,10.09,0.866,0.203,15.92,7.17,18.74,25.91,27.76,9.11,438.0,0.247,82.0,18.72,43.0,9.82,0.86,0.266,18.6,8.55,16.71,25.26,28.98,14.09,73.0,0.232,26.0,35.62,3.0,4.11,0.665,0.159,29.19,15.72,16.72,32.44,30.71,21.85,,,,,,,,,,,,,,
745485,2024-06-23,2024,518735,L,650644,R,strikeout,True,False,67.0,0.159,12.0,17.91,4.0,5.97,0.511,0.143,22.69,10.55,22.66,33.2,33.86,16.9,309.0,0.235,61.0,19.74,27.0,8.74,0.636,0.094,22.36,10.08,19.44,29.52,27.06,17.13,148.0,0.281,40.0,27.03,11.0,7.43,0.819,0.19299999999999995,23.37,10.43,19.49,29.91,29.21,23.12,254.0,0.234,66.0,25.98,16.0,6.3,0.6679999999999999,0.145,20.86,9.62,20.09,29.72,28.72,18.28
745485,2024-06-23,2024,572191,R,650644,R,field_out,False,False,108.0,0.188,38.0,35.19,7.0,6.48,0.44799999999999995,0.01999999999999999,38.97,18.4,16.63,35.03,31.19,25.68,276.0,0.206,95.0,34.42,18.0,6.52,0.641,0.171,34.66,17.23,15.91,33.15,32.6,28.53,187.0,0.267,39.0,20.86,11.0,5.88,0.765,0.181,22.77,10.39,18.26,28.65,29.1,18.31,250.0,0.237,50.0,20.0,17.0,6.8,0.643,0.1089999999999999,24.67,11.79,17.37,29.16,32.23,16.89
745485,2024-06-23,2024,663647,R,650644,R,field_out,False,False,162.0,0.196,34.0,20.99,10.0,6.17,0.476,0.026999999999999996,17.94,8.05,21.06,29.11,29.25,20.36,358.0,0.26,75.0,20.95,22.0,6.15,0.721,0.1559999999999999,21.48,9.63,20.09,29.72,30.19,22.32,187.0,0.267,39.0,20.86,11.0,5.88,0.765,0.181,22.77,10.39,18.26,28.65,29.1,18.31,250.0,0.237,50.0,20.0,17.0,6.8,0.643,0.1089999999999999,24.67,11.79,17.37,29.16,32.23,16.89
745485,2024-06-23,2024,680700,L,694973,R,walk,False,True,196.0,0.224,45.0,22.96,23.0,11.73,0.655,0.10300000000000001,27.52,13.17,14.08,27.25,26.94,19.74,82.0,0.216,10.0,12.2,6.0,7.32,0.7390000000000001,0.243,15.71,6.75,18.4,25.15,18.99,10.75,82.0,0.211,27.0,32.93,4.0,4.88,0.536,0.07799999999999999,33.33,17.76,13.93,31.69,31.79,21.77,,,,,,,,,,,,,,
745485,2024-06-23,2024,642350,R,694973,R,field_out,False,False,168.0,0.211,59.0,35.12,12.0,7.14,0.6719999999999999,0.17,36.33,16.82,20.68,37.5,32.82,27.57,271.0,0.23,93.0,34.32,16.0,5.9,0.801,0.29,39.19,20.65,15.06,35.71,37.69,31.08,73.0,0.232,26.0,35.62,3.0,4.11,0.665,0.159,29.19,15.72,16.72,32.44,30.71,21.85,,,,,,,,,,,,,,
745485,2024-06-23,2024,676356,R,694973,R,single,False,False,88.0,0.154,21.0,23.86,7.0,7.95,0.472,0.07700000000000001,26.22,13.69,15.29,28.98,39.53,20.39,10.0,0.2,0.0,0.0,0.0,0.0,0.7,0.3,19.05,11.43,11.43,22.86,44.44,0.0,73.0,0.232,26.0,35.62,3.0,4.11,0.665,0.159,29.19,15.72,16.72,32.44,30.71,21.85,,,,,,,,,,,,,,
745485,2024-06-23,2024,670764,L,694973,R,strikeout,True,False,22.0,0.062,6.0,27.27,5.0,22.73,0.335,0.0,37.14,14.61,13.48,28.09,12.24,35.29,257.0,0.179,69.0,26.85,33.0,12.84,0.588,0.121,26.28,11.1,17.87,28.97,16.97,23.15,82.0,0.211,27.0,32.93,4.0,4.88,0.536,0.07799999999999999,33.33,17.76,13.93,31.69,31.79,21.77,,,,,,,,,,,,,,
745485,2024-06-23,2024,656577,R,694973,R,field_out,False,False,42.0,0.081,18.0,42.86,3.0,7.14,0.366,0.135,40.7,20.59,17.65,38.24,37.65,30.0,,,,,,,,,,,,,,,73.0,0.232,26.0,35.62,3.0,4.11,0.665,0.159,29.19,15.72,16.72,32.44,30.71,21.85,,,,,,,,,,,,,,
745485,2024-06-23,2024,668804,L,650644,R,home_run,False,False,236.0,0.268,50.0,21.19,23.0,9.75,0.802,0.187,28.47,13.36,14.12,27.47,27.33,18.45,438.0,0.252,94.0,21.46,45.0,10.27,0.821,0.2309999999999999,28.75,13.22,13.73,26.95,24.9,18.49,148.0,0.281,40.0,27.03,11.0,7.43,0.819,0.19299999999999995,23.37,10.43,19.49,29.91,29.21,23.12,254.0,0.234,66.0,25.98,16.0,6.3,0.6679999999999999,0.145,20.86,9.62,20.09,29.72,28.72,18.28
745485,2024-06-23,2024,665833,L,650644,R,walk,False,True,207.0,0.289,64.0,30.92,16.0,7.73,0.8480000000000001,0.21600000000000003,33.33,15.46,18.5,33.96,34.0,23.19,33.0,0.185,7.0,21.21,5.0,15.15,0.636,0.148,27.69,13.14,15.33,28.47,34.25,17.95,148.0,0.281,40.0,27.03,11.0,7.43,0.819,0.19299999999999995,23.37,10.43,19.49,29.91,29.21,23.12,254.0,0.234,66.0,25.98,16.0,6.3,0.6679999999999999,0.145,20.86,9.62,20.09,29.72,28.72,18.28
745485,2024-06-23,2024,642133,L,650644,R,field_out,False,False,169.0,0.245,31.0,18.34,12.0,7.1,0.637,0.09000000000000002,19.93,8.23,20.92,29.15,22.92,17.71,300.0,0.223,73.0,24.33,29.0,9.67,0.69,0.173,22.22,8.47,23.11,31.59,24.77,19.95,148.0,0.281,40.0,27.03,11.0,7.43,0.819,0.19299999999999995,23.37,10.43,19.49,29.91,29.21,23.12,254.0,0.234,66.0,25.98,16.0,6.3,0.6679999999999999,0.145,20.86,9.62,20.09,29.72,28.72,18.28
745485,2024-06-23,2024,658668,R,650644,R,field_out,False,False,81.0,0.222,12.0,14.81,6.0,7.41,0.562,0.05600000000000002,23.39,12.58,14.15,26.73,35.26,11.11,261.0,0.256,43.0,16.48,14.0,5.36,0.728,0.1649999999999999,22.47,11.51,14.21,25.73,31.17,15.47,187.0,0.267,39.0,20.86,11.0,5.88,0.765,0.181,22.77,10.39,18.26,28.65,29.1,18.31,250.0,0.237,50.0,20.0,17.0,6.8,0.643,0.1089999999999999,24.67,11.79,17.37,29.16,32.23,16.89
745485,2024-06-23,2024,669707,R,650644,R,field_out,False,False,164.0,0.214,39.0,23.78,15.0,9.15,0.584,0.08299999999999999,24.84,12.23,15.44,27.68,27.91,16.39,144.0,0.301,43.0,29.86,18.0,12.5,0.786,0.089,33.87,14.74,17.72,32.46,24.23,24.57,187.0,0.267,39.0,20.86,11.0,5.88,0.765,0.181,22.77,10.39,18.26,28.65,29.1,18.31,250.0,0.237,50.0,20.0,17.0,6.8,0.643,0.1089999999999999,24.67,11.79,17.37,29.16,32.23,16.89
745485,2024-06-23,2024,650490,R,694973,R,field_out,False,False,254.0,0.252,39.0,15.35,22.0,8.66,0.6799999999999999,0.10499999999999998,12.53,5.54,17.4,22.93,23.29,12.83,462.0,0.322,72.0,15.58,49.0,10.61,0.881,0.1559999999999999,18.95,8.0,18.68,26.68,19.71,15.69,73.0,0.232,26.0,35.62,3.0,4.11,0.665,0.159,29.19,15.72,16.72,32.44,30.71,21.85,,,,,,,,,,,,,,
745485,2024-06-23,2024,666139,L,694973,R,field_out,False,False,90.0,0.228,23.0,25.56,9.0,10.0,0.771,0.24000000000000002,26.37,13.62,12.6,26.22,30.96,17.04,435.0,0.3,104.0,23.91,27.0,6.21,0.8540000000000001,0.211,29.41,15.52,12.38,27.9,34.65,18.39,82.0,0.211,27.0,32.93,4.0,4.88,0.536,0.07799999999999999,33.33,17.76,13.93,31.69,31.79,21.77,,,,,,,,,,,,,,
745485,2024-06-23,2024,668227,R,694973,R,field_out,False,False,230.0,0.191,64.0,27.83,22.0,9.57,0.635,0.15100000000000002,34.37,14.47,19.3,33.77,24.22,19.22,517.0,0.254,119.0,23.02,62.0,11.99,0.7769999999999999,0.1589999999999999,29.93,12.82,18.77,31.59,26.93,19.44,73.0,0.232,26.0,35.62,3.0,4.11,0.665,0.159,29.19,15.72,16.72,32.44,30.71,21.85,,,,,,,,,,,,,,
745485,2024-06-23,2024,669261,L,650644,R,field_out,False,False,169.0,0.156,45.0,26.63,21.0,12.43,0.5529999999999999,0.13699999999999998,26.18,12.08,15.14,27.22,21.47,21.13,404.0,0.232,117.0,28.96,61.0,15.1,0.857,0.271,29.06,11.36,18.81,30.17,17.6,22.37,148.0,0.281,40.0,27.03,11.0,7.43,0.819,0.19299999999999995,23.37,10.43,19.49,29.91,29.21,23.12,254.0,0.234,66.0,25.98,16.0,6.3,0.6679999999999999,0.145,20.86,9.62,20.09,29.72,28.72,18.28
745485,2024-06-23,2024,518735,L,650644,R,field_out,False,False,67.0,0.159,12.0,17.91,4.0,5.97,0.511,0.143,22.69,10.55,22.66,33.2,33.86,16.9,309.0,0.235,61.0,19.74,27.0,8.74,0.636,0.094,22.36,10.08,19.44,29.52,27.06,17.13,148.0,0.281,40.0,27.03,11.0,7.43,0.819,0.19299999999999995,23.37,10.43,19.49,29.91,29.21,23.12,254.0,0.234,66.0,25.98,16.0,6.3,0.6679999999999999,0.145,20.86,9.62,20.09,29.72,28.72,18.28
745485,2024-06-23,2024,572191,R,650644,R,field_out,False,False,108.0,0.188,38.0,35.19,7.0,6.48,0.44799999999999995,0.01999999999999999,38.97,18.4,16.63,35.03,31.19,25.68,276.0,0.206,95.0,34.42,18.0,6.52,0.641,0.171,34.66,17.23,15.91,33.15,32.6,28.53,187.0,0.267,39.0,20.86,11.0,5.88,0.765,0.181,22.77,10.39,18.26,28.65,29.1,18.31,250.0,0.237,50.0,20.0,17.0,6.8,0.643,0.1089999999999999,24.67,11.79,17.37,29.16,32.23,16.89
745485,2024-06-23,2024,670623,R,694973,R,field_out,False,False,228.0,0.289,35.0,15.35,23.0,10.09,0.866,0.203,15.92,7.17,18.74,25.91,27.76,9.11,438.0,0.247,82.0,18.72,43.0,9.82,0.86,0.266,18.6,8.55,16.71,25.26,28.98,14.09,73.0,0.232,26.0,35.62,3.0,4.11,0.665,0.159,29.19,15.72,16.72,32.44,30.71,21.85,,,,,,,,,,,,,,
745485,2024-06-23,2024,680700,L,694973,R,field_out,False,False,196.0,0.224,45.0,22.96,23.0,11.73,0.655,0.10300000000000001,27.52,13.17,14.08,27.25,26.94,19.74,82.0,0.216,10.0,12.2,6.0,7.32,0.7390000000000001,0.243,15.71,6.75,18.4,25.15,18.99,10.75,82.0,0.211,27.0,32.93,4.0,4.88,0.536,0.07799999999999999,33.33,17.76,13.93,31.69,31.79,21.77,,,,,,,,,,,,,,
745485,2024-06-23,2024,642350,R,694973,R,strikeout,True,False,168.0,0.211,59.0,35.12,12.0,7.14,0.6719999999999999,0.17,36.33,16.82,20.68,37.5,32.82,27.57,271.0,0.23,93.0,34.32,16.0,5.9,0.801,0.29,39.19,20.65,15.06,35.71,37.69,31.08,73.0,0.232,26.0,35.62,3.0,4.11,0.665,0.159,29.19,15.72,16.72,32.44,30.71,21.85,,,,,,,,,,,,,,
745485,2024-06-23,2024,663647,R,664076,L,field_out,False,False,63.0,0.346,8.0,12.7,8.0,12.7,1.006,0.23099999999999998,16.51,7.03,17.19,24.22,23.7,10.96,168.0,0.294,29.0,17.26,6.0,3.57,0.8460000000000001,0.237,20.49,9.52,20.2,29.72,31.76,19.21,91.0,0.211,24.0,26.37,12.0,13.19,0.5960000000000001,0.05200000000000002,30.64,14.97,14.41,29.38,32.98,22.02,33.0,0.133,8.0,24.24,2.0,6.06,0.579,0.2339999999999999,25.0,10.08,19.38,29.46,28.17,24.24
745485,2024-06-23,2024,668804,R,664076,L,field_out,False,False,104.0,0.278,22.0,21.15,6.0,5.77,0.771,0.176,31.31,15.58,15.83,31.41,32.86,18.64,202.0,0.285,44.0,21.78,8.0,3.96,0.727,0.13,26.99,13.48,13.48,26.96,28.29,18.57,91.0,0.211,24.0,26.37,12.0,13.19,0.5960000000000001,0.05200000000000002,30.64,14.97,14.41,29.38,32.98,22.02,33.0,0.133,8.0,24.24,2.0,6.06,0.579,0.2339999999999999,25.0,10.08,19.38,29.46,28.17,24.24
745485,2024-06-23,2024,665833,L,664076,L,field_out,False,False,68.0,0.108,26.0,38.24,3.0,4.41,0.347,0.09200000000000001,31.97,15.48,21.43,36.9,35.54,36.11,7.0,0.6,1.0,14.29,2.0,28.57,1.314,0.0,50.0,14.81,18.52,33.33,12.5,14.29,44.0,0.25,15.0,34.09,6.0,13.64,0.8029999999999999,0.16699999999999998,30.77,14.36,18.97,33.33,31.96,20.0,15.0,0.182,6.0,40.0,4.0,26.67,0.5820000000000001,0.0,27.78,12.2,17.07,29.27,32.61,16.22
745485,2024-06-23,2024,676356,R,694973,R,field_out,False,False,88.0,0.154,21.0,23.86,7.0,7.95,0.472,0.07700000000000001,26.22,13.69,15.29,28.98,39.53,20.39,10.0,0.2,0.0,0.0,0.0,0.0,0.7,0.3,19.05,11.43,11.43,22.86,44.44,0.0,73.0,0.232,26.0,35.62,3.0,4.11,0.665,0.159,29.19,15.72,16.72,32.44,30.71,21.85,,,,,,,,,,,,,,
745485,2024-06-23,2024,670764,L,694973,R,field_out,False,False,22.0,0.062,6.0,27.27,5.0,22.73,0.335,0.0,37.14,14.61,13.48,28.09,12.24,35.29,257.0,0.179,69.0,26.85,33.0,12.84,0.588,0.121,26.28,11.1,17.87,28.97,16.97,23.15,82.0,0.211,27.0,32.93,4.0,4.88,0.536,0.07799999999999999,33.33,17.76,13.93,31.69,31.79,21.77,,,,,,,,,,,,,,
745485,2024-06-23,2024,656577,R,694973,R,strikeout,True,False,42.0,0.081,18.0,42.86,3.0,7.14,0.366,0.135,40.7,20.59,17.65,38.24,37.65,30.0,,,,,,,,,,,,,,,73.0,0.232,26.0,35.62,3.0,4.11,0.665,0.159,29.19,15.72,16.72,32.44,30.71,21.85,,,,,,,,,,,,,,
745485,2024-06-23,2024,656582,R,664076,L,field_out,False,False,97.0,0.279,17.0,17.53,8.0,8.25,0.828,0.19799999999999995,21.82,9.23,17.69,26.92,21.13,14.91,193.0,0.265,40.0,20.73,23.0,11.92,0.8200000000000001,0.187,25.72,9.93,21.34,31.27,18.27,17.32,91.0,0.211,24.0,26.37,12.0,13.19,0.5960000000000001,0.05200000000000002,30.64,14.97,14.41,29.38,32.98,22.02,33.0,0.133,8.0,24.24,2.0,6.06,0.579,0.2339999999999999,25.0,10.08,19.38,29.46,28.17,24.24
745485,2024-06-23,2024,658668,R,687330,R,field_out,False,False,81.0,0.222,12.0,14.81,6.0,7.41,0.562,0.05600000000000002,23.39,12.58,14.15,26.73,35.26,11.11,261.0,0.256,43.0,16.48,14.0,5.36,0.728,0.1649999999999999,22.47,11.51,14.21,25.73,31.17,15.47,83.0,0.247,23.0,27.71,3.0,3.61,0.657,0.11699999999999999,22.76,9.33,27.0,36.33,28.47,24.47,172.0,0.211,29.0,16.86,5.0,2.91,0.554,0.0809999999999999,21.07,9.75,21.21,30.96,29.68,13.74
745485,2024-06-23,2024,669707,R,687330,R,walk,False,True,164.0,0.214,39.0,23.78,15.0,9.15,0.584,0.08299999999999999,24.84,12.23,15.44,27.68,27.91,16.39,144.0,0.301,43.0,29.86,18.0,12.5,0.786,0.089,33.87,14.74,17.72,32.46,24.23,24.57,83.0,0.247,23.0,27.71,3.0,3.61,0.657,0.11699999999999999,22.76,9.33,27.0,36.33,28.47,24.47,172.0,0.211,29.0,16.86,5.0,2.91,0.554,0.0809999999999999,21.07,9.75,21.21,30.96,29.68,13.74
745485,2024-06-23,2024,669261,L,687330,R,field_out,False,False,169.0,0.156,45.0,26.63,21.0,12.43,0.5529999999999999,0.13699999999999998,26.18,12.08,15.14,27.22,21.47,21.13,404.0,0.232,117.0,28.96,61.0,15.1,0.857,0.271,29.06,11.36,18.81,30.17,17.6,22.37,49.0,0.213,9.0,18.37,0.0,0.0,0.633,0.19100000000000003,13.79,6.63,21.55,28.18,24.36,14.06,104.0,0.211,27.0,25.96,10.0,9.62,0.65,0.122,24.16,10.19,19.67,29.86,20.39,21.31
745485,2024-06-23,2024,650490,R,670059,R,single,False,False,254.0,0.252,39.0,15.35,22.0,8.66,0.6799999999999999,0.10499999999999998,12.53,5.54,17.4,22.93,23.29,12.83,462.0,0.322,72.0,15.58,49.0,10.61,0.881,0.1559999999999999,18.95,8.0,18.68,26.68,19.71,15.69,61.0,0.088,18.0,29.51,1.0,1.64,0.236,0.017,28.3,13.27,20.35,33.63,29.2,27.27,132.0,0.256,32.0,24.24,13.0,9.85,0.7010000000000001,0.1119999999999999,24.65,10.91,18.93,29.84,24.05,23.88
745485,2024-06-23,2024,666139,L,670059,R,single,False,False,90.0,0.228,23.0,25.56,9.0,10.0,0.771,0.24000000000000002,26.37,13.62,12.6,26.22,30.96,17.04,435.0,0.3,104.0,23.91,27.0,6.21,0.8540000000000001,0.211,29.41,15.52,12.38,27.9,34.65,18.39,48.0,0.237,12.0,25.0,10.0,20.83,0.764,0.131,25.58,10.73,14.63,25.37,15.89,18.18,108.0,0.255,26.0,24.07,7.0,6.48,0.665,0.1019999999999999,21.83,11.04,11.26,22.3,27.56,16.45
745485,2024-06-23,2024,668227,R,670059,R,sac_fly,False,False,230.0,0.191,64.0,27.83,22.0,9.57,0.635,0.15100000000000002,34.37,14.47,19.3,33.77,24.22,19.22,517.0,0.254,119.0,23.02,62.0,11.99,0.7769999999999999,0.1589999999999999,29.93,12.82,18.77,31.59,26.93,19.44,61.0,0.088,18.0,29.51,1.0,1.64,0.236,0.017,28.3,13.27,20.35,33.63,29.2,27.27,132.0,0.256,32.0,24.24,13.0,9.85,0.7010000000000001,0.1119999999999999,24.65,10.91,18.93,29.84,24.05,23.88
745485,2024-06-23,2024,670623,R,670059,R,walk,False,True,228.0,0.289,35.0,15.35,23.0,10.09,0.866,0.203,15.92,7.17,18.74,25.91,27.76,9.11,438.0,0.247,82.0,18.72,43.0,9.82,0.86,0.266,18.6,8.55,16.71,25.26,28.98,14.09,61.0,0.088,18.0,29.51,1.0,1.64,0.236,0.017,28.3,13.27,20.35,33.63,29.2,27.27,132.0,0.256,32.0,24.24,13.0,9.85,0.7010000000000001,0.1119999999999999,24.65,10.91,18.93,29.84,24.05,23.88
745485,2024-06-23,2024,680700,L,670059,R,single,False,False,196.0,0.224,45.0,22.96,23.0,11.73,0.655,0.10300000000000001,27.52,13.17,14.08,27.25,26.94,19.74,82.0,0.216,10.0,12.2,6.0,7.32,0.7390000000000001,0.243,15.71,6.75,18.4,25.15,18.99,10.75,48.0,0.237,12.0,25.0,10.0,20.83,0.764,0.131,25.58,10.73,14.63,25.37,15.89,18.18,108.0,0.255,26.0,24.07,7.0,6.48,0.665,0.1019999999999999,21.83,11.04,11.26,22.3,27.56,16.45
745485,2024-06-23,2024,642350,R,670059,R,strikeout,True,False,168.0,0.211,59.0,35.12,12.0,7.14,0.6719999999999999,0.17,36.33,16.82,20.68,37.5,32.82,27.57,271.0,0.23,93.0,34.32,16.0,5.9,0.801,0.29,39.19,20.65,15.06,35.71,37.69,31.08,61.0,0.088,18.0,29.51,1.0,1.64,0.236,0.017,28.3,13.27,20.35,33.63,29.2,27.27,132.0,0.256,32.0,24.24,13.0,9.85,0.7010000000000001,0.1119999999999999,24.65,10.91,18.93,29.84,24.05,23.88
745485,2024-06-23,2024,676356,R,670059,R,field_out,False,False,88.0,0.154,21.0,23.86,7.0,7.95,0.472,0.07700000000000001,26.22,13.69,15.29,28.98,39.53,20.39,10.0,0.2,0.0,0.0,0.0,0.0,0.7,0.3,19.05,11.43,11.43,22.86,44.44,0.0,61.0,0.088,18.0,29.51,1.0,1.64,0.236,0.017,28.3,13.27,20.35,33.63,29.2,27.27,132.0,0.256,32.0,24.24,13.0,9.85,0.7010000000000001,0.1119999999999999,24.65,10.91,18.93,29.84,24.05,23.88
745485,2024-06-23,2024,457705,R,592094,R,walk,False,True,190.0,0.254,50.0,26.32,19.0,10.0,0.757,0.16599999999999998,30.5,13.05,18.57,31.62,18.21,20.41,312.0,0.254,72.0,23.08,49.0,15.71,0.767,0.137,28.77,12.06,17.2,29.26,17.59,17.52,71.0,0.169,16.0,22.54,7.0,9.86,0.5529999999999999,0.10200000000000001,33.56,16.44,13.42,29.87,29.03,16.49,112.0,0.196,30.0,26.79,9.0,8.04,0.634,0.134,33.33,15.66,15.45,31.11,29.8,18.18
745485,2024-06-23,2024,693304,R,592094,R,strikeout,True,False,108.0,0.263,25.0,23.15,5.0,4.63,0.6930000000000001,0.131,26.86,15.19,10.51,25.7,34.11,16.89,86.0,0.234,21.0,24.42,3.0,3.49,0.638,0.1299999999999999,30.36,15.84,12.11,27.95,27.85,22.11,71.0,0.169,16.0,22.54,7.0,9.86,0.5529999999999999,0.10200000000000001,33.56,16.44,13.42,29.87,29.03,16.49,112.0,0.196,30.0,26.79,9.0,8.04,0.634,0.134,33.33,15.66,15.45,31.11,29.8,18.18
745485,2024-06-23,2024,663647,R,592094,R,field_out,False,False,162.0,0.196,34.0,20.99,10.0,6.17,0.476,0.026999999999999996,17.94,8.05,21.06,29.11,29.25,20.36,358.0,0.26,75.0,20.95,22.0,6.15,0.721,0.1559999999999999,21.48,9.63,20.09,29.72,30.19,22.32,71.0,0.169,16.0,22.54,7.0,9.86,0.5529999999999999,0.10200000000000001,33.56,16.44,13.42,29.87,29.03,16.49,112.0,0.196,30.0,26.79,9.0,8.04,0.634,0.134,33.33,15.66,15.45,31.11,29.8,18.18
745485,2024-06-23,2024,668804,L,592094,R,walk,False,True,236.0,0.268,50.0,21.19,23.0,9.75,0.802,0.187,28.47,13.36,14.12,27.47,27.33,18.45,438.0,0.252,94.0,21.46,45.0,10.27,0.821,0.2309999999999999,28.75,13.22,13.73,26.95,24.9,18.49,54.0,0.184,13.0,24.07,4.0,7.41,0.612,0.183,35.29,18.09,13.07,31.16,31.96,22.41,110.0,0.167,39.0,35.45,11.0,10.0,0.627,0.1869999999999999,35.6,15.81,20.0,35.81,28.04,29.55
745485,2024-06-23,2024,665833,L,592094,R,field_out,False,False,207.0,0.289,64.0,30.92,16.0,7.73,0.8480000000000001,0.21600000000000003,33.33,15.46,18.5,33.96,34.0,23.19,33.0,0.185,7.0,21.21,5.0,15.15,0.636,0.148,27.69,13.14,15.33,28.47,34.25,17.95,54.0,0.184,13.0,24.07,4.0,7.41,0.612,0.183,35.29,18.09,13.07,31.16,31.96,22.41,110.0,0.167,39.0,35.45,11.0,10.0,0.627,0.1869999999999999,35.6,15.81,20.0,35.81,28.04,29.55
745485,2024-06-23,2024,670764,L,693312,R,strikeout,True,False,22.0,0.062,6.0,27.27,5.0,22.73,0.335,0.0,37.14,14.61,13.48,28.09,12.24,35.29,257.0,0.179,69.0,26.85,33.0,12.84,0.588,0.121,26.28,11.1,17.87,28.97,16.97,23.15,38.0,0.226,11.0,28.95,5.0,13.16,0.6579999999999999,0.06399999999999997,30.99,14.86,12.84,27.7,24.32,22.0,8.0,0.0,5.0,62.5,1.0,12.5,0.125,0.0,39.13,19.57,10.87,30.43,28.0,22.73
745485,2024-06-23,2024,656577,R,693312,R,field_out,False,False,42.0,0.081,18.0,42.86,3.0,7.14,0.366,0.135,40.7,20.59,17.65,38.24,37.65,30.0,,,,,,,,,,,,,,,53.0,0.25,16.0,30.19,7.0,13.21,0.687,0.09100000000000003,32.32,13.68,17.09,30.77,25.53,19.05,18.0,0.5,2.0,11.11,3.0,16.67,1.468,0.357,20.0,9.23,16.92,26.15,25.0,15.38
745485,2024-06-23,2024,676609,R,693312,R,field_out,False,False,188.0,0.228,46.0,24.47,12.0,6.38,0.62,0.099,27.88,12.67,19.7,32.37,31.34,21.3,156.0,0.186,37.0,23.72,15.0,9.62,0.588,0.1009999999999999,24.9,10.03,24.36,34.39,27.59,18.69,53.0,0.25,16.0,30.19,7.0,13.21,0.687,0.09100000000000003,32.32,13.68,17.09,30.77,25.53,19.05,18.0,0.5,2.0,11.11,3.0,16.67,1.468,0.357,20.0,9.23,16.92,26.15,25.0,15.38
745485,2024-06-23,2024,656582,R,664126,R,field_out,False,False,167.0,0.22,37.0,22.16,14.0,8.38,0.6519999999999999,0.13299999999999998,24.38,10.78,18.91,29.69,23.08,20.0,279.0,0.235,70.0,25.09,27.0,9.68,0.72,0.166,22.25,8.9,20.93,29.83,20.67,18.23,61.0,0.231,15.0,24.59,8.0,13.11,0.66,0.096,24.74,10.57,18.06,28.63,21.24,26.79,99.0,0.12,33.0,33.33,11.0,11.11,0.4519999999999999,0.0849999999999999,29.08,14.69,18.3,32.99,29.89,26.83
745485,2024-06-23,2024,658668,R,664126,R,field_out,False,False,81.0,0.222,12.0,14.81,6.0,7.41,0.562,0.05600000000000002,23.39,12.58,14.15,26.73,35.26,11.11,261.0,0.256,43.0,16.48,14.0,5.36,0.728,0.1649999999999999,22.47,11.51,14.21,25.73,31.17,15.47,61.0,0.231,15.0,24.59,8.0,13.11,0.66,0.096,24.74,10.57,18.06,28.63,21.24,26.79,99.0,0.12,33.0,33.33,11.0,11.11,0.4519999999999999,0.0849999999999999,29.08,14.69,18.3,32.99,29.89,26.83
745485,2024-06-23,2024,669707,R,664126,R,strikeout,True,False,164.0,0.214,39.0,23.78,15.0,9.15,0.584,0.08299999999999999,24.84,12.23,15.44,27.68,27.91,16.39,144.0,0.301,43.0,29.86,18.0,12.5,0.786,0.089,33.87,14.74,17.72,32.46,24.23,24.57,61.0,0.231,15.0,24.59,8.0,13.11,0.66,0.096,24.74,10.57,18.06,28.63,21.24,26.79,99.0,0.12,33.0,33.33,11.0,11.11,0.4519999999999999,0.0849999999999999,29.08,14.69,18.3,32.99,29.89,26.83
745566,2024-06-23,2024,606466,R,650911,L,field_out,False,False,116.0,0.324,17.0,14.66,9.0,7.76,1.1019999999999999,0.38999999999999996,23.11,12.44,10.41,22.84,35.9,17.0,199.0,0.313,24.0,12.06,17.0,8.54,0.879,0.184,19.78,9.92,12.91,22.83,31.78,12.7,264.0,0.286,52.0,19.7,22.0,8.33,0.714,0.08300000000000002,23.68,11.28,17.02,28.3,31.19,18.48,316.0,0.26,69.0,21.84,11.0,3.48,0.7649999999999999,0.2129999999999999,25.65,12.57,18.31,30.88,35.87,20.66
745566,2024-06-23,2024,677942,R,650911,L,strikeout,True,False,73.0,0.328,22.0,30.14,7.0,9.59,0.903,0.172,27.74,14.24,11.92,26.16,25.0,20.18,,,,,,,,,,,,,,,264.0,0.286,52.0,19.7,22.0,8.33,0.714,0.08300000000000002,23.68,11.28,17.02,28.3,31.19,18.48,316.0,0.26,69.0,21.84,11.0,3.48,0.7649999999999999,0.2129999999999999,25.65,12.57,18.31,30.88,35.87,20.66
745566,2024-06-23,2024,666971,R,650911,L,single,False,False,86.0,0.337,16.0,18.6,3.0,3.49,0.902,0.20500000000000002,20.11,10.2,17.2,27.41,38.2,14.04,160.0,0.301,18.0,11.25,12.0,7.5,0.8140000000000001,0.151,14.39,6.67,17.26,23.93,28.33,12.16,264.0,0.286,52.0,19.7,22.0,8.33,0.714,0.08300000000000002,23.68,11.28,17.02,28.3,31.19,18.48,316.0,0.26,69.0,21.84,11.0,3.48,0.7649999999999999,0.2129999999999999,25.65,12.57,18.31,30.88,35.87,20.66
745566,2024-06-23,2024,572233,R,650911,L,field_out,False,False,87.0,0.266,27.0,31.03,7.0,8.05,0.74,0.15199999999999997,28.49,13.39,16.27,29.66,23.66,19.42,168.0,0.255,32.0,19.05,20.0,11.9,0.922,0.3189999999999999,27.22,12.57,12.85,25.42,24.16,14.55,264.0,0.286,52.0,19.7,22.0,8.33,0.714,0.08300000000000002,23.68,11.28,17.02,28.3,31.19,18.48,316.0,0.26,69.0,21.84,11.0,3.48,0.7649999999999999,0.2129999999999999,25.65,12.57,18.31,30.88,35.87,20.66
745566,2024-06-23,2024,656941,L,677944,R,field_out,False,False,207.0,0.194,60.0,28.99,35.0,16.91,0.7390000000000001,0.21200000000000002,32.66,13.09,16.11,29.2,21.89,23.41,469.0,0.201,128.0,27.29,85.0,18.12,0.848,0.296,31.18,11.75,19.66,31.41,21.53,23.1,114.0,0.276,16.0,14.04,5.0,4.39,0.7949999999999999,0.19999999999999996,17.31,8.76,15.09,23.84,25.4,13.68,56.0,0.245,8.0,14.29,2.0,3.57,0.74,0.2269999999999999,14.55,7.77,12.14,19.9,24.21,13.79
745566,2024-06-23,2024,607208,R,677944,R,strikeout,True,False,100.0,0.34,15.0,15.0,5.0,5.0,0.837,0.11699999999999999,20.11,10.06,14.8,24.86,27.53,15.46,485.0,0.282,109.0,22.47,29.0,5.98,0.8029999999999999,0.19,28.9,15.6,12.67,28.27,36.06,17.81,94.0,0.247,23.0,24.47,4.0,4.26,0.8380000000000001,0.30400000000000005,18.12,7.9,21.53,29.43,18.0,19.83,55.0,0.275,12.0,21.82,2.0,3.64,0.798,0.1959999999999999,22.83,9.91,17.92,27.83,16.35,19.05
745566,2024-06-23,2024,547180,L,677944,R,field_out,False,False,192.0,0.296,35.0,18.23,29.0,15.1,0.9630000000000001,0.26600000000000007,27.76,13.5,9.5,23.0,32.27,18.62,375.0,0.295,80.0,21.33,60.0,16.0,0.907,0.199,31.39,15.65,8.66,24.31,32.27,20.0,114.0,0.276,16.0,14.04,5.0,4.39,0.7949999999999999,0.19999999999999996,17.31,8.76,15.09,23.84,25.4,13.68,56.0,0.245,8.0,14.29,2.0,3.57,0.74,0.2269999999999999,14.55,7.77,12.14,19.9,24.21,13.79
745566,2024-06-23,2024,545341,R,650911,L,single,False,False,83.0,0.315,10.0,12.05,6.0,7.23,0.839,0.15100000000000002,19.01,9.06,15.44,24.5,27.15,14.29,134.0,0.328,17.0,12.69,12.0,8.96,0.995,0.2789999999999999,21.25,10.26,14.29,24.55,32.84,12.78,264.0,0.286,52.0,19.7,22.0,8.33,0.714,0.08300000000000002,23.68,11.28,17.02,28.3,31.19,18.48,316.0,0.26,69.0,21.84,11.0,3.48,0.7649999999999999,0.2129999999999999,25.65,12.57,18.31,30.88,35.87,20.66
745566,2024-06-23,2024,664983,L,650911,L,strikeout,True,False,38.0,0.441,7.0,18.42,4.0,10.53,0.971,0.02999999999999997,18.31,8.07,22.98,31.06,26.03,11.32,82.0,0.206,11.0,13.41,9.0,10.98,0.649,0.118,24.22,10.62,16.1,26.71,27.5,14.67,61.0,0.207,14.0,22.95,2.0,3.28,0.474,0.034,22.13,11.79,17.47,29.26,43.24,19.44,80.0,0.133,27.0,33.75,5.0,6.25,0.401,0.0799999999999999,29.77,13.4,23.37,36.77,30.3,33.75
745566,2024-06-23,2024,553993,R,650911,L,grounded_into_double_play,False,False,82.0,0.2,27.0,32.93,9.0,10.98,0.55,0.056999999999999995,30.14,12.75,18.84,31.59,22.81,26.47,158.0,0.252,53.0,33.54,22.0,13.92,0.743,0.13,34.48,14.75,15.49,30.24,22.05,25.0,264.0,0.286,52.0,19.7,22.0,8.33,0.714,0.08300000000000002,23.68,11.28,17.02,28.3,31.19,18.48,316.0,0.26,69.0,21.84,11.0,3.48,0.7649999999999999,0.2129999999999999,25.65,12.57,18.31,30.88,35.87,20.66
745566,2024-06-23,2024,664761,R,677944,R,double,False,False,217.0,0.323,33.0,15.21,16.0,7.37,0.885,0.182,19.94,9.39,15.48,24.87,24.79,16.93,445.0,0.263,68.0,15.28,34.0,7.64,0.7010000000000001,0.1139999999999999,17.17,8.27,16.06,24.33,28.14,13.48,94.0,0.247,23.0,24.47,4.0,4.26,0.8380000000000001,0.30400000000000005,18.12,7.9,21.53,29.43,18.0,19.83,55.0,0.275,12.0,21.82,2.0,3.64,0.798,0.1959999999999999,22.83,9.91,17.92,27.83,16.35,19.05
745566,2024-06-23,2024,592206,R,677944,R,single,False,False,231.0,0.222,47.0,20.35,16.0,6.93,0.644,0.141,32.11,18.96,10.05,29.01,39.6,20.26,485.0,0.252,140.0,28.87,25.0,5.15,0.733,0.192,37.06,20.57,11.78,32.36,40.41,25.27,94.0,0.247,23.0,24.47,4.0,4.26,0.8380000000000001,0.30400000000000005,18.12,7.9,21.53,29.43,18.0,19.83,55.0,0.275,12.0,21.82,2.0,3.64,0.798,0.1959999999999999,22.83,9.91,17.92,27.83,16.35,19.05
745566,2024-06-23,2024,681082,L,677944,R,field_out,False,False,204.0,0.237,29.0,14.22,24.0,11.76,0.704,0.139,16.52,7.1,22.15,29.25,27.39,12.45,474.0,0.28,76.0,16.03,26.0,5.49,0.753,0.1509999999999999,14.49,6.52,22.08,28.6,28.42,11.93,114.0,0.276,16.0,14.04,5.0,4.39,0.7949999999999999,0.19999999999999996,17.31,8.76,15.09,23.84,25.4,13.68,56.0,0.245,8.0,14.29,2.0,3.57,0.74,0.2269999999999999,14.55,7.77,12.14,19.9,24.21,13.79
745566,2024-06-23,2024,669016,L,677944,R,strikeout,True,False,162.0,0.296,42.0,25.93,18.0,11.11,0.852,0.183,22.97,9.12,18.79,27.91,22.92,19.09,363.0,0.292,101.0,27.82,47.0,12.95,0.864,0.185,25.19,10.97,17.37,28.35,25.74,21.31,114.0,0.276,16.0,14.04,5.0,4.39,0.7949999999999999,0.19999999999999996,17.31,8.76,15.09,23.84,25.4,13.68,56.0,0.245,8.0,14.29,2.0,3.57,0.74,0.2269999999999999,14.55,7.77,12.14,19.9,24.21,13.79
745566,2024-06-23,2024,621311,L,677944,R,single,False,False,33.0,0.226,6.0,18.18,2.0,6.06,0.854,0.355,21.13,11.36,10.61,21.97,36.84,11.76,9.0,0.111,2.0,22.22,0.0,0.0,0.555,0.333,25.0,12.9,16.13,29.03,33.33,33.33,114.0,0.276,16.0,14.04,5.0,4.39,0.7949999999999999,0.19999999999999996,17.31,8.76,15.09,23.84,25.4,13.68,56.0,0.245,8.0,14.29,2.0,3.57,0.74,0.2269999999999999,14.55,7.77,12.14,19.9,24.21,13.79
745566,2024-06-23,2024,596117,L,677944,R,field_out,False,False,52.0,0.208,15.0,28.85,4.0,7.69,0.498,0.02100000000000002,28.72,14.21,21.05,35.26,35.56,26.32,94.0,0.19,22.0,23.4,7.0,7.45,0.5549999999999999,0.0959999999999999,24.71,11.35,19.19,30.54,31.94,18.8,114.0,0.276,16.0,14.04,5.0,4.39,0.7949999999999999,0.19999999999999996,17.31,8.76,15.09,23.84,25.4,13.68,56.0,0.245,8.0,14.29,2.0,3.57,0.74,0.2269999999999999,14.55,7.77,12.14,19.9,24.21,13.79
745566,2024-06-23,2024,621028,R,650911,L,field_out,False,False,63.0,0.311,6.0,9.52,2.0,3.17,0.792,0.14800000000000002,10.34,5.48,16.44,21.92,31.37,10.34,110.0,0.278,16.0,14.55,10.0,9.09,0.813,0.186,14.21,6.42,19.26,25.68,27.4,13.79,264.0,0.286,52.0,19.7,22.0,8.33,0.714,0.08300000000000002,23.68,11.28,17.02,28.3,31.19,18.48,316.0,0.26,69.0,21.84,11.0,3.48,0.7649999999999999,0.2129999999999999,25.65,12.57,18.31,30.88,35.87,20.66
745566,2024-06-23,2024,645444,R,650911,L,strikeout,True,False,,,,,,,,,,,,,,,27.0,0.19,9.0,33.33,3.0,11.11,0.578,0.0959999999999999,22.64,9.23,19.23,28.46,24.29,21.43,264.0,0.286,52.0,19.7,22.0,8.33,0.714,0.08300000000000002,23.68,11.28,17.02,28.3,31.19,18.48,316.0,0.26,69.0,21.84,11.0,3.48,0.7649999999999999,0.2129999999999999,25.65,12.57,18.31,30.88,35.87,20.66
745566,2024-06-23,2024,606466,R,650911,L,field_out,False,False,116.0,0.324,17.0,14.66,9.0,7.76,1.1019999999999999,0.38999999999999996,23.11,12.44,10.41,22.84,35.9,17.0,199.0,0.313,24.0,12.06,17.0,8.54,0.879,0.184,19.78,9.92,12.91,22.83,31.78,12.7,264.0,0.286,52.0,19.7,22.0,8.33,0.714,0.08300000000000002,23.68,11.28,17.02,28.3,31.19,18.48,316.0,0.26,69.0,21.84,11.0,3.48,0.7649999999999999,0.2129999999999999,25.65,12.57,18.31,30.88,35.87,20.66
745566,2024-06-23,2024,656941,L,677944,R,field_out,False,False,207.0,0.194,60.0,28.99,35.0,16.91,0.7390000000000001,0.21200000000000002,32.66,13.09,16.11,29.2,21.89,23.41,469.0,0.201,128.0,27.29,85.0,18.12,0.848,0.296,31.18,11.75,19.66,31.41,21.53,23.1,114.0,0.276,16.0,14.04,5.0,4.39,0.7949999999999999,0.19999999999999996,17.31,8.76,15.09,23.84,25.4,13.68,56.0,0.245,8.0,14.29,2.0,3.57,0.74,0.2269999999999999,14.55,7.77,12.14,19.9,24.21,13.79
745566,2024-06-23,2024,607208,R,677944,R,single,False,False,100.0,0.34,15.0,15.0,5.0,5.0,0.837,0.11699999999999999,20.11,10.06,14.8,24.86,27.53,15.46,485.0,0.282,109.0,22.47,29.0,5.98,0.8029999999999999,0.19,28.9,15.6,12.67,28.27,36.06,17.81,94.0,0.247,23.0,24.47,4.0,4.26,0.8380000000000001,0.30400000000000005,18.12,7.9,21.53,29.43,18.0,19.83,55.0,0.275,12.0,21.82,2.0,3.64,0.798,0.1959999999999999,22.83,9.91,17.92,27.83,16.35,19.05
745566,2024-06-23,2024,547180,L,677944,R,field_out,False,False,192.0,0.296,35.0,18.23,29.0,15.1,0.9630000000000001,0.26600000000000007,27.76,13.5,9.5,23.0,32.27,18.62,375.0,0.295,80.0,21.33,60.0,16.0,0.907,0.199,31.39,15.65,8.66,24.31,32.27,20.0,114.0,0.276,16.0,14.04,5.0,4.39,0.7949999999999999,0.19999999999999996,17.31,8.76,15.09,23.84,25.4,13.68,56.0,0.245,8.0,14.29,2.0,3.57,0.74,0.2269999999999999,14.55,7.77,12.14,19.9,24.21,13.79
745566,2024-06-23,2024,664761,R,677944,R,single,False,False,217.0,0.323,33.0,15.21,16.0,7.37,0.885,0.182,19.94,9.39,15.48,24.87,24.79,16.93,445.0,0.263,68.0,15.28,34.0,7.64,0.7010000000000001,0.1139999999999999,17.17,8.27,16.06,24.33,28.14,13.48,94.0,0.247,23.0,24.47,4.0,4.26,0.8380000000000001,0.30400000000000005,18.12,7.9,21.53,29.43,18.0,19.83,55.0,0.275,12.0,21.82,2.0,3.64,0.798,0.1959999999999999,22.83,9.91,17.92,27.83,16.35,19.05
745566,2024-06-23,2024,592206,R,677944,R,field_out,False,False,231.0,0.222,47.0,20.35,16.0,6.93,0.644,0.141,32.11,18.96,10.05,29.01,39.6,20.26,485.0,0.252,140.0,28.87,25.0,5.15,0.733,0.192,37.06,20.57,11.78,32.36,40.41,25.27,94.0,0.247,23.0,24.47,4.0,4.26,0.8380000000000001,0.30400000000000005,18.12,7.9,21.53,29.43,18.0,19.83,55.0,0.275,12.0,21.82,2.0,3.64,0.798,0.1959999999999999,22.83,9.91,17.92,27.83,16.35,19.05
745566,2024-06-23,2024,677942,R,650911,L,single,False,False,73.0,0.328,22.0,30.14,7.0,9.59,0.903,0.172,27.74,14.24,11.92,26.16,25.0,20.18,,,,,,,,,,,,,,,264.0,0.286,52.0,19.7,22.0,8.33,0.714,0.08300000000000002,23.68,11.28,17.02,28.3,31.19,18.48,316.0,0.26,69.0,21.84,11.0,3.48,0.7649999999999999,0.2129999999999999,25.65,12.57,18.31,30.88,35.87,20.66
745566,2024-06-23,2024,666971,R,650911,L,grounded_into_double_play,False,False,86.0,0.337,16.0,18.6,3.0,3.49,0.902,0.20500000000000002,20.11,10.2,17.2,27.41,38.2,14.04,160.0,0.301,18.0,11.25,12.0,7.5,0.8140000000000001,0.151,14.39,6.67,17.26,23.93,28.33,12.16,264.0,0.286,52.0,19.7,22.0,8.33,0.714,0.08300000000000002,23.68,11.28,17.02,28.3,31.19,18.48,316.0,0.26,69.0,21.84,11.0,3.48,0.7649999999999999,0.2129999999999999,25.65,12.57,18.31,30.88,35.87,20.66
745566,2024-06-23,2024,572233,R,650911,L,field_out,False,False,87.0,0.266,27.0,31.03,7.0,8.05,0.74,0.15199999999999997,28.49,13.39,16.27,29.66,23.66,19.42,168.0,0.255,32.0,19.05,20.0,11.9,0.922,0.3189999999999999,27.22,12.57,12.85,25.42,24.16,14.55,264.0,0.286,52.0,19.7,22.0,8.33,0.714,0.08300000000000002,23.68,11.28,17.02,28.3,31.19,18.48,316.0,0.26,69.0,21.84,11.0,3.48,0.7649999999999999,0.2129999999999999,25.65,12.57,18.31,30.88,35.87,20.66
745566,2024-06-23,2024,681082,L,676714,L,strikeout,True,False,73.0,0.238,15.0,20.55,9.0,12.33,0.659,0.07900000000000001,15.74,5.88,25.26,31.14,18.46,18.75,167.0,0.282,24.0,14.37,13.0,7.78,0.73,0.101,17.59,7.8,22.11,29.91,32.56,10.39,20.0,0.222,5.0,25.0,1.0,5.0,0.522,0.0,26.47,12.0,16.0,28.0,34.21,23.81,30.0,0.231,10.0,33.33,4.0,13.33,0.5640000000000001,0.0,43.14,18.97,13.79,32.76,23.44,29.41
745566,2024-06-23,2024,669016,L,676714,L,single,False,False,46.0,0.128,21.0,45.65,5.0,10.87,0.371,0.025999999999999995,28.99,10.0,24.5,34.5,16.67,34.43,110.0,0.229,43.0,39.09,12.0,10.91,0.7170000000000001,0.167,36.21,13.64,24.46,38.1,25.0,31.62,20.0,0.222,5.0,25.0,1.0,5.0,0.522,0.0,26.47,12.0,16.0,28.0,34.21,23.81,30.0,0.231,10.0,33.33,4.0,13.33,0.5640000000000001,0.0,43.14,18.97,13.79,32.76,23.44,29.41
745566,2024-06-23,2024,621311,L,676714,L,strikeout,True,False,4.0,0.0,1.0,25.0,0.0,0.0,0.0,0.0,30.0,15.79,15.79,31.58,25.0,14.29,,,,,,,,,,,,,,,20.0,0.222,5.0,25.0,1.0,5.0,0.522,0.0,26.47,12.0,16.0,28.0,34.21,23.81,30.0,0.231,10.0,33.33,4.0,13.33,0.5640000000000001,0.0,43.14,18.97,13.79,32.76,23.44,29.41
745566,2024-06-23,2024,596117,L,676714,L,field_out,False,False,26.0,0.13,8.0,30.77,3.0,11.54,0.361,0.0,23.26,10.0,21.0,31.0,22.92,20.51,31.0,0.241,7.0,22.58,2.0,6.45,0.5660000000000001,0.035,18.03,8.59,17.97,26.56,28.57,16.67,20.0,0.222,5.0,25.0,1.0,5.0,0.522,0.0,26.47,12.0,16.0,28.0,34.21,23.81,30.0,0.231,10.0,33.33,4.0,13.33,0.5640000000000001,0.0,43.14,18.97,13.79,32.76,23.44,29.41
745566,2024-06-23,2024,545341,R,650911,L,field_out,False,False,83.0,0.315,10.0,12.05,6.0,7.23,0.839,0.15100000000000002,19.01,9.06,15.44,24.5,27.15,14.29,134.0,0.328,17.0,12.69,12.0,8.96,0.995,0.2789999999999999,21.25,10.26,14.29,24.55,32.84,12.78,264.0,0.286,52.0,19.7,22.0,8.33,0.714,0.08300000000000002,23.68,11.28,17.02,28.3,31.19,18.48,316.0,0.26,69.0,21.84,11.0,3.48,0.7649999999999999,0.2129999999999999,25.65,12.57,18.31,30.88,35.87,20.66
745566,2024-06-23,2024,664983,L,650911,L,field_out,False,False,38.0,0.441,7.0,18.42,4.0,10.53,0.971,0.02999999999999997,18.31,8.07,22.98,31.06,26.03,11.32,82.0,0.206,11.0,13.41,9.0,10.98,0.649,0.118,24.22,10.62,16.1,26.71,27.5,14.67,61.0,0.207,14.0,22.95,2.0,3.28,0.474,0.034,22.13,11.79,17.47,29.26,43.24,19.44,80.0,0.133,27.0,33.75,5.0,6.25,0.401,0.0799999999999999,29.77,13.4,23.37,36.77,30.3,33.75
745566,2024-06-23,2024,553993,R,650911,L,strikeout,True,False,82.0,0.2,27.0,32.93,9.0,10.98,0.55,0.056999999999999995,30.14,12.75,18.84,31.59,22.81,26.47,158.0,0.252,53.0,33.54,22.0,13.92,0.743,0.13,34.48,14.75,15.49,30.24,22.05,25.0,264.0,0.286,52.0,19.7,22.0,8.33,0.714,0.08300000000000002,23.68,11.28,17.02,28.3,31.19,18.48,316.0,0.26,69.0,21.84,11.0,3.48,0.7649999999999999,0.2129999999999999,25.65,12.57,18.31,30.88,35.87,20.66
745566,2024-06-23,2024,656941,L,676714,L,strikeout,True,False,136.0,0.351,34.0,25.0,21.0,15.44,1.0170000000000001,0.21000000000000008,32.84,12.27,21.25,33.52,18.08,24.64,253.0,0.188,87.0,34.39,41.0,16.21,0.758,0.242,32.04,11.82,21.04,32.86,21.61,24.51,20.0,0.222,5.0,25.0,1.0,5.0,0.522,0.0,26.47,12.0,16.0,28.0,34.21,23.81,30.0,0.231,10.0,33.33,4.0,13.33,0.5640000000000001,0.0,43.14,18.97,13.79,32.76,23.44,29.41
745566,2024-06-23,2024,607208,R,679885,R,field_error,False,False,100.0,0.34,15.0,15.0,5.0,5.0,0.837,0.11699999999999999,20.11,10.06,14.8,24.86,27.53,15.46,485.0,0.282,109.0,22.47,29.0,5.98,0.8029999999999999,0.19,28.9,15.6,12.67,28.27,36.06,17.81,66.0,0.246,17.0,25.76,9.0,13.64,0.594,0.0,37.82,16.79,19.03,35.82,30.53,20.24,32.0,0.192,9.0,28.12,4.0,12.5,0.6519999999999999,0.1159999999999999,36.73,14.75,17.21,31.97,22.73,33.33
745566,2024-06-23,2024,547180,L,679885,R,single,False,False,192.0,0.296,35.0,18.23,29.0,15.1,0.9630000000000001,0.26600000000000007,27.76,13.5,9.5,23.0,32.27,18.62,375.0,0.295,80.0,21.33,60.0,16.0,0.907,0.199,31.39,15.65,8.66,24.31,32.27,20.0,44.0,0.132,13.0,29.55,5.0,11.36,0.391,0.025999999999999995,30.12,13.81,17.13,30.94,27.17,22.41,25.0,0.444,5.0,20.0,7.0,28.0,1.4329999999999998,0.3889999999999999,28.89,11.02,13.56,24.58,32.39,14.71
745566,2024-06-23,2024,664761,R,679885,R,grounded_into_double_play,False,False,217.0,0.323,33.0,15.21,16.0,7.37,0.885,0.182,19.94,9.39,15.48,24.87,24.79,16.93,445.0,0.263,68.0,15.28,34.0,7.64,0.7010000000000001,0.1139999999999999,17.17,8.27,16.06,24.33,28.14,13.48,66.0,0.246,17.0,25.76,9.0,13.64,0.594,0.0,37.82,16.79,19.03,35.82,30.53,20.24,32.0,0.192,9.0,28.12,4.0,12.5,0.6519999999999999,0.1159999999999999,36.73,14.75,17.21,31.97,22.73,33.33
745566,2024-06-23,2024,621028,R,650911,L,field_out,False,False,63.0,0.311,6.0,9.52,2.0,3.17,0.792,0.14800000000000002,10.34,5.48,16.44,21.92,31.37,10.34,110.0,0.278,16.0,14.55,10.0,9.09,0.813,0.186,14.21,6.42,19.26,25.68,27.4,13.79,264.0,0.286,52.0,19.7,22.0,8.33,0.714,0.08300000000000002,23.68,11.28,17.02,28.3,31.19,18.48,316.0,0.26,69.0,21.84,11.0,3.48,0.7649999999999999,0.2129999999999999,25.65,12.57,18.31,30.88,35.87,20.66
745566,2024-06-23,2024,645444,R,650911,L,field_out,False,False,,,,,,,,,,,,,,,27.0,0.19,9.0,33.33,3.0,11.11,0.578,0.0959999999999999,22.64,9.23,19.23,28.46,24.29,21.43,264.0,0.286,52.0,19.7,22.0,8.33,0.714,0.08300000000000002,23.68,11.28,17.02,28.3,31.19,18.48,316.0,0.26,69.0,21.84,11.0,3.48,0.7649999999999999,0.2129999999999999,25.65,12.57,18.31,30.88,35.87,20.66
745566,2024-06-23,2024,606466,R,650911,L,field_out,False,False,116.0,0.324,17.0,14.66,9.0,7.76,1.1019999999999999,0.38999999999999996,23.11,12.44,10.41,22.84,35.9,17.0,199.0,0.313,24.0,12.06,17.0,8.54,0.879,0.184,19.78,9.92,12.91,22.83,31.78,12.7,264.0,0.286,52.0,19.7,22.0,8.33,0.714,0.08300000000000002,23.68,11.28,17.02,28.3,31.19,18.48,316.0,0.26,69.0,21.84,11.0,3.48,0.7649999999999999,0.2129999999999999,25.65,12.57,18.31,30.88,35.87,20.66
745566,2024-06-23,2024,592206,R,679885,R,field_out,False,False,231.0,0.222,47.0,20.35,16.0,6.93,0.644,0.141,32.11,18.96,10.05,29.01,39.6,20.26,485.0,0.252,140.0,28.87,25.0,5.15,0.733,0.192,37.06,20.57,11.78,32.36,40.41,25.27,66.0,0.246,17.0,25.76,9.0,13.64,0.594,0.0,37.82,16.79,19.03,35.82,30.53,20.24,32.0,0.192,9.0,28.12,4.0,12.5,0.6519999999999999,0.1159999999999999,36.73,14.75,17.21,31.97,22.73,33.33
745566,2024-06-23,2024,681082,L,679885,R,walk,False,True,204.0,0.237,29.0,14.22,24.0,11.76,0.704,0.139,16.52,7.1,22.15,29.25,27.39,12.45,474.0,0.28,76.0,16.03,26.0,5.49,0.753,0.1509999999999999,14.49,6.52,22.08,28.6,28.42,11.93,44.0,0.132,13.0,29.55,5.0,11.36,0.391,0.025999999999999995,30.12,13.81,17.13,30.94,27.17,22.41,25.0,0.444,5.0,20.0,7.0,28.0,1.4329999999999998,0.3889999999999999,28.89,11.02,13.56,24.58,32.39,14.71
745566,2024-06-23,2024,669016,L,679885,R,walk,False,True,162.0,0.296,42.0,25.93,18.0,11.11,0.852,0.183,22.97,9.12,18.79,27.91,22.92,19.09,363.0,0.292,101.0,27.82,47.0,12.95,0.864,0.185,25.19,10.97,17.37,28.35,25.74,21.31,44.0,0.132,13.0,29.55,5.0,11.36,0.391,0.025999999999999995,30.12,13.81,17.13,30.94,27.17,22.41,25.0,0.444,5.0,20.0,7.0,28.0,1.4329999999999998,0.3889999999999999,28.89,11.02,13.56,24.58,32.39,14.71
745566,2024-06-23,2024,621311,L,679885,R,single,False,False,33.0,0.226,6.0,18.18,2.0,6.06,0.854,0.355,21.13,11.36,10.61,21.97,36.84,11.76,9.0,0.111,2.0,22.22,0.0,0.0,0.555,0.333,25.0,12.9,16.13,29.03,33.33,33.33,44.0,0.132,13.0,29.55,5.0,11.36,0.391,0.025999999999999995,30.12,13.81,17.13,30.94,27.17,22.41,25.0,0.444,5.0,20.0,7.0,28.0,1.4329999999999998,0.3889999999999999,28.89,11.02,13.56,24.58,32.39,14.71
745566,2024-06-23,2024,596117,L,573009,L,single,False,False,26.0,0.13,8.0,30.77,3.0,11.54,0.361,0.0,23.26,10.0,21.0,31.0,22.92,20.51,31.0,0.241,7.0,22.58,2.0,6.45,0.5660000000000001,0.035,18.03,8.59,17.97,26.56,28.57,16.67,54.0,0.212,12.0,22.22,2.0,3.7,0.5680000000000001,0.11500000000000002,23.71,12.3,18.72,31.02,41.3,21.05,67.0,0.185,15.0,22.39,2.0,2.99,0.44,0.046,26.02,12.75,19.52,32.27,37.1,20.0
745566,2024-06-23,2024,656941,L,573009,L,force_out,False,False,136.0,0.351,34.0,25.0,21.0,15.44,1.0170000000000001,0.21000000000000008,32.84,12.27,21.25,33.52,18.08,24.64,253.0,0.188,87.0,34.39,41.0,16.21,0.758,0.242,32.04,11.82,21.04,32.86,21.61,24.51,54.0,0.212,12.0,22.22,2.0,3.7,0.5680000000000001,0.11500000000000002,23.71,12.3,18.72,31.02,41.3,21.05,67.0,0.185,15.0,22.39,2.0,2.99,0.44,0.046,26.02,12.75,19.52,32.27,37.1,20.0
745566,2024-06-23,2024,607208,R,573009,L,force_out,False,False,68.0,0.344,14.0,20.59,5.0,7.35,0.878,0.131,23.84,12.81,10.32,23.13,28.87,15.05,209.0,0.229,41.0,19.62,16.0,7.66,0.721,0.1969999999999999,31.2,15.84,12.09,27.93,33.41,17.98,60.0,0.245,12.0,20.0,7.0,11.67,0.6910000000000001,0.11299999999999999,31.09,15.74,11.91,27.66,36.0,17.91,90.0,0.277,13.0,14.44,7.0,7.78,0.875,0.265,21.12,10.49,15.43,25.93,33.13,16.25
745566,2024-06-23,2024,677942,R,650911,L,field_out,False,False,73.0,0.328,22.0,30.14,7.0,9.59,0.903,0.172,27.74,14.24,11.92,26.16,25.0,20.18,,,,,,,,,,,,,,,264.0,0.286,52.0,19.7,22.0,8.33,0.714,0.08300000000000002,23.68,11.28,17.02,28.3,31.19,18.48,316.0,0.26,69.0,21.84,11.0,3.48,0.7649999999999999,0.2129999999999999,25.65,12.57,18.31,30.88,35.87,20.66
745566,2024-06-23,2024,666971,R,650911,L,field_out,False,False,86.0,0.337,16.0,18.6,3.0,3.49,0.902,0.20500000000000002,20.11,10.2,17.2,27.41,38.2,14.04,160.0,0.301,18.0,11.25,12.0,7.5,0.8140000000000001,0.151,14.39,6.67,17.26,23.93,28.33,12.16,264.0,0.286,52.0,19.7,22.0,8.33,0.714,0.08300000000000002,23.68,11.28,17.02,28.3,31.19,18.48,316.0,0.26,69.0,21.84,11.0,3.48,0.7649999999999999,0.2129999999999999,25.65,12.57,18.31,30.88,35.87,20.66
745566,2024-06-23,2024,572233,R,650911,L,field_out,False,False,87.0,0.266,27.0,31.03,7.0,8.05,0.74,0.15199999999999997,28.49,13.39,16.27,29.66,23.66,19.42,168.0,0.255,32.0,19.05,20.0,11.9,0.922,0.3189999999999999,27.22,12.57,12.85,25.42,24.16,14.55,264.0,0.286,52.0,19.7,22.0,8.33,0.714,0.08300000000000002,23.68,11.28,17.02,28.3,31.19,18.48,316.0,0.26,69.0,21.84,11.0,3.48,0.7649999999999999,0.2129999999999999,25.65,12.57,18.31,30.88,35.87,20.66
745566,2024-06-23,2024,547180,L,573009,L,double,False,False,121.0,0.291,32.0,26.45,17.0,14.05,0.932,0.25300000000000006,30.36,15.27,11.41,26.68,33.08,22.38,171.0,0.289,39.0,22.81,20.0,11.7,0.884,0.221,38.61,20.03,9.85,29.89,35.59,22.41,54.0,0.212,12.0,22.22,2.0,3.7,0.5680000000000001,0.11500000000000002,23.71,12.3,18.72,31.02,41.3,21.05,67.0,0.185,15.0,22.39,2.0,2.99,0.44,0.046,26.02,12.75,19.52,32.27,37.1,20.0
745566,2024-06-23,2024,664761,R,686826,R,hit_by_pitch,False,False,217.0,0.323,33.0,15.21,16.0,7.37,0.885,0.182,19.94,9.39,15.48,24.87,24.79,16.93,445.0,0.263,68.0,15.28,34.0,7.64,0.7010000000000001,0.1139999999999999,17.17,8.27,16.06,24.33,28.14,13.48,114.0,0.238,20.0,17.54,12.0,10.53,0.7310000000000001,0.16800000000000004,24.88,11.87,16.89,28.77,28.37,16.26,55.0,0.151,11.0,20.0,2.0,3.64,0.484,0.151,22.22,10.05,15.98,26.03,30.25,18.03
745566,2024-06-23,2024,592206,R,686826,R,field_out,False,False,231.0,0.222,47.0,20.35,16.0,6.93,0.644,0.141,32.11,18.96,10.05,29.01,39.6,20.26,485.0,0.252,140.0,28.87,25.0,5.15,0.733,0.192,37.06,20.57,11.78,32.36,40.41,25.27,114.0,0.238,20.0,17.54,12.0,10.53,0.7310000000000001,0.16800000000000004,24.88,11.87,16.89,28.77,28.37,16.26,55.0,0.151,11.0,20.0,2.0,3.64,0.484,0.151,22.22,10.05,15.98,26.03,30.25,18.03
745566,2024-06-23,2024,681082,L,686826,R,single,False,False,204.0,0.237,29.0,14.22,24.0,11.76,0.704,0.139,16.52,7.1,22.15,29.25,27.39,12.45,474.0,0.28,76.0,16.03,26.0,5.49,0.753,0.1509999999999999,14.49,6.52,22.08,28.6,28.42,11.93,69.0,0.255,9.0,13.04,13.0,18.84,0.77,0.10899999999999999,20.59,9.27,11.59,20.86,24.32,8.82,37.0,0.207,1.0,2.7,7.0,18.92,0.661,0.103,11.67,4.64,13.91,18.54,9.76,2.56
745566,2024-06-23,2024,669016,L,686826,R,field_out,False,False,162.0,0.296,42.0,25.93,18.0,11.11,0.852,0.183,22.97,9.12,18.79,27.91,22.92,19.09,363.0,0.292,101.0,27.82,47.0,12.95,0.864,0.185,25.19,10.97,17.37,28.35,25.74,21.31,69.0,0.255,9.0,13.04,13.0,18.84,0.77,0.10899999999999999,20.59,9.27,11.59,20.86,24.32,8.82,37.0,0.207,1.0,2.7,7.0,18.92,0.661,0.103,11.67,4.64,13.91,18.54,9.76,2.56
745566,2024-06-23,2024,621311,L,686826,R,field_out,False,False,33.0,0.226,6.0,18.18,2.0,6.06,0.854,0.355,21.13,11.36,10.61,21.97,36.84,11.76,9.0,0.111,2.0,22.22,0.0,0.0,0.555,0.333,25.0,12.9,16.13,29.03,33.33,33.33,69.0,0.255,9.0,13.04,13.0,18.84,0.77,0.10899999999999999,20.59,9.27,11.59,20.86,24.32,8.82,37.0,0.207,1.0,2.7,7.0,18.92,0.661,0.103,11.67,4.64,13.91,18.54,9.76,2.56
745566,2024-06-23,2024,545341,R,621237,L,strikeout,True,False,83.0,0.315,10.0,12.05,6.0,7.23,0.839,0.15100000000000002,19.01,9.06,15.44,24.5,27.15,14.29,134.0,0.328,17.0,12.69,12.0,8.96,0.995,0.2789999999999999,21.25,10.26,14.29,24.55,32.84,12.78,86.0,0.227,24.0,27.91,9.0,10.47,0.634,0.093,25.0,11.67,14.85,26.53,29.41,19.2,126.0,0.187,51.0,40.48,18.0,14.29,0.612,0.121,38.81,19.34,13.24,32.58,30.61,23.83
745566,2024-06-23,2024,664983,L,621237,L,field_out,False,False,38.0,0.441,7.0,18.42,4.0,10.53,0.971,0.02999999999999997,18.31,8.07,22.98,31.06,26.03,11.32,82.0,0.206,11.0,13.41,9.0,10.98,0.649,0.118,24.22,10.62,16.1,26.71,27.5,14.67,39.0,0.111,9.0,23.08,3.0,7.69,0.318,0.02800000000000001,23.61,12.06,19.15,31.21,36.67,20.0,47.0,0.217,13.0,27.66,0.0,0.0,0.521,0.087,14.81,7.02,22.81,29.82,36.84,27.66
745566,2024-06-23,2024,553993,R,621237,L,strikeout,True,False,82.0,0.2,27.0,32.93,9.0,10.98,0.55,0.056999999999999995,30.14,12.75,18.84,31.59,22.81,26.47,158.0,0.252,53.0,33.54,22.0,13.92,0.743,0.13,34.48,14.75,15.49,30.24,22.05,25.0,86.0,0.227,24.0,27.91,9.0,10.47,0.634,0.093,25.0,11.67,14.85,26.53,29.41,19.2,126.0,0.187,51.0,40.48,18.0,14.29,0.612,0.121,38.81,19.34,13.24,32.58,30.61,23.83
745566,2024-06-23,2024,596117,L,686826,R,field_out,False,False,52.0,0.208,15.0,28.85,4.0,7.69,0.498,0.02100000000000002,28.72,14.21,21.05,35.26,35.56,26.32,94.0,0.19,22.0,23.4,7.0,7.45,0.5549999999999999,0.0959999999999999,24.71,11.35,19.19,30.54,31.94,18.8,69.0,0.255,9.0,13.04,13.0,18.84,0.77,0.10899999999999999,20.59,9.27,11.59,20.86,24.32,8.82,37.0,0.207,1.0,2.7,7.0,18.92,0.661,0.103,11.67,4.64,13.91,18.54,9.76,2.56
745566,2024-06-23,2024,656941,L,686826,R,field_out,False,False,207.0,0.194,60.0,28.99,35.0,16.91,0.7390000000000001,0.21200000000000002,32.66,13.09,16.11,29.2,21.89,23.41,469.0,0.201,128.0,27.29,85.0,18.12,0.848,0.296,31.18,11.75,19.66,31.41,21.53,23.1,69.0,0.255,9.0,13.04,13.0,18.84,0.77,0.10899999999999999,20.59,9.27,11.59,20.86,24.32,8.82,37.0,0.207,1.0,2.7,7.0,18.92,0.661,0.103,11.67,4.64,13.91,18.54,9.76,2.56
745566,2024-06-23,2024,607208,R,686826,R,field_out,False,False,100.0,0.34,15.0,15.0,5.0,5.0,0.837,0.11699999999999999,20.11,10.06,14.8,24.86,27.53,15.46,485.0,0.282,109.0,22.47,29.0,5.98,0.8029999999999999,0.19,28.9,15.6,12.67,28.27,36.06,17.81,114.0,0.238,20.0,17.54,12.0,10.53,0.7310000000000001,0.16800000000000004,24.88,11.87,16.89,28.77,28.37,16.26,55.0,0.151,11.0,20.0,2.0,3.64,0.484,0.151,22.22,10.05,15.98,26.03,30.25,18.03
745566,2024-06-23,2024,672695,L,656546,R,double,False,False,45.0,0.282,6.0,13.33,4.0,8.89,0.7110000000000001,0.051000000000000045,12.66,5.38,23.66,29.03,25.29,9.52,424.0,0.246,80.0,18.87,60.0,14.15,0.736,0.128,15.84,6.08,21.64,27.72,16.63,14.68,51.0,0.188,18.0,35.29,2.0,3.92,0.589,0.16599999999999998,32.04,17.74,14.52,32.26,43.02,31.03,80.0,0.221,26.0,32.5,9.0,11.25,0.63,0.088,34.86,17.48,12.61,30.09,33.51,21.31
745566,2024-06-23,2024,682998,L,656546,R,field_out,False,False,223.0,0.219,38.0,17.04,29.0,13.0,0.656,0.11400000000000002,19.94,8.53,16.47,25.0,24.3,18.81,472.0,0.286,105.0,22.25,46.0,9.75,0.921,0.266,22.34,10.24,16.27,26.51,28.83,21.92,51.0,0.188,18.0,35.29,2.0,3.92,0.589,0.16599999999999998,32.04,17.74,14.52,32.26,43.02,31.03,80.0,0.221,26.0,32.5,9.0,11.25,0.63,0.088,34.86,17.48,12.61,30.09,33.51,21.31
745566,2024-06-23,2024,606466,L,656546,R,single,False,False,214.0,0.251,47.0,21.96,19.0,8.88,0.6930000000000001,0.129,24.22,11.4,14.58,25.98,24.26,19.66,452.0,0.259,85.0,18.81,54.0,11.95,0.827,0.2199999999999999,20.87,9.03,16.76,25.8,21.17,17.28,51.0,0.188,18.0,35.29,2.0,3.92,0.589,0.16599999999999998,32.04,17.74,14.52,32.26,43.02,31.03,80.0,0.221,26.0,32.5,9.0,11.25,0.63,0.088,34.86,17.48,12.61,30.09,33.51,21.31
745566,2024-06-23,2024,592626,L,656546,R,strikeout,True,False,208.0,0.301,50.0,24.04,23.0,11.06,0.912,0.21900000000000003,23.8,10.92,17.19,28.11,29.08,20.58,373.0,0.241,74.0,19.84,49.0,13.14,0.786,0.194,24.13,10.89,15.07,25.96,29.36,16.09,51.0,0.188,18.0,35.29,2.0,3.92,0.589,0.16599999999999998,32.04,17.74,14.52,32.26,43.02,31.03,80.0,0.221,26.0,32.5,9.0,11.25,0.63,0.088,34.86,17.48,12.61,30.09,33.51,21.31
745566,2024-06-23,2024,666971,R,656546,R,single,False,False,213.0,0.228,43.0,20.19,9.0,4.23,0.619,0.12299999999999997,21.13,10.66,16.11,26.77,32.35,18.07,433.0,0.247,85.0,19.63,21.0,4.85,0.756,0.22,20.07,9.99,16.64,26.63,31.06,17.82,72.0,0.172,23.0,31.94,6.0,8.33,0.442,0.031000000000000028,36.62,18.51,14.23,32.74,30.22,25.56,129.0,0.122,43.0,33.33,10.0,7.75,0.423,0.104,34.44,17.65,14.42,32.07,34.34,24.57
745566,2024-06-23,2024,572233,R,656546,R,field_out,False,False,244.0,0.251,58.0,23.77,25.0,10.25,0.8380000000000001,0.251,26.46,12.83,12.93,25.76,25.37,17.74,497.0,0.259,95.0,19.11,42.0,8.45,0.8009999999999999,0.2129999999999999,26.19,12.83,14.15,26.98,26.84,15.33,72.0,0.172,23.0,31.94,6.0,8.33,0.442,0.031000000000000028,36.62,18.51,14.23,32.74,30.22,25.56,129.0,0.122,43.0,33.33,10.0,7.75,0.423,0.104,34.44,17.65,14.42,32.07,34.34,24.57
746536,2024-06-23,2024,682928,L,607536,L,strikeout,True,False,87.0,0.325,18.0,20.69,3.0,3.45,0.91,0.22900000000000004,26.01,14.11,15.05,29.15,38.36,17.65,170.0,0.166,40.0,23.53,8.0,4.71,0.512,0.106,24.68,12.36,17.24,29.59,32.89,21.74,12.0,0.455,1.0,8.33,1.0,8.33,1.045,0.09000000000000002,20.0,10.53,18.42,28.95,44.44,14.29,148.0,0.257,27.0,18.24,8.0,5.41,0.663,0.1109999999999999,20.38,10.29,15.43,25.71,26.03,20.0
746536,2024-06-23,2024,657041,R,607536,L,field_out,False,False,61.0,0.321,8.0,13.11,5.0,8.2,0.93,0.22600000000000003,16.67,7.17,18.33,25.5,21.97,10.13,192.0,0.331,33.0,17.19,13.0,6.77,0.948,0.2419999999999999,14.83,6.49,18.37,24.86,23.4,17.65,76.0,0.409,8.0,10.53,7.0,9.21,1.088,0.21200000000000002,15.45,6.91,15.64,22.55,23.08,12.9,531.0,0.311,67.0,12.62,34.0,6.4,0.9,0.234,16.41,8.34,14.41,22.76,29.8,12.85
746536,2024-06-23,2024,545121,R,607536,L,field_out,False,False,60.0,0.327,9.0,15.0,4.0,6.67,0.819,0.10899999999999999,17.35,7.8,17.89,25.69,29.2,15.79,108.0,0.291,9.0,8.33,4.0,3.7,0.8,0.185,11.41,5.43,19.64,25.06,34.21,8.49,76.0,0.409,8.0,10.53,7.0,9.21,1.088,0.21200000000000002,15.45,6.91,15.64,22.55,23.08,12.9,531.0,0.311,67.0,12.62,34.0,6.4,0.9,0.234,16.41,8.34,14.41,22.76,29.8,12.85
746536,2024-06-23,2024,686668,R,663623,R,single,False,False,231.0,0.268,64.0,27.71,19.0,8.23,0.739,0.14199999999999996,30.0,14.84,15.68,30.52,29.21,26.56,299.0,0.207,98.0,32.78,17.0,5.69,0.597,0.131,34.17,17.56,14.33,31.89,31.96,31.51,155.0,0.207,35.0,22.58,4.0,2.58,0.579,0.13999999999999999,21.16,10.1,19.22,29.32,28.36,17.53,244.0,0.233,51.0,20.9,24.0,9.84,0.6719999999999999,0.1189999999999999,19.25,7.79,20.22,28.01,20.24,17.11
746536,2024-06-23,2024,678662,R,663623,R,strikeout,True,False,241.0,0.289,62.0,25.73,6.0,2.49,0.794,0.193,33.27,21.13,9.53,30.65,47.03,21.83,438.0,0.256,109.0,24.89,17.0,3.88,0.69,0.143,29.47,17.51,10.44,27.95,41.11,20.49,155.0,0.207,35.0,22.58,4.0,2.58,0.579,0.13999999999999999,21.16,10.1,19.22,29.32,28.36,17.53,244.0,0.233,51.0,20.9,24.0,9.84,0.6719999999999999,0.1189999999999999,19.25,7.79,20.22,28.01,20.24,17.11
746536,2024-06-23,2024,641857,L,663623,R,walk,False,True,225.0,0.258,62.0,27.56,22.0,9.78,0.784,0.197,27.19,13.15,15.48,28.63,27.48,19.62,449.0,0.26,141.0,31.4,52.0,11.58,0.826,0.2209999999999999,31.26,14.84,14.94,29.79,25.26,20.41,191.0,0.267,36.0,18.85,15.0,7.85,0.774,0.175,22.37,10.88,15.86,26.74,25.44,15.58,286.0,0.274,48.0,16.78,30.0,10.49,0.853,0.2219999999999999,16.95,7.84,17.16,25.0,24.68,13.01
746536,2024-06-23,2024,663898,R,663623,R,force_out,False,False,180.0,0.253,46.0,25.56,9.0,5.0,0.63,0.08800000000000002,24.93,12.27,16.36,28.63,25.38,19.66,138.0,0.269,33.0,23.91,5.0,3.62,0.709,0.1389999999999999,27.31,13.83,17.45,31.28,33.92,25.0,155.0,0.207,35.0,22.58,4.0,2.58,0.579,0.13999999999999999,21.16,10.1,19.22,29.32,28.36,17.53,244.0,0.233,51.0,20.9,24.0,9.84,0.6719999999999999,0.1189999999999999,19.25,7.79,20.22,28.01,20.24,17.11
746536,2024-06-23,2024,666134,L,663623,R,field_out,False,False,93.0,0.19,27.0,29.03,13.0,13.98,0.605,0.11399999999999999,28.12,10.69,22.8,33.49,22.38,17.88,294.0,0.289,92.0,31.29,41.0,13.95,0.945,0.261,33.58,14.12,18.56,32.68,25.97,22.72,191.0,0.267,36.0,18.85,15.0,7.85,0.774,0.175,22.37,10.88,15.86,26.74,25.44,15.58,286.0,0.274,48.0,16.78,30.0,10.49,0.853,0.2219999999999999,16.95,7.84,17.16,25.0,24.68,13.01
746536,2024-06-23,2024,608841,R,607536,L,field_out,False,False,81.0,0.167,20.0,24.69,6.0,7.41,0.471,0.06899999999999998,25.66,13.04,15.72,28.76,38.96,22.22,188.0,0.291,33.0,17.55,10.0,5.32,0.771,0.143,23.12,11.37,16.16,27.53,33.86,14.29,76.0,0.409,8.0,10.53,7.0,9.21,1.088,0.21200000000000002,15.45,6.91,15.64,22.55,23.08,12.9,531.0,0.311,67.0,12.62,34.0,6.4,0.9,0.234,16.41,8.34,14.41,22.76,29.8,12.85
746536,2024-06-23,2024,669222,R,607536,L,field_out,False,False,54.0,0.239,8.0,14.81,8.0,14.81,0.852,0.261,17.02,7.51,17.37,24.88,25.71,12.31,126.0,0.347,23.0,18.25,8.0,6.35,1.008,0.272,15.6,7.66,16.89,24.55,26.51,19.66,76.0,0.409,8.0,10.53,7.0,9.21,1.088,0.21200000000000002,15.45,6.91,15.64,22.55,23.08,12.9,531.0,0.311,67.0,12.62,34.0,6.4,0.9,0.234,16.41,8.34,14.41,22.76,29.8,12.85
746536,2024-06-23,2024,660688,R,607536,L,walk,False,True,50.0,0.196,7.0,14.0,2.0,4.0,0.5229999999999999,0.08699999999999997,15.79,8.11,19.46,27.57,44.9,13.46,159.0,0.289,10.0,6.29,6.0,3.77,0.73,0.114,12.6,6.29,17.14,23.43,36.59,8.85,76.0,0.409,8.0,10.53,7.0,9.21,1.088,0.21200000000000002,15.45,6.91,15.64,22.55,23.08,12.9,531.0,0.311,67.0,12.62,34.0,6.4,0.9,0.234,16.41,8.34,14.41,22.76,29.8,12.85
746536,2024-06-23,2024,702358,R,607536,L,field_out,False,False,44.0,0.167,7.0,15.91,1.0,2.27,0.395,0.022999999999999993,18.07,8.67,15.03,23.7,20.0,16.67,,,,,,,,,,,,,,,76.0,0.409,8.0,10.53,7.0,9.21,1.088,0.21200000000000002,15.45,6.91,15.64,22.55,23.08,12.9,531.0,0.311,67.0,12.62,34.0,6.4,0.9,0.234,16.41,8.34,14.41,22.76,29.8,12.85
746536,2024-06-23,2024,696100,R,663623,R,field_out,False,False,67.0,0.175,20.0,29.85,3.0,4.48,0.573,0.174,34.48,20.08,10.84,30.92,37.1,26.67,64.0,0.193,18.0,28.12,5.0,7.81,0.583,0.14,38.6,18.26,16.18,34.44,35.56,28.57,155.0,0.207,35.0,22.58,4.0,2.58,0.579,0.13999999999999999,21.16,10.1,19.22,29.32,28.36,17.53,244.0,0.233,51.0,20.9,24.0,9.84,0.6719999999999999,0.1189999999999999,19.25,7.79,20.22,28.01,20.24,17.11
746536,2024-06-23,2024,669911,L,663623,R,home_run,False,False,77.0,0.225,27.0,35.06,4.0,5.19,0.738,0.24000000000000002,30.43,14.63,15.82,30.45,30.6,23.08,104.0,0.189,29.0,27.88,8.0,7.69,0.628,0.179,34.34,17.26,14.21,31.47,29.0,25.0,191.0,0.267,36.0,18.85,15.0,7.85,0.774,0.175,22.37,10.88,15.86,26.74,25.44,15.58,286.0,0.274,48.0,16.78,30.0,10.49,0.853,0.2219999999999999,16.95,7.84,17.16,25.0,24.68,13.01
746536,2024-06-23,2024,595909,L,663623,R,field_out,False,False,123.0,0.282,30.0,24.39,11.0,8.94,0.714,0.09100000000000003,23.17,12.05,14.06,26.1,32.24,17.65,171.0,0.226,44.0,25.73,12.0,7.02,0.663,0.155,26.67,12.9,15.25,28.15,29.13,19.91,191.0,0.267,36.0,18.85,15.0,7.85,0.774,0.175,22.37,10.88,15.86,26.74,25.44,15.58,286.0,0.274,48.0,16.78,30.0,10.49,0.853,0.2219999999999999,16.95,7.84,17.16,25.0,24.68,13.01
746536,2024-06-23,2024,676701,R,663623,R,strikeout,True,False,42.0,0.179,9.0,21.43,1.0,2.38,0.399,0.0,25.61,14.38,13.7,28.08,35.53,19.57,122.0,0.257,24.0,19.67,7.0,5.74,0.6950000000000001,0.132,20.9,11.11,14.38,25.49,35.06,16.55,155.0,0.207,35.0,22.58,4.0,2.58,0.579,0.13999999999999999,21.16,10.1,19.22,29.32,28.36,17.53,244.0,0.233,51.0,20.9,24.0,9.84,0.6719999999999999,0.1189999999999999,19.25,7.79,20.22,28.01,20.24,17.11
746536,2024-06-23,2024,671277,L,607536,L,field_out,False,False,47.0,0.182,11.0,23.4,3.0,6.38,0.461,0.04500000000000001,24.44,11.96,16.85,28.8,35.0,20.0,129.0,0.261,16.0,12.4,4.0,3.1,0.668,0.134,18.96,9.55,16.71,26.25,27.88,16.49,12.0,0.455,1.0,8.33,1.0,8.33,1.045,0.09000000000000002,20.0,10.53,18.42,28.95,44.44,14.29,148.0,0.257,27.0,18.24,8.0,5.41,0.663,0.1109999999999999,20.38,10.29,15.43,25.71,26.03,20.0
746536,2024-06-23,2024,696285,R,607536,L,field_out,False,False,68.0,0.312,12.0,17.65,2.0,2.94,0.759,0.09400000000000003,15.69,6.32,22.92,29.25,21.93,16.9,28.0,0.2,5.0,17.86,3.0,10.71,0.5660000000000001,0.08,20.0,9.24,20.17,29.41,29.63,13.16,76.0,0.409,8.0,10.53,7.0,9.21,1.088,0.21200000000000002,15.45,6.91,15.64,22.55,23.08,12.9,531.0,0.311,67.0,12.62,34.0,6.4,0.9,0.234,16.41,8.34,14.41,22.76,29.8,12.85
746536,2024-06-23,2024,682928,L,607536,L,field_out,False,False,87.0,0.325,18.0,20.69,3.0,3.45,0.91,0.22900000000000004,26.01,14.11,15.05,29.15,38.36,17.65,170.0,0.166,40.0,23.53,8.0,4.71,0.512,0.106,24.68,12.36,17.24,29.59,32.89,21.74,12.0,0.455,1.0,8.33,1.0,8.33,1.045,0.09000000000000002,20.0,10.53,18.42,28.95,44.44,14.29,148.0,0.257,27.0,18.24,8.0,5.41,0.663,0.1109999999999999,20.38,10.29,15.43,25.71,26.03,20.0
746536,2024-06-23,2024,686668,R,663623,R,field_out,False,False,231.0,0.268,64.0,27.71,19.0,8.23,0.739,0.14199999999999996,30.0,14.84,15.68,30.52,29.21,26.56,299.0,0.207,98.0,32.78,17.0,5.69,0.597,0.131,34.17,17.56,14.33,31.89,31.96,31.51,155.0,0.207,35.0,22.58,4.0,2.58,0.579,0.13999999999999999,21.16,10.1,19.22,29.32,28.36,17.53,244.0,0.233,51.0,20.9,24.0,9.84,0.6719999999999999,0.1189999999999999,19.25,7.79,20.22,28.01,20.24,17.11
746536,2024-06-23,2024,678662,R,663623,R,field_out,False,False,241.0,0.289,62.0,25.73,6.0,2.49,0.794,0.193,33.27,21.13,9.53,30.65,47.03,21.83,438.0,0.256,109.0,24.89,17.0,3.88,0.69,0.143,29.47,17.51,10.44,27.95,41.11,20.49,155.0,0.207,35.0,22.58,4.0,2.58,0.579,0.13999999999999999,21.16,10.1,19.22,29.32,28.36,17.53,244.0,0.233,51.0,20.9,24.0,9.84,0.6719999999999999,0.1189999999999999,19.25,7.79,20.22,28.01,20.24,17.11
746536,2024-06-23,2024,641857,L,663623,R,strikeout,True,False,225.0,0.258,62.0,27.56,22.0,9.78,0.784,0.197,27.19,13.15,15.48,28.63,27.48,19.62,449.0,0.26,141.0,31.4,52.0,11.58,0.826,0.2209999999999999,31.26,14.84,14.94,29.79,25.26,20.41,191.0,0.267,36.0,18.85,15.0,7.85,0.774,0.175,22.37,10.88,15.86,26.74,25.44,15.58,286.0,0.274,48.0,16.78,30.0,10.49,0.853,0.2219999999999999,16.95,7.84,17.16,25.0,24.68,13.01
746536,2024-06-23,2024,657041,R,607536,L,field_out,False,False,61.0,0.321,8.0,13.11,5.0,8.2,0.93,0.22600000000000003,16.67,7.17,18.33,25.5,21.97,10.13,192.0,0.331,33.0,17.19,13.0,6.77,0.948,0.2419999999999999,14.83,6.49,18.37,24.86,23.4,17.65,76.0,0.409,8.0,10.53,7.0,9.21,1.088,0.21200000000000002,15.45,6.91,15.64,22.55,23.08,12.9,531.0,0.311,67.0,12.62,34.0,6.4,0.9,0.234,16.41,8.34,14.41,22.76,29.8,12.85
746536,2024-06-23,2024,545121,R,607536,L,field_out,False,False,60.0,0.327,9.0,15.0,4.0,6.67,0.819,0.10899999999999999,17.35,7.8,17.89,25.69,29.2,15.79,108.0,0.291,9.0,8.33,4.0,3.7,0.8,0.185,11.41,5.43,19.64,25.06,34.21,8.49,76.0,0.409,8.0,10.53,7.0,9.21,1.088,0.21200000000000002,15.45,6.91,15.64,22.55,23.08,12.9,531.0,0.311,67.0,12.62,34.0,6.4,0.9,0.234,16.41,8.34,14.41,22.76,29.8,12.85
746536,2024-06-23,2024,608841,R,607536,L,field_out,False,False,81.0,0.167,20.0,24.69,6.0,7.41,0.471,0.06899999999999998,25.66,13.04,15.72,28.76,38.96,22.22,188.0,0.291,33.0,17.55,10.0,5.32,0.771,0.143,23.12,11.37,16.16,27.53,33.86,14.29,76.0,0.409,8.0,10.53,7.0,9.21,1.088,0.21200000000000002,15.45,6.91,15.64,22.55,23.08,12.9,531.0,0.311,67.0,12.62,34.0,6.4,0.9,0.234,16.41,8.34,14.41,22.76,29.8,12.85
746536,2024-06-23,2024,663898,R,663623,R,single,False,False,180.0,0.253,46.0,25.56,9.0,5.0,0.63,0.08800000000000002,24.93,12.27,16.36,28.63,25.38,19.66,138.0,0.269,33.0,23.91,5.0,3.62,0.709,0.1389999999999999,27.31,13.83,17.45,31.28,33.92,25.0,155.0,0.207,35.0,22.58,4.0,2.58,0.579,0.13999999999999999,21.16,10.1,19.22,29.32,28.36,17.53,244.0,0.233,51.0,20.9,24.0,9.84,0.6719999999999999,0.1189999999999999,19.25,7.79,20.22,28.01,20.24,17.11
746536,2024-06-23,2024,666134,L,663623,R,strikeout,True,False,93.0,0.19,27.0,29.03,13.0,13.98,0.605,0.11399999999999999,28.12,10.69,22.8,33.49,22.38,17.88,294.0,0.289,92.0,31.29,41.0,13.95,0.945,0.261,33.58,14.12,18.56,32.68,25.97,22.72,191.0,0.267,36.0,18.85,15.0,7.85,0.774,0.175,22.37,10.88,15.86,26.74,25.44,15.58,286.0,0.274,48.0,16.78,30.0,10.49,0.853,0.2219999999999999,16.95,7.84,17.16,25.0,24.68,13.01
746536,2024-06-23,2024,696100,R,663623,R,strikeout,True,False,67.0,0.175,20.0,29.85,3.0,4.48,0.573,0.174,34.48,20.08,10.84,30.92,37.1,26.67,64.0,0.193,18.0,28.12,5.0,7.81,0.583,0.14,38.6,18.26,16.18,34.44,35.56,28.57,155.0,0.207,35.0,22.58,4.0,2.58,0.579,0.13999999999999999,21.16,10.1,19.22,29.32,28.36,17.53,244.0,0.233,51.0,20.9,24.0,9.84,0.6719999999999999,0.1189999999999999,19.25,7.79,20.22,28.01,20.24,17.11
746536,2024-06-23,2024,669911,L,663623,R,strikeout,True,False,77.0,0.225,27.0,35.06,4.0,5.19,0.738,0.24000000000000002,30.43,14.63,15.82,30.45,30.6,23.08,104.0,0.189,29.0,27.88,8.0,7.69,0.628,0.179,34.34,17.26,14.21,31.47,29.0,25.0,191.0,0.267,36.0,18.85,15.0,7.85,0.774,0.175,22.37,10.88,15.86,26.74,25.44,15.58,286.0,0.274,48.0,16.78,30.0,10.49,0.853,0.2219999999999999,16.95,7.84,17.16,25.0,24.68,13.01
746536,2024-06-23,2024,669222,R,607536,L,field_out,False,False,54.0,0.239,8.0,14.81,8.0,14.81,0.852,0.261,17.02,7.51,17.37,24.88,25.71,12.31,126.0,0.347,23.0,18.25,8.0,6.35,1.008,0.272,15.6,7.66,16.89,24.55,26.51,19.66,76.0,0.409,8.0,10.53,7.0,9.21,1.088,0.21200000000000002,15.45,6.91,15.64,22.55,23.08,12.9,531.0,0.311,67.0,12.62,34.0,6.4,0.9,0.234,16.41,8.34,14.41,22.76,29.8,12.85
746536,2024-06-23,2024,660688,R,607536,L,field_out,False,False,50.0,0.196,7.0,14.0,2.0,4.0,0.5229999999999999,0.08699999999999997,15.79,8.11,19.46,27.57,44.9,13.46,159.0,0.289,10.0,6.29,6.0,3.77,0.73,0.114,12.6,6.29,17.14,23.43,36.59,8.85,76.0,0.409,8.0,10.53,7.0,9.21,1.088,0.21200000000000002,15.45,6.91,15.64,22.55,23.08,12.9,531.0,0.311,67.0,12.62,34.0,6.4,0.9,0.234,16.41,8.34,14.41,22.76,29.8,12.85
746536,2024-06-23,2024,702358,R,607536,L,field_out,False,False,44.0,0.167,7.0,15.91,1.0,2.27,0.395,0.022999999999999993,18.07,8.67,15.03,23.7,20.0,16.67,,,,,,,,,,,,,,,76.0,0.409,8.0,10.53,7.0,9.21,1.088,0.21200000000000002,15.45,6.91,15.64,22.55,23.08,12.9,531.0,0.311,67.0,12.62,34.0,6.4,0.9,0.234,16.41,8.34,14.41,22.76,29.8,12.85
746536,2024-06-23,2024,595909,L,663623,R,strikeout,True,False,123.0,0.282,30.0,24.39,11.0,8.94,0.714,0.09100000000000003,23.17,12.05,14.06,26.1,32.24,17.65,171.0,0.226,44.0,25.73,12.0,7.02,0.663,0.155,26.67,12.9,15.25,28.15,29.13,19.91,191.0,0.267,36.0,18.85,15.0,7.85,0.774,0.175,22.37,10.88,15.86,26.74,25.44,15.58,286.0,0.274,48.0,16.78,30.0,10.49,0.853,0.2219999999999999,16.95,7.84,17.16,25.0,24.68,13.01
746536,2024-06-23,2024,676701,R,663623,R,field_out,False,False,42.0,0.179,9.0,21.43,1.0,2.38,0.399,0.0,25.61,14.38,13.7,28.08,35.53,19.57,122.0,0.257,24.0,19.67,7.0,5.74,0.6950000000000001,0.132,20.9,11.11,14.38,25.49,35.06,16.55,155.0,0.207,35.0,22.58,4.0,2.58,0.579,0.13999999999999999,21.16,10.1,19.22,29.32,28.36,17.53,244.0,0.233,51.0,20.9,24.0,9.84,0.6719999999999999,0.1189999999999999,19.25,7.79,20.22,28.01,20.24,17.11
746536,2024-06-23,2024,686668,R,663623,R,strikeout,True,False,231.0,0.268,64.0,27.71,19.0,8.23,0.739,0.14199999999999996,30.0,14.84,15.68,30.52,29.21,26.56,299.0,0.207,98.0,32.78,17.0,5.69,0.597,0.131,34.17,17.56,14.33,31.89,31.96,31.51,155.0,0.207,35.0,22.58,4.0,2.58,0.579,0.13999999999999999,21.16,10.1,19.22,29.32,28.36,17.53,244.0,0.233,51.0,20.9,24.0,9.84,0.6719999999999999,0.1189999999999999,19.25,7.79,20.22,28.01,20.24,17.11
746536,2024-06-23,2024,671277,L,607536,L,strikeout,True,False,47.0,0.182,11.0,23.4,3.0,6.38,0.461,0.04500000000000001,24.44,11.96,16.85,28.8,35.0,20.0,129.0,0.261,16.0,12.4,4.0,3.1,0.668,0.134,18.96,9.55,16.71,26.25,27.88,16.49,12.0,0.455,1.0,8.33,1.0,8.33,1.045,0.09000000000000002,20.0,10.53,18.42,28.95,44.44,14.29,148.0,0.257,27.0,18.24,8.0,5.41,0.663,0.1109999999999999,20.38,10.29,15.43,25.71,26.03,20.0
746536,2024-06-23,2024,696285,R,607536,L,single,False,False,68.0,0.312,12.0,17.65,2.0,2.94,0.759,0.09400000000000003,15.69,6.32,22.92,29.25,21.93,16.9,28.0,0.2,5.0,17.86,3.0,10.71,0.5660000000000001,0.08,20.0,9.24,20.17,29.41,29.63,13.16,76.0,0.409,8.0,10.53,7.0,9.21,1.088,0.21200000000000002,15.45,6.91,15.64,22.55,23.08,12.9,531.0,0.311,67.0,12.62,34.0,6.4,0.9,0.234,16.41,8.34,14.41,22.76,29.8,12.85
746536,2024-06-23,2024,682928,L,607536,L,strikeout,True,False,87.0,0.325,18.0,20.69,3.0,3.45,0.91,0.22900000000000004,26.01,14.11,15.05,29.15,38.36,17.65,170.0,0.166,40.0,23.53,8.0,4.71,0.512,0.106,24.68,12.36,17.24,29.59,32.89,21.74,12.0,0.455,1.0,8.33,1.0,8.33,1.045,0.09000000000000002,20.0,10.53,18.42,28.95,44.44,14.29,148.0,0.257,27.0,18.24,8.0,5.41,0.663,0.1109999999999999,20.38,10.29,15.43,25.71,26.03,20.0
746536,2024-06-23,2024,657041,R,607536,L,strikeout,True,False,61.0,0.321,8.0,13.11,5.0,8.2,0.93,0.22600000000000003,16.67,7.17,18.33,25.5,21.97,10.13,192.0,0.331,33.0,17.19,13.0,6.77,0.948,0.2419999999999999,14.83,6.49,18.37,24.86,23.4,17.65,76.0,0.409,8.0,10.53,7.0,9.21,1.088,0.21200000000000002,15.45,6.91,15.64,22.55,23.08,12.9,531.0,0.311,67.0,12.62,34.0,6.4,0.9,0.234,16.41,8.34,14.41,22.76,29.8,12.85
746536,2024-06-23,2024,678662,R,663623,R,strikeout,True,False,241.0,0.289,62.0,25.73,6.0,2.49,0.794,0.193,33.27,21.13,9.53,30.65,47.03,21.83,438.0,0.256,109.0,24.89,17.0,3.88,0.69,0.143,29.47,17.51,10.44,27.95,41.11,20.49,155.0,0.207,35.0,22.58,4.0,2.58,0.579,0.13999999999999999,21.16,10.1,19.22,29.32,28.36,17.53,244.0,0.233,51.0,20.9,24.0,9.84,0.6719999999999999,0.1189999999999999,19.25,7.79,20.22,28.01,20.24,17.11
746536,2024-06-23,2024,641857,L,663623,R,strikeout,True,False,225.0,0.258,62.0,27.56,22.0,9.78,0.784,0.197,27.19,13.15,15.48,28.63,27.48,19.62,449.0,0.26,141.0,31.4,52.0,11.58,0.826,0.2209999999999999,31.26,14.84,14.94,29.79,25.26,20.41,191.0,0.267,36.0,18.85,15.0,7.85,0.774,0.175,22.37,10.88,15.86,26.74,25.44,15.58,286.0,0.274,48.0,16.78,30.0,10.49,0.853,0.2219999999999999,16.95,7.84,17.16,25.0,24.68,13.01
746536,2024-06-23,2024,663898,R,663623,R,field_out,False,False,180.0,0.253,46.0,25.56,9.0,5.0,0.63,0.08800000000000002,24.93,12.27,16.36,28.63,25.38,19.66,138.0,0.269,33.0,23.91,5.0,3.62,0.709,0.1389999999999999,27.31,13.83,17.45,31.28,33.92,25.0,155.0,0.207,35.0,22.58,4.0,2.58,0.579,0.13999999999999999,21.16,10.1,19.22,29.32,28.36,17.53,244.0,0.233,51.0,20.9,24.0,9.84,0.6719999999999999,0.1189999999999999,19.25,7.79,20.22,28.01,20.24,17.11
746536,2024-06-23,2024,545121,L,683232,R,strikeout,True,False,94.0,0.247,5.0,5.32,9.0,9.57,0.627,0.065,10.79,4.52,20.78,25.3,24.4,6.76,179.0,0.226,11.0,6.15,15.0,8.38,0.58,0.0629999999999999,13.38,5.9,20.34,26.24,25.61,7.28,76.0,0.324,21.0,27.63,7.0,9.21,0.779,0.07300000000000001,23.08,11.22,17.69,28.91,29.03,21.65,44.0,0.158,10.0,22.73,5.0,11.36,0.457,0.0259999999999999,20.83,8.52,20.45,28.98,26.37,18.52
746536,2024-06-23,2024,608841,R,683232,R,field_out,False,False,187.0,0.269,30.0,16.04,13.0,6.95,0.677,0.08399999999999996,20.18,10.09,13.45,23.54,27.94,15.62,471.0,0.268,97.0,20.59,28.0,5.94,0.7030000000000001,0.12,23.85,11.18,18.94,30.12,30.48,17.38,83.0,0.278,22.0,26.51,11.0,13.25,0.804,0.15299999999999997,28.19,12.39,17.7,30.09,27.27,25.29,43.0,0.235,11.0,25.58,9.0,20.93,0.866,0.236,25.32,10.7,16.58,27.27,23.3,20.0
746536,2024-06-23,2024,592696,L,683232,R,strikeout,True,False,194.0,0.187,47.0,24.23,10.0,5.15,0.591,0.176,28.61,14.92,15.59,30.51,36.64,20.61,449.0,0.258,104.0,23.16,29.0,6.46,0.762,0.199,29.98,17.01,12.43,29.45,43.87,20.59,76.0,0.324,21.0,27.63,7.0,9.21,0.779,0.07300000000000001,23.08,11.22,17.69,28.91,29.03,21.65,44.0,0.158,10.0,22.73,5.0,11.36,0.457,0.0259999999999999,20.83,8.52,20.45,28.98,26.37,18.52
746536,2024-06-23,2024,666134,L,676395,L,strikeout,True,False,41.0,0.222,14.0,34.15,5.0,12.2,0.65,0.11100000000000002,23.81,8.52,27.84,36.36,22.5,25.45,130.0,0.314,34.0,26.15,12.0,9.23,0.902,0.211,27.7,10.95,22.63,33.58,26.4,21.79,48.0,0.209,16.0,33.33,4.0,8.33,0.597,0.11700000000000002,25.27,12.23,22.87,35.11,28.17,22.54,51.0,0.214,10.0,19.61,5.0,9.8,0.608,0.096,20.62,9.9,17.33,27.23,24.72,15.87
746536,2024-06-23,2024,696100,R,676395,L,field_out,False,False,31.0,0.267,7.0,22.58,0.0,0.0,1.057,0.5,19.67,10.53,15.79,26.32,34.48,19.44,13.0,0.231,6.0,46.15,0.0,0.0,0.846,0.384,35.71,18.87,18.87,37.74,36.0,30.0,59.0,0.296,18.0,30.51,4.0,6.78,0.734,0.09300000000000003,27.83,14.04,17.11,31.14,32.48,25.71,76.0,0.246,23.0,30.26,7.0,9.21,0.6639999999999999,0.1019999999999999,26.51,13.41,14.63,28.05,35.12,17.83
746536,2024-06-23,2024,669911,R,676395,L,walk,False,True,36.0,0.118,14.0,38.89,2.0,5.56,0.46099999999999997,0.176,22.22,10.39,20.78,31.17,23.38,25.0,48.0,0.109,21.0,43.75,2.0,4.17,0.255,0.0,48.35,23.53,13.9,37.43,32.11,36.21,59.0,0.296,18.0,30.51,4.0,6.78,0.734,0.09300000000000003,27.83,14.04,17.11,31.14,32.48,25.71,76.0,0.246,23.0,30.26,7.0,9.21,0.6639999999999999,0.1019999999999999,26.51,13.41,14.63,28.05,35.12,17.83
746536,2024-06-23,2024,660707,R,571670,R,field_out,False,False,181.0,0.226,40.0,22.1,14.0,7.73,0.643,0.13399999999999998,30.23,16.39,13.32,29.71,37.18,21.51,196.0,0.249,69.0,35.2,12.0,6.12,0.729,0.1689999999999999,41.45,21.48,15.97,37.45,41.94,28.28,92.0,0.212,17.0,18.48,6.0,6.52,0.508,0.035,19.55,7.93,24.7,32.62,21.85,21.25,138.0,0.258,33.0,23.91,6.0,4.35,0.596,0.0309999999999999,25.42,12.25,19.88,32.13,34.13,23.08
746536,2024-06-23,2024,660688,L,683232,R,field_out,False,False,152.0,0.203,19.0,12.5,4.0,2.63,0.5309999999999999,0.09099999999999997,12.5,6.49,17.65,24.14,36.36,16.24,403.0,0.249,48.0,11.91,25.0,6.2,0.712,0.1629999999999999,14.96,7.67,15.92,23.59,36.49,14.77,76.0,0.324,21.0,27.63,7.0,9.21,0.779,0.07300000000000001,23.08,11.22,17.69,28.91,29.03,21.65,44.0,0.158,10.0,22.73,5.0,11.36,0.457,0.0259999999999999,20.83,8.52,20.45,28.98,26.37,18.52
746536,2024-06-23,2024,608385,L,683232,R,field_out,False,False,203.0,0.277,41.0,20.2,29.0,14.29,0.8440000000000001,0.16899999999999998,20.99,8.89,16.61,25.5,18.3,14.64,184.0,0.2,46.0,25.0,24.0,13.04,0.5660000000000001,0.0449999999999999,25.91,11.04,17.01,28.05,20.4,17.9,76.0,0.324,21.0,27.63,7.0,9.21,0.779,0.07300000000000001,23.08,11.22,17.69,28.91,29.03,21.65,44.0,0.158,10.0,22.73,5.0,11.36,0.457,0.0259999999999999,20.83,8.52,20.45,28.98,26.37,18.52
746536,2024-06-23,2024,671277,L,683232,R,field_out,False,False,201.0,0.285,31.0,15.42,8.0,3.98,0.759,0.16100000000000003,21.23,11.0,15.34,26.34,35.96,16.85,355.0,0.268,44.0,12.39,23.0,6.48,0.6950000000000001,0.1129999999999999,17.54,8.86,13.52,22.38,31.84,12.54,76.0,0.324,21.0,27.63,7.0,9.21,0.779,0.07300000000000001,23.08,11.22,17.69,28.91,29.03,21.65,44.0,0.158,10.0,22.73,5.0,11.36,0.457,0.0259999999999999,20.83,8.52,20.45,28.98,26.37,18.52
746536,2024-06-23,2024,676701,R,571670,R,walk,False,True,42.0,0.179,9.0,21.43,1.0,2.38,0.399,0.0,25.61,14.38,13.7,28.08,35.53,19.57,122.0,0.257,24.0,19.67,7.0,5.74,0.6950000000000001,0.132,20.9,11.11,14.38,25.49,35.06,16.55,92.0,0.212,17.0,18.48,6.0,6.52,0.508,0.035,19.55,7.93,24.7,32.62,21.85,21.25,138.0,0.258,33.0,23.91,6.0,4.35,0.596,0.0309999999999999,25.42,12.25,19.88,32.13,34.13,23.08
746536,2024-06-23,2024,686668,R,571670,R,grounded_into_double_play,False,False,231.0,0.268,64.0,27.71,19.0,8.23,0.739,0.14199999999999996,30.0,14.84,15.68,30.52,29.21,26.56,299.0,0.207,98.0,32.78,17.0,5.69,0.597,0.131,34.17,17.56,14.33,31.89,31.96,31.51,92.0,0.212,17.0,18.48,6.0,6.52,0.508,0.035,19.55,7.93,24.7,32.62,21.85,21.25,138.0,0.258,33.0,23.91,6.0,4.35,0.596,0.0309999999999999,25.42,12.25,19.88,32.13,34.13,23.08
746536,2024-06-23,2024,678662,R,571670,R,field_out,False,False,241.0,0.289,62.0,25.73,6.0,2.49,0.794,0.193,33.27,21.13,9.53,30.65,47.03,21.83,438.0,0.256,109.0,24.89,17.0,3.88,0.69,0.143,29.47,17.51,10.44,27.95,41.11,20.49,92.0,0.212,17.0,18.48,6.0,6.52,0.508,0.035,19.55,7.93,24.7,32.62,21.85,21.25,138.0,0.258,33.0,23.91,6.0,4.35,0.596,0.0309999999999999,25.42,12.25,19.88,32.13,34.13,23.08
746536,2024-06-23,2024,696285,R,656222,L,single,False,False,68.0,0.312,12.0,17.65,2.0,2.94,0.759,0.09400000000000003,15.69,6.32,22.92,29.25,21.93,16.9,28.0,0.2,5.0,17.86,3.0,10.71,0.5660000000000001,0.08,20.0,9.24,20.17,29.41,29.63,13.16,107.0,0.221,17.0,15.89,10.0,9.35,0.6499999999999999,0.13699999999999998,20.81,9.88,13.01,22.89,23.92,15.74,130.0,0.243,27.0,20.77,12.0,9.23,0.7090000000000001,0.148,29.39,14.08,15.55,29.62,28.21,22.31
746536,2024-06-23,2024,682928,L,656222,L,force_out,False,False,87.0,0.325,18.0,20.69,3.0,3.45,0.91,0.22900000000000004,26.01,14.11,15.05,29.15,38.36,17.65,170.0,0.166,40.0,23.53,8.0,4.71,0.512,0.106,24.68,12.36,17.24,29.59,32.89,21.74,47.0,0.175,12.0,25.53,6.0,12.77,0.548,0.07500000000000001,30.77,13.73,12.25,25.98,23.14,23.53,62.0,0.269,20.0,32.26,9.0,14.52,0.736,0.0959999999999999,34.23,14.84,15.62,30.47,25.0,25.0
746536,2024-06-23,2024,657041,R,656222,L,double,False,False,61.0,0.321,8.0,13.11,5.0,8.2,0.93,0.22600000000000003,16.67,7.17,18.33,25.5,21.97,10.13,192.0,0.331,33.0,17.19,13.0,6.77,0.948,0.2419999999999999,14.83,6.49,18.37,24.86,23.4,17.65,107.0,0.221,17.0,15.89,10.0,9.35,0.6499999999999999,0.13699999999999998,20.81,9.88,13.01,22.89,23.92,15.74,130.0,0.243,27.0,20.77,12.0,9.23,0.7090000000000001,0.148,29.39,14.08,15.55,29.62,28.21,22.31
746536,2024-06-23,2024,545121,R,656222,L,strikeout,True,False,60.0,0.327,9.0,15.0,4.0,6.67,0.819,0.10899999999999999,17.35,7.8,17.89,25.69,29.2,15.79,108.0,0.291,9.0,8.33,4.0,3.7,0.8,0.185,11.41,5.43,19.64,25.06,34.21,8.49,107.0,0.221,17.0,15.89,10.0,9.35,0.6499999999999999,0.13699999999999998,20.81,9.88,13.01,22.89,23.92,15.74,130.0,0.243,27.0,20.77,12.0,9.23,0.7090000000000001,0.148,29.39,14.08,15.55,29.62,28.21,22.31
746536,2024-06-23,2024,608841,R,656222,L,single,False,False,81.0,0.167,20.0,24.69,6.0,7.41,0.471,0.06899999999999998,25.66,13.04,15.72,28.76,38.96,22.22,188.0,0.291,33.0,17.55,10.0,5.32,0.771,0.143,23.12,11.37,16.16,27.53,33.86,14.29,107.0,0.221,17.0,15.89,10.0,9.35,0.6499999999999999,0.13699999999999998,20.81,9.88,13.01,22.89,23.92,15.74,130.0,0.243,27.0,20.77,12.0,9.23,0.7090000000000001,0.148,29.39,14.08,15.55,29.62,28.21,22.31
746536,2024-06-23,2024,592696,L,656222,L,field_out,False,False,32.0,0.192,4.0,12.5,3.0,9.38,0.459,0.0,23.08,10.91,11.82,22.73,21.31,20.0,67.0,0.233,18.0,26.87,5.0,7.46,0.7030000000000001,0.167,28.57,17.02,12.34,29.36,40.91,20.69,47.0,0.175,12.0,25.53,6.0,12.77,0.548,0.07500000000000001,30.77,13.73,12.25,25.98,23.14,23.53,62.0,0.269,20.0,32.26,9.0,14.52,0.736,0.0959999999999999,34.23,14.84,15.62,30.47,25.0,25.0
746536,2024-06-23,2024,641857,L,640448,R,single,False,False,225.0,0.258,62.0,27.56,22.0,9.78,0.784,0.197,27.19,13.15,15.48,28.63,27.48,19.62,449.0,0.26,141.0,31.4,52.0,11.58,0.826,0.2209999999999999,31.26,14.84,14.94,29.79,25.26,20.41,57.0,0.157,20.0,35.09,5.0,8.77,0.561,0.17600000000000002,30.25,15.52,16.38,31.9,34.74,22.99,131.0,0.232,27.0,20.61,17.0,12.98,0.6990000000000001,0.1339999999999999,23.4,10.42,17.23,27.65,20.92,17.09
746536,2024-06-23,2024,663898,R,640448,R,single,False,False,180.0,0.253,46.0,25.56,9.0,5.0,0.63,0.08800000000000002,24.93,12.27,16.36,28.63,25.38,19.66,138.0,0.269,33.0,23.91,5.0,3.62,0.709,0.1389999999999999,27.31,13.83,17.45,31.28,33.92,25.0,67.0,0.197,13.0,19.4,6.0,8.96,0.63,0.16399999999999998,19.86,10.94,13.28,24.22,24.24,15.85,157.0,0.27,36.0,22.93,7.0,4.46,0.772,0.196,25.88,13.73,13.9,27.63,28.08,18.95
746536,2024-06-23,2024,666134,L,640448,R,strikeout,True,False,93.0,0.19,27.0,29.03,13.0,13.98,0.605,0.11399999999999999,28.12,10.69,22.8,33.49,22.38,17.88,294.0,0.289,92.0,31.29,41.0,13.95,0.945,0.261,33.58,14.12,18.56,32.68,25.97,22.72,57.0,0.157,20.0,35.09,5.0,8.77,0.561,0.17600000000000002,30.25,15.52,16.38,31.9,34.74,22.99,131.0,0.232,27.0,20.61,17.0,12.98,0.6990000000000001,0.1339999999999999,23.4,10.42,17.23,27.65,20.92,17.09
746536,2024-06-23,2024,696100,R,640448,R,field_out,False,False,67.0,0.175,20.0,29.85,3.0,4.48,0.573,0.174,34.48,20.08,10.84,30.92,37.1,26.67,64.0,0.193,18.0,28.12,5.0,7.81,0.583,0.14,38.6,18.26,16.18,34.44,35.56,28.57,67.0,0.197,13.0,19.4,6.0,8.96,0.63,0.16399999999999998,19.86,10.94,13.28,24.22,24.24,15.85,157.0,0.27,36.0,22.93,7.0,4.46,0.772,0.196,25.88,13.73,13.9,27.63,28.08,18.95
746536,2024-06-23,2024,669911,L,640448,R,strikeout,True,False,77.0,0.225,27.0,35.06,4.0,5.19,0.738,0.24000000000000002,30.43,14.63,15.82,30.45,30.6,23.08,104.0,0.189,29.0,27.88,8.0,7.69,0.628,0.179,34.34,17.26,14.21,31.47,29.0,25.0,57.0,0.157,20.0,35.09,5.0,8.77,0.561,0.17600000000000002,30.25,15.52,16.38,31.9,34.74,22.99,131.0,0.232,27.0,20.61,17.0,12.98,0.6990000000000001,0.1339999999999999,23.4,10.42,17.23,27.65,20.92,17.09
745000,2024-06-23,2024,679845,R,453286,R,field_out,False,False,83.0,0.197,15.0,18.07,10.0,12.05,0.532,0.04199999999999998,21.26,9.18,17.69,26.87,22.52,18.99,44.0,0.279,7.0,15.91,1.0,2.27,0.667,0.0929999999999999,20.0,9.64,16.87,26.51,25.61,14.29,,,,,,,,,,,,,,,297.0,0.22,90.0,30.3,11.0,3.7,0.6739999999999999,0.1979999999999999,30.87,16.1,15.41,31.51,32.34,22.0
745000,2024-06-23,2024,677951,R,453286,R,strikeout,True,False,288.0,0.318,48.0,16.67,22.0,7.64,0.92,0.23000000000000004,24.12,11.83,14.65,26.48,29.84,16.72,547.0,0.27,93.0,17.0,33.0,6.03,0.8,0.2149999999999999,22.15,10.87,15.53,26.4,29.62,14.44,,,,,,,,,,,,,,,297.0,0.22,90.0,30.3,11.0,3.7,0.6739999999999999,0.1979999999999999,30.87,16.1,15.41,31.51,32.34,22.0
745000,2024-06-23,2024,686469,L,453286,R,field_out,False,False,245.0,0.227,32.0,13.06,29.0,11.84,0.735,0.18399999999999997,13.36,5.85,16.15,22.0,26.87,12.6,188.0,0.251,23.0,12.23,15.0,7.98,0.784,0.217,14.85,7.02,17.48,24.5,34.8,10.0,,,,,,,,,,,,,,,324.0,0.222,84.0,25.93,34.0,10.49,0.702,0.174,26.43,13.14,15.3,28.44,28.46,20.19
745000,2024-06-23,2024,543760,R,679525,R,field_out,False,False,235.0,0.216,34.0,14.47,20.0,8.51,0.637,0.13599999999999998,21.34,11.07,13.43,24.5,26.01,16.19,544.0,0.273,77.0,14.15,52.0,9.56,0.8360000000000001,0.2199999999999999,18.01,8.45,14.48,22.93,21.97,13.9,115.0,0.279,32.0,27.83,10.0,8.7,0.887,0.269,30.92,13.91,17.61,31.52,24.34,23.85,178.0,0.253,44.0,24.72,13.0,7.3,0.827,0.241,31.29,14.44,17.58,32.03,29.05,26.51
745000,2024-06-23,2024,608369,L,679525,R,double,False,False,190.0,0.256,22.0,11.58,32.0,16.84,0.871,0.23099999999999998,20.18,9.77,8.16,17.93,23.58,13.25,370.0,0.333,55.0,14.86,42.0,11.35,1.075,0.334,23.9,12.77,6.35,19.12,27.26,15.8,174.0,0.201,33.0,18.97,11.0,6.32,0.567,0.10699999999999998,20.47,10.38,15.19,25.56,29.41,16.67,164.0,0.28,41.0,25.0,26.0,15.85,0.968,0.281,28.16,12.62,15.32,27.94,28.5,19.62
745000,2024-06-23,2024,669701,L,679525,R,strikeout,True,False,191.0,0.295,29.0,15.18,18.0,9.42,0.863,0.181,17.63,8.27,18.16,26.42,23.51,12.39,200.0,0.194,46.0,23.0,19.0,9.5,0.623,0.13,20.71,8.96,19.58,28.54,22.65,15.97,174.0,0.201,33.0,18.97,11.0,6.32,0.567,0.10699999999999998,20.47,10.38,15.19,25.56,29.41,16.67,164.0,0.28,41.0,25.0,26.0,15.85,0.968,0.281,28.16,12.62,15.32,27.94,28.5,19.62
745000,2024-06-23,2024,666969,R,679525,R,strikeout,True,False,202.0,0.205,54.0,26.73,13.0,6.44,0.651,0.18400000000000002,35.38,18.09,11.93,30.01,34.23,25.59,480.0,0.245,138.0,28.75,41.0,8.54,0.8260000000000001,0.264,31.65,15.93,13.92,29.85,32.02,21.97,115.0,0.279,32.0,27.83,10.0,8.7,0.887,0.269,30.92,13.91,17.61,31.52,24.34,23.85,178.0,0.253,44.0,24.72,13.0,7.3,0.827,0.241,31.29,14.44,17.58,32.03,29.05,26.51
745000,2024-06-23,2024,521692,R,453286,R,field_out,False,False,234.0,0.278,44.0,18.8,18.0,7.69,0.8160000000000001,0.186,26.12,14.95,9.46,24.42,43.39,15.71,437.0,0.264,100.0,22.88,11.0,2.52,0.73,0.174,30.72,18.16,9.73,27.89,45.56,22.08,,,,,,,,,,,,,,,297.0,0.22,90.0,30.3,11.0,3.7,0.6739999999999999,0.1979999999999999,30.87,16.1,15.41,31.51,32.34,22.0
745000,2024-06-23,2024,669004,L,453286,R,strikeout,True,False,194.0,0.186,53.0,27.32,16.0,8.25,0.665,0.22099999999999997,30.09,15.4,12.32,27.73,27.0,17.79,459.0,0.239,122.0,26.58,55.0,11.98,0.752,0.181,32.7,15.24,15.56,30.8,24.84,20.68,,,,,,,,,,,,,,,324.0,0.222,84.0,25.93,34.0,10.49,0.702,0.174,26.43,13.14,15.3,28.44,28.46,20.19
745000,2024-06-23,2024,592669,R,453286,R,field_out,False,False,132.0,0.202,26.0,19.7,12.0,9.09,0.641,0.15899999999999997,26.67,11.09,21.26,32.35,24.73,15.76,408.0,0.229,91.0,22.3,35.0,8.58,0.723,0.1969999999999999,28.12,14.44,14.12,28.56,33.7,19.12,,,,,,,,,,,,,,,297.0,0.22,90.0,30.3,11.0,3.7,0.6739999999999999,0.1979999999999999,30.87,16.1,15.41,31.51,32.34,22.0
745000,2024-06-23,2024,663993,L,679525,R,field_out,False,False,149.0,0.26,26.0,17.45,19.0,12.75,0.726,0.10999999999999999,15.0,6.33,17.69,24.03,25.84,13.98,505.0,0.279,113.0,22.38,69.0,13.66,0.833,0.172,19.81,8.64,15.62,24.26,19.45,16.87,174.0,0.201,33.0,18.97,11.0,6.32,0.567,0.10699999999999998,20.47,10.38,15.19,25.56,29.41,16.67,164.0,0.28,41.0,25.0,26.0,15.85,0.968,0.281,28.16,12.62,15.32,27.94,28.5,19.62
745000,2024-06-23,2024,694671,R,679525,R,field_out,False,False,160.0,0.262,29.0,18.12,10.0,6.25,0.654,0.08000000000000002,20.55,9.19,18.53,27.72,23.8,13.94,,,,,,,,,,,,,,,115.0,0.279,32.0,27.83,10.0,8.7,0.887,0.269,30.92,13.91,17.61,31.52,24.34,23.85,178.0,0.253,44.0,24.72,13.0,7.3,0.827,0.241,31.29,14.44,17.58,32.03,29.05,26.51
745000,2024-06-23,2024,677649,R,679525,R,walk,False,True,107.0,0.272,24.0,22.43,3.0,2.8,0.6679999999999999,0.09699999999999998,23.04,13.12,11.55,24.67,38.07,17.56,308.0,0.277,86.0,27.92,13.0,4.22,0.738,0.1409999999999999,28.89,15.73,13.64,29.37,39.12,22.25,115.0,0.279,32.0,27.83,10.0,8.7,0.887,0.269,30.92,13.91,17.61,31.52,24.34,23.85,178.0,0.253,44.0,24.72,13.0,7.3,0.827,0.241,31.29,14.44,17.58,32.03,29.05,26.51
745000,2024-06-23,2024,668800,R,679525,R,strikeout,True,False,38.0,0.162,9.0,23.68,1.0,2.63,0.427,0.08099999999999999,26.58,13.91,19.87,33.77,44.32,16.67,161.0,0.264,40.0,24.84,9.0,5.59,0.731,0.1549999999999999,26.76,14.36,14.36,28.73,35.04,24.84,115.0,0.279,32.0,27.83,10.0,8.7,0.887,0.269,30.92,13.91,17.61,31.52,24.34,23.85,178.0,0.253,44.0,24.72,13.0,7.3,0.827,0.241,31.29,14.44,17.58,32.03,29.05,26.51
745000,2024-06-23,2024,676369,R,453286,R,field_out,False,False,157.0,0.183,42.0,26.75,11.0,7.01,0.614,0.183,36.73,16.86,15.69,32.55,26.99,24.0,125.0,0.257,36.0,28.8,9.0,7.2,0.966,0.389,35.34,17.89,12.6,30.49,29.12,21.95,,,,,,,,,,,,,,,297.0,0.22,90.0,30.3,11.0,3.7,0.6739999999999999,0.1979999999999999,30.87,16.1,15.41,31.51,32.34,22.0
745000,2024-06-23,2024,672580,R,453286,R,field_out,False,False,277.0,0.234,53.0,19.13,21.0,7.58,0.612,0.087,19.29,8.41,20.79,29.21,21.74,17.85,400.0,0.258,94.0,23.5,33.0,8.25,0.648,0.071,20.3,8.71,19.59,28.3,19.12,19.96,,,,,,,,,,,,,,,297.0,0.22,90.0,30.3,11.0,3.7,0.6739999999999999,0.1979999999999999,30.87,16.1,15.41,31.51,32.34,22.0
745000,2024-06-23,2024,680118,R,453286,R,strikeout,True,False,45.0,0.205,12.0,26.67,3.0,6.67,0.484,0.0,30.38,14.37,14.97,29.34,33.33,21.43,97.0,0.264,16.0,16.49,6.0,6.19,0.756,0.173,25.15,12.46,15.65,28.12,25.62,16.33,,,,,,,,,,,,,,,297.0,0.22,90.0,30.3,11.0,3.7,0.6739999999999999,0.1979999999999999,30.87,16.1,15.41,31.51,32.34,22.0
745000,2024-06-23,2024,665750,L,679525,R,field_error,False,False,185.0,0.216,37.0,20.0,14.0,7.57,0.627,0.13499999999999998,23.45,11.91,14.92,26.83,31.82,18.05,405.0,0.275,86.0,21.23,25.0,6.17,0.767,0.174,24.9,12.5,15.05,27.55,29.44,18.34,174.0,0.201,33.0,18.97,11.0,6.32,0.567,0.10699999999999998,20.47,10.38,15.19,25.56,29.41,16.67,164.0,0.28,41.0,25.0,26.0,15.85,0.968,0.281,28.16,12.62,15.32,27.94,28.5,19.62
745000,2024-06-23,2024,543760,R,679525,R,field_out,False,False,235.0,0.216,34.0,14.47,20.0,8.51,0.637,0.13599999999999998,21.34,11.07,13.43,24.5,26.01,16.19,544.0,0.273,77.0,14.15,52.0,9.56,0.8360000000000001,0.2199999999999999,18.01,8.45,14.48,22.93,21.97,13.9,115.0,0.279,32.0,27.83,10.0,8.7,0.887,0.269,30.92,13.91,17.61,31.52,24.34,23.85,178.0,0.253,44.0,24.72,13.0,7.3,0.827,0.241,31.29,14.44,17.58,32.03,29.05,26.51
745000,2024-06-23,2024,608369,L,679525,R,field_out,False,False,190.0,0.256,22.0,11.58,32.0,16.84,0.871,0.23099999999999998,20.18,9.77,8.16,17.93,23.58,13.25,370.0,0.333,55.0,14.86,42.0,11.35,1.075,0.334,23.9,12.77,6.35,19.12,27.26,15.8,174.0,0.201,33.0,18.97,11.0,6.32,0.567,0.10699999999999998,20.47,10.38,15.19,25.56,29.41,16.67,164.0,0.28,41.0,25.0,26.0,15.85,0.968,0.281,28.16,12.62,15.32,27.94,28.5,19.62
745000,2024-06-23,2024,669701,L,679525,R,field_out,False,False,191.0,0.295,29.0,15.18,18.0,9.42,0.863,0.181,17.63,8.27,18.16,26.42,23.51,12.39,200.0,0.194,46.0,23.0,19.0,9.5,0.623,0.13,20.71,8.96,19.58,28.54,22.65,15.97,174.0,0.201,33.0,18.97,11.0,6.32,0.567,0.10699999999999998,20.47,10.38,15.19,25.56,29.41,16.67,164.0,0.28,41.0,25.0,26.0,15.85,0.968,0.281,28.16,12.62,15.32,27.94,28.5,19.62
745000,2024-06-23,2024,679845,R,453286,R,field_out,False,False,83.0,0.197,15.0,18.07,10.0,12.05,0.532,0.04199999999999998,21.26,9.18,17.69,26.87,22.52,18.99,44.0,0.279,7.0,15.91,1.0,2.27,0.667,0.0929999999999999,20.0,9.64,16.87,26.51,25.61,14.29,,,,,,,,,,,,,,,297.0,0.22,90.0,30.3,11.0,3.7,0.6739999999999999,0.1979999999999999,30.87,16.1,15.41,31.51,32.34,22.0
745000,2024-06-23,2024,677951,R,453286,R,field_out,False,False,288.0,0.318,48.0,16.67,22.0,7.64,0.92,0.23000000000000004,24.12,11.83,14.65,26.48,29.84,16.72,547.0,0.27,93.0,17.0,33.0,6.03,0.8,0.2149999999999999,22.15,10.87,15.53,26.4,29.62,14.44,,,,,,,,,,,,,,,297.0,0.22,90.0,30.3,11.0,3.7,0.6739999999999999,0.1979999999999999,30.87,16.1,15.41,31.51,32.34,22.0
745000,2024-06-23,2024,686469,L,453286,R,field_out,False,False,245.0,0.227,32.0,13.06,29.0,11.84,0.735,0.18399999999999997,13.36,5.85,16.15,22.0,26.87,12.6,188.0,0.251,23.0,12.23,15.0,7.98,0.784,0.217,14.85,7.02,17.48,24.5,34.8,10.0,,,,,,,,,,,,,,,324.0,0.222,84.0,25.93,34.0,10.49,0.702,0.174,26.43,13.14,15.3,28.44,28.46,20.19
745000,2024-06-23,2024,666969,R,679525,R,walk,False,True,202.0,0.205,54.0,26.73,13.0,6.44,0.651,0.18400000000000002,35.38,18.09,11.93,30.01,34.23,25.59,480.0,0.245,138.0,28.75,41.0,8.54,0.8260000000000001,0.264,31.65,15.93,13.92,29.85,32.02,21.97,115.0,0.279,32.0,27.83,10.0,8.7,0.887,0.269,30.92,13.91,17.61,31.52,24.34,23.85,178.0,0.253,44.0,24.72,13.0,7.3,0.827,0.241,31.29,14.44,17.58,32.03,29.05,26.51
745000,2024-06-23,2024,663993,L,679525,R,single,False,False,149.0,0.26,26.0,17.45,19.0,12.75,0.726,0.10999999999999999,15.0,6.33,17.69,24.03,25.84,13.98,505.0,0.279,113.0,22.38,69.0,13.66,0.833,0.172,19.81,8.64,15.62,24.26,19.45,16.87,174.0,0.201,33.0,18.97,11.0,6.32,0.567,0.10699999999999998,20.47,10.38,15.19,25.56,29.41,16.67,164.0,0.28,41.0,25.0,26.0,15.85,0.968,0.281,28.16,12.62,15.32,27.94,28.5,19.62
745000,2024-06-23,2024,694671,R,679525,R,double,False,False,160.0,0.262,29.0,18.12,10.0,6.25,0.654,0.08000000000000002,20.55,9.19,18.53,27.72,23.8,13.94,,,,,,,,,,,,,,,115.0,0.279,32.0,27.83,10.0,8.7,0.887,0.269,30.92,13.91,17.61,31.52,24.34,23.85,178.0,0.253,44.0,24.72,13.0,7.3,0.827,0.241,31.29,14.44,17.58,32.03,29.05,26.51
745000,2024-06-23,2024,677649,R,679525,R,field_out,False,False,107.0,0.272,24.0,22.43,3.0,2.8,0.6679999999999999,0.09699999999999998,23.04,13.12,11.55,24.67,38.07,17.56,308.0,0.277,86.0,27.92,13.0,4.22,0.738,0.1409999999999999,28.89,15.73,13.64,29.37,39.12,22.25,115.0,0.279,32.0,27.83,10.0,8.7,0.887,0.269,30.92,13.91,17.61,31.52,24.34,23.85,178.0,0.253,44.0,24.72,13.0,7.3,0.827,0.241,31.29,14.44,17.58,32.03,29.05,26.51
745000,2024-06-23,2024,668800,R,679525,R,field_out,False,False,38.0,0.162,9.0,23.68,1.0,2.63,0.427,0.08099999999999999,26.58,13.91,19.87,33.77,44.32,16.67,161.0,0.264,40.0,24.84,9.0,5.59,0.731,0.1549999999999999,26.76,14.36,14.36,28.73,35.04,24.84,115.0,0.279,32.0,27.83,10.0,8.7,0.887,0.269,30.92,13.91,17.61,31.52,24.34,23.85,178.0,0.253,44.0,24.72,13.0,7.3,0.827,0.241,31.29,14.44,17.58,32.03,29.05,26.51
745000,2024-06-23,2024,665750,L,679525,R,single,False,False,185.0,0.216,37.0,20.0,14.0,7.57,0.627,0.13499999999999998,23.45,11.91,14.92,26.83,31.82,18.05,405.0,0.275,86.0,21.23,25.0,6.17,0.767,0.174,24.9,12.5,15.05,27.55,29.44,18.34,174.0,0.201,33.0,18.97,11.0,6.32,0.567,0.10699999999999998,20.47,10.38,15.19,25.56,29.41,16.67,164.0,0.28,41.0,25.0,26.0,15.85,0.968,0.281,28.16,12.62,15.32,27.94,28.5,19.62
745000,2024-06-23,2024,543760,R,679525,R,field_out,False,False,235.0,0.216,34.0,14.47,20.0,8.51,0.637,0.13599999999999998,21.34,11.07,13.43,24.5,26.01,16.19,544.0,0.273,77.0,14.15,52.0,9.56,0.8360000000000001,0.2199999999999999,18.01,8.45,14.48,22.93,21.97,13.9,115.0,0.279,32.0,27.83,10.0,8.7,0.887,0.269,30.92,13.91,17.61,31.52,24.34,23.85,178.0,0.253,44.0,24.72,13.0,7.3,0.827,0.241,31.29,14.44,17.58,32.03,29.05,26.51
745000,2024-06-23,2024,521692,R,453286,R,field_out,False,False,234.0,0.278,44.0,18.8,18.0,7.69,0.8160000000000001,0.186,26.12,14.95,9.46,24.42,43.39,15.71,437.0,0.264,100.0,22.88,11.0,2.52,0.73,0.174,30.72,18.16,9.73,27.89,45.56,22.08,,,,,,,,,,,,,,,297.0,0.22,90.0,30.3,11.0,3.7,0.6739999999999999,0.1979999999999999,30.87,16.1,15.41,31.51,32.34,22.0
745000,2024-06-23,2024,669004,L,453286,R,double,False,False,194.0,0.186,53.0,27.32,16.0,8.25,0.665,0.22099999999999997,30.09,15.4,12.32,27.73,27.0,17.79,459.0,0.239,122.0,26.58,55.0,11.98,0.752,0.181,32.7,15.24,15.56,30.8,24.84,20.68,,,,,,,,,,,,,,,324.0,0.222,84.0,25.93,34.0,10.49,0.702,0.174,26.43,13.14,15.3,28.44,28.46,20.19
745000,2024-06-23,2024,592669,R,453286,R,strikeout,True,False,132.0,0.202,26.0,19.7,12.0,9.09,0.641,0.15899999999999997,26.67,11.09,21.26,32.35,24.73,15.76,408.0,0.229,91.0,22.3,35.0,8.58,0.723,0.1969999999999999,28.12,14.44,14.12,28.56,33.7,19.12,,,,,,,,,,,,,,,297.0,0.22,90.0,30.3,11.0,3.7,0.6739999999999999,0.1979999999999999,30.87,16.1,15.41,31.51,32.34,22.0
745000,2024-06-23,2024,676369,R,453286,R,field_out,False,False,157.0,0.183,42.0,26.75,11.0,7.01,0.614,0.183,36.73,16.86,15.69,32.55,26.99,24.0,125.0,0.257,36.0,28.8,9.0,7.2,0.966,0.389,35.34,17.89,12.6,30.49,29.12,21.95,,,,,,,,,,,,,,,297.0,0.22,90.0,30.3,11.0,3.7,0.6739999999999999,0.1979999999999999,30.87,16.1,15.41,31.51,32.34,22.0
745000,2024-06-23,2024,608369,L,679525,R,single,False,False,190.0,0.256,22.0,11.58,32.0,16.84,0.871,0.23099999999999998,20.18,9.77,8.16,17.93,23.58,13.25,370.0,0.333,55.0,14.86,42.0,11.35,1.075,0.334,23.9,12.77,6.35,19.12,27.26,15.8,174.0,0.201,33.0,18.97,11.0,6.32,0.567,0.10699999999999998,20.47,10.38,15.19,25.56,29.41,16.67,164.0,0.28,41.0,25.0,26.0,15.85,0.968,0.281,28.16,12.62,15.32,27.94,28.5,19.62
745000,2024-06-23,2024,669701,L,679525,R,field_out,False,False,191.0,0.295,29.0,15.18,18.0,9.42,0.863,0.181,17.63,8.27,18.16,26.42,23.51,12.39,200.0,0.194,46.0,23.0,19.0,9.5,0.623,0.13,20.71,8.96,19.58,28.54,22.65,15.97,174.0,0.201,33.0,18.97,11.0,6.32,0.567,0.10699999999999998,20.47,10.38,15.19,25.56,29.41,16.67,164.0,0.28,41.0,25.0,26.0,15.85,0.968,0.281,28.16,12.62,15.32,27.94,28.5,19.62
745000,2024-06-23,2024,666969,R,679525,R,single,False,False,202.0,0.205,54.0,26.73,13.0,6.44,0.651,0.18400000000000002,35.38,18.09,11.93,30.01,34.23,25.59,480.0,0.245,138.0,28.75,41.0,8.54,0.8260000000000001,0.264,31.65,15.93,13.92,29.85,32.02,21.97,115.0,0.279,32.0,27.83,10.0,8.7,0.887,0.269,30.92,13.91,17.61,31.52,24.34,23.85,178.0,0.253,44.0,24.72,13.0,7.3,0.827,0.241,31.29,14.44,17.58,32.03,29.05,26.51
745000,2024-06-23,2024,663993,L,679525,R,field_out,False,False,149.0,0.26,26.0,17.45,19.0,12.75,0.726,0.10999999999999999,15.0,6.33,17.69,24.03,25.84,13.98,505.0,0.279,113.0,22.38,69.0,13.66,0.833,0.172,19.81,8.64,15.62,24.26,19.45,16.87,174.0,0.201,33.0,18.97,11.0,6.32,0.567,0.10699999999999998,20.47,10.38,15.19,25.56,29.41,16.67,164.0,0.28,41.0,25.0,26.0,15.85,0.968,0.281,28.16,12.62,15.32,27.94,28.5,19.62
745000,2024-06-23,2024,694671,R,679525,R,field_out,False,False,160.0,0.262,29.0,18.12,10.0,6.25,0.654,0.08000000000000002,20.55,9.19,18.53,27.72,23.8,13.94,,,,,,,,,,,,,,,115.0,0.279,32.0,27.83,10.0,8.7,0.887,0.269,30.92,13.91,17.61,31.52,24.34,23.85,178.0,0.253,44.0,24.72,13.0,7.3,0.827,0.241,31.29,14.44,17.58,32.03,29.05,26.51
745000,2024-06-23,2024,672580,R,570632,R,single,False,False,277.0,0.234,53.0,19.13,21.0,7.58,0.612,0.087,19.29,8.41,20.79,29.21,21.74,17.85,400.0,0.258,94.0,23.5,33.0,8.25,0.648,0.071,20.3,8.71,19.59,28.3,19.12,19.96,134.0,0.24,21.0,15.67,12.0,8.96,0.71,0.15700000000000003,22.41,9.81,16.23,26.04,24.47,14.09,90.0,0.257,14.0,15.56,11.0,12.22,1.001,0.392,23.78,11.17,16.62,27.79,29.95,13.59
745000,2024-06-23,2024,680118,R,570632,R,strikeout_double_play,True,False,45.0,0.205,12.0,26.67,3.0,6.67,0.484,0.0,30.38,14.37,14.97,29.34,33.33,21.43,97.0,0.264,16.0,16.49,6.0,6.19,0.756,0.173,25.15,12.46,15.65,28.12,25.62,16.33,134.0,0.24,21.0,15.67,12.0,8.96,0.71,0.15700000000000003,22.41,9.81,16.23,26.04,24.47,14.09,90.0,0.257,14.0,15.56,11.0,12.22,1.001,0.392,23.78,11.17,16.62,27.79,29.95,13.59
745000,2024-06-23,2024,679845,R,570632,R,field_out,False,False,83.0,0.197,15.0,18.07,10.0,12.05,0.532,0.04199999999999998,21.26,9.18,17.69,26.87,22.52,18.99,44.0,0.279,7.0,15.91,1.0,2.27,0.667,0.0929999999999999,20.0,9.64,16.87,26.51,25.61,14.29,134.0,0.24,21.0,15.67,12.0,8.96,0.71,0.15700000000000003,22.41,9.81,16.23,26.04,24.47,14.09,90.0,0.257,14.0,15.56,11.0,12.22,1.001,0.392,23.78,11.17,16.62,27.79,29.95,13.59
745000,2024-06-23,2024,677649,R,679525,R,field_out,False,False,107.0,0.272,24.0,22.43,3.0,2.8,0.6679999999999999,0.09699999999999998,23.04,13.12,11.55,24.67,38.07,17.56,308.0,0.277,86.0,27.92,13.0,4.22,0.738,0.1409999999999999,28.89,15.73,13.64,29.37,39.12,22.25,115.0,0.279,32.0,27.83,10.0,8.7,0.887,0.269,30.92,13.91,17.61,31.52,24.34,23.85,178.0,0.253,44.0,24.72,13.0,7.3,0.827,0.241,31.29,14.44,17.58,32.03,29.05,26.51
745000,2024-06-23,2024,668800,R,679525,R,strikeout,True,False,38.0,0.162,9.0,23.68,1.0,2.63,0.427,0.08099999999999999,26.58,13.91,19.87,33.77,44.32,16.67,161.0,0.264,40.0,24.84,9.0,5.59,0.731,0.1549999999999999,26.76,14.36,14.36,28.73,35.04,24.84,115.0,0.279,32.0,27.83,10.0,8.7,0.887,0.269,30.92,13.91,17.61,31.52,24.34,23.85,178.0,0.253,44.0,24.72,13.0,7.3,0.827,0.241,31.29,14.44,17.58,32.03,29.05,26.51
745000,2024-06-23,2024,665750,L,679525,R,single,False,False,185.0,0.216,37.0,20.0,14.0,7.57,0.627,0.13499999999999998,23.45,11.91,14.92,26.83,31.82,18.05,405.0,0.275,86.0,21.23,25.0,6.17,0.767,0.174,24.9,12.5,15.05,27.55,29.44,18.34,174.0,0.201,33.0,18.97,11.0,6.32,0.567,0.10699999999999998,20.47,10.38,15.19,25.56,29.41,16.67,164.0,0.28,41.0,25.0,26.0,15.85,0.968,0.281,28.16,12.62,15.32,27.94,28.5,19.62
745000,2024-06-23,2024,543760,R,679525,R,double,False,False,235.0,0.216,34.0,14.47,20.0,8.51,0.637,0.13599999999999998,21.34,11.07,13.43,24.5,26.01,16.19,544.0,0.273,77.0,14.15,52.0,9.56,0.8360000000000001,0.2199999999999999,18.01,8.45,14.48,22.93,21.97,13.9,115.0,0.279,32.0,27.83,10.0,8.7,0.887,0.269,30.92,13.91,17.61,31.52,24.34,23.85,178.0,0.253,44.0,24.72,13.0,7.3,0.827,0.241,31.29,14.44,17.58,32.03,29.05,26.51
745000,2024-06-23,2024,608369,L,669674,L,field_out,False,False,95.0,0.245,29.0,30.53,1.0,1.05,0.615,0.11699999999999999,26.92,15.22,11.49,26.71,29.58,36.71,166.0,0.314,33.0,19.88,7.0,4.22,0.881,0.218,27.65,15.41,9.68,25.09,30.66,22.92,19.0,0.062,5.0,26.32,3.0,15.79,0.273,0.0,29.73,14.29,10.39,24.68,26.19,23.81,76.0,0.27,12.0,15.79,10.0,13.16,0.786,0.1429999999999999,20.98,9.84,17.05,26.89,26.75,11.65
745000,2024-06-23,2024,677951,R,570632,R,field_out,False,False,288.0,0.318,48.0,16.67,22.0,7.64,0.92,0.23000000000000004,24.12,11.83,14.65,26.48,29.84,16.72,547.0,0.27,93.0,17.0,33.0,6.03,0.8,0.2149999999999999,22.15,10.87,15.53,26.4,29.62,14.44,134.0,0.24,21.0,15.67,12.0,8.96,0.71,0.15700000000000003,22.41,9.81,16.23,26.04,24.47,14.09,90.0,0.257,14.0,15.56,11.0,12.22,1.001,0.392,23.78,11.17,16.62,27.79,29.95,13.59
745000,2024-06-23,2024,686469,L,570632,R,field_out,False,False,245.0,0.227,32.0,13.06,29.0,11.84,0.735,0.18399999999999997,13.36,5.85,16.15,22.0,26.87,12.6,188.0,0.251,23.0,12.23,15.0,7.98,0.784,0.217,14.85,7.02,17.48,24.5,34.8,10.0,104.0,0.208,20.0,19.23,6.0,5.77,0.583,0.12500000000000003,26.67,12.84,14.07,26.91,32.77,19.61,115.0,0.304,15.0,13.04,11.0,9.57,0.927,0.255,20.1,9.48,13.51,22.99,30.2,13.51
745000,2024-06-23,2024,521692,R,570632,R,field_out,False,False,234.0,0.278,44.0,18.8,18.0,7.69,0.8160000000000001,0.186,26.12,14.95,9.46,24.42,43.39,15.71,437.0,0.264,100.0,22.88,11.0,2.52,0.73,0.174,30.72,18.16,9.73,27.89,45.56,22.08,134.0,0.24,21.0,15.67,12.0,8.96,0.71,0.15700000000000003,22.41,9.81,16.23,26.04,24.47,14.09,90.0,0.257,14.0,15.56,11.0,12.22,1.001,0.392,23.78,11.17,16.62,27.79,29.95,13.59
745000,2024-06-23,2024,669701,L,669674,L,home_run,False,False,68.0,0.328,17.0,25.0,5.0,7.35,0.857,0.12,25.21,12.2,16.26,28.46,26.55,22.97,33.0,0.12,9.0,27.27,6.0,18.18,0.6930000000000001,0.24,26.09,9.3,20.93,30.23,19.44,31.03,19.0,0.062,5.0,26.32,3.0,15.79,0.273,0.0,29.73,14.29,10.39,24.68,26.19,23.81,76.0,0.27,12.0,15.79,10.0,13.16,0.786,0.1429999999999999,20.98,9.84,17.05,26.89,26.75,11.65
745000,2024-06-23,2024,666969,R,669674,L,field_out,False,False,95.0,0.229,27.0,28.42,8.0,8.42,0.717,0.19299999999999998,27.78,15.99,9.88,25.87,34.13,26.73,152.0,0.244,37.0,24.34,24.0,15.79,0.866,0.26,31.62,13.61,14.56,28.16,22.03,21.26,26.0,0.238,6.0,23.08,3.0,11.54,0.653,0.09500000000000003,32.5,13.68,16.84,30.53,21.15,30.0,123.0,0.288,20.0,16.26,11.0,8.94,0.8,0.162,19.48,9.34,15.35,24.69,32.23,13.79
745000,2024-06-23,2024,663993,L,669674,L,single,False,False,71.0,0.25,18.0,25.35,10.0,14.08,0.635,0.032999999999999974,19.4,7.98,21.47,29.45,23.87,14.52,219.0,0.223,52.0,23.74,24.0,10.96,0.643,0.109,22.66,9.89,18.18,28.07,24.2,19.48,19.0,0.062,5.0,26.32,3.0,15.79,0.273,0.0,29.73,14.29,10.39,24.68,26.19,23.81,76.0,0.27,12.0,15.79,10.0,13.16,0.786,0.1429999999999999,20.98,9.84,17.05,26.89,26.75,11.65
745000,2024-06-23,2024,694671,R,672578,R,field_out,False,False,160.0,0.262,29.0,18.12,10.0,6.25,0.654,0.08000000000000002,20.55,9.19,18.53,27.72,23.8,13.94,,,,,,,,,,,,,,,13.0,0.1,2.0,15.38,3.0,23.08,0.40800000000000003,0.0,11.76,5.97,13.43,19.4,21.21,6.25,156.0,0.273,35.0,22.44,15.0,9.62,0.8720000000000001,0.259,30.31,15.75,13.15,28.9,31.09,16.28
745000,2024-06-23,2024,677649,R,672578,R,force_out,False,False,107.0,0.272,24.0,22.43,3.0,2.8,0.6679999999999999,0.09699999999999998,23.04,13.12,11.55,24.67,38.07,17.56,308.0,0.277,86.0,27.92,13.0,4.22,0.738,0.1409999999999999,28.89,15.73,13.64,29.37,39.12,22.25,13.0,0.1,2.0,15.38,3.0,23.08,0.40800000000000003,0.0,11.76,5.97,13.43,19.4,21.21,6.25,156.0,0.273,35.0,22.44,15.0,9.62,0.8720000000000001,0.259,30.31,15.75,13.15,28.9,31.09,16.28
745000,2024-06-23,2024,669004,L,570632,R,field_out,False,False,194.0,0.186,53.0,27.32,16.0,8.25,0.665,0.22099999999999997,30.09,15.4,12.32,27.73,27.0,17.79,459.0,0.239,122.0,26.58,55.0,11.98,0.752,0.181,32.7,15.24,15.56,30.8,24.84,20.68,104.0,0.208,20.0,19.23,6.0,5.77,0.583,0.12500000000000003,26.67,12.84,14.07,26.91,32.77,19.61,115.0,0.304,15.0,13.04,11.0,9.57,0.927,0.255,20.1,9.48,13.51,22.99,30.2,13.51
745000,2024-06-23,2024,592669,R,570632,R,walk,False,True,132.0,0.202,26.0,19.7,12.0,9.09,0.641,0.15899999999999997,26.67,11.09,21.26,32.35,24.73,15.76,408.0,0.229,91.0,22.3,35.0,8.58,0.723,0.1969999999999999,28.12,14.44,14.12,28.56,33.7,19.12,134.0,0.24,21.0,15.67,12.0,8.96,0.71,0.15700000000000003,22.41,9.81,16.23,26.04,24.47,14.09,90.0,0.257,14.0,15.56,11.0,12.22,1.001,0.392,23.78,11.17,16.62,27.79,29.95,13.59
745000,2024-06-23,2024,676369,R,570632,R,grounded_into_double_play,False,False,157.0,0.183,42.0,26.75,11.0,7.01,0.614,0.183,36.73,16.86,15.69,32.55,26.99,24.0,125.0,0.257,36.0,28.8,9.0,7.2,0.966,0.389,35.34,17.89,12.6,30.49,29.12,21.95,134.0,0.24,21.0,15.67,12.0,8.96,0.71,0.15700000000000003,22.41,9.81,16.23,26.04,24.47,14.09,90.0,0.257,14.0,15.56,11.0,12.22,1.001,0.392,23.78,11.17,16.62,27.79,29.95,13.59
745000,2024-06-23,2024,668800,R,672578,R,field_out,False,False,38.0,0.162,9.0,23.68,1.0,2.63,0.427,0.08099999999999999,26.58,13.91,19.87,33.77,44.32,16.67,161.0,0.264,40.0,24.84,9.0,5.59,0.731,0.1549999999999999,26.76,14.36,14.36,28.73,35.04,24.84,13.0,0.1,2.0,15.38,3.0,23.08,0.40800000000000003,0.0,11.76,5.97,13.43,19.4,21.21,6.25,156.0,0.273,35.0,22.44,15.0,9.62,0.8720000000000001,0.259,30.31,15.75,13.15,28.9,31.09,16.28
745000,2024-06-23,2024,665750,L,672578,R,field_out,False,False,185.0,0.216,37.0,20.0,14.0,7.57,0.627,0.13499999999999998,23.45,11.91,14.92,26.83,31.82,18.05,405.0,0.275,86.0,21.23,25.0,6.17,0.767,0.174,24.9,12.5,15.05,27.55,29.44,18.34,8.0,0.429,0.0,0.0,1.0,12.5,1.071,0.14199999999999996,23.53,10.0,12.5,22.5,17.39,0.0,146.0,0.189,42.0,28.77,17.0,11.64,0.597,0.118,30.58,15.6,11.39,26.99,28.62,19.27
745000,2024-06-23,2024,543760,R,672578,R,field_out,False,False,235.0,0.216,34.0,14.47,20.0,8.51,0.637,0.13599999999999998,21.34,11.07,13.43,24.5,26.01,16.19,544.0,0.273,77.0,14.15,52.0,9.56,0.8360000000000001,0.2199999999999999,18.01,8.45,14.48,22.93,21.97,13.9,13.0,0.1,2.0,15.38,3.0,23.08,0.40800000000000003,0.0,11.76,5.97,13.43,19.4,21.21,6.25,156.0,0.273,35.0,22.44,15.0,9.62,0.8720000000000001,0.259,30.31,15.75,13.15,28.9,31.09,16.28
745000,2024-06-23,2024,672580,R,570632,R,field_out,False,False,277.0,0.234,53.0,19.13,21.0,7.58,0.612,0.087,19.29,8.41,20.79,29.21,21.74,17.85,400.0,0.258,94.0,23.5,33.0,8.25,0.648,0.071,20.3,8.71,19.59,28.3,19.12,19.96,134.0,0.24,21.0,15.67,12.0,8.96,0.71,0.15700000000000003,22.41,9.81,16.23,26.04,24.47,14.09,90.0,0.257,14.0,15.56,11.0,12.22,1.001,0.392,23.78,11.17,16.62,27.79,29.95,13.59
745000,2024-06-23,2024,680118,R,570632,R,field_out,False,False,45.0,0.205,12.0,26.67,3.0,6.67,0.484,0.0,30.38,14.37,14.97,29.34,33.33,21.43,97.0,0.264,16.0,16.49,6.0,6.19,0.756,0.173,25.15,12.46,15.65,28.12,25.62,16.33,134.0,0.24,21.0,15.67,12.0,8.96,0.71,0.15700000000000003,22.41,9.81,16.23,26.04,24.47,14.09,90.0,0.257,14.0,15.56,11.0,12.22,1.001,0.392,23.78,11.17,16.62,27.79,29.95,13.59
745000,2024-06-23,2024,679845,R,570632,R,field_out,False,False,83.0,0.197,15.0,18.07,10.0,12.05,0.532,0.04199999999999998,21.26,9.18,17.69,26.87,22.52,18.99,44.0,0.279,7.0,15.91,1.0,2.27,0.667,0.0929999999999999,20.0,9.64,16.87,26.51,25.61,14.29,134.0,0.24,21.0,15.67,12.0,8.96,0.71,0.15700000000000003,22.41,9.81,16.23,26.04,24.47,14.09,90.0,0.257,14.0,15.56,11.0,12.22,1.001,0.392,23.78,11.17,16.62,27.79,29.95,13.59
745648,2024-06-23,2024,622534,R,663687,L,single,False,False,76.0,0.313,11.0,14.47,8.0,10.53,0.845,0.15000000000000002,19.72,9.12,15.64,24.76,28.92,13.1,99.0,0.277,22.0,22.22,3.0,3.03,0.665,0.0949999999999999,26.88,13.81,17.68,31.49,28.93,23.66,90.0,0.185,20.0,22.22,7.0,7.78,0.614,0.173,22.16,10.43,17.65,28.07,26.67,17.09,225.0,0.258,45.0,20.0,21.0,9.33,0.8069999999999999,0.2169999999999999,23.04,10.97,17.42,28.39,22.75,16.54
745648,2024-06-23,2024,621043,R,663687,L,hit_by_pitch,False,False,63.0,0.316,10.0,15.87,5.0,7.94,0.961,0.27999999999999997,15.89,6.88,18.62,25.51,21.49,15.62,136.0,0.248,19.0,13.97,17.0,12.5,0.782,0.188,21.1,9.54,17.18,26.72,26.2,13.01,90.0,0.185,20.0,22.22,7.0,7.78,0.614,0.173,22.16,10.43,17.65,28.07,26.67,17.09,225.0,0.258,45.0,20.0,21.0,9.33,0.8069999999999999,0.2169999999999999,23.04,10.97,17.42,28.39,22.75,16.54
745648,2024-06-23,2024,668904,R,663687,L,double_play,False,False,21.0,0.5,1.0,4.76,4.0,19.05,1.509,0.43799999999999994,18.92,9.72,8.33,18.06,35.14,5.0,56.0,0.314,12.0,21.43,5.0,8.93,0.7869999999999999,0.0979999999999999,27.66,13.33,16.92,30.26,30.21,23.53,90.0,0.185,20.0,22.22,7.0,7.78,0.614,0.173,22.16,10.43,17.65,28.07,26.67,17.09,225.0,0.258,45.0,20.0,21.0,9.33,0.8069999999999999,0.2169999999999999,23.04,10.97,17.42,28.39,22.75,16.54
745648,2024-06-23,2024,669304,R,663687,L,walk,False,True,70.0,0.25,10.0,14.29,1.0,1.43,0.653,0.132,17.69,9.47,13.58,23.05,35.25,15.62,32.0,0.226,6.0,18.75,1.0,3.12,0.573,0.097,29.85,17.54,10.53,28.07,44.44,20.0,90.0,0.185,20.0,22.22,7.0,7.78,0.614,0.173,22.16,10.43,17.65,28.07,26.67,17.09,225.0,0.258,45.0,20.0,21.0,9.33,0.8069999999999999,0.2169999999999999,23.04,10.97,17.42,28.39,22.75,16.54
745648,2024-06-23,2024,467793,R,663687,L,force_out,False,False,70.0,0.281,12.0,17.14,4.0,5.71,0.895,0.281,24.22,10.99,17.73,28.72,23.48,15.58,162.0,0.266,21.0,12.96,20.0,12.35,0.8069999999999999,0.187,16.6,6.97,17.43,24.41,22.49,13.04,90.0,0.185,20.0,22.22,7.0,7.78,0.614,0.173,22.16,10.43,17.65,28.07,26.67,17.09,225.0,0.258,45.0,20.0,21.0,9.33,0.8069999999999999,0.2169999999999999,23.04,10.97,17.42,28.39,22.75,16.54
745648,2024-06-23,2024,680474,R,641154,R,strikeout,True,False,142.0,0.242,39.0,27.46,15.0,10.56,0.648,0.07300000000000001,29.1,12.1,20.27,32.37,20.79,22.16,,,,,,,,,,,,,,,163.0,0.252,41.0,25.15,12.0,7.36,0.755,0.19,29.1,14.43,16.09,30.51,28.03,22.16,394.0,0.205,130.0,32.99,21.0,5.33,0.597,0.137,32.71,17.16,14.87,32.02,35.04,24.16
745648,2024-06-23,2024,668709,L,641154,R,strikeout,True,False,260.0,0.269,45.0,17.31,31.0,11.92,0.83,0.20199999999999996,24.6,10.55,17.16,27.71,21.86,17.37,232.0,0.209,53.0,22.84,35.0,15.09,0.726,0.184,28.61,12.18,15.3,27.48,19.27,20.46,177.0,0.269,46.0,25.99,6.0,3.39,0.798,0.23399999999999999,26.89,13.35,14.88,28.23,30.16,19.17,407.0,0.271,104.0,25.55,27.0,6.63,0.754,0.1549999999999999,27.73,14.02,16.28,30.3,33.55,23.21
745648,2024-06-23,2024,609280,R,641154,R,field_out,False,False,92.0,0.281,13.0,14.13,2.0,2.17,0.653,0.07899999999999996,15.2,7.76,18.81,26.57,36.75,13.83,52.0,0.229,6.0,11.54,4.0,7.69,0.705,0.1879999999999999,14.58,7.49,13.9,21.39,30.93,12.77,163.0,0.252,41.0,25.15,12.0,7.36,0.755,0.19,29.1,14.43,16.09,30.51,28.03,22.16,394.0,0.205,130.0,32.99,21.0,5.33,0.597,0.137,32.71,17.16,14.87,32.02,35.04,24.16
745648,2024-06-23,2024,650489,R,663687,L,strikeout,True,False,74.0,0.362,19.0,25.68,4.0,5.41,0.9560000000000001,0.18900000000000006,29.73,15.12,16.15,31.27,35.81,21.59,129.0,0.237,26.0,20.16,11.0,8.53,0.636,0.079,27.27,14.12,14.71,28.82,33.85,15.03,90.0,0.185,20.0,22.22,7.0,7.78,0.614,0.173,22.16,10.43,17.65,28.07,26.67,17.09,225.0,0.258,45.0,20.0,21.0,9.33,0.8069999999999999,0.2169999999999999,23.04,10.97,17.42,28.39,22.75,16.54
745648,2024-06-23,2024,621439,R,663687,L,home_run,False,False,59.0,0.255,18.0,30.51,3.0,5.08,0.76,0.2,30.36,15.6,16.51,32.11,28.28,26.47,90.0,0.179,29.0,32.22,9.0,10.0,0.628,0.193,33.14,15.66,14.56,30.22,23.24,27.88,90.0,0.185,20.0,22.22,7.0,7.78,0.614,0.173,22.16,10.43,17.65,28.07,26.67,17.09,225.0,0.258,45.0,20.0,21.0,9.33,0.8069999999999999,0.2169999999999999,23.04,10.97,17.42,28.39,22.75,16.54
745648,2024-06-23,2024,571657,R,663687,L,field_out,False,False,61.0,0.231,12.0,19.67,6.0,9.84,0.6319999999999999,0.05699999999999997,21.43,9.21,21.05,30.26,30.0,19.05,128.0,0.289,27.0,21.09,10.0,7.81,0.782,0.141,24.78,11.45,20.65,32.11,31.62,18.88,90.0,0.185,20.0,22.22,7.0,7.78,0.614,0.173,22.16,10.43,17.65,28.07,26.67,17.09,225.0,0.258,45.0,20.0,21.0,9.33,0.8069999999999999,0.2169999999999999,23.04,10.97,17.42,28.39,22.75,16.54
745648,2024-06-23,2024,543877,R,663687,L,field_out,False,False,47.0,0.217,8.0,17.02,0.0,0.0,0.474,0.04400000000000001,15.15,8.93,16.67,25.6,41.56,15.69,76.0,0.25,23.0,30.26,3.0,3.95,0.776,0.25,27.63,13.17,17.24,30.41,31.25,23.23,90.0,0.185,20.0,22.22,7.0,7.78,0.614,0.173,22.16,10.43,17.65,28.07,26.67,17.09,225.0,0.258,45.0,20.0,21.0,9.33,0.8069999999999999,0.2169999999999999,23.04,10.97,17.42,28.39,22.75,16.54
745648,2024-06-23,2024,667670,R,641154,R,strikeout,True,False,205.0,0.268,73.0,35.61,22.0,10.73,0.85,0.22899999999999998,38.16,18.52,12.66,31.18,30.06,28.4,351.0,0.23,115.0,32.76,33.0,9.4,0.788,0.2419999999999999,37.94,17.82,16.3,34.12,28.65,23.47,163.0,0.252,41.0,25.15,12.0,7.36,0.755,0.19,29.1,14.43,16.09,30.51,28.03,22.16,394.0,0.205,130.0,32.99,21.0,5.33,0.597,0.137,32.71,17.16,14.87,32.02,35.04,24.16
745648,2024-06-23,2024,691016,L,641154,R,strikeout,True,False,106.0,0.244,34.0,32.08,12.0,11.32,0.83,0.23399999999999999,34.43,15.56,15.8,31.36,27.96,30.36,118.0,0.159,37.0,31.36,10.0,8.47,0.472,0.0839999999999999,33.93,16.67,14.91,31.58,29.36,28.91,177.0,0.269,46.0,25.99,6.0,3.39,0.798,0.23399999999999999,26.89,13.35,14.88,28.23,30.16,19.17,407.0,0.271,104.0,25.55,27.0,6.63,0.754,0.1549999999999999,27.73,14.02,16.28,30.3,33.55,23.21
745648,2024-06-23,2024,669127,R,641154,R,strikeout,True,False,180.0,0.216,46.0,25.56,13.0,7.22,0.7709999999999999,0.272,29.81,14.74,16.32,31.06,31.97,26.44,344.0,0.217,101.0,29.36,23.0,6.69,0.7230000000000001,0.226,32.34,16.3,14.73,31.03,31.22,23.88,163.0,0.252,41.0,25.15,12.0,7.36,0.755,0.19,29.1,14.43,16.09,30.51,28.03,22.16,394.0,0.205,130.0,32.99,21.0,5.33,0.597,0.137,32.71,17.16,14.87,32.02,35.04,24.16
745648,2024-06-23,2024,622534,R,663687,L,field_out,False,False,76.0,0.313,11.0,14.47,8.0,10.53,0.845,0.15000000000000002,19.72,9.12,15.64,24.76,28.92,13.1,99.0,0.277,22.0,22.22,3.0,3.03,0.665,0.0949999999999999,26.88,13.81,17.68,31.49,28.93,23.66,90.0,0.185,20.0,22.22,7.0,7.78,0.614,0.173,22.16,10.43,17.65,28.07,26.67,17.09,225.0,0.258,45.0,20.0,21.0,9.33,0.8069999999999999,0.2169999999999999,23.04,10.97,17.42,28.39,22.75,16.54
745648,2024-06-23,2024,621043,R,663687,L,field_out,False,False,63.0,0.316,10.0,15.87,5.0,7.94,0.961,0.27999999999999997,15.89,6.88,18.62,25.51,21.49,15.62,136.0,0.248,19.0,13.97,17.0,12.5,0.782,0.188,21.1,9.54,17.18,26.72,26.2,13.01,90.0,0.185,20.0,22.22,7.0,7.78,0.614,0.173,22.16,10.43,17.65,28.07,26.67,17.09,225.0,0.258,45.0,20.0,21.0,9.33,0.8069999999999999,0.2169999999999999,23.04,10.97,17.42,28.39,22.75,16.54
745648,2024-06-23,2024,668904,R,663687,L,field_out,False,False,21.0,0.5,1.0,4.76,4.0,19.05,1.509,0.43799999999999994,18.92,9.72,8.33,18.06,35.14,5.0,56.0,0.314,12.0,21.43,5.0,8.93,0.7869999999999999,0.0979999999999999,27.66,13.33,16.92,30.26,30.21,23.53,90.0,0.185,20.0,22.22,7.0,7.78,0.614,0.173,22.16,10.43,17.65,28.07,26.67,17.09,225.0,0.258,45.0,20.0,21.0,9.33,0.8069999999999999,0.2169999999999999,23.04,10.97,17.42,28.39,22.75,16.54
745648,2024-06-23,2024,663527,R,641154,R,field_out,False,False,96.0,0.233,23.0,23.96,9.0,9.38,0.614,0.06899999999999998,29.05,14.02,16.44,30.46,25.53,22.33,79.0,0.167,18.0,22.78,9.0,11.39,0.5489999999999999,0.091,24.38,11.4,17.84,29.24,24.85,14.29,163.0,0.252,41.0,25.15,12.0,7.36,0.755,0.19,29.1,14.43,16.09,30.51,28.03,22.16,394.0,0.205,130.0,32.99,21.0,5.33,0.597,0.137,32.71,17.16,14.87,32.02,35.04,24.16
745648,2024-06-23,2024,680869,R,641154,R,strikeout,True,False,182.0,0.196,62.0,34.07,10.0,5.49,0.595,0.15499999999999997,35.01,17.88,15.74,33.62,29.53,30.39,220.0,0.303,54.0,24.55,18.0,8.18,0.969,0.298,30.92,15.24,15.12,30.36,29.22,21.29,163.0,0.252,41.0,25.15,12.0,7.36,0.755,0.19,29.1,14.43,16.09,30.51,28.03,22.16,394.0,0.205,130.0,32.99,21.0,5.33,0.597,0.137,32.71,17.16,14.87,32.02,35.04,24.16
745648,2024-06-23,2024,671732,L,641154,R,strikeout,True,False,116.0,0.196,33.0,28.45,14.0,12.07,0.597,0.10799999999999998,29.36,12.85,18.67,31.53,25.0,20.51,107.0,0.216,29.0,27.1,3.0,2.8,0.616,0.157,31.16,14.83,17.7,32.54,26.94,22.48,177.0,0.269,46.0,25.99,6.0,3.39,0.798,0.23399999999999999,26.89,13.35,14.88,28.23,30.16,19.17,407.0,0.271,104.0,25.55,27.0,6.63,0.754,0.1549999999999999,27.73,14.02,16.28,30.3,33.55,23.21
745648,2024-06-23,2024,669304,R,663687,L,field_out,False,False,70.0,0.25,10.0,14.29,1.0,1.43,0.653,0.132,17.69,9.47,13.58,23.05,35.25,15.62,32.0,0.226,6.0,18.75,1.0,3.12,0.573,0.097,29.85,17.54,10.53,28.07,44.44,20.0,90.0,0.185,20.0,22.22,7.0,7.78,0.614,0.173,22.16,10.43,17.65,28.07,26.67,17.09,225.0,0.258,45.0,20.0,21.0,9.33,0.8069999999999999,0.2169999999999999,23.04,10.97,17.42,28.39,22.75,16.54
745648,2024-06-23,2024,467793,R,663687,L,field_out,False,False,70.0,0.281,12.0,17.14,4.0,5.71,0.895,0.281,24.22,10.99,17.73,28.72,23.48,15.58,162.0,0.266,21.0,12.96,20.0,12.35,0.8069999999999999,0.187,16.6,6.97,17.43,24.41,22.49,13.04,90.0,0.185,20.0,22.22,7.0,7.78,0.614,0.173,22.16,10.43,17.65,28.07,26.67,17.09,225.0,0.258,45.0,20.0,21.0,9.33,0.8069999999999999,0.2169999999999999,23.04,10.97,17.42,28.39,22.75,16.54
745648,2024-06-23,2024,650489,R,663687,L,field_out,False,False,74.0,0.362,19.0,25.68,4.0,5.41,0.9560000000000001,0.18900000000000006,29.73,15.12,16.15,31.27,35.81,21.59,129.0,0.237,26.0,20.16,11.0,8.53,0.636,0.079,27.27,14.12,14.71,28.82,33.85,15.03,90.0,0.185,20.0,22.22,7.0,7.78,0.614,0.173,22.16,10.43,17.65,28.07,26.67,17.09,225.0,0.258,45.0,20.0,21.0,9.33,0.8069999999999999,0.2169999999999999,23.04,10.97,17.42,28.39,22.75,16.54
745648,2024-06-23,2024,680474,R,641154,R,field_out,False,False,142.0,0.242,39.0,27.46,15.0,10.56,0.648,0.07300000000000001,29.1,12.1,20.27,32.37,20.79,22.16,,,,,,,,,,,,,,,163.0,0.252,41.0,25.15,12.0,7.36,0.755,0.19,29.1,14.43,16.09,30.51,28.03,22.16,394.0,0.205,130.0,32.99,21.0,5.33,0.597,0.137,32.71,17.16,14.87,32.02,35.04,24.16
745648,2024-06-23,2024,668709,L,641154,R,field_out,False,False,260.0,0.269,45.0,17.31,31.0,11.92,0.83,0.20199999999999996,24.6,10.55,17.16,27.71,21.86,17.37,232.0,0.209,53.0,22.84,35.0,15.09,0.726,0.184,28.61,12.18,15.3,27.48,19.27,20.46,177.0,0.269,46.0,25.99,6.0,3.39,0.798,0.23399999999999999,26.89,13.35,14.88,28.23,30.16,19.17,407.0,0.271,104.0,25.55,27.0,6.63,0.754,0.1549999999999999,27.73,14.02,16.28,30.3,33.55,23.21
745648,2024-06-23,2024,609280,R,641154,R,strikeout,True,False,92.0,0.281,13.0,14.13,2.0,2.17,0.653,0.07899999999999996,15.2,7.76,18.81,26.57,36.75,13.83,52.0,0.229,6.0,11.54,4.0,7.69,0.705,0.1879999999999999,14.58,7.49,13.9,21.39,30.93,12.77,163.0,0.252,41.0,25.15,12.0,7.36,0.755,0.19,29.1,14.43,16.09,30.51,28.03,22.16,394.0,0.205,130.0,32.99,21.0,5.33,0.597,0.137,32.71,17.16,14.87,32.02,35.04,24.16
745648,2024-06-23,2024,621439,R,663687,L,field_out,False,False,59.0,0.255,18.0,30.51,3.0,5.08,0.76,0.2,30.36,15.6,16.51,32.11,28.28,26.47,90.0,0.179,29.0,32.22,9.0,10.0,0.628,0.193,33.14,15.66,14.56,30.22,23.24,27.88,90.0,0.185,20.0,22.22,7.0,7.78,0.614,0.173,22.16,10.43,17.65,28.07,26.67,17.09,225.0,0.258,45.0,20.0,21.0,9.33,0.8069999999999999,0.2169999999999999,23.04,10.97,17.42,28.39,22.75,16.54
745648,2024-06-23,2024,571657,R,663687,L,field_out,False,False,61.0,0.231,12.0,19.67,6.0,9.84,0.6319999999999999,0.05699999999999997,21.43,9.21,21.05,30.26,30.0,19.05,128.0,0.289,27.0,21.09,10.0,7.81,0.782,0.141,24.78,11.45,20.65,32.11,31.62,18.88,90.0,0.185,20.0,22.22,7.0,7.78,0.614,0.173,22.16,10.43,17.65,28.07,26.67,17.09,225.0,0.258,45.0,20.0,21.0,9.33,0.8069999999999999,0.2169999999999999,23.04,10.97,17.42,28.39,22.75,16.54
745648,2024-06-23,2024,543877,R,663687,L,walk,False,True,47.0,0.217,8.0,17.02,0.0,0.0,0.474,0.04400000000000001,15.15,8.93,16.67,25.6,41.56,15.69,76.0,0.25,23.0,30.26,3.0,3.95,0.776,0.25,27.63,13.17,17.24,30.41,31.25,23.23,90.0,0.185,20.0,22.22,7.0,7.78,0.614,0.173,22.16,10.43,17.65,28.07,26.67,17.09,225.0,0.258,45.0,20.0,21.0,9.33,0.8069999999999999,0.2169999999999999,23.04,10.97,17.42,28.39,22.75,16.54
745648,2024-06-23,2024,622534,R,663687,L,field_out,False,False,76.0,0.313,11.0,14.47,8.0,10.53,0.845,0.15000000000000002,19.72,9.12,15.64,24.76,28.92,13.1,99.0,0.277,22.0,22.22,3.0,3.03,0.665,0.0949999999999999,26.88,13.81,17.68,31.49,28.93,23.66,90.0,0.185,20.0,22.22,7.0,7.78,0.614,0.173,22.16,10.43,17.65,28.07,26.67,17.09,225.0,0.258,45.0,20.0,21.0,9.33,0.8069999999999999,0.2169999999999999,23.04,10.97,17.42,28.39,22.75,16.54
745648,2024-06-23,2024,667670,R,641154,R,strikeout,True,False,205.0,0.268,73.0,35.61,22.0,10.73,0.85,0.22899999999999998,38.16,18.52,12.66,31.18,30.06,28.4,351.0,0.23,115.0,32.76,33.0,9.4,0.788,0.2419999999999999,37.94,17.82,16.3,34.12,28.65,23.47,163.0,0.252,41.0,25.15,12.0,7.36,0.755,0.19,29.1,14.43,16.09,30.51,28.03,22.16,394.0,0.205,130.0,32.99,21.0,5.33,0.597,0.137,32.71,17.16,14.87,32.02,35.04,24.16
745648,2024-06-23,2024,691016,L,641154,R,field_out,False,False,106.0,0.244,34.0,32.08,12.0,11.32,0.83,0.23399999999999999,34.43,15.56,15.8,31.36,27.96,30.36,118.0,0.159,37.0,31.36,10.0,8.47,0.472,0.0839999999999999,33.93,16.67,14.91,31.58,29.36,28.91,177.0,0.269,46.0,25.99,6.0,3.39,0.798,0.23399999999999999,26.89,13.35,14.88,28.23,30.16,19.17,407.0,0.271,104.0,25.55,27.0,6.63,0.754,0.1549999999999999,27.73,14.02,16.28,30.3,33.55,23.21
745648,2024-06-23,2024,669127,R,641154,R,field_out,False,False,180.0,0.216,46.0,25.56,13.0,7.22,0.7709999999999999,0.272,29.81,14.74,16.32,31.06,31.97,26.44,344.0,0.217,101.0,29.36,23.0,6.69,0.7230000000000001,0.226,32.34,16.3,14.73,31.03,31.22,23.88,163.0,0.252,41.0,25.15,12.0,7.36,0.755,0.19,29.1,14.43,16.09,30.51,28.03,22.16,394.0,0.205,130.0,32.99,21.0,5.33,0.597,0.137,32.71,17.16,14.87,32.02,35.04,24.16
745648,2024-06-23,2024,621043,R,663687,L,strikeout,True,False,63.0,0.316,10.0,15.87,5.0,7.94,0.961,0.27999999999999997,15.89,6.88,18.62,25.51,21.49,15.62,136.0,0.248,19.0,13.97,17.0,12.5,0.782,0.188,21.1,9.54,17.18,26.72,26.2,13.01,90.0,0.185,20.0,22.22,7.0,7.78,0.614,0.173,22.16,10.43,17.65,28.07,26.67,17.09,225.0,0.258,45.0,20.0,21.0,9.33,0.8069999999999999,0.2169999999999999,23.04,10.97,17.42,28.39,22.75,16.54
745648,2024-06-23,2024,668904,R,663687,L,field_out,False,False,21.0,0.5,1.0,4.76,4.0,19.05,1.509,0.43799999999999994,18.92,9.72,8.33,18.06,35.14,5.0,56.0,0.314,12.0,21.43,5.0,8.93,0.7869999999999999,0.0979999999999999,27.66,13.33,16.92,30.26,30.21,23.53,90.0,0.185,20.0,22.22,7.0,7.78,0.614,0.173,22.16,10.43,17.65,28.07,26.67,17.09,225.0,0.258,45.0,20.0,21.0,9.33,0.8069999999999999,0.2169999999999999,23.04,10.97,17.42,28.39,22.75,16.54
745648,2024-06-23,2024,669304,R,663687,L,field_out,False,False,70.0,0.25,10.0,14.29,1.0,1.43,0.653,0.132,17.69,9.47,13.58,23.05,35.25,15.62,32.0,0.226,6.0,18.75,1.0,3.12,0.573,0.097,29.85,17.54,10.53,28.07,44.44,20.0,90.0,0.185,20.0,22.22,7.0,7.78,0.614,0.173,22.16,10.43,17.65,28.07,26.67,17.09,225.0,0.258,45.0,20.0,21.0,9.33,0.8069999999999999,0.2169999999999999,23.04,10.97,17.42,28.39,22.75,16.54
745648,2024-06-23,2024,663527,R,641154,R,strikeout,True,False,96.0,0.233,23.0,23.96,9.0,9.38,0.614,0.06899999999999998,29.05,14.02,16.44,30.46,25.53,22.33,79.0,0.167,18.0,22.78,9.0,11.39,0.5489999999999999,0.091,24.38,11.4,17.84,29.24,24.85,14.29,163.0,0.252,41.0,25.15,12.0,7.36,0.755,0.19,29.1,14.43,16.09,30.51,28.03,22.16,394.0,0.205,130.0,32.99,21.0,5.33,0.597,0.137,32.71,17.16,14.87,32.02,35.04,24.16
745648,2024-06-23,2024,680869,R,641154,R,strikeout,True,False,182.0,0.196,62.0,34.07,10.0,5.49,0.595,0.15499999999999997,35.01,17.88,15.74,33.62,29.53,30.39,220.0,0.303,54.0,24.55,18.0,8.18,0.969,0.298,30.92,15.24,15.12,30.36,29.22,21.29,163.0,0.252,41.0,25.15,12.0,7.36,0.755,0.19,29.1,14.43,16.09,30.51,28.03,22.16,394.0,0.205,130.0,32.99,21.0,5.33,0.597,0.137,32.71,17.16,14.87,32.02,35.04,24.16
745648,2024-06-23,2024,671732,L,641154,R,single,False,False,116.0,0.196,33.0,28.45,14.0,12.07,0.597,0.10799999999999998,29.36,12.85,18.67,31.53,25.0,20.51,107.0,0.216,29.0,27.1,3.0,2.8,0.616,0.157,31.16,14.83,17.7,32.54,26.94,22.48,177.0,0.269,46.0,25.99,6.0,3.39,0.798,0.23399999999999999,26.89,13.35,14.88,28.23,30.16,19.17,407.0,0.271,104.0,25.55,27.0,6.63,0.754,0.1549999999999999,27.73,14.02,16.28,30.3,33.55,23.21
745648,2024-06-23,2024,680474,R,641154,R,field_out,False,False,142.0,0.242,39.0,27.46,15.0,10.56,0.648,0.07300000000000001,29.1,12.1,20.27,32.37,20.79,22.16,,,,,,,,,,,,,,,163.0,0.252,41.0,25.15,12.0,7.36,0.755,0.19,29.1,14.43,16.09,30.51,28.03,22.16,394.0,0.205,130.0,32.99,21.0,5.33,0.597,0.137,32.71,17.16,14.87,32.02,35.04,24.16
745648,2024-06-23,2024,467793,R,663687,L,single,False,False,70.0,0.281,12.0,17.14,4.0,5.71,0.895,0.281,24.22,10.99,17.73,28.72,23.48,15.58,162.0,0.266,21.0,12.96,20.0,12.35,0.8069999999999999,0.187,16.6,6.97,17.43,24.41,22.49,13.04,90.0,0.185,20.0,22.22,7.0,7.78,0.614,0.173,22.16,10.43,17.65,28.07,26.67,17.09,225.0,0.258,45.0,20.0,21.0,9.33,0.8069999999999999,0.2169999999999999,23.04,10.97,17.42,28.39,22.75,16.54
745648,2024-06-23,2024,650489,R,663687,L,single,False,False,74.0,0.362,19.0,25.68,4.0,5.41,0.9560000000000001,0.18900000000000006,29.73,15.12,16.15,31.27,35.81,21.59,129.0,0.237,26.0,20.16,11.0,8.53,0.636,0.079,27.27,14.12,14.71,28.82,33.85,15.03,90.0,0.185,20.0,22.22,7.0,7.78,0.614,0.173,22.16,10.43,17.65,28.07,26.67,17.09,225.0,0.258,45.0,20.0,21.0,9.33,0.8069999999999999,0.2169999999999999,23.04,10.97,17.42,28.39,22.75,16.54
745648,2024-06-23,2024,621439,R,663687,L,double,False,False,59.0,0.255,18.0,30.51,3.0,5.08,0.76,0.2,30.36,15.6,16.51,32.11,28.28,26.47,90.0,0.179,29.0,32.22,9.0,10.0,0.628,0.193,33.14,15.66,14.56,30.22,23.24,27.88,90.0,0.185,20.0,22.22,7.0,7.78,0.614,0.173,22.16,10.43,17.65,28.07,26.67,17.09,225.0,0.258,45.0,20.0,21.0,9.33,0.8069999999999999,0.2169999999999999,23.04,10.97,17.42,28.39,22.75,16.54
745648,2024-06-23,2024,571657,R,613534,R,fielders_choice_out,False,False,71.0,0.177,13.0,18.31,6.0,8.45,0.556,0.09700000000000003,21.14,10.44,16.06,26.51,33.05,20.0,241.0,0.239,59.0,24.48,13.0,5.39,0.6950000000000001,0.157,22.45,10.88,18.24,29.12,32.6,21.61,80.0,0.286,22.0,27.5,12.0,15.0,0.774,0.063,40.14,16.62,16.91,33.53,24.19,22.22,52.0,0.267,12.0,23.08,4.0,7.69,0.721,0.0889999999999999,25.93,12.28,15.35,27.63,31.9,16.67
745648,2024-06-23,2024,543877,R,613534,R,strikeout,True,False,105.0,0.177,26.0,24.76,4.0,3.81,0.485,0.09400000000000003,27.75,14.21,17.96,32.17,37.23,25.74,279.0,0.216,59.0,21.15,22.0,7.89,0.548,0.051,25.76,12.56,16.62,29.18,33.72,23.41,80.0,0.286,22.0,27.5,12.0,15.0,0.774,0.063,40.14,16.62,16.91,33.53,24.19,22.22,52.0,0.267,12.0,23.08,4.0,7.69,0.721,0.0889999999999999,25.93,12.28,15.35,27.63,31.9,16.67
745648,2024-06-23,2024,622534,R,613534,R,caught_stealing_2b,False,False,93.0,0.167,16.0,17.2,6.0,6.45,0.46099999999999997,0.046999999999999986,21.12,10.4,17.13,27.52,28.95,17.2,237.0,0.258,33.0,13.92,15.0,6.33,0.694,0.12,23.38,11.66,15.01,26.67,32.22,16.02,80.0,0.286,22.0,27.5,12.0,15.0,0.774,0.063,40.14,16.62,16.91,33.53,24.19,22.22,52.0,0.267,12.0,23.08,4.0,7.69,0.721,0.0889999999999999,25.93,12.28,15.35,27.63,31.9,16.67
745648,2024-06-23,2024,668709,L,641154,R,strikeout,True,False,260.0,0.269,45.0,17.31,31.0,11.92,0.83,0.20199999999999996,24.6,10.55,17.16,27.71,21.86,17.37,232.0,0.209,53.0,22.84,35.0,15.09,0.726,0.184,28.61,12.18,15.3,27.48,19.27,20.46,177.0,0.269,46.0,25.99,6.0,3.39,0.798,0.23399999999999999,26.89,13.35,14.88,28.23,30.16,19.17,407.0,0.271,104.0,25.55,27.0,6.63,0.754,0.1549999999999999,27.73,14.02,16.28,30.3,33.55,23.21
745648,2024-06-23,2024,609280,R,641154,R,single,False,False,92.0,0.281,13.0,14.13,2.0,2.17,0.653,0.07899999999999996,15.2,7.76,18.81,26.57,36.75,13.83,52.0,0.229,6.0,11.54,4.0,7.69,0.705,0.1879999999999999,14.58,7.49,13.9,21.39,30.93,12.77,163.0,0.252,41.0,25.15,12.0,7.36,0.755,0.19,29.1,14.43,16.09,30.51,28.03,22.16,394.0,0.205,130.0,32.99,21.0,5.33,0.597,0.137,32.71,17.16,14.87,32.02,35.04,24.16
745648,2024-06-23,2024,667670,R,641154,R,strikeout,True,False,205.0,0.268,73.0,35.61,22.0,10.73,0.85,0.22899999999999998,38.16,18.52,12.66,31.18,30.06,28.4,351.0,0.23,115.0,32.76,33.0,9.4,0.788,0.2419999999999999,37.94,17.82,16.3,34.12,28.65,23.47,163.0,0.252,41.0,25.15,12.0,7.36,0.755,0.19,29.1,14.43,16.09,30.51,28.03,22.16,394.0,0.205,130.0,32.99,21.0,5.33,0.597,0.137,32.71,17.16,14.87,32.02,35.04,24.16
745648,2024-06-23,2024,691016,L,641154,R,field_out,False,False,106.0,0.244,34.0,32.08,12.0,11.32,0.83,0.23399999999999999,34.43,15.56,15.8,31.36,27.96,30.36,118.0,0.159,37.0,31.36,10.0,8.47,0.472,0.0839999999999999,33.93,16.67,14.91,31.58,29.36,28.91,177.0,0.269,46.0,25.99,6.0,3.39,0.798,0.23399999999999999,26.89,13.35,14.88,28.23,30.16,19.17,407.0,0.271,104.0,25.55,27.0,6.63,0.754,0.1549999999999999,27.73,14.02,16.28,30.3,33.55,23.21
745648,2024-06-23,2024,622534,R,668674,R,field_out,False,False,93.0,0.167,16.0,17.2,6.0,6.45,0.46099999999999997,0.046999999999999986,21.12,10.4,17.13,27.52,28.95,17.2,237.0,0.258,33.0,13.92,15.0,6.33,0.694,0.12,23.38,11.66,15.01,26.67,32.22,16.02,62.0,0.186,21.0,33.87,2.0,3.23,0.514,0.10199999999999998,30.53,14.22,19.61,33.82,31.37,39.62,160.0,0.254,41.0,25.62,20.0,12.5,0.723,0.1039999999999999,27.31,11.08,18.25,29.33,23.65,21.24
745648,2024-06-23,2024,621043,R,668674,R,strikeout,True,False,186.0,0.305,35.0,18.82,19.0,10.22,0.8340000000000001,0.15800000000000003,20.58,9.09,19.18,28.27,27.69,17.59,444.0,0.224,112.0,25.23,42.0,9.46,0.69,0.164,26.37,11.3,19.9,31.19,27.0,21.72,62.0,0.186,21.0,33.87,2.0,3.23,0.514,0.10199999999999998,30.53,14.22,19.61,33.82,31.37,39.62,160.0,0.254,41.0,25.62,20.0,12.5,0.723,0.1039999999999999,27.31,11.08,18.25,29.33,23.65,21.24
745648,2024-06-23,2024,668904,R,668674,R,strikeout,True,False,50.0,0.326,10.0,20.0,4.0,8.0,1.271,0.565,29.29,14.43,12.94,27.36,27.1,16.67,183.0,0.307,43.0,23.5,15.0,8.2,0.962,0.283,27.16,12.8,18.57,31.36,28.0,20.98,62.0,0.186,21.0,33.87,2.0,3.23,0.514,0.10199999999999998,30.53,14.22,19.61,33.82,31.37,39.62,160.0,0.254,41.0,25.62,20.0,12.5,0.723,0.1039999999999999,27.31,11.08,18.25,29.33,23.65,21.24
745648,2024-06-23,2024,669127,R,641154,R,field_out,False,False,180.0,0.216,46.0,25.56,13.0,7.22,0.7709999999999999,0.272,29.81,14.74,16.32,31.06,31.97,26.44,344.0,0.217,101.0,29.36,23.0,6.69,0.7230000000000001,0.226,32.34,16.3,14.73,31.03,31.22,23.88,163.0,0.252,41.0,25.15,12.0,7.36,0.755,0.19,29.1,14.43,16.09,30.51,28.03,22.16,394.0,0.205,130.0,32.99,21.0,5.33,0.597,0.137,32.71,17.16,14.87,32.02,35.04,24.16
745648,2024-06-23,2024,663527,R,641154,R,strikeout,True,False,96.0,0.233,23.0,23.96,9.0,9.38,0.614,0.06899999999999998,29.05,14.02,16.44,30.46,25.53,22.33,79.0,0.167,18.0,22.78,9.0,11.39,0.5489999999999999,0.091,24.38,11.4,17.84,29.24,24.85,14.29,163.0,0.252,41.0,25.15,12.0,7.36,0.755,0.19,29.1,14.43,16.09,30.51,28.03,22.16,394.0,0.205,130.0,32.99,21.0,5.33,0.597,0.137,32.71,17.16,14.87,32.02,35.04,24.16
745648,2024-06-23,2024,680869,R,641154,R,walk,False,True,182.0,0.196,62.0,34.07,10.0,5.49,0.595,0.15499999999999997,35.01,17.88,15.74,33.62,29.53,30.39,220.0,0.303,54.0,24.55,18.0,8.18,0.969,0.298,30.92,15.24,15.12,30.36,29.22,21.29,163.0,0.252,41.0,25.15,12.0,7.36,0.755,0.19,29.1,14.43,16.09,30.51,28.03,22.16,394.0,0.205,130.0,32.99,21.0,5.33,0.597,0.137,32.71,17.16,14.87,32.02,35.04,24.16
745648,2024-06-23,2024,671732,L,641154,R,field_out,False,False,116.0,0.196,33.0,28.45,14.0,12.07,0.597,0.10799999999999998,29.36,12.85,18.67,31.53,25.0,20.51,107.0,0.216,29.0,27.1,3.0,2.8,0.616,0.157,31.16,14.83,17.7,32.54,26.94,22.48,177.0,0.269,46.0,25.99,6.0,3.39,0.798,0.23399999999999999,26.89,13.35,14.88,28.23,30.16,19.17,407.0,0.271,104.0,25.55,27.0,6.63,0.754,0.1549999999999999,27.73,14.02,16.28,30.3,33.55,23.21
745648,2024-06-23,2024,669304,R,518397,L,strikeout,True,False,70.0,0.25,10.0,14.29,1.0,1.43,0.653,0.132,17.69,9.47,13.58,23.05,35.25,15.62,32.0,0.226,6.0,18.75,1.0,3.12,0.573,0.097,29.85,17.54,10.53,28.07,44.44,20.0,21.0,0.25,3.0,14.29,3.0,14.29,1.0379999999999998,0.43799999999999994,27.78,14.49,4.35,18.84,38.89,20.0,125.0,0.328,15.0,12.0,8.0,6.4,0.781,0.077,16.67,8.44,14.64,23.08,30.3,17.65
745648,2024-06-23,2024,467793,R,518397,L,single,False,False,70.0,0.281,12.0,17.14,4.0,5.71,0.895,0.281,24.22,10.99,17.73,28.72,23.48,15.58,162.0,0.266,21.0,12.96,20.0,12.35,0.8069999999999999,0.187,16.6,6.97,17.43,24.41,22.49,13.04,21.0,0.25,3.0,14.29,3.0,14.29,1.0379999999999998,0.43799999999999994,27.78,14.49,4.35,18.84,38.89,20.0,125.0,0.328,15.0,12.0,8.0,6.4,0.781,0.077,16.67,8.44,14.64,23.08,30.3,17.65
745648,2024-06-23,2024,650489,R,518397,L,grounded_into_double_play,False,False,74.0,0.362,19.0,25.68,4.0,5.41,0.9560000000000001,0.18900000000000006,29.73,15.12,16.15,31.27,35.81,21.59,129.0,0.237,26.0,20.16,11.0,8.53,0.636,0.079,27.27,14.12,14.71,28.82,33.85,15.03,21.0,0.25,3.0,14.29,3.0,14.29,1.0379999999999998,0.43799999999999994,27.78,14.49,4.35,18.84,38.89,20.0,125.0,0.328,15.0,12.0,8.0,6.4,0.781,0.077,16.67,8.44,14.64,23.08,30.3,17.65
745648,2024-06-23,2024,680474,R,643377,R,strikeout,True,False,142.0,0.242,39.0,27.46,15.0,10.56,0.648,0.07300000000000001,29.1,12.1,20.27,32.37,20.79,22.16,,,,,,,,,,,,,,,73.0,0.188,28.0,38.36,3.0,4.11,0.494,0.08700000000000002,37.04,19.42,15.53,34.95,35.26,23.73,157.0,0.228,33.0,21.02,8.0,5.1,0.599,0.089,24.56,11.73,18.37,30.1,27.92,20.25
745648,2024-06-23,2024,668709,L,643377,R,field_out,False,False,260.0,0.269,45.0,17.31,31.0,11.92,0.83,0.20199999999999996,24.6,10.55,17.16,27.71,21.86,17.37,232.0,0.209,53.0,22.84,35.0,15.09,0.726,0.184,28.61,12.18,15.3,27.48,19.27,20.46,57.0,0.18,16.0,28.07,5.0,8.77,0.548,0.10000000000000003,32.71,15.42,21.15,36.56,32.11,21.33,117.0,0.238,35.0,29.91,11.0,9.4,0.6970000000000001,0.143,29.15,14.01,20.91,34.91,36.23,23.81
745648,2024-06-23,2024,609280,R,643377,R,single,False,False,92.0,0.281,13.0,14.13,2.0,2.17,0.653,0.07899999999999996,15.2,7.76,18.81,26.57,36.75,13.83,52.0,0.229,6.0,11.54,4.0,7.69,0.705,0.1879999999999999,14.58,7.49,13.9,21.39,30.93,12.77,73.0,0.188,28.0,38.36,3.0,4.11,0.494,0.08700000000000002,37.04,19.42,15.53,34.95,35.26,23.73,157.0,0.228,33.0,21.02,8.0,5.1,0.599,0.089,24.56,11.73,18.37,30.1,27.92,20.25
745648,2024-06-23,2024,667670,R,643377,R,strikeout,True,False,205.0,0.268,73.0,35.61,22.0,10.73,0.85,0.22899999999999998,38.16,18.52,12.66,31.18,30.06,28.4,351.0,0.23,115.0,32.76,33.0,9.4,0.788,0.2419999999999999,37.94,17.82,16.3,34.12,28.65,23.47,73.0,0.188,28.0,38.36,3.0,4.11,0.494,0.08700000000000002,37.04,19.42,15.53,34.95,35.26,23.73,157.0,0.228,33.0,21.02,8.0,5.1,0.599,0.089,24.56,11.73,18.37,30.1,27.92,20.25
745396,2024-06-23,2024,668930,L,650633,R,strikeout,True,False,241.0,0.308,37.0,15.35,21.0,8.71,0.8089999999999999,0.131,12.73,5.9,18.44,24.34,25.4,13.7,376.0,0.224,82.0,21.81,30.0,7.98,0.608,0.097,22.03,10.83,16.08,26.9,28.59,16.14,172.0,0.22,40.0,23.26,19.0,11.05,0.6739999999999999,0.13999999999999999,28.01,11.86,19.97,31.83,29.97,21.98,182.0,0.179,48.0,26.37,17.0,9.34,0.542,0.099,26.86,11.79,18.61,30.4,25.21,24.87
745396,2024-06-23,2024,672012,L,650633,R,strikeout,True,False,28.0,0.2,10.0,35.71,3.0,10.71,0.526,0.03999999999999998,27.66,11.02,21.19,32.2,20.0,32.26,,,,,,,,,,,,,,,172.0,0.22,40.0,23.26,19.0,11.05,0.6739999999999999,0.13999999999999999,28.01,11.86,19.97,31.83,29.97,21.98,182.0,0.179,48.0,26.37,17.0,9.34,0.542,0.099,26.86,11.79,18.61,30.4,25.21,24.87
745396,2024-06-23,2024,592885,L,650633,R,strikeout,True,False,149.0,0.312,29.0,19.46,19.0,12.75,0.876,0.16499999999999998,21.45,9.74,13.37,23.1,24.62,15.34,473.0,0.294,103.0,21.78,64.0,13.53,0.882,0.195,26.99,11.53,15.4,26.93,23.89,19.07,172.0,0.22,40.0,23.26,19.0,11.05,0.6739999999999999,0.13999999999999999,28.01,11.86,19.97,31.83,29.97,21.98,182.0,0.179,48.0,26.37,17.0,9.34,0.542,0.099,26.86,11.79,18.61,30.4,25.21,24.87
745396,2024-06-23,2024,650333,L,668964,R,single,False,False,204.0,0.342,5.0,2.45,8.0,3.92,0.8089999999999999,0.09799999999999998,6.16,3.0,19.37,22.37,34.24,2.89,479.0,0.362,17.0,3.55,31.0,6.47,0.891,0.122,6.51,3.2,16.58,19.78,31.29,4.11,85.0,0.227,16.0,18.82,9.0,10.59,0.626,0.093,16.43,7.12,17.96,25.08,25.43,19.28,,,,,,,,,,,,,,
745396,2024-06-23,2024,595777,L,668964,R,grounded_into_double_play,False,False,213.0,0.306,38.0,17.84,26.0,12.21,0.851,0.14400000000000002,18.54,8.58,14.33,22.91,22.62,13.26,375.0,0.229,68.0,18.13,37.0,9.87,0.6559999999999999,0.1159999999999999,21.66,10.43,14.17,24.61,26.12,14.59,85.0,0.227,16.0,18.82,9.0,10.59,0.626,0.093,16.43,7.12,17.96,25.08,25.43,19.28,,,,,,,,,,,,,,
745396,2024-06-23,2024,630105,L,668964,R,field_out,False,False,220.0,0.286,36.0,16.36,16.0,7.27,0.875,0.24500000000000005,17.76,8.26,17.19,25.45,23.39,13.48,367.0,0.23,59.0,16.08,36.0,9.81,0.7,0.154,14.92,6.99,16.69,23.68,24.61,14.08,85.0,0.227,16.0,18.82,9.0,10.59,0.626,0.093,16.43,7.12,17.96,25.08,25.43,19.28,,,,,,,,,,,,,,
745396,2024-06-23,2024,642715,R,650633,R,single,False,False,256.0,0.265,57.0,22.27,27.0,10.55,0.818,0.20799999999999996,28.83,13.86,14.65,28.52,26.48,18.33,480.0,0.212,117.0,24.38,47.0,9.79,0.702,0.194,32.44,16.53,12.85,29.38,32.69,19.28,185.0,0.22,56.0,30.27,15.0,8.11,0.665,0.161,27.6,13.12,18.18,31.3,29.8,19.38,249.0,0.259,79.0,31.73,15.0,6.02,0.708,0.136,31.36,12.93,23.52,36.46,30.93,26.69
745396,2024-06-23,2024,641343,L,650633,R,strikeout,True,False,159.0,0.209,56.0,35.22,16.0,10.06,0.685,0.17200000000000001,30.27,13.65,18.71,32.36,21.89,26.67,244.0,0.205,83.0,34.02,26.0,10.66,0.72,0.228,32.78,14.71,16.21,30.93,23.65,23.92,172.0,0.22,40.0,23.26,19.0,11.05,0.6739999999999999,0.13999999999999999,28.01,11.86,19.97,31.83,29.97,21.98,182.0,0.179,48.0,26.37,17.0,9.34,0.542,0.099,26.86,11.79,18.61,30.4,25.21,24.87
745396,2024-06-23,2024,687401,R,650633,R,single,False,False,168.0,0.296,21.0,12.5,23.0,13.69,0.872,0.183,15.73,6.22,21.48,27.7,22.99,10.61,13.0,0.077,3.0,23.08,0.0,0.0,0.2309999999999999,0.077,15.79,8.11,21.62,29.73,26.67,33.33,185.0,0.22,56.0,30.27,15.0,8.11,0.665,0.161,27.6,13.12,18.18,31.3,29.8,19.38,249.0,0.259,79.0,31.73,15.0,6.02,0.708,0.136,31.36,12.93,23.52,36.46,30.93,26.69
745396,2024-06-23,2024,686217,L,650633,R,single,False,False,229.0,0.256,41.0,17.9,23.0,10.04,0.656,0.059,14.94,5.98,21.75,27.73,26.06,16.33,180.0,0.261,30.0,16.67,23.0,12.78,0.722,0.1049999999999999,15.26,6.63,20.31,26.94,29.52,13.18,172.0,0.22,40.0,23.26,19.0,11.05,0.6739999999999999,0.13999999999999999,28.01,11.86,19.97,31.83,29.97,21.98,182.0,0.179,48.0,26.37,17.0,9.34,0.542,0.099,26.86,11.79,18.61,30.4,25.21,24.87
745396,2024-06-23,2024,596142,R,650633,R,strikeout,True,False,105.0,0.226,29.0,27.62,8.0,7.62,0.681,0.15,31.55,12.56,24.41,36.97,30.22,23.58,189.0,0.194,49.0,25.93,17.0,8.99,0.688,0.212,28.71,11.9,21.7,33.59,27.27,21.43,185.0,0.22,56.0,30.27,15.0,8.11,0.665,0.161,27.6,13.12,18.18,31.3,29.8,19.38,249.0,0.259,79.0,31.73,15.0,6.02,0.708,0.136,31.36,12.93,23.52,36.46,30.93,26.69
745396,2024-06-23,2024,663368,L,650633,R,single,False,False,178.0,0.25,52.0,29.21,14.0,7.87,0.6950000000000001,0.125,31.42,13.4,20.46,33.86,24.79,27.66,110.0,0.231,33.0,30.0,17.0,15.45,0.715,0.1319999999999999,24.04,9.0,23.31,32.31,18.26,20.5,172.0,0.22,40.0,23.26,19.0,11.05,0.6739999999999999,0.13999999999999999,28.01,11.86,19.97,31.83,29.97,21.98,182.0,0.179,48.0,26.37,17.0,9.34,0.542,0.099,26.86,11.79,18.61,30.4,25.21,24.87
745396,2024-06-23,2024,668930,L,650633,R,triple,False,False,241.0,0.308,37.0,15.35,21.0,8.71,0.8089999999999999,0.131,12.73,5.9,18.44,24.34,25.4,13.7,376.0,0.224,82.0,21.81,30.0,7.98,0.608,0.097,22.03,10.83,16.08,26.9,28.59,16.14,172.0,0.22,40.0,23.26,19.0,11.05,0.6739999999999999,0.13999999999999999,28.01,11.86,19.97,31.83,29.97,21.98,182.0,0.179,48.0,26.37,17.0,9.34,0.542,0.099,26.86,11.79,18.61,30.4,25.21,24.87
745396,2024-06-23,2024,672012,L,650633,R,single,False,False,28.0,0.2,10.0,35.71,3.0,10.71,0.526,0.03999999999999998,27.66,11.02,21.19,32.2,20.0,32.26,,,,,,,,,,,,,,,172.0,0.22,40.0,23.26,19.0,11.05,0.6739999999999999,0.13999999999999999,28.01,11.86,19.97,31.83,29.97,21.98,182.0,0.179,48.0,26.37,17.0,9.34,0.542,0.099,26.86,11.79,18.61,30.4,25.21,24.87
745396,2024-06-23,2024,592885,L,650633,R,strikeout,True,False,149.0,0.312,29.0,19.46,19.0,12.75,0.876,0.16499999999999998,21.45,9.74,13.37,23.1,24.62,15.34,473.0,0.294,103.0,21.78,64.0,13.53,0.882,0.195,26.99,11.53,15.4,26.93,23.89,19.07,172.0,0.22,40.0,23.26,19.0,11.05,0.6739999999999999,0.13999999999999999,28.01,11.86,19.97,31.83,29.97,21.98,182.0,0.179,48.0,26.37,17.0,9.34,0.542,0.099,26.86,11.79,18.61,30.4,25.21,24.87
745396,2024-06-23,2024,592518,R,668964,R,single,False,False,204.0,0.275,44.0,21.57,10.0,4.9,0.683,0.09799999999999998,24.68,12.4,14.86,27.26,27.75,19.73,452.0,0.241,83.0,18.36,36.0,7.96,0.747,0.205,24.68,12.42,14.05,26.47,29.58,16.9,104.0,0.211,26.0,25.0,7.0,6.73,0.7250000000000001,0.24200000000000002,23.78,11.46,18.75,30.21,28.88,21.01,,,,,,,,,,,,,,
745396,2024-06-23,2024,701538,L,668964,R,strikeout,True,False,184.0,0.327,31.0,16.85,10.0,5.43,0.848,0.15299999999999997,17.99,9.87,12.92,22.79,36.52,13.39,,,,,,,,,,,,,,,85.0,0.227,16.0,18.82,9.0,10.59,0.626,0.093,16.43,7.12,17.96,25.08,25.43,19.28,,,,,,,,,,,,,,
745396,2024-06-23,2024,456781,R,668964,R,field_out,False,False,57.0,0.26,12.0,21.05,3.0,5.26,0.673,0.08000000000000002,19.63,9.25,20.7,29.96,27.27,15.38,297.0,0.28,68.0,22.9,29.0,9.76,0.766,0.1059999999999999,26.06,12.14,17.61,29.74,28.81,17.48,104.0,0.211,26.0,25.0,7.0,6.73,0.7250000000000001,0.24200000000000002,23.78,11.46,18.75,30.21,28.88,21.01,,,,,,,,,,,,,,
745396,2024-06-23,2024,444482,L,668964,R,field_out,False,False,52.0,0.2,10.0,19.23,6.0,11.54,0.516,0.021999999999999992,26.09,14.35,11.0,25.36,36.19,11.39,387.0,0.253,63.0,16.28,19.0,4.91,0.6739999999999999,0.131,22.16,12.01,13.06,25.07,33.57,15.04,85.0,0.227,16.0,18.82,9.0,10.59,0.626,0.093,16.43,7.12,17.96,25.08,25.43,19.28,,,,,,,,,,,,,,
745396,2024-06-23,2024,642715,R,650633,R,field_out,False,False,256.0,0.265,57.0,22.27,27.0,10.55,0.818,0.20799999999999996,28.83,13.86,14.65,28.52,26.48,18.33,480.0,0.212,117.0,24.38,47.0,9.79,0.702,0.194,32.44,16.53,12.85,29.38,32.69,19.28,185.0,0.22,56.0,30.27,15.0,8.11,0.665,0.161,27.6,13.12,18.18,31.3,29.8,19.38,249.0,0.259,79.0,31.73,15.0,6.02,0.708,0.136,31.36,12.93,23.52,36.46,30.93,26.69
745396,2024-06-23,2024,641343,L,650633,R,field_out,False,False,159.0,0.209,56.0,35.22,16.0,10.06,0.685,0.17200000000000001,30.27,13.65,18.71,32.36,21.89,26.67,244.0,0.205,83.0,34.02,26.0,10.66,0.72,0.228,32.78,14.71,16.21,30.93,23.65,23.92,172.0,0.22,40.0,23.26,19.0,11.05,0.6739999999999999,0.13999999999999999,28.01,11.86,19.97,31.83,29.97,21.98,182.0,0.179,48.0,26.37,17.0,9.34,0.542,0.099,26.86,11.79,18.61,30.4,25.21,24.87
745396,2024-06-23,2024,687401,R,650633,R,field_out,False,False,168.0,0.296,21.0,12.5,23.0,13.69,0.872,0.183,15.73,6.22,21.48,27.7,22.99,10.61,13.0,0.077,3.0,23.08,0.0,0.0,0.2309999999999999,0.077,15.79,8.11,21.62,29.73,26.67,33.33,185.0,0.22,56.0,30.27,15.0,8.11,0.665,0.161,27.6,13.12,18.18,31.3,29.8,19.38,249.0,0.259,79.0,31.73,15.0,6.02,0.708,0.136,31.36,12.93,23.52,36.46,30.93,26.69
745396,2024-06-23,2024,673490,R,668964,R,field_out,False,False,208.0,0.239,34.0,16.35,30.0,14.42,0.7769999999999999,0.187,17.03,6.09,24.58,30.67,18.03,11.56,435.0,0.241,94.0,21.61,55.0,12.64,0.681,0.1,18.8,7.03,23.65,30.68,19.23,15.59,104.0,0.211,26.0,25.0,7.0,6.73,0.7250000000000001,0.24200000000000002,23.78,11.46,18.75,30.21,28.88,21.01,,,,,,,,,,,,,,
745396,2024-06-23,2024,664954,L,668964,R,field_out,False,False,2.0,0.0,2.0,100.0,0.0,0.0,0.0,0.0,42.86,33.33,0.0,33.33,66.67,66.67,69.0,0.197,13.0,18.84,2.0,2.9,0.4589999999999999,0.0449999999999999,16.38,7.98,13.87,21.85,26.67,27.66,85.0,0.227,16.0,18.82,9.0,10.59,0.626,0.093,16.43,7.12,17.96,25.08,25.43,19.28,,,,,,,,,,,,,,
745396,2024-06-23,2024,650333,L,668964,R,field_out,False,False,204.0,0.342,5.0,2.45,8.0,3.92,0.8089999999999999,0.09799999999999998,6.16,3.0,19.37,22.37,34.24,2.89,479.0,0.362,17.0,3.55,31.0,6.47,0.891,0.122,6.51,3.2,16.58,19.78,31.29,4.11,85.0,0.227,16.0,18.82,9.0,10.59,0.626,0.093,16.43,7.12,17.96,25.08,25.43,19.28,,,,,,,,,,,,,,
745396,2024-06-23,2024,686217,L,650633,R,field_out,False,False,229.0,0.256,41.0,17.9,23.0,10.04,0.656,0.059,14.94,5.98,21.75,27.73,26.06,16.33,180.0,0.261,30.0,16.67,23.0,12.78,0.722,0.1049999999999999,15.26,6.63,20.31,26.94,29.52,13.18,172.0,0.22,40.0,23.26,19.0,11.05,0.6739999999999999,0.13999999999999999,28.01,11.86,19.97,31.83,29.97,21.98,182.0,0.179,48.0,26.37,17.0,9.34,0.542,0.099,26.86,11.79,18.61,30.4,25.21,24.87
745396,2024-06-23,2024,596142,R,650633,R,strikeout,True,False,105.0,0.226,29.0,27.62,8.0,7.62,0.681,0.15,31.55,12.56,24.41,36.97,30.22,23.58,189.0,0.194,49.0,25.93,17.0,8.99,0.688,0.212,28.71,11.9,21.7,33.59,27.27,21.43,185.0,0.22,56.0,30.27,15.0,8.11,0.665,0.161,27.6,13.12,18.18,31.3,29.8,19.38,249.0,0.259,79.0,31.73,15.0,6.02,0.708,0.136,31.36,12.93,23.52,36.46,30.93,26.69
745396,2024-06-23,2024,663368,L,650633,R,double,False,False,178.0,0.25,52.0,29.21,14.0,7.87,0.6950000000000001,0.125,31.42,13.4,20.46,33.86,24.79,27.66,110.0,0.231,33.0,30.0,17.0,15.45,0.715,0.1319999999999999,24.04,9.0,23.31,32.31,18.26,20.5,172.0,0.22,40.0,23.26,19.0,11.05,0.6739999999999999,0.13999999999999999,28.01,11.86,19.97,31.83,29.97,21.98,182.0,0.179,48.0,26.37,17.0,9.34,0.542,0.099,26.86,11.79,18.61,30.4,25.21,24.87
745396,2024-06-23,2024,668930,L,650633,R,field_out,False,False,241.0,0.308,37.0,15.35,21.0,8.71,0.8089999999999999,0.131,12.73,5.9,18.44,24.34,25.4,13.7,376.0,0.224,82.0,21.81,30.0,7.98,0.608,0.097,22.03,10.83,16.08,26.9,28.59,16.14,172.0,0.22,40.0,23.26,19.0,11.05,0.6739999999999999,0.13999999999999999,28.01,11.86,19.97,31.83,29.97,21.98,182.0,0.179,48.0,26.37,17.0,9.34,0.542,0.099,26.86,11.79,18.61,30.4,25.21,24.87
745396,2024-06-23,2024,595777,L,668964,R,field_out,False,False,213.0,0.306,38.0,17.84,26.0,12.21,0.851,0.14400000000000002,18.54,8.58,14.33,22.91,22.62,13.26,375.0,0.229,68.0,18.13,37.0,9.87,0.6559999999999999,0.1159999999999999,21.66,10.43,14.17,24.61,26.12,14.59,85.0,0.227,16.0,18.82,9.0,10.59,0.626,0.093,16.43,7.12,17.96,25.08,25.43,19.28,,,,,,,,,,,,,,
745396,2024-06-23,2024,630105,L,668964,R,field_error,False,False,220.0,0.286,36.0,16.36,16.0,7.27,0.875,0.24500000000000005,17.76,8.26,17.19,25.45,23.39,13.48,367.0,0.23,59.0,16.08,36.0,9.81,0.7,0.154,14.92,6.99,16.69,23.68,24.61,14.08,85.0,0.227,16.0,18.82,9.0,10.59,0.626,0.093,16.43,7.12,17.96,25.08,25.43,19.28,,,,,,,,,,,,,,
745396,2024-06-23,2024,592518,R,668964,R,field_out,False,False,204.0,0.275,44.0,21.57,10.0,4.9,0.683,0.09799999999999998,24.68,12.4,14.86,27.26,27.75,19.73,452.0,0.241,83.0,18.36,36.0,7.96,0.747,0.205,24.68,12.42,14.05,26.47,29.58,16.9,104.0,0.211,26.0,25.0,7.0,6.73,0.7250000000000001,0.24200000000000002,23.78,11.46,18.75,30.21,28.88,21.01,,,,,,,,,,,,,,
745396,2024-06-23,2024,701538,L,668964,R,field_out,False,False,184.0,0.327,31.0,16.85,10.0,5.43,0.848,0.15299999999999997,17.99,9.87,12.92,22.79,36.52,13.39,,,,,,,,,,,,,,,85.0,0.227,16.0,18.82,9.0,10.59,0.626,0.093,16.43,7.12,17.96,25.08,25.43,19.28,,,,,,,,,,,,,,
745396,2024-06-23,2024,672012,L,650633,R,walk,False,True,28.0,0.2,10.0,35.71,3.0,10.71,0.526,0.03999999999999998,27.66,11.02,21.19,32.2,20.0,32.26,,,,,,,,,,,,,,,172.0,0.22,40.0,23.26,19.0,11.05,0.6739999999999999,0.13999999999999999,28.01,11.86,19.97,31.83,29.97,21.98,182.0,0.179,48.0,26.37,17.0,9.34,0.542,0.099,26.86,11.79,18.61,30.4,25.21,24.87
745396,2024-06-23,2024,592885,L,650633,R,field_out,False,False,149.0,0.312,29.0,19.46,19.0,12.75,0.876,0.16499999999999998,21.45,9.74,13.37,23.1,24.62,15.34,473.0,0.294,103.0,21.78,64.0,13.53,0.882,0.195,26.99,11.53,15.4,26.93,23.89,19.07,172.0,0.22,40.0,23.26,19.0,11.05,0.6739999999999999,0.13999999999999999,28.01,11.86,19.97,31.83,29.97,21.98,182.0,0.179,48.0,26.37,17.0,9.34,0.542,0.099,26.86,11.79,18.61,30.4,25.21,24.87
745396,2024-06-23,2024,642715,R,650633,R,double_play,False,False,256.0,0.265,57.0,22.27,27.0,10.55,0.818,0.20799999999999996,28.83,13.86,14.65,28.52,26.48,18.33,480.0,0.212,117.0,24.38,47.0,9.79,0.702,0.194,32.44,16.53,12.85,29.38,32.69,19.28,185.0,0.22,56.0,30.27,15.0,8.11,0.665,0.161,27.6,13.12,18.18,31.3,29.8,19.38,249.0,0.259,79.0,31.73,15.0,6.02,0.708,0.136,31.36,12.93,23.52,36.46,30.93,26.69
745396,2024-06-23,2024,456781,R,668964,R,strikeout,True,False,57.0,0.26,12.0,21.05,3.0,5.26,0.673,0.08000000000000002,19.63,9.25,20.7,29.96,27.27,15.38,297.0,0.28,68.0,22.9,29.0,9.76,0.766,0.1059999999999999,26.06,12.14,17.61,29.74,28.81,17.48,104.0,0.211,26.0,25.0,7.0,6.73,0.7250000000000001,0.24200000000000002,23.78,11.46,18.75,30.21,28.88,21.01,,,,,,,,,,,,,,
745396,2024-06-23,2024,444482,L,668964,R,field_out,False,False,52.0,0.2,10.0,19.23,6.0,11.54,0.516,0.021999999999999992,26.09,14.35,11.0,25.36,36.19,11.39,387.0,0.253,63.0,16.28,19.0,4.91,0.6739999999999999,0.131,22.16,12.01,13.06,25.07,33.57,15.04,85.0,0.227,16.0,18.82,9.0,10.59,0.626,0.093,16.43,7.12,17.96,25.08,25.43,19.28,,,,,,,,,,,,,,
745396,2024-06-23,2024,673490,R,668964,R,single,False,False,208.0,0.239,34.0,16.35,30.0,14.42,0.7769999999999999,0.187,17.03,6.09,24.58,30.67,18.03,11.56,435.0,0.241,94.0,21.61,55.0,12.64,0.681,0.1,18.8,7.03,23.65,30.68,19.23,15.59,104.0,0.211,26.0,25.0,7.0,6.73,0.7250000000000001,0.24200000000000002,23.78,11.46,18.75,30.21,28.88,21.01,,,,,,,,,,,,,,
745396,2024-06-23,2024,664954,L,668964,R,single,False,False,2.0,0.0,2.0,100.0,0.0,0.0,0.0,0.0,42.86,33.33,0.0,33.33,66.67,66.67,69.0,0.197,13.0,18.84,2.0,2.9,0.4589999999999999,0.0449999999999999,16.38,7.98,13.87,21.85,26.67,27.66,85.0,0.227,16.0,18.82,9.0,10.59,0.626,0.093,16.43,7.12,17.96,25.08,25.43,19.28,,,,,,,,,,,,,,
745396,2024-06-23,2024,650333,L,668964,R,single,False,False,204.0,0.342,5.0,2.45,8.0,3.92,0.8089999999999999,0.09799999999999998,6.16,3.0,19.37,22.37,34.24,2.89,479.0,0.362,17.0,3.55,31.0,6.47,0.891,0.122,6.51,3.2,16.58,19.78,31.29,4.11,85.0,0.227,16.0,18.82,9.0,10.59,0.626,0.093,16.43,7.12,17.96,25.08,25.43,19.28,,,,,,,,,,,,,,
745396,2024-06-23,2024,595777,L,668964,R,strikeout,True,False,213.0,0.306,38.0,17.84,26.0,12.21,0.851,0.14400000000000002,18.54,8.58,14.33,22.91,22.62,13.26,375.0,0.229,68.0,18.13,37.0,9.87,0.6559999999999999,0.1159999999999999,21.66,10.43,14.17,24.61,26.12,14.59,85.0,0.227,16.0,18.82,9.0,10.59,0.626,0.093,16.43,7.12,17.96,25.08,25.43,19.28,,,,,,,,,,,,,,
745396,2024-06-23,2024,641343,L,650633,R,single,False,False,159.0,0.209,56.0,35.22,16.0,10.06,0.685,0.17200000000000001,30.27,13.65,18.71,32.36,21.89,26.67,244.0,0.205,83.0,34.02,26.0,10.66,0.72,0.228,32.78,14.71,16.21,30.93,23.65,23.92,172.0,0.22,40.0,23.26,19.0,11.05,0.6739999999999999,0.13999999999999999,28.01,11.86,19.97,31.83,29.97,21.98,182.0,0.179,48.0,26.37,17.0,9.34,0.542,0.099,26.86,11.79,18.61,30.4,25.21,24.87
745396,2024-06-23,2024,687401,R,650633,R,field_out,False,False,168.0,0.296,21.0,12.5,23.0,13.69,0.872,0.183,15.73,6.22,21.48,27.7,22.99,10.61,13.0,0.077,3.0,23.08,0.0,0.0,0.2309999999999999,0.077,15.79,8.11,21.62,29.73,26.67,33.33,185.0,0.22,56.0,30.27,15.0,8.11,0.665,0.161,27.6,13.12,18.18,31.3,29.8,19.38,249.0,0.259,79.0,31.73,15.0,6.02,0.708,0.136,31.36,12.93,23.52,36.46,30.93,26.69
745396,2024-06-23,2024,686217,L,650633,R,double,False,False,229.0,0.256,41.0,17.9,23.0,10.04,0.656,0.059,14.94,5.98,21.75,27.73,26.06,16.33,180.0,0.261,30.0,16.67,23.0,12.78,0.722,0.1049999999999999,15.26,6.63,20.31,26.94,29.52,13.18,172.0,0.22,40.0,23.26,19.0,11.05,0.6739999999999999,0.13999999999999999,28.01,11.86,19.97,31.83,29.97,21.98,182.0,0.179,48.0,26.37,17.0,9.34,0.542,0.099,26.86,11.79,18.61,30.4,25.21,24.87
745396,2024-06-23,2024,596142,R,650633,R,field_out,False,False,105.0,0.226,29.0,27.62,8.0,7.62,0.681,0.15,31.55,12.56,24.41,36.97,30.22,23.58,189.0,0.194,49.0,25.93,17.0,8.99,0.688,0.212,28.71,11.9,21.7,33.59,27.27,21.43,185.0,0.22,56.0,30.27,15.0,8.11,0.665,0.161,27.6,13.12,18.18,31.3,29.8,19.38,249.0,0.259,79.0,31.73,15.0,6.02,0.708,0.136,31.36,12.93,23.52,36.46,30.93,26.69
745396,2024-06-23,2024,663368,L,650633,R,strikeout,True,False,178.0,0.25,52.0,29.21,14.0,7.87,0.6950000000000001,0.125,31.42,13.4,20.46,33.86,24.79,27.66,110.0,0.231,33.0,30.0,17.0,15.45,0.715,0.1319999999999999,24.04,9.0,23.31,32.31,18.26,20.5,172.0,0.22,40.0,23.26,19.0,11.05,0.6739999999999999,0.13999999999999999,28.01,11.86,19.97,31.83,29.97,21.98,182.0,0.179,48.0,26.37,17.0,9.34,0.542,0.099,26.86,11.79,18.61,30.4,25.21,24.87
745396,2024-06-23,2024,630105,L,663542,L,field_out,False,False,100.0,0.202,18.0,18.0,8.0,8.0,0.561,0.07900000000000001,16.84,7.73,14.98,22.71,20.2,13.85,156.0,0.229,38.0,24.36,10.0,6.41,0.665,0.1349999999999999,18.48,9.0,20.1,29.1,30.82,17.84,48.0,0.119,15.0,31.25,4.0,8.33,0.381,0.07100000000000001,25.0,11.29,19.35,30.65,22.62,28.85,19.0,0.286,1.0,5.26,3.0,15.79,0.707,0.0,18.92,8.75,21.25,30.0,15.15,3.45
745396,2024-06-23,2024,592518,R,663542,L,field_out,False,False,87.0,0.231,20.0,22.99,9.0,10.34,0.6950000000000001,0.154,30.41,14.15,14.47,28.62,26.25,22.09,150.0,0.308,26.0,17.33,14.0,9.33,0.887,0.203,21.32,9.67,16.52,26.19,28.38,16.56,98.0,0.141,31.0,31.63,4.0,4.08,0.455,0.12000000000000002,24.76,12.65,18.25,30.9,28.98,21.23,25.0,0.333,6.0,24.0,1.0,4.0,0.902,0.209,30.95,15.48,23.81,39.29,31.25,28.57
745396,2024-06-23,2024,701538,L,663542,L,double,False,False,85.0,0.212,10.0,11.76,4.0,4.71,0.622,0.163,17.5,9.09,13.64,22.73,30.72,11.49,,,,,,,,,,,,,,,48.0,0.119,15.0,31.25,4.0,8.33,0.381,0.07100000000000001,25.0,11.29,19.35,30.65,22.62,28.85,19.0,0.286,1.0,5.26,3.0,15.79,0.707,0.0,18.92,8.75,21.25,30.0,15.15,3.45
745396,2024-06-23,2024,456781,R,663542,L,strikeout,True,False,61.0,0.296,11.0,18.03,7.0,11.48,0.8400000000000001,0.16700000000000004,25.62,11.23,18.84,30.07,24.82,12.22,153.0,0.286,32.0,20.92,11.0,7.19,0.746,0.114,24.12,11.77,18.21,29.98,32.04,14.35,98.0,0.141,31.0,31.63,4.0,4.08,0.455,0.12000000000000002,24.76,12.65,18.25,30.9,28.98,21.23,25.0,0.333,6.0,24.0,1.0,4.0,0.902,0.209,30.95,15.48,23.81,39.29,31.25,28.57
745396,2024-06-23,2024,668930,L,676680,L,field_out,False,False,48.0,0.233,11.0,22.92,5.0,10.42,0.614,0.06899999999999998,17.28,7.14,20.41,27.55,19.57,20.0,73.0,0.188,12.0,16.44,8.0,10.96,0.466,0.0,20.18,7.94,23.47,31.41,18.75,17.39,28.0,0.174,8.0,28.57,2.0,7.14,0.731,0.261,26.92,11.48,22.13,33.61,26.32,18.18,80.0,0.236,20.0,25.0,6.0,7.5,0.651,0.1109999999999999,32.41,15.06,18.59,33.65,25.0,23.81
745396,2024-06-23,2024,694192,R,676680,L,single,False,False,62.0,0.148,13.0,20.97,8.0,12.9,0.46199999999999997,0.055999999999999994,23.62,12.1,12.9,25.0,31.09,16.25,,,,,,,,,,,,,,,31.0,0.393,7.0,22.58,3.0,9.68,0.952,0.10699999999999998,16.95,7.35,18.38,25.74,18.18,14.29,126.0,0.131,24.0,19.05,13.0,10.32,0.426,0.0469999999999999,20.33,9.32,18.63,27.95,22.09,13.48
745396,2024-06-23,2024,592885,L,676680,L,single,False,False,70.0,0.333,14.0,20.0,6.0,8.57,0.924,0.191,25.21,11.81,16.14,27.95,26.92,20.59,159.0,0.234,37.0,23.27,14.0,8.81,0.633,0.097,26.17,13.04,15.53,28.57,28.16,18.32,28.0,0.174,8.0,28.57,2.0,7.14,0.731,0.261,26.92,11.48,22.13,33.61,26.32,18.18,80.0,0.236,20.0,25.0,6.0,7.5,0.651,0.1109999999999999,32.41,15.06,18.59,33.65,25.0,23.81
745396,2024-06-23,2024,642715,R,676680,L,field_out,False,False,80.0,0.182,15.0,18.75,13.0,16.25,0.645,0.15100000000000002,27.61,12.09,13.4,25.49,21.18,20.27,160.0,0.231,48.0,30.0,24.0,15.0,0.762,0.1789999999999999,26.61,12.38,15.79,28.17,29.47,20.17,31.0,0.393,7.0,22.58,3.0,9.68,0.952,0.10699999999999998,16.95,7.35,18.38,25.74,18.18,14.29,126.0,0.131,24.0,19.05,13.0,10.32,0.426,0.0469999999999999,20.33,9.32,18.63,27.95,22.09,13.48
745396,2024-06-23,2024,641343,L,676680,L,single,False,False,21.0,0.222,3.0,14.29,1.0,4.76,0.8,0.278,27.78,12.5,18.75,31.25,15.15,15.0,28.0,0.185,12.0,42.86,1.0,3.57,0.473,0.074,37.5,20.59,22.55,43.14,39.47,31.58,28.0,0.174,8.0,28.57,2.0,7.14,0.731,0.261,26.92,11.48,22.13,33.61,26.32,18.18,80.0,0.236,20.0,25.0,6.0,7.5,0.651,0.1109999999999999,32.41,15.06,18.59,33.65,25.0,23.81
745396,2024-06-23,2024,444482,L,663542,L,strikeout,True,False,7.0,0.4,1.0,14.29,0.0,0.0,1.1709999999999998,0.19999999999999996,0.0,0.0,30.77,30.77,15.38,12.5,36.0,0.314,9.0,25.0,1.0,2.78,0.676,0.029,26.87,14.88,14.05,28.93,41.07,25.0,48.0,0.119,15.0,31.25,4.0,8.33,0.381,0.07100000000000001,25.0,11.29,19.35,30.65,22.62,28.85,19.0,0.286,1.0,5.26,3.0,15.79,0.707,0.0,18.92,8.75,21.25,30.0,15.15,3.45
745396,2024-06-23,2024,673490,R,663542,L,field_out,False,False,94.0,0.198,14.0,14.89,12.0,12.77,0.647,0.14799999999999996,14.29,5.56,22.22,27.78,16.38,12.39,191.0,0.302,30.0,15.71,20.0,10.47,0.897,0.219,15.84,6.63,22.21,28.83,23.47,11.49,98.0,0.141,31.0,31.63,4.0,4.08,0.455,0.12000000000000002,24.76,12.65,18.25,30.9,28.98,21.23,25.0,0.333,6.0,24.0,1.0,4.0,0.902,0.209,30.95,15.48,23.81,39.29,31.25,28.57
745396,2024-06-23,2024,664954,L,663542,L,field_out,False,False,,,,,,,,,,,,,,,18.0,0.267,6.0,33.33,2.0,11.11,0.8200000000000001,0.2,28.0,11.11,22.22,33.33,26.67,40.0,48.0,0.119,15.0,31.25,4.0,8.33,0.381,0.07100000000000001,25.0,11.29,19.35,30.65,22.62,28.85,19.0,0.286,1.0,5.26,3.0,15.79,0.707,0.0,18.92,8.75,21.25,30.0,15.15,3.45
745396,2024-06-23,2024,687401,R,666745,R,single,False,False,168.0,0.296,21.0,12.5,23.0,13.69,0.872,0.183,15.73,6.22,21.48,27.7,22.99,10.61,13.0,0.077,3.0,23.08,0.0,0.0,0.2309999999999999,0.077,15.79,8.11,21.62,29.73,26.67,33.33,93.0,0.348,8.0,8.6,4.0,4.3,0.769,0.04500000000000004,13.61,6.35,16.51,22.86,22.5,12.12,197.0,0.228,44.0,22.34,11.0,5.58,0.715,0.205,20.32,9.9,18.62,28.52,31.41,16.67
745396,2024-06-23,2024,686217,L,666745,R,field_out,False,False,229.0,0.256,41.0,17.9,23.0,10.04,0.656,0.059,14.94,5.98,21.75,27.73,26.06,16.33,180.0,0.261,30.0,16.67,23.0,12.78,0.722,0.1049999999999999,15.26,6.63,20.31,26.94,29.52,13.18,73.0,0.206,16.0,21.92,4.0,5.48,0.647,0.19100000000000003,24.19,11.86,16.21,28.06,22.94,24.24,177.0,0.263,28.0,15.82,17.0,9.6,0.771,0.173,23.29,11.05,16.2,27.25,27.19,15.82
745396,2024-06-23,2024,596142,R,666745,R,strikeout,True,False,105.0,0.226,29.0,27.62,8.0,7.62,0.681,0.15,31.55,12.56,24.41,36.97,30.22,23.58,189.0,0.194,49.0,25.93,17.0,8.99,0.688,0.212,28.71,11.9,21.7,33.59,27.27,21.43,93.0,0.348,8.0,8.6,4.0,4.3,0.769,0.04500000000000004,13.61,6.35,16.51,22.86,22.5,12.12,197.0,0.228,44.0,22.34,11.0,5.58,0.715,0.205,20.32,9.9,18.62,28.52,31.41,16.67
745396,2024-06-23,2024,663368,L,666745,R,field_out,False,False,178.0,0.25,52.0,29.21,14.0,7.87,0.6950000000000001,0.125,31.42,13.4,20.46,33.86,24.79,27.66,110.0,0.231,33.0,30.0,17.0,15.45,0.715,0.1319999999999999,24.04,9.0,23.31,32.31,18.26,20.5,73.0,0.206,16.0,21.92,4.0,5.48,0.647,0.19100000000000003,24.19,11.86,16.21,28.06,22.94,24.24,177.0,0.263,28.0,15.82,17.0,9.6,0.771,0.173,23.29,11.05,16.2,27.25,27.19,15.82
745396,2024-06-23,2024,650333,L,606303,R,field_out,False,False,204.0,0.342,5.0,2.45,8.0,3.92,0.8089999999999999,0.09799999999999998,6.16,3.0,19.37,22.37,34.24,2.89,479.0,0.362,17.0,3.55,31.0,6.47,0.891,0.122,6.51,3.2,16.58,19.78,31.29,4.11,54.0,0.26,13.0,24.07,4.0,7.41,0.7949999999999999,0.21999999999999997,27.1,13.36,16.13,29.49,29.91,19.12,116.0,0.226,33.0,28.45,5.0,4.31,0.668,0.17,26.21,12.44,17.97,30.41,25.0,26.19
745396,2024-06-23,2024,595777,L,606303,R,double,False,False,213.0,0.306,38.0,17.84,26.0,12.21,0.851,0.14400000000000002,18.54,8.58,14.33,22.91,22.62,13.26,375.0,0.229,68.0,18.13,37.0,9.87,0.6559999999999999,0.1159999999999999,21.66,10.43,14.17,24.61,26.12,14.59,54.0,0.26,13.0,24.07,4.0,7.41,0.7949999999999999,0.21999999999999997,27.1,13.36,16.13,29.49,29.91,19.12,116.0,0.226,33.0,28.45,5.0,4.31,0.668,0.17,26.21,12.44,17.97,30.41,25.0,26.19
745396,2024-06-23,2024,630105,L,606303,R,single,False,False,220.0,0.286,36.0,16.36,16.0,7.27,0.875,0.24500000000000005,17.76,8.26,17.19,25.45,23.39,13.48,367.0,0.23,59.0,16.08,36.0,9.81,0.7,0.154,14.92,6.99,16.69,23.68,24.61,14.08,54.0,0.26,13.0,24.07,4.0,7.41,0.7949999999999999,0.21999999999999997,27.1,13.36,16.13,29.49,29.91,19.12,116.0,0.226,33.0,28.45,5.0,4.31,0.668,0.17,26.21,12.44,17.97,30.41,25.0,26.19
745396,2024-06-23,2024,592518,R,606303,R,sac_fly,False,False,204.0,0.275,44.0,21.57,10.0,4.9,0.683,0.09799999999999998,24.68,12.4,14.86,27.26,27.75,19.73,452.0,0.241,83.0,18.36,36.0,7.96,0.747,0.205,24.68,12.42,14.05,26.47,29.58,16.9,55.0,0.196,11.0,20.0,2.0,3.64,0.5349999999999999,0.09799999999999998,23.23,11.06,17.31,28.37,27.84,19.64,172.0,0.214,44.0,25.58,12.0,6.98,0.587,0.091,27.46,11.27,19.65,30.92,25.96,22.05
745396,2024-06-23,2024,701538,L,606303,R,field_out,False,False,184.0,0.327,31.0,16.85,10.0,5.43,0.848,0.15299999999999997,17.99,9.87,12.92,22.79,36.52,13.39,,,,,,,,,,,,,,,54.0,0.26,13.0,24.07,4.0,7.41,0.7949999999999999,0.21999999999999997,27.1,13.36,16.13,29.49,29.91,19.12,116.0,0.226,33.0,28.45,5.0,4.31,0.668,0.17,26.21,12.44,17.97,30.41,25.0,26.19
745396,2024-06-23,2024,668930,L,666745,R,strikeout,True,False,241.0,0.308,37.0,15.35,21.0,8.71,0.8089999999999999,0.131,12.73,5.9,18.44,24.34,25.4,13.7,376.0,0.224,82.0,21.81,30.0,7.98,0.608,0.097,22.03,10.83,16.08,26.9,28.59,16.14,73.0,0.206,16.0,21.92,4.0,5.48,0.647,0.19100000000000003,24.19,11.86,16.21,28.06,22.94,24.24,177.0,0.263,28.0,15.82,17.0,9.6,0.771,0.173,23.29,11.05,16.2,27.25,27.19,15.82
745396,2024-06-23,2024,694192,R,666745,R,double,False,False,167.0,0.248,47.0,28.14,7.0,4.19,0.678,0.15300000000000002,31.07,15.61,18.7,34.31,36.48,24.74,,,,,,,,,,,,,,,93.0,0.348,8.0,8.6,4.0,4.3,0.769,0.04500000000000004,13.61,6.35,16.51,22.86,22.5,12.12,197.0,0.228,44.0,22.34,11.0,5.58,0.715,0.205,20.32,9.9,18.62,28.52,31.41,16.67
745396,2024-06-23,2024,592885,L,666745,R,field_out,False,False,149.0,0.312,29.0,19.46,19.0,12.75,0.876,0.16499999999999998,21.45,9.74,13.37,23.1,24.62,15.34,473.0,0.294,103.0,21.78,64.0,13.53,0.882,0.195,26.99,11.53,15.4,26.93,23.89,19.07,73.0,0.206,16.0,21.92,4.0,5.48,0.647,0.19100000000000003,24.19,11.86,16.21,28.06,22.94,24.24,177.0,0.263,28.0,15.82,17.0,9.6,0.771,0.173,23.29,11.05,16.2,27.25,27.19,15.82
745396,2024-06-23,2024,642715,R,666745,R,field_out,False,False,256.0,0.265,57.0,22.27,27.0,10.55,0.818,0.20799999999999996,28.83,13.86,14.65,28.52,26.48,18.33,480.0,0.212,117.0,24.38,47.0,9.79,0.702,0.194,32.44,16.53,12.85,29.38,32.69,19.28,93.0,0.348,8.0,8.6,4.0,4.3,0.769,0.04500000000000004,13.61,6.35,16.51,22.86,22.5,12.12,197.0,0.228,44.0,22.34,11.0,5.58,0.715,0.205,20.32,9.9,18.62,28.52,31.41,16.67
745396,2024-06-23,2024,456781,R,656730,R,strikeout,True,False,57.0,0.26,12.0,21.05,3.0,5.26,0.673,0.08000000000000002,19.63,9.25,20.7,29.96,27.27,15.38,297.0,0.28,68.0,22.9,29.0,9.76,0.766,0.1059999999999999,26.06,12.14,17.61,29.74,28.81,17.48,53.0,0.22,14.0,26.42,2.0,3.77,0.525,0.060000000000000026,33.03,19.15,12.77,31.91,37.65,24.14,76.0,0.254,29.0,38.16,5.0,6.58,0.751,0.194,33.77,16.89,18.87,35.76,34.06,31.18
745396,2024-06-23,2024,444482,L,656730,R,field_out,False,False,52.0,0.2,10.0,19.23,6.0,11.54,0.516,0.021999999999999992,26.09,14.35,11.0,25.36,36.19,11.39,387.0,0.253,63.0,16.28,19.0,4.91,0.6739999999999999,0.131,22.16,12.01,13.06,25.07,33.57,15.04,39.0,0.212,13.0,33.33,5.0,12.82,0.558,0.03,35.71,16.34,15.69,32.03,28.57,33.33,72.0,0.277,23.0,31.94,7.0,9.72,0.6699999999999999,0.0459999999999999,31.01,13.33,20.0,33.33,24.29,22.77
745396,2024-06-23,2024,673490,R,656730,R,field_out,False,False,208.0,0.239,34.0,16.35,30.0,14.42,0.7769999999999999,0.187,17.03,6.09,24.58,30.67,18.03,11.56,435.0,0.241,94.0,21.61,55.0,12.64,0.681,0.1,18.8,7.03,23.65,30.68,19.23,15.59,53.0,0.22,14.0,26.42,2.0,3.77,0.525,0.060000000000000026,33.03,19.15,12.77,31.91,37.65,24.14,76.0,0.254,29.0,38.16,5.0,6.58,0.751,0.194,33.77,16.89,18.87,35.76,34.06,31.18
746862,2024-06-23,2024,596019,L,665871,R,field_out,False,False,255.0,0.224,51.0,20.0,19.0,7.45,0.681,0.166,23.5,11.33,15.76,27.09,25.49,18.68,483.0,0.242,102.0,21.12,51.0,10.56,0.757,0.182,23.68,11.49,14.35,25.84,28.12,17.29,183.0,0.21,49.0,26.78,16.0,8.74,0.616,0.12300000000000003,18.4,8.24,18.22,26.46,25.74,21.49,210.0,0.215,44.0,20.95,20.0,9.52,0.6479999999999999,0.1399999999999999,18.77,8.0,17.9,25.89,22.65,18.38
746862,2024-06-23,2024,607043,L,665871,R,field_out,False,False,230.0,0.238,59.0,25.65,34.0,14.78,0.77,0.16400000000000003,23.75,9.84,16.93,26.77,20.7,18.1,448.0,0.266,98.0,21.88,60.0,13.39,0.874,0.235,20.87,8.67,19.47,28.14,19.23,16.42,183.0,0.21,49.0,26.78,16.0,8.74,0.616,0.12300000000000003,18.4,8.24,18.22,26.46,25.74,21.49,210.0,0.215,44.0,20.95,20.0,9.52,0.6479999999999999,0.1399999999999999,18.77,8.0,17.9,25.89,22.65,18.38
746862,2024-06-23,2024,502110,R,665871,R,double,False,False,142.0,0.267,43.0,30.28,9.0,6.34,0.78,0.199,29.11,14.76,15.45,30.21,31.67,21.94,343.0,0.27,106.0,30.9,21.0,6.12,0.8799999999999999,0.2979999999999999,35.71,19.2,12.73,31.93,33.23,24.42,152.0,0.244,30.0,19.74,16.0,10.53,0.7130000000000001,0.138,19.58,7.81,19.93,27.74,21.2,17.44,240.0,0.245,50.0,20.83,21.0,8.75,0.734,0.172,22.87,9.83,17.49,27.31,23.7,24.39
746862,2024-06-23,2024,624413,R,665871,R,field_out,False,False,243.0,0.255,49.0,20.16,23.0,9.47,0.794,0.20800000000000002,22.87,10.15,19.55,29.7,28.73,18.25,475.0,0.214,109.0,22.95,44.0,9.26,0.8069999999999999,0.281,26.53,11.43,18.24,29.67,27.59,22.11,152.0,0.244,30.0,19.74,16.0,10.53,0.7130000000000001,0.138,19.58,7.81,19.93,27.74,21.2,17.44,240.0,0.245,50.0,20.83,21.0,8.75,0.734,0.172,22.87,9.83,17.49,27.31,23.7,24.39
746862,2024-06-23,2024,663538,R,622663,R,single,False,False,229.0,0.233,22.0,9.61,21.0,9.17,0.646,0.094,12.77,5.8,21.4,27.21,31.22,9.87,508.0,0.274,63.0,12.4,40.0,7.87,0.72,0.0979999999999999,13.4,6.0,20.67,26.67,29.91,12.21,177.0,0.194,34.0,19.21,19.0,10.73,0.598,0.122,21.39,10.33,16.3,26.64,31.56,16.43,215.0,0.271,45.0,20.93,17.0,7.91,0.841,0.2289999999999999,23.04,11.89,15.13,27.02,29.81,15.52
746862,2024-06-23,2024,683737,L,622663,R,force_out,False,False,218.0,0.255,74.0,33.94,29.0,13.3,0.815,0.202,33.98,15.05,15.38,30.43,24.14,24.83,66.0,0.158,21.0,31.82,8.0,12.12,0.556,0.1399999999999999,29.79,14.48,13.45,27.93,28.39,21.0,175.0,0.255,27.0,15.43,12.0,6.86,0.6719999999999999,0.09499999999999997,18.39,9.79,12.69,22.48,24.64,14.29,203.0,0.333,34.0,16.75,17.0,8.37,1.005,0.2789999999999999,18.23,9.28,14.43,23.71,28.29,13.71
746862,2024-06-23,2024,641355,L,622663,R,strikeout,True,False,192.0,0.232,33.0,17.19,21.0,10.94,0.74,0.18499999999999997,24.78,12.16,13.59,25.75,31.61,18.86,373.0,0.291,58.0,15.55,27.0,7.24,0.829,0.198,20.08,10.01,15.91,25.92,29.71,13.74,175.0,0.255,27.0,15.43,12.0,6.86,0.6719999999999999,0.09499999999999997,18.39,9.79,12.69,22.48,24.64,14.29,203.0,0.333,34.0,16.75,17.0,8.37,1.005,0.2789999999999999,18.23,9.28,14.43,23.71,28.29,13.71
746862,2024-06-23,2024,673548,R,622663,R,strikeout,True,False,162.0,0.285,49.0,30.25,11.0,6.79,0.8109999999999999,0.18000000000000005,27.34,10.96,21.32,32.28,22.81,22.07,419.0,0.278,102.0,24.34,41.0,9.79,0.839,0.2129999999999999,24.3,9.93,20.44,30.37,19.3,20.2,177.0,0.194,34.0,19.21,19.0,10.73,0.598,0.122,21.39,10.33,16.3,26.64,31.56,16.43,215.0,0.271,45.0,20.93,17.0,7.91,0.841,0.2289999999999999,23.04,11.89,15.13,27.02,29.81,15.52
746862,2024-06-23,2024,682626,R,665871,R,double,False,False,65.0,0.29,16.0,24.62,3.0,4.62,0.758,0.14500000000000002,35.16,18.6,15.29,33.88,33.33,20.25,275.0,0.229,73.0,26.55,17.0,6.18,0.7769999999999999,0.257,32.18,14.61,18.33,32.94,27.78,26.07,152.0,0.244,30.0,19.74,16.0,10.53,0.7130000000000001,0.138,19.58,7.81,19.93,27.74,21.2,17.44,240.0,0.245,50.0,20.83,21.0,8.75,0.734,0.172,22.87,9.83,17.49,27.31,23.7,24.39
746862,2024-06-23,2024,621466,L,665871,R,single,False,False,137.0,0.191,32.0,23.36,23.0,16.79,0.7070000000000001,0.173,30.63,12.45,15.57,28.02,13.7,21.77,136.0,0.273,43.0,31.62,10.0,7.35,0.92,0.3059999999999999,35.89,18.63,10.49,29.11,25.44,24.85,183.0,0.21,49.0,26.78,16.0,8.74,0.616,0.12300000000000003,18.4,8.24,18.22,26.46,25.74,21.49,210.0,0.215,44.0,20.95,20.0,9.52,0.6479999999999999,0.1399999999999999,18.77,8.0,17.9,25.89,22.65,18.38
746862,2024-06-23,2024,668901,R,665871,R,grounded_into_double_play,False,False,68.0,0.258,17.0,25.0,5.0,7.35,0.728,0.16099999999999998,37.59,19.46,15.18,34.63,33.33,21.52,145.0,0.209,41.0,28.28,8.0,5.52,0.643,0.172,34.08,18.24,17.03,35.27,36.73,29.93,152.0,0.244,30.0,19.74,16.0,10.53,0.7130000000000001,0.138,19.58,7.81,19.93,27.74,21.2,17.44,240.0,0.245,50.0,20.83,21.0,8.75,0.734,0.172,22.87,9.83,17.49,27.31,23.7,24.39
746862,2024-06-23,2024,664023,L,622663,R,strikeout,True,False,229.0,0.229,66.0,28.82,32.0,13.97,0.747,0.17200000000000001,27.95,12.28,16.47,28.74,22.34,19.82,502.0,0.258,109.0,21.71,80.0,15.94,0.831,0.192,25.86,11.22,15.24,26.46,20.31,17.34,175.0,0.255,27.0,15.43,12.0,6.86,0.6719999999999999,0.09499999999999997,18.39,9.79,12.69,22.48,24.64,14.29,203.0,0.333,34.0,16.75,17.0,8.37,1.005,0.2789999999999999,18.23,9.28,14.43,23.71,28.29,13.71
746862,2024-06-23,2024,666624,R,622663,R,field_out,False,False,238.0,0.209,53.0,22.27,26.0,10.92,0.692,0.17900000000000002,30.17,13.77,14.64,28.42,25.0,20.54,329.0,0.247,105.0,31.91,27.0,8.21,0.798,0.239,38.21,19.07,13.74,32.81,29.43,27.56,177.0,0.194,34.0,19.21,19.0,10.73,0.598,0.122,21.39,10.33,16.3,26.64,31.56,16.43,215.0,0.271,45.0,20.93,17.0,7.91,0.841,0.2289999999999999,23.04,11.89,15.13,27.02,29.81,15.52
746862,2024-06-23,2024,621020,R,622663,R,field_out,False,False,202.0,0.212,55.0,27.23,16.0,7.92,0.636,0.147,31.43,14.88,15.74,30.63,23.77,22.73,478.0,0.244,111.0,23.22,49.0,10.25,0.734,0.161,28.04,13.13,15.12,28.26,23.34,18.66,177.0,0.194,34.0,19.21,19.0,10.73,0.598,0.122,21.39,10.33,16.3,26.64,31.56,16.43,215.0,0.271,45.0,20.93,17.0,7.91,0.841,0.2289999999999999,23.04,11.89,15.13,27.02,29.81,15.52
746862,2024-06-23,2024,643446,L,665871,R,field_out,False,False,184.0,0.2,21.0,11.41,16.0,8.7,0.5700000000000001,0.09099999999999997,13.64,7.03,14.22,21.25,28.33,12.5,447.0,0.26,48.0,10.74,25.0,5.59,0.6930000000000001,0.1149999999999999,14.08,7.59,11.21,18.8,32.05,12.57,183.0,0.21,49.0,26.78,16.0,8.74,0.616,0.12300000000000003,18.4,8.24,18.22,26.46,25.74,21.49,210.0,0.215,44.0,20.95,20.0,9.52,0.6479999999999999,0.1399999999999999,18.77,8.0,17.9,25.89,22.65,18.38
746862,2024-06-23,2024,664056,R,665871,R,double,False,False,144.0,0.291,33.0,22.92,6.0,4.17,0.7210000000000001,0.09700000000000003,26.69,12.74,20.34,33.08,36.26,22.76,248.0,0.207,45.0,18.15,9.0,3.63,0.504,0.056,25.06,12.41,16.74,29.16,37.02,20.45,152.0,0.244,30.0,19.74,16.0,10.53,0.7130000000000001,0.138,19.58,7.81,19.93,27.74,21.2,17.44,240.0,0.245,50.0,20.83,21.0,8.75,0.734,0.172,22.87,9.83,17.49,27.31,23.7,24.39
746862,2024-06-23,2024,596019,L,665871,R,home_run,False,False,255.0,0.224,51.0,20.0,19.0,7.45,0.681,0.166,23.5,11.33,15.76,27.09,25.49,18.68,483.0,0.242,102.0,21.12,51.0,10.56,0.757,0.182,23.68,11.49,14.35,25.84,28.12,17.29,183.0,0.21,49.0,26.78,16.0,8.74,0.616,0.12300000000000003,18.4,8.24,18.22,26.46,25.74,21.49,210.0,0.215,44.0,20.95,20.0,9.52,0.6479999999999999,0.1399999999999999,18.77,8.0,17.9,25.89,22.65,18.38
746862,2024-06-23,2024,607043,L,665871,R,home_run,False,False,230.0,0.238,59.0,25.65,34.0,14.78,0.77,0.16400000000000003,23.75,9.84,16.93,26.77,20.7,18.1,448.0,0.266,98.0,21.88,60.0,13.39,0.874,0.235,20.87,8.67,19.47,28.14,19.23,16.42,183.0,0.21,49.0,26.78,16.0,8.74,0.616,0.12300000000000003,18.4,8.24,18.22,26.46,25.74,21.49,210.0,0.215,44.0,20.95,20.0,9.52,0.6479999999999999,0.1399999999999999,18.77,8.0,17.9,25.89,22.65,18.38
746862,2024-06-23,2024,502110,R,665871,R,field_out,False,False,142.0,0.267,43.0,30.28,9.0,6.34,0.78,0.199,29.11,14.76,15.45,30.21,31.67,21.94,343.0,0.27,106.0,30.9,21.0,6.12,0.8799999999999999,0.2979999999999999,35.71,19.2,12.73,31.93,33.23,24.42,152.0,0.244,30.0,19.74,16.0,10.53,0.7130000000000001,0.138,19.58,7.81,19.93,27.74,21.2,17.44,240.0,0.245,50.0,20.83,21.0,8.75,0.734,0.172,22.87,9.83,17.49,27.31,23.7,24.39
746862,2024-06-23,2024,624413,R,665871,R,field_out,False,False,243.0,0.255,49.0,20.16,23.0,9.47,0.794,0.20800000000000002,22.87,10.15,19.55,29.7,28.73,18.25,475.0,0.214,109.0,22.95,44.0,9.26,0.8069999999999999,0.281,26.53,11.43,18.24,29.67,27.59,22.11,152.0,0.244,30.0,19.74,16.0,10.53,0.7130000000000001,0.138,19.58,7.81,19.93,27.74,21.2,17.44,240.0,0.245,50.0,20.83,21.0,8.75,0.734,0.172,22.87,9.83,17.49,27.31,23.7,24.39
746862,2024-06-23,2024,691718,L,622663,R,strikeout,True,False,99.0,0.213,24.0,24.24,5.0,5.05,0.575,0.10200000000000001,24.89,14.91,10.3,25.2,40.86,18.46,15.0,0.0,6.0,40.0,2.0,13.33,0.154,0.0,44.44,26.67,8.33,35.0,23.08,27.27,175.0,0.255,27.0,15.43,12.0,6.86,0.6719999999999999,0.09499999999999997,18.39,9.79,12.69,22.48,24.64,14.29,203.0,0.333,34.0,16.75,17.0,8.37,1.005,0.2789999999999999,18.23,9.28,14.43,23.71,28.29,13.71
746862,2024-06-23,2024,665804,R,622663,R,strikeout,True,False,128.0,0.211,28.0,21.88,10.0,7.81,0.5700000000000001,0.07000000000000003,27.56,14.71,14.5,29.2,35.44,19.05,92.0,0.187,24.0,26.09,7.0,7.61,0.679,0.173,24.72,11.67,16.98,28.65,28.18,19.05,177.0,0.194,34.0,19.21,19.0,10.73,0.598,0.122,21.39,10.33,16.3,26.64,31.56,16.43,215.0,0.271,45.0,20.93,17.0,7.91,0.841,0.2289999999999999,23.04,11.89,15.13,27.02,29.81,15.52
746862,2024-06-23,2024,663538,R,622663,R,field_out,False,False,229.0,0.233,22.0,9.61,21.0,9.17,0.646,0.094,12.77,5.8,21.4,27.21,31.22,9.87,508.0,0.274,63.0,12.4,40.0,7.87,0.72,0.0979999999999999,13.4,6.0,20.67,26.67,29.91,12.21,177.0,0.194,34.0,19.21,19.0,10.73,0.598,0.122,21.39,10.33,16.3,26.64,31.56,16.43,215.0,0.271,45.0,20.93,17.0,7.91,0.841,0.2289999999999999,23.04,11.89,15.13,27.02,29.81,15.52
746862,2024-06-23,2024,682626,R,665871,R,field_out,False,False,65.0,0.29,16.0,24.62,3.0,4.62,0.758,0.14500000000000002,35.16,18.6,15.29,33.88,33.33,20.25,275.0,0.229,73.0,26.55,17.0,6.18,0.7769999999999999,0.257,32.18,14.61,18.33,32.94,27.78,26.07,152.0,0.244,30.0,19.74,16.0,10.53,0.7130000000000001,0.138,19.58,7.81,19.93,27.74,21.2,17.44,240.0,0.245,50.0,20.83,21.0,8.75,0.734,0.172,22.87,9.83,17.49,27.31,23.7,24.39
746862,2024-06-23,2024,621466,L,665871,R,field_out,False,False,137.0,0.191,32.0,23.36,23.0,16.79,0.7070000000000001,0.173,30.63,12.45,15.57,28.02,13.7,21.77,136.0,0.273,43.0,31.62,10.0,7.35,0.92,0.3059999999999999,35.89,18.63,10.49,29.11,25.44,24.85,183.0,0.21,49.0,26.78,16.0,8.74,0.616,0.12300000000000003,18.4,8.24,18.22,26.46,25.74,21.49,210.0,0.215,44.0,20.95,20.0,9.52,0.6479999999999999,0.1399999999999999,18.77,8.0,17.9,25.89,22.65,18.38
746862,2024-06-23,2024,668901,R,665871,R,field_out,False,False,68.0,0.258,17.0,25.0,5.0,7.35,0.728,0.16099999999999998,37.59,19.46,15.18,34.63,33.33,21.52,145.0,0.209,41.0,28.28,8.0,5.52,0.643,0.172,34.08,18.24,17.03,35.27,36.73,29.93,152.0,0.244,30.0,19.74,16.0,10.53,0.7130000000000001,0.138,19.58,7.81,19.93,27.74,21.2,17.44,240.0,0.245,50.0,20.83,21.0,8.75,0.734,0.172,22.87,9.83,17.49,27.31,23.7,24.39
746862,2024-06-23,2024,683737,L,622663,R,field_out,False,False,218.0,0.255,74.0,33.94,29.0,13.3,0.815,0.202,33.98,15.05,15.38,30.43,24.14,24.83,66.0,0.158,21.0,31.82,8.0,12.12,0.556,0.1399999999999999,29.79,14.48,13.45,27.93,28.39,21.0,175.0,0.255,27.0,15.43,12.0,6.86,0.6719999999999999,0.09499999999999997,18.39,9.79,12.69,22.48,24.64,14.29,203.0,0.333,34.0,16.75,17.0,8.37,1.005,0.2789999999999999,18.23,9.28,14.43,23.71,28.29,13.71
746862,2024-06-23,2024,641355,L,622663,R,single,False,False,192.0,0.232,33.0,17.19,21.0,10.94,0.74,0.18499999999999997,24.78,12.16,13.59,25.75,31.61,18.86,373.0,0.291,58.0,15.55,27.0,7.24,0.829,0.198,20.08,10.01,15.91,25.92,29.71,13.74,175.0,0.255,27.0,15.43,12.0,6.86,0.6719999999999999,0.09499999999999997,18.39,9.79,12.69,22.48,24.64,14.29,203.0,0.333,34.0,16.75,17.0,8.37,1.005,0.2789999999999999,18.23,9.28,14.43,23.71,28.29,13.71
746862,2024-06-23,2024,673548,R,622663,R,force_out,False,False,162.0,0.285,49.0,30.25,11.0,6.79,0.8109999999999999,0.18000000000000005,27.34,10.96,21.32,32.28,22.81,22.07,419.0,0.278,102.0,24.34,41.0,9.79,0.839,0.2129999999999999,24.3,9.93,20.44,30.37,19.3,20.2,177.0,0.194,34.0,19.21,19.0,10.73,0.598,0.122,21.39,10.33,16.3,26.64,31.56,16.43,215.0,0.271,45.0,20.93,17.0,7.91,0.841,0.2289999999999999,23.04,11.89,15.13,27.02,29.81,15.52
746862,2024-06-23,2024,664023,L,622663,R,strikeout,True,False,229.0,0.229,66.0,28.82,32.0,13.97,0.747,0.17200000000000001,27.95,12.28,16.47,28.74,22.34,19.82,502.0,0.258,109.0,21.71,80.0,15.94,0.831,0.192,25.86,11.22,15.24,26.46,20.31,17.34,175.0,0.255,27.0,15.43,12.0,6.86,0.6719999999999999,0.09499999999999997,18.39,9.79,12.69,22.48,24.64,14.29,203.0,0.333,34.0,16.75,17.0,8.37,1.005,0.2789999999999999,18.23,9.28,14.43,23.71,28.29,13.71
746862,2024-06-23,2024,643446,L,665871,R,field_out,False,False,184.0,0.2,21.0,11.41,16.0,8.7,0.5700000000000001,0.09099999999999997,13.64,7.03,14.22,21.25,28.33,12.5,447.0,0.26,48.0,10.74,25.0,5.59,0.6930000000000001,0.1149999999999999,14.08,7.59,11.21,18.8,32.05,12.57,183.0,0.21,49.0,26.78,16.0,8.74,0.616,0.12300000000000003,18.4,8.24,18.22,26.46,25.74,21.49,210.0,0.215,44.0,20.95,20.0,9.52,0.6479999999999999,0.1399999999999999,18.77,8.0,17.9,25.89,22.65,18.38
746862,2024-06-23,2024,664056,R,665871,R,double,False,False,144.0,0.291,33.0,22.92,6.0,4.17,0.7210000000000001,0.09700000000000003,26.69,12.74,20.34,33.08,36.26,22.76,248.0,0.207,45.0,18.15,9.0,3.63,0.504,0.056,25.06,12.41,16.74,29.16,37.02,20.45,152.0,0.244,30.0,19.74,16.0,10.53,0.7130000000000001,0.138,19.58,7.81,19.93,27.74,21.2,17.44,240.0,0.245,50.0,20.83,21.0,8.75,0.734,0.172,22.87,9.83,17.49,27.31,23.7,24.39
746862,2024-06-23,2024,596019,L,665871,R,hit_by_pitch,False,False,255.0,0.224,51.0,20.0,19.0,7.45,0.681,0.166,23.5,11.33,15.76,27.09,25.49,18.68,483.0,0.242,102.0,21.12,51.0,10.56,0.757,0.182,23.68,11.49,14.35,25.84,28.12,17.29,183.0,0.21,49.0,26.78,16.0,8.74,0.616,0.12300000000000003,18.4,8.24,18.22,26.46,25.74,21.49,210.0,0.215,44.0,20.95,20.0,9.52,0.6479999999999999,0.1399999999999999,18.77,8.0,17.9,25.89,22.65,18.38
746862,2024-06-23,2024,607043,L,665871,R,walk,False,True,230.0,0.238,59.0,25.65,34.0,14.78,0.77,0.16400000000000003,23.75,9.84,16.93,26.77,20.7,18.1,448.0,0.266,98.0,21.88,60.0,13.39,0.874,0.235,20.87,8.67,19.47,28.14,19.23,16.42,183.0,0.21,49.0,26.78,16.0,8.74,0.616,0.12300000000000003,18.4,8.24,18.22,26.46,25.74,21.49,210.0,0.215,44.0,20.95,20.0,9.52,0.6479999999999999,0.1399999999999999,18.77,8.0,17.9,25.89,22.65,18.38
746862,2024-06-23,2024,502110,R,624522,R,field_out,False,False,142.0,0.267,43.0,30.28,9.0,6.34,0.78,0.199,29.11,14.76,15.45,30.21,31.67,21.94,343.0,0.27,106.0,30.9,21.0,6.12,0.8799999999999999,0.2979999999999999,35.71,19.2,12.73,31.93,33.23,24.42,38.0,0.125,16.0,42.11,6.0,15.79,0.388,0.0,38.75,19.02,14.72,33.74,32.14,28.57,72.0,0.167,15.0,20.83,12.0,16.67,0.623,0.15,27.12,11.9,17.84,29.74,25.18,20.0
746862,2024-06-23,2024,624413,R,624522,R,field_out,False,False,243.0,0.255,49.0,20.16,23.0,9.47,0.794,0.20800000000000002,22.87,10.15,19.55,29.7,28.73,18.25,475.0,0.214,109.0,22.95,44.0,9.26,0.8069999999999999,0.281,26.53,11.43,18.24,29.67,27.59,22.11,38.0,0.125,16.0,42.11,6.0,15.79,0.388,0.0,38.75,19.02,14.72,33.74,32.14,28.57,72.0,0.167,15.0,20.83,12.0,16.67,0.623,0.15,27.12,11.9,17.84,29.74,25.18,20.0
746862,2024-06-23,2024,666624,R,622663,R,field_out,False,False,238.0,0.209,53.0,22.27,26.0,10.92,0.692,0.17900000000000002,30.17,13.77,14.64,28.42,25.0,20.54,329.0,0.247,105.0,31.91,27.0,8.21,0.798,0.239,38.21,19.07,13.74,32.81,29.43,27.56,177.0,0.194,34.0,19.21,19.0,10.73,0.598,0.122,21.39,10.33,16.3,26.64,31.56,16.43,215.0,0.271,45.0,20.93,17.0,7.91,0.841,0.2289999999999999,23.04,11.89,15.13,27.02,29.81,15.52
746862,2024-06-23,2024,621020,R,622663,R,strikeout,True,False,202.0,0.212,55.0,27.23,16.0,7.92,0.636,0.147,31.43,14.88,15.74,30.63,23.77,22.73,478.0,0.244,111.0,23.22,49.0,10.25,0.734,0.161,28.04,13.13,15.12,28.26,23.34,18.66,177.0,0.194,34.0,19.21,19.0,10.73,0.598,0.122,21.39,10.33,16.3,26.64,31.56,16.43,215.0,0.271,45.0,20.93,17.0,7.91,0.841,0.2289999999999999,23.04,11.89,15.13,27.02,29.81,15.52
746862,2024-06-23,2024,691718,L,622663,R,strikeout,True,False,99.0,0.213,24.0,24.24,5.0,5.05,0.575,0.10200000000000001,24.89,14.91,10.3,25.2,40.86,18.46,15.0,0.0,6.0,40.0,2.0,13.33,0.154,0.0,44.44,26.67,8.33,35.0,23.08,27.27,175.0,0.255,27.0,15.43,12.0,6.86,0.6719999999999999,0.09499999999999997,18.39,9.79,12.69,22.48,24.64,14.29,203.0,0.333,34.0,16.75,17.0,8.37,1.005,0.2789999999999999,18.23,9.28,14.43,23.71,28.29,13.71
746862,2024-06-23,2024,682626,R,624522,R,walk,False,True,65.0,0.29,16.0,24.62,3.0,4.62,0.758,0.14500000000000002,35.16,18.6,15.29,33.88,33.33,20.25,275.0,0.229,73.0,26.55,17.0,6.18,0.7769999999999999,0.257,32.18,14.61,18.33,32.94,27.78,26.07,38.0,0.125,16.0,42.11,6.0,15.79,0.388,0.0,38.75,19.02,14.72,33.74,32.14,28.57,72.0,0.167,15.0,20.83,12.0,16.67,0.623,0.15,27.12,11.9,17.84,29.74,25.18,20.0
746862,2024-06-23,2024,621466,L,624522,R,single,False,False,137.0,0.191,32.0,23.36,23.0,16.79,0.7070000000000001,0.173,30.63,12.45,15.57,28.02,13.7,21.77,136.0,0.273,43.0,31.62,10.0,7.35,0.92,0.3059999999999999,35.89,18.63,10.49,29.11,25.44,24.85,25.0,0.292,7.0,28.0,1.0,4.0,1.07,0.458,25.53,12.0,16.0,28.0,23.4,21.21,53.0,0.233,11.0,20.75,7.0,13.21,0.5960000000000001,0.0229999999999999,25.88,10.53,18.18,28.71,23.21,17.19
746862,2024-06-23,2024,668901,R,624522,R,strikeout,True,False,68.0,0.258,17.0,25.0,5.0,7.35,0.728,0.16099999999999998,37.59,19.46,15.18,34.63,33.33,21.52,145.0,0.209,41.0,28.28,8.0,5.52,0.643,0.172,34.08,18.24,17.03,35.27,36.73,29.93,38.0,0.125,16.0,42.11,6.0,15.79,0.388,0.0,38.75,19.02,14.72,33.74,32.14,28.57,72.0,0.167,15.0,20.83,12.0,16.67,0.623,0.15,27.12,11.9,17.84,29.74,25.18,20.0
746862,2024-06-23,2024,643446,L,624522,R,grounded_into_double_play,False,False,184.0,0.2,21.0,11.41,16.0,8.7,0.5700000000000001,0.09099999999999997,13.64,7.03,14.22,21.25,28.33,12.5,447.0,0.26,48.0,10.74,25.0,5.59,0.6930000000000001,0.1149999999999999,14.08,7.59,11.21,18.8,32.05,12.57,25.0,0.292,7.0,28.0,1.0,4.0,1.07,0.458,25.53,12.0,16.0,28.0,23.4,21.21,53.0,0.233,11.0,20.75,7.0,13.21,0.5960000000000001,0.0229999999999999,25.88,10.53,18.18,28.71,23.21,17.19
746862,2024-06-23,2024,665804,R,622663,R,single,False,False,128.0,0.211,28.0,21.88,10.0,7.81,0.5700000000000001,0.07000000000000003,27.56,14.71,14.5,29.2,35.44,19.05,92.0,0.187,24.0,26.09,7.0,7.61,0.679,0.173,24.72,11.67,16.98,28.65,28.18,19.05,177.0,0.194,34.0,19.21,19.0,10.73,0.598,0.122,21.39,10.33,16.3,26.64,31.56,16.43,215.0,0.271,45.0,20.93,17.0,7.91,0.841,0.2289999999999999,23.04,11.89,15.13,27.02,29.81,15.52
746862,2024-06-23,2024,663538,R,622663,R,hit_by_pitch,False,False,229.0,0.233,22.0,9.61,21.0,9.17,0.646,0.094,12.77,5.8,21.4,27.21,31.22,9.87,508.0,0.274,63.0,12.4,40.0,7.87,0.72,0.0979999999999999,13.4,6.0,20.67,26.67,29.91,12.21,177.0,0.194,34.0,19.21,19.0,10.73,0.598,0.122,21.39,10.33,16.3,26.64,31.56,16.43,215.0,0.271,45.0,20.93,17.0,7.91,0.841,0.2289999999999999,23.04,11.89,15.13,27.02,29.81,15.52
746862,2024-06-23,2024,683737,L,622663,R,strikeout,True,False,218.0,0.255,74.0,33.94,29.0,13.3,0.815,0.202,33.98,15.05,15.38,30.43,24.14,24.83,66.0,0.158,21.0,31.82,8.0,12.12,0.556,0.1399999999999999,29.79,14.48,13.45,27.93,28.39,21.0,175.0,0.255,27.0,15.43,12.0,6.86,0.6719999999999999,0.09499999999999997,18.39,9.79,12.69,22.48,24.64,14.29,203.0,0.333,34.0,16.75,17.0,8.37,1.005,0.2789999999999999,18.23,9.28,14.43,23.71,28.29,13.71
746862,2024-06-23,2024,641355,L,622663,R,strikeout,True,False,192.0,0.232,33.0,17.19,21.0,10.94,0.74,0.18499999999999997,24.78,12.16,13.59,25.75,31.61,18.86,373.0,0.291,58.0,15.55,27.0,7.24,0.829,0.198,20.08,10.01,15.91,25.92,29.71,13.74,175.0,0.255,27.0,15.43,12.0,6.86,0.6719999999999999,0.09499999999999997,18.39,9.79,12.69,22.48,24.64,14.29,203.0,0.333,34.0,16.75,17.0,8.37,1.005,0.2789999999999999,18.23,9.28,14.43,23.71,28.29,13.71
746862,2024-06-23,2024,673548,R,622663,R,field_out,False,False,162.0,0.285,49.0,30.25,11.0,6.79,0.8109999999999999,0.18000000000000005,27.34,10.96,21.32,32.28,22.81,22.07,419.0,0.278,102.0,24.34,41.0,9.79,0.839,0.2129999999999999,24.3,9.93,20.44,30.37,19.3,20.2,177.0,0.194,34.0,19.21,19.0,10.73,0.598,0.122,21.39,10.33,16.3,26.64,31.56,16.43,215.0,0.271,45.0,20.93,17.0,7.91,0.841,0.2289999999999999,23.04,11.89,15.13,27.02,29.81,15.52
746862,2024-06-23,2024,664056,R,624522,R,walk,False,True,144.0,0.291,33.0,22.92,6.0,4.17,0.7210000000000001,0.09700000000000003,26.69,12.74,20.34,33.08,36.26,22.76,248.0,0.207,45.0,18.15,9.0,3.63,0.504,0.056,25.06,12.41,16.74,29.16,37.02,20.45,38.0,0.125,16.0,42.11,6.0,15.79,0.388,0.0,38.75,19.02,14.72,33.74,32.14,28.57,72.0,0.167,15.0,20.83,12.0,16.67,0.623,0.15,27.12,11.9,17.84,29.74,25.18,20.0
746862,2024-06-23,2024,596019,L,624522,R,strikeout,True,False,255.0,0.224,51.0,20.0,19.0,7.45,0.681,0.166,23.5,11.33,15.76,27.09,25.49,18.68,483.0,0.242,102.0,21.12,51.0,10.56,0.757,0.182,23.68,11.49,14.35,25.84,28.12,17.29,25.0,0.292,7.0,28.0,1.0,4.0,1.07,0.458,25.53,12.0,16.0,28.0,23.4,21.21,53.0,0.233,11.0,20.75,7.0,13.21,0.5960000000000001,0.0229999999999999,25.88,10.53,18.18,28.71,23.21,17.19
746862,2024-06-23,2024,607043,L,624522,R,field_out,False,False,230.0,0.238,59.0,25.65,34.0,14.78,0.77,0.16400000000000003,23.75,9.84,16.93,26.77,20.7,18.1,448.0,0.266,98.0,21.88,60.0,13.39,0.874,0.235,20.87,8.67,19.47,28.14,19.23,16.42,25.0,0.292,7.0,28.0,1.0,4.0,1.07,0.458,25.53,12.0,16.0,28.0,23.4,21.21,53.0,0.233,11.0,20.75,7.0,13.21,0.5960000000000001,0.0229999999999999,25.88,10.53,18.18,28.71,23.21,17.19
746862,2024-06-23,2024,502110,R,624522,R,catcher_interf,False,False,142.0,0.267,43.0,30.28,9.0,6.34,0.78,0.199,29.11,14.76,15.45,30.21,31.67,21.94,343.0,0.27,106.0,30.9,21.0,6.12,0.8799999999999999,0.2979999999999999,35.71,19.2,12.73,31.93,33.23,24.42,38.0,0.125,16.0,42.11,6.0,15.79,0.388,0.0,38.75,19.02,14.72,33.74,32.14,28.57,72.0,0.167,15.0,20.83,12.0,16.67,0.623,0.15,27.12,11.9,17.84,29.74,25.18,20.0
746862,2024-06-23,2024,624413,R,624522,R,walk,False,True,243.0,0.255,49.0,20.16,23.0,9.47,0.794,0.20800000000000002,22.87,10.15,19.55,29.7,28.73,18.25,475.0,0.214,109.0,22.95,44.0,9.26,0.8069999999999999,0.281,26.53,11.43,18.24,29.67,27.59,22.11,38.0,0.125,16.0,42.11,6.0,15.79,0.388,0.0,38.75,19.02,14.72,33.74,32.14,28.57,72.0,0.167,15.0,20.83,12.0,16.67,0.623,0.15,27.12,11.9,17.84,29.74,25.18,20.0
746862,2024-06-23,2024,682626,R,668338,R,field_out,False,False,65.0,0.29,16.0,24.62,3.0,4.62,0.758,0.14500000000000002,35.16,18.6,15.29,33.88,33.33,20.25,275.0,0.229,73.0,26.55,17.0,6.18,0.7769999999999999,0.257,32.18,14.61,18.33,32.94,27.78,26.07,68.0,0.172,18.0,26.47,3.0,4.41,0.533,0.14,27.89,14.86,13.77,28.62,36.36,17.35,32.0,0.185,7.0,21.88,4.0,12.5,0.503,0.037,28.57,12.31,16.92,29.23,30.26,20.59
746862,2024-06-23,2024,664023,L,673380,R,single,False,False,229.0,0.229,66.0,28.82,32.0,13.97,0.747,0.17200000000000001,27.95,12.28,16.47,28.74,22.34,19.82,502.0,0.258,109.0,21.71,80.0,15.94,0.831,0.192,25.86,11.22,15.24,26.46,20.31,17.34,16.0,0.214,5.0,31.25,2.0,12.5,0.812,0.28600000000000003,30.77,19.05,9.52,28.57,41.38,22.73,,,,,,,,,,,,,,
746862,2024-06-23,2024,666624,R,673380,R,home_run,False,False,238.0,0.209,53.0,22.27,26.0,10.92,0.692,0.17900000000000002,30.17,13.77,14.64,28.42,25.0,20.54,329.0,0.247,105.0,31.91,27.0,8.21,0.798,0.239,38.21,19.07,13.74,32.81,29.43,27.56,51.0,0.146,21.0,41.18,1.0,1.96,0.41300000000000003,0.10400000000000001,40.37,22.11,17.59,39.7,31.33,33.87,,,,,,,,,,,,,,
746862,2024-06-23,2024,621020,R,673380,R,field_out,False,False,202.0,0.212,55.0,27.23,16.0,7.92,0.636,0.147,31.43,14.88,15.74,30.63,23.77,22.73,478.0,0.244,111.0,23.22,49.0,10.25,0.734,0.161,28.04,13.13,15.12,28.26,23.34,18.66,51.0,0.146,21.0,41.18,1.0,1.96,0.41300000000000003,0.10400000000000001,40.37,22.11,17.59,39.7,31.33,33.87,,,,,,,,,,,,,,
746862,2024-06-23,2024,691718,L,673380,R,strikeout,True,False,99.0,0.213,24.0,24.24,5.0,5.05,0.575,0.10200000000000001,24.89,14.91,10.3,25.2,40.86,18.46,15.0,0.0,6.0,40.0,2.0,13.33,0.154,0.0,44.44,26.67,8.33,35.0,23.08,27.27,16.0,0.214,5.0,31.25,2.0,12.5,0.812,0.28600000000000003,30.77,19.05,9.52,28.57,41.38,22.73,,,,,,,,,,,,,,
746862,2024-06-23,2024,665804,R,673380,R,field_out,False,False,128.0,0.211,28.0,21.88,10.0,7.81,0.5700000000000001,0.07000000000000003,27.56,14.71,14.5,29.2,35.44,19.05,92.0,0.187,24.0,26.09,7.0,7.61,0.679,0.173,24.72,11.67,16.98,28.65,28.18,19.05,51.0,0.146,21.0,41.18,1.0,1.96,0.41300000000000003,0.10400000000000001,40.37,22.11,17.59,39.7,31.33,33.87,,,,,,,,,,,,,,
746862,2024-06-23,2024,621438,R,668338,R,strikeout,True,False,96.0,0.253,21.0,21.88,5.0,5.21,0.7070000000000001,0.14900000000000002,20.11,9.7,19.14,28.84,29.38,18.26,162.0,0.23,37.0,22.84,6.0,3.7,0.706,0.204,25.24,12.91,16.56,29.47,36.98,19.47,68.0,0.172,18.0,26.47,3.0,4.41,0.533,0.14,27.89,14.86,13.77,28.62,36.36,17.35,32.0,0.185,7.0,21.88,4.0,12.5,0.503,0.037,28.57,12.31,16.92,29.23,30.26,20.59
746862,2024-06-23,2024,668901,R,668338,R,home_run,False,False,68.0,0.258,17.0,25.0,5.0,7.35,0.728,0.16099999999999998,37.59,19.46,15.18,34.63,33.33,21.52,145.0,0.209,41.0,28.28,8.0,5.52,0.643,0.172,34.08,18.24,17.03,35.27,36.73,29.93,68.0,0.172,18.0,26.47,3.0,4.41,0.533,0.14,27.89,14.86,13.77,28.62,36.36,17.35,32.0,0.185,7.0,21.88,4.0,12.5,0.503,0.037,28.57,12.31,16.92,29.23,30.26,20.59
746862,2024-06-23,2024,643446,L,668338,R,field_out,False,False,184.0,0.2,21.0,11.41,16.0,8.7,0.5700000000000001,0.09099999999999997,13.64,7.03,14.22,21.25,28.33,12.5,447.0,0.26,48.0,10.74,25.0,5.59,0.6930000000000001,0.1149999999999999,14.08,7.59,11.21,18.8,32.05,12.57,30.0,0.138,7.0,23.33,0.0,0.0,0.546,0.241,29.23,17.76,9.35,27.1,32.14,19.44,32.0,0.276,3.0,9.38,2.0,6.25,0.896,0.276,25.0,12.63,13.68,26.32,18.6,17.65
746862,2024-06-23,2024,664056,R,668338,R,field_out,False,False,144.0,0.291,33.0,22.92,6.0,4.17,0.7210000000000001,0.09700000000000003,26.69,12.74,20.34,33.08,36.26,22.76,248.0,0.207,45.0,18.15,9.0,3.63,0.504,0.056,25.06,12.41,16.74,29.16,37.02,20.45,68.0,0.172,18.0,26.47,3.0,4.41,0.533,0.14,27.89,14.86,13.77,28.62,36.36,17.35,32.0,0.185,7.0,21.88,4.0,12.5,0.503,0.037,28.57,12.31,16.92,29.23,30.26,20.59
746862,2024-06-23,2024,663538,R,657585,R,strikeout,True,False,229.0,0.233,22.0,9.61,21.0,9.17,0.646,0.094,12.77,5.8,21.4,27.21,31.22,9.87,508.0,0.274,63.0,12.4,40.0,7.87,0.72,0.0979999999999999,13.4,6.0,20.67,26.67,29.91,12.21,81.0,0.203,26.0,32.1,9.0,11.11,0.613,0.10099999999999998,39.74,19.68,13.97,33.65,34.62,25.24,61.0,0.333,10.0,16.39,5.0,8.2,0.863,0.13,29.75,14.46,14.46,28.92,26.52,11.36
746862,2024-06-23,2024,683737,L,657585,R,double,False,False,218.0,0.255,74.0,33.94,29.0,13.3,0.815,0.202,33.98,15.05,15.38,30.43,24.14,24.83,66.0,0.158,21.0,31.82,8.0,12.12,0.556,0.1399999999999999,29.79,14.48,13.45,27.93,28.39,21.0,70.0,0.226,29.0,41.43,8.0,11.43,0.669,0.12899999999999998,37.93,15.83,18.71,34.53,32.08,35.37,27.0,0.167,6.0,22.22,2.0,7.41,0.68,0.291,26.32,15.15,9.09,24.24,38.46,21.43
746862,2024-06-23,2024,641355,L,657585,R,field_out,False,False,192.0,0.232,33.0,17.19,21.0,10.94,0.74,0.18499999999999997,24.78,12.16,13.59,25.75,31.61,18.86,373.0,0.291,58.0,15.55,27.0,7.24,0.829,0.198,20.08,10.01,15.91,25.92,29.71,13.74,70.0,0.226,29.0,41.43,8.0,11.43,0.669,0.12899999999999998,37.93,15.83,18.71,34.53,32.08,35.37,27.0,0.167,6.0,22.22,2.0,7.41,0.68,0.291,26.32,15.15,9.09,24.24,38.46,21.43
746862,2024-06-23,2024,673548,R,657585,R,field_out,False,False,162.0,0.285,49.0,30.25,11.0,6.79,0.8109999999999999,0.18000000000000005,27.34,10.96,21.32,32.28,22.81,22.07,419.0,0.278,102.0,24.34,41.0,9.79,0.839,0.2129999999999999,24.3,9.93,20.44,30.37,19.3,20.2,81.0,0.203,26.0,32.1,9.0,11.11,0.613,0.10099999999999998,39.74,19.68,13.97,33.65,34.62,25.24,61.0,0.333,10.0,16.39,5.0,8.2,0.863,0.13,29.75,14.46,14.46,28.92,26.52,11.36
746862,2024-06-23,2024,596019,R,681432,L,strikeout,True,False,83.0,0.293,5.0,6.02,5.0,6.02,0.894,0.24000000000000005,14.58,6.84,16.61,23.45,23.53,7.25,204.0,0.281,35.0,17.16,15.0,7.35,0.916,0.2919999999999999,20.49,9.45,15.99,25.44,24.88,16.36,46.0,0.161,7.0,15.22,11.0,23.91,0.736,0.162,22.73,8.24,18.13,26.37,16.3,16.28,19.0,0.267,8.0,42.11,3.0,15.79,0.754,0.066,46.43,15.85,19.51,35.37,15.56,30.77
746862,2024-06-23,2024,607043,L,681432,L,strikeout,True,False,85.0,0.26,19.0,22.35,3.0,3.53,0.797,0.20800000000000002,29.79,13.33,19.05,32.38,31.52,21.84,236.0,0.286,48.0,20.34,14.0,5.93,0.749,0.118,24.0,10.48,21.38,31.86,21.45,15.14,41.0,0.143,13.0,31.71,6.0,14.63,0.468,0.05700000000000002,32.81,12.5,22.62,35.12,27.47,30.95,11.0,0.111,4.0,36.36,1.0,9.09,0.404,0.111,46.15,22.22,18.52,40.74,35.71,23.53
746862,2024-06-23,2024,502110,R,681432,L,field_out,False,False,62.0,0.353,12.0,19.35,9.0,14.52,1.095,0.274,24.22,11.44,12.18,23.62,29.56,13.79,137.0,0.274,43.0,31.39,13.0,9.49,0.924,0.3069999999999999,30.91,15.57,13.74,29.3,29.27,23.5,46.0,0.161,7.0,15.22,11.0,23.91,0.736,0.162,22.73,8.24,18.13,26.37,16.3,16.28,19.0,0.267,8.0,42.11,3.0,15.79,0.754,0.066,46.43,15.85,19.51,35.37,15.56,30.77
746862,2024-06-23,2024,664023,L,622098,R,field_out,False,False,229.0,0.229,66.0,28.82,32.0,13.97,0.747,0.17200000000000001,27.95,12.28,16.47,28.74,22.34,19.82,502.0,0.258,109.0,21.71,80.0,15.94,0.831,0.192,25.86,11.22,15.24,26.46,20.31,17.34,29.0,0.32,7.0,24.14,4.0,13.79,1.054,0.32,30.36,14.78,12.17,26.96,23.73,15.56,102.0,0.247,27.0,26.47,14.0,13.73,0.8,0.2,26.51,12.61,13.5,26.11,27.27,18.62
746862,2024-06-23,2024,666624,R,622098,R,strikeout,True,False,238.0,0.209,53.0,22.27,26.0,10.92,0.692,0.17900000000000002,30.17,13.77,14.64,28.42,25.0,20.54,329.0,0.247,105.0,31.91,27.0,8.21,0.798,0.239,38.21,19.07,13.74,32.81,29.43,27.56,47.0,0.225,15.0,31.91,5.0,10.64,0.623,0.1,31.86,17.91,11.94,29.85,34.38,22.06,142.0,0.236,33.0,23.24,15.0,10.56,0.777,0.203,25.69,11.73,15.53,27.26,25.36,15.87
746862,2024-06-23,2024,621020,R,622098,R,single,False,False,202.0,0.212,55.0,27.23,16.0,7.92,0.636,0.147,31.43,14.88,15.74,30.63,23.77,22.73,478.0,0.244,111.0,23.22,49.0,10.25,0.734,0.161,28.04,13.13,15.12,28.26,23.34,18.66,47.0,0.225,15.0,31.91,5.0,10.64,0.623,0.1,31.86,17.91,11.94,29.85,34.38,22.06,142.0,0.236,33.0,23.24,15.0,10.56,0.777,0.203,25.69,11.73,15.53,27.26,25.36,15.87
746862,2024-06-23,2024,621550,R,518617,L,strikeout,True,False,51.0,0.256,16.0,31.37,4.0,7.84,0.841,0.23199999999999998,27.88,13.24,14.16,27.4,23.15,22.86,131.0,0.217,47.0,35.88,10.0,7.63,0.769,0.275,32.94,15.47,14.92,30.39,23.55,28.83,51.0,0.179,17.0,33.33,10.0,19.61,0.84,0.308,33.65,14.83,16.95,31.78,23.73,18.89,142.0,0.151,39.0,27.46,22.0,15.49,0.524,0.0839999999999999,31.09,13.93,16.61,30.54,24.91,20.31
746541,2024-06-23,2024,682928,L,615698,R,field_out,False,False,218.0,0.251,41.0,18.81,15.0,6.88,0.794,0.23099999999999998,22.37,12.1,13.46,25.56,39.23,16.02,446.0,0.274,78.0,17.49,24.0,5.38,0.786,0.19,21.76,11.82,12.69,24.5,35.86,16.63,179.0,0.222,35.0,19.55,21.0,11.73,0.6970000000000001,0.157,25.45,10.93,15.55,26.48,23.39,16.36,211.0,0.272,40.0,18.96,31.0,14.69,0.851,0.1999999999999999,23.57,10.52,13.62,24.14,24.9,14.34
746541,2024-06-23,2024,657041,R,615698,R,field_out,False,False,147.0,0.211,37.0,25.17,11.0,7.48,0.633,0.157,21.37,8.74,22.03,30.77,18.91,21.51,490.0,0.242,143.0,29.18,23.0,4.69,0.719,0.185,26.09,11.34,20.58,31.92,28.6,24.48,200.0,0.271,29.0,14.5,13.0,6.5,0.708,0.10499999999999998,18.93,9.42,16.18,25.6,26.35,12.83,233.0,0.284,18.0,7.73,4.0,1.72,0.721,0.124,14.21,7.03,15.91,22.93,28.68,8.11
746541,2024-06-23,2024,608385,L,615698,R,walk,False,True,203.0,0.277,41.0,20.2,29.0,14.29,0.8440000000000001,0.16899999999999998,20.99,8.89,16.61,25.5,18.3,14.64,184.0,0.2,46.0,25.0,24.0,13.04,0.5660000000000001,0.0449999999999999,25.91,11.04,17.01,28.05,20.4,17.9,179.0,0.222,35.0,19.55,21.0,11.73,0.6970000000000001,0.157,25.45,10.93,15.55,26.48,23.39,16.36,211.0,0.272,40.0,18.96,31.0,14.69,0.851,0.1999999999999999,23.57,10.52,13.62,24.14,24.9,14.34
746541,2024-06-23,2024,592696,L,615698,R,strikeout,True,False,194.0,0.187,47.0,24.23,10.0,5.15,0.591,0.176,28.61,14.92,15.59,30.51,36.64,20.61,449.0,0.258,104.0,23.16,29.0,6.46,0.762,0.199,29.98,17.01,12.43,29.45,43.87,20.59,179.0,0.222,35.0,19.55,21.0,11.73,0.6970000000000001,0.157,25.45,10.93,15.55,26.48,23.39,16.36,211.0,0.272,40.0,18.96,31.0,14.69,0.851,0.1999999999999999,23.57,10.52,13.62,24.14,24.9,14.34
746541,2024-06-23,2024,686668,R,680730,L,strikeout,True,False,66.0,0.254,13.0,19.7,6.0,9.09,0.655,0.068,26.15,13.88,9.8,23.67,25.41,17.81,132.0,0.194,53.0,40.15,5.0,3.79,0.584,0.1609999999999999,39.29,21.57,11.57,33.14,32.3,30.99,221.0,0.211,41.0,18.55,14.0,6.33,0.5900000000000001,0.11700000000000002,21.0,10.95,15.6,26.55,32.49,16.33,,,,,,,,,,,,,,
746541,2024-06-23,2024,678662,R,680730,L,single,False,False,95.0,0.287,28.0,29.47,7.0,7.37,0.843,0.21900000000000003,35.68,21.29,8.96,30.25,36.16,26.42,177.0,0.246,57.0,32.2,8.0,4.52,0.708,0.185,35.75,21.54,12.35,33.89,44.38,25.56,221.0,0.211,41.0,18.55,14.0,6.33,0.5900000000000001,0.11700000000000002,21.0,10.95,15.6,26.55,32.49,16.33,,,,,,,,,,,,,,
746541,2024-06-23,2024,641857,L,680730,L,single,False,False,101.0,0.33,29.0,28.71,11.0,10.89,0.9670000000000001,0.22700000000000004,28.06,12.88,16.39,29.27,25.84,22.48,178.0,0.191,57.0,32.02,16.0,8.99,0.573,0.118,35.23,16.38,16.64,33.03,25.79,24.15,78.0,0.28,17.0,21.79,3.0,3.85,0.708,0.12,22.06,11.32,17.74,29.06,21.36,23.94,,,,,,,,,,,,,,
746541,2024-06-23,2024,663898,R,680730,L,force_out,False,False,54.0,0.346,7.0,12.96,2.0,3.7,0.966,0.25,21.9,11.27,13.73,25.0,28.85,11.86,56.0,0.229,8.0,14.29,6.0,10.71,0.672,0.104,20.62,8.85,17.7,26.55,22.12,11.94,221.0,0.211,41.0,18.55,14.0,6.33,0.5900000000000001,0.11700000000000002,21.0,10.95,15.6,26.55,32.49,16.33,,,,,,,,,,,,,,
746541,2024-06-23,2024,607732,R,680730,L,single,False,False,43.0,0.342,13.0,30.23,4.0,9.3,1.0790000000000002,0.342,39.73,18.83,18.83,37.66,31.58,36.11,52.0,0.213,11.0,21.15,3.0,5.77,0.637,0.149,23.08,10.71,20.41,31.12,23.46,19.3,221.0,0.211,41.0,18.55,14.0,6.33,0.5900000000000001,0.11700000000000002,21.0,10.95,15.6,26.55,32.49,16.33,,,,,,,,,,,,,,
746541,2024-06-23,2024,666134,L,680730,L,field_out,False,False,41.0,0.222,14.0,34.15,5.0,12.2,0.65,0.11100000000000002,23.81,8.52,27.84,36.36,22.5,25.45,130.0,0.314,34.0,26.15,12.0,9.23,0.902,0.211,27.7,10.95,22.63,33.58,26.4,21.79,78.0,0.28,17.0,21.79,3.0,3.85,0.708,0.12,22.06,11.32,17.74,29.06,21.36,23.94,,,,,,,,,,,,,,
746541,2024-06-23,2024,608841,R,615698,R,field_out,False,False,187.0,0.269,30.0,16.04,13.0,6.95,0.677,0.08399999999999996,20.18,10.09,13.45,23.54,27.94,15.62,471.0,0.268,97.0,20.59,28.0,5.94,0.7030000000000001,0.12,23.85,11.18,18.94,30.12,30.48,17.38,200.0,0.271,29.0,14.5,13.0,6.5,0.708,0.10499999999999998,18.93,9.42,16.18,25.6,26.35,12.83,233.0,0.284,18.0,7.73,4.0,1.72,0.721,0.124,14.21,7.03,15.91,22.93,28.68,8.11
746541,2024-06-23,2024,671277,L,615698,R,strikeout,True,False,201.0,0.285,31.0,15.42,8.0,3.98,0.759,0.16100000000000003,21.23,11.0,15.34,26.34,35.96,16.85,355.0,0.268,44.0,12.39,23.0,6.48,0.6950000000000001,0.1129999999999999,17.54,8.86,13.52,22.38,31.84,12.54,179.0,0.222,35.0,19.55,21.0,11.73,0.6970000000000001,0.157,25.45,10.93,15.55,26.48,23.39,16.36,211.0,0.272,40.0,18.96,31.0,14.69,0.851,0.1999999999999999,23.57,10.52,13.62,24.14,24.9,14.34
746541,2024-06-23,2024,669222,R,615698,R,single,False,False,147.0,0.214,38.0,25.85,19.0,12.93,0.655,0.11900000000000002,27.6,12.5,17.93,30.43,22.61,25.33,205.0,0.164,51.0,24.88,18.0,8.78,0.497,0.093,25.27,12.43,15.64,28.07,26.72,23.15,200.0,0.271,29.0,14.5,13.0,6.5,0.708,0.10499999999999998,18.93,9.42,16.18,25.6,26.35,12.83,233.0,0.284,18.0,7.73,4.0,1.72,0.721,0.124,14.21,7.03,15.91,22.93,28.68,8.11
746541,2024-06-23,2024,660688,L,615698,R,single,False,False,152.0,0.203,19.0,12.5,4.0,2.63,0.5309999999999999,0.09099999999999997,12.5,6.49,17.65,24.14,36.36,16.24,403.0,0.249,48.0,11.91,25.0,6.2,0.712,0.1629999999999999,14.96,7.67,15.92,23.59,36.49,14.77,179.0,0.222,35.0,19.55,21.0,11.73,0.6970000000000001,0.157,25.45,10.93,15.55,26.48,23.39,16.36,211.0,0.272,40.0,18.96,31.0,14.69,0.851,0.1999999999999999,23.57,10.52,13.62,24.14,24.9,14.34
746541,2024-06-23,2024,696285,R,615698,R,field_out,False,False,155.0,0.246,32.0,20.65,9.0,5.81,0.606,0.05099999999999999,22.0,9.91,21.98,31.89,30.3,23.36,93.0,0.268,17.0,18.28,7.0,7.53,0.687,0.0859999999999999,21.38,9.8,20.46,30.26,30.36,15.74,200.0,0.271,29.0,14.5,13.0,6.5,0.708,0.10499999999999998,18.93,9.42,16.18,25.6,26.35,12.83,233.0,0.284,18.0,7.73,4.0,1.72,0.721,0.124,14.21,7.03,15.91,22.93,28.68,8.11
746541,2024-06-23,2024,669911,R,680730,L,field_out,False,False,36.0,0.118,14.0,38.89,2.0,5.56,0.46099999999999997,0.176,22.22,10.39,20.78,31.17,23.38,25.0,48.0,0.109,21.0,43.75,2.0,4.17,0.255,0.0,48.35,23.53,13.9,37.43,32.11,36.21,221.0,0.211,41.0,18.55,14.0,6.33,0.5900000000000001,0.11700000000000002,21.0,10.95,15.6,26.55,32.49,16.33,,,,,,,,,,,,,,
746541,2024-06-23,2024,696100,R,680730,L,field_out,False,False,31.0,0.267,7.0,22.58,0.0,0.0,1.057,0.5,19.67,10.53,15.79,26.32,34.48,19.44,13.0,0.231,6.0,46.15,0.0,0.0,0.846,0.384,35.71,18.87,18.87,37.74,36.0,30.0,221.0,0.211,41.0,18.55,14.0,6.33,0.5900000000000001,0.11700000000000002,21.0,10.95,15.6,26.55,32.49,16.33,,,,,,,,,,,,,,
746541,2024-06-23,2024,656248,R,680730,L,strikeout,True,False,31.0,0.231,10.0,32.26,4.0,12.9,0.669,0.11499999999999996,30.0,13.53,18.05,31.58,26.47,22.22,14.0,0.545,3.0,21.43,3.0,21.43,1.916,0.7279999999999999,20.0,8.47,15.25,23.73,27.78,15.0,221.0,0.211,41.0,18.55,14.0,6.33,0.5900000000000001,0.11700000000000002,21.0,10.95,15.6,26.55,32.49,16.33,,,,,,,,,,,,,,
746541,2024-06-23,2024,682928,L,615698,R,double,False,False,218.0,0.251,41.0,18.81,15.0,6.88,0.794,0.23099999999999998,22.37,12.1,13.46,25.56,39.23,16.02,446.0,0.274,78.0,17.49,24.0,5.38,0.786,0.19,21.76,11.82,12.69,24.5,35.86,16.63,179.0,0.222,35.0,19.55,21.0,11.73,0.6970000000000001,0.157,25.45,10.93,15.55,26.48,23.39,16.36,211.0,0.272,40.0,18.96,31.0,14.69,0.851,0.1999999999999999,23.57,10.52,13.62,24.14,24.9,14.34
746541,2024-06-23,2024,657041,R,615698,R,single,False,False,147.0,0.211,37.0,25.17,11.0,7.48,0.633,0.157,21.37,8.74,22.03,30.77,18.91,21.51,490.0,0.242,143.0,29.18,23.0,4.69,0.719,0.185,26.09,11.34,20.58,31.92,28.6,24.48,200.0,0.271,29.0,14.5,13.0,6.5,0.708,0.10499999999999998,18.93,9.42,16.18,25.6,26.35,12.83,233.0,0.284,18.0,7.73,4.0,1.72,0.721,0.124,14.21,7.03,15.91,22.93,28.68,8.11
746541,2024-06-23,2024,608385,L,615698,R,sac_bunt,False,False,203.0,0.277,41.0,20.2,29.0,14.29,0.8440000000000001,0.16899999999999998,20.99,8.89,16.61,25.5,18.3,14.64,184.0,0.2,46.0,25.0,24.0,13.04,0.5660000000000001,0.0449999999999999,25.91,11.04,17.01,28.05,20.4,17.9,179.0,0.222,35.0,19.55,21.0,11.73,0.6970000000000001,0.157,25.45,10.93,15.55,26.48,23.39,16.36,211.0,0.272,40.0,18.96,31.0,14.69,0.851,0.1999999999999999,23.57,10.52,13.62,24.14,24.9,14.34
746541,2024-06-23,2024,592696,L,615698,R,single,False,False,194.0,0.187,47.0,24.23,10.0,5.15,0.591,0.176,28.61,14.92,15.59,30.51,36.64,20.61,449.0,0.258,104.0,23.16,29.0,6.46,0.762,0.199,29.98,17.01,12.43,29.45,43.87,20.59,179.0,0.222,35.0,19.55,21.0,11.73,0.6970000000000001,0.157,25.45,10.93,15.55,26.48,23.39,16.36,211.0,0.272,40.0,18.96,31.0,14.69,0.851,0.1999999999999999,23.57,10.52,13.62,24.14,24.9,14.34
746541,2024-06-23,2024,608841,R,615698,R,field_error,False,False,187.0,0.269,30.0,16.04,13.0,6.95,0.677,0.08399999999999996,20.18,10.09,13.45,23.54,27.94,15.62,471.0,0.268,97.0,20.59,28.0,5.94,0.7030000000000001,0.12,23.85,11.18,18.94,30.12,30.48,17.38,200.0,0.271,29.0,14.5,13.0,6.5,0.708,0.10499999999999998,18.93,9.42,16.18,25.6,26.35,12.83,233.0,0.284,18.0,7.73,4.0,1.72,0.721,0.124,14.21,7.03,15.91,22.93,28.68,8.11
746541,2024-06-23,2024,671277,L,615698,R,field_out,False,False,201.0,0.285,31.0,15.42,8.0,3.98,0.759,0.16100000000000003,21.23,11.0,15.34,26.34,35.96,16.85,355.0,0.268,44.0,12.39,23.0,6.48,0.6950000000000001,0.1129999999999999,17.54,8.86,13.52,22.38,31.84,12.54,179.0,0.222,35.0,19.55,21.0,11.73,0.6970000000000001,0.157,25.45,10.93,15.55,26.48,23.39,16.36,211.0,0.272,40.0,18.96,31.0,14.69,0.851,0.1999999999999999,23.57,10.52,13.62,24.14,24.9,14.34
746541,2024-06-23,2024,686668,R,680730,L,field_out,False,False,66.0,0.254,13.0,19.7,6.0,9.09,0.655,0.068,26.15,13.88,9.8,23.67,25.41,17.81,132.0,0.194,53.0,40.15,5.0,3.79,0.584,0.1609999999999999,39.29,21.57,11.57,33.14,32.3,30.99,221.0,0.211,41.0,18.55,14.0,6.33,0.5900000000000001,0.11700000000000002,21.0,10.95,15.6,26.55,32.49,16.33,,,,,,,,,,,,,,
746541,2024-06-23,2024,678662,R,680730,L,walk,False,True,95.0,0.287,28.0,29.47,7.0,7.37,0.843,0.21900000000000003,35.68,21.29,8.96,30.25,36.16,26.42,177.0,0.246,57.0,32.2,8.0,4.52,0.708,0.185,35.75,21.54,12.35,33.89,44.38,25.56,221.0,0.211,41.0,18.55,14.0,6.33,0.5900000000000001,0.11700000000000002,21.0,10.95,15.6,26.55,32.49,16.33,,,,,,,,,,,,,,
746541,2024-06-23,2024,641857,L,680730,L,single,False,False,101.0,0.33,29.0,28.71,11.0,10.89,0.9670000000000001,0.22700000000000004,28.06,12.88,16.39,29.27,25.84,22.48,178.0,0.191,57.0,32.02,16.0,8.99,0.573,0.118,35.23,16.38,16.64,33.03,25.79,24.15,78.0,0.28,17.0,21.79,3.0,3.85,0.708,0.12,22.06,11.32,17.74,29.06,21.36,23.94,,,,,,,,,,,,,,
746541,2024-06-23,2024,663898,R,680730,L,home_run,False,False,54.0,0.346,7.0,12.96,2.0,3.7,0.966,0.25,21.9,11.27,13.73,25.0,28.85,11.86,56.0,0.229,8.0,14.29,6.0,10.71,0.672,0.104,20.62,8.85,17.7,26.55,22.12,11.94,221.0,0.211,41.0,18.55,14.0,6.33,0.5900000000000001,0.11700000000000002,21.0,10.95,15.6,26.55,32.49,16.33,,,,,,,,,,,,,,
746541,2024-06-23,2024,607732,R,680730,L,strikeout,True,False,43.0,0.342,13.0,30.23,4.0,9.3,1.0790000000000002,0.342,39.73,18.83,18.83,37.66,31.58,36.11,52.0,0.213,11.0,21.15,3.0,5.77,0.637,0.149,23.08,10.71,20.41,31.12,23.46,19.3,221.0,0.211,41.0,18.55,14.0,6.33,0.5900000000000001,0.11700000000000002,21.0,10.95,15.6,26.55,32.49,16.33,,,,,,,,,,,,,,
746541,2024-06-23,2024,666134,L,680730,L,field_out,False,False,41.0,0.222,14.0,34.15,5.0,12.2,0.65,0.11100000000000002,23.81,8.52,27.84,36.36,22.5,25.45,130.0,0.314,34.0,26.15,12.0,9.23,0.902,0.211,27.7,10.95,22.63,33.58,26.4,21.79,78.0,0.28,17.0,21.79,3.0,3.85,0.708,0.12,22.06,11.32,17.74,29.06,21.36,23.94,,,,,,,,,,,,,,
746541,2024-06-23,2024,669222,R,615698,R,strikeout,True,False,147.0,0.214,38.0,25.85,19.0,12.93,0.655,0.11900000000000002,27.6,12.5,17.93,30.43,22.61,25.33,205.0,0.164,51.0,24.88,18.0,8.78,0.497,0.093,25.27,12.43,15.64,28.07,26.72,23.15,200.0,0.271,29.0,14.5,13.0,6.5,0.708,0.10499999999999998,18.93,9.42,16.18,25.6,26.35,12.83,233.0,0.284,18.0,7.73,4.0,1.72,0.721,0.124,14.21,7.03,15.91,22.93,28.68,8.11
746541,2024-06-23,2024,660688,L,615698,R,field_out,False,False,152.0,0.203,19.0,12.5,4.0,2.63,0.5309999999999999,0.09099999999999997,12.5,6.49,17.65,24.14,36.36,16.24,403.0,0.249,48.0,11.91,25.0,6.2,0.712,0.1629999999999999,14.96,7.67,15.92,23.59,36.49,14.77,179.0,0.222,35.0,19.55,21.0,11.73,0.6970000000000001,0.157,25.45,10.93,15.55,26.48,23.39,16.36,211.0,0.272,40.0,18.96,31.0,14.69,0.851,0.1999999999999999,23.57,10.52,13.62,24.14,24.9,14.34
746541,2024-06-23,2024,696285,R,615698,R,single,False,False,155.0,0.246,32.0,20.65,9.0,5.81,0.606,0.05099999999999999,22.0,9.91,21.98,31.89,30.3,23.36,93.0,0.268,17.0,18.28,7.0,7.53,0.687,0.0859999999999999,21.38,9.8,20.46,30.26,30.36,15.74,200.0,0.271,29.0,14.5,13.0,6.5,0.708,0.10499999999999998,18.93,9.42,16.18,25.6,26.35,12.83,233.0,0.284,18.0,7.73,4.0,1.72,0.721,0.124,14.21,7.03,15.91,22.93,28.68,8.11
746541,2024-06-23,2024,682928,L,615698,R,caught_stealing_2b,False,False,218.0,0.251,41.0,18.81,15.0,6.88,0.794,0.23099999999999998,22.37,12.1,13.46,25.56,39.23,16.02,446.0,0.274,78.0,17.49,24.0,5.38,0.786,0.19,21.76,11.82,12.69,24.5,35.86,16.63,179.0,0.222,35.0,19.55,21.0,11.73,0.6970000000000001,0.157,25.45,10.93,15.55,26.48,23.39,16.36,211.0,0.272,40.0,18.96,31.0,14.69,0.851,0.1999999999999999,23.57,10.52,13.62,24.14,24.9,14.34
746541,2024-06-23,2024,669911,R,680730,L,single,False,False,36.0,0.118,14.0,38.89,2.0,5.56,0.46099999999999997,0.176,22.22,10.39,20.78,31.17,23.38,25.0,48.0,0.109,21.0,43.75,2.0,4.17,0.255,0.0,48.35,23.53,13.9,37.43,32.11,36.21,221.0,0.211,41.0,18.55,14.0,6.33,0.5900000000000001,0.11700000000000002,21.0,10.95,15.6,26.55,32.49,16.33,,,,,,,,,,,,,,
746541,2024-06-23,2024,696100,R,680730,L,grounded_into_double_play,False,False,31.0,0.267,7.0,22.58,0.0,0.0,1.057,0.5,19.67,10.53,15.79,26.32,34.48,19.44,13.0,0.231,6.0,46.15,0.0,0.0,0.846,0.384,35.71,18.87,18.87,37.74,36.0,30.0,221.0,0.211,41.0,18.55,14.0,6.33,0.5900000000000001,0.11700000000000002,21.0,10.95,15.6,26.55,32.49,16.33,,,,,,,,,,,,,,
746541,2024-06-23,2024,595909,L,680730,L,field_out,False,False,16.0,0.125,5.0,31.25,0.0,0.0,0.25,0.0,32.26,17.86,14.29,32.14,38.46,31.25,33.0,0.138,11.0,33.33,3.0,9.09,0.391,0.0339999999999999,28.79,14.39,18.94,33.33,34.48,22.92,78.0,0.28,17.0,21.79,3.0,3.85,0.708,0.12,22.06,11.32,17.74,29.06,21.36,23.94,,,,,,,,,,,,,,
746541,2024-06-23,2024,682928,L,615698,R,home_run,False,False,218.0,0.251,41.0,18.81,15.0,6.88,0.794,0.23099999999999998,22.37,12.1,13.46,25.56,39.23,16.02,446.0,0.274,78.0,17.49,24.0,5.38,0.786,0.19,21.76,11.82,12.69,24.5,35.86,16.63,179.0,0.222,35.0,19.55,21.0,11.73,0.6970000000000001,0.157,25.45,10.93,15.55,26.48,23.39,16.36,211.0,0.272,40.0,18.96,31.0,14.69,0.851,0.1999999999999999,23.57,10.52,13.62,24.14,24.9,14.34
746541,2024-06-23,2024,657041,R,615698,R,strikeout,True,False,147.0,0.211,37.0,25.17,11.0,7.48,0.633,0.157,21.37,8.74,22.03,30.77,18.91,21.51,490.0,0.242,143.0,29.18,23.0,4.69,0.719,0.185,26.09,11.34,20.58,31.92,28.6,24.48,200.0,0.271,29.0,14.5,13.0,6.5,0.708,0.10499999999999998,18.93,9.42,16.18,25.6,26.35,12.83,233.0,0.284,18.0,7.73,4.0,1.72,0.721,0.124,14.21,7.03,15.91,22.93,28.68,8.11
746541,2024-06-23,2024,608385,L,615698,R,strikeout,True,False,203.0,0.277,41.0,20.2,29.0,14.29,0.8440000000000001,0.16899999999999998,20.99,8.89,16.61,25.5,18.3,14.64,184.0,0.2,46.0,25.0,24.0,13.04,0.5660000000000001,0.0449999999999999,25.91,11.04,17.01,28.05,20.4,17.9,179.0,0.222,35.0,19.55,21.0,11.73,0.6970000000000001,0.157,25.45,10.93,15.55,26.48,23.39,16.36,211.0,0.272,40.0,18.96,31.0,14.69,0.851,0.1999999999999999,23.57,10.52,13.62,24.14,24.9,14.34
746541,2024-06-23,2024,592696,L,615698,R,field_out,False,False,194.0,0.187,47.0,24.23,10.0,5.15,0.591,0.176,28.61,14.92,15.59,30.51,36.64,20.61,449.0,0.258,104.0,23.16,29.0,6.46,0.762,0.199,29.98,17.01,12.43,29.45,43.87,20.59,179.0,0.222,35.0,19.55,21.0,11.73,0.6970000000000001,0.157,25.45,10.93,15.55,26.48,23.39,16.36,211.0,0.272,40.0,18.96,31.0,14.69,0.851,0.1999999999999999,23.57,10.52,13.62,24.14,24.9,14.34
746541,2024-06-23,2024,686668,R,680730,L,field_out,False,False,66.0,0.254,13.0,19.7,6.0,9.09,0.655,0.068,26.15,13.88,9.8,23.67,25.41,17.81,132.0,0.194,53.0,40.15,5.0,3.79,0.584,0.1609999999999999,39.29,21.57,11.57,33.14,32.3,30.99,221.0,0.211,41.0,18.55,14.0,6.33,0.5900000000000001,0.11700000000000002,21.0,10.95,15.6,26.55,32.49,16.33,,,,,,,,,,,,,,
746541,2024-06-23,2024,678662,R,680730,L,walk,False,True,95.0,0.287,28.0,29.47,7.0,7.37,0.843,0.21900000000000003,35.68,21.29,8.96,30.25,36.16,26.42,177.0,0.246,57.0,32.2,8.0,4.52,0.708,0.185,35.75,21.54,12.35,33.89,44.38,25.56,221.0,0.211,41.0,18.55,14.0,6.33,0.5900000000000001,0.11700000000000002,21.0,10.95,15.6,26.55,32.49,16.33,,,,,,,,,,,,,,
746541,2024-06-23,2024,641857,L,680730,L,strikeout,True,False,101.0,0.33,29.0,28.71,11.0,10.89,0.9670000000000001,0.22700000000000004,28.06,12.88,16.39,29.27,25.84,22.48,178.0,0.191,57.0,32.02,16.0,8.99,0.573,0.118,35.23,16.38,16.64,33.03,25.79,24.15,78.0,0.28,17.0,21.79,3.0,3.85,0.708,0.12,22.06,11.32,17.74,29.06,21.36,23.94,,,,,,,,,,,,,,
746541,2024-06-23,2024,663898,R,680730,L,strikeout,True,False,54.0,0.346,7.0,12.96,2.0,3.7,0.966,0.25,21.9,11.27,13.73,25.0,28.85,11.86,56.0,0.229,8.0,14.29,6.0,10.71,0.672,0.104,20.62,8.85,17.7,26.55,22.12,11.94,221.0,0.211,41.0,18.55,14.0,6.33,0.5900000000000001,0.11700000000000002,21.0,10.95,15.6,26.55,32.49,16.33,,,,,,,,,,,,,,
746541,2024-06-23,2024,608841,R,615698,R,field_out,False,False,187.0,0.269,30.0,16.04,13.0,6.95,0.677,0.08399999999999996,20.18,10.09,13.45,23.54,27.94,15.62,471.0,0.268,97.0,20.59,28.0,5.94,0.7030000000000001,0.12,23.85,11.18,18.94,30.12,30.48,17.38,200.0,0.271,29.0,14.5,13.0,6.5,0.708,0.10499999999999998,18.93,9.42,16.18,25.6,26.35,12.83,233.0,0.284,18.0,7.73,4.0,1.72,0.721,0.124,14.21,7.03,15.91,22.93,28.68,8.11
746541,2024-06-23,2024,671277,L,615698,R,field_out,False,False,201.0,0.285,31.0,15.42,8.0,3.98,0.759,0.16100000000000003,21.23,11.0,15.34,26.34,35.96,16.85,355.0,0.268,44.0,12.39,23.0,6.48,0.6950000000000001,0.1129999999999999,17.54,8.86,13.52,22.38,31.84,12.54,179.0,0.222,35.0,19.55,21.0,11.73,0.6970000000000001,0.157,25.45,10.93,15.55,26.48,23.39,16.36,211.0,0.272,40.0,18.96,31.0,14.69,0.851,0.1999999999999999,23.57,10.52,13.62,24.14,24.9,14.34
746541,2024-06-23,2024,669222,R,615698,R,field_out,False,False,147.0,0.214,38.0,25.85,19.0,12.93,0.655,0.11900000000000002,27.6,12.5,17.93,30.43,22.61,25.33,205.0,0.164,51.0,24.88,18.0,8.78,0.497,0.093,25.27,12.43,15.64,28.07,26.72,23.15,200.0,0.271,29.0,14.5,13.0,6.5,0.708,0.10499999999999998,18.93,9.42,16.18,25.6,26.35,12.83,233.0,0.284,18.0,7.73,4.0,1.72,0.721,0.124,14.21,7.03,15.91,22.93,28.68,8.11
746541,2024-06-23,2024,607732,R,680730,L,strikeout,True,False,43.0,0.342,13.0,30.23,4.0,9.3,1.0790000000000002,0.342,39.73,18.83,18.83,37.66,31.58,36.11,52.0,0.213,11.0,21.15,3.0,5.77,0.637,0.149,23.08,10.71,20.41,31.12,23.46,19.3,221.0,0.211,41.0,18.55,14.0,6.33,0.5900000000000001,0.11700000000000002,21.0,10.95,15.6,26.55,32.49,16.33,,,,,,,,,,,,,,
746541,2024-06-23,2024,666134,L,680730,L,strikeout,True,False,41.0,0.222,14.0,34.15,5.0,12.2,0.65,0.11100000000000002,23.81,8.52,27.84,36.36,22.5,25.45,130.0,0.314,34.0,26.15,12.0,9.23,0.902,0.211,27.7,10.95,22.63,33.58,26.4,21.79,78.0,0.28,17.0,21.79,3.0,3.85,0.708,0.12,22.06,11.32,17.74,29.06,21.36,23.94,,,,,,,,,,,,,,
746541,2024-06-23,2024,669911,R,680730,L,strikeout,True,False,36.0,0.118,14.0,38.89,2.0,5.56,0.46099999999999997,0.176,22.22,10.39,20.78,31.17,23.38,25.0,48.0,0.109,21.0,43.75,2.0,4.17,0.255,0.0,48.35,23.53,13.9,37.43,32.11,36.21,221.0,0.211,41.0,18.55,14.0,6.33,0.5900000000000001,0.11700000000000002,21.0,10.95,15.6,26.55,32.49,16.33,,,,,,,,,,,,,,
746541,2024-06-23,2024,660688,L,656234,R,walk,False,True,152.0,0.203,19.0,12.5,4.0,2.63,0.5309999999999999,0.09099999999999997,12.5,6.49,17.65,24.14,36.36,16.24,403.0,0.249,48.0,11.91,25.0,6.2,0.712,0.1629999999999999,14.96,7.67,15.92,23.59,36.49,14.77,49.0,0.359,8.0,16.33,9.0,18.37,1.131,0.28200000000000003,17.86,7.73,15.46,23.2,22.0,12.9,161.0,0.224,37.0,22.98,11.0,6.83,0.633,0.1229999999999999,20.45,9.12,19.24,28.36,20.49,22.7
746541,2024-06-23,2024,696285,R,656234,R,single,False,False,155.0,0.246,32.0,20.65,9.0,5.81,0.606,0.05099999999999999,22.0,9.91,21.98,31.89,30.3,23.36,93.0,0.268,17.0,18.28,7.0,7.53,0.687,0.0859999999999999,21.38,9.8,20.46,30.26,30.36,15.74,60.0,0.224,8.0,13.33,9.0,15.0,0.621,0.04100000000000001,24.1,9.35,22.43,31.78,25.45,15.69,221.0,0.314,40.0,18.1,16.0,7.24,0.806,0.119,21.64,10.01,18.5,28.52,24.4,18.78
746541,2024-06-23,2024,682928,L,656234,R,single,False,False,218.0,0.251,41.0,18.81,15.0,6.88,0.794,0.23099999999999998,22.37,12.1,13.46,25.56,39.23,16.02,446.0,0.274,78.0,17.49,24.0,5.38,0.786,0.19,21.76,11.82,12.69,24.5,35.86,16.63,49.0,0.359,8.0,16.33,9.0,18.37,1.131,0.28200000000000003,17.86,7.73,15.46,23.2,22.0,12.9,161.0,0.224,37.0,22.98,11.0,6.83,0.633,0.1229999999999999,20.45,9.12,19.24,28.36,20.49,22.7
746541,2024-06-23,2024,657041,R,664875,R,single,False,False,147.0,0.211,37.0,25.17,11.0,7.48,0.633,0.157,21.37,8.74,22.03,30.77,18.91,21.51,490.0,0.242,143.0,29.18,23.0,4.69,0.719,0.185,26.09,11.34,20.58,31.92,28.6,24.48,69.0,0.271,17.0,24.64,7.0,10.14,0.694,0.08499999999999996,24.22,10.51,20.34,30.85,26.53,17.71,177.0,0.245,49.0,27.68,18.0,10.17,0.681,0.1029999999999999,27.34,10.96,23.42,34.38,25.86,30.43
746541,2024-06-23,2024,545121,L,664875,R,field_out,False,False,94.0,0.247,5.0,5.32,9.0,9.57,0.627,0.065,10.79,4.52,20.78,25.3,24.4,6.76,179.0,0.226,11.0,6.15,15.0,8.38,0.58,0.0629999999999999,13.38,5.9,20.34,26.24,25.61,7.28,46.0,0.361,5.0,10.87,9.0,19.57,1.083,0.22199999999999998,18.92,7.78,14.44,22.22,22.73,10.87,149.0,0.221,29.0,19.46,18.0,12.08,0.6970000000000001,0.1399999999999999,20.35,8.63,17.64,26.27,23.41,23.02
746541,2024-06-23,2024,696100,R,606930,R,home_run,False,False,67.0,0.175,20.0,29.85,3.0,4.48,0.573,0.174,34.48,20.08,10.84,30.92,37.1,26.67,64.0,0.193,18.0,28.12,5.0,7.81,0.583,0.14,38.6,18.26,16.18,34.44,35.56,28.57,68.0,0.277,15.0,22.06,1.0,1.47,0.679,0.123,31.29,17.36,10.94,28.3,34.53,17.44,42.0,0.325,6.0,14.29,1.0,2.38,0.857,0.175,26.58,16.03,11.45,27.48,40.0,15.0
746541,2024-06-23,2024,595909,L,606930,R,strikeout,True,False,123.0,0.282,30.0,24.39,11.0,8.94,0.714,0.09100000000000003,23.17,12.05,14.06,26.1,32.24,17.65,171.0,0.226,44.0,25.73,12.0,7.02,0.663,0.155,26.67,12.9,15.25,28.15,29.13,19.91,41.0,0.235,5.0,12.2,6.0,14.63,0.7230000000000001,0.14700000000000002,23.53,9.47,17.75,27.22,28.26,11.9,19.0,0.294,2.0,10.53,2.0,10.53,0.78,0.118,9.09,3.85,16.67,20.51,21.43,8.7
746541,2024-06-23,2024,686668,R,606930,R,field_out,False,False,231.0,0.268,64.0,27.71,19.0,8.23,0.739,0.14199999999999996,30.0,14.84,15.68,30.52,29.21,26.56,299.0,0.207,98.0,32.78,17.0,5.69,0.597,0.131,34.17,17.56,14.33,31.89,31.96,31.51,68.0,0.277,15.0,22.06,1.0,1.47,0.679,0.123,31.29,17.36,10.94,28.3,34.53,17.44,42.0,0.325,6.0,14.29,1.0,2.38,0.857,0.175,26.58,16.03,11.45,27.48,40.0,15.0
746541,2024-06-23,2024,678662,R,606930,R,strikeout,True,False,241.0,0.289,62.0,25.73,6.0,2.49,0.794,0.193,33.27,21.13,9.53,30.65,47.03,21.83,438.0,0.256,109.0,24.89,17.0,3.88,0.69,0.143,29.47,17.51,10.44,27.95,41.11,20.49,68.0,0.277,15.0,22.06,1.0,1.47,0.679,0.123,31.29,17.36,10.94,28.3,34.53,17.44,42.0,0.325,6.0,14.29,1.0,2.38,0.857,0.175,26.58,16.03,11.45,27.48,40.0,15.0
746541,2024-06-23,2024,592696,L,664875,R,field_out,False,False,194.0,0.187,47.0,24.23,10.0,5.15,0.591,0.176,28.61,14.92,15.59,30.51,36.64,20.61,449.0,0.258,104.0,23.16,29.0,6.46,0.762,0.199,29.98,17.01,12.43,29.45,43.87,20.59,46.0,0.361,5.0,10.87,9.0,19.57,1.083,0.22199999999999998,18.92,7.78,14.44,22.22,22.73,10.87,149.0,0.221,29.0,19.46,18.0,12.08,0.6970000000000001,0.1399999999999999,20.35,8.63,17.64,26.27,23.41,23.02
746541,2024-06-23,2024,608841,R,664875,R,field_error,False,False,187.0,0.269,30.0,16.04,13.0,6.95,0.677,0.08399999999999996,20.18,10.09,13.45,23.54,27.94,15.62,471.0,0.268,97.0,20.59,28.0,5.94,0.7030000000000001,0.12,23.85,11.18,18.94,30.12,30.48,17.38,69.0,0.271,17.0,24.64,7.0,10.14,0.694,0.08499999999999996,24.22,10.51,20.34,30.85,26.53,17.71,177.0,0.245,49.0,27.68,18.0,10.17,0.681,0.1029999999999999,27.34,10.96,23.42,34.38,25.86,30.43
746541,2024-06-23,2024,671277,L,664875,R,home_run,False,False,201.0,0.285,31.0,15.42,8.0,3.98,0.759,0.16100000000000003,21.23,11.0,15.34,26.34,35.96,16.85,355.0,0.268,44.0,12.39,23.0,6.48,0.6950000000000001,0.1129999999999999,17.54,8.86,13.52,22.38,31.84,12.54,46.0,0.361,5.0,10.87,9.0,19.57,1.083,0.22199999999999998,18.92,7.78,14.44,22.22,22.73,10.87,149.0,0.221,29.0,19.46,18.0,12.08,0.6970000000000001,0.1399999999999999,20.35,8.63,17.64,26.27,23.41,23.02
746541,2024-06-23,2024,669222,R,664875,R,field_out,False,False,147.0,0.214,38.0,25.85,19.0,12.93,0.655,0.11900000000000002,27.6,12.5,17.93,30.43,22.61,25.33,205.0,0.164,51.0,24.88,18.0,8.78,0.497,0.093,25.27,12.43,15.64,28.07,26.72,23.15,69.0,0.271,17.0,24.64,7.0,10.14,0.694,0.08499999999999996,24.22,10.51,20.34,30.85,26.53,17.71,177.0,0.245,49.0,27.68,18.0,10.17,0.681,0.1029999999999999,27.34,10.96,23.42,34.38,25.86,30.43
746541,2024-06-23,2024,686452,R,656222,L,field_out,False,False,9.0,0.111,3.0,33.33,0.0,0.0,0.222,0.0,21.43,10.34,17.24,27.59,33.33,42.86,11.0,0.111,2.0,18.18,1.0,9.09,0.311,0.0,26.32,12.82,17.95,30.77,29.41,20.0,107.0,0.221,17.0,15.89,10.0,9.35,0.6499999999999999,0.13699999999999998,20.81,9.88,13.01,22.89,23.92,15.74,130.0,0.243,27.0,20.77,12.0,9.23,0.7090000000000001,0.148,29.39,14.08,15.55,29.62,28.21,22.31
746541,2024-06-23,2024,641857,L,640451,R,home_run,False,False,225.0,0.258,62.0,27.56,22.0,9.78,0.784,0.197,27.19,13.15,15.48,28.63,27.48,19.62,449.0,0.26,141.0,31.4,52.0,11.58,0.826,0.2209999999999999,31.26,14.84,14.94,29.79,25.26,20.41,79.0,0.257,21.0,26.58,4.0,5.06,0.696,0.135,25.15,13.48,15.05,28.53,39.87,19.81,105.0,0.245,24.0,22.86,5.0,4.76,0.664,0.143,24.4,12.75,15.75,28.5,34.62,19.83
746541,2024-06-23,2024,663898,R,640451,R,strikeout,True,False,180.0,0.253,46.0,25.56,9.0,5.0,0.63,0.08800000000000002,24.93,12.27,16.36,28.63,25.38,19.66,138.0,0.269,33.0,23.91,5.0,3.62,0.709,0.1389999999999999,27.31,13.83,17.45,31.28,33.92,25.0,75.0,0.191,23.0,30.67,6.0,8.0,0.605,0.14700000000000002,32.14,16.88,15.0,31.87,24.64,19.13,130.0,0.168,43.0,33.08,8.0,6.15,0.517,0.1179999999999999,27.76,13.76,16.05,29.81,27.61,22.75
746541,2024-06-23,2024,607732,R,640451,R,walk,False,True,90.0,0.269,16.0,17.78,8.0,8.89,0.719,0.08999999999999997,26.0,11.34,17.73,29.07,19.63,16.84,225.0,0.186,56.0,24.89,24.0,10.67,0.547,0.082,22.79,8.98,20.99,29.97,22.2,22.95,75.0,0.191,23.0,30.67,6.0,8.0,0.605,0.14700000000000002,32.14,16.88,15.0,31.87,24.64,19.13,130.0,0.168,43.0,33.08,8.0,6.15,0.517,0.1179999999999999,27.76,13.76,16.05,29.81,27.61,22.75
746541,2024-06-23,2024,666134,L,640451,R,walk,False,True,93.0,0.19,27.0,29.03,13.0,13.98,0.605,0.11399999999999999,28.12,10.69,22.8,33.49,22.38,17.88,294.0,0.289,92.0,31.29,41.0,13.95,0.945,0.261,33.58,14.12,18.56,32.68,25.97,22.72,79.0,0.257,21.0,26.58,4.0,5.06,0.696,0.135,25.15,13.48,15.05,28.53,39.87,19.81,105.0,0.245,24.0,22.86,5.0,4.76,0.664,0.143,24.4,12.75,15.75,28.5,34.62,19.83
746541,2024-06-23,2024,669911,L,640451,R,strikeout,True,False,77.0,0.225,27.0,35.06,4.0,5.19,0.738,0.24000000000000002,30.43,14.63,15.82,30.45,30.6,23.08,104.0,0.189,29.0,27.88,8.0,7.69,0.628,0.179,34.34,17.26,14.21,31.47,29.0,25.0,79.0,0.257,21.0,26.58,4.0,5.06,0.696,0.135,25.15,13.48,15.05,28.53,39.87,19.81,105.0,0.245,24.0,22.86,5.0,4.76,0.664,0.143,24.4,12.75,15.75,28.5,34.62,19.83
746541,2024-06-23,2024,696285,R,656222,L,field_out,False,False,68.0,0.312,12.0,17.65,2.0,2.94,0.759,0.09400000000000003,15.69,6.32,22.92,29.25,21.93,16.9,28.0,0.2,5.0,17.86,3.0,10.71,0.5660000000000001,0.08,20.0,9.24,20.17,29.41,29.63,13.16,107.0,0.221,17.0,15.89,10.0,9.35,0.6499999999999999,0.13699999999999998,20.81,9.88,13.01,22.89,23.92,15.74,130.0,0.243,27.0,20.77,12.0,9.23,0.7090000000000001,0.148,29.39,14.08,15.55,29.62,28.21,22.31
746541,2024-06-23,2024,682928,L,656222,L,strikeout,True,False,87.0,0.325,18.0,20.69,3.0,3.45,0.91,0.22900000000000004,26.01,14.11,15.05,29.15,38.36,17.65,170.0,0.166,40.0,23.53,8.0,4.71,0.512,0.106,24.68,12.36,17.24,29.59,32.89,21.74,47.0,0.175,12.0,25.53,6.0,12.77,0.548,0.07500000000000001,30.77,13.73,12.25,25.98,23.14,23.53,62.0,0.269,20.0,32.26,9.0,14.52,0.736,0.0959999999999999,34.23,14.84,15.62,30.47,25.0,25.0
746541,2024-06-23,2024,657041,R,656222,L,field_out,False,False,61.0,0.321,8.0,13.11,5.0,8.2,0.93,0.22600000000000003,16.67,7.17,18.33,25.5,21.97,10.13,192.0,0.331,33.0,17.19,13.0,6.77,0.948,0.2419999999999999,14.83,6.49,18.37,24.86,23.4,17.65,107.0,0.221,17.0,15.89,10.0,9.35,0.6499999999999999,0.13699999999999998,20.81,9.88,13.01,22.89,23.92,15.74,130.0,0.243,27.0,20.77,12.0,9.23,0.7090000000000001,0.148,29.39,14.08,15.55,29.62,28.21,22.31
746541,2024-06-23,2024,696100,R,640448,R,single,False,False,67.0,0.175,20.0,29.85,3.0,4.48,0.573,0.174,34.48,20.08,10.84,30.92,37.1,26.67,64.0,0.193,18.0,28.12,5.0,7.81,0.583,0.14,38.6,18.26,16.18,34.44,35.56,28.57,67.0,0.197,13.0,19.4,6.0,8.96,0.63,0.16399999999999998,19.86,10.94,13.28,24.22,24.24,15.85,157.0,0.27,36.0,22.93,7.0,4.46,0.772,0.196,25.88,13.73,13.9,27.63,28.08,18.95
746541,2024-06-23,2024,595909,L,640448,R,single,False,False,123.0,0.282,30.0,24.39,11.0,8.94,0.714,0.09100000000000003,23.17,12.05,14.06,26.1,32.24,17.65,171.0,0.226,44.0,25.73,12.0,7.02,0.663,0.155,26.67,12.9,15.25,28.15,29.13,19.91,57.0,0.157,20.0,35.09,5.0,8.77,0.561,0.17600000000000002,30.25,15.52,16.38,31.9,34.74,22.99,131.0,0.232,27.0,20.61,17.0,12.98,0.6990000000000001,0.1339999999999999,23.4,10.42,17.23,27.65,20.92,17.09
746541,2024-06-23,2024,686668,R,640448,R,single,False,False,231.0,0.268,64.0,27.71,19.0,8.23,0.739,0.14199999999999996,30.0,14.84,15.68,30.52,29.21,26.56,299.0,0.207,98.0,32.78,17.0,5.69,0.597,0.131,34.17,17.56,14.33,31.89,31.96,31.51,67.0,0.197,13.0,19.4,6.0,8.96,0.63,0.16399999999999998,19.86,10.94,13.28,24.22,24.24,15.85,157.0,0.27,36.0,22.93,7.0,4.46,0.772,0.196,25.88,13.73,13.9,27.63,28.08,18.95
746541,2024-06-23,2024,678662,R,640448,R,single,False,False,241.0,0.289,62.0,25.73,6.0,2.49,0.794,0.193,33.27,21.13,9.53,30.65,47.03,21.83,438.0,0.256,109.0,24.89,17.0,3.88,0.69,0.143,29.47,17.51,10.44,27.95,41.11,20.49,67.0,0.197,13.0,19.4,6.0,8.96,0.63,0.16399999999999998,19.86,10.94,13.28,24.22,24.24,15.85,157.0,0.27,36.0,22.93,7.0,4.46,0.772,0.196,25.88,13.73,13.9,27.63,28.08,18.95
746541,2024-06-23,2024,641857,L,640448,R,walk,False,True,225.0,0.258,62.0,27.56,22.0,9.78,0.784,0.197,27.19,13.15,15.48,28.63,27.48,19.62,449.0,0.26,141.0,31.4,52.0,11.58,0.826,0.2209999999999999,31.26,14.84,14.94,29.79,25.26,20.41,57.0,0.157,20.0,35.09,5.0,8.77,0.561,0.17600000000000002,30.25,15.52,16.38,31.9,34.74,22.99,131.0,0.232,27.0,20.61,17.0,12.98,0.6990000000000001,0.1339999999999999,23.4,10.42,17.23,27.65,20.92,17.09
747021,2024-06-24,2024,680757,L,700249,L,single,False,False,64.0,0.424,5.0,7.81,5.0,7.81,0.977,0.08400000000000002,4.85,1.95,21.09,23.05,17.24,7.81,224.0,0.26,23.0,10.27,20.0,8.93,0.667,0.08,13.41,5.5,21.44,26.95,22.3,10.5,18.0,0.231,1.0,5.56,4.0,22.22,0.752,0.07699999999999999,25.0,9.86,12.68,22.54,19.05,6.25,,,,,,,,,,,,,,
747021,2024-06-24,2024,665926,L,700249,L,walk,False,True,89.0,0.277,11.0,12.36,0.0,0.0,0.688,0.09599999999999997,20.86,11.78,14.2,25.98,39.49,10.89,197.0,0.268,26.0,13.2,8.0,4.06,0.7130000000000001,0.1169999999999999,23.63,12.79,15.07,27.86,41.69,11.02,18.0,0.231,1.0,5.56,4.0,22.22,0.752,0.07699999999999999,25.0,9.86,12.68,22.54,19.05,6.25,,,,,,,,,,,,,,
747021,2024-06-24,2024,608070,R,700249,L,single,False,False,98.0,0.337,12.0,12.24,8.0,8.16,0.961,0.23599999999999993,19.89,10.03,14.91,24.93,34.24,13.48,230.0,0.243,25.0,10.87,19.0,8.26,0.766,0.219,16.06,7.21,15.81,23.02,28.33,12.18,51.0,0.178,8.0,15.69,5.0,9.8,0.499,0.066,18.81,8.96,17.92,26.89,25.77,12.9,,,,,,,,,,,,,,
747021,2024-06-24,2024,647304,L,700249,L,strikeout,True,False,94.0,0.214,22.0,23.4,7.0,7.45,0.754,0.25,28.85,14.29,12.7,26.98,35.43,28.21,148.0,0.299,15.0,10.14,8.0,5.41,0.821,0.175,16.23,8.67,12.1,20.77,35.38,11.03,18.0,0.231,1.0,5.56,4.0,22.22,0.752,0.07699999999999999,25.0,9.86,12.68,22.54,19.05,6.25,,,,,,,,,,,,,,
747021,2024-06-24,2024,681807,R,700249,L,strikeout,True,False,85.0,0.367,16.0,18.82,20.0,23.53,1.241,0.33299999999999996,25.0,10.03,15.04,25.07,16.49,16.0,51.0,0.227,11.0,21.57,5.0,9.8,0.742,0.1819999999999999,25.66,14.43,11.94,26.37,40.95,15.07,51.0,0.178,8.0,15.69,5.0,9.8,0.499,0.066,18.81,8.96,17.92,26.89,25.77,12.9,,,,,,,,,,,,,,
747021,2024-06-24,2024,686823,L,700249,L,field_out,False,False,27.0,0.154,4.0,14.81,0.0,0.0,0.42300000000000004,0.11500000000000002,17.31,10.23,11.36,21.59,35.9,19.05,87.0,0.214,12.0,13.79,2.0,2.3,0.495,0.048,19.35,10.42,18.06,28.47,37.5,16.67,18.0,0.231,1.0,5.56,4.0,22.22,0.752,0.07699999999999999,25.0,9.86,12.68,22.54,19.05,6.25,,,,,,,,,,,,,,
747021,2024-06-24,2024,683002,L,676440,R,double,False,False,239.0,0.281,52.0,21.76,25.0,10.46,0.993,0.348,24.76,11.22,15.1,26.32,22.62,21.58,455.0,0.272,117.0,25.71,38.0,8.35,0.885,0.277,25.57,12.07,15.7,27.78,26.4,22.35,204.0,0.258,56.0,27.45,16.0,7.84,0.781,0.199,26.88,12.71,16.75,29.45,25.48,19.51,268.0,0.202,62.0,23.13,23.0,8.58,0.546,0.071,24.7,11.53,16.24,27.77,24.49,18.84
747021,2024-06-24,2024,668939,L,676440,R,strikeout,True,False,225.0,0.246,45.0,20.0,18.0,8.0,0.696,0.14300000000000002,20.95,9.67,20.0,29.67,32.74,16.73,496.0,0.267,80.0,16.13,61.0,12.3,0.778,0.1519999999999999,16.76,6.91,19.7,26.61,24.41,12.54,204.0,0.258,56.0,27.45,16.0,7.84,0.781,0.199,26.88,12.71,16.75,29.45,25.48,19.51,268.0,0.202,62.0,23.13,23.0,8.58,0.546,0.071,24.7,11.53,16.24,27.77,24.49,18.84
747021,2024-06-24,2024,656811,L,676440,R,single,False,False,212.0,0.295,23.0,10.85,18.0,8.49,0.841,0.192,18.31,8.16,17.06,25.22,22.65,12.11,340.0,0.297,74.0,21.76,13.0,3.82,0.802,0.178,22.26,11.29,14.37,25.66,31.15,17.72,204.0,0.258,56.0,27.45,16.0,7.84,0.781,0.199,26.88,12.71,16.75,29.45,25.48,19.51,268.0,0.202,62.0,23.13,23.0,8.58,0.546,0.071,24.7,11.53,16.24,27.77,24.49,18.84
747021,2024-06-24,2024,623993,L,676440,R,field_out,False,False,224.0,0.223,36.0,16.07,14.0,6.25,0.781,0.277,16.77,9.11,12.94,22.05,40.29,13.14,486.0,0.26,107.0,22.02,31.0,6.38,0.798,0.2229999999999999,22.13,11.37,14.84,26.21,37.22,15.21,204.0,0.258,56.0,27.45,16.0,7.84,0.781,0.199,26.88,12.71,16.75,29.45,25.48,19.51,268.0,0.202,62.0,23.13,23.0,8.58,0.546,0.071,24.7,11.53,16.24,27.77,24.49,18.84
747021,2024-06-24,2024,677008,L,676440,R,double,False,False,17.0,0.143,6.0,35.29,2.0,11.76,0.43699999999999994,0.0,39.02,21.92,12.33,34.25,40.54,27.27,32.0,0.241,10.0,31.25,2.0,6.25,0.7729999999999999,0.242,36.84,17.36,19.01,36.36,35.94,29.41,204.0,0.258,56.0,27.45,16.0,7.84,0.781,0.199,26.88,12.71,16.75,29.45,25.48,19.51,268.0,0.202,62.0,23.13,23.0,8.58,0.546,0.071,24.7,11.53,16.24,27.77,24.49,18.84
747021,2024-06-24,2024,676059,R,676440,R,strikeout,True,False,219.0,0.31,38.0,17.35,12.0,5.48,0.925,0.25000000000000006,26.08,13.28,15.35,28.62,30.55,14.45,146.0,0.246,33.0,22.6,8.0,5.48,0.6779999999999999,0.142,22.97,11.73,16.25,27.98,29.59,19.76,135.0,0.187,43.0,31.85,5.0,3.7,0.544,0.13,32.99,17.82,13.7,31.52,26.05,23.5,317.0,0.253,79.0,24.92,22.0,6.94,0.732,0.1669999999999999,27.8,13.2,16.51,29.71,29.83,21.01
747021,2024-06-24,2024,682177,L,700249,L,field_out,False,False,12.0,0.333,5.0,41.67,3.0,25.0,1.167,0.334,29.03,13.43,11.94,25.37,25.71,14.71,,,,,,,,,,,,,,,18.0,0.231,1.0,5.56,4.0,22.22,0.752,0.07699999999999999,25.0,9.86,12.68,22.54,19.05,6.25,,,,,,,,,,,,,,
747021,2024-06-24,2024,672356,R,700249,L,double,False,False,53.0,0.28,18.0,33.96,3.0,5.66,0.741,0.13999999999999996,41.03,25.67,9.09,34.76,41.86,31.03,119.0,0.083,54.0,45.38,10.0,8.4,0.316,0.0649999999999999,44.4,24.39,12.09,36.48,34.85,30.51,51.0,0.178,8.0,15.69,5.0,9.8,0.499,0.066,18.81,8.96,17.92,26.89,25.77,12.9,,,,,,,,,,,,,,
747021,2024-06-24,2024,666310,L,700249,L,double,False,False,31.0,0.185,12.0,38.71,4.0,12.9,0.623,0.14800000000000002,34.55,15.45,19.51,34.96,31.67,35.29,51.0,0.217,13.0,25.49,4.0,7.84,0.6639999999999999,0.153,18.18,7.96,17.26,25.22,25.23,18.84,18.0,0.231,1.0,5.56,4.0,22.22,0.752,0.07699999999999999,25.0,9.86,12.68,22.54,19.05,6.25,,,,,,,,,,,,,,
747021,2024-06-24,2024,680757,L,700249,L,field_out,False,False,64.0,0.424,5.0,7.81,5.0,7.81,0.977,0.08400000000000002,4.85,1.95,21.09,23.05,17.24,7.81,224.0,0.26,23.0,10.27,20.0,8.93,0.667,0.08,13.41,5.5,21.44,26.95,22.3,10.5,18.0,0.231,1.0,5.56,4.0,22.22,0.752,0.07699999999999999,25.0,9.86,12.68,22.54,19.05,6.25,,,,,,,,,,,,,,
747021,2024-06-24,2024,665926,L,700249,L,field_out,False,False,89.0,0.277,11.0,12.36,0.0,0.0,0.688,0.09599999999999997,20.86,11.78,14.2,25.98,39.49,10.89,197.0,0.268,26.0,13.2,8.0,4.06,0.7130000000000001,0.1169999999999999,23.63,12.79,15.07,27.86,41.69,11.02,18.0,0.231,1.0,5.56,4.0,22.22,0.752,0.07699999999999999,25.0,9.86,12.68,22.54,19.05,6.25,,,,,,,,,,,,,,
747021,2024-06-24,2024,656775,L,676440,R,field_out,False,False,179.0,0.232,41.0,22.91,12.0,6.7,0.683,0.17,19.23,9.95,14.09,24.04,29.06,21.13,336.0,0.233,77.0,22.92,31.0,9.23,0.726,0.1889999999999999,26.24,13.25,14.23,27.48,28.99,18.95,204.0,0.258,56.0,27.45,16.0,7.84,0.781,0.199,26.88,12.71,16.75,29.45,25.48,19.51,268.0,0.202,62.0,23.13,23.0,8.58,0.546,0.071,24.7,11.53,16.24,27.77,24.49,18.84
747021,2024-06-24,2024,602104,R,676440,R,field_out,False,False,89.0,0.262,14.0,15.73,4.0,4.49,0.755,0.19,28.48,13.93,14.24,28.17,27.27,16.28,272.0,0.274,72.0,26.47,17.0,6.25,0.726,0.1169999999999999,29.67,14.82,16.24,31.07,27.7,24.41,135.0,0.187,43.0,31.85,5.0,3.7,0.544,0.13,32.99,17.82,13.7,31.52,26.05,23.5,317.0,0.253,79.0,24.92,22.0,6.94,0.732,0.1669999999999999,27.8,13.2,16.51,29.71,29.83,21.01
747021,2024-06-24,2024,543510,R,676440,R,strikeout,True,False,59.0,0.218,11.0,18.64,3.0,5.08,0.581,0.10900000000000001,20.95,11.4,13.47,24.87,37.08,20.83,112.0,0.247,31.0,27.68,6.0,5.36,0.702,0.134,37.09,19.22,14.36,33.58,41.41,26.72,135.0,0.187,43.0,31.85,5.0,3.7,0.544,0.13,32.99,17.82,13.7,31.52,26.05,23.5,317.0,0.253,79.0,24.92,22.0,6.94,0.732,0.1669999999999999,27.8,13.2,16.51,29.71,29.83,21.01
747021,2024-06-24,2024,608070,R,700249,L,field_out,False,False,98.0,0.337,12.0,12.24,8.0,8.16,0.961,0.23599999999999993,19.89,10.03,14.91,24.93,34.24,13.48,230.0,0.243,25.0,10.87,19.0,8.26,0.766,0.219,16.06,7.21,15.81,23.02,28.33,12.18,51.0,0.178,8.0,15.69,5.0,9.8,0.499,0.066,18.81,8.96,17.92,26.89,25.77,12.9,,,,,,,,,,,,,,
747021,2024-06-24,2024,647304,L,700249,L,strikeout,True,False,94.0,0.214,22.0,23.4,7.0,7.45,0.754,0.25,28.85,14.29,12.7,26.98,35.43,28.21,148.0,0.299,15.0,10.14,8.0,5.41,0.821,0.175,16.23,8.67,12.1,20.77,35.38,11.03,18.0,0.231,1.0,5.56,4.0,22.22,0.752,0.07699999999999999,25.0,9.86,12.68,22.54,19.05,6.25,,,,,,,,,,,,,,
747021,2024-06-24,2024,681807,R,700249,L,strikeout,True,False,85.0,0.367,16.0,18.82,20.0,23.53,1.241,0.33299999999999996,25.0,10.03,15.04,25.07,16.49,16.0,51.0,0.227,11.0,21.57,5.0,9.8,0.742,0.1819999999999999,25.66,14.43,11.94,26.37,40.95,15.07,51.0,0.178,8.0,15.69,5.0,9.8,0.499,0.066,18.81,8.96,17.92,26.89,25.77,12.9,,,,,,,,,,,,,,
747021,2024-06-24,2024,683002,L,676440,R,field_out,False,False,239.0,0.281,52.0,21.76,25.0,10.46,0.993,0.348,24.76,11.22,15.1,26.32,22.62,21.58,455.0,0.272,117.0,25.71,38.0,8.35,0.885,0.277,25.57,12.07,15.7,27.78,26.4,22.35,204.0,0.258,56.0,27.45,16.0,7.84,0.781,0.199,26.88,12.71,16.75,29.45,25.48,19.51,268.0,0.202,62.0,23.13,23.0,8.58,0.546,0.071,24.7,11.53,16.24,27.77,24.49,18.84
747021,2024-06-24,2024,668939,L,676440,R,double,False,False,225.0,0.246,45.0,20.0,18.0,8.0,0.696,0.14300000000000002,20.95,9.67,20.0,29.67,32.74,16.73,496.0,0.267,80.0,16.13,61.0,12.3,0.778,0.1519999999999999,16.76,6.91,19.7,26.61,24.41,12.54,204.0,0.258,56.0,27.45,16.0,7.84,0.781,0.199,26.88,12.71,16.75,29.45,25.48,19.51,268.0,0.202,62.0,23.13,23.0,8.58,0.546,0.071,24.7,11.53,16.24,27.77,24.49,18.84
747021,2024-06-24,2024,656811,L,676440,R,field_error,False,False,212.0,0.295,23.0,10.85,18.0,8.49,0.841,0.192,18.31,8.16,17.06,25.22,22.65,12.11,340.0,0.297,74.0,21.76,13.0,3.82,0.802,0.178,22.26,11.29,14.37,25.66,31.15,17.72,204.0,0.258,56.0,27.45,16.0,7.84,0.781,0.199,26.88,12.71,16.75,29.45,25.48,19.51,268.0,0.202,62.0,23.13,23.0,8.58,0.546,0.071,24.7,11.53,16.24,27.77,24.49,18.84
747021,2024-06-24,2024,623993,L,676440,R,sac_fly,False,False,224.0,0.223,36.0,16.07,14.0,6.25,0.781,0.277,16.77,9.11,12.94,22.05,40.29,13.14,486.0,0.26,107.0,22.02,31.0,6.38,0.798,0.2229999999999999,22.13,11.37,14.84,26.21,37.22,15.21,204.0,0.258,56.0,27.45,16.0,7.84,0.781,0.199,26.88,12.71,16.75,29.45,25.48,19.51,268.0,0.202,62.0,23.13,23.0,8.58,0.546,0.071,24.7,11.53,16.24,27.77,24.49,18.84
747021,2024-06-24,2024,677008,L,676440,R,single,False,False,17.0,0.143,6.0,35.29,2.0,11.76,0.43699999999999994,0.0,39.02,21.92,12.33,34.25,40.54,27.27,32.0,0.241,10.0,31.25,2.0,6.25,0.7729999999999999,0.242,36.84,17.36,19.01,36.36,35.94,29.41,204.0,0.258,56.0,27.45,16.0,7.84,0.781,0.199,26.88,12.71,16.75,29.45,25.48,19.51,268.0,0.202,62.0,23.13,23.0,8.58,0.546,0.071,24.7,11.53,16.24,27.77,24.49,18.84
747021,2024-06-24,2024,676059,R,676440,R,field_out,False,False,219.0,0.31,38.0,17.35,12.0,5.48,0.925,0.25000000000000006,26.08,13.28,15.35,28.62,30.55,14.45,146.0,0.246,33.0,22.6,8.0,5.48,0.6779999999999999,0.142,22.97,11.73,16.25,27.98,29.59,19.76,135.0,0.187,43.0,31.85,5.0,3.7,0.544,0.13,32.99,17.82,13.7,31.52,26.05,23.5,317.0,0.253,79.0,24.92,22.0,6.94,0.732,0.1669999999999999,27.8,13.2,16.51,29.71,29.83,21.01
747021,2024-06-24,2024,686823,L,700249,L,field_out,False,False,27.0,0.154,4.0,14.81,0.0,0.0,0.42300000000000004,0.11500000000000002,17.31,10.23,11.36,21.59,35.9,19.05,87.0,0.214,12.0,13.79,2.0,2.3,0.495,0.048,19.35,10.42,18.06,28.47,37.5,16.67,18.0,0.231,1.0,5.56,4.0,22.22,0.752,0.07699999999999999,25.0,9.86,12.68,22.54,19.05,6.25,,,,,,,,,,,,,,
747021,2024-06-24,2024,682177,L,700249,L,triple,False,False,12.0,0.333,5.0,41.67,3.0,25.0,1.167,0.334,29.03,13.43,11.94,25.37,25.71,14.71,,,,,,,,,,,,,,,18.0,0.231,1.0,5.56,4.0,22.22,0.752,0.07699999999999999,25.0,9.86,12.68,22.54,19.05,6.25,,,,,,,,,,,,,,
747021,2024-06-24,2024,672356,R,700249,L,double_play,False,False,53.0,0.28,18.0,33.96,3.0,5.66,0.741,0.13999999999999996,41.03,25.67,9.09,34.76,41.86,31.03,119.0,0.083,54.0,45.38,10.0,8.4,0.316,0.0649999999999999,44.4,24.39,12.09,36.48,34.85,30.51,51.0,0.178,8.0,15.69,5.0,9.8,0.499,0.066,18.81,8.96,17.92,26.89,25.77,12.9,,,,,,,,,,,,,,
747021,2024-06-24,2024,656775,L,676440,R,strikeout,True,False,179.0,0.232,41.0,22.91,12.0,6.7,0.683,0.17,19.23,9.95,14.09,24.04,29.06,21.13,336.0,0.233,77.0,22.92,31.0,9.23,0.726,0.1889999999999999,26.24,13.25,14.23,27.48,28.99,18.95,204.0,0.258,56.0,27.45,16.0,7.84,0.781,0.199,26.88,12.71,16.75,29.45,25.48,19.51,268.0,0.202,62.0,23.13,23.0,8.58,0.546,0.071,24.7,11.53,16.24,27.77,24.49,18.84
747021,2024-06-24,2024,602104,R,676440,R,field_out,False,False,89.0,0.262,14.0,15.73,4.0,4.49,0.755,0.19,28.48,13.93,14.24,28.17,27.27,16.28,272.0,0.274,72.0,26.47,17.0,6.25,0.726,0.1169999999999999,29.67,14.82,16.24,31.07,27.7,24.41,135.0,0.187,43.0,31.85,5.0,3.7,0.544,0.13,32.99,17.82,13.7,31.52,26.05,23.5,317.0,0.253,79.0,24.92,22.0,6.94,0.732,0.1669999999999999,27.8,13.2,16.51,29.71,29.83,21.01
747021,2024-06-24,2024,543510,R,676440,R,walk,False,True,59.0,0.218,11.0,18.64,3.0,5.08,0.581,0.10900000000000001,20.95,11.4,13.47,24.87,37.08,20.83,112.0,0.247,31.0,27.68,6.0,5.36,0.702,0.134,37.09,19.22,14.36,33.58,41.41,26.72,135.0,0.187,43.0,31.85,5.0,3.7,0.544,0.13,32.99,17.82,13.7,31.52,26.05,23.5,317.0,0.253,79.0,24.92,22.0,6.94,0.732,0.1669999999999999,27.8,13.2,16.51,29.71,29.83,21.01
747021,2024-06-24,2024,683002,L,676440,R,strikeout,True,False,239.0,0.281,52.0,21.76,25.0,10.46,0.993,0.348,24.76,11.22,15.1,26.32,22.62,21.58,455.0,0.272,117.0,25.71,38.0,8.35,0.885,0.277,25.57,12.07,15.7,27.78,26.4,22.35,204.0,0.258,56.0,27.45,16.0,7.84,0.781,0.199,26.88,12.71,16.75,29.45,25.48,19.51,268.0,0.202,62.0,23.13,23.0,8.58,0.546,0.071,24.7,11.53,16.24,27.77,24.49,18.84
747021,2024-06-24,2024,666310,L,700249,L,field_out,False,False,31.0,0.185,12.0,38.71,4.0,12.9,0.623,0.14800000000000002,34.55,15.45,19.51,34.96,31.67,35.29,51.0,0.217,13.0,25.49,4.0,7.84,0.6639999999999999,0.153,18.18,7.96,17.26,25.22,25.23,18.84,18.0,0.231,1.0,5.56,4.0,22.22,0.752,0.07699999999999999,25.0,9.86,12.68,22.54,19.05,6.25,,,,,,,,,,,,,,
747021,2024-06-24,2024,680757,L,700249,L,field_out,False,False,64.0,0.424,5.0,7.81,5.0,7.81,0.977,0.08400000000000002,4.85,1.95,21.09,23.05,17.24,7.81,224.0,0.26,23.0,10.27,20.0,8.93,0.667,0.08,13.41,5.5,21.44,26.95,22.3,10.5,18.0,0.231,1.0,5.56,4.0,22.22,0.752,0.07699999999999999,25.0,9.86,12.68,22.54,19.05,6.25,,,,,,,,,,,,,,
747021,2024-06-24,2024,665926,L,700249,L,field_out,False,False,89.0,0.277,11.0,12.36,0.0,0.0,0.688,0.09599999999999997,20.86,11.78,14.2,25.98,39.49,10.89,197.0,0.268,26.0,13.2,8.0,4.06,0.7130000000000001,0.1169999999999999,23.63,12.79,15.07,27.86,41.69,11.02,18.0,0.231,1.0,5.56,4.0,22.22,0.752,0.07699999999999999,25.0,9.86,12.68,22.54,19.05,6.25,,,,,,,,,,,,,,
747021,2024-06-24,2024,668939,L,676440,R,field_out,False,False,225.0,0.246,45.0,20.0,18.0,8.0,0.696,0.14300000000000002,20.95,9.67,20.0,29.67,32.74,16.73,496.0,0.267,80.0,16.13,61.0,12.3,0.778,0.1519999999999999,16.76,6.91,19.7,26.61,24.41,12.54,204.0,0.258,56.0,27.45,16.0,7.84,0.781,0.199,26.88,12.71,16.75,29.45,25.48,19.51,268.0,0.202,62.0,23.13,23.0,8.58,0.546,0.071,24.7,11.53,16.24,27.77,24.49,18.84
747021,2024-06-24,2024,656811,L,676440,R,field_out,False,False,212.0,0.295,23.0,10.85,18.0,8.49,0.841,0.192,18.31,8.16,17.06,25.22,22.65,12.11,340.0,0.297,74.0,21.76,13.0,3.82,0.802,0.178,22.26,11.29,14.37,25.66,31.15,17.72,204.0,0.258,56.0,27.45,16.0,7.84,0.781,0.199,26.88,12.71,16.75,29.45,25.48,19.51,268.0,0.202,62.0,23.13,23.0,8.58,0.546,0.071,24.7,11.53,16.24,27.77,24.49,18.84
747021,2024-06-24,2024,623993,L,676440,R,strikeout,True,False,224.0,0.223,36.0,16.07,14.0,6.25,0.781,0.277,16.77,9.11,12.94,22.05,40.29,13.14,486.0,0.26,107.0,22.02,31.0,6.38,0.798,0.2229999999999999,22.13,11.37,14.84,26.21,37.22,15.21,204.0,0.258,56.0,27.45,16.0,7.84,0.781,0.199,26.88,12.71,16.75,29.45,25.48,19.51,268.0,0.202,62.0,23.13,23.0,8.58,0.546,0.071,24.7,11.53,16.24,27.77,24.49,18.84
747021,2024-06-24,2024,608070,R,700249,L,home_run,False,False,98.0,0.337,12.0,12.24,8.0,8.16,0.961,0.23599999999999993,19.89,10.03,14.91,24.93,34.24,13.48,230.0,0.243,25.0,10.87,19.0,8.26,0.766,0.219,16.06,7.21,15.81,23.02,28.33,12.18,51.0,0.178,8.0,15.69,5.0,9.8,0.499,0.066,18.81,8.96,17.92,26.89,25.77,12.9,,,,,,,,,,,,,,
747021,2024-06-24,2024,647304,L,700249,L,strikeout,True,False,94.0,0.214,22.0,23.4,7.0,7.45,0.754,0.25,28.85,14.29,12.7,26.98,35.43,28.21,148.0,0.299,15.0,10.14,8.0,5.41,0.821,0.175,16.23,8.67,12.1,20.77,35.38,11.03,18.0,0.231,1.0,5.56,4.0,22.22,0.752,0.07699999999999999,25.0,9.86,12.68,22.54,19.05,6.25,,,,,,,,,,,,,,
747021,2024-06-24,2024,681807,R,700249,L,field_out,False,False,85.0,0.367,16.0,18.82,20.0,23.53,1.241,0.33299999999999996,25.0,10.03,15.04,25.07,16.49,16.0,51.0,0.227,11.0,21.57,5.0,9.8,0.742,0.1819999999999999,25.66,14.43,11.94,26.37,40.95,15.07,51.0,0.178,8.0,15.69,5.0,9.8,0.499,0.066,18.81,8.96,17.92,26.89,25.77,12.9,,,,,,,,,,,,,,
747021,2024-06-24,2024,686823,L,700249,L,single,False,False,27.0,0.154,4.0,14.81,0.0,0.0,0.42300000000000004,0.11500000000000002,17.31,10.23,11.36,21.59,35.9,19.05,87.0,0.214,12.0,13.79,2.0,2.3,0.495,0.048,19.35,10.42,18.06,28.47,37.5,16.67,18.0,0.231,1.0,5.56,4.0,22.22,0.752,0.07699999999999999,25.0,9.86,12.68,22.54,19.05,6.25,,,,,,,,,,,,,,
747021,2024-06-24,2024,682177,L,672335,L,field_out,False,False,12.0,0.333,5.0,41.67,3.0,25.0,1.167,0.334,29.03,13.43,11.94,25.37,25.71,14.71,,,,,,,,,,,,,,,38.0,0.229,8.0,21.05,2.0,5.26,0.632,0.11400000000000002,21.43,10.71,12.86,23.57,32.39,20.0,109.0,0.213,24.0,22.02,13.0,11.93,0.602,0.0739999999999999,21.23,9.38,17.28,26.67,28.02,21.24
747021,2024-06-24,2024,677008,L,676440,R,field_out,False,False,17.0,0.143,6.0,35.29,2.0,11.76,0.43699999999999994,0.0,39.02,21.92,12.33,34.25,40.54,27.27,32.0,0.241,10.0,31.25,2.0,6.25,0.7729999999999999,0.242,36.84,17.36,19.01,36.36,35.94,29.41,204.0,0.258,56.0,27.45,16.0,7.84,0.781,0.199,26.88,12.71,16.75,29.45,25.48,19.51,268.0,0.202,62.0,23.13,23.0,8.58,0.546,0.071,24.7,11.53,16.24,27.77,24.49,18.84
747021,2024-06-24,2024,676059,R,676440,R,strikeout,True,False,219.0,0.31,38.0,17.35,12.0,5.48,0.925,0.25000000000000006,26.08,13.28,15.35,28.62,30.55,14.45,146.0,0.246,33.0,22.6,8.0,5.48,0.6779999999999999,0.142,22.97,11.73,16.25,27.98,29.59,19.76,135.0,0.187,43.0,31.85,5.0,3.7,0.544,0.13,32.99,17.82,13.7,31.52,26.05,23.5,317.0,0.253,79.0,24.92,22.0,6.94,0.732,0.1669999999999999,27.8,13.2,16.51,29.71,29.83,21.01
747021,2024-06-24,2024,656775,L,676440,R,field_out,False,False,179.0,0.232,41.0,22.91,12.0,6.7,0.683,0.17,19.23,9.95,14.09,24.04,29.06,21.13,336.0,0.233,77.0,22.92,31.0,9.23,0.726,0.1889999999999999,26.24,13.25,14.23,27.48,28.99,18.95,204.0,0.258,56.0,27.45,16.0,7.84,0.781,0.199,26.88,12.71,16.75,29.45,25.48,19.51,268.0,0.202,62.0,23.13,23.0,8.58,0.546,0.071,24.7,11.53,16.24,27.77,24.49,18.84
747021,2024-06-24,2024,672356,R,672335,L,strikeout,True,False,53.0,0.28,18.0,33.96,3.0,5.66,0.741,0.13999999999999996,41.03,25.67,9.09,34.76,41.86,31.03,119.0,0.083,54.0,45.38,10.0,8.4,0.316,0.0649999999999999,44.4,24.39,12.09,36.48,34.85,30.51,51.0,0.273,11.0,21.57,6.0,11.76,0.782,0.13599999999999995,30.0,13.79,15.52,29.31,24.73,23.4,139.0,0.305,20.0,14.39,14.0,10.07,0.771,0.076,19.11,8.9,16.36,25.26,26.96,15.87
747021,2024-06-24,2024,666310,L,672335,L,field_out,False,False,31.0,0.185,12.0,38.71,4.0,12.9,0.623,0.14800000000000002,34.55,15.45,19.51,34.96,31.67,35.29,51.0,0.217,13.0,25.49,4.0,7.84,0.6639999999999999,0.153,18.18,7.96,17.26,25.22,25.23,18.84,38.0,0.229,8.0,21.05,2.0,5.26,0.632,0.11400000000000002,21.43,10.71,12.86,23.57,32.39,20.0,109.0,0.213,24.0,22.02,13.0,11.93,0.602,0.0739999999999999,21.23,9.38,17.28,26.67,28.02,21.24
747021,2024-06-24,2024,680757,L,672335,L,walk,False,True,64.0,0.424,5.0,7.81,5.0,7.81,0.977,0.08400000000000002,4.85,1.95,21.09,23.05,17.24,7.81,224.0,0.26,23.0,10.27,20.0,8.93,0.667,0.08,13.41,5.5,21.44,26.95,22.3,10.5,38.0,0.229,8.0,21.05,2.0,5.26,0.632,0.11400000000000002,21.43,10.71,12.86,23.57,32.39,20.0,109.0,0.213,24.0,22.02,13.0,11.93,0.602,0.0739999999999999,21.23,9.38,17.28,26.67,28.02,21.24
747021,2024-06-24,2024,665926,L,672335,L,field_out,False,False,89.0,0.277,11.0,12.36,0.0,0.0,0.688,0.09599999999999997,20.86,11.78,14.2,25.98,39.49,10.89,197.0,0.268,26.0,13.2,8.0,4.06,0.7130000000000001,0.1169999999999999,23.63,12.79,15.07,27.86,41.69,11.02,38.0,0.229,8.0,21.05,2.0,5.26,0.632,0.11400000000000002,21.43,10.71,12.86,23.57,32.39,20.0,109.0,0.213,24.0,22.02,13.0,11.93,0.602,0.0739999999999999,21.23,9.38,17.28,26.67,28.02,21.24
747021,2024-06-24,2024,602104,R,682120,L,field_out,False,False,38.0,0.171,6.0,15.79,1.0,2.63,0.46599999999999997,0.057999999999999996,20.27,10.27,13.7,23.97,26.76,14.29,124.0,0.241,29.0,23.39,10.0,8.06,0.654,0.098,26.55,12.58,16.35,28.93,29.75,21.64,72.0,0.222,14.0,19.44,9.0,12.5,0.621,0.07999999999999999,27.01,12.25,18.54,30.79,32.93,13.86,74.0,0.308,18.0,24.32,6.0,8.11,0.8240000000000001,0.138,23.87,11.9,13.5,25.4,29.11,18.09
747021,2024-06-24,2024,543510,R,682120,L,strikeout,True,False,54.0,0.17,13.0,24.07,0.0,0.0,0.43400000000000005,0.094,30.48,17.11,14.44,31.55,34.94,25.0,114.0,0.2,26.0,22.81,3.0,2.63,0.592,0.173,26.42,14.87,13.96,28.83,35.5,16.35,72.0,0.222,14.0,19.44,9.0,12.5,0.621,0.07999999999999999,27.01,12.25,18.54,30.79,32.93,13.86,74.0,0.308,18.0,24.32,6.0,8.11,0.8240000000000001,0.138,23.87,11.9,13.5,25.4,29.11,18.09
747021,2024-06-24,2024,683002,L,682120,L,strikeout,True,False,110.0,0.273,29.0,26.36,18.0,16.36,0.9319999999999999,0.25,29.48,11.43,19.06,30.49,17.7,22.83,167.0,0.209,42.0,25.15,18.0,10.78,0.617,0.115,28.77,12.92,19.54,32.46,27.19,20.79,48.0,0.093,15.0,31.25,3.0,6.25,0.28600000000000003,0.023000000000000007,30.53,14.65,19.19,33.84,35.0,22.73,47.0,0.231,14.0,29.79,6.0,12.77,0.666,0.102,32.18,14.07,19.6,33.67,32.04,24.14
747021,2024-06-24,2024,608070,L,657097,R,strikeout,True,False,219.0,0.245,25.0,11.42,17.0,7.76,0.8109999999999999,0.26,13.75,6.75,13.6,20.35,31.03,8.83,461.0,0.302,48.0,10.41,54.0,11.71,0.863,0.179,15.4,6.98,13.91,20.89,28.02,10.17,50.0,0.091,12.0,24.0,6.0,12.0,0.314,0.023000000000000007,32.29,16.4,14.29,30.69,32.22,22.22,78.0,0.246,19.0,24.36,15.0,19.23,0.79,0.147,34.42,16.36,12.04,28.4,29.88,18.27
747021,2024-06-24,2024,647304,L,657097,R,strikeout,True,False,213.0,0.258,30.0,14.08,21.0,9.86,0.8700000000000001,0.274,20.05,10.44,9.92,20.37,33.66,14.22,348.0,0.311,53.0,15.23,25.0,7.18,0.851,0.184,21.29,11.96,9.18,21.15,41.36,16.99,50.0,0.091,12.0,24.0,6.0,12.0,0.314,0.023000000000000007,32.29,16.4,14.29,30.69,32.22,22.22,78.0,0.246,19.0,24.36,15.0,19.23,0.79,0.147,34.42,16.36,12.04,28.4,29.88,18.27
747021,2024-06-24,2024,681807,R,657097,R,double,False,False,104.0,0.277,19.0,18.27,6.0,5.77,0.752,0.13799999999999996,22.22,11.61,13.98,25.59,30.77,16.24,63.0,0.246,19.0,30.16,3.0,4.76,0.727,0.175,29.77,16.96,13.91,30.87,36.11,25.0,93.0,0.232,20.0,21.51,11.0,11.83,0.677,0.12199999999999997,27.01,13.02,14.96,27.98,25.73,18.18,154.0,0.178,38.0,24.68,15.0,9.74,0.6080000000000001,0.155,31.15,16.29,14.33,30.62,34.71,18.27
747021,2024-06-24,2024,686823,L,657097,R,strikeout,True,False,196.0,0.271,22.0,11.22,16.0,8.16,0.778,0.16999999999999998,17.72,9.49,11.61,21.1,31.44,11.83,369.0,0.279,45.0,12.2,14.0,3.79,0.6930000000000001,0.0999999999999999,17.97,10.23,12.48,22.71,38.5,12.47,50.0,0.091,12.0,24.0,6.0,12.0,0.314,0.023000000000000007,32.29,16.4,14.29,30.69,32.22,22.22,78.0,0.246,19.0,24.36,15.0,19.23,0.79,0.147,34.42,16.36,12.04,28.4,29.88,18.27
747021,2024-06-24,2024,668939,L,683769,R,strikeout,True,False,225.0,0.246,45.0,20.0,18.0,8.0,0.696,0.14300000000000002,20.95,9.67,20.0,29.67,32.74,16.73,496.0,0.267,80.0,16.13,61.0,12.3,0.778,0.1519999999999999,16.76,6.91,19.7,26.61,24.41,12.54,69.0,0.188,18.0,26.09,3.0,4.35,0.558,0.124,24.81,12.55,17.25,29.8,30.4,22.5,100.0,0.226,8.0,8.0,9.0,9.0,0.692,0.143,13.84,5.79,17.63,23.42,18.28,8.33
747021,2024-06-24,2024,656811,L,683769,R,field_out,False,False,212.0,0.295,23.0,10.85,18.0,8.49,0.841,0.192,18.31,8.16,17.06,25.22,22.65,12.11,340.0,0.297,74.0,21.76,13.0,3.82,0.802,0.178,22.26,11.29,14.37,25.66,31.15,17.72,69.0,0.188,18.0,26.09,3.0,4.35,0.558,0.124,24.81,12.55,17.25,29.8,30.4,22.5,100.0,0.226,8.0,8.0,9.0,9.0,0.692,0.143,13.84,5.79,17.63,23.42,18.28,8.33
747021,2024-06-24,2024,623993,L,683769,R,walk,False,True,224.0,0.223,36.0,16.07,14.0,6.25,0.781,0.277,16.77,9.11,12.94,22.05,40.29,13.14,486.0,0.26,107.0,22.02,31.0,6.38,0.798,0.2229999999999999,22.13,11.37,14.84,26.21,37.22,15.21,69.0,0.188,18.0,26.09,3.0,4.35,0.558,0.124,24.81,12.55,17.25,29.8,30.4,22.5,100.0,0.226,8.0,8.0,9.0,9.0,0.692,0.143,13.84,5.79,17.63,23.42,18.28,8.33
747021,2024-06-24,2024,677008,L,683769,R,field_out,False,False,17.0,0.143,6.0,35.29,2.0,11.76,0.43699999999999994,0.0,39.02,21.92,12.33,34.25,40.54,27.27,32.0,0.241,10.0,31.25,2.0,6.25,0.7729999999999999,0.242,36.84,17.36,19.01,36.36,35.94,29.41,69.0,0.188,18.0,26.09,3.0,4.35,0.558,0.124,24.81,12.55,17.25,29.8,30.4,22.5,100.0,0.226,8.0,8.0,9.0,9.0,0.692,0.143,13.84,5.79,17.63,23.42,18.28,8.33
747021,2024-06-24,2024,682177,L,669211,L,strikeout,True,False,12.0,0.333,5.0,41.67,3.0,25.0,1.167,0.334,29.03,13.43,11.94,25.37,25.71,14.71,,,,,,,,,,,,,,,72.0,0.2,18.0,25.0,6.0,8.33,0.637,0.16899999999999998,23.33,9.69,19.72,29.41,18.8,22.78,46.0,0.326,9.0,19.57,0.0,0.0,0.869,0.217,24.44,13.33,19.39,32.73,38.36,19.15
747021,2024-06-24,2024,672356,R,669211,L,strikeout,True,False,53.0,0.28,18.0,33.96,3.0,5.66,0.741,0.13999999999999996,41.03,25.67,9.09,34.76,41.86,31.03,119.0,0.083,54.0,45.38,10.0,8.4,0.316,0.0649999999999999,44.4,24.39,12.09,36.48,34.85,30.51,90.0,0.177,24.0,26.67,7.0,7.78,0.5509999999999999,0.127,31.01,14.08,18.68,32.76,25.15,24.24,67.0,0.345,18.0,26.87,7.0,10.45,0.857,0.103,25.5,12.88,15.93,28.81,31.58,16.98
747021,2024-06-24,2024,666310,L,669211,L,strikeout,True,False,31.0,0.185,12.0,38.71,4.0,12.9,0.623,0.14800000000000002,34.55,15.45,19.51,34.96,31.67,35.29,51.0,0.217,13.0,25.49,4.0,7.84,0.6639999999999999,0.153,18.18,7.96,17.26,25.22,25.23,18.84,72.0,0.2,18.0,25.0,6.0,8.33,0.637,0.16899999999999998,23.33,9.69,19.72,29.41,18.8,22.78,46.0,0.326,9.0,19.57,0.0,0.0,0.869,0.217,24.44,13.33,19.39,32.73,38.36,19.15
747021,2024-06-24,2024,676059,R,605130,R,strikeout,True,False,219.0,0.31,38.0,17.35,12.0,5.48,0.925,0.25000000000000006,26.08,13.28,15.35,28.62,30.55,14.45,146.0,0.246,33.0,22.6,8.0,5.48,0.6779999999999999,0.142,22.97,11.73,16.25,27.98,29.59,19.76,78.0,0.269,22.0,28.21,10.0,12.82,0.8220000000000001,0.194,38.46,17.19,16.25,33.44,31.69,22.92,154.0,0.208,45.0,29.22,18.0,11.69,0.5569999999999999,0.046,35.85,15.68,19.97,35.64,29.91,24.19
747021,2024-06-24,2024,656775,L,605130,R,strikeout,True,False,179.0,0.232,41.0,22.91,12.0,6.7,0.683,0.17,19.23,9.95,14.09,24.04,29.06,21.13,336.0,0.233,77.0,22.92,31.0,9.23,0.726,0.1889999999999999,26.24,13.25,14.23,27.48,28.99,18.95,55.0,0.152,19.0,34.55,7.0,12.73,0.556,0.13099999999999998,35.48,13.81,18.83,32.64,26.76,28.79,145.0,0.279,34.0,23.45,16.0,11.03,0.798,0.1469999999999999,26.64,11.44,18.74,30.18,30.91,18.78
747021,2024-06-24,2024,663624,R,605130,R,strikeout,True,False,216.0,0.27,51.0,23.61,12.0,5.56,0.78,0.19999999999999996,23.71,13.02,11.95,24.97,36.7,19.47,310.0,0.235,78.0,25.16,22.0,7.1,0.6399999999999999,0.1139999999999999,29.78,16.05,13.56,29.61,37.06,21.61,78.0,0.269,22.0,28.21,10.0,12.82,0.8220000000000001,0.194,38.46,17.19,16.25,33.44,31.69,22.92,154.0,0.208,45.0,29.22,18.0,11.69,0.5569999999999999,0.046,35.85,15.68,19.97,35.64,29.91,24.19
746458,2024-06-24,2024,656941,L,663554,R,field_error,False,False,210.0,0.19,60.0,28.57,35.0,16.67,0.728,0.20900000000000002,32.38,13.0,16.11,29.11,21.8,23.41,469.0,0.201,128.0,27.29,85.0,18.12,0.848,0.296,31.18,11.75,19.66,31.41,21.53,23.1,156.0,0.248,25.0,16.03,13.0,8.33,0.677,0.11699999999999999,21.33,9.65,17.72,27.37,23.95,12.56,,,,,,,,,,,,,,
746458,2024-06-24,2024,607208,R,663554,R,double,False,False,104.0,0.337,16.0,15.38,5.0,4.81,0.8240000000000001,0.11199999999999999,20.97,10.48,15.32,25.81,28.26,15.69,485.0,0.282,109.0,22.47,29.0,5.98,0.8029999999999999,0.19,28.9,15.6,12.67,28.27,36.06,17.81,150.0,0.326,21.0,14.0,6.0,4.0,0.804,0.125,17.61,9.3,14.21,23.51,28.36,10.29,,,,,,,,,,,,,,
746458,2024-06-24,2024,547180,L,663554,R,double,False,False,195.0,0.297,35.0,17.95,29.0,14.87,0.9580000000000001,0.26100000000000007,27.07,13.26,9.47,22.73,32.77,17.95,375.0,0.295,80.0,21.33,60.0,16.0,0.907,0.199,31.39,15.65,8.66,24.31,32.27,20.0,156.0,0.248,25.0,16.03,13.0,8.33,0.677,0.11699999999999999,21.33,9.65,17.72,27.37,23.95,12.56,,,,,,,,,,,,,,
746458,2024-06-24,2024,664761,R,663554,R,home_run,False,False,221.0,0.328,33.0,14.93,16.0,7.24,0.899,0.185,19.94,9.41,15.42,24.84,25.21,16.93,445.0,0.263,68.0,15.28,34.0,7.64,0.7010000000000001,0.1139999999999999,17.17,8.27,16.06,24.33,28.14,13.48,150.0,0.326,21.0,14.0,6.0,4.0,0.804,0.125,17.61,9.3,14.21,23.51,28.36,10.29,,,,,,,,,,,,,,
746458,2024-06-24,2024,592206,R,663554,R,single,False,False,235.0,0.222,47.0,20.0,16.0,6.81,0.642,0.13899999999999998,31.91,18.82,10.04,28.86,39.36,20.09,485.0,0.252,140.0,28.87,25.0,5.15,0.733,0.192,37.06,20.57,11.78,32.36,40.41,25.27,150.0,0.326,21.0,14.0,6.0,4.0,0.804,0.125,17.61,9.3,14.21,23.51,28.36,10.29,,,,,,,,,,,,,,
746458,2024-06-24,2024,681082,L,663554,R,field_out,False,False,207.0,0.24,29.0,14.01,25.0,12.08,0.71,0.137,16.57,7.16,21.72,28.88,27.14,11.93,474.0,0.28,76.0,16.03,26.0,5.49,0.753,0.1509999999999999,14.49,6.52,22.08,28.6,28.42,11.93,156.0,0.248,25.0,16.03,13.0,8.33,0.677,0.11699999999999999,21.33,9.65,17.72,27.37,23.95,12.56,,,,,,,,,,,,,,
746458,2024-06-24,2024,669016,L,663554,R,strikeout,True,False,165.0,0.292,43.0,26.06,19.0,11.52,0.844,0.18,23.0,9.1,18.76,27.86,22.77,19.46,363.0,0.292,101.0,27.82,47.0,12.95,0.864,0.185,25.19,10.97,17.37,28.35,25.74,21.31,156.0,0.248,25.0,16.03,13.0,8.33,0.677,0.11699999999999999,21.33,9.65,17.72,27.37,23.95,12.56,,,,,,,,,,,,,,
746458,2024-06-24,2024,621311,L,663554,R,strikeout,True,False,36.0,0.265,6.0,16.67,2.0,5.56,0.8939999999999999,0.32299999999999995,21.05,11.27,10.56,21.83,36.59,11.54,9.0,0.111,2.0,22.22,0.0,0.0,0.555,0.333,25.0,12.9,16.13,29.03,33.33,33.33,156.0,0.248,25.0,16.03,13.0,8.33,0.677,0.11699999999999999,21.33,9.65,17.72,27.37,23.95,12.56,,,,,,,,,,,,,,
746458,2024-06-24,2024,663837,R,605400,R,field_out,False,False,188.0,0.256,44.0,23.4,9.0,4.79,0.7829999999999999,0.23299999999999998,21.04,9.0,20.21,29.2,19.08,18.11,383.0,0.26,92.0,24.02,29.0,7.57,0.724,0.14,21.06,9.23,21.95,31.18,28.67,18.31,177.0,0.238,47.0,26.55,12.0,6.78,0.6619999999999999,0.134,25.83,13.23,17.85,31.08,34.92,22.27,430.0,0.241,112.0,26.05,20.0,4.65,0.685,0.1679999999999999,25.89,12.76,19.08,31.85,34.88,20.86
746458,2024-06-24,2024,690993,L,605400,R,strikeout,True,False,214.0,0.246,35.0,16.36,12.0,5.61,0.641,0.10099999999999998,22.04,10.53,16.56,27.09,32.53,17.41,,,,,,,,,,,,,,,198.0,0.195,37.0,18.69,13.0,6.57,0.62,0.178,19.21,9.22,15.53,24.75,28.46,14.4,365.0,0.24,90.0,24.66,25.0,6.85,0.735,0.204,26.03,12.77,16.47,29.24,34.56,20.93
746458,2024-06-24,2024,682985,L,605400,R,strikeout,True,False,252.0,0.282,65.0,25.79,36.0,14.29,0.917,0.24900000000000005,27.91,11.51,17.55,29.05,20.7,22.26,323.0,0.291,84.0,26.01,28.0,8.67,0.826,0.182,27.26,12.45,16.06,28.52,24.68,20.14,198.0,0.195,37.0,18.69,13.0,6.57,0.62,0.178,19.21,9.22,15.53,24.75,28.46,14.4,365.0,0.24,90.0,24.66,25.0,6.85,0.735,0.204,26.03,12.77,16.47,29.24,34.56,20.93
746458,2024-06-24,2024,596117,L,663554,R,single,False,False,54.0,0.2,15.0,27.78,4.0,7.41,0.479,0.01999999999999999,27.55,13.64,21.21,34.85,35.48,24.59,94.0,0.19,22.0,23.4,7.0,7.45,0.5549999999999999,0.0959999999999999,24.71,11.35,19.19,30.54,31.94,18.8,156.0,0.248,25.0,16.03,13.0,8.33,0.677,0.11699999999999999,21.33,9.65,17.72,27.37,23.95,12.56,,,,,,,,,,,,,,
746458,2024-06-24,2024,656941,L,663554,R,strikeout,True,False,210.0,0.19,60.0,28.57,35.0,16.67,0.728,0.20900000000000002,32.38,13.0,16.11,29.11,21.8,23.41,469.0,0.201,128.0,27.29,85.0,18.12,0.848,0.296,31.18,11.75,19.66,31.41,21.53,23.1,156.0,0.248,25.0,16.03,13.0,8.33,0.677,0.11699999999999999,21.33,9.65,17.72,27.37,23.95,12.56,,,,,,,,,,,,,,
746458,2024-06-24,2024,607208,R,663554,R,field_out,False,False,104.0,0.337,16.0,15.38,5.0,4.81,0.8240000000000001,0.11199999999999999,20.97,10.48,15.32,25.81,28.26,15.69,485.0,0.282,109.0,22.47,29.0,5.98,0.8029999999999999,0.19,28.9,15.6,12.67,28.27,36.06,17.81,150.0,0.326,21.0,14.0,6.0,4.0,0.804,0.125,17.61,9.3,14.21,23.51,28.36,10.29,,,,,,,,,,,,,,
746458,2024-06-24,2024,547180,L,663554,R,strikeout,True,False,195.0,0.297,35.0,17.95,29.0,14.87,0.9580000000000001,0.26100000000000007,27.07,13.26,9.47,22.73,32.77,17.95,375.0,0.295,80.0,21.33,60.0,16.0,0.907,0.199,31.39,15.65,8.66,24.31,32.27,20.0,156.0,0.248,25.0,16.03,13.0,8.33,0.677,0.11699999999999999,21.33,9.65,17.72,27.37,23.95,12.56,,,,,,,,,,,,,,
746458,2024-06-24,2024,592192,R,605400,R,hit_by_pitch,False,False,227.0,0.227,46.0,20.26,22.0,9.69,0.662,0.10800000000000001,22.56,8.95,23.43,32.38,21.41,17.49,341.0,0.261,56.0,16.42,28.0,8.21,0.721,0.1079999999999999,18.91,7.86,21.98,29.84,23.71,13.49,177.0,0.238,47.0,26.55,12.0,6.78,0.6619999999999999,0.134,25.83,13.23,17.85,31.08,34.92,22.27,430.0,0.241,112.0,26.05,20.0,4.65,0.685,0.1679999999999999,25.89,12.76,19.08,31.85,34.88,20.86
746458,2024-06-24,2024,672761,L,605400,R,field_out,False,False,171.0,0.256,37.0,21.64,13.0,7.6,0.7090000000000001,0.14100000000000001,22.15,9.88,19.77,29.65,26.27,17.21,,,,,,,,,,,,,,,198.0,0.195,37.0,18.69,13.0,6.57,0.62,0.178,19.21,9.22,15.53,24.75,28.46,14.4,365.0,0.24,90.0,24.66,25.0,6.85,0.735,0.204,26.03,12.77,16.47,29.24,34.56,20.93
746458,2024-06-24,2024,570482,R,605400,R,field_out,False,False,129.0,0.287,19.0,14.73,5.0,3.88,0.6950000000000001,0.09000000000000002,19.17,9.62,17.57,27.2,34.04,14.18,175.0,0.276,30.0,17.14,9.0,5.14,0.653,0.061,20.55,11.01,13.8,24.82,34.39,12.39,177.0,0.238,47.0,26.55,12.0,6.78,0.6619999999999999,0.134,25.83,13.23,17.85,31.08,34.92,22.27,430.0,0.241,112.0,26.05,20.0,4.65,0.685,0.1679999999999999,25.89,12.76,19.08,31.85,34.88,20.86
746458,2024-06-24,2024,669234,R,605400,R,strikeout,True,False,45.0,0.154,17.0,37.78,5.0,11.11,0.577,0.17900000000000002,40.0,17.65,18.63,36.27,16.48,23.29,,,,,,,,,,,,,,,177.0,0.238,47.0,26.55,12.0,6.78,0.6619999999999999,0.134,25.83,13.23,17.85,31.08,34.92,22.27,430.0,0.241,112.0,26.05,20.0,4.65,0.685,0.1679999999999999,25.89,12.76,19.08,31.85,34.88,20.86
746458,2024-06-24,2024,664761,R,663554,R,strikeout,True,False,221.0,0.328,33.0,14.93,16.0,7.24,0.899,0.185,19.94,9.41,15.42,24.84,25.21,16.93,445.0,0.263,68.0,15.28,34.0,7.64,0.7010000000000001,0.1139999999999999,17.17,8.27,16.06,24.33,28.14,13.48,150.0,0.326,21.0,14.0,6.0,4.0,0.804,0.125,17.61,9.3,14.21,23.51,28.36,10.29,,,,,,,,,,,,,,
746458,2024-06-24,2024,592206,R,663554,R,strikeout,True,False,235.0,0.222,47.0,20.0,16.0,6.81,0.642,0.13899999999999998,31.91,18.82,10.04,28.86,39.36,20.09,485.0,0.252,140.0,28.87,25.0,5.15,0.733,0.192,37.06,20.57,11.78,32.36,40.41,25.27,150.0,0.326,21.0,14.0,6.0,4.0,0.804,0.125,17.61,9.3,14.21,23.51,28.36,10.29,,,,,,,,,,,,,,
746458,2024-06-24,2024,681082,L,663554,R,single,False,False,207.0,0.24,29.0,14.01,25.0,12.08,0.71,0.137,16.57,7.16,21.72,28.88,27.14,11.93,474.0,0.28,76.0,16.03,26.0,5.49,0.753,0.1509999999999999,14.49,6.52,22.08,28.6,28.42,11.93,156.0,0.248,25.0,16.03,13.0,8.33,0.677,0.11699999999999999,21.33,9.65,17.72,27.37,23.95,12.56,,,,,,,,,,,,,,
746458,2024-06-24,2024,669016,L,663554,R,strikeout,True,False,165.0,0.292,43.0,26.06,19.0,11.52,0.844,0.18,23.0,9.1,18.76,27.86,22.77,19.46,363.0,0.292,101.0,27.82,47.0,12.95,0.864,0.185,25.19,10.97,17.37,28.35,25.74,21.31,156.0,0.248,25.0,16.03,13.0,8.33,0.677,0.11699999999999999,21.33,9.65,17.72,27.37,23.95,12.56,,,,,,,,,,,,,,
746458,2024-06-24,2024,656716,L,605400,R,single,False,False,121.0,0.193,36.0,29.75,10.0,8.26,0.5760000000000001,0.119,28.45,13.85,16.5,30.35,31.6,23.23,475.0,0.23,109.0,22.95,38.0,8.0,0.653,0.1259999999999999,21.06,10.13,16.08,26.2,28.04,19.12,198.0,0.195,37.0,18.69,13.0,6.57,0.62,0.178,19.21,9.22,15.53,24.75,28.46,14.4,365.0,0.24,90.0,24.66,25.0,6.85,0.735,0.204,26.03,12.77,16.47,29.24,34.56,20.93
746458,2024-06-24,2024,608348,R,605400,R,single,False,False,118.0,0.231,27.0,22.88,9.0,7.63,0.7010000000000001,0.154,25.58,11.2,19.35,30.55,24.39,16.77,108.0,0.198,27.0,25.0,6.0,5.56,0.479,0.0399999999999999,28.73,13.54,19.79,33.33,28.41,25.0,177.0,0.238,47.0,26.55,12.0,6.78,0.6619999999999999,0.134,25.83,13.23,17.85,31.08,34.92,22.27,430.0,0.241,112.0,26.05,20.0,4.65,0.685,0.1679999999999999,25.89,12.76,19.08,31.85,34.88,20.86
746458,2024-06-24,2024,663837,R,605400,R,triple_play,False,False,188.0,0.256,44.0,23.4,9.0,4.79,0.7829999999999999,0.23299999999999998,21.04,9.0,20.21,29.2,19.08,18.11,383.0,0.26,92.0,24.02,29.0,7.57,0.724,0.14,21.06,9.23,21.95,31.18,28.67,18.31,177.0,0.238,47.0,26.55,12.0,6.78,0.6619999999999999,0.134,25.83,13.23,17.85,31.08,34.92,22.27,430.0,0.241,112.0,26.05,20.0,4.65,0.685,0.1679999999999999,25.89,12.76,19.08,31.85,34.88,20.86
746458,2024-06-24,2024,621311,L,663554,R,single,False,False,36.0,0.265,6.0,16.67,2.0,5.56,0.8939999999999999,0.32299999999999995,21.05,11.27,10.56,21.83,36.59,11.54,9.0,0.111,2.0,22.22,0.0,0.0,0.555,0.333,25.0,12.9,16.13,29.03,33.33,33.33,156.0,0.248,25.0,16.03,13.0,8.33,0.677,0.11699999999999999,21.33,9.65,17.72,27.37,23.95,12.56,,,,,,,,,,,,,,
746458,2024-06-24,2024,596117,L,663554,R,strikeout,True,False,54.0,0.2,15.0,27.78,4.0,7.41,0.479,0.01999999999999999,27.55,13.64,21.21,34.85,35.48,24.59,94.0,0.19,22.0,23.4,7.0,7.45,0.5549999999999999,0.0959999999999999,24.71,11.35,19.19,30.54,31.94,18.8,156.0,0.248,25.0,16.03,13.0,8.33,0.677,0.11699999999999999,21.33,9.65,17.72,27.37,23.95,12.56,,,,,,,,,,,,,,
746458,2024-06-24,2024,656941,L,663554,R,strikeout,True,False,210.0,0.19,60.0,28.57,35.0,16.67,0.728,0.20900000000000002,32.38,13.0,16.11,29.11,21.8,23.41,469.0,0.201,128.0,27.29,85.0,18.12,0.848,0.296,31.18,11.75,19.66,31.41,21.53,23.1,156.0,0.248,25.0,16.03,13.0,8.33,0.677,0.11699999999999999,21.33,9.65,17.72,27.37,23.95,12.56,,,,,,,,,,,,,,
746458,2024-06-24,2024,607208,R,663554,R,field_out,False,False,104.0,0.337,16.0,15.38,5.0,4.81,0.8240000000000001,0.11199999999999999,20.97,10.48,15.32,25.81,28.26,15.69,485.0,0.282,109.0,22.47,29.0,5.98,0.8029999999999999,0.19,28.9,15.6,12.67,28.27,36.06,17.81,150.0,0.326,21.0,14.0,6.0,4.0,0.804,0.125,17.61,9.3,14.21,23.51,28.36,10.29,,,,,,,,,,,,,,
746458,2024-06-24,2024,690993,L,605400,R,strikeout,True,False,214.0,0.246,35.0,16.36,12.0,5.61,0.641,0.10099999999999998,22.04,10.53,16.56,27.09,32.53,17.41,,,,,,,,,,,,,,,198.0,0.195,37.0,18.69,13.0,6.57,0.62,0.178,19.21,9.22,15.53,24.75,28.46,14.4,365.0,0.24,90.0,24.66,25.0,6.85,0.735,0.204,26.03,12.77,16.47,29.24,34.56,20.93
746458,2024-06-24,2024,682985,L,605400,R,field_out,False,False,252.0,0.282,65.0,25.79,36.0,14.29,0.917,0.24900000000000005,27.91,11.51,17.55,29.05,20.7,22.26,323.0,0.291,84.0,26.01,28.0,8.67,0.826,0.182,27.26,12.45,16.06,28.52,24.68,20.14,198.0,0.195,37.0,18.69,13.0,6.57,0.62,0.178,19.21,9.22,15.53,24.75,28.46,14.4,365.0,0.24,90.0,24.66,25.0,6.85,0.735,0.204,26.03,12.77,16.47,29.24,34.56,20.93
746458,2024-06-24,2024,592192,R,605400,R,single,False,False,227.0,0.227,46.0,20.26,22.0,9.69,0.662,0.10800000000000001,22.56,8.95,23.43,32.38,21.41,17.49,341.0,0.261,56.0,16.42,28.0,8.21,0.721,0.1079999999999999,18.91,7.86,21.98,29.84,23.71,13.49,177.0,0.238,47.0,26.55,12.0,6.78,0.6619999999999999,0.134,25.83,13.23,17.85,31.08,34.92,22.27,430.0,0.241,112.0,26.05,20.0,4.65,0.685,0.1679999999999999,25.89,12.76,19.08,31.85,34.88,20.86
746458,2024-06-24,2024,672761,L,605400,R,field_out,False,False,171.0,0.256,37.0,21.64,13.0,7.6,0.7090000000000001,0.14100000000000001,22.15,9.88,19.77,29.65,26.27,17.21,,,,,,,,,,,,,,,198.0,0.195,37.0,18.69,13.0,6.57,0.62,0.178,19.21,9.22,15.53,24.75,28.46,14.4,365.0,0.24,90.0,24.66,25.0,6.85,0.735,0.204,26.03,12.77,16.47,29.24,34.56,20.93
746458,2024-06-24,2024,547180,L,663554,R,double,False,False,195.0,0.297,35.0,17.95,29.0,14.87,0.9580000000000001,0.26100000000000007,27.07,13.26,9.47,22.73,32.77,17.95,375.0,0.295,80.0,21.33,60.0,16.0,0.907,0.199,31.39,15.65,8.66,24.31,32.27,20.0,156.0,0.248,25.0,16.03,13.0,8.33,0.677,0.11699999999999999,21.33,9.65,17.72,27.37,23.95,12.56,,,,,,,,,,,,,,
746458,2024-06-24,2024,664761,R,663554,R,single,False,False,221.0,0.328,33.0,14.93,16.0,7.24,0.899,0.185,19.94,9.41,15.42,24.84,25.21,16.93,445.0,0.263,68.0,15.28,34.0,7.64,0.7010000000000001,0.1139999999999999,17.17,8.27,16.06,24.33,28.14,13.48,150.0,0.326,21.0,14.0,6.0,4.0,0.804,0.125,17.61,9.3,14.21,23.51,28.36,10.29,,,,,,,,,,,,,,
746458,2024-06-24,2024,592206,R,663554,R,strikeout,True,False,235.0,0.222,47.0,20.0,16.0,6.81,0.642,0.13899999999999998,31.91,18.82,10.04,28.86,39.36,20.09,485.0,0.252,140.0,28.87,25.0,5.15,0.733,0.192,37.06,20.57,11.78,32.36,40.41,25.27,150.0,0.326,21.0,14.0,6.0,4.0,0.804,0.125,17.61,9.3,14.21,23.51,28.36,10.29,,,,,,,,,,,,,,
746458,2024-06-24,2024,681082,L,663947,L,field_out,False,False,74.0,0.234,16.0,21.62,9.0,12.16,0.65,0.07799999999999999,15.6,5.76,25.42,31.19,18.05,19.75,167.0,0.282,24.0,14.37,13.0,7.78,0.73,0.101,17.59,7.8,22.11,29.91,32.56,10.39,63.0,0.103,13.0,20.63,1.0,1.59,0.32999999999999996,0.052000000000000005,22.22,10.05,21.61,31.66,29.03,28.89,122.0,0.147,32.0,26.23,4.0,3.28,0.363,0.034,24.29,11.78,19.86,31.64,32.18,22.86
746458,2024-06-24,2024,669016,L,663947,L,strikeout,True,False,47.0,0.15,21.0,44.68,5.0,10.64,0.40900000000000003,0.024999999999999994,28.57,9.9,24.75,34.65,16.67,34.43,110.0,0.229,43.0,39.09,12.0,10.91,0.7170000000000001,0.167,36.21,13.64,24.46,38.1,25.0,31.62,63.0,0.103,13.0,20.63,1.0,1.59,0.32999999999999996,0.052000000000000005,22.22,10.05,21.61,31.66,29.03,28.89,122.0,0.147,32.0,26.23,4.0,3.28,0.363,0.034,24.29,11.78,19.86,31.64,32.18,22.86
746458,2024-06-24,2024,570482,R,605400,R,field_out,False,False,129.0,0.287,19.0,14.73,5.0,3.88,0.6950000000000001,0.09000000000000002,19.17,9.62,17.57,27.2,34.04,14.18,175.0,0.276,30.0,17.14,9.0,5.14,0.653,0.061,20.55,11.01,13.8,24.82,34.39,12.39,177.0,0.238,47.0,26.55,12.0,6.78,0.6619999999999999,0.134,25.83,13.23,17.85,31.08,34.92,22.27,430.0,0.241,112.0,26.05,20.0,4.65,0.685,0.1679999999999999,25.89,12.76,19.08,31.85,34.88,20.86
746458,2024-06-24,2024,669234,R,605400,R,strikeout,True,False,45.0,0.154,17.0,37.78,5.0,11.11,0.577,0.17900000000000002,40.0,17.65,18.63,36.27,16.48,23.29,,,,,,,,,,,,,,,177.0,0.238,47.0,26.55,12.0,6.78,0.6619999999999999,0.134,25.83,13.23,17.85,31.08,34.92,22.27,430.0,0.241,112.0,26.05,20.0,4.65,0.685,0.1679999999999999,25.89,12.76,19.08,31.85,34.88,20.86
746458,2024-06-24,2024,656716,L,605400,R,double,False,False,121.0,0.193,36.0,29.75,10.0,8.26,0.5760000000000001,0.119,28.45,13.85,16.5,30.35,31.6,23.23,475.0,0.23,109.0,22.95,38.0,8.0,0.653,0.1259999999999999,21.06,10.13,16.08,26.2,28.04,19.12,198.0,0.195,37.0,18.69,13.0,6.57,0.62,0.178,19.21,9.22,15.53,24.75,28.46,14.4,365.0,0.24,90.0,24.66,25.0,6.85,0.735,0.204,26.03,12.77,16.47,29.24,34.56,20.93
746458,2024-06-24,2024,608348,R,605400,R,single,False,False,118.0,0.231,27.0,22.88,9.0,7.63,0.7010000000000001,0.154,25.58,11.2,19.35,30.55,24.39,16.77,108.0,0.198,27.0,25.0,6.0,5.56,0.479,0.0399999999999999,28.73,13.54,19.79,33.33,28.41,25.0,177.0,0.238,47.0,26.55,12.0,6.78,0.6619999999999999,0.134,25.83,13.23,17.85,31.08,34.92,22.27,430.0,0.241,112.0,26.05,20.0,4.65,0.685,0.1679999999999999,25.89,12.76,19.08,31.85,34.88,20.86
746458,2024-06-24,2024,663837,R,605400,R,field_out,False,False,188.0,0.256,44.0,23.4,9.0,4.79,0.7829999999999999,0.23299999999999998,21.04,9.0,20.21,29.2,19.08,18.11,383.0,0.26,92.0,24.02,29.0,7.57,0.724,0.14,21.06,9.23,21.95,31.18,28.67,18.31,177.0,0.238,47.0,26.55,12.0,6.78,0.6619999999999999,0.134,25.83,13.23,17.85,31.08,34.92,22.27,430.0,0.241,112.0,26.05,20.0,4.65,0.685,0.1679999999999999,25.89,12.76,19.08,31.85,34.88,20.86
746458,2024-06-24,2024,665506,R,663947,L,walk,False,True,55.0,0.2,17.0,30.91,10.0,18.18,0.6559999999999999,0.11099999999999999,31.63,13.25,15.38,28.63,19.35,22.37,57.0,0.314,13.0,22.81,5.0,8.77,0.924,0.235,32.38,15.45,14.09,29.55,25.93,19.4,83.0,0.224,17.0,20.48,5.0,6.02,0.663,0.171,25.16,13.22,14.92,28.14,42.5,19.77,202.0,0.209,42.0,20.79,14.0,6.93,0.642,0.171,28.53,13.97,16.84,30.81,30.71,18.58
746458,2024-06-24,2024,596117,L,663947,L,strikeout,True,False,28.0,0.16,8.0,28.57,3.0,10.71,0.41000000000000003,0.0,24.49,11.11,20.37,31.48,27.45,19.05,31.0,0.241,7.0,22.58,2.0,6.45,0.5660000000000001,0.035,18.03,8.59,17.97,26.56,28.57,16.67,63.0,0.103,13.0,20.63,1.0,1.59,0.32999999999999996,0.052000000000000005,22.22,10.05,21.61,31.66,29.03,28.89,122.0,0.147,32.0,26.23,4.0,3.28,0.363,0.034,24.29,11.78,19.86,31.64,32.18,22.86
746458,2024-06-24,2024,656941,L,663947,L,walk,False,True,138.0,0.345,35.0,25.36,21.0,15.22,1.0010000000000001,0.20700000000000007,32.54,12.19,21.33,33.51,18.42,24.48,253.0,0.188,87.0,34.39,41.0,16.21,0.758,0.242,32.04,11.82,21.04,32.86,21.61,24.51,63.0,0.103,13.0,20.63,1.0,1.59,0.32999999999999996,0.052000000000000005,22.22,10.05,21.61,31.66,29.03,28.89,122.0,0.147,32.0,26.23,4.0,3.28,0.363,0.034,24.29,11.78,19.86,31.64,32.18,22.86
746458,2024-06-24,2024,607208,R,663947,L,field_out,False,False,69.0,0.339,14.0,20.29,5.0,7.25,0.865,0.129,23.68,12.68,10.21,22.89,28.47,15.05,209.0,0.229,41.0,19.62,16.0,7.66,0.721,0.1969999999999999,31.2,15.84,12.09,27.93,33.41,17.98,83.0,0.224,17.0,20.48,5.0,6.02,0.663,0.171,25.16,13.22,14.92,28.14,42.5,19.77,202.0,0.209,42.0,20.79,14.0,6.93,0.642,0.171,28.53,13.97,16.84,30.81,30.71,18.58
746458,2024-06-24,2024,547180,L,663947,L,home_run,False,False,122.0,0.298,32.0,26.23,17.0,13.93,0.9510000000000001,0.26000000000000006,30.4,15.35,11.31,26.67,33.21,22.22,171.0,0.289,39.0,22.81,20.0,11.7,0.884,0.221,38.61,20.03,9.85,29.89,35.59,22.41,63.0,0.103,13.0,20.63,1.0,1.59,0.32999999999999996,0.052000000000000005,22.22,10.05,21.61,31.66,29.03,28.89,122.0,0.147,32.0,26.23,4.0,3.28,0.363,0.034,24.29,11.78,19.86,31.64,32.18,22.86
746458,2024-06-24,2024,664761,R,663947,L,single,False,False,100.0,0.255,10.0,10.0,6.0,6.0,0.736,0.181,12.14,5.93,14.12,20.06,25.28,10.87,167.0,0.303,26.0,15.57,8.0,4.79,0.929,0.291,20.3,10.86,12.97,23.82,35.24,14.21,83.0,0.224,17.0,20.48,5.0,6.02,0.663,0.171,25.16,13.22,14.92,28.14,42.5,19.77,202.0,0.209,42.0,20.79,14.0,6.93,0.642,0.171,28.53,13.97,16.84,30.81,30.71,18.58
746458,2024-06-24,2024,592206,R,689225,R,hit_by_pitch,False,False,235.0,0.222,47.0,20.0,16.0,6.81,0.642,0.13899999999999998,31.91,18.82,10.04,28.86,39.36,20.09,485.0,0.252,140.0,28.87,25.0,5.15,0.733,0.192,37.06,20.57,11.78,32.36,40.41,25.27,43.0,0.132,7.0,16.28,3.0,6.98,0.348,0.025999999999999995,22.54,10.67,18.0,28.67,33.77,20.0,88.0,0.262,20.0,22.73,7.0,7.95,0.768,0.188,23.94,12.13,14.56,26.68,37.2,14.93
746458,2024-06-24,2024,681082,L,689225,R,strikeout,True,False,207.0,0.24,29.0,14.01,25.0,12.08,0.71,0.137,16.57,7.16,21.72,28.88,27.14,11.93,474.0,0.28,76.0,16.03,26.0,5.49,0.753,0.1509999999999999,14.49,6.52,22.08,28.6,28.42,11.93,33.0,0.226,8.0,24.24,2.0,6.06,0.692,0.19299999999999998,22.89,11.95,14.47,26.42,30.95,11.94,64.0,0.254,11.0,17.19,5.0,7.81,0.6679999999999999,0.1019999999999999,18.9,8.99,13.11,22.1,24.09,13.25
746458,2024-06-24,2024,690993,L,605400,R,field_out,False,False,214.0,0.246,35.0,16.36,12.0,5.61,0.641,0.10099999999999998,22.04,10.53,16.56,27.09,32.53,17.41,,,,,,,,,,,,,,,198.0,0.195,37.0,18.69,13.0,6.57,0.62,0.178,19.21,9.22,15.53,24.75,28.46,14.4,365.0,0.24,90.0,24.66,25.0,6.85,0.735,0.204,26.03,12.77,16.47,29.24,34.56,20.93
746458,2024-06-24,2024,682985,L,605400,R,single,False,False,252.0,0.282,65.0,25.79,36.0,14.29,0.917,0.24900000000000005,27.91,11.51,17.55,29.05,20.7,22.26,323.0,0.291,84.0,26.01,28.0,8.67,0.826,0.182,27.26,12.45,16.06,28.52,24.68,20.14,198.0,0.195,37.0,18.69,13.0,6.57,0.62,0.178,19.21,9.22,15.53,24.75,28.46,14.4,365.0,0.24,90.0,24.66,25.0,6.85,0.735,0.204,26.03,12.77,16.47,29.24,34.56,20.93
746458,2024-06-24,2024,592192,R,605400,R,strikeout,True,False,227.0,0.227,46.0,20.26,22.0,9.69,0.662,0.10800000000000001,22.56,8.95,23.43,32.38,21.41,17.49,341.0,0.261,56.0,16.42,28.0,8.21,0.721,0.1079999999999999,18.91,7.86,21.98,29.84,23.71,13.49,177.0,0.238,47.0,26.55,12.0,6.78,0.6619999999999999,0.134,25.83,13.23,17.85,31.08,34.92,22.27,430.0,0.241,112.0,26.05,20.0,4.65,0.685,0.1679999999999999,25.89,12.76,19.08,31.85,34.88,20.86
746458,2024-06-24,2024,672761,L,605400,R,field_out,False,False,171.0,0.256,37.0,21.64,13.0,7.6,0.7090000000000001,0.14100000000000001,22.15,9.88,19.77,29.65,26.27,17.21,,,,,,,,,,,,,,,198.0,0.195,37.0,18.69,13.0,6.57,0.62,0.178,19.21,9.22,15.53,24.75,28.46,14.4,365.0,0.24,90.0,24.66,25.0,6.85,0.735,0.204,26.03,12.77,16.47,29.24,34.56,20.93
746458,2024-06-24,2024,669016,L,689225,R,strikeout,True,False,165.0,0.292,43.0,26.06,19.0,11.52,0.844,0.18,23.0,9.1,18.76,27.86,22.77,19.46,363.0,0.292,101.0,27.82,47.0,12.95,0.864,0.185,25.19,10.97,17.37,28.35,25.74,21.31,33.0,0.226,8.0,24.24,2.0,6.06,0.692,0.19299999999999998,22.89,11.95,14.47,26.42,30.95,11.94,64.0,0.254,11.0,17.19,5.0,7.81,0.6679999999999999,0.1019999999999999,18.9,8.99,13.11,22.1,24.09,13.25
746458,2024-06-24,2024,665506,R,689225,R,strikeout,True,False,30.0,0.185,10.0,33.33,2.0,6.67,0.41800000000000004,0.0,37.7,19.49,12.71,32.2,24.56,27.78,38.0,0.121,14.0,36.84,5.0,13.16,0.4489999999999999,0.091,39.47,18.18,14.55,32.73,25.3,24.56,43.0,0.132,7.0,16.28,3.0,6.98,0.348,0.025999999999999995,22.54,10.67,18.0,28.67,33.77,20.0,88.0,0.262,20.0,22.73,7.0,7.95,0.768,0.188,23.94,12.13,14.56,26.68,37.2,14.93
746458,2024-06-24,2024,596117,L,689225,R,strikeout,True,False,54.0,0.2,15.0,27.78,4.0,7.41,0.479,0.01999999999999999,27.55,13.64,21.21,34.85,35.48,24.59,94.0,0.19,22.0,23.4,7.0,7.45,0.5549999999999999,0.0959999999999999,24.71,11.35,19.19,30.54,31.94,18.8,33.0,0.226,8.0,24.24,2.0,6.06,0.692,0.19299999999999998,22.89,11.95,14.47,26.42,30.95,11.94,64.0,0.254,11.0,17.19,5.0,7.81,0.6679999999999999,0.1019999999999999,18.9,8.99,13.11,22.1,24.09,13.25
746458,2024-06-24,2024,570482,R,605400,R,field_out,False,False,129.0,0.287,19.0,14.73,5.0,3.88,0.6950000000000001,0.09000000000000002,19.17,9.62,17.57,27.2,34.04,14.18,175.0,0.276,30.0,17.14,9.0,5.14,0.653,0.061,20.55,11.01,13.8,24.82,34.39,12.39,177.0,0.238,47.0,26.55,12.0,6.78,0.6619999999999999,0.134,25.83,13.23,17.85,31.08,34.92,22.27,430.0,0.241,112.0,26.05,20.0,4.65,0.685,0.1679999999999999,25.89,12.76,19.08,31.85,34.88,20.86
746458,2024-06-24,2024,669234,R,605400,R,field_out,False,False,45.0,0.154,17.0,37.78,5.0,11.11,0.577,0.17900000000000002,40.0,17.65,18.63,36.27,16.48,23.29,,,,,,,,,,,,,,,177.0,0.238,47.0,26.55,12.0,6.78,0.6619999999999999,0.134,25.83,13.23,17.85,31.08,34.92,22.27,430.0,0.241,112.0,26.05,20.0,4.65,0.685,0.1679999999999999,25.89,12.76,19.08,31.85,34.88,20.86
746458,2024-06-24,2024,656716,L,605400,R,field_out,False,False,121.0,0.193,36.0,29.75,10.0,8.26,0.5760000000000001,0.119,28.45,13.85,16.5,30.35,31.6,23.23,475.0,0.23,109.0,22.95,38.0,8.0,0.653,0.1259999999999999,21.06,10.13,16.08,26.2,28.04,19.12,198.0,0.195,37.0,18.69,13.0,6.57,0.62,0.178,19.21,9.22,15.53,24.75,28.46,14.4,365.0,0.24,90.0,24.66,25.0,6.85,0.735,0.204,26.03,12.77,16.47,29.24,34.56,20.93
746458,2024-06-24,2024,656941,L,669438,R,field_out,False,False,210.0,0.19,60.0,28.57,35.0,16.67,0.728,0.20900000000000002,32.38,13.0,16.11,29.11,21.8,23.41,469.0,0.201,128.0,27.29,85.0,18.12,0.848,0.296,31.18,11.75,19.66,31.41,21.53,23.1,28.0,0.357,1.0,3.57,0.0,0.0,1.071,0.357,14.04,7.77,7.77,15.53,27.78,4.0,99.0,0.337,18.0,18.18,8.0,8.08,0.984,0.2589999999999999,25.12,12.89,12.41,25.3,29.55,12.59
746458,2024-06-24,2024,607208,R,669438,R,walk,False,True,104.0,0.337,16.0,15.38,5.0,4.81,0.8240000000000001,0.11199999999999999,20.97,10.48,15.32,25.81,28.26,15.69,485.0,0.282,109.0,22.47,29.0,5.98,0.8029999999999999,0.19,28.9,15.6,12.67,28.27,36.06,17.81,52.0,0.229,12.0,23.08,3.0,5.77,0.7669999999999999,0.24999999999999997,32.71,16.83,13.94,30.77,31.48,16.9,155.0,0.262,23.0,14.84,9.0,5.81,0.796,0.2199999999999999,22.46,11.46,14.6,26.06,25.61,16.08
746458,2024-06-24,2024,547180,L,669438,R,force_out,False,False,195.0,0.297,35.0,17.95,29.0,14.87,0.9580000000000001,0.26100000000000007,27.07,13.26,9.47,22.73,32.77,17.95,375.0,0.295,80.0,21.33,60.0,16.0,0.907,0.199,31.39,15.65,8.66,24.31,32.27,20.0,28.0,0.357,1.0,3.57,0.0,0.0,1.071,0.357,14.04,7.77,7.77,15.53,27.78,4.0,99.0,0.337,18.0,18.18,8.0,8.08,0.984,0.2589999999999999,25.12,12.89,12.41,25.3,29.55,12.59
746458,2024-06-24,2024,664761,R,669438,R,double,False,False,221.0,0.328,33.0,14.93,16.0,7.24,0.899,0.185,19.94,9.41,15.42,24.84,25.21,16.93,445.0,0.263,68.0,15.28,34.0,7.64,0.7010000000000001,0.1139999999999999,17.17,8.27,16.06,24.33,28.14,13.48,52.0,0.229,12.0,23.08,3.0,5.77,0.7669999999999999,0.24999999999999997,32.71,16.83,13.94,30.77,31.48,16.9,155.0,0.262,23.0,14.84,9.0,5.81,0.796,0.2199999999999999,22.46,11.46,14.6,26.06,25.61,16.08
746458,2024-06-24,2024,592206,R,669438,R,strikeout,True,False,235.0,0.222,47.0,20.0,16.0,6.81,0.642,0.13899999999999998,31.91,18.82,10.04,28.86,39.36,20.09,485.0,0.252,140.0,28.87,25.0,5.15,0.733,0.192,37.06,20.57,11.78,32.36,40.41,25.27,52.0,0.229,12.0,23.08,3.0,5.77,0.7669999999999999,0.24999999999999997,32.71,16.83,13.94,30.77,31.48,16.9,155.0,0.262,23.0,14.84,9.0,5.81,0.796,0.2199999999999999,22.46,11.46,14.6,26.06,25.61,16.08
746458,2024-06-24,2024,608348,R,675650,R,strikeout,True,False,118.0,0.231,27.0,22.88,9.0,7.63,0.7010000000000001,0.154,25.58,11.2,19.35,30.55,24.39,16.77,108.0,0.198,27.0,25.0,6.0,5.56,0.479,0.0399999999999999,28.73,13.54,19.79,33.33,28.41,25.0,,,,,,,,,,,,,,,,,,,,,,,,,,,,
746458,2024-06-24,2024,663837,R,675650,R,field_out,False,False,188.0,0.256,44.0,23.4,9.0,4.79,0.7829999999999999,0.23299999999999998,21.04,9.0,20.21,29.2,19.08,18.11,383.0,0.26,92.0,24.02,29.0,7.57,0.724,0.14,21.06,9.23,21.95,31.18,28.67,18.31,,,,,,,,,,,,,,,,,,,,,,,,,,,,
746458,2024-06-24,2024,690993,L,675650,R,field_out,False,False,214.0,0.246,35.0,16.36,12.0,5.61,0.641,0.10099999999999998,22.04,10.53,16.56,27.09,32.53,17.41,,,,,,,,,,,,,,,,,,,,,,,,,,,,,,,,,,,,,,,,,,
746458,2024-06-24,2024,681082,L,605177,L,single,False,False,74.0,0.234,16.0,21.62,9.0,12.16,0.65,0.07799999999999999,15.6,5.76,25.42,31.19,18.05,19.75,167.0,0.282,24.0,14.37,13.0,7.78,0.73,0.101,17.59,7.8,22.11,29.91,32.56,10.39,44.0,0.205,12.0,27.27,5.0,11.36,0.5509999999999999,0.05100000000000002,23.53,11.49,13.79,25.29,34.31,23.53,84.0,0.264,20.0,23.81,11.0,13.1,0.744,0.1109999999999999,25.9,10.32,20.92,31.23,26.29,18.18
746458,2024-06-24,2024,669016,L,605177,L,field_out,False,False,47.0,0.15,21.0,44.68,5.0,10.64,0.40900000000000003,0.024999999999999994,28.57,9.9,24.75,34.65,16.67,34.43,110.0,0.229,43.0,39.09,12.0,10.91,0.7170000000000001,0.167,36.21,13.64,24.46,38.1,25.0,31.62,44.0,0.205,12.0,27.27,5.0,11.36,0.5509999999999999,0.05100000000000002,23.53,11.49,13.79,25.29,34.31,23.53,84.0,0.264,20.0,23.81,11.0,13.1,0.744,0.1109999999999999,25.9,10.32,20.92,31.23,26.29,18.18
746458,2024-06-24,2024,665506,R,605177,L,single,False,False,55.0,0.2,17.0,30.91,10.0,18.18,0.6559999999999999,0.11099999999999999,31.63,13.25,15.38,28.63,19.35,22.37,57.0,0.314,13.0,22.81,5.0,8.77,0.924,0.235,32.38,15.45,14.09,29.55,25.93,19.4,66.0,0.31,18.0,27.27,7.0,10.61,0.7929999999999999,0.10399999999999998,35.9,17.21,13.11,30.33,34.64,30.51,142.0,0.211,43.0,30.28,17.0,11.97,0.738,0.22,35.02,15.71,14.83,30.54,33.9,27.74
746458,2024-06-24,2024,596117,L,605177,L,single,False,False,28.0,0.16,8.0,28.57,3.0,10.71,0.41000000000000003,0.0,24.49,11.11,20.37,31.48,27.45,19.05,31.0,0.241,7.0,22.58,2.0,6.45,0.5660000000000001,0.035,18.03,8.59,17.97,26.56,28.57,16.67,44.0,0.205,12.0,27.27,5.0,11.36,0.5509999999999999,0.05100000000000002,23.53,11.49,13.79,25.29,34.31,23.53,84.0,0.264,20.0,23.81,11.0,13.1,0.744,0.1109999999999999,25.9,10.32,20.92,31.23,26.29,18.18
746458,2024-06-24,2024,656941,L,605177,L,field_out,False,False,138.0,0.345,35.0,25.36,21.0,15.22,1.0010000000000001,0.20700000000000007,32.54,12.19,21.33,33.51,18.42,24.48,253.0,0.188,87.0,34.39,41.0,16.21,0.758,0.242,32.04,11.82,21.04,32.86,21.61,24.51,44.0,0.205,12.0,27.27,5.0,11.36,0.5509999999999999,0.05100000000000002,23.53,11.49,13.79,25.29,34.31,23.53,84.0,0.264,20.0,23.81,11.0,13.1,0.744,0.1109999999999999,25.9,10.32,20.92,31.23,26.29,18.18
746458,2024-06-24,2024,607208,R,605177,L,force_out,False,False,69.0,0.339,14.0,20.29,5.0,7.25,0.865,0.129,23.68,12.68,10.21,22.89,28.47,15.05,209.0,0.229,41.0,19.62,16.0,7.66,0.721,0.1969999999999999,31.2,15.84,12.09,27.93,33.41,17.98,66.0,0.31,18.0,27.27,7.0,10.61,0.7929999999999999,0.10399999999999998,35.9,17.21,13.11,30.33,34.64,30.51,142.0,0.211,43.0,30.28,17.0,11.97,0.738,0.22,35.02,15.71,14.83,30.54,33.9,27.74
746458,2024-06-24,2024,682985,L,689147,R,strikeout,True,False,252.0,0.282,65.0,25.79,36.0,14.29,0.917,0.24900000000000005,27.91,11.51,17.55,29.05,20.7,22.26,323.0,0.291,84.0,26.01,28.0,8.67,0.826,0.182,27.26,12.45,16.06,28.52,24.68,20.14,54.0,0.222,17.0,31.48,4.0,7.41,0.571,0.021999999999999992,22.69,10.63,20.47,31.1,23.42,15.6,7.0,0.143,5.0,71.43,0.0,0.0,0.4289999999999999,0.143,63.64,26.92,30.77,57.69,41.67,71.43
746458,2024-06-24,2024,592192,R,689147,R,field_out,False,False,227.0,0.227,46.0,20.26,22.0,9.69,0.662,0.10800000000000001,22.56,8.95,23.43,32.38,21.41,17.49,341.0,0.261,56.0,16.42,28.0,8.21,0.721,0.1079999999999999,18.91,7.86,21.98,29.84,23.71,13.49,52.0,0.163,13.0,25.0,2.0,3.85,0.416,0.04099999999999998,26.6,12.14,21.36,33.5,31.0,20.31,7.0,0.4,1.0,14.29,2.0,28.57,0.971,0.0,18.18,5.71,22.86,28.57,25.0,10.0
746458,2024-06-24,2024,672761,L,689147,R,double,False,False,171.0,0.256,37.0,21.64,13.0,7.6,0.7090000000000001,0.14100000000000001,22.15,9.88,19.77,29.65,26.27,17.21,,,,,,,,,,,,,,,54.0,0.222,17.0,31.48,4.0,7.41,0.571,0.021999999999999992,22.69,10.63,20.47,31.1,23.42,15.6,7.0,0.143,5.0,71.43,0.0,0.0,0.4289999999999999,0.143,63.64,26.92,30.77,57.69,41.67,71.43
746458,2024-06-24,2024,570482,R,689147,R,field_out,False,False,129.0,0.287,19.0,14.73,5.0,3.88,0.6950000000000001,0.09000000000000002,19.17,9.62,17.57,27.2,34.04,14.18,175.0,0.276,30.0,17.14,9.0,5.14,0.653,0.061,20.55,11.01,13.8,24.82,34.39,12.39,52.0,0.163,13.0,25.0,2.0,3.85,0.416,0.04099999999999998,26.6,12.14,21.36,33.5,31.0,20.31,7.0,0.4,1.0,14.29,2.0,28.57,0.971,0.0,18.18,5.71,22.86,28.57,25.0,10.0
745078,2024-06-24,2024,641487,L,671737,R,strikeout,True,False,164.0,0.162,42.0,25.61,20.0,12.2,0.5780000000000001,0.148,18.98,7.7,20.22,27.92,18.44,17.8,446.0,0.266,84.0,18.83,67.0,15.02,0.845,0.197,18.19,6.93,19.49,26.42,17.9,17.39,97.0,0.242,31.0,31.96,5.0,5.15,0.729,0.198,28.99,15.62,11.72,27.34,32.46,26.96,230.0,0.227,75.0,32.61,20.0,8.7,0.677,0.159,29.2,13.82,16.1,29.92,24.77,27.17
745078,2024-06-24,2024,593871,L,671737,R,strikeout,True,False,135.0,0.183,46.0,34.07,19.0,14.07,0.626,0.139,32.65,12.92,17.29,30.21,21.18,23.47,253.0,0.233,70.0,27.67,33.0,13.04,0.775,0.209,25.05,11.12,16.17,27.29,26.25,21.21,97.0,0.242,31.0,31.96,5.0,5.15,0.729,0.198,28.99,15.62,11.72,27.34,32.46,26.96,230.0,0.227,75.0,32.61,20.0,8.7,0.677,0.159,29.2,13.82,16.1,29.92,24.77,27.17
745078,2024-06-24,2024,677594,R,671737,R,field_out,False,False,241.0,0.248,67.0,27.8,14.0,5.81,0.622,0.07900000000000001,30.5,16.27,12.15,28.42,36.13,19.88,545.0,0.267,127.0,23.3,35.0,6.42,0.8109999999999999,0.2169999999999999,27.93,14.91,13.12,28.03,38.34,22.84,87.0,0.203,22.0,25.29,9.0,10.34,0.687,0.202,26.67,13.15,13.15,26.3,25.67,18.49,230.0,0.282,54.0,23.48,19.0,8.26,0.946,0.321,21.36,11.52,13.29,24.81,30.0,18.12
745078,2024-06-24,2024,650490,R,693433,R,strikeout,True,False,258.0,0.261,39.0,15.12,22.0,8.53,0.7050000000000001,0.11499999999999999,12.34,5.47,17.47,22.94,23.45,12.7,462.0,0.322,72.0,15.58,49.0,10.61,0.881,0.1559999999999999,18.95,8.0,18.68,26.68,19.71,15.69,53.0,0.098,14.0,26.42,0.0,0.0,0.21100000000000002,0.0,29.41,16.04,18.72,34.76,29.87,23.33,191.0,0.179,58.0,30.37,8.0,4.19,0.494,0.089,30.94,15.89,18.3,34.18,32.84,25.78
745078,2024-06-24,2024,666139,L,693433,R,field_out,False,False,94.0,0.253,23.0,24.47,9.0,9.57,0.817,0.241,25.47,13.3,12.32,25.62,30.69,16.2,435.0,0.3,104.0,23.91,27.0,6.21,0.8540000000000001,0.211,29.41,15.52,12.38,27.9,34.65,18.39,83.0,0.188,11.0,13.25,3.0,3.61,0.517,0.11199999999999999,14.2,7.89,17.35,25.24,25.44,9.57,180.0,0.283,35.0,19.44,23.0,12.78,0.928,0.256,25.33,12.72,12.18,24.9,23.3,15.09
745078,2024-06-24,2024,668227,R,693433,R,single,False,False,234.0,0.193,65.0,27.78,22.0,9.4,0.634,0.14900000000000002,33.95,14.41,19.15,33.56,24.42,19.06,517.0,0.254,119.0,23.02,62.0,11.99,0.7769999999999999,0.1589999999999999,29.93,12.82,18.77,31.59,26.93,19.44,53.0,0.098,14.0,26.42,0.0,0.0,0.21100000000000002,0.0,29.41,16.04,18.72,34.76,29.87,23.33,191.0,0.179,58.0,30.37,8.0,4.19,0.494,0.089,30.94,15.89,18.3,34.18,32.84,25.78
745078,2024-06-24,2024,670623,R,693433,R,field_out,False,False,232.0,0.285,36.0,15.52,24.0,10.34,0.857,0.2,15.97,7.15,18.81,25.96,27.51,9.21,438.0,0.247,82.0,18.72,43.0,9.82,0.86,0.266,18.6,8.55,16.71,25.26,28.98,14.09,53.0,0.098,14.0,26.42,0.0,0.0,0.21100000000000002,0.0,29.41,16.04,18.72,34.76,29.87,23.33,191.0,0.179,58.0,30.37,8.0,4.19,0.494,0.089,30.94,15.89,18.3,34.18,32.84,25.78
745078,2024-06-24,2024,663728,L,671737,R,walk,False,True,206.0,0.227,70.0,33.98,19.0,9.22,0.6799999999999999,0.157,30.11,15.21,13.62,28.83,30.94,22.77,462.0,0.235,126.0,27.27,47.0,10.17,0.7909999999999999,0.241,29.58,14.2,14.09,28.29,30.53,21.36,97.0,0.242,31.0,31.96,5.0,5.15,0.729,0.198,28.99,15.62,11.72,27.34,32.46,26.96,230.0,0.227,75.0,32.61,20.0,8.7,0.677,0.159,29.2,13.82,16.1,29.92,24.77,27.17
745078,2024-06-24,2024,670042,L,671737,R,strikeout,True,False,171.0,0.269,54.0,31.58,6.0,3.51,0.7969999999999999,0.21199999999999997,35.69,19.0,12.09,31.08,29.62,31.21,363.0,0.247,112.0,30.85,26.0,7.16,0.8340000000000001,0.25,38.6,19.83,11.57,31.39,31.1,26.79,97.0,0.242,31.0,31.96,5.0,5.15,0.729,0.198,28.99,15.62,11.72,27.34,32.46,26.96,230.0,0.227,75.0,32.61,20.0,8.7,0.677,0.159,29.2,13.82,16.1,29.92,24.77,27.17
745078,2024-06-24,2024,664034,R,671737,R,strikeout,True,False,185.0,0.236,45.0,24.32,14.0,7.57,0.6839999999999999,0.134,19.94,9.35,15.41,24.76,23.66,19.15,506.0,0.24,85.0,16.8,37.0,7.31,0.698,0.1169999999999999,22.16,11.42,13.69,25.11,32.3,15.51,87.0,0.203,22.0,25.29,9.0,10.34,0.687,0.202,26.67,13.15,13.15,26.3,25.67,18.49,230.0,0.282,54.0,23.48,19.0,8.26,0.946,0.321,21.36,11.52,13.29,24.81,30.0,18.12
745078,2024-06-24,2024,686527,L,671737,R,strikeout,True,False,112.0,0.26,28.0,25.0,11.0,9.82,0.8400000000000001,0.25,32.84,16.67,16.41,33.08,37.75,25.23,155.0,0.221,26.0,16.77,5.0,3.23,0.661,0.1879999999999999,24.65,13.73,16.86,30.59,41.27,21.85,97.0,0.242,31.0,31.96,5.0,5.15,0.729,0.198,28.99,15.62,11.72,27.34,32.46,26.96,230.0,0.227,75.0,32.61,20.0,8.7,0.677,0.159,29.2,13.82,16.1,29.92,24.77,27.17
745078,2024-06-24,2024,680700,L,693433,R,single,False,False,200.0,0.226,45.0,22.5,24.0,12.0,0.659,0.101,27.22,13.0,13.9,26.9,26.79,19.74,82.0,0.216,10.0,12.2,6.0,7.32,0.7390000000000001,0.243,15.71,6.75,18.4,25.15,18.99,10.75,83.0,0.188,11.0,13.25,3.0,3.61,0.517,0.11199999999999999,14.2,7.89,17.35,25.24,25.44,9.57,180.0,0.283,35.0,19.44,23.0,12.78,0.928,0.256,25.33,12.72,12.18,24.9,23.3,15.09
745078,2024-06-24,2024,670764,L,693433,R,force_out,False,False,26.0,0.05,8.0,30.77,5.0,19.23,0.281,0.0,37.78,16.19,13.33,29.52,12.73,34.78,257.0,0.179,69.0,26.85,33.0,12.84,0.588,0.121,26.28,11.1,17.87,28.97,16.97,23.15,83.0,0.188,11.0,13.25,3.0,3.61,0.517,0.11199999999999999,14.2,7.89,17.35,25.24,25.44,9.57,180.0,0.283,35.0,19.44,23.0,12.78,0.928,0.256,25.33,12.72,12.18,24.9,23.3,15.09
745078,2024-06-24,2024,642350,R,693433,R,field_out,False,False,172.0,0.205,62.0,36.05,12.0,6.98,0.655,0.166,36.77,17.22,20.39,37.61,33.33,28.31,271.0,0.23,93.0,34.32,16.0,5.9,0.801,0.29,39.19,20.65,15.06,35.71,37.69,31.08,53.0,0.098,14.0,26.42,0.0,0.0,0.21100000000000002,0.0,29.41,16.04,18.72,34.76,29.87,23.33,191.0,0.179,58.0,30.37,8.0,4.19,0.494,0.089,30.94,15.89,18.3,34.18,32.84,25.78
745078,2024-06-24,2024,666163,L,693433,R,strikeout,True,False,142.0,0.272,39.0,27.46,15.0,10.56,0.727,0.09599999999999997,28.09,12.61,17.82,30.42,26.46,20.11,72.0,0.133,15.0,20.83,10.0,13.89,0.507,0.1169999999999999,25.64,10.56,17.96,28.52,20.41,17.5,83.0,0.188,11.0,13.25,3.0,3.61,0.517,0.11199999999999999,14.2,7.89,17.35,25.24,25.44,9.57,180.0,0.283,35.0,19.44,23.0,12.78,0.928,0.256,25.33,12.72,12.18,24.9,23.3,15.09
745078,2024-06-24,2024,641598,R,671737,R,field_out,False,False,176.0,0.152,56.0,31.82,25.0,14.2,0.569,0.13099999999999998,34.39,13.32,21.6,34.92,18.41,24.56,262.0,0.25,70.0,26.72,25.0,9.54,0.845,0.267,25.84,10.63,19.22,29.85,18.71,21.21,87.0,0.203,22.0,25.29,9.0,10.34,0.687,0.202,26.67,13.15,13.15,26.3,25.67,18.49,230.0,0.282,54.0,23.48,19.0,8.26,0.946,0.321,21.36,11.52,13.29,24.81,30.0,18.12
745078,2024-06-24,2024,668942,L,671737,R,field_out,False,False,210.0,0.28,33.0,15.71,18.0,8.57,0.7749999999999999,0.14899999999999997,17.05,7.91,17.0,24.91,21.63,12.89,299.0,0.249,64.0,21.4,22.0,7.36,0.6559999999999999,0.1019999999999999,22.77,10.13,19.65,29.78,25.55,19.69,97.0,0.242,31.0,31.96,5.0,5.15,0.729,0.198,28.99,15.62,11.72,27.34,32.46,26.96,230.0,0.227,75.0,32.61,20.0,8.7,0.677,0.159,29.2,13.82,16.1,29.92,24.77,27.17
745078,2024-06-24,2024,641487,L,671737,R,single,False,False,164.0,0.162,42.0,25.61,20.0,12.2,0.5780000000000001,0.148,18.98,7.7,20.22,27.92,18.44,17.8,446.0,0.266,84.0,18.83,67.0,15.02,0.845,0.197,18.19,6.93,19.49,26.42,17.9,17.39,97.0,0.242,31.0,31.96,5.0,5.15,0.729,0.198,28.99,15.62,11.72,27.34,32.46,26.96,230.0,0.227,75.0,32.61,20.0,8.7,0.677,0.159,29.2,13.82,16.1,29.92,24.77,27.17
745078,2024-06-24,2024,593871,L,671737,R,strikeout,True,False,135.0,0.183,46.0,34.07,19.0,14.07,0.626,0.139,32.65,12.92,17.29,30.21,21.18,23.47,253.0,0.233,70.0,27.67,33.0,13.04,0.775,0.209,25.05,11.12,16.17,27.29,26.25,21.21,97.0,0.242,31.0,31.96,5.0,5.15,0.729,0.198,28.99,15.62,11.72,27.34,32.46,26.96,230.0,0.227,75.0,32.61,20.0,8.7,0.677,0.159,29.2,13.82,16.1,29.92,24.77,27.17
745078,2024-06-24,2024,676609,R,693433,R,field_out,False,False,189.0,0.227,46.0,24.34,12.0,6.35,0.617,0.099,27.79,12.64,19.64,32.28,31.27,21.3,156.0,0.186,37.0,23.72,15.0,9.62,0.588,0.1009999999999999,24.9,10.03,24.36,34.39,27.59,18.69,53.0,0.098,14.0,26.42,0.0,0.0,0.21100000000000002,0.0,29.41,16.04,18.72,34.76,29.87,23.33,191.0,0.179,58.0,30.37,8.0,4.19,0.494,0.089,30.94,15.89,18.3,34.18,32.84,25.78
745078,2024-06-24,2024,650490,R,693433,R,single,False,False,258.0,0.261,39.0,15.12,22.0,8.53,0.7050000000000001,0.11499999999999999,12.34,5.47,17.47,22.94,23.45,12.7,462.0,0.322,72.0,15.58,49.0,10.61,0.881,0.1559999999999999,18.95,8.0,18.68,26.68,19.71,15.69,53.0,0.098,14.0,26.42,0.0,0.0,0.21100000000000002,0.0,29.41,16.04,18.72,34.76,29.87,23.33,191.0,0.179,58.0,30.37,8.0,4.19,0.494,0.089,30.94,15.89,18.3,34.18,32.84,25.78
745078,2024-06-24,2024,666139,L,693433,R,single,False,False,94.0,0.253,23.0,24.47,9.0,9.57,0.817,0.241,25.47,13.3,12.32,25.62,30.69,16.2,435.0,0.3,104.0,23.91,27.0,6.21,0.8540000000000001,0.211,29.41,15.52,12.38,27.9,34.65,18.39,83.0,0.188,11.0,13.25,3.0,3.61,0.517,0.11199999999999999,14.2,7.89,17.35,25.24,25.44,9.57,180.0,0.283,35.0,19.44,23.0,12.78,0.928,0.256,25.33,12.72,12.18,24.9,23.3,15.09
745078,2024-06-24,2024,668227,R,693433,R,strikeout,True,False,234.0,0.193,65.0,27.78,22.0,9.4,0.634,0.14900000000000002,33.95,14.41,19.15,33.56,24.42,19.06,517.0,0.254,119.0,23.02,62.0,11.99,0.7769999999999999,0.1589999999999999,29.93,12.82,18.77,31.59,26.93,19.44,53.0,0.098,14.0,26.42,0.0,0.0,0.21100000000000002,0.0,29.41,16.04,18.72,34.76,29.87,23.33,191.0,0.179,58.0,30.37,8.0,4.19,0.494,0.089,30.94,15.89,18.3,34.18,32.84,25.78
745078,2024-06-24,2024,670623,R,693433,R,field_out,False,False,232.0,0.285,36.0,15.52,24.0,10.34,0.857,0.2,15.97,7.15,18.81,25.96,27.51,9.21,438.0,0.247,82.0,18.72,43.0,9.82,0.86,0.266,18.6,8.55,16.71,25.26,28.98,14.09,53.0,0.098,14.0,26.42,0.0,0.0,0.21100000000000002,0.0,29.41,16.04,18.72,34.76,29.87,23.33,191.0,0.179,58.0,30.37,8.0,4.19,0.494,0.089,30.94,15.89,18.3,34.18,32.84,25.78
745078,2024-06-24,2024,677594,R,671737,R,field_out,False,False,241.0,0.248,67.0,27.8,14.0,5.81,0.622,0.07900000000000001,30.5,16.27,12.15,28.42,36.13,19.88,545.0,0.267,127.0,23.3,35.0,6.42,0.8109999999999999,0.2169999999999999,27.93,14.91,13.12,28.03,38.34,22.84,87.0,0.203,22.0,25.29,9.0,10.34,0.687,0.202,26.67,13.15,13.15,26.3,25.67,18.49,230.0,0.282,54.0,23.48,19.0,8.26,0.946,0.321,21.36,11.52,13.29,24.81,30.0,18.12
745078,2024-06-24,2024,663728,L,671737,R,home_run,False,False,206.0,0.227,70.0,33.98,19.0,9.22,0.6799999999999999,0.157,30.11,15.21,13.62,28.83,30.94,22.77,462.0,0.235,126.0,27.27,47.0,10.17,0.7909999999999999,0.241,29.58,14.2,14.09,28.29,30.53,21.36,97.0,0.242,31.0,31.96,5.0,5.15,0.729,0.198,28.99,15.62,11.72,27.34,32.46,26.96,230.0,0.227,75.0,32.61,20.0,8.7,0.677,0.159,29.2,13.82,16.1,29.92,24.77,27.17
745078,2024-06-24,2024,670042,L,671737,R,field_out,False,False,171.0,0.269,54.0,31.58,6.0,3.51,0.7969999999999999,0.21199999999999997,35.69,19.0,12.09,31.08,29.62,31.21,363.0,0.247,112.0,30.85,26.0,7.16,0.8340000000000001,0.25,38.6,19.83,11.57,31.39,31.1,26.79,97.0,0.242,31.0,31.96,5.0,5.15,0.729,0.198,28.99,15.62,11.72,27.34,32.46,26.96,230.0,0.227,75.0,32.61,20.0,8.7,0.677,0.159,29.2,13.82,16.1,29.92,24.77,27.17
745078,2024-06-24,2024,664034,R,671737,R,field_out,False,False,185.0,0.236,45.0,24.32,14.0,7.57,0.6839999999999999,0.134,19.94,9.35,15.41,24.76,23.66,19.15,506.0,0.24,85.0,16.8,37.0,7.31,0.698,0.1169999999999999,22.16,11.42,13.69,25.11,32.3,15.51,87.0,0.203,22.0,25.29,9.0,10.34,0.687,0.202,26.67,13.15,13.15,26.3,25.67,18.49,230.0,0.282,54.0,23.48,19.0,8.26,0.946,0.321,21.36,11.52,13.29,24.81,30.0,18.12
745078,2024-06-24,2024,680700,L,693433,R,single,False,False,200.0,0.226,45.0,22.5,24.0,12.0,0.659,0.101,27.22,13.0,13.9,26.9,26.79,19.74,82.0,0.216,10.0,12.2,6.0,7.32,0.7390000000000001,0.243,15.71,6.75,18.4,25.15,18.99,10.75,83.0,0.188,11.0,13.25,3.0,3.61,0.517,0.11199999999999999,14.2,7.89,17.35,25.24,25.44,9.57,180.0,0.283,35.0,19.44,23.0,12.78,0.928,0.256,25.33,12.72,12.18,24.9,23.3,15.09
745078,2024-06-24,2024,670764,R,642048,L,single,False,False,13.0,0.154,7.0,53.85,0.0,0.0,0.385,0.07700000000000001,47.62,17.54,24.56,42.11,20.0,35.0,92.0,0.262,23.0,25.0,11.0,11.96,0.7769999999999999,0.1629999999999999,29.38,13.09,17.27,30.36,20.23,24.21,47.0,0.279,9.0,19.15,4.0,8.51,0.7350000000000001,0.11599999999999999,30.95,14.69,14.69,29.38,40.74,20.0,139.0,0.248,27.0,19.42,19.0,13.67,0.72,0.088,30.42,13.42,15.81,29.23,33.43,18.75
745078,2024-06-24,2024,642350,R,642048,L,single,False,False,59.0,0.208,21.0,35.59,5.0,8.47,0.724,0.24500000000000002,41.04,20.99,12.98,33.97,30.83,22.34,93.0,0.198,37.0,39.78,4.0,4.3,0.647,0.2209999999999999,43.46,22.99,15.24,38.23,37.84,32.17,47.0,0.279,9.0,19.15,4.0,8.51,0.7350000000000001,0.11599999999999999,30.95,14.69,14.69,29.38,40.74,20.0,139.0,0.248,27.0,19.42,19.0,13.67,0.72,0.088,30.42,13.42,15.81,29.23,33.43,18.75
745078,2024-06-24,2024,666163,L,642048,L,strikeout,True,False,18.0,0.214,4.0,22.22,4.0,22.22,0.675,0.07199999999999998,28.0,9.86,18.31,28.17,23.26,21.05,9.0,0.0,4.0,44.44,1.0,11.11,0.111,0.0,42.11,21.05,18.42,39.47,29.41,26.67,37.0,0.161,9.0,24.32,5.0,13.51,0.491,0.033,23.19,10.81,16.22,27.03,31.58,18.0,69.0,0.21,16.0,23.19,4.0,5.8,0.516,0.048,28.1,13.77,21.05,34.82,33.02,23.19
745078,2024-06-24,2024,676609,R,663423,R,field_out,False,False,189.0,0.227,46.0,24.34,12.0,6.35,0.617,0.099,27.79,12.64,19.64,32.28,31.27,21.3,156.0,0.186,37.0,23.72,15.0,9.62,0.588,0.1009999999999999,24.9,10.03,24.36,34.39,27.59,18.69,76.0,0.156,18.0,23.68,8.0,10.53,0.504,0.07800000000000001,32.09,15.09,16.49,31.58,23.97,20.99,70.0,0.209,19.0,27.14,3.0,4.29,0.5860000000000001,0.134,26.12,13.36,17.18,30.53,37.78,20.88
745078,2024-06-24,2024,650490,R,663423,R,strikeout,True,False,258.0,0.261,39.0,15.12,22.0,8.53,0.7050000000000001,0.11499999999999999,12.34,5.47,17.47,22.94,23.45,12.7,462.0,0.322,72.0,15.58,49.0,10.61,0.881,0.1559999999999999,18.95,8.0,18.68,26.68,19.71,15.69,76.0,0.156,18.0,23.68,8.0,10.53,0.504,0.07800000000000001,32.09,15.09,16.49,31.58,23.97,20.99,70.0,0.209,19.0,27.14,3.0,4.29,0.5860000000000001,0.134,26.12,13.36,17.18,30.53,37.78,20.88
745078,2024-06-24,2024,686527,L,671737,R,field_out,False,False,112.0,0.26,28.0,25.0,11.0,9.82,0.8400000000000001,0.25,32.84,16.67,16.41,33.08,37.75,25.23,155.0,0.221,26.0,16.77,5.0,3.23,0.661,0.1879999999999999,24.65,13.73,16.86,30.59,41.27,21.85,97.0,0.242,31.0,31.96,5.0,5.15,0.729,0.198,28.99,15.62,11.72,27.34,32.46,26.96,230.0,0.227,75.0,32.61,20.0,8.7,0.677,0.159,29.2,13.82,16.1,29.92,24.77,27.17
745078,2024-06-24,2024,641598,R,671737,R,strikeout,True,False,176.0,0.152,56.0,31.82,25.0,14.2,0.569,0.13099999999999998,34.39,13.32,21.6,34.92,18.41,24.56,262.0,0.25,70.0,26.72,25.0,9.54,0.845,0.267,25.84,10.63,19.22,29.85,18.71,21.21,87.0,0.203,22.0,25.29,9.0,10.34,0.687,0.202,26.67,13.15,13.15,26.3,25.67,18.49,230.0,0.282,54.0,23.48,19.0,8.26,0.946,0.321,21.36,11.52,13.29,24.81,30.0,18.12
745078,2024-06-24,2024,668942,L,671737,R,walk,False,True,210.0,0.28,33.0,15.71,18.0,8.57,0.7749999999999999,0.14899999999999997,17.05,7.91,17.0,24.91,21.63,12.89,299.0,0.249,64.0,21.4,22.0,7.36,0.6559999999999999,0.1019999999999999,22.77,10.13,19.65,29.78,25.55,19.69,97.0,0.242,31.0,31.96,5.0,5.15,0.729,0.198,28.99,15.62,11.72,27.34,32.46,26.96,230.0,0.227,75.0,32.61,20.0,8.7,0.677,0.159,29.2,13.82,16.1,29.92,24.77,27.17
745078,2024-06-24,2024,641487,L,671737,R,walk,False,True,164.0,0.162,42.0,25.61,20.0,12.2,0.5780000000000001,0.148,18.98,7.7,20.22,27.92,18.44,17.8,446.0,0.266,84.0,18.83,67.0,15.02,0.845,0.197,18.19,6.93,19.49,26.42,17.9,17.39,97.0,0.242,31.0,31.96,5.0,5.15,0.729,0.198,28.99,15.62,11.72,27.34,32.46,26.96,230.0,0.227,75.0,32.61,20.0,8.7,0.677,0.159,29.2,13.82,16.1,29.92,24.77,27.17
745078,2024-06-24,2024,593871,L,671737,R,strikeout,True,False,135.0,0.183,46.0,34.07,19.0,14.07,0.626,0.139,32.65,12.92,17.29,30.21,21.18,23.47,253.0,0.233,70.0,27.67,33.0,13.04,0.775,0.209,25.05,11.12,16.17,27.29,26.25,21.21,97.0,0.242,31.0,31.96,5.0,5.15,0.729,0.198,28.99,15.62,11.72,27.34,32.46,26.96,230.0,0.227,75.0,32.61,20.0,8.7,0.677,0.159,29.2,13.82,16.1,29.92,24.77,27.17
745078,2024-06-24,2024,666139,L,663423,R,strikeout,True,False,94.0,0.253,23.0,24.47,9.0,9.57,0.817,0.241,25.47,13.3,12.32,25.62,30.69,16.2,435.0,0.3,104.0,23.91,27.0,6.21,0.8540000000000001,0.211,29.41,15.52,12.38,27.9,34.65,18.39,60.0,0.255,18.0,30.0,2.0,3.33,0.6699999999999999,0.127,22.22,12.61,16.39,28.99,41.07,20.22,55.0,0.308,7.0,12.73,3.0,5.45,0.903,0.25,15.48,6.6,22.34,28.93,14.63,11.86
745078,2024-06-24,2024,668227,R,663423,R,strikeout,True,False,234.0,0.193,65.0,27.78,22.0,9.4,0.634,0.14900000000000002,33.95,14.41,19.15,33.56,24.42,19.06,517.0,0.254,119.0,23.02,62.0,11.99,0.7769999999999999,0.1589999999999999,29.93,12.82,18.77,31.59,26.93,19.44,76.0,0.156,18.0,23.68,8.0,10.53,0.504,0.07800000000000001,32.09,15.09,16.49,31.58,23.97,20.99,70.0,0.209,19.0,27.14,3.0,4.29,0.5860000000000001,0.134,26.12,13.36,17.18,30.53,37.78,20.88
745078,2024-06-24,2024,670623,R,663423,R,hit_by_pitch,False,False,232.0,0.285,36.0,15.52,24.0,10.34,0.857,0.2,15.97,7.15,18.81,25.96,27.51,9.21,438.0,0.247,82.0,18.72,43.0,9.82,0.86,0.266,18.6,8.55,16.71,25.26,28.98,14.09,76.0,0.156,18.0,23.68,8.0,10.53,0.504,0.07800000000000001,32.09,15.09,16.49,31.58,23.97,20.99,70.0,0.209,19.0,27.14,3.0,4.29,0.5860000000000001,0.134,26.12,13.36,17.18,30.53,37.78,20.88
745078,2024-06-24,2024,680700,L,663423,R,field_out,False,False,200.0,0.226,45.0,22.5,24.0,12.0,0.659,0.101,27.22,13.0,13.9,26.9,26.79,19.74,82.0,0.216,10.0,12.2,6.0,7.32,0.7390000000000001,0.243,15.71,6.75,18.4,25.15,18.99,10.75,60.0,0.255,18.0,30.0,2.0,3.33,0.6699999999999999,0.127,22.22,12.61,16.39,28.99,41.07,20.22,55.0,0.308,7.0,12.73,3.0,5.45,0.903,0.25,15.48,6.6,22.34,28.93,14.63,11.86
745078,2024-06-24,2024,677594,R,671737,R,field_out,False,False,241.0,0.248,67.0,27.8,14.0,5.81,0.622,0.07900000000000001,30.5,16.27,12.15,28.42,36.13,19.88,545.0,0.267,127.0,23.3,35.0,6.42,0.8109999999999999,0.2169999999999999,27.93,14.91,13.12,28.03,38.34,22.84,87.0,0.203,22.0,25.29,9.0,10.34,0.687,0.202,26.67,13.15,13.15,26.3,25.67,18.49,230.0,0.282,54.0,23.48,19.0,8.26,0.946,0.321,21.36,11.52,13.29,24.81,30.0,18.12
745078,2024-06-24,2024,663728,L,671737,R,walk,False,True,206.0,0.227,70.0,33.98,19.0,9.22,0.6799999999999999,0.157,30.11,15.21,13.62,28.83,30.94,22.77,462.0,0.235,126.0,27.27,47.0,10.17,0.7909999999999999,0.241,29.58,14.2,14.09,28.29,30.53,21.36,97.0,0.242,31.0,31.96,5.0,5.15,0.729,0.198,28.99,15.62,11.72,27.34,32.46,26.96,230.0,0.227,75.0,32.61,20.0,8.7,0.677,0.159,29.2,13.82,16.1,29.92,24.77,27.17
745078,2024-06-24,2024,670042,L,621363,L,strikeout,True,False,32.0,0.233,8.0,25.0,2.0,6.25,0.648,0.13399999999999998,30.16,14.84,15.62,30.47,25.0,22.22,44.0,0.268,16.0,36.36,2.0,4.55,0.741,0.1709999999999999,41.18,22.58,15.48,38.06,33.8,36.36,20.0,0.353,5.0,25.0,3.0,15.0,1.038,0.235,25.71,11.11,20.99,32.1,17.14,17.86,74.0,0.185,25.0,33.78,8.0,10.81,0.597,0.138,35.92,17.23,16.55,33.78,28.28,25.81
745078,2024-06-24,2024,664034,R,621363,L,strikeout,True,False,77.0,0.238,17.0,22.08,11.0,14.29,0.774,0.15900000000000003,30.37,13.4,13.73,27.12,23.78,20.0,160.0,0.28,32.0,20.0,6.0,3.75,0.718,0.1129999999999999,21.07,12.16,10.7,22.85,36.66,14.81,52.0,0.167,8.0,15.38,3.0,5.77,0.524,0.145,19.54,10.06,9.47,19.53,31.46,21.62,172.0,0.199,36.0,20.93,16.0,9.3,0.5740000000000001,0.0989999999999999,25.81,12.6,14.49,27.09,32.74,21.95
745078,2024-06-24,2024,670764,L,657508,R,field_out,False,False,26.0,0.05,8.0,30.77,5.0,19.23,0.281,0.0,37.78,16.19,13.33,29.52,12.73,34.78,257.0,0.179,69.0,26.85,33.0,12.84,0.588,0.121,26.28,11.1,17.87,28.97,16.97,23.15,50.0,0.268,13.0,26.0,8.0,16.0,0.868,0.21999999999999997,22.73,10.1,16.16,26.26,20.88,22.03,100.0,0.209,28.0,28.0,14.0,14.0,0.6799999999999999,0.151,26.6,12.25,16.91,29.17,27.69,22.05
745078,2024-06-24,2024,642350,R,657508,R,strikeout,True,False,172.0,0.205,62.0,36.05,12.0,6.98,0.655,0.166,36.77,17.22,20.39,37.61,33.33,28.31,271.0,0.23,93.0,34.32,16.0,5.9,0.801,0.29,39.19,20.65,15.06,35.71,37.69,31.08,79.0,0.208,17.0,21.52,6.0,7.59,0.639,0.153,28.67,14.14,14.83,28.97,27.15,21.25,173.0,0.228,33.0,19.08,19.0,10.98,0.696,0.148,24.01,11.74,12.93,24.67,27.17,16.02
745078,2024-06-24,2024,666163,L,657508,R,field_out,False,False,142.0,0.272,39.0,27.46,15.0,10.56,0.727,0.09599999999999997,28.09,12.61,17.82,30.42,26.46,20.11,72.0,0.133,15.0,20.83,10.0,13.89,0.507,0.1169999999999999,25.64,10.56,17.96,28.52,20.41,17.5,50.0,0.268,13.0,26.0,8.0,16.0,0.868,0.21999999999999997,22.73,10.1,16.16,26.26,20.88,22.03,100.0,0.209,28.0,28.0,14.0,14.0,0.6799999999999999,0.151,26.6,12.25,16.91,29.17,27.69,22.05
745078,2024-06-24,2024,686527,L,606965,R,walk,False,True,112.0,0.26,28.0,25.0,11.0,9.82,0.8400000000000001,0.25,32.84,16.67,16.41,33.08,37.75,25.23,155.0,0.221,26.0,16.77,5.0,3.23,0.661,0.1879999999999999,24.65,13.73,16.86,30.59,41.27,21.85,57.0,0.218,11.0,19.3,2.0,3.51,0.7010000000000001,0.23700000000000002,27.5,13.58,16.46,30.04,30.0,12.64,72.0,0.206,14.0,19.44,5.0,6.94,0.601,0.127,24.64,11.76,14.53,26.3,32.69,16.67
745078,2024-06-24,2024,641598,R,606965,R,home_run,False,False,176.0,0.152,56.0,31.82,25.0,14.2,0.569,0.13099999999999998,34.39,13.32,21.6,34.92,18.41,24.56,262.0,0.25,70.0,26.72,25.0,9.54,0.845,0.267,25.84,10.63,19.22,29.85,18.71,21.21,59.0,0.3,13.0,22.03,9.0,15.25,1.087,0.38000000000000006,30.1,12.5,18.55,31.05,24.82,15.66,101.0,0.245,28.0,27.72,6.0,5.94,0.702,0.1699999999999999,32.8,15.66,15.91,31.57,27.49,22.76
745078,2024-06-24,2024,668942,L,606965,R,field_out,False,False,210.0,0.28,33.0,15.71,18.0,8.57,0.7749999999999999,0.14899999999999997,17.05,7.91,17.0,24.91,21.63,12.89,299.0,0.249,64.0,21.4,22.0,7.36,0.6559999999999999,0.1019999999999999,22.77,10.13,19.65,29.78,25.55,19.69,57.0,0.218,11.0,19.3,2.0,3.51,0.7010000000000001,0.23700000000000002,27.5,13.58,16.46,30.04,30.0,12.64,72.0,0.206,14.0,19.44,5.0,6.94,0.601,0.127,24.64,11.76,14.53,26.3,32.69,16.67
745078,2024-06-24,2024,641487,L,606965,R,walk,False,True,164.0,0.162,42.0,25.61,20.0,12.2,0.5780000000000001,0.148,18.98,7.7,20.22,27.92,18.44,17.8,446.0,0.266,84.0,18.83,67.0,15.02,0.845,0.197,18.19,6.93,19.49,26.42,17.9,17.39,57.0,0.218,11.0,19.3,2.0,3.51,0.7010000000000001,0.23700000000000002,27.5,13.58,16.46,30.04,30.0,12.64,72.0,0.206,14.0,19.44,5.0,6.94,0.601,0.127,24.64,11.76,14.53,26.3,32.69,16.67
745078,2024-06-24,2024,593871,L,606965,R,field_out,False,False,135.0,0.183,46.0,34.07,19.0,14.07,0.626,0.139,32.65,12.92,17.29,30.21,21.18,23.47,253.0,0.233,70.0,27.67,33.0,13.04,0.775,0.209,25.05,11.12,16.17,27.29,26.25,21.21,57.0,0.218,11.0,19.3,2.0,3.51,0.7010000000000001,0.23700000000000002,27.5,13.58,16.46,30.04,30.0,12.64,72.0,0.206,14.0,19.44,5.0,6.94,0.601,0.127,24.64,11.76,14.53,26.3,32.69,16.67
745078,2024-06-24,2024,677594,R,606965,R,walk,False,True,241.0,0.248,67.0,27.8,14.0,5.81,0.622,0.07900000000000001,30.5,16.27,12.15,28.42,36.13,19.88,545.0,0.267,127.0,23.3,35.0,6.42,0.8109999999999999,0.2169999999999999,27.93,14.91,13.12,28.03,38.34,22.84,59.0,0.3,13.0,22.03,9.0,15.25,1.087,0.38000000000000006,30.1,12.5,18.55,31.05,24.82,15.66,101.0,0.245,28.0,27.72,6.0,5.94,0.702,0.1699999999999999,32.8,15.66,15.91,31.57,27.49,22.76
745078,2024-06-24,2024,663728,L,664208,R,field_out,False,False,206.0,0.227,70.0,33.98,19.0,9.22,0.6799999999999999,0.157,30.11,15.21,13.62,28.83,30.94,22.77,462.0,0.235,126.0,27.27,47.0,10.17,0.7909999999999999,0.241,29.58,14.2,14.09,28.29,30.53,21.36,59.0,0.255,11.0,18.64,8.0,13.56,1.003,0.34099999999999997,23.21,10.4,14.8,25.2,29.46,14.1,138.0,0.265,30.0,21.74,17.0,12.32,0.856,0.2039999999999999,26.0,12.2,15.95,28.14,26.22,19.87
745078,2024-06-24,2024,676609,R,592773,R,single,False,False,189.0,0.227,46.0,24.34,12.0,6.35,0.617,0.099,27.79,12.64,19.64,32.28,31.27,21.3,156.0,0.186,37.0,23.72,15.0,9.62,0.588,0.1009999999999999,24.9,10.03,24.36,34.39,27.59,18.69,64.0,0.19,18.0,28.12,5.0,7.81,0.525,0.069,31.21,17.25,11.37,28.63,39.55,20.0,116.0,0.231,31.0,26.72,11.0,9.48,0.752,0.211,31.3,16.45,11.54,27.99,28.0,17.61
745078,2024-06-24,2024,650490,R,592773,R,strikeout,True,False,258.0,0.261,39.0,15.12,22.0,8.53,0.7050000000000001,0.11499999999999999,12.34,5.47,17.47,22.94,23.45,12.7,462.0,0.322,72.0,15.58,49.0,10.61,0.881,0.1559999999999999,18.95,8.0,18.68,26.68,19.71,15.69,64.0,0.19,18.0,28.12,5.0,7.81,0.525,0.069,31.21,17.25,11.37,28.63,39.55,20.0,116.0,0.231,31.0,26.72,11.0,9.48,0.752,0.211,31.3,16.45,11.54,27.99,28.0,17.61
745078,2024-06-24,2024,666139,L,592773,R,field_out,False,False,94.0,0.253,23.0,24.47,9.0,9.57,0.817,0.241,25.47,13.3,12.32,25.62,30.69,16.2,435.0,0.3,104.0,23.91,27.0,6.21,0.8540000000000001,0.211,29.41,15.52,12.38,27.9,34.65,18.39,64.0,0.268,15.0,23.44,6.0,9.38,0.7729999999999999,0.16099999999999998,27.14,13.72,13.72,27.44,32.59,15.62,97.0,0.209,20.0,20.62,10.0,10.31,0.615,0.117,29.95,15.58,9.3,24.87,27.09,18.02
745078,2024-06-24,2024,668227,R,592773,R,strikeout,True,False,234.0,0.193,65.0,27.78,22.0,9.4,0.634,0.14900000000000002,33.95,14.41,19.15,33.56,24.42,19.06,517.0,0.254,119.0,23.02,62.0,11.99,0.7769999999999999,0.1589999999999999,29.93,12.82,18.77,31.59,26.93,19.44,64.0,0.19,18.0,28.12,5.0,7.81,0.525,0.069,31.21,17.25,11.37,28.63,39.55,20.0,116.0,0.231,31.0,26.72,11.0,9.48,0.752,0.211,31.3,16.45,11.54,27.99,28.0,17.61
745078,2024-06-24,2024,670042,L,664208,R,field_out,False,False,171.0,0.269,54.0,31.58,6.0,3.51,0.7969999999999999,0.21199999999999997,35.69,19.0,12.09,31.08,29.62,31.21,363.0,0.247,112.0,30.85,26.0,7.16,0.8340000000000001,0.25,38.6,19.83,11.57,31.39,31.1,26.79,59.0,0.255,11.0,18.64,8.0,13.56,1.003,0.34099999999999997,23.21,10.4,14.8,25.2,29.46,14.1,138.0,0.265,30.0,21.74,17.0,12.32,0.856,0.2039999999999999,26.0,12.2,15.95,28.14,26.22,19.87
745078,2024-06-24,2024,664034,R,664208,R,strikeout,True,False,185.0,0.236,45.0,24.32,14.0,7.57,0.6839999999999999,0.134,19.94,9.35,15.41,24.76,23.66,19.15,506.0,0.24,85.0,16.8,37.0,7.31,0.698,0.1169999999999999,22.16,11.42,13.69,25.11,32.3,15.51,72.0,0.242,11.0,15.28,9.0,12.5,0.702,0.11299999999999999,28.26,13.88,13.52,27.4,28.39,15.07,136.0,0.153,44.0,32.35,8.0,5.88,0.431,0.0569999999999999,39.26,20.62,13.04,33.66,34.2,29.86
745078,2024-06-24,2024,686527,L,664208,R,strikeout,True,False,112.0,0.26,28.0,25.0,11.0,9.82,0.8400000000000001,0.25,32.84,16.67,16.41,33.08,37.75,25.23,155.0,0.221,26.0,16.77,5.0,3.23,0.661,0.1879999999999999,24.65,13.73,16.86,30.59,41.27,21.85,59.0,0.255,11.0,18.64,8.0,13.56,1.003,0.34099999999999997,23.21,10.4,14.8,25.2,29.46,14.1,138.0,0.265,30.0,21.74,17.0,12.32,0.856,0.2039999999999999,26.0,12.2,15.95,28.14,26.22,19.87
745078,2024-06-24,2024,670623,R,608723,R,field_out,False,False,232.0,0.285,36.0,15.52,24.0,10.34,0.857,0.2,15.97,7.15,18.81,25.96,27.51,9.21,438.0,0.247,82.0,18.72,43.0,9.82,0.86,0.266,18.6,8.55,16.71,25.26,28.98,14.09,57.0,0.192,16.0,28.07,3.0,5.26,0.615,0.173,34.21,17.57,14.86,32.43,37.4,23.88,92.0,0.272,24.0,26.09,8.0,8.7,0.847,0.2339999999999999,30.85,15.63,15.36,31.0,35.26,18.75
745078,2024-06-24,2024,680700,L,608723,R,field_out,False,False,200.0,0.226,45.0,22.5,24.0,12.0,0.659,0.101,27.22,13.0,13.9,26.9,26.79,19.74,82.0,0.216,10.0,12.2,6.0,7.32,0.7390000000000001,0.243,15.71,6.75,18.4,25.15,18.99,10.75,62.0,0.175,10.0,16.13,4.0,6.45,0.575,0.15800000000000003,23.48,11.64,14.66,26.29,26.32,15.87,68.0,0.288,10.0,14.71,7.0,10.29,0.772,0.102,13.95,6.08,17.57,23.65,25.81,11.76
745078,2024-06-24,2024,670764,L,608723,R,walk,False,True,26.0,0.05,8.0,30.77,5.0,19.23,0.281,0.0,37.78,16.19,13.33,29.52,12.73,34.78,257.0,0.179,69.0,26.85,33.0,12.84,0.588,0.121,26.28,11.1,17.87,28.97,16.97,23.15,62.0,0.175,10.0,16.13,4.0,6.45,0.575,0.15800000000000003,23.48,11.64,14.66,26.29,26.32,15.87,68.0,0.288,10.0,14.71,7.0,10.29,0.772,0.102,13.95,6.08,17.57,23.65,25.81,11.76
745078,2024-06-24,2024,642350,R,608723,R,single,False,False,172.0,0.205,62.0,36.05,12.0,6.98,0.655,0.166,36.77,17.22,20.39,37.61,33.33,28.31,271.0,0.23,93.0,34.32,16.0,5.9,0.801,0.29,39.19,20.65,15.06,35.71,37.69,31.08,57.0,0.192,16.0,28.07,3.0,5.26,0.615,0.173,34.21,17.57,14.86,32.43,37.4,23.88,92.0,0.272,24.0,26.09,8.0,8.7,0.847,0.2339999999999999,30.85,15.63,15.36,31.0,35.26,18.75
745078,2024-06-24,2024,666163,L,608723,R,double,False,False,142.0,0.272,39.0,27.46,15.0,10.56,0.727,0.09599999999999997,28.09,12.61,17.82,30.42,26.46,20.11,72.0,0.133,15.0,20.83,10.0,13.89,0.507,0.1169999999999999,25.64,10.56,17.96,28.52,20.41,17.5,62.0,0.175,10.0,16.13,4.0,6.45,0.575,0.15800000000000003,23.48,11.64,14.66,26.29,26.32,15.87,68.0,0.288,10.0,14.71,7.0,10.29,0.772,0.102,13.95,6.08,17.57,23.65,25.81,11.76
745078,2024-06-24,2024,676609,R,662253,R,walk,False,True,189.0,0.227,46.0,24.34,12.0,6.35,0.617,0.099,27.79,12.64,19.64,32.28,31.27,21.3,156.0,0.186,37.0,23.72,15.0,9.62,0.588,0.1009999999999999,24.9,10.03,24.36,34.39,27.59,18.69,65.0,0.161,28.0,43.08,3.0,4.62,0.394,0.033,45.99,22.26,15.55,37.81,36.42,31.82,108.0,0.194,36.0,33.33,12.0,11.11,0.575,0.075,42.42,20.05,17.9,37.95,33.98,28.12
745078,2024-06-24,2024,650490,R,662253,R,single,False,False,258.0,0.261,39.0,15.12,22.0,8.53,0.7050000000000001,0.11499999999999999,12.34,5.47,17.47,22.94,23.45,12.7,462.0,0.322,72.0,15.58,49.0,10.61,0.881,0.1559999999999999,18.95,8.0,18.68,26.68,19.71,15.69,65.0,0.161,28.0,43.08,3.0,4.62,0.394,0.033,45.99,22.26,15.55,37.81,36.42,31.82,108.0,0.194,36.0,33.33,12.0,11.11,0.575,0.075,42.42,20.05,17.9,37.95,33.98,28.12
745078,2024-06-24,2024,666139,L,662253,R,strikeout,True,False,94.0,0.253,23.0,24.47,9.0,9.57,0.817,0.241,25.47,13.3,12.32,25.62,30.69,16.2,435.0,0.3,104.0,23.91,27.0,6.21,0.8540000000000001,0.211,29.41,15.52,12.38,27.9,34.65,18.39,58.0,0.2,14.0,24.14,7.0,12.07,0.63,0.12,27.36,12.61,16.96,29.57,34.38,20.9,104.0,0.242,31.0,29.81,10.0,9.62,0.671,0.099,36.45,17.25,16.55,33.8,30.63,24.03
745078,2024-06-24,2024,641598,R,664126,R,strikeout,True,False,176.0,0.152,56.0,31.82,25.0,14.2,0.569,0.13099999999999998,34.39,13.32,21.6,34.92,18.41,24.56,262.0,0.25,70.0,26.72,25.0,9.54,0.845,0.267,25.84,10.63,19.22,29.85,18.71,21.21,64.0,0.218,16.0,25.0,8.0,12.5,0.626,0.091,25.24,10.92,18.07,28.99,21.55,26.67,99.0,0.12,33.0,33.33,11.0,11.11,0.4519999999999999,0.0849999999999999,29.08,14.69,18.3,32.99,29.89,26.83
745078,2024-06-24,2024,668942,L,664126,R,field_out,False,False,210.0,0.28,33.0,15.71,18.0,8.57,0.7749999999999999,0.14899999999999997,17.05,7.91,17.0,24.91,21.63,12.89,299.0,0.249,64.0,21.4,22.0,7.36,0.6559999999999999,0.1019999999999999,22.77,10.13,19.65,29.78,25.55,19.69,46.0,0.244,12.0,26.09,4.0,8.7,0.5720000000000001,0.02400000000000002,23.19,9.04,24.29,33.33,20.25,28.57,86.0,0.211,35.0,40.7,9.0,10.47,0.565,0.052,32.88,13.79,25.29,39.08,26.17,31.25
745078,2024-06-24,2024,641487,L,664126,R,strikeout,True,False,164.0,0.162,42.0,25.61,20.0,12.2,0.5780000000000001,0.148,18.98,7.7,20.22,27.92,18.44,17.8,446.0,0.266,84.0,18.83,67.0,15.02,0.845,0.197,18.19,6.93,19.49,26.42,17.9,17.39,46.0,0.244,12.0,26.09,4.0,8.7,0.5720000000000001,0.02400000000000002,23.19,9.04,24.29,33.33,20.25,28.57,86.0,0.211,35.0,40.7,9.0,10.47,0.565,0.052,32.88,13.79,25.29,39.08,26.17,31.25
746696,2024-06-24,2024,457705,R,686730,R,field_out,False,False,191.0,0.254,50.0,26.18,20.0,10.47,0.76,0.16599999999999998,30.9,13.2,18.43,31.63,18.23,20.16,312.0,0.254,72.0,23.08,49.0,15.71,0.767,0.137,28.77,12.06,17.2,29.26,17.59,17.52,49.0,0.2,10.0,20.41,3.0,6.12,0.554,0.08899999999999997,19.78,9.73,18.38,28.11,28.05,15.87,31.0,0.214,8.0,25.81,3.0,9.68,0.683,0.179,18.46,8.63,20.14,28.78,30.65,16.0
746696,2024-06-24,2024,668804,L,686730,R,strikeout,True,False,239.0,0.275,50.0,20.92,24.0,10.04,0.83,0.19899999999999995,28.44,13.32,14.07,27.39,27.15,18.38,438.0,0.252,94.0,21.46,45.0,10.27,0.821,0.2309999999999999,28.75,13.22,13.73,26.95,24.9,18.49,57.0,0.315,10.0,17.54,2.0,3.51,0.7949999999999999,0.129,21.93,11.96,18.18,30.14,28.75,16.39,33.0,0.429,4.0,12.12,4.0,12.12,0.964,0.035,22.08,11.18,8.55,19.74,29.89,8.7
746696,2024-06-24,2024,665833,L,686730,R,field_out,False,False,210.0,0.286,65.0,30.95,17.0,8.1,0.843,0.21400000000000002,33.42,15.36,18.59,33.95,33.48,23.47,33.0,0.185,7.0,21.21,5.0,15.15,0.636,0.148,27.69,13.14,15.33,28.47,34.25,17.95,57.0,0.315,10.0,17.54,2.0,3.51,0.7949999999999999,0.129,21.93,11.96,18.18,30.14,28.75,16.39,33.0,0.429,4.0,12.12,4.0,12.12,0.964,0.035,22.08,11.18,8.55,19.74,29.89,8.7
746696,2024-06-24,2024,663697,R,663559,L,field_out,False,False,90.0,0.293,15.0,16.67,12.0,13.33,0.8,0.10700000000000004,16.15,5.59,24.47,30.05,15.56,14.71,134.0,0.207,36.0,26.87,15.0,11.19,0.642,0.129,23.87,9.31,22.67,31.99,19.93,19.66,245.0,0.226,37.0,15.1,19.0,7.76,0.687,0.17700000000000002,18.37,9.12,16.86,25.98,25.0,15.95,278.0,0.269,48.0,17.27,17.0,6.12,0.763,0.181,18.05,9.25,15.61,24.86,30.85,15.58
746696,2024-06-24,2024,682829,R,663559,L,field_out,False,False,116.0,0.229,33.0,28.45,14.0,12.07,0.716,0.13599999999999998,33.49,14.23,15.45,29.67,25.19,24.26,122.0,0.184,49.0,40.16,5.0,4.1,0.494,0.079,37.56,17.7,19.4,37.1,38.0,33.33,245.0,0.226,37.0,15.1,19.0,7.76,0.687,0.17700000000000002,18.37,9.12,16.86,25.98,25.0,15.95,278.0,0.269,48.0,17.27,17.0,6.12,0.763,0.181,18.05,9.25,15.61,24.86,30.85,15.58
746696,2024-06-24,2024,600869,R,663559,L,strikeout,True,False,92.0,0.25,19.0,20.65,10.0,10.87,0.71,0.11199999999999999,28.33,14.25,12.85,27.09,31.11,18.1,161.0,0.254,36.0,22.36,15.0,9.32,0.793,0.197,21.45,10.5,14.2,24.7,29.83,16.29,245.0,0.226,37.0,15.1,19.0,7.76,0.687,0.17700000000000002,18.37,9.12,16.86,25.98,25.0,15.95,278.0,0.269,48.0,17.27,17.0,6.12,0.763,0.181,18.05,9.25,15.61,24.86,30.85,15.58
746696,2024-06-24,2024,642133,L,686730,R,field_out,False,False,171.0,0.242,32.0,18.71,12.0,7.02,0.629,0.08900000000000002,20.14,8.31,21.2,29.51,23.15,18.18,300.0,0.223,73.0,24.33,29.0,9.67,0.69,0.173,22.22,8.47,23.11,31.59,24.77,19.95,57.0,0.315,10.0,17.54,2.0,3.51,0.7949999999999999,0.129,21.93,11.96,18.18,30.14,28.75,16.39,33.0,0.429,4.0,12.12,4.0,12.12,0.964,0.035,22.08,11.18,8.55,19.74,29.89,8.7
746696,2024-06-24,2024,693304,R,686730,R,field_out,False,False,109.0,0.26,26.0,23.85,5.0,4.59,0.6859999999999999,0.13,27.76,15.74,10.42,26.16,34.26,17.33,86.0,0.234,21.0,24.42,3.0,3.49,0.638,0.1299999999999999,30.36,15.84,12.11,27.95,27.85,22.11,49.0,0.2,10.0,20.41,3.0,6.12,0.554,0.08899999999999997,19.78,9.73,18.38,28.11,28.05,15.87,31.0,0.214,8.0,25.81,3.0,9.68,0.683,0.179,18.46,8.63,20.14,28.78,30.65,16.0
746696,2024-06-24,2024,663647,R,686730,R,field_out,False,False,165.0,0.192,34.0,20.61,10.0,6.06,0.46699999999999997,0.026999999999999996,17.67,7.93,21.08,29.01,29.33,20.24,358.0,0.26,75.0,20.95,22.0,6.15,0.721,0.1559999999999999,21.48,9.63,20.09,29.72,30.19,22.32,49.0,0.2,10.0,20.41,3.0,6.12,0.554,0.08899999999999997,19.78,9.73,18.38,28.11,28.05,15.87,31.0,0.214,8.0,25.81,3.0,9.68,0.683,0.179,18.46,8.63,20.14,28.78,30.65,16.0
746696,2024-06-24,2024,668715,R,663559,L,field_out,False,False,90.0,0.257,16.0,17.78,13.0,14.44,0.864,0.22899999999999998,20.0,8.55,16.81,25.36,23.37,14.14,180.0,0.312,33.0,18.33,17.0,9.44,0.928,0.238,20.88,9.77,17.74,27.51,26.97,14.47,245.0,0.226,37.0,15.1,19.0,7.76,0.687,0.17700000000000002,18.37,9.12,16.86,25.98,25.0,15.95,278.0,0.269,48.0,17.27,17.0,6.12,0.763,0.181,18.05,9.25,15.61,24.86,30.85,15.58
746696,2024-06-24,2024,663886,R,663559,L,field_out,False,False,68.0,0.246,7.0,10.29,6.0,8.82,0.768,0.21300000000000002,7.77,3.15,19.69,22.83,20.34,10.45,140.0,0.283,30.0,21.43,13.0,9.29,0.7989999999999999,0.166,24.79,10.12,16.75,26.88,18.56,21.13,245.0,0.226,37.0,15.1,19.0,7.76,0.687,0.17700000000000002,18.37,9.12,16.86,25.98,25.0,15.95,278.0,0.269,48.0,17.27,17.0,6.12,0.763,0.181,18.05,9.25,15.61,24.86,30.85,15.58
746696,2024-06-24,2024,656413,R,663559,L,field_out,False,False,94.0,0.289,19.0,20.21,11.0,11.7,0.794,0.133,35.19,16.52,11.59,28.12,21.31,22.09,113.0,0.226,34.0,30.09,13.0,11.5,0.7,0.1289999999999999,36.84,17.46,14.51,31.97,22.54,26.77,245.0,0.226,37.0,15.1,19.0,7.76,0.687,0.17700000000000002,18.37,9.12,16.86,25.98,25.0,15.95,278.0,0.269,48.0,17.27,17.0,6.12,0.763,0.181,18.05,9.25,15.61,24.86,30.85,15.58
746696,2024-06-24,2024,658668,R,686730,R,single,False,False,85.0,0.224,12.0,14.12,6.0,7.06,0.558,0.05200000000000002,23.6,12.77,13.98,26.75,35.22,10.91,261.0,0.256,43.0,16.48,14.0,5.36,0.728,0.1649999999999999,22.47,11.51,14.21,25.73,31.17,15.47,49.0,0.2,10.0,20.41,3.0,6.12,0.554,0.08899999999999997,19.78,9.73,18.38,28.11,28.05,15.87,31.0,0.214,8.0,25.81,3.0,9.68,0.683,0.179,18.46,8.63,20.14,28.78,30.65,16.0
746696,2024-06-24,2024,669261,L,686730,R,strikeout,True,False,172.0,0.153,45.0,26.16,21.0,12.21,0.5429999999999999,0.13399999999999998,25.78,11.87,15.31,27.18,21.21,20.64,404.0,0.232,117.0,28.96,61.0,15.1,0.857,0.271,29.06,11.36,18.81,30.17,17.6,22.37,57.0,0.315,10.0,17.54,2.0,3.51,0.7949999999999999,0.129,21.93,11.96,18.18,30.14,28.75,16.39,33.0,0.429,4.0,12.12,4.0,12.12,0.964,0.035,22.08,11.18,8.55,19.74,29.89,8.7
746696,2024-06-24,2024,518735,L,686730,R,field_out,False,False,69.0,0.154,13.0,18.84,4.0,5.8,0.495,0.13799999999999998,22.95,10.61,22.73,33.33,33.59,17.81,309.0,0.235,61.0,19.74,27.0,8.74,0.636,0.094,22.36,10.08,19.44,29.52,27.06,17.13,57.0,0.315,10.0,17.54,2.0,3.51,0.7949999999999999,0.129,21.93,11.96,18.18,30.14,28.75,16.39,33.0,0.429,4.0,12.12,4.0,12.12,0.964,0.035,22.08,11.18,8.55,19.74,29.89,8.7
746696,2024-06-24,2024,457705,R,686730,R,single,False,False,191.0,0.254,50.0,26.18,20.0,10.47,0.76,0.16599999999999998,30.9,13.2,18.43,31.63,18.23,20.16,312.0,0.254,72.0,23.08,49.0,15.71,0.767,0.137,28.77,12.06,17.2,29.26,17.59,17.52,49.0,0.2,10.0,20.41,3.0,6.12,0.554,0.08899999999999997,19.78,9.73,18.38,28.11,28.05,15.87,31.0,0.214,8.0,25.81,3.0,9.68,0.683,0.179,18.46,8.63,20.14,28.78,30.65,16.0
746696,2024-06-24,2024,668804,L,686730,R,single,False,False,239.0,0.275,50.0,20.92,24.0,10.04,0.83,0.19899999999999995,28.44,13.32,14.07,27.39,27.15,18.38,438.0,0.252,94.0,21.46,45.0,10.27,0.821,0.2309999999999999,28.75,13.22,13.73,26.95,24.9,18.49,57.0,0.315,10.0,17.54,2.0,3.51,0.7949999999999999,0.129,21.93,11.96,18.18,30.14,28.75,16.39,33.0,0.429,4.0,12.12,4.0,12.12,0.964,0.035,22.08,11.18,8.55,19.74,29.89,8.7
746696,2024-06-24,2024,665833,L,686730,R,field_out,False,False,210.0,0.286,65.0,30.95,17.0,8.1,0.843,0.21400000000000002,33.42,15.36,18.59,33.95,33.48,23.47,33.0,0.185,7.0,21.21,5.0,15.15,0.636,0.148,27.69,13.14,15.33,28.47,34.25,17.95,57.0,0.315,10.0,17.54,2.0,3.51,0.7949999999999999,0.129,21.93,11.96,18.18,30.14,28.75,16.39,33.0,0.429,4.0,12.12,4.0,12.12,0.964,0.035,22.08,11.18,8.55,19.74,29.89,8.7
746696,2024-06-24,2024,669289,R,663559,L,field_out,False,False,75.0,0.242,6.0,8.0,7.0,9.33,0.661,0.11299999999999999,12.7,5.9,15.87,21.77,25.0,9.68,116.0,0.252,14.0,12.07,8.0,6.9,0.657,0.1029999999999999,17.24,7.83,19.46,27.29,25.0,10.94,245.0,0.226,37.0,15.1,19.0,7.76,0.687,0.17700000000000002,18.37,9.12,16.86,25.98,25.0,15.95,278.0,0.269,48.0,17.27,17.0,6.12,0.763,0.181,18.05,9.25,15.61,24.86,30.85,15.58
746696,2024-06-24,2024,682119,R,663559,L,field_out,False,False,,,,,,,,,,,,,,,,,,,,,,,,,,,,,245.0,0.226,37.0,15.1,19.0,7.76,0.687,0.17700000000000002,18.37,9.12,16.86,25.98,25.0,15.95,278.0,0.269,48.0,17.27,17.0,6.12,0.763,0.181,18.05,9.25,15.61,24.86,30.85,15.58
746696,2024-06-24,2024,571912,R,663559,L,field_out,False,False,32.0,0.25,9.0,28.12,4.0,12.5,0.808,0.21400000000000002,22.22,9.38,17.19,26.56,29.58,24.32,58.0,0.259,14.0,24.14,4.0,6.9,0.754,0.185,28.43,12.61,18.26,30.87,29.46,22.58,245.0,0.226,37.0,15.1,19.0,7.76,0.687,0.17700000000000002,18.37,9.12,16.86,25.98,25.0,15.95,278.0,0.269,48.0,17.27,17.0,6.12,0.763,0.181,18.05,9.25,15.61,24.86,30.85,15.58
746696,2024-06-24,2024,642133,L,686730,R,field_out,False,False,171.0,0.242,32.0,18.71,12.0,7.02,0.629,0.08900000000000002,20.14,8.31,21.2,29.51,23.15,18.18,300.0,0.223,73.0,24.33,29.0,9.67,0.69,0.173,22.22,8.47,23.11,31.59,24.77,19.95,57.0,0.315,10.0,17.54,2.0,3.51,0.7949999999999999,0.129,21.93,11.96,18.18,30.14,28.75,16.39,33.0,0.429,4.0,12.12,4.0,12.12,0.964,0.035,22.08,11.18,8.55,19.74,29.89,8.7
746696,2024-06-24,2024,693304,R,686730,R,strikeout,True,False,109.0,0.26,26.0,23.85,5.0,4.59,0.6859999999999999,0.13,27.76,15.74,10.42,26.16,34.26,17.33,86.0,0.234,21.0,24.42,3.0,3.49,0.638,0.1299999999999999,30.36,15.84,12.11,27.95,27.85,22.11,49.0,0.2,10.0,20.41,3.0,6.12,0.554,0.08899999999999997,19.78,9.73,18.38,28.11,28.05,15.87,31.0,0.214,8.0,25.81,3.0,9.68,0.683,0.179,18.46,8.63,20.14,28.78,30.65,16.0
746696,2024-06-24,2024,663647,R,686730,R,strikeout,True,False,165.0,0.192,34.0,20.61,10.0,6.06,0.46699999999999997,0.026999999999999996,17.67,7.93,21.08,29.01,29.33,20.24,358.0,0.26,75.0,20.95,22.0,6.15,0.721,0.1559999999999999,21.48,9.63,20.09,29.72,30.19,22.32,49.0,0.2,10.0,20.41,3.0,6.12,0.554,0.08899999999999997,19.78,9.73,18.38,28.11,28.05,15.87,31.0,0.214,8.0,25.81,3.0,9.68,0.683,0.179,18.46,8.63,20.14,28.78,30.65,16.0
746696,2024-06-24,2024,663697,R,663559,L,single,False,False,90.0,0.293,15.0,16.67,12.0,13.33,0.8,0.10700000000000004,16.15,5.59,24.47,30.05,15.56,14.71,134.0,0.207,36.0,26.87,15.0,11.19,0.642,0.129,23.87,9.31,22.67,31.99,19.93,19.66,245.0,0.226,37.0,15.1,19.0,7.76,0.687,0.17700000000000002,18.37,9.12,16.86,25.98,25.0,15.95,278.0,0.269,48.0,17.27,17.0,6.12,0.763,0.181,18.05,9.25,15.61,24.86,30.85,15.58
746696,2024-06-24,2024,682829,R,663559,L,single,False,False,116.0,0.229,33.0,28.45,14.0,12.07,0.716,0.13599999999999998,33.49,14.23,15.45,29.67,25.19,24.26,122.0,0.184,49.0,40.16,5.0,4.1,0.494,0.079,37.56,17.7,19.4,37.1,38.0,33.33,245.0,0.226,37.0,15.1,19.0,7.76,0.687,0.17700000000000002,18.37,9.12,16.86,25.98,25.0,15.95,278.0,0.269,48.0,17.27,17.0,6.12,0.763,0.181,18.05,9.25,15.61,24.86,30.85,15.58
746696,2024-06-24,2024,600869,R,663559,L,field_out,False,False,92.0,0.25,19.0,20.65,10.0,10.87,0.71,0.11199999999999999,28.33,14.25,12.85,27.09,31.11,18.1,161.0,0.254,36.0,22.36,15.0,9.32,0.793,0.197,21.45,10.5,14.2,24.7,29.83,16.29,245.0,0.226,37.0,15.1,19.0,7.76,0.687,0.17700000000000002,18.37,9.12,16.86,25.98,25.0,15.95,278.0,0.269,48.0,17.27,17.0,6.12,0.763,0.181,18.05,9.25,15.61,24.86,30.85,15.58
746696,2024-06-24,2024,668715,R,663559,L,double,False,False,90.0,0.257,16.0,17.78,13.0,14.44,0.864,0.22899999999999998,20.0,8.55,16.81,25.36,23.37,14.14,180.0,0.312,33.0,18.33,17.0,9.44,0.928,0.238,20.88,9.77,17.74,27.51,26.97,14.47,245.0,0.226,37.0,15.1,19.0,7.76,0.687,0.17700000000000002,18.37,9.12,16.86,25.98,25.0,15.95,278.0,0.269,48.0,17.27,17.0,6.12,0.763,0.181,18.05,9.25,15.61,24.86,30.85,15.58
746696,2024-06-24,2024,663886,R,663559,L,single,False,False,68.0,0.246,7.0,10.29,6.0,8.82,0.768,0.21300000000000002,7.77,3.15,19.69,22.83,20.34,10.45,140.0,0.283,30.0,21.43,13.0,9.29,0.7989999999999999,0.166,24.79,10.12,16.75,26.88,18.56,21.13,245.0,0.226,37.0,15.1,19.0,7.76,0.687,0.17700000000000002,18.37,9.12,16.86,25.98,25.0,15.95,278.0,0.269,48.0,17.27,17.0,6.12,0.763,0.181,18.05,9.25,15.61,24.86,30.85,15.58
746696,2024-06-24,2024,656413,R,663559,L,double,False,False,94.0,0.289,19.0,20.21,11.0,11.7,0.794,0.133,35.19,16.52,11.59,28.12,21.31,22.09,113.0,0.226,34.0,30.09,13.0,11.5,0.7,0.1289999999999999,36.84,17.46,14.51,31.97,22.54,26.77,245.0,0.226,37.0,15.1,19.0,7.76,0.687,0.17700000000000002,18.37,9.12,16.86,25.98,25.0,15.95,278.0,0.269,48.0,17.27,17.0,6.12,0.763,0.181,18.05,9.25,15.61,24.86,30.85,15.58
746696,2024-06-24,2024,669289,R,663559,L,walk,False,True,75.0,0.242,6.0,8.0,7.0,9.33,0.661,0.11299999999999999,12.7,5.9,15.87,21.77,25.0,9.68,116.0,0.252,14.0,12.07,8.0,6.9,0.657,0.1029999999999999,17.24,7.83,19.46,27.29,25.0,10.94,245.0,0.226,37.0,15.1,19.0,7.76,0.687,0.17700000000000002,18.37,9.12,16.86,25.98,25.0,15.95,278.0,0.269,48.0,17.27,17.0,6.12,0.763,0.181,18.05,9.25,15.61,24.86,30.85,15.58
746696,2024-06-24,2024,682119,R,663559,L,sac_fly,False,False,,,,,,,,,,,,,,,,,,,,,,,,,,,,,245.0,0.226,37.0,15.1,19.0,7.76,0.687,0.17700000000000002,18.37,9.12,16.86,25.98,25.0,15.95,278.0,0.269,48.0,17.27,17.0,6.12,0.763,0.181,18.05,9.25,15.61,24.86,30.85,15.58
746696,2024-06-24,2024,571912,R,663559,L,strikeout,True,False,32.0,0.25,9.0,28.12,4.0,12.5,0.808,0.21400000000000002,22.22,9.38,17.19,26.56,29.58,24.32,58.0,0.259,14.0,24.14,4.0,6.9,0.754,0.185,28.43,12.61,18.26,30.87,29.46,22.58,245.0,0.226,37.0,15.1,19.0,7.76,0.687,0.17700000000000002,18.37,9.12,16.86,25.98,25.0,15.95,278.0,0.269,48.0,17.27,17.0,6.12,0.763,0.181,18.05,9.25,15.61,24.86,30.85,15.58
746696,2024-06-24,2024,658668,R,686730,R,single,False,False,85.0,0.224,12.0,14.12,6.0,7.06,0.558,0.05200000000000002,23.6,12.77,13.98,26.75,35.22,10.91,261.0,0.256,43.0,16.48,14.0,5.36,0.728,0.1649999999999999,22.47,11.51,14.21,25.73,31.17,15.47,49.0,0.2,10.0,20.41,3.0,6.12,0.554,0.08899999999999997,19.78,9.73,18.38,28.11,28.05,15.87,31.0,0.214,8.0,25.81,3.0,9.68,0.683,0.179,18.46,8.63,20.14,28.78,30.65,16.0
746696,2024-06-24,2024,669261,L,686730,R,single,False,False,172.0,0.153,45.0,26.16,21.0,12.21,0.5429999999999999,0.13399999999999998,25.78,11.87,15.31,27.18,21.21,20.64,404.0,0.232,117.0,28.96,61.0,15.1,0.857,0.271,29.06,11.36,18.81,30.17,17.6,22.37,57.0,0.315,10.0,17.54,2.0,3.51,0.7949999999999999,0.129,21.93,11.96,18.18,30.14,28.75,16.39,33.0,0.429,4.0,12.12,4.0,12.12,0.964,0.035,22.08,11.18,8.55,19.74,29.89,8.7
746696,2024-06-24,2024,518735,L,686730,R,single,False,False,69.0,0.154,13.0,18.84,4.0,5.8,0.495,0.13799999999999998,22.95,10.61,22.73,33.33,33.59,17.81,309.0,0.235,61.0,19.74,27.0,8.74,0.636,0.094,22.36,10.08,19.44,29.52,27.06,17.13,57.0,0.315,10.0,17.54,2.0,3.51,0.7949999999999999,0.129,21.93,11.96,18.18,30.14,28.75,16.39,33.0,0.429,4.0,12.12,4.0,12.12,0.964,0.035,22.08,11.18,8.55,19.74,29.89,8.7
746696,2024-06-24,2024,457705,R,686730,R,field_out,False,False,191.0,0.254,50.0,26.18,20.0,10.47,0.76,0.16599999999999998,30.9,13.2,18.43,31.63,18.23,20.16,312.0,0.254,72.0,23.08,49.0,15.71,0.767,0.137,28.77,12.06,17.2,29.26,17.59,17.52,49.0,0.2,10.0,20.41,3.0,6.12,0.554,0.08899999999999997,19.78,9.73,18.38,28.11,28.05,15.87,31.0,0.214,8.0,25.81,3.0,9.68,0.683,0.179,18.46,8.63,20.14,28.78,30.65,16.0
746696,2024-06-24,2024,668804,L,686730,R,walk,False,True,239.0,0.275,50.0,20.92,24.0,10.04,0.83,0.19899999999999995,28.44,13.32,14.07,27.39,27.15,18.38,438.0,0.252,94.0,21.46,45.0,10.27,0.821,0.2309999999999999,28.75,13.22,13.73,26.95,24.9,18.49,57.0,0.315,10.0,17.54,2.0,3.51,0.7949999999999999,0.129,21.93,11.96,18.18,30.14,28.75,16.39,33.0,0.429,4.0,12.12,4.0,12.12,0.964,0.035,22.08,11.18,8.55,19.74,29.89,8.7
746696,2024-06-24,2024,665833,L,686730,R,force_out,False,False,210.0,0.286,65.0,30.95,17.0,8.1,0.843,0.21400000000000002,33.42,15.36,18.59,33.95,33.48,23.47,33.0,0.185,7.0,21.21,5.0,15.15,0.636,0.148,27.69,13.14,15.33,28.47,34.25,17.95,57.0,0.315,10.0,17.54,2.0,3.51,0.7949999999999999,0.129,21.93,11.96,18.18,30.14,28.75,16.39,33.0,0.429,4.0,12.12,4.0,12.12,0.964,0.035,22.08,11.18,8.55,19.74,29.89,8.7
746696,2024-06-24,2024,642133,L,686730,R,strikeout,True,False,171.0,0.242,32.0,18.71,12.0,7.02,0.629,0.08900000000000002,20.14,8.31,21.2,29.51,23.15,18.18,300.0,0.223,73.0,24.33,29.0,9.67,0.69,0.173,22.22,8.47,23.11,31.59,24.77,19.95,57.0,0.315,10.0,17.54,2.0,3.51,0.7949999999999999,0.129,21.93,11.96,18.18,30.14,28.75,16.39,33.0,0.429,4.0,12.12,4.0,12.12,0.964,0.035,22.08,11.18,8.55,19.74,29.89,8.7
746696,2024-06-24,2024,663697,R,677865,L,double,False,False,90.0,0.293,15.0,16.67,12.0,13.33,0.8,0.10700000000000004,16.15,5.59,24.47,30.05,15.56,14.71,134.0,0.207,36.0,26.87,15.0,11.19,0.642,0.129,23.87,9.31,22.67,31.99,19.93,19.66,15.0,0.25,3.0,20.0,1.0,6.67,0.9159999999999999,0.33299999999999996,18.92,11.11,11.11,22.22,47.22,12.5,84.0,0.31,12.0,14.29,9.0,10.71,0.872,0.1689999999999999,22.3,10.4,15.1,25.5,26.35,16.0
746696,2024-06-24,2024,682829,R,677865,L,double,False,False,116.0,0.229,33.0,28.45,14.0,12.07,0.716,0.13599999999999998,33.49,14.23,15.45,29.67,25.19,24.26,122.0,0.184,49.0,40.16,5.0,4.1,0.494,0.079,37.56,17.7,19.4,37.1,38.0,33.33,15.0,0.25,3.0,20.0,1.0,6.67,0.9159999999999999,0.33299999999999996,18.92,11.11,11.11,22.22,47.22,12.5,84.0,0.31,12.0,14.29,9.0,10.71,0.872,0.1689999999999999,22.3,10.4,15.1,25.5,26.35,16.0
746696,2024-06-24,2024,600869,R,677865,L,strikeout,True,False,92.0,0.25,19.0,20.65,10.0,10.87,0.71,0.11199999999999999,28.33,14.25,12.85,27.09,31.11,18.1,161.0,0.254,36.0,22.36,15.0,9.32,0.793,0.197,21.45,10.5,14.2,24.7,29.83,16.29,15.0,0.25,3.0,20.0,1.0,6.67,0.9159999999999999,0.33299999999999996,18.92,11.11,11.11,22.22,47.22,12.5,84.0,0.31,12.0,14.29,9.0,10.71,0.872,0.1689999999999999,22.3,10.4,15.1,25.5,26.35,16.0
746696,2024-06-24,2024,668715,R,642701,R,single,False,False,221.0,0.227,46.0,20.81,20.0,9.05,0.677,0.142,21.32,9.71,18.08,27.79,25.89,15.7,487.0,0.256,106.0,21.77,51.0,10.47,0.7789999999999999,0.175,25.48,10.86,19.02,29.88,22.75,18.53,89.0,0.309,11.0,12.36,6.0,6.74,0.87,0.197,17.75,9.15,17.07,26.22,34.57,10.68,32.0,0.259,9.0,28.12,5.0,15.62,0.931,0.297,29.82,12.23,19.42,31.65,36.9,16.98
746696,2024-06-24,2024,663886,R,642701,R,field_out,False,False,150.0,0.242,33.0,22.0,13.0,8.67,0.698,0.129,22.63,10.05,18.1,28.15,24.91,20.65,378.0,0.228,105.0,27.78,34.0,8.99,0.657,0.1239999999999999,29.78,12.81,19.96,32.77,26.19,24.59,89.0,0.309,11.0,12.36,6.0,6.74,0.87,0.197,17.75,9.15,17.07,26.22,34.57,10.68,32.0,0.259,9.0,28.12,5.0,15.62,0.931,0.297,29.82,12.23,19.42,31.65,36.9,16.98
746696,2024-06-24,2024,656413,R,642701,R,strikeout,True,False,54.0,0.104,12.0,22.22,3.0,5.56,0.377,0.084,36.96,18.68,13.19,31.87,28.26,24.49,144.0,0.23,35.0,24.31,12.0,8.33,0.716,0.1829999999999999,31.79,17.15,10.79,27.94,25.91,21.74,89.0,0.309,11.0,12.36,6.0,6.74,0.87,0.197,17.75,9.15,17.07,26.22,34.57,10.68,32.0,0.259,9.0,28.12,5.0,15.62,0.931,0.297,29.82,12.23,19.42,31.65,36.9,16.98
746696,2024-06-24,2024,693304,R,686730,R,field_out,False,False,109.0,0.26,26.0,23.85,5.0,4.59,0.6859999999999999,0.13,27.76,15.74,10.42,26.16,34.26,17.33,86.0,0.234,21.0,24.42,3.0,3.49,0.638,0.1299999999999999,30.36,15.84,12.11,27.95,27.85,22.11,49.0,0.2,10.0,20.41,3.0,6.12,0.554,0.08899999999999997,19.78,9.73,18.38,28.11,28.05,15.87,31.0,0.214,8.0,25.81,3.0,9.68,0.683,0.179,18.46,8.63,20.14,28.78,30.65,16.0
746696,2024-06-24,2024,663647,R,686730,R,field_out,False,False,165.0,0.192,34.0,20.61,10.0,6.06,0.46699999999999997,0.026999999999999996,17.67,7.93,21.08,29.01,29.33,20.24,358.0,0.26,75.0,20.95,22.0,6.15,0.721,0.1559999999999999,21.48,9.63,20.09,29.72,30.19,22.32,49.0,0.2,10.0,20.41,3.0,6.12,0.554,0.08899999999999997,19.78,9.73,18.38,28.11,28.05,15.87,31.0,0.214,8.0,25.81,3.0,9.68,0.683,0.179,18.46,8.63,20.14,28.78,30.65,16.0
746696,2024-06-24,2024,658668,R,686730,R,single,False,False,85.0,0.224,12.0,14.12,6.0,7.06,0.558,0.05200000000000002,23.6,12.77,13.98,26.75,35.22,10.91,261.0,0.256,43.0,16.48,14.0,5.36,0.728,0.1649999999999999,22.47,11.51,14.21,25.73,31.17,15.47,49.0,0.2,10.0,20.41,3.0,6.12,0.554,0.08899999999999997,19.78,9.73,18.38,28.11,28.05,15.87,31.0,0.214,8.0,25.81,3.0,9.68,0.683,0.179,18.46,8.63,20.14,28.78,30.65,16.0
746696,2024-06-24,2024,669261,L,686730,R,field_out,False,False,172.0,0.153,45.0,26.16,21.0,12.21,0.5429999999999999,0.13399999999999998,25.78,11.87,15.31,27.18,21.21,20.64,404.0,0.232,117.0,28.96,61.0,15.1,0.857,0.271,29.06,11.36,18.81,30.17,17.6,22.37,57.0,0.315,10.0,17.54,2.0,3.51,0.7949999999999999,0.129,21.93,11.96,18.18,30.14,28.75,16.39,33.0,0.429,4.0,12.12,4.0,12.12,0.964,0.035,22.08,11.18,8.55,19.74,29.89,8.7
746696,2024-06-24,2024,669289,R,641726,R,field_out,False,False,92.0,0.186,16.0,17.39,4.0,4.35,0.499,0.09300000000000003,11.83,5.62,16.57,22.19,25.0,16.67,138.0,0.244,22.0,15.94,10.0,7.25,0.633,0.073,17.87,7.68,20.84,28.52,25.34,15.6,22.0,0.455,2.0,9.09,0.0,0.0,1.364,0.454,12.0,6.67,13.33,20.0,33.33,6.45,,,,,,,,,,,,,,
746696,2024-06-24,2024,682119,R,641726,R,double,False,False,,,,,,,,,,,,,,,,,,,,,,,,,,,,,22.0,0.455,2.0,9.09,0.0,0.0,1.364,0.454,12.0,6.67,13.33,20.0,33.33,6.45,,,,,,,,,,,,,,
746696,2024-06-24,2024,571912,R,641726,R,single,False,False,68.0,0.172,25.0,36.76,6.0,8.82,0.518,0.05200000000000002,31.71,13.78,16.96,30.74,25.17,30.12,141.0,0.224,35.0,24.82,10.0,7.09,0.675,0.144,25.1,11.19,19.96,31.16,24.62,23.65,22.0,0.455,2.0,9.09,0.0,0.0,1.364,0.454,12.0,6.67,13.33,20.0,33.33,6.45,,,,,,,,,,,,,,
746696,2024-06-24,2024,663697,R,641726,R,double,False,False,194.0,0.23,45.0,23.2,24.0,12.37,0.668,0.10300000000000001,19.22,7.26,20.54,27.8,16.33,19.4,397.0,0.257,73.0,18.39,37.0,9.32,0.7809999999999999,0.175,21.3,8.18,21.42,29.59,19.53,15.19,22.0,0.455,2.0,9.09,0.0,0.0,1.364,0.454,12.0,6.67,13.33,20.0,33.33,6.45,,,,,,,,,,,,,,
746696,2024-06-24,2024,682829,L,641726,R,home_run,False,False,211.0,0.25,70.0,33.18,23.0,10.9,0.821,0.239,32.15,13.1,20.31,33.41,24.01,29.74,307.0,0.255,95.0,30.94,30.0,9.77,0.7989999999999999,0.2159999999999999,26.69,11.86,17.47,29.33,31.27,25.07,21.0,0.368,3.0,14.29,2.0,9.52,1.218,0.42100000000000004,24.14,9.72,19.44,29.17,20.51,27.27,,,,,,,,,,,,,,
746696,2024-06-24,2024,600869,L,641726,R,field_out,False,False,192.0,0.256,48.0,25.0,8.0,4.17,0.8440000000000001,0.30000000000000004,27.53,14.85,13.31,28.15,36.29,21.82,415.0,0.251,91.0,21.93,38.0,9.16,0.812,0.2279999999999999,25.42,11.83,16.22,28.05,27.64,18.71,21.0,0.368,3.0,14.29,2.0,9.52,1.218,0.42100000000000004,24.14,9.72,19.44,29.17,20.51,27.27,,,,,,,,,,,,,,
746696,2024-06-24,2024,668715,R,641726,R,field_out,False,False,221.0,0.227,46.0,20.81,20.0,9.05,0.677,0.142,21.32,9.71,18.08,27.79,25.89,15.7,487.0,0.256,106.0,21.77,51.0,10.47,0.7789999999999999,0.175,25.48,10.86,19.02,29.88,22.75,18.53,22.0,0.455,2.0,9.09,0.0,0.0,1.364,0.454,12.0,6.67,13.33,20.0,33.33,6.45,,,,,,,,,,,,,,
746696,2024-06-24,2024,518735,L,518585,R,strikeout,True,False,69.0,0.154,13.0,18.84,4.0,5.8,0.495,0.13799999999999998,22.95,10.61,22.73,33.33,33.59,17.81,309.0,0.235,61.0,19.74,27.0,8.74,0.636,0.094,22.36,10.08,19.44,29.52,27.06,17.13,69.0,0.22,21.0,30.43,10.0,14.49,0.757,0.204,33.08,15.49,14.08,29.58,26.06,22.58,128.0,0.231,43.0,33.59,18.0,14.06,0.733,0.158,29.12,13.69,13.69,27.39,27.0,23.76
746696,2024-06-24,2024,457705,R,518585,R,walk,False,True,191.0,0.254,50.0,26.18,20.0,10.47,0.76,0.16599999999999998,30.9,13.2,18.43,31.63,18.23,20.16,312.0,0.254,72.0,23.08,49.0,15.71,0.767,0.137,28.77,12.06,17.2,29.26,17.59,17.52,69.0,0.133,35.0,50.72,7.0,10.14,0.371,0.016999999999999987,49.64,24.38,15.19,39.58,38.37,40.23,151.0,0.196,55.0,36.42,10.0,6.62,0.601,0.1519999999999999,39.37,19.93,13.76,33.69,34.92,31.98
746696,2024-06-24,2024,668804,L,518585,R,strikeout,True,False,239.0,0.275,50.0,20.92,24.0,10.04,0.83,0.19899999999999995,28.44,13.32,14.07,27.39,27.15,18.38,438.0,0.252,94.0,21.46,45.0,10.27,0.821,0.2309999999999999,28.75,13.22,13.73,26.95,24.9,18.49,69.0,0.22,21.0,30.43,10.0,14.49,0.757,0.204,33.08,15.49,14.08,29.58,26.06,22.58,128.0,0.231,43.0,33.59,18.0,14.06,0.733,0.158,29.12,13.69,13.69,27.39,27.0,23.76
746696,2024-06-24,2024,665833,L,518585,R,home_run,False,False,210.0,0.286,65.0,30.95,17.0,8.1,0.843,0.21400000000000002,33.42,15.36,18.59,33.95,33.48,23.47,33.0,0.185,7.0,21.21,5.0,15.15,0.636,0.148,27.69,13.14,15.33,28.47,34.25,17.95,69.0,0.22,21.0,30.43,10.0,14.49,0.757,0.204,33.08,15.49,14.08,29.58,26.06,22.58,128.0,0.231,43.0,33.59,18.0,14.06,0.733,0.158,29.12,13.69,13.69,27.39,27.0,23.76
746696,2024-06-24,2024,642133,L,518585,R,strikeout,True,False,171.0,0.242,32.0,18.71,12.0,7.02,0.629,0.08900000000000002,20.14,8.31,21.2,29.51,23.15,18.18,300.0,0.223,73.0,24.33,29.0,9.67,0.69,0.173,22.22,8.47,23.11,31.59,24.77,19.95,69.0,0.22,21.0,30.43,10.0,14.49,0.757,0.204,33.08,15.49,14.08,29.58,26.06,22.58,128.0,0.231,43.0,33.59,18.0,14.06,0.733,0.158,29.12,13.69,13.69,27.39,27.0,23.76
746696,2024-06-24,2024,663886,R,641726,R,field_out,False,False,150.0,0.242,33.0,22.0,13.0,8.67,0.698,0.129,22.63,10.05,18.1,28.15,24.91,20.65,378.0,0.228,105.0,27.78,34.0,8.99,0.657,0.1239999999999999,29.78,12.81,19.96,32.77,26.19,24.59,22.0,0.455,2.0,9.09,0.0,0.0,1.364,0.454,12.0,6.67,13.33,20.0,33.33,6.45,,,,,,,,,,,,,,
746696,2024-06-24,2024,656413,R,641726,R,strikeout,True,False,54.0,0.104,12.0,22.22,3.0,5.56,0.377,0.084,36.96,18.68,13.19,31.87,28.26,24.49,144.0,0.23,35.0,24.31,12.0,8.33,0.716,0.1829999999999999,31.79,17.15,10.79,27.94,25.91,21.74,22.0,0.455,2.0,9.09,0.0,0.0,1.364,0.454,12.0,6.67,13.33,20.0,33.33,6.45,,,,,,,,,,,,,,
746696,2024-06-24,2024,669289,R,641726,R,field_out,False,False,92.0,0.186,16.0,17.39,4.0,4.35,0.499,0.09300000000000003,11.83,5.62,16.57,22.19,25.0,16.67,138.0,0.244,22.0,15.94,10.0,7.25,0.633,0.073,17.87,7.68,20.84,28.52,25.34,15.6,22.0,0.455,2.0,9.09,0.0,0.0,1.364,0.454,12.0,6.67,13.33,20.0,33.33,6.45,,,,,,,,,,,,,,
746696,2024-06-24,2024,693304,R,608371,R,field_out,False,False,109.0,0.26,26.0,23.85,5.0,4.59,0.6859999999999999,0.13,27.76,15.74,10.42,26.16,34.26,17.33,86.0,0.234,21.0,24.42,3.0,3.49,0.638,0.1299999999999999,30.36,15.84,12.11,27.95,27.85,22.11,67.0,0.214,22.0,32.84,10.0,14.93,0.792,0.25,31.54,14.29,16.03,30.31,25.17,24.44,145.0,0.126,47.0,32.41,24.0,16.55,0.5640000000000001,0.144,36.09,15.87,16.53,32.4,27.51,23.74
746696,2024-06-24,2024,663647,R,608371,R,strikeout,True,False,165.0,0.192,34.0,20.61,10.0,6.06,0.46699999999999997,0.026999999999999996,17.67,7.93,21.08,29.01,29.33,20.24,358.0,0.26,75.0,20.95,22.0,6.15,0.721,0.1559999999999999,21.48,9.63,20.09,29.72,30.19,22.32,67.0,0.214,22.0,32.84,10.0,14.93,0.792,0.25,31.54,14.29,16.03,30.31,25.17,24.44,145.0,0.126,47.0,32.41,24.0,16.55,0.5640000000000001,0.144,36.09,15.87,16.53,32.4,27.51,23.74
746696,2024-06-24,2024,658668,R,608371,R,walk,False,True,85.0,0.224,12.0,14.12,6.0,7.06,0.558,0.05200000000000002,23.6,12.77,13.98,26.75,35.22,10.91,261.0,0.256,43.0,16.48,14.0,5.36,0.728,0.1649999999999999,22.47,11.51,14.21,25.73,31.17,15.47,67.0,0.214,22.0,32.84,10.0,14.93,0.792,0.25,31.54,14.29,16.03,30.31,25.17,24.44,145.0,0.126,47.0,32.41,24.0,16.55,0.5640000000000001,0.144,36.09,15.87,16.53,32.4,27.51,23.74
746696,2024-06-24,2024,669261,L,608371,R,field_out,False,False,172.0,0.153,45.0,26.16,21.0,12.21,0.5429999999999999,0.13399999999999998,25.78,11.87,15.31,27.18,21.21,20.64,404.0,0.232,117.0,28.96,61.0,15.1,0.857,0.271,29.06,11.36,18.81,30.17,17.6,22.37,40.0,0.212,6.0,15.0,5.0,12.5,0.749,0.212,18.31,9.03,15.97,25.0,33.8,18.75,114.0,0.209,25.0,21.93,15.0,13.16,0.6950000000000001,0.132,29.49,14.0,12.47,26.48,28.16,19.23
746696,2024-06-24,2024,682119,R,676596,L,field_out,False,False,,,,,,,,,,,,,,,,,,,,,,,,,,,,,62.0,0.232,6.0,9.68,5.0,8.06,0.563,0.036000000000000004,15.45,7.14,14.29,21.43,32.39,10.17,172.0,0.309,12.0,6.98,17.0,9.88,0.865,0.184,13.21,5.98,15.56,21.54,27.22,9.52
746696,2024-06-24,2024,571912,R,676596,L,field_out,False,False,32.0,0.25,9.0,28.12,4.0,12.5,0.808,0.21400000000000002,22.22,9.38,17.19,26.56,29.58,24.32,58.0,0.259,14.0,24.14,4.0,6.9,0.754,0.185,28.43,12.61,18.26,30.87,29.46,22.58,62.0,0.232,6.0,9.68,5.0,8.06,0.563,0.036000000000000004,15.45,7.14,14.29,21.43,32.39,10.17,172.0,0.309,12.0,6.98,17.0,9.88,0.865,0.184,13.21,5.98,15.56,21.54,27.22,9.52
746696,2024-06-24,2024,663697,R,676596,L,walk,False,True,90.0,0.293,15.0,16.67,12.0,13.33,0.8,0.10700000000000004,16.15,5.59,24.47,30.05,15.56,14.71,134.0,0.207,36.0,26.87,15.0,11.19,0.642,0.129,23.87,9.31,22.67,31.99,19.93,19.66,62.0,0.232,6.0,9.68,5.0,8.06,0.563,0.036000000000000004,15.45,7.14,14.29,21.43,32.39,10.17,172.0,0.309,12.0,6.98,17.0,9.88,0.865,0.184,13.21,5.98,15.56,21.54,27.22,9.52
746696,2024-06-24,2024,682829,R,676596,L,field_out,False,False,116.0,0.229,33.0,28.45,14.0,12.07,0.716,0.13599999999999998,33.49,14.23,15.45,29.67,25.19,24.26,122.0,0.184,49.0,40.16,5.0,4.1,0.494,0.079,37.56,17.7,19.4,37.1,38.0,33.33,62.0,0.232,6.0,9.68,5.0,8.06,0.563,0.036000000000000004,15.45,7.14,14.29,21.43,32.39,10.17,172.0,0.309,12.0,6.98,17.0,9.88,0.865,0.184,13.21,5.98,15.56,21.54,27.22,9.52
746696,2024-06-24,2024,518735,R,458677,L,strikeout,True,False,35.0,0.242,7.0,20.0,1.0,2.86,0.538,0.031000000000000028,25.0,11.76,24.37,36.13,35.56,23.33,97.0,0.233,25.0,25.77,9.0,9.28,0.6839999999999999,0.1389999999999999,33.14,14.22,16.91,31.13,28.82,20.66,31.0,0.31,7.0,22.58,1.0,3.23,0.8029999999999999,0.138,21.52,13.6,9.6,23.2,43.4,16.28,,,,,,,,,,,,,,
746696,2024-06-24,2024,457705,R,458677,L,field_out,False,False,84.0,0.211,22.0,26.19,10.0,11.9,0.6990000000000001,0.155,27.97,11.73,19.35,31.09,16.46,20.56,162.0,0.261,28.0,17.28,26.0,16.05,0.7929999999999999,0.1489999999999999,24.63,9.96,18.87,28.83,20.77,14.21,31.0,0.31,7.0,22.58,1.0,3.23,0.8029999999999999,0.138,21.52,13.6,9.6,23.2,43.4,16.28,,,,,,,,,,,,,,
746696,2024-06-24,2024,668804,R,458677,L,single,False,False,105.0,0.276,22.0,20.95,6.0,5.71,0.763,0.173,31.16,15.5,15.75,31.25,32.71,18.64,202.0,0.285,44.0,21.78,8.0,3.96,0.727,0.13,26.99,13.48,13.48,26.96,28.29,18.57,31.0,0.31,7.0,22.58,1.0,3.23,0.8029999999999999,0.138,21.52,13.6,9.6,23.2,43.4,16.28,,,,,,,,,,,,,,
746696,2024-06-24,2024,665833,L,458677,L,single,False,False,69.0,0.106,26.0,37.68,3.0,4.35,0.34199999999999997,0.09100000000000001,31.71,15.42,21.34,36.76,35.54,36.11,7.0,0.6,1.0,14.29,2.0,28.57,1.314,0.0,50.0,14.81,18.52,33.33,12.5,14.29,39.0,0.314,12.0,30.77,2.0,5.13,0.902,0.22900000000000004,31.17,15.0,17.5,32.5,30.49,24.49,,,,,,,,,,,,,,
746696,2024-06-24,2024,656582,R,458677,L,walk,False,True,98.0,0.276,17.0,17.35,8.0,8.16,0.818,0.19499999999999995,21.64,9.25,17.5,26.75,21.21,14.17,193.0,0.265,40.0,20.73,23.0,11.92,0.8200000000000001,0.187,25.72,9.93,21.34,31.27,18.27,17.32,31.0,0.31,7.0,22.58,1.0,3.23,0.8029999999999999,0.138,21.52,13.6,9.6,23.2,43.4,16.28,,,,,,,,,,,,,,
746696,2024-06-24,2024,693304,R,458677,L,strikeout,True,False,43.0,0.325,11.0,25.58,1.0,2.33,0.949,0.27499999999999997,33.33,21.14,10.57,31.71,51.72,36.67,43.0,0.158,15.0,34.88,3.0,6.98,0.5720000000000001,0.158,36.17,19.21,12.99,32.2,28.74,23.81,31.0,0.31,7.0,22.58,1.0,3.23,0.8029999999999999,0.138,21.52,13.6,9.6,23.2,43.4,16.28,,,,,,,,,,,,,,
745160,2024-06-24,2024,672284,L,458681,R,strikeout,True,False,174.0,0.275,51.0,29.31,12.0,6.9,0.79,0.187,34.84,17.7,14.82,32.52,31.41,22.57,324.0,0.251,105.0,32.41,34.0,10.49,0.738,0.1569999999999999,35.42,16.4,14.8,31.2,29.2,26.99,187.0,0.279,37.0,19.79,19.0,10.16,0.808,0.176,23.6,10.67,14.19,24.86,21.99,20.11,401.0,0.29,80.0,19.95,39.0,9.73,0.909,0.259,26.41,12.9,13.22,26.12,27.13,16.13
745160,2024-06-24,2024,645277,L,458681,R,field_out,False,False,214.0,0.226,39.0,18.22,18.0,8.41,0.6619999999999999,0.13199999999999998,21.77,12.09,9.35,21.44,32.61,12.46,528.0,0.25,89.0,16.86,42.0,7.95,0.8029999999999999,0.235,20.84,11.11,9.82,20.92,33.45,13.94,187.0,0.279,37.0,19.79,19.0,10.16,0.808,0.176,23.6,10.67,14.19,24.86,21.99,20.11,401.0,0.29,80.0,19.95,39.0,9.73,0.909,0.259,26.41,12.9,13.22,26.12,27.13,16.13
745160,2024-06-24,2024,542303,R,458681,R,field_out,False,False,223.0,0.302,48.0,21.52,21.0,9.42,1.001,0.331,31.22,15.13,12.86,27.99,27.16,19.05,453.0,0.272,109.0,24.06,44.0,9.71,0.882,0.263,27.95,13.42,14.78,28.21,29.59,18.63,149.0,0.231,36.0,24.16,11.0,7.38,0.64,0.11200000000000002,26.42,13.44,13.12,26.56,31.96,17.06,407.0,0.23,111.0,27.27,28.0,6.88,0.719,0.1919999999999999,30.85,15.73,13.93,29.66,29.38,20.64
745160,2024-06-24,2024,691026,R,680885,R,strikeout,True,False,174.0,0.321,30.0,17.24,12.0,6.9,0.77,0.08899999999999997,16.37,7.67,18.55,26.22,30.5,13.39,100.0,0.161,19.0,19.0,9.0,9.0,0.478,0.0799999999999999,21.56,9.11,22.03,31.14,24.87,14.88,37.0,0.219,9.0,24.32,3.0,8.11,0.6679999999999999,0.12499999999999997,30.49,17.01,14.29,31.29,38.57,16.07,,,,,,,,,,,,,,
745160,2024-06-24,2024,676475,L,680885,R,single,False,False,181.0,0.316,27.0,14.92,8.0,4.42,0.869,0.199,19.67,11.13,11.76,22.88,33.96,15.61,318.0,0.243,39.0,12.26,21.0,6.6,0.698,0.156,17.66,9.16,14.01,23.17,33.05,13.13,56.0,0.24,10.0,17.86,4.0,7.14,0.804,0.26,24.78,13.46,15.87,29.33,40.62,13.7,,,,,,,,,,,,,,
745160,2024-06-24,2024,575929,R,680885,R,strikeout,True,False,99.0,0.265,29.0,29.29,13.0,13.13,0.89,0.241,35.68,18.93,12.53,31.47,32.63,22.05,373.0,0.253,81.0,21.72,38.0,10.19,0.7989999999999999,0.191,29.54,13.96,15.04,29.0,30.33,18.49,37.0,0.219,9.0,24.32,3.0,8.11,0.6679999999999999,0.12499999999999997,30.49,17.01,14.29,31.29,38.57,16.07,,,,,,,,,,,,,,
745160,2024-06-24,2024,669357,L,680885,R,field_out,False,False,196.0,0.202,71.0,36.22,19.0,9.69,0.727,0.243,39.85,19.62,14.68,34.3,29.63,27.95,378.0,0.231,124.0,32.8,42.0,11.11,0.7969999999999999,0.2459999999999999,35.96,17.73,12.12,29.85,28.13,25.15,56.0,0.24,10.0,17.86,4.0,7.14,0.804,0.26,24.78,13.46,15.87,29.33,40.62,13.7,,,,,,,,,,,,,,
745160,2024-06-24,2024,621566,L,458681,R,strikeout,True,False,212.0,0.231,56.0,26.42,23.0,10.85,0.7190000000000001,0.167,28.27,13.87,11.66,25.53,28.29,17.3,540.0,0.294,115.0,21.3,90.0,16.67,1.061,0.351,27.51,12.57,12.32,24.89,25.66,14.92,187.0,0.279,37.0,19.79,19.0,10.16,0.808,0.176,23.6,10.67,14.19,24.86,21.99,20.11,401.0,0.29,80.0,19.95,39.0,9.73,0.909,0.259,26.41,12.9,13.22,26.12,27.13,16.13
745160,2024-06-24,2024,663586,R,458681,R,field_out,False,False,185.0,0.262,45.0,24.32,14.0,7.57,0.749,0.16099999999999998,30.03,15.36,12.62,27.98,28.45,18.18,566.0,0.28,137.0,24.2,42.0,7.42,0.841,0.2199999999999999,27.71,13.25,15.53,28.77,27.7,18.53,149.0,0.231,36.0,24.16,11.0,7.38,0.64,0.11200000000000002,26.42,13.44,13.12,26.56,31.96,17.06,407.0,0.23,111.0,27.27,28.0,6.88,0.719,0.1919999999999999,30.85,15.73,13.93,29.66,29.38,20.64
745160,2024-06-24,2024,669221,R,458681,R,field_out,False,False,45.0,0.238,12.0,26.67,2.0,4.44,0.694,0.16700000000000004,32.1,15.29,19.41,34.71,32.14,24.0,337.0,0.245,77.0,22.85,37.0,10.98,0.832,0.2309999999999999,26.79,12.43,15.15,27.58,22.74,18.97,149.0,0.231,36.0,24.16,11.0,7.38,0.64,0.11200000000000002,26.42,13.44,13.12,26.56,31.96,17.06,407.0,0.23,111.0,27.27,28.0,6.88,0.719,0.1919999999999999,30.85,15.73,13.93,29.66,29.38,20.64
745160,2024-06-24,2024,680977,L,680885,R,single,False,False,217.0,0.258,35.0,16.13,16.0,7.37,0.77,0.18,16.38,6.76,20.4,27.16,22.95,14.64,309.0,0.294,43.0,13.92,27.0,8.74,0.831,0.166,14.96,6.32,19.2,25.52,22.53,13.27,56.0,0.24,10.0,17.86,4.0,7.14,0.804,0.26,24.78,13.46,15.87,29.33,40.62,13.7,,,,,,,,,,,,,,
745160,2024-06-24,2024,666185,L,680885,R,grounded_into_double_play,False,False,45.0,0.205,14.0,31.11,4.0,8.89,0.52,0.026000000000000023,35.79,17.35,15.31,32.65,25.53,20.59,170.0,0.196,37.0,21.76,14.0,8.24,0.592,0.1079999999999999,22.71,10.14,18.91,29.05,25.44,21.14,56.0,0.24,10.0,17.86,4.0,7.14,0.804,0.26,24.78,13.46,15.87,29.33,40.62,13.7,,,,,,,,,,,,,,
745160,2024-06-24,2024,572761,L,680885,R,strikeout,True,False,75.0,0.224,20.0,26.67,7.0,9.33,0.64,0.11900000000000002,29.32,12.91,17.22,30.13,21.53,24.1,220.0,0.167,64.0,29.09,38.0,17.27,0.616,0.1319999999999999,29.37,12.01,18.83,30.84,21.25,22.78,56.0,0.24,10.0,17.86,4.0,7.14,0.804,0.26,24.78,13.46,15.87,29.33,40.62,13.7,,,,,,,,,,,,,,
745160,2024-06-24,2024,657656,R,458681,R,field_out,False,False,61.0,0.12,23.0,37.7,7.0,11.48,0.43900000000000006,0.04000000000000001,35.0,14.4,18.93,33.33,22.4,32.39,267.0,0.2,78.0,29.21,23.0,8.61,0.612,0.123,29.9,13.97,16.61,30.58,29.73,21.08,149.0,0.231,36.0,24.16,11.0,7.38,0.64,0.11200000000000002,26.42,13.44,13.12,26.56,31.96,17.06,407.0,0.23,111.0,27.27,28.0,6.88,0.719,0.1919999999999999,30.85,15.73,13.93,29.66,29.38,20.64
745160,2024-06-24,2024,657088,L,458681,R,single,False,False,8.0,0.25,3.0,37.5,0.0,0.0,0.5,0.0,40.0,23.08,23.08,46.15,58.33,42.86,11.0,0.333,4.0,36.36,2.0,18.18,1.011,0.223,13.04,5.45,21.82,27.27,25.93,16.67,187.0,0.279,37.0,19.79,19.0,10.16,0.808,0.176,23.6,10.67,14.19,24.86,21.99,20.11,401.0,0.29,80.0,19.95,39.0,9.73,0.909,0.259,26.41,12.9,13.22,26.12,27.13,16.13
745160,2024-06-24,2024,606115,R,458681,R,strikeout,True,False,211.0,0.228,38.0,18.01,8.0,3.79,0.643,0.153,23.75,11.95,14.97,26.92,26.44,17.92,421.0,0.255,78.0,18.53,23.0,5.46,0.6739999999999999,0.12,23.54,11.23,17.09,28.32,27.84,15.98,149.0,0.231,36.0,24.16,11.0,7.38,0.64,0.11200000000000002,26.42,13.44,13.12,26.56,31.96,17.06,407.0,0.23,111.0,27.27,28.0,6.88,0.719,0.1919999999999999,30.85,15.73,13.93,29.66,29.38,20.64
745160,2024-06-24,2024,672284,L,458681,R,strikeout,True,False,174.0,0.275,51.0,29.31,12.0,6.9,0.79,0.187,34.84,17.7,14.82,32.52,31.41,22.57,324.0,0.251,105.0,32.41,34.0,10.49,0.738,0.1569999999999999,35.42,16.4,14.8,31.2,29.2,26.99,187.0,0.279,37.0,19.79,19.0,10.16,0.808,0.176,23.6,10.67,14.19,24.86,21.99,20.11,401.0,0.29,80.0,19.95,39.0,9.73,0.909,0.259,26.41,12.9,13.22,26.12,27.13,16.13
745160,2024-06-24,2024,543063,L,680885,R,strikeout,True,False,46.0,0.205,13.0,28.26,7.0,15.22,0.659,0.12800000000000003,33.7,16.58,13.37,29.95,25.77,21.31,251.0,0.188,58.0,23.11,24.0,9.56,0.583,0.119,28.57,14.75,12.56,27.31,30.55,19.8,56.0,0.24,10.0,17.86,4.0,7.14,0.804,0.26,24.78,13.46,15.87,29.33,40.62,13.7,,,,,,,,,,,,,,
745160,2024-06-24,2024,672279,L,680885,R,single,False,False,109.0,0.253,28.0,25.69,5.0,4.59,0.619,0.08000000000000002,28.79,14.25,18.5,32.75,29.38,24.35,3.0,0.0,1.0,33.33,0.0,0.0,0.0,0.0,40.0,14.29,21.43,35.71,0.0,50.0,56.0,0.24,10.0,17.86,4.0,7.14,0.804,0.26,24.78,13.46,15.87,29.33,40.62,13.7,,,,,,,,,,,,,,
745160,2024-06-24,2024,691026,R,680885,R,field_out,False,False,174.0,0.321,30.0,17.24,12.0,6.9,0.77,0.08899999999999997,16.37,7.67,18.55,26.22,30.5,13.39,100.0,0.161,19.0,19.0,9.0,9.0,0.478,0.0799999999999999,21.56,9.11,22.03,31.14,24.87,14.88,37.0,0.219,9.0,24.32,3.0,8.11,0.6679999999999999,0.12499999999999997,30.49,17.01,14.29,31.29,38.57,16.07,,,,,,,,,,,,,,
745160,2024-06-24,2024,676475,L,680885,R,double,False,False,181.0,0.316,27.0,14.92,8.0,4.42,0.869,0.199,19.67,11.13,11.76,22.88,33.96,15.61,318.0,0.243,39.0,12.26,21.0,6.6,0.698,0.156,17.66,9.16,14.01,23.17,33.05,13.13,56.0,0.24,10.0,17.86,4.0,7.14,0.804,0.26,24.78,13.46,15.87,29.33,40.62,13.7,,,,,,,,,,,,,,
745160,2024-06-24,2024,575929,R,680885,R,single,False,False,99.0,0.265,29.0,29.29,13.0,13.13,0.89,0.241,35.68,18.93,12.53,31.47,32.63,22.05,373.0,0.253,81.0,21.72,38.0,10.19,0.7989999999999999,0.191,29.54,13.96,15.04,29.0,30.33,18.49,37.0,0.219,9.0,24.32,3.0,8.11,0.6679999999999999,0.12499999999999997,30.49,17.01,14.29,31.29,38.57,16.07,,,,,,,,,,,,,,
745160,2024-06-24,2024,669357,L,680885,R,single,False,False,196.0,0.202,71.0,36.22,19.0,9.69,0.727,0.243,39.85,19.62,14.68,34.3,29.63,27.95,378.0,0.231,124.0,32.8,42.0,11.11,0.7969999999999999,0.2459999999999999,35.96,17.73,12.12,29.85,28.13,25.15,56.0,0.24,10.0,17.86,4.0,7.14,0.804,0.26,24.78,13.46,15.87,29.33,40.62,13.7,,,,,,,,,,,,,,
745160,2024-06-24,2024,680977,L,680885,R,single,False,False,217.0,0.258,35.0,16.13,16.0,7.37,0.77,0.18,16.38,6.76,20.4,27.16,22.95,14.64,309.0,0.294,43.0,13.92,27.0,8.74,0.831,0.166,14.96,6.32,19.2,25.52,22.53,13.27,56.0,0.24,10.0,17.86,4.0,7.14,0.804,0.26,24.78,13.46,15.87,29.33,40.62,13.7,,,,,,,,,,,,,,
745160,2024-06-24,2024,666185,L,680885,R,caught_stealing_2b,False,False,45.0,0.205,14.0,31.11,4.0,8.89,0.52,0.026000000000000023,35.79,17.35,15.31,32.65,25.53,20.59,170.0,0.196,37.0,21.76,14.0,8.24,0.592,0.1079999999999999,22.71,10.14,18.91,29.05,25.44,21.14,56.0,0.24,10.0,17.86,4.0,7.14,0.804,0.26,24.78,13.46,15.87,29.33,40.62,13.7,,,,,,,,,,,,,,
745160,2024-06-24,2024,645277,L,458681,R,field_out,False,False,214.0,0.226,39.0,18.22,18.0,8.41,0.6619999999999999,0.13199999999999998,21.77,12.09,9.35,21.44,32.61,12.46,528.0,0.25,89.0,16.86,42.0,7.95,0.8029999999999999,0.235,20.84,11.11,9.82,20.92,33.45,13.94,187.0,0.279,37.0,19.79,19.0,10.16,0.808,0.176,23.6,10.67,14.19,24.86,21.99,20.11,401.0,0.29,80.0,19.95,39.0,9.73,0.909,0.259,26.41,12.9,13.22,26.12,27.13,16.13
745160,2024-06-24,2024,542303,R,458681,R,single,False,False,223.0,0.302,48.0,21.52,21.0,9.42,1.001,0.331,31.22,15.13,12.86,27.99,27.16,19.05,453.0,0.272,109.0,24.06,44.0,9.71,0.882,0.263,27.95,13.42,14.78,28.21,29.59,18.63,149.0,0.231,36.0,24.16,11.0,7.38,0.64,0.11200000000000002,26.42,13.44,13.12,26.56,31.96,17.06,407.0,0.23,111.0,27.27,28.0,6.88,0.719,0.1919999999999999,30.85,15.73,13.93,29.66,29.38,20.64
745160,2024-06-24,2024,621566,L,458681,R,grounded_into_double_play,False,False,212.0,0.231,56.0,26.42,23.0,10.85,0.7190000000000001,0.167,28.27,13.87,11.66,25.53,28.29,17.3,540.0,0.294,115.0,21.3,90.0,16.67,1.061,0.351,27.51,12.57,12.32,24.89,25.66,14.92,187.0,0.279,37.0,19.79,19.0,10.16,0.808,0.176,23.6,10.67,14.19,24.86,21.99,20.11,401.0,0.29,80.0,19.95,39.0,9.73,0.909,0.259,26.41,12.9,13.22,26.12,27.13,16.13
745160,2024-06-24,2024,666185,L,680885,R,field_out,False,False,45.0,0.205,14.0,31.11,4.0,8.89,0.52,0.026000000000000023,35.79,17.35,15.31,32.65,25.53,20.59,170.0,0.196,37.0,21.76,14.0,8.24,0.592,0.1079999999999999,22.71,10.14,18.91,29.05,25.44,21.14,56.0,0.24,10.0,17.86,4.0,7.14,0.804,0.26,24.78,13.46,15.87,29.33,40.62,13.7,,,,,,,,,,,,,,
745160,2024-06-24,2024,572761,L,680885,R,strikeout,True,False,75.0,0.224,20.0,26.67,7.0,9.33,0.64,0.11900000000000002,29.32,12.91,17.22,30.13,21.53,24.1,220.0,0.167,64.0,29.09,38.0,17.27,0.616,0.1319999999999999,29.37,12.01,18.83,30.84,21.25,22.78,56.0,0.24,10.0,17.86,4.0,7.14,0.804,0.26,24.78,13.46,15.87,29.33,40.62,13.7,,,,,,,,,,,,,,
745160,2024-06-24,2024,543063,L,680885,R,field_out,False,False,46.0,0.205,13.0,28.26,7.0,15.22,0.659,0.12800000000000003,33.7,16.58,13.37,29.95,25.77,21.31,251.0,0.188,58.0,23.11,24.0,9.56,0.583,0.119,28.57,14.75,12.56,27.31,30.55,19.8,56.0,0.24,10.0,17.86,4.0,7.14,0.804,0.26,24.78,13.46,15.87,29.33,40.62,13.7,,,,,,,,,,,,,,
745160,2024-06-24,2024,663586,R,458681,R,home_run,False,False,185.0,0.262,45.0,24.32,14.0,7.57,0.749,0.16099999999999998,30.03,15.36,12.62,27.98,28.45,18.18,566.0,0.28,137.0,24.2,42.0,7.42,0.841,0.2199999999999999,27.71,13.25,15.53,28.77,27.7,18.53,149.0,0.231,36.0,24.16,11.0,7.38,0.64,0.11200000000000002,26.42,13.44,13.12,26.56,31.96,17.06,407.0,0.23,111.0,27.27,28.0,6.88,0.719,0.1919999999999999,30.85,15.73,13.93,29.66,29.38,20.64
745160,2024-06-24,2024,669221,R,458681,R,field_out,False,False,45.0,0.238,12.0,26.67,2.0,4.44,0.694,0.16700000000000004,32.1,15.29,19.41,34.71,32.14,24.0,337.0,0.245,77.0,22.85,37.0,10.98,0.832,0.2309999999999999,26.79,12.43,15.15,27.58,22.74,18.97,149.0,0.231,36.0,24.16,11.0,7.38,0.64,0.11200000000000002,26.42,13.44,13.12,26.56,31.96,17.06,407.0,0.23,111.0,27.27,28.0,6.88,0.719,0.1919999999999999,30.85,15.73,13.93,29.66,29.38,20.64
745160,2024-06-24,2024,657656,R,458681,R,strikeout,True,False,61.0,0.12,23.0,37.7,7.0,11.48,0.43900000000000006,0.04000000000000001,35.0,14.4,18.93,33.33,22.4,32.39,267.0,0.2,78.0,29.21,23.0,8.61,0.612,0.123,29.9,13.97,16.61,30.58,29.73,21.08,149.0,0.231,36.0,24.16,11.0,7.38,0.64,0.11200000000000002,26.42,13.44,13.12,26.56,31.96,17.06,407.0,0.23,111.0,27.27,28.0,6.88,0.719,0.1919999999999999,30.85,15.73,13.93,29.66,29.38,20.64
745160,2024-06-24,2024,657088,L,458681,R,field_out,False,False,8.0,0.25,3.0,37.5,0.0,0.0,0.5,0.0,40.0,23.08,23.08,46.15,58.33,42.86,11.0,0.333,4.0,36.36,2.0,18.18,1.011,0.223,13.04,5.45,21.82,27.27,25.93,16.67,187.0,0.279,37.0,19.79,19.0,10.16,0.808,0.176,23.6,10.67,14.19,24.86,21.99,20.11,401.0,0.29,80.0,19.95,39.0,9.73,0.909,0.259,26.41,12.9,13.22,26.12,27.13,16.13
745160,2024-06-24,2024,672279,L,680885,R,strikeout,True,False,109.0,0.253,28.0,25.69,5.0,4.59,0.619,0.08000000000000002,28.79,14.25,18.5,32.75,29.38,24.35,3.0,0.0,1.0,33.33,0.0,0.0,0.0,0.0,40.0,14.29,21.43,35.71,0.0,50.0,56.0,0.24,10.0,17.86,4.0,7.14,0.804,0.26,24.78,13.46,15.87,29.33,40.62,13.7,,,,,,,,,,,,,,
745160,2024-06-24,2024,691026,R,680885,R,single,False,False,174.0,0.321,30.0,17.24,12.0,6.9,0.77,0.08899999999999997,16.37,7.67,18.55,26.22,30.5,13.39,100.0,0.161,19.0,19.0,9.0,9.0,0.478,0.0799999999999999,21.56,9.11,22.03,31.14,24.87,14.88,37.0,0.219,9.0,24.32,3.0,8.11,0.6679999999999999,0.12499999999999997,30.49,17.01,14.29,31.29,38.57,16.07,,,,,,,,,,,,,,
745160,2024-06-24,2024,676475,L,680885,R,sac_bunt,False,False,181.0,0.316,27.0,14.92,8.0,4.42,0.869,0.199,19.67,11.13,11.76,22.88,33.96,15.61,318.0,0.243,39.0,12.26,21.0,6.6,0.698,0.156,17.66,9.16,14.01,23.17,33.05,13.13,56.0,0.24,10.0,17.86,4.0,7.14,0.804,0.26,24.78,13.46,15.87,29.33,40.62,13.7,,,,,,,,,,,,,,
745160,2024-06-24,2024,575929,R,680885,R,field_out,False,False,99.0,0.265,29.0,29.29,13.0,13.13,0.89,0.241,35.68,18.93,12.53,31.47,32.63,22.05,373.0,0.253,81.0,21.72,38.0,10.19,0.7989999999999999,0.191,29.54,13.96,15.04,29.0,30.33,18.49,37.0,0.219,9.0,24.32,3.0,8.11,0.6679999999999999,0.12499999999999997,30.49,17.01,14.29,31.29,38.57,16.07,,,,,,,,,,,,,,
745160,2024-06-24,2024,606115,R,458681,R,field_out,False,False,211.0,0.228,38.0,18.01,8.0,3.79,0.643,0.153,23.75,11.95,14.97,26.92,26.44,17.92,421.0,0.255,78.0,18.53,23.0,5.46,0.6739999999999999,0.12,23.54,11.23,17.09,28.32,27.84,15.98,149.0,0.231,36.0,24.16,11.0,7.38,0.64,0.11200000000000002,26.42,13.44,13.12,26.56,31.96,17.06,407.0,0.23,111.0,27.27,28.0,6.88,0.719,0.1919999999999999,30.85,15.73,13.93,29.66,29.38,20.64
745160,2024-06-24,2024,672284,L,458681,R,field_out,False,False,174.0,0.275,51.0,29.31,12.0,6.9,0.79,0.187,34.84,17.7,14.82,32.52,31.41,22.57,324.0,0.251,105.0,32.41,34.0,10.49,0.738,0.1569999999999999,35.42,16.4,14.8,31.2,29.2,26.99,187.0,0.279,37.0,19.79,19.0,10.16,0.808,0.176,23.6,10.67,14.19,24.86,21.99,20.11,401.0,0.29,80.0,19.95,39.0,9.73,0.909,0.259,26.41,12.9,13.22,26.12,27.13,16.13
745160,2024-06-24,2024,645277,L,458681,R,field_out,False,False,214.0,0.226,39.0,18.22,18.0,8.41,0.6619999999999999,0.13199999999999998,21.77,12.09,9.35,21.44,32.61,12.46,528.0,0.25,89.0,16.86,42.0,7.95,0.8029999999999999,0.235,20.84,11.11,9.82,20.92,33.45,13.94,187.0,0.279,37.0,19.79,19.0,10.16,0.808,0.176,23.6,10.67,14.19,24.86,21.99,20.11,401.0,0.29,80.0,19.95,39.0,9.73,0.909,0.259,26.41,12.9,13.22,26.12,27.13,16.13
745160,2024-06-24,2024,669357,L,607481,L,strikeout,True,False,82.0,0.176,28.0,34.15,7.0,8.54,0.612,0.189,35.37,17.05,16.07,33.11,31.76,28.0,86.0,0.26,24.0,27.91,11.0,12.79,0.839,0.2189999999999999,33.77,15.79,17.34,33.13,24.68,27.59,42.0,0.324,12.0,28.57,5.0,11.9,0.837,0.10799999999999998,25.32,10.58,18.52,29.1,28.28,19.35,93.0,0.231,26.0,27.96,11.0,11.83,0.669,0.09,36.11,13.51,22.6,36.1,26.73,26.0
745160,2024-06-24,2024,680977,L,607481,L,field_out,False,False,94.0,0.271,9.0,9.57,4.0,4.26,0.6839999999999999,0.09399999999999997,13.99,5.75,20.4,26.15,21.12,11.39,63.0,0.236,10.0,15.87,6.0,9.52,0.569,0.0,14.29,6.33,19.83,26.16,24.58,15.87,42.0,0.324,12.0,28.57,5.0,11.9,0.837,0.10799999999999998,25.32,10.58,18.52,29.1,28.28,19.35,93.0,0.231,26.0,27.96,11.0,11.83,0.669,0.09,36.11,13.51,22.6,36.1,26.73,26.0
745160,2024-06-24,2024,666185,R,607481,L,field_out,False,False,53.0,0.191,10.0,18.87,4.0,7.55,0.498,0.04300000000000001,28.0,14.21,13.71,27.92,27.37,21.28,86.0,0.268,12.0,13.95,12.0,13.95,0.77,0.126,22.46,10.88,12.44,23.32,23.98,9.3,73.0,0.281,16.0,21.92,6.0,8.22,0.675,0.046999999999999986,20.0,7.64,24.65,32.29,25.33,19.05,175.0,0.238,52.0,29.71,25.0,14.29,0.715,0.123,30.95,12.48,21.54,34.02,28.15,23.21
745160,2024-06-24,2024,542303,R,458681,R,field_out,False,False,223.0,0.302,48.0,21.52,21.0,9.42,1.001,0.331,31.22,15.13,12.86,27.99,27.16,19.05,453.0,0.272,109.0,24.06,44.0,9.71,0.882,0.263,27.95,13.42,14.78,28.21,29.59,18.63,149.0,0.231,36.0,24.16,11.0,7.38,0.64,0.11200000000000002,26.42,13.44,13.12,26.56,31.96,17.06,407.0,0.23,111.0,27.27,28.0,6.88,0.719,0.1919999999999999,30.85,15.73,13.93,29.66,29.38,20.64
745160,2024-06-24,2024,621566,L,458681,R,field_out,False,False,212.0,0.231,56.0,26.42,23.0,10.85,0.7190000000000001,0.167,28.27,13.87,11.66,25.53,28.29,17.3,540.0,0.294,115.0,21.3,90.0,16.67,1.061,0.351,27.51,12.57,12.32,24.89,25.66,14.92,187.0,0.279,37.0,19.79,19.0,10.16,0.808,0.176,23.6,10.67,14.19,24.86,21.99,20.11,401.0,0.29,80.0,19.95,39.0,9.73,0.909,0.259,26.41,12.9,13.22,26.12,27.13,16.13
745160,2024-06-24,2024,663586,R,458681,R,single,False,False,185.0,0.262,45.0,24.32,14.0,7.57,0.749,0.16099999999999998,30.03,15.36,12.62,27.98,28.45,18.18,566.0,0.28,137.0,24.2,42.0,7.42,0.841,0.2199999999999999,27.71,13.25,15.53,28.77,27.7,18.53,149.0,0.231,36.0,24.16,11.0,7.38,0.64,0.11200000000000002,26.42,13.44,13.12,26.56,31.96,17.06,407.0,0.23,111.0,27.27,28.0,6.88,0.719,0.1919999999999999,30.85,15.73,13.93,29.66,29.38,20.64
745160,2024-06-24,2024,669221,R,681676,R,strikeout,True,False,45.0,0.238,12.0,26.67,2.0,4.44,0.694,0.16700000000000004,32.1,15.29,19.41,34.71,32.14,24.0,337.0,0.245,77.0,22.85,37.0,10.98,0.832,0.2309999999999999,26.79,12.43,15.15,27.58,22.74,18.97,82.0,0.253,22.0,26.83,6.0,7.32,0.589,0.027000000000000024,32.34,15.52,14.08,29.6,28.96,18.97,,,,,,,,,,,,,,
745160,2024-06-24,2024,572761,L,607481,L,single,False,False,13.0,0.273,4.0,30.77,1.0,7.69,0.658,0.0,29.17,11.48,21.31,32.79,20.0,18.18,18.0,0.286,3.0,16.67,3.0,16.67,0.96,0.285,15.62,5.56,23.33,28.89,20.0,8.82,42.0,0.324,12.0,28.57,5.0,11.9,0.837,0.10799999999999998,25.32,10.58,18.52,29.1,28.28,19.35,93.0,0.231,26.0,27.96,11.0,11.83,0.669,0.09,36.11,13.51,22.6,36.1,26.73,26.0
745160,2024-06-24,2024,543063,L,607481,L,field_out,False,False,8.0,0.143,3.0,37.5,0.0,0.0,0.536,0.143,50.0,25.0,21.88,46.88,28.57,27.27,70.0,0.215,23.0,32.86,4.0,5.71,0.599,0.123,33.33,17.78,11.85,29.63,34.29,27.71,42.0,0.324,12.0,28.57,5.0,11.9,0.837,0.10799999999999998,25.32,10.58,18.52,29.1,28.28,19.35,93.0,0.231,26.0,27.96,11.0,11.83,0.669,0.09,36.11,13.51,22.6,36.1,26.73,26.0
745160,2024-06-24,2024,672279,L,607481,L,single,False,False,59.0,0.12,15.0,25.42,3.0,5.08,0.365,0.06,24.78,12.84,20.18,33.03,33.33,18.52,3.0,0.0,0.0,0.0,1.0,33.33,0.333,0.0,33.33,6.67,20.0,26.67,10.0,0.0,42.0,0.324,12.0,28.57,5.0,11.9,0.837,0.10799999999999998,25.32,10.58,18.52,29.1,28.28,19.35,93.0,0.231,26.0,27.96,11.0,11.83,0.669,0.09,36.11,13.51,22.6,36.1,26.73,26.0
745160,2024-06-24,2024,691026,R,678226,R,field_out,False,False,174.0,0.321,30.0,17.24,12.0,6.9,0.77,0.08899999999999997,16.37,7.67,18.55,26.22,30.5,13.39,100.0,0.161,19.0,19.0,9.0,9.0,0.478,0.0799999999999999,21.56,9.11,22.03,31.14,24.87,14.88,16.0,0.214,3.0,18.75,2.0,12.5,0.598,0.07199999999999998,18.92,9.21,13.16,22.37,31.82,9.68,8.0,0.714,0.0,0.0,1.0,12.5,1.464,0.0,16.67,10.0,3.33,13.33,47.37,0.0
745160,2024-06-24,2024,676475,L,678226,R,strikeout,True,False,181.0,0.316,27.0,14.92,8.0,4.42,0.869,0.199,19.67,11.13,11.76,22.88,33.96,15.61,318.0,0.243,39.0,12.26,21.0,6.6,0.698,0.156,17.66,9.16,14.01,23.17,33.05,13.13,10.0,0.222,5.0,50.0,1.0,10.0,0.522,0.0,52.94,26.47,14.71,41.18,46.67,83.33,12.0,0.1,6.0,50.0,2.0,16.67,0.65,0.3,46.15,22.64,15.09,37.74,33.33,33.33
745160,2024-06-24,2024,657656,R,681676,R,strikeout,True,False,61.0,0.12,23.0,37.7,7.0,11.48,0.43900000000000006,0.04000000000000001,35.0,14.4,18.93,33.33,22.4,32.39,267.0,0.2,78.0,29.21,23.0,8.61,0.612,0.123,29.9,13.97,16.61,30.58,29.73,21.08,82.0,0.253,22.0,26.83,6.0,7.32,0.589,0.027000000000000024,32.34,15.52,14.08,29.6,28.96,18.97,,,,,,,,,,,,,,
745160,2024-06-24,2024,657088,L,681676,R,walk,False,True,8.0,0.25,3.0,37.5,0.0,0.0,0.5,0.0,40.0,23.08,23.08,46.15,58.33,42.86,11.0,0.333,4.0,36.36,2.0,18.18,1.011,0.223,13.04,5.45,21.82,27.27,25.93,16.67,57.0,0.213,12.0,21.05,6.0,10.53,0.704,0.17,26.67,11.91,14.89,26.81,25.0,18.75,,,,,,,,,,,,,,
745160,2024-06-24,2024,670097,R,681676,R,walk,False,True,42.0,0.143,10.0,23.81,6.0,14.29,0.486,0.05700000000000002,28.95,12.09,18.13,30.22,13.25,16.67,154.0,0.182,40.0,25.97,17.0,11.04,0.591,0.136,25.5,10.49,19.51,30.0,17.36,22.6,82.0,0.253,22.0,26.83,6.0,7.32,0.589,0.027000000000000024,32.34,15.52,14.08,29.6,28.96,18.97,,,,,,,,,,,,,,
745160,2024-06-24,2024,672284,L,681676,R,strikeout,True,False,174.0,0.275,51.0,29.31,12.0,6.9,0.79,0.187,34.84,17.7,14.82,32.52,31.41,22.57,324.0,0.251,105.0,32.41,34.0,10.49,0.738,0.1569999999999999,35.42,16.4,14.8,31.2,29.2,26.99,57.0,0.213,12.0,21.05,6.0,10.53,0.704,0.17,26.67,11.91,14.89,26.81,25.0,18.75,,,,,,,,,,,,,,
745160,2024-06-24,2024,645277,L,681676,R,field_out,False,False,214.0,0.226,39.0,18.22,18.0,8.41,0.6619999999999999,0.13199999999999998,21.77,12.09,9.35,21.44,32.61,12.46,528.0,0.25,89.0,16.86,42.0,7.95,0.8029999999999999,0.235,20.84,11.11,9.82,20.92,33.45,13.94,57.0,0.213,12.0,21.05,6.0,10.53,0.704,0.17,26.67,11.91,14.89,26.81,25.0,18.75,,,,,,,,,,,,,,
745160,2024-06-24,2024,575929,R,678226,R,strikeout,True,False,99.0,0.265,29.0,29.29,13.0,13.13,0.89,0.241,35.68,18.93,12.53,31.47,32.63,22.05,373.0,0.253,81.0,21.72,38.0,10.19,0.7989999999999999,0.191,29.54,13.96,15.04,29.0,30.33,18.49,16.0,0.214,3.0,18.75,2.0,12.5,0.598,0.07199999999999998,18.92,9.21,13.16,22.37,31.82,9.68,8.0,0.714,0.0,0.0,1.0,12.5,1.464,0.0,16.67,10.0,3.33,13.33,47.37,0.0
745160,2024-06-24,2024,669357,L,678226,R,field_out,False,False,196.0,0.202,71.0,36.22,19.0,9.69,0.727,0.243,39.85,19.62,14.68,34.3,29.63,27.95,378.0,0.231,124.0,32.8,42.0,11.11,0.7969999999999999,0.2459999999999999,35.96,17.73,12.12,29.85,28.13,25.15,10.0,0.222,5.0,50.0,1.0,10.0,0.522,0.0,52.94,26.47,14.71,41.18,46.67,83.33,12.0,0.1,6.0,50.0,2.0,16.67,0.65,0.3,46.15,22.64,15.09,37.74,33.33,33.33
745160,2024-06-24,2024,680977,L,678226,R,single,False,False,217.0,0.258,35.0,16.13,16.0,7.37,0.77,0.18,16.38,6.76,20.4,27.16,22.95,14.64,309.0,0.294,43.0,13.92,27.0,8.74,0.831,0.166,14.96,6.32,19.2,25.52,22.53,13.27,10.0,0.222,5.0,50.0,1.0,10.0,0.522,0.0,52.94,26.47,14.71,41.18,46.67,83.33,12.0,0.1,6.0,50.0,2.0,16.67,0.65,0.3,46.15,22.64,15.09,37.74,33.33,33.33
745160,2024-06-24,2024,666185,L,678226,R,field_out,False,False,45.0,0.205,14.0,31.11,4.0,8.89,0.52,0.026000000000000023,35.79,17.35,15.31,32.65,25.53,20.59,170.0,0.196,37.0,21.76,14.0,8.24,0.592,0.1079999999999999,22.71,10.14,18.91,29.05,25.44,21.14,10.0,0.222,5.0,50.0,1.0,10.0,0.522,0.0,52.94,26.47,14.71,41.18,46.67,83.33,12.0,0.1,6.0,50.0,2.0,16.67,0.65,0.3,46.15,22.64,15.09,37.74,33.33,33.33
745160,2024-06-24,2024,542303,R,664854,R,walk,False,True,223.0,0.302,48.0,21.52,21.0,9.42,1.001,0.331,31.22,15.13,12.86,27.99,27.16,19.05,453.0,0.272,109.0,24.06,44.0,9.71,0.882,0.263,27.95,13.42,14.78,28.21,29.59,18.63,73.0,0.224,21.0,28.77,5.0,6.85,0.558,0.05999999999999997,39.16,21.62,13.51,35.14,33.33,30.43,80.0,0.134,30.0,37.5,10.0,12.5,0.402,0.03,37.93,19.76,13.17,32.93,33.13,27.27
745160,2024-06-24,2024,621566,L,664854,R,single,False,False,212.0,0.231,56.0,26.42,23.0,10.85,0.7190000000000001,0.167,28.27,13.87,11.66,25.53,28.29,17.3,540.0,0.294,115.0,21.3,90.0,16.67,1.061,0.351,27.51,12.57,12.32,24.89,25.66,14.92,67.0,0.193,19.0,28.36,8.0,11.94,0.53,0.05299999999999999,32.17,15.95,16.81,32.76,26.8,26.39,66.0,0.224,22.0,33.33,7.0,10.61,0.6970000000000001,0.155,31.01,14.44,15.88,30.32,30.28,23.91
745160,2024-06-24,2024,663586,R,664854,R,strikeout,True,False,185.0,0.262,45.0,24.32,14.0,7.57,0.749,0.16099999999999998,30.03,15.36,12.62,27.98,28.45,18.18,566.0,0.28,137.0,24.2,42.0,7.42,0.841,0.2199999999999999,27.71,13.25,15.53,28.77,27.7,18.53,73.0,0.224,21.0,28.77,5.0,6.85,0.558,0.05999999999999997,39.16,21.62,13.51,35.14,33.33,30.43,80.0,0.134,30.0,37.5,10.0,12.5,0.402,0.03,37.93,19.76,13.17,32.93,33.13,27.27
745160,2024-06-24,2024,669221,R,664854,R,walk,False,True,45.0,0.238,12.0,26.67,2.0,4.44,0.694,0.16700000000000004,32.1,15.29,19.41,34.71,32.14,24.0,337.0,0.245,77.0,22.85,37.0,10.98,0.832,0.2309999999999999,26.79,12.43,15.15,27.58,22.74,18.97,73.0,0.224,21.0,28.77,5.0,6.85,0.558,0.05999999999999997,39.16,21.62,13.51,35.14,33.33,30.43,80.0,0.134,30.0,37.5,10.0,12.5,0.402,0.03,37.93,19.76,13.17,32.93,33.13,27.27
745160,2024-06-24,2024,657656,R,664854,R,single,False,False,61.0,0.12,23.0,37.7,7.0,11.48,0.43900000000000006,0.04000000000000001,35.0,14.4,18.93,33.33,22.4,32.39,267.0,0.2,78.0,29.21,23.0,8.61,0.612,0.123,29.9,13.97,16.61,30.58,29.73,21.08,73.0,0.224,21.0,28.77,5.0,6.85,0.558,0.05999999999999997,39.16,21.62,13.51,35.14,33.33,30.43,80.0,0.134,30.0,37.5,10.0,12.5,0.402,0.03,37.93,19.76,13.17,32.93,33.13,27.27
745160,2024-06-24,2024,518595,R,664854,R,sac_fly,False,False,128.0,0.219,29.0,22.66,10.0,7.81,0.692,0.17600000000000002,33.75,16.56,15.34,31.9,26.32,21.64,226.0,0.214,50.0,22.12,12.0,5.31,0.655,0.176,27.19,14.35,12.93,27.28,28.43,19.61,73.0,0.224,21.0,28.77,5.0,6.85,0.558,0.05999999999999997,39.16,21.62,13.51,35.14,33.33,30.43,80.0,0.134,30.0,37.5,10.0,12.5,0.402,0.03,37.93,19.76,13.17,32.93,33.13,27.27
745160,2024-06-24,2024,670097,R,664854,R,strikeout,True,False,42.0,0.143,10.0,23.81,6.0,14.29,0.486,0.05700000000000002,28.95,12.09,18.13,30.22,13.25,16.67,154.0,0.182,40.0,25.97,17.0,11.04,0.591,0.136,25.5,10.49,19.51,30.0,17.36,22.6,73.0,0.224,21.0,28.77,5.0,6.85,0.558,0.05999999999999997,39.16,21.62,13.51,35.14,33.33,30.43,80.0,0.134,30.0,37.5,10.0,12.5,0.402,0.03,37.93,19.76,13.17,32.93,33.13,27.27
746941,2024-06-24,2024,643396,R,656557,R,strikeout,True,False,185.0,0.28,25.0,13.51,10.0,5.41,0.741,0.13699999999999996,14.09,6.56,21.6,28.16,33.0,15.53,273.0,0.246,54.0,19.78,17.0,6.23,0.6479999999999999,0.1069999999999999,19.6,9.05,20.2,29.25,28.6,15.56,178.0,0.226,52.0,29.21,6.0,3.37,0.5680000000000001,0.07199999999999998,26.15,12.71,21.82,34.53,38.18,24.41,225.0,0.236,48.0,21.33,16.0,7.11,0.622,0.089,29.72,14.27,17.37,31.64,31.71,21.52
746941,2024-06-24,2024,687462,L,656557,R,field_out,False,False,47.0,0.378,5.0,10.64,9.0,19.15,1.095,0.21699999999999997,16.28,7.22,17.53,24.74,22.34,7.25,38.0,0.265,10.0,26.32,3.0,7.89,0.754,0.1469999999999999,27.14,13.01,17.12,30.14,25.35,21.74,211.0,0.198,42.0,19.91,11.0,5.21,0.495,0.045999999999999985,20.64,10.0,19.61,29.61,27.09,20.49,240.0,0.271,51.0,21.25,25.0,10.42,0.858,0.2309999999999999,28.05,13.03,14.96,27.99,27.35,19.69
746941,2024-06-24,2024,665489,R,656557,R,field_out,False,False,275.0,0.287,48.0,17.45,27.0,9.82,0.7769999999999999,0.13,24.28,11.64,15.4,27.04,26.35,14.33,558.0,0.26,85.0,15.23,48.0,8.6,0.792,0.2,23.83,12.29,11.94,24.23,30.21,15.37,178.0,0.226,52.0,29.21,6.0,3.37,0.5680000000000001,0.07199999999999998,26.15,12.71,21.82,34.53,38.18,24.41,225.0,0.236,48.0,21.33,16.0,7.11,0.622,0.089,29.72,14.27,17.37,31.64,31.71,21.52
746941,2024-06-24,2024,680776,L,605135,R,field_out,False,False,245.0,0.296,53.0,21.63,20.0,8.16,0.902,0.25100000000000006,23.92,11.44,14.64,26.08,26.91,18.73,314.0,0.296,75.0,23.89,21.0,6.69,0.84,0.195,24.68,12.92,13.75,26.67,30.3,19.02,182.0,0.29,32.0,17.58,23.0,12.64,0.8260000000000001,0.14900000000000002,17.25,7.4,17.95,25.34,21.39,14.81,403.0,0.265,97.0,24.07,36.0,8.93,0.841,0.239,22.76,10.56,17.85,28.41,24.8,20.13
746941,2024-06-24,2024,666152,L,605135,R,field_out,False,False,135.0,0.298,32.0,23.7,10.0,7.41,0.832,0.178,24.22,10.25,20.3,30.55,19.29,20.65,36.0,0.1,10.0,27.78,6.0,16.67,0.417,0.067,20.0,8.44,23.38,31.82,26.39,15.38,182.0,0.29,32.0,17.58,23.0,12.64,0.8260000000000001,0.14900000000000002,17.25,7.4,17.95,25.34,21.39,14.81,403.0,0.265,97.0,24.07,36.0,8.93,0.841,0.239,22.76,10.56,17.85,28.41,24.8,20.13
746941,2024-06-24,2024,677800,L,605135,R,field_out,False,False,166.0,0.291,40.0,24.1,16.0,9.64,0.892,0.24300000000000005,29.65,14.29,15.2,29.48,26.23,19.42,75.0,0.333,18.0,24.0,9.0,12.0,0.928,0.182,30.07,13.61,16.77,30.38,23.72,18.0,182.0,0.29,32.0,17.58,23.0,12.64,0.8260000000000001,0.14900000000000002,17.25,7.4,17.95,25.34,21.39,14.81,403.0,0.265,97.0,24.07,36.0,8.93,0.841,0.239,22.76,10.56,17.85,28.41,24.8,20.13
746941,2024-06-24,2024,457759,R,656557,R,strikeout,True,False,193.0,0.221,31.0,16.06,25.0,12.95,0.674,0.11600000000000002,18.8,8.59,16.84,25.43,26.52,10.44,462.0,0.273,78.0,16.88,33.0,7.14,0.765,0.1569999999999999,16.44,7.32,17.97,25.29,25.33,12.0,178.0,0.226,52.0,29.21,6.0,3.37,0.5680000000000001,0.07199999999999998,26.15,12.71,21.82,34.53,38.18,24.41,225.0,0.236,48.0,21.33,16.0,7.11,0.622,0.089,29.72,14.27,17.37,31.64,31.71,21.52
746941,2024-06-24,2024,543807,R,656557,R,field_out,False,False,223.0,0.212,38.0,17.04,23.0,10.31,0.609,0.101,23.41,12.14,13.27,25.41,23.35,16.67,539.0,0.262,101.0,18.74,43.0,7.98,0.738,0.1489999999999999,23.18,11.37,14.48,25.84,23.35,18.21,178.0,0.226,52.0,29.21,6.0,3.37,0.5680000000000001,0.07199999999999998,26.15,12.71,21.82,34.53,38.18,24.41,225.0,0.236,48.0,21.33,16.0,7.11,0.622,0.089,29.72,14.27,17.37,31.64,31.71,21.52
746941,2024-06-24,2024,680718,L,656557,R,field_out,False,False,35.0,0.235,8.0,22.86,1.0,2.86,0.522,0.030000000000000027,27.42,14.17,20.0,34.17,33.93,26.67,,,,,,,,,,,,,,,211.0,0.198,42.0,19.91,11.0,5.21,0.495,0.045999999999999985,20.64,10.0,19.61,29.61,27.09,20.49,240.0,0.271,51.0,21.25,25.0,10.42,0.858,0.2309999999999999,28.05,13.03,14.96,27.99,27.35,19.69
746941,2024-06-24,2024,646240,L,605135,R,field_out,False,False,188.0,0.289,34.0,18.09,26.0,13.83,0.98,0.308,25.0,11.85,12.78,24.63,29.59,15.74,469.0,0.27,89.0,18.98,51.0,10.87,0.863,0.235,25.44,13.04,9.74,22.78,33.05,15.06,182.0,0.29,32.0,17.58,23.0,12.64,0.8260000000000001,0.14900000000000002,17.25,7.4,17.95,25.34,21.39,14.81,403.0,0.265,97.0,24.07,36.0,8.93,0.841,0.239,22.76,10.56,17.85,28.41,24.8,20.13
746941,2024-06-24,2024,641933,R,605135,R,field_out,False,False,149.0,0.224,50.0,33.56,12.0,8.05,0.75,0.231,33.57,15.25,17.17,32.42,27.24,24.39,187.0,0.233,53.0,28.34,15.0,8.02,0.6839999999999999,0.157,29.39,13.29,17.12,30.41,25.99,26.5,185.0,0.237,49.0,26.49,11.0,5.95,0.577,0.041000000000000036,23.96,11.1,20.27,31.37,27.87,20.16,425.0,0.208,89.0,20.94,23.0,5.41,0.573,0.102,21.02,10.01,19.18,29.19,29.2,18.62
746941,2024-06-24,2024,807799,L,605135,R,field_out,False,False,98.0,0.264,14.0,14.29,7.0,7.14,0.685,0.08099999999999996,16.36,6.98,19.64,26.61,24.23,13.33,437.0,0.293,58.0,13.27,22.0,5.03,0.795,0.167,17.2,7.54,21.09,28.63,28.96,13.65,182.0,0.29,32.0,17.58,23.0,12.64,0.8260000000000001,0.14900000000000002,17.25,7.4,17.95,25.34,21.39,14.81,403.0,0.265,97.0,24.07,36.0,8.93,0.841,0.239,22.76,10.56,17.85,28.41,24.8,20.13
746941,2024-06-24,2024,676914,R,656557,R,field_out,False,False,188.0,0.238,45.0,23.94,22.0,11.7,0.792,0.21200000000000002,26.13,10.69,18.67,29.36,20.7,17.05,87.0,0.247,27.0,31.03,11.0,12.64,0.8340000000000001,0.219,37.06,13.98,21.9,35.88,15.66,21.77,178.0,0.226,52.0,29.21,6.0,3.37,0.5680000000000001,0.07199999999999998,26.15,12.71,21.82,34.53,38.18,24.41,225.0,0.236,48.0,21.33,16.0,7.11,0.622,0.089,29.72,14.27,17.37,31.64,31.71,21.52
746941,2024-06-24,2024,672386,R,656557,R,field_out,False,False,102.0,0.209,13.0,12.75,11.0,10.78,0.608,0.10500000000000001,15.38,6.33,21.72,28.05,23.14,8.5,295.0,0.244,28.0,9.49,25.0,8.47,0.6739999999999999,0.1069999999999999,13.38,5.86,20.77,26.63,27.21,7.67,178.0,0.226,52.0,29.21,6.0,3.37,0.5680000000000001,0.07199999999999998,26.15,12.71,21.82,34.53,38.18,24.41,225.0,0.236,48.0,21.33,16.0,7.11,0.622,0.089,29.72,14.27,17.37,31.64,31.71,21.52
746941,2024-06-24,2024,595281,L,656557,R,strikeout,True,False,118.0,0.185,38.0,32.2,4.0,3.39,0.525,0.121,35.66,19.42,11.61,31.03,34.22,28.57,312.0,0.26,63.0,20.19,25.0,8.01,0.753,0.1709999999999999,29.15,14.21,14.3,28.51,25.39,21.07,211.0,0.198,42.0,19.91,11.0,5.21,0.495,0.045999999999999985,20.64,10.0,19.61,29.61,27.09,20.49,240.0,0.271,51.0,21.25,25.0,10.42,0.858,0.2309999999999999,28.05,13.03,14.96,27.99,27.35,19.69
746941,2024-06-24,2024,642086,L,605135,R,walk,False,True,126.0,0.202,24.0,19.05,14.0,11.11,0.604,0.09199999999999997,24.09,11.42,15.73,27.16,28.87,20.51,414.0,0.263,62.0,14.98,33.0,7.97,0.736,0.135,19.9,10.09,14.56,24.65,32.27,13.42,182.0,0.29,32.0,17.58,23.0,12.64,0.8260000000000001,0.14900000000000002,17.25,7.4,17.95,25.34,21.39,14.81,403.0,0.265,97.0,24.07,36.0,8.93,0.841,0.239,22.76,10.56,17.85,28.41,24.8,20.13
746941,2024-06-24,2024,624512,L,605135,R,grounded_into_double_play,False,False,114.0,0.216,29.0,25.44,12.0,10.53,0.603,0.08299999999999999,26.02,11.62,18.45,30.07,29.44,25.0,179.0,0.25,47.0,26.26,10.0,5.59,0.639,0.0979999999999999,22.84,12.46,16.72,29.18,42.86,22.6,182.0,0.29,32.0,17.58,23.0,12.64,0.8260000000000001,0.14900000000000002,17.25,7.4,17.95,25.34,21.39,14.81,403.0,0.265,97.0,24.07,36.0,8.93,0.841,0.239,22.76,10.56,17.85,28.41,24.8,20.13
746941,2024-06-24,2024,678882,R,605135,R,hit_by_pitch,False,False,206.0,0.235,55.0,26.7,5.0,2.43,0.626,0.137,33.18,20.38,11.35,31.74,45.15,23.11,62.0,0.263,20.0,32.26,3.0,4.84,0.6739999999999999,0.1049999999999999,27.08,15.6,11.2,26.8,42.11,22.22,185.0,0.237,49.0,26.49,11.0,5.95,0.577,0.041000000000000036,23.96,11.1,20.27,31.37,27.87,20.16,425.0,0.208,89.0,20.94,23.0,5.41,0.573,0.102,21.02,10.01,19.18,29.19,29.2,18.62
746941,2024-06-24,2024,680776,L,605135,R,caught_stealing_2b,False,False,245.0,0.296,53.0,21.63,20.0,8.16,0.902,0.25100000000000006,23.92,11.44,14.64,26.08,26.91,18.73,314.0,0.296,75.0,23.89,21.0,6.69,0.84,0.195,24.68,12.92,13.75,26.67,30.3,19.02,182.0,0.29,32.0,17.58,23.0,12.64,0.8260000000000001,0.14900000000000002,17.25,7.4,17.95,25.34,21.39,14.81,403.0,0.265,97.0,24.07,36.0,8.93,0.841,0.239,22.76,10.56,17.85,28.41,24.8,20.13
746941,2024-06-24,2024,643396,R,656557,R,single,False,False,185.0,0.28,25.0,13.51,10.0,5.41,0.741,0.13699999999999996,14.09,6.56,21.6,28.16,33.0,15.53,273.0,0.246,54.0,19.78,17.0,6.23,0.6479999999999999,0.1069999999999999,19.6,9.05,20.2,29.25,28.6,15.56,178.0,0.226,52.0,29.21,6.0,3.37,0.5680000000000001,0.07199999999999998,26.15,12.71,21.82,34.53,38.18,24.41,225.0,0.236,48.0,21.33,16.0,7.11,0.622,0.089,29.72,14.27,17.37,31.64,31.71,21.52
746941,2024-06-24,2024,687462,L,656557,R,strikeout,True,False,47.0,0.378,5.0,10.64,9.0,19.15,1.095,0.21699999999999997,16.28,7.22,17.53,24.74,22.34,7.25,38.0,0.265,10.0,26.32,3.0,7.89,0.754,0.1469999999999999,27.14,13.01,17.12,30.14,25.35,21.74,211.0,0.198,42.0,19.91,11.0,5.21,0.495,0.045999999999999985,20.64,10.0,19.61,29.61,27.09,20.49,240.0,0.271,51.0,21.25,25.0,10.42,0.858,0.2309999999999999,28.05,13.03,14.96,27.99,27.35,19.69
746941,2024-06-24,2024,665489,R,656557,R,single,False,False,275.0,0.287,48.0,17.45,27.0,9.82,0.7769999999999999,0.13,24.28,11.64,15.4,27.04,26.35,14.33,558.0,0.26,85.0,15.23,48.0,8.6,0.792,0.2,23.83,12.29,11.94,24.23,30.21,15.37,178.0,0.226,52.0,29.21,6.0,3.37,0.5680000000000001,0.07199999999999998,26.15,12.71,21.82,34.53,38.18,24.41,225.0,0.236,48.0,21.33,16.0,7.11,0.622,0.089,29.72,14.27,17.37,31.64,31.71,21.52
746941,2024-06-24,2024,457759,R,656557,R,single,False,False,193.0,0.221,31.0,16.06,25.0,12.95,0.674,0.11600000000000002,18.8,8.59,16.84,25.43,26.52,10.44,462.0,0.273,78.0,16.88,33.0,7.14,0.765,0.1569999999999999,16.44,7.32,17.97,25.29,25.33,12.0,178.0,0.226,52.0,29.21,6.0,3.37,0.5680000000000001,0.07199999999999998,26.15,12.71,21.82,34.53,38.18,24.41,225.0,0.236,48.0,21.33,16.0,7.11,0.622,0.089,29.72,14.27,17.37,31.64,31.71,21.52
746941,2024-06-24,2024,543807,R,656557,R,grounded_into_double_play,False,False,223.0,0.212,38.0,17.04,23.0,10.31,0.609,0.101,23.41,12.14,13.27,25.41,23.35,16.67,539.0,0.262,101.0,18.74,43.0,7.98,0.738,0.1489999999999999,23.18,11.37,14.48,25.84,23.35,18.21,178.0,0.226,52.0,29.21,6.0,3.37,0.5680000000000001,0.07199999999999998,26.15,12.71,21.82,34.53,38.18,24.41,225.0,0.236,48.0,21.33,16.0,7.11,0.622,0.089,29.72,14.27,17.37,31.64,31.71,21.52
746941,2024-06-24,2024,680776,L,605135,R,single,False,False,245.0,0.296,53.0,21.63,20.0,8.16,0.902,0.25100000000000006,23.92,11.44,14.64,26.08,26.91,18.73,314.0,0.296,75.0,23.89,21.0,6.69,0.84,0.195,24.68,12.92,13.75,26.67,30.3,19.02,182.0,0.29,32.0,17.58,23.0,12.64,0.8260000000000001,0.14900000000000002,17.25,7.4,17.95,25.34,21.39,14.81,403.0,0.265,97.0,24.07,36.0,8.93,0.841,0.239,22.76,10.56,17.85,28.41,24.8,20.13
746941,2024-06-24,2024,666152,L,605135,R,field_out,False,False,135.0,0.298,32.0,23.7,10.0,7.41,0.832,0.178,24.22,10.25,20.3,30.55,19.29,20.65,36.0,0.1,10.0,27.78,6.0,16.67,0.417,0.067,20.0,8.44,23.38,31.82,26.39,15.38,182.0,0.29,32.0,17.58,23.0,12.64,0.8260000000000001,0.14900000000000002,17.25,7.4,17.95,25.34,21.39,14.81,403.0,0.265,97.0,24.07,36.0,8.93,0.841,0.239,22.76,10.56,17.85,28.41,24.8,20.13
746941,2024-06-24,2024,677800,L,605135,R,strikeout,True,False,166.0,0.291,40.0,24.1,16.0,9.64,0.892,0.24300000000000005,29.65,14.29,15.2,29.48,26.23,19.42,75.0,0.333,18.0,24.0,9.0,12.0,0.928,0.182,30.07,13.61,16.77,30.38,23.72,18.0,182.0,0.29,32.0,17.58,23.0,12.64,0.8260000000000001,0.14900000000000002,17.25,7.4,17.95,25.34,21.39,14.81,403.0,0.265,97.0,24.07,36.0,8.93,0.841,0.239,22.76,10.56,17.85,28.41,24.8,20.13
746941,2024-06-24,2024,646240,L,605135,R,home_run,False,False,188.0,0.289,34.0,18.09,26.0,13.83,0.98,0.308,25.0,11.85,12.78,24.63,29.59,15.74,469.0,0.27,89.0,18.98,51.0,10.87,0.863,0.235,25.44,13.04,9.74,22.78,33.05,15.06,182.0,0.29,32.0,17.58,23.0,12.64,0.8260000000000001,0.14900000000000002,17.25,7.4,17.95,25.34,21.39,14.81,403.0,0.265,97.0,24.07,36.0,8.93,0.841,0.239,22.76,10.56,17.85,28.41,24.8,20.13
746941,2024-06-24,2024,641933,R,605135,R,field_out,False,False,149.0,0.224,50.0,33.56,12.0,8.05,0.75,0.231,33.57,15.25,17.17,32.42,27.24,24.39,187.0,0.233,53.0,28.34,15.0,8.02,0.6839999999999999,0.157,29.39,13.29,17.12,30.41,25.99,26.5,185.0,0.237,49.0,26.49,11.0,5.95,0.577,0.041000000000000036,23.96,11.1,20.27,31.37,27.87,20.16,425.0,0.208,89.0,20.94,23.0,5.41,0.573,0.102,21.02,10.01,19.18,29.19,29.2,18.62
746941,2024-06-24,2024,680718,L,656557,R,field_out,False,False,35.0,0.235,8.0,22.86,1.0,2.86,0.522,0.030000000000000027,27.42,14.17,20.0,34.17,33.93,26.67,,,,,,,,,,,,,,,211.0,0.198,42.0,19.91,11.0,5.21,0.495,0.045999999999999985,20.64,10.0,19.61,29.61,27.09,20.49,240.0,0.271,51.0,21.25,25.0,10.42,0.858,0.2309999999999999,28.05,13.03,14.96,27.99,27.35,19.69
746941,2024-06-24,2024,676914,R,656557,R,field_out,False,False,188.0,0.238,45.0,23.94,22.0,11.7,0.792,0.21200000000000002,26.13,10.69,18.67,29.36,20.7,17.05,87.0,0.247,27.0,31.03,11.0,12.64,0.8340000000000001,0.219,37.06,13.98,21.9,35.88,15.66,21.77,178.0,0.226,52.0,29.21,6.0,3.37,0.5680000000000001,0.07199999999999998,26.15,12.71,21.82,34.53,38.18,24.41,225.0,0.236,48.0,21.33,16.0,7.11,0.622,0.089,29.72,14.27,17.37,31.64,31.71,21.52
746941,2024-06-24,2024,672386,R,656557,R,field_out,False,False,102.0,0.209,13.0,12.75,11.0,10.78,0.608,0.10500000000000001,15.38,6.33,21.72,28.05,23.14,8.5,295.0,0.244,28.0,9.49,25.0,8.47,0.6739999999999999,0.1069999999999999,13.38,5.86,20.77,26.63,27.21,7.67,178.0,0.226,52.0,29.21,6.0,3.37,0.5680000000000001,0.07199999999999998,26.15,12.71,21.82,34.53,38.18,24.41,225.0,0.236,48.0,21.33,16.0,7.11,0.622,0.089,29.72,14.27,17.37,31.64,31.71,21.52
746941,2024-06-24,2024,807799,L,605135,R,single,False,False,98.0,0.264,14.0,14.29,7.0,7.14,0.685,0.08099999999999996,16.36,6.98,19.64,26.61,24.23,13.33,437.0,0.293,58.0,13.27,22.0,5.03,0.795,0.167,17.2,7.54,21.09,28.63,28.96,13.65,182.0,0.29,32.0,17.58,23.0,12.64,0.8260000000000001,0.14900000000000002,17.25,7.4,17.95,25.34,21.39,14.81,403.0,0.265,97.0,24.07,36.0,8.93,0.841,0.239,22.76,10.56,17.85,28.41,24.8,20.13
746941,2024-06-24,2024,642086,L,605135,R,force_out,False,False,126.0,0.202,24.0,19.05,14.0,11.11,0.604,0.09199999999999997,24.09,11.42,15.73,27.16,28.87,20.51,414.0,0.263,62.0,14.98,33.0,7.97,0.736,0.135,19.9,10.09,14.56,24.65,32.27,13.42,182.0,0.29,32.0,17.58,23.0,12.64,0.8260000000000001,0.14900000000000002,17.25,7.4,17.95,25.34,21.39,14.81,403.0,0.265,97.0,24.07,36.0,8.93,0.841,0.239,22.76,10.56,17.85,28.41,24.8,20.13
746941,2024-06-24,2024,624512,L,605135,R,field_out,False,False,114.0,0.216,29.0,25.44,12.0,10.53,0.603,0.08299999999999999,26.02,11.62,18.45,30.07,29.44,25.0,179.0,0.25,47.0,26.26,10.0,5.59,0.639,0.0979999999999999,22.84,12.46,16.72,29.18,42.86,22.6,182.0,0.29,32.0,17.58,23.0,12.64,0.8260000000000001,0.14900000000000002,17.25,7.4,17.95,25.34,21.39,14.81,403.0,0.265,97.0,24.07,36.0,8.93,0.841,0.239,22.76,10.56,17.85,28.41,24.8,20.13
746941,2024-06-24,2024,678882,R,605135,R,force_out,False,False,206.0,0.235,55.0,26.7,5.0,2.43,0.626,0.137,33.18,20.38,11.35,31.74,45.15,23.11,62.0,0.263,20.0,32.26,3.0,4.84,0.6739999999999999,0.1049999999999999,27.08,15.6,11.2,26.8,42.11,22.22,185.0,0.237,49.0,26.49,11.0,5.95,0.577,0.041000000000000036,23.96,11.1,20.27,31.37,27.87,20.16,425.0,0.208,89.0,20.94,23.0,5.41,0.573,0.102,21.02,10.01,19.18,29.19,29.2,18.62
746941,2024-06-24,2024,595281,L,656557,R,strikeout,True,False,118.0,0.185,38.0,32.2,4.0,3.39,0.525,0.121,35.66,19.42,11.61,31.03,34.22,28.57,312.0,0.26,63.0,20.19,25.0,8.01,0.753,0.1709999999999999,29.15,14.21,14.3,28.51,25.39,21.07,211.0,0.198,42.0,19.91,11.0,5.21,0.495,0.045999999999999985,20.64,10.0,19.61,29.61,27.09,20.49,240.0,0.271,51.0,21.25,25.0,10.42,0.858,0.2309999999999999,28.05,13.03,14.96,27.99,27.35,19.69
746941,2024-06-24,2024,643396,R,656557,R,strikeout,True,False,185.0,0.28,25.0,13.51,10.0,5.41,0.741,0.13699999999999996,14.09,6.56,21.6,28.16,33.0,15.53,273.0,0.246,54.0,19.78,17.0,6.23,0.6479999999999999,0.1069999999999999,19.6,9.05,20.2,29.25,28.6,15.56,178.0,0.226,52.0,29.21,6.0,3.37,0.5680000000000001,0.07199999999999998,26.15,12.71,21.82,34.53,38.18,24.41,225.0,0.236,48.0,21.33,16.0,7.11,0.622,0.089,29.72,14.27,17.37,31.64,31.71,21.52
746941,2024-06-24,2024,687462,L,656557,R,hit_by_pitch,False,False,47.0,0.378,5.0,10.64,9.0,19.15,1.095,0.21699999999999997,16.28,7.22,17.53,24.74,22.34,7.25,38.0,0.265,10.0,26.32,3.0,7.89,0.754,0.1469999999999999,27.14,13.01,17.12,30.14,25.35,21.74,211.0,0.198,42.0,19.91,11.0,5.21,0.495,0.045999999999999985,20.64,10.0,19.61,29.61,27.09,20.49,240.0,0.271,51.0,21.25,25.0,10.42,0.858,0.2309999999999999,28.05,13.03,14.96,27.99,27.35,19.69
746941,2024-06-24,2024,665489,R,656557,R,double,False,False,275.0,0.287,48.0,17.45,27.0,9.82,0.7769999999999999,0.13,24.28,11.64,15.4,27.04,26.35,14.33,558.0,0.26,85.0,15.23,48.0,8.6,0.792,0.2,23.83,12.29,11.94,24.23,30.21,15.37,178.0,0.226,52.0,29.21,6.0,3.37,0.5680000000000001,0.07199999999999998,26.15,12.71,21.82,34.53,38.18,24.41,225.0,0.236,48.0,21.33,16.0,7.11,0.622,0.089,29.72,14.27,17.37,31.64,31.71,21.52
746941,2024-06-24,2024,457759,R,656557,R,walk,False,True,193.0,0.221,31.0,16.06,25.0,12.95,0.674,0.11600000000000002,18.8,8.59,16.84,25.43,26.52,10.44,462.0,0.273,78.0,16.88,33.0,7.14,0.765,0.1569999999999999,16.44,7.32,17.97,25.29,25.33,12.0,178.0,0.226,52.0,29.21,6.0,3.37,0.5680000000000001,0.07199999999999998,26.15,12.71,21.82,34.53,38.18,24.41,225.0,0.236,48.0,21.33,16.0,7.11,0.622,0.089,29.72,14.27,17.37,31.64,31.71,21.52
746941,2024-06-24,2024,543807,R,656557,R,field_out,False,False,223.0,0.212,38.0,17.04,23.0,10.31,0.609,0.101,23.41,12.14,13.27,25.41,23.35,16.67,539.0,0.262,101.0,18.74,43.0,7.98,0.738,0.1489999999999999,23.18,11.37,14.48,25.84,23.35,18.21,178.0,0.226,52.0,29.21,6.0,3.37,0.5680000000000001,0.07199999999999998,26.15,12.71,21.82,34.53,38.18,24.41,225.0,0.236,48.0,21.33,16.0,7.11,0.622,0.089,29.72,14.27,17.37,31.64,31.71,21.52
746941,2024-06-24,2024,680776,L,605135,R,field_out,False,False,245.0,0.296,53.0,21.63,20.0,8.16,0.902,0.25100000000000006,23.92,11.44,14.64,26.08,26.91,18.73,314.0,0.296,75.0,23.89,21.0,6.69,0.84,0.195,24.68,12.92,13.75,26.67,30.3,19.02,182.0,0.29,32.0,17.58,23.0,12.64,0.8260000000000001,0.14900000000000002,17.25,7.4,17.95,25.34,21.39,14.81,403.0,0.265,97.0,24.07,36.0,8.93,0.841,0.239,22.76,10.56,17.85,28.41,24.8,20.13
746941,2024-06-24,2024,666152,L,605135,R,field_out,False,False,135.0,0.298,32.0,23.7,10.0,7.41,0.832,0.178,24.22,10.25,20.3,30.55,19.29,20.65,36.0,0.1,10.0,27.78,6.0,16.67,0.417,0.067,20.0,8.44,23.38,31.82,26.39,15.38,182.0,0.29,32.0,17.58,23.0,12.64,0.8260000000000001,0.14900000000000002,17.25,7.4,17.95,25.34,21.39,14.81,403.0,0.265,97.0,24.07,36.0,8.93,0.841,0.239,22.76,10.56,17.85,28.41,24.8,20.13
746941,2024-06-24,2024,677800,L,605135,R,field_out,False,False,166.0,0.291,40.0,24.1,16.0,9.64,0.892,0.24300000000000005,29.65,14.29,15.2,29.48,26.23,19.42,75.0,0.333,18.0,24.0,9.0,12.0,0.928,0.182,30.07,13.61,16.77,30.38,23.72,18.0,182.0,0.29,32.0,17.58,23.0,12.64,0.8260000000000001,0.14900000000000002,17.25,7.4,17.95,25.34,21.39,14.81,403.0,0.265,97.0,24.07,36.0,8.93,0.841,0.239,22.76,10.56,17.85,28.41,24.8,20.13
746941,2024-06-24,2024,680718,L,656557,R,catcher_interf,False,False,35.0,0.235,8.0,22.86,1.0,2.86,0.522,0.030000000000000027,27.42,14.17,20.0,34.17,33.93,26.67,,,,,,,,,,,,,,,211.0,0.198,42.0,19.91,11.0,5.21,0.495,0.045999999999999985,20.64,10.0,19.61,29.61,27.09,20.49,240.0,0.271,51.0,21.25,25.0,10.42,0.858,0.2309999999999999,28.05,13.03,14.96,27.99,27.35,19.69
746941,2024-06-24,2024,676914,R,656557,R,strikeout,True,False,188.0,0.238,45.0,23.94,22.0,11.7,0.792,0.21200000000000002,26.13,10.69,18.67,29.36,20.7,17.05,87.0,0.247,27.0,31.03,11.0,12.64,0.8340000000000001,0.219,37.06,13.98,21.9,35.88,15.66,21.77,178.0,0.226,52.0,29.21,6.0,3.37,0.5680000000000001,0.07199999999999998,26.15,12.71,21.82,34.53,38.18,24.41,225.0,0.236,48.0,21.33,16.0,7.11,0.622,0.089,29.72,14.27,17.37,31.64,31.71,21.52
746941,2024-06-24,2024,672386,R,656557,R,field_out,False,False,102.0,0.209,13.0,12.75,11.0,10.78,0.608,0.10500000000000001,15.38,6.33,21.72,28.05,23.14,8.5,295.0,0.244,28.0,9.49,25.0,8.47,0.6739999999999999,0.1069999999999999,13.38,5.86,20.77,26.63,27.21,7.67,178.0,0.226,52.0,29.21,6.0,3.37,0.5680000000000001,0.07199999999999998,26.15,12.71,21.82,34.53,38.18,24.41,225.0,0.236,48.0,21.33,16.0,7.11,0.622,0.089,29.72,14.27,17.37,31.64,31.71,21.52
746941,2024-06-24,2024,595281,L,656557,R,single,False,False,118.0,0.185,38.0,32.2,4.0,3.39,0.525,0.121,35.66,19.42,11.61,31.03,34.22,28.57,312.0,0.26,63.0,20.19,25.0,8.01,0.753,0.1709999999999999,29.15,14.21,14.3,28.51,25.39,21.07,211.0,0.198,42.0,19.91,11.0,5.21,0.495,0.045999999999999985,20.64,10.0,19.61,29.61,27.09,20.49,240.0,0.271,51.0,21.25,25.0,10.42,0.858,0.2309999999999999,28.05,13.03,14.96,27.99,27.35,19.69
746941,2024-06-24,2024,643396,R,663462,R,single,False,False,185.0,0.28,25.0,13.51,10.0,5.41,0.741,0.13699999999999996,14.09,6.56,21.6,28.16,33.0,15.53,273.0,0.246,54.0,19.78,17.0,6.23,0.6479999999999999,0.1069999999999999,19.6,9.05,20.2,29.25,28.6,15.56,15.0,0.286,2.0,13.33,1.0,6.67,0.69,0.07100000000000001,21.74,10.87,10.87,21.74,34.48,22.22,72.0,0.242,11.0,15.28,9.0,12.5,0.704,0.129,25.78,12.18,14.39,26.57,29.14,14.29
746941,2024-06-24,2024,687462,L,663462,R,single,False,False,47.0,0.378,5.0,10.64,9.0,19.15,1.095,0.21699999999999997,16.28,7.22,17.53,24.74,22.34,7.25,38.0,0.265,10.0,26.32,3.0,7.89,0.754,0.1469999999999999,27.14,13.01,17.12,30.14,25.35,21.74,18.0,0.412,3.0,16.67,1.0,5.56,1.326,0.47000000000000003,23.33,11.11,14.29,25.4,20.0,25.0,48.0,0.163,22.0,45.83,4.0,8.33,0.483,0.07,32.29,14.62,16.98,31.6,26.92,30.99
746941,2024-06-24,2024,665489,R,663462,R,home_run,False,False,275.0,0.287,48.0,17.45,27.0,9.82,0.7769999999999999,0.13,24.28,11.64,15.4,27.04,26.35,14.33,558.0,0.26,85.0,15.23,48.0,8.6,0.792,0.2,23.83,12.29,11.94,24.23,30.21,15.37,15.0,0.286,2.0,13.33,1.0,6.67,0.69,0.07100000000000001,21.74,10.87,10.87,21.74,34.48,22.22,72.0,0.242,11.0,15.28,9.0,12.5,0.704,0.129,25.78,12.18,14.39,26.57,29.14,14.29
746941,2024-06-24,2024,457759,R,663462,R,strikeout,True,False,193.0,0.221,31.0,16.06,25.0,12.95,0.674,0.11600000000000002,18.8,8.59,16.84,25.43,26.52,10.44,462.0,0.273,78.0,16.88,33.0,7.14,0.765,0.1569999999999999,16.44,7.32,17.97,25.29,25.33,12.0,15.0,0.286,2.0,13.33,1.0,6.67,0.69,0.07100000000000001,21.74,10.87,10.87,21.74,34.48,22.22,72.0,0.242,11.0,15.28,9.0,12.5,0.704,0.129,25.78,12.18,14.39,26.57,29.14,14.29
746941,2024-06-24,2024,646240,L,605135,R,single,False,False,188.0,0.289,34.0,18.09,26.0,13.83,0.98,0.308,25.0,11.85,12.78,24.63,29.59,15.74,469.0,0.27,89.0,18.98,51.0,10.87,0.863,0.235,25.44,13.04,9.74,22.78,33.05,15.06,182.0,0.29,32.0,17.58,23.0,12.64,0.8260000000000001,0.14900000000000002,17.25,7.4,17.95,25.34,21.39,14.81,403.0,0.265,97.0,24.07,36.0,8.93,0.841,0.239,22.76,10.56,17.85,28.41,24.8,20.13
746941,2024-06-24,2024,641933,R,605135,R,field_out,False,False,149.0,0.224,50.0,33.56,12.0,8.05,0.75,0.231,33.57,15.25,17.17,32.42,27.24,24.39,187.0,0.233,53.0,28.34,15.0,8.02,0.6839999999999999,0.157,29.39,13.29,17.12,30.41,25.99,26.5,185.0,0.237,49.0,26.49,11.0,5.95,0.577,0.041000000000000036,23.96,11.1,20.27,31.37,27.87,20.16,425.0,0.208,89.0,20.94,23.0,5.41,0.573,0.102,21.02,10.01,19.18,29.19,29.2,18.62
746941,2024-06-24,2024,807799,L,605135,R,single,False,False,98.0,0.264,14.0,14.29,7.0,7.14,0.685,0.08099999999999996,16.36,6.98,19.64,26.61,24.23,13.33,437.0,0.293,58.0,13.27,22.0,5.03,0.795,0.167,17.2,7.54,21.09,28.63,28.96,13.65,182.0,0.29,32.0,17.58,23.0,12.64,0.8260000000000001,0.14900000000000002,17.25,7.4,17.95,25.34,21.39,14.81,403.0,0.265,97.0,24.07,36.0,8.93,0.841,0.239,22.76,10.56,17.85,28.41,24.8,20.13
746941,2024-06-24,2024,642086,L,605135,R,strikeout,True,False,126.0,0.202,24.0,19.05,14.0,11.11,0.604,0.09199999999999997,24.09,11.42,15.73,27.16,28.87,20.51,414.0,0.263,62.0,14.98,33.0,7.97,0.736,0.135,19.9,10.09,14.56,24.65,32.27,13.42,182.0,0.29,32.0,17.58,23.0,12.64,0.8260000000000001,0.14900000000000002,17.25,7.4,17.95,25.34,21.39,14.81,403.0,0.265,97.0,24.07,36.0,8.93,0.841,0.239,22.76,10.56,17.85,28.41,24.8,20.13
746941,2024-06-24,2024,665839,L,605135,R,field_out,False,False,131.0,0.244,32.0,24.43,9.0,6.87,0.7689999999999999,0.235,20.83,9.38,19.89,29.27,28.52,18.02,133.0,0.28,32.0,24.06,7.0,5.26,0.806,0.2079999999999999,23.05,10.04,20.07,30.11,28.72,21.48,182.0,0.29,32.0,17.58,23.0,12.64,0.8260000000000001,0.14900000000000002,17.25,7.4,17.95,25.34,21.39,14.81,403.0,0.265,97.0,24.07,36.0,8.93,0.841,0.239,22.76,10.56,17.85,28.41,24.8,20.13
746941,2024-06-24,2024,543807,R,502624,R,field_out,False,False,223.0,0.212,38.0,17.04,23.0,10.31,0.609,0.101,23.41,12.14,13.27,25.41,23.35,16.67,539.0,0.262,101.0,18.74,43.0,7.98,0.738,0.1489999999999999,23.18,11.37,14.48,25.84,23.35,18.21,87.0,0.234,10.0,11.49,6.0,6.9,0.7829999999999999,0.24699999999999997,26.42,13.0,13.0,26.01,24.07,12.2,216.0,0.282,32.0,14.81,14.0,6.48,0.817,0.195,20.78,9.74,15.19,24.94,26.33,16.24
746941,2024-06-24,2024,680718,L,502624,R,strikeout,True,False,35.0,0.235,8.0,22.86,1.0,2.86,0.522,0.030000000000000027,27.42,14.17,20.0,34.17,33.93,26.67,,,,,,,,,,,,,,,74.0,0.2,11.0,14.86,8.0,10.81,0.58,0.09199999999999997,22.96,9.78,18.93,28.71,21.43,12.22,156.0,0.261,32.0,20.51,19.0,12.18,0.835,0.2089999999999999,22.48,10.16,13.55,23.71,24.6,16.67
746941,2024-06-24,2024,676914,R,502624,R,field_out,False,False,188.0,0.238,45.0,23.94,22.0,11.7,0.792,0.21200000000000002,26.13,10.69,18.67,29.36,20.7,17.05,87.0,0.247,27.0,31.03,11.0,12.64,0.8340000000000001,0.219,37.06,13.98,21.9,35.88,15.66,21.77,87.0,0.234,10.0,11.49,6.0,6.9,0.7829999999999999,0.24699999999999997,26.42,13.0,13.0,26.01,24.07,12.2,216.0,0.282,32.0,14.81,14.0,6.48,0.817,0.195,20.78,9.74,15.19,24.94,26.33,16.24
746941,2024-06-24,2024,678882,R,663878,R,field_out,False,False,206.0,0.235,55.0,26.7,5.0,2.43,0.626,0.137,33.18,20.38,11.35,31.74,45.15,23.11,62.0,0.263,20.0,32.26,3.0,4.84,0.6739999999999999,0.1049999999999999,27.08,15.6,11.2,26.8,42.11,22.22,75.0,0.288,21.0,28.0,6.0,8.0,0.832,0.197,30.0,13.18,19.59,32.77,26.85,21.21,108.0,0.247,22.0,20.37,7.0,6.48,0.749,0.196,25.39,11.81,15.18,26.99,24.64,20.75
746941,2024-06-24,2024,680776,L,663878,R,double,False,False,245.0,0.296,53.0,21.63,20.0,8.16,0.902,0.25100000000000006,23.92,11.44,14.64,26.08,26.91,18.73,314.0,0.296,75.0,23.89,21.0,6.69,0.84,0.195,24.68,12.92,13.75,26.67,30.3,19.02,54.0,0.178,16.0,29.63,6.0,11.11,0.522,0.066,22.68,10.09,17.89,27.98,22.02,27.12,74.0,0.194,21.0,28.38,11.0,14.86,0.679,0.1609999999999999,28.0,10.7,18.04,28.75,14.62,21.28
746941,2024-06-24,2024,666152,L,663878,R,home_run,False,False,135.0,0.298,32.0,23.7,10.0,7.41,0.832,0.178,24.22,10.25,20.3,30.55,19.29,20.65,36.0,0.1,10.0,27.78,6.0,16.67,0.417,0.067,20.0,8.44,23.38,31.82,26.39,15.38,54.0,0.178,16.0,29.63,6.0,11.11,0.522,0.066,22.68,10.09,17.89,27.98,22.02,27.12,74.0,0.194,21.0,28.38,11.0,14.86,0.679,0.1609999999999999,28.0,10.7,18.04,28.75,14.62,21.28
746941,2024-06-24,2024,677800,L,663878,R,strikeout,True,False,166.0,0.291,40.0,24.1,16.0,9.64,0.892,0.24300000000000005,29.65,14.29,15.2,29.48,26.23,19.42,75.0,0.333,18.0,24.0,9.0,12.0,0.928,0.182,30.07,13.61,16.77,30.38,23.72,18.0,54.0,0.178,16.0,29.63,6.0,11.11,0.522,0.066,22.68,10.09,17.89,27.98,22.02,27.12,74.0,0.194,21.0,28.38,11.0,14.86,0.679,0.1609999999999999,28.0,10.7,18.04,28.75,14.62,21.28
746941,2024-06-24,2024,646240,L,641835,L,single,False,False,100.0,0.247,34.0,34.0,8.0,8.0,0.724,0.15700000000000003,30.32,16.42,12.99,29.41,34.69,22.97,188.0,0.273,37.0,19.68,11.0,5.85,0.823,0.2149999999999999,27.74,14.71,11.61,26.32,30.93,15.19,56.0,0.25,5.0,8.93,7.0,12.5,0.672,0.08300000000000002,9.21,3.14,24.22,27.35,15.79,8.2,115.0,0.245,26.0,22.61,4.0,3.48,0.5609999999999999,0.0459999999999999,19.23,8.47,23.97,32.45,29.47,22.61
746941,2024-06-24,2024,641933,R,641835,L,double,False,False,77.0,0.344,23.0,29.87,16.0,20.78,1.202,0.377,28.46,10.03,18.34,28.37,20.0,23.23,79.0,0.227,14.0,17.72,13.0,16.46,0.7929999999999999,0.212,23.91,10.58,16.03,26.6,24.28,14.14,57.0,0.333,11.0,19.3,4.0,7.02,0.976,0.27499999999999997,22.73,10.87,14.35,25.22,29.27,14.86,100.0,0.258,27.0,27.0,11.0,11.0,0.744,0.146,27.06,11.3,14.74,26.04,27.47,23.68
746941,2024-06-24,2024,608701,R,641835,L,intent_walk,False,True,71.0,0.333,19.0,26.76,8.0,11.27,0.937,0.16699999999999998,33.87,15.22,17.75,32.97,20.61,21.11,146.0,0.308,22.0,15.07,23.0,15.75,0.8280000000000001,0.092,21.59,8.39,20.38,28.77,17.59,13.66,57.0,0.333,11.0,19.3,4.0,7.02,0.976,0.27499999999999997,22.73,10.87,14.35,25.22,29.27,14.86,100.0,0.258,27.0,27.0,11.0,11.0,0.744,0.146,27.06,11.3,14.74,26.04,27.47,23.68
746941,2024-06-24,2024,663853,R,647315,R,single,False,False,19.0,0.222,3.0,15.79,1.0,5.26,0.5960000000000001,0.11100000000000002,22.58,10.14,20.29,30.43,35.9,17.65,60.0,0.214,21.0,35.0,2.0,3.33,0.6659999999999999,0.215,33.94,16.37,17.26,33.63,34.71,33.33,47.0,0.25,7.0,14.89,2.0,4.26,0.777,0.25,14.44,8.12,10.62,18.75,41.86,14.58,34.0,0.161,9.0,26.47,3.0,8.82,0.493,0.097,21.67,10.32,23.81,34.13,41.43,21.95
746941,2024-06-24,2024,623168,L,647315,R,strikeout,True,False,,,,,,,,,,,,,,,40.0,0.206,6.0,15.0,5.0,12.5,0.56,0.0289999999999999,18.84,9.15,16.9,26.06,33.33,18.75,38.0,0.219,6.0,15.79,4.0,10.53,0.766,0.24999999999999997,34.43,15.91,13.64,29.55,29.73,21.43,22.0,0.316,5.0,22.73,3.0,13.64,1.251,0.526,36.36,16.44,13.7,30.14,28.89,31.25
746941,2024-06-24,2024,672386,R,445276,R,single,False,False,102.0,0.209,13.0,12.75,11.0,10.78,0.608,0.10500000000000001,15.38,6.33,21.72,28.05,23.14,8.5,295.0,0.244,28.0,9.49,25.0,8.47,0.6739999999999999,0.1069999999999999,13.38,5.86,20.77,26.63,27.21,7.67,58.0,0.167,14.0,24.14,7.0,12.07,0.505,0.062,29.17,13.15,16.9,30.05,18.56,26.42,99.0,0.273,27.0,27.27,9.0,9.09,0.7629999999999999,0.1359999999999999,31.86,17.2,13.76,30.95,32.18,23.68
746941,2024-06-24,2024,595281,L,445276,R,strikeout,True,False,118.0,0.185,38.0,32.2,4.0,3.39,0.525,0.121,35.66,19.42,11.61,31.03,34.22,28.57,312.0,0.26,63.0,20.19,25.0,8.01,0.753,0.1709999999999999,29.15,14.21,14.3,28.51,25.39,21.07,51.0,0.205,17.0,33.33,4.0,7.84,0.492,0.02200000000000002,23.47,11.68,18.78,30.46,23.38,20.0,89.0,0.198,25.0,28.09,8.0,8.99,0.616,0.1479999999999999,25.58,12.57,17.71,30.29,30.43,21.55
746941,2024-06-24,2024,643396,R,445276,R,field_out,False,False,185.0,0.28,25.0,13.51,10.0,5.41,0.741,0.13699999999999996,14.09,6.56,21.6,28.16,33.0,15.53,273.0,0.246,54.0,19.78,17.0,6.23,0.6479999999999999,0.1069999999999999,19.6,9.05,20.2,29.25,28.6,15.56,58.0,0.167,14.0,24.14,7.0,12.07,0.505,0.062,29.17,13.15,16.9,30.05,18.56,26.42,99.0,0.273,27.0,27.27,9.0,9.09,0.7629999999999999,0.1359999999999999,31.86,17.2,13.76,30.95,32.18,23.68
746941,2024-06-24,2024,678882,R,647315,R,single,False,False,206.0,0.235,55.0,26.7,5.0,2.43,0.626,0.137,33.18,20.38,11.35,31.74,45.15,23.11,62.0,0.263,20.0,32.26,3.0,4.84,0.6739999999999999,0.1049999999999999,27.08,15.6,11.2,26.8,42.11,22.22,47.0,0.25,7.0,14.89,2.0,4.26,0.777,0.25,14.44,8.12,10.62,18.75,41.86,14.58,34.0,0.161,9.0,26.47,3.0,8.82,0.493,0.097,21.67,10.32,23.81,34.13,41.43,21.95
746941,2024-06-24,2024,680776,L,647315,R,single,False,False,245.0,0.296,53.0,21.63,20.0,8.16,0.902,0.25100000000000006,23.92,11.44,14.64,26.08,26.91,18.73,314.0,0.296,75.0,23.89,21.0,6.69,0.84,0.195,24.68,12.92,13.75,26.67,30.3,19.02,38.0,0.219,6.0,15.79,4.0,10.53,0.766,0.24999999999999997,34.43,15.91,13.64,29.55,29.73,21.43,22.0,0.316,5.0,22.73,3.0,13.64,1.251,0.526,36.36,16.44,13.7,30.14,28.89,31.25
745806,2024-06-25,2024,683011,R,656849,L,single,False,False,94.0,0.282,16.0,17.02,8.0,8.51,0.756,0.13,17.03,7.95,18.46,26.41,24.87,14.16,134.0,0.248,35.0,26.12,16.0,11.94,0.817,0.2309999999999999,28.81,13.49,15.8,29.29,27.07,23.49,74.0,0.262,7.0,9.46,8.0,10.81,0.7969999999999999,0.184,16.43,8.13,14.49,22.61,29.93,8.54,377.0,0.288,93.0,24.67,41.0,10.88,0.823,0.163,29.54,13.33,15.47,28.8,29.06,23.19
745806,2024-06-25,2024,665742,L,656849,L,walk,False,True,96.0,0.312,14.0,14.58,16.0,16.67,0.933,0.194,16.35,6.44,20.3,26.73,19.49,11.29,207.0,0.256,48.0,23.19,33.0,15.94,0.813,0.18,25.32,9.65,20.51,30.16,20.61,20.17,24.0,0.304,5.0,20.83,0.0,0.0,0.637,0.0,21.05,11.76,16.18,27.94,42.42,29.41,117.0,0.283,35.0,29.91,9.0,7.69,0.822,0.189,29.73,14.07,18.12,32.2,29.33,24.31
745806,2024-06-25,2024,592450,R,656849,L,walk,False,True,78.0,0.276,22.0,28.21,20.0,25.64,1.117,0.379,36.36,13.06,15.43,28.49,16.85,24.44,74.0,0.274,21.0,28.38,11.0,14.86,1.0550000000000002,0.403,34.59,13.9,15.71,29.61,19.89,21.65,74.0,0.262,7.0,9.46,8.0,10.81,0.7969999999999999,0.184,16.43,8.13,14.49,22.61,29.93,8.54,377.0,0.288,93.0,24.67,41.0,10.88,0.823,0.163,29.54,13.33,15.47,28.8,29.06,23.19
745806,2024-06-25,2024,650402,R,656849,L,strikeout,True,False,75.0,0.215,19.0,25.33,8.0,10.67,0.6759999999999999,0.154,26.67,12.75,16.23,28.99,21.52,14.07,128.0,0.278,20.0,15.62,17.0,13.28,0.921,0.268,22.12,9.54,15.71,25.25,21.8,13.33,74.0,0.262,7.0,9.46,8.0,10.81,0.7969999999999999,0.184,16.43,8.13,14.49,22.61,29.93,8.54,377.0,0.288,93.0,24.67,41.0,10.88,0.823,0.163,29.54,13.33,15.47,28.8,29.06,23.19
745806,2024-06-25,2024,657077,L,656849,L,strikeout,True,False,88.0,0.2,14.0,15.91,10.0,11.36,0.602,0.10699999999999998,17.24,6.81,21.53,28.34,21.02,13.08,161.0,0.22,27.0,16.77,15.0,9.32,0.61,0.0779999999999999,17.21,6.6,24.69,31.29,20.83,15.61,24.0,0.304,5.0,20.83,0.0,0.0,0.637,0.0,21.05,11.76,16.18,27.94,42.42,29.41,117.0,0.283,35.0,29.91,9.0,7.69,0.822,0.189,29.73,14.07,18.12,32.2,29.33,24.31
745806,2024-06-25,2024,605204,R,656849,L,strikeout,True,False,37.0,0.265,8.0,21.62,3.0,8.11,0.7949999999999999,0.20599999999999996,33.78,16.67,15.33,32.0,24.66,14.55,159.0,0.246,42.0,26.42,12.0,7.55,0.729,0.177,31.08,17.12,8.31,25.42,26.55,23.6,74.0,0.262,7.0,9.46,8.0,10.81,0.7969999999999999,0.184,16.43,8.13,14.49,22.61,29.93,8.54,377.0,0.288,93.0,24.67,41.0,10.88,0.823,0.163,29.54,13.33,15.47,28.8,29.06,23.19
745806,2024-06-25,2024,596019,L,543037,R,double,False,False,259.0,0.225,52.0,20.08,19.0,7.34,0.698,0.17800000000000002,23.53,11.3,15.84,27.14,25.59,18.37,483.0,0.242,102.0,21.12,51.0,10.56,0.757,0.182,23.68,11.49,14.35,25.84,28.12,17.29,12.0,0.273,3.0,25.0,1.0,8.33,0.788,0.182,17.65,6.38,27.66,34.04,17.39,23.08,385.0,0.202,106.0,27.53,26.0,6.75,0.595,0.131,25.96,12.52,16.92,29.44,27.48,20.27
745806,2024-06-25,2024,607043,L,543037,R,walk,False,True,234.0,0.24,59.0,25.21,35.0,14.96,0.788,0.177,23.43,9.7,16.91,26.61,20.46,17.56,448.0,0.266,98.0,21.88,60.0,13.39,0.874,0.235,20.87,8.67,19.47,28.14,19.23,16.42,12.0,0.273,3.0,25.0,1.0,8.33,0.788,0.182,17.65,6.38,27.66,34.04,17.39,23.08,385.0,0.202,106.0,27.53,26.0,6.75,0.595,0.131,25.96,12.52,16.92,29.44,27.48,20.27
745806,2024-06-25,2024,502110,R,543037,R,grounded_into_double_play,False,False,146.0,0.269,43.0,29.45,9.0,6.16,0.7849999999999999,0.20099999999999996,28.67,14.53,15.37,29.9,31.14,21.29,343.0,0.27,106.0,30.9,21.0,6.12,0.8799999999999999,0.2979999999999999,35.71,19.2,12.73,31.93,33.23,24.42,4.0,0.0,2.0,50.0,0.0,0.0,0.0,0.0,30.0,20.0,6.67,26.67,42.86,33.33,437.0,0.21,116.0,26.54,22.0,5.03,0.569,0.102,26.3,13.55,15.12,28.66,31.84,19.56
745806,2024-06-25,2024,624413,R,543037,R,walk,False,True,247.0,0.251,49.0,19.84,24.0,9.72,0.786,0.20600000000000002,22.65,9.99,19.66,29.65,28.29,18.18,475.0,0.214,109.0,22.95,44.0,9.26,0.8069999999999999,0.281,26.53,11.43,18.24,29.67,27.59,22.11,4.0,0.0,2.0,50.0,0.0,0.0,0.0,0.0,30.0,20.0,6.67,26.67,42.86,33.33,437.0,0.21,116.0,26.54,22.0,5.03,0.569,0.102,26.3,13.55,15.12,28.66,31.84,19.56
745806,2024-06-25,2024,682626,R,543037,R,walk,False,True,69.0,0.292,16.0,23.19,4.0,5.8,0.779,0.15400000000000003,34.33,17.76,15.83,33.59,32.77,19.05,275.0,0.229,73.0,26.55,17.0,6.18,0.7769999999999999,0.257,32.18,14.61,18.33,32.94,27.78,26.07,4.0,0.0,2.0,50.0,0.0,0.0,0.0,0.0,30.0,20.0,6.67,26.67,42.86,33.33,437.0,0.21,116.0,26.54,22.0,5.03,0.569,0.102,26.3,13.55,15.12,28.66,31.84,19.56
745806,2024-06-25,2024,621438,R,543037,R,single,False,False,97.0,0.25,22.0,22.68,5.0,5.15,0.7,0.14800000000000002,20.56,9.87,19.47,29.33,29.61,18.97,162.0,0.23,37.0,22.84,6.0,3.7,0.706,0.204,25.24,12.91,16.56,29.47,36.98,19.47,4.0,0.0,2.0,50.0,0.0,0.0,0.0,0.0,30.0,20.0,6.67,26.67,42.86,33.33,437.0,0.21,116.0,26.54,22.0,5.03,0.569,0.102,26.3,13.55,15.12,28.66,31.84,19.56
745806,2024-06-25,2024,518934,R,656849,L,field_out,False,False,25.0,0.143,3.0,12.0,3.0,12.0,0.383,0.0,15.38,6.59,21.98,28.57,28.26,13.64,113.0,0.255,25.0,22.12,15.0,13.27,0.761,0.149,20.93,7.45,24.22,31.68,20.95,18.66,74.0,0.262,7.0,9.46,8.0,10.81,0.7969999999999999,0.184,16.43,8.13,14.49,22.61,29.93,8.54,377.0,0.288,93.0,24.67,41.0,10.88,0.823,0.163,29.54,13.33,15.47,28.8,29.06,23.19
745806,2024-06-25,2024,663330,R,656849,L,strikeout,True,False,11.0,0.333,2.0,18.18,2.0,18.18,1.344,0.556,29.41,12.82,17.95,30.77,11.76,15.38,8.0,0.25,3.0,37.5,0.0,0.0,0.625,0.125,18.75,9.38,15.62,25.0,18.75,30.0,74.0,0.262,7.0,9.46,8.0,10.81,0.7969999999999999,0.184,16.43,8.13,14.49,22.61,29.93,8.54,377.0,0.288,93.0,24.67,41.0,10.88,0.823,0.163,29.54,13.33,15.47,28.8,29.06,23.19
745806,2024-06-25,2024,624431,R,656849,L,hit_by_pitch,False,False,66.0,0.207,9.0,13.64,6.0,9.09,0.6910000000000001,0.207,19.09,7.55,20.86,28.42,24.03,10.98,44.0,0.268,2.0,4.55,3.0,6.82,0.781,0.195,11.11,5.49,18.9,24.39,37.21,4.08,74.0,0.262,7.0,9.46,8.0,10.81,0.7969999999999999,0.184,16.43,8.13,14.49,22.61,29.93,8.54,377.0,0.288,93.0,24.67,41.0,10.88,0.823,0.163,29.54,13.33,15.47,28.8,29.06,23.19
745806,2024-06-25,2024,683011,R,656849,L,strikeout,True,False,94.0,0.282,16.0,17.02,8.0,8.51,0.756,0.13,17.03,7.95,18.46,26.41,24.87,14.16,134.0,0.248,35.0,26.12,16.0,11.94,0.817,0.2309999999999999,28.81,13.49,15.8,29.29,27.07,23.49,74.0,0.262,7.0,9.46,8.0,10.81,0.7969999999999999,0.184,16.43,8.13,14.49,22.61,29.93,8.54,377.0,0.288,93.0,24.67,41.0,10.88,0.823,0.163,29.54,13.33,15.47,28.8,29.06,23.19
745806,2024-06-25,2024,668901,R,543037,R,home_run,False,False,72.0,0.258,18.0,25.0,5.0,6.94,0.761,0.197,37.41,19.26,15.19,34.44,33.33,22.5,145.0,0.209,41.0,28.28,8.0,5.52,0.643,0.172,34.08,18.24,17.03,35.27,36.73,29.93,4.0,0.0,2.0,50.0,0.0,0.0,0.0,0.0,30.0,20.0,6.67,26.67,42.86,33.33,437.0,0.21,116.0,26.54,22.0,5.03,0.569,0.102,26.3,13.55,15.12,28.66,31.84,19.56
745806,2024-06-25,2024,643446,L,543037,R,field_out,False,False,188.0,0.195,21.0,11.17,16.0,8.51,0.5569999999999999,0.08899999999999997,13.73,7.04,14.4,21.44,28.2,12.35,447.0,0.26,48.0,10.74,25.0,5.59,0.6930000000000001,0.1149999999999999,14.08,7.59,11.21,18.8,32.05,12.57,12.0,0.273,3.0,25.0,1.0,8.33,0.788,0.182,17.65,6.38,27.66,34.04,17.39,23.08,385.0,0.202,106.0,27.53,26.0,6.75,0.595,0.131,25.96,12.52,16.92,29.44,27.48,20.27
745806,2024-06-25,2024,664056,R,543037,R,home_run,False,False,148.0,0.299,33.0,22.3,7.0,4.73,0.754,0.10999999999999999,26.46,12.52,20.44,32.97,35.53,22.0,248.0,0.207,45.0,18.15,9.0,3.63,0.504,0.056,25.06,12.41,16.74,29.16,37.02,20.45,4.0,0.0,2.0,50.0,0.0,0.0,0.0,0.0,30.0,20.0,6.67,26.67,42.86,33.33,437.0,0.21,116.0,26.54,22.0,5.03,0.569,0.102,26.3,13.55,15.12,28.66,31.84,19.56
745806,2024-06-25,2024,596019,L,543037,R,field_out,False,False,259.0,0.225,52.0,20.08,19.0,7.34,0.698,0.17800000000000002,23.53,11.3,15.84,27.14,25.59,18.37,483.0,0.242,102.0,21.12,51.0,10.56,0.757,0.182,23.68,11.49,14.35,25.84,28.12,17.29,12.0,0.273,3.0,25.0,1.0,8.33,0.788,0.182,17.65,6.38,27.66,34.04,17.39,23.08,385.0,0.202,106.0,27.53,26.0,6.75,0.595,0.131,25.96,12.52,16.92,29.44,27.48,20.27
745806,2024-06-25,2024,607043,L,543037,R,field_out,False,False,234.0,0.24,59.0,25.21,35.0,14.96,0.788,0.177,23.43,9.7,16.91,26.61,20.46,17.56,448.0,0.266,98.0,21.88,60.0,13.39,0.874,0.235,20.87,8.67,19.47,28.14,19.23,16.42,12.0,0.273,3.0,25.0,1.0,8.33,0.788,0.182,17.65,6.38,27.66,34.04,17.39,23.08,385.0,0.202,106.0,27.53,26.0,6.75,0.595,0.131,25.96,12.52,16.92,29.44,27.48,20.27
745806,2024-06-25,2024,665742,L,656849,L,field_out,False,False,96.0,0.312,14.0,14.58,16.0,16.67,0.933,0.194,16.35,6.44,20.3,26.73,19.49,11.29,207.0,0.256,48.0,23.19,33.0,15.94,0.813,0.18,25.32,9.65,20.51,30.16,20.61,20.17,24.0,0.304,5.0,20.83,0.0,0.0,0.637,0.0,21.05,11.76,16.18,27.94,42.42,29.41,117.0,0.283,35.0,29.91,9.0,7.69,0.822,0.189,29.73,14.07,18.12,32.2,29.33,24.31
745806,2024-06-25,2024,592450,R,656849,L,hit_by_pitch,False,False,78.0,0.276,22.0,28.21,20.0,25.64,1.117,0.379,36.36,13.06,15.43,28.49,16.85,24.44,74.0,0.274,21.0,28.38,11.0,14.86,1.0550000000000002,0.403,34.59,13.9,15.71,29.61,19.89,21.65,74.0,0.262,7.0,9.46,8.0,10.81,0.7969999999999999,0.184,16.43,8.13,14.49,22.61,29.93,8.54,377.0,0.288,93.0,24.67,41.0,10.88,0.823,0.163,29.54,13.33,15.47,28.8,29.06,23.19
745806,2024-06-25,2024,650402,R,656849,L,strikeout,True,False,75.0,0.215,19.0,25.33,8.0,10.67,0.6759999999999999,0.154,26.67,12.75,16.23,28.99,21.52,14.07,128.0,0.278,20.0,15.62,17.0,13.28,0.921,0.268,22.12,9.54,15.71,25.25,21.8,13.33,74.0,0.262,7.0,9.46,8.0,10.81,0.7969999999999999,0.184,16.43,8.13,14.49,22.61,29.93,8.54,377.0,0.288,93.0,24.67,41.0,10.88,0.823,0.163,29.54,13.33,15.47,28.8,29.06,23.19
745806,2024-06-25,2024,657077,L,656849,L,field_out,False,False,88.0,0.2,14.0,15.91,10.0,11.36,0.602,0.10699999999999998,17.24,6.81,21.53,28.34,21.02,13.08,161.0,0.22,27.0,16.77,15.0,9.32,0.61,0.0779999999999999,17.21,6.6,24.69,31.29,20.83,15.61,24.0,0.304,5.0,20.83,0.0,0.0,0.637,0.0,21.05,11.76,16.18,27.94,42.42,29.41,117.0,0.283,35.0,29.91,9.0,7.69,0.822,0.189,29.73,14.07,18.12,32.2,29.33,24.31
745806,2024-06-25,2024,502110,R,543037,R,field_out,False,False,146.0,0.269,43.0,29.45,9.0,6.16,0.7849999999999999,0.20099999999999996,28.67,14.53,15.37,29.9,31.14,21.29,343.0,0.27,106.0,30.9,21.0,6.12,0.8799999999999999,0.2979999999999999,35.71,19.2,12.73,31.93,33.23,24.42,4.0,0.0,2.0,50.0,0.0,0.0,0.0,0.0,30.0,20.0,6.67,26.67,42.86,33.33,437.0,0.21,116.0,26.54,22.0,5.03,0.569,0.102,26.3,13.55,15.12,28.66,31.84,19.56
745806,2024-06-25,2024,624413,R,543037,R,field_out,False,False,247.0,0.251,49.0,19.84,24.0,9.72,0.786,0.20600000000000002,22.65,9.99,19.66,29.65,28.29,18.18,475.0,0.214,109.0,22.95,44.0,9.26,0.8069999999999999,0.281,26.53,11.43,18.24,29.67,27.59,22.11,4.0,0.0,2.0,50.0,0.0,0.0,0.0,0.0,30.0,20.0,6.67,26.67,42.86,33.33,437.0,0.21,116.0,26.54,22.0,5.03,0.569,0.102,26.3,13.55,15.12,28.66,31.84,19.56
745806,2024-06-25,2024,682626,R,543037,R,walk,False,True,69.0,0.292,16.0,23.19,4.0,5.8,0.779,0.15400000000000003,34.33,17.76,15.83,33.59,32.77,19.05,275.0,0.229,73.0,26.55,17.0,6.18,0.7769999999999999,0.257,32.18,14.61,18.33,32.94,27.78,26.07,4.0,0.0,2.0,50.0,0.0,0.0,0.0,0.0,30.0,20.0,6.67,26.67,42.86,33.33,437.0,0.21,116.0,26.54,22.0,5.03,0.569,0.102,26.3,13.55,15.12,28.66,31.84,19.56
745806,2024-06-25,2024,621438,R,543037,R,field_out,False,False,97.0,0.25,22.0,22.68,5.0,5.15,0.7,0.14800000000000002,20.56,9.87,19.47,29.33,29.61,18.97,162.0,0.23,37.0,22.84,6.0,3.7,0.706,0.204,25.24,12.91,16.56,29.47,36.98,19.47,4.0,0.0,2.0,50.0,0.0,0.0,0.0,0.0,30.0,20.0,6.67,26.67,42.86,33.33,437.0,0.21,116.0,26.54,22.0,5.03,0.569,0.102,26.3,13.55,15.12,28.66,31.84,19.56
745806,2024-06-25,2024,605204,R,656849,L,strikeout,True,False,37.0,0.265,8.0,21.62,3.0,8.11,0.7949999999999999,0.20599999999999996,33.78,16.67,15.33,32.0,24.66,14.55,159.0,0.246,42.0,26.42,12.0,7.55,0.729,0.177,31.08,17.12,8.31,25.42,26.55,23.6,74.0,0.262,7.0,9.46,8.0,10.81,0.7969999999999999,0.184,16.43,8.13,14.49,22.61,29.93,8.54,377.0,0.288,93.0,24.67,41.0,10.88,0.823,0.163,29.54,13.33,15.47,28.8,29.06,23.19
745806,2024-06-25,2024,518934,R,656849,L,walk,False,True,25.0,0.143,3.0,12.0,3.0,12.0,0.383,0.0,15.38,6.59,21.98,28.57,28.26,13.64,113.0,0.255,25.0,22.12,15.0,13.27,0.761,0.149,20.93,7.45,24.22,31.68,20.95,18.66,74.0,0.262,7.0,9.46,8.0,10.81,0.7969999999999999,0.184,16.43,8.13,14.49,22.61,29.93,8.54,377.0,0.288,93.0,24.67,41.0,10.88,0.823,0.163,29.54,13.33,15.47,28.8,29.06,23.19
745806,2024-06-25,2024,663330,R,656849,L,field_out,False,False,11.0,0.333,2.0,18.18,2.0,18.18,1.344,0.556,29.41,12.82,17.95,30.77,11.76,15.38,8.0,0.25,3.0,37.5,0.0,0.0,0.625,0.125,18.75,9.38,15.62,25.0,18.75,30.0,74.0,0.262,7.0,9.46,8.0,10.81,0.7969999999999999,0.184,16.43,8.13,14.49,22.61,29.93,8.54,377.0,0.288,93.0,24.67,41.0,10.88,0.823,0.163,29.54,13.33,15.47,28.8,29.06,23.19
745806,2024-06-25,2024,624431,R,656849,L,single,False,False,66.0,0.207,9.0,13.64,6.0,9.09,0.6910000000000001,0.207,19.09,7.55,20.86,28.42,24.03,10.98,44.0,0.268,2.0,4.55,3.0,6.82,0.781,0.195,11.11,5.49,18.9,24.39,37.21,4.08,74.0,0.262,7.0,9.46,8.0,10.81,0.7969999999999999,0.184,16.43,8.13,14.49,22.61,29.93,8.54,377.0,0.288,93.0,24.67,41.0,10.88,0.823,0.163,29.54,13.33,15.47,28.8,29.06,23.19
745806,2024-06-25,2024,683011,R,656849,L,strikeout,True,False,94.0,0.282,16.0,17.02,8.0,8.51,0.756,0.13,17.03,7.95,18.46,26.41,24.87,14.16,134.0,0.248,35.0,26.12,16.0,11.94,0.817,0.2309999999999999,28.81,13.49,15.8,29.29,27.07,23.49,74.0,0.262,7.0,9.46,8.0,10.81,0.7969999999999999,0.184,16.43,8.13,14.49,22.61,29.93,8.54,377.0,0.288,93.0,24.67,41.0,10.88,0.823,0.163,29.54,13.33,15.47,28.8,29.06,23.19
745806,2024-06-25,2024,668901,R,543037,R,home_run,False,False,72.0,0.258,18.0,25.0,5.0,6.94,0.761,0.197,37.41,19.26,15.19,34.44,33.33,22.5,145.0,0.209,41.0,28.28,8.0,5.52,0.643,0.172,34.08,18.24,17.03,35.27,36.73,29.93,4.0,0.0,2.0,50.0,0.0,0.0,0.0,0.0,30.0,20.0,6.67,26.67,42.86,33.33,437.0,0.21,116.0,26.54,22.0,5.03,0.569,0.102,26.3,13.55,15.12,28.66,31.84,19.56
745806,2024-06-25,2024,643446,L,543037,R,single,False,False,188.0,0.195,21.0,11.17,16.0,8.51,0.5569999999999999,0.08899999999999997,13.73,7.04,14.4,21.44,28.2,12.35,447.0,0.26,48.0,10.74,25.0,5.59,0.6930000000000001,0.1149999999999999,14.08,7.59,11.21,18.8,32.05,12.57,12.0,0.273,3.0,25.0,1.0,8.33,0.788,0.182,17.65,6.38,27.66,34.04,17.39,23.08,385.0,0.202,106.0,27.53,26.0,6.75,0.595,0.131,25.96,12.52,16.92,29.44,27.48,20.27
745806,2024-06-25,2024,664056,R,543037,R,field_out,False,False,148.0,0.299,33.0,22.3,7.0,4.73,0.754,0.10999999999999999,26.46,12.52,20.44,32.97,35.53,22.0,248.0,0.207,45.0,18.15,9.0,3.63,0.504,0.056,25.06,12.41,16.74,29.16,37.02,20.45,4.0,0.0,2.0,50.0,0.0,0.0,0.0,0.0,30.0,20.0,6.67,26.67,42.86,33.33,437.0,0.21,116.0,26.54,22.0,5.03,0.569,0.102,26.3,13.55,15.12,28.66,31.84,19.56
745806,2024-06-25,2024,596019,L,543037,R,field_out,False,False,259.0,0.225,52.0,20.08,19.0,7.34,0.698,0.17800000000000002,23.53,11.3,15.84,27.14,25.59,18.37,483.0,0.242,102.0,21.12,51.0,10.56,0.757,0.182,23.68,11.49,14.35,25.84,28.12,17.29,12.0,0.273,3.0,25.0,1.0,8.33,0.788,0.182,17.65,6.38,27.66,34.04,17.39,23.08,385.0,0.202,106.0,27.53,26.0,6.75,0.595,0.131,25.96,12.52,16.92,29.44,27.48,20.27
745806,2024-06-25,2024,607043,L,543037,R,home_run,False,False,234.0,0.24,59.0,25.21,35.0,14.96,0.788,0.177,23.43,9.7,16.91,26.61,20.46,17.56,448.0,0.266,98.0,21.88,60.0,13.39,0.874,0.235,20.87,8.67,19.47,28.14,19.23,16.42,12.0,0.273,3.0,25.0,1.0,8.33,0.788,0.182,17.65,6.38,27.66,34.04,17.39,23.08,385.0,0.202,106.0,27.53,26.0,6.75,0.595,0.131,25.96,12.52,16.92,29.44,27.48,20.27
745806,2024-06-25,2024,502110,R,543037,R,field_out,False,False,146.0,0.269,43.0,29.45,9.0,6.16,0.7849999999999999,0.20099999999999996,28.67,14.53,15.37,29.9,31.14,21.29,343.0,0.27,106.0,30.9,21.0,6.12,0.8799999999999999,0.2979999999999999,35.71,19.2,12.73,31.93,33.23,24.42,4.0,0.0,2.0,50.0,0.0,0.0,0.0,0.0,30.0,20.0,6.67,26.67,42.86,33.33,437.0,0.21,116.0,26.54,22.0,5.03,0.569,0.102,26.3,13.55,15.12,28.66,31.84,19.56
745806,2024-06-25,2024,665742,L,656849,L,home_run,False,False,96.0,0.312,14.0,14.58,16.0,16.67,0.933,0.194,16.35,6.44,20.3,26.73,19.49,11.29,207.0,0.256,48.0,23.19,33.0,15.94,0.813,0.18,25.32,9.65,20.51,30.16,20.61,20.17,24.0,0.304,5.0,20.83,0.0,0.0,0.637,0.0,21.05,11.76,16.18,27.94,42.42,29.41,117.0,0.283,35.0,29.91,9.0,7.69,0.822,0.189,29.73,14.07,18.12,32.2,29.33,24.31
745806,2024-06-25,2024,592450,R,656849,L,field_out,False,False,78.0,0.276,22.0,28.21,20.0,25.64,1.117,0.379,36.36,13.06,15.43,28.49,16.85,24.44,74.0,0.274,21.0,28.38,11.0,14.86,1.0550000000000002,0.403,34.59,13.9,15.71,29.61,19.89,21.65,74.0,0.262,7.0,9.46,8.0,10.81,0.7969999999999999,0.184,16.43,8.13,14.49,22.61,29.93,8.54,377.0,0.288,93.0,24.67,41.0,10.88,0.823,0.163,29.54,13.33,15.47,28.8,29.06,23.19
745806,2024-06-25,2024,650402,R,656849,L,walk,False,True,75.0,0.215,19.0,25.33,8.0,10.67,0.6759999999999999,0.154,26.67,12.75,16.23,28.99,21.52,14.07,128.0,0.278,20.0,15.62,17.0,13.28,0.921,0.268,22.12,9.54,15.71,25.25,21.8,13.33,74.0,0.262,7.0,9.46,8.0,10.81,0.7969999999999999,0.184,16.43,8.13,14.49,22.61,29.93,8.54,377.0,0.288,93.0,24.67,41.0,10.88,0.823,0.163,29.54,13.33,15.47,28.8,29.06,23.19
745806,2024-06-25,2024,657077,L,656849,L,walk,False,True,88.0,0.2,14.0,15.91,10.0,11.36,0.602,0.10699999999999998,17.24,6.81,21.53,28.34,21.02,13.08,161.0,0.22,27.0,16.77,15.0,9.32,0.61,0.0779999999999999,17.21,6.6,24.69,31.29,20.83,15.61,24.0,0.304,5.0,20.83,0.0,0.0,0.637,0.0,21.05,11.76,16.18,27.94,42.42,29.41,117.0,0.283,35.0,29.91,9.0,7.69,0.822,0.189,29.73,14.07,18.12,32.2,29.33,24.31
745806,2024-06-25,2024,605204,R,673380,R,grounded_into_double_play,False,False,98.0,0.225,22.0,22.45,6.0,6.12,0.622,0.101,35.64,19.53,12.83,32.36,26.92,26.19,390.0,0.249,110.0,28.21,40.0,10.26,0.742,0.1589999999999999,35.24,18.37,11.47,29.84,26.41,23.09,54.0,0.157,21.0,38.89,1.0,1.85,0.487,0.157,39.83,22.38,16.67,39.05,32.95,31.82,,,,,,,,,,,,,,
745806,2024-06-25,2024,624413,R,641360,R,field_out,False,False,247.0,0.251,49.0,19.84,24.0,9.72,0.786,0.20600000000000002,22.65,9.99,19.66,29.65,28.29,18.18,475.0,0.214,109.0,22.95,44.0,9.26,0.8069999999999999,0.281,26.53,11.43,18.24,29.67,27.59,22.11,3.0,0.0,0.0,0.0,0.0,0.0,0.333,0.0,33.33,20.0,20.0,40.0,66.67,,177.0,0.25,47.0,26.55,26.0,14.69,0.812,0.196,30.92,14.21,15.41,29.61,26.05,18.88
745806,2024-06-25,2024,682626,R,641360,R,single,False,False,69.0,0.292,16.0,23.19,4.0,5.8,0.779,0.15400000000000003,34.33,17.76,15.83,33.59,32.77,19.05,275.0,0.229,73.0,26.55,17.0,6.18,0.7769999999999999,0.257,32.18,14.61,18.33,32.94,27.78,26.07,3.0,0.0,0.0,0.0,0.0,0.0,0.333,0.0,33.33,20.0,20.0,40.0,66.67,,177.0,0.25,47.0,26.55,26.0,14.69,0.812,0.196,30.92,14.21,15.41,29.61,26.05,18.88
745806,2024-06-25,2024,621438,R,641360,R,field_out,False,False,97.0,0.25,22.0,22.68,5.0,5.15,0.7,0.14800000000000002,20.56,9.87,19.47,29.33,29.61,18.97,162.0,0.23,37.0,22.84,6.0,3.7,0.706,0.204,25.24,12.91,16.56,29.47,36.98,19.47,3.0,0.0,0.0,0.0,0.0,0.0,0.333,0.0,33.33,20.0,20.0,40.0,66.67,,177.0,0.25,47.0,26.55,26.0,14.69,0.812,0.196,30.92,14.21,15.41,29.61,26.05,18.88
745806,2024-06-25,2024,668901,R,641360,R,force_out,False,False,72.0,0.258,18.0,25.0,5.0,6.94,0.761,0.197,37.41,19.26,15.19,34.44,33.33,22.5,145.0,0.209,41.0,28.28,8.0,5.52,0.643,0.172,34.08,18.24,17.03,35.27,36.73,29.93,3.0,0.0,0.0,0.0,0.0,0.0,0.333,0.0,33.33,20.0,20.0,40.0,66.67,,177.0,0.25,47.0,26.55,26.0,14.69,0.812,0.196,30.92,14.21,15.41,29.61,26.05,18.88
745806,2024-06-25,2024,518934,R,673380,R,field_out,False,False,51.0,0.205,12.0,23.53,6.0,11.76,0.505,0.0,20.69,9.14,21.83,30.96,30.23,21.05,450.0,0.241,100.0,22.22,45.0,10.0,0.7070000000000001,0.146,19.38,7.76,24.06,31.82,23.84,20.0,54.0,0.157,21.0,38.89,1.0,1.85,0.487,0.157,39.83,22.38,16.67,39.05,32.95,31.82,,,,,,,,,,,,,,
745806,2024-06-25,2024,663330,R,673380,R,field_out,False,False,12.0,0.111,5.0,41.67,0.0,0.0,0.384,0.0,25.0,12.9,22.58,35.48,36.36,62.5,3.0,0.0,2.0,66.67,1.0,33.33,0.333,0.0,57.14,23.53,17.65,41.18,14.29,28.57,54.0,0.157,21.0,38.89,1.0,1.85,0.487,0.157,39.83,22.38,16.67,39.05,32.95,31.82,,,,,,,,,,,,,,
745806,2024-06-25,2024,624431,R,673380,R,strikeout,True,False,95.0,0.273,16.0,16.84,5.0,5.26,0.725,0.13599999999999995,18.66,7.62,23.78,31.4,31.4,20.78,125.0,0.19,20.0,16.0,5.0,4.0,0.495,0.069,18.59,8.22,23.33,31.56,37.86,15.5,54.0,0.157,21.0,38.89,1.0,1.85,0.487,0.157,39.83,22.38,16.67,39.05,32.95,31.82,,,,,,,,,,,,,,
745806,2024-06-25,2024,643446,L,641360,R,single,False,False,188.0,0.195,21.0,11.17,16.0,8.51,0.5569999999999999,0.08899999999999997,13.73,7.04,14.4,21.44,28.2,12.35,447.0,0.26,48.0,10.74,25.0,5.59,0.6930000000000001,0.1149999999999999,14.08,7.59,11.21,18.8,32.05,12.57,3.0,0.0,1.0,33.33,0.0,0.0,0.0,0.0,50.0,27.27,18.18,45.45,0.0,50.0,127.0,0.202,29.0,22.83,13.0,10.24,0.623,0.119,27.95,14.34,11.31,25.66,33.07,18.12
745806,2024-06-25,2024,664056,R,641360,R,single,False,False,148.0,0.299,33.0,22.3,7.0,4.73,0.754,0.10999999999999999,26.46,12.52,20.44,32.97,35.53,22.0,248.0,0.207,45.0,18.15,9.0,3.63,0.504,0.056,25.06,12.41,16.74,29.16,37.02,20.45,3.0,0.0,0.0,0.0,0.0,0.0,0.333,0.0,33.33,20.0,20.0,40.0,66.67,,177.0,0.25,47.0,26.55,26.0,14.69,0.812,0.196,30.92,14.21,15.41,29.61,26.05,18.88
745806,2024-06-25,2024,596019,L,641360,R,strikeout,True,False,259.0,0.225,52.0,20.08,19.0,7.34,0.698,0.17800000000000002,23.53,11.3,15.84,27.14,25.59,18.37,483.0,0.242,102.0,21.12,51.0,10.56,0.757,0.182,23.68,11.49,14.35,25.84,28.12,17.29,3.0,0.0,1.0,33.33,0.0,0.0,0.0,0.0,50.0,27.27,18.18,45.45,0.0,50.0,127.0,0.202,29.0,22.83,13.0,10.24,0.623,0.119,27.95,14.34,11.31,25.66,33.07,18.12
745806,2024-06-25,2024,607043,L,641360,R,field_error,False,False,234.0,0.24,59.0,25.21,35.0,14.96,0.788,0.177,23.43,9.7,16.91,26.61,20.46,17.56,448.0,0.266,98.0,21.88,60.0,13.39,0.874,0.235,20.87,8.67,19.47,28.14,19.23,16.42,3.0,0.0,1.0,33.33,0.0,0.0,0.0,0.0,50.0,27.27,18.18,45.45,0.0,50.0,127.0,0.202,29.0,22.83,13.0,10.24,0.623,0.119,27.95,14.34,11.31,25.66,33.07,18.12
745806,2024-06-25,2024,502110,R,543859,R,double,False,False,146.0,0.269,43.0,29.45,9.0,6.16,0.7849999999999999,0.20099999999999996,28.67,14.53,15.37,29.9,31.14,21.29,343.0,0.27,106.0,30.9,21.0,6.12,0.8799999999999999,0.2979999999999999,35.71,19.2,12.73,31.93,33.23,24.42,97.0,0.205,26.0,26.8,9.0,9.28,0.5740000000000001,0.060000000000000026,30.05,13.55,17.98,31.53,31.78,20.16,172.0,0.19,42.0,24.42,11.0,6.4,0.613,0.183,25.53,12.71,17.19,29.9,29.81,17.8
745806,2024-06-25,2024,624413,R,543859,R,sac_fly,False,False,247.0,0.251,49.0,19.84,24.0,9.72,0.786,0.20600000000000002,22.65,9.99,19.66,29.65,28.29,18.18,475.0,0.214,109.0,22.95,44.0,9.26,0.8069999999999999,0.281,26.53,11.43,18.24,29.67,27.59,22.11,97.0,0.205,26.0,26.8,9.0,9.28,0.5740000000000001,0.060000000000000026,30.05,13.55,17.98,31.53,31.78,20.16,172.0,0.19,42.0,24.42,11.0,6.4,0.613,0.183,25.53,12.71,17.19,29.9,29.81,17.8
745806,2024-06-25,2024,682626,R,543859,R,field_out,False,False,69.0,0.292,16.0,23.19,4.0,5.8,0.779,0.15400000000000003,34.33,17.76,15.83,33.59,32.77,19.05,275.0,0.229,73.0,26.55,17.0,6.18,0.7769999999999999,0.257,32.18,14.61,18.33,32.94,27.78,26.07,97.0,0.205,26.0,26.8,9.0,9.28,0.5740000000000001,0.060000000000000026,30.05,13.55,17.98,31.53,31.78,20.16,172.0,0.19,42.0,24.42,11.0,6.4,0.613,0.183,25.53,12.71,17.19,29.9,29.81,17.8
745806,2024-06-25,2024,683011,R,673380,R,field_error,False,False,269.0,0.267,59.0,21.93,18.0,6.69,0.737,0.14499999999999996,23.82,11.48,18.22,29.7,29.89,18.79,467.0,0.198,132.0,28.27,36.0,7.71,0.624,0.1579999999999999,28.15,13.53,17.49,31.02,29.16,23.4,54.0,0.157,21.0,38.89,1.0,1.85,0.487,0.157,39.83,22.38,16.67,39.05,32.95,31.82,,,,,,,,,,,,,,
745806,2024-06-25,2024,665742,L,673380,R,field_out,False,False,253.0,0.302,43.0,17.0,47.0,18.58,1.017,0.282,24.61,8.86,18.84,27.71,16.41,14.78,502.0,0.283,81.0,16.14,99.0,19.72,0.98,0.2730000000000001,18.45,6.31,19.31,25.62,15.09,14.14,18.0,0.25,6.0,33.33,2.0,11.11,0.833,0.25,31.11,18.67,10.67,29.33,40.0,20.69,,,,,,,,,,,,,,
745806,2024-06-25,2024,592450,R,673380,R,double,False,False,266.0,0.306,66.0,24.81,38.0,14.29,1.105,0.38799999999999996,31.56,13.82,14.72,28.55,19.43,19.82,384.0,0.266,109.0,28.39,77.0,20.05,1.011,0.3339999999999999,36.96,15.02,15.7,30.72,19.29,24.12,54.0,0.157,21.0,38.89,1.0,1.85,0.487,0.157,39.83,22.38,16.67,39.05,32.95,31.82,,,,,,,,,,,,,,
745806,2024-06-25,2024,650402,R,673380,R,field_out,False,False,247.0,0.219,57.0,23.08,22.0,8.91,0.622,0.11000000000000001,25.64,11.83,16.52,28.35,21.33,16.43,544.0,0.273,78.0,14.34,50.0,9.19,0.772,0.1589999999999999,21.74,10.32,15.57,25.89,26.86,11.29,54.0,0.157,21.0,38.89,1.0,1.85,0.487,0.157,39.83,22.38,16.67,39.05,32.95,31.82,,,,,,,,,,,,,,
745806,2024-06-25,2024,657077,L,673380,R,strikeout,True,False,227.0,0.264,29.0,12.78,15.0,6.61,0.746,0.174,13.92,6.41,19.7,26.11,27.21,11.69,441.0,0.279,66.0,14.97,30.0,6.8,0.793,0.185,15.08,6.28,20.52,26.8,22.64,14.93,18.0,0.25,6.0,33.33,2.0,11.11,0.833,0.25,31.11,18.67,10.67,29.33,40.0,20.69,,,,,,,,,,,,,,
745806,2024-06-25,2024,621438,R,657612,L,field_out,False,False,52.0,0.216,12.0,23.08,1.0,1.92,0.506,0.059000000000000025,25.0,12.9,17.2,30.11,36.08,25.0,81.0,0.241,18.0,22.22,2.0,2.47,0.7270000000000001,0.227,24.34,12.94,16.43,29.37,33.06,22.22,71.0,0.375,9.0,12.68,6.0,8.45,0.861,0.063,12.88,6.25,15.07,21.32,21.43,12.0,110.0,0.378,15.0,13.64,9.0,8.18,1.037,0.2239999999999999,16.49,8.31,14.03,22.34,25.41,14.71
745806,2024-06-25,2024,668901,R,657612,L,strikeout,True,False,53.0,0.333,9.0,16.98,5.0,9.43,1.021,0.292,26.21,14.75,10.38,25.14,32.65,20.45,88.0,0.214,30.0,34.09,2.0,2.27,0.584,0.1309999999999999,40.66,21.26,14.94,36.21,36.02,26.79,71.0,0.375,9.0,12.68,6.0,8.45,0.861,0.063,12.88,6.25,15.07,21.32,21.43,12.0,110.0,0.378,15.0,13.64,9.0,8.18,1.037,0.2239999999999999,16.49,8.31,14.03,22.34,25.41,14.71
745806,2024-06-25,2024,643446,L,657612,L,field_out,False,False,76.0,0.25,10.0,13.16,3.0,3.95,0.608,0.069,12.75,6.6,11.46,18.06,25.0,12.35,201.0,0.294,17.0,8.46,14.0,6.97,0.753,0.09,12.21,6.17,14.39,20.56,24.68,10.37,54.0,0.408,4.0,7.41,4.0,7.41,0.9530000000000001,0.08200000000000002,12.79,6.4,16.28,22.67,36.36,9.3,92.0,0.275,11.0,11.96,5.0,5.43,0.752,0.125,13.33,6.61,18.32,24.92,35.48,10.58
745806,2024-06-25,2024,700250,L,493603,R,single,False,False,11.0,0.5,0.0,0.0,2.0,18.18,1.045,0.0,15.0,6.38,12.77,19.15,28.57,0.0,,,,,,,,,,,,,,,52.0,0.25,16.0,30.77,5.0,9.62,0.823,0.22699999999999998,31.07,15.02,18.78,33.8,36.04,21.62,100.0,0.217,25.0,25.0,15.0,15.0,0.789,0.229,29.28,12.96,16.63,29.58,29.03,21.74
745806,2024-06-25,2024,518934,R,493603,R,field_out,False,False,51.0,0.205,12.0,23.53,6.0,11.76,0.505,0.0,20.69,9.14,21.83,30.96,30.23,21.05,450.0,0.241,100.0,22.22,45.0,10.0,0.7070000000000001,0.146,19.38,7.76,24.06,31.82,23.84,20.0,75.0,0.209,25.0,33.33,6.0,8.0,0.568,0.07499999999999998,26.89,10.56,23.76,34.32,24.18,26.32,161.0,0.203,37.0,22.98,14.0,8.7,0.581,0.072,23.79,9.42,23.0,32.43,25.31,19.89
745806,2024-06-25,2024,663757,L,493603,R,walk,False,True,63.0,0.12,18.0,28.57,10.0,15.87,0.634,0.24,24.72,7.83,24.2,32.03,7.58,22.78,412.0,0.178,118.0,28.64,56.0,13.59,0.623,0.147,29.65,12.55,17.63,30.18,22.3,21.15,52.0,0.25,16.0,30.77,5.0,9.62,0.823,0.22699999999999998,31.07,15.02,18.78,33.8,36.04,21.62,100.0,0.217,25.0,25.0,15.0,15.0,0.789,0.229,29.28,12.96,16.63,29.58,29.03,21.74
745806,2024-06-25,2024,669224,L,664849,L,single,False,False,19.0,0.176,6.0,31.58,2.0,10.53,0.439,0.0,40.0,17.65,25.0,42.65,34.38,35.29,6.0,0.0,2.0,33.33,0.0,0.0,0.0,0.0,45.45,21.74,13.04,34.78,25.0,100.0,13.0,0.167,5.0,38.46,1.0,7.69,0.398,0.0,40.0,17.54,17.54,35.09,38.71,33.33,15.0,0.308,5.0,33.33,1.0,6.67,0.785,0.077,24.0,10.17,25.42,35.59,23.08,29.41
745806,2024-06-25,2024,683011,R,664849,L,strikeout,True,False,94.0,0.282,16.0,17.02,8.0,8.51,0.756,0.13,17.03,7.95,18.46,26.41,24.87,14.16,134.0,0.248,35.0,26.12,16.0,11.94,0.817,0.2309999999999999,28.81,13.49,15.8,29.29,27.07,23.49,26.0,0.13,7.0,26.92,3.0,11.54,0.579,0.21799999999999997,37.78,17.53,19.59,37.11,45.9,21.88,20.0,0.176,6.0,30.0,1.0,5.0,0.476,0.0,33.33,13.16,21.05,34.21,27.27,26.09
745806,2024-06-25,2024,665742,L,664849,L,walk,False,True,96.0,0.312,14.0,14.58,16.0,16.67,0.933,0.194,16.35,6.44,20.3,26.73,19.49,11.29,207.0,0.256,48.0,23.19,33.0,15.94,0.813,0.18,25.32,9.65,20.51,30.16,20.61,20.17,13.0,0.167,5.0,38.46,1.0,7.69,0.398,0.0,40.0,17.54,17.54,35.09,38.71,33.33,15.0,0.308,5.0,33.33,1.0,6.67,0.785,0.077,24.0,10.17,25.42,35.59,23.08,29.41
745806,2024-06-25,2024,592450,R,657585,R,home_run,False,False,266.0,0.306,66.0,24.81,38.0,14.29,1.105,0.38799999999999996,31.56,13.82,14.72,28.55,19.43,19.82,384.0,0.266,109.0,28.39,77.0,20.05,1.011,0.3339999999999999,36.96,15.02,15.7,30.72,19.29,24.12,83.0,0.197,27.0,32.53,9.0,10.84,0.597,0.09899999999999998,39.13,19.27,14.07,33.33,34.21,24.32,61.0,0.333,10.0,16.39,5.0,8.2,0.863,0.13,29.75,14.46,14.46,28.92,26.52,11.36
745806,2024-06-25,2024,650402,R,657585,R,field_out,False,False,247.0,0.219,57.0,23.08,22.0,8.91,0.622,0.11000000000000001,25.64,11.83,16.52,28.35,21.33,16.43,544.0,0.273,78.0,14.34,50.0,9.19,0.772,0.1589999999999999,21.74,10.32,15.57,25.89,26.86,11.29,83.0,0.197,27.0,32.53,9.0,10.84,0.597,0.09899999999999998,39.13,19.27,14.07,33.33,34.21,24.32,61.0,0.333,10.0,16.39,5.0,8.2,0.863,0.13,29.75,14.46,14.46,28.92,26.52,11.36
745806,2024-06-25,2024,664056,R,592454,R,field_out,False,False,148.0,0.299,33.0,22.3,7.0,4.73,0.754,0.10999999999999999,26.46,12.52,20.44,32.97,35.53,22.0,248.0,0.207,45.0,18.15,9.0,3.63,0.504,0.056,25.06,12.41,16.74,29.16,37.02,20.45,28.0,0.273,6.0,21.43,6.0,21.43,1.065,0.363,33.33,13.43,12.69,26.12,21.95,14.29,80.0,0.191,26.0,32.5,10.0,12.5,0.583,0.088,41.03,19.57,15.6,35.17,27.84,26.0
745806,2024-06-25,2024,596019,L,592454,R,single,False,False,259.0,0.225,52.0,20.08,19.0,7.34,0.698,0.17800000000000002,23.53,11.3,15.84,27.14,25.59,18.37,483.0,0.242,102.0,21.12,51.0,10.56,0.757,0.182,23.68,11.49,14.35,25.84,28.12,17.29,18.0,0.062,8.0,44.44,1.0,5.56,0.229,0.0,54.05,27.03,16.22,43.24,39.13,32.0,85.0,0.176,22.0,25.88,9.0,10.59,0.637,0.202,29.22,12.47,19.67,32.13,30.46,19.82
745806,2024-06-25,2024,607043,L,592454,R,strikeout,True,False,234.0,0.24,59.0,25.21,35.0,14.96,0.788,0.177,23.43,9.7,16.91,26.61,20.46,17.56,448.0,0.266,98.0,21.88,60.0,13.39,0.874,0.235,20.87,8.67,19.47,28.14,19.23,16.42,18.0,0.062,8.0,44.44,1.0,5.56,0.229,0.0,54.05,27.03,16.22,43.24,39.13,32.0,85.0,0.176,22.0,25.88,9.0,10.59,0.637,0.202,29.22,12.47,19.67,32.13,30.46,19.82
745806,2024-06-25,2024,502110,R,592454,R,field_out,False,False,146.0,0.269,43.0,29.45,9.0,6.16,0.7849999999999999,0.20099999999999996,28.67,14.53,15.37,29.9,31.14,21.29,343.0,0.27,106.0,30.9,21.0,6.12,0.8799999999999999,0.2979999999999999,35.71,19.2,12.73,31.93,33.23,24.42,28.0,0.273,6.0,21.43,6.0,21.43,1.065,0.363,33.33,13.43,12.69,26.12,21.95,14.29,80.0,0.191,26.0,32.5,10.0,12.5,0.583,0.088,41.03,19.57,15.6,35.17,27.84,26.0
745806,2024-06-25,2024,657077,L,657585,R,field_out,False,False,227.0,0.264,29.0,12.78,15.0,6.61,0.746,0.174,13.92,6.41,19.7,26.11,27.21,11.69,441.0,0.279,66.0,14.97,30.0,6.8,0.793,0.185,15.08,6.28,20.52,26.8,22.64,14.93,72.0,0.234,29.0,40.28,8.0,11.11,0.694,0.141,38.33,16.31,18.44,34.75,33.33,34.94,27.0,0.167,6.0,22.22,2.0,7.41,0.68,0.291,26.32,15.15,9.09,24.24,38.46,21.43
745806,2024-06-25,2024,700250,L,657585,R,field_out,False,False,11.0,0.5,0.0,0.0,2.0,18.18,1.045,0.0,15.0,6.38,12.77,19.15,28.57,0.0,,,,,,,,,,,,,,,72.0,0.234,29.0,40.28,8.0,11.11,0.694,0.141,38.33,16.31,18.44,34.75,33.33,34.94,27.0,0.167,6.0,22.22,2.0,7.41,0.68,0.291,26.32,15.15,9.09,24.24,38.46,21.43
745806,2024-06-25,2024,518934,R,657585,R,strikeout,True,False,51.0,0.205,12.0,23.53,6.0,11.76,0.505,0.0,20.69,9.14,21.83,30.96,30.23,21.05,450.0,0.241,100.0,22.22,45.0,10.0,0.7070000000000001,0.146,19.38,7.76,24.06,31.82,23.84,20.0,83.0,0.197,27.0,32.53,9.0,10.84,0.597,0.09899999999999998,39.13,19.27,14.07,33.33,34.21,24.32,61.0,0.333,10.0,16.39,5.0,8.2,0.863,0.13,29.75,14.46,14.46,28.92,26.52,11.36
746943,2024-06-25,2024,666182,R,678394,R,strikeout,True,False,223.0,0.261,37.0,16.59,12.0,5.38,0.6950000000000001,0.125,21.58,12.35,11.29,23.64,36.03,16.52,496.0,0.303,102.0,20.56,20.0,4.03,0.797,0.161,21.9,12.38,11.73,24.11,38.01,17.91,150.0,0.243,33.0,22.0,10.0,6.67,0.6599999999999999,0.10999999999999999,21.4,10.03,18.86,28.89,31.16,18.75,346.0,0.229,88.0,25.43,24.0,6.94,0.6779999999999999,0.16,27.11,13.0,16.03,29.03,30.58,20.05
746943,2024-06-25,2024,687462,L,678394,R,hit_by_pitch,False,False,51.0,0.375,6.0,11.76,9.0,17.65,1.075,0.19999999999999996,14.89,6.6,17.92,24.53,23.81,7.89,38.0,0.265,10.0,26.32,3.0,7.89,0.754,0.1469999999999999,27.14,13.01,17.12,30.14,25.35,21.74,155.0,0.279,29.0,18.71,16.0,10.32,0.871,0.22799999999999998,27.92,12.17,16.45,28.62,27.46,18.59,322.0,0.313,44.0,13.66,21.0,6.52,0.883,0.209,21.39,10.43,13.34,23.77,28.42,13.66
746943,2024-06-25,2024,665489,R,678394,R,grounded_into_double_play,False,False,279.0,0.295,48.0,17.2,27.0,9.68,0.804,0.14300000000000002,24.34,11.72,15.35,27.07,26.79,14.2,558.0,0.26,85.0,15.23,48.0,8.6,0.792,0.2,23.83,12.29,11.94,24.23,30.21,15.37,150.0,0.243,33.0,22.0,10.0,6.67,0.6599999999999999,0.10999999999999999,21.4,10.03,18.86,28.89,31.16,18.75,346.0,0.229,88.0,25.43,24.0,6.94,0.6779999999999999,0.16,27.11,13.0,16.03,29.03,30.58,20.05
746943,2024-06-25,2024,680776,L,592332,R,field_out,False,False,251.0,0.303,53.0,21.12,20.0,7.97,0.913,0.25000000000000006,23.68,11.34,14.68,26.01,26.88,18.66,314.0,0.296,75.0,23.89,21.0,6.69,0.84,0.195,24.68,12.92,13.75,26.67,30.3,19.02,173.0,0.292,37.0,21.39,11.0,6.36,0.853,0.22400000000000003,24.4,11.66,16.64,28.31,28.96,16.97,350.0,0.25,103.0,29.43,28.0,8.0,0.731,0.172,27.92,13.34,17.63,30.97,31.79,21.06
746943,2024-06-25,2024,665839,L,592332,R,field_out,False,False,132.0,0.242,32.0,24.24,9.0,6.82,0.7629999999999999,0.23299999999999998,20.75,9.33,19.96,29.29,28.57,18.02,133.0,0.28,32.0,24.06,7.0,5.26,0.806,0.2079999999999999,23.05,10.04,20.07,30.11,28.72,21.48,173.0,0.292,37.0,21.39,11.0,6.36,0.853,0.22400000000000003,24.4,11.66,16.64,28.31,28.96,16.97,350.0,0.25,103.0,29.43,28.0,8.0,0.731,0.172,27.92,13.34,17.63,30.97,31.79,21.06
746943,2024-06-25,2024,677800,L,592332,R,strikeout,True,False,170.0,0.283,42.0,24.71,16.0,9.41,0.869,0.23700000000000004,29.88,14.39,15.27,29.66,26.05,19.35,75.0,0.333,18.0,24.0,9.0,12.0,0.928,0.182,30.07,13.61,16.77,30.38,23.72,18.0,173.0,0.292,37.0,21.39,11.0,6.36,0.853,0.22400000000000003,24.4,11.66,16.64,28.31,28.96,16.97,350.0,0.25,103.0,29.43,28.0,8.0,0.731,0.172,27.92,13.34,17.63,30.97,31.79,21.06
746943,2024-06-25,2024,457759,R,678394,R,walk,False,True,197.0,0.223,33.0,16.75,26.0,13.2,0.677,0.11400000000000002,18.77,8.5,17.23,25.73,26.21,10.71,462.0,0.273,78.0,16.88,33.0,7.14,0.765,0.1569999999999999,16.44,7.32,17.97,25.29,25.33,12.0,150.0,0.243,33.0,22.0,10.0,6.67,0.6599999999999999,0.10999999999999999,21.4,10.03,18.86,28.89,31.16,18.75,346.0,0.229,88.0,25.43,24.0,6.94,0.6779999999999999,0.16,27.11,13.0,16.03,29.03,30.58,20.05
746943,2024-06-25,2024,543807,R,678394,R,strikeout,True,False,227.0,0.208,38.0,16.74,23.0,10.13,0.598,0.099,23.13,12.03,13.28,25.31,23.71,16.67,539.0,0.262,101.0,18.74,43.0,7.98,0.738,0.1489999999999999,23.18,11.37,14.48,25.84,23.35,18.21,150.0,0.243,33.0,22.0,10.0,6.67,0.6599999999999999,0.10999999999999999,21.4,10.03,18.86,28.89,31.16,18.75,346.0,0.229,88.0,25.43,24.0,6.94,0.6779999999999999,0.16,27.11,13.0,16.03,29.03,30.58,20.05
746943,2024-06-25,2024,680718,L,678394,R,double_play,False,False,39.0,0.216,9.0,23.08,1.0,2.56,0.48,0.026999999999999996,24.32,12.59,18.88,31.47,35.71,20.93,,,,,,,,,,,,,,,155.0,0.279,29.0,18.71,16.0,10.32,0.871,0.22799999999999998,27.92,12.17,16.45,28.62,27.46,18.59,322.0,0.313,44.0,13.66,21.0,6.52,0.883,0.209,21.39,10.43,13.34,23.77,28.42,13.66
746943,2024-06-25,2024,646240,L,592332,R,home_run,False,False,191.0,0.296,34.0,17.8,26.0,13.61,1.004,0.321,24.86,11.81,12.86,24.67,29.55,15.45,469.0,0.27,89.0,18.98,51.0,10.87,0.863,0.235,25.44,13.04,9.74,22.78,33.05,15.06,173.0,0.292,37.0,21.39,11.0,6.36,0.853,0.22400000000000003,24.4,11.66,16.64,28.31,28.96,16.97,350.0,0.25,103.0,29.43,28.0,8.0,0.731,0.172,27.92,13.34,17.63,30.97,31.79,21.06
746943,2024-06-25,2024,641933,R,592332,R,field_error,False,False,152.0,0.219,50.0,32.89,12.0,7.89,0.734,0.226,33.1,15.06,17.27,32.33,27.07,24.39,187.0,0.233,53.0,28.34,15.0,8.02,0.6839999999999999,0.157,29.39,13.29,17.12,30.41,25.99,26.5,170.0,0.239,42.0,24.71,8.0,4.71,0.655,0.138,24.65,13.19,14.07,27.26,35.45,18.83,416.0,0.218,134.0,32.21,27.0,6.49,0.6180000000000001,0.124,29.84,15.11,15.79,30.9,33.37,26.53
746943,2024-06-25,2024,807799,L,592332,R,double,False,False,101.0,0.278,14.0,13.86,7.0,6.93,0.706,0.07799999999999996,16.76,7.21,19.65,26.87,24.12,12.39,437.0,0.293,58.0,13.27,22.0,5.03,0.795,0.167,17.2,7.54,21.09,28.63,28.96,13.65,173.0,0.292,37.0,21.39,11.0,6.36,0.853,0.22400000000000003,24.4,11.66,16.64,28.31,28.96,16.97,350.0,0.25,103.0,29.43,28.0,8.0,0.731,0.172,27.92,13.34,17.63,30.97,31.79,21.06
746943,2024-06-25,2024,642086,L,592332,R,field_out,False,False,129.0,0.198,25.0,19.38,15.0,11.63,0.598,0.08999999999999997,24.12,11.46,15.42,26.88,28.63,20.16,414.0,0.263,62.0,14.98,33.0,7.97,0.736,0.135,19.9,10.09,14.56,24.65,32.27,13.42,173.0,0.292,37.0,21.39,11.0,6.36,0.853,0.22400000000000003,24.4,11.66,16.64,28.31,28.96,16.97,350.0,0.25,103.0,29.43,28.0,8.0,0.731,0.172,27.92,13.34,17.63,30.97,31.79,21.06
746943,2024-06-25,2024,624512,L,592332,R,field_out,False,False,116.0,0.212,29.0,25.0,12.0,10.34,0.591,0.08099999999999999,25.5,11.43,18.39,29.82,29.49,24.58,179.0,0.25,47.0,26.26,10.0,5.59,0.639,0.0979999999999999,22.84,12.46,16.72,29.18,42.86,22.6,173.0,0.292,37.0,21.39,11.0,6.36,0.853,0.22400000000000003,24.4,11.66,16.64,28.31,28.96,16.97,350.0,0.25,103.0,29.43,28.0,8.0,0.731,0.172,27.92,13.34,17.63,30.97,31.79,21.06
746943,2024-06-25,2024,678882,R,592332,R,field_out,False,False,210.0,0.236,55.0,26.19,5.0,2.38,0.63,0.136,33.48,20.6,11.25,31.84,45.03,23.01,62.0,0.263,20.0,32.26,3.0,4.84,0.6739999999999999,0.1049999999999999,27.08,15.6,11.2,26.8,42.11,22.22,170.0,0.239,42.0,24.71,8.0,4.71,0.655,0.138,24.65,13.19,14.07,27.26,35.45,18.83,416.0,0.218,134.0,32.21,27.0,6.49,0.6180000000000001,0.124,29.84,15.11,15.79,30.9,33.37,26.53
746943,2024-06-25,2024,643376,R,678394,R,double,False,False,135.0,0.227,20.0,14.81,14.0,10.37,0.748,0.21,18.02,7.19,19.96,27.16,19.93,11.52,215.0,0.237,46.0,21.4,16.0,7.44,0.784,0.221,25.13,11.59,15.17,26.76,23.75,20.09,150.0,0.243,33.0,22.0,10.0,6.67,0.6599999999999999,0.10999999999999999,21.4,10.03,18.86,28.89,31.16,18.75,346.0,0.229,88.0,25.43,24.0,6.94,0.6779999999999999,0.16,27.11,13.0,16.03,29.03,30.58,20.05
746943,2024-06-25,2024,643396,R,678394,R,single,False,False,190.0,0.283,27.0,14.21,10.0,5.26,0.742,0.133,15.0,7.0,21.46,28.46,33.23,16.36,273.0,0.246,54.0,19.78,17.0,6.23,0.6479999999999999,0.1069999999999999,19.6,9.05,20.2,29.25,28.6,15.56,150.0,0.243,33.0,22.0,10.0,6.67,0.6599999999999999,0.10999999999999999,21.4,10.03,18.86,28.89,31.16,18.75,346.0,0.229,88.0,25.43,24.0,6.94,0.6779999999999999,0.16,27.11,13.0,16.03,29.03,30.58,20.05
746943,2024-06-25,2024,595281,L,678394,R,single,False,False,122.0,0.188,41.0,33.61,4.0,3.28,0.524,0.11599999999999999,36.8,20.0,11.96,31.96,34.91,30.15,312.0,0.26,63.0,20.19,25.0,8.01,0.753,0.1709999999999999,29.15,14.21,14.3,28.51,25.39,21.07,155.0,0.279,29.0,18.71,16.0,10.32,0.871,0.22799999999999998,27.92,12.17,16.45,28.62,27.46,18.59,322.0,0.313,44.0,13.66,21.0,6.52,0.883,0.209,21.39,10.43,13.34,23.77,28.42,13.66
746943,2024-06-25,2024,666182,R,678394,R,walk,False,True,223.0,0.261,37.0,16.59,12.0,5.38,0.6950000000000001,0.125,21.58,12.35,11.29,23.64,36.03,16.52,496.0,0.303,102.0,20.56,20.0,4.03,0.797,0.161,21.9,12.38,11.73,24.11,38.01,17.91,150.0,0.243,33.0,22.0,10.0,6.67,0.6599999999999999,0.10999999999999999,21.4,10.03,18.86,28.89,31.16,18.75,346.0,0.229,88.0,25.43,24.0,6.94,0.6779999999999999,0.16,27.11,13.0,16.03,29.03,30.58,20.05
746943,2024-06-25,2024,687462,L,678394,R,walk,False,True,51.0,0.375,6.0,11.76,9.0,17.65,1.075,0.19999999999999996,14.89,6.6,17.92,24.53,23.81,7.89,38.0,0.265,10.0,26.32,3.0,7.89,0.754,0.1469999999999999,27.14,13.01,17.12,30.14,25.35,21.74,155.0,0.279,29.0,18.71,16.0,10.32,0.871,0.22799999999999998,27.92,12.17,16.45,28.62,27.46,18.59,322.0,0.313,44.0,13.66,21.0,6.52,0.883,0.209,21.39,10.43,13.34,23.77,28.42,13.66
746943,2024-06-25,2024,665489,R,678394,R,double,False,False,279.0,0.295,48.0,17.2,27.0,9.68,0.804,0.14300000000000002,24.34,11.72,15.35,27.07,26.79,14.2,558.0,0.26,85.0,15.23,48.0,8.6,0.792,0.2,23.83,12.29,11.94,24.23,30.21,15.37,150.0,0.243,33.0,22.0,10.0,6.67,0.6599999999999999,0.10999999999999999,21.4,10.03,18.86,28.89,31.16,18.75,346.0,0.229,88.0,25.43,24.0,6.94,0.6779999999999999,0.16,27.11,13.0,16.03,29.03,30.58,20.05
746943,2024-06-25,2024,457759,R,678394,R,field_out,False,False,197.0,0.223,33.0,16.75,26.0,13.2,0.677,0.11400000000000002,18.77,8.5,17.23,25.73,26.21,10.71,462.0,0.273,78.0,16.88,33.0,7.14,0.765,0.1569999999999999,16.44,7.32,17.97,25.29,25.33,12.0,150.0,0.243,33.0,22.0,10.0,6.67,0.6599999999999999,0.10999999999999999,21.4,10.03,18.86,28.89,31.16,18.75,346.0,0.229,88.0,25.43,24.0,6.94,0.6779999999999999,0.16,27.11,13.0,16.03,29.03,30.58,20.05
746943,2024-06-25,2024,543807,R,678394,R,home_run,False,False,227.0,0.208,38.0,16.74,23.0,10.13,0.598,0.099,23.13,12.03,13.28,25.31,23.71,16.67,539.0,0.262,101.0,18.74,43.0,7.98,0.738,0.1489999999999999,23.18,11.37,14.48,25.84,23.35,18.21,150.0,0.243,33.0,22.0,10.0,6.67,0.6599999999999999,0.10999999999999999,21.4,10.03,18.86,28.89,31.16,18.75,346.0,0.229,88.0,25.43,24.0,6.94,0.6779999999999999,0.16,27.11,13.0,16.03,29.03,30.58,20.05
746943,2024-06-25,2024,680718,L,669711,R,field_out,False,False,39.0,0.216,9.0,23.08,1.0,2.56,0.48,0.026999999999999996,24.32,12.59,18.88,31.47,35.71,20.93,,,,,,,,,,,,,,,59.0,0.294,17.0,28.81,7.0,11.86,0.928,0.25500000000000006,24.81,12.69,12.69,25.38,30.47,18.28,33.0,0.29,10.0,30.3,2.0,6.06,0.752,0.129,39.29,18.33,16.67,35.0,25.81,35.71
746943,2024-06-25,2024,643376,R,669711,R,field_out,False,False,135.0,0.227,20.0,14.81,14.0,10.37,0.748,0.21,18.02,7.19,19.96,27.16,19.93,11.52,215.0,0.237,46.0,21.4,16.0,7.44,0.784,0.221,25.13,11.59,15.17,26.76,23.75,20.09,76.0,0.24,20.0,26.32,1.0,1.32,0.5700000000000001,0.08000000000000002,17.61,8.25,21.78,30.03,31.11,21.98,54.0,0.261,12.0,22.22,6.0,11.11,0.7709999999999999,0.1519999999999999,21.28,8.77,19.3,28.07,18.18,17.19
746943,2024-06-25,2024,680776,L,592332,R,field_out,False,False,251.0,0.303,53.0,21.12,20.0,7.97,0.913,0.25000000000000006,23.68,11.34,14.68,26.01,26.88,18.66,314.0,0.296,75.0,23.89,21.0,6.69,0.84,0.195,24.68,12.92,13.75,26.67,30.3,19.02,173.0,0.292,37.0,21.39,11.0,6.36,0.853,0.22400000000000003,24.4,11.66,16.64,28.31,28.96,16.97,350.0,0.25,103.0,29.43,28.0,8.0,0.731,0.172,27.92,13.34,17.63,30.97,31.79,21.06
746943,2024-06-25,2024,665839,L,592332,R,single,False,False,132.0,0.242,32.0,24.24,9.0,6.82,0.7629999999999999,0.23299999999999998,20.75,9.33,19.96,29.29,28.57,18.02,133.0,0.28,32.0,24.06,7.0,5.26,0.806,0.2079999999999999,23.05,10.04,20.07,30.11,28.72,21.48,173.0,0.292,37.0,21.39,11.0,6.36,0.853,0.22400000000000003,24.4,11.66,16.64,28.31,28.96,16.97,350.0,0.25,103.0,29.43,28.0,8.0,0.731,0.172,27.92,13.34,17.63,30.97,31.79,21.06
746943,2024-06-25,2024,677800,L,592332,R,strikeout,True,False,170.0,0.283,42.0,24.71,16.0,9.41,0.869,0.23700000000000004,29.88,14.39,15.27,29.66,26.05,19.35,75.0,0.333,18.0,24.0,9.0,12.0,0.928,0.182,30.07,13.61,16.77,30.38,23.72,18.0,173.0,0.292,37.0,21.39,11.0,6.36,0.853,0.22400000000000003,24.4,11.66,16.64,28.31,28.96,16.97,350.0,0.25,103.0,29.43,28.0,8.0,0.731,0.172,27.92,13.34,17.63,30.97,31.79,21.06
746943,2024-06-25,2024,646240,L,592332,R,field_out,False,False,191.0,0.296,34.0,17.8,26.0,13.61,1.004,0.321,24.86,11.81,12.86,24.67,29.55,15.45,469.0,0.27,89.0,18.98,51.0,10.87,0.863,0.235,25.44,13.04,9.74,22.78,33.05,15.06,173.0,0.292,37.0,21.39,11.0,6.36,0.853,0.22400000000000003,24.4,11.66,16.64,28.31,28.96,16.97,350.0,0.25,103.0,29.43,28.0,8.0,0.731,0.172,27.92,13.34,17.63,30.97,31.79,21.06
746943,2024-06-25,2024,643396,R,670174,R,strikeout,True,False,190.0,0.283,27.0,14.21,10.0,5.26,0.742,0.133,15.0,7.0,21.46,28.46,33.23,16.36,273.0,0.246,54.0,19.78,17.0,6.23,0.6479999999999999,0.1069999999999999,19.6,9.05,20.2,29.25,28.6,15.56,54.0,0.217,12.0,22.22,5.0,9.26,0.606,0.087,25.58,10.48,20.0,30.48,23.47,23.08,216.0,0.287,44.0,20.37,20.0,9.26,0.812,0.169,28.28,13.84,15.97,29.81,28.95,21.05
746943,2024-06-25,2024,595281,L,670174,R,single,False,False,122.0,0.188,41.0,33.61,4.0,3.28,0.524,0.11599999999999999,36.8,20.0,11.96,31.96,34.91,30.15,312.0,0.26,63.0,20.19,25.0,8.01,0.753,0.1709999999999999,29.15,14.21,14.3,28.51,25.39,21.07,59.0,0.34,7.0,11.86,6.0,10.17,0.8939999999999999,0.13999999999999996,18.87,9.39,12.21,21.6,31.78,14.89,151.0,0.239,38.0,25.17,11.0,7.28,0.609,0.065,23.47,11.52,16.03,27.55,30.69,22.09
746943,2024-06-25,2024,666182,R,670174,R,field_out,False,False,223.0,0.261,37.0,16.59,12.0,5.38,0.6950000000000001,0.125,21.58,12.35,11.29,23.64,36.03,16.52,496.0,0.303,102.0,20.56,20.0,4.03,0.797,0.161,21.9,12.38,11.73,24.11,38.01,17.91,54.0,0.217,12.0,22.22,5.0,9.26,0.606,0.087,25.58,10.48,20.0,30.48,23.47,23.08,216.0,0.287,44.0,20.37,20.0,9.26,0.812,0.169,28.28,13.84,15.97,29.81,28.95,21.05
746943,2024-06-25,2024,687462,L,670174,R,walk,False,True,51.0,0.375,6.0,11.76,9.0,17.65,1.075,0.19999999999999996,14.89,6.6,17.92,24.53,23.81,7.89,38.0,0.265,10.0,26.32,3.0,7.89,0.754,0.1469999999999999,27.14,13.01,17.12,30.14,25.35,21.74,59.0,0.34,7.0,11.86,6.0,10.17,0.8939999999999999,0.13999999999999996,18.87,9.39,12.21,21.6,31.78,14.89,151.0,0.239,38.0,25.17,11.0,7.28,0.609,0.065,23.47,11.52,16.03,27.55,30.69,22.09
746943,2024-06-25,2024,665489,R,670174,R,double,False,False,279.0,0.295,48.0,17.2,27.0,9.68,0.804,0.14300000000000002,24.34,11.72,15.35,27.07,26.79,14.2,558.0,0.26,85.0,15.23,48.0,8.6,0.792,0.2,23.83,12.29,11.94,24.23,30.21,15.37,54.0,0.217,12.0,22.22,5.0,9.26,0.606,0.087,25.58,10.48,20.0,30.48,23.47,23.08,216.0,0.287,44.0,20.37,20.0,9.26,0.812,0.169,28.28,13.84,15.97,29.81,28.95,21.05
746943,2024-06-25,2024,457759,R,670174,R,field_out,False,False,197.0,0.223,33.0,16.75,26.0,13.2,0.677,0.11400000000000002,18.77,8.5,17.23,25.73,26.21,10.71,462.0,0.273,78.0,16.88,33.0,7.14,0.765,0.1569999999999999,16.44,7.32,17.97,25.29,25.33,12.0,54.0,0.217,12.0,22.22,5.0,9.26,0.606,0.087,25.58,10.48,20.0,30.48,23.47,23.08,216.0,0.287,44.0,20.37,20.0,9.26,0.812,0.169,28.28,13.84,15.97,29.81,28.95,21.05
746943,2024-06-25,2024,641933,R,592332,R,walk,False,True,152.0,0.219,50.0,32.89,12.0,7.89,0.734,0.226,33.1,15.06,17.27,32.33,27.07,24.39,187.0,0.233,53.0,28.34,15.0,8.02,0.6839999999999999,0.157,29.39,13.29,17.12,30.41,25.99,26.5,170.0,0.239,42.0,24.71,8.0,4.71,0.655,0.138,24.65,13.19,14.07,27.26,35.45,18.83,416.0,0.218,134.0,32.21,27.0,6.49,0.6180000000000001,0.124,29.84,15.11,15.79,30.9,33.37,26.53
746943,2024-06-25,2024,807799,L,592332,R,field_out,False,False,101.0,0.278,14.0,13.86,7.0,6.93,0.706,0.07799999999999996,16.76,7.21,19.65,26.87,24.12,12.39,437.0,0.293,58.0,13.27,22.0,5.03,0.795,0.167,17.2,7.54,21.09,28.63,28.96,13.65,173.0,0.292,37.0,21.39,11.0,6.36,0.853,0.22400000000000003,24.4,11.66,16.64,28.31,28.96,16.97,350.0,0.25,103.0,29.43,28.0,8.0,0.731,0.172,27.92,13.34,17.63,30.97,31.79,21.06
746943,2024-06-25,2024,642086,L,592332,R,fielders_choice,False,False,129.0,0.198,25.0,19.38,15.0,11.63,0.598,0.08999999999999997,24.12,11.46,15.42,26.88,28.63,20.16,414.0,0.263,62.0,14.98,33.0,7.97,0.736,0.135,19.9,10.09,14.56,24.65,32.27,13.42,173.0,0.292,37.0,21.39,11.0,6.36,0.853,0.22400000000000003,24.4,11.66,16.64,28.31,28.96,16.97,350.0,0.25,103.0,29.43,28.0,8.0,0.731,0.172,27.92,13.34,17.63,30.97,31.79,21.06
746943,2024-06-25,2024,624512,L,592332,R,field_out,False,False,116.0,0.212,29.0,25.0,12.0,10.34,0.591,0.08099999999999999,25.5,11.43,18.39,29.82,29.49,24.58,179.0,0.25,47.0,26.26,10.0,5.59,0.639,0.0979999999999999,22.84,12.46,16.72,29.18,42.86,22.6,173.0,0.292,37.0,21.39,11.0,6.36,0.853,0.22400000000000003,24.4,11.66,16.64,28.31,28.96,16.97,350.0,0.25,103.0,29.43,28.0,8.0,0.731,0.172,27.92,13.34,17.63,30.97,31.79,21.06
746943,2024-06-25,2024,678882,R,592332,R,strikeout,True,False,210.0,0.236,55.0,26.19,5.0,2.38,0.63,0.136,33.48,20.6,11.25,31.84,45.03,23.01,62.0,0.263,20.0,32.26,3.0,4.84,0.6739999999999999,0.1049999999999999,27.08,15.6,11.2,26.8,42.11,22.22,170.0,0.239,42.0,24.71,8.0,4.71,0.655,0.138,24.65,13.19,14.07,27.26,35.45,18.83,416.0,0.218,134.0,32.21,27.0,6.49,0.6180000000000001,0.124,29.84,15.11,15.79,30.9,33.37,26.53
746943,2024-06-25,2024,543807,R,670174,R,field_out,False,False,227.0,0.208,38.0,16.74,23.0,10.13,0.598,0.099,23.13,12.03,13.28,25.31,23.71,16.67,539.0,0.262,101.0,18.74,43.0,7.98,0.738,0.1489999999999999,23.18,11.37,14.48,25.84,23.35,18.21,54.0,0.217,12.0,22.22,5.0,9.26,0.606,0.087,25.58,10.48,20.0,30.48,23.47,23.08,216.0,0.287,44.0,20.37,20.0,9.26,0.812,0.169,28.28,13.84,15.97,29.81,28.95,21.05
746943,2024-06-25,2024,680718,L,670174,R,strikeout,True,False,39.0,0.216,9.0,23.08,1.0,2.56,0.48,0.026999999999999996,24.32,12.59,18.88,31.47,35.71,20.93,,,,,,,,,,,,,,,59.0,0.34,7.0,11.86,6.0,10.17,0.8939999999999999,0.13999999999999996,18.87,9.39,12.21,21.6,31.78,14.89,151.0,0.239,38.0,25.17,11.0,7.28,0.609,0.065,23.47,11.52,16.03,27.55,30.69,22.09
746943,2024-06-25,2024,643376,R,670174,R,strikeout,True,False,135.0,0.227,20.0,14.81,14.0,10.37,0.748,0.21,18.02,7.19,19.96,27.16,19.93,11.52,215.0,0.237,46.0,21.4,16.0,7.44,0.784,0.221,25.13,11.59,15.17,26.76,23.75,20.09,54.0,0.217,12.0,22.22,5.0,9.26,0.606,0.087,25.58,10.48,20.0,30.48,23.47,23.08,216.0,0.287,44.0,20.37,20.0,9.26,0.812,0.169,28.28,13.84,15.97,29.81,28.95,21.05
746943,2024-06-25,2024,680776,L,592332,R,field_out,False,False,251.0,0.303,53.0,21.12,20.0,7.97,0.913,0.25000000000000006,23.68,11.34,14.68,26.01,26.88,18.66,314.0,0.296,75.0,23.89,21.0,6.69,0.84,0.195,24.68,12.92,13.75,26.67,30.3,19.02,173.0,0.292,37.0,21.39,11.0,6.36,0.853,0.22400000000000003,24.4,11.66,16.64,28.31,28.96,16.97,350.0,0.25,103.0,29.43,28.0,8.0,0.731,0.172,27.92,13.34,17.63,30.97,31.79,21.06
746943,2024-06-25,2024,665839,L,592332,R,strikeout,True,False,132.0,0.242,32.0,24.24,9.0,6.82,0.7629999999999999,0.23299999999999998,20.75,9.33,19.96,29.29,28.57,18.02,133.0,0.28,32.0,24.06,7.0,5.26,0.806,0.2079999999999999,23.05,10.04,20.07,30.11,28.72,21.48,173.0,0.292,37.0,21.39,11.0,6.36,0.853,0.22400000000000003,24.4,11.66,16.64,28.31,28.96,16.97,350.0,0.25,103.0,29.43,28.0,8.0,0.731,0.172,27.92,13.34,17.63,30.97,31.79,21.06
746943,2024-06-25,2024,677800,L,592332,R,field_out,False,False,170.0,0.283,42.0,24.71,16.0,9.41,0.869,0.23700000000000004,29.88,14.39,15.27,29.66,26.05,19.35,75.0,0.333,18.0,24.0,9.0,12.0,0.928,0.182,30.07,13.61,16.77,30.38,23.72,18.0,173.0,0.292,37.0,21.39,11.0,6.36,0.853,0.22400000000000003,24.4,11.66,16.64,28.31,28.96,16.97,350.0,0.25,103.0,29.43,28.0,8.0,0.731,0.172,27.92,13.34,17.63,30.97,31.79,21.06
746943,2024-06-25,2024,643396,R,670174,R,field_error,False,False,190.0,0.283,27.0,14.21,10.0,5.26,0.742,0.133,15.0,7.0,21.46,28.46,33.23,16.36,273.0,0.246,54.0,19.78,17.0,6.23,0.6479999999999999,0.1069999999999999,19.6,9.05,20.2,29.25,28.6,15.56,54.0,0.217,12.0,22.22,5.0,9.26,0.606,0.087,25.58,10.48,20.0,30.48,23.47,23.08,216.0,0.287,44.0,20.37,20.0,9.26,0.812,0.169,28.28,13.84,15.97,29.81,28.95,21.05
746943,2024-06-25,2024,595281,L,670174,R,field_out,False,False,122.0,0.188,41.0,33.61,4.0,3.28,0.524,0.11599999999999999,36.8,20.0,11.96,31.96,34.91,30.15,312.0,0.26,63.0,20.19,25.0,8.01,0.753,0.1709999999999999,29.15,14.21,14.3,28.51,25.39,21.07,59.0,0.34,7.0,11.86,6.0,10.17,0.8939999999999999,0.13999999999999996,18.87,9.39,12.21,21.6,31.78,14.89,151.0,0.239,38.0,25.17,11.0,7.28,0.609,0.065,23.47,11.52,16.03,27.55,30.69,22.09
746943,2024-06-25,2024,666182,R,670174,R,strikeout,True,False,223.0,0.261,37.0,16.59,12.0,5.38,0.6950000000000001,0.125,21.58,12.35,11.29,23.64,36.03,16.52,496.0,0.303,102.0,20.56,20.0,4.03,0.797,0.161,21.9,12.38,11.73,24.11,38.01,17.91,54.0,0.217,12.0,22.22,5.0,9.26,0.606,0.087,25.58,10.48,20.0,30.48,23.47,23.08,216.0,0.287,44.0,20.37,20.0,9.26,0.812,0.169,28.28,13.84,15.97,29.81,28.95,21.05
746943,2024-06-25,2024,687462,L,670174,R,field_out,False,False,51.0,0.375,6.0,11.76,9.0,17.65,1.075,0.19999999999999996,14.89,6.6,17.92,24.53,23.81,7.89,38.0,0.265,10.0,26.32,3.0,7.89,0.754,0.1469999999999999,27.14,13.01,17.12,30.14,25.35,21.74,59.0,0.34,7.0,11.86,6.0,10.17,0.8939999999999999,0.13999999999999996,18.87,9.39,12.21,21.6,31.78,14.89,151.0,0.239,38.0,25.17,11.0,7.28,0.609,0.065,23.47,11.52,16.03,27.55,30.69,22.09
746943,2024-06-25,2024,646240,L,592332,R,double,False,False,191.0,0.296,34.0,17.8,26.0,13.61,1.004,0.321,24.86,11.81,12.86,24.67,29.55,15.45,469.0,0.27,89.0,18.98,51.0,10.87,0.863,0.235,25.44,13.04,9.74,22.78,33.05,15.06,173.0,0.292,37.0,21.39,11.0,6.36,0.853,0.22400000000000003,24.4,11.66,16.64,28.31,28.96,16.97,350.0,0.25,103.0,29.43,28.0,8.0,0.731,0.172,27.92,13.34,17.63,30.97,31.79,21.06
746943,2024-06-25,2024,641933,R,592332,R,home_run,False,False,152.0,0.219,50.0,32.89,12.0,7.89,0.734,0.226,33.1,15.06,17.27,32.33,27.07,24.39,187.0,0.233,53.0,28.34,15.0,8.02,0.6839999999999999,0.157,29.39,13.29,17.12,30.41,25.99,26.5,170.0,0.239,42.0,24.71,8.0,4.71,0.655,0.138,24.65,13.19,14.07,27.26,35.45,18.83,416.0,0.218,134.0,32.21,27.0,6.49,0.6180000000000001,0.124,29.84,15.11,15.79,30.9,33.37,26.53
746943,2024-06-25,2024,807799,L,592332,R,field_out,False,False,101.0,0.278,14.0,13.86,7.0,6.93,0.706,0.07799999999999996,16.76,7.21,19.65,26.87,24.12,12.39,437.0,0.293,58.0,13.27,22.0,5.03,0.795,0.167,17.2,7.54,21.09,28.63,28.96,13.65,173.0,0.292,37.0,21.39,11.0,6.36,0.853,0.22400000000000003,24.4,11.66,16.64,28.31,28.96,16.97,350.0,0.25,103.0,29.43,28.0,8.0,0.731,0.172,27.92,13.34,17.63,30.97,31.79,21.06
746943,2024-06-25,2024,642086,L,592332,R,strikeout,True,False,129.0,0.198,25.0,19.38,15.0,11.63,0.598,0.08999999999999997,24.12,11.46,15.42,26.88,28.63,20.16,414.0,0.263,62.0,14.98,33.0,7.97,0.736,0.135,19.9,10.09,14.56,24.65,32.27,13.42,173.0,0.292,37.0,21.39,11.0,6.36,0.853,0.22400000000000003,24.4,11.66,16.64,28.31,28.96,16.97,350.0,0.25,103.0,29.43,28.0,8.0,0.731,0.172,27.92,13.34,17.63,30.97,31.79,21.06
746943,2024-06-25,2024,624512,L,592332,R,field_out,False,False,116.0,0.212,29.0,25.0,12.0,10.34,0.591,0.08099999999999999,25.5,11.43,18.39,29.82,29.49,24.58,179.0,0.25,47.0,26.26,10.0,5.59,0.639,0.0979999999999999,22.84,12.46,16.72,29.18,42.86,22.6,173.0,0.292,37.0,21.39,11.0,6.36,0.853,0.22400000000000003,24.4,11.66,16.64,28.31,28.96,16.97,350.0,0.25,103.0,29.43,28.0,8.0,0.731,0.172,27.92,13.34,17.63,30.97,31.79,21.06
746943,2024-06-25,2024,665489,R,670174,R,strikeout,True,False,279.0,0.295,48.0,17.2,27.0,9.68,0.804,0.14300000000000002,24.34,11.72,15.35,27.07,26.79,14.2,558.0,0.26,85.0,15.23,48.0,8.6,0.792,0.2,23.83,12.29,11.94,24.23,30.21,15.37,54.0,0.217,12.0,22.22,5.0,9.26,0.606,0.087,25.58,10.48,20.0,30.48,23.47,23.08,216.0,0.287,44.0,20.37,20.0,9.26,0.812,0.169,28.28,13.84,15.97,29.81,28.95,21.05
746943,2024-06-25,2024,457759,R,670174,R,field_out,False,False,197.0,0.223,33.0,16.75,26.0,13.2,0.677,0.11400000000000002,18.77,8.5,17.23,25.73,26.21,10.71,462.0,0.273,78.0,16.88,33.0,7.14,0.765,0.1569999999999999,16.44,7.32,17.97,25.29,25.33,12.0,54.0,0.217,12.0,22.22,5.0,9.26,0.606,0.087,25.58,10.48,20.0,30.48,23.47,23.08,216.0,0.287,44.0,20.37,20.0,9.26,0.812,0.169,28.28,13.84,15.97,29.81,28.95,21.05
746943,2024-06-25,2024,543807,R,670174,R,single,False,False,227.0,0.208,38.0,16.74,23.0,10.13,0.598,0.099,23.13,12.03,13.28,25.31,23.71,16.67,539.0,0.262,101.0,18.74,43.0,7.98,0.738,0.1489999999999999,23.18,11.37,14.48,25.84,23.35,18.21,54.0,0.217,12.0,22.22,5.0,9.26,0.606,0.087,25.58,10.48,20.0,30.48,23.47,23.08,216.0,0.287,44.0,20.37,20.0,9.26,0.812,0.169,28.28,13.84,15.97,29.81,28.95,21.05
746943,2024-06-25,2024,680718,L,670174,R,strikeout,True,False,39.0,0.216,9.0,23.08,1.0,2.56,0.48,0.026999999999999996,24.32,12.59,18.88,31.47,35.71,20.93,,,,,,,,,,,,,,,59.0,0.34,7.0,11.86,6.0,10.17,0.8939999999999999,0.13999999999999996,18.87,9.39,12.21,21.6,31.78,14.89,151.0,0.239,38.0,25.17,11.0,7.28,0.609,0.065,23.47,11.52,16.03,27.55,30.69,22.09
746943,2024-06-25,2024,678882,R,663893,L,field_out,False,False,76.0,0.271,22.0,28.95,5.0,6.58,0.777,0.186,34.39,19.08,14.13,33.22,38.46,25.29,27.0,0.192,8.0,29.63,1.0,3.7,0.645,0.2309999999999999,36.36,19.23,14.42,33.65,30.0,24.24,28.0,0.296,6.0,21.43,1.0,3.57,0.9139999999999999,0.297,30.95,15.29,14.12,29.41,35.9,46.15,,,,,,,,,,,,,,
746943,2024-06-25,2024,680776,L,663893,L,strikeout,True,False,114.0,0.27,27.0,23.68,10.0,8.77,0.685,0.07,24.24,10.43,20.87,31.3,28.44,20.15,49.0,0.289,15.0,30.61,3.0,6.12,0.749,0.133,24.44,10.73,20.0,30.73,27.27,25.86,28.0,0.259,5.0,17.86,1.0,3.57,0.6559999999999999,0.11099999999999999,23.91,10.28,18.69,28.97,23.08,16.67,,,,,,,,,,,,,,
746943,2024-06-25,2024,665839,L,663893,L,walk,False,True,26.0,0.043,7.0,26.92,2.0,7.69,0.16299999999999998,0.0,33.33,16.67,15.62,32.29,41.38,30.43,16.0,0.143,5.0,31.25,1.0,6.25,0.393,0.0,37.5,16.98,16.98,33.96,31.03,50.0,28.0,0.259,5.0,17.86,1.0,3.57,0.6559999999999999,0.11099999999999999,23.91,10.28,18.69,28.97,23.08,16.67,,,,,,,,,,,,,,
746943,2024-06-25,2024,663853,R,663893,L,walk,False,True,36.0,0.312,7.0,19.44,3.0,8.33,0.736,0.063,30.43,15.56,13.33,28.89,33.33,21.21,37.0,0.162,15.0,40.54,0.0,0.0,0.4589999999999999,0.1349999999999999,44.44,23.36,17.52,40.88,39.73,31.91,28.0,0.296,6.0,21.43,1.0,3.57,0.9139999999999999,0.297,30.95,15.29,14.12,29.41,35.9,46.15,,,,,,,,,,,,,,
746943,2024-06-25,2024,646240,L,663893,L,strikeout,True,False,101.0,0.256,34.0,33.66,8.0,7.92,0.738,0.15499999999999997,30.04,16.22,13.08,29.3,34.5,22.52,188.0,0.273,37.0,19.68,11.0,5.85,0.823,0.2149999999999999,27.74,14.71,11.61,26.32,30.93,15.19,28.0,0.259,5.0,17.86,1.0,3.57,0.6559999999999999,0.11099999999999999,23.91,10.28,18.69,28.97,23.08,16.67,,,,,,,,,,,,,,
746943,2024-06-25,2024,643376,R,670174,R,field_out,False,False,135.0,0.227,20.0,14.81,14.0,10.37,0.748,0.21,18.02,7.19,19.96,27.16,19.93,11.52,215.0,0.237,46.0,21.4,16.0,7.44,0.784,0.221,25.13,11.59,15.17,26.76,23.75,20.09,54.0,0.217,12.0,22.22,5.0,9.26,0.606,0.087,25.58,10.48,20.0,30.48,23.47,23.08,216.0,0.287,44.0,20.37,20.0,9.26,0.812,0.169,28.28,13.84,15.97,29.81,28.95,21.05
746943,2024-06-25,2024,643396,R,670174,R,field_out,False,False,190.0,0.283,27.0,14.21,10.0,5.26,0.742,0.133,15.0,7.0,21.46,28.46,33.23,16.36,273.0,0.246,54.0,19.78,17.0,6.23,0.6479999999999999,0.1069999999999999,19.6,9.05,20.2,29.25,28.6,15.56,54.0,0.217,12.0,22.22,5.0,9.26,0.606,0.087,25.58,10.48,20.0,30.48,23.47,23.08,216.0,0.287,44.0,20.37,20.0,9.26,0.812,0.169,28.28,13.84,15.97,29.81,28.95,21.05
746943,2024-06-25,2024,595281,L,670174,R,single,False,False,122.0,0.188,41.0,33.61,4.0,3.28,0.524,0.11599999999999999,36.8,20.0,11.96,31.96,34.91,30.15,312.0,0.26,63.0,20.19,25.0,8.01,0.753,0.1709999999999999,29.15,14.21,14.3,28.51,25.39,21.07,59.0,0.34,7.0,11.86,6.0,10.17,0.8939999999999999,0.13999999999999996,18.87,9.39,12.21,21.6,31.78,14.89,151.0,0.239,38.0,25.17,11.0,7.28,0.609,0.065,23.47,11.52,16.03,27.55,30.69,22.09
746943,2024-06-25,2024,666182,R,670174,R,field_out,False,False,223.0,0.261,37.0,16.59,12.0,5.38,0.6950000000000001,0.125,21.58,12.35,11.29,23.64,36.03,16.52,496.0,0.303,102.0,20.56,20.0,4.03,0.797,0.161,21.9,12.38,11.73,24.11,38.01,17.91,54.0,0.217,12.0,22.22,5.0,9.26,0.606,0.087,25.58,10.48,20.0,30.48,23.47,23.08,216.0,0.287,44.0,20.37,20.0,9.26,0.812,0.169,28.28,13.84,15.97,29.81,28.95,21.05
746943,2024-06-25,2024,641933,R,670950,R,strikeout,True,False,152.0,0.219,50.0,32.89,12.0,7.89,0.734,0.226,33.1,15.06,17.27,32.33,27.07,24.39,187.0,0.233,53.0,28.34,15.0,8.02,0.6839999999999999,0.157,29.39,13.29,17.12,30.41,25.99,26.5,89.0,0.12,24.0,26.97,11.0,12.36,0.497,0.14700000000000002,25.44,10.91,18.78,29.7,30.37,18.32,178.0,0.244,63.0,35.39,15.0,8.43,0.754,0.194,37.26,17.97,16.38,34.35,37.0,24.51
746943,2024-06-25,2024,807799,L,670950,R,strikeout,True,False,101.0,0.278,14.0,13.86,7.0,6.93,0.706,0.07799999999999996,16.76,7.21,19.65,26.87,24.12,12.39,437.0,0.293,58.0,13.27,22.0,5.03,0.795,0.167,17.2,7.54,21.09,28.63,28.96,13.65,67.0,0.133,14.0,20.9,5.0,7.46,0.41400000000000003,0.08399999999999999,22.41,9.74,20.22,29.96,28.67,18.18,138.0,0.207,42.0,30.43,20.0,14.49,0.724,0.198,36.69,16.72,15.57,32.3,37.93,19.44
746943,2024-06-25,2024,642086,L,670950,R,field_out,False,False,129.0,0.198,25.0,19.38,15.0,11.63,0.598,0.08999999999999997,24.12,11.46,15.42,26.88,28.63,20.16,414.0,0.263,62.0,14.98,33.0,7.97,0.736,0.135,19.9,10.09,14.56,24.65,32.27,13.42,67.0,0.133,14.0,20.9,5.0,7.46,0.41400000000000003,0.08399999999999999,22.41,9.74,20.22,29.96,28.67,18.18,138.0,0.207,42.0,30.43,20.0,14.49,0.724,0.198,36.69,16.72,15.57,32.3,37.93,19.44
746943,2024-06-25,2024,687462,L,670174,R,field_out,False,False,51.0,0.375,6.0,11.76,9.0,17.65,1.075,0.19999999999999996,14.89,6.6,17.92,24.53,23.81,7.89,38.0,0.265,10.0,26.32,3.0,7.89,0.754,0.1469999999999999,27.14,13.01,17.12,30.14,25.35,21.74,59.0,0.34,7.0,11.86,6.0,10.17,0.8939999999999999,0.13999999999999996,18.87,9.39,12.21,21.6,31.78,14.89,151.0,0.239,38.0,25.17,11.0,7.28,0.609,0.065,23.47,11.52,16.03,27.55,30.69,22.09
746943,2024-06-25,2024,665489,R,670174,R,strikeout,True,False,279.0,0.295,48.0,17.2,27.0,9.68,0.804,0.14300000000000002,24.34,11.72,15.35,27.07,26.79,14.2,558.0,0.26,85.0,15.23,48.0,8.6,0.792,0.2,23.83,12.29,11.94,24.23,30.21,15.37,54.0,0.217,12.0,22.22,5.0,9.26,0.606,0.087,25.58,10.48,20.0,30.48,23.47,23.08,216.0,0.287,44.0,20.37,20.0,9.26,0.812,0.169,28.28,13.84,15.97,29.81,28.95,21.05
746943,2024-06-25,2024,457759,R,670174,R,single,False,False,197.0,0.223,33.0,16.75,26.0,13.2,0.677,0.11400000000000002,18.77,8.5,17.23,25.73,26.21,10.71,462.0,0.273,78.0,16.88,33.0,7.14,0.765,0.1569999999999999,16.44,7.32,17.97,25.29,25.33,12.0,54.0,0.217,12.0,22.22,5.0,9.26,0.606,0.087,25.58,10.48,20.0,30.48,23.47,23.08,216.0,0.287,44.0,20.37,20.0,9.26,0.812,0.169,28.28,13.84,15.97,29.81,28.95,21.05
746943,2024-06-25,2024,543807,R,670174,R,single,False,False,227.0,0.208,38.0,16.74,23.0,10.13,0.598,0.099,23.13,12.03,13.28,25.31,23.71,16.67,539.0,0.262,101.0,18.74,43.0,7.98,0.738,0.1489999999999999,23.18,11.37,14.48,25.84,23.35,18.21,54.0,0.217,12.0,22.22,5.0,9.26,0.606,0.087,25.58,10.48,20.0,30.48,23.47,23.08,216.0,0.287,44.0,20.37,20.0,9.26,0.812,0.169,28.28,13.84,15.97,29.81,28.95,21.05
746943,2024-06-25,2024,676914,R,670174,R,strikeout,True,False,192.0,0.232,46.0,23.96,22.0,11.46,0.774,0.207,25.96,10.64,18.74,29.38,20.82,17.23,87.0,0.247,27.0,31.03,11.0,12.64,0.8340000000000001,0.219,37.06,13.98,21.9,35.88,15.66,21.77,54.0,0.217,12.0,22.22,5.0,9.26,0.606,0.087,25.58,10.48,20.0,30.48,23.47,23.08,216.0,0.287,44.0,20.37,20.0,9.26,0.812,0.169,28.28,13.84,15.97,29.81,28.95,21.05
746943,2024-06-25,2024,624512,L,643338,R,field_out,False,False,116.0,0.212,29.0,25.0,12.0,10.34,0.591,0.08099999999999999,25.5,11.43,18.39,29.82,29.49,24.58,179.0,0.25,47.0,26.26,10.0,5.59,0.639,0.0979999999999999,22.84,12.46,16.72,29.18,42.86,22.6,31.0,0.241,8.0,25.81,2.0,6.45,0.7729999999999999,0.242,26.56,14.29,14.29,28.57,29.09,18.18,17.0,0.2,7.0,41.18,2.0,11.76,0.694,0.2,43.18,25.68,5.41,31.08,29.03,23.33
746943,2024-06-25,2024,678882,R,643338,R,field_out,False,False,210.0,0.236,55.0,26.19,5.0,2.38,0.63,0.136,33.48,20.6,11.25,31.84,45.03,23.01,62.0,0.263,20.0,32.26,3.0,4.84,0.6739999999999999,0.1049999999999999,27.08,15.6,11.2,26.8,42.11,22.22,32.0,0.172,6.0,18.75,2.0,6.25,0.502,0.10400000000000004,22.22,10.29,13.97,24.26,22.97,15.38,35.0,0.273,9.0,25.71,2.0,5.71,0.738,0.1509999999999999,32.31,16.8,16.8,33.6,40.85,20.93
746943,2024-06-25,2024,680776,L,643338,R,strikeout,True,False,251.0,0.303,53.0,21.12,20.0,7.97,0.913,0.25000000000000006,23.68,11.34,14.68,26.01,26.88,18.66,314.0,0.296,75.0,23.89,21.0,6.69,0.84,0.195,24.68,12.92,13.75,26.67,30.3,19.02,31.0,0.241,8.0,25.81,2.0,6.45,0.7729999999999999,0.242,26.56,14.29,14.29,28.57,29.09,18.18,17.0,0.2,7.0,41.18,2.0,11.76,0.694,0.2,43.18,25.68,5.41,31.08,29.03,23.33
746697,2024-06-25,2024,457705,R,668881,R,walk,False,True,195.0,0.256,50.0,25.64,21.0,10.77,0.7629999999999999,0.16299999999999998,30.75,13.1,18.48,31.58,17.96,19.61,312.0,0.254,72.0,23.08,49.0,15.71,0.767,0.137,28.77,12.06,17.2,29.26,17.59,17.52,174.0,0.223,40.0,22.99,19.0,10.92,0.7230000000000001,0.17600000000000002,31.39,16.01,12.46,28.47,27.42,18.18,254.0,0.288,69.0,27.17,20.0,7.87,0.886,0.245,28.29,14.51,14.91,29.42,33.6,19.33
746697,2024-06-25,2024,668804,L,668881,R,home_run,False,False,243.0,0.276,52.0,21.4,25.0,10.29,0.83,0.19599999999999995,28.7,13.43,13.96,27.39,27.38,18.51,438.0,0.252,94.0,21.46,45.0,10.27,0.821,0.2309999999999999,28.75,13.22,13.73,26.95,24.9,18.49,194.0,0.176,58.0,29.9,18.0,9.28,0.577,0.121,28.16,14.18,13.58,27.76,28.67,20.86,244.0,0.215,83.0,34.02,28.0,11.48,0.736,0.2009999999999999,33.14,15.55,14.17,29.71,25.77,23.31
746697,2024-06-25,2024,665833,L,668881,R,field_out,False,False,214.0,0.286,65.0,30.37,17.0,7.94,0.851,0.22400000000000003,33.09,15.14,18.53,33.67,33.55,23.13,33.0,0.185,7.0,21.21,5.0,15.15,0.636,0.148,27.69,13.14,15.33,28.47,34.25,17.95,194.0,0.176,58.0,29.9,18.0,9.28,0.577,0.121,28.16,14.18,13.58,27.76,28.67,20.86,244.0,0.215,83.0,34.02,28.0,11.48,0.736,0.2009999999999999,33.14,15.55,14.17,29.71,25.77,23.31
746697,2024-06-25,2024,642133,L,668881,R,walk,False,True,175.0,0.236,34.0,19.43,12.0,6.86,0.614,0.08700000000000002,20.07,8.26,21.29,29.55,23.41,18.89,300.0,0.223,73.0,24.33,29.0,9.67,0.69,0.173,22.22,8.47,23.11,31.59,24.77,19.95,194.0,0.176,58.0,29.9,18.0,9.28,0.577,0.121,28.16,14.18,13.58,27.76,28.67,20.86,244.0,0.215,83.0,34.02,28.0,11.48,0.736,0.2009999999999999,33.14,15.55,14.17,29.71,25.77,23.31
746697,2024-06-25,2024,658668,R,668881,R,field_out,False,False,89.0,0.253,12.0,13.48,7.0,7.87,0.619,0.05099999999999999,23.91,12.87,13.74,26.61,34.52,10.81,261.0,0.256,43.0,16.48,14.0,5.36,0.728,0.1649999999999999,22.47,11.51,14.21,25.73,31.17,15.47,174.0,0.223,40.0,22.99,19.0,10.92,0.7230000000000001,0.17600000000000002,31.39,16.01,12.46,28.47,27.42,18.18,254.0,0.288,69.0,27.17,20.0,7.87,0.886,0.245,28.29,14.51,14.91,29.42,33.6,19.33
746697,2024-06-25,2024,693304,R,668881,R,single,False,False,113.0,0.25,27.0,23.89,5.0,4.42,0.661,0.125,27.67,15.66,10.74,26.4,34.08,17.42,86.0,0.234,21.0,24.42,3.0,3.49,0.638,0.1299999999999999,30.36,15.84,12.11,27.95,27.85,22.11,174.0,0.223,40.0,22.99,19.0,10.92,0.7230000000000001,0.17600000000000002,31.39,16.01,12.46,28.47,27.42,18.18,254.0,0.288,69.0,27.17,20.0,7.87,0.886,0.245,28.29,14.51,14.91,29.42,33.6,19.33
746697,2024-06-25,2024,669707,R,668881,R,field_out,False,False,168.0,0.209,40.0,23.81,16.0,9.52,0.577,0.08199999999999999,25.38,12.48,15.49,27.97,28.01,16.74,144.0,0.301,43.0,29.86,18.0,12.5,0.786,0.089,33.87,14.74,17.72,32.46,24.23,24.57,174.0,0.223,40.0,22.99,19.0,10.92,0.7230000000000001,0.17600000000000002,31.39,16.01,12.46,28.47,27.42,18.18,254.0,0.288,69.0,27.17,20.0,7.87,0.886,0.245,28.29,14.51,14.91,29.42,33.6,19.33
746697,2024-06-25,2024,663697,R,656605,R,walk,False,True,195.0,0.235,45.0,23.08,24.0,12.31,0.681,0.10800000000000004,19.16,7.22,20.56,27.78,16.2,19.4,397.0,0.257,73.0,18.39,37.0,9.32,0.7809999999999999,0.175,21.3,8.18,21.42,29.59,19.53,15.19,193.0,0.265,31.0,16.06,14.0,7.25,0.7210000000000001,0.123,22.05,10.38,17.35,27.74,28.28,15.2,395.0,0.244,95.0,24.05,18.0,4.56,0.645,0.1069999999999999,21.38,9.92,20.33,30.26,29.0,22.35
746697,2024-06-25,2024,682829,L,656605,R,field_out,False,False,212.0,0.254,70.0,33.02,23.0,10.85,0.843,0.254,32.06,13.07,20.26,33.33,23.95,29.74,307.0,0.255,95.0,30.94,30.0,9.77,0.7989999999999999,0.2159999999999999,26.69,11.86,17.47,29.33,31.27,25.07,197.0,0.23,54.0,27.41,10.0,5.08,0.678,0.169,22.7,11.14,19.61,30.75,31.69,27.55,430.0,0.253,115.0,26.74,37.0,8.6,0.776,0.202,24.73,12.08,17.13,29.21,25.7,21.9
746697,2024-06-25,2024,600869,L,656605,R,fielders_choice_out,False,False,193.0,0.254,48.0,24.87,8.0,4.15,0.8380000000000001,0.29800000000000004,27.76,15.04,13.23,28.27,36.64,21.62,415.0,0.251,91.0,21.93,38.0,9.16,0.812,0.2279999999999999,25.42,11.83,16.22,28.05,27.64,18.71,197.0,0.23,54.0,27.41,10.0,5.08,0.678,0.169,22.7,11.14,19.61,30.75,31.69,27.55,430.0,0.253,115.0,26.74,37.0,8.6,0.776,0.202,24.73,12.08,17.13,29.21,25.7,21.9
746697,2024-06-25,2024,668715,R,656605,R,field_out,False,False,223.0,0.23,46.0,20.63,20.0,8.97,0.679,0.13999999999999999,20.96,9.57,18.04,27.61,25.99,15.33,487.0,0.256,106.0,21.77,51.0,10.47,0.7789999999999999,0.175,25.48,10.86,19.02,29.88,22.75,18.53,193.0,0.265,31.0,16.06,14.0,7.25,0.7210000000000001,0.123,22.05,10.38,17.35,27.74,28.28,15.2,395.0,0.244,95.0,24.05,18.0,4.56,0.645,0.1069999999999999,21.38,9.92,20.33,30.26,29.0,22.35
746697,2024-06-25,2024,518735,L,668881,R,field_out,False,False,72.0,0.162,14.0,19.44,4.0,5.56,0.502,0.13199999999999998,23.44,10.87,22.46,33.33,33.82,18.18,309.0,0.235,61.0,19.74,27.0,8.74,0.636,0.094,22.36,10.08,19.44,29.52,27.06,17.13,194.0,0.176,58.0,29.9,18.0,9.28,0.577,0.121,28.16,14.18,13.58,27.76,28.67,20.86,244.0,0.215,83.0,34.02,28.0,11.48,0.736,0.2009999999999999,33.14,15.55,14.17,29.71,25.77,23.31
746697,2024-06-25,2024,572191,R,668881,R,strikeout,True,False,110.0,0.184,38.0,34.55,7.0,6.36,0.43999999999999995,0.01999999999999999,38.89,18.42,16.67,35.09,30.91,25.68,276.0,0.206,95.0,34.42,18.0,6.52,0.641,0.171,34.66,17.23,15.91,33.15,32.6,28.53,174.0,0.223,40.0,22.99,19.0,10.92,0.7230000000000001,0.17600000000000002,31.39,16.01,12.46,28.47,27.42,18.18,254.0,0.288,69.0,27.17,20.0,7.87,0.886,0.245,28.29,14.51,14.91,29.42,33.6,19.33
746697,2024-06-25,2024,457705,R,668881,R,field_out,False,False,195.0,0.256,50.0,25.64,21.0,10.77,0.7629999999999999,0.16299999999999998,30.75,13.1,18.48,31.58,17.96,19.61,312.0,0.254,72.0,23.08,49.0,15.71,0.767,0.137,28.77,12.06,17.2,29.26,17.59,17.52,174.0,0.223,40.0,22.99,19.0,10.92,0.7230000000000001,0.17600000000000002,31.39,16.01,12.46,28.47,27.42,18.18,254.0,0.288,69.0,27.17,20.0,7.87,0.886,0.245,28.29,14.51,14.91,29.42,33.6,19.33
746697,2024-06-25,2024,641584,L,656605,R,strikeout,True,False,163.0,0.272,33.0,20.25,13.0,7.98,0.671,0.068,19.5,11.51,8.72,20.23,29.63,15.57,339.0,0.268,66.0,19.47,34.0,10.03,0.815,0.199,24.78,12.84,11.52,24.36,30.55,18.38,197.0,0.23,54.0,27.41,10.0,5.08,0.678,0.169,22.7,11.14,19.61,30.75,31.69,27.55,430.0,0.253,115.0,26.74,37.0,8.6,0.776,0.202,24.73,12.08,17.13,29.21,25.7,21.9
746697,2024-06-25,2024,663886,R,656605,R,field_out,False,False,152.0,0.239,33.0,21.71,13.0,8.55,0.688,0.127,22.76,10.11,18.23,28.34,25.0,20.51,378.0,0.228,105.0,27.78,34.0,8.99,0.657,0.1239999999999999,29.78,12.81,19.96,32.77,26.19,24.59,193.0,0.265,31.0,16.06,14.0,7.25,0.7210000000000001,0.123,22.05,10.38,17.35,27.74,28.28,15.2,395.0,0.244,95.0,24.05,18.0,4.56,0.645,0.1069999999999999,21.38,9.92,20.33,30.26,29.0,22.35
746697,2024-06-25,2024,669289,R,656605,R,field_out,False,False,94.0,0.182,16.0,17.02,4.0,4.26,0.488,0.09100000000000003,12.14,5.74,16.67,22.4,25.29,16.16,138.0,0.244,22.0,15.94,10.0,7.25,0.633,0.073,17.87,7.68,20.84,28.52,25.34,15.6,193.0,0.265,31.0,16.06,14.0,7.25,0.7210000000000001,0.123,22.05,10.38,17.35,27.74,28.28,15.2,395.0,0.244,95.0,24.05,18.0,4.56,0.645,0.1069999999999999,21.38,9.92,20.33,30.26,29.0,22.35
746697,2024-06-25,2024,668804,L,668881,R,single,False,False,243.0,0.276,52.0,21.4,25.0,10.29,0.83,0.19599999999999995,28.7,13.43,13.96,27.39,27.38,18.51,438.0,0.252,94.0,21.46,45.0,10.27,0.821,0.2309999999999999,28.75,13.22,13.73,26.95,24.9,18.49,194.0,0.176,58.0,29.9,18.0,9.28,0.577,0.121,28.16,14.18,13.58,27.76,28.67,20.86,244.0,0.215,83.0,34.02,28.0,11.48,0.736,0.2009999999999999,33.14,15.55,14.17,29.71,25.77,23.31
746697,2024-06-25,2024,665833,L,668881,R,single,False,False,214.0,0.286,65.0,30.37,17.0,7.94,0.851,0.22400000000000003,33.09,15.14,18.53,33.67,33.55,23.13,33.0,0.185,7.0,21.21,5.0,15.15,0.636,0.148,27.69,13.14,15.33,28.47,34.25,17.95,194.0,0.176,58.0,29.9,18.0,9.28,0.577,0.121,28.16,14.18,13.58,27.76,28.67,20.86,244.0,0.215,83.0,34.02,28.0,11.48,0.736,0.2009999999999999,33.14,15.55,14.17,29.71,25.77,23.31
746697,2024-06-25,2024,642133,L,668881,R,single,False,False,175.0,0.236,34.0,19.43,12.0,6.86,0.614,0.08700000000000002,20.07,8.26,21.29,29.55,23.41,18.89,300.0,0.223,73.0,24.33,29.0,9.67,0.69,0.173,22.22,8.47,23.11,31.59,24.77,19.95,194.0,0.176,58.0,29.9,18.0,9.28,0.577,0.121,28.16,14.18,13.58,27.76,28.67,20.86,244.0,0.215,83.0,34.02,28.0,11.48,0.736,0.2009999999999999,33.14,15.55,14.17,29.71,25.77,23.31
746697,2024-06-25,2024,658668,R,668881,R,single,False,False,89.0,0.253,12.0,13.48,7.0,7.87,0.619,0.05099999999999999,23.91,12.87,13.74,26.61,34.52,10.81,261.0,0.256,43.0,16.48,14.0,5.36,0.728,0.1649999999999999,22.47,11.51,14.21,25.73,31.17,15.47,174.0,0.223,40.0,22.99,19.0,10.92,0.7230000000000001,0.17600000000000002,31.39,16.01,12.46,28.47,27.42,18.18,254.0,0.288,69.0,27.17,20.0,7.87,0.886,0.245,28.29,14.51,14.91,29.42,33.6,19.33
746697,2024-06-25,2024,693304,R,668881,R,single,False,False,113.0,0.25,27.0,23.89,5.0,4.42,0.661,0.125,27.67,15.66,10.74,26.4,34.08,17.42,86.0,0.234,21.0,24.42,3.0,3.49,0.638,0.1299999999999999,30.36,15.84,12.11,27.95,27.85,22.11,174.0,0.223,40.0,22.99,19.0,10.92,0.7230000000000001,0.17600000000000002,31.39,16.01,12.46,28.47,27.42,18.18,254.0,0.288,69.0,27.17,20.0,7.87,0.886,0.245,28.29,14.51,14.91,29.42,33.6,19.33
746697,2024-06-25,2024,669707,R,668881,R,strikeout,True,False,168.0,0.209,40.0,23.81,16.0,9.52,0.577,0.08199999999999999,25.38,12.48,15.49,27.97,28.01,16.74,144.0,0.301,43.0,29.86,18.0,12.5,0.786,0.089,33.87,14.74,17.72,32.46,24.23,24.57,174.0,0.223,40.0,22.99,19.0,10.92,0.7230000000000001,0.17600000000000002,31.39,16.01,12.46,28.47,27.42,18.18,254.0,0.288,69.0,27.17,20.0,7.87,0.886,0.245,28.29,14.51,14.91,29.42,33.6,19.33
746697,2024-06-25,2024,518735,L,668881,R,sac_fly,False,False,72.0,0.162,14.0,19.44,4.0,5.56,0.502,0.13199999999999998,23.44,10.87,22.46,33.33,33.82,18.18,309.0,0.235,61.0,19.74,27.0,8.74,0.636,0.094,22.36,10.08,19.44,29.52,27.06,17.13,194.0,0.176,58.0,29.9,18.0,9.28,0.577,0.121,28.16,14.18,13.58,27.76,28.67,20.86,244.0,0.215,83.0,34.02,28.0,11.48,0.736,0.2009999999999999,33.14,15.55,14.17,29.71,25.77,23.31
746697,2024-06-25,2024,572191,R,668881,R,strikeout,True,False,110.0,0.184,38.0,34.55,7.0,6.36,0.43999999999999995,0.01999999999999999,38.89,18.42,16.67,35.09,30.91,25.68,276.0,0.206,95.0,34.42,18.0,6.52,0.641,0.171,34.66,17.23,15.91,33.15,32.6,28.53,174.0,0.223,40.0,22.99,19.0,10.92,0.7230000000000001,0.17600000000000002,31.39,16.01,12.46,28.47,27.42,18.18,254.0,0.288,69.0,27.17,20.0,7.87,0.886,0.245,28.29,14.51,14.91,29.42,33.6,19.33
746697,2024-06-25,2024,666181,L,656605,R,strikeout,True,False,191.0,0.215,81.0,42.41,18.0,9.42,0.712,0.204,38.52,18.34,14.82,33.17,22.14,31.89,285.0,0.297,89.0,31.23,37.0,12.98,0.938,0.252,31.03,13.11,16.03,29.13,18.51,23.66,197.0,0.23,54.0,27.41,10.0,5.08,0.678,0.169,22.7,11.14,19.61,30.75,31.69,27.55,430.0,0.253,115.0,26.74,37.0,8.6,0.776,0.202,24.73,12.08,17.13,29.21,25.7,21.9
746697,2024-06-25,2024,656413,R,656605,R,field_error,False,False,56.0,0.1,14.0,25.0,3.0,5.36,0.362,0.07999999999999999,39.18,19.79,13.02,32.81,30.0,25.93,144.0,0.23,35.0,24.31,12.0,8.33,0.716,0.1829999999999999,31.79,17.15,10.79,27.94,25.91,21.74,193.0,0.265,31.0,16.06,14.0,7.25,0.7210000000000001,0.123,22.05,10.38,17.35,27.74,28.28,15.2,395.0,0.244,95.0,24.05,18.0,4.56,0.645,0.1069999999999999,21.38,9.92,20.33,30.26,29.0,22.35
746697,2024-06-25,2024,663697,R,656605,R,hit_by_pitch,False,False,195.0,0.235,45.0,23.08,24.0,12.31,0.681,0.10800000000000004,19.16,7.22,20.56,27.78,16.2,19.4,397.0,0.257,73.0,18.39,37.0,9.32,0.7809999999999999,0.175,21.3,8.18,21.42,29.59,19.53,15.19,193.0,0.265,31.0,16.06,14.0,7.25,0.7210000000000001,0.123,22.05,10.38,17.35,27.74,28.28,15.2,395.0,0.244,95.0,24.05,18.0,4.56,0.645,0.1069999999999999,21.38,9.92,20.33,30.26,29.0,22.35
746697,2024-06-25,2024,682829,L,656605,R,walk,False,True,212.0,0.254,70.0,33.02,23.0,10.85,0.843,0.254,32.06,13.07,20.26,33.33,23.95,29.74,307.0,0.255,95.0,30.94,30.0,9.77,0.7989999999999999,0.2159999999999999,26.69,11.86,17.47,29.33,31.27,25.07,197.0,0.23,54.0,27.41,10.0,5.08,0.678,0.169,22.7,11.14,19.61,30.75,31.69,27.55,430.0,0.253,115.0,26.74,37.0,8.6,0.776,0.202,24.73,12.08,17.13,29.21,25.7,21.9
746697,2024-06-25,2024,600869,L,656605,R,strikeout,True,False,193.0,0.254,48.0,24.87,8.0,4.15,0.8380000000000001,0.29800000000000004,27.76,15.04,13.23,28.27,36.64,21.62,415.0,0.251,91.0,21.93,38.0,9.16,0.812,0.2279999999999999,25.42,11.83,16.22,28.05,27.64,18.71,197.0,0.23,54.0,27.41,10.0,5.08,0.678,0.169,22.7,11.14,19.61,30.75,31.69,27.55,430.0,0.253,115.0,26.74,37.0,8.6,0.776,0.202,24.73,12.08,17.13,29.21,25.7,21.9
746697,2024-06-25,2024,668715,R,656605,R,strikeout,True,False,223.0,0.23,46.0,20.63,20.0,8.97,0.679,0.13999999999999999,20.96,9.57,18.04,27.61,25.99,15.33,487.0,0.256,106.0,21.77,51.0,10.47,0.7789999999999999,0.175,25.48,10.86,19.02,29.88,22.75,18.53,193.0,0.265,31.0,16.06,14.0,7.25,0.7210000000000001,0.123,22.05,10.38,17.35,27.74,28.28,15.2,395.0,0.244,95.0,24.05,18.0,4.56,0.645,0.1069999999999999,21.38,9.92,20.33,30.26,29.0,22.35
746697,2024-06-25,2024,457705,R,668881,R,field_out,False,False,195.0,0.256,50.0,25.64,21.0,10.77,0.7629999999999999,0.16299999999999998,30.75,13.1,18.48,31.58,17.96,19.61,312.0,0.254,72.0,23.08,49.0,15.71,0.767,0.137,28.77,12.06,17.2,29.26,17.59,17.52,174.0,0.223,40.0,22.99,19.0,10.92,0.7230000000000001,0.17600000000000002,31.39,16.01,12.46,28.47,27.42,18.18,254.0,0.288,69.0,27.17,20.0,7.87,0.886,0.245,28.29,14.51,14.91,29.42,33.6,19.33
746697,2024-06-25,2024,668804,L,668881,R,strikeout,True,False,243.0,0.276,52.0,21.4,25.0,10.29,0.83,0.19599999999999995,28.7,13.43,13.96,27.39,27.38,18.51,438.0,0.252,94.0,21.46,45.0,10.27,0.821,0.2309999999999999,28.75,13.22,13.73,26.95,24.9,18.49,194.0,0.176,58.0,29.9,18.0,9.28,0.577,0.121,28.16,14.18,13.58,27.76,28.67,20.86,244.0,0.215,83.0,34.02,28.0,11.48,0.736,0.2009999999999999,33.14,15.55,14.17,29.71,25.77,23.31
746697,2024-06-25,2024,665833,L,668881,R,strikeout,True,False,214.0,0.286,65.0,30.37,17.0,7.94,0.851,0.22400000000000003,33.09,15.14,18.53,33.67,33.55,23.13,33.0,0.185,7.0,21.21,5.0,15.15,0.636,0.148,27.69,13.14,15.33,28.47,34.25,17.95,194.0,0.176,58.0,29.9,18.0,9.28,0.577,0.121,28.16,14.18,13.58,27.76,28.67,20.86,244.0,0.215,83.0,34.02,28.0,11.48,0.736,0.2009999999999999,33.14,15.55,14.17,29.71,25.77,23.31
746697,2024-06-25,2024,641584,L,656605,R,single,False,False,163.0,0.272,33.0,20.25,13.0,7.98,0.671,0.068,19.5,11.51,8.72,20.23,29.63,15.57,339.0,0.268,66.0,19.47,34.0,10.03,0.815,0.199,24.78,12.84,11.52,24.36,30.55,18.38,197.0,0.23,54.0,27.41,10.0,5.08,0.678,0.169,22.7,11.14,19.61,30.75,31.69,27.55,430.0,0.253,115.0,26.74,37.0,8.6,0.776,0.202,24.73,12.08,17.13,29.21,25.7,21.9
746697,2024-06-25,2024,663886,R,656605,R,field_out,False,False,152.0,0.239,33.0,21.71,13.0,8.55,0.688,0.127,22.76,10.11,18.23,28.34,25.0,20.51,378.0,0.228,105.0,27.78,34.0,8.99,0.657,0.1239999999999999,29.78,12.81,19.96,32.77,26.19,24.59,193.0,0.265,31.0,16.06,14.0,7.25,0.7210000000000001,0.123,22.05,10.38,17.35,27.74,28.28,15.2,395.0,0.244,95.0,24.05,18.0,4.56,0.645,0.1069999999999999,21.38,9.92,20.33,30.26,29.0,22.35
746697,2024-06-25,2024,669289,R,656605,R,single,False,False,94.0,0.182,16.0,17.02,4.0,4.26,0.488,0.09100000000000003,12.14,5.74,16.67,22.4,25.29,16.16,138.0,0.244,22.0,15.94,10.0,7.25,0.633,0.073,17.87,7.68,20.84,28.52,25.34,15.6,193.0,0.265,31.0,16.06,14.0,7.25,0.7210000000000001,0.123,22.05,10.38,17.35,27.74,28.28,15.2,395.0,0.244,95.0,24.05,18.0,4.56,0.645,0.1069999999999999,21.38,9.92,20.33,30.26,29.0,22.35
746697,2024-06-25,2024,666181,L,656605,R,field_out,False,False,191.0,0.215,81.0,42.41,18.0,9.42,0.712,0.204,38.52,18.34,14.82,33.17,22.14,31.89,285.0,0.297,89.0,31.23,37.0,12.98,0.938,0.252,31.03,13.11,16.03,29.13,18.51,23.66,197.0,0.23,54.0,27.41,10.0,5.08,0.678,0.169,22.7,11.14,19.61,30.75,31.69,27.55,430.0,0.253,115.0,26.74,37.0,8.6,0.776,0.202,24.73,12.08,17.13,29.21,25.7,21.9
746697,2024-06-25,2024,656413,R,656605,R,strikeout,True,False,56.0,0.1,14.0,25.0,3.0,5.36,0.362,0.07999999999999999,39.18,19.79,13.02,32.81,30.0,25.93,144.0,0.23,35.0,24.31,12.0,8.33,0.716,0.1829999999999999,31.79,17.15,10.79,27.94,25.91,21.74,193.0,0.265,31.0,16.06,14.0,7.25,0.7210000000000001,0.123,22.05,10.38,17.35,27.74,28.28,15.2,395.0,0.244,95.0,24.05,18.0,4.56,0.645,0.1069999999999999,21.38,9.92,20.33,30.26,29.0,22.35
746697,2024-06-25,2024,642133,L,571656,R,strikeout,True,False,175.0,0.236,34.0,19.43,12.0,6.86,0.614,0.08700000000000002,20.07,8.26,21.29,29.55,23.41,18.89,300.0,0.223,73.0,24.33,29.0,9.67,0.69,0.173,22.22,8.47,23.11,31.59,24.77,19.95,67.0,0.276,12.0,17.91,9.0,13.43,0.804,0.15499999999999997,20.51,8.92,15.24,24.16,27.34,19.05,118.0,0.235,26.0,22.03,15.0,12.71,0.743,0.177,24.55,10.69,15.84,26.53,23.37,18.44
746697,2024-06-25,2024,658668,R,571656,R,field_out,False,False,89.0,0.253,12.0,13.48,7.0,7.87,0.619,0.05099999999999999,23.91,12.87,13.74,26.61,34.52,10.81,261.0,0.256,43.0,16.48,14.0,5.36,0.728,0.1649999999999999,22.47,11.51,14.21,25.73,31.17,15.47,81.0,0.186,14.0,17.28,5.0,6.17,0.5609999999999999,0.09999999999999998,25.0,11.51,18.09,29.61,32.92,16.28,191.0,0.201,44.0,23.04,14.0,7.33,0.673,0.195,33.99,16.69,15.86,32.55,33.16,19.91
746697,2024-06-25,2024,693304,R,571656,R,single,False,False,113.0,0.25,27.0,23.89,5.0,4.42,0.661,0.125,27.67,15.66,10.74,26.4,34.08,17.42,86.0,0.234,21.0,24.42,3.0,3.49,0.638,0.1299999999999999,30.36,15.84,12.11,27.95,27.85,22.11,81.0,0.186,14.0,17.28,5.0,6.17,0.5609999999999999,0.09999999999999998,25.0,11.51,18.09,29.61,32.92,16.28,191.0,0.201,44.0,23.04,14.0,7.33,0.673,0.195,33.99,16.69,15.86,32.55,33.16,19.91
746697,2024-06-25,2024,669707,R,571656,R,home_run,False,False,168.0,0.209,40.0,23.81,16.0,9.52,0.577,0.08199999999999999,25.38,12.48,15.49,27.97,28.01,16.74,144.0,0.301,43.0,29.86,18.0,12.5,0.786,0.089,33.87,14.74,17.72,32.46,24.23,24.57,81.0,0.186,14.0,17.28,5.0,6.17,0.5609999999999999,0.09999999999999998,25.0,11.51,18.09,29.61,32.92,16.28,191.0,0.201,44.0,23.04,14.0,7.33,0.673,0.195,33.99,16.69,15.86,32.55,33.16,19.91
746697,2024-06-25,2024,518735,L,571656,R,field_out,False,False,72.0,0.162,14.0,19.44,4.0,5.56,0.502,0.13199999999999998,23.44,10.87,22.46,33.33,33.82,18.18,309.0,0.235,61.0,19.74,27.0,8.74,0.636,0.094,22.36,10.08,19.44,29.52,27.06,17.13,67.0,0.276,12.0,17.91,9.0,13.43,0.804,0.15499999999999997,20.51,8.92,15.24,24.16,27.34,19.05,118.0,0.235,26.0,22.03,15.0,12.71,0.743,0.177,24.55,10.69,15.84,26.53,23.37,18.44
746697,2024-06-25,2024,663697,R,656605,R,walk,False,True,195.0,0.235,45.0,23.08,24.0,12.31,0.681,0.10800000000000004,19.16,7.22,20.56,27.78,16.2,19.4,397.0,0.257,73.0,18.39,37.0,9.32,0.7809999999999999,0.175,21.3,8.18,21.42,29.59,19.53,15.19,193.0,0.265,31.0,16.06,14.0,7.25,0.7210000000000001,0.123,22.05,10.38,17.35,27.74,28.28,15.2,395.0,0.244,95.0,24.05,18.0,4.56,0.645,0.1069999999999999,21.38,9.92,20.33,30.26,29.0,22.35
746697,2024-06-25,2024,682829,L,656605,R,double,False,False,212.0,0.254,70.0,33.02,23.0,10.85,0.843,0.254,32.06,13.07,20.26,33.33,23.95,29.74,307.0,0.255,95.0,30.94,30.0,9.77,0.7989999999999999,0.2159999999999999,26.69,11.86,17.47,29.33,31.27,25.07,197.0,0.23,54.0,27.41,10.0,5.08,0.678,0.169,22.7,11.14,19.61,30.75,31.69,27.55,430.0,0.253,115.0,26.74,37.0,8.6,0.776,0.202,24.73,12.08,17.13,29.21,25.7,21.9
746697,2024-06-25,2024,600869,L,656605,R,field_out,False,False,193.0,0.254,48.0,24.87,8.0,4.15,0.8380000000000001,0.29800000000000004,27.76,15.04,13.23,28.27,36.64,21.62,415.0,0.251,91.0,21.93,38.0,9.16,0.812,0.2279999999999999,25.42,11.83,16.22,28.05,27.64,18.71,197.0,0.23,54.0,27.41,10.0,5.08,0.678,0.169,22.7,11.14,19.61,30.75,31.69,27.55,430.0,0.253,115.0,26.74,37.0,8.6,0.776,0.202,24.73,12.08,17.13,29.21,25.7,21.9
746697,2024-06-25,2024,668715,R,656605,R,double,False,False,223.0,0.23,46.0,20.63,20.0,8.97,0.679,0.13999999999999999,20.96,9.57,18.04,27.61,25.99,15.33,487.0,0.256,106.0,21.77,51.0,10.47,0.7789999999999999,0.175,25.48,10.86,19.02,29.88,22.75,18.53,193.0,0.265,31.0,16.06,14.0,7.25,0.7210000000000001,0.123,22.05,10.38,17.35,27.74,28.28,15.2,395.0,0.244,95.0,24.05,18.0,4.56,0.645,0.1069999999999999,21.38,9.92,20.33,30.26,29.0,22.35
746697,2024-06-25,2024,641584,L,656605,R,field_out,False,False,163.0,0.272,33.0,20.25,13.0,7.98,0.671,0.068,19.5,11.51,8.72,20.23,29.63,15.57,339.0,0.268,66.0,19.47,34.0,10.03,0.815,0.199,24.78,12.84,11.52,24.36,30.55,18.38,197.0,0.23,54.0,27.41,10.0,5.08,0.678,0.169,22.7,11.14,19.61,30.75,31.69,27.55,430.0,0.253,115.0,26.74,37.0,8.6,0.776,0.202,24.73,12.08,17.13,29.21,25.7,21.9
746697,2024-06-25,2024,663886,R,656605,R,triple,False,False,152.0,0.239,33.0,21.71,13.0,8.55,0.688,0.127,22.76,10.11,18.23,28.34,25.0,20.51,378.0,0.228,105.0,27.78,34.0,8.99,0.657,0.1239999999999999,29.78,12.81,19.96,32.77,26.19,24.59,193.0,0.265,31.0,16.06,14.0,7.25,0.7210000000000001,0.123,22.05,10.38,17.35,27.74,28.28,15.2,395.0,0.244,95.0,24.05,18.0,4.56,0.645,0.1069999999999999,21.38,9.92,20.33,30.26,29.0,22.35
746697,2024-06-25,2024,669289,R,656605,R,field_out,False,False,94.0,0.182,16.0,17.02,4.0,4.26,0.488,0.09100000000000003,12.14,5.74,16.67,22.4,25.29,16.16,138.0,0.244,22.0,15.94,10.0,7.25,0.633,0.073,17.87,7.68,20.84,28.52,25.34,15.6,193.0,0.265,31.0,16.06,14.0,7.25,0.7210000000000001,0.123,22.05,10.38,17.35,27.74,28.28,15.2,395.0,0.244,95.0,24.05,18.0,4.56,0.645,0.1069999999999999,21.38,9.92,20.33,30.26,29.0,22.35
746697,2024-06-25,2024,572191,R,691172,R,walk,False,True,110.0,0.184,38.0,34.55,7.0,6.36,0.43999999999999995,0.01999999999999999,38.89,18.42,16.67,35.09,30.91,25.68,276.0,0.206,95.0,34.42,18.0,6.52,0.641,0.171,34.66,17.23,15.91,33.15,32.6,28.53,,,,,,,,,,,,,,,,,,,,,,,,,,,,
746697,2024-06-25,2024,457705,R,691172,R,walk,False,True,195.0,0.256,50.0,25.64,21.0,10.77,0.7629999999999999,0.16299999999999998,30.75,13.1,18.48,31.58,17.96,19.61,312.0,0.254,72.0,23.08,49.0,15.71,0.767,0.137,28.77,12.06,17.2,29.26,17.59,17.52,,,,,,,,,,,,,,,,,,,,,,,,,,,,
746697,2024-06-25,2024,668804,L,691172,R,strikeout,True,False,243.0,0.276,52.0,21.4,25.0,10.29,0.83,0.19599999999999995,28.7,13.43,13.96,27.39,27.38,18.51,438.0,0.252,94.0,21.46,45.0,10.27,0.821,0.2309999999999999,28.75,13.22,13.73,26.95,24.9,18.49,,,,,,,,,,,,,,,,,,,,,,,,,,,,
746697,2024-06-25,2024,665833,L,691172,R,strikeout,True,False,214.0,0.286,65.0,30.37,17.0,7.94,0.851,0.22400000000000003,33.09,15.14,18.53,33.67,33.55,23.13,33.0,0.185,7.0,21.21,5.0,15.15,0.636,0.148,27.69,13.14,15.33,28.47,34.25,17.95,,,,,,,,,,,,,,,,,,,,,,,,,,,,
746697,2024-06-25,2024,642133,L,691172,R,single,False,False,175.0,0.236,34.0,19.43,12.0,6.86,0.614,0.08700000000000002,20.07,8.26,21.29,29.55,23.41,18.89,300.0,0.223,73.0,24.33,29.0,9.67,0.69,0.173,22.22,8.47,23.11,31.59,24.77,19.95,,,,,,,,,,,,,,,,,,,,,,,,,,,,
746697,2024-06-25,2024,658668,R,691172,R,strikeout,True,False,89.0,0.253,12.0,13.48,7.0,7.87,0.619,0.05099999999999999,23.91,12.87,13.74,26.61,34.52,10.81,261.0,0.256,43.0,16.48,14.0,5.36,0.728,0.1649999999999999,22.47,11.51,14.21,25.73,31.17,15.47,,,,,,,,,,,,,,,,,,,,,,,,,,,,
746697,2024-06-25,2024,666181,L,656605,R,strikeout,True,False,191.0,0.215,81.0,42.41,18.0,9.42,0.712,0.204,38.52,18.34,14.82,33.17,22.14,31.89,285.0,0.297,89.0,31.23,37.0,12.98,0.938,0.252,31.03,13.11,16.03,29.13,18.51,23.66,197.0,0.23,54.0,27.41,10.0,5.08,0.678,0.169,22.7,11.14,19.61,30.75,31.69,27.55,430.0,0.253,115.0,26.74,37.0,8.6,0.776,0.202,24.73,12.08,17.13,29.21,25.7,21.9
746697,2024-06-25,2024,656413,R,656605,R,field_out,False,False,56.0,0.1,14.0,25.0,3.0,5.36,0.362,0.07999999999999999,39.18,19.79,13.02,32.81,30.0,25.93,144.0,0.23,35.0,24.31,12.0,8.33,0.716,0.1829999999999999,31.79,17.15,10.79,27.94,25.91,21.74,193.0,0.265,31.0,16.06,14.0,7.25,0.7210000000000001,0.123,22.05,10.38,17.35,27.74,28.28,15.2,395.0,0.244,95.0,24.05,18.0,4.56,0.645,0.1069999999999999,21.38,9.92,20.33,30.26,29.0,22.35
746697,2024-06-25,2024,663697,R,656605,R,double,False,False,195.0,0.235,45.0,23.08,24.0,12.31,0.681,0.10800000000000004,19.16,7.22,20.56,27.78,16.2,19.4,397.0,0.257,73.0,18.39,37.0,9.32,0.7809999999999999,0.175,21.3,8.18,21.42,29.59,19.53,15.19,193.0,0.265,31.0,16.06,14.0,7.25,0.7210000000000001,0.123,22.05,10.38,17.35,27.74,28.28,15.2,395.0,0.244,95.0,24.05,18.0,4.56,0.645,0.1069999999999999,21.38,9.92,20.33,30.26,29.0,22.35
746697,2024-06-25,2024,682829,L,656605,R,field_error,False,False,212.0,0.254,70.0,33.02,23.0,10.85,0.843,0.254,32.06,13.07,20.26,33.33,23.95,29.74,307.0,0.255,95.0,30.94,30.0,9.77,0.7989999999999999,0.2159999999999999,26.69,11.86,17.47,29.33,31.27,25.07,197.0,0.23,54.0,27.41,10.0,5.08,0.678,0.169,22.7,11.14,19.61,30.75,31.69,27.55,430.0,0.253,115.0,26.74,37.0,8.6,0.776,0.202,24.73,12.08,17.13,29.21,25.7,21.9
746697,2024-06-25,2024,600869,L,669387,R,field_out,False,False,193.0,0.254,48.0,24.87,8.0,4.15,0.8380000000000001,0.29800000000000004,27.76,15.04,13.23,28.27,36.64,21.62,415.0,0.251,91.0,21.93,38.0,9.16,0.812,0.2279999999999999,25.42,11.83,16.22,28.05,27.64,18.71,41.0,0.242,7.0,17.07,4.0,9.76,0.65,0.09100000000000003,18.09,9.39,12.71,22.1,25.84,9.86,66.0,0.214,16.0,24.24,8.0,12.12,0.612,0.09,20.93,9.82,15.27,25.09,25.76,17.98
746697,2024-06-25,2024,693304,R,691172,R,strikeout,True,False,113.0,0.25,27.0,23.89,5.0,4.42,0.661,0.125,27.67,15.66,10.74,26.4,34.08,17.42,86.0,0.234,21.0,24.42,3.0,3.49,0.638,0.1299999999999999,30.36,15.84,12.11,27.95,27.85,22.11,,,,,,,,,,,,,,,,,,,,,,,,,,,,
746697,2024-06-25,2024,669707,R,691172,R,field_out,False,False,168.0,0.209,40.0,23.81,16.0,9.52,0.577,0.08199999999999999,25.38,12.48,15.49,27.97,28.01,16.74,144.0,0.301,43.0,29.86,18.0,12.5,0.786,0.089,33.87,14.74,17.72,32.46,24.23,24.57,,,,,,,,,,,,,,,,,,,,,,,,,,,,
746697,2024-06-25,2024,518735,L,691172,R,field_out,False,False,72.0,0.162,14.0,19.44,4.0,5.56,0.502,0.13199999999999998,23.44,10.87,22.46,33.33,33.82,18.18,309.0,0.235,61.0,19.74,27.0,8.74,0.636,0.094,22.36,10.08,19.44,29.52,27.06,17.13,,,,,,,,,,,,,,,,,,,,,,,,,,,,
746697,2024-06-25,2024,668715,R,669387,R,strikeout,True,False,223.0,0.23,46.0,20.63,20.0,8.97,0.679,0.13999999999999999,20.96,9.57,18.04,27.61,25.99,15.33,487.0,0.256,106.0,21.77,51.0,10.47,0.7789999999999999,0.175,25.48,10.86,19.02,29.88,22.75,18.53,49.0,0.286,10.0,20.41,5.0,10.2,0.748,0.09500000000000003,25.29,11.58,15.26,26.84,27.45,20.0,87.0,0.213,18.0,20.69,10.0,11.49,0.63,0.107,21.85,9.54,17.63,27.17,22.03,17.14
746697,2024-06-25,2024,641584,L,669387,R,field_out,False,False,163.0,0.272,33.0,20.25,13.0,7.98,0.671,0.068,19.5,11.51,8.72,20.23,29.63,15.57,339.0,0.268,66.0,19.47,34.0,10.03,0.815,0.199,24.78,12.84,11.52,24.36,30.55,18.38,41.0,0.242,7.0,17.07,4.0,9.76,0.65,0.09100000000000003,18.09,9.39,12.71,22.1,25.84,9.86,66.0,0.214,16.0,24.24,8.0,12.12,0.612,0.09,20.93,9.82,15.27,25.09,25.76,17.98
746697,2024-06-25,2024,663886,R,669387,R,field_out,False,False,152.0,0.239,33.0,21.71,13.0,8.55,0.688,0.127,22.76,10.11,18.23,28.34,25.0,20.51,378.0,0.228,105.0,27.78,34.0,8.99,0.657,0.1239999999999999,29.78,12.81,19.96,32.77,26.19,24.59,49.0,0.286,10.0,20.41,5.0,10.2,0.748,0.09500000000000003,25.29,11.58,15.26,26.84,27.45,20.0,87.0,0.213,18.0,20.69,10.0,11.49,0.63,0.107,21.85,9.54,17.63,27.17,22.03,17.14
746697,2024-06-25,2024,572191,R,691172,R,field_out,False,False,110.0,0.184,38.0,34.55,7.0,6.36,0.43999999999999995,0.01999999999999999,38.89,18.42,16.67,35.09,30.91,25.68,276.0,0.206,95.0,34.42,18.0,6.52,0.641,0.171,34.66,17.23,15.91,33.15,32.6,28.53,,,,,,,,,,,,,,,,,,,,,,,,,,,,
746697,2024-06-25,2024,457705,R,691172,R,field_out,False,False,195.0,0.256,50.0,25.64,21.0,10.77,0.7629999999999999,0.16299999999999998,30.75,13.1,18.48,31.58,17.96,19.61,312.0,0.254,72.0,23.08,49.0,15.71,0.767,0.137,28.77,12.06,17.2,29.26,17.59,17.52,,,,,,,,,,,,,,,,,,,,,,,,,,,,
746697,2024-06-25,2024,668804,L,691172,R,field_out,False,False,243.0,0.276,52.0,21.4,25.0,10.29,0.83,0.19599999999999995,28.7,13.43,13.96,27.39,27.38,18.51,438.0,0.252,94.0,21.46,45.0,10.27,0.821,0.2309999999999999,28.75,13.22,13.73,26.95,24.9,18.49,,,,,,,,,,,,,,,,,,,,,,,,,,,,
746697,2024-06-25,2024,669289,R,669387,R,field_out,False,False,94.0,0.182,16.0,17.02,4.0,4.26,0.488,0.09100000000000003,12.14,5.74,16.67,22.4,25.29,16.16,138.0,0.244,22.0,15.94,10.0,7.25,0.633,0.073,17.87,7.68,20.84,28.52,25.34,15.6,49.0,0.286,10.0,20.41,5.0,10.2,0.748,0.09500000000000003,25.29,11.58,15.26,26.84,27.45,20.0,87.0,0.213,18.0,20.69,10.0,11.49,0.63,0.107,21.85,9.54,17.63,27.17,22.03,17.14
746697,2024-06-25,2024,666181,L,669387,R,strikeout,True,False,191.0,0.215,81.0,42.41,18.0,9.42,0.712,0.204,38.52,18.34,14.82,33.17,22.14,31.89,285.0,0.297,89.0,31.23,37.0,12.98,0.938,0.252,31.03,13.11,16.03,29.13,18.51,23.66,41.0,0.242,7.0,17.07,4.0,9.76,0.65,0.09100000000000003,18.09,9.39,12.71,22.1,25.84,9.86,66.0,0.214,16.0,24.24,8.0,12.12,0.612,0.09,20.93,9.82,15.27,25.09,25.76,17.98
746697,2024-06-25,2024,656413,R,669387,R,field_out,False,False,56.0,0.1,14.0,25.0,3.0,5.36,0.362,0.07999999999999999,39.18,19.79,13.02,32.81,30.0,25.93,144.0,0.23,35.0,24.31,12.0,8.33,0.716,0.1829999999999999,31.79,17.15,10.79,27.94,25.91,21.74,49.0,0.286,10.0,20.41,5.0,10.2,0.748,0.09500000000000003,25.29,11.58,15.26,26.84,27.45,20.0,87.0,0.213,18.0,20.69,10.0,11.49,0.63,0.107,21.85,9.54,17.63,27.17,22.03,17.14
746697,2024-06-25,2024,665833,L,608718,L,field_out,False,False,70.0,0.119,26.0,37.14,3.0,4.29,0.366,0.09,30.95,15.18,21.01,36.19,35.25,35.62,7.0,0.6,1.0,14.29,2.0,28.57,1.314,0.0,50.0,14.81,18.52,33.33,12.5,14.29,69.0,0.212,14.0,20.29,1.0,1.45,0.596,0.152,19.15,10.31,12.21,22.52,27.05,17.07,108.0,0.284,14.0,12.96,12.0,11.11,0.7909999999999999,0.137,15.29,6.27,17.11,23.37,15.26,12.61
746697,2024-06-25,2024,642133,L,608718,L,field_out,False,False,21.0,0.105,9.0,42.86,2.0,9.52,0.295,0.0,40.0,15.38,21.98,37.36,33.96,29.03,52.0,0.174,13.0,25.0,6.0,11.54,0.53,0.087,20.24,7.8,23.39,31.19,20.39,21.31,69.0,0.212,14.0,20.29,1.0,1.45,0.596,0.152,19.15,10.31,12.21,22.52,27.05,17.07,108.0,0.284,14.0,12.96,12.0,11.11,0.7909999999999999,0.137,15.29,6.27,17.11,23.37,15.26,12.61
746697,2024-06-25,2024,658668,R,608718,L,field_out,False,False,80.0,0.225,20.0,25.0,7.0,8.75,0.737,0.212,25.32,12.62,14.2,26.81,32.28,21.74,124.0,0.277,21.0,16.94,8.0,6.45,0.857,0.241,23.89,11.66,17.06,28.73,30.49,15.91,103.0,0.284,19.0,18.45,7.0,6.8,0.804,0.19,22.34,10.27,17.6,27.87,29.82,14.96,185.0,0.229,41.0,22.16,13.0,7.03,0.585,0.0659999999999999,25.84,11.89,18.32,30.21,31.25,19.25
746697,2024-06-25,2024,663697,R,676596,L,double,False,False,94.0,0.308,15.0,15.96,13.0,13.83,0.838,0.11499999999999999,15.79,5.44,24.35,29.79,15.22,14.71,134.0,0.207,36.0,26.87,15.0,11.19,0.642,0.129,23.87,9.31,22.67,31.99,19.93,19.66,66.0,0.22,6.0,9.09,6.0,9.09,0.546,0.034,16.38,7.48,14.17,21.65,32.45,9.84,172.0,0.309,12.0,6.98,17.0,9.88,0.865,0.184,13.21,5.98,15.56,21.54,27.22,9.52
746697,2024-06-25,2024,682829,R,676596,L,single,False,False,120.0,0.24,33.0,27.5,14.0,11.67,0.736,0.14,33.03,14.17,15.55,29.72,26.01,23.57,122.0,0.184,49.0,40.16,5.0,4.1,0.494,0.079,37.56,17.7,19.4,37.1,38.0,33.33,66.0,0.22,6.0,9.09,6.0,9.09,0.546,0.034,16.38,7.48,14.17,21.65,32.45,9.84,172.0,0.309,12.0,6.98,17.0,9.88,0.865,0.184,13.21,5.98,15.56,21.54,27.22,9.52
746697,2024-06-25,2024,600869,R,676596,L,grounded_into_double_play,False,False,95.0,0.241,21.0,22.11,10.0,10.53,0.6859999999999999,0.10799999999999998,28.5,14.55,12.7,27.25,32.81,17.8,161.0,0.254,36.0,22.36,15.0,9.32,0.793,0.197,21.45,10.5,14.2,24.7,29.83,16.29,66.0,0.22,6.0,9.09,6.0,9.09,0.546,0.034,16.38,7.48,14.17,21.65,32.45,9.84,172.0,0.309,12.0,6.98,17.0,9.88,0.865,0.184,13.21,5.98,15.56,21.54,27.22,9.52
746697,2024-06-25,2024,668715,R,676596,L,single,False,False,92.0,0.263,16.0,17.39,13.0,14.13,0.88,0.237,20.78,9.01,16.62,25.63,23.78,14.0,180.0,0.312,33.0,18.33,17.0,9.44,0.928,0.238,20.88,9.77,17.74,27.51,26.97,14.47,66.0,0.22,6.0,9.09,6.0,9.09,0.546,0.034,16.38,7.48,14.17,21.65,32.45,9.84,172.0,0.309,12.0,6.98,17.0,9.88,0.865,0.184,13.21,5.98,15.56,21.54,27.22,9.52
746697,2024-06-25,2024,682119,R,676596,L,strikeout,True,False,3.0,0.0,0.0,0.0,0.0,0.0,0.0,0.0,0.0,0.0,25.0,25.0,0.0,0.0,,,,,,,,,,,,,,,66.0,0.22,6.0,9.09,6.0,9.09,0.546,0.034,16.38,7.48,14.17,21.65,32.45,9.84,172.0,0.309,12.0,6.98,17.0,9.88,0.865,0.184,13.21,5.98,15.56,21.54,27.22,9.52
745076,2024-06-25,2024,641487,L,641793,R,field_out,False,False,169.0,0.166,44.0,26.04,22.0,13.02,0.5880000000000001,0.144,19.22,7.78,20.18,27.97,18.67,17.67,446.0,0.266,84.0,18.83,67.0,15.02,0.845,0.197,18.19,6.93,19.49,26.42,17.9,17.39,168.0,0.277,33.0,19.64,8.0,4.76,0.77,0.182,21.3,10.82,17.24,28.06,29.79,15.92,183.0,0.233,41.0,22.4,8.0,4.37,0.681,0.1799999999999999,22.16,11.64,17.0,28.64,32.55,20.2
745076,2024-06-25,2024,677594,R,641793,R,strikeout,True,False,245.0,0.245,67.0,27.35,15.0,6.12,0.617,0.07800000000000001,30.34,16.14,12.18,28.32,36.25,19.64,545.0,0.267,127.0,23.3,35.0,6.42,0.8109999999999999,0.2169999999999999,27.93,14.91,13.12,28.03,38.34,22.84,185.0,0.303,43.0,23.24,7.0,3.78,0.787,0.14300000000000002,23.66,12.74,15.2,27.93,32.2,17.99,196.0,0.287,33.0,16.84,4.0,2.04,0.76,0.16,19.89,10.69,14.35,25.04,30.7,16.92
745076,2024-06-25,2024,663728,L,641793,R,single,False,False,210.0,0.23,70.0,33.33,21.0,10.0,0.706,0.171,30.0,15.03,13.81,28.84,30.41,22.4,462.0,0.235,126.0,27.27,47.0,10.17,0.7909999999999999,0.241,29.58,14.2,14.09,28.29,30.53,21.36,168.0,0.277,33.0,19.64,8.0,4.76,0.77,0.182,21.3,10.82,17.24,28.06,29.79,15.92,183.0,0.233,41.0,22.4,8.0,4.37,0.681,0.1799999999999999,22.16,11.64,17.0,28.64,32.55,20.2
745076,2024-06-25,2024,670042,L,641793,R,field_out,False,False,174.0,0.264,55.0,31.61,6.0,3.45,0.782,0.20799999999999996,35.47,18.91,11.94,30.85,29.34,31.61,363.0,0.247,112.0,30.85,26.0,7.16,0.8340000000000001,0.25,38.6,19.83,11.57,31.39,31.1,26.79,168.0,0.277,33.0,19.64,8.0,4.76,0.77,0.182,21.3,10.82,17.24,28.06,29.79,15.92,183.0,0.233,41.0,22.4,8.0,4.37,0.681,0.1799999999999999,22.16,11.64,17.0,28.64,32.55,20.2
745076,2024-06-25,2024,650490,R,622491,R,home_run,False,False,263.0,0.264,42.0,15.97,22.0,8.37,0.708,0.11299999999999999,12.84,5.74,17.4,23.14,23.37,13.29,462.0,0.322,72.0,15.58,49.0,10.61,0.881,0.1559999999999999,18.95,8.0,18.68,26.68,19.71,15.69,203.0,0.21,61.0,30.05,12.0,5.91,0.603,0.13399999999999998,33.02,17.05,14.62,31.67,34.09,22.56,373.0,0.205,102.0,27.35,20.0,5.36,0.591,0.132,30.45,15.84,15.15,30.98,33.29,22.7
745076,2024-06-25,2024,666139,L,622491,R,strikeout,True,False,99.0,0.25,25.0,25.25,9.0,9.09,0.7929999999999999,0.22699999999999998,25.56,13.35,12.41,25.76,30.81,16.78,435.0,0.3,104.0,23.91,27.0,6.21,0.8540000000000001,0.211,29.41,15.52,12.38,27.9,34.65,18.39,188.0,0.275,35.0,18.62,14.0,7.45,0.8360000000000001,0.22799999999999998,19.35,9.82,14.73,24.56,30.11,14.0,431.0,0.229,117.0,27.15,36.0,8.35,0.741,0.217,30.72,16.0,13.84,29.84,29.45,19.4
745076,2024-06-25,2024,676609,R,622491,R,field_out,False,False,193.0,0.229,46.0,23.83,13.0,6.74,0.621,0.097,27.78,12.68,19.36,32.04,31.49,20.44,156.0,0.186,37.0,23.72,15.0,9.62,0.588,0.1009999999999999,24.9,10.03,24.36,34.39,27.59,18.69,203.0,0.21,61.0,30.05,12.0,5.91,0.603,0.13399999999999998,33.02,17.05,14.62,31.67,34.09,22.56,373.0,0.205,102.0,27.35,20.0,5.36,0.591,0.132,30.45,15.84,15.15,30.98,33.29,22.7
745076,2024-06-25,2024,670623,R,622491,R,strikeout,True,False,236.0,0.281,36.0,15.25,24.0,10.17,0.848,0.19699999999999995,15.88,7.1,18.73,25.83,27.45,9.05,438.0,0.247,82.0,18.72,43.0,9.82,0.86,0.266,18.6,8.55,16.71,25.26,28.98,14.09,203.0,0.21,61.0,30.05,12.0,5.91,0.603,0.13399999999999998,33.02,17.05,14.62,31.67,34.09,22.56,373.0,0.205,102.0,27.35,20.0,5.36,0.591,0.132,30.45,15.84,15.15,30.98,33.29,22.7
745076,2024-06-25,2024,641598,R,641793,R,strikeout,True,False,180.0,0.154,58.0,32.22,25.0,13.89,0.587,0.148,34.25,13.26,21.75,35.01,18.28,24.58,262.0,0.25,70.0,26.72,25.0,9.54,0.845,0.267,25.84,10.63,19.22,29.85,18.71,21.21,185.0,0.303,43.0,23.24,7.0,3.78,0.787,0.14300000000000002,23.66,12.74,15.2,27.93,32.2,17.99,196.0,0.287,33.0,16.84,4.0,2.04,0.76,0.16,19.89,10.69,14.35,25.04,30.7,16.92
745076,2024-06-25,2024,593871,L,641793,R,field_out,False,False,139.0,0.176,49.0,35.25,19.0,13.67,0.606,0.135,32.55,13.01,17.4,30.41,21.61,24.02,253.0,0.233,70.0,27.67,33.0,13.04,0.775,0.209,25.05,11.12,16.17,27.29,26.25,21.21,168.0,0.277,33.0,19.64,8.0,4.76,0.77,0.182,21.3,10.82,17.24,28.06,29.79,15.92,183.0,0.233,41.0,22.4,8.0,4.37,0.681,0.1799999999999999,22.16,11.64,17.0,28.64,32.55,20.2
745076,2024-06-25,2024,686527,L,641793,R,strikeout,True,False,116.0,0.252,30.0,25.86,12.0,10.34,0.823,0.243,33.49,17.19,15.98,33.17,38.14,25.86,155.0,0.221,26.0,16.77,5.0,3.23,0.661,0.1879999999999999,24.65,13.73,16.86,30.59,41.27,21.85,168.0,0.277,33.0,19.64,8.0,4.76,0.77,0.182,21.3,10.82,17.24,28.06,29.79,15.92,183.0,0.233,41.0,22.4,8.0,4.37,0.681,0.1799999999999999,22.16,11.64,17.0,28.64,32.55,20.2
745076,2024-06-25,2024,680700,L,622491,R,double,False,False,204.0,0.233,45.0,22.06,24.0,11.76,0.666,0.098,27.32,13.07,13.96,27.03,26.58,19.65,82.0,0.216,10.0,12.2,6.0,7.32,0.7390000000000001,0.243,15.71,6.75,18.4,25.15,18.99,10.75,188.0,0.275,35.0,18.62,14.0,7.45,0.8360000000000001,0.22799999999999998,19.35,9.82,14.73,24.56,30.11,14.0,431.0,0.229,117.0,27.15,36.0,8.35,0.741,0.217,30.72,16.0,13.84,29.84,29.45,19.4
745076,2024-06-25,2024,642350,R,622491,R,single,False,False,175.0,0.208,63.0,36.0,12.0,6.86,0.655,0.162,36.76,17.46,20.12,37.57,33.53,27.63,271.0,0.23,93.0,34.32,16.0,5.9,0.801,0.29,39.19,20.65,15.06,35.71,37.69,31.08,203.0,0.21,61.0,30.05,12.0,5.91,0.603,0.13399999999999998,33.02,17.05,14.62,31.67,34.09,22.56,373.0,0.205,102.0,27.35,20.0,5.36,0.591,0.132,30.45,15.84,15.15,30.98,33.29,22.7
745076,2024-06-25,2024,670764,L,622491,R,single,False,False,29.0,0.045,8.0,27.59,6.0,20.69,0.286,0.0,36.0,15.65,13.04,28.7,11.86,30.77,257.0,0.179,69.0,26.85,33.0,12.84,0.588,0.121,26.28,11.1,17.87,28.97,16.97,23.15,188.0,0.275,35.0,18.62,14.0,7.45,0.8360000000000001,0.22799999999999998,19.35,9.82,14.73,24.56,30.11,14.0,431.0,0.229,117.0,27.15,36.0,8.35,0.741,0.217,30.72,16.0,13.84,29.84,29.45,19.4
745076,2024-06-25,2024,666163,L,622491,R,field_out,False,False,145.0,0.273,40.0,27.59,15.0,10.34,0.734,0.10199999999999998,27.84,12.56,18.02,30.58,26.37,20.31,72.0,0.133,15.0,20.83,10.0,13.89,0.507,0.1169999999999999,25.64,10.56,17.96,28.52,20.41,17.5,188.0,0.275,35.0,18.62,14.0,7.45,0.8360000000000001,0.22799999999999998,19.35,9.82,14.73,24.56,30.11,14.0,431.0,0.229,117.0,27.15,36.0,8.35,0.741,0.217,30.72,16.0,13.84,29.84,29.45,19.4
745076,2024-06-25,2024,676356,R,622491,R,force_out,False,False,92.0,0.159,22.0,23.91,7.0,7.61,0.474,0.07300000000000001,25.6,13.35,15.84,29.19,40.0,21.15,10.0,0.2,0.0,0.0,0.0,0.0,0.7,0.3,19.05,11.43,11.43,22.86,44.44,0.0,203.0,0.21,61.0,30.05,12.0,5.91,0.603,0.13399999999999998,33.02,17.05,14.62,31.67,34.09,22.56,373.0,0.205,102.0,27.35,20.0,5.36,0.591,0.132,30.45,15.84,15.15,30.98,33.29,22.7
745076,2024-06-25,2024,650490,R,622491,R,field_out,False,False,263.0,0.264,42.0,15.97,22.0,8.37,0.708,0.11299999999999999,12.84,5.74,17.4,23.14,23.37,13.29,462.0,0.322,72.0,15.58,49.0,10.61,0.881,0.1559999999999999,18.95,8.0,18.68,26.68,19.71,15.69,203.0,0.21,61.0,30.05,12.0,5.91,0.603,0.13399999999999998,33.02,17.05,14.62,31.67,34.09,22.56,373.0,0.205,102.0,27.35,20.0,5.36,0.591,0.132,30.45,15.84,15.15,30.98,33.29,22.7
745076,2024-06-25,2024,664034,R,641793,R,single,False,False,188.0,0.232,47.0,25.0,14.0,7.45,0.6719999999999999,0.13099999999999998,20.4,9.59,15.41,25.0,23.68,19.34,506.0,0.24,85.0,16.8,37.0,7.31,0.698,0.1169999999999999,22.16,11.42,13.69,25.11,32.3,15.51,185.0,0.303,43.0,23.24,7.0,3.78,0.787,0.14300000000000002,23.66,12.74,15.2,27.93,32.2,17.99,196.0,0.287,33.0,16.84,4.0,2.04,0.76,0.16,19.89,10.69,14.35,25.04,30.7,16.92
745076,2024-06-25,2024,668942,L,641793,R,grounded_into_double_play,False,False,214.0,0.276,33.0,15.42,19.0,8.88,0.766,0.14599999999999996,16.63,7.74,16.86,24.6,21.25,12.27,299.0,0.249,64.0,21.4,22.0,7.36,0.6559999999999999,0.1019999999999999,22.77,10.13,19.65,29.78,25.55,19.69,168.0,0.277,33.0,19.64,8.0,4.76,0.77,0.182,21.3,10.82,17.24,28.06,29.79,15.92,183.0,0.233,41.0,22.4,8.0,4.37,0.681,0.1799999999999999,22.16,11.64,17.0,28.64,32.55,20.2
745076,2024-06-25,2024,641487,L,641793,R,walk,False,True,169.0,0.166,44.0,26.04,22.0,13.02,0.5880000000000001,0.144,19.22,7.78,20.18,27.97,18.67,17.67,446.0,0.266,84.0,18.83,67.0,15.02,0.845,0.197,18.19,6.93,19.49,26.42,17.9,17.39,168.0,0.277,33.0,19.64,8.0,4.76,0.77,0.182,21.3,10.82,17.24,28.06,29.79,15.92,183.0,0.233,41.0,22.4,8.0,4.37,0.681,0.1799999999999999,22.16,11.64,17.0,28.64,32.55,20.2
745076,2024-06-25,2024,677594,R,641793,R,strikeout,True,False,245.0,0.245,67.0,27.35,15.0,6.12,0.617,0.07800000000000001,30.34,16.14,12.18,28.32,36.25,19.64,545.0,0.267,127.0,23.3,35.0,6.42,0.8109999999999999,0.2169999999999999,27.93,14.91,13.12,28.03,38.34,22.84,185.0,0.303,43.0,23.24,7.0,3.78,0.787,0.14300000000000002,23.66,12.74,15.2,27.93,32.2,17.99,196.0,0.287,33.0,16.84,4.0,2.04,0.76,0.16,19.89,10.69,14.35,25.04,30.7,16.92
745076,2024-06-25,2024,666139,L,622491,R,field_out,False,False,99.0,0.25,25.0,25.25,9.0,9.09,0.7929999999999999,0.22699999999999998,25.56,13.35,12.41,25.76,30.81,16.78,435.0,0.3,104.0,23.91,27.0,6.21,0.8540000000000001,0.211,29.41,15.52,12.38,27.9,34.65,18.39,188.0,0.275,35.0,18.62,14.0,7.45,0.8360000000000001,0.22799999999999998,19.35,9.82,14.73,24.56,30.11,14.0,431.0,0.229,117.0,27.15,36.0,8.35,0.741,0.217,30.72,16.0,13.84,29.84,29.45,19.4
745076,2024-06-25,2024,676609,R,622491,R,field_out,False,False,193.0,0.229,46.0,23.83,13.0,6.74,0.621,0.097,27.78,12.68,19.36,32.04,31.49,20.44,156.0,0.186,37.0,23.72,15.0,9.62,0.588,0.1009999999999999,24.9,10.03,24.36,34.39,27.59,18.69,203.0,0.21,61.0,30.05,12.0,5.91,0.603,0.13399999999999998,33.02,17.05,14.62,31.67,34.09,22.56,373.0,0.205,102.0,27.35,20.0,5.36,0.591,0.132,30.45,15.84,15.15,30.98,33.29,22.7
745076,2024-06-25,2024,670623,R,622491,R,field_out,False,False,236.0,0.281,36.0,15.25,24.0,10.17,0.848,0.19699999999999995,15.88,7.1,18.73,25.83,27.45,9.05,438.0,0.247,82.0,18.72,43.0,9.82,0.86,0.266,18.6,8.55,16.71,25.26,28.98,14.09,203.0,0.21,61.0,30.05,12.0,5.91,0.603,0.13399999999999998,33.02,17.05,14.62,31.67,34.09,22.56,373.0,0.205,102.0,27.35,20.0,5.36,0.591,0.132,30.45,15.84,15.15,30.98,33.29,22.7
745076,2024-06-25,2024,663728,L,641793,R,field_out,False,False,210.0,0.23,70.0,33.33,21.0,10.0,0.706,0.171,30.0,15.03,13.81,28.84,30.41,22.4,462.0,0.235,126.0,27.27,47.0,10.17,0.7909999999999999,0.241,29.58,14.2,14.09,28.29,30.53,21.36,168.0,0.277,33.0,19.64,8.0,4.76,0.77,0.182,21.3,10.82,17.24,28.06,29.79,15.92,183.0,0.233,41.0,22.4,8.0,4.37,0.681,0.1799999999999999,22.16,11.64,17.0,28.64,32.55,20.2
745076,2024-06-25,2024,670042,L,641793,R,strikeout,True,False,174.0,0.264,55.0,31.61,6.0,3.45,0.782,0.20799999999999996,35.47,18.91,11.94,30.85,29.34,31.61,363.0,0.247,112.0,30.85,26.0,7.16,0.8340000000000001,0.25,38.6,19.83,11.57,31.39,31.1,26.79,168.0,0.277,33.0,19.64,8.0,4.76,0.77,0.182,21.3,10.82,17.24,28.06,29.79,15.92,183.0,0.233,41.0,22.4,8.0,4.37,0.681,0.1799999999999999,22.16,11.64,17.0,28.64,32.55,20.2
745076,2024-06-25,2024,641598,R,641793,R,strikeout,True,False,180.0,0.154,58.0,32.22,25.0,13.89,0.587,0.148,34.25,13.26,21.75,35.01,18.28,24.58,262.0,0.25,70.0,26.72,25.0,9.54,0.845,0.267,25.84,10.63,19.22,29.85,18.71,21.21,185.0,0.303,43.0,23.24,7.0,3.78,0.787,0.14300000000000002,23.66,12.74,15.2,27.93,32.2,17.99,196.0,0.287,33.0,16.84,4.0,2.04,0.76,0.16,19.89,10.69,14.35,25.04,30.7,16.92
745076,2024-06-25,2024,680700,L,622491,R,field_out,False,False,204.0,0.233,45.0,22.06,24.0,11.76,0.666,0.098,27.32,13.07,13.96,27.03,26.58,19.65,82.0,0.216,10.0,12.2,6.0,7.32,0.7390000000000001,0.243,15.71,6.75,18.4,25.15,18.99,10.75,188.0,0.275,35.0,18.62,14.0,7.45,0.8360000000000001,0.22799999999999998,19.35,9.82,14.73,24.56,30.11,14.0,431.0,0.229,117.0,27.15,36.0,8.35,0.741,0.217,30.72,16.0,13.84,29.84,29.45,19.4
745076,2024-06-25,2024,642350,R,622491,R,walk,False,True,175.0,0.208,63.0,36.0,12.0,6.86,0.655,0.162,36.76,17.46,20.12,37.57,33.53,27.63,271.0,0.23,93.0,34.32,16.0,5.9,0.801,0.29,39.19,20.65,15.06,35.71,37.69,31.08,203.0,0.21,61.0,30.05,12.0,5.91,0.603,0.13399999999999998,33.02,17.05,14.62,31.67,34.09,22.56,373.0,0.205,102.0,27.35,20.0,5.36,0.591,0.132,30.45,15.84,15.15,30.98,33.29,22.7
745076,2024-06-25,2024,670764,L,622491,R,grounded_into_double_play,False,False,29.0,0.045,8.0,27.59,6.0,20.69,0.286,0.0,36.0,15.65,13.04,28.7,11.86,30.77,257.0,0.179,69.0,26.85,33.0,12.84,0.588,0.121,26.28,11.1,17.87,28.97,16.97,23.15,188.0,0.275,35.0,18.62,14.0,7.45,0.8360000000000001,0.22799999999999998,19.35,9.82,14.73,24.56,30.11,14.0,431.0,0.229,117.0,27.15,36.0,8.35,0.741,0.217,30.72,16.0,13.84,29.84,29.45,19.4
745076,2024-06-25,2024,593871,L,641793,R,single,False,False,139.0,0.176,49.0,35.25,19.0,13.67,0.606,0.135,32.55,13.01,17.4,30.41,21.61,24.02,253.0,0.233,70.0,27.67,33.0,13.04,0.775,0.209,25.05,11.12,16.17,27.29,26.25,21.21,168.0,0.277,33.0,19.64,8.0,4.76,0.77,0.182,21.3,10.82,17.24,28.06,29.79,15.92,183.0,0.233,41.0,22.4,8.0,4.37,0.681,0.1799999999999999,22.16,11.64,17.0,28.64,32.55,20.2
745076,2024-06-25,2024,686527,L,641793,R,field_out,False,False,116.0,0.252,30.0,25.86,12.0,10.34,0.823,0.243,33.49,17.19,15.98,33.17,38.14,25.86,155.0,0.221,26.0,16.77,5.0,3.23,0.661,0.1879999999999999,24.65,13.73,16.86,30.59,41.27,21.85,168.0,0.277,33.0,19.64,8.0,4.76,0.77,0.182,21.3,10.82,17.24,28.06,29.79,15.92,183.0,0.233,41.0,22.4,8.0,4.37,0.681,0.1799999999999999,22.16,11.64,17.0,28.64,32.55,20.2
745076,2024-06-25,2024,664034,R,641793,R,home_run,False,False,188.0,0.232,47.0,25.0,14.0,7.45,0.6719999999999999,0.13099999999999998,20.4,9.59,15.41,25.0,23.68,19.34,506.0,0.24,85.0,16.8,37.0,7.31,0.698,0.1169999999999999,22.16,11.42,13.69,25.11,32.3,15.51,185.0,0.303,43.0,23.24,7.0,3.78,0.787,0.14300000000000002,23.66,12.74,15.2,27.93,32.2,17.99,196.0,0.287,33.0,16.84,4.0,2.04,0.76,0.16,19.89,10.69,14.35,25.04,30.7,16.92
745076,2024-06-25,2024,668942,L,641793,R,field_out,False,False,214.0,0.276,33.0,15.42,19.0,8.88,0.766,0.14599999999999996,16.63,7.74,16.86,24.6,21.25,12.27,299.0,0.249,64.0,21.4,22.0,7.36,0.6559999999999999,0.1019999999999999,22.77,10.13,19.65,29.78,25.55,19.69,168.0,0.277,33.0,19.64,8.0,4.76,0.77,0.182,21.3,10.82,17.24,28.06,29.79,15.92,183.0,0.233,41.0,22.4,8.0,4.37,0.681,0.1799999999999999,22.16,11.64,17.0,28.64,32.55,20.2
745076,2024-06-25,2024,641487,L,641793,R,field_out,False,False,169.0,0.166,44.0,26.04,22.0,13.02,0.5880000000000001,0.144,19.22,7.78,20.18,27.97,18.67,17.67,446.0,0.266,84.0,18.83,67.0,15.02,0.845,0.197,18.19,6.93,19.49,26.42,17.9,17.39,168.0,0.277,33.0,19.64,8.0,4.76,0.77,0.182,21.3,10.82,17.24,28.06,29.79,15.92,183.0,0.233,41.0,22.4,8.0,4.37,0.681,0.1799999999999999,22.16,11.64,17.0,28.64,32.55,20.2
745076,2024-06-25,2024,666163,L,622491,R,walk,False,True,145.0,0.273,40.0,27.59,15.0,10.34,0.734,0.10199999999999998,27.84,12.56,18.02,30.58,26.37,20.31,72.0,0.133,15.0,20.83,10.0,13.89,0.507,0.1169999999999999,25.64,10.56,17.96,28.52,20.41,17.5,188.0,0.275,35.0,18.62,14.0,7.45,0.8360000000000001,0.22799999999999998,19.35,9.82,14.73,24.56,30.11,14.0,431.0,0.229,117.0,27.15,36.0,8.35,0.741,0.217,30.72,16.0,13.84,29.84,29.45,19.4
745076,2024-06-25,2024,676356,R,622491,R,strikeout,True,False,92.0,0.159,22.0,23.91,7.0,7.61,0.474,0.07300000000000001,25.6,13.35,15.84,29.19,40.0,21.15,10.0,0.2,0.0,0.0,0.0,0.0,0.7,0.3,19.05,11.43,11.43,22.86,44.44,0.0,203.0,0.21,61.0,30.05,12.0,5.91,0.603,0.13399999999999998,33.02,17.05,14.62,31.67,34.09,22.56,373.0,0.205,102.0,27.35,20.0,5.36,0.591,0.132,30.45,15.84,15.15,30.98,33.29,22.7
745076,2024-06-25,2024,650490,R,622491,R,field_out,False,False,263.0,0.264,42.0,15.97,22.0,8.37,0.708,0.11299999999999999,12.84,5.74,17.4,23.14,23.37,13.29,462.0,0.322,72.0,15.58,49.0,10.61,0.881,0.1559999999999999,18.95,8.0,18.68,26.68,19.71,15.69,203.0,0.21,61.0,30.05,12.0,5.91,0.603,0.13399999999999998,33.02,17.05,14.62,31.67,34.09,22.56,373.0,0.205,102.0,27.35,20.0,5.36,0.591,0.132,30.45,15.84,15.15,30.98,33.29,22.7
745076,2024-06-25,2024,666139,L,622491,R,single,False,False,99.0,0.25,25.0,25.25,9.0,9.09,0.7929999999999999,0.22699999999999998,25.56,13.35,12.41,25.76,30.81,16.78,435.0,0.3,104.0,23.91,27.0,6.21,0.8540000000000001,0.211,29.41,15.52,12.38,27.9,34.65,18.39,188.0,0.275,35.0,18.62,14.0,7.45,0.8360000000000001,0.22799999999999998,19.35,9.82,14.73,24.56,30.11,14.0,431.0,0.229,117.0,27.15,36.0,8.35,0.741,0.217,30.72,16.0,13.84,29.84,29.45,19.4
745076,2024-06-25,2024,676609,R,622491,R,strikeout,True,False,193.0,0.229,46.0,23.83,13.0,6.74,0.621,0.097,27.78,12.68,19.36,32.04,31.49,20.44,156.0,0.186,37.0,23.72,15.0,9.62,0.588,0.1009999999999999,24.9,10.03,24.36,34.39,27.59,18.69,203.0,0.21,61.0,30.05,12.0,5.91,0.603,0.13399999999999998,33.02,17.05,14.62,31.67,34.09,22.56,373.0,0.205,102.0,27.35,20.0,5.36,0.591,0.132,30.45,15.84,15.15,30.98,33.29,22.7
745076,2024-06-25,2024,677594,R,664076,L,field_out,False,False,94.0,0.291,24.0,25.53,6.0,6.38,0.739,0.10400000000000004,31.77,17.38,10.26,27.64,36.17,23.3,169.0,0.301,48.0,28.4,12.0,7.1,0.842,0.186,29.55,15.52,11.29,26.8,35.14,26.23,94.0,0.203,24.0,25.53,12.0,12.77,0.5760000000000001,0.04999999999999999,29.83,14.71,14.17,28.88,32.64,20.87,33.0,0.133,8.0,24.24,2.0,6.06,0.579,0.2339999999999999,25.0,10.08,19.38,29.46,28.17,24.24
745076,2024-06-25,2024,663728,R,664076,L,strikeout,True,False,73.0,0.113,20.0,27.4,7.0,9.59,0.574,0.242,32.72,17.73,10.37,28.09,33.33,19.05,108.0,0.218,32.0,29.63,7.0,6.48,0.645,0.158,31.38,17.77,9.0,26.78,35.38,24.06,94.0,0.203,24.0,25.53,12.0,12.77,0.5760000000000001,0.04999999999999999,29.83,14.71,14.17,28.88,32.64,20.87,33.0,0.133,8.0,24.24,2.0,6.06,0.579,0.2339999999999999,25.0,10.08,19.38,29.46,28.17,24.24
745076,2024-06-25,2024,670042,L,664076,L,strikeout,True,False,33.0,0.226,9.0,27.27,2.0,6.06,0.628,0.12899999999999998,30.3,14.93,14.93,29.85,25.0,23.08,44.0,0.268,16.0,36.36,2.0,4.55,0.741,0.1709999999999999,41.18,22.58,15.48,38.06,33.8,36.36,45.0,0.243,15.0,33.33,6.0,13.33,0.783,0.16200000000000003,30.43,14.29,18.88,33.16,31.96,20.0,15.0,0.182,6.0,40.0,4.0,26.67,0.5820000000000001,0.0,27.78,12.2,17.07,29.27,32.61,16.22
745076,2024-06-25,2024,670623,R,622491,R,field_out,False,False,236.0,0.281,36.0,15.25,24.0,10.17,0.848,0.19699999999999995,15.88,7.1,18.73,25.83,27.45,9.05,438.0,0.247,82.0,18.72,43.0,9.82,0.86,0.266,18.6,8.55,16.71,25.26,28.98,14.09,203.0,0.21,61.0,30.05,12.0,5.91,0.603,0.13399999999999998,33.02,17.05,14.62,31.67,34.09,22.56,373.0,0.205,102.0,27.35,20.0,5.36,0.591,0.132,30.45,15.84,15.15,30.98,33.29,22.7
745076,2024-06-25,2024,680700,L,622491,R,walk,False,True,204.0,0.233,45.0,22.06,24.0,11.76,0.666,0.098,27.32,13.07,13.96,27.03,26.58,19.65,82.0,0.216,10.0,12.2,6.0,7.32,0.7390000000000001,0.243,15.71,6.75,18.4,25.15,18.99,10.75,188.0,0.275,35.0,18.62,14.0,7.45,0.8360000000000001,0.22799999999999998,19.35,9.82,14.73,24.56,30.11,14.0,431.0,0.229,117.0,27.15,36.0,8.35,0.741,0.217,30.72,16.0,13.84,29.84,29.45,19.4
745076,2024-06-25,2024,642350,R,622491,R,walk,False,True,175.0,0.208,63.0,36.0,12.0,6.86,0.655,0.162,36.76,17.46,20.12,37.57,33.53,27.63,271.0,0.23,93.0,34.32,16.0,5.9,0.801,0.29,39.19,20.65,15.06,35.71,37.69,31.08,203.0,0.21,61.0,30.05,12.0,5.91,0.603,0.13399999999999998,33.02,17.05,14.62,31.67,34.09,22.56,373.0,0.205,102.0,27.35,20.0,5.36,0.591,0.132,30.45,15.84,15.15,30.98,33.29,22.7
745076,2024-06-25,2024,670764,L,657508,R,triple,False,False,29.0,0.045,8.0,27.59,6.0,20.69,0.286,0.0,36.0,15.65,13.04,28.7,11.86,30.77,257.0,0.179,69.0,26.85,33.0,12.84,0.588,0.121,26.28,11.1,17.87,28.97,16.97,23.15,52.0,0.256,13.0,25.0,8.0,15.38,0.8300000000000001,0.20900000000000002,21.98,9.85,16.75,26.6,20.88,21.67,100.0,0.209,28.0,28.0,14.0,14.0,0.6799999999999999,0.151,26.6,12.25,16.91,29.17,27.69,22.05
745076,2024-06-25,2024,666163,L,657508,R,home_run,False,False,145.0,0.273,40.0,27.59,15.0,10.34,0.734,0.10199999999999998,27.84,12.56,18.02,30.58,26.37,20.31,72.0,0.133,15.0,20.83,10.0,13.89,0.507,0.1169999999999999,25.64,10.56,17.96,28.52,20.41,17.5,52.0,0.256,13.0,25.0,8.0,15.38,0.8300000000000001,0.20900000000000002,21.98,9.85,16.75,26.6,20.88,21.67,100.0,0.209,28.0,28.0,14.0,14.0,0.6799999999999999,0.151,26.6,12.25,16.91,29.17,27.69,22.05
745076,2024-06-25,2024,676356,R,657508,R,field_out,False,False,92.0,0.159,22.0,23.91,7.0,7.61,0.474,0.07300000000000001,25.6,13.35,15.84,29.19,40.0,21.15,10.0,0.2,0.0,0.0,0.0,0.0,0.7,0.3,19.05,11.43,11.43,22.86,44.44,0.0,80.0,0.205,18.0,22.5,6.0,7.5,0.631,0.151,29.66,14.68,15.02,29.69,27.63,22.22,173.0,0.228,33.0,19.08,19.0,10.98,0.696,0.148,24.01,11.74,12.93,24.67,27.17,16.02
745076,2024-06-25,2024,650490,R,660825,R,field_out,False,False,263.0,0.264,42.0,15.97,22.0,8.37,0.708,0.11299999999999999,12.84,5.74,17.4,23.14,23.37,13.29,462.0,0.322,72.0,15.58,49.0,10.61,0.881,0.1559999999999999,18.95,8.0,18.68,26.68,19.71,15.69,26.0,0.143,6.0,23.08,3.0,11.54,0.44,0.047000000000000014,23.81,10.2,17.35,27.55,32.76,19.23,42.0,0.256,9.0,21.43,3.0,7.14,0.746,0.18,24.73,13.53,15.88,29.41,38.46,13.64
745076,2024-06-25,2024,641598,R,664208,R,home_run,False,False,180.0,0.154,58.0,32.22,25.0,13.89,0.587,0.148,34.25,13.26,21.75,35.01,18.28,24.58,262.0,0.25,70.0,26.72,25.0,9.54,0.845,0.267,25.84,10.63,19.22,29.85,18.71,21.21,73.0,0.238,12.0,16.44,9.0,12.33,0.6910000000000001,0.11099999999999999,28.87,14.19,13.49,27.68,27.85,15.19,136.0,0.153,44.0,32.35,8.0,5.88,0.431,0.0569999999999999,39.26,20.62,13.04,33.66,34.2,29.86
745076,2024-06-25,2024,593871,L,664208,R,strikeout,True,False,139.0,0.176,49.0,35.25,19.0,13.67,0.606,0.135,32.55,13.01,17.4,30.41,21.61,24.02,253.0,0.233,70.0,27.67,33.0,13.04,0.775,0.209,25.05,11.12,16.17,27.29,26.25,21.21,62.0,0.24,12.0,19.35,8.0,12.9,0.9470000000000001,0.32000000000000006,23.53,10.89,14.4,25.29,31.06,14.81,138.0,0.265,30.0,21.74,17.0,12.32,0.856,0.2039999999999999,26.0,12.2,15.95,28.14,26.22,19.87
745076,2024-06-25,2024,686527,L,664208,R,field_out,False,False,116.0,0.252,30.0,25.86,12.0,10.34,0.823,0.243,33.49,17.19,15.98,33.17,38.14,25.86,155.0,0.221,26.0,16.77,5.0,3.23,0.661,0.1879999999999999,24.65,13.73,16.86,30.59,41.27,21.85,62.0,0.24,12.0,19.35,8.0,12.9,0.9470000000000001,0.32000000000000006,23.53,10.89,14.4,25.29,31.06,14.81,138.0,0.265,30.0,21.74,17.0,12.32,0.856,0.2039999999999999,26.0,12.2,15.95,28.14,26.22,19.87
745076,2024-06-25,2024,664034,R,664208,R,field_out,False,False,188.0,0.232,47.0,25.0,14.0,7.45,0.6719999999999999,0.13099999999999998,20.4,9.59,15.41,25.0,23.68,19.34,506.0,0.24,85.0,16.8,37.0,7.31,0.698,0.1169999999999999,22.16,11.42,13.69,25.11,32.3,15.51,73.0,0.238,12.0,16.44,9.0,12.33,0.6910000000000001,0.11099999999999999,28.87,14.19,13.49,27.68,27.85,15.19,136.0,0.153,44.0,32.35,8.0,5.88,0.431,0.0569999999999999,39.26,20.62,13.04,33.66,34.2,29.86
745076,2024-06-25,2024,666139,L,660825,R,walk,False,True,99.0,0.25,25.0,25.25,9.0,9.09,0.7929999999999999,0.22699999999999998,25.56,13.35,12.41,25.76,30.81,16.78,435.0,0.3,104.0,23.91,27.0,6.21,0.8540000000000001,0.211,29.41,15.52,12.38,27.9,34.65,18.39,24.0,0.318,7.0,29.17,2.0,8.33,0.966,0.27299999999999996,28.89,13.13,18.18,31.31,27.45,28.0,25.0,0.208,6.0,24.0,1.0,4.0,0.657,0.209,32.0,16.0,15.0,31.0,31.37,17.65
745076,2024-06-25,2024,676609,R,660825,R,strikeout,True,False,193.0,0.229,46.0,23.83,13.0,6.74,0.621,0.097,27.78,12.68,19.36,32.04,31.49,20.44,156.0,0.186,37.0,23.72,15.0,9.62,0.588,0.1009999999999999,24.9,10.03,24.36,34.39,27.59,18.69,26.0,0.143,6.0,23.08,3.0,11.54,0.44,0.047000000000000014,23.81,10.2,17.35,27.55,32.76,19.23,42.0,0.256,9.0,21.43,3.0,7.14,0.746,0.18,24.73,13.53,15.88,29.41,38.46,13.64
745076,2024-06-25,2024,670623,R,660825,R,strikeout,True,False,236.0,0.281,36.0,15.25,24.0,10.17,0.848,0.19699999999999995,15.88,7.1,18.73,25.83,27.45,9.05,438.0,0.247,82.0,18.72,43.0,9.82,0.86,0.266,18.6,8.55,16.71,25.26,28.98,14.09,26.0,0.143,6.0,23.08,3.0,11.54,0.44,0.047000000000000014,23.81,10.2,17.35,27.55,32.76,19.23,42.0,0.256,9.0,21.43,3.0,7.14,0.746,0.18,24.73,13.53,15.88,29.41,38.46,13.64
745076,2024-06-25,2024,680700,L,660825,R,single,False,False,204.0,0.233,45.0,22.06,24.0,11.76,0.666,0.098,27.32,13.07,13.96,27.03,26.58,19.65,82.0,0.216,10.0,12.2,6.0,7.32,0.7390000000000001,0.243,15.71,6.75,18.4,25.15,18.99,10.75,24.0,0.318,7.0,29.17,2.0,8.33,0.966,0.27299999999999996,28.89,13.13,18.18,31.31,27.45,28.0,25.0,0.208,6.0,24.0,1.0,4.0,0.657,0.209,32.0,16.0,15.0,31.0,31.37,17.65
745076,2024-06-25,2024,642350,R,660825,R,walk,False,True,175.0,0.208,63.0,36.0,12.0,6.86,0.655,0.162,36.76,17.46,20.12,37.57,33.53,27.63,271.0,0.23,93.0,34.32,16.0,5.9,0.801,0.29,39.19,20.65,15.06,35.71,37.69,31.08,26.0,0.143,6.0,23.08,3.0,11.54,0.44,0.047000000000000014,23.81,10.2,17.35,27.55,32.76,19.23,42.0,0.256,9.0,21.43,3.0,7.14,0.746,0.18,24.73,13.53,15.88,29.41,38.46,13.64
745076,2024-06-25,2024,670764,L,675989,R,single,False,False,29.0,0.045,8.0,27.59,6.0,20.69,0.286,0.0,36.0,15.65,13.04,28.7,11.86,30.77,257.0,0.179,69.0,26.85,33.0,12.84,0.588,0.121,26.28,11.1,17.87,28.97,16.97,23.15,36.0,0.265,6.0,16.67,2.0,5.56,0.6,0.02899999999999997,28.85,12.5,22.5,35.0,27.12,26.09,46.0,0.333,7.0,15.22,10.0,21.74,1.145,0.334,17.33,6.28,16.43,22.71,16.39,14.29
745076,2024-06-25,2024,666163,L,675989,R,single,False,False,145.0,0.273,40.0,27.59,15.0,10.34,0.734,0.10199999999999998,27.84,12.56,18.02,30.58,26.37,20.31,72.0,0.133,15.0,20.83,10.0,13.89,0.507,0.1169999999999999,25.64,10.56,17.96,28.52,20.41,17.5,36.0,0.265,6.0,16.67,2.0,5.56,0.6,0.02899999999999997,28.85,12.5,22.5,35.0,27.12,26.09,46.0,0.333,7.0,15.22,10.0,21.74,1.145,0.334,17.33,6.28,16.43,22.71,16.39,14.29
745076,2024-06-25,2024,676356,R,675989,R,field_out,False,False,92.0,0.159,22.0,23.91,7.0,7.61,0.474,0.07300000000000001,25.6,13.35,15.84,29.19,40.0,21.15,10.0,0.2,0.0,0.0,0.0,0.0,0.7,0.3,19.05,11.43,11.43,22.86,44.44,0.0,39.0,0.194,9.0,23.08,7.0,17.95,0.849,0.322,23.33,8.97,20.51,29.49,27.96,17.65,61.0,0.333,15.0,24.59,5.0,8.2,0.8260000000000001,0.0929999999999999,27.19,12.5,14.92,27.42,21.64,22.39
745076,2024-06-25,2024,668942,L,670955,R,field_out,False,False,214.0,0.276,33.0,15.42,19.0,8.88,0.766,0.14599999999999996,16.63,7.74,16.86,24.6,21.25,12.27,299.0,0.249,64.0,21.4,22.0,7.36,0.6559999999999999,0.1019999999999999,22.77,10.13,19.65,29.78,25.55,19.69,4.0,0.25,2.0,50.0,0.0,0.0,0.75,0.25,50.0,30.77,23.08,53.85,57.14,66.67,7.0,0.0,2.0,28.57,1.0,14.29,0.167,0.0,50.0,24.0,12.0,36.0,23.08,20.0
745076,2024-06-25,2024,641487,L,670955,R,double,False,False,169.0,0.166,44.0,26.04,22.0,13.02,0.5880000000000001,0.144,19.22,7.78,20.18,27.97,18.67,17.67,446.0,0.266,84.0,18.83,67.0,15.02,0.845,0.197,18.19,6.93,19.49,26.42,17.9,17.39,4.0,0.25,2.0,50.0,0.0,0.0,0.75,0.25,50.0,30.77,23.08,53.85,57.14,66.67,7.0,0.0,2.0,28.57,1.0,14.29,0.167,0.0,50.0,24.0,12.0,36.0,23.08,20.0
745076,2024-06-25,2024,677594,R,670955,R,strikeout,True,False,245.0,0.245,67.0,27.35,15.0,6.12,0.617,0.07800000000000001,30.34,16.14,12.18,28.32,36.25,19.64,545.0,0.267,127.0,23.3,35.0,6.42,0.8109999999999999,0.2169999999999999,27.93,14.91,13.12,28.03,38.34,22.84,11.0,0.0,3.0,27.27,2.0,18.18,0.182,0.0,30.77,17.02,6.38,23.4,30.77,15.79,5.0,0.0,1.0,20.0,1.0,20.0,0.4,0.0,41.67,19.23,7.69,26.92,18.75,12.5
745076,2024-06-25,2024,663728,L,670955,R,field_out,False,False,210.0,0.23,70.0,33.33,21.0,10.0,0.706,0.171,30.0,15.03,13.81,28.84,30.41,22.4,462.0,0.235,126.0,27.27,47.0,10.17,0.7909999999999999,0.241,29.58,14.2,14.09,28.29,30.53,21.36,4.0,0.25,2.0,50.0,0.0,0.0,0.75,0.25,50.0,30.77,23.08,53.85,57.14,66.67,7.0,0.0,2.0,28.57,1.0,14.29,0.167,0.0,50.0,24.0,12.0,36.0,23.08,20.0
745076,2024-06-25,2024,650490,R,675989,R,strikeout,True,False,263.0,0.264,42.0,15.97,22.0,8.37,0.708,0.11299999999999999,12.84,5.74,17.4,23.14,23.37,13.29,462.0,0.322,72.0,15.58,49.0,10.61,0.881,0.1559999999999999,18.95,8.0,18.68,26.68,19.71,15.69,39.0,0.194,9.0,23.08,7.0,17.95,0.849,0.322,23.33,8.97,20.51,29.49,27.96,17.65,61.0,0.333,15.0,24.59,5.0,8.2,0.8260000000000001,0.0929999999999999,27.19,12.5,14.92,27.42,21.64,22.39
745076,2024-06-25,2024,666139,L,675989,R,strikeout,True,False,99.0,0.25,25.0,25.25,9.0,9.09,0.7929999999999999,0.22699999999999998,25.56,13.35,12.41,25.76,30.81,16.78,435.0,0.3,104.0,23.91,27.0,6.21,0.8540000000000001,0.211,29.41,15.52,12.38,27.9,34.65,18.39,36.0,0.265,6.0,16.67,2.0,5.56,0.6,0.02899999999999997,28.85,12.5,22.5,35.0,27.12,26.09,46.0,0.333,7.0,15.22,10.0,21.74,1.145,0.334,17.33,6.28,16.43,22.71,16.39,14.29
745076,2024-06-25,2024,676609,R,675989,R,field_error,False,False,193.0,0.229,46.0,23.83,13.0,6.74,0.621,0.097,27.78,12.68,19.36,32.04,31.49,20.44,156.0,0.186,37.0,23.72,15.0,9.62,0.588,0.1009999999999999,24.9,10.03,24.36,34.39,27.59,18.69,39.0,0.194,9.0,23.08,7.0,17.95,0.849,0.322,23.33,8.97,20.51,29.49,27.96,17.65,61.0,0.333,15.0,24.59,5.0,8.2,0.8260000000000001,0.0929999999999999,27.19,12.5,14.92,27.42,21.64,22.39
745076,2024-06-25,2024,670623,R,675989,R,home_run,False,False,236.0,0.281,36.0,15.25,24.0,10.17,0.848,0.19699999999999995,15.88,7.1,18.73,25.83,27.45,9.05,438.0,0.247,82.0,18.72,43.0,9.82,0.86,0.266,18.6,8.55,16.71,25.26,28.98,14.09,39.0,0.194,9.0,23.08,7.0,17.95,0.849,0.322,23.33,8.97,20.51,29.49,27.96,17.65,61.0,0.333,15.0,24.59,5.0,8.2,0.8260000000000001,0.0929999999999999,27.19,12.5,14.92,27.42,21.64,22.39
745076,2024-06-25,2024,680700,L,675989,R,field_out,False,False,204.0,0.233,45.0,22.06,24.0,11.76,0.666,0.098,27.32,13.07,13.96,27.03,26.58,19.65,82.0,0.216,10.0,12.2,6.0,7.32,0.7390000000000001,0.243,15.71,6.75,18.4,25.15,18.99,10.75,36.0,0.265,6.0,16.67,2.0,5.56,0.6,0.02899999999999997,28.85,12.5,22.5,35.0,27.12,26.09,46.0,0.333,7.0,15.22,10.0,21.74,1.145,0.334,17.33,6.28,16.43,22.71,16.39,14.29
745076,2024-06-25,2024,670042,L,670955,R,field_out,False,False,174.0,0.264,55.0,31.61,6.0,3.45,0.782,0.20799999999999996,35.47,18.91,11.94,30.85,29.34,31.61,363.0,0.247,112.0,30.85,26.0,7.16,0.8340000000000001,0.25,38.6,19.83,11.57,31.39,31.1,26.79,4.0,0.25,2.0,50.0,0.0,0.0,0.75,0.25,50.0,30.77,23.08,53.85,57.14,66.67,7.0,0.0,2.0,28.57,1.0,14.29,0.167,0.0,50.0,24.0,12.0,36.0,23.08,20.0
745076,2024-06-25,2024,641598,R,670955,R,strikeout,True,False,180.0,0.154,58.0,32.22,25.0,13.89,0.587,0.148,34.25,13.26,21.75,35.01,18.28,24.58,262.0,0.25,70.0,26.72,25.0,9.54,0.845,0.267,25.84,10.63,19.22,29.85,18.71,21.21,11.0,0.0,3.0,27.27,2.0,18.18,0.182,0.0,30.77,17.02,6.38,23.4,30.77,15.79,5.0,0.0,1.0,20.0,1.0,20.0,0.4,0.0,41.67,19.23,7.69,26.92,18.75,12.5
745076,2024-06-25,2024,593871,L,670955,R,field_out,False,False,139.0,0.176,49.0,35.25,19.0,13.67,0.606,0.135,32.55,13.01,17.4,30.41,21.61,24.02,253.0,0.233,70.0,27.67,33.0,13.04,0.775,0.209,25.05,11.12,16.17,27.29,26.25,21.21,4.0,0.25,2.0,50.0,0.0,0.0,0.75,0.25,50.0,30.77,23.08,53.85,57.14,66.67,7.0,0.0,2.0,28.57,1.0,14.29,0.167,0.0,50.0,24.0,12.0,36.0,23.08,20.0
746454,2024-06-25,2024,656941,L,669373,L,walk,False,True,140.0,0.342,35.0,25.0,22.0,15.71,0.9970000000000001,0.20500000000000002,32.39,12.13,21.09,33.22,18.91,23.81,253.0,0.188,87.0,34.39,41.0,16.21,0.758,0.242,32.04,11.82,21.04,32.86,21.61,24.51,64.0,0.155,21.0,32.81,3.0,4.69,0.40900000000000003,0.035,30.97,15.84,20.36,36.2,40.59,30.88,42.0,0.125,4.0,9.52,2.0,4.76,0.367,0.075,15.62,7.94,17.46,25.4,22.45,17.39
746454,2024-06-25,2024,607208,R,669373,L,field_out,False,False,71.0,0.328,14.0,19.72,5.0,7.04,0.839,0.125,23.72,12.63,10.58,23.21,28.19,14.29,209.0,0.229,41.0,19.62,16.0,7.66,0.721,0.1969999999999999,31.2,15.84,12.09,27.93,33.41,17.98,296.0,0.217,84.0,28.38,15.0,5.07,0.63,0.149,31.85,16.55,16.99,33.54,29.72,24.35,268.0,0.21,98.0,36.57,12.0,4.48,0.567,0.103,33.05,17.57,16.29,33.85,34.51,25.72
746454,2024-06-25,2024,547180,L,669373,L,grounded_into_double_play,False,False,123.0,0.305,32.0,26.02,17.0,13.82,0.988,0.285,30.43,15.4,11.2,26.6,32.96,21.77,171.0,0.289,39.0,22.81,20.0,11.7,0.884,0.221,38.61,20.03,9.85,29.89,35.59,22.41,64.0,0.155,21.0,32.81,3.0,4.69,0.40900000000000003,0.035,30.97,15.84,20.36,36.2,40.59,30.88,42.0,0.125,4.0,9.52,2.0,4.76,0.367,0.075,15.62,7.94,17.46,25.4,22.45,17.39
746454,2024-06-25,2024,663837,R,624133,L,field_out,False,False,72.0,0.265,14.0,19.44,3.0,4.17,0.63,0.07300000000000001,15.79,7.22,19.59,26.8,25.52,17.28,147.0,0.264,20.0,13.61,15.0,10.2,0.6990000000000001,0.0929999999999999,14.72,6.63,19.9,26.53,28.37,10.75,283.0,0.192,75.0,26.5,18.0,6.36,0.528,0.08400000000000002,24.7,11.43,17.79,29.22,30.72,23.2,448.0,0.278,100.0,22.32,45.0,10.04,0.7749999999999999,0.1459999999999999,24.15,10.61,17.49,28.1,27.96,20.41
746454,2024-06-25,2024,628451,R,624133,L,single,False,False,66.0,0.361,13.0,19.7,1.0,1.52,0.904,0.16400000000000003,29.77,16.67,12.39,29.06,39.2,21.67,118.0,0.261,24.0,20.34,6.0,5.08,0.8200000000000001,0.262,23.36,12.59,13.85,26.45,37.13,23.53,283.0,0.192,75.0,26.5,18.0,6.36,0.528,0.08400000000000002,24.7,11.43,17.79,29.22,30.72,23.2,448.0,0.278,100.0,22.32,45.0,10.04,0.7749999999999999,0.1459999999999999,24.15,10.61,17.49,28.1,27.96,20.41
746454,2024-06-25,2024,592192,R,624133,L,force_out,False,False,65.0,0.302,14.0,21.54,11.0,16.92,0.9219999999999999,0.189,24.58,9.67,19.0,28.67,17.69,13.59,168.0,0.264,23.0,13.69,21.0,12.5,0.825,0.2,17.23,7.09,21.84,28.93,23.86,9.54,283.0,0.192,75.0,26.5,18.0,6.36,0.528,0.08400000000000002,24.7,11.43,17.79,29.22,30.72,23.2,448.0,0.278,100.0,22.32,45.0,10.04,0.7749999999999999,0.1459999999999999,24.15,10.61,17.49,28.1,27.96,20.41
746454,2024-06-25,2024,682985,L,624133,L,force_out,False,False,73.0,0.194,20.0,27.4,5.0,6.85,0.638,0.194,24.09,10.75,20.52,31.27,23.88,18.02,93.0,0.279,30.0,32.26,7.0,7.53,0.6930000000000001,0.0809999999999999,30.96,15.64,16.92,32.56,32.98,21.74,71.0,0.188,20.0,28.17,1.0,1.41,0.573,0.174,21.97,11.6,20.4,32.0,40.17,24.1,93.0,0.218,19.0,20.43,3.0,3.23,0.612,0.15,17.48,8.93,20.0,28.93,40.77,29.69
746454,2024-06-25,2024,664761,R,669373,L,field_out,False,False,101.0,0.263,10.0,9.9,6.0,5.94,0.749,0.179,12.07,5.9,14.04,19.94,25.56,10.87,167.0,0.303,26.0,15.57,8.0,4.79,0.929,0.291,20.3,10.86,12.97,23.82,35.24,14.21,296.0,0.217,84.0,28.38,15.0,5.07,0.63,0.149,31.85,16.55,16.99,33.54,29.72,24.35,268.0,0.21,98.0,36.57,12.0,4.48,0.567,0.103,33.05,17.57,16.29,33.85,34.51,25.72
746454,2024-06-25,2024,592206,R,669373,L,strikeout,True,False,87.0,0.235,24.0,27.59,5.0,5.75,0.745,0.23399999999999999,33.33,18.44,11.56,30.0,38.18,25.53,188.0,0.324,45.0,23.94,11.0,5.85,0.93,0.237,31.05,17.91,10.17,28.07,42.3,21.63,296.0,0.217,84.0,28.38,15.0,5.07,0.63,0.149,31.85,16.55,16.99,33.54,29.72,24.35,268.0,0.21,98.0,36.57,12.0,4.48,0.567,0.103,33.05,17.57,16.29,33.85,34.51,25.72
746454,2024-06-25,2024,624641,R,669373,L,field_error,False,False,61.0,0.34,10.0,16.39,6.0,9.84,1.1239999999999999,0.35799999999999993,28.1,14.35,12.24,26.58,32.85,16.39,124.0,0.267,33.0,26.61,3.0,2.42,0.792,0.2159999999999999,27.7,16.7,13.23,29.93,44.69,21.29,296.0,0.217,84.0,28.38,15.0,5.07,0.63,0.149,31.85,16.55,16.99,33.54,29.72,24.35,268.0,0.21,98.0,36.57,12.0,4.48,0.567,0.103,33.05,17.57,16.29,33.85,34.51,25.72
746454,2024-06-25,2024,593160,R,669373,L,single,False,False,65.0,0.197,5.0,7.69,3.0,4.62,0.611,0.18,18.55,9.87,16.31,26.18,31.48,6.49,147.0,0.259,21.0,14.29,9.0,6.12,0.692,0.134,17.44,9.06,13.12,22.18,31.02,14.19,296.0,0.217,84.0,28.38,15.0,5.07,0.63,0.149,31.85,16.55,16.99,33.54,29.72,24.35,268.0,0.21,98.0,36.57,12.0,4.48,0.567,0.103,33.05,17.57,16.29,33.85,34.51,25.72
746454,2024-06-25,2024,665506,R,669373,L,strikeout,True,False,57.0,0.217,17.0,29.82,11.0,19.3,0.694,0.10900000000000001,31.68,12.96,15.79,28.74,18.32,20.48,57.0,0.314,13.0,22.81,5.0,8.77,0.924,0.235,32.38,15.45,14.09,29.55,25.93,19.4,296.0,0.217,84.0,28.38,15.0,5.07,0.63,0.149,31.85,16.55,16.99,33.54,29.72,24.35,268.0,0.21,98.0,36.57,12.0,4.48,0.567,0.103,33.05,17.57,16.29,33.85,34.51,25.72
746454,2024-06-25,2024,570482,R,624133,L,field_out,False,False,48.0,0.205,9.0,18.75,4.0,8.33,0.498,0.02200000000000002,18.56,10.29,12.0,22.29,38.0,17.65,53.0,0.373,6.0,11.32,1.0,1.89,0.867,0.1169999999999999,13.56,7.96,11.94,19.9,44.55,8.82,283.0,0.192,75.0,26.5,18.0,6.36,0.528,0.08400000000000002,24.7,11.43,17.79,29.22,30.72,23.2,448.0,0.278,100.0,22.32,45.0,10.04,0.7749999999999999,0.1459999999999999,24.15,10.61,17.49,28.1,27.96,20.41
746454,2024-06-25,2024,672761,R,624133,L,single,False,False,49.0,0.289,11.0,22.45,4.0,8.16,0.7689999999999999,0.133,15.0,7.69,13.85,21.54,35.51,17.19,,,,,,,,,,,,,,,283.0,0.192,75.0,26.5,18.0,6.36,0.528,0.08400000000000002,24.7,11.43,17.79,29.22,30.72,23.2,448.0,0.278,100.0,22.32,45.0,10.04,0.7749999999999999,0.1459999999999999,24.15,10.61,17.49,28.1,27.96,20.41
746454,2024-06-25,2024,669234,R,624133,L,field_out,False,False,9.0,0.167,4.0,44.44,2.0,22.22,0.777,0.166,35.29,12.0,18.0,30.0,11.11,22.22,,,,,,,,,,,,,,,283.0,0.192,75.0,26.5,18.0,6.36,0.528,0.08400000000000002,24.7,11.43,17.79,29.22,30.72,23.2,448.0,0.278,100.0,22.32,45.0,10.04,0.7749999999999999,0.1459999999999999,24.15,10.61,17.49,28.1,27.96,20.41
746454,2024-06-25,2024,668670,R,624133,L,field_out,False,False,47.0,0.167,13.0,27.66,5.0,10.64,0.5409999999999999,0.11899999999999997,32.14,14.14,17.28,31.41,22.77,27.08,108.0,0.235,34.0,31.48,8.0,7.41,0.8600000000000001,0.326,32.64,14.72,17.76,32.48,23.9,29.06,283.0,0.192,75.0,26.5,18.0,6.36,0.528,0.08400000000000002,24.7,11.43,17.79,29.22,30.72,23.2,448.0,0.278,100.0,22.32,45.0,10.04,0.7749999999999999,0.1459999999999999,24.15,10.61,17.49,28.1,27.96,20.41
746454,2024-06-25,2024,665561,R,669373,L,field_out,False,False,6.0,0.167,1.0,16.67,0.0,0.0,0.334,0.0,12.5,6.25,12.5,18.75,25.0,50.0,,,,,,,,,,,,,,,296.0,0.217,84.0,28.38,15.0,5.07,0.63,0.149,31.85,16.55,16.99,33.54,29.72,24.35,268.0,0.21,98.0,36.57,12.0,4.48,0.567,0.103,33.05,17.57,16.29,33.85,34.51,25.72
746454,2024-06-25,2024,656941,L,669373,L,strikeout,True,False,140.0,0.342,35.0,25.0,22.0,15.71,0.9970000000000001,0.20500000000000002,32.39,12.13,21.09,33.22,18.91,23.81,253.0,0.188,87.0,34.39,41.0,16.21,0.758,0.242,32.04,11.82,21.04,32.86,21.61,24.51,64.0,0.155,21.0,32.81,3.0,4.69,0.40900000000000003,0.035,30.97,15.84,20.36,36.2,40.59,30.88,42.0,0.125,4.0,9.52,2.0,4.76,0.367,0.075,15.62,7.94,17.46,25.4,22.45,17.39
746454,2024-06-25,2024,607208,R,669373,L,hit_by_pitch,False,False,71.0,0.328,14.0,19.72,5.0,7.04,0.839,0.125,23.72,12.63,10.58,23.21,28.19,14.29,209.0,0.229,41.0,19.62,16.0,7.66,0.721,0.1969999999999999,31.2,15.84,12.09,27.93,33.41,17.98,296.0,0.217,84.0,28.38,15.0,5.07,0.63,0.149,31.85,16.55,16.99,33.54,29.72,24.35,268.0,0.21,98.0,36.57,12.0,4.48,0.567,0.103,33.05,17.57,16.29,33.85,34.51,25.72
746454,2024-06-25,2024,547180,L,669373,L,double,False,False,123.0,0.305,32.0,26.02,17.0,13.82,0.988,0.285,30.43,15.4,11.2,26.6,32.96,21.77,171.0,0.289,39.0,22.81,20.0,11.7,0.884,0.221,38.61,20.03,9.85,29.89,35.59,22.41,64.0,0.155,21.0,32.81,3.0,4.69,0.40900000000000003,0.035,30.97,15.84,20.36,36.2,40.59,30.88,42.0,0.125,4.0,9.52,2.0,4.76,0.367,0.075,15.62,7.94,17.46,25.4,22.45,17.39
746454,2024-06-25,2024,664761,R,669373,L,field_out,False,False,101.0,0.263,10.0,9.9,6.0,5.94,0.749,0.179,12.07,5.9,14.04,19.94,25.56,10.87,167.0,0.303,26.0,15.57,8.0,4.79,0.929,0.291,20.3,10.86,12.97,23.82,35.24,14.21,296.0,0.217,84.0,28.38,15.0,5.07,0.63,0.149,31.85,16.55,16.99,33.54,29.72,24.35,268.0,0.21,98.0,36.57,12.0,4.48,0.567,0.103,33.05,17.57,16.29,33.85,34.51,25.72
746454,2024-06-25,2024,668952,R,624133,L,single,False,False,7.0,0.167,1.0,14.29,1.0,14.29,0.45299999999999996,0.0,25.0,10.53,5.26,15.79,16.67,50.0,9.0,0.111,4.0,44.44,0.0,0.0,0.222,0.0,50.0,26.47,14.71,41.18,33.33,36.36,283.0,0.192,75.0,26.5,18.0,6.36,0.528,0.08400000000000002,24.7,11.43,17.79,29.22,30.72,23.2,448.0,0.278,100.0,22.32,45.0,10.04,0.7749999999999999,0.1459999999999999,24.15,10.61,17.49,28.1,27.96,20.41
746454,2024-06-25,2024,663837,R,624133,L,strikeout,True,False,72.0,0.265,14.0,19.44,3.0,4.17,0.63,0.07300000000000001,15.79,7.22,19.59,26.8,25.52,17.28,147.0,0.264,20.0,13.61,15.0,10.2,0.6990000000000001,0.0929999999999999,14.72,6.63,19.9,26.53,28.37,10.75,283.0,0.192,75.0,26.5,18.0,6.36,0.528,0.08400000000000002,24.7,11.43,17.79,29.22,30.72,23.2,448.0,0.278,100.0,22.32,45.0,10.04,0.7749999999999999,0.1459999999999999,24.15,10.61,17.49,28.1,27.96,20.41
746454,2024-06-25,2024,628451,R,624133,L,strikeout,True,False,66.0,0.361,13.0,19.7,1.0,1.52,0.904,0.16400000000000003,29.77,16.67,12.39,29.06,39.2,21.67,118.0,0.261,24.0,20.34,6.0,5.08,0.8200000000000001,0.262,23.36,12.59,13.85,26.45,37.13,23.53,283.0,0.192,75.0,26.5,18.0,6.36,0.528,0.08400000000000002,24.7,11.43,17.79,29.22,30.72,23.2,448.0,0.278,100.0,22.32,45.0,10.04,0.7749999999999999,0.1459999999999999,24.15,10.61,17.49,28.1,27.96,20.41
746454,2024-06-25,2024,592192,R,624133,L,field_out,False,False,65.0,0.302,14.0,21.54,11.0,16.92,0.9219999999999999,0.189,24.58,9.67,19.0,28.67,17.69,13.59,168.0,0.264,23.0,13.69,21.0,12.5,0.825,0.2,17.23,7.09,21.84,28.93,23.86,9.54,283.0,0.192,75.0,26.5,18.0,6.36,0.528,0.08400000000000002,24.7,11.43,17.79,29.22,30.72,23.2,448.0,0.278,100.0,22.32,45.0,10.04,0.7749999999999999,0.1459999999999999,24.15,10.61,17.49,28.1,27.96,20.41
746454,2024-06-25,2024,592206,R,669373,L,field_out,False,False,87.0,0.235,24.0,27.59,5.0,5.75,0.745,0.23399999999999999,33.33,18.44,11.56,30.0,38.18,25.53,188.0,0.324,45.0,23.94,11.0,5.85,0.93,0.237,31.05,17.91,10.17,28.07,42.3,21.63,296.0,0.217,84.0,28.38,15.0,5.07,0.63,0.149,31.85,16.55,16.99,33.54,29.72,24.35,268.0,0.21,98.0,36.57,12.0,4.48,0.567,0.103,33.05,17.57,16.29,33.85,34.51,25.72
746454,2024-06-25,2024,624641,R,669373,L,field_out,False,False,61.0,0.34,10.0,16.39,6.0,9.84,1.1239999999999999,0.35799999999999993,28.1,14.35,12.24,26.58,32.85,16.39,124.0,0.267,33.0,26.61,3.0,2.42,0.792,0.2159999999999999,27.7,16.7,13.23,29.93,44.69,21.29,296.0,0.217,84.0,28.38,15.0,5.07,0.63,0.149,31.85,16.55,16.99,33.54,29.72,24.35,268.0,0.21,98.0,36.57,12.0,4.48,0.567,0.103,33.05,17.57,16.29,33.85,34.51,25.72
746454,2024-06-25,2024,593160,R,669373,L,field_out,False,False,65.0,0.197,5.0,7.69,3.0,4.62,0.611,0.18,18.55,9.87,16.31,26.18,31.48,6.49,147.0,0.259,21.0,14.29,9.0,6.12,0.692,0.134,17.44,9.06,13.12,22.18,31.02,14.19,296.0,0.217,84.0,28.38,15.0,5.07,0.63,0.149,31.85,16.55,16.99,33.54,29.72,24.35,268.0,0.21,98.0,36.57,12.0,4.48,0.567,0.103,33.05,17.57,16.29,33.85,34.51,25.72
746454,2024-06-25,2024,682985,L,624133,L,field_out,False,False,73.0,0.194,20.0,27.4,5.0,6.85,0.638,0.194,24.09,10.75,20.52,31.27,23.88,18.02,93.0,0.279,30.0,32.26,7.0,7.53,0.6930000000000001,0.0809999999999999,30.96,15.64,16.92,32.56,32.98,21.74,71.0,0.188,20.0,28.17,1.0,1.41,0.573,0.174,21.97,11.6,20.4,32.0,40.17,24.1,93.0,0.218,19.0,20.43,3.0,3.23,0.612,0.15,17.48,8.93,20.0,28.93,40.77,29.69
746454,2024-06-25,2024,570482,R,624133,L,strikeout,True,False,48.0,0.205,9.0,18.75,4.0,8.33,0.498,0.02200000000000002,18.56,10.29,12.0,22.29,38.0,17.65,53.0,0.373,6.0,11.32,1.0,1.89,0.867,0.1169999999999999,13.56,7.96,11.94,19.9,44.55,8.82,283.0,0.192,75.0,26.5,18.0,6.36,0.528,0.08400000000000002,24.7,11.43,17.79,29.22,30.72,23.2,448.0,0.278,100.0,22.32,45.0,10.04,0.7749999999999999,0.1459999999999999,24.15,10.61,17.49,28.1,27.96,20.41
746454,2024-06-25,2024,672761,R,624133,L,field_out,False,False,49.0,0.289,11.0,22.45,4.0,8.16,0.7689999999999999,0.133,15.0,7.69,13.85,21.54,35.51,17.19,,,,,,,,,,,,,,,283.0,0.192,75.0,26.5,18.0,6.36,0.528,0.08400000000000002,24.7,11.43,17.79,29.22,30.72,23.2,448.0,0.278,100.0,22.32,45.0,10.04,0.7749999999999999,0.1459999999999999,24.15,10.61,17.49,28.1,27.96,20.41
746454,2024-06-25,2024,665506,R,669373,L,strikeout,True,False,57.0,0.217,17.0,29.82,11.0,19.3,0.694,0.10900000000000001,31.68,12.96,15.79,28.74,18.32,20.48,57.0,0.314,13.0,22.81,5.0,8.77,0.924,0.235,32.38,15.45,14.09,29.55,25.93,19.4,296.0,0.217,84.0,28.38,15.0,5.07,0.63,0.149,31.85,16.55,16.99,33.54,29.72,24.35,268.0,0.21,98.0,36.57,12.0,4.48,0.567,0.103,33.05,17.57,16.29,33.85,34.51,25.72
746454,2024-06-25,2024,665561,R,669373,L,field_out,False,False,6.0,0.167,1.0,16.67,0.0,0.0,0.334,0.0,12.5,6.25,12.5,18.75,25.0,50.0,,,,,,,,,,,,,,,296.0,0.217,84.0,28.38,15.0,5.07,0.63,0.149,31.85,16.55,16.99,33.54,29.72,24.35,268.0,0.21,98.0,36.57,12.0,4.48,0.567,0.103,33.05,17.57,16.29,33.85,34.51,25.72
746454,2024-06-25,2024,656941,L,669373,L,single,False,False,140.0,0.342,35.0,25.0,22.0,15.71,0.9970000000000001,0.20500000000000002,32.39,12.13,21.09,33.22,18.91,23.81,253.0,0.188,87.0,34.39,41.0,16.21,0.758,0.242,32.04,11.82,21.04,32.86,21.61,24.51,64.0,0.155,21.0,32.81,3.0,4.69,0.40900000000000003,0.035,30.97,15.84,20.36,36.2,40.59,30.88,42.0,0.125,4.0,9.52,2.0,4.76,0.367,0.075,15.62,7.94,17.46,25.4,22.45,17.39
746454,2024-06-25,2024,607208,R,669373,L,force_out,False,False,71.0,0.328,14.0,19.72,5.0,7.04,0.839,0.125,23.72,12.63,10.58,23.21,28.19,14.29,209.0,0.229,41.0,19.62,16.0,7.66,0.721,0.1969999999999999,31.2,15.84,12.09,27.93,33.41,17.98,296.0,0.217,84.0,28.38,15.0,5.07,0.63,0.149,31.85,16.55,16.99,33.54,29.72,24.35,268.0,0.21,98.0,36.57,12.0,4.48,0.567,0.103,33.05,17.57,16.29,33.85,34.51,25.72
746454,2024-06-25,2024,669234,R,624133,L,single,False,False,9.0,0.167,4.0,44.44,2.0,22.22,0.777,0.166,35.29,12.0,18.0,30.0,11.11,22.22,,,,,,,,,,,,,,,283.0,0.192,75.0,26.5,18.0,6.36,0.528,0.08400000000000002,24.7,11.43,17.79,29.22,30.72,23.2,448.0,0.278,100.0,22.32,45.0,10.04,0.7749999999999999,0.1459999999999999,24.15,10.61,17.49,28.1,27.96,20.41
746454,2024-06-25,2024,668670,R,624133,L,single,False,False,47.0,0.167,13.0,27.66,5.0,10.64,0.5409999999999999,0.11899999999999997,32.14,14.14,17.28,31.41,22.77,27.08,108.0,0.235,34.0,31.48,8.0,7.41,0.8600000000000001,0.326,32.64,14.72,17.76,32.48,23.9,29.06,283.0,0.192,75.0,26.5,18.0,6.36,0.528,0.08400000000000002,24.7,11.43,17.79,29.22,30.72,23.2,448.0,0.278,100.0,22.32,45.0,10.04,0.7749999999999999,0.1459999999999999,24.15,10.61,17.49,28.1,27.96,20.41
746454,2024-06-25,2024,668952,R,624133,L,fielders_choice,False,False,7.0,0.167,1.0,14.29,1.0,14.29,0.45299999999999996,0.0,25.0,10.53,5.26,15.79,16.67,50.0,9.0,0.111,4.0,44.44,0.0,0.0,0.222,0.0,50.0,26.47,14.71,41.18,33.33,36.36,283.0,0.192,75.0,26.5,18.0,6.36,0.528,0.08400000000000002,24.7,11.43,17.79,29.22,30.72,23.2,448.0,0.278,100.0,22.32,45.0,10.04,0.7749999999999999,0.1459999999999999,24.15,10.61,17.49,28.1,27.96,20.41
746454,2024-06-25,2024,663837,R,624133,L,field_out,False,False,72.0,0.265,14.0,19.44,3.0,4.17,0.63,0.07300000000000001,15.79,7.22,19.59,26.8,25.52,17.28,147.0,0.264,20.0,13.61,15.0,10.2,0.6990000000000001,0.0929999999999999,14.72,6.63,19.9,26.53,28.37,10.75,283.0,0.192,75.0,26.5,18.0,6.36,0.528,0.08400000000000002,24.7,11.43,17.79,29.22,30.72,23.2,448.0,0.278,100.0,22.32,45.0,10.04,0.7749999999999999,0.1459999999999999,24.15,10.61,17.49,28.1,27.96,20.41
746454,2024-06-25,2024,628451,R,624133,L,single,False,False,66.0,0.361,13.0,19.7,1.0,1.52,0.904,0.16400000000000003,29.77,16.67,12.39,29.06,39.2,21.67,118.0,0.261,24.0,20.34,6.0,5.08,0.8200000000000001,0.262,23.36,12.59,13.85,26.45,37.13,23.53,283.0,0.192,75.0,26.5,18.0,6.36,0.528,0.08400000000000002,24.7,11.43,17.79,29.22,30.72,23.2,448.0,0.278,100.0,22.32,45.0,10.04,0.7749999999999999,0.1459999999999999,24.15,10.61,17.49,28.1,27.96,20.41
746454,2024-06-25,2024,592192,R,624133,L,field_out,False,False,65.0,0.302,14.0,21.54,11.0,16.92,0.9219999999999999,0.189,24.58,9.67,19.0,28.67,17.69,13.59,168.0,0.264,23.0,13.69,21.0,12.5,0.825,0.2,17.23,7.09,21.84,28.93,23.86,9.54,283.0,0.192,75.0,26.5,18.0,6.36,0.528,0.08400000000000002,24.7,11.43,17.79,29.22,30.72,23.2,448.0,0.278,100.0,22.32,45.0,10.04,0.7749999999999999,0.1459999999999999,24.15,10.61,17.49,28.1,27.96,20.41
746454,2024-06-25,2024,682985,L,624133,L,triple,False,False,73.0,0.194,20.0,27.4,5.0,6.85,0.638,0.194,24.09,10.75,20.52,31.27,23.88,18.02,93.0,0.279,30.0,32.26,7.0,7.53,0.6930000000000001,0.0809999999999999,30.96,15.64,16.92,32.56,32.98,21.74,71.0,0.188,20.0,28.17,1.0,1.41,0.573,0.174,21.97,11.6,20.4,32.0,40.17,24.1,93.0,0.218,19.0,20.43,3.0,3.23,0.612,0.15,17.48,8.93,20.0,28.93,40.77,29.69
746454,2024-06-25,2024,570482,R,624133,L,field_out,False,False,48.0,0.205,9.0,18.75,4.0,8.33,0.498,0.02200000000000002,18.56,10.29,12.0,22.29,38.0,17.65,53.0,0.373,6.0,11.32,1.0,1.89,0.867,0.1169999999999999,13.56,7.96,11.94,19.9,44.55,8.82,283.0,0.192,75.0,26.5,18.0,6.36,0.528,0.08400000000000002,24.7,11.43,17.79,29.22,30.72,23.2,448.0,0.278,100.0,22.32,45.0,10.04,0.7749999999999999,0.1459999999999999,24.15,10.61,17.49,28.1,27.96,20.41
746454,2024-06-25,2024,547180,L,669373,L,strikeout,True,False,123.0,0.305,32.0,26.02,17.0,13.82,0.988,0.285,30.43,15.4,11.2,26.6,32.96,21.77,171.0,0.289,39.0,22.81,20.0,11.7,0.884,0.221,38.61,20.03,9.85,29.89,35.59,22.41,64.0,0.155,21.0,32.81,3.0,4.69,0.40900000000000003,0.035,30.97,15.84,20.36,36.2,40.59,30.88,42.0,0.125,4.0,9.52,2.0,4.76,0.367,0.075,15.62,7.94,17.46,25.4,22.45,17.39
746454,2024-06-25,2024,664761,R,669373,L,field_out,False,False,101.0,0.263,10.0,9.9,6.0,5.94,0.749,0.179,12.07,5.9,14.04,19.94,25.56,10.87,167.0,0.303,26.0,15.57,8.0,4.79,0.929,0.291,20.3,10.86,12.97,23.82,35.24,14.21,296.0,0.217,84.0,28.38,15.0,5.07,0.63,0.149,31.85,16.55,16.99,33.54,29.72,24.35,268.0,0.21,98.0,36.57,12.0,4.48,0.567,0.103,33.05,17.57,16.29,33.85,34.51,25.72
746454,2024-06-25,2024,592206,R,669373,L,field_out,False,False,87.0,0.235,24.0,27.59,5.0,5.75,0.745,0.23399999999999999,33.33,18.44,11.56,30.0,38.18,25.53,188.0,0.324,45.0,23.94,11.0,5.85,0.93,0.237,31.05,17.91,10.17,28.07,42.3,21.63,296.0,0.217,84.0,28.38,15.0,5.07,0.63,0.149,31.85,16.55,16.99,33.54,29.72,24.35,268.0,0.21,98.0,36.57,12.0,4.48,0.567,0.103,33.05,17.57,16.29,33.85,34.51,25.72
746454,2024-06-25,2024,672761,R,624133,L,single,False,False,49.0,0.289,11.0,22.45,4.0,8.16,0.7689999999999999,0.133,15.0,7.69,13.85,21.54,35.51,17.19,,,,,,,,,,,,,,,283.0,0.192,75.0,26.5,18.0,6.36,0.528,0.08400000000000002,24.7,11.43,17.79,29.22,30.72,23.2,448.0,0.278,100.0,22.32,45.0,10.04,0.7749999999999999,0.1459999999999999,24.15,10.61,17.49,28.1,27.96,20.41
746454,2024-06-25,2024,669234,R,624133,L,strikeout,True,False,9.0,0.167,4.0,44.44,2.0,22.22,0.777,0.166,35.29,12.0,18.0,30.0,11.11,22.22,,,,,,,,,,,,,,,283.0,0.192,75.0,26.5,18.0,6.36,0.528,0.08400000000000002,24.7,11.43,17.79,29.22,30.72,23.2,448.0,0.278,100.0,22.32,45.0,10.04,0.7749999999999999,0.1459999999999999,24.15,10.61,17.49,28.1,27.96,20.41
746454,2024-06-25,2024,668670,R,624133,L,grounded_into_double_play,False,False,47.0,0.167,13.0,27.66,5.0,10.64,0.5409999999999999,0.11899999999999997,32.14,14.14,17.28,31.41,22.77,27.08,108.0,0.235,34.0,31.48,8.0,7.41,0.8600000000000001,0.326,32.64,14.72,17.76,32.48,23.9,29.06,283.0,0.192,75.0,26.5,18.0,6.36,0.528,0.08400000000000002,24.7,11.43,17.79,29.22,30.72,23.2,448.0,0.278,100.0,22.32,45.0,10.04,0.7749999999999999,0.1459999999999999,24.15,10.61,17.49,28.1,27.96,20.41
746454,2024-06-25,2024,624641,R,669373,L,strikeout,True,False,61.0,0.34,10.0,16.39,6.0,9.84,1.1239999999999999,0.35799999999999993,28.1,14.35,12.24,26.58,32.85,16.39,124.0,0.267,33.0,26.61,3.0,2.42,0.792,0.2159999999999999,27.7,16.7,13.23,29.93,44.69,21.29,296.0,0.217,84.0,28.38,15.0,5.07,0.63,0.149,31.85,16.55,16.99,33.54,29.72,24.35,268.0,0.21,98.0,36.57,12.0,4.48,0.567,0.103,33.05,17.57,16.29,33.85,34.51,25.72
746454,2024-06-25,2024,593160,R,669373,L,field_out,False,False,65.0,0.197,5.0,7.69,3.0,4.62,0.611,0.18,18.55,9.87,16.31,26.18,31.48,6.49,147.0,0.259,21.0,14.29,9.0,6.12,0.692,0.134,17.44,9.06,13.12,22.18,31.02,14.19,296.0,0.217,84.0,28.38,15.0,5.07,0.63,0.149,31.85,16.55,16.99,33.54,29.72,24.35,268.0,0.21,98.0,36.57,12.0,4.48,0.567,0.103,33.05,17.57,16.29,33.85,34.51,25.72
746454,2024-06-25,2024,665506,R,669373,L,strikeout,True,False,57.0,0.217,17.0,29.82,11.0,19.3,0.694,0.10900000000000001,31.68,12.96,15.79,28.74,18.32,20.48,57.0,0.314,13.0,22.81,5.0,8.77,0.924,0.235,32.38,15.45,14.09,29.55,25.93,19.4,296.0,0.217,84.0,28.38,15.0,5.07,0.63,0.149,31.85,16.55,16.99,33.54,29.72,24.35,268.0,0.21,98.0,36.57,12.0,4.48,0.567,0.103,33.05,17.57,16.29,33.85,34.51,25.72
746454,2024-06-25,2024,668952,R,622554,R,walk,False,True,17.0,0.067,7.0,41.18,1.0,5.88,0.192,0.0,40.0,16.67,23.61,40.28,20.0,24.14,9.0,0.111,3.0,33.33,0.0,0.0,0.222,0.0,33.33,15.79,28.95,44.74,45.0,21.43,68.0,0.25,16.0,23.53,4.0,5.88,0.716,0.172,26.12,12.24,16.08,28.32,26.95,16.49,146.0,0.219,38.0,26.03,16.0,10.96,0.643,0.109,32.43,16.61,10.55,27.16,28.94,21.11
746454,2024-06-25,2024,663837,R,622554,R,strikeout,True,False,192.0,0.25,44.0,22.92,9.0,4.69,0.766,0.22799999999999998,20.59,8.87,20.15,29.02,19.89,17.32,383.0,0.26,92.0,24.02,29.0,7.57,0.724,0.14,21.06,9.23,21.95,31.18,28.67,18.31,68.0,0.25,16.0,23.53,4.0,5.88,0.716,0.172,26.12,12.24,16.08,28.32,26.95,16.49,146.0,0.219,38.0,26.03,16.0,10.96,0.643,0.109,32.43,16.61,10.55,27.16,28.94,21.11
746454,2024-06-25,2024,628451,R,622554,R,fielders_choice_out,False,False,46.0,0.159,17.0,36.96,2.0,4.35,0.401,0.045999999999999985,35.05,18.89,15.56,34.44,41.67,27.42,265.0,0.265,45.0,16.98,18.0,6.79,0.71,0.127,22.24,11.31,15.49,26.81,34.23,16.73,68.0,0.25,16.0,23.53,4.0,5.88,0.716,0.172,26.12,12.24,16.08,28.32,26.95,16.49,146.0,0.219,38.0,26.03,16.0,10.96,0.643,0.109,32.43,16.61,10.55,27.16,28.94,21.11
746454,2024-06-25,2024,592192,R,622554,R,field_out,False,False,231.0,0.228,47.0,20.35,22.0,9.52,0.665,0.10700000000000001,22.8,9.04,23.42,32.46,21.48,17.74,341.0,0.261,56.0,16.42,28.0,8.21,0.721,0.1079999999999999,18.91,7.86,21.98,29.84,23.71,13.49,68.0,0.25,16.0,23.53,4.0,5.88,0.716,0.172,26.12,12.24,16.08,28.32,26.95,16.49,146.0,0.219,38.0,26.03,16.0,10.96,0.643,0.109,32.43,16.61,10.55,27.16,28.94,21.11
746454,2024-06-25,2024,665561,L,571946,R,field_out,False,False,17.0,0.312,2.0,11.76,1.0,5.88,0.915,0.25000000000000006,12.5,6.06,18.18,24.24,34.38,11.11,,,,,,,,,,,,,,,44.0,0.1,14.0,31.82,2.0,4.55,0.361,0.125,32.91,15.57,20.36,35.93,31.25,28.57,76.0,0.129,23.0,30.26,13.0,17.11,0.563,0.145,31.54,12.46,19.15,31.61,18.95,25.27
746454,2024-06-25,2024,656941,L,571946,R,strikeout,True,False,214.0,0.186,62.0,28.97,35.0,16.36,0.712,0.20400000000000001,32.87,13.24,16.18,29.41,22.06,24.02,469.0,0.201,128.0,27.29,85.0,18.12,0.848,0.296,31.18,11.75,19.66,31.41,21.53,23.1,44.0,0.1,14.0,31.82,2.0,4.55,0.361,0.125,32.91,15.57,20.36,35.93,31.25,28.57,76.0,0.129,23.0,30.26,13.0,17.11,0.563,0.145,31.54,12.46,19.15,31.61,18.95,25.27
746454,2024-06-25,2024,607208,R,571946,R,field_out,False,False,108.0,0.337,16.0,14.81,6.0,5.56,0.835,0.118,21.03,10.51,14.62,25.13,28.06,14.55,485.0,0.282,109.0,22.47,29.0,5.98,0.8029999999999999,0.19,28.9,15.6,12.67,28.27,36.06,17.81,49.0,0.238,8.0,16.33,4.0,8.16,0.756,0.191,17.86,8.62,14.37,22.99,25.61,21.05,88.0,0.139,19.0,21.59,6.0,6.82,0.424,0.0759999999999999,21.29,9.73,19.47,29.2,26.71,19.59
746454,2024-06-25,2024,682985,L,642397,L,field_out,False,False,73.0,0.194,20.0,27.4,5.0,6.85,0.638,0.194,24.09,10.75,20.52,31.27,23.88,18.02,93.0,0.279,30.0,32.26,7.0,7.53,0.6930000000000001,0.0809999999999999,30.96,15.64,16.92,32.56,32.98,21.74,40.0,0.194,9.0,22.5,3.0,7.5,0.581,0.11199999999999999,22.73,10.0,20.0,30.0,34.62,18.0,88.0,0.127,20.0,22.73,7.0,7.95,0.433,0.101,31.33,14.03,22.09,36.12,32.03,18.87
746454,2024-06-25,2024,570482,R,642397,L,field_out,False,False,48.0,0.205,9.0,18.75,4.0,8.33,0.498,0.02200000000000002,18.56,10.29,12.0,22.29,38.0,17.65,53.0,0.373,6.0,11.32,1.0,1.89,0.867,0.1169999999999999,13.56,7.96,11.94,19.9,44.55,8.82,72.0,0.357,17.0,23.61,12.0,16.67,0.954,0.125,33.33,15.85,12.32,28.17,28.78,21.79,162.0,0.255,45.0,27.78,15.0,9.26,0.72,0.138,35.35,17.56,15.35,32.91,29.93,22.5
746454,2024-06-25,2024,672761,R,642397,L,field_out,False,False,49.0,0.289,11.0,22.45,4.0,8.16,0.7689999999999999,0.133,15.0,7.69,13.85,21.54,35.51,17.19,,,,,,,,,,,,,,,72.0,0.357,17.0,23.61,12.0,16.67,0.954,0.125,33.33,15.85,12.32,28.17,28.78,21.79,162.0,0.255,45.0,27.78,15.0,9.26,0.72,0.138,35.35,17.56,15.35,32.91,29.93,22.5
746454,2024-06-25,2024,547180,L,671345,R,home_run,False,False,199.0,0.302,36.0,18.09,29.0,14.57,0.97,0.26599999999999996,27.47,13.55,9.21,22.76,33.26,17.65,375.0,0.295,80.0,21.33,60.0,16.0,0.907,0.199,31.39,15.65,8.66,24.31,32.27,20.0,48.0,0.209,9.0,18.75,5.0,10.42,0.571,0.07000000000000003,21.0,10.45,17.41,27.86,25.29,12.33,106.0,0.299,25.0,23.58,8.0,7.55,0.847,0.196,22.89,10.82,13.41,24.24,29.46,19.83
746454,2024-06-25,2024,664761,R,671345,R,field_out,False,False,225.0,0.337,34.0,15.11,16.0,7.11,0.931,0.201,20.11,9.46,15.35,24.81,25.0,17.19,445.0,0.263,68.0,15.28,34.0,7.64,0.7010000000000001,0.1139999999999999,17.17,8.27,16.06,24.33,28.14,13.48,64.0,0.259,13.0,20.31,4.0,6.25,0.64,0.069,19.39,9.45,19.4,28.86,28.72,27.08,171.0,0.222,30.0,17.54,7.0,4.09,0.506,0.0249999999999999,14.71,7.13,19.97,27.1,35.23,15.23
746454,2024-06-25,2024,592206,R,671345,R,field_out,False,False,240.0,0.223,50.0,20.83,16.0,6.67,0.6419999999999999,0.13599999999999998,32.29,18.95,10.27,29.22,39.33,20.66,485.0,0.252,140.0,28.87,25.0,5.15,0.733,0.192,37.06,20.57,11.78,32.36,40.41,25.27,64.0,0.259,13.0,20.31,4.0,6.25,0.64,0.069,19.39,9.45,19.4,28.86,28.72,27.08,171.0,0.222,30.0,17.54,7.0,4.09,0.506,0.0249999999999999,14.71,7.13,19.97,27.1,35.23,15.23
746454,2024-06-25,2024,681082,L,671345,R,field_out,False,False,210.0,0.242,30.0,14.29,25.0,11.9,0.7090000000000001,0.134,16.71,7.28,21.48,28.76,27.64,11.95,474.0,0.28,76.0,16.03,26.0,5.49,0.753,0.1509999999999999,14.49,6.52,22.08,28.6,28.42,11.93,48.0,0.209,9.0,18.75,5.0,10.42,0.571,0.07000000000000003,21.0,10.45,17.41,27.86,25.29,12.33,106.0,0.299,25.0,23.58,8.0,7.55,0.847,0.196,22.89,10.82,13.41,24.24,29.46,19.83
747022,2024-06-25,2024,680757,L,608344,L,field_out,False,False,68.0,0.419,5.0,7.35,6.0,8.82,0.971,0.08100000000000002,4.59,1.85,21.03,22.88,16.53,7.25,224.0,0.26,23.0,10.27,20.0,8.93,0.667,0.08,13.41,5.5,21.44,26.95,22.3,10.5,66.0,0.172,14.0,21.21,2.0,3.03,0.43100000000000005,0.06200000000000003,18.02,8.44,22.36,30.8,25.0,21.88,69.0,0.267,9.0,13.04,6.0,8.7,0.6950000000000001,0.066,20.35,9.47,17.7,27.16,33.33,13.64
747022,2024-06-25,2024,665926,L,608344,L,field_out,False,False,93.0,0.267,11.0,11.83,1.0,1.08,0.6719999999999999,0.09299999999999997,20.0,11.2,14.01,25.21,37.87,9.73,197.0,0.268,26.0,13.2,8.0,4.06,0.7130000000000001,0.1169999999999999,23.63,12.79,15.07,27.86,41.69,11.02,66.0,0.172,14.0,21.21,2.0,3.03,0.43100000000000005,0.06200000000000003,18.02,8.44,22.36,30.8,25.0,21.88,69.0,0.267,9.0,13.04,6.0,8.7,0.6950000000000001,0.066,20.35,9.47,17.7,27.16,33.33,13.64
747022,2024-06-25,2024,608070,R,608344,L,double,False,False,101.0,0.348,12.0,11.88,8.0,7.92,1.005,0.261,19.47,9.81,14.85,24.67,33.51,13.48,230.0,0.243,25.0,10.87,19.0,8.26,0.766,0.219,16.06,7.21,15.81,23.02,28.33,12.18,241.0,0.29,39.0,16.18,13.0,5.39,0.793,0.17400000000000004,16.89,8.47,17.51,25.97,25.53,15.06,267.0,0.253,59.0,22.1,15.0,5.62,0.744,0.188,20.94,10.76,16.67,27.42,29.92,18.1
747022,2024-06-25,2024,681807,R,608344,L,double,False,False,88.0,0.349,18.0,20.45,20.0,22.73,1.19,0.31800000000000006,26.67,10.72,15.28,26.01,16.41,16.98,51.0,0.227,11.0,21.57,5.0,9.8,0.742,0.1819999999999999,25.66,14.43,11.94,26.37,40.95,15.07,241.0,0.29,39.0,16.18,13.0,5.39,0.793,0.17400000000000004,16.89,8.47,17.51,25.97,25.53,15.06,267.0,0.253,59.0,22.1,15.0,5.62,0.744,0.188,20.94,10.76,16.67,27.42,29.92,18.1
747022,2024-06-25,2024,671289,R,608344,L,field_out,False,False,81.0,0.176,14.0,17.28,8.0,9.88,0.641,0.177,20.0,9.03,19.03,28.06,26.88,15.56,80.0,0.216,13.0,16.25,4.0,5.0,0.667,0.176,15.28,7.61,17.3,24.91,28.87,15.66,241.0,0.29,39.0,16.18,13.0,5.39,0.793,0.17400000000000004,16.89,8.47,17.51,25.97,25.53,15.06,267.0,0.253,59.0,22.1,15.0,5.62,0.744,0.188,20.94,10.76,16.67,27.42,29.92,18.1
747022,2024-06-25,2024,668939,R,671106,L,field_out,False,False,104.0,0.418,14.0,13.46,6.0,5.77,1.115,0.24500000000000005,18.29,7.69,22.12,29.81,24.14,12.96,191.0,0.304,21.0,10.99,31.0,16.23,0.895,0.177,12.46,4.9,20.56,25.46,20.79,8.71,272.0,0.292,45.0,16.54,27.0,9.93,0.911,0.25400000000000006,19.83,8.71,18.37,27.08,21.62,14.61,448.0,0.274,99.0,22.1,38.0,8.48,0.77,0.1609999999999999,23.99,11.45,16.55,28.0,29.16,18.32
747022,2024-06-25,2024,663624,R,671106,L,single,False,False,89.0,0.293,15.0,16.85,7.0,7.87,0.824,0.183,20.62,11.53,12.1,23.63,38.51,14.56,161.0,0.338,29.0,18.01,15.0,9.32,1.053,0.317,25.46,14.21,11.82,26.03,41.95,16.86,272.0,0.292,45.0,16.54,27.0,9.93,0.911,0.25400000000000006,19.83,8.71,18.37,27.08,21.62,14.61,448.0,0.274,99.0,22.1,38.0,8.48,0.77,0.1609999999999999,23.99,11.45,16.55,28.0,29.16,18.32
747022,2024-06-25,2024,623993,R,671106,L,strikeout,True,False,85.0,0.264,20.0,23.53,9.0,10.59,0.879,0.25,28.97,12.5,19.64,32.14,26.51,20.83,170.0,0.25,45.0,26.47,24.0,14.12,0.7909999999999999,0.188,28.15,11.77,18.98,30.75,26.34,19.31,272.0,0.292,45.0,16.54,27.0,9.93,0.911,0.25400000000000006,19.83,8.71,18.37,27.08,21.62,14.61,448.0,0.274,99.0,22.1,38.0,8.48,0.77,0.1609999999999999,23.99,11.45,16.55,28.0,29.16,18.32
747022,2024-06-25,2024,683002,L,671106,L,home_run,False,False,111.0,0.27,30.0,27.03,18.0,16.22,0.922,0.247,29.55,11.5,18.81,30.31,17.9,23.44,167.0,0.209,42.0,25.15,18.0,10.78,0.617,0.115,28.77,12.92,19.54,32.46,27.19,20.79,57.0,0.231,14.0,24.56,3.0,5.26,0.663,0.13399999999999998,29.81,13.84,15.62,29.46,26.83,19.72,90.0,0.205,20.0,22.22,10.0,11.11,0.649,0.141,23.86,11.35,14.32,25.68,24.44,18.87
747022,2024-06-25,2024,676059,R,671106,L,single,False,False,76.0,0.197,24.0,31.58,4.0,5.26,0.634,0.197,37.09,18.86,14.48,33.33,30.41,26.97,82.0,0.284,23.0,28.05,8.0,9.76,0.786,0.148,32.37,14.29,17.14,31.43,25.99,24.21,272.0,0.292,45.0,16.54,27.0,9.93,0.911,0.25400000000000006,19.83,8.71,18.37,27.08,21.62,14.61,448.0,0.274,99.0,22.1,38.0,8.48,0.77,0.1609999999999999,23.99,11.45,16.55,28.0,29.16,18.32
747022,2024-06-25,2024,669720,R,671106,L,strikeout,True,False,49.0,0.348,16.0,32.65,3.0,6.12,0.866,0.13,36.05,17.32,16.2,33.52,35.05,39.02,167.0,0.262,37.0,22.16,16.0,9.58,0.785,0.194,26.6,11.87,17.25,29.11,29.39,20.9,272.0,0.292,45.0,16.54,27.0,9.93,0.911,0.25400000000000006,19.83,8.71,18.37,27.08,21.62,14.61,448.0,0.274,99.0,22.1,38.0,8.48,0.77,0.1609999999999999,23.99,11.45,16.55,28.0,29.16,18.32
747022,2024-06-25,2024,671286,R,608344,L,single,False,False,23.0,0.118,6.0,26.09,6.0,26.09,0.524,0.057999999999999996,38.64,17.0,11.0,28.0,23.08,18.18,,,,,,,,,,,,,,,241.0,0.29,39.0,16.18,13.0,5.39,0.793,0.17400000000000004,16.89,8.47,17.51,25.97,25.53,15.06,267.0,0.253,59.0,22.1,15.0,5.62,0.744,0.188,20.94,10.76,16.67,27.42,29.92,18.1
747022,2024-06-25,2024,666310,L,608344,L,double,False,False,35.0,0.194,13.0,37.14,4.0,11.43,0.641,0.16099999999999998,33.33,14.71,19.85,34.56,29.23,37.14,51.0,0.217,13.0,25.49,4.0,7.84,0.6639999999999999,0.153,18.18,7.96,17.26,25.22,25.23,18.84,66.0,0.172,14.0,21.21,2.0,3.03,0.43100000000000005,0.06200000000000003,18.02,8.44,22.36,30.8,25.0,21.88,69.0,0.267,9.0,13.04,6.0,8.7,0.6950000000000001,0.066,20.35,9.47,17.7,27.16,33.33,13.64
747022,2024-06-25,2024,672356,R,608344,L,double,False,False,57.0,0.278,20.0,35.09,3.0,5.26,0.742,0.14799999999999996,41.94,26.0,10.0,36.0,41.76,33.33,119.0,0.083,54.0,45.38,10.0,8.4,0.316,0.0649999999999999,44.4,24.39,12.09,36.48,34.85,30.51,241.0,0.29,39.0,16.18,13.0,5.39,0.793,0.17400000000000004,16.89,8.47,17.51,25.97,25.53,15.06,267.0,0.253,59.0,22.1,15.0,5.62,0.744,0.188,20.94,10.76,16.67,27.42,29.92,18.1
747022,2024-06-25,2024,677587,R,608344,L,sac_bunt,False,False,72.0,0.172,18.0,25.0,6.0,8.33,0.531,0.10900000000000004,24.81,13.2,13.2,26.4,30.77,28.12,33.0,0.161,15.0,45.45,2.0,6.06,0.438,0.065,39.73,21.64,16.42,38.06,38.1,32.61,241.0,0.29,39.0,16.18,13.0,5.39,0.793,0.17400000000000004,16.89,8.47,17.51,25.97,25.53,15.06,267.0,0.253,59.0,22.1,15.0,5.62,0.744,0.188,20.94,10.76,16.67,27.42,29.92,18.1
747022,2024-06-25,2024,680757,L,608344,L,fielders_choice_out,False,False,68.0,0.419,5.0,7.35,6.0,8.82,0.971,0.08100000000000002,4.59,1.85,21.03,22.88,16.53,7.25,224.0,0.26,23.0,10.27,20.0,8.93,0.667,0.08,13.41,5.5,21.44,26.95,22.3,10.5,66.0,0.172,14.0,21.21,2.0,3.03,0.43100000000000005,0.06200000000000003,18.02,8.44,22.36,30.8,25.0,21.88,69.0,0.267,9.0,13.04,6.0,8.7,0.6950000000000001,0.066,20.35,9.47,17.7,27.16,33.33,13.64
747022,2024-06-25,2024,665926,L,608344,L,field_out,False,False,93.0,0.267,11.0,11.83,1.0,1.08,0.6719999999999999,0.09299999999999997,20.0,11.2,14.01,25.21,37.87,9.73,197.0,0.268,26.0,13.2,8.0,4.06,0.7130000000000001,0.1169999999999999,23.63,12.79,15.07,27.86,41.69,11.02,66.0,0.172,14.0,21.21,2.0,3.03,0.43100000000000005,0.06200000000000003,18.02,8.44,22.36,30.8,25.0,21.88,69.0,0.267,9.0,13.04,6.0,8.7,0.6950000000000001,0.066,20.35,9.47,17.7,27.16,33.33,13.64
747022,2024-06-25,2024,622761,R,671106,L,triple,False,False,68.0,0.242,17.0,25.0,5.0,7.35,0.8089999999999999,0.258,20.0,9.96,16.24,26.2,31.16,18.48,138.0,0.276,23.0,16.67,9.0,6.52,0.745,0.1409999999999999,24.81,12.67,15.88,28.54,31.42,15.23,272.0,0.292,45.0,16.54,27.0,9.93,0.911,0.25400000000000006,19.83,8.71,18.37,27.08,21.62,14.61,448.0,0.274,99.0,22.1,38.0,8.48,0.77,0.1609999999999999,23.99,11.45,16.55,28.0,29.16,18.32
747022,2024-06-25,2024,543510,R,671106,L,single,False,False,55.0,0.167,14.0,25.45,0.0,0.0,0.42600000000000005,0.092,30.19,16.75,15.18,31.94,34.12,26.42,114.0,0.2,26.0,22.81,3.0,2.63,0.592,0.173,26.42,14.87,13.96,28.83,35.5,16.35,272.0,0.292,45.0,16.54,27.0,9.93,0.911,0.25400000000000006,19.83,8.71,18.37,27.08,21.62,14.61,448.0,0.274,99.0,22.1,38.0,8.48,0.77,0.1609999999999999,23.99,11.45,16.55,28.0,29.16,18.32
747022,2024-06-25,2024,681297,L,671106,L,field_out,False,False,61.0,0.208,24.0,39.34,4.0,6.56,0.623,0.13200000000000003,35.24,14.57,21.26,35.83,19.35,28.57,9.0,0.143,2.0,22.22,1.0,11.11,0.476,0.0,25.0,8.11,27.03,35.14,15.79,18.18,57.0,0.231,14.0,24.56,3.0,5.26,0.663,0.13399999999999998,29.81,13.84,15.62,29.46,26.83,19.72,90.0,0.205,20.0,22.22,10.0,11.11,0.649,0.141,23.86,11.35,14.32,25.68,24.44,18.87
747022,2024-06-25,2024,668939,R,671106,L,strikeout,True,False,104.0,0.418,14.0,13.46,6.0,5.77,1.115,0.24500000000000005,18.29,7.69,22.12,29.81,24.14,12.96,191.0,0.304,21.0,10.99,31.0,16.23,0.895,0.177,12.46,4.9,20.56,25.46,20.79,8.71,272.0,0.292,45.0,16.54,27.0,9.93,0.911,0.25400000000000006,19.83,8.71,18.37,27.08,21.62,14.61,448.0,0.274,99.0,22.1,38.0,8.48,0.77,0.1609999999999999,23.99,11.45,16.55,28.0,29.16,18.32
747022,2024-06-25,2024,663624,R,671106,L,double,False,False,89.0,0.293,15.0,16.85,7.0,7.87,0.824,0.183,20.62,11.53,12.1,23.63,38.51,14.56,161.0,0.338,29.0,18.01,15.0,9.32,1.053,0.317,25.46,14.21,11.82,26.03,41.95,16.86,272.0,0.292,45.0,16.54,27.0,9.93,0.911,0.25400000000000006,19.83,8.71,18.37,27.08,21.62,14.61,448.0,0.274,99.0,22.1,38.0,8.48,0.77,0.1609999999999999,23.99,11.45,16.55,28.0,29.16,18.32
747022,2024-06-25,2024,608070,R,608344,L,field_out,False,False,101.0,0.348,12.0,11.88,8.0,7.92,1.005,0.261,19.47,9.81,14.85,24.67,33.51,13.48,230.0,0.243,25.0,10.87,19.0,8.26,0.766,0.219,16.06,7.21,15.81,23.02,28.33,12.18,241.0,0.29,39.0,16.18,13.0,5.39,0.793,0.17400000000000004,16.89,8.47,17.51,25.97,25.53,15.06,267.0,0.253,59.0,22.1,15.0,5.62,0.744,0.188,20.94,10.76,16.67,27.42,29.92,18.1
747022,2024-06-25,2024,681807,R,608344,L,strikeout,True,False,88.0,0.349,18.0,20.45,20.0,22.73,1.19,0.31800000000000006,26.67,10.72,15.28,26.01,16.41,16.98,51.0,0.227,11.0,21.57,5.0,9.8,0.742,0.1819999999999999,25.66,14.43,11.94,26.37,40.95,15.07,241.0,0.29,39.0,16.18,13.0,5.39,0.793,0.17400000000000004,16.89,8.47,17.51,25.97,25.53,15.06,267.0,0.253,59.0,22.1,15.0,5.62,0.744,0.188,20.94,10.76,16.67,27.42,29.92,18.1
747022,2024-06-25,2024,671289,R,608344,L,single,False,False,81.0,0.176,14.0,17.28,8.0,9.88,0.641,0.177,20.0,9.03,19.03,28.06,26.88,15.56,80.0,0.216,13.0,16.25,4.0,5.0,0.667,0.176,15.28,7.61,17.3,24.91,28.87,15.66,241.0,0.29,39.0,16.18,13.0,5.39,0.793,0.17400000000000004,16.89,8.47,17.51,25.97,25.53,15.06,267.0,0.253,59.0,22.1,15.0,5.62,0.744,0.188,20.94,10.76,16.67,27.42,29.92,18.1
747022,2024-06-25,2024,671286,R,608344,L,caught_stealing_2b,False,False,23.0,0.118,6.0,26.09,6.0,26.09,0.524,0.057999999999999996,38.64,17.0,11.0,28.0,23.08,18.18,,,,,,,,,,,,,,,241.0,0.29,39.0,16.18,13.0,5.39,0.793,0.17400000000000004,16.89,8.47,17.51,25.97,25.53,15.06,267.0,0.253,59.0,22.1,15.0,5.62,0.744,0.188,20.94,10.76,16.67,27.42,29.92,18.1
747022,2024-06-25,2024,623993,R,671106,L,field_out,False,False,85.0,0.264,20.0,23.53,9.0,10.59,0.879,0.25,28.97,12.5,19.64,32.14,26.51,20.83,170.0,0.25,45.0,26.47,24.0,14.12,0.7909999999999999,0.188,28.15,11.77,18.98,30.75,26.34,19.31,272.0,0.292,45.0,16.54,27.0,9.93,0.911,0.25400000000000006,19.83,8.71,18.37,27.08,21.62,14.61,448.0,0.274,99.0,22.1,38.0,8.48,0.77,0.1609999999999999,23.99,11.45,16.55,28.0,29.16,18.32
747022,2024-06-25,2024,683002,L,671106,L,walk,False,True,111.0,0.27,30.0,27.03,18.0,16.22,0.922,0.247,29.55,11.5,18.81,30.31,17.9,23.44,167.0,0.209,42.0,25.15,18.0,10.78,0.617,0.115,28.77,12.92,19.54,32.46,27.19,20.79,57.0,0.231,14.0,24.56,3.0,5.26,0.663,0.13399999999999998,29.81,13.84,15.62,29.46,26.83,19.72,90.0,0.205,20.0,22.22,10.0,11.11,0.649,0.141,23.86,11.35,14.32,25.68,24.44,18.87
747022,2024-06-25,2024,676059,R,671106,L,double,False,False,76.0,0.197,24.0,31.58,4.0,5.26,0.634,0.197,37.09,18.86,14.48,33.33,30.41,26.97,82.0,0.284,23.0,28.05,8.0,9.76,0.786,0.148,32.37,14.29,17.14,31.43,25.99,24.21,272.0,0.292,45.0,16.54,27.0,9.93,0.911,0.25400000000000006,19.83,8.71,18.37,27.08,21.62,14.61,448.0,0.274,99.0,22.1,38.0,8.48,0.77,0.1609999999999999,23.99,11.45,16.55,28.0,29.16,18.32
747022,2024-06-25,2024,669720,R,671106,L,strikeout,True,False,49.0,0.348,16.0,32.65,3.0,6.12,0.866,0.13,36.05,17.32,16.2,33.52,35.05,39.02,167.0,0.262,37.0,22.16,16.0,9.58,0.785,0.194,26.6,11.87,17.25,29.11,29.39,20.9,272.0,0.292,45.0,16.54,27.0,9.93,0.911,0.25400000000000006,19.83,8.71,18.37,27.08,21.62,14.61,448.0,0.274,99.0,22.1,38.0,8.48,0.77,0.1609999999999999,23.99,11.45,16.55,28.0,29.16,18.32
747022,2024-06-25,2024,622761,R,671106,L,strikeout,True,False,68.0,0.242,17.0,25.0,5.0,7.35,0.8089999999999999,0.258,20.0,9.96,16.24,26.2,31.16,18.48,138.0,0.276,23.0,16.67,9.0,6.52,0.745,0.1409999999999999,24.81,12.67,15.88,28.54,31.42,15.23,272.0,0.292,45.0,16.54,27.0,9.93,0.911,0.25400000000000006,19.83,8.71,18.37,27.08,21.62,14.61,448.0,0.274,99.0,22.1,38.0,8.48,0.77,0.1609999999999999,23.99,11.45,16.55,28.0,29.16,18.32
747022,2024-06-25,2024,671286,R,608344,L,field_out,False,False,23.0,0.118,6.0,26.09,6.0,26.09,0.524,0.057999999999999996,38.64,17.0,11.0,28.0,23.08,18.18,,,,,,,,,,,,,,,241.0,0.29,39.0,16.18,13.0,5.39,0.793,0.17400000000000004,16.89,8.47,17.51,25.97,25.53,15.06,267.0,0.253,59.0,22.1,15.0,5.62,0.744,0.188,20.94,10.76,16.67,27.42,29.92,18.1
747022,2024-06-25,2024,666310,L,608344,L,single,False,False,35.0,0.194,13.0,37.14,4.0,11.43,0.641,0.16099999999999998,33.33,14.71,19.85,34.56,29.23,37.14,51.0,0.217,13.0,25.49,4.0,7.84,0.6639999999999999,0.153,18.18,7.96,17.26,25.22,25.23,18.84,66.0,0.172,14.0,21.21,2.0,3.03,0.43100000000000005,0.06200000000000003,18.02,8.44,22.36,30.8,25.0,21.88,69.0,0.267,9.0,13.04,6.0,8.7,0.6950000000000001,0.066,20.35,9.47,17.7,27.16,33.33,13.64
747022,2024-06-25,2024,672356,R,608344,L,fielders_choice,False,False,57.0,0.278,20.0,35.09,3.0,5.26,0.742,0.14799999999999996,41.94,26.0,10.0,36.0,41.76,33.33,119.0,0.083,54.0,45.38,10.0,8.4,0.316,0.0649999999999999,44.4,24.39,12.09,36.48,34.85,30.51,241.0,0.29,39.0,16.18,13.0,5.39,0.793,0.17400000000000004,16.89,8.47,17.51,25.97,25.53,15.06,267.0,0.253,59.0,22.1,15.0,5.62,0.744,0.188,20.94,10.76,16.67,27.42,29.92,18.1
747022,2024-06-25,2024,677587,R,608344,L,single,False,False,72.0,0.172,18.0,25.0,6.0,8.33,0.531,0.10900000000000004,24.81,13.2,13.2,26.4,30.77,28.12,33.0,0.161,15.0,45.45,2.0,6.06,0.438,0.065,39.73,21.64,16.42,38.06,38.1,32.61,241.0,0.29,39.0,16.18,13.0,5.39,0.793,0.17400000000000004,16.89,8.47,17.51,25.97,25.53,15.06,267.0,0.253,59.0,22.1,15.0,5.62,0.744,0.188,20.94,10.76,16.67,27.42,29.92,18.1
747022,2024-06-25,2024,680757,L,608344,L,single,False,False,68.0,0.419,5.0,7.35,6.0,8.82,0.971,0.08100000000000002,4.59,1.85,21.03,22.88,16.53,7.25,224.0,0.26,23.0,10.27,20.0,8.93,0.667,0.08,13.41,5.5,21.44,26.95,22.3,10.5,66.0,0.172,14.0,21.21,2.0,3.03,0.43100000000000005,0.06200000000000003,18.02,8.44,22.36,30.8,25.0,21.88,69.0,0.267,9.0,13.04,6.0,8.7,0.6950000000000001,0.066,20.35,9.47,17.7,27.16,33.33,13.64
747022,2024-06-25,2024,665926,L,608344,L,field_out,False,False,93.0,0.267,11.0,11.83,1.0,1.08,0.6719999999999999,0.09299999999999997,20.0,11.2,14.01,25.21,37.87,9.73,197.0,0.268,26.0,13.2,8.0,4.06,0.7130000000000001,0.1169999999999999,23.63,12.79,15.07,27.86,41.69,11.02,66.0,0.172,14.0,21.21,2.0,3.03,0.43100000000000005,0.06200000000000003,18.02,8.44,22.36,30.8,25.0,21.88,69.0,0.267,9.0,13.04,6.0,8.7,0.6950000000000001,0.066,20.35,9.47,17.7,27.16,33.33,13.64
747022,2024-06-25,2024,608070,R,608344,L,home_run,False,False,101.0,0.348,12.0,11.88,8.0,7.92,1.005,0.261,19.47,9.81,14.85,24.67,33.51,13.48,230.0,0.243,25.0,10.87,19.0,8.26,0.766,0.219,16.06,7.21,15.81,23.02,28.33,12.18,241.0,0.29,39.0,16.18,13.0,5.39,0.793,0.17400000000000004,16.89,8.47,17.51,25.97,25.53,15.06,267.0,0.253,59.0,22.1,15.0,5.62,0.744,0.188,20.94,10.76,16.67,27.42,29.92,18.1
747022,2024-06-25,2024,681807,R,608344,L,field_out,False,False,88.0,0.349,18.0,20.45,20.0,22.73,1.19,0.31800000000000006,26.67,10.72,15.28,26.01,16.41,16.98,51.0,0.227,11.0,21.57,5.0,9.8,0.742,0.1819999999999999,25.66,14.43,11.94,26.37,40.95,15.07,241.0,0.29,39.0,16.18,13.0,5.39,0.793,0.17400000000000004,16.89,8.47,17.51,25.97,25.53,15.06,267.0,0.253,59.0,22.1,15.0,5.62,0.744,0.188,20.94,10.76,16.67,27.42,29.92,18.1
747022,2024-06-25,2024,543510,R,671106,L,home_run,False,False,55.0,0.167,14.0,25.45,0.0,0.0,0.42600000000000005,0.092,30.19,16.75,15.18,31.94,34.12,26.42,114.0,0.2,26.0,22.81,3.0,2.63,0.592,0.173,26.42,14.87,13.96,28.83,35.5,16.35,272.0,0.292,45.0,16.54,27.0,9.93,0.911,0.25400000000000006,19.83,8.71,18.37,27.08,21.62,14.61,448.0,0.274,99.0,22.1,38.0,8.48,0.77,0.1609999999999999,23.99,11.45,16.55,28.0,29.16,18.32
747022,2024-06-25,2024,681297,L,671106,L,home_run,False,False,61.0,0.208,24.0,39.34,4.0,6.56,0.623,0.13200000000000003,35.24,14.57,21.26,35.83,19.35,28.57,9.0,0.143,2.0,22.22,1.0,11.11,0.476,0.0,25.0,8.11,27.03,35.14,15.79,18.18,57.0,0.231,14.0,24.56,3.0,5.26,0.663,0.13399999999999998,29.81,13.84,15.62,29.46,26.83,19.72,90.0,0.205,20.0,22.22,10.0,11.11,0.649,0.141,23.86,11.35,14.32,25.68,24.44,18.87
747022,2024-06-25,2024,668939,L,658648,R,walk,False,True,229.0,0.246,47.0,20.52,18.0,7.86,0.6970000000000001,0.14500000000000002,21.06,9.77,19.87,29.65,32.9,16.85,496.0,0.267,80.0,16.13,61.0,12.3,0.778,0.1519999999999999,16.76,6.91,19.7,26.61,24.41,12.54,63.0,0.132,18.0,28.57,7.0,11.11,0.41100000000000003,0.056999999999999995,27.93,11.79,17.11,28.9,25.33,25.0,96.0,0.188,19.0,19.79,14.0,14.58,0.5780000000000001,0.074,21.64,9.25,15.0,24.25,24.89,16.1
747022,2024-06-25,2024,663624,R,658648,R,grounded_into_double_play,False,False,217.0,0.269,52.0,23.96,12.0,5.53,0.777,0.199,24.2,13.31,11.9,25.21,36.76,19.77,310.0,0.235,78.0,25.16,22.0,7.1,0.6399999999999999,0.1139999999999999,29.78,16.05,13.56,29.61,37.06,21.61,96.0,0.271,25.0,26.04,8.0,8.33,0.818,0.19999999999999996,26.79,13.12,14.87,27.99,31.67,25.25,125.0,0.262,35.0,28.0,11.0,8.8,0.743,0.131,34.03,16.36,15.35,31.72,30.53,20.0
747022,2024-06-25,2024,623993,L,658648,R,field_out,False,False,228.0,0.221,37.0,16.23,15.0,6.58,0.776,0.274,17.14,9.24,12.98,22.22,39.72,13.17,486.0,0.26,107.0,22.02,31.0,6.38,0.798,0.2229999999999999,22.13,11.37,14.84,26.21,37.22,15.21,63.0,0.132,18.0,28.57,7.0,11.11,0.41100000000000003,0.056999999999999995,27.93,11.79,17.11,28.9,25.33,25.0,96.0,0.188,19.0,19.79,14.0,14.58,0.5780000000000001,0.074,21.64,9.25,15.0,24.25,24.89,16.1
747022,2024-06-25,2024,671289,R,641329,R,field_out,False,False,186.0,0.224,26.0,13.98,13.0,6.99,0.646,0.11100000000000002,15.71,7.4,19.03,26.44,29.85,14.86,89.0,0.266,17.0,19.1,6.0,6.74,0.656,0.076,20.13,9.22,18.73,27.95,29.94,17.0,14.0,0.214,2.0,14.29,0.0,0.0,0.643,0.215,13.04,5.36,21.43,26.79,29.17,11.76,126.0,0.241,30.0,23.81,14.0,11.11,0.72,0.148,21.26,10.42,14.29,24.71,26.82,15.96
747022,2024-06-25,2024,671286,R,641329,R,strikeout,True,False,14.0,0.091,7.0,50.0,3.0,21.43,0.377,0.0,46.43,21.31,14.75,36.07,36.59,25.0,,,,,,,,,,,,,,,14.0,0.214,2.0,14.29,0.0,0.0,0.643,0.215,13.04,5.36,21.43,26.79,29.17,11.76,126.0,0.241,30.0,23.81,14.0,11.11,0.72,0.148,21.26,10.42,14.29,24.71,26.82,15.96
747022,2024-06-25,2024,666310,L,641329,R,field_out,False,False,146.0,0.188,51.0,34.93,11.0,7.53,0.546,0.10499999999999998,29.83,14.17,17.87,32.05,28.16,23.56,180.0,0.243,40.0,22.22,26.0,14.44,0.852,0.257,22.79,10.11,14.03,24.15,23.6,16.67,7.0,0.167,0.0,0.0,1.0,14.29,0.45299999999999996,0.0,9.52,5.71,5.71,11.43,26.67,0.0,61.0,0.143,21.0,34.43,10.0,16.39,0.507,0.081,28.46,12.73,13.45,26.18,21.05,23.86
747022,2024-06-25,2024,683002,L,658648,R,field_out,False,False,242.0,0.282,53.0,21.9,25.0,10.33,0.993,0.34700000000000003,24.71,11.19,15.03,26.23,22.43,21.72,455.0,0.272,117.0,25.71,38.0,8.35,0.885,0.277,25.57,12.07,15.7,27.78,26.4,22.35,63.0,0.132,18.0,28.57,7.0,11.11,0.41100000000000003,0.056999999999999995,27.93,11.79,17.11,28.9,25.33,25.0,96.0,0.188,19.0,19.79,14.0,14.58,0.5780000000000001,0.074,21.64,9.25,15.0,24.25,24.89,16.1
747022,2024-06-25,2024,676059,R,658648,R,walk,False,True,223.0,0.304,41.0,18.39,12.0,5.38,0.908,0.24500000000000005,26.64,13.64,15.19,28.83,31.4,15.33,146.0,0.246,33.0,22.6,8.0,5.48,0.6779999999999999,0.142,22.97,11.73,16.25,27.98,29.59,19.76,96.0,0.271,25.0,26.04,8.0,8.33,0.818,0.19999999999999996,26.79,13.12,14.87,27.99,31.67,25.25,125.0,0.262,35.0,28.0,11.0,8.8,0.743,0.131,34.03,16.36,15.35,31.72,30.53,20.0
747022,2024-06-25,2024,669720,R,658648,R,field_out,False,False,80.0,0.183,14.0,17.5,4.0,5.0,0.6000000000000001,0.15500000000000003,24.06,12.8,13.2,26.0,28.21,25.0,399.0,0.28,104.0,26.07,22.0,5.51,0.762,0.1589999999999999,29.22,13.77,18.52,32.29,31.55,22.92,96.0,0.271,25.0,26.04,8.0,8.33,0.818,0.19999999999999996,26.79,13.12,14.87,27.99,31.67,25.25,125.0,0.262,35.0,28.0,11.0,8.8,0.743,0.131,34.03,16.36,15.35,31.72,30.53,20.0
747022,2024-06-25,2024,622761,R,658648,R,field_out,False,False,91.0,0.22,20.0,21.98,4.0,4.4,0.625,0.158,24.34,12.57,15.85,28.42,32.24,16.81,214.0,0.178,59.0,27.57,13.0,6.07,0.515,0.1099999999999999,30.51,15.04,17.45,32.49,35.45,26.94,96.0,0.271,25.0,26.04,8.0,8.33,0.818,0.19999999999999996,26.79,13.12,14.87,27.99,31.67,25.25,125.0,0.262,35.0,28.0,11.0,8.8,0.743,0.131,34.03,16.36,15.35,31.72,30.53,20.0
747022,2024-06-25,2024,672356,R,641329,R,single,False,False,80.0,0.171,25.0,31.25,2.0,2.5,0.47600000000000003,0.10500000000000001,35.84,22.14,9.64,31.79,40.91,28.74,226.0,0.275,59.0,26.11,18.0,7.96,0.791,0.184,33.96,18.84,11.28,30.12,32.38,20.14,14.0,0.214,2.0,14.29,0.0,0.0,0.643,0.215,13.04,5.36,21.43,26.79,29.17,11.76,126.0,0.241,30.0,23.81,14.0,11.11,0.72,0.148,21.26,10.42,14.29,24.71,26.82,15.96
747022,2024-06-25,2024,677587,L,641329,R,field_out,False,False,160.0,0.231,23.0,14.37,20.0,12.5,0.659,0.08199999999999999,20.61,9.55,15.02,24.57,28.49,11.73,53.0,0.3,12.0,22.64,2.0,3.77,0.7010000000000001,0.08,28.07,15.31,15.79,31.1,41.59,17.39,7.0,0.167,0.0,0.0,1.0,14.29,0.45299999999999996,0.0,9.52,5.71,5.71,11.43,26.67,0.0,61.0,0.143,21.0,34.43,10.0,16.39,0.507,0.081,28.46,12.73,13.45,26.18,21.05,23.86
747022,2024-06-25,2024,680757,L,641329,R,field_out,False,False,159.0,0.376,11.0,6.92,14.0,8.81,1.042,0.22699999999999998,6.75,2.77,22.31,25.08,20.34,6.75,494.0,0.272,52.0,10.53,50.0,10.12,0.73,0.1119999999999999,10.22,4.19,22.03,26.23,20.67,8.84,7.0,0.167,0.0,0.0,1.0,14.29,0.45299999999999996,0.0,9.52,5.71,5.71,11.43,26.67,0.0,61.0,0.143,21.0,34.43,10.0,16.39,0.507,0.081,28.46,12.73,13.45,26.18,21.05,23.86
747022,2024-06-25,2024,543510,R,658648,R,field_out,False,False,61.0,0.214,12.0,19.67,4.0,6.56,0.583,0.10700000000000001,21.82,11.76,13.24,25.0,36.17,21.15,112.0,0.247,31.0,27.68,6.0,5.36,0.702,0.134,37.09,19.22,14.36,33.58,41.41,26.72,96.0,0.271,25.0,26.04,8.0,8.33,0.818,0.19999999999999996,26.79,13.12,14.87,27.99,31.67,25.25,125.0,0.262,35.0,28.0,11.0,8.8,0.743,0.131,34.03,16.36,15.35,31.72,30.53,20.0
747022,2024-06-25,2024,681297,L,658648,R,walk,False,True,185.0,0.231,50.0,27.03,19.0,10.27,0.77,0.213,31.96,14.46,16.45,30.9,24.73,24.04,68.0,0.111,20.0,29.41,12.0,17.65,0.427,0.0369999999999999,26.67,10.98,17.07,28.05,21.51,17.7,63.0,0.132,18.0,28.57,7.0,11.11,0.41100000000000003,0.056999999999999995,27.93,11.79,17.11,28.9,25.33,25.0,96.0,0.188,19.0,19.79,14.0,14.58,0.5780000000000001,0.074,21.64,9.25,15.0,24.25,24.89,16.1
747022,2024-06-25,2024,668939,L,671922,R,field_out,False,False,229.0,0.246,47.0,20.52,18.0,7.86,0.6970000000000001,0.14500000000000002,21.06,9.77,19.87,29.65,32.9,16.85,496.0,0.267,80.0,16.13,61.0,12.3,0.778,0.1519999999999999,16.76,6.91,19.7,26.61,24.41,12.54,64.0,0.158,23.0,35.94,7.0,10.94,0.513,0.10500000000000001,27.1,10.94,23.77,34.72,18.64,26.51,,,,,,,,,,,,,,
747022,2024-06-25,2024,663624,R,671922,R,single,False,False,217.0,0.269,52.0,23.96,12.0,5.53,0.777,0.199,24.2,13.31,11.9,25.21,36.76,19.77,310.0,0.235,78.0,25.16,22.0,7.1,0.6399999999999999,0.1139999999999999,29.78,16.05,13.56,29.61,37.06,21.61,71.0,0.194,25.0,35.21,2.0,2.82,0.538,0.10499999999999998,30.71,15.25,19.5,34.75,31.45,26.88,,,,,,,,,,,,,,
747022,2024-06-25,2024,623993,L,671922,R,field_out,False,False,228.0,0.221,37.0,16.23,15.0,6.58,0.776,0.274,17.14,9.24,12.98,22.22,39.72,13.17,486.0,0.26,107.0,22.02,31.0,6.38,0.798,0.2229999999999999,22.13,11.37,14.84,26.21,37.22,15.21,64.0,0.158,23.0,35.94,7.0,10.94,0.513,0.10500000000000001,27.1,10.94,23.77,34.72,18.64,26.51,,,,,,,,,,,,,,
747022,2024-06-25,2024,665926,L,663989,L,strikeout,True,False,93.0,0.267,11.0,11.83,1.0,1.08,0.6719999999999999,0.09299999999999997,20.0,11.2,14.01,25.21,37.87,9.73,197.0,0.268,26.0,13.2,8.0,4.06,0.7130000000000001,0.1169999999999999,23.63,12.79,15.07,27.86,41.69,11.02,8.0,0.143,2.0,25.0,1.0,12.5,0.393,0.0,26.67,11.76,14.71,26.47,33.33,18.18,19.0,0.167,4.0,21.05,1.0,5.26,0.433,0.0549999999999999,19.35,9.52,9.52,19.05,22.58,50.0
747022,2024-06-25,2024,608070,R,663989,L,field_out,False,False,101.0,0.348,12.0,11.88,8.0,7.92,1.005,0.261,19.47,9.81,14.85,24.67,33.51,13.48,230.0,0.243,25.0,10.87,19.0,8.26,0.766,0.219,16.06,7.21,15.81,23.02,28.33,12.18,22.0,0.19,1.0,4.55,0.0,0.0,0.42,0.04799999999999999,21.43,13.04,13.04,26.09,40.62,6.25,40.0,0.342,5.0,12.5,1.0,2.5,1.007,0.29,19.72,9.79,18.88,28.67,35.38,12.82
747022,2024-06-25,2024,681807,R,663989,L,field_out,False,False,88.0,0.349,18.0,20.45,20.0,22.73,1.19,0.31800000000000006,26.67,10.72,15.28,26.01,16.41,16.98,51.0,0.227,11.0,21.57,5.0,9.8,0.742,0.1819999999999999,25.66,14.43,11.94,26.37,40.95,15.07,22.0,0.19,1.0,4.55,0.0,0.0,0.42,0.04799999999999999,21.43,13.04,13.04,26.09,40.62,6.25,40.0,0.342,5.0,12.5,1.0,2.5,1.007,0.29,19.72,9.79,18.88,28.67,35.38,12.82
747022,2024-06-25,2024,683002,L,671922,R,single,False,False,242.0,0.282,53.0,21.9,25.0,10.33,0.993,0.34700000000000003,24.71,11.19,15.03,26.23,22.43,21.72,455.0,0.272,117.0,25.71,38.0,8.35,0.885,0.277,25.57,12.07,15.7,27.78,26.4,22.35,64.0,0.158,23.0,35.94,7.0,10.94,0.513,0.10500000000000001,27.1,10.94,23.77,34.72,18.64,26.51,,,,,,,,,,,,,,
747022,2024-06-25,2024,676059,R,671922,R,single,False,False,223.0,0.304,41.0,18.39,12.0,5.38,0.908,0.24500000000000005,26.64,13.64,15.19,28.83,31.4,15.33,146.0,0.246,33.0,22.6,8.0,5.48,0.6779999999999999,0.142,22.97,11.73,16.25,27.98,29.59,19.76,71.0,0.194,25.0,35.21,2.0,2.82,0.538,0.10499999999999998,30.71,15.25,19.5,34.75,31.45,26.88,,,,,,,,,,,,,,
747022,2024-06-25,2024,656811,L,605130,R,walk,False,True,216.0,0.294,23.0,10.65,18.0,8.33,0.834,0.188,18.28,8.19,17.0,25.19,22.92,12.04,340.0,0.297,74.0,21.76,13.0,3.82,0.802,0.178,22.26,11.29,14.37,25.66,31.15,17.72,56.0,0.149,20.0,35.71,7.0,12.5,0.545,0.12800000000000003,34.69,13.71,18.55,32.26,26.53,27.78,145.0,0.279,34.0,23.45,16.0,11.03,0.798,0.1469999999999999,26.64,11.44,18.74,30.18,30.91,18.78
747022,2024-06-25,2024,677008,L,605130,R,strikeout,True,False,21.0,0.222,6.0,28.57,2.0,9.52,0.611,0.05600000000000002,32.14,19.35,9.68,29.03,38.64,18.18,32.0,0.241,10.0,31.25,2.0,6.25,0.7729999999999999,0.242,36.84,17.36,19.01,36.36,35.94,29.41,56.0,0.149,20.0,35.71,7.0,12.5,0.545,0.12800000000000003,34.69,13.71,18.55,32.26,26.53,27.78,145.0,0.279,34.0,23.45,16.0,11.03,0.798,0.1469999999999999,26.64,11.44,18.74,30.18,30.91,18.78
747022,2024-06-25,2024,543510,R,605130,R,field_out,False,False,61.0,0.214,12.0,19.67,4.0,6.56,0.583,0.10700000000000001,21.82,11.76,13.24,25.0,36.17,21.15,112.0,0.247,31.0,27.68,6.0,5.36,0.702,0.134,37.09,19.22,14.36,33.58,41.41,26.72,80.0,0.261,24.0,30.0,10.0,12.5,0.7989999999999999,0.188,40.27,18.18,15.76,33.94,32.11,24.0,154.0,0.208,45.0,29.22,18.0,11.69,0.5569999999999999,0.046,35.85,15.68,19.97,35.64,29.91,24.19
747022,2024-06-25,2024,681297,L,656529,L,field_out,False,False,61.0,0.208,24.0,39.34,4.0,6.56,0.623,0.13200000000000003,35.24,14.57,21.26,35.83,19.35,28.57,9.0,0.143,2.0,22.22,1.0,11.11,0.476,0.0,25.0,8.11,27.03,35.14,15.79,18.18,19.0,0.222,6.0,31.58,0.0,0.0,0.666,0.222,29.03,14.06,26.56,40.62,37.04,28.57,81.0,0.28,19.0,23.46,5.0,6.17,0.7210000000000001,0.12,24.82,11.6,16.72,28.33,29.05,30.16
747022,2024-06-25,2024,671289,R,666974,R,single,False,False,186.0,0.224,26.0,13.98,13.0,6.99,0.646,0.11100000000000002,15.71,7.4,19.03,26.44,29.85,14.86,89.0,0.266,17.0,19.1,6.0,6.74,0.656,0.076,20.13,9.22,18.73,27.95,29.94,17.0,89.0,0.221,27.0,30.34,11.0,12.36,0.69,0.143,31.87,15.22,16.01,31.23,34.18,19.85,173.0,0.202,45.0,26.01,6.0,3.47,0.5569999999999999,0.1109999999999999,25.79,12.87,18.68,31.55,32.06,21.84
747022,2024-06-25,2024,682177,L,666974,R,field_out,False,False,37.0,0.281,8.0,21.62,5.0,13.51,0.878,0.21899999999999997,22.22,9.79,16.78,26.57,17.95,22.22,,,,,,,,,,,,,,,44.0,0.225,5.0,11.36,4.0,9.09,0.6950000000000001,0.17500000000000002,32.14,16.36,9.09,25.45,35.35,12.2,110.0,0.262,20.0,18.18,7.0,6.36,0.6679999999999999,0.0969999999999999,25.13,12.66,12.14,24.81,32.71,22.22
747022,2024-06-25,2024,666310,L,666974,R,triple,False,False,146.0,0.188,51.0,34.93,11.0,7.53,0.546,0.10499999999999998,29.83,14.17,17.87,32.05,28.16,23.56,180.0,0.243,40.0,22.22,26.0,14.44,0.852,0.257,22.79,10.11,14.03,24.15,23.6,16.67,44.0,0.225,5.0,11.36,4.0,9.09,0.6950000000000001,0.17500000000000002,32.14,16.36,9.09,25.45,35.35,12.2,110.0,0.262,20.0,18.18,7.0,6.36,0.6679999999999999,0.0969999999999999,25.13,12.66,12.14,24.81,32.71,22.22
747022,2024-06-25,2024,672356,R,666974,R,single,False,False,80.0,0.171,25.0,31.25,2.0,2.5,0.47600000000000003,0.10500000000000001,35.84,22.14,9.64,31.79,40.91,28.74,226.0,0.275,59.0,26.11,18.0,7.96,0.791,0.184,33.96,18.84,11.28,30.12,32.38,20.14,89.0,0.221,27.0,30.34,11.0,12.36,0.69,0.143,31.87,15.22,16.01,31.23,34.18,19.85,173.0,0.202,45.0,26.01,6.0,3.47,0.5569999999999999,0.1109999999999999,25.79,12.87,18.68,31.55,32.06,21.84
747022,2024-06-25,2024,677587,L,666974,R,field_out,False,False,160.0,0.231,23.0,14.37,20.0,12.5,0.659,0.08199999999999999,20.61,9.55,15.02,24.57,28.49,11.73,53.0,0.3,12.0,22.64,2.0,3.77,0.7010000000000001,0.08,28.07,15.31,15.79,31.1,41.59,17.39,44.0,0.225,5.0,11.36,4.0,9.09,0.6950000000000001,0.17500000000000002,32.14,16.36,9.09,25.45,35.35,12.2,110.0,0.262,20.0,18.18,7.0,6.36,0.6679999999999999,0.0969999999999999,25.13,12.66,12.14,24.81,32.71,22.22
747022,2024-06-25,2024,680757,L,666974,R,caught_stealing_2b,False,False,159.0,0.376,11.0,6.92,14.0,8.81,1.042,0.22699999999999998,6.75,2.77,22.31,25.08,20.34,6.75,494.0,0.272,52.0,10.53,50.0,10.12,0.73,0.1119999999999999,10.22,4.19,22.03,26.23,20.67,8.84,44.0,0.225,5.0,11.36,4.0,9.09,0.6950000000000001,0.17500000000000002,32.14,16.36,9.09,25.45,35.35,12.2,110.0,0.262,20.0,18.18,7.0,6.36,0.6679999999999999,0.0969999999999999,25.13,12.66,12.14,24.81,32.71,22.22
747022,2024-06-25,2024,668939,R,656529,L,single,False,False,104.0,0.418,14.0,13.46,6.0,5.77,1.115,0.24500000000000005,18.29,7.69,22.12,29.81,24.14,12.96,191.0,0.304,21.0,10.99,31.0,16.23,0.895,0.177,12.46,4.9,20.56,25.46,20.79,8.71,44.0,0.122,13.0,29.55,3.0,6.82,0.353,0.049000000000000016,31.33,15.12,18.02,33.14,31.11,24.53,142.0,0.248,37.0,26.06,13.0,9.15,0.619,0.0539999999999999,28.86,12.59,20.21,32.8,25.09,22.84
747022,2024-06-25,2024,663624,R,656529,L,grounded_into_double_play,False,False,89.0,0.293,15.0,16.85,7.0,7.87,0.824,0.183,20.62,11.53,12.1,23.63,38.51,14.56,161.0,0.338,29.0,18.01,15.0,9.32,1.053,0.317,25.46,14.21,11.82,26.03,41.95,16.86,44.0,0.122,13.0,29.55,3.0,6.82,0.353,0.049000000000000016,31.33,15.12,18.02,33.14,31.11,24.53,142.0,0.248,37.0,26.06,13.0,9.15,0.619,0.0539999999999999,28.86,12.59,20.21,32.8,25.09,22.84
747022,2024-06-25,2024,623993,R,656529,L,home_run,False,False,85.0,0.264,20.0,23.53,9.0,10.59,0.879,0.25,28.97,12.5,19.64,32.14,26.51,20.83,170.0,0.25,45.0,26.47,24.0,14.12,0.7909999999999999,0.188,28.15,11.77,18.98,30.75,26.34,19.31,44.0,0.122,13.0,29.55,3.0,6.82,0.353,0.049000000000000016,31.33,15.12,18.02,33.14,31.11,24.53,142.0,0.248,37.0,26.06,13.0,9.15,0.619,0.0539999999999999,28.86,12.59,20.21,32.8,25.09,22.84
747022,2024-06-25,2024,683002,L,656529,L,walk,False,True,111.0,0.27,30.0,27.03,18.0,16.22,0.922,0.247,29.55,11.5,18.81,30.31,17.9,23.44,167.0,0.209,42.0,25.15,18.0,10.78,0.617,0.115,28.77,12.92,19.54,32.46,27.19,20.79,19.0,0.222,6.0,31.58,0.0,0.0,0.666,0.222,29.03,14.06,26.56,40.62,37.04,28.57,81.0,0.28,19.0,23.46,5.0,6.17,0.7210000000000001,0.12,24.82,11.6,16.72,28.33,29.05,30.16
747022,2024-06-25,2024,676059,R,656529,L,single,False,False,76.0,0.197,24.0,31.58,4.0,5.26,0.634,0.197,37.09,18.86,14.48,33.33,30.41,26.97,82.0,0.284,23.0,28.05,8.0,9.76,0.786,0.148,32.37,14.29,17.14,31.43,25.99,24.21,44.0,0.122,13.0,29.55,3.0,6.82,0.353,0.049000000000000016,31.33,15.12,18.02,33.14,31.11,24.53,142.0,0.248,37.0,26.06,13.0,9.15,0.619,0.0539999999999999,28.86,12.59,20.21,32.8,25.09,22.84
747022,2024-06-25,2024,656811,L,656529,L,strikeout,True,False,13.0,0.154,0.0,0.0,0.0,0.0,0.308,0.0,26.92,15.56,20.0,35.56,47.62,0.0,29.0,0.192,8.0,27.59,2.0,6.9,0.788,0.346,34.43,16.41,14.84,31.25,27.94,16.0,19.0,0.222,6.0,31.58,0.0,0.0,0.666,0.222,29.03,14.06,26.56,40.62,37.04,28.57,81.0,0.28,19.0,23.46,5.0,6.17,0.7210000000000001,0.12,24.82,11.6,16.72,28.33,29.05,30.16
747022,2024-06-25,2024,680757,L,622253,R,field_out,False,False,159.0,0.376,11.0,6.92,14.0,8.81,1.042,0.22699999999999998,6.75,2.77,22.31,25.08,20.34,6.75,494.0,0.272,52.0,10.53,50.0,10.12,0.73,0.1119999999999999,10.22,4.19,22.03,26.23,20.67,8.84,32.0,0.259,2.0,6.25,4.0,12.5,0.788,0.185,16.33,7.41,12.04,19.44,28.33,13.33,,,,,,,,,,,,,,
747022,2024-06-25,2024,665926,L,622253,R,field_out,False,False,215.0,0.245,32.0,14.88,13.0,6.05,0.6539999999999999,0.09899999999999998,25.11,13.74,12.2,25.95,35.8,12.02,419.0,0.243,86.0,20.53,24.0,5.73,0.712,0.162,26.46,14.29,12.8,27.09,38.97,17.27,32.0,0.259,2.0,6.25,4.0,12.5,0.788,0.185,16.33,7.41,12.04,19.44,28.33,13.33,,,,,,,,,,,,,,
747022,2024-06-25,2024,608070,L,622253,R,strikeout,True,False,220.0,0.244,26.0,11.82,17.0,7.73,0.8069999999999999,0.258,13.88,6.81,13.62,20.43,31.04,9.12,461.0,0.302,48.0,10.41,54.0,11.71,0.863,0.179,15.4,6.98,13.91,20.89,28.02,10.17,32.0,0.259,2.0,6.25,4.0,12.5,0.788,0.185,16.33,7.41,12.04,19.44,28.33,13.33,,,,,,,,,,,,,,
747022,2024-06-25,2024,602104,R,661403,R,strikeout,True,False,91.0,0.256,14.0,15.38,4.0,4.4,0.739,0.186,28.05,13.73,14.33,28.06,27.06,15.22,272.0,0.274,72.0,26.47,17.0,6.25,0.726,0.1169999999999999,29.67,14.82,16.24,31.07,27.7,24.41,65.0,0.233,16.0,24.62,2.0,3.08,0.5940000000000001,0.08399999999999999,28.17,15.33,12.64,27.97,29.92,18.18,151.0,0.232,22.0,14.57,6.0,3.97,0.5980000000000001,0.106,27.57,16.05,13.35,29.4,33.82,15.38
747022,2024-06-25,2024,656775,L,661403,R,double,False,False,183.0,0.226,43.0,23.5,12.0,6.56,0.668,0.167,19.43,10.09,14.09,24.18,28.88,21.18,336.0,0.233,77.0,22.92,31.0,9.23,0.726,0.1889999999999999,26.24,13.25,14.23,27.48,28.99,18.95,71.0,0.088,22.0,30.99,2.0,2.82,0.23199999999999998,0.03,28.77,16.09,18.39,34.48,47.54,24.44,151.0,0.252,42.0,27.81,10.0,6.62,0.622,0.065,27.27,13.15,15.91,29.06,28.67,22.58
747022,2024-06-25,2024,681297,L,661403,R,field_out,False,False,185.0,0.231,50.0,27.03,19.0,10.27,0.77,0.213,31.96,14.46,16.45,30.9,24.73,24.04,68.0,0.111,20.0,29.41,12.0,17.65,0.427,0.0369999999999999,26.67,10.98,17.07,28.05,21.51,17.7,71.0,0.088,22.0,30.99,2.0,2.82,0.23199999999999998,0.03,28.77,16.09,18.39,34.48,47.54,24.44,151.0,0.252,42.0,27.81,10.0,6.62,0.622,0.065,27.27,13.15,15.91,29.06,28.67,22.58
747022,2024-06-25,2024,668939,L,661403,R,field_out,False,False,229.0,0.246,47.0,20.52,18.0,7.86,0.6970000000000001,0.14500000000000002,21.06,9.77,19.87,29.65,32.9,16.85,496.0,0.267,80.0,16.13,61.0,12.3,0.778,0.1519999999999999,16.76,6.91,19.7,26.61,24.41,12.54,71.0,0.088,22.0,30.99,2.0,2.82,0.23199999999999998,0.03,28.77,16.09,18.39,34.48,47.54,24.44,151.0,0.252,42.0,27.81,10.0,6.62,0.622,0.065,27.27,13.15,15.91,29.06,28.67,22.58
745323,2024-06-25,2024,663538,R,669062,L,field_out,False,False,56.0,0.245,8.0,14.29,6.0,10.71,0.645,0.061,16.67,7.88,17.73,25.62,35.71,14.81,180.0,0.306,20.0,11.11,9.0,5.0,0.756,0.1059999999999999,10.25,4.9,18.57,23.48,32.13,11.7,94.0,0.238,21.0,22.34,9.0,9.57,0.7969999999999999,0.25,29.02,13.66,14.88,28.54,25.85,15.0,,,,,,,,,,,,,,
745323,2024-06-25,2024,673548,R,669062,L,walk,False,True,63.0,0.226,11.0,17.46,9.0,14.29,0.764,0.18899999999999997,20.19,7.92,20.38,28.3,17.97,12.79,168.0,0.306,28.0,16.67,18.0,10.71,0.852,0.1659999999999999,13.89,5.59,20.11,25.7,20.92,12.39,94.0,0.238,21.0,22.34,9.0,9.57,0.7969999999999999,0.25,29.02,13.66,14.88,28.54,25.85,15.0,,,,,,,,,,,,,,
745323,2024-06-25,2024,641355,L,669062,L,field_out,False,False,84.0,0.354,10.0,11.9,1.0,1.19,0.845,0.134,19.73,10.62,17.58,28.21,39.5,14.29,183.0,0.337,29.0,15.85,13.0,7.1,0.984,0.2589999999999999,20.0,9.84,17.49,27.32,33.33,11.98,53.0,0.14,19.0,35.85,9.0,16.98,0.488,0.045999999999999985,34.12,12.13,21.34,33.47,19.38,22.5,,,,,,,,,,,,,,
745323,2024-06-25,2024,666624,R,669062,L,pickoff_caught_stealing_2b,False,False,76.0,0.194,14.0,18.42,9.0,11.84,0.7030000000000001,0.193,25.2,11.48,14.44,25.93,25.55,18.18,101.0,0.25,28.0,27.72,9.0,8.91,0.893,0.3259999999999999,32.8,15.98,13.4,29.38,27.23,25.23,94.0,0.238,21.0,22.34,9.0,9.57,0.7969999999999999,0.25,29.02,13.66,14.88,28.54,25.85,15.0,,,,,,,,,,,,,,
745323,2024-06-25,2024,596103,R,657006,L,strikeout,True,False,69.0,0.179,19.0,27.54,10.0,14.49,0.498,0.0,28.68,12.37,16.72,29.1,17.01,18.63,147.0,0.288,40.0,27.21,13.0,8.84,0.8,0.151,27.27,11.44,19.76,31.2,22.15,21.51,221.0,0.225,53.0,23.98,12.0,5.43,0.658,0.162,23.56,12.11,17.06,29.17,30.0,22.27,576.0,0.247,134.0,23.26,28.0,4.86,0.637,0.0989999999999999,22.7,12.17,14.45,26.62,32.3,19.88
745323,2024-06-25,2024,671218,R,657006,L,single,False,False,52.0,0.436,10.0,19.23,11.0,21.15,1.5070000000000001,0.5129999999999999,26.83,12.99,9.45,22.44,22.66,11.24,46.0,0.186,16.0,34.78,3.0,6.52,0.588,0.1629999999999999,32.35,16.67,13.64,30.3,30.21,23.53,221.0,0.225,53.0,23.98,12.0,5.43,0.658,0.162,23.56,12.11,17.06,29.17,30.0,22.27,576.0,0.247,134.0,23.26,28.0,4.86,0.637,0.0989999999999999,22.7,12.17,14.45,26.62,32.3,19.88
745323,2024-06-25,2024,527038,R,657006,L,field_out,False,False,99.0,0.218,12.0,12.12,8.0,8.08,0.632,0.13799999999999998,12.35,5.47,19.01,24.48,26.83,11.54,182.0,0.303,28.0,15.38,14.0,7.69,0.886,0.224,17.07,7.55,21.16,28.71,29.47,12.17,221.0,0.225,53.0,23.98,12.0,5.43,0.658,0.162,23.56,12.11,17.06,29.17,30.0,22.27,576.0,0.247,134.0,23.26,28.0,4.86,0.637,0.0989999999999999,22.7,12.17,14.45,26.62,32.3,19.88
745323,2024-06-25,2024,624585,R,657006,L,field_out,False,False,80.0,0.232,21.0,26.25,9.0,11.25,0.744,0.17400000000000002,31.76,14.83,14.83,29.65,30.51,22.83,135.0,0.277,30.0,22.22,20.0,14.81,1.081,0.4109999999999999,26.29,11.6,16.16,27.76,25.27,18.75,221.0,0.225,53.0,23.98,12.0,5.43,0.658,0.162,23.56,12.11,17.06,29.17,30.0,22.27,576.0,0.247,134.0,23.26,28.0,4.86,0.637,0.0989999999999999,22.7,12.17,14.45,26.62,32.3,19.88
745323,2024-06-25,2024,666624,R,702352,R,field_out,False,False,246.0,0.207,56.0,22.76,27.0,10.98,0.696,0.18700000000000003,29.89,13.56,14.81,28.36,24.66,20.66,329.0,0.247,105.0,31.91,27.0,8.21,0.798,0.239,38.21,19.07,13.74,32.81,29.43,27.56,19.0,0.118,6.0,31.58,2.0,10.53,0.505,0.176,23.08,10.34,21.84,32.18,33.33,15.38,,,,,,,,,,,,,,
745323,2024-06-25,2024,664023,L,702352,R,walk,False,True,237.0,0.226,69.0,29.11,33.0,13.92,0.7350000000000001,0.166,27.85,12.31,16.38,28.68,22.24,20.12,502.0,0.258,109.0,21.71,80.0,15.94,0.831,0.192,25.86,11.22,15.24,26.46,20.31,17.34,14.0,0.333,4.0,28.57,2.0,14.29,1.346,0.5840000000000001,31.58,11.11,20.37,31.48,18.75,33.33,,,,,,,,,,,,,,
745323,2024-06-25,2024,621020,R,702352,R,walk,False,True,210.0,0.221,56.0,26.67,18.0,8.57,0.6579999999999999,0.147,31.36,14.89,15.36,30.25,23.9,22.05,478.0,0.244,111.0,23.22,49.0,10.25,0.734,0.161,28.04,13.13,15.12,28.26,23.34,18.66,19.0,0.118,6.0,31.58,2.0,10.53,0.505,0.176,23.08,10.34,21.84,32.18,33.33,15.38,,,,,,,,,,,,,,
745323,2024-06-25,2024,683737,L,702352,R,strikeout,True,False,226.0,0.25,78.0,34.51,29.0,12.83,0.798,0.198,34.12,15.15,15.57,30.72,24.25,25.49,66.0,0.158,21.0,31.82,8.0,12.12,0.556,0.1399999999999999,29.79,14.48,13.45,27.93,28.39,21.0,14.0,0.333,4.0,28.57,2.0,14.29,1.346,0.5840000000000001,31.58,11.11,20.37,31.48,18.75,33.33,,,,,,,,,,,,,,
745323,2024-06-25,2024,621512,R,702352,R,strikeout,True,False,60.0,0.254,11.0,18.33,1.0,1.67,0.708,0.187,30.47,18.31,11.74,30.05,38.61,16.42,35.0,0.121,9.0,25.71,1.0,2.86,0.268,0.0,35.82,22.22,12.04,34.26,50.91,34.62,19.0,0.118,6.0,31.58,2.0,10.53,0.505,0.176,23.08,10.34,21.84,32.18,33.33,15.38,,,,,,,,,,,,,,
745323,2024-06-25,2024,656305,R,657006,L,strikeout,True,False,87.0,0.325,16.0,18.39,10.0,11.49,0.973,0.24599999999999994,16.0,7.53,15.59,23.12,25.56,13.33,113.0,0.307,26.0,23.01,10.0,8.85,0.89,0.208,30.77,13.88,17.35,31.24,20.45,17.81,221.0,0.225,53.0,23.98,12.0,5.43,0.658,0.162,23.56,12.11,17.06,29.17,30.0,22.27,576.0,0.247,134.0,23.26,28.0,4.86,0.637,0.0989999999999999,22.7,12.17,14.45,26.62,32.3,19.88
745323,2024-06-25,2024,642731,R,657006,L,field_out,False,False,81.0,0.211,15.0,18.52,4.0,4.94,0.589,0.13100000000000003,19.72,10.37,17.41,27.78,34.53,22.06,150.0,0.257,36.0,24.0,7.0,4.67,0.643,0.079,21.99,10.73,18.17,28.89,37.46,20.57,221.0,0.225,53.0,23.98,12.0,5.43,0.658,0.162,23.56,12.11,17.06,29.17,30.0,22.27,576.0,0.247,134.0,23.26,28.0,4.86,0.637,0.0989999999999999,22.7,12.17,14.45,26.62,32.3,19.88
745323,2024-06-25,2024,682641,R,657006,L,field_out,False,False,24.0,0.19,5.0,20.83,2.0,8.33,0.631,0.191,14.81,8.25,13.4,21.65,36.36,14.71,99.0,0.31,10.0,10.1,12.0,12.12,0.825,0.1069999999999999,11.64,4.94,17.44,22.38,22.04,14.71,221.0,0.225,53.0,23.98,12.0,5.43,0.658,0.162,23.56,12.11,17.06,29.17,30.0,22.27,576.0,0.247,134.0,23.26,28.0,4.86,0.637,0.0989999999999999,22.7,12.17,14.45,26.62,32.3,19.88
745323,2024-06-25,2024,691718,L,702352,R,field_out,False,False,105.0,0.211,28.0,26.67,5.0,4.76,0.581,0.11500000000000002,26.25,15.79,10.28,26.07,41.29,19.31,15.0,0.0,6.0,40.0,2.0,13.33,0.154,0.0,44.44,26.67,8.33,35.0,23.08,27.27,14.0,0.333,4.0,28.57,2.0,14.29,1.346,0.5840000000000001,31.58,11.11,20.37,31.48,18.75,33.33,,,,,,,,,,,,,,
745323,2024-06-25,2024,663538,R,702352,R,field_out,False,False,237.0,0.24,23.0,9.7,22.0,9.28,0.661,0.09200000000000003,12.53,5.67,21.06,26.74,30.51,9.5,508.0,0.274,63.0,12.4,40.0,7.87,0.72,0.0979999999999999,13.4,6.0,20.67,26.67,29.91,12.21,19.0,0.118,6.0,31.58,2.0,10.53,0.505,0.176,23.08,10.34,21.84,32.18,33.33,15.38,,,,,,,,,,,,,,
745323,2024-06-25,2024,673548,R,702352,R,strikeout,True,False,170.0,0.276,51.0,30.0,11.0,6.47,0.782,0.17099999999999999,26.88,10.74,21.78,32.52,22.97,21.89,419.0,0.278,102.0,24.34,41.0,9.79,0.839,0.2129999999999999,24.3,9.93,20.44,30.37,19.3,20.2,19.0,0.118,6.0,31.58,2.0,10.53,0.505,0.176,23.08,10.34,21.84,32.18,33.33,15.38,,,,,,,,,,,,,,
745323,2024-06-25,2024,592200,R,657006,L,field_out,False,False,24.0,0.227,3.0,12.5,2.0,8.33,0.61,0.091,11.76,4.71,18.82,23.53,15.38,18.75,33.0,0.185,5.0,15.15,5.0,15.15,0.534,0.037,20.59,9.79,11.19,20.98,18.06,8.47,221.0,0.225,53.0,23.98,12.0,5.43,0.658,0.162,23.56,12.11,17.06,29.17,30.0,22.27,576.0,0.247,134.0,23.26,28.0,4.86,0.637,0.0989999999999999,22.7,12.17,14.45,26.62,32.3,19.88
745323,2024-06-25,2024,605113,R,657006,L,strikeout,True,False,55.0,0.347,8.0,14.55,5.0,9.09,0.869,0.122,19.59,10.22,14.52,24.73,27.5,21.05,122.0,0.155,28.0,22.95,6.0,4.92,0.404,0.0519999999999999,27.59,14.1,16.52,30.62,34.51,20.74,221.0,0.225,53.0,23.98,12.0,5.43,0.658,0.162,23.56,12.11,17.06,29.17,30.0,22.27,576.0,0.247,134.0,23.26,28.0,4.86,0.637,0.0989999999999999,22.7,12.17,14.45,26.62,32.3,19.88
745323,2024-06-25,2024,596103,R,657006,L,field_out,False,False,69.0,0.179,19.0,27.54,10.0,14.49,0.498,0.0,28.68,12.37,16.72,29.1,17.01,18.63,147.0,0.288,40.0,27.21,13.0,8.84,0.8,0.151,27.27,11.44,19.76,31.2,22.15,21.51,221.0,0.225,53.0,23.98,12.0,5.43,0.658,0.162,23.56,12.11,17.06,29.17,30.0,22.27,576.0,0.247,134.0,23.26,28.0,4.86,0.637,0.0989999999999999,22.7,12.17,14.45,26.62,32.3,19.88
745323,2024-06-25,2024,641355,L,670103,L,single,False,False,84.0,0.354,10.0,11.9,1.0,1.19,0.845,0.134,19.73,10.62,17.58,28.21,39.5,14.29,183.0,0.337,29.0,15.85,13.0,7.1,0.984,0.2589999999999999,20.0,9.84,17.49,27.32,33.33,11.98,3.0,0.667,0.0,0.0,0.0,0.0,1.334,0.0,0.0,0.0,14.29,14.29,25.0,,,,,,,,,,,,,,,
745323,2024-06-25,2024,666624,R,670103,L,single,False,False,76.0,0.194,14.0,18.42,9.0,11.84,0.7030000000000001,0.193,25.2,11.48,14.44,25.93,25.55,18.18,101.0,0.25,28.0,27.72,9.0,8.91,0.893,0.3259999999999999,32.8,15.98,13.4,29.38,27.23,25.23,4.0,0.333,1.0,25.0,1.0,25.0,0.833,0.0,20.0,11.11,0.0,11.11,36.36,33.33,,,,,,,,,,,,,,
745323,2024-06-25,2024,664023,R,670103,L,walk,False,True,71.0,0.238,16.0,22.54,6.0,8.45,0.743,0.191,30.22,15.27,14.18,29.45,26.15,17.58,191.0,0.225,44.0,23.04,19.0,9.95,0.694,0.16,24.04,11.18,15.63,26.81,29.29,17.32,4.0,0.333,1.0,25.0,1.0,25.0,0.833,0.0,20.0,11.11,0.0,11.11,36.36,33.33,,,,,,,,,,,,,,
745323,2024-06-25,2024,621020,R,670103,L,field_out,False,False,54.0,0.213,12.0,22.22,6.0,11.11,0.7190000000000001,0.19100000000000003,27.08,12.38,11.9,24.29,20.0,24.0,161.0,0.245,43.0,26.71,17.0,10.56,0.771,0.203,30.48,14.79,13.87,28.66,24.48,20.28,4.0,0.333,1.0,25.0,1.0,25.0,0.833,0.0,20.0,11.11,0.0,11.11,36.36,33.33,,,,,,,,,,,,,,
745323,2024-06-25,2024,683737,L,670103,L,single,False,False,30.0,0.321,6.0,20.0,2.0,6.67,0.831,0.14300000000000002,20.69,9.76,17.89,27.64,25.0,14.63,15.0,0.2,6.0,40.0,0.0,0.0,0.467,0.067,32.14,14.06,18.75,32.81,34.21,31.58,3.0,0.667,0.0,0.0,0.0,0.0,1.334,0.0,0.0,0.0,14.29,14.29,25.0,,,,,,,,,,,,,,,
745323,2024-06-25,2024,621512,R,670103,L,strikeout,True,False,39.0,0.152,13.0,33.33,3.0,7.69,0.398,0.03,43.68,25.33,10.0,35.33,41.67,25.0,26.0,0.13,9.0,34.62,1.0,3.85,0.297,0.0,33.93,20.88,6.59,27.47,52.73,29.03,4.0,0.333,1.0,25.0,1.0,25.0,0.833,0.0,20.0,11.11,0.0,11.11,36.36,33.33,,,,,,,,,,,,,,
745323,2024-06-25,2024,691718,L,670103,L,field_out,False,False,17.0,0.188,5.0,29.41,0.0,0.0,0.423,0.0,36.0,20.93,20.93,41.86,50.0,50.0,4.0,0.0,1.0,25.0,1.0,25.0,0.25,0.0,33.33,7.69,30.77,38.46,0.0,50.0,3.0,0.667,0.0,0.0,0.0,0.0,1.334,0.0,0.0,0.0,14.29,14.29,25.0,,,,,,,,,,,,,,,
745323,2024-06-25,2024,671218,R,657006,L,strikeout,True,False,52.0,0.436,10.0,19.23,11.0,21.15,1.5070000000000001,0.5129999999999999,26.83,12.99,9.45,22.44,22.66,11.24,46.0,0.186,16.0,34.78,3.0,6.52,0.588,0.1629999999999999,32.35,16.67,13.64,30.3,30.21,23.53,221.0,0.225,53.0,23.98,12.0,5.43,0.658,0.162,23.56,12.11,17.06,29.17,30.0,22.27,576.0,0.247,134.0,23.26,28.0,4.86,0.637,0.0989999999999999,22.7,12.17,14.45,26.62,32.3,19.88
745323,2024-06-25,2024,527038,R,657006,L,field_out,False,False,99.0,0.218,12.0,12.12,8.0,8.08,0.632,0.13799999999999998,12.35,5.47,19.01,24.48,26.83,11.54,182.0,0.303,28.0,15.38,14.0,7.69,0.886,0.224,17.07,7.55,21.16,28.71,29.47,12.17,221.0,0.225,53.0,23.98,12.0,5.43,0.658,0.162,23.56,12.11,17.06,29.17,30.0,22.27,576.0,0.247,134.0,23.26,28.0,4.86,0.637,0.0989999999999999,22.7,12.17,14.45,26.62,32.3,19.88
745323,2024-06-25,2024,624585,R,657006,L,field_out,False,False,80.0,0.232,21.0,26.25,9.0,11.25,0.744,0.17400000000000002,31.76,14.83,14.83,29.65,30.51,22.83,135.0,0.277,30.0,22.22,20.0,14.81,1.081,0.4109999999999999,26.29,11.6,16.16,27.76,25.27,18.75,221.0,0.225,53.0,23.98,12.0,5.43,0.658,0.162,23.56,12.11,17.06,29.17,30.0,22.27,576.0,0.247,134.0,23.26,28.0,4.86,0.637,0.0989999999999999,22.7,12.17,14.45,26.62,32.3,19.88
745323,2024-06-25,2024,663538,R,592426,R,walk,False,True,237.0,0.24,23.0,9.7,22.0,9.28,0.661,0.09200000000000003,12.53,5.67,21.06,26.74,30.51,9.5,508.0,0.274,63.0,12.4,40.0,7.87,0.72,0.0979999999999999,13.4,6.0,20.67,26.67,29.91,12.21,63.0,0.25,13.0,20.63,5.0,7.94,0.627,0.05399999999999999,24.79,12.66,14.77,27.43,34.43,15.29,98.0,0.182,31.0,31.63,9.0,9.18,0.5720000000000001,0.125,28.42,13.83,13.83,27.66,29.59,25.2
745323,2024-06-25,2024,673548,R,592426,R,single,False,False,170.0,0.276,51.0,30.0,11.0,6.47,0.782,0.17099999999999999,26.88,10.74,21.78,32.52,22.97,21.89,419.0,0.278,102.0,24.34,41.0,9.79,0.839,0.2129999999999999,24.3,9.93,20.44,30.37,19.3,20.2,63.0,0.25,13.0,20.63,5.0,7.94,0.627,0.05399999999999999,24.79,12.66,14.77,27.43,34.43,15.29,98.0,0.182,31.0,31.63,9.0,9.18,0.5720000000000001,0.125,28.42,13.83,13.83,27.66,29.59,25.2
745323,2024-06-25,2024,641355,L,592426,R,single,False,False,199.0,0.234,36.0,18.09,21.0,10.55,0.733,0.17699999999999996,25.54,12.79,13.2,25.99,32.51,18.56,373.0,0.291,58.0,15.55,27.0,7.24,0.829,0.198,20.08,10.01,15.91,25.92,29.71,13.74,46.0,0.378,7.0,15.22,8.0,17.39,1.073,0.21699999999999997,26.83,12.29,14.53,26.82,31.37,14.0,45.0,0.263,12.0,26.67,6.0,13.33,0.7769999999999999,0.1579999999999999,35.14,16.15,16.15,32.3,28.21,26.09
745323,2024-06-25,2024,666624,R,592426,R,walk,False,True,246.0,0.207,56.0,22.76,27.0,10.98,0.696,0.18700000000000003,29.89,13.56,14.81,28.36,24.66,20.66,329.0,0.247,105.0,31.91,27.0,8.21,0.798,0.239,38.21,19.07,13.74,32.81,29.43,27.56,63.0,0.25,13.0,20.63,5.0,7.94,0.627,0.05399999999999999,24.79,12.66,14.77,27.43,34.43,15.29,98.0,0.182,31.0,31.63,9.0,9.18,0.5720000000000001,0.125,28.42,13.83,13.83,27.66,29.59,25.2
745323,2024-06-25,2024,664023,L,592426,R,force_out,False,False,237.0,0.226,69.0,29.11,33.0,13.92,0.7350000000000001,0.166,27.85,12.31,16.38,28.68,22.24,20.12,502.0,0.258,109.0,21.71,80.0,15.94,0.831,0.192,25.86,11.22,15.24,26.46,20.31,17.34,46.0,0.378,7.0,15.22,8.0,17.39,1.073,0.21699999999999997,26.83,12.29,14.53,26.82,31.37,14.0,45.0,0.263,12.0,26.67,6.0,13.33,0.7769999999999999,0.1579999999999999,35.14,16.15,16.15,32.3,28.21,26.09
745323,2024-06-25,2024,621020,R,592426,R,double,False,False,210.0,0.221,56.0,26.67,18.0,8.57,0.6579999999999999,0.147,31.36,14.89,15.36,30.25,23.9,22.05,478.0,0.244,111.0,23.22,49.0,10.25,0.734,0.161,28.04,13.13,15.12,28.26,23.34,18.66,63.0,0.25,13.0,20.63,5.0,7.94,0.627,0.05399999999999999,24.79,12.66,14.77,27.43,34.43,15.29,98.0,0.182,31.0,31.63,9.0,9.18,0.5720000000000001,0.125,28.42,13.83,13.83,27.66,29.59,25.2
745323,2024-06-25,2024,683737,L,675921,R,strikeout,True,False,226.0,0.25,78.0,34.51,29.0,12.83,0.798,0.198,34.12,15.15,15.57,30.72,24.25,25.49,66.0,0.158,21.0,31.82,8.0,12.12,0.556,0.1399999999999999,29.79,14.48,13.45,27.93,28.39,21.0,45.0,0.19,12.0,26.67,2.0,4.44,0.508,0.09599999999999997,26.88,13.81,17.68,31.49,28.92,16.42,4.0,0.333,1.0,25.0,1.0,25.0,0.833,0.0,66.67,26.67,20.0,46.67,37.5,33.33
745323,2024-06-25,2024,621512,R,675921,R,strikeout,True,False,60.0,0.254,11.0,18.33,1.0,1.67,0.708,0.187,30.47,18.31,11.74,30.05,38.61,16.42,35.0,0.121,9.0,25.71,1.0,2.86,0.268,0.0,35.82,22.22,12.04,34.26,50.91,34.62,53.0,0.422,9.0,16.98,7.0,13.21,1.1219999999999999,0.2,26.6,14.04,12.36,26.4,27.38,18.37,14.0,0.273,1.0,7.14,2.0,14.29,0.974,0.272,29.17,10.61,16.67,27.27,18.42,4.76
745323,2024-06-25,2024,656305,R,657006,L,home_run,False,False,87.0,0.325,16.0,18.39,10.0,11.49,0.973,0.24599999999999994,16.0,7.53,15.59,23.12,25.56,13.33,113.0,0.307,26.0,23.01,10.0,8.85,0.89,0.208,30.77,13.88,17.35,31.24,20.45,17.81,221.0,0.225,53.0,23.98,12.0,5.43,0.658,0.162,23.56,12.11,17.06,29.17,30.0,22.27,576.0,0.247,134.0,23.26,28.0,4.86,0.637,0.0989999999999999,22.7,12.17,14.45,26.62,32.3,19.88
745323,2024-06-25,2024,642731,R,657006,L,field_out,False,False,81.0,0.211,15.0,18.52,4.0,4.94,0.589,0.13100000000000003,19.72,10.37,17.41,27.78,34.53,22.06,150.0,0.257,36.0,24.0,7.0,4.67,0.643,0.079,21.99,10.73,18.17,28.89,37.46,20.57,221.0,0.225,53.0,23.98,12.0,5.43,0.658,0.162,23.56,12.11,17.06,29.17,30.0,22.27,576.0,0.247,134.0,23.26,28.0,4.86,0.637,0.0989999999999999,22.7,12.17,14.45,26.62,32.3,19.88
745323,2024-06-25,2024,682641,R,657006,L,field_out,False,False,24.0,0.19,5.0,20.83,2.0,8.33,0.631,0.191,14.81,8.25,13.4,21.65,36.36,14.71,99.0,0.31,10.0,10.1,12.0,12.12,0.825,0.1069999999999999,11.64,4.94,17.44,22.38,22.04,14.71,221.0,0.225,53.0,23.98,12.0,5.43,0.658,0.162,23.56,12.11,17.06,29.17,30.0,22.27,576.0,0.247,134.0,23.26,28.0,4.86,0.637,0.0989999999999999,22.7,12.17,14.45,26.62,32.3,19.88
745323,2024-06-25,2024,592200,R,657006,L,field_out,False,False,24.0,0.227,3.0,12.5,2.0,8.33,0.61,0.091,11.76,4.71,18.82,23.53,15.38,18.75,33.0,0.185,5.0,15.15,5.0,15.15,0.534,0.037,20.59,9.79,11.19,20.98,18.06,8.47,221.0,0.225,53.0,23.98,12.0,5.43,0.658,0.162,23.56,12.11,17.06,29.17,30.0,22.27,576.0,0.247,134.0,23.26,28.0,4.86,0.637,0.0989999999999999,22.7,12.17,14.45,26.62,32.3,19.88
745323,2024-06-25,2024,691718,L,675921,R,triple,False,False,105.0,0.211,28.0,26.67,5.0,4.76,0.581,0.11500000000000002,26.25,15.79,10.28,26.07,41.29,19.31,15.0,0.0,6.0,40.0,2.0,13.33,0.154,0.0,44.44,26.67,8.33,35.0,23.08,27.27,45.0,0.19,12.0,26.67,2.0,4.44,0.508,0.09599999999999997,26.88,13.81,17.68,31.49,28.92,16.42,4.0,0.333,1.0,25.0,1.0,25.0,0.833,0.0,66.67,26.67,20.0,46.67,37.5,33.33
745323,2024-06-25,2024,663538,R,675921,R,single,False,False,237.0,0.24,23.0,9.7,22.0,9.28,0.661,0.09200000000000003,12.53,5.67,21.06,26.74,30.51,9.5,508.0,0.274,63.0,12.4,40.0,7.87,0.72,0.0979999999999999,13.4,6.0,20.67,26.67,29.91,12.21,53.0,0.422,9.0,16.98,7.0,13.21,1.1219999999999999,0.2,26.6,14.04,12.36,26.4,27.38,18.37,14.0,0.273,1.0,7.14,2.0,14.29,0.974,0.272,29.17,10.61,16.67,27.27,18.42,4.76
745323,2024-06-25,2024,673548,R,675921,R,field_out,False,False,170.0,0.276,51.0,30.0,11.0,6.47,0.782,0.17099999999999999,26.88,10.74,21.78,32.52,22.97,21.89,419.0,0.278,102.0,24.34,41.0,9.79,0.839,0.2129999999999999,24.3,9.93,20.44,30.37,19.3,20.2,53.0,0.422,9.0,16.98,7.0,13.21,1.1219999999999999,0.2,26.6,14.04,12.36,26.4,27.38,18.37,14.0,0.273,1.0,7.14,2.0,14.29,0.974,0.272,29.17,10.61,16.67,27.27,18.42,4.76
745323,2024-06-25,2024,641355,L,675921,R,strikeout,True,False,199.0,0.234,36.0,18.09,21.0,10.55,0.733,0.17699999999999996,25.54,12.79,13.2,25.99,32.51,18.56,373.0,0.291,58.0,15.55,27.0,7.24,0.829,0.198,20.08,10.01,15.91,25.92,29.71,13.74,45.0,0.19,12.0,26.67,2.0,4.44,0.508,0.09599999999999997,26.88,13.81,17.68,31.49,28.92,16.42,4.0,0.333,1.0,25.0,1.0,25.0,0.833,0.0,66.67,26.67,20.0,46.67,37.5,33.33
745323,2024-06-25,2024,666624,R,675921,R,strikeout,True,False,246.0,0.207,56.0,22.76,27.0,10.98,0.696,0.18700000000000003,29.89,13.56,14.81,28.36,24.66,20.66,329.0,0.247,105.0,31.91,27.0,8.21,0.798,0.239,38.21,19.07,13.74,32.81,29.43,27.56,53.0,0.422,9.0,16.98,7.0,13.21,1.1219999999999999,0.2,26.6,14.04,12.36,26.4,27.38,18.37,14.0,0.273,1.0,7.14,2.0,14.29,0.974,0.272,29.17,10.61,16.67,27.27,18.42,4.76
745323,2024-06-25,2024,605113,R,657006,L,home_run,False,False,55.0,0.347,8.0,14.55,5.0,9.09,0.869,0.122,19.59,10.22,14.52,24.73,27.5,21.05,122.0,0.155,28.0,22.95,6.0,4.92,0.404,0.0519999999999999,27.59,14.1,16.52,30.62,34.51,20.74,221.0,0.225,53.0,23.98,12.0,5.43,0.658,0.162,23.56,12.11,17.06,29.17,30.0,22.27,576.0,0.247,134.0,23.26,28.0,4.86,0.637,0.0989999999999999,22.7,12.17,14.45,26.62,32.3,19.88
745323,2024-06-25,2024,596103,R,657006,L,strikeout,True,False,69.0,0.179,19.0,27.54,10.0,14.49,0.498,0.0,28.68,12.37,16.72,29.1,17.01,18.63,147.0,0.288,40.0,27.21,13.0,8.84,0.8,0.151,27.27,11.44,19.76,31.2,22.15,21.51,221.0,0.225,53.0,23.98,12.0,5.43,0.658,0.162,23.56,12.11,17.06,29.17,30.0,22.27,576.0,0.247,134.0,23.26,28.0,4.86,0.637,0.0989999999999999,22.7,12.17,14.45,26.62,32.3,19.88
745323,2024-06-25,2024,671218,R,657006,L,single,False,False,52.0,0.436,10.0,19.23,11.0,21.15,1.5070000000000001,0.5129999999999999,26.83,12.99,9.45,22.44,22.66,11.24,46.0,0.186,16.0,34.78,3.0,6.52,0.588,0.1629999999999999,32.35,16.67,13.64,30.3,30.21,23.53,221.0,0.225,53.0,23.98,12.0,5.43,0.658,0.162,23.56,12.11,17.06,29.17,30.0,22.27,576.0,0.247,134.0,23.26,28.0,4.86,0.637,0.0989999999999999,22.7,12.17,14.45,26.62,32.3,19.88
745323,2024-06-25,2024,527038,R,657006,L,strikeout,True,False,99.0,0.218,12.0,12.12,8.0,8.08,0.632,0.13799999999999998,12.35,5.47,19.01,24.48,26.83,11.54,182.0,0.303,28.0,15.38,14.0,7.69,0.886,0.224,17.07,7.55,21.16,28.71,29.47,12.17,221.0,0.225,53.0,23.98,12.0,5.43,0.658,0.162,23.56,12.11,17.06,29.17,30.0,22.27,576.0,0.247,134.0,23.26,28.0,4.86,0.637,0.0989999999999999,22.7,12.17,14.45,26.62,32.3,19.88
745323,2024-06-25,2024,624585,R,657006,L,field_out,False,False,80.0,0.232,21.0,26.25,9.0,11.25,0.744,0.17400000000000002,31.76,14.83,14.83,29.65,30.51,22.83,135.0,0.277,30.0,22.22,20.0,14.81,1.081,0.4109999999999999,26.29,11.6,16.16,27.76,25.27,18.75,221.0,0.225,53.0,23.98,12.0,5.43,0.658,0.162,23.56,12.11,17.06,29.17,30.0,22.27,576.0,0.247,134.0,23.26,28.0,4.86,0.637,0.0989999999999999,22.7,12.17,14.45,26.62,32.3,19.88
745323,2024-06-25,2024,664023,L,675921,R,field_out,False,False,237.0,0.226,69.0,29.11,33.0,13.92,0.7350000000000001,0.166,27.85,12.31,16.38,28.68,22.24,20.12,502.0,0.258,109.0,21.71,80.0,15.94,0.831,0.192,25.86,11.22,15.24,26.46,20.31,17.34,45.0,0.19,12.0,26.67,2.0,4.44,0.508,0.09599999999999997,26.88,13.81,17.68,31.49,28.92,16.42,4.0,0.333,1.0,25.0,1.0,25.0,0.833,0.0,66.67,26.67,20.0,46.67,37.5,33.33
745323,2024-06-25,2024,621020,R,675921,R,walk,False,True,210.0,0.221,56.0,26.67,18.0,8.57,0.6579999999999999,0.147,31.36,14.89,15.36,30.25,23.9,22.05,478.0,0.244,111.0,23.22,49.0,10.25,0.734,0.161,28.04,13.13,15.12,28.26,23.34,18.66,53.0,0.422,9.0,16.98,7.0,13.21,1.1219999999999999,0.2,26.6,14.04,12.36,26.4,27.38,18.37,14.0,0.273,1.0,7.14,2.0,14.29,0.974,0.272,29.17,10.61,16.67,27.27,18.42,4.76
745323,2024-06-25,2024,683737,L,675921,R,force_out,False,False,226.0,0.25,78.0,34.51,29.0,12.83,0.798,0.198,34.12,15.15,15.57,30.72,24.25,25.49,66.0,0.158,21.0,31.82,8.0,12.12,0.556,0.1399999999999999,29.79,14.48,13.45,27.93,28.39,21.0,45.0,0.19,12.0,26.67,2.0,4.44,0.508,0.09599999999999997,26.88,13.81,17.68,31.49,28.92,16.42,4.0,0.333,1.0,25.0,1.0,25.0,0.833,0.0,66.67,26.67,20.0,46.67,37.5,33.33
745323,2024-06-25,2024,621512,R,675921,R,field_out,False,False,60.0,0.254,11.0,18.33,1.0,1.67,0.708,0.187,30.47,18.31,11.74,30.05,38.61,16.42,35.0,0.121,9.0,25.71,1.0,2.86,0.268,0.0,35.82,22.22,12.04,34.26,50.91,34.62,53.0,0.422,9.0,16.98,7.0,13.21,1.1219999999999999,0.2,26.6,14.04,12.36,26.4,27.38,18.37,14.0,0.273,1.0,7.14,2.0,14.29,0.974,0.272,29.17,10.61,16.67,27.27,18.42,4.76
745323,2024-06-25,2024,656305,R,657006,L,field_out,False,False,87.0,0.325,16.0,18.39,10.0,11.49,0.973,0.24599999999999994,16.0,7.53,15.59,23.12,25.56,13.33,113.0,0.307,26.0,23.01,10.0,8.85,0.89,0.208,30.77,13.88,17.35,31.24,20.45,17.81,221.0,0.225,53.0,23.98,12.0,5.43,0.658,0.162,23.56,12.11,17.06,29.17,30.0,22.27,576.0,0.247,134.0,23.26,28.0,4.86,0.637,0.0989999999999999,22.7,12.17,14.45,26.62,32.3,19.88
745323,2024-06-25,2024,642731,R,657006,L,strikeout,True,False,81.0,0.211,15.0,18.52,4.0,4.94,0.589,0.13100000000000003,19.72,10.37,17.41,27.78,34.53,22.06,150.0,0.257,36.0,24.0,7.0,4.67,0.643,0.079,21.99,10.73,18.17,28.89,37.46,20.57,221.0,0.225,53.0,23.98,12.0,5.43,0.658,0.162,23.56,12.11,17.06,29.17,30.0,22.27,576.0,0.247,134.0,23.26,28.0,4.86,0.637,0.0989999999999999,22.7,12.17,14.45,26.62,32.3,19.88
745323,2024-06-25,2024,682641,R,657006,L,single,False,False,24.0,0.19,5.0,20.83,2.0,8.33,0.631,0.191,14.81,8.25,13.4,21.65,36.36,14.71,99.0,0.31,10.0,10.1,12.0,12.12,0.825,0.1069999999999999,11.64,4.94,17.44,22.38,22.04,14.71,221.0,0.225,53.0,23.98,12.0,5.43,0.658,0.162,23.56,12.11,17.06,29.17,30.0,22.27,576.0,0.247,134.0,23.26,28.0,4.86,0.637,0.0989999999999999,22.7,12.17,14.45,26.62,32.3,19.88
745323,2024-06-25,2024,592200,R,657006,L,strikeout,True,False,24.0,0.227,3.0,12.5,2.0,8.33,0.61,0.091,11.76,4.71,18.82,23.53,15.38,18.75,33.0,0.185,5.0,15.15,5.0,15.15,0.534,0.037,20.59,9.79,11.19,20.98,18.06,8.47,221.0,0.225,53.0,23.98,12.0,5.43,0.658,0.162,23.56,12.11,17.06,29.17,30.0,22.27,576.0,0.247,134.0,23.26,28.0,4.86,0.637,0.0989999999999999,22.7,12.17,14.45,26.62,32.3,19.88
745323,2024-06-25,2024,691718,L,675921,R,strikeout,True,False,105.0,0.211,28.0,26.67,5.0,4.76,0.581,0.11500000000000002,26.25,15.79,10.28,26.07,41.29,19.31,15.0,0.0,6.0,40.0,2.0,13.33,0.154,0.0,44.44,26.67,8.33,35.0,23.08,27.27,45.0,0.19,12.0,26.67,2.0,4.44,0.508,0.09599999999999997,26.88,13.81,17.68,31.49,28.92,16.42,4.0,0.333,1.0,25.0,1.0,25.0,0.833,0.0,66.67,26.67,20.0,46.67,37.5,33.33
745323,2024-06-25,2024,663538,R,675921,R,single,False,False,237.0,0.24,23.0,9.7,22.0,9.28,0.661,0.09200000000000003,12.53,5.67,21.06,26.74,30.51,9.5,508.0,0.274,63.0,12.4,40.0,7.87,0.72,0.0979999999999999,13.4,6.0,20.67,26.67,29.91,12.21,53.0,0.422,9.0,16.98,7.0,13.21,1.1219999999999999,0.2,26.6,14.04,12.36,26.4,27.38,18.37,14.0,0.273,1.0,7.14,2.0,14.29,0.974,0.272,29.17,10.61,16.67,27.27,18.42,4.76
745323,2024-06-25,2024,673548,R,675921,R,field_out,False,False,170.0,0.276,51.0,30.0,11.0,6.47,0.782,0.17099999999999999,26.88,10.74,21.78,32.52,22.97,21.89,419.0,0.278,102.0,24.34,41.0,9.79,0.839,0.2129999999999999,24.3,9.93,20.44,30.37,19.3,20.2,53.0,0.422,9.0,16.98,7.0,13.21,1.1219999999999999,0.2,26.6,14.04,12.36,26.4,27.38,18.37,14.0,0.273,1.0,7.14,2.0,14.29,0.974,0.272,29.17,10.61,16.67,27.27,18.42,4.76
745323,2024-06-25,2024,641355,L,675921,R,field_out,False,False,199.0,0.234,36.0,18.09,21.0,10.55,0.733,0.17699999999999996,25.54,12.79,13.2,25.99,32.51,18.56,373.0,0.291,58.0,15.55,27.0,7.24,0.829,0.198,20.08,10.01,15.91,25.92,29.71,13.74,45.0,0.19,12.0,26.67,2.0,4.44,0.508,0.09599999999999997,26.88,13.81,17.68,31.49,28.92,16.42,4.0,0.333,1.0,25.0,1.0,25.0,0.833,0.0,66.67,26.67,20.0,46.67,37.5,33.33
745323,2024-06-25,2024,605113,R,657006,L,walk,False,True,55.0,0.347,8.0,14.55,5.0,9.09,0.869,0.122,19.59,10.22,14.52,24.73,27.5,21.05,122.0,0.155,28.0,22.95,6.0,4.92,0.404,0.0519999999999999,27.59,14.1,16.52,30.62,34.51,20.74,221.0,0.225,53.0,23.98,12.0,5.43,0.658,0.162,23.56,12.11,17.06,29.17,30.0,22.27,576.0,0.247,134.0,23.26,28.0,4.86,0.637,0.0989999999999999,22.7,12.17,14.45,26.62,32.3,19.88
745323,2024-06-25,2024,596103,R,657006,L,strikeout,True,False,69.0,0.179,19.0,27.54,10.0,14.49,0.498,0.0,28.68,12.37,16.72,29.1,17.01,18.63,147.0,0.288,40.0,27.21,13.0,8.84,0.8,0.151,27.27,11.44,19.76,31.2,22.15,21.51,221.0,0.225,53.0,23.98,12.0,5.43,0.658,0.162,23.56,12.11,17.06,29.17,30.0,22.27,576.0,0.247,134.0,23.26,28.0,4.86,0.637,0.0989999999999999,22.7,12.17,14.45,26.62,32.3,19.88
745323,2024-06-25,2024,671218,R,657006,L,double,False,False,52.0,0.436,10.0,19.23,11.0,21.15,1.5070000000000001,0.5129999999999999,26.83,12.99,9.45,22.44,22.66,11.24,46.0,0.186,16.0,34.78,3.0,6.52,0.588,0.1629999999999999,32.35,16.67,13.64,30.3,30.21,23.53,221.0,0.225,53.0,23.98,12.0,5.43,0.658,0.162,23.56,12.11,17.06,29.17,30.0,22.27,576.0,0.247,134.0,23.26,28.0,4.86,0.637,0.0989999999999999,22.7,12.17,14.45,26.62,32.3,19.88
745323,2024-06-25,2024,527038,R,668338,R,strikeout,True,False,124.0,0.206,18.0,14.52,12.0,9.68,0.597,0.093,15.28,6.46,23.09,29.55,28.57,11.61,273.0,0.271,35.0,12.82,27.0,9.89,0.849,0.2249999999999999,14.98,6.76,19.32,26.08,27.75,9.09,74.0,0.171,20.0,27.03,3.0,4.05,0.559,0.17200000000000001,28.48,15.15,13.8,28.96,36.77,18.81,32.0,0.185,7.0,21.88,4.0,12.5,0.503,0.037,28.57,12.31,16.92,29.23,30.26,20.59
745323,2024-06-25,2024,624585,R,668338,R,field_out,False,False,192.0,0.219,44.0,22.92,19.0,9.9,0.677,0.16,28.82,13.64,15.28,28.92,29.2,21.05,446.0,0.242,111.0,24.89,46.0,10.31,0.788,0.22,27.97,12.22,16.15,28.37,25.71,21.19,74.0,0.171,20.0,27.03,3.0,4.05,0.559,0.17200000000000001,28.48,15.15,13.8,28.96,36.77,18.81,32.0,0.185,7.0,21.88,4.0,12.5,0.503,0.037,28.57,12.31,16.92,29.23,30.26,20.59
745323,2024-06-25,2024,666624,R,675921,R,strikeout,True,False,246.0,0.207,56.0,22.76,27.0,10.98,0.696,0.18700000000000003,29.89,13.56,14.81,28.36,24.66,20.66,329.0,0.247,105.0,31.91,27.0,8.21,0.798,0.239,38.21,19.07,13.74,32.81,29.43,27.56,53.0,0.422,9.0,16.98,7.0,13.21,1.1219999999999999,0.2,26.6,14.04,12.36,26.4,27.38,18.37,14.0,0.273,1.0,7.14,2.0,14.29,0.974,0.272,29.17,10.61,16.67,27.27,18.42,4.76
745323,2024-06-25,2024,664023,L,675921,R,strikeout,True,False,237.0,0.226,69.0,29.11,33.0,13.92,0.7350000000000001,0.166,27.85,12.31,16.38,28.68,22.24,20.12,502.0,0.258,109.0,21.71,80.0,15.94,0.831,0.192,25.86,11.22,15.24,26.46,20.31,17.34,45.0,0.19,12.0,26.67,2.0,4.44,0.508,0.09599999999999997,26.88,13.81,17.68,31.49,28.92,16.42,4.0,0.333,1.0,25.0,1.0,25.0,0.833,0.0,66.67,26.67,20.0,46.67,37.5,33.33
745323,2024-06-25,2024,621020,R,675921,R,single,False,False,210.0,0.221,56.0,26.67,18.0,8.57,0.6579999999999999,0.147,31.36,14.89,15.36,30.25,23.9,22.05,478.0,0.244,111.0,23.22,49.0,10.25,0.734,0.161,28.04,13.13,15.12,28.26,23.34,18.66,53.0,0.422,9.0,16.98,7.0,13.21,1.1219999999999999,0.2,26.6,14.04,12.36,26.4,27.38,18.37,14.0,0.273,1.0,7.14,2.0,14.29,0.974,0.272,29.17,10.61,16.67,27.27,18.42,4.76
745323,2024-06-25,2024,683737,L,675921,R,strikeout,True,False,226.0,0.25,78.0,34.51,29.0,12.83,0.798,0.198,34.12,15.15,15.57,30.72,24.25,25.49,66.0,0.158,21.0,31.82,8.0,12.12,0.556,0.1399999999999999,29.79,14.48,13.45,27.93,28.39,21.0,45.0,0.19,12.0,26.67,2.0,4.44,0.508,0.09599999999999997,26.88,13.81,17.68,31.49,28.92,16.42,4.0,0.333,1.0,25.0,1.0,25.0,0.833,0.0,66.67,26.67,20.0,46.67,37.5,33.33
745323,2024-06-25,2024,656305,R,605155,R,double,False,False,239.0,0.2,63.0,26.36,21.0,8.79,0.6100000000000001,0.13,26.97,12.08,19.94,32.02,25.59,20.0,471.0,0.223,139.0,29.51,52.0,11.04,0.722,0.179,31.15,13.33,17.79,31.11,18.61,21.72,37.0,0.303,7.0,18.92,3.0,8.11,0.9269999999999999,0.27299999999999996,22.67,10.97,14.84,25.81,20.9,13.73,17.0,0.357,2.0,11.76,3.0,17.65,1.471,0.643,25.0,10.64,17.02,27.66,22.73,28.57
745323,2024-06-25,2024,642731,R,605155,R,single,False,False,220.0,0.244,42.0,19.09,6.0,2.73,0.679,0.15800000000000003,19.47,9.59,19.71,29.3,35.03,19.81,380.0,0.276,84.0,22.11,15.0,3.95,0.767,0.172,21.44,11.24,17.01,28.25,38.17,20.1,37.0,0.303,7.0,18.92,3.0,8.11,0.9269999999999999,0.27299999999999996,22.67,10.97,14.84,25.81,20.9,13.73,17.0,0.357,2.0,11.76,3.0,17.65,1.471,0.643,25.0,10.64,17.02,27.66,22.73,28.57
745323,2024-06-25,2024,624424,L,605155,R,sac_fly,False,False,167.0,0.209,38.0,22.75,13.0,7.78,0.648,0.17,24.5,11.35,17.02,28.37,27.19,20.32,368.0,0.245,77.0,20.92,50.0,13.59,0.753,0.155,23.68,10.56,15.02,25.57,23.23,16.81,32.0,0.214,10.0,31.25,3.0,9.38,0.495,0.0,28.57,11.94,21.64,33.58,23.88,24.39,17.0,0.062,2.0,11.76,0.0,0.0,0.368,0.188,18.52,8.77,17.54,26.32,22.22,15.38
745323,2024-06-25,2024,672275,R,592767,L,single,False,False,36.0,0.303,9.0,25.0,2.0,5.56,0.6970000000000001,0.061,23.33,10.29,19.85,30.15,14.04,25.71,113.0,0.298,30.0,26.55,8.0,7.08,0.829,0.183,25.26,10.67,21.33,32.0,21.36,22.39,69.0,0.193,15.0,21.74,11.0,15.94,0.687,0.175,26.92,12.59,14.03,26.62,28.47,18.75,466.0,0.241,105.0,22.53,41.0,8.8,0.758,0.205,27.97,13.04,15.89,28.93,32.06,19.66
745323,2024-06-25,2024,605113,R,592767,L,walk,False,True,55.0,0.347,8.0,14.55,5.0,9.09,0.869,0.122,19.59,10.22,14.52,24.73,27.5,21.05,122.0,0.155,28.0,22.95,6.0,4.92,0.404,0.0519999999999999,27.59,14.1,16.52,30.62,34.51,20.74,69.0,0.193,15.0,21.74,11.0,15.94,0.687,0.175,26.92,12.59,14.03,26.62,28.47,18.75,466.0,0.241,105.0,22.53,41.0,8.8,0.758,0.205,27.97,13.04,15.89,28.93,32.06,19.66
745323,2024-06-25,2024,596103,R,592767,L,sac_fly,False,False,69.0,0.179,19.0,27.54,10.0,14.49,0.498,0.0,28.68,12.37,16.72,29.1,17.01,18.63,147.0,0.288,40.0,27.21,13.0,8.84,0.8,0.151,27.27,11.44,19.76,31.2,22.15,21.51,69.0,0.193,15.0,21.74,11.0,15.94,0.687,0.175,26.92,12.59,14.03,26.62,28.47,18.75,466.0,0.241,105.0,22.53,41.0,8.8,0.758,0.205,27.97,13.04,15.89,28.93,32.06,19.66
745323,2024-06-25,2024,671218,R,592767,L,intent_walk,False,True,52.0,0.436,10.0,19.23,11.0,21.15,1.5070000000000001,0.5129999999999999,26.83,12.99,9.45,22.44,22.66,11.24,46.0,0.186,16.0,34.78,3.0,6.52,0.588,0.1629999999999999,32.35,16.67,13.64,30.3,30.21,23.53,69.0,0.193,15.0,21.74,11.0,15.94,0.687,0.175,26.92,12.59,14.03,26.62,28.47,18.75,466.0,0.241,105.0,22.53,41.0,8.8,0.758,0.205,27.97,13.04,15.89,28.93,32.06,19.66
745323,2024-06-25,2024,527038,R,592767,L,walk,False,True,99.0,0.218,12.0,12.12,8.0,8.08,0.632,0.13799999999999998,12.35,5.47,19.01,24.48,26.83,11.54,182.0,0.303,28.0,15.38,14.0,7.69,0.886,0.224,17.07,7.55,21.16,28.71,29.47,12.17,69.0,0.193,15.0,21.74,11.0,15.94,0.687,0.175,26.92,12.59,14.03,26.62,28.47,18.75,466.0,0.241,105.0,22.53,41.0,8.8,0.758,0.205,27.97,13.04,15.89,28.93,32.06,19.66
746218,2024-06-25,2024,668709,L,656288,R,field_out,False,False,268.0,0.264,47.0,17.54,31.0,11.57,0.812,0.196,24.12,10.38,17.14,27.52,22.74,17.34,232.0,0.209,53.0,22.84,35.0,15.09,0.726,0.184,28.61,12.18,15.3,27.48,19.27,20.46,197.0,0.283,30.0,15.23,18.0,9.14,0.875,0.24300000000000005,22.64,10.69,14.89,25.57,31.09,14.85,259.0,0.217,61.0,23.55,20.0,7.72,0.6319999999999999,0.1279999999999999,29.4,13.84,16.18,30.02,28.54,20.4
746218,2024-06-25,2024,609280,R,656288,R,field_out,False,False,100.0,0.292,14.0,14.0,3.0,3.0,0.685,0.08300000000000002,15.87,8.13,17.89,26.02,35.87,13.08,52.0,0.229,6.0,11.54,4.0,7.69,0.705,0.1879999999999999,14.58,7.49,13.9,21.39,30.93,12.77,181.0,0.233,29.0,16.02,12.0,6.63,0.6679999999999999,0.13499999999999998,21.41,10.77,15.23,26.0,26.6,16.2,277.0,0.271,78.0,28.16,16.0,5.78,0.8260000000000001,0.237,28.77,14.19,17.3,31.49,29.39,19.31
746218,2024-06-25,2024,667670,R,656288,R,single,False,False,213.0,0.263,78.0,36.62,23.0,10.8,0.833,0.22099999999999997,38.79,18.8,12.8,31.6,30.02,29.55,351.0,0.23,115.0,32.76,33.0,9.4,0.788,0.2419999999999999,37.94,17.82,16.3,34.12,28.65,23.47,181.0,0.233,29.0,16.02,12.0,6.63,0.6679999999999999,0.13499999999999998,21.41,10.77,15.23,26.0,26.6,16.2,277.0,0.271,78.0,28.16,16.0,5.78,0.8260000000000001,0.237,28.77,14.19,17.3,31.49,29.39,19.31
746218,2024-06-25,2024,691016,L,656288,R,field_out,False,False,113.0,0.227,36.0,31.86,12.0,10.62,0.773,0.216,34.18,15.76,15.76,31.53,29.41,30.25,118.0,0.159,37.0,31.36,10.0,8.47,0.472,0.0839999999999999,33.93,16.67,14.91,31.58,29.36,28.91,197.0,0.283,30.0,15.23,18.0,9.14,0.875,0.24300000000000005,22.64,10.69,14.89,25.57,31.09,14.85,259.0,0.217,61.0,23.55,20.0,7.72,0.6319999999999999,0.1279999999999999,29.4,13.84,16.18,30.02,28.54,20.4
746218,2024-06-25,2024,694384,L,665622,R,field_out,False,False,227.0,0.224,40.0,17.62,19.0,8.37,0.641,0.11900000000000002,15.97,6.92,20.75,27.66,24.55,15.0,104.0,0.291,15.0,14.42,14.0,13.46,0.7569999999999999,0.0579999999999999,18.78,8.02,17.92,25.94,20.47,11.45,49.0,0.233,9.0,18.37,5.0,10.2,0.629,0.06899999999999998,18.18,8.16,14.8,22.96,21.57,18.37,217.0,0.266,42.0,19.35,27.0,12.44,0.786,0.1419999999999999,20.68,9.23,14.6,23.83,24.15,17.57
746218,2024-06-25,2024,650859,L,665622,R,hit_by_pitch,False,False,189.0,0.287,25.0,13.23,11.0,5.82,0.7210000000000001,0.09300000000000003,20.28,10.81,12.3,23.11,32.6,12.63,322.0,0.24,60.0,18.63,31.0,9.63,0.7270000000000001,0.166,24.18,11.79,13.87,25.66,28.19,14.39,49.0,0.233,9.0,18.37,5.0,10.2,0.629,0.06899999999999998,18.18,8.16,14.8,22.96,21.57,18.37,217.0,0.266,42.0,19.35,27.0,12.44,0.786,0.1419999999999999,20.68,9.23,14.6,23.83,24.15,17.57
746218,2024-06-25,2024,621493,R,665622,R,home_run,False,False,254.0,0.211,61.0,24.02,30.0,11.81,0.708,0.19300000000000003,23.92,9.96,19.82,29.78,18.26,20.41,295.0,0.233,61.0,20.68,27.0,9.15,0.702,0.148,23.43,10.4,15.98,26.37,23.09,17.78,61.0,0.308,8.0,13.11,7.0,11.48,0.858,0.173,17.21,8.54,12.2,20.73,25.58,10.67,278.0,0.247,64.0,23.02,30.0,10.79,0.796,0.218,27.38,12.79,14.88,27.68,28.05,20.71
746218,2024-06-25,2024,641432,L,665622,R,single,False,False,128.0,0.283,17.0,13.28,7.0,5.47,0.72,0.11700000000000005,14.03,6.46,17.29,23.75,23.75,14.91,139.0,0.256,15.0,10.79,13.0,9.35,0.756,0.176,14.22,5.56,19.54,25.1,21.32,10.83,49.0,0.233,9.0,18.37,5.0,10.2,0.629,0.06899999999999998,18.18,8.16,14.8,22.96,21.57,18.37,217.0,0.266,42.0,19.35,27.0,12.44,0.786,0.1419999999999999,20.68,9.23,14.6,23.83,24.15,17.57
746218,2024-06-25,2024,681351,R,665622,R,field_out,False,False,193.0,0.281,47.0,24.35,11.0,5.7,0.794,0.185,32.07,16.08,15.4,31.47,34.09,19.48,154.0,0.22,38.0,24.68,9.0,5.84,0.757,0.262,32.06,17.0,13.8,30.81,36.07,19.69,61.0,0.308,8.0,13.11,7.0,11.48,0.858,0.173,17.21,8.54,12.2,20.73,25.58,10.67,278.0,0.247,64.0,23.02,30.0,10.79,0.796,0.218,27.38,12.79,14.88,27.68,28.05,20.71
746218,2024-06-25,2024,687263,R,665622,R,single,False,False,229.0,0.218,58.0,25.33,12.0,5.24,0.6839999999999999,0.19399999999999998,29.05,15.11,15.22,30.33,34.17,21.97,262.0,0.222,62.0,23.66,18.0,6.87,0.6599999999999999,0.1349999999999999,28.77,13.7,16.19,29.89,23.52,18.84,61.0,0.308,8.0,13.11,7.0,11.48,0.858,0.173,17.21,8.54,12.2,20.73,25.58,10.67,278.0,0.247,64.0,23.02,30.0,10.79,0.796,0.218,27.38,12.79,14.88,27.68,28.05,20.71
746218,2024-06-25,2024,666160,L,665622,R,strikeout,True,False,181.0,0.207,47.0,25.97,12.0,6.63,0.5800000000000001,0.11300000000000002,27.9,15.5,12.21,27.71,36.19,18.8,259.0,0.293,93.0,35.91,7.0,2.7,0.8620000000000001,0.249,38.62,24.01,9.43,33.44,46.84,30.07,49.0,0.233,9.0,18.37,5.0,10.2,0.629,0.06899999999999998,18.18,8.16,14.8,22.96,21.57,18.37,217.0,0.266,42.0,19.35,27.0,12.44,0.786,0.1419999999999999,20.68,9.23,14.6,23.83,24.15,17.57
746218,2024-06-25,2024,669127,R,656288,R,field_out,False,False,187.0,0.207,50.0,26.74,13.0,6.95,0.74,0.26,30.18,15.18,15.8,30.98,32.42,27.78,344.0,0.217,101.0,29.36,23.0,6.69,0.7230000000000001,0.226,32.34,16.3,14.73,31.03,31.22,23.88,181.0,0.233,29.0,16.02,12.0,6.63,0.6679999999999999,0.13499999999999998,21.41,10.77,15.23,26.0,26.6,16.2,277.0,0.271,78.0,28.16,16.0,5.78,0.8260000000000001,0.237,28.77,14.19,17.3,31.49,29.39,19.31
746218,2024-06-25,2024,663527,R,656288,R,home_run,False,False,103.0,0.228,25.0,24.27,10.0,9.71,0.637,0.098,29.47,14.11,16.37,30.48,26.11,22.52,79.0,0.167,18.0,22.78,9.0,11.39,0.5489999999999999,0.091,24.38,11.4,17.84,29.24,24.85,14.29,181.0,0.233,29.0,16.02,12.0,6.63,0.6679999999999999,0.13499999999999998,21.41,10.77,15.23,26.0,26.6,16.2,277.0,0.271,78.0,28.16,16.0,5.78,0.8260000000000001,0.237,28.77,14.19,17.3,31.49,29.39,19.31
746218,2024-06-25,2024,680869,R,656288,R,strikeout,True,False,189.0,0.195,66.0,34.92,11.0,5.82,0.591,0.14999999999999997,35.28,18.0,15.56,33.56,29.01,29.73,220.0,0.303,54.0,24.55,18.0,8.18,0.969,0.298,30.92,15.24,15.12,30.36,29.22,21.29,181.0,0.233,29.0,16.02,12.0,6.63,0.6679999999999999,0.13499999999999998,21.41,10.77,15.23,26.0,26.6,16.2,277.0,0.271,78.0,28.16,16.0,5.78,0.8260000000000001,0.237,28.77,14.19,17.3,31.49,29.39,19.31
746218,2024-06-25,2024,671732,L,656288,R,single,False,False,122.0,0.204,35.0,28.69,14.0,11.48,0.601,0.10200000000000001,29.26,12.91,18.3,31.21,25.64,21.12,107.0,0.216,29.0,27.1,3.0,2.8,0.616,0.157,31.16,14.83,17.7,32.54,26.94,22.48,197.0,0.283,30.0,15.23,18.0,9.14,0.875,0.24300000000000005,22.64,10.69,14.89,25.57,31.09,14.85,259.0,0.217,61.0,23.55,20.0,7.72,0.6319999999999999,0.1279999999999999,29.4,13.84,16.18,30.02,28.54,20.4
746218,2024-06-25,2024,649557,R,656288,R,field_out,False,False,22.0,0.091,5.0,22.73,0.0,0.0,0.182,0.0,22.5,13.04,20.29,33.33,46.67,29.41,207.0,0.225,42.0,20.29,8.0,3.86,0.6020000000000001,0.1,24.15,12.87,15.66,28.53,35.94,22.34,181.0,0.233,29.0,16.02,12.0,6.63,0.6679999999999999,0.13499999999999998,21.41,10.77,15.23,26.0,26.6,16.2,277.0,0.271,78.0,28.16,16.0,5.78,0.8260000000000001,0.237,28.77,14.19,17.3,31.49,29.39,19.31
746218,2024-06-25,2024,666176,R,665622,R,field_out,False,False,174.0,0.167,59.0,33.91,10.0,5.75,0.532,0.13399999999999998,30.51,15.23,14.25,29.48,30.92,23.32,43.0,0.205,18.0,41.86,4.0,9.3,0.7150000000000001,0.231,40.66,20.67,14.53,35.2,30.34,25.35,61.0,0.308,8.0,13.11,7.0,11.48,0.858,0.173,17.21,8.54,12.2,20.73,25.58,10.67,278.0,0.247,64.0,23.02,30.0,10.79,0.796,0.218,27.38,12.79,14.88,27.68,28.05,20.71
746218,2024-06-25,2024,683021,R,665622,R,field_out,False,False,28.0,0.13,2.0,7.14,3.0,10.71,0.433,0.043999999999999984,4.88,1.87,26.17,28.04,13.33,6.06,52.0,0.348,7.0,13.46,5.0,9.62,0.836,0.065,6.58,2.6,20.83,23.44,14.58,14.89,61.0,0.308,8.0,13.11,7.0,11.48,0.858,0.173,17.21,8.54,12.2,20.73,25.58,10.67,278.0,0.247,64.0,23.02,30.0,10.79,0.796,0.218,27.38,12.79,14.88,27.68,28.05,20.71
746218,2024-06-25,2024,694384,L,665622,R,strikeout,True,False,227.0,0.224,40.0,17.62,19.0,8.37,0.641,0.11900000000000002,15.97,6.92,20.75,27.66,24.55,15.0,104.0,0.291,15.0,14.42,14.0,13.46,0.7569999999999999,0.0579999999999999,18.78,8.02,17.92,25.94,20.47,11.45,49.0,0.233,9.0,18.37,5.0,10.2,0.629,0.06899999999999998,18.18,8.16,14.8,22.96,21.57,18.37,217.0,0.266,42.0,19.35,27.0,12.44,0.786,0.1419999999999999,20.68,9.23,14.6,23.83,24.15,17.57
746218,2024-06-25,2024,668709,L,656288,R,field_out,False,False,268.0,0.264,47.0,17.54,31.0,11.57,0.812,0.196,24.12,10.38,17.14,27.52,22.74,17.34,232.0,0.209,53.0,22.84,35.0,15.09,0.726,0.184,28.61,12.18,15.3,27.48,19.27,20.46,197.0,0.283,30.0,15.23,18.0,9.14,0.875,0.24300000000000005,22.64,10.69,14.89,25.57,31.09,14.85,259.0,0.217,61.0,23.55,20.0,7.72,0.6319999999999999,0.1279999999999999,29.4,13.84,16.18,30.02,28.54,20.4
746218,2024-06-25,2024,609280,R,656288,R,field_out,False,False,100.0,0.292,14.0,14.0,3.0,3.0,0.685,0.08300000000000002,15.87,8.13,17.89,26.02,35.87,13.08,52.0,0.229,6.0,11.54,4.0,7.69,0.705,0.1879999999999999,14.58,7.49,13.9,21.39,30.93,12.77,181.0,0.233,29.0,16.02,12.0,6.63,0.6679999999999999,0.13499999999999998,21.41,10.77,15.23,26.0,26.6,16.2,277.0,0.271,78.0,28.16,16.0,5.78,0.8260000000000001,0.237,28.77,14.19,17.3,31.49,29.39,19.31
746218,2024-06-25,2024,667670,R,656288,R,field_out,False,False,213.0,0.263,78.0,36.62,23.0,10.8,0.833,0.22099999999999997,38.79,18.8,12.8,31.6,30.02,29.55,351.0,0.23,115.0,32.76,33.0,9.4,0.788,0.2419999999999999,37.94,17.82,16.3,34.12,28.65,23.47,181.0,0.233,29.0,16.02,12.0,6.63,0.6679999999999999,0.13499999999999998,21.41,10.77,15.23,26.0,26.6,16.2,277.0,0.271,78.0,28.16,16.0,5.78,0.8260000000000001,0.237,28.77,14.19,17.3,31.49,29.39,19.31
746218,2024-06-25,2024,650859,L,665622,R,single,False,False,189.0,0.287,25.0,13.23,11.0,5.82,0.7210000000000001,0.09300000000000003,20.28,10.81,12.3,23.11,32.6,12.63,322.0,0.24,60.0,18.63,31.0,9.63,0.7270000000000001,0.166,24.18,11.79,13.87,25.66,28.19,14.39,49.0,0.233,9.0,18.37,5.0,10.2,0.629,0.06899999999999998,18.18,8.16,14.8,22.96,21.57,18.37,217.0,0.266,42.0,19.35,27.0,12.44,0.786,0.1419999999999999,20.68,9.23,14.6,23.83,24.15,17.57
746218,2024-06-25,2024,621493,R,665622,R,walk,False,True,254.0,0.211,61.0,24.02,30.0,11.81,0.708,0.19300000000000003,23.92,9.96,19.82,29.78,18.26,20.41,295.0,0.233,61.0,20.68,27.0,9.15,0.702,0.148,23.43,10.4,15.98,26.37,23.09,17.78,61.0,0.308,8.0,13.11,7.0,11.48,0.858,0.173,17.21,8.54,12.2,20.73,25.58,10.67,278.0,0.247,64.0,23.02,30.0,10.79,0.796,0.218,27.38,12.79,14.88,27.68,28.05,20.71
746218,2024-06-25,2024,641432,L,665622,R,walk,False,True,128.0,0.283,17.0,13.28,7.0,5.47,0.72,0.11700000000000005,14.03,6.46,17.29,23.75,23.75,14.91,139.0,0.256,15.0,10.79,13.0,9.35,0.756,0.176,14.22,5.56,19.54,25.1,21.32,10.83,49.0,0.233,9.0,18.37,5.0,10.2,0.629,0.06899999999999998,18.18,8.16,14.8,22.96,21.57,18.37,217.0,0.266,42.0,19.35,27.0,12.44,0.786,0.1419999999999999,20.68,9.23,14.6,23.83,24.15,17.57
746218,2024-06-25,2024,681351,R,665622,R,sac_fly,False,False,193.0,0.281,47.0,24.35,11.0,5.7,0.794,0.185,32.07,16.08,15.4,31.47,34.09,19.48,154.0,0.22,38.0,24.68,9.0,5.84,0.757,0.262,32.06,17.0,13.8,30.81,36.07,19.69,61.0,0.308,8.0,13.11,7.0,11.48,0.858,0.173,17.21,8.54,12.2,20.73,25.58,10.67,278.0,0.247,64.0,23.02,30.0,10.79,0.796,0.218,27.38,12.79,14.88,27.68,28.05,20.71
746218,2024-06-25,2024,687263,R,665622,R,strikeout,True,False,229.0,0.218,58.0,25.33,12.0,5.24,0.6839999999999999,0.19399999999999998,29.05,15.11,15.22,30.33,34.17,21.97,262.0,0.222,62.0,23.66,18.0,6.87,0.6599999999999999,0.1349999999999999,28.77,13.7,16.19,29.89,23.52,18.84,61.0,0.308,8.0,13.11,7.0,11.48,0.858,0.173,17.21,8.54,12.2,20.73,25.58,10.67,278.0,0.247,64.0,23.02,30.0,10.79,0.796,0.218,27.38,12.79,14.88,27.68,28.05,20.71
746218,2024-06-25,2024,666160,L,665622,R,single,False,False,181.0,0.207,47.0,25.97,12.0,6.63,0.5800000000000001,0.11300000000000002,27.9,15.5,12.21,27.71,36.19,18.8,259.0,0.293,93.0,35.91,7.0,2.7,0.8620000000000001,0.249,38.62,24.01,9.43,33.44,46.84,30.07,49.0,0.233,9.0,18.37,5.0,10.2,0.629,0.06899999999999998,18.18,8.16,14.8,22.96,21.57,18.37,217.0,0.266,42.0,19.35,27.0,12.44,0.786,0.1419999999999999,20.68,9.23,14.6,23.83,24.15,17.57
746218,2024-06-25,2024,666176,R,665622,R,strikeout,True,False,174.0,0.167,59.0,33.91,10.0,5.75,0.532,0.13399999999999998,30.51,15.23,14.25,29.48,30.92,23.32,43.0,0.205,18.0,41.86,4.0,9.3,0.7150000000000001,0.231,40.66,20.67,14.53,35.2,30.34,25.35,61.0,0.308,8.0,13.11,7.0,11.48,0.858,0.173,17.21,8.54,12.2,20.73,25.58,10.67,278.0,0.247,64.0,23.02,30.0,10.79,0.796,0.218,27.38,12.79,14.88,27.68,28.05,20.71
746218,2024-06-25,2024,691016,L,656288,R,strikeout,True,False,113.0,0.227,36.0,31.86,12.0,10.62,0.773,0.216,34.18,15.76,15.76,31.53,29.41,30.25,118.0,0.159,37.0,31.36,10.0,8.47,0.472,0.0839999999999999,33.93,16.67,14.91,31.58,29.36,28.91,197.0,0.283,30.0,15.23,18.0,9.14,0.875,0.24300000000000005,22.64,10.69,14.89,25.57,31.09,14.85,259.0,0.217,61.0,23.55,20.0,7.72,0.6319999999999999,0.1279999999999999,29.4,13.84,16.18,30.02,28.54,20.4
746218,2024-06-25,2024,669127,R,656288,R,strikeout,True,False,187.0,0.207,50.0,26.74,13.0,6.95,0.74,0.26,30.18,15.18,15.8,30.98,32.42,27.78,344.0,0.217,101.0,29.36,23.0,6.69,0.7230000000000001,0.226,32.34,16.3,14.73,31.03,31.22,23.88,181.0,0.233,29.0,16.02,12.0,6.63,0.6679999999999999,0.13499999999999998,21.41,10.77,15.23,26.0,26.6,16.2,277.0,0.271,78.0,28.16,16.0,5.78,0.8260000000000001,0.237,28.77,14.19,17.3,31.49,29.39,19.31
746218,2024-06-25,2024,663527,R,656288,R,field_out,False,False,103.0,0.228,25.0,24.27,10.0,9.71,0.637,0.098,29.47,14.11,16.37,30.48,26.11,22.52,79.0,0.167,18.0,22.78,9.0,11.39,0.5489999999999999,0.091,24.38,11.4,17.84,29.24,24.85,14.29,181.0,0.233,29.0,16.02,12.0,6.63,0.6679999999999999,0.13499999999999998,21.41,10.77,15.23,26.0,26.6,16.2,277.0,0.271,78.0,28.16,16.0,5.78,0.8260000000000001,0.237,28.77,14.19,17.3,31.49,29.39,19.31
746218,2024-06-25,2024,683021,R,605156,R,field_out,False,False,28.0,0.13,2.0,7.14,3.0,10.71,0.433,0.043999999999999984,4.88,1.87,26.17,28.04,13.33,6.06,52.0,0.348,7.0,13.46,5.0,9.62,0.836,0.065,6.58,2.6,20.83,23.44,14.58,14.89,72.0,0.292,9.0,12.5,4.0,5.56,0.7190000000000001,0.10800000000000004,20.47,10.7,16.46,27.16,34.15,13.24,,,,,,,,,,,,,,
746218,2024-06-25,2024,694384,L,605156,R,field_out,False,False,227.0,0.224,40.0,17.62,19.0,8.37,0.641,0.11900000000000002,15.97,6.92,20.75,27.66,24.55,15.0,104.0,0.291,15.0,14.42,14.0,13.46,0.7569999999999999,0.0579999999999999,18.78,8.02,17.92,25.94,20.47,11.45,47.0,0.333,3.0,6.38,4.0,8.51,1.0230000000000001,0.286,18.92,8.75,12.5,21.25,21.43,8.33,,,,,,,,,,,,,,
746218,2024-06-25,2024,650859,L,605156,R,field_out,False,False,189.0,0.287,25.0,13.23,11.0,5.82,0.7210000000000001,0.09300000000000003,20.28,10.81,12.3,23.11,32.6,12.63,322.0,0.24,60.0,18.63,31.0,9.63,0.7270000000000001,0.166,24.18,11.79,13.87,25.66,28.19,14.39,47.0,0.333,3.0,6.38,4.0,8.51,1.0230000000000001,0.286,18.92,8.75,12.5,21.25,21.43,8.33,,,,,,,,,,,,,,
746218,2024-06-25,2024,680869,R,656288,R,single,False,False,189.0,0.195,66.0,34.92,11.0,5.82,0.591,0.14999999999999997,35.28,18.0,15.56,33.56,29.01,29.73,220.0,0.303,54.0,24.55,18.0,8.18,0.969,0.298,30.92,15.24,15.12,30.36,29.22,21.29,181.0,0.233,29.0,16.02,12.0,6.63,0.6679999999999999,0.13499999999999998,21.41,10.77,15.23,26.0,26.6,16.2,277.0,0.271,78.0,28.16,16.0,5.78,0.8260000000000001,0.237,28.77,14.19,17.3,31.49,29.39,19.31
746218,2024-06-25,2024,671732,L,656288,R,field_out,False,False,122.0,0.204,35.0,28.69,14.0,11.48,0.601,0.10200000000000001,29.26,12.91,18.3,31.21,25.64,21.12,107.0,0.216,29.0,27.1,3.0,2.8,0.616,0.157,31.16,14.83,17.7,32.54,26.94,22.48,197.0,0.283,30.0,15.23,18.0,9.14,0.875,0.24300000000000005,22.64,10.69,14.89,25.57,31.09,14.85,259.0,0.217,61.0,23.55,20.0,7.72,0.6319999999999999,0.1279999999999999,29.4,13.84,16.18,30.02,28.54,20.4
746218,2024-06-25,2024,649557,R,656288,R,strikeout,True,False,22.0,0.091,5.0,22.73,0.0,0.0,0.182,0.0,22.5,13.04,20.29,33.33,46.67,29.41,207.0,0.225,42.0,20.29,8.0,3.86,0.6020000000000001,0.1,24.15,12.87,15.66,28.53,35.94,22.34,181.0,0.233,29.0,16.02,12.0,6.63,0.6679999999999999,0.13499999999999998,21.41,10.77,15.23,26.0,26.6,16.2,277.0,0.271,78.0,28.16,16.0,5.78,0.8260000000000001,0.237,28.77,14.19,17.3,31.49,29.39,19.31
746218,2024-06-25,2024,668709,L,656288,R,field_out,False,False,268.0,0.264,47.0,17.54,31.0,11.57,0.812,0.196,24.12,10.38,17.14,27.52,22.74,17.34,232.0,0.209,53.0,22.84,35.0,15.09,0.726,0.184,28.61,12.18,15.3,27.48,19.27,20.46,197.0,0.283,30.0,15.23,18.0,9.14,0.875,0.24300000000000005,22.64,10.69,14.89,25.57,31.09,14.85,259.0,0.217,61.0,23.55,20.0,7.72,0.6319999999999999,0.1279999999999999,29.4,13.84,16.18,30.02,28.54,20.4
746218,2024-06-25,2024,621493,R,605156,R,strikeout,True,False,254.0,0.211,61.0,24.02,30.0,11.81,0.708,0.19300000000000003,23.92,9.96,19.82,29.78,18.26,20.41,295.0,0.233,61.0,20.68,27.0,9.15,0.702,0.148,23.43,10.4,15.98,26.37,23.09,17.78,72.0,0.292,9.0,12.5,4.0,5.56,0.7190000000000001,0.10800000000000004,20.47,10.7,16.46,27.16,34.15,13.24,,,,,,,,,,,,,,
746218,2024-06-25,2024,641432,L,605156,R,field_out,False,False,128.0,0.283,17.0,13.28,7.0,5.47,0.72,0.11700000000000005,14.03,6.46,17.29,23.75,23.75,14.91,139.0,0.256,15.0,10.79,13.0,9.35,0.756,0.176,14.22,5.56,19.54,25.1,21.32,10.83,47.0,0.333,3.0,6.38,4.0,8.51,1.0230000000000001,0.286,18.92,8.75,12.5,21.25,21.43,8.33,,,,,,,,,,,,,,
746218,2024-06-25,2024,681351,R,605156,R,field_out,False,False,193.0,0.281,47.0,24.35,11.0,5.7,0.794,0.185,32.07,16.08,15.4,31.47,34.09,19.48,154.0,0.22,38.0,24.68,9.0,5.84,0.757,0.262,32.06,17.0,13.8,30.81,36.07,19.69,72.0,0.292,9.0,12.5,4.0,5.56,0.7190000000000001,0.10800000000000004,20.47,10.7,16.46,27.16,34.15,13.24,,,,,,,,,,,,,,
746218,2024-06-25,2024,609280,R,656288,R,double,False,False,100.0,0.292,14.0,14.0,3.0,3.0,0.685,0.08300000000000002,15.87,8.13,17.89,26.02,35.87,13.08,52.0,0.229,6.0,11.54,4.0,7.69,0.705,0.1879999999999999,14.58,7.49,13.9,21.39,30.93,12.77,181.0,0.233,29.0,16.02,12.0,6.63,0.6679999999999999,0.13499999999999998,21.41,10.77,15.23,26.0,26.6,16.2,277.0,0.271,78.0,28.16,16.0,5.78,0.8260000000000001,0.237,28.77,14.19,17.3,31.49,29.39,19.31
746218,2024-06-25,2024,667670,R,656288,R,walk,False,True,213.0,0.263,78.0,36.62,23.0,10.8,0.833,0.22099999999999997,38.79,18.8,12.8,31.6,30.02,29.55,351.0,0.23,115.0,32.76,33.0,9.4,0.788,0.2419999999999999,37.94,17.82,16.3,34.12,28.65,23.47,181.0,0.233,29.0,16.02,12.0,6.63,0.6679999999999999,0.13499999999999998,21.41,10.77,15.23,26.0,26.6,16.2,277.0,0.271,78.0,28.16,16.0,5.78,0.8260000000000001,0.237,28.77,14.19,17.3,31.49,29.39,19.31
746218,2024-06-25,2024,691016,L,656288,R,grounded_into_double_play,False,False,113.0,0.227,36.0,31.86,12.0,10.62,0.773,0.216,34.18,15.76,15.76,31.53,29.41,30.25,118.0,0.159,37.0,31.36,10.0,8.47,0.472,0.0839999999999999,33.93,16.67,14.91,31.58,29.36,28.91,197.0,0.283,30.0,15.23,18.0,9.14,0.875,0.24300000000000005,22.64,10.69,14.89,25.57,31.09,14.85,259.0,0.217,61.0,23.55,20.0,7.72,0.6319999999999999,0.1279999999999999,29.4,13.84,16.18,30.02,28.54,20.4
746218,2024-06-25,2024,687263,R,605156,R,double,False,False,229.0,0.218,58.0,25.33,12.0,5.24,0.6839999999999999,0.19399999999999998,29.05,15.11,15.22,30.33,34.17,21.97,262.0,0.222,62.0,23.66,18.0,6.87,0.6599999999999999,0.1349999999999999,28.77,13.7,16.19,29.89,23.52,18.84,72.0,0.292,9.0,12.5,4.0,5.56,0.7190000000000001,0.10800000000000004,20.47,10.7,16.46,27.16,34.15,13.24,,,,,,,,,,,,,,
746218,2024-06-25,2024,666160,L,605156,R,double,False,False,181.0,0.207,47.0,25.97,12.0,6.63,0.5800000000000001,0.11300000000000002,27.9,15.5,12.21,27.71,36.19,18.8,259.0,0.293,93.0,35.91,7.0,2.7,0.8620000000000001,0.249,38.62,24.01,9.43,33.44,46.84,30.07,47.0,0.333,3.0,6.38,4.0,8.51,1.0230000000000001,0.286,18.92,8.75,12.5,21.25,21.43,8.33,,,,,,,,,,,,,,
746218,2024-06-25,2024,666176,R,605156,R,field_out,False,False,174.0,0.167,59.0,33.91,10.0,5.75,0.532,0.13399999999999998,30.51,15.23,14.25,29.48,30.92,23.32,43.0,0.205,18.0,41.86,4.0,9.3,0.7150000000000001,0.231,40.66,20.67,14.53,35.2,30.34,25.35,72.0,0.292,9.0,12.5,4.0,5.56,0.7190000000000001,0.10800000000000004,20.47,10.7,16.46,27.16,34.15,13.24,,,,,,,,,,,,,,
746218,2024-06-25,2024,683021,R,605156,R,walk,False,True,28.0,0.13,2.0,7.14,3.0,10.71,0.433,0.043999999999999984,4.88,1.87,26.17,28.04,13.33,6.06,52.0,0.348,7.0,13.46,5.0,9.62,0.836,0.065,6.58,2.6,20.83,23.44,14.58,14.89,72.0,0.292,9.0,12.5,4.0,5.56,0.7190000000000001,0.10800000000000004,20.47,10.7,16.46,27.16,34.15,13.24,,,,,,,,,,,,,,
746218,2024-06-25,2024,694384,L,605156,R,field_out,False,False,227.0,0.224,40.0,17.62,19.0,8.37,0.641,0.11900000000000002,15.97,6.92,20.75,27.66,24.55,15.0,104.0,0.291,15.0,14.42,14.0,13.46,0.7569999999999999,0.0579999999999999,18.78,8.02,17.92,25.94,20.47,11.45,47.0,0.333,3.0,6.38,4.0,8.51,1.0230000000000001,0.286,18.92,8.75,12.5,21.25,21.43,8.33,,,,,,,,,,,,,,
746218,2024-06-25,2024,669127,R,656288,R,strikeout,True,False,187.0,0.207,50.0,26.74,13.0,6.95,0.74,0.26,30.18,15.18,15.8,30.98,32.42,27.78,344.0,0.217,101.0,29.36,23.0,6.69,0.7230000000000001,0.226,32.34,16.3,14.73,31.03,31.22,23.88,181.0,0.233,29.0,16.02,12.0,6.63,0.6679999999999999,0.13499999999999998,21.41,10.77,15.23,26.0,26.6,16.2,277.0,0.271,78.0,28.16,16.0,5.78,0.8260000000000001,0.237,28.77,14.19,17.3,31.49,29.39,19.31
746218,2024-06-25,2024,663527,R,656288,R,field_out,False,False,103.0,0.228,25.0,24.27,10.0,9.71,0.637,0.098,29.47,14.11,16.37,30.48,26.11,22.52,79.0,0.167,18.0,22.78,9.0,11.39,0.5489999999999999,0.091,24.38,11.4,17.84,29.24,24.85,14.29,181.0,0.233,29.0,16.02,12.0,6.63,0.6679999999999999,0.13499999999999998,21.41,10.77,15.23,26.0,26.6,16.2,277.0,0.271,78.0,28.16,16.0,5.78,0.8260000000000001,0.237,28.77,14.19,17.3,31.49,29.39,19.31
746218,2024-06-25,2024,680869,R,656288,R,field_out,False,False,189.0,0.195,66.0,34.92,11.0,5.82,0.591,0.14999999999999997,35.28,18.0,15.56,33.56,29.01,29.73,220.0,0.303,54.0,24.55,18.0,8.18,0.969,0.298,30.92,15.24,15.12,30.36,29.22,21.29,181.0,0.233,29.0,16.02,12.0,6.63,0.6679999999999999,0.13499999999999998,21.41,10.77,15.23,26.0,26.6,16.2,277.0,0.271,78.0,28.16,16.0,5.78,0.8260000000000001,0.237,28.77,14.19,17.3,31.49,29.39,19.31
746218,2024-06-25,2024,650859,L,605156,R,single,False,False,189.0,0.287,25.0,13.23,11.0,5.82,0.7210000000000001,0.09300000000000003,20.28,10.81,12.3,23.11,32.6,12.63,322.0,0.24,60.0,18.63,31.0,9.63,0.7270000000000001,0.166,24.18,11.79,13.87,25.66,28.19,14.39,47.0,0.333,3.0,6.38,4.0,8.51,1.0230000000000001,0.286,18.92,8.75,12.5,21.25,21.43,8.33,,,,,,,,,,,,,,
746218,2024-06-25,2024,621493,R,605156,R,grounded_into_double_play,False,False,254.0,0.211,61.0,24.02,30.0,11.81,0.708,0.19300000000000003,23.92,9.96,19.82,29.78,18.26,20.41,295.0,0.233,61.0,20.68,27.0,9.15,0.702,0.148,23.43,10.4,15.98,26.37,23.09,17.78,72.0,0.292,9.0,12.5,4.0,5.56,0.7190000000000001,0.10800000000000004,20.47,10.7,16.46,27.16,34.15,13.24,,,,,,,,,,,,,,
746218,2024-06-25,2024,641432,L,605156,R,double,False,False,128.0,0.283,17.0,13.28,7.0,5.47,0.72,0.11700000000000005,14.03,6.46,17.29,23.75,23.75,14.91,139.0,0.256,15.0,10.79,13.0,9.35,0.756,0.176,14.22,5.56,19.54,25.1,21.32,10.83,47.0,0.333,3.0,6.38,4.0,8.51,1.0230000000000001,0.286,18.92,8.75,12.5,21.25,21.43,8.33,,,,,,,,,,,,,,
746218,2024-06-25,2024,681351,R,605156,R,field_out,False,False,193.0,0.281,47.0,24.35,11.0,5.7,0.794,0.185,32.07,16.08,15.4,31.47,34.09,19.48,154.0,0.22,38.0,24.68,9.0,5.84,0.757,0.262,32.06,17.0,13.8,30.81,36.07,19.69,72.0,0.292,9.0,12.5,4.0,5.56,0.7190000000000001,0.10800000000000004,20.47,10.7,16.46,27.16,34.15,13.24,,,,,,,,,,,,,,
746218,2024-06-25,2024,671732,L,690829,R,strikeout,True,False,122.0,0.204,35.0,28.69,14.0,11.48,0.601,0.10200000000000001,29.26,12.91,18.3,31.21,25.64,21.12,107.0,0.216,29.0,27.1,3.0,2.8,0.616,0.157,31.16,14.83,17.7,32.54,26.94,22.48,17.0,0.267,5.0,29.41,2.0,11.76,0.6859999999999999,0.066,32.14,16.67,14.81,31.48,26.09,50.0,19.0,0.077,3.0,15.79,6.0,31.58,0.445,0.0,24.0,7.69,15.38,23.08,11.9,18.75
746218,2024-06-25,2024,649557,R,690829,R,field_out,False,False,22.0,0.091,5.0,22.73,0.0,0.0,0.182,0.0,22.5,13.04,20.29,33.33,46.67,29.41,207.0,0.225,42.0,20.29,8.0,3.86,0.6020000000000001,0.1,24.15,12.87,15.66,28.53,35.94,22.34,25.0,0.286,4.0,16.0,3.0,12.0,0.6859999999999999,0.0,26.0,11.5,15.93,27.43,23.64,12.9,29.0,0.333,7.0,24.14,3.0,10.34,0.914,0.1669999999999999,25.0,12.1,19.35,31.45,33.33,17.07
746218,2024-06-25,2024,668709,L,690829,R,single,False,False,268.0,0.264,47.0,17.54,31.0,11.57,0.812,0.196,24.12,10.38,17.14,27.52,22.74,17.34,232.0,0.209,53.0,22.84,35.0,15.09,0.726,0.184,28.61,12.18,15.3,27.48,19.27,20.46,17.0,0.267,5.0,29.41,2.0,11.76,0.6859999999999999,0.066,32.14,16.67,14.81,31.48,26.09,50.0,19.0,0.077,3.0,15.79,6.0,31.58,0.445,0.0,24.0,7.69,15.38,23.08,11.9,18.75
746218,2024-06-25,2024,609280,R,690829,R,walk,False,True,100.0,0.292,14.0,14.0,3.0,3.0,0.685,0.08300000000000002,15.87,8.13,17.89,26.02,35.87,13.08,52.0,0.229,6.0,11.54,4.0,7.69,0.705,0.1879999999999999,14.58,7.49,13.9,21.39,30.93,12.77,25.0,0.286,4.0,16.0,3.0,12.0,0.6859999999999999,0.0,26.0,11.5,15.93,27.43,23.64,12.9,29.0,0.333,7.0,24.14,3.0,10.34,0.914,0.1669999999999999,25.0,12.1,19.35,31.45,33.33,17.07
746218,2024-06-25,2024,667670,R,690829,R,strikeout,True,False,213.0,0.263,78.0,36.62,23.0,10.8,0.833,0.22099999999999997,38.79,18.8,12.8,31.6,30.02,29.55,351.0,0.23,115.0,32.76,33.0,9.4,0.788,0.2419999999999999,37.94,17.82,16.3,34.12,28.65,23.47,25.0,0.286,4.0,16.0,3.0,12.0,0.6859999999999999,0.0,26.0,11.5,15.93,27.43,23.64,12.9,29.0,0.333,7.0,24.14,3.0,10.34,0.914,0.1669999999999999,25.0,12.1,19.35,31.45,33.33,17.07
746218,2024-06-25,2024,687263,R,605156,R,strikeout,True,False,229.0,0.218,58.0,25.33,12.0,5.24,0.6839999999999999,0.19399999999999998,29.05,15.11,15.22,30.33,34.17,21.97,262.0,0.222,62.0,23.66,18.0,6.87,0.6599999999999999,0.1349999999999999,28.77,13.7,16.19,29.89,23.52,18.84,72.0,0.292,9.0,12.5,4.0,5.56,0.7190000000000001,0.10800000000000004,20.47,10.7,16.46,27.16,34.15,13.24,,,,,,,,,,,,,,
746218,2024-06-25,2024,666160,L,605156,R,walk,False,True,181.0,0.207,47.0,25.97,12.0,6.63,0.5800000000000001,0.11300000000000002,27.9,15.5,12.21,27.71,36.19,18.8,259.0,0.293,93.0,35.91,7.0,2.7,0.8620000000000001,0.249,38.62,24.01,9.43,33.44,46.84,30.07,47.0,0.333,3.0,6.38,4.0,8.51,1.0230000000000001,0.286,18.92,8.75,12.5,21.25,21.43,8.33,,,,,,,,,,,,,,
746218,2024-06-25,2024,666176,R,605156,R,field_out,False,False,174.0,0.167,59.0,33.91,10.0,5.75,0.532,0.13399999999999998,30.51,15.23,14.25,29.48,30.92,23.32,43.0,0.205,18.0,41.86,4.0,9.3,0.7150000000000001,0.231,40.66,20.67,14.53,35.2,30.34,25.35,72.0,0.292,9.0,12.5,4.0,5.56,0.7190000000000001,0.10800000000000004,20.47,10.7,16.46,27.16,34.15,13.24,,,,,,,,,,,,,,
746218,2024-06-25,2024,683021,R,605156,R,field_out,False,False,28.0,0.13,2.0,7.14,3.0,10.71,0.433,0.043999999999999984,4.88,1.87,26.17,28.04,13.33,6.06,52.0,0.348,7.0,13.46,5.0,9.62,0.836,0.065,6.58,2.6,20.83,23.44,14.58,14.89,72.0,0.292,9.0,12.5,4.0,5.56,0.7190000000000001,0.10800000000000004,20.47,10.7,16.46,27.16,34.15,13.24,,,,,,,,,,,,,,
746218,2024-06-25,2024,691016,L,668968,R,field_out,False,False,113.0,0.227,36.0,31.86,12.0,10.62,0.773,0.216,34.18,15.76,15.76,31.53,29.41,30.25,118.0,0.159,37.0,31.36,10.0,8.47,0.472,0.0839999999999999,33.93,16.67,14.91,31.58,29.36,28.91,3.0,0.0,1.0,33.33,0.0,0.0,0.0,0.0,42.86,23.08,7.69,30.77,37.5,25.0,,,,,,,,,,,,,,
746218,2024-06-25,2024,669127,R,668968,R,strikeout,True,False,187.0,0.207,50.0,26.74,13.0,6.95,0.74,0.26,30.18,15.18,15.8,30.98,32.42,27.78,344.0,0.217,101.0,29.36,23.0,6.69,0.7230000000000001,0.226,32.34,16.3,14.73,31.03,31.22,23.88,4.0,0.0,3.0,75.0,1.0,25.0,0.25,0.0,71.43,27.78,16.67,44.44,30.0,75.0,,,,,,,,,,,,,,
746218,2024-06-25,2024,663527,R,668968,R,walk,False,True,103.0,0.228,25.0,24.27,10.0,9.71,0.637,0.098,29.47,14.11,16.37,30.48,26.11,22.52,79.0,0.167,18.0,22.78,9.0,11.39,0.5489999999999999,0.091,24.38,11.4,17.84,29.24,24.85,14.29,4.0,0.0,3.0,75.0,1.0,25.0,0.25,0.0,71.43,27.78,16.67,44.44,30.0,75.0,,,,,,,,,,,,,,
746218,2024-06-25,2024,680869,R,668968,R,strikeout,True,False,189.0,0.195,66.0,34.92,11.0,5.82,0.591,0.14999999999999997,35.28,18.0,15.56,33.56,29.01,29.73,220.0,0.303,54.0,24.55,18.0,8.18,0.969,0.298,30.92,15.24,15.12,30.36,29.22,21.29,4.0,0.0,3.0,75.0,1.0,25.0,0.25,0.0,71.43,27.78,16.67,44.44,30.0,75.0,,,,,,,,,,,,,,
745974,2024-06-25,2024,543760,R,642547,R,field_out,False,False,244.0,0.216,34.0,13.93,20.0,8.2,0.6339999999999999,0.13499999999999998,20.64,10.75,13.5,24.25,26.09,15.32,544.0,0.273,77.0,14.15,52.0,9.56,0.8360000000000001,0.2199999999999999,18.01,8.45,14.48,22.93,21.97,13.9,179.0,0.224,54.0,30.17,17.0,9.5,0.681,0.13099999999999998,31.17,14.74,14.23,28.97,26.71,18.69,318.0,0.209,115.0,36.16,19.0,5.97,0.669,0.192,37.03,17.53,15.68,33.21,29.6,24.11
745974,2024-06-25,2024,608369,L,642547,R,field_out,False,False,197.0,0.264,23.0,11.68,32.0,16.24,0.877,0.22699999999999998,20.0,9.72,7.92,17.64,23.92,12.57,370.0,0.333,55.0,14.86,42.0,11.35,1.075,0.334,23.9,12.77,6.35,19.12,27.26,15.8,184.0,0.219,58.0,31.52,14.0,7.61,0.64,0.142,34.49,15.99,14.52,30.51,28.64,25.33,362.0,0.215,95.0,26.24,35.0,9.67,0.669,0.16,30.45,14.66,14.59,29.25,27.92,19.08
745974,2024-06-25,2024,669701,L,642547,R,walk,False,True,198.0,0.287,31.0,15.66,19.0,9.6,0.8460000000000001,0.17500000000000004,18.31,8.52,18.22,26.74,23.31,12.86,200.0,0.194,46.0,23.0,19.0,9.5,0.623,0.13,20.71,8.96,19.58,28.54,22.65,15.97,184.0,0.219,58.0,31.52,14.0,7.61,0.64,0.142,34.49,15.99,14.52,30.51,28.64,25.33,362.0,0.215,95.0,26.24,35.0,9.67,0.669,0.16,30.45,14.66,14.59,29.25,27.92,19.08
745974,2024-06-25,2024,666969,R,642547,R,force_out,False,False,209.0,0.215,56.0,26.79,14.0,6.7,0.681,0.19299999999999998,35.41,17.93,12.25,30.18,33.7,26.05,480.0,0.245,138.0,28.75,41.0,8.54,0.8260000000000001,0.264,31.65,15.93,13.92,29.85,32.02,21.97,179.0,0.224,54.0,30.17,17.0,9.5,0.681,0.13099999999999998,31.17,14.74,14.23,28.97,26.71,18.69,318.0,0.209,115.0,36.16,19.0,5.97,0.669,0.192,37.03,17.53,15.68,33.21,29.6,24.11
745974,2024-06-25,2024,668930,L,547179,R,walk,False,True,250.0,0.302,39.0,15.6,22.0,8.8,0.8009999999999999,0.135,12.25,5.63,18.71,24.35,25.44,13.73,376.0,0.224,82.0,21.81,30.0,7.98,0.608,0.097,22.03,10.83,16.08,26.9,28.59,16.14,144.0,0.119,30.0,20.83,17.0,11.81,0.389,0.048000000000000015,24.91,11.45,15.38,26.84,26.3,17.06,354.0,0.218,70.0,19.77,32.0,9.04,0.6739999999999999,0.165,25.07,12.26,15.11,27.37,28.81,16.67
745974,2024-06-25,2024,661388,R,547179,R,grounded_into_double_play,False,False,264.0,0.293,49.0,18.56,23.0,8.71,0.829,0.176,28.54,13.5,14.21,27.72,24.47,17.88,434.0,0.262,94.0,21.66,42.0,9.68,0.72,0.119,27.61,11.63,19.55,31.17,24.86,18.08,162.0,0.295,25.0,15.43,14.0,8.64,0.898,0.23900000000000005,19.34,8.47,18.37,26.84,23.29,13.97,271.0,0.275,41.0,15.13,15.0,5.54,0.734,0.1429999999999999,17.01,8.49,18.12,26.6,31.74,13.95
745974,2024-06-25,2024,592885,L,547179,R,strikeout,True,False,156.0,0.304,32.0,20.51,19.0,12.18,0.8460000000000001,0.15500000000000003,22.84,10.41,13.56,23.97,25.51,16.41,473.0,0.294,103.0,21.78,64.0,13.53,0.882,0.195,26.99,11.53,15.4,26.93,23.89,19.07,144.0,0.119,30.0,20.83,17.0,11.81,0.389,0.048000000000000015,24.91,11.45,15.38,26.84,26.3,17.06,354.0,0.218,70.0,19.77,32.0,9.04,0.6739999999999999,0.165,25.07,12.26,15.11,27.37,28.81,16.67
745974,2024-06-25,2024,663993,L,642547,R,field_out,False,False,155.0,0.256,28.0,18.06,19.0,12.26,0.709,0.10499999999999998,15.13,6.46,17.48,23.94,25.6,14.89,505.0,0.279,113.0,22.38,69.0,13.66,0.833,0.172,19.81,8.64,15.62,24.26,19.45,16.87,184.0,0.219,58.0,31.52,14.0,7.61,0.64,0.142,34.49,15.99,14.52,30.51,28.64,25.33,362.0,0.215,95.0,26.24,35.0,9.67,0.669,0.16,30.45,14.66,14.59,29.25,27.92,19.08
745974,2024-06-25,2024,694671,R,642547,R,strikeout,True,False,168.0,0.261,30.0,17.86,10.0,5.95,0.6539999999999999,0.08299999999999996,20.13,8.95,19.05,27.99,23.8,13.45,,,,,,,,,,,,,,,179.0,0.224,54.0,30.17,17.0,9.5,0.681,0.13099999999999998,31.17,14.74,14.23,28.97,26.71,18.69,318.0,0.209,115.0,36.16,19.0,5.97,0.669,0.192,37.03,17.53,15.68,33.21,29.6,24.11
745974,2024-06-25,2024,641680,L,642547,R,field_out,False,False,185.0,0.227,40.0,21.62,12.0,6.49,0.607,0.099,21.81,11.18,13.93,25.11,32.37,22.1,411.0,0.243,82.0,19.95,33.0,8.03,0.733,0.185,23.06,11.69,13.75,25.44,29.36,17.15,184.0,0.219,58.0,31.52,14.0,7.61,0.64,0.142,34.49,15.99,14.52,30.51,28.64,25.33,362.0,0.215,95.0,26.24,35.0,9.67,0.669,0.16,30.45,14.66,14.59,29.25,27.92,19.08
745974,2024-06-25,2024,642715,R,547179,R,field_out,False,False,263.0,0.263,57.0,21.67,28.0,10.65,0.81,0.203,29.14,14.08,14.46,28.54,26.41,18.04,480.0,0.212,117.0,24.38,47.0,9.79,0.702,0.194,32.44,16.53,12.85,29.38,32.69,19.28,162.0,0.295,25.0,15.43,14.0,8.64,0.898,0.23900000000000005,19.34,8.47,18.37,26.84,23.29,13.97,271.0,0.275,41.0,15.13,15.0,5.54,0.734,0.1429999999999999,17.01,8.49,18.12,26.6,31.74,13.95
745974,2024-06-25,2024,656555,R,547179,R,strikeout,True,False,190.0,0.23,51.0,26.84,20.0,10.53,0.76,0.206,26.61,10.78,21.09,31.87,21.9,18.89,,,,,,,,,,,,,,,162.0,0.295,25.0,15.43,14.0,8.64,0.898,0.23900000000000005,19.34,8.47,18.37,26.84,23.29,13.97,271.0,0.275,41.0,15.13,15.0,5.54,0.734,0.1429999999999999,17.01,8.49,18.12,26.6,31.74,13.95
745974,2024-06-25,2024,686217,L,547179,R,double,False,False,236.0,0.262,42.0,17.8,23.0,9.75,0.672,0.067,14.8,5.9,21.83,27.73,26.02,16.28,180.0,0.261,30.0,16.67,23.0,12.78,0.722,0.1049999999999999,15.26,6.63,20.31,26.94,29.52,13.18,144.0,0.119,30.0,20.83,17.0,11.81,0.389,0.048000000000000015,24.91,11.45,15.38,26.84,26.3,17.06,354.0,0.218,70.0,19.77,32.0,9.04,0.6739999999999999,0.165,25.07,12.26,15.11,27.37,28.81,16.67
745974,2024-06-25,2024,694192,R,547179,R,field_out,False,False,172.0,0.253,47.0,27.33,7.0,4.07,0.688,0.15399999999999997,30.6,15.4,18.57,33.97,36.7,24.23,,,,,,,,,,,,,,,162.0,0.295,25.0,15.43,14.0,8.64,0.898,0.23900000000000005,19.34,8.47,18.37,26.84,23.29,13.97,271.0,0.275,41.0,15.13,15.0,5.54,0.734,0.1429999999999999,17.01,8.49,18.12,26.6,31.74,13.95
745974,2024-06-25,2024,677649,R,642547,R,strikeout,True,False,115.0,0.264,26.0,22.61,4.0,3.48,0.651,0.09099999999999997,23.71,13.25,11.57,24.82,37.61,17.61,308.0,0.277,86.0,27.92,13.0,4.22,0.738,0.1409999999999999,28.89,15.73,13.64,29.37,39.12,22.25,179.0,0.224,54.0,30.17,17.0,9.5,0.681,0.13099999999999998,31.17,14.74,14.23,28.97,26.71,18.69,318.0,0.209,115.0,36.16,19.0,5.97,0.669,0.192,37.03,17.53,15.68,33.21,29.6,24.11
745974,2024-06-25,2024,665750,L,642547,R,strikeout,True,False,192.0,0.22,38.0,19.79,15.0,7.81,0.631,0.12999999999999998,23.78,12.19,14.68,26.87,32.14,17.51,405.0,0.275,86.0,21.23,25.0,6.17,0.767,0.174,24.9,12.5,15.05,27.55,29.44,18.34,184.0,0.219,58.0,31.52,14.0,7.61,0.64,0.142,34.49,15.99,14.52,30.51,28.64,25.33,362.0,0.215,95.0,26.24,35.0,9.67,0.669,0.16,30.45,14.66,14.59,29.25,27.92,19.08
745974,2024-06-25,2024,543760,R,642547,R,field_out,False,False,244.0,0.216,34.0,13.93,20.0,8.2,0.6339999999999999,0.13499999999999998,20.64,10.75,13.5,24.25,26.09,15.32,544.0,0.273,77.0,14.15,52.0,9.56,0.8360000000000001,0.2199999999999999,18.01,8.45,14.48,22.93,21.97,13.9,179.0,0.224,54.0,30.17,17.0,9.5,0.681,0.13099999999999998,31.17,14.74,14.23,28.97,26.71,18.69,318.0,0.209,115.0,36.16,19.0,5.97,0.669,0.192,37.03,17.53,15.68,33.21,29.6,24.11
745974,2024-06-25,2024,663368,L,547179,R,field_out,False,False,186.0,0.259,53.0,28.49,16.0,8.6,0.7190000000000001,0.127,30.62,12.89,20.44,33.33,24.0,27.18,110.0,0.231,33.0,30.0,17.0,15.45,0.715,0.1319999999999999,24.04,9.0,23.31,32.31,18.26,20.5,144.0,0.119,30.0,20.83,17.0,11.81,0.389,0.048000000000000015,24.91,11.45,15.38,26.84,26.3,17.06,354.0,0.218,70.0,19.77,32.0,9.04,0.6739999999999999,0.165,25.07,12.26,15.11,27.37,28.81,16.67
745974,2024-06-25,2024,655316,R,547179,R,strikeout,True,False,17.0,0.2,6.0,35.29,2.0,11.76,0.5609999999999999,0.067,33.33,14.29,15.48,29.76,21.95,18.75,222.0,0.246,47.0,21.17,16.0,7.21,0.636,0.084,22.47,9.47,20.0,29.47,20.54,16.43,162.0,0.295,25.0,15.43,14.0,8.64,0.898,0.23900000000000005,19.34,8.47,18.37,26.84,23.29,13.97,271.0,0.275,41.0,15.13,15.0,5.54,0.734,0.1429999999999999,17.01,8.49,18.12,26.6,31.74,13.95
745974,2024-06-25,2024,668930,L,547179,R,field_out,False,False,250.0,0.302,39.0,15.6,22.0,8.8,0.8009999999999999,0.135,12.25,5.63,18.71,24.35,25.44,13.73,376.0,0.224,82.0,21.81,30.0,7.98,0.608,0.097,22.03,10.83,16.08,26.9,28.59,16.14,144.0,0.119,30.0,20.83,17.0,11.81,0.389,0.048000000000000015,24.91,11.45,15.38,26.84,26.3,17.06,354.0,0.218,70.0,19.77,32.0,9.04,0.6739999999999999,0.165,25.07,12.26,15.11,27.37,28.81,16.67
745974,2024-06-25,2024,608369,L,642547,R,field_out,False,False,197.0,0.264,23.0,11.68,32.0,16.24,0.877,0.22699999999999998,20.0,9.72,7.92,17.64,23.92,12.57,370.0,0.333,55.0,14.86,42.0,11.35,1.075,0.334,23.9,12.77,6.35,19.12,27.26,15.8,184.0,0.219,58.0,31.52,14.0,7.61,0.64,0.142,34.49,15.99,14.52,30.51,28.64,25.33,362.0,0.215,95.0,26.24,35.0,9.67,0.669,0.16,30.45,14.66,14.59,29.25,27.92,19.08
745974,2024-06-25,2024,669701,L,642547,R,field_out,False,False,198.0,0.287,31.0,15.66,19.0,9.6,0.8460000000000001,0.17500000000000004,18.31,8.52,18.22,26.74,23.31,12.86,200.0,0.194,46.0,23.0,19.0,9.5,0.623,0.13,20.71,8.96,19.58,28.54,22.65,15.97,184.0,0.219,58.0,31.52,14.0,7.61,0.64,0.142,34.49,15.99,14.52,30.51,28.64,25.33,362.0,0.215,95.0,26.24,35.0,9.67,0.669,0.16,30.45,14.66,14.59,29.25,27.92,19.08
745974,2024-06-25,2024,666969,R,642547,R,single,False,False,209.0,0.215,56.0,26.79,14.0,6.7,0.681,0.19299999999999998,35.41,17.93,12.25,30.18,33.7,26.05,480.0,0.245,138.0,28.75,41.0,8.54,0.8260000000000001,0.264,31.65,15.93,13.92,29.85,32.02,21.97,179.0,0.224,54.0,30.17,17.0,9.5,0.681,0.13099999999999998,31.17,14.74,14.23,28.97,26.71,18.69,318.0,0.209,115.0,36.16,19.0,5.97,0.669,0.192,37.03,17.53,15.68,33.21,29.6,24.11
745974,2024-06-25,2024,663993,L,642547,R,strikeout,True,False,155.0,0.256,28.0,18.06,19.0,12.26,0.709,0.10499999999999998,15.13,6.46,17.48,23.94,25.6,14.89,505.0,0.279,113.0,22.38,69.0,13.66,0.833,0.172,19.81,8.64,15.62,24.26,19.45,16.87,184.0,0.219,58.0,31.52,14.0,7.61,0.64,0.142,34.49,15.99,14.52,30.51,28.64,25.33,362.0,0.215,95.0,26.24,35.0,9.67,0.669,0.16,30.45,14.66,14.59,29.25,27.92,19.08
745974,2024-06-25,2024,661388,R,547179,R,field_out,False,False,264.0,0.293,49.0,18.56,23.0,8.71,0.829,0.176,28.54,13.5,14.21,27.72,24.47,17.88,434.0,0.262,94.0,21.66,42.0,9.68,0.72,0.119,27.61,11.63,19.55,31.17,24.86,18.08,162.0,0.295,25.0,15.43,14.0,8.64,0.898,0.23900000000000005,19.34,8.47,18.37,26.84,23.29,13.97,271.0,0.275,41.0,15.13,15.0,5.54,0.734,0.1429999999999999,17.01,8.49,18.12,26.6,31.74,13.95
745974,2024-06-25,2024,592885,L,547179,R,single,False,False,156.0,0.304,32.0,20.51,19.0,12.18,0.8460000000000001,0.15500000000000003,22.84,10.41,13.56,23.97,25.51,16.41,473.0,0.294,103.0,21.78,64.0,13.53,0.882,0.195,26.99,11.53,15.4,26.93,23.89,19.07,144.0,0.119,30.0,20.83,17.0,11.81,0.389,0.048000000000000015,24.91,11.45,15.38,26.84,26.3,17.06,354.0,0.218,70.0,19.77,32.0,9.04,0.6739999999999999,0.165,25.07,12.26,15.11,27.37,28.81,16.67
745974,2024-06-25,2024,642715,R,547179,R,force_out,False,False,263.0,0.263,57.0,21.67,28.0,10.65,0.81,0.203,29.14,14.08,14.46,28.54,26.41,18.04,480.0,0.212,117.0,24.38,47.0,9.79,0.702,0.194,32.44,16.53,12.85,29.38,32.69,19.28,162.0,0.295,25.0,15.43,14.0,8.64,0.898,0.23900000000000005,19.34,8.47,18.37,26.84,23.29,13.97,271.0,0.275,41.0,15.13,15.0,5.54,0.734,0.1429999999999999,17.01,8.49,18.12,26.6,31.74,13.95
745974,2024-06-25,2024,656555,R,547179,R,field_out,False,False,190.0,0.23,51.0,26.84,20.0,10.53,0.76,0.206,26.61,10.78,21.09,31.87,21.9,18.89,,,,,,,,,,,,,,,162.0,0.295,25.0,15.43,14.0,8.64,0.898,0.23900000000000005,19.34,8.47,18.37,26.84,23.29,13.97,271.0,0.275,41.0,15.13,15.0,5.54,0.734,0.1429999999999999,17.01,8.49,18.12,26.6,31.74,13.95
745974,2024-06-25,2024,694671,R,642547,R,field_out,False,False,168.0,0.261,30.0,17.86,10.0,5.95,0.6539999999999999,0.08299999999999996,20.13,8.95,19.05,27.99,23.8,13.45,,,,,,,,,,,,,,,179.0,0.224,54.0,30.17,17.0,9.5,0.681,0.13099999999999998,31.17,14.74,14.23,28.97,26.71,18.69,318.0,0.209,115.0,36.16,19.0,5.97,0.669,0.192,37.03,17.53,15.68,33.21,29.6,24.11
745974,2024-06-25,2024,641680,L,642547,R,single,False,False,185.0,0.227,40.0,21.62,12.0,6.49,0.607,0.099,21.81,11.18,13.93,25.11,32.37,22.1,411.0,0.243,82.0,19.95,33.0,8.03,0.733,0.185,23.06,11.69,13.75,25.44,29.36,17.15,184.0,0.219,58.0,31.52,14.0,7.61,0.64,0.142,34.49,15.99,14.52,30.51,28.64,25.33,362.0,0.215,95.0,26.24,35.0,9.67,0.669,0.16,30.45,14.66,14.59,29.25,27.92,19.08
745974,2024-06-25,2024,677649,R,642547,R,strikeout,True,False,115.0,0.264,26.0,22.61,4.0,3.48,0.651,0.09099999999999997,23.71,13.25,11.57,24.82,37.61,17.61,308.0,0.277,86.0,27.92,13.0,4.22,0.738,0.1409999999999999,28.89,15.73,13.64,29.37,39.12,22.25,179.0,0.224,54.0,30.17,17.0,9.5,0.681,0.13099999999999998,31.17,14.74,14.23,28.97,26.71,18.69,318.0,0.209,115.0,36.16,19.0,5.97,0.669,0.192,37.03,17.53,15.68,33.21,29.6,24.11
745974,2024-06-25,2024,665750,L,642547,R,walk,False,True,192.0,0.22,38.0,19.79,15.0,7.81,0.631,0.12999999999999998,23.78,12.19,14.68,26.87,32.14,17.51,405.0,0.275,86.0,21.23,25.0,6.17,0.767,0.174,24.9,12.5,15.05,27.55,29.44,18.34,184.0,0.219,58.0,31.52,14.0,7.61,0.64,0.142,34.49,15.99,14.52,30.51,28.64,25.33,362.0,0.215,95.0,26.24,35.0,9.67,0.669,0.16,30.45,14.66,14.59,29.25,27.92,19.08
745974,2024-06-25,2024,543760,R,642547,R,single,False,False,244.0,0.216,34.0,13.93,20.0,8.2,0.6339999999999999,0.13499999999999998,20.64,10.75,13.5,24.25,26.09,15.32,544.0,0.273,77.0,14.15,52.0,9.56,0.8360000000000001,0.2199999999999999,18.01,8.45,14.48,22.93,21.97,13.9,179.0,0.224,54.0,30.17,17.0,9.5,0.681,0.13099999999999998,31.17,14.74,14.23,28.97,26.71,18.69,318.0,0.209,115.0,36.16,19.0,5.97,0.669,0.192,37.03,17.53,15.68,33.21,29.6,24.11
745974,2024-06-25,2024,608369,L,642547,R,single,False,False,197.0,0.264,23.0,11.68,32.0,16.24,0.877,0.22699999999999998,20.0,9.72,7.92,17.64,23.92,12.57,370.0,0.333,55.0,14.86,42.0,11.35,1.075,0.334,23.9,12.77,6.35,19.12,27.26,15.8,184.0,0.219,58.0,31.52,14.0,7.61,0.64,0.142,34.49,15.99,14.52,30.51,28.64,25.33,362.0,0.215,95.0,26.24,35.0,9.67,0.669,0.16,30.45,14.66,14.59,29.25,27.92,19.08
745974,2024-06-25,2024,669701,L,642547,R,strikeout,True,False,198.0,0.287,31.0,15.66,19.0,9.6,0.8460000000000001,0.17500000000000004,18.31,8.52,18.22,26.74,23.31,12.86,200.0,0.194,46.0,23.0,19.0,9.5,0.623,0.13,20.71,8.96,19.58,28.54,22.65,15.97,184.0,0.219,58.0,31.52,14.0,7.61,0.64,0.142,34.49,15.99,14.52,30.51,28.64,25.33,362.0,0.215,95.0,26.24,35.0,9.67,0.669,0.16,30.45,14.66,14.59,29.25,27.92,19.08
745974,2024-06-25,2024,686217,L,547179,R,strikeout,True,False,236.0,0.262,42.0,17.8,23.0,9.75,0.672,0.067,14.8,5.9,21.83,27.73,26.02,16.28,180.0,0.261,30.0,16.67,23.0,12.78,0.722,0.1049999999999999,15.26,6.63,20.31,26.94,29.52,13.18,144.0,0.119,30.0,20.83,17.0,11.81,0.389,0.048000000000000015,24.91,11.45,15.38,26.84,26.3,17.06,354.0,0.218,70.0,19.77,32.0,9.04,0.6739999999999999,0.165,25.07,12.26,15.11,27.37,28.81,16.67
745974,2024-06-25,2024,694192,R,547179,R,single,False,False,172.0,0.253,47.0,27.33,7.0,4.07,0.688,0.15399999999999997,30.6,15.4,18.57,33.97,36.7,24.23,,,,,,,,,,,,,,,162.0,0.295,25.0,15.43,14.0,8.64,0.898,0.23900000000000005,19.34,8.47,18.37,26.84,23.29,13.97,271.0,0.275,41.0,15.13,15.0,5.54,0.734,0.1429999999999999,17.01,8.49,18.12,26.6,31.74,13.95
745974,2024-06-25,2024,663368,L,547179,R,single,False,False,186.0,0.259,53.0,28.49,16.0,8.6,0.7190000000000001,0.127,30.62,12.89,20.44,33.33,24.0,27.18,110.0,0.231,33.0,30.0,17.0,15.45,0.715,0.1319999999999999,24.04,9.0,23.31,32.31,18.26,20.5,144.0,0.119,30.0,20.83,17.0,11.81,0.389,0.048000000000000015,24.91,11.45,15.38,26.84,26.3,17.06,354.0,0.218,70.0,19.77,32.0,9.04,0.6739999999999999,0.165,25.07,12.26,15.11,27.37,28.81,16.67
745974,2024-06-25,2024,655316,R,547179,R,strikeout,True,False,17.0,0.2,6.0,35.29,2.0,11.76,0.5609999999999999,0.067,33.33,14.29,15.48,29.76,21.95,18.75,222.0,0.246,47.0,21.17,16.0,7.21,0.636,0.084,22.47,9.47,20.0,29.47,20.54,16.43,162.0,0.295,25.0,15.43,14.0,8.64,0.898,0.23900000000000005,19.34,8.47,18.37,26.84,23.29,13.97,271.0,0.275,41.0,15.13,15.0,5.54,0.734,0.1429999999999999,17.01,8.49,18.12,26.6,31.74,13.95
745974,2024-06-25,2024,668930,L,547179,R,field_out,False,False,250.0,0.302,39.0,15.6,22.0,8.8,0.8009999999999999,0.135,12.25,5.63,18.71,24.35,25.44,13.73,376.0,0.224,82.0,21.81,30.0,7.98,0.608,0.097,22.03,10.83,16.08,26.9,28.59,16.14,144.0,0.119,30.0,20.83,17.0,11.81,0.389,0.048000000000000015,24.91,11.45,15.38,26.84,26.3,17.06,354.0,0.218,70.0,19.77,32.0,9.04,0.6739999999999999,0.165,25.07,12.26,15.11,27.37,28.81,16.67
745974,2024-06-25,2024,666969,R,665625,R,home_run,False,False,209.0,0.215,56.0,26.79,14.0,6.7,0.681,0.19299999999999998,35.41,17.93,12.25,30.18,33.7,26.05,480.0,0.245,138.0,28.75,41.0,8.54,0.8260000000000001,0.264,31.65,15.93,13.92,29.85,32.02,21.97,89.0,0.299,14.0,15.73,11.0,12.36,0.8089999999999999,0.11699999999999999,29.45,13.07,19.15,32.22,32.58,16.47,144.0,0.24,27.0,18.75,16.0,11.11,0.629,0.0559999999999999,29.06,13.23,16.34,29.57,33.56,22.13
745974,2024-06-25,2024,663993,L,665625,R,strikeout,True,False,155.0,0.256,28.0,18.06,19.0,12.26,0.709,0.10499999999999998,15.13,6.46,17.48,23.94,25.6,14.89,505.0,0.279,113.0,22.38,69.0,13.66,0.833,0.172,19.81,8.64,15.62,24.26,19.45,16.87,45.0,0.238,13.0,28.89,3.0,6.67,0.622,0.09500000000000003,23.6,12.73,15.15,27.88,41.1,27.08,108.0,0.198,27.0,25.0,10.0,9.26,0.599,0.1139999999999999,34.21,15.97,15.48,31.45,34.45,24.32
745974,2024-06-25,2024,694671,R,665625,R,single,False,False,168.0,0.261,30.0,17.86,10.0,5.95,0.6539999999999999,0.08299999999999996,20.13,8.95,19.05,27.99,23.8,13.45,,,,,,,,,,,,,,,89.0,0.299,14.0,15.73,11.0,12.36,0.8089999999999999,0.11699999999999999,29.45,13.07,19.15,32.22,32.58,16.47,144.0,0.24,27.0,18.75,16.0,11.11,0.629,0.0559999999999999,29.06,13.23,16.34,29.57,33.56,22.13
745974,2024-06-25,2024,641680,L,665625,R,field_out,False,False,185.0,0.227,40.0,21.62,12.0,6.49,0.607,0.099,21.81,11.18,13.93,25.11,32.37,22.1,411.0,0.243,82.0,19.95,33.0,8.03,0.733,0.185,23.06,11.69,13.75,25.44,29.36,17.15,45.0,0.238,13.0,28.89,3.0,6.67,0.622,0.09500000000000003,23.6,12.73,15.15,27.88,41.1,27.08,108.0,0.198,27.0,25.0,10.0,9.26,0.599,0.1139999999999999,34.21,15.97,15.48,31.45,34.45,24.32
745974,2024-06-25,2024,677649,R,665625,R,field_out,False,False,115.0,0.264,26.0,22.61,4.0,3.48,0.651,0.09099999999999997,23.71,13.25,11.57,24.82,37.61,17.61,308.0,0.277,86.0,27.92,13.0,4.22,0.738,0.1409999999999999,28.89,15.73,13.64,29.37,39.12,22.25,89.0,0.299,14.0,15.73,11.0,12.36,0.8089999999999999,0.11699999999999999,29.45,13.07,19.15,32.22,32.58,16.47,144.0,0.24,27.0,18.75,16.0,11.11,0.629,0.0559999999999999,29.06,13.23,16.34,29.57,33.56,22.13
745974,2024-06-25,2024,661388,R,547179,R,double,False,False,264.0,0.293,49.0,18.56,23.0,8.71,0.829,0.176,28.54,13.5,14.21,27.72,24.47,17.88,434.0,0.262,94.0,21.66,42.0,9.68,0.72,0.119,27.61,11.63,19.55,31.17,24.86,18.08,162.0,0.295,25.0,15.43,14.0,8.64,0.898,0.23900000000000005,19.34,8.47,18.37,26.84,23.29,13.97,271.0,0.275,41.0,15.13,15.0,5.54,0.734,0.1429999999999999,17.01,8.49,18.12,26.6,31.74,13.95
745974,2024-06-25,2024,592885,L,656641,L,walk,False,True,72.0,0.344,14.0,19.44,7.0,9.72,0.948,0.18700000000000006,24.19,11.32,16.23,27.55,26.67,19.44,159.0,0.234,37.0,23.27,14.0,8.81,0.633,0.097,26.17,13.04,15.53,28.57,28.16,18.32,54.0,0.239,14.0,25.93,8.0,14.81,0.7,0.10899999999999999,26.09,11.49,14.94,26.44,23.62,15.05,5.0,0.0,2.0,40.0,0.0,0.0,0.0,0.0,10.0,4.35,17.39,21.74,28.57,28.57
745974,2024-06-25,2024,642715,R,656641,L,walk,False,True,82.0,0.179,15.0,18.29,14.0,17.07,0.645,0.14900000000000002,27.54,12.06,13.02,25.08,21.14,19.23,160.0,0.231,48.0,30.0,24.0,15.0,0.762,0.1789999999999999,26.61,12.38,15.79,28.17,29.47,20.17,80.0,0.197,15.0,18.75,8.0,10.0,0.584,0.09899999999999998,30.43,15.56,12.38,27.94,36.78,14.56,17.0,0.071,3.0,17.65,3.0,17.65,0.306,0.0,34.29,16.44,15.07,31.51,34.04,11.54
745974,2024-06-25,2024,656555,R,656641,L,home_run,False,False,43.0,0.194,8.0,18.6,4.0,9.3,0.64,0.16699999999999998,24.71,11.48,17.49,28.96,27.06,12.7,,,,,,,,,,,,,,,80.0,0.197,15.0,18.75,8.0,10.0,0.584,0.09899999999999998,30.43,15.56,12.38,27.94,36.78,14.56,17.0,0.071,3.0,17.65,3.0,17.65,0.306,0.0,34.29,16.44,15.07,31.51,34.04,11.54
745974,2024-06-25,2024,686217,L,656641,L,single,False,False,32.0,0.267,8.0,25.0,1.0,3.12,0.69,0.133,17.39,7.27,24.55,31.82,20.0,27.59,43.0,0.184,7.0,16.28,5.0,11.63,0.5680000000000001,0.1049999999999999,11.43,4.71,21.18,25.88,26.83,17.07,54.0,0.239,14.0,25.93,8.0,14.81,0.7,0.10899999999999999,26.09,11.49,14.94,26.44,23.62,15.05,5.0,0.0,2.0,40.0,0.0,0.0,0.0,0.0,10.0,4.35,17.39,21.74,28.57,28.57
745974,2024-06-25,2024,694192,R,642546,R,grounded_into_double_play,False,False,172.0,0.253,47.0,27.33,7.0,4.07,0.688,0.15399999999999997,30.6,15.4,18.57,33.97,36.7,24.23,,,,,,,,,,,,,,,70.0,0.224,16.0,22.86,12.0,17.14,0.667,0.086,33.09,14.75,14.43,29.18,29.51,15.38,92.0,0.329,22.0,23.91,9.0,9.78,0.934,0.203,29.73,12.83,19.24,32.07,27.13,23.91
745974,2024-06-25,2024,663368,L,642546,R,walk,False,True,186.0,0.259,53.0,28.49,16.0,8.6,0.7190000000000001,0.127,30.62,12.89,20.44,33.33,24.0,27.18,110.0,0.231,33.0,30.0,17.0,15.45,0.715,0.1319999999999999,24.04,9.0,23.31,32.31,18.26,20.5,53.0,0.279,11.0,20.75,10.0,18.87,0.88,0.186,31.87,13.94,15.87,29.81,29.84,20.0,55.0,0.196,12.0,21.82,6.0,10.91,0.5760000000000001,0.065,30.53,13.55,14.49,28.04,29.31,20.69
745974,2024-06-25,2024,655316,R,642546,R,single,False,False,17.0,0.2,6.0,35.29,2.0,11.76,0.5609999999999999,0.067,33.33,14.29,15.48,29.76,21.95,18.75,222.0,0.246,47.0,21.17,16.0,7.21,0.636,0.084,22.47,9.47,20.0,29.47,20.54,16.43,70.0,0.224,16.0,22.86,12.0,17.14,0.667,0.086,33.09,14.75,14.43,29.18,29.51,15.38,92.0,0.329,22.0,23.91,9.0,9.78,0.934,0.203,29.73,12.83,19.24,32.07,27.13,23.91
745974,2024-06-25,2024,668930,L,642546,R,field_out,False,False,250.0,0.302,39.0,15.6,22.0,8.8,0.8009999999999999,0.135,12.25,5.63,18.71,24.35,25.44,13.73,376.0,0.224,82.0,21.81,30.0,7.98,0.608,0.097,22.03,10.83,16.08,26.9,28.59,16.14,53.0,0.279,11.0,20.75,10.0,18.87,0.88,0.186,31.87,13.94,15.87,29.81,29.84,20.0,55.0,0.196,12.0,21.82,6.0,10.91,0.5760000000000001,0.065,30.53,13.55,14.49,28.04,29.31,20.69
745974,2024-06-25,2024,665750,R,657649,L,walk,False,True,81.0,0.197,16.0,19.75,9.0,11.11,0.556,0.07100000000000001,29.46,12.42,15.03,27.45,19.51,21.33,150.0,0.241,31.0,20.67,10.0,6.67,0.638,0.102,22.26,10.54,15.89,26.42,25.0,19.38,89.0,0.205,20.0,22.47,7.0,7.87,0.603,0.10300000000000001,23.24,10.31,19.06,29.38,25.34,24.39,,,,,,,,,,,,,,
745974,2024-06-25,2024,543760,R,657649,L,field_out,False,False,102.0,0.333,14.0,13.73,9.0,8.82,0.9510000000000001,0.22600000000000003,17.98,8.36,14.1,22.45,22.77,15.56,210.0,0.283,33.0,15.71,20.0,9.52,0.8009999999999999,0.156,18.13,8.56,14.97,23.53,20.61,16.58,89.0,0.205,20.0,22.47,7.0,7.87,0.603,0.10300000000000001,23.24,10.31,19.06,29.38,25.34,24.39,,,,,,,,,,,,,,
745974,2024-06-25,2024,608369,L,657649,L,strikeout,True,False,97.0,0.24,30.0,30.93,1.0,1.03,0.601,0.11399999999999999,27.42,15.45,11.21,26.67,29.66,37.04,166.0,0.314,33.0,19.88,7.0,4.22,0.881,0.218,27.65,15.41,9.68,25.09,30.66,22.92,58.0,0.204,11.0,18.97,3.0,5.17,0.505,0.05500000000000002,23.58,12.2,18.54,30.73,35.9,15.94,,,,,,,,,,,,,,
745974,2024-06-25,2024,669701,L,657649,L,walk,False,True,70.0,0.339,17.0,24.29,6.0,8.57,0.9339999999999999,0.16899999999999998,25.41,12.25,15.81,28.06,26.09,22.08,33.0,0.12,9.0,27.27,6.0,18.18,0.6930000000000001,0.24,26.09,9.3,20.93,30.23,19.44,31.03,58.0,0.204,11.0,18.97,3.0,5.17,0.505,0.05500000000000002,23.58,12.2,18.54,30.73,35.9,15.94,,,,,,,,,,,,,,
745974,2024-06-25,2024,666969,R,657649,L,walk,False,True,97.0,0.226,27.0,27.84,9.0,9.28,0.716,0.19099999999999998,27.5,15.62,10.23,25.85,33.72,26.21,152.0,0.244,37.0,24.34,24.0,15.79,0.866,0.26,31.62,13.61,14.56,28.16,22.03,21.26,89.0,0.205,20.0,22.47,7.0,7.87,0.603,0.10300000000000001,23.24,10.31,19.06,29.38,25.34,24.39,,,,,,,,,,,,,,
745974,2024-06-25,2024,663993,L,657649,L,strikeout,True,False,73.0,0.258,19.0,26.03,10.0,13.7,0.6459999999999999,0.03199999999999997,20.86,8.68,21.56,30.24,23.72,14.84,219.0,0.223,52.0,23.74,24.0,10.96,0.643,0.109,22.66,9.89,18.18,28.07,24.2,19.48,58.0,0.204,11.0,18.97,3.0,5.17,0.505,0.05500000000000002,23.58,12.2,18.54,30.73,35.9,15.94,,,,,,,,,,,,,,
745974,2024-06-25,2024,661388,R,642546,R,field_out,False,False,264.0,0.293,49.0,18.56,23.0,8.71,0.829,0.176,28.54,13.5,14.21,27.72,24.47,17.88,434.0,0.262,94.0,21.66,42.0,9.68,0.72,0.119,27.61,11.63,19.55,31.17,24.86,18.08,70.0,0.224,16.0,22.86,12.0,17.14,0.667,0.086,33.09,14.75,14.43,29.18,29.51,15.38,92.0,0.329,22.0,23.91,9.0,9.78,0.934,0.203,29.73,12.83,19.24,32.07,27.13,23.91
745974,2024-06-25,2024,592885,L,642546,R,field_out,False,False,156.0,0.304,32.0,20.51,19.0,12.18,0.8460000000000001,0.15500000000000003,22.84,10.41,13.56,23.97,25.51,16.41,473.0,0.294,103.0,21.78,64.0,13.53,0.882,0.195,26.99,11.53,15.4,26.93,23.89,19.07,53.0,0.279,11.0,20.75,10.0,18.87,0.88,0.186,31.87,13.94,15.87,29.81,29.84,20.0,55.0,0.196,12.0,21.82,6.0,10.91,0.5760000000000001,0.065,30.53,13.55,14.49,28.04,29.31,20.69
745974,2024-06-25,2024,642715,R,642546,R,walk,False,True,263.0,0.263,57.0,21.67,28.0,10.65,0.81,0.203,29.14,14.08,14.46,28.54,26.41,18.04,480.0,0.212,117.0,24.38,47.0,9.79,0.702,0.194,32.44,16.53,12.85,29.38,32.69,19.28,70.0,0.224,16.0,22.86,12.0,17.14,0.667,0.086,33.09,14.75,14.43,29.18,29.51,15.38,92.0,0.329,22.0,23.91,9.0,9.78,0.934,0.203,29.73,12.83,19.24,32.07,27.13,23.91
745974,2024-06-25,2024,656555,R,642546,R,strikeout,True,False,190.0,0.23,51.0,26.84,20.0,10.53,0.76,0.206,26.61,10.78,21.09,31.87,21.9,18.89,,,,,,,,,,,,,,,70.0,0.224,16.0,22.86,12.0,17.14,0.667,0.086,33.09,14.75,14.43,29.18,29.51,15.38,92.0,0.329,22.0,23.91,9.0,9.78,0.934,0.203,29.73,12.83,19.24,32.07,27.13,23.91
745974,2024-06-25,2024,694671,R,606303,R,field_out,False,False,168.0,0.261,30.0,17.86,10.0,5.95,0.6539999999999999,0.08299999999999996,20.13,8.95,19.05,27.99,23.8,13.45,,,,,,,,,,,,,,,58.0,0.208,11.0,18.97,2.0,3.45,0.548,0.094,23.08,11.11,17.59,28.7,29.0,18.97,172.0,0.214,44.0,25.58,12.0,6.98,0.587,0.091,27.46,11.27,19.65,30.92,25.96,22.05
745974,2024-06-25,2024,641680,L,606303,R,field_out,False,False,185.0,0.227,40.0,21.62,12.0,6.49,0.607,0.099,21.81,11.18,13.93,25.11,32.37,22.1,411.0,0.243,82.0,19.95,33.0,8.03,0.733,0.185,23.06,11.69,13.75,25.44,29.36,17.15,60.0,0.268,13.0,21.67,4.0,6.67,0.7989999999999999,0.21399999999999997,25.64,12.55,16.32,28.87,28.57,17.57,116.0,0.226,33.0,28.45,5.0,4.31,0.668,0.17,26.21,12.44,17.97,30.41,25.0,26.19
745974,2024-06-25,2024,677649,R,606303,R,single,False,False,115.0,0.264,26.0,22.61,4.0,3.48,0.651,0.09099999999999997,23.71,13.25,11.57,24.82,37.61,17.61,308.0,0.277,86.0,27.92,13.0,4.22,0.738,0.1409999999999999,28.89,15.73,13.64,29.37,39.12,22.25,58.0,0.208,11.0,18.97,2.0,3.45,0.548,0.094,23.08,11.11,17.59,28.7,29.0,18.97,172.0,0.214,44.0,25.58,12.0,6.98,0.587,0.091,27.46,11.27,19.65,30.92,25.96,22.05
745974,2024-06-25,2024,665750,L,606303,R,field_out,False,False,192.0,0.22,38.0,19.79,15.0,7.81,0.631,0.12999999999999998,23.78,12.19,14.68,26.87,32.14,17.51,405.0,0.275,86.0,21.23,25.0,6.17,0.767,0.174,24.9,12.5,15.05,27.55,29.44,18.34,60.0,0.268,13.0,21.67,4.0,6.67,0.7989999999999999,0.21399999999999997,25.64,12.55,16.32,28.87,28.57,17.57,116.0,0.226,33.0,28.45,5.0,4.31,0.668,0.17,26.21,12.44,17.97,30.41,25.0,26.19
745974,2024-06-25,2024,686217,L,642546,R,field_out,False,False,236.0,0.262,42.0,17.8,23.0,9.75,0.672,0.067,14.8,5.9,21.83,27.73,26.02,16.28,180.0,0.261,30.0,16.67,23.0,12.78,0.722,0.1049999999999999,15.26,6.63,20.31,26.94,29.52,13.18,53.0,0.279,11.0,20.75,10.0,18.87,0.88,0.186,31.87,13.94,15.87,29.81,29.84,20.0,55.0,0.196,12.0,21.82,6.0,10.91,0.5760000000000001,0.065,30.53,13.55,14.49,28.04,29.31,20.69
745974,2024-06-25,2024,694192,R,642546,R,field_out,False,False,172.0,0.253,47.0,27.33,7.0,4.07,0.688,0.15399999999999997,30.6,15.4,18.57,33.97,36.7,24.23,,,,,,,,,,,,,,,70.0,0.224,16.0,22.86,12.0,17.14,0.667,0.086,33.09,14.75,14.43,29.18,29.51,15.38,92.0,0.329,22.0,23.91,9.0,9.78,0.934,0.203,29.73,12.83,19.24,32.07,27.13,23.91
745974,2024-06-25,2024,663368,L,642546,R,walk,False,True,186.0,0.259,53.0,28.49,16.0,8.6,0.7190000000000001,0.127,30.62,12.89,20.44,33.33,24.0,27.18,110.0,0.231,33.0,30.0,17.0,15.45,0.715,0.1319999999999999,24.04,9.0,23.31,32.31,18.26,20.5,53.0,0.279,11.0,20.75,10.0,18.87,0.88,0.186,31.87,13.94,15.87,29.81,29.84,20.0,55.0,0.196,12.0,21.82,6.0,10.91,0.5760000000000001,0.065,30.53,13.55,14.49,28.04,29.31,20.69
745974,2024-06-25,2024,641343,L,600917,R,walk,False,True,163.0,0.211,57.0,34.97,17.0,10.43,0.6890000000000001,0.169,30.0,13.53,18.5,32.03,21.78,26.76,244.0,0.205,83.0,34.02,26.0,10.66,0.72,0.228,32.78,14.71,16.21,30.93,23.65,23.92,57.0,0.171,13.0,22.81,14.0,24.56,0.613,0.04899999999999999,28.74,10.68,16.24,26.92,17.16,20.31,75.0,0.262,17.0,22.67,12.0,16.0,0.764,0.1149999999999999,29.58,12.96,14.2,27.16,25.84,16.5
745974,2024-06-25,2024,668930,L,600917,R,field_out,False,False,250.0,0.302,39.0,15.6,22.0,8.8,0.8009999999999999,0.135,12.25,5.63,18.71,24.35,25.44,13.73,376.0,0.224,82.0,21.81,30.0,7.98,0.608,0.097,22.03,10.83,16.08,26.9,28.59,16.14,57.0,0.171,13.0,22.81,14.0,24.56,0.613,0.04899999999999999,28.74,10.68,16.24,26.92,17.16,20.31,75.0,0.262,17.0,22.67,12.0,16.0,0.764,0.1149999999999999,29.58,12.96,14.2,27.16,25.84,16.5
745974,2024-06-25,2024,543760,R,656730,R,field_out,False,False,244.0,0.216,34.0,13.93,20.0,8.2,0.6339999999999999,0.13499999999999998,20.64,10.75,13.5,24.25,26.09,15.32,544.0,0.273,77.0,14.15,52.0,9.56,0.8360000000000001,0.2199999999999999,18.01,8.45,14.48,22.93,21.97,13.9,57.0,0.204,16.0,28.07,2.0,3.51,0.487,0.05500000000000002,33.61,19.71,12.02,31.73,39.18,23.88,76.0,0.254,29.0,38.16,5.0,6.58,0.751,0.194,33.77,16.89,18.87,35.76,34.06,31.18
745974,2024-06-25,2024,608369,L,656730,R,strikeout,True,False,197.0,0.264,23.0,11.68,32.0,16.24,0.877,0.22699999999999998,20.0,9.72,7.92,17.64,23.92,12.57,370.0,0.333,55.0,14.86,42.0,11.35,1.075,0.334,23.9,12.77,6.35,19.12,27.26,15.8,42.0,0.2,14.0,33.33,5.0,11.9,0.546,0.028999999999999998,36.49,16.46,15.24,31.71,28.57,32.56,72.0,0.277,23.0,31.94,7.0,9.72,0.6699999999999999,0.0459999999999999,31.01,13.33,20.0,33.33,24.29,22.77
745974,2024-06-25,2024,669701,L,656730,R,hit_by_pitch,False,False,198.0,0.287,31.0,15.66,19.0,9.6,0.8460000000000001,0.17500000000000004,18.31,8.52,18.22,26.74,23.31,12.86,200.0,0.194,46.0,23.0,19.0,9.5,0.623,0.13,20.71,8.96,19.58,28.54,22.65,15.97,42.0,0.2,14.0,33.33,5.0,11.9,0.546,0.028999999999999998,36.49,16.46,15.24,31.71,28.57,32.56,72.0,0.277,23.0,31.94,7.0,9.72,0.6699999999999999,0.0459999999999999,31.01,13.33,20.0,33.33,24.29,22.77
745974,2024-06-25,2024,666969,R,656730,R,strikeout,True,False,209.0,0.215,56.0,26.79,14.0,6.7,0.681,0.19299999999999998,35.41,17.93,12.25,30.18,33.7,26.05,480.0,0.245,138.0,28.75,41.0,8.54,0.8260000000000001,0.264,31.65,15.93,13.92,29.85,32.02,21.97,57.0,0.204,16.0,28.07,2.0,3.51,0.487,0.05500000000000002,33.61,19.71,12.02,31.73,39.18,23.88,76.0,0.254,29.0,38.16,5.0,6.58,0.751,0.194,33.77,16.89,18.87,35.76,34.06,31.18
745397,2024-06-25,2024,682928,L,663362,R,field_out,False,False,222.0,0.256,41.0,18.47,15.0,6.76,0.802,0.23099999999999998,22.05,11.97,13.42,25.39,39.34,15.59,446.0,0.274,78.0,17.49,24.0,5.38,0.786,0.19,21.76,11.82,12.69,24.5,35.86,16.63,188.0,0.257,43.0,22.87,17.0,9.04,0.77,0.18,19.88,8.44,19.66,28.1,23.95,20.19,85.0,0.267,12.0,14.12,9.0,10.59,0.794,0.186,18.24,7.96,19.47,27.43,22.36,12.63
745397,2024-06-25,2024,657041,R,663362,R,field_out,False,False,151.0,0.212,39.0,25.83,11.0,7.28,0.637,0.16,21.67,8.83,22.24,31.07,18.79,21.91,490.0,0.242,143.0,29.18,23.0,4.69,0.719,0.185,26.09,11.34,20.58,31.92,28.6,24.48,185.0,0.199,41.0,22.16,10.0,5.41,0.535,0.08200000000000002,22.85,10.8,18.09,28.89,24.2,17.98,88.0,0.224,19.0,21.59,3.0,3.41,0.756,0.282,19.54,10.18,14.07,24.25,29.3,18.45
745397,2024-06-25,2024,608385,L,663362,R,walk,False,True,208.0,0.272,42.0,20.19,31.0,14.9,0.8360000000000001,0.16599999999999998,21.02,8.85,16.57,25.43,17.76,14.63,184.0,0.2,46.0,25.0,24.0,13.04,0.5660000000000001,0.0449999999999999,25.91,11.04,17.01,28.05,20.4,17.9,188.0,0.257,43.0,22.87,17.0,9.04,0.77,0.18,19.88,8.44,19.66,28.1,23.95,20.19,85.0,0.267,12.0,14.12,9.0,10.59,0.794,0.186,18.24,7.96,19.47,27.43,22.36,12.63
745397,2024-06-25,2024,608841,R,663362,R,strikeout,True,False,192.0,0.273,32.0,16.67,13.0,6.77,0.6859999999999999,0.08699999999999997,20.74,10.4,13.68,24.07,27.95,16.08,471.0,0.268,97.0,20.59,28.0,5.94,0.7030000000000001,0.12,23.85,11.18,18.94,30.12,30.48,17.38,185.0,0.199,41.0,22.16,10.0,5.41,0.535,0.08200000000000002,22.85,10.8,18.09,28.89,24.2,17.98,88.0,0.224,19.0,21.59,3.0,3.41,0.756,0.282,19.54,10.18,14.07,24.25,29.3,18.45
745397,2024-06-25,2024,650333,L,571578,L,strikeout,True,False,145.0,0.265,15.0,10.34,5.0,3.45,0.604,0.02899999999999997,12.6,6.0,20.12,26.11,34.14,11.28,138.0,0.326,17.0,12.32,4.0,2.9,0.76,0.0909999999999999,12.5,6.61,16.32,22.93,33.48,12.88,87.0,0.286,17.0,19.54,9.0,10.34,0.772,0.13,24.11,10.37,17.38,27.74,25.43,20.99,141.0,0.254,24.0,17.02,10.0,7.09,0.706,0.135,23.55,10.9,17.21,28.11,30.04,16.44
745397,2024-06-25,2024,595777,R,571578,L,field_out,False,False,101.0,0.345,8.0,7.92,13.0,12.87,0.982,0.20700000000000007,14.62,6.25,16.5,22.75,22.22,6.19,147.0,0.275,22.0,14.97,13.0,8.84,0.774,0.1519999999999999,15.44,6.84,17.44,24.27,22.81,13.33,303.0,0.303,43.0,14.19,23.0,7.59,0.878,0.21700000000000003,19.43,9.4,14.6,24.0,28.05,14.73,650.0,0.301,100.0,15.38,47.0,7.23,0.851,0.2,20.83,9.45,15.49,24.94,26.53,15.87
745397,2024-06-25,2024,592518,R,571578,L,field_out,False,False,91.0,0.232,20.0,21.98,9.0,9.89,0.6859999999999999,0.146,29.22,13.6,14.8,28.4,26.51,20.65,150.0,0.308,26.0,17.33,14.0,9.33,0.887,0.203,21.32,9.67,16.52,26.19,28.38,16.56,303.0,0.303,43.0,14.19,23.0,7.59,0.878,0.21700000000000003,19.43,9.4,14.6,24.0,28.05,14.73,650.0,0.301,100.0,15.38,47.0,7.23,0.851,0.2,20.83,9.45,15.49,24.94,26.53,15.87
745397,2024-06-25,2024,592696,L,663362,R,field_out,False,False,198.0,0.183,49.0,24.75,10.0,5.05,0.578,0.172,28.79,15.0,15.53,30.53,36.72,21.03,449.0,0.258,104.0,23.16,29.0,6.46,0.762,0.199,29.98,17.01,12.43,29.45,43.87,20.59,188.0,0.257,43.0,22.87,17.0,9.04,0.77,0.18,19.88,8.44,19.66,28.1,23.95,20.19,85.0,0.267,12.0,14.12,9.0,10.59,0.794,0.186,18.24,7.96,19.47,27.43,22.36,12.63
745397,2024-06-25,2024,660688,L,663362,R,double,False,False,158.0,0.208,20.0,12.66,4.0,2.53,0.55,0.101,12.36,6.45,17.77,24.22,37.8,16.39,403.0,0.249,48.0,11.91,25.0,6.2,0.712,0.1629999999999999,14.96,7.67,15.92,23.59,36.49,14.77,188.0,0.257,43.0,22.87,17.0,9.04,0.77,0.18,19.88,8.44,19.66,28.1,23.95,20.19,85.0,0.267,12.0,14.12,9.0,10.59,0.794,0.186,18.24,7.96,19.47,27.43,22.36,12.63
745397,2024-06-25,2024,669222,R,663362,R,strikeout,True,False,152.0,0.214,40.0,26.32,19.0,12.5,0.669,0.13699999999999998,28.03,12.82,18.02,30.85,22.96,24.54,205.0,0.164,51.0,24.88,18.0,8.78,0.497,0.093,25.27,12.43,15.64,28.07,26.72,23.15,185.0,0.199,41.0,22.16,10.0,5.41,0.535,0.08200000000000002,22.85,10.8,18.09,28.89,24.2,17.98,88.0,0.224,19.0,21.59,3.0,3.41,0.756,0.282,19.54,10.18,14.07,24.25,29.3,18.45
745397,2024-06-25,2024,671277,L,663362,R,field_out,False,False,206.0,0.278,32.0,15.53,8.0,3.88,0.74,0.15599999999999997,22.01,11.41,15.35,26.76,35.79,16.67,355.0,0.268,44.0,12.39,23.0,6.48,0.6950000000000001,0.1129999999999999,17.54,8.86,13.52,22.38,31.84,12.54,188.0,0.257,43.0,22.87,17.0,9.04,0.77,0.18,19.88,8.44,19.66,28.1,23.95,20.19,85.0,0.267,12.0,14.12,9.0,10.59,0.794,0.186,18.24,7.96,19.47,27.43,22.36,12.63
745397,2024-06-25,2024,630105,L,571578,L,single,False,False,105.0,0.202,20.0,19.05,8.0,7.62,0.553,0.07500000000000001,17.17,7.83,15.44,23.27,20.29,14.93,156.0,0.229,38.0,24.36,10.0,6.41,0.665,0.1349999999999999,18.48,9.0,20.1,29.1,30.82,17.84,87.0,0.286,17.0,19.54,9.0,10.34,0.772,0.13,24.11,10.37,17.38,27.74,25.43,20.99,141.0,0.254,24.0,17.02,10.0,7.09,0.706,0.135,23.55,10.9,17.21,28.11,30.04,16.44
745397,2024-06-25,2024,456781,R,571578,L,single,False,False,65.0,0.293,12.0,18.46,7.0,10.77,0.817,0.15500000000000003,25.0,10.92,19.11,30.03,25.0,12.77,153.0,0.286,32.0,20.92,11.0,7.19,0.746,0.114,24.12,11.77,18.21,29.98,32.04,14.35,303.0,0.303,43.0,14.19,23.0,7.59,0.878,0.21700000000000003,19.43,9.4,14.6,24.0,28.05,14.73,650.0,0.301,100.0,15.38,47.0,7.23,0.851,0.2,20.83,9.45,15.49,24.94,26.53,15.87
745397,2024-06-25,2024,701538,L,571578,L,strikeout,True,False,89.0,0.214,11.0,12.36,4.0,4.49,0.628,0.167,18.45,9.57,13.27,22.84,30.67,12.09,,,,,,,,,,,,,,,87.0,0.286,17.0,19.54,9.0,10.34,0.772,0.13,24.11,10.37,17.38,27.74,25.43,20.99,141.0,0.254,24.0,17.02,10.0,7.09,0.706,0.135,23.55,10.9,17.21,28.11,30.04,16.44
745397,2024-06-25,2024,673490,R,571578,L,single,False,False,98.0,0.2,15.0,15.31,12.0,12.24,0.64,0.14100000000000001,14.47,5.61,22.2,27.8,16.49,13.04,191.0,0.302,30.0,15.71,20.0,10.47,0.897,0.219,15.84,6.63,22.21,28.83,23.47,11.49,303.0,0.303,43.0,14.19,23.0,7.59,0.878,0.21700000000000003,19.43,9.4,14.6,24.0,28.05,14.73,650.0,0.301,100.0,15.38,47.0,7.23,0.851,0.2,20.83,9.45,15.49,24.94,26.53,15.87
745397,2024-06-25,2024,543309,R,571578,L,double,False,False,44.0,0.171,16.0,36.36,3.0,6.82,0.617,0.219,32.14,14.67,21.2,35.87,30.11,22.73,69.0,0.242,21.0,30.43,2.0,2.9,0.776,0.273,28.06,14.13,16.67,30.8,33.33,22.83,303.0,0.303,43.0,14.19,23.0,7.59,0.878,0.21700000000000003,19.43,9.4,14.6,24.0,28.05,14.73,650.0,0.301,100.0,15.38,47.0,7.23,0.851,0.2,20.83,9.45,15.49,24.94,26.53,15.87
745397,2024-06-25,2024,669369,R,571578,L,field_out,False,False,2.0,0.0,1.0,50.0,0.0,0.0,0.0,0.0,66.67,40.0,20.0,60.0,50.0,100.0,28.0,0.231,8.0,28.57,2.0,7.14,0.5549999999999999,0.038,33.33,17.0,16.0,33.0,35.85,25.81,303.0,0.303,43.0,14.19,23.0,7.59,0.878,0.21700000000000003,19.43,9.4,14.6,24.0,28.05,14.73,650.0,0.301,100.0,15.38,47.0,7.23,0.851,0.2,20.83,9.45,15.49,24.94,26.53,15.87
745397,2024-06-25,2024,650333,L,571578,L,field_out,False,False,145.0,0.265,15.0,10.34,5.0,3.45,0.604,0.02899999999999997,12.6,6.0,20.12,26.11,34.14,11.28,138.0,0.326,17.0,12.32,4.0,2.9,0.76,0.0909999999999999,12.5,6.61,16.32,22.93,33.48,12.88,87.0,0.286,17.0,19.54,9.0,10.34,0.772,0.13,24.11,10.37,17.38,27.74,25.43,20.99,141.0,0.254,24.0,17.02,10.0,7.09,0.706,0.135,23.55,10.9,17.21,28.11,30.04,16.44
745397,2024-06-25,2024,696285,R,663362,R,field_out,False,False,158.0,0.243,32.0,20.25,9.0,5.7,0.603,0.04999999999999999,22.22,9.91,21.95,31.86,29.74,23.36,93.0,0.268,17.0,18.28,7.0,7.53,0.687,0.0859999999999999,21.38,9.8,20.46,30.26,30.36,15.74,185.0,0.199,41.0,22.16,10.0,5.41,0.535,0.08200000000000002,22.85,10.8,18.09,28.89,24.2,17.98,88.0,0.224,19.0,21.59,3.0,3.41,0.756,0.282,19.54,10.18,14.07,24.25,29.3,18.45
745397,2024-06-25,2024,682928,L,663362,R,double,False,False,222.0,0.256,41.0,18.47,15.0,6.76,0.802,0.23099999999999998,22.05,11.97,13.42,25.39,39.34,15.59,446.0,0.274,78.0,17.49,24.0,5.38,0.786,0.19,21.76,11.82,12.69,24.5,35.86,16.63,188.0,0.257,43.0,22.87,17.0,9.04,0.77,0.18,19.88,8.44,19.66,28.1,23.95,20.19,85.0,0.267,12.0,14.12,9.0,10.59,0.794,0.186,18.24,7.96,19.47,27.43,22.36,12.63
745397,2024-06-25,2024,657041,R,663362,R,strikeout,True,False,151.0,0.212,39.0,25.83,11.0,7.28,0.637,0.16,21.67,8.83,22.24,31.07,18.79,21.91,490.0,0.242,143.0,29.18,23.0,4.69,0.719,0.185,26.09,11.34,20.58,31.92,28.6,24.48,185.0,0.199,41.0,22.16,10.0,5.41,0.535,0.08200000000000002,22.85,10.8,18.09,28.89,24.2,17.98,88.0,0.224,19.0,21.59,3.0,3.41,0.756,0.282,19.54,10.18,14.07,24.25,29.3,18.45
745397,2024-06-25,2024,608385,L,663362,R,walk,False,True,208.0,0.272,42.0,20.19,31.0,14.9,0.8360000000000001,0.16599999999999998,21.02,8.85,16.57,25.43,17.76,14.63,184.0,0.2,46.0,25.0,24.0,13.04,0.5660000000000001,0.0449999999999999,25.91,11.04,17.01,28.05,20.4,17.9,188.0,0.257,43.0,22.87,17.0,9.04,0.77,0.18,19.88,8.44,19.66,28.1,23.95,20.19,85.0,0.267,12.0,14.12,9.0,10.59,0.794,0.186,18.24,7.96,19.47,27.43,22.36,12.63
745397,2024-06-25,2024,608841,R,663362,R,double,False,False,192.0,0.273,32.0,16.67,13.0,6.77,0.6859999999999999,0.08699999999999997,20.74,10.4,13.68,24.07,27.95,16.08,471.0,0.268,97.0,20.59,28.0,5.94,0.7030000000000001,0.12,23.85,11.18,18.94,30.12,30.48,17.38,185.0,0.199,41.0,22.16,10.0,5.41,0.535,0.08200000000000002,22.85,10.8,18.09,28.89,24.2,17.98,88.0,0.224,19.0,21.59,3.0,3.41,0.756,0.282,19.54,10.18,14.07,24.25,29.3,18.45
745397,2024-06-25,2024,592696,L,663362,R,strikeout,True,False,198.0,0.183,49.0,24.75,10.0,5.05,0.578,0.172,28.79,15.0,15.53,30.53,36.72,21.03,449.0,0.258,104.0,23.16,29.0,6.46,0.762,0.199,29.98,17.01,12.43,29.45,43.87,20.59,188.0,0.257,43.0,22.87,17.0,9.04,0.77,0.18,19.88,8.44,19.66,28.1,23.95,20.19,85.0,0.267,12.0,14.12,9.0,10.59,0.794,0.186,18.24,7.96,19.47,27.43,22.36,12.63
745397,2024-06-25,2024,595777,R,571578,L,field_out,False,False,101.0,0.345,8.0,7.92,13.0,12.87,0.982,0.20700000000000007,14.62,6.25,16.5,22.75,22.22,6.19,147.0,0.275,22.0,14.97,13.0,8.84,0.774,0.1519999999999999,15.44,6.84,17.44,24.27,22.81,13.33,303.0,0.303,43.0,14.19,23.0,7.59,0.878,0.21700000000000003,19.43,9.4,14.6,24.0,28.05,14.73,650.0,0.301,100.0,15.38,47.0,7.23,0.851,0.2,20.83,9.45,15.49,24.94,26.53,15.87
745397,2024-06-25,2024,592518,R,571578,L,single,False,False,91.0,0.232,20.0,21.98,9.0,9.89,0.6859999999999999,0.146,29.22,13.6,14.8,28.4,26.51,20.65,150.0,0.308,26.0,17.33,14.0,9.33,0.887,0.203,21.32,9.67,16.52,26.19,28.38,16.56,303.0,0.303,43.0,14.19,23.0,7.59,0.878,0.21700000000000003,19.43,9.4,14.6,24.0,28.05,14.73,650.0,0.301,100.0,15.38,47.0,7.23,0.851,0.2,20.83,9.45,15.49,24.94,26.53,15.87
745397,2024-06-25,2024,630105,L,571578,L,grounded_into_double_play,False,False,105.0,0.202,20.0,19.05,8.0,7.62,0.553,0.07500000000000001,17.17,7.83,15.44,23.27,20.29,14.93,156.0,0.229,38.0,24.36,10.0,6.41,0.665,0.1349999999999999,18.48,9.0,20.1,29.1,30.82,17.84,87.0,0.286,17.0,19.54,9.0,10.34,0.772,0.13,24.11,10.37,17.38,27.74,25.43,20.99,141.0,0.254,24.0,17.02,10.0,7.09,0.706,0.135,23.55,10.9,17.21,28.11,30.04,16.44
745397,2024-06-25,2024,660688,L,663362,R,strikeout,True,False,158.0,0.208,20.0,12.66,4.0,2.53,0.55,0.101,12.36,6.45,17.77,24.22,37.8,16.39,403.0,0.249,48.0,11.91,25.0,6.2,0.712,0.1629999999999999,14.96,7.67,15.92,23.59,36.49,14.77,188.0,0.257,43.0,22.87,17.0,9.04,0.77,0.18,19.88,8.44,19.66,28.1,23.95,20.19,85.0,0.267,12.0,14.12,9.0,10.59,0.794,0.186,18.24,7.96,19.47,27.43,22.36,12.63
745397,2024-06-25,2024,669222,R,663362,R,field_out,False,False,152.0,0.214,40.0,26.32,19.0,12.5,0.669,0.13699999999999998,28.03,12.82,18.02,30.85,22.96,24.54,205.0,0.164,51.0,24.88,18.0,8.78,0.497,0.093,25.27,12.43,15.64,28.07,26.72,23.15,185.0,0.199,41.0,22.16,10.0,5.41,0.535,0.08200000000000002,22.85,10.8,18.09,28.89,24.2,17.98,88.0,0.224,19.0,21.59,3.0,3.41,0.756,0.282,19.54,10.18,14.07,24.25,29.3,18.45
745397,2024-06-25,2024,671277,L,663362,R,field_out,False,False,206.0,0.278,32.0,15.53,8.0,3.88,0.74,0.15599999999999997,22.01,11.41,15.35,26.76,35.79,16.67,355.0,0.268,44.0,12.39,23.0,6.48,0.6950000000000001,0.1129999999999999,17.54,8.86,13.52,22.38,31.84,12.54,188.0,0.257,43.0,22.87,17.0,9.04,0.77,0.18,19.88,8.44,19.66,28.1,23.95,20.19,85.0,0.267,12.0,14.12,9.0,10.59,0.794,0.186,18.24,7.96,19.47,27.43,22.36,12.63
745397,2024-06-25,2024,456781,R,571578,L,field_out,False,False,65.0,0.293,12.0,18.46,7.0,10.77,0.817,0.15500000000000003,25.0,10.92,19.11,30.03,25.0,12.77,153.0,0.286,32.0,20.92,11.0,7.19,0.746,0.114,24.12,11.77,18.21,29.98,32.04,14.35,303.0,0.303,43.0,14.19,23.0,7.59,0.878,0.21700000000000003,19.43,9.4,14.6,24.0,28.05,14.73,650.0,0.301,100.0,15.38,47.0,7.23,0.851,0.2,20.83,9.45,15.49,24.94,26.53,15.87
745397,2024-06-25,2024,701538,L,571578,L,field_out,False,False,89.0,0.214,11.0,12.36,4.0,4.49,0.628,0.167,18.45,9.57,13.27,22.84,30.67,12.09,,,,,,,,,,,,,,,87.0,0.286,17.0,19.54,9.0,10.34,0.772,0.13,24.11,10.37,17.38,27.74,25.43,20.99,141.0,0.254,24.0,17.02,10.0,7.09,0.706,0.135,23.55,10.9,17.21,28.11,30.04,16.44
745397,2024-06-25,2024,673490,R,571578,L,strikeout,True,False,98.0,0.2,15.0,15.31,12.0,12.24,0.64,0.14100000000000001,14.47,5.61,22.2,27.8,16.49,13.04,191.0,0.302,30.0,15.71,20.0,10.47,0.897,0.219,15.84,6.63,22.21,28.83,23.47,11.49,303.0,0.303,43.0,14.19,23.0,7.59,0.878,0.21700000000000003,19.43,9.4,14.6,24.0,28.05,14.73,650.0,0.301,100.0,15.38,47.0,7.23,0.851,0.2,20.83,9.45,15.49,24.94,26.53,15.87
745397,2024-06-25,2024,696285,R,663362,R,hit_by_pitch,False,False,158.0,0.243,32.0,20.25,9.0,5.7,0.603,0.04999999999999999,22.22,9.91,21.95,31.86,29.74,23.36,93.0,0.268,17.0,18.28,7.0,7.53,0.687,0.0859999999999999,21.38,9.8,20.46,30.26,30.36,15.74,185.0,0.199,41.0,22.16,10.0,5.41,0.535,0.08200000000000002,22.85,10.8,18.09,28.89,24.2,17.98,88.0,0.224,19.0,21.59,3.0,3.41,0.756,0.282,19.54,10.18,14.07,24.25,29.3,18.45
745397,2024-06-25,2024,682928,L,663362,R,single,False,False,222.0,0.256,41.0,18.47,15.0,6.76,0.802,0.23099999999999998,22.05,11.97,13.42,25.39,39.34,15.59,446.0,0.274,78.0,17.49,24.0,5.38,0.786,0.19,21.76,11.82,12.69,24.5,35.86,16.63,188.0,0.257,43.0,22.87,17.0,9.04,0.77,0.18,19.88,8.44,19.66,28.1,23.95,20.19,85.0,0.267,12.0,14.12,9.0,10.59,0.794,0.186,18.24,7.96,19.47,27.43,22.36,12.63
745397,2024-06-25,2024,657041,R,663362,R,strikeout,True,False,151.0,0.212,39.0,25.83,11.0,7.28,0.637,0.16,21.67,8.83,22.24,31.07,18.79,21.91,490.0,0.242,143.0,29.18,23.0,4.69,0.719,0.185,26.09,11.34,20.58,31.92,28.6,24.48,185.0,0.199,41.0,22.16,10.0,5.41,0.535,0.08200000000000002,22.85,10.8,18.09,28.89,24.2,17.98,88.0,0.224,19.0,21.59,3.0,3.41,0.756,0.282,19.54,10.18,14.07,24.25,29.3,18.45
745397,2024-06-25,2024,608385,L,663362,R,strikeout,True,False,208.0,0.272,42.0,20.19,31.0,14.9,0.8360000000000001,0.16599999999999998,21.02,8.85,16.57,25.43,17.76,14.63,184.0,0.2,46.0,25.0,24.0,13.04,0.5660000000000001,0.0449999999999999,25.91,11.04,17.01,28.05,20.4,17.9,188.0,0.257,43.0,22.87,17.0,9.04,0.77,0.18,19.88,8.44,19.66,28.1,23.95,20.19,85.0,0.267,12.0,14.12,9.0,10.59,0.794,0.186,18.24,7.96,19.47,27.43,22.36,12.63
745397,2024-06-25,2024,608841,R,663362,R,single,False,False,192.0,0.273,32.0,16.67,13.0,6.77,0.6859999999999999,0.08699999999999997,20.74,10.4,13.68,24.07,27.95,16.08,471.0,0.268,97.0,20.59,28.0,5.94,0.7030000000000001,0.12,23.85,11.18,18.94,30.12,30.48,17.38,185.0,0.199,41.0,22.16,10.0,5.41,0.535,0.08200000000000002,22.85,10.8,18.09,28.89,24.2,17.98,88.0,0.224,19.0,21.59,3.0,3.41,0.756,0.282,19.54,10.18,14.07,24.25,29.3,18.45
745397,2024-06-25,2024,592696,L,663362,R,field_out,False,False,198.0,0.183,49.0,24.75,10.0,5.05,0.578,0.172,28.79,15.0,15.53,30.53,36.72,21.03,449.0,0.258,104.0,23.16,29.0,6.46,0.762,0.199,29.98,17.01,12.43,29.45,43.87,20.59,188.0,0.257,43.0,22.87,17.0,9.04,0.77,0.18,19.88,8.44,19.66,28.1,23.95,20.19,85.0,0.267,12.0,14.12,9.0,10.59,0.794,0.186,18.24,7.96,19.47,27.43,22.36,12.63
745397,2024-06-25,2024,543309,R,571578,L,field_out,False,False,44.0,0.171,16.0,36.36,3.0,6.82,0.617,0.219,32.14,14.67,21.2,35.87,30.11,22.73,69.0,0.242,21.0,30.43,2.0,2.9,0.776,0.273,28.06,14.13,16.67,30.8,33.33,22.83,303.0,0.303,43.0,14.19,23.0,7.59,0.878,0.21700000000000003,19.43,9.4,14.6,24.0,28.05,14.73,650.0,0.301,100.0,15.38,47.0,7.23,0.851,0.2,20.83,9.45,15.49,24.94,26.53,15.87
745397,2024-06-25,2024,669369,R,571578,L,strikeout,True,False,2.0,0.0,1.0,50.0,0.0,0.0,0.0,0.0,66.67,40.0,20.0,60.0,50.0,100.0,28.0,0.231,8.0,28.57,2.0,7.14,0.5549999999999999,0.038,33.33,17.0,16.0,33.0,35.85,25.81,303.0,0.303,43.0,14.19,23.0,7.59,0.878,0.21700000000000003,19.43,9.4,14.6,24.0,28.05,14.73,650.0,0.301,100.0,15.38,47.0,7.23,0.851,0.2,20.83,9.45,15.49,24.94,26.53,15.87
745397,2024-06-25,2024,650333,L,571578,L,field_out,False,False,145.0,0.265,15.0,10.34,5.0,3.45,0.604,0.02899999999999997,12.6,6.0,20.12,26.11,34.14,11.28,138.0,0.326,17.0,12.32,4.0,2.9,0.76,0.0909999999999999,12.5,6.61,16.32,22.93,33.48,12.88,87.0,0.286,17.0,19.54,9.0,10.34,0.772,0.13,24.11,10.37,17.38,27.74,25.43,20.99,141.0,0.254,24.0,17.02,10.0,7.09,0.706,0.135,23.55,10.9,17.21,28.11,30.04,16.44
745397,2024-06-25,2024,660688,L,663362,R,field_out,False,False,158.0,0.208,20.0,12.66,4.0,2.53,0.55,0.101,12.36,6.45,17.77,24.22,37.8,16.39,403.0,0.249,48.0,11.91,25.0,6.2,0.712,0.1629999999999999,14.96,7.67,15.92,23.59,36.49,14.77,188.0,0.257,43.0,22.87,17.0,9.04,0.77,0.18,19.88,8.44,19.66,28.1,23.95,20.19,85.0,0.267,12.0,14.12,9.0,10.59,0.794,0.186,18.24,7.96,19.47,27.43,22.36,12.63
745397,2024-06-25,2024,669222,R,663362,R,field_out,False,False,152.0,0.214,40.0,26.32,19.0,12.5,0.669,0.13699999999999998,28.03,12.82,18.02,30.85,22.96,24.54,205.0,0.164,51.0,24.88,18.0,8.78,0.497,0.093,25.27,12.43,15.64,28.07,26.72,23.15,185.0,0.199,41.0,22.16,10.0,5.41,0.535,0.08200000000000002,22.85,10.8,18.09,28.89,24.2,17.98,88.0,0.224,19.0,21.59,3.0,3.41,0.756,0.282,19.54,10.18,14.07,24.25,29.3,18.45
745397,2024-06-25,2024,671277,L,663362,R,strikeout,True,False,206.0,0.278,32.0,15.53,8.0,3.88,0.74,0.15599999999999997,22.01,11.41,15.35,26.76,35.79,16.67,355.0,0.268,44.0,12.39,23.0,6.48,0.6950000000000001,0.1129999999999999,17.54,8.86,13.52,22.38,31.84,12.54,188.0,0.257,43.0,22.87,17.0,9.04,0.77,0.18,19.88,8.44,19.66,28.1,23.95,20.19,85.0,0.267,12.0,14.12,9.0,10.59,0.794,0.186,18.24,7.96,19.47,27.43,22.36,12.63
745397,2024-06-25,2024,595777,R,571578,L,field_out,False,False,101.0,0.345,8.0,7.92,13.0,12.87,0.982,0.20700000000000007,14.62,6.25,16.5,22.75,22.22,6.19,147.0,0.275,22.0,14.97,13.0,8.84,0.774,0.1519999999999999,15.44,6.84,17.44,24.27,22.81,13.33,303.0,0.303,43.0,14.19,23.0,7.59,0.878,0.21700000000000003,19.43,9.4,14.6,24.0,28.05,14.73,650.0,0.301,100.0,15.38,47.0,7.23,0.851,0.2,20.83,9.45,15.49,24.94,26.53,15.87
745397,2024-06-25,2024,592518,R,571578,L,field_out,False,False,91.0,0.232,20.0,21.98,9.0,9.89,0.6859999999999999,0.146,29.22,13.6,14.8,28.4,26.51,20.65,150.0,0.308,26.0,17.33,14.0,9.33,0.887,0.203,21.32,9.67,16.52,26.19,28.38,16.56,303.0,0.303,43.0,14.19,23.0,7.59,0.878,0.21700000000000003,19.43,9.4,14.6,24.0,28.05,14.73,650.0,0.301,100.0,15.38,47.0,7.23,0.851,0.2,20.83,9.45,15.49,24.94,26.53,15.87
745397,2024-06-25,2024,630105,L,571578,L,strikeout,True,False,105.0,0.202,20.0,19.05,8.0,7.62,0.553,0.07500000000000001,17.17,7.83,15.44,23.27,20.29,14.93,156.0,0.229,38.0,24.36,10.0,6.41,0.665,0.1349999999999999,18.48,9.0,20.1,29.1,30.82,17.84,87.0,0.286,17.0,19.54,9.0,10.34,0.772,0.13,24.11,10.37,17.38,27.74,25.43,20.99,141.0,0.254,24.0,17.02,10.0,7.09,0.706,0.135,23.55,10.9,17.21,28.11,30.04,16.44
745397,2024-06-25,2024,696285,R,670970,L,field_out,False,False,72.0,0.324,12.0,16.67,2.0,2.78,0.7729999999999999,0.08799999999999997,15.74,6.34,23.13,29.48,21.67,16.44,28.0,0.2,5.0,17.86,3.0,10.71,0.5660000000000001,0.08,20.0,9.24,20.17,29.41,29.63,13.16,80.0,0.267,18.0,22.5,5.0,6.25,0.6990000000000001,0.12,30.43,16.9,12.76,29.66,39.29,21.18,26.0,0.435,3.0,11.54,3.0,11.54,1.152,0.217,15.0,6.38,15.96,22.34,15.22,15.79
745397,2024-06-25,2024,682928,L,670970,L,single,False,False,92.0,0.318,20.0,21.74,3.0,3.26,0.882,0.21600000000000003,26.74,14.79,14.79,29.59,38.82,18.52,170.0,0.166,40.0,23.53,8.0,4.71,0.512,0.106,24.68,12.36,17.24,29.59,32.89,21.74,53.0,0.188,18.0,33.96,3.0,5.66,0.497,0.08300000000000002,30.97,16.2,16.67,32.87,31.87,21.69,18.0,0.267,5.0,27.78,2.0,11.11,0.753,0.133,20.0,8.82,19.12,27.94,20.0,23.81
745397,2024-06-25,2024,657041,R,670970,L,strikeout,True,False,66.0,0.31,10.0,15.15,5.0,7.58,0.903,0.22400000000000003,17.5,7.78,17.41,25.19,21.74,11.49,192.0,0.331,33.0,17.19,13.0,6.77,0.948,0.2419999999999999,14.83,6.49,18.37,24.86,23.4,17.65,80.0,0.267,18.0,22.5,5.0,6.25,0.6990000000000001,0.12,30.43,16.9,12.76,29.66,39.29,21.18,26.0,0.435,3.0,11.54,3.0,11.54,1.152,0.217,15.0,6.38,15.96,22.34,15.22,15.79
745397,2024-06-25,2024,608385,L,670970,L,single,False,False,86.0,0.247,25.0,29.07,10.0,11.63,0.6910000000000001,0.09500000000000003,22.05,8.51,21.88,30.4,20.92,24.75,13.0,0.182,5.0,38.46,2.0,15.38,0.581,0.091,15.38,6.15,20.0,26.15,7.14,19.23,53.0,0.188,18.0,33.96,3.0,5.66,0.497,0.08300000000000002,30.97,16.2,16.67,32.87,31.87,21.69,18.0,0.267,5.0,27.78,2.0,11.11,0.753,0.133,20.0,8.82,19.12,27.94,20.0,23.81
745397,2024-06-25,2024,608841,R,670970,L,single,False,False,85.0,0.184,20.0,23.53,6.0,7.06,0.497,0.066,24.84,12.7,16.29,28.99,39.35,21.98,188.0,0.291,33.0,17.55,10.0,5.32,0.771,0.143,23.12,11.37,16.16,27.53,33.86,14.29,80.0,0.267,18.0,22.5,5.0,6.25,0.6990000000000001,0.12,30.43,16.9,12.76,29.66,39.29,21.18,26.0,0.435,3.0,11.54,3.0,11.54,1.152,0.217,15.0,6.38,15.96,22.34,15.22,15.79
745397,2024-06-25,2024,623912,R,670970,L,field_out,False,False,59.0,0.305,11.0,18.64,0.0,0.0,0.6779999999999999,0.068,30.0,17.31,16.83,34.13,52.25,17.74,125.0,0.387,21.0,16.8,4.0,3.2,0.966,0.168,24.43,14.04,13.82,27.85,43.48,15.67,80.0,0.267,18.0,22.5,5.0,6.25,0.6990000000000001,0.12,30.43,16.9,12.76,29.66,39.29,21.18,26.0,0.435,3.0,11.54,3.0,11.54,1.152,0.217,15.0,6.38,15.96,22.34,15.22,15.79
745397,2024-06-25,2024,456781,R,571578,L,field_out,False,False,65.0,0.293,12.0,18.46,7.0,10.77,0.817,0.15500000000000003,25.0,10.92,19.11,30.03,25.0,12.77,153.0,0.286,32.0,20.92,11.0,7.19,0.746,0.114,24.12,11.77,18.21,29.98,32.04,14.35,303.0,0.303,43.0,14.19,23.0,7.59,0.878,0.21700000000000003,19.43,9.4,14.6,24.0,28.05,14.73,650.0,0.301,100.0,15.38,47.0,7.23,0.851,0.2,20.83,9.45,15.49,24.94,26.53,15.87
745397,2024-06-25,2024,701538,L,571578,L,field_out,False,False,89.0,0.214,11.0,12.36,4.0,4.49,0.628,0.167,18.45,9.57,13.27,22.84,30.67,12.09,,,,,,,,,,,,,,,87.0,0.286,17.0,19.54,9.0,10.34,0.772,0.13,24.11,10.37,17.38,27.74,25.43,20.99,141.0,0.254,24.0,17.02,10.0,7.09,0.706,0.135,23.55,10.9,17.21,28.11,30.04,16.44
745397,2024-06-25,2024,673490,R,571578,L,field_out,False,False,98.0,0.2,15.0,15.31,12.0,12.24,0.64,0.14100000000000001,14.47,5.61,22.2,27.8,16.49,13.04,191.0,0.302,30.0,15.71,20.0,10.47,0.897,0.219,15.84,6.63,22.21,28.83,23.47,11.49,303.0,0.303,43.0,14.19,23.0,7.59,0.878,0.21700000000000003,19.43,9.4,14.6,24.0,28.05,14.73,650.0,0.301,100.0,15.38,47.0,7.23,0.851,0.2,20.83,9.45,15.49,24.94,26.53,15.87
745397,2024-06-25,2024,660688,L,669093,R,field_out,False,False,158.0,0.208,20.0,12.66,4.0,2.53,0.55,0.101,12.36,6.45,17.77,24.22,37.8,16.39,403.0,0.249,48.0,11.91,25.0,6.2,0.712,0.1629999999999999,14.96,7.67,15.92,23.59,36.49,14.77,42.0,0.216,17.0,40.48,4.0,9.52,0.637,0.13499999999999998,37.8,19.02,14.11,33.13,33.33,34.0,22.0,0.235,4.0,18.18,5.0,22.73,0.762,0.118,19.51,9.09,13.64,22.73,23.08,12.9
745397,2024-06-25,2024,669222,R,669093,R,strikeout,True,False,152.0,0.214,40.0,26.32,19.0,12.5,0.669,0.13699999999999998,28.03,12.82,18.02,30.85,22.96,24.54,205.0,0.164,51.0,24.88,18.0,8.78,0.497,0.093,25.27,12.43,15.64,28.07,26.72,23.15,62.0,0.193,30.0,48.39,4.0,6.45,0.575,0.14,44.53,22.44,12.99,35.43,33.33,39.47,34.0,0.308,9.0,26.47,7.0,20.59,1.21,0.461,27.4,12.99,12.34,25.32,24.05,17.65
745397,2024-06-25,2024,671277,L,669093,R,field_out,False,False,206.0,0.278,32.0,15.53,8.0,3.88,0.74,0.15599999999999997,22.01,11.41,15.35,26.76,35.79,16.67,355.0,0.268,44.0,12.39,23.0,6.48,0.6950000000000001,0.1129999999999999,17.54,8.86,13.52,22.38,31.84,12.54,42.0,0.216,17.0,40.48,4.0,9.52,0.637,0.13499999999999998,37.8,19.02,14.11,33.13,33.33,34.0,22.0,0.235,4.0,18.18,5.0,22.73,0.762,0.118,19.51,9.09,13.64,22.73,23.08,12.9
745397,2024-06-25,2024,543309,R,571882,R,field_out,False,False,44.0,0.186,17.0,38.64,1.0,2.27,0.717,0.326,25.3,12.07,24.71,36.78,31.58,28.81,192.0,0.233,53.0,27.6,12.0,6.25,0.654,0.142,28.81,14.15,17.01,31.16,30.17,24.88,123.0,0.279,19.0,15.45,5.0,4.07,0.717,0.13499999999999995,24.54,12.8,14.25,27.05,35.96,17.92,128.0,0.234,24.0,18.75,12.0,9.38,0.6799999999999999,0.1259999999999999,31.08,15.73,12.1,27.82,32.58,15.38
745397,2024-06-25,2024,669369,L,571882,R,field_out,False,False,1.0,0.0,0.0,0.0,0.0,0.0,0.0,0.0,0.0,0.0,0.0,0.0,,,20.0,0.059,7.0,35.0,2.0,10.0,0.385,0.176,25.81,10.53,25.0,35.53,18.18,35.0,74.0,0.212,23.0,31.08,8.0,10.81,0.5700000000000001,0.061000000000000026,31.29,14.56,15.51,30.06,34.43,22.77,113.0,0.245,21.0,18.58,14.0,12.39,0.712,0.122,22.33,9.87,16.31,26.18,24.79,14.19
745397,2024-06-25,2024,650333,L,571882,R,field_out,False,False,210.0,0.343,5.0,2.38,9.0,4.29,0.812,0.09599999999999997,6.04,2.93,19.44,22.37,34.57,2.84,479.0,0.362,17.0,3.55,31.0,6.47,0.891,0.122,6.51,3.2,16.58,19.78,31.29,4.11,74.0,0.212,23.0,31.08,8.0,10.81,0.5700000000000001,0.061000000000000026,31.29,14.56,15.51,30.06,34.43,22.77,113.0,0.245,21.0,18.58,14.0,12.39,0.712,0.122,22.33,9.87,16.31,26.18,24.79,14.19
745397,2024-06-25,2024,696285,R,663158,R,field_out,False,False,158.0,0.243,32.0,20.25,9.0,5.7,0.603,0.04999999999999999,22.22,9.91,21.95,31.86,29.74,23.36,93.0,0.268,17.0,18.28,7.0,7.53,0.687,0.0859999999999999,21.38,9.8,20.46,30.26,30.36,15.74,64.0,0.19,13.0,20.31,1.0,1.56,0.457,0.064,21.49,12.62,12.62,25.24,33.33,24.07,62.0,0.161,15.0,24.19,6.0,9.68,0.528,0.1249999999999999,24.39,11.86,15.81,27.67,25.62,18.75
745397,2024-06-25,2024,682928,L,663158,R,field_out,False,False,222.0,0.256,41.0,18.47,15.0,6.76,0.802,0.23099999999999998,22.05,11.97,13.42,25.39,39.34,15.59,446.0,0.274,78.0,17.49,24.0,5.38,0.786,0.19,21.76,11.82,12.69,24.5,35.86,16.63,49.0,0.136,14.0,28.57,5.0,10.2,0.497,0.137,21.85,11.93,10.09,22.02,28.71,19.18,46.0,0.146,9.0,19.57,4.0,8.7,0.534,0.171,28.57,13.79,14.78,28.57,26.88,12.68
745397,2024-06-25,2024,657041,R,663158,R,double,False,False,151.0,0.212,39.0,25.83,11.0,7.28,0.637,0.16,21.67,8.83,22.24,31.07,18.79,21.91,490.0,0.242,143.0,29.18,23.0,4.69,0.719,0.185,26.09,11.34,20.58,31.92,28.6,24.48,64.0,0.19,13.0,20.31,1.0,1.56,0.457,0.064,21.49,12.62,12.62,25.24,33.33,24.07,62.0,0.161,15.0,24.19,6.0,9.68,0.528,0.1249999999999999,24.39,11.86,15.81,27.67,25.62,18.75
745397,2024-06-25,2024,608385,L,663158,R,field_out,False,False,208.0,0.272,42.0,20.19,31.0,14.9,0.8360000000000001,0.16599999999999998,21.02,8.85,16.57,25.43,17.76,14.63,184.0,0.2,46.0,25.0,24.0,13.04,0.5660000000000001,0.0449999999999999,25.91,11.04,17.01,28.05,20.4,17.9,49.0,0.136,14.0,28.57,5.0,10.2,0.497,0.137,21.85,11.93,10.09,22.02,28.71,19.18,46.0,0.146,9.0,19.57,4.0,8.7,0.534,0.171,28.57,13.79,14.78,28.57,26.88,12.68
745397,2024-06-25,2024,595777,L,571882,R,field_out,False,False,219.0,0.306,39.0,17.81,26.0,11.87,0.851,0.14600000000000002,18.78,8.73,14.3,23.03,22.64,13.06,375.0,0.229,68.0,18.13,37.0,9.87,0.6559999999999999,0.1159999999999999,21.66,10.43,14.17,24.61,26.12,14.59,74.0,0.212,23.0,31.08,8.0,10.81,0.5700000000000001,0.061000000000000026,31.29,14.56,15.51,30.06,34.43,22.77,113.0,0.245,21.0,18.58,14.0,12.39,0.712,0.122,22.33,9.87,16.31,26.18,24.79,14.19
745397,2024-06-25,2024,592518,R,571882,R,field_out,False,False,208.0,0.276,44.0,21.15,10.0,4.81,0.681,0.09599999999999997,24.49,12.31,14.85,27.16,27.76,19.56,452.0,0.241,83.0,18.36,36.0,7.96,0.747,0.205,24.68,12.42,14.05,26.47,29.58,16.9,123.0,0.279,19.0,15.45,5.0,4.07,0.717,0.13499999999999995,24.54,12.8,14.25,27.05,35.96,17.92,128.0,0.234,24.0,18.75,12.0,9.38,0.6799999999999999,0.1259999999999999,31.08,15.73,12.1,27.82,32.58,15.38
745397,2024-06-25,2024,630105,L,676395,L,strikeout,True,False,105.0,0.202,20.0,19.05,8.0,7.62,0.553,0.07500000000000001,17.17,7.83,15.44,23.27,20.29,14.93,156.0,0.229,38.0,24.36,10.0,6.41,0.665,0.1349999999999999,18.48,9.0,20.1,29.1,30.82,17.84,50.0,0.2,18.0,36.0,4.0,8.0,0.571,0.11099999999999999,25.81,12.12,24.24,36.36,28.38,24.32,51.0,0.214,10.0,19.61,5.0,9.8,0.608,0.096,20.62,9.9,17.33,27.23,24.72,15.87
745397,2024-06-25,2024,608841,R,660853,R,strikeout,True,False,192.0,0.273,32.0,16.67,13.0,6.77,0.6859999999999999,0.08699999999999997,20.74,10.4,13.68,24.07,27.95,16.08,471.0,0.268,97.0,20.59,28.0,5.94,0.7030000000000001,0.12,23.85,11.18,18.94,30.12,30.48,17.38,92.0,0.241,30.0,32.61,4.0,4.35,0.743,0.21900000000000003,32.86,18.57,14.85,33.42,29.41,21.13,143.0,0.171,44.0,30.77,10.0,6.99,0.516,0.093,35.46,18.12,15.04,33.15,32.74,25.88
745397,2024-06-25,2024,623912,R,660853,R,field_out,False,False,112.0,0.243,22.0,19.64,3.0,2.68,0.53,0.019000000000000017,32.77,19.11,13.4,32.51,44.55,19.47,310.0,0.281,58.0,18.71,18.0,5.81,0.749,0.1389999999999999,29.58,16.59,12.26,28.85,43.77,18.01,92.0,0.241,30.0,32.61,4.0,4.35,0.743,0.21900000000000003,32.86,18.57,14.85,33.42,29.41,21.13,143.0,0.171,44.0,30.77,10.0,6.99,0.516,0.093,35.46,18.12,15.04,33.15,32.74,25.88
745397,2024-06-25,2024,660688,L,660853,R,double,False,False,158.0,0.208,20.0,12.66,4.0,2.53,0.55,0.101,12.36,6.45,17.77,24.22,37.8,16.39,403.0,0.249,48.0,11.91,25.0,6.2,0.712,0.1629999999999999,14.96,7.67,15.92,23.59,36.49,14.77,38.0,0.273,8.0,21.05,5.0,13.16,1.126,0.485,29.49,13.45,15.79,29.24,25.32,14.55,119.0,0.272,18.0,15.13,15.0,12.61,0.778,0.1449999999999999,17.99,8.48,14.0,22.49,22.82,10.53
745397,2024-06-25,2024,669222,R,660853,R,home_run,False,False,152.0,0.214,40.0,26.32,19.0,12.5,0.669,0.13699999999999998,28.03,12.82,18.02,30.85,22.96,24.54,205.0,0.164,51.0,24.88,18.0,8.78,0.497,0.093,25.27,12.43,15.64,28.07,26.72,23.15,92.0,0.241,30.0,32.61,4.0,4.35,0.743,0.21900000000000003,32.86,18.57,14.85,33.42,29.41,21.13,143.0,0.171,44.0,30.77,10.0,6.99,0.516,0.093,35.46,18.12,15.04,33.15,32.74,25.88
745397,2024-06-25,2024,671277,L,593974,L,field_out,False,False,50.0,0.17,12.0,24.0,3.0,6.0,0.433,0.04299999999999998,24.21,11.92,16.58,28.5,35.24,21.05,129.0,0.261,16.0,12.4,4.0,3.1,0.668,0.134,18.96,9.55,16.71,26.25,27.88,16.49,37.0,0.303,7.0,18.92,2.0,5.41,0.802,0.121,20.34,9.52,13.49,23.02,26.23,25.0,97.0,0.138,24.0,24.74,10.0,10.31,0.483,0.0739999999999999,26.88,13.4,11.26,24.66,37.04,21.24
745397,2024-06-25,2024,456781,R,640451,R,double,False,False,61.0,0.259,14.0,22.95,3.0,4.92,0.6799999999999999,0.09299999999999997,20.17,9.76,21.14,30.89,31.19,15.91,297.0,0.28,68.0,22.9,29.0,9.76,0.766,0.1059999999999999,26.06,12.14,17.61,29.74,28.81,17.48,77.0,0.203,23.0,29.87,7.0,9.09,0.6479999999999999,0.15899999999999997,31.98,16.67,14.85,31.52,24.31,18.64,130.0,0.168,43.0,33.08,8.0,6.15,0.517,0.1179999999999999,27.76,13.76,16.05,29.81,27.61,22.75
745397,2024-06-25,2024,701538,L,640451,R,single,False,False,188.0,0.326,32.0,17.02,10.0,5.32,0.84,0.14799999999999996,18.13,9.96,12.66,22.62,36.08,13.66,,,,,,,,,,,,,,,84.0,0.273,21.0,25.0,5.0,5.95,0.728,0.13,25.0,13.35,14.84,28.19,39.49,18.75,105.0,0.245,24.0,22.86,5.0,4.76,0.664,0.143,24.4,12.75,15.75,28.5,34.62,19.83
745397,2024-06-25,2024,673490,R,640451,R,walk,False,True,212.0,0.24,34.0,16.04,31.0,14.62,0.7789999999999999,0.185,16.98,6.08,24.34,30.42,17.84,11.37,435.0,0.241,94.0,21.61,55.0,12.64,0.681,0.1,18.8,7.03,23.65,30.68,19.23,15.59,77.0,0.203,23.0,29.87,7.0,9.09,0.6479999999999999,0.15899999999999997,31.98,16.67,14.85,31.52,24.31,18.64,130.0,0.168,43.0,33.08,8.0,6.15,0.517,0.1179999999999999,27.76,13.76,16.05,29.81,27.61,22.75
745397,2024-06-25,2024,642180,L,640451,R,sac_bunt,False,False,87.0,0.227,18.0,20.69,8.0,9.2,0.563,0.025999999999999995,22.31,9.18,20.57,29.75,22.22,26.09,48.0,0.283,12.0,25.0,2.0,4.17,0.6599999999999999,0.065,24.1,10.93,22.4,33.33,28.95,20.0,84.0,0.273,21.0,25.0,5.0,5.95,0.728,0.13,25.0,13.35,14.84,28.19,39.49,18.75,105.0,0.245,24.0,22.86,5.0,4.76,0.664,0.143,24.4,12.75,15.75,28.5,34.62,19.83
745397,2024-06-25,2024,444482,L,640451,R,field_out,False,False,56.0,0.184,10.0,17.86,6.0,10.71,0.477,0.01999999999999999,26.02,14.22,11.56,25.78,35.14,10.71,387.0,0.253,63.0,16.28,19.0,4.91,0.6739999999999999,0.131,22.16,12.01,13.06,25.07,33.57,15.04,84.0,0.273,21.0,25.0,5.0,5.95,0.728,0.13,25.0,13.35,14.84,28.19,39.49,18.75,105.0,0.245,24.0,22.86,5.0,4.76,0.664,0.143,24.4,12.75,15.75,28.5,34.62,19.83
745397,2024-06-25,2024,650333,L,640451,R,intent_walk,False,True,210.0,0.343,5.0,2.38,9.0,4.29,0.812,0.09599999999999997,6.04,2.93,19.44,22.37,34.57,2.84,479.0,0.362,17.0,3.55,31.0,6.47,0.891,0.122,6.51,3.2,16.58,19.78,31.29,4.11,84.0,0.273,21.0,25.0,5.0,5.95,0.728,0.13,25.0,13.35,14.84,28.19,39.49,18.75,105.0,0.245,24.0,22.86,5.0,4.76,0.664,0.143,24.4,12.75,15.75,28.5,34.62,19.83
745397,2024-06-25,2024,595777,L,640451,R,single,False,False,219.0,0.306,39.0,17.81,26.0,11.87,0.851,0.14600000000000002,18.78,8.73,14.3,23.03,22.64,13.06,375.0,0.229,68.0,18.13,37.0,9.87,0.6559999999999999,0.1159999999999999,21.66,10.43,14.17,24.61,26.12,14.59,84.0,0.273,21.0,25.0,5.0,5.95,0.728,0.13,25.0,13.35,14.84,28.19,39.49,18.75,105.0,0.245,24.0,22.86,5.0,4.76,0.664,0.143,24.4,12.75,15.75,28.5,34.62,19.83
746780,2024-06-25,2024,660271,L,676979,L,strikeout,True,False,118.0,0.302,26.0,22.03,11.0,9.32,0.873,0.20700000000000002,27.27,12.03,17.09,29.11,23.5,19.4,170.0,0.245,44.0,25.88,27.0,15.88,0.897,0.287,30.62,13.88,13.59,27.47,31.74,23.04,62.0,0.211,26.0,41.94,5.0,8.06,0.52,0.035,35.77,17.46,15.48,32.94,25.64,30.95,22.0,0.389,4.0,18.18,3.0,13.64,0.944,0.0549999999999999,27.5,11.96,19.57,31.52,21.43,14.29
746780,2024-06-25,2024,669257,R,676979,L,field_out,False,False,82.0,0.348,10.0,12.2,11.0,13.41,1.12,0.3330000000000001,17.99,7.76,15.22,22.98,24.53,11.49,147.0,0.24,22.0,14.97,21.0,14.29,0.8,0.206,20.0,8.97,15.38,24.36,26.59,11.52,311.0,0.196,104.0,33.44,15.0,4.82,0.591,0.15099999999999997,32.06,16.61,15.5,32.11,31.94,25.18,42.0,0.172,8.0,19.05,10.0,23.81,0.745,0.207,25.56,11.5,13.5,25.0,25.93,11.76
746780,2024-06-25,2024,518692,L,676979,L,single,False,False,126.0,0.231,19.0,15.08,11.0,8.73,0.69,0.13899999999999998,21.22,11.45,12.56,24.01,33.03,12.84,218.0,0.335,40.0,18.35,15.0,6.88,1.008,0.2739999999999999,21.54,11.31,11.07,22.38,26.41,16.0,62.0,0.211,26.0,41.94,5.0,8.06,0.52,0.035,35.77,17.46,15.48,32.94,25.64,30.95,22.0,0.389,4.0,18.18,3.0,13.64,0.944,0.0549999999999999,27.5,11.96,19.57,31.52,21.43,14.29
746780,2024-06-25,2024,681624,R,676979,L,single,False,False,61.0,0.368,15.0,24.59,3.0,4.92,0.937,0.17600000000000005,23.48,12.25,14.23,26.48,33.85,18.07,,,,,,,,,,,,,,,311.0,0.196,104.0,33.44,15.0,4.82,0.591,0.15099999999999997,32.06,16.61,15.5,32.11,31.94,25.18,42.0,0.172,8.0,19.05,10.0,23.81,0.745,0.207,25.56,11.5,13.5,25.0,25.93,11.76
746780,2024-06-25,2024,500743,R,676979,L,field_out,False,False,68.0,0.27,4.0,5.88,5.0,7.35,0.768,0.174,12.17,5.56,14.68,20.24,25.0,5.88,145.0,0.286,12.0,8.28,8.0,5.52,0.7370000000000001,0.12,9.75,4.67,17.48,22.15,29.46,10.08,311.0,0.196,104.0,33.44,15.0,4.82,0.591,0.15099999999999997,32.06,16.61,15.5,32.11,31.94,25.18,42.0,0.172,8.0,19.05,10.0,23.81,0.745,0.207,25.56,11.5,13.5,25.0,25.93,11.76
746780,2024-06-25,2024,502054,R,572020,L,strikeout,True,False,47.0,0.282,9.0,19.15,7.0,14.89,0.891,0.20500000000000002,20.27,7.85,21.47,29.32,17.58,13.85,177.0,0.245,35.0,19.77,19.0,10.73,0.787,0.22,18.15,7.08,21.25,28.33,19.5,17.41,254.0,0.209,41.0,16.14,34.0,13.39,0.669,0.144,21.55,10.09,13.32,23.41,24.1,12.42,316.0,0.239,85.0,26.9,23.0,7.28,0.755,0.218,28.93,15.19,13.03,28.22,31.91,20.83
746780,2024-06-25,2024,683734,R,572020,L,field_out,False,False,67.0,0.262,11.0,16.42,2.0,2.99,0.6839999999999999,0.138,23.48,12.35,13.94,26.29,36.15,16.42,142.0,0.227,20.0,14.08,7.0,4.93,0.641,0.144,18.15,9.74,13.42,23.16,34.55,11.83,254.0,0.209,41.0,16.14,34.0,13.39,0.669,0.144,21.55,10.09,13.32,23.41,24.1,12.42,316.0,0.239,85.0,26.9,23.0,7.28,0.755,0.218,28.93,15.19,13.03,28.22,31.91,20.83
746780,2024-06-25,2024,673357,R,572020,L,walk,False,True,24.0,0.167,8.0,33.33,6.0,25.0,0.597,0.05499999999999999,40.0,16.0,16.0,32.0,28.57,32.0,119.0,0.312,40.0,33.61,5.0,4.2,0.951,0.2749999999999999,35.71,20.75,11.2,31.95,42.19,22.1,254.0,0.209,41.0,16.14,34.0,13.39,0.669,0.144,21.55,10.09,13.32,23.41,24.1,12.42,316.0,0.239,85.0,26.9,23.0,7.28,0.755,0.218,28.93,15.19,13.03,28.22,31.91,20.83
746780,2024-06-25,2024,650391,R,572020,L,single,False,False,34.0,0.219,5.0,14.71,2.0,5.88,0.515,0.031,24.56,12.96,12.96,25.93,41.27,22.73,98.0,0.267,15.0,15.31,6.0,6.12,0.738,0.1549999999999999,26.32,12.78,15.06,27.84,36.63,16.85,254.0,0.209,41.0,16.14,34.0,13.39,0.669,0.144,21.55,10.09,13.32,23.41,24.1,12.42,316.0,0.239,85.0,26.9,23.0,7.28,0.755,0.218,28.93,15.19,13.03,28.22,31.91,20.83
746780,2024-06-25,2024,657557,R,572020,L,strikeout,True,False,67.0,0.161,24.0,35.82,3.0,4.48,0.548,0.17800000000000002,41.18,24.51,8.95,33.46,34.11,29.63,119.0,0.217,35.0,29.41,9.0,7.56,0.635,0.1319999999999999,33.2,18.24,12.75,30.99,37.18,23.03,254.0,0.209,41.0,16.14,34.0,13.39,0.669,0.144,21.55,10.09,13.32,23.41,24.1,12.42,316.0,0.239,85.0,26.9,23.0,7.28,0.755,0.218,28.93,15.19,13.03,28.22,31.91,20.83
746780,2024-06-25,2024,678246,R,676979,L,single,False,False,17.0,0.533,2.0,11.76,2.0,11.76,1.455,0.33399999999999996,17.24,7.35,19.12,26.47,15.62,10.53,93.0,0.171,14.0,15.05,14.0,15.05,0.696,0.224,21.34,9.0,16.97,25.96,17.01,13.33,311.0,0.196,104.0,33.44,15.0,4.82,0.591,0.15099999999999997,32.06,16.61,15.5,32.11,31.94,25.18,42.0,0.172,8.0,19.05,10.0,23.81,0.745,0.207,25.56,11.5,13.5,25.0,25.93,11.76
746780,2024-06-25,2024,571771,R,676979,L,strikeout,True,False,77.0,0.229,13.0,16.88,6.0,7.79,0.6599999999999999,0.142,18.7,7.99,20.83,28.82,24.31,18.06,162.0,0.239,19.0,11.73,14.0,8.64,0.642,0.099,14.84,6.54,19.31,25.86,25.95,10.67,311.0,0.196,104.0,33.44,15.0,4.82,0.591,0.15099999999999997,32.06,16.61,15.5,32.11,31.94,25.18,42.0,0.172,8.0,19.05,10.0,23.81,0.745,0.207,25.56,11.5,13.5,25.0,25.93,11.76
746780,2024-06-25,2024,621035,R,676979,L,grounded_into_double_play,False,False,54.0,0.178,18.0,33.33,7.0,12.96,0.572,0.11099999999999999,37.84,18.75,9.38,28.12,20.0,25.35,162.0,0.21,59.0,36.42,19.0,11.73,0.7949999999999999,0.268,39.5,18.23,13.46,31.69,20.29,25.54,311.0,0.196,104.0,33.44,15.0,4.82,0.591,0.15099999999999997,32.06,16.61,15.5,32.11,31.94,25.18,42.0,0.172,8.0,19.05,10.0,23.81,0.745,0.207,25.56,11.5,13.5,25.0,25.93,11.76
746780,2024-06-25,2024,686676,R,572020,L,strikeout,True,False,54.0,0.28,14.0,25.93,4.0,7.41,0.753,0.13999999999999996,31.62,18.23,9.85,28.08,34.02,22.95,23.0,0.0,8.0,34.78,1.0,4.35,0.043,0.0,28.12,15.79,7.89,23.68,26.67,17.02,254.0,0.209,41.0,16.14,34.0,13.39,0.669,0.144,21.55,10.09,13.32,23.41,24.1,12.42,316.0,0.239,85.0,26.9,23.0,7.28,0.755,0.218,28.93,15.19,13.03,28.22,31.91,20.83
746780,2024-06-25,2024,667452,R,572020,L,strikeout,True,False,37.0,0.303,12.0,32.43,4.0,10.81,0.863,0.182,28.99,12.9,18.71,31.61,31.65,25.53,76.0,0.233,19.0,25.0,2.0,2.63,0.62,0.1369999999999999,22.62,11.91,15.05,26.96,35.67,17.27,254.0,0.209,41.0,16.14,34.0,13.39,0.669,0.144,21.55,10.09,13.32,23.41,24.1,12.42,316.0,0.239,85.0,26.9,23.0,7.28,0.755,0.218,28.93,15.19,13.03,28.22,31.91,20.83
746780,2024-06-25,2024,672820,R,572020,L,walk,False,True,36.0,0.303,5.0,13.89,3.0,8.33,0.906,0.24200000000000005,17.74,7.86,15.0,22.86,29.33,14.71,50.0,0.261,10.0,20.0,3.0,6.0,0.741,0.174,22.11,11.8,17.98,29.78,44.19,18.87,254.0,0.209,41.0,16.14,34.0,13.39,0.669,0.144,21.55,10.09,13.32,23.41,24.1,12.42,316.0,0.239,85.0,26.9,23.0,7.28,0.755,0.218,28.93,15.19,13.03,28.22,31.91,20.83
746780,2024-06-25,2024,664901,R,572020,L,field_out,False,False,42.0,0.282,8.0,19.05,3.0,7.14,0.8460000000000001,0.23100000000000004,22.37,10.43,15.95,26.38,22.89,19.51,41.0,0.225,10.0,24.39,1.0,2.44,0.544,0.0749999999999999,22.67,10.62,20.0,30.63,24.29,21.74,254.0,0.209,41.0,16.14,34.0,13.39,0.669,0.144,21.55,10.09,13.32,23.41,24.1,12.42,316.0,0.239,85.0,26.9,23.0,7.28,0.755,0.218,28.93,15.19,13.03,28.22,31.91,20.83
746780,2024-06-25,2024,518792,L,676979,L,strikeout,True,False,7.0,0.286,4.0,57.14,0.0,0.0,1.0,0.428,50.0,27.59,17.24,44.83,46.67,36.36,28.0,0.192,7.0,25.0,2.0,7.14,0.75,0.308,23.64,11.93,19.27,31.19,40.0,22.58,62.0,0.211,26.0,41.94,5.0,8.06,0.52,0.035,35.77,17.46,15.48,32.94,25.64,30.95,22.0,0.389,4.0,18.18,3.0,13.64,0.944,0.0549999999999999,27.5,11.96,19.57,31.52,21.43,14.29
746780,2024-06-25,2024,660271,L,676979,L,field_out,False,False,118.0,0.302,26.0,22.03,11.0,9.32,0.873,0.20700000000000002,27.27,12.03,17.09,29.11,23.5,19.4,170.0,0.245,44.0,25.88,27.0,15.88,0.897,0.287,30.62,13.88,13.59,27.47,31.74,23.04,62.0,0.211,26.0,41.94,5.0,8.06,0.52,0.035,35.77,17.46,15.48,32.94,25.64,30.95,22.0,0.389,4.0,18.18,3.0,13.64,0.944,0.0549999999999999,27.5,11.96,19.57,31.52,21.43,14.29
746780,2024-06-25,2024,669257,R,676979,L,hit_by_pitch,False,False,82.0,0.348,10.0,12.2,11.0,13.41,1.12,0.3330000000000001,17.99,7.76,15.22,22.98,24.53,11.49,147.0,0.24,22.0,14.97,21.0,14.29,0.8,0.206,20.0,8.97,15.38,24.36,26.59,11.52,311.0,0.196,104.0,33.44,15.0,4.82,0.591,0.15099999999999997,32.06,16.61,15.5,32.11,31.94,25.18,42.0,0.172,8.0,19.05,10.0,23.81,0.745,0.207,25.56,11.5,13.5,25.0,25.93,11.76
746780,2024-06-25,2024,518692,L,676979,L,single,False,False,126.0,0.231,19.0,15.08,11.0,8.73,0.69,0.13899999999999998,21.22,11.45,12.56,24.01,33.03,12.84,218.0,0.335,40.0,18.35,15.0,6.88,1.008,0.2739999999999999,21.54,11.31,11.07,22.38,26.41,16.0,62.0,0.211,26.0,41.94,5.0,8.06,0.52,0.035,35.77,17.46,15.48,32.94,25.64,30.95,22.0,0.389,4.0,18.18,3.0,13.64,0.944,0.0549999999999999,27.5,11.96,19.57,31.52,21.43,14.29
746780,2024-06-25,2024,681624,R,676979,L,force_out,False,False,61.0,0.368,15.0,24.59,3.0,4.92,0.937,0.17600000000000005,23.48,12.25,14.23,26.48,33.85,18.07,,,,,,,,,,,,,,,311.0,0.196,104.0,33.44,15.0,4.82,0.591,0.15099999999999997,32.06,16.61,15.5,32.11,31.94,25.18,42.0,0.172,8.0,19.05,10.0,23.81,0.745,0.207,25.56,11.5,13.5,25.0,25.93,11.76
746780,2024-06-25,2024,502054,R,572020,L,single,False,False,47.0,0.282,9.0,19.15,7.0,14.89,0.891,0.20500000000000002,20.27,7.85,21.47,29.32,17.58,13.85,177.0,0.245,35.0,19.77,19.0,10.73,0.787,0.22,18.15,7.08,21.25,28.33,19.5,17.41,254.0,0.209,41.0,16.14,34.0,13.39,0.669,0.144,21.55,10.09,13.32,23.41,24.1,12.42,316.0,0.239,85.0,26.9,23.0,7.28,0.755,0.218,28.93,15.19,13.03,28.22,31.91,20.83
746780,2024-06-25,2024,683734,R,572020,L,force_out,False,False,67.0,0.262,11.0,16.42,2.0,2.99,0.6839999999999999,0.138,23.48,12.35,13.94,26.29,36.15,16.42,142.0,0.227,20.0,14.08,7.0,4.93,0.641,0.144,18.15,9.74,13.42,23.16,34.55,11.83,254.0,0.209,41.0,16.14,34.0,13.39,0.669,0.144,21.55,10.09,13.32,23.41,24.1,12.42,316.0,0.239,85.0,26.9,23.0,7.28,0.755,0.218,28.93,15.19,13.03,28.22,31.91,20.83
746780,2024-06-25,2024,673357,R,572020,L,walk,False,True,24.0,0.167,8.0,33.33,6.0,25.0,0.597,0.05499999999999999,40.0,16.0,16.0,32.0,28.57,32.0,119.0,0.312,40.0,33.61,5.0,4.2,0.951,0.2749999999999999,35.71,20.75,11.2,31.95,42.19,22.1,254.0,0.209,41.0,16.14,34.0,13.39,0.669,0.144,21.55,10.09,13.32,23.41,24.1,12.42,316.0,0.239,85.0,26.9,23.0,7.28,0.755,0.218,28.93,15.19,13.03,28.22,31.91,20.83
746780,2024-06-25,2024,650391,R,572020,L,strikeout,True,False,34.0,0.219,5.0,14.71,2.0,5.88,0.515,0.031,24.56,12.96,12.96,25.93,41.27,22.73,98.0,0.267,15.0,15.31,6.0,6.12,0.738,0.1549999999999999,26.32,12.78,15.06,27.84,36.63,16.85,254.0,0.209,41.0,16.14,34.0,13.39,0.669,0.144,21.55,10.09,13.32,23.41,24.1,12.42,316.0,0.239,85.0,26.9,23.0,7.28,0.755,0.218,28.93,15.19,13.03,28.22,31.91,20.83
746780,2024-06-25,2024,657557,R,572020,L,strikeout,True,False,67.0,0.161,24.0,35.82,3.0,4.48,0.548,0.17800000000000002,41.18,24.51,8.95,33.46,34.11,29.63,119.0,0.217,35.0,29.41,9.0,7.56,0.635,0.1319999999999999,33.2,18.24,12.75,30.99,37.18,23.03,254.0,0.209,41.0,16.14,34.0,13.39,0.669,0.144,21.55,10.09,13.32,23.41,24.1,12.42,316.0,0.239,85.0,26.9,23.0,7.28,0.755,0.218,28.93,15.19,13.03,28.22,31.91,20.83
746780,2024-06-25,2024,500743,R,676979,L,single,False,False,68.0,0.27,4.0,5.88,5.0,7.35,0.768,0.174,12.17,5.56,14.68,20.24,25.0,5.88,145.0,0.286,12.0,8.28,8.0,5.52,0.7370000000000001,0.12,9.75,4.67,17.48,22.15,29.46,10.08,311.0,0.196,104.0,33.44,15.0,4.82,0.591,0.15099999999999997,32.06,16.61,15.5,32.11,31.94,25.18,42.0,0.172,8.0,19.05,10.0,23.81,0.745,0.207,25.56,11.5,13.5,25.0,25.93,11.76
746780,2024-06-25,2024,678246,R,676979,L,field_out,False,False,17.0,0.533,2.0,11.76,2.0,11.76,1.455,0.33399999999999996,17.24,7.35,19.12,26.47,15.62,10.53,93.0,0.171,14.0,15.05,14.0,15.05,0.696,0.224,21.34,9.0,16.97,25.96,17.01,13.33,311.0,0.196,104.0,33.44,15.0,4.82,0.591,0.15099999999999997,32.06,16.61,15.5,32.11,31.94,25.18,42.0,0.172,8.0,19.05,10.0,23.81,0.745,0.207,25.56,11.5,13.5,25.0,25.93,11.76
746780,2024-06-25,2024,571771,R,676979,L,grounded_into_double_play,False,False,77.0,0.229,13.0,16.88,6.0,7.79,0.6599999999999999,0.142,18.7,7.99,20.83,28.82,24.31,18.06,162.0,0.239,19.0,11.73,14.0,8.64,0.642,0.099,14.84,6.54,19.31,25.86,25.95,10.67,311.0,0.196,104.0,33.44,15.0,4.82,0.591,0.15099999999999997,32.06,16.61,15.5,32.11,31.94,25.18,42.0,0.172,8.0,19.05,10.0,23.81,0.745,0.207,25.56,11.5,13.5,25.0,25.93,11.76
746780,2024-06-25,2024,686676,R,572020,L,field_out,False,False,54.0,0.28,14.0,25.93,4.0,7.41,0.753,0.13999999999999996,31.62,18.23,9.85,28.08,34.02,22.95,23.0,0.0,8.0,34.78,1.0,4.35,0.043,0.0,28.12,15.79,7.89,23.68,26.67,17.02,254.0,0.209,41.0,16.14,34.0,13.39,0.669,0.144,21.55,10.09,13.32,23.41,24.1,12.42,316.0,0.239,85.0,26.9,23.0,7.28,0.755,0.218,28.93,15.19,13.03,28.22,31.91,20.83
746780,2024-06-25,2024,667452,R,572020,L,field_out,False,False,37.0,0.303,12.0,32.43,4.0,10.81,0.863,0.182,28.99,12.9,18.71,31.61,31.65,25.53,76.0,0.233,19.0,25.0,2.0,2.63,0.62,0.1369999999999999,22.62,11.91,15.05,26.96,35.67,17.27,254.0,0.209,41.0,16.14,34.0,13.39,0.669,0.144,21.55,10.09,13.32,23.41,24.1,12.42,316.0,0.239,85.0,26.9,23.0,7.28,0.755,0.218,28.93,15.19,13.03,28.22,31.91,20.83
746780,2024-06-25,2024,672820,R,572020,L,field_out,False,False,36.0,0.303,5.0,13.89,3.0,8.33,0.906,0.24200000000000005,17.74,7.86,15.0,22.86,29.33,14.71,50.0,0.261,10.0,20.0,3.0,6.0,0.741,0.174,22.11,11.8,17.98,29.78,44.19,18.87,254.0,0.209,41.0,16.14,34.0,13.39,0.669,0.144,21.55,10.09,13.32,23.41,24.1,12.42,316.0,0.239,85.0,26.9,23.0,7.28,0.755,0.218,28.93,15.19,13.03,28.22,31.91,20.83
746780,2024-06-25,2024,621035,R,676979,L,field_out,False,False,54.0,0.178,18.0,33.33,7.0,12.96,0.572,0.11099999999999999,37.84,18.75,9.38,28.12,20.0,25.35,162.0,0.21,59.0,36.42,19.0,11.73,0.7949999999999999,0.268,39.5,18.23,13.46,31.69,20.29,25.54,311.0,0.196,104.0,33.44,15.0,4.82,0.591,0.15099999999999997,32.06,16.61,15.5,32.11,31.94,25.18,42.0,0.172,8.0,19.05,10.0,23.81,0.745,0.207,25.56,11.5,13.5,25.0,25.93,11.76
746780,2024-06-25,2024,518792,L,676979,L,strikeout,True,False,7.0,0.286,4.0,57.14,0.0,0.0,1.0,0.428,50.0,27.59,17.24,44.83,46.67,36.36,28.0,0.192,7.0,25.0,2.0,7.14,0.75,0.308,23.64,11.93,19.27,31.19,40.0,22.58,62.0,0.211,26.0,41.94,5.0,8.06,0.52,0.035,35.77,17.46,15.48,32.94,25.64,30.95,22.0,0.389,4.0,18.18,3.0,13.64,0.944,0.0549999999999999,27.5,11.96,19.57,31.52,21.43,14.29
746780,2024-06-25,2024,660271,L,676979,L,strikeout,True,False,118.0,0.302,26.0,22.03,11.0,9.32,0.873,0.20700000000000002,27.27,12.03,17.09,29.11,23.5,19.4,170.0,0.245,44.0,25.88,27.0,15.88,0.897,0.287,30.62,13.88,13.59,27.47,31.74,23.04,62.0,0.211,26.0,41.94,5.0,8.06,0.52,0.035,35.77,17.46,15.48,32.94,25.64,30.95,22.0,0.389,4.0,18.18,3.0,13.64,0.944,0.0549999999999999,27.5,11.96,19.57,31.52,21.43,14.29
746780,2024-06-25,2024,664901,R,572020,L,field_out,False,False,42.0,0.282,8.0,19.05,3.0,7.14,0.8460000000000001,0.23100000000000004,22.37,10.43,15.95,26.38,22.89,19.51,41.0,0.225,10.0,24.39,1.0,2.44,0.544,0.0749999999999999,22.67,10.62,20.0,30.63,24.29,21.74,254.0,0.209,41.0,16.14,34.0,13.39,0.669,0.144,21.55,10.09,13.32,23.41,24.1,12.42,316.0,0.239,85.0,26.9,23.0,7.28,0.755,0.218,28.93,15.19,13.03,28.22,31.91,20.83
746780,2024-06-25,2024,502054,R,572020,L,single,False,False,47.0,0.282,9.0,19.15,7.0,14.89,0.891,0.20500000000000002,20.27,7.85,21.47,29.32,17.58,13.85,177.0,0.245,35.0,19.77,19.0,10.73,0.787,0.22,18.15,7.08,21.25,28.33,19.5,17.41,254.0,0.209,41.0,16.14,34.0,13.39,0.669,0.144,21.55,10.09,13.32,23.41,24.1,12.42,316.0,0.239,85.0,26.9,23.0,7.28,0.755,0.218,28.93,15.19,13.03,28.22,31.91,20.83
746780,2024-06-25,2024,683734,R,572020,L,field_out,False,False,67.0,0.262,11.0,16.42,2.0,2.99,0.6839999999999999,0.138,23.48,12.35,13.94,26.29,36.15,16.42,142.0,0.227,20.0,14.08,7.0,4.93,0.641,0.144,18.15,9.74,13.42,23.16,34.55,11.83,254.0,0.209,41.0,16.14,34.0,13.39,0.669,0.144,21.55,10.09,13.32,23.41,24.1,12.42,316.0,0.239,85.0,26.9,23.0,7.28,0.755,0.218,28.93,15.19,13.03,28.22,31.91,20.83
746780,2024-06-25,2024,673357,R,572020,L,field_out,False,False,24.0,0.167,8.0,33.33,6.0,25.0,0.597,0.05499999999999999,40.0,16.0,16.0,32.0,28.57,32.0,119.0,0.312,40.0,33.61,5.0,4.2,0.951,0.2749999999999999,35.71,20.75,11.2,31.95,42.19,22.1,254.0,0.209,41.0,16.14,34.0,13.39,0.669,0.144,21.55,10.09,13.32,23.41,24.1,12.42,316.0,0.239,85.0,26.9,23.0,7.28,0.755,0.218,28.93,15.19,13.03,28.22,31.91,20.83
746780,2024-06-25,2024,669257,R,676979,L,strikeout,True,False,82.0,0.348,10.0,12.2,11.0,13.41,1.12,0.3330000000000001,17.99,7.76,15.22,22.98,24.53,11.49,147.0,0.24,22.0,14.97,21.0,14.29,0.8,0.206,20.0,8.97,15.38,24.36,26.59,11.52,311.0,0.196,104.0,33.44,15.0,4.82,0.591,0.15099999999999997,32.06,16.61,15.5,32.11,31.94,25.18,42.0,0.172,8.0,19.05,10.0,23.81,0.745,0.207,25.56,11.5,13.5,25.0,25.93,11.76
746780,2024-06-25,2024,518692,L,676979,L,field_out,False,False,126.0,0.231,19.0,15.08,11.0,8.73,0.69,0.13899999999999998,21.22,11.45,12.56,24.01,33.03,12.84,218.0,0.335,40.0,18.35,15.0,6.88,1.008,0.2739999999999999,21.54,11.31,11.07,22.38,26.41,16.0,62.0,0.211,26.0,41.94,5.0,8.06,0.52,0.035,35.77,17.46,15.48,32.94,25.64,30.95,22.0,0.389,4.0,18.18,3.0,13.64,0.944,0.0549999999999999,27.5,11.96,19.57,31.52,21.43,14.29
746780,2024-06-25,2024,681624,R,621051,R,field_out,False,False,185.0,0.222,51.0,27.57,10.0,5.41,0.6599999999999999,0.155,27.32,14.62,12.83,27.45,32.5,20.56,,,,,,,,,,,,,,,55.0,0.271,12.0,21.82,4.0,7.27,0.889,0.29100000000000004,23.71,11.56,16.08,27.64,26.67,23.53,129.0,0.184,36.0,27.91,13.0,10.08,0.63,0.1669999999999999,28.24,12.88,16.99,29.87,25.45,19.67
746780,2024-06-25,2024,650391,R,543339,R,field_out,False,False,120.0,0.236,23.0,19.17,9.0,7.5,0.701,0.173,23.04,11.76,15.06,26.82,28.17,17.42,392.0,0.273,78.0,19.9,24.0,6.12,0.762,0.172,30.51,16.0,12.65,28.65,36.66,20.91,55.0,0.196,15.0,27.27,3.0,5.45,0.55,0.118,34.65,15.98,16.44,32.42,28.57,23.81,9.0,0.25,3.0,33.33,1.0,11.11,0.708,0.125,28.57,14.63,9.76,24.39,30.43,21.43
746780,2024-06-25,2024,657557,R,543339,R,single,False,False,195.0,0.26,60.0,30.77,6.0,3.08,0.8,0.23199999999999998,32.31,18.84,9.77,28.61,33.43,25.42,281.0,0.203,86.0,30.6,12.0,4.27,0.603,0.1539999999999999,36.49,19.09,15.38,34.47,35.28,34.68,55.0,0.196,15.0,27.27,3.0,5.45,0.55,0.118,34.65,15.98,16.44,32.42,28.57,23.81,9.0,0.25,3.0,33.33,1.0,11.11,0.708,0.125,28.57,14.63,9.76,24.39,30.43,21.43
746780,2024-06-25,2024,686676,R,543339,R,strikeout,True,False,144.0,0.226,44.0,30.56,6.0,4.17,0.631,0.146,40.46,23.7,10.4,34.1,35.44,25.15,47.0,0.116,12.0,25.53,4.0,8.51,0.4,0.0929999999999999,33.71,18.07,13.25,31.33,34.15,23.53,55.0,0.196,15.0,27.27,3.0,5.45,0.55,0.118,34.65,15.98,16.44,32.42,28.57,23.81,9.0,0.25,3.0,33.33,1.0,11.11,0.708,0.125,28.57,14.63,9.76,24.39,30.43,21.43
746780,2024-06-25,2024,657757,L,543339,R,strikeout,True,False,232.0,0.245,39.0,16.81,29.0,12.5,0.751,0.16000000000000003,21.23,9.2,18.3,27.51,28.73,12.5,324.0,0.212,58.0,17.9,28.0,8.64,0.63,0.1369999999999999,20.44,9.67,14.66,24.33,29.35,14.25,55.0,0.164,18.0,32.73,0.0,0.0,0.491,0.163,31.25,17.47,11.79,29.26,24.27,20.45,5.0,0.0,2.0,40.0,2.0,40.0,0.4,0.0,50.0,21.74,8.7,30.43,8.33,20.0
746780,2024-06-25,2024,500743,R,621051,R,double,False,False,74.0,0.296,10.0,13.51,3.0,4.05,0.761,0.14100000000000001,13.45,6.08,20.15,26.24,27.78,15.38,279.0,0.21,36.0,12.9,18.0,6.45,0.546,0.068,19.79,9.92,16.53,26.45,34.53,12.9,55.0,0.271,12.0,21.82,4.0,7.27,0.889,0.29100000000000004,23.71,11.56,16.08,27.64,26.67,23.53,129.0,0.184,36.0,27.91,13.0,10.08,0.63,0.1669999999999999,28.24,12.88,16.99,29.87,25.45,19.67
746780,2024-06-25,2024,666158,L,621051,R,field_out,False,False,193.0,0.228,42.0,21.76,12.0,6.22,0.5980000000000001,0.094,19.12,8.66,18.91,27.56,21.78,18.75,,,,,,,,,,,,,,,47.0,0.121,8.0,17.02,11.0,23.4,0.553,0.091,24.44,10.73,12.68,23.41,21.57,12.12,90.0,0.187,21.0,23.33,14.0,15.56,0.6819999999999999,0.173,24.38,10.18,15.67,25.85,18.0,18.58
746780,2024-06-25,2024,571771,R,621051,R,double,False,False,99.0,0.178,22.0,22.22,9.0,9.09,0.509,0.07800000000000001,25.89,13.25,15.06,28.31,25.68,18.97,347.0,0.235,78.0,22.48,20.0,5.76,0.647,0.13,27.56,13.17,16.85,30.02,28.91,20.8,55.0,0.271,12.0,21.82,4.0,7.27,0.889,0.29100000000000004,23.71,11.56,16.08,27.64,26.67,23.53,129.0,0.184,36.0,27.91,13.0,10.08,0.63,0.1669999999999999,28.24,12.88,16.99,29.87,25.45,19.67
746780,2024-06-25,2024,621035,R,621051,R,field_error,False,False,66.0,0.117,24.0,36.36,4.0,6.06,0.33,0.016,31.15,14.9,15.29,30.2,23.53,34.78,224.0,0.255,66.0,29.46,22.0,9.82,0.712,0.125,33.11,15.94,15.09,31.03,23.37,20.82,55.0,0.271,12.0,21.82,4.0,7.27,0.889,0.29100000000000004,23.71,11.56,16.08,27.64,26.67,23.53,129.0,0.184,36.0,27.91,13.0,10.08,0.63,0.1669999999999999,28.24,12.88,16.99,29.87,25.45,19.67
746780,2024-06-25,2024,518792,L,621383,L,field_out,False,False,7.0,0.286,4.0,57.14,0.0,0.0,1.0,0.428,50.0,27.59,17.24,44.83,46.67,36.36,28.0,0.192,7.0,25.0,2.0,7.14,0.75,0.308,23.64,11.93,19.27,31.19,40.0,22.58,61.0,0.226,16.0,26.23,5.0,8.2,0.604,0.095,27.1,12.95,15.18,28.12,26.96,28.07,93.0,0.205,23.0,24.73,6.0,6.45,0.609,0.132,29.59,13.85,17.73,31.58,25.86,19.33
746780,2024-06-25,2024,660271,L,621383,L,walk,False,True,118.0,0.302,26.0,22.03,11.0,9.32,0.873,0.20700000000000002,27.27,12.03,17.09,29.11,23.5,19.4,170.0,0.245,44.0,25.88,27.0,15.88,0.897,0.287,30.62,13.88,13.59,27.47,31.74,23.04,61.0,0.226,16.0,26.23,5.0,8.2,0.604,0.095,27.1,12.95,15.18,28.12,26.96,28.07,93.0,0.205,23.0,24.73,6.0,6.45,0.609,0.132,29.59,13.85,17.73,31.58,25.86,19.33
746780,2024-06-25,2024,669257,R,605121,R,walk,False,True,193.0,0.224,35.0,18.13,15.0,7.77,0.6719999999999999,0.158,20.4,9.9,15.4,25.31,27.11,13.06,407.0,0.268,67.0,16.46,42.0,10.32,0.7949999999999999,0.1659999999999999,19.27,8.8,16.84,25.64,24.5,12.79,56.0,0.261,14.0,25.0,9.0,16.07,0.806,0.15199999999999997,35.92,16.02,17.75,33.77,34.62,15.12,,,,,,,,,,,,,,
746780,2024-06-25,2024,518692,L,605121,R,field_out,False,False,217.0,0.346,32.0,14.75,32.0,14.75,1.031,0.241,19.66,9.16,11.45,20.62,23.3,12.96,514.0,0.33,81.0,15.76,57.0,11.09,0.962,0.218,19.83,9.77,11.31,21.08,27.01,16.63,23.0,0.2,5.0,21.74,2.0,8.7,0.504,0.0,23.81,11.36,14.77,26.14,29.79,17.86,,,,,,,,,,,,,,
746780,2024-06-25,2024,672820,R,670990,R,strikeout,True,False,80.0,0.184,24.0,30.0,2.0,2.5,0.439,0.04000000000000001,27.15,13.95,20.75,34.69,39.26,26.97,123.0,0.178,30.0,24.39,2.0,1.63,0.504,0.136,24.69,13.05,16.81,29.87,39.56,22.39,88.0,0.257,16.0,18.18,6.0,6.82,0.73,0.121,21.97,9.12,21.38,30.5,25.66,20.78,102.0,0.233,23.0,22.55,9.0,8.82,0.6220000000000001,0.046,21.23,8.86,20.05,28.9,26.96,16.08
746780,2024-06-25,2024,670032,L,670990,R,field_out,False,False,198.0,0.242,31.0,15.66,15.0,7.58,0.585,0.039000000000000035,18.08,8.87,15.45,24.32,27.14,17.03,212.0,0.228,33.0,15.57,24.0,11.32,0.647,0.089,22.47,10.7,16.47,27.16,26.6,14.22,52.0,0.178,16.0,30.77,5.0,9.62,0.532,0.066,32.14,13.17,17.07,30.24,23.64,29.63,74.0,0.311,12.0,16.22,8.0,10.81,0.907,0.1639999999999999,19.44,7.24,20.0,27.24,18.59,17.14
746780,2024-06-25,2024,502054,R,670990,R,field_out,False,False,138.0,0.271,26.0,18.84,9.0,6.52,0.683,0.09299999999999997,23.01,9.49,21.35,30.84,19.2,17.22,304.0,0.262,71.0,23.36,28.0,9.21,0.767,0.173,26.61,10.98,19.38,30.37,21.23,21.19,88.0,0.257,16.0,18.18,6.0,6.82,0.73,0.121,21.97,9.12,21.38,30.5,25.66,20.78,102.0,0.233,23.0,22.55,9.0,8.82,0.6220000000000001,0.046,21.23,8.86,20.05,28.9,26.96,16.08
746780,2024-06-25,2024,681624,R,605121,R,strikeout,True,False,185.0,0.222,51.0,27.57,10.0,5.41,0.6599999999999999,0.155,27.32,14.62,12.83,27.45,32.5,20.56,,,,,,,,,,,,,,,56.0,0.261,14.0,25.0,9.0,16.07,0.806,0.15199999999999997,35.92,16.02,17.75,33.77,34.62,15.12,,,,,,,,,,,,,,
746780,2024-06-25,2024,500743,R,605121,R,field_out,False,False,74.0,0.296,10.0,13.51,3.0,4.05,0.761,0.14100000000000001,13.45,6.08,20.15,26.24,27.78,15.38,279.0,0.21,36.0,12.9,18.0,6.45,0.546,0.068,19.79,9.92,16.53,26.45,34.53,12.9,56.0,0.261,14.0,25.0,9.0,16.07,0.806,0.15199999999999997,35.92,16.02,17.75,33.77,34.62,15.12,,,,,,,,,,,,,,
746780,2024-06-25,2024,666158,L,605121,R,single,False,False,193.0,0.228,42.0,21.76,12.0,6.22,0.5980000000000001,0.094,19.12,8.66,18.91,27.56,21.78,18.75,,,,,,,,,,,,,,,23.0,0.2,5.0,21.74,2.0,8.7,0.504,0.0,23.81,11.36,14.77,26.14,29.79,17.86,,,,,,,,,,,,,,
746780,2024-06-25,2024,571771,R,605121,R,field_out,False,False,99.0,0.178,22.0,22.22,9.0,9.09,0.509,0.07800000000000001,25.89,13.25,15.06,28.31,25.68,18.97,347.0,0.235,78.0,22.48,20.0,5.76,0.647,0.13,27.56,13.17,16.85,30.02,28.91,20.8,56.0,0.261,14.0,25.0,9.0,16.07,0.806,0.15199999999999997,35.92,16.02,17.75,33.77,34.62,15.12,,,,,,,,,,,,,,
746780,2024-06-25,2024,683734,R,623465,R,field_out,False,False,238.0,0.228,57.0,23.95,15.0,6.3,0.6559999999999999,0.142,22.07,10.63,17.35,27.98,30.9,19.79,474.0,0.267,109.0,23.0,29.0,6.12,0.774,0.18,26.24,11.95,18.94,30.89,30.92,21.51,44.0,0.163,15.0,34.09,1.0,2.27,0.368,0.022999999999999993,37.21,19.39,21.21,40.61,39.19,30.43,117.0,0.131,41.0,35.04,6.0,5.13,0.406,0.0839999999999999,38.6,17.93,20.95,38.88,34.27,31.3
746780,2024-06-25,2024,673357,R,623465,R,double,False,False,78.0,0.205,28.0,35.9,5.0,6.41,0.804,0.3430000000000001,34.32,17.42,15.62,33.03,32.74,23.73,477.0,0.252,132.0,27.67,25.0,5.24,0.8340000000000001,0.279,32.83,18.94,10.59,29.53,40.07,24.77,44.0,0.163,15.0,34.09,1.0,2.27,0.368,0.022999999999999993,37.21,19.39,21.21,40.61,39.19,30.43,117.0,0.131,41.0,35.04,6.0,5.13,0.406,0.0839999999999999,38.6,17.93,20.95,38.88,34.27,31.3
746780,2024-06-25,2024,650391,R,623465,R,field_out,False,False,120.0,0.236,23.0,19.17,9.0,7.5,0.701,0.173,23.04,11.76,15.06,26.82,28.17,17.42,392.0,0.273,78.0,19.9,24.0,6.12,0.762,0.172,30.51,16.0,12.65,28.65,36.66,20.91,44.0,0.163,15.0,34.09,1.0,2.27,0.368,0.022999999999999993,37.21,19.39,21.21,40.61,39.19,30.43,117.0,0.131,41.0,35.04,6.0,5.13,0.406,0.0839999999999999,38.6,17.93,20.95,38.88,34.27,31.3
746780,2024-06-25,2024,657557,R,623465,R,field_out,False,False,195.0,0.26,60.0,30.77,6.0,3.08,0.8,0.23199999999999998,32.31,18.84,9.77,28.61,33.43,25.42,281.0,0.203,86.0,30.6,12.0,4.27,0.603,0.1539999999999999,36.49,19.09,15.38,34.47,35.28,34.68,44.0,0.163,15.0,34.09,1.0,2.27,0.368,0.022999999999999993,37.21,19.39,21.21,40.61,39.19,30.43,117.0,0.131,41.0,35.04,6.0,5.13,0.406,0.0839999999999999,38.6,17.93,20.95,38.88,34.27,31.3
746780,2024-06-25,2024,621035,R,656629,R,single,False,False,66.0,0.117,24.0,36.36,4.0,6.06,0.33,0.016,31.15,14.9,15.29,30.2,23.53,34.78,224.0,0.255,66.0,29.46,22.0,9.82,0.712,0.125,33.11,15.94,15.09,31.03,23.37,20.82,76.0,0.297,20.0,26.32,9.0,11.84,0.8919999999999999,0.187,25.17,11.54,18.27,29.81,26.49,18.35,300.0,0.245,61.0,20.33,41.0,13.67,0.859,0.249,23.75,10.21,17.43,27.63,24.11,17.39
746780,2024-06-25,2024,518792,L,656629,R,field_out,False,False,94.0,0.215,15.0,15.96,12.0,12.77,0.77,0.215,24.04,11.37,14.73,26.1,27.72,13.16,349.0,0.276,57.0,16.33,32.0,9.17,0.818,0.1949999999999999,20.45,9.51,16.77,26.27,27.56,15.45,70.0,0.179,27.0,38.57,10.0,14.29,0.653,0.16000000000000003,35.66,17.0,17.67,34.67,26.32,27.84,291.0,0.231,73.0,25.09,50.0,17.18,0.815,0.213,30.04,12.39,14.67,27.06,25.1,22.64
746780,2024-06-25,2024,660271,L,656629,R,sac_fly,False,False,222.0,0.328,42.0,18.92,28.0,12.61,1.127,0.38099999999999995,28.54,13.69,13.35,27.04,29.6,17.0,429.0,0.327,99.0,23.08,64.0,14.92,1.132,0.3739999999999999,32.88,15.48,11.59,27.07,28.86,20.75,70.0,0.179,27.0,38.57,10.0,14.29,0.653,0.16000000000000003,35.66,17.0,17.67,34.67,26.32,27.84,291.0,0.231,73.0,25.09,50.0,17.18,0.815,0.213,30.04,12.39,14.67,27.06,25.1,22.64
746780,2024-06-25,2024,669257,R,656629,R,strikeout,True,False,193.0,0.224,35.0,18.13,15.0,7.77,0.6719999999999999,0.158,20.4,9.9,15.4,25.31,27.11,13.06,407.0,0.268,67.0,16.46,42.0,10.32,0.7949999999999999,0.1659999999999999,19.27,8.8,16.84,25.64,24.5,12.79,76.0,0.297,20.0,26.32,9.0,11.84,0.8919999999999999,0.187,25.17,11.54,18.27,29.81,26.49,18.35,300.0,0.245,61.0,20.33,41.0,13.67,0.859,0.249,23.75,10.21,17.43,27.63,24.11,17.39
746780,2024-06-25,2024,686676,R,681911,L,field_out,False,False,54.0,0.28,14.0,25.93,4.0,7.41,0.753,0.13999999999999996,31.62,18.23,9.85,28.08,34.02,22.95,23.0,0.0,8.0,34.78,1.0,4.35,0.043,0.0,28.12,15.79,7.89,23.68,26.67,17.02,81.0,0.09,34.0,41.98,12.0,14.81,0.41900000000000004,0.10400000000000001,36.42,17.65,14.01,31.65,30.6,30.09,124.0,0.25,33.0,26.61,11.0,8.87,0.761,0.188,26.34,12.8,14.4,27.2,26.36,20.75
746780,2024-06-25,2024,657757,L,681911,L,strikeout,True,False,39.0,0.182,12.0,30.77,3.0,7.69,0.62,0.182,30.88,13.12,20.0,33.12,22.67,25.53,20.0,0.053,8.0,40.0,0.0,0.0,0.103,0.0,42.11,18.6,20.93,39.53,40.0,26.67,48.0,0.14,11.0,22.92,3.0,6.25,0.492,0.139,24.72,11.96,15.22,27.17,25.29,16.42,93.0,0.279,31.0,33.33,6.0,6.45,0.7170000000000001,0.1049999999999999,35.26,18.31,12.57,30.87,30.39,26.27
746780,2024-06-25,2024,672820,R,681911,L,field_out,False,False,36.0,0.303,5.0,13.89,3.0,8.33,0.906,0.24200000000000005,17.74,7.86,15.0,22.86,29.33,14.71,50.0,0.261,10.0,20.0,3.0,6.0,0.741,0.174,22.11,11.8,17.98,29.78,44.19,18.87,81.0,0.09,34.0,41.98,12.0,14.81,0.41900000000000004,0.10400000000000001,36.42,17.65,14.01,31.65,30.6,30.09,124.0,0.25,33.0,26.61,11.0,8.87,0.761,0.188,26.34,12.8,14.4,27.2,26.36,20.75
746298,2024-06-25,2024,665862,L,666142,L,field_out,False,False,108.0,0.263,28.0,25.93,8.0,7.41,0.718,0.131,27.59,12.67,16.52,29.19,30.0,19.31,94.0,0.172,27.0,28.72,6.0,6.38,0.479,0.081,39.88,19.01,18.18,37.19,30.36,25.23,68.0,0.306,13.0,19.12,4.0,5.88,0.7769999999999999,0.11299999999999999,17.27,7.51,16.6,24.11,20.47,20.31,93.0,0.253,22.0,23.66,11.0,11.83,0.711,0.1139999999999999,29.07,14.04,14.33,28.37,23.95,20.56
746298,2024-06-25,2024,650559,R,666142,L,strikeout,True,False,115.0,0.294,27.0,23.48,4.0,3.48,0.781,0.16500000000000004,28.38,15.7,13.04,28.74,31.66,25.96,154.0,0.277,35.0,22.73,11.0,7.14,0.708,0.1059999999999999,27.76,13.7,15.51,29.21,33.53,19.77,334.0,0.201,107.0,32.04,29.0,8.68,0.571,0.09899999999999998,35.01,17.66,14.83,32.49,31.61,24.32,299.0,0.187,91.0,30.43,30.0,10.03,0.556,0.0979999999999999,31.59,15.63,14.33,29.96,29.28,22.58
746298,2024-06-25,2024,669394,R,666142,L,strikeout,True,False,76.0,0.171,17.0,22.37,5.0,6.58,0.438,0.04299999999999998,28.57,15.38,14.69,30.07,42.0,19.77,139.0,0.26,37.0,26.62,9.0,6.47,0.907,0.3229999999999999,32.62,17.56,12.21,29.77,35.74,24.5,334.0,0.201,107.0,32.04,29.0,8.68,0.571,0.09899999999999998,35.01,17.66,14.83,32.49,31.61,24.32,299.0,0.187,91.0,30.43,30.0,10.03,0.556,0.0979999999999999,31.59,15.63,14.33,29.96,29.28,22.58
746298,2024-06-25,2024,672580,R,682610,R,field_out,False,False,284.0,0.232,53.0,18.66,21.0,7.39,0.604,0.08499999999999999,19.0,8.25,20.85,29.1,21.51,17.79,400.0,0.258,94.0,23.5,33.0,8.25,0.648,0.071,20.3,8.71,19.59,28.3,19.12,19.96,75.0,0.185,15.0,20.0,10.0,13.33,0.724,0.246,24.82,12.03,14.43,26.46,31.58,16.3,,,,,,,,,,,,,,
746298,2024-06-25,2024,677951,R,682610,R,walk,False,True,295.0,0.315,49.0,16.61,23.0,7.8,0.912,0.22800000000000004,23.96,11.78,14.63,26.4,29.86,16.72,547.0,0.27,93.0,17.0,33.0,6.03,0.8,0.2149999999999999,22.15,10.87,15.53,26.4,29.62,14.44,75.0,0.185,15.0,20.0,10.0,13.33,0.724,0.246,24.82,12.03,14.43,26.46,31.58,16.3,,,,,,,,,,,,,,
746298,2024-06-25,2024,686469,L,682610,R,grounded_into_double_play,False,False,252.0,0.224,33.0,13.1,29.0,11.51,0.735,0.19199999999999998,13.2,5.81,16.06,21.87,27.14,12.64,188.0,0.251,23.0,12.23,15.0,7.98,0.784,0.217,14.85,7.02,17.48,24.5,34.8,10.0,79.0,0.286,19.0,24.05,8.0,10.13,1.081,0.428,26.9,12.58,15.16,27.74,27.04,18.63,,,,,,,,,,,,,,
746298,2024-06-25,2024,660821,L,666142,L,strikeout,True,False,43.0,0.1,11.0,25.58,2.0,4.65,0.31799999999999995,0.07499999999999998,32.53,19.57,10.14,29.71,40.58,25.0,50.0,0.213,15.0,30.0,2.0,4.0,0.5640000000000001,0.106,36.46,18.82,18.82,37.63,40.62,23.73,68.0,0.306,13.0,19.12,4.0,5.88,0.7769999999999999,0.11299999999999999,17.27,7.51,16.6,24.11,20.47,20.31,93.0,0.253,22.0,23.66,11.0,11.83,0.711,0.1139999999999999,29.07,14.04,14.33,28.37,23.95,20.56
746298,2024-06-25,2024,641313,R,666142,L,field_out,False,False,84.0,0.253,25.0,29.76,5.0,5.95,0.5640000000000001,0.013000000000000012,33.67,19.71,11.76,31.47,40.35,20.49,130.0,0.304,27.0,20.77,5.0,3.85,0.7150000000000001,0.08,23.36,13.11,11.89,25.0,33.47,17.65,334.0,0.201,107.0,32.04,29.0,8.68,0.571,0.09899999999999998,35.01,17.66,14.83,32.49,31.61,24.32,299.0,0.187,91.0,30.43,30.0,10.03,0.556,0.0979999999999999,31.59,15.63,14.33,29.96,29.28,22.58
746298,2024-06-25,2024,672640,R,666142,L,single,False,False,43.0,0.214,6.0,13.95,0.0,0.0,0.5,0.07199999999999998,20.88,13.87,13.14,27.01,53.85,13.04,,,,,,,,,,,,,,,334.0,0.201,107.0,32.04,29.0,8.68,0.571,0.09899999999999998,35.01,17.66,14.83,32.49,31.61,24.32,299.0,0.187,91.0,30.43,30.0,10.03,0.556,0.0979999999999999,31.59,15.63,14.33,29.96,29.28,22.58
746298,2024-06-25,2024,624503,L,666142,L,field_out,False,False,21.0,0.19,4.0,19.05,0.0,0.0,0.619,0.239,25.53,15.0,15.0,30.0,47.37,12.9,10.0,0.3,1.0,10.0,0.0,0.0,0.7,0.1,20.0,12.9,9.68,22.58,50.0,12.5,68.0,0.306,13.0,19.12,4.0,5.88,0.7769999999999999,0.11299999999999999,17.27,7.51,16.6,24.11,20.47,20.31,93.0,0.253,22.0,23.66,11.0,11.83,0.711,0.1139999999999999,29.07,14.04,14.33,28.37,23.95,20.56
746298,2024-06-25,2024,521692,R,682610,R,strikeout,True,False,240.0,0.274,45.0,18.75,18.0,7.5,0.817,0.19599999999999995,26.0,14.96,9.44,24.4,43.56,15.9,437.0,0.264,100.0,22.88,11.0,2.52,0.73,0.174,30.72,18.16,9.73,27.89,45.56,22.08,75.0,0.185,15.0,20.0,10.0,13.33,0.724,0.246,24.82,12.03,14.43,26.46,31.58,16.3,,,,,,,,,,,,,,
746298,2024-06-25,2024,686681,L,682610,R,field_out,False,False,85.0,0.296,11.0,12.94,2.0,2.35,0.812,0.21000000000000002,12.42,6.43,19.29,25.72,34.51,10.48,374.0,0.226,82.0,21.93,20.0,5.35,0.669,0.172,21.6,11.34,13.44,24.79,33.12,15.65,79.0,0.286,19.0,24.05,8.0,10.13,1.081,0.428,26.9,12.58,15.16,27.74,27.04,18.63,,,,,,,,,,,,,,
746298,2024-06-25,2024,669004,L,682610,R,walk,False,True,200.0,0.188,54.0,27.0,18.0,9.0,0.6739999999999999,0.22099999999999997,30.11,15.4,11.95,27.36,26.71,17.42,459.0,0.239,122.0,26.58,55.0,11.98,0.752,0.181,32.7,15.24,15.56,30.8,24.84,20.68,79.0,0.286,19.0,24.05,8.0,10.13,1.081,0.428,26.9,12.58,15.16,27.74,27.04,18.63,,,,,,,,,,,,,,
746298,2024-06-25,2024,592669,R,682610,R,walk,False,True,138.0,0.203,27.0,19.57,14.0,10.14,0.6719999999999999,0.179,26.07,10.76,21.16,31.92,24.32,15.79,408.0,0.229,91.0,22.3,35.0,8.58,0.723,0.1969999999999999,28.12,14.44,14.12,28.56,33.7,19.12,75.0,0.185,15.0,20.0,10.0,13.33,0.724,0.246,24.82,12.03,14.43,26.46,31.58,16.3,,,,,,,,,,,,,,
746298,2024-06-25,2024,680769,L,682610,R,strikeout,True,False,3.0,0.0,1.0,33.33,0.0,0.0,0.0,0.0,50.0,33.33,11.11,44.44,66.67,50.0,,,,,,,,,,,,,,,79.0,0.286,19.0,24.05,8.0,10.13,1.081,0.428,26.9,12.58,15.16,27.74,27.04,18.63,,,,,,,,,,,,,,
746298,2024-06-25,2024,656896,R,666142,L,field_out,False,False,66.0,0.23,15.0,22.73,4.0,6.06,0.567,0.049000000000000016,27.42,13.88,15.51,29.39,34.59,18.29,100.0,0.289,16.0,16.0,7.0,7.0,0.7110000000000001,0.089,21.88,10.45,14.18,24.63,29.33,14.68,334.0,0.201,107.0,32.04,29.0,8.68,0.571,0.09899999999999998,35.01,17.66,14.83,32.49,31.61,24.32,299.0,0.187,91.0,30.43,30.0,10.03,0.556,0.0979999999999999,31.59,15.63,14.33,29.96,29.28,22.58
746298,2024-06-25,2024,663743,R,666142,L,strikeout,True,False,51.0,0.12,7.0,13.73,1.0,1.96,0.29700000000000004,0.04000000000000001,13.95,7.32,15.85,23.17,32.47,17.07,84.0,0.316,11.0,13.1,3.0,3.57,0.854,0.184,12.5,6.01,14.49,20.49,25.87,17.46,334.0,0.201,107.0,32.04,29.0,8.68,0.571,0.09899999999999998,35.01,17.66,14.83,32.49,31.61,24.32,299.0,0.187,91.0,30.43,30.0,10.03,0.556,0.0979999999999999,31.59,15.63,14.33,29.96,29.28,22.58
746298,2024-06-25,2024,665862,L,666142,L,walk,False,True,108.0,0.263,28.0,25.93,8.0,7.41,0.718,0.131,27.59,12.67,16.52,29.19,30.0,19.31,94.0,0.172,27.0,28.72,6.0,6.38,0.479,0.081,39.88,19.01,18.18,37.19,30.36,25.23,68.0,0.306,13.0,19.12,4.0,5.88,0.7769999999999999,0.11299999999999999,17.27,7.51,16.6,24.11,20.47,20.31,93.0,0.253,22.0,23.66,11.0,11.83,0.711,0.1139999999999999,29.07,14.04,14.33,28.37,23.95,20.56
746298,2024-06-25,2024,650559,R,666142,L,double,False,False,115.0,0.294,27.0,23.48,4.0,3.48,0.781,0.16500000000000004,28.38,15.7,13.04,28.74,31.66,25.96,154.0,0.277,35.0,22.73,11.0,7.14,0.708,0.1059999999999999,27.76,13.7,15.51,29.21,33.53,19.77,334.0,0.201,107.0,32.04,29.0,8.68,0.571,0.09899999999999998,35.01,17.66,14.83,32.49,31.61,24.32,299.0,0.187,91.0,30.43,30.0,10.03,0.556,0.0979999999999999,31.59,15.63,14.33,29.96,29.28,22.58
746298,2024-06-25,2024,669394,R,666142,L,strikeout,True,False,76.0,0.171,17.0,22.37,5.0,6.58,0.438,0.04299999999999998,28.57,15.38,14.69,30.07,42.0,19.77,139.0,0.26,37.0,26.62,9.0,6.47,0.907,0.3229999999999999,32.62,17.56,12.21,29.77,35.74,24.5,334.0,0.201,107.0,32.04,29.0,8.68,0.571,0.09899999999999998,35.01,17.66,14.83,32.49,31.61,24.32,299.0,0.187,91.0,30.43,30.0,10.03,0.556,0.0979999999999999,31.59,15.63,14.33,29.96,29.28,22.58
746298,2024-06-25,2024,664728,L,682610,R,strikeout,True,False,179.0,0.23,30.0,16.76,10.0,5.59,0.643,0.13999999999999999,17.65,8.19,20.39,28.57,33.01,18.4,253.0,0.223,43.0,17.0,12.0,4.74,0.631,0.147,20.48,9.51,19.8,29.31,28.6,18.78,79.0,0.286,19.0,24.05,8.0,10.13,1.081,0.428,26.9,12.58,15.16,27.74,27.04,18.63,,,,,,,,,,,,,,
746298,2024-06-25,2024,672580,R,682610,R,field_out,False,False,284.0,0.232,53.0,18.66,21.0,7.39,0.604,0.08499999999999999,19.0,8.25,20.85,29.1,21.51,17.79,400.0,0.258,94.0,23.5,33.0,8.25,0.648,0.071,20.3,8.71,19.59,28.3,19.12,19.96,75.0,0.185,15.0,20.0,10.0,13.33,0.724,0.246,24.82,12.03,14.43,26.46,31.58,16.3,,,,,,,,,,,,,,
746298,2024-06-25,2024,677951,R,682610,R,field_out,False,False,295.0,0.315,49.0,16.61,23.0,7.8,0.912,0.22800000000000004,23.96,11.78,14.63,26.4,29.86,16.72,547.0,0.27,93.0,17.0,33.0,6.03,0.8,0.2149999999999999,22.15,10.87,15.53,26.4,29.62,14.44,75.0,0.185,15.0,20.0,10.0,13.33,0.724,0.246,24.82,12.03,14.43,26.46,31.58,16.3,,,,,,,,,,,,,,
746298,2024-06-25,2024,660821,L,666142,L,strikeout,True,False,43.0,0.1,11.0,25.58,2.0,4.65,0.31799999999999995,0.07499999999999998,32.53,19.57,10.14,29.71,40.58,25.0,50.0,0.213,15.0,30.0,2.0,4.0,0.5640000000000001,0.106,36.46,18.82,18.82,37.63,40.62,23.73,68.0,0.306,13.0,19.12,4.0,5.88,0.7769999999999999,0.11299999999999999,17.27,7.51,16.6,24.11,20.47,20.31,93.0,0.253,22.0,23.66,11.0,11.83,0.711,0.1139999999999999,29.07,14.04,14.33,28.37,23.95,20.56
746298,2024-06-25,2024,641313,R,666142,L,strikeout,True,False,84.0,0.253,25.0,29.76,5.0,5.95,0.5640000000000001,0.013000000000000012,33.67,19.71,11.76,31.47,40.35,20.49,130.0,0.304,27.0,20.77,5.0,3.85,0.7150000000000001,0.08,23.36,13.11,11.89,25.0,33.47,17.65,334.0,0.201,107.0,32.04,29.0,8.68,0.571,0.09899999999999998,35.01,17.66,14.83,32.49,31.61,24.32,299.0,0.187,91.0,30.43,30.0,10.03,0.556,0.0979999999999999,31.59,15.63,14.33,29.96,29.28,22.58
746298,2024-06-25,2024,672640,R,666142,L,single,False,False,43.0,0.214,6.0,13.95,0.0,0.0,0.5,0.07199999999999998,20.88,13.87,13.14,27.01,53.85,13.04,,,,,,,,,,,,,,,334.0,0.201,107.0,32.04,29.0,8.68,0.571,0.09899999999999998,35.01,17.66,14.83,32.49,31.61,24.32,299.0,0.187,91.0,30.43,30.0,10.03,0.556,0.0979999999999999,31.59,15.63,14.33,29.96,29.28,22.58
746298,2024-06-25,2024,624503,L,666142,L,double,False,False,21.0,0.19,4.0,19.05,0.0,0.0,0.619,0.239,25.53,15.0,15.0,30.0,47.37,12.9,10.0,0.3,1.0,10.0,0.0,0.0,0.7,0.1,20.0,12.9,9.68,22.58,50.0,12.5,68.0,0.306,13.0,19.12,4.0,5.88,0.7769999999999999,0.11299999999999999,17.27,7.51,16.6,24.11,20.47,20.31,93.0,0.253,22.0,23.66,11.0,11.83,0.711,0.1139999999999999,29.07,14.04,14.33,28.37,23.95,20.56
746298,2024-06-25,2024,656896,R,666142,L,walk,False,True,66.0,0.23,15.0,22.73,4.0,6.06,0.567,0.049000000000000016,27.42,13.88,15.51,29.39,34.59,18.29,100.0,0.289,16.0,16.0,7.0,7.0,0.7110000000000001,0.089,21.88,10.45,14.18,24.63,29.33,14.68,334.0,0.201,107.0,32.04,29.0,8.68,0.571,0.09899999999999998,35.01,17.66,14.83,32.49,31.61,24.32,299.0,0.187,91.0,30.43,30.0,10.03,0.556,0.0979999999999999,31.59,15.63,14.33,29.96,29.28,22.58
746298,2024-06-25,2024,663743,R,666142,L,strikeout,True,False,51.0,0.12,7.0,13.73,1.0,1.96,0.29700000000000004,0.04000000000000001,13.95,7.32,15.85,23.17,32.47,17.07,84.0,0.316,11.0,13.1,3.0,3.57,0.854,0.184,12.5,6.01,14.49,20.49,25.87,17.46,334.0,0.201,107.0,32.04,29.0,8.68,0.571,0.09899999999999998,35.01,17.66,14.83,32.49,31.61,24.32,299.0,0.187,91.0,30.43,30.0,10.03,0.556,0.0979999999999999,31.59,15.63,14.33,29.96,29.28,22.58
746298,2024-06-25,2024,686469,L,682610,R,home_run,False,False,252.0,0.224,33.0,13.1,29.0,11.51,0.735,0.19199999999999998,13.2,5.81,16.06,21.87,27.14,12.64,188.0,0.251,23.0,12.23,15.0,7.98,0.784,0.217,14.85,7.02,17.48,24.5,34.8,10.0,79.0,0.286,19.0,24.05,8.0,10.13,1.081,0.428,26.9,12.58,15.16,27.74,27.04,18.63,,,,,,,,,,,,,,
746298,2024-06-25,2024,521692,R,682610,R,home_run,False,False,240.0,0.274,45.0,18.75,18.0,7.5,0.817,0.19599999999999995,26.0,14.96,9.44,24.4,43.56,15.9,437.0,0.264,100.0,22.88,11.0,2.52,0.73,0.174,30.72,18.16,9.73,27.89,45.56,22.08,75.0,0.185,15.0,20.0,10.0,13.33,0.724,0.246,24.82,12.03,14.43,26.46,31.58,16.3,,,,,,,,,,,,,,
746298,2024-06-25,2024,686681,L,682610,R,single,False,False,85.0,0.296,11.0,12.94,2.0,2.35,0.812,0.21000000000000002,12.42,6.43,19.29,25.72,34.51,10.48,374.0,0.226,82.0,21.93,20.0,5.35,0.669,0.172,21.6,11.34,13.44,24.79,33.12,15.65,79.0,0.286,19.0,24.05,8.0,10.13,1.081,0.428,26.9,12.58,15.16,27.74,27.04,18.63,,,,,,,,,,,,,,
746298,2024-06-25,2024,669004,L,682610,R,walk,False,True,200.0,0.188,54.0,27.0,18.0,9.0,0.6739999999999999,0.22099999999999997,30.11,15.4,11.95,27.36,26.71,17.42,459.0,0.239,122.0,26.58,55.0,11.98,0.752,0.181,32.7,15.24,15.56,30.8,24.84,20.68,79.0,0.286,19.0,24.05,8.0,10.13,1.081,0.428,26.9,12.58,15.16,27.74,27.04,18.63,,,,,,,,,,,,,,
746298,2024-06-25,2024,592669,R,682610,R,field_out,False,False,138.0,0.203,27.0,19.57,14.0,10.14,0.6719999999999999,0.179,26.07,10.76,21.16,31.92,24.32,15.79,408.0,0.229,91.0,22.3,35.0,8.58,0.723,0.1969999999999999,28.12,14.44,14.12,28.56,33.7,19.12,75.0,0.185,15.0,20.0,10.0,13.33,0.724,0.246,24.82,12.03,14.43,26.46,31.58,16.3,,,,,,,,,,,,,,
746298,2024-06-25,2024,680769,L,682610,R,field_out,False,False,3.0,0.0,1.0,33.33,0.0,0.0,0.0,0.0,50.0,33.33,11.11,44.44,66.67,50.0,,,,,,,,,,,,,,,79.0,0.286,19.0,24.05,8.0,10.13,1.081,0.428,26.9,12.58,15.16,27.74,27.04,18.63,,,,,,,,,,,,,,
746298,2024-06-25,2024,664728,L,682610,R,single,False,False,179.0,0.23,30.0,16.76,10.0,5.59,0.643,0.13999999999999999,17.65,8.19,20.39,28.57,33.01,18.4,253.0,0.223,43.0,17.0,12.0,4.74,0.631,0.147,20.48,9.51,19.8,29.31,28.6,18.78,79.0,0.286,19.0,24.05,8.0,10.13,1.081,0.428,26.9,12.58,15.16,27.74,27.04,18.63,,,,,,,,,,,,,,
746298,2024-06-25,2024,672580,R,682610,R,field_out,False,False,284.0,0.232,53.0,18.66,21.0,7.39,0.604,0.08499999999999999,19.0,8.25,20.85,29.1,21.51,17.79,400.0,0.258,94.0,23.5,33.0,8.25,0.648,0.071,20.3,8.71,19.59,28.3,19.12,19.96,75.0,0.185,15.0,20.0,10.0,13.33,0.724,0.246,24.82,12.03,14.43,26.46,31.58,16.3,,,,,,,,,,,,,,
746298,2024-06-25,2024,665862,L,666142,L,strikeout,True,False,108.0,0.263,28.0,25.93,8.0,7.41,0.718,0.131,27.59,12.67,16.52,29.19,30.0,19.31,94.0,0.172,27.0,28.72,6.0,6.38,0.479,0.081,39.88,19.01,18.18,37.19,30.36,25.23,68.0,0.306,13.0,19.12,4.0,5.88,0.7769999999999999,0.11299999999999999,17.27,7.51,16.6,24.11,20.47,20.31,93.0,0.253,22.0,23.66,11.0,11.83,0.711,0.1139999999999999,29.07,14.04,14.33,28.37,23.95,20.56
746298,2024-06-25,2024,650559,R,666142,L,field_out,False,False,115.0,0.294,27.0,23.48,4.0,3.48,0.781,0.16500000000000004,28.38,15.7,13.04,28.74,31.66,25.96,154.0,0.277,35.0,22.73,11.0,7.14,0.708,0.1059999999999999,27.76,13.7,15.51,29.21,33.53,19.77,334.0,0.201,107.0,32.04,29.0,8.68,0.571,0.09899999999999998,35.01,17.66,14.83,32.49,31.61,24.32,299.0,0.187,91.0,30.43,30.0,10.03,0.556,0.0979999999999999,31.59,15.63,14.33,29.96,29.28,22.58
746298,2024-06-25,2024,669394,R,666142,L,strikeout,True,False,76.0,0.171,17.0,22.37,5.0,6.58,0.438,0.04299999999999998,28.57,15.38,14.69,30.07,42.0,19.77,139.0,0.26,37.0,26.62,9.0,6.47,0.907,0.3229999999999999,32.62,17.56,12.21,29.77,35.74,24.5,334.0,0.201,107.0,32.04,29.0,8.68,0.571,0.09899999999999998,35.01,17.66,14.83,32.49,31.61,24.32,299.0,0.187,91.0,30.43,30.0,10.03,0.556,0.0979999999999999,31.59,15.63,14.33,29.96,29.28,22.58
746298,2024-06-25,2024,677951,R,682610,R,double,False,False,295.0,0.315,49.0,16.61,23.0,7.8,0.912,0.22800000000000004,23.96,11.78,14.63,26.4,29.86,16.72,547.0,0.27,93.0,17.0,33.0,6.03,0.8,0.2149999999999999,22.15,10.87,15.53,26.4,29.62,14.44,75.0,0.185,15.0,20.0,10.0,13.33,0.724,0.246,24.82,12.03,14.43,26.46,31.58,16.3,,,,,,,,,,,,,,
746298,2024-06-25,2024,686469,L,682610,R,field_out,False,False,252.0,0.224,33.0,13.1,29.0,11.51,0.735,0.19199999999999998,13.2,5.81,16.06,21.87,27.14,12.64,188.0,0.251,23.0,12.23,15.0,7.98,0.784,0.217,14.85,7.02,17.48,24.5,34.8,10.0,79.0,0.286,19.0,24.05,8.0,10.13,1.081,0.428,26.9,12.58,15.16,27.74,27.04,18.63,,,,,,,,,,,,,,
746298,2024-06-25,2024,521692,R,682610,R,field_out,False,False,240.0,0.274,45.0,18.75,18.0,7.5,0.817,0.19599999999999995,26.0,14.96,9.44,24.4,43.56,15.9,437.0,0.264,100.0,22.88,11.0,2.52,0.73,0.174,30.72,18.16,9.73,27.89,45.56,22.08,75.0,0.185,15.0,20.0,10.0,13.33,0.724,0.246,24.82,12.03,14.43,26.46,31.58,16.3,,,,,,,,,,,,,,
746298,2024-06-25,2024,686681,L,682610,R,strikeout,True,False,85.0,0.296,11.0,12.94,2.0,2.35,0.812,0.21000000000000002,12.42,6.43,19.29,25.72,34.51,10.48,374.0,0.226,82.0,21.93,20.0,5.35,0.669,0.172,21.6,11.34,13.44,24.79,33.12,15.65,79.0,0.286,19.0,24.05,8.0,10.13,1.081,0.428,26.9,12.58,15.16,27.74,27.04,18.63,,,,,,,,,,,,,,
746298,2024-06-25,2024,660821,L,666142,L,walk,False,True,43.0,0.1,11.0,25.58,2.0,4.65,0.31799999999999995,0.07499999999999998,32.53,19.57,10.14,29.71,40.58,25.0,50.0,0.213,15.0,30.0,2.0,4.0,0.5640000000000001,0.106,36.46,18.82,18.82,37.63,40.62,23.73,68.0,0.306,13.0,19.12,4.0,5.88,0.7769999999999999,0.11299999999999999,17.27,7.51,16.6,24.11,20.47,20.31,93.0,0.253,22.0,23.66,11.0,11.83,0.711,0.1139999999999999,29.07,14.04,14.33,28.37,23.95,20.56
746298,2024-06-25,2024,641313,R,666142,L,field_out,False,False,84.0,0.253,25.0,29.76,5.0,5.95,0.5640000000000001,0.013000000000000012,33.67,19.71,11.76,31.47,40.35,20.49,130.0,0.304,27.0,20.77,5.0,3.85,0.7150000000000001,0.08,23.36,13.11,11.89,25.0,33.47,17.65,334.0,0.201,107.0,32.04,29.0,8.68,0.571,0.09899999999999998,35.01,17.66,14.83,32.49,31.61,24.32,299.0,0.187,91.0,30.43,30.0,10.03,0.556,0.0979999999999999,31.59,15.63,14.33,29.96,29.28,22.58
746298,2024-06-25,2024,672640,R,666142,L,field_out,False,False,43.0,0.214,6.0,13.95,0.0,0.0,0.5,0.07199999999999998,20.88,13.87,13.14,27.01,53.85,13.04,,,,,,,,,,,,,,,334.0,0.201,107.0,32.04,29.0,8.68,0.571,0.09899999999999998,35.01,17.66,14.83,32.49,31.61,24.32,299.0,0.187,91.0,30.43,30.0,10.03,0.556,0.0979999999999999,31.59,15.63,14.33,29.96,29.28,22.58
746298,2024-06-25,2024,624503,L,666142,L,strikeout,True,False,21.0,0.19,4.0,19.05,0.0,0.0,0.619,0.239,25.53,15.0,15.0,30.0,47.37,12.9,10.0,0.3,1.0,10.0,0.0,0.0,0.7,0.1,20.0,12.9,9.68,22.58,50.0,12.5,68.0,0.306,13.0,19.12,4.0,5.88,0.7769999999999999,0.11299999999999999,17.27,7.51,16.6,24.11,20.47,20.31,93.0,0.253,22.0,23.66,11.0,11.83,0.711,0.1139999999999999,29.07,14.04,14.33,28.37,23.95,20.56
746298,2024-06-25,2024,669004,L,682610,R,field_out,False,False,200.0,0.188,54.0,27.0,18.0,9.0,0.6739999999999999,0.22099999999999997,30.11,15.4,11.95,27.36,26.71,17.42,459.0,0.239,122.0,26.58,55.0,11.98,0.752,0.181,32.7,15.24,15.56,30.8,24.84,20.68,79.0,0.286,19.0,24.05,8.0,10.13,1.081,0.428,26.9,12.58,15.16,27.74,27.04,18.63,,,,,,,,,,,,,,
746298,2024-06-25,2024,592669,R,682610,R,home_run,False,False,138.0,0.203,27.0,19.57,14.0,10.14,0.6719999999999999,0.179,26.07,10.76,21.16,31.92,24.32,15.79,408.0,0.229,91.0,22.3,35.0,8.58,0.723,0.1969999999999999,28.12,14.44,14.12,28.56,33.7,19.12,75.0,0.185,15.0,20.0,10.0,13.33,0.724,0.246,24.82,12.03,14.43,26.46,31.58,16.3,,,,,,,,,,,,,,
746298,2024-06-25,2024,680769,L,682610,R,field_out,False,False,3.0,0.0,1.0,33.33,0.0,0.0,0.0,0.0,50.0,33.33,11.11,44.44,66.67,50.0,,,,,,,,,,,,,,,79.0,0.286,19.0,24.05,8.0,10.13,1.081,0.428,26.9,12.58,15.16,27.74,27.04,18.63,,,,,,,,,,,,,,
746298,2024-06-25,2024,664728,L,682610,R,field_out,False,False,179.0,0.23,30.0,16.76,10.0,5.59,0.643,0.13999999999999999,17.65,8.19,20.39,28.57,33.01,18.4,253.0,0.223,43.0,17.0,12.0,4.74,0.631,0.147,20.48,9.51,19.8,29.31,28.6,18.78,79.0,0.286,19.0,24.05,8.0,10.13,1.081,0.428,26.9,12.58,15.16,27.74,27.04,18.63,,,,,,,,,,,,,,
746298,2024-06-25,2024,660644,L,608717,R,field_out,False,False,109.0,0.242,19.0,17.43,8.0,7.34,0.655,0.10100000000000003,25.12,13.07,12.81,25.88,25.54,15.97,63.0,0.196,17.0,26.98,4.0,6.35,0.494,0.036,25.62,13.36,13.79,27.16,31.45,26.98,53.0,0.209,11.0,20.75,10.0,18.87,0.567,0.0,23.08,9.05,18.97,28.02,26.19,17.74,104.0,0.191,35.0,33.65,14.0,13.46,0.59,0.1009999999999999,21.74,8.85,21.02,29.87,22.5,22.88
746298,2024-06-25,2024,663743,R,608717,R,field_out,False,False,103.0,0.175,12.0,11.65,3.0,2.91,0.474,0.08300000000000002,10.97,4.91,19.65,24.57,26.47,14.81,241.0,0.165,48.0,19.92,14.0,5.81,0.46,0.064,18.93,8.36,19.79,28.15,25.54,22.43,86.0,0.137,19.0,22.09,10.0,11.63,0.521,0.137,26.76,11.88,16.56,28.44,24.07,27.94,234.0,0.242,46.0,19.66,11.0,4.7,0.679,0.158,22.17,11.23,16.08,27.31,29.37,16.37
746298,2024-06-25,2024,665862,L,608717,R,strikeout,True,False,206.0,0.265,50.0,24.27,19.0,9.22,0.8,0.2,28.14,13.18,13.41,26.59,30.87,20.58,290.0,0.275,91.0,31.38,20.0,6.9,0.8540000000000001,0.25,35.14,15.36,16.88,32.24,26.1,27.41,53.0,0.209,11.0,20.75,10.0,18.87,0.567,0.0,23.08,9.05,18.97,28.02,26.19,17.74,104.0,0.191,35.0,33.65,14.0,13.46,0.59,0.1009999999999999,21.74,8.85,21.02,29.87,22.5,22.88
746298,2024-06-25,2024,672580,R,608638,R,field_out,False,False,284.0,0.232,53.0,18.66,21.0,7.39,0.604,0.08499999999999999,19.0,8.25,20.85,29.1,21.51,17.79,400.0,0.258,94.0,23.5,33.0,8.25,0.648,0.071,20.3,8.71,19.59,28.3,19.12,19.96,12.0,0.091,2.0,16.67,1.0,8.33,0.349,0.091,10.53,4.76,21.43,26.19,16.67,14.29,110.0,0.221,22.0,20.0,11.0,10.0,0.643,0.1259999999999999,21.08,8.06,22.58,30.65,19.91,19.13
746298,2024-06-25,2024,677951,R,608638,R,field_out,False,False,295.0,0.315,49.0,16.61,23.0,7.8,0.912,0.22800000000000004,23.96,11.78,14.63,26.4,29.86,16.72,547.0,0.27,93.0,17.0,33.0,6.03,0.8,0.2149999999999999,22.15,10.87,15.53,26.4,29.62,14.44,12.0,0.091,2.0,16.67,1.0,8.33,0.349,0.091,10.53,4.76,21.43,26.19,16.67,14.29,110.0,0.221,22.0,20.0,11.0,10.0,0.643,0.1259999999999999,21.08,8.06,22.58,30.65,19.91,19.13
746298,2024-06-25,2024,686469,L,608638,R,strikeout,True,False,252.0,0.224,33.0,13.1,29.0,11.51,0.735,0.19199999999999998,13.2,5.81,16.06,21.87,27.14,12.64,188.0,0.251,23.0,12.23,15.0,7.98,0.784,0.217,14.85,7.02,17.48,24.5,34.8,10.0,11.0,0.2,3.0,27.27,1.0,9.09,0.773,0.3,14.29,7.69,15.38,23.08,33.33,27.27,64.0,0.25,13.0,20.31,7.0,10.94,0.757,0.179,19.13,8.03,16.42,24.45,24.32,17.33
746298,2024-06-25,2024,650559,R,670167,R,field_out,False,False,216.0,0.223,55.0,25.46,16.0,7.41,0.705,0.19799999999999998,31.98,16.45,13.56,30.01,32.37,21.57,473.0,0.251,107.0,22.62,29.0,6.13,0.717,0.1689999999999999,28.95,14.54,15.93,30.47,34.61,18.71,73.0,0.219,15.0,20.55,7.0,9.59,0.535,0.015000000000000013,20.66,8.36,18.06,26.42,22.49,19.48,125.0,0.204,37.0,29.6,10.0,8.0,0.599,0.123,25.88,11.73,19.48,31.21,28.85,22.42
746298,2024-06-25,2024,669394,R,670167,R,field_error,False,False,154.0,0.233,41.0,26.62,7.0,4.55,0.656,0.157,27.4,14.57,15.66,30.24,38.89,26.62,402.0,0.247,112.0,27.86,23.0,5.72,0.8,0.249,34.59,18.69,13.25,31.93,39.43,23.09,73.0,0.219,15.0,20.55,7.0,9.59,0.535,0.015000000000000013,20.66,8.36,18.06,26.42,22.49,19.48,125.0,0.204,37.0,29.6,10.0,8.0,0.599,0.123,25.88,11.73,19.48,31.21,28.85,22.42
746298,2024-06-25,2024,660821,L,670167,R,strikeout,True,False,195.0,0.268,46.0,23.59,12.0,6.15,0.748,0.15699999999999997,26.8,14.57,12.18,26.75,36.13,20.18,353.0,0.258,93.0,26.35,36.0,10.2,0.805,0.21,29.33,14.21,14.01,28.21,30.32,20.53,67.0,0.333,7.0,10.45,4.0,5.97,0.888,0.16699999999999998,16.8,8.68,13.64,22.31,26.79,9.21,79.0,0.3,16.0,20.25,15.0,18.99,0.989,0.233,22.22,9.17,16.51,25.69,22.49,17.58
746298,2024-06-25,2024,641313,R,670167,R,strikeout,True,False,138.0,0.207,39.0,28.26,2.0,1.45,0.441,0.015000000000000013,29.64,15.54,15.54,31.09,37.55,22.94,396.0,0.226,95.0,23.99,21.0,5.3,0.538,0.04,26.05,13.64,14.67,28.31,36.05,20.88,73.0,0.219,15.0,20.55,7.0,9.59,0.535,0.015000000000000013,20.66,8.36,18.06,26.42,22.49,19.48,125.0,0.204,37.0,29.6,10.0,8.0,0.599,0.123,25.88,11.73,19.48,31.21,28.85,22.42
746298,2024-06-25,2024,521692,R,592288,L,field_out,False,False,71.0,0.297,12.0,16.9,6.0,8.45,0.804,0.14100000000000001,31.21,17.89,10.57,28.46,45.53,17.91,146.0,0.227,35.0,23.97,8.0,5.48,0.6659999999999999,0.144,28.96,17.6,9.44,27.04,51.15,18.82,26.0,0.348,3.0,11.54,3.0,11.54,1.293,0.522,15.0,6.32,17.89,24.21,18.52,12.0,,,,,,,,,,,,,,
746298,2024-06-25,2024,686681,L,592288,L,field_out,False,False,29.0,0.28,6.0,20.69,1.0,3.45,0.8560000000000001,0.28,27.08,14.13,18.48,32.61,46.0,24.0,87.0,0.241,17.0,19.54,4.0,4.6,0.591,0.063,26.42,13.17,15.99,29.15,28.39,18.48,16.0,0.154,3.0,18.75,0.0,0.0,0.558,0.154,9.52,3.39,32.2,35.59,24.14,15.79,,,,,,,,,,,,,,
746298,2024-06-25,2024,669004,L,592288,L,field_out,False,False,38.0,0.135,9.0,23.68,1.0,2.63,0.29300000000000004,0.0,23.61,12.88,12.88,25.76,26.15,23.08,144.0,0.222,48.0,33.33,7.0,4.86,0.597,0.111,39.78,20.52,15.71,36.23,34.2,30.0,16.0,0.154,3.0,18.75,0.0,0.0,0.558,0.154,9.52,3.39,32.2,35.59,24.14,15.79,,,,,,,,,,,,,,
746298,2024-06-25,2024,672640,R,663704,R,field_out,False,False,110.0,0.263,18.0,16.36,6.0,5.45,0.6799999999999999,0.11099999999999999,22.22,11.96,13.32,25.27,31.67,17.35,,,,,,,,,,,,,,,72.0,0.292,12.0,16.67,6.0,8.33,0.829,0.185,29.84,13.65,17.34,31.0,28.67,15.79,52.0,0.22,13.0,25.0,1.0,1.92,0.531,0.0799999999999999,27.06,12.64,23.08,35.71,30.59,28.26
746298,2024-06-25,2024,624503,L,663704,R,strikeout,True,False,180.0,0.229,42.0,23.33,7.0,3.89,0.633,0.147,31.39,19.28,9.33,28.62,44.74,21.21,83.0,0.16,10.0,12.05,1.0,1.2,0.48,0.149,20.99,12.19,10.39,22.58,38.35,12.82,61.0,0.31,15.0,24.59,1.0,1.64,0.792,0.138,29.36,14.68,21.1,35.78,32.69,25.42,38.0,0.257,10.0,26.32,1.0,2.63,0.8599999999999999,0.3139999999999999,22.37,10.69,20.75,31.45,29.17,20.0
746298,2024-06-25,2024,660644,L,663704,R,field_out,False,False,109.0,0.242,19.0,17.43,8.0,7.34,0.655,0.10100000000000003,25.12,13.07,12.81,25.88,25.54,15.97,63.0,0.196,17.0,26.98,4.0,6.35,0.494,0.036,25.62,13.36,13.79,27.16,31.45,26.98,61.0,0.31,15.0,24.59,1.0,1.64,0.792,0.138,29.36,14.68,21.1,35.78,32.69,25.42,38.0,0.257,10.0,26.32,1.0,2.63,0.8599999999999999,0.3139999999999999,22.37,10.69,20.75,31.45,29.17,20.0
746456,2024-06-26,2024,656941,L,663947,L,single,False,False,143.0,0.345,36.0,25.17,23.0,16.08,1.0010000000000001,0.20100000000000007,32.87,12.14,21.37,33.5,18.44,23.68,253.0,0.188,87.0,34.39,41.0,16.21,0.758,0.242,32.04,11.82,21.04,32.86,21.61,24.51,68.0,0.113,15.0,22.06,2.0,2.94,0.401,0.09699999999999999,25.25,11.31,21.27,32.58,29.25,27.27,122.0,0.147,32.0,26.23,4.0,3.28,0.363,0.034,24.29,11.78,19.86,31.64,32.18,22.86
746456,2024-06-26,2024,607208,R,663947,L,single,False,False,74.0,0.318,14.0,18.92,5.0,6.76,0.823,0.121,24.38,12.91,10.6,23.51,27.92,14.29,209.0,0.229,41.0,19.62,16.0,7.66,0.721,0.1969999999999999,31.2,15.84,12.09,27.93,33.41,17.98,86.0,0.231,17.0,19.77,6.0,6.98,0.679,0.166,24.53,12.62,15.21,27.83,40.83,18.48,202.0,0.209,42.0,20.79,14.0,6.93,0.642,0.171,28.53,13.97,16.84,30.81,30.71,18.58
746456,2024-06-26,2024,547180,L,663947,L,walk,False,True,126.0,0.306,33.0,26.19,17.0,13.49,0.99,0.287,30.62,15.52,11.39,26.92,33.21,22.3,171.0,0.289,39.0,22.81,20.0,11.7,0.884,0.221,38.61,20.03,9.85,29.89,35.59,22.41,68.0,0.113,15.0,22.06,2.0,2.94,0.401,0.09699999999999999,25.25,11.31,21.27,32.58,29.25,27.27,122.0,0.147,32.0,26.23,4.0,3.28,0.363,0.034,24.29,11.78,19.86,31.64,32.18,22.86
746456,2024-06-26,2024,664761,R,663947,L,field_out,False,False,104.0,0.255,10.0,9.62,6.0,5.77,0.727,0.174,11.8,5.75,14.25,20.0,25.54,10.64,167.0,0.303,26.0,15.57,8.0,4.79,0.929,0.291,20.3,10.86,12.97,23.82,35.24,14.21,86.0,0.231,17.0,19.77,6.0,6.98,0.679,0.166,24.53,12.62,15.21,27.83,40.83,18.48,202.0,0.209,42.0,20.79,14.0,6.93,0.642,0.171,28.53,13.97,16.84,30.81,30.71,18.58
746456,2024-06-26,2024,592206,R,663947,L,field_out,False,False,90.0,0.226,25.0,27.78,5.0,5.56,0.7190000000000001,0.226,32.79,18.07,12.05,30.12,37.5,25.51,188.0,0.324,45.0,23.94,11.0,5.85,0.93,0.237,31.05,17.91,10.17,28.07,42.3,21.63,86.0,0.231,17.0,19.77,6.0,6.98,0.679,0.166,24.53,12.62,15.21,27.83,40.83,18.48,202.0,0.209,42.0,20.79,14.0,6.93,0.642,0.171,28.53,13.97,16.84,30.81,30.71,18.58
746456,2024-06-26,2024,681082,L,663947,L,field_out,False,False,76.0,0.242,16.0,21.05,9.0,11.84,0.66,0.07600000000000001,15.32,5.69,25.42,31.1,18.52,19.75,167.0,0.282,24.0,14.37,13.0,7.78,0.73,0.101,17.59,7.8,22.11,29.91,32.56,10.39,68.0,0.113,15.0,22.06,2.0,2.94,0.401,0.09699999999999999,25.25,11.31,21.27,32.58,29.25,27.27,122.0,0.147,32.0,26.23,4.0,3.28,0.363,0.034,24.29,11.78,19.86,31.64,32.18,22.86
746456,2024-06-26,2024,663837,R,605513,R,home_run,False,False,193.0,0.249,45.0,23.32,9.0,4.66,0.7609999999999999,0.22599999999999998,21.05,9.08,20.18,29.26,20.06,17.65,383.0,0.26,92.0,24.02,29.0,7.57,0.724,0.14,21.06,9.23,21.95,31.18,28.67,18.31,114.0,0.202,33.0,28.95,9.0,7.89,0.5800000000000001,0.10599999999999998,29.72,12.99,17.73,30.72,27.69,20.75,66.0,0.259,12.0,18.18,9.0,13.64,0.764,0.1109999999999999,28.45,13.31,18.55,31.85,29.17,15.38
746456,2024-06-26,2024,690993,L,605513,R,field_out,False,False,218.0,0.241,37.0,16.97,12.0,5.5,0.629,0.09900000000000003,22.22,10.61,16.79,27.4,32.78,18.14,,,,,,,,,,,,,,,98.0,0.176,23.0,23.47,9.0,9.18,0.615,0.15300000000000002,20.86,8.54,17.84,26.38,23.26,18.55,79.0,0.315,12.0,15.19,6.0,7.59,0.942,0.2599999999999999,16.3,7.14,17.21,24.35,28.93,17.14
746456,2024-06-26,2024,682985,L,605513,R,walk,False,True,256.0,0.281,67.0,26.17,36.0,14.06,0.909,0.244,28.05,11.55,17.71,29.26,20.73,22.64,323.0,0.291,84.0,26.01,28.0,8.67,0.826,0.182,27.26,12.45,16.06,28.52,24.68,20.14,98.0,0.176,23.0,23.47,9.0,9.18,0.615,0.15300000000000002,20.86,8.54,17.84,26.38,23.26,18.55,79.0,0.315,12.0,15.19,6.0,7.59,0.942,0.2599999999999999,16.3,7.14,17.21,24.35,28.93,17.14
746456,2024-06-26,2024,592192,R,605513,R,grounded_into_double_play,False,False,232.0,0.227,47.0,20.26,22.0,9.48,0.662,0.10600000000000001,22.68,8.97,23.46,32.43,21.34,17.6,341.0,0.261,56.0,16.42,28.0,8.21,0.721,0.1079999999999999,18.91,7.86,21.98,29.84,23.71,13.49,114.0,0.202,33.0,28.95,9.0,7.89,0.5800000000000001,0.10599999999999998,29.72,12.99,17.73,30.72,27.69,20.75,66.0,0.259,12.0,18.18,9.0,13.64,0.764,0.1109999999999999,28.45,13.31,18.55,31.85,29.17,15.38
746456,2024-06-26,2024,669016,L,663947,L,single,False,False,49.0,0.143,22.0,44.9,5.0,10.2,0.391,0.02400000000000002,31.08,11.06,24.52,35.58,18.87,34.92,110.0,0.229,43.0,39.09,12.0,10.91,0.7170000000000001,0.167,36.21,13.64,24.46,38.1,25.0,31.62,68.0,0.113,15.0,22.06,2.0,2.94,0.401,0.09699999999999999,25.25,11.31,21.27,32.58,29.25,27.27,122.0,0.147,32.0,26.23,4.0,3.28,0.363,0.034,24.29,11.78,19.86,31.64,32.18,22.86
746456,2024-06-26,2024,621311,L,663947,L,single,False,False,5.0,0.0,2.0,40.0,0.0,0.0,0.0,0.0,41.67,20.0,16.0,36.0,25.0,20.0,,,,,,,,,,,,,,,68.0,0.113,15.0,22.06,2.0,2.94,0.401,0.09699999999999999,25.25,11.31,21.27,32.58,29.25,27.27,122.0,0.147,32.0,26.23,4.0,3.28,0.363,0.034,24.29,11.78,19.86,31.64,32.18,22.86
746456,2024-06-26,2024,596117,L,663947,L,field_out,False,False,30.0,0.185,9.0,30.0,3.0,10.0,0.452,0.0,28.85,12.93,19.83,32.76,28.57,20.93,31.0,0.241,7.0,22.58,2.0,6.45,0.5660000000000001,0.035,18.03,8.59,17.97,26.56,28.57,16.67,68.0,0.113,15.0,22.06,2.0,2.94,0.401,0.09699999999999999,25.25,11.31,21.27,32.58,29.25,27.27,122.0,0.147,32.0,26.23,4.0,3.28,0.363,0.034,24.29,11.78,19.86,31.64,32.18,22.86
746456,2024-06-26,2024,656941,L,663947,L,strikeout,True,False,143.0,0.345,36.0,25.17,23.0,16.08,1.0010000000000001,0.20100000000000007,32.87,12.14,21.37,33.5,18.44,23.68,253.0,0.188,87.0,34.39,41.0,16.21,0.758,0.242,32.04,11.82,21.04,32.86,21.61,24.51,68.0,0.113,15.0,22.06,2.0,2.94,0.401,0.09699999999999999,25.25,11.31,21.27,32.58,29.25,27.27,122.0,0.147,32.0,26.23,4.0,3.28,0.363,0.034,24.29,11.78,19.86,31.64,32.18,22.86
746456,2024-06-26,2024,607208,R,676684,R,strikeout,True,False,109.0,0.333,16.0,14.68,6.0,5.5,0.827,0.118,20.81,10.46,14.54,25.0,28.06,14.55,485.0,0.282,109.0,22.47,29.0,5.98,0.8029999999999999,0.19,28.9,15.6,12.67,28.27,36.06,17.81,87.0,0.272,21.0,24.14,3.0,3.45,0.677,0.11099999999999999,28.24,14.86,16.72,31.58,33.57,22.11,114.0,0.215,32.0,28.07,7.0,6.14,0.5529999999999999,0.0749999999999999,27.23,12.59,22.76,35.35,32.97,26.45
746456,2024-06-26,2024,672761,L,605513,R,strikeout,True,False,175.0,0.256,37.0,21.14,13.0,7.43,0.71,0.14400000000000002,22.01,9.87,19.61,29.48,26.72,16.67,,,,,,,,,,,,,,,98.0,0.176,23.0,23.47,9.0,9.18,0.615,0.15300000000000002,20.86,8.54,17.84,26.38,23.26,18.55,79.0,0.315,12.0,15.19,6.0,7.59,0.942,0.2599999999999999,16.3,7.14,17.21,24.35,28.93,17.14
746456,2024-06-26,2024,669234,R,605513,R,field_out,False,False,48.0,0.143,19.0,39.58,5.0,10.42,0.539,0.167,41.05,18.4,19.34,37.74,18.28,25.33,,,,,,,,,,,,,,,114.0,0.202,33.0,28.95,9.0,7.89,0.5800000000000001,0.10599999999999998,29.72,12.99,17.73,30.72,27.69,20.75,66.0,0.259,12.0,18.18,9.0,13.64,0.764,0.1109999999999999,28.45,13.31,18.55,31.85,29.17,15.38
746456,2024-06-26,2024,668731,L,605513,R,strikeout,True,False,44.0,0.143,9.0,20.45,8.0,18.18,0.6950000000000001,0.257,31.25,14.37,11.49,25.86,27.66,23.08,347.0,0.218,87.0,25.07,42.0,12.1,0.688,0.158,25.51,11.78,14.66,26.44,24.86,21.97,98.0,0.176,23.0,23.47,9.0,9.18,0.615,0.15300000000000002,20.86,8.54,17.84,26.38,23.26,18.55,79.0,0.315,12.0,15.19,6.0,7.59,0.942,0.2599999999999999,16.3,7.14,17.21,24.35,28.93,17.14
746456,2024-06-26,2024,547180,L,676684,R,strikeout,True,False,200.0,0.306,36.0,18.0,29.0,14.5,0.993,0.282,27.51,13.63,9.17,22.8,33.56,17.56,375.0,0.295,80.0,21.33,60.0,16.0,0.907,0.199,31.39,15.65,8.66,24.31,32.27,20.0,45.0,0.282,5.0,11.11,4.0,8.89,0.641,0.026000000000000023,21.84,10.86,14.86,25.71,24.71,10.2,85.0,0.218,24.0,28.24,6.0,7.06,0.646,0.154,21.11,10.24,18.06,28.3,34.72,20.51
746456,2024-06-26,2024,664761,R,676684,R,field_out,False,False,226.0,0.335,34.0,15.04,16.0,7.08,0.926,0.2,20.05,9.45,15.33,24.78,25.0,17.19,445.0,0.263,68.0,15.28,34.0,7.64,0.7010000000000001,0.1139999999999999,17.17,8.27,16.06,24.33,28.14,13.48,87.0,0.272,21.0,24.14,3.0,3.45,0.677,0.11099999999999999,28.24,14.86,16.72,31.58,33.57,22.11,114.0,0.215,32.0,28.07,7.0,6.14,0.5529999999999999,0.0749999999999999,27.23,12.59,22.76,35.35,32.97,26.45
746456,2024-06-26,2024,592206,R,676684,R,field_out,False,False,241.0,0.222,50.0,20.75,16.0,6.64,0.639,0.13499999999999998,32.3,18.96,10.21,29.16,39.14,20.49,485.0,0.252,140.0,28.87,25.0,5.15,0.733,0.192,37.06,20.57,11.78,32.36,40.41,25.27,87.0,0.272,21.0,24.14,3.0,3.45,0.677,0.11099999999999999,28.24,14.86,16.72,31.58,33.57,22.11,114.0,0.215,32.0,28.07,7.0,6.14,0.5529999999999999,0.0749999999999999,27.23,12.59,22.76,35.35,32.97,26.45
746456,2024-06-26,2024,608348,R,605513,R,field_out,False,False,121.0,0.243,28.0,23.14,9.0,7.44,0.718,0.15000000000000002,25.57,11.18,19.56,30.74,24.6,17.28,108.0,0.198,27.0,25.0,6.0,5.56,0.479,0.0399999999999999,28.73,13.54,19.79,33.33,28.41,25.0,114.0,0.202,33.0,28.95,9.0,7.89,0.5800000000000001,0.10599999999999998,29.72,12.99,17.73,30.72,27.69,20.75,66.0,0.259,12.0,18.18,9.0,13.64,0.764,0.1109999999999999,28.45,13.31,18.55,31.85,29.17,15.38
746456,2024-06-26,2024,668952,R,605513,R,walk,False,True,18.0,0.067,7.0,38.89,2.0,11.11,0.243,0.0,40.62,16.67,21.79,38.46,17.95,22.58,9.0,0.111,3.0,33.33,0.0,0.0,0.222,0.0,33.33,15.79,28.95,44.74,45.0,21.43,114.0,0.202,33.0,28.95,9.0,7.89,0.5800000000000001,0.10599999999999998,29.72,12.99,17.73,30.72,27.69,20.75,66.0,0.259,12.0,18.18,9.0,13.64,0.764,0.1109999999999999,28.45,13.31,18.55,31.85,29.17,15.38
746456,2024-06-26,2024,663837,R,605513,R,field_out,False,False,193.0,0.249,45.0,23.32,9.0,4.66,0.7609999999999999,0.22599999999999998,21.05,9.08,20.18,29.26,20.06,17.65,383.0,0.26,92.0,24.02,29.0,7.57,0.724,0.14,21.06,9.23,21.95,31.18,28.67,18.31,114.0,0.202,33.0,28.95,9.0,7.89,0.5800000000000001,0.10599999999999998,29.72,12.99,17.73,30.72,27.69,20.75,66.0,0.259,12.0,18.18,9.0,13.64,0.764,0.1109999999999999,28.45,13.31,18.55,31.85,29.17,15.38
746456,2024-06-26,2024,681082,L,672456,R,walk,False,True,211.0,0.24,30.0,14.22,25.0,11.85,0.706,0.134,16.67,7.27,21.45,28.72,27.64,11.95,474.0,0.28,76.0,16.03,26.0,5.49,0.753,0.1509999999999999,14.49,6.52,22.08,28.6,28.42,11.93,8.0,0.125,2.0,25.0,0.0,0.0,0.25,0.0,29.41,14.29,17.14,31.43,26.67,18.18,,,,,,,,,,,,,,
746456,2024-06-26,2024,669016,L,672456,R,home_run,False,False,168.0,0.286,46.0,27.38,19.0,11.31,0.8280000000000001,0.17700000000000005,23.39,9.27,18.82,28.09,22.71,19.74,363.0,0.292,101.0,27.82,47.0,12.95,0.864,0.185,25.19,10.97,17.37,28.35,25.74,21.31,8.0,0.125,2.0,25.0,0.0,0.0,0.25,0.0,29.41,14.29,17.14,31.43,26.67,18.18,,,,,,,,,,,,,,
746456,2024-06-26,2024,621311,L,672456,R,strikeout,True,False,38.0,0.278,7.0,18.42,2.0,5.26,0.899,0.30499999999999994,22.78,12.08,10.74,22.82,36.36,13.21,9.0,0.111,2.0,22.22,0.0,0.0,0.555,0.333,25.0,12.9,16.13,29.03,33.33,33.33,8.0,0.125,2.0,25.0,0.0,0.0,0.25,0.0,29.41,14.29,17.14,31.43,26.67,18.18,,,,,,,,,,,,,,
746456,2024-06-26,2024,596117,L,672456,R,field_out,False,False,57.0,0.208,17.0,29.82,4.0,7.02,0.489,0.018000000000000016,28.3,13.95,21.4,35.35,33.66,24.29,94.0,0.19,22.0,23.4,7.0,7.45,0.5549999999999999,0.0959999999999999,24.71,11.35,19.19,30.54,31.94,18.8,8.0,0.125,2.0,25.0,0.0,0.0,0.25,0.0,29.41,14.29,17.14,31.43,26.67,18.18,,,,,,,,,,,,,,
746456,2024-06-26,2024,656941,L,672456,R,walk,False,True,215.0,0.185,63.0,29.3,35.0,16.28,0.708,0.202,33.15,13.4,16.1,29.5,22.02,24.22,469.0,0.201,128.0,27.29,85.0,18.12,0.848,0.296,31.18,11.75,19.66,31.41,21.53,23.1,8.0,0.125,2.0,25.0,0.0,0.0,0.25,0.0,29.41,14.29,17.14,31.43,26.67,18.18,,,,,,,,,,,,,,
746456,2024-06-26,2024,607208,R,672456,R,strikeout,True,False,109.0,0.333,16.0,14.68,6.0,5.5,0.827,0.118,20.81,10.46,14.54,25.0,28.06,14.55,485.0,0.282,109.0,22.47,29.0,5.98,0.8029999999999999,0.19,28.9,15.6,12.67,28.27,36.06,17.81,11.0,0.4,3.0,27.27,1.0,9.09,1.5550000000000002,0.7000000000000001,19.23,9.62,13.46,23.08,22.22,16.67,,,,,,,,,,,,,,
746456,2024-06-26,2024,690993,L,642397,L,strikeout,True,False,29.0,0.222,7.0,24.14,2.0,6.9,0.535,0.037000000000000005,17.86,9.01,21.62,30.63,27.91,20.59,,,,,,,,,,,,,,,41.0,0.189,9.0,21.95,3.0,7.32,0.565,0.10799999999999998,21.74,9.68,19.35,29.03,33.75,17.65,88.0,0.127,20.0,22.73,7.0,7.95,0.433,0.101,31.33,14.03,22.09,36.12,32.03,18.87
746456,2024-06-26,2024,682985,L,642397,L,hit_by_pitch,False,False,77.0,0.197,20.0,25.97,5.0,6.49,0.6579999999999999,0.21099999999999997,22.76,10.25,20.5,30.75,23.74,17.54,93.0,0.279,30.0,32.26,7.0,7.53,0.6930000000000001,0.0809999999999999,30.96,15.64,16.92,32.56,32.98,21.74,41.0,0.189,9.0,21.95,3.0,7.32,0.565,0.10799999999999998,21.74,9.68,19.35,29.03,33.75,17.65,88.0,0.127,20.0,22.73,7.0,7.95,0.433,0.101,31.33,14.03,22.09,36.12,32.03,18.87
746456,2024-06-26,2024,592192,R,642397,L,force_out,False,False,68.0,0.286,14.0,20.59,11.0,16.18,0.876,0.17800000000000005,23.97,9.39,19.09,28.48,17.88,13.59,168.0,0.264,23.0,13.69,21.0,12.5,0.825,0.2,17.23,7.09,21.84,28.93,23.86,9.54,74.0,0.345,17.0,22.97,12.0,16.22,0.925,0.12100000000000005,32.37,15.25,12.88,28.14,27.78,20.73,162.0,0.255,45.0,27.78,15.0,9.26,0.72,0.138,35.35,17.56,15.35,32.91,29.93,22.5
746456,2024-06-26,2024,672761,R,642397,L,strikeout,True,False,53.0,0.306,11.0,20.75,4.0,7.55,0.7869999999999999,0.123,14.15,7.08,14.15,21.23,33.33,15.71,,,,,,,,,,,,,,,74.0,0.345,17.0,22.97,12.0,16.22,0.925,0.12100000000000005,32.37,15.25,12.88,28.14,27.78,20.73,162.0,0.255,45.0,27.78,15.0,9.26,0.72,0.138,35.35,17.56,15.35,32.91,29.93,22.5
746456,2024-06-26,2024,547180,L,672456,R,strikeout,True,False,200.0,0.306,36.0,18.0,29.0,14.5,0.993,0.282,27.51,13.63,9.17,22.8,33.56,17.56,375.0,0.295,80.0,21.33,60.0,16.0,0.907,0.199,31.39,15.65,8.66,24.31,32.27,20.0,8.0,0.125,2.0,25.0,0.0,0.0,0.25,0.0,29.41,14.29,17.14,31.43,26.67,18.18,,,,,,,,,,,,,,
746456,2024-06-26,2024,664761,R,672456,R,field_out,False,False,226.0,0.335,34.0,15.04,16.0,7.08,0.926,0.2,20.05,9.45,15.33,24.78,25.0,17.19,445.0,0.263,68.0,15.28,34.0,7.64,0.7010000000000001,0.1139999999999999,17.17,8.27,16.06,24.33,28.14,13.48,11.0,0.4,3.0,27.27,1.0,9.09,1.5550000000000002,0.7000000000000001,19.23,9.62,13.46,23.08,22.22,16.67,,,,,,,,,,,,,,
746456,2024-06-26,2024,592206,R,672456,R,single,False,False,241.0,0.222,50.0,20.75,16.0,6.64,0.639,0.13499999999999998,32.3,18.96,10.21,29.16,39.14,20.49,485.0,0.252,140.0,28.87,25.0,5.15,0.733,0.192,37.06,20.57,11.78,32.36,40.41,25.27,11.0,0.4,3.0,27.27,1.0,9.09,1.5550000000000002,0.7000000000000001,19.23,9.62,13.46,23.08,22.22,16.67,,,,,,,,,,,,,,
746456,2024-06-26,2024,681082,L,672456,R,double,False,False,211.0,0.24,30.0,14.22,25.0,11.85,0.706,0.134,16.67,7.27,21.45,28.72,27.64,11.95,474.0,0.28,76.0,16.03,26.0,5.49,0.753,0.1509999999999999,14.49,6.52,22.08,28.6,28.42,11.93,8.0,0.125,2.0,25.0,0.0,0.0,0.25,0.0,29.41,14.29,17.14,31.43,26.67,18.18,,,,,,,,,,,,,,
746456,2024-06-26,2024,669016,L,672456,R,single,False,False,168.0,0.286,46.0,27.38,19.0,11.31,0.8280000000000001,0.17700000000000005,23.39,9.27,18.82,28.09,22.71,19.74,363.0,0.292,101.0,27.82,47.0,12.95,0.864,0.185,25.19,10.97,17.37,28.35,25.74,21.31,8.0,0.125,2.0,25.0,0.0,0.0,0.25,0.0,29.41,14.29,17.14,31.43,26.67,18.18,,,,,,,,,,,,,,
746456,2024-06-26,2024,621311,L,672456,R,caught_stealing_2b,False,False,38.0,0.278,7.0,18.42,2.0,5.26,0.899,0.30499999999999994,22.78,12.08,10.74,22.82,36.36,13.21,9.0,0.111,2.0,22.22,0.0,0.0,0.555,0.333,25.0,12.9,16.13,29.03,33.33,33.33,8.0,0.125,2.0,25.0,0.0,0.0,0.25,0.0,29.41,14.29,17.14,31.43,26.67,18.18,,,,,,,,,,,,,,
746456,2024-06-26,2024,669234,R,614179,R,strikeout,True,False,48.0,0.143,19.0,39.58,5.0,10.42,0.539,0.167,41.05,18.4,19.34,37.74,18.28,25.33,,,,,,,,,,,,,,,51.0,0.244,9.0,17.65,3.0,5.88,0.605,0.067,27.0,14.75,15.3,30.05,40.48,16.36,119.0,0.276,26.0,21.85,10.0,8.4,0.8280000000000001,0.191,31.2,14.75,13.94,28.69,29.14,16.03
746456,2024-06-26,2024,668731,L,614179,R,strikeout,True,False,44.0,0.143,9.0,20.45,8.0,18.18,0.6950000000000001,0.257,31.25,14.37,11.49,25.86,27.66,23.08,347.0,0.218,87.0,25.07,42.0,12.1,0.688,0.158,25.51,11.78,14.66,26.44,24.86,21.97,37.0,0.343,10.0,27.03,2.0,5.41,0.892,0.17099999999999999,32.53,18.24,10.14,28.38,40.96,21.74,88.0,0.315,13.0,14.77,11.0,12.5,1.012,0.288,26.76,11.52,14.24,25.76,25.7,20.0
746456,2024-06-26,2024,608348,R,614179,R,field_out,False,False,121.0,0.243,28.0,23.14,9.0,7.44,0.718,0.15000000000000002,25.57,11.18,19.56,30.74,24.6,17.28,108.0,0.198,27.0,25.0,6.0,5.56,0.479,0.0399999999999999,28.73,13.54,19.79,33.33,28.41,25.0,51.0,0.244,9.0,17.65,3.0,5.88,0.605,0.067,27.0,14.75,15.3,30.05,40.48,16.36,119.0,0.276,26.0,21.85,10.0,8.4,0.8280000000000001,0.191,31.2,14.75,13.94,28.69,29.14,16.03
746456,2024-06-26,2024,621311,L,672456,R,field_out,False,False,38.0,0.278,7.0,18.42,2.0,5.26,0.899,0.30499999999999994,22.78,12.08,10.74,22.82,36.36,13.21,9.0,0.111,2.0,22.22,0.0,0.0,0.555,0.333,25.0,12.9,16.13,29.03,33.33,33.33,8.0,0.125,2.0,25.0,0.0,0.0,0.25,0.0,29.41,14.29,17.14,31.43,26.67,18.18,,,,,,,,,,,,,,
746456,2024-06-26,2024,596117,L,672456,R,strikeout,True,False,57.0,0.208,17.0,29.82,4.0,7.02,0.489,0.018000000000000016,28.3,13.95,21.4,35.35,33.66,24.29,94.0,0.19,22.0,23.4,7.0,7.45,0.5549999999999999,0.0959999999999999,24.71,11.35,19.19,30.54,31.94,18.8,8.0,0.125,2.0,25.0,0.0,0.0,0.25,0.0,29.41,14.29,17.14,31.43,26.67,18.18,,,,,,,,,,,,,,
746456,2024-06-26,2024,656941,L,672456,R,strikeout,True,False,215.0,0.185,63.0,29.3,35.0,16.28,0.708,0.202,33.15,13.4,16.1,29.5,22.02,24.22,469.0,0.201,128.0,27.29,85.0,18.12,0.848,0.296,31.18,11.75,19.66,31.41,21.53,23.1,8.0,0.125,2.0,25.0,0.0,0.0,0.25,0.0,29.41,14.29,17.14,31.43,26.67,18.18,,,,,,,,,,,,,,
746456,2024-06-26,2024,668952,R,621381,L,field_out,False,False,9.0,0.25,1.0,11.11,1.0,11.11,0.583,0.0,25.0,12.0,4.0,16.0,21.43,20.0,9.0,0.111,4.0,44.44,0.0,0.0,0.222,0.0,50.0,26.47,14.71,41.18,33.33,36.36,76.0,0.155,29.0,38.16,4.0,5.26,0.493,0.141,27.27,14.74,16.18,30.92,32.88,19.86,253.0,0.214,77.0,30.43,19.0,7.51,0.671,0.183,28.04,14.1,15.88,29.98,27.99,24.6
746456,2024-06-26,2024,663837,R,621381,L,field_out,False,False,75.0,0.254,15.0,20.0,3.0,4.0,0.6040000000000001,0.07,16.06,7.26,19.8,27.06,25.49,17.86,147.0,0.264,20.0,13.61,15.0,10.2,0.6990000000000001,0.0929999999999999,14.72,6.63,19.9,26.53,28.37,10.75,76.0,0.155,29.0,38.16,4.0,5.26,0.493,0.141,27.27,14.74,16.18,30.92,32.88,19.86,253.0,0.214,77.0,30.43,19.0,7.51,0.671,0.183,28.04,14.1,15.88,29.98,27.99,24.6
746456,2024-06-26,2024,690993,L,621381,L,single,False,False,29.0,0.222,7.0,24.14,2.0,6.9,0.535,0.037000000000000005,17.86,9.01,21.62,30.63,27.91,20.59,,,,,,,,,,,,,,,36.0,0.2,11.0,30.56,0.0,0.0,0.42200000000000004,0.0,25.0,13.64,18.94,32.58,35.85,19.64,98.0,0.209,31.0,31.63,2.0,2.04,0.556,0.11,27.93,14.16,19.83,33.99,33.1,28.44
746456,2024-06-26,2024,682985,L,621381,L,field_out,False,False,77.0,0.197,20.0,25.97,5.0,6.49,0.6579999999999999,0.21099999999999997,22.76,10.25,20.5,30.75,23.74,17.54,93.0,0.279,30.0,32.26,7.0,7.53,0.6930000000000001,0.0809999999999999,30.96,15.64,16.92,32.56,32.98,21.74,36.0,0.2,11.0,30.56,0.0,0.0,0.42200000000000004,0.0,25.0,13.64,18.94,32.58,35.85,19.64,98.0,0.209,31.0,31.63,2.0,2.04,0.556,0.11,27.93,14.16,19.83,33.99,33.1,28.44
746456,2024-06-26,2024,607208,R,672456,R,strikeout,True,False,109.0,0.333,16.0,14.68,6.0,5.5,0.827,0.118,20.81,10.46,14.54,25.0,28.06,14.55,485.0,0.282,109.0,22.47,29.0,5.98,0.8029999999999999,0.19,28.9,15.6,12.67,28.27,36.06,17.81,11.0,0.4,3.0,27.27,1.0,9.09,1.5550000000000002,0.7000000000000001,19.23,9.62,13.46,23.08,22.22,16.67,,,,,,,,,,,,,,
746456,2024-06-26,2024,547180,L,672456,R,field_out,False,False,200.0,0.306,36.0,18.0,29.0,14.5,0.993,0.282,27.51,13.63,9.17,22.8,33.56,17.56,375.0,0.295,80.0,21.33,60.0,16.0,0.907,0.199,31.39,15.65,8.66,24.31,32.27,20.0,8.0,0.125,2.0,25.0,0.0,0.0,0.25,0.0,29.41,14.29,17.14,31.43,26.67,18.18,,,,,,,,,,,,,,
746456,2024-06-26,2024,664761,R,672456,R,field_out,False,False,226.0,0.335,34.0,15.04,16.0,7.08,0.926,0.2,20.05,9.45,15.33,24.78,25.0,17.19,445.0,0.263,68.0,15.28,34.0,7.64,0.7010000000000001,0.1139999999999999,17.17,8.27,16.06,24.33,28.14,13.48,11.0,0.4,3.0,27.27,1.0,9.09,1.5550000000000002,0.7000000000000001,19.23,9.62,13.46,23.08,22.22,16.67,,,,,,,,,,,,,,
746456,2024-06-26,2024,592192,R,689147,R,field_out,False,False,232.0,0.227,47.0,20.26,22.0,9.48,0.662,0.10600000000000001,22.68,8.97,23.46,32.43,21.34,17.6,341.0,0.261,56.0,16.42,28.0,8.21,0.721,0.1079999999999999,18.91,7.86,21.98,29.84,23.71,13.49,54.0,0.157,13.0,24.07,2.0,3.7,0.4,0.03900000000000001,25.51,11.63,21.4,33.02,31.43,18.84,7.0,0.4,1.0,14.29,2.0,28.57,0.971,0.0,18.18,5.71,22.86,28.57,25.0,10.0
746456,2024-06-26,2024,672761,L,689147,R,field_out,False,False,175.0,0.256,37.0,21.14,13.0,7.43,0.71,0.14400000000000002,22.01,9.87,19.61,29.48,26.72,16.67,,,,,,,,,,,,,,,56.0,0.234,18.0,32.14,4.0,7.14,0.6100000000000001,0.04300000000000001,22.95,10.65,20.91,31.56,23.28,16.07,7.0,0.143,5.0,71.43,0.0,0.0,0.4289999999999999,0.143,63.64,26.92,30.77,57.69,41.67,71.43
746456,2024-06-26,2024,669234,R,689147,R,field_out,False,False,48.0,0.143,19.0,39.58,5.0,10.42,0.539,0.167,41.05,18.4,19.34,37.74,18.28,25.33,,,,,,,,,,,,,,,54.0,0.157,13.0,24.07,2.0,3.7,0.4,0.03900000000000001,25.51,11.63,21.4,33.02,31.43,18.84,7.0,0.4,1.0,14.29,2.0,28.57,0.971,0.0,18.18,5.71,22.86,28.57,25.0,10.0
746456,2024-06-26,2024,592206,R,672456,R,walk,False,True,241.0,0.222,50.0,20.75,16.0,6.64,0.639,0.13499999999999998,32.3,18.96,10.21,29.16,39.14,20.49,485.0,0.252,140.0,28.87,25.0,5.15,0.733,0.192,37.06,20.57,11.78,32.36,40.41,25.27,11.0,0.4,3.0,27.27,1.0,9.09,1.5550000000000002,0.7000000000000001,19.23,9.62,13.46,23.08,22.22,16.67,,,,,,,,,,,,,,
746456,2024-06-26,2024,681082,L,672456,R,force_out,False,False,211.0,0.24,30.0,14.22,25.0,11.85,0.706,0.134,16.67,7.27,21.45,28.72,27.64,11.95,474.0,0.28,76.0,16.03,26.0,5.49,0.753,0.1509999999999999,14.49,6.52,22.08,28.6,28.42,11.93,8.0,0.125,2.0,25.0,0.0,0.0,0.25,0.0,29.41,14.29,17.14,31.43,26.67,18.18,,,,,,,,,,,,,,
746456,2024-06-26,2024,669016,L,672456,R,single,False,False,168.0,0.286,46.0,27.38,19.0,11.31,0.8280000000000001,0.17700000000000005,23.39,9.27,18.82,28.09,22.71,19.74,363.0,0.292,101.0,27.82,47.0,12.95,0.864,0.185,25.19,10.97,17.37,28.35,25.74,21.31,8.0,0.125,2.0,25.0,0.0,0.0,0.25,0.0,29.41,14.29,17.14,31.43,26.67,18.18,,,,,,,,,,,,,,
746456,2024-06-26,2024,621311,L,666214,L,sac_fly,False,False,5.0,0.0,2.0,40.0,0.0,0.0,0.0,0.0,41.67,20.0,16.0,36.0,25.0,20.0,,,,,,,,,,,,,,,62.0,0.25,17.0,27.42,5.0,8.06,0.662,0.08900000000000002,30.0,14.69,16.73,31.43,29.77,20.99,122.0,0.278,19.0,15.57,14.0,11.48,0.796,0.1569999999999999,22.68,10.23,17.67,27.91,22.64,17.12
746456,2024-06-26,2024,596117,L,666214,L,single,False,False,30.0,0.185,9.0,30.0,3.0,10.0,0.452,0.0,28.85,12.93,19.83,32.76,28.57,20.93,31.0,0.241,7.0,22.58,2.0,6.45,0.5660000000000001,0.035,18.03,8.59,17.97,26.56,28.57,16.67,62.0,0.25,17.0,27.42,5.0,8.06,0.662,0.08900000000000002,30.0,14.69,16.73,31.43,29.77,20.99,122.0,0.278,19.0,15.57,14.0,11.48,0.796,0.1569999999999999,22.68,10.23,17.67,27.91,22.64,17.12
746456,2024-06-26,2024,656941,L,666214,L,strikeout,True,False,143.0,0.345,36.0,25.17,23.0,16.08,1.0010000000000001,0.20100000000000007,32.87,12.14,21.37,33.5,18.44,23.68,253.0,0.188,87.0,34.39,41.0,16.21,0.758,0.242,32.04,11.82,21.04,32.86,21.61,24.51,62.0,0.25,17.0,27.42,5.0,8.06,0.662,0.08900000000000002,30.0,14.69,16.73,31.43,29.77,20.99,122.0,0.278,19.0,15.57,14.0,11.48,0.796,0.1569999999999999,22.68,10.23,17.67,27.91,22.64,17.12
746456,2024-06-26,2024,668731,L,656546,R,field_out,False,False,44.0,0.143,9.0,20.45,8.0,18.18,0.6950000000000001,0.257,31.25,14.37,11.49,25.86,27.66,23.08,347.0,0.218,87.0,25.07,42.0,12.1,0.688,0.158,25.51,11.78,14.66,26.44,24.86,21.97,55.0,0.212,19.0,34.55,2.0,3.64,0.64,0.17300000000000001,30.36,16.75,15.27,32.02,42.39,29.23,80.0,0.221,26.0,32.5,9.0,11.25,0.63,0.088,34.86,17.48,12.61,30.09,33.51,21.31
746456,2024-06-26,2024,608348,R,656546,R,field_out,False,False,121.0,0.243,28.0,23.14,9.0,7.44,0.718,0.15000000000000002,25.57,11.18,19.56,30.74,24.6,17.28,108.0,0.198,27.0,25.0,6.0,5.56,0.479,0.0399999999999999,28.73,13.54,19.79,33.33,28.41,25.0,74.0,0.182,23.0,31.08,6.0,8.11,0.45899999999999996,0.03,36.11,18.37,14.13,32.51,30.22,25.56,129.0,0.122,43.0,33.33,10.0,7.75,0.423,0.104,34.44,17.65,14.42,32.07,34.34,24.57
746456,2024-06-26,2024,656716,L,656546,R,field_out,False,False,124.0,0.205,36.0,29.03,10.0,8.06,0.6040000000000001,0.12500000000000003,28.28,13.77,16.57,30.34,31.76,22.5,475.0,0.23,109.0,22.95,38.0,8.0,0.653,0.1259999999999999,21.06,10.13,16.08,26.2,28.04,19.12,55.0,0.212,19.0,34.55,2.0,3.64,0.64,0.17300000000000001,30.36,16.75,15.27,32.02,42.39,29.23,80.0,0.221,26.0,32.5,9.0,11.25,0.63,0.088,34.86,17.48,12.61,30.09,33.51,21.31
746456,2024-06-26,2024,607208,R,666214,L,single,False,False,74.0,0.318,14.0,18.92,5.0,6.76,0.823,0.121,24.38,12.91,10.6,23.51,27.92,14.29,209.0,0.229,41.0,19.62,16.0,7.66,0.721,0.1969999999999999,31.2,15.84,12.09,27.93,33.41,17.98,87.0,0.288,20.0,22.99,10.0,11.49,0.886,0.21900000000000003,28.81,14.01,14.01,28.02,34.87,18.18,371.0,0.301,79.0,21.29,33.0,8.89,0.924,0.261,26.27,12.72,15.19,27.91,26.14,16.42
746456,2024-06-26,2024,547180,L,666214,L,single,False,False,126.0,0.306,33.0,26.19,17.0,13.49,0.99,0.287,30.62,15.52,11.39,26.92,33.21,22.3,171.0,0.289,39.0,22.81,20.0,11.7,0.884,0.221,38.61,20.03,9.85,29.89,35.59,22.41,62.0,0.25,17.0,27.42,5.0,8.06,0.662,0.08900000000000002,30.0,14.69,16.73,31.43,29.77,20.99,122.0,0.278,19.0,15.57,14.0,11.48,0.796,0.1569999999999999,22.68,10.23,17.67,27.91,22.64,17.12
746456,2024-06-26,2024,664761,R,666214,L,field_out,False,False,104.0,0.255,10.0,9.62,6.0,5.77,0.727,0.174,11.8,5.75,14.25,20.0,25.54,10.64,167.0,0.303,26.0,15.57,8.0,4.79,0.929,0.291,20.3,10.86,12.97,23.82,35.24,14.21,87.0,0.288,20.0,22.99,10.0,11.49,0.886,0.21900000000000003,28.81,14.01,14.01,28.02,34.87,18.18,371.0,0.301,79.0,21.29,33.0,8.89,0.924,0.261,26.27,12.72,15.19,27.91,26.14,16.42
746456,2024-06-26,2024,592206,R,666214,L,grounded_into_double_play,False,False,90.0,0.226,25.0,27.78,5.0,5.56,0.7190000000000001,0.226,32.79,18.07,12.05,30.12,37.5,25.51,188.0,0.324,45.0,23.94,11.0,5.85,0.93,0.237,31.05,17.91,10.17,28.07,42.3,21.63,87.0,0.288,20.0,22.99,10.0,11.49,0.886,0.21900000000000003,28.81,14.01,14.01,28.02,34.87,18.18,371.0,0.301,79.0,21.29,33.0,8.89,0.924,0.261,26.27,12.72,15.19,27.91,26.14,16.42
746456,2024-06-26,2024,663837,R,621237,L,double,False,False,75.0,0.254,15.0,20.0,3.0,4.0,0.6040000000000001,0.07,16.06,7.26,19.8,27.06,25.49,17.86,147.0,0.264,20.0,13.61,15.0,10.2,0.6990000000000001,0.0929999999999999,14.72,6.63,19.9,26.53,28.37,10.75,88.0,0.221,26.0,29.55,9.0,10.23,0.619,0.091,26.11,12.11,14.95,27.06,29.67,20.16,126.0,0.187,51.0,40.48,18.0,14.29,0.612,0.121,38.81,19.34,13.24,32.58,30.61,23.83
746456,2024-06-26,2024,628451,R,621237,L,single,False,False,69.0,0.375,14.0,20.29,1.0,1.45,0.922,0.15600000000000003,29.41,16.33,12.65,28.98,38.93,22.95,118.0,0.261,24.0,20.34,6.0,5.08,0.8200000000000001,0.262,23.36,12.59,13.85,26.45,37.13,23.53,88.0,0.221,26.0,29.55,9.0,10.23,0.619,0.091,26.11,12.11,14.95,27.06,29.67,20.16,126.0,0.187,51.0,40.48,18.0,14.29,0.612,0.121,38.81,19.34,13.24,32.58,30.61,23.83
746456,2024-06-26,2024,682985,L,621237,L,field_out,False,False,77.0,0.197,20.0,25.97,5.0,6.49,0.6579999999999999,0.21099999999999997,22.76,10.25,20.5,30.75,23.74,17.54,93.0,0.279,30.0,32.26,7.0,7.53,0.6930000000000001,0.0809999999999999,30.96,15.64,16.92,32.56,32.98,21.74,40.0,0.108,9.0,22.5,3.0,7.5,0.31,0.02700000000000001,22.97,11.81,18.75,30.56,37.1,20.0,47.0,0.217,13.0,27.66,0.0,0.0,0.521,0.087,14.81,7.02,22.81,29.82,36.84,27.66
746456,2024-06-26,2024,592192,R,621237,L,field_out,False,False,68.0,0.286,14.0,20.59,11.0,16.18,0.876,0.17800000000000005,23.97,9.39,19.09,28.48,17.88,13.59,168.0,0.264,23.0,13.69,21.0,12.5,0.825,0.2,17.23,7.09,21.84,28.93,23.86,9.54,88.0,0.221,26.0,29.55,9.0,10.23,0.619,0.091,26.11,12.11,14.95,27.06,29.67,20.16,126.0,0.187,51.0,40.48,18.0,14.29,0.612,0.121,38.81,19.34,13.24,32.58,30.61,23.83
746456,2024-06-26,2024,672761,R,621237,L,strikeout,True,False,53.0,0.306,11.0,20.75,4.0,7.55,0.7869999999999999,0.123,14.15,7.08,14.15,21.23,33.33,15.71,,,,,,,,,,,,,,,88.0,0.221,26.0,29.55,9.0,10.23,0.619,0.091,26.11,12.11,14.95,27.06,29.67,20.16,126.0,0.187,51.0,40.48,18.0,14.29,0.612,0.121,38.81,19.34,13.24,32.58,30.61,23.83
747188,2024-06-26,2024,650489,L,694297,R,single,False,False,232.0,0.24,54.0,23.28,22.0,9.48,0.746,0.16500000000000004,27.49,13.21,15.34,28.54,29.01,18.56,280.0,0.266,73.0,26.07,23.0,8.21,0.8029999999999999,0.189,28.16,14.39,15.31,29.7,34.97,21.1,203.0,0.296,33.0,16.26,13.0,6.4,0.805,0.16600000000000004,19.47,9.13,18.26,27.39,27.78,16.02,196.0,0.273,43.0,21.94,16.0,8.16,0.867,0.261,23.08,10.53,17.04,27.57,23.51,19.2
747188,2024-06-26,2024,663616,L,694297,R,grounded_into_double_play,False,False,159.0,0.248,30.0,18.87,12.0,7.55,0.73,0.18,26.43,12.52,17.6,30.12,29.18,17.68,189.0,0.228,60.0,31.75,25.0,13.23,0.766,0.21,36.25,14.96,16.71,31.67,22.55,25.75,203.0,0.296,33.0,16.26,13.0,6.4,0.805,0.16600000000000004,19.47,9.13,18.26,27.39,27.78,16.02,196.0,0.273,43.0,21.94,16.0,8.16,0.867,0.261,23.08,10.53,17.04,27.57,23.51,19.2
747188,2024-06-26,2024,668904,R,694297,R,field_out,False,False,55.0,0.294,12.0,21.82,4.0,7.27,1.149,0.51,30.84,15.07,13.7,28.77,27.97,18.75,183.0,0.307,43.0,23.5,15.0,8.2,0.962,0.283,27.16,12.8,18.57,31.36,28.0,20.98,199.0,0.187,53.0,26.63,11.0,5.53,0.589,0.16599999999999998,26.83,13.66,17.38,31.03,29.61,24.88,226.0,0.29,51.0,22.57,10.0,4.42,0.857,0.243,26.58,13.96,15.98,29.94,34.54,19.92
747188,2024-06-26,2024,682998,L,657746,R,single,False,False,228.0,0.223,38.0,16.67,29.0,12.72,0.66,0.11200000000000002,19.62,8.34,16.8,25.14,24.1,18.54,472.0,0.286,105.0,22.25,46.0,9.75,0.921,0.266,22.34,10.24,16.27,26.51,28.83,21.92,188.0,0.2,46.0,24.47,7.0,3.72,0.595,0.16099999999999998,24.6,13.03,16.29,29.32,31.83,19.57,315.0,0.222,80.0,25.4,20.0,6.35,0.64,0.1389999999999999,22.74,12.88,14.0,26.88,32.64,17.86
747188,2024-06-26,2024,606466,L,657746,R,home_run,False,False,219.0,0.26,47.0,21.46,19.0,8.68,0.7210000000000001,0.14100000000000001,23.85,11.26,14.53,25.79,24.03,19.66,452.0,0.259,85.0,18.81,54.0,11.95,0.827,0.2199999999999999,20.87,9.03,16.76,25.8,21.17,17.28,188.0,0.2,46.0,24.47,7.0,3.72,0.595,0.16099999999999998,24.6,13.03,16.29,29.32,31.83,19.57,315.0,0.222,80.0,25.4,20.0,6.35,0.64,0.1389999999999999,22.74,12.88,14.0,26.88,32.64,17.86
747188,2024-06-26,2024,592626,L,657746,R,field_out,False,False,213.0,0.292,52.0,24.41,23.0,10.8,0.889,0.21400000000000002,24.07,11.05,17.43,28.47,29.45,21.05,373.0,0.241,74.0,19.84,49.0,13.14,0.786,0.194,24.13,10.89,15.07,25.96,29.36,16.09,188.0,0.2,46.0,24.47,7.0,3.72,0.595,0.16099999999999998,24.6,13.03,16.29,29.32,31.83,19.57,315.0,0.222,80.0,25.4,20.0,6.35,0.64,0.1389999999999999,22.74,12.88,14.0,26.88,32.64,17.86
747188,2024-06-26,2024,572233,R,657746,R,strikeout,True,False,249.0,0.25,59.0,23.69,25.0,10.04,0.8280000000000001,0.245,26.09,12.73,12.83,25.55,25.46,17.82,497.0,0.259,95.0,19.11,42.0,8.45,0.8009999999999999,0.2129999999999999,26.19,12.83,14.15,26.98,26.84,15.33,196.0,0.231,54.0,27.55,8.0,4.08,0.692,0.19899999999999998,27.37,13.68,16.75,30.43,29.25,21.43,357.0,0.269,117.0,32.77,14.0,3.92,0.8300000000000001,0.261,30.56,16.38,13.59,29.97,33.29,22.75
747188,2024-06-26,2024,666971,R,657746,R,strikeout,True,False,218.0,0.227,45.0,20.64,9.0,4.13,0.614,0.12099999999999997,21.2,10.65,16.22,26.88,31.72,18.37,433.0,0.247,85.0,19.63,21.0,4.85,0.756,0.22,20.07,9.99,16.64,26.63,31.06,17.82,196.0,0.231,54.0,27.55,8.0,4.08,0.692,0.19899999999999998,27.37,13.68,16.75,30.43,29.25,21.43,357.0,0.269,117.0,32.77,14.0,3.92,0.8300000000000001,0.261,30.56,16.38,13.59,29.97,33.29,22.75
747188,2024-06-26,2024,596146,L,694297,R,field_out,False,False,174.0,0.242,34.0,19.54,13.0,7.47,0.72,0.172,22.61,11.76,11.76,23.53,27.0,17.09,394.0,0.263,84.0,21.32,37.0,9.39,0.8320000000000001,0.2339999999999999,19.92,9.32,15.49,24.81,24.75,18.14,203.0,0.296,33.0,16.26,13.0,6.4,0.805,0.16600000000000004,19.47,9.13,18.26,27.39,27.78,16.02,196.0,0.273,43.0,21.94,16.0,8.16,0.867,0.261,23.08,10.53,17.04,27.57,23.51,19.2
747188,2024-06-26,2024,621043,R,694297,R,field_out,False,False,191.0,0.296,36.0,18.85,19.0,9.95,0.8109999999999999,0.15400000000000003,21.05,9.38,18.9,28.28,27.56,17.48,444.0,0.224,112.0,25.23,42.0,9.46,0.69,0.164,26.37,11.3,19.9,31.19,27.0,21.72,199.0,0.187,53.0,26.63,11.0,5.53,0.589,0.16599999999999998,26.83,13.66,17.38,31.03,29.61,24.88,226.0,0.29,51.0,22.57,10.0,4.42,0.857,0.243,26.58,13.96,15.98,29.94,34.54,19.92
747188,2024-06-26,2024,467793,L,694297,R,field_out,False,False,208.0,0.225,30.0,14.42,23.0,11.06,0.712,0.165,22.49,9.63,17.17,26.8,23.65,12.77,460.0,0.231,83.0,18.04,45.0,9.78,0.727,0.1899999999999999,23.76,11.0,14.32,25.31,24.63,16.21,203.0,0.296,33.0,16.26,13.0,6.4,0.805,0.16600000000000004,19.47,9.13,18.26,27.39,27.78,16.02,196.0,0.273,43.0,21.94,16.0,8.16,0.867,0.261,23.08,10.53,17.04,27.57,23.51,19.2
747188,2024-06-26,2024,664983,L,657746,R,single,False,False,161.0,0.255,28.0,17.39,14.0,8.7,0.736,0.139,20.07,9.37,16.01,25.38,26.47,16.28,230.0,0.255,51.0,22.17,17.0,7.39,0.643,0.072,22.4,11.76,13.9,25.65,32.76,19.39,188.0,0.2,46.0,24.47,7.0,3.72,0.595,0.16099999999999998,24.6,13.03,16.29,29.32,31.83,19.57,315.0,0.222,80.0,25.4,20.0,6.35,0.64,0.1389999999999999,22.74,12.88,14.0,26.88,32.64,17.86
747188,2024-06-26,2024,553993,R,657746,R,triple,False,False,215.0,0.195,56.0,26.05,16.0,7.44,0.6160000000000001,0.14700000000000002,30.05,14.06,15.21,29.26,26.04,21.71,537.0,0.227,161.0,29.98,48.0,8.94,0.706,0.167,32.3,14.54,16.91,31.45,23.96,22.87,196.0,0.231,54.0,27.55,8.0,4.08,0.692,0.19899999999999998,27.37,13.68,16.75,30.43,29.25,21.43,357.0,0.269,117.0,32.77,14.0,3.92,0.8300000000000001,0.261,30.56,16.38,13.59,29.97,33.29,22.75
747188,2024-06-26,2024,571466,L,657746,R,single,False,False,59.0,0.213,18.0,30.51,11.0,18.64,0.596,0.02100000000000002,24.73,9.75,19.49,29.24,18.42,25.71,106.0,0.191,33.0,31.13,10.0,9.43,0.508,0.043,24.64,11.67,18.08,29.75,29.3,20.75,188.0,0.2,46.0,24.47,7.0,3.72,0.595,0.16099999999999998,24.6,13.03,16.29,29.32,31.83,19.57,315.0,0.222,80.0,25.4,20.0,6.35,0.64,0.1389999999999999,22.74,12.88,14.0,26.88,32.64,17.86
747188,2024-06-26,2024,672695,L,657746,R,force_out,False,False,49.0,0.286,6.0,12.24,5.0,10.2,0.745,0.07100000000000001,11.9,4.9,23.53,28.43,23.71,8.7,424.0,0.246,80.0,18.87,60.0,14.15,0.736,0.128,15.84,6.08,21.64,27.72,16.63,14.68,188.0,0.2,46.0,24.47,7.0,3.72,0.595,0.16099999999999998,24.6,13.03,16.29,29.32,31.83,19.57,315.0,0.222,80.0,25.4,20.0,6.35,0.64,0.1389999999999999,22.74,12.88,14.0,26.88,32.64,17.86
747188,2024-06-26,2024,682998,L,657746,R,force_out,False,False,228.0,0.223,38.0,16.67,29.0,12.72,0.66,0.11200000000000002,19.62,8.34,16.8,25.14,24.1,18.54,472.0,0.286,105.0,22.25,46.0,9.75,0.921,0.266,22.34,10.24,16.27,26.51,28.83,21.92,188.0,0.2,46.0,24.47,7.0,3.72,0.595,0.16099999999999998,24.6,13.03,16.29,29.32,31.83,19.57,315.0,0.222,80.0,25.4,20.0,6.35,0.64,0.1389999999999999,22.74,12.88,14.0,26.88,32.64,17.86
747188,2024-06-26,2024,606466,L,657746,R,field_out,False,False,219.0,0.26,47.0,21.46,19.0,8.68,0.7210000000000001,0.14100000000000001,23.85,11.26,14.53,25.79,24.03,19.66,452.0,0.259,85.0,18.81,54.0,11.95,0.827,0.2199999999999999,20.87,9.03,16.76,25.8,21.17,17.28,188.0,0.2,46.0,24.47,7.0,3.72,0.595,0.16099999999999998,24.6,13.03,16.29,29.32,31.83,19.57,315.0,0.222,80.0,25.4,20.0,6.35,0.64,0.1389999999999999,22.74,12.88,14.0,26.88,32.64,17.86
747188,2024-06-26,2024,621439,R,694297,R,field_out,False,False,153.0,0.246,44.0,28.76,6.0,3.92,0.688,0.14800000000000002,33.86,18.43,12.12,30.55,36.57,22.92,257.0,0.217,80.0,31.13,26.0,10.12,0.767,0.243,29.69,15.03,12.96,27.99,29.53,25.0,199.0,0.187,53.0,26.63,11.0,5.53,0.589,0.16599999999999998,26.83,13.66,17.38,31.03,29.61,24.88,226.0,0.29,51.0,22.57,10.0,4.42,0.857,0.243,26.58,13.96,15.98,29.94,34.54,19.92
747188,2024-06-26,2024,680777,R,694297,R,walk,False,True,178.0,0.24,34.0,19.1,15.0,8.43,0.8200000000000001,0.247,22.12,10.04,17.82,27.86,29.02,15.42,242.0,0.281,70.0,28.93,19.0,7.85,0.8280000000000001,0.186,29.53,13.79,18.6,32.39,32.19,21.28,199.0,0.187,53.0,26.63,11.0,5.53,0.589,0.16599999999999998,26.83,13.66,17.38,31.03,29.61,24.88,226.0,0.29,51.0,22.57,10.0,4.42,0.857,0.243,26.58,13.96,15.98,29.94,34.54,19.92
747188,2024-06-26,2024,668885,R,694297,R,field_out,False,False,81.0,0.26,15.0,18.52,8.0,9.88,0.7170000000000001,0.124,21.74,9.77,16.29,26.06,15.17,16.48,,,,,,,,,,,,,,,199.0,0.187,53.0,26.63,11.0,5.53,0.589,0.16599999999999998,26.83,13.66,17.38,31.03,29.61,24.88,226.0,0.29,51.0,22.57,10.0,4.42,0.857,0.243,26.58,13.96,15.98,29.94,34.54,19.92
747188,2024-06-26,2024,650489,L,694297,R,field_error,False,False,232.0,0.24,54.0,23.28,22.0,9.48,0.746,0.16500000000000004,27.49,13.21,15.34,28.54,29.01,18.56,280.0,0.266,73.0,26.07,23.0,8.21,0.8029999999999999,0.189,28.16,14.39,15.31,29.7,34.97,21.1,203.0,0.296,33.0,16.26,13.0,6.4,0.805,0.16600000000000004,19.47,9.13,18.26,27.39,27.78,16.02,196.0,0.273,43.0,21.94,16.0,8.16,0.867,0.261,23.08,10.53,17.04,27.57,23.51,19.2
747188,2024-06-26,2024,663616,L,694297,R,field_out,False,False,159.0,0.248,30.0,18.87,12.0,7.55,0.73,0.18,26.43,12.52,17.6,30.12,29.18,17.68,189.0,0.228,60.0,31.75,25.0,13.23,0.766,0.21,36.25,14.96,16.71,31.67,22.55,25.75,203.0,0.296,33.0,16.26,13.0,6.4,0.805,0.16600000000000004,19.47,9.13,18.26,27.39,27.78,16.02,196.0,0.273,43.0,21.94,16.0,8.16,0.867,0.261,23.08,10.53,17.04,27.57,23.51,19.2
747188,2024-06-26,2024,592626,L,657746,R,field_out,False,False,213.0,0.292,52.0,24.41,23.0,10.8,0.889,0.21400000000000002,24.07,11.05,17.43,28.47,29.45,21.05,373.0,0.241,74.0,19.84,49.0,13.14,0.786,0.194,24.13,10.89,15.07,25.96,29.36,16.09,188.0,0.2,46.0,24.47,7.0,3.72,0.595,0.16099999999999998,24.6,13.03,16.29,29.32,31.83,19.57,315.0,0.222,80.0,25.4,20.0,6.35,0.64,0.1389999999999999,22.74,12.88,14.0,26.88,32.64,17.86
747188,2024-06-26,2024,572233,R,657746,R,field_out,False,False,249.0,0.25,59.0,23.69,25.0,10.04,0.8280000000000001,0.245,26.09,12.73,12.83,25.55,25.46,17.82,497.0,0.259,95.0,19.11,42.0,8.45,0.8009999999999999,0.2129999999999999,26.19,12.83,14.15,26.98,26.84,15.33,196.0,0.231,54.0,27.55,8.0,4.08,0.692,0.19899999999999998,27.37,13.68,16.75,30.43,29.25,21.43,357.0,0.269,117.0,32.77,14.0,3.92,0.8300000000000001,0.261,30.56,16.38,13.59,29.97,33.29,22.75
747188,2024-06-26,2024,666971,R,657746,R,strikeout,True,False,218.0,0.227,45.0,20.64,9.0,4.13,0.614,0.12099999999999997,21.2,10.65,16.22,26.88,31.72,18.37,433.0,0.247,85.0,19.63,21.0,4.85,0.756,0.22,20.07,9.99,16.64,26.63,31.06,17.82,196.0,0.231,54.0,27.55,8.0,4.08,0.692,0.19899999999999998,27.37,13.68,16.75,30.43,29.25,21.43,357.0,0.269,117.0,32.77,14.0,3.92,0.8300000000000001,0.261,30.56,16.38,13.59,29.97,33.29,22.75
747188,2024-06-26,2024,668904,R,694297,R,strikeout,True,False,55.0,0.294,12.0,21.82,4.0,7.27,1.149,0.51,30.84,15.07,13.7,28.77,27.97,18.75,183.0,0.307,43.0,23.5,15.0,8.2,0.962,0.283,27.16,12.8,18.57,31.36,28.0,20.98,199.0,0.187,53.0,26.63,11.0,5.53,0.589,0.16599999999999998,26.83,13.66,17.38,31.03,29.61,24.88,226.0,0.29,51.0,22.57,10.0,4.42,0.857,0.243,26.58,13.96,15.98,29.94,34.54,19.92
747188,2024-06-26,2024,596146,L,694297,R,single,False,False,174.0,0.242,34.0,19.54,13.0,7.47,0.72,0.172,22.61,11.76,11.76,23.53,27.0,17.09,394.0,0.263,84.0,21.32,37.0,9.39,0.8320000000000001,0.2339999999999999,19.92,9.32,15.49,24.81,24.75,18.14,203.0,0.296,33.0,16.26,13.0,6.4,0.805,0.16600000000000004,19.47,9.13,18.26,27.39,27.78,16.02,196.0,0.273,43.0,21.94,16.0,8.16,0.867,0.261,23.08,10.53,17.04,27.57,23.51,19.2
747188,2024-06-26,2024,621043,R,694297,R,field_out,False,False,191.0,0.296,36.0,18.85,19.0,9.95,0.8109999999999999,0.15400000000000003,21.05,9.38,18.9,28.28,27.56,17.48,444.0,0.224,112.0,25.23,42.0,9.46,0.69,0.164,26.37,11.3,19.9,31.19,27.0,21.72,199.0,0.187,53.0,26.63,11.0,5.53,0.589,0.16599999999999998,26.83,13.66,17.38,31.03,29.61,24.88,226.0,0.29,51.0,22.57,10.0,4.42,0.857,0.243,26.58,13.96,15.98,29.94,34.54,19.92
747188,2024-06-26,2024,467793,L,694297,R,field_out,False,False,208.0,0.225,30.0,14.42,23.0,11.06,0.712,0.165,22.49,9.63,17.17,26.8,23.65,12.77,460.0,0.231,83.0,18.04,45.0,9.78,0.727,0.1899999999999999,23.76,11.0,14.32,25.31,24.63,16.21,203.0,0.296,33.0,16.26,13.0,6.4,0.805,0.16600000000000004,19.47,9.13,18.26,27.39,27.78,16.02,196.0,0.273,43.0,21.94,16.0,8.16,0.867,0.261,23.08,10.53,17.04,27.57,23.51,19.2
747188,2024-06-26,2024,664983,L,657746,R,field_out,False,False,161.0,0.255,28.0,17.39,14.0,8.7,0.736,0.139,20.07,9.37,16.01,25.38,26.47,16.28,230.0,0.255,51.0,22.17,17.0,7.39,0.643,0.072,22.4,11.76,13.9,25.65,32.76,19.39,188.0,0.2,46.0,24.47,7.0,3.72,0.595,0.16099999999999998,24.6,13.03,16.29,29.32,31.83,19.57,315.0,0.222,80.0,25.4,20.0,6.35,0.64,0.1389999999999999,22.74,12.88,14.0,26.88,32.64,17.86
747188,2024-06-26,2024,553993,R,657746,R,field_out,False,False,215.0,0.195,56.0,26.05,16.0,7.44,0.6160000000000001,0.14700000000000002,30.05,14.06,15.21,29.26,26.04,21.71,537.0,0.227,161.0,29.98,48.0,8.94,0.706,0.167,32.3,14.54,16.91,31.45,23.96,22.87,196.0,0.231,54.0,27.55,8.0,4.08,0.692,0.19899999999999998,27.37,13.68,16.75,30.43,29.25,21.43,357.0,0.269,117.0,32.77,14.0,3.92,0.8300000000000001,0.261,30.56,16.38,13.59,29.97,33.29,22.75
747188,2024-06-26,2024,571466,L,657746,R,strikeout,True,False,59.0,0.213,18.0,30.51,11.0,18.64,0.596,0.02100000000000002,24.73,9.75,19.49,29.24,18.42,25.71,106.0,0.191,33.0,31.13,10.0,9.43,0.508,0.043,24.64,11.67,18.08,29.75,29.3,20.75,188.0,0.2,46.0,24.47,7.0,3.72,0.595,0.16099999999999998,24.6,13.03,16.29,29.32,31.83,19.57,315.0,0.222,80.0,25.4,20.0,6.35,0.64,0.1389999999999999,22.74,12.88,14.0,26.88,32.64,17.86
747188,2024-06-26,2024,621439,R,694297,R,home_run,False,False,153.0,0.246,44.0,28.76,6.0,3.92,0.688,0.14800000000000002,33.86,18.43,12.12,30.55,36.57,22.92,257.0,0.217,80.0,31.13,26.0,10.12,0.767,0.243,29.69,15.03,12.96,27.99,29.53,25.0,199.0,0.187,53.0,26.63,11.0,5.53,0.589,0.16599999999999998,26.83,13.66,17.38,31.03,29.61,24.88,226.0,0.29,51.0,22.57,10.0,4.42,0.857,0.243,26.58,13.96,15.98,29.94,34.54,19.92
747188,2024-06-26,2024,680777,R,694297,R,field_out,False,False,178.0,0.24,34.0,19.1,15.0,8.43,0.8200000000000001,0.247,22.12,10.04,17.82,27.86,29.02,15.42,242.0,0.281,70.0,28.93,19.0,7.85,0.8280000000000001,0.186,29.53,13.79,18.6,32.39,32.19,21.28,199.0,0.187,53.0,26.63,11.0,5.53,0.589,0.16599999999999998,26.83,13.66,17.38,31.03,29.61,24.88,226.0,0.29,51.0,22.57,10.0,4.42,0.857,0.243,26.58,13.96,15.98,29.94,34.54,19.92
747188,2024-06-26,2024,668885,R,694297,R,field_out,False,False,81.0,0.26,15.0,18.52,8.0,9.88,0.7170000000000001,0.124,21.74,9.77,16.29,26.06,15.17,16.48,,,,,,,,,,,,,,,199.0,0.187,53.0,26.63,11.0,5.53,0.589,0.16599999999999998,26.83,13.66,17.38,31.03,29.61,24.88,226.0,0.29,51.0,22.57,10.0,4.42,0.857,0.243,26.58,13.96,15.98,29.94,34.54,19.92
747188,2024-06-26,2024,650489,L,694297,R,strikeout,True,False,232.0,0.24,54.0,23.28,22.0,9.48,0.746,0.16500000000000004,27.49,13.21,15.34,28.54,29.01,18.56,280.0,0.266,73.0,26.07,23.0,8.21,0.8029999999999999,0.189,28.16,14.39,15.31,29.7,34.97,21.1,203.0,0.296,33.0,16.26,13.0,6.4,0.805,0.16600000000000004,19.47,9.13,18.26,27.39,27.78,16.02,196.0,0.273,43.0,21.94,16.0,8.16,0.867,0.261,23.08,10.53,17.04,27.57,23.51,19.2
747188,2024-06-26,2024,672695,L,657746,R,field_out,False,False,49.0,0.286,6.0,12.24,5.0,10.2,0.745,0.07100000000000001,11.9,4.9,23.53,28.43,23.71,8.7,424.0,0.246,80.0,18.87,60.0,14.15,0.736,0.128,15.84,6.08,21.64,27.72,16.63,14.68,188.0,0.2,46.0,24.47,7.0,3.72,0.595,0.16099999999999998,24.6,13.03,16.29,29.32,31.83,19.57,315.0,0.222,80.0,25.4,20.0,6.35,0.64,0.1389999999999999,22.74,12.88,14.0,26.88,32.64,17.86
747188,2024-06-26,2024,682998,L,657746,R,field_out,False,False,228.0,0.223,38.0,16.67,29.0,12.72,0.66,0.11200000000000002,19.62,8.34,16.8,25.14,24.1,18.54,472.0,0.286,105.0,22.25,46.0,9.75,0.921,0.266,22.34,10.24,16.27,26.51,28.83,21.92,188.0,0.2,46.0,24.47,7.0,3.72,0.595,0.16099999999999998,24.6,13.03,16.29,29.32,31.83,19.57,315.0,0.222,80.0,25.4,20.0,6.35,0.64,0.1389999999999999,22.74,12.88,14.0,26.88,32.64,17.86
747188,2024-06-26,2024,606466,L,657746,R,field_out,False,False,219.0,0.26,47.0,21.46,19.0,8.68,0.7210000000000001,0.14100000000000001,23.85,11.26,14.53,25.79,24.03,19.66,452.0,0.259,85.0,18.81,54.0,11.95,0.827,0.2199999999999999,20.87,9.03,16.76,25.8,21.17,17.28,188.0,0.2,46.0,24.47,7.0,3.72,0.595,0.16099999999999998,24.6,13.03,16.29,29.32,31.83,19.57,315.0,0.222,80.0,25.4,20.0,6.35,0.64,0.1389999999999999,22.74,12.88,14.0,26.88,32.64,17.86
747188,2024-06-26,2024,663616,L,694297,R,field_out,False,False,159.0,0.248,30.0,18.87,12.0,7.55,0.73,0.18,26.43,12.52,17.6,30.12,29.18,17.68,189.0,0.228,60.0,31.75,25.0,13.23,0.766,0.21,36.25,14.96,16.71,31.67,22.55,25.75,203.0,0.296,33.0,16.26,13.0,6.4,0.805,0.16600000000000004,19.47,9.13,18.26,27.39,27.78,16.02,196.0,0.273,43.0,21.94,16.0,8.16,0.867,0.261,23.08,10.53,17.04,27.57,23.51,19.2
747188,2024-06-26,2024,668904,R,694297,R,field_out,False,False,55.0,0.294,12.0,21.82,4.0,7.27,1.149,0.51,30.84,15.07,13.7,28.77,27.97,18.75,183.0,0.307,43.0,23.5,15.0,8.2,0.962,0.283,27.16,12.8,18.57,31.36,28.0,20.98,199.0,0.187,53.0,26.63,11.0,5.53,0.589,0.16599999999999998,26.83,13.66,17.38,31.03,29.61,24.88,226.0,0.29,51.0,22.57,10.0,4.42,0.857,0.243,26.58,13.96,15.98,29.94,34.54,19.92
747188,2024-06-26,2024,596146,L,694297,R,field_out,False,False,174.0,0.242,34.0,19.54,13.0,7.47,0.72,0.172,22.61,11.76,11.76,23.53,27.0,17.09,394.0,0.263,84.0,21.32,37.0,9.39,0.8320000000000001,0.2339999999999999,19.92,9.32,15.49,24.81,24.75,18.14,203.0,0.296,33.0,16.26,13.0,6.4,0.805,0.16600000000000004,19.47,9.13,18.26,27.39,27.78,16.02,196.0,0.273,43.0,21.94,16.0,8.16,0.867,0.261,23.08,10.53,17.04,27.57,23.51,19.2
747188,2024-06-26,2024,592626,L,657746,R,strikeout,True,False,213.0,0.292,52.0,24.41,23.0,10.8,0.889,0.21400000000000002,24.07,11.05,17.43,28.47,29.45,21.05,373.0,0.241,74.0,19.84,49.0,13.14,0.786,0.194,24.13,10.89,15.07,25.96,29.36,16.09,188.0,0.2,46.0,24.47,7.0,3.72,0.595,0.16099999999999998,24.6,13.03,16.29,29.32,31.83,19.57,315.0,0.222,80.0,25.4,20.0,6.35,0.64,0.1389999999999999,22.74,12.88,14.0,26.88,32.64,17.86
747188,2024-06-26,2024,572233,R,657746,R,single,False,False,249.0,0.25,59.0,23.69,25.0,10.04,0.8280000000000001,0.245,26.09,12.73,12.83,25.55,25.46,17.82,497.0,0.259,95.0,19.11,42.0,8.45,0.8009999999999999,0.2129999999999999,26.19,12.83,14.15,26.98,26.84,15.33,196.0,0.231,54.0,27.55,8.0,4.08,0.692,0.19899999999999998,27.37,13.68,16.75,30.43,29.25,21.43,357.0,0.269,117.0,32.77,14.0,3.92,0.8300000000000001,0.261,30.56,16.38,13.59,29.97,33.29,22.75
747188,2024-06-26,2024,666971,R,657746,R,field_out,False,False,218.0,0.227,45.0,20.64,9.0,4.13,0.614,0.12099999999999997,21.2,10.65,16.22,26.88,31.72,18.37,433.0,0.247,85.0,19.63,21.0,4.85,0.756,0.22,20.07,9.99,16.64,26.63,31.06,17.82,196.0,0.231,54.0,27.55,8.0,4.08,0.692,0.19899999999999998,27.37,13.68,16.75,30.43,29.25,21.43,357.0,0.269,117.0,32.77,14.0,3.92,0.8300000000000001,0.261,30.56,16.38,13.59,29.97,33.29,22.75
747188,2024-06-26,2024,664983,L,657746,R,field_out,False,False,161.0,0.255,28.0,17.39,14.0,8.7,0.736,0.139,20.07,9.37,16.01,25.38,26.47,16.28,230.0,0.255,51.0,22.17,17.0,7.39,0.643,0.072,22.4,11.76,13.9,25.65,32.76,19.39,188.0,0.2,46.0,24.47,7.0,3.72,0.595,0.16099999999999998,24.6,13.03,16.29,29.32,31.83,19.57,315.0,0.222,80.0,25.4,20.0,6.35,0.64,0.1389999999999999,22.74,12.88,14.0,26.88,32.64,17.86
747188,2024-06-26,2024,621043,R,694297,R,field_out,False,False,191.0,0.296,36.0,18.85,19.0,9.95,0.8109999999999999,0.15400000000000003,21.05,9.38,18.9,28.28,27.56,17.48,444.0,0.224,112.0,25.23,42.0,9.46,0.69,0.164,26.37,11.3,19.9,31.19,27.0,21.72,199.0,0.187,53.0,26.63,11.0,5.53,0.589,0.16599999999999998,26.83,13.66,17.38,31.03,29.61,24.88,226.0,0.29,51.0,22.57,10.0,4.42,0.857,0.243,26.58,13.96,15.98,29.94,34.54,19.92
747188,2024-06-26,2024,467793,L,694297,R,walk,False,True,208.0,0.225,30.0,14.42,23.0,11.06,0.712,0.165,22.49,9.63,17.17,26.8,23.65,12.77,460.0,0.231,83.0,18.04,45.0,9.78,0.727,0.1899999999999999,23.76,11.0,14.32,25.31,24.63,16.21,203.0,0.296,33.0,16.26,13.0,6.4,0.805,0.16600000000000004,19.47,9.13,18.26,27.39,27.78,16.02,196.0,0.273,43.0,21.94,16.0,8.16,0.867,0.261,23.08,10.53,17.04,27.57,23.51,19.2
747188,2024-06-26,2024,621439,R,694297,R,single,False,False,153.0,0.246,44.0,28.76,6.0,3.92,0.688,0.14800000000000002,33.86,18.43,12.12,30.55,36.57,22.92,257.0,0.217,80.0,31.13,26.0,10.12,0.767,0.243,29.69,15.03,12.96,27.99,29.53,25.0,199.0,0.187,53.0,26.63,11.0,5.53,0.589,0.16599999999999998,26.83,13.66,17.38,31.03,29.61,24.88,226.0,0.29,51.0,22.57,10.0,4.42,0.857,0.243,26.58,13.96,15.98,29.94,34.54,19.92
747188,2024-06-26,2024,680777,R,694297,R,home_run,False,False,178.0,0.24,34.0,19.1,15.0,8.43,0.8200000000000001,0.247,22.12,10.04,17.82,27.86,29.02,15.42,242.0,0.281,70.0,28.93,19.0,7.85,0.8280000000000001,0.186,29.53,13.79,18.6,32.39,32.19,21.28,199.0,0.187,53.0,26.63,11.0,5.53,0.589,0.16599999999999998,26.83,13.66,17.38,31.03,29.61,24.88,226.0,0.29,51.0,22.57,10.0,4.42,0.857,0.243,26.58,13.96,15.98,29.94,34.54,19.92
747188,2024-06-26,2024,668885,R,656464,R,field_out,False,False,81.0,0.26,15.0,18.52,8.0,9.88,0.7170000000000001,0.124,21.74,9.77,16.29,26.06,15.17,16.48,,,,,,,,,,,,,,,58.0,0.259,7.0,12.07,2.0,3.45,0.643,0.07400000000000001,19.23,9.39,15.49,24.88,26.53,12.73,151.0,0.185,41.0,27.15,13.0,8.61,0.5469999999999999,0.1039999999999999,30.77,14.13,15.57,29.7,28.31,21.24
747188,2024-06-26,2024,650489,L,656464,R,strikeout,True,False,232.0,0.24,54.0,23.28,22.0,9.48,0.746,0.16500000000000004,27.49,13.21,15.34,28.54,29.01,18.56,280.0,0.266,73.0,26.07,23.0,8.21,0.8029999999999999,0.189,28.16,14.39,15.31,29.7,34.97,21.1,70.0,0.25,17.0,24.29,5.0,7.14,0.706,0.15600000000000003,25.0,12.2,14.58,26.78,32.7,16.33,104.0,0.176,29.0,27.88,11.0,10.58,0.5549999999999999,0.1099999999999999,31.73,15.1,13.73,28.83,30.34,19.58
747188,2024-06-26,2024,553993,R,660896,R,field_out,False,False,215.0,0.195,56.0,26.05,16.0,7.44,0.6160000000000001,0.14700000000000002,30.05,14.06,15.21,29.26,26.04,21.71,537.0,0.227,161.0,29.98,48.0,8.94,0.706,0.167,32.3,14.54,16.91,31.45,23.96,22.87,58.0,0.16,12.0,20.69,5.0,8.62,0.479,0.06,32.08,14.98,16.3,31.28,25.89,16.44,46.0,0.282,12.0,26.09,6.0,13.04,1.058,0.385,25.61,10.55,18.09,28.64,22.02,21.43
747188,2024-06-26,2024,571466,L,660896,R,strikeout,True,False,59.0,0.213,18.0,30.51,11.0,18.64,0.596,0.02100000000000002,24.73,9.75,19.49,29.24,18.42,25.71,106.0,0.191,33.0,31.13,10.0,9.43,0.508,0.043,24.64,11.67,18.08,29.75,29.3,20.75,52.0,0.19,13.0,25.0,8.0,15.38,0.534,0.023999999999999994,30.43,12.96,17.59,30.56,19.63,21.67,29.0,0.125,4.0,13.79,4.0,13.79,0.491,0.125,25.0,9.92,20.66,30.58,27.42,11.76
747188,2024-06-26,2024,672695,L,660896,R,walk,False,True,49.0,0.286,6.0,12.24,5.0,10.2,0.745,0.07100000000000001,11.9,4.9,23.53,28.43,23.71,8.7,424.0,0.246,80.0,18.87,60.0,14.15,0.736,0.128,15.84,6.08,21.64,27.72,16.63,14.68,52.0,0.19,13.0,25.0,8.0,15.38,0.534,0.023999999999999994,30.43,12.96,17.59,30.56,19.63,21.67,29.0,0.125,4.0,13.79,4.0,13.79,0.491,0.125,25.0,9.92,20.66,30.58,27.42,11.76
747188,2024-06-26,2024,682998,L,660896,R,single,False,False,228.0,0.223,38.0,16.67,29.0,12.72,0.66,0.11200000000000002,19.62,8.34,16.8,25.14,24.1,18.54,472.0,0.286,105.0,22.25,46.0,9.75,0.921,0.266,22.34,10.24,16.27,26.51,28.83,21.92,52.0,0.19,13.0,25.0,8.0,15.38,0.534,0.023999999999999994,30.43,12.96,17.59,30.56,19.63,21.67,29.0,0.125,4.0,13.79,4.0,13.79,0.491,0.125,25.0,9.92,20.66,30.58,27.42,11.76
747188,2024-06-26,2024,606466,L,660896,R,single,False,False,219.0,0.26,47.0,21.46,19.0,8.68,0.7210000000000001,0.14100000000000001,23.85,11.26,14.53,25.79,24.03,19.66,452.0,0.259,85.0,18.81,54.0,11.95,0.827,0.2199999999999999,20.87,9.03,16.76,25.8,21.17,17.28,52.0,0.19,13.0,25.0,8.0,15.38,0.534,0.023999999999999994,30.43,12.96,17.59,30.56,19.63,21.67,29.0,0.125,4.0,13.79,4.0,13.79,0.491,0.125,25.0,9.92,20.66,30.58,27.42,11.76
747188,2024-06-26,2024,592626,L,660896,R,field_out,False,False,213.0,0.292,52.0,24.41,23.0,10.8,0.889,0.21400000000000002,24.07,11.05,17.43,28.47,29.45,21.05,373.0,0.241,74.0,19.84,49.0,13.14,0.786,0.194,24.13,10.89,15.07,25.96,29.36,16.09,52.0,0.19,13.0,25.0,8.0,15.38,0.534,0.023999999999999994,30.43,12.96,17.59,30.56,19.63,21.67,29.0,0.125,4.0,13.79,4.0,13.79,0.491,0.125,25.0,9.92,20.66,30.58,27.42,11.76
747188,2024-06-26,2024,663616,L,657044,R,field_out,False,False,159.0,0.248,30.0,18.87,12.0,7.55,0.73,0.18,26.43,12.52,17.6,30.12,29.18,17.68,189.0,0.228,60.0,31.75,25.0,13.23,0.766,0.21,36.25,14.96,16.71,31.67,22.55,25.75,55.0,0.231,7.0,12.73,2.0,3.64,0.567,0.07699999999999999,15.84,8.42,17.89,26.32,36.17,13.73,48.0,0.209,7.0,14.58,1.0,2.08,0.579,0.093,15.85,7.43,18.29,25.71,25.64,16.28
747188,2024-06-26,2024,668904,R,657044,R,field_out,False,False,55.0,0.294,12.0,21.82,4.0,7.27,1.149,0.51,30.84,15.07,13.7,28.77,27.97,18.75,183.0,0.307,43.0,23.5,15.0,8.2,0.962,0.283,27.16,12.8,18.57,31.36,28.0,20.98,66.0,0.231,16.0,24.24,1.0,1.52,0.5800000000000001,0.10700000000000001,23.44,12.45,18.67,31.12,40.95,19.28,73.0,0.169,14.0,19.18,7.0,9.59,0.5980000000000001,0.169,19.13,8.09,20.96,29.04,23.62,20.9
747188,2024-06-26,2024,596146,L,657044,R,field_out,False,False,174.0,0.242,34.0,19.54,13.0,7.47,0.72,0.172,22.61,11.76,11.76,23.53,27.0,17.09,394.0,0.263,84.0,21.32,37.0,9.39,0.8320000000000001,0.2339999999999999,19.92,9.32,15.49,24.81,24.75,18.14,55.0,0.231,7.0,12.73,2.0,3.64,0.567,0.07699999999999999,15.84,8.42,17.89,26.32,36.17,13.73,48.0,0.209,7.0,14.58,1.0,2.08,0.579,0.093,15.85,7.43,18.29,25.71,25.64,16.28
747188,2024-06-26,2024,572233,R,663485,R,field_out,False,False,249.0,0.25,59.0,23.69,25.0,10.04,0.8280000000000001,0.245,26.09,12.73,12.83,25.55,25.46,17.82,497.0,0.259,95.0,19.11,42.0,8.45,0.8009999999999999,0.2129999999999999,26.19,12.83,14.15,26.98,26.84,15.33,90.0,0.217,26.0,28.89,4.0,4.44,0.607,0.12000000000000002,27.65,14.16,17.77,31.93,35.62,24.53,45.0,0.205,10.0,22.22,6.0,13.33,0.619,0.103,26.76,10.98,21.97,32.95,29.89,16.95
747188,2024-06-26,2024,666971,R,663485,R,field_out,False,False,218.0,0.227,45.0,20.64,9.0,4.13,0.614,0.12099999999999997,21.2,10.65,16.22,26.88,31.72,18.37,433.0,0.247,85.0,19.63,21.0,4.85,0.756,0.22,20.07,9.99,16.64,26.63,31.06,17.82,90.0,0.217,26.0,28.89,4.0,4.44,0.607,0.12000000000000002,27.65,14.16,17.77,31.93,35.62,24.53,45.0,0.205,10.0,22.22,6.0,13.33,0.619,0.103,26.76,10.98,21.97,32.95,29.89,16.95
747188,2024-06-26,2024,664983,L,663485,R,field_out,False,False,161.0,0.255,28.0,17.39,14.0,8.7,0.736,0.139,20.07,9.37,16.01,25.38,26.47,16.28,230.0,0.255,51.0,22.17,17.0,7.39,0.643,0.072,22.4,11.76,13.9,25.65,32.76,19.39,57.0,0.271,15.0,26.32,3.0,5.26,0.75,0.14599999999999996,19.82,9.24,15.97,25.21,28.46,18.07,54.0,0.261,11.0,20.37,8.0,14.81,0.913,0.282,14.68,6.67,15.0,21.67,17.95,12.79
747188,2024-06-26,2024,621043,R,623149,R,field_out,False,False,191.0,0.296,36.0,18.85,19.0,9.95,0.8109999999999999,0.15400000000000003,21.05,9.38,18.9,28.28,27.56,17.48,444.0,0.224,112.0,25.23,42.0,9.46,0.69,0.164,26.37,11.3,19.9,31.19,27.0,21.72,28.0,0.115,7.0,25.0,0.0,0.0,0.448,0.15400000000000003,25.76,15.04,15.04,30.09,18.42,17.5,129.0,0.214,41.0,31.78,9.0,6.98,0.6060000000000001,0.119,29.35,15.31,15.5,30.81,33.61,22.65
747188,2024-06-26,2024,467793,L,623149,R,field_out,False,False,208.0,0.225,30.0,14.42,23.0,11.06,0.712,0.165,22.49,9.63,17.17,26.8,23.65,12.77,460.0,0.231,83.0,18.04,45.0,9.78,0.727,0.1899999999999999,23.76,11.0,14.32,25.31,24.63,16.21,25.0,0.091,5.0,20.0,3.0,12.0,0.29100000000000004,0.0,16.28,7.78,14.44,22.22,20.0,20.0,120.0,0.202,39.0,32.5,15.0,12.5,0.6779999999999999,0.173,29.17,13.65,18.13,31.77,23.77,22.29
747188,2024-06-26,2024,621439,R,623149,R,double,False,False,153.0,0.246,44.0,28.76,6.0,3.92,0.688,0.14800000000000002,33.86,18.43,12.12,30.55,36.57,22.92,257.0,0.217,80.0,31.13,26.0,10.12,0.767,0.243,29.69,15.03,12.96,27.99,29.53,25.0,28.0,0.115,7.0,25.0,0.0,0.0,0.448,0.15400000000000003,25.76,15.04,15.04,30.09,18.42,17.5,129.0,0.214,41.0,31.78,9.0,6.98,0.6060000000000001,0.119,29.35,15.31,15.5,30.81,33.61,22.65
747188,2024-06-26,2024,680777,R,623149,R,field_out,False,False,178.0,0.24,34.0,19.1,15.0,8.43,0.8200000000000001,0.247,22.12,10.04,17.82,27.86,29.02,15.42,242.0,0.281,70.0,28.93,19.0,7.85,0.8280000000000001,0.186,29.53,13.79,18.6,32.39,32.19,21.28,28.0,0.115,7.0,25.0,0.0,0.0,0.448,0.15400000000000003,25.76,15.04,15.04,30.09,18.42,17.5,129.0,0.214,41.0,31.78,9.0,6.98,0.6060000000000001,0.119,29.35,15.31,15.5,30.81,33.61,22.65
745158,2024-06-26,2024,672284,L,669461,L,single,False,False,37.0,0.25,11.0,29.73,0.0,0.0,0.604,0.11099999999999999,33.8,19.05,16.67,35.71,38.33,27.5,92.0,0.259,27.0,29.35,7.0,7.61,0.774,0.2,27.91,12.83,16.31,29.14,26.49,24.55,54.0,0.135,11.0,20.37,2.0,3.7,0.379,0.07699999999999999,29.29,14.01,16.43,30.43,23.4,18.97,55.0,0.163,9.0,16.36,1.0,1.82,0.522,0.1229999999999999,16.67,7.21,16.83,24.04,19.19,15.25
745158,2024-06-26,2024,645277,R,669461,L,field_out,False,False,83.0,0.346,10.0,12.05,1.0,1.2,0.904,0.19700000000000006,19.33,11.03,9.13,20.15,32.12,20.0,133.0,0.391,18.0,13.53,4.0,3.01,1.023,0.2259999999999999,19.5,11.51,10.25,21.76,42.91,12.77,100.0,0.31,17.0,17.0,13.0,13.0,0.9420000000000001,0.23800000000000004,23.04,12.27,10.7,22.98,28.26,15.32,220.0,0.302,37.0,16.82,24.0,10.91,0.861,0.182,19.22,8.65,16.02,24.68,24.94,17.29
745158,2024-06-26,2024,542303,R,669461,L,field_out,False,False,95.0,0.346,23.0,24.21,14.0,14.74,0.948,0.16000000000000003,31.86,15.4,11.85,27.25,25.11,15.54,139.0,0.278,25.0,17.99,13.0,9.35,0.98,0.357,22.56,11.13,13.17,24.3,30.63,15.53,100.0,0.31,17.0,17.0,13.0,13.0,0.9420000000000001,0.23800000000000004,23.04,12.27,10.7,22.98,28.26,15.32,220.0,0.302,37.0,16.82,24.0,10.91,0.861,0.182,19.22,8.65,16.02,24.68,24.94,17.29
745158,2024-06-26,2024,691026,R,693821,R,field_out,False,False,178.0,0.319,31.0,17.42,12.0,6.74,0.764,0.08700000000000002,16.38,7.73,18.18,25.92,30.48,13.48,100.0,0.161,19.0,19.0,9.0,9.0,0.478,0.0799999999999999,21.56,9.11,22.03,31.14,24.87,14.88,47.0,0.302,13.0,27.66,4.0,8.51,0.7809999999999999,0.11699999999999999,30.77,13.04,17.93,30.98,30.84,25.0,352.0,0.248,73.0,20.74,27.0,7.67,0.7,0.136,27.13,12.95,16.81,29.77,32.11,17.3
745158,2024-06-26,2024,676475,L,693821,R,field_out,False,False,185.0,0.322,28.0,15.14,8.0,4.32,0.882,0.201,19.68,11.18,11.79,22.97,34.46,15.82,318.0,0.243,39.0,12.26,21.0,6.6,0.698,0.156,17.66,9.16,14.01,23.17,33.05,13.13,66.0,0.386,6.0,9.09,7.0,10.61,1.0659999999999998,0.20999999999999996,14.29,6.33,16.46,22.78,24.17,11.11,381.0,0.241,55.0,14.44,36.0,9.45,0.7130000000000001,0.155,20.12,9.0,16.18,25.19,25.32,15.15
745158,2024-06-26,2024,575929,R,693821,R,strikeout,True,False,103.0,0.264,31.0,30.1,13.0,12.62,0.873,0.22999999999999998,35.89,19.18,12.79,31.97,32.99,22.56,373.0,0.253,81.0,21.72,38.0,10.19,0.7989999999999999,0.191,29.54,13.96,15.04,29.0,30.33,18.49,47.0,0.302,13.0,27.66,4.0,8.51,0.7809999999999999,0.11699999999999999,30.77,13.04,17.93,30.98,30.84,25.0,352.0,0.248,73.0,20.74,27.0,7.67,0.7,0.136,27.13,12.95,16.81,29.77,32.11,17.3
745158,2024-06-26,2024,621566,L,669461,L,field_out,False,False,103.0,0.277,25.0,24.27,5.0,4.85,0.883,0.276,26.09,12.83,14.49,27.32,28.64,16.89,182.0,0.252,52.0,28.57,14.0,7.69,0.7989999999999999,0.239,31.07,15.01,14.87,29.88,27.47,21.94,54.0,0.135,11.0,20.37,2.0,3.7,0.379,0.07699999999999999,29.29,14.01,16.43,30.43,23.4,18.97,55.0,0.163,9.0,16.36,1.0,1.82,0.522,0.1229999999999999,16.67,7.21,16.83,24.04,19.19,15.25
745158,2024-06-26,2024,663586,R,669461,L,walk,False,True,80.0,0.211,16.0,20.0,8.0,10.0,0.6799999999999999,0.169,25.0,12.8,10.03,22.84,25.34,21.05,149.0,0.289,35.0,23.49,17.0,11.41,0.94,0.289,28.03,13.64,12.46,26.09,26.11,18.72,100.0,0.31,17.0,17.0,13.0,13.0,0.9420000000000001,0.23800000000000004,23.04,12.27,10.7,22.98,28.26,15.32,220.0,0.302,37.0,16.82,24.0,10.91,0.861,0.182,19.22,8.65,16.02,24.68,24.94,17.29
745158,2024-06-26,2024,518595,R,669461,L,field_out,False,False,43.0,0.308,9.0,20.93,2.0,4.65,1.016,0.35900000000000004,28.57,15.85,9.76,25.61,30.12,16.67,66.0,0.263,17.0,25.76,9.0,13.64,0.7849999999999999,0.1579999999999999,33.33,16.36,10.91,27.27,23.57,19.1,100.0,0.31,17.0,17.0,13.0,13.0,0.9420000000000001,0.23800000000000004,23.04,12.27,10.7,22.98,28.26,15.32,220.0,0.302,37.0,16.82,24.0,10.91,0.861,0.182,19.22,8.65,16.02,24.68,24.94,17.29
745158,2024-06-26,2024,594807,R,669461,L,strikeout,True,False,91.0,0.263,16.0,17.58,12.0,13.19,0.9,0.263,20.62,9.35,17.28,26.63,23.66,14.16,93.0,0.244,34.0,36.56,4.0,4.3,0.757,0.2329999999999999,34.95,18.31,16.34,34.65,37.97,29.82,100.0,0.31,17.0,17.0,13.0,13.0,0.9420000000000001,0.23800000000000004,23.04,12.27,10.7,22.98,28.26,15.32,220.0,0.302,37.0,16.82,24.0,10.91,0.861,0.182,19.22,8.65,16.02,24.68,24.94,17.29
745158,2024-06-26,2024,502671,R,693821,R,field_out,False,False,240.0,0.215,79.0,32.92,19.0,7.92,0.645,0.15,29.65,14.12,18.7,32.81,30.83,20.98,518.0,0.259,120.0,23.17,67.0,12.93,0.8049999999999999,0.187,27.85,12.3,17.85,30.16,25.85,17.44,47.0,0.302,13.0,27.66,4.0,8.51,0.7809999999999999,0.11699999999999999,30.77,13.04,17.93,30.98,30.84,25.0,352.0,0.248,73.0,20.74,27.0,7.67,0.7,0.136,27.13,12.95,16.81,29.77,32.11,17.3
745158,2024-06-26,2024,680977,L,693821,R,field_out,False,False,220.0,0.269,35.0,15.91,16.0,7.27,0.788,0.178,16.1,6.67,20.37,27.05,22.97,14.4,309.0,0.294,43.0,13.92,27.0,8.74,0.831,0.166,14.96,6.32,19.2,25.52,22.53,13.27,66.0,0.386,6.0,9.09,7.0,10.61,1.0659999999999998,0.20999999999999996,14.29,6.33,16.46,22.78,24.17,11.11,381.0,0.241,55.0,14.44,36.0,9.45,0.7130000000000001,0.155,20.12,9.0,16.18,25.19,25.32,15.15
745158,2024-06-26,2024,571448,R,693821,R,field_out,False,False,233.0,0.275,44.0,18.88,20.0,8.58,0.734,0.11599999999999999,21.76,9.54,20.36,29.9,29.94,16.24,468.0,0.28,81.0,17.31,31.0,6.62,0.8089999999999999,0.2009999999999999,20.4,9.71,17.28,26.99,33.33,16.43,47.0,0.302,13.0,27.66,4.0,8.51,0.7809999999999999,0.11699999999999999,30.77,13.04,17.93,30.98,30.84,25.0,352.0,0.248,73.0,20.74,27.0,7.67,0.7,0.136,27.13,12.95,16.81,29.77,32.11,17.3
745158,2024-06-26,2024,657656,R,669461,L,strikeout,True,False,45.0,0.256,17.0,37.78,0.0,0.0,0.755,0.23199999999999998,37.36,19.21,15.82,35.03,28.57,26.15,138.0,0.27,36.0,26.09,10.0,7.25,0.793,0.19,27.13,12.7,16.7,29.4,21.07,20.34,100.0,0.31,17.0,17.0,13.0,13.0,0.9420000000000001,0.23800000000000004,23.04,12.27,10.7,22.98,28.26,15.32,220.0,0.302,37.0,16.82,24.0,10.91,0.861,0.182,19.22,8.65,16.02,24.68,24.94,17.29
745158,2024-06-26,2024,663897,R,669461,L,field_out,False,False,1.0,,0.0,0.0,0.0,0.0,,,,0.0,50.0,50.0,0.0,,3.0,0.0,1.0,33.33,0.0,0.0,0.0,0.0,50.0,30.0,20.0,50.0,33.33,25.0,100.0,0.31,17.0,17.0,13.0,13.0,0.9420000000000001,0.23800000000000004,23.04,12.27,10.7,22.98,28.26,15.32,220.0,0.302,37.0,16.82,24.0,10.91,0.861,0.182,19.22,8.65,16.02,24.68,24.94,17.29
745158,2024-06-26,2024,672284,L,669461,L,single,False,False,37.0,0.25,11.0,29.73,0.0,0.0,0.604,0.11099999999999999,33.8,19.05,16.67,35.71,38.33,27.5,92.0,0.259,27.0,29.35,7.0,7.61,0.774,0.2,27.91,12.83,16.31,29.14,26.49,24.55,54.0,0.135,11.0,20.37,2.0,3.7,0.379,0.07699999999999999,29.29,14.01,16.43,30.43,23.4,18.97,55.0,0.163,9.0,16.36,1.0,1.82,0.522,0.1229999999999999,16.67,7.21,16.83,24.04,19.19,15.25
745158,2024-06-26,2024,645277,R,669461,L,field_out,False,False,83.0,0.346,10.0,12.05,1.0,1.2,0.904,0.19700000000000006,19.33,11.03,9.13,20.15,32.12,20.0,133.0,0.391,18.0,13.53,4.0,3.01,1.023,0.2259999999999999,19.5,11.51,10.25,21.76,42.91,12.77,100.0,0.31,17.0,17.0,13.0,13.0,0.9420000000000001,0.23800000000000004,23.04,12.27,10.7,22.98,28.26,15.32,220.0,0.302,37.0,16.82,24.0,10.91,0.861,0.182,19.22,8.65,16.02,24.68,24.94,17.29
745158,2024-06-26,2024,669357,L,693821,R,strikeout,True,False,199.0,0.205,71.0,35.68,19.0,9.55,0.726,0.23800000000000002,39.69,19.6,14.57,34.17,29.66,27.95,378.0,0.231,124.0,32.8,42.0,11.11,0.7969999999999999,0.2459999999999999,35.96,17.73,12.12,29.85,28.13,25.15,66.0,0.386,6.0,9.09,7.0,10.61,1.0659999999999998,0.20999999999999996,14.29,6.33,16.46,22.78,24.17,11.11,381.0,0.241,55.0,14.44,36.0,9.45,0.7130000000000001,0.155,20.12,9.0,16.18,25.19,25.32,15.15
745158,2024-06-26,2024,686780,R,693821,R,field_out,False,False,44.0,0.158,14.0,31.82,5.0,11.36,0.5660000000000001,0.158,22.47,11.05,20.44,31.49,35.56,22.58,,,,,,,,,,,,,,,47.0,0.302,13.0,27.66,4.0,8.51,0.7809999999999999,0.11699999999999999,30.77,13.04,17.93,30.98,30.84,25.0,352.0,0.248,73.0,20.74,27.0,7.67,0.7,0.136,27.13,12.95,16.81,29.77,32.11,17.3
745158,2024-06-26,2024,672279,L,693821,R,single,False,False,111.0,0.257,29.0,26.13,5.0,4.5,0.627,0.08000000000000002,28.43,14.15,18.54,32.68,30.22,24.37,3.0,0.0,1.0,33.33,0.0,0.0,0.0,0.0,40.0,14.29,21.43,35.71,0.0,50.0,66.0,0.386,6.0,9.09,7.0,10.61,1.0659999999999998,0.20999999999999996,14.29,6.33,16.46,22.78,24.17,11.11,381.0,0.241,55.0,14.44,36.0,9.45,0.7130000000000001,0.155,20.12,9.0,16.18,25.19,25.32,15.15
745158,2024-06-26,2024,691026,R,693821,R,single,False,False,178.0,0.319,31.0,17.42,12.0,6.74,0.764,0.08700000000000002,16.38,7.73,18.18,25.92,30.48,13.48,100.0,0.161,19.0,19.0,9.0,9.0,0.478,0.0799999999999999,21.56,9.11,22.03,31.14,24.87,14.88,47.0,0.302,13.0,27.66,4.0,8.51,0.7809999999999999,0.11699999999999999,30.77,13.04,17.93,30.98,30.84,25.0,352.0,0.248,73.0,20.74,27.0,7.67,0.7,0.136,27.13,12.95,16.81,29.77,32.11,17.3
745158,2024-06-26,2024,676475,L,693821,R,double,False,False,185.0,0.322,28.0,15.14,8.0,4.32,0.882,0.201,19.68,11.18,11.79,22.97,34.46,15.82,318.0,0.243,39.0,12.26,21.0,6.6,0.698,0.156,17.66,9.16,14.01,23.17,33.05,13.13,66.0,0.386,6.0,9.09,7.0,10.61,1.0659999999999998,0.20999999999999996,14.29,6.33,16.46,22.78,24.17,11.11,381.0,0.241,55.0,14.44,36.0,9.45,0.7130000000000001,0.155,20.12,9.0,16.18,25.19,25.32,15.15
745158,2024-06-26,2024,575929,R,693821,R,field_out,False,False,103.0,0.264,31.0,30.1,13.0,12.62,0.873,0.22999999999999998,35.89,19.18,12.79,31.97,32.99,22.56,373.0,0.253,81.0,21.72,38.0,10.19,0.7989999999999999,0.191,29.54,13.96,15.04,29.0,30.33,18.49,47.0,0.302,13.0,27.66,4.0,8.51,0.7809999999999999,0.11699999999999999,30.77,13.04,17.93,30.98,30.84,25.0,352.0,0.248,73.0,20.74,27.0,7.67,0.7,0.136,27.13,12.95,16.81,29.77,32.11,17.3
745158,2024-06-26,2024,542303,R,669461,L,strikeout,True,False,95.0,0.346,23.0,24.21,14.0,14.74,0.948,0.16000000000000003,31.86,15.4,11.85,27.25,25.11,15.54,139.0,0.278,25.0,17.99,13.0,9.35,0.98,0.357,22.56,11.13,13.17,24.3,30.63,15.53,100.0,0.31,17.0,17.0,13.0,13.0,0.9420000000000001,0.23800000000000004,23.04,12.27,10.7,22.98,28.26,15.32,220.0,0.302,37.0,16.82,24.0,10.91,0.861,0.182,19.22,8.65,16.02,24.68,24.94,17.29
745158,2024-06-26,2024,621566,L,669461,L,strikeout,True,False,103.0,0.277,25.0,24.27,5.0,4.85,0.883,0.276,26.09,12.83,14.49,27.32,28.64,16.89,182.0,0.252,52.0,28.57,14.0,7.69,0.7989999999999999,0.239,31.07,15.01,14.87,29.88,27.47,21.94,54.0,0.135,11.0,20.37,2.0,3.7,0.379,0.07699999999999999,29.29,14.01,16.43,30.43,23.4,18.97,55.0,0.163,9.0,16.36,1.0,1.82,0.522,0.1229999999999999,16.67,7.21,16.83,24.04,19.19,15.25
745158,2024-06-26,2024,663586,R,669461,L,field_out,False,False,80.0,0.211,16.0,20.0,8.0,10.0,0.6799999999999999,0.169,25.0,12.8,10.03,22.84,25.34,21.05,149.0,0.289,35.0,23.49,17.0,11.41,0.94,0.289,28.03,13.64,12.46,26.09,26.11,18.72,100.0,0.31,17.0,17.0,13.0,13.0,0.9420000000000001,0.23800000000000004,23.04,12.27,10.7,22.98,28.26,15.32,220.0,0.302,37.0,16.82,24.0,10.91,0.861,0.182,19.22,8.65,16.02,24.68,24.94,17.29
745158,2024-06-26,2024,502671,R,693821,R,field_out,False,False,240.0,0.215,79.0,32.92,19.0,7.92,0.645,0.15,29.65,14.12,18.7,32.81,30.83,20.98,518.0,0.259,120.0,23.17,67.0,12.93,0.8049999999999999,0.187,27.85,12.3,17.85,30.16,25.85,17.44,47.0,0.302,13.0,27.66,4.0,8.51,0.7809999999999999,0.11699999999999999,30.77,13.04,17.93,30.98,30.84,25.0,352.0,0.248,73.0,20.74,27.0,7.67,0.7,0.136,27.13,12.95,16.81,29.77,32.11,17.3
745158,2024-06-26,2024,680977,L,693821,R,field_out,False,False,220.0,0.269,35.0,15.91,16.0,7.27,0.788,0.178,16.1,6.67,20.37,27.05,22.97,14.4,309.0,0.294,43.0,13.92,27.0,8.74,0.831,0.166,14.96,6.32,19.2,25.52,22.53,13.27,66.0,0.386,6.0,9.09,7.0,10.61,1.0659999999999998,0.20999999999999996,14.29,6.33,16.46,22.78,24.17,11.11,381.0,0.241,55.0,14.44,36.0,9.45,0.7130000000000001,0.155,20.12,9.0,16.18,25.19,25.32,15.15
745158,2024-06-26,2024,571448,R,693821,R,strikeout,True,False,233.0,0.275,44.0,18.88,20.0,8.58,0.734,0.11599999999999999,21.76,9.54,20.36,29.9,29.94,16.24,468.0,0.28,81.0,17.31,31.0,6.62,0.8089999999999999,0.2009999999999999,20.4,9.71,17.28,26.99,33.33,16.43,47.0,0.302,13.0,27.66,4.0,8.51,0.7809999999999999,0.11699999999999999,30.77,13.04,17.93,30.98,30.84,25.0,352.0,0.248,73.0,20.74,27.0,7.67,0.7,0.136,27.13,12.95,16.81,29.77,32.11,17.3
745158,2024-06-26,2024,518595,R,669461,L,field_out,False,False,43.0,0.308,9.0,20.93,2.0,4.65,1.016,0.35900000000000004,28.57,15.85,9.76,25.61,30.12,16.67,66.0,0.263,17.0,25.76,9.0,13.64,0.7849999999999999,0.1579999999999999,33.33,16.36,10.91,27.27,23.57,19.1,100.0,0.31,17.0,17.0,13.0,13.0,0.9420000000000001,0.23800000000000004,23.04,12.27,10.7,22.98,28.26,15.32,220.0,0.302,37.0,16.82,24.0,10.91,0.861,0.182,19.22,8.65,16.02,24.68,24.94,17.29
745158,2024-06-26,2024,594807,R,669461,L,strikeout,True,False,91.0,0.263,16.0,17.58,12.0,13.19,0.9,0.263,20.62,9.35,17.28,26.63,23.66,14.16,93.0,0.244,34.0,36.56,4.0,4.3,0.757,0.2329999999999999,34.95,18.31,16.34,34.65,37.97,29.82,100.0,0.31,17.0,17.0,13.0,13.0,0.9420000000000001,0.23800000000000004,23.04,12.27,10.7,22.98,28.26,15.32,220.0,0.302,37.0,16.82,24.0,10.91,0.861,0.182,19.22,8.65,16.02,24.68,24.94,17.29
745158,2024-06-26,2024,657656,R,669461,L,field_out,False,False,45.0,0.256,17.0,37.78,0.0,0.0,0.755,0.23199999999999998,37.36,19.21,15.82,35.03,28.57,26.15,138.0,0.27,36.0,26.09,10.0,7.25,0.793,0.19,27.13,12.7,16.7,29.4,21.07,20.34,100.0,0.31,17.0,17.0,13.0,13.0,0.9420000000000001,0.23800000000000004,23.04,12.27,10.7,22.98,28.26,15.32,220.0,0.302,37.0,16.82,24.0,10.91,0.861,0.182,19.22,8.65,16.02,24.68,24.94,17.29
745158,2024-06-26,2024,669357,L,693821,R,strikeout,True,False,199.0,0.205,71.0,35.68,19.0,9.55,0.726,0.23800000000000002,39.69,19.6,14.57,34.17,29.66,27.95,378.0,0.231,124.0,32.8,42.0,11.11,0.7969999999999999,0.2459999999999999,35.96,17.73,12.12,29.85,28.13,25.15,66.0,0.386,6.0,9.09,7.0,10.61,1.0659999999999998,0.20999999999999996,14.29,6.33,16.46,22.78,24.17,11.11,381.0,0.241,55.0,14.44,36.0,9.45,0.7130000000000001,0.155,20.12,9.0,16.18,25.19,25.32,15.15
745158,2024-06-26,2024,686780,R,693821,R,field_out,False,False,44.0,0.158,14.0,31.82,5.0,11.36,0.5660000000000001,0.158,22.47,11.05,20.44,31.49,35.56,22.58,,,,,,,,,,,,,,,47.0,0.302,13.0,27.66,4.0,8.51,0.7809999999999999,0.11699999999999999,30.77,13.04,17.93,30.98,30.84,25.0,352.0,0.248,73.0,20.74,27.0,7.67,0.7,0.136,27.13,12.95,16.81,29.77,32.11,17.3
745158,2024-06-26,2024,672279,L,693821,R,single,False,False,111.0,0.257,29.0,26.13,5.0,4.5,0.627,0.08000000000000002,28.43,14.15,18.54,32.68,30.22,24.37,3.0,0.0,1.0,33.33,0.0,0.0,0.0,0.0,40.0,14.29,21.43,35.71,0.0,50.0,66.0,0.386,6.0,9.09,7.0,10.61,1.0659999999999998,0.20999999999999996,14.29,6.33,16.46,22.78,24.17,11.11,381.0,0.241,55.0,14.44,36.0,9.45,0.7130000000000001,0.155,20.12,9.0,16.18,25.19,25.32,15.15
745158,2024-06-26,2024,691026,R,693821,R,field_out,False,False,178.0,0.319,31.0,17.42,12.0,6.74,0.764,0.08700000000000002,16.38,7.73,18.18,25.92,30.48,13.48,100.0,0.161,19.0,19.0,9.0,9.0,0.478,0.0799999999999999,21.56,9.11,22.03,31.14,24.87,14.88,47.0,0.302,13.0,27.66,4.0,8.51,0.7809999999999999,0.11699999999999999,30.77,13.04,17.93,30.98,30.84,25.0,352.0,0.248,73.0,20.74,27.0,7.67,0.7,0.136,27.13,12.95,16.81,29.77,32.11,17.3
745158,2024-06-26,2024,663897,R,669461,L,strikeout,True,False,1.0,,0.0,0.0,0.0,0.0,,,,0.0,50.0,50.0,0.0,,3.0,0.0,1.0,33.33,0.0,0.0,0.0,0.0,50.0,30.0,20.0,50.0,33.33,25.0,100.0,0.31,17.0,17.0,13.0,13.0,0.9420000000000001,0.23800000000000004,23.04,12.27,10.7,22.98,28.26,15.32,220.0,0.302,37.0,16.82,24.0,10.91,0.861,0.182,19.22,8.65,16.02,24.68,24.94,17.29
745158,2024-06-26,2024,672284,L,669461,L,strikeout,True,False,37.0,0.25,11.0,29.73,0.0,0.0,0.604,0.11099999999999999,33.8,19.05,16.67,35.71,38.33,27.5,92.0,0.259,27.0,29.35,7.0,7.61,0.774,0.2,27.91,12.83,16.31,29.14,26.49,24.55,54.0,0.135,11.0,20.37,2.0,3.7,0.379,0.07699999999999999,29.29,14.01,16.43,30.43,23.4,18.97,55.0,0.163,9.0,16.36,1.0,1.82,0.522,0.1229999999999999,16.67,7.21,16.83,24.04,19.19,15.25
745158,2024-06-26,2024,645277,R,669461,L,strikeout,True,False,83.0,0.346,10.0,12.05,1.0,1.2,0.904,0.19700000000000006,19.33,11.03,9.13,20.15,32.12,20.0,133.0,0.391,18.0,13.53,4.0,3.01,1.023,0.2259999999999999,19.5,11.51,10.25,21.76,42.91,12.77,100.0,0.31,17.0,17.0,13.0,13.0,0.9420000000000001,0.23800000000000004,23.04,12.27,10.7,22.98,28.26,15.32,220.0,0.302,37.0,16.82,24.0,10.91,0.861,0.182,19.22,8.65,16.02,24.68,24.94,17.29
745158,2024-06-26,2024,676475,L,693821,R,field_out,False,False,185.0,0.322,28.0,15.14,8.0,4.32,0.882,0.201,19.68,11.18,11.79,22.97,34.46,15.82,318.0,0.243,39.0,12.26,21.0,6.6,0.698,0.156,17.66,9.16,14.01,23.17,33.05,13.13,66.0,0.386,6.0,9.09,7.0,10.61,1.0659999999999998,0.20999999999999996,14.29,6.33,16.46,22.78,24.17,11.11,381.0,0.241,55.0,14.44,36.0,9.45,0.7130000000000001,0.155,20.12,9.0,16.18,25.19,25.32,15.15
745158,2024-06-26,2024,575929,R,693821,R,field_out,False,False,103.0,0.264,31.0,30.1,13.0,12.62,0.873,0.22999999999999998,35.89,19.18,12.79,31.97,32.99,22.56,373.0,0.253,81.0,21.72,38.0,10.19,0.7989999999999999,0.191,29.54,13.96,15.04,29.0,30.33,18.49,47.0,0.302,13.0,27.66,4.0,8.51,0.7809999999999999,0.11699999999999999,30.77,13.04,17.93,30.98,30.84,25.0,352.0,0.248,73.0,20.74,27.0,7.67,0.7,0.136,27.13,12.95,16.81,29.77,32.11,17.3
745158,2024-06-26,2024,502671,R,693821,R,field_out,False,False,240.0,0.215,79.0,32.92,19.0,7.92,0.645,0.15,29.65,14.12,18.7,32.81,30.83,20.98,518.0,0.259,120.0,23.17,67.0,12.93,0.8049999999999999,0.187,27.85,12.3,17.85,30.16,25.85,17.44,47.0,0.302,13.0,27.66,4.0,8.51,0.7809999999999999,0.11699999999999999,30.77,13.04,17.93,30.98,30.84,25.0,352.0,0.248,73.0,20.74,27.0,7.67,0.7,0.136,27.13,12.95,16.81,29.77,32.11,17.3
745158,2024-06-26,2024,542303,R,688297,R,field_out,False,False,227.0,0.302,48.0,21.15,22.0,9.69,0.999,0.327,31.02,14.96,12.72,27.68,26.8,18.82,453.0,0.272,109.0,24.06,44.0,9.71,0.882,0.263,27.95,13.42,14.78,28.21,29.59,18.63,39.0,0.189,8.0,20.51,2.0,5.13,0.501,0.08100000000000002,20.97,10.16,21.88,32.03,35.0,18.6,,,,,,,,,,,,,,
745158,2024-06-26,2024,621566,L,688297,R,strikeout,True,False,216.0,0.232,57.0,26.39,23.0,10.65,0.714,0.163,28.06,13.8,11.72,25.52,28.63,17.45,540.0,0.294,115.0,21.3,90.0,16.67,1.061,0.351,27.51,12.57,12.32,24.89,25.66,14.92,27.0,0.4,5.0,18.52,6.0,22.22,1.1560000000000001,0.19999999999999996,27.12,12.4,12.4,24.81,26.39,10.42,,,,,,,,,,,,,,
745158,2024-06-26,2024,663586,R,688297,R,strikeout,True,False,189.0,0.267,46.0,24.34,14.0,7.41,0.772,0.175,29.92,15.3,12.89,28.19,28.42,18.07,566.0,0.28,137.0,24.2,42.0,7.42,0.841,0.2199999999999999,27.71,13.25,15.53,28.77,27.7,18.53,39.0,0.189,8.0,20.51,2.0,5.13,0.501,0.08100000000000002,20.97,10.16,21.88,32.03,35.0,18.6,,,,,,,,,,,,,,
745158,2024-06-26,2024,680977,L,656550,R,single,False,False,220.0,0.269,35.0,15.91,16.0,7.27,0.788,0.178,16.1,6.67,20.37,27.05,22.97,14.4,309.0,0.294,43.0,13.92,27.0,8.74,0.831,0.166,14.96,6.32,19.2,25.52,22.53,13.27,6.0,0.167,1.0,16.67,0.0,0.0,0.334,0.0,14.29,4.76,23.81,28.57,8.33,50.0,,,,,,,,,,,,,,
745158,2024-06-26,2024,571448,R,656550,R,field_out,False,False,233.0,0.275,44.0,18.88,20.0,8.58,0.734,0.11599999999999999,21.76,9.54,20.36,29.9,29.94,16.24,468.0,0.28,81.0,17.31,31.0,6.62,0.8089999999999999,0.2009999999999999,20.4,9.71,17.28,26.99,33.33,16.43,9.0,0.222,2.0,22.22,0.0,0.0,0.444,0.0,44.44,29.63,11.11,40.74,54.55,28.57,,,,,,,,,,,,,,
745158,2024-06-26,2024,669357,L,656550,R,walk,False,True,199.0,0.205,71.0,35.68,19.0,9.55,0.726,0.23800000000000002,39.69,19.6,14.57,34.17,29.66,27.95,378.0,0.231,124.0,32.8,42.0,11.11,0.7969999999999999,0.2459999999999999,35.96,17.73,12.12,29.85,28.13,25.15,6.0,0.167,1.0,16.67,0.0,0.0,0.334,0.0,14.29,4.76,23.81,28.57,8.33,50.0,,,,,,,,,,,,,,
745158,2024-06-26,2024,686780,R,656550,R,strikeout,True,False,44.0,0.158,14.0,31.82,5.0,11.36,0.5660000000000001,0.158,22.47,11.05,20.44,31.49,35.56,22.58,,,,,,,,,,,,,,,9.0,0.222,2.0,22.22,0.0,0.0,0.444,0.0,44.44,29.63,11.11,40.74,54.55,28.57,,,,,,,,,,,,,,
745158,2024-06-26,2024,672279,L,656550,R,field_out,False,False,111.0,0.257,29.0,26.13,5.0,4.5,0.627,0.08000000000000002,28.43,14.15,18.54,32.68,30.22,24.37,3.0,0.0,1.0,33.33,0.0,0.0,0.0,0.0,40.0,14.29,21.43,35.71,0.0,50.0,6.0,0.167,1.0,16.67,0.0,0.0,0.334,0.0,14.29,4.76,23.81,28.57,8.33,50.0,,,,,,,,,,,,,,
745158,2024-06-26,2024,518595,R,552640,R,field_out,False,False,129.0,0.219,29.0,22.48,10.0,7.75,0.69,0.17600000000000002,33.74,16.67,15.24,31.91,26.91,21.48,226.0,0.214,50.0,22.12,12.0,5.31,0.655,0.176,27.19,14.35,12.93,27.28,28.43,19.61,93.0,0.202,18.0,19.35,6.0,6.45,0.583,0.131,24.19,13.39,13.99,27.38,40.7,18.37,31.0,0.333,7.0,22.58,0.0,0.0,0.788,0.0999999999999999,20.0,11.21,15.89,27.1,40.0,22.58
745158,2024-06-26,2024,594807,R,552640,R,field_out,False,False,99.0,0.095,36.0,36.36,3.0,3.03,0.247,0.021000000000000005,29.89,14.75,19.3,34.05,35.68,30.25,260.0,0.248,76.0,29.23,18.0,6.92,0.863,0.303,29.41,13.69,18.97,32.66,32.68,27.44,93.0,0.202,18.0,19.35,6.0,6.45,0.583,0.131,24.19,13.39,13.99,27.38,40.7,18.37,31.0,0.333,7.0,22.58,0.0,0.0,0.788,0.0999999999999999,20.0,11.21,15.89,27.1,40.0,22.58
745158,2024-06-26,2024,657656,R,552640,R,double,False,False,65.0,0.13,25.0,38.46,7.0,10.77,0.44400000000000006,0.037000000000000005,36.36,15.38,18.46,33.85,23.31,31.65,267.0,0.2,78.0,29.21,23.0,8.61,0.612,0.123,29.9,13.97,16.61,30.58,29.73,21.08,93.0,0.202,18.0,19.35,6.0,6.45,0.583,0.131,24.19,13.39,13.99,27.38,40.7,18.37,31.0,0.333,7.0,22.58,0.0,0.0,0.788,0.0999999999999999,20.0,11.21,15.89,27.1,40.0,22.58
745158,2024-06-26,2024,669221,R,552640,R,single,False,False,49.0,0.222,13.0,26.53,3.0,6.12,0.6639999999999999,0.156,32.18,15.38,19.23,34.62,32.22,25.0,337.0,0.245,77.0,22.85,37.0,10.98,0.832,0.2309999999999999,26.79,12.43,15.15,27.58,22.74,18.97,93.0,0.202,18.0,19.35,6.0,6.45,0.583,0.131,24.19,13.39,13.99,27.38,40.7,18.37,31.0,0.333,7.0,22.58,0.0,0.0,0.788,0.0999999999999999,20.0,11.21,15.89,27.1,40.0,22.58
745158,2024-06-26,2024,672284,L,668941,L,single,False,False,37.0,0.25,11.0,29.73,0.0,0.0,0.604,0.11099999999999999,33.8,19.05,16.67,35.71,38.33,27.5,92.0,0.259,27.0,29.35,7.0,7.61,0.774,0.2,27.91,12.83,16.31,29.14,26.49,24.55,45.0,0.146,16.0,35.56,3.0,6.67,0.368,0.0,38.96,15.96,21.81,37.77,28.12,25.81,42.0,0.105,12.0,28.57,3.0,7.14,0.276,0.0,35.82,14.29,23.21,37.5,22.67,23.53
745158,2024-06-26,2024,645277,R,668941,L,field_out,False,False,83.0,0.346,10.0,12.05,1.0,1.2,0.904,0.19700000000000006,19.33,11.03,9.13,20.15,32.12,20.0,133.0,0.391,18.0,13.53,4.0,3.01,1.023,0.2259999999999999,19.5,11.51,10.25,21.76,42.91,12.77,92.0,0.241,17.0,18.48,4.0,4.35,0.735,0.20500000000000002,22.7,11.01,17.26,28.27,28.4,18.09,106.0,0.26,30.0,28.3,7.0,6.6,0.6890000000000001,0.1149999999999999,36.41,18.59,17.02,35.6,31.89,28.04
745158,2024-06-26,2024,691026,R,656550,R,field_out,False,False,178.0,0.319,31.0,17.42,12.0,6.74,0.764,0.08700000000000002,16.38,7.73,18.18,25.92,30.48,13.48,100.0,0.161,19.0,19.0,9.0,9.0,0.478,0.0799999999999999,21.56,9.11,22.03,31.14,24.87,14.88,9.0,0.222,2.0,22.22,0.0,0.0,0.444,0.0,44.44,29.63,11.11,40.74,54.55,28.57,,,,,,,,,,,,,,
745158,2024-06-26,2024,676475,L,656550,R,double,False,False,185.0,0.322,28.0,15.14,8.0,4.32,0.882,0.201,19.68,11.18,11.79,22.97,34.46,15.82,318.0,0.243,39.0,12.26,21.0,6.6,0.698,0.156,17.66,9.16,14.01,23.17,33.05,13.13,6.0,0.167,1.0,16.67,0.0,0.0,0.334,0.0,14.29,4.76,23.81,28.57,8.33,50.0,,,,,,,,,,,,,,
745158,2024-06-26,2024,575929,R,656550,R,strikeout,True,False,103.0,0.264,31.0,30.1,13.0,12.62,0.873,0.22999999999999998,35.89,19.18,12.79,31.97,32.99,22.56,373.0,0.253,81.0,21.72,38.0,10.19,0.7989999999999999,0.191,29.54,13.96,15.04,29.0,30.33,18.49,9.0,0.222,2.0,22.22,0.0,0.0,0.444,0.0,44.44,29.63,11.11,40.74,54.55,28.57,,,,,,,,,,,,,,
745158,2024-06-26,2024,502671,R,656550,R,single,False,False,240.0,0.215,79.0,32.92,19.0,7.92,0.645,0.15,29.65,14.12,18.7,32.81,30.83,20.98,518.0,0.259,120.0,23.17,67.0,12.93,0.8049999999999999,0.187,27.85,12.3,17.85,30.16,25.85,17.44,9.0,0.222,2.0,22.22,0.0,0.0,0.444,0.0,44.44,29.63,11.11,40.74,54.55,28.57,,,,,,,,,,,,,,
745158,2024-06-26,2024,680977,L,656550,R,single,False,False,220.0,0.269,35.0,15.91,16.0,7.27,0.788,0.178,16.1,6.67,20.37,27.05,22.97,14.4,309.0,0.294,43.0,13.92,27.0,8.74,0.831,0.166,14.96,6.32,19.2,25.52,22.53,13.27,6.0,0.167,1.0,16.67,0.0,0.0,0.334,0.0,14.29,4.76,23.81,28.57,8.33,50.0,,,,,,,,,,,,,,
745158,2024-06-26,2024,571448,R,656550,R,field_out,False,False,233.0,0.275,44.0,18.88,20.0,8.58,0.734,0.11599999999999999,21.76,9.54,20.36,29.9,29.94,16.24,468.0,0.28,81.0,17.31,31.0,6.62,0.8089999999999999,0.2009999999999999,20.4,9.71,17.28,26.99,33.33,16.43,9.0,0.222,2.0,22.22,0.0,0.0,0.444,0.0,44.44,29.63,11.11,40.74,54.55,28.57,,,,,,,,,,,,,,
745158,2024-06-26,2024,542303,R,664854,R,field_out,False,False,227.0,0.302,48.0,21.15,22.0,9.69,0.999,0.327,31.02,14.96,12.72,27.68,26.8,18.82,453.0,0.272,109.0,24.06,44.0,9.71,0.882,0.263,27.95,13.42,14.78,28.21,29.59,18.63,79.0,0.229,23.0,29.11,7.0,8.86,0.577,0.05699999999999997,40.4,21.63,13.83,35.46,32.33,31.51,80.0,0.134,30.0,37.5,10.0,12.5,0.402,0.03,37.93,19.76,13.17,32.93,33.13,27.27
745158,2024-06-26,2024,621566,L,664854,R,walk,False,True,216.0,0.232,57.0,26.39,23.0,10.65,0.714,0.163,28.06,13.8,11.72,25.52,28.63,17.45,540.0,0.294,115.0,21.3,90.0,16.67,1.061,0.351,27.51,12.57,12.32,24.89,25.66,14.92,68.0,0.207,19.0,27.94,8.0,11.76,0.5529999999999999,0.05200000000000002,31.9,15.74,17.02,32.77,26.53,26.39,66.0,0.224,22.0,33.33,7.0,10.61,0.6970000000000001,0.155,31.01,14.44,15.88,30.32,30.28,23.91
745158,2024-06-26,2024,663586,R,664854,R,single,False,False,189.0,0.267,46.0,24.34,14.0,7.41,0.772,0.175,29.92,15.3,12.89,28.19,28.42,18.07,566.0,0.28,137.0,24.2,42.0,7.42,0.841,0.2199999999999999,27.71,13.25,15.53,28.77,27.7,18.53,79.0,0.229,23.0,29.11,7.0,8.86,0.577,0.05699999999999997,40.4,21.63,13.83,35.46,32.33,31.51,80.0,0.134,30.0,37.5,10.0,12.5,0.402,0.03,37.93,19.76,13.17,32.93,33.13,27.27
745158,2024-06-26,2024,518595,R,664854,R,force_out,False,False,129.0,0.219,29.0,22.48,10.0,7.75,0.69,0.17600000000000002,33.74,16.67,15.24,31.91,26.91,21.48,226.0,0.214,50.0,22.12,12.0,5.31,0.655,0.176,27.19,14.35,12.93,27.28,28.43,19.61,79.0,0.229,23.0,29.11,7.0,8.86,0.577,0.05699999999999997,40.4,21.63,13.83,35.46,32.33,31.51,80.0,0.134,30.0,37.5,10.0,12.5,0.402,0.03,37.93,19.76,13.17,32.93,33.13,27.27
745158,2024-06-26,2024,594807,R,664854,R,strikeout,True,False,99.0,0.095,36.0,36.36,3.0,3.03,0.247,0.021000000000000005,29.89,14.75,19.3,34.05,35.68,30.25,260.0,0.248,76.0,29.23,18.0,6.92,0.863,0.303,29.41,13.69,18.97,32.66,32.68,27.44,79.0,0.229,23.0,29.11,7.0,8.86,0.577,0.05699999999999997,40.4,21.63,13.83,35.46,32.33,31.51,80.0,0.134,30.0,37.5,10.0,12.5,0.402,0.03,37.93,19.76,13.17,32.93,33.13,27.27
746374,2024-06-26,2024,686668,R,681293,R,field_out,False,False,239.0,0.264,67.0,28.03,19.0,7.95,0.7270000000000001,0.137,30.42,15.07,15.54,30.61,29.41,27.35,299.0,0.207,98.0,32.78,17.0,5.69,0.597,0.131,34.17,17.56,14.33,31.89,31.96,31.51,124.0,0.269,31.0,25.0,12.0,9.68,0.7929999999999999,0.16599999999999998,29.55,13.89,17.31,31.2,24.29,21.68,,,,,,,,,,,,,,
746374,2024-06-26,2024,678662,R,681293,R,strikeout,True,False,249.0,0.284,65.0,26.1,6.0,2.41,0.776,0.186,33.45,21.29,9.59,30.88,47.56,22.11,438.0,0.256,109.0,24.89,17.0,3.88,0.69,0.143,29.47,17.51,10.44,27.95,41.11,20.49,124.0,0.269,31.0,25.0,12.0,9.68,0.7929999999999999,0.16599999999999998,29.55,13.89,17.31,31.2,24.29,21.68,,,,,,,,,,,,,,
746374,2024-06-26,2024,641857,L,681293,R,strikeout,True,False,233.0,0.26,64.0,27.47,24.0,10.3,0.786,0.191,27.14,13.12,15.24,28.36,26.49,18.82,449.0,0.26,141.0,31.4,52.0,11.58,0.826,0.2209999999999999,31.26,14.84,14.94,29.79,25.26,20.41,151.0,0.298,34.0,22.52,23.0,15.23,0.875,0.17000000000000004,24.64,10.87,16.69,27.56,24.38,19.1,,,,,,,,,,,,,,
746374,2024-06-26,2024,514888,R,663372,R,field_out,False,False,254.0,0.287,50.0,19.69,15.0,5.91,0.796,0.17700000000000005,21.12,10.89,16.44,27.33,38.56,19.84,297.0,0.322,55.0,18.52,32.0,10.77,0.941,0.218,19.43,8.47,19.0,27.48,31.81,17.74,171.0,0.268,38.0,22.22,10.0,5.85,0.7050000000000001,0.121,25.25,11.83,17.19,29.02,25.59,21.71,91.0,0.262,19.0,20.88,10.0,10.99,0.7290000000000001,0.126,20.25,9.17,20.06,29.23,27.81,18.1
746374,2024-06-26,2024,608324,R,663372,R,strikeout,True,False,223.0,0.278,38.0,17.04,20.0,8.97,0.7909999999999999,0.16599999999999998,15.54,6.97,18.76,25.73,24.27,13.38,508.0,0.282,67.0,13.19,65.0,12.8,0.8500000000000001,0.186,14.53,5.58,19.65,25.23,16.96,12.88,171.0,0.268,38.0,22.22,10.0,5.85,0.7050000000000001,0.121,25.25,11.83,17.19,29.02,25.59,21.71,91.0,0.262,19.0,20.88,10.0,10.99,0.7290000000000001,0.126,20.25,9.17,20.06,29.23,27.81,18.1
746374,2024-06-26,2024,670541,L,663372,R,field_out,False,False,214.0,0.265,31.0,14.49,22.0,10.28,0.859,0.248,19.51,8.95,16.39,25.35,30.33,14.76,322.0,0.292,55.0,17.08,49.0,15.22,1.044,0.333,21.1,8.88,15.37,24.25,23.99,15.32,186.0,0.322,35.0,18.82,12.0,6.45,0.916,0.22800000000000004,23.22,12.27,13.42,25.69,27.19,16.59,110.0,0.267,19.0,17.27,18.0,16.36,0.7330000000000001,0.066,22.58,9.66,17.47,27.13,23.0,14.62
746374,2024-06-26,2024,663898,R,681293,R,field_out,False,False,188.0,0.266,46.0,24.47,10.0,5.32,0.653,0.08399999999999996,24.79,12.16,16.22,28.38,25.71,18.78,138.0,0.269,33.0,23.91,5.0,3.62,0.709,0.1389999999999999,27.31,13.83,17.45,31.28,33.92,25.0,124.0,0.269,31.0,25.0,12.0,9.68,0.7929999999999999,0.16599999999999998,29.55,13.89,17.31,31.2,24.29,21.68,,,,,,,,,,,,,,
746374,2024-06-26,2024,669911,L,681293,R,strikeout,True,False,83.0,0.221,29.0,34.94,4.0,4.82,0.746,0.26,30.23,14.53,16.48,31.01,30.57,23.2,104.0,0.189,29.0,27.88,8.0,7.69,0.628,0.179,34.34,17.26,14.21,31.47,29.0,25.0,151.0,0.298,34.0,22.52,23.0,15.23,0.875,0.17000000000000004,24.64,10.87,16.69,27.56,24.38,19.1,,,,,,,,,,,,,,
746374,2024-06-26,2024,607732,R,681293,R,field_out,False,False,90.0,0.269,16.0,17.78,8.0,8.89,0.719,0.08999999999999997,26.0,11.34,17.73,29.07,19.63,16.84,225.0,0.186,56.0,24.89,24.0,10.67,0.547,0.082,22.79,8.98,20.99,29.97,22.2,22.95,124.0,0.269,31.0,25.0,12.0,9.68,0.7929999999999999,0.16599999999999998,29.55,13.89,17.31,31.2,24.29,21.68,,,,,,,,,,,,,,
746374,2024-06-26,2024,673237,R,663372,R,single,False,False,193.0,0.265,27.0,13.99,7.0,3.63,0.706,0.15499999999999997,20.42,11.67,10.3,21.97,41.21,15.34,274.0,0.307,47.0,17.15,7.0,2.55,0.931,0.292,24.58,14.19,11.31,25.51,43.08,17.42,171.0,0.268,38.0,22.22,10.0,5.85,0.7050000000000001,0.121,25.25,11.83,17.19,29.02,25.59,21.71,91.0,0.262,19.0,20.88,10.0,10.99,0.7290000000000001,0.126,20.25,9.17,20.06,29.23,27.81,18.1
746374,2024-06-26,2024,676694,R,663372,R,grounded_into_double_play,False,False,154.0,0.261,38.0,24.68,9.0,5.84,0.724,0.15399999999999997,32.68,15.91,15.91,31.82,31.6,25.33,263.0,0.218,69.0,26.24,18.0,6.84,0.6459999999999999,0.146,25.89,12.2,16.27,28.47,24.49,21.12,171.0,0.268,38.0,22.22,10.0,5.85,0.7050000000000001,0.121,25.25,11.83,17.19,29.02,25.59,21.71,91.0,0.262,19.0,20.88,10.0,10.99,0.7290000000000001,0.126,20.25,9.17,20.06,29.23,27.81,18.1
746374,2024-06-26,2024,572138,L,663372,R,field_out,False,False,150.0,0.234,35.0,23.33,21.0,14.0,0.6839999999999999,0.10999999999999996,27.5,11.17,18.61,29.78,20.53,21.6,79.0,0.13,19.0,24.05,9.0,11.39,0.402,0.0439999999999999,22.79,9.69,16.56,26.25,24.43,21.11,186.0,0.322,35.0,18.82,12.0,6.45,0.916,0.22800000000000004,23.22,12.27,13.42,25.69,27.19,16.59,110.0,0.267,19.0,17.27,18.0,16.36,0.7330000000000001,0.066,22.58,9.66,17.47,27.13,23.0,14.62
746374,2024-06-26,2024,666134,L,681293,R,strikeout,True,False,100.0,0.176,31.0,31.0,14.0,14.0,0.572,0.10599999999999998,32.39,12.53,21.76,34.29,22.47,19.25,294.0,0.289,92.0,31.29,41.0,13.95,0.945,0.261,33.58,14.12,18.56,32.68,25.97,22.72,151.0,0.298,34.0,22.52,23.0,15.23,0.875,0.17000000000000004,24.64,10.87,16.69,27.56,24.38,19.1,,,,,,,,,,,,,,
746374,2024-06-26,2024,595909,L,681293,R,strikeout,True,False,128.0,0.27,32.0,25.0,11.0,8.59,0.685,0.08699999999999997,24.18,12.62,13.77,26.39,32.69,17.68,171.0,0.226,44.0,25.73,12.0,7.02,0.663,0.155,26.67,12.9,15.25,28.15,29.13,19.91,151.0,0.298,34.0,22.52,23.0,15.23,0.875,0.17000000000000004,24.64,10.87,16.69,27.56,24.38,19.1,,,,,,,,,,,,,,
746374,2024-06-26,2024,660707,R,681293,R,field_out,False,False,182.0,0.224,40.0,21.98,14.0,7.69,0.6399999999999999,0.13399999999999998,30.06,16.29,13.39,29.68,36.96,21.39,196.0,0.249,69.0,35.2,12.0,6.12,0.729,0.1689999999999999,41.45,21.48,15.97,37.45,41.94,28.28,124.0,0.269,31.0,25.0,12.0,9.68,0.7929999999999999,0.16599999999999998,29.55,13.89,17.31,31.2,24.29,21.68,,,,,,,,,,,,,,
746374,2024-06-26,2024,665161,R,663372,R,field_out,False,False,228.0,0.276,44.0,19.3,12.0,5.26,0.677,0.07599999999999996,25.47,13.13,15.54,28.67,36.42,17.05,461.0,0.239,107.0,23.21,34.0,7.38,0.655,0.1089999999999999,30.36,15.5,13.92,29.42,35.52,20.7,171.0,0.268,38.0,22.22,10.0,5.85,0.7050000000000001,0.121,25.25,11.83,17.19,29.02,25.59,21.71,91.0,0.262,19.0,20.88,10.0,10.99,0.7290000000000001,0.126,20.25,9.17,20.06,29.23,27.81,18.1
746374,2024-06-26,2024,694388,L,663372,R,field_out,False,False,48.0,0.341,18.0,37.5,3.0,6.25,0.86,0.13599999999999995,33.68,17.98,15.17,33.15,38.46,35.29,,,,,,,,,,,,,,,186.0,0.322,35.0,18.82,12.0,6.45,0.916,0.22800000000000004,23.22,12.27,13.42,25.69,27.19,16.59,110.0,0.267,19.0,17.27,18.0,16.36,0.7330000000000001,0.066,22.58,9.66,17.47,27.13,23.0,14.62
746374,2024-06-26,2024,663967,L,663372,R,field_out,False,False,5.0,0.5,0.0,0.0,0.0,0.0,1.25,0.25,0.0,0.0,11.11,11.11,50.0,0.0,16.0,0.133,6.0,37.5,1.0,6.25,0.321,0.0,32.5,18.06,12.5,30.56,30.77,23.08,186.0,0.322,35.0,18.82,12.0,6.45,0.916,0.22800000000000004,23.22,12.27,13.42,25.69,27.19,16.59,110.0,0.267,19.0,17.27,18.0,16.36,0.7330000000000001,0.066,22.58,9.66,17.47,27.13,23.0,14.62
746374,2024-06-26,2024,686668,R,681293,R,field_out,False,False,239.0,0.264,67.0,28.03,19.0,7.95,0.7270000000000001,0.137,30.42,15.07,15.54,30.61,29.41,27.35,299.0,0.207,98.0,32.78,17.0,5.69,0.597,0.131,34.17,17.56,14.33,31.89,31.96,31.51,124.0,0.269,31.0,25.0,12.0,9.68,0.7929999999999999,0.16599999999999998,29.55,13.89,17.31,31.2,24.29,21.68,,,,,,,,,,,,,,
746374,2024-06-26,2024,678662,R,681293,R,single,False,False,249.0,0.284,65.0,26.1,6.0,2.41,0.776,0.186,33.45,21.29,9.59,30.88,47.56,22.11,438.0,0.256,109.0,24.89,17.0,3.88,0.69,0.143,29.47,17.51,10.44,27.95,41.11,20.49,124.0,0.269,31.0,25.0,12.0,9.68,0.7929999999999999,0.16599999999999998,29.55,13.89,17.31,31.2,24.29,21.68,,,,,,,,,,,,,,
746374,2024-06-26,2024,641857,L,681293,R,field_out,False,False,233.0,0.26,64.0,27.47,24.0,10.3,0.786,0.191,27.14,13.12,15.24,28.36,26.49,18.82,449.0,0.26,141.0,31.4,52.0,11.58,0.826,0.2209999999999999,31.26,14.84,14.94,29.79,25.26,20.41,151.0,0.298,34.0,22.52,23.0,15.23,0.875,0.17000000000000004,24.64,10.87,16.69,27.56,24.38,19.1,,,,,,,,,,,,,,
746374,2024-06-26,2024,663898,R,681293,R,field_out,False,False,188.0,0.266,46.0,24.47,10.0,5.32,0.653,0.08399999999999996,24.79,12.16,16.22,28.38,25.71,18.78,138.0,0.269,33.0,23.91,5.0,3.62,0.709,0.1389999999999999,27.31,13.83,17.45,31.28,33.92,25.0,124.0,0.269,31.0,25.0,12.0,9.68,0.7929999999999999,0.16599999999999998,29.55,13.89,17.31,31.2,24.29,21.68,,,,,,,,,,,,,,
746374,2024-06-26,2024,514888,R,663372,R,single,False,False,254.0,0.287,50.0,19.69,15.0,5.91,0.796,0.17700000000000005,21.12,10.89,16.44,27.33,38.56,19.84,297.0,0.322,55.0,18.52,32.0,10.77,0.941,0.218,19.43,8.47,19.0,27.48,31.81,17.74,171.0,0.268,38.0,22.22,10.0,5.85,0.7050000000000001,0.121,25.25,11.83,17.19,29.02,25.59,21.71,91.0,0.262,19.0,20.88,10.0,10.99,0.7290000000000001,0.126,20.25,9.17,20.06,29.23,27.81,18.1
746374,2024-06-26,2024,608324,R,663372,R,field_out,False,False,223.0,0.278,38.0,17.04,20.0,8.97,0.7909999999999999,0.16599999999999998,15.54,6.97,18.76,25.73,24.27,13.38,508.0,0.282,67.0,13.19,65.0,12.8,0.8500000000000001,0.186,14.53,5.58,19.65,25.23,16.96,12.88,171.0,0.268,38.0,22.22,10.0,5.85,0.7050000000000001,0.121,25.25,11.83,17.19,29.02,25.59,21.71,91.0,0.262,19.0,20.88,10.0,10.99,0.7290000000000001,0.126,20.25,9.17,20.06,29.23,27.81,18.1
746374,2024-06-26,2024,670541,L,663372,R,hit_by_pitch,False,False,214.0,0.265,31.0,14.49,22.0,10.28,0.859,0.248,19.51,8.95,16.39,25.35,30.33,14.76,322.0,0.292,55.0,17.08,49.0,15.22,1.044,0.333,21.1,8.88,15.37,24.25,23.99,15.32,186.0,0.322,35.0,18.82,12.0,6.45,0.916,0.22800000000000004,23.22,12.27,13.42,25.69,27.19,16.59,110.0,0.267,19.0,17.27,18.0,16.36,0.7330000000000001,0.066,22.58,9.66,17.47,27.13,23.0,14.62
746374,2024-06-26,2024,673237,R,663372,R,single,False,False,193.0,0.265,27.0,13.99,7.0,3.63,0.706,0.15499999999999997,20.42,11.67,10.3,21.97,41.21,15.34,274.0,0.307,47.0,17.15,7.0,2.55,0.931,0.292,24.58,14.19,11.31,25.51,43.08,17.42,171.0,0.268,38.0,22.22,10.0,5.85,0.7050000000000001,0.121,25.25,11.83,17.19,29.02,25.59,21.71,91.0,0.262,19.0,20.88,10.0,10.99,0.7290000000000001,0.126,20.25,9.17,20.06,29.23,27.81,18.1
746374,2024-06-26,2024,676694,R,663372,R,force_out,False,False,154.0,0.261,38.0,24.68,9.0,5.84,0.724,0.15399999999999997,32.68,15.91,15.91,31.82,31.6,25.33,263.0,0.218,69.0,26.24,18.0,6.84,0.6459999999999999,0.146,25.89,12.2,16.27,28.47,24.49,21.12,171.0,0.268,38.0,22.22,10.0,5.85,0.7050000000000001,0.121,25.25,11.83,17.19,29.02,25.59,21.71,91.0,0.262,19.0,20.88,10.0,10.99,0.7290000000000001,0.126,20.25,9.17,20.06,29.23,27.81,18.1
746374,2024-06-26,2024,572138,L,663372,R,strikeout,True,False,150.0,0.234,35.0,23.33,21.0,14.0,0.6839999999999999,0.10999999999999996,27.5,11.17,18.61,29.78,20.53,21.6,79.0,0.13,19.0,24.05,9.0,11.39,0.402,0.0439999999999999,22.79,9.69,16.56,26.25,24.43,21.11,186.0,0.322,35.0,18.82,12.0,6.45,0.916,0.22800000000000004,23.22,12.27,13.42,25.69,27.19,16.59,110.0,0.267,19.0,17.27,18.0,16.36,0.7330000000000001,0.066,22.58,9.66,17.47,27.13,23.0,14.62
746374,2024-06-26,2024,669911,L,681293,R,strikeout,True,False,83.0,0.221,29.0,34.94,4.0,4.82,0.746,0.26,30.23,14.53,16.48,31.01,30.57,23.2,104.0,0.189,29.0,27.88,8.0,7.69,0.628,0.179,34.34,17.26,14.21,31.47,29.0,25.0,151.0,0.298,34.0,22.52,23.0,15.23,0.875,0.17000000000000004,24.64,10.87,16.69,27.56,24.38,19.1,,,,,,,,,,,,,,
746374,2024-06-26,2024,607732,R,681293,R,field_out,False,False,90.0,0.269,16.0,17.78,8.0,8.89,0.719,0.08999999999999997,26.0,11.34,17.73,29.07,19.63,16.84,225.0,0.186,56.0,24.89,24.0,10.67,0.547,0.082,22.79,8.98,20.99,29.97,22.2,22.95,124.0,0.269,31.0,25.0,12.0,9.68,0.7929999999999999,0.16599999999999998,29.55,13.89,17.31,31.2,24.29,21.68,,,,,,,,,,,,,,
746374,2024-06-26,2024,666134,L,681293,R,double,False,False,100.0,0.176,31.0,31.0,14.0,14.0,0.572,0.10599999999999998,32.39,12.53,21.76,34.29,22.47,19.25,294.0,0.289,92.0,31.29,41.0,13.95,0.945,0.261,33.58,14.12,18.56,32.68,25.97,22.72,151.0,0.298,34.0,22.52,23.0,15.23,0.875,0.17000000000000004,24.64,10.87,16.69,27.56,24.38,19.1,,,,,,,,,,,,,,
746374,2024-06-26,2024,595909,L,681293,R,strikeout,True,False,128.0,0.27,32.0,25.0,11.0,8.59,0.685,0.08699999999999997,24.18,12.62,13.77,26.39,32.69,17.68,171.0,0.226,44.0,25.73,12.0,7.02,0.663,0.155,26.67,12.9,15.25,28.15,29.13,19.91,151.0,0.298,34.0,22.52,23.0,15.23,0.875,0.17000000000000004,24.64,10.87,16.69,27.56,24.38,19.1,,,,,,,,,,,,,,
746374,2024-06-26,2024,665161,R,663372,R,field_out,False,False,228.0,0.276,44.0,19.3,12.0,5.26,0.677,0.07599999999999996,25.47,13.13,15.54,28.67,36.42,17.05,461.0,0.239,107.0,23.21,34.0,7.38,0.655,0.1089999999999999,30.36,15.5,13.92,29.42,35.52,20.7,171.0,0.268,38.0,22.22,10.0,5.85,0.7050000000000001,0.121,25.25,11.83,17.19,29.02,25.59,21.71,91.0,0.262,19.0,20.88,10.0,10.99,0.7290000000000001,0.126,20.25,9.17,20.06,29.23,27.81,18.1
746374,2024-06-26,2024,694388,L,663372,R,field_out,False,False,48.0,0.341,18.0,37.5,3.0,6.25,0.86,0.13599999999999995,33.68,17.98,15.17,33.15,38.46,35.29,,,,,,,,,,,,,,,186.0,0.322,35.0,18.82,12.0,6.45,0.916,0.22800000000000004,23.22,12.27,13.42,25.69,27.19,16.59,110.0,0.267,19.0,17.27,18.0,16.36,0.7330000000000001,0.066,22.58,9.66,17.47,27.13,23.0,14.62
746374,2024-06-26,2024,663967,L,663372,R,double,False,False,5.0,0.5,0.0,0.0,0.0,0.0,1.25,0.25,0.0,0.0,11.11,11.11,50.0,0.0,16.0,0.133,6.0,37.5,1.0,6.25,0.321,0.0,32.5,18.06,12.5,30.56,30.77,23.08,186.0,0.322,35.0,18.82,12.0,6.45,0.916,0.22800000000000004,23.22,12.27,13.42,25.69,27.19,16.59,110.0,0.267,19.0,17.27,18.0,16.36,0.7330000000000001,0.066,22.58,9.66,17.47,27.13,23.0,14.62
746374,2024-06-26,2024,514888,R,663372,R,single,False,False,254.0,0.287,50.0,19.69,15.0,5.91,0.796,0.17700000000000005,21.12,10.89,16.44,27.33,38.56,19.84,297.0,0.322,55.0,18.52,32.0,10.77,0.941,0.218,19.43,8.47,19.0,27.48,31.81,17.74,171.0,0.268,38.0,22.22,10.0,5.85,0.7050000000000001,0.121,25.25,11.83,17.19,29.02,25.59,21.71,91.0,0.262,19.0,20.88,10.0,10.99,0.7290000000000001,0.126,20.25,9.17,20.06,29.23,27.81,18.1
746374,2024-06-26,2024,608324,R,663372,R,field_out,False,False,223.0,0.278,38.0,17.04,20.0,8.97,0.7909999999999999,0.16599999999999998,15.54,6.97,18.76,25.73,24.27,13.38,508.0,0.282,67.0,13.19,65.0,12.8,0.8500000000000001,0.186,14.53,5.58,19.65,25.23,16.96,12.88,171.0,0.268,38.0,22.22,10.0,5.85,0.7050000000000001,0.121,25.25,11.83,17.19,29.02,25.59,21.71,91.0,0.262,19.0,20.88,10.0,10.99,0.7290000000000001,0.126,20.25,9.17,20.06,29.23,27.81,18.1
746374,2024-06-26,2024,660707,R,681293,R,strikeout,True,False,182.0,0.224,40.0,21.98,14.0,7.69,0.6399999999999999,0.13399999999999998,30.06,16.29,13.39,29.68,36.96,21.39,196.0,0.249,69.0,35.2,12.0,6.12,0.729,0.1689999999999999,41.45,21.48,15.97,37.45,41.94,28.28,124.0,0.269,31.0,25.0,12.0,9.68,0.7929999999999999,0.16599999999999998,29.55,13.89,17.31,31.2,24.29,21.68,,,,,,,,,,,,,,
746374,2024-06-26,2024,686668,R,681293,R,field_out,False,False,239.0,0.264,67.0,28.03,19.0,7.95,0.7270000000000001,0.137,30.42,15.07,15.54,30.61,29.41,27.35,299.0,0.207,98.0,32.78,17.0,5.69,0.597,0.131,34.17,17.56,14.33,31.89,31.96,31.51,124.0,0.269,31.0,25.0,12.0,9.68,0.7929999999999999,0.16599999999999998,29.55,13.89,17.31,31.2,24.29,21.68,,,,,,,,,,,,,,
746374,2024-06-26,2024,678662,R,681293,R,double,False,False,249.0,0.284,65.0,26.1,6.0,2.41,0.776,0.186,33.45,21.29,9.59,30.88,47.56,22.11,438.0,0.256,109.0,24.89,17.0,3.88,0.69,0.143,29.47,17.51,10.44,27.95,41.11,20.49,124.0,0.269,31.0,25.0,12.0,9.68,0.7929999999999999,0.16599999999999998,29.55,13.89,17.31,31.2,24.29,21.68,,,,,,,,,,,,,,
746374,2024-06-26,2024,641857,L,681293,R,strikeout,True,False,233.0,0.26,64.0,27.47,24.0,10.3,0.786,0.191,27.14,13.12,15.24,28.36,26.49,18.82,449.0,0.26,141.0,31.4,52.0,11.58,0.826,0.2209999999999999,31.26,14.84,14.94,29.79,25.26,20.41,151.0,0.298,34.0,22.52,23.0,15.23,0.875,0.17000000000000004,24.64,10.87,16.69,27.56,24.38,19.1,,,,,,,,,,,,,,
746374,2024-06-26,2024,670541,L,663372,R,field_out,False,False,214.0,0.265,31.0,14.49,22.0,10.28,0.859,0.248,19.51,8.95,16.39,25.35,30.33,14.76,322.0,0.292,55.0,17.08,49.0,15.22,1.044,0.333,21.1,8.88,15.37,24.25,23.99,15.32,186.0,0.322,35.0,18.82,12.0,6.45,0.916,0.22800000000000004,23.22,12.27,13.42,25.69,27.19,16.59,110.0,0.267,19.0,17.27,18.0,16.36,0.7330000000000001,0.066,22.58,9.66,17.47,27.13,23.0,14.62
746374,2024-06-26,2024,673237,R,663372,R,field_out,False,False,193.0,0.265,27.0,13.99,7.0,3.63,0.706,0.15499999999999997,20.42,11.67,10.3,21.97,41.21,15.34,274.0,0.307,47.0,17.15,7.0,2.55,0.931,0.292,24.58,14.19,11.31,25.51,43.08,17.42,171.0,0.268,38.0,22.22,10.0,5.85,0.7050000000000001,0.121,25.25,11.83,17.19,29.02,25.59,21.71,91.0,0.262,19.0,20.88,10.0,10.99,0.7290000000000001,0.126,20.25,9.17,20.06,29.23,27.81,18.1
746374,2024-06-26,2024,676694,R,663372,R,walk,False,True,154.0,0.261,38.0,24.68,9.0,5.84,0.724,0.15399999999999997,32.68,15.91,15.91,31.82,31.6,25.33,263.0,0.218,69.0,26.24,18.0,6.84,0.6459999999999999,0.146,25.89,12.2,16.27,28.47,24.49,21.12,171.0,0.268,38.0,22.22,10.0,5.85,0.7050000000000001,0.121,25.25,11.83,17.19,29.02,25.59,21.71,91.0,0.262,19.0,20.88,10.0,10.99,0.7290000000000001,0.126,20.25,9.17,20.06,29.23,27.81,18.1
746374,2024-06-26,2024,572138,L,663372,R,caught_stealing_2b,False,False,150.0,0.234,35.0,23.33,21.0,14.0,0.6839999999999999,0.10999999999999996,27.5,11.17,18.61,29.78,20.53,21.6,79.0,0.13,19.0,24.05,9.0,11.39,0.402,0.0439999999999999,22.79,9.69,16.56,26.25,24.43,21.11,186.0,0.322,35.0,18.82,12.0,6.45,0.916,0.22800000000000004,23.22,12.27,13.42,25.69,27.19,16.59,110.0,0.267,19.0,17.27,18.0,16.36,0.7330000000000001,0.066,22.58,9.66,17.47,27.13,23.0,14.62
746374,2024-06-26,2024,663898,R,681293,R,strikeout,True,False,188.0,0.266,46.0,24.47,10.0,5.32,0.653,0.08399999999999996,24.79,12.16,16.22,28.38,25.71,18.78,138.0,0.269,33.0,23.91,5.0,3.62,0.709,0.1389999999999999,27.31,13.83,17.45,31.28,33.92,25.0,124.0,0.269,31.0,25.0,12.0,9.68,0.7929999999999999,0.16599999999999998,29.55,13.89,17.31,31.2,24.29,21.68,,,,,,,,,,,,,,
746374,2024-06-26,2024,669911,L,681293,R,field_out,False,False,83.0,0.221,29.0,34.94,4.0,4.82,0.746,0.26,30.23,14.53,16.48,31.01,30.57,23.2,104.0,0.189,29.0,27.88,8.0,7.69,0.628,0.179,34.34,17.26,14.21,31.47,29.0,25.0,151.0,0.298,34.0,22.52,23.0,15.23,0.875,0.17000000000000004,24.64,10.87,16.69,27.56,24.38,19.1,,,,,,,,,,,,,,
746374,2024-06-26,2024,607732,R,681293,R,field_out,False,False,90.0,0.269,16.0,17.78,8.0,8.89,0.719,0.08999999999999997,26.0,11.34,17.73,29.07,19.63,16.84,225.0,0.186,56.0,24.89,24.0,10.67,0.547,0.082,22.79,8.98,20.99,29.97,22.2,22.95,124.0,0.269,31.0,25.0,12.0,9.68,0.7929999999999999,0.16599999999999998,29.55,13.89,17.31,31.2,24.29,21.68,,,,,,,,,,,,,,
746374,2024-06-26,2024,572138,L,663372,R,field_error,False,False,150.0,0.234,35.0,23.33,21.0,14.0,0.6839999999999999,0.10999999999999996,27.5,11.17,18.61,29.78,20.53,21.6,79.0,0.13,19.0,24.05,9.0,11.39,0.402,0.0439999999999999,22.79,9.69,16.56,26.25,24.43,21.11,186.0,0.322,35.0,18.82,12.0,6.45,0.916,0.22800000000000004,23.22,12.27,13.42,25.69,27.19,16.59,110.0,0.267,19.0,17.27,18.0,16.36,0.7330000000000001,0.066,22.58,9.66,17.47,27.13,23.0,14.62
746374,2024-06-26,2024,665161,R,663372,R,single,False,False,228.0,0.276,44.0,19.3,12.0,5.26,0.677,0.07599999999999996,25.47,13.13,15.54,28.67,36.42,17.05,461.0,0.239,107.0,23.21,34.0,7.38,0.655,0.1089999999999999,30.36,15.5,13.92,29.42,35.52,20.7,171.0,0.268,38.0,22.22,10.0,5.85,0.7050000000000001,0.121,25.25,11.83,17.19,29.02,25.59,21.71,91.0,0.262,19.0,20.88,10.0,10.99,0.7290000000000001,0.126,20.25,9.17,20.06,29.23,27.81,18.1
746374,2024-06-26,2024,694388,L,641755,R,hit_by_pitch,False,False,48.0,0.341,18.0,37.5,3.0,6.25,0.86,0.13599999999999995,33.68,17.98,15.17,33.15,38.46,35.29,,,,,,,,,,,,,,,65.0,0.375,14.0,21.54,9.0,13.85,1.23,0.393,29.2,14.13,12.01,26.15,26.62,16.47,30.0,0.304,6.0,20.0,4.0,13.33,0.8919999999999999,0.174,23.53,10.81,12.61,23.42,20.34,22.22
746374,2024-06-26,2024,663967,L,641755,R,sac_fly,False,False,5.0,0.5,0.0,0.0,0.0,0.0,1.25,0.25,0.0,0.0,11.11,11.11,50.0,0.0,16.0,0.133,6.0,37.5,1.0,6.25,0.321,0.0,32.5,18.06,12.5,30.56,30.77,23.08,65.0,0.375,14.0,21.54,9.0,13.85,1.23,0.393,29.2,14.13,12.01,26.15,26.62,16.47,30.0,0.304,6.0,20.0,4.0,13.33,0.8919999999999999,0.174,23.53,10.81,12.61,23.42,20.34,22.22
746374,2024-06-26,2024,514888,R,641755,R,fielders_choice,False,False,254.0,0.287,50.0,19.69,15.0,5.91,0.796,0.17700000000000005,21.12,10.89,16.44,27.33,38.56,19.84,297.0,0.322,55.0,18.52,32.0,10.77,0.941,0.218,19.43,8.47,19.0,27.48,31.81,17.74,80.0,0.261,18.0,22.5,10.0,12.5,0.7849999999999999,0.174,32.72,16.36,12.35,28.7,28.14,18.37,46.0,0.326,11.0,23.91,2.0,4.35,0.883,0.209,22.68,11.76,15.51,27.27,28.41,16.18
746374,2024-06-26,2024,608324,R,641755,R,force_out,False,False,223.0,0.278,38.0,17.04,20.0,8.97,0.7909999999999999,0.16599999999999998,15.54,6.97,18.76,25.73,24.27,13.38,508.0,0.282,67.0,13.19,65.0,12.8,0.8500000000000001,0.186,14.53,5.58,19.65,25.23,16.96,12.88,80.0,0.261,18.0,22.5,10.0,12.5,0.7849999999999999,0.174,32.72,16.36,12.35,28.7,28.14,18.37,46.0,0.326,11.0,23.91,2.0,4.35,0.883,0.209,22.68,11.76,15.51,27.27,28.41,16.18
746374,2024-06-26,2024,670541,L,621389,L,double,False,False,115.0,0.33,21.0,18.26,8.0,6.96,0.898,0.185,21.03,10.41,13.71,24.11,34.95,23.86,174.0,0.295,37.0,21.26,20.0,11.49,0.892,0.212,24.91,11.27,17.53,28.79,30.5,20.79,60.0,0.214,6.0,10.0,2.0,3.33,0.63,0.17900000000000002,18.37,10.17,15.82,25.99,29.03,16.67,72.0,0.269,10.0,13.89,3.0,4.17,0.813,0.238,14.84,7.34,19.69,27.03,27.42,12.5
746374,2024-06-26,2024,673237,R,621389,L,single,False,False,79.0,0.26,11.0,13.92,4.0,5.06,0.688,0.124,21.79,13.04,8.03,21.07,38.22,11.11,103.0,0.214,27.0,26.21,4.0,3.88,0.621,0.164,35.0,21.33,9.97,31.3,46.31,24.76,180.0,0.361,23.0,12.78,8.0,4.44,0.9510000000000001,0.19300000000000006,13.84,7.04,17.28,24.32,32.69,13.45,281.0,0.347,40.0,14.23,21.0,7.47,0.944,0.197,15.42,7.56,16.92,24.48,31.3,14.18
746374,2024-06-26,2024,676694,R,621389,L,strikeout,True,False,70.0,0.258,12.0,17.14,6.0,8.57,0.811,0.21000000000000002,26.72,12.76,16.05,28.81,27.91,20.0,79.0,0.257,19.0,24.05,8.0,10.13,0.785,0.186,30.49,15.72,12.89,28.62,32.93,16.67,180.0,0.361,23.0,12.78,8.0,4.44,0.9510000000000001,0.19300000000000006,13.84,7.04,17.28,24.32,32.69,13.45,281.0,0.347,40.0,14.23,21.0,7.47,0.944,0.197,15.42,7.56,16.92,24.48,31.3,14.18
746374,2024-06-26,2024,666134,L,681869,R,walk,False,True,100.0,0.176,31.0,31.0,14.0,14.0,0.572,0.10599999999999998,32.39,12.53,21.76,34.29,22.47,19.25,294.0,0.289,92.0,31.29,41.0,13.95,0.945,0.261,33.58,14.12,18.56,32.68,25.97,22.72,54.0,0.277,14.0,25.93,7.0,12.96,0.71,0.063,34.74,15.21,17.97,33.18,25.44,25.93,25.0,0.348,7.0,28.0,1.0,4.0,1.009,0.261,22.0,10.58,13.46,24.04,32.76,25.0
746374,2024-06-26,2024,595909,L,681869,R,double,False,False,128.0,0.27,32.0,25.0,11.0,8.59,0.685,0.08699999999999997,24.18,12.62,13.77,26.39,32.69,17.68,171.0,0.226,44.0,25.73,12.0,7.02,0.663,0.155,26.67,12.9,15.25,28.15,29.13,19.91,54.0,0.277,14.0,25.93,7.0,12.96,0.71,0.063,34.74,15.21,17.97,33.18,25.44,25.93,25.0,0.348,7.0,28.0,1.0,4.0,1.009,0.261,22.0,10.58,13.46,24.04,32.76,25.0
746374,2024-06-26,2024,660707,R,681869,R,strikeout,True,False,182.0,0.224,40.0,21.98,14.0,7.69,0.6399999999999999,0.13399999999999998,30.06,16.29,13.39,29.68,36.96,21.39,196.0,0.249,69.0,35.2,12.0,6.12,0.729,0.1689999999999999,41.45,21.48,15.97,37.45,41.94,28.28,43.0,0.324,9.0,20.93,3.0,6.98,0.804,0.10799999999999998,17.81,7.98,15.34,23.31,20.51,28.12,17.0,0.286,4.0,23.53,2.0,11.76,0.71,0.071,35.14,19.12,11.76,30.88,28.57,18.18
746374,2024-06-26,2024,686668,R,681869,R,sac_fly,False,False,239.0,0.264,67.0,28.03,19.0,7.95,0.7270000000000001,0.137,30.42,15.07,15.54,30.61,29.41,27.35,299.0,0.207,98.0,32.78,17.0,5.69,0.597,0.131,34.17,17.56,14.33,31.89,31.96,31.51,43.0,0.324,9.0,20.93,3.0,6.98,0.804,0.10799999999999998,17.81,7.98,15.34,23.31,20.51,28.12,17.0,0.286,4.0,23.53,2.0,11.76,0.71,0.071,35.14,19.12,11.76,30.88,28.57,18.18
746374,2024-06-26,2024,678662,R,681869,R,strikeout,True,False,249.0,0.284,65.0,26.1,6.0,2.41,0.776,0.186,33.45,21.29,9.59,30.88,47.56,22.11,438.0,0.256,109.0,24.89,17.0,3.88,0.69,0.143,29.47,17.51,10.44,27.95,41.11,20.49,43.0,0.324,9.0,20.93,3.0,6.98,0.804,0.10799999999999998,17.81,7.98,15.34,23.31,20.51,28.12,17.0,0.286,4.0,23.53,2.0,11.76,0.71,0.071,35.14,19.12,11.76,30.88,28.57,18.18
746374,2024-06-26,2024,643289,R,621389,L,double,False,False,61.0,0.293,5.0,8.2,2.0,3.28,0.759,0.15500000000000003,21.43,13.57,8.54,22.11,44.44,8.93,117.0,0.327,12.0,10.26,6.0,5.13,0.859,0.1639999999999999,13.48,8.22,11.41,19.63,41.01,10.91,180.0,0.361,23.0,12.78,8.0,4.44,0.9510000000000001,0.19300000000000006,13.84,7.04,17.28,24.32,32.69,13.45,281.0,0.347,40.0,14.23,21.0,7.47,0.944,0.197,15.42,7.56,16.92,24.48,31.3,14.18
746374,2024-06-26,2024,665161,R,621389,L,single,False,False,90.0,0.279,9.0,10.0,1.0,1.11,0.734,0.16299999999999998,24.46,14.29,11.75,26.03,38.56,9.89,174.0,0.325,22.0,12.64,9.0,5.17,0.8340000000000001,0.141,23.71,13.93,8.22,22.15,36.96,13.17,180.0,0.361,23.0,12.78,8.0,4.44,0.9510000000000001,0.19300000000000006,13.84,7.04,17.28,24.32,32.69,13.45,281.0,0.347,40.0,14.23,21.0,7.47,0.944,0.197,15.42,7.56,16.92,24.48,31.3,14.18
746374,2024-06-26,2024,694388,L,621389,L,fielders_choice,False,False,9.0,0.25,4.0,44.44,1.0,11.11,0.583,0.0,15.38,6.25,28.12,34.38,35.71,36.36,,,,,,,,,,,,,,,60.0,0.214,6.0,10.0,2.0,3.33,0.63,0.17900000000000002,18.37,10.17,15.82,25.99,29.03,16.67,72.0,0.269,10.0,13.89,3.0,4.17,0.813,0.238,14.84,7.34,19.69,27.03,27.42,12.5
746374,2024-06-26,2024,663967,L,621389,L,strikeout,True,False,4.0,0.5,1.0,25.0,0.0,0.0,1.0,0.0,33.33,18.75,12.5,31.25,33.33,16.67,3.0,0.0,0.0,0.0,0.0,0.0,0.0,0.0,0.0,0.0,0.0,0.0,25.0,0.0,60.0,0.214,6.0,10.0,2.0,3.33,0.63,0.17900000000000002,18.37,10.17,15.82,25.99,29.03,16.67,72.0,0.269,10.0,13.89,3.0,4.17,0.813,0.238,14.84,7.34,19.69,27.03,27.42,12.5
746374,2024-06-26,2024,514888,R,680767,R,strikeout,True,False,254.0,0.287,50.0,19.69,15.0,5.91,0.796,0.17700000000000005,21.12,10.89,16.44,27.33,38.56,19.84,297.0,0.322,55.0,18.52,32.0,10.77,0.941,0.218,19.43,8.47,19.0,27.48,31.81,17.74,100.0,0.33,26.0,26.0,9.0,9.0,0.885,0.16499999999999998,22.73,10.2,16.55,26.76,24.77,16.46,27.0,0.333,7.0,25.93,3.0,11.11,0.782,0.0419999999999999,26.42,12.28,14.91,27.19,20.75,19.44
746374,2024-06-26,2024,608324,R,680767,R,field_out,False,False,223.0,0.278,38.0,17.04,20.0,8.97,0.7909999999999999,0.16599999999999998,15.54,6.97,18.76,25.73,24.27,13.38,508.0,0.282,67.0,13.19,65.0,12.8,0.8500000000000001,0.186,14.53,5.58,19.65,25.23,16.96,12.88,100.0,0.33,26.0,26.0,9.0,9.0,0.885,0.16499999999999998,22.73,10.2,16.55,26.76,24.77,16.46,27.0,0.333,7.0,25.93,3.0,11.11,0.782,0.0419999999999999,26.42,12.28,14.91,27.19,20.75,19.44
746374,2024-06-26,2024,641857,L,687911,L,strikeout,True,False,101.0,0.33,29.0,28.71,11.0,10.89,0.9670000000000001,0.22700000000000004,28.06,12.88,16.39,29.27,25.84,22.48,178.0,0.191,57.0,32.02,16.0,8.99,0.573,0.118,35.23,16.38,16.64,33.03,25.79,24.15,1.0,0.0,1.0,100.0,0.0,0.0,0.0,0.0,0.0,0.0,75.0,75.0,,50.0,,,,,,,,,,,,,,
746374,2024-06-26,2024,663898,R,687911,L,strikeout,True,False,54.0,0.346,7.0,12.96,2.0,3.7,0.966,0.25,21.9,11.27,13.73,25.0,28.85,11.86,56.0,0.229,8.0,14.29,6.0,10.71,0.672,0.104,20.62,8.85,17.7,26.55,22.12,11.94,2.0,0.0,0.0,0.0,0.0,0.0,0.0,0.0,0.0,0.0,0.0,0.0,50.0,,,,,,,,,,,,,,,
746374,2024-06-26,2024,669911,R,687911,L,field_out,False,False,38.0,0.143,14.0,36.84,3.0,7.89,0.611,0.257,21.92,10.06,20.13,30.19,23.17,25.0,48.0,0.109,21.0,43.75,2.0,4.17,0.255,0.0,48.35,23.53,13.9,37.43,32.11,36.21,2.0,0.0,0.0,0.0,0.0,0.0,0.0,0.0,0.0,0.0,0.0,0.0,50.0,,,,,,,,,,,,,,,
746291,2024-06-26,2024,665862,L,663903,R,single,False,False,209.0,0.261,52.0,24.88,19.0,9.09,0.787,0.196,28.5,13.36,13.59,26.96,30.99,20.55,290.0,0.275,91.0,31.38,20.0,6.9,0.8540000000000001,0.25,35.14,15.36,16.88,32.24,26.1,27.41,193.0,0.281,44.0,22.8,18.0,9.33,0.874,0.23399999999999999,22.53,9.61,20.79,30.39,24.16,20.28,414.0,0.263,82.0,19.81,35.0,8.45,0.781,0.181,22.79,10.32,17.41,27.72,25.13,21.37
746291,2024-06-26,2024,650559,R,663903,R,field_out,False,False,219.0,0.22,55.0,25.11,16.0,7.31,0.6950000000000001,0.19499999999999998,31.63,16.32,13.45,29.77,32.23,21.48,473.0,0.251,107.0,22.62,29.0,6.13,0.717,0.1689999999999999,28.95,14.54,15.93,30.47,34.61,18.71,156.0,0.181,36.0,23.08,7.0,4.49,0.524,0.10399999999999998,22.5,10.1,18.59,28.69,26.83,18.65,288.0,0.321,51.0,17.71,14.0,4.86,0.845,0.177,22.54,10.34,19.64,29.98,28.24,18.02
746291,2024-06-26,2024,605137,L,663903,R,walk,False,True,214.0,0.263,42.0,19.63,12.0,5.61,0.7130000000000001,0.129,29.62,15.92,10.2,26.12,28.99,23.84,432.0,0.239,93.0,21.53,39.0,9.03,0.6970000000000001,0.148,24.59,11.57,13.95,25.52,28.11,20.58,193.0,0.281,44.0,22.8,18.0,9.33,0.874,0.23399999999999999,22.53,9.61,20.79,30.39,24.16,20.28,414.0,0.263,82.0,19.81,35.0,8.45,0.781,0.181,22.79,10.32,17.41,27.72,25.13,21.37
746291,2024-06-26,2024,660821,L,663903,R,single,False,False,198.0,0.264,49.0,24.75,12.0,6.06,0.736,0.15399999999999997,27.16,14.7,12.5,27.2,35.92,21.03,353.0,0.258,93.0,26.35,36.0,10.2,0.805,0.21,29.33,14.21,14.01,28.21,30.32,20.53,193.0,0.281,44.0,22.8,18.0,9.33,0.874,0.23399999999999999,22.53,9.61,20.79,30.39,24.16,20.28,414.0,0.263,82.0,19.81,35.0,8.45,0.781,0.181,22.79,10.32,17.41,27.72,25.13,21.37
746291,2024-06-26,2024,669394,R,663903,R,strikeout,True,False,158.0,0.235,42.0,26.58,8.0,5.06,0.668,0.16100000000000003,27.27,14.44,15.86,30.3,38.23,26.92,402.0,0.247,112.0,27.86,23.0,5.72,0.8,0.249,34.59,18.69,13.25,31.93,39.43,23.09,156.0,0.181,36.0,23.08,7.0,4.49,0.524,0.10399999999999998,22.5,10.1,18.59,28.69,26.83,18.65,288.0,0.321,51.0,17.71,14.0,4.86,0.845,0.177,22.54,10.34,19.64,29.98,28.24,18.02
746291,2024-06-26,2024,672580,R,678368,R,field_out,False,False,288.0,0.23,54.0,18.75,23.0,7.99,0.604,0.08399999999999999,19.14,8.28,20.74,29.02,21.66,17.76,400.0,0.258,94.0,23.5,33.0,8.25,0.648,0.071,20.3,8.71,19.59,28.3,19.12,19.96,,,,,,,,,,,,,,,,,,,,,,,,,,,,
746291,2024-06-26,2024,677951,R,678368,R,hit_by_pitch,False,False,299.0,0.314,52.0,17.39,23.0,7.69,0.91,0.22800000000000004,24.11,11.86,14.85,26.71,30.07,17.39,547.0,0.27,93.0,17.0,33.0,6.03,0.8,0.2149999999999999,22.15,10.87,15.53,26.4,29.62,14.44,,,,,,,,,,,,,,,,,,,,,,,,,,,,
746291,2024-06-26,2024,686469,L,678368,R,field_out,False,False,254.0,0.227,33.0,12.99,29.0,11.42,0.737,0.18999999999999997,13.14,5.78,16.16,21.94,27.17,12.64,188.0,0.251,23.0,12.23,15.0,7.98,0.784,0.217,14.85,7.02,17.48,24.5,34.8,10.0,,,,,,,,,,,,,,,,,,,,,,,,,,,,
746291,2024-06-26,2024,521692,R,678368,R,field_out,False,False,242.0,0.272,45.0,18.6,18.0,7.44,0.8089999999999999,0.193,25.9,14.84,9.59,24.43,43.29,15.9,437.0,0.264,100.0,22.88,11.0,2.52,0.73,0.174,30.72,18.16,9.73,27.89,45.56,22.08,,,,,,,,,,,,,,,,,,,,,,,,,,,,
746291,2024-06-26,2024,672640,R,663903,R,field_out,False,False,114.0,0.272,18.0,15.79,6.0,5.26,0.7,0.11599999999999999,22.17,11.9,13.49,25.4,31.32,17.17,,,,,,,,,,,,,,,156.0,0.181,36.0,23.08,7.0,4.49,0.524,0.10399999999999998,22.5,10.1,18.59,28.69,26.83,18.65,288.0,0.321,51.0,17.71,14.0,4.86,0.845,0.177,22.54,10.34,19.64,29.98,28.24,18.02
746291,2024-06-26,2024,624503,L,663903,R,field_out,False,False,184.0,0.23,43.0,23.37,7.0,3.8,0.631,0.144,31.42,19.24,9.16,28.4,44.44,21.5,83.0,0.16,10.0,12.05,1.0,1.2,0.48,0.149,20.99,12.19,10.39,22.58,38.35,12.82,193.0,0.281,44.0,22.8,18.0,9.33,0.874,0.23399999999999999,22.53,9.61,20.79,30.39,24.16,20.28,414.0,0.263,82.0,19.81,35.0,8.45,0.781,0.181,22.79,10.32,17.41,27.72,25.13,21.37
746291,2024-06-26,2024,660644,L,663903,R,double,False,False,109.0,0.242,19.0,17.43,8.0,7.34,0.655,0.10100000000000003,25.12,13.07,12.81,25.88,25.54,15.97,63.0,0.196,17.0,26.98,4.0,6.35,0.494,0.036,25.62,13.36,13.79,27.16,31.45,26.98,193.0,0.281,44.0,22.8,18.0,9.33,0.874,0.23399999999999999,22.53,9.61,20.79,30.39,24.16,20.28,414.0,0.263,82.0,19.81,35.0,8.45,0.781,0.181,22.79,10.32,17.41,27.72,25.13,21.37
746291,2024-06-26,2024,663743,R,663903,R,single,False,False,103.0,0.175,12.0,11.65,3.0,2.91,0.474,0.08300000000000002,10.97,4.91,19.65,24.57,26.47,14.81,241.0,0.165,48.0,19.92,14.0,5.81,0.46,0.064,18.93,8.36,19.79,28.15,25.54,22.43,156.0,0.181,36.0,23.08,7.0,4.49,0.524,0.10399999999999998,22.5,10.1,18.59,28.69,26.83,18.65,288.0,0.321,51.0,17.71,14.0,4.86,0.845,0.177,22.54,10.34,19.64,29.98,28.24,18.02
746291,2024-06-26,2024,665862,L,663903,R,strikeout,True,False,209.0,0.261,52.0,24.88,19.0,9.09,0.787,0.196,28.5,13.36,13.59,26.96,30.99,20.55,290.0,0.275,91.0,31.38,20.0,6.9,0.8540000000000001,0.25,35.14,15.36,16.88,32.24,26.1,27.41,193.0,0.281,44.0,22.8,18.0,9.33,0.874,0.23399999999999999,22.53,9.61,20.79,30.39,24.16,20.28,414.0,0.263,82.0,19.81,35.0,8.45,0.781,0.181,22.79,10.32,17.41,27.72,25.13,21.37
746291,2024-06-26,2024,679845,R,678368,R,field_out,False,False,87.0,0.187,15.0,17.24,10.0,11.49,0.506,0.04000000000000001,21.05,9.0,17.68,26.69,21.74,18.75,44.0,0.279,7.0,15.91,1.0,2.27,0.667,0.0929999999999999,20.0,9.64,16.87,26.51,25.61,14.29,,,,,,,,,,,,,,,,,,,,,,,,,,,,
746291,2024-06-26,2024,669004,L,678368,R,field_out,False,False,202.0,0.187,54.0,26.73,19.0,9.41,0.6739999999999999,0.21999999999999997,30.07,15.38,11.85,27.22,26.48,17.31,459.0,0.239,122.0,26.58,55.0,11.98,0.752,0.181,32.7,15.24,15.56,30.8,24.84,20.68,,,,,,,,,,,,,,,,,,,,,,,,,,,,
746291,2024-06-26,2024,592669,R,678368,R,single,False,False,141.0,0.198,28.0,19.86,14.0,9.93,0.657,0.175,25.94,10.78,21.22,32.0,24.66,16.18,408.0,0.229,91.0,22.3,35.0,8.58,0.723,0.1969999999999999,28.12,14.44,14.12,28.56,33.7,19.12,,,,,,,,,,,,,,,,,,,,,,,,,,,,
746291,2024-06-26,2024,666023,R,678368,R,double,False,False,103.0,0.26,21.0,20.39,7.0,6.8,0.7170000000000001,0.14600000000000002,25.23,13.14,13.87,27.01,32.21,15.56,169.0,0.288,36.0,21.3,9.0,5.33,0.785,0.174,23.9,13.04,10.79,23.84,30.17,16.22,,,,,,,,,,,,,,,,,,,,,,,,,,,,
746291,2024-06-26,2024,641658,R,678368,R,strikeout,True,False,56.0,0.302,18.0,32.14,2.0,3.57,0.667,0.038000000000000034,23.36,11.31,19.0,30.32,25.25,24.32,170.0,0.282,45.0,26.47,14.0,8.24,0.74,0.107,24.75,10.81,20.44,31.26,25.39,22.06,,,,,,,,,,,,,,,,,,,,,,,,,,,,
746291,2024-06-26,2024,650559,R,663903,R,field_out,False,False,219.0,0.22,55.0,25.11,16.0,7.31,0.6950000000000001,0.19499999999999998,31.63,16.32,13.45,29.77,32.23,21.48,473.0,0.251,107.0,22.62,29.0,6.13,0.717,0.1689999999999999,28.95,14.54,15.93,30.47,34.61,18.71,156.0,0.181,36.0,23.08,7.0,4.49,0.524,0.10399999999999998,22.5,10.1,18.59,28.69,26.83,18.65,288.0,0.321,51.0,17.71,14.0,4.86,0.845,0.177,22.54,10.34,19.64,29.98,28.24,18.02
746291,2024-06-26,2024,605137,L,663903,R,field_out,False,False,214.0,0.263,42.0,19.63,12.0,5.61,0.7130000000000001,0.129,29.62,15.92,10.2,26.12,28.99,23.84,432.0,0.239,93.0,21.53,39.0,9.03,0.6970000000000001,0.148,24.59,11.57,13.95,25.52,28.11,20.58,193.0,0.281,44.0,22.8,18.0,9.33,0.874,0.23399999999999999,22.53,9.61,20.79,30.39,24.16,20.28,414.0,0.263,82.0,19.81,35.0,8.45,0.781,0.181,22.79,10.32,17.41,27.72,25.13,21.37
746291,2024-06-26,2024,660821,L,663903,R,field_out,False,False,198.0,0.264,49.0,24.75,12.0,6.06,0.736,0.15399999999999997,27.16,14.7,12.5,27.2,35.92,21.03,353.0,0.258,93.0,26.35,36.0,10.2,0.805,0.21,29.33,14.21,14.01,28.21,30.32,20.53,193.0,0.281,44.0,22.8,18.0,9.33,0.874,0.23399999999999999,22.53,9.61,20.79,30.39,24.16,20.28,414.0,0.263,82.0,19.81,35.0,8.45,0.781,0.181,22.79,10.32,17.41,27.72,25.13,21.37
746291,2024-06-26,2024,672580,R,678368,R,strikeout,True,False,288.0,0.23,54.0,18.75,23.0,7.99,0.604,0.08399999999999999,19.14,8.28,20.74,29.02,21.66,17.76,400.0,0.258,94.0,23.5,33.0,8.25,0.648,0.071,20.3,8.71,19.59,28.3,19.12,19.96,,,,,,,,,,,,,,,,,,,,,,,,,,,,
746291,2024-06-26,2024,677951,R,678368,R,field_out,False,False,299.0,0.314,52.0,17.39,23.0,7.69,0.91,0.22800000000000004,24.11,11.86,14.85,26.71,30.07,17.39,547.0,0.27,93.0,17.0,33.0,6.03,0.8,0.2149999999999999,22.15,10.87,15.53,26.4,29.62,14.44,,,,,,,,,,,,,,,,,,,,,,,,,,,,
746291,2024-06-26,2024,686469,L,678368,R,field_out,False,False,254.0,0.227,33.0,12.99,29.0,11.42,0.737,0.18999999999999997,13.14,5.78,16.16,21.94,27.17,12.64,188.0,0.251,23.0,12.23,15.0,7.98,0.784,0.217,14.85,7.02,17.48,24.5,34.8,10.0,,,,,,,,,,,,,,,,,,,,,,,,,,,,
746291,2024-06-26,2024,669394,R,663903,R,field_out,False,False,158.0,0.235,42.0,26.58,8.0,5.06,0.668,0.16100000000000003,27.27,14.44,15.86,30.3,38.23,26.92,402.0,0.247,112.0,27.86,23.0,5.72,0.8,0.249,34.59,18.69,13.25,31.93,39.43,23.09,156.0,0.181,36.0,23.08,7.0,4.49,0.524,0.10399999999999998,22.5,10.1,18.59,28.69,26.83,18.65,288.0,0.321,51.0,17.71,14.0,4.86,0.845,0.177,22.54,10.34,19.64,29.98,28.24,18.02
746291,2024-06-26,2024,672640,R,663903,R,field_out,False,False,114.0,0.272,18.0,15.79,6.0,5.26,0.7,0.11599999999999999,22.17,11.9,13.49,25.4,31.32,17.17,,,,,,,,,,,,,,,156.0,0.181,36.0,23.08,7.0,4.49,0.524,0.10399999999999998,22.5,10.1,18.59,28.69,26.83,18.65,288.0,0.321,51.0,17.71,14.0,4.86,0.845,0.177,22.54,10.34,19.64,29.98,28.24,18.02
746291,2024-06-26,2024,624503,L,663903,R,double,False,False,184.0,0.23,43.0,23.37,7.0,3.8,0.631,0.144,31.42,19.24,9.16,28.4,44.44,21.5,83.0,0.16,10.0,12.05,1.0,1.2,0.48,0.149,20.99,12.19,10.39,22.58,38.35,12.82,193.0,0.281,44.0,22.8,18.0,9.33,0.874,0.23399999999999999,22.53,9.61,20.79,30.39,24.16,20.28,414.0,0.263,82.0,19.81,35.0,8.45,0.781,0.181,22.79,10.32,17.41,27.72,25.13,21.37
746291,2024-06-26,2024,660644,L,663903,R,field_out,False,False,109.0,0.242,19.0,17.43,8.0,7.34,0.655,0.10100000000000003,25.12,13.07,12.81,25.88,25.54,15.97,63.0,0.196,17.0,26.98,4.0,6.35,0.494,0.036,25.62,13.36,13.79,27.16,31.45,26.98,193.0,0.281,44.0,22.8,18.0,9.33,0.874,0.23399999999999999,22.53,9.61,20.79,30.39,24.16,20.28,414.0,0.263,82.0,19.81,35.0,8.45,0.781,0.181,22.79,10.32,17.41,27.72,25.13,21.37
746291,2024-06-26,2024,521692,R,678368,R,field_out,False,False,242.0,0.272,45.0,18.6,18.0,7.44,0.8089999999999999,0.193,25.9,14.84,9.59,24.43,43.29,15.9,437.0,0.264,100.0,22.88,11.0,2.52,0.73,0.174,30.72,18.16,9.73,27.89,45.56,22.08,,,,,,,,,,,,,,,,,,,,,,,,,,,,
746291,2024-06-26,2024,679845,R,678368,R,field_out,False,False,87.0,0.187,15.0,17.24,10.0,11.49,0.506,0.04000000000000001,21.05,9.0,17.68,26.69,21.74,18.75,44.0,0.279,7.0,15.91,1.0,2.27,0.667,0.0929999999999999,20.0,9.64,16.87,26.51,25.61,14.29,,,,,,,,,,,,,,,,,,,,,,,,,,,,
746291,2024-06-26,2024,669004,L,678368,R,field_out,False,False,202.0,0.187,54.0,26.73,19.0,9.41,0.6739999999999999,0.21999999999999997,30.07,15.38,11.85,27.22,26.48,17.31,459.0,0.239,122.0,26.58,55.0,11.98,0.752,0.181,32.7,15.24,15.56,30.8,24.84,20.68,,,,,,,,,,,,,,,,,,,,,,,,,,,,
746291,2024-06-26,2024,663743,R,663903,R,field_out,False,False,103.0,0.175,12.0,11.65,3.0,2.91,0.474,0.08300000000000002,10.97,4.91,19.65,24.57,26.47,14.81,241.0,0.165,48.0,19.92,14.0,5.81,0.46,0.064,18.93,8.36,19.79,28.15,25.54,22.43,156.0,0.181,36.0,23.08,7.0,4.49,0.524,0.10399999999999998,22.5,10.1,18.59,28.69,26.83,18.65,288.0,0.321,51.0,17.71,14.0,4.86,0.845,0.177,22.54,10.34,19.64,29.98,28.24,18.02
746291,2024-06-26,2024,665862,L,663903,R,field_out,False,False,209.0,0.261,52.0,24.88,19.0,9.09,0.787,0.196,28.5,13.36,13.59,26.96,30.99,20.55,290.0,0.275,91.0,31.38,20.0,6.9,0.8540000000000001,0.25,35.14,15.36,16.88,32.24,26.1,27.41,193.0,0.281,44.0,22.8,18.0,9.33,0.874,0.23399999999999999,22.53,9.61,20.79,30.39,24.16,20.28,414.0,0.263,82.0,19.81,35.0,8.45,0.781,0.181,22.79,10.32,17.41,27.72,25.13,21.37
746291,2024-06-26,2024,650559,R,663903,R,strikeout,True,False,219.0,0.22,55.0,25.11,16.0,7.31,0.6950000000000001,0.19499999999999998,31.63,16.32,13.45,29.77,32.23,21.48,473.0,0.251,107.0,22.62,29.0,6.13,0.717,0.1689999999999999,28.95,14.54,15.93,30.47,34.61,18.71,156.0,0.181,36.0,23.08,7.0,4.49,0.524,0.10399999999999998,22.5,10.1,18.59,28.69,26.83,18.65,288.0,0.321,51.0,17.71,14.0,4.86,0.845,0.177,22.54,10.34,19.64,29.98,28.24,18.02
746291,2024-06-26,2024,592669,R,678368,R,field_out,False,False,141.0,0.198,28.0,19.86,14.0,9.93,0.657,0.175,25.94,10.78,21.22,32.0,24.66,16.18,408.0,0.229,91.0,22.3,35.0,8.58,0.723,0.1969999999999999,28.12,14.44,14.12,28.56,33.7,19.12,,,,,,,,,,,,,,,,,,,,,,,,,,,,
746291,2024-06-26,2024,666023,R,678368,R,field_out,False,False,103.0,0.26,21.0,20.39,7.0,6.8,0.7170000000000001,0.14600000000000002,25.23,13.14,13.87,27.01,32.21,15.56,169.0,0.288,36.0,21.3,9.0,5.33,0.785,0.174,23.9,13.04,10.79,23.84,30.17,16.22,,,,,,,,,,,,,,,,,,,,,,,,,,,,
746291,2024-06-26,2024,641658,R,678368,R,field_out,False,False,56.0,0.302,18.0,32.14,2.0,3.57,0.667,0.038000000000000034,23.36,11.31,19.0,30.32,25.25,24.32,170.0,0.282,45.0,26.47,14.0,8.24,0.74,0.107,24.75,10.81,20.44,31.26,25.39,22.06,,,,,,,,,,,,,,,,,,,,,,,,,,,,
746291,2024-06-26,2024,605137,L,663903,R,field_out,False,False,214.0,0.263,42.0,19.63,12.0,5.61,0.7130000000000001,0.129,29.62,15.92,10.2,26.12,28.99,23.84,432.0,0.239,93.0,21.53,39.0,9.03,0.6970000000000001,0.148,24.59,11.57,13.95,25.52,28.11,20.58,193.0,0.281,44.0,22.8,18.0,9.33,0.874,0.23399999999999999,22.53,9.61,20.79,30.39,24.16,20.28,414.0,0.263,82.0,19.81,35.0,8.45,0.781,0.181,22.79,10.32,17.41,27.72,25.13,21.37
746291,2024-06-26,2024,660821,L,663903,R,field_out,False,False,198.0,0.264,49.0,24.75,12.0,6.06,0.736,0.15399999999999997,27.16,14.7,12.5,27.2,35.92,21.03,353.0,0.258,93.0,26.35,36.0,10.2,0.805,0.21,29.33,14.21,14.01,28.21,30.32,20.53,193.0,0.281,44.0,22.8,18.0,9.33,0.874,0.23399999999999999,22.53,9.61,20.79,30.39,24.16,20.28,414.0,0.263,82.0,19.81,35.0,8.45,0.781,0.181,22.79,10.32,17.41,27.72,25.13,21.37
746291,2024-06-26,2024,669394,R,663903,R,field_out,False,False,158.0,0.235,42.0,26.58,8.0,5.06,0.668,0.16100000000000003,27.27,14.44,15.86,30.3,38.23,26.92,402.0,0.247,112.0,27.86,23.0,5.72,0.8,0.249,34.59,18.69,13.25,31.93,39.43,23.09,156.0,0.181,36.0,23.08,7.0,4.49,0.524,0.10399999999999998,22.5,10.1,18.59,28.69,26.83,18.65,288.0,0.321,51.0,17.71,14.0,4.86,0.845,0.177,22.54,10.34,19.64,29.98,28.24,18.02
746291,2024-06-26,2024,672580,R,669622,R,strikeout,True,False,288.0,0.23,54.0,18.75,23.0,7.99,0.604,0.08399999999999999,19.14,8.28,20.74,29.02,21.66,17.76,400.0,0.258,94.0,23.5,33.0,8.25,0.648,0.071,20.3,8.71,19.59,28.3,19.12,19.96,77.0,0.257,19.0,24.68,4.0,5.19,0.696,0.11399999999999999,24.66,10.47,21.8,32.27,28.24,15.57,,,,,,,,,,,,,,
746291,2024-06-26,2024,677951,R,669622,R,strikeout,True,False,299.0,0.314,52.0,17.39,23.0,7.69,0.91,0.22800000000000004,24.11,11.86,14.85,26.71,30.07,17.39,547.0,0.27,93.0,17.0,33.0,6.03,0.8,0.2149999999999999,22.15,10.87,15.53,26.4,29.62,14.44,77.0,0.257,19.0,24.68,4.0,5.19,0.696,0.11399999999999999,24.66,10.47,21.8,32.27,28.24,15.57,,,,,,,,,,,,,,
746291,2024-06-26,2024,686469,L,669622,R,double,False,False,254.0,0.227,33.0,12.99,29.0,11.42,0.737,0.18999999999999997,13.14,5.78,16.16,21.94,27.17,12.64,188.0,0.251,23.0,12.23,15.0,7.98,0.784,0.217,14.85,7.02,17.48,24.5,34.8,10.0,50.0,0.262,9.0,18.0,7.0,14.0,0.785,0.14300000000000002,20.99,8.63,17.77,26.4,26.47,15.52,,,,,,,,,,,,,,
746291,2024-06-26,2024,521692,R,669622,R,strikeout,True,False,242.0,0.272,45.0,18.6,18.0,7.44,0.8089999999999999,0.193,25.9,14.84,9.59,24.43,43.29,15.9,437.0,0.264,100.0,22.88,11.0,2.52,0.73,0.174,30.72,18.16,9.73,27.89,45.56,22.08,77.0,0.257,19.0,24.68,4.0,5.19,0.696,0.11399999999999999,24.66,10.47,21.8,32.27,28.24,15.57,,,,,,,,,,,,,,
746291,2024-06-26,2024,672640,R,663903,R,strikeout,True,False,114.0,0.272,18.0,15.79,6.0,5.26,0.7,0.11599999999999999,22.17,11.9,13.49,25.4,31.32,17.17,,,,,,,,,,,,,,,156.0,0.181,36.0,23.08,7.0,4.49,0.524,0.10399999999999998,22.5,10.1,18.59,28.69,26.83,18.65,288.0,0.321,51.0,17.71,14.0,4.86,0.845,0.177,22.54,10.34,19.64,29.98,28.24,18.02
746291,2024-06-26,2024,624503,L,663903,R,field_out,False,False,184.0,0.23,43.0,23.37,7.0,3.8,0.631,0.144,31.42,19.24,9.16,28.4,44.44,21.5,83.0,0.16,10.0,12.05,1.0,1.2,0.48,0.149,20.99,12.19,10.39,22.58,38.35,12.82,193.0,0.281,44.0,22.8,18.0,9.33,0.874,0.23399999999999999,22.53,9.61,20.79,30.39,24.16,20.28,414.0,0.263,82.0,19.81,35.0,8.45,0.781,0.181,22.79,10.32,17.41,27.72,25.13,21.37
746291,2024-06-26,2024,660644,L,663903,R,field_out,False,False,109.0,0.242,19.0,17.43,8.0,7.34,0.655,0.10100000000000003,25.12,13.07,12.81,25.88,25.54,15.97,63.0,0.196,17.0,26.98,4.0,6.35,0.494,0.036,25.62,13.36,13.79,27.16,31.45,26.98,193.0,0.281,44.0,22.8,18.0,9.33,0.874,0.23399999999999999,22.53,9.61,20.79,30.39,24.16,20.28,414.0,0.263,82.0,19.81,35.0,8.45,0.781,0.181,22.79,10.32,17.41,27.72,25.13,21.37
746291,2024-06-26,2024,679845,R,677053,L,field_out,False,False,28.0,0.364,3.0,10.71,4.0,14.29,0.964,0.136,9.3,3.85,17.31,21.15,24.14,9.38,24.0,0.421,5.0,20.83,3.0,12.5,1.079,0.1579999999999999,24.32,10.71,14.29,25.0,18.18,26.32,75.0,0.324,18.0,24.0,5.0,6.67,0.932,0.23500000000000004,22.7,11.82,15.65,27.48,33.33,17.65,152.0,0.244,43.0,28.29,12.0,7.89,0.7250000000000001,0.156,25.08,13.04,14.17,27.21,33.33,18.53
746291,2024-06-26,2024,669004,L,677053,L,strikeout,True,False,38.0,0.135,9.0,23.68,1.0,2.63,0.29300000000000004,0.0,23.61,12.88,12.88,25.76,26.15,23.08,144.0,0.222,48.0,33.33,7.0,4.86,0.597,0.111,39.78,20.52,15.71,36.23,34.2,30.0,49.0,0.2,16.0,32.65,2.0,4.08,0.496,0.067,34.51,18.84,11.11,29.95,38.26,23.53,85.0,0.158,30.0,35.29,9.0,10.59,0.55,0.145,36.02,16.81,16.23,33.04,29.94,28.04
746291,2024-06-26,2024,592669,R,677053,L,single,False,False,59.0,0.185,10.0,16.95,5.0,8.47,0.606,0.16699999999999998,20.75,10.43,17.54,27.96,35.24,15.38,140.0,0.244,34.0,24.29,9.0,6.43,0.6859999999999999,0.142,21.48,10.53,16.33,26.86,32.76,20.36,75.0,0.324,18.0,24.0,5.0,6.67,0.932,0.23500000000000004,22.7,11.82,15.65,27.48,33.33,17.65,152.0,0.244,43.0,28.29,12.0,7.89,0.7250000000000001,0.156,25.08,13.04,14.17,27.21,33.33,18.53
746291,2024-06-26,2024,666023,R,677053,L,strikeout,True,False,46.0,0.349,6.0,13.04,3.0,6.52,0.8560000000000001,0.11600000000000005,28.26,15.2,12.87,28.07,32.5,11.32,66.0,0.262,14.0,21.21,4.0,6.06,0.777,0.197,25.18,13.78,11.42,25.2,29.37,17.28,75.0,0.324,18.0,24.0,5.0,6.67,0.932,0.23500000000000004,22.7,11.82,15.65,27.48,33.33,17.65,152.0,0.244,43.0,28.29,12.0,7.89,0.7250000000000001,0.156,25.08,13.04,14.17,27.21,33.33,18.53
746291,2024-06-26,2024,663743,R,663903,R,strikeout,True,False,103.0,0.175,12.0,11.65,3.0,2.91,0.474,0.08300000000000002,10.97,4.91,19.65,24.57,26.47,14.81,241.0,0.165,48.0,19.92,14.0,5.81,0.46,0.064,18.93,8.36,19.79,28.15,25.54,22.43,156.0,0.181,36.0,23.08,7.0,4.49,0.524,0.10399999999999998,22.5,10.1,18.59,28.69,26.83,18.65,288.0,0.321,51.0,17.71,14.0,4.86,0.845,0.177,22.54,10.34,19.64,29.98,28.24,18.02
746291,2024-06-26,2024,665862,L,672582,L,field_out,False,False,109.0,0.27,28.0,25.69,8.0,7.34,0.73,0.13,27.67,12.78,16.59,29.37,30.17,19.05,94.0,0.172,27.0,28.72,6.0,6.38,0.479,0.081,39.88,19.01,18.18,37.19,30.36,25.23,48.0,0.256,13.0,27.08,2.0,4.17,0.554,0.0,13.75,5.85,23.94,29.79,25.64,24.07,48.0,0.196,11.0,22.92,2.0,4.17,0.4679999999999999,0.0429999999999999,19.77,9.44,18.33,27.78,22.37,20.37
746291,2024-06-26,2024,650559,R,672582,L,strikeout,True,False,116.0,0.291,27.0,23.28,4.0,3.45,0.774,0.16400000000000003,28.26,15.55,13.16,28.71,31.5,25.96,154.0,0.277,35.0,22.73,11.0,7.14,0.708,0.1059999999999999,27.76,13.7,15.51,29.21,33.53,19.77,75.0,0.279,11.0,14.67,7.0,9.33,0.7589999999999999,0.13299999999999995,15.08,6.27,19.8,26.07,15.44,13.25,134.0,0.301,25.0,18.66,6.0,4.48,0.896,0.244,20.0,10.06,12.9,22.96,25.67,15.72
746291,2024-06-26,2024,686681,L,623211,R,strikeout,True,False,87.0,0.301,12.0,13.79,2.0,2.3,0.8280000000000001,0.21700000000000003,12.73,6.6,19.18,25.79,34.93,11.11,374.0,0.226,82.0,21.93,20.0,5.35,0.669,0.172,21.6,11.34,13.44,24.79,33.12,15.65,33.0,0.148,6.0,18.18,6.0,18.18,0.45099999999999996,0.0,36.07,16.3,11.85,28.15,30.38,18.18,96.0,0.298,19.0,19.79,11.0,11.46,0.815,0.142,31.52,15.03,14.45,29.48,33.7,20.43
746291,2024-06-26,2024,672580,R,623211,R,field_out,False,False,288.0,0.23,54.0,18.75,23.0,7.99,0.604,0.08399999999999999,19.14,8.28,20.74,29.02,21.66,17.76,400.0,0.258,94.0,23.5,33.0,8.25,0.648,0.071,20.3,8.71,19.59,28.3,19.12,19.96,30.0,0.12,8.0,26.67,3.0,10.0,0.387,0.0,22.06,12.0,14.4,26.4,37.7,20.0,161.0,0.209,46.0,28.57,20.0,12.42,0.618,0.0819999999999999,31.65,14.73,15.91,30.63,34.11,20.72
746291,2024-06-26,2024,677951,R,623211,R,triple,False,False,299.0,0.314,52.0,17.39,23.0,7.69,0.91,0.22800000000000004,24.11,11.86,14.85,26.71,30.07,17.39,547.0,0.27,93.0,17.0,33.0,6.03,0.8,0.2149999999999999,22.15,10.87,15.53,26.4,29.62,14.44,30.0,0.12,8.0,26.67,3.0,10.0,0.387,0.0,22.06,12.0,14.4,26.4,37.7,20.0,161.0,0.209,46.0,28.57,20.0,12.42,0.618,0.0819999999999999,31.65,14.73,15.91,30.63,34.11,20.72
746291,2024-06-26,2024,686469,L,623211,R,single,False,False,254.0,0.227,33.0,12.99,29.0,11.42,0.737,0.18999999999999997,13.14,5.78,16.16,21.94,27.17,12.64,188.0,0.251,23.0,12.23,15.0,7.98,0.784,0.217,14.85,7.02,17.48,24.5,34.8,10.0,33.0,0.148,6.0,18.18,6.0,18.18,0.45099999999999996,0.0,36.07,16.3,11.85,28.15,30.38,18.18,96.0,0.298,19.0,19.79,11.0,11.46,0.815,0.142,31.52,15.03,14.45,29.48,33.7,20.43
746291,2024-06-26,2024,521692,R,623211,R,double,False,False,242.0,0.272,45.0,18.6,18.0,7.44,0.8089999999999999,0.193,25.9,14.84,9.59,24.43,43.29,15.9,437.0,0.264,100.0,22.88,11.0,2.52,0.73,0.174,30.72,18.16,9.73,27.89,45.56,22.08,30.0,0.12,8.0,26.67,3.0,10.0,0.387,0.0,22.06,12.0,14.4,26.4,37.7,20.0,161.0,0.209,46.0,28.57,20.0,12.42,0.618,0.0819999999999999,31.65,14.73,15.91,30.63,34.11,20.72
746291,2024-06-26,2024,679845,R,623211,R,single,False,False,87.0,0.187,15.0,17.24,10.0,11.49,0.506,0.04000000000000001,21.05,9.0,17.68,26.69,21.74,18.75,44.0,0.279,7.0,15.91,1.0,2.27,0.667,0.0929999999999999,20.0,9.64,16.87,26.51,25.61,14.29,30.0,0.12,8.0,26.67,3.0,10.0,0.387,0.0,22.06,12.0,14.4,26.4,37.7,20.0,161.0,0.209,46.0,28.57,20.0,12.42,0.618,0.0819999999999999,31.65,14.73,15.91,30.63,34.11,20.72
746291,2024-06-26,2024,669004,L,623211,R,single,False,False,202.0,0.187,54.0,26.73,19.0,9.41,0.6739999999999999,0.21999999999999997,30.07,15.38,11.85,27.22,26.48,17.31,459.0,0.239,122.0,26.58,55.0,11.98,0.752,0.181,32.7,15.24,15.56,30.8,24.84,20.68,33.0,0.148,6.0,18.18,6.0,18.18,0.45099999999999996,0.0,36.07,16.3,11.85,28.15,30.38,18.18,96.0,0.298,19.0,19.79,11.0,11.46,0.815,0.142,31.52,15.03,14.45,29.48,33.7,20.43
746291,2024-06-26,2024,592669,R,608638,R,walk,False,True,141.0,0.198,28.0,19.86,14.0,9.93,0.657,0.175,25.94,10.78,21.22,32.0,24.66,16.18,408.0,0.229,91.0,22.3,35.0,8.58,0.723,0.1969999999999999,28.12,14.44,14.12,28.56,33.7,19.12,12.0,0.091,2.0,16.67,1.0,8.33,0.349,0.091,10.53,4.76,21.43,26.19,16.67,14.29,110.0,0.221,22.0,20.0,11.0,10.0,0.643,0.1259999999999999,21.08,8.06,22.58,30.65,19.91,19.13
746291,2024-06-26,2024,666023,R,608638,R,single,False,False,103.0,0.26,21.0,20.39,7.0,6.8,0.7170000000000001,0.14600000000000002,25.23,13.14,13.87,27.01,32.21,15.56,169.0,0.288,36.0,21.3,9.0,5.33,0.785,0.174,23.9,13.04,10.79,23.84,30.17,16.22,12.0,0.091,2.0,16.67,1.0,8.33,0.349,0.091,10.53,4.76,21.43,26.19,16.67,14.29,110.0,0.221,22.0,20.0,11.0,10.0,0.643,0.1259999999999999,21.08,8.06,22.58,30.65,19.91,19.13
746291,2024-06-26,2024,686681,L,608638,R,field_out,False,False,87.0,0.301,12.0,13.79,2.0,2.3,0.8280000000000001,0.21700000000000003,12.73,6.6,19.18,25.79,34.93,11.11,374.0,0.226,82.0,21.93,20.0,5.35,0.669,0.172,21.6,11.34,13.44,24.79,33.12,15.65,11.0,0.2,3.0,27.27,1.0,9.09,0.773,0.3,14.29,7.69,15.38,23.08,33.33,27.27,64.0,0.25,13.0,20.31,7.0,10.94,0.757,0.179,19.13,8.03,16.42,24.45,24.32,17.33
746291,2024-06-26,2024,605137,L,663704,R,field_out,False,False,214.0,0.263,42.0,19.63,12.0,5.61,0.7130000000000001,0.129,29.62,15.92,10.2,26.12,28.99,23.84,432.0,0.239,93.0,21.53,39.0,9.03,0.6970000000000001,0.148,24.59,11.57,13.95,25.52,28.11,20.58,61.0,0.31,15.0,24.59,1.0,1.64,0.792,0.138,29.36,14.68,21.1,35.78,32.69,25.42,38.0,0.257,10.0,26.32,1.0,2.63,0.8599999999999999,0.3139999999999999,22.37,10.69,20.75,31.45,29.17,20.0
746291,2024-06-26,2024,660821,L,663704,R,field_out,False,False,198.0,0.264,49.0,24.75,12.0,6.06,0.736,0.15399999999999997,27.16,14.7,12.5,27.2,35.92,21.03,353.0,0.258,93.0,26.35,36.0,10.2,0.805,0.21,29.33,14.21,14.01,28.21,30.32,20.53,61.0,0.31,15.0,24.59,1.0,1.64,0.792,0.138,29.36,14.68,21.1,35.78,32.69,25.42,38.0,0.257,10.0,26.32,1.0,2.63,0.8599999999999999,0.3139999999999999,22.37,10.69,20.75,31.45,29.17,20.0
746291,2024-06-26,2024,669394,R,663704,R,field_out,False,False,158.0,0.235,42.0,26.58,8.0,5.06,0.668,0.16100000000000003,27.27,14.44,15.86,30.3,38.23,26.92,402.0,0.247,112.0,27.86,23.0,5.72,0.8,0.249,34.59,18.69,13.25,31.93,39.43,23.09,72.0,0.292,12.0,16.67,6.0,8.33,0.829,0.185,29.84,13.65,17.34,31.0,28.67,15.79,52.0,0.22,13.0,25.0,1.0,1.92,0.531,0.0799999999999999,27.06,12.64,23.08,35.71,30.59,28.26
745975,2024-06-26,2024,543760,R,572971,L,field_out,False,False,103.0,0.33,15.0,14.56,9.0,8.74,0.9410000000000001,0.22300000000000003,18.13,8.48,13.88,22.37,22.55,16.3,210.0,0.283,33.0,15.71,20.0,9.52,0.8009999999999999,0.156,18.13,8.56,14.97,23.53,20.61,16.58,,,,,,,,,,,,,,,131.0,0.307,18.0,13.74,14.0,10.69,0.898,0.202,18.1,7.76,18.98,26.73,29.93,13.53
745975,2024-06-26,2024,543257,R,572971,L,strikeout,True,False,62.0,0.306,9.0,14.52,12.0,19.35,0.864,0.123,18.68,6.44,23.11,29.55,19.15,12.16,137.0,0.309,32.0,23.36,23.0,16.79,0.952,0.227,18.93,6.53,22.61,29.15,11.97,17.49,,,,,,,,,,,,,,,131.0,0.307,18.0,13.74,14.0,10.69,0.898,0.202,18.1,7.76,18.98,26.73,29.93,13.53
745975,2024-06-26,2024,669701,L,572971,L,strikeout,True,False,71.0,0.35,17.0,23.94,6.0,8.45,0.952,0.16700000000000004,25.2,12.11,15.62,27.73,25.64,22.08,33.0,0.12,9.0,27.27,6.0,18.18,0.6930000000000001,0.24,26.09,9.3,20.93,30.23,19.44,31.03,,,,,,,,,,,,,,,41.0,0.27,7.0,17.07,4.0,9.76,0.638,0.0269999999999999,27.14,11.31,17.86,29.17,29.17,14.58
745975,2024-06-26,2024,668930,L,543135,R,field_out,False,False,251.0,0.3,39.0,15.54,22.0,8.76,0.798,0.135,12.23,5.62,18.66,24.27,25.33,13.73,376.0,0.224,82.0,21.81,30.0,7.98,0.608,0.097,22.03,10.83,16.08,26.9,28.59,16.14,118.0,0.198,37.0,31.36,11.0,9.32,0.611,0.14200000000000002,30.45,14.92,18.49,33.41,33.18,27.41,264.0,0.201,52.0,19.7,17.0,6.44,0.579,0.123,25.95,12.73,14.8,27.54,27.76,20.08
745975,2024-06-26,2024,661388,R,543135,R,field_out,False,False,265.0,0.292,49.0,18.49,23.0,8.68,0.825,0.17500000000000004,28.42,13.48,14.18,27.66,24.61,17.88,434.0,0.262,94.0,21.66,42.0,9.68,0.72,0.119,27.61,11.63,19.55,31.17,24.86,18.08,151.0,0.22,33.0,21.85,14.0,9.27,0.6839999999999999,0.159,29.9,14.77,15.11,29.88,32.17,18.54,315.0,0.245,80.0,25.4,30.0,9.52,0.762,0.188,26.86,12.53,15.37,27.9,29.24,19.32
745975,2024-06-26,2024,592885,L,543135,R,single,False,False,157.0,0.309,32.0,20.38,19.0,12.1,0.8540000000000001,0.15400000000000003,22.76,10.39,13.54,23.94,25.51,16.41,473.0,0.294,103.0,21.78,64.0,13.53,0.882,0.195,26.99,11.53,15.4,26.93,23.89,19.07,118.0,0.198,37.0,31.36,11.0,9.32,0.611,0.14200000000000002,30.45,14.92,18.49,33.41,33.18,27.41,264.0,0.201,52.0,19.7,17.0,6.44,0.579,0.123,25.95,12.73,14.8,27.54,27.76,20.08
745975,2024-06-26,2024,642715,R,543135,R,field_out,False,False,264.0,0.262,57.0,21.59,28.0,10.61,0.806,0.202,28.97,13.98,14.46,28.45,26.25,17.87,480.0,0.212,117.0,24.38,47.0,9.79,0.702,0.194,32.44,16.53,12.85,29.38,32.69,19.28,151.0,0.22,33.0,21.85,14.0,9.27,0.6839999999999999,0.159,29.9,14.77,15.11,29.88,32.17,18.54,315.0,0.245,80.0,25.4,30.0,9.52,0.762,0.188,26.86,12.53,15.37,27.9,29.24,19.32
745975,2024-06-26,2024,666969,R,572971,L,single,False,False,98.0,0.224,27.0,27.55,9.0,9.18,0.708,0.18799999999999997,27.23,15.36,10.34,25.7,33.14,25.71,152.0,0.244,37.0,24.34,24.0,15.79,0.866,0.26,31.62,13.61,14.56,28.16,22.03,21.26,,,,,,,,,,,,,,,131.0,0.307,18.0,13.74,14.0,10.69,0.898,0.202,18.1,7.76,18.98,26.73,29.93,13.53
745975,2024-06-26,2024,694671,R,572971,L,single,False,False,52.0,0.222,14.0,26.92,5.0,9.62,0.752,0.222,26.32,10.68,20.09,30.77,22.95,17.28,,,,,,,,,,,,,,,,,,,,,,,,,,,,,131.0,0.307,18.0,13.74,14.0,10.69,0.898,0.202,18.1,7.76,18.98,26.73,29.93,13.53
745975,2024-06-26,2024,663993,L,572971,L,single,False,False,74.0,0.254,19.0,25.68,10.0,13.51,0.637,0.03199999999999997,20.71,8.66,21.49,30.15,23.72,14.84,219.0,0.223,52.0,23.74,24.0,10.96,0.643,0.109,22.66,9.89,18.18,28.07,24.2,19.48,,,,,,,,,,,,,,,41.0,0.27,7.0,17.07,4.0,9.76,0.638,0.0269999999999999,27.14,11.31,17.86,29.17,29.17,14.58
745975,2024-06-26,2024,641680,R,572971,L,single,False,False,73.0,0.224,10.0,13.7,5.0,6.85,0.6020000000000001,0.10400000000000001,16.55,9.72,11.34,21.05,30.36,14.29,90.0,0.329,13.0,14.44,7.0,7.78,0.866,0.1589999999999999,20.1,11.3,11.3,22.6,34.86,13.0,,,,,,,,,,,,,,,131.0,0.307,18.0,13.74,14.0,10.69,0.898,0.202,18.1,7.76,18.98,26.73,29.93,13.53
745975,2024-06-26,2024,656537,R,572971,L,field_out,False,False,7.0,0.333,1.0,14.29,1.0,14.29,0.762,0.0,21.43,13.04,17.39,30.43,60.0,10.0,13.0,0.231,3.0,23.08,0.0,0.0,0.539,0.0769999999999999,39.13,22.5,10.0,32.5,45.45,42.86,,,,,,,,,,,,,,,131.0,0.307,18.0,13.74,14.0,10.69,0.898,0.202,18.1,7.76,18.98,26.73,29.93,13.53
745975,2024-06-26,2024,673995,R,572971,L,field_out,False,False,30.0,0.103,3.0,10.0,1.0,3.33,0.374,0.138,22.81,13.0,14.0,27.0,30.77,10.0,,,,,,,,,,,,,,,,,,,,,,,,,,,,,131.0,0.307,18.0,13.74,14.0,10.69,0.898,0.202,18.1,7.76,18.98,26.73,29.93,13.53
745975,2024-06-26,2024,543760,R,572971,L,field_out,False,False,103.0,0.33,15.0,14.56,9.0,8.74,0.9410000000000001,0.22300000000000003,18.13,8.48,13.88,22.37,22.55,16.3,210.0,0.283,33.0,15.71,20.0,9.52,0.8009999999999999,0.156,18.13,8.56,14.97,23.53,20.61,16.58,,,,,,,,,,,,,,,131.0,0.307,18.0,13.74,14.0,10.69,0.898,0.202,18.1,7.76,18.98,26.73,29.93,13.53
745975,2024-06-26,2024,641343,L,543135,R,field_out,False,False,164.0,0.21,57.0,34.76,17.0,10.37,0.685,0.168,29.8,13.45,18.54,31.99,21.71,26.64,244.0,0.205,83.0,34.02,26.0,10.66,0.72,0.228,32.78,14.71,16.21,30.93,23.65,23.92,118.0,0.198,37.0,31.36,11.0,9.32,0.611,0.14200000000000002,30.45,14.92,18.49,33.41,33.18,27.41,264.0,0.201,52.0,19.7,17.0,6.44,0.579,0.123,25.95,12.73,14.8,27.54,27.76,20.08
745975,2024-06-26,2024,656555,R,543135,R,field_out,False,False,191.0,0.235,51.0,26.7,20.0,10.47,0.768,0.20500000000000002,26.45,10.71,21.18,31.88,22.03,18.68,,,,,,,,,,,,,,,151.0,0.22,33.0,21.85,14.0,9.27,0.6839999999999999,0.159,29.9,14.77,15.11,29.88,32.17,18.54,315.0,0.245,80.0,25.4,30.0,9.52,0.762,0.188,26.86,12.53,15.37,27.9,29.24,19.32
745975,2024-06-26,2024,686217,L,543135,R,single,False,False,236.0,0.262,42.0,17.8,23.0,9.75,0.672,0.067,14.8,5.9,21.83,27.73,26.02,16.28,180.0,0.261,30.0,16.67,23.0,12.78,0.722,0.1049999999999999,15.26,6.63,20.31,26.94,29.52,13.18,118.0,0.198,37.0,31.36,11.0,9.32,0.611,0.14200000000000002,30.45,14.92,18.49,33.41,33.18,27.41,264.0,0.201,52.0,19.7,17.0,6.44,0.579,0.123,25.95,12.73,14.8,27.54,27.76,20.08
745975,2024-06-26,2024,687401,R,543135,R,field_out,False,False,173.0,0.299,22.0,12.72,23.0,13.29,0.869,0.177,15.47,6.19,21.58,27.77,23.17,10.63,13.0,0.077,3.0,23.08,0.0,0.0,0.2309999999999999,0.077,15.79,8.11,21.62,29.73,26.67,33.33,151.0,0.22,33.0,21.85,14.0,9.27,0.6839999999999999,0.159,29.9,14.77,15.11,29.88,32.17,18.54,315.0,0.245,80.0,25.4,30.0,9.52,0.762,0.188,26.86,12.53,15.37,27.9,29.24,19.32
745975,2024-06-26,2024,543257,R,572971,L,field_out,False,False,62.0,0.306,9.0,14.52,12.0,19.35,0.864,0.123,18.68,6.44,23.11,29.55,19.15,12.16,137.0,0.309,32.0,23.36,23.0,16.79,0.952,0.227,18.93,6.53,22.61,29.15,11.97,17.49,,,,,,,,,,,,,,,131.0,0.307,18.0,13.74,14.0,10.69,0.898,0.202,18.1,7.76,18.98,26.73,29.93,13.53
745975,2024-06-26,2024,669701,L,572971,L,strikeout,True,False,71.0,0.35,17.0,23.94,6.0,8.45,0.952,0.16700000000000004,25.2,12.11,15.62,27.73,25.64,22.08,33.0,0.12,9.0,27.27,6.0,18.18,0.6930000000000001,0.24,26.09,9.3,20.93,30.23,19.44,31.03,,,,,,,,,,,,,,,41.0,0.27,7.0,17.07,4.0,9.76,0.638,0.0269999999999999,27.14,11.31,17.86,29.17,29.17,14.58
745975,2024-06-26,2024,666969,R,572971,L,field_out,False,False,98.0,0.224,27.0,27.55,9.0,9.18,0.708,0.18799999999999997,27.23,15.36,10.34,25.7,33.14,25.71,152.0,0.244,37.0,24.34,24.0,15.79,0.866,0.26,31.62,13.61,14.56,28.16,22.03,21.26,,,,,,,,,,,,,,,131.0,0.307,18.0,13.74,14.0,10.69,0.898,0.202,18.1,7.76,18.98,26.73,29.93,13.53
745975,2024-06-26,2024,694192,R,543135,R,single,False,False,173.0,0.252,47.0,27.17,7.0,4.05,0.684,0.15300000000000002,30.5,15.35,18.51,33.86,36.59,24.23,,,,,,,,,,,,,,,151.0,0.22,33.0,21.85,14.0,9.27,0.6839999999999999,0.159,29.9,14.77,15.11,29.88,32.17,18.54,315.0,0.245,80.0,25.4,30.0,9.52,0.762,0.188,26.86,12.53,15.37,27.9,29.24,19.32
745975,2024-06-26,2024,668930,L,543135,R,strikeout,True,False,251.0,0.3,39.0,15.54,22.0,8.76,0.798,0.135,12.23,5.62,18.66,24.27,25.33,13.73,376.0,0.224,82.0,21.81,30.0,7.98,0.608,0.097,22.03,10.83,16.08,26.9,28.59,16.14,118.0,0.198,37.0,31.36,11.0,9.32,0.611,0.14200000000000002,30.45,14.92,18.49,33.41,33.18,27.41,264.0,0.201,52.0,19.7,17.0,6.44,0.579,0.123,25.95,12.73,14.8,27.54,27.76,20.08
745975,2024-06-26,2024,661388,R,543135,R,field_out,False,False,265.0,0.292,49.0,18.49,23.0,8.68,0.825,0.17500000000000004,28.42,13.48,14.18,27.66,24.61,17.88,434.0,0.262,94.0,21.66,42.0,9.68,0.72,0.119,27.61,11.63,19.55,31.17,24.86,18.08,151.0,0.22,33.0,21.85,14.0,9.27,0.6839999999999999,0.159,29.9,14.77,15.11,29.88,32.17,18.54,315.0,0.245,80.0,25.4,30.0,9.52,0.762,0.188,26.86,12.53,15.37,27.9,29.24,19.32
745975,2024-06-26,2024,592885,L,543135,R,single,False,False,157.0,0.309,32.0,20.38,19.0,12.1,0.8540000000000001,0.15400000000000003,22.76,10.39,13.54,23.94,25.51,16.41,473.0,0.294,103.0,21.78,64.0,13.53,0.882,0.195,26.99,11.53,15.4,26.93,23.89,19.07,118.0,0.198,37.0,31.36,11.0,9.32,0.611,0.14200000000000002,30.45,14.92,18.49,33.41,33.18,27.41,264.0,0.201,52.0,19.7,17.0,6.44,0.579,0.123,25.95,12.73,14.8,27.54,27.76,20.08
745975,2024-06-26,2024,642715,R,543135,R,walk,False,True,264.0,0.262,57.0,21.59,28.0,10.61,0.806,0.202,28.97,13.98,14.46,28.45,26.25,17.87,480.0,0.212,117.0,24.38,47.0,9.79,0.702,0.194,32.44,16.53,12.85,29.38,32.69,19.28,151.0,0.22,33.0,21.85,14.0,9.27,0.6839999999999999,0.159,29.9,14.77,15.11,29.88,32.17,18.54,315.0,0.245,80.0,25.4,30.0,9.52,0.762,0.188,26.86,12.53,15.37,27.9,29.24,19.32
745975,2024-06-26,2024,641343,L,543135,R,home_run,False,False,164.0,0.21,57.0,34.76,17.0,10.37,0.685,0.168,29.8,13.45,18.54,31.99,21.71,26.64,244.0,0.205,83.0,34.02,26.0,10.66,0.72,0.228,32.78,14.71,16.21,30.93,23.65,23.92,118.0,0.198,37.0,31.36,11.0,9.32,0.611,0.14200000000000002,30.45,14.92,18.49,33.41,33.18,27.41,264.0,0.201,52.0,19.7,17.0,6.44,0.579,0.123,25.95,12.73,14.8,27.54,27.76,20.08
745975,2024-06-26,2024,656555,R,543135,R,strikeout,True,False,191.0,0.235,51.0,26.7,20.0,10.47,0.768,0.20500000000000002,26.45,10.71,21.18,31.88,22.03,18.68,,,,,,,,,,,,,,,151.0,0.22,33.0,21.85,14.0,9.27,0.6839999999999999,0.159,29.9,14.77,15.11,29.88,32.17,18.54,315.0,0.245,80.0,25.4,30.0,9.52,0.762,0.188,26.86,12.53,15.37,27.9,29.24,19.32
745975,2024-06-26,2024,694671,R,572971,L,walk,False,True,52.0,0.222,14.0,26.92,5.0,9.62,0.752,0.222,26.32,10.68,20.09,30.77,22.95,17.28,,,,,,,,,,,,,,,,,,,,,,,,,,,,,131.0,0.307,18.0,13.74,14.0,10.69,0.898,0.202,18.1,7.76,18.98,26.73,29.93,13.53
745975,2024-06-26,2024,663993,L,572971,L,home_run,False,False,74.0,0.254,19.0,25.68,10.0,13.51,0.637,0.03199999999999997,20.71,8.66,21.49,30.15,23.72,14.84,219.0,0.223,52.0,23.74,24.0,10.96,0.643,0.109,22.66,9.89,18.18,28.07,24.2,19.48,,,,,,,,,,,,,,,41.0,0.27,7.0,17.07,4.0,9.76,0.638,0.0269999999999999,27.14,11.31,17.86,29.17,29.17,14.58
745975,2024-06-26,2024,641680,R,572971,L,home_run,False,False,73.0,0.224,10.0,13.7,5.0,6.85,0.6020000000000001,0.10400000000000001,16.55,9.72,11.34,21.05,30.36,14.29,90.0,0.329,13.0,14.44,7.0,7.78,0.866,0.1589999999999999,20.1,11.3,11.3,22.6,34.86,13.0,,,,,,,,,,,,,,,131.0,0.307,18.0,13.74,14.0,10.69,0.898,0.202,18.1,7.76,18.98,26.73,29.93,13.53
745975,2024-06-26,2024,656537,R,572971,L,strikeout,True,False,7.0,0.333,1.0,14.29,1.0,14.29,0.762,0.0,21.43,13.04,17.39,30.43,60.0,10.0,13.0,0.231,3.0,23.08,0.0,0.0,0.539,0.0769999999999999,39.13,22.5,10.0,32.5,45.45,42.86,,,,,,,,,,,,,,,131.0,0.307,18.0,13.74,14.0,10.69,0.898,0.202,18.1,7.76,18.98,26.73,29.93,13.53
745975,2024-06-26,2024,673995,R,572971,L,double,False,False,30.0,0.103,3.0,10.0,1.0,3.33,0.374,0.138,22.81,13.0,14.0,27.0,30.77,10.0,,,,,,,,,,,,,,,,,,,,,,,,,,,,,131.0,0.307,18.0,13.74,14.0,10.69,0.898,0.202,18.1,7.76,18.98,26.73,29.93,13.53
745975,2024-06-26,2024,543760,R,572971,L,field_out,False,False,103.0,0.33,15.0,14.56,9.0,8.74,0.9410000000000001,0.22300000000000003,18.13,8.48,13.88,22.37,22.55,16.3,210.0,0.283,33.0,15.71,20.0,9.52,0.8009999999999999,0.156,18.13,8.56,14.97,23.53,20.61,16.58,,,,,,,,,,,,,,,131.0,0.307,18.0,13.74,14.0,10.69,0.898,0.202,18.1,7.76,18.98,26.73,29.93,13.53
745975,2024-06-26,2024,543257,R,572971,L,single,False,False,62.0,0.306,9.0,14.52,12.0,19.35,0.864,0.123,18.68,6.44,23.11,29.55,19.15,12.16,137.0,0.309,32.0,23.36,23.0,16.79,0.952,0.227,18.93,6.53,22.61,29.15,11.97,17.49,,,,,,,,,,,,,,,131.0,0.307,18.0,13.74,14.0,10.69,0.898,0.202,18.1,7.76,18.98,26.73,29.93,13.53
745975,2024-06-26,2024,669701,L,572971,L,force_out,False,False,71.0,0.35,17.0,23.94,6.0,8.45,0.952,0.16700000000000004,25.2,12.11,15.62,27.73,25.64,22.08,33.0,0.12,9.0,27.27,6.0,18.18,0.6930000000000001,0.24,26.09,9.3,20.93,30.23,19.44,31.03,,,,,,,,,,,,,,,41.0,0.27,7.0,17.07,4.0,9.76,0.638,0.0269999999999999,27.14,11.31,17.86,29.17,29.17,14.58
745975,2024-06-26,2024,686217,L,543135,R,single,False,False,236.0,0.262,42.0,17.8,23.0,9.75,0.672,0.067,14.8,5.9,21.83,27.73,26.02,16.28,180.0,0.261,30.0,16.67,23.0,12.78,0.722,0.1049999999999999,15.26,6.63,20.31,26.94,29.52,13.18,118.0,0.198,37.0,31.36,11.0,9.32,0.611,0.14200000000000002,30.45,14.92,18.49,33.41,33.18,27.41,264.0,0.201,52.0,19.7,17.0,6.44,0.579,0.123,25.95,12.73,14.8,27.54,27.76,20.08
745975,2024-06-26,2024,687401,R,543135,R,grounded_into_double_play,False,False,173.0,0.299,22.0,12.72,23.0,13.29,0.869,0.177,15.47,6.19,21.58,27.77,23.17,10.63,13.0,0.077,3.0,23.08,0.0,0.0,0.2309999999999999,0.077,15.79,8.11,21.62,29.73,26.67,33.33,151.0,0.22,33.0,21.85,14.0,9.27,0.6839999999999999,0.159,29.9,14.77,15.11,29.88,32.17,18.54,315.0,0.245,80.0,25.4,30.0,9.52,0.762,0.188,26.86,12.53,15.37,27.9,29.24,19.32
745975,2024-06-26,2024,694192,R,543135,R,home_run,False,False,173.0,0.252,47.0,27.17,7.0,4.05,0.684,0.15300000000000002,30.5,15.35,18.51,33.86,36.59,24.23,,,,,,,,,,,,,,,151.0,0.22,33.0,21.85,14.0,9.27,0.6839999999999999,0.159,29.9,14.77,15.11,29.88,32.17,18.54,315.0,0.245,80.0,25.4,30.0,9.52,0.762,0.188,26.86,12.53,15.37,27.9,29.24,19.32
745975,2024-06-26,2024,668930,L,543135,R,field_out,False,False,251.0,0.3,39.0,15.54,22.0,8.76,0.798,0.135,12.23,5.62,18.66,24.27,25.33,13.73,376.0,0.224,82.0,21.81,30.0,7.98,0.608,0.097,22.03,10.83,16.08,26.9,28.59,16.14,118.0,0.198,37.0,31.36,11.0,9.32,0.611,0.14200000000000002,30.45,14.92,18.49,33.41,33.18,27.41,264.0,0.201,52.0,19.7,17.0,6.44,0.579,0.123,25.95,12.73,14.8,27.54,27.76,20.08
745975,2024-06-26,2024,666969,R,596001,R,strikeout,True,False,212.0,0.216,56.0,26.42,14.0,6.6,0.681,0.19099999999999998,35.31,17.9,12.27,30.16,33.55,26.05,480.0,0.245,138.0,28.75,41.0,8.54,0.8260000000000001,0.264,31.65,15.93,13.92,29.85,32.02,21.97,12.0,0.3,3.0,25.0,1.0,8.33,1.017,0.3,26.32,12.82,20.51,33.33,36.84,25.0,241.0,0.274,68.0,28.22,10.0,4.15,0.749,0.1649999999999999,29.91,14.13,21.14,35.28,34.26,21.05
745975,2024-06-26,2024,694671,R,596001,R,field_out,False,False,171.0,0.256,31.0,18.13,10.0,5.85,0.642,0.08200000000000002,20.19,8.99,19.26,28.25,24.16,13.78,,,,,,,,,,,,,,,12.0,0.3,3.0,25.0,1.0,8.33,1.017,0.3,26.32,12.82,20.51,33.33,36.84,25.0,241.0,0.274,68.0,28.22,10.0,4.15,0.749,0.1649999999999999,29.91,14.13,21.14,35.28,34.26,21.05
745975,2024-06-26,2024,663993,L,596001,R,strikeout,True,False,157.0,0.252,28.0,17.83,19.0,12.1,0.7,0.10399999999999998,14.96,6.35,17.65,23.99,25.51,14.58,505.0,0.279,113.0,22.38,69.0,13.66,0.833,0.172,19.81,8.64,15.62,24.26,19.45,16.87,16.0,0.267,3.0,18.75,0.0,0.0,0.517,0.0,29.17,14.89,25.53,40.43,14.29,42.86,126.0,0.259,28.0,22.22,11.0,8.73,0.806,0.2139999999999999,22.01,9.83,19.66,29.49,27.23,23.53
745975,2024-06-26,2024,661388,R,543135,R,field_out,False,False,265.0,0.292,49.0,18.49,23.0,8.68,0.825,0.17500000000000004,28.42,13.48,14.18,27.66,24.61,17.88,434.0,0.262,94.0,21.66,42.0,9.68,0.72,0.119,27.61,11.63,19.55,31.17,24.86,18.08,151.0,0.22,33.0,21.85,14.0,9.27,0.6839999999999999,0.159,29.9,14.77,15.11,29.88,32.17,18.54,315.0,0.245,80.0,25.4,30.0,9.52,0.762,0.188,26.86,12.53,15.37,27.9,29.24,19.32
745975,2024-06-26,2024,592885,L,543135,R,field_out,False,False,157.0,0.309,32.0,20.38,19.0,12.1,0.8540000000000001,0.15400000000000003,22.76,10.39,13.54,23.94,25.51,16.41,473.0,0.294,103.0,21.78,64.0,13.53,0.882,0.195,26.99,11.53,15.4,26.93,23.89,19.07,118.0,0.198,37.0,31.36,11.0,9.32,0.611,0.14200000000000002,30.45,14.92,18.49,33.41,33.18,27.41,264.0,0.201,52.0,19.7,17.0,6.44,0.579,0.123,25.95,12.73,14.8,27.54,27.76,20.08
745975,2024-06-26,2024,642715,R,543135,R,field_out,False,False,264.0,0.262,57.0,21.59,28.0,10.61,0.806,0.202,28.97,13.98,14.46,28.45,26.25,17.87,480.0,0.212,117.0,24.38,47.0,9.79,0.702,0.194,32.44,16.53,12.85,29.38,32.69,19.28,151.0,0.22,33.0,21.85,14.0,9.27,0.6839999999999999,0.159,29.9,14.77,15.11,29.88,32.17,18.54,315.0,0.245,80.0,25.4,30.0,9.52,0.762,0.188,26.86,12.53,15.37,27.9,29.24,19.32
745975,2024-06-26,2024,641680,L,596001,R,walk,False,True,187.0,0.23,40.0,21.39,12.0,6.42,0.611,0.098,21.91,11.21,13.79,25.0,32.19,22.1,411.0,0.243,82.0,19.95,33.0,8.03,0.733,0.185,23.06,11.69,13.75,25.44,29.36,17.15,16.0,0.267,3.0,18.75,0.0,0.0,0.517,0.0,29.17,14.89,25.53,40.43,14.29,42.86,126.0,0.259,28.0,22.22,11.0,8.73,0.806,0.2139999999999999,22.01,9.83,19.66,29.49,27.23,23.53
745975,2024-06-26,2024,656537,R,596001,R,single,False,False,3.0,0.0,1.0,33.33,0.0,0.0,0.0,0.0,28.57,16.67,8.33,25.0,0.0,14.29,37.0,0.147,8.0,21.62,3.0,8.11,0.363,0.0,20.9,9.27,15.89,25.17,26.58,20.0,12.0,0.3,3.0,25.0,1.0,8.33,1.017,0.3,26.32,12.82,20.51,33.33,36.84,25.0,241.0,0.274,68.0,28.22,10.0,4.15,0.749,0.1649999999999999,29.91,14.13,21.14,35.28,34.26,21.05
745975,2024-06-26,2024,673995,R,596001,R,strikeout,True,False,7.0,0.143,3.0,42.86,0.0,0.0,0.286,0.0,30.0,12.0,28.0,40.0,25.0,42.86,,,,,,,,,,,,,,,12.0,0.3,3.0,25.0,1.0,8.33,1.017,0.3,26.32,12.82,20.51,33.33,36.84,25.0,241.0,0.274,68.0,28.22,10.0,4.15,0.749,0.1649999999999999,29.91,14.13,21.14,35.28,34.26,21.05
745975,2024-06-26,2024,543760,R,596001,R,field_out,False,False,247.0,0.213,34.0,13.77,20.0,8.1,0.626,0.13399999999999998,20.63,10.72,13.55,24.26,26.13,15.25,544.0,0.273,77.0,14.15,52.0,9.56,0.8360000000000001,0.2199999999999999,18.01,8.45,14.48,22.93,21.97,13.9,12.0,0.3,3.0,25.0,1.0,8.33,1.017,0.3,26.32,12.82,20.51,33.33,36.84,25.0,241.0,0.274,68.0,28.22,10.0,4.15,0.749,0.1649999999999999,29.91,14.13,21.14,35.28,34.26,21.05
745975,2024-06-26,2024,543257,L,596001,R,field_out,False,False,81.0,0.157,20.0,24.69,10.0,12.35,0.445,0.028999999999999998,19.85,7.61,19.44,27.04,15.61,19.61,283.0,0.206,66.0,23.32,34.0,12.01,0.633,0.123,20.58,8.17,20.25,28.42,17.66,20.62,16.0,0.267,3.0,18.75,0.0,0.0,0.517,0.0,29.17,14.89,25.53,40.43,14.29,42.86,126.0,0.259,28.0,22.22,11.0,8.73,0.806,0.2139999999999999,22.01,9.83,19.66,29.49,27.23,23.53
745975,2024-06-26,2024,641343,L,543135,R,strikeout,True,False,164.0,0.21,57.0,34.76,17.0,10.37,0.685,0.168,29.8,13.45,18.54,31.99,21.71,26.64,244.0,0.205,83.0,34.02,26.0,10.66,0.72,0.228,32.78,14.71,16.21,30.93,23.65,23.92,118.0,0.198,37.0,31.36,11.0,9.32,0.611,0.14200000000000002,30.45,14.92,18.49,33.41,33.18,27.41,264.0,0.201,52.0,19.7,17.0,6.44,0.579,0.123,25.95,12.73,14.8,27.54,27.76,20.08
745975,2024-06-26,2024,656555,R,543135,R,field_out,False,False,191.0,0.235,51.0,26.7,20.0,10.47,0.768,0.20500000000000002,26.45,10.71,21.18,31.88,22.03,18.68,,,,,,,,,,,,,,,151.0,0.22,33.0,21.85,14.0,9.27,0.6839999999999999,0.159,29.9,14.77,15.11,29.88,32.17,18.54,315.0,0.245,80.0,25.4,30.0,9.52,0.762,0.188,26.86,12.53,15.37,27.9,29.24,19.32
745975,2024-06-26,2024,686217,L,543135,R,single,False,False,236.0,0.262,42.0,17.8,23.0,9.75,0.672,0.067,14.8,5.9,21.83,27.73,26.02,16.28,180.0,0.261,30.0,16.67,23.0,12.78,0.722,0.1049999999999999,15.26,6.63,20.31,26.94,29.52,13.18,118.0,0.198,37.0,31.36,11.0,9.32,0.611,0.14200000000000002,30.45,14.92,18.49,33.41,33.18,27.41,264.0,0.201,52.0,19.7,17.0,6.44,0.579,0.123,25.95,12.73,14.8,27.54,27.76,20.08
745975,2024-06-26,2024,655316,R,543135,R,hit_by_pitch,False,False,17.0,0.2,6.0,35.29,2.0,11.76,0.5609999999999999,0.067,33.33,14.29,15.48,29.76,21.95,18.75,222.0,0.246,47.0,21.17,16.0,7.21,0.636,0.084,22.47,9.47,20.0,29.47,20.54,16.43,151.0,0.22,33.0,21.85,14.0,9.27,0.6839999999999999,0.159,29.9,14.77,15.11,29.88,32.17,18.54,315.0,0.245,80.0,25.4,30.0,9.52,0.762,0.188,26.86,12.53,15.37,27.9,29.24,19.32
745975,2024-06-26,2024,694192,R,543135,R,field_out,False,False,173.0,0.252,47.0,27.17,7.0,4.05,0.684,0.15300000000000002,30.5,15.35,18.51,33.86,36.59,24.23,,,,,,,,,,,,,,,151.0,0.22,33.0,21.85,14.0,9.27,0.6839999999999999,0.159,29.9,14.77,15.11,29.88,32.17,18.54,315.0,0.245,80.0,25.4,30.0,9.52,0.762,0.188,26.86,12.53,15.37,27.9,29.24,19.32
745975,2024-06-26,2024,669701,L,663542,L,strikeout,True,False,71.0,0.35,17.0,23.94,6.0,8.45,0.952,0.16700000000000004,25.2,12.11,15.62,27.73,25.64,22.08,33.0,0.12,9.0,27.27,6.0,18.18,0.6930000000000001,0.24,26.09,9.3,20.93,30.23,19.44,31.03,52.0,0.13,16.0,30.77,4.0,7.69,0.41300000000000003,0.087,23.6,10.77,20.0,30.77,22.35,30.19,19.0,0.286,1.0,5.26,3.0,15.79,0.707,0.0,18.92,8.75,21.25,30.0,15.15,3.45
745975,2024-06-26,2024,666969,R,663542,L,field_out,False,False,98.0,0.224,27.0,27.55,9.0,9.18,0.708,0.18799999999999997,27.23,15.36,10.34,25.7,33.14,25.71,152.0,0.244,37.0,24.34,24.0,15.79,0.866,0.26,31.62,13.61,14.56,28.16,22.03,21.26,101.0,0.137,32.0,31.68,4.0,3.96,0.441,0.11599999999999999,24.65,12.53,18.44,30.97,29.12,21.48,25.0,0.333,6.0,24.0,1.0,4.0,0.902,0.209,30.95,15.48,23.81,39.29,31.25,28.57
745975,2024-06-26,2024,694671,R,663542,L,field_out,False,False,52.0,0.222,14.0,26.92,5.0,9.62,0.752,0.222,26.32,10.68,20.09,30.77,22.95,17.28,,,,,,,,,,,,,,,101.0,0.137,32.0,31.68,4.0,3.96,0.441,0.11599999999999999,24.65,12.53,18.44,30.97,29.12,21.48,25.0,0.333,6.0,24.0,1.0,4.0,0.902,0.209,30.95,15.48,23.81,39.29,31.25,28.57
745975,2024-06-26,2024,668930,L,543135,R,field_out,False,False,251.0,0.3,39.0,15.54,22.0,8.76,0.798,0.135,12.23,5.62,18.66,24.27,25.33,13.73,376.0,0.224,82.0,21.81,30.0,7.98,0.608,0.097,22.03,10.83,16.08,26.9,28.59,16.14,118.0,0.198,37.0,31.36,11.0,9.32,0.611,0.14200000000000002,30.45,14.92,18.49,33.41,33.18,27.41,264.0,0.201,52.0,19.7,17.0,6.44,0.579,0.123,25.95,12.73,14.8,27.54,27.76,20.08
745975,2024-06-26,2024,661388,R,543135,R,field_out,False,False,265.0,0.292,49.0,18.49,23.0,8.68,0.825,0.17500000000000004,28.42,13.48,14.18,27.66,24.61,17.88,434.0,0.262,94.0,21.66,42.0,9.68,0.72,0.119,27.61,11.63,19.55,31.17,24.86,18.08,151.0,0.22,33.0,21.85,14.0,9.27,0.6839999999999999,0.159,29.9,14.77,15.11,29.88,32.17,18.54,315.0,0.245,80.0,25.4,30.0,9.52,0.762,0.188,26.86,12.53,15.37,27.9,29.24,19.32
745975,2024-06-26,2024,592885,L,543135,R,single,False,False,157.0,0.309,32.0,20.38,19.0,12.1,0.8540000000000001,0.15400000000000003,22.76,10.39,13.54,23.94,25.51,16.41,473.0,0.294,103.0,21.78,64.0,13.53,0.882,0.195,26.99,11.53,15.4,26.93,23.89,19.07,118.0,0.198,37.0,31.36,11.0,9.32,0.611,0.14200000000000002,30.45,14.92,18.49,33.41,33.18,27.41,264.0,0.201,52.0,19.7,17.0,6.44,0.579,0.123,25.95,12.73,14.8,27.54,27.76,20.08
745975,2024-06-26,2024,642715,R,543135,R,strikeout,True,False,264.0,0.262,57.0,21.59,28.0,10.61,0.806,0.202,28.97,13.98,14.46,28.45,26.25,17.87,480.0,0.212,117.0,24.38,47.0,9.79,0.702,0.194,32.44,16.53,12.85,29.38,32.69,19.28,151.0,0.22,33.0,21.85,14.0,9.27,0.6839999999999999,0.159,29.9,14.77,15.11,29.88,32.17,18.54,315.0,0.245,80.0,25.4,30.0,9.52,0.762,0.188,26.86,12.53,15.37,27.9,29.24,19.32
745975,2024-06-26,2024,663993,L,606303,R,field_out,False,False,157.0,0.252,28.0,17.83,19.0,12.1,0.7,0.10399999999999998,14.96,6.35,17.65,23.99,25.51,14.58,505.0,0.279,113.0,22.38,69.0,13.66,0.833,0.172,19.81,8.64,15.62,24.26,19.45,16.87,60.0,0.268,13.0,21.67,4.0,6.67,0.7989999999999999,0.21399999999999997,25.64,12.55,16.32,28.87,28.57,17.57,116.0,0.226,33.0,28.45,5.0,4.31,0.668,0.17,26.21,12.44,17.97,30.41,25.0,26.19
745975,2024-06-26,2024,641680,L,606303,R,field_out,False,False,187.0,0.23,40.0,21.39,12.0,6.42,0.611,0.098,21.91,11.21,13.79,25.0,32.19,22.1,411.0,0.243,82.0,19.95,33.0,8.03,0.733,0.185,23.06,11.69,13.75,25.44,29.36,17.15,60.0,0.268,13.0,21.67,4.0,6.67,0.7989999999999999,0.21399999999999997,25.64,12.55,16.32,28.87,28.57,17.57,116.0,0.226,33.0,28.45,5.0,4.31,0.668,0.17,26.21,12.44,17.97,30.41,25.0,26.19
745975,2024-06-26,2024,656537,R,606303,R,strikeout,True,False,3.0,0.0,1.0,33.33,0.0,0.0,0.0,0.0,28.57,16.67,8.33,25.0,0.0,14.29,37.0,0.147,8.0,21.62,3.0,8.11,0.363,0.0,20.9,9.27,15.89,25.17,26.58,20.0,58.0,0.208,11.0,18.97,2.0,3.45,0.548,0.094,23.08,11.11,17.59,28.7,29.0,18.97,172.0,0.214,44.0,25.58,12.0,6.98,0.587,0.091,27.46,11.27,19.65,30.92,25.96,22.05
745975,2024-06-26,2024,641343,L,502085,R,walk,False,True,164.0,0.21,57.0,34.76,17.0,10.37,0.685,0.168,29.8,13.45,18.54,31.99,21.71,26.64,244.0,0.205,83.0,34.02,26.0,10.66,0.72,0.228,32.78,14.71,16.21,30.93,23.65,23.92,64.0,0.121,27.0,42.19,5.0,7.81,0.42700000000000005,0.10300000000000001,30.0,12.45,22.64,35.09,27.13,30.34,130.0,0.226,36.0,27.69,14.0,10.77,0.6719999999999999,0.1309999999999999,29.0,12.74,19.01,31.75,30.96,22.64
745975,2024-06-26,2024,656555,R,502085,R,strikeout,True,False,191.0,0.235,51.0,26.7,20.0,10.47,0.768,0.20500000000000002,26.45,10.71,21.18,31.88,22.03,18.68,,,,,,,,,,,,,,,75.0,0.266,25.0,33.33,7.0,9.33,0.695,0.07799999999999996,32.46,12.21,23.43,35.64,23.33,28.09,139.0,0.216,42.0,30.22,11.0,7.91,0.6419999999999999,0.1359999999999999,33.2,15.06,18.51,33.58,26.3,26.42
745975,2024-06-26,2024,686217,L,502085,R,force_out,False,False,236.0,0.262,42.0,17.8,23.0,9.75,0.672,0.067,14.8,5.9,21.83,27.73,26.02,16.28,180.0,0.261,30.0,16.67,23.0,12.78,0.722,0.1049999999999999,15.26,6.63,20.31,26.94,29.52,13.18,64.0,0.121,27.0,42.19,5.0,7.81,0.42700000000000005,0.10300000000000001,30.0,12.45,22.64,35.09,27.13,30.34,130.0,0.226,36.0,27.69,14.0,10.77,0.6719999999999999,0.1309999999999999,29.0,12.74,19.01,31.75,30.96,22.64
745975,2024-06-26,2024,655316,R,502085,R,strikeout,True,False,17.0,0.2,6.0,35.29,2.0,11.76,0.5609999999999999,0.067,33.33,14.29,15.48,29.76,21.95,18.75,222.0,0.246,47.0,21.17,16.0,7.21,0.636,0.084,22.47,9.47,20.0,29.47,20.54,16.43,75.0,0.266,25.0,33.33,7.0,9.33,0.695,0.07799999999999996,32.46,12.21,23.43,35.64,23.33,28.09,139.0,0.216,42.0,30.22,11.0,7.91,0.6419999999999999,0.1359999999999999,33.2,15.06,18.51,33.58,26.3,26.42
745975,2024-06-26,2024,673995,R,656730,R,single,False,False,7.0,0.143,3.0,42.86,0.0,0.0,0.286,0.0,30.0,12.0,28.0,40.0,25.0,42.86,,,,,,,,,,,,,,,57.0,0.204,16.0,28.07,2.0,3.51,0.487,0.05500000000000002,33.61,19.71,12.02,31.73,39.18,23.88,76.0,0.254,29.0,38.16,5.0,6.58,0.751,0.194,33.77,16.89,18.87,35.76,34.06,31.18
745975,2024-06-26,2024,543760,R,656730,R,grounded_into_double_play,False,False,247.0,0.213,34.0,13.77,20.0,8.1,0.626,0.13399999999999998,20.63,10.72,13.55,24.26,26.13,15.25,544.0,0.273,77.0,14.15,52.0,9.56,0.8360000000000001,0.2199999999999999,18.01,8.45,14.48,22.93,21.97,13.9,57.0,0.204,16.0,28.07,2.0,3.51,0.487,0.05500000000000002,33.61,19.71,12.02,31.73,39.18,23.88,76.0,0.254,29.0,38.16,5.0,6.58,0.751,0.194,33.77,16.89,18.87,35.76,34.06,31.18
745975,2024-06-26,2024,665750,L,656730,R,field_out,False,False,195.0,0.222,38.0,19.49,15.0,7.69,0.6319999999999999,0.12799999999999997,24.2,12.45,14.64,27.09,32.61,17.35,405.0,0.275,86.0,21.23,25.0,6.17,0.767,0.174,24.9,12.5,15.05,27.55,29.44,18.34,42.0,0.2,14.0,33.33,5.0,11.9,0.546,0.028999999999999998,36.49,16.46,15.24,31.71,28.57,32.56,72.0,0.277,23.0,31.94,7.0,9.72,0.6699999999999999,0.0459999999999999,31.01,13.33,20.0,33.33,24.29,22.77
745975,2024-06-26,2024,694192,R,489446,R,field_out,False,False,173.0,0.252,47.0,27.17,7.0,4.05,0.684,0.15300000000000002,30.5,15.35,18.51,33.86,36.59,24.23,,,,,,,,,,,,,,,63.0,0.145,18.0,28.57,6.0,9.52,0.42600000000000005,0.05500000000000002,35.21,18.38,10.29,28.68,34.25,21.18,136.0,0.204,47.0,34.56,16.0,11.76,0.657,0.132,33.07,14.97,16.22,31.19,30.57,26.7
745975,2024-06-26,2024,668930,L,489446,R,single,False,False,251.0,0.3,39.0,15.54,22.0,8.76,0.798,0.135,12.23,5.62,18.66,24.27,25.33,13.73,376.0,0.224,82.0,21.81,30.0,7.98,0.608,0.097,22.03,10.83,16.08,26.9,28.59,16.14,43.0,0.114,18.0,41.86,7.0,16.28,0.42700000000000005,0.05700000000000001,34.18,13.5,22.0,35.5,25.96,26.47,119.0,0.124,33.0,27.73,21.0,17.65,0.575,0.1649999999999999,28.19,12.75,12.15,24.9,24.91,21.85
745975,2024-06-26,2024,661388,R,489446,R,strikeout,True,False,265.0,0.292,49.0,18.49,23.0,8.68,0.825,0.17500000000000004,28.42,13.48,14.18,27.66,24.61,17.88,434.0,0.262,94.0,21.66,42.0,9.68,0.72,0.119,27.61,11.63,19.55,31.17,24.86,18.08,63.0,0.145,18.0,28.57,6.0,9.52,0.42600000000000005,0.05500000000000002,35.21,18.38,10.29,28.68,34.25,21.18,136.0,0.204,47.0,34.56,16.0,11.76,0.657,0.132,33.07,14.97,16.22,31.19,30.57,26.7
745975,2024-06-26,2024,592885,L,489446,R,intent_walk,False,True,157.0,0.309,32.0,20.38,19.0,12.1,0.8540000000000001,0.15400000000000003,22.76,10.39,13.54,23.94,25.51,16.41,473.0,0.294,103.0,21.78,64.0,13.53,0.882,0.195,26.99,11.53,15.4,26.93,23.89,19.07,43.0,0.114,18.0,41.86,7.0,16.28,0.42700000000000005,0.05700000000000001,34.18,13.5,22.0,35.5,25.96,26.47,119.0,0.124,33.0,27.73,21.0,17.65,0.575,0.1649999999999999,28.19,12.75,12.15,24.9,24.91,21.85
745975,2024-06-26,2024,642715,R,489446,R,strikeout,True,False,264.0,0.262,57.0,21.59,28.0,10.61,0.806,0.202,28.97,13.98,14.46,28.45,26.25,17.87,480.0,0.212,117.0,24.38,47.0,9.79,0.702,0.194,32.44,16.53,12.85,29.38,32.69,19.28,63.0,0.145,18.0,28.57,6.0,9.52,0.42600000000000005,0.05500000000000002,35.21,18.38,10.29,28.68,34.25,21.18,136.0,0.204,47.0,34.56,16.0,11.76,0.657,0.132,33.07,14.97,16.22,31.19,30.57,26.7
745975,2024-06-26,2024,669701,L,657649,L,strikeout,True,False,71.0,0.35,17.0,23.94,6.0,8.45,0.952,0.16700000000000004,25.2,12.11,15.62,27.73,25.64,22.08,33.0,0.12,9.0,27.27,6.0,18.18,0.6930000000000001,0.24,26.09,9.3,20.93,30.23,19.44,31.03,58.0,0.204,11.0,18.97,3.0,5.17,0.505,0.05500000000000002,23.58,12.2,18.54,30.73,35.9,15.94,,,,,,,,,,,,,,
745975,2024-06-26,2024,666969,R,657649,L,field_out,False,False,98.0,0.224,27.0,27.55,9.0,9.18,0.708,0.18799999999999997,27.23,15.36,10.34,25.7,33.14,25.71,152.0,0.244,37.0,24.34,24.0,15.79,0.866,0.26,31.62,13.61,14.56,28.16,22.03,21.26,89.0,0.205,20.0,22.47,7.0,7.87,0.603,0.10300000000000001,23.24,10.31,19.06,29.38,25.34,24.39,,,,,,,,,,,,,,
745975,2024-06-26,2024,694671,R,657649,L,intent_walk,False,True,52.0,0.222,14.0,26.92,5.0,9.62,0.752,0.222,26.32,10.68,20.09,30.77,22.95,17.28,,,,,,,,,,,,,,,89.0,0.205,20.0,22.47,7.0,7.87,0.603,0.10300000000000001,23.24,10.31,19.06,29.38,25.34,24.39,,,,,,,,,,,,,,
745975,2024-06-26,2024,663993,L,657649,L,strikeout,True,False,74.0,0.254,19.0,25.68,10.0,13.51,0.637,0.03199999999999997,20.71,8.66,21.49,30.15,23.72,14.84,219.0,0.223,52.0,23.74,24.0,10.96,0.643,0.109,22.66,9.89,18.18,28.07,24.2,19.48,58.0,0.204,11.0,18.97,3.0,5.17,0.505,0.05500000000000002,23.58,12.2,18.54,30.73,35.9,15.94,,,,,,,,,,,,,,
745975,2024-06-26,2024,641343,L,656641,L,field_out,False,False,25.0,0.273,3.0,12.0,1.0,4.0,0.833,0.22699999999999998,23.91,11.11,17.17,28.28,15.0,11.11,28.0,0.185,12.0,42.86,1.0,3.57,0.473,0.074,37.5,20.59,22.55,43.14,39.47,31.58,54.0,0.239,14.0,25.93,8.0,14.81,0.7,0.10899999999999999,26.09,11.49,14.94,26.44,23.62,15.05,5.0,0.0,2.0,40.0,0.0,0.0,0.0,0.0,10.0,4.35,17.39,21.74,28.57,28.57
745975,2024-06-26,2024,656555,R,656641,L,intent_walk,False,True,46.0,0.184,9.0,19.57,5.0,10.87,0.625,0.15800000000000003,26.37,12.24,16.33,28.57,26.6,13.43,,,,,,,,,,,,,,,80.0,0.197,15.0,18.75,8.0,10.0,0.584,0.09899999999999998,30.43,15.56,12.38,27.94,36.78,14.56,17.0,0.071,3.0,17.65,3.0,17.65,0.306,0.0,34.29,16.44,15.07,31.51,34.04,11.54
745975,2024-06-26,2024,686217,L,656641,L,field_out,False,False,32.0,0.267,8.0,25.0,1.0,3.12,0.69,0.133,17.39,7.27,24.55,31.82,20.0,27.59,43.0,0.184,7.0,16.28,5.0,11.63,0.5680000000000001,0.1049999999999999,11.43,4.71,21.18,25.88,26.83,17.07,54.0,0.239,14.0,25.93,8.0,14.81,0.7,0.10899999999999999,26.09,11.49,14.94,26.44,23.62,15.05,5.0,0.0,2.0,40.0,0.0,0.0,0.0,0.0,10.0,4.35,17.39,21.74,28.57,28.57
745975,2024-06-26,2024,655316,R,656641,L,single,False,False,30.0,0.115,7.0,23.33,4.0,13.33,0.464,0.116,23.08,8.39,24.48,32.87,16.46,12.96,93.0,0.291,19.0,20.43,12.0,12.9,0.779,0.101,20.0,8.4,19.75,28.15,26.29,15.32,80.0,0.197,15.0,18.75,8.0,10.0,0.584,0.09899999999999998,30.43,15.56,12.38,27.94,36.78,14.56,17.0,0.071,3.0,17.65,3.0,17.65,0.306,0.0,34.29,16.44,15.07,31.51,34.04,11.54
746212,2024-06-26,2024,663662,R,672710,R,strikeout,True,False,42.0,0.154,8.0,19.05,3.0,7.14,0.445,0.07700000000000001,25.61,13.38,17.2,30.57,25.0,15.38,,,,,,,,,,,,,,,74.0,0.242,20.0,27.03,9.0,12.16,0.8580000000000001,0.274,27.01,14.02,12.5,26.52,29.84,25.97,160.0,0.264,38.0,23.75,19.0,11.88,0.766,0.1499999999999999,31.71,14.33,18.27,32.6,29.6,19.69
746212,2024-06-26,2024,691016,L,672710,R,field_out,False,False,115.0,0.232,36.0,31.3,12.0,10.43,0.777,0.212,34.17,15.81,15.81,31.63,29.28,30.25,118.0,0.159,37.0,31.36,10.0,8.47,0.472,0.0839999999999999,33.93,16.67,14.91,31.58,29.36,28.91,54.0,0.24,9.0,16.67,4.0,7.41,0.5760000000000001,0.040000000000000036,21.11,9.27,16.59,25.85,26.21,17.65,142.0,0.302,17.0,11.97,13.0,9.15,0.893,0.222,20.48,9.98,15.26,25.24,29.01,11.68
746212,2024-06-26,2024,609280,R,672710,R,double,False,False,102.0,0.296,15.0,14.71,3.0,2.94,0.692,0.08200000000000002,16.41,8.42,17.63,26.05,35.11,13.51,52.0,0.229,6.0,11.54,4.0,7.69,0.705,0.1879999999999999,14.58,7.49,13.9,21.39,30.93,12.77,74.0,0.242,20.0,27.03,9.0,12.16,0.8580000000000001,0.274,27.01,14.02,12.5,26.52,29.84,25.97,160.0,0.264,38.0,23.75,19.0,11.88,0.766,0.1499999999999999,31.71,14.33,18.27,32.6,29.6,19.69
746212,2024-06-26,2024,667670,R,672710,R,field_out,False,False,215.0,0.261,78.0,36.28,23.0,10.7,0.825,0.21799999999999997,38.75,18.72,12.89,31.61,29.77,29.21,351.0,0.23,115.0,32.76,33.0,9.4,0.788,0.2419999999999999,37.94,17.82,16.3,34.12,28.65,23.47,74.0,0.242,20.0,27.03,9.0,12.16,0.8580000000000001,0.274,27.01,14.02,12.5,26.52,29.84,25.97,160.0,0.264,38.0,23.75,19.0,11.88,0.766,0.1499999999999999,31.71,14.33,18.27,32.6,29.6,19.69
746212,2024-06-26,2024,694384,L,683155,R,single,False,False,230.0,0.23,40.0,17.39,19.0,8.26,0.651,0.11799999999999997,15.84,6.85,20.79,27.64,24.38,15.0,104.0,0.291,15.0,14.42,14.0,13.46,0.7569999999999999,0.0579999999999999,18.78,8.02,17.92,25.94,20.47,11.45,71.0,0.266,11.0,15.49,7.0,9.86,0.9630000000000001,0.359,17.28,9.3,13.29,22.59,24.41,9.57,26.0,0.304,4.0,15.38,2.0,7.69,1.124,0.435,31.82,15.05,16.13,31.18,22.5,16.67
746212,2024-06-26,2024,650859,L,683155,R,double,False,False,192.0,0.282,27.0,14.06,11.0,5.73,0.7090000000000001,0.09200000000000003,20.98,11.19,12.35,23.55,32.61,13.24,322.0,0.24,60.0,18.63,31.0,9.63,0.7270000000000001,0.166,24.18,11.79,13.87,25.66,28.19,14.39,71.0,0.266,11.0,15.49,7.0,9.86,0.9630000000000001,0.359,17.28,9.3,13.29,22.59,24.41,9.57,26.0,0.304,4.0,15.38,2.0,7.69,1.124,0.435,31.82,15.05,16.13,31.18,22.5,16.67
746212,2024-06-26,2024,621493,R,683155,R,field_out,False,False,257.0,0.213,63.0,24.51,30.0,11.67,0.712,0.19399999999999998,24.29,10.15,19.9,30.05,18.38,20.88,295.0,0.233,61.0,20.68,27.0,9.15,0.702,0.148,23.43,10.4,15.98,26.37,23.09,17.78,102.0,0.25,20.0,19.61,3.0,2.94,0.732,0.198,21.21,12.1,14.99,27.09,34.25,19.8,21.0,0.263,3.0,14.29,0.0,0.0,0.859,0.263,25.58,14.47,14.47,28.95,43.9,15.0
746212,2024-06-26,2024,593934,R,683155,R,strikeout,True,False,56.0,0.24,26.0,46.43,4.0,7.14,0.644,0.10000000000000003,42.86,19.75,16.87,36.63,28.8,28.26,,,,,,,,,,,,,,,102.0,0.25,20.0,19.61,3.0,2.94,0.732,0.198,21.21,12.1,14.99,27.09,34.25,19.8,21.0,0.263,3.0,14.29,0.0,0.0,0.859,0.263,25.58,14.47,14.47,28.95,43.9,15.0
746212,2024-06-26,2024,641432,L,683155,R,intent_walk,False,True,131.0,0.293,17.0,12.98,7.0,5.34,0.743,0.122,13.72,6.35,17.21,23.57,23.87,14.78,139.0,0.256,15.0,10.79,13.0,9.35,0.756,0.176,14.22,5.56,19.54,25.1,21.32,10.83,71.0,0.266,11.0,15.49,7.0,9.86,0.9630000000000001,0.359,17.28,9.3,13.29,22.59,24.41,9.57,26.0,0.304,4.0,15.38,2.0,7.69,1.124,0.435,31.82,15.05,16.13,31.18,22.5,16.67
746212,2024-06-26,2024,607680,R,683155,R,field_out,False,False,94.0,0.22,16.0,17.02,7.0,7.45,0.7030000000000001,0.18200000000000002,21.59,10.95,15.56,26.51,34.64,14.16,95.0,0.202,22.0,23.16,4.0,4.21,0.58,0.1459999999999999,23.46,13.0,15.17,28.17,39.61,20.95,102.0,0.25,20.0,19.61,3.0,2.94,0.732,0.198,21.21,12.1,14.99,27.09,34.25,19.8,21.0,0.263,3.0,14.29,0.0,0.0,0.859,0.263,25.58,14.47,14.47,28.95,43.9,15.0
746212,2024-06-26,2024,663527,R,672710,R,field_out,False,False,103.0,0.228,25.0,24.27,10.0,9.71,0.637,0.098,29.47,14.11,16.37,30.48,26.11,22.52,79.0,0.167,18.0,22.78,9.0,11.39,0.5489999999999999,0.091,24.38,11.4,17.84,29.24,24.85,14.29,74.0,0.242,20.0,27.03,9.0,12.16,0.8580000000000001,0.274,27.01,14.02,12.5,26.52,29.84,25.97,160.0,0.264,38.0,23.75,19.0,11.88,0.766,0.1499999999999999,31.71,14.33,18.27,32.6,29.6,19.69
746212,2024-06-26,2024,671732,L,672710,R,field_out,False,False,123.0,0.204,35.0,28.46,14.0,11.38,0.599,0.10200000000000001,29.13,12.84,18.2,31.03,25.45,21.12,107.0,0.216,29.0,27.1,3.0,2.8,0.616,0.157,31.16,14.83,17.7,32.54,26.94,22.48,54.0,0.24,9.0,16.67,4.0,7.41,0.5760000000000001,0.040000000000000036,21.11,9.27,16.59,25.85,26.21,17.65,142.0,0.302,17.0,11.97,13.0,9.15,0.893,0.222,20.48,9.98,15.26,25.24,29.01,11.68
746212,2024-06-26,2024,669137,R,672710,R,single,False,False,3.0,0.333,1.0,33.33,0.0,0.0,0.666,0.0,25.0,11.11,33.33,44.44,0.0,33.33,,,,,,,,,,,,,,,74.0,0.242,20.0,27.03,9.0,12.16,0.8580000000000001,0.274,27.01,14.02,12.5,26.52,29.84,25.97,160.0,0.264,38.0,23.75,19.0,11.88,0.766,0.1499999999999999,31.71,14.33,18.27,32.6,29.6,19.69
746212,2024-06-26,2024,668832,L,672710,R,walk,False,True,84.0,0.284,26.0,30.95,10.0,11.9,0.815,0.16200000000000003,44.3,19.7,14.93,34.63,19.5,27.37,,,,,,,,,,,,,,,54.0,0.24,9.0,16.67,4.0,7.41,0.5760000000000001,0.040000000000000036,21.11,9.27,16.59,25.85,26.21,17.65,142.0,0.302,17.0,11.97,13.0,9.15,0.893,0.222,20.48,9.98,15.26,25.24,29.01,11.68
746212,2024-06-26,2024,680474,R,672710,R,double,False,False,147.0,0.233,41.0,27.89,15.0,10.2,0.624,0.06899999999999998,29.48,12.33,20.17,32.5,20.7,22.91,,,,,,,,,,,,,,,74.0,0.242,20.0,27.03,9.0,12.16,0.8580000000000001,0.274,27.01,14.02,12.5,26.52,29.84,25.97,160.0,0.264,38.0,23.75,19.0,11.88,0.766,0.1499999999999999,31.71,14.33,18.27,32.6,29.6,19.69
746212,2024-06-26,2024,666160,L,683155,R,field_out,False,False,184.0,0.211,47.0,25.54,13.0,7.07,0.605,0.12800000000000003,27.7,15.33,12.21,27.54,35.98,18.8,259.0,0.293,93.0,35.91,7.0,2.7,0.8620000000000001,0.249,38.62,24.01,9.43,33.44,46.84,30.07,71.0,0.266,11.0,15.49,7.0,9.86,0.9630000000000001,0.359,17.28,9.3,13.29,22.59,24.41,9.57,26.0,0.304,4.0,15.38,2.0,7.69,1.124,0.435,31.82,15.05,16.13,31.18,22.5,16.67
746212,2024-06-26,2024,687263,R,683155,R,strikeout,True,False,232.0,0.216,59.0,25.43,12.0,5.17,0.681,0.19199999999999998,29.31,15.23,15.23,30.47,34.16,22.26,262.0,0.222,62.0,23.66,18.0,6.87,0.6599999999999999,0.1349999999999999,28.77,13.7,16.19,29.89,23.52,18.84,102.0,0.25,20.0,19.61,3.0,2.94,0.732,0.198,21.21,12.1,14.99,27.09,34.25,19.8,21.0,0.263,3.0,14.29,0.0,0.0,0.859,0.263,25.58,14.47,14.47,28.95,43.9,15.0
746212,2024-06-26,2024,642136,L,683155,R,strikeout,True,False,63.0,0.245,21.0,33.33,9.0,14.29,0.751,0.15100000000000002,40.91,16.98,15.85,32.83,24.49,25.3,266.0,0.215,71.0,26.69,31.0,11.65,0.6759999999999999,0.145,34.8,16.01,13.25,29.25,18.13,22.15,71.0,0.266,11.0,15.49,7.0,9.86,0.9630000000000001,0.359,17.28,9.3,13.29,22.59,24.41,9.57,26.0,0.304,4.0,15.38,2.0,7.69,1.124,0.435,31.82,15.05,16.13,31.18,22.5,16.67
746212,2024-06-26,2024,663662,R,672710,R,strikeout,True,False,42.0,0.154,8.0,19.05,3.0,7.14,0.445,0.07700000000000001,25.61,13.38,17.2,30.57,25.0,15.38,,,,,,,,,,,,,,,74.0,0.242,20.0,27.03,9.0,12.16,0.8580000000000001,0.274,27.01,14.02,12.5,26.52,29.84,25.97,160.0,0.264,38.0,23.75,19.0,11.88,0.766,0.1499999999999999,31.71,14.33,18.27,32.6,29.6,19.69
746212,2024-06-26,2024,691016,L,672710,R,field_out,False,False,115.0,0.232,36.0,31.3,12.0,10.43,0.777,0.212,34.17,15.81,15.81,31.63,29.28,30.25,118.0,0.159,37.0,31.36,10.0,8.47,0.472,0.0839999999999999,33.93,16.67,14.91,31.58,29.36,28.91,54.0,0.24,9.0,16.67,4.0,7.41,0.5760000000000001,0.040000000000000036,21.11,9.27,16.59,25.85,26.21,17.65,142.0,0.302,17.0,11.97,13.0,9.15,0.893,0.222,20.48,9.98,15.26,25.24,29.01,11.68
746212,2024-06-26,2024,609280,R,672710,R,field_out,False,False,102.0,0.296,15.0,14.71,3.0,2.94,0.692,0.08200000000000002,16.41,8.42,17.63,26.05,35.11,13.51,52.0,0.229,6.0,11.54,4.0,7.69,0.705,0.1879999999999999,14.58,7.49,13.9,21.39,30.93,12.77,74.0,0.242,20.0,27.03,9.0,12.16,0.8580000000000001,0.274,27.01,14.02,12.5,26.52,29.84,25.97,160.0,0.264,38.0,23.75,19.0,11.88,0.766,0.1499999999999999,31.71,14.33,18.27,32.6,29.6,19.69
746212,2024-06-26,2024,694384,L,683155,R,strikeout,True,False,230.0,0.23,40.0,17.39,19.0,8.26,0.651,0.11799999999999997,15.84,6.85,20.79,27.64,24.38,15.0,104.0,0.291,15.0,14.42,14.0,13.46,0.7569999999999999,0.0579999999999999,18.78,8.02,17.92,25.94,20.47,11.45,71.0,0.266,11.0,15.49,7.0,9.86,0.9630000000000001,0.359,17.28,9.3,13.29,22.59,24.41,9.57,26.0,0.304,4.0,15.38,2.0,7.69,1.124,0.435,31.82,15.05,16.13,31.18,22.5,16.67
746212,2024-06-26,2024,650859,L,683155,R,field_out,False,False,192.0,0.282,27.0,14.06,11.0,5.73,0.7090000000000001,0.09200000000000003,20.98,11.19,12.35,23.55,32.61,13.24,322.0,0.24,60.0,18.63,31.0,9.63,0.7270000000000001,0.166,24.18,11.79,13.87,25.66,28.19,14.39,71.0,0.266,11.0,15.49,7.0,9.86,0.9630000000000001,0.359,17.28,9.3,13.29,22.59,24.41,9.57,26.0,0.304,4.0,15.38,2.0,7.69,1.124,0.435,31.82,15.05,16.13,31.18,22.5,16.67
746212,2024-06-26,2024,621493,R,683155,R,field_out,False,False,257.0,0.213,63.0,24.51,30.0,11.67,0.712,0.19399999999999998,24.29,10.15,19.9,30.05,18.38,20.88,295.0,0.233,61.0,20.68,27.0,9.15,0.702,0.148,23.43,10.4,15.98,26.37,23.09,17.78,102.0,0.25,20.0,19.61,3.0,2.94,0.732,0.198,21.21,12.1,14.99,27.09,34.25,19.8,21.0,0.263,3.0,14.29,0.0,0.0,0.859,0.263,25.58,14.47,14.47,28.95,43.9,15.0
746212,2024-06-26,2024,667670,R,672710,R,double,False,False,215.0,0.261,78.0,36.28,23.0,10.7,0.825,0.21799999999999997,38.75,18.72,12.89,31.61,29.77,29.21,351.0,0.23,115.0,32.76,33.0,9.4,0.788,0.2419999999999999,37.94,17.82,16.3,34.12,28.65,23.47,74.0,0.242,20.0,27.03,9.0,12.16,0.8580000000000001,0.274,27.01,14.02,12.5,26.52,29.84,25.97,160.0,0.264,38.0,23.75,19.0,11.88,0.766,0.1499999999999999,31.71,14.33,18.27,32.6,29.6,19.69
746212,2024-06-26,2024,663527,R,672710,R,walk,False,True,103.0,0.228,25.0,24.27,10.0,9.71,0.637,0.098,29.47,14.11,16.37,30.48,26.11,22.52,79.0,0.167,18.0,22.78,9.0,11.39,0.5489999999999999,0.091,24.38,11.4,17.84,29.24,24.85,14.29,74.0,0.242,20.0,27.03,9.0,12.16,0.8580000000000001,0.274,27.01,14.02,12.5,26.52,29.84,25.97,160.0,0.264,38.0,23.75,19.0,11.88,0.766,0.1499999999999999,31.71,14.33,18.27,32.6,29.6,19.69
746212,2024-06-26,2024,671732,L,668968,R,grounded_into_double_play,False,False,123.0,0.204,35.0,28.46,14.0,11.38,0.599,0.10200000000000001,29.13,12.84,18.2,31.03,25.45,21.12,107.0,0.216,29.0,27.1,3.0,2.8,0.616,0.157,31.16,14.83,17.7,32.54,26.94,22.48,3.0,0.0,1.0,33.33,0.0,0.0,0.0,0.0,42.86,23.08,7.69,30.77,37.5,25.0,,,,,,,,,,,,,,
746212,2024-06-26,2024,669137,R,668968,R,field_out,False,False,3.0,0.333,1.0,33.33,0.0,0.0,0.666,0.0,25.0,11.11,33.33,44.44,0.0,33.33,,,,,,,,,,,,,,,4.0,0.0,3.0,75.0,1.0,25.0,0.25,0.0,71.43,27.78,16.67,44.44,30.0,75.0,,,,,,,,,,,,,,
746212,2024-06-26,2024,593934,R,683155,R,field_out,False,False,56.0,0.24,26.0,46.43,4.0,7.14,0.644,0.10000000000000003,42.86,19.75,16.87,36.63,28.8,28.26,,,,,,,,,,,,,,,102.0,0.25,20.0,19.61,3.0,2.94,0.732,0.198,21.21,12.1,14.99,27.09,34.25,19.8,21.0,0.263,3.0,14.29,0.0,0.0,0.859,0.263,25.58,14.47,14.47,28.95,43.9,15.0
746212,2024-06-26,2024,641432,L,683155,R,strikeout,True,False,131.0,0.293,17.0,12.98,7.0,5.34,0.743,0.122,13.72,6.35,17.21,23.57,23.87,14.78,139.0,0.256,15.0,10.79,13.0,9.35,0.756,0.176,14.22,5.56,19.54,25.1,21.32,10.83,71.0,0.266,11.0,15.49,7.0,9.86,0.9630000000000001,0.359,17.28,9.3,13.29,22.59,24.41,9.57,26.0,0.304,4.0,15.38,2.0,7.69,1.124,0.435,31.82,15.05,16.13,31.18,22.5,16.67
746212,2024-06-26,2024,607680,R,683155,R,hit_by_pitch,False,False,94.0,0.22,16.0,17.02,7.0,7.45,0.7030000000000001,0.18200000000000002,21.59,10.95,15.56,26.51,34.64,14.16,95.0,0.202,22.0,23.16,4.0,4.21,0.58,0.1459999999999999,23.46,13.0,15.17,28.17,39.61,20.95,102.0,0.25,20.0,19.61,3.0,2.94,0.732,0.198,21.21,12.1,14.99,27.09,34.25,19.8,21.0,0.263,3.0,14.29,0.0,0.0,0.859,0.263,25.58,14.47,14.47,28.95,43.9,15.0
746212,2024-06-26,2024,666160,L,683155,R,strikeout,True,False,184.0,0.211,47.0,25.54,13.0,7.07,0.605,0.12800000000000003,27.7,15.33,12.21,27.54,35.98,18.8,259.0,0.293,93.0,35.91,7.0,2.7,0.8620000000000001,0.249,38.62,24.01,9.43,33.44,46.84,30.07,71.0,0.266,11.0,15.49,7.0,9.86,0.9630000000000001,0.359,17.28,9.3,13.29,22.59,24.41,9.57,26.0,0.304,4.0,15.38,2.0,7.69,1.124,0.435,31.82,15.05,16.13,31.18,22.5,16.67
746212,2024-06-26,2024,668832,L,668968,R,field_out,False,False,84.0,0.284,26.0,30.95,10.0,11.9,0.815,0.16200000000000003,44.3,19.7,14.93,34.63,19.5,27.37,,,,,,,,,,,,,,,3.0,0.0,1.0,33.33,0.0,0.0,0.0,0.0,42.86,23.08,7.69,30.77,37.5,25.0,,,,,,,,,,,,,,
746212,2024-06-26,2024,680474,R,668968,R,walk,False,True,147.0,0.233,41.0,27.89,15.0,10.2,0.624,0.06899999999999998,29.48,12.33,20.17,32.5,20.7,22.91,,,,,,,,,,,,,,,4.0,0.0,3.0,75.0,1.0,25.0,0.25,0.0,71.43,27.78,16.67,44.44,30.0,75.0,,,,,,,,,,,,,,
746212,2024-06-26,2024,663662,R,668968,R,strikeout,True,False,42.0,0.154,8.0,19.05,3.0,7.14,0.445,0.07700000000000001,25.61,13.38,17.2,30.57,25.0,15.38,,,,,,,,,,,,,,,4.0,0.0,3.0,75.0,1.0,25.0,0.25,0.0,71.43,27.78,16.67,44.44,30.0,75.0,,,,,,,,,,,,,,
746212,2024-06-26,2024,691016,L,668968,R,field_out,False,False,115.0,0.232,36.0,31.3,12.0,10.43,0.777,0.212,34.17,15.81,15.81,31.63,29.28,30.25,118.0,0.159,37.0,31.36,10.0,8.47,0.472,0.0839999999999999,33.93,16.67,14.91,31.58,29.36,28.91,3.0,0.0,1.0,33.33,0.0,0.0,0.0,0.0,42.86,23.08,7.69,30.77,37.5,25.0,,,,,,,,,,,,,,
746212,2024-06-26,2024,687263,R,683155,R,field_out,False,False,232.0,0.216,59.0,25.43,12.0,5.17,0.681,0.19199999999999998,29.31,15.23,15.23,30.47,34.16,22.26,262.0,0.222,62.0,23.66,18.0,6.87,0.6599999999999999,0.1349999999999999,28.77,13.7,16.19,29.89,23.52,18.84,102.0,0.25,20.0,19.61,3.0,2.94,0.732,0.198,21.21,12.1,14.99,27.09,34.25,19.8,21.0,0.263,3.0,14.29,0.0,0.0,0.859,0.263,25.58,14.47,14.47,28.95,43.9,15.0
746212,2024-06-26,2024,642136,L,683155,R,field_out,False,False,63.0,0.245,21.0,33.33,9.0,14.29,0.751,0.15100000000000002,40.91,16.98,15.85,32.83,24.49,25.3,266.0,0.215,71.0,26.69,31.0,11.65,0.6759999999999999,0.145,34.8,16.01,13.25,29.25,18.13,22.15,71.0,0.266,11.0,15.49,7.0,9.86,0.9630000000000001,0.359,17.28,9.3,13.29,22.59,24.41,9.57,26.0,0.304,4.0,15.38,2.0,7.69,1.124,0.435,31.82,15.05,16.13,31.18,22.5,16.67
746212,2024-06-26,2024,694384,L,683155,R,field_out,False,False,230.0,0.23,40.0,17.39,19.0,8.26,0.651,0.11799999999999997,15.84,6.85,20.79,27.64,24.38,15.0,104.0,0.291,15.0,14.42,14.0,13.46,0.7569999999999999,0.0579999999999999,18.78,8.02,17.92,25.94,20.47,11.45,71.0,0.266,11.0,15.49,7.0,9.86,0.9630000000000001,0.359,17.28,9.3,13.29,22.59,24.41,9.57,26.0,0.304,4.0,15.38,2.0,7.69,1.124,0.435,31.82,15.05,16.13,31.18,22.5,16.67
746212,2024-06-26,2024,609280,R,519043,L,field_out,False,False,16.0,0.5,0.0,0.0,2.0,12.5,1.276,0.21399999999999997,8.0,3.23,19.35,22.58,27.27,0.0,38.0,0.278,7.0,18.42,2.0,5.26,0.8720000000000001,0.278,30.99,15.71,20.71,36.43,50.0,16.67,76.0,0.25,15.0,19.74,7.0,9.21,0.785,0.20600000000000002,27.39,14.38,14.72,29.1,32.24,17.05,156.0,0.218,48.0,30.77,10.0,6.41,0.622,0.1269999999999999,30.67,16.47,13.84,30.31,36.77,25.67
746212,2024-06-26,2024,667670,R,519043,L,field_out,False,False,62.0,0.246,19.0,30.65,5.0,8.06,0.885,0.33299999999999996,28.45,14.67,16.0,30.67,33.94,27.94,175.0,0.279,57.0,32.57,16.0,9.14,0.873,0.24,38.91,17.09,17.51,34.6,24.59,28.22,76.0,0.25,15.0,19.74,7.0,9.21,0.785,0.20600000000000002,27.39,14.38,14.72,29.1,32.24,17.05,156.0,0.218,48.0,30.77,10.0,6.41,0.622,0.1269999999999999,30.67,16.47,13.84,30.31,36.77,25.67
746212,2024-06-26,2024,663527,R,519043,L,strikeout,True,False,60.0,0.18,10.0,16.67,6.0,10.0,0.6799999999999999,0.2,21.3,9.96,17.32,27.27,27.43,16.13,32.0,0.276,7.0,21.88,3.0,9.38,0.792,0.172,17.86,8.2,16.39,24.59,16.67,18.92,76.0,0.25,15.0,19.74,7.0,9.21,0.785,0.20600000000000002,27.39,14.38,14.72,29.1,32.24,17.05,156.0,0.218,48.0,30.77,10.0,6.41,0.622,0.1269999999999999,30.67,16.47,13.84,30.31,36.77,25.67
746212,2024-06-26,2024,650859,L,683155,R,single,False,False,192.0,0.282,27.0,14.06,11.0,5.73,0.7090000000000001,0.09200000000000003,20.98,11.19,12.35,23.55,32.61,13.24,322.0,0.24,60.0,18.63,31.0,9.63,0.7270000000000001,0.166,24.18,11.79,13.87,25.66,28.19,14.39,71.0,0.266,11.0,15.49,7.0,9.86,0.9630000000000001,0.359,17.28,9.3,13.29,22.59,24.41,9.57,26.0,0.304,4.0,15.38,2.0,7.69,1.124,0.435,31.82,15.05,16.13,31.18,22.5,16.67
746212,2024-06-26,2024,621493,R,683155,R,strikeout,True,False,257.0,0.213,63.0,24.51,30.0,11.67,0.712,0.19399999999999998,24.29,10.15,19.9,30.05,18.38,20.88,295.0,0.233,61.0,20.68,27.0,9.15,0.702,0.148,23.43,10.4,15.98,26.37,23.09,17.78,102.0,0.25,20.0,19.61,3.0,2.94,0.732,0.198,21.21,12.1,14.99,27.09,34.25,19.8,21.0,0.263,3.0,14.29,0.0,0.0,0.859,0.263,25.58,14.47,14.47,28.95,43.9,15.0
746212,2024-06-26,2024,593934,R,683155,R,strikeout,True,False,56.0,0.24,26.0,46.43,4.0,7.14,0.644,0.10000000000000003,42.86,19.75,16.87,36.63,28.8,28.26,,,,,,,,,,,,,,,102.0,0.25,20.0,19.61,3.0,2.94,0.732,0.198,21.21,12.1,14.99,27.09,34.25,19.8,21.0,0.263,3.0,14.29,0.0,0.0,0.859,0.263,25.58,14.47,14.47,28.95,43.9,15.0
746212,2024-06-26,2024,641432,L,683155,R,walk,False,True,131.0,0.293,17.0,12.98,7.0,5.34,0.743,0.122,13.72,6.35,17.21,23.57,23.87,14.78,139.0,0.256,15.0,10.79,13.0,9.35,0.756,0.176,14.22,5.56,19.54,25.1,21.32,10.83,71.0,0.266,11.0,15.49,7.0,9.86,0.9630000000000001,0.359,17.28,9.3,13.29,22.59,24.41,9.57,26.0,0.304,4.0,15.38,2.0,7.69,1.124,0.435,31.82,15.05,16.13,31.18,22.5,16.67
746212,2024-06-26,2024,641645,L,613534,R,walk,False,True,84.0,0.267,14.0,16.67,8.0,9.52,0.706,0.10599999999999998,19.31,8.33,18.75,27.08,24.85,14.74,96.0,0.218,19.0,19.79,8.0,8.33,0.591,0.092,15.23,6.02,21.47,27.49,22.05,19.79,48.0,0.237,13.0,27.08,5.0,10.42,0.909,0.28900000000000003,23.91,10.63,16.91,27.54,25.53,19.4,29.0,0.174,10.0,34.48,4.0,13.79,0.5189999999999999,0.0,35.71,14.81,17.78,32.59,22.73,21.28
746212,2024-06-26,2024,666160,L,613534,R,hit_by_pitch,False,False,184.0,0.211,47.0,25.54,13.0,7.07,0.605,0.12800000000000003,27.7,15.33,12.21,27.54,35.98,18.8,259.0,0.293,93.0,35.91,7.0,2.7,0.8620000000000001,0.249,38.62,24.01,9.43,33.44,46.84,30.07,48.0,0.237,13.0,27.08,5.0,10.42,0.909,0.28900000000000003,23.91,10.63,16.91,27.54,25.53,19.4,29.0,0.174,10.0,34.48,4.0,13.79,0.5189999999999999,0.0,35.71,14.81,17.78,32.59,22.73,21.28
746212,2024-06-26,2024,687263,R,613534,R,double,False,False,232.0,0.216,59.0,25.43,12.0,5.17,0.681,0.19199999999999998,29.31,15.23,15.23,30.47,34.16,22.26,262.0,0.222,62.0,23.66,18.0,6.87,0.6599999999999999,0.1349999999999999,28.77,13.7,16.19,29.89,23.52,18.84,83.0,0.277,23.0,27.71,12.0,14.46,0.753,0.061,40.82,17.0,17.28,34.28,24.34,22.77,52.0,0.267,12.0,23.08,4.0,7.69,0.721,0.0889999999999999,25.93,12.28,15.35,27.63,31.9,16.67
746212,2024-06-26,2024,642136,L,519008,L,double,False,False,7.0,0.0,1.0,14.29,0.0,0.0,0.0,0.0,14.29,6.45,19.35,25.81,0.0,8.33,41.0,0.206,12.0,29.27,5.0,12.2,0.547,0.0,30.88,13.21,16.98,30.19,22.78,27.91,62.0,0.237,10.0,16.13,2.0,3.23,0.5960000000000001,0.08500000000000002,22.0,10.33,22.54,32.86,30.43,20.0,5.0,0.25,1.0,20.0,1.0,20.0,0.65,0.0,42.86,15.79,10.53,26.32,16.67,100.0
746212,2024-06-26,2024,694384,L,519008,L,strikeout,True,False,59.0,0.191,9.0,15.25,7.0,11.86,0.617,0.128,12.05,4.57,21.46,26.03,16.04,15.0,29.0,0.217,4.0,13.79,6.0,20.69,0.64,0.044,12.5,4.55,21.82,26.36,21.05,15.38,62.0,0.237,10.0,16.13,2.0,3.23,0.5960000000000001,0.08500000000000002,22.0,10.33,22.54,32.86,30.43,20.0,5.0,0.25,1.0,20.0,1.0,20.0,0.65,0.0,42.86,15.79,10.53,26.32,16.67,100.0
746212,2024-06-26,2024,671732,L,519326,R,strikeout,True,False,123.0,0.204,35.0,28.46,14.0,11.38,0.599,0.10200000000000001,29.13,12.84,18.2,31.03,25.45,21.12,107.0,0.216,29.0,27.1,3.0,2.8,0.616,0.157,31.16,14.83,17.7,32.54,26.94,22.48,39.0,0.194,5.0,12.82,3.0,7.69,0.534,0.08400000000000002,16.18,6.96,20.25,27.22,23.75,11.9,,,,,,,,,,,,,,
746212,2024-06-26,2024,669137,R,519326,R,field_out,False,False,3.0,0.333,1.0,33.33,0.0,0.0,0.666,0.0,25.0,11.11,33.33,44.44,0.0,33.33,,,,,,,,,,,,,,,96.0,0.242,21.0,21.88,4.0,4.17,0.732,0.20900000000000002,24.58,11.89,15.95,27.84,27.78,19.44,,,,,,,,,,,,,,
746212,2024-06-26,2024,668832,L,519326,R,walk,False,True,84.0,0.284,26.0,30.95,10.0,11.9,0.815,0.16200000000000003,44.3,19.7,14.93,34.63,19.5,27.37,,,,,,,,,,,,,,,39.0,0.194,5.0,12.82,3.0,7.69,0.534,0.08400000000000002,16.18,6.96,20.25,27.22,23.75,11.9,,,,,,,,,,,,,,
746212,2024-06-26,2024,680474,R,519326,R,field_out,False,False,147.0,0.233,41.0,27.89,15.0,10.2,0.624,0.06899999999999998,29.48,12.33,20.17,32.5,20.7,22.91,,,,,,,,,,,,,,,96.0,0.242,21.0,21.88,4.0,4.17,0.732,0.20900000000000002,24.58,11.89,15.95,27.84,27.78,19.44,,,,,,,,,,,,,,
746212,2024-06-26,2024,650859,L,668674,R,field_out,False,False,192.0,0.282,27.0,14.06,11.0,5.73,0.7090000000000001,0.09200000000000003,20.98,11.19,12.35,23.55,32.61,13.24,322.0,0.24,60.0,18.63,31.0,9.63,0.7270000000000001,0.166,24.18,11.79,13.87,25.66,28.19,14.39,50.0,0.282,10.0,20.0,9.0,18.0,0.978,0.25600000000000006,32.95,13.81,17.14,30.95,31.93,15.38,92.0,0.23,27.0,29.35,16.0,17.39,0.731,0.1209999999999999,29.94,12.74,16.11,28.85,22.48,17.88
746212,2024-06-26,2024,621493,R,668674,R,double,False,False,257.0,0.213,63.0,24.51,30.0,11.67,0.712,0.19399999999999998,24.29,10.15,19.9,30.05,18.38,20.88,295.0,0.233,61.0,20.68,27.0,9.15,0.702,0.148,23.43,10.4,15.98,26.37,23.09,17.78,65.0,0.177,23.0,35.38,2.0,3.08,0.489,0.09700000000000003,33.33,15.6,19.27,34.86,32.14,37.7,160.0,0.254,41.0,25.62,20.0,12.5,0.723,0.1039999999999999,27.31,11.08,18.25,29.33,23.65,21.24
746212,2024-06-26,2024,593934,R,668674,R,field_out,False,False,56.0,0.24,26.0,46.43,4.0,7.14,0.644,0.10000000000000003,42.86,19.75,16.87,36.63,28.8,28.26,,,,,,,,,,,,,,,65.0,0.177,23.0,35.38,2.0,3.08,0.489,0.09700000000000003,33.33,15.6,19.27,34.86,32.14,37.7,160.0,0.254,41.0,25.62,20.0,12.5,0.723,0.1039999999999999,27.31,11.08,18.25,29.33,23.65,21.24
746212,2024-06-26,2024,641432,L,668674,R,strikeout,True,False,131.0,0.293,17.0,12.98,7.0,5.34,0.743,0.122,13.72,6.35,17.21,23.57,23.87,14.78,139.0,0.256,15.0,10.79,13.0,9.35,0.756,0.176,14.22,5.56,19.54,25.1,21.32,10.83,50.0,0.282,10.0,20.0,9.0,18.0,0.978,0.25600000000000006,32.95,13.81,17.14,30.95,31.93,15.38,92.0,0.23,27.0,29.35,16.0,17.39,0.731,0.1209999999999999,29.94,12.74,16.11,28.85,22.48,17.88
746212,2024-06-26,2024,663662,R,670871,R,hit_by_pitch,False,False,42.0,0.154,8.0,19.05,3.0,7.14,0.445,0.07700000000000001,25.61,13.38,17.2,30.57,25.0,15.38,,,,,,,,,,,,,,,9.0,0.125,1.0,11.11,1.0,11.11,0.347,0.0,28.57,12.9,19.35,32.26,28.57,11.11,6.0,0.167,3.0,50.0,0.0,0.0,0.5,0.166,33.33,13.79,17.24,31.03,23.08,27.27
746212,2024-06-26,2024,691016,L,670871,R,grounded_into_double_play,False,False,115.0,0.232,36.0,31.3,12.0,10.43,0.777,0.212,34.17,15.81,15.81,31.63,29.28,30.25,118.0,0.159,37.0,31.36,10.0,8.47,0.472,0.0839999999999999,33.93,16.67,14.91,31.58,29.36,28.91,14.0,0.273,1.0,7.14,3.0,21.43,1.156,0.45399999999999996,19.23,8.47,10.17,18.64,17.65,7.14,2.0,0.5,1.0,50.0,0.0,0.0,1.0,0.0,0.0,0.0,14.29,14.29,37.5,12.5
746212,2024-06-26,2024,609280,R,670871,R,single,False,False,102.0,0.296,15.0,14.71,3.0,2.94,0.692,0.08200000000000002,16.41,8.42,17.63,26.05,35.11,13.51,52.0,0.229,6.0,11.54,4.0,7.69,0.705,0.1879999999999999,14.58,7.49,13.9,21.39,30.93,12.77,9.0,0.125,1.0,11.11,1.0,11.11,0.347,0.0,28.57,12.9,19.35,32.26,28.57,11.11,6.0,0.167,3.0,50.0,0.0,0.0,0.5,0.166,33.33,13.79,17.24,31.03,23.08,27.27
746212,2024-06-26,2024,667670,R,670871,R,single,False,False,215.0,0.261,78.0,36.28,23.0,10.7,0.825,0.21799999999999997,38.75,18.72,12.89,31.61,29.77,29.21,351.0,0.23,115.0,32.76,33.0,9.4,0.788,0.2419999999999999,37.94,17.82,16.3,34.12,28.65,23.47,9.0,0.125,1.0,11.11,1.0,11.11,0.347,0.0,28.57,12.9,19.35,32.26,28.57,11.11,6.0,0.167,3.0,50.0,0.0,0.0,0.5,0.166,33.33,13.79,17.24,31.03,23.08,27.27
746212,2024-06-26,2024,663527,R,670871,R,strikeout,True,False,103.0,0.228,25.0,24.27,10.0,9.71,0.637,0.098,29.47,14.11,16.37,30.48,26.11,22.52,79.0,0.167,18.0,22.78,9.0,11.39,0.5489999999999999,0.091,24.38,11.4,17.84,29.24,24.85,14.29,9.0,0.125,1.0,11.11,1.0,11.11,0.347,0.0,28.57,12.9,19.35,32.26,28.57,11.11,6.0,0.167,3.0,50.0,0.0,0.0,0.5,0.166,33.33,13.79,17.24,31.03,23.08,27.27
746212,2024-06-26,2024,641645,L,695243,R,strikeout,True,False,84.0,0.267,14.0,16.67,8.0,9.52,0.706,0.10599999999999998,19.31,8.33,18.75,27.08,24.85,14.74,96.0,0.218,19.0,19.79,8.0,8.33,0.591,0.092,15.23,6.02,21.47,27.49,22.05,19.79,57.0,0.1,29.0,50.88,7.0,12.28,0.391,0.07999999999999999,45.69,23.14,17.47,40.61,37.0,34.52,62.0,0.167,16.0,25.81,10.0,16.13,0.573,0.0829999999999999,22.31,9.61,13.88,23.49,22.0,18.39
746212,2024-06-26,2024,666160,L,695243,R,field_out,False,False,184.0,0.211,47.0,25.54,13.0,7.07,0.605,0.12800000000000003,27.7,15.33,12.21,27.54,35.98,18.8,259.0,0.293,93.0,35.91,7.0,2.7,0.8620000000000001,0.249,38.62,24.01,9.43,33.44,46.84,30.07,57.0,0.1,29.0,50.88,7.0,12.28,0.391,0.07999999999999999,45.69,23.14,17.47,40.61,37.0,34.52,62.0,0.167,16.0,25.81,10.0,16.13,0.573,0.0829999999999999,22.31,9.61,13.88,23.49,22.0,18.39
746212,2024-06-26,2024,687263,R,695243,R,single,False,False,232.0,0.216,59.0,25.43,12.0,5.17,0.681,0.19199999999999998,29.31,15.23,15.23,30.47,34.16,22.26,262.0,0.222,62.0,23.66,18.0,6.87,0.6599999999999999,0.1349999999999999,28.77,13.7,16.19,29.89,23.52,18.84,72.0,0.156,31.0,43.06,6.0,8.33,0.503,0.12500000000000003,39.86,19.16,19.16,38.31,41.72,31.96,78.0,0.229,22.0,28.21,6.0,7.69,0.642,0.114,29.19,14.24,14.55,28.79,28.75,20.56
746212,2024-06-26,2024,642136,L,695243,R,strikeout,True,False,63.0,0.245,21.0,33.33,9.0,14.29,0.751,0.15100000000000002,40.91,16.98,15.85,32.83,24.49,25.3,266.0,0.215,71.0,26.69,31.0,11.65,0.6759999999999999,0.145,34.8,16.01,13.25,29.25,18.13,22.15,57.0,0.1,29.0,50.88,7.0,12.28,0.391,0.07999999999999999,45.69,23.14,17.47,40.61,37.0,34.52,62.0,0.167,16.0,25.81,10.0,16.13,0.573,0.0829999999999999,22.31,9.61,13.88,23.49,22.0,18.39
746212,2024-06-26,2024,671732,L,670871,R,field_out,False,False,123.0,0.204,35.0,28.46,14.0,11.38,0.599,0.10200000000000001,29.13,12.84,18.2,31.03,25.45,21.12,107.0,0.216,29.0,27.1,3.0,2.8,0.616,0.157,31.16,14.83,17.7,32.54,26.94,22.48,14.0,0.273,1.0,7.14,3.0,21.43,1.156,0.45399999999999996,19.23,8.47,10.17,18.64,17.65,7.14,2.0,0.5,1.0,50.0,0.0,0.0,1.0,0.0,0.0,0.0,14.29,14.29,37.5,12.5
746212,2024-06-26,2024,669137,R,670871,R,walk,False,True,3.0,0.333,1.0,33.33,0.0,0.0,0.666,0.0,25.0,11.11,33.33,44.44,0.0,33.33,,,,,,,,,,,,,,,9.0,0.125,1.0,11.11,1.0,11.11,0.347,0.0,28.57,12.9,19.35,32.26,28.57,11.11,6.0,0.167,3.0,50.0,0.0,0.0,0.5,0.166,33.33,13.79,17.24,31.03,23.08,27.27
746212,2024-06-26,2024,668832,L,670871,R,single,False,False,84.0,0.284,26.0,30.95,10.0,11.9,0.815,0.16200000000000003,44.3,19.7,14.93,34.63,19.5,27.37,,,,,,,,,,,,,,,14.0,0.273,1.0,7.14,3.0,21.43,1.156,0.45399999999999996,19.23,8.47,10.17,18.64,17.65,7.14,2.0,0.5,1.0,50.0,0.0,0.0,1.0,0.0,0.0,0.0,14.29,14.29,37.5,12.5
746212,2024-06-26,2024,680474,R,670871,R,sac_fly,False,False,147.0,0.233,41.0,27.89,15.0,10.2,0.624,0.06899999999999998,29.48,12.33,20.17,32.5,20.7,22.91,,,,,,,,,,,,,,,9.0,0.125,1.0,11.11,1.0,11.11,0.347,0.0,28.57,12.9,19.35,32.26,28.57,11.11,6.0,0.167,3.0,50.0,0.0,0.0,0.5,0.166,33.33,13.79,17.24,31.03,23.08,27.27
746212,2024-06-26,2024,663662,R,670871,R,force_out,False,False,42.0,0.154,8.0,19.05,3.0,7.14,0.445,0.07700000000000001,25.61,13.38,17.2,30.57,25.0,15.38,,,,,,,,,,,,,,,9.0,0.125,1.0,11.11,1.0,11.11,0.347,0.0,28.57,12.9,19.35,32.26,28.57,11.11,6.0,0.167,3.0,50.0,0.0,0.0,0.5,0.166,33.33,13.79,17.24,31.03,23.08,27.27
745400,2024-06-26,2024,682928,L,656302,R,field_out,False,False,227.0,0.267,41.0,18.06,17.0,7.49,0.825,0.22799999999999998,22.17,12.01,13.31,25.32,39.22,15.19,446.0,0.274,78.0,17.49,24.0,5.38,0.786,0.19,21.76,11.82,12.69,24.5,35.86,16.63,171.0,0.224,42.0,24.56,14.0,8.19,0.6890000000000001,0.17700000000000002,26.75,12.12,15.56,27.69,28.17,18.83,398.0,0.268,91.0,22.86,30.0,7.54,0.797,0.193,27.04,12.73,15.25,27.98,28.21,19.36
745400,2024-06-26,2024,657041,R,656302,R,walk,False,True,156.0,0.211,39.0,25.0,11.0,7.05,0.643,0.169,21.37,8.75,22.11,30.86,19.18,21.43,490.0,0.242,143.0,29.18,23.0,4.69,0.719,0.185,26.09,11.34,20.58,31.92,28.6,24.48,205.0,0.21,74.0,36.1,14.0,6.83,0.605,0.12900000000000003,37.26,18.29,15.39,33.68,31.57,25.43,388.0,0.23,123.0,31.7,49.0,12.63,0.673,0.1139999999999999,34.99,15.88,15.7,31.59,28.15,21.5
745400,2024-06-26,2024,608385,L,656302,R,strikeout,True,False,211.0,0.273,42.0,19.91,31.0,14.69,0.8500000000000001,0.18,20.69,8.72,16.55,25.28,17.51,14.48,184.0,0.2,46.0,25.0,24.0,13.04,0.5660000000000001,0.0449999999999999,25.91,11.04,17.01,28.05,20.4,17.9,171.0,0.224,42.0,24.56,14.0,8.19,0.6890000000000001,0.17700000000000002,26.75,12.12,15.56,27.69,28.17,18.83,398.0,0.268,91.0,22.86,30.0,7.54,0.797,0.193,27.04,12.73,15.25,27.98,28.21,19.36
745400,2024-06-26,2024,608841,R,656302,R,caught_stealing_2b,False,False,195.0,0.27,32.0,16.41,13.0,6.67,0.677,0.08599999999999997,20.79,10.42,13.8,24.23,28.29,16.0,471.0,0.268,97.0,20.59,28.0,5.94,0.7030000000000001,0.12,23.85,11.18,18.94,30.12,30.48,17.38,205.0,0.21,74.0,36.1,14.0,6.83,0.605,0.12900000000000003,37.26,18.29,15.39,33.68,31.57,25.43,388.0,0.23,123.0,31.7,49.0,12.63,0.673,0.1139999999999999,34.99,15.88,15.7,31.59,28.15,21.5
745400,2024-06-26,2024,595777,R,687792,L,field_out,False,False,104.0,0.337,8.0,7.69,13.0,12.5,0.966,0.202,14.77,6.34,16.59,22.93,22.93,6.03,147.0,0.275,22.0,14.97,13.0,8.84,0.774,0.1519999999999999,15.44,6.84,17.44,24.27,22.81,13.33,65.0,0.233,21.0,32.31,4.0,6.15,0.709,0.18399999999999997,35.48,17.12,16.34,33.46,28.46,25.0,,,,,,,,,,,,,,
745400,2024-06-26,2024,456781,R,687792,L,field_out,False,False,68.0,0.311,12.0,17.65,7.0,10.29,0.841,0.14800000000000002,25.19,11.15,19.34,30.49,25.32,12.12,153.0,0.286,32.0,20.92,11.0,7.19,0.746,0.114,24.12,11.77,18.21,29.98,32.04,14.35,65.0,0.233,21.0,32.31,4.0,6.15,0.709,0.18399999999999997,35.48,17.12,16.34,33.46,28.46,25.0,,,,,,,,,,,,,,
745400,2024-06-26,2024,592518,R,687792,L,single,False,False,94.0,0.238,21.0,22.34,10.0,10.64,0.736,0.179,29.94,13.82,14.71,28.53,26.59,21.51,150.0,0.308,26.0,17.33,14.0,9.33,0.887,0.203,21.32,9.67,16.52,26.19,28.38,16.56,65.0,0.233,21.0,32.31,4.0,6.15,0.709,0.18399999999999997,35.48,17.12,16.34,33.46,28.46,25.0,,,,,,,,,,,,,,
745400,2024-06-26,2024,630105,L,687792,L,field_out,False,False,108.0,0.208,20.0,18.52,9.0,8.33,0.5680000000000001,0.07300000000000004,17.73,8.05,15.21,23.27,20.0,14.81,156.0,0.229,38.0,24.36,10.0,6.41,0.665,0.1349999999999999,18.48,9.0,20.1,29.1,30.82,17.84,15.0,0.357,5.0,33.33,1.0,6.67,0.971,0.21399999999999997,32.26,15.15,15.15,30.3,22.58,19.23,,,,,,,,,,,,,,
745400,2024-06-26,2024,608841,R,656302,R,strikeout,True,False,195.0,0.27,32.0,16.41,13.0,6.67,0.677,0.08599999999999997,20.79,10.42,13.8,24.23,28.29,16.0,471.0,0.268,97.0,20.59,28.0,5.94,0.7030000000000001,0.12,23.85,11.18,18.94,30.12,30.48,17.38,205.0,0.21,74.0,36.1,14.0,6.83,0.605,0.12900000000000003,37.26,18.29,15.39,33.68,31.57,25.43,388.0,0.23,123.0,31.7,49.0,12.63,0.673,0.1139999999999999,34.99,15.88,15.7,31.59,28.15,21.5
745400,2024-06-26,2024,671277,L,656302,R,strikeout,True,False,210.0,0.277,32.0,15.24,8.0,3.81,0.736,0.15399999999999997,21.81,11.33,15.33,26.66,36.17,16.33,355.0,0.268,44.0,12.39,23.0,6.48,0.6950000000000001,0.1129999999999999,17.54,8.86,13.52,22.38,31.84,12.54,171.0,0.224,42.0,24.56,14.0,8.19,0.6890000000000001,0.17700000000000002,26.75,12.12,15.56,27.69,28.17,18.83,398.0,0.268,91.0,22.86,30.0,7.54,0.797,0.193,27.04,12.73,15.25,27.98,28.21,19.36
745400,2024-06-26,2024,623912,R,656302,R,strikeout,True,False,113.0,0.25,22.0,19.47,3.0,2.65,0.552,0.028000000000000025,32.49,18.92,13.27,32.19,44.39,19.47,310.0,0.281,58.0,18.71,18.0,5.81,0.749,0.1389999999999999,29.58,16.59,12.26,28.85,43.77,18.01,205.0,0.21,74.0,36.1,14.0,6.83,0.605,0.12900000000000003,37.26,18.29,15.39,33.68,31.57,25.43,388.0,0.23,123.0,31.7,49.0,12.63,0.673,0.1139999999999999,34.99,15.88,15.7,31.59,28.15,21.5
745400,2024-06-26,2024,673490,R,687792,L,field_out,False,False,100.0,0.198,15.0,15.0,13.0,13.0,0.64,0.139,14.37,5.53,21.88,27.4,16.06,13.04,191.0,0.302,30.0,15.71,20.0,10.47,0.897,0.219,15.84,6.63,22.21,28.83,23.47,11.49,65.0,0.233,21.0,32.31,4.0,6.15,0.709,0.18399999999999997,35.48,17.12,16.34,33.46,28.46,25.0,,,,,,,,,,,,,,
745400,2024-06-26,2024,701538,L,687792,L,single,False,False,92.0,0.207,11.0,11.96,4.0,4.35,0.607,0.161,18.08,9.47,13.31,22.78,31.18,11.46,,,,,,,,,,,,,,,15.0,0.357,5.0,33.33,1.0,6.67,0.971,0.21399999999999997,32.26,15.15,15.15,30.3,22.58,19.23,,,,,,,,,,,,,,
745400,2024-06-26,2024,666703,R,687792,L,strikeout,True,False,32.0,0.312,14.0,43.75,0.0,0.0,1.062,0.438,46.88,23.44,17.19,40.62,40.0,33.33,9.0,0.556,0.0,0.0,0.0,0.0,2.112,1.0,16.67,9.09,12.12,21.21,21.43,0.0,65.0,0.233,21.0,32.31,4.0,6.15,0.709,0.18399999999999997,35.48,17.12,16.34,33.46,28.46,25.0,,,,,,,,,,,,,,
745400,2024-06-26,2024,543309,R,687792,L,home_run,False,False,46.0,0.163,16.0,34.78,3.0,6.52,0.589,0.209,31.11,14.36,20.51,34.87,31.0,21.13,69.0,0.242,21.0,30.43,2.0,2.9,0.776,0.273,28.06,14.13,16.67,30.8,33.33,22.83,65.0,0.233,21.0,32.31,4.0,6.15,0.709,0.18399999999999997,35.48,17.12,16.34,33.46,28.46,25.0,,,,,,,,,,,,,,
745400,2024-06-26,2024,669369,R,687792,L,walk,False,True,4.0,0.0,1.0,25.0,0.0,0.0,0.0,0.0,50.0,27.27,18.18,45.45,50.0,100.0,28.0,0.231,8.0,28.57,2.0,7.14,0.5549999999999999,0.038,33.33,17.0,16.0,33.0,35.85,25.81,65.0,0.233,21.0,32.31,4.0,6.15,0.709,0.18399999999999997,35.48,17.12,16.34,33.46,28.46,25.0,,,,,,,,,,,,,,
745400,2024-06-26,2024,595777,R,687792,L,field_out,False,False,104.0,0.337,8.0,7.69,13.0,12.5,0.966,0.202,14.77,6.34,16.59,22.93,22.93,6.03,147.0,0.275,22.0,14.97,13.0,8.84,0.774,0.1519999999999999,15.44,6.84,17.44,24.27,22.81,13.33,65.0,0.233,21.0,32.31,4.0,6.15,0.709,0.18399999999999997,35.48,17.12,16.34,33.46,28.46,25.0,,,,,,,,,,,,,,
745400,2024-06-26,2024,669222,R,656302,R,field_out,False,False,155.0,0.216,40.0,25.81,19.0,12.26,0.6759999999999999,0.142,27.72,12.67,18.15,30.82,22.79,24.54,205.0,0.164,51.0,24.88,18.0,8.78,0.497,0.093,25.27,12.43,15.64,28.07,26.72,23.15,205.0,0.21,74.0,36.1,14.0,6.83,0.605,0.12900000000000003,37.26,18.29,15.39,33.68,31.57,25.43,388.0,0.23,123.0,31.7,49.0,12.63,0.673,0.1139999999999999,34.99,15.88,15.7,31.59,28.15,21.5
745400,2024-06-26,2024,686452,L,656302,R,field_out,False,False,19.0,0.267,2.0,10.53,2.0,10.53,0.886,0.266,14.29,6.25,15.0,21.25,22.5,6.25,22.0,0.368,3.0,13.64,3.0,13.64,1.087,0.264,19.57,9.47,13.68,23.16,20.83,8.82,171.0,0.224,42.0,24.56,14.0,8.19,0.6890000000000001,0.17700000000000002,26.75,12.12,15.56,27.69,28.17,18.83,398.0,0.268,91.0,22.86,30.0,7.54,0.797,0.193,27.04,12.73,15.25,27.98,28.21,19.36
745400,2024-06-26,2024,696285,R,656302,R,strikeout,True,False,162.0,0.243,32.0,19.75,9.0,5.56,0.6,0.04899999999999999,22.18,9.9,22.05,31.94,29.96,23.02,93.0,0.268,17.0,18.28,7.0,7.53,0.687,0.0859999999999999,21.38,9.8,20.46,30.26,30.36,15.74,205.0,0.21,74.0,36.1,14.0,6.83,0.605,0.12900000000000003,37.26,18.29,15.39,33.68,31.57,25.43,388.0,0.23,123.0,31.7,49.0,12.63,0.673,0.1139999999999999,34.99,15.88,15.7,31.59,28.15,21.5
745400,2024-06-26,2024,456781,R,687792,L,walk,False,True,68.0,0.311,12.0,17.65,7.0,10.29,0.841,0.14800000000000002,25.19,11.15,19.34,30.49,25.32,12.12,153.0,0.286,32.0,20.92,11.0,7.19,0.746,0.114,24.12,11.77,18.21,29.98,32.04,14.35,65.0,0.233,21.0,32.31,4.0,6.15,0.709,0.18399999999999997,35.48,17.12,16.34,33.46,28.46,25.0,,,,,,,,,,,,,,
745400,2024-06-26,2024,592518,R,687792,L,field_out,False,False,94.0,0.238,21.0,22.34,10.0,10.64,0.736,0.179,29.94,13.82,14.71,28.53,26.59,21.51,150.0,0.308,26.0,17.33,14.0,9.33,0.887,0.203,21.32,9.67,16.52,26.19,28.38,16.56,65.0,0.233,21.0,32.31,4.0,6.15,0.709,0.18399999999999997,35.48,17.12,16.34,33.46,28.46,25.0,,,,,,,,,,,,,,
745400,2024-06-26,2024,630105,L,687792,L,fielders_choice,False,False,108.0,0.208,20.0,18.52,9.0,8.33,0.5680000000000001,0.07300000000000004,17.73,8.05,15.21,23.27,20.0,14.81,156.0,0.229,38.0,24.36,10.0,6.41,0.665,0.1349999999999999,18.48,9.0,20.1,29.1,30.82,17.84,15.0,0.357,5.0,33.33,1.0,6.67,0.971,0.21399999999999997,32.26,15.15,15.15,30.3,22.58,19.23,,,,,,,,,,,,,,
745400,2024-06-26,2024,673490,R,687792,L,field_out,False,False,100.0,0.198,15.0,15.0,13.0,13.0,0.64,0.139,14.37,5.53,21.88,27.4,16.06,13.04,191.0,0.302,30.0,15.71,20.0,10.47,0.897,0.219,15.84,6.63,22.21,28.83,23.47,11.49,65.0,0.233,21.0,32.31,4.0,6.15,0.709,0.18399999999999997,35.48,17.12,16.34,33.46,28.46,25.0,,,,,,,,,,,,,,
745400,2024-06-26,2024,701538,L,687792,L,force_out,False,False,92.0,0.207,11.0,11.96,4.0,4.35,0.607,0.161,18.08,9.47,13.31,22.78,31.18,11.46,,,,,,,,,,,,,,,15.0,0.357,5.0,33.33,1.0,6.67,0.971,0.21399999999999997,32.26,15.15,15.15,30.3,22.58,19.23,,,,,,,,,,,,,,
745400,2024-06-26,2024,682928,L,656302,R,field_out,False,False,227.0,0.267,41.0,18.06,17.0,7.49,0.825,0.22799999999999998,22.17,12.01,13.31,25.32,39.22,15.19,446.0,0.274,78.0,17.49,24.0,5.38,0.786,0.19,21.76,11.82,12.69,24.5,35.86,16.63,171.0,0.224,42.0,24.56,14.0,8.19,0.6890000000000001,0.17700000000000002,26.75,12.12,15.56,27.69,28.17,18.83,398.0,0.268,91.0,22.86,30.0,7.54,0.797,0.193,27.04,12.73,15.25,27.98,28.21,19.36
745400,2024-06-26,2024,657041,R,656302,R,walk,False,True,156.0,0.211,39.0,25.0,11.0,7.05,0.643,0.169,21.37,8.75,22.11,30.86,19.18,21.43,490.0,0.242,143.0,29.18,23.0,4.69,0.719,0.185,26.09,11.34,20.58,31.92,28.6,24.48,205.0,0.21,74.0,36.1,14.0,6.83,0.605,0.12900000000000003,37.26,18.29,15.39,33.68,31.57,25.43,388.0,0.23,123.0,31.7,49.0,12.63,0.673,0.1139999999999999,34.99,15.88,15.7,31.59,28.15,21.5
745400,2024-06-26,2024,608385,L,656302,R,strikeout,True,False,211.0,0.273,42.0,19.91,31.0,14.69,0.8500000000000001,0.18,20.69,8.72,16.55,25.28,17.51,14.48,184.0,0.2,46.0,25.0,24.0,13.04,0.5660000000000001,0.0449999999999999,25.91,11.04,17.01,28.05,20.4,17.9,171.0,0.224,42.0,24.56,14.0,8.19,0.6890000000000001,0.17700000000000002,26.75,12.12,15.56,27.69,28.17,18.83,398.0,0.268,91.0,22.86,30.0,7.54,0.797,0.193,27.04,12.73,15.25,27.98,28.21,19.36
745400,2024-06-26,2024,608841,R,656302,R,force_out,False,False,195.0,0.27,32.0,16.41,13.0,6.67,0.677,0.08599999999999997,20.79,10.42,13.8,24.23,28.29,16.0,471.0,0.268,97.0,20.59,28.0,5.94,0.7030000000000001,0.12,23.85,11.18,18.94,30.12,30.48,17.38,205.0,0.21,74.0,36.1,14.0,6.83,0.605,0.12900000000000003,37.26,18.29,15.39,33.68,31.57,25.43,388.0,0.23,123.0,31.7,49.0,12.63,0.673,0.1139999999999999,34.99,15.88,15.7,31.59,28.15,21.5
745400,2024-06-26,2024,666703,R,687792,L,double,False,False,32.0,0.312,14.0,43.75,0.0,0.0,1.062,0.438,46.88,23.44,17.19,40.62,40.0,33.33,9.0,0.556,0.0,0.0,0.0,0.0,2.112,1.0,16.67,9.09,12.12,21.21,21.43,0.0,65.0,0.233,21.0,32.31,4.0,6.15,0.709,0.18399999999999997,35.48,17.12,16.34,33.46,28.46,25.0,,,,,,,,,,,,,,
745400,2024-06-26,2024,543309,R,687792,L,single,False,False,46.0,0.163,16.0,34.78,3.0,6.52,0.589,0.209,31.11,14.36,20.51,34.87,31.0,21.13,69.0,0.242,21.0,30.43,2.0,2.9,0.776,0.273,28.06,14.13,16.67,30.8,33.33,22.83,65.0,0.233,21.0,32.31,4.0,6.15,0.709,0.18399999999999997,35.48,17.12,16.34,33.46,28.46,25.0,,,,,,,,,,,,,,
745400,2024-06-26,2024,669369,R,687792,L,sac_bunt,False,False,4.0,0.0,1.0,25.0,0.0,0.0,0.0,0.0,50.0,27.27,18.18,45.45,50.0,100.0,28.0,0.231,8.0,28.57,2.0,7.14,0.5549999999999999,0.038,33.33,17.0,16.0,33.0,35.85,25.81,65.0,0.233,21.0,32.31,4.0,6.15,0.709,0.18399999999999997,35.48,17.12,16.34,33.46,28.46,25.0,,,,,,,,,,,,,,
745400,2024-06-26,2024,595777,R,687792,L,single,False,False,104.0,0.337,8.0,7.69,13.0,12.5,0.966,0.202,14.77,6.34,16.59,22.93,22.93,6.03,147.0,0.275,22.0,14.97,13.0,8.84,0.774,0.1519999999999999,15.44,6.84,17.44,24.27,22.81,13.33,65.0,0.233,21.0,32.31,4.0,6.15,0.709,0.18399999999999997,35.48,17.12,16.34,33.46,28.46,25.0,,,,,,,,,,,,,,
745400,2024-06-26,2024,456781,R,606930,R,grounded_into_double_play,False,False,62.0,0.255,14.0,22.58,3.0,4.84,0.6679999999999999,0.08999999999999997,20.0,9.6,21.2,30.8,30.63,15.91,297.0,0.28,68.0,22.9,29.0,9.76,0.766,0.1059999999999999,26.06,12.14,17.61,29.74,28.81,17.48,68.0,0.277,15.0,22.06,1.0,1.47,0.679,0.123,31.29,17.36,10.94,28.3,34.53,17.44,42.0,0.325,6.0,14.29,1.0,2.38,0.857,0.175,26.58,16.03,11.45,27.48,40.0,15.0
745400,2024-06-26,2024,671277,L,656302,R,field_out,False,False,210.0,0.277,32.0,15.24,8.0,3.81,0.736,0.15399999999999997,21.81,11.33,15.33,26.66,36.17,16.33,355.0,0.268,44.0,12.39,23.0,6.48,0.6950000000000001,0.1129999999999999,17.54,8.86,13.52,22.38,31.84,12.54,171.0,0.224,42.0,24.56,14.0,8.19,0.6890000000000001,0.17700000000000002,26.75,12.12,15.56,27.69,28.17,18.83,398.0,0.268,91.0,22.86,30.0,7.54,0.797,0.193,27.04,12.73,15.25,27.98,28.21,19.36
745400,2024-06-26,2024,623912,R,656302,R,field_out,False,False,113.0,0.25,22.0,19.47,3.0,2.65,0.552,0.028000000000000025,32.49,18.92,13.27,32.19,44.39,19.47,310.0,0.281,58.0,18.71,18.0,5.81,0.749,0.1389999999999999,29.58,16.59,12.26,28.85,43.77,18.01,205.0,0.21,74.0,36.1,14.0,6.83,0.605,0.12900000000000003,37.26,18.29,15.39,33.68,31.57,25.43,388.0,0.23,123.0,31.7,49.0,12.63,0.673,0.1139999999999999,34.99,15.88,15.7,31.59,28.15,21.5
745400,2024-06-26,2024,669222,R,656302,R,single,False,False,155.0,0.216,40.0,25.81,19.0,12.26,0.6759999999999999,0.142,27.72,12.67,18.15,30.82,22.79,24.54,205.0,0.164,51.0,24.88,18.0,8.78,0.497,0.093,25.27,12.43,15.64,28.07,26.72,23.15,205.0,0.21,74.0,36.1,14.0,6.83,0.605,0.12900000000000003,37.26,18.29,15.39,33.68,31.57,25.43,388.0,0.23,123.0,31.7,49.0,12.63,0.673,0.1139999999999999,34.99,15.88,15.7,31.59,28.15,21.5
745400,2024-06-26,2024,686452,L,656302,R,field_out,False,False,19.0,0.267,2.0,10.53,2.0,10.53,0.886,0.266,14.29,6.25,15.0,21.25,22.5,6.25,22.0,0.368,3.0,13.64,3.0,13.64,1.087,0.264,19.57,9.47,13.68,23.16,20.83,8.82,171.0,0.224,42.0,24.56,14.0,8.19,0.6890000000000001,0.17700000000000002,26.75,12.12,15.56,27.69,28.17,18.83,398.0,0.268,91.0,22.86,30.0,7.54,0.797,0.193,27.04,12.73,15.25,27.98,28.21,19.36
745400,2024-06-26,2024,592518,R,606930,R,field_out,False,False,209.0,0.274,45.0,21.53,10.0,4.78,0.679,0.09699999999999998,24.38,12.31,14.7,27.01,28.0,19.48,452.0,0.241,83.0,18.36,36.0,7.96,0.747,0.205,24.68,12.42,14.05,26.47,29.58,16.9,68.0,0.277,15.0,22.06,1.0,1.47,0.679,0.123,31.29,17.36,10.94,28.3,34.53,17.44,42.0,0.325,6.0,14.29,1.0,2.38,0.857,0.175,26.58,16.03,11.45,27.48,40.0,15.0
745400,2024-06-26,2024,630105,L,606930,R,field_out,False,False,224.0,0.285,36.0,16.07,16.0,7.14,0.867,0.24000000000000005,17.7,8.21,17.2,25.42,23.49,13.28,367.0,0.23,59.0,16.08,36.0,9.81,0.7,0.154,14.92,6.99,16.69,23.68,24.61,14.08,41.0,0.235,5.0,12.2,6.0,14.63,0.7230000000000001,0.14700000000000002,23.53,9.47,17.75,27.22,28.26,11.9,19.0,0.294,2.0,10.53,2.0,10.53,0.78,0.118,9.09,3.85,16.67,20.51,21.43,8.7
745400,2024-06-26,2024,673490,R,606930,R,strikeout,True,False,214.0,0.243,34.0,15.89,31.0,14.49,0.78,0.182,16.87,6.03,24.45,30.48,17.67,11.3,435.0,0.241,94.0,21.61,55.0,12.64,0.681,0.1,18.8,7.03,23.65,30.68,19.23,15.59,68.0,0.277,15.0,22.06,1.0,1.47,0.679,0.123,31.29,17.36,10.94,28.3,34.53,17.44,42.0,0.325,6.0,14.29,1.0,2.38,0.857,0.175,26.58,16.03,11.45,27.48,40.0,15.0
745400,2024-06-26,2024,696285,R,656302,R,strikeout,True,False,162.0,0.243,32.0,19.75,9.0,5.56,0.6,0.04899999999999999,22.18,9.9,22.05,31.94,29.96,23.02,93.0,0.268,17.0,18.28,7.0,7.53,0.687,0.0859999999999999,21.38,9.8,20.46,30.26,30.36,15.74,205.0,0.21,74.0,36.1,14.0,6.83,0.605,0.12900000000000003,37.26,18.29,15.39,33.68,31.57,25.43,388.0,0.23,123.0,31.7,49.0,12.63,0.673,0.1139999999999999,34.99,15.88,15.7,31.59,28.15,21.5
745400,2024-06-26,2024,682928,L,656302,R,strikeout,True,False,227.0,0.267,41.0,18.06,17.0,7.49,0.825,0.22799999999999998,22.17,12.01,13.31,25.32,39.22,15.19,446.0,0.274,78.0,17.49,24.0,5.38,0.786,0.19,21.76,11.82,12.69,24.5,35.86,16.63,171.0,0.224,42.0,24.56,14.0,8.19,0.6890000000000001,0.17700000000000002,26.75,12.12,15.56,27.69,28.17,18.83,398.0,0.268,91.0,22.86,30.0,7.54,0.797,0.193,27.04,12.73,15.25,27.98,28.21,19.36
745400,2024-06-26,2024,657041,R,656302,R,strikeout,True,False,156.0,0.211,39.0,25.0,11.0,7.05,0.643,0.169,21.37,8.75,22.11,30.86,19.18,21.43,490.0,0.242,143.0,29.18,23.0,4.69,0.719,0.185,26.09,11.34,20.58,31.92,28.6,24.48,205.0,0.21,74.0,36.1,14.0,6.83,0.605,0.12900000000000003,37.26,18.29,15.39,33.68,31.57,25.43,388.0,0.23,123.0,31.7,49.0,12.63,0.673,0.1139999999999999,34.99,15.88,15.7,31.59,28.15,21.5
745400,2024-06-26,2024,701538,L,606930,R,field_out,False,False,189.0,0.324,33.0,17.46,10.0,5.29,0.836,0.14799999999999996,18.35,10.04,12.87,22.91,35.88,13.97,,,,,,,,,,,,,,,41.0,0.235,5.0,12.2,6.0,14.63,0.7230000000000001,0.14700000000000002,23.53,9.47,17.75,27.22,28.26,11.9,19.0,0.294,2.0,10.53,2.0,10.53,0.78,0.118,9.09,3.85,16.67,20.51,21.43,8.7
745400,2024-06-26,2024,666703,R,606930,R,field_out,False,False,17.0,0.154,4.0,23.53,2.0,11.76,0.46599999999999997,0.0,34.62,12.68,21.13,33.8,23.08,20.0,28.0,0.148,12.0,42.86,1.0,3.57,0.3269999999999999,0.0,35.09,16.13,20.16,36.29,33.85,25.0,68.0,0.277,15.0,22.06,1.0,1.47,0.679,0.123,31.29,17.36,10.94,28.3,34.53,17.44,42.0,0.325,6.0,14.29,1.0,2.38,0.857,0.175,26.58,16.03,11.45,27.48,40.0,15.0
745400,2024-06-26,2024,543309,R,606930,R,field_out,False,False,46.0,0.2,17.0,36.96,1.0,2.17,0.728,0.311,23.33,11.17,24.47,35.64,34.12,24.64,192.0,0.233,53.0,27.6,12.0,6.25,0.654,0.142,28.81,14.15,17.01,31.16,30.17,24.88,68.0,0.277,15.0,22.06,1.0,1.47,0.679,0.123,31.29,17.36,10.94,28.3,34.53,17.44,42.0,0.325,6.0,14.29,1.0,2.38,0.857,0.175,26.58,16.03,11.45,27.48,40.0,15.0
745400,2024-06-26,2024,608385,L,656302,R,field_out,False,False,211.0,0.273,42.0,19.91,31.0,14.69,0.8500000000000001,0.18,20.69,8.72,16.55,25.28,17.51,14.48,184.0,0.2,46.0,25.0,24.0,13.04,0.5660000000000001,0.0449999999999999,25.91,11.04,17.01,28.05,20.4,17.9,171.0,0.224,42.0,24.56,14.0,8.19,0.6890000000000001,0.17700000000000002,26.75,12.12,15.56,27.69,28.17,18.83,398.0,0.268,91.0,22.86,30.0,7.54,0.797,0.193,27.04,12.73,15.25,27.98,28.21,19.36
745400,2024-06-26,2024,608841,R,656302,R,field_out,False,False,195.0,0.27,32.0,16.41,13.0,6.67,0.677,0.08599999999999997,20.79,10.42,13.8,24.23,28.29,16.0,471.0,0.268,97.0,20.59,28.0,5.94,0.7030000000000001,0.12,23.85,11.18,18.94,30.12,30.48,17.38,205.0,0.21,74.0,36.1,14.0,6.83,0.605,0.12900000000000003,37.26,18.29,15.39,33.68,31.57,25.43,388.0,0.23,123.0,31.7,49.0,12.63,0.673,0.1139999999999999,34.99,15.88,15.7,31.59,28.15,21.5
745400,2024-06-26,2024,671277,L,656302,R,field_out,False,False,210.0,0.277,32.0,15.24,8.0,3.81,0.736,0.15399999999999997,21.81,11.33,15.33,26.66,36.17,16.33,355.0,0.268,44.0,12.39,23.0,6.48,0.6950000000000001,0.1129999999999999,17.54,8.86,13.52,22.38,31.84,12.54,171.0,0.224,42.0,24.56,14.0,8.19,0.6890000000000001,0.17700000000000002,26.75,12.12,15.56,27.69,28.17,18.83,398.0,0.268,91.0,22.86,30.0,7.54,0.797,0.193,27.04,12.73,15.25,27.98,28.21,19.36
745400,2024-06-26,2024,669369,L,607179,R,field_out,False,False,3.0,0.333,1.0,33.33,0.0,0.0,0.666,0.0,40.0,28.57,14.29,42.86,0.0,33.33,20.0,0.059,7.0,35.0,2.0,10.0,0.385,0.176,25.81,10.53,25.0,35.53,18.18,35.0,56.0,0.388,7.0,12.5,6.0,10.71,1.035,0.18299999999999994,20.45,9.89,13.19,23.08,20.22,23.33,95.0,0.227,19.0,20.0,18.0,18.95,0.783,0.173,22.6,8.89,15.9,24.8,19.27,24.68
745400,2024-06-26,2024,595777,L,607179,R,field_out,False,False,220.0,0.31,39.0,17.73,26.0,11.82,0.873,0.16099999999999998,18.74,8.71,14.25,22.96,22.54,13.06,375.0,0.229,68.0,18.13,37.0,9.87,0.6559999999999999,0.1159999999999999,21.66,10.43,14.17,24.61,26.12,14.59,56.0,0.388,7.0,12.5,6.0,10.71,1.035,0.18299999999999994,20.45,9.89,13.19,23.08,20.22,23.33,95.0,0.227,19.0,20.0,18.0,18.95,0.783,0.173,22.6,8.89,15.9,24.8,19.27,24.68
745400,2024-06-26,2024,456781,R,607179,R,strikeout,True,False,62.0,0.255,14.0,22.58,3.0,4.84,0.6679999999999999,0.08999999999999997,20.0,9.6,21.2,30.8,30.63,15.91,297.0,0.28,68.0,22.9,29.0,9.76,0.766,0.1059999999999999,26.06,12.14,17.61,29.74,28.81,17.48,72.0,0.177,15.0,20.83,9.0,12.5,0.55,0.08100000000000002,22.7,11.0,15.12,26.12,26.76,16.13,137.0,0.174,41.0,29.93,10.0,7.3,0.631,0.214,29.39,13.51,15.61,29.12,25.94,23.03
745400,2024-06-26,2024,623912,R,673513,L,field_out,False,False,60.0,0.3,11.0,18.33,0.0,0.0,0.667,0.067,29.75,17.22,16.75,33.97,52.25,17.74,125.0,0.387,21.0,16.8,4.0,3.2,0.966,0.168,24.43,14.04,13.82,27.85,43.48,15.67,85.0,0.162,16.0,18.82,15.0,17.65,0.556,0.088,24.84,10.89,12.89,23.78,23.83,16.84,,,,,,,,,,,,,,
745400,2024-06-26,2024,669222,R,673513,L,field_out,False,False,56.0,0.229,8.0,14.29,8.0,14.29,0.8180000000000001,0.24999999999999997,16.33,7.31,17.35,24.66,25.93,12.12,126.0,0.347,23.0,18.25,8.0,6.35,1.008,0.272,15.6,7.66,16.89,24.55,26.51,19.66,85.0,0.162,16.0,18.82,15.0,17.65,0.556,0.088,24.84,10.89,12.89,23.78,23.83,16.84,,,,,,,,,,,,,,
745400,2024-06-26,2024,686452,R,673513,L,strikeout,True,False,9.0,0.111,3.0,33.33,0.0,0.0,0.222,0.0,21.43,10.34,17.24,27.59,33.33,42.86,11.0,0.111,2.0,18.18,1.0,9.09,0.311,0.0,26.32,12.82,17.95,30.77,29.41,20.0,85.0,0.162,16.0,18.82,15.0,17.65,0.556,0.088,24.84,10.89,12.89,23.78,23.83,16.84,,,,,,,,,,,,,,
745400,2024-06-26,2024,592518,R,663432,R,single,False,False,209.0,0.274,45.0,21.53,10.0,4.78,0.679,0.09699999999999998,24.38,12.31,14.7,27.01,28.0,19.48,452.0,0.241,83.0,18.36,36.0,7.96,0.747,0.205,24.68,12.42,14.05,26.47,29.58,16.9,59.0,0.264,9.0,15.25,4.0,6.78,0.8109999999999999,0.20799999999999996,28.7,13.6,12.28,25.88,33.59,13.24,3.0,0.0,1.0,33.33,1.0,33.33,0.333,0.0,40.0,14.29,21.43,35.71,25.0,25.0
745400,2024-06-26,2024,630105,L,663432,R,walk,False,True,224.0,0.285,36.0,16.07,16.0,7.14,0.867,0.24000000000000005,17.7,8.21,17.2,25.42,23.49,13.28,367.0,0.23,59.0,16.08,36.0,9.81,0.7,0.154,14.92,6.99,16.69,23.68,24.61,14.08,43.0,0.312,5.0,11.63,9.0,20.93,1.0190000000000001,0.21900000000000003,26.44,12.37,10.22,22.58,19.57,9.09,2.0,0.5,0.0,0.0,0.0,0.0,1.0,0.0,0.0,0.0,0.0,0.0,66.67,
745400,2024-06-26,2024,673490,R,663432,R,single,False,False,214.0,0.243,34.0,15.89,31.0,14.49,0.78,0.182,16.87,6.03,24.45,30.48,17.67,11.3,435.0,0.241,94.0,21.61,55.0,12.64,0.681,0.1,18.8,7.03,23.65,30.68,19.23,15.59,59.0,0.264,9.0,15.25,4.0,6.78,0.8109999999999999,0.20799999999999996,28.7,13.6,12.28,25.88,33.59,13.24,3.0,0.0,1.0,33.33,1.0,33.33,0.333,0.0,40.0,14.29,21.43,35.71,25.0,25.0
745400,2024-06-26,2024,701538,L,663432,R,strikeout,True,False,189.0,0.324,33.0,17.46,10.0,5.29,0.836,0.14799999999999996,18.35,10.04,12.87,22.91,35.88,13.97,,,,,,,,,,,,,,,43.0,0.312,5.0,11.63,9.0,20.93,1.0190000000000001,0.21900000000000003,26.44,12.37,10.22,22.58,19.57,9.09,2.0,0.5,0.0,0.0,0.0,0.0,1.0,0.0,0.0,0.0,0.0,0.0,66.67,
745400,2024-06-26,2024,666703,R,663432,R,field_out,False,False,17.0,0.154,4.0,23.53,2.0,11.76,0.46599999999999997,0.0,34.62,12.68,21.13,33.8,23.08,20.0,28.0,0.148,12.0,42.86,1.0,3.57,0.3269999999999999,0.0,35.09,16.13,20.16,36.29,33.85,25.0,59.0,0.264,9.0,15.25,4.0,6.78,0.8109999999999999,0.20799999999999996,28.7,13.6,12.28,25.88,33.59,13.24,3.0,0.0,1.0,33.33,1.0,33.33,0.333,0.0,40.0,14.29,21.43,35.71,25.0,25.0
745400,2024-06-26,2024,543309,R,663432,R,home_run,False,False,46.0,0.2,17.0,36.96,1.0,2.17,0.728,0.311,23.33,11.17,24.47,35.64,34.12,24.64,192.0,0.233,53.0,27.6,12.0,6.25,0.654,0.142,28.81,14.15,17.01,31.16,30.17,24.88,59.0,0.264,9.0,15.25,4.0,6.78,0.8109999999999999,0.20799999999999996,28.7,13.6,12.28,25.88,33.59,13.24,3.0,0.0,1.0,33.33,1.0,33.33,0.333,0.0,40.0,14.29,21.43,35.71,25.0,25.0
745400,2024-06-26,2024,669369,L,663432,R,walk,False,True,3.0,0.333,1.0,33.33,0.0,0.0,0.666,0.0,40.0,28.57,14.29,42.86,0.0,33.33,20.0,0.059,7.0,35.0,2.0,10.0,0.385,0.176,25.81,10.53,25.0,35.53,18.18,35.0,43.0,0.312,5.0,11.63,9.0,20.93,1.0190000000000001,0.21900000000000003,26.44,12.37,10.22,22.58,19.57,9.09,2.0,0.5,0.0,0.0,0.0,0.0,1.0,0.0,0.0,0.0,0.0,0.0,66.67,
745400,2024-06-26,2024,642180,L,663432,R,strikeout,True,False,87.0,0.227,18.0,20.69,8.0,9.2,0.563,0.025999999999999995,22.31,9.18,20.57,29.75,22.22,26.09,48.0,0.283,12.0,25.0,2.0,4.17,0.6599999999999999,0.065,24.1,10.93,22.4,33.33,28.95,20.0,43.0,0.312,5.0,11.63,9.0,20.93,1.0190000000000001,0.21900000000000003,26.44,12.37,10.22,22.58,19.57,9.09,2.0,0.5,0.0,0.0,0.0,0.0,1.0,0.0,0.0,0.0,0.0,0.0,66.67,
745400,2024-06-26,2024,696285,R,676680,L,walk,False,True,72.0,0.324,12.0,16.67,2.0,2.78,0.7729999999999999,0.08799999999999997,15.74,6.34,23.13,29.48,21.67,16.44,28.0,0.2,5.0,17.86,3.0,10.71,0.5660000000000001,0.08,20.0,9.24,20.17,29.41,29.63,13.16,33.0,0.4,7.0,21.21,3.0,9.09,0.9550000000000001,0.09999999999999998,17.19,7.64,17.36,25.0,18.84,14.0,126.0,0.131,24.0,19.05,13.0,10.32,0.426,0.0469999999999999,20.33,9.32,18.63,27.95,22.09,13.48
745400,2024-06-26,2024,683083,R,676680,L,single,False,False,7.0,0.0,2.0,28.57,0.0,0.0,0.0,0.0,44.44,19.05,33.33,52.38,37.5,50.0,,,,,,,,,,,,,,,33.0,0.4,7.0,21.21,3.0,9.09,0.9550000000000001,0.09999999999999998,17.19,7.64,17.36,25.0,18.84,14.0,126.0,0.131,24.0,19.05,13.0,10.32,0.426,0.0469999999999999,20.33,9.32,18.63,27.95,22.09,13.48
745400,2024-06-26,2024,657041,R,676680,L,double,False,False,66.0,0.31,10.0,15.15,5.0,7.58,0.903,0.22400000000000003,17.5,7.78,17.41,25.19,21.74,11.49,192.0,0.331,33.0,17.19,13.0,6.77,0.948,0.2419999999999999,14.83,6.49,18.37,24.86,23.4,17.65,33.0,0.4,7.0,21.21,3.0,9.09,0.9550000000000001,0.09999999999999998,17.19,7.64,17.36,25.0,18.84,14.0,126.0,0.131,24.0,19.05,13.0,10.32,0.426,0.0469999999999999,20.33,9.32,18.63,27.95,22.09,13.48
745400,2024-06-26,2024,545121,R,676680,L,field_out,False,False,63.0,0.31,10.0,15.87,4.0,6.35,0.7789999999999999,0.10399999999999998,18.45,8.26,17.83,26.09,29.17,16.39,108.0,0.291,9.0,8.33,4.0,3.7,0.8,0.185,11.41,5.43,19.64,25.06,34.21,8.49,33.0,0.4,7.0,21.21,3.0,9.09,0.9550000000000001,0.09999999999999998,17.19,7.64,17.36,25.0,18.84,14.0,126.0,0.131,24.0,19.05,13.0,10.32,0.426,0.0469999999999999,20.33,9.32,18.63,27.95,22.09,13.48
745400,2024-06-26,2024,608841,R,676680,L,hit_by_pitch,False,False,86.0,0.182,20.0,23.26,6.0,6.98,0.491,0.065,25.16,12.82,16.35,29.17,39.62,21.74,188.0,0.291,33.0,17.55,10.0,5.32,0.771,0.143,23.12,11.37,16.16,27.53,33.86,14.29,33.0,0.4,7.0,21.21,3.0,9.09,0.9550000000000001,0.09999999999999998,17.19,7.64,17.36,25.0,18.84,14.0,126.0,0.131,24.0,19.05,13.0,10.32,0.426,0.0469999999999999,20.33,9.32,18.63,27.95,22.09,13.48
745400,2024-06-26,2024,671277,L,670970,L,double,False,False,50.0,0.17,12.0,24.0,3.0,6.0,0.433,0.04299999999999998,24.21,11.92,16.58,28.5,35.24,21.05,129.0,0.261,16.0,12.4,4.0,3.1,0.668,0.134,18.96,9.55,16.71,26.25,27.88,16.49,53.0,0.188,18.0,33.96,3.0,5.66,0.497,0.08300000000000002,30.97,16.2,16.67,32.87,31.87,21.69,18.0,0.267,5.0,27.78,2.0,11.11,0.753,0.133,20.0,8.82,19.12,27.94,20.0,23.81
745400,2024-06-26,2024,623912,R,670970,L,single,False,False,60.0,0.3,11.0,18.33,0.0,0.0,0.667,0.067,29.75,17.22,16.75,33.97,52.25,17.74,125.0,0.387,21.0,16.8,4.0,3.2,0.966,0.168,24.43,14.04,13.82,27.85,43.48,15.67,80.0,0.267,18.0,22.5,5.0,6.25,0.6990000000000001,0.12,30.43,16.9,12.76,29.66,39.29,21.18,26.0,0.435,3.0,11.54,3.0,11.54,1.152,0.217,15.0,6.38,15.96,22.34,15.22,15.79
745400,2024-06-26,2024,669222,R,670970,L,grounded_into_double_play,False,False,56.0,0.229,8.0,14.29,8.0,14.29,0.8180000000000001,0.24999999999999997,16.33,7.31,17.35,24.66,25.93,12.12,126.0,0.347,23.0,18.25,8.0,6.35,1.008,0.272,15.6,7.66,16.89,24.55,26.51,19.66,80.0,0.267,18.0,22.5,5.0,6.25,0.6990000000000001,0.12,30.43,16.9,12.76,29.66,39.29,21.18,26.0,0.435,3.0,11.54,3.0,11.54,1.152,0.217,15.0,6.38,15.96,22.34,15.22,15.79
746695,2024-06-26,2024,457705,R,668933,R,field_out,False,False,200.0,0.251,50.0,25.0,23.0,11.5,0.756,0.15999999999999998,30.23,12.71,18.65,31.35,17.63,19.31,312.0,0.254,72.0,23.08,49.0,15.71,0.767,0.137,28.77,12.06,17.2,29.26,17.59,17.52,151.0,0.263,29.0,19.21,12.0,7.95,0.749,0.135,29.39,14.67,12.14,26.81,25.33,18.71,327.0,0.287,51.0,15.6,31.0,9.48,0.837,0.182,22.94,11.17,16.11,27.28,26.81,17.06
746695,2024-06-26,2024,668804,L,668933,R,single,False,False,248.0,0.279,54.0,21.77,25.0,10.08,0.843,0.20499999999999996,28.32,13.27,14.08,27.35,27.17,18.31,438.0,0.252,94.0,21.46,45.0,10.27,0.821,0.2309999999999999,28.75,13.22,13.73,26.95,24.9,18.49,130.0,0.292,20.0,15.38,9.0,6.92,0.813,0.183,14.34,6.97,15.34,22.31,28.34,12.84,297.0,0.243,60.0,20.2,21.0,7.07,0.723,0.176,21.76,10.32,17.09,27.41,27.69,17.48
746695,2024-06-26,2024,665833,L,668933,R,grounded_into_double_play,False,False,218.0,0.285,67.0,30.73,17.0,7.8,0.8440000000000001,0.22000000000000003,33.01,15.17,18.6,33.78,33.96,23.26,33.0,0.185,7.0,21.21,5.0,15.15,0.636,0.148,27.69,13.14,15.33,28.47,34.25,17.95,130.0,0.292,20.0,15.38,9.0,6.92,0.813,0.183,14.34,6.97,15.34,22.31,28.34,12.84,297.0,0.243,60.0,20.2,21.0,7.07,0.723,0.176,21.76,10.32,17.09,27.41,27.69,17.48
746695,2024-06-26,2024,663697,R,682847,R,single,False,False,199.0,0.24,45.0,22.61,26.0,13.07,0.705,0.11299999999999999,18.97,7.08,20.53,27.61,16.05,19.23,397.0,0.257,73.0,18.39,37.0,9.32,0.7809999999999999,0.175,21.3,8.18,21.42,29.59,19.53,15.19,124.0,0.228,22.0,17.74,6.0,4.84,0.615,0.097,20.18,10.43,13.74,24.17,25.87,20.75,223.0,0.253,36.0,16.14,24.0,10.76,0.7070000000000001,0.118,22.28,10.14,16.3,26.45,26.65,17.22
746695,2024-06-26,2024,682829,L,682847,R,grounded_into_double_play,False,False,216.0,0.255,70.0,32.41,24.0,11.11,0.8480000000000001,0.255,31.78,12.87,20.31,33.18,23.62,29.74,307.0,0.255,95.0,30.94,30.0,9.77,0.7989999999999999,0.2159999999999999,26.69,11.86,17.47,29.33,31.27,25.07,78.0,0.266,14.0,17.95,12.0,15.38,0.81,0.172,20.0,8.56,14.07,22.63,23.26,17.28,177.0,0.333,23.0,12.99,24.0,13.56,0.965,0.214,22.92,10.41,13.56,23.97,25.57,14.84
746695,2024-06-26,2024,668715,R,682847,R,strikeout,True,False,227.0,0.23,48.0,21.15,20.0,8.81,0.681,0.143,21.18,9.72,18.25,27.97,26.68,15.64,487.0,0.256,106.0,21.77,51.0,10.47,0.7789999999999999,0.175,25.48,10.86,19.02,29.88,22.75,18.53,124.0,0.228,22.0,17.74,6.0,4.84,0.615,0.097,20.18,10.43,13.74,24.17,25.87,20.75,223.0,0.253,36.0,16.14,24.0,10.76,0.7070000000000001,0.118,22.28,10.14,16.3,26.45,26.65,17.22
746695,2024-06-26,2024,642133,L,668933,R,single,False,False,179.0,0.244,35.0,19.55,13.0,7.26,0.631,0.08500000000000002,19.8,8.08,21.37,29.45,22.88,18.92,300.0,0.223,73.0,24.33,29.0,9.67,0.69,0.173,22.22,8.47,23.11,31.59,24.77,19.95,130.0,0.292,20.0,15.38,9.0,6.92,0.813,0.183,14.34,6.97,15.34,22.31,28.34,12.84,297.0,0.243,60.0,20.2,21.0,7.07,0.723,0.176,21.76,10.32,17.09,27.41,27.69,17.48
746695,2024-06-26,2024,693304,R,668933,R,strikeout,True,False,117.0,0.269,28.0,23.93,5.0,4.27,0.6910000000000001,0.12,27.69,15.72,10.7,26.42,34.06,17.61,86.0,0.234,21.0,24.42,3.0,3.49,0.638,0.1299999999999999,30.36,15.84,12.11,27.95,27.85,22.11,151.0,0.263,29.0,19.21,12.0,7.95,0.749,0.135,29.39,14.67,12.14,26.81,25.33,18.71,327.0,0.287,51.0,15.6,31.0,9.48,0.837,0.182,22.94,11.17,16.11,27.28,26.81,17.06
746695,2024-06-26,2024,663647,R,668933,R,force_out,False,False,169.0,0.187,36.0,21.3,10.0,5.92,0.45599999999999996,0.025999999999999995,18.55,8.4,21.09,29.49,30.19,20.81,358.0,0.26,75.0,20.95,22.0,6.15,0.721,0.1559999999999999,21.48,9.63,20.09,29.72,30.19,22.32,151.0,0.263,29.0,19.21,12.0,7.95,0.749,0.135,29.39,14.67,12.14,26.81,25.33,18.71,327.0,0.287,51.0,15.6,31.0,9.48,0.837,0.182,22.94,11.17,16.11,27.28,26.81,17.06
746695,2024-06-26,2024,656582,R,668933,R,walk,False,True,168.0,0.219,37.0,22.02,14.0,8.33,0.649,0.13199999999999998,24.13,10.66,18.86,29.52,22.93,19.68,279.0,0.235,70.0,25.09,27.0,9.68,0.72,0.166,22.25,8.9,20.93,29.83,20.67,18.23,151.0,0.263,29.0,19.21,12.0,7.95,0.749,0.135,29.39,14.67,12.14,26.81,25.33,18.71,327.0,0.287,51.0,15.6,31.0,9.48,0.837,0.182,22.94,11.17,16.11,27.28,26.81,17.06
746695,2024-06-26,2024,669261,L,668933,R,single,False,False,176.0,0.156,46.0,26.14,21.0,11.93,0.542,0.12999999999999998,25.61,11.85,15.37,27.22,21.79,20.91,404.0,0.232,117.0,28.96,61.0,15.1,0.857,0.271,29.06,11.36,18.81,30.17,17.6,22.37,130.0,0.292,20.0,15.38,9.0,6.92,0.813,0.183,14.34,6.97,15.34,22.31,28.34,12.84,297.0,0.243,60.0,20.2,21.0,7.07,0.723,0.176,21.76,10.32,17.09,27.41,27.69,17.48
746695,2024-06-26,2024,641511,R,668933,R,force_out,False,False,10.0,0.111,0.0,0.0,1.0,10.0,0.42200000000000004,0.111,18.18,9.09,18.18,27.27,30.0,0.0,115.0,0.243,25.0,21.74,8.0,6.96,0.657,0.1069999999999999,24.55,12.65,14.52,27.17,30.5,17.61,151.0,0.263,29.0,19.21,12.0,7.95,0.749,0.135,29.39,14.67,12.14,26.81,25.33,18.71,327.0,0.287,51.0,15.6,31.0,9.48,0.837,0.182,22.94,11.17,16.11,27.28,26.81,17.06
746695,2024-06-26,2024,663886,R,682847,R,field_out,False,False,156.0,0.239,33.0,21.15,13.0,8.33,0.698,0.138,22.22,9.84,18.45,28.3,25.09,20.0,378.0,0.228,105.0,27.78,34.0,8.99,0.657,0.1239999999999999,29.78,12.81,19.96,32.77,26.19,24.59,124.0,0.228,22.0,17.74,6.0,4.84,0.615,0.097,20.18,10.43,13.74,24.17,25.87,20.75,223.0,0.253,36.0,16.14,24.0,10.76,0.7070000000000001,0.118,22.28,10.14,16.3,26.45,26.65,17.22
746695,2024-06-26,2024,605361,L,682847,R,strikeout,True,False,106.0,0.204,27.0,25.47,5.0,4.72,0.583,0.11900000000000002,27.18,12.93,18.54,31.46,28.64,22.69,67.0,0.262,11.0,16.42,4.0,5.97,0.951,0.361,16.8,7.78,18.52,26.3,24.19,11.46,78.0,0.266,14.0,17.95,12.0,15.38,0.81,0.172,20.0,8.56,14.07,22.63,23.26,17.28,177.0,0.333,23.0,12.99,24.0,13.56,0.965,0.214,22.92,10.41,13.56,23.97,25.57,14.84
746695,2024-06-26,2024,669289,R,682847,R,field_out,False,False,98.0,0.185,16.0,16.33,4.0,4.08,0.488,0.08700000000000002,11.6,5.48,16.97,22.45,25.14,15.09,138.0,0.244,22.0,15.94,10.0,7.25,0.633,0.073,17.87,7.68,20.84,28.52,25.34,15.6,124.0,0.228,22.0,17.74,6.0,4.84,0.615,0.097,20.18,10.43,13.74,24.17,25.87,20.75,223.0,0.253,36.0,16.14,24.0,10.76,0.7070000000000001,0.118,22.28,10.14,16.3,26.45,26.65,17.22
746695,2024-06-26,2024,457705,R,668933,R,field_out,False,False,200.0,0.251,50.0,25.0,23.0,11.5,0.756,0.15999999999999998,30.23,12.71,18.65,31.35,17.63,19.31,312.0,0.254,72.0,23.08,49.0,15.71,0.767,0.137,28.77,12.06,17.2,29.26,17.59,17.52,151.0,0.263,29.0,19.21,12.0,7.95,0.749,0.135,29.39,14.67,12.14,26.81,25.33,18.71,327.0,0.287,51.0,15.6,31.0,9.48,0.837,0.182,22.94,11.17,16.11,27.28,26.81,17.06
746695,2024-06-26,2024,668804,L,668933,R,strikeout,True,False,248.0,0.279,54.0,21.77,25.0,10.08,0.843,0.20499999999999996,28.32,13.27,14.08,27.35,27.17,18.31,438.0,0.252,94.0,21.46,45.0,10.27,0.821,0.2309999999999999,28.75,13.22,13.73,26.95,24.9,18.49,130.0,0.292,20.0,15.38,9.0,6.92,0.813,0.183,14.34,6.97,15.34,22.31,28.34,12.84,297.0,0.243,60.0,20.2,21.0,7.07,0.723,0.176,21.76,10.32,17.09,27.41,27.69,17.48
746695,2024-06-26,2024,665833,L,668933,R,strikeout,True,False,218.0,0.285,67.0,30.73,17.0,7.8,0.8440000000000001,0.22000000000000003,33.01,15.17,18.6,33.78,33.96,23.26,33.0,0.185,7.0,21.21,5.0,15.15,0.636,0.148,27.69,13.14,15.33,28.47,34.25,17.95,130.0,0.292,20.0,15.38,9.0,6.92,0.813,0.183,14.34,6.97,15.34,22.31,28.34,12.84,297.0,0.243,60.0,20.2,21.0,7.07,0.723,0.176,21.76,10.32,17.09,27.41,27.69,17.48
746695,2024-06-26,2024,656413,R,682847,R,single,False,False,60.0,0.093,15.0,25.0,3.0,5.0,0.336,0.07400000000000001,37.86,19.4,12.94,32.34,30.1,27.27,144.0,0.23,35.0,24.31,12.0,8.33,0.716,0.1829999999999999,31.79,17.15,10.79,27.94,25.91,21.74,124.0,0.228,22.0,17.74,6.0,4.84,0.615,0.097,20.18,10.43,13.74,24.17,25.87,20.75,223.0,0.253,36.0,16.14,24.0,10.76,0.7070000000000001,0.118,22.28,10.14,16.3,26.45,26.65,17.22
746695,2024-06-26,2024,670869,L,682847,R,field_out,False,False,,,,,,,,,,,,,,,12.0,0.222,2.0,16.67,3.0,25.0,0.639,0.0,16.0,6.35,19.05,25.4,10.34,8.0,78.0,0.266,14.0,17.95,12.0,15.38,0.81,0.172,20.0,8.56,14.07,22.63,23.26,17.28,177.0,0.333,23.0,12.99,24.0,13.56,0.965,0.214,22.92,10.41,13.56,23.97,25.57,14.84
746695,2024-06-26,2024,682119,R,682847,R,strikeout,True,False,1.0,1.0,0.0,0.0,0.0,0.0,3.0,1.0,0.0,0.0,50.0,50.0,0.0,0.0,,,,,,,,,,,,,,,124.0,0.228,22.0,17.74,6.0,4.84,0.615,0.097,20.18,10.43,13.74,24.17,25.87,20.75,223.0,0.253,36.0,16.14,24.0,10.76,0.7070000000000001,0.118,22.28,10.14,16.3,26.45,26.65,17.22
746695,2024-06-26,2024,663697,R,682847,R,double,False,False,199.0,0.24,45.0,22.61,26.0,13.07,0.705,0.11299999999999999,18.97,7.08,20.53,27.61,16.05,19.23,397.0,0.257,73.0,18.39,37.0,9.32,0.7809999999999999,0.175,21.3,8.18,21.42,29.59,19.53,15.19,124.0,0.228,22.0,17.74,6.0,4.84,0.615,0.097,20.18,10.43,13.74,24.17,25.87,20.75,223.0,0.253,36.0,16.14,24.0,10.76,0.7070000000000001,0.118,22.28,10.14,16.3,26.45,26.65,17.22
746695,2024-06-26,2024,682829,L,682847,R,field_out,False,False,216.0,0.255,70.0,32.41,24.0,11.11,0.8480000000000001,0.255,31.78,12.87,20.31,33.18,23.62,29.74,307.0,0.255,95.0,30.94,30.0,9.77,0.7989999999999999,0.2159999999999999,26.69,11.86,17.47,29.33,31.27,25.07,78.0,0.266,14.0,17.95,12.0,15.38,0.81,0.172,20.0,8.56,14.07,22.63,23.26,17.28,177.0,0.333,23.0,12.99,24.0,13.56,0.965,0.214,22.92,10.41,13.56,23.97,25.57,14.84
746695,2024-06-26,2024,642133,L,668933,R,home_run,False,False,179.0,0.244,35.0,19.55,13.0,7.26,0.631,0.08500000000000002,19.8,8.08,21.37,29.45,22.88,18.92,300.0,0.223,73.0,24.33,29.0,9.67,0.69,0.173,22.22,8.47,23.11,31.59,24.77,19.95,130.0,0.292,20.0,15.38,9.0,6.92,0.813,0.183,14.34,6.97,15.34,22.31,28.34,12.84,297.0,0.243,60.0,20.2,21.0,7.07,0.723,0.176,21.76,10.32,17.09,27.41,27.69,17.48
746695,2024-06-26,2024,693304,R,668933,R,field_out,False,False,117.0,0.269,28.0,23.93,5.0,4.27,0.6910000000000001,0.12,27.69,15.72,10.7,26.42,34.06,17.61,86.0,0.234,21.0,24.42,3.0,3.49,0.638,0.1299999999999999,30.36,15.84,12.11,27.95,27.85,22.11,151.0,0.263,29.0,19.21,12.0,7.95,0.749,0.135,29.39,14.67,12.14,26.81,25.33,18.71,327.0,0.287,51.0,15.6,31.0,9.48,0.837,0.182,22.94,11.17,16.11,27.28,26.81,17.06
746695,2024-06-26,2024,663647,R,668933,R,field_out,False,False,169.0,0.187,36.0,21.3,10.0,5.92,0.45599999999999996,0.025999999999999995,18.55,8.4,21.09,29.49,30.19,20.81,358.0,0.26,75.0,20.95,22.0,6.15,0.721,0.1559999999999999,21.48,9.63,20.09,29.72,30.19,22.32,151.0,0.263,29.0,19.21,12.0,7.95,0.749,0.135,29.39,14.67,12.14,26.81,25.33,18.71,327.0,0.287,51.0,15.6,31.0,9.48,0.837,0.182,22.94,11.17,16.11,27.28,26.81,17.06
746695,2024-06-26,2024,656582,R,668933,R,double,False,False,168.0,0.219,37.0,22.02,14.0,8.33,0.649,0.13199999999999998,24.13,10.66,18.86,29.52,22.93,19.68,279.0,0.235,70.0,25.09,27.0,9.68,0.72,0.166,22.25,8.9,20.93,29.83,20.67,18.23,151.0,0.263,29.0,19.21,12.0,7.95,0.749,0.135,29.39,14.67,12.14,26.81,25.33,18.71,327.0,0.287,51.0,15.6,31.0,9.48,0.837,0.182,22.94,11.17,16.11,27.28,26.81,17.06
746695,2024-06-26,2024,669261,L,668933,R,field_out,False,False,176.0,0.156,46.0,26.14,21.0,11.93,0.542,0.12999999999999998,25.61,11.85,15.37,27.22,21.79,20.91,404.0,0.232,117.0,28.96,61.0,15.1,0.857,0.271,29.06,11.36,18.81,30.17,17.6,22.37,130.0,0.292,20.0,15.38,9.0,6.92,0.813,0.183,14.34,6.97,15.34,22.31,28.34,12.84,297.0,0.243,60.0,20.2,21.0,7.07,0.723,0.176,21.76,10.32,17.09,27.41,27.69,17.48
746695,2024-06-26,2024,668715,R,682847,R,strikeout,True,False,227.0,0.23,48.0,21.15,20.0,8.81,0.681,0.143,21.18,9.72,18.25,27.97,26.68,15.64,487.0,0.256,106.0,21.77,51.0,10.47,0.7789999999999999,0.175,25.48,10.86,19.02,29.88,22.75,18.53,124.0,0.228,22.0,17.74,6.0,4.84,0.615,0.097,20.18,10.43,13.74,24.17,25.87,20.75,223.0,0.253,36.0,16.14,24.0,10.76,0.7070000000000001,0.118,22.28,10.14,16.3,26.45,26.65,17.22
746695,2024-06-26,2024,663886,R,682847,R,field_out,False,False,156.0,0.239,33.0,21.15,13.0,8.33,0.698,0.138,22.22,9.84,18.45,28.3,25.09,20.0,378.0,0.228,105.0,27.78,34.0,8.99,0.657,0.1239999999999999,29.78,12.81,19.96,32.77,26.19,24.59,124.0,0.228,22.0,17.74,6.0,4.84,0.615,0.097,20.18,10.43,13.74,24.17,25.87,20.75,223.0,0.253,36.0,16.14,24.0,10.76,0.7070000000000001,0.118,22.28,10.14,16.3,26.45,26.65,17.22
746695,2024-06-26,2024,605361,L,682847,R,single,False,False,106.0,0.204,27.0,25.47,5.0,4.72,0.583,0.11900000000000002,27.18,12.93,18.54,31.46,28.64,22.69,67.0,0.262,11.0,16.42,4.0,5.97,0.951,0.361,16.8,7.78,18.52,26.3,24.19,11.46,78.0,0.266,14.0,17.95,12.0,15.38,0.81,0.172,20.0,8.56,14.07,22.63,23.26,17.28,177.0,0.333,23.0,12.99,24.0,13.56,0.965,0.214,22.92,10.41,13.56,23.97,25.57,14.84
746695,2024-06-26,2024,669289,R,682847,R,field_out,False,False,98.0,0.185,16.0,16.33,4.0,4.08,0.488,0.08700000000000002,11.6,5.48,16.97,22.45,25.14,15.09,138.0,0.244,22.0,15.94,10.0,7.25,0.633,0.073,17.87,7.68,20.84,28.52,25.34,15.6,124.0,0.228,22.0,17.74,6.0,4.84,0.615,0.097,20.18,10.43,13.74,24.17,25.87,20.75,223.0,0.253,36.0,16.14,24.0,10.76,0.7070000000000001,0.118,22.28,10.14,16.3,26.45,26.65,17.22
746695,2024-06-26,2024,641511,R,668933,R,double,False,False,10.0,0.111,0.0,0.0,1.0,10.0,0.42200000000000004,0.111,18.18,9.09,18.18,27.27,30.0,0.0,115.0,0.243,25.0,21.74,8.0,6.96,0.657,0.1069999999999999,24.55,12.65,14.52,27.17,30.5,17.61,151.0,0.263,29.0,19.21,12.0,7.95,0.749,0.135,29.39,14.67,12.14,26.81,25.33,18.71,327.0,0.287,51.0,15.6,31.0,9.48,0.837,0.182,22.94,11.17,16.11,27.28,26.81,17.06
746695,2024-06-26,2024,457705,R,668933,R,home_run,False,False,200.0,0.251,50.0,25.0,23.0,11.5,0.756,0.15999999999999998,30.23,12.71,18.65,31.35,17.63,19.31,312.0,0.254,72.0,23.08,49.0,15.71,0.767,0.137,28.77,12.06,17.2,29.26,17.59,17.52,151.0,0.263,29.0,19.21,12.0,7.95,0.749,0.135,29.39,14.67,12.14,26.81,25.33,18.71,327.0,0.287,51.0,15.6,31.0,9.48,0.837,0.182,22.94,11.17,16.11,27.28,26.81,17.06
746695,2024-06-26,2024,668804,L,668933,R,field_out,False,False,248.0,0.279,54.0,21.77,25.0,10.08,0.843,0.20499999999999996,28.32,13.27,14.08,27.35,27.17,18.31,438.0,0.252,94.0,21.46,45.0,10.27,0.821,0.2309999999999999,28.75,13.22,13.73,26.95,24.9,18.49,130.0,0.292,20.0,15.38,9.0,6.92,0.813,0.183,14.34,6.97,15.34,22.31,28.34,12.84,297.0,0.243,60.0,20.2,21.0,7.07,0.723,0.176,21.76,10.32,17.09,27.41,27.69,17.48
746695,2024-06-26,2024,665833,L,668933,R,field_out,False,False,218.0,0.285,67.0,30.73,17.0,7.8,0.8440000000000001,0.22000000000000003,33.01,15.17,18.6,33.78,33.96,23.26,33.0,0.185,7.0,21.21,5.0,15.15,0.636,0.148,27.69,13.14,15.33,28.47,34.25,17.95,130.0,0.292,20.0,15.38,9.0,6.92,0.813,0.183,14.34,6.97,15.34,22.31,28.34,12.84,297.0,0.243,60.0,20.2,21.0,7.07,0.723,0.176,21.76,10.32,17.09,27.41,27.69,17.48
746695,2024-06-26,2024,642133,L,668933,R,field_out,False,False,179.0,0.244,35.0,19.55,13.0,7.26,0.631,0.08500000000000002,19.8,8.08,21.37,29.45,22.88,18.92,300.0,0.223,73.0,24.33,29.0,9.67,0.69,0.173,22.22,8.47,23.11,31.59,24.77,19.95,130.0,0.292,20.0,15.38,9.0,6.92,0.813,0.183,14.34,6.97,15.34,22.31,28.34,12.84,297.0,0.243,60.0,20.2,21.0,7.07,0.723,0.176,21.76,10.32,17.09,27.41,27.69,17.48
746695,2024-06-26,2024,656413,R,682847,R,strikeout,True,False,60.0,0.093,15.0,25.0,3.0,5.0,0.336,0.07400000000000001,37.86,19.4,12.94,32.34,30.1,27.27,144.0,0.23,35.0,24.31,12.0,8.33,0.716,0.1829999999999999,31.79,17.15,10.79,27.94,25.91,21.74,124.0,0.228,22.0,17.74,6.0,4.84,0.615,0.097,20.18,10.43,13.74,24.17,25.87,20.75,223.0,0.253,36.0,16.14,24.0,10.76,0.7070000000000001,0.118,22.28,10.14,16.3,26.45,26.65,17.22
746695,2024-06-26,2024,670869,L,682847,R,strikeout,True,False,,,,,,,,,,,,,,,12.0,0.222,2.0,16.67,3.0,25.0,0.639,0.0,16.0,6.35,19.05,25.4,10.34,8.0,78.0,0.266,14.0,17.95,12.0,15.38,0.81,0.172,20.0,8.56,14.07,22.63,23.26,17.28,177.0,0.333,23.0,12.99,24.0,13.56,0.965,0.214,22.92,10.41,13.56,23.97,25.57,14.84
746695,2024-06-26,2024,682119,R,682847,R,field_out,False,False,1.0,1.0,0.0,0.0,0.0,0.0,3.0,1.0,0.0,0.0,50.0,50.0,0.0,0.0,,,,,,,,,,,,,,,124.0,0.228,22.0,17.74,6.0,4.84,0.615,0.097,20.18,10.43,13.74,24.17,25.87,20.75,223.0,0.253,36.0,16.14,24.0,10.76,0.7070000000000001,0.118,22.28,10.14,16.3,26.45,26.65,17.22
746695,2024-06-26,2024,693304,R,668933,R,single,False,False,117.0,0.269,28.0,23.93,5.0,4.27,0.6910000000000001,0.12,27.69,15.72,10.7,26.42,34.06,17.61,86.0,0.234,21.0,24.42,3.0,3.49,0.638,0.1299999999999999,30.36,15.84,12.11,27.95,27.85,22.11,151.0,0.263,29.0,19.21,12.0,7.95,0.749,0.135,29.39,14.67,12.14,26.81,25.33,18.71,327.0,0.287,51.0,15.6,31.0,9.48,0.837,0.182,22.94,11.17,16.11,27.28,26.81,17.06
746695,2024-06-26,2024,663647,R,668933,R,field_out,False,False,169.0,0.187,36.0,21.3,10.0,5.92,0.45599999999999996,0.025999999999999995,18.55,8.4,21.09,29.49,30.19,20.81,358.0,0.26,75.0,20.95,22.0,6.15,0.721,0.1559999999999999,21.48,9.63,20.09,29.72,30.19,22.32,151.0,0.263,29.0,19.21,12.0,7.95,0.749,0.135,29.39,14.67,12.14,26.81,25.33,18.71,327.0,0.287,51.0,15.6,31.0,9.48,0.837,0.182,22.94,11.17,16.11,27.28,26.81,17.06
746695,2024-06-26,2024,656582,R,668933,R,single,False,False,168.0,0.219,37.0,22.02,14.0,8.33,0.649,0.13199999999999998,24.13,10.66,18.86,29.52,22.93,19.68,279.0,0.235,70.0,25.09,27.0,9.68,0.72,0.166,22.25,8.9,20.93,29.83,20.67,18.23,151.0,0.263,29.0,19.21,12.0,7.95,0.749,0.135,29.39,14.67,12.14,26.81,25.33,18.71,327.0,0.287,51.0,15.6,31.0,9.48,0.837,0.182,22.94,11.17,16.11,27.28,26.81,17.06
746695,2024-06-26,2024,669261,L,458677,L,strikeout,True,False,34.0,0.25,16.0,47.06,1.0,2.94,0.648,0.125,33.85,17.74,20.97,38.71,36.73,35.56,132.0,0.2,55.0,41.67,14.0,10.61,0.608,0.1129999999999999,33.49,12.74,21.47,34.21,20.21,31.98,40.0,0.333,12.0,30.0,2.0,5.0,0.931,0.22300000000000003,30.0,14.63,17.07,31.71,30.12,24.0,,,,,,,,,,,,,,
746695,2024-06-26,2024,641511,R,458677,L,double,False,False,5.0,0.0,0.0,0.0,1.0,20.0,0.25,0.0,40.0,23.53,0.0,23.53,25.0,0.0,72.0,0.266,19.0,26.39,6.0,8.33,0.6819999999999999,0.0779999999999999,27.48,14.06,16.41,30.47,32.52,24.68,36.0,0.303,9.0,25.0,2.0,5.56,0.7849999999999999,0.121,21.35,12.84,10.14,22.97,38.81,16.67,,,,,,,,,,,,,,
746695,2024-06-26,2024,457705,R,458677,L,field_out,False,False,85.0,0.208,22.0,25.88,10.0,11.76,0.69,0.153,27.4,11.59,19.13,30.72,16.36,20.18,162.0,0.261,28.0,17.28,26.0,16.05,0.7929999999999999,0.1489999999999999,24.63,9.96,18.87,28.83,20.77,14.21,36.0,0.303,9.0,25.0,2.0,5.56,0.7849999999999999,0.121,21.35,12.84,10.14,22.97,38.81,16.67,,,,,,,,,,,,,,
746695,2024-06-26,2024,663697,R,682847,R,field_out,False,False,199.0,0.24,45.0,22.61,26.0,13.07,0.705,0.11299999999999999,18.97,7.08,20.53,27.61,16.05,19.23,397.0,0.257,73.0,18.39,37.0,9.32,0.7809999999999999,0.175,21.3,8.18,21.42,29.59,19.53,15.19,124.0,0.228,22.0,17.74,6.0,4.84,0.615,0.097,20.18,10.43,13.74,24.17,25.87,20.75,223.0,0.253,36.0,16.14,24.0,10.76,0.7070000000000001,0.118,22.28,10.14,16.3,26.45,26.65,17.22
746695,2024-06-26,2024,682829,L,682847,R,strikeout,True,False,216.0,0.255,70.0,32.41,24.0,11.11,0.8480000000000001,0.255,31.78,12.87,20.31,33.18,23.62,29.74,307.0,0.255,95.0,30.94,30.0,9.77,0.7989999999999999,0.2159999999999999,26.69,11.86,17.47,29.33,31.27,25.07,78.0,0.266,14.0,17.95,12.0,15.38,0.81,0.172,20.0,8.56,14.07,22.63,23.26,17.28,177.0,0.333,23.0,12.99,24.0,13.56,0.965,0.214,22.92,10.41,13.56,23.97,25.57,14.84
746695,2024-06-26,2024,668715,R,682847,R,field_out,False,False,227.0,0.23,48.0,21.15,20.0,8.81,0.681,0.143,21.18,9.72,18.25,27.97,26.68,15.64,487.0,0.256,106.0,21.77,51.0,10.47,0.7789999999999999,0.175,25.48,10.86,19.02,29.88,22.75,18.53,124.0,0.228,22.0,17.74,6.0,4.84,0.615,0.097,20.18,10.43,13.74,24.17,25.87,20.75,223.0,0.253,36.0,16.14,24.0,10.76,0.7070000000000001,0.118,22.28,10.14,16.3,26.45,26.65,17.22
746695,2024-06-26,2024,668804,R,458677,L,field_out,False,False,106.0,0.283,22.0,20.75,6.0,5.66,0.776,0.17200000000000004,31.0,15.46,15.71,31.17,32.71,18.64,202.0,0.285,44.0,21.78,8.0,3.96,0.727,0.13,26.99,13.48,13.48,26.96,28.29,18.57,36.0,0.303,9.0,25.0,2.0,5.56,0.7849999999999999,0.121,21.35,12.84,10.14,22.97,38.81,16.67,,,,,,,,,,,,,,
746695,2024-06-26,2024,665833,L,458677,L,field_out,False,False,71.0,0.118,26.0,36.62,3.0,4.23,0.361,0.088,30.71,15.12,20.93,36.05,35.25,35.62,7.0,0.6,1.0,14.29,2.0,28.57,1.314,0.0,50.0,14.81,18.52,33.33,12.5,14.29,40.0,0.333,12.0,30.0,2.0,5.0,0.931,0.22300000000000003,30.0,14.63,17.07,31.71,30.12,24.0,,,,,,,,,,,,,,
746695,2024-06-26,2024,642133,L,458677,L,strikeout,True,False,22.0,0.1,9.0,40.91,2.0,9.09,0.28200000000000003,0.0,38.89,15.05,22.58,37.63,33.96,29.03,52.0,0.174,13.0,25.0,6.0,11.54,0.53,0.087,20.24,7.8,23.39,31.19,20.39,21.31,40.0,0.333,12.0,30.0,2.0,5.0,0.931,0.22300000000000003,30.0,14.63,17.07,31.71,30.12,24.0,,,,,,,,,,,,,,
746695,2024-06-26,2024,663886,R,693312,R,walk,False,True,156.0,0.239,33.0,21.15,13.0,8.33,0.698,0.138,22.22,9.84,18.45,28.3,25.09,20.0,378.0,0.228,105.0,27.78,34.0,8.99,0.657,0.1239999999999999,29.78,12.81,19.96,32.77,26.19,24.59,55.0,0.239,16.0,29.09,7.0,12.73,0.659,0.08700000000000002,32.35,13.81,16.74,30.54,25.17,19.05,18.0,0.5,2.0,11.11,3.0,16.67,1.468,0.357,20.0,9.23,16.92,26.15,25.0,15.38
746695,2024-06-26,2024,605361,L,693312,R,field_out,False,False,106.0,0.204,27.0,25.47,5.0,4.72,0.583,0.11900000000000002,27.18,12.93,18.54,31.46,28.64,22.69,67.0,0.262,11.0,16.42,4.0,5.97,0.951,0.361,16.8,7.78,18.52,26.3,24.19,11.46,39.0,0.219,12.0,30.77,5.0,12.82,0.64,0.06200000000000003,33.78,16.34,12.42,28.76,23.68,22.64,8.0,0.0,5.0,62.5,1.0,12.5,0.125,0.0,39.13,19.57,10.87,30.43,28.0,22.73
746695,2024-06-26,2024,669289,R,693312,R,field_out,False,False,98.0,0.185,16.0,16.33,4.0,4.08,0.488,0.08700000000000002,11.6,5.48,16.97,22.45,25.14,15.09,138.0,0.244,22.0,15.94,10.0,7.25,0.633,0.073,17.87,7.68,20.84,28.52,25.34,15.6,55.0,0.239,16.0,29.09,7.0,12.73,0.659,0.08700000000000002,32.35,13.81,16.74,30.54,25.17,19.05,18.0,0.5,2.0,11.11,3.0,16.67,1.468,0.357,20.0,9.23,16.92,26.15,25.0,15.38
746695,2024-06-26,2024,656413,R,693312,R,field_out,False,False,60.0,0.093,15.0,25.0,3.0,5.0,0.336,0.07400000000000001,37.86,19.4,12.94,32.34,30.1,27.27,144.0,0.23,35.0,24.31,12.0,8.33,0.716,0.1829999999999999,31.79,17.15,10.79,27.94,25.91,21.74,55.0,0.239,16.0,29.09,7.0,12.73,0.659,0.08700000000000002,32.35,13.81,16.74,30.54,25.17,19.05,18.0,0.5,2.0,11.11,3.0,16.67,1.468,0.357,20.0,9.23,16.92,26.15,25.0,15.38
746695,2024-06-26,2024,693304,R,608371,R,field_out,False,False,117.0,0.269,28.0,23.93,5.0,4.27,0.6910000000000001,0.12,27.69,15.72,10.7,26.42,34.06,17.61,86.0,0.234,21.0,24.42,3.0,3.49,0.638,0.1299999999999999,30.36,15.84,12.11,27.95,27.85,22.11,70.0,0.207,23.0,32.86,11.0,15.71,0.777,0.24100000000000002,31.39,14.33,15.67,30.0,26.11,24.47,145.0,0.126,47.0,32.41,24.0,16.55,0.5640000000000001,0.144,36.09,15.87,16.53,32.4,27.51,23.74
746695,2024-06-26,2024,663647,R,608371,R,strikeout,True,False,169.0,0.187,36.0,21.3,10.0,5.92,0.45599999999999996,0.025999999999999995,18.55,8.4,21.09,29.49,30.19,20.81,358.0,0.26,75.0,20.95,22.0,6.15,0.721,0.1559999999999999,21.48,9.63,20.09,29.72,30.19,22.32,70.0,0.207,23.0,32.86,11.0,15.71,0.777,0.24100000000000002,31.39,14.33,15.67,30.0,26.11,24.47,145.0,0.126,47.0,32.41,24.0,16.55,0.5640000000000001,0.144,36.09,15.87,16.53,32.4,27.51,23.74
746695,2024-06-26,2024,656582,R,608371,R,field_out,False,False,168.0,0.219,37.0,22.02,14.0,8.33,0.649,0.13199999999999998,24.13,10.66,18.86,29.52,22.93,19.68,279.0,0.235,70.0,25.09,27.0,9.68,0.72,0.166,22.25,8.9,20.93,29.83,20.67,18.23,70.0,0.207,23.0,32.86,11.0,15.71,0.777,0.24100000000000002,31.39,14.33,15.67,30.0,26.11,24.47,145.0,0.126,47.0,32.41,24.0,16.55,0.5640000000000001,0.144,36.09,15.87,16.53,32.4,27.51,23.74
746695,2024-06-26,2024,670869,L,693312,R,field_out,False,False,,,,,,,,,,,,,,,12.0,0.222,2.0,16.67,3.0,25.0,0.639,0.0,16.0,6.35,19.05,25.4,10.34,8.0,39.0,0.219,12.0,30.77,5.0,12.82,0.64,0.06200000000000003,33.78,16.34,12.42,28.76,23.68,22.64,8.0,0.0,5.0,62.5,1.0,12.5,0.125,0.0,39.13,19.57,10.87,30.43,28.0,22.73
746695,2024-06-26,2024,682119,R,693312,R,field_out,False,False,1.0,1.0,0.0,0.0,0.0,0.0,3.0,1.0,0.0,0.0,50.0,50.0,0.0,0.0,,,,,,,,,,,,,,,55.0,0.239,16.0,29.09,7.0,12.73,0.659,0.08700000000000002,32.35,13.81,16.74,30.54,25.17,19.05,18.0,0.5,2.0,11.11,3.0,16.67,1.468,0.357,20.0,9.23,16.92,26.15,25.0,15.38
746695,2024-06-26,2024,663697,R,693312,R,strikeout,True,False,199.0,0.24,45.0,22.61,26.0,13.07,0.705,0.11299999999999999,18.97,7.08,20.53,27.61,16.05,19.23,397.0,0.257,73.0,18.39,37.0,9.32,0.7809999999999999,0.175,21.3,8.18,21.42,29.59,19.53,15.19,55.0,0.239,16.0,29.09,7.0,12.73,0.659,0.08700000000000002,32.35,13.81,16.74,30.54,25.17,19.05,18.0,0.5,2.0,11.11,3.0,16.67,1.468,0.357,20.0,9.23,16.92,26.15,25.0,15.38
746695,2024-06-26,2024,669261,L,664747,R,field_out,False,False,176.0,0.156,46.0,26.14,21.0,11.93,0.542,0.12999999999999998,25.61,11.85,15.37,27.22,21.79,20.91,404.0,0.232,117.0,28.96,61.0,15.1,0.857,0.271,29.06,11.36,18.81,30.17,17.6,22.37,57.0,0.195,13.0,22.81,14.0,24.56,0.738,0.122,26.47,10.93,15.38,26.32,23.44,15.12,144.0,0.176,48.0,33.33,16.0,11.11,0.56,0.076,34.07,15.36,13.02,28.38,26.49,29.27
746695,2024-06-26,2024,641511,R,664747,R,walk,False,True,10.0,0.111,0.0,0.0,1.0,10.0,0.42200000000000004,0.111,18.18,9.09,18.18,27.27,30.0,0.0,115.0,0.243,25.0,21.74,8.0,6.96,0.657,0.1069999999999999,24.55,12.65,14.52,27.17,30.5,17.61,69.0,0.238,16.0,23.19,5.0,7.25,0.606,0.064,25.95,12.32,17.39,29.71,26.47,19.05,142.0,0.197,38.0,26.76,20.0,14.08,0.634,0.1109999999999999,35.51,17.28,12.35,29.63,29.13,24.05
746695,2024-06-26,2024,457705,R,664747,R,field_out,False,False,200.0,0.251,50.0,25.0,23.0,11.5,0.756,0.15999999999999998,30.23,12.71,18.65,31.35,17.63,19.31,312.0,0.254,72.0,23.08,49.0,15.71,0.767,0.137,28.77,12.06,17.2,29.26,17.59,17.52,69.0,0.238,16.0,23.19,5.0,7.25,0.606,0.064,25.95,12.32,17.39,29.71,26.47,19.05,142.0,0.197,38.0,26.76,20.0,14.08,0.634,0.1109999999999999,35.51,17.28,12.35,29.63,29.13,24.05
746695,2024-06-26,2024,668804,L,664747,R,strikeout,True,False,248.0,0.279,54.0,21.77,25.0,10.08,0.843,0.20499999999999996,28.32,13.27,14.08,27.35,27.17,18.31,438.0,0.252,94.0,21.46,45.0,10.27,0.821,0.2309999999999999,28.75,13.22,13.73,26.95,24.9,18.49,57.0,0.195,13.0,22.81,14.0,24.56,0.738,0.122,26.47,10.93,15.38,26.32,23.44,15.12,144.0,0.176,48.0,33.33,16.0,11.11,0.56,0.076,34.07,15.36,13.02,28.38,26.49,29.27
746695,2024-06-26,2024,682829,R,547973,L,strikeout,True,False,121.0,0.248,33.0,27.27,14.0,11.57,0.747,0.138,32.73,14.06,15.62,29.69,26.09,23.4,122.0,0.184,49.0,40.16,5.0,4.1,0.494,0.079,37.56,17.7,19.4,37.1,38.0,33.33,83.0,0.159,36.0,43.37,14.0,16.87,0.634,0.17400000000000002,36.42,14.94,17.47,32.41,22.97,27.07,200.0,0.161,86.0,43.0,26.0,13.0,0.534,0.103,41.53,18.67,19.04,37.71,23.68,36.29
746695,2024-06-26,2024,668715,R,547973,L,field_out,False,False,93.0,0.273,16.0,17.2,13.0,13.98,0.893,0.23299999999999998,20.65,8.91,16.71,25.63,23.53,14.0,180.0,0.312,33.0,18.33,17.0,9.44,0.928,0.238,20.88,9.77,17.74,27.51,26.97,14.47,83.0,0.159,36.0,43.37,14.0,16.87,0.634,0.17400000000000002,36.42,14.94,17.47,32.41,22.97,27.07,200.0,0.161,86.0,43.0,26.0,13.0,0.534,0.103,41.53,18.67,19.04,37.71,23.68,36.29
746695,2024-06-26,2024,663886,R,547973,L,strikeout,True,False,70.0,0.254,7.0,10.0,6.0,8.57,0.774,0.20600000000000002,7.41,3.04,19.77,22.81,20.49,9.86,140.0,0.283,30.0,21.43,13.0,9.29,0.7989999999999999,0.166,24.79,10.12,16.75,26.88,18.56,21.13,83.0,0.159,36.0,43.37,14.0,16.87,0.634,0.17400000000000002,36.42,14.94,17.47,32.41,22.97,27.07,200.0,0.161,86.0,43.0,26.0,13.0,0.534,0.103,41.53,18.67,19.04,37.71,23.68,36.29
745073,2024-06-26,2024,641487,L,686752,R,field_out,False,False,173.0,0.169,44.0,25.43,23.0,13.29,0.601,0.149,18.79,7.62,20.16,27.78,18.37,17.32,446.0,0.266,84.0,18.83,67.0,15.02,0.845,0.197,18.19,6.93,19.49,26.42,17.9,17.39,136.0,0.218,40.0,29.41,15.0,11.03,0.761,0.227,28.57,12.43,17.58,30.02,25.09,22.73,75.0,0.111,13.0,17.33,2.0,2.67,0.383,0.1249999999999999,19.74,9.38,17.19,26.56,29.09,12.62
745073,2024-06-26,2024,668942,L,686752,R,strikeout,True,False,217.0,0.272,33.0,15.21,19.0,8.76,0.755,0.14299999999999996,16.67,7.75,16.88,24.63,21.23,12.22,299.0,0.249,64.0,21.4,22.0,7.36,0.6559999999999999,0.1019999999999999,22.77,10.13,19.65,29.78,25.55,19.69,136.0,0.218,40.0,29.41,15.0,11.03,0.761,0.227,28.57,12.43,17.58,30.02,25.09,22.73,75.0,0.111,13.0,17.33,2.0,2.67,0.383,0.1249999999999999,19.74,9.38,17.19,26.56,29.09,12.62
745073,2024-06-26,2024,677594,R,686752,R,strikeout,True,False,248.0,0.241,70.0,28.23,15.0,6.05,0.609,0.07800000000000001,30.9,16.48,12.09,28.57,36.72,20.06,545.0,0.267,127.0,23.3,35.0,6.42,0.8109999999999999,0.2169999999999999,27.93,14.91,13.12,28.03,38.34,22.84,134.0,0.211,35.0,26.12,8.0,5.97,0.619,0.147,31.89,15.79,16.57,32.36,26.4,21.21,84.0,0.241,25.0,29.76,3.0,3.57,0.7669999999999999,0.24,34.83,18.56,15.87,34.43,34.91,20.83
745073,2024-06-26,2024,650490,R,669923,R,single,False,False,268.0,0.262,43.0,16.04,22.0,8.21,0.7130000000000001,0.123,13.07,5.84,17.61,23.45,23.73,13.44,462.0,0.322,72.0,15.58,49.0,10.61,0.881,0.1559999999999999,18.95,8.0,18.68,26.68,19.71,15.69,198.0,0.218,40.0,20.2,3.0,1.52,0.5660000000000001,0.11400000000000002,23.39,13.24,13.51,26.76,39.52,15.44,404.0,0.247,90.0,22.28,8.0,1.98,0.659,0.141,24.39,13.48,15.5,28.98,35.88,18.67
745073,2024-06-26,2024,666139,L,669923,R,field_out,False,False,104.0,0.25,27.0,25.96,10.0,9.62,0.787,0.21700000000000003,25.21,12.97,12.97,25.93,30.87,16.67,435.0,0.3,104.0,23.91,27.0,6.21,0.8540000000000001,0.211,29.41,15.52,12.38,27.9,34.65,18.39,178.0,0.247,49.0,27.53,6.0,3.37,0.73,0.20500000000000002,25.14,13.06,17.06,30.12,26.32,21.49,354.0,0.246,82.0,23.16,11.0,3.11,0.672,0.156,21.25,11.4,17.29,28.69,29.11,18.14
745073,2024-06-26,2024,668227,R,669923,R,field_out,False,False,238.0,0.194,68.0,28.57,22.0,9.24,0.631,0.14600000000000002,34.47,14.69,19.16,33.85,24.62,19.65,517.0,0.254,119.0,23.02,62.0,11.99,0.7769999999999999,0.1589999999999999,29.93,12.82,18.77,31.59,26.93,19.44,198.0,0.218,40.0,20.2,3.0,1.52,0.5660000000000001,0.11400000000000002,23.39,13.24,13.51,26.76,39.52,15.44,404.0,0.247,90.0,22.28,8.0,1.98,0.659,0.141,24.39,13.48,15.5,28.98,35.88,18.67
745073,2024-06-26,2024,670623,R,669923,R,strikeout,True,False,241.0,0.279,38.0,15.77,24.0,9.96,0.853,0.20699999999999996,16.7,7.5,18.79,26.29,27.94,9.34,438.0,0.247,82.0,18.72,43.0,9.82,0.86,0.266,18.6,8.55,16.71,25.26,28.98,14.09,198.0,0.218,40.0,20.2,3.0,1.52,0.5660000000000001,0.11400000000000002,23.39,13.24,13.51,26.76,39.52,15.44,404.0,0.247,90.0,22.28,8.0,1.98,0.659,0.141,24.39,13.48,15.5,28.98,35.88,18.67
745073,2024-06-26,2024,663728,L,686752,R,walk,False,True,213.0,0.232,70.0,32.86,21.0,9.86,0.7050000000000001,0.168,29.76,14.95,13.74,28.68,30.3,22.12,462.0,0.235,126.0,27.27,47.0,10.17,0.7909999999999999,0.241,29.58,14.2,14.09,28.29,30.53,21.36,136.0,0.218,40.0,29.41,15.0,11.03,0.761,0.227,28.57,12.43,17.58,30.02,25.09,22.73,75.0,0.111,13.0,17.33,2.0,2.67,0.383,0.1249999999999999,19.74,9.38,17.19,26.56,29.09,12.62
745073,2024-06-26,2024,664034,R,686752,R,field_out,False,False,191.0,0.24,47.0,24.61,14.0,7.33,0.7,0.14600000000000002,20.51,9.69,15.41,25.1,23.9,19.03,506.0,0.24,85.0,16.8,37.0,7.31,0.698,0.1169999999999999,22.16,11.42,13.69,25.11,32.3,15.51,134.0,0.211,35.0,26.12,8.0,5.97,0.619,0.147,31.89,15.79,16.57,32.36,26.4,21.21,84.0,0.241,25.0,29.76,3.0,3.57,0.7669999999999999,0.24,34.83,18.56,15.87,34.43,34.91,20.83
745073,2024-06-26,2024,641598,R,686752,R,field_out,False,False,184.0,0.157,61.0,33.15,25.0,13.59,0.604,0.163,34.68,13.39,22.11,35.5,18.57,25.21,262.0,0.25,70.0,26.72,25.0,9.54,0.845,0.267,25.84,10.63,19.22,29.85,18.71,21.21,134.0,0.211,35.0,26.12,8.0,5.97,0.619,0.147,31.89,15.79,16.57,32.36,26.4,21.21,84.0,0.241,25.0,29.76,3.0,3.57,0.7669999999999999,0.24,34.83,18.56,15.87,34.43,34.91,20.83
745073,2024-06-26,2024,686527,L,686752,R,strikeout,True,False,119.0,0.245,31.0,26.05,12.0,10.08,0.8,0.236,33.8,17.34,15.91,33.25,38.18,26.5,155.0,0.221,26.0,16.77,5.0,3.23,0.661,0.1879999999999999,24.65,13.73,16.86,30.59,41.27,21.85,136.0,0.218,40.0,29.41,15.0,11.03,0.761,0.227,28.57,12.43,17.58,30.02,25.09,22.73,75.0,0.111,13.0,17.33,2.0,2.67,0.383,0.1249999999999999,19.74,9.38,17.19,26.56,29.09,12.62
745073,2024-06-26,2024,680700,L,669923,R,field_out,False,False,209.0,0.239,45.0,21.53,25.0,11.96,0.682,0.10200000000000004,27.06,12.98,13.84,26.82,26.35,18.75,82.0,0.216,10.0,12.2,6.0,7.32,0.7390000000000001,0.243,15.71,6.75,18.4,25.15,18.99,10.75,178.0,0.247,49.0,27.53,6.0,3.37,0.73,0.20500000000000002,25.14,13.06,17.06,30.12,26.32,21.49,354.0,0.246,82.0,23.16,11.0,3.11,0.672,0.156,21.25,11.4,17.29,28.69,29.11,18.14
745073,2024-06-26,2024,642708,R,669923,R,field_out,False,False,145.0,0.302,24.0,16.55,5.0,3.45,0.734,0.10100000000000003,22.34,12.45,13.83,26.28,38.49,15.38,353.0,0.252,72.0,20.4,18.0,5.1,0.636,0.091,25.7,13.68,14.7,28.38,39.8,19.35,198.0,0.218,40.0,20.2,3.0,1.52,0.5660000000000001,0.11400000000000002,23.39,13.24,13.51,26.76,39.52,15.44,404.0,0.247,90.0,22.28,8.0,1.98,0.659,0.141,24.39,13.48,15.5,28.98,35.88,18.67
745073,2024-06-26,2024,642350,R,669923,R,strikeout,True,False,179.0,0.213,63.0,35.2,15.0,8.38,0.675,0.161,36.2,16.91,19.91,36.82,32.58,27.04,271.0,0.23,93.0,34.32,16.0,5.9,0.801,0.29,39.19,20.65,15.06,35.71,37.69,31.08,198.0,0.218,40.0,20.2,3.0,1.52,0.5660000000000001,0.11400000000000002,23.39,13.24,13.51,26.76,39.52,15.44,404.0,0.247,90.0,22.28,8.0,1.98,0.659,0.141,24.39,13.48,15.5,28.98,35.88,18.67
745073,2024-06-26,2024,664238,R,686752,R,strikeout,True,False,155.0,0.208,41.0,26.45,17.0,10.97,0.7290000000000001,0.19200000000000003,24.62,10.59,18.24,28.83,17.73,22.53,73.0,0.188,28.0,38.36,6.0,8.22,0.647,0.1709999999999999,33.56,16.33,21.33,37.67,34.46,26.17,134.0,0.211,35.0,26.12,8.0,5.97,0.619,0.147,31.89,15.79,16.57,32.36,26.4,21.21,84.0,0.241,25.0,29.76,3.0,3.57,0.7669999999999999,0.24,34.83,18.56,15.87,34.43,34.91,20.83
745073,2024-06-26,2024,669208,R,686752,R,field_out,False,False,30.0,0.269,5.0,16.67,1.0,3.33,0.667,0.07699999999999996,24.49,12.77,13.83,26.6,15.79,20.0,,,,,,,,,,,,,,,134.0,0.211,35.0,26.12,8.0,5.97,0.619,0.147,31.89,15.79,16.57,32.36,26.4,21.21,84.0,0.241,25.0,29.76,3.0,3.57,0.7669999999999999,0.24,34.83,18.56,15.87,34.43,34.91,20.83
745073,2024-06-26,2024,641487,L,686752,R,double,False,False,173.0,0.169,44.0,25.43,23.0,13.29,0.601,0.149,18.79,7.62,20.16,27.78,18.37,17.32,446.0,0.266,84.0,18.83,67.0,15.02,0.845,0.197,18.19,6.93,19.49,26.42,17.9,17.39,136.0,0.218,40.0,29.41,15.0,11.03,0.761,0.227,28.57,12.43,17.58,30.02,25.09,22.73,75.0,0.111,13.0,17.33,2.0,2.67,0.383,0.1249999999999999,19.74,9.38,17.19,26.56,29.09,12.62
745073,2024-06-26,2024,668942,L,686752,R,strikeout,True,False,217.0,0.272,33.0,15.21,19.0,8.76,0.755,0.14299999999999996,16.67,7.75,16.88,24.63,21.23,12.22,299.0,0.249,64.0,21.4,22.0,7.36,0.6559999999999999,0.1019999999999999,22.77,10.13,19.65,29.78,25.55,19.69,136.0,0.218,40.0,29.41,15.0,11.03,0.761,0.227,28.57,12.43,17.58,30.02,25.09,22.73,75.0,0.111,13.0,17.33,2.0,2.67,0.383,0.1249999999999999,19.74,9.38,17.19,26.56,29.09,12.62
745073,2024-06-26,2024,676609,R,669923,R,double,False,False,198.0,0.222,48.0,24.24,13.0,6.57,0.605,0.095,27.61,12.69,19.43,32.12,32.24,20.43,156.0,0.186,37.0,23.72,15.0,9.62,0.588,0.1009999999999999,24.9,10.03,24.36,34.39,27.59,18.69,198.0,0.218,40.0,20.2,3.0,1.52,0.5660000000000001,0.11400000000000002,23.39,13.24,13.51,26.76,39.52,15.44,404.0,0.247,90.0,22.28,8.0,1.98,0.659,0.141,24.39,13.48,15.5,28.98,35.88,18.67
745073,2024-06-26,2024,656577,R,669923,R,field_out,False,False,46.0,0.073,20.0,43.48,3.0,6.52,0.331,0.12200000000000001,43.62,21.93,17.11,39.04,35.48,31.25,,,,,,,,,,,,,,,198.0,0.218,40.0,20.2,3.0,1.52,0.5660000000000001,0.11400000000000002,23.39,13.24,13.51,26.76,39.52,15.44,404.0,0.247,90.0,22.28,8.0,1.98,0.659,0.141,24.39,13.48,15.5,28.98,35.88,18.67
745073,2024-06-26,2024,650490,R,669923,R,single,False,False,268.0,0.262,43.0,16.04,22.0,8.21,0.7130000000000001,0.123,13.07,5.84,17.61,23.45,23.73,13.44,462.0,0.322,72.0,15.58,49.0,10.61,0.881,0.1559999999999999,18.95,8.0,18.68,26.68,19.71,15.69,198.0,0.218,40.0,20.2,3.0,1.52,0.5660000000000001,0.11400000000000002,23.39,13.24,13.51,26.76,39.52,15.44,404.0,0.247,90.0,22.28,8.0,1.98,0.659,0.141,24.39,13.48,15.5,28.98,35.88,18.67
745073,2024-06-26,2024,666139,L,669923,R,strikeout,True,False,104.0,0.25,27.0,25.96,10.0,9.62,0.787,0.21700000000000003,25.21,12.97,12.97,25.93,30.87,16.67,435.0,0.3,104.0,23.91,27.0,6.21,0.8540000000000001,0.211,29.41,15.52,12.38,27.9,34.65,18.39,178.0,0.247,49.0,27.53,6.0,3.37,0.73,0.20500000000000002,25.14,13.06,17.06,30.12,26.32,21.49,354.0,0.246,82.0,23.16,11.0,3.11,0.672,0.156,21.25,11.4,17.29,28.69,29.11,18.14
745073,2024-06-26,2024,668227,R,669923,R,field_out,False,False,238.0,0.194,68.0,28.57,22.0,9.24,0.631,0.14600000000000002,34.47,14.69,19.16,33.85,24.62,19.65,517.0,0.254,119.0,23.02,62.0,11.99,0.7769999999999999,0.1589999999999999,29.93,12.82,18.77,31.59,26.93,19.44,198.0,0.218,40.0,20.2,3.0,1.52,0.5660000000000001,0.11400000000000002,23.39,13.24,13.51,26.76,39.52,15.44,404.0,0.247,90.0,22.28,8.0,1.98,0.659,0.141,24.39,13.48,15.5,28.98,35.88,18.67
745073,2024-06-26,2024,677594,R,686752,R,field_out,False,False,248.0,0.241,70.0,28.23,15.0,6.05,0.609,0.07800000000000001,30.9,16.48,12.09,28.57,36.72,20.06,545.0,0.267,127.0,23.3,35.0,6.42,0.8109999999999999,0.2169999999999999,27.93,14.91,13.12,28.03,38.34,22.84,134.0,0.211,35.0,26.12,8.0,5.97,0.619,0.147,31.89,15.79,16.57,32.36,26.4,21.21,84.0,0.241,25.0,29.76,3.0,3.57,0.7669999999999999,0.24,34.83,18.56,15.87,34.43,34.91,20.83
745073,2024-06-26,2024,663728,L,686752,R,field_out,False,False,213.0,0.232,70.0,32.86,21.0,9.86,0.7050000000000001,0.168,29.76,14.95,13.74,28.68,30.3,22.12,462.0,0.235,126.0,27.27,47.0,10.17,0.7909999999999999,0.241,29.58,14.2,14.09,28.29,30.53,21.36,136.0,0.218,40.0,29.41,15.0,11.03,0.761,0.227,28.57,12.43,17.58,30.02,25.09,22.73,75.0,0.111,13.0,17.33,2.0,2.67,0.383,0.1249999999999999,19.74,9.38,17.19,26.56,29.09,12.62
745073,2024-06-26,2024,664034,R,686752,R,field_out,False,False,191.0,0.24,47.0,24.61,14.0,7.33,0.7,0.14600000000000002,20.51,9.69,15.41,25.1,23.9,19.03,506.0,0.24,85.0,16.8,37.0,7.31,0.698,0.1169999999999999,22.16,11.42,13.69,25.11,32.3,15.51,134.0,0.211,35.0,26.12,8.0,5.97,0.619,0.147,31.89,15.79,16.57,32.36,26.4,21.21,84.0,0.241,25.0,29.76,3.0,3.57,0.7669999999999999,0.24,34.83,18.56,15.87,34.43,34.91,20.83
745073,2024-06-26,2024,670623,R,669923,R,strikeout,True,False,241.0,0.279,38.0,15.77,24.0,9.96,0.853,0.20699999999999996,16.7,7.5,18.79,26.29,27.94,9.34,438.0,0.247,82.0,18.72,43.0,9.82,0.86,0.266,18.6,8.55,16.71,25.26,28.98,14.09,198.0,0.218,40.0,20.2,3.0,1.52,0.5660000000000001,0.11400000000000002,23.39,13.24,13.51,26.76,39.52,15.44,404.0,0.247,90.0,22.28,8.0,1.98,0.659,0.141,24.39,13.48,15.5,28.98,35.88,18.67
745073,2024-06-26,2024,680700,L,669923,R,strikeout,True,False,209.0,0.239,45.0,21.53,25.0,11.96,0.682,0.10200000000000004,27.06,12.98,13.84,26.82,26.35,18.75,82.0,0.216,10.0,12.2,6.0,7.32,0.7390000000000001,0.243,15.71,6.75,18.4,25.15,18.99,10.75,178.0,0.247,49.0,27.53,6.0,3.37,0.73,0.20500000000000002,25.14,13.06,17.06,30.12,26.32,21.49,354.0,0.246,82.0,23.16,11.0,3.11,0.672,0.156,21.25,11.4,17.29,28.69,29.11,18.14
745073,2024-06-26,2024,642708,R,669923,R,field_out,False,False,145.0,0.302,24.0,16.55,5.0,3.45,0.734,0.10100000000000003,22.34,12.45,13.83,26.28,38.49,15.38,353.0,0.252,72.0,20.4,18.0,5.1,0.636,0.091,25.7,13.68,14.7,28.38,39.8,19.35,198.0,0.218,40.0,20.2,3.0,1.52,0.5660000000000001,0.11400000000000002,23.39,13.24,13.51,26.76,39.52,15.44,404.0,0.247,90.0,22.28,8.0,1.98,0.659,0.141,24.39,13.48,15.5,28.98,35.88,18.67
745073,2024-06-26,2024,641598,R,686752,R,field_out,False,False,184.0,0.157,61.0,33.15,25.0,13.59,0.604,0.163,34.68,13.39,22.11,35.5,18.57,25.21,262.0,0.25,70.0,26.72,25.0,9.54,0.845,0.267,25.84,10.63,19.22,29.85,18.71,21.21,134.0,0.211,35.0,26.12,8.0,5.97,0.619,0.147,31.89,15.79,16.57,32.36,26.4,21.21,84.0,0.241,25.0,29.76,3.0,3.57,0.7669999999999999,0.24,34.83,18.56,15.87,34.43,34.91,20.83
745073,2024-06-26,2024,686527,L,686752,R,strikeout,True,False,119.0,0.245,31.0,26.05,12.0,10.08,0.8,0.236,33.8,17.34,15.91,33.25,38.18,26.5,155.0,0.221,26.0,16.77,5.0,3.23,0.661,0.1879999999999999,24.65,13.73,16.86,30.59,41.27,21.85,136.0,0.218,40.0,29.41,15.0,11.03,0.761,0.227,28.57,12.43,17.58,30.02,25.09,22.73,75.0,0.111,13.0,17.33,2.0,2.67,0.383,0.1249999999999999,19.74,9.38,17.19,26.56,29.09,12.62
745073,2024-06-26,2024,664238,R,686752,R,strikeout,True,False,155.0,0.208,41.0,26.45,17.0,10.97,0.7290000000000001,0.19200000000000003,24.62,10.59,18.24,28.83,17.73,22.53,73.0,0.188,28.0,38.36,6.0,8.22,0.647,0.1709999999999999,33.56,16.33,21.33,37.67,34.46,26.17,134.0,0.211,35.0,26.12,8.0,5.97,0.619,0.147,31.89,15.79,16.57,32.36,26.4,21.21,84.0,0.241,25.0,29.76,3.0,3.57,0.7669999999999999,0.24,34.83,18.56,15.87,34.43,34.91,20.83
745073,2024-06-26,2024,642350,R,669923,R,strikeout,True,False,179.0,0.213,63.0,35.2,15.0,8.38,0.675,0.161,36.2,16.91,19.91,36.82,32.58,27.04,271.0,0.23,93.0,34.32,16.0,5.9,0.801,0.29,39.19,20.65,15.06,35.71,37.69,31.08,198.0,0.218,40.0,20.2,3.0,1.52,0.5660000000000001,0.11400000000000002,23.39,13.24,13.51,26.76,39.52,15.44,404.0,0.247,90.0,22.28,8.0,1.98,0.659,0.141,24.39,13.48,15.5,28.98,35.88,18.67
745073,2024-06-26,2024,676609,R,669923,R,single,False,False,198.0,0.222,48.0,24.24,13.0,6.57,0.605,0.095,27.61,12.69,19.43,32.12,32.24,20.43,156.0,0.186,37.0,23.72,15.0,9.62,0.588,0.1009999999999999,24.9,10.03,24.36,34.39,27.59,18.69,198.0,0.218,40.0,20.2,3.0,1.52,0.5660000000000001,0.11400000000000002,23.39,13.24,13.51,26.76,39.52,15.44,404.0,0.247,90.0,22.28,8.0,1.98,0.659,0.141,24.39,13.48,15.5,28.98,35.88,18.67
745073,2024-06-26,2024,656577,R,669923,R,strikeout_double_play,True,False,46.0,0.073,20.0,43.48,3.0,6.52,0.331,0.12200000000000001,43.62,21.93,17.11,39.04,35.48,31.25,,,,,,,,,,,,,,,198.0,0.218,40.0,20.2,3.0,1.52,0.5660000000000001,0.11400000000000002,23.39,13.24,13.51,26.76,39.52,15.44,404.0,0.247,90.0,22.28,8.0,1.98,0.659,0.141,24.39,13.48,15.5,28.98,35.88,18.67
745073,2024-06-26,2024,669208,R,686752,R,strikeout,True,False,30.0,0.269,5.0,16.67,1.0,3.33,0.667,0.07699999999999996,24.49,12.77,13.83,26.6,15.79,20.0,,,,,,,,,,,,,,,134.0,0.211,35.0,26.12,8.0,5.97,0.619,0.147,31.89,15.79,16.57,32.36,26.4,21.21,84.0,0.241,25.0,29.76,3.0,3.57,0.7669999999999999,0.24,34.83,18.56,15.87,34.43,34.91,20.83
745073,2024-06-26,2024,641487,L,686752,R,walk,False,True,173.0,0.169,44.0,25.43,23.0,13.29,0.601,0.149,18.79,7.62,20.16,27.78,18.37,17.32,446.0,0.266,84.0,18.83,67.0,15.02,0.845,0.197,18.19,6.93,19.49,26.42,17.9,17.39,136.0,0.218,40.0,29.41,15.0,11.03,0.761,0.227,28.57,12.43,17.58,30.02,25.09,22.73,75.0,0.111,13.0,17.33,2.0,2.67,0.383,0.1249999999999999,19.74,9.38,17.19,26.56,29.09,12.62
745073,2024-06-26,2024,668942,L,542888,R,force_out,False,False,217.0,0.272,33.0,15.21,19.0,8.76,0.755,0.14299999999999996,16.67,7.75,16.88,24.63,21.23,12.22,299.0,0.249,64.0,21.4,22.0,7.36,0.6559999999999999,0.1019999999999999,22.77,10.13,19.65,29.78,25.55,19.69,51.0,0.311,11.0,21.57,6.0,11.76,0.925,0.22200000000000003,17.39,8.21,18.97,27.18,22.35,20.37,98.0,0.209,24.0,24.49,5.0,5.1,0.552,0.088,21.9,12.01,15.67,27.68,36.52,18.05
745073,2024-06-26,2024,677594,R,542888,R,walk,False,True,248.0,0.241,70.0,28.23,15.0,6.05,0.609,0.07800000000000001,30.9,16.48,12.09,28.57,36.72,20.06,545.0,0.267,127.0,23.3,35.0,6.42,0.8109999999999999,0.2169999999999999,27.93,14.91,13.12,28.03,38.34,22.84,100.0,0.198,28.0,28.0,7.0,7.0,0.5680000000000001,0.10999999999999999,25.25,13.3,17.55,30.85,28.3,21.54,109.0,0.17,30.0,27.52,6.0,5.5,0.489,0.0799999999999999,30.59,16.11,13.7,29.81,33.17,23.08
745073,2024-06-26,2024,663728,L,542888,R,home_run,False,False,213.0,0.232,70.0,32.86,21.0,9.86,0.7050000000000001,0.168,29.76,14.95,13.74,28.68,30.3,22.12,462.0,0.235,126.0,27.27,47.0,10.17,0.7909999999999999,0.241,29.58,14.2,14.09,28.29,30.53,21.36,51.0,0.311,11.0,21.57,6.0,11.76,0.925,0.22200000000000003,17.39,8.21,18.97,27.18,22.35,20.37,98.0,0.209,24.0,24.49,5.0,5.1,0.552,0.088,21.9,12.01,15.67,27.68,36.52,18.05
745073,2024-06-26,2024,664034,R,542888,R,field_out,False,False,191.0,0.24,47.0,24.61,14.0,7.33,0.7,0.14600000000000002,20.51,9.69,15.41,25.1,23.9,19.03,506.0,0.24,85.0,16.8,37.0,7.31,0.698,0.1169999999999999,22.16,11.42,13.69,25.11,32.3,15.51,100.0,0.198,28.0,28.0,7.0,7.0,0.5680000000000001,0.10999999999999999,25.25,13.3,17.55,30.85,28.3,21.54,109.0,0.17,30.0,27.52,6.0,5.5,0.489,0.0799999999999999,30.59,16.11,13.7,29.81,33.17,23.08
745073,2024-06-26,2024,650490,R,669923,R,field_out,False,False,268.0,0.262,43.0,16.04,22.0,8.21,0.7130000000000001,0.123,13.07,5.84,17.61,23.45,23.73,13.44,462.0,0.322,72.0,15.58,49.0,10.61,0.881,0.1559999999999999,18.95,8.0,18.68,26.68,19.71,15.69,198.0,0.218,40.0,20.2,3.0,1.52,0.5660000000000001,0.11400000000000002,23.39,13.24,13.51,26.76,39.52,15.44,404.0,0.247,90.0,22.28,8.0,1.98,0.659,0.141,24.39,13.48,15.5,28.98,35.88,18.67
745073,2024-06-26,2024,666139,L,669923,R,field_out,False,False,104.0,0.25,27.0,25.96,10.0,9.62,0.787,0.21700000000000003,25.21,12.97,12.97,25.93,30.87,16.67,435.0,0.3,104.0,23.91,27.0,6.21,0.8540000000000001,0.211,29.41,15.52,12.38,27.9,34.65,18.39,178.0,0.247,49.0,27.53,6.0,3.37,0.73,0.20500000000000002,25.14,13.06,17.06,30.12,26.32,21.49,354.0,0.246,82.0,23.16,11.0,3.11,0.672,0.156,21.25,11.4,17.29,28.69,29.11,18.14
745073,2024-06-26,2024,668227,R,669923,R,field_out,False,False,238.0,0.194,68.0,28.57,22.0,9.24,0.631,0.14600000000000002,34.47,14.69,19.16,33.85,24.62,19.65,517.0,0.254,119.0,23.02,62.0,11.99,0.7769999999999999,0.1589999999999999,29.93,12.82,18.77,31.59,26.93,19.44,198.0,0.218,40.0,20.2,3.0,1.52,0.5660000000000001,0.11400000000000002,23.39,13.24,13.51,26.76,39.52,15.44,404.0,0.247,90.0,22.28,8.0,1.98,0.659,0.141,24.39,13.48,15.5,28.98,35.88,18.67
745073,2024-06-26,2024,641598,R,687330,R,single,False,False,184.0,0.157,61.0,33.15,25.0,13.59,0.604,0.163,34.68,13.39,22.11,35.5,18.57,25.21,262.0,0.25,70.0,26.72,25.0,9.54,0.845,0.267,25.84,10.63,19.22,29.85,18.71,21.21,85.0,0.244,23.0,27.06,4.0,4.71,0.657,0.11499999999999999,22.58,9.15,26.8,35.95,27.66,24.47,172.0,0.211,29.0,16.86,5.0,2.91,0.554,0.0809999999999999,21.07,9.75,21.21,30.96,29.68,13.74
745073,2024-06-26,2024,686527,L,687330,R,single,False,False,119.0,0.245,31.0,26.05,12.0,10.08,0.8,0.236,33.8,17.34,15.91,33.25,38.18,26.5,155.0,0.221,26.0,16.77,5.0,3.23,0.661,0.1879999999999999,24.65,13.73,16.86,30.59,41.27,21.85,50.0,0.208,9.0,18.0,0.0,0.0,0.62,0.18800000000000003,13.64,6.52,21.74,28.26,24.05,14.06,104.0,0.211,27.0,25.96,10.0,9.62,0.65,0.122,24.16,10.19,19.67,29.86,20.39,21.31
745073,2024-06-26,2024,664238,R,687330,R,sac_bunt,False,False,155.0,0.208,41.0,26.45,17.0,10.97,0.7290000000000001,0.19200000000000003,24.62,10.59,18.24,28.83,17.73,22.53,73.0,0.188,28.0,38.36,6.0,8.22,0.647,0.1709999999999999,33.56,16.33,21.33,37.67,34.46,26.17,85.0,0.244,23.0,27.06,4.0,4.71,0.657,0.11499999999999999,22.58,9.15,26.8,35.95,27.66,24.47,172.0,0.211,29.0,16.86,5.0,2.91,0.554,0.0809999999999999,21.07,9.75,21.21,30.96,29.68,13.74
745073,2024-06-26,2024,669208,R,687330,R,strikeout,True,False,30.0,0.269,5.0,16.67,1.0,3.33,0.667,0.07699999999999996,24.49,12.77,13.83,26.6,15.79,20.0,,,,,,,,,,,,,,,85.0,0.244,23.0,27.06,4.0,4.71,0.657,0.11499999999999999,22.58,9.15,26.8,35.95,27.66,24.47,172.0,0.211,29.0,16.86,5.0,2.91,0.554,0.0809999999999999,21.07,9.75,21.21,30.96,29.68,13.74
745073,2024-06-26,2024,641487,L,687330,R,single,False,False,173.0,0.169,44.0,25.43,23.0,13.29,0.601,0.149,18.79,7.62,20.16,27.78,18.37,17.32,446.0,0.266,84.0,18.83,67.0,15.02,0.845,0.197,18.19,6.93,19.49,26.42,17.9,17.39,50.0,0.208,9.0,18.0,0.0,0.0,0.62,0.18800000000000003,13.64,6.52,21.74,28.26,24.05,14.06,104.0,0.211,27.0,25.96,10.0,9.62,0.65,0.122,24.16,10.19,19.67,29.86,20.39,21.31
745073,2024-06-26,2024,668942,L,687330,R,strikeout,True,False,217.0,0.272,33.0,15.21,19.0,8.76,0.755,0.14299999999999996,16.67,7.75,16.88,24.63,21.23,12.22,299.0,0.249,64.0,21.4,22.0,7.36,0.6559999999999999,0.1019999999999999,22.77,10.13,19.65,29.78,25.55,19.69,50.0,0.208,9.0,18.0,0.0,0.0,0.62,0.18800000000000003,13.64,6.52,21.74,28.26,24.05,14.06,104.0,0.211,27.0,25.96,10.0,9.62,0.65,0.122,24.16,10.19,19.67,29.86,20.39,21.31
745073,2024-06-26,2024,670623,R,608723,R,field_out,False,False,241.0,0.279,38.0,15.77,24.0,9.96,0.853,0.20699999999999996,16.7,7.5,18.79,26.29,27.94,9.34,438.0,0.247,82.0,18.72,43.0,9.82,0.86,0.266,18.6,8.55,16.71,25.26,28.98,14.09,59.0,0.204,16.0,27.12,3.0,5.08,0.629,0.166,33.33,16.96,15.22,32.17,37.01,22.86,92.0,0.272,24.0,26.09,8.0,8.7,0.847,0.2339999999999999,30.85,15.63,15.36,31.0,35.26,18.75
745073,2024-06-26,2024,680700,L,608723,R,field_out,False,False,209.0,0.239,45.0,21.53,25.0,11.96,0.682,0.10200000000000004,27.06,12.98,13.84,26.82,26.35,18.75,82.0,0.216,10.0,12.2,6.0,7.32,0.7390000000000001,0.243,15.71,6.75,18.4,25.15,18.99,10.75,65.0,0.186,10.0,15.38,5.0,7.69,0.618,0.16999999999999998,24.37,11.93,14.81,26.75,25.21,15.15,68.0,0.288,10.0,14.71,7.0,10.29,0.772,0.102,13.95,6.08,17.57,23.65,25.81,11.76
745073,2024-06-26,2024,642708,R,608723,R,field_out,False,False,145.0,0.302,24.0,16.55,5.0,3.45,0.734,0.10100000000000003,22.34,12.45,13.83,26.28,38.49,15.38,353.0,0.252,72.0,20.4,18.0,5.1,0.636,0.091,25.7,13.68,14.7,28.38,39.8,19.35,59.0,0.204,16.0,27.12,3.0,5.08,0.629,0.166,33.33,16.96,15.22,32.17,37.01,22.86,92.0,0.272,24.0,26.09,8.0,8.7,0.847,0.2339999999999999,30.85,15.63,15.36,31.0,35.26,18.75
745073,2024-06-26,2024,677594,R,592094,R,field_out,False,False,248.0,0.241,70.0,28.23,15.0,6.05,0.609,0.07800000000000001,30.9,16.48,12.09,28.57,36.72,20.06,545.0,0.267,127.0,23.3,35.0,6.42,0.8109999999999999,0.2169999999999999,27.93,14.91,13.12,28.03,38.34,22.84,74.0,0.164,17.0,22.97,8.0,10.81,0.546,0.098,35.53,17.36,13.18,30.55,29.09,16.67,112.0,0.196,30.0,26.79,9.0,8.04,0.634,0.134,33.33,15.66,15.45,31.11,29.8,18.18
745073,2024-06-26,2024,663728,L,592094,R,walk,False,True,213.0,0.232,70.0,32.86,21.0,9.86,0.7050000000000001,0.168,29.76,14.95,13.74,28.68,30.3,22.12,462.0,0.235,126.0,27.27,47.0,10.17,0.7909999999999999,0.241,29.58,14.2,14.09,28.29,30.53,21.36,56.0,0.18,13.0,23.21,5.0,8.93,0.615,0.18,34.62,17.56,12.68,30.24,30.69,22.41,110.0,0.167,39.0,35.45,11.0,10.0,0.627,0.1869999999999999,35.6,15.81,20.0,35.81,28.04,29.55
745073,2024-06-26,2024,664034,R,592094,R,strikeout,True,False,191.0,0.24,47.0,24.61,14.0,7.33,0.7,0.14600000000000002,20.51,9.69,15.41,25.1,23.9,19.03,506.0,0.24,85.0,16.8,37.0,7.31,0.698,0.1169999999999999,22.16,11.42,13.69,25.11,32.3,15.51,74.0,0.164,17.0,22.97,8.0,10.81,0.546,0.098,35.53,17.36,13.18,30.55,29.09,16.67,112.0,0.196,30.0,26.79,9.0,8.04,0.634,0.134,33.33,15.66,15.45,31.11,29.8,18.18
745073,2024-06-26,2024,641598,R,592094,R,strikeout,True,False,184.0,0.157,61.0,33.15,25.0,13.59,0.604,0.163,34.68,13.39,22.11,35.5,18.57,25.21,262.0,0.25,70.0,26.72,25.0,9.54,0.845,0.267,25.84,10.63,19.22,29.85,18.71,21.21,74.0,0.164,17.0,22.97,8.0,10.81,0.546,0.098,35.53,17.36,13.18,30.55,29.09,16.67,112.0,0.196,30.0,26.79,9.0,8.04,0.634,0.134,33.33,15.66,15.45,31.11,29.8,18.18
745073,2024-06-26,2024,642350,R,592773,R,strikeout,True,False,179.0,0.213,63.0,35.2,15.0,8.38,0.675,0.161,36.2,16.91,19.91,36.82,32.58,27.04,271.0,0.23,93.0,34.32,16.0,5.9,0.801,0.29,39.19,20.65,15.06,35.71,37.69,31.08,67.0,0.197,20.0,29.85,5.0,7.46,0.531,0.065,31.54,17.6,11.24,28.84,39.57,21.51,116.0,0.231,31.0,26.72,11.0,9.48,0.752,0.211,31.3,16.45,11.54,27.99,28.0,17.61
745073,2024-06-26,2024,676609,R,592773,R,single,False,False,198.0,0.222,48.0,24.24,13.0,6.57,0.605,0.095,27.61,12.69,19.43,32.12,32.24,20.43,156.0,0.186,37.0,23.72,15.0,9.62,0.588,0.1009999999999999,24.9,10.03,24.36,34.39,27.59,18.69,67.0,0.197,20.0,29.85,5.0,7.46,0.531,0.065,31.54,17.6,11.24,28.84,39.57,21.51,116.0,0.231,31.0,26.72,11.0,9.48,0.752,0.211,31.3,16.45,11.54,27.99,28.0,17.61
745073,2024-06-26,2024,656577,R,592773,R,field_out,False,False,46.0,0.073,20.0,43.48,3.0,6.52,0.331,0.12200000000000001,43.62,21.93,17.11,39.04,35.48,31.25,,,,,,,,,,,,,,,67.0,0.197,20.0,29.85,5.0,7.46,0.531,0.065,31.54,17.6,11.24,28.84,39.57,21.51,116.0,0.231,31.0,26.72,11.0,9.48,0.752,0.211,31.3,16.45,11.54,27.99,28.0,17.61
745073,2024-06-26,2024,650490,R,592773,R,field_out,False,False,268.0,0.262,43.0,16.04,22.0,8.21,0.7130000000000001,0.123,13.07,5.84,17.61,23.45,23.73,13.44,462.0,0.322,72.0,15.58,49.0,10.61,0.881,0.1559999999999999,18.95,8.0,18.68,26.68,19.71,15.69,67.0,0.197,20.0,29.85,5.0,7.46,0.531,0.065,31.54,17.6,11.24,28.84,39.57,21.51,116.0,0.231,31.0,26.72,11.0,9.48,0.752,0.211,31.3,16.45,11.54,27.99,28.0,17.61
745073,2024-06-26,2024,645302,R,621363,L,field_out,False,False,25.0,0.286,6.0,24.0,2.0,8.0,0.756,0.09500000000000003,29.73,14.67,13.33,28.0,29.73,31.58,40.0,0.364,3.0,7.5,4.0,10.0,0.871,0.06,14.49,7.25,11.59,18.84,26.76,8.33,53.0,0.163,9.0,16.98,3.0,5.66,0.514,0.143,20.22,10.4,9.83,20.23,31.87,23.68,172.0,0.199,36.0,20.93,16.0,9.3,0.5740000000000001,0.0989999999999999,25.81,12.6,14.49,27.09,32.74,21.95
745073,2024-06-26,2024,664238,R,621363,L,strikeout,True,False,86.0,0.219,23.0,26.74,8.0,9.3,0.754,0.233,21.53,9.45,19.21,28.66,19.87,24.73,92.0,0.222,28.0,30.43,10.0,10.87,0.796,0.259,33.33,14.66,18.06,32.72,23.83,23.53,53.0,0.163,9.0,16.98,3.0,5.66,0.514,0.143,20.22,10.4,9.83,20.23,31.87,23.68,172.0,0.199,36.0,20.93,16.0,9.3,0.5740000000000001,0.0989999999999999,25.81,12.6,14.49,27.09,32.74,21.95
745073,2024-06-26,2024,669208,R,621363,L,field_out,False,False,27.0,0.261,10.0,37.04,4.0,14.81,0.892,0.261,33.33,14.55,14.55,29.09,16.36,33.33,,,,,,,,,,,,,,,53.0,0.163,9.0,16.98,3.0,5.66,0.514,0.143,20.22,10.4,9.83,20.23,31.87,23.68,172.0,0.199,36.0,20.93,16.0,9.3,0.5740000000000001,0.0989999999999999,25.81,12.6,14.49,27.09,32.74,21.95
745073,2024-06-26,2024,666139,L,662253,R,walk,False,True,104.0,0.25,27.0,25.96,10.0,9.62,0.787,0.21700000000000003,25.21,12.97,12.97,25.93,30.87,16.67,435.0,0.3,104.0,23.91,27.0,6.21,0.8540000000000001,0.211,29.41,15.52,12.38,27.9,34.65,18.39,59.0,0.196,15.0,25.42,7.0,11.86,0.619,0.118,28.7,13.25,17.09,30.34,35.11,22.06,104.0,0.242,31.0,29.81,10.0,9.62,0.671,0.099,36.45,17.25,16.55,33.8,30.63,24.03
745073,2024-06-26,2024,668227,R,662253,R,walk,False,True,238.0,0.194,68.0,28.57,22.0,9.24,0.631,0.14600000000000002,34.47,14.69,19.16,33.85,24.62,19.65,517.0,0.254,119.0,23.02,62.0,11.99,0.7769999999999999,0.1589999999999999,29.93,12.82,18.77,31.59,26.93,19.44,67.0,0.175,28.0,41.79,4.0,5.97,0.43,0.031,45.39,21.77,15.65,37.41,36.46,30.11,108.0,0.194,36.0,33.33,12.0,11.11,0.575,0.075,42.42,20.05,17.9,37.95,33.98,28.12
745073,2024-06-26,2024,670623,R,662253,R,hit_by_pitch,False,False,241.0,0.279,38.0,15.77,24.0,9.96,0.853,0.20699999999999996,16.7,7.5,18.79,26.29,27.94,9.34,438.0,0.247,82.0,18.72,43.0,9.82,0.86,0.266,18.6,8.55,16.71,25.26,28.98,14.09,67.0,0.175,28.0,41.79,4.0,5.97,0.43,0.031,45.39,21.77,15.65,37.41,36.46,30.11,108.0,0.194,36.0,33.33,12.0,11.11,0.575,0.075,42.42,20.05,17.9,37.95,33.98,28.12
745073,2024-06-26,2024,680700,L,663423,R,force_out,False,False,209.0,0.239,45.0,21.53,25.0,11.96,0.682,0.10200000000000004,27.06,12.98,13.84,26.82,26.35,18.75,82.0,0.216,10.0,12.2,6.0,7.32,0.7390000000000001,0.243,15.71,6.75,18.4,25.15,18.99,10.75,62.0,0.246,19.0,30.65,2.0,3.23,0.647,0.122,22.46,12.55,16.19,28.74,39.32,21.11,55.0,0.308,7.0,12.73,3.0,5.45,0.903,0.25,15.48,6.6,22.34,28.93,14.63,11.86
745073,2024-06-26,2024,642708,R,663423,R,grounded_into_double_play,False,False,145.0,0.302,24.0,16.55,5.0,3.45,0.734,0.10100000000000003,22.34,12.45,13.83,26.28,38.49,15.38,353.0,0.252,72.0,20.4,18.0,5.1,0.636,0.091,25.7,13.68,14.7,28.38,39.8,19.35,80.0,0.149,20.0,25.0,8.0,10.0,0.493,0.07500000000000001,32.88,15.74,16.07,31.8,25.32,20.88,70.0,0.209,19.0,27.14,3.0,4.29,0.5860000000000001,0.134,26.12,13.36,17.18,30.53,37.78,20.88
745157,2024-06-26,2024,672284,L,502043,R,field_out,False,False,178.0,0.268,54.0,30.34,12.0,6.74,0.771,0.183,34.81,17.62,14.83,32.45,31.2,23.18,324.0,0.251,105.0,32.41,34.0,10.49,0.738,0.1569999999999999,35.42,16.4,14.8,31.2,29.2,26.99,180.0,0.237,36.0,20.0,19.0,10.56,0.779,0.21800000000000003,23.9,9.3,17.88,27.18,23.31,24.32,402.0,0.292,73.0,18.16,26.0,6.47,0.8180000000000001,0.188,21.2,9.58,16.26,25.84,26.03,18.09
745157,2024-06-26,2024,645277,L,502043,R,field_out,False,False,218.0,0.222,39.0,17.89,18.0,8.26,0.649,0.12899999999999998,21.54,11.95,9.58,21.53,32.61,12.42,528.0,0.25,89.0,16.86,42.0,7.95,0.8029999999999999,0.235,20.84,11.11,9.82,20.92,33.45,13.94,180.0,0.237,36.0,20.0,19.0,10.56,0.779,0.21800000000000003,23.9,9.3,17.88,27.18,23.31,24.32,402.0,0.292,73.0,18.16,26.0,6.47,0.8180000000000001,0.188,21.2,9.58,16.26,25.84,26.03,18.09
745157,2024-06-26,2024,542303,R,502043,R,strikeout,True,False,227.0,0.302,48.0,21.15,22.0,9.69,0.999,0.327,31.02,14.96,12.72,27.68,26.8,18.82,453.0,0.272,109.0,24.06,44.0,9.71,0.882,0.263,27.95,13.42,14.78,28.21,29.59,18.63,163.0,0.215,37.0,22.7,12.0,7.36,0.5740000000000001,0.087,31.37,14.17,18.33,32.5,31.29,24.5,407.0,0.249,84.0,20.64,29.0,7.13,0.7010000000000001,0.146,29.66,13.56,17.04,30.6,29.49,20.14
745157,2024-06-26,2024,691026,R,625643,R,field_out,False,False,178.0,0.319,31.0,17.42,12.0,6.74,0.764,0.08700000000000002,16.38,7.73,18.18,25.92,30.48,13.48,100.0,0.161,19.0,19.0,9.0,9.0,0.478,0.0799999999999999,21.56,9.11,22.03,31.14,24.87,14.88,127.0,0.213,35.0,27.56,3.0,2.36,0.539,0.098,28.57,14.89,17.66,32.55,35.58,24.65,154.0,0.227,48.0,31.17,11.0,7.14,0.6479999999999999,0.1349999999999999,30.11,16.08,12.9,28.98,33.43,19.51
745157,2024-06-26,2024,676475,L,625643,R,field_out,False,False,185.0,0.322,28.0,15.14,8.0,4.32,0.882,0.201,19.68,11.18,11.79,22.97,34.46,15.82,318.0,0.243,39.0,12.26,21.0,6.6,0.698,0.156,17.66,9.16,14.01,23.17,33.05,13.13,167.0,0.214,41.0,24.55,20.0,11.98,0.606,0.08299999999999999,27.95,12.83,15.77,28.59,27.73,23.03,124.0,0.18,35.0,28.23,23.0,18.55,0.633,0.12,30.94,14.64,12.14,26.79,24.49,18.72
745157,2024-06-26,2024,575929,R,625643,R,field_out,False,False,103.0,0.264,31.0,30.1,13.0,12.62,0.873,0.22999999999999998,35.89,19.18,12.79,31.97,32.99,22.56,373.0,0.253,81.0,21.72,38.0,10.19,0.7989999999999999,0.191,29.54,13.96,15.04,29.0,30.33,18.49,127.0,0.213,35.0,27.56,3.0,2.36,0.539,0.098,28.57,14.89,17.66,32.55,35.58,24.65,154.0,0.227,48.0,31.17,11.0,7.14,0.6479999999999999,0.1349999999999999,30.11,16.08,12.9,28.98,33.43,19.51
745157,2024-06-26,2024,621566,L,502043,R,walk,False,True,216.0,0.232,57.0,26.39,23.0,10.65,0.714,0.163,28.06,13.8,11.72,25.52,28.63,17.45,540.0,0.294,115.0,21.3,90.0,16.67,1.061,0.351,27.51,12.57,12.32,24.89,25.66,14.92,180.0,0.237,36.0,20.0,19.0,10.56,0.779,0.21800000000000003,23.9,9.3,17.88,27.18,23.31,24.32,402.0,0.292,73.0,18.16,26.0,6.47,0.8180000000000001,0.188,21.2,9.58,16.26,25.84,26.03,18.09
745157,2024-06-26,2024,663586,R,502043,R,single,False,False,189.0,0.267,46.0,24.34,14.0,7.41,0.772,0.175,29.92,15.3,12.89,28.19,28.42,18.07,566.0,0.28,137.0,24.2,42.0,7.42,0.841,0.2199999999999999,27.71,13.25,15.53,28.77,27.7,18.53,163.0,0.215,37.0,22.7,12.0,7.36,0.5740000000000001,0.087,31.37,14.17,18.33,32.5,31.29,24.5,407.0,0.249,84.0,20.64,29.0,7.13,0.7010000000000001,0.146,29.66,13.56,17.04,30.6,29.49,20.14
745157,2024-06-26,2024,669221,R,502043,R,walk,False,True,49.0,0.222,13.0,26.53,3.0,6.12,0.6639999999999999,0.156,32.18,15.38,19.23,34.62,32.22,25.0,337.0,0.245,77.0,22.85,37.0,10.98,0.832,0.2309999999999999,26.79,12.43,15.15,27.58,22.74,18.97,163.0,0.215,37.0,22.7,12.0,7.36,0.5740000000000001,0.087,31.37,14.17,18.33,32.5,31.29,24.5,407.0,0.249,84.0,20.64,29.0,7.13,0.7010000000000001,0.146,29.66,13.56,17.04,30.6,29.49,20.14
745157,2024-06-26,2024,657656,R,502043,R,force_out,False,False,65.0,0.13,25.0,38.46,7.0,10.77,0.44400000000000006,0.037000000000000005,36.36,15.38,18.46,33.85,23.31,31.65,267.0,0.2,78.0,29.21,23.0,8.61,0.612,0.123,29.9,13.97,16.61,30.58,29.73,21.08,163.0,0.215,37.0,22.7,12.0,7.36,0.5740000000000001,0.087,31.37,14.17,18.33,32.5,31.29,24.5,407.0,0.249,84.0,20.64,29.0,7.13,0.7010000000000001,0.146,29.66,13.56,17.04,30.6,29.49,20.14
745157,2024-06-26,2024,657088,L,502043,R,walk,False,True,11.0,0.3,3.0,27.27,1.0,9.09,0.6639999999999999,0.0,35.29,17.14,20.0,37.14,38.89,42.86,11.0,0.333,4.0,36.36,2.0,18.18,1.011,0.223,13.04,5.45,21.82,27.27,25.93,16.67,180.0,0.237,36.0,20.0,19.0,10.56,0.779,0.21800000000000003,23.9,9.3,17.88,27.18,23.31,24.32,402.0,0.292,73.0,18.16,26.0,6.47,0.8180000000000001,0.188,21.2,9.58,16.26,25.84,26.03,18.09
745157,2024-06-26,2024,670097,R,502043,R,single,False,False,44.0,0.139,11.0,25.0,7.0,15.91,0.489,0.05499999999999999,30.77,12.5,18.23,30.73,13.64,18.03,154.0,0.182,40.0,25.97,17.0,11.04,0.591,0.136,25.5,10.49,19.51,30.0,17.36,22.6,163.0,0.215,37.0,22.7,12.0,7.36,0.5740000000000001,0.087,31.37,14.17,18.33,32.5,31.29,24.5,407.0,0.249,84.0,20.64,29.0,7.13,0.7010000000000001,0.146,29.66,13.56,17.04,30.6,29.49,20.14
745157,2024-06-26,2024,672284,L,502043,R,single,False,False,178.0,0.268,54.0,30.34,12.0,6.74,0.771,0.183,34.81,17.62,14.83,32.45,31.2,23.18,324.0,0.251,105.0,32.41,34.0,10.49,0.738,0.1569999999999999,35.42,16.4,14.8,31.2,29.2,26.99,180.0,0.237,36.0,20.0,19.0,10.56,0.779,0.21800000000000003,23.9,9.3,17.88,27.18,23.31,24.32,402.0,0.292,73.0,18.16,26.0,6.47,0.8180000000000001,0.188,21.2,9.58,16.26,25.84,26.03,18.09
745157,2024-06-26,2024,645277,L,502043,R,fielders_choice_out,False,False,218.0,0.222,39.0,17.89,18.0,8.26,0.649,0.12899999999999998,21.54,11.95,9.58,21.53,32.61,12.42,528.0,0.25,89.0,16.86,42.0,7.95,0.8029999999999999,0.235,20.84,11.11,9.82,20.92,33.45,13.94,180.0,0.237,36.0,20.0,19.0,10.56,0.779,0.21800000000000003,23.9,9.3,17.88,27.18,23.31,24.32,402.0,0.292,73.0,18.16,26.0,6.47,0.8180000000000001,0.188,21.2,9.58,16.26,25.84,26.03,18.09
745157,2024-06-26,2024,542303,R,502043,R,field_out,False,False,227.0,0.302,48.0,21.15,22.0,9.69,0.999,0.327,31.02,14.96,12.72,27.68,26.8,18.82,453.0,0.272,109.0,24.06,44.0,9.71,0.882,0.263,27.95,13.42,14.78,28.21,29.59,18.63,163.0,0.215,37.0,22.7,12.0,7.36,0.5740000000000001,0.087,31.37,14.17,18.33,32.5,31.29,24.5,407.0,0.249,84.0,20.64,29.0,7.13,0.7010000000000001,0.146,29.66,13.56,17.04,30.6,29.49,20.14
745157,2024-06-26,2024,502671,R,625643,R,double,False,False,240.0,0.215,79.0,32.92,19.0,7.92,0.645,0.15,29.65,14.12,18.7,32.81,30.83,20.98,518.0,0.259,120.0,23.17,67.0,12.93,0.8049999999999999,0.187,27.85,12.3,17.85,30.16,25.85,17.44,127.0,0.213,35.0,27.56,3.0,2.36,0.539,0.098,28.57,14.89,17.66,32.55,35.58,24.65,154.0,0.227,48.0,31.17,11.0,7.14,0.6479999999999999,0.1349999999999999,30.11,16.08,12.9,28.98,33.43,19.51
745157,2024-06-26,2024,680977,L,625643,R,walk,False,True,220.0,0.269,35.0,15.91,16.0,7.27,0.788,0.178,16.1,6.67,20.37,27.05,22.97,14.4,309.0,0.294,43.0,13.92,27.0,8.74,0.831,0.166,14.96,6.32,19.2,25.52,22.53,13.27,167.0,0.214,41.0,24.55,20.0,11.98,0.606,0.08299999999999999,27.95,12.83,15.77,28.59,27.73,23.03,124.0,0.18,35.0,28.23,23.0,18.55,0.633,0.12,30.94,14.64,12.14,26.79,24.49,18.72
745157,2024-06-26,2024,571448,R,625643,R,field_out,False,False,233.0,0.275,44.0,18.88,20.0,8.58,0.734,0.11599999999999999,21.76,9.54,20.36,29.9,29.94,16.24,468.0,0.28,81.0,17.31,31.0,6.62,0.8089999999999999,0.2009999999999999,20.4,9.71,17.28,26.99,33.33,16.43,127.0,0.213,35.0,27.56,3.0,2.36,0.539,0.098,28.57,14.89,17.66,32.55,35.58,24.65,154.0,0.227,48.0,31.17,11.0,7.14,0.6479999999999999,0.1349999999999999,30.11,16.08,12.9,28.98,33.43,19.51
745157,2024-06-26,2024,669357,L,625643,R,walk,False,True,199.0,0.205,71.0,35.68,19.0,9.55,0.726,0.23800000000000002,39.69,19.6,14.57,34.17,29.66,27.95,378.0,0.231,124.0,32.8,42.0,11.11,0.7969999999999999,0.2459999999999999,35.96,17.73,12.12,29.85,28.13,25.15,167.0,0.214,41.0,24.55,20.0,11.98,0.606,0.08299999999999999,27.95,12.83,15.77,28.59,27.73,23.03,124.0,0.18,35.0,28.23,23.0,18.55,0.633,0.12,30.94,14.64,12.14,26.79,24.49,18.72
745157,2024-06-26,2024,572761,L,625643,R,sac_fly,False,False,77.0,0.217,22.0,28.57,7.0,9.09,0.622,0.11600000000000002,30.88,13.5,17.68,31.19,21.62,25.88,220.0,0.167,64.0,29.09,38.0,17.27,0.616,0.1319999999999999,29.37,12.01,18.83,30.84,21.25,22.78,167.0,0.214,41.0,24.55,20.0,11.98,0.606,0.08299999999999999,27.95,12.83,15.77,28.59,27.73,23.03,124.0,0.18,35.0,28.23,23.0,18.55,0.633,0.12,30.94,14.64,12.14,26.79,24.49,18.72
745157,2024-06-26,2024,672279,L,625643,R,strikeout,True,False,111.0,0.257,29.0,26.13,5.0,4.5,0.627,0.08000000000000002,28.43,14.15,18.54,32.68,30.22,24.37,3.0,0.0,1.0,33.33,0.0,0.0,0.0,0.0,40.0,14.29,21.43,35.71,0.0,50.0,167.0,0.214,41.0,24.55,20.0,11.98,0.606,0.08299999999999999,27.95,12.83,15.77,28.59,27.73,23.03,124.0,0.18,35.0,28.23,23.0,18.55,0.633,0.12,30.94,14.64,12.14,26.79,24.49,18.72
745157,2024-06-26,2024,621566,L,502043,R,strikeout,True,False,216.0,0.232,57.0,26.39,23.0,10.65,0.714,0.163,28.06,13.8,11.72,25.52,28.63,17.45,540.0,0.294,115.0,21.3,90.0,16.67,1.061,0.351,27.51,12.57,12.32,24.89,25.66,14.92,180.0,0.237,36.0,20.0,19.0,10.56,0.779,0.21800000000000003,23.9,9.3,17.88,27.18,23.31,24.32,402.0,0.292,73.0,18.16,26.0,6.47,0.8180000000000001,0.188,21.2,9.58,16.26,25.84,26.03,18.09
745157,2024-06-26,2024,663586,R,502043,R,strikeout,True,False,189.0,0.267,46.0,24.34,14.0,7.41,0.772,0.175,29.92,15.3,12.89,28.19,28.42,18.07,566.0,0.28,137.0,24.2,42.0,7.42,0.841,0.2199999999999999,27.71,13.25,15.53,28.77,27.7,18.53,163.0,0.215,37.0,22.7,12.0,7.36,0.5740000000000001,0.087,31.37,14.17,18.33,32.5,31.29,24.5,407.0,0.249,84.0,20.64,29.0,7.13,0.7010000000000001,0.146,29.66,13.56,17.04,30.6,29.49,20.14
745157,2024-06-26,2024,669221,R,502043,R,field_out,False,False,49.0,0.222,13.0,26.53,3.0,6.12,0.6639999999999999,0.156,32.18,15.38,19.23,34.62,32.22,25.0,337.0,0.245,77.0,22.85,37.0,10.98,0.832,0.2309999999999999,26.79,12.43,15.15,27.58,22.74,18.97,163.0,0.215,37.0,22.7,12.0,7.36,0.5740000000000001,0.087,31.37,14.17,18.33,32.5,31.29,24.5,407.0,0.249,84.0,20.64,29.0,7.13,0.7010000000000001,0.146,29.66,13.56,17.04,30.6,29.49,20.14
745157,2024-06-26,2024,691026,R,625643,R,strikeout,True,False,178.0,0.319,31.0,17.42,12.0,6.74,0.764,0.08700000000000002,16.38,7.73,18.18,25.92,30.48,13.48,100.0,0.161,19.0,19.0,9.0,9.0,0.478,0.0799999999999999,21.56,9.11,22.03,31.14,24.87,14.88,127.0,0.213,35.0,27.56,3.0,2.36,0.539,0.098,28.57,14.89,17.66,32.55,35.58,24.65,154.0,0.227,48.0,31.17,11.0,7.14,0.6479999999999999,0.1349999999999999,30.11,16.08,12.9,28.98,33.43,19.51
745157,2024-06-26,2024,676475,L,625643,R,field_out,False,False,185.0,0.322,28.0,15.14,8.0,4.32,0.882,0.201,19.68,11.18,11.79,22.97,34.46,15.82,318.0,0.243,39.0,12.26,21.0,6.6,0.698,0.156,17.66,9.16,14.01,23.17,33.05,13.13,167.0,0.214,41.0,24.55,20.0,11.98,0.606,0.08299999999999999,27.95,12.83,15.77,28.59,27.73,23.03,124.0,0.18,35.0,28.23,23.0,18.55,0.633,0.12,30.94,14.64,12.14,26.79,24.49,18.72
745157,2024-06-26,2024,575929,R,625643,R,field_out,False,False,103.0,0.264,31.0,30.1,13.0,12.62,0.873,0.22999999999999998,35.89,19.18,12.79,31.97,32.99,22.56,373.0,0.253,81.0,21.72,38.0,10.19,0.7989999999999999,0.191,29.54,13.96,15.04,29.0,30.33,18.49,127.0,0.213,35.0,27.56,3.0,2.36,0.539,0.098,28.57,14.89,17.66,32.55,35.58,24.65,154.0,0.227,48.0,31.17,11.0,7.14,0.6479999999999999,0.1349999999999999,30.11,16.08,12.9,28.98,33.43,19.51
745157,2024-06-26,2024,657656,R,502043,R,field_out,False,False,65.0,0.13,25.0,38.46,7.0,10.77,0.44400000000000006,0.037000000000000005,36.36,15.38,18.46,33.85,23.31,31.65,267.0,0.2,78.0,29.21,23.0,8.61,0.612,0.123,29.9,13.97,16.61,30.58,29.73,21.08,163.0,0.215,37.0,22.7,12.0,7.36,0.5740000000000001,0.087,31.37,14.17,18.33,32.5,31.29,24.5,407.0,0.249,84.0,20.64,29.0,7.13,0.7010000000000001,0.146,29.66,13.56,17.04,30.6,29.49,20.14
745157,2024-06-26,2024,657088,L,502043,R,field_out,False,False,11.0,0.3,3.0,27.27,1.0,9.09,0.6639999999999999,0.0,35.29,17.14,20.0,37.14,38.89,42.86,11.0,0.333,4.0,36.36,2.0,18.18,1.011,0.223,13.04,5.45,21.82,27.27,25.93,16.67,180.0,0.237,36.0,20.0,19.0,10.56,0.779,0.21800000000000003,23.9,9.3,17.88,27.18,23.31,24.32,402.0,0.292,73.0,18.16,26.0,6.47,0.8180000000000001,0.188,21.2,9.58,16.26,25.84,26.03,18.09
745157,2024-06-26,2024,670097,R,502043,R,walk,False,True,44.0,0.139,11.0,25.0,7.0,15.91,0.489,0.05499999999999999,30.77,12.5,18.23,30.73,13.64,18.03,154.0,0.182,40.0,25.97,17.0,11.04,0.591,0.136,25.5,10.49,19.51,30.0,17.36,22.6,163.0,0.215,37.0,22.7,12.0,7.36,0.5740000000000001,0.087,31.37,14.17,18.33,32.5,31.29,24.5,407.0,0.249,84.0,20.64,29.0,7.13,0.7010000000000001,0.146,29.66,13.56,17.04,30.6,29.49,20.14
745157,2024-06-26,2024,672284,L,502043,R,single,False,False,178.0,0.268,54.0,30.34,12.0,6.74,0.771,0.183,34.81,17.62,14.83,32.45,31.2,23.18,324.0,0.251,105.0,32.41,34.0,10.49,0.738,0.1569999999999999,35.42,16.4,14.8,31.2,29.2,26.99,180.0,0.237,36.0,20.0,19.0,10.56,0.779,0.21800000000000003,23.9,9.3,17.88,27.18,23.31,24.32,402.0,0.292,73.0,18.16,26.0,6.47,0.8180000000000001,0.188,21.2,9.58,16.26,25.84,26.03,18.09
745157,2024-06-26,2024,645277,L,502043,R,walk,False,True,218.0,0.222,39.0,17.89,18.0,8.26,0.649,0.12899999999999998,21.54,11.95,9.58,21.53,32.61,12.42,528.0,0.25,89.0,16.86,42.0,7.95,0.8029999999999999,0.235,20.84,11.11,9.82,20.92,33.45,13.94,180.0,0.237,36.0,20.0,19.0,10.56,0.779,0.21800000000000003,23.9,9.3,17.88,27.18,23.31,24.32,402.0,0.292,73.0,18.16,26.0,6.47,0.8180000000000001,0.188,21.2,9.58,16.26,25.84,26.03,18.09
745157,2024-06-26,2024,542303,R,502043,R,strikeout,True,False,227.0,0.302,48.0,21.15,22.0,9.69,0.999,0.327,31.02,14.96,12.72,27.68,26.8,18.82,453.0,0.272,109.0,24.06,44.0,9.71,0.882,0.263,27.95,13.42,14.78,28.21,29.59,18.63,163.0,0.215,37.0,22.7,12.0,7.36,0.5740000000000001,0.087,31.37,14.17,18.33,32.5,31.29,24.5,407.0,0.249,84.0,20.64,29.0,7.13,0.7010000000000001,0.146,29.66,13.56,17.04,30.6,29.49,20.14
745157,2024-06-26,2024,502671,R,625643,R,strikeout,True,False,240.0,0.215,79.0,32.92,19.0,7.92,0.645,0.15,29.65,14.12,18.7,32.81,30.83,20.98,518.0,0.259,120.0,23.17,67.0,12.93,0.8049999999999999,0.187,27.85,12.3,17.85,30.16,25.85,17.44,127.0,0.213,35.0,27.56,3.0,2.36,0.539,0.098,28.57,14.89,17.66,32.55,35.58,24.65,154.0,0.227,48.0,31.17,11.0,7.14,0.6479999999999999,0.1349999999999999,30.11,16.08,12.9,28.98,33.43,19.51
745157,2024-06-26,2024,680977,L,625643,R,field_out,False,False,220.0,0.269,35.0,15.91,16.0,7.27,0.788,0.178,16.1,6.67,20.37,27.05,22.97,14.4,309.0,0.294,43.0,13.92,27.0,8.74,0.831,0.166,14.96,6.32,19.2,25.52,22.53,13.27,167.0,0.214,41.0,24.55,20.0,11.98,0.606,0.08299999999999999,27.95,12.83,15.77,28.59,27.73,23.03,124.0,0.18,35.0,28.23,23.0,18.55,0.633,0.12,30.94,14.64,12.14,26.79,24.49,18.72
745157,2024-06-26,2024,571448,R,625643,R,single,False,False,233.0,0.275,44.0,18.88,20.0,8.58,0.734,0.11599999999999999,21.76,9.54,20.36,29.9,29.94,16.24,468.0,0.28,81.0,17.31,31.0,6.62,0.8089999999999999,0.2009999999999999,20.4,9.71,17.28,26.99,33.33,16.43,127.0,0.213,35.0,27.56,3.0,2.36,0.539,0.098,28.57,14.89,17.66,32.55,35.58,24.65,154.0,0.227,48.0,31.17,11.0,7.14,0.6479999999999999,0.1349999999999999,30.11,16.08,12.9,28.98,33.43,19.51
745157,2024-06-26,2024,669357,L,625643,R,strikeout,True,False,199.0,0.205,71.0,35.68,19.0,9.55,0.726,0.23800000000000002,39.69,19.6,14.57,34.17,29.66,27.95,378.0,0.231,124.0,32.8,42.0,11.11,0.7969999999999999,0.2459999999999999,35.96,17.73,12.12,29.85,28.13,25.15,167.0,0.214,41.0,24.55,20.0,11.98,0.606,0.08299999999999999,27.95,12.83,15.77,28.59,27.73,23.03,124.0,0.18,35.0,28.23,23.0,18.55,0.633,0.12,30.94,14.64,12.14,26.79,24.49,18.72
745157,2024-06-26,2024,621566,L,681517,R,field_out,False,False,216.0,0.232,57.0,26.39,23.0,10.65,0.714,0.163,28.06,13.8,11.72,25.52,28.63,17.45,540.0,0.294,115.0,21.3,90.0,16.67,1.061,0.351,27.51,12.57,12.32,24.89,25.66,14.92,37.0,0.294,7.0,18.92,3.0,8.11,0.7629999999999999,0.118,22.06,10.49,16.78,27.27,25.35,17.95,2.0,1.0,0.0,0.0,1.0,50.0,3.0,1.0,0.0,0.0,12.5,12.5,0.0,
745157,2024-06-26,2024,663586,R,681517,R,field_out,False,False,189.0,0.267,46.0,24.34,14.0,7.41,0.772,0.175,29.92,15.3,12.89,28.19,28.42,18.07,566.0,0.28,137.0,24.2,42.0,7.42,0.841,0.2199999999999999,27.71,13.25,15.53,28.77,27.7,18.53,63.0,0.169,10.0,15.87,3.0,4.76,0.40900000000000003,0.034,25.83,14.35,9.72,24.07,37.27,18.52,13.0,0.375,2.0,15.38,4.0,30.77,1.615,0.625,35.29,12.0,18.0,30.0,7.41,25.0
745157,2024-06-26,2024,669221,R,681517,R,walk,False,True,49.0,0.222,13.0,26.53,3.0,6.12,0.6639999999999999,0.156,32.18,15.38,19.23,34.62,32.22,25.0,337.0,0.245,77.0,22.85,37.0,10.98,0.832,0.2309999999999999,26.79,12.43,15.15,27.58,22.74,18.97,63.0,0.169,10.0,15.87,3.0,4.76,0.40900000000000003,0.034,25.83,14.35,9.72,24.07,37.27,18.52,13.0,0.375,2.0,15.38,4.0,30.77,1.615,0.625,35.29,12.0,18.0,30.0,7.41,25.0
745157,2024-06-26,2024,657656,R,681517,R,field_out,False,False,65.0,0.13,25.0,38.46,7.0,10.77,0.44400000000000006,0.037000000000000005,36.36,15.38,18.46,33.85,23.31,31.65,267.0,0.2,78.0,29.21,23.0,8.61,0.612,0.123,29.9,13.97,16.61,30.58,29.73,21.08,63.0,0.169,10.0,15.87,3.0,4.76,0.40900000000000003,0.034,25.83,14.35,9.72,24.07,37.27,18.52,13.0,0.375,2.0,15.38,4.0,30.77,1.615,0.625,35.29,12.0,18.0,30.0,7.41,25.0
745157,2024-06-26,2024,572761,L,625643,R,single,False,False,77.0,0.217,22.0,28.57,7.0,9.09,0.622,0.11600000000000002,30.88,13.5,17.68,31.19,21.62,25.88,220.0,0.167,64.0,29.09,38.0,17.27,0.616,0.1319999999999999,29.37,12.01,18.83,30.84,21.25,22.78,167.0,0.214,41.0,24.55,20.0,11.98,0.606,0.08299999999999999,27.95,12.83,15.77,28.59,27.73,23.03,124.0,0.18,35.0,28.23,23.0,18.55,0.633,0.12,30.94,14.64,12.14,26.79,24.49,18.72
745157,2024-06-26,2024,672279,L,625643,R,double,False,False,111.0,0.257,29.0,26.13,5.0,4.5,0.627,0.08000000000000002,28.43,14.15,18.54,32.68,30.22,24.37,3.0,0.0,1.0,33.33,0.0,0.0,0.0,0.0,40.0,14.29,21.43,35.71,0.0,50.0,167.0,0.214,41.0,24.55,20.0,11.98,0.606,0.08299999999999999,27.95,12.83,15.77,28.59,27.73,23.03,124.0,0.18,35.0,28.23,23.0,18.55,0.633,0.12,30.94,14.64,12.14,26.79,24.49,18.72
745157,2024-06-26,2024,691026,R,625643,R,walk,False,True,178.0,0.319,31.0,17.42,12.0,6.74,0.764,0.08700000000000002,16.38,7.73,18.18,25.92,30.48,13.48,100.0,0.161,19.0,19.0,9.0,9.0,0.478,0.0799999999999999,21.56,9.11,22.03,31.14,24.87,14.88,127.0,0.213,35.0,27.56,3.0,2.36,0.539,0.098,28.57,14.89,17.66,32.55,35.58,24.65,154.0,0.227,48.0,31.17,11.0,7.14,0.6479999999999999,0.1349999999999999,30.11,16.08,12.9,28.98,33.43,19.51
745157,2024-06-26,2024,676475,L,625643,R,sac_fly,False,False,185.0,0.322,28.0,15.14,8.0,4.32,0.882,0.201,19.68,11.18,11.79,22.97,34.46,15.82,318.0,0.243,39.0,12.26,21.0,6.6,0.698,0.156,17.66,9.16,14.01,23.17,33.05,13.13,167.0,0.214,41.0,24.55,20.0,11.98,0.606,0.08299999999999999,27.95,12.83,15.77,28.59,27.73,23.03,124.0,0.18,35.0,28.23,23.0,18.55,0.633,0.12,30.94,14.64,12.14,26.79,24.49,18.72
745157,2024-06-26,2024,575929,R,625643,R,strikeout,True,False,103.0,0.264,31.0,30.1,13.0,12.62,0.873,0.22999999999999998,35.89,19.18,12.79,31.97,32.99,22.56,373.0,0.253,81.0,21.72,38.0,10.19,0.7989999999999999,0.191,29.54,13.96,15.04,29.0,30.33,18.49,127.0,0.213,35.0,27.56,3.0,2.36,0.539,0.098,28.57,14.89,17.66,32.55,35.58,24.65,154.0,0.227,48.0,31.17,11.0,7.14,0.6479999999999999,0.1349999999999999,30.11,16.08,12.9,28.98,33.43,19.51
745157,2024-06-26,2024,502671,R,625643,R,walk,False,True,240.0,0.215,79.0,32.92,19.0,7.92,0.645,0.15,29.65,14.12,18.7,32.81,30.83,20.98,518.0,0.259,120.0,23.17,67.0,12.93,0.8049999999999999,0.187,27.85,12.3,17.85,30.16,25.85,17.44,127.0,0.213,35.0,27.56,3.0,2.36,0.539,0.098,28.57,14.89,17.66,32.55,35.58,24.65,154.0,0.227,48.0,31.17,11.0,7.14,0.6479999999999999,0.1349999999999999,30.11,16.08,12.9,28.98,33.43,19.51
745157,2024-06-26,2024,680977,L,625643,R,field_out,False,False,220.0,0.269,35.0,15.91,16.0,7.27,0.788,0.178,16.1,6.67,20.37,27.05,22.97,14.4,309.0,0.294,43.0,13.92,27.0,8.74,0.831,0.166,14.96,6.32,19.2,25.52,22.53,13.27,167.0,0.214,41.0,24.55,20.0,11.98,0.606,0.08299999999999999,27.95,12.83,15.77,28.59,27.73,23.03,124.0,0.18,35.0,28.23,23.0,18.55,0.633,0.12,30.94,14.64,12.14,26.79,24.49,18.72
745157,2024-06-26,2024,657088,L,681517,R,single,False,False,11.0,0.3,3.0,27.27,1.0,9.09,0.6639999999999999,0.0,35.29,17.14,20.0,37.14,38.89,42.86,11.0,0.333,4.0,36.36,2.0,18.18,1.011,0.223,13.04,5.45,21.82,27.27,25.93,16.67,37.0,0.294,7.0,18.92,3.0,8.11,0.7629999999999999,0.118,22.06,10.49,16.78,27.27,25.35,17.95,2.0,1.0,0.0,0.0,1.0,50.0,3.0,1.0,0.0,0.0,12.5,12.5,0.0,
745157,2024-06-26,2024,670097,R,681517,R,field_out,False,False,44.0,0.139,11.0,25.0,7.0,15.91,0.489,0.05499999999999999,30.77,12.5,18.23,30.73,13.64,18.03,154.0,0.182,40.0,25.97,17.0,11.04,0.591,0.136,25.5,10.49,19.51,30.0,17.36,22.6,63.0,0.169,10.0,15.87,3.0,4.76,0.40900000000000003,0.034,25.83,14.35,9.72,24.07,37.27,18.52,13.0,0.375,2.0,15.38,4.0,30.77,1.615,0.625,35.29,12.0,18.0,30.0,7.41,25.0
745157,2024-06-26,2024,672284,L,681517,R,home_run,False,False,178.0,0.268,54.0,30.34,12.0,6.74,0.771,0.183,34.81,17.62,14.83,32.45,31.2,23.18,324.0,0.251,105.0,32.41,34.0,10.49,0.738,0.1569999999999999,35.42,16.4,14.8,31.2,29.2,26.99,37.0,0.294,7.0,18.92,3.0,8.11,0.7629999999999999,0.118,22.06,10.49,16.78,27.27,25.35,17.95,2.0,1.0,0.0,0.0,1.0,50.0,3.0,1.0,0.0,0.0,12.5,12.5,0.0,
745157,2024-06-26,2024,645277,L,681517,R,field_out,False,False,218.0,0.222,39.0,17.89,18.0,8.26,0.649,0.12899999999999998,21.54,11.95,9.58,21.53,32.61,12.42,528.0,0.25,89.0,16.86,42.0,7.95,0.8029999999999999,0.235,20.84,11.11,9.82,20.92,33.45,13.94,37.0,0.294,7.0,18.92,3.0,8.11,0.7629999999999999,0.118,22.06,10.49,16.78,27.27,25.35,17.95,2.0,1.0,0.0,0.0,1.0,50.0,3.0,1.0,0.0,0.0,12.5,12.5,0.0,
745157,2024-06-26,2024,542303,R,681517,R,strikeout,True,False,227.0,0.302,48.0,21.15,22.0,9.69,0.999,0.327,31.02,14.96,12.72,27.68,26.8,18.82,453.0,0.272,109.0,24.06,44.0,9.71,0.882,0.263,27.95,13.42,14.78,28.21,29.59,18.63,63.0,0.169,10.0,15.87,3.0,4.76,0.40900000000000003,0.034,25.83,14.35,9.72,24.07,37.27,18.52,13.0,0.375,2.0,15.38,4.0,30.77,1.615,0.625,35.29,12.0,18.0,30.0,7.41,25.0
745157,2024-06-26,2024,571448,R,669276,L,field_out,False,False,69.0,0.215,4.0,5.8,1.0,1.45,0.555,0.10800000000000001,15.7,7.85,18.18,26.03,35.65,6.78,146.0,0.22,20.0,13.7,10.0,6.85,0.662,0.166,19.62,9.73,14.31,24.05,36.88,13.25,84.0,0.222,16.0,19.05,10.0,11.9,0.6599999999999999,0.12499999999999997,35.48,18.77,10.58,29.35,33.79,21.05,61.0,0.315,11.0,18.03,6.0,9.84,0.8089999999999999,0.1109999999999999,24.26,13.36,13.77,27.13,40.44,11.34
745157,2024-06-26,2024,669357,L,669276,L,strikeout,True,False,83.0,0.173,29.0,34.94,7.0,8.43,0.604,0.187,35.57,17.21,16.23,33.44,31.76,28.71,86.0,0.26,24.0,27.91,11.0,12.79,0.839,0.2189999999999999,33.77,15.79,17.34,33.13,24.68,27.59,45.0,0.244,17.0,37.78,0.0,0.0,0.644,0.15600000000000003,36.36,22.64,15.09,37.74,45.31,33.33,40.0,0.189,13.0,32.5,2.0,5.0,0.663,0.243,40.54,20.69,20.69,41.38,31.03,32.5
745157,2024-06-26,2024,665877,R,669276,L,walk,False,True,29.0,0.143,3.0,10.34,1.0,3.45,0.31499999999999995,0.0,7.27,3.33,20.83,24.17,22.92,7.89,19.0,0.176,2.0,10.53,2.0,10.53,0.439,0.0,7.41,3.08,23.08,26.15,30.0,13.33,84.0,0.222,16.0,19.05,10.0,11.9,0.6599999999999999,0.12499999999999997,35.48,18.77,10.58,29.35,33.79,21.05,61.0,0.315,11.0,18.03,6.0,9.84,0.8089999999999999,0.1109999999999999,24.26,13.36,13.77,27.13,40.44,11.34
745157,2024-06-26,2024,666185,R,669276,L,field_out,False,False,54.0,0.188,10.0,18.52,4.0,7.41,0.488,0.04100000000000001,27.72,14.07,13.57,27.64,27.08,21.28,86.0,0.268,12.0,13.95,12.0,13.95,0.77,0.126,22.46,10.88,12.44,23.32,23.98,9.3,84.0,0.222,16.0,19.05,10.0,11.9,0.6599999999999999,0.12499999999999997,35.48,18.77,10.58,29.35,33.79,21.05,61.0,0.315,11.0,18.03,6.0,9.84,0.8089999999999999,0.1109999999999999,24.26,13.36,13.77,27.13,40.44,11.34
745157,2024-06-26,2024,621566,L,681517,R,field_out,False,False,216.0,0.232,57.0,26.39,23.0,10.65,0.714,0.163,28.06,13.8,11.72,25.52,28.63,17.45,540.0,0.294,115.0,21.3,90.0,16.67,1.061,0.351,27.51,12.57,12.32,24.89,25.66,14.92,37.0,0.294,7.0,18.92,3.0,8.11,0.7629999999999999,0.118,22.06,10.49,16.78,27.27,25.35,17.95,2.0,1.0,0.0,0.0,1.0,50.0,3.0,1.0,0.0,0.0,12.5,12.5,0.0,
745157,2024-06-26,2024,663586,R,681517,R,single,False,False,189.0,0.267,46.0,24.34,14.0,7.41,0.772,0.175,29.92,15.3,12.89,28.19,28.42,18.07,566.0,0.28,137.0,24.2,42.0,7.42,0.841,0.2199999999999999,27.71,13.25,15.53,28.77,27.7,18.53,63.0,0.169,10.0,15.87,3.0,4.76,0.40900000000000003,0.034,25.83,14.35,9.72,24.07,37.27,18.52,13.0,0.375,2.0,15.38,4.0,30.77,1.615,0.625,35.29,12.0,18.0,30.0,7.41,25.0
745157,2024-06-26,2024,669221,R,681517,R,single,False,False,49.0,0.222,13.0,26.53,3.0,6.12,0.6639999999999999,0.156,32.18,15.38,19.23,34.62,32.22,25.0,337.0,0.245,77.0,22.85,37.0,10.98,0.832,0.2309999999999999,26.79,12.43,15.15,27.58,22.74,18.97,63.0,0.169,10.0,15.87,3.0,4.76,0.40900000000000003,0.034,25.83,14.35,9.72,24.07,37.27,18.52,13.0,0.375,2.0,15.38,4.0,30.77,1.615,0.625,35.29,12.0,18.0,30.0,7.41,25.0
745157,2024-06-26,2024,657656,R,681517,R,field_out,False,False,65.0,0.13,25.0,38.46,7.0,10.77,0.44400000000000006,0.037000000000000005,36.36,15.38,18.46,33.85,23.31,31.65,267.0,0.2,78.0,29.21,23.0,8.61,0.612,0.123,29.9,13.97,16.61,30.58,29.73,21.08,63.0,0.169,10.0,15.87,3.0,4.76,0.40900000000000003,0.034,25.83,14.35,9.72,24.07,37.27,18.52,13.0,0.375,2.0,15.38,4.0,30.77,1.615,0.625,35.29,12.0,18.0,30.0,7.41,25.0
745157,2024-06-26,2024,657088,L,681517,R,field_out,False,False,11.0,0.3,3.0,27.27,1.0,9.09,0.6639999999999999,0.0,35.29,17.14,20.0,37.14,38.89,42.86,11.0,0.333,4.0,36.36,2.0,18.18,1.011,0.223,13.04,5.45,21.82,27.27,25.93,16.67,37.0,0.294,7.0,18.92,3.0,8.11,0.7629999999999999,0.118,22.06,10.49,16.78,27.27,25.35,17.95,2.0,1.0,0.0,0.0,1.0,50.0,3.0,1.0,0.0,0.0,12.5,12.5,0.0,
745157,2024-06-26,2024,691026,R,572955,R,field_out,False,False,178.0,0.319,31.0,17.42,12.0,6.74,0.764,0.08700000000000002,16.38,7.73,18.18,25.92,30.48,13.48,100.0,0.161,19.0,19.0,9.0,9.0,0.478,0.0799999999999999,21.56,9.11,22.03,31.14,24.87,14.88,60.0,0.259,17.0,28.33,5.0,8.33,0.666,0.07400000000000001,32.71,15.35,19.74,35.09,32.69,23.29,161.0,0.259,49.0,30.43,14.0,8.7,0.6970000000000001,0.1149999999999999,31.85,15.3,18.91,34.21,36.56,26.63
745157,2024-06-26,2024,676475,L,572955,R,field_out,False,False,185.0,0.322,28.0,15.14,8.0,4.32,0.882,0.201,19.68,11.18,11.79,22.97,34.46,15.82,318.0,0.243,39.0,12.26,21.0,6.6,0.698,0.156,17.66,9.16,14.01,23.17,33.05,13.13,49.0,0.209,16.0,32.65,6.0,12.24,0.6779999999999999,0.163,28.24,12.31,18.97,31.28,31.0,26.23,116.0,0.255,41.0,35.34,16.0,13.79,0.888,0.276,34.88,15.59,18.71,34.3,29.28,26.8
745157,2024-06-26,2024,575929,R,572955,R,walk,False,True,103.0,0.264,31.0,30.1,13.0,12.62,0.873,0.22999999999999998,35.89,19.18,12.79,31.97,32.99,22.56,373.0,0.253,81.0,21.72,38.0,10.19,0.7989999999999999,0.191,29.54,13.96,15.04,29.0,30.33,18.49,60.0,0.259,17.0,28.33,5.0,8.33,0.666,0.07400000000000001,32.71,15.35,19.74,35.09,32.69,23.29,161.0,0.259,49.0,30.43,14.0,8.7,0.6970000000000001,0.1149999999999999,31.85,15.3,18.91,34.21,36.56,26.63
745157,2024-06-26,2024,502671,R,572955,R,field_out,False,False,240.0,0.215,79.0,32.92,19.0,7.92,0.645,0.15,29.65,14.12,18.7,32.81,30.83,20.98,518.0,0.259,120.0,23.17,67.0,12.93,0.8049999999999999,0.187,27.85,12.3,17.85,30.16,25.85,17.44,60.0,0.259,17.0,28.33,5.0,8.33,0.666,0.07400000000000001,32.71,15.35,19.74,35.09,32.69,23.29,161.0,0.259,49.0,30.43,14.0,8.7,0.6970000000000001,0.1149999999999999,31.85,15.3,18.91,34.21,36.56,26.63
745157,2024-06-26,2024,670097,R,606149,R,walk,False,True,44.0,0.139,11.0,25.0,7.0,15.91,0.489,0.05499999999999999,30.77,12.5,18.23,30.73,13.64,18.03,154.0,0.182,40.0,25.97,17.0,11.04,0.591,0.136,25.5,10.49,19.51,30.0,17.36,22.6,31.0,0.346,9.0,29.03,5.0,16.13,1.26,0.4620000000000001,32.26,15.15,17.42,32.58,29.17,18.75,135.0,0.22,39.0,28.89,6.0,4.44,0.6950000000000001,0.221,37.4,19.03,15.34,34.37,34.67,22.94
745157,2024-06-26,2024,672284,L,606149,R,field_out,False,False,178.0,0.268,54.0,30.34,12.0,6.74,0.771,0.183,34.81,17.62,14.83,32.45,31.2,23.18,324.0,0.251,105.0,32.41,34.0,10.49,0.738,0.1569999999999999,35.42,16.4,14.8,31.2,29.2,26.99,17.0,0.333,4.0,23.53,2.0,11.76,1.279,0.534,27.78,11.9,14.29,26.19,25.53,13.79,94.0,0.299,20.0,21.28,6.0,6.38,0.85,0.207,34.69,18.33,12.13,30.46,35.64,15.75
745157,2024-06-26,2024,645277,L,606149,R,field_out,False,False,218.0,0.222,39.0,17.89,18.0,8.26,0.649,0.12899999999999998,21.54,11.95,9.58,21.53,32.61,12.42,528.0,0.25,89.0,16.86,42.0,7.95,0.8029999999999999,0.235,20.84,11.11,9.82,20.92,33.45,13.94,17.0,0.333,4.0,23.53,2.0,11.76,1.279,0.534,27.78,11.9,14.29,26.19,25.53,13.79,94.0,0.299,20.0,21.28,6.0,6.38,0.85,0.207,34.69,18.33,12.13,30.46,35.64,15.75
745157,2024-06-26,2024,542303,R,606149,R,field_out,False,False,227.0,0.302,48.0,21.15,22.0,9.69,0.999,0.327,31.02,14.96,12.72,27.68,26.8,18.82,453.0,0.272,109.0,24.06,44.0,9.71,0.882,0.263,27.95,13.42,14.78,28.21,29.59,18.63,31.0,0.346,9.0,29.03,5.0,16.13,1.26,0.4620000000000001,32.26,15.15,17.42,32.58,29.17,18.75,135.0,0.22,39.0,28.89,6.0,4.44,0.6950000000000001,0.221,37.4,19.03,15.34,34.37,34.67,22.94
745157,2024-06-26,2024,680977,L,641729,R,hit_by_pitch,False,False,220.0,0.269,35.0,15.91,16.0,7.27,0.788,0.178,16.1,6.67,20.37,27.05,22.97,14.4,309.0,0.294,43.0,13.92,27.0,8.74,0.831,0.166,14.96,6.32,19.2,25.52,22.53,13.27,61.0,0.179,18.0,29.51,5.0,8.2,0.478,0.05300000000000002,28.7,13.87,20.17,34.03,32.04,22.78,94.0,0.239,26.0,27.66,5.0,5.32,0.72,0.204,32.2,16.22,15.48,31.7,24.86,16.77
745157,2024-06-26,2024,571448,R,641729,R,grounded_into_double_play,False,False,233.0,0.275,44.0,18.88,20.0,8.58,0.734,0.11599999999999999,21.76,9.54,20.36,29.9,29.94,16.24,468.0,0.28,81.0,17.31,31.0,6.62,0.8089999999999999,0.2009999999999999,20.4,9.71,17.28,26.99,33.33,16.43,60.0,0.182,15.0,25.0,5.0,8.33,0.46799999999999997,0.036000000000000004,32.2,16.52,15.22,31.74,29.36,23.08,144.0,0.229,47.0,32.64,9.0,6.25,0.694,0.176,32.23,16.57,16.95,33.52,30.83,29.19
745157,2024-06-26,2024,669357,L,641729,R,field_out,False,False,199.0,0.205,71.0,35.68,19.0,9.55,0.726,0.23800000000000002,39.69,19.6,14.57,34.17,29.66,27.95,378.0,0.231,124.0,32.8,42.0,11.11,0.7969999999999999,0.2459999999999999,35.96,17.73,12.12,29.85,28.13,25.15,61.0,0.179,18.0,29.51,5.0,8.2,0.478,0.05300000000000002,28.7,13.87,20.17,34.03,32.04,22.78,94.0,0.239,26.0,27.66,5.0,5.32,0.72,0.204,32.2,16.22,15.48,31.7,24.86,16.77
745157,2024-06-26,2024,621566,L,667463,L,single,False,False,103.0,0.277,25.0,24.27,5.0,4.85,0.883,0.276,26.09,12.83,14.49,27.32,28.64,16.89,182.0,0.252,52.0,28.57,14.0,7.69,0.7989999999999999,0.239,31.07,15.01,14.87,29.88,27.47,21.94,50.0,0.234,11.0,22.0,2.0,4.0,0.663,0.149,24.42,11.86,18.08,29.94,32.18,22.0,53.0,0.347,8.0,15.09,3.0,5.66,0.7929999999999999,0.061,23.08,11.6,17.68,29.28,28.75,17.39
745157,2024-06-26,2024,663586,R,667463,L,strikeout,True,False,80.0,0.211,16.0,20.0,8.0,10.0,0.6799999999999999,0.169,25.0,12.8,10.03,22.84,25.34,21.05,149.0,0.289,35.0,23.49,17.0,11.41,0.94,0.289,28.03,13.64,12.46,26.09,26.11,18.72,57.0,0.235,11.0,19.3,2.0,3.51,0.583,0.09800000000000003,19.1,9.24,19.02,28.26,32.22,30.56,104.0,0.292,12.0,11.54,7.0,6.73,0.722,0.093,20.71,10.06,15.8,25.86,32.8,16.44
745157,2024-06-26,2024,669221,R,667463,L,field_out,False,False,24.0,0.136,7.0,29.17,1.0,4.17,0.526,0.182,35.71,15.79,24.21,40.0,40.91,24.14,101.0,0.274,21.0,20.79,12.0,11.88,0.884,0.2139999999999999,23.12,10.14,16.75,26.89,23.56,16.03,57.0,0.235,11.0,19.3,2.0,3.51,0.583,0.09800000000000003,19.1,9.24,19.02,28.26,32.22,30.56,104.0,0.292,12.0,11.54,7.0,6.73,0.722,0.093,20.71,10.06,15.8,25.86,32.8,16.44
745157,2024-06-26,2024,657656,R,667463,L,field_out,False,False,45.0,0.256,17.0,37.78,0.0,0.0,0.755,0.23199999999999998,37.36,19.21,15.82,35.03,28.57,26.15,138.0,0.27,36.0,26.09,10.0,7.25,0.793,0.19,27.13,12.7,16.7,29.4,21.07,20.34,57.0,0.235,11.0,19.3,2.0,3.51,0.583,0.09800000000000003,19.1,9.24,19.02,28.26,32.22,30.56,104.0,0.292,12.0,11.54,7.0,6.73,0.722,0.093,20.71,10.06,15.8,25.86,32.8,16.44
745157,2024-06-26,2024,543063,L,628452,R,strikeout,True,False,48.0,0.195,14.0,29.17,7.0,14.58,0.629,0.122,35.05,17.53,12.89,30.41,26.73,22.22,251.0,0.188,58.0,23.11,24.0,9.56,0.583,0.119,28.57,14.75,12.56,27.31,30.55,19.8,57.0,0.17,14.0,24.56,3.0,5.26,0.422,0.03799999999999998,27.72,14.81,16.93,31.75,38.38,31.11,123.0,0.255,31.0,25.2,11.0,8.94,0.735,0.1629999999999999,31.56,15.78,14.44,30.22,32.92,28.44
745157,2024-06-26,2024,666185,L,628452,R,field_out,False,False,49.0,0.19,14.0,28.57,4.0,8.16,0.485,0.023999999999999994,34.62,16.9,15.02,31.92,26.47,19.18,170.0,0.196,37.0,21.76,14.0,8.24,0.592,0.1079999999999999,22.71,10.14,18.91,29.05,25.44,21.14,57.0,0.17,14.0,24.56,3.0,5.26,0.422,0.03799999999999998,27.72,14.81,16.93,31.75,38.38,31.11,123.0,0.255,31.0,25.2,11.0,8.94,0.735,0.1629999999999999,31.56,15.78,14.44,30.22,32.92,28.44
745157,2024-06-26,2024,691026,R,628452,R,strikeout,True,False,178.0,0.319,31.0,17.42,12.0,6.74,0.764,0.08700000000000002,16.38,7.73,18.18,25.92,30.48,13.48,100.0,0.161,19.0,19.0,9.0,9.0,0.478,0.0799999999999999,21.56,9.11,22.03,31.14,24.87,14.88,55.0,0.2,9.0,16.36,3.0,5.45,0.613,0.14,26.53,12.44,14.35,26.79,26.85,16.67,108.0,0.221,37.0,34.26,4.0,3.7,0.587,0.116,33.75,18.93,13.79,32.71,38.6,26.62
745322,2024-06-26,2024,663538,R,678495,R,strikeout,True,False,241.0,0.242,24.0,9.96,23.0,9.54,0.664,0.09000000000000002,12.85,5.78,21.06,26.84,30.26,9.72,508.0,0.274,63.0,12.4,40.0,7.87,0.72,0.0979999999999999,13.4,6.0,20.67,26.67,29.91,12.21,77.0,0.221,19.0,24.68,7.0,9.09,0.627,0.11700000000000002,26.47,12.41,17.93,30.34,29.45,25.33,,,,,,,,,,,,,,
745322,2024-06-26,2024,683737,L,678495,R,strikeout,True,False,229.0,0.251,79.0,34.5,29.0,12.66,0.7949999999999999,0.195,34.03,15.11,15.62,30.73,24.56,25.48,66.0,0.158,21.0,31.82,8.0,12.12,0.556,0.1399999999999999,29.79,14.48,13.45,27.93,28.39,21.0,53.0,0.25,17.0,32.08,4.0,7.55,0.8,0.22899999999999998,30.91,15.53,16.44,31.96,35.4,26.15,,,,,,,,,,,,,,
745322,2024-06-26,2024,641355,L,678495,R,walk,False,True,202.0,0.237,36.0,17.82,22.0,10.89,0.739,0.175,25.47,12.63,13.56,26.2,32.28,17.91,373.0,0.291,58.0,15.55,27.0,7.24,0.829,0.198,20.08,10.01,15.91,25.92,29.71,13.74,53.0,0.25,17.0,32.08,4.0,7.55,0.8,0.22899999999999998,30.91,15.53,16.44,31.96,35.4,26.15,,,,,,,,,,,,,,
745322,2024-06-26,2024,673548,R,678495,R,field_out,False,False,173.0,0.271,53.0,30.64,11.0,6.36,0.768,0.16799999999999998,27.72,11.1,21.91,33.01,23.08,22.18,419.0,0.278,102.0,24.34,41.0,9.79,0.839,0.2129999999999999,24.3,9.93,20.44,30.37,19.3,20.2,77.0,0.221,19.0,24.68,7.0,9.09,0.627,0.11700000000000002,26.47,12.41,17.93,30.34,29.45,25.33,,,,,,,,,,,,,,
745322,2024-06-26,2024,689172,L,543294,R,field_out,False,False,82.0,0.25,15.0,18.29,5.0,6.1,0.635,0.09200000000000003,19.15,9.0,18.33,27.33,30.99,17.86,106.0,0.155,30.0,28.3,8.0,7.55,0.4639999999999999,0.092,28.32,14.65,14.19,28.83,32.6,19.86,128.0,0.294,21.0,16.41,7.0,5.47,0.843,0.21000000000000002,24.04,11.68,17.06,28.74,31.76,21.65,300.0,0.225,53.0,17.67,16.0,5.33,0.614,0.1249999999999999,24.57,11.27,18.66,29.93,34.05,16.99
745322,2024-06-26,2024,671218,R,543294,R,field_out,False,False,136.0,0.252,43.0,31.62,9.0,6.62,0.6950000000000001,0.14200000000000002,33.33,15.7,16.45,32.15,30.04,27.74,14.0,0.154,4.0,28.57,1.0,7.14,0.368,0.0,30.43,14.58,18.75,33.33,26.09,50.0,126.0,0.301,22.0,17.46,10.0,7.94,0.8,0.15000000000000002,16.46,7.98,18.76,26.75,32.51,12.15,279.0,0.286,40.0,14.34,11.0,3.94,0.763,0.153,17.28,8.2,19.57,27.77,33.87,15.04
745322,2024-06-26,2024,672275,L,543294,R,field_out,False,False,166.0,0.287,28.0,16.87,19.0,11.45,0.819,0.16800000000000004,20.38,9.64,14.16,23.8,25.38,15.22,240.0,0.203,70.0,29.17,13.0,5.42,0.5569999999999999,0.0989999999999999,26.61,12.88,17.55,30.43,28.93,23.81,128.0,0.294,21.0,16.41,7.0,5.47,0.843,0.21000000000000002,24.04,11.68,17.06,28.74,31.76,21.65,300.0,0.225,53.0,17.67,16.0,5.33,0.614,0.1249999999999999,24.57,11.27,18.66,29.93,34.05,16.99
745322,2024-06-26,2024,664023,L,678495,R,field_out,False,False,240.0,0.223,69.0,28.75,33.0,13.75,0.7250000000000001,0.163,28.08,12.48,16.31,28.79,22.77,20.0,502.0,0.258,109.0,21.71,80.0,15.94,0.831,0.192,25.86,11.22,15.24,26.46,20.31,17.34,53.0,0.25,17.0,32.08,4.0,7.55,0.8,0.22899999999999998,30.91,15.53,16.44,31.96,35.4,26.15,,,,,,,,,,,,,,
745322,2024-06-26,2024,666624,R,678495,R,strikeout,True,False,250.0,0.204,57.0,22.8,28.0,11.2,0.69,0.18500000000000003,30.0,13.54,15.08,28.62,24.52,20.58,329.0,0.247,105.0,31.91,27.0,8.21,0.798,0.239,38.21,19.07,13.74,32.81,29.43,27.56,77.0,0.221,19.0,24.68,7.0,9.09,0.627,0.11700000000000002,26.47,12.41,17.93,30.34,29.45,25.33,,,,,,,,,,,,,,
745322,2024-06-26,2024,621020,R,678495,R,strikeout,True,False,214.0,0.218,58.0,27.1,18.0,8.41,0.649,0.145,31.39,14.88,15.69,30.57,23.97,22.48,478.0,0.244,111.0,23.22,49.0,10.25,0.734,0.161,28.04,13.13,15.12,28.26,23.34,18.66,77.0,0.221,19.0,24.68,7.0,9.09,0.627,0.11700000000000002,26.47,12.41,17.93,30.34,29.45,25.33,,,,,,,,,,,,,,
745322,2024-06-26,2024,624585,R,543294,R,single,False,False,196.0,0.221,45.0,22.96,19.0,9.69,0.675,0.157,28.69,13.58,15.46,29.03,29.16,21.43,446.0,0.242,111.0,24.89,46.0,10.31,0.788,0.22,27.97,12.22,16.15,28.37,25.71,21.19,126.0,0.301,22.0,17.46,10.0,7.94,0.8,0.15000000000000002,16.46,7.98,18.76,26.75,32.51,12.15,279.0,0.286,40.0,14.34,11.0,3.94,0.763,0.153,17.28,8.2,19.57,27.77,33.87,15.04
745322,2024-06-26,2024,656305,R,543294,R,walk,False,True,243.0,0.202,63.0,25.93,22.0,9.05,0.614,0.128,26.54,11.96,19.76,31.72,25.73,19.33,471.0,0.223,139.0,29.51,52.0,11.04,0.722,0.179,31.15,13.33,17.79,31.11,18.61,21.72,126.0,0.301,22.0,17.46,10.0,7.94,0.8,0.15000000000000002,16.46,7.98,18.76,26.75,32.51,12.15,279.0,0.286,40.0,14.34,11.0,3.94,0.763,0.153,17.28,8.2,19.57,27.77,33.87,15.04
745322,2024-06-26,2024,624424,L,543294,R,single,False,False,171.0,0.21,40.0,23.39,13.0,7.6,0.645,0.166,25.16,11.66,17.04,28.7,27.99,20.51,368.0,0.245,77.0,20.92,50.0,13.59,0.753,0.155,23.68,10.56,15.02,25.57,23.23,16.81,128.0,0.294,21.0,16.41,7.0,5.47,0.843,0.21000000000000002,24.04,11.68,17.06,28.74,31.76,21.65,300.0,0.225,53.0,17.67,16.0,5.33,0.614,0.1249999999999999,24.57,11.27,18.66,29.93,34.05,16.99
745322,2024-06-26,2024,642731,R,543294,R,strikeout,True,False,223.0,0.245,43.0,19.28,6.0,2.69,0.679,0.15600000000000003,19.48,9.64,19.54,29.18,35.25,19.37,380.0,0.276,84.0,22.11,15.0,3.95,0.767,0.172,21.44,11.24,17.01,28.25,38.17,20.1,126.0,0.301,22.0,17.46,10.0,7.94,0.8,0.15000000000000002,16.46,7.98,18.76,26.75,32.51,12.15,279.0,0.286,40.0,14.34,11.0,3.94,0.763,0.153,17.28,8.2,19.57,27.77,33.87,15.04
745322,2024-06-26,2024,681584,R,543294,R,sac_fly,False,False,6.0,0.0,2.0,33.33,0.0,0.0,0.0,0.0,50.0,22.22,33.33,55.56,50.0,40.0,79.0,0.159,26.0,32.91,7.0,8.86,0.672,0.247,39.39,16.46,19.94,36.39,24.84,25.49,126.0,0.301,22.0,17.46,10.0,7.94,0.8,0.15000000000000002,16.46,7.98,18.76,26.75,32.51,12.15,279.0,0.286,40.0,14.34,11.0,3.94,0.763,0.153,17.28,8.2,19.57,27.77,33.87,15.04
745322,2024-06-26,2024,682641,R,543294,R,field_out,False,False,76.0,0.253,5.0,6.58,1.0,1.32,0.583,0.067,10.53,5.65,14.11,19.76,37.68,8.77,154.0,0.215,23.0,14.94,8.0,5.19,0.56,0.0839999999999999,20.15,9.82,15.18,25.0,27.53,17.29,126.0,0.301,22.0,17.46,10.0,7.94,0.8,0.15000000000000002,16.46,7.98,18.76,26.75,32.51,12.15,279.0,0.286,40.0,14.34,11.0,3.94,0.763,0.153,17.28,8.2,19.57,27.77,33.87,15.04
745322,2024-06-26,2024,691718,L,678495,R,strikeout,True,False,108.0,0.204,31.0,28.7,5.0,4.63,0.5640000000000001,0.11200000000000002,27.42,16.67,10.29,26.96,42.44,20.95,15.0,0.0,6.0,40.0,2.0,13.33,0.154,0.0,44.44,26.67,8.33,35.0,23.08,27.27,53.0,0.25,17.0,32.08,4.0,7.55,0.8,0.22899999999999998,30.91,15.53,16.44,31.96,35.4,26.15,,,,,,,,,,,,,,
745322,2024-06-26,2024,665804,R,678495,R,field_out,False,False,134.0,0.208,29.0,21.64,10.0,7.46,0.5589999999999999,0.06700000000000003,27.04,14.51,14.51,29.03,35.74,18.35,92.0,0.187,24.0,26.09,7.0,7.61,0.679,0.173,24.72,11.67,16.98,28.65,28.18,19.05,77.0,0.221,19.0,24.68,7.0,9.09,0.627,0.11700000000000002,26.47,12.41,17.93,30.34,29.45,25.33,,,,,,,,,,,,,,
745322,2024-06-26,2024,663538,R,678495,R,walk,False,True,241.0,0.242,24.0,9.96,23.0,9.54,0.664,0.09000000000000002,12.85,5.78,21.06,26.84,30.26,9.72,508.0,0.274,63.0,12.4,40.0,7.87,0.72,0.0979999999999999,13.4,6.0,20.67,26.67,29.91,12.21,77.0,0.221,19.0,24.68,7.0,9.09,0.627,0.11700000000000002,26.47,12.41,17.93,30.34,29.45,25.33,,,,,,,,,,,,,,
745322,2024-06-26,2024,683737,L,678495,R,single,False,False,229.0,0.251,79.0,34.5,29.0,12.66,0.7949999999999999,0.195,34.03,15.11,15.62,30.73,24.56,25.48,66.0,0.158,21.0,31.82,8.0,12.12,0.556,0.1399999999999999,29.79,14.48,13.45,27.93,28.39,21.0,53.0,0.25,17.0,32.08,4.0,7.55,0.8,0.22899999999999998,30.91,15.53,16.44,31.96,35.4,26.15,,,,,,,,,,,,,,
745322,2024-06-26,2024,641355,L,663546,R,single,False,False,202.0,0.237,36.0,17.82,22.0,10.89,0.739,0.175,25.47,12.63,13.56,26.2,32.28,17.91,373.0,0.291,58.0,15.55,27.0,7.24,0.829,0.198,20.08,10.01,15.91,25.92,29.71,13.74,66.0,0.169,14.0,21.21,4.0,6.06,0.658,0.255,14.68,6.67,22.5,29.17,26.55,20.9,60.0,0.294,12.0,20.0,5.0,8.33,0.863,0.196,23.21,11.4,16.67,28.07,21.78,17.65
745322,2024-06-26,2024,673548,R,663546,R,strikeout,True,False,173.0,0.271,53.0,30.64,11.0,6.36,0.768,0.16799999999999998,27.72,11.1,21.91,33.01,23.08,22.18,419.0,0.278,102.0,24.34,41.0,9.79,0.839,0.2129999999999999,24.3,9.93,20.44,30.37,19.3,20.2,81.0,0.228,23.0,28.4,1.0,1.23,0.525,0.05000000000000002,30.08,13.89,25.69,39.58,36.81,27.71,79.0,0.333,19.0,24.05,8.0,10.13,0.853,0.1019999999999999,21.37,8.56,22.6,31.16,26.67,26.03
745322,2024-06-26,2024,689172,L,543294,R,single,False,False,82.0,0.25,15.0,18.29,5.0,6.1,0.635,0.09200000000000003,19.15,9.0,18.33,27.33,30.99,17.86,106.0,0.155,30.0,28.3,8.0,7.55,0.4639999999999999,0.092,28.32,14.65,14.19,28.83,32.6,19.86,128.0,0.294,21.0,16.41,7.0,5.47,0.843,0.21000000000000002,24.04,11.68,17.06,28.74,31.76,21.65,300.0,0.225,53.0,17.67,16.0,5.33,0.614,0.1249999999999999,24.57,11.27,18.66,29.93,34.05,16.99
745322,2024-06-26,2024,671218,R,543294,R,field_out,False,False,136.0,0.252,43.0,31.62,9.0,6.62,0.6950000000000001,0.14200000000000002,33.33,15.7,16.45,32.15,30.04,27.74,14.0,0.154,4.0,28.57,1.0,7.14,0.368,0.0,30.43,14.58,18.75,33.33,26.09,50.0,126.0,0.301,22.0,17.46,10.0,7.94,0.8,0.15000000000000002,16.46,7.98,18.76,26.75,32.51,12.15,279.0,0.286,40.0,14.34,11.0,3.94,0.763,0.153,17.28,8.2,19.57,27.77,33.87,15.04
745322,2024-06-26,2024,672275,L,543294,R,field_out,False,False,166.0,0.287,28.0,16.87,19.0,11.45,0.819,0.16800000000000004,20.38,9.64,14.16,23.8,25.38,15.22,240.0,0.203,70.0,29.17,13.0,5.42,0.5569999999999999,0.0989999999999999,26.61,12.88,17.55,30.43,28.93,23.81,128.0,0.294,21.0,16.41,7.0,5.47,0.843,0.21000000000000002,24.04,11.68,17.06,28.74,31.76,21.65,300.0,0.225,53.0,17.67,16.0,5.33,0.614,0.1249999999999999,24.57,11.27,18.66,29.93,34.05,16.99
745322,2024-06-26,2024,664023,L,663546,R,field_out,False,False,240.0,0.223,69.0,28.75,33.0,13.75,0.7250000000000001,0.163,28.08,12.48,16.31,28.79,22.77,20.0,502.0,0.258,109.0,21.71,80.0,15.94,0.831,0.192,25.86,11.22,15.24,26.46,20.31,17.34,66.0,0.169,14.0,21.21,4.0,6.06,0.658,0.255,14.68,6.67,22.5,29.17,26.55,20.9,60.0,0.294,12.0,20.0,5.0,8.33,0.863,0.196,23.21,11.4,16.67,28.07,21.78,17.65
745322,2024-06-26,2024,666624,R,663546,R,field_out,False,False,250.0,0.204,57.0,22.8,28.0,11.2,0.69,0.18500000000000003,30.0,13.54,15.08,28.62,24.52,20.58,329.0,0.247,105.0,31.91,27.0,8.21,0.798,0.239,38.21,19.07,13.74,32.81,29.43,27.56,81.0,0.228,23.0,28.4,1.0,1.23,0.525,0.05000000000000002,30.08,13.89,25.69,39.58,36.81,27.71,79.0,0.333,19.0,24.05,8.0,10.13,0.853,0.1019999999999999,21.37,8.56,22.6,31.16,26.67,26.03
745322,2024-06-26,2024,621020,R,663546,R,field_out,False,False,214.0,0.218,58.0,27.1,18.0,8.41,0.649,0.145,31.39,14.88,15.69,30.57,23.97,22.48,478.0,0.244,111.0,23.22,49.0,10.25,0.734,0.161,28.04,13.13,15.12,28.26,23.34,18.66,81.0,0.228,23.0,28.4,1.0,1.23,0.525,0.05000000000000002,30.08,13.89,25.69,39.58,36.81,27.71,79.0,0.333,19.0,24.05,8.0,10.13,0.853,0.1019999999999999,21.37,8.56,22.6,31.16,26.67,26.03
745322,2024-06-26,2024,624585,R,543294,R,strikeout,True,False,196.0,0.221,45.0,22.96,19.0,9.69,0.675,0.157,28.69,13.58,15.46,29.03,29.16,21.43,446.0,0.242,111.0,24.89,46.0,10.31,0.788,0.22,27.97,12.22,16.15,28.37,25.71,21.19,126.0,0.301,22.0,17.46,10.0,7.94,0.8,0.15000000000000002,16.46,7.98,18.76,26.75,32.51,12.15,279.0,0.286,40.0,14.34,11.0,3.94,0.763,0.153,17.28,8.2,19.57,27.77,33.87,15.04
745322,2024-06-26,2024,656305,R,543294,R,field_out,False,False,243.0,0.202,63.0,25.93,22.0,9.05,0.614,0.128,26.54,11.96,19.76,31.72,25.73,19.33,471.0,0.223,139.0,29.51,52.0,11.04,0.722,0.179,31.15,13.33,17.79,31.11,18.61,21.72,126.0,0.301,22.0,17.46,10.0,7.94,0.8,0.15000000000000002,16.46,7.98,18.76,26.75,32.51,12.15,279.0,0.286,40.0,14.34,11.0,3.94,0.763,0.153,17.28,8.2,19.57,27.77,33.87,15.04
745322,2024-06-26,2024,624424,L,543294,R,field_out,False,False,171.0,0.21,40.0,23.39,13.0,7.6,0.645,0.166,25.16,11.66,17.04,28.7,27.99,20.51,368.0,0.245,77.0,20.92,50.0,13.59,0.753,0.155,23.68,10.56,15.02,25.57,23.23,16.81,128.0,0.294,21.0,16.41,7.0,5.47,0.843,0.21000000000000002,24.04,11.68,17.06,28.74,31.76,21.65,300.0,0.225,53.0,17.67,16.0,5.33,0.614,0.1249999999999999,24.57,11.27,18.66,29.93,34.05,16.99
745322,2024-06-26,2024,691718,L,663546,R,strikeout,True,False,108.0,0.204,31.0,28.7,5.0,4.63,0.5640000000000001,0.11200000000000002,27.42,16.67,10.29,26.96,42.44,20.95,15.0,0.0,6.0,40.0,2.0,13.33,0.154,0.0,44.44,26.67,8.33,35.0,23.08,27.27,66.0,0.169,14.0,21.21,4.0,6.06,0.658,0.255,14.68,6.67,22.5,29.17,26.55,20.9,60.0,0.294,12.0,20.0,5.0,8.33,0.863,0.196,23.21,11.4,16.67,28.07,21.78,17.65
745322,2024-06-26,2024,665804,R,663546,R,field_out,False,False,134.0,0.208,29.0,21.64,10.0,7.46,0.5589999999999999,0.06700000000000003,27.04,14.51,14.51,29.03,35.74,18.35,92.0,0.187,24.0,26.09,7.0,7.61,0.679,0.173,24.72,11.67,16.98,28.65,28.18,19.05,81.0,0.228,23.0,28.4,1.0,1.23,0.525,0.05000000000000002,30.08,13.89,25.69,39.58,36.81,27.71,79.0,0.333,19.0,24.05,8.0,10.13,0.853,0.1019999999999999,21.37,8.56,22.6,31.16,26.67,26.03
745322,2024-06-26,2024,663538,R,663546,R,single,False,False,241.0,0.242,24.0,9.96,23.0,9.54,0.664,0.09000000000000002,12.85,5.78,21.06,26.84,30.26,9.72,508.0,0.274,63.0,12.4,40.0,7.87,0.72,0.0979999999999999,13.4,6.0,20.67,26.67,29.91,12.21,81.0,0.228,23.0,28.4,1.0,1.23,0.525,0.05000000000000002,30.08,13.89,25.69,39.58,36.81,27.71,79.0,0.333,19.0,24.05,8.0,10.13,0.853,0.1019999999999999,21.37,8.56,22.6,31.16,26.67,26.03
745322,2024-06-26,2024,683737,L,573124,L,walk,False,True,31.0,0.321,6.0,19.35,3.0,9.68,0.851,0.14300000000000002,20.34,9.3,17.83,27.13,23.44,14.29,15.0,0.2,6.0,40.0,0.0,0.0,0.467,0.067,32.14,14.06,18.75,32.81,34.21,31.58,60.0,0.314,18.0,30.0,8.0,13.33,0.868,0.137,28.09,10.64,22.98,33.62,23.08,32.14,103.0,0.101,39.0,37.86,11.0,10.68,0.3299999999999999,0.0229999999999999,32.18,13.05,23.78,36.83,25.84,25.83
745322,2024-06-26,2024,641355,L,573124,L,strikeout,True,False,85.0,0.349,11.0,12.94,1.0,1.18,0.835,0.133,19.33,10.43,17.99,28.42,40.0,15.07,183.0,0.337,29.0,15.85,13.0,7.1,0.984,0.2589999999999999,20.0,9.84,17.49,27.32,33.33,11.98,60.0,0.314,18.0,30.0,8.0,13.33,0.868,0.137,28.09,10.64,22.98,33.62,23.08,32.14,103.0,0.101,39.0,37.86,11.0,10.68,0.3299999999999999,0.0229999999999999,32.18,13.05,23.78,36.83,25.84,25.83
745322,2024-06-26,2024,642731,R,543294,R,field_out,False,False,223.0,0.245,43.0,19.28,6.0,2.69,0.679,0.15600000000000003,19.48,9.64,19.54,29.18,35.25,19.37,380.0,0.276,84.0,22.11,15.0,3.95,0.767,0.172,21.44,11.24,17.01,28.25,38.17,20.1,126.0,0.301,22.0,17.46,10.0,7.94,0.8,0.15000000000000002,16.46,7.98,18.76,26.75,32.51,12.15,279.0,0.286,40.0,14.34,11.0,3.94,0.763,0.153,17.28,8.2,19.57,27.77,33.87,15.04
745322,2024-06-26,2024,681584,R,543294,R,field_out,False,False,6.0,0.0,2.0,33.33,0.0,0.0,0.0,0.0,50.0,22.22,33.33,55.56,50.0,40.0,79.0,0.159,26.0,32.91,7.0,8.86,0.672,0.247,39.39,16.46,19.94,36.39,24.84,25.49,126.0,0.301,22.0,17.46,10.0,7.94,0.8,0.15000000000000002,16.46,7.98,18.76,26.75,32.51,12.15,279.0,0.286,40.0,14.34,11.0,3.94,0.763,0.153,17.28,8.2,19.57,27.77,33.87,15.04
745322,2024-06-26,2024,682641,R,543294,R,single,False,False,76.0,0.253,5.0,6.58,1.0,1.32,0.583,0.067,10.53,5.65,14.11,19.76,37.68,8.77,154.0,0.215,23.0,14.94,8.0,5.19,0.56,0.0839999999999999,20.15,9.82,15.18,25.0,27.53,17.29,126.0,0.301,22.0,17.46,10.0,7.94,0.8,0.15000000000000002,16.46,7.98,18.76,26.75,32.51,12.15,279.0,0.286,40.0,14.34,11.0,3.94,0.763,0.153,17.28,8.2,19.57,27.77,33.87,15.04
745322,2024-06-26,2024,689172,L,543294,R,field_out,False,False,82.0,0.25,15.0,18.29,5.0,6.1,0.635,0.09200000000000003,19.15,9.0,18.33,27.33,30.99,17.86,106.0,0.155,30.0,28.3,8.0,7.55,0.4639999999999999,0.092,28.32,14.65,14.19,28.83,32.6,19.86,128.0,0.294,21.0,16.41,7.0,5.47,0.843,0.21000000000000002,24.04,11.68,17.06,28.74,31.76,21.65,300.0,0.225,53.0,17.67,16.0,5.33,0.614,0.1249999999999999,24.57,11.27,18.66,29.93,34.05,16.99
745322,2024-06-26,2024,673548,R,573124,L,single,False,False,64.0,0.241,11.0,17.19,9.0,14.06,0.7849999999999999,0.185,19.81,7.78,20.37,28.15,17.69,12.64,168.0,0.306,28.0,16.67,18.0,10.71,0.852,0.1659999999999999,13.89,5.59,20.11,25.7,20.92,12.39,76.0,0.181,20.0,26.32,3.0,3.95,0.571,0.16599999999999998,27.14,11.84,21.5,33.33,20.27,18.52,113.0,0.312,25.0,22.12,14.0,12.39,0.98,0.2609999999999999,21.26,8.83,21.48,30.31,29.61,23.15
745322,2024-06-26,2024,664023,R,573124,L,grounded_into_double_play,False,False,72.0,0.234,16.0,22.22,6.0,8.33,0.732,0.18799999999999997,29.17,14.84,14.13,28.98,25.56,16.67,191.0,0.225,44.0,23.04,19.0,9.95,0.694,0.16,24.04,11.18,15.63,26.81,29.29,17.32,76.0,0.181,20.0,26.32,3.0,3.95,0.571,0.16599999999999998,27.14,11.84,21.5,33.33,20.27,18.52,113.0,0.312,25.0,22.12,14.0,12.39,0.98,0.2609999999999999,21.26,8.83,21.48,30.31,29.61,23.15
745322,2024-06-26,2024,666624,R,676254,R,walk,False,True,250.0,0.204,57.0,22.8,28.0,11.2,0.69,0.18500000000000003,30.0,13.54,15.08,28.62,24.52,20.58,329.0,0.247,105.0,31.91,27.0,8.21,0.798,0.239,38.21,19.07,13.74,32.81,29.43,27.56,89.0,0.192,29.0,32.58,5.0,5.62,0.504,0.03900000000000001,28.66,12.78,21.59,34.38,30.54,24.58,168.0,0.286,49.0,29.17,17.0,10.12,0.78,0.136,32.45,14.5,19.97,34.47,33.33,24.5
745322,2024-06-26,2024,621020,R,676254,R,caught_stealing_2b,False,False,214.0,0.218,58.0,27.1,18.0,8.41,0.649,0.145,31.39,14.88,15.69,30.57,23.97,22.48,478.0,0.244,111.0,23.22,49.0,10.25,0.734,0.161,28.04,13.13,15.12,28.26,23.34,18.66,89.0,0.192,29.0,32.58,5.0,5.62,0.504,0.03900000000000001,28.66,12.78,21.59,34.38,30.54,24.58,168.0,0.286,49.0,29.17,17.0,10.12,0.78,0.136,32.45,14.5,19.97,34.47,33.33,24.5
745322,2024-06-26,2024,671218,R,543294,R,field_out,False,False,136.0,0.252,43.0,31.62,9.0,6.62,0.6950000000000001,0.14200000000000002,33.33,15.7,16.45,32.15,30.04,27.74,14.0,0.154,4.0,28.57,1.0,7.14,0.368,0.0,30.43,14.58,18.75,33.33,26.09,50.0,126.0,0.301,22.0,17.46,10.0,7.94,0.8,0.15000000000000002,16.46,7.98,18.76,26.75,32.51,12.15,279.0,0.286,40.0,14.34,11.0,3.94,0.763,0.153,17.28,8.2,19.57,27.77,33.87,15.04
745322,2024-06-26,2024,672275,L,543294,R,field_out,False,False,166.0,0.287,28.0,16.87,19.0,11.45,0.819,0.16800000000000004,20.38,9.64,14.16,23.8,25.38,15.22,240.0,0.203,70.0,29.17,13.0,5.42,0.5569999999999999,0.0989999999999999,26.61,12.88,17.55,30.43,28.93,23.81,128.0,0.294,21.0,16.41,7.0,5.47,0.843,0.21000000000000002,24.04,11.68,17.06,28.74,31.76,21.65,300.0,0.225,53.0,17.67,16.0,5.33,0.614,0.1249999999999999,24.57,11.27,18.66,29.93,34.05,16.99
745322,2024-06-26,2024,624585,R,543294,R,field_out,False,False,196.0,0.221,45.0,22.96,19.0,9.69,0.675,0.157,28.69,13.58,15.46,29.03,29.16,21.43,446.0,0.242,111.0,24.89,46.0,10.31,0.788,0.22,27.97,12.22,16.15,28.37,25.71,21.19,126.0,0.301,22.0,17.46,10.0,7.94,0.8,0.15000000000000002,16.46,7.98,18.76,26.75,32.51,12.15,279.0,0.286,40.0,14.34,11.0,3.94,0.763,0.153,17.28,8.2,19.57,27.77,33.87,15.04
745322,2024-06-26,2024,621020,R,676254,R,strikeout,True,False,214.0,0.218,58.0,27.1,18.0,8.41,0.649,0.145,31.39,14.88,15.69,30.57,23.97,22.48,478.0,0.244,111.0,23.22,49.0,10.25,0.734,0.161,28.04,13.13,15.12,28.26,23.34,18.66,89.0,0.192,29.0,32.58,5.0,5.62,0.504,0.03900000000000001,28.66,12.78,21.59,34.38,30.54,24.58,168.0,0.286,49.0,29.17,17.0,10.12,0.78,0.136,32.45,14.5,19.97,34.47,33.33,24.5
745322,2024-06-26,2024,691718,L,676254,R,strikeout,True,False,108.0,0.204,31.0,28.7,5.0,4.63,0.5640000000000001,0.11200000000000002,27.42,16.67,10.29,26.96,42.44,20.95,15.0,0.0,6.0,40.0,2.0,13.33,0.154,0.0,44.44,26.67,8.33,35.0,23.08,27.27,68.0,0.203,24.0,35.29,3.0,4.41,0.562,0.10899999999999999,33.58,16.61,17.33,33.94,30.4,26.37,96.0,0.221,29.0,30.21,7.0,7.29,0.711,0.1979999999999999,31.22,14.6,18.81,33.42,31.25,19.72
745322,2024-06-26,2024,665804,R,676254,R,field_out,False,False,134.0,0.208,29.0,21.64,10.0,7.46,0.5589999999999999,0.06700000000000003,27.04,14.51,14.51,29.03,35.74,18.35,92.0,0.187,24.0,26.09,7.0,7.61,0.679,0.173,24.72,11.67,16.98,28.65,28.18,19.05,89.0,0.192,29.0,32.58,5.0,5.62,0.504,0.03900000000000001,28.66,12.78,21.59,34.38,30.54,24.58,168.0,0.286,49.0,29.17,17.0,10.12,0.78,0.136,32.45,14.5,19.97,34.47,33.33,24.5
745322,2024-06-26,2024,656305,R,543294,R,field_out,False,False,243.0,0.202,63.0,25.93,22.0,9.05,0.614,0.128,26.54,11.96,19.76,31.72,25.73,19.33,471.0,0.223,139.0,29.51,52.0,11.04,0.722,0.179,31.15,13.33,17.79,31.11,18.61,21.72,126.0,0.301,22.0,17.46,10.0,7.94,0.8,0.15000000000000002,16.46,7.98,18.76,26.75,32.51,12.15,279.0,0.286,40.0,14.34,11.0,3.94,0.763,0.153,17.28,8.2,19.57,27.77,33.87,15.04
745322,2024-06-26,2024,624424,L,543294,R,strikeout,True,False,171.0,0.21,40.0,23.39,13.0,7.6,0.645,0.166,25.16,11.66,17.04,28.7,27.99,20.51,368.0,0.245,77.0,20.92,50.0,13.59,0.753,0.155,23.68,10.56,15.02,25.57,23.23,16.81,128.0,0.294,21.0,16.41,7.0,5.47,0.843,0.21000000000000002,24.04,11.68,17.06,28.74,31.76,21.65,300.0,0.225,53.0,17.67,16.0,5.33,0.614,0.1249999999999999,24.57,11.27,18.66,29.93,34.05,16.99
745322,2024-06-26,2024,642731,R,543294,R,single,False,False,223.0,0.245,43.0,19.28,6.0,2.69,0.679,0.15600000000000003,19.48,9.64,19.54,29.18,35.25,19.37,380.0,0.276,84.0,22.11,15.0,3.95,0.767,0.172,21.44,11.24,17.01,28.25,38.17,20.1,126.0,0.301,22.0,17.46,10.0,7.94,0.8,0.15000000000000002,16.46,7.98,18.76,26.75,32.51,12.15,279.0,0.286,40.0,14.34,11.0,3.94,0.763,0.153,17.28,8.2,19.57,27.77,33.87,15.04
745322,2024-06-26,2024,681584,R,543294,R,strikeout,True,False,6.0,0.0,2.0,33.33,0.0,0.0,0.0,0.0,50.0,22.22,33.33,55.56,50.0,40.0,79.0,0.159,26.0,32.91,7.0,8.86,0.672,0.247,39.39,16.46,19.94,36.39,24.84,25.49,126.0,0.301,22.0,17.46,10.0,7.94,0.8,0.15000000000000002,16.46,7.98,18.76,26.75,32.51,12.15,279.0,0.286,40.0,14.34,11.0,3.94,0.763,0.153,17.28,8.2,19.57,27.77,33.87,15.04
745322,2024-06-26,2024,663538,R,643511,R,field_out,False,False,241.0,0.242,24.0,9.96,23.0,9.54,0.664,0.09000000000000002,12.85,5.78,21.06,26.84,30.26,9.72,508.0,0.274,63.0,12.4,40.0,7.87,0.72,0.0979999999999999,13.4,6.0,20.67,26.67,29.91,12.21,82.0,0.222,17.0,20.73,1.0,1.22,0.578,0.12399999999999997,20.0,11.2,16.6,27.8,34.55,25.0,173.0,0.262,28.0,16.18,10.0,5.78,0.733,0.1629999999999999,23.75,12.04,17.27,29.32,30.54,16.37
745322,2024-06-26,2024,683737,L,643511,R,field_out,False,False,229.0,0.251,79.0,34.5,29.0,12.66,0.7949999999999999,0.195,34.03,15.11,15.62,30.73,24.56,25.48,66.0,0.158,21.0,31.82,8.0,12.12,0.556,0.1399999999999999,29.79,14.48,13.45,27.93,28.39,21.0,68.0,0.279,10.0,14.71,1.0,1.47,0.7050000000000001,0.09799999999999998,15.87,8.03,20.08,28.11,22.77,13.33,136.0,0.2,32.0,23.53,9.0,6.62,0.5569999999999999,0.0919999999999999,20.7,10.56,18.33,28.88,27.6,21.33
745322,2024-06-26,2024,641355,L,643511,R,field_out,False,False,202.0,0.237,36.0,17.82,22.0,10.89,0.739,0.175,25.47,12.63,13.56,26.2,32.28,17.91,373.0,0.291,58.0,15.55,27.0,7.24,0.829,0.198,20.08,10.01,15.91,25.92,29.71,13.74,68.0,0.279,10.0,14.71,1.0,1.47,0.7050000000000001,0.09799999999999998,15.87,8.03,20.08,28.11,22.77,13.33,136.0,0.2,32.0,23.53,9.0,6.62,0.5569999999999999,0.0919999999999999,20.7,10.56,18.33,28.88,27.6,21.33
745322,2024-06-26,2024,682641,R,605155,R,single,False,False,76.0,0.253,5.0,6.58,1.0,1.32,0.583,0.067,10.53,5.65,14.11,19.76,37.68,8.77,154.0,0.215,23.0,14.94,8.0,5.19,0.56,0.0839999999999999,20.15,9.82,15.18,25.0,27.53,17.29,41.0,0.343,7.0,17.07,4.0,9.76,0.99,0.25699999999999995,23.17,11.31,14.29,25.6,21.62,12.96,17.0,0.357,2.0,11.76,3.0,17.65,1.471,0.643,25.0,10.64,17.02,27.66,22.73,28.57
745322,2024-06-26,2024,689172,L,605155,R,double,False,False,82.0,0.25,15.0,18.29,5.0,6.1,0.635,0.09200000000000003,19.15,9.0,18.33,27.33,30.99,17.86,106.0,0.155,30.0,28.3,8.0,7.55,0.4639999999999999,0.092,28.32,14.65,14.19,28.83,32.6,19.86,35.0,0.226,11.0,31.43,3.0,8.57,0.544,0.032,28.81,11.64,21.92,33.56,22.97,24.44,17.0,0.062,2.0,11.76,0.0,0.0,0.368,0.188,18.52,8.77,17.54,26.32,22.22,15.38
745322,2024-06-26,2024,671218,R,605155,R,walk,False,True,136.0,0.252,43.0,31.62,9.0,6.62,0.6950000000000001,0.14200000000000002,33.33,15.7,16.45,32.15,30.04,27.74,14.0,0.154,4.0,28.57,1.0,7.14,0.368,0.0,30.43,14.58,18.75,33.33,26.09,50.0,41.0,0.343,7.0,17.07,4.0,9.76,0.99,0.25699999999999995,23.17,11.31,14.29,25.6,21.62,12.96,17.0,0.357,2.0,11.76,3.0,17.65,1.471,0.643,25.0,10.64,17.02,27.66,22.73,28.57
745322,2024-06-26,2024,672275,L,605155,R,force_out,False,False,166.0,0.287,28.0,16.87,19.0,11.45,0.819,0.16800000000000004,20.38,9.64,14.16,23.8,25.38,15.22,240.0,0.203,70.0,29.17,13.0,5.42,0.5569999999999999,0.0989999999999999,26.61,12.88,17.55,30.43,28.93,23.81,35.0,0.226,11.0,31.43,3.0,8.57,0.544,0.032,28.81,11.64,21.92,33.56,22.97,24.44,17.0,0.062,2.0,11.76,0.0,0.0,0.368,0.188,18.52,8.77,17.54,26.32,22.22,15.38
745322,2024-06-26,2024,624585,R,605155,R,sac_fly,False,False,196.0,0.221,45.0,22.96,19.0,9.69,0.675,0.157,28.69,13.58,15.46,29.03,29.16,21.43,446.0,0.242,111.0,24.89,46.0,10.31,0.788,0.22,27.97,12.22,16.15,28.37,25.71,21.19,41.0,0.343,7.0,17.07,4.0,9.76,0.99,0.25699999999999995,23.17,11.31,14.29,25.6,21.62,12.96,17.0,0.357,2.0,11.76,3.0,17.65,1.471,0.643,25.0,10.64,17.02,27.66,22.73,28.57
745322,2024-06-26,2024,656305,R,605155,R,single,False,False,243.0,0.202,63.0,25.93,22.0,9.05,0.614,0.128,26.54,11.96,19.76,31.72,25.73,19.33,471.0,0.223,139.0,29.51,52.0,11.04,0.722,0.179,31.15,13.33,17.79,31.11,18.61,21.72,41.0,0.343,7.0,17.07,4.0,9.76,0.99,0.25699999999999995,23.17,11.31,14.29,25.6,21.62,12.96,17.0,0.357,2.0,11.76,3.0,17.65,1.471,0.643,25.0,10.64,17.02,27.66,22.73,28.57
745322,2024-06-26,2024,624424,L,605155,R,strikeout,True,False,171.0,0.21,40.0,23.39,13.0,7.6,0.645,0.166,25.16,11.66,17.04,28.7,27.99,20.51,368.0,0.245,77.0,20.92,50.0,13.59,0.753,0.155,23.68,10.56,15.02,25.57,23.23,16.81,35.0,0.226,11.0,31.43,3.0,8.57,0.544,0.032,28.81,11.64,21.92,33.56,22.97,24.44,17.0,0.062,2.0,11.76,0.0,0.0,0.368,0.188,18.52,8.77,17.54,26.32,22.22,15.38
745322,2024-06-26,2024,673548,R,666808,R,strikeout,True,False,173.0,0.271,53.0,30.64,11.0,6.36,0.768,0.16799999999999998,27.72,11.1,21.91,33.01,23.08,22.18,419.0,0.278,102.0,24.34,41.0,9.79,0.839,0.2129999999999999,24.3,9.93,20.44,30.37,19.3,20.2,71.0,0.169,20.0,28.17,11.0,15.49,0.584,0.11899999999999997,37.06,17.97,14.92,32.88,30.13,22.22,136.0,0.244,44.0,32.35,8.0,5.88,0.594,0.0409999999999999,35.9,16.28,17.05,33.33,26.79,34.38
745322,2024-06-26,2024,664023,L,666808,R,field_out,False,False,240.0,0.223,69.0,28.75,33.0,13.75,0.7250000000000001,0.163,28.08,12.48,16.31,28.79,22.77,20.0,502.0,0.258,109.0,21.71,80.0,15.94,0.831,0.192,25.86,11.22,15.24,26.46,20.31,17.34,67.0,0.298,17.0,25.37,10.0,14.93,0.894,0.193,33.86,14.68,16.72,31.4,27.85,22.08,147.0,0.174,43.0,29.25,18.0,12.24,0.588,0.1149999999999999,31.29,14.99,14.68,29.68,31.58,19.72
745322,2024-06-26,2024,666624,R,666808,R,field_out,False,False,250.0,0.204,57.0,22.8,28.0,11.2,0.69,0.18500000000000003,30.0,13.54,15.08,28.62,24.52,20.58,329.0,0.247,105.0,31.91,27.0,8.21,0.798,0.239,38.21,19.07,13.74,32.81,29.43,27.56,71.0,0.169,20.0,28.17,11.0,15.49,0.584,0.11899999999999997,37.06,17.97,14.92,32.88,30.13,22.22,136.0,0.244,44.0,32.35,8.0,5.88,0.594,0.0409999999999999,35.9,16.28,17.05,33.33,26.79,34.38
745399,2024-06-26,2024,682928,L,800049,R,single,False,False,227.0,0.267,41.0,18.06,17.0,7.49,0.825,0.22799999999999998,22.17,12.01,13.31,25.32,39.22,15.19,446.0,0.274,78.0,17.49,24.0,5.38,0.786,0.19,21.76,11.82,12.69,24.5,35.86,16.63,55.0,0.333,3.0,5.45,13.0,23.64,1.0390000000000001,0.21500000000000002,12.64,5.47,15.42,20.9,22.64,6.67,,,,,,,,,,,,,,
745399,2024-06-26,2024,657041,R,800049,R,field_out,False,False,156.0,0.211,39.0,25.0,11.0,7.05,0.643,0.169,21.37,8.75,22.11,30.86,19.18,21.43,490.0,0.242,143.0,29.18,23.0,4.69,0.719,0.185,26.09,11.34,20.58,31.92,28.6,24.48,48.0,0.227,8.0,16.67,4.0,8.33,0.6779999999999999,0.159,21.69,9.73,17.3,27.03,28.43,16.33,,,,,,,,,,,,,,
745399,2024-06-26,2024,608385,L,800049,R,field_out,False,False,211.0,0.273,42.0,19.91,31.0,14.69,0.8500000000000001,0.18,20.69,8.72,16.55,25.28,17.51,14.48,184.0,0.2,46.0,25.0,24.0,13.04,0.5660000000000001,0.0449999999999999,25.91,11.04,17.01,28.05,20.4,17.9,55.0,0.333,3.0,5.45,13.0,23.64,1.0390000000000001,0.21500000000000002,12.64,5.47,15.42,20.9,22.64,6.67,,,,,,,,,,,,,,
745399,2024-06-26,2024,650333,L,669022,L,field_out,False,False,148.0,0.266,15.0,10.14,5.0,3.38,0.62,0.04299999999999998,12.35,5.85,20.19,26.04,33.33,11.03,138.0,0.326,17.0,12.32,4.0,2.9,0.76,0.0909999999999999,12.5,6.61,16.32,22.93,33.48,12.88,86.0,0.299,19.0,22.09,8.0,9.3,0.827,0.15600000000000003,26.16,12.75,13.88,26.63,25.0,18.63,132.0,0.319,38.0,28.79,18.0,13.64,0.8899999999999999,0.1589999999999999,31.49,14.97,13.32,28.29,24.59,19.0
745399,2024-06-26,2024,595777,R,669022,L,hit_by_pitch,False,False,104.0,0.337,8.0,7.69,13.0,12.5,0.966,0.202,14.77,6.34,16.59,22.93,22.93,6.03,147.0,0.275,22.0,14.97,13.0,8.84,0.774,0.1519999999999999,15.44,6.84,17.44,24.27,22.81,13.33,287.0,0.261,80.0,27.87,20.0,6.97,0.7,0.11299999999999999,29.69,15.4,13.37,28.76,29.12,20.51,452.0,0.241,113.0,25.0,39.0,8.63,0.76,0.212,26.77,13.05,14.99,28.05,30.71,20.29
745399,2024-06-26,2024,592518,R,669022,L,home_run,False,False,94.0,0.238,21.0,22.34,10.0,10.64,0.736,0.179,29.94,13.82,14.71,28.53,26.59,21.51,150.0,0.308,26.0,17.33,14.0,9.33,0.887,0.203,21.32,9.67,16.52,26.19,28.38,16.56,287.0,0.261,80.0,27.87,20.0,6.97,0.7,0.11299999999999999,29.69,15.4,13.37,28.76,29.12,20.51,452.0,0.241,113.0,25.0,39.0,8.63,0.76,0.212,26.77,13.05,14.99,28.05,30.71,20.29
745399,2024-06-26,2024,630105,L,669022,L,walk,False,True,108.0,0.208,20.0,18.52,9.0,8.33,0.5680000000000001,0.07300000000000004,17.73,8.05,15.21,23.27,20.0,14.81,156.0,0.229,38.0,24.36,10.0,6.41,0.665,0.1349999999999999,18.48,9.0,20.1,29.1,30.82,17.84,86.0,0.299,19.0,22.09,8.0,9.3,0.827,0.15600000000000003,26.16,12.75,13.88,26.63,25.0,18.63,132.0,0.319,38.0,28.79,18.0,13.64,0.8899999999999999,0.1589999999999999,31.49,14.97,13.32,28.29,24.59,19.0
745399,2024-06-26,2024,456781,R,669022,L,field_out,False,False,68.0,0.311,12.0,17.65,7.0,10.29,0.841,0.14800000000000002,25.19,11.15,19.34,30.49,25.32,12.12,153.0,0.286,32.0,20.92,11.0,7.19,0.746,0.114,24.12,11.77,18.21,29.98,32.04,14.35,287.0,0.261,80.0,27.87,20.0,6.97,0.7,0.11299999999999999,29.69,15.4,13.37,28.76,29.12,20.51,452.0,0.241,113.0,25.0,39.0,8.63,0.76,0.212,26.77,13.05,14.99,28.05,30.71,20.29
745399,2024-06-26,2024,701538,L,669022,L,field_out,False,False,92.0,0.207,11.0,11.96,4.0,4.35,0.607,0.161,18.08,9.47,13.31,22.78,31.18,11.46,,,,,,,,,,,,,,,86.0,0.299,19.0,22.09,8.0,9.3,0.827,0.15600000000000003,26.16,12.75,13.88,26.63,25.0,18.63,132.0,0.319,38.0,28.79,18.0,13.64,0.8899999999999999,0.1589999999999999,31.49,14.97,13.32,28.29,24.59,19.0
745399,2024-06-26,2024,608841,R,800049,R,field_out,False,False,195.0,0.27,32.0,16.41,13.0,6.67,0.677,0.08599999999999997,20.79,10.42,13.8,24.23,28.29,16.0,471.0,0.268,97.0,20.59,28.0,5.94,0.7030000000000001,0.12,23.85,11.18,18.94,30.12,30.48,17.38,48.0,0.227,8.0,16.67,4.0,8.33,0.6779999999999999,0.159,21.69,9.73,17.3,27.03,28.43,16.33,,,,,,,,,,,,,,
745399,2024-06-26,2024,592696,L,800049,R,field_out,False,False,200.0,0.181,49.0,24.5,10.0,5.0,0.572,0.16999999999999998,28.75,15.03,15.56,30.59,36.88,20.94,449.0,0.258,104.0,23.16,29.0,6.46,0.762,0.199,29.98,17.01,12.43,29.45,43.87,20.59,55.0,0.333,3.0,5.45,13.0,23.64,1.0390000000000001,0.21500000000000002,12.64,5.47,15.42,20.9,22.64,6.67,,,,,,,,,,,,,,
745399,2024-06-26,2024,660688,L,800049,R,field_out,False,False,162.0,0.203,20.0,12.35,4.0,2.47,0.536,0.09799999999999998,12.18,6.3,17.75,24.05,36.92,16.13,403.0,0.249,48.0,11.91,25.0,6.2,0.712,0.1629999999999999,14.96,7.67,15.92,23.59,36.49,14.77,55.0,0.333,3.0,5.45,13.0,23.64,1.0390000000000001,0.21500000000000002,12.64,5.47,15.42,20.9,22.64,6.67,,,,,,,,,,,,,,
745399,2024-06-26,2024,673490,R,669022,L,field_out,False,False,100.0,0.198,15.0,15.0,13.0,13.0,0.64,0.139,14.37,5.53,21.88,27.4,16.06,13.04,191.0,0.302,30.0,15.71,20.0,10.47,0.897,0.219,15.84,6.63,22.21,28.83,23.47,11.49,287.0,0.261,80.0,27.87,20.0,6.97,0.7,0.11299999999999999,29.69,15.4,13.37,28.76,29.12,20.51,452.0,0.241,113.0,25.0,39.0,8.63,0.76,0.212,26.77,13.05,14.99,28.05,30.71,20.29
745399,2024-06-26,2024,543309,R,669022,L,field_out,False,False,46.0,0.163,16.0,34.78,3.0,6.52,0.589,0.209,31.11,14.36,20.51,34.87,31.0,21.13,69.0,0.242,21.0,30.43,2.0,2.9,0.776,0.273,28.06,14.13,16.67,30.8,33.33,22.83,287.0,0.261,80.0,27.87,20.0,6.97,0.7,0.11299999999999999,29.69,15.4,13.37,28.76,29.12,20.51,452.0,0.241,113.0,25.0,39.0,8.63,0.76,0.212,26.77,13.05,14.99,28.05,30.71,20.29
745399,2024-06-26,2024,669369,R,669022,L,field_out,False,False,4.0,0.0,1.0,25.0,0.0,0.0,0.0,0.0,50.0,27.27,18.18,45.45,50.0,100.0,28.0,0.231,8.0,28.57,2.0,7.14,0.5549999999999999,0.038,33.33,17.0,16.0,33.0,35.85,25.81,287.0,0.261,80.0,27.87,20.0,6.97,0.7,0.11299999999999999,29.69,15.4,13.37,28.76,29.12,20.51,452.0,0.241,113.0,25.0,39.0,8.63,0.76,0.212,26.77,13.05,14.99,28.05,30.71,20.29
745399,2024-06-26,2024,669222,R,800049,R,double,False,False,155.0,0.216,40.0,25.81,19.0,12.26,0.6759999999999999,0.142,27.72,12.67,18.15,30.82,22.79,24.54,205.0,0.164,51.0,24.88,18.0,8.78,0.497,0.093,25.27,12.43,15.64,28.07,26.72,23.15,48.0,0.227,8.0,16.67,4.0,8.33,0.6779999999999999,0.159,21.69,9.73,17.3,27.03,28.43,16.33,,,,,,,,,,,,,,
745399,2024-06-26,2024,671277,L,800049,R,field_out,False,False,210.0,0.277,32.0,15.24,8.0,3.81,0.736,0.15399999999999997,21.81,11.33,15.33,26.66,36.17,16.33,355.0,0.268,44.0,12.39,23.0,6.48,0.6950000000000001,0.1129999999999999,17.54,8.86,13.52,22.38,31.84,12.54,55.0,0.333,3.0,5.45,13.0,23.64,1.0390000000000001,0.21500000000000002,12.64,5.47,15.42,20.9,22.64,6.67,,,,,,,,,,,,,,
745399,2024-06-26,2024,696285,R,800049,R,single,False,False,162.0,0.243,32.0,19.75,9.0,5.56,0.6,0.04899999999999999,22.18,9.9,22.05,31.94,29.96,23.02,93.0,0.268,17.0,18.28,7.0,7.53,0.687,0.0859999999999999,21.38,9.8,20.46,30.26,30.36,15.74,48.0,0.227,8.0,16.67,4.0,8.33,0.6779999999999999,0.159,21.69,9.73,17.3,27.03,28.43,16.33,,,,,,,,,,,,,,
745399,2024-06-26,2024,682928,L,800049,R,single,False,False,227.0,0.267,41.0,18.06,17.0,7.49,0.825,0.22799999999999998,22.17,12.01,13.31,25.32,39.22,15.19,446.0,0.274,78.0,17.49,24.0,5.38,0.786,0.19,21.76,11.82,12.69,24.5,35.86,16.63,55.0,0.333,3.0,5.45,13.0,23.64,1.0390000000000001,0.21500000000000002,12.64,5.47,15.42,20.9,22.64,6.67,,,,,,,,,,,,,,
745399,2024-06-26,2024,657041,R,800049,R,triple,False,False,156.0,0.211,39.0,25.0,11.0,7.05,0.643,0.169,21.37,8.75,22.11,30.86,19.18,21.43,490.0,0.242,143.0,29.18,23.0,4.69,0.719,0.185,26.09,11.34,20.58,31.92,28.6,24.48,48.0,0.227,8.0,16.67,4.0,8.33,0.6779999999999999,0.159,21.69,9.73,17.3,27.03,28.43,16.33,,,,,,,,,,,,,,
745399,2024-06-26,2024,608385,L,800049,R,home_run,False,False,211.0,0.273,42.0,19.91,31.0,14.69,0.8500000000000001,0.18,20.69,8.72,16.55,25.28,17.51,14.48,184.0,0.2,46.0,25.0,24.0,13.04,0.5660000000000001,0.0449999999999999,25.91,11.04,17.01,28.05,20.4,17.9,55.0,0.333,3.0,5.45,13.0,23.64,1.0390000000000001,0.21500000000000002,12.64,5.47,15.42,20.9,22.64,6.67,,,,,,,,,,,,,,
745399,2024-06-26,2024,608841,R,800049,R,field_out,False,False,195.0,0.27,32.0,16.41,13.0,6.67,0.677,0.08599999999999997,20.79,10.42,13.8,24.23,28.29,16.0,471.0,0.268,97.0,20.59,28.0,5.94,0.7030000000000001,0.12,23.85,11.18,18.94,30.12,30.48,17.38,48.0,0.227,8.0,16.67,4.0,8.33,0.6779999999999999,0.159,21.69,9.73,17.3,27.03,28.43,16.33,,,,,,,,,,,,,,
745399,2024-06-26,2024,650333,L,669022,L,field_out,False,False,148.0,0.266,15.0,10.14,5.0,3.38,0.62,0.04299999999999998,12.35,5.85,20.19,26.04,33.33,11.03,138.0,0.326,17.0,12.32,4.0,2.9,0.76,0.0909999999999999,12.5,6.61,16.32,22.93,33.48,12.88,86.0,0.299,19.0,22.09,8.0,9.3,0.827,0.15600000000000003,26.16,12.75,13.88,26.63,25.0,18.63,132.0,0.319,38.0,28.79,18.0,13.64,0.8899999999999999,0.1589999999999999,31.49,14.97,13.32,28.29,24.59,19.0
745399,2024-06-26,2024,595777,R,669022,L,field_out,False,False,104.0,0.337,8.0,7.69,13.0,12.5,0.966,0.202,14.77,6.34,16.59,22.93,22.93,6.03,147.0,0.275,22.0,14.97,13.0,8.84,0.774,0.1519999999999999,15.44,6.84,17.44,24.27,22.81,13.33,287.0,0.261,80.0,27.87,20.0,6.97,0.7,0.11299999999999999,29.69,15.4,13.37,28.76,29.12,20.51,452.0,0.241,113.0,25.0,39.0,8.63,0.76,0.212,26.77,13.05,14.99,28.05,30.71,20.29
745399,2024-06-26,2024,592518,R,669022,L,strikeout,True,False,94.0,0.238,21.0,22.34,10.0,10.64,0.736,0.179,29.94,13.82,14.71,28.53,26.59,21.51,150.0,0.308,26.0,17.33,14.0,9.33,0.887,0.203,21.32,9.67,16.52,26.19,28.38,16.56,287.0,0.261,80.0,27.87,20.0,6.97,0.7,0.11299999999999999,29.69,15.4,13.37,28.76,29.12,20.51,452.0,0.241,113.0,25.0,39.0,8.63,0.76,0.212,26.77,13.05,14.99,28.05,30.71,20.29
745399,2024-06-26,2024,592696,L,800049,R,field_out,False,False,200.0,0.181,49.0,24.5,10.0,5.0,0.572,0.16999999999999998,28.75,15.03,15.56,30.59,36.88,20.94,449.0,0.258,104.0,23.16,29.0,6.46,0.762,0.199,29.98,17.01,12.43,29.45,43.87,20.59,55.0,0.333,3.0,5.45,13.0,23.64,1.0390000000000001,0.21500000000000002,12.64,5.47,15.42,20.9,22.64,6.67,,,,,,,,,,,,,,
745399,2024-06-26,2024,660688,L,800049,R,field_out,False,False,162.0,0.203,20.0,12.35,4.0,2.47,0.536,0.09799999999999998,12.18,6.3,17.75,24.05,36.92,16.13,403.0,0.249,48.0,11.91,25.0,6.2,0.712,0.1629999999999999,14.96,7.67,15.92,23.59,36.49,14.77,55.0,0.333,3.0,5.45,13.0,23.64,1.0390000000000001,0.21500000000000002,12.64,5.47,15.42,20.9,22.64,6.67,,,,,,,,,,,,,,
745399,2024-06-26,2024,669222,R,800049,R,field_out,False,False,155.0,0.216,40.0,25.81,19.0,12.26,0.6759999999999999,0.142,27.72,12.67,18.15,30.82,22.79,24.54,205.0,0.164,51.0,24.88,18.0,8.78,0.497,0.093,25.27,12.43,15.64,28.07,26.72,23.15,48.0,0.227,8.0,16.67,4.0,8.33,0.6779999999999999,0.159,21.69,9.73,17.3,27.03,28.43,16.33,,,,,,,,,,,,,,
745399,2024-06-26,2024,630105,L,669022,L,field_out,False,False,108.0,0.208,20.0,18.52,9.0,8.33,0.5680000000000001,0.07300000000000004,17.73,8.05,15.21,23.27,20.0,14.81,156.0,0.229,38.0,24.36,10.0,6.41,0.665,0.1349999999999999,18.48,9.0,20.1,29.1,30.82,17.84,86.0,0.299,19.0,22.09,8.0,9.3,0.827,0.15600000000000003,26.16,12.75,13.88,26.63,25.0,18.63,132.0,0.319,38.0,28.79,18.0,13.64,0.8899999999999999,0.1589999999999999,31.49,14.97,13.32,28.29,24.59,19.0
745399,2024-06-26,2024,456781,R,669022,L,single,False,False,68.0,0.311,12.0,17.65,7.0,10.29,0.841,0.14800000000000002,25.19,11.15,19.34,30.49,25.32,12.12,153.0,0.286,32.0,20.92,11.0,7.19,0.746,0.114,24.12,11.77,18.21,29.98,32.04,14.35,287.0,0.261,80.0,27.87,20.0,6.97,0.7,0.11299999999999999,29.69,15.4,13.37,28.76,29.12,20.51,452.0,0.241,113.0,25.0,39.0,8.63,0.76,0.212,26.77,13.05,14.99,28.05,30.71,20.29
745399,2024-06-26,2024,701538,L,669022,L,field_out,False,False,92.0,0.207,11.0,11.96,4.0,4.35,0.607,0.161,18.08,9.47,13.31,22.78,31.18,11.46,,,,,,,,,,,,,,,86.0,0.299,19.0,22.09,8.0,9.3,0.827,0.15600000000000003,26.16,12.75,13.88,26.63,25.0,18.63,132.0,0.319,38.0,28.79,18.0,13.64,0.8899999999999999,0.1589999999999999,31.49,14.97,13.32,28.29,24.59,19.0
745399,2024-06-26,2024,673490,R,669022,L,walk,False,True,100.0,0.198,15.0,15.0,13.0,13.0,0.64,0.139,14.37,5.53,21.88,27.4,16.06,13.04,191.0,0.302,30.0,15.71,20.0,10.47,0.897,0.219,15.84,6.63,22.21,28.83,23.47,11.49,287.0,0.261,80.0,27.87,20.0,6.97,0.7,0.11299999999999999,29.69,15.4,13.37,28.76,29.12,20.51,452.0,0.241,113.0,25.0,39.0,8.63,0.76,0.212,26.77,13.05,14.99,28.05,30.71,20.29
745399,2024-06-26,2024,543309,R,669022,L,force_out,False,False,46.0,0.163,16.0,34.78,3.0,6.52,0.589,0.209,31.11,14.36,20.51,34.87,31.0,21.13,69.0,0.242,21.0,30.43,2.0,2.9,0.776,0.273,28.06,14.13,16.67,30.8,33.33,22.83,287.0,0.261,80.0,27.87,20.0,6.97,0.7,0.11299999999999999,29.69,15.4,13.37,28.76,29.12,20.51,452.0,0.241,113.0,25.0,39.0,8.63,0.76,0.212,26.77,13.05,14.99,28.05,30.71,20.29
745399,2024-06-26,2024,671277,L,800049,R,field_out,False,False,210.0,0.277,32.0,15.24,8.0,3.81,0.736,0.15399999999999997,21.81,11.33,15.33,26.66,36.17,16.33,355.0,0.268,44.0,12.39,23.0,6.48,0.6950000000000001,0.1129999999999999,17.54,8.86,13.52,22.38,31.84,12.54,55.0,0.333,3.0,5.45,13.0,23.64,1.0390000000000001,0.21500000000000002,12.64,5.47,15.42,20.9,22.64,6.67,,,,,,,,,,,,,,
745399,2024-06-26,2024,696285,R,800049,R,field_out,False,False,162.0,0.243,32.0,19.75,9.0,5.56,0.6,0.04899999999999999,22.18,9.9,22.05,31.94,29.96,23.02,93.0,0.268,17.0,18.28,7.0,7.53,0.687,0.0859999999999999,21.38,9.8,20.46,30.26,30.36,15.74,48.0,0.227,8.0,16.67,4.0,8.33,0.6779999999999999,0.159,21.69,9.73,17.3,27.03,28.43,16.33,,,,,,,,,,,,,,
745399,2024-06-26,2024,682928,L,800049,R,walk,False,True,227.0,0.267,41.0,18.06,17.0,7.49,0.825,0.22799999999999998,22.17,12.01,13.31,25.32,39.22,15.19,446.0,0.274,78.0,17.49,24.0,5.38,0.786,0.19,21.76,11.82,12.69,24.5,35.86,16.63,55.0,0.333,3.0,5.45,13.0,23.64,1.0390000000000001,0.21500000000000002,12.64,5.47,15.42,20.9,22.64,6.67,,,,,,,,,,,,,,
745399,2024-06-26,2024,657041,R,800049,R,field_out,False,False,156.0,0.211,39.0,25.0,11.0,7.05,0.643,0.169,21.37,8.75,22.11,30.86,19.18,21.43,490.0,0.242,143.0,29.18,23.0,4.69,0.719,0.185,26.09,11.34,20.58,31.92,28.6,24.48,48.0,0.227,8.0,16.67,4.0,8.33,0.6779999999999999,0.159,21.69,9.73,17.3,27.03,28.43,16.33,,,,,,,,,,,,,,
745399,2024-06-26,2024,669369,R,669022,L,field_out,False,False,4.0,0.0,1.0,25.0,0.0,0.0,0.0,0.0,50.0,27.27,18.18,45.45,50.0,100.0,28.0,0.231,8.0,28.57,2.0,7.14,0.5549999999999999,0.038,33.33,17.0,16.0,33.0,35.85,25.81,287.0,0.261,80.0,27.87,20.0,6.97,0.7,0.11299999999999999,29.69,15.4,13.37,28.76,29.12,20.51,452.0,0.241,113.0,25.0,39.0,8.63,0.76,0.212,26.77,13.05,14.99,28.05,30.71,20.29
745399,2024-06-26,2024,650333,L,669022,L,triple,False,False,148.0,0.266,15.0,10.14,5.0,3.38,0.62,0.04299999999999998,12.35,5.85,20.19,26.04,33.33,11.03,138.0,0.326,17.0,12.32,4.0,2.9,0.76,0.0909999999999999,12.5,6.61,16.32,22.93,33.48,12.88,86.0,0.299,19.0,22.09,8.0,9.3,0.827,0.15600000000000003,26.16,12.75,13.88,26.63,25.0,18.63,132.0,0.319,38.0,28.79,18.0,13.64,0.8899999999999999,0.1589999999999999,31.49,14.97,13.32,28.29,24.59,19.0
745399,2024-06-26,2024,595777,R,669022,L,field_out,False,False,104.0,0.337,8.0,7.69,13.0,12.5,0.966,0.202,14.77,6.34,16.59,22.93,22.93,6.03,147.0,0.275,22.0,14.97,13.0,8.84,0.774,0.1519999999999999,15.44,6.84,17.44,24.27,22.81,13.33,287.0,0.261,80.0,27.87,20.0,6.97,0.7,0.11299999999999999,29.69,15.4,13.37,28.76,29.12,20.51,452.0,0.241,113.0,25.0,39.0,8.63,0.76,0.212,26.77,13.05,14.99,28.05,30.71,20.29
745399,2024-06-26,2024,592518,R,669022,L,walk,False,True,94.0,0.238,21.0,22.34,10.0,10.64,0.736,0.179,29.94,13.82,14.71,28.53,26.59,21.51,150.0,0.308,26.0,17.33,14.0,9.33,0.887,0.203,21.32,9.67,16.52,26.19,28.38,16.56,287.0,0.261,80.0,27.87,20.0,6.97,0.7,0.11299999999999999,29.69,15.4,13.37,28.76,29.12,20.51,452.0,0.241,113.0,25.0,39.0,8.63,0.76,0.212,26.77,13.05,14.99,28.05,30.71,20.29
745399,2024-06-26,2024,630105,L,669022,L,single,False,False,108.0,0.208,20.0,18.52,9.0,8.33,0.5680000000000001,0.07300000000000004,17.73,8.05,15.21,23.27,20.0,14.81,156.0,0.229,38.0,24.36,10.0,6.41,0.665,0.1349999999999999,18.48,9.0,20.1,29.1,30.82,17.84,86.0,0.299,19.0,22.09,8.0,9.3,0.827,0.15600000000000003,26.16,12.75,13.88,26.63,25.0,18.63,132.0,0.319,38.0,28.79,18.0,13.64,0.8899999999999999,0.1589999999999999,31.49,14.97,13.32,28.29,24.59,19.0
745399,2024-06-26,2024,456781,R,669022,L,single,False,False,68.0,0.311,12.0,17.65,7.0,10.29,0.841,0.14800000000000002,25.19,11.15,19.34,30.49,25.32,12.12,153.0,0.286,32.0,20.92,11.0,7.19,0.746,0.114,24.12,11.77,18.21,29.98,32.04,14.35,287.0,0.261,80.0,27.87,20.0,6.97,0.7,0.11299999999999999,29.69,15.4,13.37,28.76,29.12,20.51,452.0,0.241,113.0,25.0,39.0,8.63,0.76,0.212,26.77,13.05,14.99,28.05,30.71,20.29
745399,2024-06-26,2024,701538,L,669022,L,field_out,False,False,92.0,0.207,11.0,11.96,4.0,4.35,0.607,0.161,18.08,9.47,13.31,22.78,31.18,11.46,,,,,,,,,,,,,,,86.0,0.299,19.0,22.09,8.0,9.3,0.827,0.15600000000000003,26.16,12.75,13.88,26.63,25.0,18.63,132.0,0.319,38.0,28.79,18.0,13.64,0.8899999999999999,0.1589999999999999,31.49,14.97,13.32,28.29,24.59,19.0
745399,2024-06-26,2024,608385,L,593974,L,field_out,False,False,87.0,0.243,25.0,28.74,10.0,11.49,0.683,0.09500000000000003,21.88,8.46,22.05,30.51,20.92,24.75,13.0,0.182,5.0,38.46,2.0,15.38,0.581,0.091,15.38,6.15,20.0,26.15,7.14,19.23,38.0,0.294,7.0,18.42,2.0,5.26,0.78,0.118,20.0,9.38,14.06,23.44,26.23,25.0,97.0,0.138,24.0,24.74,10.0,10.31,0.483,0.0739999999999999,26.88,13.4,11.26,24.66,37.04,21.24
745399,2024-06-26,2024,608841,R,593974,L,field_out,False,False,86.0,0.182,20.0,23.26,6.0,6.98,0.491,0.065,25.16,12.82,16.35,29.17,39.62,21.74,188.0,0.291,33.0,17.55,10.0,5.32,0.771,0.143,23.12,11.37,16.16,27.53,33.86,14.29,87.0,0.218,11.0,12.64,7.0,8.05,0.6719999999999999,0.167,19.53,9.59,12.79,22.38,34.48,11.11,130.0,0.229,27.0,20.77,20.0,15.38,0.758,0.175,32.0,14.15,13.75,27.9,29.08,20.3
745399,2024-06-26,2024,623912,R,593974,L,field_out,False,False,60.0,0.3,11.0,18.33,0.0,0.0,0.667,0.067,29.75,17.22,16.75,33.97,52.25,17.74,125.0,0.387,21.0,16.8,4.0,3.2,0.966,0.168,24.43,14.04,13.82,27.85,43.48,15.67,87.0,0.218,11.0,12.64,7.0,8.05,0.6719999999999999,0.167,19.53,9.59,12.79,22.38,34.48,11.11,130.0,0.229,27.0,20.77,20.0,15.38,0.758,0.175,32.0,14.15,13.75,27.9,29.08,20.3
745399,2024-06-26,2024,673490,R,571670,R,single,False,False,214.0,0.243,34.0,15.89,31.0,14.49,0.78,0.182,16.87,6.03,24.45,30.48,17.67,11.3,435.0,0.241,94.0,21.61,55.0,12.64,0.681,0.1,18.8,7.03,23.65,30.68,19.23,15.59,98.0,0.222,17.0,17.35,7.0,7.14,0.532,0.034,18.44,7.39,25.0,32.39,21.6,19.32,138.0,0.258,33.0,23.91,6.0,4.35,0.596,0.0309999999999999,25.42,12.25,19.88,32.13,34.13,23.08
745399,2024-06-26,2024,543309,R,571670,R,single,False,False,46.0,0.2,17.0,36.96,1.0,2.17,0.728,0.311,23.33,11.17,24.47,35.64,34.12,24.64,192.0,0.233,53.0,27.6,12.0,6.25,0.654,0.142,28.81,14.15,17.01,31.16,30.17,24.88,98.0,0.222,17.0,17.35,7.0,7.14,0.532,0.034,18.44,7.39,25.0,32.39,21.6,19.32,138.0,0.258,33.0,23.91,6.0,4.35,0.596,0.0309999999999999,25.42,12.25,19.88,32.13,34.13,23.08
745399,2024-06-26,2024,669369,L,571670,R,single,False,False,3.0,0.333,1.0,33.33,0.0,0.0,0.666,0.0,40.0,28.57,14.29,42.86,0.0,33.33,20.0,0.059,7.0,35.0,2.0,10.0,0.385,0.176,25.81,10.53,25.0,35.53,18.18,35.0,50.0,0.213,11.0,22.0,3.0,6.0,0.515,0.04200000000000001,23.46,10.16,21.93,32.09,20.22,21.15,111.0,0.374,25.0,22.52,11.0,9.91,0.998,0.1919999999999999,22.28,9.55,18.05,27.6,25.9,17.99
745399,2024-06-26,2024,650333,L,571882,R,force_out,False,False,212.0,0.34,5.0,2.36,9.0,4.25,0.8049999999999999,0.09499999999999997,6.23,3.03,19.26,22.3,34.56,2.82,479.0,0.362,17.0,3.55,31.0,6.47,0.891,0.122,6.51,3.2,16.58,19.78,31.29,4.11,76.0,0.221,23.0,30.26,8.0,10.53,0.627,0.10300000000000001,31.13,14.6,15.22,29.81,34.41,22.55,113.0,0.245,21.0,18.58,14.0,12.39,0.712,0.122,22.33,9.87,16.31,26.18,24.79,14.19
745399,2024-06-26,2024,595777,L,571882,R,home_run,False,False,220.0,0.31,39.0,17.73,26.0,11.82,0.873,0.16099999999999998,18.74,8.71,14.25,22.96,22.54,13.06,375.0,0.229,68.0,18.13,37.0,9.87,0.6559999999999999,0.1159999999999999,21.66,10.43,14.17,24.61,26.12,14.59,76.0,0.221,23.0,30.26,8.0,10.53,0.627,0.10300000000000001,31.13,14.6,15.22,29.81,34.41,22.55,113.0,0.245,21.0,18.58,14.0,12.39,0.712,0.122,22.33,9.87,16.31,26.18,24.79,14.19
745399,2024-06-26,2024,592518,R,571882,R,strikeout,True,False,209.0,0.274,45.0,21.53,10.0,4.78,0.679,0.09699999999999998,24.38,12.31,14.7,27.01,28.0,19.48,452.0,0.241,83.0,18.36,36.0,7.96,0.747,0.205,24.68,12.42,14.05,26.47,29.58,16.9,124.0,0.277,20.0,16.13,5.0,4.03,0.712,0.13399999999999995,24.32,12.8,13.98,26.78,36.23,17.86,128.0,0.234,24.0,18.75,12.0,9.38,0.6799999999999999,0.1259999999999999,31.08,15.73,12.1,27.82,32.58,15.38
745399,2024-06-26,2024,630105,L,607179,R,field_out,False,False,224.0,0.285,36.0,16.07,16.0,7.14,0.867,0.24000000000000005,17.7,8.21,17.2,25.42,23.49,13.28,367.0,0.23,59.0,16.08,36.0,9.81,0.7,0.154,14.92,6.99,16.69,23.68,24.61,14.08,56.0,0.388,7.0,12.5,6.0,10.71,1.035,0.18299999999999994,20.45,9.89,13.19,23.08,20.22,23.33,95.0,0.227,19.0,20.0,18.0,18.95,0.783,0.173,22.6,8.89,15.9,24.8,19.27,24.68
745399,2024-06-26,2024,660688,L,663568,R,field_out,False,False,162.0,0.203,20.0,12.35,4.0,2.47,0.536,0.09799999999999998,12.18,6.3,17.75,24.05,36.92,16.13,403.0,0.249,48.0,11.91,25.0,6.2,0.712,0.1629999999999999,14.96,7.67,15.92,23.59,36.49,14.77,61.0,0.263,12.0,19.67,4.0,6.56,0.5920000000000001,0.018000000000000016,18.26,9.17,18.78,27.95,29.7,16.0,,,,,,,,,,,,,,
745399,2024-06-26,2024,669222,R,663568,R,field_out,False,False,155.0,0.216,40.0,25.81,19.0,12.26,0.6759999999999999,0.142,27.72,12.67,18.15,30.82,22.79,24.54,205.0,0.164,51.0,24.88,18.0,8.78,0.497,0.093,25.27,12.43,15.64,28.07,26.72,23.15,99.0,0.337,18.0,18.18,5.0,5.05,0.878,0.16299999999999998,22.22,11.02,16.54,27.56,26.32,15.79,,,,,,,,,,,,,,
745399,2024-06-26,2024,671277,L,663568,R,single,False,False,210.0,0.277,32.0,15.24,8.0,3.81,0.736,0.15399999999999997,21.81,11.33,15.33,26.66,36.17,16.33,355.0,0.268,44.0,12.39,23.0,6.48,0.6950000000000001,0.1129999999999999,17.54,8.86,13.52,22.38,31.84,12.54,61.0,0.263,12.0,19.67,4.0,6.56,0.5920000000000001,0.018000000000000016,18.26,9.17,18.78,27.95,29.7,16.0,,,,,,,,,,,,,,
745399,2024-06-26,2024,696285,R,663568,R,force_out,False,False,162.0,0.243,32.0,19.75,9.0,5.56,0.6,0.04899999999999999,22.18,9.9,22.05,31.94,29.96,23.02,93.0,0.268,17.0,18.28,7.0,7.53,0.687,0.0859999999999999,21.38,9.8,20.46,30.26,30.36,15.74,99.0,0.337,18.0,18.18,5.0,5.05,0.878,0.16299999999999998,22.22,11.02,16.54,27.56,26.32,15.79,,,,,,,,,,,,,,
745399,2024-06-26,2024,456781,R,607179,R,field_out,False,False,62.0,0.255,14.0,22.58,3.0,4.84,0.6679999999999999,0.08999999999999997,20.0,9.6,21.2,30.8,30.63,15.91,297.0,0.28,68.0,22.9,29.0,9.76,0.766,0.1059999999999999,26.06,12.14,17.61,29.74,28.81,17.48,72.0,0.177,15.0,20.83,9.0,12.5,0.55,0.08100000000000002,22.7,11.0,15.12,26.12,26.76,16.13,137.0,0.174,41.0,29.93,10.0,7.3,0.631,0.214,29.39,13.51,15.61,29.12,25.94,23.03
745399,2024-06-26,2024,701538,L,607179,R,strikeout,True,False,189.0,0.324,33.0,17.46,10.0,5.29,0.836,0.14799999999999996,18.35,10.04,12.87,22.91,35.88,13.97,,,,,,,,,,,,,,,56.0,0.388,7.0,12.5,6.0,10.71,1.035,0.18299999999999994,20.45,9.89,13.19,23.08,20.22,23.33,95.0,0.227,19.0,20.0,18.0,18.95,0.783,0.173,22.6,8.89,15.9,24.8,19.27,24.68
745399,2024-06-26,2024,673490,R,607179,R,field_out,False,False,214.0,0.243,34.0,15.89,31.0,14.49,0.78,0.182,16.87,6.03,24.45,30.48,17.67,11.3,435.0,0.241,94.0,21.61,55.0,12.64,0.681,0.1,18.8,7.03,23.65,30.68,19.23,15.59,72.0,0.177,15.0,20.83,9.0,12.5,0.55,0.08100000000000002,22.7,11.0,15.12,26.12,26.76,16.13,137.0,0.174,41.0,29.93,10.0,7.3,0.631,0.214,29.39,13.51,15.61,29.12,25.94,23.03
745399,2024-06-26,2024,682928,L,663568,R,walk,False,True,227.0,0.267,41.0,18.06,17.0,7.49,0.825,0.22799999999999998,22.17,12.01,13.31,25.32,39.22,15.19,446.0,0.274,78.0,17.49,24.0,5.38,0.786,0.19,21.76,11.82,12.69,24.5,35.86,16.63,61.0,0.263,12.0,19.67,4.0,6.56,0.5920000000000001,0.018000000000000016,18.26,9.17,18.78,27.95,29.7,16.0,,,,,,,,,,,,,,
745399,2024-06-26,2024,657041,R,663568,R,fielders_choice,False,False,156.0,0.211,39.0,25.0,11.0,7.05,0.643,0.169,21.37,8.75,22.11,30.86,19.18,21.43,490.0,0.242,143.0,29.18,23.0,4.69,0.719,0.185,26.09,11.34,20.58,31.92,28.6,24.48,99.0,0.337,18.0,18.18,5.0,5.05,0.878,0.16299999999999998,22.22,11.02,16.54,27.56,26.32,15.79,,,,,,,,,,,,,,
745399,2024-06-26,2024,608385,L,669093,R,field_out,False,False,211.0,0.273,42.0,19.91,31.0,14.69,0.8500000000000001,0.18,20.69,8.72,16.55,25.28,17.51,14.48,184.0,0.2,46.0,25.0,24.0,13.04,0.5660000000000001,0.0449999999999999,25.91,11.04,17.01,28.05,20.4,17.9,44.0,0.205,17.0,38.64,4.0,9.09,0.6060000000000001,0.12800000000000003,36.47,18.02,13.95,31.98,31.46,32.69,22.0,0.235,4.0,18.18,5.0,22.73,0.762,0.118,19.51,9.09,13.64,22.73,23.08,12.9
745399,2024-06-26,2024,608841,R,669093,R,sac_fly,False,False,195.0,0.27,32.0,16.41,13.0,6.67,0.677,0.08599999999999997,20.79,10.42,13.8,24.23,28.29,16.0,471.0,0.268,97.0,20.59,28.0,5.94,0.7030000000000001,0.12,23.85,11.18,18.94,30.12,30.48,17.38,64.0,0.207,30.0,46.88,4.0,6.25,0.612,0.155,43.94,22.14,12.98,35.11,33.58,38.96,34.0,0.308,9.0,26.47,7.0,20.59,1.21,0.461,27.4,12.99,12.34,25.32,24.05,17.65
745399,2024-06-26,2024,623912,R,669093,R,double,False,False,113.0,0.25,22.0,19.47,3.0,2.65,0.552,0.028000000000000025,32.49,18.92,13.27,32.19,44.39,19.47,310.0,0.281,58.0,18.71,18.0,5.81,0.749,0.1389999999999999,29.58,16.59,12.26,28.85,43.77,18.01,64.0,0.207,30.0,46.88,4.0,6.25,0.612,0.155,43.94,22.14,12.98,35.11,33.58,38.96,34.0,0.308,9.0,26.47,7.0,20.59,1.21,0.461,27.4,12.99,12.34,25.32,24.05,17.65
745399,2024-06-26,2024,660688,L,669093,R,field_out,False,False,162.0,0.203,20.0,12.35,4.0,2.47,0.536,0.09799999999999998,12.18,6.3,17.75,24.05,36.92,16.13,403.0,0.249,48.0,11.91,25.0,6.2,0.712,0.1629999999999999,14.96,7.67,15.92,23.59,36.49,14.77,44.0,0.205,17.0,38.64,4.0,9.09,0.6060000000000001,0.12800000000000003,36.47,18.02,13.95,31.98,31.46,32.69,22.0,0.235,4.0,18.18,5.0,22.73,0.762,0.118,19.51,9.09,13.64,22.73,23.08,12.9
745399,2024-06-26,2024,543309,R,663432,R,field_out,False,False,46.0,0.2,17.0,36.96,1.0,2.17,0.728,0.311,23.33,11.17,24.47,35.64,34.12,24.64,192.0,0.233,53.0,27.6,12.0,6.25,0.654,0.142,28.81,14.15,17.01,31.16,30.17,24.88,59.0,0.264,9.0,15.25,4.0,6.78,0.8109999999999999,0.20799999999999996,28.7,13.6,12.28,25.88,33.59,13.24,3.0,0.0,1.0,33.33,1.0,33.33,0.333,0.0,40.0,14.29,21.43,35.71,25.0,25.0
745399,2024-06-26,2024,669369,L,663432,R,strikeout,True,False,3.0,0.333,1.0,33.33,0.0,0.0,0.666,0.0,40.0,28.57,14.29,42.86,0.0,33.33,20.0,0.059,7.0,35.0,2.0,10.0,0.385,0.176,25.81,10.53,25.0,35.53,18.18,35.0,43.0,0.312,5.0,11.63,9.0,20.93,1.0190000000000001,0.21900000000000003,26.44,12.37,10.22,22.58,19.57,9.09,2.0,0.5,0.0,0.0,0.0,0.0,1.0,0.0,0.0,0.0,0.0,0.0,66.67,
745399,2024-06-26,2024,650333,L,663432,R,field_out,False,False,212.0,0.34,5.0,2.36,9.0,4.25,0.8049999999999999,0.09499999999999997,6.23,3.03,19.26,22.3,34.56,2.82,479.0,0.362,17.0,3.55,31.0,6.47,0.891,0.122,6.51,3.2,16.58,19.78,31.29,4.11,43.0,0.312,5.0,11.63,9.0,20.93,1.0190000000000001,0.21900000000000003,26.44,12.37,10.22,22.58,19.57,9.09,2.0,0.5,0.0,0.0,0.0,0.0,1.0,0.0,0.0,0.0,0.0,0.0,66.67,
745399,2024-06-26,2024,545121,L,663158,R,strikeout,True,False,96.0,0.241,7.0,7.29,9.0,9.38,0.612,0.063,11.97,5.01,21.24,26.25,24.56,9.21,179.0,0.226,11.0,6.15,15.0,8.38,0.58,0.0629999999999999,13.38,5.9,20.34,26.24,25.61,7.28,52.0,0.149,15.0,28.85,5.0,9.62,0.508,0.12800000000000003,21.71,12.02,9.87,21.89,32.14,18.99,46.0,0.146,9.0,19.57,4.0,8.7,0.534,0.171,28.57,13.79,14.78,28.57,26.88,12.68
745399,2024-06-26,2024,671277,L,663158,R,field_out,False,False,210.0,0.277,32.0,15.24,8.0,3.81,0.736,0.15399999999999997,21.81,11.33,15.33,26.66,36.17,16.33,355.0,0.268,44.0,12.39,23.0,6.48,0.6950000000000001,0.1129999999999999,17.54,8.86,13.52,22.38,31.84,12.54,52.0,0.149,15.0,28.85,5.0,9.62,0.508,0.12800000000000003,21.71,12.02,9.87,21.89,32.14,18.99,46.0,0.146,9.0,19.57,4.0,8.7,0.534,0.171,28.57,13.79,14.78,28.57,26.88,12.68
745399,2024-06-26,2024,696285,R,663158,R,field_error,False,False,162.0,0.243,32.0,19.75,9.0,5.56,0.6,0.04899999999999999,22.18,9.9,22.05,31.94,29.96,23.02,93.0,0.268,17.0,18.28,7.0,7.53,0.687,0.0859999999999999,21.38,9.8,20.46,30.26,30.36,15.74,66.0,0.185,13.0,19.7,1.0,1.52,0.443,0.061,20.8,12.26,12.74,25.0,34.83,23.64,62.0,0.161,15.0,24.19,6.0,9.68,0.528,0.1249999999999999,24.39,11.86,15.81,27.67,25.62,18.75
745399,2024-06-26,2024,682928,L,663158,R,single,False,False,227.0,0.267,41.0,18.06,17.0,7.49,0.825,0.22799999999999998,22.17,12.01,13.31,25.32,39.22,15.19,446.0,0.274,78.0,17.49,24.0,5.38,0.786,0.19,21.76,11.82,12.69,24.5,35.86,16.63,52.0,0.149,15.0,28.85,5.0,9.62,0.508,0.12800000000000003,21.71,12.02,9.87,21.89,32.14,18.99,46.0,0.146,9.0,19.57,4.0,8.7,0.534,0.171,28.57,13.79,14.78,28.57,26.88,12.68
745399,2024-06-26,2024,657041,R,663158,R,field_out,False,False,156.0,0.211,39.0,25.0,11.0,7.05,0.643,0.169,21.37,8.75,22.11,30.86,19.18,21.43,490.0,0.242,143.0,29.18,23.0,4.69,0.719,0.185,26.09,11.34,20.58,31.92,28.6,24.48,66.0,0.185,13.0,19.7,1.0,1.52,0.443,0.061,20.8,12.26,12.74,25.0,34.83,23.64,62.0,0.161,15.0,24.19,6.0,9.68,0.528,0.1249999999999999,24.39,11.86,15.81,27.67,25.62,18.75
745808,2024-06-26,2024,683011,R,640455,L,field_out,False,False,98.0,0.281,19.0,19.39,8.0,8.16,0.744,0.123,18.42,8.75,18.5,27.25,26.63,16.38,134.0,0.248,35.0,26.12,16.0,11.94,0.817,0.2309999999999999,28.81,13.49,15.8,29.29,27.07,23.49,244.0,0.218,58.0,23.77,23.0,9.43,0.623,0.10600000000000001,25.84,12.86,13.44,26.3,27.2,18.89,328.0,0.253,79.0,24.09,28.0,8.54,0.773,0.193,24.72,12.91,14.09,27.0,27.61,17.17
745808,2024-06-26,2024,665742,L,640455,L,walk,False,True,100.0,0.316,14.0,14.0,18.0,18.0,0.984,0.22800000000000004,15.57,6.09,19.91,26.0,19.62,10.85,207.0,0.256,48.0,23.19,33.0,15.94,0.813,0.18,25.32,9.65,20.51,30.16,20.61,20.17,59.0,0.302,15.0,25.42,6.0,10.17,0.901,0.22600000000000003,25.4,11.81,15.87,27.68,26.83,15.62,172.0,0.2,49.0,28.49,14.0,8.14,0.5700000000000001,0.0969999999999999,22.78,10.21,19.15,29.36,25.81,20.08
745808,2024-06-26,2024,592450,R,640455,L,walk,False,True,81.0,0.271,22.0,27.16,21.0,25.93,1.113,0.373,36.51,13.22,14.94,28.16,17.2,23.16,74.0,0.274,21.0,28.38,11.0,14.86,1.0550000000000002,0.403,34.59,13.9,15.71,29.61,19.89,21.65,244.0,0.218,58.0,23.77,23.0,9.43,0.623,0.10600000000000001,25.84,12.86,13.44,26.3,27.2,18.89,328.0,0.253,79.0,24.09,28.0,8.54,0.773,0.193,24.72,12.91,14.09,27.0,27.61,17.17
745808,2024-06-26,2024,605204,R,640455,L,walk,False,True,39.0,0.25,10.0,25.64,3.0,7.69,0.752,0.194,33.77,16.35,15.72,32.08,23.68,17.24,159.0,0.246,42.0,26.42,12.0,7.55,0.729,0.177,31.08,17.12,8.31,25.42,26.55,23.6,244.0,0.218,58.0,23.77,23.0,9.43,0.623,0.10600000000000001,25.84,12.86,13.44,26.3,27.2,18.89,328.0,0.253,79.0,24.09,28.0,8.54,0.773,0.193,24.72,12.91,14.09,27.0,27.61,17.17
745808,2024-06-26,2024,657077,L,640455,L,grounded_into_double_play,False,False,91.0,0.195,15.0,16.48,11.0,12.09,0.596,0.10399999999999998,17.22,6.82,21.26,28.08,20.33,13.64,161.0,0.22,27.0,16.77,15.0,9.32,0.61,0.0779999999999999,17.21,6.6,24.69,31.29,20.83,15.61,59.0,0.302,15.0,25.42,6.0,10.17,0.901,0.22600000000000003,25.4,11.81,15.87,27.68,26.83,15.62,172.0,0.2,49.0,28.49,14.0,8.14,0.5700000000000001,0.0969999999999999,22.78,10.21,19.15,29.36,25.81,20.08
745808,2024-06-26,2024,596019,L,661563,R,double,False,False,264.0,0.229,53.0,20.08,19.0,7.2,0.704,0.17799999999999996,23.16,11.13,15.76,26.9,25.42,18.09,483.0,0.242,102.0,21.12,51.0,10.56,0.757,0.182,23.68,11.49,14.35,25.84,28.12,17.29,151.0,0.171,39.0,25.83,21.0,13.91,0.5640000000000001,0.10800000000000001,28.37,13.2,14.81,28.02,26.73,21.08,,,,,,,,,,,,,,
745808,2024-06-26,2024,607043,L,661563,R,field_out,False,False,239.0,0.24,60.0,25.1,36.0,15.06,0.8,0.189,23.76,9.91,16.7,26.6,21.23,17.54,448.0,0.266,98.0,21.88,60.0,13.39,0.874,0.235,20.87,8.67,19.47,28.14,19.23,16.42,151.0,0.171,39.0,25.83,21.0,13.91,0.5640000000000001,0.10800000000000001,28.37,13.2,14.81,28.02,26.73,21.08,,,,,,,,,,,,,,
745808,2024-06-26,2024,502110,R,661563,R,hit_by_pitch,False,False,151.0,0.266,43.0,28.48,9.0,5.96,0.779,0.202,28.9,14.64,15.46,30.1,31.31,20.67,343.0,0.27,106.0,30.9,21.0,6.12,0.8799999999999999,0.2979999999999999,35.71,19.2,12.73,31.93,33.23,24.42,180.0,0.159,58.0,32.22,20.0,11.11,0.543,0.12100000000000002,31.27,13.97,16.34,30.3,25.94,25.89,,,,,,,,,,,,,,
745808,2024-06-26,2024,624413,R,661563,R,field_out,False,False,251.0,0.249,49.0,19.52,25.0,9.96,0.78,0.203,22.67,9.95,19.69,29.63,27.81,18.05,475.0,0.214,109.0,22.95,44.0,9.26,0.8069999999999999,0.281,26.53,11.43,18.24,29.67,27.59,22.11,180.0,0.159,58.0,32.22,20.0,11.11,0.543,0.12100000000000002,31.27,13.97,16.34,30.3,25.94,25.89,,,,,,,,,,,,,,
745808,2024-06-26,2024,682626,R,661563,R,walk,False,True,73.0,0.299,16.0,21.92,6.0,8.22,0.804,0.14900000000000002,33.33,16.67,16.67,33.33,30.83,16.84,275.0,0.229,73.0,26.55,17.0,6.18,0.7769999999999999,0.257,32.18,14.61,18.33,32.94,27.78,26.07,180.0,0.159,58.0,32.22,20.0,11.11,0.543,0.12100000000000002,31.27,13.97,16.34,30.3,25.94,25.89,,,,,,,,,,,,,,
745808,2024-06-26,2024,621438,R,661563,R,field_out,False,False,100.0,0.253,22.0,22.0,5.0,5.0,0.6990000000000001,0.14300000000000002,20.65,9.95,19.37,29.32,29.67,18.97,162.0,0.23,37.0,22.84,6.0,3.7,0.706,0.204,25.24,12.91,16.56,29.47,36.98,19.47,180.0,0.159,58.0,32.22,20.0,11.11,0.543,0.12100000000000002,31.27,13.97,16.34,30.3,25.94,25.89,,,,,,,,,,,,,,
745808,2024-06-26,2024,518934,R,640455,L,single,False,False,27.0,0.136,3.0,11.11,4.0,14.81,0.395,0.0,16.67,6.86,21.57,28.43,25.0,12.5,113.0,0.255,25.0,22.12,15.0,13.27,0.761,0.149,20.93,7.45,24.22,31.68,20.95,18.66,244.0,0.218,58.0,23.77,23.0,9.43,0.623,0.10600000000000001,25.84,12.86,13.44,26.3,27.2,18.89,328.0,0.253,79.0,24.09,28.0,8.54,0.773,0.193,24.72,12.91,14.09,27.0,27.61,17.17
745808,2024-06-26,2024,624431,R,640455,L,grounded_into_double_play,False,False,68.0,0.22,9.0,13.24,6.0,8.82,0.723,0.204,18.58,7.29,21.53,28.82,23.42,10.23,44.0,0.268,2.0,4.55,3.0,6.82,0.781,0.195,11.11,5.49,18.9,24.39,37.21,4.08,244.0,0.218,58.0,23.77,23.0,9.43,0.623,0.10600000000000001,25.84,12.86,13.44,26.3,27.2,18.89,328.0,0.253,79.0,24.09,28.0,8.54,0.773,0.193,24.72,12.91,14.09,27.0,27.61,17.17
745808,2024-06-26,2024,700250,L,640455,L,strikeout,True,False,10.0,0.111,3.0,30.0,1.0,10.0,0.311,0.0,24.0,14.29,7.14,21.43,6.25,18.75,,,,,,,,,,,,,,,59.0,0.302,15.0,25.42,6.0,10.17,0.901,0.22600000000000003,25.4,11.81,15.87,27.68,26.83,15.62,172.0,0.2,49.0,28.49,14.0,8.14,0.5700000000000001,0.0969999999999999,22.78,10.21,19.15,29.36,25.81,20.08
745808,2024-06-26,2024,668901,R,661563,R,strikeout,True,False,75.0,0.275,18.0,24.0,5.0,6.67,0.871,0.276,36.62,18.77,15.52,34.3,32.35,22.5,145.0,0.209,41.0,28.28,8.0,5.52,0.643,0.172,34.08,18.24,17.03,35.27,36.73,29.93,180.0,0.159,58.0,32.22,20.0,11.11,0.543,0.12100000000000002,31.27,13.97,16.34,30.3,25.94,25.89,,,,,,,,,,,,,,
745808,2024-06-26,2024,643446,L,661563,R,field_out,False,False,191.0,0.203,21.0,10.99,16.0,8.38,0.5700000000000001,0.08799999999999997,13.53,6.95,14.2,21.15,28.06,12.35,447.0,0.26,48.0,10.74,25.0,5.59,0.6930000000000001,0.1149999999999999,14.08,7.59,11.21,18.8,32.05,12.57,151.0,0.171,39.0,25.83,21.0,13.91,0.5640000000000001,0.10800000000000001,28.37,13.2,14.81,28.02,26.73,21.08,,,,,,,,,,,,,,
745808,2024-06-26,2024,664056,R,661563,R,field_out,False,False,152.0,0.305,33.0,21.71,7.0,4.61,0.782,0.128,25.95,12.32,20.47,32.79,35.97,21.85,248.0,0.207,45.0,18.15,9.0,3.63,0.504,0.056,25.06,12.41,16.74,29.16,37.02,20.45,180.0,0.159,58.0,32.22,20.0,11.11,0.543,0.12100000000000002,31.27,13.97,16.34,30.3,25.94,25.89,,,,,,,,,,,,,,
745808,2024-06-26,2024,665828,R,640455,L,field_out,False,False,52.0,0.224,11.0,21.15,3.0,5.77,0.534,0.04100000000000001,16.33,8.08,18.18,26.26,29.67,16.92,70.0,0.2,21.0,30.0,3.0,4.29,0.597,0.1539999999999999,28.35,15.65,15.65,31.3,36.19,34.43,244.0,0.218,58.0,23.77,23.0,9.43,0.623,0.10600000000000001,25.84,12.86,13.44,26.3,27.2,18.89,328.0,0.253,79.0,24.09,28.0,8.54,0.773,0.193,24.72,12.91,14.09,27.0,27.61,17.17
745808,2024-06-26,2024,683011,R,640455,L,field_out,False,False,98.0,0.281,19.0,19.39,8.0,8.16,0.744,0.123,18.42,8.75,18.5,27.25,26.63,16.38,134.0,0.248,35.0,26.12,16.0,11.94,0.817,0.2309999999999999,28.81,13.49,15.8,29.29,27.07,23.49,244.0,0.218,58.0,23.77,23.0,9.43,0.623,0.10600000000000001,25.84,12.86,13.44,26.3,27.2,18.89,328.0,0.253,79.0,24.09,28.0,8.54,0.773,0.193,24.72,12.91,14.09,27.0,27.61,17.17
745808,2024-06-26,2024,665742,L,640455,L,strikeout,True,False,100.0,0.316,14.0,14.0,18.0,18.0,0.984,0.22800000000000004,15.57,6.09,19.91,26.0,19.62,10.85,207.0,0.256,48.0,23.19,33.0,15.94,0.813,0.18,25.32,9.65,20.51,30.16,20.61,20.17,59.0,0.302,15.0,25.42,6.0,10.17,0.901,0.22600000000000003,25.4,11.81,15.87,27.68,26.83,15.62,172.0,0.2,49.0,28.49,14.0,8.14,0.5700000000000001,0.0969999999999999,22.78,10.21,19.15,29.36,25.81,20.08
745808,2024-06-26,2024,596019,L,661563,R,double,False,False,264.0,0.229,53.0,20.08,19.0,7.2,0.704,0.17799999999999996,23.16,11.13,15.76,26.9,25.42,18.09,483.0,0.242,102.0,21.12,51.0,10.56,0.757,0.182,23.68,11.49,14.35,25.84,28.12,17.29,151.0,0.171,39.0,25.83,21.0,13.91,0.5640000000000001,0.10800000000000001,28.37,13.2,14.81,28.02,26.73,21.08,,,,,,,,,,,,,,
745808,2024-06-26,2024,607043,L,661563,R,walk,False,True,239.0,0.24,60.0,25.1,36.0,15.06,0.8,0.189,23.76,9.91,16.7,26.6,21.23,17.54,448.0,0.266,98.0,21.88,60.0,13.39,0.874,0.235,20.87,8.67,19.47,28.14,19.23,16.42,151.0,0.171,39.0,25.83,21.0,13.91,0.5640000000000001,0.10800000000000001,28.37,13.2,14.81,28.02,26.73,21.08,,,,,,,,,,,,,,
745808,2024-06-26,2024,502110,R,661563,R,single,False,False,151.0,0.266,43.0,28.48,9.0,5.96,0.779,0.202,28.9,14.64,15.46,30.1,31.31,20.67,343.0,0.27,106.0,30.9,21.0,6.12,0.8799999999999999,0.2979999999999999,35.71,19.2,12.73,31.93,33.23,24.42,180.0,0.159,58.0,32.22,20.0,11.11,0.543,0.12100000000000002,31.27,13.97,16.34,30.3,25.94,25.89,,,,,,,,,,,,,,
745808,2024-06-26,2024,624413,R,661563,R,grounded_into_double_play,False,False,251.0,0.249,49.0,19.52,25.0,9.96,0.78,0.203,22.67,9.95,19.69,29.63,27.81,18.05,475.0,0.214,109.0,22.95,44.0,9.26,0.8069999999999999,0.281,26.53,11.43,18.24,29.67,27.59,22.11,180.0,0.159,58.0,32.22,20.0,11.11,0.543,0.12100000000000002,31.27,13.97,16.34,30.3,25.94,25.89,,,,,,,,,,,,,,
745808,2024-06-26,2024,682626,R,661563,R,home_run,False,False,73.0,0.299,16.0,21.92,6.0,8.22,0.804,0.14900000000000002,33.33,16.67,16.67,33.33,30.83,16.84,275.0,0.229,73.0,26.55,17.0,6.18,0.7769999999999999,0.257,32.18,14.61,18.33,32.94,27.78,26.07,180.0,0.159,58.0,32.22,20.0,11.11,0.543,0.12100000000000002,31.27,13.97,16.34,30.3,25.94,25.89,,,,,,,,,,,,,,
745808,2024-06-26,2024,621438,R,661563,R,hit_by_pitch,False,False,100.0,0.253,22.0,22.0,5.0,5.0,0.6990000000000001,0.14300000000000002,20.65,9.95,19.37,29.32,29.67,18.97,162.0,0.23,37.0,22.84,6.0,3.7,0.706,0.204,25.24,12.91,16.56,29.47,36.98,19.47,180.0,0.159,58.0,32.22,20.0,11.11,0.543,0.12100000000000002,31.27,13.97,16.34,30.3,25.94,25.89,,,,,,,,,,,,,,
745808,2024-06-26,2024,668901,R,661563,R,strikeout,True,False,75.0,0.275,18.0,24.0,5.0,6.67,0.871,0.276,36.62,18.77,15.52,34.3,32.35,22.5,145.0,0.209,41.0,28.28,8.0,5.52,0.643,0.172,34.08,18.24,17.03,35.27,36.73,29.93,180.0,0.159,58.0,32.22,20.0,11.11,0.543,0.12100000000000002,31.27,13.97,16.34,30.3,25.94,25.89,,,,,,,,,,,,,,
745808,2024-06-26,2024,592450,R,640455,L,single,False,False,81.0,0.271,22.0,27.16,21.0,25.93,1.113,0.373,36.51,13.22,14.94,28.16,17.2,23.16,74.0,0.274,21.0,28.38,11.0,14.86,1.0550000000000002,0.403,34.59,13.9,15.71,29.61,19.89,21.65,244.0,0.218,58.0,23.77,23.0,9.43,0.623,0.10600000000000001,25.84,12.86,13.44,26.3,27.2,18.89,328.0,0.253,79.0,24.09,28.0,8.54,0.773,0.193,24.72,12.91,14.09,27.0,27.61,17.17
745808,2024-06-26,2024,605204,R,640455,L,walk,False,True,39.0,0.25,10.0,25.64,3.0,7.69,0.752,0.194,33.77,16.35,15.72,32.08,23.68,17.24,159.0,0.246,42.0,26.42,12.0,7.55,0.729,0.177,31.08,17.12,8.31,25.42,26.55,23.6,244.0,0.218,58.0,23.77,23.0,9.43,0.623,0.10600000000000001,25.84,12.86,13.44,26.3,27.2,18.89,328.0,0.253,79.0,24.09,28.0,8.54,0.773,0.193,24.72,12.91,14.09,27.0,27.61,17.17
745808,2024-06-26,2024,657077,L,640455,L,grounded_into_double_play,False,False,91.0,0.195,15.0,16.48,11.0,12.09,0.596,0.10399999999999998,17.22,6.82,21.26,28.08,20.33,13.64,161.0,0.22,27.0,16.77,15.0,9.32,0.61,0.0779999999999999,17.21,6.6,24.69,31.29,20.83,15.61,59.0,0.302,15.0,25.42,6.0,10.17,0.901,0.22600000000000003,25.4,11.81,15.87,27.68,26.83,15.62,172.0,0.2,49.0,28.49,14.0,8.14,0.5700000000000001,0.0969999999999999,22.78,10.21,19.15,29.36,25.81,20.08
745808,2024-06-26,2024,518934,R,640455,L,field_out,False,False,27.0,0.136,3.0,11.11,4.0,14.81,0.395,0.0,16.67,6.86,21.57,28.43,25.0,12.5,113.0,0.255,25.0,22.12,15.0,13.27,0.761,0.149,20.93,7.45,24.22,31.68,20.95,18.66,244.0,0.218,58.0,23.77,23.0,9.43,0.623,0.10600000000000001,25.84,12.86,13.44,26.3,27.2,18.89,328.0,0.253,79.0,24.09,28.0,8.54,0.773,0.193,24.72,12.91,14.09,27.0,27.61,17.17
745808,2024-06-26,2024,643446,L,661563,R,field_out,False,False,191.0,0.203,21.0,10.99,16.0,8.38,0.5700000000000001,0.08799999999999997,13.53,6.95,14.2,21.15,28.06,12.35,447.0,0.26,48.0,10.74,25.0,5.59,0.6930000000000001,0.1149999999999999,14.08,7.59,11.21,18.8,32.05,12.57,151.0,0.171,39.0,25.83,21.0,13.91,0.5640000000000001,0.10800000000000001,28.37,13.2,14.81,28.02,26.73,21.08,,,,,,,,,,,,,,
745808,2024-06-26,2024,664056,R,661563,R,field_out,False,False,152.0,0.305,33.0,21.71,7.0,4.61,0.782,0.128,25.95,12.32,20.47,32.79,35.97,21.85,248.0,0.207,45.0,18.15,9.0,3.63,0.504,0.056,25.06,12.41,16.74,29.16,37.02,20.45,180.0,0.159,58.0,32.22,20.0,11.11,0.543,0.12100000000000002,31.27,13.97,16.34,30.3,25.94,25.89,,,,,,,,,,,,,,
745808,2024-06-26,2024,596019,L,661563,R,field_out,False,False,264.0,0.229,53.0,20.08,19.0,7.2,0.704,0.17799999999999996,23.16,11.13,15.76,26.9,25.42,18.09,483.0,0.242,102.0,21.12,51.0,10.56,0.757,0.182,23.68,11.49,14.35,25.84,28.12,17.29,151.0,0.171,39.0,25.83,21.0,13.91,0.5640000000000001,0.10800000000000001,28.37,13.2,14.81,28.02,26.73,21.08,,,,,,,,,,,,,,
745808,2024-06-26,2024,624431,R,640455,L,strikeout,True,False,68.0,0.22,9.0,13.24,6.0,8.82,0.723,0.204,18.58,7.29,21.53,28.82,23.42,10.23,44.0,0.268,2.0,4.55,3.0,6.82,0.781,0.195,11.11,5.49,18.9,24.39,37.21,4.08,244.0,0.218,58.0,23.77,23.0,9.43,0.623,0.10600000000000001,25.84,12.86,13.44,26.3,27.2,18.89,328.0,0.253,79.0,24.09,28.0,8.54,0.773,0.193,24.72,12.91,14.09,27.0,27.61,17.17
745808,2024-06-26,2024,700250,L,640455,L,field_out,False,False,10.0,0.111,3.0,30.0,1.0,10.0,0.311,0.0,24.0,14.29,7.14,21.43,6.25,18.75,,,,,,,,,,,,,,,59.0,0.302,15.0,25.42,6.0,10.17,0.901,0.22600000000000003,25.4,11.81,15.87,27.68,26.83,15.62,172.0,0.2,49.0,28.49,14.0,8.14,0.5700000000000001,0.0969999999999999,22.78,10.21,19.15,29.36,25.81,20.08
745808,2024-06-26,2024,665828,R,640455,L,walk,False,True,52.0,0.224,11.0,21.15,3.0,5.77,0.534,0.04100000000000001,16.33,8.08,18.18,26.26,29.67,16.92,70.0,0.2,21.0,30.0,3.0,4.29,0.597,0.1539999999999999,28.35,15.65,15.65,31.3,36.19,34.43,244.0,0.218,58.0,23.77,23.0,9.43,0.623,0.10600000000000001,25.84,12.86,13.44,26.3,27.2,18.89,328.0,0.253,79.0,24.09,28.0,8.54,0.773,0.193,24.72,12.91,14.09,27.0,27.61,17.17
745808,2024-06-26,2024,683011,R,640455,L,field_out,False,False,98.0,0.281,19.0,19.39,8.0,8.16,0.744,0.123,18.42,8.75,18.5,27.25,26.63,16.38,134.0,0.248,35.0,26.12,16.0,11.94,0.817,0.2309999999999999,28.81,13.49,15.8,29.29,27.07,23.49,244.0,0.218,58.0,23.77,23.0,9.43,0.623,0.10600000000000001,25.84,12.86,13.44,26.3,27.2,18.89,328.0,0.253,79.0,24.09,28.0,8.54,0.773,0.193,24.72,12.91,14.09,27.0,27.61,17.17
745808,2024-06-26,2024,607043,L,661563,R,walk,False,True,239.0,0.24,60.0,25.1,36.0,15.06,0.8,0.189,23.76,9.91,16.7,26.6,21.23,17.54,448.0,0.266,98.0,21.88,60.0,13.39,0.874,0.235,20.87,8.67,19.47,28.14,19.23,16.42,151.0,0.171,39.0,25.83,21.0,13.91,0.5640000000000001,0.10800000000000001,28.37,13.2,14.81,28.02,26.73,21.08,,,,,,,,,,,,,,
745808,2024-06-26,2024,502110,R,661563,R,field_out,False,False,151.0,0.266,43.0,28.48,9.0,5.96,0.779,0.202,28.9,14.64,15.46,30.1,31.31,20.67,343.0,0.27,106.0,30.9,21.0,6.12,0.8799999999999999,0.2979999999999999,35.71,19.2,12.73,31.93,33.23,24.42,180.0,0.159,58.0,32.22,20.0,11.11,0.543,0.12100000000000002,31.27,13.97,16.34,30.3,25.94,25.89,,,,,,,,,,,,,,
745808,2024-06-26,2024,624413,R,661563,R,walk,False,True,251.0,0.249,49.0,19.52,25.0,9.96,0.78,0.203,22.67,9.95,19.69,29.63,27.81,18.05,475.0,0.214,109.0,22.95,44.0,9.26,0.8069999999999999,0.281,26.53,11.43,18.24,29.67,27.59,22.11,180.0,0.159,58.0,32.22,20.0,11.11,0.543,0.12100000000000002,31.27,13.97,16.34,30.3,25.94,25.89,,,,,,,,,,,,,,
745808,2024-06-26,2024,682626,R,657571,L,double,False,False,30.0,0.269,6.0,20.0,4.0,13.33,0.867,0.23099999999999998,17.02,6.9,18.1,25.0,23.33,18.75,148.0,0.171,37.0,25.0,17.0,11.49,0.611,0.17,31.2,13.76,14.26,28.03,23.72,22.7,68.0,0.266,18.0,26.47,4.0,5.88,0.747,0.172,24.31,12.5,17.5,30.0,30.47,16.82,180.0,0.27,44.0,24.44,19.0,10.56,0.702,0.0819999999999999,25.63,12.6,16.34,28.95,28.12,20.66
745808,2024-06-26,2024,621438,R,672782,R,walk,False,True,100.0,0.253,22.0,22.0,5.0,5.0,0.6990000000000001,0.14300000000000002,20.65,9.95,19.37,29.32,29.67,18.97,162.0,0.23,37.0,22.84,6.0,3.7,0.706,0.204,25.24,12.91,16.56,29.47,36.98,19.47,15.0,0.214,4.0,26.67,1.0,6.67,0.5529999999999999,0.07199999999999998,32.14,16.36,14.55,30.91,35.71,25.0,4.0,0.25,2.0,50.0,0.0,0.0,0.5,0.0,25.0,13.33,13.33,26.67,44.44,50.0
745808,2024-06-26,2024,668901,R,672782,R,walk,False,True,75.0,0.275,18.0,24.0,5.0,6.67,0.871,0.276,36.62,18.77,15.52,34.3,32.35,22.5,145.0,0.209,41.0,28.28,8.0,5.52,0.643,0.172,34.08,18.24,17.03,35.27,36.73,29.93,15.0,0.214,4.0,26.67,1.0,6.67,0.5529999999999999,0.07199999999999998,32.14,16.36,14.55,30.91,35.71,25.0,4.0,0.25,2.0,50.0,0.0,0.0,0.5,0.0,25.0,13.33,13.33,26.67,44.44,50.0
745808,2024-06-26,2024,643446,L,672782,R,sac_fly,False,False,191.0,0.203,21.0,10.99,16.0,8.38,0.5700000000000001,0.08799999999999997,13.53,6.95,14.2,21.15,28.06,12.35,447.0,0.26,48.0,10.74,25.0,5.59,0.6930000000000001,0.1149999999999999,14.08,7.59,11.21,18.8,32.05,12.57,8.0,0.0,4.0,50.0,2.0,25.0,0.25,0.0,50.0,19.44,19.44,38.89,11.76,40.0,4.0,0.0,2.0,50.0,0.0,0.0,0.25,0.0,25.0,12.5,12.5,25.0,0.0,33.33
745808,2024-06-26,2024,664056,R,672782,R,double,False,False,152.0,0.305,33.0,21.71,7.0,4.61,0.782,0.128,25.95,12.32,20.47,32.79,35.97,21.85,248.0,0.207,45.0,18.15,9.0,3.63,0.504,0.056,25.06,12.41,16.74,29.16,37.02,20.45,15.0,0.214,4.0,26.67,1.0,6.67,0.5529999999999999,0.07199999999999998,32.14,16.36,14.55,30.91,35.71,25.0,4.0,0.25,2.0,50.0,0.0,0.0,0.5,0.0,25.0,13.33,13.33,26.67,44.44,50.0
745808,2024-06-26,2024,596019,L,672782,R,field_out,False,False,264.0,0.229,53.0,20.08,19.0,7.2,0.704,0.17799999999999996,23.16,11.13,15.76,26.9,25.42,18.09,483.0,0.242,102.0,21.12,51.0,10.56,0.757,0.182,23.68,11.49,14.35,25.84,28.12,17.29,8.0,0.0,4.0,50.0,2.0,25.0,0.25,0.0,50.0,19.44,19.44,38.89,11.76,40.0,4.0,0.0,2.0,50.0,0.0,0.0,0.25,0.0,25.0,12.5,12.5,25.0,0.0,33.33
745808,2024-06-26,2024,665742,L,664849,L,walk,False,True,100.0,0.316,14.0,14.0,18.0,18.0,0.984,0.22800000000000004,15.57,6.09,19.91,26.0,19.62,10.85,207.0,0.256,48.0,23.19,33.0,15.94,0.813,0.18,25.32,9.65,20.51,30.16,20.61,20.17,15.0,0.231,5.0,33.33,2.0,13.33,0.5640000000000001,0.0,35.71,15.38,15.38,30.77,35.14,31.25,15.0,0.308,5.0,33.33,1.0,6.67,0.785,0.077,24.0,10.17,25.42,35.59,23.08,29.41
745808,2024-06-26,2024,592450,R,664849,L,home_run,False,False,81.0,0.271,22.0,27.16,21.0,25.93,1.113,0.373,36.51,13.22,14.94,28.16,17.2,23.16,74.0,0.274,21.0,28.38,11.0,14.86,1.0550000000000002,0.403,34.59,13.9,15.71,29.61,19.89,21.65,27.0,0.125,8.0,29.63,3.0,11.11,0.555,0.20800000000000002,38.3,18.0,20.0,38.0,46.03,24.24,20.0,0.176,6.0,30.0,1.0,5.0,0.476,0.0,33.33,13.16,21.05,34.21,27.27,26.09
745808,2024-06-26,2024,605204,R,664849,L,strikeout,True,False,39.0,0.25,10.0,25.64,3.0,7.69,0.752,0.194,33.77,16.35,15.72,32.08,23.68,17.24,159.0,0.246,42.0,26.42,12.0,7.55,0.729,0.177,31.08,17.12,8.31,25.42,26.55,23.6,27.0,0.125,8.0,29.63,3.0,11.11,0.555,0.20800000000000002,38.3,18.0,20.0,38.0,46.03,24.24,20.0,0.176,6.0,30.0,1.0,5.0,0.476,0.0,33.33,13.16,21.05,34.21,27.27,26.09
745808,2024-06-26,2024,657077,L,664849,L,single,False,False,91.0,0.195,15.0,16.48,11.0,12.09,0.596,0.10399999999999998,17.22,6.82,21.26,28.08,20.33,13.64,161.0,0.22,27.0,16.77,15.0,9.32,0.61,0.0779999999999999,17.21,6.6,24.69,31.29,20.83,15.61,15.0,0.231,5.0,33.33,2.0,13.33,0.5640000000000001,0.0,35.71,15.38,15.38,30.77,35.14,31.25,15.0,0.308,5.0,33.33,1.0,6.67,0.785,0.077,24.0,10.17,25.42,35.59,23.08,29.41
745808,2024-06-26,2024,518934,R,493603,R,field_error,False,False,54.0,0.191,13.0,24.07,6.0,11.11,0.474,0.0,20.65,9.18,22.71,31.88,30.68,21.67,450.0,0.241,100.0,22.22,45.0,10.0,0.7070000000000001,0.146,19.38,7.76,24.06,31.82,23.84,20.0,76.0,0.206,25.0,32.89,6.0,7.89,0.559,0.07300000000000004,26.67,10.49,23.93,34.43,24.18,26.32,161.0,0.203,37.0,22.98,14.0,8.7,0.581,0.072,23.79,9.42,23.0,32.43,25.31,19.89
745808,2024-06-26,2024,669224,L,493603,R,strikeout,True,False,128.0,0.209,25.0,19.53,14.0,10.94,0.633,0.12700000000000003,28.09,13.66,13.66,27.33,25.49,18.66,69.0,0.25,12.0,17.39,3.0,4.35,0.81,0.281,28.48,16.48,10.99,27.47,38.03,14.46,54.0,0.267,16.0,29.63,6.0,11.11,0.859,0.22199999999999998,30.19,14.29,18.75,33.04,34.19,20.78,100.0,0.217,25.0,25.0,15.0,15.0,0.789,0.229,29.28,12.96,16.63,29.58,29.03,21.74
745808,2024-06-26,2024,700250,L,493603,R,field_out,False,False,13.0,0.5,0.0,0.0,2.0,15.38,1.038,0.0,15.38,6.9,12.07,18.97,25.0,0.0,,,,,,,,,,,,,,,54.0,0.267,16.0,29.63,6.0,11.11,0.859,0.22199999999999998,30.19,14.29,18.75,33.04,34.19,20.78,100.0,0.217,25.0,25.0,15.0,15.0,0.789,0.229,29.28,12.96,16.63,29.58,29.03,21.74
745808,2024-06-26,2024,607043,L,672782,R,field_out,False,False,239.0,0.24,60.0,25.1,36.0,15.06,0.8,0.189,23.76,9.91,16.7,26.6,21.23,17.54,448.0,0.266,98.0,21.88,60.0,13.39,0.874,0.235,20.87,8.67,19.47,28.14,19.23,16.42,8.0,0.0,4.0,50.0,2.0,25.0,0.25,0.0,50.0,19.44,19.44,38.89,11.76,40.0,4.0,0.0,2.0,50.0,0.0,0.0,0.25,0.0,25.0,12.5,12.5,25.0,0.0,33.33
745808,2024-06-26,2024,502110,R,672782,R,field_out,False,False,151.0,0.266,43.0,28.48,9.0,5.96,0.779,0.202,28.9,14.64,15.46,30.1,31.31,20.67,343.0,0.27,106.0,30.9,21.0,6.12,0.8799999999999999,0.2979999999999999,35.71,19.2,12.73,31.93,33.23,24.42,15.0,0.214,4.0,26.67,1.0,6.67,0.5529999999999999,0.07199999999999998,32.14,16.36,14.55,30.91,35.71,25.0,4.0,0.25,2.0,50.0,0.0,0.0,0.5,0.0,25.0,13.33,13.33,26.67,44.44,50.0
745808,2024-06-26,2024,624413,R,672782,R,hit_by_pitch,False,False,251.0,0.249,49.0,19.52,25.0,9.96,0.78,0.203,22.67,9.95,19.69,29.63,27.81,18.05,475.0,0.214,109.0,22.95,44.0,9.26,0.8069999999999999,0.281,26.53,11.43,18.24,29.67,27.59,22.11,15.0,0.214,4.0,26.67,1.0,6.67,0.5529999999999999,0.07199999999999998,32.14,16.36,14.55,30.91,35.71,25.0,4.0,0.25,2.0,50.0,0.0,0.0,0.5,0.0,25.0,13.33,13.33,26.67,44.44,50.0
745808,2024-06-26,2024,682626,R,672782,R,single,False,False,73.0,0.299,16.0,21.92,6.0,8.22,0.804,0.14900000000000002,33.33,16.67,16.67,33.33,30.83,16.84,275.0,0.229,73.0,26.55,17.0,6.18,0.7769999999999999,0.257,32.18,14.61,18.33,32.94,27.78,26.07,15.0,0.214,4.0,26.67,1.0,6.67,0.5529999999999999,0.07199999999999998,32.14,16.36,14.55,30.91,35.71,25.0,4.0,0.25,2.0,50.0,0.0,0.0,0.5,0.0,25.0,13.33,13.33,26.67,44.44,50.0
745808,2024-06-26,2024,621438,R,672782,R,home_run,False,False,100.0,0.253,22.0,22.0,5.0,5.0,0.6990000000000001,0.14300000000000002,20.65,9.95,19.37,29.32,29.67,18.97,162.0,0.23,37.0,22.84,6.0,3.7,0.706,0.204,25.24,12.91,16.56,29.47,36.98,19.47,15.0,0.214,4.0,26.67,1.0,6.67,0.5529999999999999,0.07199999999999998,32.14,16.36,14.55,30.91,35.71,25.0,4.0,0.25,2.0,50.0,0.0,0.0,0.5,0.0,25.0,13.33,13.33,26.67,44.44,50.0
745808,2024-06-26,2024,668901,R,672782,R,walk,False,True,75.0,0.275,18.0,24.0,5.0,6.67,0.871,0.276,36.62,18.77,15.52,34.3,32.35,22.5,145.0,0.209,41.0,28.28,8.0,5.52,0.643,0.172,34.08,18.24,17.03,35.27,36.73,29.93,15.0,0.214,4.0,26.67,1.0,6.67,0.5529999999999999,0.07199999999999998,32.14,16.36,14.55,30.91,35.71,25.0,4.0,0.25,2.0,50.0,0.0,0.0,0.5,0.0,25.0,13.33,13.33,26.67,44.44,50.0
745808,2024-06-26,2024,643446,L,672782,R,field_out,False,False,191.0,0.203,21.0,10.99,16.0,8.38,0.5700000000000001,0.08799999999999997,13.53,6.95,14.2,21.15,28.06,12.35,447.0,0.26,48.0,10.74,25.0,5.59,0.6930000000000001,0.1149999999999999,14.08,7.59,11.21,18.8,32.05,12.57,8.0,0.0,4.0,50.0,2.0,25.0,0.25,0.0,50.0,19.44,19.44,38.89,11.76,40.0,4.0,0.0,2.0,50.0,0.0,0.0,0.25,0.0,25.0,12.5,12.5,25.0,0.0,33.33
745808,2024-06-26,2024,665828,L,605288,R,field_out,False,False,148.0,0.241,28.0,18.92,8.0,5.41,0.651,0.131,17.84,8.36,18.64,27.0,30.94,15.82,261.0,0.215,51.0,19.54,22.0,8.43,0.567,0.0679999999999999,22.29,10.93,14.34,25.28,25.97,17.65,127.0,0.257,14.0,11.02,16.0,12.6,0.761,0.14700000000000002,19.57,9.3,12.19,21.49,23.83,10.29,220.0,0.268,46.0,20.91,23.0,10.45,0.7929999999999999,0.18,19.51,8.22,17.92,26.14,20.53,18.62
745808,2024-06-26,2024,683011,R,605288,R,strikeout,True,False,270.0,0.266,59.0,21.85,18.0,6.67,0.733,0.14399999999999996,23.73,11.45,18.26,29.71,30.02,18.73,467.0,0.198,132.0,28.27,36.0,7.71,0.624,0.1579999999999999,28.15,13.53,17.49,31.02,29.16,23.4,123.0,0.271,18.0,14.63,13.0,10.57,0.732,0.10299999999999998,15.73,6.64,22.27,28.91,18.85,17.48,261.0,0.277,50.0,19.16,11.0,4.21,0.681,0.0959999999999999,18.24,8.65,19.33,27.98,31.95,16.78
745808,2024-06-26,2024,665742,L,605288,R,field_out,False,False,254.0,0.3,43.0,16.93,47.0,18.5,1.012,0.28099999999999997,24.55,8.85,18.81,27.65,16.38,14.78,502.0,0.283,81.0,16.14,99.0,19.72,0.98,0.2730000000000001,18.45,6.31,19.31,25.62,15.09,14.14,127.0,0.257,14.0,11.02,16.0,12.6,0.761,0.14700000000000002,19.57,9.3,12.19,21.49,23.83,10.29,220.0,0.268,46.0,20.91,23.0,10.45,0.7929999999999999,0.18,19.51,8.22,17.92,26.14,20.53,18.62
745808,2024-06-26,2024,664056,R,672782,R,home_run,False,False,152.0,0.305,33.0,21.71,7.0,4.61,0.782,0.128,25.95,12.32,20.47,32.79,35.97,21.85,248.0,0.207,45.0,18.15,9.0,3.63,0.504,0.056,25.06,12.41,16.74,29.16,37.02,20.45,15.0,0.214,4.0,26.67,1.0,6.67,0.5529999999999999,0.07199999999999998,32.14,16.36,14.55,30.91,35.71,25.0,4.0,0.25,2.0,50.0,0.0,0.0,0.5,0.0,25.0,13.33,13.33,26.67,44.44,50.0
745808,2024-06-26,2024,596019,L,672782,R,strikeout,True,False,264.0,0.229,53.0,20.08,19.0,7.2,0.704,0.17799999999999996,23.16,11.13,15.76,26.9,25.42,18.09,483.0,0.242,102.0,21.12,51.0,10.56,0.757,0.182,23.68,11.49,14.35,25.84,28.12,17.29,8.0,0.0,4.0,50.0,2.0,25.0,0.25,0.0,50.0,19.44,19.44,38.89,11.76,40.0,4.0,0.0,2.0,50.0,0.0,0.0,0.25,0.0,25.0,12.5,12.5,25.0,0.0,33.33
745808,2024-06-26,2024,607043,L,657612,L,field_out,False,False,86.0,0.256,20.0,23.26,3.0,3.49,0.788,0.20600000000000002,29.79,13.08,19.63,32.71,30.95,22.73,236.0,0.286,48.0,20.34,14.0,5.93,0.749,0.118,24.0,10.48,21.38,31.86,21.45,15.14,55.0,0.4,4.0,7.27,4.0,7.27,0.935,0.07999999999999996,12.36,6.25,15.91,22.16,35.9,9.09,92.0,0.275,11.0,11.96,5.0,5.43,0.752,0.125,13.33,6.61,18.32,24.92,35.48,10.58
745808,2024-06-26,2024,502110,R,657612,L,field_out,False,False,63.0,0.346,12.0,19.05,9.0,14.29,1.075,0.269,24.03,11.36,12.45,23.81,29.56,13.79,137.0,0.274,43.0,31.39,13.0,9.49,0.924,0.3069999999999999,30.91,15.57,13.74,29.3,29.27,23.5,73.0,0.364,10.0,13.7,6.0,8.22,0.835,0.06,13.33,6.36,15.19,21.55,21.19,13.16,110.0,0.378,15.0,13.64,9.0,8.18,1.037,0.2239999999999999,16.49,8.31,14.03,22.34,25.41,14.71
745808,2024-06-26,2024,663757,L,605288,R,strikeout,True,False,64.0,0.12,18.0,28.12,11.0,17.19,0.6459999999999999,0.24,24.72,7.69,24.13,31.82,7.35,22.78,412.0,0.178,118.0,28.64,56.0,13.59,0.623,0.147,29.65,12.55,17.63,30.18,22.3,21.15,127.0,0.257,14.0,11.02,16.0,12.6,0.761,0.14700000000000002,19.57,9.3,12.19,21.49,23.83,10.29,220.0,0.268,46.0,20.91,23.0,10.45,0.7929999999999999,0.18,19.51,8.22,17.92,26.14,20.53,18.62
745808,2024-06-26,2024,605204,R,605288,R,strikeout,True,False,99.0,0.222,22.0,22.22,6.0,6.06,0.615,0.1,35.45,19.48,12.79,32.27,26.92,26.19,390.0,0.249,110.0,28.21,40.0,10.26,0.742,0.1589999999999999,35.24,18.37,11.47,29.84,26.41,23.09,123.0,0.271,18.0,14.63,13.0,10.57,0.732,0.10299999999999998,15.73,6.64,22.27,28.91,18.85,17.48,261.0,0.277,50.0,19.16,11.0,4.21,0.681,0.0959999999999999,18.24,8.65,19.33,27.98,31.95,16.78
745808,2024-06-26,2024,657077,L,605288,R,single,False,False,229.0,0.262,30.0,13.1,15.0,6.55,0.739,0.17099999999999999,14.07,6.5,19.72,26.22,27.38,12.05,441.0,0.279,66.0,14.97,30.0,6.8,0.793,0.185,15.08,6.28,20.52,26.8,22.64,14.93,127.0,0.257,14.0,11.02,16.0,12.6,0.761,0.14700000000000002,19.57,9.3,12.19,21.49,23.83,10.29,220.0,0.268,46.0,20.91,23.0,10.45,0.7929999999999999,0.18,19.51,8.22,17.92,26.14,20.53,18.62
745808,2024-06-26,2024,518934,R,605288,R,force_out,False,False,54.0,0.191,13.0,24.07,6.0,11.11,0.474,0.0,20.65,9.18,22.71,31.88,30.68,21.67,450.0,0.241,100.0,22.22,45.0,10.0,0.7070000000000001,0.146,19.38,7.76,24.06,31.82,23.84,20.0,123.0,0.271,18.0,14.63,13.0,10.57,0.732,0.10299999999999998,15.73,6.64,22.27,28.91,18.85,17.48,261.0,0.277,50.0,19.16,11.0,4.21,0.681,0.0959999999999999,18.24,8.65,19.33,27.98,31.95,16.78
745808,2024-06-26,2024,624413,R,657612,L,single,False,False,85.0,0.213,19.0,22.35,7.0,8.24,0.813,0.29400000000000004,20.5,9.38,15.91,25.28,27.78,17.59,183.0,0.224,42.0,22.95,21.0,11.48,0.859,0.302,25.52,11.15,17.51,28.66,27.34,16.87,73.0,0.364,10.0,13.7,6.0,8.22,0.835,0.06,13.33,6.36,15.19,21.55,21.19,13.16,110.0,0.378,15.0,13.64,9.0,8.18,1.037,0.2239999999999999,16.49,8.31,14.03,22.34,25.41,14.71
745808,2024-06-26,2024,620443,R,657612,L,single,False,False,10.0,0.333,3.0,30.0,1.0,10.0,1.4,0.667,37.5,20.93,11.63,32.56,35.0,21.43,21.0,0.3,6.0,28.57,1.0,4.76,0.7330000000000001,0.1,28.57,16.87,12.05,28.92,44.19,25.0,73.0,0.364,10.0,13.7,6.0,8.22,0.835,0.06,13.33,6.36,15.19,21.55,21.19,13.16,110.0,0.378,15.0,13.64,9.0,8.18,1.037,0.2239999999999999,16.49,8.31,14.03,22.34,25.41,14.71
745808,2024-06-26,2024,621438,R,657612,L,field_out,False,False,53.0,0.212,12.0,22.64,1.0,1.89,0.495,0.05700000000000002,24.74,12.57,17.28,29.84,35.0,25.0,81.0,0.241,18.0,22.22,2.0,2.47,0.7270000000000001,0.227,24.34,12.94,16.43,29.37,33.06,22.22,73.0,0.364,10.0,13.7,6.0,8.22,0.835,0.06,13.33,6.36,15.19,21.55,21.19,13.16,110.0,0.378,15.0,13.64,9.0,8.18,1.037,0.2239999999999999,16.49,8.31,14.03,22.34,25.41,14.71
745808,2024-06-26,2024,668901,R,657612,L,single,False,False,54.0,0.327,10.0,18.52,5.0,9.26,1.001,0.285,26.67,14.81,10.58,25.4,32.67,22.22,88.0,0.214,30.0,34.09,2.0,2.27,0.584,0.1309999999999999,40.66,21.26,14.94,36.21,36.02,26.79,73.0,0.364,10.0,13.7,6.0,8.22,0.835,0.06,13.33,6.36,15.19,21.55,21.19,13.16,110.0,0.378,15.0,13.64,9.0,8.18,1.037,0.2239999999999999,16.49,8.31,14.03,22.34,25.41,14.71
745808,2024-06-26,2024,643446,L,657612,L,field_out,False,False,77.0,0.247,10.0,12.99,3.0,3.9,0.601,0.068,12.5,6.51,11.3,17.81,24.82,12.2,201.0,0.294,17.0,8.46,14.0,6.97,0.753,0.09,12.21,6.17,14.39,20.56,24.68,10.37,55.0,0.4,4.0,7.27,4.0,7.27,0.935,0.07999999999999996,12.36,6.25,15.91,22.16,35.9,9.09,92.0,0.275,11.0,11.96,5.0,5.43,0.752,0.125,13.33,6.61,18.32,24.92,35.48,10.58
745808,2024-06-26,2024,664056,R,657612,L,field_out,False,False,80.0,0.208,14.0,17.5,6.0,7.5,0.609,0.13899999999999998,22.97,11.22,17.49,28.71,38.57,17.5,97.0,0.299,14.0,14.43,8.0,8.25,0.936,0.2759999999999999,23.49,10.71,18.68,29.4,31.94,16.67,73.0,0.364,10.0,13.7,6.0,8.22,0.835,0.06,13.33,6.36,15.19,21.55,21.19,13.16,110.0,0.378,15.0,13.64,9.0,8.18,1.037,0.2239999999999999,16.49,8.31,14.03,22.34,25.41,14.71
745808,2024-06-26,2024,669224,L,605288,R,walk,False,True,128.0,0.209,25.0,19.53,14.0,10.94,0.633,0.12700000000000003,28.09,13.66,13.66,27.33,25.49,18.66,69.0,0.25,12.0,17.39,3.0,4.35,0.81,0.281,28.48,16.48,10.99,27.47,38.03,14.46,127.0,0.257,14.0,11.02,16.0,12.6,0.761,0.14700000000000002,19.57,9.3,12.19,21.49,23.83,10.29,220.0,0.268,46.0,20.91,23.0,10.45,0.7929999999999999,0.18,19.51,8.22,17.92,26.14,20.53,18.62
745808,2024-06-26,2024,700250,L,605288,R,field_out,False,False,13.0,0.5,0.0,0.0,2.0,15.38,1.038,0.0,15.38,6.9,12.07,18.97,25.0,0.0,,,,,,,,,,,,,,,127.0,0.257,14.0,11.02,16.0,12.6,0.761,0.14700000000000002,19.57,9.3,12.19,21.49,23.83,10.29,220.0,0.268,46.0,20.91,23.0,10.45,0.7929999999999999,0.18,19.51,8.22,17.92,26.14,20.53,18.62
745808,2024-06-26,2024,665828,L,605288,R,double,False,False,148.0,0.241,28.0,18.92,8.0,5.41,0.651,0.131,17.84,8.36,18.64,27.0,30.94,15.82,261.0,0.215,51.0,19.54,22.0,8.43,0.567,0.0679999999999999,22.29,10.93,14.34,25.28,25.97,17.65,127.0,0.257,14.0,11.02,16.0,12.6,0.761,0.14700000000000002,19.57,9.3,12.19,21.49,23.83,10.29,220.0,0.268,46.0,20.91,23.0,10.45,0.7929999999999999,0.18,19.51,8.22,17.92,26.14,20.53,18.62
745808,2024-06-26,2024,683011,R,605288,R,field_out,False,False,270.0,0.266,59.0,21.85,18.0,6.67,0.733,0.14399999999999996,23.73,11.45,18.26,29.71,30.02,18.73,467.0,0.198,132.0,28.27,36.0,7.71,0.624,0.1579999999999999,28.15,13.53,17.49,31.02,29.16,23.4,123.0,0.271,18.0,14.63,13.0,10.57,0.732,0.10299999999999998,15.73,6.64,22.27,28.91,18.85,17.48,261.0,0.277,50.0,19.16,11.0,4.21,0.681,0.0959999999999999,18.24,8.65,19.33,27.98,31.95,16.78
745808,2024-06-26,2024,663330,R,605288,R,field_out,False,False,13.0,0.1,5.0,38.46,0.0,0.0,0.35,0.0,26.32,13.89,19.44,33.33,35.71,55.56,3.0,0.0,2.0,66.67,1.0,33.33,0.333,0.0,57.14,23.53,17.65,41.18,14.29,28.57,123.0,0.271,18.0,14.63,13.0,10.57,0.732,0.10299999999999998,15.73,6.64,22.27,28.91,18.85,17.48,261.0,0.277,50.0,19.16,11.0,4.21,0.681,0.0959999999999999,18.24,8.65,19.33,27.98,31.95,16.78
745973,2024-06-26,2024,543760,R,571948,L,strikeout,True,False,103.0,0.33,15.0,14.56,9.0,8.74,0.9410000000000001,0.22300000000000003,18.13,8.48,13.88,22.37,22.55,16.3,210.0,0.283,33.0,15.71,20.0,9.52,0.8009999999999999,0.156,18.13,8.56,14.97,23.53,20.61,16.58,89.0,0.234,23.0,25.84,8.0,8.99,0.6759999999999999,0.143,20.0,7.87,22.19,30.06,19.38,20.35,131.0,0.256,32.0,24.43,5.0,3.82,0.6819999999999999,0.144,21.12,9.06,21.44,30.5,26.81,18.82
745973,2024-06-26,2024,608369,L,571948,L,double,False,False,98.0,0.247,30.0,30.61,1.0,1.02,0.626,0.124,27.27,15.36,11.14,26.51,29.66,37.04,166.0,0.314,33.0,19.88,7.0,4.22,0.881,0.218,27.65,15.41,9.68,25.09,30.66,22.92,67.0,0.302,14.0,20.9,1.0,1.49,0.737,0.127,14.29,6.37,20.72,27.09,32.0,17.72,121.0,0.155,27.0,22.31,8.0,6.61,0.45,0.072,20.1,8.44,23.05,31.48,32.82,16.77
745973,2024-06-26,2024,669701,L,571948,L,single,False,False,71.0,0.35,17.0,23.94,6.0,8.45,0.952,0.16700000000000004,25.2,12.11,15.62,27.73,25.64,22.08,33.0,0.12,9.0,27.27,6.0,18.18,0.6930000000000001,0.24,26.09,9.3,20.93,30.23,19.44,31.03,67.0,0.302,14.0,20.9,1.0,1.49,0.737,0.127,14.29,6.37,20.72,27.09,32.0,17.72,121.0,0.155,27.0,22.31,8.0,6.61,0.45,0.072,20.1,8.44,23.05,31.48,32.82,16.77
745973,2024-06-26,2024,666969,R,571948,L,grounded_into_double_play,False,False,98.0,0.224,27.0,27.55,9.0,9.18,0.708,0.18799999999999997,27.23,15.36,10.34,25.7,33.14,25.71,152.0,0.244,37.0,24.34,24.0,15.79,0.866,0.26,31.62,13.61,14.56,28.16,22.03,21.26,89.0,0.234,23.0,25.84,8.0,8.99,0.6759999999999999,0.143,20.0,7.87,22.19,30.06,19.38,20.35,131.0,0.256,32.0,24.43,5.0,3.82,0.6819999999999999,0.144,21.12,9.06,21.44,30.5,26.81,18.82
745973,2024-06-26,2024,687401,R,571760,L,field_out,False,False,77.0,0.226,19.0,24.68,12.0,15.58,0.7789999999999999,0.19299999999999998,21.26,8.39,20.19,28.57,20.86,23.46,21.0,0.3,6.0,28.57,0.0,0.0,0.586,0.0,26.32,13.33,25.33,38.67,40.0,24.0,275.0,0.251,63.0,22.91,15.0,5.45,0.729,0.18,28.47,14.9,14.25,29.14,33.76,18.58,514.0,0.246,125.0,24.32,38.0,7.39,0.762,0.202,27.12,13.67,13.77,27.44,32.52,19.0
745973,2024-06-26,2024,661388,R,571760,L,single,False,False,82.0,0.311,18.0,21.95,6.0,7.32,0.746,0.08100000000000002,28.22,13.86,13.86,27.71,29.07,19.15,177.0,0.357,32.0,18.08,21.0,11.86,1.087,0.292,28.8,12.96,16.38,29.34,24.36,16.24,275.0,0.251,63.0,22.91,15.0,5.45,0.729,0.18,28.47,14.9,14.25,29.14,33.76,18.58,514.0,0.246,125.0,24.32,38.0,7.39,0.762,0.202,27.12,13.67,13.77,27.44,32.52,19.0
745973,2024-06-26,2024,592885,L,571760,L,walk,False,True,75.0,0.333,15.0,20.0,8.0,10.67,0.9279999999999999,0.182,24.24,11.35,15.96,27.3,27.4,18.52,159.0,0.234,37.0,23.27,14.0,8.81,0.633,0.097,26.17,13.04,15.53,28.57,28.16,18.32,63.0,0.291,12.0,19.05,7.0,11.11,0.753,0.09100000000000003,15.89,6.88,17.81,24.7,22.5,14.63,128.0,0.276,26.0,20.31,22.0,17.19,0.806,0.124,23.36,9.23,18.82,28.04,22.3,14.88
745973,2024-06-26,2024,642715,R,571760,L,field_out,False,False,85.0,0.171,15.0,17.65,14.0,16.47,0.62,0.143,27.46,12.15,13.4,25.55,21.91,18.99,160.0,0.231,48.0,30.0,24.0,15.0,0.762,0.1789999999999999,26.61,12.38,15.79,28.17,29.47,20.17,275.0,0.251,63.0,22.91,15.0,5.45,0.729,0.18,28.47,14.9,14.25,29.14,33.76,18.58,514.0,0.246,125.0,24.32,38.0,7.39,0.762,0.202,27.12,13.67,13.77,27.44,32.52,19.0
745973,2024-06-26,2024,694192,R,571760,L,field_out,False,False,66.0,0.172,13.0,19.7,8.0,12.12,0.497,0.05200000000000002,22.79,11.7,12.83,24.53,31.78,14.94,,,,,,,,,,,,,,,275.0,0.251,63.0,22.91,15.0,5.45,0.729,0.18,28.47,14.9,14.25,29.14,33.76,18.58,514.0,0.246,125.0,24.32,38.0,7.39,0.762,0.202,27.12,13.67,13.77,27.44,32.52,19.0
745973,2024-06-26,2024,694671,R,571948,L,field_out,False,False,52.0,0.222,14.0,26.92,5.0,9.62,0.752,0.222,26.32,10.68,20.09,30.77,22.95,17.28,,,,,,,,,,,,,,,89.0,0.234,23.0,25.84,8.0,8.99,0.6759999999999999,0.143,20.0,7.87,22.19,30.06,19.38,20.35,131.0,0.256,32.0,24.43,5.0,3.82,0.6819999999999999,0.144,21.12,9.06,21.44,30.5,26.81,18.82
745973,2024-06-26,2024,663993,L,571948,L,field_out,False,False,74.0,0.254,19.0,25.68,10.0,13.51,0.637,0.03199999999999997,20.71,8.66,21.49,30.15,23.72,14.84,219.0,0.223,52.0,23.74,24.0,10.96,0.643,0.109,22.66,9.89,18.18,28.07,24.2,19.48,67.0,0.302,14.0,20.9,1.0,1.49,0.737,0.127,14.29,6.37,20.72,27.09,32.0,17.72,121.0,0.155,27.0,22.31,8.0,6.61,0.45,0.072,20.1,8.44,23.05,31.48,32.82,16.77
745973,2024-06-26,2024,641680,R,571948,L,strikeout,True,False,73.0,0.224,10.0,13.7,5.0,6.85,0.6020000000000001,0.10400000000000001,16.55,9.72,11.34,21.05,30.36,14.29,90.0,0.329,13.0,14.44,7.0,7.78,0.866,0.1589999999999999,20.1,11.3,11.3,22.6,34.86,13.0,89.0,0.234,23.0,25.84,8.0,8.99,0.6759999999999999,0.143,20.0,7.87,22.19,30.06,19.38,20.35,131.0,0.256,32.0,24.43,5.0,3.82,0.6819999999999999,0.144,21.12,9.06,21.44,30.5,26.81,18.82
745973,2024-06-26,2024,656555,R,571760,L,strikeout,True,False,46.0,0.184,9.0,19.57,5.0,10.87,0.625,0.15800000000000003,26.37,12.24,16.33,28.57,26.6,13.43,,,,,,,,,,,,,,,275.0,0.251,63.0,22.91,15.0,5.45,0.729,0.18,28.47,14.9,14.25,29.14,33.76,18.58,514.0,0.246,125.0,24.32,38.0,7.39,0.762,0.202,27.12,13.67,13.77,27.44,32.52,19.0
745973,2024-06-26,2024,641343,L,571760,L,single,False,False,25.0,0.273,3.0,12.0,1.0,4.0,0.833,0.22699999999999998,23.91,11.11,17.17,28.28,15.0,11.11,28.0,0.185,12.0,42.86,1.0,3.57,0.473,0.074,37.5,20.59,22.55,43.14,39.47,31.58,63.0,0.291,12.0,19.05,7.0,11.11,0.753,0.09100000000000003,15.89,6.88,17.81,24.7,22.5,14.63,128.0,0.276,26.0,20.31,22.0,17.19,0.806,0.124,23.36,9.23,18.82,28.04,22.3,14.88
745973,2024-06-26,2024,663368,R,571760,L,field_out,False,False,64.0,0.211,13.0,20.31,7.0,10.94,0.595,0.087,24.75,10.0,22.0,32.0,21.49,25.49,58.0,0.192,13.0,22.41,6.0,10.34,0.603,0.135,20.48,7.2,25.0,32.2,14.41,24.53,275.0,0.251,63.0,22.91,15.0,5.45,0.729,0.18,28.47,14.9,14.25,29.14,33.76,18.58,514.0,0.246,125.0,24.32,38.0,7.39,0.762,0.202,27.12,13.67,13.77,27.44,32.52,19.0
745973,2024-06-26,2024,668930,L,571760,L,single,False,False,52.0,0.239,12.0,23.08,6.0,11.54,0.631,0.065,17.24,6.98,20.93,27.91,19.61,19.35,73.0,0.188,12.0,16.44,8.0,10.96,0.466,0.0,20.18,7.94,23.47,31.41,18.75,17.39,63.0,0.291,12.0,19.05,7.0,11.11,0.753,0.09100000000000003,15.89,6.88,17.81,24.7,22.5,14.63,128.0,0.276,26.0,20.31,22.0,17.19,0.806,0.124,23.36,9.23,18.82,28.04,22.3,14.88
745973,2024-06-26,2024,687401,R,571760,L,strikeout,True,False,77.0,0.226,19.0,24.68,12.0,15.58,0.7789999999999999,0.19299999999999998,21.26,8.39,20.19,28.57,20.86,23.46,21.0,0.3,6.0,28.57,0.0,0.0,0.586,0.0,26.32,13.33,25.33,38.67,40.0,24.0,275.0,0.251,63.0,22.91,15.0,5.45,0.729,0.18,28.47,14.9,14.25,29.14,33.76,18.58,514.0,0.246,125.0,24.32,38.0,7.39,0.762,0.202,27.12,13.67,13.77,27.44,32.52,19.0
745973,2024-06-26,2024,677649,R,669060,R,strikeout,True,False,118.0,0.257,28.0,23.73,4.0,3.39,0.633,0.08799999999999997,23.63,13.21,12.03,25.24,38.29,18.49,308.0,0.277,86.0,27.92,13.0,4.22,0.738,0.1409999999999999,28.89,15.73,13.64,29.37,39.12,22.25,168.0,0.195,30.0,17.86,9.0,5.36,0.5609999999999999,0.10999999999999999,22.18,10.57,18.54,29.12,26.17,20.69,190.0,0.194,33.0,17.37,8.0,4.21,0.5609999999999999,0.132,19.19,10.0,15.76,25.76,30.57,18.33
745973,2024-06-26,2024,665750,L,669060,R,field_out,False,False,195.0,0.222,38.0,19.49,15.0,7.69,0.6319999999999999,0.12799999999999997,24.2,12.45,14.64,27.09,32.61,17.35,405.0,0.275,86.0,21.23,25.0,6.17,0.767,0.174,24.9,12.5,15.05,27.55,29.44,18.34,142.0,0.28,29.0,20.42,17.0,11.97,0.87,0.22399999999999998,21.8,9.97,16.67,26.63,22.89,15.76,124.0,0.239,28.0,22.58,14.0,11.29,0.784,0.22,17.35,7.63,16.87,24.5,22.09,20.59
745973,2024-06-26,2024,543760,R,669060,R,field_out,False,False,247.0,0.213,34.0,13.77,20.0,8.1,0.626,0.13399999999999998,20.63,10.72,13.55,24.26,26.13,15.25,544.0,0.273,77.0,14.15,52.0,9.56,0.8360000000000001,0.2199999999999999,18.01,8.45,14.48,22.93,21.97,13.9,168.0,0.195,30.0,17.86,9.0,5.36,0.5609999999999999,0.10999999999999999,22.18,10.57,18.54,29.12,26.17,20.69,190.0,0.194,33.0,17.37,8.0,4.21,0.5609999999999999,0.132,19.19,10.0,15.76,25.76,30.57,18.33
745973,2024-06-26,2024,661388,R,571760,L,double,False,False,82.0,0.311,18.0,21.95,6.0,7.32,0.746,0.08100000000000002,28.22,13.86,13.86,27.71,29.07,19.15,177.0,0.357,32.0,18.08,21.0,11.86,1.087,0.292,28.8,12.96,16.38,29.34,24.36,16.24,275.0,0.251,63.0,22.91,15.0,5.45,0.729,0.18,28.47,14.9,14.25,29.14,33.76,18.58,514.0,0.246,125.0,24.32,38.0,7.39,0.762,0.202,27.12,13.67,13.77,27.44,32.52,19.0
745973,2024-06-26,2024,592885,L,571760,L,strikeout,True,False,75.0,0.333,15.0,20.0,8.0,10.67,0.9279999999999999,0.182,24.24,11.35,15.96,27.3,27.4,18.52,159.0,0.234,37.0,23.27,14.0,8.81,0.633,0.097,26.17,13.04,15.53,28.57,28.16,18.32,63.0,0.291,12.0,19.05,7.0,11.11,0.753,0.09100000000000003,15.89,6.88,17.81,24.7,22.5,14.63,128.0,0.276,26.0,20.31,22.0,17.19,0.806,0.124,23.36,9.23,18.82,28.04,22.3,14.88
745973,2024-06-26,2024,642715,R,571760,L,field_out,False,False,85.0,0.171,15.0,17.65,14.0,16.47,0.62,0.143,27.46,12.15,13.4,25.55,21.91,18.99,160.0,0.231,48.0,30.0,24.0,15.0,0.762,0.1789999999999999,26.61,12.38,15.79,28.17,29.47,20.17,275.0,0.251,63.0,22.91,15.0,5.45,0.729,0.18,28.47,14.9,14.25,29.14,33.76,18.58,514.0,0.246,125.0,24.32,38.0,7.39,0.762,0.202,27.12,13.67,13.77,27.44,32.52,19.0
745973,2024-06-26,2024,694192,R,571760,L,single,False,False,66.0,0.172,13.0,19.7,8.0,12.12,0.497,0.05200000000000002,22.79,11.7,12.83,24.53,31.78,14.94,,,,,,,,,,,,,,,275.0,0.251,63.0,22.91,15.0,5.45,0.729,0.18,28.47,14.9,14.25,29.14,33.76,18.58,514.0,0.246,125.0,24.32,38.0,7.39,0.762,0.202,27.12,13.67,13.77,27.44,32.52,19.0
745973,2024-06-26,2024,656555,R,571760,L,field_out,False,False,46.0,0.184,9.0,19.57,5.0,10.87,0.625,0.15800000000000003,26.37,12.24,16.33,28.57,26.6,13.43,,,,,,,,,,,,,,,275.0,0.251,63.0,22.91,15.0,5.45,0.729,0.18,28.47,14.9,14.25,29.14,33.76,18.58,514.0,0.246,125.0,24.32,38.0,7.39,0.762,0.202,27.12,13.67,13.77,27.44,32.52,19.0
745973,2024-06-26,2024,608369,L,669060,R,field_out,False,False,200.0,0.259,24.0,12.0,32.0,16.0,0.862,0.22299999999999998,20.67,10.14,7.81,17.95,24.8,12.77,370.0,0.333,55.0,14.86,42.0,11.35,1.075,0.334,23.9,12.77,6.35,19.12,27.26,15.8,142.0,0.28,29.0,20.42,17.0,11.97,0.87,0.22399999999999998,21.8,9.97,16.67,26.63,22.89,15.76,124.0,0.239,28.0,22.58,14.0,11.29,0.784,0.22,17.35,7.63,16.87,24.5,22.09,20.59
745973,2024-06-26,2024,669701,L,669060,R,strikeout,True,False,201.0,0.283,32.0,15.92,19.0,9.45,0.8400000000000001,0.17400000000000004,19.01,8.89,18.04,26.93,23.87,12.9,200.0,0.194,46.0,23.0,19.0,9.5,0.623,0.13,20.71,8.96,19.58,28.54,22.65,15.97,142.0,0.28,29.0,20.42,17.0,11.97,0.87,0.22399999999999998,21.8,9.97,16.67,26.63,22.89,15.76,124.0,0.239,28.0,22.58,14.0,11.29,0.784,0.22,17.35,7.63,16.87,24.5,22.09,20.59
745973,2024-06-26,2024,666969,R,669060,R,single,False,False,212.0,0.216,56.0,26.42,14.0,6.6,0.681,0.19099999999999998,35.31,17.9,12.27,30.16,33.55,26.05,480.0,0.245,138.0,28.75,41.0,8.54,0.8260000000000001,0.264,31.65,15.93,13.92,29.85,32.02,21.97,168.0,0.195,30.0,17.86,9.0,5.36,0.5609999999999999,0.10999999999999999,22.18,10.57,18.54,29.12,26.17,20.69,190.0,0.194,33.0,17.37,8.0,4.21,0.5609999999999999,0.132,19.19,10.0,15.76,25.76,30.57,18.33
745973,2024-06-26,2024,694671,R,669060,R,field_out,False,False,171.0,0.256,31.0,18.13,10.0,5.85,0.642,0.08200000000000002,20.19,8.99,19.26,28.25,24.16,13.78,,,,,,,,,,,,,,,168.0,0.195,30.0,17.86,9.0,5.36,0.5609999999999999,0.10999999999999999,22.18,10.57,18.54,29.12,26.17,20.69,190.0,0.194,33.0,17.37,8.0,4.21,0.5609999999999999,0.132,19.19,10.0,15.76,25.76,30.57,18.33
745973,2024-06-26,2024,641343,L,571760,L,field_out,False,False,25.0,0.273,3.0,12.0,1.0,4.0,0.833,0.22699999999999998,23.91,11.11,17.17,28.28,15.0,11.11,28.0,0.185,12.0,42.86,1.0,3.57,0.473,0.074,37.5,20.59,22.55,43.14,39.47,31.58,63.0,0.291,12.0,19.05,7.0,11.11,0.753,0.09100000000000003,15.89,6.88,17.81,24.7,22.5,14.63,128.0,0.276,26.0,20.31,22.0,17.19,0.806,0.124,23.36,9.23,18.82,28.04,22.3,14.88
745973,2024-06-26,2024,663368,R,571760,L,field_out,False,False,64.0,0.211,13.0,20.31,7.0,10.94,0.595,0.087,24.75,10.0,22.0,32.0,21.49,25.49,58.0,0.192,13.0,22.41,6.0,10.34,0.603,0.135,20.48,7.2,25.0,32.2,14.41,24.53,275.0,0.251,63.0,22.91,15.0,5.45,0.729,0.18,28.47,14.9,14.25,29.14,33.76,18.58,514.0,0.246,125.0,24.32,38.0,7.39,0.762,0.202,27.12,13.67,13.77,27.44,32.52,19.0
745973,2024-06-26,2024,668930,L,571760,L,strikeout,True,False,52.0,0.239,12.0,23.08,6.0,11.54,0.631,0.065,17.24,6.98,20.93,27.91,19.61,19.35,73.0,0.188,12.0,16.44,8.0,10.96,0.466,0.0,20.18,7.94,23.47,31.41,18.75,17.39,63.0,0.291,12.0,19.05,7.0,11.11,0.753,0.09100000000000003,15.89,6.88,17.81,24.7,22.5,14.63,128.0,0.276,26.0,20.31,22.0,17.19,0.806,0.124,23.36,9.23,18.82,28.04,22.3,14.88
745973,2024-06-26,2024,663993,L,669060,R,field_out,False,False,157.0,0.252,28.0,17.83,19.0,12.1,0.7,0.10399999999999998,14.96,6.35,17.65,23.99,25.51,14.58,505.0,0.279,113.0,22.38,69.0,13.66,0.833,0.172,19.81,8.64,15.62,24.26,19.45,16.87,142.0,0.28,29.0,20.42,17.0,11.97,0.87,0.22399999999999998,21.8,9.97,16.67,26.63,22.89,15.76,124.0,0.239,28.0,22.58,14.0,11.29,0.784,0.22,17.35,7.63,16.87,24.5,22.09,20.59
745973,2024-06-26,2024,641680,L,669060,R,field_out,False,False,187.0,0.23,40.0,21.39,12.0,6.42,0.611,0.098,21.91,11.21,13.79,25.0,32.19,22.1,411.0,0.243,82.0,19.95,33.0,8.03,0.733,0.185,23.06,11.69,13.75,25.44,29.36,17.15,142.0,0.28,29.0,20.42,17.0,11.97,0.87,0.22399999999999998,21.8,9.97,16.67,26.63,22.89,15.76,124.0,0.239,28.0,22.58,14.0,11.29,0.784,0.22,17.35,7.63,16.87,24.5,22.09,20.59
745973,2024-06-26,2024,677649,R,669060,R,field_out,False,False,118.0,0.257,28.0,23.73,4.0,3.39,0.633,0.08799999999999997,23.63,13.21,12.03,25.24,38.29,18.49,308.0,0.277,86.0,27.92,13.0,4.22,0.738,0.1409999999999999,28.89,15.73,13.64,29.37,39.12,22.25,168.0,0.195,30.0,17.86,9.0,5.36,0.5609999999999999,0.10999999999999999,22.18,10.57,18.54,29.12,26.17,20.69,190.0,0.194,33.0,17.37,8.0,4.21,0.5609999999999999,0.132,19.19,10.0,15.76,25.76,30.57,18.33
745973,2024-06-26,2024,687401,R,571760,L,home_run,False,False,77.0,0.226,19.0,24.68,12.0,15.58,0.7789999999999999,0.19299999999999998,21.26,8.39,20.19,28.57,20.86,23.46,21.0,0.3,6.0,28.57,0.0,0.0,0.586,0.0,26.32,13.33,25.33,38.67,40.0,24.0,275.0,0.251,63.0,22.91,15.0,5.45,0.729,0.18,28.47,14.9,14.25,29.14,33.76,18.58,514.0,0.246,125.0,24.32,38.0,7.39,0.762,0.202,27.12,13.67,13.77,27.44,32.52,19.0
745973,2024-06-26,2024,661388,R,571760,L,walk,False,True,82.0,0.311,18.0,21.95,6.0,7.32,0.746,0.08100000000000002,28.22,13.86,13.86,27.71,29.07,19.15,177.0,0.357,32.0,18.08,21.0,11.86,1.087,0.292,28.8,12.96,16.38,29.34,24.36,16.24,275.0,0.251,63.0,22.91,15.0,5.45,0.729,0.18,28.47,14.9,14.25,29.14,33.76,18.58,514.0,0.246,125.0,24.32,38.0,7.39,0.762,0.202,27.12,13.67,13.77,27.44,32.52,19.0
745973,2024-06-26,2024,592885,L,571760,L,field_out,False,False,75.0,0.333,15.0,20.0,8.0,10.67,0.9279999999999999,0.182,24.24,11.35,15.96,27.3,27.4,18.52,159.0,0.234,37.0,23.27,14.0,8.81,0.633,0.097,26.17,13.04,15.53,28.57,28.16,18.32,63.0,0.291,12.0,19.05,7.0,11.11,0.753,0.09100000000000003,15.89,6.88,17.81,24.7,22.5,14.63,128.0,0.276,26.0,20.31,22.0,17.19,0.806,0.124,23.36,9.23,18.82,28.04,22.3,14.88
745973,2024-06-26,2024,642715,R,571760,L,field_out,False,False,85.0,0.171,15.0,17.65,14.0,16.47,0.62,0.143,27.46,12.15,13.4,25.55,21.91,18.99,160.0,0.231,48.0,30.0,24.0,15.0,0.762,0.1789999999999999,26.61,12.38,15.79,28.17,29.47,20.17,275.0,0.251,63.0,22.91,15.0,5.45,0.729,0.18,28.47,14.9,14.25,29.14,33.76,18.58,514.0,0.246,125.0,24.32,38.0,7.39,0.762,0.202,27.12,13.67,13.77,27.44,32.52,19.0
745973,2024-06-26,2024,694192,R,571760,L,field_out,False,False,66.0,0.172,13.0,19.7,8.0,12.12,0.497,0.05200000000000002,22.79,11.7,12.83,24.53,31.78,14.94,,,,,,,,,,,,,,,275.0,0.251,63.0,22.91,15.0,5.45,0.729,0.18,28.47,14.9,14.25,29.14,33.76,18.58,514.0,0.246,125.0,24.32,38.0,7.39,0.762,0.202,27.12,13.67,13.77,27.44,32.52,19.0
745973,2024-06-26,2024,665750,L,669060,R,single,False,False,195.0,0.222,38.0,19.49,15.0,7.69,0.6319999999999999,0.12799999999999997,24.2,12.45,14.64,27.09,32.61,17.35,405.0,0.275,86.0,21.23,25.0,6.17,0.767,0.174,24.9,12.5,15.05,27.55,29.44,18.34,142.0,0.28,29.0,20.42,17.0,11.97,0.87,0.22399999999999998,21.8,9.97,16.67,26.63,22.89,15.76,124.0,0.239,28.0,22.58,14.0,11.29,0.784,0.22,17.35,7.63,16.87,24.5,22.09,20.59
745973,2024-06-26,2024,543760,R,669060,R,field_out,False,False,247.0,0.213,34.0,13.77,20.0,8.1,0.626,0.13399999999999998,20.63,10.72,13.55,24.26,26.13,15.25,544.0,0.273,77.0,14.15,52.0,9.56,0.8360000000000001,0.2199999999999999,18.01,8.45,14.48,22.93,21.97,13.9,168.0,0.195,30.0,17.86,9.0,5.36,0.5609999999999999,0.10999999999999999,22.18,10.57,18.54,29.12,26.17,20.69,190.0,0.194,33.0,17.37,8.0,4.21,0.5609999999999999,0.132,19.19,10.0,15.76,25.76,30.57,18.33
745973,2024-06-26,2024,608369,L,669060,R,field_out,False,False,200.0,0.259,24.0,12.0,32.0,16.0,0.862,0.22299999999999998,20.67,10.14,7.81,17.95,24.8,12.77,370.0,0.333,55.0,14.86,42.0,11.35,1.075,0.334,23.9,12.77,6.35,19.12,27.26,15.8,142.0,0.28,29.0,20.42,17.0,11.97,0.87,0.22399999999999998,21.8,9.97,16.67,26.63,22.89,15.76,124.0,0.239,28.0,22.58,14.0,11.29,0.784,0.22,17.35,7.63,16.87,24.5,22.09,20.59
745973,2024-06-26,2024,669701,L,669060,R,field_out,False,False,201.0,0.283,32.0,15.92,19.0,9.45,0.8400000000000001,0.17400000000000004,19.01,8.89,18.04,26.93,23.87,12.9,200.0,0.194,46.0,23.0,19.0,9.5,0.623,0.13,20.71,8.96,19.58,28.54,22.65,15.97,142.0,0.28,29.0,20.42,17.0,11.97,0.87,0.22399999999999998,21.8,9.97,16.67,26.63,22.89,15.76,124.0,0.239,28.0,22.58,14.0,11.29,0.784,0.22,17.35,7.63,16.87,24.5,22.09,20.59
745973,2024-06-26,2024,656555,R,656271,L,walk,False,True,46.0,0.184,9.0,19.57,5.0,10.87,0.625,0.15800000000000003,26.37,12.24,16.33,28.57,26.6,13.43,,,,,,,,,,,,,,,22.0,0.278,5.0,22.73,4.0,18.18,0.798,0.11099999999999999,32.43,14.12,14.12,28.24,19.05,29.41,167.0,0.261,29.0,17.37,6.0,3.59,0.792,0.236,20.63,12.02,10.94,22.96,32.86,13.36
745973,2024-06-26,2024,641343,L,656271,L,field_out,False,False,25.0,0.273,3.0,12.0,1.0,4.0,0.833,0.22699999999999998,23.91,11.11,17.17,28.28,15.0,11.11,28.0,0.185,12.0,42.86,1.0,3.57,0.473,0.074,37.5,20.59,22.55,43.14,39.47,31.58,15.0,0.385,6.0,40.0,1.0,6.67,1.236,0.384,29.17,13.21,18.87,32.08,24.0,50.0,83.0,0.291,23.0,27.71,3.0,3.61,0.731,0.127,26.62,13.26,17.92,31.18,24.58,31.08
745973,2024-06-26,2024,663368,R,656271,L,force_out,False,False,64.0,0.211,13.0,20.31,7.0,10.94,0.595,0.087,24.75,10.0,22.0,32.0,21.49,25.49,58.0,0.192,13.0,22.41,6.0,10.34,0.603,0.135,20.48,7.2,25.0,32.2,14.41,24.53,22.0,0.278,5.0,22.73,4.0,18.18,0.798,0.11099999999999999,32.43,14.12,14.12,28.24,19.05,29.41,167.0,0.261,29.0,17.37,6.0,3.59,0.792,0.236,20.63,12.02,10.94,22.96,32.86,13.36
745973,2024-06-26,2024,668930,L,656271,L,walk,False,True,52.0,0.239,12.0,23.08,6.0,11.54,0.631,0.065,17.24,6.98,20.93,27.91,19.61,19.35,73.0,0.188,12.0,16.44,8.0,10.96,0.466,0.0,20.18,7.94,23.47,31.41,18.75,17.39,15.0,0.385,6.0,40.0,1.0,6.67,1.236,0.384,29.17,13.21,18.87,32.08,24.0,50.0,83.0,0.291,23.0,27.71,3.0,3.61,0.731,0.127,26.62,13.26,17.92,31.18,24.58,31.08
745973,2024-06-26,2024,687401,R,656271,L,walk,False,True,77.0,0.226,19.0,24.68,12.0,15.58,0.7789999999999999,0.19299999999999998,21.26,8.39,20.19,28.57,20.86,23.46,21.0,0.3,6.0,28.57,0.0,0.0,0.586,0.0,26.32,13.33,25.33,38.67,40.0,24.0,22.0,0.278,5.0,22.73,4.0,18.18,0.798,0.11099999999999999,32.43,14.12,14.12,28.24,19.05,29.41,167.0,0.261,29.0,17.37,6.0,3.59,0.792,0.236,20.63,12.02,10.94,22.96,32.86,13.36
745973,2024-06-26,2024,661388,R,641540,R,field_out,False,False,265.0,0.292,49.0,18.49,23.0,8.68,0.825,0.17500000000000004,28.42,13.48,14.18,27.66,24.61,17.88,434.0,0.262,94.0,21.66,42.0,9.68,0.72,0.119,27.61,11.63,19.55,31.17,24.86,18.08,136.0,0.187,38.0,27.94,12.0,8.82,0.5900000000000001,0.138,25.0,10.72,20.33,31.05,25.18,24.05,382.0,0.233,79.0,20.68,22.0,5.76,0.6439999999999999,0.1249999999999999,23.66,10.98,19.19,30.17,27.91,19.75
745973,2024-06-26,2024,666969,R,669060,R,field_out,False,False,212.0,0.216,56.0,26.42,14.0,6.6,0.681,0.19099999999999998,35.31,17.9,12.27,30.16,33.55,26.05,480.0,0.245,138.0,28.75,41.0,8.54,0.8260000000000001,0.264,31.65,15.93,13.92,29.85,32.02,21.97,168.0,0.195,30.0,17.86,9.0,5.36,0.5609999999999999,0.10999999999999999,22.18,10.57,18.54,29.12,26.17,20.69,190.0,0.194,33.0,17.37,8.0,4.21,0.5609999999999999,0.132,19.19,10.0,15.76,25.76,30.57,18.33
745973,2024-06-26,2024,694671,R,669060,R,strikeout,True,False,171.0,0.256,31.0,18.13,10.0,5.85,0.642,0.08200000000000002,20.19,8.99,19.26,28.25,24.16,13.78,,,,,,,,,,,,,,,168.0,0.195,30.0,17.86,9.0,5.36,0.5609999999999999,0.10999999999999999,22.18,10.57,18.54,29.12,26.17,20.69,190.0,0.194,33.0,17.37,8.0,4.21,0.5609999999999999,0.132,19.19,10.0,15.76,25.76,30.57,18.33
745973,2024-06-26,2024,663993,L,669060,R,field_out,False,False,157.0,0.252,28.0,17.83,19.0,12.1,0.7,0.10399999999999998,14.96,6.35,17.65,23.99,25.51,14.58,505.0,0.279,113.0,22.38,69.0,13.66,0.833,0.172,19.81,8.64,15.62,24.26,19.45,16.87,142.0,0.28,29.0,20.42,17.0,11.97,0.87,0.22399999999999998,21.8,9.97,16.67,26.63,22.89,15.76,124.0,0.239,28.0,22.58,14.0,11.29,0.784,0.22,17.35,7.63,16.87,24.5,22.09,20.59
745973,2024-06-26,2024,592885,L,641540,R,single,False,False,157.0,0.309,32.0,20.38,19.0,12.1,0.8540000000000001,0.15400000000000003,22.76,10.39,13.54,23.94,25.51,16.41,473.0,0.294,103.0,21.78,64.0,13.53,0.882,0.195,26.99,11.53,15.4,26.93,23.89,19.07,124.0,0.231,30.0,24.19,17.0,13.71,0.855,0.269,29.36,12.97,14.47,27.44,22.92,18.07,342.0,0.27,61.0,17.84,33.0,9.65,0.782,0.1629999999999999,20.92,9.95,16.02,25.97,27.73,16.76
745973,2024-06-26,2024,642715,R,641540,R,field_out,False,False,264.0,0.262,57.0,21.59,28.0,10.61,0.806,0.202,28.97,13.98,14.46,28.45,26.25,17.87,480.0,0.212,117.0,24.38,47.0,9.79,0.702,0.194,32.44,16.53,12.85,29.38,32.69,19.28,136.0,0.187,38.0,27.94,12.0,8.82,0.5900000000000001,0.138,25.0,10.72,20.33,31.05,25.18,24.05,382.0,0.233,79.0,20.68,22.0,5.76,0.6439999999999999,0.1249999999999999,23.66,10.98,19.19,30.17,27.91,19.75
745973,2024-06-26,2024,694192,R,641540,R,field_out,False,False,173.0,0.252,47.0,27.17,7.0,4.05,0.684,0.15300000000000002,30.5,15.35,18.51,33.86,36.59,24.23,,,,,,,,,,,,,,,136.0,0.187,38.0,27.94,12.0,8.82,0.5900000000000001,0.138,25.0,10.72,20.33,31.05,25.18,24.05,382.0,0.233,79.0,20.68,22.0,5.76,0.6439999999999999,0.1249999999999999,23.66,10.98,19.19,30.17,27.91,19.75
745973,2024-06-26,2024,656555,R,641540,R,single,False,False,191.0,0.235,51.0,26.7,20.0,10.47,0.768,0.20500000000000002,26.45,10.71,21.18,31.88,22.03,18.68,,,,,,,,,,,,,,,136.0,0.187,38.0,27.94,12.0,8.82,0.5900000000000001,0.138,25.0,10.72,20.33,31.05,25.18,24.05,382.0,0.233,79.0,20.68,22.0,5.76,0.6439999999999999,0.1249999999999999,23.66,10.98,19.19,30.17,27.91,19.75
745973,2024-06-26,2024,641343,L,641540,R,field_out,False,False,164.0,0.21,57.0,34.76,17.0,10.37,0.685,0.168,29.8,13.45,18.54,31.99,21.71,26.64,244.0,0.205,83.0,34.02,26.0,10.66,0.72,0.228,32.78,14.71,16.21,30.93,23.65,23.92,124.0,0.231,30.0,24.19,17.0,13.71,0.855,0.269,29.36,12.97,14.47,27.44,22.92,18.07,342.0,0.27,61.0,17.84,33.0,9.65,0.782,0.1629999999999999,20.92,9.95,16.02,25.97,27.73,16.76
745973,2024-06-26,2024,641680,L,669060,R,single,False,False,187.0,0.23,40.0,21.39,12.0,6.42,0.611,0.098,21.91,11.21,13.79,25.0,32.19,22.1,411.0,0.243,82.0,19.95,33.0,8.03,0.733,0.185,23.06,11.69,13.75,25.44,29.36,17.15,142.0,0.28,29.0,20.42,17.0,11.97,0.87,0.22399999999999998,21.8,9.97,16.67,26.63,22.89,15.76,124.0,0.239,28.0,22.58,14.0,11.29,0.784,0.22,17.35,7.63,16.87,24.5,22.09,20.59
745973,2024-06-26,2024,677649,R,669060,R,strikeout,True,False,118.0,0.257,28.0,23.73,4.0,3.39,0.633,0.08799999999999997,23.63,13.21,12.03,25.24,38.29,18.49,308.0,0.277,86.0,27.92,13.0,4.22,0.738,0.1409999999999999,28.89,15.73,13.64,29.37,39.12,22.25,168.0,0.195,30.0,17.86,9.0,5.36,0.5609999999999999,0.10999999999999999,22.18,10.57,18.54,29.12,26.17,20.69,190.0,0.194,33.0,17.37,8.0,4.21,0.5609999999999999,0.132,19.19,10.0,15.76,25.76,30.57,18.33
745973,2024-06-26,2024,665750,L,669060,R,field_out,False,False,195.0,0.222,38.0,19.49,15.0,7.69,0.6319999999999999,0.12799999999999997,24.2,12.45,14.64,27.09,32.61,17.35,405.0,0.275,86.0,21.23,25.0,6.17,0.767,0.174,24.9,12.5,15.05,27.55,29.44,18.34,142.0,0.28,29.0,20.42,17.0,11.97,0.87,0.22399999999999998,21.8,9.97,16.67,26.63,22.89,15.76,124.0,0.239,28.0,22.58,14.0,11.29,0.784,0.22,17.35,7.63,16.87,24.5,22.09,20.59
745973,2024-06-26,2024,543760,R,669060,R,field_out,False,False,247.0,0.213,34.0,13.77,20.0,8.1,0.626,0.13399999999999998,20.63,10.72,13.55,24.26,26.13,15.25,544.0,0.273,77.0,14.15,52.0,9.56,0.8360000000000001,0.2199999999999999,18.01,8.45,14.48,22.93,21.97,13.9,168.0,0.195,30.0,17.86,9.0,5.36,0.5609999999999999,0.10999999999999999,22.18,10.57,18.54,29.12,26.17,20.69,190.0,0.194,33.0,17.37,8.0,4.21,0.5609999999999999,0.132,19.19,10.0,15.76,25.76,30.57,18.33
745973,2024-06-26,2024,663368,L,641540,R,field_out,False,False,187.0,0.257,53.0,28.34,16.0,8.56,0.7150000000000001,0.126,30.32,12.77,20.52,33.29,24.07,26.5,110.0,0.231,33.0,30.0,17.0,15.45,0.715,0.1319999999999999,24.04,9.0,23.31,32.31,18.26,20.5,124.0,0.231,30.0,24.19,17.0,13.71,0.855,0.269,29.36,12.97,14.47,27.44,22.92,18.07,342.0,0.27,61.0,17.84,33.0,9.65,0.782,0.1629999999999999,20.92,9.95,16.02,25.97,27.73,16.76
745973,2024-06-26,2024,668930,L,641540,R,field_out,False,False,251.0,0.3,39.0,15.54,22.0,8.76,0.798,0.135,12.23,5.62,18.66,24.27,25.33,13.73,376.0,0.224,82.0,21.81,30.0,7.98,0.608,0.097,22.03,10.83,16.08,26.9,28.59,16.14,124.0,0.231,30.0,24.19,17.0,13.71,0.855,0.269,29.36,12.97,14.47,27.44,22.92,18.07,342.0,0.27,61.0,17.84,33.0,9.65,0.782,0.1629999999999999,20.92,9.95,16.02,25.97,27.73,16.76
745973,2024-06-26,2024,687401,R,641540,R,strikeout,True,False,173.0,0.299,22.0,12.72,23.0,13.29,0.869,0.177,15.47,6.19,21.58,27.77,23.17,10.63,13.0,0.077,3.0,23.08,0.0,0.0,0.2309999999999999,0.077,15.79,8.11,21.62,29.73,26.67,33.33,136.0,0.187,38.0,27.94,12.0,8.82,0.5900000000000001,0.138,25.0,10.72,20.33,31.05,25.18,24.05,382.0,0.233,79.0,20.68,22.0,5.76,0.6439999999999999,0.1249999999999999,23.66,10.98,19.19,30.17,27.91,19.75
745973,2024-06-26,2024,608369,L,665625,R,strikeout,True,False,200.0,0.259,24.0,12.0,32.0,16.0,0.862,0.22299999999999998,20.67,10.14,7.81,17.95,24.8,12.77,370.0,0.333,55.0,14.86,42.0,11.35,1.075,0.334,23.9,12.77,6.35,19.12,27.26,15.8,47.0,0.233,14.0,29.79,3.0,6.38,0.624,0.093,26.6,14.53,14.53,29.07,42.31,27.45,108.0,0.198,27.0,25.0,10.0,9.26,0.599,0.1139999999999999,34.21,15.97,15.48,31.45,34.45,24.32
745973,2024-06-26,2024,669701,L,665625,R,hit_by_pitch,False,False,201.0,0.283,32.0,15.92,19.0,9.45,0.8400000000000001,0.17400000000000004,19.01,8.89,18.04,26.93,23.87,12.9,200.0,0.194,46.0,23.0,19.0,9.5,0.623,0.13,20.71,8.96,19.58,28.54,22.65,15.97,47.0,0.233,14.0,29.79,3.0,6.38,0.624,0.093,26.6,14.53,14.53,29.07,42.31,27.45,108.0,0.198,27.0,25.0,10.0,9.26,0.599,0.1139999999999999,34.21,15.97,15.48,31.45,34.45,24.32
745973,2024-06-26,2024,666969,R,665625,R,field_out,False,False,212.0,0.216,56.0,26.42,14.0,6.6,0.681,0.19099999999999998,35.31,17.9,12.27,30.16,33.55,26.05,480.0,0.245,138.0,28.75,41.0,8.54,0.8260000000000001,0.264,31.65,15.93,13.92,29.85,32.02,21.97,91.0,0.291,14.0,15.38,11.0,12.09,0.79,0.11400000000000005,29.33,13.17,19.16,32.34,33.33,16.28,144.0,0.24,27.0,18.75,16.0,11.11,0.629,0.0559999999999999,29.06,13.23,16.34,29.57,33.56,22.13
745973,2024-06-26,2024,694671,R,665625,R,field_out,False,False,171.0,0.256,31.0,18.13,10.0,5.85,0.642,0.08200000000000002,20.19,8.99,19.26,28.25,24.16,13.78,,,,,,,,,,,,,,,91.0,0.291,14.0,15.38,11.0,12.09,0.79,0.11400000000000005,29.33,13.17,19.16,32.34,33.33,16.28,144.0,0.24,27.0,18.75,16.0,11.11,0.629,0.0559999999999999,29.06,13.23,16.34,29.57,33.56,22.13
746293,2024-06-26,2024,665862,L,607625,R,strikeout,True,False,209.0,0.261,52.0,24.88,19.0,9.09,0.787,0.196,28.5,13.36,13.59,26.96,30.99,20.55,290.0,0.275,91.0,31.38,20.0,6.9,0.8540000000000001,0.25,35.14,15.36,16.88,32.24,26.1,27.41,225.0,0.217,52.0,23.11,17.0,7.56,0.597,0.093,22.25,9.62,20.74,30.36,24.88,20.47,307.0,0.252,76.0,24.76,18.0,5.86,0.744,0.192,23.65,10.83,18.63,29.46,24.83,19.69
746293,2024-06-26,2024,650559,R,607625,R,field_out,False,False,219.0,0.22,55.0,25.11,16.0,7.31,0.6950000000000001,0.19499999999999998,31.63,16.32,13.45,29.77,32.23,21.48,473.0,0.251,107.0,22.62,29.0,6.13,0.717,0.1689999999999999,28.95,14.54,15.93,30.47,34.61,18.71,217.0,0.224,43.0,19.82,9.0,4.15,0.633,0.144,21.94,10.27,18.34,28.61,28.0,21.39,297.0,0.245,64.0,21.55,18.0,6.06,0.6719999999999999,0.134,20.04,9.36,18.89,28.25,27.02,20.13
746293,2024-06-26,2024,605137,L,607625,R,field_out,False,False,214.0,0.263,42.0,19.63,12.0,5.61,0.7130000000000001,0.129,29.62,15.92,10.2,26.12,28.99,23.84,432.0,0.239,93.0,21.53,39.0,9.03,0.6970000000000001,0.148,24.59,11.57,13.95,25.52,28.11,20.58,225.0,0.217,52.0,23.11,17.0,7.56,0.597,0.093,22.25,9.62,20.74,30.36,24.88,20.47,307.0,0.252,76.0,24.76,18.0,5.86,0.744,0.192,23.65,10.83,18.63,29.46,24.83,19.69
746293,2024-06-26,2024,672580,R,630023,R,walk,False,True,288.0,0.23,54.0,18.75,23.0,7.99,0.604,0.08399999999999999,19.14,8.28,20.74,29.02,21.66,17.76,400.0,0.258,94.0,23.5,33.0,8.25,0.648,0.071,20.3,8.71,19.59,28.3,19.12,19.96,21.0,0.211,7.0,33.33,2.0,9.52,0.5489999999999999,0.05200000000000002,20.0,9.09,21.59,30.68,31.82,25.93,184.0,0.278,29.0,15.76,14.0,7.61,0.829,0.2099999999999999,21.34,10.32,14.45,24.78,26.63,16.57
746293,2024-06-26,2024,677951,R,630023,R,strikeout,True,False,299.0,0.314,52.0,17.39,23.0,7.69,0.91,0.22800000000000004,24.11,11.86,14.85,26.71,30.07,17.39,547.0,0.27,93.0,17.0,33.0,6.03,0.8,0.2149999999999999,22.15,10.87,15.53,26.4,29.62,14.44,21.0,0.211,7.0,33.33,2.0,9.52,0.5489999999999999,0.05200000000000002,20.0,9.09,21.59,30.68,31.82,25.93,184.0,0.278,29.0,15.76,14.0,7.61,0.829,0.2099999999999999,21.34,10.32,14.45,24.78,26.63,16.57
746293,2024-06-26,2024,686469,L,630023,R,single,False,False,254.0,0.227,33.0,12.99,29.0,11.42,0.737,0.18999999999999997,13.14,5.78,16.16,21.94,27.17,12.64,188.0,0.251,23.0,12.23,15.0,7.98,0.784,0.217,14.85,7.02,17.48,24.5,34.8,10.0,22.0,0.333,4.0,18.18,1.0,4.55,0.9349999999999999,0.23799999999999993,20.45,11.69,14.29,25.97,38.24,16.67,185.0,0.272,24.0,12.97,13.0,7.03,0.8109999999999999,0.2069999999999999,14.11,6.9,15.44,22.34,25.47,12.7
746293,2024-06-26,2024,521692,R,630023,R,field_out,False,False,242.0,0.272,45.0,18.6,18.0,7.44,0.8089999999999999,0.193,25.9,14.84,9.59,24.43,43.29,15.9,437.0,0.264,100.0,22.88,11.0,2.52,0.73,0.174,30.72,18.16,9.73,27.89,45.56,22.08,21.0,0.211,7.0,33.33,2.0,9.52,0.5489999999999999,0.05200000000000002,20.0,9.09,21.59,30.68,31.82,25.93,184.0,0.278,29.0,15.76,14.0,7.61,0.829,0.2099999999999999,21.34,10.32,14.45,24.78,26.63,16.57
746293,2024-06-26,2024,686681,L,630023,R,strikeout,True,False,87.0,0.301,12.0,13.79,2.0,2.3,0.8280000000000001,0.21700000000000003,12.73,6.6,19.18,25.79,34.93,11.11,374.0,0.226,82.0,21.93,20.0,5.35,0.669,0.172,21.6,11.34,13.44,24.79,33.12,15.65,22.0,0.333,4.0,18.18,1.0,4.55,0.9349999999999999,0.23799999999999993,20.45,11.69,14.29,25.97,38.24,16.67,185.0,0.272,24.0,12.97,13.0,7.03,0.8109999999999999,0.2069999999999999,14.11,6.9,15.44,22.34,25.47,12.7
746293,2024-06-26,2024,660821,L,607625,R,strikeout,True,False,198.0,0.264,49.0,24.75,12.0,6.06,0.736,0.15399999999999997,27.16,14.7,12.5,27.2,35.92,21.03,353.0,0.258,93.0,26.35,36.0,10.2,0.805,0.21,29.33,14.21,14.01,28.21,30.32,20.53,225.0,0.217,52.0,23.11,17.0,7.56,0.597,0.093,22.25,9.62,20.74,30.36,24.88,20.47,307.0,0.252,76.0,24.76,18.0,5.86,0.744,0.192,23.65,10.83,18.63,29.46,24.83,19.69
746293,2024-06-26,2024,669394,R,607625,R,walk,False,True,158.0,0.235,42.0,26.58,8.0,5.06,0.668,0.16100000000000003,27.27,14.44,15.86,30.3,38.23,26.92,402.0,0.247,112.0,27.86,23.0,5.72,0.8,0.249,34.59,18.69,13.25,31.93,39.43,23.09,217.0,0.224,43.0,19.82,9.0,4.15,0.633,0.144,21.94,10.27,18.34,28.61,28.0,21.39,297.0,0.245,64.0,21.55,18.0,6.06,0.6719999999999999,0.134,20.04,9.36,18.89,28.25,27.02,20.13
746293,2024-06-26,2024,672640,R,607625,R,force_out,False,False,114.0,0.272,18.0,15.79,6.0,5.26,0.7,0.11599999999999999,22.17,11.9,13.49,25.4,31.32,17.17,,,,,,,,,,,,,,,217.0,0.224,43.0,19.82,9.0,4.15,0.633,0.144,21.94,10.27,18.34,28.61,28.0,21.39,297.0,0.245,64.0,21.55,18.0,6.06,0.6719999999999999,0.134,20.04,9.36,18.89,28.25,27.02,20.13
746293,2024-06-26,2024,641313,R,607625,R,strikeout,True,False,142.0,0.201,41.0,28.87,2.0,1.41,0.429,0.014999999999999986,30.31,15.73,15.91,31.65,37.18,23.3,396.0,0.226,95.0,23.99,21.0,5.3,0.538,0.04,26.05,13.64,14.67,28.31,36.05,20.88,217.0,0.224,43.0,19.82,9.0,4.15,0.633,0.144,21.94,10.27,18.34,28.61,28.0,21.39,297.0,0.245,64.0,21.55,18.0,6.06,0.6719999999999999,0.134,20.04,9.36,18.89,28.25,27.02,20.13
746293,2024-06-26,2024,669004,L,630023,R,field_out,False,False,202.0,0.187,54.0,26.73,19.0,9.41,0.6739999999999999,0.21999999999999997,30.07,15.38,11.85,27.22,26.48,17.31,459.0,0.239,122.0,26.58,55.0,11.98,0.752,0.181,32.7,15.24,15.56,30.8,24.84,20.68,22.0,0.333,4.0,18.18,1.0,4.55,0.9349999999999999,0.23799999999999993,20.45,11.69,14.29,25.97,38.24,16.67,185.0,0.272,24.0,12.97,13.0,7.03,0.8109999999999999,0.2069999999999999,14.11,6.9,15.44,22.34,25.47,12.7
746293,2024-06-26,2024,592669,R,630023,R,field_out,False,False,141.0,0.198,28.0,19.86,14.0,9.93,0.657,0.175,25.94,10.78,21.22,32.0,24.66,16.18,408.0,0.229,91.0,22.3,35.0,8.58,0.723,0.1969999999999999,28.12,14.44,14.12,28.56,33.7,19.12,21.0,0.211,7.0,33.33,2.0,9.52,0.5489999999999999,0.05200000000000002,20.0,9.09,21.59,30.68,31.82,25.93,184.0,0.278,29.0,15.76,14.0,7.61,0.829,0.2099999999999999,21.34,10.32,14.45,24.78,26.63,16.57
746293,2024-06-26,2024,680769,L,630023,R,field_out,False,False,6.0,0.0,2.0,33.33,0.0,0.0,0.0,0.0,50.0,38.89,5.56,44.44,76.92,50.0,,,,,,,,,,,,,,,22.0,0.333,4.0,18.18,1.0,4.55,0.9349999999999999,0.23799999999999993,20.45,11.69,14.29,25.97,38.24,16.67,185.0,0.272,24.0,12.97,13.0,7.03,0.8109999999999999,0.2069999999999999,14.11,6.9,15.44,22.34,25.47,12.7
746293,2024-06-26,2024,624503,L,607625,R,strikeout,True,False,184.0,0.23,43.0,23.37,7.0,3.8,0.631,0.144,31.42,19.24,9.16,28.4,44.44,21.5,83.0,0.16,10.0,12.05,1.0,1.2,0.48,0.149,20.99,12.19,10.39,22.58,38.35,12.82,225.0,0.217,52.0,23.11,17.0,7.56,0.597,0.093,22.25,9.62,20.74,30.36,24.88,20.47,307.0,0.252,76.0,24.76,18.0,5.86,0.744,0.192,23.65,10.83,18.63,29.46,24.83,19.69
746293,2024-06-26,2024,645305,R,607625,R,field_out,False,False,8.0,0.167,3.0,37.5,1.0,12.5,0.45299999999999996,0.0,33.33,18.52,18.52,37.04,41.67,27.27,,,,,,,,,,,,,,,217.0,0.224,43.0,19.82,9.0,4.15,0.633,0.144,21.94,10.27,18.34,28.61,28.0,21.39,297.0,0.245,64.0,21.55,18.0,6.06,0.6719999999999999,0.134,20.04,9.36,18.89,28.25,27.02,20.13
746293,2024-06-26,2024,665862,L,607625,R,field_out,False,False,209.0,0.261,52.0,24.88,19.0,9.09,0.787,0.196,28.5,13.36,13.59,26.96,30.99,20.55,290.0,0.275,91.0,31.38,20.0,6.9,0.8540000000000001,0.25,35.14,15.36,16.88,32.24,26.1,27.41,225.0,0.217,52.0,23.11,17.0,7.56,0.597,0.093,22.25,9.62,20.74,30.36,24.88,20.47,307.0,0.252,76.0,24.76,18.0,5.86,0.744,0.192,23.65,10.83,18.63,29.46,24.83,19.69
746293,2024-06-26,2024,664728,L,630023,R,field_out,False,False,182.0,0.226,30.0,16.48,10.0,5.49,0.631,0.13699999999999998,17.47,8.08,20.6,28.68,32.79,18.4,253.0,0.223,43.0,17.0,12.0,4.74,0.631,0.147,20.48,9.51,19.8,29.31,28.6,18.78,22.0,0.333,4.0,18.18,1.0,4.55,0.9349999999999999,0.23799999999999993,20.45,11.69,14.29,25.97,38.24,16.67,185.0,0.272,24.0,12.97,13.0,7.03,0.8109999999999999,0.2069999999999999,14.11,6.9,15.44,22.34,25.47,12.7
746293,2024-06-26,2024,672580,R,630023,R,walk,False,True,288.0,0.23,54.0,18.75,23.0,7.99,0.604,0.08399999999999999,19.14,8.28,20.74,29.02,21.66,17.76,400.0,0.258,94.0,23.5,33.0,8.25,0.648,0.071,20.3,8.71,19.59,28.3,19.12,19.96,21.0,0.211,7.0,33.33,2.0,9.52,0.5489999999999999,0.05200000000000002,20.0,9.09,21.59,30.68,31.82,25.93,184.0,0.278,29.0,15.76,14.0,7.61,0.829,0.2099999999999999,21.34,10.32,14.45,24.78,26.63,16.57
746293,2024-06-26,2024,677951,R,630023,R,double,False,False,299.0,0.314,52.0,17.39,23.0,7.69,0.91,0.22800000000000004,24.11,11.86,14.85,26.71,30.07,17.39,547.0,0.27,93.0,17.0,33.0,6.03,0.8,0.2149999999999999,22.15,10.87,15.53,26.4,29.62,14.44,21.0,0.211,7.0,33.33,2.0,9.52,0.5489999999999999,0.05200000000000002,20.0,9.09,21.59,30.68,31.82,25.93,184.0,0.278,29.0,15.76,14.0,7.61,0.829,0.2099999999999999,21.34,10.32,14.45,24.78,26.63,16.57
746293,2024-06-26,2024,686469,L,630023,R,field_out,False,False,254.0,0.227,33.0,12.99,29.0,11.42,0.737,0.18999999999999997,13.14,5.78,16.16,21.94,27.17,12.64,188.0,0.251,23.0,12.23,15.0,7.98,0.784,0.217,14.85,7.02,17.48,24.5,34.8,10.0,22.0,0.333,4.0,18.18,1.0,4.55,0.9349999999999999,0.23799999999999993,20.45,11.69,14.29,25.97,38.24,16.67,185.0,0.272,24.0,12.97,13.0,7.03,0.8109999999999999,0.2069999999999999,14.11,6.9,15.44,22.34,25.47,12.7
746293,2024-06-26,2024,650559,R,607625,R,field_out,False,False,219.0,0.22,55.0,25.11,16.0,7.31,0.6950000000000001,0.19499999999999998,31.63,16.32,13.45,29.77,32.23,21.48,473.0,0.251,107.0,22.62,29.0,6.13,0.717,0.1689999999999999,28.95,14.54,15.93,30.47,34.61,18.71,217.0,0.224,43.0,19.82,9.0,4.15,0.633,0.144,21.94,10.27,18.34,28.61,28.0,21.39,297.0,0.245,64.0,21.55,18.0,6.06,0.6719999999999999,0.134,20.04,9.36,18.89,28.25,27.02,20.13
746293,2024-06-26,2024,605137,L,607625,R,field_out,False,False,214.0,0.263,42.0,19.63,12.0,5.61,0.7130000000000001,0.129,29.62,15.92,10.2,26.12,28.99,23.84,432.0,0.239,93.0,21.53,39.0,9.03,0.6970000000000001,0.148,24.59,11.57,13.95,25.52,28.11,20.58,225.0,0.217,52.0,23.11,17.0,7.56,0.597,0.093,22.25,9.62,20.74,30.36,24.88,20.47,307.0,0.252,76.0,24.76,18.0,5.86,0.744,0.192,23.65,10.83,18.63,29.46,24.83,19.69
746293,2024-06-26,2024,660821,L,607625,R,strikeout,True,False,198.0,0.264,49.0,24.75,12.0,6.06,0.736,0.15399999999999997,27.16,14.7,12.5,27.2,35.92,21.03,353.0,0.258,93.0,26.35,36.0,10.2,0.805,0.21,29.33,14.21,14.01,28.21,30.32,20.53,225.0,0.217,52.0,23.11,17.0,7.56,0.597,0.093,22.25,9.62,20.74,30.36,24.88,20.47,307.0,0.252,76.0,24.76,18.0,5.86,0.744,0.192,23.65,10.83,18.63,29.46,24.83,19.69
746293,2024-06-26,2024,521692,R,630023,R,field_out,False,False,242.0,0.272,45.0,18.6,18.0,7.44,0.8089999999999999,0.193,25.9,14.84,9.59,24.43,43.29,15.9,437.0,0.264,100.0,22.88,11.0,2.52,0.73,0.174,30.72,18.16,9.73,27.89,45.56,22.08,21.0,0.211,7.0,33.33,2.0,9.52,0.5489999999999999,0.05200000000000002,20.0,9.09,21.59,30.68,31.82,25.93,184.0,0.278,29.0,15.76,14.0,7.61,0.829,0.2099999999999999,21.34,10.32,14.45,24.78,26.63,16.57
746293,2024-06-26,2024,686681,L,630023,R,double,False,False,87.0,0.301,12.0,13.79,2.0,2.3,0.8280000000000001,0.21700000000000003,12.73,6.6,19.18,25.79,34.93,11.11,374.0,0.226,82.0,21.93,20.0,5.35,0.669,0.172,21.6,11.34,13.44,24.79,33.12,15.65,22.0,0.333,4.0,18.18,1.0,4.55,0.9349999999999999,0.23799999999999993,20.45,11.69,14.29,25.97,38.24,16.67,185.0,0.272,24.0,12.97,13.0,7.03,0.8109999999999999,0.2069999999999999,14.11,6.9,15.44,22.34,25.47,12.7
746293,2024-06-26,2024,669004,L,630023,R,walk,False,True,202.0,0.187,54.0,26.73,19.0,9.41,0.6739999999999999,0.21999999999999997,30.07,15.38,11.85,27.22,26.48,17.31,459.0,0.239,122.0,26.58,55.0,11.98,0.752,0.181,32.7,15.24,15.56,30.8,24.84,20.68,22.0,0.333,4.0,18.18,1.0,4.55,0.9349999999999999,0.23799999999999993,20.45,11.69,14.29,25.97,38.24,16.67,185.0,0.272,24.0,12.97,13.0,7.03,0.8109999999999999,0.2069999999999999,14.11,6.9,15.44,22.34,25.47,12.7
746293,2024-06-26,2024,592669,R,630023,R,strikeout,True,False,141.0,0.198,28.0,19.86,14.0,9.93,0.657,0.175,25.94,10.78,21.22,32.0,24.66,16.18,408.0,0.229,91.0,22.3,35.0,8.58,0.723,0.1969999999999999,28.12,14.44,14.12,28.56,33.7,19.12,21.0,0.211,7.0,33.33,2.0,9.52,0.5489999999999999,0.05200000000000002,20.0,9.09,21.59,30.68,31.82,25.93,184.0,0.278,29.0,15.76,14.0,7.61,0.829,0.2099999999999999,21.34,10.32,14.45,24.78,26.63,16.57
746293,2024-06-26,2024,680769,L,630023,R,field_out,False,False,6.0,0.0,2.0,33.33,0.0,0.0,0.0,0.0,50.0,38.89,5.56,44.44,76.92,50.0,,,,,,,,,,,,,,,22.0,0.333,4.0,18.18,1.0,4.55,0.9349999999999999,0.23799999999999993,20.45,11.69,14.29,25.97,38.24,16.67,185.0,0.272,24.0,12.97,13.0,7.03,0.8109999999999999,0.2069999999999999,14.11,6.9,15.44,22.34,25.47,12.7
746293,2024-06-26,2024,669394,R,607625,R,field_out,False,False,158.0,0.235,42.0,26.58,8.0,5.06,0.668,0.16100000000000003,27.27,14.44,15.86,30.3,38.23,26.92,402.0,0.247,112.0,27.86,23.0,5.72,0.8,0.249,34.59,18.69,13.25,31.93,39.43,23.09,217.0,0.224,43.0,19.82,9.0,4.15,0.633,0.144,21.94,10.27,18.34,28.61,28.0,21.39,297.0,0.245,64.0,21.55,18.0,6.06,0.6719999999999999,0.134,20.04,9.36,18.89,28.25,27.02,20.13
746293,2024-06-26,2024,672640,R,607625,R,single,False,False,114.0,0.272,18.0,15.79,6.0,5.26,0.7,0.11599999999999999,22.17,11.9,13.49,25.4,31.32,17.17,,,,,,,,,,,,,,,217.0,0.224,43.0,19.82,9.0,4.15,0.633,0.144,21.94,10.27,18.34,28.61,28.0,21.39,297.0,0.245,64.0,21.55,18.0,6.06,0.6719999999999999,0.134,20.04,9.36,18.89,28.25,27.02,20.13
746293,2024-06-26,2024,641313,R,607625,R,strikeout,True,False,142.0,0.201,41.0,28.87,2.0,1.41,0.429,0.014999999999999986,30.31,15.73,15.91,31.65,37.18,23.3,396.0,0.226,95.0,23.99,21.0,5.3,0.538,0.04,26.05,13.64,14.67,28.31,36.05,20.88,217.0,0.224,43.0,19.82,9.0,4.15,0.633,0.144,21.94,10.27,18.34,28.61,28.0,21.39,297.0,0.245,64.0,21.55,18.0,6.06,0.6719999999999999,0.134,20.04,9.36,18.89,28.25,27.02,20.13
746293,2024-06-26,2024,624503,L,607625,R,field_out,False,False,184.0,0.23,43.0,23.37,7.0,3.8,0.631,0.144,31.42,19.24,9.16,28.4,44.44,21.5,83.0,0.16,10.0,12.05,1.0,1.2,0.48,0.149,20.99,12.19,10.39,22.58,38.35,12.82,225.0,0.217,52.0,23.11,17.0,7.56,0.597,0.093,22.25,9.62,20.74,30.36,24.88,20.47,307.0,0.252,76.0,24.76,18.0,5.86,0.744,0.192,23.65,10.83,18.63,29.46,24.83,19.69
746293,2024-06-26,2024,664728,L,630023,R,field_out,False,False,182.0,0.226,30.0,16.48,10.0,5.49,0.631,0.13699999999999998,17.47,8.08,20.6,28.68,32.79,18.4,253.0,0.223,43.0,17.0,12.0,4.74,0.631,0.147,20.48,9.51,19.8,29.31,28.6,18.78,22.0,0.333,4.0,18.18,1.0,4.55,0.9349999999999999,0.23799999999999993,20.45,11.69,14.29,25.97,38.24,16.67,185.0,0.272,24.0,12.97,13.0,7.03,0.8109999999999999,0.2069999999999999,14.11,6.9,15.44,22.34,25.47,12.7
746293,2024-06-26,2024,672580,R,630023,R,strikeout,True,False,288.0,0.23,54.0,18.75,23.0,7.99,0.604,0.08399999999999999,19.14,8.28,20.74,29.02,21.66,17.76,400.0,0.258,94.0,23.5,33.0,8.25,0.648,0.071,20.3,8.71,19.59,28.3,19.12,19.96,21.0,0.211,7.0,33.33,2.0,9.52,0.5489999999999999,0.05200000000000002,20.0,9.09,21.59,30.68,31.82,25.93,184.0,0.278,29.0,15.76,14.0,7.61,0.829,0.2099999999999999,21.34,10.32,14.45,24.78,26.63,16.57
746293,2024-06-26,2024,677951,R,630023,R,strikeout,True,False,299.0,0.314,52.0,17.39,23.0,7.69,0.91,0.22800000000000004,24.11,11.86,14.85,26.71,30.07,17.39,547.0,0.27,93.0,17.0,33.0,6.03,0.8,0.2149999999999999,22.15,10.87,15.53,26.4,29.62,14.44,21.0,0.211,7.0,33.33,2.0,9.52,0.5489999999999999,0.05200000000000002,20.0,9.09,21.59,30.68,31.82,25.93,184.0,0.278,29.0,15.76,14.0,7.61,0.829,0.2099999999999999,21.34,10.32,14.45,24.78,26.63,16.57
746293,2024-06-26,2024,645305,R,607625,R,walk,False,True,8.0,0.167,3.0,37.5,1.0,12.5,0.45299999999999996,0.0,33.33,18.52,18.52,37.04,41.67,27.27,,,,,,,,,,,,,,,217.0,0.224,43.0,19.82,9.0,4.15,0.633,0.144,21.94,10.27,18.34,28.61,28.0,21.39,297.0,0.245,64.0,21.55,18.0,6.06,0.6719999999999999,0.134,20.04,9.36,18.89,28.25,27.02,20.13
746293,2024-06-26,2024,665862,L,607625,R,strikeout,True,False,209.0,0.261,52.0,24.88,19.0,9.09,0.787,0.196,28.5,13.36,13.59,26.96,30.99,20.55,290.0,0.275,91.0,31.38,20.0,6.9,0.8540000000000001,0.25,35.14,15.36,16.88,32.24,26.1,27.41,225.0,0.217,52.0,23.11,17.0,7.56,0.597,0.093,22.25,9.62,20.74,30.36,24.88,20.47,307.0,0.252,76.0,24.76,18.0,5.86,0.744,0.192,23.65,10.83,18.63,29.46,24.83,19.69
746293,2024-06-26,2024,650559,R,607625,R,field_out,False,False,219.0,0.22,55.0,25.11,16.0,7.31,0.6950000000000001,0.19499999999999998,31.63,16.32,13.45,29.77,32.23,21.48,473.0,0.251,107.0,22.62,29.0,6.13,0.717,0.1689999999999999,28.95,14.54,15.93,30.47,34.61,18.71,217.0,0.224,43.0,19.82,9.0,4.15,0.633,0.144,21.94,10.27,18.34,28.61,28.0,21.39,297.0,0.245,64.0,21.55,18.0,6.06,0.6719999999999999,0.134,20.04,9.36,18.89,28.25,27.02,20.13
746293,2024-06-26,2024,605137,L,607625,R,single,False,False,214.0,0.263,42.0,19.63,12.0,5.61,0.7130000000000001,0.129,29.62,15.92,10.2,26.12,28.99,23.84,432.0,0.239,93.0,21.53,39.0,9.03,0.6970000000000001,0.148,24.59,11.57,13.95,25.52,28.11,20.58,225.0,0.217,52.0,23.11,17.0,7.56,0.597,0.093,22.25,9.62,20.74,30.36,24.88,20.47,307.0,0.252,76.0,24.76,18.0,5.86,0.744,0.192,23.65,10.83,18.63,29.46,24.83,19.69
746293,2024-06-26,2024,660821,L,607625,R,strikeout,True,False,198.0,0.264,49.0,24.75,12.0,6.06,0.736,0.15399999999999997,27.16,14.7,12.5,27.2,35.92,21.03,353.0,0.258,93.0,26.35,36.0,10.2,0.805,0.21,29.33,14.21,14.01,28.21,30.32,20.53,225.0,0.217,52.0,23.11,17.0,7.56,0.597,0.093,22.25,9.62,20.74,30.36,24.88,20.47,307.0,0.252,76.0,24.76,18.0,5.86,0.744,0.192,23.65,10.83,18.63,29.46,24.83,19.69
746293,2024-06-26,2024,686469,L,640462,L,strikeout,True,False,62.0,0.25,10.0,16.13,2.0,3.23,0.649,0.125,20.51,9.72,20.24,29.96,31.58,13.16,72.0,0.233,8.0,11.11,10.0,13.89,0.697,0.1169999999999999,25.44,10.86,18.35,29.21,25.19,14.29,47.0,0.256,11.0,23.4,3.0,6.38,0.6990000000000001,0.139,26.25,12.65,18.67,31.33,29.41,26.83,76.0,0.197,29.0,38.16,2.0,2.63,0.5780000000000001,0.141,33.08,15.03,23.78,38.81,33.07,30.85
746293,2024-06-26,2024,521692,R,640462,L,field_out,False,False,73.0,0.303,12.0,16.44,6.0,8.22,0.8089999999999999,0.136,30.56,17.67,10.44,28.11,45.97,17.91,146.0,0.227,35.0,23.97,8.0,5.48,0.6659999999999999,0.144,28.96,17.6,9.44,27.04,51.15,18.82,103.0,0.262,16.0,15.53,17.0,16.5,0.8440000000000001,0.19,21.69,9.79,15.99,25.78,26.27,12.8,166.0,0.261,49.0,29.52,11.0,6.63,0.765,0.197,33.03,16.05,18.42,34.47,27.76,21.88
746293,2024-06-26,2024,686681,L,640462,L,strikeout,True,False,30.0,0.269,7.0,23.33,1.0,3.33,0.8240000000000001,0.269,30.0,15.62,18.75,34.38,47.17,26.92,87.0,0.241,17.0,19.54,4.0,4.6,0.591,0.063,26.42,13.17,15.99,29.15,28.39,18.48,47.0,0.256,11.0,23.4,3.0,6.38,0.6990000000000001,0.139,26.25,12.65,18.67,31.33,29.41,26.83,76.0,0.197,29.0,38.16,2.0,2.63,0.5780000000000001,0.141,33.08,15.03,23.78,38.81,33.07,30.85
746293,2024-06-26,2024,669394,R,672578,R,strikeout,True,False,158.0,0.235,42.0,26.58,8.0,5.06,0.668,0.16100000000000003,27.27,14.44,15.86,30.3,38.23,26.92,402.0,0.247,112.0,27.86,23.0,5.72,0.8,0.249,34.59,18.69,13.25,31.93,39.43,23.09,21.0,0.167,3.0,14.29,3.0,14.29,0.508,0.05499999999999999,14.29,7.45,13.83,21.28,18.6,7.32,156.0,0.273,35.0,22.44,15.0,9.62,0.8720000000000001,0.259,30.31,15.75,13.15,28.9,31.09,16.28
746293,2024-06-26,2024,672640,R,672578,R,double,False,False,114.0,0.272,18.0,15.79,6.0,5.26,0.7,0.11599999999999999,22.17,11.9,13.49,25.4,31.32,17.17,,,,,,,,,,,,,,,21.0,0.167,3.0,14.29,3.0,14.29,0.508,0.05499999999999999,14.29,7.45,13.83,21.28,18.6,7.32,156.0,0.273,35.0,22.44,15.0,9.62,0.8720000000000001,0.259,30.31,15.75,13.15,28.9,31.09,16.28
746293,2024-06-26,2024,641313,R,672578,R,field_out,False,False,142.0,0.201,41.0,28.87,2.0,1.41,0.429,0.014999999999999986,30.31,15.73,15.91,31.65,37.18,23.3,396.0,0.226,95.0,23.99,21.0,5.3,0.538,0.04,26.05,13.64,14.67,28.31,36.05,20.88,21.0,0.167,3.0,14.29,3.0,14.29,0.508,0.05499999999999999,14.29,7.45,13.83,21.28,18.6,7.32,156.0,0.273,35.0,22.44,15.0,9.62,0.8720000000000001,0.259,30.31,15.75,13.15,28.9,31.09,16.28
746293,2024-06-26,2024,624503,L,672578,R,single,False,False,184.0,0.23,43.0,23.37,7.0,3.8,0.631,0.144,31.42,19.24,9.16,28.4,44.44,21.5,83.0,0.16,10.0,12.05,1.0,1.2,0.48,0.149,20.99,12.19,10.39,22.58,38.35,12.82,10.0,0.444,0.0,0.0,1.0,10.0,1.056,0.11200000000000004,21.05,9.3,11.63,20.93,20.0,0.0,146.0,0.189,42.0,28.77,17.0,11.64,0.597,0.118,30.58,15.6,11.39,26.99,28.62,19.27
746293,2024-06-26,2024,645305,R,672578,R,single,False,False,8.0,0.167,3.0,37.5,1.0,12.5,0.45299999999999996,0.0,33.33,18.52,18.52,37.04,41.67,27.27,,,,,,,,,,,,,,,21.0,0.167,3.0,14.29,3.0,14.29,0.508,0.05499999999999999,14.29,7.45,13.83,21.28,18.6,7.32,156.0,0.273,35.0,22.44,15.0,9.62,0.8720000000000001,0.259,30.31,15.75,13.15,28.9,31.09,16.28
746293,2024-06-26,2024,665862,L,519293,L,single,False,False,109.0,0.27,28.0,25.69,8.0,7.34,0.73,0.13,27.67,12.78,16.59,29.37,30.17,19.05,94.0,0.172,27.0,28.72,6.0,6.38,0.479,0.081,39.88,19.01,18.18,37.19,30.36,25.23,41.0,0.179,10.0,24.39,1.0,2.44,0.4,0.025999999999999995,29.73,13.84,18.87,32.7,32.1,22.22,66.0,0.177,19.0,28.79,4.0,6.06,0.453,0.049,34.85,17.97,15.23,33.2,37.14,21.95
746293,2024-06-26,2024,650559,R,519293,L,field_out,False,False,116.0,0.291,27.0,23.28,4.0,3.45,0.774,0.16400000000000003,28.26,15.55,13.16,28.71,31.5,25.96,154.0,0.277,35.0,22.73,11.0,7.14,0.708,0.1059999999999999,27.76,13.7,15.51,29.21,33.53,19.77,66.0,0.316,7.0,10.61,7.0,10.61,0.874,0.15799999999999997,23.76,10.76,14.8,25.56,24.53,15.56,161.0,0.224,36.0,22.36,13.0,8.07,0.683,0.171,26.4,12.8,16.48,29.28,32.28,20.34
746293,2024-06-26,2024,641658,R,640462,L,field_out,False,False,59.0,0.264,15.0,25.42,5.0,8.47,0.7050000000000001,0.11299999999999999,22.77,10.7,15.81,26.51,20.0,28.3,82.0,0.264,22.0,26.83,9.0,10.98,0.707,0.0969999999999999,30.16,12.62,19.93,32.56,26.03,28.95,103.0,0.262,16.0,15.53,17.0,16.5,0.8440000000000001,0.19,21.69,9.79,15.99,25.78,26.27,12.8,166.0,0.261,49.0,29.52,11.0,6.63,0.765,0.197,33.03,16.05,18.42,34.47,27.76,21.88
746293,2024-06-26,2024,592669,R,623211,R,field_out,False,False,141.0,0.198,28.0,19.86,14.0,9.93,0.657,0.175,25.94,10.78,21.22,32.0,24.66,16.18,408.0,0.229,91.0,22.3,35.0,8.58,0.723,0.1969999999999999,28.12,14.44,14.12,28.56,33.7,19.12,30.0,0.12,8.0,26.67,3.0,10.0,0.387,0.0,22.06,12.0,14.4,26.4,37.7,20.0,161.0,0.209,46.0,28.57,20.0,12.42,0.618,0.0819999999999999,31.65,14.73,15.91,30.63,34.11,20.72
746293,2024-06-26,2024,680769,L,623211,R,strikeout,True,False,6.0,0.0,2.0,33.33,0.0,0.0,0.0,0.0,50.0,38.89,5.56,44.44,76.92,50.0,,,,,,,,,,,,,,,33.0,0.148,6.0,18.18,6.0,18.18,0.45099999999999996,0.0,36.07,16.3,11.85,28.15,30.38,18.18,96.0,0.298,19.0,19.79,11.0,11.46,0.815,0.142,31.52,15.03,14.45,29.48,33.7,20.43
746293,2024-06-26,2024,605137,R,519293,L,field_out,False,False,112.0,0.212,16.0,14.29,11.0,9.82,0.6399999999999999,0.142,22.99,10.26,14.8,25.06,28.94,16.33,186.0,0.265,41.0,22.04,24.0,12.9,0.854,0.2289999999999999,28.46,13.82,12.89,26.71,26.88,18.81,66.0,0.316,7.0,10.61,7.0,10.61,0.874,0.15799999999999997,23.76,10.76,14.8,25.56,24.53,15.56,161.0,0.224,36.0,22.36,13.0,8.07,0.683,0.171,26.4,12.8,16.48,29.28,32.28,20.34
746293,2024-06-26,2024,660821,L,519293,L,field_out,False,False,44.0,0.098,11.0,25.0,2.0,4.55,0.31100000000000005,0.07300000000000001,32.14,19.29,10.0,29.29,40.0,25.0,50.0,0.213,15.0,30.0,2.0,4.0,0.5640000000000001,0.106,36.46,18.82,18.82,37.63,40.62,23.73,41.0,0.179,10.0,24.39,1.0,2.44,0.4,0.025999999999999995,29.73,13.84,18.87,32.7,32.1,22.22,66.0,0.177,19.0,28.79,4.0,6.06,0.453,0.049,34.85,17.97,15.23,33.2,37.14,21.95
746293,2024-06-26,2024,669394,R,623433,R,double,False,False,158.0,0.235,42.0,26.58,8.0,5.06,0.668,0.16100000000000003,27.27,14.44,15.86,30.3,38.23,26.92,402.0,0.247,112.0,27.86,23.0,5.72,0.8,0.249,34.59,18.69,13.25,31.93,39.43,23.09,67.0,0.339,12.0,17.91,7.0,10.45,1.096,0.339,17.54,7.75,22.09,29.84,23.15,14.29,85.0,0.297,19.0,22.35,8.0,9.41,0.847,0.189,24.16,10.62,20.94,31.56,23.42,18.63
746293,2024-06-26,2024,672640,R,623433,R,field_out,False,False,114.0,0.272,18.0,15.79,6.0,5.26,0.7,0.11599999999999999,22.17,11.9,13.49,25.4,31.32,17.17,,,,,,,,,,,,,,,67.0,0.339,12.0,17.91,7.0,10.45,1.096,0.339,17.54,7.75,22.09,29.84,23.15,14.29,85.0,0.297,19.0,22.35,8.0,9.41,0.847,0.189,24.16,10.62,20.94,31.56,23.42,18.63
746293,2024-06-26,2024,664728,L,676534,R,field_out,False,False,182.0,0.226,30.0,16.48,10.0,5.49,0.631,0.13699999999999998,17.47,8.08,20.6,28.68,32.79,18.4,253.0,0.223,43.0,17.0,12.0,4.74,0.631,0.147,20.48,9.51,19.8,29.31,28.6,18.78,45.0,0.216,14.0,31.11,7.0,15.56,0.7110000000000001,0.162,26.83,11.28,17.95,29.23,23.96,19.72,44.0,0.333,6.0,13.64,4.0,9.09,0.819,0.0769999999999999,19.05,8.42,18.95,27.37,21.98,8.96
746293,2024-06-26,2024,672580,R,676534,R,field_out,False,False,288.0,0.23,54.0,18.75,23.0,7.99,0.604,0.08399999999999999,19.14,8.28,20.74,29.02,21.66,17.76,400.0,0.258,94.0,23.5,33.0,8.25,0.648,0.071,20.3,8.71,19.59,28.3,19.12,19.96,76.0,0.254,17.0,22.37,6.0,7.89,0.667,0.08900000000000002,26.87,12.08,14.09,26.17,21.19,18.09,76.0,0.265,19.0,25.0,8.0,10.53,0.827,0.2199999999999999,25.16,12.27,15.95,28.22,27.98,15.97
746293,2024-06-26,2024,677951,R,676534,R,strikeout,True,False,299.0,0.314,52.0,17.39,23.0,7.69,0.91,0.22800000000000004,24.11,11.86,14.85,26.71,30.07,17.39,547.0,0.27,93.0,17.0,33.0,6.03,0.8,0.2149999999999999,22.15,10.87,15.53,26.4,29.62,14.44,76.0,0.254,17.0,22.37,6.0,7.89,0.667,0.08900000000000002,26.87,12.08,14.09,26.17,21.19,18.09,76.0,0.265,19.0,25.0,8.0,10.53,0.827,0.2199999999999999,25.16,12.27,15.95,28.22,27.98,15.97
746293,2024-06-26,2024,641313,R,623433,R,field_out,False,False,142.0,0.201,41.0,28.87,2.0,1.41,0.429,0.014999999999999986,30.31,15.73,15.91,31.65,37.18,23.3,396.0,0.226,95.0,23.99,21.0,5.3,0.538,0.04,26.05,13.64,14.67,28.31,36.05,20.88,67.0,0.339,12.0,17.91,7.0,10.45,1.096,0.339,17.54,7.75,22.09,29.84,23.15,14.29,85.0,0.297,19.0,22.35,8.0,9.41,0.847,0.189,24.16,10.62,20.94,31.56,23.42,18.63
746293,2024-06-26,2024,624503,L,623433,R,field_out,False,False,184.0,0.23,43.0,23.37,7.0,3.8,0.631,0.144,31.42,19.24,9.16,28.4,44.44,21.5,83.0,0.16,10.0,12.05,1.0,1.2,0.48,0.149,20.99,12.19,10.39,22.58,38.35,12.82,63.0,0.185,11.0,17.46,8.0,12.7,0.5449999999999999,0.07400000000000001,27.88,12.18,15.55,27.73,20.83,20.0,58.0,0.14,17.0,29.31,1.0,1.72,0.366,0.0709999999999999,32.46,17.7,20.1,37.8,39.36,23.61
746293,2024-06-26,2024,645305,R,623433,R,strikeout,True,False,8.0,0.167,3.0,37.5,1.0,12.5,0.45299999999999996,0.0,33.33,18.52,18.52,37.04,41.67,27.27,,,,,,,,,,,,,,,67.0,0.339,12.0,17.91,7.0,10.45,1.096,0.339,17.54,7.75,22.09,29.84,23.15,14.29,85.0,0.297,19.0,22.35,8.0,9.41,0.847,0.189,24.16,10.62,20.94,31.56,23.42,18.63
746293,2024-06-26,2024,686469,L,656945,L,field_out,False,False,62.0,0.25,10.0,16.13,2.0,3.23,0.649,0.125,20.51,9.72,20.24,29.96,31.58,13.16,72.0,0.233,8.0,11.11,10.0,13.89,0.697,0.1169999999999999,25.44,10.86,18.35,29.21,25.19,14.29,39.0,0.1,11.0,28.21,8.0,20.51,0.45599999999999996,0.067,35.53,15.7,14.53,30.23,20.93,19.64,100.0,0.193,39.0,39.0,11.0,11.0,0.587,0.1139999999999999,43.85,19.57,19.81,39.38,26.13,31.2
746293,2024-06-26,2024,521692,R,656945,L,single,False,False,73.0,0.303,12.0,16.44,6.0,8.22,0.8089999999999999,0.136,30.56,17.67,10.44,28.11,45.97,17.91,146.0,0.227,35.0,23.97,8.0,5.48,0.6659999999999999,0.144,28.96,17.6,9.44,27.04,51.15,18.82,105.0,0.176,24.0,22.86,15.0,14.29,0.5469999999999999,0.07100000000000001,30.26,14.43,16.14,30.56,30.2,20.87,207.0,0.19,65.0,31.4,13.0,6.28,0.5,0.0529999999999999,32.79,17.6,15.73,33.33,40.1,24.9
746293,2024-06-26,2024,679845,R,656945,L,field_out,False,False,28.0,0.364,3.0,10.71,4.0,14.29,0.964,0.136,9.3,3.85,17.31,21.15,24.14,9.38,24.0,0.421,5.0,20.83,3.0,12.5,1.079,0.1579999999999999,24.32,10.71,14.29,25.0,18.18,26.32,105.0,0.176,24.0,22.86,15.0,14.29,0.5469999999999999,0.07100000000000001,30.26,14.43,16.14,30.56,30.2,20.87,207.0,0.19,65.0,31.4,13.0,6.28,0.5,0.0529999999999999,32.79,17.6,15.73,33.33,40.1,24.9
746293,2024-06-26,2024,641658,R,656945,L,field_out,False,False,59.0,0.264,15.0,25.42,5.0,8.47,0.7050000000000001,0.11299999999999999,22.77,10.7,15.81,26.51,20.0,28.3,82.0,0.264,22.0,26.83,9.0,10.98,0.707,0.0969999999999999,30.16,12.62,19.93,32.56,26.03,28.95,105.0,0.176,24.0,22.86,15.0,14.29,0.5469999999999999,0.07100000000000001,30.26,14.43,16.14,30.56,30.2,20.87,207.0,0.19,65.0,31.4,13.0,6.28,0.5,0.0529999999999999,32.79,17.6,15.73,33.33,40.1,24.9
746775,2024-06-26,2024,660271,L,623167,R,home_run,False,False,226.0,0.333,43.0,19.03,29.0,12.83,1.148,0.39099999999999996,28.6,13.65,13.54,27.19,29.38,17.13,429.0,0.327,99.0,23.08,64.0,14.92,1.132,0.3739999999999999,32.88,15.48,11.59,27.07,28.86,20.75,129.0,0.282,24.0,18.6,11.0,8.53,0.9339999999999999,0.308,24.36,11.45,16.06,27.51,26.74,15.75,210.0,0.282,42.0,20.0,17.0,8.1,0.7949999999999999,0.165,24.87,11.52,15.86,27.39,27.68,20.49
746775,2024-06-26,2024,669257,R,623167,R,field_out,False,False,197.0,0.218,36.0,18.27,15.0,7.61,0.6579999999999999,0.156,20.15,9.77,15.44,25.21,26.85,13.38,407.0,0.268,67.0,16.46,42.0,10.32,0.7949999999999999,0.1659999999999999,19.27,8.8,16.84,25.64,24.5,12.79,212.0,0.245,36.0,16.98,21.0,9.91,0.6839999999999999,0.11699999999999999,20.57,9.47,16.21,25.68,27.74,14.29,256.0,0.345,32.0,12.5,21.0,8.2,1.025,0.28,20.3,10.02,13.61,23.63,27.49,12.06
746775,2024-06-26,2024,518692,L,623167,R,field_out,False,False,220.0,0.346,33.0,15.0,32.0,14.55,1.042,0.253,20.1,9.37,11.51,20.88,22.94,13.15,514.0,0.33,81.0,15.76,57.0,11.09,0.962,0.218,19.83,9.77,11.31,21.08,27.01,16.63,129.0,0.282,24.0,18.6,11.0,8.53,0.9339999999999999,0.308,24.36,11.45,16.06,27.51,26.74,15.75,210.0,0.282,42.0,20.0,17.0,8.1,0.7949999999999999,0.165,24.87,11.52,15.86,27.39,27.68,20.49
746775,2024-06-26,2024,681624,R,623167,R,field_out,False,False,188.0,0.218,51.0,27.13,10.0,5.32,0.649,0.153,27.09,14.58,12.81,27.38,32.97,20.4,,,,,,,,,,,,,,,212.0,0.245,36.0,16.98,21.0,9.91,0.6839999999999999,0.11699999999999999,20.57,9.47,16.21,25.68,27.74,14.29,256.0,0.345,32.0,12.5,21.0,8.2,1.025,0.28,20.3,10.02,13.61,23.63,27.49,12.06
746775,2024-06-26,2024,502054,R,676272,R,walk,False,True,142.0,0.267,27.0,19.01,11.0,7.75,0.683,0.09199999999999997,24.03,9.89,20.85,30.74,19.7,16.98,304.0,0.262,71.0,23.36,28.0,9.21,0.767,0.173,26.61,10.98,19.38,30.37,21.23,21.19,52.0,0.244,9.0,17.31,7.0,13.46,0.724,0.134,19.61,8.93,12.05,20.98,26.72,12.68,238.0,0.252,54.0,22.69,9.0,3.78,0.692,0.149,27.8,13.89,15.68,29.56,31.84,19.71
746775,2024-06-26,2024,643217,L,676272,R,home_run,False,False,185.0,0.234,29.0,15.68,12.0,6.49,0.632,0.11699999999999997,17.93,8.66,16.89,25.55,25.4,15.03,486.0,0.261,67.0,13.79,42.0,8.64,0.67,0.082,19.05,9.13,14.74,23.87,26.13,13.62,35.0,0.333,12.0,34.29,5.0,14.29,1.129,0.36699999999999994,32.26,14.39,17.99,32.37,21.88,27.91,269.0,0.202,65.0,24.16,23.0,8.55,0.607,0.129,25.9,12.07,17.96,30.03,25.68,19.88
746775,2024-06-26,2024,673357,R,676272,R,single,False,False,83.0,0.205,28.0,33.73,5.0,6.02,0.779,0.32100000000000006,33.33,16.85,15.73,32.58,32.6,22.58,477.0,0.252,132.0,27.67,25.0,5.24,0.8340000000000001,0.279,32.83,18.94,10.59,29.53,40.07,24.77,52.0,0.244,9.0,17.31,7.0,13.46,0.724,0.134,19.61,8.93,12.05,20.98,26.72,12.68,238.0,0.252,54.0,22.69,9.0,3.78,0.692,0.149,27.8,13.89,15.68,29.56,31.84,19.71
746775,2024-06-26,2024,650391,R,676272,R,double,False,False,125.0,0.235,23.0,18.4,9.0,7.2,0.697,0.174,23.25,11.96,14.67,26.64,29.46,16.55,392.0,0.273,78.0,19.9,24.0,6.12,0.762,0.172,30.51,16.0,12.65,28.65,36.66,20.91,52.0,0.244,9.0,17.31,7.0,13.46,0.724,0.134,19.61,8.93,12.05,20.98,26.72,12.68,238.0,0.252,54.0,22.69,9.0,3.78,0.692,0.149,27.8,13.89,15.68,29.56,31.84,19.71
746775,2024-06-26,2024,657757,L,676272,R,field_out,False,False,236.0,0.25,39.0,16.53,29.0,12.29,0.7609999999999999,0.16199999999999998,21.4,9.3,18.4,27.7,28.89,12.42,324.0,0.212,58.0,17.9,28.0,8.64,0.63,0.1369999999999999,20.44,9.67,14.66,24.33,29.35,14.25,35.0,0.333,12.0,34.29,5.0,14.29,1.129,0.36699999999999994,32.26,14.39,17.99,32.37,21.88,27.91,269.0,0.202,65.0,24.16,23.0,8.55,0.607,0.129,25.9,12.07,17.96,30.03,25.68,19.88
746775,2024-06-26,2024,657557,R,676272,R,strikeout,True,False,199.0,0.259,61.0,30.65,6.0,3.02,0.7989999999999999,0.23299999999999998,31.74,18.53,9.87,28.4,33.62,24.6,281.0,0.203,86.0,30.6,12.0,4.27,0.603,0.1539999999999999,36.49,19.09,15.38,34.47,35.28,34.68,52.0,0.244,9.0,17.31,7.0,13.46,0.724,0.134,19.61,8.93,12.05,20.98,26.72,12.68,238.0,0.252,54.0,22.69,9.0,3.78,0.692,0.149,27.8,13.89,15.68,29.56,31.84,19.71
746775,2024-06-26,2024,686676,R,676272,R,field_out,False,False,148.0,0.229,45.0,30.41,7.0,4.73,0.644,0.15,40.71,23.69,10.07,33.77,35.08,25.14,47.0,0.116,12.0,25.53,4.0,8.51,0.4,0.0929999999999999,33.71,18.07,13.25,31.33,34.15,23.53,52.0,0.244,9.0,17.31,7.0,13.46,0.724,0.134,19.61,8.93,12.05,20.98,26.72,12.68,238.0,0.252,54.0,22.69,9.0,3.78,0.692,0.149,27.8,13.89,15.68,29.56,31.84,19.71
746775,2024-06-26,2024,518792,L,623167,R,field_out,False,False,97.0,0.22,15.0,15.46,12.0,12.37,0.779,0.219,24.06,11.39,14.94,26.33,27.8,13.04,349.0,0.276,57.0,16.33,32.0,9.17,0.818,0.1949999999999999,20.45,9.51,16.77,26.27,27.56,15.45,129.0,0.282,24.0,18.6,11.0,8.53,0.9339999999999999,0.308,24.36,11.45,16.06,27.51,26.74,15.75,210.0,0.282,42.0,20.0,17.0,8.1,0.7949999999999999,0.165,24.87,11.52,15.86,27.39,27.68,20.49
746775,2024-06-26,2024,500743,R,623167,R,hit_by_pitch,False,False,77.0,0.288,10.0,12.99,3.0,3.9,0.75,0.137,13.6,6.2,20.07,26.28,29.32,14.08,279.0,0.21,36.0,12.9,18.0,6.45,0.546,0.068,19.79,9.92,16.53,26.45,34.53,12.9,212.0,0.245,36.0,16.98,21.0,9.91,0.6839999999999999,0.11699999999999999,20.57,9.47,16.21,25.68,27.74,14.29,256.0,0.345,32.0,12.5,21.0,8.2,1.025,0.28,20.3,10.02,13.61,23.63,27.49,12.06
746775,2024-06-26,2024,666158,L,623167,R,single,False,False,196.0,0.231,42.0,21.43,13.0,6.63,0.606,0.093,19.13,8.62,18.8,27.42,21.67,18.34,,,,,,,,,,,,,,,129.0,0.282,24.0,18.6,11.0,8.53,0.9339999999999999,0.308,24.36,11.45,16.06,27.51,26.74,15.75,210.0,0.282,42.0,20.0,17.0,8.1,0.7949999999999999,0.165,24.87,11.52,15.86,27.39,27.68,20.49
746775,2024-06-26,2024,678246,R,623167,R,field_out,False,False,20.0,0.176,3.0,15.0,2.0,10.0,0.544,0.118,7.69,3.53,18.82,22.35,18.92,9.09,211.0,0.206,47.0,22.27,24.0,11.37,0.6619999999999999,0.15,22.7,10.21,16.28,26.49,22.52,19.5,212.0,0.245,36.0,16.98,21.0,9.91,0.6839999999999999,0.11699999999999999,20.57,9.47,16.21,25.68,27.74,14.29,256.0,0.345,32.0,12.5,21.0,8.2,1.025,0.28,20.3,10.02,13.61,23.63,27.49,12.06
746775,2024-06-26,2024,624415,L,623167,R,strikeout,True,False,140.0,0.19,45.0,32.14,14.0,10.0,0.595,0.08600000000000002,23.98,9.04,24.23,33.28,18.75,22.84,286.0,0.223,69.0,24.13,36.0,12.59,0.7090000000000001,0.149,23.33,9.24,21.47,30.71,15.66,18.6,129.0,0.282,24.0,18.6,11.0,8.53,0.9339999999999999,0.308,24.36,11.45,16.06,27.51,26.74,15.75,210.0,0.282,42.0,20.0,17.0,8.1,0.7949999999999999,0.165,24.87,11.52,15.86,27.39,27.68,20.49
746775,2024-06-26,2024,670032,L,676272,R,single,False,False,200.0,0.244,31.0,15.5,15.0,7.5,0.589,0.03899999999999998,18.16,8.94,15.46,24.4,27.48,16.85,212.0,0.228,33.0,15.57,24.0,11.32,0.647,0.089,22.47,10.7,16.47,27.16,26.6,14.22,35.0,0.333,12.0,34.29,5.0,14.29,1.129,0.36699999999999994,32.26,14.39,17.99,32.37,21.88,27.91,269.0,0.202,65.0,24.16,23.0,8.55,0.607,0.129,25.9,12.07,17.96,30.03,25.68,19.88
746775,2024-06-26,2024,672820,R,676272,R,grounded_into_double_play,False,False,83.0,0.177,24.0,28.92,2.0,2.41,0.422,0.038000000000000006,27.1,13.91,20.53,34.44,38.85,26.97,123.0,0.178,30.0,24.39,2.0,1.63,0.504,0.136,24.69,13.05,16.81,29.87,39.56,22.39,52.0,0.244,9.0,17.31,7.0,13.46,0.724,0.134,19.61,8.93,12.05,20.98,26.72,12.68,238.0,0.252,54.0,22.69,9.0,3.78,0.692,0.149,27.8,13.89,15.68,29.56,31.84,19.71
746775,2024-06-26,2024,502054,R,676272,R,walk,False,True,142.0,0.267,27.0,19.01,11.0,7.75,0.683,0.09199999999999997,24.03,9.89,20.85,30.74,19.7,16.98,304.0,0.262,71.0,23.36,28.0,9.21,0.767,0.173,26.61,10.98,19.38,30.37,21.23,21.19,52.0,0.244,9.0,17.31,7.0,13.46,0.724,0.134,19.61,8.93,12.05,20.98,26.72,12.68,238.0,0.252,54.0,22.69,9.0,3.78,0.692,0.149,27.8,13.89,15.68,29.56,31.84,19.71
746775,2024-06-26,2024,643217,L,676272,R,walk,False,True,185.0,0.234,29.0,15.68,12.0,6.49,0.632,0.11699999999999997,17.93,8.66,16.89,25.55,25.4,15.03,486.0,0.261,67.0,13.79,42.0,8.64,0.67,0.082,19.05,9.13,14.74,23.87,26.13,13.62,35.0,0.333,12.0,34.29,5.0,14.29,1.129,0.36699999999999994,32.26,14.39,17.99,32.37,21.88,27.91,269.0,0.202,65.0,24.16,23.0,8.55,0.607,0.129,25.9,12.07,17.96,30.03,25.68,19.88
746775,2024-06-26,2024,673357,R,676272,R,field_out,False,False,83.0,0.205,28.0,33.73,5.0,6.02,0.779,0.32100000000000006,33.33,16.85,15.73,32.58,32.6,22.58,477.0,0.252,132.0,27.67,25.0,5.24,0.8340000000000001,0.279,32.83,18.94,10.59,29.53,40.07,24.77,52.0,0.244,9.0,17.31,7.0,13.46,0.724,0.134,19.61,8.93,12.05,20.98,26.72,12.68,238.0,0.252,54.0,22.69,9.0,3.78,0.692,0.149,27.8,13.89,15.68,29.56,31.84,19.71
746775,2024-06-26,2024,660271,L,623167,R,walk,False,True,226.0,0.333,43.0,19.03,29.0,12.83,1.148,0.39099999999999996,28.6,13.65,13.54,27.19,29.38,17.13,429.0,0.327,99.0,23.08,64.0,14.92,1.132,0.3739999999999999,32.88,15.48,11.59,27.07,28.86,20.75,129.0,0.282,24.0,18.6,11.0,8.53,0.9339999999999999,0.308,24.36,11.45,16.06,27.51,26.74,15.75,210.0,0.282,42.0,20.0,17.0,8.1,0.7949999999999999,0.165,24.87,11.52,15.86,27.39,27.68,20.49
746775,2024-06-26,2024,669257,R,623167,R,field_out,False,False,197.0,0.218,36.0,18.27,15.0,7.61,0.6579999999999999,0.156,20.15,9.77,15.44,25.21,26.85,13.38,407.0,0.268,67.0,16.46,42.0,10.32,0.7949999999999999,0.1659999999999999,19.27,8.8,16.84,25.64,24.5,12.79,212.0,0.245,36.0,16.98,21.0,9.91,0.6839999999999999,0.11699999999999999,20.57,9.47,16.21,25.68,27.74,14.29,256.0,0.345,32.0,12.5,21.0,8.2,1.025,0.28,20.3,10.02,13.61,23.63,27.49,12.06
746775,2024-06-26,2024,518692,L,623167,R,home_run,False,False,220.0,0.346,33.0,15.0,32.0,14.55,1.042,0.253,20.1,9.37,11.51,20.88,22.94,13.15,514.0,0.33,81.0,15.76,57.0,11.09,0.962,0.218,19.83,9.77,11.31,21.08,27.01,16.63,129.0,0.282,24.0,18.6,11.0,8.53,0.9339999999999999,0.308,24.36,11.45,16.06,27.51,26.74,15.75,210.0,0.282,42.0,20.0,17.0,8.1,0.7949999999999999,0.165,24.87,11.52,15.86,27.39,27.68,20.49
746775,2024-06-26,2024,681624,R,623167,R,field_out,False,False,188.0,0.218,51.0,27.13,10.0,5.32,0.649,0.153,27.09,14.58,12.81,27.38,32.97,20.4,,,,,,,,,,,,,,,212.0,0.245,36.0,16.98,21.0,9.91,0.6839999999999999,0.11699999999999999,20.57,9.47,16.21,25.68,27.74,14.29,256.0,0.345,32.0,12.5,21.0,8.2,1.025,0.28,20.3,10.02,13.61,23.63,27.49,12.06
746775,2024-06-26,2024,518792,L,623167,R,field_out,False,False,97.0,0.22,15.0,15.46,12.0,12.37,0.779,0.219,24.06,11.39,14.94,26.33,27.8,13.04,349.0,0.276,57.0,16.33,32.0,9.17,0.818,0.1949999999999999,20.45,9.51,16.77,26.27,27.56,15.45,129.0,0.282,24.0,18.6,11.0,8.53,0.9339999999999999,0.308,24.36,11.45,16.06,27.51,26.74,15.75,210.0,0.282,42.0,20.0,17.0,8.1,0.7949999999999999,0.165,24.87,11.52,15.86,27.39,27.68,20.49
746775,2024-06-26,2024,650391,R,656848,R,field_out,False,False,125.0,0.235,23.0,18.4,9.0,7.2,0.697,0.174,23.25,11.96,14.67,26.64,29.46,16.55,392.0,0.273,78.0,19.9,24.0,6.12,0.762,0.172,30.51,16.0,12.65,28.65,36.66,20.91,12.0,0.182,3.0,25.0,1.0,8.33,0.523,0.09100000000000003,30.0,13.33,15.56,28.89,21.05,23.08,,,,,,,,,,,,,,
746775,2024-06-26,2024,657757,L,656848,R,field_out,False,False,236.0,0.25,39.0,16.53,29.0,12.29,0.7609999999999999,0.16199999999999998,21.4,9.3,18.4,27.7,28.89,12.42,324.0,0.212,58.0,17.9,28.0,8.64,0.63,0.1369999999999999,20.44,9.67,14.66,24.33,29.35,14.25,7.0,0.0,0.0,0.0,2.0,28.57,0.286,0.0,28.57,16.0,12.0,28.0,38.46,0.0,,,,,,,,,,,,,,
746775,2024-06-26,2024,657557,R,656848,R,double,False,False,199.0,0.259,61.0,30.65,6.0,3.02,0.7989999999999999,0.23299999999999998,31.74,18.53,9.87,28.4,33.62,24.6,281.0,0.203,86.0,30.6,12.0,4.27,0.603,0.1539999999999999,36.49,19.09,15.38,34.47,35.28,34.68,12.0,0.182,3.0,25.0,1.0,8.33,0.523,0.09100000000000003,30.0,13.33,15.56,28.89,21.05,23.08,,,,,,,,,,,,,,
746775,2024-06-26,2024,686676,R,656848,R,walk,False,True,148.0,0.229,45.0,30.41,7.0,4.73,0.644,0.15,40.71,23.69,10.07,33.77,35.08,25.14,47.0,0.116,12.0,25.53,4.0,8.51,0.4,0.0929999999999999,33.71,18.07,13.25,31.33,34.15,23.53,12.0,0.182,3.0,25.0,1.0,8.33,0.523,0.09100000000000003,30.0,13.33,15.56,28.89,21.05,23.08,,,,,,,,,,,,,,
746775,2024-06-26,2024,670032,L,656848,R,field_out,False,False,200.0,0.244,31.0,15.5,15.0,7.5,0.589,0.03899999999999998,18.16,8.94,15.46,24.4,27.48,16.85,212.0,0.228,33.0,15.57,24.0,11.32,0.647,0.089,22.47,10.7,16.47,27.16,26.6,14.22,7.0,0.0,0.0,0.0,2.0,28.57,0.286,0.0,28.57,16.0,12.0,28.0,38.46,0.0,,,,,,,,,,,,,,
746775,2024-06-26,2024,500743,R,623167,R,field_out,False,False,77.0,0.288,10.0,12.99,3.0,3.9,0.75,0.137,13.6,6.2,20.07,26.28,29.32,14.08,279.0,0.21,36.0,12.9,18.0,6.45,0.546,0.068,19.79,9.92,16.53,26.45,34.53,12.9,212.0,0.245,36.0,16.98,21.0,9.91,0.6839999999999999,0.11699999999999999,20.57,9.47,16.21,25.68,27.74,14.29,256.0,0.345,32.0,12.5,21.0,8.2,1.025,0.28,20.3,10.02,13.61,23.63,27.49,12.06
746775,2024-06-26,2024,666158,L,623167,R,walk,False,True,196.0,0.231,42.0,21.43,13.0,6.63,0.606,0.093,19.13,8.62,18.8,27.42,21.67,18.34,,,,,,,,,,,,,,,129.0,0.282,24.0,18.6,11.0,8.53,0.9339999999999999,0.308,24.36,11.45,16.06,27.51,26.74,15.75,210.0,0.282,42.0,20.0,17.0,8.1,0.7949999999999999,0.165,24.87,11.52,15.86,27.39,27.68,20.49
746775,2024-06-26,2024,678246,R,623167,R,single,False,False,20.0,0.176,3.0,15.0,2.0,10.0,0.544,0.118,7.69,3.53,18.82,22.35,18.92,9.09,211.0,0.206,47.0,22.27,24.0,11.37,0.6619999999999999,0.15,22.7,10.21,16.28,26.49,22.52,19.5,212.0,0.245,36.0,16.98,21.0,9.91,0.6839999999999999,0.11699999999999999,20.57,9.47,16.21,25.68,27.74,14.29,256.0,0.345,32.0,12.5,21.0,8.2,1.025,0.28,20.3,10.02,13.61,23.63,27.49,12.06
746775,2024-06-26,2024,624415,L,623167,R,field_out,False,False,140.0,0.19,45.0,32.14,14.0,10.0,0.595,0.08600000000000002,23.98,9.04,24.23,33.28,18.75,22.84,286.0,0.223,69.0,24.13,36.0,12.59,0.7090000000000001,0.149,23.33,9.24,21.47,30.71,15.66,18.6,129.0,0.282,24.0,18.6,11.0,8.53,0.9339999999999999,0.308,24.36,11.45,16.06,27.51,26.74,15.75,210.0,0.282,42.0,20.0,17.0,8.1,0.7949999999999999,0.165,24.87,11.52,15.86,27.39,27.68,20.49
746775,2024-06-26,2024,660271,L,623167,R,single,False,False,226.0,0.333,43.0,19.03,29.0,12.83,1.148,0.39099999999999996,28.6,13.65,13.54,27.19,29.38,17.13,429.0,0.327,99.0,23.08,64.0,14.92,1.132,0.3739999999999999,32.88,15.48,11.59,27.07,28.86,20.75,129.0,0.282,24.0,18.6,11.0,8.53,0.9339999999999999,0.308,24.36,11.45,16.06,27.51,26.74,15.75,210.0,0.282,42.0,20.0,17.0,8.1,0.7949999999999999,0.165,24.87,11.52,15.86,27.39,27.68,20.49
746775,2024-06-26,2024,669257,R,623167,R,strikeout,True,False,197.0,0.218,36.0,18.27,15.0,7.61,0.6579999999999999,0.156,20.15,9.77,15.44,25.21,26.85,13.38,407.0,0.268,67.0,16.46,42.0,10.32,0.7949999999999999,0.1659999999999999,19.27,8.8,16.84,25.64,24.5,12.79,212.0,0.245,36.0,16.98,21.0,9.91,0.6839999999999999,0.11699999999999999,20.57,9.47,16.21,25.68,27.74,14.29,256.0,0.345,32.0,12.5,21.0,8.2,1.025,0.28,20.3,10.02,13.61,23.63,27.49,12.06
746775,2024-06-26,2024,672820,R,656848,R,field_out,False,False,83.0,0.177,24.0,28.92,2.0,2.41,0.422,0.038000000000000006,27.1,13.91,20.53,34.44,38.85,26.97,123.0,0.178,30.0,24.39,2.0,1.63,0.504,0.136,24.69,13.05,16.81,29.87,39.56,22.39,12.0,0.182,3.0,25.0,1.0,8.33,0.523,0.09100000000000003,30.0,13.33,15.56,28.89,21.05,23.08,,,,,,,,,,,,,,
746775,2024-06-26,2024,502054,R,656848,R,field_out,False,False,142.0,0.267,27.0,19.01,11.0,7.75,0.683,0.09199999999999997,24.03,9.89,20.85,30.74,19.7,16.98,304.0,0.262,71.0,23.36,28.0,9.21,0.767,0.173,26.61,10.98,19.38,30.37,21.23,21.19,12.0,0.182,3.0,25.0,1.0,8.33,0.523,0.09100000000000003,30.0,13.33,15.56,28.89,21.05,23.08,,,,,,,,,,,,,,
746775,2024-06-26,2024,643217,L,656848,R,walk,False,True,185.0,0.234,29.0,15.68,12.0,6.49,0.632,0.11699999999999997,17.93,8.66,16.89,25.55,25.4,15.03,486.0,0.261,67.0,13.79,42.0,8.64,0.67,0.082,19.05,9.13,14.74,23.87,26.13,13.62,7.0,0.0,0.0,0.0,2.0,28.57,0.286,0.0,28.57,16.0,12.0,28.0,38.46,0.0,,,,,,,,,,,,,,
746775,2024-06-26,2024,673357,R,656848,R,field_out,False,False,83.0,0.205,28.0,33.73,5.0,6.02,0.779,0.32100000000000006,33.33,16.85,15.73,32.58,32.6,22.58,477.0,0.252,132.0,27.67,25.0,5.24,0.8340000000000001,0.279,32.83,18.94,10.59,29.53,40.07,24.77,12.0,0.182,3.0,25.0,1.0,8.33,0.523,0.09100000000000003,30.0,13.33,15.56,28.89,21.05,23.08,,,,,,,,,,,,,,
746775,2024-06-26,2024,518692,L,623167,R,strikeout,True,False,220.0,0.346,33.0,15.0,32.0,14.55,1.042,0.253,20.1,9.37,11.51,20.88,22.94,13.15,514.0,0.33,81.0,15.76,57.0,11.09,0.962,0.218,19.83,9.77,11.31,21.08,27.01,16.63,129.0,0.282,24.0,18.6,11.0,8.53,0.9339999999999999,0.308,24.36,11.45,16.06,27.51,26.74,15.75,210.0,0.282,42.0,20.0,17.0,8.1,0.7949999999999999,0.165,24.87,11.52,15.86,27.39,27.68,20.49
746775,2024-06-26,2024,681624,R,623167,R,field_out,False,False,188.0,0.218,51.0,27.13,10.0,5.32,0.649,0.153,27.09,14.58,12.81,27.38,32.97,20.4,,,,,,,,,,,,,,,212.0,0.245,36.0,16.98,21.0,9.91,0.6839999999999999,0.11699999999999999,20.57,9.47,16.21,25.68,27.74,14.29,256.0,0.345,32.0,12.5,21.0,8.2,1.025,0.28,20.3,10.02,13.61,23.63,27.49,12.06
746775,2024-06-26,2024,518792,L,623167,R,double,False,False,97.0,0.22,15.0,15.46,12.0,12.37,0.779,0.219,24.06,11.39,14.94,26.33,27.8,13.04,349.0,0.276,57.0,16.33,32.0,9.17,0.818,0.1949999999999999,20.45,9.51,16.77,26.27,27.56,15.45,129.0,0.282,24.0,18.6,11.0,8.53,0.9339999999999999,0.308,24.36,11.45,16.06,27.51,26.74,15.75,210.0,0.282,42.0,20.0,17.0,8.1,0.7949999999999999,0.165,24.87,11.52,15.86,27.39,27.68,20.49
746775,2024-06-26,2024,500743,R,623167,R,field_out,False,False,77.0,0.288,10.0,12.99,3.0,3.9,0.75,0.137,13.6,6.2,20.07,26.28,29.32,14.08,279.0,0.21,36.0,12.9,18.0,6.45,0.546,0.068,19.79,9.92,16.53,26.45,34.53,12.9,212.0,0.245,36.0,16.98,21.0,9.91,0.6839999999999999,0.11699999999999999,20.57,9.47,16.21,25.68,27.74,14.29,256.0,0.345,32.0,12.5,21.0,8.2,1.025,0.28,20.3,10.02,13.61,23.63,27.49,12.06
746775,2024-06-26,2024,650391,R,670990,R,field_out,False,False,125.0,0.235,23.0,18.4,9.0,7.2,0.697,0.174,23.25,11.96,14.67,26.64,29.46,16.55,392.0,0.273,78.0,19.9,24.0,6.12,0.762,0.172,30.51,16.0,12.65,28.65,36.66,20.91,91.0,0.26,16.0,17.58,6.0,6.59,0.742,0.13,21.9,9.15,21.04,30.18,25.48,20.51,102.0,0.233,23.0,22.55,9.0,8.82,0.6220000000000001,0.046,21.23,8.86,20.05,28.9,26.96,16.08
746775,2024-06-26,2024,657757,L,670990,R,single,False,False,236.0,0.25,39.0,16.53,29.0,12.29,0.7609999999999999,0.16199999999999998,21.4,9.3,18.4,27.7,28.89,12.42,324.0,0.212,58.0,17.9,28.0,8.64,0.63,0.1369999999999999,20.44,9.67,14.66,24.33,29.35,14.25,53.0,0.196,16.0,30.19,5.0,9.43,0.563,0.065,31.76,13.04,17.39,30.43,24.32,29.63,74.0,0.311,12.0,16.22,8.0,10.81,0.907,0.1639999999999999,19.44,7.24,20.0,27.24,18.59,17.14
746775,2024-06-26,2024,657557,R,670990,R,force_out,False,False,199.0,0.259,61.0,30.65,6.0,3.02,0.7989999999999999,0.23299999999999998,31.74,18.53,9.87,28.4,33.62,24.6,281.0,0.203,86.0,30.6,12.0,4.27,0.603,0.1539999999999999,36.49,19.09,15.38,34.47,35.28,34.68,91.0,0.26,16.0,17.58,6.0,6.59,0.742,0.13,21.9,9.15,21.04,30.18,25.48,20.51,102.0,0.233,23.0,22.55,9.0,8.82,0.6220000000000001,0.046,21.23,8.86,20.05,28.9,26.96,16.08
746775,2024-06-26,2024,686676,R,670990,R,double,False,False,148.0,0.229,45.0,30.41,7.0,4.73,0.644,0.15,40.71,23.69,10.07,33.77,35.08,25.14,47.0,0.116,12.0,25.53,4.0,8.51,0.4,0.0929999999999999,33.71,18.07,13.25,31.33,34.15,23.53,91.0,0.26,16.0,17.58,6.0,6.59,0.742,0.13,21.9,9.15,21.04,30.18,25.48,20.51,102.0,0.233,23.0,22.55,9.0,8.82,0.6220000000000001,0.046,21.23,8.86,20.05,28.9,26.96,16.08
746775,2024-06-26,2024,664901,R,607455,L,field_out,False,False,43.0,0.275,8.0,18.6,3.0,6.98,0.8260000000000001,0.22499999999999998,23.08,10.91,15.76,26.67,22.89,19.51,41.0,0.225,10.0,24.39,1.0,2.44,0.544,0.0749999999999999,22.67,10.62,20.0,30.63,24.29,21.74,43.0,0.171,7.0,16.28,6.0,13.95,0.508,0.057999999999999996,20.51,9.47,11.83,21.3,21.95,18.92,21.0,0.25,3.0,14.29,4.0,19.05,0.631,0.0,20.83,10.75,12.9,23.66,31.82,8.82
746775,2024-06-26,2024,666158,L,623167,R,field_out,False,False,196.0,0.231,42.0,21.43,13.0,6.63,0.606,0.093,19.13,8.62,18.8,27.42,21.67,18.34,,,,,,,,,,,,,,,129.0,0.282,24.0,18.6,11.0,8.53,0.9339999999999999,0.308,24.36,11.45,16.06,27.51,26.74,15.75,210.0,0.282,42.0,20.0,17.0,8.1,0.7949999999999999,0.165,24.87,11.52,15.86,27.39,27.68,20.49
746775,2024-06-26,2024,678246,R,623167,R,walk,False,True,20.0,0.176,3.0,15.0,2.0,10.0,0.544,0.118,7.69,3.53,18.82,22.35,18.92,9.09,211.0,0.206,47.0,22.27,24.0,11.37,0.6619999999999999,0.15,22.7,10.21,16.28,26.49,22.52,19.5,212.0,0.245,36.0,16.98,21.0,9.91,0.6839999999999999,0.11699999999999999,20.57,9.47,16.21,25.68,27.74,14.29,256.0,0.345,32.0,12.5,21.0,8.2,1.025,0.28,20.3,10.02,13.61,23.63,27.49,12.06
746775,2024-06-26,2024,624415,L,623167,R,field_out,False,False,140.0,0.19,45.0,32.14,14.0,10.0,0.595,0.08600000000000002,23.98,9.04,24.23,33.28,18.75,22.84,286.0,0.223,69.0,24.13,36.0,12.59,0.7090000000000001,0.149,23.33,9.24,21.47,30.71,15.66,18.6,129.0,0.282,24.0,18.6,11.0,8.53,0.9339999999999999,0.308,24.36,11.45,16.06,27.51,26.74,15.75,210.0,0.282,42.0,20.0,17.0,8.1,0.7949999999999999,0.165,24.87,11.52,15.86,27.39,27.68,20.49
746775,2024-06-26,2024,660271,L,621383,L,strikeout,True,False,119.0,0.299,27.0,22.69,11.0,9.24,0.866,0.20600000000000002,27.96,12.29,17.08,29.38,23.53,19.85,170.0,0.245,44.0,25.88,27.0,15.88,0.897,0.287,30.62,13.88,13.59,27.47,31.74,23.04,65.0,0.228,17.0,26.15,5.0,7.69,0.597,0.088,27.43,13.14,15.25,28.39,26.67,28.33,93.0,0.205,23.0,24.73,6.0,6.45,0.609,0.132,29.59,13.85,17.73,31.58,25.86,19.33
746775,2024-06-26,2024,672820,R,607455,L,field_out,False,False,37.0,0.294,5.0,13.51,3.0,8.11,0.88,0.23500000000000004,18.18,8.28,14.48,22.76,29.87,13.89,50.0,0.261,10.0,20.0,3.0,6.0,0.741,0.174,22.11,11.8,17.98,29.78,44.19,18.87,43.0,0.171,7.0,16.28,6.0,13.95,0.508,0.057999999999999996,20.51,9.47,11.83,21.3,21.95,18.92,21.0,0.25,3.0,14.29,4.0,19.05,0.631,0.0,20.83,10.75,12.9,23.66,31.82,8.82
746775,2024-06-26,2024,502054,R,607455,L,walk,False,True,48.0,0.282,9.0,18.75,8.0,16.67,0.9039999999999999,0.20500000000000002,20.27,7.69,21.03,28.72,17.02,13.85,177.0,0.245,35.0,19.77,19.0,10.73,0.787,0.22,18.15,7.08,21.25,28.33,19.5,17.41,43.0,0.171,7.0,16.28,6.0,13.95,0.508,0.057999999999999996,20.51,9.47,11.83,21.3,21.95,18.92,21.0,0.25,3.0,14.29,4.0,19.05,0.631,0.0,20.83,10.75,12.9,23.66,31.82,8.82
746775,2024-06-26,2024,643217,L,607455,L,field_out,False,False,48.0,0.087,13.0,27.08,2.0,4.17,0.299,0.087,26.85,14.65,13.13,27.78,34.69,16.67,135.0,0.262,22.0,16.3,10.0,7.41,0.7230000000000001,0.14,20.08,10.21,13.87,24.08,28.74,14.77,25.0,0.19,8.0,32.0,2.0,8.0,0.499,0.04799999999999999,31.71,13.98,18.28,32.26,25.0,34.78,14.0,0.417,3.0,21.43,1.0,7.14,1.167,0.25,22.86,11.76,16.18,27.94,33.33,11.54
746775,2024-06-26,2024,673357,R,595014,R,field_out,False,False,83.0,0.205,28.0,33.73,5.0,6.02,0.779,0.32100000000000006,33.33,16.85,15.73,32.58,32.6,22.58,477.0,0.252,132.0,27.67,25.0,5.24,0.8340000000000001,0.279,32.83,18.94,10.59,29.53,40.07,24.77,41.0,0.162,10.0,24.39,4.0,9.76,0.433,0.026999999999999996,28.17,12.82,23.08,35.9,34.94,19.61,,,,,,,,,,,,,,
746775,2024-06-26,2024,669257,R,621383,L,field_out,False,False,83.0,0.343,10.0,12.05,11.0,13.25,1.105,0.328,17.73,7.72,15.12,22.84,25.0,11.49,147.0,0.24,22.0,14.97,21.0,14.29,0.8,0.206,20.0,8.97,15.38,24.36,26.59,11.52,89.0,0.301,22.0,24.72,3.0,3.37,0.796,0.16899999999999998,23.21,11.37,16.33,27.7,26.63,19.64,163.0,0.282,28.0,17.18,10.0,6.13,0.881,0.268,22.22,10.14,16.28,26.42,20.83,15.91
746775,2024-06-26,2024,518692,L,621383,L,field_out,False,False,127.0,0.229,19.0,14.96,11.0,8.66,0.6839999999999999,0.13799999999999998,21.14,11.43,12.53,23.96,33.03,12.84,218.0,0.335,40.0,18.35,15.0,6.88,1.008,0.2739999999999999,21.54,11.31,11.07,22.38,26.41,16.0,65.0,0.228,17.0,26.15,5.0,7.69,0.597,0.088,27.43,13.14,15.25,28.39,26.67,28.33,93.0,0.205,23.0,24.73,6.0,6.45,0.609,0.132,29.59,13.85,17.73,31.58,25.86,19.33
746775,2024-06-26,2024,681624,R,621383,L,field_out,False,False,62.0,0.362,15.0,24.19,3.0,4.84,0.921,0.17200000000000004,23.31,12.16,14.51,26.67,33.85,18.07,,,,,,,,,,,,,,,89.0,0.301,22.0,24.72,3.0,3.37,0.796,0.16899999999999998,23.21,11.37,16.33,27.7,26.63,19.64,163.0,0.282,28.0,17.18,10.0,6.13,0.881,0.268,22.22,10.14,16.28,26.42,20.83,15.91
746775,2024-06-26,2024,650391,R,595014,R,field_out,False,False,125.0,0.235,23.0,18.4,9.0,7.2,0.697,0.174,23.25,11.96,14.67,26.64,29.46,16.55,392.0,0.273,78.0,19.9,24.0,6.12,0.762,0.172,30.51,16.0,12.65,28.65,36.66,20.91,41.0,0.162,10.0,24.39,4.0,9.76,0.433,0.026999999999999996,28.17,12.82,23.08,35.9,34.94,19.61,,,,,,,,,,,,,,
746775,2024-06-26,2024,657757,L,595014,R,double,False,False,236.0,0.25,39.0,16.53,29.0,12.29,0.7609999999999999,0.16199999999999998,21.4,9.3,18.4,27.7,28.89,12.42,324.0,0.212,58.0,17.9,28.0,8.64,0.63,0.1369999999999999,20.44,9.67,14.66,24.33,29.35,14.25,26.0,0.24,13.0,50.0,1.0,3.85,0.7090000000000001,0.2,28.12,15.93,10.62,26.55,44.44,35.14,,,,,,,,,,,,,,
746775,2024-06-26,2024,657557,R,595014,R,field_out,False,False,199.0,0.259,61.0,30.65,6.0,3.02,0.7989999999999999,0.23299999999999998,31.74,18.53,9.87,28.4,33.62,24.6,281.0,0.203,86.0,30.6,12.0,4.27,0.603,0.1539999999999999,36.49,19.09,15.38,34.47,35.28,34.68,41.0,0.162,10.0,24.39,4.0,9.76,0.433,0.026999999999999996,28.17,12.82,23.08,35.9,34.94,19.61,,,,,,,,,,,,,,
746775,2024-06-26,2024,686676,R,595014,R,strikeout,True,False,148.0,0.229,45.0,30.41,7.0,4.73,0.644,0.15,40.71,23.69,10.07,33.77,35.08,25.14,47.0,0.116,12.0,25.53,4.0,8.51,0.4,0.0929999999999999,33.71,18.07,13.25,31.33,34.15,23.53,41.0,0.162,10.0,24.39,4.0,9.76,0.433,0.026999999999999996,28.17,12.82,23.08,35.9,34.94,19.61,,,,,,,,,,,,,,
746775,2024-06-26,2024,518792,L,621383,L,field_out,False,False,8.0,0.25,4.0,50.0,0.0,0.0,0.875,0.375,44.44,24.24,18.18,42.42,43.75,33.33,28.0,0.192,7.0,25.0,2.0,7.14,0.75,0.308,23.64,11.93,19.27,31.19,40.0,22.58,65.0,0.228,17.0,26.15,5.0,7.69,0.597,0.088,27.43,13.14,15.25,28.39,26.67,28.33,93.0,0.205,23.0,24.73,6.0,6.45,0.609,0.132,29.59,13.85,17.73,31.58,25.86,19.33
746775,2024-06-26,2024,500743,R,621383,L,field_out,False,False,69.0,0.266,4.0,5.8,5.0,7.25,0.757,0.172,11.86,5.41,14.67,20.08,24.44,5.48,145.0,0.286,12.0,8.28,8.0,5.52,0.7370000000000001,0.12,9.75,4.67,17.48,22.15,29.46,10.08,89.0,0.301,22.0,24.72,3.0,3.37,0.796,0.16899999999999998,23.21,11.37,16.33,27.7,26.63,19.64,163.0,0.282,28.0,17.18,10.0,6.13,0.881,0.268,22.22,10.14,16.28,26.42,20.83,15.91
746775,2024-06-26,2024,666158,L,621383,L,single,False,False,18.0,0.176,4.0,22.22,1.0,5.56,0.398,0.0,32.26,14.71,22.06,36.76,14.81,23.53,,,,,,,,,,,,,,,65.0,0.228,17.0,26.15,5.0,7.69,0.597,0.088,27.43,13.14,15.25,28.39,26.67,28.33,93.0,0.205,23.0,24.73,6.0,6.45,0.609,0.132,29.59,13.85,17.73,31.58,25.86,19.33
746775,2024-06-26,2024,621035,R,605121,R,strikeout,True,False,67.0,0.115,25.0,37.31,4.0,5.97,0.325,0.016,29.92,14.39,15.15,29.55,23.14,33.78,224.0,0.255,66.0,29.46,22.0,9.82,0.712,0.125,33.11,15.94,15.09,31.03,23.37,20.82,57.0,0.255,15.0,26.32,9.0,15.79,0.79,0.14900000000000002,34.26,15.42,17.5,32.92,34.09,15.38,,,,,,,,,,,,,,
746775,2024-06-26,2024,664901,R,543339,R,field_out,False,False,78.0,0.149,21.0,26.92,1.0,1.28,0.385,0.05400000000000002,32.14,15.85,18.66,34.51,31.34,24.42,29.0,0.12,5.0,17.24,3.0,10.34,0.4539999999999999,0.12,26.53,11.21,21.55,32.76,20.83,12.5,58.0,0.185,16.0,27.59,3.0,5.17,0.52,0.11099999999999999,36.7,17.17,15.88,33.05,29.13,23.88,9.0,0.25,3.0,33.33,1.0,11.11,0.708,0.125,28.57,14.63,9.76,24.39,30.43,21.43
746775,2024-06-26,2024,672820,R,543339,R,field_out,False,False,83.0,0.177,24.0,28.92,2.0,2.41,0.422,0.038000000000000006,27.1,13.91,20.53,34.44,38.85,26.97,123.0,0.178,30.0,24.39,2.0,1.63,0.504,0.136,24.69,13.05,16.81,29.87,39.56,22.39,58.0,0.185,16.0,27.59,3.0,5.17,0.52,0.11099999999999999,36.7,17.17,15.88,33.05,29.13,23.88,9.0,0.25,3.0,33.33,1.0,11.11,0.708,0.125,28.57,14.63,9.76,24.39,30.43,21.43
746775,2024-06-26,2024,502054,R,543339,R,strikeout,True,False,142.0,0.267,27.0,19.01,11.0,7.75,0.683,0.09199999999999997,24.03,9.89,20.85,30.74,19.7,16.98,304.0,0.262,71.0,23.36,28.0,9.21,0.767,0.173,26.61,10.98,19.38,30.37,21.23,21.19,58.0,0.185,16.0,27.59,3.0,5.17,0.52,0.11099999999999999,36.7,17.17,15.88,33.05,29.13,23.88,9.0,0.25,3.0,33.33,1.0,11.11,0.708,0.125,28.57,14.63,9.76,24.39,30.43,21.43
746775,2024-06-26,2024,624415,L,605154,R,strikeout,True,False,140.0,0.19,45.0,32.14,14.0,10.0,0.595,0.08600000000000002,23.98,9.04,24.23,33.28,18.75,22.84,286.0,0.223,69.0,24.13,36.0,12.59,0.7090000000000001,0.149,23.33,9.24,21.47,30.71,15.66,18.6,57.0,0.204,20.0,35.09,2.0,3.51,0.69,0.24000000000000002,23.97,11.07,20.23,31.3,24.17,19.61,55.0,0.204,18.0,32.73,6.0,10.91,0.699,0.204,29.13,12.99,17.75,30.74,29.63,24.32
746775,2024-06-26,2024,660271,L,605154,R,strikeout,True,False,226.0,0.333,43.0,19.03,29.0,12.83,1.148,0.39099999999999996,28.6,13.65,13.54,27.19,29.38,17.13,429.0,0.327,99.0,23.08,64.0,14.92,1.132,0.3739999999999999,32.88,15.48,11.59,27.07,28.86,20.75,57.0,0.204,20.0,35.09,2.0,3.51,0.69,0.24000000000000002,23.97,11.07,20.23,31.3,24.17,19.61,55.0,0.204,18.0,32.73,6.0,10.91,0.699,0.204,29.13,12.99,17.75,30.74,29.63,24.32
746775,2024-06-26,2024,669257,R,605154,R,field_out,False,False,197.0,0.218,36.0,18.27,15.0,7.61,0.6579999999999999,0.156,20.15,9.77,15.44,25.21,26.85,13.38,407.0,0.268,67.0,16.46,42.0,10.32,0.7949999999999999,0.1659999999999999,19.27,8.8,16.84,25.64,24.5,12.79,67.0,0.274,17.0,25.37,4.0,5.97,0.6990000000000001,0.09699999999999998,28.79,14.96,13.78,28.74,38.41,21.52,107.0,0.221,29.0,27.1,8.0,7.48,0.674,0.179,26.61,12.86,15.74,28.6,25.99,16.96
746775,2024-06-26,2024,643217,L,623465,R,strikeout,True,False,185.0,0.234,29.0,15.68,12.0,6.49,0.632,0.11699999999999997,17.93,8.66,16.89,25.55,25.4,15.03,486.0,0.261,67.0,13.79,42.0,8.64,0.67,0.082,19.05,9.13,14.74,23.87,26.13,13.62,40.0,0.257,9.0,22.5,5.0,12.5,0.721,0.11399999999999999,16.47,7.37,16.32,23.68,16.28,14.06,118.0,0.222,25.0,21.19,7.0,5.93,0.663,0.167,20.91,9.98,18.0,27.98,27.4,17.61
746775,2024-06-26,2024,673357,R,623465,R,field_out,False,False,83.0,0.205,28.0,33.73,5.0,6.02,0.779,0.32100000000000006,33.33,16.85,15.73,32.58,32.6,22.58,477.0,0.252,132.0,27.67,25.0,5.24,0.8340000000000001,0.279,32.83,18.94,10.59,29.53,40.07,24.77,46.0,0.156,15.0,32.61,1.0,2.17,0.352,0.021999999999999992,36.96,19.54,20.69,40.23,40.51,28.0,117.0,0.131,41.0,35.04,6.0,5.13,0.406,0.0839999999999999,38.6,17.93,20.95,38.88,34.27,31.3
746775,2024-06-26,2024,650391,R,623465,R,field_out,False,False,125.0,0.235,23.0,18.4,9.0,7.2,0.697,0.174,23.25,11.96,14.67,26.64,29.46,16.55,392.0,0.273,78.0,19.9,24.0,6.12,0.762,0.172,30.51,16.0,12.65,28.65,36.66,20.91,46.0,0.156,15.0,32.61,1.0,2.17,0.352,0.021999999999999992,36.96,19.54,20.69,40.23,40.51,28.0,117.0,0.131,41.0,35.04,6.0,5.13,0.406,0.0839999999999999,38.6,17.93,20.95,38.88,34.27,31.3
746372,2024-06-26,2024,686668,R,686613,R,strikeout,True,False,239.0,0.264,67.0,28.03,19.0,7.95,0.7270000000000001,0.137,30.42,15.07,15.54,30.61,29.41,27.35,299.0,0.207,98.0,32.78,17.0,5.69,0.597,0.131,34.17,17.56,14.33,31.89,31.96,31.51,160.0,0.268,38.0,23.75,14.0,8.75,0.754,0.13999999999999996,24.23,11.27,16.35,27.62,28.48,19.69,356.0,0.276,93.0,26.12,25.0,7.02,0.839,0.2219999999999999,22.69,10.56,16.76,27.32,28.13,20.31
746372,2024-06-26,2024,678662,R,686613,R,field_out,False,False,249.0,0.284,65.0,26.1,6.0,2.41,0.776,0.186,33.45,21.29,9.59,30.88,47.56,22.11,438.0,0.256,109.0,24.89,17.0,3.88,0.69,0.143,29.47,17.51,10.44,27.95,41.11,20.49,160.0,0.268,38.0,23.75,14.0,8.75,0.754,0.13999999999999996,24.23,11.27,16.35,27.62,28.48,19.69,356.0,0.276,93.0,26.12,25.0,7.02,0.839,0.2219999999999999,22.69,10.56,16.76,27.32,28.13,20.31
746372,2024-06-26,2024,641857,L,686613,R,field_out,False,False,233.0,0.26,64.0,27.47,24.0,10.3,0.786,0.191,27.14,13.12,15.24,28.36,26.49,18.82,449.0,0.26,141.0,31.4,52.0,11.58,0.826,0.2209999999999999,31.26,14.84,14.94,29.79,25.26,20.41,185.0,0.24,51.0,27.57,18.0,9.73,0.727,0.173,30.23,13.49,17.64,31.13,27.62,20.94,312.0,0.246,85.0,27.24,30.0,9.62,0.7290000000000001,0.16,27.12,12.49,16.55,29.04,26.95,21.0
746372,2024-06-26,2024,514888,R,596295,L,single,False,False,93.0,0.341,15.0,16.13,6.0,6.45,0.857,0.118,20.0,10.68,11.87,22.55,39.59,16.85,113.0,0.283,16.0,14.16,12.0,10.62,0.847,0.192,16.9,8.18,15.68,23.86,33.07,11.68,275.0,0.267,44.0,16.0,23.0,8.36,0.757,0.16299999999999998,19.96,9.25,18.4,27.65,24.32,14.06,477.0,0.278,72.0,15.09,33.0,6.92,0.8089999999999999,0.1979999999999999,18.82,8.97,15.75,24.71,24.01,15.86
746372,2024-06-26,2024,608324,R,596295,L,single,False,False,103.0,0.216,7.0,6.8,6.0,5.83,0.613,0.13499999999999998,6.21,2.74,21.92,24.66,25.0,7.0,216.0,0.215,20.0,9.26,27.0,12.5,0.6950000000000001,0.161,13.03,5.13,19.07,24.2,22.25,9.57,275.0,0.267,44.0,16.0,23.0,8.36,0.757,0.16299999999999998,19.96,9.25,18.4,27.65,24.32,14.06,477.0,0.278,72.0,15.09,33.0,6.92,0.8089999999999999,0.1979999999999999,18.82,8.97,15.75,24.71,24.01,15.86
746372,2024-06-26,2024,670541,L,596295,L,single,False,False,115.0,0.33,21.0,18.26,8.0,6.96,0.898,0.185,21.03,10.41,13.71,24.11,34.95,23.86,174.0,0.295,37.0,21.26,20.0,11.49,0.892,0.212,24.91,11.27,17.53,28.79,30.5,20.79,68.0,0.242,12.0,17.65,1.0,1.47,0.765,0.273,19.38,9.4,17.67,27.07,28.8,14.46,127.0,0.372,15.0,11.81,10.0,7.87,1.074,0.283,20.3,9.37,18.74,28.1,25.25,15.0
746372,2024-06-26,2024,673237,R,596295,L,single,False,False,79.0,0.26,11.0,13.92,4.0,5.06,0.688,0.124,21.79,13.04,8.03,21.07,38.22,11.11,103.0,0.214,27.0,26.21,4.0,3.88,0.621,0.164,35.0,21.33,9.97,31.3,46.31,24.76,275.0,0.267,44.0,16.0,23.0,8.36,0.757,0.16299999999999998,19.96,9.25,18.4,27.65,24.32,14.06,477.0,0.278,72.0,15.09,33.0,6.92,0.8089999999999999,0.1979999999999999,18.82,8.97,15.75,24.71,24.01,15.86
746372,2024-06-26,2024,665161,R,596295,L,field_out,False,False,90.0,0.279,9.0,10.0,1.0,1.11,0.734,0.16299999999999998,24.46,14.29,11.75,26.03,38.56,9.89,174.0,0.325,22.0,12.64,9.0,5.17,0.8340000000000001,0.141,23.71,13.93,8.22,22.15,36.96,13.17,275.0,0.267,44.0,16.0,23.0,8.36,0.757,0.16299999999999998,19.96,9.25,18.4,27.65,24.32,14.06,477.0,0.278,72.0,15.09,33.0,6.92,0.8089999999999999,0.1979999999999999,18.82,8.97,15.75,24.71,24.01,15.86
746372,2024-06-26,2024,676694,R,596295,L,single,False,False,70.0,0.258,12.0,17.14,6.0,8.57,0.811,0.21000000000000002,26.72,12.76,16.05,28.81,27.91,20.0,79.0,0.257,19.0,24.05,8.0,10.13,0.785,0.186,30.49,15.72,12.89,28.62,32.93,16.67,275.0,0.267,44.0,16.0,23.0,8.36,0.757,0.16299999999999998,19.96,9.25,18.4,27.65,24.32,14.06,477.0,0.278,72.0,15.09,33.0,6.92,0.8089999999999999,0.1979999999999999,18.82,8.97,15.75,24.71,24.01,15.86
746372,2024-06-26,2024,643289,R,596295,L,field_out,False,False,61.0,0.293,5.0,8.2,2.0,3.28,0.759,0.15500000000000003,21.43,13.57,8.54,22.11,44.44,8.93,117.0,0.327,12.0,10.26,6.0,5.13,0.859,0.1639999999999999,13.48,8.22,11.41,19.63,41.01,10.91,275.0,0.267,44.0,16.0,23.0,8.36,0.757,0.16299999999999998,19.96,9.25,18.4,27.65,24.32,14.06,477.0,0.278,72.0,15.09,33.0,6.92,0.8089999999999999,0.1979999999999999,18.82,8.97,15.75,24.71,24.01,15.86
746372,2024-06-26,2024,676801,R,596295,L,single,False,False,42.0,0.205,9.0,21.43,3.0,7.14,0.544,0.07699999999999999,24.42,12.88,12.27,25.15,28.75,20.0,138.0,0.325,35.0,25.36,13.0,9.42,1.009,0.285,31.52,15.56,12.88,28.44,29.0,20.96,275.0,0.267,44.0,16.0,23.0,8.36,0.757,0.16299999999999998,19.96,9.25,18.4,27.65,24.32,14.06,477.0,0.278,72.0,15.09,33.0,6.92,0.8089999999999999,0.1979999999999999,18.82,8.97,15.75,24.71,24.01,15.86
746372,2024-06-26,2024,694388,L,596295,L,field_out,False,False,9.0,0.25,4.0,44.44,1.0,11.11,0.583,0.0,15.38,6.25,28.12,34.38,35.71,36.36,,,,,,,,,,,,,,,68.0,0.242,12.0,17.65,1.0,1.47,0.765,0.273,19.38,9.4,17.67,27.07,28.8,14.46,127.0,0.372,15.0,11.81,10.0,7.87,1.074,0.283,20.3,9.37,18.74,28.1,25.25,15.0
746372,2024-06-26,2024,663898,R,686613,R,field_out,False,False,188.0,0.266,46.0,24.47,10.0,5.32,0.653,0.08399999999999996,24.79,12.16,16.22,28.38,25.71,18.78,138.0,0.269,33.0,23.91,5.0,3.62,0.709,0.1389999999999999,27.31,13.83,17.45,31.28,33.92,25.0,160.0,0.268,38.0,23.75,14.0,8.75,0.754,0.13999999999999996,24.23,11.27,16.35,27.62,28.48,19.69,356.0,0.276,93.0,26.12,25.0,7.02,0.839,0.2219999999999999,22.69,10.56,16.76,27.32,28.13,20.31
746372,2024-06-26,2024,666134,L,686613,R,walk,False,True,100.0,0.176,31.0,31.0,14.0,14.0,0.572,0.10599999999999998,32.39,12.53,21.76,34.29,22.47,19.25,294.0,0.289,92.0,31.29,41.0,13.95,0.945,0.261,33.58,14.12,18.56,32.68,25.97,22.72,185.0,0.24,51.0,27.57,18.0,9.73,0.727,0.173,30.23,13.49,17.64,31.13,27.62,20.94,312.0,0.246,85.0,27.24,30.0,9.62,0.7290000000000001,0.16,27.12,12.49,16.55,29.04,26.95,21.0
746372,2024-06-26,2024,595909,L,686613,R,strikeout,True,False,128.0,0.27,32.0,25.0,11.0,8.59,0.685,0.08699999999999997,24.18,12.62,13.77,26.39,32.69,17.68,171.0,0.226,44.0,25.73,12.0,7.02,0.663,0.155,26.67,12.9,15.25,28.15,29.13,19.91,185.0,0.24,51.0,27.57,18.0,9.73,0.727,0.173,30.23,13.49,17.64,31.13,27.62,20.94,312.0,0.246,85.0,27.24,30.0,9.62,0.7290000000000001,0.16,27.12,12.49,16.55,29.04,26.95,21.0
746372,2024-06-26,2024,669911,L,686613,R,field_out,False,False,83.0,0.221,29.0,34.94,4.0,4.82,0.746,0.26,30.23,14.53,16.48,31.01,30.57,23.2,104.0,0.189,29.0,27.88,8.0,7.69,0.628,0.179,34.34,17.26,14.21,31.47,29.0,25.0,185.0,0.24,51.0,27.57,18.0,9.73,0.727,0.173,30.23,13.49,17.64,31.13,27.62,20.94,312.0,0.246,85.0,27.24,30.0,9.62,0.7290000000000001,0.16,27.12,12.49,16.55,29.04,26.95,21.0
746372,2024-06-26,2024,514888,R,596295,L,single,False,False,93.0,0.341,15.0,16.13,6.0,6.45,0.857,0.118,20.0,10.68,11.87,22.55,39.59,16.85,113.0,0.283,16.0,14.16,12.0,10.62,0.847,0.192,16.9,8.18,15.68,23.86,33.07,11.68,275.0,0.267,44.0,16.0,23.0,8.36,0.757,0.16299999999999998,19.96,9.25,18.4,27.65,24.32,14.06,477.0,0.278,72.0,15.09,33.0,6.92,0.8089999999999999,0.1979999999999999,18.82,8.97,15.75,24.71,24.01,15.86
746372,2024-06-26,2024,608324,R,596295,L,strikeout,True,False,103.0,0.216,7.0,6.8,6.0,5.83,0.613,0.13499999999999998,6.21,2.74,21.92,24.66,25.0,7.0,216.0,0.215,20.0,9.26,27.0,12.5,0.6950000000000001,0.161,13.03,5.13,19.07,24.2,22.25,9.57,275.0,0.267,44.0,16.0,23.0,8.36,0.757,0.16299999999999998,19.96,9.25,18.4,27.65,24.32,14.06,477.0,0.278,72.0,15.09,33.0,6.92,0.8089999999999999,0.1979999999999999,18.82,8.97,15.75,24.71,24.01,15.86
746372,2024-06-26,2024,670541,L,596295,L,field_out,False,False,115.0,0.33,21.0,18.26,8.0,6.96,0.898,0.185,21.03,10.41,13.71,24.11,34.95,23.86,174.0,0.295,37.0,21.26,20.0,11.49,0.892,0.212,24.91,11.27,17.53,28.79,30.5,20.79,68.0,0.242,12.0,17.65,1.0,1.47,0.765,0.273,19.38,9.4,17.67,27.07,28.8,14.46,127.0,0.372,15.0,11.81,10.0,7.87,1.074,0.283,20.3,9.37,18.74,28.1,25.25,15.0
746372,2024-06-26,2024,673237,R,596295,L,force_out,False,False,79.0,0.26,11.0,13.92,4.0,5.06,0.688,0.124,21.79,13.04,8.03,21.07,38.22,11.11,103.0,0.214,27.0,26.21,4.0,3.88,0.621,0.164,35.0,21.33,9.97,31.3,46.31,24.76,275.0,0.267,44.0,16.0,23.0,8.36,0.757,0.16299999999999998,19.96,9.25,18.4,27.65,24.32,14.06,477.0,0.278,72.0,15.09,33.0,6.92,0.8089999999999999,0.1979999999999999,18.82,8.97,15.75,24.71,24.01,15.86
746372,2024-06-26,2024,696100,R,686613,R,field_out,False,False,73.0,0.174,22.0,30.14,3.0,4.11,0.552,0.15900000000000003,34.39,20.07,11.15,31.23,36.84,27.5,64.0,0.193,18.0,28.12,5.0,7.81,0.583,0.14,38.6,18.26,16.18,34.44,35.56,28.57,160.0,0.268,38.0,23.75,14.0,8.75,0.754,0.13999999999999996,24.23,11.27,16.35,27.62,28.48,19.69,356.0,0.276,93.0,26.12,25.0,7.02,0.839,0.2219999999999999,22.69,10.56,16.76,27.32,28.13,20.31
746372,2024-06-26,2024,656541,L,686613,R,strikeout,True,False,3.0,0.0,1.0,33.33,0.0,0.0,0.0,0.0,28.57,14.29,21.43,35.71,50.0,14.29,69.0,0.25,28.0,40.58,5.0,7.25,0.726,0.172,39.5,17.03,19.57,36.59,24.44,31.11,185.0,0.24,51.0,27.57,18.0,9.73,0.727,0.173,30.23,13.49,17.64,31.13,27.62,20.94,312.0,0.246,85.0,27.24,30.0,9.62,0.7290000000000001,0.16,27.12,12.49,16.55,29.04,26.95,21.0
746372,2024-06-26,2024,686668,R,686613,R,field_out,False,False,239.0,0.264,67.0,28.03,19.0,7.95,0.7270000000000001,0.137,30.42,15.07,15.54,30.61,29.41,27.35,299.0,0.207,98.0,32.78,17.0,5.69,0.597,0.131,34.17,17.56,14.33,31.89,31.96,31.51,160.0,0.268,38.0,23.75,14.0,8.75,0.754,0.13999999999999996,24.23,11.27,16.35,27.62,28.48,19.69,356.0,0.276,93.0,26.12,25.0,7.02,0.839,0.2219999999999999,22.69,10.56,16.76,27.32,28.13,20.31
746372,2024-06-26,2024,665161,R,596295,L,field_out,False,False,90.0,0.279,9.0,10.0,1.0,1.11,0.734,0.16299999999999998,24.46,14.29,11.75,26.03,38.56,9.89,174.0,0.325,22.0,12.64,9.0,5.17,0.8340000000000001,0.141,23.71,13.93,8.22,22.15,36.96,13.17,275.0,0.267,44.0,16.0,23.0,8.36,0.757,0.16299999999999998,19.96,9.25,18.4,27.65,24.32,14.06,477.0,0.278,72.0,15.09,33.0,6.92,0.8089999999999999,0.1979999999999999,18.82,8.97,15.75,24.71,24.01,15.86
746372,2024-06-26,2024,676694,R,596295,L,strikeout,True,False,70.0,0.258,12.0,17.14,6.0,8.57,0.811,0.21000000000000002,26.72,12.76,16.05,28.81,27.91,20.0,79.0,0.257,19.0,24.05,8.0,10.13,0.785,0.186,30.49,15.72,12.89,28.62,32.93,16.67,275.0,0.267,44.0,16.0,23.0,8.36,0.757,0.16299999999999998,19.96,9.25,18.4,27.65,24.32,14.06,477.0,0.278,72.0,15.09,33.0,6.92,0.8089999999999999,0.1979999999999999,18.82,8.97,15.75,24.71,24.01,15.86
746372,2024-06-26,2024,643289,R,596295,L,field_out,False,False,61.0,0.293,5.0,8.2,2.0,3.28,0.759,0.15500000000000003,21.43,13.57,8.54,22.11,44.44,8.93,117.0,0.327,12.0,10.26,6.0,5.13,0.859,0.1639999999999999,13.48,8.22,11.41,19.63,41.01,10.91,275.0,0.267,44.0,16.0,23.0,8.36,0.757,0.16299999999999998,19.96,9.25,18.4,27.65,24.32,14.06,477.0,0.278,72.0,15.09,33.0,6.92,0.8089999999999999,0.1979999999999999,18.82,8.97,15.75,24.71,24.01,15.86
746372,2024-06-26,2024,678662,R,686613,R,single,False,False,249.0,0.284,65.0,26.1,6.0,2.41,0.776,0.186,33.45,21.29,9.59,30.88,47.56,22.11,438.0,0.256,109.0,24.89,17.0,3.88,0.69,0.143,29.47,17.51,10.44,27.95,41.11,20.49,160.0,0.268,38.0,23.75,14.0,8.75,0.754,0.13999999999999996,24.23,11.27,16.35,27.62,28.48,19.69,356.0,0.276,93.0,26.12,25.0,7.02,0.839,0.2219999999999999,22.69,10.56,16.76,27.32,28.13,20.31
746372,2024-06-26,2024,641857,L,686613,R,force_out,False,False,233.0,0.26,64.0,27.47,24.0,10.3,0.786,0.191,27.14,13.12,15.24,28.36,26.49,18.82,449.0,0.26,141.0,31.4,52.0,11.58,0.826,0.2209999999999999,31.26,14.84,14.94,29.79,25.26,20.41,185.0,0.24,51.0,27.57,18.0,9.73,0.727,0.173,30.23,13.49,17.64,31.13,27.62,20.94,312.0,0.246,85.0,27.24,30.0,9.62,0.7290000000000001,0.16,27.12,12.49,16.55,29.04,26.95,21.0
746372,2024-06-26,2024,663898,R,686613,R,single,False,False,188.0,0.266,46.0,24.47,10.0,5.32,0.653,0.08399999999999996,24.79,12.16,16.22,28.38,25.71,18.78,138.0,0.269,33.0,23.91,5.0,3.62,0.709,0.1389999999999999,27.31,13.83,17.45,31.28,33.92,25.0,160.0,0.268,38.0,23.75,14.0,8.75,0.754,0.13999999999999996,24.23,11.27,16.35,27.62,28.48,19.69,356.0,0.276,93.0,26.12,25.0,7.02,0.839,0.2219999999999999,22.69,10.56,16.76,27.32,28.13,20.31
746372,2024-06-26,2024,666134,L,686613,R,strikeout,True,False,100.0,0.176,31.0,31.0,14.0,14.0,0.572,0.10599999999999998,32.39,12.53,21.76,34.29,22.47,19.25,294.0,0.289,92.0,31.29,41.0,13.95,0.945,0.261,33.58,14.12,18.56,32.68,25.97,22.72,185.0,0.24,51.0,27.57,18.0,9.73,0.727,0.173,30.23,13.49,17.64,31.13,27.62,20.94,312.0,0.246,85.0,27.24,30.0,9.62,0.7290000000000001,0.16,27.12,12.49,16.55,29.04,26.95,21.0
746372,2024-06-26,2024,595909,L,686613,R,field_out,False,False,128.0,0.27,32.0,25.0,11.0,8.59,0.685,0.08699999999999997,24.18,12.62,13.77,26.39,32.69,17.68,171.0,0.226,44.0,25.73,12.0,7.02,0.663,0.155,26.67,12.9,15.25,28.15,29.13,19.91,185.0,0.24,51.0,27.57,18.0,9.73,0.727,0.173,30.23,13.49,17.64,31.13,27.62,20.94,312.0,0.246,85.0,27.24,30.0,9.62,0.7290000000000001,0.16,27.12,12.49,16.55,29.04,26.95,21.0
746372,2024-06-26,2024,676801,R,596295,L,field_out,False,False,42.0,0.205,9.0,21.43,3.0,7.14,0.544,0.07699999999999999,24.42,12.88,12.27,25.15,28.75,20.0,138.0,0.325,35.0,25.36,13.0,9.42,1.009,0.285,31.52,15.56,12.88,28.44,29.0,20.96,275.0,0.267,44.0,16.0,23.0,8.36,0.757,0.16299999999999998,19.96,9.25,18.4,27.65,24.32,14.06,477.0,0.278,72.0,15.09,33.0,6.92,0.8089999999999999,0.1979999999999999,18.82,8.97,15.75,24.71,24.01,15.86
746372,2024-06-26,2024,694388,L,596295,L,strikeout,True,False,9.0,0.25,4.0,44.44,1.0,11.11,0.583,0.0,15.38,6.25,28.12,34.38,35.71,36.36,,,,,,,,,,,,,,,68.0,0.242,12.0,17.65,1.0,1.47,0.765,0.273,19.38,9.4,17.67,27.07,28.8,14.46,127.0,0.372,15.0,11.81,10.0,7.87,1.074,0.283,20.3,9.37,18.74,28.1,25.25,15.0
746372,2024-06-26,2024,514888,R,596295,L,field_out,False,False,93.0,0.341,15.0,16.13,6.0,6.45,0.857,0.118,20.0,10.68,11.87,22.55,39.59,16.85,113.0,0.283,16.0,14.16,12.0,10.62,0.847,0.192,16.9,8.18,15.68,23.86,33.07,11.68,275.0,0.267,44.0,16.0,23.0,8.36,0.757,0.16299999999999998,19.96,9.25,18.4,27.65,24.32,14.06,477.0,0.278,72.0,15.09,33.0,6.92,0.8089999999999999,0.1979999999999999,18.82,8.97,15.75,24.71,24.01,15.86
746372,2024-06-26,2024,669911,L,686613,R,field_out,False,False,83.0,0.221,29.0,34.94,4.0,4.82,0.746,0.26,30.23,14.53,16.48,31.01,30.57,23.2,104.0,0.189,29.0,27.88,8.0,7.69,0.628,0.179,34.34,17.26,14.21,31.47,29.0,25.0,185.0,0.24,51.0,27.57,18.0,9.73,0.727,0.173,30.23,13.49,17.64,31.13,27.62,20.94,312.0,0.246,85.0,27.24,30.0,9.62,0.7290000000000001,0.16,27.12,12.49,16.55,29.04,26.95,21.0
746372,2024-06-26,2024,696100,R,686613,R,strikeout,True,False,73.0,0.174,22.0,30.14,3.0,4.11,0.552,0.15900000000000003,34.39,20.07,11.15,31.23,36.84,27.5,64.0,0.193,18.0,28.12,5.0,7.81,0.583,0.14,38.6,18.26,16.18,34.44,35.56,28.57,160.0,0.268,38.0,23.75,14.0,8.75,0.754,0.13999999999999996,24.23,11.27,16.35,27.62,28.48,19.69,356.0,0.276,93.0,26.12,25.0,7.02,0.839,0.2219999999999999,22.69,10.56,16.76,27.32,28.13,20.31
746372,2024-06-26,2024,656541,L,686613,R,field_out,False,False,3.0,0.0,1.0,33.33,0.0,0.0,0.0,0.0,28.57,14.29,21.43,35.71,50.0,14.29,69.0,0.25,28.0,40.58,5.0,7.25,0.726,0.172,39.5,17.03,19.57,36.59,24.44,31.11,185.0,0.24,51.0,27.57,18.0,9.73,0.727,0.173,30.23,13.49,17.64,31.13,27.62,20.94,312.0,0.246,85.0,27.24,30.0,9.62,0.7290000000000001,0.16,27.12,12.49,16.55,29.04,26.95,21.0
746372,2024-06-26,2024,608324,R,596295,L,field_out,False,False,103.0,0.216,7.0,6.8,6.0,5.83,0.613,0.13499999999999998,6.21,2.74,21.92,24.66,25.0,7.0,216.0,0.215,20.0,9.26,27.0,12.5,0.6950000000000001,0.161,13.03,5.13,19.07,24.2,22.25,9.57,275.0,0.267,44.0,16.0,23.0,8.36,0.757,0.16299999999999998,19.96,9.25,18.4,27.65,24.32,14.06,477.0,0.278,72.0,15.09,33.0,6.92,0.8089999999999999,0.1979999999999999,18.82,8.97,15.75,24.71,24.01,15.86
746372,2024-06-26,2024,670541,L,596295,L,field_out,False,False,115.0,0.33,21.0,18.26,8.0,6.96,0.898,0.185,21.03,10.41,13.71,24.11,34.95,23.86,174.0,0.295,37.0,21.26,20.0,11.49,0.892,0.212,24.91,11.27,17.53,28.79,30.5,20.79,68.0,0.242,12.0,17.65,1.0,1.47,0.765,0.273,19.38,9.4,17.67,27.07,28.8,14.46,127.0,0.372,15.0,11.81,10.0,7.87,1.074,0.283,20.3,9.37,18.74,28.1,25.25,15.0
746372,2024-06-26,2024,673237,R,596295,L,strikeout,True,False,79.0,0.26,11.0,13.92,4.0,5.06,0.688,0.124,21.79,13.04,8.03,21.07,38.22,11.11,103.0,0.214,27.0,26.21,4.0,3.88,0.621,0.164,35.0,21.33,9.97,31.3,46.31,24.76,275.0,0.267,44.0,16.0,23.0,8.36,0.757,0.16299999999999998,19.96,9.25,18.4,27.65,24.32,14.06,477.0,0.278,72.0,15.09,33.0,6.92,0.8089999999999999,0.1979999999999999,18.82,8.97,15.75,24.71,24.01,15.86
746372,2024-06-26,2024,686668,R,686613,R,strikeout,True,False,239.0,0.264,67.0,28.03,19.0,7.95,0.7270000000000001,0.137,30.42,15.07,15.54,30.61,29.41,27.35,299.0,0.207,98.0,32.78,17.0,5.69,0.597,0.131,34.17,17.56,14.33,31.89,31.96,31.51,160.0,0.268,38.0,23.75,14.0,8.75,0.754,0.13999999999999996,24.23,11.27,16.35,27.62,28.48,19.69,356.0,0.276,93.0,26.12,25.0,7.02,0.839,0.2219999999999999,22.69,10.56,16.76,27.32,28.13,20.31
746372,2024-06-26,2024,678662,R,686613,R,field_out,False,False,249.0,0.284,65.0,26.1,6.0,2.41,0.776,0.186,33.45,21.29,9.59,30.88,47.56,22.11,438.0,0.256,109.0,24.89,17.0,3.88,0.69,0.143,29.47,17.51,10.44,27.95,41.11,20.49,160.0,0.268,38.0,23.75,14.0,8.75,0.754,0.13999999999999996,24.23,11.27,16.35,27.62,28.48,19.69,356.0,0.276,93.0,26.12,25.0,7.02,0.839,0.2219999999999999,22.69,10.56,16.76,27.32,28.13,20.31
746372,2024-06-26,2024,641857,L,686613,R,walk,False,True,233.0,0.26,64.0,27.47,24.0,10.3,0.786,0.191,27.14,13.12,15.24,28.36,26.49,18.82,449.0,0.26,141.0,31.4,52.0,11.58,0.826,0.2209999999999999,31.26,14.84,14.94,29.79,25.26,20.41,185.0,0.24,51.0,27.57,18.0,9.73,0.727,0.173,30.23,13.49,17.64,31.13,27.62,20.94,312.0,0.246,85.0,27.24,30.0,9.62,0.7290000000000001,0.16,27.12,12.49,16.55,29.04,26.95,21.0
746372,2024-06-26,2024,663898,R,686613,R,walk,False,True,188.0,0.266,46.0,24.47,10.0,5.32,0.653,0.08399999999999996,24.79,12.16,16.22,28.38,25.71,18.78,138.0,0.269,33.0,23.91,5.0,3.62,0.709,0.1389999999999999,27.31,13.83,17.45,31.28,33.92,25.0,160.0,0.268,38.0,23.75,14.0,8.75,0.754,0.13999999999999996,24.23,11.27,16.35,27.62,28.48,19.69,356.0,0.276,93.0,26.12,25.0,7.02,0.839,0.2219999999999999,22.69,10.56,16.76,27.32,28.13,20.31
746372,2024-06-26,2024,666134,L,686613,R,strikeout,True,False,100.0,0.176,31.0,31.0,14.0,14.0,0.572,0.10599999999999998,32.39,12.53,21.76,34.29,22.47,19.25,294.0,0.289,92.0,31.29,41.0,13.95,0.945,0.261,33.58,14.12,18.56,32.68,25.97,22.72,185.0,0.24,51.0,27.57,18.0,9.73,0.727,0.173,30.23,13.49,17.64,31.13,27.62,20.94,312.0,0.246,85.0,27.24,30.0,9.62,0.7290000000000001,0.16,27.12,12.49,16.55,29.04,26.95,21.0
746372,2024-06-26,2024,665161,R,596295,L,field_out,False,False,90.0,0.279,9.0,10.0,1.0,1.11,0.734,0.16299999999999998,24.46,14.29,11.75,26.03,38.56,9.89,174.0,0.325,22.0,12.64,9.0,5.17,0.8340000000000001,0.141,23.71,13.93,8.22,22.15,36.96,13.17,275.0,0.267,44.0,16.0,23.0,8.36,0.757,0.16299999999999998,19.96,9.25,18.4,27.65,24.32,14.06,477.0,0.278,72.0,15.09,33.0,6.92,0.8089999999999999,0.1979999999999999,18.82,8.97,15.75,24.71,24.01,15.86
746372,2024-06-26,2024,676694,R,596295,L,double,False,False,70.0,0.258,12.0,17.14,6.0,8.57,0.811,0.21000000000000002,26.72,12.76,16.05,28.81,27.91,20.0,79.0,0.257,19.0,24.05,8.0,10.13,0.785,0.186,30.49,15.72,12.89,28.62,32.93,16.67,275.0,0.267,44.0,16.0,23.0,8.36,0.757,0.16299999999999998,19.96,9.25,18.4,27.65,24.32,14.06,477.0,0.278,72.0,15.09,33.0,6.92,0.8089999999999999,0.1979999999999999,18.82,8.97,15.75,24.71,24.01,15.86
746372,2024-06-26,2024,643289,R,664875,R,field_out,False,False,143.0,0.291,10.0,6.99,5.0,3.5,0.7050000000000001,0.09700000000000003,16.67,9.91,12.21,22.12,42.13,8.93,375.0,0.263,58.0,15.47,13.0,3.47,0.6779999999999999,0.124,19.01,10.95,13.18,24.13,40.64,15.68,73.0,0.258,17.0,23.29,8.0,10.96,0.672,0.08100000000000002,23.48,10.06,20.13,30.19,25.49,17.71,177.0,0.245,49.0,27.68,18.0,10.17,0.681,0.1029999999999999,27.34,10.96,23.42,34.38,25.86,30.43
746372,2024-06-26,2024,676801,R,664875,R,field_out,False,False,99.0,0.225,30.0,30.3,7.0,7.07,0.6539999999999999,0.146,33.33,16.25,15.25,31.5,31.02,22.48,319.0,0.25,82.0,25.71,27.0,8.46,0.769,0.186,28.62,13.94,15.79,29.73,30.75,21.75,73.0,0.258,17.0,23.29,8.0,10.96,0.672,0.08100000000000002,23.48,10.06,20.13,30.19,25.49,17.71,177.0,0.245,49.0,27.68,18.0,10.17,0.681,0.1029999999999999,27.34,10.96,23.42,34.38,25.86,30.43
746372,2024-06-26,2024,595909,L,605463,R,field_out,False,False,128.0,0.27,32.0,25.0,11.0,8.59,0.685,0.08699999999999997,24.18,12.62,13.77,26.39,32.69,17.68,171.0,0.226,44.0,25.73,12.0,7.02,0.663,0.155,26.67,12.9,15.25,28.15,29.13,19.91,81.0,0.134,14.0,17.28,10.0,12.35,0.429,0.044999999999999984,25.34,11.31,16.51,27.83,28.18,16.28,27.0,0.15,5.0,18.52,6.0,22.22,0.72,0.1999999999999999,30.23,11.3,12.17,23.48,18.33,15.62
746372,2024-06-26,2024,669911,L,605463,R,field_out,False,False,83.0,0.221,29.0,34.94,4.0,4.82,0.746,0.26,30.23,14.53,16.48,31.01,30.57,23.2,104.0,0.189,29.0,27.88,8.0,7.69,0.628,0.179,34.34,17.26,14.21,31.47,29.0,25.0,81.0,0.134,14.0,17.28,10.0,12.35,0.429,0.044999999999999984,25.34,11.31,16.51,27.83,28.18,16.28,27.0,0.15,5.0,18.52,6.0,22.22,0.72,0.1999999999999999,30.23,11.3,12.17,23.48,18.33,15.62
746372,2024-06-26,2024,696100,R,605463,R,single,False,False,73.0,0.174,22.0,30.14,3.0,4.11,0.552,0.15900000000000003,34.39,20.07,11.15,31.23,36.84,27.5,64.0,0.193,18.0,28.12,5.0,7.81,0.583,0.14,38.6,18.26,16.18,34.44,35.56,28.57,77.0,0.191,23.0,29.87,8.0,10.39,0.536,0.059,32.87,14.11,19.22,33.33,25.29,20.54,61.0,0.37,12.0,19.67,4.0,6.56,1.074,0.278,22.52,10.82,16.02,26.84,31.45,17.91
746372,2024-06-26,2024,656541,L,605463,R,force_out,False,False,3.0,0.0,1.0,33.33,0.0,0.0,0.0,0.0,28.57,14.29,21.43,35.71,50.0,14.29,69.0,0.25,28.0,40.58,5.0,7.25,0.726,0.172,39.5,17.03,19.57,36.59,24.44,31.11,81.0,0.134,14.0,17.28,10.0,12.35,0.429,0.044999999999999984,25.34,11.31,16.51,27.83,28.18,16.28,27.0,0.15,5.0,18.52,6.0,22.22,0.72,0.1999999999999999,30.23,11.3,12.17,23.48,18.33,15.62
746372,2024-06-26,2024,694388,L,664875,R,field_out,False,False,48.0,0.341,18.0,37.5,3.0,6.25,0.86,0.13599999999999995,33.68,17.98,15.17,33.15,38.46,35.29,,,,,,,,,,,,,,,48.0,0.342,5.0,10.42,9.0,18.75,1.032,0.21100000000000002,18.18,7.61,14.13,21.74,22.52,10.87,149.0,0.221,29.0,19.46,18.0,12.08,0.6970000000000001,0.1399999999999999,20.35,8.63,17.64,26.27,23.41,23.02
746372,2024-06-26,2024,514888,R,664875,R,field_out,False,False,254.0,0.287,50.0,19.69,15.0,5.91,0.796,0.17700000000000005,21.12,10.89,16.44,27.33,38.56,19.84,297.0,0.322,55.0,18.52,32.0,10.77,0.941,0.218,19.43,8.47,19.0,27.48,31.81,17.74,73.0,0.258,17.0,23.29,8.0,10.96,0.672,0.08100000000000002,23.48,10.06,20.13,30.19,25.49,17.71,177.0,0.245,49.0,27.68,18.0,10.17,0.681,0.1029999999999999,27.34,10.96,23.42,34.38,25.86,30.43
746372,2024-06-26,2024,608324,R,664875,R,walk,False,True,223.0,0.278,38.0,17.04,20.0,8.97,0.7909999999999999,0.16599999999999998,15.54,6.97,18.76,25.73,24.27,13.38,508.0,0.282,67.0,13.19,65.0,12.8,0.8500000000000001,0.186,14.53,5.58,19.65,25.23,16.96,12.88,73.0,0.258,17.0,23.29,8.0,10.96,0.672,0.08100000000000002,23.48,10.06,20.13,30.19,25.49,17.71,177.0,0.245,49.0,27.68,18.0,10.17,0.681,0.1029999999999999,27.34,10.96,23.42,34.38,25.86,30.43
746372,2024-06-26,2024,670541,L,664875,R,force_out,False,False,214.0,0.265,31.0,14.49,22.0,10.28,0.859,0.248,19.51,8.95,16.39,25.35,30.33,14.76,322.0,0.292,55.0,17.08,49.0,15.22,1.044,0.333,21.1,8.88,15.37,24.25,23.99,15.32,48.0,0.342,5.0,10.42,9.0,18.75,1.032,0.21100000000000002,18.18,7.61,14.13,21.74,22.52,10.87,149.0,0.221,29.0,19.46,18.0,12.08,0.6970000000000001,0.1399999999999999,20.35,8.63,17.64,26.27,23.41,23.02
746372,2024-06-26,2024,686668,R,661527,R,hit_by_pitch,False,False,239.0,0.264,67.0,28.03,19.0,7.95,0.7270000000000001,0.137,30.42,15.07,15.54,30.61,29.41,27.35,299.0,0.207,98.0,32.78,17.0,5.69,0.597,0.131,34.17,17.56,14.33,31.89,31.96,31.51,87.0,0.167,18.0,20.69,6.0,6.9,0.5349999999999999,0.11499999999999996,26.88,12.8,17.86,30.65,31.82,17.48,113.0,0.221,34.0,30.09,3.0,2.65,0.687,0.183,25.62,12.06,18.56,30.63,28.44,23.61
746372,2024-06-26,2024,678662,R,661527,R,strikeout,True,False,249.0,0.284,65.0,26.1,6.0,2.41,0.776,0.186,33.45,21.29,9.59,30.88,47.56,22.11,438.0,0.256,109.0,24.89,17.0,3.88,0.69,0.143,29.47,17.51,10.44,27.95,41.11,20.49,87.0,0.167,18.0,20.69,6.0,6.9,0.5349999999999999,0.11499999999999996,26.88,12.8,17.86,30.65,31.82,17.48,113.0,0.221,34.0,30.09,3.0,2.65,0.687,0.183,25.62,12.06,18.56,30.63,28.44,23.61
746372,2024-06-26,2024,641857,L,661527,R,single,False,False,233.0,0.26,64.0,27.47,24.0,10.3,0.786,0.191,27.14,13.12,15.24,28.36,26.49,18.82,449.0,0.26,141.0,31.4,52.0,11.58,0.826,0.2209999999999999,31.26,14.84,14.94,29.79,25.26,20.41,64.0,0.263,4.0,6.25,7.0,10.94,0.7649999999999999,0.15799999999999997,19.05,8.0,14.4,22.4,18.94,7.02,82.0,0.333,11.0,13.41,16.0,19.51,0.948,0.1519999999999999,25.17,10.82,14.04,24.85,24.73,10.58
746372,2024-06-26,2024,663898,R,661527,R,single,False,False,188.0,0.266,46.0,24.47,10.0,5.32,0.653,0.08399999999999996,24.79,12.16,16.22,28.38,25.71,18.78,138.0,0.269,33.0,23.91,5.0,3.62,0.709,0.1389999999999999,27.31,13.83,17.45,31.28,33.92,25.0,87.0,0.167,18.0,20.69,6.0,6.9,0.5349999999999999,0.11499999999999996,26.88,12.8,17.86,30.65,31.82,17.48,113.0,0.221,34.0,30.09,3.0,2.65,0.687,0.183,25.62,12.06,18.56,30.63,28.44,23.61
746372,2024-06-26,2024,666134,L,519151,R,grounded_into_double_play,False,False,100.0,0.176,31.0,31.0,14.0,14.0,0.572,0.10599999999999998,32.39,12.53,21.76,34.29,22.47,19.25,294.0,0.289,92.0,31.29,41.0,13.95,0.945,0.261,33.58,14.12,18.56,32.68,25.97,22.72,71.0,0.262,24.0,33.8,4.0,5.63,0.638,0.07600000000000001,28.24,12.37,20.07,32.44,27.21,24.24,138.0,0.217,38.0,27.54,6.0,4.35,0.649,0.178,31.54,15.68,16.63,32.31,35.45,25.0
746372,2024-06-26,2024,673237,R,683627,R,field_out,False,False,193.0,0.265,27.0,13.99,7.0,3.63,0.706,0.15499999999999997,20.42,11.67,10.3,21.97,41.21,15.34,274.0,0.307,47.0,17.15,7.0,2.55,0.931,0.292,24.58,14.19,11.31,25.51,43.08,17.42,77.0,0.324,5.0,6.49,4.0,5.19,0.815,0.127,12.14,6.03,13.12,19.15,22.54,5.88,,,,,,,,,,,,,,
746372,2024-06-26,2024,665161,R,683627,R,walk,False,True,228.0,0.276,44.0,19.3,12.0,5.26,0.677,0.07599999999999996,25.47,13.13,15.54,28.67,36.42,17.05,461.0,0.239,107.0,23.21,34.0,7.38,0.655,0.1089999999999999,30.36,15.5,13.92,29.42,35.52,20.7,77.0,0.324,5.0,6.49,4.0,5.19,0.815,0.127,12.14,6.03,13.12,19.15,22.54,5.88,,,,,,,,,,,,,,
746372,2024-06-26,2024,676694,R,683627,R,single,False,False,154.0,0.261,38.0,24.68,9.0,5.84,0.724,0.15399999999999997,32.68,15.91,15.91,31.82,31.6,25.33,263.0,0.218,69.0,26.24,18.0,6.84,0.6459999999999999,0.146,25.89,12.2,16.27,28.47,24.49,21.12,77.0,0.324,5.0,6.49,4.0,5.19,0.815,0.127,12.14,6.03,13.12,19.15,22.54,5.88,,,,,,,,,,,,,,
746372,2024-06-26,2024,643289,R,683627,R,field_out,False,False,143.0,0.291,10.0,6.99,5.0,3.5,0.7050000000000001,0.09700000000000003,16.67,9.91,12.21,22.12,42.13,8.93,375.0,0.263,58.0,15.47,13.0,3.47,0.6779999999999999,0.124,19.01,10.95,13.18,24.13,40.64,15.68,77.0,0.324,5.0,6.49,4.0,5.19,0.815,0.127,12.14,6.03,13.12,19.15,22.54,5.88,,,,,,,,,,,,,,
746372,2024-06-26,2024,676801,R,683627,R,field_out,False,False,99.0,0.225,30.0,30.3,7.0,7.07,0.6539999999999999,0.146,33.33,16.25,15.25,31.5,31.02,22.48,319.0,0.25,82.0,25.71,27.0,8.46,0.769,0.186,28.62,13.94,15.79,29.73,30.75,21.75,77.0,0.324,5.0,6.49,4.0,5.19,0.815,0.127,12.14,6.03,13.12,19.15,22.54,5.88,,,,,,,,,,,,,,
746372,2024-06-26,2024,595909,L,623352,L,strikeout,True,False,17.0,0.118,6.0,35.29,0.0,0.0,0.236,0.0,36.36,20.0,15.0,35.0,37.04,35.29,33.0,0.138,11.0,33.33,3.0,9.09,0.391,0.0339999999999999,28.79,14.39,18.94,33.33,34.48,22.92,26.0,0.087,14.0,53.85,2.0,7.69,0.32799999999999996,0.087,44.83,23.01,15.04,38.05,33.33,37.84,47.0,0.231,16.0,34.04,6.0,12.77,0.589,0.0249999999999999,40.59,21.13,11.34,32.47,38.1,28.07
746372,2024-06-26,2024,669911,R,623352,L,home_run,False,False,38.0,0.143,14.0,36.84,3.0,7.89,0.611,0.257,21.92,10.06,20.13,30.19,23.17,25.0,48.0,0.109,21.0,43.75,2.0,4.17,0.255,0.0,48.35,23.53,13.9,37.43,32.11,36.21,117.0,0.222,43.0,36.75,9.0,7.69,0.6619999999999999,0.158,38.11,20.36,12.7,33.06,33.59,25.29,184.0,0.146,69.0,37.5,24.0,13.04,0.489,0.071,31.35,15.37,13.74,29.1,32.49,22.62
746372,2024-06-26,2024,696100,R,623352,L,strikeout,True,False,33.0,0.25,8.0,24.24,0.0,0.0,0.992,0.469,22.06,12.3,14.75,27.05,37.1,20.51,13.0,0.231,6.0,46.15,0.0,0.0,0.846,0.384,35.71,18.87,18.87,37.74,36.0,30.0,117.0,0.222,43.0,36.75,9.0,7.69,0.6619999999999999,0.158,38.11,20.36,12.7,33.06,33.59,25.29,184.0,0.146,69.0,37.5,24.0,13.04,0.489,0.071,31.35,15.37,13.74,29.1,32.49,22.62
746372,2024-06-26,2024,607732,R,623352,L,walk,False,True,44.0,0.342,13.0,29.55,5.0,11.36,1.093,0.342,39.73,18.24,18.87,37.11,29.63,36.11,52.0,0.213,11.0,21.15,3.0,5.77,0.637,0.149,23.08,10.71,20.41,31.12,23.46,19.3,117.0,0.222,43.0,36.75,9.0,7.69,0.6619999999999999,0.158,38.11,20.36,12.7,33.06,33.59,25.29,184.0,0.146,69.0,37.5,24.0,13.04,0.489,0.071,31.35,15.37,13.74,29.1,32.49,22.62
746372,2024-06-26,2024,686668,R,623352,L,strikeout,True,False,67.0,0.25,14.0,20.9,6.0,8.96,0.645,0.067,27.82,14.92,9.68,24.6,26.61,18.92,132.0,0.194,53.0,40.15,5.0,3.79,0.584,0.1609999999999999,39.29,21.57,11.57,33.14,32.3,30.99,117.0,0.222,43.0,36.75,9.0,7.69,0.6619999999999999,0.158,38.11,20.36,12.7,33.06,33.59,25.29,184.0,0.146,69.0,37.5,24.0,13.04,0.489,0.071,31.35,15.37,13.74,29.1,32.49,22.62
747019,2024-06-26,2024,680757,L,680570,R,field_out,False,False,162.0,0.371,11.0,6.79,14.0,8.64,1.028,0.22299999999999998,6.69,2.72,22.6,25.32,20.0,6.63,494.0,0.272,52.0,10.53,50.0,10.12,0.73,0.1119999999999999,10.22,4.19,22.03,26.23,20.67,8.84,153.0,0.21,47.0,30.72,14.0,9.15,0.609,0.11600000000000002,33.22,16.39,15.88,32.26,31.42,25.13,221.0,0.277,50.0,22.62,24.0,10.86,0.837,0.2049999999999999,27.18,13.73,13.84,27.58,30.67,15.92
747019,2024-06-26,2024,665926,L,680570,R,field_out,False,False,216.0,0.244,32.0,14.81,13.0,6.02,0.65,0.09800000000000003,24.95,13.68,12.15,25.83,35.87,11.97,419.0,0.243,86.0,20.53,24.0,5.73,0.712,0.162,26.46,14.29,12.8,27.09,38.97,17.27,153.0,0.21,47.0,30.72,14.0,9.15,0.609,0.11600000000000002,33.22,16.39,15.88,32.26,31.42,25.13,221.0,0.277,50.0,22.62,24.0,10.86,0.837,0.2049999999999999,27.18,13.73,13.84,27.58,30.67,15.92
747019,2024-06-26,2024,608070,L,680570,R,field_out,False,False,221.0,0.243,27.0,12.22,17.0,7.69,0.8029999999999999,0.257,14.04,6.87,13.64,20.52,30.99,9.41,461.0,0.302,48.0,10.41,54.0,11.71,0.863,0.179,15.4,6.98,13.91,20.89,28.02,10.17,153.0,0.21,47.0,30.72,14.0,9.15,0.609,0.11600000000000002,33.22,16.39,15.88,32.26,31.42,25.13,221.0,0.277,50.0,22.62,24.0,10.86,0.837,0.2049999999999999,27.18,13.73,13.84,27.58,30.67,15.92
747019,2024-06-26,2024,683002,L,471911,R,single,False,False,244.0,0.284,53.0,21.72,25.0,10.25,0.993,0.34400000000000003,24.36,11.1,15.01,26.11,22.55,21.29,455.0,0.272,117.0,25.71,38.0,8.35,0.885,0.277,25.57,12.07,15.7,27.78,26.4,22.35,141.0,0.28,27.0,19.15,16.0,11.35,0.8260000000000001,0.184,23.5,10.58,15.96,26.54,26.28,19.01,188.0,0.288,25.0,13.3,26.0,13.83,0.871,0.193,23.78,9.88,15.43,25.3,24.54,14.53
747019,2024-06-26,2024,668939,L,471911,R,walk,False,True,232.0,0.244,47.0,20.26,19.0,8.19,0.694,0.14400000000000002,21.0,9.7,19.83,29.54,32.48,16.49,496.0,0.267,80.0,16.13,61.0,12.3,0.778,0.1519999999999999,16.76,6.91,19.7,26.61,24.41,12.54,141.0,0.28,27.0,19.15,16.0,11.35,0.8260000000000001,0.184,23.5,10.58,15.96,26.54,26.28,19.01,188.0,0.288,25.0,13.3,26.0,13.83,0.871,0.193,23.78,9.88,15.43,25.3,24.54,14.53
747019,2024-06-26,2024,656811,L,471911,R,force_out,False,False,217.0,0.294,23.0,10.6,19.0,8.76,0.837,0.188,18.51,8.25,17.0,25.25,22.83,11.98,340.0,0.297,74.0,21.76,13.0,3.82,0.802,0.178,22.26,11.29,14.37,25.66,31.15,17.72,141.0,0.28,27.0,19.15,16.0,11.35,0.8260000000000001,0.184,23.5,10.58,15.96,26.54,26.28,19.01,188.0,0.288,25.0,13.3,26.0,13.83,0.871,0.193,23.78,9.88,15.43,25.3,24.54,14.53
747019,2024-06-26,2024,663624,R,471911,R,walk,False,True,219.0,0.271,52.0,23.74,12.0,5.48,0.779,0.197,24.31,13.42,11.9,25.32,36.82,19.55,310.0,0.235,78.0,25.16,22.0,7.1,0.6399999999999999,0.1139999999999999,29.78,16.05,13.56,29.61,37.06,21.61,140.0,0.268,24.0,17.14,5.0,3.57,0.813,0.22799999999999998,22.78,11.71,15.48,27.18,30.95,16.78,230.0,0.327,41.0,17.83,12.0,5.22,0.943,0.2419999999999999,25.4,13.01,14.77,27.78,31.94,14.29
747019,2024-06-26,2024,623993,L,471911,R,field_out,False,False,230.0,0.219,37.0,16.09,15.0,6.52,0.768,0.271,17.04,9.19,12.91,22.1,39.56,13.17,486.0,0.26,107.0,22.02,31.0,6.38,0.798,0.2229999999999999,22.13,11.37,14.84,26.21,37.22,15.21,141.0,0.28,27.0,19.15,16.0,11.35,0.8260000000000001,0.184,23.5,10.58,15.96,26.54,26.28,19.01,188.0,0.288,25.0,13.3,26.0,13.83,0.871,0.193,23.78,9.88,15.43,25.3,24.54,14.53
747019,2024-06-26,2024,676059,R,471911,R,strikeout,True,False,225.0,0.307,41.0,18.22,13.0,5.78,0.915,0.24400000000000005,26.39,13.51,15.05,28.55,31.11,15.09,146.0,0.246,33.0,22.6,8.0,5.48,0.6779999999999999,0.142,22.97,11.73,16.25,27.98,29.59,19.76,140.0,0.268,24.0,17.14,5.0,3.57,0.813,0.22799999999999998,22.78,11.71,15.48,27.18,30.95,16.78,230.0,0.327,41.0,17.83,12.0,5.22,0.943,0.2419999999999999,25.4,13.01,14.77,27.78,31.94,14.29
747019,2024-06-26,2024,682177,L,680570,R,single,False,False,38.0,0.273,8.0,21.05,5.0,13.16,0.853,0.21199999999999997,21.88,9.59,16.44,26.03,17.72,22.22,,,,,,,,,,,,,,,153.0,0.21,47.0,30.72,14.0,9.15,0.609,0.11600000000000002,33.22,16.39,15.88,32.26,31.42,25.13,221.0,0.277,50.0,22.62,24.0,10.86,0.837,0.2049999999999999,27.18,13.73,13.84,27.58,30.67,15.92
747019,2024-06-26,2024,671289,R,680570,R,grounded_into_double_play,False,False,188.0,0.227,26.0,13.83,13.0,6.91,0.651,0.11000000000000001,15.61,7.36,19.07,26.43,29.75,14.86,89.0,0.266,17.0,19.1,6.0,6.74,0.656,0.076,20.13,9.22,18.73,27.95,29.94,17.0,168.0,0.279,38.0,22.62,11.0,6.55,0.8,0.182,26.71,13.55,16.36,29.92,31.45,18.32,294.0,0.246,79.0,26.87,18.0,6.12,0.667,0.125,25.64,12.88,16.81,29.69,28.75,19.85
747019,2024-06-26,2024,678877,R,680570,R,home_run,False,False,,,,,,,,,,,,,,,,,,,,,,,,,,,,,168.0,0.279,38.0,22.62,11.0,6.55,0.8,0.182,26.71,13.55,16.36,29.92,31.45,18.32,294.0,0.246,79.0,26.87,18.0,6.12,0.667,0.125,25.64,12.88,16.81,29.69,28.75,19.85
747019,2024-06-26,2024,672356,R,680570,R,single,False,False,82.0,0.192,25.0,30.49,2.0,2.44,0.515,0.10299999999999998,35.03,21.75,9.82,31.58,41.35,28.41,226.0,0.275,59.0,26.11,18.0,7.96,0.791,0.184,33.96,18.84,11.28,30.12,32.38,20.14,168.0,0.279,38.0,22.62,11.0,6.55,0.8,0.182,26.71,13.55,16.36,29.92,31.45,18.32,294.0,0.246,79.0,26.87,18.0,6.12,0.667,0.125,25.64,12.88,16.81,29.69,28.75,19.85
747019,2024-06-26,2024,677587,L,680570,R,field_out,False,False,162.0,0.228,23.0,14.2,20.0,12.35,0.651,0.08099999999999999,20.67,9.58,14.99,24.57,28.65,11.5,53.0,0.3,12.0,22.64,2.0,3.77,0.7010000000000001,0.08,28.07,15.31,15.79,31.1,41.59,17.39,153.0,0.21,47.0,30.72,14.0,9.15,0.609,0.11600000000000002,33.22,16.39,15.88,32.26,31.42,25.13,221.0,0.277,50.0,22.62,24.0,10.86,0.837,0.2049999999999999,27.18,13.73,13.84,27.58,30.67,15.92
747019,2024-06-26,2024,677008,L,471911,R,field_out,False,False,22.0,0.211,7.0,31.82,2.0,9.09,0.581,0.05200000000000002,34.48,20.62,10.31,30.93,39.13,20.59,32.0,0.241,10.0,31.25,2.0,6.25,0.7729999999999999,0.242,36.84,17.36,19.01,36.36,35.94,29.41,141.0,0.28,27.0,19.15,16.0,11.35,0.8260000000000001,0.184,23.5,10.58,15.96,26.54,26.28,19.01,188.0,0.288,25.0,13.3,26.0,13.83,0.871,0.193,23.78,9.88,15.43,25.3,24.54,14.53
747019,2024-06-26,2024,656775,L,471911,R,field_out,False,False,184.0,0.231,43.0,23.37,12.0,6.52,0.681,0.171,19.37,10.07,14.07,24.15,28.88,21.18,336.0,0.233,77.0,22.92,31.0,9.23,0.726,0.1889999999999999,26.24,13.25,14.23,27.48,28.99,18.95,141.0,0.28,27.0,19.15,16.0,11.35,0.8260000000000001,0.184,23.5,10.58,15.96,26.54,26.28,19.01,188.0,0.288,25.0,13.3,26.0,13.83,0.871,0.193,23.78,9.88,15.43,25.3,24.54,14.53
747019,2024-06-26,2024,622761,R,471911,R,double,False,False,92.0,0.217,20.0,21.74,4.0,4.35,0.617,0.156,24.61,12.74,15.72,28.46,32.43,16.81,214.0,0.178,59.0,27.57,13.0,6.07,0.515,0.1099999999999999,30.51,15.04,17.45,32.49,35.45,26.94,140.0,0.268,24.0,17.14,5.0,3.57,0.813,0.22799999999999998,22.78,11.71,15.48,27.18,30.95,16.78,230.0,0.327,41.0,17.83,12.0,5.22,0.943,0.2419999999999999,25.4,13.01,14.77,27.78,31.94,14.29
747019,2024-06-26,2024,683002,L,471911,R,single,False,False,244.0,0.284,53.0,21.72,25.0,10.25,0.993,0.34400000000000003,24.36,11.1,15.01,26.11,22.55,21.29,455.0,0.272,117.0,25.71,38.0,8.35,0.885,0.277,25.57,12.07,15.7,27.78,26.4,22.35,141.0,0.28,27.0,19.15,16.0,11.35,0.8260000000000001,0.184,23.5,10.58,15.96,26.54,26.28,19.01,188.0,0.288,25.0,13.3,26.0,13.83,0.871,0.193,23.78,9.88,15.43,25.3,24.54,14.53
747019,2024-06-26,2024,668939,L,471911,R,strikeout,True,False,232.0,0.244,47.0,20.26,19.0,8.19,0.694,0.14400000000000002,21.0,9.7,19.83,29.54,32.48,16.49,496.0,0.267,80.0,16.13,61.0,12.3,0.778,0.1519999999999999,16.76,6.91,19.7,26.61,24.41,12.54,141.0,0.28,27.0,19.15,16.0,11.35,0.8260000000000001,0.184,23.5,10.58,15.96,26.54,26.28,19.01,188.0,0.288,25.0,13.3,26.0,13.83,0.871,0.193,23.78,9.88,15.43,25.3,24.54,14.53
747019,2024-06-26,2024,595978,R,680570,R,field_out,False,False,28.0,0.148,10.0,35.71,1.0,3.57,0.364,0.037000000000000005,29.31,16.67,15.69,32.35,36.36,31.25,136.0,0.205,31.0,22.79,6.0,4.41,0.477,0.026,29.05,14.86,16.56,31.42,32.03,24.41,168.0,0.279,38.0,22.62,11.0,6.55,0.8,0.182,26.71,13.55,16.36,29.92,31.45,18.32,294.0,0.246,79.0,26.87,18.0,6.12,0.667,0.125,25.64,12.88,16.81,29.69,28.75,19.85
747019,2024-06-26,2024,680757,L,680570,R,field_out,False,False,162.0,0.371,11.0,6.79,14.0,8.64,1.028,0.22299999999999998,6.69,2.72,22.6,25.32,20.0,6.63,494.0,0.272,52.0,10.53,50.0,10.12,0.73,0.1119999999999999,10.22,4.19,22.03,26.23,20.67,8.84,153.0,0.21,47.0,30.72,14.0,9.15,0.609,0.11600000000000002,33.22,16.39,15.88,32.26,31.42,25.13,221.0,0.277,50.0,22.62,24.0,10.86,0.837,0.2049999999999999,27.18,13.73,13.84,27.58,30.67,15.92
747019,2024-06-26,2024,665926,L,680570,R,hit_by_pitch,False,False,216.0,0.244,32.0,14.81,13.0,6.02,0.65,0.09800000000000003,24.95,13.68,12.15,25.83,35.87,11.97,419.0,0.243,86.0,20.53,24.0,5.73,0.712,0.162,26.46,14.29,12.8,27.09,38.97,17.27,153.0,0.21,47.0,30.72,14.0,9.15,0.609,0.11600000000000002,33.22,16.39,15.88,32.26,31.42,25.13,221.0,0.277,50.0,22.62,24.0,10.86,0.837,0.2049999999999999,27.18,13.73,13.84,27.58,30.67,15.92
747019,2024-06-26,2024,608070,L,680570,R,field_out,False,False,221.0,0.243,27.0,12.22,17.0,7.69,0.8029999999999999,0.257,14.04,6.87,13.64,20.52,30.99,9.41,461.0,0.302,48.0,10.41,54.0,11.71,0.863,0.179,15.4,6.98,13.91,20.89,28.02,10.17,153.0,0.21,47.0,30.72,14.0,9.15,0.609,0.11600000000000002,33.22,16.39,15.88,32.26,31.42,25.13,221.0,0.277,50.0,22.62,24.0,10.86,0.837,0.2049999999999999,27.18,13.73,13.84,27.58,30.67,15.92
747019,2024-06-26,2024,656811,L,471911,R,field_out,False,False,217.0,0.294,23.0,10.6,19.0,8.76,0.837,0.188,18.51,8.25,17.0,25.25,22.83,11.98,340.0,0.297,74.0,21.76,13.0,3.82,0.802,0.178,22.26,11.29,14.37,25.66,31.15,17.72,141.0,0.28,27.0,19.15,16.0,11.35,0.8260000000000001,0.184,23.5,10.58,15.96,26.54,26.28,19.01,188.0,0.288,25.0,13.3,26.0,13.83,0.871,0.193,23.78,9.88,15.43,25.3,24.54,14.53
747019,2024-06-26,2024,663624,R,471911,R,field_out,False,False,219.0,0.271,52.0,23.74,12.0,5.48,0.779,0.197,24.31,13.42,11.9,25.32,36.82,19.55,310.0,0.235,78.0,25.16,22.0,7.1,0.6399999999999999,0.1139999999999999,29.78,16.05,13.56,29.61,37.06,21.61,140.0,0.268,24.0,17.14,5.0,3.57,0.813,0.22799999999999998,22.78,11.71,15.48,27.18,30.95,16.78,230.0,0.327,41.0,17.83,12.0,5.22,0.943,0.2419999999999999,25.4,13.01,14.77,27.78,31.94,14.29
747019,2024-06-26,2024,623993,L,471911,R,field_out,False,False,230.0,0.219,37.0,16.09,15.0,6.52,0.768,0.271,17.04,9.19,12.91,22.1,39.56,13.17,486.0,0.26,107.0,22.02,31.0,6.38,0.798,0.2229999999999999,22.13,11.37,14.84,26.21,37.22,15.21,141.0,0.28,27.0,19.15,16.0,11.35,0.8260000000000001,0.184,23.5,10.58,15.96,26.54,26.28,19.01,188.0,0.288,25.0,13.3,26.0,13.83,0.871,0.193,23.78,9.88,15.43,25.3,24.54,14.53
747019,2024-06-26,2024,682177,L,680570,R,field_out,False,False,38.0,0.273,8.0,21.05,5.0,13.16,0.853,0.21199999999999997,21.88,9.59,16.44,26.03,17.72,22.22,,,,,,,,,,,,,,,153.0,0.21,47.0,30.72,14.0,9.15,0.609,0.11600000000000002,33.22,16.39,15.88,32.26,31.42,25.13,221.0,0.277,50.0,22.62,24.0,10.86,0.837,0.2049999999999999,27.18,13.73,13.84,27.58,30.67,15.92
747019,2024-06-26,2024,671289,R,680570,R,field_out,False,False,188.0,0.227,26.0,13.83,13.0,6.91,0.651,0.11000000000000001,15.61,7.36,19.07,26.43,29.75,14.86,89.0,0.266,17.0,19.1,6.0,6.74,0.656,0.076,20.13,9.22,18.73,27.95,29.94,17.0,168.0,0.279,38.0,22.62,11.0,6.55,0.8,0.182,26.71,13.55,16.36,29.92,31.45,18.32,294.0,0.246,79.0,26.87,18.0,6.12,0.667,0.125,25.64,12.88,16.81,29.69,28.75,19.85
747019,2024-06-26,2024,678877,R,680570,R,field_out,False,False,,,,,,,,,,,,,,,,,,,,,,,,,,,,,168.0,0.279,38.0,22.62,11.0,6.55,0.8,0.182,26.71,13.55,16.36,29.92,31.45,18.32,294.0,0.246,79.0,26.87,18.0,6.12,0.667,0.125,25.64,12.88,16.81,29.69,28.75,19.85
747019,2024-06-26,2024,676059,R,471911,R,field_out,False,False,225.0,0.307,41.0,18.22,13.0,5.78,0.915,0.24400000000000005,26.39,13.51,15.05,28.55,31.11,15.09,146.0,0.246,33.0,22.6,8.0,5.48,0.6779999999999999,0.142,22.97,11.73,16.25,27.98,29.59,19.76,140.0,0.268,24.0,17.14,5.0,3.57,0.813,0.22799999999999998,22.78,11.71,15.48,27.18,30.95,16.78,230.0,0.327,41.0,17.83,12.0,5.22,0.943,0.2419999999999999,25.4,13.01,14.77,27.78,31.94,14.29
747019,2024-06-26,2024,677008,L,471911,R,strikeout,True,False,22.0,0.211,7.0,31.82,2.0,9.09,0.581,0.05200000000000002,34.48,20.62,10.31,30.93,39.13,20.59,32.0,0.241,10.0,31.25,2.0,6.25,0.7729999999999999,0.242,36.84,17.36,19.01,36.36,35.94,29.41,141.0,0.28,27.0,19.15,16.0,11.35,0.8260000000000001,0.184,23.5,10.58,15.96,26.54,26.28,19.01,188.0,0.288,25.0,13.3,26.0,13.83,0.871,0.193,23.78,9.88,15.43,25.3,24.54,14.53
747019,2024-06-26,2024,656775,L,471911,R,single,False,False,184.0,0.231,43.0,23.37,12.0,6.52,0.681,0.171,19.37,10.07,14.07,24.15,28.88,21.18,336.0,0.233,77.0,22.92,31.0,9.23,0.726,0.1889999999999999,26.24,13.25,14.23,27.48,28.99,18.95,141.0,0.28,27.0,19.15,16.0,11.35,0.8260000000000001,0.184,23.5,10.58,15.96,26.54,26.28,19.01,188.0,0.288,25.0,13.3,26.0,13.83,0.871,0.193,23.78,9.88,15.43,25.3,24.54,14.53
747019,2024-06-26,2024,622761,R,471911,R,caught_stealing_2b,False,False,92.0,0.217,20.0,21.74,4.0,4.35,0.617,0.156,24.61,12.74,15.72,28.46,32.43,16.81,214.0,0.178,59.0,27.57,13.0,6.07,0.515,0.1099999999999999,30.51,15.04,17.45,32.49,35.45,26.94,140.0,0.268,24.0,17.14,5.0,3.57,0.813,0.22799999999999998,22.78,11.71,15.48,27.18,30.95,16.78,230.0,0.327,41.0,17.83,12.0,5.22,0.943,0.2419999999999999,25.4,13.01,14.77,27.78,31.94,14.29
747019,2024-06-26,2024,672356,R,680570,R,home_run,False,False,82.0,0.192,25.0,30.49,2.0,2.44,0.515,0.10299999999999998,35.03,21.75,9.82,31.58,41.35,28.41,226.0,0.275,59.0,26.11,18.0,7.96,0.791,0.184,33.96,18.84,11.28,30.12,32.38,20.14,168.0,0.279,38.0,22.62,11.0,6.55,0.8,0.182,26.71,13.55,16.36,29.92,31.45,18.32,294.0,0.246,79.0,26.87,18.0,6.12,0.667,0.125,25.64,12.88,16.81,29.69,28.75,19.85
747019,2024-06-26,2024,677587,L,680570,R,field_out,False,False,162.0,0.228,23.0,14.2,20.0,12.35,0.651,0.08099999999999999,20.67,9.58,14.99,24.57,28.65,11.5,53.0,0.3,12.0,22.64,2.0,3.77,0.7010000000000001,0.08,28.07,15.31,15.79,31.1,41.59,17.39,153.0,0.21,47.0,30.72,14.0,9.15,0.609,0.11600000000000002,33.22,16.39,15.88,32.26,31.42,25.13,221.0,0.277,50.0,22.62,24.0,10.86,0.837,0.2049999999999999,27.18,13.73,13.84,27.58,30.67,15.92
747019,2024-06-26,2024,595978,R,680570,R,double,False,False,28.0,0.148,10.0,35.71,1.0,3.57,0.364,0.037000000000000005,29.31,16.67,15.69,32.35,36.36,31.25,136.0,0.205,31.0,22.79,6.0,4.41,0.477,0.026,29.05,14.86,16.56,31.42,32.03,24.41,168.0,0.279,38.0,22.62,11.0,6.55,0.8,0.182,26.71,13.55,16.36,29.92,31.45,18.32,294.0,0.246,79.0,26.87,18.0,6.12,0.667,0.125,25.64,12.88,16.81,29.69,28.75,19.85
747019,2024-06-26,2024,680757,L,680570,R,field_out,False,False,162.0,0.371,11.0,6.79,14.0,8.64,1.028,0.22299999999999998,6.69,2.72,22.6,25.32,20.0,6.63,494.0,0.272,52.0,10.53,50.0,10.12,0.73,0.1119999999999999,10.22,4.19,22.03,26.23,20.67,8.84,153.0,0.21,47.0,30.72,14.0,9.15,0.609,0.11600000000000002,33.22,16.39,15.88,32.26,31.42,25.13,221.0,0.277,50.0,22.62,24.0,10.86,0.837,0.2049999999999999,27.18,13.73,13.84,27.58,30.67,15.92
747019,2024-06-26,2024,665926,L,680570,R,field_out,False,False,216.0,0.244,32.0,14.81,13.0,6.02,0.65,0.09800000000000003,24.95,13.68,12.15,25.83,35.87,11.97,419.0,0.243,86.0,20.53,24.0,5.73,0.712,0.162,26.46,14.29,12.8,27.09,38.97,17.27,153.0,0.21,47.0,30.72,14.0,9.15,0.609,0.11600000000000002,33.22,16.39,15.88,32.26,31.42,25.13,221.0,0.277,50.0,22.62,24.0,10.86,0.837,0.2049999999999999,27.18,13.73,13.84,27.58,30.67,15.92
747019,2024-06-26,2024,622761,R,471911,R,single,False,False,92.0,0.217,20.0,21.74,4.0,4.35,0.617,0.156,24.61,12.74,15.72,28.46,32.43,16.81,214.0,0.178,59.0,27.57,13.0,6.07,0.515,0.1099999999999999,30.51,15.04,17.45,32.49,35.45,26.94,140.0,0.268,24.0,17.14,5.0,3.57,0.813,0.22799999999999998,22.78,11.71,15.48,27.18,30.95,16.78,230.0,0.327,41.0,17.83,12.0,5.22,0.943,0.2419999999999999,25.4,13.01,14.77,27.78,31.94,14.29
747019,2024-06-26,2024,683002,L,471911,R,home_run,False,False,244.0,0.284,53.0,21.72,25.0,10.25,0.993,0.34400000000000003,24.36,11.1,15.01,26.11,22.55,21.29,455.0,0.272,117.0,25.71,38.0,8.35,0.885,0.277,25.57,12.07,15.7,27.78,26.4,22.35,141.0,0.28,27.0,19.15,16.0,11.35,0.8260000000000001,0.184,23.5,10.58,15.96,26.54,26.28,19.01,188.0,0.288,25.0,13.3,26.0,13.83,0.871,0.193,23.78,9.88,15.43,25.3,24.54,14.53
747019,2024-06-26,2024,668939,L,471911,R,field_out,False,False,232.0,0.244,47.0,20.26,19.0,8.19,0.694,0.14400000000000002,21.0,9.7,19.83,29.54,32.48,16.49,496.0,0.267,80.0,16.13,61.0,12.3,0.778,0.1519999999999999,16.76,6.91,19.7,26.61,24.41,12.54,141.0,0.28,27.0,19.15,16.0,11.35,0.8260000000000001,0.184,23.5,10.58,15.96,26.54,26.28,19.01,188.0,0.288,25.0,13.3,26.0,13.83,0.871,0.193,23.78,9.88,15.43,25.3,24.54,14.53
747019,2024-06-26,2024,656811,L,471911,R,field_out,False,False,217.0,0.294,23.0,10.6,19.0,8.76,0.837,0.188,18.51,8.25,17.0,25.25,22.83,11.98,340.0,0.297,74.0,21.76,13.0,3.82,0.802,0.178,22.26,11.29,14.37,25.66,31.15,17.72,141.0,0.28,27.0,19.15,16.0,11.35,0.8260000000000001,0.184,23.5,10.58,15.96,26.54,26.28,19.01,188.0,0.288,25.0,13.3,26.0,13.83,0.871,0.193,23.78,9.88,15.43,25.3,24.54,14.53
747019,2024-06-26,2024,608070,L,680570,R,field_out,False,False,221.0,0.243,27.0,12.22,17.0,7.69,0.8029999999999999,0.257,14.04,6.87,13.64,20.52,30.99,9.41,461.0,0.302,48.0,10.41,54.0,11.71,0.863,0.179,15.4,6.98,13.91,20.89,28.02,10.17,153.0,0.21,47.0,30.72,14.0,9.15,0.609,0.11600000000000002,33.22,16.39,15.88,32.26,31.42,25.13,221.0,0.277,50.0,22.62,24.0,10.86,0.837,0.2049999999999999,27.18,13.73,13.84,27.58,30.67,15.92
747019,2024-06-26,2024,682177,L,680570,R,field_out,False,False,38.0,0.273,8.0,21.05,5.0,13.16,0.853,0.21199999999999997,21.88,9.59,16.44,26.03,17.72,22.22,,,,,,,,,,,,,,,153.0,0.21,47.0,30.72,14.0,9.15,0.609,0.11600000000000002,33.22,16.39,15.88,32.26,31.42,25.13,221.0,0.277,50.0,22.62,24.0,10.86,0.837,0.2049999999999999,27.18,13.73,13.84,27.58,30.67,15.92
747019,2024-06-26,2024,671289,R,680570,R,strikeout,True,False,188.0,0.227,26.0,13.83,13.0,6.91,0.651,0.11000000000000001,15.61,7.36,19.07,26.43,29.75,14.86,89.0,0.266,17.0,19.1,6.0,6.74,0.656,0.076,20.13,9.22,18.73,27.95,29.94,17.0,168.0,0.279,38.0,22.62,11.0,6.55,0.8,0.182,26.71,13.55,16.36,29.92,31.45,18.32,294.0,0.246,79.0,26.87,18.0,6.12,0.667,0.125,25.64,12.88,16.81,29.69,28.75,19.85
747019,2024-06-26,2024,663624,R,675540,R,field_out,False,False,219.0,0.271,52.0,23.74,12.0,5.48,0.779,0.197,24.31,13.42,11.9,25.32,36.82,19.55,310.0,0.235,78.0,25.16,22.0,7.1,0.6399999999999999,0.1139999999999999,29.78,16.05,13.56,29.61,37.06,21.61,30.0,0.321,4.0,13.33,2.0,6.67,0.867,0.179,20.75,10.38,16.04,26.42,28.0,16.0,217.0,0.29,31.0,14.29,12.0,5.53,0.8540000000000001,0.235,21.85,11.78,13.83,25.61,27.13,14.76
747019,2024-06-26,2024,623993,L,675540,R,field_out,False,False,230.0,0.219,37.0,16.09,15.0,6.52,0.768,0.271,17.04,9.19,12.91,22.1,39.56,13.17,486.0,0.26,107.0,22.02,31.0,6.38,0.798,0.2229999999999999,22.13,11.37,14.84,26.21,37.22,15.21,26.0,0.24,4.0,15.38,1.0,3.85,0.7090000000000001,0.2,21.82,11.21,16.82,28.04,25.53,9.3,187.0,0.24,36.0,19.25,18.0,9.63,0.645,0.089,19.35,8.33,17.92,26.25,21.53,18.46
747019,2024-06-26,2024,676059,R,675540,R,single,False,False,225.0,0.307,41.0,18.22,13.0,5.78,0.915,0.24400000000000005,26.39,13.51,15.05,28.55,31.11,15.09,146.0,0.246,33.0,22.6,8.0,5.48,0.6779999999999999,0.142,22.97,11.73,16.25,27.98,29.59,19.76,30.0,0.321,4.0,13.33,2.0,6.67,0.867,0.179,20.75,10.38,16.04,26.42,28.0,16.0,217.0,0.29,31.0,14.29,12.0,5.53,0.8540000000000001,0.235,21.85,11.78,13.83,25.61,27.13,14.76
747019,2024-06-26,2024,677008,L,675540,R,field_out,False,False,22.0,0.211,7.0,31.82,2.0,9.09,0.581,0.05200000000000002,34.48,20.62,10.31,30.93,39.13,20.59,32.0,0.241,10.0,31.25,2.0,6.25,0.7729999999999999,0.242,36.84,17.36,19.01,36.36,35.94,29.41,26.0,0.24,4.0,15.38,1.0,3.85,0.7090000000000001,0.2,21.82,11.21,16.82,28.04,25.53,9.3,187.0,0.24,36.0,19.25,18.0,9.63,0.645,0.089,19.35,8.33,17.92,26.25,21.53,18.46
747019,2024-06-26,2024,678877,R,680570,R,strikeout,True,False,,,,,,,,,,,,,,,,,,,,,,,,,,,,,168.0,0.279,38.0,22.62,11.0,6.55,0.8,0.182,26.71,13.55,16.36,29.92,31.45,18.32,294.0,0.246,79.0,26.87,18.0,6.12,0.667,0.125,25.64,12.88,16.81,29.69,28.75,19.85
747019,2024-06-26,2024,672356,R,680570,R,strikeout,True,False,82.0,0.192,25.0,30.49,2.0,2.44,0.515,0.10299999999999998,35.03,21.75,9.82,31.58,41.35,28.41,226.0,0.275,59.0,26.11,18.0,7.96,0.791,0.184,33.96,18.84,11.28,30.12,32.38,20.14,168.0,0.279,38.0,22.62,11.0,6.55,0.8,0.182,26.71,13.55,16.36,29.92,31.45,18.32,294.0,0.246,79.0,26.87,18.0,6.12,0.667,0.125,25.64,12.88,16.81,29.69,28.75,19.85
747019,2024-06-26,2024,677587,L,680570,R,strikeout,True,False,162.0,0.228,23.0,14.2,20.0,12.35,0.651,0.08099999999999999,20.67,9.58,14.99,24.57,28.65,11.5,53.0,0.3,12.0,22.64,2.0,3.77,0.7010000000000001,0.08,28.07,15.31,15.79,31.1,41.59,17.39,153.0,0.21,47.0,30.72,14.0,9.15,0.609,0.11600000000000002,33.22,16.39,15.88,32.26,31.42,25.13,221.0,0.277,50.0,22.62,24.0,10.86,0.837,0.2049999999999999,27.18,13.73,13.84,27.58,30.67,15.92
747019,2024-06-26,2024,656775,L,675540,R,home_run,False,False,184.0,0.231,43.0,23.37,12.0,6.52,0.681,0.171,19.37,10.07,14.07,24.15,28.88,21.18,336.0,0.233,77.0,22.92,31.0,9.23,0.726,0.1889999999999999,26.24,13.25,14.23,27.48,28.99,18.95,26.0,0.24,4.0,15.38,1.0,3.85,0.7090000000000001,0.2,21.82,11.21,16.82,28.04,25.53,9.3,187.0,0.24,36.0,19.25,18.0,9.63,0.645,0.089,19.35,8.33,17.92,26.25,21.53,18.46
747019,2024-06-26,2024,622761,R,675540,R,field_out,False,False,92.0,0.217,20.0,21.74,4.0,4.35,0.617,0.156,24.61,12.74,15.72,28.46,32.43,16.81,214.0,0.178,59.0,27.57,13.0,6.07,0.515,0.1099999999999999,30.51,15.04,17.45,32.49,35.45,26.94,30.0,0.321,4.0,13.33,2.0,6.67,0.867,0.179,20.75,10.38,16.04,26.42,28.0,16.0,217.0,0.29,31.0,14.29,12.0,5.53,0.8540000000000001,0.235,21.85,11.78,13.83,25.61,27.13,14.76
747019,2024-06-26,2024,683002,L,675540,R,field_out,False,False,244.0,0.284,53.0,21.72,25.0,10.25,0.993,0.34400000000000003,24.36,11.1,15.01,26.11,22.55,21.29,455.0,0.272,117.0,25.71,38.0,8.35,0.885,0.277,25.57,12.07,15.7,27.78,26.4,22.35,26.0,0.24,4.0,15.38,1.0,3.85,0.7090000000000001,0.2,21.82,11.21,16.82,28.04,25.53,9.3,187.0,0.24,36.0,19.25,18.0,9.63,0.645,0.089,19.35,8.33,17.92,26.25,21.53,18.46
747019,2024-06-26,2024,668939,L,675540,R,field_out,False,False,232.0,0.244,47.0,20.26,19.0,8.19,0.694,0.14400000000000002,21.0,9.7,19.83,29.54,32.48,16.49,496.0,0.267,80.0,16.13,61.0,12.3,0.778,0.1519999999999999,16.76,6.91,19.7,26.61,24.41,12.54,26.0,0.24,4.0,15.38,1.0,3.85,0.7090000000000001,0.2,21.82,11.21,16.82,28.04,25.53,9.3,187.0,0.24,36.0,19.25,18.0,9.63,0.645,0.089,19.35,8.33,17.92,26.25,21.53,18.46
747019,2024-06-26,2024,681807,R,672335,L,field_out,False,False,92.0,0.343,19.0,20.65,20.0,21.74,1.1680000000000001,0.314,27.56,11.23,15.14,26.37,16.16,17.76,51.0,0.227,11.0,21.57,5.0,9.8,0.742,0.1819999999999999,25.66,14.43,11.94,26.37,40.95,15.07,52.0,0.267,12.0,23.08,6.0,11.54,0.765,0.133,30.49,14.12,15.82,29.94,26.32,25.0,139.0,0.305,20.0,14.39,14.0,10.07,0.771,0.076,19.11,8.9,16.36,25.26,26.96,15.87
747019,2024-06-26,2024,680757,L,672335,L,field_out,False,False,71.0,0.415,5.0,7.04,6.0,8.45,0.9570000000000001,0.07700000000000001,4.46,1.79,20.71,22.5,15.87,7.25,224.0,0.26,23.0,10.27,20.0,8.93,0.667,0.08,13.41,5.5,21.44,26.95,22.3,10.5,42.0,0.211,8.0,19.05,3.0,7.14,0.602,0.10500000000000001,19.74,9.62,12.82,22.44,29.11,17.39,109.0,0.213,24.0,22.02,13.0,11.93,0.602,0.0739999999999999,21.23,9.38,17.28,26.67,28.02,21.24
747019,2024-06-26,2024,665926,L,672335,L,field_out,False,False,97.0,0.256,12.0,12.37,1.0,1.03,0.643,0.08799999999999997,20.29,11.26,14.48,25.74,37.36,10.34,197.0,0.268,26.0,13.2,8.0,4.06,0.7130000000000001,0.1169999999999999,23.63,12.79,15.07,27.86,41.69,11.02,42.0,0.211,8.0,19.05,3.0,7.14,0.602,0.10500000000000001,19.74,9.62,12.82,22.44,29.11,17.39,109.0,0.213,24.0,22.02,13.0,11.93,0.602,0.0739999999999999,21.23,9.38,17.28,26.67,28.02,21.24
747019,2024-06-26,2024,656811,L,675540,R,home_run,False,False,217.0,0.294,23.0,10.6,19.0,8.76,0.837,0.188,18.51,8.25,17.0,25.25,22.83,11.98,340.0,0.297,74.0,21.76,13.0,3.82,0.802,0.178,22.26,11.29,14.37,25.66,31.15,17.72,26.0,0.24,4.0,15.38,1.0,3.85,0.7090000000000001,0.2,21.82,11.21,16.82,28.04,25.53,9.3,187.0,0.24,36.0,19.25,18.0,9.63,0.645,0.089,19.35,8.33,17.92,26.25,21.53,18.46
747019,2024-06-26,2024,663624,R,675540,R,field_out,False,False,219.0,0.271,52.0,23.74,12.0,5.48,0.779,0.197,24.31,13.42,11.9,25.32,36.82,19.55,310.0,0.235,78.0,25.16,22.0,7.1,0.6399999999999999,0.1139999999999999,29.78,16.05,13.56,29.61,37.06,21.61,30.0,0.321,4.0,13.33,2.0,6.67,0.867,0.179,20.75,10.38,16.04,26.42,28.0,16.0,217.0,0.29,31.0,14.29,12.0,5.53,0.8540000000000001,0.235,21.85,11.78,13.83,25.61,27.13,14.76
747019,2024-06-26,2024,623993,L,675540,R,field_out,False,False,230.0,0.219,37.0,16.09,15.0,6.52,0.768,0.271,17.04,9.19,12.91,22.1,39.56,13.17,486.0,0.26,107.0,22.02,31.0,6.38,0.798,0.2229999999999999,22.13,11.37,14.84,26.21,37.22,15.21,26.0,0.24,4.0,15.38,1.0,3.85,0.7090000000000001,0.2,21.82,11.21,16.82,28.04,25.53,9.3,187.0,0.24,36.0,19.25,18.0,9.63,0.645,0.089,19.35,8.33,17.92,26.25,21.53,18.46
747019,2024-06-26,2024,676059,R,675540,R,strikeout,True,False,225.0,0.307,41.0,18.22,13.0,5.78,0.915,0.24400000000000005,26.39,13.51,15.05,28.55,31.11,15.09,146.0,0.246,33.0,22.6,8.0,5.48,0.6779999999999999,0.142,22.97,11.73,16.25,27.98,29.59,19.76,30.0,0.321,4.0,13.33,2.0,6.67,0.867,0.179,20.75,10.38,16.04,26.42,28.0,16.0,217.0,0.29,31.0,14.29,12.0,5.53,0.8540000000000001,0.235,21.85,11.78,13.83,25.61,27.13,14.76
747019,2024-06-26,2024,608070,L,518886,R,strikeout,True,False,221.0,0.243,27.0,12.22,17.0,7.69,0.8029999999999999,0.257,14.04,6.87,13.64,20.52,30.99,9.41,461.0,0.302,48.0,10.41,54.0,11.71,0.863,0.179,15.4,6.98,13.91,20.89,28.02,10.17,50.0,0.156,21.0,42.0,4.0,8.0,0.535,0.155,28.09,12.2,23.9,36.1,25.84,30.88,116.0,0.184,38.0,32.76,14.0,12.07,0.608,0.122,35.96,16.91,15.67,32.58,30.67,23.6
747019,2024-06-26,2024,682177,L,518886,R,strikeout,True,False,38.0,0.273,8.0,21.05,5.0,13.16,0.853,0.21199999999999997,21.88,9.59,16.44,26.03,17.72,22.22,,,,,,,,,,,,,,,50.0,0.156,21.0,42.0,4.0,8.0,0.535,0.155,28.09,12.2,23.9,36.1,25.84,30.88,116.0,0.184,38.0,32.76,14.0,12.07,0.608,0.122,35.96,16.91,15.67,32.58,30.67,23.6
747019,2024-06-26,2024,647304,L,518886,R,walk,False,True,214.0,0.257,31.0,14.49,21.0,9.81,0.865,0.272,20.2,10.52,10.0,20.52,33.66,14.62,348.0,0.311,53.0,15.23,25.0,7.18,0.851,0.184,21.29,11.96,9.18,21.15,41.36,16.99,50.0,0.156,21.0,42.0,4.0,8.0,0.535,0.155,28.09,12.2,23.9,36.1,25.84,30.88,116.0,0.184,38.0,32.76,14.0,12.07,0.608,0.122,35.96,16.91,15.67,32.58,30.67,23.6
747019,2024-06-26,2024,678877,R,518886,R,strikeout,True,False,,,,,,,,,,,,,,,,,,,,,,,,,,,,,59.0,0.184,18.0,30.51,7.0,11.86,0.529,0.04000000000000001,31.37,12.65,17.79,30.43,19.85,30.0,162.0,0.179,56.0,34.57,14.0,8.64,0.614,0.18,31.13,14.35,18.32,32.67,27.59,25.81
746213,2024-06-26,2024,663662,R,542881,L,strikeout,True,False,16.0,0.214,5.0,31.25,2.0,12.5,0.883,0.357,31.25,14.93,10.45,25.37,23.68,23.81,,,,,,,,,,,,,,,304.0,0.221,47.0,15.46,34.0,11.18,0.6619999999999999,0.13099999999999998,26.24,12.63,15.81,28.45,30.07,16.49,491.0,0.266,93.0,18.94,44.0,8.96,0.783,0.181,28.26,14.37,13.47,27.84,30.37,16.52
746213,2024-06-26,2024,668709,L,542881,L,walk,False,True,62.0,0.214,13.0,20.97,5.0,8.06,0.761,0.268,26.36,12.13,15.9,28.03,25.42,20.0,72.0,0.154,19.0,26.39,7.0,9.72,0.482,0.092,27.07,12.54,16.03,28.57,22.56,21.84,106.0,0.174,18.0,16.98,12.0,11.32,0.6739999999999999,0.21700000000000003,22.53,10.38,14.43,24.81,25.24,18.95,140.0,0.265,26.0,18.57,20.0,14.29,0.868,0.2219999999999999,26.0,11.84,15.3,27.14,26.32,15.85
746213,2024-06-26,2024,609280,R,542881,L,field_out,False,False,16.0,0.5,0.0,0.0,2.0,12.5,1.276,0.21399999999999997,8.0,3.23,19.35,22.58,27.27,0.0,38.0,0.278,7.0,18.42,2.0,5.26,0.8720000000000001,0.278,30.99,15.71,20.71,36.43,50.0,16.67,304.0,0.221,47.0,15.46,34.0,11.18,0.6619999999999999,0.13099999999999998,26.24,12.63,15.81,28.45,30.07,16.49,491.0,0.266,93.0,18.94,44.0,8.96,0.783,0.181,28.26,14.37,13.47,27.84,30.37,16.52
746213,2024-06-26,2024,667670,R,542881,L,field_out,False,False,62.0,0.246,19.0,30.65,5.0,8.06,0.885,0.33299999999999996,28.45,14.67,16.0,30.67,33.94,27.94,175.0,0.279,57.0,32.57,16.0,9.14,0.873,0.24,38.91,17.09,17.51,34.6,24.59,28.22,304.0,0.221,47.0,15.46,34.0,11.18,0.6619999999999999,0.13099999999999998,26.24,12.63,15.81,28.45,30.07,16.49,491.0,0.266,93.0,18.94,44.0,8.96,0.783,0.181,28.26,14.37,13.47,27.84,30.37,16.52
746213,2024-06-26,2024,694384,L,687765,R,field_out,False,False,230.0,0.23,40.0,17.39,19.0,8.26,0.651,0.11799999999999997,15.84,6.85,20.79,27.64,24.38,15.0,104.0,0.291,15.0,14.42,14.0,13.46,0.7569999999999999,0.0579999999999999,18.78,8.02,17.92,25.94,20.47,11.45,123.0,0.289,28.0,22.76,7.0,5.69,0.801,0.17600000000000005,21.54,10.97,15.94,26.92,31.36,19.15,,,,,,,,,,,,,,
746213,2024-06-26,2024,650859,L,687765,R,field_out,False,False,192.0,0.282,27.0,14.06,11.0,5.73,0.7090000000000001,0.09200000000000003,20.98,11.19,12.35,23.55,32.61,13.24,322.0,0.24,60.0,18.63,31.0,9.63,0.7270000000000001,0.166,24.18,11.79,13.87,25.66,28.19,14.39,123.0,0.289,28.0,22.76,7.0,5.69,0.801,0.17600000000000005,21.54,10.97,15.94,26.92,31.36,19.15,,,,,,,,,,,,,,
746213,2024-06-26,2024,621493,R,687765,R,strikeout,True,False,257.0,0.213,63.0,24.51,30.0,11.67,0.712,0.19399999999999998,24.29,10.15,19.9,30.05,18.38,20.88,295.0,0.233,61.0,20.68,27.0,9.15,0.702,0.148,23.43,10.4,15.98,26.37,23.09,17.78,159.0,0.243,28.0,17.61,9.0,5.66,0.6759999999999999,0.14200000000000002,24.03,12.8,12.98,25.78,33.22,16.36,,,,,,,,,,,,,,
746213,2024-06-26,2024,663527,R,542881,L,field_out,False,False,60.0,0.18,10.0,16.67,6.0,10.0,0.6799999999999999,0.2,21.3,9.96,17.32,27.27,27.43,16.13,32.0,0.276,7.0,21.88,3.0,9.38,0.792,0.172,17.86,8.2,16.39,24.59,16.67,18.92,304.0,0.221,47.0,15.46,34.0,11.18,0.6619999999999999,0.13099999999999998,26.24,12.63,15.81,28.45,30.07,16.49,491.0,0.266,93.0,18.94,44.0,8.96,0.783,0.181,28.26,14.37,13.47,27.84,30.37,16.52
746213,2024-06-26,2024,669127,R,542881,L,field_out,False,False,74.0,0.176,20.0,27.03,3.0,4.05,0.532,0.14800000000000002,28.24,13.6,15.81,29.41,32.88,24.1,146.0,0.179,42.0,28.77,11.0,7.53,0.583,0.164,31.53,15.5,14.0,29.5,31.21,21.11,304.0,0.221,47.0,15.46,34.0,11.18,0.6619999999999999,0.13099999999999998,26.24,12.63,15.81,28.45,30.07,16.49,491.0,0.266,93.0,18.94,44.0,8.96,0.783,0.181,28.26,14.37,13.47,27.84,30.37,16.52
746213,2024-06-26,2024,680869,R,542881,L,field_out,False,False,54.0,0.18,20.0,37.04,4.0,7.41,0.581,0.16000000000000003,43.0,21.83,15.23,37.06,26.14,36.36,80.0,0.167,28.0,35.0,8.0,10.0,0.486,0.0689999999999999,40.48,21.25,11.56,32.81,27.92,34.57,304.0,0.221,47.0,15.46,34.0,11.18,0.6619999999999999,0.13099999999999998,26.24,12.63,15.81,28.45,30.07,16.49,491.0,0.266,93.0,18.94,44.0,8.96,0.783,0.181,28.26,14.37,13.47,27.84,30.37,16.52
746213,2024-06-26,2024,641432,L,687765,R,double,False,False,131.0,0.293,17.0,12.98,7.0,5.34,0.743,0.122,13.72,6.35,17.21,23.57,23.87,14.78,139.0,0.256,15.0,10.79,13.0,9.35,0.756,0.176,14.22,5.56,19.54,25.1,21.32,10.83,123.0,0.289,28.0,22.76,7.0,5.69,0.801,0.17600000000000005,21.54,10.97,15.94,26.92,31.36,19.15,,,,,,,,,,,,,,
746213,2024-06-26,2024,681351,R,687765,R,field_out,False,False,196.0,0.282,48.0,24.49,11.0,5.61,0.792,0.18200000000000005,31.82,16.04,15.36,31.4,34.66,19.83,154.0,0.22,38.0,24.68,9.0,5.84,0.757,0.262,32.06,17.0,13.8,30.81,36.07,19.69,159.0,0.243,28.0,17.61,9.0,5.66,0.6759999999999999,0.14200000000000002,24.03,12.8,12.98,25.78,33.22,16.36,,,,,,,,,,,,,,
746213,2024-06-26,2024,687263,R,687765,R,field_out,False,False,232.0,0.216,59.0,25.43,12.0,5.17,0.681,0.19199999999999998,29.31,15.23,15.23,30.47,34.16,22.26,262.0,0.222,62.0,23.66,18.0,6.87,0.6599999999999999,0.1349999999999999,28.77,13.7,16.19,29.89,23.52,18.84,159.0,0.243,28.0,17.61,9.0,5.66,0.6759999999999999,0.14200000000000002,24.03,12.8,12.98,25.78,33.22,16.36,,,,,,,,,,,,,,
746213,2024-06-26,2024,666160,L,687765,R,field_out,False,False,184.0,0.211,47.0,25.54,13.0,7.07,0.605,0.12800000000000003,27.7,15.33,12.21,27.54,35.98,18.8,259.0,0.293,93.0,35.91,7.0,2.7,0.8620000000000001,0.249,38.62,24.01,9.43,33.44,46.84,30.07,123.0,0.289,28.0,22.76,7.0,5.69,0.801,0.17600000000000005,21.54,10.97,15.94,26.92,31.36,19.15,,,,,,,,,,,,,,
746213,2024-06-26,2024,669137,R,542881,L,double,False,False,2.0,1.0,0.0,0.0,0.0,0.0,2.5,0.5,25.0,12.5,12.5,25.0,25.0,0.0,,,,,,,,,,,,,,,304.0,0.221,47.0,15.46,34.0,11.18,0.6619999999999999,0.13099999999999998,26.24,12.63,15.81,28.45,30.07,16.49,491.0,0.266,93.0,18.94,44.0,8.96,0.783,0.181,28.26,14.37,13.47,27.84,30.37,16.52
746213,2024-06-26,2024,680474,R,542881,L,walk,False,True,51.0,0.186,11.0,21.57,6.0,11.76,0.6060000000000001,0.14,24.42,10.61,18.18,28.79,15.31,19.64,,,,,,,,,,,,,,,304.0,0.221,47.0,15.46,34.0,11.18,0.6619999999999999,0.13099999999999998,26.24,12.63,15.81,28.45,30.07,16.49,491.0,0.266,93.0,18.94,44.0,8.96,0.783,0.181,28.26,14.37,13.47,27.84,30.37,16.52
746213,2024-06-26,2024,663662,R,542881,L,strikeout,True,False,16.0,0.214,5.0,31.25,2.0,12.5,0.883,0.357,31.25,14.93,10.45,25.37,23.68,23.81,,,,,,,,,,,,,,,304.0,0.221,47.0,15.46,34.0,11.18,0.6619999999999999,0.13099999999999998,26.24,12.63,15.81,28.45,30.07,16.49,491.0,0.266,93.0,18.94,44.0,8.96,0.783,0.181,28.26,14.37,13.47,27.84,30.37,16.52
746213,2024-06-26,2024,668709,L,542881,L,single,False,False,62.0,0.214,13.0,20.97,5.0,8.06,0.761,0.268,26.36,12.13,15.9,28.03,25.42,20.0,72.0,0.154,19.0,26.39,7.0,9.72,0.482,0.092,27.07,12.54,16.03,28.57,22.56,21.84,106.0,0.174,18.0,16.98,12.0,11.32,0.6739999999999999,0.21700000000000003,22.53,10.38,14.43,24.81,25.24,18.95,140.0,0.265,26.0,18.57,20.0,14.29,0.868,0.2219999999999999,26.0,11.84,15.3,27.14,26.32,15.85
746213,2024-06-26,2024,609280,R,542881,L,walk,False,True,16.0,0.5,0.0,0.0,2.0,12.5,1.276,0.21399999999999997,8.0,3.23,19.35,22.58,27.27,0.0,38.0,0.278,7.0,18.42,2.0,5.26,0.8720000000000001,0.278,30.99,15.71,20.71,36.43,50.0,16.67,304.0,0.221,47.0,15.46,34.0,11.18,0.6619999999999999,0.13099999999999998,26.24,12.63,15.81,28.45,30.07,16.49,491.0,0.266,93.0,18.94,44.0,8.96,0.783,0.181,28.26,14.37,13.47,27.84,30.37,16.52
746213,2024-06-26,2024,667670,R,542881,L,walk,False,True,62.0,0.246,19.0,30.65,5.0,8.06,0.885,0.33299999999999996,28.45,14.67,16.0,30.67,33.94,27.94,175.0,0.279,57.0,32.57,16.0,9.14,0.873,0.24,38.91,17.09,17.51,34.6,24.59,28.22,304.0,0.221,47.0,15.46,34.0,11.18,0.6619999999999999,0.13099999999999998,26.24,12.63,15.81,28.45,30.07,16.49,491.0,0.266,93.0,18.94,44.0,8.96,0.783,0.181,28.26,14.37,13.47,27.84,30.37,16.52
746213,2024-06-26,2024,663527,R,542881,L,hit_by_pitch,False,False,60.0,0.18,10.0,16.67,6.0,10.0,0.6799999999999999,0.2,21.3,9.96,17.32,27.27,27.43,16.13,32.0,0.276,7.0,21.88,3.0,9.38,0.792,0.172,17.86,8.2,16.39,24.59,16.67,18.92,304.0,0.221,47.0,15.46,34.0,11.18,0.6619999999999999,0.13099999999999998,26.24,12.63,15.81,28.45,30.07,16.49,491.0,0.266,93.0,18.94,44.0,8.96,0.783,0.181,28.26,14.37,13.47,27.84,30.37,16.52
746213,2024-06-26,2024,669127,R,542881,L,field_out,False,False,74.0,0.176,20.0,27.03,3.0,4.05,0.532,0.14800000000000002,28.24,13.6,15.81,29.41,32.88,24.1,146.0,0.179,42.0,28.77,11.0,7.53,0.583,0.164,31.53,15.5,14.0,29.5,31.21,21.11,304.0,0.221,47.0,15.46,34.0,11.18,0.6619999999999999,0.13099999999999998,26.24,12.63,15.81,28.45,30.07,16.49,491.0,0.266,93.0,18.94,44.0,8.96,0.783,0.181,28.26,14.37,13.47,27.84,30.37,16.52
746213,2024-06-26,2024,666176,R,687765,R,field_out,False,False,177.0,0.17,59.0,33.33,10.0,5.65,0.541,0.13799999999999998,30.11,15.06,13.95,29.01,30.89,22.87,43.0,0.205,18.0,41.86,4.0,9.3,0.7150000000000001,0.231,40.66,20.67,14.53,35.2,30.34,25.35,159.0,0.243,28.0,17.61,9.0,5.66,0.6759999999999999,0.14200000000000002,24.03,12.8,12.98,25.78,33.22,16.36,,,,,,,,,,,,,,
746213,2024-06-26,2024,641645,L,687765,R,field_out,False,False,84.0,0.267,14.0,16.67,8.0,9.52,0.706,0.10599999999999998,19.31,8.33,18.75,27.08,24.85,14.74,96.0,0.218,19.0,19.79,8.0,8.33,0.591,0.092,15.23,6.02,21.47,27.49,22.05,19.79,123.0,0.289,28.0,22.76,7.0,5.69,0.801,0.17600000000000005,21.54,10.97,15.94,26.92,31.36,19.15,,,,,,,,,,,,,,
746213,2024-06-26,2024,694384,L,687765,R,single,False,False,230.0,0.23,40.0,17.39,19.0,8.26,0.651,0.11799999999999997,15.84,6.85,20.79,27.64,24.38,15.0,104.0,0.291,15.0,14.42,14.0,13.46,0.7569999999999999,0.0579999999999999,18.78,8.02,17.92,25.94,20.47,11.45,123.0,0.289,28.0,22.76,7.0,5.69,0.801,0.17600000000000005,21.54,10.97,15.94,26.92,31.36,19.15,,,,,,,,,,,,,,
746213,2024-06-26,2024,650859,L,687765,R,strikeout,True,False,192.0,0.282,27.0,14.06,11.0,5.73,0.7090000000000001,0.09200000000000003,20.98,11.19,12.35,23.55,32.61,13.24,322.0,0.24,60.0,18.63,31.0,9.63,0.7270000000000001,0.166,24.18,11.79,13.87,25.66,28.19,14.39,123.0,0.289,28.0,22.76,7.0,5.69,0.801,0.17600000000000005,21.54,10.97,15.94,26.92,31.36,19.15,,,,,,,,,,,,,,
746213,2024-06-26,2024,680869,R,542881,L,field_out,False,False,54.0,0.18,20.0,37.04,4.0,7.41,0.581,0.16000000000000003,43.0,21.83,15.23,37.06,26.14,36.36,80.0,0.167,28.0,35.0,8.0,10.0,0.486,0.0689999999999999,40.48,21.25,11.56,32.81,27.92,34.57,304.0,0.221,47.0,15.46,34.0,11.18,0.6619999999999999,0.13099999999999998,26.24,12.63,15.81,28.45,30.07,16.49,491.0,0.266,93.0,18.94,44.0,8.96,0.783,0.181,28.26,14.37,13.47,27.84,30.37,16.52
746213,2024-06-26,2024,669137,R,542881,L,single,False,False,2.0,1.0,0.0,0.0,0.0,0.0,2.5,0.5,25.0,12.5,12.5,25.0,25.0,0.0,,,,,,,,,,,,,,,304.0,0.221,47.0,15.46,34.0,11.18,0.6619999999999999,0.13099999999999998,26.24,12.63,15.81,28.45,30.07,16.49,491.0,0.266,93.0,18.94,44.0,8.96,0.783,0.181,28.26,14.37,13.47,27.84,30.37,16.52
746213,2024-06-26,2024,680474,R,542881,L,field_out,False,False,51.0,0.186,11.0,21.57,6.0,11.76,0.6060000000000001,0.14,24.42,10.61,18.18,28.79,15.31,19.64,,,,,,,,,,,,,,,304.0,0.221,47.0,15.46,34.0,11.18,0.6619999999999999,0.13099999999999998,26.24,12.63,15.81,28.45,30.07,16.49,491.0,0.266,93.0,18.94,44.0,8.96,0.783,0.181,28.26,14.37,13.47,27.84,30.37,16.52
746213,2024-06-26,2024,663662,R,542881,L,double,False,False,16.0,0.214,5.0,31.25,2.0,12.5,0.883,0.357,31.25,14.93,10.45,25.37,23.68,23.81,,,,,,,,,,,,,,,304.0,0.221,47.0,15.46,34.0,11.18,0.6619999999999999,0.13099999999999998,26.24,12.63,15.81,28.45,30.07,16.49,491.0,0.266,93.0,18.94,44.0,8.96,0.783,0.181,28.26,14.37,13.47,27.84,30.37,16.52
746213,2024-06-26,2024,668709,L,542881,L,field_out,False,False,62.0,0.214,13.0,20.97,5.0,8.06,0.761,0.268,26.36,12.13,15.9,28.03,25.42,20.0,72.0,0.154,19.0,26.39,7.0,9.72,0.482,0.092,27.07,12.54,16.03,28.57,22.56,21.84,106.0,0.174,18.0,16.98,12.0,11.32,0.6739999999999999,0.21700000000000003,22.53,10.38,14.43,24.81,25.24,18.95,140.0,0.265,26.0,18.57,20.0,14.29,0.868,0.2219999999999999,26.0,11.84,15.3,27.14,26.32,15.85
746213,2024-06-26,2024,621493,R,687765,R,double,False,False,257.0,0.213,63.0,24.51,30.0,11.67,0.712,0.19399999999999998,24.29,10.15,19.9,30.05,18.38,20.88,295.0,0.233,61.0,20.68,27.0,9.15,0.702,0.148,23.43,10.4,15.98,26.37,23.09,17.78,159.0,0.243,28.0,17.61,9.0,5.66,0.6759999999999999,0.14200000000000002,24.03,12.8,12.98,25.78,33.22,16.36,,,,,,,,,,,,,,
746213,2024-06-26,2024,641432,L,687765,R,single,False,False,131.0,0.293,17.0,12.98,7.0,5.34,0.743,0.122,13.72,6.35,17.21,23.57,23.87,14.78,139.0,0.256,15.0,10.79,13.0,9.35,0.756,0.176,14.22,5.56,19.54,25.1,21.32,10.83,123.0,0.289,28.0,22.76,7.0,5.69,0.801,0.17600000000000005,21.54,10.97,15.94,26.92,31.36,19.15,,,,,,,,,,,,,,
746213,2024-06-26,2024,681351,R,687765,R,single,False,False,196.0,0.282,48.0,24.49,11.0,5.61,0.792,0.18200000000000005,31.82,16.04,15.36,31.4,34.66,19.83,154.0,0.22,38.0,24.68,9.0,5.84,0.757,0.262,32.06,17.0,13.8,30.81,36.07,19.69,159.0,0.243,28.0,17.61,9.0,5.66,0.6759999999999999,0.14200000000000002,24.03,12.8,12.98,25.78,33.22,16.36,,,,,,,,,,,,,,
746213,2024-06-26,2024,687263,R,687765,R,hit_by_pitch,False,False,232.0,0.216,59.0,25.43,12.0,5.17,0.681,0.19199999999999998,29.31,15.23,15.23,30.47,34.16,22.26,262.0,0.222,62.0,23.66,18.0,6.87,0.6599999999999999,0.1349999999999999,28.77,13.7,16.19,29.89,23.52,18.84,159.0,0.243,28.0,17.61,9.0,5.66,0.6759999999999999,0.14200000000000002,24.03,12.8,12.98,25.78,33.22,16.36,,,,,,,,,,,,,,
746213,2024-06-26,2024,666160,L,687765,R,home_run,False,False,184.0,0.211,47.0,25.54,13.0,7.07,0.605,0.12800000000000003,27.7,15.33,12.21,27.54,35.98,18.8,259.0,0.293,93.0,35.91,7.0,2.7,0.8620000000000001,0.249,38.62,24.01,9.43,33.44,46.84,30.07,123.0,0.289,28.0,22.76,7.0,5.69,0.801,0.17600000000000005,21.54,10.97,15.94,26.92,31.36,19.15,,,,,,,,,,,,,,
746213,2024-06-26,2024,666176,R,687765,R,field_out,False,False,177.0,0.17,59.0,33.33,10.0,5.65,0.541,0.13799999999999998,30.11,15.06,13.95,29.01,30.89,22.87,43.0,0.205,18.0,41.86,4.0,9.3,0.7150000000000001,0.231,40.66,20.67,14.53,35.2,30.34,25.35,159.0,0.243,28.0,17.61,9.0,5.66,0.6759999999999999,0.14200000000000002,24.03,12.8,12.98,25.78,33.22,16.36,,,,,,,,,,,,,,
746213,2024-06-26,2024,641645,L,687765,R,field_out,False,False,84.0,0.267,14.0,16.67,8.0,9.52,0.706,0.10599999999999998,19.31,8.33,18.75,27.08,24.85,14.74,96.0,0.218,19.0,19.79,8.0,8.33,0.591,0.092,15.23,6.02,21.47,27.49,22.05,19.79,123.0,0.289,28.0,22.76,7.0,5.69,0.801,0.17600000000000005,21.54,10.97,15.94,26.92,31.36,19.15,,,,,,,,,,,,,,
746213,2024-06-26,2024,694384,L,687765,R,single,False,False,230.0,0.23,40.0,17.39,19.0,8.26,0.651,0.11799999999999997,15.84,6.85,20.79,27.64,24.38,15.0,104.0,0.291,15.0,14.42,14.0,13.46,0.7569999999999999,0.0579999999999999,18.78,8.02,17.92,25.94,20.47,11.45,123.0,0.289,28.0,22.76,7.0,5.69,0.801,0.17600000000000005,21.54,10.97,15.94,26.92,31.36,19.15,,,,,,,,,,,,,,
746213,2024-06-26,2024,650859,L,687765,R,strikeout,True,False,192.0,0.282,27.0,14.06,11.0,5.73,0.7090000000000001,0.09200000000000003,20.98,11.19,12.35,23.55,32.61,13.24,322.0,0.24,60.0,18.63,31.0,9.63,0.7270000000000001,0.166,24.18,11.79,13.87,25.66,28.19,14.39,123.0,0.289,28.0,22.76,7.0,5.69,0.801,0.17600000000000005,21.54,10.97,15.94,26.92,31.36,19.15,,,,,,,,,,,,,,
746213,2024-06-26,2024,609280,R,542881,L,field_out,False,False,16.0,0.5,0.0,0.0,2.0,12.5,1.276,0.21399999999999997,8.0,3.23,19.35,22.58,27.27,0.0,38.0,0.278,7.0,18.42,2.0,5.26,0.8720000000000001,0.278,30.99,15.71,20.71,36.43,50.0,16.67,304.0,0.221,47.0,15.46,34.0,11.18,0.6619999999999999,0.13099999999999998,26.24,12.63,15.81,28.45,30.07,16.49,491.0,0.266,93.0,18.94,44.0,8.96,0.783,0.181,28.26,14.37,13.47,27.84,30.37,16.52
746213,2024-06-26,2024,667670,R,542881,L,home_run,False,False,62.0,0.246,19.0,30.65,5.0,8.06,0.885,0.33299999999999996,28.45,14.67,16.0,30.67,33.94,27.94,175.0,0.279,57.0,32.57,16.0,9.14,0.873,0.24,38.91,17.09,17.51,34.6,24.59,28.22,304.0,0.221,47.0,15.46,34.0,11.18,0.6619999999999999,0.13099999999999998,26.24,12.63,15.81,28.45,30.07,16.49,491.0,0.266,93.0,18.94,44.0,8.96,0.783,0.181,28.26,14.37,13.47,27.84,30.37,16.52
746213,2024-06-26,2024,663527,R,542881,L,walk,False,True,60.0,0.18,10.0,16.67,6.0,10.0,0.6799999999999999,0.2,21.3,9.96,17.32,27.27,27.43,16.13,32.0,0.276,7.0,21.88,3.0,9.38,0.792,0.172,17.86,8.2,16.39,24.59,16.67,18.92,304.0,0.221,47.0,15.46,34.0,11.18,0.6619999999999999,0.13099999999999998,26.24,12.63,15.81,28.45,30.07,16.49,491.0,0.266,93.0,18.94,44.0,8.96,0.783,0.181,28.26,14.37,13.47,27.84,30.37,16.52
746213,2024-06-26,2024,669127,R,542881,L,field_out,False,False,74.0,0.176,20.0,27.03,3.0,4.05,0.532,0.14800000000000002,28.24,13.6,15.81,29.41,32.88,24.1,146.0,0.179,42.0,28.77,11.0,7.53,0.583,0.164,31.53,15.5,14.0,29.5,31.21,21.11,304.0,0.221,47.0,15.46,34.0,11.18,0.6619999999999999,0.13099999999999998,26.24,12.63,15.81,28.45,30.07,16.49,491.0,0.266,93.0,18.94,44.0,8.96,0.783,0.181,28.26,14.37,13.47,27.84,30.37,16.52
746213,2024-06-26,2024,680869,R,542881,L,field_out,False,False,54.0,0.18,20.0,37.04,4.0,7.41,0.581,0.16000000000000003,43.0,21.83,15.23,37.06,26.14,36.36,80.0,0.167,28.0,35.0,8.0,10.0,0.486,0.0689999999999999,40.48,21.25,11.56,32.81,27.92,34.57,304.0,0.221,47.0,15.46,34.0,11.18,0.6619999999999999,0.13099999999999998,26.24,12.63,15.81,28.45,30.07,16.49,491.0,0.266,93.0,18.94,44.0,8.96,0.783,0.181,28.26,14.37,13.47,27.84,30.37,16.52
746213,2024-06-26,2024,621493,R,687765,R,strikeout,True,False,257.0,0.213,63.0,24.51,30.0,11.67,0.712,0.19399999999999998,24.29,10.15,19.9,30.05,18.38,20.88,295.0,0.233,61.0,20.68,27.0,9.15,0.702,0.148,23.43,10.4,15.98,26.37,23.09,17.78,159.0,0.243,28.0,17.61,9.0,5.66,0.6759999999999999,0.14200000000000002,24.03,12.8,12.98,25.78,33.22,16.36,,,,,,,,,,,,,,
746213,2024-06-26,2024,641432,L,687765,R,field_out,False,False,131.0,0.293,17.0,12.98,7.0,5.34,0.743,0.122,13.72,6.35,17.21,23.57,23.87,14.78,139.0,0.256,15.0,10.79,13.0,9.35,0.756,0.176,14.22,5.56,19.54,25.1,21.32,10.83,123.0,0.289,28.0,22.76,7.0,5.69,0.801,0.17600000000000005,21.54,10.97,15.94,26.92,31.36,19.15,,,,,,,,,,,,,,
746213,2024-06-26,2024,681351,R,687765,R,strikeout,True,False,196.0,0.282,48.0,24.49,11.0,5.61,0.792,0.18200000000000005,31.82,16.04,15.36,31.4,34.66,19.83,154.0,0.22,38.0,24.68,9.0,5.84,0.757,0.262,32.06,17.0,13.8,30.81,36.07,19.69,159.0,0.243,28.0,17.61,9.0,5.66,0.6759999999999999,0.14200000000000002,24.03,12.8,12.98,25.78,33.22,16.36,,,,,,,,,,,,,,
746213,2024-06-26,2024,669137,R,519326,R,strikeout,True,False,3.0,0.333,1.0,33.33,0.0,0.0,0.666,0.0,25.0,11.11,33.33,44.44,0.0,33.33,,,,,,,,,,,,,,,96.0,0.242,21.0,21.88,4.0,4.17,0.732,0.20900000000000002,24.58,11.89,15.95,27.84,27.78,19.44,,,,,,,,,,,,,,
746213,2024-06-26,2024,680474,R,519326,R,field_out,False,False,147.0,0.233,41.0,27.89,15.0,10.2,0.624,0.06899999999999998,29.48,12.33,20.17,32.5,20.7,22.91,,,,,,,,,,,,,,,96.0,0.242,21.0,21.88,4.0,4.17,0.732,0.20900000000000002,24.58,11.89,15.95,27.84,27.78,19.44,,,,,,,,,,,,,,
746213,2024-06-26,2024,663662,R,519326,R,field_out,False,False,42.0,0.154,8.0,19.05,3.0,7.14,0.445,0.07700000000000001,25.61,13.38,17.2,30.57,25.0,15.38,,,,,,,,,,,,,,,96.0,0.242,21.0,21.88,4.0,4.17,0.732,0.20900000000000002,24.58,11.89,15.95,27.84,27.78,19.44,,,,,,,,,,,,,,
746213,2024-06-26,2024,687263,R,687765,R,strikeout,True,False,232.0,0.216,59.0,25.43,12.0,5.17,0.681,0.19199999999999998,29.31,15.23,15.23,30.47,34.16,22.26,262.0,0.222,62.0,23.66,18.0,6.87,0.6599999999999999,0.1349999999999999,28.77,13.7,16.19,29.89,23.52,18.84,159.0,0.243,28.0,17.61,9.0,5.66,0.6759999999999999,0.14200000000000002,24.03,12.8,12.98,25.78,33.22,16.36,,,,,,,,,,,,,,
746213,2024-06-26,2024,666160,L,687765,R,walk,False,True,184.0,0.211,47.0,25.54,13.0,7.07,0.605,0.12800000000000003,27.7,15.33,12.21,27.54,35.98,18.8,259.0,0.293,93.0,35.91,7.0,2.7,0.8620000000000001,0.249,38.62,24.01,9.43,33.44,46.84,30.07,123.0,0.289,28.0,22.76,7.0,5.69,0.801,0.17600000000000005,21.54,10.97,15.94,26.92,31.36,19.15,,,,,,,,,,,,,,
746213,2024-06-26,2024,666176,R,687765,R,double,False,False,177.0,0.17,59.0,33.33,10.0,5.65,0.541,0.13799999999999998,30.11,15.06,13.95,29.01,30.89,22.87,43.0,0.205,18.0,41.86,4.0,9.3,0.7150000000000001,0.231,40.66,20.67,14.53,35.2,30.34,25.35,159.0,0.243,28.0,17.61,9.0,5.66,0.6759999999999999,0.14200000000000002,24.03,12.8,12.98,25.78,33.22,16.36,,,,,,,,,,,,,,
746213,2024-06-26,2024,641645,L,519008,L,field_out,False,False,10.0,0.1,3.0,30.0,0.0,0.0,0.2,0.0,25.0,10.64,21.28,31.91,29.17,16.67,24.0,0.25,9.0,37.5,2.0,8.33,0.718,0.15,25.0,11.88,19.8,31.68,27.66,26.47,62.0,0.237,10.0,16.13,2.0,3.23,0.5960000000000001,0.08500000000000002,22.0,10.33,22.54,32.86,30.43,20.0,5.0,0.25,1.0,20.0,1.0,20.0,0.65,0.0,42.86,15.79,10.53,26.32,16.67,100.0
746213,2024-06-26,2024,694384,L,519008,L,field_out,False,False,59.0,0.191,9.0,15.25,7.0,11.86,0.617,0.128,12.05,4.57,21.46,26.03,16.04,15.0,29.0,0.217,4.0,13.79,6.0,20.69,0.64,0.044,12.5,4.55,21.82,26.36,21.05,15.38,62.0,0.237,10.0,16.13,2.0,3.23,0.5960000000000001,0.08500000000000002,22.0,10.33,22.54,32.86,30.43,20.0,5.0,0.25,1.0,20.0,1.0,20.0,0.65,0.0,42.86,15.79,10.53,26.32,16.67,100.0
746213,2024-06-26,2024,668709,L,472610,R,field_out,False,False,270.0,0.262,47.0,17.41,31.0,11.48,0.8049999999999999,0.194,24.01,10.32,17.23,27.56,22.71,17.34,232.0,0.209,53.0,22.84,35.0,15.09,0.726,0.184,28.61,12.18,15.3,27.48,19.27,20.46,67.0,0.255,18.0,26.87,8.0,11.94,0.782,0.16299999999999998,28.97,12.02,21.32,33.33,25.36,25.71,108.0,0.309,22.0,20.37,12.0,11.11,0.734,0.0419999999999999,27.84,13.24,12.01,25.25,30.67,20.18
746213,2024-06-26,2024,609280,R,472610,R,single,False,False,102.0,0.296,15.0,14.71,3.0,2.94,0.692,0.08200000000000002,16.41,8.42,17.63,26.05,35.11,13.51,52.0,0.229,6.0,11.54,4.0,7.69,0.705,0.1879999999999999,14.58,7.49,13.9,21.39,30.93,12.77,80.0,0.24,18.0,22.5,4.0,5.0,0.595,0.067,23.84,12.12,16.16,28.28,36.94,19.78,159.0,0.214,31.0,19.5,12.0,7.55,0.69,0.172,23.78,11.22,14.36,25.58,27.18,17.22
746213,2024-06-26,2024,667670,R,472610,R,force_out,False,False,215.0,0.261,78.0,36.28,23.0,10.7,0.825,0.21799999999999997,38.75,18.72,12.89,31.61,29.77,29.21,351.0,0.23,115.0,32.76,33.0,9.4,0.788,0.2419999999999999,37.94,17.82,16.3,34.12,28.65,23.47,80.0,0.24,18.0,22.5,4.0,5.0,0.595,0.067,23.84,12.12,16.16,28.28,36.94,19.78,159.0,0.214,31.0,19.5,12.0,7.55,0.69,0.172,23.78,11.22,14.36,25.58,27.18,17.22
746213,2024-06-26,2024,691016,L,472610,R,field_out,False,False,115.0,0.232,36.0,31.3,12.0,10.43,0.777,0.212,34.17,15.81,15.81,31.63,29.28,30.25,118.0,0.159,37.0,31.36,10.0,8.47,0.472,0.0839999999999999,33.93,16.67,14.91,31.58,29.36,28.91,67.0,0.255,18.0,26.87,8.0,11.94,0.782,0.16299999999999998,28.97,12.02,21.32,33.33,25.36,25.71,108.0,0.309,22.0,20.37,12.0,11.11,0.734,0.0419999999999999,27.84,13.24,12.01,25.25,30.67,20.18
746213,2024-06-26,2024,650859,R,656794,L,field_out,False,False,52.0,0.388,8.0,15.38,2.0,3.85,0.974,0.16300000000000003,25.66,16.2,6.7,22.91,47.37,14.04,124.0,0.324,22.0,17.74,10.0,8.06,0.928,0.217,25.43,13.56,9.89,23.45,30.28,18.64,33.0,0.308,4.0,12.12,6.0,18.18,0.976,0.23000000000000004,18.52,8.2,13.93,22.13,18.97,14.81,41.0,0.212,11.0,26.83,6.0,14.63,0.73,0.152,20.0,8.9,16.75,25.65,27.18,17.19
746213,2024-06-26,2024,621493,R,656794,L,home_run,False,False,64.0,0.368,13.0,20.31,6.0,9.38,1.018,0.22799999999999998,24.51,9.84,21.65,31.5,20.49,20.97,116.0,0.303,19.0,16.38,12.0,10.34,0.896,0.222,15.0,6.62,15.67,22.3,23.32,14.73,33.0,0.308,4.0,12.12,6.0,18.18,0.976,0.23000000000000004,18.52,8.2,13.93,22.13,18.97,14.81,41.0,0.212,11.0,26.83,6.0,14.63,0.73,0.152,20.0,8.9,16.75,25.65,27.18,17.19
746213,2024-06-26,2024,593934,R,656794,L,field_out,False,False,16.0,0.333,1.0,6.25,4.0,25.0,0.917,0.08399999999999996,17.39,7.27,9.09,16.36,10.71,9.09,,,,,,,,,,,,,,,33.0,0.308,4.0,12.12,6.0,18.18,0.976,0.23000000000000004,18.52,8.2,13.93,22.13,18.97,14.81,41.0,0.212,11.0,26.83,6.0,14.63,0.73,0.152,20.0,8.9,16.75,25.65,27.18,17.19
746213,2024-06-26,2024,681351,R,656794,L,walk,False,True,58.0,0.226,15.0,25.86,4.0,6.9,0.727,0.208,25.0,12.02,16.31,28.33,27.12,19.48,46.0,0.293,10.0,21.74,5.0,10.87,0.931,0.268,32.47,14.79,15.38,30.18,27.27,22.73,33.0,0.308,4.0,12.12,6.0,18.18,0.976,0.23000000000000004,18.52,8.2,13.93,22.13,18.97,14.81,41.0,0.212,11.0,26.83,6.0,14.63,0.73,0.152,20.0,8.9,16.75,25.65,27.18,17.19
746213,2024-06-26,2024,687263,R,656794,L,caught_stealing_2b,False,False,49.0,0.422,9.0,18.37,2.0,4.08,1.014,0.13400000000000006,23.96,12.92,12.92,25.84,36.05,15.79,67.0,0.237,15.0,22.39,2.0,2.99,0.786,0.221,28.57,13.88,15.92,29.8,31.5,25.42,33.0,0.308,4.0,12.12,6.0,18.18,0.976,0.23000000000000004,18.52,8.2,13.93,22.13,18.97,14.81,41.0,0.212,11.0,26.83,6.0,14.63,0.73,0.152,20.0,8.9,16.75,25.65,27.18,17.19
746213,2024-06-26,2024,669127,R,665896,R,field_error,False,False,189.0,0.205,51.0,26.98,13.0,6.88,0.732,0.257,30.33,15.26,15.86,31.12,32.33,27.72,344.0,0.217,101.0,29.36,23.0,6.69,0.7230000000000001,0.226,32.34,16.3,14.73,31.03,31.22,23.88,12.0,0.2,2.0,16.67,2.0,16.67,0.533,0.0,22.22,8.0,24.0,32.0,25.0,14.29,26.0,0.318,4.0,15.38,3.0,11.54,1.0670000000000002,0.364,18.6,8.79,13.19,21.98,23.91,16.67
746213,2024-06-26,2024,680869,R,665896,R,single,False,False,190.0,0.2,66.0,34.74,11.0,5.79,0.599,0.14899999999999997,35.19,17.95,15.65,33.6,29.01,29.73,220.0,0.303,54.0,24.55,18.0,8.18,0.969,0.298,30.92,15.24,15.12,30.36,29.22,21.29,12.0,0.2,2.0,16.67,2.0,16.67,0.533,0.0,22.22,8.0,24.0,32.0,25.0,14.29,26.0,0.318,4.0,15.38,3.0,11.54,1.0670000000000002,0.364,18.6,8.79,13.19,21.98,23.91,16.67
746213,2024-06-26,2024,669137,R,665896,R,single,False,False,3.0,0.333,1.0,33.33,0.0,0.0,0.666,0.0,25.0,11.11,33.33,44.44,0.0,33.33,,,,,,,,,,,,,,,12.0,0.2,2.0,16.67,2.0,16.67,0.533,0.0,22.22,8.0,24.0,32.0,25.0,14.29,26.0,0.318,4.0,15.38,3.0,11.54,1.0670000000000002,0.364,18.6,8.79,13.19,21.98,23.91,16.67
746213,2024-06-26,2024,671732,L,665896,R,sac_fly,False,False,123.0,0.204,35.0,28.46,14.0,11.38,0.599,0.10200000000000001,29.13,12.84,18.2,31.03,25.45,21.12,107.0,0.216,29.0,27.1,3.0,2.8,0.616,0.157,31.16,14.83,17.7,32.54,26.94,22.48,7.0,0.0,0.0,0.0,1.0,14.29,0.143,0.0,0.0,0.0,13.64,13.64,0.0,0.0,22.0,0.412,3.0,13.64,4.0,18.18,1.147,0.235,28.12,10.98,14.63,25.61,19.15,20.0
746213,2024-06-26,2024,663662,R,690829,R,walk,False,True,42.0,0.154,8.0,19.05,3.0,7.14,0.445,0.07700000000000001,25.61,13.38,17.2,30.57,25.0,15.38,,,,,,,,,,,,,,,26.0,0.286,4.0,15.38,4.0,15.38,0.709,0.0,25.49,10.92,15.97,26.89,22.41,12.12,29.0,0.333,7.0,24.14,3.0,10.34,0.914,0.1669999999999999,25.0,12.1,19.35,31.45,33.33,17.07
746213,2024-06-26,2024,668709,L,690829,R,grounded_into_double_play,False,False,270.0,0.262,47.0,17.41,31.0,11.48,0.8049999999999999,0.194,24.01,10.32,17.23,27.56,22.71,17.34,232.0,0.209,53.0,22.84,35.0,15.09,0.726,0.184,28.61,12.18,15.3,27.48,19.27,20.46,18.0,0.25,5.0,27.78,2.0,11.11,0.645,0.062,31.03,15.52,15.52,31.03,25.93,50.0,19.0,0.077,3.0,15.79,6.0,31.58,0.445,0.0,24.0,7.69,15.38,23.08,11.9,18.75
746213,2024-06-26,2024,687263,R,656794,L,walk,False,True,49.0,0.422,9.0,18.37,2.0,4.08,1.014,0.13400000000000006,23.96,12.92,12.92,25.84,36.05,15.79,67.0,0.237,15.0,22.39,2.0,2.99,0.786,0.221,28.57,13.88,15.92,29.8,31.5,25.42,33.0,0.308,4.0,12.12,6.0,18.18,0.976,0.23000000000000004,18.52,8.2,13.93,22.13,18.97,14.81,41.0,0.212,11.0,26.83,6.0,14.63,0.73,0.152,20.0,8.9,16.75,25.65,27.18,17.19
746213,2024-06-26,2024,607680,R,656794,L,strikeout,True,False,60.0,0.393,10.0,16.67,3.0,5.0,1.129,0.30299999999999994,23.48,11.16,14.46,25.62,32.06,16.39,111.0,0.25,28.0,25.23,2.0,1.8,0.733,0.2219999999999999,28.46,16.17,12.7,28.87,40.87,21.05,33.0,0.308,4.0,12.12,6.0,18.18,0.976,0.23000000000000004,18.52,8.2,13.93,22.13,18.97,14.81,41.0,0.212,11.0,26.83,6.0,14.63,0.73,0.152,20.0,8.9,16.75,25.65,27.18,17.19
746213,2024-06-26,2024,666176,R,518397,L,intent_walk,False,True,59.0,0.222,12.0,20.34,5.0,8.47,0.9179999999999999,0.40800000000000003,35.16,17.79,9.49,27.27,29.93,14.63,19.0,0.211,7.0,36.84,0.0,0.0,0.6849999999999999,0.263,34.09,18.29,13.41,31.71,34.21,21.88,25.0,0.263,4.0,16.0,4.0,16.0,1.0070000000000001,0.369,25.58,12.94,4.71,17.65,39.53,21.05,125.0,0.328,15.0,12.0,8.0,6.4,0.781,0.077,16.67,8.44,14.64,23.08,30.3,17.65
746213,2024-06-26,2024,641645,L,518397,L,force_out,False,False,10.0,0.1,3.0,30.0,0.0,0.0,0.2,0.0,25.0,10.64,21.28,31.91,29.17,16.67,24.0,0.25,9.0,37.5,2.0,8.33,0.718,0.15,25.0,11.88,19.8,31.68,27.66,26.47,20.0,0.15,2.0,10.0,0.0,0.0,0.3,0.0,10.0,4.55,22.73,27.27,34.38,12.5,83.0,0.215,16.0,19.28,3.0,3.61,0.56,0.101,24.84,13.2,16.17,29.37,31.5,16.84
746213,2024-06-26,2024,694384,L,518397,L,field_out,False,False,59.0,0.191,9.0,15.25,7.0,11.86,0.617,0.128,12.05,4.57,21.46,26.03,16.04,15.0,29.0,0.217,4.0,13.79,6.0,20.69,0.64,0.044,12.5,4.55,21.82,26.36,21.05,15.38,20.0,0.15,2.0,10.0,0.0,0.0,0.3,0.0,10.0,4.55,22.73,27.27,34.38,12.5,83.0,0.215,16.0,19.28,3.0,3.61,0.56,0.101,24.84,13.2,16.17,29.37,31.5,16.84
746213,2024-06-26,2024,609280,R,608032,R,strikeout,True,False,102.0,0.296,15.0,14.71,3.0,2.94,0.692,0.08200000000000002,16.41,8.42,17.63,26.05,35.11,13.51,52.0,0.229,6.0,11.54,4.0,7.69,0.705,0.1879999999999999,14.58,7.49,13.9,21.39,30.93,12.77,47.0,0.196,14.0,29.79,0.0,0.0,0.5820000000000001,0.195,29.29,15.51,18.72,34.22,28.57,21.88,149.0,0.242,47.0,31.54,12.0,8.05,0.665,0.099,29.14,14.99,16.01,31.01,31.39,23.27
746213,2024-06-26,2024,667670,R,608032,R,field_out,False,False,215.0,0.261,78.0,36.28,23.0,10.7,0.825,0.21799999999999997,38.75,18.72,12.89,31.61,29.77,29.21,351.0,0.23,115.0,32.76,33.0,9.4,0.788,0.2419999999999999,37.94,17.82,16.3,34.12,28.65,23.47,47.0,0.196,14.0,29.79,0.0,0.0,0.5820000000000001,0.195,29.29,15.51,18.72,34.22,28.57,21.88,149.0,0.242,47.0,31.54,12.0,8.05,0.665,0.099,29.14,14.99,16.01,31.01,31.39,23.27
746213,2024-06-26,2024,691016,L,608032,R,single,False,False,115.0,0.232,36.0,31.3,12.0,10.43,0.777,0.212,34.17,15.81,15.81,31.63,29.28,30.25,118.0,0.159,37.0,31.36,10.0,8.47,0.472,0.0839999999999999,33.93,16.67,14.91,31.58,29.36,28.91,47.0,0.205,13.0,27.66,3.0,6.38,0.573,0.11300000000000002,28.75,12.11,19.47,31.58,19.75,27.08,132.0,0.268,31.0,23.48,19.0,14.39,0.808,0.1609999999999999,25.8,13.01,12.66,25.67,22.18,16.85
746213,2024-06-26,2024,669127,R,608032,R,strikeout,True,False,189.0,0.205,51.0,26.98,13.0,6.88,0.732,0.257,30.33,15.26,15.86,31.12,32.33,27.72,344.0,0.217,101.0,29.36,23.0,6.69,0.7230000000000001,0.226,32.34,16.3,14.73,31.03,31.22,23.88,47.0,0.196,14.0,29.79,0.0,0.0,0.5820000000000001,0.195,29.29,15.51,18.72,34.22,28.57,21.88,149.0,0.242,47.0,31.54,12.0,8.05,0.665,0.099,29.14,14.99,16.01,31.01,31.39,23.27
747184,2024-06-27,2024,650489,L,669194,R,field_out,False,False,236.0,0.241,55.0,23.31,22.0,9.32,0.752,0.16799999999999998,27.39,13.19,15.29,28.48,28.8,18.39,280.0,0.266,73.0,26.07,23.0,8.21,0.8029999999999999,0.189,28.16,14.39,15.31,29.7,34.97,21.1,157.0,0.26,22.0,14.01,9.0,5.73,0.772,0.20600000000000002,15.82,8.14,15.47,23.62,29.75,10.95,304.0,0.294,42.0,13.82,33.0,10.86,0.896,0.237,18.17,8.64,15.1,23.74,25.09,12.03
747184,2024-06-27,2024,663616,L,669194,R,double,False,False,163.0,0.255,30.0,18.4,12.0,7.36,0.75,0.188,25.95,12.32,17.57,29.89,28.47,16.96,189.0,0.228,60.0,31.75,25.0,13.23,0.766,0.21,36.25,14.96,16.71,31.67,22.55,25.75,157.0,0.26,22.0,14.01,9.0,5.73,0.772,0.20600000000000002,15.82,8.14,15.47,23.62,29.75,10.95,304.0,0.294,42.0,13.82,33.0,10.86,0.896,0.237,18.17,8.64,15.1,23.74,25.09,12.03
747184,2024-06-27,2024,668904,R,669194,R,field_out,False,False,59.0,0.278,12.0,20.34,5.0,8.47,1.098,0.481,29.73,14.35,13.91,28.26,28.0,18.46,183.0,0.307,43.0,23.5,15.0,8.2,0.962,0.283,27.16,12.8,18.57,31.36,28.0,20.98,150.0,0.372,24.0,16.0,9.0,6.0,0.99,0.20499999999999996,21.3,10.97,14.13,25.09,27.13,15.0,315.0,0.276,54.0,17.14,13.0,4.13,0.808,0.2259999999999999,22.31,11.58,14.58,26.16,25.24,14.32
747184,2024-06-27,2024,596146,L,669194,R,strikeout,True,False,178.0,0.236,36.0,20.22,13.0,7.3,0.7030000000000001,0.16800000000000004,23.31,12.28,11.69,23.96,27.35,17.65,394.0,0.263,84.0,21.32,37.0,9.39,0.8320000000000001,0.2339999999999999,19.92,9.32,15.49,24.81,24.75,18.14,157.0,0.26,22.0,14.01,9.0,5.73,0.772,0.20600000000000002,15.82,8.14,15.47,23.62,29.75,10.95,304.0,0.294,42.0,13.82,33.0,10.86,0.896,0.237,18.17,8.64,15.1,23.74,25.09,12.03
747184,2024-06-27,2024,682998,L,680573,R,field_out,False,False,231.0,0.225,38.0,16.45,29.0,12.55,0.66,0.11000000000000001,19.41,8.21,16.99,25.2,24.12,18.18,472.0,0.286,105.0,22.25,46.0,9.75,0.921,0.266,22.34,10.24,16.27,26.51,28.83,21.92,112.0,0.194,23.0,20.54,10.0,8.93,0.562,0.08200000000000002,21.46,9.84,19.02,28.86,31.0,15.86,11.0,0.3,1.0,9.09,1.0,9.09,0.964,0.3,10.53,4.88,12.2,17.07,33.33,10.0
747184,2024-06-27,2024,606466,L,680573,R,walk,False,True,223.0,0.258,47.0,21.08,21.0,9.42,0.72,0.139,23.6,11.06,14.51,25.56,23.52,19.49,452.0,0.259,85.0,18.81,54.0,11.95,0.827,0.2199999999999999,20.87,9.03,16.76,25.8,21.17,17.28,112.0,0.194,23.0,20.54,10.0,8.93,0.562,0.08200000000000002,21.46,9.84,19.02,28.86,31.0,15.86,11.0,0.3,1.0,9.09,1.0,9.09,0.964,0.3,10.53,4.88,12.2,17.07,33.33,10.0
747184,2024-06-27,2024,592626,L,680573,R,single,False,False,217.0,0.293,53.0,24.42,23.0,10.6,0.888,0.21000000000000002,23.96,11.02,17.32,28.35,29.5,21.2,373.0,0.241,74.0,19.84,49.0,13.14,0.786,0.194,24.13,10.89,15.07,25.96,29.36,16.09,112.0,0.194,23.0,20.54,10.0,8.93,0.562,0.08200000000000002,21.46,9.84,19.02,28.86,31.0,15.86,11.0,0.3,1.0,9.09,1.0,9.09,0.964,0.3,10.53,4.88,12.2,17.07,33.33,10.0
747184,2024-06-27,2024,572233,R,680573,R,field_out,False,False,253.0,0.25,60.0,23.72,25.0,9.88,0.827,0.245,25.97,12.69,12.78,25.47,25.23,17.7,497.0,0.259,95.0,19.11,42.0,8.45,0.8009999999999999,0.2129999999999999,26.19,12.83,14.15,26.98,26.84,15.33,162.0,0.25,33.0,20.37,9.0,5.56,0.694,0.15500000000000003,21.87,11.59,12.83,24.42,25.91,15.35,13.0,0.4,4.0,30.77,2.0,15.38,1.1,0.1999999999999999,17.86,8.62,13.79,22.41,21.43,20.0
747184,2024-06-27,2024,621043,R,669194,R,single,False,False,195.0,0.306,36.0,18.46,19.0,9.74,0.831,0.15600000000000003,20.8,9.28,18.96,28.24,27.79,17.48,444.0,0.224,112.0,25.23,42.0,9.46,0.69,0.164,26.37,11.3,19.9,31.19,27.0,21.72,150.0,0.372,24.0,16.0,9.0,6.0,0.99,0.20499999999999996,21.3,10.97,14.13,25.09,27.13,15.0,315.0,0.276,54.0,17.14,13.0,4.13,0.808,0.2259999999999999,22.31,11.58,14.58,26.16,25.24,14.32
747184,2024-06-27,2024,467793,L,669194,R,single,False,False,213.0,0.235,31.0,14.55,23.0,10.8,0.73,0.16600000000000004,22.89,9.89,16.93,26.82,23.84,12.86,460.0,0.231,83.0,18.04,45.0,9.78,0.727,0.1899999999999999,23.76,11.0,14.32,25.31,24.63,16.21,157.0,0.26,22.0,14.01,9.0,5.73,0.772,0.20600000000000002,15.82,8.14,15.47,23.62,29.75,10.95,304.0,0.294,42.0,13.82,33.0,10.86,0.896,0.237,18.17,8.64,15.1,23.74,25.09,12.03
747184,2024-06-27,2024,621439,R,669194,R,hit_by_pitch,False,False,158.0,0.241,45.0,28.48,6.0,3.8,0.677,0.14500000000000002,33.74,18.3,12.31,30.62,36.28,22.84,257.0,0.217,80.0,31.13,26.0,10.12,0.767,0.243,29.69,15.03,12.96,27.99,29.53,25.0,150.0,0.372,24.0,16.0,9.0,6.0,0.99,0.20499999999999996,21.3,10.97,14.13,25.09,27.13,15.0,315.0,0.276,54.0,17.14,13.0,4.13,0.808,0.2259999999999999,22.31,11.58,14.58,26.16,25.24,14.32
747184,2024-06-27,2024,669304,R,669194,R,double,False,False,151.0,0.321,22.0,14.57,10.0,6.62,0.935,0.24100000000000005,22.01,10.5,17.13,27.62,32.87,17.32,120.0,0.207,18.0,15.0,8.0,6.67,0.5640000000000001,0.09,23.72,11.83,13.69,25.52,32.37,15.04,150.0,0.372,24.0,16.0,9.0,6.0,0.99,0.20499999999999996,21.3,10.97,14.13,25.09,27.13,15.0,315.0,0.276,54.0,17.14,13.0,4.13,0.808,0.2259999999999999,22.31,11.58,14.58,26.16,25.24,14.32
747184,2024-06-27,2024,543877,R,669194,R,strikeout,True,False,111.0,0.176,29.0,26.13,4.0,3.6,0.476,0.08900000000000002,27.94,14.29,18.3,32.58,36.22,26.13,279.0,0.216,59.0,21.15,22.0,7.89,0.548,0.051,25.76,12.56,16.62,29.18,33.72,23.41,150.0,0.372,24.0,16.0,9.0,6.0,0.99,0.20499999999999996,21.3,10.97,14.13,25.09,27.13,15.0,315.0,0.276,54.0,17.14,13.0,4.13,0.808,0.2259999999999999,22.31,11.58,14.58,26.16,25.24,14.32
747184,2024-06-27,2024,650489,L,669194,R,hit_by_pitch,False,False,236.0,0.241,55.0,23.31,22.0,9.32,0.752,0.16799999999999998,27.39,13.19,15.29,28.48,28.8,18.39,280.0,0.266,73.0,26.07,23.0,8.21,0.8029999999999999,0.189,28.16,14.39,15.31,29.7,34.97,21.1,157.0,0.26,22.0,14.01,9.0,5.73,0.772,0.20600000000000002,15.82,8.14,15.47,23.62,29.75,10.95,304.0,0.294,42.0,13.82,33.0,10.86,0.896,0.237,18.17,8.64,15.1,23.74,25.09,12.03
747184,2024-06-27,2024,663616,L,669194,R,field_out,False,False,163.0,0.255,30.0,18.4,12.0,7.36,0.75,0.188,25.95,12.32,17.57,29.89,28.47,16.96,189.0,0.228,60.0,31.75,25.0,13.23,0.766,0.21,36.25,14.96,16.71,31.67,22.55,25.75,157.0,0.26,22.0,14.01,9.0,5.73,0.772,0.20600000000000002,15.82,8.14,15.47,23.62,29.75,10.95,304.0,0.294,42.0,13.82,33.0,10.86,0.896,0.237,18.17,8.64,15.1,23.74,25.09,12.03
747184,2024-06-27,2024,668904,R,669194,R,field_out,False,False,59.0,0.278,12.0,20.34,5.0,8.47,1.098,0.481,29.73,14.35,13.91,28.26,28.0,18.46,183.0,0.307,43.0,23.5,15.0,8.2,0.962,0.283,27.16,12.8,18.57,31.36,28.0,20.98,150.0,0.372,24.0,16.0,9.0,6.0,0.99,0.20499999999999996,21.3,10.97,14.13,25.09,27.13,15.0,315.0,0.276,54.0,17.14,13.0,4.13,0.808,0.2259999999999999,22.31,11.58,14.58,26.16,25.24,14.32
747184,2024-06-27,2024,666971,R,680573,R,field_out,False,False,222.0,0.229,45.0,20.27,9.0,4.05,0.623,0.12799999999999997,21.14,10.65,16.15,26.79,31.82,18.22,433.0,0.247,85.0,19.63,21.0,4.85,0.756,0.22,20.07,9.99,16.64,26.63,31.06,17.82,162.0,0.25,33.0,20.37,9.0,5.56,0.694,0.15500000000000003,21.87,11.59,12.83,24.42,25.91,15.35,13.0,0.4,4.0,30.77,2.0,15.38,1.1,0.1999999999999999,17.86,8.62,13.79,22.41,21.43,20.0
747184,2024-06-27,2024,664983,L,680573,R,strikeout,True,False,165.0,0.248,29.0,17.58,14.0,8.48,0.716,0.135,20.71,9.67,16.33,26.0,27.16,16.57,230.0,0.255,51.0,22.17,17.0,7.39,0.643,0.072,22.4,11.76,13.9,25.65,32.76,19.39,112.0,0.194,23.0,20.54,10.0,8.93,0.562,0.08200000000000002,21.46,9.84,19.02,28.86,31.0,15.86,11.0,0.3,1.0,9.09,1.0,9.09,0.964,0.3,10.53,4.88,12.2,17.07,33.33,10.0
747184,2024-06-27,2024,553993,R,680573,R,field_out,False,False,217.0,0.193,57.0,26.27,16.0,7.37,0.611,0.14600000000000002,30.41,14.27,15.18,29.45,26.2,21.84,537.0,0.227,161.0,29.98,48.0,8.94,0.706,0.167,32.3,14.54,16.91,31.45,23.96,22.87,162.0,0.25,33.0,20.37,9.0,5.56,0.694,0.15500000000000003,21.87,11.59,12.83,24.42,25.91,15.35,13.0,0.4,4.0,30.77,2.0,15.38,1.1,0.1999999999999999,17.86,8.62,13.79,22.41,21.43,20.0
747184,2024-06-27,2024,596146,L,669194,R,field_out,False,False,178.0,0.236,36.0,20.22,13.0,7.3,0.7030000000000001,0.16800000000000004,23.31,12.28,11.69,23.96,27.35,17.65,394.0,0.263,84.0,21.32,37.0,9.39,0.8320000000000001,0.2339999999999999,19.92,9.32,15.49,24.81,24.75,18.14,157.0,0.26,22.0,14.01,9.0,5.73,0.772,0.20600000000000002,15.82,8.14,15.47,23.62,29.75,10.95,304.0,0.294,42.0,13.82,33.0,10.86,0.896,0.237,18.17,8.64,15.1,23.74,25.09,12.03
747184,2024-06-27,2024,621043,R,669194,R,single,False,False,195.0,0.306,36.0,18.46,19.0,9.74,0.831,0.15600000000000003,20.8,9.28,18.96,28.24,27.79,17.48,444.0,0.224,112.0,25.23,42.0,9.46,0.69,0.164,26.37,11.3,19.9,31.19,27.0,21.72,150.0,0.372,24.0,16.0,9.0,6.0,0.99,0.20499999999999996,21.3,10.97,14.13,25.09,27.13,15.0,315.0,0.276,54.0,17.14,13.0,4.13,0.808,0.2259999999999999,22.31,11.58,14.58,26.16,25.24,14.32
747184,2024-06-27,2024,467793,L,669194,R,single,False,False,213.0,0.235,31.0,14.55,23.0,10.8,0.73,0.16600000000000004,22.89,9.89,16.93,26.82,23.84,12.86,460.0,0.231,83.0,18.04,45.0,9.78,0.727,0.1899999999999999,23.76,11.0,14.32,25.31,24.63,16.21,157.0,0.26,22.0,14.01,9.0,5.73,0.772,0.20600000000000002,15.82,8.14,15.47,23.62,29.75,10.95,304.0,0.294,42.0,13.82,33.0,10.86,0.896,0.237,18.17,8.64,15.1,23.74,25.09,12.03
747184,2024-06-27,2024,621439,R,669194,R,sac_fly,False,False,158.0,0.241,45.0,28.48,6.0,3.8,0.677,0.14500000000000002,33.74,18.3,12.31,30.62,36.28,22.84,257.0,0.217,80.0,31.13,26.0,10.12,0.767,0.243,29.69,15.03,12.96,27.99,29.53,25.0,150.0,0.372,24.0,16.0,9.0,6.0,0.99,0.20499999999999996,21.3,10.97,14.13,25.09,27.13,15.0,315.0,0.276,54.0,17.14,13.0,4.13,0.808,0.2259999999999999,22.31,11.58,14.58,26.16,25.24,14.32
747184,2024-06-27,2024,669304,R,669194,R,single,False,False,151.0,0.321,22.0,14.57,10.0,6.62,0.935,0.24100000000000005,22.01,10.5,17.13,27.62,32.87,17.32,120.0,0.207,18.0,15.0,8.0,6.67,0.5640000000000001,0.09,23.72,11.83,13.69,25.52,32.37,15.04,150.0,0.372,24.0,16.0,9.0,6.0,0.99,0.20499999999999996,21.3,10.97,14.13,25.09,27.13,15.0,315.0,0.276,54.0,17.14,13.0,4.13,0.808,0.2259999999999999,22.31,11.58,14.58,26.16,25.24,14.32
747184,2024-06-27,2024,543877,R,669194,R,force_out,False,False,111.0,0.176,29.0,26.13,4.0,3.6,0.476,0.08900000000000002,27.94,14.29,18.3,32.58,36.22,26.13,279.0,0.216,59.0,21.15,22.0,7.89,0.548,0.051,25.76,12.56,16.62,29.18,33.72,23.41,150.0,0.372,24.0,16.0,9.0,6.0,0.99,0.20499999999999996,21.3,10.97,14.13,25.09,27.13,15.0,315.0,0.276,54.0,17.14,13.0,4.13,0.808,0.2259999999999999,22.31,11.58,14.58,26.16,25.24,14.32
747184,2024-06-27,2024,571466,L,680573,R,field_out,False,False,61.0,0.204,18.0,29.51,11.0,18.03,0.574,0.020000000000000018,24.74,9.88,19.75,29.63,18.97,25.0,106.0,0.191,33.0,31.13,10.0,9.43,0.508,0.043,24.64,11.67,18.08,29.75,29.3,20.75,112.0,0.194,23.0,20.54,10.0,8.93,0.562,0.08200000000000002,21.46,9.84,19.02,28.86,31.0,15.86,11.0,0.3,1.0,9.09,1.0,9.09,0.964,0.3,10.53,4.88,12.2,17.07,33.33,10.0
747184,2024-06-27,2024,672695,L,680573,R,field_out,False,False,51.0,0.273,7.0,13.73,5.0,9.8,0.714,0.068,12.5,5.09,24.07,29.17,24.04,9.46,424.0,0.246,80.0,18.87,60.0,14.15,0.736,0.128,15.84,6.08,21.64,27.72,16.63,14.68,112.0,0.194,23.0,20.54,10.0,8.93,0.562,0.08200000000000002,21.46,9.84,19.02,28.86,31.0,15.86,11.0,0.3,1.0,9.09,1.0,9.09,0.964,0.3,10.53,4.88,12.2,17.07,33.33,10.0
747184,2024-06-27,2024,682998,L,680573,R,single,False,False,231.0,0.225,38.0,16.45,29.0,12.55,0.66,0.11000000000000001,19.41,8.21,16.99,25.2,24.12,18.18,472.0,0.286,105.0,22.25,46.0,9.75,0.921,0.266,22.34,10.24,16.27,26.51,28.83,21.92,112.0,0.194,23.0,20.54,10.0,8.93,0.562,0.08200000000000002,21.46,9.84,19.02,28.86,31.0,15.86,11.0,0.3,1.0,9.09,1.0,9.09,0.964,0.3,10.53,4.88,12.2,17.07,33.33,10.0
747184,2024-06-27,2024,606466,L,680573,R,field_out,False,False,223.0,0.258,47.0,21.08,21.0,9.42,0.72,0.139,23.6,11.06,14.51,25.56,23.52,19.49,452.0,0.259,85.0,18.81,54.0,11.95,0.827,0.2199999999999999,20.87,9.03,16.76,25.8,21.17,17.28,112.0,0.194,23.0,20.54,10.0,8.93,0.562,0.08200000000000002,21.46,9.84,19.02,28.86,31.0,15.86,11.0,0.3,1.0,9.09,1.0,9.09,0.964,0.3,10.53,4.88,12.2,17.07,33.33,10.0
747184,2024-06-27,2024,650489,L,669194,R,double,False,False,236.0,0.241,55.0,23.31,22.0,9.32,0.752,0.16799999999999998,27.39,13.19,15.29,28.48,28.8,18.39,280.0,0.266,73.0,26.07,23.0,8.21,0.8029999999999999,0.189,28.16,14.39,15.31,29.7,34.97,21.1,157.0,0.26,22.0,14.01,9.0,5.73,0.772,0.20600000000000002,15.82,8.14,15.47,23.62,29.75,10.95,304.0,0.294,42.0,13.82,33.0,10.86,0.896,0.237,18.17,8.64,15.1,23.74,25.09,12.03
747184,2024-06-27,2024,663616,L,669194,R,double,False,False,163.0,0.255,30.0,18.4,12.0,7.36,0.75,0.188,25.95,12.32,17.57,29.89,28.47,16.96,189.0,0.228,60.0,31.75,25.0,13.23,0.766,0.21,36.25,14.96,16.71,31.67,22.55,25.75,157.0,0.26,22.0,14.01,9.0,5.73,0.772,0.20600000000000002,15.82,8.14,15.47,23.62,29.75,10.95,304.0,0.294,42.0,13.82,33.0,10.86,0.896,0.237,18.17,8.64,15.1,23.74,25.09,12.03
747184,2024-06-27,2024,668904,R,669194,R,field_out,False,False,59.0,0.278,12.0,20.34,5.0,8.47,1.098,0.481,29.73,14.35,13.91,28.26,28.0,18.46,183.0,0.307,43.0,23.5,15.0,8.2,0.962,0.283,27.16,12.8,18.57,31.36,28.0,20.98,150.0,0.372,24.0,16.0,9.0,6.0,0.99,0.20499999999999996,21.3,10.97,14.13,25.09,27.13,15.0,315.0,0.276,54.0,17.14,13.0,4.13,0.808,0.2259999999999999,22.31,11.58,14.58,26.16,25.24,14.32
747184,2024-06-27,2024,596146,L,669194,R,strikeout,True,False,178.0,0.236,36.0,20.22,13.0,7.3,0.7030000000000001,0.16800000000000004,23.31,12.28,11.69,23.96,27.35,17.65,394.0,0.263,84.0,21.32,37.0,9.39,0.8320000000000001,0.2339999999999999,19.92,9.32,15.49,24.81,24.75,18.14,157.0,0.26,22.0,14.01,9.0,5.73,0.772,0.20600000000000002,15.82,8.14,15.47,23.62,29.75,10.95,304.0,0.294,42.0,13.82,33.0,10.86,0.896,0.237,18.17,8.64,15.1,23.74,25.09,12.03
747184,2024-06-27,2024,621043,R,669194,R,double,False,False,195.0,0.306,36.0,18.46,19.0,9.74,0.831,0.15600000000000003,20.8,9.28,18.96,28.24,27.79,17.48,444.0,0.224,112.0,25.23,42.0,9.46,0.69,0.164,26.37,11.3,19.9,31.19,27.0,21.72,150.0,0.372,24.0,16.0,9.0,6.0,0.99,0.20499999999999996,21.3,10.97,14.13,25.09,27.13,15.0,315.0,0.276,54.0,17.14,13.0,4.13,0.808,0.2259999999999999,22.31,11.58,14.58,26.16,25.24,14.32
747184,2024-06-27,2024,467793,L,543518,R,strikeout,True,False,213.0,0.235,31.0,14.55,23.0,10.8,0.73,0.16600000000000004,22.89,9.89,16.93,26.82,23.84,12.86,460.0,0.231,83.0,18.04,45.0,9.78,0.727,0.1899999999999999,23.76,11.0,14.32,25.31,24.63,16.21,45.0,0.265,8.0,17.78,10.0,22.22,0.746,0.059,28.21,12.02,15.85,27.87,23.71,17.78,140.0,0.163,40.0,28.57,13.0,9.29,0.593,0.178,31.92,14.09,17.15,31.24,28.75,21.62
747184,2024-06-27,2024,592626,L,680573,R,hit_by_pitch,False,False,217.0,0.293,53.0,24.42,23.0,10.6,0.888,0.21000000000000002,23.96,11.02,17.32,28.35,29.5,21.2,373.0,0.241,74.0,19.84,49.0,13.14,0.786,0.194,24.13,10.89,15.07,25.96,29.36,16.09,112.0,0.194,23.0,20.54,10.0,8.93,0.562,0.08200000000000002,21.46,9.84,19.02,28.86,31.0,15.86,11.0,0.3,1.0,9.09,1.0,9.09,0.964,0.3,10.53,4.88,12.2,17.07,33.33,10.0
747184,2024-06-27,2024,572233,R,680573,R,field_out,False,False,253.0,0.25,60.0,23.72,25.0,9.88,0.827,0.245,25.97,12.69,12.78,25.47,25.23,17.7,497.0,0.259,95.0,19.11,42.0,8.45,0.8009999999999999,0.2129999999999999,26.19,12.83,14.15,26.98,26.84,15.33,162.0,0.25,33.0,20.37,9.0,5.56,0.694,0.15500000000000003,21.87,11.59,12.83,24.42,25.91,15.35,13.0,0.4,4.0,30.77,2.0,15.38,1.1,0.1999999999999999,17.86,8.62,13.79,22.41,21.43,20.0
747184,2024-06-27,2024,666971,R,680573,R,triple,False,False,222.0,0.229,45.0,20.27,9.0,4.05,0.623,0.12799999999999997,21.14,10.65,16.15,26.79,31.82,18.22,433.0,0.247,85.0,19.63,21.0,4.85,0.756,0.22,20.07,9.99,16.64,26.63,31.06,17.82,162.0,0.25,33.0,20.37,9.0,5.56,0.694,0.15500000000000003,21.87,11.59,12.83,24.42,25.91,15.35,13.0,0.4,4.0,30.77,2.0,15.38,1.1,0.1999999999999999,17.86,8.62,13.79,22.41,21.43,20.0
747184,2024-06-27,2024,664983,L,680573,R,field_out,False,False,165.0,0.248,29.0,17.58,14.0,8.48,0.716,0.135,20.71,9.67,16.33,26.0,27.16,16.57,230.0,0.255,51.0,22.17,17.0,7.39,0.643,0.072,22.4,11.76,13.9,25.65,32.76,19.39,112.0,0.194,23.0,20.54,10.0,8.93,0.562,0.08200000000000002,21.46,9.84,19.02,28.86,31.0,15.86,11.0,0.3,1.0,9.09,1.0,9.09,0.964,0.3,10.53,4.88,12.2,17.07,33.33,10.0
747184,2024-06-27,2024,553993,R,680573,R,strikeout,True,False,217.0,0.193,57.0,26.27,16.0,7.37,0.611,0.14600000000000002,30.41,14.27,15.18,29.45,26.2,21.84,537.0,0.227,161.0,29.98,48.0,8.94,0.706,0.167,32.3,14.54,16.91,31.45,23.96,22.87,162.0,0.25,33.0,20.37,9.0,5.56,0.694,0.15500000000000003,21.87,11.59,12.83,24.42,25.91,15.35,13.0,0.4,4.0,30.77,2.0,15.38,1.1,0.1999999999999999,17.86,8.62,13.79,22.41,21.43,20.0
747184,2024-06-27,2024,621439,R,543518,R,field_out,False,False,158.0,0.241,45.0,28.48,6.0,3.8,0.677,0.14500000000000002,33.74,18.3,12.31,30.62,36.28,22.84,257.0,0.217,80.0,31.13,26.0,10.12,0.767,0.243,29.69,15.03,12.96,27.99,29.53,25.0,72.0,0.286,10.0,13.89,6.0,8.33,0.966,0.333,27.61,14.62,10.67,25.3,25.21,15.62,162.0,0.28,46.0,28.4,17.0,10.49,0.876,0.244,32.11,16.06,15.44,31.5,34.25,22.89
747184,2024-06-27,2024,669304,R,543518,R,double,False,False,151.0,0.321,22.0,14.57,10.0,6.62,0.935,0.24100000000000005,22.01,10.5,17.13,27.62,32.87,17.32,120.0,0.207,18.0,15.0,8.0,6.67,0.5640000000000001,0.09,23.72,11.83,13.69,25.52,32.37,15.04,72.0,0.286,10.0,13.89,6.0,8.33,0.966,0.333,27.61,14.62,10.67,25.3,25.21,15.62,162.0,0.28,46.0,28.4,17.0,10.49,0.876,0.244,32.11,16.06,15.44,31.5,34.25,22.89
747184,2024-06-27,2024,543877,R,543518,R,strikeout,True,False,111.0,0.176,29.0,26.13,4.0,3.6,0.476,0.08900000000000002,27.94,14.29,18.3,32.58,36.22,26.13,279.0,0.216,59.0,21.15,22.0,7.89,0.548,0.051,25.76,12.56,16.62,29.18,33.72,23.41,72.0,0.286,10.0,13.89,6.0,8.33,0.966,0.333,27.61,14.62,10.67,25.3,25.21,15.62,162.0,0.28,46.0,28.4,17.0,10.49,0.876,0.244,32.11,16.06,15.44,31.5,34.25,22.89
747184,2024-06-27,2024,650489,R,676714,L,home_run,False,False,79.0,0.365,20.0,25.32,4.0,5.06,0.986,0.21599999999999997,29.94,15.46,16.12,31.58,36.6,22.22,129.0,0.237,26.0,20.16,11.0,8.53,0.636,0.079,27.27,14.12,14.71,28.82,33.85,15.03,41.0,0.455,7.0,17.07,6.0,14.63,1.5670000000000002,0.575,23.53,10.0,15.0,25.0,24.44,20.0,33.0,0.296,7.0,21.21,4.0,12.12,0.999,0.297,31.48,13.39,16.54,29.92,33.33,18.92
747184,2024-06-27,2024,663616,L,676714,L,strikeout,True,False,8.0,0.25,3.0,37.5,0.0,0.0,0.5,0.0,38.89,22.58,9.68,32.26,28.57,37.5,23.0,0.095,12.0,52.17,2.0,8.7,0.412,0.143,38.64,14.53,19.66,34.19,26.76,29.27,27.0,0.2,10.0,37.04,1.0,3.7,0.459,0.0,35.42,15.89,17.76,33.64,29.41,32.26,30.0,0.231,10.0,33.33,4.0,13.33,0.5640000000000001,0.0,43.14,18.97,13.79,32.76,23.44,29.41
747184,2024-06-27,2024,571466,L,680573,R,field_out,False,False,61.0,0.204,18.0,29.51,11.0,18.03,0.574,0.020000000000000018,24.74,9.88,19.75,29.63,18.97,25.0,106.0,0.191,33.0,31.13,10.0,9.43,0.508,0.043,24.64,11.67,18.08,29.75,29.3,20.75,112.0,0.194,23.0,20.54,10.0,8.93,0.562,0.08200000000000002,21.46,9.84,19.02,28.86,31.0,15.86,11.0,0.3,1.0,9.09,1.0,9.09,0.964,0.3,10.53,4.88,12.2,17.07,33.33,10.0
747184,2024-06-27,2024,672695,L,680573,R,strikeout,True,False,51.0,0.273,7.0,13.73,5.0,9.8,0.714,0.068,12.5,5.09,24.07,29.17,24.04,9.46,424.0,0.246,80.0,18.87,60.0,14.15,0.736,0.128,15.84,6.08,21.64,27.72,16.63,14.68,112.0,0.194,23.0,20.54,10.0,8.93,0.562,0.08200000000000002,21.46,9.84,19.02,28.86,31.0,15.86,11.0,0.3,1.0,9.09,1.0,9.09,0.964,0.3,10.53,4.88,12.2,17.07,33.33,10.0
747184,2024-06-27,2024,682998,L,680573,R,field_out,False,False,231.0,0.225,38.0,16.45,29.0,12.55,0.66,0.11000000000000001,19.41,8.21,16.99,25.2,24.12,18.18,472.0,0.286,105.0,22.25,46.0,9.75,0.921,0.266,22.34,10.24,16.27,26.51,28.83,21.92,112.0,0.194,23.0,20.54,10.0,8.93,0.562,0.08200000000000002,21.46,9.84,19.02,28.86,31.0,15.86,11.0,0.3,1.0,9.09,1.0,9.09,0.964,0.3,10.53,4.88,12.2,17.07,33.33,10.0
747184,2024-06-27,2024,668904,R,676714,L,strikeout,True,False,25.0,0.4,2.0,8.0,4.0,16.0,1.23,0.35,21.74,11.49,9.2,20.69,37.78,8.33,56.0,0.314,12.0,21.43,5.0,8.93,0.7869999999999999,0.0979999999999999,27.66,13.33,16.92,30.26,30.21,23.53,41.0,0.455,7.0,17.07,6.0,14.63,1.5670000000000002,0.575,23.53,10.0,15.0,25.0,24.44,20.0,33.0,0.296,7.0,21.21,4.0,12.12,0.999,0.297,31.48,13.39,16.54,29.92,33.33,18.92
747184,2024-06-27,2024,596146,L,676714,L,strikeout,True,False,38.0,0.286,7.0,18.42,1.0,2.63,0.745,0.14300000000000002,20.29,10.14,17.39,27.54,32.84,17.95,97.0,0.25,22.0,22.68,8.0,8.25,0.752,0.182,19.46,9.73,13.51,23.24,25.0,18.42,27.0,0.2,10.0,37.04,1.0,3.7,0.459,0.0,35.42,15.89,17.76,33.64,29.41,32.26,30.0,0.231,10.0,33.33,4.0,13.33,0.5640000000000001,0.0,43.14,18.97,13.79,32.76,23.44,29.41
747184,2024-06-27,2024,621043,R,676714,L,walk,False,True,67.0,0.305,11.0,16.42,6.0,8.96,0.949,0.27099999999999996,17.12,7.31,18.08,25.38,20.77,16.92,136.0,0.248,19.0,13.97,17.0,12.5,0.782,0.188,21.1,9.54,17.18,26.72,26.2,13.01,41.0,0.455,7.0,17.07,6.0,14.63,1.5670000000000002,0.575,23.53,10.0,15.0,25.0,24.44,20.0,33.0,0.296,7.0,21.21,4.0,12.12,0.999,0.297,31.48,13.39,16.54,29.92,33.33,18.92
747184,2024-06-27,2024,467793,L,600986,R,field_out,False,False,213.0,0.235,31.0,14.55,23.0,10.8,0.73,0.16600000000000004,22.89,9.89,16.93,26.82,23.84,12.86,460.0,0.231,83.0,18.04,45.0,9.78,0.727,0.1899999999999999,23.76,11.0,14.32,25.31,24.63,16.21,67.0,0.2,13.0,19.4,11.0,16.42,0.761,0.21799999999999997,25.0,10.73,15.57,26.3,20.98,15.29,4.0,0.0,1.0,25.0,0.0,0.0,0.0,0.0,23.08,16.67,11.11,27.78,50.0,12.5
747184,2024-06-27,2024,606466,L,680573,R,walk,False,True,223.0,0.258,47.0,21.08,21.0,9.42,0.72,0.139,23.6,11.06,14.51,25.56,23.52,19.49,452.0,0.259,85.0,18.81,54.0,11.95,0.827,0.2199999999999999,20.87,9.03,16.76,25.8,21.17,17.28,112.0,0.194,23.0,20.54,10.0,8.93,0.562,0.08200000000000002,21.46,9.84,19.02,28.86,31.0,15.86,11.0,0.3,1.0,9.09,1.0,9.09,0.964,0.3,10.53,4.88,12.2,17.07,33.33,10.0
747184,2024-06-27,2024,592626,L,680573,R,strikeout,True,False,217.0,0.293,53.0,24.42,23.0,10.6,0.888,0.21000000000000002,23.96,11.02,17.32,28.35,29.5,21.2,373.0,0.241,74.0,19.84,49.0,13.14,0.786,0.194,24.13,10.89,15.07,25.96,29.36,16.09,112.0,0.194,23.0,20.54,10.0,8.93,0.562,0.08200000000000002,21.46,9.84,19.02,28.86,31.0,15.86,11.0,0.3,1.0,9.09,1.0,9.09,0.964,0.3,10.53,4.88,12.2,17.07,33.33,10.0
747184,2024-06-27,2024,572233,R,680573,R,double,False,False,253.0,0.25,60.0,23.72,25.0,9.88,0.827,0.245,25.97,12.69,12.78,25.47,25.23,17.7,497.0,0.259,95.0,19.11,42.0,8.45,0.8009999999999999,0.2129999999999999,26.19,12.83,14.15,26.98,26.84,15.33,162.0,0.25,33.0,20.37,9.0,5.56,0.694,0.15500000000000003,21.87,11.59,12.83,24.42,25.91,15.35,13.0,0.4,4.0,30.77,2.0,15.38,1.1,0.1999999999999999,17.86,8.62,13.79,22.41,21.43,20.0
747184,2024-06-27,2024,666971,R,622251,R,sac_fly,False,False,222.0,0.229,45.0,20.27,9.0,4.05,0.623,0.12799999999999997,21.14,10.65,16.15,26.79,31.82,18.22,433.0,0.247,85.0,19.63,21.0,4.85,0.756,0.22,20.07,9.99,16.64,26.63,31.06,17.82,40.0,0.091,6.0,15.0,6.0,15.0,0.316,0.0,29.17,13.04,19.25,32.3,25.0,11.32,52.0,0.22,14.0,26.92,10.0,19.23,0.69,0.097,30.53,13.62,13.15,26.76,26.67,25.0
747184,2024-06-27,2024,664983,L,622251,R,field_out,False,False,165.0,0.248,29.0,17.58,14.0,8.48,0.716,0.135,20.71,9.67,16.33,26.0,27.16,16.57,230.0,0.255,51.0,22.17,17.0,7.39,0.643,0.072,22.4,11.76,13.9,25.65,32.76,19.39,23.0,0.143,7.0,30.43,2.0,8.7,0.36,0.0,26.09,11.76,18.63,30.39,33.33,20.59,37.0,0.219,10.0,27.03,3.0,8.11,0.5740000000000001,0.031,23.29,11.49,13.51,25.0,23.94,21.74
747184,2024-06-27,2024,621439,R,600986,R,strikeout,True,False,158.0,0.241,45.0,28.48,6.0,3.8,0.677,0.14500000000000002,33.74,18.3,12.31,30.62,36.28,22.84,257.0,0.217,80.0,31.13,26.0,10.12,0.767,0.243,29.69,15.03,12.96,27.99,29.53,25.0,85.0,0.306,19.0,22.35,10.0,11.76,0.957,0.26299999999999996,24.67,10.72,19.42,30.14,27.75,19.19,6.0,0.0,1.0,16.67,1.0,16.67,0.167,0.0,25.0,11.11,16.67,27.78,33.33,50.0
747184,2024-06-27,2024,669304,R,600986,R,field_out,False,False,151.0,0.321,22.0,14.57,10.0,6.62,0.935,0.24100000000000005,22.01,10.5,17.13,27.62,32.87,17.32,120.0,0.207,18.0,15.0,8.0,6.67,0.5640000000000001,0.09,23.72,11.83,13.69,25.52,32.37,15.04,85.0,0.306,19.0,22.35,10.0,11.76,0.957,0.26299999999999996,24.67,10.72,19.42,30.14,27.75,19.19,6.0,0.0,1.0,16.67,1.0,16.67,0.167,0.0,25.0,11.11,16.67,27.78,33.33,50.0
747184,2024-06-27,2024,543877,R,600986,R,single,False,False,111.0,0.176,29.0,26.13,4.0,3.6,0.476,0.08900000000000002,27.94,14.29,18.3,32.58,36.22,26.13,279.0,0.216,59.0,21.15,22.0,7.89,0.548,0.051,25.76,12.56,16.62,29.18,33.72,23.41,85.0,0.306,19.0,22.35,10.0,11.76,0.957,0.26299999999999996,24.67,10.72,19.42,30.14,27.75,19.19,6.0,0.0,1.0,16.67,1.0,16.67,0.167,0.0,25.0,11.11,16.67,27.78,33.33,50.0
747184,2024-06-27,2024,650489,L,600986,R,strikeout,True,False,236.0,0.241,55.0,23.31,22.0,9.32,0.752,0.16799999999999998,27.39,13.19,15.29,28.48,28.8,18.39,280.0,0.266,73.0,26.07,23.0,8.21,0.8029999999999999,0.189,28.16,14.39,15.31,29.7,34.97,21.1,67.0,0.2,13.0,19.4,11.0,16.42,0.761,0.21799999999999997,25.0,10.73,15.57,26.3,20.98,15.29,4.0,0.0,1.0,25.0,0.0,0.0,0.0,0.0,23.08,16.67,11.11,27.78,50.0,12.5
747184,2024-06-27,2024,553993,R,595345,L,field_out,False,False,86.0,0.189,29.0,33.72,9.0,10.47,0.522,0.05399999999999999,31.17,13.26,18.78,32.04,23.03,26.61,158.0,0.252,53.0,33.54,22.0,13.92,0.743,0.13,34.48,14.75,15.49,30.24,22.05,25.0,64.0,0.304,12.0,18.75,8.0,12.5,0.927,0.23200000000000004,21.62,9.2,19.16,28.35,21.71,15.0,152.0,0.222,40.0,26.32,14.0,9.21,0.747,0.222,28.47,13.79,16.75,30.54,27.09,21.39
747184,2024-06-27,2024,571466,L,595345,L,strikeout,True,False,29.0,0.111,11.0,37.93,1.0,3.45,0.291,0.03699999999999999,40.0,16.07,25.0,41.07,30.0,34.38,17.0,0.267,9.0,52.94,2.0,11.76,0.753,0.133,31.03,13.64,25.76,39.39,27.59,39.13,41.0,0.128,11.0,26.83,1.0,2.44,0.35,0.05099999999999999,30.67,15.97,18.75,34.72,27.59,28.95,95.0,0.241,33.0,34.74,10.0,10.53,0.7210000000000001,0.157,34.39,15.78,16.5,32.28,26.54,23.74
747184,2024-06-27,2024,672695,R,595345,L,strikeout,True,False,17.0,0.235,3.0,17.65,0.0,0.0,0.47,0.0,7.69,2.99,26.87,29.85,14.29,12.5,71.0,0.242,6.0,8.45,4.0,5.63,0.5780000000000001,0.032,11.11,4.68,20.14,24.82,19.85,7.59,64.0,0.304,12.0,18.75,8.0,12.5,0.927,0.23200000000000004,21.62,9.2,19.16,28.35,21.71,15.0,152.0,0.222,40.0,26.32,14.0,9.21,0.747,0.222,28.47,13.79,16.75,30.54,27.09,21.39
747184,2024-06-27,2024,663616,L,600986,R,field_out,False,False,163.0,0.255,30.0,18.4,12.0,7.36,0.75,0.188,25.95,12.32,17.57,29.89,28.47,16.96,189.0,0.228,60.0,31.75,25.0,13.23,0.766,0.21,36.25,14.96,16.71,31.67,22.55,25.75,67.0,0.2,13.0,19.4,11.0,16.42,0.761,0.21799999999999997,25.0,10.73,15.57,26.3,20.98,15.29,4.0,0.0,1.0,25.0,0.0,0.0,0.0,0.0,23.08,16.67,11.11,27.78,50.0,12.5
747184,2024-06-27,2024,668904,R,600986,R,walk,False,True,59.0,0.278,12.0,20.34,5.0,8.47,1.098,0.481,29.73,14.35,13.91,28.26,28.0,18.46,183.0,0.307,43.0,23.5,15.0,8.2,0.962,0.283,27.16,12.8,18.57,31.36,28.0,20.98,85.0,0.306,19.0,22.35,10.0,11.76,0.957,0.26299999999999996,24.67,10.72,19.42,30.14,27.75,19.19,6.0,0.0,1.0,16.67,1.0,16.67,0.167,0.0,25.0,11.11,16.67,27.78,33.33,50.0
747184,2024-06-27,2024,596146,L,600986,R,grounded_into_double_play,False,False,178.0,0.236,36.0,20.22,13.0,7.3,0.7030000000000001,0.16800000000000004,23.31,12.28,11.69,23.96,27.35,17.65,394.0,0.263,84.0,21.32,37.0,9.39,0.8320000000000001,0.2339999999999999,19.92,9.32,15.49,24.81,24.75,18.14,67.0,0.2,13.0,19.4,11.0,16.42,0.761,0.21799999999999997,25.0,10.73,15.57,26.3,20.98,15.29,4.0,0.0,1.0,25.0,0.0,0.0,0.0,0.0,23.08,16.67,11.11,27.78,50.0,12.5
747184,2024-06-27,2024,682998,L,595345,L,strikeout,True,False,102.0,0.196,20.0,19.61,6.0,5.88,0.537,0.07600000000000001,21.71,9.84,18.65,28.5,32.0,18.87,174.0,0.283,20.0,11.49,11.0,6.32,0.7210000000000001,0.099,19.57,8.84,18.17,27.0,25.0,14.71,41.0,0.128,11.0,26.83,1.0,2.44,0.35,0.05099999999999999,30.67,15.97,18.75,34.72,27.59,28.95,95.0,0.241,33.0,34.74,10.0,10.53,0.7210000000000001,0.157,34.39,15.78,16.5,32.28,26.54,23.74
747184,2024-06-27,2024,606466,L,661395,R,field_out,False,False,223.0,0.258,47.0,21.08,21.0,9.42,0.72,0.139,23.6,11.06,14.51,25.56,23.52,19.49,452.0,0.259,85.0,18.81,54.0,11.95,0.827,0.2199999999999999,20.87,9.03,16.76,25.8,21.17,17.28,49.0,0.171,11.0,22.45,5.0,10.2,0.609,0.146,32.26,15.54,14.51,30.05,25.81,17.46,128.0,0.205,51.0,39.84,14.0,10.94,0.523,0.027,41.24,20.66,12.8,33.46,29.78,27.62
747184,2024-06-27,2024,592626,L,661395,R,field_out,False,False,217.0,0.293,53.0,24.42,23.0,10.6,0.888,0.21000000000000002,23.96,11.02,17.32,28.35,29.5,21.2,373.0,0.241,74.0,19.84,49.0,13.14,0.786,0.194,24.13,10.89,15.07,25.96,29.36,16.09,49.0,0.171,11.0,22.45,5.0,10.2,0.609,0.146,32.26,15.54,14.51,30.05,25.81,17.46,128.0,0.205,51.0,39.84,14.0,10.94,0.523,0.027,41.24,20.66,12.8,33.46,29.78,27.62
747184,2024-06-27,2024,621043,R,686826,R,field_out,False,False,195.0,0.306,36.0,18.46,19.0,9.74,0.831,0.15600000000000003,20.8,9.28,18.96,28.24,27.79,17.48,444.0,0.224,112.0,25.23,42.0,9.46,0.69,0.164,26.37,11.3,19.9,31.19,27.0,21.72,121.0,0.226,20.0,16.53,13.0,10.74,0.7090000000000001,0.161,24.54,11.65,16.7,28.35,28.51,16.0,55.0,0.151,11.0,20.0,2.0,3.64,0.484,0.151,22.22,10.05,15.98,26.03,30.25,18.03
747184,2024-06-27,2024,467793,L,686826,R,double,False,False,213.0,0.235,31.0,14.55,23.0,10.8,0.73,0.16600000000000004,22.89,9.89,16.93,26.82,23.84,12.86,460.0,0.231,83.0,18.04,45.0,9.78,0.727,0.1899999999999999,23.76,11.0,14.32,25.31,24.63,16.21,75.0,0.262,9.0,12.0,13.0,17.33,0.777,0.11499999999999999,19.73,9.01,11.49,20.5,24.2,8.49,37.0,0.207,1.0,2.7,7.0,18.92,0.661,0.103,11.67,4.64,13.91,18.54,9.76,2.56
747184,2024-06-27,2024,621439,R,686826,R,field_out,False,False,158.0,0.241,45.0,28.48,6.0,3.8,0.677,0.14500000000000002,33.74,18.3,12.31,30.62,36.28,22.84,257.0,0.217,80.0,31.13,26.0,10.12,0.767,0.243,29.69,15.03,12.96,27.99,29.53,25.0,121.0,0.226,20.0,16.53,13.0,10.74,0.7090000000000001,0.161,24.54,11.65,16.7,28.35,28.51,16.0,55.0,0.151,11.0,20.0,2.0,3.64,0.484,0.151,22.22,10.05,15.98,26.03,30.25,18.03
747184,2024-06-27,2024,669304,R,686826,R,intent_walk,False,True,151.0,0.321,22.0,14.57,10.0,6.62,0.935,0.24100000000000005,22.01,10.5,17.13,27.62,32.87,17.32,120.0,0.207,18.0,15.0,8.0,6.67,0.5640000000000001,0.09,23.72,11.83,13.69,25.52,32.37,15.04,121.0,0.226,20.0,16.53,13.0,10.74,0.7090000000000001,0.161,24.54,11.65,16.7,28.35,28.51,16.0,55.0,0.151,11.0,20.0,2.0,3.64,0.484,0.151,22.22,10.05,15.98,26.03,30.25,18.03
747184,2024-06-27,2024,543877,R,686826,R,field_out,False,False,111.0,0.176,29.0,26.13,4.0,3.6,0.476,0.08900000000000002,27.94,14.29,18.3,32.58,36.22,26.13,279.0,0.216,59.0,21.15,22.0,7.89,0.548,0.051,25.76,12.56,16.62,29.18,33.72,23.41,121.0,0.226,20.0,16.53,13.0,10.74,0.7090000000000001,0.161,24.54,11.65,16.7,28.35,28.51,16.0,55.0,0.151,11.0,20.0,2.0,3.64,0.484,0.151,22.22,10.05,15.98,26.03,30.25,18.03
747184,2024-06-27,2024,572233,R,678692,R,strikeout,True,False,253.0,0.25,60.0,23.72,25.0,9.88,0.827,0.245,25.97,12.69,12.78,25.47,25.23,17.7,497.0,0.259,95.0,19.11,42.0,8.45,0.8009999999999999,0.2129999999999999,26.19,12.83,14.15,26.98,26.84,15.33,7.0,0.143,2.0,28.57,0.0,0.0,0.286,0.0,22.22,12.9,12.9,25.81,21.43,18.18,,,,,,,,,,,,,,
747184,2024-06-27,2024,666971,R,678692,R,field_out,False,False,222.0,0.229,45.0,20.27,9.0,4.05,0.623,0.12799999999999997,21.14,10.65,16.15,26.79,31.82,18.22,433.0,0.247,85.0,19.63,21.0,4.85,0.756,0.22,20.07,9.99,16.64,26.63,31.06,17.82,7.0,0.143,2.0,28.57,0.0,0.0,0.286,0.0,22.22,12.9,12.9,25.81,21.43,18.18,,,,,,,,,,,,,,
747184,2024-06-27,2024,664983,L,678692,R,field_out,False,False,165.0,0.248,29.0,17.58,14.0,8.48,0.716,0.135,20.71,9.67,16.33,26.0,27.16,16.57,230.0,0.255,51.0,22.17,17.0,7.39,0.643,0.072,22.4,11.76,13.9,25.65,32.76,19.39,5.0,0.25,1.0,20.0,1.0,20.0,0.65,0.0,37.5,11.11,18.52,29.63,17.65,16.67,,,,,,,,,,,,,,
745162,2024-06-27,2024,663697,R,571945,R,single,False,False,203.0,0.246,46.0,22.66,26.0,12.81,0.718,0.11699999999999999,19.12,7.18,20.59,27.76,15.85,19.25,397.0,0.257,73.0,18.39,37.0,9.32,0.7809999999999999,0.175,21.3,8.18,21.42,29.59,19.53,15.19,195.0,0.242,33.0,16.92,6.0,3.08,0.676,0.16100000000000003,14.84,7.2,20.03,27.23,29.37,15.14,453.0,0.279,75.0,16.56,23.0,5.08,0.746,0.1429999999999999,17.63,8.64,17.74,26.38,27.28,13.98
745162,2024-06-27,2024,682829,L,571945,R,triple,False,False,219.0,0.251,71.0,32.42,24.0,10.96,0.8360000000000001,0.252,31.53,12.91,20.0,32.91,23.93,29.41,307.0,0.255,95.0,30.94,30.0,9.77,0.7989999999999999,0.2159999999999999,26.69,11.86,17.47,29.33,31.27,25.07,173.0,0.27,34.0,19.65,11.0,6.36,0.783,0.195,17.99,8.0,20.62,28.62,23.83,16.5,409.0,0.285,62.0,15.16,16.0,3.91,0.8009999999999999,0.203,15.61,7.89,17.65,25.53,27.79,14.49
745162,2024-06-27,2024,668715,R,571945,R,field_out,False,False,230.0,0.227,50.0,21.74,20.0,8.7,0.671,0.13999999999999999,21.66,10.0,18.09,28.09,26.98,15.97,487.0,0.256,106.0,21.77,51.0,10.47,0.7789999999999999,0.175,25.48,10.86,19.02,29.88,22.75,18.53,195.0,0.242,33.0,16.92,6.0,3.08,0.676,0.16100000000000003,14.84,7.2,20.03,27.23,29.37,15.14,453.0,0.279,75.0,16.56,23.0,5.08,0.746,0.1429999999999999,17.63,8.64,17.74,26.38,27.28,13.98
745162,2024-06-27,2024,605361,L,571945,R,walk,False,True,109.0,0.208,28.0,25.69,5.0,4.59,0.585,0.11500000000000002,26.87,12.89,18.38,31.26,29.06,23.14,67.0,0.262,11.0,16.42,4.0,5.97,0.951,0.361,16.8,7.78,18.52,26.3,24.19,11.46,173.0,0.27,34.0,19.65,11.0,6.36,0.783,0.195,17.99,8.0,20.62,28.62,23.83,16.5,409.0,0.285,62.0,15.16,16.0,3.91,0.8009999999999999,0.203,15.61,7.89,17.65,25.53,27.79,14.49
745162,2024-06-27,2024,682622,R,571945,R,field_out,False,False,,,,,,,,,,,,,,,89.0,0.317,21.0,23.6,5.0,5.62,0.876,0.195,29.73,14.06,19.17,33.23,30.67,22.58,195.0,0.242,33.0,16.92,6.0,3.08,0.676,0.16100000000000003,14.84,7.2,20.03,27.23,29.37,15.14,453.0,0.279,75.0,16.56,23.0,5.08,0.746,0.1429999999999999,17.63,8.64,17.74,26.38,27.28,13.98
745162,2024-06-27,2024,669289,R,571945,R,field_out,False,False,101.0,0.179,16.0,15.84,4.0,3.96,0.473,0.08400000000000002,11.29,5.33,17.01,22.34,24.87,14.68,138.0,0.244,22.0,15.94,10.0,7.25,0.633,0.073,17.87,7.68,20.84,28.52,25.34,15.6,195.0,0.242,33.0,16.92,6.0,3.08,0.676,0.16100000000000003,14.84,7.2,20.03,27.23,29.37,15.14,453.0,0.279,75.0,16.56,23.0,5.08,0.746,0.1429999999999999,17.63,8.64,17.74,26.38,27.28,13.98
745162,2024-06-27,2024,691026,R,671096,L,walk,False,True,91.0,0.259,23.0,25.27,6.0,6.59,0.79,0.22299999999999998,17.33,9.0,17.22,26.22,37.5,18.11,37.0,0.2,7.0,18.92,1.0,2.7,0.445,0.0289999999999999,21.54,10.0,20.0,30.0,25.4,18.92,263.0,0.224,51.0,19.39,22.0,8.37,0.745,0.232,21.05,9.95,15.31,25.26,24.76,17.24,374.0,0.259,92.0,24.6,40.0,10.7,0.8,0.204,24.44,11.1,16.17,27.27,25.93,18.62
745162,2024-06-27,2024,676475,L,671096,L,force_out,False,False,71.0,0.206,9.0,12.68,2.0,2.82,0.582,0.147,21.53,12.3,11.51,23.81,33.33,13.04,29.0,0.259,6.0,20.69,2.0,6.9,0.606,0.0369999999999999,18.18,9.62,19.23,28.85,41.82,19.35,87.0,0.244,19.0,21.84,4.0,4.6,0.641,0.10999999999999999,21.6,10.2,19.24,29.45,23.68,19.0,85.0,0.185,28.0,32.94,4.0,4.71,0.496,0.087,30.59,16.2,15.26,31.46,35.29,29.47
745162,2024-06-27,2024,575929,R,671096,L,walk,False,True,29.0,0.333,6.0,20.69,5.0,17.24,1.156,0.37499999999999994,27.66,11.61,14.29,25.89,25.45,23.08,122.0,0.296,30.0,24.59,13.0,10.66,0.906,0.241,27.38,14.17,12.73,26.9,33.33,20.41,263.0,0.224,51.0,19.39,22.0,8.37,0.745,0.232,21.05,9.95,15.31,25.26,24.76,17.24,374.0,0.259,92.0,24.6,40.0,10.7,0.8,0.204,24.44,11.1,16.17,27.27,25.93,18.62
745162,2024-06-27,2024,502671,R,671096,L,walk,False,True,88.0,0.276,18.0,20.45,8.0,9.09,0.708,0.07899999999999996,21.34,9.04,19.64,28.68,24.61,13.43,170.0,0.295,41.0,24.12,20.0,11.76,0.8260000000000001,0.155,26.26,11.0,20.45,31.45,28.73,20.4,263.0,0.224,51.0,19.39,22.0,8.37,0.745,0.232,21.05,9.95,15.31,25.26,24.76,17.24,374.0,0.259,92.0,24.6,40.0,10.7,0.8,0.204,24.44,11.1,16.17,27.27,25.93,18.62
745162,2024-06-27,2024,571448,R,671096,L,strikeout,True,False,70.0,0.212,4.0,5.71,1.0,1.43,0.547,0.10600000000000001,16.26,8.1,18.22,26.32,35.29,6.56,146.0,0.22,20.0,13.7,10.0,6.85,0.662,0.166,19.62,9.73,14.31,24.05,36.88,13.25,263.0,0.224,51.0,19.39,22.0,8.37,0.745,0.232,21.05,9.95,15.31,25.26,24.76,17.24,374.0,0.259,92.0,24.6,40.0,10.7,0.8,0.204,24.44,11.1,16.17,27.27,25.93,18.62
745162,2024-06-27,2024,680977,L,671096,L,force_out,False,False,95.0,0.267,9.0,9.47,4.0,4.21,0.6759999999999999,0.09299999999999997,13.89,5.71,20.57,26.29,21.12,11.39,63.0,0.236,10.0,15.87,6.0,9.52,0.569,0.0,14.29,6.33,19.83,26.16,24.58,15.87,87.0,0.244,19.0,21.84,4.0,4.6,0.641,0.10999999999999999,21.6,10.2,19.24,29.45,23.68,19.0,85.0,0.185,28.0,32.94,4.0,4.71,0.496,0.087,30.59,16.2,15.26,31.46,35.29,29.47
745162,2024-06-27,2024,666181,L,571945,R,single,False,False,195.0,0.21,84.0,43.08,18.0,9.23,0.696,0.19899999999999998,38.97,18.67,14.74,33.42,22.7,32.18,285.0,0.297,89.0,31.23,37.0,12.98,0.938,0.252,31.03,13.11,16.03,29.13,18.51,23.66,173.0,0.27,34.0,19.65,11.0,6.36,0.783,0.195,17.99,8.0,20.62,28.62,23.83,16.5,409.0,0.285,62.0,15.16,16.0,3.91,0.8009999999999999,0.203,15.61,7.89,17.65,25.53,27.79,14.49
745162,2024-06-27,2024,656413,R,571945,R,strikeout,True,False,63.0,0.105,16.0,25.4,3.0,4.76,0.352,0.06999999999999999,40.0,20.85,12.32,33.18,31.19,26.67,144.0,0.23,35.0,24.31,12.0,8.33,0.716,0.1829999999999999,31.79,17.15,10.79,27.94,25.91,21.74,195.0,0.242,33.0,16.92,6.0,3.08,0.676,0.16100000000000003,14.84,7.2,20.03,27.23,29.37,15.14,453.0,0.279,75.0,16.56,23.0,5.08,0.746,0.1429999999999999,17.63,8.64,17.74,26.38,27.28,13.98
745162,2024-06-27,2024,571912,R,571945,R,field_out,False,False,69.0,0.186,25.0,36.23,6.0,8.7,0.5409999999999999,0.05099999999999999,31.45,13.73,16.9,30.63,25.17,30.12,141.0,0.224,35.0,24.82,10.0,7.09,0.675,0.144,25.1,11.19,19.96,31.16,24.62,23.65,195.0,0.242,33.0,16.92,6.0,3.08,0.676,0.16100000000000003,14.84,7.2,20.03,27.23,29.37,15.14,453.0,0.279,75.0,16.56,23.0,5.08,0.746,0.1429999999999999,17.63,8.64,17.74,26.38,27.28,13.98
745162,2024-06-27,2024,663697,R,571945,R,double,False,False,203.0,0.246,46.0,22.66,26.0,12.81,0.718,0.11699999999999999,19.12,7.18,20.59,27.76,15.85,19.25,397.0,0.257,73.0,18.39,37.0,9.32,0.7809999999999999,0.175,21.3,8.18,21.42,29.59,19.53,15.19,195.0,0.242,33.0,16.92,6.0,3.08,0.676,0.16100000000000003,14.84,7.2,20.03,27.23,29.37,15.14,453.0,0.279,75.0,16.56,23.0,5.08,0.746,0.1429999999999999,17.63,8.64,17.74,26.38,27.28,13.98
745162,2024-06-27,2024,682829,L,571945,R,field_out,False,False,219.0,0.251,71.0,32.42,24.0,10.96,0.8360000000000001,0.252,31.53,12.91,20.0,32.91,23.93,29.41,307.0,0.255,95.0,30.94,30.0,9.77,0.7989999999999999,0.2159999999999999,26.69,11.86,17.47,29.33,31.27,25.07,173.0,0.27,34.0,19.65,11.0,6.36,0.783,0.195,17.99,8.0,20.62,28.62,23.83,16.5,409.0,0.285,62.0,15.16,16.0,3.91,0.8009999999999999,0.203,15.61,7.89,17.65,25.53,27.79,14.49
745162,2024-06-27,2024,666185,R,671096,L,walk,False,True,55.0,0.184,10.0,18.18,4.0,7.27,0.479,0.04000000000000001,28.85,14.71,13.24,27.94,28.0,20.41,86.0,0.268,12.0,13.95,12.0,13.95,0.77,0.126,22.46,10.88,12.44,23.32,23.98,9.3,263.0,0.224,51.0,19.39,22.0,8.37,0.745,0.232,21.05,9.95,15.31,25.26,24.76,17.24,374.0,0.259,92.0,24.6,40.0,10.7,0.8,0.204,24.44,11.1,16.17,27.27,25.93,18.62
745162,2024-06-27,2024,665877,R,671096,L,force_out,False,False,30.0,0.143,3.0,10.0,2.0,6.67,0.34299999999999997,0.0,6.9,3.1,20.93,24.03,21.15,6.98,19.0,0.176,2.0,10.53,2.0,10.53,0.439,0.0,7.41,3.08,23.08,26.15,30.0,13.33,263.0,0.224,51.0,19.39,22.0,8.37,0.745,0.232,21.05,9.95,15.31,25.26,24.76,17.24,374.0,0.259,92.0,24.6,40.0,10.7,0.8,0.204,24.44,11.1,16.17,27.27,25.93,18.62
745162,2024-06-27,2024,686780,R,671096,L,field_out,False,False,22.0,0.15,3.0,13.64,1.0,4.55,0.382,0.05000000000000002,25.0,12.68,16.9,29.58,19.23,21.43,,,,,,,,,,,,,,,263.0,0.224,51.0,19.39,22.0,8.37,0.745,0.232,21.05,9.95,15.31,25.26,24.76,17.24,374.0,0.259,92.0,24.6,40.0,10.7,0.8,0.204,24.44,11.1,16.17,27.27,25.93,18.62
745162,2024-06-27,2024,691026,R,671096,L,field_out,False,False,91.0,0.259,23.0,25.27,6.0,6.59,0.79,0.22299999999999998,17.33,9.0,17.22,26.22,37.5,18.11,37.0,0.2,7.0,18.92,1.0,2.7,0.445,0.0289999999999999,21.54,10.0,20.0,30.0,25.4,18.92,263.0,0.224,51.0,19.39,22.0,8.37,0.745,0.232,21.05,9.95,15.31,25.26,24.76,17.24,374.0,0.259,92.0,24.6,40.0,10.7,0.8,0.204,24.44,11.1,16.17,27.27,25.93,18.62
745162,2024-06-27,2024,668715,R,571945,R,double,False,False,230.0,0.227,50.0,21.74,20.0,8.7,0.671,0.13999999999999999,21.66,10.0,18.09,28.09,26.98,15.97,487.0,0.256,106.0,21.77,51.0,10.47,0.7789999999999999,0.175,25.48,10.86,19.02,29.88,22.75,18.53,195.0,0.242,33.0,16.92,6.0,3.08,0.676,0.16100000000000003,14.84,7.2,20.03,27.23,29.37,15.14,453.0,0.279,75.0,16.56,23.0,5.08,0.746,0.1429999999999999,17.63,8.64,17.74,26.38,27.28,13.98
745162,2024-06-27,2024,605361,L,571945,R,double,False,False,109.0,0.208,28.0,25.69,5.0,4.59,0.585,0.11500000000000002,26.87,12.89,18.38,31.26,29.06,23.14,67.0,0.262,11.0,16.42,4.0,5.97,0.951,0.361,16.8,7.78,18.52,26.3,24.19,11.46,173.0,0.27,34.0,19.65,11.0,6.36,0.783,0.195,17.99,8.0,20.62,28.62,23.83,16.5,409.0,0.285,62.0,15.16,16.0,3.91,0.8009999999999999,0.203,15.61,7.89,17.65,25.53,27.79,14.49
745162,2024-06-27,2024,682622,R,571945,R,double,False,False,,,,,,,,,,,,,,,89.0,0.317,21.0,23.6,5.0,5.62,0.876,0.195,29.73,14.06,19.17,33.23,30.67,22.58,195.0,0.242,33.0,16.92,6.0,3.08,0.676,0.16100000000000003,14.84,7.2,20.03,27.23,29.37,15.14,453.0,0.279,75.0,16.56,23.0,5.08,0.746,0.1429999999999999,17.63,8.64,17.74,26.38,27.28,13.98
745162,2024-06-27,2024,669289,R,571945,R,field_out,False,False,101.0,0.179,16.0,15.84,4.0,3.96,0.473,0.08400000000000002,11.29,5.33,17.01,22.34,24.87,14.68,138.0,0.244,22.0,15.94,10.0,7.25,0.633,0.073,17.87,7.68,20.84,28.52,25.34,15.6,195.0,0.242,33.0,16.92,6.0,3.08,0.676,0.16100000000000003,14.84,7.2,20.03,27.23,29.37,15.14,453.0,0.279,75.0,16.56,23.0,5.08,0.746,0.1429999999999999,17.63,8.64,17.74,26.38,27.28,13.98
745162,2024-06-27,2024,666181,L,571945,R,sac_fly,False,False,195.0,0.21,84.0,43.08,18.0,9.23,0.696,0.19899999999999998,38.97,18.67,14.74,33.42,22.7,32.18,285.0,0.297,89.0,31.23,37.0,12.98,0.938,0.252,31.03,13.11,16.03,29.13,18.51,23.66,173.0,0.27,34.0,19.65,11.0,6.36,0.783,0.195,17.99,8.0,20.62,28.62,23.83,16.5,409.0,0.285,62.0,15.16,16.0,3.91,0.8009999999999999,0.203,15.61,7.89,17.65,25.53,27.79,14.49
745162,2024-06-27,2024,656413,R,571945,R,field_out,False,False,63.0,0.105,16.0,25.4,3.0,4.76,0.352,0.06999999999999999,40.0,20.85,12.32,33.18,31.19,26.67,144.0,0.23,35.0,24.31,12.0,8.33,0.716,0.1829999999999999,31.79,17.15,10.79,27.94,25.91,21.74,195.0,0.242,33.0,16.92,6.0,3.08,0.676,0.16100000000000003,14.84,7.2,20.03,27.23,29.37,15.14,453.0,0.279,75.0,16.56,23.0,5.08,0.746,0.1429999999999999,17.63,8.64,17.74,26.38,27.28,13.98
745162,2024-06-27,2024,676475,L,671096,L,field_out,False,False,71.0,0.206,9.0,12.68,2.0,2.82,0.582,0.147,21.53,12.3,11.51,23.81,33.33,13.04,29.0,0.259,6.0,20.69,2.0,6.9,0.606,0.0369999999999999,18.18,9.62,19.23,28.85,41.82,19.35,87.0,0.244,19.0,21.84,4.0,4.6,0.641,0.10999999999999999,21.6,10.2,19.24,29.45,23.68,19.0,85.0,0.185,28.0,32.94,4.0,4.71,0.496,0.087,30.59,16.2,15.26,31.46,35.29,29.47
745162,2024-06-27,2024,575929,R,671096,L,walk,False,True,29.0,0.333,6.0,20.69,5.0,17.24,1.156,0.37499999999999994,27.66,11.61,14.29,25.89,25.45,23.08,122.0,0.296,30.0,24.59,13.0,10.66,0.906,0.241,27.38,14.17,12.73,26.9,33.33,20.41,263.0,0.224,51.0,19.39,22.0,8.37,0.745,0.232,21.05,9.95,15.31,25.26,24.76,17.24,374.0,0.259,92.0,24.6,40.0,10.7,0.8,0.204,24.44,11.1,16.17,27.27,25.93,18.62
745162,2024-06-27,2024,502671,R,671096,L,field_out,False,False,88.0,0.276,18.0,20.45,8.0,9.09,0.708,0.07899999999999996,21.34,9.04,19.64,28.68,24.61,13.43,170.0,0.295,41.0,24.12,20.0,11.76,0.8260000000000001,0.155,26.26,11.0,20.45,31.45,28.73,20.4,263.0,0.224,51.0,19.39,22.0,8.37,0.745,0.232,21.05,9.95,15.31,25.26,24.76,17.24,374.0,0.259,92.0,24.6,40.0,10.7,0.8,0.204,24.44,11.1,16.17,27.27,25.93,18.62
745162,2024-06-27,2024,571448,R,671096,L,home_run,False,False,70.0,0.212,4.0,5.71,1.0,1.43,0.547,0.10600000000000001,16.26,8.1,18.22,26.32,35.29,6.56,146.0,0.22,20.0,13.7,10.0,6.85,0.662,0.166,19.62,9.73,14.31,24.05,36.88,13.25,263.0,0.224,51.0,19.39,22.0,8.37,0.745,0.232,21.05,9.95,15.31,25.26,24.76,17.24,374.0,0.259,92.0,24.6,40.0,10.7,0.8,0.204,24.44,11.1,16.17,27.27,25.93,18.62
745162,2024-06-27,2024,680977,L,671096,L,field_out,False,False,95.0,0.267,9.0,9.47,4.0,4.21,0.6759999999999999,0.09299999999999997,13.89,5.71,20.57,26.29,21.12,11.39,63.0,0.236,10.0,15.87,6.0,9.52,0.569,0.0,14.29,6.33,19.83,26.16,24.58,15.87,87.0,0.244,19.0,21.84,4.0,4.6,0.641,0.10999999999999999,21.6,10.2,19.24,29.45,23.68,19.0,85.0,0.185,28.0,32.94,4.0,4.71,0.496,0.087,30.59,16.2,15.26,31.46,35.29,29.47
745162,2024-06-27,2024,571912,R,571945,R,field_out,False,False,69.0,0.186,25.0,36.23,6.0,8.7,0.5409999999999999,0.05099999999999999,31.45,13.73,16.9,30.63,25.17,30.12,141.0,0.224,35.0,24.82,10.0,7.09,0.675,0.144,25.1,11.19,19.96,31.16,24.62,23.65,195.0,0.242,33.0,16.92,6.0,3.08,0.676,0.16100000000000003,14.84,7.2,20.03,27.23,29.37,15.14,453.0,0.279,75.0,16.56,23.0,5.08,0.746,0.1429999999999999,17.63,8.64,17.74,26.38,27.28,13.98
745162,2024-06-27,2024,663697,R,571945,R,field_out,False,False,203.0,0.246,46.0,22.66,26.0,12.81,0.718,0.11699999999999999,19.12,7.18,20.59,27.76,15.85,19.25,397.0,0.257,73.0,18.39,37.0,9.32,0.7809999999999999,0.175,21.3,8.18,21.42,29.59,19.53,15.19,195.0,0.242,33.0,16.92,6.0,3.08,0.676,0.16100000000000003,14.84,7.2,20.03,27.23,29.37,15.14,453.0,0.279,75.0,16.56,23.0,5.08,0.746,0.1429999999999999,17.63,8.64,17.74,26.38,27.28,13.98
745162,2024-06-27,2024,682829,L,571945,R,single,False,False,219.0,0.251,71.0,32.42,24.0,10.96,0.8360000000000001,0.252,31.53,12.91,20.0,32.91,23.93,29.41,307.0,0.255,95.0,30.94,30.0,9.77,0.7989999999999999,0.2159999999999999,26.69,11.86,17.47,29.33,31.27,25.07,173.0,0.27,34.0,19.65,11.0,6.36,0.783,0.195,17.99,8.0,20.62,28.62,23.83,16.5,409.0,0.285,62.0,15.16,16.0,3.91,0.8009999999999999,0.203,15.61,7.89,17.65,25.53,27.79,14.49
745162,2024-06-27,2024,668715,R,571945,R,home_run,False,False,230.0,0.227,50.0,21.74,20.0,8.7,0.671,0.13999999999999999,21.66,10.0,18.09,28.09,26.98,15.97,487.0,0.256,106.0,21.77,51.0,10.47,0.7789999999999999,0.175,25.48,10.86,19.02,29.88,22.75,18.53,195.0,0.242,33.0,16.92,6.0,3.08,0.676,0.16100000000000003,14.84,7.2,20.03,27.23,29.37,15.14,453.0,0.279,75.0,16.56,23.0,5.08,0.746,0.1429999999999999,17.63,8.64,17.74,26.38,27.28,13.98
745162,2024-06-27,2024,605361,L,571945,R,field_out,False,False,109.0,0.208,28.0,25.69,5.0,4.59,0.585,0.11500000000000002,26.87,12.89,18.38,31.26,29.06,23.14,67.0,0.262,11.0,16.42,4.0,5.97,0.951,0.361,16.8,7.78,18.52,26.3,24.19,11.46,173.0,0.27,34.0,19.65,11.0,6.36,0.783,0.195,17.99,8.0,20.62,28.62,23.83,16.5,409.0,0.285,62.0,15.16,16.0,3.91,0.8009999999999999,0.203,15.61,7.89,17.65,25.53,27.79,14.49
745162,2024-06-27,2024,666185,R,671096,L,strikeout,True,False,55.0,0.184,10.0,18.18,4.0,7.27,0.479,0.04000000000000001,28.85,14.71,13.24,27.94,28.0,20.41,86.0,0.268,12.0,13.95,12.0,13.95,0.77,0.126,22.46,10.88,12.44,23.32,23.98,9.3,263.0,0.224,51.0,19.39,22.0,8.37,0.745,0.232,21.05,9.95,15.31,25.26,24.76,17.24,374.0,0.259,92.0,24.6,40.0,10.7,0.8,0.204,24.44,11.1,16.17,27.27,25.93,18.62
745162,2024-06-27,2024,665877,R,671096,L,field_out,False,False,30.0,0.143,3.0,10.0,2.0,6.67,0.34299999999999997,0.0,6.9,3.1,20.93,24.03,21.15,6.98,19.0,0.176,2.0,10.53,2.0,10.53,0.439,0.0,7.41,3.08,23.08,26.15,30.0,13.33,263.0,0.224,51.0,19.39,22.0,8.37,0.745,0.232,21.05,9.95,15.31,25.26,24.76,17.24,374.0,0.259,92.0,24.6,40.0,10.7,0.8,0.204,24.44,11.1,16.17,27.27,25.93,18.62
745162,2024-06-27,2024,686780,R,671096,L,walk,False,True,22.0,0.15,3.0,13.64,1.0,4.55,0.382,0.05000000000000002,25.0,12.68,16.9,29.58,19.23,21.43,,,,,,,,,,,,,,,263.0,0.224,51.0,19.39,22.0,8.37,0.745,0.232,21.05,9.95,15.31,25.26,24.76,17.24,374.0,0.259,92.0,24.6,40.0,10.7,0.8,0.204,24.44,11.1,16.17,27.27,25.93,18.62
745162,2024-06-27,2024,691026,R,671096,L,field_out,False,False,91.0,0.259,23.0,25.27,6.0,6.59,0.79,0.22299999999999998,17.33,9.0,17.22,26.22,37.5,18.11,37.0,0.2,7.0,18.92,1.0,2.7,0.445,0.0289999999999999,21.54,10.0,20.0,30.0,25.4,18.92,263.0,0.224,51.0,19.39,22.0,8.37,0.745,0.232,21.05,9.95,15.31,25.26,24.76,17.24,374.0,0.259,92.0,24.6,40.0,10.7,0.8,0.204,24.44,11.1,16.17,27.27,25.93,18.62
745162,2024-06-27,2024,682622,R,571945,R,single,False,False,,,,,,,,,,,,,,,89.0,0.317,21.0,23.6,5.0,5.62,0.876,0.195,29.73,14.06,19.17,33.23,30.67,22.58,195.0,0.242,33.0,16.92,6.0,3.08,0.676,0.16100000000000003,14.84,7.2,20.03,27.23,29.37,15.14,453.0,0.279,75.0,16.56,23.0,5.08,0.746,0.1429999999999999,17.63,8.64,17.74,26.38,27.28,13.98
745162,2024-06-27,2024,669289,R,571945,R,field_out,False,False,101.0,0.179,16.0,15.84,4.0,3.96,0.473,0.08400000000000002,11.29,5.33,17.01,22.34,24.87,14.68,138.0,0.244,22.0,15.94,10.0,7.25,0.633,0.073,17.87,7.68,20.84,28.52,25.34,15.6,195.0,0.242,33.0,16.92,6.0,3.08,0.676,0.16100000000000003,14.84,7.2,20.03,27.23,29.37,15.14,453.0,0.279,75.0,16.56,23.0,5.08,0.746,0.1429999999999999,17.63,8.64,17.74,26.38,27.28,13.98
745162,2024-06-27,2024,666181,L,571945,R,double,False,False,195.0,0.21,84.0,43.08,18.0,9.23,0.696,0.19899999999999998,38.97,18.67,14.74,33.42,22.7,32.18,285.0,0.297,89.0,31.23,37.0,12.98,0.938,0.252,31.03,13.11,16.03,29.13,18.51,23.66,173.0,0.27,34.0,19.65,11.0,6.36,0.783,0.195,17.99,8.0,20.62,28.62,23.83,16.5,409.0,0.285,62.0,15.16,16.0,3.91,0.8009999999999999,0.203,15.61,7.89,17.65,25.53,27.79,14.49
745162,2024-06-27,2024,656413,R,571945,R,double,False,False,63.0,0.105,16.0,25.4,3.0,4.76,0.352,0.06999999999999999,40.0,20.85,12.32,33.18,31.19,26.67,144.0,0.23,35.0,24.31,12.0,8.33,0.716,0.1829999999999999,31.79,17.15,10.79,27.94,25.91,21.74,195.0,0.242,33.0,16.92,6.0,3.08,0.676,0.16100000000000003,14.84,7.2,20.03,27.23,29.37,15.14,453.0,0.279,75.0,16.56,23.0,5.08,0.746,0.1429999999999999,17.63,8.64,17.74,26.38,27.28,13.98
745162,2024-06-27,2024,571912,R,667463,L,sac_fly,False,False,35.0,0.226,10.0,28.57,4.0,11.43,0.733,0.19299999999999998,21.88,9.66,17.24,26.9,29.49,21.74,58.0,0.259,14.0,24.14,4.0,6.9,0.754,0.185,28.43,12.61,18.26,30.87,29.46,22.58,60.0,0.222,12.0,20.0,2.0,3.33,0.552,0.093,18.28,8.9,19.37,28.27,32.61,32.43,104.0,0.292,12.0,11.54,7.0,6.73,0.722,0.093,20.71,10.06,15.8,25.86,32.8,16.44
745162,2024-06-27,2024,663697,R,667463,L,strikeout,True,False,95.0,0.316,15.0,15.79,13.0,13.68,0.864,0.127,15.67,5.4,24.42,29.82,15.05,14.71,134.0,0.207,36.0,26.87,15.0,11.19,0.642,0.129,23.87,9.31,22.67,31.99,19.93,19.66,60.0,0.222,12.0,20.0,2.0,3.33,0.552,0.093,18.28,8.9,19.37,28.27,32.61,32.43,104.0,0.292,12.0,11.54,7.0,6.73,0.722,0.093,20.71,10.06,15.8,25.86,32.8,16.44
745162,2024-06-27,2024,676475,L,671096,L,field_out,False,False,71.0,0.206,9.0,12.68,2.0,2.82,0.582,0.147,21.53,12.3,11.51,23.81,33.33,13.04,29.0,0.259,6.0,20.69,2.0,6.9,0.606,0.0369999999999999,18.18,9.62,19.23,28.85,41.82,19.35,87.0,0.244,19.0,21.84,4.0,4.6,0.641,0.10999999999999999,21.6,10.2,19.24,29.45,23.68,19.0,85.0,0.185,28.0,32.94,4.0,4.71,0.496,0.087,30.59,16.2,15.26,31.46,35.29,29.47
745162,2024-06-27,2024,575929,R,671096,L,single,False,False,29.0,0.333,6.0,20.69,5.0,17.24,1.156,0.37499999999999994,27.66,11.61,14.29,25.89,25.45,23.08,122.0,0.296,30.0,24.59,13.0,10.66,0.906,0.241,27.38,14.17,12.73,26.9,33.33,20.41,263.0,0.224,51.0,19.39,22.0,8.37,0.745,0.232,21.05,9.95,15.31,25.26,24.76,17.24,374.0,0.259,92.0,24.6,40.0,10.7,0.8,0.204,24.44,11.1,16.17,27.27,25.93,18.62
745162,2024-06-27,2024,502671,R,671096,L,field_out,False,False,88.0,0.276,18.0,20.45,8.0,9.09,0.708,0.07899999999999996,21.34,9.04,19.64,28.68,24.61,13.43,170.0,0.295,41.0,24.12,20.0,11.76,0.8260000000000001,0.155,26.26,11.0,20.45,31.45,28.73,20.4,263.0,0.224,51.0,19.39,22.0,8.37,0.745,0.232,21.05,9.95,15.31,25.26,24.76,17.24,374.0,0.259,92.0,24.6,40.0,10.7,0.8,0.204,24.44,11.1,16.17,27.27,25.93,18.62
745162,2024-06-27,2024,571448,R,671096,L,field_out,False,False,70.0,0.212,4.0,5.71,1.0,1.43,0.547,0.10600000000000001,16.26,8.1,18.22,26.32,35.29,6.56,146.0,0.22,20.0,13.7,10.0,6.85,0.662,0.166,19.62,9.73,14.31,24.05,36.88,13.25,263.0,0.224,51.0,19.39,22.0,8.37,0.745,0.232,21.05,9.95,15.31,25.26,24.76,17.24,374.0,0.259,92.0,24.6,40.0,10.7,0.8,0.204,24.44,11.1,16.17,27.27,25.93,18.62
745162,2024-06-27,2024,682829,R,667463,L,strikeout,True,False,122.0,0.245,34.0,27.87,14.0,11.48,0.74,0.137,32.58,13.95,15.89,29.84,25.99,23.94,122.0,0.184,49.0,40.16,5.0,4.1,0.494,0.079,37.56,17.7,19.4,37.1,38.0,33.33,60.0,0.222,12.0,20.0,2.0,3.33,0.552,0.093,18.28,8.9,19.37,28.27,32.61,32.43,104.0,0.292,12.0,11.54,7.0,6.73,0.722,0.093,20.71,10.06,15.8,25.86,32.8,16.44
745162,2024-06-27,2024,668715,R,667463,L,strikeout,True,False,94.0,0.269,16.0,17.02,13.0,13.83,0.883,0.23099999999999998,20.51,8.86,16.9,25.76,23.53,14.0,180.0,0.312,33.0,18.33,17.0,9.44,0.928,0.238,20.88,9.77,17.74,27.51,26.97,14.47,60.0,0.222,12.0,20.0,2.0,3.33,0.552,0.093,18.28,8.9,19.37,28.27,32.61,32.43,104.0,0.292,12.0,11.54,7.0,6.73,0.722,0.093,20.71,10.06,15.8,25.86,32.8,16.44
745162,2024-06-27,2024,605361,L,667463,L,field_out,False,False,31.0,0.2,7.0,22.58,0.0,0.0,0.626,0.2,26.87,16.07,14.29,30.36,45.28,15.91,12.0,0.273,4.0,33.33,1.0,8.33,0.6970000000000001,0.0909999999999999,25.0,13.64,11.36,25.0,33.33,26.67,51.0,0.25,11.0,21.57,2.0,3.92,0.69,0.14600000000000002,23.86,11.67,17.78,29.44,31.82,22.0,53.0,0.347,8.0,15.09,3.0,5.66,0.7929999999999999,0.061,23.08,11.6,17.68,29.28,28.75,17.39
745162,2024-06-27,2024,680977,L,571656,R,field_out,False,False,228.0,0.271,35.0,15.35,17.0,7.46,0.7889999999999999,0.172,15.66,6.47,20.43,26.9,22.42,13.94,309.0,0.294,43.0,13.92,27.0,8.74,0.831,0.166,14.96,6.32,19.2,25.52,22.53,13.27,69.0,0.267,13.0,18.84,9.0,13.04,0.7789999999999999,0.14999999999999997,19.51,8.45,15.49,23.94,26.21,18.31,118.0,0.235,26.0,22.03,15.0,12.71,0.743,0.177,24.55,10.69,15.84,26.53,23.37,18.44
745162,2024-06-27,2024,666185,L,571656,R,single,False,False,50.0,0.186,14.0,28.0,4.0,8.0,0.474,0.022999999999999993,34.55,17.19,14.48,31.67,28.7,17.72,170.0,0.196,37.0,21.76,14.0,8.24,0.592,0.1079999999999999,22.71,10.14,18.91,29.05,25.44,21.14,69.0,0.267,13.0,18.84,9.0,13.04,0.7789999999999999,0.14999999999999997,19.51,8.45,15.49,23.94,26.21,18.31,118.0,0.235,26.0,22.03,15.0,12.71,0.743,0.177,24.55,10.69,15.84,26.53,23.37,18.44
745162,2024-06-27,2024,665877,R,571656,R,grounded_into_double_play,False,False,12.0,0.222,3.0,25.0,2.0,16.67,0.861,0.222,7.14,2.44,29.27,31.71,6.67,21.43,42.0,0.265,6.0,14.29,4.0,9.52,0.669,0.0289999999999999,14.29,5.84,18.83,24.68,21.05,14.63,84.0,0.205,14.0,16.67,5.0,5.95,0.631,0.13700000000000004,24.14,11.22,17.95,29.17,32.72,16.09,191.0,0.201,44.0,23.04,14.0,7.33,0.673,0.195,33.99,16.69,15.86,32.55,33.16,19.91
745162,2024-06-27,2024,682622,R,667463,L,single,False,False,,,,,,,,,,,,,,,35.0,0.312,4.0,11.43,3.0,8.57,0.683,0.0,18.03,8.4,16.03,24.43,23.88,10.26,60.0,0.222,12.0,20.0,2.0,3.33,0.552,0.093,18.28,8.9,19.37,28.27,32.61,32.43,104.0,0.292,12.0,11.54,7.0,6.73,0.722,0.093,20.71,10.06,15.8,25.86,32.8,16.44
745162,2024-06-27,2024,669289,R,667463,L,single,False,False,77.0,0.238,6.0,7.79,8.0,10.39,0.6599999999999999,0.11099999999999999,12.21,5.63,15.85,21.48,24.48,8.7,116.0,0.252,14.0,12.07,8.0,6.9,0.657,0.1029999999999999,17.24,7.83,19.46,27.29,25.0,10.94,60.0,0.222,12.0,20.0,2.0,3.33,0.552,0.093,18.28,8.9,19.37,28.27,32.61,32.43,104.0,0.292,12.0,11.54,7.0,6.73,0.722,0.093,20.71,10.06,15.8,25.86,32.8,16.44
745162,2024-06-27,2024,666181,L,667463,L,force_out,False,False,54.0,0.095,16.0,29.63,9.0,16.67,0.478,0.119,37.74,17.09,13.68,30.77,22.5,17.98,44.0,0.146,14.0,31.82,3.0,6.82,0.4,0.049,34.18,15.79,19.3,35.09,25.64,27.45,51.0,0.25,11.0,21.57,2.0,3.92,0.69,0.14600000000000002,23.86,11.67,17.78,29.44,31.82,22.0,53.0,0.347,8.0,15.09,3.0,5.66,0.7929999999999999,0.061,23.08,11.6,17.68,29.28,28.75,17.39
745162,2024-06-27,2024,656413,R,667463,L,single,False,False,96.0,0.294,19.0,19.79,11.0,11.46,0.81,0.14100000000000001,34.55,16.1,11.58,27.68,20.74,21.59,113.0,0.226,34.0,30.09,13.0,11.5,0.7,0.1289999999999999,36.84,17.46,14.51,31.97,22.54,26.77,60.0,0.222,12.0,20.0,2.0,3.33,0.552,0.093,18.28,8.9,19.37,28.27,32.61,32.43,104.0,0.292,12.0,11.54,7.0,6.73,0.722,0.093,20.71,10.06,15.8,25.86,32.8,16.44
745162,2024-06-27,2024,571912,R,606149,R,grounded_into_double_play,False,False,69.0,0.186,25.0,36.23,6.0,8.7,0.5409999999999999,0.05099999999999999,31.45,13.73,16.9,30.63,25.17,30.12,141.0,0.224,35.0,24.82,10.0,7.09,0.675,0.144,25.1,11.19,19.96,31.16,24.62,23.65,33.0,0.333,9.0,27.27,6.0,18.18,1.233,0.445,29.41,13.61,17.01,30.61,26.25,15.79,135.0,0.22,39.0,28.89,6.0,4.44,0.6950000000000001,0.221,37.4,19.03,15.34,34.37,34.67,22.94
745162,2024-06-27,2024,686780,R,571656,R,field_out,False,False,47.0,0.146,15.0,31.91,5.0,10.64,0.527,0.147,22.68,11.17,19.8,30.96,35.64,21.74,,,,,,,,,,,,,,,84.0,0.205,14.0,16.67,5.0,5.95,0.631,0.13700000000000004,24.14,11.22,17.95,29.17,32.72,16.09,191.0,0.201,44.0,23.04,14.0,7.33,0.673,0.195,33.99,16.69,15.86,32.55,33.16,19.91
745162,2024-06-27,2024,691026,R,571656,R,strikeout,True,False,187.0,0.31,33.0,17.65,13.0,6.95,0.744,0.08300000000000002,16.44,7.81,17.97,25.78,30.52,13.81,100.0,0.161,19.0,19.0,9.0,9.0,0.478,0.0799999999999999,21.56,9.11,22.03,31.14,24.87,14.88,84.0,0.205,14.0,16.67,5.0,5.95,0.631,0.13700000000000004,24.14,11.22,17.95,29.17,32.72,16.09,191.0,0.201,44.0,23.04,14.0,7.33,0.673,0.195,33.99,16.69,15.86,32.55,33.16,19.91
745162,2024-06-27,2024,676475,L,608718,L,field_out,False,False,71.0,0.206,9.0,12.68,2.0,2.82,0.582,0.147,21.53,12.3,11.51,23.81,33.33,13.04,29.0,0.259,6.0,20.69,2.0,6.9,0.606,0.0369999999999999,18.18,9.62,19.23,28.85,41.82,19.35,71.0,0.206,14.0,19.72,1.0,1.41,0.578,0.147,18.88,10.19,12.45,22.64,27.05,17.07,108.0,0.284,14.0,12.96,12.0,11.11,0.7909999999999999,0.137,15.29,6.27,17.11,23.37,15.26,12.61
745162,2024-06-27,2024,682119,R,606149,R,strikeout,True,False,4.0,0.25,1.0,25.0,0.0,0.0,0.75,0.25,55.56,27.78,22.22,50.0,55.56,12.5,,,,,,,,,,,,,,,33.0,0.333,9.0,27.27,6.0,18.18,1.233,0.445,29.41,13.61,17.01,30.61,26.25,15.79,135.0,0.22,39.0,28.89,6.0,4.44,0.6950000000000001,0.221,37.4,19.03,15.34,34.37,34.67,22.94
745162,2024-06-27,2024,682829,L,606149,R,single,False,False,219.0,0.251,71.0,32.42,24.0,10.96,0.8360000000000001,0.252,31.53,12.91,20.0,32.91,23.93,29.41,307.0,0.255,95.0,30.94,30.0,9.77,0.7989999999999999,0.2159999999999999,26.69,11.86,17.47,29.33,31.27,25.07,19.0,0.294,4.0,21.05,2.0,10.53,1.133,0.47100000000000003,24.39,10.53,13.68,24.21,27.27,12.12,94.0,0.299,20.0,21.28,6.0,6.38,0.85,0.207,34.69,18.33,12.13,30.46,35.64,15.75
745162,2024-06-27,2024,668715,R,606149,R,field_out,False,False,230.0,0.227,50.0,21.74,20.0,8.7,0.671,0.13999999999999999,21.66,10.0,18.09,28.09,26.98,15.97,487.0,0.256,106.0,21.77,51.0,10.47,0.7789999999999999,0.175,25.48,10.86,19.02,29.88,22.75,18.53,33.0,0.333,9.0,27.27,6.0,18.18,1.233,0.445,29.41,13.61,17.01,30.61,26.25,15.79,135.0,0.22,39.0,28.89,6.0,4.44,0.6950000000000001,0.221,37.4,19.03,15.34,34.37,34.67,22.94
745162,2024-06-27,2024,605361,L,606149,R,field_out,False,False,109.0,0.208,28.0,25.69,5.0,4.59,0.585,0.11500000000000002,26.87,12.89,18.38,31.26,29.06,23.14,67.0,0.262,11.0,16.42,4.0,5.97,0.951,0.361,16.8,7.78,18.52,26.3,24.19,11.46,19.0,0.294,4.0,21.05,2.0,10.53,1.133,0.47100000000000003,24.39,10.53,13.68,24.21,27.27,12.12,94.0,0.299,20.0,21.28,6.0,6.38,0.85,0.207,34.69,18.33,12.13,30.46,35.64,15.75
745162,2024-06-27,2024,575929,R,608718,L,field_out,False,False,29.0,0.333,6.0,20.69,5.0,17.24,1.156,0.37499999999999994,27.66,11.61,14.29,25.89,25.45,23.08,122.0,0.296,30.0,24.59,13.0,10.66,0.906,0.241,27.38,14.17,12.73,26.9,33.33,20.41,104.0,0.281,19.0,18.27,7.0,6.73,0.796,0.18799999999999994,22.11,10.19,17.48,27.67,29.69,14.96,185.0,0.229,41.0,22.16,13.0,7.03,0.585,0.0659999999999999,25.84,11.89,18.32,30.21,31.25,19.25
745162,2024-06-27,2024,572761,L,608718,L,field_out,False,False,14.0,0.333,4.0,28.57,1.0,7.14,0.762,0.0,28.0,11.29,20.97,32.26,20.0,18.18,18.0,0.286,3.0,16.67,3.0,16.67,0.96,0.285,15.62,5.56,23.33,28.89,20.0,8.82,71.0,0.206,14.0,19.72,1.0,1.41,0.578,0.147,18.88,10.19,12.45,22.64,27.05,17.07,108.0,0.284,14.0,12.96,12.0,11.11,0.7909999999999999,0.137,15.29,6.27,17.11,23.37,15.26,12.61
745162,2024-06-27,2024,672279,L,608718,L,triple,False,False,60.0,0.137,15.0,25.0,3.0,5.0,0.396,0.059,25.22,13.12,20.36,33.48,34.07,18.29,3.0,0.0,0.0,0.0,1.0,33.33,0.333,0.0,33.33,6.67,20.0,26.67,10.0,0.0,71.0,0.206,14.0,19.72,1.0,1.41,0.578,0.147,18.88,10.19,12.45,22.64,27.05,17.07,108.0,0.284,14.0,12.96,12.0,11.11,0.7909999999999999,0.137,15.29,6.27,17.11,23.37,15.26,12.61
745162,2024-06-27,2024,680977,L,608718,L,double,False,False,95.0,0.267,9.0,9.47,4.0,4.21,0.6759999999999999,0.09299999999999997,13.89,5.71,20.57,26.29,21.12,11.39,63.0,0.236,10.0,15.87,6.0,9.52,0.569,0.0,14.29,6.33,19.83,26.16,24.58,15.87,71.0,0.206,14.0,19.72,1.0,1.41,0.578,0.147,18.88,10.19,12.45,22.64,27.05,17.07,108.0,0.284,14.0,12.96,12.0,11.11,0.7909999999999999,0.137,15.29,6.27,17.11,23.37,15.26,12.61
745162,2024-06-27,2024,666185,R,608718,L,double,False,False,55.0,0.184,10.0,18.18,4.0,7.27,0.479,0.04000000000000001,28.85,14.71,13.24,27.94,28.0,20.41,86.0,0.268,12.0,13.95,12.0,13.95,0.77,0.126,22.46,10.88,12.44,23.32,23.98,9.3,104.0,0.281,19.0,18.27,7.0,6.73,0.796,0.18799999999999994,22.11,10.19,17.48,27.67,29.69,14.96,185.0,0.229,41.0,22.16,13.0,7.03,0.585,0.0659999999999999,25.84,11.89,18.32,30.21,31.25,19.25
745162,2024-06-27,2024,665877,R,608718,L,field_out,False,False,30.0,0.143,3.0,10.0,2.0,6.67,0.34299999999999997,0.0,6.9,3.1,20.93,24.03,21.15,6.98,19.0,0.176,2.0,10.53,2.0,10.53,0.439,0.0,7.41,3.08,23.08,26.15,30.0,13.33,104.0,0.281,19.0,18.27,7.0,6.73,0.796,0.18799999999999994,22.11,10.19,17.48,27.67,29.69,14.96,185.0,0.229,41.0,22.16,13.0,7.03,0.585,0.0659999999999999,25.84,11.89,18.32,30.21,31.25,19.25
745162,2024-06-27,2024,682622,R,681676,R,field_out,False,False,,,,,,,,,,,,,,,89.0,0.317,21.0,23.6,5.0,5.62,0.876,0.195,29.73,14.06,19.17,33.23,30.67,22.58,85.0,0.247,24.0,28.24,7.0,8.24,0.583,0.026000000000000023,34.3,16.39,14.17,30.56,29.63,20.17,,,,,,,,,,,,,,
745162,2024-06-27,2024,669289,R,681676,R,field_out,False,False,101.0,0.179,16.0,15.84,4.0,3.96,0.473,0.08400000000000002,11.29,5.33,17.01,22.34,24.87,14.68,138.0,0.244,22.0,15.94,10.0,7.25,0.633,0.073,17.87,7.68,20.84,28.52,25.34,15.6,85.0,0.247,24.0,28.24,7.0,8.24,0.583,0.026000000000000023,34.3,16.39,14.17,30.56,29.63,20.17,,,,,,,,,,,,,,
745162,2024-06-27,2024,666181,L,681676,R,field_out,False,False,195.0,0.21,84.0,43.08,18.0,9.23,0.696,0.19899999999999998,38.97,18.67,14.74,33.42,22.7,32.18,285.0,0.297,89.0,31.23,37.0,12.98,0.938,0.252,31.03,13.11,16.03,29.13,18.51,23.66,60.0,0.204,13.0,21.67,7.0,11.67,0.6890000000000001,0.163,27.52,12.24,14.29,26.53,24.41,20.0,,,,,,,,,,,,,,
745162,2024-06-27,2024,686780,R,594580,L,triple,False,False,22.0,0.15,3.0,13.64,1.0,4.55,0.382,0.05000000000000002,25.0,12.68,16.9,29.58,19.23,21.43,,,,,,,,,,,,,,,38.0,0.171,8.0,21.05,2.0,5.26,0.437,0.028999999999999998,23.38,11.11,15.43,26.54,20.29,14.29,147.0,0.25,26.0,17.69,23.0,15.65,0.7310000000000001,0.086,17.57,7.36,17.69,25.04,26.1,16.25
745162,2024-06-27,2024,691026,R,594580,L,strikeout,True,False,91.0,0.259,23.0,25.27,6.0,6.59,0.79,0.22299999999999998,17.33,9.0,17.22,26.22,37.5,18.11,37.0,0.2,7.0,18.92,1.0,2.7,0.445,0.0289999999999999,21.54,10.0,20.0,30.0,25.4,18.92,38.0,0.171,8.0,21.05,2.0,5.26,0.437,0.028999999999999998,23.38,11.11,15.43,26.54,20.29,14.29,147.0,0.25,26.0,17.69,23.0,15.65,0.7310000000000001,0.086,17.57,7.36,17.69,25.04,26.1,16.25
745162,2024-06-27,2024,669357,L,594580,L,strikeout,True,False,84.0,0.171,30.0,35.71,7.0,8.33,0.596,0.18399999999999997,35.53,17.36,16.08,33.44,31.76,29.41,86.0,0.26,24.0,27.91,11.0,12.79,0.839,0.2189999999999999,33.77,15.79,17.34,33.13,24.68,27.59,27.0,0.208,7.0,25.93,2.0,7.41,0.46699999999999997,0.0,28.07,13.45,16.81,30.25,32.26,18.42,121.0,0.161,42.0,34.71,7.0,5.79,0.4579999999999999,0.0799999999999999,27.98,12.53,20.53,33.06,27.27,27.27
745162,2024-06-27,2024,575929,R,594580,L,field_out,False,False,29.0,0.333,6.0,20.69,5.0,17.24,1.156,0.37499999999999994,27.66,11.61,14.29,25.89,25.45,23.08,122.0,0.296,30.0,24.59,13.0,10.66,0.906,0.241,27.38,14.17,12.73,26.9,33.33,20.41,38.0,0.171,8.0,21.05,2.0,5.26,0.437,0.028999999999999998,23.38,11.11,15.43,26.54,20.29,14.29,147.0,0.25,26.0,17.69,23.0,15.65,0.7310000000000001,0.086,17.57,7.36,17.69,25.04,26.1,16.25
744919,2024-06-27,2024,683011,R,621244,R,single,False,False,272.0,0.264,60.0,22.06,18.0,6.62,0.728,0.14299999999999996,23.78,11.46,18.31,29.77,29.85,18.93,467.0,0.198,132.0,28.27,36.0,7.71,0.624,0.1579999999999999,28.15,13.53,17.49,31.02,29.16,23.4,184.0,0.288,31.0,16.85,7.0,3.8,0.765,0.14700000000000002,19.06,9.3,19.66,28.96,33.64,15.66,376.0,0.22,87.0,23.14,21.0,5.59,0.6160000000000001,0.121,23.87,11.4,19.26,30.66,33.81,21.64
744919,2024-06-27,2024,665742,L,621244,R,field_out,False,False,255.0,0.299,43.0,16.86,47.0,18.43,1.007,0.27899999999999997,24.48,8.8,18.89,27.69,16.44,14.73,502.0,0.283,81.0,16.14,99.0,19.72,0.98,0.2730000000000001,18.45,6.31,19.31,25.62,15.09,14.14,207.0,0.205,37.0,17.87,16.0,7.73,0.699,0.211,20.81,9.29,18.21,27.5,26.85,15.68,407.0,0.261,97.0,23.83,31.0,7.62,0.773,0.189,27.03,12.19,17.64,29.83,27.76,22.0
744919,2024-06-27,2024,592450,R,621244,R,field_out,False,False,268.0,0.312,66.0,24.63,38.0,14.18,1.13,0.40199999999999997,31.36,13.75,14.82,28.57,19.4,19.76,384.0,0.266,109.0,28.39,77.0,20.05,1.011,0.3339999999999999,36.96,15.02,15.7,30.72,19.29,24.12,184.0,0.288,31.0,16.85,7.0,3.8,0.765,0.14700000000000002,19.06,9.3,19.66,28.96,33.64,15.66,376.0,0.22,87.0,23.14,21.0,5.59,0.6160000000000001,0.121,23.87,11.4,19.26,30.66,33.81,21.64
744919,2024-06-27,2024,657077,L,621244,R,walk,False,True,230.0,0.265,30.0,13.04,15.0,6.52,0.745,0.17099999999999999,14.04,6.49,19.7,26.19,27.38,12.05,441.0,0.279,66.0,14.97,30.0,6.8,0.793,0.185,15.08,6.28,20.52,26.8,22.64,14.93,207.0,0.205,37.0,17.87,16.0,7.73,0.699,0.211,20.81,9.29,18.21,27.5,26.85,15.68,407.0,0.261,97.0,23.83,31.0,7.62,0.773,0.189,27.03,12.19,17.64,29.83,27.76,22.0
744919,2024-06-27,2024,700250,L,621244,R,field_out,False,False,15.0,0.417,0.0,0.0,2.0,13.33,0.884,0.0,15.15,7.25,10.14,17.39,26.32,0.0,,,,,,,,,,,,,,,207.0,0.205,37.0,17.87,16.0,7.73,0.699,0.211,20.81,9.29,18.21,27.5,26.85,15.68,407.0,0.261,97.0,23.83,31.0,7.62,0.773,0.189,27.03,12.19,17.64,29.83,27.76,22.0
744919,2024-06-27,2024,666182,R,607074,L,single,False,False,53.0,0.14,7.0,13.21,3.0,5.66,0.349,0.01999999999999999,11.4,6.91,9.57,16.49,37.36,11.86,107.0,0.323,13.0,12.15,7.0,6.54,0.893,0.202,17.62,9.88,9.88,19.75,30.5,10.32,311.0,0.239,68.0,21.86,21.0,6.75,0.749,0.20400000000000001,27.16,13.75,13.36,27.11,29.67,16.55,236.0,0.274,50.0,21.19,22.0,9.32,0.855,0.236,25.1,13.5,11.48,24.97,31.87,17.24
744919,2024-06-27,2024,643396,R,607074,L,hit_by_pitch,False,False,70.0,0.277,9.0,12.86,3.0,4.29,0.688,0.09199999999999997,10.53,4.42,24.78,29.2,26.21,20.93,90.0,0.23,16.0,17.78,11.0,12.22,0.634,0.0669999999999999,19.59,8.03,19.67,27.7,20.35,15.09,311.0,0.239,68.0,21.86,21.0,6.75,0.749,0.20400000000000001,27.16,13.75,13.36,27.11,29.67,16.55,236.0,0.274,50.0,21.19,22.0,9.32,0.855,0.236,25.1,13.5,11.48,24.97,31.87,17.24
744919,2024-06-27,2024,665489,R,607074,L,double,False,False,61.0,0.24,8.0,13.11,11.0,18.03,0.757,0.14,23.16,9.48,15.95,25.43,22.4,12.9,124.0,0.284,15.0,12.1,19.0,15.32,0.766,0.079,18.93,8.25,16.07,24.31,22.78,13.51,311.0,0.239,68.0,21.86,21.0,6.75,0.749,0.20400000000000001,27.16,13.75,13.36,27.11,29.67,16.55,236.0,0.274,50.0,21.19,22.0,9.32,0.855,0.236,25.1,13.5,11.48,24.97,31.87,17.24
744919,2024-06-27,2024,457759,R,607074,L,single,False,False,57.0,0.308,9.0,15.79,4.0,7.02,0.832,0.173,10.66,4.87,20.22,25.09,26.4,9.18,164.0,0.285,32.0,19.51,18.0,10.98,0.9,0.243,20.38,9.35,18.71,28.06,27.41,13.45,311.0,0.239,68.0,21.86,21.0,6.75,0.749,0.20400000000000001,27.16,13.75,13.36,27.11,29.67,16.55,236.0,0.274,50.0,21.19,22.0,9.32,0.855,0.236,25.1,13.5,11.48,24.97,31.87,17.24
744919,2024-06-27,2024,543807,R,607074,L,home_run,False,False,68.0,0.121,14.0,20.59,9.0,13.24,0.425,0.069,21.48,10.03,12.8,22.84,20.44,16.28,144.0,0.242,24.0,16.67,17.0,11.81,0.71,0.137,19.37,9.5,11.92,21.42,22.03,14.37,311.0,0.239,68.0,21.86,21.0,6.75,0.749,0.20400000000000001,27.16,13.75,13.36,27.11,29.67,16.55,236.0,0.274,50.0,21.19,22.0,9.32,0.855,0.236,25.1,13.5,11.48,24.97,31.87,17.24
744919,2024-06-27,2024,676914,R,607074,L,strikeout,True,False,69.0,0.19,20.0,28.99,7.0,10.14,0.644,0.189,32.56,14.79,17.25,32.04,26.53,21.05,54.0,0.326,16.0,29.63,10.0,18.52,1.3,0.5109999999999999,37.65,15.69,17.16,32.84,15.89,28.07,311.0,0.239,68.0,21.86,21.0,6.75,0.749,0.20400000000000001,27.16,13.75,13.36,27.11,29.67,16.55,236.0,0.274,50.0,21.19,22.0,9.32,0.855,0.236,25.1,13.5,11.48,24.97,31.87,17.24
744919,2024-06-27,2024,662139,L,607074,L,field_out,False,False,54.0,0.277,6.0,11.11,7.0,12.96,0.774,0.127,19.32,8.46,16.42,24.88,18.18,10.0,117.0,0.292,24.0,20.51,9.0,7.69,0.722,0.085,21.46,10.35,15.42,25.77,22.71,18.32,64.0,0.25,16.0,25.0,4.0,6.25,0.73,0.183,25.45,11.52,18.52,30.04,25.0,21.33,50.0,0.195,14.0,28.0,6.0,12.0,0.759,0.244,32.32,16.58,11.92,28.5,23.4,25.93
744919,2024-06-27,2024,672386,R,607074,L,double,False,False,38.0,0.152,7.0,18.42,5.0,13.16,0.445,0.03,20.63,7.98,21.47,29.45,21.84,14.29,128.0,0.264,17.0,13.28,17.0,13.28,0.732,0.1089999999999999,11.34,4.1,23.84,27.93,25.62,11.11,311.0,0.239,68.0,21.86,21.0,6.75,0.749,0.20400000000000001,27.16,13.75,13.36,27.11,29.67,16.55,236.0,0.274,50.0,21.19,22.0,9.32,0.855,0.236,25.1,13.5,11.48,24.97,31.87,17.24
744919,2024-06-27,2024,676391,R,607074,L,single,False,False,57.0,0.327,3.0,5.26,2.0,3.51,0.864,0.173,11.21,6.63,14.36,20.99,40.48,6.82,32.0,0.367,3.0,9.38,1.0,3.12,0.775,0.033,12.96,7.37,17.89,25.26,46.81,17.65,311.0,0.239,68.0,21.86,21.0,6.75,0.749,0.20400000000000001,27.16,13.75,13.36,27.11,29.67,16.55,236.0,0.274,50.0,21.19,22.0,9.32,0.855,0.236,25.1,13.5,11.48,24.97,31.87,17.24
744919,2024-06-27,2024,666182,R,607074,L,strikeout,True,False,53.0,0.14,7.0,13.21,3.0,5.66,0.349,0.01999999999999999,11.4,6.91,9.57,16.49,37.36,11.86,107.0,0.323,13.0,12.15,7.0,6.54,0.893,0.202,17.62,9.88,9.88,19.75,30.5,10.32,311.0,0.239,68.0,21.86,21.0,6.75,0.749,0.20400000000000001,27.16,13.75,13.36,27.11,29.67,16.55,236.0,0.274,50.0,21.19,22.0,9.32,0.855,0.236,25.1,13.5,11.48,24.97,31.87,17.24
744919,2024-06-27,2024,663330,R,621244,R,field_out,False,False,14.0,0.091,5.0,35.71,0.0,0.0,0.322,0.0,25.0,12.2,21.95,34.15,31.25,45.45,3.0,0.0,2.0,66.67,1.0,33.33,0.333,0.0,57.14,23.53,17.65,41.18,14.29,28.57,184.0,0.288,31.0,16.85,7.0,3.8,0.765,0.14700000000000002,19.06,9.3,19.66,28.96,33.64,15.66,376.0,0.22,87.0,23.14,21.0,5.59,0.6160000000000001,0.121,23.87,11.4,19.26,30.66,33.81,21.64
744919,2024-06-27,2024,669224,L,621244,R,walk,False,True,130.0,0.207,26.0,20.0,15.0,11.54,0.633,0.12600000000000003,28.39,13.59,13.79,27.38,25.1,18.98,69.0,0.25,12.0,17.39,3.0,4.35,0.81,0.281,28.48,16.48,10.99,27.47,38.03,14.46,207.0,0.205,37.0,17.87,16.0,7.73,0.699,0.211,20.81,9.29,18.21,27.5,26.85,15.68,407.0,0.261,97.0,23.83,31.0,7.62,0.773,0.189,27.03,12.19,17.64,29.83,27.76,22.0
744919,2024-06-27,2024,665828,L,621244,R,strikeout,True,False,150.0,0.245,28.0,18.67,8.0,5.33,0.663,0.136,17.71,8.29,18.65,26.94,30.74,15.82,261.0,0.215,51.0,19.54,22.0,8.43,0.567,0.0679999999999999,22.29,10.93,14.34,25.28,25.97,17.65,207.0,0.205,37.0,17.87,16.0,7.73,0.699,0.211,20.81,9.29,18.21,27.5,26.85,15.68,407.0,0.261,97.0,23.83,31.0,7.62,0.773,0.189,27.03,12.19,17.64,29.83,27.76,22.0
744919,2024-06-27,2024,663757,L,621244,R,force_out,False,False,65.0,0.118,19.0,29.23,11.0,16.92,0.634,0.235,24.72,7.59,24.83,32.41,7.25,23.75,412.0,0.178,118.0,28.64,56.0,13.59,0.623,0.147,29.65,12.55,17.63,30.18,22.3,21.15,207.0,0.205,37.0,17.87,16.0,7.73,0.699,0.211,20.81,9.29,18.21,27.5,26.85,15.68,407.0,0.261,97.0,23.83,31.0,7.62,0.773,0.189,27.03,12.19,17.64,29.83,27.76,22.0
744919,2024-06-27,2024,643396,R,607074,L,hit_by_pitch,False,False,70.0,0.277,9.0,12.86,3.0,4.29,0.688,0.09199999999999997,10.53,4.42,24.78,29.2,26.21,20.93,90.0,0.23,16.0,17.78,11.0,12.22,0.634,0.0669999999999999,19.59,8.03,19.67,27.7,20.35,15.09,311.0,0.239,68.0,21.86,21.0,6.75,0.749,0.20400000000000001,27.16,13.75,13.36,27.11,29.67,16.55,236.0,0.274,50.0,21.19,22.0,9.32,0.855,0.236,25.1,13.5,11.48,24.97,31.87,17.24
744919,2024-06-27,2024,665489,R,607074,L,field_out,False,False,61.0,0.24,8.0,13.11,11.0,18.03,0.757,0.14,23.16,9.48,15.95,25.43,22.4,12.9,124.0,0.284,15.0,12.1,19.0,15.32,0.766,0.079,18.93,8.25,16.07,24.31,22.78,13.51,311.0,0.239,68.0,21.86,21.0,6.75,0.749,0.20400000000000001,27.16,13.75,13.36,27.11,29.67,16.55,236.0,0.274,50.0,21.19,22.0,9.32,0.855,0.236,25.1,13.5,11.48,24.97,31.87,17.24
744919,2024-06-27,2024,457759,R,607074,L,walk,False,True,57.0,0.308,9.0,15.79,4.0,7.02,0.832,0.173,10.66,4.87,20.22,25.09,26.4,9.18,164.0,0.285,32.0,19.51,18.0,10.98,0.9,0.243,20.38,9.35,18.71,28.06,27.41,13.45,311.0,0.239,68.0,21.86,21.0,6.75,0.749,0.20400000000000001,27.16,13.75,13.36,27.11,29.67,16.55,236.0,0.274,50.0,21.19,22.0,9.32,0.855,0.236,25.1,13.5,11.48,24.97,31.87,17.24
744919,2024-06-27,2024,543807,R,607074,L,home_run,False,False,68.0,0.121,14.0,20.59,9.0,13.24,0.425,0.069,21.48,10.03,12.8,22.84,20.44,16.28,144.0,0.242,24.0,16.67,17.0,11.81,0.71,0.137,19.37,9.5,11.92,21.42,22.03,14.37,311.0,0.239,68.0,21.86,21.0,6.75,0.749,0.20400000000000001,27.16,13.75,13.36,27.11,29.67,16.55,236.0,0.274,50.0,21.19,22.0,9.32,0.855,0.236,25.1,13.5,11.48,24.97,31.87,17.24
744919,2024-06-27,2024,676914,R,607074,L,strikeout,True,False,69.0,0.19,20.0,28.99,7.0,10.14,0.644,0.189,32.56,14.79,17.25,32.04,26.53,21.05,54.0,0.326,16.0,29.63,10.0,18.52,1.3,0.5109999999999999,37.65,15.69,17.16,32.84,15.89,28.07,311.0,0.239,68.0,21.86,21.0,6.75,0.749,0.20400000000000001,27.16,13.75,13.36,27.11,29.67,16.55,236.0,0.274,50.0,21.19,22.0,9.32,0.855,0.236,25.1,13.5,11.48,24.97,31.87,17.24
744919,2024-06-27,2024,662139,L,607074,L,strikeout,True,False,54.0,0.277,6.0,11.11,7.0,12.96,0.774,0.127,19.32,8.46,16.42,24.88,18.18,10.0,117.0,0.292,24.0,20.51,9.0,7.69,0.722,0.085,21.46,10.35,15.42,25.77,22.71,18.32,64.0,0.25,16.0,25.0,4.0,6.25,0.73,0.183,25.45,11.52,18.52,30.04,25.0,21.33,50.0,0.195,14.0,28.0,6.0,12.0,0.759,0.244,32.32,16.58,11.92,28.5,23.4,25.93
744919,2024-06-27,2024,683011,R,621244,R,strikeout,True,False,272.0,0.264,60.0,22.06,18.0,6.62,0.728,0.14299999999999996,23.78,11.46,18.31,29.77,29.85,18.93,467.0,0.198,132.0,28.27,36.0,7.71,0.624,0.1579999999999999,28.15,13.53,17.49,31.02,29.16,23.4,184.0,0.288,31.0,16.85,7.0,3.8,0.765,0.14700000000000002,19.06,9.3,19.66,28.96,33.64,15.66,376.0,0.22,87.0,23.14,21.0,5.59,0.6160000000000001,0.121,23.87,11.4,19.26,30.66,33.81,21.64
744919,2024-06-27,2024,665742,L,621244,R,strikeout,True,False,255.0,0.299,43.0,16.86,47.0,18.43,1.007,0.27899999999999997,24.48,8.8,18.89,27.69,16.44,14.73,502.0,0.283,81.0,16.14,99.0,19.72,0.98,0.2730000000000001,18.45,6.31,19.31,25.62,15.09,14.14,207.0,0.205,37.0,17.87,16.0,7.73,0.699,0.211,20.81,9.29,18.21,27.5,26.85,15.68,407.0,0.261,97.0,23.83,31.0,7.62,0.773,0.189,27.03,12.19,17.64,29.83,27.76,22.0
744919,2024-06-27,2024,592450,R,621244,R,field_out,False,False,268.0,0.312,66.0,24.63,38.0,14.18,1.13,0.40199999999999997,31.36,13.75,14.82,28.57,19.4,19.76,384.0,0.266,109.0,28.39,77.0,20.05,1.011,0.3339999999999999,36.96,15.02,15.7,30.72,19.29,24.12,184.0,0.288,31.0,16.85,7.0,3.8,0.765,0.14700000000000002,19.06,9.3,19.66,28.96,33.64,15.66,376.0,0.22,87.0,23.14,21.0,5.59,0.6160000000000001,0.121,23.87,11.4,19.26,30.66,33.81,21.64
744919,2024-06-27,2024,672386,R,607074,L,strikeout,True,False,38.0,0.152,7.0,18.42,5.0,13.16,0.445,0.03,20.63,7.98,21.47,29.45,21.84,14.29,128.0,0.264,17.0,13.28,17.0,13.28,0.732,0.1089999999999999,11.34,4.1,23.84,27.93,25.62,11.11,311.0,0.239,68.0,21.86,21.0,6.75,0.749,0.20400000000000001,27.16,13.75,13.36,27.11,29.67,16.55,236.0,0.274,50.0,21.19,22.0,9.32,0.855,0.236,25.1,13.5,11.48,24.97,31.87,17.24
744919,2024-06-27,2024,676391,R,607074,L,strikeout,True,False,57.0,0.327,3.0,5.26,2.0,3.51,0.864,0.173,11.21,6.63,14.36,20.99,40.48,6.82,32.0,0.367,3.0,9.38,1.0,3.12,0.775,0.033,12.96,7.37,17.89,25.26,46.81,17.65,311.0,0.239,68.0,21.86,21.0,6.75,0.749,0.20400000000000001,27.16,13.75,13.36,27.11,29.67,16.55,236.0,0.274,50.0,21.19,22.0,9.32,0.855,0.236,25.1,13.5,11.48,24.97,31.87,17.24
744919,2024-06-27,2024,666182,R,607074,L,field_out,False,False,53.0,0.14,7.0,13.21,3.0,5.66,0.349,0.01999999999999999,11.4,6.91,9.57,16.49,37.36,11.86,107.0,0.323,13.0,12.15,7.0,6.54,0.893,0.202,17.62,9.88,9.88,19.75,30.5,10.32,311.0,0.239,68.0,21.86,21.0,6.75,0.749,0.20400000000000001,27.16,13.75,13.36,27.11,29.67,16.55,236.0,0.274,50.0,21.19,22.0,9.32,0.855,0.236,25.1,13.5,11.48,24.97,31.87,17.24
744919,2024-06-27,2024,657077,L,621244,R,field_out,False,False,230.0,0.265,30.0,13.04,15.0,6.52,0.745,0.17099999999999999,14.04,6.49,19.7,26.19,27.38,12.05,441.0,0.279,66.0,14.97,30.0,6.8,0.793,0.185,15.08,6.28,20.52,26.8,22.64,14.93,207.0,0.205,37.0,17.87,16.0,7.73,0.699,0.211,20.81,9.29,18.21,27.5,26.85,15.68,407.0,0.261,97.0,23.83,31.0,7.62,0.773,0.189,27.03,12.19,17.64,29.83,27.76,22.0
744919,2024-06-27,2024,700250,L,621244,R,field_out,False,False,15.0,0.417,0.0,0.0,2.0,13.33,0.884,0.0,15.15,7.25,10.14,17.39,26.32,0.0,,,,,,,,,,,,,,,207.0,0.205,37.0,17.87,16.0,7.73,0.699,0.211,20.81,9.29,18.21,27.5,26.85,15.68,407.0,0.261,97.0,23.83,31.0,7.62,0.773,0.189,27.03,12.19,17.64,29.83,27.76,22.0
744919,2024-06-27,2024,663330,R,621244,R,field_out,False,False,14.0,0.091,5.0,35.71,0.0,0.0,0.322,0.0,25.0,12.2,21.95,34.15,31.25,45.45,3.0,0.0,2.0,66.67,1.0,33.33,0.333,0.0,57.14,23.53,17.65,41.18,14.29,28.57,184.0,0.288,31.0,16.85,7.0,3.8,0.765,0.14700000000000002,19.06,9.3,19.66,28.96,33.64,15.66,376.0,0.22,87.0,23.14,21.0,5.59,0.6160000000000001,0.121,23.87,11.4,19.26,30.66,33.81,21.64
744919,2024-06-27,2024,643396,R,607074,L,single,False,False,70.0,0.277,9.0,12.86,3.0,4.29,0.688,0.09199999999999997,10.53,4.42,24.78,29.2,26.21,20.93,90.0,0.23,16.0,17.78,11.0,12.22,0.634,0.0669999999999999,19.59,8.03,19.67,27.7,20.35,15.09,311.0,0.239,68.0,21.86,21.0,6.75,0.749,0.20400000000000001,27.16,13.75,13.36,27.11,29.67,16.55,236.0,0.274,50.0,21.19,22.0,9.32,0.855,0.236,25.1,13.5,11.48,24.97,31.87,17.24
744919,2024-06-27,2024,665489,R,607074,L,grounded_into_double_play,False,False,61.0,0.24,8.0,13.11,11.0,18.03,0.757,0.14,23.16,9.48,15.95,25.43,22.4,12.9,124.0,0.284,15.0,12.1,19.0,15.32,0.766,0.079,18.93,8.25,16.07,24.31,22.78,13.51,311.0,0.239,68.0,21.86,21.0,6.75,0.749,0.20400000000000001,27.16,13.75,13.36,27.11,29.67,16.55,236.0,0.274,50.0,21.19,22.0,9.32,0.855,0.236,25.1,13.5,11.48,24.97,31.87,17.24
744919,2024-06-27,2024,457759,R,607074,L,strikeout,True,False,57.0,0.308,9.0,15.79,4.0,7.02,0.832,0.173,10.66,4.87,20.22,25.09,26.4,9.18,164.0,0.285,32.0,19.51,18.0,10.98,0.9,0.243,20.38,9.35,18.71,28.06,27.41,13.45,311.0,0.239,68.0,21.86,21.0,6.75,0.749,0.20400000000000001,27.16,13.75,13.36,27.11,29.67,16.55,236.0,0.274,50.0,21.19,22.0,9.32,0.855,0.236,25.1,13.5,11.48,24.97,31.87,17.24
744919,2024-06-27,2024,669224,L,621244,R,field_out,False,False,130.0,0.207,26.0,20.0,15.0,11.54,0.633,0.12600000000000003,28.39,13.59,13.79,27.38,25.1,18.98,69.0,0.25,12.0,17.39,3.0,4.35,0.81,0.281,28.48,16.48,10.99,27.47,38.03,14.46,207.0,0.205,37.0,17.87,16.0,7.73,0.699,0.211,20.81,9.29,18.21,27.5,26.85,15.68,407.0,0.261,97.0,23.83,31.0,7.62,0.773,0.189,27.03,12.19,17.64,29.83,27.76,22.0
744919,2024-06-27,2024,665828,L,621244,R,hit_by_pitch,False,False,150.0,0.245,28.0,18.67,8.0,5.33,0.663,0.136,17.71,8.29,18.65,26.94,30.74,15.82,261.0,0.215,51.0,19.54,22.0,8.43,0.567,0.0679999999999999,22.29,10.93,14.34,25.28,25.97,17.65,207.0,0.205,37.0,17.87,16.0,7.73,0.699,0.211,20.81,9.29,18.21,27.5,26.85,15.68,407.0,0.261,97.0,23.83,31.0,7.62,0.773,0.189,27.03,12.19,17.64,29.83,27.76,22.0
744919,2024-06-27,2024,663757,L,621244,R,home_run,False,False,65.0,0.118,19.0,29.23,11.0,16.92,0.634,0.235,24.72,7.59,24.83,32.41,7.25,23.75,412.0,0.178,118.0,28.64,56.0,13.59,0.623,0.147,29.65,12.55,17.63,30.18,22.3,21.15,207.0,0.205,37.0,17.87,16.0,7.73,0.699,0.211,20.81,9.29,18.21,27.5,26.85,15.68,407.0,0.261,97.0,23.83,31.0,7.62,0.773,0.189,27.03,12.19,17.64,29.83,27.76,22.0
744919,2024-06-27,2024,683011,R,621244,R,field_out,False,False,272.0,0.264,60.0,22.06,18.0,6.62,0.728,0.14299999999999996,23.78,11.46,18.31,29.77,29.85,18.93,467.0,0.198,132.0,28.27,36.0,7.71,0.624,0.1579999999999999,28.15,13.53,17.49,31.02,29.16,23.4,184.0,0.288,31.0,16.85,7.0,3.8,0.765,0.14700000000000002,19.06,9.3,19.66,28.96,33.64,15.66,376.0,0.22,87.0,23.14,21.0,5.59,0.6160000000000001,0.121,23.87,11.4,19.26,30.66,33.81,21.64
744919,2024-06-27,2024,665742,L,621244,R,strikeout,True,False,255.0,0.299,43.0,16.86,47.0,18.43,1.007,0.27899999999999997,24.48,8.8,18.89,27.69,16.44,14.73,502.0,0.283,81.0,16.14,99.0,19.72,0.98,0.2730000000000001,18.45,6.31,19.31,25.62,15.09,14.14,207.0,0.205,37.0,17.87,16.0,7.73,0.699,0.211,20.81,9.29,18.21,27.5,26.85,15.68,407.0,0.261,97.0,23.83,31.0,7.62,0.773,0.189,27.03,12.19,17.64,29.83,27.76,22.0
744919,2024-06-27,2024,543807,R,607074,L,single,False,False,68.0,0.121,14.0,20.59,9.0,13.24,0.425,0.069,21.48,10.03,12.8,22.84,20.44,16.28,144.0,0.242,24.0,16.67,17.0,11.81,0.71,0.137,19.37,9.5,11.92,21.42,22.03,14.37,311.0,0.239,68.0,21.86,21.0,6.75,0.749,0.20400000000000001,27.16,13.75,13.36,27.11,29.67,16.55,236.0,0.274,50.0,21.19,22.0,9.32,0.855,0.236,25.1,13.5,11.48,24.97,31.87,17.24
744919,2024-06-27,2024,676914,R,607074,L,single,False,False,69.0,0.19,20.0,28.99,7.0,10.14,0.644,0.189,32.56,14.79,17.25,32.04,26.53,21.05,54.0,0.326,16.0,29.63,10.0,18.52,1.3,0.5109999999999999,37.65,15.69,17.16,32.84,15.89,28.07,311.0,0.239,68.0,21.86,21.0,6.75,0.749,0.20400000000000001,27.16,13.75,13.36,27.11,29.67,16.55,236.0,0.274,50.0,21.19,22.0,9.32,0.855,0.236,25.1,13.5,11.48,24.97,31.87,17.24
744919,2024-06-27,2024,662139,L,607074,L,strikeout,True,False,54.0,0.277,6.0,11.11,7.0,12.96,0.774,0.127,19.32,8.46,16.42,24.88,18.18,10.0,117.0,0.292,24.0,20.51,9.0,7.69,0.722,0.085,21.46,10.35,15.42,25.77,22.71,18.32,64.0,0.25,16.0,25.0,4.0,6.25,0.73,0.183,25.45,11.52,18.52,30.04,25.0,21.33,50.0,0.195,14.0,28.0,6.0,12.0,0.759,0.244,32.32,16.58,11.92,28.5,23.4,25.93
744919,2024-06-27,2024,672386,R,607074,L,field_out,False,False,38.0,0.152,7.0,18.42,5.0,13.16,0.445,0.03,20.63,7.98,21.47,29.45,21.84,14.29,128.0,0.264,17.0,13.28,17.0,13.28,0.732,0.1089999999999999,11.34,4.1,23.84,27.93,25.62,11.11,311.0,0.239,68.0,21.86,21.0,6.75,0.749,0.20400000000000001,27.16,13.75,13.36,27.11,29.67,16.55,236.0,0.274,50.0,21.19,22.0,9.32,0.855,0.236,25.1,13.5,11.48,24.97,31.87,17.24
744919,2024-06-27,2024,676391,R,607074,L,force_out,False,False,57.0,0.327,3.0,5.26,2.0,3.51,0.864,0.173,11.21,6.63,14.36,20.99,40.48,6.82,32.0,0.367,3.0,9.38,1.0,3.12,0.775,0.033,12.96,7.37,17.89,25.26,46.81,17.65,311.0,0.239,68.0,21.86,21.0,6.75,0.749,0.20400000000000001,27.16,13.75,13.36,27.11,29.67,16.55,236.0,0.274,50.0,21.19,22.0,9.32,0.855,0.236,25.1,13.5,11.48,24.97,31.87,17.24
744919,2024-06-27,2024,592450,R,621244,R,strikeout,True,False,268.0,0.312,66.0,24.63,38.0,14.18,1.13,0.40199999999999997,31.36,13.75,14.82,28.57,19.4,19.76,384.0,0.266,109.0,28.39,77.0,20.05,1.011,0.3339999999999999,36.96,15.02,15.7,30.72,19.29,24.12,184.0,0.288,31.0,16.85,7.0,3.8,0.765,0.14700000000000002,19.06,9.3,19.66,28.96,33.64,15.66,376.0,0.22,87.0,23.14,21.0,5.59,0.6160000000000001,0.121,23.87,11.4,19.26,30.66,33.81,21.64
744919,2024-06-27,2024,657077,L,621244,R,strikeout,True,False,230.0,0.265,30.0,13.04,15.0,6.52,0.745,0.17099999999999999,14.04,6.49,19.7,26.19,27.38,12.05,441.0,0.279,66.0,14.97,30.0,6.8,0.793,0.185,15.08,6.28,20.52,26.8,22.64,14.93,207.0,0.205,37.0,17.87,16.0,7.73,0.699,0.211,20.81,9.29,18.21,27.5,26.85,15.68,407.0,0.261,97.0,23.83,31.0,7.62,0.773,0.189,27.03,12.19,17.64,29.83,27.76,22.0
744919,2024-06-27,2024,700250,L,621244,R,walk,False,True,15.0,0.417,0.0,0.0,2.0,13.33,0.884,0.0,15.15,7.25,10.14,17.39,26.32,0.0,,,,,,,,,,,,,,,207.0,0.205,37.0,17.87,16.0,7.73,0.699,0.211,20.81,9.29,18.21,27.5,26.85,15.68,407.0,0.261,97.0,23.83,31.0,7.62,0.773,0.189,27.03,12.19,17.64,29.83,27.76,22.0
744919,2024-06-27,2024,663330,R,621244,R,field_out,False,False,14.0,0.091,5.0,35.71,0.0,0.0,0.322,0.0,25.0,12.2,21.95,34.15,31.25,45.45,3.0,0.0,2.0,66.67,1.0,33.33,0.333,0.0,57.14,23.53,17.65,41.18,14.29,28.57,184.0,0.288,31.0,16.85,7.0,3.8,0.765,0.14700000000000002,19.06,9.3,19.66,28.96,33.64,15.66,376.0,0.22,87.0,23.14,21.0,5.59,0.6160000000000001,0.121,23.87,11.4,19.26,30.66,33.81,21.64
744919,2024-06-27,2024,666182,R,641360,R,field_out,False,False,229.0,0.255,40.0,17.47,13.0,5.68,0.683,0.122,22.17,12.61,11.45,24.07,35.85,17.39,496.0,0.303,102.0,20.56,20.0,4.03,0.797,0.161,21.9,12.38,11.73,24.11,38.01,17.91,8.0,0.286,0.0,0.0,0.0,0.0,0.661,0.0,20.0,8.7,26.09,34.78,30.77,0.0,177.0,0.25,47.0,26.55,26.0,14.69,0.812,0.196,30.92,14.21,15.41,29.61,26.05,18.88
744919,2024-06-27,2024,643396,R,641360,R,field_out,False,False,194.0,0.282,28.0,14.43,10.0,5.15,0.737,0.13,15.08,7.04,21.44,28.48,33.12,16.77,273.0,0.246,54.0,19.78,17.0,6.23,0.6479999999999999,0.1069999999999999,19.6,9.05,20.2,29.25,28.6,15.56,8.0,0.286,0.0,0.0,0.0,0.0,0.661,0.0,20.0,8.7,26.09,34.78,30.77,0.0,177.0,0.25,47.0,26.55,26.0,14.69,0.812,0.196,30.92,14.21,15.41,29.61,26.05,18.88
744919,2024-06-27,2024,665489,R,641360,R,home_run,False,False,288.0,0.297,51.0,17.71,28.0,9.72,0.8160000000000001,0.15100000000000002,24.27,11.66,15.43,27.08,26.86,14.57,558.0,0.26,85.0,15.23,48.0,8.6,0.792,0.2,23.83,12.29,11.94,24.23,30.21,15.37,8.0,0.286,0.0,0.0,0.0,0.0,0.661,0.0,20.0,8.7,26.09,34.78,30.77,0.0,177.0,0.25,47.0,26.55,26.0,14.69,0.812,0.196,30.92,14.21,15.41,29.61,26.05,18.88
744919,2024-06-27,2024,457759,R,641360,R,strikeout,True,False,203.0,0.222,33.0,16.26,27.0,13.3,0.673,0.11100000000000002,18.51,8.41,17.03,25.44,25.7,10.44,462.0,0.273,78.0,16.88,33.0,7.14,0.765,0.1569999999999999,16.44,7.32,17.97,25.29,25.33,12.0,8.0,0.286,0.0,0.0,0.0,0.0,0.661,0.0,20.0,8.7,26.09,34.78,30.77,0.0,177.0,0.25,47.0,26.55,26.0,14.69,0.812,0.196,30.92,14.21,15.41,29.61,26.05,18.88
744919,2024-06-27,2024,669224,L,621244,R,strikeout,True,False,130.0,0.207,26.0,20.0,15.0,11.54,0.633,0.12600000000000003,28.39,13.59,13.79,27.38,25.1,18.98,69.0,0.25,12.0,17.39,3.0,4.35,0.81,0.281,28.48,16.48,10.99,27.47,38.03,14.46,207.0,0.205,37.0,17.87,16.0,7.73,0.699,0.211,20.81,9.29,18.21,27.5,26.85,15.68,407.0,0.261,97.0,23.83,31.0,7.62,0.773,0.189,27.03,12.19,17.64,29.83,27.76,22.0
744919,2024-06-27,2024,665828,L,621244,R,field_out,False,False,150.0,0.245,28.0,18.67,8.0,5.33,0.663,0.136,17.71,8.29,18.65,26.94,30.74,15.82,261.0,0.215,51.0,19.54,22.0,8.43,0.567,0.0679999999999999,22.29,10.93,14.34,25.28,25.97,17.65,207.0,0.205,37.0,17.87,16.0,7.73,0.699,0.211,20.81,9.29,18.21,27.5,26.85,15.68,407.0,0.261,97.0,23.83,31.0,7.62,0.773,0.189,27.03,12.19,17.64,29.83,27.76,22.0
744919,2024-06-27,2024,663757,L,621244,R,strikeout,True,False,65.0,0.118,19.0,29.23,11.0,16.92,0.634,0.235,24.72,7.59,24.83,32.41,7.25,23.75,412.0,0.178,118.0,28.64,56.0,13.59,0.623,0.147,29.65,12.55,17.63,30.18,22.3,21.15,207.0,0.205,37.0,17.87,16.0,7.73,0.699,0.211,20.81,9.29,18.21,27.5,26.85,15.68,407.0,0.261,97.0,23.83,31.0,7.62,0.773,0.189,27.03,12.19,17.64,29.83,27.76,22.0
744919,2024-06-27,2024,543807,R,641360,R,catcher_interf,False,False,236.0,0.218,40.0,16.95,23.0,9.75,0.638,0.12300000000000003,22.95,11.85,13.78,25.63,23.14,17.09,539.0,0.262,101.0,18.74,43.0,7.98,0.738,0.1489999999999999,23.18,11.37,14.48,25.84,23.35,18.21,8.0,0.286,0.0,0.0,0.0,0.0,0.661,0.0,20.0,8.7,26.09,34.78,30.77,0.0,177.0,0.25,47.0,26.55,26.0,14.69,0.812,0.196,30.92,14.21,15.41,29.61,26.05,18.88
744919,2024-06-27,2024,676914,R,641360,R,strikeout,True,False,197.0,0.232,49.0,24.87,23.0,11.68,0.772,0.20299999999999999,25.79,10.45,19.16,29.62,20.83,17.31,87.0,0.247,27.0,31.03,11.0,12.64,0.8340000000000001,0.219,37.06,13.98,21.9,35.88,15.66,21.77,8.0,0.286,0.0,0.0,0.0,0.0,0.661,0.0,20.0,8.7,26.09,34.78,30.77,0.0,177.0,0.25,47.0,26.55,26.0,14.69,0.812,0.196,30.92,14.21,15.41,29.61,26.05,18.88
744919,2024-06-27,2024,662139,L,664776,R,strikeout,True,False,220.0,0.191,63.0,28.64,20.0,9.09,0.6950000000000001,0.236,26.38,12.3,15.77,28.08,23.97,24.51,466.0,0.202,111.0,23.82,36.0,7.73,0.662,0.19,25.51,12.84,15.05,27.89,29.23,18.26,8.0,0.167,2.0,25.0,2.0,25.0,0.542,0.0,50.0,15.15,21.21,36.36,20.0,25.0,12.0,0.25,2.0,16.67,4.0,33.33,1.125,0.375,15.79,5.26,14.04,19.3,17.5,13.33
744919,2024-06-27,2024,672386,R,664776,R,field_out,False,False,106.0,0.211,13.0,12.26,11.0,10.38,0.603,0.1,15.43,6.4,21.63,28.04,23.5,8.44,295.0,0.244,28.0,9.49,25.0,8.47,0.6739999999999999,0.1069999999999999,13.38,5.86,20.77,26.63,27.21,7.67,9.0,0.375,2.0,22.22,1.0,11.11,1.319,0.5,18.75,7.69,23.08,30.77,21.05,16.67,33.0,0.296,5.0,15.15,6.0,18.18,0.794,0.074,30.91,11.72,18.62,30.34,23.46,13.16
744919,2024-06-27,2024,683011,R,647315,R,field_out,False,False,272.0,0.264,60.0,22.06,18.0,6.62,0.728,0.14299999999999996,23.78,11.46,18.31,29.77,29.85,18.93,467.0,0.198,132.0,28.27,36.0,7.71,0.624,0.1579999999999999,28.15,13.53,17.49,31.02,29.16,23.4,50.0,0.277,7.0,14.0,2.0,4.0,0.8109999999999999,0.23399999999999999,16.33,9.36,9.94,19.3,41.57,13.21,34.0,0.161,9.0,26.47,3.0,8.82,0.493,0.097,21.67,10.32,23.81,34.13,41.43,21.95
744919,2024-06-27,2024,665742,L,647315,R,walk,False,True,255.0,0.299,43.0,16.86,47.0,18.43,1.007,0.27899999999999997,24.48,8.8,18.89,27.69,16.44,14.73,502.0,0.283,81.0,16.14,99.0,19.72,0.98,0.2730000000000001,18.45,6.31,19.31,25.62,15.09,14.14,40.0,0.235,7.0,17.5,4.0,10.0,0.7789999999999999,0.236,33.85,15.83,13.67,29.5,30.77,24.14,22.0,0.316,5.0,22.73,3.0,13.64,1.251,0.526,36.36,16.44,13.7,30.14,28.89,31.25
744919,2024-06-27,2024,592450,R,647315,R,strikeout,True,False,268.0,0.312,66.0,24.63,38.0,14.18,1.13,0.40199999999999997,31.36,13.75,14.82,28.57,19.4,19.76,384.0,0.266,109.0,28.39,77.0,20.05,1.011,0.3339999999999999,36.96,15.02,15.7,30.72,19.29,24.12,50.0,0.277,7.0,14.0,2.0,4.0,0.8109999999999999,0.23399999999999999,16.33,9.36,9.94,19.3,41.57,13.21,34.0,0.161,9.0,26.47,3.0,8.82,0.493,0.097,21.67,10.32,23.81,34.13,41.43,21.95
744919,2024-06-27,2024,657077,L,647315,R,strikeout,True,False,230.0,0.265,30.0,13.04,15.0,6.52,0.745,0.17099999999999999,14.04,6.49,19.7,26.19,27.38,12.05,441.0,0.279,66.0,14.97,30.0,6.8,0.793,0.185,15.08,6.28,20.52,26.8,22.64,14.93,40.0,0.235,7.0,17.5,4.0,10.0,0.7789999999999999,0.236,33.85,15.83,13.67,29.5,30.77,24.14,22.0,0.316,5.0,22.73,3.0,13.64,1.251,0.526,36.36,16.44,13.7,30.14,28.89,31.25
744919,2024-06-27,2024,676391,R,664776,R,strikeout,True,False,84.0,0.232,7.0,8.33,1.0,1.19,0.604,0.13399999999999998,16.48,10.03,13.71,23.75,46.05,8.14,20.0,0.4,1.0,5.0,0.0,0.0,1.05,0.25,5.71,3.33,15.0,18.33,40.0,7.69,9.0,0.375,2.0,22.22,1.0,11.11,1.319,0.5,18.75,7.69,23.08,30.77,21.05,16.67,33.0,0.296,5.0,15.15,6.0,18.18,0.794,0.074,30.91,11.72,18.62,30.34,23.46,13.16
744919,2024-06-27,2024,666182,R,664776,R,field_out,False,False,229.0,0.255,40.0,17.47,13.0,5.68,0.683,0.122,22.17,12.61,11.45,24.07,35.85,17.39,496.0,0.303,102.0,20.56,20.0,4.03,0.797,0.161,21.9,12.38,11.73,24.11,38.01,17.91,9.0,0.375,2.0,22.22,1.0,11.11,1.319,0.5,18.75,7.69,23.08,30.77,21.05,16.67,33.0,0.296,5.0,15.15,6.0,18.18,0.794,0.074,30.91,11.72,18.62,30.34,23.46,13.16
744919,2024-06-27,2024,643396,R,664776,R,hit_by_pitch,False,False,194.0,0.282,28.0,14.43,10.0,5.15,0.737,0.13,15.08,7.04,21.44,28.48,33.12,16.77,273.0,0.246,54.0,19.78,17.0,6.23,0.6479999999999999,0.1069999999999999,19.6,9.05,20.2,29.25,28.6,15.56,9.0,0.375,2.0,22.22,1.0,11.11,1.319,0.5,18.75,7.69,23.08,30.77,21.05,16.67,33.0,0.296,5.0,15.15,6.0,18.18,0.794,0.074,30.91,11.72,18.62,30.34,23.46,13.16
744919,2024-06-27,2024,665489,R,664776,R,field_out,False,False,288.0,0.297,51.0,17.71,28.0,9.72,0.8160000000000001,0.15100000000000002,24.27,11.66,15.43,27.08,26.86,14.57,558.0,0.26,85.0,15.23,48.0,8.6,0.792,0.2,23.83,12.29,11.94,24.23,30.21,15.37,9.0,0.375,2.0,22.22,1.0,11.11,1.319,0.5,18.75,7.69,23.08,30.77,21.05,16.67,33.0,0.296,5.0,15.15,6.0,18.18,0.794,0.074,30.91,11.72,18.62,30.34,23.46,13.16
744919,2024-06-27,2024,700250,L,670102,R,strikeout,True,False,15.0,0.417,0.0,0.0,2.0,13.33,0.884,0.0,15.15,7.25,10.14,17.39,26.32,0.0,,,,,,,,,,,,,,,62.0,0.218,12.0,19.35,6.0,9.68,0.615,0.091,20.33,9.88,14.62,24.51,23.14,16.44,73.0,0.197,13.0,17.81,2.0,2.74,0.557,0.141,14.29,7.34,17.83,25.17,34.33,14.29
744919,2024-06-27,2024,663330,R,670102,R,single,False,False,14.0,0.091,5.0,35.71,0.0,0.0,0.322,0.0,25.0,12.2,21.95,34.15,31.25,45.45,3.0,0.0,2.0,66.67,1.0,33.33,0.333,0.0,57.14,23.53,17.65,41.18,14.29,28.57,72.0,0.299,16.0,22.22,4.0,5.56,0.9289999999999999,0.283,20.77,10.55,16.41,26.95,23.48,21.33,63.0,0.145,22.0,34.92,6.0,9.52,0.5289999999999999,0.146,34.17,16.21,17.0,33.2,24.22,24.44
744919,2024-06-27,2024,669224,L,670102,R,field_out,False,False,130.0,0.207,26.0,20.0,15.0,11.54,0.633,0.12600000000000003,28.39,13.59,13.79,27.38,25.1,18.98,69.0,0.25,12.0,17.39,3.0,4.35,0.81,0.281,28.48,16.48,10.99,27.47,38.03,14.46,62.0,0.218,12.0,19.35,6.0,9.68,0.615,0.091,20.33,9.88,14.62,24.51,23.14,16.44,73.0,0.197,13.0,17.81,2.0,2.74,0.557,0.141,14.29,7.34,17.83,25.17,34.33,14.29
744919,2024-06-27,2024,665828,L,670102,R,field_out,False,False,150.0,0.245,28.0,18.67,8.0,5.33,0.663,0.136,17.71,8.29,18.65,26.94,30.74,15.82,261.0,0.215,51.0,19.54,22.0,8.43,0.567,0.0679999999999999,22.29,10.93,14.34,25.28,25.97,17.65,62.0,0.218,12.0,19.35,6.0,9.68,0.615,0.091,20.33,9.88,14.62,24.51,23.14,16.44,73.0,0.197,13.0,17.81,2.0,2.74,0.557,0.141,14.29,7.34,17.83,25.17,34.33,14.29
747020,2024-06-27,2024,543760,R,669203,R,single,False,False,249.0,0.211,34.0,13.65,20.0,8.03,0.621,0.13299999999999998,20.63,10.72,13.4,24.13,26.29,15.04,544.0,0.273,77.0,14.15,52.0,9.56,0.8360000000000001,0.2199999999999999,18.01,8.45,14.48,22.93,21.97,13.9,234.0,0.244,60.0,25.64,11.0,4.7,0.677,0.15400000000000003,31.1,15.76,15.65,31.41,36.23,23.17,396.0,0.229,88.0,22.22,26.0,6.57,0.677,0.158,27.84,13.46,15.95,29.41,29.79,18.68
747020,2024-06-27,2024,608369,L,669203,R,single,False,False,200.0,0.259,24.0,12.0,32.0,16.0,0.862,0.22299999999999998,20.67,10.14,7.81,17.95,24.8,12.77,370.0,0.333,55.0,14.86,42.0,11.35,1.075,0.334,23.9,12.77,6.35,19.12,27.26,15.8,161.0,0.155,34.0,21.12,13.0,8.07,0.44,0.061,23.49,10.51,18.47,28.98,28.88,18.99,388.0,0.17,112.0,28.87,40.0,10.31,0.515,0.087,29.82,13.15,18.05,31.21,30.03,25.51
747020,2024-06-27,2024,669701,L,669203,R,single,False,False,201.0,0.283,32.0,15.92,19.0,9.45,0.8400000000000001,0.17400000000000004,19.01,8.89,18.04,26.93,23.87,12.9,200.0,0.194,46.0,23.0,19.0,9.5,0.623,0.13,20.71,8.96,19.58,28.54,22.65,15.97,161.0,0.155,34.0,21.12,13.0,8.07,0.44,0.061,23.49,10.51,18.47,28.98,28.88,18.99,388.0,0.17,112.0,28.87,40.0,10.31,0.515,0.087,29.82,13.15,18.05,31.21,30.03,25.51
747020,2024-06-27,2024,666969,R,669203,R,strikeout,True,False,213.0,0.215,57.0,26.76,14.0,6.57,0.677,0.19000000000000003,35.37,17.99,12.28,30.27,33.76,25.91,480.0,0.245,138.0,28.75,41.0,8.54,0.8260000000000001,0.264,31.65,15.93,13.92,29.85,32.02,21.97,234.0,0.244,60.0,25.64,11.0,4.7,0.677,0.15400000000000003,31.1,15.76,15.65,31.41,36.23,23.17,396.0,0.229,88.0,22.22,26.0,6.57,0.677,0.158,27.84,13.46,15.95,29.41,29.79,18.68
747020,2024-06-27,2024,694671,R,669203,R,field_out,False,False,172.0,0.255,31.0,18.02,10.0,5.81,0.637,0.08000000000000002,20.13,8.97,19.23,28.21,24.16,13.78,,,,,,,,,,,,,,,234.0,0.244,60.0,25.64,11.0,4.7,0.677,0.15400000000000003,31.1,15.76,15.65,31.41,36.23,23.17,396.0,0.229,88.0,22.22,26.0,6.57,0.677,0.158,27.84,13.46,15.95,29.41,29.79,18.68
747020,2024-06-27,2024,683002,L,592351,R,single,False,False,248.0,0.292,53.0,21.37,25.0,10.08,1.0150000000000001,0.35200000000000004,24.03,10.94,15.0,25.94,22.38,21.2,455.0,0.272,117.0,25.71,38.0,8.35,0.885,0.277,25.57,12.07,15.7,27.78,26.4,22.35,144.0,0.276,31.0,21.53,16.0,11.11,0.8029999999999999,0.173,21.01,9.51,16.02,25.53,22.34,19.14,335.0,0.25,69.0,20.6,35.0,10.45,0.753,0.1709999999999999,23.27,11.0,15.21,26.21,28.53,18.96
747020,2024-06-27,2024,668939,L,592351,R,field_out,False,False,236.0,0.241,48.0,20.34,20.0,8.47,0.687,0.14100000000000001,20.76,9.6,19.71,29.31,32.37,16.27,496.0,0.267,80.0,16.13,61.0,12.3,0.778,0.1519999999999999,16.76,6.91,19.7,26.61,24.41,12.54,144.0,0.276,31.0,21.53,16.0,11.11,0.8029999999999999,0.173,21.01,9.51,16.02,25.53,22.34,19.14,335.0,0.25,69.0,20.6,35.0,10.45,0.753,0.1709999999999999,23.27,11.0,15.21,26.21,28.53,18.96
747020,2024-06-27,2024,656811,L,592351,R,walk,False,True,221.0,0.294,23.0,10.41,19.0,8.6,0.846,0.199,18.21,8.13,16.99,25.12,22.98,11.92,340.0,0.297,74.0,21.76,13.0,3.82,0.802,0.178,22.26,11.29,14.37,25.66,31.15,17.72,144.0,0.276,31.0,21.53,16.0,11.11,0.8029999999999999,0.173,21.01,9.51,16.02,25.53,22.34,19.14,335.0,0.25,69.0,20.6,35.0,10.45,0.753,0.1709999999999999,23.27,11.0,15.21,26.21,28.53,18.96
747020,2024-06-27,2024,663624,R,592351,R,field_out,False,False,223.0,0.267,52.0,23.32,13.0,5.83,0.77,0.194,24.27,13.36,11.76,25.11,36.38,19.26,310.0,0.235,78.0,25.16,22.0,7.1,0.6399999999999999,0.1139999999999999,29.78,16.05,13.56,29.61,37.06,21.61,155.0,0.225,37.0,23.87,3.0,1.94,0.5249999999999999,0.05999999999999997,31.55,17.27,15.2,32.47,38.93,19.79,324.0,0.262,73.0,22.53,19.0,5.86,0.6970000000000001,0.1169999999999999,29.56,16.06,15.52,31.58,36.67,22.88
747020,2024-06-27,2024,677008,L,592351,R,single,False,False,25.0,0.182,8.0,32.0,2.0,8.0,0.507,0.04500000000000001,32.81,19.09,12.73,31.82,38.89,20.51,32.0,0.241,10.0,31.25,2.0,6.25,0.7729999999999999,0.242,36.84,17.36,19.01,36.36,35.94,29.41,144.0,0.276,31.0,21.53,16.0,11.11,0.8029999999999999,0.173,21.01,9.51,16.02,25.53,22.34,19.14,335.0,0.25,69.0,20.6,35.0,10.45,0.753,0.1709999999999999,23.27,11.0,15.21,26.21,28.53,18.96
747020,2024-06-27,2024,676059,R,592351,R,double,False,False,229.0,0.306,43.0,18.78,13.0,5.68,0.907,0.23900000000000005,26.59,13.67,14.95,28.62,30.98,15.67,146.0,0.246,33.0,22.6,8.0,5.48,0.6779999999999999,0.142,22.97,11.73,16.25,27.98,29.59,19.76,155.0,0.225,37.0,23.87,3.0,1.94,0.5249999999999999,0.05999999999999997,31.55,17.27,15.2,32.47,38.93,19.79,324.0,0.262,73.0,22.53,19.0,5.86,0.6970000000000001,0.1169999999999999,29.56,16.06,15.52,31.58,36.67,22.88
747020,2024-06-27,2024,663993,L,669203,R,field_out,False,False,159.0,0.248,29.0,18.24,19.0,11.95,0.69,0.10199999999999998,15.16,6.41,17.86,24.27,25.51,14.87,505.0,0.279,113.0,22.38,69.0,13.66,0.833,0.172,19.81,8.64,15.62,24.26,19.45,16.87,161.0,0.155,34.0,21.12,13.0,8.07,0.44,0.061,23.49,10.51,18.47,28.98,28.88,18.99,388.0,0.17,112.0,28.87,40.0,10.31,0.515,0.087,29.82,13.15,18.05,31.21,30.03,25.51
747020,2024-06-27,2024,641680,L,669203,R,single,False,False,189.0,0.229,40.0,21.16,13.0,6.88,0.612,0.097,21.88,11.21,13.62,24.82,32.02,21.39,411.0,0.243,82.0,19.95,33.0,8.03,0.733,0.185,23.06,11.69,13.75,25.44,29.36,17.15,161.0,0.155,34.0,21.12,13.0,8.07,0.44,0.061,23.49,10.51,18.47,28.98,28.88,18.99,388.0,0.17,112.0,28.87,40.0,10.31,0.515,0.087,29.82,13.15,18.05,31.21,30.03,25.51
747020,2024-06-27,2024,656537,R,669203,R,strikeout,True,False,5.0,0.2,2.0,40.0,0.0,0.0,0.4,0.0,27.27,15.79,15.79,31.58,0.0,22.22,37.0,0.147,8.0,21.62,3.0,8.11,0.363,0.0,20.9,9.27,15.89,25.17,26.58,20.0,234.0,0.244,60.0,25.64,11.0,4.7,0.677,0.15400000000000003,31.1,15.76,15.65,31.41,36.23,23.17,396.0,0.229,88.0,22.22,26.0,6.57,0.677,0.158,27.84,13.46,15.95,29.41,29.79,18.68
747020,2024-06-27,2024,665750,L,669203,R,field_out,False,False,196.0,0.221,38.0,19.39,15.0,7.65,0.629,0.12699999999999997,24.34,12.53,14.71,27.25,32.79,17.27,405.0,0.275,86.0,21.23,25.0,6.17,0.767,0.174,24.9,12.5,15.05,27.55,29.44,18.34,161.0,0.155,34.0,21.12,13.0,8.07,0.44,0.061,23.49,10.51,18.47,28.98,28.88,18.99,388.0,0.17,112.0,28.87,40.0,10.31,0.515,0.087,29.82,13.15,18.05,31.21,30.03,25.51
747020,2024-06-27,2024,681297,L,592351,R,field_out,False,False,187.0,0.23,50.0,26.74,20.0,10.7,0.769,0.211,31.87,14.29,16.51,30.8,24.34,24.04,68.0,0.111,20.0,29.41,12.0,17.65,0.427,0.0369999999999999,26.67,10.98,17.07,28.05,21.51,17.7,144.0,0.276,31.0,21.53,16.0,11.11,0.8029999999999999,0.173,21.01,9.51,16.02,25.53,22.34,19.14,335.0,0.25,69.0,20.6,35.0,10.45,0.753,0.1709999999999999,23.27,11.0,15.21,26.21,28.53,18.96
747020,2024-06-27,2024,656775,L,592351,R,field_out,False,False,187.0,0.238,43.0,22.99,12.0,6.42,0.709,0.186,18.89,9.93,14.01,23.94,29.73,20.77,336.0,0.233,77.0,22.92,31.0,9.23,0.726,0.1889999999999999,26.24,13.25,14.23,27.48,28.99,18.95,144.0,0.276,31.0,21.53,16.0,11.11,0.8029999999999999,0.173,21.01,9.51,16.02,25.53,22.34,19.14,335.0,0.25,69.0,20.6,35.0,10.45,0.753,0.1709999999999999,23.27,11.0,15.21,26.21,28.53,18.96
747020,2024-06-27,2024,622761,R,592351,R,field_out,False,False,96.0,0.233,20.0,20.83,4.0,4.17,0.653,0.162,24.12,12.53,15.67,28.2,32.63,16.24,214.0,0.178,59.0,27.57,13.0,6.07,0.515,0.1099999999999999,30.51,15.04,17.45,32.49,35.45,26.94,155.0,0.225,37.0,23.87,3.0,1.94,0.5249999999999999,0.05999999999999997,31.55,17.27,15.2,32.47,38.93,19.79,324.0,0.262,73.0,22.53,19.0,5.86,0.6970000000000001,0.1169999999999999,29.56,16.06,15.52,31.58,36.67,22.88
747020,2024-06-27,2024,543760,R,669203,R,field_out,False,False,249.0,0.211,34.0,13.65,20.0,8.03,0.621,0.13299999999999998,20.63,10.72,13.4,24.13,26.29,15.04,544.0,0.273,77.0,14.15,52.0,9.56,0.8360000000000001,0.2199999999999999,18.01,8.45,14.48,22.93,21.97,13.9,234.0,0.244,60.0,25.64,11.0,4.7,0.677,0.15400000000000003,31.1,15.76,15.65,31.41,36.23,23.17,396.0,0.229,88.0,22.22,26.0,6.57,0.677,0.158,27.84,13.46,15.95,29.41,29.79,18.68
747020,2024-06-27,2024,608369,L,669203,R,field_out,False,False,200.0,0.259,24.0,12.0,32.0,16.0,0.862,0.22299999999999998,20.67,10.14,7.81,17.95,24.8,12.77,370.0,0.333,55.0,14.86,42.0,11.35,1.075,0.334,23.9,12.77,6.35,19.12,27.26,15.8,161.0,0.155,34.0,21.12,13.0,8.07,0.44,0.061,23.49,10.51,18.47,28.98,28.88,18.99,388.0,0.17,112.0,28.87,40.0,10.31,0.515,0.087,29.82,13.15,18.05,31.21,30.03,25.51
747020,2024-06-27,2024,669701,L,669203,R,strikeout,True,False,201.0,0.283,32.0,15.92,19.0,9.45,0.8400000000000001,0.17400000000000004,19.01,8.89,18.04,26.93,23.87,12.9,200.0,0.194,46.0,23.0,19.0,9.5,0.623,0.13,20.71,8.96,19.58,28.54,22.65,15.97,161.0,0.155,34.0,21.12,13.0,8.07,0.44,0.061,23.49,10.51,18.47,28.98,28.88,18.99,388.0,0.17,112.0,28.87,40.0,10.31,0.515,0.087,29.82,13.15,18.05,31.21,30.03,25.51
747020,2024-06-27,2024,683002,L,592351,R,single,False,False,248.0,0.292,53.0,21.37,25.0,10.08,1.0150000000000001,0.35200000000000004,24.03,10.94,15.0,25.94,22.38,21.2,455.0,0.272,117.0,25.71,38.0,8.35,0.885,0.277,25.57,12.07,15.7,27.78,26.4,22.35,144.0,0.276,31.0,21.53,16.0,11.11,0.8029999999999999,0.173,21.01,9.51,16.02,25.53,22.34,19.14,335.0,0.25,69.0,20.6,35.0,10.45,0.753,0.1709999999999999,23.27,11.0,15.21,26.21,28.53,18.96
747020,2024-06-27,2024,668939,L,592351,R,field_out,False,False,236.0,0.241,48.0,20.34,20.0,8.47,0.687,0.14100000000000001,20.76,9.6,19.71,29.31,32.37,16.27,496.0,0.267,80.0,16.13,61.0,12.3,0.778,0.1519999999999999,16.76,6.91,19.7,26.61,24.41,12.54,144.0,0.276,31.0,21.53,16.0,11.11,0.8029999999999999,0.173,21.01,9.51,16.02,25.53,22.34,19.14,335.0,0.25,69.0,20.6,35.0,10.45,0.753,0.1709999999999999,23.27,11.0,15.21,26.21,28.53,18.96
747020,2024-06-27,2024,656811,L,592351,R,single,False,False,221.0,0.294,23.0,10.41,19.0,8.6,0.846,0.199,18.21,8.13,16.99,25.12,22.98,11.92,340.0,0.297,74.0,21.76,13.0,3.82,0.802,0.178,22.26,11.29,14.37,25.66,31.15,17.72,144.0,0.276,31.0,21.53,16.0,11.11,0.8029999999999999,0.173,21.01,9.51,16.02,25.53,22.34,19.14,335.0,0.25,69.0,20.6,35.0,10.45,0.753,0.1709999999999999,23.27,11.0,15.21,26.21,28.53,18.96
747020,2024-06-27,2024,663624,R,592351,R,sac_fly,False,False,223.0,0.267,52.0,23.32,13.0,5.83,0.77,0.194,24.27,13.36,11.76,25.11,36.38,19.26,310.0,0.235,78.0,25.16,22.0,7.1,0.6399999999999999,0.1139999999999999,29.78,16.05,13.56,29.61,37.06,21.61,155.0,0.225,37.0,23.87,3.0,1.94,0.5249999999999999,0.05999999999999997,31.55,17.27,15.2,32.47,38.93,19.79,324.0,0.262,73.0,22.53,19.0,5.86,0.6970000000000001,0.1169999999999999,29.56,16.06,15.52,31.58,36.67,22.88
747020,2024-06-27,2024,677008,L,592351,R,home_run,False,False,25.0,0.182,8.0,32.0,2.0,8.0,0.507,0.04500000000000001,32.81,19.09,12.73,31.82,38.89,20.51,32.0,0.241,10.0,31.25,2.0,6.25,0.7729999999999999,0.242,36.84,17.36,19.01,36.36,35.94,29.41,144.0,0.276,31.0,21.53,16.0,11.11,0.8029999999999999,0.173,21.01,9.51,16.02,25.53,22.34,19.14,335.0,0.25,69.0,20.6,35.0,10.45,0.753,0.1709999999999999,23.27,11.0,15.21,26.21,28.53,18.96
747020,2024-06-27,2024,676059,R,592351,R,field_out,False,False,229.0,0.306,43.0,18.78,13.0,5.68,0.907,0.23900000000000005,26.59,13.67,14.95,28.62,30.98,15.67,146.0,0.246,33.0,22.6,8.0,5.48,0.6779999999999999,0.142,22.97,11.73,16.25,27.98,29.59,19.76,155.0,0.225,37.0,23.87,3.0,1.94,0.5249999999999999,0.05999999999999997,31.55,17.27,15.2,32.47,38.93,19.79,324.0,0.262,73.0,22.53,19.0,5.86,0.6970000000000001,0.1169999999999999,29.56,16.06,15.52,31.58,36.67,22.88
747020,2024-06-27,2024,666969,R,669203,R,home_run,False,False,213.0,0.215,57.0,26.76,14.0,6.57,0.677,0.19000000000000003,35.37,17.99,12.28,30.27,33.76,25.91,480.0,0.245,138.0,28.75,41.0,8.54,0.8260000000000001,0.264,31.65,15.93,13.92,29.85,32.02,21.97,234.0,0.244,60.0,25.64,11.0,4.7,0.677,0.15400000000000003,31.1,15.76,15.65,31.41,36.23,23.17,396.0,0.229,88.0,22.22,26.0,6.57,0.677,0.158,27.84,13.46,15.95,29.41,29.79,18.68
747020,2024-06-27,2024,694671,R,669203,R,field_out,False,False,172.0,0.255,31.0,18.02,10.0,5.81,0.637,0.08000000000000002,20.13,8.97,19.23,28.21,24.16,13.78,,,,,,,,,,,,,,,234.0,0.244,60.0,25.64,11.0,4.7,0.677,0.15400000000000003,31.1,15.76,15.65,31.41,36.23,23.17,396.0,0.229,88.0,22.22,26.0,6.57,0.677,0.158,27.84,13.46,15.95,29.41,29.79,18.68
747020,2024-06-27,2024,663993,L,669203,R,field_out,False,False,159.0,0.248,29.0,18.24,19.0,11.95,0.69,0.10199999999999998,15.16,6.41,17.86,24.27,25.51,14.87,505.0,0.279,113.0,22.38,69.0,13.66,0.833,0.172,19.81,8.64,15.62,24.26,19.45,16.87,161.0,0.155,34.0,21.12,13.0,8.07,0.44,0.061,23.49,10.51,18.47,28.98,28.88,18.99,388.0,0.17,112.0,28.87,40.0,10.31,0.515,0.087,29.82,13.15,18.05,31.21,30.03,25.51
747020,2024-06-27,2024,641680,L,669203,R,field_out,False,False,189.0,0.229,40.0,21.16,13.0,6.88,0.612,0.097,21.88,11.21,13.62,24.82,32.02,21.39,411.0,0.243,82.0,19.95,33.0,8.03,0.733,0.185,23.06,11.69,13.75,25.44,29.36,17.15,161.0,0.155,34.0,21.12,13.0,8.07,0.44,0.061,23.49,10.51,18.47,28.98,28.88,18.99,388.0,0.17,112.0,28.87,40.0,10.31,0.515,0.087,29.82,13.15,18.05,31.21,30.03,25.51
747020,2024-06-27,2024,681297,L,592351,R,double,False,False,187.0,0.23,50.0,26.74,20.0,10.7,0.769,0.211,31.87,14.29,16.51,30.8,24.34,24.04,68.0,0.111,20.0,29.41,12.0,17.65,0.427,0.0369999999999999,26.67,10.98,17.07,28.05,21.51,17.7,144.0,0.276,31.0,21.53,16.0,11.11,0.8029999999999999,0.173,21.01,9.51,16.02,25.53,22.34,19.14,335.0,0.25,69.0,20.6,35.0,10.45,0.753,0.1709999999999999,23.27,11.0,15.21,26.21,28.53,18.96
747020,2024-06-27,2024,656775,L,592351,R,home_run,False,False,187.0,0.238,43.0,22.99,12.0,6.42,0.709,0.186,18.89,9.93,14.01,23.94,29.73,20.77,336.0,0.233,77.0,22.92,31.0,9.23,0.726,0.1889999999999999,26.24,13.25,14.23,27.48,28.99,18.95,144.0,0.276,31.0,21.53,16.0,11.11,0.8029999999999999,0.173,21.01,9.51,16.02,25.53,22.34,19.14,335.0,0.25,69.0,20.6,35.0,10.45,0.753,0.1709999999999999,23.27,11.0,15.21,26.21,28.53,18.96
747020,2024-06-27,2024,622761,R,592351,R,strikeout,True,False,96.0,0.233,20.0,20.83,4.0,4.17,0.653,0.162,24.12,12.53,15.67,28.2,32.63,16.24,214.0,0.178,59.0,27.57,13.0,6.07,0.515,0.1099999999999999,30.51,15.04,17.45,32.49,35.45,26.94,155.0,0.225,37.0,23.87,3.0,1.94,0.5249999999999999,0.05999999999999997,31.55,17.27,15.2,32.47,38.93,19.79,324.0,0.262,73.0,22.53,19.0,5.86,0.6970000000000001,0.1169999999999999,29.56,16.06,15.52,31.58,36.67,22.88
747020,2024-06-27,2024,683002,L,592351,R,field_out,False,False,248.0,0.292,53.0,21.37,25.0,10.08,1.0150000000000001,0.35200000000000004,24.03,10.94,15.0,25.94,22.38,21.2,455.0,0.272,117.0,25.71,38.0,8.35,0.885,0.277,25.57,12.07,15.7,27.78,26.4,22.35,144.0,0.276,31.0,21.53,16.0,11.11,0.8029999999999999,0.173,21.01,9.51,16.02,25.53,22.34,19.14,335.0,0.25,69.0,20.6,35.0,10.45,0.753,0.1709999999999999,23.27,11.0,15.21,26.21,28.53,18.96
747020,2024-06-27,2024,668939,L,592351,R,single,False,False,236.0,0.241,48.0,20.34,20.0,8.47,0.687,0.14100000000000001,20.76,9.6,19.71,29.31,32.37,16.27,496.0,0.267,80.0,16.13,61.0,12.3,0.778,0.1519999999999999,16.76,6.91,19.7,26.61,24.41,12.54,144.0,0.276,31.0,21.53,16.0,11.11,0.8029999999999999,0.173,21.01,9.51,16.02,25.53,22.34,19.14,335.0,0.25,69.0,20.6,35.0,10.45,0.753,0.1709999999999999,23.27,11.0,15.21,26.21,28.53,18.96
747020,2024-06-27,2024,656811,L,592351,R,field_out,False,False,221.0,0.294,23.0,10.41,19.0,8.6,0.846,0.199,18.21,8.13,16.99,25.12,22.98,11.92,340.0,0.297,74.0,21.76,13.0,3.82,0.802,0.178,22.26,11.29,14.37,25.66,31.15,17.72,144.0,0.276,31.0,21.53,16.0,11.11,0.8029999999999999,0.173,21.01,9.51,16.02,25.53,22.34,19.14,335.0,0.25,69.0,20.6,35.0,10.45,0.753,0.1709999999999999,23.27,11.0,15.21,26.21,28.53,18.96
747020,2024-06-27,2024,656537,R,669203,R,field_out,False,False,5.0,0.2,2.0,40.0,0.0,0.0,0.4,0.0,27.27,15.79,15.79,31.58,0.0,22.22,37.0,0.147,8.0,21.62,3.0,8.11,0.363,0.0,20.9,9.27,15.89,25.17,26.58,20.0,234.0,0.244,60.0,25.64,11.0,4.7,0.677,0.15400000000000003,31.1,15.76,15.65,31.41,36.23,23.17,396.0,0.229,88.0,22.22,26.0,6.57,0.677,0.158,27.84,13.46,15.95,29.41,29.79,18.68
747020,2024-06-27,2024,665750,L,669203,R,single,False,False,196.0,0.221,38.0,19.39,15.0,7.65,0.629,0.12699999999999997,24.34,12.53,14.71,27.25,32.79,17.27,405.0,0.275,86.0,21.23,25.0,6.17,0.767,0.174,24.9,12.5,15.05,27.55,29.44,18.34,161.0,0.155,34.0,21.12,13.0,8.07,0.44,0.061,23.49,10.51,18.47,28.98,28.88,18.99,388.0,0.17,112.0,28.87,40.0,10.31,0.515,0.087,29.82,13.15,18.05,31.21,30.03,25.51
747020,2024-06-27,2024,543760,R,669203,R,field_out,False,False,249.0,0.211,34.0,13.65,20.0,8.03,0.621,0.13299999999999998,20.63,10.72,13.4,24.13,26.29,15.04,544.0,0.273,77.0,14.15,52.0,9.56,0.8360000000000001,0.2199999999999999,18.01,8.45,14.48,22.93,21.97,13.9,234.0,0.244,60.0,25.64,11.0,4.7,0.677,0.15400000000000003,31.1,15.76,15.65,31.41,36.23,23.17,396.0,0.229,88.0,22.22,26.0,6.57,0.677,0.158,27.84,13.46,15.95,29.41,29.79,18.68
747020,2024-06-27,2024,608369,L,669203,R,single,False,False,200.0,0.259,24.0,12.0,32.0,16.0,0.862,0.22299999999999998,20.67,10.14,7.81,17.95,24.8,12.77,370.0,0.333,55.0,14.86,42.0,11.35,1.075,0.334,23.9,12.77,6.35,19.12,27.26,15.8,161.0,0.155,34.0,21.12,13.0,8.07,0.44,0.061,23.49,10.51,18.47,28.98,28.88,18.99,388.0,0.17,112.0,28.87,40.0,10.31,0.515,0.087,29.82,13.15,18.05,31.21,30.03,25.51
747020,2024-06-27,2024,669701,L,669203,R,force_out,False,False,201.0,0.283,32.0,15.92,19.0,9.45,0.8400000000000001,0.17400000000000004,19.01,8.89,18.04,26.93,23.87,12.9,200.0,0.194,46.0,23.0,19.0,9.5,0.623,0.13,20.71,8.96,19.58,28.54,22.65,15.97,161.0,0.155,34.0,21.12,13.0,8.07,0.44,0.061,23.49,10.51,18.47,28.98,28.88,18.99,388.0,0.17,112.0,28.87,40.0,10.31,0.515,0.087,29.82,13.15,18.05,31.21,30.03,25.51
747020,2024-06-27,2024,663624,R,592351,R,field_out,False,False,223.0,0.267,52.0,23.32,13.0,5.83,0.77,0.194,24.27,13.36,11.76,25.11,36.38,19.26,310.0,0.235,78.0,25.16,22.0,7.1,0.6399999999999999,0.1139999999999999,29.78,16.05,13.56,29.61,37.06,21.61,155.0,0.225,37.0,23.87,3.0,1.94,0.5249999999999999,0.05999999999999997,31.55,17.27,15.2,32.47,38.93,19.79,324.0,0.262,73.0,22.53,19.0,5.86,0.6970000000000001,0.1169999999999999,29.56,16.06,15.52,31.58,36.67,22.88
747020,2024-06-27,2024,677008,L,592351,R,field_out,False,False,25.0,0.182,8.0,32.0,2.0,8.0,0.507,0.04500000000000001,32.81,19.09,12.73,31.82,38.89,20.51,32.0,0.241,10.0,31.25,2.0,6.25,0.7729999999999999,0.242,36.84,17.36,19.01,36.36,35.94,29.41,144.0,0.276,31.0,21.53,16.0,11.11,0.8029999999999999,0.173,21.01,9.51,16.02,25.53,22.34,19.14,335.0,0.25,69.0,20.6,35.0,10.45,0.753,0.1709999999999999,23.27,11.0,15.21,26.21,28.53,18.96
747020,2024-06-27,2024,676059,R,592351,R,field_out,False,False,229.0,0.306,43.0,18.78,13.0,5.68,0.907,0.23900000000000005,26.59,13.67,14.95,28.62,30.98,15.67,146.0,0.246,33.0,22.6,8.0,5.48,0.6779999999999999,0.142,22.97,11.73,16.25,27.98,29.59,19.76,155.0,0.225,37.0,23.87,3.0,1.94,0.5249999999999999,0.05999999999999997,31.55,17.27,15.2,32.47,38.93,19.79,324.0,0.262,73.0,22.53,19.0,5.86,0.6970000000000001,0.1169999999999999,29.56,16.06,15.52,31.58,36.67,22.88
747020,2024-06-27,2024,666969,R,669203,R,field_out,False,False,213.0,0.215,57.0,26.76,14.0,6.57,0.677,0.19000000000000003,35.37,17.99,12.28,30.27,33.76,25.91,480.0,0.245,138.0,28.75,41.0,8.54,0.8260000000000001,0.264,31.65,15.93,13.92,29.85,32.02,21.97,234.0,0.244,60.0,25.64,11.0,4.7,0.677,0.15400000000000003,31.1,15.76,15.65,31.41,36.23,23.17,396.0,0.229,88.0,22.22,26.0,6.57,0.677,0.158,27.84,13.46,15.95,29.41,29.79,18.68
747020,2024-06-27,2024,694671,R,669203,R,field_out,False,False,172.0,0.255,31.0,18.02,10.0,5.81,0.637,0.08000000000000002,20.13,8.97,19.23,28.21,24.16,13.78,,,,,,,,,,,,,,,234.0,0.244,60.0,25.64,11.0,4.7,0.677,0.15400000000000003,31.1,15.76,15.65,31.41,36.23,23.17,396.0,0.229,88.0,22.22,26.0,6.57,0.677,0.158,27.84,13.46,15.95,29.41,29.79,18.68
747020,2024-06-27,2024,663993,L,669203,R,strikeout,True,False,159.0,0.248,29.0,18.24,19.0,11.95,0.69,0.10199999999999998,15.16,6.41,17.86,24.27,25.51,14.87,505.0,0.279,113.0,22.38,69.0,13.66,0.833,0.172,19.81,8.64,15.62,24.26,19.45,16.87,161.0,0.155,34.0,21.12,13.0,8.07,0.44,0.061,23.49,10.51,18.47,28.98,28.88,18.99,388.0,0.17,112.0,28.87,40.0,10.31,0.515,0.087,29.82,13.15,18.05,31.21,30.03,25.51
747020,2024-06-27,2024,681297,L,642546,R,field_out,False,False,187.0,0.23,50.0,26.74,20.0,10.7,0.769,0.211,31.87,14.29,16.51,30.8,24.34,24.04,68.0,0.111,20.0,29.41,12.0,17.65,0.427,0.0369999999999999,26.67,10.98,17.07,28.05,21.51,17.7,53.0,0.279,11.0,20.75,10.0,18.87,0.88,0.186,31.87,13.94,15.87,29.81,29.84,20.0,55.0,0.196,12.0,21.82,6.0,10.91,0.5760000000000001,0.065,30.53,13.55,14.49,28.04,29.31,20.69
747020,2024-06-27,2024,656775,L,642546,R,double,False,False,187.0,0.238,43.0,22.99,12.0,6.42,0.709,0.186,18.89,9.93,14.01,23.94,29.73,20.77,336.0,0.233,77.0,22.92,31.0,9.23,0.726,0.1889999999999999,26.24,13.25,14.23,27.48,28.99,18.95,53.0,0.279,11.0,20.75,10.0,18.87,0.88,0.186,31.87,13.94,15.87,29.81,29.84,20.0,55.0,0.196,12.0,21.82,6.0,10.91,0.5760000000000001,0.065,30.53,13.55,14.49,28.04,29.31,20.69
747020,2024-06-27,2024,622761,R,642546,R,field_out,False,False,96.0,0.233,20.0,20.83,4.0,4.17,0.653,0.162,24.12,12.53,15.67,28.2,32.63,16.24,214.0,0.178,59.0,27.57,13.0,6.07,0.515,0.1099999999999999,30.51,15.04,17.45,32.49,35.45,26.94,70.0,0.224,16.0,22.86,12.0,17.14,0.667,0.086,33.09,14.75,14.43,29.18,29.51,15.38,92.0,0.329,22.0,23.91,9.0,9.78,0.934,0.203,29.73,12.83,19.24,32.07,27.13,23.91
747020,2024-06-27,2024,683002,L,642546,R,field_out,False,False,248.0,0.292,53.0,21.37,25.0,10.08,1.0150000000000001,0.35200000000000004,24.03,10.94,15.0,25.94,22.38,21.2,455.0,0.272,117.0,25.71,38.0,8.35,0.885,0.277,25.57,12.07,15.7,27.78,26.4,22.35,53.0,0.279,11.0,20.75,10.0,18.87,0.88,0.186,31.87,13.94,15.87,29.81,29.84,20.0,55.0,0.196,12.0,21.82,6.0,10.91,0.5760000000000001,0.065,30.53,13.55,14.49,28.04,29.31,20.69
747020,2024-06-27,2024,641680,L,669203,R,field_out,False,False,189.0,0.229,40.0,21.16,13.0,6.88,0.612,0.097,21.88,11.21,13.62,24.82,32.02,21.39,411.0,0.243,82.0,19.95,33.0,8.03,0.733,0.185,23.06,11.69,13.75,25.44,29.36,17.15,161.0,0.155,34.0,21.12,13.0,8.07,0.44,0.061,23.49,10.51,18.47,28.98,28.88,18.99,388.0,0.17,112.0,28.87,40.0,10.31,0.515,0.087,29.82,13.15,18.05,31.21,30.03,25.51
747020,2024-06-27,2024,656537,R,669203,R,single,False,False,5.0,0.2,2.0,40.0,0.0,0.0,0.4,0.0,27.27,15.79,15.79,31.58,0.0,22.22,37.0,0.147,8.0,21.62,3.0,8.11,0.363,0.0,20.9,9.27,15.89,25.17,26.58,20.0,234.0,0.244,60.0,25.64,11.0,4.7,0.677,0.15400000000000003,31.1,15.76,15.65,31.41,36.23,23.17,396.0,0.229,88.0,22.22,26.0,6.57,0.677,0.158,27.84,13.46,15.95,29.41,29.79,18.68
747020,2024-06-27,2024,665750,L,669203,R,single,False,False,196.0,0.221,38.0,19.39,15.0,7.65,0.629,0.12699999999999997,24.34,12.53,14.71,27.25,32.79,17.27,405.0,0.275,86.0,21.23,25.0,6.17,0.767,0.174,24.9,12.5,15.05,27.55,29.44,18.34,161.0,0.155,34.0,21.12,13.0,8.07,0.44,0.061,23.49,10.51,18.47,28.98,28.88,18.99,388.0,0.17,112.0,28.87,40.0,10.31,0.515,0.087,29.82,13.15,18.05,31.21,30.03,25.51
747020,2024-06-27,2024,543760,R,669203,R,force_out,False,False,249.0,0.211,34.0,13.65,20.0,8.03,0.621,0.13299999999999998,20.63,10.72,13.4,24.13,26.29,15.04,544.0,0.273,77.0,14.15,52.0,9.56,0.8360000000000001,0.2199999999999999,18.01,8.45,14.48,22.93,21.97,13.9,234.0,0.244,60.0,25.64,11.0,4.7,0.677,0.15400000000000003,31.1,15.76,15.65,31.41,36.23,23.17,396.0,0.229,88.0,22.22,26.0,6.57,0.677,0.158,27.84,13.46,15.95,29.41,29.79,18.68
747020,2024-06-27,2024,608369,L,669203,R,strikeout,True,False,200.0,0.259,24.0,12.0,32.0,16.0,0.862,0.22299999999999998,20.67,10.14,7.81,17.95,24.8,12.77,370.0,0.333,55.0,14.86,42.0,11.35,1.075,0.334,23.9,12.77,6.35,19.12,27.26,15.8,161.0,0.155,34.0,21.12,13.0,8.07,0.44,0.061,23.49,10.51,18.47,28.98,28.88,18.99,388.0,0.17,112.0,28.87,40.0,10.31,0.515,0.087,29.82,13.15,18.05,31.21,30.03,25.51
747020,2024-06-27,2024,668939,L,642546,R,home_run,False,False,236.0,0.241,48.0,20.34,20.0,8.47,0.687,0.14100000000000001,20.76,9.6,19.71,29.31,32.37,16.27,496.0,0.267,80.0,16.13,61.0,12.3,0.778,0.1519999999999999,16.76,6.91,19.7,26.61,24.41,12.54,53.0,0.279,11.0,20.75,10.0,18.87,0.88,0.186,31.87,13.94,15.87,29.81,29.84,20.0,55.0,0.196,12.0,21.82,6.0,10.91,0.5760000000000001,0.065,30.53,13.55,14.49,28.04,29.31,20.69
747020,2024-06-27,2024,656811,L,642546,R,field_out,False,False,221.0,0.294,23.0,10.41,19.0,8.6,0.846,0.199,18.21,8.13,16.99,25.12,22.98,11.92,340.0,0.297,74.0,21.76,13.0,3.82,0.802,0.178,22.26,11.29,14.37,25.66,31.15,17.72,53.0,0.279,11.0,20.75,10.0,18.87,0.88,0.186,31.87,13.94,15.87,29.81,29.84,20.0,55.0,0.196,12.0,21.82,6.0,10.91,0.5760000000000001,0.065,30.53,13.55,14.49,28.04,29.31,20.69
747020,2024-06-27,2024,663624,R,642546,R,strikeout,True,False,223.0,0.267,52.0,23.32,13.0,5.83,0.77,0.194,24.27,13.36,11.76,25.11,36.38,19.26,310.0,0.235,78.0,25.16,22.0,7.1,0.6399999999999999,0.1139999999999999,29.78,16.05,13.56,29.61,37.06,21.61,70.0,0.224,16.0,22.86,12.0,17.14,0.667,0.086,33.09,14.75,14.43,29.18,29.51,15.38,92.0,0.329,22.0,23.91,9.0,9.78,0.934,0.203,29.73,12.83,19.24,32.07,27.13,23.91
747020,2024-06-27,2024,677008,L,642546,R,walk,False,True,25.0,0.182,8.0,32.0,2.0,8.0,0.507,0.04500000000000001,32.81,19.09,12.73,31.82,38.89,20.51,32.0,0.241,10.0,31.25,2.0,6.25,0.7729999999999999,0.242,36.84,17.36,19.01,36.36,35.94,29.41,53.0,0.279,11.0,20.75,10.0,18.87,0.88,0.186,31.87,13.94,15.87,29.81,29.84,20.0,55.0,0.196,12.0,21.82,6.0,10.91,0.5760000000000001,0.065,30.53,13.55,14.49,28.04,29.31,20.69
747020,2024-06-27,2024,676059,R,642546,R,strikeout,True,False,229.0,0.306,43.0,18.78,13.0,5.68,0.907,0.23900000000000005,26.59,13.67,14.95,28.62,30.98,15.67,146.0,0.246,33.0,22.6,8.0,5.48,0.6779999999999999,0.142,22.97,11.73,16.25,27.98,29.59,19.76,70.0,0.224,16.0,22.86,12.0,17.14,0.667,0.086,33.09,14.75,14.43,29.18,29.51,15.38,92.0,0.329,22.0,23.91,9.0,9.78,0.934,0.203,29.73,12.83,19.24,32.07,27.13,23.91
747020,2024-06-27,2024,669701,L,641329,R,double,False,False,201.0,0.283,32.0,15.92,19.0,9.45,0.8400000000000001,0.17400000000000004,19.01,8.89,18.04,26.93,23.87,12.9,200.0,0.194,46.0,23.0,19.0,9.5,0.623,0.13,20.71,8.96,19.58,28.54,22.65,15.97,10.0,0.111,0.0,0.0,1.0,10.0,0.311,0.0,11.54,6.0,10.0,16.0,24.0,0.0,61.0,0.143,21.0,34.43,10.0,16.39,0.507,0.081,28.46,12.73,13.45,26.18,21.05,23.86
747020,2024-06-27,2024,666969,R,641329,R,field_out,False,False,213.0,0.215,57.0,26.76,14.0,6.57,0.677,0.19000000000000003,35.37,17.99,12.28,30.27,33.76,25.91,480.0,0.245,138.0,28.75,41.0,8.54,0.8260000000000001,0.264,31.65,15.93,13.92,29.85,32.02,21.97,17.0,0.235,3.0,17.65,0.0,0.0,0.647,0.177,13.79,6.15,21.54,27.69,28.0,15.79,126.0,0.241,30.0,23.81,14.0,11.11,0.72,0.148,21.26,10.42,14.29,24.71,26.82,15.96
747020,2024-06-27,2024,694671,R,641329,R,strikeout,True,False,172.0,0.255,31.0,18.02,10.0,5.81,0.637,0.08000000000000002,20.13,8.97,19.23,28.21,24.16,13.78,,,,,,,,,,,,,,,17.0,0.235,3.0,17.65,0.0,0.0,0.647,0.177,13.79,6.15,21.54,27.69,28.0,15.79,126.0,0.241,30.0,23.81,14.0,11.11,0.72,0.148,21.26,10.42,14.29,24.71,26.82,15.96
747020,2024-06-27,2024,663993,L,641329,R,single,False,False,159.0,0.248,29.0,18.24,19.0,11.95,0.69,0.10199999999999998,15.16,6.41,17.86,24.27,25.51,14.87,505.0,0.279,113.0,22.38,69.0,13.66,0.833,0.172,19.81,8.64,15.62,24.26,19.45,16.87,10.0,0.111,0.0,0.0,1.0,10.0,0.311,0.0,11.54,6.0,10.0,16.0,24.0,0.0,61.0,0.143,21.0,34.43,10.0,16.39,0.507,0.081,28.46,12.73,13.45,26.18,21.05,23.86
747020,2024-06-27,2024,641680,L,641329,R,single,False,False,189.0,0.229,40.0,21.16,13.0,6.88,0.612,0.097,21.88,11.21,13.62,24.82,32.02,21.39,411.0,0.243,82.0,19.95,33.0,8.03,0.733,0.185,23.06,11.69,13.75,25.44,29.36,17.15,10.0,0.111,0.0,0.0,1.0,10.0,0.311,0.0,11.54,6.0,10.0,16.0,24.0,0.0,61.0,0.143,21.0,34.43,10.0,16.39,0.507,0.081,28.46,12.73,13.45,26.18,21.05,23.86
747020,2024-06-27,2024,656537,R,641329,R,strikeout,True,False,5.0,0.2,2.0,40.0,0.0,0.0,0.4,0.0,27.27,15.79,15.79,31.58,0.0,22.22,37.0,0.147,8.0,21.62,3.0,8.11,0.363,0.0,20.9,9.27,15.89,25.17,26.58,20.0,17.0,0.235,3.0,17.65,0.0,0.0,0.647,0.177,13.79,6.15,21.54,27.69,28.0,15.79,126.0,0.241,30.0,23.81,14.0,11.11,0.72,0.148,21.26,10.42,14.29,24.71,26.82,15.96
747020,2024-06-27,2024,681297,L,656271,L,home_run,False,False,64.0,0.214,24.0,37.5,4.0,6.25,0.679,0.17900000000000002,33.94,14.18,21.46,35.63,19.05,28.57,9.0,0.143,2.0,22.22,1.0,11.11,0.476,0.0,25.0,8.11,27.03,35.14,15.79,18.18,15.0,0.385,6.0,40.0,1.0,6.67,1.236,0.384,29.17,13.21,18.87,32.08,24.0,50.0,83.0,0.291,23.0,27.71,3.0,3.61,0.731,0.127,26.62,13.26,17.92,31.18,24.58,31.08
747020,2024-06-27,2024,656775,L,656271,L,single,False,False,59.0,0.14,12.0,20.34,1.0,1.69,0.397,0.088,18.42,9.81,14.95,24.77,28.12,21.43,120.0,0.233,24.0,20.0,12.0,10.0,0.708,0.165,20.83,9.68,19.35,29.03,20.0,14.81,15.0,0.385,6.0,40.0,1.0,6.67,1.236,0.384,29.17,13.21,18.87,32.08,24.0,50.0,83.0,0.291,23.0,27.71,3.0,3.61,0.731,0.127,26.62,13.26,17.92,31.18,24.58,31.08
747020,2024-06-27,2024,622761,R,656271,L,single,False,False,70.0,0.25,18.0,25.71,5.0,7.14,0.845,0.281,20.86,10.32,16.01,26.33,31.03,18.95,138.0,0.276,23.0,16.67,9.0,6.52,0.745,0.1409999999999999,24.81,12.67,15.88,28.54,31.42,15.23,22.0,0.278,5.0,22.73,4.0,18.18,0.798,0.11099999999999999,32.43,14.12,14.12,28.24,19.05,29.41,167.0,0.261,29.0,17.37,6.0,3.59,0.792,0.236,20.63,12.02,10.94,22.96,32.86,13.36
747020,2024-06-27,2024,683002,L,656271,L,force_out,False,False,114.0,0.278,30.0,26.32,20.0,17.54,0.9770000000000001,0.278,29.38,11.21,18.75,29.96,17.23,23.08,167.0,0.209,42.0,25.15,18.0,10.78,0.617,0.115,28.77,12.92,19.54,32.46,27.19,20.79,15.0,0.385,6.0,40.0,1.0,6.67,1.236,0.384,29.17,13.21,18.87,32.08,24.0,50.0,83.0,0.291,23.0,27.71,3.0,3.61,0.731,0.127,26.62,13.26,17.92,31.18,24.58,31.08
747020,2024-06-27,2024,668939,R,656271,L,sac_fly,False,False,107.0,0.416,15.0,14.02,6.0,5.61,1.102,0.23700000000000004,18.78,7.98,22.3,30.28,25.12,13.51,191.0,0.304,21.0,10.99,31.0,16.23,0.895,0.177,12.46,4.9,20.56,25.46,20.79,8.71,22.0,0.278,5.0,22.73,4.0,18.18,0.798,0.11099999999999999,32.43,14.12,14.12,28.24,19.05,29.41,167.0,0.261,29.0,17.37,6.0,3.59,0.792,0.236,20.63,12.02,10.94,22.96,32.86,13.36
747020,2024-06-27,2024,656811,L,656271,L,field_out,False,False,14.0,0.143,1.0,7.14,0.0,0.0,0.286,0.0,32.14,18.37,20.41,38.78,50.0,8.33,29.0,0.192,8.0,27.59,2.0,6.9,0.788,0.346,34.43,16.41,14.84,31.25,27.94,16.0,15.0,0.385,6.0,40.0,1.0,6.67,1.236,0.384,29.17,13.21,18.87,32.08,24.0,50.0,83.0,0.291,23.0,27.71,3.0,3.61,0.731,0.127,26.62,13.26,17.92,31.18,24.58,31.08
747020,2024-06-27,2024,665750,R,663989,L,strikeout,True,False,81.0,0.197,16.0,19.75,9.0,11.11,0.556,0.07100000000000001,29.46,12.42,15.03,27.45,19.51,21.33,150.0,0.241,31.0,20.67,10.0,6.67,0.638,0.102,22.26,10.54,15.89,26.42,25.0,19.38,24.0,0.174,1.0,4.17,0.0,0.0,0.384,0.04300000000000001,21.74,13.51,12.16,25.68,41.18,6.25,40.0,0.342,5.0,12.5,1.0,2.5,1.007,0.29,19.72,9.79,18.88,28.67,35.38,12.82
747020,2024-06-27,2024,673995,R,663989,L,strikeout,True,False,32.0,0.129,3.0,9.38,1.0,3.12,0.44599999999999995,0.16099999999999998,22.03,12.15,14.02,26.17,29.55,10.0,,,,,,,,,,,,,,,24.0,0.174,1.0,4.17,0.0,0.0,0.384,0.04300000000000001,21.74,13.51,12.16,25.68,41.18,6.25,40.0,0.342,5.0,12.5,1.0,2.5,1.007,0.29,19.72,9.79,18.88,28.67,35.38,12.82
747020,2024-06-27,2024,608369,L,663989,L,field_out,False,False,98.0,0.247,30.0,30.61,1.0,1.02,0.626,0.124,27.27,15.36,11.14,26.51,29.66,37.04,166.0,0.314,33.0,19.88,7.0,4.22,0.881,0.218,27.65,15.41,9.68,25.09,30.66,22.92,9.0,0.125,3.0,33.33,1.0,11.11,0.347,0.0,31.25,13.16,18.42,31.58,33.33,25.0,19.0,0.167,4.0,21.05,1.0,5.26,0.433,0.0549999999999999,19.35,9.52,9.52,19.05,22.58,50.0
745565,2024-06-27,2024,665862,L,554430,R,strikeout,True,False,212.0,0.262,53.0,25.0,19.0,8.96,0.785,0.193,28.71,13.5,13.62,27.12,31.07,20.87,290.0,0.275,91.0,31.38,20.0,6.9,0.8540000000000001,0.25,35.14,15.36,16.88,32.24,26.1,27.41,215.0,0.225,50.0,23.26,21.0,9.77,0.7050000000000001,0.17300000000000001,23.95,11.69,13.85,25.54,29.23,17.95,414.0,0.261,90.0,21.74,25.0,6.04,0.722,0.1509999999999999,25.9,13.55,13.11,26.65,30.26,18.82
745565,2024-06-27,2024,650559,R,554430,R,strikeout,True,False,222.0,0.217,56.0,25.23,16.0,7.21,0.685,0.19199999999999998,31.65,16.36,13.3,29.66,32.1,21.71,473.0,0.251,107.0,22.62,29.0,6.13,0.717,0.1689999999999999,28.95,14.54,15.93,30.47,34.61,18.71,179.0,0.14,57.0,31.84,8.0,4.47,0.41200000000000003,0.07999999999999999,30.56,15.92,16.5,32.42,37.12,22.35,374.0,0.194,122.0,32.62,14.0,3.74,0.548,0.119,31.51,15.79,15.47,31.25,34.11,22.02
745565,2024-06-27,2024,605137,L,554430,R,field_out,False,False,218.0,0.259,42.0,19.27,13.0,5.96,0.7050000000000001,0.127,28.75,15.39,10.26,25.66,28.53,22.65,432.0,0.239,93.0,21.53,39.0,9.03,0.6970000000000001,0.148,24.59,11.57,13.95,25.52,28.11,20.58,215.0,0.225,50.0,23.26,21.0,9.77,0.7050000000000001,0.17300000000000001,23.95,11.69,13.85,25.54,29.23,17.95,414.0,0.261,90.0,21.74,25.0,6.04,0.722,0.1509999999999999,25.9,13.55,13.11,26.65,30.26,18.82
745565,2024-06-27,2024,656941,L,669432,L,field_out,False,False,146.0,0.344,38.0,26.03,23.0,15.75,0.9930000000000001,0.19700000000000006,33.33,12.4,21.27,33.67,19.31,24.36,253.0,0.188,87.0,34.39,41.0,16.21,0.758,0.242,32.04,11.82,21.04,32.86,21.61,24.51,81.0,0.282,15.0,18.52,10.0,12.35,0.835,0.18300000000000005,23.13,10.03,16.81,26.84,24.12,16.3,17.0,0.2,5.0,29.41,1.0,5.88,0.494,0.0,30.3,14.49,21.74,36.23,34.48,20.0
745565,2024-06-27,2024,607208,R,669432,L,walk,False,True,76.0,0.338,14.0,18.42,5.0,6.58,0.8560000000000001,0.118,24.54,12.99,10.71,23.7,28.03,14.29,209.0,0.229,41.0,19.62,16.0,7.66,0.721,0.1969999999999999,31.2,15.84,12.09,27.93,33.41,17.98,259.0,0.283,45.0,17.37,22.0,8.49,0.812,0.18200000000000005,21.62,10.11,15.63,25.74,29.09,16.79,62.0,0.236,14.0,22.58,5.0,8.06,0.687,0.128,26.4,12.64,14.94,27.59,37.33,16.67
745565,2024-06-27,2024,547180,L,669432,L,double,False,False,128.0,0.312,33.0,25.78,18.0,14.06,1.002,0.284,30.77,15.41,11.37,26.78,32.86,22.3,171.0,0.289,39.0,22.81,20.0,11.7,0.884,0.221,38.61,20.03,9.85,29.89,35.59,22.41,81.0,0.282,15.0,18.52,10.0,12.35,0.835,0.18300000000000005,23.13,10.03,16.81,26.84,24.12,16.3,17.0,0.2,5.0,29.41,1.0,5.88,0.494,0.0,30.3,14.49,21.74,36.23,34.48,20.0
745565,2024-06-27,2024,664761,R,669432,L,field_out,False,False,106.0,0.25,10.0,9.43,6.0,5.66,0.712,0.16999999999999998,11.6,5.68,14.05,19.73,25.27,10.64,167.0,0.303,26.0,15.57,8.0,4.79,0.929,0.291,20.3,10.86,12.97,23.82,35.24,14.21,259.0,0.283,45.0,17.37,22.0,8.49,0.812,0.18200000000000005,21.62,10.11,15.63,25.74,29.09,16.79,62.0,0.236,14.0,22.58,5.0,8.06,0.687,0.128,26.4,12.64,14.94,27.59,37.33,16.67
745565,2024-06-27,2024,592206,R,669432,L,field_out,False,False,92.0,0.221,25.0,27.17,5.0,5.43,0.7030000000000001,0.221,31.91,17.7,11.8,29.5,37.65,25.0,188.0,0.324,45.0,23.94,11.0,5.85,0.93,0.237,31.05,17.91,10.17,28.07,42.3,21.63,259.0,0.283,45.0,17.37,22.0,8.49,0.812,0.18200000000000005,21.62,10.11,15.63,25.74,29.09,16.79,62.0,0.236,14.0,22.58,5.0,8.06,0.687,0.128,26.4,12.64,14.94,27.59,37.33,16.67
745565,2024-06-27,2024,660821,L,554430,R,single,False,False,202.0,0.263,49.0,24.26,12.0,5.94,0.731,0.15099999999999997,27.25,14.75,12.72,27.47,35.9,20.76,353.0,0.258,93.0,26.35,36.0,10.2,0.805,0.21,29.33,14.21,14.01,28.21,30.32,20.53,215.0,0.225,50.0,23.26,21.0,9.77,0.7050000000000001,0.17300000000000001,23.95,11.69,13.85,25.54,29.23,17.95,414.0,0.261,90.0,21.74,25.0,6.04,0.722,0.1509999999999999,25.9,13.55,13.11,26.65,30.26,18.82
745565,2024-06-27,2024,669394,R,554430,R,strikeout,True,False,162.0,0.229,43.0,26.54,8.0,4.94,0.651,0.157,27.92,14.9,15.6,30.5,38.74,26.38,402.0,0.247,112.0,27.86,23.0,5.72,0.8,0.249,34.59,18.69,13.25,31.93,39.43,23.09,179.0,0.14,57.0,31.84,8.0,4.47,0.41200000000000003,0.07999999999999999,30.56,15.92,16.5,32.42,37.12,22.35,374.0,0.194,122.0,32.62,14.0,3.74,0.548,0.119,31.51,15.79,15.47,31.25,34.11,22.02
745565,2024-06-27,2024,624503,L,554430,R,field_out,False,False,187.0,0.232,43.0,22.99,7.0,3.74,0.637,0.147,31.37,19.22,9.16,28.38,44.51,21.29,83.0,0.16,10.0,12.05,1.0,1.2,0.48,0.149,20.99,12.19,10.39,22.58,38.35,12.82,215.0,0.225,50.0,23.26,21.0,9.77,0.7050000000000001,0.17300000000000001,23.95,11.69,13.85,25.54,29.23,17.95,414.0,0.261,90.0,21.74,25.0,6.04,0.722,0.1509999999999999,25.9,13.55,13.11,26.65,30.26,18.82
745565,2024-06-27,2024,641313,R,554430,R,single,False,False,142.0,0.201,41.0,28.87,2.0,1.41,0.429,0.014999999999999986,30.31,15.73,15.91,31.65,37.18,23.3,396.0,0.226,95.0,23.99,21.0,5.3,0.538,0.04,26.05,13.64,14.67,28.31,36.05,20.88,179.0,0.14,57.0,31.84,8.0,4.47,0.41200000000000003,0.07999999999999999,30.56,15.92,16.5,32.42,37.12,22.35,374.0,0.194,122.0,32.62,14.0,3.74,0.548,0.119,31.51,15.79,15.47,31.25,34.11,22.02
745565,2024-06-27,2024,672640,R,554430,R,field_out,False,False,117.0,0.264,19.0,16.24,6.0,5.13,0.681,0.11299999999999999,22.54,12.15,12.91,25.06,31.61,16.98,,,,,,,,,,,,,,,179.0,0.14,57.0,31.84,8.0,4.47,0.41200000000000003,0.07999999999999999,30.56,15.92,16.5,32.42,37.12,22.35,374.0,0.194,122.0,32.62,14.0,3.74,0.548,0.119,31.51,15.79,15.47,31.25,34.11,22.02
745565,2024-06-27,2024,624641,R,669432,L,field_out,False,False,64.0,0.321,11.0,17.19,6.0,9.38,1.0670000000000002,0.34,29.13,14.92,12.5,27.42,33.1,17.19,124.0,0.267,33.0,26.61,3.0,2.42,0.792,0.2159999999999999,27.7,16.7,13.23,29.93,44.69,21.29,259.0,0.283,45.0,17.37,22.0,8.49,0.812,0.18200000000000005,21.62,10.11,15.63,25.74,29.09,16.79,62.0,0.236,14.0,22.58,5.0,8.06,0.687,0.128,26.4,12.64,14.94,27.59,37.33,16.67
745565,2024-06-27,2024,593160,R,669432,L,walk,False,True,68.0,0.203,5.0,7.35,3.0,4.41,0.614,0.172,19.38,10.42,16.67,27.08,32.73,6.41,147.0,0.259,21.0,14.29,9.0,6.12,0.692,0.134,17.44,9.06,13.12,22.18,31.02,14.19,259.0,0.283,45.0,17.37,22.0,8.49,0.812,0.18200000000000005,21.62,10.11,15.63,25.74,29.09,16.79,62.0,0.236,14.0,22.58,5.0,8.06,0.687,0.128,26.4,12.64,14.94,27.59,37.33,16.67
745565,2024-06-27,2024,665506,R,669432,L,single,False,False,60.0,0.204,20.0,33.33,11.0,18.33,0.6559999999999999,0.10200000000000001,35.51,14.67,16.22,30.89,19.71,22.99,57.0,0.314,13.0,22.81,5.0,8.77,0.924,0.235,32.38,15.45,14.09,29.55,25.93,19.4,259.0,0.283,45.0,17.37,22.0,8.49,0.812,0.18200000000000005,21.62,10.11,15.63,25.74,29.09,16.79,62.0,0.236,14.0,22.58,5.0,8.06,0.687,0.128,26.4,12.64,14.94,27.59,37.33,16.67
745565,2024-06-27,2024,665561,R,669432,L,field_out,False,False,8.0,0.125,1.0,12.5,0.0,0.0,0.25,0.0,18.18,9.09,18.18,27.27,33.33,33.33,,,,,,,,,,,,,,,259.0,0.283,45.0,17.37,22.0,8.49,0.812,0.18200000000000005,21.62,10.11,15.63,25.74,29.09,16.79,62.0,0.236,14.0,22.58,5.0,8.06,0.687,0.128,26.4,12.64,14.94,27.59,37.33,16.67
745565,2024-06-27,2024,656941,L,669432,L,single,False,False,146.0,0.344,38.0,26.03,23.0,15.75,0.9930000000000001,0.19700000000000006,33.33,12.4,21.27,33.67,19.31,24.36,253.0,0.188,87.0,34.39,41.0,16.21,0.758,0.242,32.04,11.82,21.04,32.86,21.61,24.51,81.0,0.282,15.0,18.52,10.0,12.35,0.835,0.18300000000000005,23.13,10.03,16.81,26.84,24.12,16.3,17.0,0.2,5.0,29.41,1.0,5.88,0.494,0.0,30.3,14.49,21.74,36.23,34.48,20.0
745565,2024-06-27,2024,607208,R,669432,L,field_out,False,False,76.0,0.338,14.0,18.42,5.0,6.58,0.8560000000000001,0.118,24.54,12.99,10.71,23.7,28.03,14.29,209.0,0.229,41.0,19.62,16.0,7.66,0.721,0.1969999999999999,31.2,15.84,12.09,27.93,33.41,17.98,259.0,0.283,45.0,17.37,22.0,8.49,0.812,0.18200000000000005,21.62,10.11,15.63,25.74,29.09,16.79,62.0,0.236,14.0,22.58,5.0,8.06,0.687,0.128,26.4,12.64,14.94,27.59,37.33,16.67
745565,2024-06-27,2024,645305,R,554430,R,hit_by_pitch,False,False,8.0,0.167,3.0,37.5,1.0,12.5,0.45299999999999996,0.0,33.33,18.52,18.52,37.04,41.67,27.27,,,,,,,,,,,,,,,179.0,0.14,57.0,31.84,8.0,4.47,0.41200000000000003,0.07999999999999999,30.56,15.92,16.5,32.42,37.12,22.35,374.0,0.194,122.0,32.62,14.0,3.74,0.548,0.119,31.51,15.79,15.47,31.25,34.11,22.02
745565,2024-06-27,2024,665862,L,554430,R,field_out,False,False,212.0,0.262,53.0,25.0,19.0,8.96,0.785,0.193,28.71,13.5,13.62,27.12,31.07,20.87,290.0,0.275,91.0,31.38,20.0,6.9,0.8540000000000001,0.25,35.14,15.36,16.88,32.24,26.1,27.41,215.0,0.225,50.0,23.26,21.0,9.77,0.7050000000000001,0.17300000000000001,23.95,11.69,13.85,25.54,29.23,17.95,414.0,0.261,90.0,21.74,25.0,6.04,0.722,0.1509999999999999,25.9,13.55,13.11,26.65,30.26,18.82
745565,2024-06-27,2024,650559,R,554430,R,walk,False,True,222.0,0.217,56.0,25.23,16.0,7.21,0.685,0.19199999999999998,31.65,16.36,13.3,29.66,32.1,21.71,473.0,0.251,107.0,22.62,29.0,6.13,0.717,0.1689999999999999,28.95,14.54,15.93,30.47,34.61,18.71,179.0,0.14,57.0,31.84,8.0,4.47,0.41200000000000003,0.07999999999999999,30.56,15.92,16.5,32.42,37.12,22.35,374.0,0.194,122.0,32.62,14.0,3.74,0.548,0.119,31.51,15.79,15.47,31.25,34.11,22.02
745565,2024-06-27,2024,605137,L,554430,R,strikeout,True,False,218.0,0.259,42.0,19.27,13.0,5.96,0.7050000000000001,0.127,28.75,15.39,10.26,25.66,28.53,22.65,432.0,0.239,93.0,21.53,39.0,9.03,0.6970000000000001,0.148,24.59,11.57,13.95,25.52,28.11,20.58,215.0,0.225,50.0,23.26,21.0,9.77,0.7050000000000001,0.17300000000000001,23.95,11.69,13.85,25.54,29.23,17.95,414.0,0.261,90.0,21.74,25.0,6.04,0.722,0.1509999999999999,25.9,13.55,13.11,26.65,30.26,18.82
745565,2024-06-27,2024,660821,L,554430,R,field_out,False,False,202.0,0.263,49.0,24.26,12.0,5.94,0.731,0.15099999999999997,27.25,14.75,12.72,27.47,35.9,20.76,353.0,0.258,93.0,26.35,36.0,10.2,0.805,0.21,29.33,14.21,14.01,28.21,30.32,20.53,215.0,0.225,50.0,23.26,21.0,9.77,0.7050000000000001,0.17300000000000001,23.95,11.69,13.85,25.54,29.23,17.95,414.0,0.261,90.0,21.74,25.0,6.04,0.722,0.1509999999999999,25.9,13.55,13.11,26.65,30.26,18.82
745565,2024-06-27,2024,547180,L,669432,L,strikeout,True,False,128.0,0.312,33.0,25.78,18.0,14.06,1.002,0.284,30.77,15.41,11.37,26.78,32.86,22.3,171.0,0.289,39.0,22.81,20.0,11.7,0.884,0.221,38.61,20.03,9.85,29.89,35.59,22.41,81.0,0.282,15.0,18.52,10.0,12.35,0.835,0.18300000000000005,23.13,10.03,16.81,26.84,24.12,16.3,17.0,0.2,5.0,29.41,1.0,5.88,0.494,0.0,30.3,14.49,21.74,36.23,34.48,20.0
745565,2024-06-27,2024,664761,R,669432,L,field_out,False,False,106.0,0.25,10.0,9.43,6.0,5.66,0.712,0.16999999999999998,11.6,5.68,14.05,19.73,25.27,10.64,167.0,0.303,26.0,15.57,8.0,4.79,0.929,0.291,20.3,10.86,12.97,23.82,35.24,14.21,259.0,0.283,45.0,17.37,22.0,8.49,0.812,0.18200000000000005,21.62,10.11,15.63,25.74,29.09,16.79,62.0,0.236,14.0,22.58,5.0,8.06,0.687,0.128,26.4,12.64,14.94,27.59,37.33,16.67
745565,2024-06-27,2024,592206,R,669432,L,walk,False,True,92.0,0.221,25.0,27.17,5.0,5.43,0.7030000000000001,0.221,31.91,17.7,11.8,29.5,37.65,25.0,188.0,0.324,45.0,23.94,11.0,5.85,0.93,0.237,31.05,17.91,10.17,28.07,42.3,21.63,259.0,0.283,45.0,17.37,22.0,8.49,0.812,0.18200000000000005,21.62,10.11,15.63,25.74,29.09,16.79,62.0,0.236,14.0,22.58,5.0,8.06,0.687,0.128,26.4,12.64,14.94,27.59,37.33,16.67
745565,2024-06-27,2024,624641,R,669432,L,field_out,False,False,64.0,0.321,11.0,17.19,6.0,9.38,1.0670000000000002,0.34,29.13,14.92,12.5,27.42,33.1,17.19,124.0,0.267,33.0,26.61,3.0,2.42,0.792,0.2159999999999999,27.7,16.7,13.23,29.93,44.69,21.29,259.0,0.283,45.0,17.37,22.0,8.49,0.812,0.18200000000000005,21.62,10.11,15.63,25.74,29.09,16.79,62.0,0.236,14.0,22.58,5.0,8.06,0.687,0.128,26.4,12.64,14.94,27.59,37.33,16.67
745565,2024-06-27,2024,669394,R,554430,R,single,False,False,162.0,0.229,43.0,26.54,8.0,4.94,0.651,0.157,27.92,14.9,15.6,30.5,38.74,26.38,402.0,0.247,112.0,27.86,23.0,5.72,0.8,0.249,34.59,18.69,13.25,31.93,39.43,23.09,179.0,0.14,57.0,31.84,8.0,4.47,0.41200000000000003,0.07999999999999999,30.56,15.92,16.5,32.42,37.12,22.35,374.0,0.194,122.0,32.62,14.0,3.74,0.548,0.119,31.51,15.79,15.47,31.25,34.11,22.02
745565,2024-06-27,2024,624503,L,554430,R,strikeout,True,False,187.0,0.232,43.0,22.99,7.0,3.74,0.637,0.147,31.37,19.22,9.16,28.38,44.51,21.29,83.0,0.16,10.0,12.05,1.0,1.2,0.48,0.149,20.99,12.19,10.39,22.58,38.35,12.82,215.0,0.225,50.0,23.26,21.0,9.77,0.7050000000000001,0.17300000000000001,23.95,11.69,13.85,25.54,29.23,17.95,414.0,0.261,90.0,21.74,25.0,6.04,0.722,0.1509999999999999,25.9,13.55,13.11,26.65,30.26,18.82
745565,2024-06-27,2024,641313,R,554430,R,grounded_into_double_play,False,False,142.0,0.201,41.0,28.87,2.0,1.41,0.429,0.014999999999999986,30.31,15.73,15.91,31.65,37.18,23.3,396.0,0.226,95.0,23.99,21.0,5.3,0.538,0.04,26.05,13.64,14.67,28.31,36.05,20.88,179.0,0.14,57.0,31.84,8.0,4.47,0.41200000000000003,0.07999999999999999,30.56,15.92,16.5,32.42,37.12,22.35,374.0,0.194,122.0,32.62,14.0,3.74,0.548,0.119,31.51,15.79,15.47,31.25,34.11,22.02
745565,2024-06-27,2024,593160,R,669432,L,field_out,False,False,68.0,0.203,5.0,7.35,3.0,4.41,0.614,0.172,19.38,10.42,16.67,27.08,32.73,6.41,147.0,0.259,21.0,14.29,9.0,6.12,0.692,0.134,17.44,9.06,13.12,22.18,31.02,14.19,259.0,0.283,45.0,17.37,22.0,8.49,0.812,0.18200000000000005,21.62,10.11,15.63,25.74,29.09,16.79,62.0,0.236,14.0,22.58,5.0,8.06,0.687,0.128,26.4,12.64,14.94,27.59,37.33,16.67
745565,2024-06-27,2024,665506,R,669432,L,strikeout,True,False,60.0,0.204,20.0,33.33,11.0,18.33,0.6559999999999999,0.10200000000000001,35.51,14.67,16.22,30.89,19.71,22.99,57.0,0.314,13.0,22.81,5.0,8.77,0.924,0.235,32.38,15.45,14.09,29.55,25.93,19.4,259.0,0.283,45.0,17.37,22.0,8.49,0.812,0.18200000000000005,21.62,10.11,15.63,25.74,29.09,16.79,62.0,0.236,14.0,22.58,5.0,8.06,0.687,0.128,26.4,12.64,14.94,27.59,37.33,16.67
745565,2024-06-27,2024,665561,R,669432,L,home_run,False,False,8.0,0.125,1.0,12.5,0.0,0.0,0.25,0.0,18.18,9.09,18.18,27.27,33.33,33.33,,,,,,,,,,,,,,,259.0,0.283,45.0,17.37,22.0,8.49,0.812,0.18200000000000005,21.62,10.11,15.63,25.74,29.09,16.79,62.0,0.236,14.0,22.58,5.0,8.06,0.687,0.128,26.4,12.64,14.94,27.59,37.33,16.67
745565,2024-06-27,2024,656941,L,669432,L,strikeout,True,False,146.0,0.344,38.0,26.03,23.0,15.75,0.9930000000000001,0.19700000000000006,33.33,12.4,21.27,33.67,19.31,24.36,253.0,0.188,87.0,34.39,41.0,16.21,0.758,0.242,32.04,11.82,21.04,32.86,21.61,24.51,81.0,0.282,15.0,18.52,10.0,12.35,0.835,0.18300000000000005,23.13,10.03,16.81,26.84,24.12,16.3,17.0,0.2,5.0,29.41,1.0,5.88,0.494,0.0,30.3,14.49,21.74,36.23,34.48,20.0
745565,2024-06-27,2024,672640,R,554430,R,field_out,False,False,117.0,0.264,19.0,16.24,6.0,5.13,0.681,0.11299999999999999,22.54,12.15,12.91,25.06,31.61,16.98,,,,,,,,,,,,,,,179.0,0.14,57.0,31.84,8.0,4.47,0.41200000000000003,0.07999999999999999,30.56,15.92,16.5,32.42,37.12,22.35,374.0,0.194,122.0,32.62,14.0,3.74,0.548,0.119,31.51,15.79,15.47,31.25,34.11,22.02
745565,2024-06-27,2024,645305,R,554430,R,single,False,False,8.0,0.167,3.0,37.5,1.0,12.5,0.45299999999999996,0.0,33.33,18.52,18.52,37.04,41.67,27.27,,,,,,,,,,,,,,,179.0,0.14,57.0,31.84,8.0,4.47,0.41200000000000003,0.07999999999999999,30.56,15.92,16.5,32.42,37.12,22.35,374.0,0.194,122.0,32.62,14.0,3.74,0.548,0.119,31.51,15.79,15.47,31.25,34.11,22.02
745565,2024-06-27,2024,665862,L,554430,R,grounded_into_double_play,False,False,212.0,0.262,53.0,25.0,19.0,8.96,0.785,0.193,28.71,13.5,13.62,27.12,31.07,20.87,290.0,0.275,91.0,31.38,20.0,6.9,0.8540000000000001,0.25,35.14,15.36,16.88,32.24,26.1,27.41,215.0,0.225,50.0,23.26,21.0,9.77,0.7050000000000001,0.17300000000000001,23.95,11.69,13.85,25.54,29.23,17.95,414.0,0.261,90.0,21.74,25.0,6.04,0.722,0.1509999999999999,25.9,13.55,13.11,26.65,30.26,18.82
745565,2024-06-27,2024,607208,R,669432,L,double,False,False,76.0,0.338,14.0,18.42,5.0,6.58,0.8560000000000001,0.118,24.54,12.99,10.71,23.7,28.03,14.29,209.0,0.229,41.0,19.62,16.0,7.66,0.721,0.1969999999999999,31.2,15.84,12.09,27.93,33.41,17.98,259.0,0.283,45.0,17.37,22.0,8.49,0.812,0.18200000000000005,21.62,10.11,15.63,25.74,29.09,16.79,62.0,0.236,14.0,22.58,5.0,8.06,0.687,0.128,26.4,12.64,14.94,27.59,37.33,16.67
745565,2024-06-27,2024,547180,L,669432,L,field_out,False,False,128.0,0.312,33.0,25.78,18.0,14.06,1.002,0.284,30.77,15.41,11.37,26.78,32.86,22.3,171.0,0.289,39.0,22.81,20.0,11.7,0.884,0.221,38.61,20.03,9.85,29.89,35.59,22.41,81.0,0.282,15.0,18.52,10.0,12.35,0.835,0.18300000000000005,23.13,10.03,16.81,26.84,24.12,16.3,17.0,0.2,5.0,29.41,1.0,5.88,0.494,0.0,30.3,14.49,21.74,36.23,34.48,20.0
745565,2024-06-27,2024,664761,R,669432,L,field_out,False,False,106.0,0.25,10.0,9.43,6.0,5.66,0.712,0.16999999999999998,11.6,5.68,14.05,19.73,25.27,10.64,167.0,0.303,26.0,15.57,8.0,4.79,0.929,0.291,20.3,10.86,12.97,23.82,35.24,14.21,259.0,0.283,45.0,17.37,22.0,8.49,0.812,0.18200000000000005,21.62,10.11,15.63,25.74,29.09,16.79,62.0,0.236,14.0,22.58,5.0,8.06,0.687,0.128,26.4,12.64,14.94,27.59,37.33,16.67
745565,2024-06-27,2024,592206,R,669432,L,walk,False,True,92.0,0.221,25.0,27.17,5.0,5.43,0.7030000000000001,0.221,31.91,17.7,11.8,29.5,37.65,25.0,188.0,0.324,45.0,23.94,11.0,5.85,0.93,0.237,31.05,17.91,10.17,28.07,42.3,21.63,259.0,0.283,45.0,17.37,22.0,8.49,0.812,0.18200000000000005,21.62,10.11,15.63,25.74,29.09,16.79,62.0,0.236,14.0,22.58,5.0,8.06,0.687,0.128,26.4,12.64,14.94,27.59,37.33,16.67
745565,2024-06-27,2024,624641,R,669432,L,single,False,False,64.0,0.321,11.0,17.19,6.0,9.38,1.0670000000000002,0.34,29.13,14.92,12.5,27.42,33.1,17.19,124.0,0.267,33.0,26.61,3.0,2.42,0.792,0.2159999999999999,27.7,16.7,13.23,29.93,44.69,21.29,259.0,0.283,45.0,17.37,22.0,8.49,0.812,0.18200000000000005,21.62,10.11,15.63,25.74,29.09,16.79,62.0,0.236,14.0,22.58,5.0,8.06,0.687,0.128,26.4,12.64,14.94,27.59,37.33,16.67
745565,2024-06-27,2024,593160,R,669432,L,force_out,False,False,68.0,0.203,5.0,7.35,3.0,4.41,0.614,0.172,19.38,10.42,16.67,27.08,32.73,6.41,147.0,0.259,21.0,14.29,9.0,6.12,0.692,0.134,17.44,9.06,13.12,22.18,31.02,14.19,259.0,0.283,45.0,17.37,22.0,8.49,0.812,0.18200000000000005,21.62,10.11,15.63,25.74,29.09,16.79,62.0,0.236,14.0,22.58,5.0,8.06,0.687,0.128,26.4,12.64,14.94,27.59,37.33,16.67
745565,2024-06-27,2024,650559,R,554430,R,single,False,False,222.0,0.217,56.0,25.23,16.0,7.21,0.685,0.19199999999999998,31.65,16.36,13.3,29.66,32.1,21.71,473.0,0.251,107.0,22.62,29.0,6.13,0.717,0.1689999999999999,28.95,14.54,15.93,30.47,34.61,18.71,179.0,0.14,57.0,31.84,8.0,4.47,0.41200000000000003,0.07999999999999999,30.56,15.92,16.5,32.42,37.12,22.35,374.0,0.194,122.0,32.62,14.0,3.74,0.548,0.119,31.51,15.79,15.47,31.25,34.11,22.02
745565,2024-06-27,2024,605137,L,554430,R,field_out,False,False,218.0,0.259,42.0,19.27,13.0,5.96,0.7050000000000001,0.127,28.75,15.39,10.26,25.66,28.53,22.65,432.0,0.239,93.0,21.53,39.0,9.03,0.6970000000000001,0.148,24.59,11.57,13.95,25.52,28.11,20.58,215.0,0.225,50.0,23.26,21.0,9.77,0.7050000000000001,0.17300000000000001,23.95,11.69,13.85,25.54,29.23,17.95,414.0,0.261,90.0,21.74,25.0,6.04,0.722,0.1509999999999999,25.9,13.55,13.11,26.65,30.26,18.82
745565,2024-06-27,2024,660821,L,554430,R,walk,False,True,202.0,0.263,49.0,24.26,12.0,5.94,0.731,0.15099999999999997,27.25,14.75,12.72,27.47,35.9,20.76,353.0,0.258,93.0,26.35,36.0,10.2,0.805,0.21,29.33,14.21,14.01,28.21,30.32,20.53,215.0,0.225,50.0,23.26,21.0,9.77,0.7050000000000001,0.17300000000000001,23.95,11.69,13.85,25.54,29.23,17.95,414.0,0.261,90.0,21.74,25.0,6.04,0.722,0.1509999999999999,25.9,13.55,13.11,26.65,30.26,18.82
745565,2024-06-27,2024,669394,R,554430,R,field_out,False,False,162.0,0.229,43.0,26.54,8.0,4.94,0.651,0.157,27.92,14.9,15.6,30.5,38.74,26.38,402.0,0.247,112.0,27.86,23.0,5.72,0.8,0.249,34.59,18.69,13.25,31.93,39.43,23.09,179.0,0.14,57.0,31.84,8.0,4.47,0.41200000000000003,0.07999999999999999,30.56,15.92,16.5,32.42,37.12,22.35,374.0,0.194,122.0,32.62,14.0,3.74,0.548,0.119,31.51,15.79,15.47,31.25,34.11,22.02
745565,2024-06-27,2024,665506,R,669432,L,strikeout,True,False,60.0,0.204,20.0,33.33,11.0,18.33,0.6559999999999999,0.10200000000000001,35.51,14.67,16.22,30.89,19.71,22.99,57.0,0.314,13.0,22.81,5.0,8.77,0.924,0.235,32.38,15.45,14.09,29.55,25.93,19.4,259.0,0.283,45.0,17.37,22.0,8.49,0.812,0.18200000000000005,21.62,10.11,15.63,25.74,29.09,16.79,62.0,0.236,14.0,22.58,5.0,8.06,0.687,0.128,26.4,12.64,14.94,27.59,37.33,16.67
745565,2024-06-27,2024,665561,R,669432,L,field_out,False,False,8.0,0.125,1.0,12.5,0.0,0.0,0.25,0.0,18.18,9.09,18.18,27.27,33.33,33.33,,,,,,,,,,,,,,,259.0,0.283,45.0,17.37,22.0,8.49,0.812,0.18200000000000005,21.62,10.11,15.63,25.74,29.09,16.79,62.0,0.236,14.0,22.58,5.0,8.06,0.687,0.128,26.4,12.64,14.94,27.59,37.33,16.67
745565,2024-06-27,2024,656941,L,669432,L,field_out,False,False,146.0,0.344,38.0,26.03,23.0,15.75,0.9930000000000001,0.19700000000000006,33.33,12.4,21.27,33.67,19.31,24.36,253.0,0.188,87.0,34.39,41.0,16.21,0.758,0.242,32.04,11.82,21.04,32.86,21.61,24.51,81.0,0.282,15.0,18.52,10.0,12.35,0.835,0.18300000000000005,23.13,10.03,16.81,26.84,24.12,16.3,17.0,0.2,5.0,29.41,1.0,5.88,0.494,0.0,30.3,14.49,21.74,36.23,34.48,20.0
745565,2024-06-27,2024,624503,L,554430,R,field_out,False,False,187.0,0.232,43.0,22.99,7.0,3.74,0.637,0.147,31.37,19.22,9.16,28.38,44.51,21.29,83.0,0.16,10.0,12.05,1.0,1.2,0.48,0.149,20.99,12.19,10.39,22.58,38.35,12.82,215.0,0.225,50.0,23.26,21.0,9.77,0.7050000000000001,0.17300000000000001,23.95,11.69,13.85,25.54,29.23,17.95,414.0,0.261,90.0,21.74,25.0,6.04,0.722,0.1509999999999999,25.9,13.55,13.11,26.65,30.26,18.82
745565,2024-06-27,2024,641313,R,554430,R,field_out,False,False,142.0,0.201,41.0,28.87,2.0,1.41,0.429,0.014999999999999986,30.31,15.73,15.91,31.65,37.18,23.3,396.0,0.226,95.0,23.99,21.0,5.3,0.538,0.04,26.05,13.64,14.67,28.31,36.05,20.88,179.0,0.14,57.0,31.84,8.0,4.47,0.41200000000000003,0.07999999999999999,30.56,15.92,16.5,32.42,37.12,22.35,374.0,0.194,122.0,32.62,14.0,3.74,0.548,0.119,31.51,15.79,15.47,31.25,34.11,22.02
745565,2024-06-27,2024,672640,R,554430,R,single,False,False,117.0,0.264,19.0,16.24,6.0,5.13,0.681,0.11299999999999999,22.54,12.15,12.91,25.06,31.61,16.98,,,,,,,,,,,,,,,179.0,0.14,57.0,31.84,8.0,4.47,0.41200000000000003,0.07999999999999999,30.56,15.92,16.5,32.42,37.12,22.35,374.0,0.194,122.0,32.62,14.0,3.74,0.548,0.119,31.51,15.79,15.47,31.25,34.11,22.02
745565,2024-06-27,2024,645305,R,554430,R,single,False,False,8.0,0.167,3.0,37.5,1.0,12.5,0.45299999999999996,0.0,33.33,18.52,18.52,37.04,41.67,27.27,,,,,,,,,,,,,,,179.0,0.14,57.0,31.84,8.0,4.47,0.41200000000000003,0.07999999999999999,30.56,15.92,16.5,32.42,37.12,22.35,374.0,0.194,122.0,32.62,14.0,3.74,0.548,0.119,31.51,15.79,15.47,31.25,34.11,22.02
745565,2024-06-27,2024,665862,L,621381,L,hit_by_pitch,False,False,110.0,0.267,28.0,25.45,8.0,7.27,0.7230000000000001,0.129,27.4,12.69,16.48,29.18,30.34,19.05,94.0,0.172,27.0,28.72,6.0,6.38,0.479,0.081,39.88,19.01,18.18,37.19,30.36,25.23,38.0,0.216,11.0,28.95,0.0,0.0,0.45299999999999996,0.0,23.38,12.5,19.44,31.94,33.33,18.03,98.0,0.209,31.0,31.63,2.0,2.04,0.556,0.11,27.93,14.16,19.83,33.99,33.1,28.44
745565,2024-06-27,2024,650559,R,621381,L,double,False,False,117.0,0.288,28.0,23.93,4.0,3.42,0.766,0.16200000000000003,27.85,15.42,12.85,28.27,32.04,25.23,154.0,0.277,35.0,22.73,11.0,7.14,0.708,0.1059999999999999,27.76,13.7,15.51,29.21,33.53,19.77,78.0,0.151,29.0,37.18,4.0,5.13,0.48,0.13699999999999998,26.7,14.49,16.19,30.68,32.65,19.73,253.0,0.214,77.0,30.43,19.0,7.51,0.671,0.183,28.04,14.1,15.88,29.98,27.99,24.6
745565,2024-06-27,2024,605137,R,621381,L,double,False,False,112.0,0.212,16.0,14.29,11.0,9.82,0.6399999999999999,0.142,22.99,10.26,14.8,25.06,28.94,16.33,186.0,0.265,41.0,22.04,24.0,12.9,0.854,0.2289999999999999,28.46,13.82,12.89,26.71,26.88,18.81,78.0,0.151,29.0,37.18,4.0,5.13,0.48,0.13699999999999998,26.7,14.49,16.19,30.68,32.65,19.73,253.0,0.214,77.0,30.43,19.0,7.51,0.671,0.183,28.04,14.1,15.88,29.98,27.99,24.6
745565,2024-06-27,2024,667472,R,621381,L,strikeout,True,False,45.0,0.211,15.0,33.33,2.0,4.44,0.6839999999999999,0.18400000000000002,29.85,12.82,24.36,37.18,26.15,28.85,20.0,0.4,4.0,20.0,0.0,0.0,0.9,0.0999999999999999,30.0,13.24,20.59,33.82,28.12,25.0,78.0,0.151,29.0,37.18,4.0,5.13,0.48,0.13699999999999998,26.7,14.49,16.19,30.68,32.65,19.73,253.0,0.214,77.0,30.43,19.0,7.51,0.671,0.183,28.04,14.1,15.88,29.98,27.99,24.6
745565,2024-06-27,2024,607208,R,669622,R,double,False,False,112.0,0.324,19.0,16.96,6.0,5.36,0.804,0.11399999999999999,23.53,11.85,14.57,26.42,29.33,16.38,485.0,0.282,109.0,22.47,29.0,5.98,0.8029999999999999,0.19,28.9,15.6,12.67,28.27,36.06,17.81,80.0,0.247,22.0,27.5,4.0,5.0,0.6679999999999999,0.10899999999999999,26.62,11.42,22.01,33.43,30.0,16.92,,,,,,,,,,,,,,
745565,2024-06-27,2024,547180,L,669622,R,field_out,False,False,203.0,0.301,38.0,18.72,29.0,14.29,0.977,0.27699999999999997,27.94,13.79,9.28,23.07,33.26,18.1,375.0,0.295,80.0,21.33,60.0,16.0,0.907,0.199,31.39,15.65,8.66,24.31,32.27,20.0,51.0,0.279,9.0,17.65,7.0,13.73,0.8340000000000001,0.16299999999999998,20.73,8.54,17.59,26.13,26.21,15.52,,,,,,,,,,,,,,
745565,2024-06-27,2024,664761,R,669622,R,sac_fly,False,False,229.0,0.33,34.0,14.85,16.0,6.99,0.913,0.197,19.73,9.32,15.24,24.56,24.74,17.1,445.0,0.263,68.0,15.28,34.0,7.64,0.7010000000000001,0.1139999999999999,17.17,8.27,16.06,24.33,28.14,13.48,80.0,0.247,22.0,27.5,4.0,5.0,0.6679999999999999,0.10899999999999999,26.62,11.42,22.01,33.43,30.0,16.92,,,,,,,,,,,,,,
745565,2024-06-27,2024,592206,R,669622,R,field_out,False,False,244.0,0.224,50.0,20.49,17.0,6.97,0.6459999999999999,0.13499999999999998,32.59,19.21,10.02,29.24,39.06,19.92,485.0,0.252,140.0,28.87,25.0,5.15,0.733,0.192,37.06,20.57,11.78,32.36,40.41,25.27,80.0,0.247,22.0,27.5,4.0,5.0,0.6679999999999999,0.10899999999999999,26.62,11.42,22.01,33.43,30.0,16.92,,,,,,,,,,,,,,
745565,2024-06-27,2024,669394,R,656546,R,home_run,False,False,162.0,0.229,43.0,26.54,8.0,4.94,0.651,0.157,27.92,14.9,15.6,30.5,38.74,26.38,402.0,0.247,112.0,27.86,23.0,5.72,0.8,0.249,34.59,18.69,13.25,31.93,39.43,23.09,75.0,0.179,23.0,30.67,6.0,8.0,0.45199999999999996,0.03,35.86,17.99,14.53,32.53,29.58,25.27,129.0,0.122,43.0,33.33,10.0,7.75,0.423,0.104,34.44,17.65,14.42,32.07,34.34,24.57
745565,2024-06-27,2024,624503,L,656546,R,double,False,False,187.0,0.232,43.0,22.99,7.0,3.74,0.637,0.147,31.37,19.22,9.16,28.38,44.51,21.29,83.0,0.16,10.0,12.05,1.0,1.2,0.48,0.149,20.99,12.19,10.39,22.58,38.35,12.82,57.0,0.204,19.0,33.33,2.0,3.51,0.616,0.166,29.57,16.35,15.87,32.21,42.39,28.79,80.0,0.221,26.0,32.5,9.0,11.25,0.63,0.088,34.86,17.48,12.61,30.09,33.51,21.31
745565,2024-06-27,2024,641313,R,656546,R,field_out,False,False,142.0,0.201,41.0,28.87,2.0,1.41,0.429,0.014999999999999986,30.31,15.73,15.91,31.65,37.18,23.3,396.0,0.226,95.0,23.99,21.0,5.3,0.538,0.04,26.05,13.64,14.67,28.31,36.05,20.88,75.0,0.179,23.0,30.67,6.0,8.0,0.45199999999999996,0.03,35.86,17.99,14.53,32.53,29.58,25.27,129.0,0.122,43.0,33.33,10.0,7.75,0.423,0.104,34.44,17.65,14.42,32.07,34.34,24.57
745565,2024-06-27,2024,672640,R,656546,R,fielders_choice,False,False,117.0,0.264,19.0,16.24,6.0,5.13,0.681,0.11299999999999999,22.54,12.15,12.91,25.06,31.61,16.98,,,,,,,,,,,,,,,75.0,0.179,23.0,30.67,6.0,8.0,0.45199999999999996,0.03,35.86,17.99,14.53,32.53,29.58,25.27,129.0,0.122,43.0,33.33,10.0,7.75,0.423,0.104,34.44,17.65,14.42,32.07,34.34,24.57
745565,2024-06-27,2024,645305,R,656546,R,field_out,False,False,8.0,0.167,3.0,37.5,1.0,12.5,0.45299999999999996,0.0,33.33,18.52,18.52,37.04,41.67,27.27,,,,,,,,,,,,,,,75.0,0.179,23.0,30.67,6.0,8.0,0.45199999999999996,0.03,35.86,17.99,14.53,32.53,29.58,25.27,129.0,0.122,43.0,33.33,10.0,7.75,0.423,0.104,34.44,17.65,14.42,32.07,34.34,24.57
745565,2024-06-27,2024,665862,L,656546,R,strikeout,True,False,212.0,0.262,53.0,25.0,19.0,8.96,0.785,0.193,28.71,13.5,13.62,27.12,31.07,20.87,290.0,0.275,91.0,31.38,20.0,6.9,0.8540000000000001,0.25,35.14,15.36,16.88,32.24,26.1,27.41,57.0,0.204,19.0,33.33,2.0,3.51,0.616,0.166,29.57,16.35,15.87,32.21,42.39,28.79,80.0,0.221,26.0,32.5,9.0,11.25,0.63,0.088,34.86,17.48,12.61,30.09,33.51,21.31
745565,2024-06-27,2024,624641,R,640462,L,single,False,False,64.0,0.321,11.0,17.19,6.0,9.38,1.0670000000000002,0.34,29.13,14.92,12.5,27.42,33.1,17.19,124.0,0.267,33.0,26.61,3.0,2.42,0.792,0.2159999999999999,27.7,16.7,13.23,29.93,44.69,21.29,103.0,0.262,16.0,15.53,17.0,16.5,0.8440000000000001,0.19,21.69,9.79,15.99,25.78,26.27,12.8,166.0,0.261,49.0,29.52,11.0,6.63,0.765,0.197,33.03,16.05,18.42,34.47,27.76,21.88
745565,2024-06-27,2024,593160,R,640462,L,field_out,False,False,68.0,0.203,5.0,7.35,3.0,4.41,0.614,0.172,19.38,10.42,16.67,27.08,32.73,6.41,147.0,0.259,21.0,14.29,9.0,6.12,0.692,0.134,17.44,9.06,13.12,22.18,31.02,14.19,103.0,0.262,16.0,15.53,17.0,16.5,0.8440000000000001,0.19,21.69,9.79,15.99,25.78,26.27,12.8,166.0,0.261,49.0,29.52,11.0,6.63,0.765,0.197,33.03,16.05,18.42,34.47,27.76,21.88
745565,2024-06-27,2024,665506,R,640462,L,strikeout,True,False,60.0,0.204,20.0,33.33,11.0,18.33,0.6559999999999999,0.10200000000000001,35.51,14.67,16.22,30.89,19.71,22.99,57.0,0.314,13.0,22.81,5.0,8.77,0.924,0.235,32.38,15.45,14.09,29.55,25.93,19.4,103.0,0.262,16.0,15.53,17.0,16.5,0.8440000000000001,0.19,21.69,9.79,15.99,25.78,26.27,12.8,166.0,0.261,49.0,29.52,11.0,6.63,0.765,0.197,33.03,16.05,18.42,34.47,27.76,21.88
745565,2024-06-27,2024,665561,R,640462,L,force_out,False,False,8.0,0.125,1.0,12.5,0.0,0.0,0.25,0.0,18.18,9.09,18.18,27.27,33.33,33.33,,,,,,,,,,,,,,,103.0,0.262,16.0,15.53,17.0,16.5,0.8440000000000001,0.19,21.69,9.79,15.99,25.78,26.27,12.8,166.0,0.261,49.0,29.52,11.0,6.63,0.765,0.197,33.03,16.05,18.42,34.47,27.76,21.88
745565,2024-06-27,2024,650559,R,628708,R,strikeout,True,False,222.0,0.217,56.0,25.23,16.0,7.21,0.685,0.19199999999999998,31.65,16.36,13.3,29.66,32.1,21.71,473.0,0.251,107.0,22.62,29.0,6.13,0.717,0.1689999999999999,28.95,14.54,15.93,30.47,34.61,18.71,39.0,0.171,9.0,23.08,3.0,7.69,0.43100000000000005,0.028999999999999998,15.0,6.62,15.44,22.06,31.08,27.27,108.0,0.326,18.0,16.67,11.0,10.19,0.8400000000000001,0.1159999999999999,21.84,9.82,17.31,27.13,29.72,20.22
745565,2024-06-27,2024,605137,L,628708,R,strikeout,True,False,218.0,0.259,42.0,19.27,13.0,5.96,0.7050000000000001,0.127,28.75,15.39,10.26,25.66,28.53,22.65,432.0,0.239,93.0,21.53,39.0,9.03,0.6970000000000001,0.148,24.59,11.57,13.95,25.52,28.11,20.58,20.0,0.333,3.0,15.0,2.0,10.0,1.1219999999999999,0.38899999999999996,25.64,11.36,17.05,28.41,24.44,11.11,74.0,0.235,20.0,27.03,6.0,8.11,0.782,0.25,28.48,14.38,15.34,29.71,30.72,18.52
745565,2024-06-27,2024,667472,R,628708,R,single,False,False,19.0,0.235,8.0,42.11,2.0,10.53,0.5509999999999999,0.0,24.32,10.11,21.35,31.46,29.79,23.53,50.0,0.213,15.0,30.0,2.0,4.0,0.538,0.0849999999999999,23.71,11.79,17.95,29.74,31.82,22.39,39.0,0.171,9.0,23.08,3.0,7.69,0.43100000000000005,0.028999999999999998,15.0,6.62,15.44,22.06,31.08,27.27,108.0,0.326,18.0,16.67,11.0,10.19,0.8400000000000001,0.1159999999999999,21.84,9.82,17.31,27.13,29.72,20.22
745565,2024-06-27,2024,669394,R,628708,R,single,False,False,162.0,0.229,43.0,26.54,8.0,4.94,0.651,0.157,27.92,14.9,15.6,30.5,38.74,26.38,402.0,0.247,112.0,27.86,23.0,5.72,0.8,0.249,34.59,18.69,13.25,31.93,39.43,23.09,39.0,0.171,9.0,23.08,3.0,7.69,0.43100000000000005,0.028999999999999998,15.0,6.62,15.44,22.06,31.08,27.27,108.0,0.326,18.0,16.67,11.0,10.19,0.8400000000000001,0.1159999999999999,21.84,9.82,17.31,27.13,29.72,20.22
745565,2024-06-27,2024,624503,L,628708,R,field_out,False,False,187.0,0.232,43.0,22.99,7.0,3.74,0.637,0.147,31.37,19.22,9.16,28.38,44.51,21.29,83.0,0.16,10.0,12.05,1.0,1.2,0.48,0.149,20.99,12.19,10.39,22.58,38.35,12.82,20.0,0.333,3.0,15.0,2.0,10.0,1.1219999999999999,0.38899999999999996,25.64,11.36,17.05,28.41,24.44,11.11,74.0,0.235,20.0,27.03,6.0,8.11,0.782,0.25,28.48,14.38,15.34,29.71,30.72,18.52
745565,2024-06-27,2024,669016,L,656945,L,strikeout,True,False,50.0,0.163,22.0,44.0,5.0,10.0,0.426,0.022999999999999993,30.67,10.95,24.76,35.71,18.87,34.92,110.0,0.229,43.0,39.09,12.0,10.91,0.7170000000000001,0.167,36.21,13.64,24.46,38.1,25.0,31.62,39.0,0.1,11.0,28.21,8.0,20.51,0.45599999999999996,0.067,35.53,15.7,14.53,30.23,20.93,19.64,100.0,0.193,39.0,39.0,11.0,11.0,0.587,0.1139999999999999,43.85,19.57,19.81,39.38,26.13,31.2
745565,2024-06-27,2024,607208,R,656945,L,field_out,False,False,76.0,0.338,14.0,18.42,5.0,6.58,0.8560000000000001,0.118,24.54,12.99,10.71,23.7,28.03,14.29,209.0,0.229,41.0,19.62,16.0,7.66,0.721,0.1969999999999999,31.2,15.84,12.09,27.93,33.41,17.98,105.0,0.176,24.0,22.86,15.0,14.29,0.5469999999999999,0.07100000000000001,30.26,14.43,16.14,30.56,30.2,20.87,207.0,0.19,65.0,31.4,13.0,6.28,0.5,0.0529999999999999,32.79,17.6,15.73,33.33,40.1,24.9
745565,2024-06-27,2024,547180,L,656945,L,field_out,False,False,128.0,0.312,33.0,25.78,18.0,14.06,1.002,0.284,30.77,15.41,11.37,26.78,32.86,22.3,171.0,0.289,39.0,22.81,20.0,11.7,0.884,0.221,38.61,20.03,9.85,29.89,35.59,22.41,39.0,0.1,11.0,28.21,8.0,20.51,0.45599999999999996,0.067,35.53,15.7,14.53,30.23,20.93,19.64,100.0,0.193,39.0,39.0,11.0,11.0,0.587,0.1139999999999999,43.85,19.57,19.81,39.38,26.13,31.2
745324,2024-06-27,2024,663538,R,663855,R,field_out,False,False,245.0,0.242,24.0,9.8,23.0,9.39,0.661,0.08800000000000002,12.87,5.8,21.09,26.9,30.37,9.49,508.0,0.274,63.0,12.4,40.0,7.87,0.72,0.0979999999999999,13.4,6.0,20.67,26.67,29.91,12.21,176.0,0.228,41.0,23.3,8.0,4.55,0.65,0.155,25.69,11.9,18.84,30.74,28.11,17.67,177.0,0.234,54.0,30.51,16.0,9.04,0.653,0.1139999999999999,27.76,11.0,22.57,33.57,28.9,25.84
745324,2024-06-27,2024,683737,L,663855,R,strikeout,True,False,232.0,0.253,81.0,34.91,29.0,12.5,0.7929999999999999,0.191,33.94,15.01,15.72,30.73,24.28,25.8,66.0,0.158,21.0,31.82,8.0,12.12,0.556,0.1399999999999999,29.79,14.48,13.45,27.93,28.39,21.0,165.0,0.25,28.0,16.97,23.0,13.94,0.722,0.09599999999999997,22.79,9.72,14.37,24.09,24.94,14.21,109.0,0.225,27.0,24.77,16.0,14.68,0.6639999999999999,0.0779999999999999,28.89,12.53,15.18,27.71,26.27,23.89
745324,2024-06-27,2024,641355,L,663855,R,field_out,False,False,206.0,0.238,37.0,17.96,22.0,10.68,0.734,0.17099999999999999,25.26,12.44,13.73,26.17,31.88,18.05,373.0,0.291,58.0,15.55,27.0,7.24,0.829,0.198,20.08,10.01,15.91,25.92,29.71,13.74,165.0,0.25,28.0,16.97,23.0,13.94,0.722,0.09599999999999997,22.79,9.72,14.37,24.09,24.94,14.21,109.0,0.225,27.0,24.77,16.0,14.68,0.6639999999999999,0.0779999999999999,28.89,12.53,15.18,27.71,26.27,23.89
745324,2024-06-27,2024,596103,R,684007,L,field_out,False,False,69.0,0.179,19.0,27.54,10.0,14.49,0.498,0.0,28.68,12.37,16.72,29.1,17.01,18.63,147.0,0.288,40.0,27.21,13.0,8.84,0.8,0.151,27.27,11.44,19.76,31.2,22.15,21.51,252.0,0.243,63.0,25.0,11.0,4.37,0.663,0.14200000000000002,29.56,16.19,12.09,28.29,34.82,22.74,,,,,,,,,,,,,,
745324,2024-06-27,2024,671218,R,684007,L,field_out,False,False,53.0,0.45,10.0,18.87,11.0,20.75,1.516,0.49999999999999994,26.4,12.89,9.38,22.27,22.66,11.24,46.0,0.186,16.0,34.78,3.0,6.52,0.588,0.1629999999999999,32.35,16.67,13.64,30.3,30.21,23.53,252.0,0.243,63.0,25.0,11.0,4.37,0.663,0.14200000000000002,29.56,16.19,12.09,28.29,34.82,22.74,,,,,,,,,,,,,,
745324,2024-06-27,2024,527038,R,684007,L,field_out,False,False,99.0,0.218,12.0,12.12,8.0,8.08,0.632,0.13799999999999998,12.35,5.47,19.01,24.48,26.83,11.54,182.0,0.303,28.0,15.38,14.0,7.69,0.886,0.224,17.07,7.55,21.16,28.71,29.47,12.17,252.0,0.243,63.0,25.0,11.0,4.37,0.663,0.14200000000000002,29.56,16.19,12.09,28.29,34.82,22.74,,,,,,,,,,,,,,
745324,2024-06-27,2024,673548,R,663855,R,strikeout,True,False,177.0,0.27,53.0,29.94,11.0,6.21,0.781,0.183,27.05,10.81,22.02,32.83,22.85,21.63,419.0,0.278,102.0,24.34,41.0,9.79,0.839,0.2129999999999999,24.3,9.93,20.44,30.37,19.3,20.2,176.0,0.228,41.0,23.3,8.0,4.55,0.65,0.155,25.69,11.9,18.84,30.74,28.11,17.67,177.0,0.234,54.0,30.51,16.0,9.04,0.653,0.1139999999999999,27.76,11.0,22.57,33.57,28.9,25.84
745324,2024-06-27,2024,664023,L,663855,R,walk,False,True,244.0,0.224,70.0,28.69,34.0,13.93,0.732,0.166,28.3,12.54,16.31,28.84,22.97,19.83,502.0,0.258,109.0,21.71,80.0,15.94,0.831,0.192,25.86,11.22,15.24,26.46,20.31,17.34,165.0,0.25,28.0,16.97,23.0,13.94,0.722,0.09599999999999997,22.79,9.72,14.37,24.09,24.94,14.21,109.0,0.225,27.0,24.77,16.0,14.68,0.6639999999999999,0.0779999999999999,28.89,12.53,15.18,27.71,26.27,23.89
745324,2024-06-27,2024,666624,R,663855,R,strikeout,True,False,254.0,0.207,57.0,22.44,31.0,12.2,0.704,0.18500000000000003,30.11,13.43,15.13,28.56,24.3,19.79,329.0,0.247,105.0,31.91,27.0,8.21,0.798,0.239,38.21,19.07,13.74,32.81,29.43,27.56,176.0,0.228,41.0,23.3,8.0,4.55,0.65,0.155,25.69,11.9,18.84,30.74,28.11,17.67,177.0,0.234,54.0,30.51,16.0,9.04,0.653,0.1139999999999999,27.76,11.0,22.57,33.57,28.9,25.84
745324,2024-06-27,2024,621020,R,663855,R,single,False,False,218.0,0.218,59.0,27.06,18.0,8.26,0.6459999999999999,0.142,31.34,14.9,15.7,30.6,23.98,22.78,478.0,0.244,111.0,23.22,49.0,10.25,0.734,0.161,28.04,13.13,15.12,28.26,23.34,18.66,176.0,0.228,41.0,23.3,8.0,4.55,0.65,0.155,25.69,11.9,18.84,30.74,28.11,17.67,177.0,0.234,54.0,30.51,16.0,9.04,0.653,0.1139999999999999,27.76,11.0,22.57,33.57,28.9,25.84
745324,2024-06-27,2024,656305,R,684007,L,walk,False,True,88.0,0.333,16.0,18.18,10.0,11.36,0.986,0.24399999999999994,16.29,7.69,15.38,23.08,25.27,13.22,113.0,0.307,26.0,23.01,10.0,8.85,0.89,0.208,30.77,13.88,17.35,31.24,20.45,17.81,252.0,0.243,63.0,25.0,11.0,4.37,0.663,0.14200000000000002,29.56,16.19,12.09,28.29,34.82,22.74,,,,,,,,,,,,,,
745324,2024-06-27,2024,624585,R,684007,L,field_out,False,False,80.0,0.232,21.0,26.25,9.0,11.25,0.744,0.17400000000000002,31.76,14.83,14.83,29.65,30.51,22.83,135.0,0.277,30.0,22.22,20.0,14.81,1.081,0.4109999999999999,26.29,11.6,16.16,27.76,25.27,18.75,252.0,0.243,63.0,25.0,11.0,4.37,0.663,0.14200000000000002,29.56,16.19,12.09,28.29,34.82,22.74,,,,,,,,,,,,,,
745324,2024-06-27,2024,682641,R,684007,L,strikeout,True,False,25.0,0.227,5.0,20.0,2.0,8.0,0.8250000000000001,0.31800000000000006,14.29,8.08,13.13,21.21,37.78,14.71,99.0,0.31,10.0,10.1,12.0,12.12,0.825,0.1069999999999999,11.64,4.94,17.44,22.38,22.04,14.71,252.0,0.243,63.0,25.0,11.0,4.37,0.663,0.14200000000000002,29.56,16.19,12.09,28.29,34.82,22.74,,,,,,,,,,,,,,
745324,2024-06-27,2024,642731,R,684007,L,field_out,False,False,81.0,0.211,15.0,18.52,4.0,4.94,0.589,0.13100000000000003,19.72,10.37,17.41,27.78,34.53,22.06,150.0,0.257,36.0,24.0,7.0,4.67,0.643,0.079,21.99,10.73,18.17,28.89,37.46,20.57,252.0,0.243,63.0,25.0,11.0,4.37,0.663,0.14200000000000002,29.56,16.19,12.09,28.29,34.82,22.74,,,,,,,,,,,,,,
745324,2024-06-27,2024,691718,L,663855,R,hit_by_pitch,False,False,112.0,0.208,32.0,28.57,6.0,5.36,0.5740000000000001,0.10900000000000001,27.45,16.63,10.45,27.08,41.63,21.05,15.0,0.0,6.0,40.0,2.0,13.33,0.154,0.0,44.44,26.67,8.33,35.0,23.08,27.27,165.0,0.25,28.0,16.97,23.0,13.94,0.722,0.09599999999999997,22.79,9.72,14.37,24.09,24.94,14.21,109.0,0.225,27.0,24.77,16.0,14.68,0.6639999999999999,0.0779999999999999,28.89,12.53,15.18,27.71,26.27,23.89
745324,2024-06-27,2024,621512,R,663855,R,strikeout,True,False,60.0,0.254,11.0,18.33,1.0,1.67,0.708,0.187,30.47,18.31,11.74,30.05,38.61,16.42,35.0,0.121,9.0,25.71,1.0,2.86,0.268,0.0,35.82,22.22,12.04,34.26,50.91,34.62,176.0,0.228,41.0,23.3,8.0,4.55,0.65,0.155,25.69,11.9,18.84,30.74,28.11,17.67,177.0,0.234,54.0,30.51,16.0,9.04,0.653,0.1139999999999999,27.76,11.0,22.57,33.57,28.9,25.84
745324,2024-06-27,2024,663538,R,663855,R,home_run,False,False,245.0,0.242,24.0,9.8,23.0,9.39,0.661,0.08800000000000002,12.87,5.8,21.09,26.9,30.37,9.49,508.0,0.274,63.0,12.4,40.0,7.87,0.72,0.0979999999999999,13.4,6.0,20.67,26.67,29.91,12.21,176.0,0.228,41.0,23.3,8.0,4.55,0.65,0.155,25.69,11.9,18.84,30.74,28.11,17.67,177.0,0.234,54.0,30.51,16.0,9.04,0.653,0.1139999999999999,27.76,11.0,22.57,33.57,28.9,25.84
745324,2024-06-27,2024,683737,L,663855,R,strikeout,True,False,232.0,0.253,81.0,34.91,29.0,12.5,0.7929999999999999,0.191,33.94,15.01,15.72,30.73,24.28,25.8,66.0,0.158,21.0,31.82,8.0,12.12,0.556,0.1399999999999999,29.79,14.48,13.45,27.93,28.39,21.0,165.0,0.25,28.0,16.97,23.0,13.94,0.722,0.09599999999999997,22.79,9.72,14.37,24.09,24.94,14.21,109.0,0.225,27.0,24.77,16.0,14.68,0.6639999999999999,0.0779999999999999,28.89,12.53,15.18,27.71,26.27,23.89
745324,2024-06-27,2024,641355,L,663855,R,single,False,False,206.0,0.238,37.0,17.96,22.0,10.68,0.734,0.17099999999999999,25.26,12.44,13.73,26.17,31.88,18.05,373.0,0.291,58.0,15.55,27.0,7.24,0.829,0.198,20.08,10.01,15.91,25.92,29.71,13.74,165.0,0.25,28.0,16.97,23.0,13.94,0.722,0.09599999999999997,22.79,9.72,14.37,24.09,24.94,14.21,109.0,0.225,27.0,24.77,16.0,14.68,0.6639999999999999,0.0779999999999999,28.89,12.53,15.18,27.71,26.27,23.89
745324,2024-06-27,2024,673548,R,663855,R,triple,False,False,177.0,0.27,53.0,29.94,11.0,6.21,0.781,0.183,27.05,10.81,22.02,32.83,22.85,21.63,419.0,0.278,102.0,24.34,41.0,9.79,0.839,0.2129999999999999,24.3,9.93,20.44,30.37,19.3,20.2,176.0,0.228,41.0,23.3,8.0,4.55,0.65,0.155,25.69,11.9,18.84,30.74,28.11,17.67,177.0,0.234,54.0,30.51,16.0,9.04,0.653,0.1139999999999999,27.76,11.0,22.57,33.57,28.9,25.84
745324,2024-06-27,2024,664023,L,663855,R,walk,False,True,244.0,0.224,70.0,28.69,34.0,13.93,0.732,0.166,28.3,12.54,16.31,28.84,22.97,19.83,502.0,0.258,109.0,21.71,80.0,15.94,0.831,0.192,25.86,11.22,15.24,26.46,20.31,17.34,165.0,0.25,28.0,16.97,23.0,13.94,0.722,0.09599999999999997,22.79,9.72,14.37,24.09,24.94,14.21,109.0,0.225,27.0,24.77,16.0,14.68,0.6639999999999999,0.0779999999999999,28.89,12.53,15.18,27.71,26.27,23.89
745324,2024-06-27,2024,666624,R,663855,R,field_out,False,False,254.0,0.207,57.0,22.44,31.0,12.2,0.704,0.18500000000000003,30.11,13.43,15.13,28.56,24.3,19.79,329.0,0.247,105.0,31.91,27.0,8.21,0.798,0.239,38.21,19.07,13.74,32.81,29.43,27.56,176.0,0.228,41.0,23.3,8.0,4.55,0.65,0.155,25.69,11.9,18.84,30.74,28.11,17.67,177.0,0.234,54.0,30.51,16.0,9.04,0.653,0.1139999999999999,27.76,11.0,22.57,33.57,28.9,25.84
745324,2024-06-27,2024,605113,R,684007,L,walk,False,True,55.0,0.347,8.0,14.55,5.0,9.09,0.869,0.122,19.59,10.22,14.52,24.73,27.5,21.05,122.0,0.155,28.0,22.95,6.0,4.92,0.404,0.0519999999999999,27.59,14.1,16.52,30.62,34.51,20.74,252.0,0.243,63.0,25.0,11.0,4.37,0.663,0.14200000000000002,29.56,16.19,12.09,28.29,34.82,22.74,,,,,,,,,,,,,,
745324,2024-06-27,2024,592200,R,684007,L,single,False,False,24.0,0.227,3.0,12.5,2.0,8.33,0.61,0.091,11.76,4.71,18.82,23.53,15.38,18.75,33.0,0.185,5.0,15.15,5.0,15.15,0.534,0.037,20.59,9.79,11.19,20.98,18.06,8.47,252.0,0.243,63.0,25.0,11.0,4.37,0.663,0.14200000000000002,29.56,16.19,12.09,28.29,34.82,22.74,,,,,,,,,,,,,,
745324,2024-06-27,2024,596103,R,684007,L,force_out,False,False,69.0,0.179,19.0,27.54,10.0,14.49,0.498,0.0,28.68,12.37,16.72,29.1,17.01,18.63,147.0,0.288,40.0,27.21,13.0,8.84,0.8,0.151,27.27,11.44,19.76,31.2,22.15,21.51,252.0,0.243,63.0,25.0,11.0,4.37,0.663,0.14200000000000002,29.56,16.19,12.09,28.29,34.82,22.74,,,,,,,,,,,,,,
745324,2024-06-27,2024,671218,R,684007,L,strikeout,True,False,53.0,0.45,10.0,18.87,11.0,20.75,1.516,0.49999999999999994,26.4,12.89,9.38,22.27,22.66,11.24,46.0,0.186,16.0,34.78,3.0,6.52,0.588,0.1629999999999999,32.35,16.67,13.64,30.3,30.21,23.53,252.0,0.243,63.0,25.0,11.0,4.37,0.663,0.14200000000000002,29.56,16.19,12.09,28.29,34.82,22.74,,,,,,,,,,,,,,
745324,2024-06-27,2024,527038,R,684007,L,field_out,False,False,99.0,0.218,12.0,12.12,8.0,8.08,0.632,0.13799999999999998,12.35,5.47,19.01,24.48,26.83,11.54,182.0,0.303,28.0,15.38,14.0,7.69,0.886,0.224,17.07,7.55,21.16,28.71,29.47,12.17,252.0,0.243,63.0,25.0,11.0,4.37,0.663,0.14200000000000002,29.56,16.19,12.09,28.29,34.82,22.74,,,,,,,,,,,,,,
745324,2024-06-27,2024,621020,R,663855,R,strikeout,True,False,218.0,0.218,59.0,27.06,18.0,8.26,0.6459999999999999,0.142,31.34,14.9,15.7,30.6,23.98,22.78,478.0,0.244,111.0,23.22,49.0,10.25,0.734,0.161,28.04,13.13,15.12,28.26,23.34,18.66,176.0,0.228,41.0,23.3,8.0,4.55,0.65,0.155,25.69,11.9,18.84,30.74,28.11,17.67,177.0,0.234,54.0,30.51,16.0,9.04,0.653,0.1139999999999999,27.76,11.0,22.57,33.57,28.9,25.84
745324,2024-06-27,2024,691718,L,663855,R,field_out,False,False,112.0,0.208,32.0,28.57,6.0,5.36,0.5740000000000001,0.10900000000000001,27.45,16.63,10.45,27.08,41.63,21.05,15.0,0.0,6.0,40.0,2.0,13.33,0.154,0.0,44.44,26.67,8.33,35.0,23.08,27.27,165.0,0.25,28.0,16.97,23.0,13.94,0.722,0.09599999999999997,22.79,9.72,14.37,24.09,24.94,14.21,109.0,0.225,27.0,24.77,16.0,14.68,0.6639999999999999,0.0779999999999999,28.89,12.53,15.18,27.71,26.27,23.89
745324,2024-06-27,2024,621512,R,663855,R,field_out,False,False,60.0,0.254,11.0,18.33,1.0,1.67,0.708,0.187,30.47,18.31,11.74,30.05,38.61,16.42,35.0,0.121,9.0,25.71,1.0,2.86,0.268,0.0,35.82,22.22,12.04,34.26,50.91,34.62,176.0,0.228,41.0,23.3,8.0,4.55,0.65,0.155,25.69,11.9,18.84,30.74,28.11,17.67,177.0,0.234,54.0,30.51,16.0,9.04,0.653,0.1139999999999999,27.76,11.0,22.57,33.57,28.9,25.84
745324,2024-06-27,2024,656305,R,684007,L,strikeout,True,False,88.0,0.333,16.0,18.18,10.0,11.36,0.986,0.24399999999999994,16.29,7.69,15.38,23.08,25.27,13.22,113.0,0.307,26.0,23.01,10.0,8.85,0.89,0.208,30.77,13.88,17.35,31.24,20.45,17.81,252.0,0.243,63.0,25.0,11.0,4.37,0.663,0.14200000000000002,29.56,16.19,12.09,28.29,34.82,22.74,,,,,,,,,,,,,,
745324,2024-06-27,2024,624585,R,684007,L,field_out,False,False,80.0,0.232,21.0,26.25,9.0,11.25,0.744,0.17400000000000002,31.76,14.83,14.83,29.65,30.51,22.83,135.0,0.277,30.0,22.22,20.0,14.81,1.081,0.4109999999999999,26.29,11.6,16.16,27.76,25.27,18.75,252.0,0.243,63.0,25.0,11.0,4.37,0.663,0.14200000000000002,29.56,16.19,12.09,28.29,34.82,22.74,,,,,,,,,,,,,,
745324,2024-06-27,2024,682641,R,684007,L,field_out,False,False,25.0,0.227,5.0,20.0,2.0,8.0,0.8250000000000001,0.31800000000000006,14.29,8.08,13.13,21.21,37.78,14.71,99.0,0.31,10.0,10.1,12.0,12.12,0.825,0.1069999999999999,11.64,4.94,17.44,22.38,22.04,14.71,252.0,0.243,63.0,25.0,11.0,4.37,0.663,0.14200000000000002,29.56,16.19,12.09,28.29,34.82,22.74,,,,,,,,,,,,,,
745324,2024-06-27,2024,663538,R,663855,R,field_out,False,False,245.0,0.242,24.0,9.8,23.0,9.39,0.661,0.08800000000000002,12.87,5.8,21.09,26.9,30.37,9.49,508.0,0.274,63.0,12.4,40.0,7.87,0.72,0.0979999999999999,13.4,6.0,20.67,26.67,29.91,12.21,176.0,0.228,41.0,23.3,8.0,4.55,0.65,0.155,25.69,11.9,18.84,30.74,28.11,17.67,177.0,0.234,54.0,30.51,16.0,9.04,0.653,0.1139999999999999,27.76,11.0,22.57,33.57,28.9,25.84
745324,2024-06-27,2024,683737,L,663855,R,single,False,False,232.0,0.253,81.0,34.91,29.0,12.5,0.7929999999999999,0.191,33.94,15.01,15.72,30.73,24.28,25.8,66.0,0.158,21.0,31.82,8.0,12.12,0.556,0.1399999999999999,29.79,14.48,13.45,27.93,28.39,21.0,165.0,0.25,28.0,16.97,23.0,13.94,0.722,0.09599999999999997,22.79,9.72,14.37,24.09,24.94,14.21,109.0,0.225,27.0,24.77,16.0,14.68,0.6639999999999999,0.0779999999999999,28.89,12.53,15.18,27.71,26.27,23.89
745324,2024-06-27,2024,641355,L,663855,R,field_out,False,False,206.0,0.238,37.0,17.96,22.0,10.68,0.734,0.17099999999999999,25.26,12.44,13.73,26.17,31.88,18.05,373.0,0.291,58.0,15.55,27.0,7.24,0.829,0.198,20.08,10.01,15.91,25.92,29.71,13.74,165.0,0.25,28.0,16.97,23.0,13.94,0.722,0.09599999999999997,22.79,9.72,14.37,24.09,24.94,14.21,109.0,0.225,27.0,24.77,16.0,14.68,0.6639999999999999,0.0779999999999999,28.89,12.53,15.18,27.71,26.27,23.89
745324,2024-06-27,2024,673548,R,663855,R,strikeout,True,False,177.0,0.27,53.0,29.94,11.0,6.21,0.781,0.183,27.05,10.81,22.02,32.83,22.85,21.63,419.0,0.278,102.0,24.34,41.0,9.79,0.839,0.2129999999999999,24.3,9.93,20.44,30.37,19.3,20.2,176.0,0.228,41.0,23.3,8.0,4.55,0.65,0.155,25.69,11.9,18.84,30.74,28.11,17.67,177.0,0.234,54.0,30.51,16.0,9.04,0.653,0.1139999999999999,27.76,11.0,22.57,33.57,28.9,25.84
745324,2024-06-27,2024,642731,R,684007,L,field_out,False,False,81.0,0.211,15.0,18.52,4.0,4.94,0.589,0.13100000000000003,19.72,10.37,17.41,27.78,34.53,22.06,150.0,0.257,36.0,24.0,7.0,4.67,0.643,0.079,21.99,10.73,18.17,28.89,37.46,20.57,252.0,0.243,63.0,25.0,11.0,4.37,0.663,0.14200000000000002,29.56,16.19,12.09,28.29,34.82,22.74,,,,,,,,,,,,,,
745324,2024-06-27,2024,605113,R,684007,L,field_out,False,False,55.0,0.347,8.0,14.55,5.0,9.09,0.869,0.122,19.59,10.22,14.52,24.73,27.5,21.05,122.0,0.155,28.0,22.95,6.0,4.92,0.404,0.0519999999999999,27.59,14.1,16.52,30.62,34.51,20.74,252.0,0.243,63.0,25.0,11.0,4.37,0.663,0.14200000000000002,29.56,16.19,12.09,28.29,34.82,22.74,,,,,,,,,,,,,,
745324,2024-06-27,2024,592200,R,684007,L,field_out,False,False,24.0,0.227,3.0,12.5,2.0,8.33,0.61,0.091,11.76,4.71,18.82,23.53,15.38,18.75,33.0,0.185,5.0,15.15,5.0,15.15,0.534,0.037,20.59,9.79,11.19,20.98,18.06,8.47,252.0,0.243,63.0,25.0,11.0,4.37,0.663,0.14200000000000002,29.56,16.19,12.09,28.29,34.82,22.74,,,,,,,,,,,,,,
745324,2024-06-27,2024,664023,L,702352,R,field_out,False,False,244.0,0.224,70.0,28.69,34.0,13.93,0.732,0.166,28.3,12.54,16.31,28.84,22.97,19.83,502.0,0.258,109.0,21.71,80.0,15.94,0.831,0.192,25.86,11.22,15.24,26.46,20.31,17.34,14.0,0.333,4.0,28.57,2.0,14.29,1.346,0.5840000000000001,31.58,11.11,20.37,31.48,18.75,33.33,,,,,,,,,,,,,,
745324,2024-06-27,2024,666624,R,702352,R,field_out,False,False,254.0,0.207,57.0,22.44,31.0,12.2,0.704,0.18500000000000003,30.11,13.43,15.13,28.56,24.3,19.79,329.0,0.247,105.0,31.91,27.0,8.21,0.798,0.239,38.21,19.07,13.74,32.81,29.43,27.56,19.0,0.118,6.0,31.58,2.0,10.53,0.505,0.176,23.08,10.34,21.84,32.18,33.33,15.38,,,,,,,,,,,,,,
745324,2024-06-27,2024,621020,R,702352,R,strikeout,True,False,218.0,0.218,59.0,27.06,18.0,8.26,0.6459999999999999,0.142,31.34,14.9,15.7,30.6,23.98,22.78,478.0,0.244,111.0,23.22,49.0,10.25,0.734,0.161,28.04,13.13,15.12,28.26,23.34,18.66,19.0,0.118,6.0,31.58,2.0,10.53,0.505,0.176,23.08,10.34,21.84,32.18,33.33,15.38,,,,,,,,,,,,,,
745324,2024-06-27,2024,596103,R,684007,L,single,False,False,69.0,0.179,19.0,27.54,10.0,14.49,0.498,0.0,28.68,12.37,16.72,29.1,17.01,18.63,147.0,0.288,40.0,27.21,13.0,8.84,0.8,0.151,27.27,11.44,19.76,31.2,22.15,21.51,252.0,0.243,63.0,25.0,11.0,4.37,0.663,0.14200000000000002,29.56,16.19,12.09,28.29,34.82,22.74,,,,,,,,,,,,,,
745324,2024-06-27,2024,671218,R,684007,L,field_out,False,False,53.0,0.45,10.0,18.87,11.0,20.75,1.516,0.49999999999999994,26.4,12.89,9.38,22.27,22.66,11.24,46.0,0.186,16.0,34.78,3.0,6.52,0.588,0.1629999999999999,32.35,16.67,13.64,30.3,30.21,23.53,252.0,0.243,63.0,25.0,11.0,4.37,0.663,0.14200000000000002,29.56,16.19,12.09,28.29,34.82,22.74,,,,,,,,,,,,,,
745324,2024-06-27,2024,527038,R,684007,L,field_out,False,False,99.0,0.218,12.0,12.12,8.0,8.08,0.632,0.13799999999999998,12.35,5.47,19.01,24.48,26.83,11.54,182.0,0.303,28.0,15.38,14.0,7.69,0.886,0.224,17.07,7.55,21.16,28.71,29.47,12.17,252.0,0.243,63.0,25.0,11.0,4.37,0.663,0.14200000000000002,29.56,16.19,12.09,28.29,34.82,22.74,,,,,,,,,,,,,,
745324,2024-06-27,2024,656305,R,684007,L,single,False,False,88.0,0.333,16.0,18.18,10.0,11.36,0.986,0.24399999999999994,16.29,7.69,15.38,23.08,25.27,13.22,113.0,0.307,26.0,23.01,10.0,8.85,0.89,0.208,30.77,13.88,17.35,31.24,20.45,17.81,252.0,0.243,63.0,25.0,11.0,4.37,0.663,0.14200000000000002,29.56,16.19,12.09,28.29,34.82,22.74,,,,,,,,,,,,,,
745324,2024-06-27,2024,624585,R,684007,L,double,False,False,80.0,0.232,21.0,26.25,9.0,11.25,0.744,0.17400000000000002,31.76,14.83,14.83,29.65,30.51,22.83,135.0,0.277,30.0,22.22,20.0,14.81,1.081,0.4109999999999999,26.29,11.6,16.16,27.76,25.27,18.75,252.0,0.243,63.0,25.0,11.0,4.37,0.663,0.14200000000000002,29.56,16.19,12.09,28.29,34.82,22.74,,,,,,,,,,,,,,
745324,2024-06-27,2024,682641,R,684007,L,single,False,False,25.0,0.227,5.0,20.0,2.0,8.0,0.8250000000000001,0.31800000000000006,14.29,8.08,13.13,21.21,37.78,14.71,99.0,0.31,10.0,10.1,12.0,12.12,0.825,0.1069999999999999,11.64,4.94,17.44,22.38,22.04,14.71,252.0,0.243,63.0,25.0,11.0,4.37,0.663,0.14200000000000002,29.56,16.19,12.09,28.29,34.82,22.74,,,,,,,,,,,,,,
745324,2024-06-27,2024,642731,R,684007,L,field_out,False,False,81.0,0.211,15.0,18.52,4.0,4.94,0.589,0.13100000000000003,19.72,10.37,17.41,27.78,34.53,22.06,150.0,0.257,36.0,24.0,7.0,4.67,0.643,0.079,21.99,10.73,18.17,28.89,37.46,20.57,252.0,0.243,63.0,25.0,11.0,4.37,0.663,0.14200000000000002,29.56,16.19,12.09,28.29,34.82,22.74,,,,,,,,,,,,,,
745324,2024-06-27,2024,691718,L,669062,L,field_out,False,False,17.0,0.188,5.0,29.41,0.0,0.0,0.423,0.0,36.0,20.93,20.93,41.86,50.0,50.0,4.0,0.0,1.0,25.0,1.0,25.0,0.25,0.0,33.33,7.69,30.77,38.46,0.0,50.0,54.0,0.136,20.0,37.04,9.0,16.67,0.478,0.045999999999999985,36.36,13.17,20.99,34.16,21.05,23.46,,,,,,,,,,,,,,
745324,2024-06-27,2024,621512,R,669062,L,strikeout,True,False,39.0,0.152,13.0,33.33,3.0,7.69,0.398,0.03,43.68,25.33,10.0,35.33,41.67,25.0,26.0,0.13,9.0,34.62,1.0,3.85,0.297,0.0,33.93,20.88,6.59,27.47,52.73,29.03,96.0,0.233,21.0,21.88,9.0,9.38,0.7789999999999999,0.24399999999999997,28.72,13.49,14.94,28.43,25.6,15.0,,,,,,,,,,,,,,
745324,2024-06-27,2024,663538,R,669062,L,single,False,False,57.0,0.24,8.0,14.04,6.0,10.53,0.633,0.06,16.49,7.8,17.56,25.37,35.35,14.81,180.0,0.306,20.0,11.11,9.0,5.0,0.756,0.1059999999999999,10.25,4.9,18.57,23.48,32.13,11.7,96.0,0.233,21.0,21.88,9.0,9.38,0.7789999999999999,0.24399999999999997,28.72,13.49,14.94,28.43,25.6,15.0,,,,,,,,,,,,,,
745324,2024-06-27,2024,683737,L,669062,L,walk,False,True,32.0,0.31,7.0,21.88,3.0,9.38,0.823,0.138,24.19,11.28,17.29,28.57,26.47,16.28,15.0,0.2,6.0,40.0,0.0,0.0,0.467,0.067,32.14,14.06,18.75,32.81,34.21,31.58,54.0,0.136,20.0,37.04,9.0,16.67,0.478,0.045999999999999985,36.36,13.17,20.99,34.16,21.05,23.46,,,,,,,,,,,,,,
745324,2024-06-27,2024,641355,L,669062,L,strikeout,True,False,85.0,0.349,11.0,12.94,1.0,1.18,0.835,0.133,19.33,10.43,17.99,28.42,40.0,15.07,183.0,0.337,29.0,15.85,13.0,7.1,0.984,0.2589999999999999,20.0,9.84,17.49,27.32,33.33,11.98,54.0,0.136,20.0,37.04,9.0,16.67,0.478,0.045999999999999985,36.36,13.17,20.99,34.16,21.05,23.46,,,,,,,,,,,,,,
745324,2024-06-27,2024,605113,R,681432,L,strikeout,True,False,55.0,0.347,8.0,14.55,5.0,9.09,0.869,0.122,19.59,10.22,14.52,24.73,27.5,21.05,122.0,0.155,28.0,22.95,6.0,4.92,0.404,0.0519999999999999,27.59,14.1,16.52,30.62,34.51,20.74,48.0,0.152,8.0,16.67,11.0,22.92,0.6990000000000001,0.151,23.19,8.38,18.85,27.23,16.67,17.78,19.0,0.267,8.0,42.11,3.0,15.79,0.754,0.066,46.43,15.85,19.51,35.37,15.56,30.77
745324,2024-06-27,2024,592200,R,681432,L,strikeout,True,False,24.0,0.227,3.0,12.5,2.0,8.33,0.61,0.091,11.76,4.71,18.82,23.53,15.38,18.75,33.0,0.185,5.0,15.15,5.0,15.15,0.534,0.037,20.59,9.79,11.19,20.98,18.06,8.47,48.0,0.152,8.0,16.67,11.0,22.92,0.6990000000000001,0.151,23.19,8.38,18.85,27.23,16.67,17.78,19.0,0.267,8.0,42.11,3.0,15.79,0.754,0.066,46.43,15.85,19.51,35.37,15.56,30.77
745324,2024-06-27,2024,596103,R,681432,L,strikeout,True,False,69.0,0.179,19.0,27.54,10.0,14.49,0.498,0.0,28.68,12.37,16.72,29.1,17.01,18.63,147.0,0.288,40.0,27.21,13.0,8.84,0.8,0.151,27.27,11.44,19.76,31.2,22.15,21.51,48.0,0.152,8.0,16.67,11.0,22.92,0.6990000000000001,0.151,23.19,8.38,18.85,27.23,16.67,17.78,19.0,0.267,8.0,42.11,3.0,15.79,0.754,0.066,46.43,15.85,19.51,35.37,15.56,30.77
745324,2024-06-27,2024,673548,R,676254,R,double,False,False,177.0,0.27,53.0,29.94,11.0,6.21,0.781,0.183,27.05,10.81,22.02,32.83,22.85,21.63,419.0,0.278,102.0,24.34,41.0,9.79,0.839,0.2129999999999999,24.3,9.93,20.44,30.37,19.3,20.2,89.0,0.192,29.0,32.58,5.0,5.62,0.504,0.03900000000000001,28.66,12.78,21.59,34.38,30.54,24.58,168.0,0.286,49.0,29.17,17.0,10.12,0.78,0.136,32.45,14.5,19.97,34.47,33.33,24.5
745324,2024-06-27,2024,664023,L,676254,R,strikeout,True,False,244.0,0.224,70.0,28.69,34.0,13.93,0.732,0.166,28.3,12.54,16.31,28.84,22.97,19.83,502.0,0.258,109.0,21.71,80.0,15.94,0.831,0.192,25.86,11.22,15.24,26.46,20.31,17.34,68.0,0.203,24.0,35.29,3.0,4.41,0.562,0.10899999999999999,33.58,16.61,17.33,33.94,30.4,26.37,96.0,0.221,29.0,30.21,7.0,7.29,0.711,0.1979999999999999,31.22,14.6,18.81,33.42,31.25,19.72
745324,2024-06-27,2024,666624,R,676254,R,field_out,False,False,254.0,0.207,57.0,22.44,31.0,12.2,0.704,0.18500000000000003,30.11,13.43,15.13,28.56,24.3,19.79,329.0,0.247,105.0,31.91,27.0,8.21,0.798,0.239,38.21,19.07,13.74,32.81,29.43,27.56,89.0,0.192,29.0,32.58,5.0,5.62,0.504,0.03900000000000001,28.66,12.78,21.59,34.38,30.54,24.58,168.0,0.286,49.0,29.17,17.0,10.12,0.78,0.136,32.45,14.5,19.97,34.47,33.33,24.5
745324,2024-06-27,2024,621020,R,676254,R,strikeout,True,False,218.0,0.218,59.0,27.06,18.0,8.26,0.6459999999999999,0.142,31.34,14.9,15.7,30.6,23.98,22.78,478.0,0.244,111.0,23.22,49.0,10.25,0.734,0.161,28.04,13.13,15.12,28.26,23.34,18.66,89.0,0.192,29.0,32.58,5.0,5.62,0.504,0.03900000000000001,28.66,12.78,21.59,34.38,30.54,24.58,168.0,0.286,49.0,29.17,17.0,10.12,0.78,0.136,32.45,14.5,19.97,34.47,33.33,24.5
745324,2024-06-27,2024,671218,R,668338,R,walk,False,True,139.0,0.246,44.0,31.65,9.0,6.47,0.6799999999999999,0.139,33.07,15.48,16.39,31.88,29.66,28.03,14.0,0.154,4.0,28.57,1.0,7.14,0.368,0.0,30.43,14.58,18.75,33.33,26.09,50.0,74.0,0.171,20.0,27.03,3.0,4.05,0.559,0.17200000000000001,28.48,15.15,13.8,28.96,36.77,18.81,32.0,0.185,7.0,21.88,4.0,12.5,0.503,0.037,28.57,12.31,16.92,29.23,30.26,20.59
745324,2024-06-27,2024,527038,R,668338,R,field_out,False,False,124.0,0.206,18.0,14.52,12.0,9.68,0.597,0.093,15.28,6.46,23.09,29.55,28.57,11.61,273.0,0.271,35.0,12.82,27.0,9.89,0.849,0.2249999999999999,14.98,6.76,19.32,26.08,27.75,9.09,74.0,0.171,20.0,27.03,3.0,4.05,0.559,0.17200000000000001,28.48,15.15,13.8,28.96,36.77,18.81,32.0,0.185,7.0,21.88,4.0,12.5,0.503,0.037,28.57,12.31,16.92,29.23,30.26,20.59
745324,2024-06-27,2024,656305,R,668338,R,field_out,False,False,246.0,0.199,64.0,26.02,22.0,8.94,0.6060000000000001,0.127,26.35,11.83,19.79,31.62,25.36,18.99,471.0,0.223,139.0,29.51,52.0,11.04,0.722,0.179,31.15,13.33,17.79,31.11,18.61,21.72,74.0,0.171,20.0,27.03,3.0,4.05,0.559,0.17200000000000001,28.48,15.15,13.8,28.96,36.77,18.81,32.0,0.185,7.0,21.88,4.0,12.5,0.503,0.037,28.57,12.31,16.92,29.23,30.26,20.59
745324,2024-06-27,2024,624585,R,668338,R,strikeout,True,False,199.0,0.217,47.0,23.62,19.0,9.55,0.6639999999999999,0.154,28.77,13.55,15.53,29.08,29.0,21.96,446.0,0.242,111.0,24.89,46.0,10.31,0.788,0.22,27.97,12.22,16.15,28.37,25.71,21.19,74.0,0.171,20.0,27.03,3.0,4.05,0.559,0.17200000000000001,28.48,15.15,13.8,28.96,36.77,18.81,32.0,0.185,7.0,21.88,4.0,12.5,0.503,0.037,28.57,12.31,16.92,29.23,30.26,20.59
745324,2024-06-27,2024,691718,L,663546,R,strikeout,True,False,112.0,0.208,32.0,28.57,6.0,5.36,0.5740000000000001,0.10900000000000001,27.45,16.63,10.45,27.08,41.63,21.05,15.0,0.0,6.0,40.0,2.0,13.33,0.154,0.0,44.44,26.67,8.33,35.0,23.08,27.27,66.0,0.169,14.0,21.21,4.0,6.06,0.658,0.255,14.68,6.67,22.5,29.17,26.55,20.9,60.0,0.294,12.0,20.0,5.0,8.33,0.863,0.196,23.21,11.4,16.67,28.07,21.78,17.65
745324,2024-06-27,2024,670156,L,663546,R,single,False,False,39.0,0.152,8.0,20.51,5.0,12.82,0.445,0.03,22.58,9.15,18.95,28.1,24.42,19.51,135.0,0.24,29.0,21.48,12.0,8.89,0.614,0.066,22.82,8.53,24.86,33.39,23.61,18.12,66.0,0.169,14.0,21.21,4.0,6.06,0.658,0.255,14.68,6.67,22.5,29.17,26.55,20.9,60.0,0.294,12.0,20.0,5.0,8.33,0.863,0.196,23.21,11.4,16.67,28.07,21.78,17.65
745324,2024-06-27,2024,663538,R,663546,R,single,False,False,245.0,0.242,24.0,9.8,23.0,9.39,0.661,0.08800000000000002,12.87,5.8,21.09,26.9,30.37,9.49,508.0,0.274,63.0,12.4,40.0,7.87,0.72,0.0979999999999999,13.4,6.0,20.67,26.67,29.91,12.21,81.0,0.228,23.0,28.4,1.0,1.23,0.525,0.05000000000000002,30.08,13.89,25.69,39.58,36.81,27.71,79.0,0.333,19.0,24.05,8.0,10.13,0.853,0.1019999999999999,21.37,8.56,22.6,31.16,26.67,26.03
745324,2024-06-27,2024,683737,L,663546,R,strikeout,True,False,232.0,0.253,81.0,34.91,29.0,12.5,0.7929999999999999,0.191,33.94,15.01,15.72,30.73,24.28,25.8,66.0,0.158,21.0,31.82,8.0,12.12,0.556,0.1399999999999999,29.79,14.48,13.45,27.93,28.39,21.0,66.0,0.169,14.0,21.21,4.0,6.06,0.658,0.255,14.68,6.67,22.5,29.17,26.55,20.9,60.0,0.294,12.0,20.0,5.0,8.33,0.863,0.196,23.21,11.4,16.67,28.07,21.78,17.65
745324,2024-06-27,2024,641355,L,663546,R,field_out,False,False,206.0,0.238,37.0,17.96,22.0,10.68,0.734,0.17099999999999999,25.26,12.44,13.73,26.17,31.88,18.05,373.0,0.291,58.0,15.55,27.0,7.24,0.829,0.198,20.08,10.01,15.91,25.92,29.71,13.74,66.0,0.169,14.0,21.21,4.0,6.06,0.658,0.255,14.68,6.67,22.5,29.17,26.55,20.9,60.0,0.294,12.0,20.0,5.0,8.33,0.863,0.196,23.21,11.4,16.67,28.07,21.78,17.65
745324,2024-06-27,2024,624424,L,593576,R,field_out,False,False,173.0,0.214,40.0,23.12,13.0,7.51,0.668,0.18200000000000002,25.0,11.57,16.91,28.49,27.83,20.51,368.0,0.245,77.0,20.92,50.0,13.59,0.753,0.155,23.68,10.56,15.02,25.57,23.23,16.81,59.0,0.205,12.0,20.34,15.0,25.42,0.725,0.11300000000000002,25.69,11.02,11.02,22.05,24.05,19.05,115.0,0.163,32.0,27.83,15.0,13.04,0.517,0.0819999999999999,34.19,16.91,12.68,29.6,31.32,21.92
745324,2024-06-27,2024,642731,R,593576,R,strikeout,True,False,226.0,0.242,44.0,19.47,6.0,2.65,0.669,0.15300000000000002,19.49,9.64,19.54,29.19,35.31,19.47,380.0,0.276,84.0,22.11,15.0,3.95,0.767,0.172,21.44,11.24,17.01,28.25,38.17,20.1,67.0,0.276,14.0,20.9,6.0,8.96,0.854,0.22399999999999998,17.42,8.71,14.02,22.73,30.0,18.67,158.0,0.181,45.0,28.48,16.0,10.13,0.6060000000000001,0.145,27.9,14.33,15.14,29.47,31.82,22.39
745324,2024-06-27,2024,672275,L,593576,R,strikeout,True,False,169.0,0.283,30.0,17.75,20.0,11.83,0.8109999999999999,0.16500000000000004,20.82,9.68,14.52,24.19,24.85,15.71,240.0,0.203,70.0,29.17,13.0,5.42,0.5569999999999999,0.0989999999999999,26.61,12.88,17.55,30.43,28.93,23.81,59.0,0.205,12.0,20.34,15.0,25.42,0.725,0.11300000000000002,25.69,11.02,11.02,22.05,24.05,19.05,115.0,0.163,32.0,27.83,15.0,13.04,0.517,0.0819999999999999,34.19,16.91,12.68,29.6,31.32,21.92
745324,2024-06-27,2024,673548,R,592426,R,field_out,False,False,177.0,0.27,53.0,29.94,11.0,6.21,0.781,0.183,27.05,10.81,22.02,32.83,22.85,21.63,419.0,0.278,102.0,24.34,41.0,9.79,0.839,0.2129999999999999,24.3,9.93,20.44,30.37,19.3,20.2,66.0,0.246,13.0,19.7,6.0,9.09,0.626,0.05199999999999999,24.8,12.4,14.8,27.2,33.33,14.44,98.0,0.182,31.0,31.63,9.0,9.18,0.5720000000000001,0.125,28.42,13.83,13.83,27.66,29.59,25.2
745324,2024-06-27,2024,664023,L,592426,R,home_run,False,False,244.0,0.224,70.0,28.69,34.0,13.93,0.732,0.166,28.3,12.54,16.31,28.84,22.97,19.83,502.0,0.258,109.0,21.71,80.0,15.94,0.831,0.192,25.86,11.22,15.24,26.46,20.31,17.34,48.0,0.359,7.0,14.58,8.0,16.67,1.022,0.20499999999999996,26.74,12.23,14.89,27.13,31.78,12.73,45.0,0.263,12.0,26.67,6.0,13.33,0.7769999999999999,0.1579999999999999,35.14,16.15,16.15,32.3,28.21,26.09
745324,2024-06-27,2024,666624,R,592426,R,field_out,False,False,254.0,0.207,57.0,22.44,31.0,12.2,0.704,0.18500000000000003,30.11,13.43,15.13,28.56,24.3,19.79,329.0,0.247,105.0,31.91,27.0,8.21,0.798,0.239,38.21,19.07,13.74,32.81,29.43,27.56,66.0,0.246,13.0,19.7,6.0,9.09,0.626,0.05199999999999999,24.8,12.4,14.8,27.2,33.33,14.44,98.0,0.182,31.0,31.63,9.0,9.18,0.5720000000000001,0.125,28.42,13.83,13.83,27.66,29.59,25.2
745324,2024-06-27,2024,621020,R,592426,R,field_out,False,False,218.0,0.218,59.0,27.06,18.0,8.26,0.6459999999999999,0.142,31.34,14.9,15.7,30.6,23.98,22.78,478.0,0.244,111.0,23.22,49.0,10.25,0.734,0.161,28.04,13.13,15.12,28.26,23.34,18.66,66.0,0.246,13.0,19.7,6.0,9.09,0.626,0.05199999999999999,24.8,12.4,14.8,27.2,33.33,14.44,98.0,0.182,31.0,31.63,9.0,9.18,0.5720000000000001,0.125,28.42,13.83,13.83,27.66,29.59,25.2
745324,2024-06-27,2024,689172,L,687863,R,single,False,False,85.0,0.241,17.0,20.0,5.0,5.88,0.611,0.08800000000000002,19.58,8.95,19.81,28.75,30.41,19.54,106.0,0.155,30.0,28.3,8.0,7.55,0.4639999999999999,0.092,28.32,14.65,14.19,28.83,32.6,19.86,13.0,0.091,7.0,53.85,2.0,15.38,0.504,0.18200000000000002,39.13,18.0,14.0,32.0,18.52,50.0,,,,,,,,,,,,,,
745324,2024-06-27,2024,596103,R,687863,R,strikeout,True,False,22.0,0.312,6.0,27.27,4.0,18.18,0.9550000000000001,0.188,31.25,10.64,22.34,32.98,11.11,20.0,60.0,0.226,18.0,30.0,7.0,11.67,0.619,0.0759999999999999,36.36,15.52,18.1,33.62,22.5,28.12,23.0,0.158,7.0,30.43,4.0,17.39,0.515,0.05299999999999999,35.9,14.29,16.33,30.61,17.31,26.92,,,,,,,,,,,,,,
745324,2024-06-27,2024,671218,R,687863,R,field_out,False,False,139.0,0.246,44.0,31.65,9.0,6.47,0.6799999999999999,0.139,33.07,15.48,16.39,31.88,29.66,28.03,14.0,0.154,4.0,28.57,1.0,7.14,0.368,0.0,30.43,14.58,18.75,33.33,26.09,50.0,23.0,0.158,7.0,30.43,4.0,17.39,0.515,0.05299999999999999,35.9,14.29,16.33,30.61,17.31,26.92,,,,,,,,,,,,,,
745324,2024-06-27,2024,527038,R,687863,R,field_out,False,False,124.0,0.206,18.0,14.52,12.0,9.68,0.597,0.093,15.28,6.46,23.09,29.55,28.57,11.61,273.0,0.271,35.0,12.82,27.0,9.89,0.849,0.2249999999999999,14.98,6.76,19.32,26.08,27.75,9.09,23.0,0.158,7.0,30.43,4.0,17.39,0.515,0.05299999999999999,35.9,14.29,16.33,30.61,17.31,26.92,,,,,,,,,,,,,,
747185,2024-06-27,2024,622534,R,656756,L,field_out,False,False,79.0,0.314,11.0,13.92,8.0,10.13,0.837,0.14300000000000002,19.73,9.15,15.77,24.92,28.99,12.79,99.0,0.277,22.0,22.22,3.0,3.03,0.665,0.0949999999999999,26.88,13.81,17.68,31.49,28.93,23.66,231.0,0.316,33.0,14.29,19.0,8.23,0.9,0.21200000000000002,24.49,11.81,14.39,26.2,31.12,15.57,671.0,0.241,144.0,21.46,46.0,6.86,0.696,0.159,27.32,12.93,16.3,29.23,30.43,19.54
747185,2024-06-27,2024,621043,R,656756,L,single,False,False,67.0,0.305,11.0,16.42,6.0,8.96,0.949,0.27099999999999996,17.12,7.31,18.08,25.38,20.77,16.92,136.0,0.248,19.0,13.97,17.0,12.5,0.782,0.188,21.1,9.54,17.18,26.72,26.2,13.01,231.0,0.316,33.0,14.29,19.0,8.23,0.9,0.21200000000000002,24.49,11.81,14.39,26.2,31.12,15.57,671.0,0.241,144.0,21.46,46.0,6.86,0.696,0.159,27.32,12.93,16.3,29.23,30.43,19.54
747185,2024-06-27,2024,668904,R,656756,L,field_out,False,False,25.0,0.4,2.0,8.0,4.0,16.0,1.23,0.35,21.74,11.49,9.2,20.69,37.78,8.33,56.0,0.314,12.0,21.43,5.0,8.93,0.7869999999999999,0.0979999999999999,27.66,13.33,16.92,30.26,30.21,23.53,231.0,0.316,33.0,14.29,19.0,8.23,0.9,0.21200000000000002,24.49,11.81,14.39,26.2,31.12,15.57,671.0,0.241,144.0,21.46,46.0,6.86,0.696,0.159,27.32,12.93,16.3,29.23,30.43,19.54
747185,2024-06-27,2024,669304,R,656756,L,single,False,False,74.0,0.239,11.0,14.86,2.0,2.7,0.636,0.127,17.78,9.49,13.04,22.53,34.88,16.92,32.0,0.226,6.0,18.75,1.0,3.12,0.573,0.097,29.85,17.54,10.53,28.07,44.44,20.0,231.0,0.316,33.0,14.29,19.0,8.23,0.9,0.21200000000000002,24.49,11.81,14.39,26.2,31.12,15.57,671.0,0.241,144.0,21.46,46.0,6.86,0.696,0.159,27.32,12.93,16.3,29.23,30.43,19.54
747185,2024-06-27,2024,467793,R,656756,L,force_out,False,False,74.0,0.294,12.0,16.22,4.0,5.41,0.901,0.26500000000000007,22.96,10.26,18.21,28.48,22.54,14.29,162.0,0.266,21.0,12.96,20.0,12.35,0.8069999999999999,0.187,16.6,6.97,17.43,24.41,22.49,13.04,231.0,0.316,33.0,14.29,19.0,8.23,0.9,0.21200000000000002,24.49,11.81,14.39,26.2,31.12,15.57,671.0,0.241,144.0,21.46,46.0,6.86,0.696,0.159,27.32,12.93,16.3,29.23,30.43,19.54
747185,2024-06-27,2024,682998,L,701581,R,field_out,False,False,231.0,0.225,38.0,16.45,29.0,12.55,0.66,0.11000000000000001,19.41,8.21,16.99,25.2,24.12,18.18,472.0,0.286,105.0,22.25,46.0,9.75,0.921,0.266,22.34,10.24,16.27,26.51,28.83,21.92,,,,,,,,,,,,,,,,,,,,,,,,,,,,
747185,2024-06-27,2024,606466,L,701581,R,field_out,False,False,223.0,0.258,47.0,21.08,21.0,9.42,0.72,0.139,23.6,11.06,14.51,25.56,23.52,19.49,452.0,0.259,85.0,18.81,54.0,11.95,0.827,0.2199999999999999,20.87,9.03,16.76,25.8,21.17,17.28,,,,,,,,,,,,,,,,,,,,,,,,,,,,
747185,2024-06-27,2024,592626,L,701581,R,field_out,False,False,217.0,0.293,53.0,24.42,23.0,10.6,0.888,0.21000000000000002,23.96,11.02,17.32,28.35,29.5,21.2,373.0,0.241,74.0,19.84,49.0,13.14,0.786,0.194,24.13,10.89,15.07,25.96,29.36,16.09,,,,,,,,,,,,,,,,,,,,,,,,,,,,
747185,2024-06-27,2024,680777,R,656756,L,single,False,False,77.0,0.229,20.0,25.97,4.0,5.19,0.77,0.24199999999999997,25.52,12.33,17.33,29.67,33.33,21.05,95.0,0.263,23.0,24.21,14.0,14.74,0.94,0.29,28.57,11.73,16.53,28.27,26.11,22.77,231.0,0.316,33.0,14.29,19.0,8.23,0.9,0.21200000000000002,24.49,11.81,14.39,26.2,31.12,15.57,671.0,0.241,144.0,21.46,46.0,6.86,0.696,0.159,27.32,12.93,16.3,29.23,30.43,19.54
747185,2024-06-27,2024,621439,R,656756,L,single,False,False,62.0,0.276,18.0,29.03,3.0,4.84,0.857,0.258,29.91,15.42,16.3,31.72,29.81,25.35,90.0,0.179,29.0,32.22,9.0,10.0,0.628,0.193,33.14,15.66,14.56,30.22,23.24,27.88,231.0,0.316,33.0,14.29,19.0,8.23,0.9,0.21200000000000002,24.49,11.81,14.39,26.2,31.12,15.57,671.0,0.241,144.0,21.46,46.0,6.86,0.696,0.159,27.32,12.93,16.3,29.23,30.43,19.54
747185,2024-06-27,2024,650489,R,656756,L,single,False,False,79.0,0.365,20.0,25.32,4.0,5.06,0.986,0.21599999999999997,29.94,15.46,16.12,31.58,36.6,22.22,129.0,0.237,26.0,20.16,11.0,8.53,0.636,0.079,27.27,14.12,14.71,28.82,33.85,15.03,231.0,0.316,33.0,14.29,19.0,8.23,0.9,0.21200000000000002,24.49,11.81,14.39,26.2,31.12,15.57,671.0,0.241,144.0,21.46,46.0,6.86,0.696,0.159,27.32,12.93,16.3,29.23,30.43,19.54
747185,2024-06-27,2024,571657,R,656756,L,strikeout,True,False,63.0,0.222,12.0,19.05,6.0,9.52,0.611,0.05600000000000002,21.0,9.01,21.46,30.47,29.73,19.05,128.0,0.289,27.0,21.09,10.0,7.81,0.782,0.141,24.78,11.45,20.65,32.11,31.62,18.88,231.0,0.316,33.0,14.29,19.0,8.23,0.9,0.21200000000000002,24.49,11.81,14.39,26.2,31.12,15.57,671.0,0.241,144.0,21.46,46.0,6.86,0.696,0.159,27.32,12.93,16.3,29.23,30.43,19.54
747185,2024-06-27,2024,622534,R,656756,L,single,False,False,79.0,0.314,11.0,13.92,8.0,10.13,0.837,0.14300000000000002,19.73,9.15,15.77,24.92,28.99,12.79,99.0,0.277,22.0,22.22,3.0,3.03,0.665,0.0949999999999999,26.88,13.81,17.68,31.49,28.93,23.66,231.0,0.316,33.0,14.29,19.0,8.23,0.9,0.21200000000000002,24.49,11.81,14.39,26.2,31.12,15.57,671.0,0.241,144.0,21.46,46.0,6.86,0.696,0.159,27.32,12.93,16.3,29.23,30.43,19.54
747185,2024-06-27,2024,621043,R,656756,L,catcher_interf,False,False,67.0,0.305,11.0,16.42,6.0,8.96,0.949,0.27099999999999996,17.12,7.31,18.08,25.38,20.77,16.92,136.0,0.248,19.0,13.97,17.0,12.5,0.782,0.188,21.1,9.54,17.18,26.72,26.2,13.01,231.0,0.316,33.0,14.29,19.0,8.23,0.9,0.21200000000000002,24.49,11.81,14.39,26.2,31.12,15.57,671.0,0.241,144.0,21.46,46.0,6.86,0.696,0.159,27.32,12.93,16.3,29.23,30.43,19.54
747185,2024-06-27,2024,668904,R,656756,L,single,False,False,25.0,0.4,2.0,8.0,4.0,16.0,1.23,0.35,21.74,11.49,9.2,20.69,37.78,8.33,56.0,0.314,12.0,21.43,5.0,8.93,0.7869999999999999,0.0979999999999999,27.66,13.33,16.92,30.26,30.21,23.53,231.0,0.316,33.0,14.29,19.0,8.23,0.9,0.21200000000000002,24.49,11.81,14.39,26.2,31.12,15.57,671.0,0.241,144.0,21.46,46.0,6.86,0.696,0.159,27.32,12.93,16.3,29.23,30.43,19.54
747185,2024-06-27,2024,669304,R,656756,L,sac_fly,False,False,74.0,0.239,11.0,14.86,2.0,2.7,0.636,0.127,17.78,9.49,13.04,22.53,34.88,16.92,32.0,0.226,6.0,18.75,1.0,3.12,0.573,0.097,29.85,17.54,10.53,28.07,44.44,20.0,231.0,0.316,33.0,14.29,19.0,8.23,0.9,0.21200000000000002,24.49,11.81,14.39,26.2,31.12,15.57,671.0,0.241,144.0,21.46,46.0,6.86,0.696,0.159,27.32,12.93,16.3,29.23,30.43,19.54
747185,2024-06-27,2024,467793,R,656756,L,double,False,False,74.0,0.294,12.0,16.22,4.0,5.41,0.901,0.26500000000000007,22.96,10.26,18.21,28.48,22.54,14.29,162.0,0.266,21.0,12.96,20.0,12.35,0.8069999999999999,0.187,16.6,6.97,17.43,24.41,22.49,13.04,231.0,0.316,33.0,14.29,19.0,8.23,0.9,0.21200000000000002,24.49,11.81,14.39,26.2,31.12,15.57,671.0,0.241,144.0,21.46,46.0,6.86,0.696,0.159,27.32,12.93,16.3,29.23,30.43,19.54
747185,2024-06-27,2024,680777,R,656756,L,field_out,False,False,77.0,0.229,20.0,25.97,4.0,5.19,0.77,0.24199999999999997,25.52,12.33,17.33,29.67,33.33,21.05,95.0,0.263,23.0,24.21,14.0,14.74,0.94,0.29,28.57,11.73,16.53,28.27,26.11,22.77,231.0,0.316,33.0,14.29,19.0,8.23,0.9,0.21200000000000002,24.49,11.81,14.39,26.2,31.12,15.57,671.0,0.241,144.0,21.46,46.0,6.86,0.696,0.159,27.32,12.93,16.3,29.23,30.43,19.54
747185,2024-06-27,2024,572233,R,701581,R,field_out,False,False,253.0,0.25,60.0,23.72,25.0,9.88,0.827,0.245,25.97,12.69,12.78,25.47,25.23,17.7,497.0,0.259,95.0,19.11,42.0,8.45,0.8009999999999999,0.2129999999999999,26.19,12.83,14.15,26.98,26.84,15.33,,,,,,,,,,,,,,,,,,,,,,,,,,,,
747185,2024-06-27,2024,666971,R,701581,R,walk,False,True,222.0,0.229,45.0,20.27,9.0,4.05,0.623,0.12799999999999997,21.14,10.65,16.15,26.79,31.82,18.22,433.0,0.247,85.0,19.63,21.0,4.85,0.756,0.22,20.07,9.99,16.64,26.63,31.06,17.82,,,,,,,,,,,,,,,,,,,,,,,,,,,,
747185,2024-06-27,2024,664983,L,701581,R,field_out,False,False,165.0,0.248,29.0,17.58,14.0,8.48,0.716,0.135,20.71,9.67,16.33,26.0,27.16,16.57,230.0,0.255,51.0,22.17,17.0,7.39,0.643,0.072,22.4,11.76,13.9,25.65,32.76,19.39,,,,,,,,,,,,,,,,,,,,,,,,,,,,
747185,2024-06-27,2024,621028,R,701581,R,field_out,False,False,110.0,0.265,19.0,17.27,6.0,5.45,0.659,0.08799999999999997,20.69,9.52,20.9,30.42,24.73,20.65,143.0,0.234,18.0,12.59,7.0,4.9,0.571,0.0549999999999999,15.29,7.27,19.84,27.11,26.2,13.04,,,,,,,,,,,,,,,,,,,,,,,,,,,,
747185,2024-06-27,2024,621439,R,656756,L,single,False,False,62.0,0.276,18.0,29.03,3.0,4.84,0.857,0.258,29.91,15.42,16.3,31.72,29.81,25.35,90.0,0.179,29.0,32.22,9.0,10.0,0.628,0.193,33.14,15.66,14.56,30.22,23.24,27.88,231.0,0.316,33.0,14.29,19.0,8.23,0.9,0.21200000000000002,24.49,11.81,14.39,26.2,31.12,15.57,671.0,0.241,144.0,21.46,46.0,6.86,0.696,0.159,27.32,12.93,16.3,29.23,30.43,19.54
747185,2024-06-27,2024,650489,R,656756,L,triple,False,False,79.0,0.365,20.0,25.32,4.0,5.06,0.986,0.21599999999999997,29.94,15.46,16.12,31.58,36.6,22.22,129.0,0.237,26.0,20.16,11.0,8.53,0.636,0.079,27.27,14.12,14.71,28.82,33.85,15.03,231.0,0.316,33.0,14.29,19.0,8.23,0.9,0.21200000000000002,24.49,11.81,14.39,26.2,31.12,15.57,671.0,0.241,144.0,21.46,46.0,6.86,0.696,0.159,27.32,12.93,16.3,29.23,30.43,19.54
747185,2024-06-27,2024,571657,R,656756,L,field_out,False,False,63.0,0.222,12.0,19.05,6.0,9.52,0.611,0.05600000000000002,21.0,9.01,21.46,30.47,29.73,19.05,128.0,0.289,27.0,21.09,10.0,7.81,0.782,0.141,24.78,11.45,20.65,32.11,31.62,18.88,231.0,0.316,33.0,14.29,19.0,8.23,0.9,0.21200000000000002,24.49,11.81,14.39,26.2,31.12,15.57,671.0,0.241,144.0,21.46,46.0,6.86,0.696,0.159,27.32,12.93,16.3,29.23,30.43,19.54
747185,2024-06-27,2024,622534,R,656756,L,sac_fly,False,False,79.0,0.314,11.0,13.92,8.0,10.13,0.837,0.14300000000000002,19.73,9.15,15.77,24.92,28.99,12.79,99.0,0.277,22.0,22.22,3.0,3.03,0.665,0.0949999999999999,26.88,13.81,17.68,31.49,28.93,23.66,231.0,0.316,33.0,14.29,19.0,8.23,0.9,0.21200000000000002,24.49,11.81,14.39,26.2,31.12,15.57,671.0,0.241,144.0,21.46,46.0,6.86,0.696,0.159,27.32,12.93,16.3,29.23,30.43,19.54
747185,2024-06-27,2024,621043,R,656756,L,walk,False,True,67.0,0.305,11.0,16.42,6.0,8.96,0.949,0.27099999999999996,17.12,7.31,18.08,25.38,20.77,16.92,136.0,0.248,19.0,13.97,17.0,12.5,0.782,0.188,21.1,9.54,17.18,26.72,26.2,13.01,231.0,0.316,33.0,14.29,19.0,8.23,0.9,0.21200000000000002,24.49,11.81,14.39,26.2,31.12,15.57,671.0,0.241,144.0,21.46,46.0,6.86,0.696,0.159,27.32,12.93,16.3,29.23,30.43,19.54
747185,2024-06-27,2024,668904,R,543518,R,field_out,False,False,59.0,0.278,12.0,20.34,5.0,8.47,1.098,0.481,29.73,14.35,13.91,28.26,28.0,18.46,183.0,0.307,43.0,23.5,15.0,8.2,0.962,0.283,27.16,12.8,18.57,31.36,28.0,20.98,72.0,0.286,10.0,13.89,6.0,8.33,0.966,0.333,27.61,14.62,10.67,25.3,25.21,15.62,162.0,0.28,46.0,28.4,17.0,10.49,0.876,0.244,32.11,16.06,15.44,31.5,34.25,22.89
747185,2024-06-27,2024,672695,L,701581,R,field_out,False,False,51.0,0.273,7.0,13.73,5.0,9.8,0.714,0.068,12.5,5.09,24.07,29.17,24.04,9.46,424.0,0.246,80.0,18.87,60.0,14.15,0.736,0.128,15.84,6.08,21.64,27.72,16.63,14.68,,,,,,,,,,,,,,,,,,,,,,,,,,,,
747185,2024-06-27,2024,645444,L,701581,R,field_out,False,False,1.0,0.0,0.0,0.0,0.0,0.0,0.0,0.0,0.0,0.0,33.33,33.33,0.0,,93.0,0.212,21.0,22.58,10.0,10.75,0.5469999999999999,0.038,18.62,7.07,25.13,32.2,13.61,16.24,,,,,,,,,,,,,,,,,,,,,,,,,,,,
747185,2024-06-27,2024,682998,L,701581,R,field_out,False,False,231.0,0.225,38.0,16.45,29.0,12.55,0.66,0.11000000000000001,19.41,8.21,16.99,25.2,24.12,18.18,472.0,0.286,105.0,22.25,46.0,9.75,0.921,0.266,22.34,10.24,16.27,26.51,28.83,21.92,,,,,,,,,,,,,,,,,,,,,,,,,,,,
747185,2024-06-27,2024,669304,R,543518,R,walk,False,True,151.0,0.321,22.0,14.57,10.0,6.62,0.935,0.24100000000000005,22.01,10.5,17.13,27.62,32.87,17.32,120.0,0.207,18.0,15.0,8.0,6.67,0.5640000000000001,0.09,23.72,11.83,13.69,25.52,32.37,15.04,72.0,0.286,10.0,13.89,6.0,8.33,0.966,0.333,27.61,14.62,10.67,25.3,25.21,15.62,162.0,0.28,46.0,28.4,17.0,10.49,0.876,0.244,32.11,16.06,15.44,31.5,34.25,22.89
747185,2024-06-27,2024,467793,L,543518,R,strikeout,True,False,213.0,0.235,31.0,14.55,23.0,10.8,0.73,0.16600000000000004,22.89,9.89,16.93,26.82,23.84,12.86,460.0,0.231,83.0,18.04,45.0,9.78,0.727,0.1899999999999999,23.76,11.0,14.32,25.31,24.63,16.21,45.0,0.265,8.0,17.78,10.0,22.22,0.746,0.059,28.21,12.02,15.85,27.87,23.71,17.78,140.0,0.163,40.0,28.57,13.0,9.29,0.593,0.178,31.92,14.09,17.15,31.24,28.75,21.62
747185,2024-06-27,2024,680777,R,543518,R,walk,False,True,178.0,0.24,34.0,19.1,15.0,8.43,0.8200000000000001,0.247,22.12,10.04,17.82,27.86,29.02,15.42,242.0,0.281,70.0,28.93,19.0,7.85,0.8280000000000001,0.186,29.53,13.79,18.6,32.39,32.19,21.28,72.0,0.286,10.0,13.89,6.0,8.33,0.966,0.333,27.61,14.62,10.67,25.3,25.21,15.62,162.0,0.28,46.0,28.4,17.0,10.49,0.876,0.244,32.11,16.06,15.44,31.5,34.25,22.89
747185,2024-06-27,2024,621439,R,543518,R,home_run,False,False,158.0,0.241,45.0,28.48,6.0,3.8,0.677,0.14500000000000002,33.74,18.3,12.31,30.62,36.28,22.84,257.0,0.217,80.0,31.13,26.0,10.12,0.767,0.243,29.69,15.03,12.96,27.99,29.53,25.0,72.0,0.286,10.0,13.89,6.0,8.33,0.966,0.333,27.61,14.62,10.67,25.3,25.21,15.62,162.0,0.28,46.0,28.4,17.0,10.49,0.876,0.244,32.11,16.06,15.44,31.5,34.25,22.89
747185,2024-06-27,2024,650489,L,543518,R,field_out,False,False,236.0,0.241,55.0,23.31,22.0,9.32,0.752,0.16799999999999998,27.39,13.19,15.29,28.48,28.8,18.39,280.0,0.266,73.0,26.07,23.0,8.21,0.8029999999999999,0.189,28.16,14.39,15.31,29.7,34.97,21.1,45.0,0.265,8.0,17.78,10.0,22.22,0.746,0.059,28.21,12.02,15.85,27.87,23.71,17.78,140.0,0.163,40.0,28.57,13.0,9.29,0.593,0.178,31.92,14.09,17.15,31.24,28.75,21.62
747185,2024-06-27,2024,571657,R,543518,R,strikeout,True,False,72.0,0.175,13.0,18.06,6.0,8.33,0.548,0.09500000000000003,20.97,10.36,16.33,26.69,33.61,20.0,241.0,0.239,59.0,24.48,13.0,5.39,0.6950000000000001,0.157,22.45,10.88,18.24,29.12,32.6,21.61,72.0,0.286,10.0,13.89,6.0,8.33,0.966,0.333,27.61,14.62,10.67,25.3,25.21,15.62,162.0,0.28,46.0,28.4,17.0,10.49,0.876,0.244,32.11,16.06,15.44,31.5,34.25,22.89
747185,2024-06-27,2024,606466,L,701581,R,home_run,False,False,223.0,0.258,47.0,21.08,21.0,9.42,0.72,0.139,23.6,11.06,14.51,25.56,23.52,19.49,452.0,0.259,85.0,18.81,54.0,11.95,0.827,0.2199999999999999,20.87,9.03,16.76,25.8,21.17,17.28,,,,,,,,,,,,,,,,,,,,,,,,,,,,
747185,2024-06-27,2024,592626,L,701581,R,strikeout,True,False,217.0,0.293,53.0,24.42,23.0,10.6,0.888,0.21000000000000002,23.96,11.02,17.32,28.35,29.5,21.2,373.0,0.241,74.0,19.84,49.0,13.14,0.786,0.194,24.13,10.89,15.07,25.96,29.36,16.09,,,,,,,,,,,,,,,,,,,,,,,,,,,,
747185,2024-06-27,2024,572233,R,701581,R,strikeout,True,False,253.0,0.25,60.0,23.72,25.0,9.88,0.827,0.245,25.97,12.69,12.78,25.47,25.23,17.7,497.0,0.259,95.0,19.11,42.0,8.45,0.8009999999999999,0.2129999999999999,26.19,12.83,14.15,26.98,26.84,15.33,,,,,,,,,,,,,,,,,,,,,,,,,,,,
747185,2024-06-27,2024,666971,R,701581,R,single,False,False,222.0,0.229,45.0,20.27,9.0,4.05,0.623,0.12799999999999997,21.14,10.65,16.15,26.79,31.82,18.22,433.0,0.247,85.0,19.63,21.0,4.85,0.756,0.22,20.07,9.99,16.64,26.63,31.06,17.82,,,,,,,,,,,,,,,,,,,,,,,,,,,,
747185,2024-06-27,2024,664983,L,701581,R,single,False,False,165.0,0.248,29.0,17.58,14.0,8.48,0.716,0.135,20.71,9.67,16.33,26.0,27.16,16.57,230.0,0.255,51.0,22.17,17.0,7.39,0.643,0.072,22.4,11.76,13.9,25.65,32.76,19.39,,,,,,,,,,,,,,,,,,,,,,,,,,,,
747185,2024-06-27,2024,621028,R,701581,R,single,False,False,110.0,0.265,19.0,17.27,6.0,5.45,0.659,0.08799999999999997,20.69,9.52,20.9,30.42,24.73,20.65,143.0,0.234,18.0,12.59,7.0,4.9,0.571,0.0549999999999999,15.29,7.27,19.84,27.11,26.2,13.04,,,,,,,,,,,,,,,,,,,,,,,,,,,,
747185,2024-06-27,2024,672695,L,701581,R,single,False,False,51.0,0.273,7.0,13.73,5.0,9.8,0.714,0.068,12.5,5.09,24.07,29.17,24.04,9.46,424.0,0.246,80.0,18.87,60.0,14.15,0.736,0.128,15.84,6.08,21.64,27.72,16.63,14.68,,,,,,,,,,,,,,,,,,,,,,,,,,,,
747185,2024-06-27,2024,645444,L,701581,R,single,False,False,1.0,0.0,0.0,0.0,0.0,0.0,0.0,0.0,0.0,0.0,33.33,33.33,0.0,,93.0,0.212,21.0,22.58,10.0,10.75,0.5469999999999999,0.038,18.62,7.07,25.13,32.2,13.61,16.24,,,,,,,,,,,,,,,,,,,,,,,,,,,,
747185,2024-06-27,2024,682998,L,701581,R,field_out,False,False,231.0,0.225,38.0,16.45,29.0,12.55,0.66,0.11000000000000001,19.41,8.21,16.99,25.2,24.12,18.18,472.0,0.286,105.0,22.25,46.0,9.75,0.921,0.266,22.34,10.24,16.27,26.51,28.83,21.92,,,,,,,,,,,,,,,,,,,,,,,,,,,,
747185,2024-06-27,2024,622534,R,686826,R,single,False,False,95.0,0.165,16.0,16.84,6.0,6.32,0.45699999999999996,0.046999999999999986,21.95,10.71,17.26,27.98,28.03,16.49,237.0,0.258,33.0,13.92,15.0,6.33,0.694,0.12,23.38,11.66,15.01,26.67,32.22,16.02,121.0,0.226,20.0,16.53,13.0,10.74,0.7090000000000001,0.161,24.54,11.65,16.7,28.35,28.51,16.0,55.0,0.151,11.0,20.0,2.0,3.64,0.484,0.151,22.22,10.05,15.98,26.03,30.25,18.03
747185,2024-06-27,2024,621043,R,686826,R,walk,False,True,195.0,0.306,36.0,18.46,19.0,9.74,0.831,0.15600000000000003,20.8,9.28,18.96,28.24,27.79,17.48,444.0,0.224,112.0,25.23,42.0,9.46,0.69,0.164,26.37,11.3,19.9,31.19,27.0,21.72,121.0,0.226,20.0,16.53,13.0,10.74,0.7090000000000001,0.161,24.54,11.65,16.7,28.35,28.51,16.0,55.0,0.151,11.0,20.0,2.0,3.64,0.484,0.151,22.22,10.05,15.98,26.03,30.25,18.03
747185,2024-06-27,2024,668904,R,686826,R,double,False,False,59.0,0.278,12.0,20.34,5.0,8.47,1.098,0.481,29.73,14.35,13.91,28.26,28.0,18.46,183.0,0.307,43.0,23.5,15.0,8.2,0.962,0.283,27.16,12.8,18.57,31.36,28.0,20.98,121.0,0.226,20.0,16.53,13.0,10.74,0.7090000000000001,0.161,24.54,11.65,16.7,28.35,28.51,16.0,55.0,0.151,11.0,20.0,2.0,3.64,0.484,0.151,22.22,10.05,15.98,26.03,30.25,18.03
747185,2024-06-27,2024,669304,R,686826,R,sac_fly,False,False,151.0,0.321,22.0,14.57,10.0,6.62,0.935,0.24100000000000005,22.01,10.5,17.13,27.62,32.87,17.32,120.0,0.207,18.0,15.0,8.0,6.67,0.5640000000000001,0.09,23.72,11.83,13.69,25.52,32.37,15.04,121.0,0.226,20.0,16.53,13.0,10.74,0.7090000000000001,0.161,24.54,11.65,16.7,28.35,28.51,16.0,55.0,0.151,11.0,20.0,2.0,3.64,0.484,0.151,22.22,10.05,15.98,26.03,30.25,18.03
747185,2024-06-27,2024,467793,L,686826,R,field_out,False,False,213.0,0.235,31.0,14.55,23.0,10.8,0.73,0.16600000000000004,22.89,9.89,16.93,26.82,23.84,12.86,460.0,0.231,83.0,18.04,45.0,9.78,0.727,0.1899999999999999,23.76,11.0,14.32,25.31,24.63,16.21,75.0,0.262,9.0,12.0,13.0,17.33,0.777,0.11499999999999999,19.73,9.01,11.49,20.5,24.2,8.49,37.0,0.207,1.0,2.7,7.0,18.92,0.661,0.103,11.67,4.64,13.91,18.54,9.76,2.56
747185,2024-06-27,2024,680777,R,686826,R,field_out,False,False,178.0,0.24,34.0,19.1,15.0,8.43,0.8200000000000001,0.247,22.12,10.04,17.82,27.86,29.02,15.42,242.0,0.281,70.0,28.93,19.0,7.85,0.8280000000000001,0.186,29.53,13.79,18.6,32.39,32.19,21.28,121.0,0.226,20.0,16.53,13.0,10.74,0.7090000000000001,0.161,24.54,11.65,16.7,28.35,28.51,16.0,55.0,0.151,11.0,20.0,2.0,3.64,0.484,0.151,22.22,10.05,15.98,26.03,30.25,18.03
747185,2024-06-27,2024,606466,L,701581,R,double,False,False,223.0,0.258,47.0,21.08,21.0,9.42,0.72,0.139,23.6,11.06,14.51,25.56,23.52,19.49,452.0,0.259,85.0,18.81,54.0,11.95,0.827,0.2199999999999999,20.87,9.03,16.76,25.8,21.17,17.28,,,,,,,,,,,,,,,,,,,,,,,,,,,,
747185,2024-06-27,2024,592626,L,701581,R,field_out,False,False,217.0,0.293,53.0,24.42,23.0,10.6,0.888,0.21000000000000002,23.96,11.02,17.32,28.35,29.5,21.2,373.0,0.241,74.0,19.84,49.0,13.14,0.786,0.194,24.13,10.89,15.07,25.96,29.36,16.09,,,,,,,,,,,,,,,,,,,,,,,,,,,,
747185,2024-06-27,2024,572233,R,701581,R,field_out,False,False,253.0,0.25,60.0,23.72,25.0,9.88,0.827,0.245,25.97,12.69,12.78,25.47,25.23,17.7,497.0,0.259,95.0,19.11,42.0,8.45,0.8009999999999999,0.2129999999999999,26.19,12.83,14.15,26.98,26.84,15.33,,,,,,,,,,,,,,,,,,,,,,,,,,,,
747185,2024-06-27,2024,666971,R,701581,R,field_out,False,False,222.0,0.229,45.0,20.27,9.0,4.05,0.623,0.12799999999999997,21.14,10.65,16.15,26.79,31.82,18.22,433.0,0.247,85.0,19.63,21.0,4.85,0.756,0.22,20.07,9.99,16.64,26.63,31.06,17.82,,,,,,,,,,,,,,,,,,,,,,,,,,,,
747185,2024-06-27,2024,621439,R,686826,R,hit_by_pitch,False,False,158.0,0.241,45.0,28.48,6.0,3.8,0.677,0.14500000000000002,33.74,18.3,12.31,30.62,36.28,22.84,257.0,0.217,80.0,31.13,26.0,10.12,0.767,0.243,29.69,15.03,12.96,27.99,29.53,25.0,121.0,0.226,20.0,16.53,13.0,10.74,0.7090000000000001,0.161,24.54,11.65,16.7,28.35,28.51,16.0,55.0,0.151,11.0,20.0,2.0,3.64,0.484,0.151,22.22,10.05,15.98,26.03,30.25,18.03
747185,2024-06-27,2024,650489,L,686826,R,force_out,False,False,236.0,0.241,55.0,23.31,22.0,9.32,0.752,0.16799999999999998,27.39,13.19,15.29,28.48,28.8,18.39,280.0,0.266,73.0,26.07,23.0,8.21,0.8029999999999999,0.189,28.16,14.39,15.31,29.7,34.97,21.1,75.0,0.262,9.0,12.0,13.0,17.33,0.777,0.11499999999999999,19.73,9.01,11.49,20.5,24.2,8.49,37.0,0.207,1.0,2.7,7.0,18.92,0.661,0.103,11.67,4.64,13.91,18.54,9.76,2.56
747185,2024-06-27,2024,571657,R,686826,R,field_out,False,False,72.0,0.175,13.0,18.06,6.0,8.33,0.548,0.09500000000000003,20.97,10.36,16.33,26.69,33.61,20.0,241.0,0.239,59.0,24.48,13.0,5.39,0.6950000000000001,0.157,22.45,10.88,18.24,29.12,32.6,21.61,121.0,0.226,20.0,16.53,13.0,10.74,0.7090000000000001,0.161,24.54,11.65,16.7,28.35,28.51,16.0,55.0,0.151,11.0,20.0,2.0,3.64,0.484,0.151,22.22,10.05,15.98,26.03,30.25,18.03
747185,2024-06-27,2024,622534,R,686826,R,field_out,False,False,95.0,0.165,16.0,16.84,6.0,6.32,0.45699999999999996,0.046999999999999986,21.95,10.71,17.26,27.98,28.03,16.49,237.0,0.258,33.0,13.92,15.0,6.33,0.694,0.12,23.38,11.66,15.01,26.67,32.22,16.02,121.0,0.226,20.0,16.53,13.0,10.74,0.7090000000000001,0.161,24.54,11.65,16.7,28.35,28.51,16.0,55.0,0.151,11.0,20.0,2.0,3.64,0.484,0.151,22.22,10.05,15.98,26.03,30.25,18.03
747185,2024-06-27,2024,664983,L,573204,L,field_out,False,False,41.0,0.405,8.0,19.51,4.0,9.76,0.895,0.02699999999999997,18.18,8.24,22.94,31.18,27.63,12.73,82.0,0.206,11.0,13.41,9.0,10.98,0.649,0.118,24.22,10.62,16.1,26.71,27.5,14.67,41.0,0.243,11.0,26.83,4.0,9.76,0.641,0.08100000000000002,26.03,11.59,21.95,33.54,24.1,18.33,48.0,0.128,14.0,29.17,0.0,0.0,0.3409999999999999,0.0849999999999999,21.59,10.73,18.64,29.38,32.89,26.92
747185,2024-06-27,2024,621028,R,573204,L,field_error,False,False,65.0,0.302,6.0,9.23,2.0,3.08,0.767,0.14200000000000002,10.17,5.38,16.59,21.97,31.07,10.34,110.0,0.278,16.0,14.55,10.0,9.09,0.813,0.186,14.21,6.42,19.26,25.68,27.4,13.79,43.0,0.444,8.0,18.6,5.0,11.63,1.238,0.306,20.78,9.64,18.07,27.71,28.05,17.39,73.0,0.258,22.0,30.14,6.0,8.22,0.94,0.363,25.66,12.79,14.1,26.89,26.11,21.57
747185,2024-06-27,2024,672695,R,573204,L,field_out,False,False,17.0,0.235,3.0,17.65,0.0,0.0,0.47,0.0,7.69,2.99,26.87,29.85,14.29,12.5,71.0,0.242,6.0,8.45,4.0,5.63,0.5780000000000001,0.032,11.11,4.68,20.14,24.82,19.85,7.59,43.0,0.444,8.0,18.6,5.0,11.63,1.238,0.306,20.78,9.64,18.07,27.71,28.05,17.39,73.0,0.258,22.0,30.14,6.0,8.22,0.94,0.363,25.66,12.79,14.1,26.89,26.11,21.57
747185,2024-06-27,2024,645444,R,573204,L,field_out,False,False,2.0,0.0,1.0,50.0,0.0,0.0,0.0,0.0,40.0,22.22,22.22,44.44,50.0,25.0,27.0,0.19,9.0,33.33,3.0,11.11,0.578,0.0959999999999999,22.64,9.23,19.23,28.46,24.29,21.43,43.0,0.444,8.0,18.6,5.0,11.63,1.238,0.306,20.78,9.64,18.07,27.71,28.05,17.39,73.0,0.258,22.0,30.14,6.0,8.22,0.94,0.363,25.66,12.79,14.1,26.89,26.11,21.57
747185,2024-06-27,2024,621043,R,686826,R,hit_by_pitch,False,False,195.0,0.306,36.0,18.46,19.0,9.74,0.831,0.15600000000000003,20.8,9.28,18.96,28.24,27.79,17.48,444.0,0.224,112.0,25.23,42.0,9.46,0.69,0.164,26.37,11.3,19.9,31.19,27.0,21.72,121.0,0.226,20.0,16.53,13.0,10.74,0.7090000000000001,0.161,24.54,11.65,16.7,28.35,28.51,16.0,55.0,0.151,11.0,20.0,2.0,3.64,0.484,0.151,22.22,10.05,15.98,26.03,30.25,18.03
747185,2024-06-27,2024,668904,R,686826,R,grounded_into_double_play,False,False,59.0,0.278,12.0,20.34,5.0,8.47,1.098,0.481,29.73,14.35,13.91,28.26,28.0,18.46,183.0,0.307,43.0,23.5,15.0,8.2,0.962,0.283,27.16,12.8,18.57,31.36,28.0,20.98,121.0,0.226,20.0,16.53,13.0,10.74,0.7090000000000001,0.161,24.54,11.65,16.7,28.35,28.51,16.0,55.0,0.151,11.0,20.0,2.0,3.64,0.484,0.151,22.22,10.05,15.98,26.03,30.25,18.03
747185,2024-06-27,2024,669304,R,686826,R,field_out,False,False,151.0,0.321,22.0,14.57,10.0,6.62,0.935,0.24100000000000005,22.01,10.5,17.13,27.62,32.87,17.32,120.0,0.207,18.0,15.0,8.0,6.67,0.5640000000000001,0.09,23.72,11.83,13.69,25.52,32.37,15.04,121.0,0.226,20.0,16.53,13.0,10.74,0.7090000000000001,0.161,24.54,11.65,16.7,28.35,28.51,16.0,55.0,0.151,11.0,20.0,2.0,3.64,0.484,0.151,22.22,10.05,15.98,26.03,30.25,18.03
747185,2024-06-27,2024,682998,L,573204,L,field_out,False,False,102.0,0.196,20.0,19.61,6.0,5.88,0.537,0.07600000000000001,21.71,9.84,18.65,28.5,32.0,18.87,174.0,0.283,20.0,11.49,11.0,6.32,0.7210000000000001,0.099,19.57,8.84,18.17,27.0,25.0,14.71,41.0,0.243,11.0,26.83,4.0,9.76,0.641,0.08100000000000002,26.03,11.59,21.95,33.54,24.1,18.33,48.0,0.128,14.0,29.17,0.0,0.0,0.3409999999999999,0.0849999999999999,21.59,10.73,18.64,29.38,32.89,26.92
747185,2024-06-27,2024,677942,R,663485,R,strikeout,True,False,87.0,0.222,20.0,22.99,6.0,6.9,0.56,0.06199999999999997,29.94,15.48,13.62,29.1,35.76,20.62,,,,,,,,,,,,,,,90.0,0.217,26.0,28.89,4.0,4.44,0.607,0.12000000000000002,27.65,14.16,17.77,31.93,35.62,24.53,45.0,0.205,10.0,22.22,6.0,13.33,0.619,0.103,26.76,10.98,21.97,32.95,29.89,16.95
747185,2024-06-27,2024,592626,L,663485,R,field_out,False,False,217.0,0.293,53.0,24.42,23.0,10.6,0.888,0.21000000000000002,23.96,11.02,17.32,28.35,29.5,21.2,373.0,0.241,74.0,19.84,49.0,13.14,0.786,0.194,24.13,10.89,15.07,25.96,29.36,16.09,57.0,0.271,15.0,26.32,3.0,5.26,0.75,0.14599999999999996,19.82,9.24,15.97,25.21,28.46,18.07,54.0,0.261,11.0,20.37,8.0,14.81,0.913,0.282,14.68,6.67,15.0,21.67,17.95,12.79
747185,2024-06-27,2024,467793,L,679885,R,single,False,False,213.0,0.235,31.0,14.55,23.0,10.8,0.73,0.16600000000000004,22.89,9.89,16.93,26.82,23.84,12.86,460.0,0.231,83.0,18.04,45.0,9.78,0.727,0.1899999999999999,23.76,11.0,14.32,25.31,24.63,16.21,48.0,0.175,13.0,27.08,7.0,14.58,0.498,0.025000000000000022,30.77,13.86,15.84,29.7,25.24,20.31,25.0,0.444,5.0,20.0,7.0,28.0,1.4329999999999998,0.3889999999999999,28.89,11.02,13.56,24.58,32.39,14.71
747185,2024-06-27,2024,680777,R,679885,R,grounded_into_double_play,False,False,178.0,0.24,34.0,19.1,15.0,8.43,0.8200000000000001,0.247,22.12,10.04,17.82,27.86,29.02,15.42,242.0,0.281,70.0,28.93,19.0,7.85,0.8280000000000001,0.186,29.53,13.79,18.6,32.39,32.19,21.28,69.0,0.233,17.0,24.64,9.0,13.04,0.5660000000000001,0.0,37.9,16.85,19.0,35.84,31.16,20.0,32.0,0.192,9.0,28.12,4.0,12.5,0.6519999999999999,0.1159999999999999,36.73,14.75,17.21,31.97,22.73,33.33
747185,2024-06-27,2024,621439,R,679885,R,field_out,False,False,158.0,0.241,45.0,28.48,6.0,3.8,0.677,0.14500000000000002,33.74,18.3,12.31,30.62,36.28,22.84,257.0,0.217,80.0,31.13,26.0,10.12,0.767,0.243,29.69,15.03,12.96,27.99,29.53,25.0,69.0,0.233,17.0,24.64,9.0,13.04,0.5660000000000001,0.0,37.9,16.85,19.0,35.84,31.16,20.0,32.0,0.192,9.0,28.12,4.0,12.5,0.6519999999999999,0.1159999999999999,36.73,14.75,17.21,31.97,22.73,33.33
747185,2024-06-27,2024,571466,L,681892,L,walk,False,True,29.0,0.111,11.0,37.93,1.0,3.45,0.291,0.03699999999999999,40.0,16.07,25.0,41.07,30.0,34.38,17.0,0.267,9.0,52.94,2.0,11.76,0.753,0.133,31.03,13.64,25.76,39.39,27.59,39.13,48.0,0.317,14.0,29.17,6.0,12.5,0.832,0.09799999999999998,29.23,9.22,24.27,33.5,16.82,26.42,17.0,0.188,6.0,35.29,1.0,5.88,0.61,0.187,28.57,11.94,20.9,32.84,27.78,30.0
747185,2024-06-27,2024,666971,R,681892,L,single,False,False,89.0,0.337,16.0,17.98,3.0,3.37,0.895,0.198,19.66,9.83,17.7,27.53,38.04,13.79,160.0,0.301,18.0,11.25,12.0,7.5,0.8140000000000001,0.151,14.39,6.67,17.26,23.93,28.33,12.16,71.0,0.283,11.0,15.49,6.0,8.45,0.84,0.2,23.44,11.11,15.56,26.67,25.78,13.58,30.0,0.12,13.0,43.33,4.0,13.33,0.427,0.04,37.5,16.8,20.8,37.6,29.51,29.55
747185,2024-06-27,2024,664983,L,681892,L,force_out,False,False,41.0,0.405,8.0,19.51,4.0,9.76,0.895,0.02699999999999997,18.18,8.24,22.94,31.18,27.63,12.73,82.0,0.206,11.0,13.41,9.0,10.98,0.649,0.118,24.22,10.62,16.1,26.71,27.5,14.67,48.0,0.317,14.0,29.17,6.0,12.5,0.832,0.09799999999999998,29.23,9.22,24.27,33.5,16.82,26.42,17.0,0.188,6.0,35.29,1.0,5.88,0.61,0.187,28.57,11.94,20.9,32.84,27.78,30.0
747185,2024-06-27,2024,621028,R,681892,L,sac_fly,False,False,65.0,0.302,6.0,9.23,2.0,3.08,0.767,0.14200000000000002,10.17,5.38,16.59,21.97,31.07,10.34,110.0,0.278,16.0,14.55,10.0,9.09,0.813,0.186,14.21,6.42,19.26,25.68,27.4,13.79,71.0,0.283,11.0,15.49,6.0,8.45,0.84,0.2,23.44,11.11,15.56,26.67,25.78,13.58,30.0,0.12,13.0,43.33,4.0,13.33,0.427,0.04,37.5,16.8,20.8,37.6,29.51,29.55
747185,2024-06-27,2024,672695,R,681892,L,single,False,False,17.0,0.235,3.0,17.65,0.0,0.0,0.47,0.0,7.69,2.99,26.87,29.85,14.29,12.5,71.0,0.242,6.0,8.45,4.0,5.63,0.5780000000000001,0.032,11.11,4.68,20.14,24.82,19.85,7.59,71.0,0.283,11.0,15.49,6.0,8.45,0.84,0.2,23.44,11.11,15.56,26.67,25.78,13.58,30.0,0.12,13.0,43.33,4.0,13.33,0.427,0.04,37.5,16.8,20.8,37.6,29.51,29.55
747185,2024-06-27,2024,545341,R,681892,L,strikeout,True,False,86.0,0.316,11.0,12.79,6.0,6.98,0.833,0.14500000000000002,19.18,9.15,15.69,24.84,27.45,15.49,134.0,0.328,17.0,12.69,12.0,8.96,0.995,0.2789999999999999,21.25,10.26,14.29,24.55,32.84,12.78,71.0,0.283,11.0,15.49,6.0,8.45,0.84,0.2,23.44,11.11,15.56,26.67,25.78,13.58,30.0,0.12,13.0,43.33,4.0,13.33,0.427,0.04,37.5,16.8,20.8,37.6,29.51,29.55
747185,2024-06-27,2024,650489,R,573009,L,strikeout,True,False,79.0,0.365,20.0,25.32,4.0,5.06,0.986,0.21599999999999997,29.94,15.46,16.12,31.58,36.6,22.22,129.0,0.237,26.0,20.16,11.0,8.53,0.636,0.079,27.27,14.12,14.71,28.82,33.85,15.03,61.0,0.241,12.0,19.67,7.0,11.48,0.6799999999999999,0.11099999999999999,30.83,15.55,11.76,27.31,35.43,17.91,90.0,0.277,13.0,14.44,7.0,7.78,0.875,0.265,21.12,10.49,15.43,25.93,33.13,16.25
747185,2024-06-27,2024,571657,R,573009,L,field_out,False,False,63.0,0.222,12.0,19.05,6.0,9.52,0.611,0.05600000000000002,21.0,9.01,21.46,30.47,29.73,19.05,128.0,0.289,27.0,21.09,10.0,7.81,0.782,0.141,24.78,11.45,20.65,32.11,31.62,18.88,61.0,0.241,12.0,19.67,7.0,11.48,0.6799999999999999,0.11099999999999999,30.83,15.55,11.76,27.31,35.43,17.91,90.0,0.277,13.0,14.44,7.0,7.78,0.875,0.265,21.12,10.49,15.43,25.93,33.13,16.25
747185,2024-06-27,2024,622534,R,573009,L,field_out,False,False,79.0,0.314,11.0,13.92,8.0,10.13,0.837,0.14300000000000002,19.73,9.15,15.77,24.92,28.99,12.79,99.0,0.277,22.0,22.22,3.0,3.03,0.665,0.0949999999999999,26.88,13.81,17.68,31.49,28.93,23.66,61.0,0.241,12.0,19.67,7.0,11.48,0.6799999999999999,0.11099999999999999,30.83,15.55,11.76,27.31,35.43,17.91,90.0,0.277,13.0,14.44,7.0,7.78,0.875,0.265,21.12,10.49,15.43,25.93,33.13,16.25
747185,2024-06-27,2024,682998,L,681892,L,strikeout,True,False,102.0,0.196,20.0,19.61,6.0,5.88,0.537,0.07600000000000001,21.71,9.84,18.65,28.5,32.0,18.87,174.0,0.283,20.0,11.49,11.0,6.32,0.7210000000000001,0.099,19.57,8.84,18.17,27.0,25.0,14.71,48.0,0.317,14.0,29.17,6.0,12.5,0.832,0.09799999999999998,29.23,9.22,24.27,33.5,16.82,26.42,17.0,0.188,6.0,35.29,1.0,5.88,0.61,0.187,28.57,11.94,20.9,32.84,27.78,30.0
747185,2024-06-27,2024,677942,R,681892,L,hit_by_pitch,False,False,76.0,0.328,23.0,30.26,7.0,9.21,0.893,0.16499999999999998,27.5,14.06,11.82,25.88,24.69,20.72,,,,,,,,,,,,,,,71.0,0.283,11.0,15.49,6.0,8.45,0.84,0.2,23.44,11.11,15.56,26.67,25.78,13.58,30.0,0.12,13.0,43.33,4.0,13.33,0.427,0.04,37.5,16.8,20.8,37.6,29.51,29.55
747185,2024-06-27,2024,592626,L,681892,L,strikeout,True,False,12.0,0.222,5.0,41.67,2.0,16.67,1.084,0.44500000000000006,31.25,10.0,28.0,38.0,17.86,45.45,52.0,0.186,15.0,28.85,8.0,15.38,0.6060000000000001,0.093,27.91,11.21,17.76,28.97,22.03,25.0,48.0,0.317,14.0,29.17,6.0,12.5,0.832,0.09799999999999998,29.23,9.22,24.27,33.5,16.82,26.42,17.0,0.188,6.0,35.29,1.0,5.88,0.61,0.187,28.57,11.94,20.9,32.84,27.78,30.0
747185,2024-06-27,2024,571466,L,681892,L,strikeout,True,False,29.0,0.111,11.0,37.93,1.0,3.45,0.291,0.03699999999999999,40.0,16.07,25.0,41.07,30.0,34.38,17.0,0.267,9.0,52.94,2.0,11.76,0.753,0.133,31.03,13.64,25.76,39.39,27.59,39.13,48.0,0.317,14.0,29.17,6.0,12.5,0.832,0.09799999999999998,29.23,9.22,24.27,33.5,16.82,26.42,17.0,0.188,6.0,35.29,1.0,5.88,0.61,0.187,28.57,11.94,20.9,32.84,27.78,30.0
745325,2024-06-27,2024,663538,R,806185,R,field_out,False,False,245.0,0.242,24.0,9.8,23.0,9.39,0.661,0.08800000000000002,12.87,5.8,21.09,26.9,30.37,9.49,508.0,0.274,63.0,12.4,40.0,7.87,0.72,0.0979999999999999,13.4,6.0,20.67,26.67,29.91,12.21,12.0,0.364,1.0,8.33,1.0,8.33,1.053,0.272,15.0,6.25,20.83,27.08,25.0,5.88,,,,,,,,,,,,,,
745325,2024-06-27,2024,683737,L,806185,R,strikeout,True,False,232.0,0.253,81.0,34.91,29.0,12.5,0.7929999999999999,0.191,33.94,15.01,15.72,30.73,24.28,25.8,66.0,0.158,21.0,31.82,8.0,12.12,0.556,0.1399999999999999,29.79,14.48,13.45,27.93,28.39,21.0,10.0,0.25,4.0,40.0,2.0,20.0,0.65,0.0,35.29,12.24,16.33,28.57,14.29,28.57,,,,,,,,,,,,,,
745325,2024-06-27,2024,641355,L,806185,R,field_out,False,False,206.0,0.238,37.0,17.96,22.0,10.68,0.734,0.17099999999999999,25.26,12.44,13.73,26.17,31.88,18.05,373.0,0.291,58.0,15.55,27.0,7.24,0.829,0.198,20.08,10.01,15.91,25.92,29.71,13.74,10.0,0.25,4.0,40.0,2.0,20.0,0.65,0.0,35.29,12.24,16.33,28.57,14.29,28.57,,,,,,,,,,,,,,
745325,2024-06-27,2024,689172,L,669713,R,field_out,False,False,85.0,0.241,17.0,20.0,5.0,5.88,0.611,0.08800000000000002,19.58,8.95,19.81,28.75,30.41,19.54,106.0,0.155,30.0,28.3,8.0,7.55,0.4639999999999999,0.092,28.32,14.65,14.19,28.83,32.6,19.86,76.0,0.203,16.0,21.05,6.0,7.89,0.5800000000000001,0.10099999999999998,21.67,9.22,19.86,29.08,22.14,18.39,159.0,0.298,26.0,16.35,16.0,10.06,0.986,0.319,14.23,6.41,17.95,24.36,22.1,13.0
745325,2024-06-27,2024,671218,R,669713,R,strikeout,True,False,139.0,0.246,44.0,31.65,9.0,6.47,0.6799999999999999,0.139,33.07,15.48,16.39,31.88,29.66,28.03,14.0,0.154,4.0,28.57,1.0,7.14,0.368,0.0,30.43,14.58,18.75,33.33,26.09,50.0,111.0,0.218,28.0,25.23,10.0,9.01,0.724,0.218,26.26,12.06,17.17,29.23,30.13,21.71,221.0,0.202,57.0,25.79,16.0,7.24,0.617,0.1459999999999999,29.02,12.78,18.23,31.01,30.33,23.27
745325,2024-06-27,2024,656305,R,669713,R,strikeout,True,False,246.0,0.199,64.0,26.02,22.0,8.94,0.6060000000000001,0.127,26.35,11.83,19.79,31.62,25.36,18.99,471.0,0.223,139.0,29.51,52.0,11.04,0.722,0.179,31.15,13.33,17.79,31.11,18.61,21.72,111.0,0.218,28.0,25.23,10.0,9.01,0.724,0.218,26.26,12.06,17.17,29.23,30.13,21.71,221.0,0.202,57.0,25.79,16.0,7.24,0.617,0.1459999999999999,29.02,12.78,18.23,31.01,30.33,23.27
745325,2024-06-27,2024,673548,R,806185,R,field_out,False,False,177.0,0.27,53.0,29.94,11.0,6.21,0.781,0.183,27.05,10.81,22.02,32.83,22.85,21.63,419.0,0.278,102.0,24.34,41.0,9.79,0.839,0.2129999999999999,24.3,9.93,20.44,30.37,19.3,20.2,12.0,0.364,1.0,8.33,1.0,8.33,1.053,0.272,15.0,6.25,20.83,27.08,25.0,5.88,,,,,,,,,,,,,,
745325,2024-06-27,2024,664023,L,806185,R,walk,False,True,244.0,0.224,70.0,28.69,34.0,13.93,0.732,0.166,28.3,12.54,16.31,28.84,22.97,19.83,502.0,0.258,109.0,21.71,80.0,15.94,0.831,0.192,25.86,11.22,15.24,26.46,20.31,17.34,10.0,0.25,4.0,40.0,2.0,20.0,0.65,0.0,35.29,12.24,16.33,28.57,14.29,28.57,,,,,,,,,,,,,,
745325,2024-06-27,2024,666624,R,806185,R,walk,False,True,254.0,0.207,57.0,22.44,31.0,12.2,0.704,0.18500000000000003,30.11,13.43,15.13,28.56,24.3,19.79,329.0,0.247,105.0,31.91,27.0,8.21,0.798,0.239,38.21,19.07,13.74,32.81,29.43,27.56,12.0,0.364,1.0,8.33,1.0,8.33,1.053,0.272,15.0,6.25,20.83,27.08,25.0,5.88,,,,,,,,,,,,,,
745325,2024-06-27,2024,621020,R,806185,R,strikeout,True,False,218.0,0.218,59.0,27.06,18.0,8.26,0.6459999999999999,0.142,31.34,14.9,15.7,30.6,23.98,22.78,478.0,0.244,111.0,23.22,49.0,10.25,0.734,0.161,28.04,13.13,15.12,28.26,23.34,18.66,12.0,0.364,1.0,8.33,1.0,8.33,1.053,0.272,15.0,6.25,20.83,27.08,25.0,5.88,,,,,,,,,,,,,,
745325,2024-06-27,2024,691718,L,806185,R,single,False,False,112.0,0.208,32.0,28.57,6.0,5.36,0.5740000000000001,0.10900000000000001,27.45,16.63,10.45,27.08,41.63,21.05,15.0,0.0,6.0,40.0,2.0,13.33,0.154,0.0,44.44,26.67,8.33,35.0,23.08,27.27,10.0,0.25,4.0,40.0,2.0,20.0,0.65,0.0,35.29,12.24,16.33,28.57,14.29,28.57,,,,,,,,,,,,,,
745325,2024-06-27,2024,665804,R,806185,R,field_out,False,False,137.0,0.213,29.0,21.17,10.0,7.3,0.5660000000000001,0.06600000000000003,27.01,14.51,14.31,28.82,35.46,18.24,92.0,0.187,24.0,26.09,7.0,7.61,0.679,0.173,24.72,11.67,16.98,28.65,28.18,19.05,12.0,0.364,1.0,8.33,1.0,8.33,1.053,0.272,15.0,6.25,20.83,27.08,25.0,5.88,,,,,,,,,,,,,,
745325,2024-06-27,2024,672275,L,669713,R,walk,False,True,169.0,0.283,30.0,17.75,20.0,11.83,0.8109999999999999,0.16500000000000004,20.82,9.68,14.52,24.19,24.85,15.71,240.0,0.203,70.0,29.17,13.0,5.42,0.5569999999999999,0.0989999999999999,26.61,12.88,17.55,30.43,28.93,23.81,76.0,0.203,16.0,21.05,6.0,7.89,0.5800000000000001,0.10099999999999998,21.67,9.22,19.86,29.08,22.14,18.39,159.0,0.298,26.0,16.35,16.0,10.06,0.986,0.319,14.23,6.41,17.95,24.36,22.1,13.0
745325,2024-06-27,2024,624585,R,669713,R,strikeout,True,False,199.0,0.217,47.0,23.62,19.0,9.55,0.6639999999999999,0.154,28.77,13.55,15.53,29.08,29.0,21.96,446.0,0.242,111.0,24.89,46.0,10.31,0.788,0.22,27.97,12.22,16.15,28.37,25.71,21.19,111.0,0.218,28.0,25.23,10.0,9.01,0.724,0.218,26.26,12.06,17.17,29.23,30.13,21.71,221.0,0.202,57.0,25.79,16.0,7.24,0.617,0.1459999999999999,29.02,12.78,18.23,31.01,30.33,23.27
745325,2024-06-27,2024,642731,R,669713,R,strikeout,True,False,226.0,0.242,44.0,19.47,6.0,2.65,0.669,0.15300000000000002,19.49,9.64,19.54,29.19,35.31,19.47,380.0,0.276,84.0,22.11,15.0,3.95,0.767,0.172,21.44,11.24,17.01,28.25,38.17,20.1,111.0,0.218,28.0,25.23,10.0,9.01,0.724,0.218,26.26,12.06,17.17,29.23,30.13,21.71,221.0,0.202,57.0,25.79,16.0,7.24,0.617,0.1459999999999999,29.02,12.78,18.23,31.01,30.33,23.27
745325,2024-06-27,2024,624424,L,669713,R,home_run,False,False,173.0,0.214,40.0,23.12,13.0,7.51,0.668,0.18200000000000002,25.0,11.57,16.91,28.49,27.83,20.51,368.0,0.245,77.0,20.92,50.0,13.59,0.753,0.155,23.68,10.56,15.02,25.57,23.23,16.81,76.0,0.203,16.0,21.05,6.0,7.89,0.5800000000000001,0.10099999999999998,21.67,9.22,19.86,29.08,22.14,18.39,159.0,0.298,26.0,16.35,16.0,10.06,0.986,0.319,14.23,6.41,17.95,24.36,22.1,13.0
745325,2024-06-27,2024,681584,R,669713,R,home_run,False,False,8.0,0.143,3.0,37.5,0.0,0.0,0.696,0.42799999999999994,53.85,25.93,25.93,51.85,50.0,42.86,79.0,0.159,26.0,32.91,7.0,8.86,0.672,0.247,39.39,16.46,19.94,36.39,24.84,25.49,111.0,0.218,28.0,25.23,10.0,9.01,0.724,0.218,26.26,12.06,17.17,29.23,30.13,21.71,221.0,0.202,57.0,25.79,16.0,7.24,0.617,0.1459999999999999,29.02,12.78,18.23,31.01,30.33,23.27
745325,2024-06-27,2024,682641,R,669713,R,field_out,False,False,78.0,0.26,5.0,6.41,1.0,1.28,0.5940000000000001,0.065,10.37,5.51,14.17,19.69,36.88,8.77,154.0,0.215,23.0,14.94,8.0,5.19,0.56,0.0839999999999999,20.15,9.82,15.18,25.0,27.53,17.29,111.0,0.218,28.0,25.23,10.0,9.01,0.724,0.218,26.26,12.06,17.17,29.23,30.13,21.71,221.0,0.202,57.0,25.79,16.0,7.24,0.617,0.1459999999999999,29.02,12.78,18.23,31.01,30.33,23.27
745325,2024-06-27,2024,663538,R,806185,R,single,False,False,245.0,0.242,24.0,9.8,23.0,9.39,0.661,0.08800000000000002,12.87,5.8,21.09,26.9,30.37,9.49,508.0,0.274,63.0,12.4,40.0,7.87,0.72,0.0979999999999999,13.4,6.0,20.67,26.67,29.91,12.21,12.0,0.364,1.0,8.33,1.0,8.33,1.053,0.272,15.0,6.25,20.83,27.08,25.0,5.88,,,,,,,,,,,,,,
745325,2024-06-27,2024,683737,L,806185,R,single,False,False,232.0,0.253,81.0,34.91,29.0,12.5,0.7929999999999999,0.191,33.94,15.01,15.72,30.73,24.28,25.8,66.0,0.158,21.0,31.82,8.0,12.12,0.556,0.1399999999999999,29.79,14.48,13.45,27.93,28.39,21.0,10.0,0.25,4.0,40.0,2.0,20.0,0.65,0.0,35.29,12.24,16.33,28.57,14.29,28.57,,,,,,,,,,,,,,
745325,2024-06-27,2024,641355,L,806185,R,strikeout,True,False,206.0,0.238,37.0,17.96,22.0,10.68,0.734,0.17099999999999999,25.26,12.44,13.73,26.17,31.88,18.05,373.0,0.291,58.0,15.55,27.0,7.24,0.829,0.198,20.08,10.01,15.91,25.92,29.71,13.74,10.0,0.25,4.0,40.0,2.0,20.0,0.65,0.0,35.29,12.24,16.33,28.57,14.29,28.57,,,,,,,,,,,,,,
745325,2024-06-27,2024,673548,R,806185,R,field_out,False,False,177.0,0.27,53.0,29.94,11.0,6.21,0.781,0.183,27.05,10.81,22.02,32.83,22.85,21.63,419.0,0.278,102.0,24.34,41.0,9.79,0.839,0.2129999999999999,24.3,9.93,20.44,30.37,19.3,20.2,12.0,0.364,1.0,8.33,1.0,8.33,1.053,0.272,15.0,6.25,20.83,27.08,25.0,5.88,,,,,,,,,,,,,,
745325,2024-06-27,2024,664023,L,806185,R,strikeout,True,False,244.0,0.224,70.0,28.69,34.0,13.93,0.732,0.166,28.3,12.54,16.31,28.84,22.97,19.83,502.0,0.258,109.0,21.71,80.0,15.94,0.831,0.192,25.86,11.22,15.24,26.46,20.31,17.34,10.0,0.25,4.0,40.0,2.0,20.0,0.65,0.0,35.29,12.24,16.33,28.57,14.29,28.57,,,,,,,,,,,,,,
745325,2024-06-27,2024,689172,L,669713,R,strikeout,True,False,85.0,0.241,17.0,20.0,5.0,5.88,0.611,0.08800000000000002,19.58,8.95,19.81,28.75,30.41,19.54,106.0,0.155,30.0,28.3,8.0,7.55,0.4639999999999999,0.092,28.32,14.65,14.19,28.83,32.6,19.86,76.0,0.203,16.0,21.05,6.0,7.89,0.5800000000000001,0.10099999999999998,21.67,9.22,19.86,29.08,22.14,18.39,159.0,0.298,26.0,16.35,16.0,10.06,0.986,0.319,14.23,6.41,17.95,24.36,22.1,13.0
745325,2024-06-27,2024,671218,R,669713,R,field_out,False,False,139.0,0.246,44.0,31.65,9.0,6.47,0.6799999999999999,0.139,33.07,15.48,16.39,31.88,29.66,28.03,14.0,0.154,4.0,28.57,1.0,7.14,0.368,0.0,30.43,14.58,18.75,33.33,26.09,50.0,111.0,0.218,28.0,25.23,10.0,9.01,0.724,0.218,26.26,12.06,17.17,29.23,30.13,21.71,221.0,0.202,57.0,25.79,16.0,7.24,0.617,0.1459999999999999,29.02,12.78,18.23,31.01,30.33,23.27
745325,2024-06-27,2024,656305,R,669713,R,field_out,False,False,246.0,0.199,64.0,26.02,22.0,8.94,0.6060000000000001,0.127,26.35,11.83,19.79,31.62,25.36,18.99,471.0,0.223,139.0,29.51,52.0,11.04,0.722,0.179,31.15,13.33,17.79,31.11,18.61,21.72,111.0,0.218,28.0,25.23,10.0,9.01,0.724,0.218,26.26,12.06,17.17,29.23,30.13,21.71,221.0,0.202,57.0,25.79,16.0,7.24,0.617,0.1459999999999999,29.02,12.78,18.23,31.01,30.33,23.27
745325,2024-06-27,2024,666624,R,806185,R,single,False,False,254.0,0.207,57.0,22.44,31.0,12.2,0.704,0.18500000000000003,30.11,13.43,15.13,28.56,24.3,19.79,329.0,0.247,105.0,31.91,27.0,8.21,0.798,0.239,38.21,19.07,13.74,32.81,29.43,27.56,12.0,0.364,1.0,8.33,1.0,8.33,1.053,0.272,15.0,6.25,20.83,27.08,25.0,5.88,,,,,,,,,,,,,,
745325,2024-06-27,2024,621020,R,806185,R,field_out,False,False,218.0,0.218,59.0,27.06,18.0,8.26,0.6459999999999999,0.142,31.34,14.9,15.7,30.6,23.98,22.78,478.0,0.244,111.0,23.22,49.0,10.25,0.734,0.161,28.04,13.13,15.12,28.26,23.34,18.66,12.0,0.364,1.0,8.33,1.0,8.33,1.053,0.272,15.0,6.25,20.83,27.08,25.0,5.88,,,,,,,,,,,,,,
745325,2024-06-27,2024,691718,L,806185,R,walk,False,True,112.0,0.208,32.0,28.57,6.0,5.36,0.5740000000000001,0.10900000000000001,27.45,16.63,10.45,27.08,41.63,21.05,15.0,0.0,6.0,40.0,2.0,13.33,0.154,0.0,44.44,26.67,8.33,35.0,23.08,27.27,10.0,0.25,4.0,40.0,2.0,20.0,0.65,0.0,35.29,12.24,16.33,28.57,14.29,28.57,,,,,,,,,,,,,,
745325,2024-06-27,2024,665804,R,806185,R,single,False,False,137.0,0.213,29.0,21.17,10.0,7.3,0.5660000000000001,0.06600000000000003,27.01,14.51,14.31,28.82,35.46,18.24,92.0,0.187,24.0,26.09,7.0,7.61,0.679,0.173,24.72,11.67,16.98,28.65,28.18,19.05,12.0,0.364,1.0,8.33,1.0,8.33,1.053,0.272,15.0,6.25,20.83,27.08,25.0,5.88,,,,,,,,,,,,,,
745325,2024-06-27,2024,663538,R,806185,R,force_out,False,False,245.0,0.242,24.0,9.8,23.0,9.39,0.661,0.08800000000000002,12.87,5.8,21.09,26.9,30.37,9.49,508.0,0.274,63.0,12.4,40.0,7.87,0.72,0.0979999999999999,13.4,6.0,20.67,26.67,29.91,12.21,12.0,0.364,1.0,8.33,1.0,8.33,1.053,0.272,15.0,6.25,20.83,27.08,25.0,5.88,,,,,,,,,,,,,,
745325,2024-06-27,2024,672275,L,669713,R,strikeout,True,False,169.0,0.283,30.0,17.75,20.0,11.83,0.8109999999999999,0.16500000000000004,20.82,9.68,14.52,24.19,24.85,15.71,240.0,0.203,70.0,29.17,13.0,5.42,0.5569999999999999,0.0989999999999999,26.61,12.88,17.55,30.43,28.93,23.81,76.0,0.203,16.0,21.05,6.0,7.89,0.5800000000000001,0.10099999999999998,21.67,9.22,19.86,29.08,22.14,18.39,159.0,0.298,26.0,16.35,16.0,10.06,0.986,0.319,14.23,6.41,17.95,24.36,22.1,13.0
745325,2024-06-27,2024,624585,R,669713,R,strikeout,True,False,199.0,0.217,47.0,23.62,19.0,9.55,0.6639999999999999,0.154,28.77,13.55,15.53,29.08,29.0,21.96,446.0,0.242,111.0,24.89,46.0,10.31,0.788,0.22,27.97,12.22,16.15,28.37,25.71,21.19,111.0,0.218,28.0,25.23,10.0,9.01,0.724,0.218,26.26,12.06,17.17,29.23,30.13,21.71,221.0,0.202,57.0,25.79,16.0,7.24,0.617,0.1459999999999999,29.02,12.78,18.23,31.01,30.33,23.27
745325,2024-06-27,2024,642731,R,669713,R,field_out,False,False,226.0,0.242,44.0,19.47,6.0,2.65,0.669,0.15300000000000002,19.49,9.64,19.54,29.19,35.31,19.47,380.0,0.276,84.0,22.11,15.0,3.95,0.767,0.172,21.44,11.24,17.01,28.25,38.17,20.1,111.0,0.218,28.0,25.23,10.0,9.01,0.724,0.218,26.26,12.06,17.17,29.23,30.13,21.71,221.0,0.202,57.0,25.79,16.0,7.24,0.617,0.1459999999999999,29.02,12.78,18.23,31.01,30.33,23.27
745325,2024-06-27,2024,683737,L,806185,R,strikeout,True,False,232.0,0.253,81.0,34.91,29.0,12.5,0.7929999999999999,0.191,33.94,15.01,15.72,30.73,24.28,25.8,66.0,0.158,21.0,31.82,8.0,12.12,0.556,0.1399999999999999,29.79,14.48,13.45,27.93,28.39,21.0,10.0,0.25,4.0,40.0,2.0,20.0,0.65,0.0,35.29,12.24,16.33,28.57,14.29,28.57,,,,,,,,,,,,,,
745325,2024-06-27,2024,641355,L,806185,R,field_out,False,False,206.0,0.238,37.0,17.96,22.0,10.68,0.734,0.17099999999999999,25.26,12.44,13.73,26.17,31.88,18.05,373.0,0.291,58.0,15.55,27.0,7.24,0.829,0.198,20.08,10.01,15.91,25.92,29.71,13.74,10.0,0.25,4.0,40.0,2.0,20.0,0.65,0.0,35.29,12.24,16.33,28.57,14.29,28.57,,,,,,,,,,,,,,
745325,2024-06-27,2024,673548,R,806185,R,home_run,False,False,177.0,0.27,53.0,29.94,11.0,6.21,0.781,0.183,27.05,10.81,22.02,32.83,22.85,21.63,419.0,0.278,102.0,24.34,41.0,9.79,0.839,0.2129999999999999,24.3,9.93,20.44,30.37,19.3,20.2,12.0,0.364,1.0,8.33,1.0,8.33,1.053,0.272,15.0,6.25,20.83,27.08,25.0,5.88,,,,,,,,,,,,,,
745325,2024-06-27,2024,664023,L,592426,R,field_out,False,False,244.0,0.224,70.0,28.69,34.0,13.93,0.732,0.166,28.3,12.54,16.31,28.84,22.97,19.83,502.0,0.258,109.0,21.71,80.0,15.94,0.831,0.192,25.86,11.22,15.24,26.46,20.31,17.34,48.0,0.359,7.0,14.58,8.0,16.67,1.022,0.20499999999999996,26.74,12.23,14.89,27.13,31.78,12.73,45.0,0.263,12.0,26.67,6.0,13.33,0.7769999999999999,0.1579999999999999,35.14,16.15,16.15,32.3,28.21,26.09
745325,2024-06-27,2024,624424,L,592767,L,field_out,False,False,51.0,0.292,13.0,25.49,3.0,5.88,0.812,0.187,29.9,15.26,18.95,34.21,32.93,21.67,102.0,0.219,29.0,28.43,3.0,2.94,0.5980000000000001,0.114,29.28,13.52,20.15,33.67,28.95,22.83,42.0,0.289,11.0,26.19,2.0,4.76,0.752,0.10600000000000004,32.5,15.38,14.2,29.59,22.08,22.92,160.0,0.338,36.0,22.5,15.0,9.38,0.981,0.2379999999999999,24.16,11.21,18.1,29.31,30.48,24.83
745325,2024-06-27,2024,681584,R,592767,L,strikeout,True,False,2.0,0.5,1.0,50.0,0.0,0.0,1.0,0.0,60.0,30.0,20.0,50.0,42.86,16.67,61.0,0.127,19.0,31.15,4.0,6.56,0.397,0.073,37.25,16.67,19.74,36.4,27.83,31.15,74.0,0.226,16.0,21.62,11.0,14.86,0.773,0.209,26.95,12.84,13.85,26.69,28.95,18.82,466.0,0.241,105.0,22.53,41.0,8.8,0.758,0.205,27.97,13.04,15.89,28.93,32.06,19.66
745325,2024-06-27,2024,682641,R,592767,L,home_run,False,False,25.0,0.227,5.0,20.0,2.0,8.0,0.8250000000000001,0.31800000000000006,14.29,8.08,13.13,21.21,37.78,14.71,99.0,0.31,10.0,10.1,12.0,12.12,0.825,0.1069999999999999,11.64,4.94,17.44,22.38,22.04,14.71,74.0,0.226,16.0,21.62,11.0,14.86,0.773,0.209,26.95,12.84,13.85,26.69,28.95,18.82,466.0,0.241,105.0,22.53,41.0,8.8,0.758,0.205,27.97,13.04,15.89,28.93,32.06,19.66
745325,2024-06-27,2024,689172,L,592767,L,strikeout,True,False,18.0,0.5,5.0,27.78,0.0,0.0,1.333,0.33299999999999996,30.3,16.13,14.52,30.65,40.0,29.41,25.0,0.261,10.0,40.0,1.0,4.0,0.6399999999999999,0.0869999999999999,45.83,23.4,15.96,39.36,36.96,34.48,42.0,0.289,11.0,26.19,2.0,4.76,0.752,0.10600000000000004,32.5,15.38,14.2,29.59,22.08,22.92,160.0,0.338,36.0,22.5,15.0,9.38,0.981,0.2379999999999999,24.16,11.21,18.1,29.31,30.48,24.83
745325,2024-06-27,2024,666624,R,592426,R,walk,False,True,254.0,0.207,57.0,22.44,31.0,12.2,0.704,0.18500000000000003,30.11,13.43,15.13,28.56,24.3,19.79,329.0,0.247,105.0,31.91,27.0,8.21,0.798,0.239,38.21,19.07,13.74,32.81,29.43,27.56,66.0,0.246,13.0,19.7,6.0,9.09,0.626,0.05199999999999999,24.8,12.4,14.8,27.2,33.33,14.44,98.0,0.182,31.0,31.63,9.0,9.18,0.5720000000000001,0.125,28.42,13.83,13.83,27.66,29.59,25.2
745325,2024-06-27,2024,621020,R,592426,R,field_out,False,False,218.0,0.218,59.0,27.06,18.0,8.26,0.6459999999999999,0.142,31.34,14.9,15.7,30.6,23.98,22.78,478.0,0.244,111.0,23.22,49.0,10.25,0.734,0.161,28.04,13.13,15.12,28.26,23.34,18.66,66.0,0.246,13.0,19.7,6.0,9.09,0.626,0.05199999999999999,24.8,12.4,14.8,27.2,33.33,14.44,98.0,0.182,31.0,31.63,9.0,9.18,0.5720000000000001,0.125,28.42,13.83,13.83,27.66,29.59,25.2
745325,2024-06-27,2024,691718,L,592426,R,field_out,False,False,112.0,0.208,32.0,28.57,6.0,5.36,0.5740000000000001,0.10900000000000001,27.45,16.63,10.45,27.08,41.63,21.05,15.0,0.0,6.0,40.0,2.0,13.33,0.154,0.0,44.44,26.67,8.33,35.0,23.08,27.27,48.0,0.359,7.0,14.58,8.0,16.67,1.022,0.20499999999999996,26.74,12.23,14.89,27.13,31.78,12.73,45.0,0.263,12.0,26.67,6.0,13.33,0.7769999999999999,0.1579999999999999,35.14,16.15,16.15,32.3,28.21,26.09
745325,2024-06-27,2024,665804,R,592426,R,pickoff_1b,False,False,137.0,0.213,29.0,21.17,10.0,7.3,0.5660000000000001,0.06600000000000003,27.01,14.51,14.31,28.82,35.46,18.24,92.0,0.187,24.0,26.09,7.0,7.61,0.679,0.173,24.72,11.67,16.98,28.65,28.18,19.05,66.0,0.246,13.0,19.7,6.0,9.09,0.626,0.05199999999999999,24.8,12.4,14.8,27.2,33.33,14.44,98.0,0.182,31.0,31.63,9.0,9.18,0.5720000000000001,0.125,28.42,13.83,13.83,27.66,29.59,25.2
745325,2024-06-27,2024,671218,R,592767,L,single,False,False,53.0,0.45,10.0,18.87,11.0,20.75,1.516,0.49999999999999994,26.4,12.89,9.38,22.27,22.66,11.24,46.0,0.186,16.0,34.78,3.0,6.52,0.588,0.1629999999999999,32.35,16.67,13.64,30.3,30.21,23.53,74.0,0.226,16.0,21.62,11.0,14.86,0.773,0.209,26.95,12.84,13.85,26.69,28.95,18.82,466.0,0.241,105.0,22.53,41.0,8.8,0.758,0.205,27.97,13.04,15.89,28.93,32.06,19.66
745325,2024-06-27,2024,656305,R,592767,L,single,False,False,88.0,0.333,16.0,18.18,10.0,11.36,0.986,0.24399999999999994,16.29,7.69,15.38,23.08,25.27,13.22,113.0,0.307,26.0,23.01,10.0,8.85,0.89,0.208,30.77,13.88,17.35,31.24,20.45,17.81,74.0,0.226,16.0,21.62,11.0,14.86,0.773,0.209,26.95,12.84,13.85,26.69,28.95,18.82,466.0,0.241,105.0,22.53,41.0,8.8,0.758,0.205,27.97,13.04,15.89,28.93,32.06,19.66
745325,2024-06-27,2024,672275,R,592767,L,field_out,False,False,37.0,0.294,9.0,24.32,2.0,5.41,0.677,0.059,22.58,9.86,19.72,29.58,14.75,23.68,113.0,0.298,30.0,26.55,8.0,7.08,0.829,0.183,25.26,10.67,21.33,32.0,21.36,22.39,74.0,0.226,16.0,21.62,11.0,14.86,0.773,0.209,26.95,12.84,13.85,26.69,28.95,18.82,466.0,0.241,105.0,22.53,41.0,8.8,0.758,0.205,27.97,13.04,15.89,28.93,32.06,19.66
745325,2024-06-27,2024,624585,R,687863,R,field_out,False,False,199.0,0.217,47.0,23.62,19.0,9.55,0.6639999999999999,0.154,28.77,13.55,15.53,29.08,29.0,21.96,446.0,0.242,111.0,24.89,46.0,10.31,0.788,0.22,27.97,12.22,16.15,28.37,25.71,21.19,23.0,0.158,7.0,30.43,4.0,17.39,0.515,0.05299999999999999,35.9,14.29,16.33,30.61,17.31,26.92,,,,,,,,,,,,,,
745325,2024-06-27,2024,642731,R,687863,R,field_out,False,False,226.0,0.242,44.0,19.47,6.0,2.65,0.669,0.15300000000000002,19.49,9.64,19.54,29.19,35.31,19.47,380.0,0.276,84.0,22.11,15.0,3.95,0.767,0.172,21.44,11.24,17.01,28.25,38.17,20.1,23.0,0.158,7.0,30.43,4.0,17.39,0.515,0.05299999999999999,35.9,14.29,16.33,30.61,17.31,26.92,,,,,,,,,,,,,,
745325,2024-06-27,2024,665804,R,669062,L,field_out,False,False,46.0,0.14,9.0,19.57,1.0,2.17,0.389,0.093,19.05,10.0,16.25,26.25,28.77,19.57,64.0,0.25,16.0,25.0,5.0,7.81,0.701,0.1069999999999999,31.53,14.11,18.55,32.66,28.79,20.0,96.0,0.233,21.0,21.88,9.0,9.38,0.7789999999999999,0.24399999999999997,28.72,13.49,14.94,28.43,25.6,15.0,,,,,,,,,,,,,,
745325,2024-06-27,2024,663538,R,669062,L,field_out,False,False,57.0,0.24,8.0,14.04,6.0,10.53,0.633,0.06,16.49,7.8,17.56,25.37,35.35,14.81,180.0,0.306,20.0,11.11,9.0,5.0,0.756,0.1059999999999999,10.25,4.9,18.57,23.48,32.13,11.7,96.0,0.233,21.0,21.88,9.0,9.38,0.7789999999999999,0.24399999999999997,28.72,13.49,14.94,28.43,25.6,15.0,,,,,,,,,,,,,,
745325,2024-06-27,2024,683737,L,669062,L,strikeout,True,False,32.0,0.31,7.0,21.88,3.0,9.38,0.823,0.138,24.19,11.28,17.29,28.57,26.47,16.28,15.0,0.2,6.0,40.0,0.0,0.0,0.467,0.067,32.14,14.06,18.75,32.81,34.21,31.58,54.0,0.136,20.0,37.04,9.0,16.67,0.478,0.045999999999999985,36.36,13.17,20.99,34.16,21.05,23.46,,,,,,,,,,,,,,
745325,2024-06-27,2024,624424,L,687863,R,field_out,False,False,173.0,0.214,40.0,23.12,13.0,7.51,0.668,0.18200000000000002,25.0,11.57,16.91,28.49,27.83,20.51,368.0,0.245,77.0,20.92,50.0,13.59,0.753,0.155,23.68,10.56,15.02,25.57,23.23,16.81,13.0,0.091,7.0,53.85,2.0,15.38,0.504,0.18200000000000002,39.13,18.0,14.0,32.0,18.52,50.0,,,,,,,,,,,,,,
745325,2024-06-27,2024,681584,R,687863,R,strikeout,True,False,8.0,0.143,3.0,37.5,0.0,0.0,0.696,0.42799999999999994,53.85,25.93,25.93,51.85,50.0,42.86,79.0,0.159,26.0,32.91,7.0,8.86,0.672,0.247,39.39,16.46,19.94,36.39,24.84,25.49,23.0,0.158,7.0,30.43,4.0,17.39,0.515,0.05299999999999999,35.9,14.29,16.33,30.61,17.31,26.92,,,,,,,,,,,,,,
745325,2024-06-27,2024,682641,R,687863,R,single,False,False,78.0,0.26,5.0,6.41,1.0,1.28,0.5940000000000001,0.065,10.37,5.51,14.17,19.69,36.88,8.77,154.0,0.215,23.0,14.94,8.0,5.19,0.56,0.0839999999999999,20.15,9.82,15.18,25.0,27.53,17.29,23.0,0.158,7.0,30.43,4.0,17.39,0.515,0.05299999999999999,35.9,14.29,16.33,30.61,17.31,26.92,,,,,,,,,,,,,,
745325,2024-06-27,2024,689172,L,687863,R,strikeout,True,False,85.0,0.241,17.0,20.0,5.0,5.88,0.611,0.08800000000000002,19.58,8.95,19.81,28.75,30.41,19.54,106.0,0.155,30.0,28.3,8.0,7.55,0.4639999999999999,0.092,28.32,14.65,14.19,28.83,32.6,19.86,13.0,0.091,7.0,53.85,2.0,15.38,0.504,0.18200000000000002,39.13,18.0,14.0,32.0,18.52,50.0,,,,,,,,,,,,,,
745325,2024-06-27,2024,641355,L,643511,R,single,False,False,206.0,0.238,37.0,17.96,22.0,10.68,0.734,0.17099999999999999,25.26,12.44,13.73,26.17,31.88,18.05,373.0,0.291,58.0,15.55,27.0,7.24,0.829,0.198,20.08,10.01,15.91,25.92,29.71,13.74,70.0,0.302,10.0,14.29,1.0,1.43,0.7609999999999999,0.11099999999999999,15.62,7.91,20.16,28.06,22.55,13.33,136.0,0.2,32.0,23.53,9.0,6.62,0.5569999999999999,0.0919999999999999,20.7,10.56,18.33,28.88,27.6,21.33
745325,2024-06-27,2024,673548,R,643511,R,grounded_into_double_play,False,False,177.0,0.27,53.0,29.94,11.0,6.21,0.781,0.183,27.05,10.81,22.02,32.83,22.85,21.63,419.0,0.278,102.0,24.34,41.0,9.79,0.839,0.2129999999999999,24.3,9.93,20.44,30.37,19.3,20.2,84.0,0.22,17.0,20.24,2.0,2.38,0.579,0.12100000000000002,20.95,11.52,16.73,28.25,33.04,23.94,173.0,0.262,28.0,16.18,10.0,5.78,0.733,0.1629999999999999,23.75,12.04,17.27,29.32,30.54,16.37
745325,2024-06-27,2024,664023,L,643511,R,double,False,False,244.0,0.224,70.0,28.69,34.0,13.93,0.732,0.166,28.3,12.54,16.31,28.84,22.97,19.83,502.0,0.258,109.0,21.71,80.0,15.94,0.831,0.192,25.86,11.22,15.24,26.46,20.31,17.34,70.0,0.302,10.0,14.29,1.0,1.43,0.7609999999999999,0.11099999999999999,15.62,7.91,20.16,28.06,22.55,13.33,136.0,0.2,32.0,23.53,9.0,6.62,0.5569999999999999,0.0919999999999999,20.7,10.56,18.33,28.88,27.6,21.33
745325,2024-06-27,2024,666624,R,643511,R,walk,False,True,254.0,0.207,57.0,22.44,31.0,12.2,0.704,0.18500000000000003,30.11,13.43,15.13,28.56,24.3,19.79,329.0,0.247,105.0,31.91,27.0,8.21,0.798,0.239,38.21,19.07,13.74,32.81,29.43,27.56,84.0,0.22,17.0,20.24,2.0,2.38,0.579,0.12100000000000002,20.95,11.52,16.73,28.25,33.04,23.94,173.0,0.262,28.0,16.18,10.0,5.78,0.733,0.1629999999999999,23.75,12.04,17.27,29.32,30.54,16.37
745325,2024-06-27,2024,621020,R,643511,R,caught_stealing_3b,False,False,218.0,0.218,59.0,27.06,18.0,8.26,0.6459999999999999,0.142,31.34,14.9,15.7,30.6,23.98,22.78,478.0,0.244,111.0,23.22,49.0,10.25,0.734,0.161,28.04,13.13,15.12,28.26,23.34,18.66,84.0,0.22,17.0,20.24,2.0,2.38,0.579,0.12100000000000002,20.95,11.52,16.73,28.25,33.04,23.94,173.0,0.262,28.0,16.18,10.0,5.78,0.733,0.1629999999999999,23.75,12.04,17.27,29.32,30.54,16.37
745325,2024-06-27,2024,671218,R,624522,R,field_out,False,False,139.0,0.246,44.0,31.65,9.0,6.47,0.6799999999999999,0.139,33.07,15.48,16.39,31.88,29.66,28.03,14.0,0.154,4.0,28.57,1.0,7.14,0.368,0.0,30.43,14.58,18.75,33.33,26.09,50.0,47.0,0.108,17.0,36.17,9.0,19.15,0.39099999999999996,0.0,36.96,16.92,15.92,32.84,30.48,27.42,72.0,0.167,15.0,20.83,12.0,16.67,0.623,0.15,27.12,11.9,17.84,29.74,25.18,20.0
745325,2024-06-27,2024,656305,R,624522,R,field_out,False,False,246.0,0.199,64.0,26.02,22.0,8.94,0.6060000000000001,0.127,26.35,11.83,19.79,31.62,25.36,18.99,471.0,0.223,139.0,29.51,52.0,11.04,0.722,0.179,31.15,13.33,17.79,31.11,18.61,21.72,47.0,0.108,17.0,36.17,9.0,19.15,0.39099999999999996,0.0,36.96,16.92,15.92,32.84,30.48,27.42,72.0,0.167,15.0,20.83,12.0,16.67,0.623,0.15,27.12,11.9,17.84,29.74,25.18,20.0
745325,2024-06-27,2024,672275,L,624522,R,strikeout,True,False,169.0,0.283,30.0,17.75,20.0,11.83,0.8109999999999999,0.16500000000000004,20.82,9.68,14.52,24.19,24.85,15.71,240.0,0.203,70.0,29.17,13.0,5.42,0.5569999999999999,0.0989999999999999,26.61,12.88,17.55,30.43,28.93,23.81,30.0,0.276,9.0,30.0,1.0,3.33,0.9550000000000001,0.379,23.21,10.57,19.51,30.08,22.81,21.43,53.0,0.233,11.0,20.75,7.0,13.21,0.5960000000000001,0.0229999999999999,25.88,10.53,18.18,28.71,23.21,17.19
745325,2024-06-27,2024,621020,R,666808,R,single,False,False,218.0,0.218,59.0,27.06,18.0,8.26,0.6459999999999999,0.142,31.34,14.9,15.7,30.6,23.98,22.78,478.0,0.244,111.0,23.22,49.0,10.25,0.734,0.161,28.04,13.13,15.12,28.26,23.34,18.66,73.0,0.18,20.0,27.4,11.0,15.07,0.596,0.11499999999999999,36.3,17.79,14.77,32.55,30.13,22.22,136.0,0.244,44.0,32.35,8.0,5.88,0.594,0.0409999999999999,35.9,16.28,17.05,33.33,26.79,34.38
745325,2024-06-27,2024,691718,L,666808,R,strikeout,True,False,112.0,0.208,32.0,28.57,6.0,5.36,0.5740000000000001,0.10900000000000001,27.45,16.63,10.45,27.08,41.63,21.05,15.0,0.0,6.0,40.0,2.0,13.33,0.154,0.0,44.44,26.67,8.33,35.0,23.08,27.27,69.0,0.288,18.0,26.09,10.0,14.49,0.866,0.187,33.08,14.43,16.78,31.21,27.67,23.08,147.0,0.174,43.0,29.25,18.0,12.24,0.588,0.1149999999999999,31.29,14.99,14.68,29.68,31.58,19.72
745325,2024-06-27,2024,670156,L,666808,R,field_out,False,False,39.0,0.152,8.0,20.51,5.0,12.82,0.445,0.03,22.58,9.15,18.95,28.1,24.42,19.51,135.0,0.24,29.0,21.48,12.0,8.89,0.614,0.066,22.82,8.53,24.86,33.39,23.61,18.12,69.0,0.288,18.0,26.09,10.0,14.49,0.866,0.187,33.08,14.43,16.78,31.21,27.67,23.08,147.0,0.174,43.0,29.25,18.0,12.24,0.588,0.1149999999999999,31.29,14.99,14.68,29.68,31.58,19.72
745325,2024-06-27,2024,663538,R,666808,R,field_out,False,False,245.0,0.242,24.0,9.8,23.0,9.39,0.661,0.08800000000000002,12.87,5.8,21.09,26.9,30.37,9.49,508.0,0.274,63.0,12.4,40.0,7.87,0.72,0.0979999999999999,13.4,6.0,20.67,26.67,29.91,12.21,73.0,0.18,20.0,27.4,11.0,15.07,0.596,0.11499999999999999,36.3,17.79,14.77,32.55,30.13,22.22,136.0,0.244,44.0,32.35,8.0,5.88,0.594,0.0409999999999999,35.9,16.28,17.05,33.33,26.79,34.38
746777,2024-06-27,2024,660271,L,607200,R,home_run,False,False,230.0,0.335,43.0,18.7,31.0,13.48,1.167,0.40199999999999997,28.41,13.4,13.62,27.02,28.78,16.93,429.0,0.327,99.0,23.08,64.0,14.92,1.132,0.3739999999999999,32.88,15.48,11.59,27.07,28.86,20.75,212.0,0.235,44.0,20.75,14.0,6.6,0.6819999999999999,0.16300000000000003,19.05,8.62,14.97,23.59,24.61,17.96,,,,,,,,,,,,,,
746777,2024-06-27,2024,606192,R,607200,R,strikeout,True,False,240.0,0.248,71.0,29.58,21.0,8.75,0.775,0.20500000000000002,34.56,17.85,12.84,30.69,29.69,20.58,529.0,0.249,164.0,31.0,33.0,6.24,0.718,0.1639999999999999,36.92,19.57,14.44,34.01,34.81,23.06,201.0,0.23,47.0,23.38,11.0,5.47,0.627,0.11799999999999997,24.43,11.0,18.16,29.16,26.16,19.67,,,,,,,,,,,,,,
746777,2024-06-27,2024,518692,L,607200,R,field_out,False,False,224.0,0.344,34.0,15.18,32.0,14.29,1.036,0.253,20.0,9.34,11.57,20.91,22.91,13.28,514.0,0.33,81.0,15.76,57.0,11.09,0.962,0.218,19.83,9.77,11.31,21.08,27.01,16.63,212.0,0.235,44.0,20.75,14.0,6.6,0.6819999999999999,0.16300000000000003,19.05,8.62,14.97,23.59,24.61,17.96,,,,,,,,,,,,,,
746777,2024-06-27,2024,518792,L,607200,R,field_out,False,False,101.0,0.209,15.0,14.85,12.0,11.88,0.746,0.21,23.56,11.08,15.02,26.11,27.14,13.04,349.0,0.276,57.0,16.33,32.0,9.17,0.818,0.1949999999999999,20.45,9.51,16.77,26.27,27.56,15.45,212.0,0.235,44.0,20.75,14.0,6.6,0.6819999999999999,0.16300000000000003,19.05,8.62,14.97,23.59,24.61,17.96,,,,,,,,,,,,,,
746777,2024-06-27,2024,502054,R,694813,R,field_out,False,False,146.0,0.267,27.0,18.49,11.0,7.53,0.6779999999999999,0.08899999999999997,23.24,9.64,20.83,30.46,19.7,16.36,304.0,0.262,71.0,23.36,28.0,9.21,0.767,0.173,26.61,10.98,19.38,30.37,21.23,21.19,200.0,0.226,39.0,19.5,7.0,3.5,0.5880000000000001,0.10600000000000001,24.6,13.23,14.65,27.88,33.33,19.9,87.0,0.351,11.0,12.64,8.0,9.2,1.074,0.298,26.14,12.82,15.71,28.53,30.57,12.64
746777,2024-06-27,2024,643217,L,694813,R,strikeout,True,False,189.0,0.229,31.0,16.4,12.0,6.35,0.6180000000000001,0.11400000000000002,18.58,9.0,16.71,25.71,26.46,15.58,486.0,0.261,67.0,13.79,42.0,8.64,0.67,0.082,19.05,9.13,14.74,23.87,26.13,13.62,159.0,0.227,31.0,19.5,18.0,11.32,0.612,0.07099999999999998,25.17,11.99,15.44,27.42,29.88,18.79,65.0,0.322,11.0,16.92,5.0,7.69,0.911,0.22,36.8,19.49,10.17,29.66,38.62,18.33
746777,2024-06-27,2024,673357,R,694813,R,strikeout,True,False,87.0,0.195,30.0,34.48,5.0,5.75,0.741,0.305,32.81,16.94,15.32,32.26,34.21,22.9,477.0,0.252,132.0,27.67,25.0,5.24,0.8340000000000001,0.279,32.83,18.94,10.59,29.53,40.07,24.77,200.0,0.226,39.0,19.5,7.0,3.5,0.5880000000000001,0.10600000000000001,24.6,13.23,14.65,27.88,33.33,19.9,87.0,0.351,11.0,12.64,8.0,9.2,1.074,0.298,26.14,12.82,15.71,28.53,30.57,12.64
746777,2024-06-27,2024,681624,R,607200,R,field_out,False,False,192.0,0.214,52.0,27.08,11.0,5.73,0.641,0.15,27.11,14.49,13.03,27.53,32.89,20.16,,,,,,,,,,,,,,,201.0,0.23,47.0,23.38,11.0,5.47,0.627,0.11799999999999997,24.43,11.0,18.16,29.16,26.16,19.67,,,,,,,,,,,,,,
746777,2024-06-27,2024,666158,L,607200,R,strikeout,True,False,200.0,0.226,45.0,22.5,13.0,6.5,0.593,0.091,19.1,8.68,18.52,27.2,22.16,18.99,,,,,,,,,,,,,,,212.0,0.235,44.0,20.75,14.0,6.6,0.6819999999999999,0.16300000000000003,19.05,8.62,14.97,23.59,24.61,17.96,,,,,,,,,,,,,,
746777,2024-06-27,2024,500743,R,607200,R,field_out,False,False,81.0,0.299,10.0,12.35,3.0,3.7,0.775,0.14300000000000002,12.88,5.94,19.93,25.87,29.71,13.51,279.0,0.21,36.0,12.9,18.0,6.45,0.546,0.068,19.79,9.92,16.53,26.45,34.53,12.9,201.0,0.23,47.0,23.38,11.0,5.47,0.627,0.11799999999999997,24.43,11.0,18.16,29.16,26.16,19.67,,,,,,,,,,,,,,
746777,2024-06-27,2024,657757,L,694813,R,double,False,False,238.0,0.252,39.0,16.39,29.0,12.18,0.7669999999999999,0.16499999999999998,21.25,9.24,18.37,27.61,28.73,12.38,324.0,0.212,58.0,17.9,28.0,8.64,0.63,0.1369999999999999,20.44,9.67,14.66,24.33,29.35,14.25,159.0,0.227,31.0,19.5,18.0,11.32,0.612,0.07099999999999998,25.17,11.99,15.44,27.42,29.88,18.79,65.0,0.322,11.0,16.92,5.0,7.69,0.911,0.22,36.8,19.49,10.17,29.66,38.62,18.33
746777,2024-06-27,2024,683734,R,694813,R,field_out,False,False,241.0,0.225,59.0,24.48,15.0,6.22,0.647,0.13999999999999999,22.27,10.73,17.38,28.11,30.7,20.21,474.0,0.267,109.0,23.0,29.0,6.12,0.774,0.18,26.24,11.95,18.94,30.89,30.92,21.51,200.0,0.226,39.0,19.5,7.0,3.5,0.5880000000000001,0.10600000000000001,24.6,13.23,14.65,27.88,33.33,19.9,87.0,0.351,11.0,12.64,8.0,9.2,1.074,0.298,26.14,12.82,15.71,28.53,30.57,12.64
746777,2024-06-27,2024,657557,R,694813,R,field_out,False,False,202.0,0.261,61.0,30.2,6.0,2.97,0.796,0.22799999999999998,31.52,18.41,9.93,28.34,33.9,24.6,281.0,0.203,86.0,30.6,12.0,4.27,0.603,0.1539999999999999,36.49,19.09,15.38,34.47,35.28,34.68,200.0,0.226,39.0,19.5,7.0,3.5,0.5880000000000001,0.10600000000000001,24.6,13.23,14.65,27.88,33.33,19.9,87.0,0.351,11.0,12.64,8.0,9.2,1.074,0.298,26.14,12.82,15.71,28.53,30.57,12.64
746777,2024-06-27,2024,686676,R,694813,R,field_out,False,False,151.0,0.224,45.0,29.8,7.0,4.64,0.631,0.147,40.19,23.43,10.15,33.58,35.2,25.14,47.0,0.116,12.0,25.53,4.0,8.51,0.4,0.0929999999999999,33.71,18.07,13.25,31.33,34.15,23.53,200.0,0.226,39.0,19.5,7.0,3.5,0.5880000000000001,0.10600000000000001,24.6,13.23,14.65,27.88,33.33,19.9,87.0,0.351,11.0,12.64,8.0,9.2,1.074,0.298,26.14,12.82,15.71,28.53,30.57,12.64
746777,2024-06-27,2024,571771,R,607200,R,single,False,False,103.0,0.181,24.0,23.3,9.0,8.74,0.507,0.07400000000000001,25.85,12.96,15.65,28.61,25.0,19.51,347.0,0.235,78.0,22.48,20.0,5.76,0.647,0.13,27.56,13.17,16.85,30.02,28.91,20.8,201.0,0.23,47.0,23.38,11.0,5.47,0.627,0.11799999999999997,24.43,11.0,18.16,29.16,26.16,19.67,,,,,,,,,,,,,,
746777,2024-06-27,2024,605131,R,607200,R,single,False,False,49.0,0.159,18.0,36.73,4.0,8.16,0.388,0.0,23.53,11.16,18.14,29.3,21.05,20.45,144.0,0.219,29.0,20.14,13.0,9.03,0.589,0.0779999999999999,23.08,9.96,18.27,28.23,20.08,20.57,201.0,0.23,47.0,23.38,11.0,5.47,0.627,0.11799999999999997,24.43,11.0,18.16,29.16,26.16,19.67,,,,,,,,,,,,,,
746777,2024-06-27,2024,660271,L,607200,R,walk,False,True,230.0,0.335,43.0,18.7,31.0,13.48,1.167,0.40199999999999997,28.41,13.4,13.62,27.02,28.78,16.93,429.0,0.327,99.0,23.08,64.0,14.92,1.132,0.3739999999999999,32.88,15.48,11.59,27.07,28.86,20.75,212.0,0.235,44.0,20.75,14.0,6.6,0.6819999999999999,0.16300000000000003,19.05,8.62,14.97,23.59,24.61,17.96,,,,,,,,,,,,,,
746777,2024-06-27,2024,606192,R,607200,R,sac_fly,False,False,240.0,0.248,71.0,29.58,21.0,8.75,0.775,0.20500000000000002,34.56,17.85,12.84,30.69,29.69,20.58,529.0,0.249,164.0,31.0,33.0,6.24,0.718,0.1639999999999999,36.92,19.57,14.44,34.01,34.81,23.06,201.0,0.23,47.0,23.38,11.0,5.47,0.627,0.11799999999999997,24.43,11.0,18.16,29.16,26.16,19.67,,,,,,,,,,,,,,
746777,2024-06-27,2024,518692,L,607200,R,double,False,False,224.0,0.344,34.0,15.18,32.0,14.29,1.036,0.253,20.0,9.34,11.57,20.91,22.91,13.28,514.0,0.33,81.0,15.76,57.0,11.09,0.962,0.218,19.83,9.77,11.31,21.08,27.01,16.63,212.0,0.235,44.0,20.75,14.0,6.6,0.6819999999999999,0.16300000000000003,19.05,8.62,14.97,23.59,24.61,17.96,,,,,,,,,,,,,,
746777,2024-06-27,2024,518792,L,607200,R,field_out,False,False,101.0,0.209,15.0,14.85,12.0,11.88,0.746,0.21,23.56,11.08,15.02,26.11,27.14,13.04,349.0,0.276,57.0,16.33,32.0,9.17,0.818,0.1949999999999999,20.45,9.51,16.77,26.27,27.56,15.45,212.0,0.235,44.0,20.75,14.0,6.6,0.6819999999999999,0.16300000000000003,19.05,8.62,14.97,23.59,24.61,17.96,,,,,,,,,,,,,,
746777,2024-06-27,2024,681624,R,607200,R,field_out,False,False,192.0,0.214,52.0,27.08,11.0,5.73,0.641,0.15,27.11,14.49,13.03,27.53,32.89,20.16,,,,,,,,,,,,,,,201.0,0.23,47.0,23.38,11.0,5.47,0.627,0.11799999999999997,24.43,11.0,18.16,29.16,26.16,19.67,,,,,,,,,,,,,,
746777,2024-06-27,2024,670032,L,694813,R,field_out,False,False,203.0,0.24,32.0,15.76,15.0,7.39,0.581,0.039000000000000035,18.13,8.93,15.76,24.69,28.06,17.02,212.0,0.228,33.0,15.57,24.0,11.32,0.647,0.089,22.47,10.7,16.47,27.16,26.6,14.22,159.0,0.227,31.0,19.5,18.0,11.32,0.612,0.07099999999999998,25.17,11.99,15.44,27.42,29.88,18.79,65.0,0.322,11.0,16.92,5.0,7.69,0.911,0.22,36.8,19.49,10.17,29.66,38.62,18.33
746777,2024-06-27,2024,672820,R,694813,R,field_out,False,False,86.0,0.183,24.0,27.91,2.0,2.33,0.432,0.037000000000000005,26.58,13.55,20.32,33.87,38.19,26.97,123.0,0.178,30.0,24.39,2.0,1.63,0.504,0.136,24.69,13.05,16.81,29.87,39.56,22.39,200.0,0.226,39.0,19.5,7.0,3.5,0.5880000000000001,0.10600000000000001,24.6,13.23,14.65,27.88,33.33,19.9,87.0,0.351,11.0,12.64,8.0,9.2,1.074,0.298,26.14,12.82,15.71,28.53,30.57,12.64
746777,2024-06-27,2024,502054,R,694813,R,field_out,False,False,146.0,0.267,27.0,18.49,11.0,7.53,0.6779999999999999,0.08899999999999997,23.24,9.64,20.83,30.46,19.7,16.36,304.0,0.262,71.0,23.36,28.0,9.21,0.767,0.173,26.61,10.98,19.38,30.37,21.23,21.19,200.0,0.226,39.0,19.5,7.0,3.5,0.5880000000000001,0.10600000000000001,24.6,13.23,14.65,27.88,33.33,19.9,87.0,0.351,11.0,12.64,8.0,9.2,1.074,0.298,26.14,12.82,15.71,28.53,30.57,12.64
746777,2024-06-27,2024,666158,L,607200,R,strikeout,True,False,200.0,0.226,45.0,22.5,13.0,6.5,0.593,0.091,19.1,8.68,18.52,27.2,22.16,18.99,,,,,,,,,,,,,,,212.0,0.235,44.0,20.75,14.0,6.6,0.6819999999999999,0.16300000000000003,19.05,8.62,14.97,23.59,24.61,17.96,,,,,,,,,,,,,,
746777,2024-06-27,2024,500743,R,607200,R,double,False,False,81.0,0.299,10.0,12.35,3.0,3.7,0.775,0.14300000000000002,12.88,5.94,19.93,25.87,29.71,13.51,279.0,0.21,36.0,12.9,18.0,6.45,0.546,0.068,19.79,9.92,16.53,26.45,34.53,12.9,201.0,0.23,47.0,23.38,11.0,5.47,0.627,0.11799999999999997,24.43,11.0,18.16,29.16,26.16,19.67,,,,,,,,,,,,,,
746777,2024-06-27,2024,571771,R,607200,R,field_out,False,False,103.0,0.181,24.0,23.3,9.0,8.74,0.507,0.07400000000000001,25.85,12.96,15.65,28.61,25.0,19.51,347.0,0.235,78.0,22.48,20.0,5.76,0.647,0.13,27.56,13.17,16.85,30.02,28.91,20.8,201.0,0.23,47.0,23.38,11.0,5.47,0.627,0.11799999999999997,24.43,11.0,18.16,29.16,26.16,19.67,,,,,,,,,,,,,,
746777,2024-06-27,2024,605131,R,607200,R,strikeout,True,False,49.0,0.159,18.0,36.73,4.0,8.16,0.388,0.0,23.53,11.16,18.14,29.3,21.05,20.45,144.0,0.219,29.0,20.14,13.0,9.03,0.589,0.0779999999999999,23.08,9.96,18.27,28.23,20.08,20.57,201.0,0.23,47.0,23.38,11.0,5.47,0.627,0.11799999999999997,24.43,11.0,18.16,29.16,26.16,19.67,,,,,,,,,,,,,,
746777,2024-06-27,2024,643217,L,694813,R,strikeout,True,False,189.0,0.229,31.0,16.4,12.0,6.35,0.6180000000000001,0.11400000000000002,18.58,9.0,16.71,25.71,26.46,15.58,486.0,0.261,67.0,13.79,42.0,8.64,0.67,0.082,19.05,9.13,14.74,23.87,26.13,13.62,159.0,0.227,31.0,19.5,18.0,11.32,0.612,0.07099999999999998,25.17,11.99,15.44,27.42,29.88,18.79,65.0,0.322,11.0,16.92,5.0,7.69,0.911,0.22,36.8,19.49,10.17,29.66,38.62,18.33
746777,2024-06-27,2024,673357,R,694813,R,field_out,False,False,87.0,0.195,30.0,34.48,5.0,5.75,0.741,0.305,32.81,16.94,15.32,32.26,34.21,22.9,477.0,0.252,132.0,27.67,25.0,5.24,0.8340000000000001,0.279,32.83,18.94,10.59,29.53,40.07,24.77,200.0,0.226,39.0,19.5,7.0,3.5,0.5880000000000001,0.10600000000000001,24.6,13.23,14.65,27.88,33.33,19.9,87.0,0.351,11.0,12.64,8.0,9.2,1.074,0.298,26.14,12.82,15.71,28.53,30.57,12.64
746777,2024-06-27,2024,657757,L,694813,R,field_out,False,False,238.0,0.252,39.0,16.39,29.0,12.18,0.7669999999999999,0.16499999999999998,21.25,9.24,18.37,27.61,28.73,12.38,324.0,0.212,58.0,17.9,28.0,8.64,0.63,0.1369999999999999,20.44,9.67,14.66,24.33,29.35,14.25,159.0,0.227,31.0,19.5,18.0,11.32,0.612,0.07099999999999998,25.17,11.99,15.44,27.42,29.88,18.79,65.0,0.322,11.0,16.92,5.0,7.69,0.911,0.22,36.8,19.49,10.17,29.66,38.62,18.33
746777,2024-06-27,2024,660271,L,607200,R,field_out,False,False,230.0,0.335,43.0,18.7,31.0,13.48,1.167,0.40199999999999997,28.41,13.4,13.62,27.02,28.78,16.93,429.0,0.327,99.0,23.08,64.0,14.92,1.132,0.3739999999999999,32.88,15.48,11.59,27.07,28.86,20.75,212.0,0.235,44.0,20.75,14.0,6.6,0.6819999999999999,0.16300000000000003,19.05,8.62,14.97,23.59,24.61,17.96,,,,,,,,,,,,,,
746777,2024-06-27,2024,606192,R,607200,R,field_out,False,False,240.0,0.248,71.0,29.58,21.0,8.75,0.775,0.20500000000000002,34.56,17.85,12.84,30.69,29.69,20.58,529.0,0.249,164.0,31.0,33.0,6.24,0.718,0.1639999999999999,36.92,19.57,14.44,34.01,34.81,23.06,201.0,0.23,47.0,23.38,11.0,5.47,0.627,0.11799999999999997,24.43,11.0,18.16,29.16,26.16,19.67,,,,,,,,,,,,,,
746777,2024-06-27,2024,518692,L,607200,R,field_out,False,False,224.0,0.344,34.0,15.18,32.0,14.29,1.036,0.253,20.0,9.34,11.57,20.91,22.91,13.28,514.0,0.33,81.0,15.76,57.0,11.09,0.962,0.218,19.83,9.77,11.31,21.08,27.01,16.63,212.0,0.235,44.0,20.75,14.0,6.6,0.6819999999999999,0.16300000000000003,19.05,8.62,14.97,23.59,24.61,17.96,,,,,,,,,,,,,,
746777,2024-06-27,2024,683734,R,694813,R,strikeout,True,False,241.0,0.225,59.0,24.48,15.0,6.22,0.647,0.13999999999999999,22.27,10.73,17.38,28.11,30.7,20.21,474.0,0.267,109.0,23.0,29.0,6.12,0.774,0.18,26.24,11.95,18.94,30.89,30.92,21.51,200.0,0.226,39.0,19.5,7.0,3.5,0.5880000000000001,0.10600000000000001,24.6,13.23,14.65,27.88,33.33,19.9,87.0,0.351,11.0,12.64,8.0,9.2,1.074,0.298,26.14,12.82,15.71,28.53,30.57,12.64
746777,2024-06-27,2024,657557,R,694813,R,single,False,False,202.0,0.261,61.0,30.2,6.0,2.97,0.796,0.22799999999999998,31.52,18.41,9.93,28.34,33.9,24.6,281.0,0.203,86.0,30.6,12.0,4.27,0.603,0.1539999999999999,36.49,19.09,15.38,34.47,35.28,34.68,200.0,0.226,39.0,19.5,7.0,3.5,0.5880000000000001,0.10600000000000001,24.6,13.23,14.65,27.88,33.33,19.9,87.0,0.351,11.0,12.64,8.0,9.2,1.074,0.298,26.14,12.82,15.71,28.53,30.57,12.64
746777,2024-06-27,2024,686676,R,694813,R,field_out,False,False,151.0,0.224,45.0,29.8,7.0,4.64,0.631,0.147,40.19,23.43,10.15,33.58,35.2,25.14,47.0,0.116,12.0,25.53,4.0,8.51,0.4,0.0929999999999999,33.71,18.07,13.25,31.33,34.15,23.53,200.0,0.226,39.0,19.5,7.0,3.5,0.5880000000000001,0.10600000000000001,24.6,13.23,14.65,27.88,33.33,19.9,87.0,0.351,11.0,12.64,8.0,9.2,1.074,0.298,26.14,12.82,15.71,28.53,30.57,12.64
746777,2024-06-27,2024,670032,L,694813,R,strikeout,True,False,203.0,0.24,32.0,15.76,15.0,7.39,0.581,0.039000000000000035,18.13,8.93,15.76,24.69,28.06,17.02,212.0,0.228,33.0,15.57,24.0,11.32,0.647,0.089,22.47,10.7,16.47,27.16,26.6,14.22,159.0,0.227,31.0,19.5,18.0,11.32,0.612,0.07099999999999998,25.17,11.99,15.44,27.42,29.88,18.79,65.0,0.322,11.0,16.92,5.0,7.69,0.911,0.22,36.8,19.49,10.17,29.66,38.62,18.33
746777,2024-06-27,2024,518792,L,607200,R,field_out,False,False,101.0,0.209,15.0,14.85,12.0,11.88,0.746,0.21,23.56,11.08,15.02,26.11,27.14,13.04,349.0,0.276,57.0,16.33,32.0,9.17,0.818,0.1949999999999999,20.45,9.51,16.77,26.27,27.56,15.45,212.0,0.235,44.0,20.75,14.0,6.6,0.6819999999999999,0.16300000000000003,19.05,8.62,14.97,23.59,24.61,17.96,,,,,,,,,,,,,,
746777,2024-06-27,2024,681624,R,607200,R,strikeout,True,False,192.0,0.214,52.0,27.08,11.0,5.73,0.641,0.15,27.11,14.49,13.03,27.53,32.89,20.16,,,,,,,,,,,,,,,201.0,0.23,47.0,23.38,11.0,5.47,0.627,0.11799999999999997,24.43,11.0,18.16,29.16,26.16,19.67,,,,,,,,,,,,,,
746777,2024-06-27,2024,666158,L,607200,R,field_out,False,False,200.0,0.226,45.0,22.5,13.0,6.5,0.593,0.091,19.1,8.68,18.52,27.2,22.16,18.99,,,,,,,,,,,,,,,212.0,0.235,44.0,20.75,14.0,6.6,0.6819999999999999,0.16300000000000003,19.05,8.62,14.97,23.59,24.61,17.96,,,,,,,,,,,,,,
746777,2024-06-27,2024,672820,R,694813,R,single,False,False,86.0,0.183,24.0,27.91,2.0,2.33,0.432,0.037000000000000005,26.58,13.55,20.32,33.87,38.19,26.97,123.0,0.178,30.0,24.39,2.0,1.63,0.504,0.136,24.69,13.05,16.81,29.87,39.56,22.39,200.0,0.226,39.0,19.5,7.0,3.5,0.5880000000000001,0.10600000000000001,24.6,13.23,14.65,27.88,33.33,19.9,87.0,0.351,11.0,12.64,8.0,9.2,1.074,0.298,26.14,12.82,15.71,28.53,30.57,12.64
746777,2024-06-27,2024,502054,R,694813,R,field_out,False,False,146.0,0.267,27.0,18.49,11.0,7.53,0.6779999999999999,0.08899999999999997,23.24,9.64,20.83,30.46,19.7,16.36,304.0,0.262,71.0,23.36,28.0,9.21,0.767,0.173,26.61,10.98,19.38,30.37,21.23,21.19,200.0,0.226,39.0,19.5,7.0,3.5,0.5880000000000001,0.10600000000000001,24.6,13.23,14.65,27.88,33.33,19.9,87.0,0.351,11.0,12.64,8.0,9.2,1.074,0.298,26.14,12.82,15.71,28.53,30.57,12.64
746777,2024-06-27,2024,643217,L,694813,R,grounded_into_double_play,False,False,189.0,0.229,31.0,16.4,12.0,6.35,0.6180000000000001,0.11400000000000002,18.58,9.0,16.71,25.71,26.46,15.58,486.0,0.261,67.0,13.79,42.0,8.64,0.67,0.082,19.05,9.13,14.74,23.87,26.13,13.62,159.0,0.227,31.0,19.5,18.0,11.32,0.612,0.07099999999999998,25.17,11.99,15.44,27.42,29.88,18.79,65.0,0.322,11.0,16.92,5.0,7.69,0.911,0.22,36.8,19.49,10.17,29.66,38.62,18.33
746777,2024-06-27,2024,500743,R,647336,R,single,False,False,81.0,0.299,10.0,12.35,3.0,3.7,0.775,0.14300000000000002,12.88,5.94,19.93,25.87,29.71,13.51,279.0,0.21,36.0,12.9,18.0,6.45,0.546,0.068,19.79,9.92,16.53,26.45,34.53,12.9,146.0,0.224,30.0,20.55,16.0,10.96,0.733,0.19199999999999998,22.99,9.87,18.26,28.12,25.69,15.15,66.0,0.321,13.0,19.7,7.0,10.61,1.004,0.2679999999999999,27.18,12.12,16.45,28.57,25.86,25.0
746777,2024-06-27,2024,571771,R,647336,R,strikeout,True,False,103.0,0.181,24.0,23.3,9.0,8.74,0.507,0.07400000000000001,25.85,12.96,15.65,28.61,25.0,19.51,347.0,0.235,78.0,22.48,20.0,5.76,0.647,0.13,27.56,13.17,16.85,30.02,28.91,20.8,146.0,0.224,30.0,20.55,16.0,10.96,0.733,0.19199999999999998,22.99,9.87,18.26,28.12,25.69,15.15,66.0,0.321,13.0,19.7,7.0,10.61,1.004,0.2679999999999999,27.18,12.12,16.45,28.57,25.86,25.0
746777,2024-06-27,2024,605131,R,647336,R,strikeout,True,False,49.0,0.159,18.0,36.73,4.0,8.16,0.388,0.0,23.53,11.16,18.14,29.3,21.05,20.45,144.0,0.219,29.0,20.14,13.0,9.03,0.589,0.0779999999999999,23.08,9.96,18.27,28.23,20.08,20.57,146.0,0.224,30.0,20.55,16.0,10.96,0.733,0.19199999999999998,22.99,9.87,18.26,28.12,25.69,15.15,66.0,0.321,13.0,19.7,7.0,10.61,1.004,0.2679999999999999,27.18,12.12,16.45,28.57,25.86,25.0
746777,2024-06-27,2024,660271,L,647336,R,walk,False,True,230.0,0.335,43.0,18.7,31.0,13.48,1.167,0.40199999999999997,28.41,13.4,13.62,27.02,28.78,16.93,429.0,0.327,99.0,23.08,64.0,14.92,1.132,0.3739999999999999,32.88,15.48,11.59,27.07,28.86,20.75,141.0,0.248,29.0,20.57,22.0,15.6,0.848,0.23099999999999998,18.78,7.99,15.97,23.96,22.26,17.58,79.0,0.25,16.0,20.25,5.0,6.33,0.8440000000000001,0.278,20.71,9.48,16.67,26.14,22.15,19.28
746777,2024-06-27,2024,606192,R,647336,R,strikeout,True,False,240.0,0.248,71.0,29.58,21.0,8.75,0.775,0.20500000000000002,34.56,17.85,12.84,30.69,29.69,20.58,529.0,0.249,164.0,31.0,33.0,6.24,0.718,0.1639999999999999,36.92,19.57,14.44,34.01,34.81,23.06,146.0,0.224,30.0,20.55,16.0,10.96,0.733,0.19199999999999998,22.99,9.87,18.26,28.12,25.69,15.15,66.0,0.321,13.0,19.7,7.0,10.61,1.004,0.2679999999999999,27.18,12.12,16.45,28.57,25.86,25.0
746777,2024-06-27,2024,673357,R,694813,R,strikeout,True,False,87.0,0.195,30.0,34.48,5.0,5.75,0.741,0.305,32.81,16.94,15.32,32.26,34.21,22.9,477.0,0.252,132.0,27.67,25.0,5.24,0.8340000000000001,0.279,32.83,18.94,10.59,29.53,40.07,24.77,200.0,0.226,39.0,19.5,7.0,3.5,0.5880000000000001,0.10600000000000001,24.6,13.23,14.65,27.88,33.33,19.9,87.0,0.351,11.0,12.64,8.0,9.2,1.074,0.298,26.14,12.82,15.71,28.53,30.57,12.64
746777,2024-06-27,2024,667452,R,694813,R,field_out,False,False,67.0,0.197,15.0,22.39,6.0,8.96,0.613,0.14699999999999996,22.22,9.89,19.08,28.98,29.17,15.31,250.0,0.249,56.0,22.4,20.0,8.0,0.659,0.0979999999999999,26.42,11.51,19.54,31.05,28.57,19.44,200.0,0.226,39.0,19.5,7.0,3.5,0.5880000000000001,0.10600000000000001,24.6,13.23,14.65,27.88,33.33,19.9,87.0,0.351,11.0,12.64,8.0,9.2,1.074,0.298,26.14,12.82,15.71,28.53,30.57,12.64
746777,2024-06-27,2024,683734,R,694813,R,strikeout,True,False,241.0,0.225,59.0,24.48,15.0,6.22,0.647,0.13999999999999999,22.27,10.73,17.38,28.11,30.7,20.21,474.0,0.267,109.0,23.0,29.0,6.12,0.774,0.18,26.24,11.95,18.94,30.89,30.92,21.51,200.0,0.226,39.0,19.5,7.0,3.5,0.5880000000000001,0.10600000000000001,24.6,13.23,14.65,27.88,33.33,19.9,87.0,0.351,11.0,12.64,8.0,9.2,1.074,0.298,26.14,12.82,15.71,28.53,30.57,12.64
746777,2024-06-27,2024,518692,L,647336,R,strikeout,True,False,224.0,0.344,34.0,15.18,32.0,14.29,1.036,0.253,20.0,9.34,11.57,20.91,22.91,13.28,514.0,0.33,81.0,15.76,57.0,11.09,0.962,0.218,19.83,9.77,11.31,21.08,27.01,16.63,141.0,0.248,29.0,20.57,22.0,15.6,0.848,0.23099999999999998,18.78,7.99,15.97,23.96,22.26,17.58,79.0,0.25,16.0,20.25,5.0,6.33,0.8440000000000001,0.278,20.71,9.48,16.67,26.14,22.15,19.28
746777,2024-06-27,2024,518792,L,647336,R,field_out,False,False,101.0,0.209,15.0,14.85,12.0,11.88,0.746,0.21,23.56,11.08,15.02,26.11,27.14,13.04,349.0,0.276,57.0,16.33,32.0,9.17,0.818,0.1949999999999999,20.45,9.51,16.77,26.27,27.56,15.45,141.0,0.248,29.0,20.57,22.0,15.6,0.848,0.23099999999999998,18.78,7.99,15.97,23.96,22.26,17.58,79.0,0.25,16.0,20.25,5.0,6.33,0.8440000000000001,0.278,20.71,9.48,16.67,26.14,22.15,19.28
746777,2024-06-27,2024,681624,R,647336,R,walk,False,True,192.0,0.214,52.0,27.08,11.0,5.73,0.641,0.15,27.11,14.49,13.03,27.53,32.89,20.16,,,,,,,,,,,,,,,146.0,0.224,30.0,20.55,16.0,10.96,0.733,0.19199999999999998,22.99,9.87,18.26,28.12,25.69,15.15,66.0,0.321,13.0,19.7,7.0,10.61,1.004,0.2679999999999999,27.18,12.12,16.45,28.57,25.86,25.0
746777,2024-06-27,2024,666158,L,647336,R,strikeout,True,False,200.0,0.226,45.0,22.5,13.0,6.5,0.593,0.091,19.1,8.68,18.52,27.2,22.16,18.99,,,,,,,,,,,,,,,141.0,0.248,29.0,20.57,22.0,15.6,0.848,0.23099999999999998,18.78,7.99,15.97,23.96,22.26,17.58,79.0,0.25,16.0,20.25,5.0,6.33,0.8440000000000001,0.278,20.71,9.48,16.67,26.14,22.15,19.28
746777,2024-06-27,2024,657557,R,694813,R,field_out,False,False,202.0,0.261,61.0,30.2,6.0,2.97,0.796,0.22799999999999998,31.52,18.41,9.93,28.34,33.9,24.6,281.0,0.203,86.0,30.6,12.0,4.27,0.603,0.1539999999999999,36.49,19.09,15.38,34.47,35.28,34.68,200.0,0.226,39.0,19.5,7.0,3.5,0.5880000000000001,0.10600000000000001,24.6,13.23,14.65,27.88,33.33,19.9,87.0,0.351,11.0,12.64,8.0,9.2,1.074,0.298,26.14,12.82,15.71,28.53,30.57,12.64
746777,2024-06-27,2024,686676,R,694813,R,field_out,False,False,151.0,0.224,45.0,29.8,7.0,4.64,0.631,0.147,40.19,23.43,10.15,33.58,35.2,25.14,47.0,0.116,12.0,25.53,4.0,8.51,0.4,0.0929999999999999,33.71,18.07,13.25,31.33,34.15,23.53,200.0,0.226,39.0,19.5,7.0,3.5,0.5880000000000001,0.10600000000000001,24.6,13.23,14.65,27.88,33.33,19.9,87.0,0.351,11.0,12.64,8.0,9.2,1.074,0.298,26.14,12.82,15.71,28.53,30.57,12.64
746777,2024-06-27,2024,670032,L,694813,R,field_out,False,False,203.0,0.24,32.0,15.76,15.0,7.39,0.581,0.039000000000000035,18.13,8.93,15.76,24.69,28.06,17.02,212.0,0.228,33.0,15.57,24.0,11.32,0.647,0.089,22.47,10.7,16.47,27.16,26.6,14.22,159.0,0.227,31.0,19.5,18.0,11.32,0.612,0.07099999999999998,25.17,11.99,15.44,27.42,29.88,18.79,65.0,0.322,11.0,16.92,5.0,7.69,0.911,0.22,36.8,19.49,10.17,29.66,38.62,18.33
746777,2024-06-27,2024,500743,R,647336,R,field_out,False,False,81.0,0.299,10.0,12.35,3.0,3.7,0.775,0.14300000000000002,12.88,5.94,19.93,25.87,29.71,13.51,279.0,0.21,36.0,12.9,18.0,6.45,0.546,0.068,19.79,9.92,16.53,26.45,34.53,12.9,146.0,0.224,30.0,20.55,16.0,10.96,0.733,0.19199999999999998,22.99,9.87,18.26,28.12,25.69,15.15,66.0,0.321,13.0,19.7,7.0,10.61,1.004,0.2679999999999999,27.18,12.12,16.45,28.57,25.86,25.0
746777,2024-06-27,2024,571771,R,647336,R,strikeout,True,False,103.0,0.181,24.0,23.3,9.0,8.74,0.507,0.07400000000000001,25.85,12.96,15.65,28.61,25.0,19.51,347.0,0.235,78.0,22.48,20.0,5.76,0.647,0.13,27.56,13.17,16.85,30.02,28.91,20.8,146.0,0.224,30.0,20.55,16.0,10.96,0.733,0.19199999999999998,22.99,9.87,18.26,28.12,25.69,15.15,66.0,0.321,13.0,19.7,7.0,10.61,1.004,0.2679999999999999,27.18,12.12,16.45,28.57,25.86,25.0
746777,2024-06-27,2024,605131,R,647336,R,strikeout,True,False,49.0,0.159,18.0,36.73,4.0,8.16,0.388,0.0,23.53,11.16,18.14,29.3,21.05,20.45,144.0,0.219,29.0,20.14,13.0,9.03,0.589,0.0779999999999999,23.08,9.96,18.27,28.23,20.08,20.57,146.0,0.224,30.0,20.55,16.0,10.96,0.733,0.19199999999999998,22.99,9.87,18.26,28.12,25.69,15.15,66.0,0.321,13.0,19.7,7.0,10.61,1.004,0.2679999999999999,27.18,12.12,16.45,28.57,25.86,25.0
746777,2024-06-27,2024,672820,R,694813,R,field_out,False,False,86.0,0.183,24.0,27.91,2.0,2.33,0.432,0.037000000000000005,26.58,13.55,20.32,33.87,38.19,26.97,123.0,0.178,30.0,24.39,2.0,1.63,0.504,0.136,24.69,13.05,16.81,29.87,39.56,22.39,200.0,0.226,39.0,19.5,7.0,3.5,0.5880000000000001,0.10600000000000001,24.6,13.23,14.65,27.88,33.33,19.9,87.0,0.351,11.0,12.64,8.0,9.2,1.074,0.298,26.14,12.82,15.71,28.53,30.57,12.64
746777,2024-06-27,2024,502054,R,694813,R,single,False,False,146.0,0.267,27.0,18.49,11.0,7.53,0.6779999999999999,0.08899999999999997,23.24,9.64,20.83,30.46,19.7,16.36,304.0,0.262,71.0,23.36,28.0,9.21,0.767,0.173,26.61,10.98,19.38,30.37,21.23,21.19,200.0,0.226,39.0,19.5,7.0,3.5,0.5880000000000001,0.10600000000000001,24.6,13.23,14.65,27.88,33.33,19.9,87.0,0.351,11.0,12.64,8.0,9.2,1.074,0.298,26.14,12.82,15.71,28.53,30.57,12.64
746777,2024-06-27,2024,643217,L,694813,R,field_out,False,False,189.0,0.229,31.0,16.4,12.0,6.35,0.6180000000000001,0.11400000000000002,18.58,9.0,16.71,25.71,26.46,15.58,486.0,0.261,67.0,13.79,42.0,8.64,0.67,0.082,19.05,9.13,14.74,23.87,26.13,13.62,159.0,0.227,31.0,19.5,18.0,11.32,0.612,0.07099999999999998,25.17,11.99,15.44,27.42,29.88,18.79,65.0,0.322,11.0,16.92,5.0,7.69,0.911,0.22,36.8,19.49,10.17,29.66,38.62,18.33
746777,2024-06-27,2024,673357,R,694813,R,field_out,False,False,87.0,0.195,30.0,34.48,5.0,5.75,0.741,0.305,32.81,16.94,15.32,32.26,34.21,22.9,477.0,0.252,132.0,27.67,25.0,5.24,0.8340000000000001,0.279,32.83,18.94,10.59,29.53,40.07,24.77,200.0,0.226,39.0,19.5,7.0,3.5,0.5880000000000001,0.10600000000000001,24.6,13.23,14.65,27.88,33.33,19.9,87.0,0.351,11.0,12.64,8.0,9.2,1.074,0.298,26.14,12.82,15.71,28.53,30.57,12.64
746816,2024-06-27,2024,672284,L,641771,R,field_out,False,False,183.0,0.278,54.0,29.51,12.0,6.56,0.8009999999999999,0.19499999999999995,34.14,17.33,14.73,32.06,30.87,22.98,324.0,0.251,105.0,32.41,34.0,10.49,0.738,0.1569999999999999,35.42,16.4,14.8,31.2,29.2,26.99,17.0,0.5,2.0,11.76,2.0,11.76,1.529,0.5,20.59,9.33,13.33,22.67,13.89,9.52,94.0,0.311,14.0,14.89,13.0,13.83,0.94,0.216,23.56,10.22,11.97,22.19,19.16,12.07
746816,2024-06-27,2024,645277,L,641771,R,field_out,False,False,223.0,0.217,39.0,17.49,19.0,8.52,0.639,0.12600000000000003,21.39,11.87,9.34,21.21,32.92,12.07,528.0,0.25,89.0,16.86,42.0,7.95,0.8029999999999999,0.235,20.84,11.11,9.82,20.92,33.45,13.94,17.0,0.5,2.0,11.76,2.0,11.76,1.529,0.5,20.59,9.33,13.33,22.67,13.89,9.52,94.0,0.311,14.0,14.89,13.0,13.83,0.94,0.216,23.56,10.22,11.97,22.19,19.16,12.07
746816,2024-06-27,2024,542303,R,641771,R,walk,False,True,234.0,0.292,51.0,21.79,22.0,9.4,0.967,0.316,30.72,14.81,12.76,27.57,26.6,19.17,453.0,0.272,109.0,24.06,44.0,9.71,0.882,0.263,27.95,13.42,14.78,28.21,29.59,18.63,20.0,0.059,9.0,45.0,3.0,15.0,0.318,0.059,20.59,7.78,18.89,26.67,17.31,34.62,94.0,0.316,17.0,18.09,15.0,15.96,1.031,0.289,30.28,11.53,17.43,28.95,21.67,19.77
746816,2024-06-27,2024,621566,L,641771,R,strikeout,True,False,222.0,0.227,59.0,26.58,25.0,11.26,0.7070000000000001,0.16,28.04,13.65,12.05,25.7,28.19,17.37,540.0,0.294,115.0,21.3,90.0,16.67,1.061,0.351,27.51,12.57,12.32,24.89,25.66,14.92,17.0,0.5,2.0,11.76,2.0,11.76,1.529,0.5,20.59,9.33,13.33,22.67,13.89,9.52,94.0,0.311,14.0,14.89,13.0,13.83,0.94,0.216,23.56,10.22,11.97,22.19,19.16,12.07
746816,2024-06-27,2024,502054,R,519242,L,strikeout,True,False,48.0,0.282,9.0,18.75,8.0,16.67,0.9039999999999999,0.20500000000000002,20.27,7.69,21.03,28.72,17.02,13.85,177.0,0.245,35.0,19.77,19.0,10.73,0.787,0.22,18.15,7.08,21.25,28.33,19.5,17.41,277.0,0.21,86.0,31.05,14.0,5.05,0.569,0.097,32.18,16.19,17.39,33.58,34.69,23.89,370.0,0.224,107.0,28.92,26.0,7.03,0.699,0.1849999999999999,30.18,14.61,16.72,31.33,33.77,23.11
746816,2024-06-27,2024,683734,R,519242,L,field_out,False,False,67.0,0.262,11.0,16.42,2.0,2.99,0.6839999999999999,0.138,23.48,12.35,13.94,26.29,36.15,16.42,142.0,0.227,20.0,14.08,7.0,4.93,0.641,0.144,18.15,9.74,13.42,23.16,34.55,11.83,277.0,0.21,86.0,31.05,14.0,5.05,0.569,0.097,32.18,16.19,17.39,33.58,34.69,23.89,370.0,0.224,107.0,28.92,26.0,7.03,0.699,0.1849999999999999,30.18,14.61,16.72,31.33,33.77,23.11
746816,2024-06-27,2024,673357,R,519242,L,home_run,False,False,24.0,0.167,8.0,33.33,6.0,25.0,0.597,0.05499999999999999,40.0,16.0,16.0,32.0,28.57,32.0,119.0,0.312,40.0,33.61,5.0,4.2,0.951,0.2749999999999999,35.71,20.75,11.2,31.95,42.19,22.1,277.0,0.21,86.0,31.05,14.0,5.05,0.569,0.097,32.18,16.19,17.39,33.58,34.69,23.89,370.0,0.224,107.0,28.92,26.0,7.03,0.699,0.1849999999999999,30.18,14.61,16.72,31.33,33.77,23.11
746816,2024-06-27,2024,650391,R,519242,L,strikeout,True,False,34.0,0.219,5.0,14.71,2.0,5.88,0.515,0.031,24.56,12.96,12.96,25.93,41.27,22.73,98.0,0.267,15.0,15.31,6.0,6.12,0.738,0.1549999999999999,26.32,12.78,15.06,27.84,36.63,16.85,277.0,0.21,86.0,31.05,14.0,5.05,0.569,0.097,32.18,16.19,17.39,33.58,34.69,23.89,370.0,0.224,107.0,28.92,26.0,7.03,0.699,0.1849999999999999,30.18,14.61,16.72,31.33,33.77,23.11
746816,2024-06-27,2024,663586,R,641771,R,walk,False,True,195.0,0.275,48.0,24.62,14.0,7.18,0.779,0.16899999999999998,29.59,15.08,12.87,27.96,28.23,18.5,566.0,0.28,137.0,24.2,42.0,7.42,0.841,0.2199999999999999,27.71,13.25,15.53,28.77,27.7,18.53,20.0,0.059,9.0,45.0,3.0,15.0,0.318,0.059,20.59,7.78,18.89,26.67,17.31,34.62,94.0,0.316,17.0,18.09,15.0,15.96,1.031,0.289,30.28,11.53,17.43,28.95,21.67,19.77
746816,2024-06-27,2024,669221,R,641771,R,grounded_into_double_play,False,False,54.0,0.25,13.0,24.07,5.0,9.26,0.7290000000000001,0.14600000000000002,30.21,14.08,18.93,33.01,29.81,21.67,337.0,0.245,77.0,22.85,37.0,10.98,0.832,0.2309999999999999,26.79,12.43,15.15,27.58,22.74,18.97,20.0,0.059,9.0,45.0,3.0,15.0,0.318,0.059,20.59,7.78,18.89,26.67,17.31,34.62,94.0,0.316,17.0,18.09,15.0,15.96,1.031,0.289,30.28,11.53,17.43,28.95,21.67,19.77
746816,2024-06-27,2024,657088,L,641771,R,field_out,False,False,15.0,0.308,3.0,20.0,2.0,13.33,0.708,0.0,29.17,14.0,16.0,30.0,30.77,30.0,11.0,0.333,4.0,36.36,2.0,18.18,1.011,0.223,13.04,5.45,21.82,27.27,25.93,16.67,17.0,0.5,2.0,11.76,2.0,11.76,1.529,0.5,20.59,9.33,13.33,22.67,13.89,9.52,94.0,0.311,14.0,14.89,13.0,13.83,0.94,0.216,23.56,10.22,11.97,22.19,19.16,12.07
746816,2024-06-27,2024,657557,R,519242,L,field_out,False,False,67.0,0.161,24.0,35.82,3.0,4.48,0.548,0.17800000000000002,41.18,24.51,8.95,33.46,34.11,29.63,119.0,0.217,35.0,29.41,9.0,7.56,0.635,0.1319999999999999,33.2,18.24,12.75,30.99,37.18,23.03,277.0,0.21,86.0,31.05,14.0,5.05,0.569,0.097,32.18,16.19,17.39,33.58,34.69,23.89,370.0,0.224,107.0,28.92,26.0,7.03,0.699,0.1849999999999999,30.18,14.61,16.72,31.33,33.77,23.11
746816,2024-06-27,2024,667452,R,519242,L,strikeout,True,False,37.0,0.303,12.0,32.43,4.0,10.81,0.863,0.182,28.99,12.9,18.71,31.61,31.65,25.53,76.0,0.233,19.0,25.0,2.0,2.63,0.62,0.1369999999999999,22.62,11.91,15.05,26.96,35.67,17.27,277.0,0.21,86.0,31.05,14.0,5.05,0.569,0.097,32.18,16.19,17.39,33.58,34.69,23.89,370.0,0.224,107.0,28.92,26.0,7.03,0.699,0.1849999999999999,30.18,14.61,16.72,31.33,33.77,23.11
746816,2024-06-27,2024,672820,R,519242,L,field_out,False,False,37.0,0.294,5.0,13.51,3.0,8.11,0.88,0.23500000000000004,18.18,8.28,14.48,22.76,29.87,13.89,50.0,0.261,10.0,20.0,3.0,6.0,0.741,0.174,22.11,11.8,17.98,29.78,44.19,18.87,277.0,0.21,86.0,31.05,14.0,5.05,0.569,0.097,32.18,16.19,17.39,33.58,34.69,23.89,370.0,0.224,107.0,28.92,26.0,7.03,0.699,0.1849999999999999,30.18,14.61,16.72,31.33,33.77,23.11
746816,2024-06-27,2024,594807,R,641771,R,strikeout,True,False,101.0,0.093,37.0,36.63,3.0,2.97,0.242,0.020000000000000004,29.95,14.7,19.95,34.65,36.51,30.08,260.0,0.248,76.0,29.23,18.0,6.92,0.863,0.303,29.41,13.69,18.97,32.66,32.68,27.44,20.0,0.059,9.0,45.0,3.0,15.0,0.318,0.059,20.59,7.78,18.89,26.67,17.31,34.62,94.0,0.316,17.0,18.09,15.0,15.96,1.031,0.289,30.28,11.53,17.43,28.95,21.67,19.77
746816,2024-06-27,2024,606115,R,641771,R,field_out,False,False,213.0,0.226,39.0,18.31,8.0,3.76,0.636,0.151,23.89,12.05,14.78,26.83,26.74,18.22,421.0,0.255,78.0,18.53,23.0,5.46,0.6739999999999999,0.12,23.54,11.23,17.09,28.32,27.84,15.98,20.0,0.059,9.0,45.0,3.0,15.0,0.318,0.059,20.59,7.78,18.89,26.67,17.31,34.62,94.0,0.316,17.0,18.09,15.0,15.96,1.031,0.289,30.28,11.53,17.43,28.95,21.67,19.77
746816,2024-06-27,2024,672284,L,641771,R,strikeout,True,False,183.0,0.278,54.0,29.51,12.0,6.56,0.8009999999999999,0.19499999999999995,34.14,17.33,14.73,32.06,30.87,22.98,324.0,0.251,105.0,32.41,34.0,10.49,0.738,0.1569999999999999,35.42,16.4,14.8,31.2,29.2,26.99,17.0,0.5,2.0,11.76,2.0,11.76,1.529,0.5,20.59,9.33,13.33,22.67,13.89,9.52,94.0,0.311,14.0,14.89,13.0,13.83,0.94,0.216,23.56,10.22,11.97,22.19,19.16,12.07
746816,2024-06-27,2024,664901,R,519242,L,single,False,False,43.0,0.275,8.0,18.6,3.0,6.98,0.8260000000000001,0.22499999999999998,23.08,10.91,15.76,26.67,22.89,19.51,41.0,0.225,10.0,24.39,1.0,2.44,0.544,0.0749999999999999,22.67,10.62,20.0,30.63,24.29,21.74,277.0,0.21,86.0,31.05,14.0,5.05,0.569,0.097,32.18,16.19,17.39,33.58,34.69,23.89,370.0,0.224,107.0,28.92,26.0,7.03,0.699,0.1849999999999999,30.18,14.61,16.72,31.33,33.77,23.11
746816,2024-06-27,2024,455117,R,519242,L,strikeout,True,False,41.0,0.028,15.0,36.59,2.0,4.88,0.107,0.0,32.88,14.55,22.42,36.97,26.32,28.85,99.0,0.239,35.0,35.35,10.0,10.1,0.8160000000000001,0.261,35.58,18.09,13.69,31.78,32.32,26.12,277.0,0.21,86.0,31.05,14.0,5.05,0.569,0.097,32.18,16.19,17.39,33.58,34.69,23.89,370.0,0.224,107.0,28.92,26.0,7.03,0.699,0.1849999999999999,30.18,14.61,16.72,31.33,33.77,23.11
746816,2024-06-27,2024,502054,R,519242,L,field_out,False,False,48.0,0.282,9.0,18.75,8.0,16.67,0.9039999999999999,0.20500000000000002,20.27,7.69,21.03,28.72,17.02,13.85,177.0,0.245,35.0,19.77,19.0,10.73,0.787,0.22,18.15,7.08,21.25,28.33,19.5,17.41,277.0,0.21,86.0,31.05,14.0,5.05,0.569,0.097,32.18,16.19,17.39,33.58,34.69,23.89,370.0,0.224,107.0,28.92,26.0,7.03,0.699,0.1849999999999999,30.18,14.61,16.72,31.33,33.77,23.11
746816,2024-06-27,2024,683734,R,519242,L,strikeout,True,False,67.0,0.262,11.0,16.42,2.0,2.99,0.6839999999999999,0.138,23.48,12.35,13.94,26.29,36.15,16.42,142.0,0.227,20.0,14.08,7.0,4.93,0.641,0.144,18.15,9.74,13.42,23.16,34.55,11.83,277.0,0.21,86.0,31.05,14.0,5.05,0.569,0.097,32.18,16.19,17.39,33.58,34.69,23.89,370.0,0.224,107.0,28.92,26.0,7.03,0.699,0.1849999999999999,30.18,14.61,16.72,31.33,33.77,23.11
746816,2024-06-27,2024,645277,L,641771,R,double,False,False,223.0,0.217,39.0,17.49,19.0,8.52,0.639,0.12600000000000003,21.39,11.87,9.34,21.21,32.92,12.07,528.0,0.25,89.0,16.86,42.0,7.95,0.8029999999999999,0.235,20.84,11.11,9.82,20.92,33.45,13.94,17.0,0.5,2.0,11.76,2.0,11.76,1.529,0.5,20.59,9.33,13.33,22.67,13.89,9.52,94.0,0.311,14.0,14.89,13.0,13.83,0.94,0.216,23.56,10.22,11.97,22.19,19.16,12.07
746816,2024-06-27,2024,542303,R,605121,R,walk,False,True,234.0,0.292,51.0,21.79,22.0,9.4,0.967,0.316,30.72,14.81,12.76,27.57,26.6,19.17,453.0,0.272,109.0,24.06,44.0,9.71,0.882,0.263,27.95,13.42,14.78,28.21,29.59,18.63,57.0,0.255,15.0,26.32,9.0,15.79,0.79,0.14900000000000002,34.26,15.42,17.5,32.92,34.09,15.38,,,,,,,,,,,,,,
746816,2024-06-27,2024,621566,L,605121,R,field_out,False,False,222.0,0.227,59.0,26.58,25.0,11.26,0.7070000000000001,0.16,28.04,13.65,12.05,25.7,28.19,17.37,540.0,0.294,115.0,21.3,90.0,16.67,1.061,0.351,27.51,12.57,12.32,24.89,25.66,14.92,23.0,0.2,5.0,21.74,2.0,8.7,0.504,0.0,23.81,11.36,14.77,26.14,29.79,17.86,,,,,,,,,,,,,,
746816,2024-06-27,2024,663586,R,605121,R,strikeout,True,False,195.0,0.275,48.0,24.62,14.0,7.18,0.779,0.16899999999999998,29.59,15.08,12.87,27.96,28.23,18.5,566.0,0.28,137.0,24.2,42.0,7.42,0.841,0.2199999999999999,27.71,13.25,15.53,28.77,27.7,18.53,57.0,0.255,15.0,26.32,9.0,15.79,0.79,0.14900000000000002,34.26,15.42,17.5,32.92,34.09,15.38,,,,,,,,,,,,,,
746816,2024-06-27,2024,669221,R,605121,R,field_out,False,False,54.0,0.25,13.0,24.07,5.0,9.26,0.7290000000000001,0.14600000000000002,30.21,14.08,18.93,33.01,29.81,21.67,337.0,0.245,77.0,22.85,37.0,10.98,0.832,0.2309999999999999,26.79,12.43,15.15,27.58,22.74,18.97,57.0,0.255,15.0,26.32,9.0,15.79,0.79,0.14900000000000002,34.26,15.42,17.5,32.92,34.09,15.38,,,,,,,,,,,,,,
746816,2024-06-27,2024,673357,R,519242,L,single,False,False,24.0,0.167,8.0,33.33,6.0,25.0,0.597,0.05499999999999999,40.0,16.0,16.0,32.0,28.57,32.0,119.0,0.312,40.0,33.61,5.0,4.2,0.951,0.2749999999999999,35.71,20.75,11.2,31.95,42.19,22.1,277.0,0.21,86.0,31.05,14.0,5.05,0.569,0.097,32.18,16.19,17.39,33.58,34.69,23.89,370.0,0.224,107.0,28.92,26.0,7.03,0.699,0.1849999999999999,30.18,14.61,16.72,31.33,33.77,23.11
746816,2024-06-27,2024,650391,R,519242,L,grounded_into_double_play,False,False,34.0,0.219,5.0,14.71,2.0,5.88,0.515,0.031,24.56,12.96,12.96,25.93,41.27,22.73,98.0,0.267,15.0,15.31,6.0,6.12,0.738,0.1549999999999999,26.32,12.78,15.06,27.84,36.63,16.85,277.0,0.21,86.0,31.05,14.0,5.05,0.569,0.097,32.18,16.19,17.39,33.58,34.69,23.89,370.0,0.224,107.0,28.92,26.0,7.03,0.699,0.1849999999999999,30.18,14.61,16.72,31.33,33.77,23.11
746816,2024-06-27,2024,657557,R,519242,L,strikeout,True,False,67.0,0.161,24.0,35.82,3.0,4.48,0.548,0.17800000000000002,41.18,24.51,8.95,33.46,34.11,29.63,119.0,0.217,35.0,29.41,9.0,7.56,0.635,0.1319999999999999,33.2,18.24,12.75,30.99,37.18,23.03,277.0,0.21,86.0,31.05,14.0,5.05,0.569,0.097,32.18,16.19,17.39,33.58,34.69,23.89,370.0,0.224,107.0,28.92,26.0,7.03,0.699,0.1849999999999999,30.18,14.61,16.72,31.33,33.77,23.11
746816,2024-06-27,2024,657088,L,694363,L,single,False,False,1.0,0.0,0.0,0.0,0.0,0.0,0.0,0.0,0.0,0.0,0.0,0.0,,,4.0,0.75,0.0,0.0,0.0,0.0,2.25,0.75,14.29,6.25,18.75,25.0,50.0,0.0,51.0,0.304,7.0,13.73,2.0,3.92,0.798,0.174,19.8,10.81,12.97,23.78,28.41,12.73,51.0,0.238,8.0,15.69,7.0,13.73,0.738,0.167,25.3,10.66,17.26,27.92,21.82,14.29
746816,2024-06-27,2024,594807,R,694363,L,strikeout,True,False,93.0,0.256,18.0,19.35,12.0,12.9,0.879,0.257,22.56,10.22,17.4,27.62,24.87,15.52,93.0,0.244,34.0,36.56,4.0,4.3,0.757,0.2329999999999999,34.95,18.31,16.34,34.65,37.97,29.82,84.0,0.214,12.0,14.29,13.0,15.48,0.662,0.11500000000000002,22.82,9.37,13.22,22.59,21.96,13.64,179.0,0.27,22.0,12.29,19.0,10.61,0.7989999999999999,0.177,20.58,9.6,15.74,25.34,24.62,12.15
746816,2024-06-27,2024,606115,R,694363,L,grounded_into_double_play,False,False,80.0,0.173,22.0,27.5,3.0,3.75,0.453,0.08000000000000002,26.88,13.15,16.82,29.97,26.75,20.56,112.0,0.302,24.0,21.43,16.0,14.29,1.006,0.302,27.18,11.06,18.79,29.85,21.6,18.32,84.0,0.214,12.0,14.29,13.0,15.48,0.662,0.11500000000000002,22.82,9.37,13.22,22.59,21.96,13.64,179.0,0.27,22.0,12.29,19.0,10.61,0.7989999999999999,0.177,20.58,9.6,15.74,25.34,24.62,12.15
746816,2024-06-27,2024,667452,R,519242,L,walk,False,True,37.0,0.303,12.0,32.43,4.0,10.81,0.863,0.182,28.99,12.9,18.71,31.61,31.65,25.53,76.0,0.233,19.0,25.0,2.0,2.63,0.62,0.1369999999999999,22.62,11.91,15.05,26.96,35.67,17.27,277.0,0.21,86.0,31.05,14.0,5.05,0.569,0.097,32.18,16.19,17.39,33.58,34.69,23.89,370.0,0.224,107.0,28.92,26.0,7.03,0.699,0.1849999999999999,30.18,14.61,16.72,31.33,33.77,23.11
746816,2024-06-27,2024,672820,R,519242,L,strikeout,True,False,37.0,0.294,5.0,13.51,3.0,8.11,0.88,0.23500000000000004,18.18,8.28,14.48,22.76,29.87,13.89,50.0,0.261,10.0,20.0,3.0,6.0,0.741,0.174,22.11,11.8,17.98,29.78,44.19,18.87,277.0,0.21,86.0,31.05,14.0,5.05,0.569,0.097,32.18,16.19,17.39,33.58,34.69,23.89,370.0,0.224,107.0,28.92,26.0,7.03,0.699,0.1849999999999999,30.18,14.61,16.72,31.33,33.77,23.11
746816,2024-06-27,2024,664901,R,519242,L,strikeout,True,False,43.0,0.275,8.0,18.6,3.0,6.98,0.8260000000000001,0.22499999999999998,23.08,10.91,15.76,26.67,22.89,19.51,41.0,0.225,10.0,24.39,1.0,2.44,0.544,0.0749999999999999,22.67,10.62,20.0,30.63,24.29,21.74,277.0,0.21,86.0,31.05,14.0,5.05,0.569,0.097,32.18,16.19,17.39,33.58,34.69,23.89,370.0,0.224,107.0,28.92,26.0,7.03,0.699,0.1849999999999999,30.18,14.61,16.72,31.33,33.77,23.11
746816,2024-06-27,2024,672284,L,694363,L,field_out,False,False,41.0,0.3,12.0,29.27,0.0,0.0,0.6930000000000001,0.10000000000000003,33.33,18.88,16.08,34.97,36.36,26.67,92.0,0.259,27.0,29.35,7.0,7.61,0.774,0.2,27.91,12.83,16.31,29.14,26.49,24.55,51.0,0.304,7.0,13.73,2.0,3.92,0.798,0.174,19.8,10.81,12.97,23.78,28.41,12.73,51.0,0.238,8.0,15.69,7.0,13.73,0.738,0.167,25.3,10.66,17.26,27.92,21.82,14.29
746816,2024-06-27,2024,645277,R,694363,L,field_out,False,False,87.0,0.329,11.0,12.64,1.0,1.15,0.863,0.189,20.13,11.47,9.32,20.79,32.65,20.0,133.0,0.391,18.0,13.53,4.0,3.01,1.023,0.2259999999999999,19.5,11.51,10.25,21.76,42.91,12.77,84.0,0.214,12.0,14.29,13.0,15.48,0.662,0.11500000000000002,22.82,9.37,13.22,22.59,21.96,13.64,179.0,0.27,22.0,12.29,19.0,10.61,0.7989999999999999,0.177,20.58,9.6,15.74,25.34,24.62,12.15
746816,2024-06-27,2024,542303,R,694363,L,field_out,False,False,97.0,0.337,24.0,24.74,14.0,14.43,0.927,0.15699999999999997,31.88,15.35,11.86,27.21,24.69,16.0,139.0,0.278,25.0,17.99,13.0,9.35,0.98,0.357,22.56,11.13,13.17,24.3,30.63,15.53,84.0,0.214,12.0,14.29,13.0,15.48,0.662,0.11500000000000002,22.82,9.37,13.22,22.59,21.96,13.64,179.0,0.27,22.0,12.29,19.0,10.61,0.7989999999999999,0.177,20.58,9.6,15.74,25.34,24.62,12.15
746816,2024-06-27,2024,455117,R,519242,L,strikeout,True,False,41.0,0.028,15.0,36.59,2.0,4.88,0.107,0.0,32.88,14.55,22.42,36.97,26.32,28.85,99.0,0.239,35.0,35.35,10.0,10.1,0.8160000000000001,0.261,35.58,18.09,13.69,31.78,32.32,26.12,277.0,0.21,86.0,31.05,14.0,5.05,0.569,0.097,32.18,16.19,17.39,33.58,34.69,23.89,370.0,0.224,107.0,28.92,26.0,7.03,0.699,0.1849999999999999,30.18,14.61,16.72,31.33,33.77,23.11
746816,2024-06-27,2024,502054,R,519242,L,strikeout,True,False,48.0,0.282,9.0,18.75,8.0,16.67,0.9039999999999999,0.20500000000000002,20.27,7.69,21.03,28.72,17.02,13.85,177.0,0.245,35.0,19.77,19.0,10.73,0.787,0.22,18.15,7.08,21.25,28.33,19.5,17.41,277.0,0.21,86.0,31.05,14.0,5.05,0.569,0.097,32.18,16.19,17.39,33.58,34.69,23.89,370.0,0.224,107.0,28.92,26.0,7.03,0.699,0.1849999999999999,30.18,14.61,16.72,31.33,33.77,23.11
746816,2024-06-27,2024,683734,R,519242,L,double,False,False,67.0,0.262,11.0,16.42,2.0,2.99,0.6839999999999999,0.138,23.48,12.35,13.94,26.29,36.15,16.42,142.0,0.227,20.0,14.08,7.0,4.93,0.641,0.144,18.15,9.74,13.42,23.16,34.55,11.83,277.0,0.21,86.0,31.05,14.0,5.05,0.569,0.097,32.18,16.19,17.39,33.58,34.69,23.89,370.0,0.224,107.0,28.92,26.0,7.03,0.699,0.1849999999999999,30.18,14.61,16.72,31.33,33.77,23.11
746816,2024-06-27,2024,673357,R,519242,L,field_out,False,False,24.0,0.167,8.0,33.33,6.0,25.0,0.597,0.05499999999999999,40.0,16.0,16.0,32.0,28.57,32.0,119.0,0.312,40.0,33.61,5.0,4.2,0.951,0.2749999999999999,35.71,20.75,11.2,31.95,42.19,22.1,277.0,0.21,86.0,31.05,14.0,5.05,0.569,0.097,32.18,16.19,17.39,33.58,34.69,23.89,370.0,0.224,107.0,28.92,26.0,7.03,0.699,0.1849999999999999,30.18,14.61,16.72,31.33,33.77,23.11
746816,2024-06-27,2024,621566,L,694363,L,strikeout,True,False,106.0,0.278,26.0,24.53,5.0,4.72,0.8760000000000001,0.268,25.35,12.44,14.29,26.73,28.51,17.11,182.0,0.252,52.0,28.57,14.0,7.69,0.7989999999999999,0.239,31.07,15.01,14.87,29.88,27.47,21.94,51.0,0.304,7.0,13.73,2.0,3.92,0.798,0.174,19.8,10.81,12.97,23.78,28.41,12.73,51.0,0.238,8.0,15.69,7.0,13.73,0.738,0.167,25.3,10.66,17.26,27.92,21.82,14.29
746816,2024-06-27,2024,663586,R,694363,L,field_out,False,False,83.0,0.205,17.0,20.48,9.0,10.84,0.671,0.165,24.03,12.17,10.86,23.03,25.17,20.24,149.0,0.289,35.0,23.49,17.0,11.41,0.94,0.289,28.03,13.64,12.46,26.09,26.11,18.72,84.0,0.214,12.0,14.29,13.0,15.48,0.662,0.11500000000000002,22.82,9.37,13.22,22.59,21.96,13.64,179.0,0.27,22.0,12.29,19.0,10.61,0.7989999999999999,0.177,20.58,9.6,15.74,25.34,24.62,12.15
746816,2024-06-27,2024,669221,R,694363,L,walk,False,True,25.0,0.13,7.0,28.0,1.0,4.0,0.504,0.174,34.88,15.62,23.96,39.58,40.91,24.14,101.0,0.274,21.0,20.79,12.0,11.88,0.884,0.2139999999999999,23.12,10.14,16.75,26.89,23.56,16.03,84.0,0.214,12.0,14.29,13.0,15.48,0.662,0.11500000000000002,22.82,9.37,13.22,22.59,21.96,13.64,179.0,0.27,22.0,12.29,19.0,10.61,0.7989999999999999,0.177,20.58,9.6,15.74,25.34,24.62,12.15
746816,2024-06-27,2024,657088,L,694363,L,field_out,False,False,1.0,0.0,0.0,0.0,0.0,0.0,0.0,0.0,0.0,0.0,0.0,0.0,,,4.0,0.75,0.0,0.0,0.0,0.0,2.25,0.75,14.29,6.25,18.75,25.0,50.0,0.0,51.0,0.304,7.0,13.73,2.0,3.92,0.798,0.174,19.8,10.81,12.97,23.78,28.41,12.73,51.0,0.238,8.0,15.69,7.0,13.73,0.738,0.167,25.3,10.66,17.26,27.92,21.82,14.29
746816,2024-06-27,2024,650391,R,519242,L,field_out,False,False,34.0,0.219,5.0,14.71,2.0,5.88,0.515,0.031,24.56,12.96,12.96,25.93,41.27,22.73,98.0,0.267,15.0,15.31,6.0,6.12,0.738,0.1549999999999999,26.32,12.78,15.06,27.84,36.63,16.85,277.0,0.21,86.0,31.05,14.0,5.05,0.569,0.097,32.18,16.19,17.39,33.58,34.69,23.89,370.0,0.224,107.0,28.92,26.0,7.03,0.699,0.1849999999999999,30.18,14.61,16.72,31.33,33.77,23.11
746816,2024-06-27,2024,657557,R,519242,L,strikeout,True,False,67.0,0.161,24.0,35.82,3.0,4.48,0.548,0.17800000000000002,41.18,24.51,8.95,33.46,34.11,29.63,119.0,0.217,35.0,29.41,9.0,7.56,0.635,0.1319999999999999,33.2,18.24,12.75,30.99,37.18,23.03,277.0,0.21,86.0,31.05,14.0,5.05,0.569,0.097,32.18,16.19,17.39,33.58,34.69,23.89,370.0,0.224,107.0,28.92,26.0,7.03,0.699,0.1849999999999999,30.18,14.61,16.72,31.33,33.77,23.11
746816,2024-06-27,2024,667452,R,519242,L,field_out,False,False,37.0,0.303,12.0,32.43,4.0,10.81,0.863,0.182,28.99,12.9,18.71,31.61,31.65,25.53,76.0,0.233,19.0,25.0,2.0,2.63,0.62,0.1369999999999999,22.62,11.91,15.05,26.96,35.67,17.27,277.0,0.21,86.0,31.05,14.0,5.05,0.569,0.097,32.18,16.19,17.39,33.58,34.69,23.89,370.0,0.224,107.0,28.92,26.0,7.03,0.699,0.1849999999999999,30.18,14.61,16.72,31.33,33.77,23.11
746816,2024-06-27,2024,594807,R,605154,R,field_out,False,False,101.0,0.093,37.0,36.63,3.0,2.97,0.242,0.020000000000000004,29.95,14.7,19.95,34.65,36.51,30.08,260.0,0.248,76.0,29.23,18.0,6.92,0.863,0.303,29.41,13.69,18.97,32.66,32.68,27.44,67.0,0.274,17.0,25.37,4.0,5.97,0.6990000000000001,0.09699999999999998,28.79,14.96,13.78,28.74,38.41,21.52,107.0,0.221,29.0,27.1,8.0,7.48,0.674,0.179,26.61,12.86,15.74,28.6,25.99,16.96
746816,2024-06-27,2024,606115,R,605154,R,single,False,False,213.0,0.226,39.0,18.31,8.0,3.76,0.636,0.151,23.89,12.05,14.78,26.83,26.74,18.22,421.0,0.255,78.0,18.53,23.0,5.46,0.6739999999999999,0.12,23.54,11.23,17.09,28.32,27.84,15.98,67.0,0.274,17.0,25.37,4.0,5.97,0.6990000000000001,0.09699999999999998,28.79,14.96,13.78,28.74,38.41,21.52,107.0,0.221,29.0,27.1,8.0,7.48,0.674,0.179,26.61,12.86,15.74,28.6,25.99,16.96
746816,2024-06-27,2024,672284,L,605154,R,walk,False,True,183.0,0.278,54.0,29.51,12.0,6.56,0.8009999999999999,0.19499999999999995,34.14,17.33,14.73,32.06,30.87,22.98,324.0,0.251,105.0,32.41,34.0,10.49,0.738,0.1569999999999999,35.42,16.4,14.8,31.2,29.2,26.99,57.0,0.204,20.0,35.09,2.0,3.51,0.69,0.24000000000000002,23.97,11.07,20.23,31.3,24.17,19.61,55.0,0.204,18.0,32.73,6.0,10.91,0.699,0.204,29.13,12.99,17.75,30.74,29.63,24.32
746816,2024-06-27,2024,645277,L,605154,R,field_out,False,False,223.0,0.217,39.0,17.49,19.0,8.52,0.639,0.12600000000000003,21.39,11.87,9.34,21.21,32.92,12.07,528.0,0.25,89.0,16.86,42.0,7.95,0.8029999999999999,0.235,20.84,11.11,9.82,20.92,33.45,13.94,57.0,0.204,20.0,35.09,2.0,3.51,0.69,0.24000000000000002,23.97,11.07,20.23,31.3,24.17,19.61,55.0,0.204,18.0,32.73,6.0,10.91,0.699,0.204,29.13,12.99,17.75,30.74,29.63,24.32
746816,2024-06-27,2024,542303,R,605154,R,field_out,False,False,234.0,0.292,51.0,21.79,22.0,9.4,0.967,0.316,30.72,14.81,12.76,27.57,26.6,19.17,453.0,0.272,109.0,24.06,44.0,9.71,0.882,0.263,27.95,13.42,14.78,28.21,29.59,18.63,67.0,0.274,17.0,25.37,4.0,5.97,0.6990000000000001,0.09699999999999998,28.79,14.96,13.78,28.74,38.41,21.52,107.0,0.221,29.0,27.1,8.0,7.48,0.674,0.179,26.61,12.86,15.74,28.6,25.99,16.96
746816,2024-06-27,2024,672820,R,678226,R,strikeout,True,False,86.0,0.183,24.0,27.91,2.0,2.33,0.432,0.037000000000000005,26.58,13.55,20.32,33.87,38.19,26.97,123.0,0.178,30.0,24.39,2.0,1.63,0.504,0.136,24.69,13.05,16.81,29.87,39.56,22.39,18.0,0.188,4.0,22.22,2.0,11.11,0.528,0.062,20.93,10.34,12.64,22.99,32.0,11.43,8.0,0.714,0.0,0.0,1.0,12.5,1.464,0.0,16.67,10.0,3.33,13.33,47.37,0.0
746816,2024-06-27,2024,670032,L,678226,R,field_out,False,False,203.0,0.24,32.0,15.76,15.0,7.39,0.581,0.039000000000000035,18.13,8.93,15.76,24.69,28.06,17.02,212.0,0.228,33.0,15.57,24.0,11.32,0.647,0.089,22.47,10.7,16.47,27.16,26.6,14.22,14.0,0.231,6.0,42.86,1.0,7.14,0.517,0.0,44.0,22.92,12.5,35.42,43.48,66.67,12.0,0.1,6.0,50.0,2.0,16.67,0.65,0.3,46.15,22.64,15.09,37.74,33.33,33.33
746816,2024-06-27,2024,455117,R,678226,R,field_out,False,False,84.0,0.115,29.0,34.52,5.0,5.95,0.348,0.06399999999999999,36.54,18.69,18.69,37.38,35.0,30.11,308.0,0.175,104.0,33.77,20.0,6.49,0.538,0.124,33.85,16.55,17.4,33.96,32.93,28.3,18.0,0.188,4.0,22.22,2.0,11.11,0.528,0.062,20.93,10.34,12.64,22.99,32.0,11.43,8.0,0.714,0.0,0.0,1.0,12.5,1.464,0.0,16.67,10.0,3.33,13.33,47.37,0.0
746816,2024-06-27,2024,621566,L,656629,R,strikeout,True,False,222.0,0.227,59.0,26.58,25.0,11.26,0.7070000000000001,0.16,28.04,13.65,12.05,25.7,28.19,17.37,540.0,0.294,115.0,21.3,90.0,16.67,1.061,0.351,27.51,12.57,12.32,24.89,25.66,14.92,70.0,0.179,27.0,38.57,10.0,14.29,0.653,0.16000000000000003,35.66,17.0,17.67,34.67,26.32,27.84,291.0,0.231,73.0,25.09,50.0,17.18,0.815,0.213,30.04,12.39,14.67,27.06,25.1,22.64
746816,2024-06-27,2024,663586,R,656629,R,field_out,False,False,195.0,0.275,48.0,24.62,14.0,7.18,0.779,0.16899999999999998,29.59,15.08,12.87,27.96,28.23,18.5,566.0,0.28,137.0,24.2,42.0,7.42,0.841,0.2199999999999999,27.71,13.25,15.53,28.77,27.7,18.53,76.0,0.297,20.0,26.32,9.0,11.84,0.8919999999999999,0.187,25.17,11.54,18.27,29.81,26.49,18.35,300.0,0.245,61.0,20.33,41.0,13.67,0.859,0.249,23.75,10.21,17.43,27.63,24.11,17.39
746816,2024-06-27,2024,669221,R,656629,R,field_error,False,False,54.0,0.25,13.0,24.07,5.0,9.26,0.7290000000000001,0.14600000000000002,30.21,14.08,18.93,33.01,29.81,21.67,337.0,0.245,77.0,22.85,37.0,10.98,0.832,0.2309999999999999,26.79,12.43,15.15,27.58,22.74,18.97,76.0,0.297,20.0,26.32,9.0,11.84,0.8919999999999999,0.187,25.17,11.54,18.27,29.81,26.49,18.35,300.0,0.245,61.0,20.33,41.0,13.67,0.859,0.249,23.75,10.21,17.43,27.63,24.11,17.39
746816,2024-06-27,2024,518595,R,656629,R,field_out,False,False,131.0,0.216,29.0,22.14,10.0,7.63,0.6779999999999999,0.17200000000000001,34.01,16.8,15.2,32.0,26.59,21.32,226.0,0.214,50.0,22.12,12.0,5.31,0.655,0.176,27.19,14.35,12.93,27.28,28.43,19.61,76.0,0.297,20.0,26.32,9.0,11.84,0.8919999999999999,0.187,25.17,11.54,18.27,29.81,26.49,18.35,300.0,0.245,61.0,20.33,41.0,13.67,0.859,0.249,23.75,10.21,17.43,27.63,24.11,17.39
745560,2024-06-28,2024,650559,R,650911,L,strikeout,True,False,118.0,0.295,28.0,23.73,4.0,3.39,0.786,0.16900000000000004,27.62,15.31,12.76,28.07,32.21,25.23,154.0,0.277,35.0,22.73,11.0,7.14,0.708,0.1059999999999999,27.76,13.7,15.51,29.21,33.53,19.77,284.0,0.276,55.0,19.37,22.0,7.75,0.683,0.07599999999999996,22.79,10.87,16.96,27.84,31.02,18.31,316.0,0.26,69.0,21.84,11.0,3.48,0.7649999999999999,0.2129999999999999,25.65,12.57,18.31,30.88,35.87,20.66
745560,2024-06-28,2024,605137,R,650911,L,field_out,False,False,113.0,0.22,16.0,14.16,11.0,9.73,0.6619999999999999,0.15,22.87,10.24,14.76,25.0,28.94,16.33,186.0,0.265,41.0,22.04,24.0,12.9,0.854,0.2289999999999999,28.46,13.82,12.89,26.71,26.88,18.81,284.0,0.276,55.0,19.37,22.0,7.75,0.683,0.07599999999999996,22.79,10.87,16.96,27.84,31.02,18.31,316.0,0.26,69.0,21.84,11.0,3.48,0.7649999999999999,0.2129999999999999,25.65,12.57,18.31,30.88,35.87,20.66
745560,2024-06-28,2024,669394,R,650911,L,single,False,False,76.0,0.171,17.0,22.37,5.0,6.58,0.438,0.04299999999999998,28.57,15.38,14.69,30.07,42.0,19.77,139.0,0.26,37.0,26.62,9.0,6.47,0.907,0.3229999999999999,32.62,17.56,12.21,29.77,35.74,24.5,284.0,0.276,55.0,19.37,22.0,7.75,0.683,0.07599999999999996,22.79,10.87,16.96,27.84,31.02,18.31,316.0,0.26,69.0,21.84,11.0,3.48,0.7649999999999999,0.2129999999999999,25.65,12.57,18.31,30.88,35.87,20.66
745560,2024-06-28,2024,667472,R,650911,L,strikeout,True,False,46.0,0.205,16.0,34.78,2.0,4.35,0.6679999999999999,0.18000000000000002,32.39,14.29,23.6,37.89,25.76,29.63,20.0,0.4,4.0,20.0,0.0,0.0,0.9,0.0999999999999999,30.0,13.24,20.59,33.82,28.12,25.0,284.0,0.276,55.0,19.37,22.0,7.75,0.683,0.07599999999999996,22.79,10.87,16.96,27.84,31.02,18.31,316.0,0.26,69.0,21.84,11.0,3.48,0.7649999999999999,0.2129999999999999,25.65,12.57,18.31,30.88,35.87,20.66
745560,2024-06-28,2024,681082,L,667725,R,field_out,False,False,214.0,0.243,30.0,14.02,26.0,12.15,0.7170000000000001,0.138,16.84,7.37,21.08,28.46,27.87,11.76,474.0,0.28,76.0,16.03,26.0,5.49,0.753,0.1509999999999999,14.49,6.52,22.08,28.6,28.42,11.93,12.0,0.3,3.0,25.0,2.0,16.67,1.017,0.3,22.22,7.55,20.75,28.3,8.33,20.0,,,,,,,,,,,,,,
745560,2024-06-28,2024,607208,R,667725,R,field_out,False,False,113.0,0.33,19.0,16.81,6.0,5.31,0.825,0.123,23.41,11.76,14.46,26.23,29.05,16.38,485.0,0.282,109.0,22.47,29.0,5.98,0.8029999999999999,0.19,28.9,15.6,12.67,28.27,36.06,17.81,12.0,0.1,0.0,0.0,1.0,8.33,0.35,0.0,6.25,3.03,9.09,12.12,22.22,0.0,,,,,,,,,,,,,,
745560,2024-06-28,2024,664761,R,667725,R,field_out,False,False,230.0,0.33,34.0,14.78,16.0,6.96,0.911,0.197,19.79,9.38,15.25,24.62,25.07,16.84,445.0,0.263,68.0,15.28,34.0,7.64,0.7010000000000001,0.1139999999999999,17.17,8.27,16.06,24.33,28.14,13.48,12.0,0.1,0.0,0.0,1.0,8.33,0.35,0.0,6.25,3.03,9.09,12.12,22.22,0.0,,,,,,,,,,,,,,
745560,2024-06-28,2024,672640,R,650911,L,field_out,False,False,43.0,0.214,6.0,13.95,0.0,0.0,0.5,0.07199999999999998,20.88,13.87,13.14,27.01,53.85,13.04,,,,,,,,,,,,,,,284.0,0.276,55.0,19.37,22.0,7.75,0.683,0.07599999999999996,22.79,10.87,16.96,27.84,31.02,18.31,316.0,0.26,69.0,21.84,11.0,3.48,0.7649999999999999,0.2129999999999999,25.65,12.57,18.31,30.88,35.87,20.66
745560,2024-06-28,2024,641313,R,650911,L,field_out,False,False,84.0,0.253,25.0,29.76,5.0,5.95,0.5640000000000001,0.013000000000000012,33.67,19.71,11.76,31.47,40.35,20.49,130.0,0.304,27.0,20.77,5.0,3.85,0.7150000000000001,0.08,23.36,13.11,11.89,25.0,33.47,17.65,284.0,0.276,55.0,19.37,22.0,7.75,0.683,0.07599999999999996,22.79,10.87,16.96,27.84,31.02,18.31,316.0,0.26,69.0,21.84,11.0,3.48,0.7649999999999999,0.2129999999999999,25.65,12.57,18.31,30.88,35.87,20.66
745560,2024-06-28,2024,656896,R,650911,L,field_out,False,False,66.0,0.23,15.0,22.73,4.0,6.06,0.567,0.049000000000000016,27.42,13.88,15.51,29.39,34.59,18.29,100.0,0.289,16.0,16.0,7.0,7.0,0.7110000000000001,0.089,21.88,10.45,14.18,24.63,29.33,14.68,284.0,0.276,55.0,19.37,22.0,7.75,0.683,0.07599999999999996,22.79,10.87,16.96,27.84,31.02,18.31,316.0,0.26,69.0,21.84,11.0,3.48,0.7649999999999999,0.2129999999999999,25.65,12.57,18.31,30.88,35.87,20.66
745560,2024-06-28,2024,669016,L,667725,R,double,False,False,171.0,0.3,46.0,26.9,19.0,11.11,0.869,0.193,23.1,9.21,18.68,27.89,22.75,19.41,363.0,0.292,101.0,27.82,47.0,12.95,0.864,0.185,25.19,10.97,17.37,28.35,25.74,21.31,12.0,0.3,3.0,25.0,2.0,16.67,1.017,0.3,22.22,7.55,20.75,28.3,8.33,20.0,,,,,,,,,,,,,,
745560,2024-06-28,2024,592206,R,667725,R,strikeout,True,False,245.0,0.223,50.0,20.41,17.0,6.94,0.643,0.13399999999999998,32.66,19.26,9.99,29.25,39.06,19.92,485.0,0.252,140.0,28.87,25.0,5.15,0.733,0.192,37.06,20.57,11.78,32.36,40.41,25.27,12.0,0.1,0.0,0.0,1.0,8.33,0.35,0.0,6.25,3.03,9.09,12.12,22.22,0.0,,,,,,,,,,,,,,
745560,2024-06-28,2024,665019,L,667725,R,field_out,False,False,35.0,0.265,9.0,25.71,1.0,2.86,0.933,0.382,22.73,11.36,20.45,31.82,31.58,23.68,130.0,0.242,35.0,26.92,8.0,6.15,0.6950000000000001,0.158,26.77,12.71,19.44,32.15,29.07,21.21,12.0,0.3,3.0,25.0,2.0,16.67,1.017,0.3,22.22,7.55,20.75,28.3,8.33,20.0,,,,,,,,,,,,,,
745560,2024-06-28,2024,593160,R,667725,R,field_out,False,False,76.0,0.188,9.0,11.84,10.0,13.16,0.526,0.031,17.97,8.1,16.9,25.0,27.15,12.86,446.0,0.277,80.0,17.94,27.0,6.05,0.7030000000000001,0.1019999999999999,20.17,10.18,16.71,26.89,32.97,15.33,12.0,0.1,0.0,0.0,1.0,8.33,0.35,0.0,6.25,3.03,9.09,12.12,22.22,0.0,,,,,,,,,,,,,,
745560,2024-06-28,2024,660644,R,650911,L,single,False,False,42.0,0.211,8.0,19.05,3.0,7.14,0.602,0.10500000000000001,26.44,14.37,12.5,26.88,36.0,14.81,22.0,0.1,4.0,18.18,1.0,4.55,0.282,0.0,13.51,7.46,14.93,22.39,35.29,28.57,284.0,0.276,55.0,19.37,22.0,7.75,0.683,0.07599999999999996,22.79,10.87,16.96,27.84,31.02,18.31,316.0,0.26,69.0,21.84,11.0,3.48,0.7649999999999999,0.2129999999999999,25.65,12.57,18.31,30.88,35.87,20.66
745560,2024-06-28,2024,645305,R,650911,L,double_play,False,False,,,,,,,,,,,,,,,,,,,,,,,,,,,,,284.0,0.276,55.0,19.37,22.0,7.75,0.683,0.07599999999999996,22.79,10.87,16.96,27.84,31.02,18.31,316.0,0.26,69.0,21.84,11.0,3.48,0.7649999999999999,0.2129999999999999,25.65,12.57,18.31,30.88,35.87,20.66
745560,2024-06-28,2024,650559,R,650911,L,field_out,False,False,118.0,0.295,28.0,23.73,4.0,3.39,0.786,0.16900000000000004,27.62,15.31,12.76,28.07,32.21,25.23,154.0,0.277,35.0,22.73,11.0,7.14,0.708,0.1059999999999999,27.76,13.7,15.51,29.21,33.53,19.77,284.0,0.276,55.0,19.37,22.0,7.75,0.683,0.07599999999999996,22.79,10.87,16.96,27.84,31.02,18.31,316.0,0.26,69.0,21.84,11.0,3.48,0.7649999999999999,0.2129999999999999,25.65,12.57,18.31,30.88,35.87,20.66
745560,2024-06-28,2024,596117,L,667725,R,walk,False,True,59.0,0.2,18.0,30.51,4.0,6.78,0.472,0.017999999999999988,28.44,14.09,21.82,35.91,34.31,25.35,94.0,0.19,22.0,23.4,7.0,7.45,0.5549999999999999,0.0959999999999999,24.71,11.35,19.19,30.54,31.94,18.8,12.0,0.3,3.0,25.0,2.0,16.67,1.017,0.3,22.22,7.55,20.75,28.3,8.33,20.0,,,,,,,,,,,,,,
745560,2024-06-28,2024,679032,R,667725,R,strikeout,True,False,147.0,0.241,19.0,12.93,6.0,4.08,0.5920000000000001,0.07300000000000001,24.12,11.7,19.06,30.75,34.12,12.18,100.0,0.281,23.0,23.0,4.0,4.0,0.76,0.1459999999999999,25.82,13.95,16.32,30.27,40.0,25.27,12.0,0.1,0.0,0.0,1.0,8.33,0.35,0.0,6.25,3.03,9.09,12.12,22.22,0.0,,,,,,,,,,,,,,
745560,2024-06-28,2024,681082,L,667725,R,grounded_into_double_play,False,False,214.0,0.243,30.0,14.02,26.0,12.15,0.7170000000000001,0.138,16.84,7.37,21.08,28.46,27.87,11.76,474.0,0.28,76.0,16.03,26.0,5.49,0.753,0.1509999999999999,14.49,6.52,22.08,28.6,28.42,11.93,12.0,0.3,3.0,25.0,2.0,16.67,1.017,0.3,22.22,7.55,20.75,28.3,8.33,20.0,,,,,,,,,,,,,,
745560,2024-06-28,2024,605137,R,650911,L,field_out,False,False,113.0,0.22,16.0,14.16,11.0,9.73,0.6619999999999999,0.15,22.87,10.24,14.76,25.0,28.94,16.33,186.0,0.265,41.0,22.04,24.0,12.9,0.854,0.2289999999999999,28.46,13.82,12.89,26.71,26.88,18.81,284.0,0.276,55.0,19.37,22.0,7.75,0.683,0.07599999999999996,22.79,10.87,16.96,27.84,31.02,18.31,316.0,0.26,69.0,21.84,11.0,3.48,0.7649999999999999,0.2129999999999999,25.65,12.57,18.31,30.88,35.87,20.66
745560,2024-06-28,2024,669394,R,650911,L,field_out,False,False,76.0,0.171,17.0,22.37,5.0,6.58,0.438,0.04299999999999998,28.57,15.38,14.69,30.07,42.0,19.77,139.0,0.26,37.0,26.62,9.0,6.47,0.907,0.3229999999999999,32.62,17.56,12.21,29.77,35.74,24.5,284.0,0.276,55.0,19.37,22.0,7.75,0.683,0.07599999999999996,22.79,10.87,16.96,27.84,31.02,18.31,316.0,0.26,69.0,21.84,11.0,3.48,0.7649999999999999,0.2129999999999999,25.65,12.57,18.31,30.88,35.87,20.66
745560,2024-06-28,2024,667472,R,650911,L,field_out,False,False,46.0,0.205,16.0,34.78,2.0,4.35,0.6679999999999999,0.18000000000000002,32.39,14.29,23.6,37.89,25.76,29.63,20.0,0.4,4.0,20.0,0.0,0.0,0.9,0.0999999999999999,30.0,13.24,20.59,33.82,28.12,25.0,284.0,0.276,55.0,19.37,22.0,7.75,0.683,0.07599999999999996,22.79,10.87,16.96,27.84,31.02,18.31,316.0,0.26,69.0,21.84,11.0,3.48,0.7649999999999999,0.2129999999999999,25.65,12.57,18.31,30.88,35.87,20.66
745560,2024-06-28,2024,607208,R,667725,R,double,False,False,113.0,0.33,19.0,16.81,6.0,5.31,0.825,0.123,23.41,11.76,14.46,26.23,29.05,16.38,485.0,0.282,109.0,22.47,29.0,5.98,0.8029999999999999,0.19,28.9,15.6,12.67,28.27,36.06,17.81,12.0,0.1,0.0,0.0,1.0,8.33,0.35,0.0,6.25,3.03,9.09,12.12,22.22,0.0,,,,,,,,,,,,,,
745560,2024-06-28,2024,664761,R,667725,R,field_out,False,False,230.0,0.33,34.0,14.78,16.0,6.96,0.911,0.197,19.79,9.38,15.25,24.62,25.07,16.84,445.0,0.263,68.0,15.28,34.0,7.64,0.7010000000000001,0.1139999999999999,17.17,8.27,16.06,24.33,28.14,13.48,12.0,0.1,0.0,0.0,1.0,8.33,0.35,0.0,6.25,3.03,9.09,12.12,22.22,0.0,,,,,,,,,,,,,,
745560,2024-06-28,2024,669016,L,667725,R,walk,False,True,171.0,0.3,46.0,26.9,19.0,11.11,0.869,0.193,23.1,9.21,18.68,27.89,22.75,19.41,363.0,0.292,101.0,27.82,47.0,12.95,0.864,0.185,25.19,10.97,17.37,28.35,25.74,21.31,12.0,0.3,3.0,25.0,2.0,16.67,1.017,0.3,22.22,7.55,20.75,28.3,8.33,20.0,,,,,,,,,,,,,,
745560,2024-06-28,2024,592206,R,667725,R,field_out,False,False,245.0,0.223,50.0,20.41,17.0,6.94,0.643,0.13399999999999998,32.66,19.26,9.99,29.25,39.06,19.92,485.0,0.252,140.0,28.87,25.0,5.15,0.733,0.192,37.06,20.57,11.78,32.36,40.41,25.27,12.0,0.1,0.0,0.0,1.0,8.33,0.35,0.0,6.25,3.03,9.09,12.12,22.22,0.0,,,,,,,,,,,,,,
745560,2024-06-28,2024,665019,L,667725,R,strikeout,True,False,35.0,0.265,9.0,25.71,1.0,2.86,0.933,0.382,22.73,11.36,20.45,31.82,31.58,23.68,130.0,0.242,35.0,26.92,8.0,6.15,0.6950000000000001,0.158,26.77,12.71,19.44,32.15,29.07,21.21,12.0,0.3,3.0,25.0,2.0,16.67,1.017,0.3,22.22,7.55,20.75,28.3,8.33,20.0,,,,,,,,,,,,,,
745560,2024-06-28,2024,672640,R,650911,L,strikeout,True,False,43.0,0.214,6.0,13.95,0.0,0.0,0.5,0.07199999999999998,20.88,13.87,13.14,27.01,53.85,13.04,,,,,,,,,,,,,,,284.0,0.276,55.0,19.37,22.0,7.75,0.683,0.07599999999999996,22.79,10.87,16.96,27.84,31.02,18.31,316.0,0.26,69.0,21.84,11.0,3.48,0.7649999999999999,0.2129999999999999,25.65,12.57,18.31,30.88,35.87,20.66
745560,2024-06-28,2024,641313,R,650911,L,field_out,False,False,84.0,0.253,25.0,29.76,5.0,5.95,0.5640000000000001,0.013000000000000012,33.67,19.71,11.76,31.47,40.35,20.49,130.0,0.304,27.0,20.77,5.0,3.85,0.7150000000000001,0.08,23.36,13.11,11.89,25.0,33.47,17.65,284.0,0.276,55.0,19.37,22.0,7.75,0.683,0.07599999999999996,22.79,10.87,16.96,27.84,31.02,18.31,316.0,0.26,69.0,21.84,11.0,3.48,0.7649999999999999,0.2129999999999999,25.65,12.57,18.31,30.88,35.87,20.66
745560,2024-06-28,2024,656896,R,650911,L,field_out,False,False,66.0,0.23,15.0,22.73,4.0,6.06,0.567,0.049000000000000016,27.42,13.88,15.51,29.39,34.59,18.29,100.0,0.289,16.0,16.0,7.0,7.0,0.7110000000000001,0.089,21.88,10.45,14.18,24.63,29.33,14.68,284.0,0.276,55.0,19.37,22.0,7.75,0.683,0.07599999999999996,22.79,10.87,16.96,27.84,31.02,18.31,316.0,0.26,69.0,21.84,11.0,3.48,0.7649999999999999,0.2129999999999999,25.65,12.57,18.31,30.88,35.87,20.66
745560,2024-06-28,2024,593160,R,667725,R,single,False,False,76.0,0.188,9.0,11.84,10.0,13.16,0.526,0.031,17.97,8.1,16.9,25.0,27.15,12.86,446.0,0.277,80.0,17.94,27.0,6.05,0.7030000000000001,0.1019999999999999,20.17,10.18,16.71,26.89,32.97,15.33,12.0,0.1,0.0,0.0,1.0,8.33,0.35,0.0,6.25,3.03,9.09,12.12,22.22,0.0,,,,,,,,,,,,,,
745560,2024-06-28,2024,596117,L,667725,R,single,False,False,59.0,0.2,18.0,30.51,4.0,6.78,0.472,0.017999999999999988,28.44,14.09,21.82,35.91,34.31,25.35,94.0,0.19,22.0,23.4,7.0,7.45,0.5549999999999999,0.0959999999999999,24.71,11.35,19.19,30.54,31.94,18.8,12.0,0.3,3.0,25.0,2.0,16.67,1.017,0.3,22.22,7.55,20.75,28.3,8.33,20.0,,,,,,,,,,,,,,
745560,2024-06-28,2024,679032,R,667725,R,strikeout,True,False,147.0,0.241,19.0,12.93,6.0,4.08,0.5920000000000001,0.07300000000000001,24.12,11.7,19.06,30.75,34.12,12.18,100.0,0.281,23.0,23.0,4.0,4.0,0.76,0.1459999999999999,25.82,13.95,16.32,30.27,40.0,25.27,12.0,0.1,0.0,0.0,1.0,8.33,0.35,0.0,6.25,3.03,9.09,12.12,22.22,0.0,,,,,,,,,,,,,,
745560,2024-06-28,2024,681082,L,667725,R,force_out,False,False,214.0,0.243,30.0,14.02,26.0,12.15,0.7170000000000001,0.138,16.84,7.37,21.08,28.46,27.87,11.76,474.0,0.28,76.0,16.03,26.0,5.49,0.753,0.1509999999999999,14.49,6.52,22.08,28.6,28.42,11.93,12.0,0.3,3.0,25.0,2.0,16.67,1.017,0.3,22.22,7.55,20.75,28.3,8.33,20.0,,,,,,,,,,,,,,
745560,2024-06-28,2024,607208,R,686539,R,caught_stealing_2b,False,False,113.0,0.33,19.0,16.81,6.0,5.31,0.825,0.123,23.41,11.76,14.46,26.23,29.05,16.38,485.0,0.282,109.0,22.47,29.0,5.98,0.8029999999999999,0.19,28.9,15.6,12.67,28.27,36.06,17.81,104.0,0.245,26.0,25.0,8.0,7.69,0.5940000000000001,0.03200000000000003,31.98,15.83,14.32,30.15,25.77,23.64,27.0,0.095,6.0,22.22,4.0,14.81,0.534,0.143,23.53,10.81,15.32,26.13,33.33,16.22
745560,2024-06-28,2024,660644,R,650911,L,strikeout,True,False,42.0,0.211,8.0,19.05,3.0,7.14,0.602,0.10500000000000001,26.44,14.37,12.5,26.88,36.0,14.81,22.0,0.1,4.0,18.18,1.0,4.55,0.282,0.0,13.51,7.46,14.93,22.39,35.29,28.57,284.0,0.276,55.0,19.37,22.0,7.75,0.683,0.07599999999999996,22.79,10.87,16.96,27.84,31.02,18.31,316.0,0.26,69.0,21.84,11.0,3.48,0.7649999999999999,0.2129999999999999,25.65,12.57,18.31,30.88,35.87,20.66
745560,2024-06-28,2024,645305,R,650911,L,strikeout,True,False,,,,,,,,,,,,,,,,,,,,,,,,,,,,,284.0,0.276,55.0,19.37,22.0,7.75,0.683,0.07599999999999996,22.79,10.87,16.96,27.84,31.02,18.31,316.0,0.26,69.0,21.84,11.0,3.48,0.7649999999999999,0.2129999999999999,25.65,12.57,18.31,30.88,35.87,20.66
745560,2024-06-28,2024,650559,R,650911,L,strikeout,True,False,118.0,0.295,28.0,23.73,4.0,3.39,0.786,0.16900000000000004,27.62,15.31,12.76,28.07,32.21,25.23,154.0,0.277,35.0,22.73,11.0,7.14,0.708,0.1059999999999999,27.76,13.7,15.51,29.21,33.53,19.77,284.0,0.276,55.0,19.37,22.0,7.75,0.683,0.07599999999999996,22.79,10.87,16.96,27.84,31.02,18.31,316.0,0.26,69.0,21.84,11.0,3.48,0.7649999999999999,0.2129999999999999,25.65,12.57,18.31,30.88,35.87,20.66
745560,2024-06-28,2024,607208,R,686539,R,strikeout,True,False,113.0,0.33,19.0,16.81,6.0,5.31,0.825,0.123,23.41,11.76,14.46,26.23,29.05,16.38,485.0,0.282,109.0,22.47,29.0,5.98,0.8029999999999999,0.19,28.9,15.6,12.67,28.27,36.06,17.81,104.0,0.245,26.0,25.0,8.0,7.69,0.5940000000000001,0.03200000000000003,31.98,15.83,14.32,30.15,25.77,23.64,27.0,0.095,6.0,22.22,4.0,14.81,0.534,0.143,23.53,10.81,15.32,26.13,33.33,16.22
745560,2024-06-28,2024,664761,R,686539,R,strikeout,True,False,230.0,0.33,34.0,14.78,16.0,6.96,0.911,0.197,19.79,9.38,15.25,24.62,25.07,16.84,445.0,0.263,68.0,15.28,34.0,7.64,0.7010000000000001,0.1139999999999999,17.17,8.27,16.06,24.33,28.14,13.48,104.0,0.245,26.0,25.0,8.0,7.69,0.5940000000000001,0.03200000000000003,31.98,15.83,14.32,30.15,25.77,23.64,27.0,0.095,6.0,22.22,4.0,14.81,0.534,0.143,23.53,10.81,15.32,26.13,33.33,16.22
745560,2024-06-28,2024,669016,L,686539,R,field_out,False,False,171.0,0.3,46.0,26.9,19.0,11.11,0.869,0.193,23.1,9.21,18.68,27.89,22.75,19.41,363.0,0.292,101.0,27.82,47.0,12.95,0.864,0.185,25.19,10.97,17.37,28.35,25.74,21.31,53.0,0.289,10.0,18.87,6.0,11.32,0.688,0.02200000000000002,19.1,9.71,16.0,25.71,31.08,21.74,24.0,0.429,2.0,8.33,3.0,12.5,1.262,0.333,6.45,2.44,19.51,21.95,10.53,7.14
745560,2024-06-28,2024,605137,R,650911,L,field_out,False,False,113.0,0.22,16.0,14.16,11.0,9.73,0.6619999999999999,0.15,22.87,10.24,14.76,25.0,28.94,16.33,186.0,0.265,41.0,22.04,24.0,12.9,0.854,0.2289999999999999,28.46,13.82,12.89,26.71,26.88,18.81,284.0,0.276,55.0,19.37,22.0,7.75,0.683,0.07599999999999996,22.79,10.87,16.96,27.84,31.02,18.31,316.0,0.26,69.0,21.84,11.0,3.48,0.7649999999999999,0.2129999999999999,25.65,12.57,18.31,30.88,35.87,20.66
745560,2024-06-28,2024,669394,R,650911,L,strikeout,True,False,76.0,0.171,17.0,22.37,5.0,6.58,0.438,0.04299999999999998,28.57,15.38,14.69,30.07,42.0,19.77,139.0,0.26,37.0,26.62,9.0,6.47,0.907,0.3229999999999999,32.62,17.56,12.21,29.77,35.74,24.5,284.0,0.276,55.0,19.37,22.0,7.75,0.683,0.07599999999999996,22.79,10.87,16.96,27.84,31.02,18.31,316.0,0.26,69.0,21.84,11.0,3.48,0.7649999999999999,0.2129999999999999,25.65,12.57,18.31,30.88,35.87,20.66
745560,2024-06-28,2024,667472,R,650911,L,field_out,False,False,46.0,0.205,16.0,34.78,2.0,4.35,0.6679999999999999,0.18000000000000002,32.39,14.29,23.6,37.89,25.76,29.63,20.0,0.4,4.0,20.0,0.0,0.0,0.9,0.0999999999999999,30.0,13.24,20.59,33.82,28.12,25.0,284.0,0.276,55.0,19.37,22.0,7.75,0.683,0.07599999999999996,22.79,10.87,16.96,27.84,31.02,18.31,316.0,0.26,69.0,21.84,11.0,3.48,0.7649999999999999,0.2129999999999999,25.65,12.57,18.31,30.88,35.87,20.66
745560,2024-06-28,2024,592206,R,686539,R,single,False,False,245.0,0.223,50.0,20.41,17.0,6.94,0.643,0.13399999999999998,32.66,19.26,9.99,29.25,39.06,19.92,485.0,0.252,140.0,28.87,25.0,5.15,0.733,0.192,37.06,20.57,11.78,32.36,40.41,25.27,104.0,0.245,26.0,25.0,8.0,7.69,0.5940000000000001,0.03200000000000003,31.98,15.83,14.32,30.15,25.77,23.64,27.0,0.095,6.0,22.22,4.0,14.81,0.534,0.143,23.53,10.81,15.32,26.13,33.33,16.22
745560,2024-06-28,2024,665019,L,686539,R,strikeout,True,False,35.0,0.265,9.0,25.71,1.0,2.86,0.933,0.382,22.73,11.36,20.45,31.82,31.58,23.68,130.0,0.242,35.0,26.92,8.0,6.15,0.6950000000000001,0.158,26.77,12.71,19.44,32.15,29.07,21.21,53.0,0.289,10.0,18.87,6.0,11.32,0.688,0.02200000000000002,19.1,9.71,16.0,25.71,31.08,21.74,24.0,0.429,2.0,8.33,3.0,12.5,1.262,0.333,6.45,2.44,19.51,21.95,10.53,7.14
745560,2024-06-28,2024,593160,R,686539,R,strikeout,True,False,76.0,0.188,9.0,11.84,10.0,13.16,0.526,0.031,17.97,8.1,16.9,25.0,27.15,12.86,446.0,0.277,80.0,17.94,27.0,6.05,0.7030000000000001,0.1019999999999999,20.17,10.18,16.71,26.89,32.97,15.33,104.0,0.245,26.0,25.0,8.0,7.69,0.5940000000000001,0.03200000000000003,31.98,15.83,14.32,30.15,25.77,23.64,27.0,0.095,6.0,22.22,4.0,14.81,0.534,0.143,23.53,10.81,15.32,26.13,33.33,16.22
745560,2024-06-28,2024,596117,L,686539,R,field_out,False,False,59.0,0.2,18.0,30.51,4.0,6.78,0.472,0.017999999999999988,28.44,14.09,21.82,35.91,34.31,25.35,94.0,0.19,22.0,23.4,7.0,7.45,0.5549999999999999,0.0959999999999999,24.71,11.35,19.19,30.54,31.94,18.8,53.0,0.289,10.0,18.87,6.0,11.32,0.688,0.02200000000000002,19.1,9.71,16.0,25.71,31.08,21.74,24.0,0.429,2.0,8.33,3.0,12.5,1.262,0.333,6.45,2.44,19.51,21.95,10.53,7.14
745560,2024-06-28,2024,672640,R,650911,L,single,False,False,43.0,0.214,6.0,13.95,0.0,0.0,0.5,0.07199999999999998,20.88,13.87,13.14,27.01,53.85,13.04,,,,,,,,,,,,,,,284.0,0.276,55.0,19.37,22.0,7.75,0.683,0.07599999999999996,22.79,10.87,16.96,27.84,31.02,18.31,316.0,0.26,69.0,21.84,11.0,3.48,0.7649999999999999,0.2129999999999999,25.65,12.57,18.31,30.88,35.87,20.66
745560,2024-06-28,2024,641313,R,650911,L,field_out,False,False,84.0,0.253,25.0,29.76,5.0,5.95,0.5640000000000001,0.013000000000000012,33.67,19.71,11.76,31.47,40.35,20.49,130.0,0.304,27.0,20.77,5.0,3.85,0.7150000000000001,0.08,23.36,13.11,11.89,25.0,33.47,17.65,284.0,0.276,55.0,19.37,22.0,7.75,0.683,0.07599999999999996,22.79,10.87,16.96,27.84,31.02,18.31,316.0,0.26,69.0,21.84,11.0,3.48,0.7649999999999999,0.2129999999999999,25.65,12.57,18.31,30.88,35.87,20.66
745560,2024-06-28,2024,656896,R,650911,L,field_out,False,False,66.0,0.23,15.0,22.73,4.0,6.06,0.567,0.049000000000000016,27.42,13.88,15.51,29.39,34.59,18.29,100.0,0.289,16.0,16.0,7.0,7.0,0.7110000000000001,0.089,21.88,10.45,14.18,24.63,29.33,14.68,284.0,0.276,55.0,19.37,22.0,7.75,0.683,0.07599999999999996,22.79,10.87,16.96,27.84,31.02,18.31,316.0,0.26,69.0,21.84,11.0,3.48,0.7649999999999999,0.2129999999999999,25.65,12.57,18.31,30.88,35.87,20.66
745560,2024-06-28,2024,660644,R,650911,L,strikeout,True,False,42.0,0.211,8.0,19.05,3.0,7.14,0.602,0.10500000000000001,26.44,14.37,12.5,26.88,36.0,14.81,22.0,0.1,4.0,18.18,1.0,4.55,0.282,0.0,13.51,7.46,14.93,22.39,35.29,28.57,284.0,0.276,55.0,19.37,22.0,7.75,0.683,0.07599999999999996,22.79,10.87,16.96,27.84,31.02,18.31,316.0,0.26,69.0,21.84,11.0,3.48,0.7649999999999999,0.2129999999999999,25.65,12.57,18.31,30.88,35.87,20.66
745560,2024-06-28,2024,679032,R,676534,R,double,False,False,147.0,0.241,19.0,12.93,6.0,4.08,0.5920000000000001,0.07300000000000001,24.12,11.7,19.06,30.75,34.12,12.18,100.0,0.281,23.0,23.0,4.0,4.0,0.76,0.1459999999999999,25.82,13.95,16.32,30.27,40.0,25.27,76.0,0.254,17.0,22.37,6.0,7.89,0.667,0.08900000000000002,26.87,12.08,14.09,26.17,21.19,18.09,76.0,0.265,19.0,25.0,8.0,10.53,0.827,0.2199999999999999,25.16,12.27,15.95,28.22,27.98,15.97
745560,2024-06-28,2024,681082,L,676534,R,sac_fly,False,False,214.0,0.243,30.0,14.02,26.0,12.15,0.7170000000000001,0.138,16.84,7.37,21.08,28.46,27.87,11.76,474.0,0.28,76.0,16.03,26.0,5.49,0.753,0.1509999999999999,14.49,6.52,22.08,28.6,28.42,11.93,45.0,0.216,14.0,31.11,7.0,15.56,0.7110000000000001,0.162,26.83,11.28,17.95,29.23,23.96,19.72,44.0,0.333,6.0,13.64,4.0,9.09,0.819,0.0769999999999999,19.05,8.42,18.95,27.37,21.98,8.96
745560,2024-06-28,2024,607208,R,676534,R,field_out,False,False,113.0,0.33,19.0,16.81,6.0,5.31,0.825,0.123,23.41,11.76,14.46,26.23,29.05,16.38,485.0,0.282,109.0,22.47,29.0,5.98,0.8029999999999999,0.19,28.9,15.6,12.67,28.27,36.06,17.81,76.0,0.254,17.0,22.37,6.0,7.89,0.667,0.08900000000000002,26.87,12.08,14.09,26.17,21.19,18.09,76.0,0.265,19.0,25.0,8.0,10.53,0.827,0.2199999999999999,25.16,12.27,15.95,28.22,27.98,15.97
745560,2024-06-28,2024,664761,R,676534,R,single,False,False,230.0,0.33,34.0,14.78,16.0,6.96,0.911,0.197,19.79,9.38,15.25,24.62,25.07,16.84,445.0,0.263,68.0,15.28,34.0,7.64,0.7010000000000001,0.1139999999999999,17.17,8.27,16.06,24.33,28.14,13.48,76.0,0.254,17.0,22.37,6.0,7.89,0.667,0.08900000000000002,26.87,12.08,14.09,26.17,21.19,18.09,76.0,0.265,19.0,25.0,8.0,10.53,0.827,0.2199999999999999,25.16,12.27,15.95,28.22,27.98,15.97
745560,2024-06-28,2024,669016,L,676534,R,walk,False,True,171.0,0.3,46.0,26.9,19.0,11.11,0.869,0.193,23.1,9.21,18.68,27.89,22.75,19.41,363.0,0.292,101.0,27.82,47.0,12.95,0.864,0.185,25.19,10.97,17.37,28.35,25.74,21.31,45.0,0.216,14.0,31.11,7.0,15.56,0.7110000000000001,0.162,26.83,11.28,17.95,29.23,23.96,19.72,44.0,0.333,6.0,13.64,4.0,9.09,0.819,0.0769999999999999,19.05,8.42,18.95,27.37,21.98,8.96
745560,2024-06-28,2024,592206,R,608638,R,field_out,False,False,245.0,0.223,50.0,20.41,17.0,6.94,0.643,0.13399999999999998,32.66,19.26,9.99,29.25,39.06,19.92,485.0,0.252,140.0,28.87,25.0,5.15,0.733,0.192,37.06,20.57,11.78,32.36,40.41,25.27,14.0,0.167,2.0,14.29,2.0,14.29,0.536,0.08299999999999999,14.29,6.0,20.0,26.0,17.39,14.29,110.0,0.221,22.0,20.0,11.0,10.0,0.643,0.1259999999999999,21.08,8.06,22.58,30.65,19.91,19.13
745560,2024-06-28,2024,645305,R,650911,L,field_out,False,False,,,,,,,,,,,,,,,,,,,,,,,,,,,,,284.0,0.276,55.0,19.37,22.0,7.75,0.683,0.07599999999999996,22.79,10.87,16.96,27.84,31.02,18.31,316.0,0.26,69.0,21.84,11.0,3.48,0.7649999999999999,0.2129999999999999,25.65,12.57,18.31,30.88,35.87,20.66
745560,2024-06-28,2024,650559,R,650911,L,field_out,False,False,118.0,0.295,28.0,23.73,4.0,3.39,0.786,0.16900000000000004,27.62,15.31,12.76,28.07,32.21,25.23,154.0,0.277,35.0,22.73,11.0,7.14,0.708,0.1059999999999999,27.76,13.7,15.51,29.21,33.53,19.77,284.0,0.276,55.0,19.37,22.0,7.75,0.683,0.07599999999999996,22.79,10.87,16.96,27.84,31.02,18.31,316.0,0.26,69.0,21.84,11.0,3.48,0.7649999999999999,0.2129999999999999,25.65,12.57,18.31,30.88,35.87,20.66
745560,2024-06-28,2024,605137,R,650911,L,strikeout,True,False,113.0,0.22,16.0,14.16,11.0,9.73,0.6619999999999999,0.15,22.87,10.24,14.76,25.0,28.94,16.33,186.0,0.265,41.0,22.04,24.0,12.9,0.854,0.2289999999999999,28.46,13.82,12.89,26.71,26.88,18.81,284.0,0.276,55.0,19.37,22.0,7.75,0.683,0.07599999999999996,22.79,10.87,16.96,27.84,31.02,18.31,316.0,0.26,69.0,21.84,11.0,3.48,0.7649999999999999,0.2129999999999999,25.65,12.57,18.31,30.88,35.87,20.66
747105,2024-06-28,2024,457705,R,450203,R,field_out,False,False,204.0,0.251,50.0,24.51,23.0,11.27,0.768,0.174,29.81,12.56,18.66,31.22,17.46,19.23,312.0,0.254,72.0,23.08,49.0,15.71,0.767,0.137,28.77,12.06,17.2,29.26,17.59,17.52,137.0,0.244,32.0,23.36,10.0,7.3,0.7010000000000001,0.15800000000000003,23.22,11.23,15.58,26.81,28.52,17.14,367.0,0.253,83.0,22.62,36.0,9.81,0.708,0.124,28.15,12.12,17.62,29.74,27.53,21.67
747105,2024-06-28,2024,668804,L,450203,R,hit_by_pitch,False,False,252.0,0.278,56.0,22.22,25.0,9.92,0.837,0.20199999999999996,28.27,13.23,14.23,27.45,27.31,18.6,438.0,0.252,94.0,21.46,45.0,10.27,0.821,0.2309999999999999,28.75,13.22,13.73,26.95,24.9,18.49,195.0,0.234,48.0,24.62,25.0,12.82,0.739,0.13899999999999998,28.3,13.76,14.81,28.57,28.17,20.89,351.0,0.234,100.0,28.49,47.0,13.39,0.721,0.1299999999999999,36.41,15.33,18.52,33.84,28.99,23.42
747105,2024-06-28,2024,665833,L,450203,R,force_out,False,False,221.0,0.281,68.0,30.77,17.0,7.69,0.833,0.21699999999999997,33.1,15.3,18.58,33.88,34.36,23.21,33.0,0.185,7.0,21.21,5.0,15.15,0.636,0.148,27.69,13.14,15.33,28.47,34.25,17.95,195.0,0.234,48.0,24.62,25.0,12.82,0.739,0.13899999999999998,28.3,13.76,14.81,28.57,28.17,20.89,351.0,0.234,100.0,28.49,47.0,13.39,0.721,0.1299999999999999,36.41,15.33,18.52,33.84,28.99,23.42
747105,2024-06-28,2024,642133,L,450203,R,strikeout,True,False,182.0,0.251,35.0,19.23,13.0,7.14,0.661,0.10199999999999998,19.41,7.93,21.24,29.17,22.5,18.72,300.0,0.223,73.0,24.33,29.0,9.67,0.69,0.173,22.22,8.47,23.11,31.59,24.77,19.95,195.0,0.234,48.0,24.62,25.0,12.82,0.739,0.13899999999999998,28.3,13.76,14.81,28.57,28.17,20.89,351.0,0.234,100.0,28.49,47.0,13.39,0.721,0.1299999999999999,36.41,15.33,18.52,33.84,28.99,23.42
747105,2024-06-28,2024,672284,L,527048,L,field_out,False,False,42.0,0.293,12.0,28.57,0.0,0.0,0.6759999999999999,0.09700000000000003,32.93,18.62,16.55,35.17,36.36,26.67,92.0,0.259,27.0,29.35,7.0,7.61,0.774,0.2,27.91,12.83,16.31,29.14,26.49,24.55,57.0,0.296,10.0,17.54,1.0,1.75,0.821,0.20400000000000001,21.74,11.49,14.94,26.44,34.94,26.32,135.0,0.248,21.0,15.56,6.0,4.44,0.675,0.128,16.46,7.89,18.22,26.11,29.66,15.91
747105,2024-06-28,2024,645277,R,527048,L,strikeout,True,False,88.0,0.326,11.0,12.5,1.0,1.14,0.853,0.186,19.88,11.23,9.47,20.7,32.67,19.64,133.0,0.391,18.0,13.53,4.0,3.01,1.023,0.2259999999999999,19.5,11.51,10.25,21.76,42.91,12.77,198.0,0.302,36.0,18.18,18.0,9.09,0.844,0.173,19.05,8.49,20.29,28.78,24.61,16.67,474.0,0.282,72.0,15.19,43.0,9.07,0.806,0.178,17.84,7.89,18.49,26.38,27.5,16.25
747105,2024-06-28,2024,542303,R,527048,L,walk,False,True,98.0,0.333,24.0,24.49,14.0,14.29,0.917,0.15499999999999997,32.06,15.4,11.95,27.36,24.69,15.79,139.0,0.278,25.0,17.99,13.0,9.35,0.98,0.357,22.56,11.13,13.17,24.3,30.63,15.53,198.0,0.302,36.0,18.18,18.0,9.09,0.844,0.173,19.05,8.49,20.29,28.78,24.61,16.67,474.0,0.282,72.0,15.19,43.0,9.07,0.806,0.178,17.84,7.89,18.49,26.38,27.5,16.25
747105,2024-06-28,2024,621566,L,527048,L,strikeout,True,False,107.0,0.276,27.0,25.23,5.0,4.67,0.8680000000000001,0.265,25.93,12.76,14.12,26.88,28.89,17.65,182.0,0.252,52.0,28.57,14.0,7.69,0.7989999999999999,0.239,31.07,15.01,14.87,29.88,27.47,21.94,57.0,0.296,10.0,17.54,1.0,1.75,0.821,0.20400000000000001,21.74,11.49,14.94,26.44,34.94,26.32,135.0,0.248,21.0,15.56,6.0,4.44,0.675,0.128,16.46,7.89,18.22,26.11,29.66,15.91
747105,2024-06-28,2024,693304,R,450203,R,walk,False,True,121.0,0.268,29.0,23.97,5.0,4.13,0.6839999999999999,0.11599999999999999,27.44,15.53,10.43,25.96,33.62,18.12,86.0,0.234,21.0,24.42,3.0,3.49,0.638,0.1299999999999999,30.36,15.84,12.11,27.95,27.85,22.11,137.0,0.244,32.0,23.36,10.0,7.3,0.7010000000000001,0.15800000000000003,23.22,11.23,15.58,26.81,28.52,17.14,367.0,0.253,83.0,22.62,36.0,9.81,0.708,0.124,28.15,12.12,17.62,29.74,27.53,21.67
747105,2024-06-28,2024,658668,R,450203,R,strikeout,True,False,93.0,0.253,13.0,13.98,7.0,7.53,0.613,0.04799999999999999,23.2,12.61,14.01,26.61,34.3,11.11,261.0,0.256,43.0,16.48,14.0,5.36,0.728,0.1649999999999999,22.47,11.51,14.21,25.73,31.17,15.47,137.0,0.244,32.0,23.36,10.0,7.3,0.7010000000000001,0.15800000000000003,23.22,11.23,15.58,26.81,28.52,17.14,367.0,0.253,83.0,22.62,36.0,9.81,0.708,0.124,28.15,12.12,17.62,29.74,27.53,21.67
747105,2024-06-28,2024,663647,R,450203,R,field_out,False,False,173.0,0.182,37.0,21.39,10.0,5.78,0.44499999999999995,0.025999999999999995,18.79,8.52,20.74,29.26,29.52,21.14,358.0,0.26,75.0,20.95,22.0,6.15,0.721,0.1559999999999999,21.48,9.63,20.09,29.72,30.19,22.32,137.0,0.244,32.0,23.36,10.0,7.3,0.7010000000000001,0.15800000000000003,23.22,11.23,15.58,26.81,28.52,17.14,367.0,0.253,83.0,22.62,36.0,9.81,0.708,0.124,28.15,12.12,17.62,29.74,27.53,21.67
747105,2024-06-28,2024,669261,L,450203,R,strikeout,True,False,179.0,0.159,46.0,25.7,21.0,11.73,0.544,0.12799999999999997,25.07,11.67,15.14,26.81,21.53,20.72,404.0,0.232,117.0,28.96,61.0,15.1,0.857,0.271,29.06,11.36,18.81,30.17,17.6,22.37,195.0,0.234,48.0,24.62,25.0,12.82,0.739,0.13899999999999998,28.3,13.76,14.81,28.57,28.17,20.89,351.0,0.234,100.0,28.49,47.0,13.39,0.721,0.1299999999999999,36.41,15.33,18.52,33.84,28.99,23.42
747105,2024-06-28,2024,663586,R,527048,L,home_run,False,False,84.0,0.203,17.0,20.24,9.0,10.71,0.663,0.16199999999999998,23.87,12.13,10.82,22.95,25.17,20.24,149.0,0.289,35.0,23.49,17.0,11.41,0.94,0.289,28.03,13.64,12.46,26.09,26.11,18.72,198.0,0.302,36.0,18.18,18.0,9.09,0.844,0.173,19.05,8.49,20.29,28.78,24.61,16.67,474.0,0.282,72.0,15.19,43.0,9.07,0.806,0.178,17.84,7.89,18.49,26.38,27.5,16.25
747105,2024-06-28,2024,669221,R,527048,L,single,False,False,26.0,0.13,7.0,26.92,2.0,7.69,0.535,0.174,34.88,14.85,23.76,38.61,37.5,24.14,101.0,0.274,21.0,20.79,12.0,11.88,0.884,0.2139999999999999,23.12,10.14,16.75,26.89,23.56,16.03,198.0,0.302,36.0,18.18,18.0,9.09,0.844,0.173,19.05,8.49,20.29,28.78,24.61,16.67,474.0,0.282,72.0,15.19,43.0,9.07,0.806,0.178,17.84,7.89,18.49,26.38,27.5,16.25
747105,2024-06-28,2024,594807,R,527048,L,field_out,False,False,94.0,0.253,19.0,20.21,12.0,12.77,0.868,0.253,23.35,10.66,17.49,28.14,26.02,16.1,93.0,0.244,34.0,36.56,4.0,4.3,0.757,0.2329999999999999,34.95,18.31,16.34,34.65,37.97,29.82,198.0,0.302,36.0,18.18,18.0,9.09,0.844,0.173,19.05,8.49,20.29,28.78,24.61,16.67,474.0,0.282,72.0,15.19,43.0,9.07,0.806,0.178,17.84,7.89,18.49,26.38,27.5,16.25
747105,2024-06-28,2024,606115,R,527048,L,grounded_into_double_play,False,False,81.0,0.171,22.0,27.16,3.0,3.7,0.448,0.07899999999999999,26.71,13.11,16.77,29.88,26.75,20.56,112.0,0.302,24.0,21.43,16.0,14.29,1.006,0.302,27.18,11.06,18.79,29.85,21.6,18.32,198.0,0.302,36.0,18.18,18.0,9.09,0.844,0.173,19.05,8.49,20.29,28.78,24.61,16.67,474.0,0.282,72.0,15.19,43.0,9.07,0.806,0.178,17.84,7.89,18.49,26.38,27.5,16.25
747105,2024-06-28,2024,518735,L,450203,R,field_out,False,False,76.0,0.155,14.0,18.42,4.0,5.26,0.479,0.12699999999999997,22.63,10.4,22.48,32.89,32.41,16.47,309.0,0.235,61.0,19.74,27.0,8.74,0.636,0.094,22.36,10.08,19.44,29.52,27.06,17.13,195.0,0.234,48.0,24.62,25.0,12.82,0.739,0.13899999999999998,28.3,13.76,14.81,28.57,28.17,20.89,351.0,0.234,100.0,28.49,47.0,13.39,0.721,0.1299999999999999,36.41,15.33,18.52,33.84,28.99,23.42
747105,2024-06-28,2024,457705,R,450203,R,strikeout,True,False,204.0,0.251,50.0,24.51,23.0,11.27,0.768,0.174,29.81,12.56,18.66,31.22,17.46,19.23,312.0,0.254,72.0,23.08,49.0,15.71,0.767,0.137,28.77,12.06,17.2,29.26,17.59,17.52,137.0,0.244,32.0,23.36,10.0,7.3,0.7010000000000001,0.15800000000000003,23.22,11.23,15.58,26.81,28.52,17.14,367.0,0.253,83.0,22.62,36.0,9.81,0.708,0.124,28.15,12.12,17.62,29.74,27.53,21.67
747105,2024-06-28,2024,668804,L,450203,R,field_out,False,False,252.0,0.278,56.0,22.22,25.0,9.92,0.837,0.20199999999999996,28.27,13.23,14.23,27.45,27.31,18.6,438.0,0.252,94.0,21.46,45.0,10.27,0.821,0.2309999999999999,28.75,13.22,13.73,26.95,24.9,18.49,195.0,0.234,48.0,24.62,25.0,12.82,0.739,0.13899999999999998,28.3,13.76,14.81,28.57,28.17,20.89,351.0,0.234,100.0,28.49,47.0,13.39,0.721,0.1299999999999999,36.41,15.33,18.52,33.84,28.99,23.42
747105,2024-06-28,2024,663897,R,527048,L,single,False,False,3.0,0.0,1.0,33.33,0.0,0.0,0.333,0.0,33.33,12.5,37.5,50.0,50.0,100.0,3.0,0.0,1.0,33.33,0.0,0.0,0.0,0.0,50.0,30.0,20.0,50.0,33.33,25.0,198.0,0.302,36.0,18.18,18.0,9.09,0.844,0.173,19.05,8.49,20.29,28.78,24.61,16.67,474.0,0.282,72.0,15.19,43.0,9.07,0.806,0.178,17.84,7.89,18.49,26.38,27.5,16.25
747105,2024-06-28,2024,672284,L,527048,L,walk,False,True,42.0,0.293,12.0,28.57,0.0,0.0,0.6759999999999999,0.09700000000000003,32.93,18.62,16.55,35.17,36.36,26.67,92.0,0.259,27.0,29.35,7.0,7.61,0.774,0.2,27.91,12.83,16.31,29.14,26.49,24.55,57.0,0.296,10.0,17.54,1.0,1.75,0.821,0.20400000000000001,21.74,11.49,14.94,26.44,34.94,26.32,135.0,0.248,21.0,15.56,6.0,4.44,0.675,0.128,16.46,7.89,18.22,26.11,29.66,15.91
747105,2024-06-28,2024,645277,R,527048,L,single,False,False,88.0,0.326,11.0,12.5,1.0,1.14,0.853,0.186,19.88,11.23,9.47,20.7,32.67,19.64,133.0,0.391,18.0,13.53,4.0,3.01,1.023,0.2259999999999999,19.5,11.51,10.25,21.76,42.91,12.77,198.0,0.302,36.0,18.18,18.0,9.09,0.844,0.173,19.05,8.49,20.29,28.78,24.61,16.67,474.0,0.282,72.0,15.19,43.0,9.07,0.806,0.178,17.84,7.89,18.49,26.38,27.5,16.25
747105,2024-06-28,2024,542303,R,527048,L,double,False,False,98.0,0.333,24.0,24.49,14.0,14.29,0.917,0.15499999999999997,32.06,15.4,11.95,27.36,24.69,15.79,139.0,0.278,25.0,17.99,13.0,9.35,0.98,0.357,22.56,11.13,13.17,24.3,30.63,15.53,198.0,0.302,36.0,18.18,18.0,9.09,0.844,0.173,19.05,8.49,20.29,28.78,24.61,16.67,474.0,0.282,72.0,15.19,43.0,9.07,0.806,0.178,17.84,7.89,18.49,26.38,27.5,16.25
747105,2024-06-28,2024,621566,L,527048,L,single,False,False,107.0,0.276,27.0,25.23,5.0,4.67,0.8680000000000001,0.265,25.93,12.76,14.12,26.88,28.89,17.65,182.0,0.252,52.0,28.57,14.0,7.69,0.7989999999999999,0.239,31.07,15.01,14.87,29.88,27.47,21.94,57.0,0.296,10.0,17.54,1.0,1.75,0.821,0.20400000000000001,21.74,11.49,14.94,26.44,34.94,26.32,135.0,0.248,21.0,15.56,6.0,4.44,0.675,0.128,16.46,7.89,18.22,26.11,29.66,15.91
747105,2024-06-28,2024,663586,R,527048,L,force_out,False,False,84.0,0.203,17.0,20.24,9.0,10.71,0.663,0.16199999999999998,23.87,12.13,10.82,22.95,25.17,20.24,149.0,0.289,35.0,23.49,17.0,11.41,0.94,0.289,28.03,13.64,12.46,26.09,26.11,18.72,198.0,0.302,36.0,18.18,18.0,9.09,0.844,0.173,19.05,8.49,20.29,28.78,24.61,16.67,474.0,0.282,72.0,15.19,43.0,9.07,0.806,0.178,17.84,7.89,18.49,26.38,27.5,16.25
747105,2024-06-28,2024,669221,R,527048,L,field_out,False,False,26.0,0.13,7.0,26.92,2.0,7.69,0.535,0.174,34.88,14.85,23.76,38.61,37.5,24.14,101.0,0.274,21.0,20.79,12.0,11.88,0.884,0.2139999999999999,23.12,10.14,16.75,26.89,23.56,16.03,198.0,0.302,36.0,18.18,18.0,9.09,0.844,0.173,19.05,8.49,20.29,28.78,24.61,16.67,474.0,0.282,72.0,15.19,43.0,9.07,0.806,0.178,17.84,7.89,18.49,26.38,27.5,16.25
747105,2024-06-28,2024,594807,R,527048,L,double,False,False,94.0,0.253,19.0,20.21,12.0,12.77,0.868,0.253,23.35,10.66,17.49,28.14,26.02,16.1,93.0,0.244,34.0,36.56,4.0,4.3,0.757,0.2329999999999999,34.95,18.31,16.34,34.65,37.97,29.82,198.0,0.302,36.0,18.18,18.0,9.09,0.844,0.173,19.05,8.49,20.29,28.78,24.61,16.67,474.0,0.282,72.0,15.19,43.0,9.07,0.806,0.178,17.84,7.89,18.49,26.38,27.5,16.25
747105,2024-06-28,2024,606115,R,527048,L,strikeout,True,False,81.0,0.171,22.0,27.16,3.0,3.7,0.448,0.07899999999999999,26.71,13.11,16.77,29.88,26.75,20.56,112.0,0.302,24.0,21.43,16.0,14.29,1.006,0.302,27.18,11.06,18.79,29.85,21.6,18.32,198.0,0.302,36.0,18.18,18.0,9.09,0.844,0.173,19.05,8.49,20.29,28.78,24.61,16.67,474.0,0.282,72.0,15.19,43.0,9.07,0.806,0.178,17.84,7.89,18.49,26.38,27.5,16.25
747105,2024-06-28,2024,665833,L,450203,R,strikeout,True,False,221.0,0.281,68.0,30.77,17.0,7.69,0.833,0.21699999999999997,33.1,15.3,18.58,33.88,34.36,23.21,33.0,0.185,7.0,21.21,5.0,15.15,0.636,0.148,27.69,13.14,15.33,28.47,34.25,17.95,195.0,0.234,48.0,24.62,25.0,12.82,0.739,0.13899999999999998,28.3,13.76,14.81,28.57,28.17,20.89,351.0,0.234,100.0,28.49,47.0,13.39,0.721,0.1299999999999999,36.41,15.33,18.52,33.84,28.99,23.42
747105,2024-06-28,2024,642133,L,450203,R,field_out,False,False,182.0,0.251,35.0,19.23,13.0,7.14,0.661,0.10199999999999998,19.41,7.93,21.24,29.17,22.5,18.72,300.0,0.223,73.0,24.33,29.0,9.67,0.69,0.173,22.22,8.47,23.11,31.59,24.77,19.95,195.0,0.234,48.0,24.62,25.0,12.82,0.739,0.13899999999999998,28.3,13.76,14.81,28.57,28.17,20.89,351.0,0.234,100.0,28.49,47.0,13.39,0.721,0.1299999999999999,36.41,15.33,18.52,33.84,28.99,23.42
747105,2024-06-28,2024,693304,R,450203,R,field_out,False,False,121.0,0.268,29.0,23.97,5.0,4.13,0.6839999999999999,0.11599999999999999,27.44,15.53,10.43,25.96,33.62,18.12,86.0,0.234,21.0,24.42,3.0,3.49,0.638,0.1299999999999999,30.36,15.84,12.11,27.95,27.85,22.11,137.0,0.244,32.0,23.36,10.0,7.3,0.7010000000000001,0.15800000000000003,23.22,11.23,15.58,26.81,28.52,17.14,367.0,0.253,83.0,22.62,36.0,9.81,0.708,0.124,28.15,12.12,17.62,29.74,27.53,21.67
747105,2024-06-28,2024,663897,R,527048,L,field_out,False,False,3.0,0.0,1.0,33.33,0.0,0.0,0.333,0.0,33.33,12.5,37.5,50.0,50.0,100.0,3.0,0.0,1.0,33.33,0.0,0.0,0.0,0.0,50.0,30.0,20.0,50.0,33.33,25.0,198.0,0.302,36.0,18.18,18.0,9.09,0.844,0.173,19.05,8.49,20.29,28.78,24.61,16.67,474.0,0.282,72.0,15.19,43.0,9.07,0.806,0.178,17.84,7.89,18.49,26.38,27.5,16.25
747105,2024-06-28,2024,672284,L,527048,L,field_out,False,False,42.0,0.293,12.0,28.57,0.0,0.0,0.6759999999999999,0.09700000000000003,32.93,18.62,16.55,35.17,36.36,26.67,92.0,0.259,27.0,29.35,7.0,7.61,0.774,0.2,27.91,12.83,16.31,29.14,26.49,24.55,57.0,0.296,10.0,17.54,1.0,1.75,0.821,0.20400000000000001,21.74,11.49,14.94,26.44,34.94,26.32,135.0,0.248,21.0,15.56,6.0,4.44,0.675,0.128,16.46,7.89,18.22,26.11,29.66,15.91
747105,2024-06-28,2024,645277,R,527048,L,double,False,False,88.0,0.326,11.0,12.5,1.0,1.14,0.853,0.186,19.88,11.23,9.47,20.7,32.67,19.64,133.0,0.391,18.0,13.53,4.0,3.01,1.023,0.2259999999999999,19.5,11.51,10.25,21.76,42.91,12.77,198.0,0.302,36.0,18.18,18.0,9.09,0.844,0.173,19.05,8.49,20.29,28.78,24.61,16.67,474.0,0.282,72.0,15.19,43.0,9.07,0.806,0.178,17.84,7.89,18.49,26.38,27.5,16.25
747105,2024-06-28,2024,542303,R,527048,L,strikeout,True,False,98.0,0.333,24.0,24.49,14.0,14.29,0.917,0.15499999999999997,32.06,15.4,11.95,27.36,24.69,15.79,139.0,0.278,25.0,17.99,13.0,9.35,0.98,0.357,22.56,11.13,13.17,24.3,30.63,15.53,198.0,0.302,36.0,18.18,18.0,9.09,0.844,0.173,19.05,8.49,20.29,28.78,24.61,16.67,474.0,0.282,72.0,15.19,43.0,9.07,0.806,0.178,17.84,7.89,18.49,26.38,27.5,16.25
747105,2024-06-28,2024,658668,R,450203,R,field_out,False,False,93.0,0.253,13.0,13.98,7.0,7.53,0.613,0.04799999999999999,23.2,12.61,14.01,26.61,34.3,11.11,261.0,0.256,43.0,16.48,14.0,5.36,0.728,0.1649999999999999,22.47,11.51,14.21,25.73,31.17,15.47,137.0,0.244,32.0,23.36,10.0,7.3,0.7010000000000001,0.15800000000000003,23.22,11.23,15.58,26.81,28.52,17.14,367.0,0.253,83.0,22.62,36.0,9.81,0.708,0.124,28.15,12.12,17.62,29.74,27.53,21.67
747105,2024-06-28,2024,663647,R,450203,R,single,False,False,173.0,0.182,37.0,21.39,10.0,5.78,0.44499999999999995,0.025999999999999995,18.79,8.52,20.74,29.26,29.52,21.14,358.0,0.26,75.0,20.95,22.0,6.15,0.721,0.1559999999999999,21.48,9.63,20.09,29.72,30.19,22.32,137.0,0.244,32.0,23.36,10.0,7.3,0.7010000000000001,0.15800000000000003,23.22,11.23,15.58,26.81,28.52,17.14,367.0,0.253,83.0,22.62,36.0,9.81,0.708,0.124,28.15,12.12,17.62,29.74,27.53,21.67
747105,2024-06-28,2024,669261,L,450203,R,force_out,False,False,179.0,0.159,46.0,25.7,21.0,11.73,0.544,0.12799999999999997,25.07,11.67,15.14,26.81,21.53,20.72,404.0,0.232,117.0,28.96,61.0,15.1,0.857,0.271,29.06,11.36,18.81,30.17,17.6,22.37,195.0,0.234,48.0,24.62,25.0,12.82,0.739,0.13899999999999998,28.3,13.76,14.81,28.57,28.17,20.89,351.0,0.234,100.0,28.49,47.0,13.39,0.721,0.1299999999999999,36.41,15.33,18.52,33.84,28.99,23.42
747105,2024-06-28,2024,518735,L,450203,R,field_out,False,False,76.0,0.155,14.0,18.42,4.0,5.26,0.479,0.12699999999999997,22.63,10.4,22.48,32.89,32.41,16.47,309.0,0.235,61.0,19.74,27.0,8.74,0.636,0.094,22.36,10.08,19.44,29.52,27.06,17.13,195.0,0.234,48.0,24.62,25.0,12.82,0.739,0.13899999999999998,28.3,13.76,14.81,28.57,28.17,20.89,351.0,0.234,100.0,28.49,47.0,13.39,0.721,0.1299999999999999,36.41,15.33,18.52,33.84,28.99,23.42
747105,2024-06-28,2024,621566,L,641726,R,strikeout,True,False,225.0,0.223,61.0,27.11,25.0,11.11,0.6970000000000001,0.158,28.19,13.78,12.19,25.97,28.49,17.6,540.0,0.294,115.0,21.3,90.0,16.67,1.061,0.351,27.51,12.57,12.32,24.89,25.66,14.92,23.0,0.381,3.0,13.04,2.0,8.7,1.34,0.524,26.47,11.54,17.95,29.49,23.81,23.08,,,,,,,,,,,,,,
747105,2024-06-28,2024,663586,R,641726,R,field_out,False,False,198.0,0.272,49.0,24.75,15.0,7.58,0.774,0.16699999999999998,29.87,15.07,13.15,28.22,27.51,18.68,566.0,0.28,137.0,24.2,42.0,7.42,0.841,0.2199999999999999,27.71,13.25,15.53,28.77,27.7,18.53,30.0,0.433,3.0,10.0,0.0,0.0,1.266,0.39999999999999997,15.38,8.13,15.45,23.58,32.79,7.14,,,,,,,,,,,,,,
747105,2024-06-28,2024,669221,R,641726,R,field_out,False,False,57.0,0.235,13.0,22.81,5.0,8.77,0.6890000000000001,0.138,28.71,13.49,19.07,32.56,29.91,20.63,337.0,0.245,77.0,22.85,37.0,10.98,0.832,0.2309999999999999,26.79,12.43,15.15,27.58,22.74,18.97,30.0,0.433,3.0,10.0,0.0,0.0,1.266,0.39999999999999997,15.38,8.13,15.45,23.58,32.79,7.14,,,,,,,,,,,,,,
747105,2024-06-28,2024,457705,R,450203,R,single,False,False,204.0,0.251,50.0,24.51,23.0,11.27,0.768,0.174,29.81,12.56,18.66,31.22,17.46,19.23,312.0,0.254,72.0,23.08,49.0,15.71,0.767,0.137,28.77,12.06,17.2,29.26,17.59,17.52,137.0,0.244,32.0,23.36,10.0,7.3,0.7010000000000001,0.15800000000000003,23.22,11.23,15.58,26.81,28.52,17.14,367.0,0.253,83.0,22.62,36.0,9.81,0.708,0.124,28.15,12.12,17.62,29.74,27.53,21.67
747105,2024-06-28,2024,668804,L,450203,R,strikeout,True,False,252.0,0.278,56.0,22.22,25.0,9.92,0.837,0.20199999999999996,28.27,13.23,14.23,27.45,27.31,18.6,438.0,0.252,94.0,21.46,45.0,10.27,0.821,0.2309999999999999,28.75,13.22,13.73,26.95,24.9,18.49,195.0,0.234,48.0,24.62,25.0,12.82,0.739,0.13899999999999998,28.3,13.76,14.81,28.57,28.17,20.89,351.0,0.234,100.0,28.49,47.0,13.39,0.721,0.1299999999999999,36.41,15.33,18.52,33.84,28.99,23.42
747105,2024-06-28,2024,665833,L,450203,R,strikeout,True,False,221.0,0.281,68.0,30.77,17.0,7.69,0.833,0.21699999999999997,33.1,15.3,18.58,33.88,34.36,23.21,33.0,0.185,7.0,21.21,5.0,15.15,0.636,0.148,27.69,13.14,15.33,28.47,34.25,17.95,195.0,0.234,48.0,24.62,25.0,12.82,0.739,0.13899999999999998,28.3,13.76,14.81,28.57,28.17,20.89,351.0,0.234,100.0,28.49,47.0,13.39,0.721,0.1299999999999999,36.41,15.33,18.52,33.84,28.99,23.42
747105,2024-06-28,2024,642133,L,450203,R,field_out,False,False,182.0,0.251,35.0,19.23,13.0,7.14,0.661,0.10199999999999998,19.41,7.93,21.24,29.17,22.5,18.72,300.0,0.223,73.0,24.33,29.0,9.67,0.69,0.173,22.22,8.47,23.11,31.59,24.77,19.95,195.0,0.234,48.0,24.62,25.0,12.82,0.739,0.13899999999999998,28.3,13.76,14.81,28.57,28.17,20.89,351.0,0.234,100.0,28.49,47.0,13.39,0.721,0.1299999999999999,36.41,15.33,18.52,33.84,28.99,23.42
747105,2024-06-28,2024,594807,R,641726,R,field_out,False,False,103.0,0.091,38.0,36.89,3.0,2.91,0.237,0.020000000000000004,30.53,14.95,19.85,34.79,36.27,30.4,260.0,0.248,76.0,29.23,18.0,6.92,0.863,0.303,29.41,13.69,18.97,32.66,32.68,27.44,30.0,0.433,3.0,10.0,0.0,0.0,1.266,0.39999999999999997,15.38,8.13,15.45,23.58,32.79,7.14,,,,,,,,,,,,,,
747105,2024-06-28,2024,606115,R,641726,R,walk,False,True,215.0,0.229,39.0,18.14,8.0,3.72,0.64,0.149,23.84,12.02,14.85,26.87,26.9,17.81,421.0,0.255,78.0,18.53,23.0,5.46,0.6739999999999999,0.12,23.54,11.23,17.09,28.32,27.84,15.98,30.0,0.433,3.0,10.0,0.0,0.0,1.266,0.39999999999999997,15.38,8.13,15.45,23.58,32.79,7.14,,,,,,,,,,,,,,
747105,2024-06-28,2024,663897,R,641726,R,field_out,False,False,3.0,0.0,2.0,66.67,0.0,0.0,0.0,0.0,40.0,15.38,23.08,38.46,33.33,28.57,16.0,0.062,6.0,37.5,0.0,0.0,0.124,0.0,31.25,17.54,12.28,29.82,34.38,40.0,30.0,0.433,3.0,10.0,0.0,0.0,1.266,0.39999999999999997,15.38,8.13,15.45,23.58,32.79,7.14,,,,,,,,,,,,,,
747105,2024-06-28,2024,672284,L,641726,R,single,False,False,186.0,0.275,55.0,29.57,13.0,6.99,0.796,0.193,34.31,17.25,14.84,32.09,30.4,22.92,324.0,0.251,105.0,32.41,34.0,10.49,0.738,0.1569999999999999,35.42,16.4,14.8,31.2,29.2,26.99,23.0,0.381,3.0,13.04,2.0,8.7,1.34,0.524,26.47,11.54,17.95,29.49,23.81,23.08,,,,,,,,,,,,,,
747105,2024-06-28,2024,645277,L,641726,R,field_out,False,False,226.0,0.219,39.0,17.26,19.0,8.41,0.6439999999999999,0.12899999999999998,21.22,11.76,9.26,21.02,32.92,12.07,528.0,0.25,89.0,16.86,42.0,7.95,0.8029999999999999,0.235,20.84,11.11,9.82,20.92,33.45,13.94,23.0,0.381,3.0,13.04,2.0,8.7,1.34,0.524,26.47,11.54,17.95,29.49,23.81,23.08,,,,,,,,,,,,,,
747105,2024-06-28,2024,693304,R,450203,R,double,False,False,121.0,0.268,29.0,23.97,5.0,4.13,0.6839999999999999,0.11599999999999999,27.44,15.53,10.43,25.96,33.62,18.12,86.0,0.234,21.0,24.42,3.0,3.49,0.638,0.1299999999999999,30.36,15.84,12.11,27.95,27.85,22.11,137.0,0.244,32.0,23.36,10.0,7.3,0.7010000000000001,0.15800000000000003,23.22,11.23,15.58,26.81,28.52,17.14,367.0,0.253,83.0,22.62,36.0,9.81,0.708,0.124,28.15,12.12,17.62,29.74,27.53,21.67
747105,2024-06-28,2024,658668,R,450203,R,field_out,False,False,93.0,0.253,13.0,13.98,7.0,7.53,0.613,0.04799999999999999,23.2,12.61,14.01,26.61,34.3,11.11,261.0,0.256,43.0,16.48,14.0,5.36,0.728,0.1649999999999999,22.47,11.51,14.21,25.73,31.17,15.47,137.0,0.244,32.0,23.36,10.0,7.3,0.7010000000000001,0.15800000000000003,23.22,11.23,15.58,26.81,28.52,17.14,367.0,0.253,83.0,22.62,36.0,9.81,0.708,0.124,28.15,12.12,17.62,29.74,27.53,21.67
747105,2024-06-28,2024,663647,R,445926,R,strikeout,True,False,173.0,0.182,37.0,21.39,10.0,5.78,0.44499999999999995,0.025999999999999995,18.79,8.52,20.74,29.26,29.52,21.14,358.0,0.26,75.0,20.95,22.0,6.15,0.721,0.1559999999999999,21.48,9.63,20.09,29.72,30.19,22.32,76.0,0.194,19.0,25.0,2.0,2.63,0.571,0.15299999999999997,25.74,11.4,19.87,31.27,24.5,21.84,78.0,0.243,24.0,30.77,7.0,8.97,0.7210000000000001,0.157,32.85,13.68,23.4,37.08,27.96,23.08
747105,2024-06-28,2024,669261,L,445926,R,field_out,False,False,179.0,0.159,46.0,25.7,21.0,11.73,0.544,0.12799999999999997,25.07,11.67,15.14,26.81,21.53,20.72,404.0,0.232,117.0,28.96,61.0,15.1,0.857,0.271,29.06,11.36,18.81,30.17,17.6,22.37,54.0,0.244,8.0,14.81,8.0,14.81,0.714,0.11199999999999999,7.78,3.17,22.17,25.34,24.56,12.31,67.0,0.155,15.0,22.39,5.0,7.46,0.414,0.0169999999999999,22.33,9.09,20.95,30.04,25.0,22.73
747105,2024-06-28,2024,542303,R,641726,R,hit_by_pitch,False,False,237.0,0.29,51.0,21.52,24.0,10.13,0.968,0.315,30.67,14.7,12.78,27.48,26.22,18.96,453.0,0.272,109.0,24.06,44.0,9.71,0.882,0.263,27.95,13.42,14.78,28.21,29.59,18.63,30.0,0.433,3.0,10.0,0.0,0.0,1.266,0.39999999999999997,15.38,8.13,15.45,23.58,32.79,7.14,,,,,,,,,,,,,,
747105,2024-06-28,2024,621566,L,641726,R,single,False,False,225.0,0.223,61.0,27.11,25.0,11.11,0.6970000000000001,0.158,28.19,13.78,12.19,25.97,28.49,17.6,540.0,0.294,115.0,21.3,90.0,16.67,1.061,0.351,27.51,12.57,12.32,24.89,25.66,14.92,23.0,0.381,3.0,13.04,2.0,8.7,1.34,0.524,26.47,11.54,17.95,29.49,23.81,23.08,,,,,,,,,,,,,,
747105,2024-06-28,2024,663586,R,641726,R,strikeout,True,False,198.0,0.272,49.0,24.75,15.0,7.58,0.774,0.16699999999999998,29.87,15.07,13.15,28.22,27.51,18.68,566.0,0.28,137.0,24.2,42.0,7.42,0.841,0.2199999999999999,27.71,13.25,15.53,28.77,27.7,18.53,30.0,0.433,3.0,10.0,0.0,0.0,1.266,0.39999999999999997,15.38,8.13,15.45,23.58,32.79,7.14,,,,,,,,,,,,,,
747105,2024-06-28,2024,669221,R,641726,R,field_out,False,False,57.0,0.235,13.0,22.81,5.0,8.77,0.6890000000000001,0.138,28.71,13.49,19.07,32.56,29.91,20.63,337.0,0.245,77.0,22.85,37.0,10.98,0.832,0.2309999999999999,26.79,12.43,15.15,27.58,22.74,18.97,30.0,0.433,3.0,10.0,0.0,0.0,1.266,0.39999999999999997,15.38,8.13,15.45,23.58,32.79,7.14,,,,,,,,,,,,,,
747105,2024-06-28,2024,594807,R,641726,R,strikeout,True,False,103.0,0.091,38.0,36.89,3.0,2.91,0.237,0.020000000000000004,30.53,14.95,19.85,34.79,36.27,30.4,260.0,0.248,76.0,29.23,18.0,6.92,0.863,0.303,29.41,13.69,18.97,32.66,32.68,27.44,30.0,0.433,3.0,10.0,0.0,0.0,1.266,0.39999999999999997,15.38,8.13,15.45,23.58,32.79,7.14,,,,,,,,,,,,,,
747105,2024-06-28,2024,518735,L,445926,R,field_out,False,False,76.0,0.155,14.0,18.42,4.0,5.26,0.479,0.12699999999999997,22.63,10.4,22.48,32.89,32.41,16.47,309.0,0.235,61.0,19.74,27.0,8.74,0.636,0.094,22.36,10.08,19.44,29.52,27.06,17.13,54.0,0.244,8.0,14.81,8.0,14.81,0.714,0.11199999999999999,7.78,3.17,22.17,25.34,24.56,12.31,67.0,0.155,15.0,22.39,5.0,7.46,0.414,0.0169999999999999,22.33,9.09,20.95,30.04,25.0,22.73
747105,2024-06-28,2024,457705,R,445926,R,strikeout,True,False,204.0,0.251,50.0,24.51,23.0,11.27,0.768,0.174,29.81,12.56,18.66,31.22,17.46,19.23,312.0,0.254,72.0,23.08,49.0,15.71,0.767,0.137,28.77,12.06,17.2,29.26,17.59,17.52,76.0,0.194,19.0,25.0,2.0,2.63,0.571,0.15299999999999997,25.74,11.4,19.87,31.27,24.5,21.84,78.0,0.243,24.0,30.77,7.0,8.97,0.7210000000000001,0.157,32.85,13.68,23.4,37.08,27.96,23.08
747105,2024-06-28,2024,668804,L,445926,R,single,False,False,252.0,0.278,56.0,22.22,25.0,9.92,0.837,0.20199999999999996,28.27,13.23,14.23,27.45,27.31,18.6,438.0,0.252,94.0,21.46,45.0,10.27,0.821,0.2309999999999999,28.75,13.22,13.73,26.95,24.9,18.49,54.0,0.244,8.0,14.81,8.0,14.81,0.714,0.11199999999999999,7.78,3.17,22.17,25.34,24.56,12.31,67.0,0.155,15.0,22.39,5.0,7.46,0.414,0.0169999999999999,22.33,9.09,20.95,30.04,25.0,22.73
747105,2024-06-28,2024,665833,L,669276,L,strikeout,True,False,72.0,0.116,26.0,36.11,3.0,4.17,0.356,0.08700000000000001,30.47,15.0,21.15,36.15,35.25,35.62,7.0,0.6,1.0,14.29,2.0,28.57,1.314,0.0,50.0,14.81,18.52,33.33,12.5,14.29,46.0,0.239,18.0,39.13,0.0,0.0,0.63,0.15200000000000002,36.27,22.84,14.81,37.65,45.31,34.62,40.0,0.189,13.0,32.5,2.0,5.0,0.663,0.243,40.54,20.69,20.69,41.38,31.03,32.5
747105,2024-06-28,2024,606115,R,670059,R,field_out,False,False,215.0,0.229,39.0,18.14,8.0,3.72,0.64,0.149,23.84,12.02,14.85,26.87,26.9,17.81,421.0,0.255,78.0,18.53,23.0,5.46,0.6739999999999999,0.12,23.54,11.23,17.09,28.32,27.84,15.98,66.0,0.1,19.0,28.79,2.0,3.03,0.269,0.017,28.32,13.22,19.83,33.06,29.27,26.76,132.0,0.256,32.0,24.24,13.0,9.85,0.7010000000000001,0.1119999999999999,24.65,10.91,18.93,29.84,24.05,23.88
747105,2024-06-28,2024,663897,R,670059,R,walk,False,True,3.0,0.0,2.0,66.67,0.0,0.0,0.0,0.0,40.0,15.38,23.08,38.46,33.33,28.57,16.0,0.062,6.0,37.5,0.0,0.0,0.124,0.0,31.25,17.54,12.28,29.82,34.38,40.0,66.0,0.1,19.0,28.79,2.0,3.03,0.269,0.017,28.32,13.22,19.83,33.06,29.27,26.76,132.0,0.256,32.0,24.24,13.0,9.85,0.7010000000000001,0.1119999999999999,24.65,10.91,18.93,29.84,24.05,23.88
747105,2024-06-28,2024,672284,L,670059,R,strikeout,True,False,186.0,0.275,55.0,29.57,13.0,6.99,0.796,0.193,34.31,17.25,14.84,32.09,30.4,22.92,324.0,0.251,105.0,32.41,34.0,10.49,0.738,0.1569999999999999,35.42,16.4,14.8,31.2,29.2,26.99,50.0,0.275,12.0,24.0,10.0,20.0,0.8200000000000001,0.125,25.56,10.8,14.55,25.35,16.22,17.91,108.0,0.255,26.0,24.07,7.0,6.48,0.665,0.1019999999999999,21.83,11.04,11.26,22.3,27.56,16.45
747105,2024-06-28,2024,645277,L,670059,R,field_out,False,False,226.0,0.219,39.0,17.26,19.0,8.41,0.6439999999999999,0.12899999999999998,21.22,11.76,9.26,21.02,32.92,12.07,528.0,0.25,89.0,16.86,42.0,7.95,0.8029999999999999,0.235,20.84,11.11,9.82,20.92,33.45,13.94,50.0,0.275,12.0,24.0,10.0,20.0,0.8200000000000001,0.125,25.56,10.8,14.55,25.35,16.22,17.91,108.0,0.255,26.0,24.07,7.0,6.48,0.665,0.1019999999999999,21.83,11.04,11.26,22.3,27.56,16.45
747105,2024-06-28,2024,656582,R,607481,L,double,False,False,99.0,0.276,17.0,17.17,9.0,9.09,0.825,0.19499999999999995,21.51,9.11,17.49,26.6,21.08,13.82,193.0,0.265,40.0,20.73,23.0,11.92,0.8200000000000001,0.187,25.72,9.93,21.34,31.27,18.27,17.32,74.0,0.277,16.0,21.62,6.0,8.11,0.665,0.045999999999999985,19.82,7.59,24.48,32.07,25.17,19.05,175.0,0.238,52.0,29.71,25.0,14.29,0.715,0.123,30.95,12.48,21.54,34.02,28.15,23.21
747105,2024-06-28,2024,693304,R,607481,L,strikeout,True,False,44.0,0.317,12.0,27.27,1.0,2.27,0.9259999999999999,0.26799999999999996,32.93,20.77,10.0,30.77,50.79,35.29,43.0,0.158,15.0,34.88,3.0,6.98,0.5720000000000001,0.158,36.17,19.21,12.99,32.2,28.74,23.81,74.0,0.277,16.0,21.62,6.0,8.11,0.665,0.045999999999999985,19.82,7.59,24.48,32.07,25.17,19.05,175.0,0.238,52.0,29.71,25.0,14.29,0.715,0.123,30.95,12.48,21.54,34.02,28.15,23.21
747105,2024-06-28,2024,658668,R,607481,L,strikeout,True,False,81.0,0.222,20.0,24.69,7.0,8.64,0.727,0.209,25.0,12.5,14.06,26.56,32.08,21.74,124.0,0.277,21.0,16.94,8.0,6.45,0.857,0.241,23.89,11.66,17.06,28.73,30.49,15.91,74.0,0.277,16.0,21.62,6.0,8.11,0.665,0.045999999999999985,19.82,7.59,24.48,32.07,25.17,19.05,175.0,0.238,52.0,29.71,25.0,14.29,0.715,0.123,30.95,12.48,21.54,34.02,28.15,23.21
747105,2024-06-28,2024,663647,R,607481,L,double,False,False,64.0,0.34,8.0,12.5,8.0,12.5,0.988,0.22599999999999992,16.36,7.0,17.12,24.12,23.7,10.96,168.0,0.294,29.0,17.26,6.0,3.57,0.8460000000000001,0.237,20.49,9.52,20.2,29.72,31.76,19.21,74.0,0.277,16.0,21.62,6.0,8.11,0.665,0.045999999999999985,19.82,7.59,24.48,32.07,25.17,19.05,175.0,0.238,52.0,29.71,25.0,14.29,0.715,0.123,30.95,12.48,21.54,34.02,28.15,23.21
747105,2024-06-28,2024,669707,R,607481,L,strikeout,True,False,72.0,0.206,21.0,29.17,8.0,11.11,0.53,0.032,31.88,15.83,12.23,28.06,24.06,29.58,65.0,0.293,20.0,30.77,6.0,9.23,0.7829999999999999,0.121,29.41,12.96,18.15,31.11,29.29,21.28,74.0,0.277,16.0,21.62,6.0,8.11,0.665,0.045999999999999985,19.82,7.59,24.48,32.07,25.17,19.05,175.0,0.238,52.0,29.71,25.0,14.29,0.715,0.123,30.95,12.48,21.54,34.02,28.15,23.21
746776,2024-06-28,2024,686668,R,689672,R,single,False,False,243.0,0.26,67.0,27.57,19.0,7.82,0.716,0.135,30.02,14.96,15.42,30.38,29.69,26.69,299.0,0.207,98.0,32.78,17.0,5.69,0.597,0.131,34.17,17.56,14.33,31.89,31.96,31.51,32.0,0.138,6.0,18.75,3.0,9.38,0.495,0.138,26.67,10.62,19.47,30.09,20.63,24.0,,,,,,,,,,,,,,
746776,2024-06-28,2024,678662,R,689672,R,field_out,False,False,253.0,0.288,67.0,26.48,6.0,2.37,0.784,0.187,33.39,21.21,9.89,31.1,47.47,22.41,438.0,0.256,109.0,24.89,17.0,3.88,0.69,0.143,29.47,17.51,10.44,27.95,41.11,20.49,32.0,0.138,6.0,18.75,3.0,9.38,0.495,0.138,26.67,10.62,19.47,30.09,20.63,24.0,,,,,,,,,,,,,,
746776,2024-06-28,2024,641857,L,689672,R,field_out,False,False,236.0,0.256,66.0,27.97,24.0,10.17,0.774,0.188,27.05,13.11,15.29,28.4,26.48,18.97,449.0,0.26,141.0,31.4,52.0,11.58,0.826,0.2209999999999999,31.26,14.84,14.94,29.79,25.26,20.41,34.0,0.292,3.0,8.82,8.0,23.53,0.9550000000000001,0.20800000000000002,21.82,8.63,12.95,21.58,13.75,8.11,,,,,,,,,,,,,,
746776,2024-06-28,2024,663898,R,689672,R,field_out,False,False,191.0,0.261,47.0,24.61,10.0,5.24,0.6419999999999999,0.08299999999999996,24.66,12.15,16.15,28.3,25.99,19.11,138.0,0.269,33.0,23.91,5.0,3.62,0.709,0.1389999999999999,27.31,13.83,17.45,31.28,33.92,25.0,32.0,0.138,6.0,18.75,3.0,9.38,0.495,0.138,26.67,10.62,19.47,30.09,20.63,24.0,,,,,,,,,,,,,,
746776,2024-06-28,2024,502054,R,641712,R,walk,False,True,146.0,0.267,27.0,18.49,11.0,7.53,0.6779999999999999,0.08899999999999997,23.24,9.64,20.83,30.46,19.7,16.36,304.0,0.262,71.0,23.36,28.0,9.21,0.767,0.173,26.61,10.98,19.38,30.37,21.23,21.19,176.0,0.266,20.0,11.36,15.0,8.52,0.7110000000000001,0.10399999999999998,19.87,9.29,16.25,25.54,27.16,10.75,180.0,0.261,26.0,14.44,15.0,8.33,0.7709999999999999,0.1659999999999999,21.19,10.57,12.8,23.36,28.41,14.94
746776,2024-06-28,2024,643217,L,641712,R,walk,False,True,189.0,0.229,31.0,16.4,12.0,6.35,0.6180000000000001,0.11400000000000002,18.58,9.0,16.71,25.71,26.46,15.58,486.0,0.261,67.0,13.79,42.0,8.64,0.67,0.082,19.05,9.13,14.74,23.87,26.13,13.62,170.0,0.29,21.0,12.35,23.0,13.53,0.864,0.186,16.6,6.47,18.61,25.08,16.35,14.09,174.0,0.305,19.0,10.92,19.0,10.92,0.837,0.15,18.95,8.36,15.94,24.3,20.62,13.01
746776,2024-06-28,2024,673357,R,641712,R,strikeout,True,False,87.0,0.195,30.0,34.48,5.0,5.75,0.741,0.305,32.81,16.94,15.32,32.26,34.21,22.9,477.0,0.252,132.0,27.67,25.0,5.24,0.8340000000000001,0.279,32.83,18.94,10.59,29.53,40.07,24.77,176.0,0.266,20.0,11.36,15.0,8.52,0.7110000000000001,0.10399999999999998,19.87,9.29,16.25,25.54,27.16,10.75,180.0,0.261,26.0,14.44,15.0,8.33,0.7709999999999999,0.1659999999999999,21.19,10.57,12.8,23.36,28.41,14.94
746776,2024-06-28,2024,650391,R,641712,R,grounded_into_double_play,False,False,125.0,0.235,23.0,18.4,9.0,7.2,0.697,0.174,23.25,11.96,14.67,26.64,29.46,16.55,392.0,0.273,78.0,19.9,24.0,6.12,0.762,0.172,30.51,16.0,12.65,28.65,36.66,20.91,176.0,0.266,20.0,11.36,15.0,8.52,0.7110000000000001,0.10399999999999998,19.87,9.29,16.25,25.54,27.16,10.75,180.0,0.261,26.0,14.44,15.0,8.33,0.7709999999999999,0.1659999999999999,21.19,10.57,12.8,23.36,28.41,14.94
746776,2024-06-28,2024,669911,L,689672,R,field_out,False,False,86.0,0.212,31.0,36.05,4.0,4.65,0.718,0.25,30.34,14.44,17.11,31.55,30.2,23.66,104.0,0.189,29.0,27.88,8.0,7.69,0.628,0.179,34.34,17.26,14.21,31.47,29.0,25.0,34.0,0.292,3.0,8.82,8.0,23.53,0.9550000000000001,0.20800000000000002,21.82,8.63,12.95,21.58,13.75,8.11,,,,,,,,,,,,,,
746776,2024-06-28,2024,666134,L,689672,R,strikeout,True,False,103.0,0.184,32.0,31.07,15.0,14.56,0.6,0.11499999999999999,31.87,12.34,21.91,34.26,22.98,19.05,294.0,0.289,92.0,31.29,41.0,13.95,0.945,0.261,33.58,14.12,18.56,32.68,25.97,22.72,34.0,0.292,3.0,8.82,8.0,23.53,0.9550000000000001,0.20800000000000002,21.82,8.63,12.95,21.58,13.75,8.11,,,,,,,,,,,,,,
746776,2024-06-28,2024,607732,R,689672,R,field_out,False,False,93.0,0.259,16.0,17.2,8.0,8.6,0.694,0.08699999999999997,25.48,11.2,17.65,28.85,19.64,16.16,225.0,0.186,56.0,24.89,24.0,10.67,0.547,0.082,22.79,8.98,20.99,29.97,22.2,22.95,32.0,0.138,6.0,18.75,3.0,9.38,0.495,0.138,26.67,10.62,19.47,30.09,20.63,24.0,,,,,,,,,,,,,,
746776,2024-06-28,2024,683734,R,641712,R,double,False,False,241.0,0.225,59.0,24.48,15.0,6.22,0.647,0.13999999999999999,22.27,10.73,17.38,28.11,30.7,20.21,474.0,0.267,109.0,23.0,29.0,6.12,0.774,0.18,26.24,11.95,18.94,30.89,30.92,21.51,176.0,0.266,20.0,11.36,15.0,8.52,0.7110000000000001,0.10399999999999998,19.87,9.29,16.25,25.54,27.16,10.75,180.0,0.261,26.0,14.44,15.0,8.33,0.7709999999999999,0.1659999999999999,21.19,10.57,12.8,23.36,28.41,14.94
746776,2024-06-28,2024,657557,R,641712,R,single,False,False,202.0,0.261,61.0,30.2,6.0,2.97,0.796,0.22799999999999998,31.52,18.41,9.93,28.34,33.9,24.6,281.0,0.203,86.0,30.6,12.0,4.27,0.603,0.1539999999999999,36.49,19.09,15.38,34.47,35.28,34.68,176.0,0.266,20.0,11.36,15.0,8.52,0.7110000000000001,0.10399999999999998,19.87,9.29,16.25,25.54,27.16,10.75,180.0,0.261,26.0,14.44,15.0,8.33,0.7709999999999999,0.1659999999999999,21.19,10.57,12.8,23.36,28.41,14.94
746776,2024-06-28,2024,670032,L,641712,R,single,False,False,204.0,0.239,32.0,15.69,15.0,7.35,0.577,0.038000000000000034,18.16,8.97,15.59,24.55,28.02,16.49,212.0,0.228,33.0,15.57,24.0,11.32,0.647,0.089,22.47,10.7,16.47,27.16,26.6,14.22,170.0,0.29,21.0,12.35,23.0,13.53,0.864,0.186,16.6,6.47,18.61,25.08,16.35,14.09,174.0,0.305,19.0,10.92,19.0,10.92,0.837,0.15,18.95,8.36,15.94,24.3,20.62,13.01
746776,2024-06-28,2024,686676,R,641712,R,strikeout,True,False,151.0,0.224,45.0,29.8,7.0,4.64,0.631,0.147,40.19,23.43,10.15,33.58,35.2,25.14,47.0,0.116,12.0,25.53,4.0,8.51,0.4,0.0929999999999999,33.71,18.07,13.25,31.33,34.15,23.53,176.0,0.266,20.0,11.36,15.0,8.52,0.7110000000000001,0.10399999999999998,19.87,9.29,16.25,25.54,27.16,10.75,180.0,0.261,26.0,14.44,15.0,8.33,0.7709999999999999,0.1659999999999999,21.19,10.57,12.8,23.36,28.41,14.94
746776,2024-06-28,2024,672820,R,641712,R,field_out,False,False,87.0,0.181,25.0,28.74,2.0,2.3,0.426,0.036000000000000004,26.88,13.65,20.63,34.29,38.36,27.17,123.0,0.178,30.0,24.39,2.0,1.63,0.504,0.136,24.69,13.05,16.81,29.87,39.56,22.39,176.0,0.266,20.0,11.36,15.0,8.52,0.7110000000000001,0.10399999999999998,19.87,9.29,16.25,25.54,27.16,10.75,180.0,0.261,26.0,14.44,15.0,8.33,0.7709999999999999,0.1659999999999999,21.19,10.57,12.8,23.36,28.41,14.94
746776,2024-06-28,2024,502054,R,641712,R,field_out,False,False,146.0,0.267,27.0,18.49,11.0,7.53,0.6779999999999999,0.08899999999999997,23.24,9.64,20.83,30.46,19.7,16.36,304.0,0.262,71.0,23.36,28.0,9.21,0.767,0.173,26.61,10.98,19.38,30.37,21.23,21.19,176.0,0.266,20.0,11.36,15.0,8.52,0.7110000000000001,0.10399999999999998,19.87,9.29,16.25,25.54,27.16,10.75,180.0,0.261,26.0,14.44,15.0,8.33,0.7709999999999999,0.1659999999999999,21.19,10.57,12.8,23.36,28.41,14.94
746776,2024-06-28,2024,595909,L,689672,R,strikeout,True,False,131.0,0.271,34.0,25.95,11.0,8.4,0.692,0.09299999999999997,24.91,12.97,14.29,27.26,32.82,18.58,171.0,0.226,44.0,25.73,12.0,7.02,0.663,0.155,26.67,12.9,15.25,28.15,29.13,19.91,34.0,0.292,3.0,8.82,8.0,23.53,0.9550000000000001,0.20800000000000002,21.82,8.63,12.95,21.58,13.75,8.11,,,,,,,,,,,,,,
746776,2024-06-28,2024,656541,L,689672,R,strikeout,True,False,3.0,0.0,1.0,33.33,0.0,0.0,0.0,0.0,28.57,14.29,21.43,35.71,50.0,14.29,69.0,0.25,28.0,40.58,5.0,7.25,0.726,0.172,39.5,17.03,19.57,36.59,24.44,31.11,34.0,0.292,3.0,8.82,8.0,23.53,0.9550000000000001,0.20800000000000002,21.82,8.63,12.95,21.58,13.75,8.11,,,,,,,,,,,,,,
746776,2024-06-28,2024,686668,R,689672,R,strikeout,True,False,243.0,0.26,67.0,27.57,19.0,7.82,0.716,0.135,30.02,14.96,15.42,30.38,29.69,26.69,299.0,0.207,98.0,32.78,17.0,5.69,0.597,0.131,34.17,17.56,14.33,31.89,31.96,31.51,32.0,0.138,6.0,18.75,3.0,9.38,0.495,0.138,26.67,10.62,19.47,30.09,20.63,24.0,,,,,,,,,,,,,,
746776,2024-06-28,2024,643217,L,641712,R,single,False,False,189.0,0.229,31.0,16.4,12.0,6.35,0.6180000000000001,0.11400000000000002,18.58,9.0,16.71,25.71,26.46,15.58,486.0,0.261,67.0,13.79,42.0,8.64,0.67,0.082,19.05,9.13,14.74,23.87,26.13,13.62,170.0,0.29,21.0,12.35,23.0,13.53,0.864,0.186,16.6,6.47,18.61,25.08,16.35,14.09,174.0,0.305,19.0,10.92,19.0,10.92,0.837,0.15,18.95,8.36,15.94,24.3,20.62,13.01
746776,2024-06-28,2024,673357,R,641712,R,field_out,False,False,87.0,0.195,30.0,34.48,5.0,5.75,0.741,0.305,32.81,16.94,15.32,32.26,34.21,22.9,477.0,0.252,132.0,27.67,25.0,5.24,0.8340000000000001,0.279,32.83,18.94,10.59,29.53,40.07,24.77,176.0,0.266,20.0,11.36,15.0,8.52,0.7110000000000001,0.10399999999999998,19.87,9.29,16.25,25.54,27.16,10.75,180.0,0.261,26.0,14.44,15.0,8.33,0.7709999999999999,0.1659999999999999,21.19,10.57,12.8,23.36,28.41,14.94
746776,2024-06-28,2024,650391,R,641712,R,grounded_into_double_play,False,False,125.0,0.235,23.0,18.4,9.0,7.2,0.697,0.174,23.25,11.96,14.67,26.64,29.46,16.55,392.0,0.273,78.0,19.9,24.0,6.12,0.762,0.172,30.51,16.0,12.65,28.65,36.66,20.91,176.0,0.266,20.0,11.36,15.0,8.52,0.7110000000000001,0.10399999999999998,19.87,9.29,16.25,25.54,27.16,10.75,180.0,0.261,26.0,14.44,15.0,8.33,0.7709999999999999,0.1659999999999999,21.19,10.57,12.8,23.36,28.41,14.94
746776,2024-06-28,2024,678662,R,689672,R,field_out,False,False,253.0,0.288,67.0,26.48,6.0,2.37,0.784,0.187,33.39,21.21,9.89,31.1,47.47,22.41,438.0,0.256,109.0,24.89,17.0,3.88,0.69,0.143,29.47,17.51,10.44,27.95,41.11,20.49,32.0,0.138,6.0,18.75,3.0,9.38,0.495,0.138,26.67,10.62,19.47,30.09,20.63,24.0,,,,,,,,,,,,,,
746776,2024-06-28,2024,641857,L,689672,R,field_out,False,False,236.0,0.256,66.0,27.97,24.0,10.17,0.774,0.188,27.05,13.11,15.29,28.4,26.48,18.97,449.0,0.26,141.0,31.4,52.0,11.58,0.826,0.2209999999999999,31.26,14.84,14.94,29.79,25.26,20.41,34.0,0.292,3.0,8.82,8.0,23.53,0.9550000000000001,0.20800000000000002,21.82,8.63,12.95,21.58,13.75,8.11,,,,,,,,,,,,,,
746776,2024-06-28,2024,663898,R,689672,R,field_out,False,False,191.0,0.261,47.0,24.61,10.0,5.24,0.6419999999999999,0.08299999999999996,24.66,12.15,16.15,28.3,25.99,19.11,138.0,0.269,33.0,23.91,5.0,3.62,0.709,0.1389999999999999,27.31,13.83,17.45,31.28,33.92,25.0,32.0,0.138,6.0,18.75,3.0,9.38,0.495,0.138,26.67,10.62,19.47,30.09,20.63,24.0,,,,,,,,,,,,,,
746776,2024-06-28,2024,683734,R,641712,R,hit_by_pitch,False,False,241.0,0.225,59.0,24.48,15.0,6.22,0.647,0.13999999999999999,22.27,10.73,17.38,28.11,30.7,20.21,474.0,0.267,109.0,23.0,29.0,6.12,0.774,0.18,26.24,11.95,18.94,30.89,30.92,21.51,176.0,0.266,20.0,11.36,15.0,8.52,0.7110000000000001,0.10399999999999998,19.87,9.29,16.25,25.54,27.16,10.75,180.0,0.261,26.0,14.44,15.0,8.33,0.7709999999999999,0.1659999999999999,21.19,10.57,12.8,23.36,28.41,14.94
746776,2024-06-28,2024,657557,R,641712,R,force_out,False,False,202.0,0.261,61.0,30.2,6.0,2.97,0.796,0.22799999999999998,31.52,18.41,9.93,28.34,33.9,24.6,281.0,0.203,86.0,30.6,12.0,4.27,0.603,0.1539999999999999,36.49,19.09,15.38,34.47,35.28,34.68,176.0,0.266,20.0,11.36,15.0,8.52,0.7110000000000001,0.10399999999999998,19.87,9.29,16.25,25.54,27.16,10.75,180.0,0.261,26.0,14.44,15.0,8.33,0.7709999999999999,0.1659999999999999,21.19,10.57,12.8,23.36,28.41,14.94
746776,2024-06-28,2024,670032,L,641712,R,grounded_into_double_play,False,False,204.0,0.239,32.0,15.69,15.0,7.35,0.577,0.038000000000000034,18.16,8.97,15.59,24.55,28.02,16.49,212.0,0.228,33.0,15.57,24.0,11.32,0.647,0.089,22.47,10.7,16.47,27.16,26.6,14.22,170.0,0.29,21.0,12.35,23.0,13.53,0.864,0.186,16.6,6.47,18.61,25.08,16.35,14.09,174.0,0.305,19.0,10.92,19.0,10.92,0.837,0.15,18.95,8.36,15.94,24.3,20.62,13.01
746776,2024-06-28,2024,669911,L,689672,R,field_out,False,False,86.0,0.212,31.0,36.05,4.0,4.65,0.718,0.25,30.34,14.44,17.11,31.55,30.2,23.66,104.0,0.189,29.0,27.88,8.0,7.69,0.628,0.179,34.34,17.26,14.21,31.47,29.0,25.0,34.0,0.292,3.0,8.82,8.0,23.53,0.9550000000000001,0.20800000000000002,21.82,8.63,12.95,21.58,13.75,8.11,,,,,,,,,,,,,,
746776,2024-06-28,2024,666134,L,689672,R,field_out,False,False,103.0,0.184,32.0,31.07,15.0,14.56,0.6,0.11499999999999999,31.87,12.34,21.91,34.26,22.98,19.05,294.0,0.289,92.0,31.29,41.0,13.95,0.945,0.261,33.58,14.12,18.56,32.68,25.97,22.72,34.0,0.292,3.0,8.82,8.0,23.53,0.9550000000000001,0.20800000000000002,21.82,8.63,12.95,21.58,13.75,8.11,,,,,,,,,,,,,,
746776,2024-06-28,2024,607732,R,689672,R,field_out,False,False,93.0,0.259,16.0,17.2,8.0,8.6,0.694,0.08699999999999997,25.48,11.2,17.65,28.85,19.64,16.16,225.0,0.186,56.0,24.89,24.0,10.67,0.547,0.082,22.79,8.98,20.99,29.97,22.2,22.95,32.0,0.138,6.0,18.75,3.0,9.38,0.495,0.138,26.67,10.62,19.47,30.09,20.63,24.0,,,,,,,,,,,,,,
746776,2024-06-28,2024,686676,R,641712,R,field_out,False,False,151.0,0.224,45.0,29.8,7.0,4.64,0.631,0.147,40.19,23.43,10.15,33.58,35.2,25.14,47.0,0.116,12.0,25.53,4.0,8.51,0.4,0.0929999999999999,33.71,18.07,13.25,31.33,34.15,23.53,176.0,0.266,20.0,11.36,15.0,8.52,0.7110000000000001,0.10399999999999998,19.87,9.29,16.25,25.54,27.16,10.75,180.0,0.261,26.0,14.44,15.0,8.33,0.7709999999999999,0.1659999999999999,21.19,10.57,12.8,23.36,28.41,14.94
746776,2024-06-28,2024,672820,R,641712,R,field_out,False,False,87.0,0.181,25.0,28.74,2.0,2.3,0.426,0.036000000000000004,26.88,13.65,20.63,34.29,38.36,27.17,123.0,0.178,30.0,24.39,2.0,1.63,0.504,0.136,24.69,13.05,16.81,29.87,39.56,22.39,176.0,0.266,20.0,11.36,15.0,8.52,0.7110000000000001,0.10399999999999998,19.87,9.29,16.25,25.54,27.16,10.75,180.0,0.261,26.0,14.44,15.0,8.33,0.7709999999999999,0.1659999999999999,21.19,10.57,12.8,23.36,28.41,14.94
746776,2024-06-28,2024,502054,R,641712,R,walk,False,True,146.0,0.267,27.0,18.49,11.0,7.53,0.6779999999999999,0.08899999999999997,23.24,9.64,20.83,30.46,19.7,16.36,304.0,0.262,71.0,23.36,28.0,9.21,0.767,0.173,26.61,10.98,19.38,30.37,21.23,21.19,176.0,0.266,20.0,11.36,15.0,8.52,0.7110000000000001,0.10399999999999998,19.87,9.29,16.25,25.54,27.16,10.75,180.0,0.261,26.0,14.44,15.0,8.33,0.7709999999999999,0.1659999999999999,21.19,10.57,12.8,23.36,28.41,14.94
746776,2024-06-28,2024,643217,L,641712,R,strikeout,True,False,189.0,0.229,31.0,16.4,12.0,6.35,0.6180000000000001,0.11400000000000002,18.58,9.0,16.71,25.71,26.46,15.58,486.0,0.261,67.0,13.79,42.0,8.64,0.67,0.082,19.05,9.13,14.74,23.87,26.13,13.62,170.0,0.29,21.0,12.35,23.0,13.53,0.864,0.186,16.6,6.47,18.61,25.08,16.35,14.09,174.0,0.305,19.0,10.92,19.0,10.92,0.837,0.15,18.95,8.36,15.94,24.3,20.62,13.01
746776,2024-06-28,2024,595909,L,689672,R,field_out,False,False,131.0,0.271,34.0,25.95,11.0,8.4,0.692,0.09299999999999997,24.91,12.97,14.29,27.26,32.82,18.58,171.0,0.226,44.0,25.73,12.0,7.02,0.663,0.155,26.67,12.9,15.25,28.15,29.13,19.91,34.0,0.292,3.0,8.82,8.0,23.53,0.9550000000000001,0.20800000000000002,21.82,8.63,12.95,21.58,13.75,8.11,,,,,,,,,,,,,,
746776,2024-06-28,2024,656541,L,689672,R,walk,False,True,3.0,0.0,1.0,33.33,0.0,0.0,0.0,0.0,28.57,14.29,21.43,35.71,50.0,14.29,69.0,0.25,28.0,40.58,5.0,7.25,0.726,0.172,39.5,17.03,19.57,36.59,24.44,31.11,34.0,0.292,3.0,8.82,8.0,23.53,0.9550000000000001,0.20800000000000002,21.82,8.63,12.95,21.58,13.75,8.11,,,,,,,,,,,,,,
746776,2024-06-28,2024,686668,R,689672,R,home_run,False,False,243.0,0.26,67.0,27.57,19.0,7.82,0.716,0.135,30.02,14.96,15.42,30.38,29.69,26.69,299.0,0.207,98.0,32.78,17.0,5.69,0.597,0.131,34.17,17.56,14.33,31.89,31.96,31.51,32.0,0.138,6.0,18.75,3.0,9.38,0.495,0.138,26.67,10.62,19.47,30.09,20.63,24.0,,,,,,,,,,,,,,
746776,2024-06-28,2024,678662,R,689672,R,field_out,False,False,253.0,0.288,67.0,26.48,6.0,2.37,0.784,0.187,33.39,21.21,9.89,31.1,47.47,22.41,438.0,0.256,109.0,24.89,17.0,3.88,0.69,0.143,29.47,17.51,10.44,27.95,41.11,20.49,32.0,0.138,6.0,18.75,3.0,9.38,0.495,0.138,26.67,10.62,19.47,30.09,20.63,24.0,,,,,,,,,,,,,,
746776,2024-06-28,2024,641857,L,689672,R,field_out,False,False,236.0,0.256,66.0,27.97,24.0,10.17,0.774,0.188,27.05,13.11,15.29,28.4,26.48,18.97,449.0,0.26,141.0,31.4,52.0,11.58,0.826,0.2209999999999999,31.26,14.84,14.94,29.79,25.26,20.41,34.0,0.292,3.0,8.82,8.0,23.53,0.9550000000000001,0.20800000000000002,21.82,8.63,12.95,21.58,13.75,8.11,,,,,,,,,,,,,,
746776,2024-06-28,2024,673357,R,641712,R,double,False,False,87.0,0.195,30.0,34.48,5.0,5.75,0.741,0.305,32.81,16.94,15.32,32.26,34.21,22.9,477.0,0.252,132.0,27.67,25.0,5.24,0.8340000000000001,0.279,32.83,18.94,10.59,29.53,40.07,24.77,176.0,0.266,20.0,11.36,15.0,8.52,0.7110000000000001,0.10399999999999998,19.87,9.29,16.25,25.54,27.16,10.75,180.0,0.261,26.0,14.44,15.0,8.33,0.7709999999999999,0.1659999999999999,21.19,10.57,12.8,23.36,28.41,14.94
746776,2024-06-28,2024,650391,R,641712,R,walk,False,True,125.0,0.235,23.0,18.4,9.0,7.2,0.697,0.174,23.25,11.96,14.67,26.64,29.46,16.55,392.0,0.273,78.0,19.9,24.0,6.12,0.762,0.172,30.51,16.0,12.65,28.65,36.66,20.91,176.0,0.266,20.0,11.36,15.0,8.52,0.7110000000000001,0.10399999999999998,19.87,9.29,16.25,25.54,27.16,10.75,180.0,0.261,26.0,14.44,15.0,8.33,0.7709999999999999,0.1659999999999999,21.19,10.57,12.8,23.36,28.41,14.94
746776,2024-06-28,2024,683734,R,641712,R,walk,False,True,241.0,0.225,59.0,24.48,15.0,6.22,0.647,0.13999999999999999,22.27,10.73,17.38,28.11,30.7,20.21,474.0,0.267,109.0,23.0,29.0,6.12,0.774,0.18,26.24,11.95,18.94,30.89,30.92,21.51,176.0,0.266,20.0,11.36,15.0,8.52,0.7110000000000001,0.10399999999999998,19.87,9.29,16.25,25.54,27.16,10.75,180.0,0.261,26.0,14.44,15.0,8.33,0.7709999999999999,0.1659999999999999,21.19,10.57,12.8,23.36,28.41,14.94
746776,2024-06-28,2024,657557,R,641712,R,single,False,False,202.0,0.261,61.0,30.2,6.0,2.97,0.796,0.22799999999999998,31.52,18.41,9.93,28.34,33.9,24.6,281.0,0.203,86.0,30.6,12.0,4.27,0.603,0.1539999999999999,36.49,19.09,15.38,34.47,35.28,34.68,176.0,0.266,20.0,11.36,15.0,8.52,0.7110000000000001,0.10399999999999998,19.87,9.29,16.25,25.54,27.16,10.75,180.0,0.261,26.0,14.44,15.0,8.33,0.7709999999999999,0.1659999999999999,21.19,10.57,12.8,23.36,28.41,14.94
746776,2024-06-28,2024,670032,L,664875,R,field_out,False,False,204.0,0.239,32.0,15.69,15.0,7.35,0.577,0.038000000000000034,18.16,8.97,15.59,24.55,28.02,16.49,212.0,0.228,33.0,15.57,24.0,11.32,0.647,0.089,22.47,10.7,16.47,27.16,26.6,14.22,48.0,0.342,5.0,10.42,9.0,18.75,1.032,0.21100000000000002,18.18,7.61,14.13,21.74,22.52,10.87,149.0,0.221,29.0,19.46,18.0,12.08,0.6970000000000001,0.1399999999999999,20.35,8.63,17.64,26.27,23.41,23.02
746776,2024-06-28,2024,686676,R,664875,R,field_out,False,False,151.0,0.224,45.0,29.8,7.0,4.64,0.631,0.147,40.19,23.43,10.15,33.58,35.2,25.14,47.0,0.116,12.0,25.53,4.0,8.51,0.4,0.0929999999999999,33.71,18.07,13.25,31.33,34.15,23.53,73.0,0.258,17.0,23.29,8.0,10.96,0.672,0.08100000000000002,23.48,10.06,20.13,30.19,25.49,17.71,177.0,0.245,49.0,27.68,18.0,10.17,0.681,0.1029999999999999,27.34,10.96,23.42,34.38,25.86,30.43
746776,2024-06-28,2024,657757,L,664875,R,intent_walk,False,True,238.0,0.252,39.0,16.39,29.0,12.18,0.7669999999999999,0.16499999999999998,21.25,9.24,18.37,27.61,28.73,12.38,324.0,0.212,58.0,17.9,28.0,8.64,0.63,0.1369999999999999,20.44,9.67,14.66,24.33,29.35,14.25,48.0,0.342,5.0,10.42,9.0,18.75,1.032,0.21100000000000002,18.18,7.61,14.13,21.74,22.52,10.87,149.0,0.221,29.0,19.46,18.0,12.08,0.6970000000000001,0.1399999999999999,20.35,8.63,17.64,26.27,23.41,23.02
746776,2024-06-28,2024,502054,R,664875,R,single,False,False,146.0,0.267,27.0,18.49,11.0,7.53,0.6779999999999999,0.08899999999999997,23.24,9.64,20.83,30.46,19.7,16.36,304.0,0.262,71.0,23.36,28.0,9.21,0.767,0.173,26.61,10.98,19.38,30.37,21.23,21.19,73.0,0.258,17.0,23.29,8.0,10.96,0.672,0.08100000000000002,23.48,10.06,20.13,30.19,25.49,17.71,177.0,0.245,49.0,27.68,18.0,10.17,0.681,0.1029999999999999,27.34,10.96,23.42,34.38,25.86,30.43
746776,2024-06-28,2024,643217,L,664875,R,caught_stealing_2b,False,False,189.0,0.229,31.0,16.4,12.0,6.35,0.6180000000000001,0.11400000000000002,18.58,9.0,16.71,25.71,26.46,15.58,486.0,0.261,67.0,13.79,42.0,8.64,0.67,0.082,19.05,9.13,14.74,23.87,26.13,13.62,48.0,0.342,5.0,10.42,9.0,18.75,1.032,0.21100000000000002,18.18,7.61,14.13,21.74,22.52,10.87,149.0,0.221,29.0,19.46,18.0,12.08,0.6970000000000001,0.1399999999999999,20.35,8.63,17.64,26.27,23.41,23.02
746776,2024-06-28,2024,663898,R,621383,L,strikeout,True,False,55.0,0.34,8.0,14.55,2.0,3.64,0.949,0.24499999999999994,23.36,11.9,13.81,25.71,29.36,13.11,56.0,0.229,8.0,14.29,6.0,10.71,0.672,0.104,20.62,8.85,17.7,26.55,22.12,11.94,89.0,0.301,22.0,24.72,3.0,3.37,0.796,0.16899999999999998,23.21,11.37,16.33,27.7,26.63,19.64,163.0,0.282,28.0,17.18,10.0,6.13,0.881,0.268,22.22,10.14,16.28,26.42,20.83,15.91
746776,2024-06-28,2024,669911,R,621383,L,home_run,False,False,39.0,0.139,14.0,35.9,3.0,7.69,0.594,0.25,21.62,9.94,19.88,29.81,22.89,25.0,48.0,0.109,21.0,43.75,2.0,4.17,0.255,0.0,48.35,23.53,13.9,37.43,32.11,36.21,89.0,0.301,22.0,24.72,3.0,3.37,0.796,0.16899999999999998,23.21,11.37,16.33,27.7,26.63,19.64,163.0,0.282,28.0,17.18,10.0,6.13,0.881,0.268,22.22,10.14,16.28,26.42,20.83,15.91
746776,2024-06-28,2024,666134,L,621383,L,strikeout,True,False,42.0,0.216,15.0,35.71,5.0,11.9,0.634,0.10800000000000001,23.81,8.33,28.89,37.22,22.5,26.79,130.0,0.314,34.0,26.15,12.0,9.23,0.902,0.211,27.7,10.95,22.63,33.58,26.4,21.79,65.0,0.228,17.0,26.15,5.0,7.69,0.597,0.088,27.43,13.14,15.25,28.39,26.67,28.33,93.0,0.205,23.0,24.73,6.0,6.45,0.609,0.132,29.59,13.85,17.73,31.58,25.86,19.33
746776,2024-06-28,2024,607732,R,621383,L,strikeout,True,False,44.0,0.342,13.0,29.55,5.0,11.36,1.093,0.342,39.73,18.24,18.87,37.11,29.63,36.11,52.0,0.213,11.0,21.15,3.0,5.77,0.637,0.149,23.08,10.71,20.41,31.12,23.46,19.3,89.0,0.301,22.0,24.72,3.0,3.37,0.796,0.16899999999999998,23.21,11.37,16.33,27.7,26.63,19.64,163.0,0.282,28.0,17.18,10.0,6.13,0.881,0.268,22.22,10.14,16.28,26.42,20.83,15.91
746776,2024-06-28,2024,643217,L,683627,R,strikeout,True,False,189.0,0.229,31.0,16.4,12.0,6.35,0.6180000000000001,0.11400000000000002,18.58,9.0,16.71,25.71,26.46,15.58,486.0,0.261,67.0,13.79,42.0,8.64,0.67,0.082,19.05,9.13,14.74,23.87,26.13,13.62,53.0,0.262,7.0,13.21,9.0,16.98,0.718,0.07100000000000001,16.47,6.11,20.52,26.64,16.81,10.94,,,,,,,,,,,,,,
746776,2024-06-28,2024,673357,R,683627,R,field_out,False,False,87.0,0.195,30.0,34.48,5.0,5.75,0.741,0.305,32.81,16.94,15.32,32.26,34.21,22.9,477.0,0.252,132.0,27.67,25.0,5.24,0.8340000000000001,0.279,32.83,18.94,10.59,29.53,40.07,24.77,77.0,0.324,5.0,6.49,4.0,5.19,0.815,0.127,12.14,6.03,13.12,19.15,22.54,5.88,,,,,,,,,,,,,,
746776,2024-06-28,2024,650391,R,683627,R,strikeout,True,False,125.0,0.235,23.0,18.4,9.0,7.2,0.697,0.174,23.25,11.96,14.67,26.64,29.46,16.55,392.0,0.273,78.0,19.9,24.0,6.12,0.762,0.172,30.51,16.0,12.65,28.65,36.66,20.91,77.0,0.324,5.0,6.49,4.0,5.19,0.815,0.127,12.14,6.03,13.12,19.15,22.54,5.88,,,,,,,,,,,,,,
746776,2024-06-28,2024,595909,L,605154,R,walk,False,True,131.0,0.271,34.0,25.95,11.0,8.4,0.692,0.09299999999999997,24.91,12.97,14.29,27.26,32.82,18.58,171.0,0.226,44.0,25.73,12.0,7.02,0.663,0.155,26.67,12.9,15.25,28.15,29.13,19.91,59.0,0.2,20.0,33.9,3.0,5.08,0.69,0.236,23.39,10.66,19.85,30.51,23.62,18.87,55.0,0.204,18.0,32.73,6.0,10.91,0.699,0.204,29.13,12.99,17.75,30.74,29.63,24.32
746776,2024-06-28,2024,656541,L,605154,R,force_out,False,False,3.0,0.0,1.0,33.33,0.0,0.0,0.0,0.0,28.57,14.29,21.43,35.71,50.0,14.29,69.0,0.25,28.0,40.58,5.0,7.25,0.726,0.172,39.5,17.03,19.57,36.59,24.44,31.11,59.0,0.2,20.0,33.9,3.0,5.08,0.69,0.236,23.39,10.66,19.85,30.51,23.62,18.87,55.0,0.204,18.0,32.73,6.0,10.91,0.699,0.204,29.13,12.99,17.75,30.74,29.63,24.32
746776,2024-06-28,2024,686668,R,605154,R,strikeout,True,False,243.0,0.26,67.0,27.57,19.0,7.82,0.716,0.135,30.02,14.96,15.42,30.38,29.69,26.69,299.0,0.207,98.0,32.78,17.0,5.69,0.597,0.131,34.17,17.56,14.33,31.89,31.96,31.51,70.0,0.277,17.0,24.29,4.0,5.71,0.698,0.09199999999999997,27.54,14.45,13.69,28.14,38.3,20.48,107.0,0.221,29.0,27.1,8.0,7.48,0.674,0.179,26.61,12.86,15.74,28.6,25.99,16.96
746776,2024-06-28,2024,678662,R,605154,R,strikeout,True,False,253.0,0.288,67.0,26.48,6.0,2.37,0.784,0.187,33.39,21.21,9.89,31.1,47.47,22.41,438.0,0.256,109.0,24.89,17.0,3.88,0.69,0.143,29.47,17.51,10.44,27.95,41.11,20.49,70.0,0.277,17.0,24.29,4.0,5.71,0.698,0.09199999999999997,27.54,14.45,13.69,28.14,38.3,20.48,107.0,0.221,29.0,27.1,8.0,7.48,0.674,0.179,26.61,12.86,15.74,28.6,25.99,16.96
746776,2024-06-28,2024,683734,R,683627,R,field_out,False,False,241.0,0.225,59.0,24.48,15.0,6.22,0.647,0.13999999999999999,22.27,10.73,17.38,28.11,30.7,20.21,474.0,0.267,109.0,23.0,29.0,6.12,0.774,0.18,26.24,11.95,18.94,30.89,30.92,21.51,77.0,0.324,5.0,6.49,4.0,5.19,0.815,0.127,12.14,6.03,13.12,19.15,22.54,5.88,,,,,,,,,,,,,,
746776,2024-06-28,2024,657557,R,683627,R,strikeout,True,False,202.0,0.261,61.0,30.2,6.0,2.97,0.796,0.22799999999999998,31.52,18.41,9.93,28.34,33.9,24.6,281.0,0.203,86.0,30.6,12.0,4.27,0.603,0.1539999999999999,36.49,19.09,15.38,34.47,35.28,34.68,77.0,0.324,5.0,6.49,4.0,5.19,0.815,0.127,12.14,6.03,13.12,19.15,22.54,5.88,,,,,,,,,,,,,,
746776,2024-06-28,2024,670032,L,683627,R,single,False,False,204.0,0.239,32.0,15.69,15.0,7.35,0.577,0.038000000000000034,18.16,8.97,15.59,24.55,28.02,16.49,212.0,0.228,33.0,15.57,24.0,11.32,0.647,0.089,22.47,10.7,16.47,27.16,26.6,14.22,53.0,0.262,7.0,13.21,9.0,16.98,0.718,0.07100000000000001,16.47,6.11,20.52,26.64,16.81,10.94,,,,,,,,,,,,,,
746776,2024-06-28,2024,686676,R,683627,R,strikeout,True,False,151.0,0.224,45.0,29.8,7.0,4.64,0.631,0.147,40.19,23.43,10.15,33.58,35.2,25.14,47.0,0.116,12.0,25.53,4.0,8.51,0.4,0.0929999999999999,33.71,18.07,13.25,31.33,34.15,23.53,77.0,0.324,5.0,6.49,4.0,5.19,0.815,0.127,12.14,6.03,13.12,19.15,22.54,5.88,,,,,,,,,,,,,,
746776,2024-06-28,2024,641857,L,656629,R,walk,False,True,236.0,0.256,66.0,27.97,24.0,10.17,0.774,0.188,27.05,13.11,15.29,28.4,26.48,18.97,449.0,0.26,141.0,31.4,52.0,11.58,0.826,0.2209999999999999,31.26,14.84,14.94,29.79,25.26,20.41,71.0,0.175,28.0,39.44,10.0,14.08,0.643,0.15800000000000003,36.55,17.43,17.76,35.2,26.12,28.57,291.0,0.231,73.0,25.09,50.0,17.18,0.815,0.213,30.04,12.39,14.67,27.06,25.1,22.64
746776,2024-06-28,2024,663898,R,656629,R,grounded_into_double_play,False,False,191.0,0.261,47.0,24.61,10.0,5.24,0.6419999999999999,0.08299999999999996,24.66,12.15,16.15,28.3,25.99,19.11,138.0,0.269,33.0,23.91,5.0,3.62,0.709,0.1389999999999999,27.31,13.83,17.45,31.28,33.92,25.0,79.0,0.284,20.0,25.32,9.0,11.39,0.855,0.17900000000000005,25.17,11.42,18.52,29.94,26.11,18.02,300.0,0.245,61.0,20.33,41.0,13.67,0.859,0.249,23.75,10.21,17.43,27.63,24.11,17.39
746776,2024-06-28,2024,669911,L,656629,R,field_out,False,False,86.0,0.212,31.0,36.05,4.0,4.65,0.718,0.25,30.34,14.44,17.11,31.55,30.2,23.66,104.0,0.189,29.0,27.88,8.0,7.69,0.628,0.179,34.34,17.26,14.21,31.47,29.0,25.0,71.0,0.175,28.0,39.44,10.0,14.08,0.643,0.15800000000000003,36.55,17.43,17.76,35.2,26.12,28.57,291.0,0.231,73.0,25.09,50.0,17.18,0.815,0.213,30.04,12.39,14.67,27.06,25.1,22.64
746939,2024-06-28,2024,650333,L,601713,R,field_out,False,False,212.0,0.34,5.0,2.36,9.0,4.25,0.8049999999999999,0.09499999999999997,6.23,3.03,19.26,22.3,34.56,2.82,479.0,0.362,17.0,3.55,31.0,6.47,0.891,0.122,6.51,3.2,16.58,19.78,31.29,4.11,118.0,0.183,37.0,31.36,9.0,7.63,0.585,0.15600000000000003,25.88,12.48,14.56,27.03,24.71,19.58,242.0,0.225,77.0,31.82,18.0,7.44,0.7969999999999999,0.284,27.81,13.61,17.42,31.03,33.87,23.33
746939,2024-06-28,2024,595777,L,601713,R,field_out,False,False,221.0,0.309,39.0,17.65,26.0,11.76,0.8680000000000001,0.15900000000000003,18.69,8.7,14.24,22.93,22.54,13.06,375.0,0.229,68.0,18.13,37.0,9.87,0.6559999999999999,0.1159999999999999,21.66,10.43,14.17,24.61,26.12,14.59,118.0,0.183,37.0,31.36,9.0,7.63,0.585,0.15600000000000003,25.88,12.48,14.56,27.03,24.71,19.58,242.0,0.225,77.0,31.82,18.0,7.44,0.7969999999999999,0.284,27.81,13.61,17.42,31.03,33.87,23.33
746939,2024-06-28,2024,630105,L,601713,R,strikeout,True,False,226.0,0.284,36.0,15.93,17.0,7.52,0.866,0.23800000000000004,17.49,8.1,17.07,25.16,23.34,13.04,367.0,0.23,59.0,16.08,36.0,9.81,0.7,0.154,14.92,6.99,16.69,23.68,24.61,14.08,118.0,0.183,37.0,31.36,9.0,7.63,0.585,0.15600000000000003,25.88,12.48,14.56,27.03,24.71,19.58,242.0,0.225,77.0,31.82,18.0,7.44,0.7969999999999999,0.284,27.81,13.61,17.42,31.03,33.87,23.33
746939,2024-06-28,2024,680776,L,681190,R,single,False,False,257.0,0.299,54.0,21.01,20.0,7.78,0.911,0.25700000000000006,23.55,11.32,14.7,26.02,26.81,18.69,314.0,0.296,75.0,23.89,21.0,6.69,0.84,0.195,24.68,12.92,13.75,26.67,30.3,19.02,87.0,0.474,8.0,9.2,7.0,8.05,1.241,0.244,16.02,7.92,12.3,20.22,25.53,6.67,80.0,0.206,10.0,12.5,8.0,10.0,0.73,0.22,15.33,6.89,18.36,25.25,23.33,11.36
746939,2024-06-28,2024,666152,L,681190,R,field_out,False,False,140.0,0.295,32.0,22.86,10.0,7.14,0.838,0.193,24.14,10.35,20.33,30.68,19.77,20.25,36.0,0.1,10.0,27.78,6.0,16.67,0.417,0.067,20.0,8.44,23.38,31.82,26.39,15.38,87.0,0.474,8.0,9.2,7.0,8.05,1.241,0.244,16.02,7.92,12.3,20.22,25.53,6.67,80.0,0.206,10.0,12.5,8.0,10.0,0.73,0.22,15.33,6.89,18.36,25.25,23.33,11.36
746939,2024-06-28,2024,677800,L,681190,R,field_out,False,False,174.0,0.277,44.0,25.29,17.0,9.77,0.857,0.23299999999999998,30.24,14.47,15.47,29.94,25.95,20.0,75.0,0.333,18.0,24.0,9.0,12.0,0.928,0.182,30.07,13.61,16.77,30.38,23.72,18.0,87.0,0.474,8.0,9.2,7.0,8.05,1.241,0.244,16.02,7.92,12.3,20.22,25.53,6.67,80.0,0.206,10.0,12.5,8.0,10.0,0.73,0.22,15.33,6.89,18.36,25.25,23.33,11.36
746939,2024-06-28,2024,646240,L,681190,R,field_out,False,False,196.0,0.299,35.0,17.86,26.0,13.27,1.0230000000000001,0.336,24.8,11.79,12.69,24.49,29.66,15.56,469.0,0.27,89.0,18.98,51.0,10.87,0.863,0.235,25.44,13.04,9.74,22.78,33.05,15.06,87.0,0.474,8.0,9.2,7.0,8.05,1.241,0.244,16.02,7.92,12.3,20.22,25.53,6.67,80.0,0.206,10.0,12.5,8.0,10.0,0.73,0.22,15.33,6.89,18.36,25.25,23.33,11.36
746939,2024-06-28,2024,592518,R,601713,R,strikeout,True,False,211.0,0.276,45.0,21.33,10.0,4.74,0.6819999999999999,0.09599999999999997,24.38,12.36,14.73,27.09,28.19,19.4,452.0,0.241,83.0,18.36,36.0,7.96,0.747,0.205,24.68,12.42,14.05,26.47,29.58,16.9,141.0,0.271,37.0,26.24,6.0,4.26,0.8260000000000001,0.255,26.45,14.29,15.46,29.75,30.32,23.42,346.0,0.197,106.0,30.64,32.0,9.25,0.6060000000000001,0.129,30.92,15.06,15.42,30.48,32.51,24.88
746939,2024-06-28,2024,456781,R,601713,R,single,False,False,64.0,0.246,15.0,23.44,3.0,4.69,0.645,0.08700000000000002,20.0,9.65,21.24,30.89,31.9,16.13,297.0,0.28,68.0,22.9,29.0,9.76,0.766,0.1059999999999999,26.06,12.14,17.61,29.74,28.81,17.48,141.0,0.271,37.0,26.24,6.0,4.26,0.8260000000000001,0.255,26.45,14.29,15.46,29.75,30.32,23.42,346.0,0.197,106.0,30.64,32.0,9.25,0.6060000000000001,0.129,30.92,15.06,15.42,30.48,32.51,24.88
746939,2024-06-28,2024,701538,L,601713,R,field_out,False,False,191.0,0.32,34.0,17.8,10.0,5.24,0.8260000000000001,0.14600000000000002,18.25,9.96,13.04,23.0,35.67,14.35,,,,,,,,,,,,,,,118.0,0.183,37.0,31.36,9.0,7.63,0.585,0.15600000000000003,25.88,12.48,14.56,27.03,24.71,19.58,242.0,0.225,77.0,31.82,18.0,7.44,0.7969999999999999,0.284,27.81,13.61,17.42,31.03,33.87,23.33
746939,2024-06-28,2024,673490,R,601713,R,force_out,False,False,216.0,0.246,35.0,16.2,31.0,14.35,0.782,0.18,17.07,6.09,24.48,30.58,17.55,11.59,435.0,0.241,94.0,21.61,55.0,12.64,0.681,0.1,18.8,7.03,23.65,30.68,19.23,15.59,141.0,0.271,37.0,26.24,6.0,4.26,0.8260000000000001,0.255,26.45,14.29,15.46,29.75,30.32,23.42,346.0,0.197,106.0,30.64,32.0,9.25,0.6060000000000001,0.129,30.92,15.06,15.42,30.48,32.51,24.88
746939,2024-06-28,2024,641933,R,681190,R,field_out,False,False,157.0,0.22,51.0,32.48,13.0,8.28,0.754,0.24100000000000002,32.44,14.81,16.95,31.76,27.38,23.61,187.0,0.233,53.0,28.34,15.0,8.02,0.6839999999999999,0.157,29.39,13.29,17.12,30.41,25.99,26.5,128.0,0.261,23.0,17.97,5.0,3.91,0.756,0.201,20.93,10.67,15.02,25.69,26.81,14.74,86.0,0.216,23.0,26.74,10.0,11.63,0.637,0.095,19.88,9.34,17.58,26.92,34.01,18.11
746939,2024-06-28,2024,807799,L,681190,R,double,False,False,107.0,0.281,16.0,14.95,7.0,6.54,0.724,0.09399999999999997,16.85,7.35,19.43,26.78,24.15,13.68,437.0,0.293,58.0,13.27,22.0,5.03,0.795,0.167,17.2,7.54,21.09,28.63,28.96,13.65,87.0,0.474,8.0,9.2,7.0,8.05,1.241,0.244,16.02,7.92,12.3,20.22,25.53,6.67,80.0,0.206,10.0,12.5,8.0,10.0,0.73,0.22,15.33,6.89,18.36,25.25,23.33,11.36
746939,2024-06-28,2024,657136,R,681190,R,field_out,False,False,145.0,0.318,28.0,19.31,4.0,2.76,0.8160000000000001,0.137,27.59,14.4,15.2,29.6,31.36,19.86,296.0,0.262,94.0,31.76,13.0,4.39,0.734,0.1669999999999999,32.08,16.95,15.14,32.09,35.28,27.01,128.0,0.261,23.0,17.97,5.0,3.91,0.756,0.201,20.93,10.67,15.02,25.69,26.81,14.74,86.0,0.216,23.0,26.74,10.0,11.63,0.637,0.095,19.88,9.34,17.58,26.92,34.01,18.11
746939,2024-06-28,2024,642086,L,681190,R,field_out,False,False,133.0,0.191,26.0,19.55,15.0,11.28,0.579,0.08700000000000002,24.17,11.55,15.34,26.89,28.68,19.12,414.0,0.263,62.0,14.98,33.0,7.97,0.736,0.135,19.9,10.09,14.56,24.65,32.27,13.42,87.0,0.474,8.0,9.2,7.0,8.05,1.241,0.244,16.02,7.92,12.3,20.22,25.53,6.67,80.0,0.206,10.0,12.5,8.0,10.0,0.73,0.22,15.33,6.89,18.36,25.25,23.33,11.36
746939,2024-06-28,2024,543309,R,601713,R,field_out,False,False,48.0,0.213,17.0,35.42,1.0,2.08,0.8029999999999999,0.361,24.47,11.92,23.83,35.75,35.23,24.64,192.0,0.233,53.0,27.6,12.0,6.25,0.654,0.142,28.81,14.15,17.01,31.16,30.17,24.88,141.0,0.271,37.0,26.24,6.0,4.26,0.8260000000000001,0.255,26.45,14.29,15.46,29.75,30.32,23.42,346.0,0.197,106.0,30.64,32.0,9.25,0.6060000000000001,0.129,30.92,15.06,15.42,30.48,32.51,24.88
746939,2024-06-28,2024,669369,L,601713,R,strikeout,True,False,5.0,0.25,1.0,20.0,1.0,20.0,0.65,0.0,28.57,12.5,12.5,25.0,11.11,20.0,20.0,0.059,7.0,35.0,2.0,10.0,0.385,0.176,25.81,10.53,25.0,35.53,18.18,35.0,118.0,0.183,37.0,31.36,9.0,7.63,0.585,0.15600000000000003,25.88,12.48,14.56,27.03,24.71,19.58,242.0,0.225,77.0,31.82,18.0,7.44,0.7969999999999999,0.284,27.81,13.61,17.42,31.03,33.87,23.33
746939,2024-06-28,2024,650333,L,601713,R,single,False,False,212.0,0.34,5.0,2.36,9.0,4.25,0.8049999999999999,0.09499999999999997,6.23,3.03,19.26,22.3,34.56,2.82,479.0,0.362,17.0,3.55,31.0,6.47,0.891,0.122,6.51,3.2,16.58,19.78,31.29,4.11,118.0,0.183,37.0,31.36,9.0,7.63,0.585,0.15600000000000003,25.88,12.48,14.56,27.03,24.71,19.58,242.0,0.225,77.0,31.82,18.0,7.44,0.7969999999999999,0.284,27.81,13.61,17.42,31.03,33.87,23.33
746939,2024-06-28,2024,595777,L,601713,R,field_out,False,False,221.0,0.309,39.0,17.65,26.0,11.76,0.8680000000000001,0.15900000000000003,18.69,8.7,14.24,22.93,22.54,13.06,375.0,0.229,68.0,18.13,37.0,9.87,0.6559999999999999,0.1159999999999999,21.66,10.43,14.17,24.61,26.12,14.59,118.0,0.183,37.0,31.36,9.0,7.63,0.585,0.15600000000000003,25.88,12.48,14.56,27.03,24.71,19.58,242.0,0.225,77.0,31.82,18.0,7.44,0.7969999999999999,0.284,27.81,13.61,17.42,31.03,33.87,23.33
746939,2024-06-28,2024,678882,R,681190,R,field_out,False,False,215.0,0.23,57.0,26.51,5.0,2.33,0.615,0.13299999999999998,33.26,20.61,11.17,31.78,45.53,23.55,62.0,0.263,20.0,32.26,3.0,4.84,0.6739999999999999,0.1049999999999999,27.08,15.6,11.2,26.8,42.11,22.22,128.0,0.261,23.0,17.97,5.0,3.91,0.756,0.201,20.93,10.67,15.02,25.69,26.81,14.74,86.0,0.216,23.0,26.74,10.0,11.63,0.637,0.095,19.88,9.34,17.58,26.92,34.01,18.11
746939,2024-06-28,2024,680776,L,681190,R,field_out,False,False,257.0,0.299,54.0,21.01,20.0,7.78,0.911,0.25700000000000006,23.55,11.32,14.7,26.02,26.81,18.69,314.0,0.296,75.0,23.89,21.0,6.69,0.84,0.195,24.68,12.92,13.75,26.67,30.3,19.02,87.0,0.474,8.0,9.2,7.0,8.05,1.241,0.244,16.02,7.92,12.3,20.22,25.53,6.67,80.0,0.206,10.0,12.5,8.0,10.0,0.73,0.22,15.33,6.89,18.36,25.25,23.33,11.36
746939,2024-06-28,2024,666152,L,681190,R,field_out,False,False,140.0,0.295,32.0,22.86,10.0,7.14,0.838,0.193,24.14,10.35,20.33,30.68,19.77,20.25,36.0,0.1,10.0,27.78,6.0,16.67,0.417,0.067,20.0,8.44,23.38,31.82,26.39,15.38,87.0,0.474,8.0,9.2,7.0,8.05,1.241,0.244,16.02,7.92,12.3,20.22,25.53,6.67,80.0,0.206,10.0,12.5,8.0,10.0,0.73,0.22,15.33,6.89,18.36,25.25,23.33,11.36
746939,2024-06-28,2024,630105,L,601713,R,strikeout,True,False,226.0,0.284,36.0,15.93,17.0,7.52,0.866,0.23800000000000004,17.49,8.1,17.07,25.16,23.34,13.04,367.0,0.23,59.0,16.08,36.0,9.81,0.7,0.154,14.92,6.99,16.69,23.68,24.61,14.08,118.0,0.183,37.0,31.36,9.0,7.63,0.585,0.15600000000000003,25.88,12.48,14.56,27.03,24.71,19.58,242.0,0.225,77.0,31.82,18.0,7.44,0.7969999999999999,0.284,27.81,13.61,17.42,31.03,33.87,23.33
746939,2024-06-28,2024,592518,R,601713,R,single,False,False,211.0,0.276,45.0,21.33,10.0,4.74,0.6819999999999999,0.09599999999999997,24.38,12.36,14.73,27.09,28.19,19.4,452.0,0.241,83.0,18.36,36.0,7.96,0.747,0.205,24.68,12.42,14.05,26.47,29.58,16.9,141.0,0.271,37.0,26.24,6.0,4.26,0.8260000000000001,0.255,26.45,14.29,15.46,29.75,30.32,23.42,346.0,0.197,106.0,30.64,32.0,9.25,0.6060000000000001,0.129,30.92,15.06,15.42,30.48,32.51,24.88
746939,2024-06-28,2024,456781,R,601713,R,force_out,False,False,64.0,0.246,15.0,23.44,3.0,4.69,0.645,0.08700000000000002,20.0,9.65,21.24,30.89,31.9,16.13,297.0,0.28,68.0,22.9,29.0,9.76,0.766,0.1059999999999999,26.06,12.14,17.61,29.74,28.81,17.48,141.0,0.271,37.0,26.24,6.0,4.26,0.8260000000000001,0.255,26.45,14.29,15.46,29.75,30.32,23.42,346.0,0.197,106.0,30.64,32.0,9.25,0.6060000000000001,0.129,30.92,15.06,15.42,30.48,32.51,24.88
746939,2024-06-28,2024,701538,L,601713,R,field_out,False,False,191.0,0.32,34.0,17.8,10.0,5.24,0.8260000000000001,0.14600000000000002,18.25,9.96,13.04,23.0,35.67,14.35,,,,,,,,,,,,,,,118.0,0.183,37.0,31.36,9.0,7.63,0.585,0.15600000000000003,25.88,12.48,14.56,27.03,24.71,19.58,242.0,0.225,77.0,31.82,18.0,7.44,0.7969999999999999,0.284,27.81,13.61,17.42,31.03,33.87,23.33
746939,2024-06-28,2024,677800,L,681190,R,single,False,False,174.0,0.277,44.0,25.29,17.0,9.77,0.857,0.23299999999999998,30.24,14.47,15.47,29.94,25.95,20.0,75.0,0.333,18.0,24.0,9.0,12.0,0.928,0.182,30.07,13.61,16.77,30.38,23.72,18.0,87.0,0.474,8.0,9.2,7.0,8.05,1.241,0.244,16.02,7.92,12.3,20.22,25.53,6.67,80.0,0.206,10.0,12.5,8.0,10.0,0.73,0.22,15.33,6.89,18.36,25.25,23.33,11.36
746939,2024-06-28,2024,646240,L,681190,R,walk,False,True,196.0,0.299,35.0,17.86,26.0,13.27,1.0230000000000001,0.336,24.8,11.79,12.69,24.49,29.66,15.56,469.0,0.27,89.0,18.98,51.0,10.87,0.863,0.235,25.44,13.04,9.74,22.78,33.05,15.06,87.0,0.474,8.0,9.2,7.0,8.05,1.241,0.244,16.02,7.92,12.3,20.22,25.53,6.67,80.0,0.206,10.0,12.5,8.0,10.0,0.73,0.22,15.33,6.89,18.36,25.25,23.33,11.36
746939,2024-06-28,2024,641933,R,681190,R,strikeout,True,False,157.0,0.22,51.0,32.48,13.0,8.28,0.754,0.24100000000000002,32.44,14.81,16.95,31.76,27.38,23.61,187.0,0.233,53.0,28.34,15.0,8.02,0.6839999999999999,0.157,29.39,13.29,17.12,30.41,25.99,26.5,128.0,0.261,23.0,17.97,5.0,3.91,0.756,0.201,20.93,10.67,15.02,25.69,26.81,14.74,86.0,0.216,23.0,26.74,10.0,11.63,0.637,0.095,19.88,9.34,17.58,26.92,34.01,18.11
746939,2024-06-28,2024,807799,L,681190,R,field_out,False,False,107.0,0.281,16.0,14.95,7.0,6.54,0.724,0.09399999999999997,16.85,7.35,19.43,26.78,24.15,13.68,437.0,0.293,58.0,13.27,22.0,5.03,0.795,0.167,17.2,7.54,21.09,28.63,28.96,13.65,87.0,0.474,8.0,9.2,7.0,8.05,1.241,0.244,16.02,7.92,12.3,20.22,25.53,6.67,80.0,0.206,10.0,12.5,8.0,10.0,0.73,0.22,15.33,6.89,18.36,25.25,23.33,11.36
746939,2024-06-28,2024,657136,R,681190,R,single,False,False,145.0,0.318,28.0,19.31,4.0,2.76,0.8160000000000001,0.137,27.59,14.4,15.2,29.6,31.36,19.86,296.0,0.262,94.0,31.76,13.0,4.39,0.734,0.1669999999999999,32.08,16.95,15.14,32.09,35.28,27.01,128.0,0.261,23.0,17.97,5.0,3.91,0.756,0.201,20.93,10.67,15.02,25.69,26.81,14.74,86.0,0.216,23.0,26.74,10.0,11.63,0.637,0.095,19.88,9.34,17.58,26.92,34.01,18.11
746939,2024-06-28,2024,642086,L,681190,R,field_out,False,False,133.0,0.191,26.0,19.55,15.0,11.28,0.579,0.08700000000000002,24.17,11.55,15.34,26.89,28.68,19.12,414.0,0.263,62.0,14.98,33.0,7.97,0.736,0.135,19.9,10.09,14.56,24.65,32.27,13.42,87.0,0.474,8.0,9.2,7.0,8.05,1.241,0.244,16.02,7.92,12.3,20.22,25.53,6.67,80.0,0.206,10.0,12.5,8.0,10.0,0.73,0.22,15.33,6.89,18.36,25.25,23.33,11.36
746939,2024-06-28,2024,673490,R,601713,R,single,False,False,216.0,0.246,35.0,16.2,31.0,14.35,0.782,0.18,17.07,6.09,24.48,30.58,17.55,11.59,435.0,0.241,94.0,21.61,55.0,12.64,0.681,0.1,18.8,7.03,23.65,30.68,19.23,15.59,141.0,0.271,37.0,26.24,6.0,4.26,0.8260000000000001,0.255,26.45,14.29,15.46,29.75,30.32,23.42,346.0,0.197,106.0,30.64,32.0,9.25,0.6060000000000001,0.129,30.92,15.06,15.42,30.48,32.51,24.88
746939,2024-06-28,2024,543309,R,601713,R,home_run,False,False,48.0,0.213,17.0,35.42,1.0,2.08,0.8029999999999999,0.361,24.47,11.92,23.83,35.75,35.23,24.64,192.0,0.233,53.0,27.6,12.0,6.25,0.654,0.142,28.81,14.15,17.01,31.16,30.17,24.88,141.0,0.271,37.0,26.24,6.0,4.26,0.8260000000000001,0.255,26.45,14.29,15.46,29.75,30.32,23.42,346.0,0.197,106.0,30.64,32.0,9.25,0.6060000000000001,0.129,30.92,15.06,15.42,30.48,32.51,24.88
746939,2024-06-28,2024,669369,L,601713,R,double,False,False,5.0,0.25,1.0,20.0,1.0,20.0,0.65,0.0,28.57,12.5,12.5,25.0,11.11,20.0,20.0,0.059,7.0,35.0,2.0,10.0,0.385,0.176,25.81,10.53,25.0,35.53,18.18,35.0,118.0,0.183,37.0,31.36,9.0,7.63,0.585,0.15600000000000003,25.88,12.48,14.56,27.03,24.71,19.58,242.0,0.225,77.0,31.82,18.0,7.44,0.7969999999999999,0.284,27.81,13.61,17.42,31.03,33.87,23.33
746939,2024-06-28,2024,650333,L,601713,R,single,False,False,212.0,0.34,5.0,2.36,9.0,4.25,0.8049999999999999,0.09499999999999997,6.23,3.03,19.26,22.3,34.56,2.82,479.0,0.362,17.0,3.55,31.0,6.47,0.891,0.122,6.51,3.2,16.58,19.78,31.29,4.11,118.0,0.183,37.0,31.36,9.0,7.63,0.585,0.15600000000000003,25.88,12.48,14.56,27.03,24.71,19.58,242.0,0.225,77.0,31.82,18.0,7.44,0.7969999999999999,0.284,27.81,13.61,17.42,31.03,33.87,23.33
746939,2024-06-28,2024,595777,L,601713,R,walk,False,True,221.0,0.309,39.0,17.65,26.0,11.76,0.8680000000000001,0.15900000000000003,18.69,8.7,14.24,22.93,22.54,13.06,375.0,0.229,68.0,18.13,37.0,9.87,0.6559999999999999,0.1159999999999999,21.66,10.43,14.17,24.61,26.12,14.59,118.0,0.183,37.0,31.36,9.0,7.63,0.585,0.15600000000000003,25.88,12.48,14.56,27.03,24.71,19.58,242.0,0.225,77.0,31.82,18.0,7.44,0.7969999999999999,0.284,27.81,13.61,17.42,31.03,33.87,23.33
746939,2024-06-28,2024,630105,L,669711,R,single,False,False,226.0,0.284,36.0,15.93,17.0,7.52,0.866,0.23800000000000004,17.49,8.1,17.07,25.16,23.34,13.04,367.0,0.23,59.0,16.08,36.0,9.81,0.7,0.154,14.92,6.99,16.69,23.68,24.61,14.08,60.0,0.288,17.0,28.33,7.0,11.67,0.911,0.25000000000000006,24.44,12.55,12.93,25.48,31.54,18.09,33.0,0.29,10.0,30.3,2.0,6.06,0.752,0.129,39.29,18.33,16.67,35.0,25.81,35.71
746939,2024-06-28,2024,592518,R,669711,R,single,False,False,211.0,0.276,45.0,21.33,10.0,4.74,0.6819999999999999,0.09599999999999997,24.38,12.36,14.73,27.09,28.19,19.4,452.0,0.241,83.0,18.36,36.0,7.96,0.747,0.205,24.68,12.42,14.05,26.47,29.58,16.9,77.0,0.237,20.0,25.97,1.0,1.3,0.563,0.07900000000000001,17.36,8.17,21.57,29.74,30.88,21.98,54.0,0.261,12.0,22.22,6.0,11.11,0.7709999999999999,0.1519999999999999,21.28,8.77,19.3,28.07,18.18,17.19
746939,2024-06-28,2024,456781,R,669711,R,single,False,False,64.0,0.246,15.0,23.44,3.0,4.69,0.645,0.08700000000000002,20.0,9.65,21.24,30.89,31.9,16.13,297.0,0.28,68.0,22.9,29.0,9.76,0.766,0.1059999999999999,26.06,12.14,17.61,29.74,28.81,17.48,77.0,0.237,20.0,25.97,1.0,1.3,0.563,0.07900000000000001,17.36,8.17,21.57,29.74,30.88,21.98,54.0,0.261,12.0,22.22,6.0,11.11,0.7709999999999999,0.1519999999999999,21.28,8.77,19.3,28.07,18.18,17.19
746939,2024-06-28,2024,701538,L,669711,R,home_run,False,False,191.0,0.32,34.0,17.8,10.0,5.24,0.8260000000000001,0.14600000000000002,18.25,9.96,13.04,23.0,35.67,14.35,,,,,,,,,,,,,,,60.0,0.288,17.0,28.33,7.0,11.67,0.911,0.25000000000000006,24.44,12.55,12.93,25.48,31.54,18.09,33.0,0.29,10.0,30.3,2.0,6.06,0.752,0.129,39.29,18.33,16.67,35.0,25.81,35.71
746939,2024-06-28,2024,673490,R,669711,R,strikeout,True,False,216.0,0.246,35.0,16.2,31.0,14.35,0.782,0.18,17.07,6.09,24.48,30.58,17.55,11.59,435.0,0.241,94.0,21.61,55.0,12.64,0.681,0.1,18.8,7.03,23.65,30.68,19.23,15.59,77.0,0.237,20.0,25.97,1.0,1.3,0.563,0.07900000000000001,17.36,8.17,21.57,29.74,30.88,21.98,54.0,0.261,12.0,22.22,6.0,11.11,0.7709999999999999,0.1519999999999999,21.28,8.77,19.3,28.07,18.18,17.19
746939,2024-06-28,2024,543309,R,669711,R,walk,False,True,48.0,0.213,17.0,35.42,1.0,2.08,0.8029999999999999,0.361,24.47,11.92,23.83,35.75,35.23,24.64,192.0,0.233,53.0,27.6,12.0,6.25,0.654,0.142,28.81,14.15,17.01,31.16,30.17,24.88,77.0,0.237,20.0,25.97,1.0,1.3,0.563,0.07900000000000001,17.36,8.17,21.57,29.74,30.88,21.98,54.0,0.261,12.0,22.22,6.0,11.11,0.7709999999999999,0.1519999999999999,21.28,8.77,19.3,28.07,18.18,17.19
746939,2024-06-28,2024,669369,L,669711,R,field_out,False,False,5.0,0.25,1.0,20.0,1.0,20.0,0.65,0.0,28.57,12.5,12.5,25.0,11.11,20.0,20.0,0.059,7.0,35.0,2.0,10.0,0.385,0.176,25.81,10.53,25.0,35.53,18.18,35.0,60.0,0.288,17.0,28.33,7.0,11.67,0.911,0.25000000000000006,24.44,12.55,12.93,25.48,31.54,18.09,33.0,0.29,10.0,30.3,2.0,6.06,0.752,0.129,39.29,18.33,16.67,35.0,25.81,35.71
746939,2024-06-28,2024,650333,L,669711,R,field_out,False,False,212.0,0.34,5.0,2.36,9.0,4.25,0.8049999999999999,0.09499999999999997,6.23,3.03,19.26,22.3,34.56,2.82,479.0,0.362,17.0,3.55,31.0,6.47,0.891,0.122,6.51,3.2,16.58,19.78,31.29,4.11,60.0,0.288,17.0,28.33,7.0,11.67,0.911,0.25000000000000006,24.44,12.55,12.93,25.48,31.54,18.09,33.0,0.29,10.0,30.3,2.0,6.06,0.752,0.129,39.29,18.33,16.67,35.0,25.81,35.71
746939,2024-06-28,2024,678882,R,681190,R,single,False,False,215.0,0.23,57.0,26.51,5.0,2.33,0.615,0.13299999999999998,33.26,20.61,11.17,31.78,45.53,23.55,62.0,0.263,20.0,32.26,3.0,4.84,0.6739999999999999,0.1049999999999999,27.08,15.6,11.2,26.8,42.11,22.22,128.0,0.261,23.0,17.97,5.0,3.91,0.756,0.201,20.93,10.67,15.02,25.69,26.81,14.74,86.0,0.216,23.0,26.74,10.0,11.63,0.637,0.095,19.88,9.34,17.58,26.92,34.01,18.11
746939,2024-06-28,2024,680776,L,593974,L,force_out,False,False,117.0,0.262,29.0,24.79,10.0,8.55,0.666,0.068,24.27,10.55,20.46,31.01,28.45,20.71,49.0,0.289,15.0,30.61,3.0,6.12,0.749,0.133,24.44,10.73,20.0,30.73,27.27,25.86,38.0,0.294,7.0,18.42,2.0,5.26,0.78,0.118,20.0,9.38,14.06,23.44,26.23,25.0,97.0,0.138,24.0,24.74,10.0,10.31,0.483,0.0739999999999999,26.88,13.4,11.26,24.66,37.04,21.24
746939,2024-06-28,2024,666152,L,593974,L,force_out,False,False,30.0,0.207,10.0,33.33,1.0,3.33,0.474,0.034,37.25,18.63,18.63,37.25,31.91,35.71,3.0,0.333,0.0,0.0,0.0,0.0,0.666,0.0,25.0,16.67,16.67,33.33,50.0,,38.0,0.294,7.0,18.42,2.0,5.26,0.78,0.118,20.0,9.38,14.06,23.44,26.23,25.0,97.0,0.138,24.0,24.74,10.0,10.31,0.483,0.0739999999999999,26.88,13.4,11.26,24.66,37.04,21.24
746939,2024-06-28,2024,677800,L,593974,L,field_out,False,False,30.0,0.148,9.0,30.0,3.0,10.0,0.41800000000000004,0.037000000000000005,33.33,16.35,16.35,32.69,32.65,45.0,10.0,0.2,5.0,50.0,0.0,0.0,0.4,0.0,44.44,17.78,26.67,44.44,34.78,29.41,38.0,0.294,7.0,18.42,2.0,5.26,0.78,0.118,20.0,9.38,14.06,23.44,26.23,25.0,97.0,0.138,24.0,24.74,10.0,10.31,0.483,0.0739999999999999,26.88,13.4,11.26,24.66,37.04,21.24
746939,2024-06-28,2024,595777,L,502624,R,single,False,False,221.0,0.309,39.0,17.65,26.0,11.76,0.8680000000000001,0.15900000000000003,18.69,8.7,14.24,22.93,22.54,13.06,375.0,0.229,68.0,18.13,37.0,9.87,0.6559999999999999,0.1159999999999999,21.66,10.43,14.17,24.61,26.12,14.59,75.0,0.197,12.0,16.0,8.0,10.67,0.572,0.09099999999999997,22.86,9.82,18.71,28.53,22.98,12.37,156.0,0.261,32.0,20.51,19.0,12.18,0.835,0.2089999999999999,22.48,10.16,13.55,23.71,24.6,16.67
746939,2024-06-28,2024,630105,L,502624,R,field_out,False,False,226.0,0.284,36.0,15.93,17.0,7.52,0.866,0.23800000000000004,17.49,8.1,17.07,25.16,23.34,13.04,367.0,0.23,59.0,16.08,36.0,9.81,0.7,0.154,14.92,6.99,16.69,23.68,24.61,14.08,75.0,0.197,12.0,16.0,8.0,10.67,0.572,0.09099999999999997,22.86,9.82,18.71,28.53,22.98,12.37,156.0,0.261,32.0,20.51,19.0,12.18,0.835,0.2089999999999999,22.48,10.16,13.55,23.71,24.6,16.67
746939,2024-06-28,2024,592518,R,502624,R,grounded_into_double_play,False,False,211.0,0.276,45.0,21.33,10.0,4.74,0.6819999999999999,0.09599999999999997,24.38,12.36,14.73,27.09,28.19,19.4,452.0,0.241,83.0,18.36,36.0,7.96,0.747,0.205,24.68,12.42,14.05,26.47,29.58,16.9,89.0,0.228,10.0,11.24,6.0,6.74,0.763,0.24000000000000002,26.09,12.88,13.19,26.07,24.39,12.2,216.0,0.282,32.0,14.81,14.0,6.48,0.817,0.195,20.78,9.74,15.19,24.94,26.33,16.24
746939,2024-06-28,2024,646240,L,593974,L,home_run,False,False,104.0,0.247,35.0,33.65,8.0,7.69,0.7150000000000001,0.15100000000000002,30.26,16.16,13.35,29.51,34.45,22.58,188.0,0.273,37.0,19.68,11.0,5.85,0.823,0.2149999999999999,27.74,14.71,11.61,26.32,30.93,15.19,38.0,0.294,7.0,18.42,2.0,5.26,0.78,0.118,20.0,9.38,14.06,23.44,26.23,25.0,97.0,0.138,24.0,24.74,10.0,10.31,0.483,0.0739999999999999,26.88,13.4,11.26,24.66,37.04,21.24
746939,2024-06-28,2024,641933,R,663568,R,field_out,False,False,157.0,0.22,51.0,32.48,13.0,8.28,0.754,0.24100000000000002,32.44,14.81,16.95,31.76,27.38,23.61,187.0,0.233,53.0,28.34,15.0,8.02,0.6839999999999999,0.157,29.39,13.29,17.12,30.41,25.99,26.5,99.0,0.337,18.0,18.18,5.0,5.05,0.878,0.16299999999999998,22.22,11.02,16.54,27.56,26.32,15.79,,,,,,,,,,,,,,
746939,2024-06-28,2024,807799,L,663568,R,hit_by_pitch,False,False,107.0,0.281,16.0,14.95,7.0,6.54,0.724,0.09399999999999997,16.85,7.35,19.43,26.78,24.15,13.68,437.0,0.293,58.0,13.27,22.0,5.03,0.795,0.167,17.2,7.54,21.09,28.63,28.96,13.65,61.0,0.263,12.0,19.67,4.0,6.56,0.5920000000000001,0.018000000000000016,18.26,9.17,18.78,27.95,29.7,16.0,,,,,,,,,,,,,,
746939,2024-06-28,2024,657136,R,663568,R,strikeout,True,False,145.0,0.318,28.0,19.31,4.0,2.76,0.8160000000000001,0.137,27.59,14.4,15.2,29.6,31.36,19.86,296.0,0.262,94.0,31.76,13.0,4.39,0.734,0.1669999999999999,32.08,16.95,15.14,32.09,35.28,27.01,99.0,0.337,18.0,18.18,5.0,5.05,0.878,0.16299999999999998,22.22,11.02,16.54,27.56,26.32,15.79,,,,,,,,,,,,,,
746939,2024-06-28,2024,642086,L,663568,R,field_out,False,False,133.0,0.191,26.0,19.55,15.0,11.28,0.579,0.08700000000000002,24.17,11.55,15.34,26.89,28.68,19.12,414.0,0.263,62.0,14.98,33.0,7.97,0.736,0.135,19.9,10.09,14.56,24.65,32.27,13.42,61.0,0.263,12.0,19.67,4.0,6.56,0.5920000000000001,0.018000000000000016,18.26,9.17,18.78,27.95,29.7,16.0,,,,,,,,,,,,,,
746939,2024-06-28,2024,456781,R,502624,R,walk,False,True,64.0,0.246,15.0,23.44,3.0,4.69,0.645,0.08700000000000002,20.0,9.65,21.24,30.89,31.9,16.13,297.0,0.28,68.0,22.9,29.0,9.76,0.766,0.1059999999999999,26.06,12.14,17.61,29.74,28.81,17.48,89.0,0.228,10.0,11.24,6.0,6.74,0.763,0.24000000000000002,26.09,12.88,13.19,26.07,24.39,12.2,216.0,0.282,32.0,14.81,14.0,6.48,0.817,0.195,20.78,9.74,15.19,24.94,26.33,16.24
746939,2024-06-28,2024,701538,L,502624,R,field_out,False,False,191.0,0.32,34.0,17.8,10.0,5.24,0.8260000000000001,0.14600000000000002,18.25,9.96,13.04,23.0,35.67,14.35,,,,,,,,,,,,,,,75.0,0.197,12.0,16.0,8.0,10.67,0.572,0.09099999999999997,22.86,9.82,18.71,28.53,22.98,12.37,156.0,0.261,32.0,20.51,19.0,12.18,0.835,0.2089999999999999,22.48,10.16,13.55,23.71,24.6,16.67
746939,2024-06-28,2024,673490,R,502624,R,strikeout,True,False,216.0,0.246,35.0,16.2,31.0,14.35,0.782,0.18,17.07,6.09,24.48,30.58,17.55,11.59,435.0,0.241,94.0,21.61,55.0,12.64,0.681,0.1,18.8,7.03,23.65,30.68,19.23,15.59,89.0,0.228,10.0,11.24,6.0,6.74,0.763,0.24000000000000002,26.09,12.88,13.19,26.07,24.39,12.2,216.0,0.282,32.0,14.81,14.0,6.48,0.817,0.195,20.78,9.74,15.19,24.94,26.33,16.24
746939,2024-06-28,2024,543309,R,502624,R,field_out,False,False,48.0,0.213,17.0,35.42,1.0,2.08,0.8029999999999999,0.361,24.47,11.92,23.83,35.75,35.23,24.64,192.0,0.233,53.0,27.6,12.0,6.25,0.654,0.142,28.81,14.15,17.01,31.16,30.17,24.88,89.0,0.228,10.0,11.24,6.0,6.74,0.763,0.24000000000000002,26.09,12.88,13.19,26.07,24.39,12.2,216.0,0.282,32.0,14.81,14.0,6.48,0.817,0.195,20.78,9.74,15.19,24.94,26.33,16.24
746939,2024-06-28,2024,678882,R,663568,R,single,False,False,215.0,0.23,57.0,26.51,5.0,2.33,0.615,0.13299999999999998,33.26,20.61,11.17,31.78,45.53,23.55,62.0,0.263,20.0,32.26,3.0,4.84,0.6739999999999999,0.1049999999999999,27.08,15.6,11.2,26.8,42.11,22.22,99.0,0.337,18.0,18.18,5.0,5.05,0.878,0.16299999999999998,22.22,11.02,16.54,27.56,26.32,15.79,,,,,,,,,,,,,,
746939,2024-06-28,2024,680776,L,663568,R,field_out,False,False,257.0,0.299,54.0,21.01,20.0,7.78,0.911,0.25700000000000006,23.55,11.32,14.7,26.02,26.81,18.69,314.0,0.296,75.0,23.89,21.0,6.69,0.84,0.195,24.68,12.92,13.75,26.67,30.3,19.02,61.0,0.263,12.0,19.67,4.0,6.56,0.5920000000000001,0.018000000000000016,18.26,9.17,18.78,27.95,29.7,16.0,,,,,,,,,,,,,,
746939,2024-06-28,2024,666152,L,663568,R,strikeout,True,False,140.0,0.295,32.0,22.86,10.0,7.14,0.838,0.193,24.14,10.35,20.33,30.68,19.77,20.25,36.0,0.1,10.0,27.78,6.0,16.67,0.417,0.067,20.0,8.44,23.38,31.82,26.39,15.38,61.0,0.263,12.0,19.67,4.0,6.56,0.5920000000000001,0.018000000000000016,18.26,9.17,18.78,27.95,29.7,16.0,,,,,,,,,,,,,,
746939,2024-06-28,2024,677800,L,663568,R,force_out,False,False,174.0,0.277,44.0,25.29,17.0,9.77,0.857,0.23299999999999998,30.24,14.47,15.47,29.94,25.95,20.0,75.0,0.333,18.0,24.0,9.0,12.0,0.928,0.182,30.07,13.61,16.77,30.38,23.72,18.0,61.0,0.263,12.0,19.67,4.0,6.56,0.5920000000000001,0.018000000000000016,18.26,9.17,18.78,27.95,29.7,16.0,,,,,,,,,,,,,,
746939,2024-06-28,2024,669369,L,502624,R,field_out,False,False,5.0,0.25,1.0,20.0,1.0,20.0,0.65,0.0,28.57,12.5,12.5,25.0,11.11,20.0,20.0,0.059,7.0,35.0,2.0,10.0,0.385,0.176,25.81,10.53,25.0,35.53,18.18,35.0,75.0,0.197,12.0,16.0,8.0,10.67,0.572,0.09099999999999997,22.86,9.82,18.71,28.53,22.98,12.37,156.0,0.261,32.0,20.51,19.0,12.18,0.835,0.2089999999999999,22.48,10.16,13.55,23.71,24.6,16.67
746939,2024-06-28,2024,650333,L,502624,R,field_out,False,False,212.0,0.34,5.0,2.36,9.0,4.25,0.8049999999999999,0.09499999999999997,6.23,3.03,19.26,22.3,34.56,2.82,479.0,0.362,17.0,3.55,31.0,6.47,0.891,0.122,6.51,3.2,16.58,19.78,31.29,4.11,75.0,0.197,12.0,16.0,8.0,10.67,0.572,0.09099999999999997,22.86,9.82,18.71,28.53,22.98,12.37,156.0,0.261,32.0,20.51,19.0,12.18,0.835,0.2089999999999999,22.48,10.16,13.55,23.71,24.6,16.67
746939,2024-06-28,2024,595777,L,502624,R,walk,False,True,221.0,0.309,39.0,17.65,26.0,11.76,0.8680000000000001,0.15900000000000003,18.69,8.7,14.24,22.93,22.54,13.06,375.0,0.229,68.0,18.13,37.0,9.87,0.6559999999999999,0.1159999999999999,21.66,10.43,14.17,24.61,26.12,14.59,75.0,0.197,12.0,16.0,8.0,10.67,0.572,0.09099999999999997,22.86,9.82,18.71,28.53,22.98,12.37,156.0,0.261,32.0,20.51,19.0,12.18,0.835,0.2089999999999999,22.48,10.16,13.55,23.71,24.6,16.67
746939,2024-06-28,2024,630105,L,502624,R,field_out,False,False,226.0,0.284,36.0,15.93,17.0,7.52,0.866,0.23800000000000004,17.49,8.1,17.07,25.16,23.34,13.04,367.0,0.23,59.0,16.08,36.0,9.81,0.7,0.154,14.92,6.99,16.69,23.68,24.61,14.08,75.0,0.197,12.0,16.0,8.0,10.67,0.572,0.09099999999999997,22.86,9.82,18.71,28.53,22.98,12.37,156.0,0.261,32.0,20.51,19.0,12.18,0.835,0.2089999999999999,22.48,10.16,13.55,23.71,24.6,16.67
746939,2024-06-28,2024,663853,R,656354,L,field_out,False,False,38.0,0.333,7.0,18.42,4.0,10.53,0.819,0.09099999999999997,30.14,15.07,13.01,28.08,32.53,18.92,37.0,0.162,15.0,40.54,0.0,0.0,0.4589999999999999,0.1349999999999999,44.44,23.36,17.52,40.88,39.73,31.91,,,,,,,,,,,,,,,,,,,,,,,,,,,,
746939,2024-06-28,2024,641933,R,656354,L,strikeout,True,False,79.0,0.355,23.0,29.11,17.0,21.52,1.236,0.387,27.78,9.83,17.98,27.81,19.55,22.77,79.0,0.227,14.0,17.72,13.0,16.46,0.7929999999999999,0.212,23.91,10.58,16.03,26.6,24.28,14.14,,,,,,,,,,,,,,,,,,,,,,,,,,,,
746939,2024-06-28,2024,807799,L,656354,L,walk,False,True,31.0,0.103,2.0,6.45,1.0,3.23,0.368,0.104,10.87,4.0,24.0,28.0,15.25,7.14,144.0,0.273,23.0,15.97,12.0,8.33,0.745,0.125,21.52,8.99,21.34,30.34,22.39,14.74,,,,,,,,,,,,,,,,,,,,,,,,,,,,
746939,2024-06-28,2024,657136,R,656354,L,field_out,False,False,79.0,0.353,14.0,17.72,10.0,12.66,0.972,0.17600000000000005,23.46,11.99,12.3,24.29,24.84,14.43,108.0,0.156,40.0,37.04,9.0,8.33,0.501,0.104,32.9,17.27,14.32,31.59,33.33,27.86,,,,,,,,,,,,,,,,,,,,,,,,,,,,
746939,2024-06-28,2024,592518,R,502624,R,field_out,False,False,211.0,0.276,45.0,21.33,10.0,4.74,0.6819999999999999,0.09599999999999997,24.38,12.36,14.73,27.09,28.19,19.4,452.0,0.241,83.0,18.36,36.0,7.96,0.747,0.205,24.68,12.42,14.05,26.47,29.58,16.9,89.0,0.228,10.0,11.24,6.0,6.74,0.763,0.24000000000000002,26.09,12.88,13.19,26.07,24.39,12.2,216.0,0.282,32.0,14.81,14.0,6.48,0.817,0.195,20.78,9.74,15.19,24.94,26.33,16.24
746939,2024-06-28,2024,444482,L,502624,R,strikeout,True,False,56.0,0.184,10.0,17.86,6.0,10.71,0.477,0.01999999999999999,26.02,14.22,11.56,25.78,35.14,10.71,387.0,0.253,63.0,16.28,19.0,4.91,0.6739999999999999,0.131,22.16,12.01,13.06,25.07,33.57,15.04,75.0,0.197,12.0,16.0,8.0,10.67,0.572,0.09099999999999997,22.86,9.82,18.71,28.53,22.98,12.37,156.0,0.261,32.0,20.51,19.0,12.18,0.835,0.2089999999999999,22.48,10.16,13.55,23.71,24.6,16.67
746939,2024-06-28,2024,701538,L,502624,R,field_out,False,False,191.0,0.32,34.0,17.8,10.0,5.24,0.8260000000000001,0.14600000000000002,18.25,9.96,13.04,23.0,35.67,14.35,,,,,,,,,,,,,,,75.0,0.197,12.0,16.0,8.0,10.67,0.572,0.09099999999999997,22.86,9.82,18.71,28.53,22.98,12.37,156.0,0.261,32.0,20.51,19.0,12.18,0.835,0.2089999999999999,22.48,10.16,13.55,23.71,24.6,16.67
746939,2024-06-28,2024,642086,L,673513,L,field_out,False,False,22.0,0.35,4.0,18.18,2.0,9.09,1.009,0.25,15.38,6.45,20.43,26.88,27.08,12.12,172.0,0.234,29.0,16.86,14.0,8.14,0.588,0.0569999999999999,20.07,8.92,18.77,27.69,25.32,16.2,48.0,0.231,11.0,22.92,6.0,12.5,0.634,0.07699999999999999,32.67,15.94,13.04,28.99,32.41,16.42,,,,,,,,,,,,,,
746939,2024-06-28,2024,678882,R,673513,L,double,False,False,78.0,0.264,23.0,29.49,5.0,6.41,0.756,0.18,34.97,19.72,13.84,33.56,40.54,25.84,27.0,0.192,8.0,29.63,1.0,3.7,0.645,0.2309999999999999,36.36,19.23,14.42,33.65,30.0,24.24,88.0,0.155,17.0,19.32,15.0,17.05,0.534,0.08399999999999999,24.68,10.86,13.09,23.96,24.24,17.53,,,,,,,,,,,,,,
746939,2024-06-28,2024,680776,L,673513,L,strikeout,True,False,117.0,0.262,29.0,24.79,10.0,8.55,0.666,0.068,24.27,10.55,20.46,31.01,28.45,20.71,49.0,0.289,15.0,30.61,3.0,6.12,0.749,0.133,24.44,10.73,20.0,30.73,27.27,25.86,48.0,0.231,11.0,22.92,6.0,12.5,0.634,0.07699999999999999,32.67,15.94,13.04,28.99,32.41,16.42,,,,,,,,,,,,,,
746939,2024-06-28,2024,666152,L,673513,L,strikeout,True,False,30.0,0.207,10.0,33.33,1.0,3.33,0.474,0.034,37.25,18.63,18.63,37.25,31.91,35.71,3.0,0.333,0.0,0.0,0.0,0.0,0.666,0.0,25.0,16.67,16.67,33.33,50.0,,48.0,0.231,11.0,22.92,6.0,12.5,0.634,0.07699999999999999,32.67,15.94,13.04,28.99,32.41,16.42,,,,,,,,,,,,,,
745804,2024-06-28,2024,514888,R,500779,L,home_run,False,False,93.0,0.341,15.0,16.13,6.0,6.45,0.857,0.118,20.0,10.68,11.87,22.55,39.59,16.85,113.0,0.283,16.0,14.16,12.0,10.62,0.847,0.192,16.9,8.18,15.68,23.86,33.07,11.68,265.0,0.256,46.0,17.36,23.0,8.68,0.742,0.15000000000000002,20.77,8.8,16.35,25.14,25.79,15.38,263.0,0.268,50.0,19.01,22.0,8.37,0.685,0.0889999999999999,22.49,10.13,16.62,26.75,30.68,16.23
745804,2024-06-28,2024,608324,R,500779,L,strikeout,True,False,103.0,0.216,7.0,6.8,6.0,5.83,0.613,0.13499999999999998,6.21,2.74,21.92,24.66,25.0,7.0,216.0,0.215,20.0,9.26,27.0,12.5,0.6950000000000001,0.161,13.03,5.13,19.07,24.2,22.25,9.57,265.0,0.256,46.0,17.36,23.0,8.68,0.742,0.15000000000000002,20.77,8.8,16.35,25.14,25.79,15.38,263.0,0.268,50.0,19.01,22.0,8.37,0.685,0.0889999999999999,22.49,10.13,16.62,26.75,30.68,16.23
745804,2024-06-28,2024,670541,L,500779,L,walk,False,True,116.0,0.337,21.0,18.1,8.0,6.9,0.917,0.192,20.71,10.3,13.82,24.12,35.27,23.33,174.0,0.295,37.0,21.26,20.0,11.49,0.892,0.212,24.91,11.27,17.53,28.79,30.5,20.79,73.0,0.261,12.0,16.44,3.0,4.11,0.843,0.29000000000000004,16.53,7.69,17.31,25.0,29.01,17.39,57.0,0.222,10.0,17.54,2.0,3.51,0.639,0.167,17.82,8.41,17.76,26.17,27.55,14.29
745804,2024-06-28,2024,673237,R,500779,L,single,False,False,80.0,0.27,11.0,13.75,4.0,5.0,0.704,0.122,21.98,13.11,8.2,21.31,38.51,10.89,103.0,0.214,27.0,26.21,4.0,3.88,0.621,0.164,35.0,21.33,9.97,31.3,46.31,24.76,265.0,0.256,46.0,17.36,23.0,8.68,0.742,0.15000000000000002,20.77,8.8,16.35,25.14,25.79,15.38,263.0,0.268,50.0,19.01,22.0,8.37,0.685,0.0889999999999999,22.49,10.13,16.62,26.75,30.68,16.23
745804,2024-06-28,2024,676694,R,500779,L,strikeout,True,False,71.0,0.254,13.0,18.31,6.0,8.45,0.798,0.20600000000000002,27.12,12.9,16.13,29.03,27.48,21.31,79.0,0.257,19.0,24.05,8.0,10.13,0.785,0.186,30.49,15.72,12.89,28.62,32.93,16.67,265.0,0.256,46.0,17.36,23.0,8.68,0.742,0.15000000000000002,20.77,8.8,16.35,25.14,25.79,15.38,263.0,0.268,50.0,19.01,22.0,8.37,0.685,0.0889999999999999,22.49,10.13,16.62,26.75,30.68,16.23
745804,2024-06-28,2024,665161,R,500779,L,walk,False,True,91.0,0.287,9.0,9.89,1.0,1.1,0.748,0.16100000000000003,24.32,14.2,11.67,25.87,38.31,9.89,174.0,0.325,22.0,12.64,9.0,5.17,0.8340000000000001,0.141,23.71,13.93,8.22,22.15,36.96,13.17,265.0,0.256,46.0,17.36,23.0,8.68,0.742,0.15000000000000002,20.77,8.8,16.35,25.14,25.79,15.38,263.0,0.268,50.0,19.01,22.0,8.37,0.685,0.0889999999999999,22.49,10.13,16.62,26.75,30.68,16.23
745804,2024-06-28,2024,643289,R,500779,L,field_out,False,False,62.0,0.305,5.0,8.06,2.0,3.23,0.798,0.16999999999999998,21.26,13.43,8.96,22.39,44.44,8.93,117.0,0.327,12.0,10.26,6.0,5.13,0.859,0.1639999999999999,13.48,8.22,11.41,19.63,41.01,10.91,265.0,0.256,46.0,17.36,23.0,8.68,0.742,0.15000000000000002,20.77,8.8,16.35,25.14,25.79,15.38,263.0,0.268,50.0,19.01,22.0,8.37,0.685,0.0889999999999999,22.49,10.13,16.62,26.75,30.68,16.23
745804,2024-06-28,2024,596019,L,669854,R,walk,False,True,269.0,0.232,54.0,20.07,19.0,7.06,0.714,0.18299999999999997,23.15,11.21,15.85,27.05,26.02,17.94,483.0,0.242,102.0,21.12,51.0,10.56,0.757,0.182,23.68,11.49,14.35,25.84,28.12,17.29,171.0,0.168,37.0,21.64,18.0,10.53,0.5760000000000001,0.154,26.23,12.34,15.82,28.16,28.24,19.37,104.0,0.221,21.0,20.19,16.0,15.38,0.7649999999999999,0.1979999999999999,28.05,13.84,10.94,24.78,25.22,14.58
745804,2024-06-28,2024,607043,L,669854,R,walk,False,True,243.0,0.237,60.0,24.69,38.0,15.64,0.7969999999999999,0.187,23.45,9.8,16.45,26.25,21.38,17.05,448.0,0.266,98.0,21.88,60.0,13.39,0.874,0.235,20.87,8.67,19.47,28.14,19.23,16.42,171.0,0.168,37.0,21.64,18.0,10.53,0.5760000000000001,0.154,26.23,12.34,15.82,28.16,28.24,19.37,104.0,0.221,21.0,20.19,16.0,15.38,0.7649999999999999,0.1979999999999999,28.05,13.84,10.94,24.78,25.22,14.58
745804,2024-06-28,2024,502110,R,669854,R,single,False,False,155.0,0.268,43.0,27.74,9.0,5.81,0.781,0.197,28.75,14.54,15.51,30.05,31.13,20.57,343.0,0.27,106.0,30.9,21.0,6.12,0.8799999999999999,0.2979999999999999,35.71,19.2,12.73,31.93,33.23,24.42,162.0,0.16,42.0,25.93,16.0,9.88,0.525,0.11800000000000002,32.92,16.41,16.41,32.81,32.74,21.54,122.0,0.275,31.0,25.41,12.0,9.84,0.847,0.2199999999999999,37.6,19.87,11.14,31.0,32.68,22.3
745804,2024-06-28,2024,624413,R,669854,R,strikeout,True,False,255.0,0.247,49.0,19.22,26.0,10.2,0.779,0.201,22.33,9.81,19.61,29.42,27.98,17.27,475.0,0.214,109.0,22.95,44.0,9.26,0.8069999999999999,0.281,26.53,11.43,18.24,29.67,27.59,22.11,162.0,0.16,42.0,25.93,16.0,9.88,0.525,0.11800000000000002,32.92,16.41,16.41,32.81,32.74,21.54,122.0,0.275,31.0,25.41,12.0,9.84,0.847,0.2199999999999999,37.6,19.87,11.14,31.0,32.68,22.3
745804,2024-06-28,2024,682626,R,669854,R,sac_fly,False,False,76.0,0.319,16.0,21.05,7.0,9.21,0.889,0.188,33.79,16.72,16.38,33.11,30.5,16.33,275.0,0.229,73.0,26.55,17.0,6.18,0.7769999999999999,0.257,32.18,14.61,18.33,32.94,27.78,26.07,162.0,0.16,42.0,25.93,16.0,9.88,0.525,0.11800000000000002,32.92,16.41,16.41,32.81,32.74,21.54,122.0,0.275,31.0,25.41,12.0,9.84,0.847,0.2199999999999999,37.6,19.87,11.14,31.0,32.68,22.3
745804,2024-06-28,2024,621438,R,669854,R,field_out,False,False,104.0,0.258,22.0,21.15,6.0,5.77,0.75,0.172,20.63,9.8,19.35,29.15,28.65,18.49,162.0,0.23,37.0,22.84,6.0,3.7,0.706,0.204,25.24,12.91,16.56,29.47,36.98,19.47,162.0,0.16,42.0,25.93,16.0,9.88,0.525,0.11800000000000002,32.92,16.41,16.41,32.81,32.74,21.54,122.0,0.275,31.0,25.41,12.0,9.84,0.847,0.2199999999999999,37.6,19.87,11.14,31.0,32.68,22.3
745804,2024-06-28,2024,676801,R,500779,L,walk,False,True,42.0,0.205,9.0,21.43,3.0,7.14,0.544,0.07699999999999999,24.42,12.88,12.27,25.15,28.75,20.0,138.0,0.325,35.0,25.36,13.0,9.42,1.009,0.285,31.52,15.56,12.88,28.44,29.0,20.96,265.0,0.256,46.0,17.36,23.0,8.68,0.742,0.15000000000000002,20.77,8.8,16.35,25.14,25.79,15.38,263.0,0.268,50.0,19.01,22.0,8.37,0.685,0.0889999999999999,22.49,10.13,16.62,26.75,30.68,16.23
745804,2024-06-28,2024,694388,L,500779,L,strikeout,True,False,10.0,0.222,4.0,40.0,1.0,10.0,0.522,0.0,18.75,7.89,23.68,31.58,29.41,33.33,,,,,,,,,,,,,,,73.0,0.261,12.0,16.44,3.0,4.11,0.843,0.29000000000000004,16.53,7.69,17.31,25.0,29.01,17.39,57.0,0.222,10.0,17.54,2.0,3.51,0.639,0.167,17.82,8.41,17.76,26.17,27.55,14.29
745804,2024-06-28,2024,514888,R,500779,L,field_out,False,False,93.0,0.341,15.0,16.13,6.0,6.45,0.857,0.118,20.0,10.68,11.87,22.55,39.59,16.85,113.0,0.283,16.0,14.16,12.0,10.62,0.847,0.192,16.9,8.18,15.68,23.86,33.07,11.68,265.0,0.256,46.0,17.36,23.0,8.68,0.742,0.15000000000000002,20.77,8.8,16.35,25.14,25.79,15.38,263.0,0.268,50.0,19.01,22.0,8.37,0.685,0.0889999999999999,22.49,10.13,16.62,26.75,30.68,16.23
745804,2024-06-28,2024,608324,R,500779,L,field_out,False,False,103.0,0.216,7.0,6.8,6.0,5.83,0.613,0.13499999999999998,6.21,2.74,21.92,24.66,25.0,7.0,216.0,0.215,20.0,9.26,27.0,12.5,0.6950000000000001,0.161,13.03,5.13,19.07,24.2,22.25,9.57,265.0,0.256,46.0,17.36,23.0,8.68,0.742,0.15000000000000002,20.77,8.8,16.35,25.14,25.79,15.38,263.0,0.268,50.0,19.01,22.0,8.37,0.685,0.0889999999999999,22.49,10.13,16.62,26.75,30.68,16.23
745804,2024-06-28,2024,668901,R,669854,R,strikeout,True,False,79.0,0.268,20.0,25.32,7.0,8.86,0.8640000000000001,0.267,38.0,19.06,15.05,34.11,30.2,23.53,145.0,0.209,41.0,28.28,8.0,5.52,0.643,0.172,34.08,18.24,17.03,35.27,36.73,29.93,162.0,0.16,42.0,25.93,16.0,9.88,0.525,0.11800000000000002,32.92,16.41,16.41,32.81,32.74,21.54,122.0,0.275,31.0,25.41,12.0,9.84,0.847,0.2199999999999999,37.6,19.87,11.14,31.0,32.68,22.3
745804,2024-06-28,2024,643446,L,669854,R,single,False,False,195.0,0.2,21.0,10.77,16.0,8.21,0.5589999999999999,0.08599999999999997,13.29,6.84,14.12,20.95,27.71,12.21,447.0,0.26,48.0,10.74,25.0,5.59,0.6930000000000001,0.1149999999999999,14.08,7.59,11.21,18.8,32.05,12.57,171.0,0.168,37.0,21.64,18.0,10.53,0.5760000000000001,0.154,26.23,12.34,15.82,28.16,28.24,19.37,104.0,0.221,21.0,20.19,16.0,15.38,0.7649999999999999,0.1979999999999999,28.05,13.84,10.94,24.78,25.22,14.58
745804,2024-06-28,2024,664056,R,669854,R,strikeout,True,False,156.0,0.31,33.0,21.15,7.0,4.49,0.815,0.15200000000000002,25.56,12.06,20.74,32.8,35.46,21.71,248.0,0.207,45.0,18.15,9.0,3.63,0.504,0.056,25.06,12.41,16.74,29.16,37.02,20.45,162.0,0.16,42.0,25.93,16.0,9.88,0.525,0.11800000000000002,32.92,16.41,16.41,32.81,32.74,21.54,122.0,0.275,31.0,25.41,12.0,9.84,0.847,0.2199999999999999,37.6,19.87,11.14,31.0,32.68,22.3
745804,2024-06-28,2024,670541,L,500779,L,double,False,False,116.0,0.337,21.0,18.1,8.0,6.9,0.917,0.192,20.71,10.3,13.82,24.12,35.27,23.33,174.0,0.295,37.0,21.26,20.0,11.49,0.892,0.212,24.91,11.27,17.53,28.79,30.5,20.79,73.0,0.261,12.0,16.44,3.0,4.11,0.843,0.29000000000000004,16.53,7.69,17.31,25.0,29.01,17.39,57.0,0.222,10.0,17.54,2.0,3.51,0.639,0.167,17.82,8.41,17.76,26.17,27.55,14.29
745804,2024-06-28,2024,673237,R,500779,L,field_out,False,False,80.0,0.27,11.0,13.75,4.0,5.0,0.704,0.122,21.98,13.11,8.2,21.31,38.51,10.89,103.0,0.214,27.0,26.21,4.0,3.88,0.621,0.164,35.0,21.33,9.97,31.3,46.31,24.76,265.0,0.256,46.0,17.36,23.0,8.68,0.742,0.15000000000000002,20.77,8.8,16.35,25.14,25.79,15.38,263.0,0.268,50.0,19.01,22.0,8.37,0.685,0.0889999999999999,22.49,10.13,16.62,26.75,30.68,16.23
745804,2024-06-28,2024,676694,R,500779,L,strikeout,True,False,71.0,0.254,13.0,18.31,6.0,8.45,0.798,0.20600000000000002,27.12,12.9,16.13,29.03,27.48,21.31,79.0,0.257,19.0,24.05,8.0,10.13,0.785,0.186,30.49,15.72,12.89,28.62,32.93,16.67,265.0,0.256,46.0,17.36,23.0,8.68,0.742,0.15000000000000002,20.77,8.8,16.35,25.14,25.79,15.38,263.0,0.268,50.0,19.01,22.0,8.37,0.685,0.0889999999999999,22.49,10.13,16.62,26.75,30.68,16.23
745804,2024-06-28,2024,665161,R,500779,L,single,False,False,91.0,0.287,9.0,9.89,1.0,1.1,0.748,0.16100000000000003,24.32,14.2,11.67,25.87,38.31,9.89,174.0,0.325,22.0,12.64,9.0,5.17,0.8340000000000001,0.141,23.71,13.93,8.22,22.15,36.96,13.17,265.0,0.256,46.0,17.36,23.0,8.68,0.742,0.15000000000000002,20.77,8.8,16.35,25.14,25.79,15.38,263.0,0.268,50.0,19.01,22.0,8.37,0.685,0.0889999999999999,22.49,10.13,16.62,26.75,30.68,16.23
745804,2024-06-28,2024,643289,R,500779,L,single,False,False,62.0,0.305,5.0,8.06,2.0,3.23,0.798,0.16999999999999998,21.26,13.43,8.96,22.39,44.44,8.93,117.0,0.327,12.0,10.26,6.0,5.13,0.859,0.1639999999999999,13.48,8.22,11.41,19.63,41.01,10.91,265.0,0.256,46.0,17.36,23.0,8.68,0.742,0.15000000000000002,20.77,8.8,16.35,25.14,25.79,15.38,263.0,0.268,50.0,19.01,22.0,8.37,0.685,0.0889999999999999,22.49,10.13,16.62,26.75,30.68,16.23
745804,2024-06-28,2024,676801,R,500779,L,strikeout,True,False,42.0,0.205,9.0,21.43,3.0,7.14,0.544,0.07699999999999999,24.42,12.88,12.27,25.15,28.75,20.0,138.0,0.325,35.0,25.36,13.0,9.42,1.009,0.285,31.52,15.56,12.88,28.44,29.0,20.96,265.0,0.256,46.0,17.36,23.0,8.68,0.742,0.15000000000000002,20.77,8.8,16.35,25.14,25.79,15.38,263.0,0.268,50.0,19.01,22.0,8.37,0.685,0.0889999999999999,22.49,10.13,16.62,26.75,30.68,16.23
745804,2024-06-28,2024,596019,L,669854,R,field_out,False,False,269.0,0.232,54.0,20.07,19.0,7.06,0.714,0.18299999999999997,23.15,11.21,15.85,27.05,26.02,17.94,483.0,0.242,102.0,21.12,51.0,10.56,0.757,0.182,23.68,11.49,14.35,25.84,28.12,17.29,171.0,0.168,37.0,21.64,18.0,10.53,0.5760000000000001,0.154,26.23,12.34,15.82,28.16,28.24,19.37,104.0,0.221,21.0,20.19,16.0,15.38,0.7649999999999999,0.1979999999999999,28.05,13.84,10.94,24.78,25.22,14.58
745804,2024-06-28,2024,607043,L,669854,R,walk,False,True,243.0,0.237,60.0,24.69,38.0,15.64,0.7969999999999999,0.187,23.45,9.8,16.45,26.25,21.38,17.05,448.0,0.266,98.0,21.88,60.0,13.39,0.874,0.235,20.87,8.67,19.47,28.14,19.23,16.42,171.0,0.168,37.0,21.64,18.0,10.53,0.5760000000000001,0.154,26.23,12.34,15.82,28.16,28.24,19.37,104.0,0.221,21.0,20.19,16.0,15.38,0.7649999999999999,0.1979999999999999,28.05,13.84,10.94,24.78,25.22,14.58
745804,2024-06-28,2024,502110,R,669854,R,field_out,False,False,155.0,0.268,43.0,27.74,9.0,5.81,0.781,0.197,28.75,14.54,15.51,30.05,31.13,20.57,343.0,0.27,106.0,30.9,21.0,6.12,0.8799999999999999,0.2979999999999999,35.71,19.2,12.73,31.93,33.23,24.42,162.0,0.16,42.0,25.93,16.0,9.88,0.525,0.11800000000000002,32.92,16.41,16.41,32.81,32.74,21.54,122.0,0.275,31.0,25.41,12.0,9.84,0.847,0.2199999999999999,37.6,19.87,11.14,31.0,32.68,22.3
745804,2024-06-28,2024,624413,R,669854,R,field_out,False,False,255.0,0.247,49.0,19.22,26.0,10.2,0.779,0.201,22.33,9.81,19.61,29.42,27.98,17.27,475.0,0.214,109.0,22.95,44.0,9.26,0.8069999999999999,0.281,26.53,11.43,18.24,29.67,27.59,22.11,162.0,0.16,42.0,25.93,16.0,9.88,0.525,0.11800000000000002,32.92,16.41,16.41,32.81,32.74,21.54,122.0,0.275,31.0,25.41,12.0,9.84,0.847,0.2199999999999999,37.6,19.87,11.14,31.0,32.68,22.3
745804,2024-06-28,2024,694388,L,500779,L,strikeout,True,False,10.0,0.222,4.0,40.0,1.0,10.0,0.522,0.0,18.75,7.89,23.68,31.58,29.41,33.33,,,,,,,,,,,,,,,73.0,0.261,12.0,16.44,3.0,4.11,0.843,0.29000000000000004,16.53,7.69,17.31,25.0,29.01,17.39,57.0,0.222,10.0,17.54,2.0,3.51,0.639,0.167,17.82,8.41,17.76,26.17,27.55,14.29
745804,2024-06-28,2024,514888,R,500779,L,strikeout,True,False,93.0,0.341,15.0,16.13,6.0,6.45,0.857,0.118,20.0,10.68,11.87,22.55,39.59,16.85,113.0,0.283,16.0,14.16,12.0,10.62,0.847,0.192,16.9,8.18,15.68,23.86,33.07,11.68,265.0,0.256,46.0,17.36,23.0,8.68,0.742,0.15000000000000002,20.77,8.8,16.35,25.14,25.79,15.38,263.0,0.268,50.0,19.01,22.0,8.37,0.685,0.0889999999999999,22.49,10.13,16.62,26.75,30.68,16.23
745804,2024-06-28,2024,608324,R,500779,L,field_out,False,False,103.0,0.216,7.0,6.8,6.0,5.83,0.613,0.13499999999999998,6.21,2.74,21.92,24.66,25.0,7.0,216.0,0.215,20.0,9.26,27.0,12.5,0.6950000000000001,0.161,13.03,5.13,19.07,24.2,22.25,9.57,265.0,0.256,46.0,17.36,23.0,8.68,0.742,0.15000000000000002,20.77,8.8,16.35,25.14,25.79,15.38,263.0,0.268,50.0,19.01,22.0,8.37,0.685,0.0889999999999999,22.49,10.13,16.62,26.75,30.68,16.23
745804,2024-06-28,2024,682626,R,669854,R,field_out,False,False,76.0,0.319,16.0,21.05,7.0,9.21,0.889,0.188,33.79,16.72,16.38,33.11,30.5,16.33,275.0,0.229,73.0,26.55,17.0,6.18,0.7769999999999999,0.257,32.18,14.61,18.33,32.94,27.78,26.07,162.0,0.16,42.0,25.93,16.0,9.88,0.525,0.11800000000000002,32.92,16.41,16.41,32.81,32.74,21.54,122.0,0.275,31.0,25.41,12.0,9.84,0.847,0.2199999999999999,37.6,19.87,11.14,31.0,32.68,22.3
745804,2024-06-28,2024,621438,R,669854,R,home_run,False,False,104.0,0.258,22.0,21.15,6.0,5.77,0.75,0.172,20.63,9.8,19.35,29.15,28.65,18.49,162.0,0.23,37.0,22.84,6.0,3.7,0.706,0.204,25.24,12.91,16.56,29.47,36.98,19.47,162.0,0.16,42.0,25.93,16.0,9.88,0.525,0.11800000000000002,32.92,16.41,16.41,32.81,32.74,21.54,122.0,0.275,31.0,25.41,12.0,9.84,0.847,0.2199999999999999,37.6,19.87,11.14,31.0,32.68,22.3
745804,2024-06-28,2024,668901,R,669854,R,field_out,False,False,79.0,0.268,20.0,25.32,7.0,8.86,0.8640000000000001,0.267,38.0,19.06,15.05,34.11,30.2,23.53,145.0,0.209,41.0,28.28,8.0,5.52,0.643,0.172,34.08,18.24,17.03,35.27,36.73,29.93,162.0,0.16,42.0,25.93,16.0,9.88,0.525,0.11800000000000002,32.92,16.41,16.41,32.81,32.74,21.54,122.0,0.275,31.0,25.41,12.0,9.84,0.847,0.2199999999999999,37.6,19.87,11.14,31.0,32.68,22.3
745804,2024-06-28,2024,643446,L,669854,R,field_out,False,False,195.0,0.2,21.0,10.77,16.0,8.21,0.5589999999999999,0.08599999999999997,13.29,6.84,14.12,20.95,27.71,12.21,447.0,0.26,48.0,10.74,25.0,5.59,0.6930000000000001,0.1149999999999999,14.08,7.59,11.21,18.8,32.05,12.57,171.0,0.168,37.0,21.64,18.0,10.53,0.5760000000000001,0.154,26.23,12.34,15.82,28.16,28.24,19.37,104.0,0.221,21.0,20.19,16.0,15.38,0.7649999999999999,0.1979999999999999,28.05,13.84,10.94,24.78,25.22,14.58
745804,2024-06-28,2024,670541,L,500779,L,single,False,False,116.0,0.337,21.0,18.1,8.0,6.9,0.917,0.192,20.71,10.3,13.82,24.12,35.27,23.33,174.0,0.295,37.0,21.26,20.0,11.49,0.892,0.212,24.91,11.27,17.53,28.79,30.5,20.79,73.0,0.261,12.0,16.44,3.0,4.11,0.843,0.29000000000000004,16.53,7.69,17.31,25.0,29.01,17.39,57.0,0.222,10.0,17.54,2.0,3.51,0.639,0.167,17.82,8.41,17.76,26.17,27.55,14.29
745804,2024-06-28,2024,673237,R,493603,R,field_out,False,False,196.0,0.272,27.0,13.78,7.0,3.57,0.716,0.15199999999999997,20.31,11.64,10.45,22.09,41.89,14.92,274.0,0.307,47.0,17.15,7.0,2.55,0.931,0.292,24.58,14.19,11.31,25.51,43.08,17.42,77.0,0.203,25.0,32.47,6.0,7.79,0.551,0.07200000000000001,26.45,10.39,24.03,34.42,24.03,26.32,161.0,0.203,37.0,22.98,14.0,8.7,0.581,0.072,23.79,9.42,23.0,32.43,25.31,19.89
745804,2024-06-28,2024,676694,R,493603,R,hit_by_pitch,False,False,157.0,0.257,38.0,24.2,10.0,6.37,0.72,0.15299999999999997,32.43,15.58,16.14,31.73,31.05,25.17,263.0,0.218,69.0,26.24,18.0,6.84,0.6459999999999999,0.146,25.89,12.2,16.27,28.47,24.49,21.12,77.0,0.203,25.0,32.47,6.0,7.79,0.551,0.07200000000000001,26.45,10.39,24.03,34.42,24.03,26.32,161.0,0.203,37.0,22.98,14.0,8.7,0.581,0.072,23.79,9.42,23.0,32.43,25.31,19.89
745804,2024-06-28,2024,665161,R,493603,R,strikeout,True,False,231.0,0.277,44.0,19.05,12.0,5.19,0.677,0.07499999999999996,25.17,12.95,15.56,28.5,36.17,16.86,461.0,0.239,107.0,23.21,34.0,7.38,0.655,0.1089999999999999,30.36,15.5,13.92,29.42,35.52,20.7,77.0,0.203,25.0,32.47,6.0,7.79,0.551,0.07200000000000001,26.45,10.39,24.03,34.42,24.03,26.32,161.0,0.203,37.0,22.98,14.0,8.7,0.581,0.072,23.79,9.42,23.0,32.43,25.31,19.89
745804,2024-06-28,2024,643289,R,493603,R,field_out,False,False,143.0,0.291,10.0,6.99,5.0,3.5,0.7050000000000001,0.09700000000000003,16.67,9.91,12.21,22.12,42.13,8.93,375.0,0.263,58.0,15.47,13.0,3.47,0.6779999999999999,0.124,19.01,10.95,13.18,24.13,40.64,15.68,77.0,0.203,25.0,32.47,6.0,7.79,0.551,0.07200000000000001,26.45,10.39,24.03,34.42,24.03,26.32,161.0,0.203,37.0,22.98,14.0,8.7,0.581,0.072,23.79,9.42,23.0,32.43,25.31,19.89
745804,2024-06-28,2024,664056,R,669854,R,strikeout,True,False,156.0,0.31,33.0,21.15,7.0,4.49,0.815,0.15200000000000002,25.56,12.06,20.74,32.8,35.46,21.71,248.0,0.207,45.0,18.15,9.0,3.63,0.504,0.056,25.06,12.41,16.74,29.16,37.02,20.45,162.0,0.16,42.0,25.93,16.0,9.88,0.525,0.11800000000000002,32.92,16.41,16.41,32.81,32.74,21.54,122.0,0.275,31.0,25.41,12.0,9.84,0.847,0.2199999999999999,37.6,19.87,11.14,31.0,32.68,22.3
745804,2024-06-28,2024,596019,L,669854,R,field_out,False,False,269.0,0.232,54.0,20.07,19.0,7.06,0.714,0.18299999999999997,23.15,11.21,15.85,27.05,26.02,17.94,483.0,0.242,102.0,21.12,51.0,10.56,0.757,0.182,23.68,11.49,14.35,25.84,28.12,17.29,171.0,0.168,37.0,21.64,18.0,10.53,0.5760000000000001,0.154,26.23,12.34,15.82,28.16,28.24,19.37,104.0,0.221,21.0,20.19,16.0,15.38,0.7649999999999999,0.1979999999999999,28.05,13.84,10.94,24.78,25.22,14.58
745804,2024-06-28,2024,607043,L,669854,R,field_out,False,False,243.0,0.237,60.0,24.69,38.0,15.64,0.7969999999999999,0.187,23.45,9.8,16.45,26.25,21.38,17.05,448.0,0.266,98.0,21.88,60.0,13.39,0.874,0.235,20.87,8.67,19.47,28.14,19.23,16.42,171.0,0.168,37.0,21.64,18.0,10.53,0.5760000000000001,0.154,26.23,12.34,15.82,28.16,28.24,19.37,104.0,0.221,21.0,20.19,16.0,15.38,0.7649999999999999,0.1979999999999999,28.05,13.84,10.94,24.78,25.22,14.58
745804,2024-06-28,2024,572138,L,673380,R,single,False,False,154.0,0.229,36.0,23.38,21.0,13.64,0.669,0.10700000000000001,27.46,11.11,18.57,29.68,21.29,21.82,79.0,0.13,19.0,24.05,9.0,11.39,0.402,0.0439999999999999,22.79,9.69,16.56,26.25,24.43,21.11,20.0,0.222,7.0,35.0,2.0,10.0,0.744,0.222,31.25,18.75,11.25,30.0,40.54,23.33,,,,,,,,,,,,,,
745804,2024-06-28,2024,694388,L,673380,R,grounded_into_double_play,False,False,51.0,0.326,18.0,35.29,3.0,5.88,0.837,0.131,34.34,18.09,15.96,34.04,38.54,33.96,,,,,,,,,,,,,,,20.0,0.222,7.0,35.0,2.0,10.0,0.744,0.222,31.25,18.75,11.25,30.0,40.54,23.33,,,,,,,,,,,,,,
745804,2024-06-28,2024,514888,R,673380,R,field_out,False,False,259.0,0.289,51.0,19.69,15.0,5.79,0.796,0.17400000000000004,21.31,11.04,16.28,27.32,38.66,20.08,297.0,0.322,55.0,18.52,32.0,10.77,0.941,0.218,19.43,8.47,19.0,27.48,31.81,17.74,61.0,0.155,22.0,36.07,1.0,1.64,0.479,0.155,37.88,21.46,16.31,37.77,32.99,30.99,,,,,,,,,,,,,,
745804,2024-06-28,2024,502110,R,669854,R,strikeout,True,False,155.0,0.268,43.0,27.74,9.0,5.81,0.781,0.197,28.75,14.54,15.51,30.05,31.13,20.57,343.0,0.27,106.0,30.9,21.0,6.12,0.8799999999999999,0.2979999999999999,35.71,19.2,12.73,31.93,33.23,24.42,162.0,0.16,42.0,25.93,16.0,9.88,0.525,0.11800000000000002,32.92,16.41,16.41,32.81,32.74,21.54,122.0,0.275,31.0,25.41,12.0,9.84,0.847,0.2199999999999999,37.6,19.87,11.14,31.0,32.68,22.3
745804,2024-06-28,2024,624413,R,669854,R,home_run,False,False,255.0,0.247,49.0,19.22,26.0,10.2,0.779,0.201,22.33,9.81,19.61,29.42,27.98,17.27,475.0,0.214,109.0,22.95,44.0,9.26,0.8069999999999999,0.281,26.53,11.43,18.24,29.67,27.59,22.11,162.0,0.16,42.0,25.93,16.0,9.88,0.525,0.11800000000000002,32.92,16.41,16.41,32.81,32.74,21.54,122.0,0.275,31.0,25.41,12.0,9.84,0.847,0.2199999999999999,37.6,19.87,11.14,31.0,32.68,22.3
745804,2024-06-28,2024,682626,R,669854,R,double,False,False,76.0,0.319,16.0,21.05,7.0,9.21,0.889,0.188,33.79,16.72,16.38,33.11,30.5,16.33,275.0,0.229,73.0,26.55,17.0,6.18,0.7769999999999999,0.257,32.18,14.61,18.33,32.94,27.78,26.07,162.0,0.16,42.0,25.93,16.0,9.88,0.525,0.11800000000000002,32.92,16.41,16.41,32.81,32.74,21.54,122.0,0.275,31.0,25.41,12.0,9.84,0.847,0.2199999999999999,37.6,19.87,11.14,31.0,32.68,22.3
745804,2024-06-28,2024,621438,R,669854,R,field_out,False,False,104.0,0.258,22.0,21.15,6.0,5.77,0.75,0.172,20.63,9.8,19.35,29.15,28.65,18.49,162.0,0.23,37.0,22.84,6.0,3.7,0.706,0.204,25.24,12.91,16.56,29.47,36.98,19.47,162.0,0.16,42.0,25.93,16.0,9.88,0.525,0.11800000000000002,32.92,16.41,16.41,32.81,32.74,21.54,122.0,0.275,31.0,25.41,12.0,9.84,0.847,0.2199999999999999,37.6,19.87,11.14,31.0,32.68,22.3
745804,2024-06-28,2024,668901,R,669854,R,field_error,False,False,79.0,0.268,20.0,25.32,7.0,8.86,0.8640000000000001,0.267,38.0,19.06,15.05,34.11,30.2,23.53,145.0,0.209,41.0,28.28,8.0,5.52,0.643,0.172,34.08,18.24,17.03,35.27,36.73,29.93,162.0,0.16,42.0,25.93,16.0,9.88,0.525,0.11800000000000002,32.92,16.41,16.41,32.81,32.74,21.54,122.0,0.275,31.0,25.41,12.0,9.84,0.847,0.2199999999999999,37.6,19.87,11.14,31.0,32.68,22.3
745804,2024-06-28,2024,643446,L,669854,R,home_run,False,False,195.0,0.2,21.0,10.77,16.0,8.21,0.5589999999999999,0.08599999999999997,13.29,6.84,14.12,20.95,27.71,12.21,447.0,0.26,48.0,10.74,25.0,5.59,0.6930000000000001,0.1149999999999999,14.08,7.59,11.21,18.8,32.05,12.57,171.0,0.168,37.0,21.64,18.0,10.53,0.5760000000000001,0.154,26.23,12.34,15.82,28.16,28.24,19.37,104.0,0.221,21.0,20.19,16.0,15.38,0.7649999999999999,0.1979999999999999,28.05,13.84,10.94,24.78,25.22,14.58
745804,2024-06-28,2024,664056,R,605463,R,field_out,False,False,156.0,0.31,33.0,21.15,7.0,4.49,0.815,0.15200000000000002,25.56,12.06,20.74,32.8,35.46,21.71,248.0,0.207,45.0,18.15,9.0,3.63,0.504,0.056,25.06,12.41,16.74,29.16,37.02,20.45,77.0,0.191,23.0,29.87,8.0,10.39,0.536,0.059,32.87,14.11,19.22,33.33,25.29,20.54,61.0,0.37,12.0,19.67,4.0,6.56,1.074,0.278,22.52,10.82,16.02,26.84,31.45,17.91
745804,2024-06-28,2024,608324,R,673380,R,field_out,False,False,228.0,0.271,39.0,17.11,20.0,8.77,0.772,0.16199999999999998,15.76,7.04,18.81,25.85,23.89,13.64,508.0,0.282,67.0,13.19,65.0,12.8,0.8500000000000001,0.186,14.53,5.58,19.65,25.23,16.96,12.88,61.0,0.155,22.0,36.07,1.0,1.64,0.479,0.155,37.88,21.46,16.31,37.77,32.99,30.99,,,,,,,,,,,,,,
745804,2024-06-28,2024,670541,L,673380,R,double,False,False,217.0,0.262,31.0,14.29,22.0,10.14,0.854,0.246,19.4,8.9,16.29,25.19,30.19,14.76,322.0,0.292,55.0,17.08,49.0,15.22,1.044,0.333,21.1,8.88,15.37,24.25,23.99,15.32,20.0,0.222,7.0,35.0,2.0,10.0,0.744,0.222,31.25,18.75,11.25,30.0,40.54,23.33,,,,,,,,,,,,,,
745804,2024-06-28,2024,673237,R,673380,R,single,False,False,196.0,0.272,27.0,13.78,7.0,3.57,0.716,0.15199999999999997,20.31,11.64,10.45,22.09,41.89,14.92,274.0,0.307,47.0,17.15,7.0,2.55,0.931,0.292,24.58,14.19,11.31,25.51,43.08,17.42,61.0,0.155,22.0,36.07,1.0,1.64,0.479,0.155,37.88,21.46,16.31,37.77,32.99,30.99,,,,,,,,,,,,,,
745804,2024-06-28,2024,676694,R,673380,R,strikeout,True,False,157.0,0.257,38.0,24.2,10.0,6.37,0.72,0.15299999999999997,32.43,15.58,16.14,31.73,31.05,25.17,263.0,0.218,69.0,26.24,18.0,6.84,0.6459999999999999,0.146,25.89,12.2,16.27,28.47,24.49,21.12,61.0,0.155,22.0,36.07,1.0,1.64,0.479,0.155,37.88,21.46,16.31,37.77,32.99,30.99,,,,,,,,,,,,,,
745804,2024-06-28,2024,665161,R,673380,R,walk,False,True,231.0,0.277,44.0,19.05,12.0,5.19,0.677,0.07499999999999996,25.17,12.95,15.56,28.5,36.17,16.86,461.0,0.239,107.0,23.21,34.0,7.38,0.655,0.1089999999999999,30.36,15.5,13.92,29.42,35.52,20.7,61.0,0.155,22.0,36.07,1.0,1.64,0.479,0.155,37.88,21.46,16.31,37.77,32.99,30.99,,,,,,,,,,,,,,
745804,2024-06-28,2024,643289,R,673380,R,field_out,False,False,143.0,0.291,10.0,6.99,5.0,3.5,0.7050000000000001,0.09700000000000003,16.67,9.91,12.21,22.12,42.13,8.93,375.0,0.263,58.0,15.47,13.0,3.47,0.6779999999999999,0.124,19.01,10.95,13.18,24.13,40.64,15.68,61.0,0.155,22.0,36.07,1.0,1.64,0.479,0.155,37.88,21.46,16.31,37.77,32.99,30.99,,,,,,,,,,,,,,
745804,2024-06-28,2024,596019,L,606160,R,single,False,False,269.0,0.232,54.0,20.07,19.0,7.06,0.714,0.18299999999999997,23.15,11.21,15.85,27.05,26.02,17.94,483.0,0.242,102.0,21.12,51.0,10.56,0.757,0.182,23.68,11.49,14.35,25.84,28.12,17.29,68.0,0.279,8.0,11.76,7.0,10.29,0.943,0.31099999999999994,19.85,9.51,13.38,22.89,31.29,8.51,151.0,0.267,35.0,23.18,18.0,11.92,0.7849999999999999,0.1599999999999999,29.78,14.29,12.03,26.32,27.17,16.51
745804,2024-06-28,2024,607043,L,606160,R,field_out,False,False,243.0,0.237,60.0,24.69,38.0,15.64,0.7969999999999999,0.187,23.45,9.8,16.45,26.25,21.38,17.05,448.0,0.266,98.0,21.88,60.0,13.39,0.874,0.235,20.87,8.67,19.47,28.14,19.23,16.42,68.0,0.279,8.0,11.76,7.0,10.29,0.943,0.31099999999999994,19.85,9.51,13.38,22.89,31.29,8.51,151.0,0.267,35.0,23.18,18.0,11.92,0.7849999999999999,0.1599999999999999,29.78,14.29,12.03,26.32,27.17,16.51
745804,2024-06-28,2024,502110,R,606160,R,walk,False,True,155.0,0.268,43.0,27.74,9.0,5.81,0.781,0.197,28.75,14.54,15.51,30.05,31.13,20.57,343.0,0.27,106.0,30.9,21.0,6.12,0.8799999999999999,0.2979999999999999,35.71,19.2,12.73,31.93,33.23,24.42,60.0,0.235,11.0,18.33,5.0,8.33,0.672,0.09800000000000003,15.32,6.69,15.75,22.44,23.4,13.58,147.0,0.291,44.0,29.93,11.0,7.48,0.884,0.239,30.51,15.31,14.8,30.1,32.81,22.45
745804,2024-06-28,2024,624413,R,606160,R,strikeout,True,False,255.0,0.247,49.0,19.22,26.0,10.2,0.779,0.201,22.33,9.81,19.61,29.42,27.98,17.27,475.0,0.214,109.0,22.95,44.0,9.26,0.8069999999999999,0.281,26.53,11.43,18.24,29.67,27.59,22.11,60.0,0.235,11.0,18.33,5.0,8.33,0.672,0.09800000000000003,15.32,6.69,15.75,22.44,23.4,13.58,147.0,0.291,44.0,29.93,11.0,7.48,0.884,0.239,30.51,15.31,14.8,30.1,32.81,22.45
745804,2024-06-28,2024,682626,R,606160,R,walk,False,True,76.0,0.319,16.0,21.05,7.0,9.21,0.889,0.188,33.79,16.72,16.38,33.11,30.5,16.33,275.0,0.229,73.0,26.55,17.0,6.18,0.7769999999999999,0.257,32.18,14.61,18.33,32.94,27.78,26.07,60.0,0.235,11.0,18.33,5.0,8.33,0.672,0.09800000000000003,15.32,6.69,15.75,22.44,23.4,13.58,147.0,0.291,44.0,29.93,11.0,7.48,0.884,0.239,30.51,15.31,14.8,30.1,32.81,22.45
745804,2024-06-28,2024,621438,R,606160,R,field_out,False,False,104.0,0.258,22.0,21.15,6.0,5.77,0.75,0.172,20.63,9.8,19.35,29.15,28.65,18.49,162.0,0.23,37.0,22.84,6.0,3.7,0.706,0.204,25.24,12.91,16.56,29.47,36.98,19.47,60.0,0.235,11.0,18.33,5.0,8.33,0.672,0.09800000000000003,15.32,6.69,15.75,22.44,23.4,13.58,147.0,0.291,44.0,29.93,11.0,7.48,0.884,0.239,30.51,15.31,14.8,30.1,32.81,22.45
745804,2024-06-28,2024,572138,L,518617,L,field_out,False,False,43.0,0.179,17.0,39.53,4.0,9.3,0.538,0.10299999999999998,41.27,14.53,22.91,37.43,19.57,28.81,26.0,0.273,4.0,15.38,4.0,15.38,0.93,0.272,20.93,8.82,14.71,23.53,21.15,15.38,50.0,0.132,11.0,22.0,8.0,16.0,0.46399999999999997,0.025999999999999995,22.89,9.13,18.27,27.4,24.56,19.3,102.0,0.229,25.0,24.51,16.0,15.69,0.663,0.0839999999999999,17.02,5.96,24.07,30.02,20.5,23.81
745804,2024-06-28,2024,669450,R,518617,L,field_out,False,False,5.0,0.0,1.0,20.0,0.0,0.0,0.0,0.0,40.0,25.0,18.75,43.75,50.0,20.0,8.0,0.0,2.0,25.0,0.0,0.0,0.0,0.0,27.27,8.33,16.67,25.0,10.0,25.0,52.0,0.175,18.0,34.62,10.0,19.23,0.821,0.3,34.29,15.06,17.57,32.64,24.17,19.78,142.0,0.151,39.0,27.46,22.0,15.49,0.524,0.0839999999999999,31.09,13.93,16.61,30.54,24.91,20.31
745804,2024-06-28,2024,514888,R,518617,L,double,False,False,93.0,0.341,15.0,16.13,6.0,6.45,0.857,0.118,20.0,10.68,11.87,22.55,39.59,16.85,113.0,0.283,16.0,14.16,12.0,10.62,0.847,0.192,16.9,8.18,15.68,23.86,33.07,11.68,52.0,0.175,18.0,34.62,10.0,19.23,0.821,0.3,34.29,15.06,17.57,32.64,24.17,19.78,142.0,0.151,39.0,27.46,22.0,15.49,0.524,0.0839999999999999,31.09,13.93,16.61,30.54,24.91,20.31
745804,2024-06-28,2024,608324,R,518617,L,field_out,False,False,103.0,0.216,7.0,6.8,6.0,5.83,0.613,0.13499999999999998,6.21,2.74,21.92,24.66,25.0,7.0,216.0,0.215,20.0,9.26,27.0,12.5,0.6950000000000001,0.161,13.03,5.13,19.07,24.2,22.25,9.57,52.0,0.175,18.0,34.62,10.0,19.23,0.821,0.3,34.29,15.06,17.57,32.64,24.17,19.78,142.0,0.151,39.0,27.46,22.0,15.49,0.524,0.0839999999999999,31.09,13.93,16.61,30.54,24.91,20.31
745804,2024-06-28,2024,578428,R,687911,L,field_out,False,False,23.0,0.476,4.0,17.39,1.0,4.35,1.093,0.09499999999999997,25.64,13.51,14.86,28.38,39.39,23.53,,,,,,,,,,,,,,,4.0,0.0,1.0,25.0,0.0,0.0,0.0,0.0,40.0,18.18,9.09,27.27,37.5,50.0,,,,,,,,,,,,,,
745804,2024-06-28,2024,643446,L,687911,L,single,False,False,78.0,0.243,10.0,12.82,3.0,3.85,0.593,0.068,12.9,6.76,11.15,17.91,25.87,12.05,201.0,0.294,17.0,8.46,14.0,6.97,0.753,0.09,12.21,6.17,14.39,20.56,24.68,10.37,2.0,0.0,2.0,100.0,0.0,0.0,0.0,0.0,25.0,10.0,40.0,50.0,0.0,33.33,,,,,,,,,,,,,,
745804,2024-06-28,2024,664056,R,687911,L,field_out,False,False,81.0,0.205,14.0,17.28,6.0,7.41,0.601,0.13700000000000004,22.82,11.15,17.38,28.52,38.73,17.5,97.0,0.299,14.0,14.43,8.0,8.25,0.936,0.2759999999999999,23.49,10.71,18.68,29.4,31.94,16.67,4.0,0.0,1.0,25.0,0.0,0.0,0.0,0.0,40.0,18.18,9.09,27.27,37.5,50.0,,,,,,,,,,,,,,
745804,2024-06-28,2024,596019,R,687911,L,double,False,False,84.0,0.289,6.0,7.14,5.0,5.95,0.883,0.23700000000000004,15.07,7.01,16.88,23.89,23.57,8.45,204.0,0.281,35.0,17.16,15.0,7.35,0.916,0.2919999999999999,20.49,9.45,15.99,25.44,24.88,16.36,4.0,0.0,1.0,25.0,0.0,0.0,0.0,0.0,40.0,18.18,9.09,27.27,37.5,50.0,,,,,,,,,,,,,,
745804,2024-06-28,2024,607043,L,687911,L,hit_by_pitch,False,False,87.0,0.253,20.0,22.99,3.0,3.45,0.778,0.203,29.58,13.0,19.81,32.82,31.36,22.73,236.0,0.286,48.0,20.34,14.0,5.93,0.749,0.118,24.0,10.48,21.38,31.86,21.45,15.14,2.0,0.0,2.0,100.0,0.0,0.0,0.0,0.0,25.0,10.0,40.0,50.0,0.0,33.33,,,,,,,,,,,,,,
745804,2024-06-28,2024,502110,R,664351,R,strikeout,True,False,155.0,0.268,43.0,27.74,9.0,5.81,0.781,0.197,28.75,14.54,15.51,30.05,31.13,20.57,343.0,0.27,106.0,30.9,21.0,6.12,0.8799999999999999,0.2979999999999999,35.71,19.2,12.73,31.93,33.23,24.42,3.0,0.333,0.0,0.0,0.0,0.0,1.0,0.334,20.0,11.11,11.11,22.22,50.0,0.0,,,,,,,,,,,,,,
745804,2024-06-28,2024,670541,L,657585,R,field_out,False,False,217.0,0.262,31.0,14.29,22.0,10.14,0.854,0.246,19.4,8.9,16.29,25.19,30.19,14.76,322.0,0.292,55.0,17.08,49.0,15.22,1.044,0.333,21.1,8.88,15.37,24.25,23.99,15.32,74.0,0.227,29.0,39.19,8.0,10.81,0.675,0.13699999999999998,37.9,16.32,18.06,34.38,32.93,34.52,27.0,0.167,6.0,22.22,2.0,7.41,0.68,0.291,26.32,15.15,9.09,24.24,38.46,21.43
745804,2024-06-28,2024,673237,R,657585,R,single,False,False,196.0,0.272,27.0,13.78,7.0,3.57,0.716,0.15199999999999997,20.31,11.64,10.45,22.09,41.89,14.92,274.0,0.307,47.0,17.15,7.0,2.55,0.931,0.292,24.58,14.19,11.31,25.51,43.08,17.42,86.0,0.203,28.0,32.56,9.0,10.47,0.64,0.135,39.02,19.1,15.22,34.33,34.55,24.78,61.0,0.333,10.0,16.39,5.0,8.2,0.863,0.13,29.75,14.46,14.46,28.92,26.52,11.36
745804,2024-06-28,2024,676694,R,657585,R,double,False,False,157.0,0.257,38.0,24.2,10.0,6.37,0.72,0.15299999999999997,32.43,15.58,16.14,31.73,31.05,25.17,263.0,0.218,69.0,26.24,18.0,6.84,0.6459999999999999,0.146,25.89,12.2,16.27,28.47,24.49,21.12,86.0,0.203,28.0,32.56,9.0,10.47,0.64,0.135,39.02,19.1,15.22,34.33,34.55,24.78,61.0,0.333,10.0,16.39,5.0,8.2,0.863,0.13,29.75,14.46,14.46,28.92,26.52,11.36
745804,2024-06-28,2024,665161,R,657585,R,field_out,False,False,231.0,0.277,44.0,19.05,12.0,5.19,0.677,0.07499999999999996,25.17,12.95,15.56,28.5,36.17,16.86,461.0,0.239,107.0,23.21,34.0,7.38,0.655,0.1089999999999999,30.36,15.5,13.92,29.42,35.52,20.7,86.0,0.203,28.0,32.56,9.0,10.47,0.64,0.135,39.02,19.1,15.22,34.33,34.55,24.78,61.0,0.333,10.0,16.39,5.0,8.2,0.863,0.13,29.75,14.46,14.46,28.92,26.52,11.36
745804,2024-06-28,2024,643289,R,657585,R,strikeout,True,False,143.0,0.291,10.0,6.99,5.0,3.5,0.7050000000000001,0.09700000000000003,16.67,9.91,12.21,22.12,42.13,8.93,375.0,0.263,58.0,15.47,13.0,3.47,0.6779999999999999,0.124,19.01,10.95,13.18,24.13,40.64,15.68,86.0,0.203,28.0,32.56,9.0,10.47,0.64,0.135,39.02,19.1,15.22,34.33,34.55,24.78,61.0,0.333,10.0,16.39,5.0,8.2,0.863,0.13,29.75,14.46,14.46,28.92,26.52,11.36
746288,2024-06-28,2024,680757,L,608379,R,field_out,False,False,169.0,0.36,11.0,6.51,14.0,8.28,1.002,0.21999999999999997,6.42,2.6,22.94,25.54,19.81,6.32,494.0,0.272,52.0,10.53,50.0,10.12,0.73,0.1119999999999999,10.22,4.19,22.03,26.23,20.67,8.84,163.0,0.267,40.0,24.54,13.0,7.98,0.775,0.185,23.99,11.56,15.8,27.36,27.09,21.55,262.0,0.233,60.0,22.9,23.0,8.78,0.671,0.1359999999999999,27.45,12.74,17.4,30.14,29.39,18.02
746288,2024-06-28,2024,682177,L,608379,R,strikeout,True,False,45.0,0.256,11.0,24.44,5.0,11.11,0.769,0.18,22.22,10.29,15.43,25.71,17.98,25.58,,,,,,,,,,,,,,,163.0,0.267,40.0,24.54,13.0,7.98,0.775,0.185,23.99,11.56,15.8,27.36,27.09,21.55,262.0,0.233,60.0,22.9,23.0,8.78,0.671,0.1359999999999999,27.45,12.74,17.4,30.14,29.39,18.02
746288,2024-06-28,2024,608070,L,608379,R,single,False,False,228.0,0.244,28.0,12.28,17.0,7.46,0.796,0.249,14.01,6.9,13.58,20.48,31.05,9.43,461.0,0.302,48.0,10.41,54.0,11.71,0.863,0.179,15.4,6.98,13.91,20.89,28.02,10.17,163.0,0.267,40.0,24.54,13.0,7.98,0.775,0.185,23.99,11.56,15.8,27.36,27.09,21.55,262.0,0.233,60.0,22.9,23.0,8.78,0.671,0.1359999999999999,27.45,12.74,17.4,30.14,29.39,18.02
746288,2024-06-28,2024,647304,L,608379,R,strikeout,True,False,218.0,0.253,32.0,14.68,22.0,10.09,0.8560000000000001,0.268,20.34,10.57,10.06,20.64,33.33,14.88,348.0,0.311,53.0,15.23,25.0,7.18,0.851,0.184,21.29,11.96,9.18,21.15,41.36,16.99,163.0,0.267,40.0,24.54,13.0,7.98,0.775,0.185,23.99,11.56,15.8,27.36,27.09,21.55,262.0,0.233,60.0,22.9,23.0,8.78,0.671,0.1359999999999999,27.45,12.74,17.4,30.14,29.39,18.02
746288,2024-06-28,2024,672580,R,594902,R,strikeout,True,False,296.0,0.227,57.0,19.26,23.0,7.77,0.602,0.089,19.13,8.3,20.76,29.06,21.55,17.98,400.0,0.258,94.0,23.5,33.0,8.25,0.648,0.071,20.3,8.71,19.59,28.3,19.12,19.96,154.0,0.279,28.0,18.18,12.0,7.79,0.819,0.19999999999999996,16.61,7.75,17.73,25.47,24.57,16.09,182.0,0.243,43.0,23.63,10.0,5.49,0.6990000000000001,0.159,25.16,11.53,19.16,30.69,25.39,23.5
746288,2024-06-28,2024,677951,R,594902,R,field_out,False,False,307.0,0.313,53.0,17.26,23.0,7.49,0.911,0.23000000000000004,24.08,11.91,14.93,26.83,30.24,17.43,547.0,0.27,93.0,17.0,33.0,6.03,0.8,0.2149999999999999,22.15,10.87,15.53,26.4,29.62,14.44,154.0,0.279,28.0,18.18,12.0,7.79,0.819,0.19999999999999996,16.61,7.75,17.73,25.47,24.57,16.09,182.0,0.243,43.0,23.63,10.0,5.49,0.6990000000000001,0.159,25.16,11.53,19.16,30.69,25.39,23.5
746288,2024-06-28,2024,686469,L,594902,R,field_out,False,False,262.0,0.229,33.0,12.6,29.0,11.07,0.735,0.18799999999999997,12.85,5.67,16.04,21.71,26.79,12.64,188.0,0.251,23.0,12.23,15.0,7.98,0.784,0.217,14.85,7.02,17.48,24.5,34.8,10.0,133.0,0.189,33.0,24.81,9.0,6.77,0.592,0.15499999999999997,22.31,10.69,18.32,29.01,24.12,21.57,201.0,0.296,36.0,17.91,15.0,7.46,0.918,0.2739999999999999,16.46,7.4,18.02,25.42,23.68,22.09
746288,2024-06-28,2024,681807,R,608379,R,field_out,False,False,109.0,0.283,21.0,19.27,6.0,5.5,0.763,0.14100000000000001,22.33,11.68,14.47,26.14,31.05,17.5,63.0,0.246,19.0,30.16,3.0,4.76,0.727,0.175,29.77,16.96,13.91,30.87,36.11,25.0,164.0,0.24,27.0,16.46,10.0,6.1,0.619,0.08000000000000002,20.0,9.63,15.25,24.88,27.44,14.75,293.0,0.216,64.0,21.84,20.0,6.83,0.665,0.174,22.12,10.87,16.43,27.3,30.4,17.17
746288,2024-06-28,2024,665926,L,608379,R,walk,False,True,223.0,0.242,32.0,14.35,14.0,6.28,0.655,0.10100000000000003,24.74,13.52,12.26,25.77,35.78,11.57,419.0,0.243,86.0,20.53,24.0,5.73,0.712,0.162,26.46,14.29,12.8,27.09,38.97,17.27,163.0,0.267,40.0,24.54,13.0,7.98,0.775,0.185,23.99,11.56,15.8,27.36,27.09,21.55,262.0,0.233,60.0,22.9,23.0,8.78,0.671,0.1359999999999999,27.45,12.74,17.4,30.14,29.39,18.02
746288,2024-06-28,2024,672356,R,608379,R,strikeout,True,False,89.0,0.212,27.0,30.34,2.0,2.25,0.577,0.12900000000000003,35.79,22.01,9.71,31.72,41.22,29.35,226.0,0.275,59.0,26.11,18.0,7.96,0.791,0.184,33.96,18.84,11.28,30.12,32.38,20.14,164.0,0.24,27.0,16.46,10.0,6.1,0.619,0.08000000000000002,20.0,9.63,15.25,24.88,27.44,14.75,293.0,0.216,64.0,21.84,20.0,6.83,0.665,0.174,22.12,10.87,16.43,27.3,30.4,17.17
746288,2024-06-28,2024,666310,L,608379,R,walk,False,True,151.0,0.19,52.0,34.44,12.0,7.95,0.565,0.11699999999999999,29.67,13.95,17.87,31.82,27.08,23.58,180.0,0.243,40.0,22.22,26.0,14.44,0.852,0.257,22.79,10.11,14.03,24.15,23.6,16.67,163.0,0.267,40.0,24.54,13.0,7.98,0.775,0.185,23.99,11.56,15.8,27.36,27.09,21.55,262.0,0.233,60.0,22.9,23.0,8.78,0.671,0.1359999999999999,27.45,12.74,17.4,30.14,29.39,18.02
746288,2024-06-28,2024,671289,R,608379,R,hit_by_pitch,False,False,194.0,0.226,27.0,13.92,13.0,6.7,0.647,0.10700000000000001,15.79,7.43,19.1,26.53,30.09,15.08,89.0,0.266,17.0,19.1,6.0,6.74,0.656,0.076,20.13,9.22,18.73,27.95,29.94,17.0,164.0,0.24,27.0,16.46,10.0,6.1,0.619,0.08000000000000002,20.0,9.63,15.25,24.88,27.44,14.75,293.0,0.216,64.0,21.84,20.0,6.83,0.665,0.174,22.12,10.87,16.43,27.3,30.4,17.17
746288,2024-06-28,2024,680757,L,608379,R,field_out,False,False,169.0,0.36,11.0,6.51,14.0,8.28,1.002,0.21999999999999997,6.42,2.6,22.94,25.54,19.81,6.32,494.0,0.272,52.0,10.53,50.0,10.12,0.73,0.1119999999999999,10.22,4.19,22.03,26.23,20.67,8.84,163.0,0.267,40.0,24.54,13.0,7.98,0.775,0.185,23.99,11.56,15.8,27.36,27.09,21.55,262.0,0.233,60.0,22.9,23.0,8.78,0.671,0.1359999999999999,27.45,12.74,17.4,30.14,29.39,18.02
746288,2024-06-28,2024,521692,R,594902,R,single,False,False,249.0,0.277,46.0,18.47,18.0,7.23,0.816,0.19199999999999995,25.97,14.87,9.77,24.64,43.7,15.81,437.0,0.264,100.0,22.88,11.0,2.52,0.73,0.174,30.72,18.16,9.73,27.89,45.56,22.08,154.0,0.279,28.0,18.18,12.0,7.79,0.819,0.19999999999999996,16.61,7.75,17.73,25.47,24.57,16.09,182.0,0.243,43.0,23.63,10.0,5.49,0.6990000000000001,0.159,25.16,11.53,19.16,30.69,25.39,23.5
746288,2024-06-28,2024,686681,L,594902,R,field_out,False,False,92.0,0.287,14.0,15.22,2.0,2.17,0.798,0.20700000000000002,14.53,7.46,19.7,27.16,35.67,12.5,374.0,0.226,82.0,21.93,20.0,5.35,0.669,0.172,21.6,11.34,13.44,24.79,33.12,15.65,133.0,0.189,33.0,24.81,9.0,6.77,0.592,0.15499999999999997,22.31,10.69,18.32,29.01,24.12,21.57,201.0,0.296,36.0,17.91,15.0,7.46,0.918,0.2739999999999999,16.46,7.4,18.02,25.42,23.68,22.09
746288,2024-06-28,2024,679845,R,594902,R,strikeout,True,False,93.0,0.188,16.0,17.2,11.0,11.83,0.508,0.037000000000000005,19.72,8.26,17.7,25.96,20.0,17.78,44.0,0.279,7.0,15.91,1.0,2.27,0.667,0.0929999999999999,20.0,9.64,16.87,26.51,25.61,14.29,154.0,0.279,28.0,18.18,12.0,7.79,0.819,0.19999999999999996,16.61,7.75,17.73,25.47,24.57,16.09,182.0,0.243,43.0,23.63,10.0,5.49,0.6990000000000001,0.159,25.16,11.53,19.16,30.69,25.39,23.5
746288,2024-06-28,2024,669004,L,594902,R,field_out,False,False,207.0,0.187,55.0,26.57,19.0,9.18,0.667,0.21400000000000002,30.57,15.57,12.01,27.59,26.28,17.24,459.0,0.239,122.0,26.58,55.0,11.98,0.752,0.181,32.7,15.24,15.56,30.8,24.84,20.68,133.0,0.189,33.0,24.81,9.0,6.77,0.592,0.15499999999999997,22.31,10.69,18.32,29.01,24.12,21.57,201.0,0.296,36.0,17.91,15.0,7.46,0.918,0.2739999999999999,16.46,7.4,18.02,25.42,23.68,22.09
746288,2024-06-28,2024,682177,L,608379,R,strikeout,True,False,45.0,0.256,11.0,24.44,5.0,11.11,0.769,0.18,22.22,10.29,15.43,25.71,17.98,25.58,,,,,,,,,,,,,,,163.0,0.267,40.0,24.54,13.0,7.98,0.775,0.185,23.99,11.56,15.8,27.36,27.09,21.55,262.0,0.233,60.0,22.9,23.0,8.78,0.671,0.1359999999999999,27.45,12.74,17.4,30.14,29.39,18.02
746288,2024-06-28,2024,608070,L,608379,R,single,False,False,228.0,0.244,28.0,12.28,17.0,7.46,0.796,0.249,14.01,6.9,13.58,20.48,31.05,9.43,461.0,0.302,48.0,10.41,54.0,11.71,0.863,0.179,15.4,6.98,13.91,20.89,28.02,10.17,163.0,0.267,40.0,24.54,13.0,7.98,0.775,0.185,23.99,11.56,15.8,27.36,27.09,21.55,262.0,0.233,60.0,22.9,23.0,8.78,0.671,0.1359999999999999,27.45,12.74,17.4,30.14,29.39,18.02
746288,2024-06-28,2024,647304,L,608379,R,field_out,False,False,218.0,0.253,32.0,14.68,22.0,10.09,0.8560000000000001,0.268,20.34,10.57,10.06,20.64,33.33,14.88,348.0,0.311,53.0,15.23,25.0,7.18,0.851,0.184,21.29,11.96,9.18,21.15,41.36,16.99,163.0,0.267,40.0,24.54,13.0,7.98,0.775,0.185,23.99,11.56,15.8,27.36,27.09,21.55,262.0,0.233,60.0,22.9,23.0,8.78,0.671,0.1359999999999999,27.45,12.74,17.4,30.14,29.39,18.02
746288,2024-06-28,2024,592669,R,594902,R,single,False,False,146.0,0.208,28.0,19.18,15.0,10.27,0.6719999999999999,0.169,25.31,10.4,21.14,31.54,24.34,15.91,408.0,0.229,91.0,22.3,35.0,8.58,0.723,0.1969999999999999,28.12,14.44,14.12,28.56,33.7,19.12,154.0,0.279,28.0,18.18,12.0,7.79,0.819,0.19999999999999996,16.61,7.75,17.73,25.47,24.57,16.09,182.0,0.243,43.0,23.63,10.0,5.49,0.6990000000000001,0.159,25.16,11.53,19.16,30.69,25.39,23.5
746288,2024-06-28,2024,664728,L,594902,R,strikeout,True,False,184.0,0.229,31.0,16.85,10.0,5.43,0.647,0.147,17.63,8.14,20.81,28.95,32.8,18.67,253.0,0.223,43.0,17.0,12.0,4.74,0.631,0.147,20.48,9.51,19.8,29.31,28.6,18.78,133.0,0.189,33.0,24.81,9.0,6.77,0.592,0.15499999999999997,22.31,10.69,18.32,29.01,24.12,21.57,201.0,0.296,36.0,17.91,15.0,7.46,0.918,0.2739999999999999,16.46,7.4,18.02,25.42,23.68,22.09
746288,2024-06-28,2024,672580,R,594902,R,grounded_into_double_play,False,False,296.0,0.227,57.0,19.26,23.0,7.77,0.602,0.089,19.13,8.3,20.76,29.06,21.55,17.98,400.0,0.258,94.0,23.5,33.0,8.25,0.648,0.071,20.3,8.71,19.59,28.3,19.12,19.96,154.0,0.279,28.0,18.18,12.0,7.79,0.819,0.19999999999999996,16.61,7.75,17.73,25.47,24.57,16.09,182.0,0.243,43.0,23.63,10.0,5.49,0.6990000000000001,0.159,25.16,11.53,19.16,30.69,25.39,23.5
746288,2024-06-28,2024,681807,R,608379,R,single,False,False,109.0,0.283,21.0,19.27,6.0,5.5,0.763,0.14100000000000001,22.33,11.68,14.47,26.14,31.05,17.5,63.0,0.246,19.0,30.16,3.0,4.76,0.727,0.175,29.77,16.96,13.91,30.87,36.11,25.0,164.0,0.24,27.0,16.46,10.0,6.1,0.619,0.08000000000000002,20.0,9.63,15.25,24.88,27.44,14.75,293.0,0.216,64.0,21.84,20.0,6.83,0.665,0.174,22.12,10.87,16.43,27.3,30.4,17.17
746288,2024-06-28,2024,665926,L,608379,R,field_out,False,False,223.0,0.242,32.0,14.35,14.0,6.28,0.655,0.10100000000000003,24.74,13.52,12.26,25.77,35.78,11.57,419.0,0.243,86.0,20.53,24.0,5.73,0.712,0.162,26.46,14.29,12.8,27.09,38.97,17.27,163.0,0.267,40.0,24.54,13.0,7.98,0.775,0.185,23.99,11.56,15.8,27.36,27.09,21.55,262.0,0.233,60.0,22.9,23.0,8.78,0.671,0.1359999999999999,27.45,12.74,17.4,30.14,29.39,18.02
746288,2024-06-28,2024,672356,R,608379,R,force_out,False,False,89.0,0.212,27.0,30.34,2.0,2.25,0.577,0.12900000000000003,35.79,22.01,9.71,31.72,41.22,29.35,226.0,0.275,59.0,26.11,18.0,7.96,0.791,0.184,33.96,18.84,11.28,30.12,32.38,20.14,164.0,0.24,27.0,16.46,10.0,6.1,0.619,0.08000000000000002,20.0,9.63,15.25,24.88,27.44,14.75,293.0,0.216,64.0,21.84,20.0,6.83,0.665,0.174,22.12,10.87,16.43,27.3,30.4,17.17
746288,2024-06-28,2024,666310,L,608379,R,strikeout,True,False,151.0,0.19,52.0,34.44,12.0,7.95,0.565,0.11699999999999999,29.67,13.95,17.87,31.82,27.08,23.58,180.0,0.243,40.0,22.22,26.0,14.44,0.852,0.257,22.79,10.11,14.03,24.15,23.6,16.67,163.0,0.267,40.0,24.54,13.0,7.98,0.775,0.185,23.99,11.56,15.8,27.36,27.09,21.55,262.0,0.233,60.0,22.9,23.0,8.78,0.671,0.1359999999999999,27.45,12.74,17.4,30.14,29.39,18.02
746288,2024-06-28,2024,677951,R,594902,R,single,False,False,307.0,0.313,53.0,17.26,23.0,7.49,0.911,0.23000000000000004,24.08,11.91,14.93,26.83,30.24,17.43,547.0,0.27,93.0,17.0,33.0,6.03,0.8,0.2149999999999999,22.15,10.87,15.53,26.4,29.62,14.44,154.0,0.279,28.0,18.18,12.0,7.79,0.819,0.19999999999999996,16.61,7.75,17.73,25.47,24.57,16.09,182.0,0.243,43.0,23.63,10.0,5.49,0.6990000000000001,0.159,25.16,11.53,19.16,30.69,25.39,23.5
746288,2024-06-28,2024,686469,L,594902,R,grounded_into_double_play,False,False,262.0,0.229,33.0,12.6,29.0,11.07,0.735,0.18799999999999997,12.85,5.67,16.04,21.71,26.79,12.64,188.0,0.251,23.0,12.23,15.0,7.98,0.784,0.217,14.85,7.02,17.48,24.5,34.8,10.0,133.0,0.189,33.0,24.81,9.0,6.77,0.592,0.15499999999999997,22.31,10.69,18.32,29.01,24.12,21.57,201.0,0.296,36.0,17.91,15.0,7.46,0.918,0.2739999999999999,16.46,7.4,18.02,25.42,23.68,22.09
746288,2024-06-28,2024,521692,R,594902,R,field_out,False,False,249.0,0.277,46.0,18.47,18.0,7.23,0.816,0.19199999999999995,25.97,14.87,9.77,24.64,43.7,15.81,437.0,0.264,100.0,22.88,11.0,2.52,0.73,0.174,30.72,18.16,9.73,27.89,45.56,22.08,154.0,0.279,28.0,18.18,12.0,7.79,0.819,0.19999999999999996,16.61,7.75,17.73,25.47,24.57,16.09,182.0,0.243,43.0,23.63,10.0,5.49,0.6990000000000001,0.159,25.16,11.53,19.16,30.69,25.39,23.5
746288,2024-06-28,2024,671289,R,608379,R,single,False,False,194.0,0.226,27.0,13.92,13.0,6.7,0.647,0.10700000000000001,15.79,7.43,19.1,26.53,30.09,15.08,89.0,0.266,17.0,19.1,6.0,6.74,0.656,0.076,20.13,9.22,18.73,27.95,29.94,17.0,164.0,0.24,27.0,16.46,10.0,6.1,0.619,0.08000000000000002,20.0,9.63,15.25,24.88,27.44,14.75,293.0,0.216,64.0,21.84,20.0,6.83,0.665,0.174,22.12,10.87,16.43,27.3,30.4,17.17
746288,2024-06-28,2024,680757,L,608379,R,double,False,False,169.0,0.36,11.0,6.51,14.0,8.28,1.002,0.21999999999999997,6.42,2.6,22.94,25.54,19.81,6.32,494.0,0.272,52.0,10.53,50.0,10.12,0.73,0.1119999999999999,10.22,4.19,22.03,26.23,20.67,8.84,163.0,0.267,40.0,24.54,13.0,7.98,0.775,0.185,23.99,11.56,15.8,27.36,27.09,21.55,262.0,0.233,60.0,22.9,23.0,8.78,0.671,0.1359999999999999,27.45,12.74,17.4,30.14,29.39,18.02
746288,2024-06-28,2024,682177,L,608379,R,sac_fly,False,False,45.0,0.256,11.0,24.44,5.0,11.11,0.769,0.18,22.22,10.29,15.43,25.71,17.98,25.58,,,,,,,,,,,,,,,163.0,0.267,40.0,24.54,13.0,7.98,0.775,0.185,23.99,11.56,15.8,27.36,27.09,21.55,262.0,0.233,60.0,22.9,23.0,8.78,0.671,0.1359999999999999,27.45,12.74,17.4,30.14,29.39,18.02
746288,2024-06-28,2024,608070,L,608379,R,field_out,False,False,228.0,0.244,28.0,12.28,17.0,7.46,0.796,0.249,14.01,6.9,13.58,20.48,31.05,9.43,461.0,0.302,48.0,10.41,54.0,11.71,0.863,0.179,15.4,6.98,13.91,20.89,28.02,10.17,163.0,0.267,40.0,24.54,13.0,7.98,0.775,0.185,23.99,11.56,15.8,27.36,27.09,21.55,262.0,0.233,60.0,22.9,23.0,8.78,0.671,0.1359999999999999,27.45,12.74,17.4,30.14,29.39,18.02
746288,2024-06-28,2024,647304,L,608379,R,field_out,False,False,218.0,0.253,32.0,14.68,22.0,10.09,0.8560000000000001,0.268,20.34,10.57,10.06,20.64,33.33,14.88,348.0,0.311,53.0,15.23,25.0,7.18,0.851,0.184,21.29,11.96,9.18,21.15,41.36,16.99,163.0,0.267,40.0,24.54,13.0,7.98,0.775,0.185,23.99,11.56,15.8,27.36,27.09,21.55,262.0,0.233,60.0,22.9,23.0,8.78,0.671,0.1359999999999999,27.45,12.74,17.4,30.14,29.39,18.02
746288,2024-06-28,2024,686681,L,594902,R,strikeout,True,False,92.0,0.287,14.0,15.22,2.0,2.17,0.798,0.20700000000000002,14.53,7.46,19.7,27.16,35.67,12.5,374.0,0.226,82.0,21.93,20.0,5.35,0.669,0.172,21.6,11.34,13.44,24.79,33.12,15.65,133.0,0.189,33.0,24.81,9.0,6.77,0.592,0.15499999999999997,22.31,10.69,18.32,29.01,24.12,21.57,201.0,0.296,36.0,17.91,15.0,7.46,0.918,0.2739999999999999,16.46,7.4,18.02,25.42,23.68,22.09
746288,2024-06-28,2024,679845,R,594902,R,walk,False,True,93.0,0.188,16.0,17.2,11.0,11.83,0.508,0.037000000000000005,19.72,8.26,17.7,25.96,20.0,17.78,44.0,0.279,7.0,15.91,1.0,2.27,0.667,0.0929999999999999,20.0,9.64,16.87,26.51,25.61,14.29,154.0,0.279,28.0,18.18,12.0,7.79,0.819,0.19999999999999996,16.61,7.75,17.73,25.47,24.57,16.09,182.0,0.243,43.0,23.63,10.0,5.49,0.6990000000000001,0.159,25.16,11.53,19.16,30.69,25.39,23.5
746288,2024-06-28,2024,669004,L,594902,R,strikeout,True,False,207.0,0.187,55.0,26.57,19.0,9.18,0.667,0.21400000000000002,30.57,15.57,12.01,27.59,26.28,17.24,459.0,0.239,122.0,26.58,55.0,11.98,0.752,0.181,32.7,15.24,15.56,30.8,24.84,20.68,133.0,0.189,33.0,24.81,9.0,6.77,0.592,0.15499999999999997,22.31,10.69,18.32,29.01,24.12,21.57,201.0,0.296,36.0,17.91,15.0,7.46,0.918,0.2739999999999999,16.46,7.4,18.02,25.42,23.68,22.09
746288,2024-06-28,2024,592669,R,594902,R,fielders_choice_out,False,False,146.0,0.208,28.0,19.18,15.0,10.27,0.6719999999999999,0.169,25.31,10.4,21.14,31.54,24.34,15.91,408.0,0.229,91.0,22.3,35.0,8.58,0.723,0.1969999999999999,28.12,14.44,14.12,28.56,33.7,19.12,154.0,0.279,28.0,18.18,12.0,7.79,0.819,0.19999999999999996,16.61,7.75,17.73,25.47,24.57,16.09,182.0,0.243,43.0,23.63,10.0,5.49,0.6990000000000001,0.159,25.16,11.53,19.16,30.69,25.39,23.5
746288,2024-06-28,2024,681807,R,608379,R,strikeout,True,False,109.0,0.283,21.0,19.27,6.0,5.5,0.763,0.14100000000000001,22.33,11.68,14.47,26.14,31.05,17.5,63.0,0.246,19.0,30.16,3.0,4.76,0.727,0.175,29.77,16.96,13.91,30.87,36.11,25.0,164.0,0.24,27.0,16.46,10.0,6.1,0.619,0.08000000000000002,20.0,9.63,15.25,24.88,27.44,14.75,293.0,0.216,64.0,21.84,20.0,6.83,0.665,0.174,22.12,10.87,16.43,27.3,30.4,17.17
746288,2024-06-28,2024,665926,L,608379,R,double,False,False,223.0,0.242,32.0,14.35,14.0,6.28,0.655,0.10100000000000003,24.74,13.52,12.26,25.77,35.78,11.57,419.0,0.243,86.0,20.53,24.0,5.73,0.712,0.162,26.46,14.29,12.8,27.09,38.97,17.27,163.0,0.267,40.0,24.54,13.0,7.98,0.775,0.185,23.99,11.56,15.8,27.36,27.09,21.55,262.0,0.233,60.0,22.9,23.0,8.78,0.671,0.1359999999999999,27.45,12.74,17.4,30.14,29.39,18.02
746288,2024-06-28,2024,672356,R,608379,R,single,False,False,89.0,0.212,27.0,30.34,2.0,2.25,0.577,0.12900000000000003,35.79,22.01,9.71,31.72,41.22,29.35,226.0,0.275,59.0,26.11,18.0,7.96,0.791,0.184,33.96,18.84,11.28,30.12,32.38,20.14,164.0,0.24,27.0,16.46,10.0,6.1,0.619,0.08000000000000002,20.0,9.63,15.25,24.88,27.44,14.75,293.0,0.216,64.0,21.84,20.0,6.83,0.665,0.174,22.12,10.87,16.43,27.3,30.4,17.17
746288,2024-06-28,2024,666310,L,669674,L,strikeout,True,False,38.0,0.235,14.0,36.84,4.0,10.53,0.728,0.177,31.88,14.67,18.67,33.33,30.56,34.15,51.0,0.217,13.0,25.49,4.0,7.84,0.6639999999999999,0.153,18.18,7.96,17.26,25.22,25.23,18.84,25.0,0.136,7.0,28.0,3.0,12.0,0.513,0.137,31.25,15.46,12.37,27.84,29.41,25.0,76.0,0.27,12.0,15.79,10.0,13.16,0.786,0.1429999999999999,20.98,9.84,17.05,26.89,26.75,11.65
746288,2024-06-28,2024,671289,R,669674,L,walk,False,True,84.0,0.186,14.0,16.67,9.0,10.71,0.6579999999999999,0.17099999999999999,19.58,8.78,19.12,27.9,26.06,15.56,80.0,0.216,13.0,16.25,4.0,5.0,0.667,0.176,15.28,7.61,17.3,24.91,28.87,15.66,30.0,0.208,8.0,26.67,4.0,13.33,0.602,0.08399999999999999,35.56,14.29,18.75,33.04,23.81,34.78,123.0,0.288,20.0,16.26,11.0,8.94,0.8,0.162,19.48,9.34,15.35,24.69,32.23,13.79
746288,2024-06-28,2024,680757,L,669674,L,strikeout,True,False,73.0,0.403,6.0,8.22,6.0,8.22,0.9299999999999999,0.07499999999999996,5.26,2.08,21.18,23.26,16.15,8.57,224.0,0.26,23.0,10.27,20.0,8.93,0.667,0.08,13.41,5.5,21.44,26.95,22.3,10.5,25.0,0.136,7.0,28.0,3.0,12.0,0.513,0.137,31.25,15.46,12.37,27.84,29.41,25.0,76.0,0.27,12.0,15.79,10.0,13.16,0.786,0.1429999999999999,20.98,9.84,17.05,26.89,26.75,11.65
746288,2024-06-28,2024,664728,L,594902,R,triple,False,False,184.0,0.229,31.0,16.85,10.0,5.43,0.647,0.147,17.63,8.14,20.81,28.95,32.8,18.67,253.0,0.223,43.0,17.0,12.0,4.74,0.631,0.147,20.48,9.51,19.8,29.31,28.6,18.78,133.0,0.189,33.0,24.81,9.0,6.77,0.592,0.15499999999999997,22.31,10.69,18.32,29.01,24.12,21.57,201.0,0.296,36.0,17.91,15.0,7.46,0.918,0.2739999999999999,16.46,7.4,18.02,25.42,23.68,22.09
746288,2024-06-28,2024,672580,R,594902,R,triple,False,False,296.0,0.227,57.0,19.26,23.0,7.77,0.602,0.089,19.13,8.3,20.76,29.06,21.55,17.98,400.0,0.258,94.0,23.5,33.0,8.25,0.648,0.071,20.3,8.71,19.59,28.3,19.12,19.96,154.0,0.279,28.0,18.18,12.0,7.79,0.819,0.19999999999999996,16.61,7.75,17.73,25.47,24.57,16.09,182.0,0.243,43.0,23.63,10.0,5.49,0.6990000000000001,0.159,25.16,11.53,19.16,30.69,25.39,23.5
746288,2024-06-28,2024,677951,R,594902,R,field_out,False,False,307.0,0.313,53.0,17.26,23.0,7.49,0.911,0.23000000000000004,24.08,11.91,14.93,26.83,30.24,17.43,547.0,0.27,93.0,17.0,33.0,6.03,0.8,0.2149999999999999,22.15,10.87,15.53,26.4,29.62,14.44,154.0,0.279,28.0,18.18,12.0,7.79,0.819,0.19999999999999996,16.61,7.75,17.73,25.47,24.57,16.09,182.0,0.243,43.0,23.63,10.0,5.49,0.6990000000000001,0.159,25.16,11.53,19.16,30.69,25.39,23.5
746288,2024-06-28,2024,686469,L,594902,R,sac_fly,False,False,262.0,0.229,33.0,12.6,29.0,11.07,0.735,0.18799999999999997,12.85,5.67,16.04,21.71,26.79,12.64,188.0,0.251,23.0,12.23,15.0,7.98,0.784,0.217,14.85,7.02,17.48,24.5,34.8,10.0,133.0,0.189,33.0,24.81,9.0,6.77,0.592,0.15499999999999997,22.31,10.69,18.32,29.01,24.12,21.57,201.0,0.296,36.0,17.91,15.0,7.46,0.918,0.2739999999999999,16.46,7.4,18.02,25.42,23.68,22.09
746288,2024-06-28,2024,521692,R,594902,R,single,False,False,249.0,0.277,46.0,18.47,18.0,7.23,0.816,0.19199999999999995,25.97,14.87,9.77,24.64,43.7,15.81,437.0,0.264,100.0,22.88,11.0,2.52,0.73,0.174,30.72,18.16,9.73,27.89,45.56,22.08,154.0,0.279,28.0,18.18,12.0,7.79,0.819,0.19999999999999996,16.61,7.75,17.73,25.47,24.57,16.09,182.0,0.243,43.0,23.63,10.0,5.49,0.6990000000000001,0.159,25.16,11.53,19.16,30.69,25.39,23.5
746288,2024-06-28,2024,686681,L,594902,R,hit_by_pitch,False,False,92.0,0.287,14.0,15.22,2.0,2.17,0.798,0.20700000000000002,14.53,7.46,19.7,27.16,35.67,12.5,374.0,0.226,82.0,21.93,20.0,5.35,0.669,0.172,21.6,11.34,13.44,24.79,33.12,15.65,133.0,0.189,33.0,24.81,9.0,6.77,0.592,0.15499999999999997,22.31,10.69,18.32,29.01,24.12,21.57,201.0,0.296,36.0,17.91,15.0,7.46,0.918,0.2739999999999999,16.46,7.4,18.02,25.42,23.68,22.09
746288,2024-06-28,2024,679845,R,594902,R,field_out,False,False,93.0,0.188,16.0,17.2,11.0,11.83,0.508,0.037000000000000005,19.72,8.26,17.7,25.96,20.0,17.78,44.0,0.279,7.0,15.91,1.0,2.27,0.667,0.0929999999999999,20.0,9.64,16.87,26.51,25.61,14.29,154.0,0.279,28.0,18.18,12.0,7.79,0.819,0.19999999999999996,16.61,7.75,17.73,25.47,24.57,16.09,182.0,0.243,43.0,23.63,10.0,5.49,0.6990000000000001,0.159,25.16,11.53,19.16,30.69,25.39,23.5
746288,2024-06-28,2024,678877,R,669674,L,strikeout,True,False,1.0,0.0,1.0,100.0,0.0,0.0,0.0,0.0,100.0,33.33,66.67,100.0,100.0,100.0,,,,,,,,,,,,,,,30.0,0.208,8.0,26.67,4.0,13.33,0.602,0.08399999999999999,35.56,14.29,18.75,33.04,23.81,34.78,123.0,0.288,20.0,16.26,11.0,8.94,0.8,0.162,19.48,9.34,15.35,24.69,32.23,13.79
746288,2024-06-28,2024,608070,R,669674,L,strikeout,True,False,106.0,0.351,13.0,12.26,8.0,7.55,1.0350000000000001,0.28800000000000003,19.5,9.9,14.72,24.62,33.85,13.98,230.0,0.243,25.0,10.87,19.0,8.26,0.766,0.219,16.06,7.21,15.81,23.02,28.33,12.18,30.0,0.208,8.0,26.67,4.0,13.33,0.602,0.08399999999999999,35.56,14.29,18.75,33.04,23.81,34.78,123.0,0.288,20.0,16.26,11.0,8.94,0.8,0.162,19.48,9.34,15.35,24.69,32.23,13.79
746288,2024-06-28,2024,647304,L,669674,L,field_out,False,False,98.0,0.205,25.0,25.51,7.0,7.14,0.7210000000000001,0.23800000000000002,29.45,14.55,13.33,27.88,36.07,30.49,148.0,0.299,15.0,10.14,8.0,5.41,0.821,0.175,16.23,8.67,12.1,20.77,35.38,11.03,25.0,0.136,7.0,28.0,3.0,12.0,0.513,0.137,31.25,15.46,12.37,27.84,29.41,25.0,76.0,0.27,12.0,15.79,10.0,13.16,0.786,0.1429999999999999,20.98,9.84,17.05,26.89,26.75,11.65
746288,2024-06-28,2024,641658,R,682120,L,strikeout,True,False,60.0,0.259,16.0,26.67,5.0,8.33,0.692,0.11099999999999999,23.08,10.96,15.98,26.94,21.65,29.09,82.0,0.264,22.0,26.83,9.0,10.98,0.707,0.0969999999999999,30.16,12.62,19.93,32.56,26.03,28.95,76.0,0.209,17.0,22.37,9.0,11.84,0.587,0.07499999999999998,27.78,12.54,19.44,31.97,33.15,16.04,74.0,0.308,18.0,24.32,6.0,8.11,0.8240000000000001,0.138,23.87,11.9,13.5,25.4,29.11,18.09
746288,2024-06-28,2024,592669,R,682120,L,strikeout,True,False,61.0,0.196,11.0,18.03,5.0,8.2,0.619,0.16099999999999998,22.02,10.96,17.81,28.77,35.14,16.67,140.0,0.244,34.0,24.29,9.0,6.43,0.6859999999999999,0.142,21.48,10.53,16.33,26.86,32.76,20.36,76.0,0.209,17.0,22.37,9.0,11.84,0.587,0.07499999999999998,27.78,12.54,19.44,31.97,33.15,16.04,74.0,0.308,18.0,24.32,6.0,8.11,0.8240000000000001,0.138,23.87,11.9,13.5,25.4,29.11,18.09
746288,2024-06-28,2024,664728,L,682120,L,strikeout,True,False,29.0,0.222,8.0,27.59,1.0,3.45,0.609,0.11100000000000002,17.78,7.08,26.55,33.63,27.78,19.51,61.0,0.315,16.0,26.23,5.0,8.2,0.7989999999999999,0.1109999999999999,20.72,9.87,17.17,27.04,27.93,21.05,50.0,0.089,17.0,34.0,3.0,6.0,0.274,0.022000000000000006,30.69,14.76,18.57,33.33,34.91,24.29,47.0,0.231,14.0,29.79,6.0,12.77,0.666,0.102,32.18,14.07,19.6,33.67,32.04,24.14
746288,2024-06-28,2024,681807,R,670167,R,strikeout,True,False,109.0,0.283,21.0,19.27,6.0,5.5,0.763,0.14100000000000001,22.33,11.68,14.47,26.14,31.05,17.5,63.0,0.246,19.0,30.16,3.0,4.76,0.727,0.175,29.77,16.96,13.91,30.87,36.11,25.0,75.0,0.212,16.0,21.33,7.0,9.33,0.52,0.015000000000000013,20.97,8.47,18.57,27.04,22.99,20.25,125.0,0.204,37.0,29.6,10.0,8.0,0.599,0.123,25.88,11.73,19.48,31.21,28.85,22.42
746288,2024-06-28,2024,665926,L,670167,R,field_out,False,False,223.0,0.242,32.0,14.35,14.0,6.28,0.655,0.10100000000000003,24.74,13.52,12.26,25.77,35.78,11.57,419.0,0.243,86.0,20.53,24.0,5.73,0.712,0.162,26.46,14.29,12.8,27.09,38.97,17.27,68.0,0.328,7.0,10.29,4.0,5.88,0.874,0.16399999999999998,16.54,8.54,13.82,22.36,26.96,8.97,79.0,0.3,16.0,20.25,15.0,18.99,0.989,0.233,22.22,9.17,16.51,25.69,22.49,17.58
746288,2024-06-28,2024,672356,R,670167,R,field_out,False,False,89.0,0.212,27.0,30.34,2.0,2.25,0.577,0.12900000000000003,35.79,22.01,9.71,31.72,41.22,29.35,226.0,0.275,59.0,26.11,18.0,7.96,0.791,0.184,33.96,18.84,11.28,30.12,32.38,20.14,75.0,0.212,16.0,21.33,7.0,9.33,0.52,0.015000000000000013,20.97,8.47,18.57,27.04,22.99,20.25,125.0,0.204,37.0,29.6,10.0,8.0,0.599,0.123,25.88,11.73,19.48,31.21,28.85,22.42
746288,2024-06-28,2024,672580,R,683769,R,field_out,False,False,296.0,0.227,57.0,19.26,23.0,7.77,0.602,0.089,19.13,8.3,20.76,29.06,21.55,17.98,400.0,0.258,94.0,23.5,33.0,8.25,0.648,0.071,20.3,8.71,19.59,28.3,19.12,19.96,65.0,0.145,17.0,26.15,3.0,4.62,0.395,0.065,31.4,16.17,19.15,35.32,33.0,23.61,83.0,0.286,16.0,19.28,5.0,6.02,0.857,0.246,20.12,11.07,14.66,25.73,30.23,14.81
746288,2024-06-28,2024,677951,R,683769,R,field_out,False,False,307.0,0.313,53.0,17.26,23.0,7.49,0.911,0.23000000000000004,24.08,11.91,14.93,26.83,30.24,17.43,547.0,0.27,93.0,17.0,33.0,6.03,0.8,0.2149999999999999,22.15,10.87,15.53,26.4,29.62,14.44,65.0,0.145,17.0,26.15,3.0,4.62,0.395,0.065,31.4,16.17,19.15,35.32,33.0,23.61,83.0,0.286,16.0,19.28,5.0,6.02,0.857,0.246,20.12,11.07,14.66,25.73,30.23,14.81
746288,2024-06-28,2024,686469,L,683769,R,field_out,False,False,262.0,0.229,33.0,12.6,29.0,11.07,0.735,0.18799999999999997,12.85,5.67,16.04,21.71,26.79,12.64,188.0,0.251,23.0,12.23,15.0,7.98,0.784,0.217,14.85,7.02,17.48,24.5,34.8,10.0,74.0,0.176,19.0,25.68,4.0,5.41,0.5369999999999999,0.118,24.32,12.59,16.08,28.67,30.22,20.43,100.0,0.226,8.0,8.0,9.0,9.0,0.692,0.143,13.84,5.79,17.63,23.42,18.28,8.33
746288,2024-06-28,2024,666310,L,663704,R,field_out,False,False,151.0,0.19,52.0,34.44,12.0,7.95,0.565,0.11699999999999999,29.67,13.95,17.87,31.82,27.08,23.58,180.0,0.243,40.0,22.22,26.0,14.44,0.852,0.257,22.79,10.11,14.03,24.15,23.6,16.67,65.0,0.29,15.0,23.08,1.0,1.54,0.742,0.129,28.21,14.16,21.03,35.19,32.43,23.81,38.0,0.257,10.0,26.32,1.0,2.63,0.8599999999999999,0.3139999999999999,22.37,10.69,20.75,31.45,29.17,20.0
746288,2024-06-28,2024,671289,R,663704,R,field_out,False,False,194.0,0.226,27.0,13.92,13.0,6.7,0.647,0.10700000000000001,15.79,7.43,19.1,26.53,30.09,15.08,89.0,0.266,17.0,19.1,6.0,6.74,0.656,0.076,20.13,9.22,18.73,27.95,29.94,17.0,74.0,0.284,12.0,16.22,6.0,8.11,0.805,0.17900000000000005,30.47,13.98,17.2,31.18,28.86,15.38,52.0,0.22,13.0,25.0,1.0,1.92,0.531,0.0799999999999999,27.06,12.64,23.08,35.71,30.59,28.26
746288,2024-06-28,2024,680757,L,663704,R,field_out,False,False,169.0,0.36,11.0,6.51,14.0,8.28,1.002,0.21999999999999997,6.42,2.6,22.94,25.54,19.81,6.32,494.0,0.272,52.0,10.53,50.0,10.12,0.73,0.1119999999999999,10.22,4.19,22.03,26.23,20.67,8.84,65.0,0.29,15.0,23.08,1.0,1.54,0.742,0.129,28.21,14.16,21.03,35.19,32.43,23.81,38.0,0.257,10.0,26.32,1.0,2.63,0.8599999999999999,0.3139999999999999,22.37,10.69,20.75,31.45,29.17,20.0
746210,2024-06-28,2024,663837,R,669721,R,single,False,False,199.0,0.251,46.0,23.12,9.0,4.52,0.7749999999999999,0.236,20.8,8.98,20.3,29.27,20.05,17.62,383.0,0.26,92.0,24.02,29.0,7.57,0.724,0.14,21.06,9.23,21.95,31.18,28.67,18.31,11.0,0.091,2.0,18.18,0.0,0.0,0.182,0.0,19.05,10.0,22.5,32.5,30.0,14.29,23.0,0.1,6.0,26.09,3.0,13.04,0.367,0.0499999999999999,20.75,10.58,15.38,25.96,31.37,14.63
746210,2024-06-28,2024,690993,L,669721,R,strikeout,True,False,223.0,0.236,38.0,17.04,12.0,5.38,0.615,0.09600000000000003,21.88,10.42,17.25,27.67,32.63,18.45,,,,,,,,,,,,,,,15.0,0.2,6.0,40.0,0.0,0.0,0.467,0.067,30.0,15.25,22.03,37.29,33.33,26.09,29.0,0.227,3.0,10.34,6.0,20.69,0.879,0.273,19.61,8.77,14.04,22.81,21.05,9.68
746210,2024-06-28,2024,682985,L,669721,R,double,False,False,260.0,0.286,68.0,26.15,37.0,14.23,0.922,0.24600000000000005,27.99,11.53,17.67,29.21,21.0,22.37,323.0,0.291,84.0,26.01,28.0,8.67,0.826,0.182,27.26,12.45,16.06,28.52,24.68,20.14,15.0,0.2,6.0,40.0,0.0,0.0,0.467,0.067,30.0,15.25,22.03,37.29,33.33,26.09,29.0,0.227,3.0,10.34,6.0,20.69,0.879,0.273,19.61,8.77,14.04,22.81,21.05,9.68
746210,2024-06-28,2024,570482,R,669721,R,field_out,False,False,136.0,0.271,19.0,13.97,5.0,3.68,0.6579999999999999,0.08599999999999997,18.11,9.09,17.79,26.88,33.87,12.93,175.0,0.276,30.0,17.14,9.0,5.14,0.653,0.061,20.55,11.01,13.8,24.82,34.39,12.39,11.0,0.091,2.0,18.18,0.0,0.0,0.182,0.0,19.05,10.0,22.5,32.5,30.0,14.29,23.0,0.1,6.0,26.09,3.0,13.04,0.367,0.0499999999999999,20.75,10.58,15.38,25.96,31.37,14.63
746210,2024-06-28,2024,694384,L,656427,R,field_out,False,False,237.0,0.237,41.0,17.3,19.0,8.02,0.657,0.11399999999999999,15.42,6.78,20.46,27.24,25.0,14.93,104.0,0.291,15.0,14.42,14.0,13.46,0.7569999999999999,0.0579999999999999,18.78,8.02,17.92,25.94,20.47,11.45,169.0,0.217,55.0,32.54,7.0,4.14,0.645,0.17400000000000002,35.43,15.51,19.86,35.36,29.49,25.71,344.0,0.298,64.0,18.6,39.0,11.34,0.866,0.183,22.78,9.36,18.3,27.66,23.16,17.02
746210,2024-06-28,2024,650859,L,656427,R,field_out,False,False,200.0,0.291,27.0,13.5,11.0,5.5,0.7430000000000001,0.11000000000000004,20.89,11.24,11.94,23.17,32.1,12.86,322.0,0.24,60.0,18.63,31.0,9.63,0.7270000000000001,0.166,24.18,11.79,13.87,25.66,28.19,14.39,169.0,0.217,55.0,32.54,7.0,4.14,0.645,0.17400000000000002,35.43,15.51,19.86,35.36,29.49,25.71,344.0,0.298,64.0,18.6,39.0,11.34,0.866,0.183,22.78,9.36,18.3,27.66,23.16,17.02
746210,2024-06-28,2024,621493,R,656427,R,field_out,False,False,265.0,0.211,65.0,24.53,30.0,11.32,0.7070000000000001,0.19300000000000003,24.04,10.12,19.87,29.99,18.74,20.58,295.0,0.233,61.0,20.68,27.0,9.15,0.702,0.148,23.43,10.4,15.98,26.37,23.09,17.78,180.0,0.234,60.0,33.33,7.0,3.89,0.676,0.17,32.2,16.01,18.12,34.13,33.13,24.59,306.0,0.274,84.0,27.45,27.0,8.82,0.768,0.1409999999999999,30.36,14.29,16.46,30.75,27.99,21.45
746210,2024-06-28,2024,672761,L,669721,R,field_out,False,False,180.0,0.255,38.0,21.11,13.0,7.22,0.7010000000000001,0.139,21.88,9.89,19.51,29.4,27.04,16.52,,,,,,,,,,,,,,,15.0,0.2,6.0,40.0,0.0,0.0,0.467,0.067,30.0,15.25,22.03,37.29,33.33,26.09,29.0,0.227,3.0,10.34,6.0,20.69,0.879,0.273,19.61,8.77,14.04,22.81,21.05,9.68
746210,2024-06-28,2024,668731,L,669721,R,strikeout,True,False,50.0,0.122,14.0,28.0,8.0,16.0,0.601,0.21900000000000003,35.79,16.92,12.94,29.85,30.19,27.45,347.0,0.218,87.0,25.07,42.0,12.1,0.688,0.158,25.51,11.78,14.66,26.44,24.86,21.97,15.0,0.2,6.0,40.0,0.0,0.0,0.467,0.067,30.0,15.25,22.03,37.29,33.33,26.09,29.0,0.227,3.0,10.34,6.0,20.69,0.879,0.273,19.61,8.77,14.04,22.81,21.05,9.68
746210,2024-06-28,2024,669234,R,669721,R,field_out,False,False,54.0,0.125,21.0,38.89,5.0,9.26,0.475,0.14600000000000002,42.06,18.99,18.57,37.55,18.69,25.61,,,,,,,,,,,,,,,11.0,0.091,2.0,18.18,0.0,0.0,0.182,0.0,19.05,10.0,22.5,32.5,30.0,14.29,23.0,0.1,6.0,26.09,3.0,13.04,0.367,0.0499999999999999,20.75,10.58,15.38,25.96,31.37,14.63
746210,2024-06-28,2024,593934,R,656427,R,home_run,False,False,64.0,0.224,31.0,48.44,4.0,6.25,0.643,0.13799999999999998,42.65,20.35,16.14,36.49,30.41,27.68,,,,,,,,,,,,,,,180.0,0.234,60.0,33.33,7.0,3.89,0.676,0.17,32.2,16.01,18.12,34.13,33.13,24.59,306.0,0.274,84.0,27.45,27.0,8.82,0.768,0.1409999999999999,30.36,14.29,16.46,30.75,27.99,21.45
746210,2024-06-28,2024,641432,L,656427,R,strikeout,True,False,138.0,0.289,20.0,14.49,9.0,6.52,0.763,0.14100000000000001,15.68,7.18,16.89,24.08,24.9,16.67,139.0,0.256,15.0,10.79,13.0,9.35,0.756,0.176,14.22,5.56,19.54,25.1,21.32,10.83,169.0,0.217,55.0,32.54,7.0,4.14,0.645,0.17400000000000002,35.43,15.51,19.86,35.36,29.49,25.71,344.0,0.298,64.0,18.6,39.0,11.34,0.866,0.183,22.78,9.36,18.3,27.66,23.16,17.02
746210,2024-06-28,2024,681351,R,656427,R,strikeout,True,False,199.0,0.283,49.0,24.62,11.0,5.53,0.79,0.17900000000000005,31.93,16.18,15.37,31.55,34.74,20.17,154.0,0.22,38.0,24.68,9.0,5.84,0.757,0.262,32.06,17.0,13.8,30.81,36.07,19.69,180.0,0.234,60.0,33.33,7.0,3.89,0.676,0.17,32.2,16.01,18.12,34.13,33.13,24.59,306.0,0.274,84.0,27.45,27.0,8.82,0.768,0.1409999999999999,30.36,14.29,16.46,30.75,27.99,21.45
746210,2024-06-28,2024,687263,R,656427,R,strikeout,True,False,239.0,0.224,61.0,25.52,13.0,5.44,0.702,0.19599999999999998,28.88,15.06,15.06,30.11,34.06,22.1,262.0,0.222,62.0,23.66,18.0,6.87,0.6599999999999999,0.1349999999999999,28.77,13.7,16.19,29.89,23.52,18.84,180.0,0.234,60.0,33.33,7.0,3.89,0.676,0.17,32.2,16.01,18.12,34.13,33.13,24.59,306.0,0.274,84.0,27.45,27.0,8.82,0.768,0.1409999999999999,30.36,14.29,16.46,30.75,27.99,21.45
746210,2024-06-28,2024,656716,L,669721,R,strikeout,True,False,128.0,0.198,37.0,28.91,10.0,7.81,0.585,0.121,28.0,13.65,16.76,30.41,31.66,22.7,475.0,0.23,109.0,22.95,38.0,8.0,0.653,0.1259999999999999,21.06,10.13,16.08,26.2,28.04,19.12,15.0,0.2,6.0,40.0,0.0,0.0,0.467,0.067,30.0,15.25,22.03,37.29,33.33,26.09,29.0,0.227,3.0,10.34,6.0,20.69,0.879,0.273,19.61,8.77,14.04,22.81,21.05,9.68
746210,2024-06-28,2024,608348,R,669721,R,field_out,False,False,127.0,0.23,28.0,22.05,9.0,7.09,0.6819999999999999,0.142,25.97,11.43,19.43,30.86,25.19,16.67,108.0,0.198,27.0,25.0,6.0,5.56,0.479,0.0399999999999999,28.73,13.54,19.79,33.33,28.41,25.0,11.0,0.091,2.0,18.18,0.0,0.0,0.182,0.0,19.05,10.0,22.5,32.5,30.0,14.29,23.0,0.1,6.0,26.09,3.0,13.04,0.367,0.0499999999999999,20.75,10.58,15.38,25.96,31.37,14.63
746210,2024-06-28,2024,663837,R,669721,R,field_out,False,False,199.0,0.251,46.0,23.12,9.0,4.52,0.7749999999999999,0.236,20.8,8.98,20.3,29.27,20.05,17.62,383.0,0.26,92.0,24.02,29.0,7.57,0.724,0.14,21.06,9.23,21.95,31.18,28.67,18.31,11.0,0.091,2.0,18.18,0.0,0.0,0.182,0.0,19.05,10.0,22.5,32.5,30.0,14.29,23.0,0.1,6.0,26.09,3.0,13.04,0.367,0.0499999999999999,20.75,10.58,15.38,25.96,31.37,14.63
746210,2024-06-28,2024,666160,L,656427,R,field_out,False,False,191.0,0.203,49.0,25.65,13.0,6.81,0.5900000000000001,0.125,28.34,15.69,12.06,27.76,36.43,18.56,259.0,0.293,93.0,35.91,7.0,2.7,0.8620000000000001,0.249,38.62,24.01,9.43,33.44,46.84,30.07,169.0,0.217,55.0,32.54,7.0,4.14,0.645,0.17400000000000002,35.43,15.51,19.86,35.36,29.49,25.71,344.0,0.298,64.0,18.6,39.0,11.34,0.866,0.183,22.78,9.36,18.3,27.66,23.16,17.02
746210,2024-06-28,2024,666176,R,656427,R,strikeout,True,False,180.0,0.167,60.0,33.33,10.0,5.56,0.531,0.13499999999999998,30.05,15.03,13.93,28.96,31.02,23.17,43.0,0.205,18.0,41.86,4.0,9.3,0.7150000000000001,0.231,40.66,20.67,14.53,35.2,30.34,25.35,180.0,0.234,60.0,33.33,7.0,3.89,0.676,0.17,32.2,16.01,18.12,34.13,33.13,24.59,306.0,0.274,84.0,27.45,27.0,8.82,0.768,0.1409999999999999,30.36,14.29,16.46,30.75,27.99,21.45
746210,2024-06-28,2024,694384,L,656427,R,single,False,False,237.0,0.237,41.0,17.3,19.0,8.02,0.657,0.11399999999999999,15.42,6.78,20.46,27.24,25.0,14.93,104.0,0.291,15.0,14.42,14.0,13.46,0.7569999999999999,0.0579999999999999,18.78,8.02,17.92,25.94,20.47,11.45,169.0,0.217,55.0,32.54,7.0,4.14,0.645,0.17400000000000002,35.43,15.51,19.86,35.36,29.49,25.71,344.0,0.298,64.0,18.6,39.0,11.34,0.866,0.183,22.78,9.36,18.3,27.66,23.16,17.02
746210,2024-06-28,2024,650859,L,656427,R,field_out,False,False,200.0,0.291,27.0,13.5,11.0,5.5,0.7430000000000001,0.11000000000000004,20.89,11.24,11.94,23.17,32.1,12.86,322.0,0.24,60.0,18.63,31.0,9.63,0.7270000000000001,0.166,24.18,11.79,13.87,25.66,28.19,14.39,169.0,0.217,55.0,32.54,7.0,4.14,0.645,0.17400000000000002,35.43,15.51,19.86,35.36,29.49,25.71,344.0,0.298,64.0,18.6,39.0,11.34,0.866,0.183,22.78,9.36,18.3,27.66,23.16,17.02
746210,2024-06-28,2024,690993,L,669721,R,field_out,False,False,223.0,0.236,38.0,17.04,12.0,5.38,0.615,0.09600000000000003,21.88,10.42,17.25,27.67,32.63,18.45,,,,,,,,,,,,,,,15.0,0.2,6.0,40.0,0.0,0.0,0.467,0.067,30.0,15.25,22.03,37.29,33.33,26.09,29.0,0.227,3.0,10.34,6.0,20.69,0.879,0.273,19.61,8.77,14.04,22.81,21.05,9.68
746210,2024-06-28,2024,682985,L,669721,R,single,False,False,260.0,0.286,68.0,26.15,37.0,14.23,0.922,0.24600000000000005,27.99,11.53,17.67,29.21,21.0,22.37,323.0,0.291,84.0,26.01,28.0,8.67,0.826,0.182,27.26,12.45,16.06,28.52,24.68,20.14,15.0,0.2,6.0,40.0,0.0,0.0,0.467,0.067,30.0,15.25,22.03,37.29,33.33,26.09,29.0,0.227,3.0,10.34,6.0,20.69,0.879,0.273,19.61,8.77,14.04,22.81,21.05,9.68
746210,2024-06-28,2024,570482,R,669721,R,grounded_into_double_play,False,False,136.0,0.271,19.0,13.97,5.0,3.68,0.6579999999999999,0.08599999999999997,18.11,9.09,17.79,26.88,33.87,12.93,175.0,0.276,30.0,17.14,9.0,5.14,0.653,0.061,20.55,11.01,13.8,24.82,34.39,12.39,11.0,0.091,2.0,18.18,0.0,0.0,0.182,0.0,19.05,10.0,22.5,32.5,30.0,14.29,23.0,0.1,6.0,26.09,3.0,13.04,0.367,0.0499999999999999,20.75,10.58,15.38,25.96,31.37,14.63
746210,2024-06-28,2024,621493,R,656427,R,strikeout,True,False,265.0,0.211,65.0,24.53,30.0,11.32,0.7070000000000001,0.19300000000000003,24.04,10.12,19.87,29.99,18.74,20.58,295.0,0.233,61.0,20.68,27.0,9.15,0.702,0.148,23.43,10.4,15.98,26.37,23.09,17.78,180.0,0.234,60.0,33.33,7.0,3.89,0.676,0.17,32.2,16.01,18.12,34.13,33.13,24.59,306.0,0.274,84.0,27.45,27.0,8.82,0.768,0.1409999999999999,30.36,14.29,16.46,30.75,27.99,21.45
746210,2024-06-28,2024,593934,R,656427,R,strikeout,True,False,64.0,0.224,31.0,48.44,4.0,6.25,0.643,0.13799999999999998,42.65,20.35,16.14,36.49,30.41,27.68,,,,,,,,,,,,,,,180.0,0.234,60.0,33.33,7.0,3.89,0.676,0.17,32.2,16.01,18.12,34.13,33.13,24.59,306.0,0.274,84.0,27.45,27.0,8.82,0.768,0.1409999999999999,30.36,14.29,16.46,30.75,27.99,21.45
746210,2024-06-28,2024,641432,L,656427,R,home_run,False,False,138.0,0.289,20.0,14.49,9.0,6.52,0.763,0.14100000000000001,15.68,7.18,16.89,24.08,24.9,16.67,139.0,0.256,15.0,10.79,13.0,9.35,0.756,0.176,14.22,5.56,19.54,25.1,21.32,10.83,169.0,0.217,55.0,32.54,7.0,4.14,0.645,0.17400000000000002,35.43,15.51,19.86,35.36,29.49,25.71,344.0,0.298,64.0,18.6,39.0,11.34,0.866,0.183,22.78,9.36,18.3,27.66,23.16,17.02
746210,2024-06-28,2024,681351,R,656427,R,field_out,False,False,199.0,0.283,49.0,24.62,11.0,5.53,0.79,0.17900000000000005,31.93,16.18,15.37,31.55,34.74,20.17,154.0,0.22,38.0,24.68,9.0,5.84,0.757,0.262,32.06,17.0,13.8,30.81,36.07,19.69,180.0,0.234,60.0,33.33,7.0,3.89,0.676,0.17,32.2,16.01,18.12,34.13,33.13,24.59,306.0,0.274,84.0,27.45,27.0,8.82,0.768,0.1409999999999999,30.36,14.29,16.46,30.75,27.99,21.45
746210,2024-06-28,2024,672761,L,669721,R,field_out,False,False,180.0,0.255,38.0,21.11,13.0,7.22,0.7010000000000001,0.139,21.88,9.89,19.51,29.4,27.04,16.52,,,,,,,,,,,,,,,15.0,0.2,6.0,40.0,0.0,0.0,0.467,0.067,30.0,15.25,22.03,37.29,33.33,26.09,29.0,0.227,3.0,10.34,6.0,20.69,0.879,0.273,19.61,8.77,14.04,22.81,21.05,9.68
746210,2024-06-28,2024,668731,L,669721,R,strikeout,True,False,50.0,0.122,14.0,28.0,8.0,16.0,0.601,0.21900000000000003,35.79,16.92,12.94,29.85,30.19,27.45,347.0,0.218,87.0,25.07,42.0,12.1,0.688,0.158,25.51,11.78,14.66,26.44,24.86,21.97,15.0,0.2,6.0,40.0,0.0,0.0,0.467,0.067,30.0,15.25,22.03,37.29,33.33,26.09,29.0,0.227,3.0,10.34,6.0,20.69,0.879,0.273,19.61,8.77,14.04,22.81,21.05,9.68
746210,2024-06-28,2024,669234,R,669721,R,strikeout,True,False,54.0,0.125,21.0,38.89,5.0,9.26,0.475,0.14600000000000002,42.06,18.99,18.57,37.55,18.69,25.61,,,,,,,,,,,,,,,11.0,0.091,2.0,18.18,0.0,0.0,0.182,0.0,19.05,10.0,22.5,32.5,30.0,14.29,23.0,0.1,6.0,26.09,3.0,13.04,0.367,0.0499999999999999,20.75,10.58,15.38,25.96,31.37,14.63
746210,2024-06-28,2024,687263,R,656427,R,double,False,False,239.0,0.224,61.0,25.52,13.0,5.44,0.702,0.19599999999999998,28.88,15.06,15.06,30.11,34.06,22.1,262.0,0.222,62.0,23.66,18.0,6.87,0.6599999999999999,0.1349999999999999,28.77,13.7,16.19,29.89,23.52,18.84,180.0,0.234,60.0,33.33,7.0,3.89,0.676,0.17,32.2,16.01,18.12,34.13,33.13,24.59,306.0,0.274,84.0,27.45,27.0,8.82,0.768,0.1409999999999999,30.36,14.29,16.46,30.75,27.99,21.45
746210,2024-06-28,2024,666160,L,656427,R,field_out,False,False,191.0,0.203,49.0,25.65,13.0,6.81,0.5900000000000001,0.125,28.34,15.69,12.06,27.76,36.43,18.56,259.0,0.293,93.0,35.91,7.0,2.7,0.8620000000000001,0.249,38.62,24.01,9.43,33.44,46.84,30.07,169.0,0.217,55.0,32.54,7.0,4.14,0.645,0.17400000000000002,35.43,15.51,19.86,35.36,29.49,25.71,344.0,0.298,64.0,18.6,39.0,11.34,0.866,0.183,22.78,9.36,18.3,27.66,23.16,17.02
746210,2024-06-28,2024,666176,R,656427,R,field_out,False,False,180.0,0.167,60.0,33.33,10.0,5.56,0.531,0.13499999999999998,30.05,15.03,13.93,28.96,31.02,23.17,43.0,0.205,18.0,41.86,4.0,9.3,0.7150000000000001,0.231,40.66,20.67,14.53,35.2,30.34,25.35,180.0,0.234,60.0,33.33,7.0,3.89,0.676,0.17,32.2,16.01,18.12,34.13,33.13,24.59,306.0,0.274,84.0,27.45,27.0,8.82,0.768,0.1409999999999999,30.36,14.29,16.46,30.75,27.99,21.45
746210,2024-06-28,2024,694384,L,656427,R,single,False,False,237.0,0.237,41.0,17.3,19.0,8.02,0.657,0.11399999999999999,15.42,6.78,20.46,27.24,25.0,14.93,104.0,0.291,15.0,14.42,14.0,13.46,0.7569999999999999,0.0579999999999999,18.78,8.02,17.92,25.94,20.47,11.45,169.0,0.217,55.0,32.54,7.0,4.14,0.645,0.17400000000000002,35.43,15.51,19.86,35.36,29.49,25.71,344.0,0.298,64.0,18.6,39.0,11.34,0.866,0.183,22.78,9.36,18.3,27.66,23.16,17.02
746210,2024-06-28,2024,650859,L,656427,R,home_run,False,False,200.0,0.291,27.0,13.5,11.0,5.5,0.7430000000000001,0.11000000000000004,20.89,11.24,11.94,23.17,32.1,12.86,322.0,0.24,60.0,18.63,31.0,9.63,0.7270000000000001,0.166,24.18,11.79,13.87,25.66,28.19,14.39,169.0,0.217,55.0,32.54,7.0,4.14,0.645,0.17400000000000002,35.43,15.51,19.86,35.36,29.49,25.71,344.0,0.298,64.0,18.6,39.0,11.34,0.866,0.183,22.78,9.36,18.3,27.66,23.16,17.02
746210,2024-06-28,2024,621493,R,656427,R,field_out,False,False,265.0,0.211,65.0,24.53,30.0,11.32,0.7070000000000001,0.19300000000000003,24.04,10.12,19.87,29.99,18.74,20.58,295.0,0.233,61.0,20.68,27.0,9.15,0.702,0.148,23.43,10.4,15.98,26.37,23.09,17.78,180.0,0.234,60.0,33.33,7.0,3.89,0.676,0.17,32.2,16.01,18.12,34.13,33.13,24.59,306.0,0.274,84.0,27.45,27.0,8.82,0.768,0.1409999999999999,30.36,14.29,16.46,30.75,27.99,21.45
746210,2024-06-28,2024,656716,L,669721,R,field_out,False,False,128.0,0.198,37.0,28.91,10.0,7.81,0.585,0.121,28.0,13.65,16.76,30.41,31.66,22.7,475.0,0.23,109.0,22.95,38.0,8.0,0.653,0.1259999999999999,21.06,10.13,16.08,26.2,28.04,19.12,15.0,0.2,6.0,40.0,0.0,0.0,0.467,0.067,30.0,15.25,22.03,37.29,33.33,26.09,29.0,0.227,3.0,10.34,6.0,20.69,0.879,0.273,19.61,8.77,14.04,22.81,21.05,9.68
746210,2024-06-28,2024,608348,R,669721,R,field_out,False,False,127.0,0.23,28.0,22.05,9.0,7.09,0.6819999999999999,0.142,25.97,11.43,19.43,30.86,25.19,16.67,108.0,0.198,27.0,25.0,6.0,5.56,0.479,0.0399999999999999,28.73,13.54,19.79,33.33,28.41,25.0,11.0,0.091,2.0,18.18,0.0,0.0,0.182,0.0,19.05,10.0,22.5,32.5,30.0,14.29,23.0,0.1,6.0,26.09,3.0,13.04,0.367,0.0499999999999999,20.75,10.58,15.38,25.96,31.37,14.63
746210,2024-06-28,2024,663837,R,669721,R,strikeout,True,False,199.0,0.251,46.0,23.12,9.0,4.52,0.7749999999999999,0.236,20.8,8.98,20.3,29.27,20.05,17.62,383.0,0.26,92.0,24.02,29.0,7.57,0.724,0.14,21.06,9.23,21.95,31.18,28.67,18.31,11.0,0.091,2.0,18.18,0.0,0.0,0.182,0.0,19.05,10.0,22.5,32.5,30.0,14.29,23.0,0.1,6.0,26.09,3.0,13.04,0.367,0.0499999999999999,20.75,10.58,15.38,25.96,31.37,14.63
746210,2024-06-28,2024,593934,R,656427,R,strikeout,True,False,64.0,0.224,31.0,48.44,4.0,6.25,0.643,0.13799999999999998,42.65,20.35,16.14,36.49,30.41,27.68,,,,,,,,,,,,,,,180.0,0.234,60.0,33.33,7.0,3.89,0.676,0.17,32.2,16.01,18.12,34.13,33.13,24.59,306.0,0.274,84.0,27.45,27.0,8.82,0.768,0.1409999999999999,30.36,14.29,16.46,30.75,27.99,21.45
746210,2024-06-28,2024,641432,L,656427,R,field_out,False,False,138.0,0.289,20.0,14.49,9.0,6.52,0.763,0.14100000000000001,15.68,7.18,16.89,24.08,24.9,16.67,139.0,0.256,15.0,10.79,13.0,9.35,0.756,0.176,14.22,5.56,19.54,25.1,21.32,10.83,169.0,0.217,55.0,32.54,7.0,4.14,0.645,0.17400000000000002,35.43,15.51,19.86,35.36,29.49,25.71,344.0,0.298,64.0,18.6,39.0,11.34,0.866,0.183,22.78,9.36,18.3,27.66,23.16,17.02
746210,2024-06-28,2024,681351,R,656427,R,single,False,False,199.0,0.283,49.0,24.62,11.0,5.53,0.79,0.17900000000000005,31.93,16.18,15.37,31.55,34.74,20.17,154.0,0.22,38.0,24.68,9.0,5.84,0.757,0.262,32.06,17.0,13.8,30.81,36.07,19.69,180.0,0.234,60.0,33.33,7.0,3.89,0.676,0.17,32.2,16.01,18.12,34.13,33.13,24.59,306.0,0.274,84.0,27.45,27.0,8.82,0.768,0.1409999999999999,30.36,14.29,16.46,30.75,27.99,21.45
746210,2024-06-28,2024,687263,R,656427,R,walk,False,True,239.0,0.224,61.0,25.52,13.0,5.44,0.702,0.19599999999999998,28.88,15.06,15.06,30.11,34.06,22.1,262.0,0.222,62.0,23.66,18.0,6.87,0.6599999999999999,0.1349999999999999,28.77,13.7,16.19,29.89,23.52,18.84,180.0,0.234,60.0,33.33,7.0,3.89,0.676,0.17,32.2,16.01,18.12,34.13,33.13,24.59,306.0,0.274,84.0,27.45,27.0,8.82,0.768,0.1409999999999999,30.36,14.29,16.46,30.75,27.99,21.45
746210,2024-06-28,2024,666160,L,689225,R,strikeout,True,False,191.0,0.203,49.0,25.65,13.0,6.81,0.5900000000000001,0.125,28.34,15.69,12.06,27.76,36.43,18.56,259.0,0.293,93.0,35.91,7.0,2.7,0.8620000000000001,0.249,38.62,24.01,9.43,33.44,46.84,30.07,39.0,0.216,12.0,30.77,2.0,5.13,0.634,0.162,24.27,12.89,13.92,26.8,31.68,13.79,64.0,0.254,11.0,17.19,5.0,7.81,0.6679999999999999,0.1019999999999999,18.9,8.99,13.11,22.1,24.09,13.25
746210,2024-06-28,2024,690993,L,669721,R,field_out,False,False,223.0,0.236,38.0,17.04,12.0,5.38,0.615,0.09600000000000003,21.88,10.42,17.25,27.67,32.63,18.45,,,,,,,,,,,,,,,15.0,0.2,6.0,40.0,0.0,0.0,0.467,0.067,30.0,15.25,22.03,37.29,33.33,26.09,29.0,0.227,3.0,10.34,6.0,20.69,0.879,0.273,19.61,8.77,14.04,22.81,21.05,9.68
746210,2024-06-28,2024,682985,L,669721,R,strikeout,True,False,260.0,0.286,68.0,26.15,37.0,14.23,0.922,0.24600000000000005,27.99,11.53,17.67,29.21,21.0,22.37,323.0,0.291,84.0,26.01,28.0,8.67,0.826,0.182,27.26,12.45,16.06,28.52,24.68,20.14,15.0,0.2,6.0,40.0,0.0,0.0,0.467,0.067,30.0,15.25,22.03,37.29,33.33,26.09,29.0,0.227,3.0,10.34,6.0,20.69,0.879,0.273,19.61,8.77,14.04,22.81,21.05,9.68
746210,2024-06-28,2024,570482,R,669721,R,field_out,False,False,136.0,0.271,19.0,13.97,5.0,3.68,0.6579999999999999,0.08599999999999997,18.11,9.09,17.79,26.88,33.87,12.93,175.0,0.276,30.0,17.14,9.0,5.14,0.653,0.061,20.55,11.01,13.8,24.82,34.39,12.39,11.0,0.091,2.0,18.18,0.0,0.0,0.182,0.0,19.05,10.0,22.5,32.5,30.0,14.29,23.0,0.1,6.0,26.09,3.0,13.04,0.367,0.0499999999999999,20.75,10.58,15.38,25.96,31.37,14.63
746210,2024-06-28,2024,666176,R,689225,R,field_out,False,False,180.0,0.167,60.0,33.33,10.0,5.56,0.531,0.13499999999999998,30.05,15.03,13.93,28.96,31.02,23.17,43.0,0.205,18.0,41.86,4.0,9.3,0.7150000000000001,0.231,40.66,20.67,14.53,35.2,30.34,25.35,48.0,0.122,9.0,18.75,3.0,6.25,0.359,0.023999999999999994,24.69,11.98,16.77,28.74,35.23,23.08,88.0,0.262,20.0,22.73,7.0,7.95,0.768,0.188,23.94,12.13,14.56,26.68,37.2,14.93
746210,2024-06-28,2024,694384,L,689225,R,field_out,False,False,237.0,0.237,41.0,17.3,19.0,8.02,0.657,0.11399999999999999,15.42,6.78,20.46,27.24,25.0,14.93,104.0,0.291,15.0,14.42,14.0,13.46,0.7569999999999999,0.0579999999999999,18.78,8.02,17.92,25.94,20.47,11.45,39.0,0.216,12.0,30.77,2.0,5.13,0.634,0.162,24.27,12.89,13.92,26.8,31.68,13.79,64.0,0.254,11.0,17.19,5.0,7.81,0.6679999999999999,0.1019999999999999,18.9,8.99,13.11,22.1,24.09,13.25
746210,2024-06-28,2024,650859,L,689225,R,single,False,False,200.0,0.291,27.0,13.5,11.0,5.5,0.7430000000000001,0.11000000000000004,20.89,11.24,11.94,23.17,32.1,12.86,322.0,0.24,60.0,18.63,31.0,9.63,0.7270000000000001,0.166,24.18,11.79,13.87,25.66,28.19,14.39,39.0,0.216,12.0,30.77,2.0,5.13,0.634,0.162,24.27,12.89,13.92,26.8,31.68,13.79,64.0,0.254,11.0,17.19,5.0,7.81,0.6679999999999999,0.1019999999999999,18.9,8.99,13.11,22.1,24.09,13.25
746210,2024-06-28,2024,621493,R,689225,R,hit_by_pitch,False,False,265.0,0.211,65.0,24.53,30.0,11.32,0.7070000000000001,0.19300000000000003,24.04,10.12,19.87,29.99,18.74,20.58,295.0,0.233,61.0,20.68,27.0,9.15,0.702,0.148,23.43,10.4,15.98,26.37,23.09,17.78,48.0,0.122,9.0,18.75,3.0,6.25,0.359,0.023999999999999994,24.69,11.98,16.77,28.74,35.23,23.08,88.0,0.262,20.0,22.73,7.0,7.95,0.768,0.188,23.94,12.13,14.56,26.68,37.2,14.93
746210,2024-06-28,2024,593934,R,689225,R,strikeout,True,False,64.0,0.224,31.0,48.44,4.0,6.25,0.643,0.13799999999999998,42.65,20.35,16.14,36.49,30.41,27.68,,,,,,,,,,,,,,,48.0,0.122,9.0,18.75,3.0,6.25,0.359,0.023999999999999994,24.69,11.98,16.77,28.74,35.23,23.08,88.0,0.262,20.0,22.73,7.0,7.95,0.768,0.188,23.94,12.13,14.56,26.68,37.2,14.93
746210,2024-06-28,2024,672761,L,669721,R,single,False,False,180.0,0.255,38.0,21.11,13.0,7.22,0.7010000000000001,0.139,21.88,9.89,19.51,29.4,27.04,16.52,,,,,,,,,,,,,,,15.0,0.2,6.0,40.0,0.0,0.0,0.467,0.067,30.0,15.25,22.03,37.29,33.33,26.09,29.0,0.227,3.0,10.34,6.0,20.69,0.879,0.273,19.61,8.77,14.04,22.81,21.05,9.68
746210,2024-06-28,2024,668731,L,669721,R,strikeout,True,False,50.0,0.122,14.0,28.0,8.0,16.0,0.601,0.21900000000000003,35.79,16.92,12.94,29.85,30.19,27.45,347.0,0.218,87.0,25.07,42.0,12.1,0.688,0.158,25.51,11.78,14.66,26.44,24.86,21.97,15.0,0.2,6.0,40.0,0.0,0.0,0.467,0.067,30.0,15.25,22.03,37.29,33.33,26.09,29.0,0.227,3.0,10.34,6.0,20.69,0.879,0.273,19.61,8.77,14.04,22.81,21.05,9.68
746210,2024-06-28,2024,669234,R,669721,R,field_out,False,False,54.0,0.125,21.0,38.89,5.0,9.26,0.475,0.14600000000000002,42.06,18.99,18.57,37.55,18.69,25.61,,,,,,,,,,,,,,,11.0,0.091,2.0,18.18,0.0,0.0,0.182,0.0,19.05,10.0,22.5,32.5,30.0,14.29,23.0,0.1,6.0,26.09,3.0,13.04,0.367,0.0499999999999999,20.75,10.58,15.38,25.96,31.37,14.63
746210,2024-06-28,2024,656716,L,669721,R,field_out,False,False,128.0,0.198,37.0,28.91,10.0,7.81,0.585,0.121,28.0,13.65,16.76,30.41,31.66,22.7,475.0,0.23,109.0,22.95,38.0,8.0,0.653,0.1259999999999999,21.06,10.13,16.08,26.2,28.04,19.12,15.0,0.2,6.0,40.0,0.0,0.0,0.467,0.067,30.0,15.25,22.03,37.29,33.33,26.09,29.0,0.227,3.0,10.34,6.0,20.69,0.879,0.273,19.61,8.77,14.04,22.81,21.05,9.68
746210,2024-06-28,2024,641432,L,666214,L,strikeout,True,False,24.0,0.227,2.0,8.33,2.0,8.33,0.519,0.0,17.95,8.33,15.48,23.81,29.73,11.11,10.0,0.0,5.0,50.0,1.0,10.0,0.1,0.0,31.58,13.33,13.33,26.67,32.14,29.41,67.0,0.267,19.0,28.36,5.0,7.46,0.6779999999999999,0.08299999999999996,31.01,14.98,16.48,31.46,30.07,22.35,122.0,0.278,19.0,15.57,14.0,11.48,0.796,0.1569999999999999,22.68,10.23,17.67,27.91,22.64,17.12
746210,2024-06-28,2024,681351,R,666214,L,strikeout,True,False,59.0,0.222,16.0,27.12,4.0,6.78,0.714,0.204,25.44,12.24,16.46,28.69,27.87,20.51,46.0,0.293,10.0,21.74,5.0,10.87,0.931,0.268,32.47,14.79,15.38,30.18,27.27,22.73,92.0,0.282,21.0,22.83,10.0,10.87,0.857,0.20500000000000002,28.57,14.1,13.84,27.94,35.75,18.42,371.0,0.301,79.0,21.29,33.0,8.89,0.924,0.261,26.27,12.72,15.19,27.91,26.14,16.42
746210,2024-06-28,2024,687263,R,666214,L,field_out,False,False,50.0,0.413,9.0,18.0,2.0,4.0,0.992,0.13000000000000006,24.49,13.26,13.26,26.52,37.08,15.52,67.0,0.237,15.0,22.39,2.0,2.99,0.786,0.221,28.57,13.88,15.92,29.8,31.5,25.42,92.0,0.282,21.0,22.83,10.0,10.87,0.857,0.20500000000000002,28.57,14.1,13.84,27.94,35.75,18.42,371.0,0.301,79.0,21.29,33.0,8.89,0.924,0.261,26.27,12.72,15.19,27.91,26.14,16.42
746210,2024-06-28,2024,608348,R,690829,R,field_out,False,False,127.0,0.23,28.0,22.05,9.0,7.09,0.6819999999999999,0.142,25.97,11.43,19.43,30.86,25.19,16.67,108.0,0.198,27.0,25.0,6.0,5.56,0.479,0.0399999999999999,28.73,13.54,19.79,33.33,28.41,25.0,28.0,0.261,4.0,14.29,4.0,14.29,0.654,0.0,24.56,11.11,15.08,26.19,23.33,11.43,29.0,0.333,7.0,24.14,3.0,10.34,0.914,0.1669999999999999,25.0,12.1,19.35,31.45,33.33,17.07
746210,2024-06-28,2024,663837,R,690829,R,field_out,False,False,199.0,0.251,46.0,23.12,9.0,4.52,0.7749999999999999,0.236,20.8,8.98,20.3,29.27,20.05,17.62,383.0,0.26,92.0,24.02,29.0,7.57,0.724,0.14,21.06,9.23,21.95,31.18,28.67,18.31,28.0,0.261,4.0,14.29,4.0,14.29,0.654,0.0,24.56,11.11,15.08,26.19,23.33,11.43,29.0,0.333,7.0,24.14,3.0,10.34,0.914,0.1669999999999999,25.0,12.1,19.35,31.45,33.33,17.07
746210,2024-06-28,2024,690993,L,690829,R,field_out,False,False,223.0,0.236,38.0,17.04,12.0,5.38,0.615,0.09600000000000003,21.88,10.42,17.25,27.67,32.63,18.45,,,,,,,,,,,,,,,19.0,0.235,5.0,26.32,2.0,10.53,0.61,0.059,30.0,15.0,16.67,31.67,25.93,50.0,19.0,0.077,3.0,15.79,6.0,31.58,0.445,0.0,24.0,7.69,15.38,23.08,11.9,18.75
744922,2024-06-28,2024,683011,R,579328,L,strikeout,True,False,101.0,0.272,19.0,18.81,8.0,7.92,0.7210000000000001,0.119,18.13,8.58,18.63,27.21,26.6,16.38,134.0,0.248,35.0,26.12,16.0,11.94,0.817,0.2309999999999999,28.81,13.49,15.8,29.29,27.07,23.49,291.0,0.291,67.0,23.02,17.0,5.84,0.795,0.17200000000000004,26.02,12.79,16.71,29.5,26.55,18.87,561.0,0.266,142.0,25.31,40.0,7.13,0.756,0.1689999999999999,27.96,13.7,14.72,28.41,29.66,21.23
744922,2024-06-28,2024,665742,L,579328,L,field_out,False,False,103.0,0.312,15.0,14.56,20.0,19.42,0.9850000000000001,0.22600000000000003,15.98,6.09,19.86,25.96,19.0,11.45,207.0,0.256,48.0,23.19,33.0,15.94,0.813,0.18,25.32,9.65,20.51,30.16,20.61,20.17,65.0,0.213,19.0,29.23,3.0,4.62,0.5409999999999999,0.08199999999999999,30.77,14.34,19.12,33.47,27.52,29.23,141.0,0.214,39.0,27.66,8.0,5.67,0.659,0.175,28.09,13.35,19.22,32.56,29.18,21.79
744922,2024-06-28,2024,592450,R,579328,L,strikeout,True,False,84.0,0.295,22.0,26.19,22.0,26.19,1.193,0.41,36.64,13.33,15.0,28.33,17.71,22.68,74.0,0.274,21.0,28.38,11.0,14.86,1.0550000000000002,0.403,34.59,13.9,15.71,29.61,19.89,21.65,291.0,0.291,67.0,23.02,17.0,5.84,0.795,0.17200000000000004,26.02,12.79,16.71,29.5,26.55,18.87,561.0,0.266,142.0,25.31,40.0,7.13,0.756,0.1689999999999999,27.96,13.7,14.72,28.41,29.66,21.23
744922,2024-06-28,2024,666182,R,573186,R,walk,False,True,231.0,0.252,40.0,17.32,13.0,5.63,0.677,0.122,22.2,12.61,11.72,24.33,35.92,17.09,496.0,0.303,102.0,20.56,20.0,4.03,0.797,0.161,21.9,12.38,11.73,24.11,38.01,17.91,204.0,0.22,41.0,20.1,17.0,8.33,0.651,0.13699999999999998,27.06,11.54,17.82,29.36,28.72,18.3,264.0,0.272,60.0,22.73,17.0,6.44,0.712,0.122,25.22,11.88,16.45,28.32,28.57,21.9
744922,2024-06-28,2024,687462,L,573186,R,field_out,False,False,60.0,0.326,8.0,13.33,11.0,18.33,0.975,0.174,14.56,6.05,19.35,25.4,21.49,9.64,38.0,0.265,10.0,26.32,3.0,7.89,0.754,0.1469999999999999,27.14,13.01,17.12,30.14,25.35,21.74,177.0,0.232,26.0,14.69,23.0,12.99,0.783,0.212,15.84,6.76,16.62,23.38,23.77,12.94,311.0,0.194,59.0,18.97,35.0,11.25,0.575,0.0879999999999999,19.89,8.59,16.93,25.51,25.45,17.99
744922,2024-06-28,2024,665489,R,573186,R,field_out,False,False,290.0,0.299,51.0,17.59,28.0,9.66,0.829,0.16100000000000003,24.46,11.75,15.4,27.15,27.18,14.53,558.0,0.26,85.0,15.23,48.0,8.6,0.792,0.2,23.83,12.29,11.94,24.23,30.21,15.37,204.0,0.22,41.0,20.1,17.0,8.33,0.651,0.13699999999999998,27.06,11.54,17.82,29.36,28.72,18.3,264.0,0.272,60.0,22.73,17.0,6.44,0.712,0.122,25.22,11.88,16.45,28.32,28.57,21.9
744922,2024-06-28,2024,457759,R,573186,R,single,False,False,204.0,0.221,34.0,16.67,27.0,13.24,0.669,0.11000000000000001,18.71,8.46,17.14,25.6,25.64,10.69,462.0,0.273,78.0,16.88,33.0,7.14,0.765,0.1569999999999999,16.44,7.32,17.97,25.29,25.33,12.0,204.0,0.22,41.0,20.1,17.0,8.33,0.651,0.13699999999999998,27.06,11.54,17.82,29.36,28.72,18.3,264.0,0.272,60.0,22.73,17.0,6.44,0.712,0.122,25.22,11.88,16.45,28.32,28.57,21.9
744922,2024-06-28,2024,543807,R,573186,R,single,False,False,237.0,0.218,40.0,16.88,23.0,9.7,0.638,0.12300000000000003,23.08,11.91,13.84,25.75,23.34,16.95,539.0,0.262,101.0,18.74,43.0,7.98,0.738,0.1489999999999999,23.18,11.37,14.48,25.84,23.35,18.21,204.0,0.22,41.0,20.1,17.0,8.33,0.651,0.13699999999999998,27.06,11.54,17.82,29.36,28.72,18.3,264.0,0.272,60.0,22.73,17.0,6.44,0.712,0.122,25.22,11.88,16.45,28.32,28.57,21.9
744922,2024-06-28,2024,662139,L,573186,R,strikeout,True,False,221.0,0.19,64.0,28.96,20.0,9.05,0.692,0.235,26.67,12.44,15.78,28.22,24.21,24.52,466.0,0.202,111.0,23.82,36.0,7.73,0.662,0.19,25.51,12.84,15.05,27.89,29.23,18.26,177.0,0.232,26.0,14.69,23.0,12.99,0.783,0.212,15.84,6.76,16.62,23.38,23.77,12.94,311.0,0.194,59.0,18.97,35.0,11.25,0.575,0.0879999999999999,19.89,8.59,16.93,25.51,25.45,17.99
744922,2024-06-28,2024,605204,R,579328,L,strikeout,True,False,42.0,0.243,11.0,26.19,5.0,11.9,0.765,0.189,34.94,16.48,14.77,31.25,22.09,17.74,159.0,0.246,42.0,26.42,12.0,7.55,0.729,0.177,31.08,17.12,8.31,25.42,26.55,23.6,291.0,0.291,67.0,23.02,17.0,5.84,0.795,0.17200000000000004,26.02,12.79,16.71,29.5,26.55,18.87,561.0,0.266,142.0,25.31,40.0,7.13,0.756,0.1689999999999999,27.96,13.7,14.72,28.41,29.66,21.23
744922,2024-06-28,2024,650402,R,579328,L,field_out,False,False,78.0,0.209,21.0,26.92,9.0,11.54,0.6659999999999999,0.149,27.43,13.19,15.93,29.12,22.02,14.48,128.0,0.278,20.0,15.62,17.0,13.28,0.921,0.268,22.12,9.54,15.71,25.25,21.8,13.33,291.0,0.291,67.0,23.02,17.0,5.84,0.795,0.17200000000000004,26.02,12.79,16.71,29.5,26.55,18.87,561.0,0.266,142.0,25.31,40.0,7.13,0.756,0.1689999999999999,27.96,13.7,14.72,28.41,29.66,21.23
744922,2024-06-28,2024,657077,L,579328,L,field_out,False,False,94.0,0.2,15.0,15.96,11.0,11.7,0.598,0.09999999999999998,17.42,6.92,21.28,28.21,20.0,13.39,161.0,0.22,27.0,16.77,15.0,9.32,0.61,0.0779999999999999,17.21,6.6,24.69,31.29,20.83,15.61,65.0,0.213,19.0,29.23,3.0,4.62,0.5409999999999999,0.08199999999999999,30.77,14.34,19.12,33.47,27.52,29.23,141.0,0.214,39.0,27.66,8.0,5.67,0.659,0.175,28.09,13.35,19.22,32.56,29.18,21.79
744922,2024-06-28,2024,643376,R,573186,R,strikeout,True,False,141.0,0.224,22.0,15.6,14.0,9.93,0.737,0.208,17.95,7.24,20.0,27.24,20.57,12.43,215.0,0.237,46.0,21.4,16.0,7.44,0.784,0.221,25.13,11.59,15.17,26.76,23.75,20.09,204.0,0.22,41.0,20.1,17.0,8.33,0.651,0.13699999999999998,27.06,11.54,17.82,29.36,28.72,18.3,264.0,0.272,60.0,22.73,17.0,6.44,0.712,0.122,25.22,11.88,16.45,28.32,28.57,21.9
744922,2024-06-28,2024,680718,L,573186,R,field_out,False,False,46.0,0.205,13.0,28.26,1.0,2.17,0.472,0.04500000000000001,27.06,13.69,19.64,33.33,36.47,26.53,,,,,,,,,,,,,,,177.0,0.232,26.0,14.69,23.0,12.99,0.783,0.212,15.84,6.76,16.62,23.38,23.77,12.94,311.0,0.194,59.0,18.97,35.0,11.25,0.575,0.0879999999999999,19.89,8.59,16.93,25.51,25.45,17.99
744922,2024-06-28,2024,643396,R,573186,R,field_out,False,False,196.0,0.281,28.0,14.29,10.0,5.1,0.736,0.12899999999999995,14.98,6.93,21.54,28.46,32.92,16.47,273.0,0.246,54.0,19.78,17.0,6.23,0.6479999999999999,0.1069999999999999,19.6,9.05,20.2,29.25,28.6,15.56,204.0,0.22,41.0,20.1,17.0,8.33,0.651,0.13699999999999998,27.06,11.54,17.82,29.36,28.72,18.3,264.0,0.272,60.0,22.73,17.0,6.44,0.712,0.122,25.22,11.88,16.45,28.32,28.57,21.9
744922,2024-06-28,2024,518934,R,579328,L,strikeout,True,False,29.0,0.167,3.0,10.34,4.0,13.79,0.44300000000000006,0.0,15.56,6.42,22.94,29.36,26.79,11.11,113.0,0.255,25.0,22.12,15.0,13.27,0.761,0.149,20.93,7.45,24.22,31.68,20.95,18.66,291.0,0.291,67.0,23.02,17.0,5.84,0.795,0.17200000000000004,26.02,12.79,16.71,29.5,26.55,18.87,561.0,0.266,142.0,25.31,40.0,7.13,0.756,0.1689999999999999,27.96,13.7,14.72,28.41,29.66,21.23
744922,2024-06-28,2024,624431,R,579328,L,field_out,False,False,70.0,0.213,10.0,14.29,6.0,8.57,0.7,0.19699999999999998,18.64,7.36,21.74,29.1,25.15,10.64,44.0,0.268,2.0,4.55,3.0,6.82,0.781,0.195,11.11,5.49,18.9,24.39,37.21,4.08,291.0,0.291,67.0,23.02,17.0,5.84,0.795,0.17200000000000004,26.02,12.79,16.71,29.5,26.55,18.87,561.0,0.266,142.0,25.31,40.0,7.13,0.756,0.1689999999999999,27.96,13.7,14.72,28.41,29.66,21.23
744922,2024-06-28,2024,663330,R,579328,L,strikeout,True,False,13.0,0.273,3.0,23.08,2.0,15.38,1.112,0.45399999999999996,31.58,13.04,19.57,32.61,10.0,17.65,8.0,0.25,3.0,37.5,0.0,0.0,0.625,0.125,18.75,9.38,15.62,25.0,18.75,30.0,291.0,0.291,67.0,23.02,17.0,5.84,0.795,0.17200000000000004,26.02,12.79,16.71,29.5,26.55,18.87,561.0,0.266,142.0,25.31,40.0,7.13,0.756,0.1689999999999999,27.96,13.7,14.72,28.41,29.66,21.23
744922,2024-06-28,2024,666182,R,573186,R,field_out,False,False,231.0,0.252,40.0,17.32,13.0,5.63,0.677,0.122,22.2,12.61,11.72,24.33,35.92,17.09,496.0,0.303,102.0,20.56,20.0,4.03,0.797,0.161,21.9,12.38,11.73,24.11,38.01,17.91,204.0,0.22,41.0,20.1,17.0,8.33,0.651,0.13699999999999998,27.06,11.54,17.82,29.36,28.72,18.3,264.0,0.272,60.0,22.73,17.0,6.44,0.712,0.122,25.22,11.88,16.45,28.32,28.57,21.9
744922,2024-06-28,2024,687462,L,573186,R,single,False,False,60.0,0.326,8.0,13.33,11.0,18.33,0.975,0.174,14.56,6.05,19.35,25.4,21.49,9.64,38.0,0.265,10.0,26.32,3.0,7.89,0.754,0.1469999999999999,27.14,13.01,17.12,30.14,25.35,21.74,177.0,0.232,26.0,14.69,23.0,12.99,0.783,0.212,15.84,6.76,16.62,23.38,23.77,12.94,311.0,0.194,59.0,18.97,35.0,11.25,0.575,0.0879999999999999,19.89,8.59,16.93,25.51,25.45,17.99
744922,2024-06-28,2024,665489,R,573186,R,field_out,False,False,290.0,0.299,51.0,17.59,28.0,9.66,0.829,0.16100000000000003,24.46,11.75,15.4,27.15,27.18,14.53,558.0,0.26,85.0,15.23,48.0,8.6,0.792,0.2,23.83,12.29,11.94,24.23,30.21,15.37,204.0,0.22,41.0,20.1,17.0,8.33,0.651,0.13699999999999998,27.06,11.54,17.82,29.36,28.72,18.3,264.0,0.272,60.0,22.73,17.0,6.44,0.712,0.122,25.22,11.88,16.45,28.32,28.57,21.9
744922,2024-06-28,2024,457759,R,573186,R,walk,False,True,204.0,0.221,34.0,16.67,27.0,13.24,0.669,0.11000000000000001,18.71,8.46,17.14,25.6,25.64,10.69,462.0,0.273,78.0,16.88,33.0,7.14,0.765,0.1569999999999999,16.44,7.32,17.97,25.29,25.33,12.0,204.0,0.22,41.0,20.1,17.0,8.33,0.651,0.13699999999999998,27.06,11.54,17.82,29.36,28.72,18.3,264.0,0.272,60.0,22.73,17.0,6.44,0.712,0.122,25.22,11.88,16.45,28.32,28.57,21.9
744922,2024-06-28,2024,543807,R,573186,R,force_out,False,False,237.0,0.218,40.0,16.88,23.0,9.7,0.638,0.12300000000000003,23.08,11.91,13.84,25.75,23.34,16.95,539.0,0.262,101.0,18.74,43.0,7.98,0.738,0.1489999999999999,23.18,11.37,14.48,25.84,23.35,18.21,204.0,0.22,41.0,20.1,17.0,8.33,0.651,0.13699999999999998,27.06,11.54,17.82,29.36,28.72,18.3,264.0,0.272,60.0,22.73,17.0,6.44,0.712,0.122,25.22,11.88,16.45,28.32,28.57,21.9
744922,2024-06-28,2024,683011,R,579328,L,strikeout,True,False,101.0,0.272,19.0,18.81,8.0,7.92,0.7210000000000001,0.119,18.13,8.58,18.63,27.21,26.6,16.38,134.0,0.248,35.0,26.12,16.0,11.94,0.817,0.2309999999999999,28.81,13.49,15.8,29.29,27.07,23.49,291.0,0.291,67.0,23.02,17.0,5.84,0.795,0.17200000000000004,26.02,12.79,16.71,29.5,26.55,18.87,561.0,0.266,142.0,25.31,40.0,7.13,0.756,0.1689999999999999,27.96,13.7,14.72,28.41,29.66,21.23
744922,2024-06-28,2024,665742,L,579328,L,walk,False,True,103.0,0.312,15.0,14.56,20.0,19.42,0.9850000000000001,0.22600000000000003,15.98,6.09,19.86,25.96,19.0,11.45,207.0,0.256,48.0,23.19,33.0,15.94,0.813,0.18,25.32,9.65,20.51,30.16,20.61,20.17,65.0,0.213,19.0,29.23,3.0,4.62,0.5409999999999999,0.08199999999999999,30.77,14.34,19.12,33.47,27.52,29.23,141.0,0.214,39.0,27.66,8.0,5.67,0.659,0.175,28.09,13.35,19.22,32.56,29.18,21.79
744922,2024-06-28,2024,592450,R,579328,L,single,False,False,84.0,0.295,22.0,26.19,22.0,26.19,1.193,0.41,36.64,13.33,15.0,28.33,17.71,22.68,74.0,0.274,21.0,28.38,11.0,14.86,1.0550000000000002,0.403,34.59,13.9,15.71,29.61,19.89,21.65,291.0,0.291,67.0,23.02,17.0,5.84,0.795,0.17200000000000004,26.02,12.79,16.71,29.5,26.55,18.87,561.0,0.266,142.0,25.31,40.0,7.13,0.756,0.1689999999999999,27.96,13.7,14.72,28.41,29.66,21.23
744922,2024-06-28,2024,605204,R,579328,L,field_out,False,False,42.0,0.243,11.0,26.19,5.0,11.9,0.765,0.189,34.94,16.48,14.77,31.25,22.09,17.74,159.0,0.246,42.0,26.42,12.0,7.55,0.729,0.177,31.08,17.12,8.31,25.42,26.55,23.6,291.0,0.291,67.0,23.02,17.0,5.84,0.795,0.17200000000000004,26.02,12.79,16.71,29.5,26.55,18.87,561.0,0.266,142.0,25.31,40.0,7.13,0.756,0.1689999999999999,27.96,13.7,14.72,28.41,29.66,21.23
744922,2024-06-28,2024,650402,R,579328,L,field_out,False,False,78.0,0.209,21.0,26.92,9.0,11.54,0.6659999999999999,0.149,27.43,13.19,15.93,29.12,22.02,14.48,128.0,0.278,20.0,15.62,17.0,13.28,0.921,0.268,22.12,9.54,15.71,25.25,21.8,13.33,291.0,0.291,67.0,23.02,17.0,5.84,0.795,0.17200000000000004,26.02,12.79,16.71,29.5,26.55,18.87,561.0,0.266,142.0,25.31,40.0,7.13,0.756,0.1689999999999999,27.96,13.7,14.72,28.41,29.66,21.23
744922,2024-06-28,2024,662139,L,573186,R,field_out,False,False,221.0,0.19,64.0,28.96,20.0,9.05,0.692,0.235,26.67,12.44,15.78,28.22,24.21,24.52,466.0,0.202,111.0,23.82,36.0,7.73,0.662,0.19,25.51,12.84,15.05,27.89,29.23,18.26,177.0,0.232,26.0,14.69,23.0,12.99,0.783,0.212,15.84,6.76,16.62,23.38,23.77,12.94,311.0,0.194,59.0,18.97,35.0,11.25,0.575,0.0879999999999999,19.89,8.59,16.93,25.51,25.45,17.99
744922,2024-06-28,2024,643376,R,573186,R,strikeout,True,False,141.0,0.224,22.0,15.6,14.0,9.93,0.737,0.208,17.95,7.24,20.0,27.24,20.57,12.43,215.0,0.237,46.0,21.4,16.0,7.44,0.784,0.221,25.13,11.59,15.17,26.76,23.75,20.09,204.0,0.22,41.0,20.1,17.0,8.33,0.651,0.13699999999999998,27.06,11.54,17.82,29.36,28.72,18.3,264.0,0.272,60.0,22.73,17.0,6.44,0.712,0.122,25.22,11.88,16.45,28.32,28.57,21.9
744922,2024-06-28,2024,680718,L,573186,R,field_out,False,False,46.0,0.205,13.0,28.26,1.0,2.17,0.472,0.04500000000000001,27.06,13.69,19.64,33.33,36.47,26.53,,,,,,,,,,,,,,,177.0,0.232,26.0,14.69,23.0,12.99,0.783,0.212,15.84,6.76,16.62,23.38,23.77,12.94,311.0,0.194,59.0,18.97,35.0,11.25,0.575,0.0879999999999999,19.89,8.59,16.93,25.51,25.45,17.99
744922,2024-06-28,2024,657077,L,579328,L,field_out,False,False,94.0,0.2,15.0,15.96,11.0,11.7,0.598,0.09999999999999998,17.42,6.92,21.28,28.21,20.0,13.39,161.0,0.22,27.0,16.77,15.0,9.32,0.61,0.0779999999999999,17.21,6.6,24.69,31.29,20.83,15.61,65.0,0.213,19.0,29.23,3.0,4.62,0.5409999999999999,0.08199999999999999,30.77,14.34,19.12,33.47,27.52,29.23,141.0,0.214,39.0,27.66,8.0,5.67,0.659,0.175,28.09,13.35,19.22,32.56,29.18,21.79
744922,2024-06-28,2024,518934,R,579328,L,field_out,False,False,29.0,0.167,3.0,10.34,4.0,13.79,0.44300000000000006,0.0,15.56,6.42,22.94,29.36,26.79,11.11,113.0,0.255,25.0,22.12,15.0,13.27,0.761,0.149,20.93,7.45,24.22,31.68,20.95,18.66,291.0,0.291,67.0,23.02,17.0,5.84,0.795,0.17200000000000004,26.02,12.79,16.71,29.5,26.55,18.87,561.0,0.266,142.0,25.31,40.0,7.13,0.756,0.1689999999999999,27.96,13.7,14.72,28.41,29.66,21.23
744922,2024-06-28,2024,624431,R,579328,L,strikeout,True,False,70.0,0.213,10.0,14.29,6.0,8.57,0.7,0.19699999999999998,18.64,7.36,21.74,29.1,25.15,10.64,44.0,0.268,2.0,4.55,3.0,6.82,0.781,0.195,11.11,5.49,18.9,24.39,37.21,4.08,291.0,0.291,67.0,23.02,17.0,5.84,0.795,0.17200000000000004,26.02,12.79,16.71,29.5,26.55,18.87,561.0,0.266,142.0,25.31,40.0,7.13,0.756,0.1689999999999999,27.96,13.7,14.72,28.41,29.66,21.23
744922,2024-06-28,2024,643396,R,573186,R,single,False,False,196.0,0.281,28.0,14.29,10.0,5.1,0.736,0.12899999999999995,14.98,6.93,21.54,28.46,32.92,16.47,273.0,0.246,54.0,19.78,17.0,6.23,0.6479999999999999,0.1069999999999999,19.6,9.05,20.2,29.25,28.6,15.56,204.0,0.22,41.0,20.1,17.0,8.33,0.651,0.13699999999999998,27.06,11.54,17.82,29.36,28.72,18.3,264.0,0.272,60.0,22.73,17.0,6.44,0.712,0.122,25.22,11.88,16.45,28.32,28.57,21.9
744922,2024-06-28,2024,666182,R,573186,R,single,False,False,231.0,0.252,40.0,17.32,13.0,5.63,0.677,0.122,22.2,12.61,11.72,24.33,35.92,17.09,496.0,0.303,102.0,20.56,20.0,4.03,0.797,0.161,21.9,12.38,11.73,24.11,38.01,17.91,204.0,0.22,41.0,20.1,17.0,8.33,0.651,0.13699999999999998,27.06,11.54,17.82,29.36,28.72,18.3,264.0,0.272,60.0,22.73,17.0,6.44,0.712,0.122,25.22,11.88,16.45,28.32,28.57,21.9
744922,2024-06-28,2024,687462,L,573186,R,hit_by_pitch,False,False,60.0,0.326,8.0,13.33,11.0,18.33,0.975,0.174,14.56,6.05,19.35,25.4,21.49,9.64,38.0,0.265,10.0,26.32,3.0,7.89,0.754,0.1469999999999999,27.14,13.01,17.12,30.14,25.35,21.74,177.0,0.232,26.0,14.69,23.0,12.99,0.783,0.212,15.84,6.76,16.62,23.38,23.77,12.94,311.0,0.194,59.0,18.97,35.0,11.25,0.575,0.0879999999999999,19.89,8.59,16.93,25.51,25.45,17.99
744922,2024-06-28,2024,665489,R,573186,R,force_out,False,False,290.0,0.299,51.0,17.59,28.0,9.66,0.829,0.16100000000000003,24.46,11.75,15.4,27.15,27.18,14.53,558.0,0.26,85.0,15.23,48.0,8.6,0.792,0.2,23.83,12.29,11.94,24.23,30.21,15.37,204.0,0.22,41.0,20.1,17.0,8.33,0.651,0.13699999999999998,27.06,11.54,17.82,29.36,28.72,18.3,264.0,0.272,60.0,22.73,17.0,6.44,0.712,0.122,25.22,11.88,16.45,28.32,28.57,21.9
744922,2024-06-28,2024,457759,R,573186,R,walk,False,True,204.0,0.221,34.0,16.67,27.0,13.24,0.669,0.11000000000000001,18.71,8.46,17.14,25.6,25.64,10.69,462.0,0.273,78.0,16.88,33.0,7.14,0.765,0.1569999999999999,16.44,7.32,17.97,25.29,25.33,12.0,204.0,0.22,41.0,20.1,17.0,8.33,0.651,0.13699999999999998,27.06,11.54,17.82,29.36,28.72,18.3,264.0,0.272,60.0,22.73,17.0,6.44,0.712,0.122,25.22,11.88,16.45,28.32,28.57,21.9
744922,2024-06-28,2024,543807,R,543859,R,hit_by_pitch,False,False,237.0,0.218,40.0,16.88,23.0,9.7,0.638,0.12300000000000003,23.08,11.91,13.84,25.75,23.34,16.95,539.0,0.262,101.0,18.74,43.0,7.98,0.738,0.1489999999999999,23.18,11.37,14.48,25.84,23.35,18.21,100.0,0.212,26.0,26.0,9.0,9.0,0.592,0.06999999999999998,29.95,13.56,18.16,31.72,31.63,19.85,172.0,0.19,42.0,24.42,11.0,6.4,0.613,0.183,25.53,12.71,17.19,29.9,29.81,17.8
744922,2024-06-28,2024,662139,L,543859,R,strikeout,True,False,221.0,0.19,64.0,28.96,20.0,9.05,0.692,0.235,26.67,12.44,15.78,28.22,24.21,24.52,466.0,0.202,111.0,23.82,36.0,7.73,0.662,0.19,25.51,12.84,15.05,27.89,29.23,18.26,51.0,0.163,9.0,17.65,6.0,11.76,0.488,0.07,18.63,9.05,12.86,21.9,25.66,11.69,153.0,0.248,33.0,21.57,12.0,7.84,0.7030000000000001,0.139,24.04,12.14,15.53,27.67,29.01,16.02
744922,2024-06-28,2024,663330,R,579328,L,single,False,False,13.0,0.273,3.0,23.08,2.0,15.38,1.112,0.45399999999999996,31.58,13.04,19.57,32.61,10.0,17.65,8.0,0.25,3.0,37.5,0.0,0.0,0.625,0.125,18.75,9.38,15.62,25.0,18.75,30.0,291.0,0.291,67.0,23.02,17.0,5.84,0.795,0.17200000000000004,26.02,12.79,16.71,29.5,26.55,18.87,561.0,0.266,142.0,25.31,40.0,7.13,0.756,0.1689999999999999,27.96,13.7,14.72,28.41,29.66,21.23
744922,2024-06-28,2024,683011,R,579328,L,single,False,False,101.0,0.272,19.0,18.81,8.0,7.92,0.7210000000000001,0.119,18.13,8.58,18.63,27.21,26.6,16.38,134.0,0.248,35.0,26.12,16.0,11.94,0.817,0.2309999999999999,28.81,13.49,15.8,29.29,27.07,23.49,291.0,0.291,67.0,23.02,17.0,5.84,0.795,0.17200000000000004,26.02,12.79,16.71,29.5,26.55,18.87,561.0,0.266,142.0,25.31,40.0,7.13,0.756,0.1689999999999999,27.96,13.7,14.72,28.41,29.66,21.23
744922,2024-06-28,2024,665742,L,579328,L,home_run,False,False,103.0,0.312,15.0,14.56,20.0,19.42,0.9850000000000001,0.22600000000000003,15.98,6.09,19.86,25.96,19.0,11.45,207.0,0.256,48.0,23.19,33.0,15.94,0.813,0.18,25.32,9.65,20.51,30.16,20.61,20.17,65.0,0.213,19.0,29.23,3.0,4.62,0.5409999999999999,0.08199999999999999,30.77,14.34,19.12,33.47,27.52,29.23,141.0,0.214,39.0,27.66,8.0,5.67,0.659,0.175,28.09,13.35,19.22,32.56,29.18,21.79
744922,2024-06-28,2024,592450,R,663878,R,single,False,False,272.0,0.307,68.0,25.0,38.0,13.97,1.1119999999999999,0.39499999999999996,31.27,13.78,14.84,28.62,19.96,19.77,384.0,0.266,109.0,28.39,77.0,20.05,1.011,0.3339999999999999,36.96,15.02,15.7,30.72,19.29,24.12,76.0,0.284,21.0,27.63,6.0,7.89,0.8200000000000001,0.194,29.77,13.13,19.53,32.66,26.85,21.21,108.0,0.247,22.0,20.37,7.0,6.48,0.749,0.196,25.39,11.81,15.18,26.99,24.64,20.75
744922,2024-06-28,2024,605204,R,663878,R,double,False,False,100.0,0.22,23.0,23.0,6.0,6.0,0.609,0.099,35.45,19.2,13.47,32.66,26.58,27.06,390.0,0.249,110.0,28.21,40.0,10.26,0.742,0.1589999999999999,35.24,18.37,11.47,29.84,26.41,23.09,76.0,0.284,21.0,27.63,6.0,7.89,0.8200000000000001,0.194,29.77,13.13,19.53,32.66,26.85,21.21,108.0,0.247,22.0,20.37,7.0,6.48,0.749,0.196,25.39,11.81,15.18,26.99,24.64,20.75
744922,2024-06-28,2024,650402,R,663878,R,home_run,False,False,249.0,0.217,57.0,22.89,22.0,8.84,0.616,0.10900000000000001,25.53,11.78,16.55,28.33,21.29,16.43,544.0,0.273,78.0,14.34,50.0,9.19,0.772,0.1589999999999999,21.74,10.32,15.57,25.89,26.86,11.29,76.0,0.284,21.0,27.63,6.0,7.89,0.8200000000000001,0.194,29.77,13.13,19.53,32.66,26.85,21.21,108.0,0.247,22.0,20.37,7.0,6.48,0.749,0.196,25.39,11.81,15.18,26.99,24.64,20.75
744922,2024-06-28,2024,657077,L,663878,R,field_out,False,False,234.0,0.262,32.0,13.68,16.0,6.84,0.738,0.16799999999999998,14.6,6.7,19.86,26.56,27.21,12.7,441.0,0.279,66.0,14.97,30.0,6.8,0.793,0.185,15.08,6.28,20.52,26.8,22.64,14.93,57.0,0.208,17.0,29.82,6.0,10.53,0.6519999999999999,0.146,23.0,10.13,18.94,29.07,22.32,28.33,74.0,0.194,21.0,28.38,11.0,14.86,0.679,0.1609999999999999,28.0,10.7,18.04,28.75,14.62,21.28
744922,2024-06-28,2024,518934,R,663878,R,walk,False,True,56.0,0.184,13.0,23.21,6.0,10.71,0.457,0.0,20.21,9.0,22.75,31.75,30.34,21.67,450.0,0.241,100.0,22.22,45.0,10.0,0.7070000000000001,0.146,19.38,7.76,24.06,31.82,23.84,20.0,76.0,0.284,21.0,27.63,6.0,7.89,0.8200000000000001,0.194,29.77,13.13,19.53,32.66,26.85,21.21,108.0,0.247,22.0,20.37,7.0,6.48,0.749,0.196,25.39,11.81,15.18,26.99,24.64,20.75
744922,2024-06-28,2024,624431,R,663878,R,grounded_into_double_play,False,False,96.0,0.27,17.0,17.71,5.0,5.21,0.716,0.134,19.85,8.13,23.8,31.93,31.61,21.79,125.0,0.19,20.0,16.0,5.0,4.0,0.495,0.069,18.59,8.22,23.33,31.56,37.86,15.5,76.0,0.284,21.0,27.63,6.0,7.89,0.8200000000000001,0.194,29.77,13.13,19.53,32.66,26.85,21.21,108.0,0.247,22.0,20.37,7.0,6.48,0.749,0.196,25.39,11.81,15.18,26.99,24.64,20.75
744922,2024-06-28,2024,643376,R,543859,R,field_out,False,False,141.0,0.224,22.0,15.6,14.0,9.93,0.737,0.208,17.95,7.24,20.0,27.24,20.57,12.43,215.0,0.237,46.0,21.4,16.0,7.44,0.784,0.221,25.13,11.59,15.17,26.76,23.75,20.09,100.0,0.212,26.0,26.0,9.0,9.0,0.592,0.06999999999999998,29.95,13.56,18.16,31.72,31.63,19.85,172.0,0.19,42.0,24.42,11.0,6.4,0.613,0.183,25.53,12.71,17.19,29.9,29.81,17.8
744922,2024-06-28,2024,680718,L,543859,R,field_out,False,False,46.0,0.205,13.0,28.26,1.0,2.17,0.472,0.04500000000000001,27.06,13.69,19.64,33.33,36.47,26.53,,,,,,,,,,,,,,,51.0,0.163,9.0,17.65,6.0,11.76,0.488,0.07,18.63,9.05,12.86,21.9,25.66,11.69,153.0,0.248,33.0,21.57,12.0,7.84,0.7030000000000001,0.139,24.04,12.14,15.53,27.67,29.01,16.02
744922,2024-06-28,2024,643396,R,543859,R,home_run,False,False,196.0,0.281,28.0,14.29,10.0,5.1,0.736,0.12899999999999995,14.98,6.93,21.54,28.46,32.92,16.47,273.0,0.246,54.0,19.78,17.0,6.23,0.6479999999999999,0.1069999999999999,19.6,9.05,20.2,29.25,28.6,15.56,100.0,0.212,26.0,26.0,9.0,9.0,0.592,0.06999999999999998,29.95,13.56,18.16,31.72,31.63,19.85,172.0,0.19,42.0,24.42,11.0,6.4,0.613,0.183,25.53,12.71,17.19,29.9,29.81,17.8
744922,2024-06-28,2024,666182,R,543859,R,field_out,False,False,231.0,0.252,40.0,17.32,13.0,5.63,0.677,0.122,22.2,12.61,11.72,24.33,35.92,17.09,496.0,0.303,102.0,20.56,20.0,4.03,0.797,0.161,21.9,12.38,11.73,24.11,38.01,17.91,100.0,0.212,26.0,26.0,9.0,9.0,0.592,0.06999999999999998,29.95,13.56,18.16,31.72,31.63,19.85,172.0,0.19,42.0,24.42,11.0,6.4,0.613,0.183,25.53,12.71,17.19,29.9,29.81,17.8
744922,2024-06-28,2024,663330,R,650893,L,strikeout,True,False,13.0,0.273,3.0,23.08,2.0,15.38,1.112,0.45399999999999996,31.58,13.04,19.57,32.61,10.0,17.65,8.0,0.25,3.0,37.5,0.0,0.0,0.625,0.125,18.75,9.38,15.62,25.0,18.75,30.0,75.0,0.328,9.0,12.0,9.0,12.0,0.884,0.15599999999999997,19.66,8.95,17.9,26.85,25.22,13.04,128.0,0.264,27.0,21.09,17.0,13.28,0.804,0.181,28.36,14.05,11.65,25.69,30.85,15.52
744922,2024-06-28,2024,683011,R,650893,L,field_out,False,False,101.0,0.272,19.0,18.81,8.0,7.92,0.7210000000000001,0.119,18.13,8.58,18.63,27.21,26.6,16.38,134.0,0.248,35.0,26.12,16.0,11.94,0.817,0.2309999999999999,28.81,13.49,15.8,29.29,27.07,23.49,75.0,0.328,9.0,12.0,9.0,12.0,0.884,0.15599999999999997,19.66,8.95,17.9,26.85,25.22,13.04,128.0,0.264,27.0,21.09,17.0,13.28,0.804,0.181,28.36,14.05,11.65,25.69,30.85,15.52
744922,2024-06-28,2024,665742,L,650893,L,field_out,False,False,103.0,0.312,15.0,14.56,20.0,19.42,0.9850000000000001,0.22600000000000003,15.98,6.09,19.86,25.96,19.0,11.45,207.0,0.256,48.0,23.19,33.0,15.94,0.813,0.18,25.32,9.65,20.51,30.16,20.61,20.17,63.0,0.2,10.0,15.87,5.0,7.94,0.692,0.21799999999999997,26.83,14.04,10.64,24.68,26.27,15.87,111.0,0.198,31.0,27.93,7.0,6.31,0.63,0.1679999999999999,31.68,15.17,17.06,32.23,29.76,26.5
744922,2024-06-28,2024,687462,L,596133,R,strikeout,True,False,60.0,0.326,8.0,13.33,11.0,18.33,0.975,0.174,14.56,6.05,19.35,25.4,21.49,9.64,38.0,0.265,10.0,26.32,3.0,7.89,0.754,0.1469999999999999,27.14,13.01,17.12,30.14,25.35,21.74,80.0,0.169,25.0,31.25,6.0,7.5,0.546,0.12699999999999997,36.08,17.38,16.77,34.15,34.59,26.32,270.0,0.281,49.0,18.15,25.0,9.26,0.873,0.244,22.2,9.96,16.57,26.54,23.79,17.13
744922,2024-06-28,2024,665489,R,596133,R,home_run,False,False,290.0,0.299,51.0,17.59,28.0,9.66,0.829,0.16100000000000003,24.46,11.75,15.4,27.15,27.18,14.53,558.0,0.26,85.0,15.23,48.0,8.6,0.792,0.2,23.83,12.29,11.94,24.23,30.21,15.37,93.0,0.167,21.0,22.58,4.0,4.3,0.538,0.154,24.49,13.48,12.36,25.84,33.84,16.39,294.0,0.319,60.0,20.41,15.0,5.1,0.948,0.2709999999999999,21.2,10.46,15.26,25.72,26.0,16.13
744922,2024-06-28,2024,457759,R,596133,R,double,False,False,204.0,0.221,34.0,16.67,27.0,13.24,0.669,0.11000000000000001,18.71,8.46,17.14,25.6,25.64,10.69,462.0,0.273,78.0,16.88,33.0,7.14,0.765,0.1569999999999999,16.44,7.32,17.97,25.29,25.33,12.0,93.0,0.167,21.0,22.58,4.0,4.3,0.538,0.154,24.49,13.48,12.36,25.84,33.84,16.39,294.0,0.319,60.0,20.41,15.0,5.1,0.948,0.2709999999999999,21.2,10.46,15.26,25.72,26.0,16.13
744922,2024-06-28,2024,676914,R,596133,R,strikeout,True,False,198.0,0.231,50.0,25.25,23.0,11.62,0.767,0.20099999999999998,25.85,10.48,19.12,29.61,21.04,17.42,87.0,0.247,27.0,31.03,11.0,12.64,0.8340000000000001,0.219,37.06,13.98,21.9,35.88,15.66,21.77,93.0,0.167,21.0,22.58,4.0,4.3,0.538,0.154,24.49,13.48,12.36,25.84,33.84,16.39,294.0,0.319,60.0,20.41,15.0,5.1,0.948,0.2709999999999999,21.2,10.46,15.26,25.72,26.0,16.13
744922,2024-06-28,2024,662139,L,596133,R,field_out,False,False,221.0,0.19,64.0,28.96,20.0,9.05,0.692,0.235,26.67,12.44,15.78,28.22,24.21,24.52,466.0,0.202,111.0,23.82,36.0,7.73,0.662,0.19,25.51,12.84,15.05,27.89,29.23,18.26,80.0,0.169,25.0,31.25,6.0,7.5,0.546,0.12699999999999997,36.08,17.38,16.77,34.15,34.59,26.32,270.0,0.281,49.0,18.15,25.0,9.26,0.873,0.244,22.2,9.96,16.57,26.54,23.79,17.13
744922,2024-06-28,2024,592450,R,670950,R,field_error,False,False,272.0,0.307,68.0,25.0,38.0,13.97,1.1119999999999999,0.39499999999999996,31.27,13.78,14.84,28.62,19.96,19.77,384.0,0.266,109.0,28.39,77.0,20.05,1.011,0.3339999999999999,36.96,15.02,15.7,30.72,19.29,24.12,90.0,0.118,25.0,27.78,11.0,12.22,0.49,0.14500000000000002,26.01,11.19,18.66,29.85,30.41,18.52,178.0,0.244,63.0,35.39,15.0,8.43,0.754,0.194,37.26,17.97,16.38,34.35,37.0,24.51
744922,2024-06-28,2024,605204,R,670950,R,field_out,False,False,100.0,0.22,23.0,23.0,6.0,6.0,0.609,0.099,35.45,19.2,13.47,32.66,26.58,27.06,390.0,0.249,110.0,28.21,40.0,10.26,0.742,0.1589999999999999,35.24,18.37,11.47,29.84,26.41,23.09,90.0,0.118,25.0,27.78,11.0,12.22,0.49,0.14500000000000002,26.01,11.19,18.66,29.85,30.41,18.52,178.0,0.244,63.0,35.39,15.0,8.43,0.754,0.194,37.26,17.97,16.38,34.35,37.0,24.51
744922,2024-06-28,2024,650402,R,670950,R,single,False,False,249.0,0.217,57.0,22.89,22.0,8.84,0.616,0.10900000000000001,25.53,11.78,16.55,28.33,21.29,16.43,544.0,0.273,78.0,14.34,50.0,9.19,0.772,0.1589999999999999,21.74,10.32,15.57,25.89,26.86,11.29,90.0,0.118,25.0,27.78,11.0,12.22,0.49,0.14500000000000002,26.01,11.19,18.66,29.85,30.41,18.52,178.0,0.244,63.0,35.39,15.0,8.43,0.754,0.194,37.26,17.97,16.38,34.35,37.0,24.51
744922,2024-06-28,2024,657077,L,670950,R,double,False,False,234.0,0.262,32.0,13.68,16.0,6.84,0.738,0.16799999999999998,14.6,6.7,19.86,26.56,27.21,12.7,441.0,0.279,66.0,14.97,30.0,6.8,0.793,0.185,15.08,6.28,20.52,26.8,22.64,14.93,69.0,0.129,15.0,21.74,5.0,7.25,0.401,0.08099999999999999,22.31,9.64,20.71,30.36,28.86,17.65,138.0,0.207,42.0,30.43,20.0,14.49,0.724,0.198,36.69,16.72,15.57,32.3,37.93,19.44
744922,2024-06-28,2024,518934,R,670950,R,double,False,False,56.0,0.184,13.0,23.21,6.0,10.71,0.457,0.0,20.21,9.0,22.75,31.75,30.34,21.67,450.0,0.241,100.0,22.22,45.0,10.0,0.7070000000000001,0.146,19.38,7.76,24.06,31.82,23.84,20.0,90.0,0.118,25.0,27.78,11.0,12.22,0.49,0.14500000000000002,26.01,11.19,18.66,29.85,30.41,18.52,178.0,0.244,63.0,35.39,15.0,8.43,0.754,0.194,37.26,17.97,16.38,34.35,37.0,24.51
744922,2024-06-28,2024,624431,R,670950,R,field_out,False,False,96.0,0.27,17.0,17.71,5.0,5.21,0.716,0.134,19.85,8.13,23.8,31.93,31.61,21.79,125.0,0.19,20.0,16.0,5.0,4.0,0.495,0.069,18.59,8.22,23.33,31.56,37.86,15.5,90.0,0.118,25.0,27.78,11.0,12.22,0.49,0.14500000000000002,26.01,11.19,18.66,29.85,30.41,18.52,178.0,0.244,63.0,35.39,15.0,8.43,0.754,0.194,37.26,17.97,16.38,34.35,37.0,24.51
744922,2024-06-28,2024,643376,R,592454,R,single,False,False,141.0,0.224,22.0,15.6,14.0,9.93,0.737,0.208,17.95,7.24,20.0,27.24,20.57,12.43,215.0,0.237,46.0,21.4,16.0,7.44,0.784,0.221,25.13,11.59,15.17,26.76,23.75,20.09,30.0,0.25,6.0,20.0,6.0,20.0,0.983,0.33299999999999996,33.33,13.38,13.38,26.76,22.99,13.33,80.0,0.191,26.0,32.5,10.0,12.5,0.583,0.088,41.03,19.57,15.6,35.17,27.84,26.0
744922,2024-06-28,2024,680718,L,592454,R,strikeout,True,False,46.0,0.205,13.0,28.26,1.0,2.17,0.472,0.04500000000000001,27.06,13.69,19.64,33.33,36.47,26.53,,,,,,,,,,,,,,,20.0,0.111,9.0,45.0,1.0,5.0,0.311,0.0,52.38,25.58,15.12,40.7,38.18,32.14,85.0,0.176,22.0,25.88,9.0,10.59,0.637,0.202,29.22,12.47,19.67,32.13,30.46,19.82
744922,2024-06-28,2024,643396,R,592454,R,grounded_into_double_play,False,False,196.0,0.281,28.0,14.29,10.0,5.1,0.736,0.12899999999999995,14.98,6.93,21.54,28.46,32.92,16.47,273.0,0.246,54.0,19.78,17.0,6.23,0.6479999999999999,0.1069999999999999,19.6,9.05,20.2,29.25,28.6,15.56,30.0,0.25,6.0,20.0,6.0,20.0,0.983,0.33299999999999996,33.33,13.38,13.38,26.76,22.99,13.33,80.0,0.191,26.0,32.5,10.0,12.5,0.583,0.088,41.03,19.57,15.6,35.17,27.84,26.0
744922,2024-06-28,2024,663330,R,641835,L,single,False,False,13.0,0.273,3.0,23.08,2.0,15.38,1.112,0.45399999999999996,31.58,13.04,19.57,32.61,10.0,17.65,8.0,0.25,3.0,37.5,0.0,0.0,0.625,0.125,18.75,9.38,15.62,25.0,18.75,30.0,59.0,0.346,11.0,18.64,5.0,8.47,1.025,0.28900000000000003,22.52,10.64,14.04,24.68,29.27,14.86,100.0,0.258,27.0,27.0,11.0,11.0,0.744,0.146,27.06,11.3,14.74,26.04,27.47,23.68
744922,2024-06-28,2024,683011,R,641835,L,single,False,False,101.0,0.272,19.0,18.81,8.0,7.92,0.7210000000000001,0.119,18.13,8.58,18.63,27.21,26.6,16.38,134.0,0.248,35.0,26.12,16.0,11.94,0.817,0.2309999999999999,28.81,13.49,15.8,29.29,27.07,23.49,59.0,0.346,11.0,18.64,5.0,8.47,1.025,0.28900000000000003,22.52,10.64,14.04,24.68,29.27,14.86,100.0,0.258,27.0,27.0,11.0,11.0,0.744,0.146,27.06,11.3,14.74,26.04,27.47,23.68
744922,2024-06-28,2024,665742,L,641835,L,single,False,False,103.0,0.312,15.0,14.56,20.0,19.42,0.9850000000000001,0.22600000000000003,15.98,6.09,19.86,25.96,19.0,11.45,207.0,0.256,48.0,23.19,33.0,15.94,0.813,0.18,25.32,9.65,20.51,30.16,20.61,20.17,57.0,0.265,5.0,8.77,7.0,12.28,0.698,0.08199999999999996,8.97,3.07,24.12,27.19,16.1,7.81,115.0,0.245,26.0,22.61,4.0,3.48,0.5609999999999999,0.0459999999999999,19.23,8.47,23.97,32.45,29.47,22.61
744922,2024-06-28,2024,592450,R,641835,L,single,False,False,84.0,0.295,22.0,26.19,22.0,26.19,1.193,0.41,36.64,13.33,15.0,28.33,17.71,22.68,74.0,0.274,21.0,28.38,11.0,14.86,1.0550000000000002,0.403,34.59,13.9,15.71,29.61,19.89,21.65,59.0,0.346,11.0,18.64,5.0,8.47,1.025,0.28900000000000003,22.52,10.64,14.04,24.68,29.27,14.86,100.0,0.258,27.0,27.0,11.0,11.0,0.744,0.146,27.06,11.3,14.74,26.04,27.47,23.68
744922,2024-06-28,2024,665828,R,641835,L,double,False,False,54.0,0.22,11.0,20.37,4.0,7.41,0.538,0.04000000000000001,16.16,7.8,18.05,25.85,28.12,16.92,70.0,0.2,21.0,30.0,3.0,4.29,0.597,0.1539999999999999,28.35,15.65,15.65,31.3,36.19,34.43,59.0,0.346,11.0,18.64,5.0,8.47,1.025,0.28900000000000003,22.52,10.64,14.04,24.68,29.27,14.86,100.0,0.258,27.0,27.0,11.0,11.0,0.744,0.146,27.06,11.3,14.74,26.04,27.47,23.68
744922,2024-06-28,2024,650402,R,670102,R,sac_fly,False,False,249.0,0.217,57.0,22.89,22.0,8.84,0.616,0.10900000000000001,25.53,11.78,16.55,28.33,21.29,16.43,544.0,0.273,78.0,14.34,50.0,9.19,0.772,0.1589999999999999,21.74,10.32,15.57,25.89,26.86,11.29,73.0,0.309,16.0,21.92,4.0,5.48,0.944,0.27899999999999997,20.61,10.51,16.34,26.85,23.48,21.33,63.0,0.145,22.0,34.92,6.0,9.52,0.5289999999999999,0.146,34.17,16.21,17.0,33.2,24.22,24.44
744922,2024-06-28,2024,657077,L,670102,R,single,False,False,234.0,0.262,32.0,13.68,16.0,6.84,0.738,0.16799999999999998,14.6,6.7,19.86,26.56,27.21,12.7,441.0,0.279,66.0,14.97,30.0,6.8,0.793,0.185,15.08,6.28,20.52,26.8,22.64,14.93,65.0,0.207,13.0,20.0,6.0,9.23,0.585,0.086,21.71,10.37,15.19,25.56,22.31,16.25,73.0,0.197,13.0,17.81,2.0,2.74,0.557,0.141,14.29,7.34,17.83,25.17,34.33,14.29
744922,2024-06-28,2024,518934,R,670102,R,field_out,False,False,56.0,0.184,13.0,23.21,6.0,10.71,0.457,0.0,20.21,9.0,22.75,31.75,30.34,21.67,450.0,0.241,100.0,22.22,45.0,10.0,0.7070000000000001,0.146,19.38,7.76,24.06,31.82,23.84,20.0,73.0,0.309,16.0,21.92,4.0,5.48,0.944,0.27899999999999997,20.61,10.51,16.34,26.85,23.48,21.33,63.0,0.145,22.0,34.92,6.0,9.52,0.5289999999999999,0.146,34.17,16.21,17.0,33.2,24.22,24.44
744922,2024-06-28,2024,624431,R,670102,R,double,False,False,96.0,0.27,17.0,17.71,5.0,5.21,0.716,0.134,19.85,8.13,23.8,31.93,31.61,21.79,125.0,0.19,20.0,16.0,5.0,4.0,0.495,0.069,18.59,8.22,23.33,31.56,37.86,15.5,73.0,0.309,16.0,21.92,4.0,5.48,0.944,0.27899999999999997,20.61,10.51,16.34,26.85,23.48,21.33,63.0,0.145,22.0,34.92,6.0,9.52,0.5289999999999999,0.146,34.17,16.21,17.0,33.2,24.22,24.44
744922,2024-06-28,2024,663330,R,670102,R,single,False,False,18.0,0.133,5.0,27.78,0.0,0.0,0.368,0.0,20.83,10.64,21.28,31.91,33.33,45.45,3.0,0.0,2.0,66.67,1.0,33.33,0.333,0.0,57.14,23.53,17.65,41.18,14.29,28.57,73.0,0.309,16.0,21.92,4.0,5.48,0.944,0.27899999999999997,20.61,10.51,16.34,26.85,23.48,21.33,63.0,0.145,22.0,34.92,6.0,9.52,0.5289999999999999,0.146,34.17,16.21,17.0,33.2,24.22,24.44
744922,2024-06-28,2024,683011,R,670102,R,field_out,False,False,276.0,0.264,61.0,22.1,18.0,6.52,0.724,0.14,23.85,11.51,18.29,29.81,30.21,19.06,467.0,0.198,132.0,28.27,36.0,7.71,0.624,0.1579999999999999,28.15,13.53,17.49,31.02,29.16,23.4,73.0,0.309,16.0,21.92,4.0,5.48,0.944,0.27899999999999997,20.61,10.51,16.34,26.85,23.48,21.33,63.0,0.145,22.0,34.92,6.0,9.52,0.5289999999999999,0.146,34.17,16.21,17.0,33.2,24.22,24.44
744922,2024-06-28,2024,666182,R,657612,L,field_out,False,False,56.0,0.151,8.0,14.29,3.0,5.36,0.366,0.019000000000000017,12.9,7.92,8.91,16.83,38.38,11.94,107.0,0.323,13.0,12.15,7.0,6.54,0.893,0.202,17.62,9.88,9.88,19.75,30.5,10.32,79.0,0.375,10.0,12.66,6.0,7.59,0.849,0.055999999999999994,13.1,6.25,15.46,21.71,21.71,11.9,110.0,0.378,15.0,13.64,9.0,8.18,1.037,0.2239999999999999,16.49,8.31,14.03,22.34,25.41,14.71
744922,2024-06-28,2024,687462,L,657612,L,field_out,False,False,4.0,0.25,0.0,0.0,0.0,0.0,0.5,0.0,0.0,0.0,30.0,30.0,60.0,0.0,6.0,0.2,2.0,33.33,1.0,16.67,0.533,0.0,36.36,17.39,17.39,34.78,27.27,18.18,57.0,0.385,4.0,7.02,4.0,7.02,0.901,0.07700000000000001,12.9,6.59,15.93,22.53,38.27,8.89,92.0,0.275,11.0,11.96,5.0,5.43,0.752,0.125,13.33,6.61,18.32,24.92,35.48,10.58
744922,2024-06-28,2024,665489,R,657612,L,single,False,False,64.0,0.245,8.0,12.5,11.0,17.19,0.771,0.15100000000000002,23.23,9.62,15.9,25.52,22.83,12.9,124.0,0.284,15.0,12.1,19.0,15.32,0.766,0.079,18.93,8.25,16.07,24.31,22.78,13.51,79.0,0.375,10.0,12.66,6.0,7.59,0.849,0.055999999999999994,13.1,6.25,15.46,21.71,21.71,11.9,110.0,0.378,15.0,13.64,9.0,8.18,1.037,0.2239999999999999,16.49,8.31,14.03,22.34,25.41,14.71
744922,2024-06-28,2024,457759,R,657612,L,force_out,False,False,60.0,0.315,10.0,16.67,5.0,8.33,0.848,0.16599999999999998,10.4,4.64,20.36,25.0,25.56,9.71,164.0,0.285,32.0,19.51,18.0,10.98,0.9,0.243,20.38,9.35,18.71,28.06,27.41,13.45,79.0,0.375,10.0,12.66,6.0,7.59,0.849,0.055999999999999994,13.1,6.25,15.46,21.71,21.71,11.9,110.0,0.378,15.0,13.64,9.0,8.18,1.037,0.2239999999999999,16.49,8.31,14.03,22.34,25.41,14.71
745070,2024-06-28,2024,682928,L,621107,R,hit_by_pitch,False,False,230.0,0.263,42.0,18.26,17.0,7.39,0.8140000000000001,0.22499999999999998,22.58,12.24,13.29,25.52,39.23,15.44,446.0,0.274,78.0,17.49,24.0,5.38,0.786,0.19,21.76,11.82,12.69,24.5,35.86,16.63,146.0,0.239,31.0,21.23,4.0,2.74,0.626,0.127,21.52,10.37,18.7,29.07,28.57,26.5,345.0,0.21,80.0,23.19,13.0,3.77,0.594,0.144,21.17,10.93,16.75,27.67,33.11,21.82
745070,2024-06-28,2024,657041,R,621107,R,field_out,False,False,159.0,0.21,40.0,25.16,13.0,8.18,0.648,0.168,22.22,9.02,21.9,30.92,19.47,21.28,490.0,0.242,143.0,29.18,23.0,4.69,0.719,0.185,26.09,11.34,20.58,31.92,28.6,24.48,191.0,0.283,32.0,16.75,2.0,1.05,0.7849999999999999,0.20900000000000002,21.76,11.25,18.24,29.48,32.99,16.33,361.0,0.259,106.0,29.36,11.0,3.05,0.6890000000000001,0.143,27.2,13.04,21.18,34.21,34.97,26.5
745070,2024-06-28,2024,608385,L,621107,R,strikeout,True,False,214.0,0.269,44.0,20.56,31.0,14.49,0.8380000000000001,0.177,21.09,8.91,16.61,25.52,17.65,14.92,184.0,0.2,46.0,25.0,24.0,13.04,0.5660000000000001,0.0449999999999999,25.91,11.04,17.01,28.05,20.4,17.9,146.0,0.239,31.0,21.23,4.0,2.74,0.626,0.127,21.52,10.37,18.7,29.07,28.57,26.5,345.0,0.21,80.0,23.19,13.0,3.77,0.594,0.144,21.17,10.93,16.75,27.67,33.11,21.82
745070,2024-06-28,2024,608841,R,621107,R,field_out,False,False,199.0,0.266,33.0,16.58,13.0,6.53,0.6659999999999999,0.08399999999999996,20.99,10.51,13.83,24.34,28.01,16.34,471.0,0.268,97.0,20.59,28.0,5.94,0.7030000000000001,0.12,23.85,11.18,18.94,30.12,30.48,17.38,191.0,0.283,32.0,16.75,2.0,1.05,0.7849999999999999,0.20900000000000002,21.76,11.25,18.24,29.48,32.99,16.33,361.0,0.259,106.0,29.36,11.0,3.05,0.6890000000000001,0.143,27.2,13.04,21.18,34.21,34.97,26.5
745070,2024-06-28,2024,650490,R,680730,L,field_out,False,False,83.0,0.303,8.0,9.64,5.0,6.02,0.745,0.10499999999999998,10.42,4.82,16.08,20.9,20.69,11.11,139.0,0.355,22.0,15.83,16.0,11.51,1.101,0.314,16.87,7.31,16.22,23.53,19.53,13.75,221.0,0.211,41.0,18.55,14.0,6.33,0.5900000000000001,0.11700000000000002,21.0,10.95,15.6,26.55,32.49,16.33,,,,,,,,,,,,,,
745070,2024-06-28,2024,668227,R,680730,L,strikeout,True,False,77.0,0.18,14.0,18.18,14.0,18.18,0.7190000000000001,0.197,27.05,10.34,19.12,29.47,18.39,16.87,138.0,0.254,37.0,26.81,18.0,13.04,0.8280000000000001,0.212,26.44,11.46,18.11,29.57,29.32,19.68,221.0,0.211,41.0,18.55,14.0,6.33,0.5900000000000001,0.11700000000000002,21.0,10.95,15.6,26.55,32.49,16.33,,,,,,,,,,,,,,
745070,2024-06-28,2024,642708,R,680730,L,single,False,False,73.0,0.3,12.0,16.44,2.0,2.74,0.758,0.14300000000000002,26.95,15.02,15.42,30.43,38.89,16.9,193.0,0.282,27.0,13.99,11.0,5.7,0.768,0.16,18.35,9.79,15.18,24.96,39.07,12.33,221.0,0.211,41.0,18.55,14.0,6.33,0.5900000000000001,0.11700000000000002,21.0,10.95,15.6,26.55,32.49,16.33,,,,,,,,,,,,,,
745070,2024-06-28,2024,670623,R,680730,L,field_out,False,False,76.0,0.265,15.0,19.74,7.0,9.21,0.724,0.11699999999999999,21.05,8.95,23.0,31.95,28.14,15.31,136.0,0.259,22.0,16.18,15.0,11.03,0.773,0.146,17.06,7.6,18.37,25.97,26.71,12.64,221.0,0.211,41.0,18.55,14.0,6.33,0.5900000000000001,0.11700000000000002,21.0,10.95,15.6,26.55,32.49,16.33,,,,,,,,,,,,,,
745070,2024-06-28,2024,671277,L,621107,R,field_out,False,False,213.0,0.273,33.0,15.49,8.0,3.76,0.724,0.15099999999999997,21.52,11.1,15.56,26.66,35.77,16.26,355.0,0.268,44.0,12.39,23.0,6.48,0.6950000000000001,0.1129999999999999,17.54,8.86,13.52,22.38,31.84,12.54,146.0,0.239,31.0,21.23,4.0,2.74,0.626,0.127,21.52,10.37,18.7,29.07,28.57,26.5,345.0,0.21,80.0,23.19,13.0,3.77,0.594,0.144,21.17,10.93,16.75,27.67,33.11,21.82
745070,2024-06-28,2024,660688,L,621107,R,strikeout,True,False,162.0,0.203,20.0,12.35,4.0,2.47,0.536,0.09799999999999998,12.18,6.3,17.75,24.05,36.92,16.13,403.0,0.249,48.0,11.91,25.0,6.2,0.712,0.1629999999999999,14.96,7.67,15.92,23.59,36.49,14.77,146.0,0.239,31.0,21.23,4.0,2.74,0.626,0.127,21.52,10.37,18.7,29.07,28.57,26.5,345.0,0.21,80.0,23.19,13.0,3.77,0.594,0.144,21.17,10.93,16.75,27.67,33.11,21.82
745070,2024-06-28,2024,592696,L,621107,R,single,False,False,200.0,0.181,49.0,24.5,10.0,5.0,0.572,0.16999999999999998,28.75,15.03,15.56,30.59,36.88,20.94,449.0,0.258,104.0,23.16,29.0,6.46,0.762,0.199,29.98,17.01,12.43,29.45,43.87,20.59,146.0,0.239,31.0,21.23,4.0,2.74,0.626,0.127,21.52,10.37,18.7,29.07,28.57,26.5,345.0,0.21,80.0,23.19,13.0,3.77,0.594,0.144,21.17,10.93,16.75,27.67,33.11,21.82
745070,2024-06-28,2024,669222,R,621107,R,field_out,False,False,157.0,0.221,40.0,25.48,19.0,12.1,0.681,0.13899999999999998,27.57,12.65,18.21,30.86,23.47,23.95,205.0,0.164,51.0,24.88,18.0,8.78,0.497,0.093,25.27,12.43,15.64,28.07,26.72,23.15,191.0,0.283,32.0,16.75,2.0,1.05,0.7849999999999999,0.20900000000000002,21.76,11.25,18.24,29.48,32.99,16.33,361.0,0.259,106.0,29.36,11.0,3.05,0.6890000000000001,0.143,27.2,13.04,21.18,34.21,34.97,26.5
745070,2024-06-28,2024,642350,R,680730,L,home_run,False,False,60.0,0.222,21.0,35.0,5.0,8.33,0.746,0.24100000000000002,40.88,21.05,12.78,33.83,31.11,21.88,93.0,0.198,37.0,39.78,4.0,4.3,0.647,0.2209999999999999,43.46,22.99,15.24,38.23,37.84,32.17,221.0,0.211,41.0,18.55,14.0,6.33,0.5900000000000001,0.11700000000000002,21.0,10.95,15.6,26.55,32.49,16.33,,,,,,,,,,,,,,
745070,2024-06-28,2024,676356,R,680730,L,strikeout,True,False,39.0,0.152,9.0,23.08,5.0,12.82,0.5960000000000001,0.18100000000000002,27.71,14.29,12.42,26.71,33.75,16.36,35.0,0.281,8.0,22.86,3.0,8.57,0.7490000000000001,0.125,27.78,15.15,13.64,28.79,41.67,17.78,221.0,0.211,41.0,18.55,14.0,6.33,0.5900000000000001,0.11700000000000002,21.0,10.95,15.6,26.55,32.49,16.33,,,,,,,,,,,,,,
745070,2024-06-28,2024,676609,R,680730,L,double,False,False,53.0,0.277,21.0,39.62,2.0,3.77,0.759,0.14899999999999997,39.29,21.26,19.32,40.58,42.86,25.93,124.0,0.265,29.0,23.39,13.0,10.48,0.758,0.0979999999999999,21.43,9.88,19.38,29.26,31.78,17.26,221.0,0.211,41.0,18.55,14.0,6.33,0.5900000000000001,0.11700000000000002,21.0,10.95,15.6,26.55,32.49,16.33,,,,,,,,,,,,,,
745070,2024-06-28,2024,670764,R,680730,L,strikeout,True,False,14.0,0.214,7.0,50.0,0.0,0.0,0.5,0.07199999999999998,45.45,16.67,23.33,40.0,21.21,35.0,92.0,0.262,23.0,25.0,11.0,11.96,0.7769999999999999,0.1629999999999999,29.38,13.09,17.27,30.36,20.23,24.21,221.0,0.211,41.0,18.55,14.0,6.33,0.5900000000000001,0.11700000000000002,21.0,10.95,15.6,26.55,32.49,16.33,,,,,,,,,,,,,,
745070,2024-06-28,2024,656577,R,680730,L,field_out,False,False,25.0,0.095,11.0,44.0,3.0,12.0,0.29500000000000004,0.0,34.38,19.64,8.93,28.57,42.42,23.4,,,,,,,,,,,,,,,221.0,0.211,41.0,18.55,14.0,6.33,0.5900000000000001,0.11700000000000002,21.0,10.95,15.6,26.55,32.49,16.33,,,,,,,,,,,,,,
745070,2024-06-28,2024,696285,R,621107,R,double,False,False,164.0,0.24,34.0,20.73,9.0,5.49,0.592,0.04799999999999999,22.52,10.05,21.98,32.03,29.79,23.29,93.0,0.268,17.0,18.28,7.0,7.53,0.687,0.0859999999999999,21.38,9.8,20.46,30.26,30.36,15.74,191.0,0.283,32.0,16.75,2.0,1.05,0.7849999999999999,0.20900000000000002,21.76,11.25,18.24,29.48,32.99,16.33,361.0,0.259,106.0,29.36,11.0,3.05,0.6890000000000001,0.143,27.2,13.04,21.18,34.21,34.97,26.5
745070,2024-06-28,2024,682928,L,621107,R,field_out,False,False,230.0,0.263,42.0,18.26,17.0,7.39,0.8140000000000001,0.22499999999999998,22.58,12.24,13.29,25.52,39.23,15.44,446.0,0.274,78.0,17.49,24.0,5.38,0.786,0.19,21.76,11.82,12.69,24.5,35.86,16.63,146.0,0.239,31.0,21.23,4.0,2.74,0.626,0.127,21.52,10.37,18.7,29.07,28.57,26.5,345.0,0.21,80.0,23.19,13.0,3.77,0.594,0.144,21.17,10.93,16.75,27.67,33.11,21.82
745070,2024-06-28,2024,657041,R,621107,R,fielders_choice_out,False,False,159.0,0.21,40.0,25.16,13.0,8.18,0.648,0.168,22.22,9.02,21.9,30.92,19.47,21.28,490.0,0.242,143.0,29.18,23.0,4.69,0.719,0.185,26.09,11.34,20.58,31.92,28.6,24.48,191.0,0.283,32.0,16.75,2.0,1.05,0.7849999999999999,0.20900000000000002,21.76,11.25,18.24,29.48,32.99,16.33,361.0,0.259,106.0,29.36,11.0,3.05,0.6890000000000001,0.143,27.2,13.04,21.18,34.21,34.97,26.5
745070,2024-06-28,2024,545121,L,621107,R,field_out,False,False,96.0,0.241,7.0,7.29,9.0,9.38,0.612,0.063,11.97,5.01,21.24,26.25,24.56,9.21,179.0,0.226,11.0,6.15,15.0,8.38,0.58,0.0629999999999999,13.38,5.9,20.34,26.24,25.61,7.28,146.0,0.239,31.0,21.23,4.0,2.74,0.626,0.127,21.52,10.37,18.7,29.07,28.57,26.5,345.0,0.21,80.0,23.19,13.0,3.77,0.594,0.144,21.17,10.93,16.75,27.67,33.11,21.82
745070,2024-06-28,2024,650490,R,680730,L,single,False,False,83.0,0.303,8.0,9.64,5.0,6.02,0.745,0.10499999999999998,10.42,4.82,16.08,20.9,20.69,11.11,139.0,0.355,22.0,15.83,16.0,11.51,1.101,0.314,16.87,7.31,16.22,23.53,19.53,13.75,221.0,0.211,41.0,18.55,14.0,6.33,0.5900000000000001,0.11700000000000002,21.0,10.95,15.6,26.55,32.49,16.33,,,,,,,,,,,,,,
745070,2024-06-28,2024,668227,R,680730,L,force_out,False,False,77.0,0.18,14.0,18.18,14.0,18.18,0.7190000000000001,0.197,27.05,10.34,19.12,29.47,18.39,16.87,138.0,0.254,37.0,26.81,18.0,13.04,0.8280000000000001,0.212,26.44,11.46,18.11,29.57,29.32,19.68,221.0,0.211,41.0,18.55,14.0,6.33,0.5900000000000001,0.11700000000000002,21.0,10.95,15.6,26.55,32.49,16.33,,,,,,,,,,,,,,
745070,2024-06-28,2024,642708,R,680730,L,field_out,False,False,73.0,0.3,12.0,16.44,2.0,2.74,0.758,0.14300000000000002,26.95,15.02,15.42,30.43,38.89,16.9,193.0,0.282,27.0,13.99,11.0,5.7,0.768,0.16,18.35,9.79,15.18,24.96,39.07,12.33,221.0,0.211,41.0,18.55,14.0,6.33,0.5900000000000001,0.11700000000000002,21.0,10.95,15.6,26.55,32.49,16.33,,,,,,,,,,,,,,
745070,2024-06-28,2024,670623,R,680730,L,single,False,False,76.0,0.265,15.0,19.74,7.0,9.21,0.724,0.11699999999999999,21.05,8.95,23.0,31.95,28.14,15.31,136.0,0.259,22.0,16.18,15.0,11.03,0.773,0.146,17.06,7.6,18.37,25.97,26.71,12.64,221.0,0.211,41.0,18.55,14.0,6.33,0.5900000000000001,0.11700000000000002,21.0,10.95,15.6,26.55,32.49,16.33,,,,,,,,,,,,,,
745070,2024-06-28,2024,642350,R,680730,L,walk,False,True,60.0,0.222,21.0,35.0,5.0,8.33,0.746,0.24100000000000002,40.88,21.05,12.78,33.83,31.11,21.88,93.0,0.198,37.0,39.78,4.0,4.3,0.647,0.2209999999999999,43.46,22.99,15.24,38.23,37.84,32.17,221.0,0.211,41.0,18.55,14.0,6.33,0.5900000000000001,0.11700000000000002,21.0,10.95,15.6,26.55,32.49,16.33,,,,,,,,,,,,,,
745070,2024-06-28,2024,676356,R,680730,L,single,False,False,39.0,0.152,9.0,23.08,5.0,12.82,0.5960000000000001,0.18100000000000002,27.71,14.29,12.42,26.71,33.75,16.36,35.0,0.281,8.0,22.86,3.0,8.57,0.7490000000000001,0.125,27.78,15.15,13.64,28.79,41.67,17.78,221.0,0.211,41.0,18.55,14.0,6.33,0.5900000000000001,0.11700000000000002,21.0,10.95,15.6,26.55,32.49,16.33,,,,,,,,,,,,,,
745070,2024-06-28,2024,676609,R,680730,L,strikeout,True,False,53.0,0.277,21.0,39.62,2.0,3.77,0.759,0.14899999999999997,39.29,21.26,19.32,40.58,42.86,25.93,124.0,0.265,29.0,23.39,13.0,10.48,0.758,0.0979999999999999,21.43,9.88,19.38,29.26,31.78,17.26,221.0,0.211,41.0,18.55,14.0,6.33,0.5900000000000001,0.11700000000000002,21.0,10.95,15.6,26.55,32.49,16.33,,,,,,,,,,,,,,
745070,2024-06-28,2024,608841,R,621107,R,strikeout,True,False,199.0,0.266,33.0,16.58,13.0,6.53,0.6659999999999999,0.08399999999999996,20.99,10.51,13.83,24.34,28.01,16.34,471.0,0.268,97.0,20.59,28.0,5.94,0.7030000000000001,0.12,23.85,11.18,18.94,30.12,30.48,17.38,191.0,0.283,32.0,16.75,2.0,1.05,0.7849999999999999,0.20900000000000002,21.76,11.25,18.24,29.48,32.99,16.33,361.0,0.259,106.0,29.36,11.0,3.05,0.6890000000000001,0.143,27.2,13.04,21.18,34.21,34.97,26.5
745070,2024-06-28,2024,671277,L,621107,R,single,False,False,213.0,0.273,33.0,15.49,8.0,3.76,0.724,0.15099999999999997,21.52,11.1,15.56,26.66,35.77,16.26,355.0,0.268,44.0,12.39,23.0,6.48,0.6950000000000001,0.1129999999999999,17.54,8.86,13.52,22.38,31.84,12.54,146.0,0.239,31.0,21.23,4.0,2.74,0.626,0.127,21.52,10.37,18.7,29.07,28.57,26.5,345.0,0.21,80.0,23.19,13.0,3.77,0.594,0.144,21.17,10.93,16.75,27.67,33.11,21.82
745070,2024-06-28,2024,660688,L,621107,R,strikeout,True,False,162.0,0.203,20.0,12.35,4.0,2.47,0.536,0.09799999999999998,12.18,6.3,17.75,24.05,36.92,16.13,403.0,0.249,48.0,11.91,25.0,6.2,0.712,0.1629999999999999,14.96,7.67,15.92,23.59,36.49,14.77,146.0,0.239,31.0,21.23,4.0,2.74,0.626,0.127,21.52,10.37,18.7,29.07,28.57,26.5,345.0,0.21,80.0,23.19,13.0,3.77,0.594,0.144,21.17,10.93,16.75,27.67,33.11,21.82
745070,2024-06-28,2024,592696,L,621107,R,strikeout,True,False,200.0,0.181,49.0,24.5,10.0,5.0,0.572,0.16999999999999998,28.75,15.03,15.56,30.59,36.88,20.94,449.0,0.258,104.0,23.16,29.0,6.46,0.762,0.199,29.98,17.01,12.43,29.45,43.87,20.59,146.0,0.239,31.0,21.23,4.0,2.74,0.626,0.127,21.52,10.37,18.7,29.07,28.57,26.5,345.0,0.21,80.0,23.19,13.0,3.77,0.594,0.144,21.17,10.93,16.75,27.67,33.11,21.82
745070,2024-06-28,2024,670764,R,680730,L,strikeout,True,False,14.0,0.214,7.0,50.0,0.0,0.0,0.5,0.07199999999999998,45.45,16.67,23.33,40.0,21.21,35.0,92.0,0.262,23.0,25.0,11.0,11.96,0.7769999999999999,0.1629999999999999,29.38,13.09,17.27,30.36,20.23,24.21,221.0,0.211,41.0,18.55,14.0,6.33,0.5900000000000001,0.11700000000000002,21.0,10.95,15.6,26.55,32.49,16.33,,,,,,,,,,,,,,
745070,2024-06-28,2024,656577,R,680730,L,field_out,False,False,25.0,0.095,11.0,44.0,3.0,12.0,0.29500000000000004,0.0,34.38,19.64,8.93,28.57,42.42,23.4,,,,,,,,,,,,,,,221.0,0.211,41.0,18.55,14.0,6.33,0.5900000000000001,0.11700000000000002,21.0,10.95,15.6,26.55,32.49,16.33,,,,,,,,,,,,,,
745070,2024-06-28,2024,650490,R,680730,L,field_out,False,False,83.0,0.303,8.0,9.64,5.0,6.02,0.745,0.10499999999999998,10.42,4.82,16.08,20.9,20.69,11.11,139.0,0.355,22.0,15.83,16.0,11.51,1.101,0.314,16.87,7.31,16.22,23.53,19.53,13.75,221.0,0.211,41.0,18.55,14.0,6.33,0.5900000000000001,0.11700000000000002,21.0,10.95,15.6,26.55,32.49,16.33,,,,,,,,,,,,,,
745070,2024-06-28,2024,669222,R,621107,R,strikeout,True,False,157.0,0.221,40.0,25.48,19.0,12.1,0.681,0.13899999999999998,27.57,12.65,18.21,30.86,23.47,23.95,205.0,0.164,51.0,24.88,18.0,8.78,0.497,0.093,25.27,12.43,15.64,28.07,26.72,23.15,191.0,0.283,32.0,16.75,2.0,1.05,0.7849999999999999,0.20900000000000002,21.76,11.25,18.24,29.48,32.99,16.33,361.0,0.259,106.0,29.36,11.0,3.05,0.6890000000000001,0.143,27.2,13.04,21.18,34.21,34.97,26.5
745070,2024-06-28,2024,696285,R,621107,R,field_out,False,False,164.0,0.24,34.0,20.73,9.0,5.49,0.592,0.04799999999999999,22.52,10.05,21.98,32.03,29.79,23.29,93.0,0.268,17.0,18.28,7.0,7.53,0.687,0.0859999999999999,21.38,9.8,20.46,30.26,30.36,15.74,191.0,0.283,32.0,16.75,2.0,1.05,0.7849999999999999,0.20900000000000002,21.76,11.25,18.24,29.48,32.99,16.33,361.0,0.259,106.0,29.36,11.0,3.05,0.6890000000000001,0.143,27.2,13.04,21.18,34.21,34.97,26.5
745070,2024-06-28,2024,682928,L,621107,R,field_out,False,False,230.0,0.263,42.0,18.26,17.0,7.39,0.8140000000000001,0.22499999999999998,22.58,12.24,13.29,25.52,39.23,15.44,446.0,0.274,78.0,17.49,24.0,5.38,0.786,0.19,21.76,11.82,12.69,24.5,35.86,16.63,146.0,0.239,31.0,21.23,4.0,2.74,0.626,0.127,21.52,10.37,18.7,29.07,28.57,26.5,345.0,0.21,80.0,23.19,13.0,3.77,0.594,0.144,21.17,10.93,16.75,27.67,33.11,21.82
745070,2024-06-28,2024,668227,R,680730,L,field_out,False,False,77.0,0.18,14.0,18.18,14.0,18.18,0.7190000000000001,0.197,27.05,10.34,19.12,29.47,18.39,16.87,138.0,0.254,37.0,26.81,18.0,13.04,0.8280000000000001,0.212,26.44,11.46,18.11,29.57,29.32,19.68,221.0,0.211,41.0,18.55,14.0,6.33,0.5900000000000001,0.11700000000000002,21.0,10.95,15.6,26.55,32.49,16.33,,,,,,,,,,,,,,
745070,2024-06-28,2024,642708,R,680730,L,field_out,False,False,73.0,0.3,12.0,16.44,2.0,2.74,0.758,0.14300000000000002,26.95,15.02,15.42,30.43,38.89,16.9,193.0,0.282,27.0,13.99,11.0,5.7,0.768,0.16,18.35,9.79,15.18,24.96,39.07,12.33,221.0,0.211,41.0,18.55,14.0,6.33,0.5900000000000001,0.11700000000000002,21.0,10.95,15.6,26.55,32.49,16.33,,,,,,,,,,,,,,
745070,2024-06-28,2024,670623,R,680730,L,field_out,False,False,76.0,0.265,15.0,19.74,7.0,9.21,0.724,0.11699999999999999,21.05,8.95,23.0,31.95,28.14,15.31,136.0,0.259,22.0,16.18,15.0,11.03,0.773,0.146,17.06,7.6,18.37,25.97,26.71,12.64,221.0,0.211,41.0,18.55,14.0,6.33,0.5900000000000001,0.11700000000000002,21.0,10.95,15.6,26.55,32.49,16.33,,,,,,,,,,,,,,
745070,2024-06-28,2024,657041,R,621107,R,field_out,False,False,159.0,0.21,40.0,25.16,13.0,8.18,0.648,0.168,22.22,9.02,21.9,30.92,19.47,21.28,490.0,0.242,143.0,29.18,23.0,4.69,0.719,0.185,26.09,11.34,20.58,31.92,28.6,24.48,191.0,0.283,32.0,16.75,2.0,1.05,0.7849999999999999,0.20900000000000002,21.76,11.25,18.24,29.48,32.99,16.33,361.0,0.259,106.0,29.36,11.0,3.05,0.6890000000000001,0.143,27.2,13.04,21.18,34.21,34.97,26.5
745070,2024-06-28,2024,545121,L,621107,R,single,False,False,96.0,0.241,7.0,7.29,9.0,9.38,0.612,0.063,11.97,5.01,21.24,26.25,24.56,9.21,179.0,0.226,11.0,6.15,15.0,8.38,0.58,0.0629999999999999,13.38,5.9,20.34,26.24,25.61,7.28,146.0,0.239,31.0,21.23,4.0,2.74,0.626,0.127,21.52,10.37,18.7,29.07,28.57,26.5,345.0,0.21,80.0,23.19,13.0,3.77,0.594,0.144,21.17,10.93,16.75,27.67,33.11,21.82
745070,2024-06-28,2024,608841,R,621107,R,walk,False,True,199.0,0.266,33.0,16.58,13.0,6.53,0.6659999999999999,0.08399999999999996,20.99,10.51,13.83,24.34,28.01,16.34,471.0,0.268,97.0,20.59,28.0,5.94,0.7030000000000001,0.12,23.85,11.18,18.94,30.12,30.48,17.38,191.0,0.283,32.0,16.75,2.0,1.05,0.7849999999999999,0.20900000000000002,21.76,11.25,18.24,29.48,32.99,16.33,361.0,0.259,106.0,29.36,11.0,3.05,0.6890000000000001,0.143,27.2,13.04,21.18,34.21,34.97,26.5
745070,2024-06-28,2024,671277,L,621107,R,field_out,False,False,213.0,0.273,33.0,15.49,8.0,3.76,0.724,0.15099999999999997,21.52,11.1,15.56,26.66,35.77,16.26,355.0,0.268,44.0,12.39,23.0,6.48,0.6950000000000001,0.1129999999999999,17.54,8.86,13.52,22.38,31.84,12.54,146.0,0.239,31.0,21.23,4.0,2.74,0.626,0.127,21.52,10.37,18.7,29.07,28.57,26.5,345.0,0.21,80.0,23.19,13.0,3.77,0.594,0.144,21.17,10.93,16.75,27.67,33.11,21.82
745070,2024-06-28,2024,660688,L,621107,R,field_out,False,False,162.0,0.203,20.0,12.35,4.0,2.47,0.536,0.09799999999999998,12.18,6.3,17.75,24.05,36.92,16.13,403.0,0.249,48.0,11.91,25.0,6.2,0.712,0.1629999999999999,14.96,7.67,15.92,23.59,36.49,14.77,146.0,0.239,31.0,21.23,4.0,2.74,0.626,0.127,21.52,10.37,18.7,29.07,28.57,26.5,345.0,0.21,80.0,23.19,13.0,3.77,0.594,0.144,21.17,10.93,16.75,27.67,33.11,21.82
745070,2024-06-28,2024,642350,R,606930,R,home_run,False,False,182.0,0.209,66.0,36.26,15.0,8.24,0.663,0.158,37.13,17.32,19.69,37.01,32.23,27.39,271.0,0.23,93.0,34.32,16.0,5.9,0.801,0.29,39.19,20.65,15.06,35.71,37.69,31.08,73.0,0.257,16.0,21.92,1.0,1.37,0.631,0.11399999999999999,30.77,17.08,11.74,28.83,34.48,17.58,42.0,0.325,6.0,14.29,1.0,2.38,0.857,0.175,26.58,16.03,11.45,27.48,40.0,15.0
745070,2024-06-28,2024,676356,R,606930,R,field_out,False,False,96.0,0.151,23.0,23.96,7.0,7.29,0.453,0.07,25.71,13.2,16.13,29.33,38.38,20.91,10.0,0.2,0.0,0.0,0.0,0.0,0.7,0.3,19.05,11.43,11.43,22.86,44.44,0.0,73.0,0.257,16.0,21.92,1.0,1.37,0.631,0.11399999999999999,30.77,17.08,11.74,28.83,34.48,17.58,42.0,0.325,6.0,14.29,1.0,2.38,0.857,0.175,26.58,16.03,11.45,27.48,40.0,15.0
745070,2024-06-28,2024,676609,R,606930,R,field_out,False,False,201.0,0.235,48.0,23.88,13.0,6.47,0.632,0.09800000000000003,27.2,12.58,19.19,31.77,32.18,20.0,156.0,0.186,37.0,23.72,15.0,9.62,0.588,0.1009999999999999,24.9,10.03,24.36,34.39,27.59,18.69,73.0,0.257,16.0,21.92,1.0,1.37,0.631,0.11399999999999999,30.77,17.08,11.74,28.83,34.48,17.58,42.0,0.325,6.0,14.29,1.0,2.38,0.857,0.175,26.58,16.03,11.45,27.48,40.0,15.0
745070,2024-06-28,2024,670764,L,606930,R,walk,False,True,33.0,0.154,8.0,24.24,6.0,18.18,0.534,0.07700000000000001,32.73,14.63,12.2,26.83,12.7,30.77,257.0,0.179,69.0,26.85,33.0,12.84,0.588,0.121,26.28,11.1,17.87,28.97,16.97,23.15,43.0,0.222,5.0,11.63,6.0,13.95,0.687,0.13899999999999998,21.92,8.99,17.42,26.4,27.37,10.64,19.0,0.294,2.0,10.53,2.0,10.53,0.78,0.118,9.09,3.85,16.67,20.51,21.43,8.7
745070,2024-06-28,2024,656577,R,606930,R,field_out,False,False,49.0,0.068,21.0,42.86,3.0,6.12,0.31,0.11399999999999999,41.18,21.32,16.75,38.07,36.46,29.85,,,,,,,,,,,,,,,73.0,0.257,16.0,21.92,1.0,1.37,0.631,0.11399999999999999,30.77,17.08,11.74,28.83,34.48,17.58,42.0,0.325,6.0,14.29,1.0,2.38,0.857,0.175,26.58,16.03,11.45,27.48,40.0,15.0
745070,2024-06-28,2024,592696,L,687330,R,field_out,False,False,200.0,0.181,49.0,24.5,10.0,5.0,0.572,0.16999999999999998,28.75,15.03,15.56,30.59,36.88,20.94,449.0,0.258,104.0,23.16,29.0,6.46,0.762,0.199,29.98,17.01,12.43,29.45,43.87,20.59,53.0,0.235,10.0,18.87,0.0,0.0,0.6619999999999999,0.177,13.4,6.34,21.95,28.29,24.44,13.33,104.0,0.211,27.0,25.96,10.0,9.62,0.65,0.122,24.16,10.19,19.67,29.86,20.39,21.31
745070,2024-06-28,2024,669222,R,687330,R,strikeout,True,False,157.0,0.221,40.0,25.48,19.0,12.1,0.681,0.13899999999999998,27.57,12.65,18.21,30.86,23.47,23.95,205.0,0.164,51.0,24.88,18.0,8.78,0.497,0.093,25.27,12.43,15.64,28.07,26.72,23.15,88.0,0.25,24.0,27.27,4.0,4.55,0.6639999999999999,0.11199999999999999,22.48,9.29,26.28,35.58,28.47,25.26,172.0,0.211,29.0,16.86,5.0,2.91,0.554,0.0809999999999999,21.07,9.75,21.21,30.96,29.68,13.74
745070,2024-06-28,2024,696285,R,687330,R,double,False,False,164.0,0.24,34.0,20.73,9.0,5.49,0.592,0.04799999999999999,22.52,10.05,21.98,32.03,29.79,23.29,93.0,0.268,17.0,18.28,7.0,7.53,0.687,0.0859999999999999,21.38,9.8,20.46,30.26,30.36,15.74,88.0,0.25,24.0,27.27,4.0,4.55,0.6639999999999999,0.11199999999999999,22.48,9.29,26.28,35.58,28.47,25.26,172.0,0.211,29.0,16.86,5.0,2.91,0.554,0.0809999999999999,21.07,9.75,21.21,30.96,29.68,13.74
745070,2024-06-28,2024,682928,L,687330,R,hit_by_pitch,False,False,230.0,0.263,42.0,18.26,17.0,7.39,0.8140000000000001,0.22499999999999998,22.58,12.24,13.29,25.52,39.23,15.44,446.0,0.274,78.0,17.49,24.0,5.38,0.786,0.19,21.76,11.82,12.69,24.5,35.86,16.63,53.0,0.235,10.0,18.87,0.0,0.0,0.6619999999999999,0.177,13.4,6.34,21.95,28.29,24.44,13.33,104.0,0.211,27.0,25.96,10.0,9.62,0.65,0.122,24.16,10.19,19.67,29.86,20.39,21.31
745070,2024-06-28,2024,657041,R,687330,R,pickoff_caught_stealing_2b,False,False,159.0,0.21,40.0,25.16,13.0,8.18,0.648,0.168,22.22,9.02,21.9,30.92,19.47,21.28,490.0,0.242,143.0,29.18,23.0,4.69,0.719,0.185,26.09,11.34,20.58,31.92,28.6,24.48,88.0,0.25,24.0,27.27,4.0,4.55,0.6639999999999999,0.11199999999999999,22.48,9.29,26.28,35.58,28.47,25.26,172.0,0.211,29.0,16.86,5.0,2.91,0.554,0.0809999999999999,21.07,9.75,21.21,30.96,29.68,13.74
745070,2024-06-28,2024,650490,R,571670,R,strikeout,True,False,272.0,0.266,43.0,15.81,22.0,8.09,0.718,0.121,12.86,5.78,17.52,23.3,23.78,13.35,462.0,0.322,72.0,15.58,49.0,10.61,0.881,0.1559999999999999,18.95,8.0,18.68,26.68,19.71,15.69,98.0,0.222,17.0,17.35,7.0,7.14,0.532,0.034,18.44,7.39,25.0,32.39,21.6,19.32,138.0,0.258,33.0,23.91,6.0,4.35,0.596,0.0309999999999999,25.42,12.25,19.88,32.13,34.13,23.08
745070,2024-06-28,2024,668227,R,571670,R,single,False,False,242.0,0.191,68.0,28.1,23.0,9.5,0.625,0.14400000000000002,33.86,14.42,19.01,33.43,24.44,19.43,517.0,0.254,119.0,23.02,62.0,11.99,0.7769999999999999,0.1589999999999999,29.93,12.82,18.77,31.59,26.93,19.44,98.0,0.222,17.0,17.35,7.0,7.14,0.532,0.034,18.44,7.39,25.0,32.39,21.6,19.32,138.0,0.258,33.0,23.91,6.0,4.35,0.596,0.0309999999999999,25.42,12.25,19.88,32.13,34.13,23.08
745070,2024-06-28,2024,664040,L,571670,R,strikeout,True,False,109.0,0.196,26.0,23.85,12.0,11.01,0.7030000000000001,0.195,29.38,15.38,10.17,25.56,28.64,23.01,374.0,0.241,103.0,27.54,42.0,11.23,0.813,0.237,31.86,16.63,11.13,27.77,30.39,21.33,50.0,0.213,11.0,22.0,3.0,6.0,0.515,0.04200000000000001,23.46,10.16,21.93,32.09,20.22,21.15,111.0,0.374,25.0,22.52,11.0,9.91,0.998,0.1919999999999999,22.28,9.55,18.05,27.6,25.9,17.99
745070,2024-06-28,2024,657041,R,592094,R,strikeout,True,False,159.0,0.21,40.0,25.16,13.0,8.18,0.648,0.168,22.22,9.02,21.9,30.92,19.47,21.28,490.0,0.242,143.0,29.18,23.0,4.69,0.719,0.185,26.09,11.34,20.58,31.92,28.6,24.48,77.0,0.156,19.0,24.68,8.0,10.39,0.523,0.094,35.0,17.28,13.27,30.56,29.48,17.76,112.0,0.196,30.0,26.79,9.0,8.04,0.634,0.134,33.33,15.66,15.45,31.11,29.8,18.18
745070,2024-06-28,2024,545121,L,592094,R,field_out,False,False,96.0,0.241,7.0,7.29,9.0,9.38,0.612,0.063,11.97,5.01,21.24,26.25,24.56,9.21,179.0,0.226,11.0,6.15,15.0,8.38,0.58,0.0629999999999999,13.38,5.9,20.34,26.24,25.61,7.28,57.0,0.18,13.0,22.81,6.0,10.53,0.628,0.18,33.33,17.05,12.44,29.49,30.19,19.4,110.0,0.167,39.0,35.45,11.0,10.0,0.627,0.1869999999999999,35.6,15.81,20.0,35.81,28.04,29.55
745070,2024-06-28,2024,608841,R,592094,R,strikeout,True,False,199.0,0.266,33.0,16.58,13.0,6.53,0.6659999999999999,0.08399999999999996,20.99,10.51,13.83,24.34,28.01,16.34,471.0,0.268,97.0,20.59,28.0,5.94,0.7030000000000001,0.12,23.85,11.18,18.94,30.12,30.48,17.38,77.0,0.156,19.0,24.68,8.0,10.39,0.523,0.094,35.0,17.28,13.27,30.56,29.48,17.76,112.0,0.196,30.0,26.79,9.0,8.04,0.634,0.134,33.33,15.66,15.45,31.11,29.8,18.18
745070,2024-06-28,2024,670623,R,607179,R,field_out,False,False,245.0,0.275,40.0,16.33,24.0,9.8,0.844,0.20399999999999996,16.96,7.64,18.83,26.47,28.4,9.66,438.0,0.247,82.0,18.72,43.0,9.82,0.86,0.266,18.6,8.55,16.71,25.26,28.98,14.09,73.0,0.175,16.0,21.92,9.0,12.33,0.542,0.07900000000000001,22.76,11.04,15.38,26.42,27.89,16.33,137.0,0.174,41.0,29.93,10.0,7.3,0.631,0.214,29.39,13.51,15.61,29.12,25.94,23.03
745070,2024-06-28,2024,642350,R,607179,R,field_out,False,False,182.0,0.209,66.0,36.26,15.0,8.24,0.663,0.158,37.13,17.32,19.69,37.01,32.23,27.39,271.0,0.23,93.0,34.32,16.0,5.9,0.801,0.29,39.19,20.65,15.06,35.71,37.69,31.08,73.0,0.175,16.0,21.92,9.0,12.33,0.542,0.07900000000000001,22.76,11.04,15.38,26.42,27.89,16.33,137.0,0.174,41.0,29.93,10.0,7.3,0.631,0.214,29.39,13.51,15.61,29.12,25.94,23.03
745070,2024-06-28,2024,676356,R,607179,R,single,False,False,96.0,0.151,23.0,23.96,7.0,7.29,0.453,0.07,25.71,13.2,16.13,29.33,38.38,20.91,10.0,0.2,0.0,0.0,0.0,0.0,0.7,0.3,19.05,11.43,11.43,22.86,44.44,0.0,73.0,0.175,16.0,21.92,9.0,12.33,0.542,0.07900000000000001,22.76,11.04,15.38,26.42,27.89,16.33,137.0,0.174,41.0,29.93,10.0,7.3,0.631,0.214,29.39,13.51,15.61,29.12,25.94,23.03
745070,2024-06-28,2024,676609,R,607179,R,strikeout,True,False,201.0,0.235,48.0,23.88,13.0,6.47,0.632,0.09800000000000003,27.2,12.58,19.19,31.77,32.18,20.0,156.0,0.186,37.0,23.72,15.0,9.62,0.588,0.1009999999999999,24.9,10.03,24.36,34.39,27.59,18.69,73.0,0.175,16.0,21.92,9.0,12.33,0.542,0.07900000000000001,22.76,11.04,15.38,26.42,27.89,16.33,137.0,0.174,41.0,29.93,10.0,7.3,0.631,0.214,29.39,13.51,15.61,29.12,25.94,23.03
745070,2024-06-28,2024,671277,L,664126,R,field_out,False,False,213.0,0.273,33.0,15.49,8.0,3.76,0.724,0.15099999999999997,21.52,11.1,15.56,26.66,35.77,16.26,355.0,0.268,44.0,12.39,23.0,6.48,0.6950000000000001,0.1129999999999999,17.54,8.86,13.52,22.38,31.84,12.54,48.0,0.233,13.0,27.08,4.0,8.33,0.548,0.022999999999999993,23.29,9.24,24.46,33.7,20.0,28.89,86.0,0.211,35.0,40.7,9.0,10.47,0.565,0.052,32.88,13.79,25.29,39.08,26.17,31.25
745070,2024-06-28,2024,660688,L,664126,R,walk,False,True,162.0,0.203,20.0,12.35,4.0,2.47,0.536,0.09799999999999998,12.18,6.3,17.75,24.05,36.92,16.13,403.0,0.249,48.0,11.91,25.0,6.2,0.712,0.1629999999999999,14.96,7.67,15.92,23.59,36.49,14.77,48.0,0.233,13.0,27.08,4.0,8.33,0.548,0.022999999999999993,23.29,9.24,24.46,33.7,20.0,28.89,86.0,0.211,35.0,40.7,9.0,10.47,0.565,0.052,32.88,13.79,25.29,39.08,26.17,31.25
745070,2024-06-28,2024,592696,L,664126,R,field_out,False,False,200.0,0.181,49.0,24.5,10.0,5.0,0.572,0.16999999999999998,28.75,15.03,15.56,30.59,36.88,20.94,449.0,0.258,104.0,23.16,29.0,6.46,0.762,0.199,29.98,17.01,12.43,29.45,43.87,20.59,48.0,0.233,13.0,27.08,4.0,8.33,0.548,0.022999999999999993,23.29,9.24,24.46,33.7,20.0,28.89,86.0,0.211,35.0,40.7,9.0,10.47,0.565,0.052,32.88,13.79,25.29,39.08,26.17,31.25
745070,2024-06-28,2024,669222,R,664126,R,field_out,False,False,157.0,0.221,40.0,25.48,19.0,12.1,0.681,0.13899999999999998,27.57,12.65,18.21,30.86,23.47,23.95,205.0,0.164,51.0,24.88,18.0,8.78,0.497,0.093,25.27,12.43,15.64,28.07,26.72,23.15,65.0,0.214,17.0,26.15,8.0,12.31,0.616,0.09,25.96,11.2,18.67,29.88,21.55,27.87,99.0,0.12,33.0,33.33,11.0,11.11,0.4519999999999999,0.0849999999999999,29.08,14.69,18.3,32.99,29.89,26.83
747017,2024-06-28,2024,543760,R,544150,R,field_out,False,False,253.0,0.212,34.0,13.44,20.0,7.91,0.619,0.13000000000000003,20.48,10.68,13.2,23.88,26.33,14.78,544.0,0.273,77.0,14.15,52.0,9.56,0.8360000000000001,0.2199999999999999,18.01,8.45,14.48,22.93,21.97,13.9,140.0,0.26,26.0,18.57,9.0,6.43,0.6699999999999999,0.09799999999999998,22.18,11.21,13.52,24.73,30.51,14.13,,,,,,,,,,,,,,
747017,2024-06-28,2024,608369,L,544150,R,single,False,False,204.0,0.265,25.0,12.25,32.0,15.69,0.864,0.21699999999999997,20.88,10.22,7.93,18.15,25.0,13.23,370.0,0.333,55.0,14.86,42.0,11.35,1.075,0.334,23.9,12.77,6.35,19.12,27.26,15.8,90.0,0.224,17.0,18.89,13.0,14.44,0.7050000000000001,0.144,28.81,13.64,9.89,23.53,24.06,14.05,,,,,,,,,,,,,,
747017,2024-06-28,2024,669701,L,544150,R,field_out,False,False,205.0,0.288,33.0,16.1,19.0,9.27,0.8480000000000001,0.17500000000000004,19.41,9.14,17.89,27.03,24.22,13.15,200.0,0.194,46.0,23.0,19.0,9.5,0.623,0.13,20.71,8.96,19.58,28.54,22.65,15.97,90.0,0.224,17.0,18.89,13.0,14.44,0.7050000000000001,0.144,28.81,13.64,9.89,23.53,24.06,14.05,,,,,,,,,,,,,,
747017,2024-06-28,2024,666969,R,544150,R,field_out,False,False,217.0,0.216,58.0,26.73,14.0,6.45,0.6890000000000001,0.20099999999999998,35.41,18.12,12.12,30.23,33.83,26.24,480.0,0.245,138.0,28.75,41.0,8.54,0.8260000000000001,0.264,31.65,15.93,13.92,29.85,32.02,21.97,140.0,0.26,26.0,18.57,9.0,6.43,0.6699999999999999,0.09799999999999998,22.18,11.21,13.52,24.73,30.51,14.13,,,,,,,,,,,,,,
747017,2024-06-28,2024,683002,L,453286,R,field_out,False,False,252.0,0.296,53.0,21.03,25.0,9.92,1.014,0.34500000000000003,23.82,10.87,15.08,25.95,22.52,20.78,455.0,0.272,117.0,25.71,38.0,8.35,0.885,0.277,25.57,12.07,15.7,27.78,26.4,22.35,4.0,0.25,1.0,25.0,0.0,0.0,0.75,0.25,10.0,5.88,5.88,11.76,25.0,11.11,324.0,0.222,84.0,25.93,34.0,10.49,0.702,0.174,26.43,13.14,15.3,28.44,28.46,20.19
747017,2024-06-28,2024,623993,L,453286,R,field_out,False,False,234.0,0.215,37.0,15.81,15.0,6.41,0.755,0.266,16.57,8.94,13.09,22.02,39.65,12.42,486.0,0.26,107.0,22.02,31.0,6.38,0.798,0.2229999999999999,22.13,11.37,14.84,26.21,37.22,15.21,4.0,0.25,1.0,25.0,0.0,0.0,0.75,0.25,10.0,5.88,5.88,11.76,25.0,11.11,324.0,0.222,84.0,25.93,34.0,10.49,0.702,0.174,26.43,13.14,15.3,28.44,28.46,20.19
747017,2024-06-28,2024,656811,L,453286,R,walk,False,True,225.0,0.294,23.0,10.22,20.0,8.89,0.846,0.196,18.01,8.01,16.99,25.0,22.89,11.79,340.0,0.297,74.0,21.76,13.0,3.82,0.802,0.178,22.26,11.29,14.37,25.66,31.15,17.72,4.0,0.25,1.0,25.0,0.0,0.0,0.75,0.25,10.0,5.88,5.88,11.76,25.0,11.11,324.0,0.222,84.0,25.93,34.0,10.49,0.702,0.174,26.43,13.14,15.3,28.44,28.46,20.19
747017,2024-06-28,2024,663624,R,453286,R,field_out,False,False,227.0,0.263,53.0,23.35,13.0,5.73,0.759,0.192,24.29,13.4,11.6,25.0,36.69,19.49,310.0,0.235,78.0,25.16,22.0,7.1,0.6399999999999999,0.1139999999999999,29.78,16.05,13.56,29.61,37.06,21.61,12.0,0.0,3.0,25.0,0.0,0.0,0.0,0.0,28.57,15.0,17.5,32.5,31.58,33.33,297.0,0.22,90.0,30.3,11.0,3.7,0.6739999999999999,0.1979999999999999,30.87,16.1,15.41,31.51,32.34,22.0
747017,2024-06-28,2024,694671,R,544150,R,field_out,False,False,176.0,0.248,32.0,18.18,10.0,5.68,0.622,0.07900000000000001,20.25,9.07,19.11,28.17,24.38,13.85,,,,,,,,,,,,,,,140.0,0.26,26.0,18.57,9.0,6.43,0.6699999999999999,0.09799999999999998,22.18,11.21,13.52,24.73,30.51,14.13,,,,,,,,,,,,,,
747017,2024-06-28,2024,663993,L,544150,R,field_out,False,False,163.0,0.248,30.0,18.4,19.0,11.66,0.685,0.09999999999999998,15.55,6.6,17.99,24.59,25.71,15.23,505.0,0.279,113.0,22.38,69.0,13.66,0.833,0.172,19.81,8.64,15.62,24.26,19.45,16.87,90.0,0.224,17.0,18.89,13.0,14.44,0.7050000000000001,0.144,28.81,13.64,9.89,23.53,24.06,14.05,,,,,,,,,,,,,,
747017,2024-06-28,2024,608671,L,544150,R,field_out,False,False,110.0,0.225,22.0,20.0,6.0,5.45,0.566,0.05899999999999997,16.92,7.69,21.04,28.73,21.43,15.17,256.0,0.269,37.0,14.45,32.0,12.5,0.698,0.064,14.4,5.5,22.1,27.6,16.03,15.16,90.0,0.224,17.0,18.89,13.0,14.44,0.7050000000000001,0.144,28.81,13.64,9.89,23.53,24.06,14.05,,,,,,,,,,,,,,
747017,2024-06-28,2024,681297,L,453286,R,field_out,False,False,190.0,0.232,50.0,26.32,20.0,10.53,0.773,0.213,31.41,14.1,16.43,30.53,24.15,24.04,68.0,0.111,20.0,29.41,12.0,17.65,0.427,0.0369999999999999,26.67,10.98,17.07,28.05,21.51,17.7,4.0,0.25,1.0,25.0,0.0,0.0,0.75,0.25,10.0,5.88,5.88,11.76,25.0,11.11,324.0,0.222,84.0,25.93,34.0,10.49,0.702,0.174,26.43,13.14,15.3,28.44,28.46,20.19
747017,2024-06-28,2024,602104,R,453286,R,strikeout,True,False,92.0,0.253,15.0,16.3,4.0,4.35,0.73,0.184,27.88,13.53,14.71,28.24,26.74,16.13,272.0,0.274,72.0,26.47,17.0,6.25,0.726,0.1169999999999999,29.67,14.82,16.24,31.07,27.7,24.41,12.0,0.0,3.0,25.0,0.0,0.0,0.0,0.0,28.57,15.0,17.5,32.5,31.58,33.33,297.0,0.22,90.0,30.3,11.0,3.7,0.6739999999999999,0.1979999999999999,30.87,16.1,15.41,31.51,32.34,22.0
747017,2024-06-28,2024,656775,L,453286,R,field_out,False,False,190.0,0.246,43.0,22.63,12.0,6.32,0.742,0.20500000000000002,18.53,9.78,13.81,23.6,29.46,20.67,336.0,0.233,77.0,22.92,31.0,9.23,0.726,0.1889999999999999,26.24,13.25,14.23,27.48,28.99,18.95,4.0,0.25,1.0,25.0,0.0,0.0,0.75,0.25,10.0,5.88,5.88,11.76,25.0,11.11,324.0,0.222,84.0,25.93,34.0,10.49,0.702,0.174,26.43,13.14,15.3,28.44,28.46,20.19
747017,2024-06-28,2024,668800,R,544150,R,field_out,False,False,42.0,0.146,11.0,26.19,1.0,2.38,0.387,0.07400000000000001,29.07,14.79,20.12,34.91,42.27,17.74,161.0,0.264,40.0,24.84,9.0,5.59,0.731,0.1549999999999999,26.76,14.36,14.36,28.73,35.04,24.84,140.0,0.26,26.0,18.57,9.0,6.43,0.6699999999999999,0.09799999999999998,22.18,11.21,13.52,24.73,30.51,14.13,,,,,,,,,,,,,,
747017,2024-06-28,2024,665750,L,544150,R,single,False,False,199.0,0.228,38.0,19.1,15.0,7.54,0.639,0.12499999999999997,24.35,12.55,14.57,27.13,32.71,17.27,405.0,0.275,86.0,21.23,25.0,6.17,0.767,0.174,24.9,12.5,15.05,27.55,29.44,18.34,90.0,0.224,17.0,18.89,13.0,14.44,0.7050000000000001,0.144,28.81,13.64,9.89,23.53,24.06,14.05,,,,,,,,,,,,,,
747017,2024-06-28,2024,543760,R,544150,R,field_out,False,False,253.0,0.212,34.0,13.44,20.0,7.91,0.619,0.13000000000000003,20.48,10.68,13.2,23.88,26.33,14.78,544.0,0.273,77.0,14.15,52.0,9.56,0.8360000000000001,0.2199999999999999,18.01,8.45,14.48,22.93,21.97,13.9,140.0,0.26,26.0,18.57,9.0,6.43,0.6699999999999999,0.09799999999999998,22.18,11.21,13.52,24.73,30.51,14.13,,,,,,,,,,,,,,
747017,2024-06-28,2024,608369,L,544150,R,strikeout,True,False,204.0,0.265,25.0,12.25,32.0,15.69,0.864,0.21699999999999997,20.88,10.22,7.93,18.15,25.0,13.23,370.0,0.333,55.0,14.86,42.0,11.35,1.075,0.334,23.9,12.77,6.35,19.12,27.26,15.8,90.0,0.224,17.0,18.89,13.0,14.44,0.7050000000000001,0.144,28.81,13.64,9.89,23.53,24.06,14.05,,,,,,,,,,,,,,
747017,2024-06-28,2024,622761,R,453286,R,strikeout,True,False,99.0,0.225,21.0,21.21,4.0,4.04,0.632,0.157,23.79,12.34,15.87,28.21,32.99,16.39,214.0,0.178,59.0,27.57,13.0,6.07,0.515,0.1099999999999999,30.51,15.04,17.45,32.49,35.45,26.94,12.0,0.0,3.0,25.0,0.0,0.0,0.0,0.0,28.57,15.0,17.5,32.5,31.58,33.33,297.0,0.22,90.0,30.3,11.0,3.7,0.6739999999999999,0.1979999999999999,30.87,16.1,15.41,31.51,32.34,22.0
747017,2024-06-28,2024,543510,R,453286,R,single,False,False,63.0,0.207,12.0,19.05,4.0,6.35,0.5640000000000001,0.10300000000000001,22.12,11.96,13.4,25.36,36.46,21.15,112.0,0.247,31.0,27.68,6.0,5.36,0.702,0.134,37.09,19.22,14.36,33.58,41.41,26.72,12.0,0.0,3.0,25.0,0.0,0.0,0.0,0.0,28.57,15.0,17.5,32.5,31.58,33.33,297.0,0.22,90.0,30.3,11.0,3.7,0.6739999999999999,0.1979999999999999,30.87,16.1,15.41,31.51,32.34,22.0
747017,2024-06-28,2024,683002,L,453286,R,walk,False,True,252.0,0.296,53.0,21.03,25.0,9.92,1.014,0.34500000000000003,23.82,10.87,15.08,25.95,22.52,20.78,455.0,0.272,117.0,25.71,38.0,8.35,0.885,0.277,25.57,12.07,15.7,27.78,26.4,22.35,4.0,0.25,1.0,25.0,0.0,0.0,0.75,0.25,10.0,5.88,5.88,11.76,25.0,11.11,324.0,0.222,84.0,25.93,34.0,10.49,0.702,0.174,26.43,13.14,15.3,28.44,28.46,20.19
747017,2024-06-28,2024,623993,L,453286,R,strikeout,True,False,234.0,0.215,37.0,15.81,15.0,6.41,0.755,0.266,16.57,8.94,13.09,22.02,39.65,12.42,486.0,0.26,107.0,22.02,31.0,6.38,0.798,0.2229999999999999,22.13,11.37,14.84,26.21,37.22,15.21,4.0,0.25,1.0,25.0,0.0,0.0,0.75,0.25,10.0,5.88,5.88,11.76,25.0,11.11,324.0,0.222,84.0,25.93,34.0,10.49,0.702,0.174,26.43,13.14,15.3,28.44,28.46,20.19
747017,2024-06-28,2024,656811,L,453286,R,field_out,False,False,225.0,0.294,23.0,10.22,20.0,8.89,0.846,0.196,18.01,8.01,16.99,25.0,22.89,11.79,340.0,0.297,74.0,21.76,13.0,3.82,0.802,0.178,22.26,11.29,14.37,25.66,31.15,17.72,4.0,0.25,1.0,25.0,0.0,0.0,0.75,0.25,10.0,5.88,5.88,11.76,25.0,11.11,324.0,0.222,84.0,25.93,34.0,10.49,0.702,0.174,26.43,13.14,15.3,28.44,28.46,20.19
747017,2024-06-28,2024,669701,L,544150,R,field_out,False,False,205.0,0.288,33.0,16.1,19.0,9.27,0.8480000000000001,0.17500000000000004,19.41,9.14,17.89,27.03,24.22,13.15,200.0,0.194,46.0,23.0,19.0,9.5,0.623,0.13,20.71,8.96,19.58,28.54,22.65,15.97,90.0,0.224,17.0,18.89,13.0,14.44,0.7050000000000001,0.144,28.81,13.64,9.89,23.53,24.06,14.05,,,,,,,,,,,,,,
747017,2024-06-28,2024,666969,R,544150,R,strikeout,True,False,217.0,0.216,58.0,26.73,14.0,6.45,0.6890000000000001,0.20099999999999998,35.41,18.12,12.12,30.23,33.83,26.24,480.0,0.245,138.0,28.75,41.0,8.54,0.8260000000000001,0.264,31.65,15.93,13.92,29.85,32.02,21.97,140.0,0.26,26.0,18.57,9.0,6.43,0.6699999999999999,0.09799999999999998,22.18,11.21,13.52,24.73,30.51,14.13,,,,,,,,,,,,,,
747017,2024-06-28,2024,694671,R,544150,R,single,False,False,176.0,0.248,32.0,18.18,10.0,5.68,0.622,0.07900000000000001,20.25,9.07,19.11,28.17,24.38,13.85,,,,,,,,,,,,,,,140.0,0.26,26.0,18.57,9.0,6.43,0.6699999999999999,0.09799999999999998,22.18,11.21,13.52,24.73,30.51,14.13,,,,,,,,,,,,,,
747017,2024-06-28,2024,663993,L,544150,R,field_out,False,False,163.0,0.248,30.0,18.4,19.0,11.66,0.685,0.09999999999999998,15.55,6.6,17.99,24.59,25.71,15.23,505.0,0.279,113.0,22.38,69.0,13.66,0.833,0.172,19.81,8.64,15.62,24.26,19.45,16.87,90.0,0.224,17.0,18.89,13.0,14.44,0.7050000000000001,0.144,28.81,13.64,9.89,23.53,24.06,14.05,,,,,,,,,,,,,,
747017,2024-06-28,2024,663624,R,453286,R,field_out,False,False,227.0,0.263,53.0,23.35,13.0,5.73,0.759,0.192,24.29,13.4,11.6,25.0,36.69,19.49,310.0,0.235,78.0,25.16,22.0,7.1,0.6399999999999999,0.1139999999999999,29.78,16.05,13.56,29.61,37.06,21.61,12.0,0.0,3.0,25.0,0.0,0.0,0.0,0.0,28.57,15.0,17.5,32.5,31.58,33.33,297.0,0.22,90.0,30.3,11.0,3.7,0.6739999999999999,0.1979999999999999,30.87,16.1,15.41,31.51,32.34,22.0
747017,2024-06-28,2024,681297,L,453286,R,home_run,False,False,190.0,0.232,50.0,26.32,20.0,10.53,0.773,0.213,31.41,14.1,16.43,30.53,24.15,24.04,68.0,0.111,20.0,29.41,12.0,17.65,0.427,0.0369999999999999,26.67,10.98,17.07,28.05,21.51,17.7,4.0,0.25,1.0,25.0,0.0,0.0,0.75,0.25,10.0,5.88,5.88,11.76,25.0,11.11,324.0,0.222,84.0,25.93,34.0,10.49,0.702,0.174,26.43,13.14,15.3,28.44,28.46,20.19
747017,2024-06-28,2024,602104,R,453286,R,field_out,False,False,92.0,0.253,15.0,16.3,4.0,4.35,0.73,0.184,27.88,13.53,14.71,28.24,26.74,16.13,272.0,0.274,72.0,26.47,17.0,6.25,0.726,0.1169999999999999,29.67,14.82,16.24,31.07,27.7,24.41,12.0,0.0,3.0,25.0,0.0,0.0,0.0,0.0,28.57,15.0,17.5,32.5,31.58,33.33,297.0,0.22,90.0,30.3,11.0,3.7,0.6739999999999999,0.1979999999999999,30.87,16.1,15.41,31.51,32.34,22.0
747017,2024-06-28,2024,656775,L,453286,R,field_out,False,False,190.0,0.246,43.0,22.63,12.0,6.32,0.742,0.20500000000000002,18.53,9.78,13.81,23.6,29.46,20.67,336.0,0.233,77.0,22.92,31.0,9.23,0.726,0.1889999999999999,26.24,13.25,14.23,27.48,28.99,18.95,4.0,0.25,1.0,25.0,0.0,0.0,0.75,0.25,10.0,5.88,5.88,11.76,25.0,11.11,324.0,0.222,84.0,25.93,34.0,10.49,0.702,0.174,26.43,13.14,15.3,28.44,28.46,20.19
747017,2024-06-28,2024,608671,L,544150,R,field_out,False,False,110.0,0.225,22.0,20.0,6.0,5.45,0.566,0.05899999999999997,16.92,7.69,21.04,28.73,21.43,15.17,256.0,0.269,37.0,14.45,32.0,12.5,0.698,0.064,14.4,5.5,22.1,27.6,16.03,15.16,90.0,0.224,17.0,18.89,13.0,14.44,0.7050000000000001,0.144,28.81,13.64,9.89,23.53,24.06,14.05,,,,,,,,,,,,,,
747017,2024-06-28,2024,668800,R,544150,R,field_out,False,False,42.0,0.146,11.0,26.19,1.0,2.38,0.387,0.07400000000000001,29.07,14.79,20.12,34.91,42.27,17.74,161.0,0.264,40.0,24.84,9.0,5.59,0.731,0.1549999999999999,26.76,14.36,14.36,28.73,35.04,24.84,140.0,0.26,26.0,18.57,9.0,6.43,0.6699999999999999,0.09799999999999998,22.18,11.21,13.52,24.73,30.51,14.13,,,,,,,,,,,,,,
747017,2024-06-28,2024,665750,L,544150,R,field_out,False,False,199.0,0.228,38.0,19.1,15.0,7.54,0.639,0.12499999999999997,24.35,12.55,14.57,27.13,32.71,17.27,405.0,0.275,86.0,21.23,25.0,6.17,0.767,0.174,24.9,12.5,15.05,27.55,29.44,18.34,90.0,0.224,17.0,18.89,13.0,14.44,0.7050000000000001,0.144,28.81,13.64,9.89,23.53,24.06,14.05,,,,,,,,,,,,,,
747017,2024-06-28,2024,622761,R,453286,R,single,False,False,99.0,0.225,21.0,21.21,4.0,4.04,0.632,0.157,23.79,12.34,15.87,28.21,32.99,16.39,214.0,0.178,59.0,27.57,13.0,6.07,0.515,0.1099999999999999,30.51,15.04,17.45,32.49,35.45,26.94,12.0,0.0,3.0,25.0,0.0,0.0,0.0,0.0,28.57,15.0,17.5,32.5,31.58,33.33,297.0,0.22,90.0,30.3,11.0,3.7,0.6739999999999999,0.1979999999999999,30.87,16.1,15.41,31.51,32.34,22.0
747017,2024-06-28,2024,543510,R,453286,R,field_out,False,False,63.0,0.207,12.0,19.05,4.0,6.35,0.5640000000000001,0.10300000000000001,22.12,11.96,13.4,25.36,36.46,21.15,112.0,0.247,31.0,27.68,6.0,5.36,0.702,0.134,37.09,19.22,14.36,33.58,41.41,26.72,12.0,0.0,3.0,25.0,0.0,0.0,0.0,0.0,28.57,15.0,17.5,32.5,31.58,33.33,297.0,0.22,90.0,30.3,11.0,3.7,0.6739999999999999,0.1979999999999999,30.87,16.1,15.41,31.51,32.34,22.0
747017,2024-06-28,2024,683002,L,453286,R,single,False,False,252.0,0.296,53.0,21.03,25.0,9.92,1.014,0.34500000000000003,23.82,10.87,15.08,25.95,22.52,20.78,455.0,0.272,117.0,25.71,38.0,8.35,0.885,0.277,25.57,12.07,15.7,27.78,26.4,22.35,4.0,0.25,1.0,25.0,0.0,0.0,0.75,0.25,10.0,5.88,5.88,11.76,25.0,11.11,324.0,0.222,84.0,25.93,34.0,10.49,0.702,0.174,26.43,13.14,15.3,28.44,28.46,20.19
747017,2024-06-28,2024,623993,L,453286,R,strikeout,True,False,234.0,0.215,37.0,15.81,15.0,6.41,0.755,0.266,16.57,8.94,13.09,22.02,39.65,12.42,486.0,0.26,107.0,22.02,31.0,6.38,0.798,0.2229999999999999,22.13,11.37,14.84,26.21,37.22,15.21,4.0,0.25,1.0,25.0,0.0,0.0,0.75,0.25,10.0,5.88,5.88,11.76,25.0,11.11,324.0,0.222,84.0,25.93,34.0,10.49,0.702,0.174,26.43,13.14,15.3,28.44,28.46,20.19
747017,2024-06-28,2024,656811,L,453286,R,field_out,False,False,225.0,0.294,23.0,10.22,20.0,8.89,0.846,0.196,18.01,8.01,16.99,25.0,22.89,11.79,340.0,0.297,74.0,21.76,13.0,3.82,0.802,0.178,22.26,11.29,14.37,25.66,31.15,17.72,4.0,0.25,1.0,25.0,0.0,0.0,0.75,0.25,10.0,5.88,5.88,11.76,25.0,11.11,324.0,0.222,84.0,25.93,34.0,10.49,0.702,0.174,26.43,13.14,15.3,28.44,28.46,20.19
747017,2024-06-28,2024,543760,R,544150,R,field_out,False,False,253.0,0.212,34.0,13.44,20.0,7.91,0.619,0.13000000000000003,20.48,10.68,13.2,23.88,26.33,14.78,544.0,0.273,77.0,14.15,52.0,9.56,0.8360000000000001,0.2199999999999999,18.01,8.45,14.48,22.93,21.97,13.9,140.0,0.26,26.0,18.57,9.0,6.43,0.6699999999999999,0.09799999999999998,22.18,11.21,13.52,24.73,30.51,14.13,,,,,,,,,,,,,,
747017,2024-06-28,2024,608369,L,544150,R,field_out,False,False,204.0,0.265,25.0,12.25,32.0,15.69,0.864,0.21699999999999997,20.88,10.22,7.93,18.15,25.0,13.23,370.0,0.333,55.0,14.86,42.0,11.35,1.075,0.334,23.9,12.77,6.35,19.12,27.26,15.8,90.0,0.224,17.0,18.89,13.0,14.44,0.7050000000000001,0.144,28.81,13.64,9.89,23.53,24.06,14.05,,,,,,,,,,,,,,
747017,2024-06-28,2024,669701,L,544150,R,field_out,False,False,205.0,0.288,33.0,16.1,19.0,9.27,0.8480000000000001,0.17500000000000004,19.41,9.14,17.89,27.03,24.22,13.15,200.0,0.194,46.0,23.0,19.0,9.5,0.623,0.13,20.71,8.96,19.58,28.54,22.65,15.97,90.0,0.224,17.0,18.89,13.0,14.44,0.7050000000000001,0.144,28.81,13.64,9.89,23.53,24.06,14.05,,,,,,,,,,,,,,
747017,2024-06-28,2024,663624,R,453286,R,field_out,False,False,227.0,0.263,53.0,23.35,13.0,5.73,0.759,0.192,24.29,13.4,11.6,25.0,36.69,19.49,310.0,0.235,78.0,25.16,22.0,7.1,0.6399999999999999,0.1139999999999999,29.78,16.05,13.56,29.61,37.06,21.61,12.0,0.0,3.0,25.0,0.0,0.0,0.0,0.0,28.57,15.0,17.5,32.5,31.58,33.33,297.0,0.22,90.0,30.3,11.0,3.7,0.6739999999999999,0.1979999999999999,30.87,16.1,15.41,31.51,32.34,22.0
747017,2024-06-28,2024,681297,L,656641,L,field_out,False,False,65.0,0.228,24.0,36.92,4.0,6.15,0.753,0.228,33.64,14.12,21.37,35.5,19.05,28.57,9.0,0.143,2.0,22.22,1.0,11.11,0.476,0.0,25.0,8.11,27.03,35.14,15.79,18.18,56.0,0.229,14.0,25.0,8.0,14.29,0.672,0.10400000000000001,25.64,11.41,14.83,26.24,23.62,15.05,5.0,0.0,2.0,40.0,0.0,0.0,0.0,0.0,10.0,4.35,17.39,21.74,28.57,28.57
747017,2024-06-28,2024,602104,R,656641,L,walk,False,True,39.0,0.167,6.0,15.38,1.0,2.56,0.453,0.05499999999999999,20.0,9.93,14.57,24.5,25.68,13.95,124.0,0.241,29.0,23.39,10.0,8.06,0.654,0.098,26.55,12.58,16.35,28.93,29.75,21.64,82.0,0.208,15.0,18.29,9.0,10.98,0.611,0.098,30.25,15.22,12.42,27.64,36.57,14.56,17.0,0.071,3.0,17.65,3.0,17.65,0.306,0.0,34.29,16.44,15.07,31.51,34.04,11.54
747017,2024-06-28,2024,656775,L,656641,L,strikeout,True,False,60.0,0.155,12.0,20.0,1.0,1.67,0.424,0.086,17.8,9.59,14.61,24.2,28.57,20.34,120.0,0.233,24.0,20.0,12.0,10.0,0.708,0.165,20.83,9.68,19.35,29.03,20.0,14.81,56.0,0.229,14.0,25.0,8.0,14.29,0.672,0.10400000000000001,25.64,11.41,14.83,26.24,23.62,15.05,5.0,0.0,2.0,40.0,0.0,0.0,0.0,0.0,10.0,4.35,17.39,21.74,28.57,28.57
747017,2024-06-28,2024,666969,R,666974,R,walk,False,True,217.0,0.216,58.0,26.73,14.0,6.45,0.6890000000000001,0.20099999999999998,35.41,18.12,12.12,30.23,33.83,26.24,480.0,0.245,138.0,28.75,41.0,8.54,0.8260000000000001,0.264,31.65,15.93,13.92,29.85,32.02,21.97,91.0,0.241,27.0,29.67,11.0,12.09,0.7210000000000001,0.139,31.52,15.1,16.15,31.25,34.52,19.85,173.0,0.202,45.0,26.01,6.0,3.47,0.5569999999999999,0.1109999999999999,25.79,12.87,18.68,31.55,32.06,21.84
747017,2024-06-28,2024,694671,R,666974,R,walk,False,True,176.0,0.248,32.0,18.18,10.0,5.68,0.622,0.07900000000000001,20.25,9.07,19.11,28.17,24.38,13.85,,,,,,,,,,,,,,,91.0,0.241,27.0,29.67,11.0,12.09,0.7210000000000001,0.139,31.52,15.1,16.15,31.25,34.52,19.85,173.0,0.202,45.0,26.01,6.0,3.47,0.5569999999999999,0.1109999999999999,25.79,12.87,18.68,31.55,32.06,21.84
747017,2024-06-28,2024,663993,L,666974,R,strikeout,True,False,163.0,0.248,30.0,18.4,19.0,11.66,0.685,0.09999999999999998,15.55,6.6,17.99,24.59,25.71,15.23,505.0,0.279,113.0,22.38,69.0,13.66,0.833,0.172,19.81,8.64,15.62,24.26,19.45,16.87,48.0,0.233,5.0,10.42,4.0,8.33,0.74,0.209,31.03,15.79,9.36,25.15,35.0,12.2,110.0,0.262,20.0,18.18,7.0,6.36,0.6679999999999999,0.0969999999999999,25.13,12.66,12.14,24.81,32.71,22.22
747017,2024-06-28,2024,608671,L,666974,R,single,False,False,110.0,0.225,22.0,20.0,6.0,5.45,0.566,0.05899999999999997,16.92,7.69,21.04,28.73,21.43,15.17,256.0,0.269,37.0,14.45,32.0,12.5,0.698,0.064,14.4,5.5,22.1,27.6,16.03,15.16,48.0,0.233,5.0,10.42,4.0,8.33,0.74,0.209,31.03,15.79,9.36,25.15,35.0,12.2,110.0,0.262,20.0,18.18,7.0,6.36,0.6679999999999999,0.0969999999999999,25.13,12.66,12.14,24.81,32.71,22.22
747017,2024-06-28,2024,641680,L,657097,R,strikeout,True,False,193.0,0.235,40.0,20.73,13.0,6.74,0.62,0.09500000000000003,21.58,11.0,13.51,24.51,31.78,21.28,411.0,0.243,82.0,19.95,33.0,8.03,0.733,0.185,23.06,11.69,13.75,25.44,29.36,17.15,53.0,0.085,15.0,28.3,6.0,11.32,0.295,0.02099999999999999,32.35,16.34,15.35,31.68,32.29,25.86,78.0,0.246,19.0,24.36,15.0,19.23,0.79,0.147,34.42,16.36,12.04,28.4,29.88,18.27
747017,2024-06-28,2024,665750,L,657097,R,walk,False,True,199.0,0.228,38.0,19.1,15.0,7.54,0.639,0.12499999999999997,24.35,12.55,14.57,27.13,32.71,17.27,405.0,0.275,86.0,21.23,25.0,6.17,0.767,0.174,24.9,12.5,15.05,27.55,29.44,18.34,53.0,0.085,15.0,28.3,6.0,11.32,0.295,0.02099999999999999,32.35,16.34,15.35,31.68,32.29,25.86,78.0,0.246,19.0,24.36,15.0,19.23,0.79,0.147,34.42,16.36,12.04,28.4,29.88,18.27
747017,2024-06-28,2024,543760,R,657097,R,field_out,False,False,253.0,0.212,34.0,13.44,20.0,7.91,0.619,0.13000000000000003,20.48,10.68,13.2,23.88,26.33,14.78,544.0,0.273,77.0,14.15,52.0,9.56,0.8360000000000001,0.2199999999999999,18.01,8.45,14.48,22.93,21.97,13.9,94.0,0.241,20.0,21.28,11.0,11.7,0.7030000000000001,0.132,27.27,13.19,14.84,28.02,25.58,18.18,154.0,0.178,38.0,24.68,15.0,9.74,0.6080000000000001,0.155,31.15,16.29,14.33,30.62,34.71,18.27
747017,2024-06-28,2024,622761,R,600917,R,field_out,False,False,99.0,0.225,21.0,21.21,4.0,4.04,0.632,0.157,23.79,12.34,15.87,28.21,32.99,16.39,214.0,0.178,59.0,27.57,13.0,6.07,0.515,0.1099999999999999,30.51,15.04,17.45,32.49,35.45,26.94,88.0,0.179,32.0,36.36,8.0,9.09,0.623,0.18,40.44,19.27,13.54,32.81,27.18,25.4,158.0,0.149,50.0,31.65,16.0,10.13,0.496,0.106,38.34,18.88,11.63,30.51,34.32,24.27
747017,2024-06-28,2024,543510,R,600917,R,strikeout,True,False,63.0,0.207,12.0,19.05,4.0,6.35,0.5640000000000001,0.10300000000000001,22.12,11.96,13.4,25.36,36.46,21.15,112.0,0.247,31.0,27.68,6.0,5.36,0.702,0.134,37.09,19.22,14.36,33.58,41.41,26.72,88.0,0.179,32.0,36.36,8.0,9.09,0.623,0.18,40.44,19.27,13.54,32.81,27.18,25.4,158.0,0.149,50.0,31.65,16.0,10.13,0.496,0.106,38.34,18.88,11.63,30.51,34.32,24.27
747017,2024-06-28,2024,683002,L,600917,R,field_out,False,False,252.0,0.296,53.0,21.03,25.0,9.92,1.014,0.34500000000000003,23.82,10.87,15.08,25.95,22.52,20.78,455.0,0.272,117.0,25.71,38.0,8.35,0.885,0.277,25.57,12.07,15.7,27.78,26.4,22.35,57.0,0.171,13.0,22.81,14.0,24.56,0.613,0.04899999999999999,28.74,10.68,16.24,26.92,17.16,20.31,75.0,0.262,17.0,22.67,12.0,16.0,0.764,0.1149999999999999,29.58,12.96,14.2,27.16,25.84,16.5
747017,2024-06-28,2024,608369,L,672335,L,walk,False,True,99.0,0.245,30.0,30.3,1.0,1.01,0.62,0.122,27.13,15.32,11.11,26.43,30.14,37.04,166.0,0.314,33.0,19.88,7.0,4.22,0.881,0.218,27.65,15.41,9.68,25.09,30.66,22.92,44.0,0.2,8.0,18.18,3.0,6.82,0.573,0.09999999999999998,18.75,9.09,13.33,22.42,28.92,16.33,109.0,0.213,24.0,22.02,13.0,11.93,0.602,0.0739999999999999,21.23,9.38,17.28,26.67,28.02,21.24
747017,2024-06-28,2024,669701,L,672335,L,field_out,False,False,76.0,0.323,21.0,27.63,6.0,7.89,0.882,0.15399999999999997,27.27,13.04,16.67,29.71,26.98,24.71,33.0,0.12,9.0,27.27,6.0,18.18,0.6930000000000001,0.24,26.09,9.3,20.93,30.23,19.44,31.03,44.0,0.2,8.0,18.18,3.0,6.82,0.573,0.09999999999999998,18.75,9.09,13.33,22.42,28.92,16.33,109.0,0.213,24.0,22.02,13.0,11.93,0.602,0.0739999999999999,21.23,9.38,17.28,26.67,28.02,21.24
747017,2024-06-28,2024,666969,R,672335,L,field_out,False,False,102.0,0.225,27.0,26.47,9.0,8.82,0.698,0.17900000000000002,27.01,15.28,10.19,25.47,33.33,25.0,152.0,0.244,37.0,24.34,24.0,15.79,0.866,0.26,31.62,13.61,14.56,28.16,22.03,21.26,53.0,0.261,12.0,22.64,6.0,11.32,0.749,0.13,30.59,14.44,15.56,30.0,27.84,24.49,139.0,0.305,20.0,14.39,14.0,10.07,0.771,0.076,19.11,8.9,16.36,25.26,26.96,15.87
747017,2024-06-28,2024,694671,R,672335,L,walk,False,True,56.0,0.234,14.0,25.0,7.0,12.5,0.786,0.213,25.77,10.12,19.84,29.96,21.88,17.28,,,,,,,,,,,,,,,53.0,0.261,12.0,22.64,6.0,11.32,0.749,0.13,30.59,14.44,15.56,30.0,27.84,24.49,139.0,0.305,20.0,14.39,14.0,10.07,0.771,0.076,19.11,8.9,16.36,25.26,26.96,15.87
747017,2024-06-28,2024,543257,R,672335,L,strikeout,True,False,65.0,0.308,10.0,15.38,12.0,18.46,0.854,0.11499999999999999,18.75,6.59,23.08,29.67,18.88,12.99,137.0,0.309,32.0,23.36,23.0,16.79,0.952,0.227,18.93,6.53,22.61,29.15,11.97,17.49,53.0,0.261,12.0,22.64,6.0,11.32,0.749,0.13,30.59,14.44,15.56,30.0,27.84,24.49,139.0,0.305,20.0,14.39,14.0,10.07,0.771,0.076,19.11,8.9,16.36,25.26,26.96,15.87
747017,2024-06-28,2024,623993,L,600917,R,single,False,False,234.0,0.215,37.0,15.81,15.0,6.41,0.755,0.266,16.57,8.94,13.09,22.02,39.65,12.42,486.0,0.26,107.0,22.02,31.0,6.38,0.798,0.2229999999999999,22.13,11.37,14.84,26.21,37.22,15.21,57.0,0.171,13.0,22.81,14.0,24.56,0.613,0.04899999999999999,28.74,10.68,16.24,26.92,17.16,20.31,75.0,0.262,17.0,22.67,12.0,16.0,0.764,0.1149999999999999,29.58,12.96,14.2,27.16,25.84,16.5
747017,2024-06-28,2024,656811,L,600917,R,strikeout,True,False,225.0,0.294,23.0,10.22,20.0,8.89,0.846,0.196,18.01,8.01,16.99,25.0,22.89,11.79,340.0,0.297,74.0,21.76,13.0,3.82,0.802,0.178,22.26,11.29,14.37,25.66,31.15,17.72,57.0,0.171,13.0,22.81,14.0,24.56,0.613,0.04899999999999999,28.74,10.68,16.24,26.92,17.16,20.31,75.0,0.262,17.0,22.67,12.0,16.0,0.764,0.1149999999999999,29.58,12.96,14.2,27.16,25.84,16.5
747017,2024-06-28,2024,663624,R,600917,R,field_out,False,False,227.0,0.263,53.0,23.35,13.0,5.73,0.759,0.192,24.29,13.4,11.6,25.0,36.69,19.49,310.0,0.235,78.0,25.16,22.0,7.1,0.6399999999999999,0.1139999999999999,29.78,16.05,13.56,29.61,37.06,21.61,88.0,0.179,32.0,36.36,8.0,9.09,0.623,0.18,40.44,19.27,13.54,32.81,27.18,25.4,158.0,0.149,50.0,31.65,16.0,10.13,0.496,0.106,38.34,18.88,11.63,30.51,34.32,24.27
747017,2024-06-28,2024,681297,L,600917,R,field_out,False,False,190.0,0.232,50.0,26.32,20.0,10.53,0.773,0.213,31.41,14.1,16.43,30.53,24.15,24.04,68.0,0.111,20.0,29.41,12.0,17.65,0.427,0.0369999999999999,26.67,10.98,17.07,28.05,21.51,17.7,57.0,0.171,13.0,22.81,14.0,24.56,0.613,0.04899999999999999,28.74,10.68,16.24,26.92,17.16,20.31,75.0,0.262,17.0,22.67,12.0,16.0,0.764,0.1149999999999999,29.58,12.96,14.2,27.16,25.84,16.5
747017,2024-06-28,2024,608671,L,518886,R,strikeout,True,False,110.0,0.225,22.0,20.0,6.0,5.45,0.566,0.05899999999999997,16.92,7.69,21.04,28.73,21.43,15.17,256.0,0.269,37.0,14.45,32.0,12.5,0.698,0.064,14.4,5.5,22.1,27.6,16.03,15.16,53.0,0.149,23.0,43.4,5.0,9.43,0.529,0.149,28.72,12.39,23.85,36.24,24.47,31.94,116.0,0.184,38.0,32.76,14.0,12.07,0.608,0.122,35.96,16.91,15.67,32.58,30.67,23.6
747017,2024-06-28,2024,641680,L,518886,R,strikeout,True,False,193.0,0.235,40.0,20.73,13.0,6.74,0.62,0.09500000000000003,21.58,11.0,13.51,24.51,31.78,21.28,411.0,0.243,82.0,19.95,33.0,8.03,0.733,0.185,23.06,11.69,13.75,25.44,29.36,17.15,53.0,0.149,23.0,43.4,5.0,9.43,0.529,0.149,28.72,12.39,23.85,36.24,24.47,31.94,116.0,0.184,38.0,32.76,14.0,12.07,0.608,0.122,35.96,16.91,15.67,32.58,30.67,23.6
747017,2024-06-28,2024,665750,L,518886,R,field_out,False,False,199.0,0.228,38.0,19.1,15.0,7.54,0.639,0.12499999999999997,24.35,12.55,14.57,27.13,32.71,17.27,405.0,0.275,86.0,21.23,25.0,6.17,0.767,0.174,24.9,12.5,15.05,27.55,29.44,18.34,53.0,0.149,23.0,43.4,5.0,9.43,0.529,0.149,28.72,12.39,23.85,36.24,24.47,31.94,116.0,0.184,38.0,32.76,14.0,12.07,0.608,0.122,35.96,16.91,15.67,32.58,30.67,23.6
745159,2024-06-29,2024,663697,R,543243,R,field_out,False,False,210.0,0.26,46.0,21.9,27.0,12.86,0.751,0.124,18.84,7.07,20.52,27.59,15.93,19.01,397.0,0.257,73.0,18.39,37.0,9.32,0.7809999999999999,0.175,21.3,8.18,21.42,29.59,19.53,15.19,175.0,0.153,59.0,33.71,9.0,5.14,0.455,0.10500000000000001,29.79,14.77,19.52,34.3,32.45,38.31,396.0,0.22,102.0,25.76,27.0,6.82,0.5800000000000001,0.0829999999999999,28.79,13.92,15.72,29.65,29.23,22.8
745159,2024-06-29,2024,682829,L,543243,R,strikeout,True,False,226.0,0.257,72.0,31.86,24.0,10.62,0.8460000000000001,0.253,31.51,12.99,19.77,32.77,24.12,29.46,307.0,0.255,95.0,30.94,30.0,9.77,0.7989999999999999,0.2159999999999999,26.69,11.86,17.47,29.33,31.27,25.07,150.0,0.235,44.0,29.33,13.0,8.67,0.6890000000000001,0.14700000000000002,27.37,12.73,17.66,30.39,26.32,26.04,359.0,0.233,81.0,22.56,28.0,7.8,0.638,0.104,23.05,10.71,17.5,28.21,27.41,21.33
745159,2024-06-29,2024,668715,R,543243,R,single,False,False,237.0,0.235,51.0,21.52,20.0,8.44,0.702,0.15500000000000003,21.7,10.04,18.01,28.05,26.89,15.79,487.0,0.256,106.0,21.77,51.0,10.47,0.7789999999999999,0.175,25.48,10.86,19.02,29.88,22.75,18.53,175.0,0.153,59.0,33.71,9.0,5.14,0.455,0.10500000000000001,29.79,14.77,19.52,34.3,32.45,38.31,396.0,0.22,102.0,25.76,27.0,6.82,0.5800000000000001,0.0829999999999999,28.79,13.92,15.72,29.65,29.23,22.8
745159,2024-06-29,2024,641584,L,543243,R,single,False,False,167.0,0.272,34.0,20.36,13.0,7.78,0.667,0.066,19.35,11.36,8.8,20.16,30.0,15.6,339.0,0.268,66.0,19.47,34.0,10.03,0.815,0.199,24.78,12.84,11.52,24.36,30.55,18.38,150.0,0.235,44.0,29.33,13.0,8.67,0.6890000000000001,0.14700000000000002,27.37,12.73,17.66,30.39,26.32,26.04,359.0,0.233,81.0,22.56,28.0,7.8,0.638,0.104,23.05,10.71,17.5,28.21,27.41,21.33
745159,2024-06-29,2024,682622,R,543243,R,force_out,False,False,8.0,0.25,1.0,12.5,0.0,0.0,0.625,0.125,28.57,18.18,9.09,27.27,33.33,6.67,89.0,0.317,21.0,23.6,5.0,5.62,0.876,0.195,29.73,14.06,19.17,33.23,30.67,22.58,175.0,0.153,59.0,33.71,9.0,5.14,0.455,0.10500000000000001,29.79,14.77,19.52,34.3,32.45,38.31,396.0,0.22,102.0,25.76,27.0,6.82,0.5800000000000001,0.0829999999999999,28.79,13.92,15.72,29.65,29.23,22.8
745159,2024-06-29,2024,691026,R,686730,R,field_out,False,False,188.0,0.308,34.0,18.09,13.0,6.91,0.74,0.08300000000000002,16.67,7.89,18.11,26.0,30.19,14.05,100.0,0.161,19.0,19.0,9.0,9.0,0.478,0.0799999999999999,21.56,9.11,22.03,31.14,24.87,14.88,61.0,0.228,12.0,19.67,3.0,4.92,0.577,0.06999999999999998,21.62,10.81,18.92,29.73,28.57,16.44,31.0,0.214,8.0,25.81,3.0,9.68,0.683,0.179,18.46,8.63,20.14,28.78,30.65,16.0
745159,2024-06-29,2024,676475,L,686730,R,field_out,False,False,197.0,0.317,28.0,14.21,9.0,4.57,0.871,0.202,18.52,10.56,11.41,21.97,35.11,14.21,318.0,0.243,39.0,12.26,21.0,6.6,0.698,0.156,17.66,9.16,14.01,23.17,33.05,13.13,71.0,0.299,13.0,18.31,3.0,4.23,0.7410000000000001,0.10400000000000004,21.43,11.32,16.98,28.3,31.58,16.88,33.0,0.429,4.0,12.12,4.0,12.12,0.964,0.035,22.08,11.18,8.55,19.74,29.89,8.7
745159,2024-06-29,2024,575929,R,686730,R,strikeout,True,False,115.0,0.247,35.0,30.43,15.0,13.04,0.819,0.20700000000000002,36.91,19.33,12.58,31.91,33.77,23.29,373.0,0.253,81.0,21.72,38.0,10.19,0.7989999999999999,0.191,29.54,13.96,15.04,29.0,30.33,18.49,61.0,0.228,12.0,19.67,3.0,4.92,0.577,0.06999999999999998,21.62,10.81,18.92,29.73,28.57,16.44,31.0,0.214,8.0,25.81,3.0,9.68,0.683,0.179,18.46,8.63,20.14,28.78,30.65,16.0
745159,2024-06-29,2024,605361,L,543243,R,field_out,False,False,116.0,0.208,29.0,25.0,7.0,6.03,0.599,0.11900000000000002,25.94,12.33,18.16,30.49,27.91,22.83,67.0,0.262,11.0,16.42,4.0,5.97,0.951,0.361,16.8,7.78,18.52,26.3,24.19,11.46,150.0,0.235,44.0,29.33,13.0,8.67,0.6890000000000001,0.14700000000000002,27.37,12.73,17.66,30.39,26.32,26.04,359.0,0.233,81.0,22.56,28.0,7.8,0.638,0.104,23.05,10.71,17.5,28.21,27.41,21.33
745159,2024-06-29,2024,656413,R,543243,R,field_out,False,False,70.0,0.125,18.0,25.71,3.0,4.29,0.391,0.07800000000000001,38.02,20.0,13.48,33.48,31.25,27.27,144.0,0.23,35.0,24.31,12.0,8.33,0.716,0.1829999999999999,31.79,17.15,10.79,27.94,25.91,21.74,175.0,0.153,59.0,33.71,9.0,5.14,0.455,0.10500000000000001,29.79,14.77,19.52,34.3,32.45,38.31,396.0,0.22,102.0,25.76,27.0,6.82,0.5800000000000001,0.0829999999999999,28.79,13.92,15.72,29.65,29.23,22.8
745159,2024-06-29,2024,666181,L,543243,R,field_out,False,False,203.0,0.214,87.0,42.86,19.0,9.36,0.703,0.19799999999999998,39.11,18.7,14.79,33.49,22.93,32.1,285.0,0.297,89.0,31.23,37.0,12.98,0.938,0.252,31.03,13.11,16.03,29.13,18.51,23.66,150.0,0.235,44.0,29.33,13.0,8.67,0.6890000000000001,0.14700000000000002,27.37,12.73,17.66,30.39,26.32,26.04,359.0,0.233,81.0,22.56,28.0,7.8,0.638,0.104,23.05,10.71,17.5,28.21,27.41,21.33
745159,2024-06-29,2024,502671,R,686730,R,field_out,False,False,252.0,0.213,81.0,32.14,20.0,7.94,0.64,0.148,29.43,13.97,18.5,32.47,30.25,20.73,518.0,0.259,120.0,23.17,67.0,12.93,0.8049999999999999,0.187,27.85,12.3,17.85,30.16,25.85,17.44,61.0,0.228,12.0,19.67,3.0,4.92,0.577,0.06999999999999998,21.62,10.81,18.92,29.73,28.57,16.44,31.0,0.214,8.0,25.81,3.0,9.68,0.683,0.179,18.46,8.63,20.14,28.78,30.65,16.0
745159,2024-06-29,2024,680977,L,686730,R,strikeout,True,False,233.0,0.269,36.0,15.45,17.0,7.3,0.781,0.16899999999999998,16.35,6.78,20.44,27.22,23.08,14.01,309.0,0.294,43.0,13.92,27.0,8.74,0.831,0.166,14.96,6.32,19.2,25.52,22.53,13.27,71.0,0.299,13.0,18.31,3.0,4.23,0.7410000000000001,0.10400000000000004,21.43,11.32,16.98,28.3,31.58,16.88,33.0,0.429,4.0,12.12,4.0,12.12,0.964,0.035,22.08,11.18,8.55,19.74,29.89,8.7
745159,2024-06-29,2024,571448,R,686730,R,field_error,False,False,243.0,0.272,46.0,18.93,20.0,8.23,0.7190000000000001,0.10999999999999999,21.96,9.66,20.04,29.7,29.69,16.55,468.0,0.28,81.0,17.31,31.0,6.62,0.8089999999999999,0.2009999999999999,20.4,9.71,17.28,26.99,33.33,16.43,61.0,0.228,12.0,19.67,3.0,4.92,0.577,0.06999999999999998,21.62,10.81,18.92,29.73,28.57,16.44,31.0,0.214,8.0,25.81,3.0,9.68,0.683,0.179,18.46,8.63,20.14,28.78,30.65,16.0
745159,2024-06-29,2024,669357,L,686730,R,field_out,False,False,208.0,0.197,75.0,36.06,21.0,10.1,0.706,0.22899999999999998,39.47,19.45,14.56,34.01,29.11,28.2,378.0,0.231,124.0,32.8,42.0,11.11,0.7969999999999999,0.2459999999999999,35.96,17.73,12.12,29.85,28.13,25.15,71.0,0.299,13.0,18.31,3.0,4.23,0.7410000000000001,0.10400000000000004,21.43,11.32,16.98,28.3,31.58,16.88,33.0,0.429,4.0,12.12,4.0,12.12,0.964,0.035,22.08,11.18,8.55,19.74,29.89,8.7
745159,2024-06-29,2024,642851,R,543243,R,double,False,False,,,,,,,,,,,,,,,98.0,0.184,23.0,23.47,6.0,6.12,0.491,0.0569999999999999,29.38,14.47,19.54,34.01,29.67,16.79,175.0,0.153,59.0,33.71,9.0,5.14,0.455,0.10500000000000001,29.79,14.77,19.52,34.3,32.45,38.31,396.0,0.22,102.0,25.76,27.0,6.82,0.5800000000000001,0.0829999999999999,28.79,13.92,15.72,29.65,29.23,22.8
745159,2024-06-29,2024,663697,R,543243,R,double,False,False,210.0,0.26,46.0,21.9,27.0,12.86,0.751,0.124,18.84,7.07,20.52,27.59,15.93,19.01,397.0,0.257,73.0,18.39,37.0,9.32,0.7809999999999999,0.175,21.3,8.18,21.42,29.59,19.53,15.19,175.0,0.153,59.0,33.71,9.0,5.14,0.455,0.10500000000000001,29.79,14.77,19.52,34.3,32.45,38.31,396.0,0.22,102.0,25.76,27.0,6.82,0.5800000000000001,0.0829999999999999,28.79,13.92,15.72,29.65,29.23,22.8
745159,2024-06-29,2024,682829,L,543243,R,double,False,False,226.0,0.257,72.0,31.86,24.0,10.62,0.8460000000000001,0.253,31.51,12.99,19.77,32.77,24.12,29.46,307.0,0.255,95.0,30.94,30.0,9.77,0.7989999999999999,0.2159999999999999,26.69,11.86,17.47,29.33,31.27,25.07,150.0,0.235,44.0,29.33,13.0,8.67,0.6890000000000001,0.14700000000000002,27.37,12.73,17.66,30.39,26.32,26.04,359.0,0.233,81.0,22.56,28.0,7.8,0.638,0.104,23.05,10.71,17.5,28.21,27.41,21.33
745159,2024-06-29,2024,668715,R,543243,R,strikeout,True,False,237.0,0.235,51.0,21.52,20.0,8.44,0.702,0.15500000000000003,21.7,10.04,18.01,28.05,26.89,15.79,487.0,0.256,106.0,21.77,51.0,10.47,0.7789999999999999,0.175,25.48,10.86,19.02,29.88,22.75,18.53,175.0,0.153,59.0,33.71,9.0,5.14,0.455,0.10500000000000001,29.79,14.77,19.52,34.3,32.45,38.31,396.0,0.22,102.0,25.76,27.0,6.82,0.5800000000000001,0.0829999999999999,28.79,13.92,15.72,29.65,29.23,22.8
745159,2024-06-29,2024,641584,L,543243,R,strikeout,True,False,167.0,0.272,34.0,20.36,13.0,7.78,0.667,0.066,19.35,11.36,8.8,20.16,30.0,15.6,339.0,0.268,66.0,19.47,34.0,10.03,0.815,0.199,24.78,12.84,11.52,24.36,30.55,18.38,150.0,0.235,44.0,29.33,13.0,8.67,0.6890000000000001,0.14700000000000002,27.37,12.73,17.66,30.39,26.32,26.04,359.0,0.233,81.0,22.56,28.0,7.8,0.638,0.104,23.05,10.71,17.5,28.21,27.41,21.33
745159,2024-06-29,2024,682622,R,543243,R,field_out,False,False,8.0,0.25,1.0,12.5,0.0,0.0,0.625,0.125,28.57,18.18,9.09,27.27,33.33,6.67,89.0,0.317,21.0,23.6,5.0,5.62,0.876,0.195,29.73,14.06,19.17,33.23,30.67,22.58,175.0,0.153,59.0,33.71,9.0,5.14,0.455,0.10500000000000001,29.79,14.77,19.52,34.3,32.45,38.31,396.0,0.22,102.0,25.76,27.0,6.82,0.5800000000000001,0.0829999999999999,28.79,13.92,15.72,29.65,29.23,22.8
745159,2024-06-29,2024,572761,L,686730,R,double,False,False,82.0,0.225,22.0,26.83,8.0,9.76,0.647,0.11300000000000002,29.86,12.99,17.52,30.51,21.02,24.44,220.0,0.167,64.0,29.09,38.0,17.27,0.616,0.1319999999999999,29.37,12.01,18.83,30.84,21.25,22.78,71.0,0.299,13.0,18.31,3.0,4.23,0.7410000000000001,0.10400000000000004,21.43,11.32,16.98,28.3,31.58,16.88,33.0,0.429,4.0,12.12,4.0,12.12,0.964,0.035,22.08,11.18,8.55,19.74,29.89,8.7
745159,2024-06-29,2024,672279,L,686730,R,single,False,False,119.0,0.275,30.0,25.21,5.0,4.2,0.671,0.09199999999999997,28.04,13.73,18.54,32.27,29.65,24.39,3.0,0.0,1.0,33.33,0.0,0.0,0.0,0.0,40.0,14.29,21.43,35.71,0.0,50.0,71.0,0.299,13.0,18.31,3.0,4.23,0.7410000000000001,0.10400000000000004,21.43,11.32,16.98,28.3,31.58,16.88,33.0,0.429,4.0,12.12,4.0,12.12,0.964,0.035,22.08,11.18,8.55,19.74,29.89,8.7
745159,2024-06-29,2024,691026,R,686730,R,field_out,False,False,188.0,0.308,34.0,18.09,13.0,6.91,0.74,0.08300000000000002,16.67,7.89,18.11,26.0,30.19,14.05,100.0,0.161,19.0,19.0,9.0,9.0,0.478,0.0799999999999999,21.56,9.11,22.03,31.14,24.87,14.88,61.0,0.228,12.0,19.67,3.0,4.92,0.577,0.06999999999999998,21.62,10.81,18.92,29.73,28.57,16.44,31.0,0.214,8.0,25.81,3.0,9.68,0.683,0.179,18.46,8.63,20.14,28.78,30.65,16.0
745159,2024-06-29,2024,676475,L,686730,R,field_out,False,False,197.0,0.317,28.0,14.21,9.0,4.57,0.871,0.202,18.52,10.56,11.41,21.97,35.11,14.21,318.0,0.243,39.0,12.26,21.0,6.6,0.698,0.156,17.66,9.16,14.01,23.17,33.05,13.13,71.0,0.299,13.0,18.31,3.0,4.23,0.7410000000000001,0.10400000000000004,21.43,11.32,16.98,28.3,31.58,16.88,33.0,0.429,4.0,12.12,4.0,12.12,0.964,0.035,22.08,11.18,8.55,19.74,29.89,8.7
745159,2024-06-29,2024,575929,R,686730,R,force_out,False,False,115.0,0.247,35.0,30.43,15.0,13.04,0.819,0.20700000000000002,36.91,19.33,12.58,31.91,33.77,23.29,373.0,0.253,81.0,21.72,38.0,10.19,0.7989999999999999,0.191,29.54,13.96,15.04,29.0,30.33,18.49,61.0,0.228,12.0,19.67,3.0,4.92,0.577,0.06999999999999998,21.62,10.81,18.92,29.73,28.57,16.44,31.0,0.214,8.0,25.81,3.0,9.68,0.683,0.179,18.46,8.63,20.14,28.78,30.65,16.0
745159,2024-06-29,2024,605361,L,543243,R,single,False,False,116.0,0.208,29.0,25.0,7.0,6.03,0.599,0.11900000000000002,25.94,12.33,18.16,30.49,27.91,22.83,67.0,0.262,11.0,16.42,4.0,5.97,0.951,0.361,16.8,7.78,18.52,26.3,24.19,11.46,150.0,0.235,44.0,29.33,13.0,8.67,0.6890000000000001,0.14700000000000002,27.37,12.73,17.66,30.39,26.32,26.04,359.0,0.233,81.0,22.56,28.0,7.8,0.638,0.104,23.05,10.71,17.5,28.21,27.41,21.33
745159,2024-06-29,2024,656413,R,543243,R,strikeout,True,False,70.0,0.125,18.0,25.71,3.0,4.29,0.391,0.07800000000000001,38.02,20.0,13.48,33.48,31.25,27.27,144.0,0.23,35.0,24.31,12.0,8.33,0.716,0.1829999999999999,31.79,17.15,10.79,27.94,25.91,21.74,175.0,0.153,59.0,33.71,9.0,5.14,0.455,0.10500000000000001,29.79,14.77,19.52,34.3,32.45,38.31,396.0,0.22,102.0,25.76,27.0,6.82,0.5800000000000001,0.0829999999999999,28.79,13.92,15.72,29.65,29.23,22.8
745159,2024-06-29,2024,666181,L,543243,R,strikeout,True,False,203.0,0.214,87.0,42.86,19.0,9.36,0.703,0.19799999999999998,39.11,18.7,14.79,33.49,22.93,32.1,285.0,0.297,89.0,31.23,37.0,12.98,0.938,0.252,31.03,13.11,16.03,29.13,18.51,23.66,150.0,0.235,44.0,29.33,13.0,8.67,0.6890000000000001,0.14700000000000002,27.37,12.73,17.66,30.39,26.32,26.04,359.0,0.233,81.0,22.56,28.0,7.8,0.638,0.104,23.05,10.71,17.5,28.21,27.41,21.33
745159,2024-06-29,2024,642851,R,543243,R,strikeout,True,False,,,,,,,,,,,,,,,98.0,0.184,23.0,23.47,6.0,6.12,0.491,0.0569999999999999,29.38,14.47,19.54,34.01,29.67,16.79,175.0,0.153,59.0,33.71,9.0,5.14,0.455,0.10500000000000001,29.79,14.77,19.52,34.3,32.45,38.31,396.0,0.22,102.0,25.76,27.0,6.82,0.5800000000000001,0.0829999999999999,28.79,13.92,15.72,29.65,29.23,22.8
745159,2024-06-29,2024,502671,R,686730,R,field_out,False,False,252.0,0.213,81.0,32.14,20.0,7.94,0.64,0.148,29.43,13.97,18.5,32.47,30.25,20.73,518.0,0.259,120.0,23.17,67.0,12.93,0.8049999999999999,0.187,27.85,12.3,17.85,30.16,25.85,17.44,61.0,0.228,12.0,19.67,3.0,4.92,0.577,0.06999999999999998,21.62,10.81,18.92,29.73,28.57,16.44,31.0,0.214,8.0,25.81,3.0,9.68,0.683,0.179,18.46,8.63,20.14,28.78,30.65,16.0
745159,2024-06-29,2024,680977,L,686730,R,walk,False,True,233.0,0.269,36.0,15.45,17.0,7.3,0.781,0.16899999999999998,16.35,6.78,20.44,27.22,23.08,14.01,309.0,0.294,43.0,13.92,27.0,8.74,0.831,0.166,14.96,6.32,19.2,25.52,22.53,13.27,71.0,0.299,13.0,18.31,3.0,4.23,0.7410000000000001,0.10400000000000004,21.43,11.32,16.98,28.3,31.58,16.88,33.0,0.429,4.0,12.12,4.0,12.12,0.964,0.035,22.08,11.18,8.55,19.74,29.89,8.7
745159,2024-06-29,2024,571448,R,686730,R,field_out,False,False,243.0,0.272,46.0,18.93,20.0,8.23,0.7190000000000001,0.10999999999999999,21.96,9.66,20.04,29.7,29.69,16.55,468.0,0.28,81.0,17.31,31.0,6.62,0.8089999999999999,0.2009999999999999,20.4,9.71,17.28,26.99,33.33,16.43,61.0,0.228,12.0,19.67,3.0,4.92,0.577,0.06999999999999998,21.62,10.81,18.92,29.73,28.57,16.44,31.0,0.214,8.0,25.81,3.0,9.68,0.683,0.179,18.46,8.63,20.14,28.78,30.65,16.0
745159,2024-06-29,2024,669357,L,686730,R,field_out,False,False,208.0,0.197,75.0,36.06,21.0,10.1,0.706,0.22899999999999998,39.47,19.45,14.56,34.01,29.11,28.2,378.0,0.231,124.0,32.8,42.0,11.11,0.7969999999999999,0.2459999999999999,35.96,17.73,12.12,29.85,28.13,25.15,71.0,0.299,13.0,18.31,3.0,4.23,0.7410000000000001,0.10400000000000004,21.43,11.32,16.98,28.3,31.58,16.88,33.0,0.429,4.0,12.12,4.0,12.12,0.964,0.035,22.08,11.18,8.55,19.74,29.89,8.7
745159,2024-06-29,2024,663697,R,543243,R,field_out,False,False,210.0,0.26,46.0,21.9,27.0,12.86,0.751,0.124,18.84,7.07,20.52,27.59,15.93,19.01,397.0,0.257,73.0,18.39,37.0,9.32,0.7809999999999999,0.175,21.3,8.18,21.42,29.59,19.53,15.19,175.0,0.153,59.0,33.71,9.0,5.14,0.455,0.10500000000000001,29.79,14.77,19.52,34.3,32.45,38.31,396.0,0.22,102.0,25.76,27.0,6.82,0.5800000000000001,0.0829999999999999,28.79,13.92,15.72,29.65,29.23,22.8
745159,2024-06-29,2024,682829,L,543243,R,triple,False,False,226.0,0.257,72.0,31.86,24.0,10.62,0.8460000000000001,0.253,31.51,12.99,19.77,32.77,24.12,29.46,307.0,0.255,95.0,30.94,30.0,9.77,0.7989999999999999,0.2159999999999999,26.69,11.86,17.47,29.33,31.27,25.07,150.0,0.235,44.0,29.33,13.0,8.67,0.6890000000000001,0.14700000000000002,27.37,12.73,17.66,30.39,26.32,26.04,359.0,0.233,81.0,22.56,28.0,7.8,0.638,0.104,23.05,10.71,17.5,28.21,27.41,21.33
745159,2024-06-29,2024,668715,R,543243,R,walk,False,True,237.0,0.235,51.0,21.52,20.0,8.44,0.702,0.15500000000000003,21.7,10.04,18.01,28.05,26.89,15.79,487.0,0.256,106.0,21.77,51.0,10.47,0.7789999999999999,0.175,25.48,10.86,19.02,29.88,22.75,18.53,175.0,0.153,59.0,33.71,9.0,5.14,0.455,0.10500000000000001,29.79,14.77,19.52,34.3,32.45,38.31,396.0,0.22,102.0,25.76,27.0,6.82,0.5800000000000001,0.0829999999999999,28.79,13.92,15.72,29.65,29.23,22.8
745159,2024-06-29,2024,641584,L,543243,R,hit_by_pitch,False,False,167.0,0.272,34.0,20.36,13.0,7.78,0.667,0.066,19.35,11.36,8.8,20.16,30.0,15.6,339.0,0.268,66.0,19.47,34.0,10.03,0.815,0.199,24.78,12.84,11.52,24.36,30.55,18.38,150.0,0.235,44.0,29.33,13.0,8.67,0.6890000000000001,0.14700000000000002,27.37,12.73,17.66,30.39,26.32,26.04,359.0,0.233,81.0,22.56,28.0,7.8,0.638,0.104,23.05,10.71,17.5,28.21,27.41,21.33
745159,2024-06-29,2024,682622,R,543243,R,fielders_choice,False,False,8.0,0.25,1.0,12.5,0.0,0.0,0.625,0.125,28.57,18.18,9.09,27.27,33.33,6.67,89.0,0.317,21.0,23.6,5.0,5.62,0.876,0.195,29.73,14.06,19.17,33.23,30.67,22.58,175.0,0.153,59.0,33.71,9.0,5.14,0.455,0.10500000000000001,29.79,14.77,19.52,34.3,32.45,38.31,396.0,0.22,102.0,25.76,27.0,6.82,0.5800000000000001,0.0829999999999999,28.79,13.92,15.72,29.65,29.23,22.8
745159,2024-06-29,2024,669289,R,667463,L,field_out,False,False,78.0,0.25,6.0,7.69,8.0,10.26,0.679,0.10899999999999999,12.12,5.56,16.32,21.88,24.31,8.45,116.0,0.252,14.0,12.07,8.0,6.9,0.657,0.1029999999999999,17.24,7.83,19.46,27.29,25.0,10.94,67.0,0.25,15.0,22.39,2.0,2.99,0.591,0.08300000000000002,20.56,9.95,19.46,29.41,32.08,30.61,104.0,0.292,12.0,11.54,7.0,6.73,0.722,0.093,20.71,10.06,15.8,25.86,32.8,16.44
745159,2024-06-29,2024,656413,R,667463,L,single,False,False,97.0,0.302,19.0,19.59,11.0,11.34,0.823,0.14,34.32,16.11,11.39,27.5,20.94,20.88,113.0,0.226,34.0,30.09,13.0,11.5,0.7,0.1289999999999999,36.84,17.46,14.51,31.97,22.54,26.77,67.0,0.25,15.0,22.39,2.0,2.99,0.591,0.08300000000000002,20.56,9.95,19.46,29.41,32.08,30.61,104.0,0.292,12.0,11.54,7.0,6.73,0.722,0.093,20.71,10.06,15.8,25.86,32.8,16.44
745159,2024-06-29,2024,666181,L,667463,L,single,False,False,55.0,0.093,16.0,29.09,9.0,16.36,0.46799999999999997,0.11599999999999999,37.04,16.95,13.56,30.51,22.5,17.98,44.0,0.146,14.0,31.82,3.0,6.82,0.4,0.049,34.18,15.79,19.3,35.09,25.64,27.45,53.0,0.24,11.0,20.75,2.0,3.77,0.663,0.14,23.08,11.48,17.49,28.96,31.82,22.0,53.0,0.347,8.0,15.09,3.0,5.66,0.7929999999999999,0.061,23.08,11.6,17.68,29.28,28.75,17.39
745159,2024-06-29,2024,642851,R,667463,L,double,False,False,,,,,,,,,,,,,,,47.0,0.256,16.0,34.04,3.0,6.38,0.653,0.0929999999999999,24.74,11.43,20.95,32.38,27.72,22.22,67.0,0.25,15.0,22.39,2.0,2.99,0.591,0.08300000000000002,20.56,9.95,19.46,29.41,32.08,30.61,104.0,0.292,12.0,11.54,7.0,6.73,0.722,0.093,20.71,10.06,15.8,25.86,32.8,16.44
745159,2024-06-29,2024,663697,R,700669,R,field_out,False,False,210.0,0.26,46.0,21.9,27.0,12.86,0.751,0.124,18.84,7.07,20.52,27.59,15.93,19.01,397.0,0.257,73.0,18.39,37.0,9.32,0.7809999999999999,0.175,21.3,8.18,21.42,29.59,19.53,15.19,,,,,,,,,,,,,,,,,,,,,,,,,,,,
745159,2024-06-29,2024,572761,L,686730,R,field_out,False,False,82.0,0.225,22.0,26.83,8.0,9.76,0.647,0.11300000000000002,29.86,12.99,17.52,30.51,21.02,24.44,220.0,0.167,64.0,29.09,38.0,17.27,0.616,0.1319999999999999,29.37,12.01,18.83,30.84,21.25,22.78,71.0,0.299,13.0,18.31,3.0,4.23,0.7410000000000001,0.10400000000000004,21.43,11.32,16.98,28.3,31.58,16.88,33.0,0.429,4.0,12.12,4.0,12.12,0.964,0.035,22.08,11.18,8.55,19.74,29.89,8.7
745159,2024-06-29,2024,672279,L,686730,R,strikeout,True,False,119.0,0.275,30.0,25.21,5.0,4.2,0.671,0.09199999999999997,28.04,13.73,18.54,32.27,29.65,24.39,3.0,0.0,1.0,33.33,0.0,0.0,0.0,0.0,40.0,14.29,21.43,35.71,0.0,50.0,71.0,0.299,13.0,18.31,3.0,4.23,0.7410000000000001,0.10400000000000004,21.43,11.32,16.98,28.3,31.58,16.88,33.0,0.429,4.0,12.12,4.0,12.12,0.964,0.035,22.08,11.18,8.55,19.74,29.89,8.7
745159,2024-06-29,2024,691026,R,686730,R,field_out,False,False,188.0,0.308,34.0,18.09,13.0,6.91,0.74,0.08300000000000002,16.67,7.89,18.11,26.0,30.19,14.05,100.0,0.161,19.0,19.0,9.0,9.0,0.478,0.0799999999999999,21.56,9.11,22.03,31.14,24.87,14.88,61.0,0.228,12.0,19.67,3.0,4.92,0.577,0.06999999999999998,21.62,10.81,18.92,29.73,28.57,16.44,31.0,0.214,8.0,25.81,3.0,9.68,0.683,0.179,18.46,8.63,20.14,28.78,30.65,16.0
745159,2024-06-29,2024,682829,L,700669,R,strikeout,True,False,226.0,0.257,72.0,31.86,24.0,10.62,0.8460000000000001,0.253,31.51,12.99,19.77,32.77,24.12,29.46,307.0,0.255,95.0,30.94,30.0,9.77,0.7989999999999999,0.2159999999999999,26.69,11.86,17.47,29.33,31.27,25.07,,,,,,,,,,,,,,,,,,,,,,,,,,,,
745159,2024-06-29,2024,668715,R,700669,R,walk,False,True,237.0,0.235,51.0,21.52,20.0,8.44,0.702,0.15500000000000003,21.7,10.04,18.01,28.05,26.89,15.79,487.0,0.256,106.0,21.77,51.0,10.47,0.7789999999999999,0.175,25.48,10.86,19.02,29.88,22.75,18.53,,,,,,,,,,,,,,,,,,,,,,,,,,,,
745159,2024-06-29,2024,641584,L,700669,R,walk,False,True,167.0,0.272,34.0,20.36,13.0,7.78,0.667,0.066,19.35,11.36,8.8,20.16,30.0,15.6,339.0,0.268,66.0,19.47,34.0,10.03,0.815,0.199,24.78,12.84,11.52,24.36,30.55,18.38,,,,,,,,,,,,,,,,,,,,,,,,,,,,
745159,2024-06-29,2024,682622,R,700669,R,strikeout,True,False,8.0,0.25,1.0,12.5,0.0,0.0,0.625,0.125,28.57,18.18,9.09,27.27,33.33,6.67,89.0,0.317,21.0,23.6,5.0,5.62,0.876,0.195,29.73,14.06,19.17,33.23,30.67,22.58,,,,,,,,,,,,,,,,,,,,,,,,,,,,
745159,2024-06-29,2024,669289,R,700669,R,field_out,False,False,109.0,0.165,16.0,14.68,4.0,3.67,0.437,0.07799999999999999,11.17,5.4,15.96,21.36,25.49,13.45,138.0,0.244,22.0,15.94,10.0,7.25,0.633,0.073,17.87,7.68,20.84,28.52,25.34,15.6,,,,,,,,,,,,,,,,,,,,,,,,,,,,
745159,2024-06-29,2024,676475,L,686730,R,strikeout,True,False,197.0,0.317,28.0,14.21,9.0,4.57,0.871,0.202,18.52,10.56,11.41,21.97,35.11,14.21,318.0,0.243,39.0,12.26,21.0,6.6,0.698,0.156,17.66,9.16,14.01,23.17,33.05,13.13,71.0,0.299,13.0,18.31,3.0,4.23,0.7410000000000001,0.10400000000000004,21.43,11.32,16.98,28.3,31.58,16.88,33.0,0.429,4.0,12.12,4.0,12.12,0.964,0.035,22.08,11.18,8.55,19.74,29.89,8.7
745159,2024-06-29,2024,575929,R,686730,R,field_out,False,False,115.0,0.247,35.0,30.43,15.0,13.04,0.819,0.20700000000000002,36.91,19.33,12.58,31.91,33.77,23.29,373.0,0.253,81.0,21.72,38.0,10.19,0.7989999999999999,0.191,29.54,13.96,15.04,29.0,30.33,18.49,61.0,0.228,12.0,19.67,3.0,4.92,0.577,0.06999999999999998,21.62,10.81,18.92,29.73,28.57,16.44,31.0,0.214,8.0,25.81,3.0,9.68,0.683,0.179,18.46,8.63,20.14,28.78,30.65,16.0
745159,2024-06-29,2024,502671,R,686730,R,home_run,False,False,252.0,0.213,81.0,32.14,20.0,7.94,0.64,0.148,29.43,13.97,18.5,32.47,30.25,20.73,518.0,0.259,120.0,23.17,67.0,12.93,0.8049999999999999,0.187,27.85,12.3,17.85,30.16,25.85,17.44,61.0,0.228,12.0,19.67,3.0,4.92,0.577,0.06999999999999998,21.62,10.81,18.92,29.73,28.57,16.44,31.0,0.214,8.0,25.81,3.0,9.68,0.683,0.179,18.46,8.63,20.14,28.78,30.65,16.0
745159,2024-06-29,2024,680977,L,686730,R,field_out,False,False,233.0,0.269,36.0,15.45,17.0,7.3,0.781,0.16899999999999998,16.35,6.78,20.44,27.22,23.08,14.01,309.0,0.294,43.0,13.92,27.0,8.74,0.831,0.166,14.96,6.32,19.2,25.52,22.53,13.27,71.0,0.299,13.0,18.31,3.0,4.23,0.7410000000000001,0.10400000000000004,21.43,11.32,16.98,28.3,31.58,16.88,33.0,0.429,4.0,12.12,4.0,12.12,0.964,0.035,22.08,11.18,8.55,19.74,29.89,8.7
745159,2024-06-29,2024,656413,R,700669,R,field_out,False,False,70.0,0.125,18.0,25.71,3.0,4.29,0.391,0.07800000000000001,38.02,20.0,13.48,33.48,31.25,27.27,144.0,0.23,35.0,24.31,12.0,8.33,0.716,0.1829999999999999,31.79,17.15,10.79,27.94,25.91,21.74,,,,,,,,,,,,,,,,,,,,,,,,,,,,
745159,2024-06-29,2024,666181,L,700669,R,field_out,False,False,203.0,0.214,87.0,42.86,19.0,9.36,0.703,0.19799999999999998,39.11,18.7,14.79,33.49,22.93,32.1,285.0,0.297,89.0,31.23,37.0,12.98,0.938,0.252,31.03,13.11,16.03,29.13,18.51,23.66,,,,,,,,,,,,,,,,,,,,,,,,,,,,
745159,2024-06-29,2024,642851,R,700669,R,double,False,False,,,,,,,,,,,,,,,98.0,0.184,23.0,23.47,6.0,6.12,0.491,0.0569999999999999,29.38,14.47,19.54,34.01,29.67,16.79,,,,,,,,,,,,,,,,,,,,,,,,,,,,
745159,2024-06-29,2024,663697,R,700669,R,double,False,False,210.0,0.26,46.0,21.9,27.0,12.86,0.751,0.124,18.84,7.07,20.52,27.59,15.93,19.01,397.0,0.257,73.0,18.39,37.0,9.32,0.7809999999999999,0.175,21.3,8.18,21.42,29.59,19.53,15.19,,,,,,,,,,,,,,,,,,,,,,,,,,,,
745159,2024-06-29,2024,682829,L,700669,R,strikeout,True,False,226.0,0.257,72.0,31.86,24.0,10.62,0.8460000000000001,0.253,31.51,12.99,19.77,32.77,24.12,29.46,307.0,0.255,95.0,30.94,30.0,9.77,0.7989999999999999,0.2159999999999999,26.69,11.86,17.47,29.33,31.27,25.07,,,,,,,,,,,,,,,,,,,,,,,,,,,,
745159,2024-06-29,2024,571448,R,458677,L,single,False,False,73.0,0.217,5.0,6.85,1.0,1.37,0.595,0.145,16.41,8.11,18.53,26.64,34.13,7.81,146.0,0.22,20.0,13.7,10.0,6.85,0.662,0.166,19.62,9.73,14.31,24.05,36.88,13.25,39.0,0.306,9.0,23.08,2.0,5.13,0.8029999999999999,0.138,21.05,12.82,9.62,22.44,37.68,16.67,,,,,,,,,,,,,,
745159,2024-06-29,2024,669357,L,458677,L,walk,False,True,85.0,0.169,31.0,36.47,7.0,8.24,0.589,0.18199999999999997,36.36,17.83,16.24,34.08,32.21,30.1,86.0,0.26,24.0,27.91,11.0,12.79,0.839,0.2189999999999999,33.77,15.79,17.34,33.13,24.68,27.59,43.0,0.308,14.0,32.56,2.0,4.65,0.862,0.20500000000000002,32.56,16.09,17.82,33.91,31.4,25.93,,,,,,,,,,,,,,
745159,2024-06-29,2024,572761,L,458677,L,single,False,False,15.0,0.308,4.0,26.67,1.0,6.67,0.708,0.0,26.92,10.77,21.54,32.31,19.35,18.18,18.0,0.286,3.0,16.67,3.0,16.67,0.96,0.285,15.62,5.56,23.33,28.89,20.0,8.82,43.0,0.308,14.0,32.56,2.0,4.65,0.862,0.20500000000000002,32.56,16.09,17.82,33.91,31.4,25.93,,,,,,,,,,,,,,
745159,2024-06-29,2024,672279,L,458677,L,strikeout,True,False,61.0,0.154,15.0,24.59,3.0,4.92,0.46399999999999997,0.096,25.0,13.0,20.63,33.63,33.7,18.29,3.0,0.0,0.0,0.0,1.0,33.33,0.333,0.0,33.33,6.67,20.0,26.67,10.0,0.0,43.0,0.308,14.0,32.56,2.0,4.65,0.862,0.20500000000000002,32.56,16.09,17.82,33.91,31.4,25.93,,,,,,,,,,,,,,
745159,2024-06-29,2024,691026,R,458677,L,force_out,False,False,95.0,0.25,24.0,25.26,7.0,7.37,0.771,0.21600000000000003,18.18,9.38,17.04,26.42,37.31,18.05,37.0,0.2,7.0,18.92,1.0,2.7,0.445,0.0289999999999999,21.54,10.0,20.0,30.0,25.4,18.92,39.0,0.306,9.0,23.08,2.0,5.13,0.8029999999999999,0.138,21.05,12.82,9.62,22.44,37.68,16.67,,,,,,,,,,,,,,
745159,2024-06-29,2024,676475,L,458677,L,strikeout,True,False,75.0,0.194,9.0,12.0,2.0,2.67,0.549,0.139,22.44,13.06,11.19,24.25,35.2,12.16,29.0,0.259,6.0,20.69,2.0,6.9,0.606,0.0369999999999999,18.18,9.62,19.23,28.85,41.82,19.35,43.0,0.308,14.0,32.56,2.0,4.65,0.862,0.20500000000000002,32.56,16.09,17.82,33.91,31.4,25.93,,,,,,,,,,,,,,
745159,2024-06-29,2024,668715,R,700669,R,field_out,False,False,237.0,0.235,51.0,21.52,20.0,8.44,0.702,0.15500000000000003,21.7,10.04,18.01,28.05,26.89,15.79,487.0,0.256,106.0,21.77,51.0,10.47,0.7789999999999999,0.175,25.48,10.86,19.02,29.88,22.75,18.53,,,,,,,,,,,,,,,,,,,,,,,,,,,,
745159,2024-06-29,2024,641584,L,700669,R,field_out,False,False,167.0,0.272,34.0,20.36,13.0,7.78,0.667,0.066,19.35,11.36,8.8,20.16,30.0,15.6,339.0,0.268,66.0,19.47,34.0,10.03,0.815,0.199,24.78,12.84,11.52,24.36,30.55,18.38,,,,,,,,,,,,,,,,,,,,,,,,,,,,
745159,2024-06-29,2024,682622,R,700669,R,strikeout,True,False,8.0,0.25,1.0,12.5,0.0,0.0,0.625,0.125,28.57,18.18,9.09,27.27,33.33,6.67,89.0,0.317,21.0,23.6,5.0,5.62,0.876,0.195,29.73,14.06,19.17,33.23,30.67,22.58,,,,,,,,,,,,,,,,,,,,,,,,,,,,
745159,2024-06-29,2024,575929,R,608371,R,single,False,False,115.0,0.247,35.0,30.43,15.0,13.04,0.819,0.20700000000000002,36.91,19.33,12.58,31.91,33.77,23.29,373.0,0.253,81.0,21.72,38.0,10.19,0.7989999999999999,0.191,29.54,13.96,15.04,29.0,30.33,18.49,73.0,0.197,24.0,32.88,11.0,15.07,0.741,0.22899999999999998,31.69,14.47,15.43,29.9,25.31,25.0,145.0,0.126,47.0,32.41,24.0,16.55,0.5640000000000001,0.144,36.09,15.87,16.53,32.4,27.51,23.74
745159,2024-06-29,2024,502671,R,608371,R,field_out,False,False,252.0,0.213,81.0,32.14,20.0,7.94,0.64,0.148,29.43,13.97,18.5,32.47,30.25,20.73,518.0,0.259,120.0,23.17,67.0,12.93,0.8049999999999999,0.187,27.85,12.3,17.85,30.16,25.85,17.44,73.0,0.197,24.0,32.88,11.0,15.07,0.741,0.22899999999999998,31.69,14.47,15.43,29.9,25.31,25.0,145.0,0.126,47.0,32.41,24.0,16.55,0.5640000000000001,0.144,36.09,15.87,16.53,32.4,27.51,23.74
745159,2024-06-29,2024,680977,L,608371,R,strikeout,True,False,233.0,0.269,36.0,15.45,17.0,7.3,0.781,0.16899999999999998,16.35,6.78,20.44,27.22,23.08,14.01,309.0,0.294,43.0,13.92,27.0,8.74,0.831,0.166,14.96,6.32,19.2,25.52,22.53,13.27,41.0,0.206,6.0,14.63,5.0,12.2,0.729,0.206,17.81,8.78,16.22,25.0,34.25,18.18,114.0,0.209,25.0,21.93,15.0,13.16,0.6950000000000001,0.132,29.49,14.0,12.47,26.48,28.16,19.23
745159,2024-06-29,2024,571448,R,608371,R,single,False,False,243.0,0.272,46.0,18.93,20.0,8.23,0.7190000000000001,0.10999999999999999,21.96,9.66,20.04,29.7,29.69,16.55,468.0,0.28,81.0,17.31,31.0,6.62,0.8089999999999999,0.2009999999999999,20.4,9.71,17.28,26.99,33.33,16.43,73.0,0.197,24.0,32.88,11.0,15.07,0.741,0.22899999999999998,31.69,14.47,15.43,29.9,25.31,25.0,145.0,0.126,47.0,32.41,24.0,16.55,0.5640000000000001,0.144,36.09,15.87,16.53,32.4,27.51,23.74
745159,2024-06-29,2024,669357,L,608371,R,single,False,False,208.0,0.197,75.0,36.06,21.0,10.1,0.706,0.22899999999999998,39.47,19.45,14.56,34.01,29.11,28.2,378.0,0.231,124.0,32.8,42.0,11.11,0.7969999999999999,0.2459999999999999,35.96,17.73,12.12,29.85,28.13,25.15,41.0,0.206,6.0,14.63,5.0,12.2,0.729,0.206,17.81,8.78,16.22,25.0,34.25,18.18,114.0,0.209,25.0,21.93,15.0,13.16,0.6950000000000001,0.132,29.49,14.0,12.47,26.48,28.16,19.23
745159,2024-06-29,2024,572761,L,518585,R,strikeout,True,False,82.0,0.225,22.0,26.83,8.0,9.76,0.647,0.11300000000000002,29.86,12.99,17.52,30.51,21.02,24.44,220.0,0.167,64.0,29.09,38.0,17.27,0.616,0.1319999999999999,29.37,12.01,18.83,30.84,21.25,22.78,73.0,0.222,24.0,32.88,10.0,13.7,0.789,0.23800000000000002,34.29,15.84,14.85,30.69,26.8,24.24,128.0,0.231,43.0,33.59,18.0,14.06,0.733,0.158,29.12,13.69,13.69,27.39,27.0,23.76
745159,2024-06-29,2024,669289,R,700669,R,field_out,False,False,109.0,0.165,16.0,14.68,4.0,3.67,0.437,0.07799999999999999,11.17,5.4,15.96,21.36,25.49,13.45,138.0,0.244,22.0,15.94,10.0,7.25,0.633,0.073,17.87,7.68,20.84,28.52,25.34,15.6,,,,,,,,,,,,,,,,,,,,,,,,,,,,
745159,2024-06-29,2024,656413,R,700669,R,double,False,False,70.0,0.125,18.0,25.71,3.0,4.29,0.391,0.07800000000000001,38.02,20.0,13.48,33.48,31.25,27.27,144.0,0.23,35.0,24.31,12.0,8.33,0.716,0.1829999999999999,31.79,17.15,10.79,27.94,25.91,21.74,,,,,,,,,,,,,,,,,,,,,,,,,,,,
745159,2024-06-29,2024,666181,L,700669,R,field_out,False,False,203.0,0.214,87.0,42.86,19.0,9.36,0.703,0.19799999999999998,39.11,18.7,14.79,33.49,22.93,32.1,285.0,0.297,89.0,31.23,37.0,12.98,0.938,0.252,31.03,13.11,16.03,29.13,18.51,23.66,,,,,,,,,,,,,,,,,,,,,,,,,,,,
745159,2024-06-29,2024,642851,R,700669,R,field_out,False,False,,,,,,,,,,,,,,,98.0,0.184,23.0,23.47,6.0,6.12,0.491,0.0569999999999999,29.38,14.47,19.54,34.01,29.67,16.79,,,,,,,,,,,,,,,,,,,,,,,,,,,,
745159,2024-06-29,2024,666185,R,608718,L,strikeout,True,False,58.0,0.196,11.0,18.97,5.0,8.62,0.531,0.059,29.09,14.81,12.96,27.78,29.09,20.75,86.0,0.268,12.0,13.95,12.0,13.95,0.77,0.126,22.46,10.88,12.44,23.32,23.98,9.3,107.0,0.283,19.0,17.76,7.0,6.54,0.802,0.192,21.65,9.98,17.34,27.32,29.49,14.84,185.0,0.229,41.0,22.16,13.0,7.03,0.585,0.0659999999999999,25.84,11.89,18.32,30.21,31.25,19.25
745159,2024-06-29,2024,691026,R,608718,L,field_out,False,False,95.0,0.25,24.0,25.26,7.0,7.37,0.771,0.21600000000000003,18.18,9.38,17.04,26.42,37.31,18.05,37.0,0.2,7.0,18.92,1.0,2.7,0.445,0.0289999999999999,21.54,10.0,20.0,30.0,25.4,18.92,107.0,0.283,19.0,17.76,7.0,6.54,0.802,0.192,21.65,9.98,17.34,27.32,29.49,14.84,185.0,0.229,41.0,22.16,13.0,7.03,0.585,0.0659999999999999,25.84,11.89,18.32,30.21,31.25,19.25
745159,2024-06-29,2024,676475,L,608718,L,field_out,False,False,75.0,0.194,9.0,12.0,2.0,2.67,0.549,0.139,22.44,13.06,11.19,24.25,35.2,12.16,29.0,0.259,6.0,20.69,2.0,6.9,0.606,0.0369999999999999,18.18,9.62,19.23,28.85,41.82,19.35,75.0,0.222,14.0,18.67,1.0,1.33,0.643,0.18100000000000002,18.67,10.04,12.54,22.58,26.56,16.67,108.0,0.284,14.0,12.96,12.0,11.11,0.7909999999999999,0.137,15.29,6.27,17.11,23.37,15.26,12.61
744921,2024-06-29,2024,683011,R,605135,R,strikeout,True,False,277.0,0.263,61.0,22.02,18.0,6.5,0.7210000000000001,0.139,23.81,11.52,18.16,29.68,30.15,18.77,467.0,0.198,132.0,28.27,36.0,7.71,0.624,0.1579999999999999,28.15,13.53,17.49,31.02,29.16,23.4,190.0,0.231,49.0,25.79,11.0,5.79,0.5680000000000001,0.04100000000000001,23.84,11.07,20.24,31.31,27.64,20.16,425.0,0.208,89.0,20.94,23.0,5.41,0.573,0.102,21.02,10.01,19.18,29.19,29.2,18.62
744921,2024-06-29,2024,700250,L,605135,R,single,False,False,19.0,0.333,1.0,5.26,3.0,15.79,0.754,0.0,23.08,10.59,11.76,22.35,23.4,3.45,,,,,,,,,,,,,,,204.0,0.286,34.0,16.67,24.0,11.76,0.81,0.14800000000000002,17.63,7.8,17.54,25.33,21.8,13.55,403.0,0.265,97.0,24.07,36.0,8.93,0.841,0.239,22.76,10.56,17.85,28.41,24.8,20.13
744921,2024-06-29,2024,592450,R,605135,R,single,False,False,274.0,0.309,68.0,24.82,38.0,13.87,1.1099999999999999,0.39099999999999996,31.15,13.72,14.86,28.58,19.93,19.77,384.0,0.266,109.0,28.39,77.0,20.05,1.011,0.3339999999999999,36.96,15.02,15.7,30.72,19.29,24.12,190.0,0.231,49.0,25.79,11.0,5.79,0.5680000000000001,0.04100000000000001,23.84,11.07,20.24,31.31,27.64,20.16,425.0,0.208,89.0,20.94,23.0,5.41,0.573,0.102,21.02,10.01,19.18,29.19,29.2,18.62
744921,2024-06-29,2024,657077,L,605135,R,strikeout,True,False,237.0,0.267,32.0,13.5,16.0,6.75,0.75,0.17099999999999999,14.71,6.77,19.86,26.64,27.38,12.7,441.0,0.279,66.0,14.97,30.0,6.8,0.793,0.185,15.08,6.28,20.52,26.8,22.64,14.93,204.0,0.286,34.0,16.67,24.0,11.76,0.81,0.14800000000000002,17.63,7.8,17.54,25.33,21.8,13.55,403.0,0.265,97.0,24.07,36.0,8.93,0.841,0.239,22.76,10.56,17.85,28.41,24.8,20.13
744921,2024-06-29,2024,650402,R,605135,R,caught_stealing_3b,False,False,252.0,0.224,57.0,22.62,22.0,8.73,0.6399999999999999,0.12099999999999997,25.26,11.65,16.36,28.01,21.15,16.43,544.0,0.273,78.0,14.34,50.0,9.19,0.772,0.1589999999999999,21.74,10.32,15.57,25.89,26.86,11.29,190.0,0.231,49.0,25.79,11.0,5.79,0.5680000000000001,0.04100000000000001,23.84,11.07,20.24,31.31,27.64,20.16,425.0,0.208,89.0,20.94,23.0,5.41,0.573,0.102,21.02,10.01,19.18,29.19,29.2,18.62
744921,2024-06-29,2024,666182,R,641482,L,strikeout,True,False,57.0,0.148,8.0,14.04,3.0,5.26,0.36,0.019000000000000017,12.8,7.88,8.87,16.75,38.38,11.94,107.0,0.323,13.0,12.15,7.0,6.54,0.893,0.202,17.62,9.88,9.88,19.75,30.5,10.32,331.0,0.24,76.0,22.96,14.0,4.23,0.676,0.15900000000000003,23.77,12.1,14.75,26.85,27.47,18.84,221.0,0.261,53.0,23.98,18.0,8.14,0.797,0.206,22.32,10.86,15.63,26.5,25.23,18.86
744921,2024-06-29,2024,643396,R,641482,L,single,False,False,73.0,0.288,9.0,12.33,3.0,4.11,0.726,0.09100000000000003,10.1,4.18,24.69,28.87,25.45,18.37,90.0,0.23,16.0,17.78,11.0,12.22,0.634,0.0669999999999999,19.59,8.03,19.67,27.7,20.35,15.09,331.0,0.24,76.0,22.96,14.0,4.23,0.676,0.15900000000000003,23.77,12.1,14.75,26.85,27.47,18.84,221.0,0.261,53.0,23.98,18.0,8.14,0.797,0.206,22.32,10.86,15.63,26.5,25.23,18.86
744921,2024-06-29,2024,665489,R,641482,L,home_run,False,False,65.0,0.259,8.0,12.31,11.0,16.92,0.792,0.14799999999999996,23.0,9.5,16.53,26.03,22.83,12.7,124.0,0.284,15.0,12.1,19.0,15.32,0.766,0.079,18.93,8.25,16.07,24.31,22.78,13.51,331.0,0.24,76.0,22.96,14.0,4.23,0.676,0.15900000000000003,23.77,12.1,14.75,26.85,27.47,18.84,221.0,0.261,53.0,23.98,18.0,8.14,0.797,0.206,22.32,10.86,15.63,26.5,25.23,18.86
744921,2024-06-29,2024,457759,R,641482,L,field_out,False,False,61.0,0.309,10.0,16.39,5.0,8.2,0.834,0.16399999999999998,10.24,4.61,20.21,24.82,26.12,9.71,164.0,0.285,32.0,19.51,18.0,10.98,0.9,0.243,20.38,9.35,18.71,28.06,27.41,13.45,331.0,0.24,76.0,22.96,14.0,4.23,0.676,0.15900000000000003,23.77,12.1,14.75,26.85,27.47,18.84,221.0,0.261,53.0,23.98,18.0,8.14,0.797,0.206,22.32,10.86,15.63,26.5,25.23,18.86
744921,2024-06-29,2024,543807,R,641482,L,double,False,False,71.0,0.164,14.0,19.72,9.0,12.68,0.5960000000000001,0.164,22.7,10.67,12.33,23.0,20.28,16.09,144.0,0.242,24.0,16.67,17.0,11.81,0.71,0.137,19.37,9.5,11.92,21.42,22.03,14.37,331.0,0.24,76.0,22.96,14.0,4.23,0.676,0.15900000000000003,23.77,12.1,14.75,26.85,27.47,18.84,221.0,0.261,53.0,23.98,18.0,8.14,0.797,0.206,22.32,10.86,15.63,26.5,25.23,18.86
744921,2024-06-29,2024,676914,R,641482,L,strikeout,True,False,72.0,0.197,22.0,30.56,7.0,9.72,0.645,0.18,33.09,15.05,17.06,32.11,26.28,22.22,54.0,0.326,16.0,29.63,10.0,18.52,1.3,0.5109999999999999,37.65,15.69,17.16,32.84,15.89,28.07,331.0,0.24,76.0,22.96,14.0,4.23,0.676,0.15900000000000003,23.77,12.1,14.75,26.85,27.47,18.84,221.0,0.261,53.0,23.98,18.0,8.14,0.797,0.206,22.32,10.86,15.63,26.5,25.23,18.86
744921,2024-06-29,2024,650402,R,605135,R,field_out,False,False,252.0,0.224,57.0,22.62,22.0,8.73,0.6399999999999999,0.12099999999999997,25.26,11.65,16.36,28.01,21.15,16.43,544.0,0.273,78.0,14.34,50.0,9.19,0.772,0.1589999999999999,21.74,10.32,15.57,25.89,26.86,11.29,190.0,0.231,49.0,25.79,11.0,5.79,0.5680000000000001,0.04100000000000001,23.84,11.07,20.24,31.31,27.64,20.16,425.0,0.208,89.0,20.94,23.0,5.41,0.573,0.102,21.02,10.01,19.18,29.19,29.2,18.62
744921,2024-06-29,2024,669224,L,605135,R,field_out,False,False,134.0,0.202,27.0,20.15,16.0,11.94,0.624,0.123,28.22,13.36,14.15,27.5,24.44,19.15,69.0,0.25,12.0,17.39,3.0,4.35,0.81,0.281,28.48,16.48,10.99,27.47,38.03,14.46,204.0,0.286,34.0,16.67,24.0,11.76,0.81,0.14800000000000002,17.63,7.8,17.54,25.33,21.8,13.55,403.0,0.265,97.0,24.07,36.0,8.93,0.841,0.239,22.76,10.56,17.85,28.41,24.8,20.13
744921,2024-06-29,2024,518934,R,605135,R,walk,False,True,59.0,0.196,13.0,22.03,7.0,11.86,0.509,0.01999999999999999,19.8,8.89,21.33,30.22,28.42,20.0,450.0,0.241,100.0,22.22,45.0,10.0,0.7070000000000001,0.146,19.38,7.76,24.06,31.82,23.84,20.0,190.0,0.231,49.0,25.79,11.0,5.79,0.5680000000000001,0.04100000000000001,23.84,11.07,20.24,31.31,27.64,20.16,425.0,0.208,89.0,20.94,23.0,5.41,0.573,0.102,21.02,10.01,19.18,29.19,29.2,18.62
744921,2024-06-29,2024,665828,L,605135,R,field_out,False,False,154.0,0.239,29.0,18.83,8.0,5.19,0.654,0.134,17.75,8.25,18.86,27.1,30.6,15.93,261.0,0.215,51.0,19.54,22.0,8.43,0.567,0.0679999999999999,22.29,10.93,14.34,25.28,25.97,17.65,204.0,0.286,34.0,16.67,24.0,11.76,0.81,0.14800000000000002,17.63,7.8,17.54,25.33,21.8,13.55,403.0,0.265,97.0,24.07,36.0,8.93,0.841,0.239,22.76,10.56,17.85,28.41,24.8,20.13
744921,2024-06-29,2024,672386,R,641482,L,field_out,False,False,41.0,0.167,8.0,19.51,5.0,12.2,0.49,0.05499999999999999,20.29,8.0,21.14,29.14,24.21,15.69,128.0,0.264,17.0,13.28,17.0,13.28,0.732,0.1089999999999999,11.34,4.1,23.84,27.93,25.62,11.11,331.0,0.24,76.0,22.96,14.0,4.23,0.676,0.15900000000000003,23.77,12.1,14.75,26.85,27.47,18.84,221.0,0.261,53.0,23.98,18.0,8.14,0.797,0.206,22.32,10.86,15.63,26.5,25.23,18.86
744921,2024-06-29,2024,676391,R,641482,L,field_out,False,False,60.0,0.327,4.0,6.67,2.0,3.33,0.853,0.16399999999999998,13.79,8.33,14.06,22.4,42.22,8.33,32.0,0.367,3.0,9.38,1.0,3.12,0.775,0.033,12.96,7.37,17.89,25.26,46.81,17.65,331.0,0.24,76.0,22.96,14.0,4.23,0.676,0.15900000000000003,23.77,12.1,14.75,26.85,27.47,18.84,221.0,0.261,53.0,23.98,18.0,8.14,0.797,0.206,22.32,10.86,15.63,26.5,25.23,18.86
744921,2024-06-29,2024,595281,L,641482,L,strikeout,True,False,32.0,0.179,10.0,31.25,4.0,12.5,0.495,0.035,37.93,17.89,13.01,30.89,31.88,29.41,96.0,0.281,23.0,23.96,4.0,4.17,0.708,0.1009999999999999,35.75,18.44,15.85,34.29,33.33,23.23,73.0,0.221,17.0,23.29,4.0,5.48,0.5840000000000001,0.10300000000000001,23.74,12.5,16.67,29.17,25.89,20.73,45.0,0.163,14.0,31.11,2.0,4.44,0.526,0.163,33.71,17.86,19.64,37.5,31.43,22.22
744921,2024-06-29,2024,663757,L,605135,R,field_out,False,False,68.0,0.13,20.0,29.41,11.0,16.18,0.691,0.27699999999999997,25.0,7.69,25.08,32.78,7.8,24.69,412.0,0.178,118.0,28.64,56.0,13.59,0.623,0.147,29.65,12.55,17.63,30.18,22.3,21.15,204.0,0.286,34.0,16.67,24.0,11.76,0.81,0.14800000000000002,17.63,7.8,17.54,25.33,21.8,13.55,403.0,0.265,97.0,24.07,36.0,8.93,0.841,0.239,22.76,10.56,17.85,28.41,24.8,20.13
744921,2024-06-29,2024,683011,R,605135,R,strikeout,True,False,277.0,0.263,61.0,22.02,18.0,6.5,0.7210000000000001,0.139,23.81,11.52,18.16,29.68,30.15,18.77,467.0,0.198,132.0,28.27,36.0,7.71,0.624,0.1579999999999999,28.15,13.53,17.49,31.02,29.16,23.4,190.0,0.231,49.0,25.79,11.0,5.79,0.5680000000000001,0.04100000000000001,23.84,11.07,20.24,31.31,27.64,20.16,425.0,0.208,89.0,20.94,23.0,5.41,0.573,0.102,21.02,10.01,19.18,29.19,29.2,18.62
744921,2024-06-29,2024,700250,L,605135,R,double,False,False,19.0,0.333,1.0,5.26,3.0,15.79,0.754,0.0,23.08,10.59,11.76,22.35,23.4,3.45,,,,,,,,,,,,,,,204.0,0.286,34.0,16.67,24.0,11.76,0.81,0.14800000000000002,17.63,7.8,17.54,25.33,21.8,13.55,403.0,0.265,97.0,24.07,36.0,8.93,0.841,0.239,22.76,10.56,17.85,28.41,24.8,20.13
744921,2024-06-29,2024,592450,R,605135,R,intent_walk,False,True,274.0,0.309,68.0,24.82,38.0,13.87,1.1099999999999999,0.39099999999999996,31.15,13.72,14.86,28.58,19.93,19.77,384.0,0.266,109.0,28.39,77.0,20.05,1.011,0.3339999999999999,36.96,15.02,15.7,30.72,19.29,24.12,190.0,0.231,49.0,25.79,11.0,5.79,0.5680000000000001,0.04100000000000001,23.84,11.07,20.24,31.31,27.64,20.16,425.0,0.208,89.0,20.94,23.0,5.41,0.573,0.102,21.02,10.01,19.18,29.19,29.2,18.62
744921,2024-06-29,2024,657077,L,605135,R,field_out,False,False,237.0,0.267,32.0,13.5,16.0,6.75,0.75,0.17099999999999999,14.71,6.77,19.86,26.64,27.38,12.7,441.0,0.279,66.0,14.97,30.0,6.8,0.793,0.185,15.08,6.28,20.52,26.8,22.64,14.93,204.0,0.286,34.0,16.67,24.0,11.76,0.81,0.14800000000000002,17.63,7.8,17.54,25.33,21.8,13.55,403.0,0.265,97.0,24.07,36.0,8.93,0.841,0.239,22.76,10.56,17.85,28.41,24.8,20.13
744921,2024-06-29,2024,666182,R,641482,L,field_out,False,False,57.0,0.148,8.0,14.04,3.0,5.26,0.36,0.019000000000000017,12.8,7.88,8.87,16.75,38.38,11.94,107.0,0.323,13.0,12.15,7.0,6.54,0.893,0.202,17.62,9.88,9.88,19.75,30.5,10.32,331.0,0.24,76.0,22.96,14.0,4.23,0.676,0.15900000000000003,23.77,12.1,14.75,26.85,27.47,18.84,221.0,0.261,53.0,23.98,18.0,8.14,0.797,0.206,22.32,10.86,15.63,26.5,25.23,18.86
744921,2024-06-29,2024,643396,R,641482,L,field_out,False,False,73.0,0.288,9.0,12.33,3.0,4.11,0.726,0.09100000000000003,10.1,4.18,24.69,28.87,25.45,18.37,90.0,0.23,16.0,17.78,11.0,12.22,0.634,0.0669999999999999,19.59,8.03,19.67,27.7,20.35,15.09,331.0,0.24,76.0,22.96,14.0,4.23,0.676,0.15900000000000003,23.77,12.1,14.75,26.85,27.47,18.84,221.0,0.261,53.0,23.98,18.0,8.14,0.797,0.206,22.32,10.86,15.63,26.5,25.23,18.86
744921,2024-06-29,2024,665489,R,641482,L,field_out,False,False,65.0,0.259,8.0,12.31,11.0,16.92,0.792,0.14799999999999996,23.0,9.5,16.53,26.03,22.83,12.7,124.0,0.284,15.0,12.1,19.0,15.32,0.766,0.079,18.93,8.25,16.07,24.31,22.78,13.51,331.0,0.24,76.0,22.96,14.0,4.23,0.676,0.15900000000000003,23.77,12.1,14.75,26.85,27.47,18.84,221.0,0.261,53.0,23.98,18.0,8.14,0.797,0.206,22.32,10.86,15.63,26.5,25.23,18.86
744921,2024-06-29,2024,650402,R,605135,R,strikeout,True,False,252.0,0.224,57.0,22.62,22.0,8.73,0.6399999999999999,0.12099999999999997,25.26,11.65,16.36,28.01,21.15,16.43,544.0,0.273,78.0,14.34,50.0,9.19,0.772,0.1589999999999999,21.74,10.32,15.57,25.89,26.86,11.29,190.0,0.231,49.0,25.79,11.0,5.79,0.5680000000000001,0.04100000000000001,23.84,11.07,20.24,31.31,27.64,20.16,425.0,0.208,89.0,20.94,23.0,5.41,0.573,0.102,21.02,10.01,19.18,29.19,29.2,18.62
744921,2024-06-29,2024,669224,L,605135,R,double,False,False,134.0,0.202,27.0,20.15,16.0,11.94,0.624,0.123,28.22,13.36,14.15,27.5,24.44,19.15,69.0,0.25,12.0,17.39,3.0,4.35,0.81,0.281,28.48,16.48,10.99,27.47,38.03,14.46,204.0,0.286,34.0,16.67,24.0,11.76,0.81,0.14800000000000002,17.63,7.8,17.54,25.33,21.8,13.55,403.0,0.265,97.0,24.07,36.0,8.93,0.841,0.239,22.76,10.56,17.85,28.41,24.8,20.13
744921,2024-06-29,2024,518934,R,605135,R,field_out,False,False,59.0,0.196,13.0,22.03,7.0,11.86,0.509,0.01999999999999999,19.8,8.89,21.33,30.22,28.42,20.0,450.0,0.241,100.0,22.22,45.0,10.0,0.7070000000000001,0.146,19.38,7.76,24.06,31.82,23.84,20.0,190.0,0.231,49.0,25.79,11.0,5.79,0.5680000000000001,0.04100000000000001,23.84,11.07,20.24,31.31,27.64,20.16,425.0,0.208,89.0,20.94,23.0,5.41,0.573,0.102,21.02,10.01,19.18,29.19,29.2,18.62
744921,2024-06-29,2024,665828,L,605135,R,strikeout,True,False,154.0,0.239,29.0,18.83,8.0,5.19,0.654,0.134,17.75,8.25,18.86,27.1,30.6,15.93,261.0,0.215,51.0,19.54,22.0,8.43,0.567,0.0679999999999999,22.29,10.93,14.34,25.28,25.97,17.65,204.0,0.286,34.0,16.67,24.0,11.76,0.81,0.14800000000000002,17.63,7.8,17.54,25.33,21.8,13.55,403.0,0.265,97.0,24.07,36.0,8.93,0.841,0.239,22.76,10.56,17.85,28.41,24.8,20.13
744921,2024-06-29,2024,457759,R,641482,L,double,False,False,61.0,0.309,10.0,16.39,5.0,8.2,0.834,0.16399999999999998,10.24,4.61,20.21,24.82,26.12,9.71,164.0,0.285,32.0,19.51,18.0,10.98,0.9,0.243,20.38,9.35,18.71,28.06,27.41,13.45,331.0,0.24,76.0,22.96,14.0,4.23,0.676,0.15900000000000003,23.77,12.1,14.75,26.85,27.47,18.84,221.0,0.261,53.0,23.98,18.0,8.14,0.797,0.206,22.32,10.86,15.63,26.5,25.23,18.86
744921,2024-06-29,2024,543807,R,641482,L,walk,False,True,71.0,0.164,14.0,19.72,9.0,12.68,0.5960000000000001,0.164,22.7,10.67,12.33,23.0,20.28,16.09,144.0,0.242,24.0,16.67,17.0,11.81,0.71,0.137,19.37,9.5,11.92,21.42,22.03,14.37,331.0,0.24,76.0,22.96,14.0,4.23,0.676,0.15900000000000003,23.77,12.1,14.75,26.85,27.47,18.84,221.0,0.261,53.0,23.98,18.0,8.14,0.797,0.206,22.32,10.86,15.63,26.5,25.23,18.86
744921,2024-06-29,2024,676914,R,641482,L,strikeout,True,False,72.0,0.197,22.0,30.56,7.0,9.72,0.645,0.18,33.09,15.05,17.06,32.11,26.28,22.22,54.0,0.326,16.0,29.63,10.0,18.52,1.3,0.5109999999999999,37.65,15.69,17.16,32.84,15.89,28.07,331.0,0.24,76.0,22.96,14.0,4.23,0.676,0.15900000000000003,23.77,12.1,14.75,26.85,27.47,18.84,221.0,0.261,53.0,23.98,18.0,8.14,0.797,0.206,22.32,10.86,15.63,26.5,25.23,18.86
744921,2024-06-29,2024,672386,R,641482,L,double,False,False,41.0,0.167,8.0,19.51,5.0,12.2,0.49,0.05499999999999999,20.29,8.0,21.14,29.14,24.21,15.69,128.0,0.264,17.0,13.28,17.0,13.28,0.732,0.1089999999999999,11.34,4.1,23.84,27.93,25.62,11.11,331.0,0.24,76.0,22.96,14.0,4.23,0.676,0.15900000000000003,23.77,12.1,14.75,26.85,27.47,18.84,221.0,0.261,53.0,23.98,18.0,8.14,0.797,0.206,22.32,10.86,15.63,26.5,25.23,18.86
744921,2024-06-29,2024,676391,R,641482,L,double_play,False,False,60.0,0.327,4.0,6.67,2.0,3.33,0.853,0.16399999999999998,13.79,8.33,14.06,22.4,42.22,8.33,32.0,0.367,3.0,9.38,1.0,3.12,0.775,0.033,12.96,7.37,17.89,25.26,46.81,17.65,331.0,0.24,76.0,22.96,14.0,4.23,0.676,0.15900000000000003,23.77,12.1,14.75,26.85,27.47,18.84,221.0,0.261,53.0,23.98,18.0,8.14,0.797,0.206,22.32,10.86,15.63,26.5,25.23,18.86
744921,2024-06-29,2024,663757,L,605135,R,strikeout,True,False,68.0,0.13,20.0,29.41,11.0,16.18,0.691,0.27699999999999997,25.0,7.69,25.08,32.78,7.8,24.69,412.0,0.178,118.0,28.64,56.0,13.59,0.623,0.147,29.65,12.55,17.63,30.18,22.3,21.15,204.0,0.286,34.0,16.67,24.0,11.76,0.81,0.14800000000000002,17.63,7.8,17.54,25.33,21.8,13.55,403.0,0.265,97.0,24.07,36.0,8.93,0.841,0.239,22.76,10.56,17.85,28.41,24.8,20.13
744921,2024-06-29,2024,683011,R,605135,R,field_error,False,False,277.0,0.263,61.0,22.02,18.0,6.5,0.7210000000000001,0.139,23.81,11.52,18.16,29.68,30.15,18.77,467.0,0.198,132.0,28.27,36.0,7.71,0.624,0.1579999999999999,28.15,13.53,17.49,31.02,29.16,23.4,190.0,0.231,49.0,25.79,11.0,5.79,0.5680000000000001,0.04100000000000001,23.84,11.07,20.24,31.31,27.64,20.16,425.0,0.208,89.0,20.94,23.0,5.41,0.573,0.102,21.02,10.01,19.18,29.19,29.2,18.62
744921,2024-06-29,2024,700250,L,605135,R,field_out,False,False,19.0,0.333,1.0,5.26,3.0,15.79,0.754,0.0,23.08,10.59,11.76,22.35,23.4,3.45,,,,,,,,,,,,,,,204.0,0.286,34.0,16.67,24.0,11.76,0.81,0.14800000000000002,17.63,7.8,17.54,25.33,21.8,13.55,403.0,0.265,97.0,24.07,36.0,8.93,0.841,0.239,22.76,10.56,17.85,28.41,24.8,20.13
744921,2024-06-29,2024,592450,R,605135,R,single,False,False,274.0,0.309,68.0,24.82,38.0,13.87,1.1099999999999999,0.39099999999999996,31.15,13.72,14.86,28.58,19.93,19.77,384.0,0.266,109.0,28.39,77.0,20.05,1.011,0.3339999999999999,36.96,15.02,15.7,30.72,19.29,24.12,190.0,0.231,49.0,25.79,11.0,5.79,0.5680000000000001,0.04100000000000001,23.84,11.07,20.24,31.31,27.64,20.16,425.0,0.208,89.0,20.94,23.0,5.41,0.573,0.102,21.02,10.01,19.18,29.19,29.2,18.62
744921,2024-06-29,2024,657077,L,605135,R,strikeout,True,False,237.0,0.267,32.0,13.5,16.0,6.75,0.75,0.17099999999999999,14.71,6.77,19.86,26.64,27.38,12.7,441.0,0.279,66.0,14.97,30.0,6.8,0.793,0.185,15.08,6.28,20.52,26.8,22.64,14.93,204.0,0.286,34.0,16.67,24.0,11.76,0.81,0.14800000000000002,17.63,7.8,17.54,25.33,21.8,13.55,403.0,0.265,97.0,24.07,36.0,8.93,0.841,0.239,22.76,10.56,17.85,28.41,24.8,20.13
744921,2024-06-29,2024,595281,L,641482,L,strikeout,True,False,32.0,0.179,10.0,31.25,4.0,12.5,0.495,0.035,37.93,17.89,13.01,30.89,31.88,29.41,96.0,0.281,23.0,23.96,4.0,4.17,0.708,0.1009999999999999,35.75,18.44,15.85,34.29,33.33,23.23,73.0,0.221,17.0,23.29,4.0,5.48,0.5840000000000001,0.10300000000000001,23.74,12.5,16.67,29.17,25.89,20.73,45.0,0.163,14.0,31.11,2.0,4.44,0.526,0.163,33.71,17.86,19.64,37.5,31.43,22.22
744921,2024-06-29,2024,666182,R,641482,L,double,False,False,57.0,0.148,8.0,14.04,3.0,5.26,0.36,0.019000000000000017,12.8,7.88,8.87,16.75,38.38,11.94,107.0,0.323,13.0,12.15,7.0,6.54,0.893,0.202,17.62,9.88,9.88,19.75,30.5,10.32,331.0,0.24,76.0,22.96,14.0,4.23,0.676,0.15900000000000003,23.77,12.1,14.75,26.85,27.47,18.84,221.0,0.261,53.0,23.98,18.0,8.14,0.797,0.206,22.32,10.86,15.63,26.5,25.23,18.86
744921,2024-06-29,2024,643396,R,641482,L,single,False,False,73.0,0.288,9.0,12.33,3.0,4.11,0.726,0.09100000000000003,10.1,4.18,24.69,28.87,25.45,18.37,90.0,0.23,16.0,17.78,11.0,12.22,0.634,0.0669999999999999,19.59,8.03,19.67,27.7,20.35,15.09,331.0,0.24,76.0,22.96,14.0,4.23,0.676,0.15900000000000003,23.77,12.1,14.75,26.85,27.47,18.84,221.0,0.261,53.0,23.98,18.0,8.14,0.797,0.206,22.32,10.86,15.63,26.5,25.23,18.86
744921,2024-06-29,2024,665489,R,664776,R,strikeout,True,False,294.0,0.298,51.0,17.35,28.0,9.52,0.835,0.17000000000000004,24.37,11.67,15.45,27.12,27.15,14.37,558.0,0.26,85.0,15.23,48.0,8.6,0.792,0.2,23.83,12.29,11.94,24.23,30.21,15.37,14.0,0.25,3.0,21.43,1.0,7.14,0.94,0.33299999999999996,26.09,10.17,23.73,33.9,25.81,17.65,33.0,0.296,5.0,15.15,6.0,18.18,0.794,0.074,30.91,11.72,18.62,30.34,23.46,13.16
744921,2024-06-29,2024,457759,R,664776,R,force_out,False,False,208.0,0.23,34.0,16.35,29.0,13.94,0.696,0.11499999999999996,18.48,8.31,16.93,25.24,25.42,10.59,462.0,0.273,78.0,16.88,33.0,7.14,0.765,0.1569999999999999,16.44,7.32,17.97,25.29,25.33,12.0,14.0,0.25,3.0,21.43,1.0,7.14,0.94,0.33299999999999996,26.09,10.17,23.73,33.9,25.81,17.65,33.0,0.296,5.0,15.15,6.0,18.18,0.794,0.074,30.91,11.72,18.62,30.34,23.46,13.16
744921,2024-06-29,2024,650402,R,605135,R,single,False,False,252.0,0.224,57.0,22.62,22.0,8.73,0.6399999999999999,0.12099999999999997,25.26,11.65,16.36,28.01,21.15,16.43,544.0,0.273,78.0,14.34,50.0,9.19,0.772,0.1589999999999999,21.74,10.32,15.57,25.89,26.86,11.29,190.0,0.231,49.0,25.79,11.0,5.79,0.5680000000000001,0.04100000000000001,23.84,11.07,20.24,31.31,27.64,20.16,425.0,0.208,89.0,20.94,23.0,5.41,0.573,0.102,21.02,10.01,19.18,29.19,29.2,18.62
744921,2024-06-29,2024,669224,L,605135,R,strikeout_double_play,True,False,134.0,0.202,27.0,20.15,16.0,11.94,0.624,0.123,28.22,13.36,14.15,27.5,24.44,19.15,69.0,0.25,12.0,17.39,3.0,4.35,0.81,0.281,28.48,16.48,10.99,27.47,38.03,14.46,204.0,0.286,34.0,16.67,24.0,11.76,0.81,0.14800000000000002,17.63,7.8,17.54,25.33,21.8,13.55,403.0,0.265,97.0,24.07,36.0,8.93,0.841,0.239,22.76,10.56,17.85,28.41,24.8,20.13
744921,2024-06-29,2024,518934,R,605135,R,field_out,False,False,59.0,0.196,13.0,22.03,7.0,11.86,0.509,0.01999999999999999,19.8,8.89,21.33,30.22,28.42,20.0,450.0,0.241,100.0,22.22,45.0,10.0,0.7070000000000001,0.146,19.38,7.76,24.06,31.82,23.84,20.0,190.0,0.231,49.0,25.79,11.0,5.79,0.5680000000000001,0.04100000000000001,23.84,11.07,20.24,31.31,27.64,20.16,425.0,0.208,89.0,20.94,23.0,5.41,0.573,0.102,21.02,10.01,19.18,29.19,29.2,18.62
744921,2024-06-29,2024,543807,R,641360,R,double,False,False,240.0,0.221,40.0,16.67,23.0,9.58,0.644,0.12200000000000003,22.94,11.81,13.81,25.62,23.79,16.53,539.0,0.262,101.0,18.74,43.0,7.98,0.738,0.1489999999999999,23.18,11.37,14.48,25.84,23.35,18.21,14.0,0.25,2.0,14.29,0.0,0.0,0.808,0.25,28.57,10.71,26.79,37.5,34.29,13.33,177.0,0.25,47.0,26.55,26.0,14.69,0.812,0.196,30.92,14.21,15.41,29.61,26.05,18.88
744921,2024-06-29,2024,662139,L,641360,R,single,False,False,225.0,0.186,66.0,29.33,20.0,8.89,0.679,0.23099999999999998,27.02,12.68,15.82,28.49,25.38,24.09,466.0,0.202,111.0,23.82,36.0,7.73,0.662,0.19,25.51,12.84,15.05,27.89,29.23,18.26,6.0,0.167,2.0,33.33,0.0,0.0,0.334,0.0,33.33,18.18,13.64,31.82,12.5,25.0,127.0,0.202,29.0,22.83,13.0,10.24,0.623,0.119,27.95,14.34,11.31,25.66,33.07,18.12
744921,2024-06-29,2024,672386,R,641360,R,single,False,False,107.0,0.209,13.0,12.15,11.0,10.28,0.598,0.099,15.34,6.33,21.62,27.95,23.21,8.44,295.0,0.244,28.0,9.49,25.0,8.47,0.6739999999999999,0.1069999999999999,13.38,5.86,20.77,26.63,27.21,7.67,14.0,0.25,2.0,14.29,0.0,0.0,0.808,0.25,28.57,10.71,26.79,37.5,34.29,13.33,177.0,0.25,47.0,26.55,26.0,14.69,0.812,0.196,30.92,14.21,15.41,29.61,26.05,18.88
744921,2024-06-29,2024,676391,R,641360,R,field_out,False,False,85.0,0.229,8.0,9.41,1.0,1.18,0.596,0.13199999999999998,16.94,10.23,14.19,24.42,46.1,9.09,20.0,0.4,1.0,5.0,0.0,0.0,1.05,0.25,5.71,3.33,15.0,18.33,40.0,7.69,14.0,0.25,2.0,14.29,0.0,0.0,0.808,0.25,28.57,10.71,26.79,37.5,34.29,13.33,177.0,0.25,47.0,26.55,26.0,14.69,0.812,0.196,30.92,14.21,15.41,29.61,26.05,18.88
744921,2024-06-29,2024,595281,L,641360,R,field_out,False,False,126.0,0.207,41.0,32.54,4.0,3.17,0.5569999999999999,0.11200000000000002,36.82,20.17,11.68,31.85,34.75,29.29,312.0,0.26,63.0,20.19,25.0,8.01,0.753,0.1709999999999999,29.15,14.21,14.3,28.51,25.39,21.07,6.0,0.167,2.0,33.33,0.0,0.0,0.334,0.0,33.33,18.18,13.64,31.82,12.5,25.0,127.0,0.202,29.0,22.83,13.0,10.24,0.623,0.119,27.95,14.34,11.31,25.66,33.07,18.12
744921,2024-06-29,2024,666182,R,641360,R,walk,False,True,235.0,0.253,40.0,17.02,14.0,5.96,0.679,0.12,22.17,12.52,12.02,24.53,35.94,16.88,496.0,0.303,102.0,20.56,20.0,4.03,0.797,0.161,21.9,12.38,11.73,24.11,38.01,17.91,14.0,0.25,2.0,14.29,0.0,0.0,0.808,0.25,28.57,10.71,26.79,37.5,34.29,13.33,177.0,0.25,47.0,26.55,26.0,14.69,0.812,0.196,30.92,14.21,15.41,29.61,26.05,18.88
744921,2024-06-29,2024,643396,R,641360,R,single,False,False,200.0,0.286,28.0,14.0,10.0,5.0,0.759,0.14300000000000002,14.74,6.81,21.48,28.3,32.52,16.37,273.0,0.246,54.0,19.78,17.0,6.23,0.6479999999999999,0.1069999999999999,19.6,9.05,20.2,29.25,28.6,15.56,14.0,0.25,2.0,14.29,0.0,0.0,0.808,0.25,28.57,10.71,26.79,37.5,34.29,13.33,177.0,0.25,47.0,26.55,26.0,14.69,0.812,0.196,30.92,14.21,15.41,29.61,26.05,18.88
744921,2024-06-29,2024,665489,R,657571,L,double,False,False,65.0,0.259,8.0,12.31,11.0,16.92,0.792,0.14799999999999996,23.0,9.5,16.53,26.03,22.83,12.7,124.0,0.284,15.0,12.1,19.0,15.32,0.766,0.079,18.93,8.25,16.07,24.31,22.78,13.51,69.0,0.277,18.0,26.09,4.0,5.8,0.781,0.185,24.66,12.63,17.19,29.82,30.3,16.82,180.0,0.27,44.0,24.44,19.0,10.56,0.702,0.0819999999999999,25.63,12.6,16.34,28.95,28.12,20.66
744921,2024-06-29,2024,457759,R,657571,L,walk,False,True,61.0,0.309,10.0,16.39,5.0,8.2,0.834,0.16399999999999998,10.24,4.61,20.21,24.82,26.12,9.71,164.0,0.285,32.0,19.51,18.0,10.98,0.9,0.243,20.38,9.35,18.71,28.06,27.41,13.45,69.0,0.277,18.0,26.09,4.0,5.8,0.781,0.185,24.66,12.63,17.19,29.82,30.3,16.82,180.0,0.27,44.0,24.44,19.0,10.56,0.702,0.0819999999999999,25.63,12.6,16.34,28.95,28.12,20.66
744921,2024-06-29,2024,543807,R,657571,L,strikeout,True,False,71.0,0.164,14.0,19.72,9.0,12.68,0.5960000000000001,0.164,22.7,10.67,12.33,23.0,20.28,16.09,144.0,0.242,24.0,16.67,17.0,11.81,0.71,0.137,19.37,9.5,11.92,21.42,22.03,14.37,69.0,0.277,18.0,26.09,4.0,5.8,0.781,0.185,24.66,12.63,17.19,29.82,30.3,16.82,180.0,0.27,44.0,24.44,19.0,10.56,0.702,0.0819999999999999,25.63,12.6,16.34,28.95,28.12,20.66
744921,2024-06-29,2024,665828,R,663893,L,strikeout,True,False,55.0,0.235,11.0,20.0,4.0,7.27,0.585,0.059,15.84,7.66,17.7,25.36,28.28,16.92,70.0,0.2,21.0,30.0,3.0,4.29,0.597,0.1539999999999999,28.35,15.65,15.65,31.3,36.19,34.43,30.0,0.286,6.0,20.0,2.0,6.67,0.9039999999999999,0.285,31.91,15.79,13.68,29.47,38.3,35.29,,,,,,,,,,,,,,
744921,2024-06-29,2024,663757,L,663893,L,strikeout,True,False,17.0,0.2,6.0,35.29,1.0,5.88,0.494,0.0,18.18,6.25,26.56,32.81,18.52,31.58,143.0,0.256,36.0,25.17,19.0,13.29,0.792,0.174,23.81,9.31,23.01,32.32,19.92,20.57,31.0,0.241,7.0,22.58,2.0,6.45,0.635,0.10399999999999998,28.0,11.38,19.51,30.89,21.67,20.0,,,,,,,,,,,,,,
744921,2024-06-29,2024,683011,R,663893,L,field_out,False,False,106.0,0.278,21.0,19.81,8.0,7.55,0.7250000000000001,0.11399999999999999,19.12,9.15,18.54,27.7,27.14,17.36,134.0,0.248,35.0,26.12,16.0,11.94,0.817,0.2309999999999999,28.81,13.49,15.8,29.29,27.07,23.49,30.0,0.286,6.0,20.0,2.0,6.67,0.9039999999999999,0.285,31.91,15.79,13.68,29.47,38.3,35.29,,,,,,,,,,,,,,
744921,2024-06-29,2024,662139,L,657571,L,field_out,False,False,57.0,0.26,8.0,14.04,7.0,12.28,0.731,0.12,20.65,8.96,17.45,26.42,19.23,12.7,117.0,0.292,24.0,20.51,9.0,7.69,0.722,0.085,21.46,10.35,15.42,25.77,22.71,18.32,46.0,0.229,12.0,26.09,8.0,17.39,0.734,0.11400000000000002,31.43,12.57,18.29,30.86,19.15,24.49,90.0,0.266,26.0,28.89,4.0,4.44,0.748,0.126,27.22,13.33,17.39,30.72,29.94,25.0
744921,2024-06-29,2024,672386,R,657571,L,strikeout,True,False,41.0,0.167,8.0,19.51,5.0,12.2,0.49,0.05499999999999999,20.29,8.0,21.14,29.14,24.21,15.69,128.0,0.264,17.0,13.28,17.0,13.28,0.732,0.1089999999999999,11.34,4.1,23.84,27.93,25.62,11.11,69.0,0.277,18.0,26.09,4.0,5.8,0.781,0.185,24.66,12.63,17.19,29.82,30.3,16.82,180.0,0.27,44.0,24.44,19.0,10.56,0.702,0.0819999999999999,25.63,12.6,16.34,28.95,28.12,20.66
744921,2024-06-29,2024,676391,R,657571,L,field_out,False,False,60.0,0.327,4.0,6.67,2.0,3.33,0.853,0.16399999999999998,13.79,8.33,14.06,22.4,42.22,8.33,32.0,0.367,3.0,9.38,1.0,3.12,0.775,0.033,12.96,7.37,17.89,25.26,46.81,17.65,69.0,0.277,18.0,26.09,4.0,5.8,0.781,0.185,24.66,12.63,17.19,29.82,30.3,16.82,180.0,0.27,44.0,24.44,19.0,10.56,0.702,0.0819999999999999,25.63,12.6,16.34,28.95,28.12,20.66
744921,2024-06-29,2024,700250,L,663893,L,field_out,False,False,12.0,0.091,4.0,33.33,1.0,8.33,0.258,0.0,25.0,14.29,10.2,24.49,10.53,23.53,,,,,,,,,,,,,,,31.0,0.241,7.0,22.58,2.0,6.45,0.635,0.10399999999999998,28.0,11.38,19.51,30.89,21.67,20.0,,,,,,,,,,,,,,
744921,2024-06-29,2024,592450,R,647315,R,field_out,False,False,274.0,0.309,68.0,24.82,38.0,13.87,1.1099999999999999,0.39099999999999996,31.15,13.72,14.86,28.58,19.93,19.77,384.0,0.266,109.0,28.39,77.0,20.05,1.011,0.3339999999999999,36.96,15.02,15.7,30.72,19.29,24.12,52.0,0.265,8.0,15.38,2.0,3.85,0.778,0.22499999999999998,16.83,9.5,10.61,20.11,40.86,14.29,34.0,0.161,9.0,26.47,3.0,8.82,0.493,0.097,21.67,10.32,23.81,34.13,41.43,21.95
744921,2024-06-29,2024,657077,L,647315,R,field_out,False,False,237.0,0.267,32.0,13.5,16.0,6.75,0.75,0.17099999999999999,14.71,6.77,19.86,26.64,27.38,12.7,441.0,0.279,66.0,14.97,30.0,6.8,0.793,0.185,15.08,6.28,20.52,26.8,22.64,14.93,42.0,0.229,8.0,19.05,5.0,11.9,0.774,0.228,33.82,15.44,14.09,29.53,28.92,25.0,22.0,0.316,5.0,22.73,3.0,13.64,1.251,0.526,36.36,16.44,13.7,30.14,28.89,31.25
744921,2024-06-29,2024,595281,L,605280,R,field_out,False,False,126.0,0.207,41.0,32.54,4.0,3.17,0.5569999999999999,0.11200000000000002,36.82,20.17,11.68,31.85,34.75,29.29,312.0,0.26,63.0,20.19,25.0,8.01,0.753,0.1709999999999999,29.15,14.21,14.3,28.51,25.39,21.07,66.0,0.302,10.0,15.15,2.0,3.03,0.667,0.046999999999999986,22.12,11.21,17.94,29.15,35.96,15.87,114.0,0.2,26.0,22.81,12.0,10.53,0.5589999999999999,0.07,23.83,10.48,19.36,29.84,22.22,21.67
744921,2024-06-29,2024,666182,R,605280,R,strikeout,True,False,235.0,0.253,40.0,17.02,14.0,5.96,0.679,0.12,22.17,12.52,12.02,24.53,35.94,16.88,496.0,0.303,102.0,20.56,20.0,4.03,0.797,0.161,21.9,12.38,11.73,24.11,38.01,17.91,76.0,0.235,22.0,28.95,6.0,7.89,0.625,0.07400000000000001,34.33,14.47,22.96,37.42,23.6,18.49,148.0,0.231,45.0,30.41,11.0,7.43,0.603,0.0749999999999999,28.02,12.29,20.82,33.11,26.21,24.32
744921,2024-06-29,2024,643396,R,605280,R,double,False,False,200.0,0.286,28.0,14.0,10.0,5.0,0.759,0.14300000000000002,14.74,6.81,21.48,28.3,32.52,16.37,273.0,0.246,54.0,19.78,17.0,6.23,0.6479999999999999,0.1069999999999999,19.6,9.05,20.2,29.25,28.6,15.56,76.0,0.235,22.0,28.95,6.0,7.89,0.625,0.07400000000000001,34.33,14.47,22.96,37.42,23.6,18.49,148.0,0.231,45.0,30.41,11.0,7.43,0.603,0.0749999999999999,28.02,12.29,20.82,33.11,26.21,24.32
744921,2024-06-29,2024,665489,R,605280,R,single,False,False,294.0,0.298,51.0,17.35,28.0,9.52,0.835,0.17000000000000004,24.37,11.67,15.45,27.12,27.15,14.37,558.0,0.26,85.0,15.23,48.0,8.6,0.792,0.2,23.83,12.29,11.94,24.23,30.21,15.37,76.0,0.235,22.0,28.95,6.0,7.89,0.625,0.07400000000000001,34.33,14.47,22.96,37.42,23.6,18.49,148.0,0.231,45.0,30.41,11.0,7.43,0.603,0.0749999999999999,28.02,12.29,20.82,33.11,26.21,24.32
744921,2024-06-29,2024,687462,L,605280,R,strikeout,True,False,64.0,0.327,9.0,14.06,11.0,17.19,0.966,0.16299999999999998,16.22,6.84,18.63,25.48,20.93,10.34,38.0,0.265,10.0,26.32,3.0,7.89,0.754,0.1469999999999999,27.14,13.01,17.12,30.14,25.35,21.74,66.0,0.302,10.0,15.15,2.0,3.03,0.667,0.046999999999999986,22.12,11.21,17.94,29.15,35.96,15.87,114.0,0.2,26.0,22.81,12.0,10.53,0.5589999999999999,0.07,23.83,10.48,19.36,29.84,22.22,21.67
744921,2024-06-29,2024,650402,R,621016,R,single,False,False,252.0,0.224,57.0,22.62,22.0,8.73,0.6399999999999999,0.12099999999999997,25.26,11.65,16.36,28.01,21.15,16.43,544.0,0.273,78.0,14.34,50.0,9.19,0.772,0.1589999999999999,21.74,10.32,15.57,25.89,26.86,11.29,42.0,0.222,10.0,23.81,3.0,7.14,0.694,0.13899999999999998,34.29,16.11,16.11,32.21,24.68,28.57,176.0,0.279,34.0,19.32,18.0,10.23,0.763,0.124,24.52,11.18,17.06,28.24,28.21,17.8
744921,2024-06-29,2024,669224,L,621016,R,home_run,False,False,134.0,0.202,27.0,20.15,16.0,11.94,0.624,0.123,28.22,13.36,14.15,27.5,24.44,19.15,69.0,0.25,12.0,17.39,3.0,4.35,0.81,0.281,28.48,16.48,10.99,27.47,38.03,14.46,23.0,0.421,4.0,17.39,3.0,13.04,1.267,0.36800000000000005,22.0,10.19,12.96,23.15,27.42,10.53,117.0,0.211,37.0,31.62,17.0,14.53,0.77,0.1999999999999999,37.05,16.7,13.68,30.38,26.13,25.69
744921,2024-06-29,2024,518934,R,621016,R,field_out,False,False,59.0,0.196,13.0,22.03,7.0,11.86,0.509,0.01999999999999999,19.8,8.89,21.33,30.22,28.42,20.0,450.0,0.241,100.0,22.22,45.0,10.0,0.7070000000000001,0.146,19.38,7.76,24.06,31.82,23.84,20.0,42.0,0.222,10.0,23.81,3.0,7.14,0.694,0.13899999999999998,34.29,16.11,16.11,32.21,24.68,28.57,176.0,0.279,34.0,19.32,18.0,10.23,0.763,0.124,24.52,11.18,17.06,28.24,28.21,17.8
744921,2024-06-29,2024,665828,L,621016,R,field_out,False,False,154.0,0.239,29.0,18.83,8.0,5.19,0.654,0.134,17.75,8.25,18.86,27.1,30.6,15.93,261.0,0.215,51.0,19.54,22.0,8.43,0.567,0.0679999999999999,22.29,10.93,14.34,25.28,25.97,17.65,23.0,0.421,4.0,17.39,3.0,13.04,1.267,0.36800000000000005,22.0,10.19,12.96,23.15,27.42,10.53,117.0,0.211,37.0,31.62,17.0,14.53,0.77,0.1999999999999999,37.05,16.7,13.68,30.38,26.13,25.69
744921,2024-06-29,2024,663757,L,621016,R,strikeout,True,False,68.0,0.13,20.0,29.41,11.0,16.18,0.691,0.27699999999999997,25.0,7.69,25.08,32.78,7.8,24.69,412.0,0.178,118.0,28.64,56.0,13.59,0.623,0.147,29.65,12.55,17.63,30.18,22.3,21.15,23.0,0.421,4.0,17.39,3.0,13.04,1.267,0.36800000000000005,22.0,10.19,12.96,23.15,27.42,10.53,117.0,0.211,37.0,31.62,17.0,14.53,0.77,0.1999999999999999,37.05,16.7,13.68,30.38,26.13,25.69
746289,2024-06-29,2024,680757,L,666142,L,single,False,False,73.0,0.403,6.0,8.22,6.0,8.22,0.9299999999999999,0.07499999999999996,5.26,2.08,21.18,23.26,16.15,8.57,224.0,0.26,23.0,10.27,20.0,8.93,0.667,0.08,13.41,5.5,21.44,26.95,22.3,10.5,68.0,0.306,13.0,19.12,4.0,5.88,0.7769999999999999,0.11299999999999999,17.27,7.51,16.6,24.11,20.47,20.31,93.0,0.253,22.0,23.66,11.0,11.83,0.711,0.1139999999999999,29.07,14.04,14.33,28.37,23.95,20.56
746289,2024-06-29,2024,671289,R,666142,L,hit_by_pitch,False,False,84.0,0.186,14.0,16.67,9.0,10.71,0.6579999999999999,0.17099999999999999,19.58,8.78,19.12,27.9,26.06,15.56,80.0,0.216,13.0,16.25,4.0,5.0,0.667,0.176,15.28,7.61,17.3,24.91,28.87,15.66,334.0,0.201,107.0,32.04,29.0,8.68,0.571,0.09899999999999998,35.01,17.66,14.83,32.49,31.61,24.32,299.0,0.187,91.0,30.43,30.0,10.03,0.556,0.0979999999999999,31.59,15.63,14.33,29.96,29.28,22.58
746289,2024-06-29,2024,608070,R,666142,L,strikeout,True,False,106.0,0.351,13.0,12.26,8.0,7.55,1.0350000000000001,0.28800000000000003,19.5,9.9,14.72,24.62,33.85,13.98,230.0,0.243,25.0,10.87,19.0,8.26,0.766,0.219,16.06,7.21,15.81,23.02,28.33,12.18,334.0,0.201,107.0,32.04,29.0,8.68,0.571,0.09899999999999998,35.01,17.66,14.83,32.49,31.61,24.32,299.0,0.187,91.0,30.43,30.0,10.03,0.556,0.0979999999999999,31.59,15.63,14.33,29.96,29.28,22.58
746289,2024-06-29,2024,647304,L,666142,L,double,False,False,98.0,0.205,25.0,25.51,7.0,7.14,0.7210000000000001,0.23800000000000002,29.45,14.55,13.33,27.88,36.07,30.49,148.0,0.299,15.0,10.14,8.0,5.41,0.821,0.175,16.23,8.67,12.1,20.77,35.38,11.03,68.0,0.306,13.0,19.12,4.0,5.88,0.7769999999999999,0.11299999999999999,17.27,7.51,16.6,24.11,20.47,20.31,93.0,0.253,22.0,23.66,11.0,11.83,0.711,0.1139999999999999,29.07,14.04,14.33,28.37,23.95,20.56
746289,2024-06-29,2024,681807,R,666142,L,strikeout,True,False,93.0,0.338,19.0,20.43,20.0,21.51,1.1520000000000001,0.309,27.67,11.4,15.03,26.42,17.0,17.59,51.0,0.227,11.0,21.57,5.0,9.8,0.742,0.1819999999999999,25.66,14.43,11.94,26.37,40.95,15.07,334.0,0.201,107.0,32.04,29.0,8.68,0.571,0.09899999999999998,35.01,17.66,14.83,32.49,31.61,24.32,299.0,0.187,91.0,30.43,30.0,10.03,0.556,0.0979999999999999,31.59,15.63,14.33,29.96,29.28,22.58
746289,2024-06-29,2024,665926,L,666142,L,field_out,False,False,98.0,0.253,12.0,12.24,1.0,1.02,0.637,0.08800000000000002,20.0,11.11,14.55,25.66,37.5,10.08,197.0,0.268,26.0,13.2,8.0,4.06,0.7130000000000001,0.1169999999999999,23.63,12.79,15.07,27.86,41.69,11.02,68.0,0.306,13.0,19.12,4.0,5.88,0.7769999999999999,0.11299999999999999,17.27,7.51,16.6,24.11,20.47,20.31,93.0,0.253,22.0,23.66,11.0,11.83,0.711,0.1139999999999999,29.07,14.04,14.33,28.37,23.95,20.56
746289,2024-06-29,2024,672580,R,676440,R,field_out,False,False,301.0,0.23,57.0,18.94,23.0,7.64,0.609,0.091,18.66,8.12,20.39,28.51,21.51,17.65,400.0,0.258,94.0,23.5,33.0,8.25,0.648,0.071,20.3,8.71,19.59,28.3,19.12,19.96,142.0,0.178,46.0,32.39,6.0,4.23,0.525,0.124,33.01,17.88,13.63,31.5,27.17,23.59,317.0,0.253,79.0,24.92,22.0,6.94,0.732,0.1669999999999999,27.8,13.2,16.51,29.71,29.83,21.01
746289,2024-06-29,2024,677951,R,676440,R,field_out,False,False,312.0,0.313,54.0,17.31,25.0,8.01,0.913,0.22800000000000004,24.01,11.8,14.77,26.57,29.92,17.65,547.0,0.27,93.0,17.0,33.0,6.03,0.8,0.2149999999999999,22.15,10.87,15.53,26.4,29.62,14.44,142.0,0.178,46.0,32.39,6.0,4.23,0.525,0.124,33.01,17.88,13.63,31.5,27.17,23.59,317.0,0.253,79.0,24.92,22.0,6.94,0.732,0.1669999999999999,27.8,13.2,16.51,29.71,29.83,21.01
746289,2024-06-29,2024,686469,L,676440,R,home_run,False,False,267.0,0.233,33.0,12.36,30.0,11.24,0.755,0.19899999999999998,13.19,5.81,16.21,22.02,26.48,11.96,188.0,0.251,23.0,12.23,15.0,7.98,0.784,0.217,14.85,7.02,17.48,24.5,34.8,10.0,222.0,0.261,60.0,27.03,16.0,7.21,0.778,0.197,26.56,12.68,16.43,29.11,25.45,19.42,268.0,0.202,62.0,23.13,23.0,8.58,0.546,0.071,24.7,11.53,16.24,27.77,24.49,18.84
746289,2024-06-29,2024,521692,R,676440,R,strikeout,True,False,254.0,0.281,46.0,18.11,19.0,7.48,0.834,0.20099999999999996,25.9,14.8,9.68,24.48,43.65,15.59,437.0,0.264,100.0,22.88,11.0,2.52,0.73,0.174,30.72,18.16,9.73,27.89,45.56,22.08,142.0,0.178,46.0,32.39,6.0,4.23,0.525,0.124,33.01,17.88,13.63,31.5,27.17,23.59,317.0,0.253,79.0,24.92,22.0,6.94,0.732,0.1669999999999999,27.8,13.2,16.51,29.71,29.83,21.01
746289,2024-06-29,2024,678877,R,666142,L,walk,False,True,1.0,0.0,1.0,100.0,0.0,0.0,0.0,0.0,100.0,33.33,66.67,100.0,100.0,100.0,,,,,,,,,,,,,,,334.0,0.201,107.0,32.04,29.0,8.68,0.571,0.09899999999999998,35.01,17.66,14.83,32.49,31.61,24.32,299.0,0.187,91.0,30.43,30.0,10.03,0.556,0.0979999999999999,31.59,15.63,14.33,29.96,29.28,22.58
746289,2024-06-29,2024,666310,L,666142,L,field_out,False,False,38.0,0.235,14.0,36.84,4.0,10.53,0.728,0.177,31.88,14.67,18.67,33.33,30.56,34.15,51.0,0.217,13.0,25.49,4.0,7.84,0.6639999999999999,0.153,18.18,7.96,17.26,25.22,25.23,18.84,68.0,0.306,13.0,19.12,4.0,5.88,0.7769999999999999,0.11299999999999999,17.27,7.51,16.6,24.11,20.47,20.31,93.0,0.253,22.0,23.66,11.0,11.83,0.711,0.1139999999999999,29.07,14.04,14.33,28.37,23.95,20.56
746289,2024-06-29,2024,672356,R,666142,L,grounded_into_double_play,False,False,59.0,0.286,20.0,33.9,3.0,5.08,0.768,0.16000000000000003,41.41,25.48,9.62,35.1,40.0,33.33,119.0,0.083,54.0,45.38,10.0,8.4,0.316,0.0649999999999999,44.4,24.39,12.09,36.48,34.85,30.51,334.0,0.201,107.0,32.04,29.0,8.68,0.571,0.09899999999999998,35.01,17.66,14.83,32.49,31.61,24.32,299.0,0.187,91.0,30.43,30.0,10.03,0.556,0.0979999999999999,31.59,15.63,14.33,29.96,29.28,22.58
746289,2024-06-29,2024,686681,L,676440,R,home_run,False,False,92.0,0.287,14.0,15.22,2.0,2.17,0.798,0.20700000000000002,14.53,7.46,19.7,27.16,35.67,12.5,374.0,0.226,82.0,21.93,20.0,5.35,0.669,0.172,21.6,11.34,13.44,24.79,33.12,15.65,222.0,0.261,60.0,27.03,16.0,7.21,0.778,0.197,26.56,12.68,16.43,29.11,25.45,19.42,268.0,0.202,62.0,23.13,23.0,8.58,0.546,0.071,24.7,11.53,16.24,27.77,24.49,18.84
746289,2024-06-29,2024,592669,R,676440,R,field_out,False,False,151.0,0.216,28.0,18.54,16.0,10.6,0.708,0.18700000000000003,24.6,10.08,20.81,30.89,24.05,15.73,408.0,0.229,91.0,22.3,35.0,8.58,0.723,0.1969999999999999,28.12,14.44,14.12,28.56,33.7,19.12,142.0,0.178,46.0,32.39,6.0,4.23,0.525,0.124,33.01,17.88,13.63,31.5,27.17,23.59,317.0,0.253,79.0,24.92,22.0,6.94,0.732,0.1669999999999999,27.8,13.2,16.51,29.71,29.83,21.01
746289,2024-06-29,2024,669004,L,676440,R,strikeout,True,False,211.0,0.194,56.0,26.54,19.0,9.0,0.673,0.20900000000000002,29.91,15.28,12.01,27.29,26.62,17.23,459.0,0.239,122.0,26.58,55.0,11.98,0.752,0.181,32.7,15.24,15.56,30.8,24.84,20.68,222.0,0.261,60.0,27.03,16.0,7.21,0.778,0.197,26.56,12.68,16.43,29.11,25.45,19.42,268.0,0.202,62.0,23.13,23.0,8.58,0.546,0.071,24.7,11.53,16.24,27.77,24.49,18.84
746289,2024-06-29,2024,679845,R,676440,R,field_out,False,False,97.0,0.183,16.0,16.49,13.0,13.4,0.512,0.037000000000000005,19.44,7.95,17.9,25.85,19.02,17.39,44.0,0.279,7.0,15.91,1.0,2.27,0.667,0.0929999999999999,20.0,9.64,16.87,26.51,25.61,14.29,142.0,0.178,46.0,32.39,6.0,4.23,0.525,0.124,33.01,17.88,13.63,31.5,27.17,23.59,317.0,0.253,79.0,24.92,22.0,6.94,0.732,0.1669999999999999,27.8,13.2,16.51,29.71,29.83,21.01
746289,2024-06-29,2024,680757,L,666142,L,strikeout,True,False,73.0,0.403,6.0,8.22,6.0,8.22,0.9299999999999999,0.07499999999999996,5.26,2.08,21.18,23.26,16.15,8.57,224.0,0.26,23.0,10.27,20.0,8.93,0.667,0.08,13.41,5.5,21.44,26.95,22.3,10.5,68.0,0.306,13.0,19.12,4.0,5.88,0.7769999999999999,0.11299999999999999,17.27,7.51,16.6,24.11,20.47,20.31,93.0,0.253,22.0,23.66,11.0,11.83,0.711,0.1139999999999999,29.07,14.04,14.33,28.37,23.95,20.56
746289,2024-06-29,2024,671289,R,666142,L,strikeout,True,False,84.0,0.186,14.0,16.67,9.0,10.71,0.6579999999999999,0.17099999999999999,19.58,8.78,19.12,27.9,26.06,15.56,80.0,0.216,13.0,16.25,4.0,5.0,0.667,0.176,15.28,7.61,17.3,24.91,28.87,15.66,334.0,0.201,107.0,32.04,29.0,8.68,0.571,0.09899999999999998,35.01,17.66,14.83,32.49,31.61,24.32,299.0,0.187,91.0,30.43,30.0,10.03,0.556,0.0979999999999999,31.59,15.63,14.33,29.96,29.28,22.58
746289,2024-06-29,2024,608070,R,666142,L,field_out,False,False,106.0,0.351,13.0,12.26,8.0,7.55,1.0350000000000001,0.28800000000000003,19.5,9.9,14.72,24.62,33.85,13.98,230.0,0.243,25.0,10.87,19.0,8.26,0.766,0.219,16.06,7.21,15.81,23.02,28.33,12.18,334.0,0.201,107.0,32.04,29.0,8.68,0.571,0.09899999999999998,35.01,17.66,14.83,32.49,31.61,24.32,299.0,0.187,91.0,30.43,30.0,10.03,0.556,0.0979999999999999,31.59,15.63,14.33,29.96,29.28,22.58
746289,2024-06-29,2024,664728,L,676440,R,single,False,False,188.0,0.237,32.0,17.02,11.0,5.85,0.68,0.16200000000000003,17.33,7.94,21.07,29.01,32.72,18.6,253.0,0.223,43.0,17.0,12.0,4.74,0.631,0.147,20.48,9.51,19.8,29.31,28.6,18.78,222.0,0.261,60.0,27.03,16.0,7.21,0.778,0.197,26.56,12.68,16.43,29.11,25.45,19.42,268.0,0.202,62.0,23.13,23.0,8.58,0.546,0.071,24.7,11.53,16.24,27.77,24.49,18.84
746289,2024-06-29,2024,672580,R,676440,R,field_out,False,False,301.0,0.23,57.0,18.94,23.0,7.64,0.609,0.091,18.66,8.12,20.39,28.51,21.51,17.65,400.0,0.258,94.0,23.5,33.0,8.25,0.648,0.071,20.3,8.71,19.59,28.3,19.12,19.96,142.0,0.178,46.0,32.39,6.0,4.23,0.525,0.124,33.01,17.88,13.63,31.5,27.17,23.59,317.0,0.253,79.0,24.92,22.0,6.94,0.732,0.1669999999999999,27.8,13.2,16.51,29.71,29.83,21.01
746289,2024-06-29,2024,677951,R,676440,R,field_out,False,False,312.0,0.313,54.0,17.31,25.0,8.01,0.913,0.22800000000000004,24.01,11.8,14.77,26.57,29.92,17.65,547.0,0.27,93.0,17.0,33.0,6.03,0.8,0.2149999999999999,22.15,10.87,15.53,26.4,29.62,14.44,142.0,0.178,46.0,32.39,6.0,4.23,0.525,0.124,33.01,17.88,13.63,31.5,27.17,23.59,317.0,0.253,79.0,24.92,22.0,6.94,0.732,0.1669999999999999,27.8,13.2,16.51,29.71,29.83,21.01
746289,2024-06-29,2024,647304,L,666142,L,strikeout,True,False,98.0,0.205,25.0,25.51,7.0,7.14,0.7210000000000001,0.23800000000000002,29.45,14.55,13.33,27.88,36.07,30.49,148.0,0.299,15.0,10.14,8.0,5.41,0.821,0.175,16.23,8.67,12.1,20.77,35.38,11.03,68.0,0.306,13.0,19.12,4.0,5.88,0.7769999999999999,0.11299999999999999,17.27,7.51,16.6,24.11,20.47,20.31,93.0,0.253,22.0,23.66,11.0,11.83,0.711,0.1139999999999999,29.07,14.04,14.33,28.37,23.95,20.56
746289,2024-06-29,2024,681807,R,666142,L,strikeout,True,False,93.0,0.338,19.0,20.43,20.0,21.51,1.1520000000000001,0.309,27.67,11.4,15.03,26.42,17.0,17.59,51.0,0.227,11.0,21.57,5.0,9.8,0.742,0.1819999999999999,25.66,14.43,11.94,26.37,40.95,15.07,334.0,0.201,107.0,32.04,29.0,8.68,0.571,0.09899999999999998,35.01,17.66,14.83,32.49,31.61,24.32,299.0,0.187,91.0,30.43,30.0,10.03,0.556,0.0979999999999999,31.59,15.63,14.33,29.96,29.28,22.58
746289,2024-06-29,2024,665926,L,666142,L,single,False,False,98.0,0.253,12.0,12.24,1.0,1.02,0.637,0.08800000000000002,20.0,11.11,14.55,25.66,37.5,10.08,197.0,0.268,26.0,13.2,8.0,4.06,0.7130000000000001,0.1169999999999999,23.63,12.79,15.07,27.86,41.69,11.02,68.0,0.306,13.0,19.12,4.0,5.88,0.7769999999999999,0.11299999999999999,17.27,7.51,16.6,24.11,20.47,20.31,93.0,0.253,22.0,23.66,11.0,11.83,0.711,0.1139999999999999,29.07,14.04,14.33,28.37,23.95,20.56
746289,2024-06-29,2024,678877,R,666142,L,home_run,False,False,1.0,0.0,1.0,100.0,0.0,0.0,0.0,0.0,100.0,33.33,66.67,100.0,100.0,100.0,,,,,,,,,,,,,,,334.0,0.201,107.0,32.04,29.0,8.68,0.571,0.09899999999999998,35.01,17.66,14.83,32.49,31.61,24.32,299.0,0.187,91.0,30.43,30.0,10.03,0.556,0.0979999999999999,31.59,15.63,14.33,29.96,29.28,22.58
746289,2024-06-29,2024,666310,L,666142,L,field_out,False,False,38.0,0.235,14.0,36.84,4.0,10.53,0.728,0.177,31.88,14.67,18.67,33.33,30.56,34.15,51.0,0.217,13.0,25.49,4.0,7.84,0.6639999999999999,0.153,18.18,7.96,17.26,25.22,25.23,18.84,68.0,0.306,13.0,19.12,4.0,5.88,0.7769999999999999,0.11299999999999999,17.27,7.51,16.6,24.11,20.47,20.31,93.0,0.253,22.0,23.66,11.0,11.83,0.711,0.1139999999999999,29.07,14.04,14.33,28.37,23.95,20.56
746289,2024-06-29,2024,686469,L,676440,R,single,False,False,267.0,0.233,33.0,12.36,30.0,11.24,0.755,0.19899999999999998,13.19,5.81,16.21,22.02,26.48,11.96,188.0,0.251,23.0,12.23,15.0,7.98,0.784,0.217,14.85,7.02,17.48,24.5,34.8,10.0,222.0,0.261,60.0,27.03,16.0,7.21,0.778,0.197,26.56,12.68,16.43,29.11,25.45,19.42,268.0,0.202,62.0,23.13,23.0,8.58,0.546,0.071,24.7,11.53,16.24,27.77,24.49,18.84
746289,2024-06-29,2024,521692,R,676440,R,field_out,False,False,254.0,0.281,46.0,18.11,19.0,7.48,0.834,0.20099999999999996,25.9,14.8,9.68,24.48,43.65,15.59,437.0,0.264,100.0,22.88,11.0,2.52,0.73,0.174,30.72,18.16,9.73,27.89,45.56,22.08,142.0,0.178,46.0,32.39,6.0,4.23,0.525,0.124,33.01,17.88,13.63,31.5,27.17,23.59,317.0,0.253,79.0,24.92,22.0,6.94,0.732,0.1669999999999999,27.8,13.2,16.51,29.71,29.83,21.01
746289,2024-06-29,2024,686681,L,676440,R,grounded_into_double_play,False,False,92.0,0.287,14.0,15.22,2.0,2.17,0.798,0.20700000000000002,14.53,7.46,19.7,27.16,35.67,12.5,374.0,0.226,82.0,21.93,20.0,5.35,0.669,0.172,21.6,11.34,13.44,24.79,33.12,15.65,222.0,0.261,60.0,27.03,16.0,7.21,0.778,0.197,26.56,12.68,16.43,29.11,25.45,19.42,268.0,0.202,62.0,23.13,23.0,8.58,0.546,0.071,24.7,11.53,16.24,27.77,24.49,18.84
746289,2024-06-29,2024,672356,R,666142,L,field_out,False,False,59.0,0.286,20.0,33.9,3.0,5.08,0.768,0.16000000000000003,41.41,25.48,9.62,35.1,40.0,33.33,119.0,0.083,54.0,45.38,10.0,8.4,0.316,0.0649999999999999,44.4,24.39,12.09,36.48,34.85,30.51,334.0,0.201,107.0,32.04,29.0,8.68,0.571,0.09899999999999998,35.01,17.66,14.83,32.49,31.61,24.32,299.0,0.187,91.0,30.43,30.0,10.03,0.556,0.0979999999999999,31.59,15.63,14.33,29.96,29.28,22.58
746289,2024-06-29,2024,680757,L,666142,L,single,False,False,73.0,0.403,6.0,8.22,6.0,8.22,0.9299999999999999,0.07499999999999996,5.26,2.08,21.18,23.26,16.15,8.57,224.0,0.26,23.0,10.27,20.0,8.93,0.667,0.08,13.41,5.5,21.44,26.95,22.3,10.5,68.0,0.306,13.0,19.12,4.0,5.88,0.7769999999999999,0.11299999999999999,17.27,7.51,16.6,24.11,20.47,20.31,93.0,0.253,22.0,23.66,11.0,11.83,0.711,0.1139999999999999,29.07,14.04,14.33,28.37,23.95,20.56
746289,2024-06-29,2024,671289,R,666142,L,force_out,False,False,84.0,0.186,14.0,16.67,9.0,10.71,0.6579999999999999,0.17099999999999999,19.58,8.78,19.12,27.9,26.06,15.56,80.0,0.216,13.0,16.25,4.0,5.0,0.667,0.176,15.28,7.61,17.3,24.91,28.87,15.66,334.0,0.201,107.0,32.04,29.0,8.68,0.571,0.09899999999999998,35.01,17.66,14.83,32.49,31.61,24.32,299.0,0.187,91.0,30.43,30.0,10.03,0.556,0.0979999999999999,31.59,15.63,14.33,29.96,29.28,22.58
746289,2024-06-29,2024,608070,R,666142,L,double,False,False,106.0,0.351,13.0,12.26,8.0,7.55,1.0350000000000001,0.28800000000000003,19.5,9.9,14.72,24.62,33.85,13.98,230.0,0.243,25.0,10.87,19.0,8.26,0.766,0.219,16.06,7.21,15.81,23.02,28.33,12.18,334.0,0.201,107.0,32.04,29.0,8.68,0.571,0.09899999999999998,35.01,17.66,14.83,32.49,31.61,24.32,299.0,0.187,91.0,30.43,30.0,10.03,0.556,0.0979999999999999,31.59,15.63,14.33,29.96,29.28,22.58
746289,2024-06-29,2024,647304,L,672582,L,double,False,False,98.0,0.205,25.0,25.51,7.0,7.14,0.7210000000000001,0.23800000000000002,29.45,14.55,13.33,27.88,36.07,30.49,148.0,0.299,15.0,10.14,8.0,5.41,0.821,0.175,16.23,8.67,12.1,20.77,35.38,11.03,49.0,0.25,13.0,26.53,2.0,4.08,0.542,0.0,13.41,5.76,23.56,29.32,26.25,24.07,48.0,0.196,11.0,22.92,2.0,4.17,0.4679999999999999,0.0429999999999999,19.77,9.44,18.33,27.78,22.37,20.37
746289,2024-06-29,2024,681807,R,672582,L,intent_walk,False,True,93.0,0.338,19.0,20.43,20.0,21.51,1.1520000000000001,0.309,27.67,11.4,15.03,26.42,17.0,17.59,51.0,0.227,11.0,21.57,5.0,9.8,0.742,0.1819999999999999,25.66,14.43,11.94,26.37,40.95,15.07,76.0,0.275,12.0,15.79,7.0,9.21,0.748,0.131,15.04,6.39,19.17,25.56,16.9,13.33,134.0,0.301,25.0,18.66,6.0,4.48,0.896,0.244,20.0,10.06,12.9,22.96,25.67,15.72
746289,2024-06-29,2024,665926,L,672582,L,single,False,False,98.0,0.253,12.0,12.24,1.0,1.02,0.637,0.08800000000000002,20.0,11.11,14.55,25.66,37.5,10.08,197.0,0.268,26.0,13.2,8.0,4.06,0.7130000000000001,0.1169999999999999,23.63,12.79,15.07,27.86,41.69,11.02,49.0,0.25,13.0,26.53,2.0,4.08,0.542,0.0,13.41,5.76,23.56,29.32,26.25,24.07,48.0,0.196,11.0,22.92,2.0,4.17,0.4679999999999999,0.0429999999999999,19.77,9.44,18.33,27.78,22.37,20.37
746289,2024-06-29,2024,678877,R,672582,L,strikeout,True,False,1.0,0.0,1.0,100.0,0.0,0.0,0.0,0.0,100.0,33.33,66.67,100.0,100.0,100.0,,,,,,,,,,,,,,,76.0,0.275,12.0,15.79,7.0,9.21,0.748,0.131,15.04,6.39,19.17,25.56,16.9,13.33,134.0,0.301,25.0,18.66,6.0,4.48,0.896,0.244,20.0,10.06,12.9,22.96,25.67,15.72
746289,2024-06-29,2024,592669,R,676440,R,strikeout,True,False,151.0,0.216,28.0,18.54,16.0,10.6,0.708,0.18700000000000003,24.6,10.08,20.81,30.89,24.05,15.73,408.0,0.229,91.0,22.3,35.0,8.58,0.723,0.1969999999999999,28.12,14.44,14.12,28.56,33.7,19.12,142.0,0.178,46.0,32.39,6.0,4.23,0.525,0.124,33.01,17.88,13.63,31.5,27.17,23.59,317.0,0.253,79.0,24.92,22.0,6.94,0.732,0.1669999999999999,27.8,13.2,16.51,29.71,29.83,21.01
746289,2024-06-29,2024,669004,L,676440,R,field_out,False,False,211.0,0.194,56.0,26.54,19.0,9.0,0.673,0.20900000000000002,29.91,15.28,12.01,27.29,26.62,17.23,459.0,0.239,122.0,26.58,55.0,11.98,0.752,0.181,32.7,15.24,15.56,30.8,24.84,20.68,222.0,0.261,60.0,27.03,16.0,7.21,0.778,0.197,26.56,12.68,16.43,29.11,25.45,19.42,268.0,0.202,62.0,23.13,23.0,8.58,0.546,0.071,24.7,11.53,16.24,27.77,24.49,18.84
746289,2024-06-29,2024,679845,R,676440,R,field_out,False,False,97.0,0.183,16.0,16.49,13.0,13.4,0.512,0.037000000000000005,19.44,7.95,17.9,25.85,19.02,17.39,44.0,0.279,7.0,15.91,1.0,2.27,0.667,0.0929999999999999,20.0,9.64,16.87,26.51,25.61,14.29,142.0,0.178,46.0,32.39,6.0,4.23,0.525,0.124,33.01,17.88,13.63,31.5,27.17,23.59,317.0,0.253,79.0,24.92,22.0,6.94,0.732,0.1669999999999999,27.8,13.2,16.51,29.71,29.83,21.01
746289,2024-06-29,2024,666310,L,672582,L,strikeout,True,False,38.0,0.235,14.0,36.84,4.0,10.53,0.728,0.177,31.88,14.67,18.67,33.33,30.56,34.15,51.0,0.217,13.0,25.49,4.0,7.84,0.6639999999999999,0.153,18.18,7.96,17.26,25.22,25.23,18.84,49.0,0.25,13.0,26.53,2.0,4.08,0.542,0.0,13.41,5.76,23.56,29.32,26.25,24.07,48.0,0.196,11.0,22.92,2.0,4.17,0.4679999999999999,0.0429999999999999,19.77,9.44,18.33,27.78,22.37,20.37
746289,2024-06-29,2024,672356,R,672582,L,field_out,False,False,59.0,0.286,20.0,33.9,3.0,5.08,0.768,0.16000000000000003,41.41,25.48,9.62,35.1,40.0,33.33,119.0,0.083,54.0,45.38,10.0,8.4,0.316,0.0649999999999999,44.4,24.39,12.09,36.48,34.85,30.51,76.0,0.275,12.0,15.79,7.0,9.21,0.748,0.131,15.04,6.39,19.17,25.56,16.9,13.33,134.0,0.301,25.0,18.66,6.0,4.48,0.896,0.244,20.0,10.06,12.9,22.96,25.67,15.72
746289,2024-06-29,2024,680757,L,672582,L,field_out,False,False,73.0,0.403,6.0,8.22,6.0,8.22,0.9299999999999999,0.07499999999999996,5.26,2.08,21.18,23.26,16.15,8.57,224.0,0.26,23.0,10.27,20.0,8.93,0.667,0.08,13.41,5.5,21.44,26.95,22.3,10.5,49.0,0.25,13.0,26.53,2.0,4.08,0.542,0.0,13.41,5.76,23.56,29.32,26.25,24.07,48.0,0.196,11.0,22.92,2.0,4.17,0.4679999999999999,0.0429999999999999,19.77,9.44,18.33,27.78,22.37,20.37
746289,2024-06-29,2024,664728,L,676440,R,field_out,False,False,188.0,0.237,32.0,17.02,11.0,5.85,0.68,0.16200000000000003,17.33,7.94,21.07,29.01,32.72,18.6,253.0,0.223,43.0,17.0,12.0,4.74,0.631,0.147,20.48,9.51,19.8,29.31,28.6,18.78,222.0,0.261,60.0,27.03,16.0,7.21,0.778,0.197,26.56,12.68,16.43,29.11,25.45,19.42,268.0,0.202,62.0,23.13,23.0,8.58,0.546,0.071,24.7,11.53,16.24,27.77,24.49,18.84
746289,2024-06-29,2024,672580,R,676440,R,field_out,False,False,301.0,0.23,57.0,18.94,23.0,7.64,0.609,0.091,18.66,8.12,20.39,28.51,21.51,17.65,400.0,0.258,94.0,23.5,33.0,8.25,0.648,0.071,20.3,8.71,19.59,28.3,19.12,19.96,142.0,0.178,46.0,32.39,6.0,4.23,0.525,0.124,33.01,17.88,13.63,31.5,27.17,23.59,317.0,0.253,79.0,24.92,22.0,6.94,0.732,0.1669999999999999,27.8,13.2,16.51,29.71,29.83,21.01
746289,2024-06-29,2024,677951,R,676440,R,field_out,False,False,312.0,0.313,54.0,17.31,25.0,8.01,0.913,0.22800000000000004,24.01,11.8,14.77,26.57,29.92,17.65,547.0,0.27,93.0,17.0,33.0,6.03,0.8,0.2149999999999999,22.15,10.87,15.53,26.4,29.62,14.44,142.0,0.178,46.0,32.39,6.0,4.23,0.525,0.124,33.01,17.88,13.63,31.5,27.17,23.59,317.0,0.253,79.0,24.92,22.0,6.94,0.732,0.1669999999999999,27.8,13.2,16.51,29.71,29.83,21.01
746289,2024-06-29,2024,671289,R,519293,L,field_out,False,False,84.0,0.186,14.0,16.67,9.0,10.71,0.6579999999999999,0.17099999999999999,19.58,8.78,19.12,27.9,26.06,15.56,80.0,0.216,13.0,16.25,4.0,5.0,0.667,0.176,15.28,7.61,17.3,24.91,28.87,15.66,66.0,0.316,7.0,10.61,7.0,10.61,0.874,0.15799999999999997,23.76,10.76,14.8,25.56,24.53,15.56,161.0,0.224,36.0,22.36,13.0,8.07,0.683,0.171,26.4,12.8,16.48,29.28,32.28,20.34
746289,2024-06-29,2024,608070,R,519293,L,home_run,False,False,106.0,0.351,13.0,12.26,8.0,7.55,1.0350000000000001,0.28800000000000003,19.5,9.9,14.72,24.62,33.85,13.98,230.0,0.243,25.0,10.87,19.0,8.26,0.766,0.219,16.06,7.21,15.81,23.02,28.33,12.18,66.0,0.316,7.0,10.61,7.0,10.61,0.874,0.15799999999999997,23.76,10.76,14.8,25.56,24.53,15.56,161.0,0.224,36.0,22.36,13.0,8.07,0.683,0.171,26.4,12.8,16.48,29.28,32.28,20.34
746289,2024-06-29,2024,647304,L,519293,L,field_out,False,False,98.0,0.205,25.0,25.51,7.0,7.14,0.7210000000000001,0.23800000000000002,29.45,14.55,13.33,27.88,36.07,30.49,148.0,0.299,15.0,10.14,8.0,5.41,0.821,0.175,16.23,8.67,12.1,20.77,35.38,11.03,41.0,0.179,10.0,24.39,1.0,2.44,0.4,0.025999999999999995,29.73,13.84,18.87,32.7,32.1,22.22,66.0,0.177,19.0,28.79,4.0,6.06,0.453,0.049,34.85,17.97,15.23,33.2,37.14,21.95
746289,2024-06-29,2024,681807,R,519293,L,walk,False,True,93.0,0.338,19.0,20.43,20.0,21.51,1.1520000000000001,0.309,27.67,11.4,15.03,26.42,17.0,17.59,51.0,0.227,11.0,21.57,5.0,9.8,0.742,0.1819999999999999,25.66,14.43,11.94,26.37,40.95,15.07,66.0,0.316,7.0,10.61,7.0,10.61,0.874,0.15799999999999997,23.76,10.76,14.8,25.56,24.53,15.56,161.0,0.224,36.0,22.36,13.0,8.07,0.683,0.171,26.4,12.8,16.48,29.28,32.28,20.34
746289,2024-06-29,2024,665926,L,519293,L,field_out,False,False,98.0,0.253,12.0,12.24,1.0,1.02,0.637,0.08800000000000002,20.0,11.11,14.55,25.66,37.5,10.08,197.0,0.268,26.0,13.2,8.0,4.06,0.7130000000000001,0.1169999999999999,23.63,12.79,15.07,27.86,41.69,11.02,41.0,0.179,10.0,24.39,1.0,2.44,0.4,0.025999999999999995,29.73,13.84,18.87,32.7,32.1,22.22,66.0,0.177,19.0,28.79,4.0,6.06,0.453,0.049,34.85,17.97,15.23,33.2,37.14,21.95
746289,2024-06-29,2024,686469,L,656529,L,strikeout,True,False,62.0,0.25,10.0,16.13,2.0,3.23,0.649,0.125,20.51,9.72,20.24,29.96,31.58,13.16,72.0,0.233,8.0,11.11,10.0,13.89,0.697,0.1169999999999999,25.44,10.86,18.35,29.21,25.19,14.29,22.0,0.2,7.0,31.82,1.0,4.55,0.638,0.2,32.35,14.86,25.68,40.54,35.29,31.82,81.0,0.28,19.0,23.46,5.0,6.17,0.7210000000000001,0.12,24.82,11.6,16.72,28.33,29.05,30.16
746289,2024-06-29,2024,521692,R,656529,L,field_out,False,False,73.0,0.303,12.0,16.44,6.0,8.22,0.8089999999999999,0.136,30.56,17.67,10.44,28.11,45.97,17.91,146.0,0.227,35.0,23.97,8.0,5.48,0.6659999999999999,0.144,28.96,17.6,9.44,27.04,51.15,18.82,48.0,0.178,13.0,27.08,3.0,6.25,0.518,0.11099999999999999,29.55,14.36,18.23,32.6,30.43,24.53,142.0,0.248,37.0,26.06,13.0,9.15,0.619,0.0539999999999999,28.86,12.59,20.21,32.8,25.09,22.84
746289,2024-06-29,2024,686681,L,656529,L,single,False,False,30.0,0.269,7.0,23.33,1.0,3.33,0.8240000000000001,0.269,30.0,15.62,18.75,34.38,47.17,26.92,87.0,0.241,17.0,19.54,4.0,4.6,0.591,0.063,26.42,13.17,15.99,29.15,28.39,18.48,22.0,0.2,7.0,31.82,1.0,4.55,0.638,0.2,32.35,14.86,25.68,40.54,35.29,31.82,81.0,0.28,19.0,23.46,5.0,6.17,0.7210000000000001,0.12,24.82,11.6,16.72,28.33,29.05,30.16
746289,2024-06-29,2024,592669,R,671922,R,single,False,False,151.0,0.216,28.0,18.54,16.0,10.6,0.708,0.18700000000000003,24.6,10.08,20.81,30.89,24.05,15.73,408.0,0.229,91.0,22.3,35.0,8.58,0.723,0.1969999999999999,28.12,14.44,14.12,28.56,33.7,19.12,73.0,0.217,25.0,34.25,2.0,2.74,0.579,0.10200000000000001,30.07,14.98,19.51,34.49,31.2,26.6,,,,,,,,,,,,,,
746289,2024-06-29,2024,669004,L,671922,R,strikeout,True,False,211.0,0.194,56.0,26.54,19.0,9.0,0.673,0.20900000000000002,29.91,15.28,12.01,27.29,26.62,17.23,459.0,0.239,122.0,26.58,55.0,11.98,0.752,0.181,32.7,15.24,15.56,30.8,24.84,20.68,67.0,0.167,23.0,34.33,7.0,10.45,0.521,0.1,25.42,10.68,22.78,33.45,19.35,23.91,,,,,,,,,,,,,,
746289,2024-06-29,2024,678877,R,623433,R,field_out,False,False,5.0,0.4,2.0,40.0,0.0,0.0,1.6,0.7999999999999999,40.0,26.67,13.33,40.0,62.5,66.67,,,,,,,,,,,,,,,69.0,0.361,12.0,17.39,7.0,10.14,1.156,0.36,17.95,8.05,21.84,29.89,23.85,14.29,85.0,0.297,19.0,22.35,8.0,9.41,0.847,0.189,24.16,10.62,20.94,31.56,23.42,18.63
746289,2024-06-29,2024,666310,L,623433,R,field_out,False,False,151.0,0.19,52.0,34.44,12.0,7.95,0.565,0.11699999999999999,29.67,13.95,17.87,31.82,27.08,23.58,180.0,0.243,40.0,22.22,26.0,14.44,0.852,0.257,22.79,10.11,14.03,24.15,23.6,16.67,66.0,0.179,12.0,18.18,8.0,12.12,0.523,0.07100000000000001,27.52,12.2,15.45,27.64,20.49,21.43,58.0,0.14,17.0,29.31,1.0,1.72,0.366,0.0709999999999999,32.46,17.7,20.1,37.8,39.36,23.61
746289,2024-06-29,2024,672356,R,623433,R,strikeout,True,False,89.0,0.212,27.0,30.34,2.0,2.25,0.577,0.12900000000000003,35.79,22.01,9.71,31.72,41.22,29.35,226.0,0.275,59.0,26.11,18.0,7.96,0.791,0.184,33.96,18.84,11.28,30.12,32.38,20.14,69.0,0.361,12.0,17.39,7.0,10.14,1.156,0.36,17.95,8.05,21.84,29.89,23.85,14.29,85.0,0.297,19.0,22.35,8.0,9.41,0.847,0.189,24.16,10.62,20.94,31.56,23.42,18.63
746289,2024-06-29,2024,679845,R,683769,R,strikeout,True,False,97.0,0.183,16.0,16.49,13.0,13.4,0.512,0.037000000000000005,19.44,7.95,17.9,25.85,19.02,17.39,44.0,0.279,7.0,15.91,1.0,2.27,0.667,0.0929999999999999,20.0,9.64,16.87,26.51,25.61,14.29,65.0,0.145,17.0,26.15,3.0,4.62,0.395,0.065,31.4,16.17,19.15,35.32,33.0,23.61,83.0,0.286,16.0,19.28,5.0,6.02,0.857,0.246,20.12,11.07,14.66,25.73,30.23,14.81
746289,2024-06-29,2024,664728,L,683769,R,strikeout,True,False,188.0,0.237,32.0,17.02,11.0,5.85,0.68,0.16200000000000003,17.33,7.94,21.07,29.01,32.72,18.6,253.0,0.223,43.0,17.0,12.0,4.74,0.631,0.147,20.48,9.51,19.8,29.31,28.6,18.78,74.0,0.176,19.0,25.68,4.0,5.41,0.5369999999999999,0.118,24.32,12.59,16.08,28.67,30.22,20.43,100.0,0.226,8.0,8.0,9.0,9.0,0.692,0.143,13.84,5.79,17.63,23.42,18.28,8.33
746289,2024-06-29,2024,672580,R,683769,R,strikeout,True,False,301.0,0.23,57.0,18.94,23.0,7.64,0.609,0.091,18.66,8.12,20.39,28.51,21.51,17.65,400.0,0.258,94.0,23.5,33.0,8.25,0.648,0.071,20.3,8.71,19.59,28.3,19.12,19.96,65.0,0.145,17.0,26.15,3.0,4.62,0.395,0.065,31.4,16.17,19.15,35.32,33.0,23.61,83.0,0.286,16.0,19.28,5.0,6.02,0.857,0.246,20.12,11.07,14.66,25.73,30.23,14.81
746289,2024-06-29,2024,680757,L,672578,R,field_out,False,False,172.0,0.355,11.0,6.4,14.0,8.14,0.992,0.21699999999999997,6.37,2.56,23.04,25.6,19.68,6.29,494.0,0.272,52.0,10.53,50.0,10.12,0.73,0.1119999999999999,10.22,4.19,22.03,26.23,20.67,8.84,12.0,0.364,1.0,8.33,1.0,8.33,0.872,0.09100000000000003,21.74,10.2,10.2,20.41,24.14,5.56,146.0,0.189,42.0,28.77,17.0,11.64,0.597,0.118,30.58,15.6,11.39,26.99,28.62,19.27
746289,2024-06-29,2024,671289,R,672578,R,strikeout,True,False,198.0,0.221,28.0,14.14,13.0,6.57,0.634,0.10500000000000001,15.81,7.42,19.26,26.68,29.97,15.38,89.0,0.266,17.0,19.1,6.0,6.74,0.656,0.076,20.13,9.22,18.73,27.95,29.94,17.0,23.0,0.2,4.0,17.39,3.0,13.04,0.604,0.09999999999999998,15.38,8.0,15.0,23.0,21.28,9.3,156.0,0.273,35.0,22.44,15.0,9.62,0.8720000000000001,0.259,30.31,15.75,13.15,28.9,31.09,16.28
746289,2024-06-29,2024,608070,L,672578,R,field_out,False,False,231.0,0.245,29.0,12.55,17.0,7.36,0.808,0.26,14.05,6.9,13.59,20.49,30.68,9.67,461.0,0.302,48.0,10.41,54.0,11.71,0.863,0.179,15.4,6.98,13.91,20.89,28.02,10.17,12.0,0.364,1.0,8.33,1.0,8.33,0.872,0.09100000000000003,21.74,10.2,10.2,20.41,24.14,5.56,146.0,0.189,42.0,28.77,17.0,11.64,0.597,0.118,30.58,15.6,11.39,26.99,28.62,19.27
746289,2024-06-29,2024,677951,R,605130,R,field_out,False,False,312.0,0.313,54.0,17.31,25.0,8.01,0.913,0.22800000000000004,24.01,11.8,14.77,26.57,29.92,17.65,547.0,0.27,93.0,17.0,33.0,6.03,0.8,0.2149999999999999,22.15,10.87,15.53,26.4,29.62,14.44,81.0,0.257,24.0,29.63,10.0,12.35,0.7889999999999999,0.186,40.0,18.07,15.96,34.04,32.11,24.0,154.0,0.208,45.0,29.22,18.0,11.69,0.5569999999999999,0.046,35.85,15.68,19.97,35.64,29.91,24.19
746289,2024-06-29,2024,686469,L,605130,R,strikeout,True,False,267.0,0.233,33.0,12.36,30.0,11.24,0.755,0.19899999999999998,13.19,5.81,16.21,22.02,26.48,11.96,188.0,0.251,23.0,12.23,15.0,7.98,0.784,0.217,14.85,7.02,17.48,24.5,34.8,10.0,58.0,0.146,21.0,36.21,8.0,13.79,0.547,0.12500000000000003,36.63,14.34,18.6,32.95,26.45,28.38,145.0,0.279,34.0,23.45,16.0,11.03,0.798,0.1469999999999999,26.64,11.44,18.74,30.18,30.91,18.78
746289,2024-06-29,2024,521692,R,605130,R,strikeout,True,False,254.0,0.281,46.0,18.11,19.0,7.48,0.834,0.20099999999999996,25.9,14.8,9.68,24.48,43.65,15.59,437.0,0.264,100.0,22.88,11.0,2.52,0.73,0.174,30.72,18.16,9.73,27.89,45.56,22.08,81.0,0.257,24.0,29.63,10.0,12.35,0.7889999999999999,0.186,40.0,18.07,15.96,34.04,32.11,24.0,154.0,0.208,45.0,29.22,18.0,11.69,0.5569999999999999,0.046,35.85,15.68,19.97,35.64,29.91,24.19
745071,2024-06-29,2024,682928,L,650644,R,home_run,False,False,234.0,0.261,42.0,17.95,17.0,7.26,0.812,0.22199999999999998,22.67,12.3,13.22,25.52,39.29,15.22,446.0,0.274,78.0,17.49,24.0,5.38,0.786,0.19,21.76,11.82,12.69,24.5,35.86,16.63,158.0,0.278,43.0,27.22,12.0,7.59,0.821,0.20099999999999996,23.72,10.43,20.06,30.5,28.48,23.5,254.0,0.234,66.0,25.98,16.0,6.3,0.6679999999999999,0.145,20.86,9.62,20.09,29.72,28.72,18.28
745071,2024-06-29,2024,657041,R,650644,R,walk,False,True,163.0,0.204,41.0,25.15,13.0,7.98,0.631,0.163,21.79,8.89,22.06,30.95,19.61,21.69,490.0,0.242,143.0,29.18,23.0,4.69,0.719,0.185,26.09,11.34,20.58,31.92,28.6,24.48,195.0,0.261,39.0,20.0,11.0,5.64,0.742,0.172,23.01,10.61,18.1,28.71,29.2,18.06,250.0,0.237,50.0,20.0,17.0,6.8,0.643,0.1089999999999999,24.67,11.79,17.37,29.16,32.23,16.89
745071,2024-06-29,2024,608385,L,650644,R,grounded_into_double_play,False,False,215.0,0.267,45.0,20.93,31.0,14.42,0.833,0.176,21.3,8.98,16.76,25.74,17.61,15.2,184.0,0.2,46.0,25.0,24.0,13.04,0.5660000000000001,0.0449999999999999,25.91,11.04,17.01,28.05,20.4,17.9,158.0,0.278,43.0,27.22,12.0,7.59,0.821,0.20099999999999996,23.72,10.43,20.06,30.5,28.48,23.5,254.0,0.234,66.0,25.98,16.0,6.3,0.6679999999999999,0.145,20.86,9.62,20.09,29.72,28.72,18.28
745071,2024-06-29,2024,608841,R,650644,R,walk,False,True,203.0,0.261,35.0,17.24,14.0,6.9,0.659,0.08299999999999996,21.41,10.65,14.15,24.8,28.26,16.75,471.0,0.268,97.0,20.59,28.0,5.94,0.7030000000000001,0.12,23.85,11.18,18.94,30.12,30.48,17.38,195.0,0.261,39.0,20.0,11.0,5.64,0.742,0.172,23.01,10.61,18.1,28.71,29.2,18.06,250.0,0.237,50.0,20.0,17.0,6.8,0.643,0.1089999999999999,24.67,11.79,17.37,29.16,32.23,16.89
745071,2024-06-29,2024,671277,L,650644,R,double,False,False,217.0,0.273,33.0,15.21,8.0,3.69,0.721,0.14799999999999996,20.71,10.76,15.49,26.25,36.13,15.28,355.0,0.268,44.0,12.39,23.0,6.48,0.6950000000000001,0.1129999999999999,17.54,8.86,13.52,22.38,31.84,12.54,158.0,0.278,43.0,27.22,12.0,7.59,0.821,0.20099999999999996,23.72,10.43,20.06,30.5,28.48,23.5,254.0,0.234,66.0,25.98,16.0,6.3,0.6679999999999999,0.145,20.86,9.62,20.09,29.72,28.72,18.28
745071,2024-06-29,2024,623912,R,650644,R,strikeout,True,False,115.0,0.245,23.0,20.0,3.0,2.61,0.543,0.028000000000000025,32.23,18.89,13.32,32.2,44.91,20.0,310.0,0.281,58.0,18.71,18.0,5.81,0.749,0.1389999999999999,29.58,16.59,12.26,28.85,43.77,18.01,195.0,0.261,39.0,20.0,11.0,5.64,0.742,0.172,23.01,10.61,18.1,28.71,29.2,18.06,250.0,0.237,50.0,20.0,17.0,6.8,0.643,0.1089999999999999,24.67,11.79,17.37,29.16,32.23,16.89
745071,2024-06-29,2024,650490,R,663623,R,field_out,False,False,273.0,0.265,44.0,16.12,22.0,8.06,0.716,0.121,13.03,5.86,17.66,23.51,23.93,13.62,462.0,0.322,72.0,15.58,49.0,10.61,0.881,0.1559999999999999,18.95,8.0,18.68,26.68,19.71,15.69,168.0,0.202,40.0,23.81,4.0,2.38,0.557,0.129,22.6,11.01,18.55,29.56,29.45,18.66,244.0,0.233,51.0,20.9,24.0,9.84,0.6719999999999999,0.1189999999999999,19.25,7.79,20.22,28.01,20.24,17.11
745071,2024-06-29,2024,664040,L,663623,R,home_run,False,False,110.0,0.194,27.0,24.55,12.0,10.91,0.696,0.193,29.58,15.4,10.27,25.67,28.7,23.68,374.0,0.241,103.0,27.54,42.0,11.23,0.813,0.237,31.86,16.63,11.13,27.77,30.39,21.33,200.0,0.261,41.0,20.5,16.0,8.0,0.771,0.183,23.62,11.58,15.39,26.97,25.07,16.08,286.0,0.274,48.0,16.78,30.0,10.49,0.853,0.2219999999999999,16.95,7.84,17.16,25.0,24.68,13.01
745071,2024-06-29,2024,670623,R,663623,R,field_out,False,False,246.0,0.274,40.0,16.26,24.0,9.76,0.839,0.20199999999999996,16.93,7.62,18.79,26.42,28.35,9.66,438.0,0.247,82.0,18.72,43.0,9.82,0.86,0.266,18.6,8.55,16.71,25.26,28.98,14.09,168.0,0.202,40.0,23.81,4.0,2.38,0.557,0.129,22.6,11.01,18.55,29.56,29.45,18.66,244.0,0.233,51.0,20.9,24.0,9.84,0.6719999999999999,0.1189999999999999,19.25,7.79,20.22,28.01,20.24,17.11
745071,2024-06-29,2024,666139,L,663623,R,field_out,False,False,108.0,0.242,28.0,25.93,11.0,10.19,0.771,0.21100000000000002,25.42,12.95,12.95,25.9,30.13,17.07,435.0,0.3,104.0,23.91,27.0,6.21,0.8540000000000001,0.211,29.41,15.52,12.38,27.9,34.65,18.39,200.0,0.261,41.0,20.5,16.0,8.0,0.771,0.183,23.62,11.58,15.39,26.97,25.07,16.08,286.0,0.274,48.0,16.78,30.0,10.49,0.853,0.2219999999999999,16.95,7.84,17.16,25.0,24.68,13.01
745071,2024-06-29,2024,660688,L,650644,R,field_out,False,False,166.0,0.199,22.0,13.25,5.0,3.01,0.53,0.09599999999999997,12.77,6.58,17.37,23.95,36.86,16.67,403.0,0.249,48.0,11.91,25.0,6.2,0.712,0.1629999999999999,14.96,7.67,15.92,23.59,36.49,14.77,158.0,0.278,43.0,27.22,12.0,7.59,0.821,0.20099999999999996,23.72,10.43,20.06,30.5,28.48,23.5,254.0,0.234,66.0,25.98,16.0,6.3,0.6679999999999999,0.145,20.86,9.62,20.09,29.72,28.72,18.28
745071,2024-06-29,2024,669222,R,650644,R,field_out,False,False,161.0,0.214,42.0,26.09,19.0,11.8,0.6619999999999999,0.13599999999999998,27.44,12.42,18.79,31.21,23.16,24.28,205.0,0.164,51.0,24.88,18.0,8.78,0.497,0.093,25.27,12.43,15.64,28.07,26.72,23.15,195.0,0.261,39.0,20.0,11.0,5.64,0.742,0.172,23.01,10.61,18.1,28.71,29.2,18.06,250.0,0.237,50.0,20.0,17.0,6.8,0.643,0.1089999999999999,24.67,11.79,17.37,29.16,32.23,16.89
745071,2024-06-29,2024,696285,R,650644,R,field_out,False,False,167.0,0.248,34.0,20.36,9.0,5.39,0.62,0.061,22.18,9.9,21.81,31.71,29.37,22.97,93.0,0.268,17.0,18.28,7.0,7.53,0.687,0.0859999999999999,21.38,9.8,20.46,30.26,30.36,15.74,195.0,0.261,39.0,20.0,11.0,5.64,0.742,0.172,23.01,10.61,18.1,28.71,29.2,18.06,250.0,0.237,50.0,20.0,17.0,6.8,0.643,0.1089999999999999,24.67,11.79,17.37,29.16,32.23,16.89
745071,2024-06-29,2024,668227,R,663623,R,walk,False,True,243.0,0.195,68.0,27.98,23.0,9.47,0.631,0.14300000000000002,33.63,14.33,19.07,33.4,24.35,19.15,517.0,0.254,119.0,23.02,62.0,11.99,0.7769999999999999,0.1589999999999999,29.93,12.82,18.77,31.59,26.93,19.44,168.0,0.202,40.0,23.81,4.0,2.38,0.557,0.129,22.6,11.01,18.55,29.56,29.45,18.66,244.0,0.233,51.0,20.9,24.0,9.84,0.6719999999999999,0.1189999999999999,19.25,7.79,20.22,28.01,20.24,17.11
745071,2024-06-29,2024,680700,L,663623,R,strikeout,True,False,213.0,0.233,46.0,21.6,25.0,11.74,0.668,0.1,27.07,13.06,13.78,26.84,26.57,18.7,82.0,0.216,10.0,12.2,6.0,7.32,0.7390000000000001,0.243,15.71,6.75,18.4,25.15,18.99,10.75,200.0,0.261,41.0,20.5,16.0,8.0,0.771,0.183,23.62,11.58,15.39,26.97,25.07,16.08,286.0,0.274,48.0,16.78,30.0,10.49,0.853,0.2219999999999999,16.95,7.84,17.16,25.0,24.68,13.01
745071,2024-06-29,2024,642350,R,663623,R,force_out,False,False,184.0,0.212,66.0,35.87,15.0,8.15,0.6859999999999999,0.17600000000000002,36.87,17.22,19.7,36.91,32.15,26.94,271.0,0.23,93.0,34.32,16.0,5.9,0.801,0.29,39.19,20.65,15.06,35.71,37.69,31.08,168.0,0.202,40.0,23.81,4.0,2.38,0.557,0.129,22.6,11.01,18.55,29.56,29.45,18.66,244.0,0.233,51.0,20.9,24.0,9.84,0.6719999999999999,0.1189999999999999,19.25,7.79,20.22,28.01,20.24,17.11
745071,2024-06-29,2024,666163,L,663623,R,field_out,False,False,149.0,0.282,40.0,26.85,16.0,10.74,0.774,0.12300000000000005,27.66,12.48,17.92,30.4,26.64,19.6,72.0,0.133,15.0,20.83,10.0,13.89,0.507,0.1169999999999999,25.64,10.56,17.96,28.52,20.41,17.5,200.0,0.261,41.0,20.5,16.0,8.0,0.771,0.183,23.62,11.58,15.39,26.97,25.07,16.08,286.0,0.274,48.0,16.78,30.0,10.49,0.853,0.2219999999999999,16.95,7.84,17.16,25.0,24.68,13.01
745071,2024-06-29,2024,682928,L,650644,R,walk,False,True,234.0,0.261,42.0,17.95,17.0,7.26,0.812,0.22199999999999998,22.67,12.3,13.22,25.52,39.29,15.22,446.0,0.274,78.0,17.49,24.0,5.38,0.786,0.19,21.76,11.82,12.69,24.5,35.86,16.63,158.0,0.278,43.0,27.22,12.0,7.59,0.821,0.20099999999999996,23.72,10.43,20.06,30.5,28.48,23.5,254.0,0.234,66.0,25.98,16.0,6.3,0.6679999999999999,0.145,20.86,9.62,20.09,29.72,28.72,18.28
745071,2024-06-29,2024,657041,R,650644,R,single,False,False,163.0,0.204,41.0,25.15,13.0,7.98,0.631,0.163,21.79,8.89,22.06,30.95,19.61,21.69,490.0,0.242,143.0,29.18,23.0,4.69,0.719,0.185,26.09,11.34,20.58,31.92,28.6,24.48,195.0,0.261,39.0,20.0,11.0,5.64,0.742,0.172,23.01,10.61,18.1,28.71,29.2,18.06,250.0,0.237,50.0,20.0,17.0,6.8,0.643,0.1089999999999999,24.67,11.79,17.37,29.16,32.23,16.89
745071,2024-06-29,2024,608385,L,650644,R,strikeout,True,False,215.0,0.267,45.0,20.93,31.0,14.42,0.833,0.176,21.3,8.98,16.76,25.74,17.61,15.2,184.0,0.2,46.0,25.0,24.0,13.04,0.5660000000000001,0.0449999999999999,25.91,11.04,17.01,28.05,20.4,17.9,158.0,0.278,43.0,27.22,12.0,7.59,0.821,0.20099999999999996,23.72,10.43,20.06,30.5,28.48,23.5,254.0,0.234,66.0,25.98,16.0,6.3,0.6679999999999999,0.145,20.86,9.62,20.09,29.72,28.72,18.28
745071,2024-06-29,2024,608841,R,650644,R,grounded_into_double_play,False,False,203.0,0.261,35.0,17.24,14.0,6.9,0.659,0.08299999999999996,21.41,10.65,14.15,24.8,28.26,16.75,471.0,0.268,97.0,20.59,28.0,5.94,0.7030000000000001,0.12,23.85,11.18,18.94,30.12,30.48,17.38,195.0,0.261,39.0,20.0,11.0,5.64,0.742,0.172,23.01,10.61,18.1,28.71,29.2,18.06,250.0,0.237,50.0,20.0,17.0,6.8,0.643,0.1089999999999999,24.67,11.79,17.37,29.16,32.23,16.89
745071,2024-06-29,2024,670764,L,663623,R,field_out,False,False,34.0,0.154,8.0,23.53,7.0,20.59,0.555,0.07700000000000001,31.03,13.74,12.21,25.95,13.24,25.81,257.0,0.179,69.0,26.85,33.0,12.84,0.588,0.121,26.28,11.1,17.87,28.97,16.97,23.15,200.0,0.261,41.0,20.5,16.0,8.0,0.771,0.183,23.62,11.58,15.39,26.97,25.07,16.08,286.0,0.274,48.0,16.78,30.0,10.49,0.853,0.2219999999999999,16.95,7.84,17.16,25.0,24.68,13.01
745071,2024-06-29,2024,650490,R,663623,R,strikeout,True,False,273.0,0.265,44.0,16.12,22.0,8.06,0.716,0.121,13.03,5.86,17.66,23.51,23.93,13.62,462.0,0.322,72.0,15.58,49.0,10.61,0.881,0.1559999999999999,18.95,8.0,18.68,26.68,19.71,15.69,168.0,0.202,40.0,23.81,4.0,2.38,0.557,0.129,22.6,11.01,18.55,29.56,29.45,18.66,244.0,0.233,51.0,20.9,24.0,9.84,0.6719999999999999,0.1189999999999999,19.25,7.79,20.22,28.01,20.24,17.11
745071,2024-06-29,2024,664040,L,663623,R,field_out,False,False,110.0,0.194,27.0,24.55,12.0,10.91,0.696,0.193,29.58,15.4,10.27,25.67,28.7,23.68,374.0,0.241,103.0,27.54,42.0,11.23,0.813,0.237,31.86,16.63,11.13,27.77,30.39,21.33,200.0,0.261,41.0,20.5,16.0,8.0,0.771,0.183,23.62,11.58,15.39,26.97,25.07,16.08,286.0,0.274,48.0,16.78,30.0,10.49,0.853,0.2219999999999999,16.95,7.84,17.16,25.0,24.68,13.01
745071,2024-06-29,2024,671277,L,650644,R,single,False,False,217.0,0.273,33.0,15.21,8.0,3.69,0.721,0.14799999999999996,20.71,10.76,15.49,26.25,36.13,15.28,355.0,0.268,44.0,12.39,23.0,6.48,0.6950000000000001,0.1129999999999999,17.54,8.86,13.52,22.38,31.84,12.54,158.0,0.278,43.0,27.22,12.0,7.59,0.821,0.20099999999999996,23.72,10.43,20.06,30.5,28.48,23.5,254.0,0.234,66.0,25.98,16.0,6.3,0.6679999999999999,0.145,20.86,9.62,20.09,29.72,28.72,18.28
745071,2024-06-29,2024,623912,R,650644,R,field_out,False,False,115.0,0.245,23.0,20.0,3.0,2.61,0.543,0.028000000000000025,32.23,18.89,13.32,32.2,44.91,20.0,310.0,0.281,58.0,18.71,18.0,5.81,0.749,0.1389999999999999,29.58,16.59,12.26,28.85,43.77,18.01,195.0,0.261,39.0,20.0,11.0,5.64,0.742,0.172,23.01,10.61,18.1,28.71,29.2,18.06,250.0,0.237,50.0,20.0,17.0,6.8,0.643,0.1089999999999999,24.67,11.79,17.37,29.16,32.23,16.89
745071,2024-06-29,2024,660688,L,650644,R,single,False,False,166.0,0.199,22.0,13.25,5.0,3.01,0.53,0.09599999999999997,12.77,6.58,17.37,23.95,36.86,16.67,403.0,0.249,48.0,11.91,25.0,6.2,0.712,0.1629999999999999,14.96,7.67,15.92,23.59,36.49,14.77,158.0,0.278,43.0,27.22,12.0,7.59,0.821,0.20099999999999996,23.72,10.43,20.06,30.5,28.48,23.5,254.0,0.234,66.0,25.98,16.0,6.3,0.6679999999999999,0.145,20.86,9.62,20.09,29.72,28.72,18.28
745071,2024-06-29,2024,669222,R,650644,R,force_out,False,False,161.0,0.214,42.0,26.09,19.0,11.8,0.6619999999999999,0.13599999999999998,27.44,12.42,18.79,31.21,23.16,24.28,205.0,0.164,51.0,24.88,18.0,8.78,0.497,0.093,25.27,12.43,15.64,28.07,26.72,23.15,195.0,0.261,39.0,20.0,11.0,5.64,0.742,0.172,23.01,10.61,18.1,28.71,29.2,18.06,250.0,0.237,50.0,20.0,17.0,6.8,0.643,0.1089999999999999,24.67,11.79,17.37,29.16,32.23,16.89
745071,2024-06-29,2024,696285,R,650644,R,field_out,False,False,167.0,0.248,34.0,20.36,9.0,5.39,0.62,0.061,22.18,9.9,21.81,31.71,29.37,22.97,93.0,0.268,17.0,18.28,7.0,7.53,0.687,0.0859999999999999,21.38,9.8,20.46,30.26,30.36,15.74,195.0,0.261,39.0,20.0,11.0,5.64,0.742,0.172,23.01,10.61,18.1,28.71,29.2,18.06,250.0,0.237,50.0,20.0,17.0,6.8,0.643,0.1089999999999999,24.67,11.79,17.37,29.16,32.23,16.89
745071,2024-06-29,2024,670623,R,663623,R,field_out,False,False,246.0,0.274,40.0,16.26,24.0,9.76,0.839,0.20199999999999996,16.93,7.62,18.79,26.42,28.35,9.66,438.0,0.247,82.0,18.72,43.0,9.82,0.86,0.266,18.6,8.55,16.71,25.26,28.98,14.09,168.0,0.202,40.0,23.81,4.0,2.38,0.557,0.129,22.6,11.01,18.55,29.56,29.45,18.66,244.0,0.233,51.0,20.9,24.0,9.84,0.6719999999999999,0.1189999999999999,19.25,7.79,20.22,28.01,20.24,17.11
745071,2024-06-29,2024,666139,L,663623,R,field_out,False,False,108.0,0.242,28.0,25.93,11.0,10.19,0.771,0.21100000000000002,25.42,12.95,12.95,25.9,30.13,17.07,435.0,0.3,104.0,23.91,27.0,6.21,0.8540000000000001,0.211,29.41,15.52,12.38,27.9,34.65,18.39,200.0,0.261,41.0,20.5,16.0,8.0,0.771,0.183,23.62,11.58,15.39,26.97,25.07,16.08,286.0,0.274,48.0,16.78,30.0,10.49,0.853,0.2219999999999999,16.95,7.84,17.16,25.0,24.68,13.01
745071,2024-06-29,2024,668227,R,663623,R,field_out,False,False,243.0,0.195,68.0,27.98,23.0,9.47,0.631,0.14300000000000002,33.63,14.33,19.07,33.4,24.35,19.15,517.0,0.254,119.0,23.02,62.0,11.99,0.7769999999999999,0.1589999999999999,29.93,12.82,18.77,31.59,26.93,19.44,168.0,0.202,40.0,23.81,4.0,2.38,0.557,0.129,22.6,11.01,18.55,29.56,29.45,18.66,244.0,0.233,51.0,20.9,24.0,9.84,0.6719999999999999,0.1189999999999999,19.25,7.79,20.22,28.01,20.24,17.11
745071,2024-06-29,2024,682928,L,650644,R,field_out,False,False,234.0,0.261,42.0,17.95,17.0,7.26,0.812,0.22199999999999998,22.67,12.3,13.22,25.52,39.29,15.22,446.0,0.274,78.0,17.49,24.0,5.38,0.786,0.19,21.76,11.82,12.69,24.5,35.86,16.63,158.0,0.278,43.0,27.22,12.0,7.59,0.821,0.20099999999999996,23.72,10.43,20.06,30.5,28.48,23.5,254.0,0.234,66.0,25.98,16.0,6.3,0.6679999999999999,0.145,20.86,9.62,20.09,29.72,28.72,18.28
745071,2024-06-29,2024,657041,R,650644,R,field_out,False,False,163.0,0.204,41.0,25.15,13.0,7.98,0.631,0.163,21.79,8.89,22.06,30.95,19.61,21.69,490.0,0.242,143.0,29.18,23.0,4.69,0.719,0.185,26.09,11.34,20.58,31.92,28.6,24.48,195.0,0.261,39.0,20.0,11.0,5.64,0.742,0.172,23.01,10.61,18.1,28.71,29.2,18.06,250.0,0.237,50.0,20.0,17.0,6.8,0.643,0.1089999999999999,24.67,11.79,17.37,29.16,32.23,16.89
745071,2024-06-29,2024,608385,L,650644,R,field_out,False,False,215.0,0.267,45.0,20.93,31.0,14.42,0.833,0.176,21.3,8.98,16.76,25.74,17.61,15.2,184.0,0.2,46.0,25.0,24.0,13.04,0.5660000000000001,0.0449999999999999,25.91,11.04,17.01,28.05,20.4,17.9,158.0,0.278,43.0,27.22,12.0,7.59,0.821,0.20099999999999996,23.72,10.43,20.06,30.5,28.48,23.5,254.0,0.234,66.0,25.98,16.0,6.3,0.6679999999999999,0.145,20.86,9.62,20.09,29.72,28.72,18.28
745071,2024-06-29,2024,680700,L,663623,R,walk,False,True,213.0,0.233,46.0,21.6,25.0,11.74,0.668,0.1,27.07,13.06,13.78,26.84,26.57,18.7,82.0,0.216,10.0,12.2,6.0,7.32,0.7390000000000001,0.243,15.71,6.75,18.4,25.15,18.99,10.75,200.0,0.261,41.0,20.5,16.0,8.0,0.771,0.183,23.62,11.58,15.39,26.97,25.07,16.08,286.0,0.274,48.0,16.78,30.0,10.49,0.853,0.2219999999999999,16.95,7.84,17.16,25.0,24.68,13.01
745071,2024-06-29,2024,642350,R,663623,R,strikeout_double_play,True,False,184.0,0.212,66.0,35.87,15.0,8.15,0.6859999999999999,0.17600000000000002,36.87,17.22,19.7,36.91,32.15,26.94,271.0,0.23,93.0,34.32,16.0,5.9,0.801,0.29,39.19,20.65,15.06,35.71,37.69,31.08,168.0,0.202,40.0,23.81,4.0,2.38,0.557,0.129,22.6,11.01,18.55,29.56,29.45,18.66,244.0,0.233,51.0,20.9,24.0,9.84,0.6719999999999999,0.1189999999999999,19.25,7.79,20.22,28.01,20.24,17.11
745071,2024-06-29,2024,666163,L,663623,R,strikeout,True,False,149.0,0.282,40.0,26.85,16.0,10.74,0.774,0.12300000000000005,27.66,12.48,17.92,30.4,26.64,19.6,72.0,0.133,15.0,20.83,10.0,13.89,0.507,0.1169999999999999,25.64,10.56,17.96,28.52,20.41,17.5,200.0,0.261,41.0,20.5,16.0,8.0,0.771,0.183,23.62,11.58,15.39,26.97,25.07,16.08,286.0,0.274,48.0,16.78,30.0,10.49,0.853,0.2219999999999999,16.95,7.84,17.16,25.0,24.68,13.01
745071,2024-06-29,2024,608841,R,650644,R,field_out,False,False,203.0,0.261,35.0,17.24,14.0,6.9,0.659,0.08299999999999996,21.41,10.65,14.15,24.8,28.26,16.75,471.0,0.268,97.0,20.59,28.0,5.94,0.7030000000000001,0.12,23.85,11.18,18.94,30.12,30.48,17.38,195.0,0.261,39.0,20.0,11.0,5.64,0.742,0.172,23.01,10.61,18.1,28.71,29.2,18.06,250.0,0.237,50.0,20.0,17.0,6.8,0.643,0.1089999999999999,24.67,11.79,17.37,29.16,32.23,16.89
745071,2024-06-29,2024,671277,L,650644,R,walk,False,True,217.0,0.273,33.0,15.21,8.0,3.69,0.721,0.14799999999999996,20.71,10.76,15.49,26.25,36.13,15.28,355.0,0.268,44.0,12.39,23.0,6.48,0.6950000000000001,0.1129999999999999,17.54,8.86,13.52,22.38,31.84,12.54,158.0,0.278,43.0,27.22,12.0,7.59,0.821,0.20099999999999996,23.72,10.43,20.06,30.5,28.48,23.5,254.0,0.234,66.0,25.98,16.0,6.3,0.6679999999999999,0.145,20.86,9.62,20.09,29.72,28.72,18.28
745071,2024-06-29,2024,623912,R,650644,R,single,False,False,115.0,0.245,23.0,20.0,3.0,2.61,0.543,0.028000000000000025,32.23,18.89,13.32,32.2,44.91,20.0,310.0,0.281,58.0,18.71,18.0,5.81,0.749,0.1389999999999999,29.58,16.59,12.26,28.85,43.77,18.01,195.0,0.261,39.0,20.0,11.0,5.64,0.742,0.172,23.01,10.61,18.1,28.71,29.2,18.06,250.0,0.237,50.0,20.0,17.0,6.8,0.643,0.1089999999999999,24.67,11.79,17.37,29.16,32.23,16.89
745071,2024-06-29,2024,660688,L,650644,R,field_out,False,False,166.0,0.199,22.0,13.25,5.0,3.01,0.53,0.09599999999999997,12.77,6.58,17.37,23.95,36.86,16.67,403.0,0.249,48.0,11.91,25.0,6.2,0.712,0.1629999999999999,14.96,7.67,15.92,23.59,36.49,14.77,158.0,0.278,43.0,27.22,12.0,7.59,0.821,0.20099999999999996,23.72,10.43,20.06,30.5,28.48,23.5,254.0,0.234,66.0,25.98,16.0,6.3,0.6679999999999999,0.145,20.86,9.62,20.09,29.72,28.72,18.28
745071,2024-06-29,2024,669222,R,687330,R,strikeout,True,False,161.0,0.214,42.0,26.09,19.0,11.8,0.6619999999999999,0.13599999999999998,27.44,12.42,18.79,31.21,23.16,24.28,205.0,0.164,51.0,24.88,18.0,8.78,0.497,0.093,25.27,12.43,15.64,28.07,26.72,23.15,90.0,0.256,25.0,27.78,4.0,4.44,0.685,0.122,22.73,9.32,26.4,35.71,27.7,25.51,172.0,0.211,29.0,16.86,5.0,2.91,0.554,0.0809999999999999,21.07,9.75,21.21,30.96,29.68,13.74
745071,2024-06-29,2024,670764,L,663623,R,strikeout,True,False,34.0,0.154,8.0,23.53,7.0,20.59,0.555,0.07700000000000001,31.03,13.74,12.21,25.95,13.24,25.81,257.0,0.179,69.0,26.85,33.0,12.84,0.588,0.121,26.28,11.1,17.87,28.97,16.97,23.15,200.0,0.261,41.0,20.5,16.0,8.0,0.771,0.183,23.62,11.58,15.39,26.97,25.07,16.08,286.0,0.274,48.0,16.78,30.0,10.49,0.853,0.2219999999999999,16.95,7.84,17.16,25.0,24.68,13.01
745071,2024-06-29,2024,650490,R,663623,R,field_out,False,False,273.0,0.265,44.0,16.12,22.0,8.06,0.716,0.121,13.03,5.86,17.66,23.51,23.93,13.62,462.0,0.322,72.0,15.58,49.0,10.61,0.881,0.1559999999999999,18.95,8.0,18.68,26.68,19.71,15.69,168.0,0.202,40.0,23.81,4.0,2.38,0.557,0.129,22.6,11.01,18.55,29.56,29.45,18.66,244.0,0.233,51.0,20.9,24.0,9.84,0.6719999999999999,0.1189999999999999,19.25,7.79,20.22,28.01,20.24,17.11
745071,2024-06-29,2024,664040,L,663623,R,walk,False,True,110.0,0.194,27.0,24.55,12.0,10.91,0.696,0.193,29.58,15.4,10.27,25.67,28.7,23.68,374.0,0.241,103.0,27.54,42.0,11.23,0.813,0.237,31.86,16.63,11.13,27.77,30.39,21.33,200.0,0.261,41.0,20.5,16.0,8.0,0.771,0.183,23.62,11.58,15.39,26.97,25.07,16.08,286.0,0.274,48.0,16.78,30.0,10.49,0.853,0.2219999999999999,16.95,7.84,17.16,25.0,24.68,13.01
745071,2024-06-29,2024,670623,R,663623,R,field_out,False,False,246.0,0.274,40.0,16.26,24.0,9.76,0.839,0.20199999999999996,16.93,7.62,18.79,26.42,28.35,9.66,438.0,0.247,82.0,18.72,43.0,9.82,0.86,0.266,18.6,8.55,16.71,25.26,28.98,14.09,168.0,0.202,40.0,23.81,4.0,2.38,0.557,0.129,22.6,11.01,18.55,29.56,29.45,18.66,244.0,0.233,51.0,20.9,24.0,9.84,0.6719999999999999,0.1189999999999999,19.25,7.79,20.22,28.01,20.24,17.11
745071,2024-06-29,2024,696285,R,542888,R,single,False,False,167.0,0.248,34.0,20.36,9.0,5.39,0.62,0.061,22.18,9.9,21.81,31.71,29.37,22.97,93.0,0.268,17.0,18.28,7.0,7.53,0.687,0.0859999999999999,21.38,9.8,20.46,30.26,30.36,15.74,102.0,0.196,28.0,27.45,8.0,7.84,0.569,0.10799999999999998,25.24,13.4,17.01,30.41,29.76,20.29,109.0,0.17,30.0,27.52,6.0,5.5,0.489,0.0799999999999999,30.59,16.11,13.7,29.81,33.17,23.08
745071,2024-06-29,2024,682928,L,542888,R,double,False,False,234.0,0.261,42.0,17.95,17.0,7.26,0.812,0.22199999999999998,22.67,12.3,13.22,25.52,39.29,15.22,446.0,0.274,78.0,17.49,24.0,5.38,0.786,0.19,21.76,11.82,12.69,24.5,35.86,16.63,53.0,0.319,11.0,20.75,6.0,11.32,0.992,0.27699999999999997,16.84,7.8,19.51,27.32,21.35,19.3,98.0,0.209,24.0,24.49,5.0,5.1,0.552,0.088,21.9,12.01,15.67,27.68,36.52,18.05
745071,2024-06-29,2024,657041,R,542888,R,single,False,False,163.0,0.204,41.0,25.15,13.0,7.98,0.631,0.163,21.79,8.89,22.06,30.95,19.61,21.69,490.0,0.242,143.0,29.18,23.0,4.69,0.719,0.185,26.09,11.34,20.58,31.92,28.6,24.48,102.0,0.196,28.0,27.45,8.0,7.84,0.569,0.10799999999999998,25.24,13.4,17.01,30.41,29.76,20.29,109.0,0.17,30.0,27.52,6.0,5.5,0.489,0.0799999999999999,30.59,16.11,13.7,29.81,33.17,23.08
745071,2024-06-29,2024,608385,L,542888,R,single,False,False,215.0,0.267,45.0,20.93,31.0,14.42,0.833,0.176,21.3,8.98,16.76,25.74,17.61,15.2,184.0,0.2,46.0,25.0,24.0,13.04,0.5660000000000001,0.0449999999999999,25.91,11.04,17.01,28.05,20.4,17.9,53.0,0.319,11.0,20.75,6.0,11.32,0.992,0.27699999999999997,16.84,7.8,19.51,27.32,21.35,19.3,98.0,0.209,24.0,24.49,5.0,5.1,0.552,0.088,21.9,12.01,15.67,27.68,36.52,18.05
745071,2024-06-29,2024,608841,R,542888,R,field_out,False,False,203.0,0.261,35.0,17.24,14.0,6.9,0.659,0.08299999999999996,21.41,10.65,14.15,24.8,28.26,16.75,471.0,0.268,97.0,20.59,28.0,5.94,0.7030000000000001,0.12,23.85,11.18,18.94,30.12,30.48,17.38,102.0,0.196,28.0,27.45,8.0,7.84,0.569,0.10799999999999998,25.24,13.4,17.01,30.41,29.76,20.29,109.0,0.17,30.0,27.52,6.0,5.5,0.489,0.0799999999999999,30.59,16.11,13.7,29.81,33.17,23.08
745071,2024-06-29,2024,671277,L,542888,R,single,False,False,217.0,0.273,33.0,15.21,8.0,3.69,0.721,0.14799999999999996,20.71,10.76,15.49,26.25,36.13,15.28,355.0,0.268,44.0,12.39,23.0,6.48,0.6950000000000001,0.1129999999999999,17.54,8.86,13.52,22.38,31.84,12.54,53.0,0.319,11.0,20.75,6.0,11.32,0.992,0.27699999999999997,16.84,7.8,19.51,27.32,21.35,19.3,98.0,0.209,24.0,24.49,5.0,5.1,0.552,0.088,21.9,12.01,15.67,27.68,36.52,18.05
745071,2024-06-29,2024,623912,R,542888,R,triple,False,False,115.0,0.245,23.0,20.0,3.0,2.61,0.543,0.028000000000000025,32.23,18.89,13.32,32.2,44.91,20.0,310.0,0.281,58.0,18.71,18.0,5.81,0.749,0.1389999999999999,29.58,16.59,12.26,28.85,43.77,18.01,102.0,0.196,28.0,27.45,8.0,7.84,0.569,0.10799999999999998,25.24,13.4,17.01,30.41,29.76,20.29,109.0,0.17,30.0,27.52,6.0,5.5,0.489,0.0799999999999999,30.59,16.11,13.7,29.81,33.17,23.08
745071,2024-06-29,2024,660688,L,542888,R,single,False,False,166.0,0.199,22.0,13.25,5.0,3.01,0.53,0.09599999999999997,12.77,6.58,17.37,23.95,36.86,16.67,403.0,0.249,48.0,11.91,25.0,6.2,0.712,0.1629999999999999,14.96,7.67,15.92,23.59,36.49,14.77,53.0,0.319,11.0,20.75,6.0,11.32,0.992,0.27699999999999997,16.84,7.8,19.51,27.32,21.35,19.3,98.0,0.209,24.0,24.49,5.0,5.1,0.552,0.088,21.9,12.01,15.67,27.68,36.52,18.05
745071,2024-06-29,2024,669222,R,670955,R,strikeout,True,False,161.0,0.214,42.0,26.09,19.0,11.8,0.6619999999999999,0.13599999999999998,27.44,12.42,18.79,31.21,23.16,24.28,205.0,0.164,51.0,24.88,18.0,8.78,0.497,0.093,25.27,12.43,15.64,28.07,26.72,23.15,13.0,0.0,5.0,38.46,2.0,15.38,0.154,0.0,34.48,18.18,10.91,29.09,33.33,22.73,5.0,0.0,1.0,20.0,1.0,20.0,0.4,0.0,41.67,19.23,7.69,26.92,18.75,12.5
745071,2024-06-29,2024,696285,R,670955,R,force_out,False,False,167.0,0.248,34.0,20.36,9.0,5.39,0.62,0.061,22.18,9.9,21.81,31.71,29.37,22.97,93.0,0.268,17.0,18.28,7.0,7.53,0.687,0.0859999999999999,21.38,9.8,20.46,30.26,30.36,15.74,13.0,0.0,5.0,38.46,2.0,15.38,0.154,0.0,34.48,18.18,10.91,29.09,33.33,22.73,5.0,0.0,1.0,20.0,1.0,20.0,0.4,0.0,41.67,19.23,7.69,26.92,18.75,12.5
745071,2024-06-29,2024,666139,L,571882,R,strikeout,True,False,108.0,0.242,28.0,25.93,11.0,10.19,0.771,0.21100000000000002,25.42,12.95,12.95,25.9,30.13,17.07,435.0,0.3,104.0,23.91,27.0,6.21,0.8540000000000001,0.211,29.41,15.52,12.38,27.9,34.65,18.39,76.0,0.221,23.0,30.26,8.0,10.53,0.627,0.10300000000000001,31.13,14.6,15.22,29.81,34.41,22.55,113.0,0.245,21.0,18.58,14.0,12.39,0.712,0.122,22.33,9.87,16.31,26.18,24.79,14.19
745071,2024-06-29,2024,668227,R,571882,R,single,False,False,243.0,0.195,68.0,27.98,23.0,9.47,0.631,0.14300000000000002,33.63,14.33,19.07,33.4,24.35,19.15,517.0,0.254,119.0,23.02,62.0,11.99,0.7769999999999999,0.1589999999999999,29.93,12.82,18.77,31.59,26.93,19.44,124.0,0.277,20.0,16.13,5.0,4.03,0.712,0.13399999999999995,24.32,12.8,13.98,26.78,36.23,17.86,128.0,0.234,24.0,18.75,12.0,9.38,0.6799999999999999,0.1259999999999999,31.08,15.73,12.1,27.82,32.58,15.38
745071,2024-06-29,2024,680700,L,571882,R,strikeout,True,False,213.0,0.233,46.0,21.6,25.0,11.74,0.668,0.1,27.07,13.06,13.78,26.84,26.57,18.7,82.0,0.216,10.0,12.2,6.0,7.32,0.7390000000000001,0.243,15.71,6.75,18.4,25.15,18.99,10.75,76.0,0.221,23.0,30.26,8.0,10.53,0.627,0.10300000000000001,31.13,14.6,15.22,29.81,34.41,22.55,113.0,0.245,21.0,18.58,14.0,12.39,0.712,0.122,22.33,9.87,16.31,26.18,24.79,14.19
745071,2024-06-29,2024,642350,R,571882,R,strikeout,True,False,184.0,0.212,66.0,35.87,15.0,8.15,0.6859999999999999,0.17600000000000002,36.87,17.22,19.7,36.91,32.15,26.94,271.0,0.23,93.0,34.32,16.0,5.9,0.801,0.29,39.19,20.65,15.06,35.71,37.69,31.08,124.0,0.277,20.0,16.13,5.0,4.03,0.712,0.13399999999999995,24.32,12.8,13.98,26.78,36.23,17.86,128.0,0.234,24.0,18.75,12.0,9.38,0.6799999999999999,0.1259999999999999,31.08,15.73,12.1,27.82,32.58,15.38
745071,2024-06-29,2024,683083,L,670955,R,field_out,False,False,4.0,0.0,1.0,25.0,1.0,25.0,0.25,0.0,11.11,5.88,5.88,11.76,14.29,16.67,,,,,,,,,,,,,,,9.0,0.222,2.0,22.22,0.0,0.0,0.666,0.222,35.29,21.43,25.0,46.43,50.0,28.57,7.0,0.0,2.0,28.57,1.0,14.29,0.167,0.0,50.0,24.0,12.0,36.0,23.08,20.0
745071,2024-06-29,2024,657041,R,670955,R,field_out,False,False,163.0,0.204,41.0,25.15,13.0,7.98,0.631,0.163,21.79,8.89,22.06,30.95,19.61,21.69,490.0,0.242,143.0,29.18,23.0,4.69,0.719,0.185,26.09,11.34,20.58,31.92,28.6,24.48,13.0,0.0,5.0,38.46,2.0,15.38,0.154,0.0,34.48,18.18,10.91,29.09,33.33,22.73,5.0,0.0,1.0,20.0,1.0,20.0,0.4,0.0,41.67,19.23,7.69,26.92,18.75,12.5
745071,2024-06-29,2024,608385,L,670955,R,field_out,False,False,215.0,0.267,45.0,20.93,31.0,14.42,0.833,0.176,21.3,8.98,16.76,25.74,17.61,15.2,184.0,0.2,46.0,25.0,24.0,13.04,0.5660000000000001,0.0449999999999999,25.91,11.04,17.01,28.05,20.4,17.9,9.0,0.222,2.0,22.22,0.0,0.0,0.666,0.222,35.29,21.43,25.0,46.43,50.0,28.57,7.0,0.0,2.0,28.57,1.0,14.29,0.167,0.0,50.0,24.0,12.0,36.0,23.08,20.0
745071,2024-06-29,2024,666163,L,640451,R,field_out,False,False,149.0,0.282,40.0,26.85,16.0,10.74,0.774,0.12300000000000005,27.66,12.48,17.92,30.4,26.64,19.6,72.0,0.133,15.0,20.83,10.0,13.89,0.507,0.1169999999999999,25.64,10.56,17.96,28.52,20.41,17.5,84.0,0.273,21.0,25.0,5.0,5.95,0.728,0.13,25.0,13.35,14.84,28.19,39.49,18.75,105.0,0.245,24.0,22.86,5.0,4.76,0.664,0.143,24.4,12.75,15.75,28.5,34.62,19.83
745071,2024-06-29,2024,670764,L,640451,R,strikeout,True,False,34.0,0.154,8.0,23.53,7.0,20.59,0.555,0.07700000000000001,31.03,13.74,12.21,25.95,13.24,25.81,257.0,0.179,69.0,26.85,33.0,12.84,0.588,0.121,26.28,11.1,17.87,28.97,16.97,23.15,84.0,0.273,21.0,25.0,5.0,5.95,0.728,0.13,25.0,13.35,14.84,28.19,39.49,18.75,105.0,0.245,24.0,22.86,5.0,4.76,0.664,0.143,24.4,12.75,15.75,28.5,34.62,19.83
745071,2024-06-29,2024,650490,R,640451,R,field_out,False,False,273.0,0.265,44.0,16.12,22.0,8.06,0.716,0.121,13.03,5.86,17.66,23.51,23.93,13.62,462.0,0.322,72.0,15.58,49.0,10.61,0.881,0.1559999999999999,18.95,8.0,18.68,26.68,19.71,15.69,77.0,0.203,23.0,29.87,7.0,9.09,0.6479999999999999,0.15899999999999997,31.98,16.67,14.85,31.52,24.31,18.64,130.0,0.168,43.0,33.08,8.0,6.15,0.517,0.1179999999999999,27.76,13.76,16.05,29.81,27.61,22.75
745071,2024-06-29,2024,608841,R,670955,R,field_out,False,False,203.0,0.261,35.0,17.24,14.0,6.9,0.659,0.08299999999999996,21.41,10.65,14.15,24.8,28.26,16.75,471.0,0.268,97.0,20.59,28.0,5.94,0.7030000000000001,0.12,23.85,11.18,18.94,30.12,30.48,17.38,13.0,0.0,5.0,38.46,2.0,15.38,0.154,0.0,34.48,18.18,10.91,29.09,33.33,22.73,5.0,0.0,1.0,20.0,1.0,20.0,0.4,0.0,41.67,19.23,7.69,26.92,18.75,12.5
745071,2024-06-29,2024,671277,L,670955,R,field_out,False,False,217.0,0.273,33.0,15.21,8.0,3.69,0.721,0.14799999999999996,20.71,10.76,15.49,26.25,36.13,15.28,355.0,0.268,44.0,12.39,23.0,6.48,0.6950000000000001,0.1129999999999999,17.54,8.86,13.52,22.38,31.84,12.54,9.0,0.222,2.0,22.22,0.0,0.0,0.666,0.222,35.29,21.43,25.0,46.43,50.0,28.57,7.0,0.0,2.0,28.57,1.0,14.29,0.167,0.0,50.0,24.0,12.0,36.0,23.08,20.0
745071,2024-06-29,2024,623912,R,670955,R,field_out,False,False,115.0,0.245,23.0,20.0,3.0,2.61,0.543,0.028000000000000025,32.23,18.89,13.32,32.2,44.91,20.0,310.0,0.281,58.0,18.71,18.0,5.81,0.749,0.1389999999999999,29.58,16.59,12.26,28.85,43.77,18.01,13.0,0.0,5.0,38.46,2.0,15.38,0.154,0.0,34.48,18.18,10.91,29.09,33.33,22.73,5.0,0.0,1.0,20.0,1.0,20.0,0.4,0.0,41.67,19.23,7.69,26.92,18.75,12.5
745071,2024-06-29,2024,664040,L,640448,R,strikeout,True,False,110.0,0.194,27.0,24.55,12.0,10.91,0.696,0.193,29.58,15.4,10.27,25.67,28.7,23.68,374.0,0.241,103.0,27.54,42.0,11.23,0.813,0.237,31.86,16.63,11.13,27.77,30.39,21.33,60.0,0.167,22.0,36.67,5.0,8.33,0.5660000000000001,0.166,30.65,15.57,17.21,32.79,35.0,23.91,131.0,0.232,27.0,20.61,17.0,12.98,0.6990000000000001,0.1339999999999999,23.4,10.42,17.23,27.65,20.92,17.09
745071,2024-06-29,2024,670623,R,640448,R,walk,False,True,246.0,0.274,40.0,16.26,24.0,9.76,0.839,0.20199999999999996,16.93,7.62,18.79,26.42,28.35,9.66,438.0,0.247,82.0,18.72,43.0,9.82,0.86,0.266,18.6,8.55,16.71,25.26,28.98,14.09,69.0,0.206,13.0,18.84,6.0,8.7,0.64,0.159,20.0,11.11,13.03,24.14,24.75,15.85,157.0,0.27,36.0,22.93,7.0,4.46,0.772,0.196,25.88,13.73,13.9,27.63,28.08,18.95
745071,2024-06-29,2024,666139,L,640448,R,strikeout,True,False,108.0,0.242,28.0,25.93,11.0,10.19,0.771,0.21100000000000002,25.42,12.95,12.95,25.9,30.13,17.07,435.0,0.3,104.0,23.91,27.0,6.21,0.8540000000000001,0.211,29.41,15.52,12.38,27.9,34.65,18.39,60.0,0.167,22.0,36.67,5.0,8.33,0.5660000000000001,0.166,30.65,15.57,17.21,32.79,35.0,23.91,131.0,0.232,27.0,20.61,17.0,12.98,0.6990000000000001,0.1339999999999999,23.4,10.42,17.23,27.65,20.92,17.09
745071,2024-06-29,2024,668227,R,640448,R,field_out,False,False,243.0,0.195,68.0,27.98,23.0,9.47,0.631,0.14300000000000002,33.63,14.33,19.07,33.4,24.35,19.15,517.0,0.254,119.0,23.02,62.0,11.99,0.7769999999999999,0.1589999999999999,29.93,12.82,18.77,31.59,26.93,19.44,69.0,0.206,13.0,18.84,6.0,8.7,0.64,0.159,20.0,11.11,13.03,24.14,24.75,15.85,157.0,0.27,36.0,22.93,7.0,4.46,0.772,0.196,25.88,13.73,13.9,27.63,28.08,18.95
745801,2024-06-29,2024,514888,R,656731,R,field_out,False,False,260.0,0.288,51.0,19.62,15.0,5.77,0.793,0.17300000000000004,21.22,11.01,16.25,27.26,38.78,20.08,297.0,0.322,55.0,18.52,32.0,10.77,0.941,0.218,19.43,8.47,19.0,27.48,31.81,17.74,65.0,0.288,20.0,30.77,5.0,7.69,0.778,0.136,32.23,14.5,18.96,33.46,26.52,23.26,281.0,0.277,44.0,15.66,27.0,9.61,0.798,0.1649999999999999,21.37,9.49,16.31,25.81,22.89,15.17
745801,2024-06-29,2024,608324,R,656731,R,field_out,False,False,229.0,0.27,39.0,17.03,20.0,8.73,0.769,0.16099999999999998,15.72,7.03,18.79,25.82,23.89,13.64,508.0,0.282,67.0,13.19,65.0,12.8,0.8500000000000001,0.186,14.53,5.58,19.65,25.23,16.96,12.88,65.0,0.288,20.0,30.77,5.0,7.69,0.778,0.136,32.23,14.5,18.96,33.46,26.52,23.26,281.0,0.277,44.0,15.66,27.0,9.61,0.798,0.1649999999999999,21.37,9.49,16.31,25.81,22.89,15.17
745801,2024-06-29,2024,670541,L,656731,R,strikeout,True,False,219.0,0.264,31.0,14.16,22.0,10.05,0.86,0.249,19.68,9.05,16.36,25.4,30.77,14.49,322.0,0.292,55.0,17.08,49.0,15.22,1.044,0.333,21.1,8.88,15.37,24.25,23.99,15.32,86.0,0.208,23.0,26.74,11.0,12.79,0.64,0.11100000000000002,25.3,12.39,11.21,23.6,24.72,25.56,287.0,0.287,61.0,21.25,31.0,10.8,0.806,0.151,25.34,11.46,14.41,25.87,24.17,18.48
745801,2024-06-29,2024,596019,R,664285,L,single,False,False,85.0,0.299,6.0,7.06,5.0,5.88,0.91,0.24600000000000005,14.77,6.92,16.98,23.9,23.57,8.22,204.0,0.281,35.0,17.16,15.0,7.35,0.916,0.2919999999999999,20.49,9.45,15.99,25.44,24.88,16.36,284.0,0.23,54.0,19.01,23.0,8.1,0.63,0.10300000000000001,25.95,11.53,17.79,29.32,27.13,20.53,666.0,0.23,155.0,23.27,43.0,6.46,0.645,0.1289999999999999,25.9,12.29,16.56,28.85,28.37,25.66
745801,2024-06-29,2024,607043,L,664285,L,field_out,False,False,88.0,0.253,20.0,22.73,3.0,3.41,0.786,0.203,29.86,13.15,19.57,32.72,31.4,22.47,236.0,0.286,48.0,20.34,14.0,5.93,0.749,0.118,24.0,10.48,21.38,31.86,21.45,15.14,44.0,0.333,9.0,20.45,3.0,6.82,0.8959999999999999,0.15399999999999997,18.75,7.64,20.38,28.03,20.25,22.5,142.0,0.22,45.0,31.69,14.0,9.86,0.7070000000000001,0.178,30.62,13.86,16.14,30.0,31.17,27.44
745801,2024-06-29,2024,502110,R,664285,L,strikeout,True,False,64.0,0.34,12.0,18.75,9.0,14.06,1.057,0.26399999999999996,24.24,11.47,12.54,24.01,29.63,13.19,137.0,0.274,43.0,31.39,13.0,9.49,0.924,0.3069999999999999,30.91,15.57,13.74,29.3,29.27,23.5,284.0,0.23,54.0,19.01,23.0,8.1,0.63,0.10300000000000001,25.95,11.53,17.79,29.32,27.13,20.53,666.0,0.23,155.0,23.27,43.0,6.46,0.645,0.1289999999999999,25.9,12.29,16.56,28.85,28.37,25.66
745801,2024-06-29,2024,624413,R,664285,L,walk,False,True,86.0,0.224,19.0,22.09,7.0,8.14,0.827,0.28900000000000003,20.37,9.32,16.1,25.42,27.78,17.59,183.0,0.224,42.0,22.95,21.0,11.48,0.859,0.302,25.52,11.15,17.51,28.66,27.34,16.87,284.0,0.23,54.0,19.01,23.0,8.1,0.63,0.10300000000000001,25.95,11.53,17.79,29.32,27.13,20.53,666.0,0.23,155.0,23.27,43.0,6.46,0.645,0.1289999999999999,25.9,12.29,16.56,28.85,28.37,25.66
745801,2024-06-29,2024,682626,R,664285,L,field_out,False,False,31.0,0.296,6.0,19.35,4.0,12.9,0.9430000000000001,0.26000000000000006,18.37,7.5,17.5,25.0,23.81,18.75,148.0,0.171,37.0,25.0,17.0,11.49,0.611,0.17,31.2,13.76,14.26,28.03,23.72,22.7,284.0,0.23,54.0,19.01,23.0,8.1,0.63,0.10300000000000001,25.95,11.53,17.79,29.32,27.13,20.53,666.0,0.23,155.0,23.27,43.0,6.46,0.645,0.1289999999999999,25.9,12.29,16.56,28.85,28.37,25.66
745801,2024-06-29,2024,673237,R,656731,R,field_out,False,False,199.0,0.278,27.0,13.57,7.0,3.52,0.726,0.14999999999999997,20.16,11.54,10.65,22.19,42.09,14.92,274.0,0.307,47.0,17.15,7.0,2.55,0.931,0.292,24.58,14.19,11.31,25.51,43.08,17.42,65.0,0.288,20.0,30.77,5.0,7.69,0.778,0.136,32.23,14.5,18.96,33.46,26.52,23.26,281.0,0.277,44.0,15.66,27.0,9.61,0.798,0.1649999999999999,21.37,9.49,16.31,25.81,22.89,15.17
745801,2024-06-29,2024,676694,R,656731,R,home_run,False,False,160.0,0.26,39.0,24.38,10.0,6.25,0.734,0.15799999999999997,32.7,15.72,16.09,31.81,31.69,25.49,263.0,0.218,69.0,26.24,18.0,6.84,0.6459999999999999,0.146,25.89,12.2,16.27,28.47,24.49,21.12,65.0,0.288,20.0,30.77,5.0,7.69,0.778,0.136,32.23,14.5,18.96,33.46,26.52,23.26,281.0,0.277,44.0,15.66,27.0,9.61,0.798,0.1649999999999999,21.37,9.49,16.31,25.81,22.89,15.17
745801,2024-06-29,2024,665161,R,656731,R,strikeout,True,False,234.0,0.274,45.0,19.23,13.0,5.56,0.6739999999999999,0.07499999999999996,25.34,12.97,15.54,28.5,35.68,16.92,461.0,0.239,107.0,23.21,34.0,7.38,0.655,0.1089999999999999,30.36,15.5,13.92,29.42,35.52,20.7,65.0,0.288,20.0,30.77,5.0,7.69,0.778,0.136,32.23,14.5,18.96,33.46,26.52,23.26,281.0,0.277,44.0,15.66,27.0,9.61,0.798,0.1649999999999999,21.37,9.49,16.31,25.81,22.89,15.17
745801,2024-06-29,2024,572138,L,656731,R,field_out,False,False,155.0,0.235,36.0,23.23,21.0,13.55,0.679,0.10600000000000004,27.53,11.2,18.45,29.65,21.47,21.69,79.0,0.13,19.0,24.05,9.0,11.39,0.402,0.0439999999999999,22.79,9.69,16.56,26.25,24.43,21.11,86.0,0.208,23.0,26.74,11.0,12.79,0.64,0.11100000000000002,25.3,12.39,11.21,23.6,24.72,25.56,287.0,0.287,61.0,21.25,31.0,10.8,0.806,0.151,25.34,11.46,14.41,25.87,24.17,18.48
745801,2024-06-29,2024,621438,R,664285,L,walk,False,True,54.0,0.208,12.0,22.22,1.0,1.85,0.486,0.05600000000000002,24.49,12.37,17.53,29.9,34.65,25.0,81.0,0.241,18.0,22.22,2.0,2.47,0.7270000000000001,0.227,24.34,12.94,16.43,29.37,33.06,22.22,284.0,0.23,54.0,19.01,23.0,8.1,0.63,0.10300000000000001,25.95,11.53,17.79,29.32,27.13,20.53,666.0,0.23,155.0,23.27,43.0,6.46,0.645,0.1289999999999999,25.9,12.29,16.56,28.85,28.37,25.66
745801,2024-06-29,2024,668901,R,664285,L,fielders_choice,False,False,55.0,0.34,10.0,18.18,5.0,9.09,1.02,0.27999999999999997,26.42,14.66,10.47,25.13,32.35,22.22,88.0,0.214,30.0,34.09,2.0,2.27,0.584,0.1309999999999999,40.66,21.26,14.94,36.21,36.02,26.79,284.0,0.23,54.0,19.01,23.0,8.1,0.63,0.10300000000000001,25.95,11.53,17.79,29.32,27.13,20.53,666.0,0.23,155.0,23.27,43.0,6.46,0.645,0.1289999999999999,25.9,12.29,16.56,28.85,28.37,25.66
745801,2024-06-29,2024,578428,R,664285,L,fielders_choice,False,False,24.0,0.455,4.0,16.67,1.0,4.17,1.045,0.09000000000000002,24.39,12.66,15.19,27.85,37.14,21.05,,,,,,,,,,,,,,,284.0,0.23,54.0,19.01,23.0,8.1,0.63,0.10300000000000001,25.95,11.53,17.79,29.32,27.13,20.53,666.0,0.23,155.0,23.27,43.0,6.46,0.645,0.1289999999999999,25.9,12.29,16.56,28.85,28.37,25.66
745801,2024-06-29,2024,664056,R,664285,L,single,False,False,82.0,0.203,14.0,17.07,6.0,7.32,0.5940000000000001,0.135,22.52,10.93,17.68,28.62,37.93,17.07,97.0,0.299,14.0,14.43,8.0,8.25,0.936,0.2759999999999999,23.49,10.71,18.68,29.4,31.94,16.67,284.0,0.23,54.0,19.01,23.0,8.1,0.63,0.10300000000000001,25.95,11.53,17.79,29.32,27.13,20.53,666.0,0.23,155.0,23.27,43.0,6.46,0.645,0.1289999999999999,25.9,12.29,16.56,28.85,28.37,25.66
745801,2024-06-29,2024,596019,R,664285,L,strikeout,True,False,85.0,0.299,6.0,7.06,5.0,5.88,0.91,0.24600000000000005,14.77,6.92,16.98,23.9,23.57,8.22,204.0,0.281,35.0,17.16,15.0,7.35,0.916,0.2919999999999999,20.49,9.45,15.99,25.44,24.88,16.36,284.0,0.23,54.0,19.01,23.0,8.1,0.63,0.10300000000000001,25.95,11.53,17.79,29.32,27.13,20.53,666.0,0.23,155.0,23.27,43.0,6.46,0.645,0.1289999999999999,25.9,12.29,16.56,28.85,28.37,25.66
745801,2024-06-29,2024,607043,L,664285,L,double,False,False,88.0,0.253,20.0,22.73,3.0,3.41,0.786,0.203,29.86,13.15,19.57,32.72,31.4,22.47,236.0,0.286,48.0,20.34,14.0,5.93,0.749,0.118,24.0,10.48,21.38,31.86,21.45,15.14,44.0,0.333,9.0,20.45,3.0,6.82,0.8959999999999999,0.15399999999999997,18.75,7.64,20.38,28.03,20.25,22.5,142.0,0.22,45.0,31.69,14.0,9.86,0.7070000000000001,0.178,30.62,13.86,16.14,30.0,31.17,27.44
745801,2024-06-29,2024,502110,R,664285,L,strikeout,True,False,64.0,0.34,12.0,18.75,9.0,14.06,1.057,0.26399999999999996,24.24,11.47,12.54,24.01,29.63,13.19,137.0,0.274,43.0,31.39,13.0,9.49,0.924,0.3069999999999999,30.91,15.57,13.74,29.3,29.27,23.5,284.0,0.23,54.0,19.01,23.0,8.1,0.63,0.10300000000000001,25.95,11.53,17.79,29.32,27.13,20.53,666.0,0.23,155.0,23.27,43.0,6.46,0.645,0.1289999999999999,25.9,12.29,16.56,28.85,28.37,25.66
745801,2024-06-29,2024,624413,R,664285,L,single,False,False,86.0,0.224,19.0,22.09,7.0,8.14,0.827,0.28900000000000003,20.37,9.32,16.1,25.42,27.78,17.59,183.0,0.224,42.0,22.95,21.0,11.48,0.859,0.302,25.52,11.15,17.51,28.66,27.34,16.87,284.0,0.23,54.0,19.01,23.0,8.1,0.63,0.10300000000000001,25.95,11.53,17.79,29.32,27.13,20.53,666.0,0.23,155.0,23.27,43.0,6.46,0.645,0.1289999999999999,25.9,12.29,16.56,28.85,28.37,25.66
745801,2024-06-29,2024,682626,R,664285,L,field_out,False,False,31.0,0.296,6.0,19.35,4.0,12.9,0.9430000000000001,0.26000000000000006,18.37,7.5,17.5,25.0,23.81,18.75,148.0,0.171,37.0,25.0,17.0,11.49,0.611,0.17,31.2,13.76,14.26,28.03,23.72,22.7,284.0,0.23,54.0,19.01,23.0,8.1,0.63,0.10300000000000001,25.95,11.53,17.79,29.32,27.13,20.53,666.0,0.23,155.0,23.27,43.0,6.46,0.645,0.1289999999999999,25.9,12.29,16.56,28.85,28.37,25.66
745801,2024-06-29,2024,643289,R,656731,R,single,False,False,146.0,0.285,11.0,7.53,5.0,3.42,0.69,0.09500000000000003,17.47,10.4,11.73,22.12,41.39,9.17,375.0,0.263,58.0,15.47,13.0,3.47,0.6779999999999999,0.124,19.01,10.95,13.18,24.13,40.64,15.68,65.0,0.288,20.0,30.77,5.0,7.69,0.778,0.136,32.23,14.5,18.96,33.46,26.52,23.26,281.0,0.277,44.0,15.66,27.0,9.61,0.798,0.1649999999999999,21.37,9.49,16.31,25.81,22.89,15.17
745801,2024-06-29,2024,663967,L,656731,R,field_out,False,False,8.0,0.5,0.0,0.0,0.0,0.0,1.262,0.33299999999999996,6.67,4.35,13.04,17.39,50.0,0.0,16.0,0.133,6.0,37.5,1.0,6.25,0.321,0.0,32.5,18.06,12.5,30.56,30.77,23.08,86.0,0.208,23.0,26.74,11.0,12.79,0.64,0.11100000000000002,25.3,12.39,11.21,23.6,24.72,25.56,287.0,0.287,61.0,21.25,31.0,10.8,0.806,0.151,25.34,11.46,14.41,25.87,24.17,18.48
745801,2024-06-29,2024,514888,R,656731,R,strikeout,True,False,260.0,0.288,51.0,19.62,15.0,5.77,0.793,0.17300000000000004,21.22,11.01,16.25,27.26,38.78,20.08,297.0,0.322,55.0,18.52,32.0,10.77,0.941,0.218,19.43,8.47,19.0,27.48,31.81,17.74,65.0,0.288,20.0,30.77,5.0,7.69,0.778,0.136,32.23,14.5,18.96,33.46,26.52,23.26,281.0,0.277,44.0,15.66,27.0,9.61,0.798,0.1649999999999999,21.37,9.49,16.31,25.81,22.89,15.17
745801,2024-06-29,2024,608324,R,656731,R,field_out,False,False,229.0,0.27,39.0,17.03,20.0,8.73,0.769,0.16099999999999998,15.72,7.03,18.79,25.82,23.89,13.64,508.0,0.282,67.0,13.19,65.0,12.8,0.8500000000000001,0.186,14.53,5.58,19.65,25.23,16.96,12.88,65.0,0.288,20.0,30.77,5.0,7.69,0.778,0.136,32.23,14.5,18.96,33.46,26.52,23.26,281.0,0.277,44.0,15.66,27.0,9.61,0.798,0.1649999999999999,21.37,9.49,16.31,25.81,22.89,15.17
745801,2024-06-29,2024,621438,R,664285,L,field_out,False,False,54.0,0.208,12.0,22.22,1.0,1.85,0.486,0.05600000000000002,24.49,12.37,17.53,29.9,34.65,25.0,81.0,0.241,18.0,22.22,2.0,2.47,0.7270000000000001,0.227,24.34,12.94,16.43,29.37,33.06,22.22,284.0,0.23,54.0,19.01,23.0,8.1,0.63,0.10300000000000001,25.95,11.53,17.79,29.32,27.13,20.53,666.0,0.23,155.0,23.27,43.0,6.46,0.645,0.1289999999999999,25.9,12.29,16.56,28.85,28.37,25.66
745801,2024-06-29,2024,668901,R,664285,L,home_run,False,False,55.0,0.34,10.0,18.18,5.0,9.09,1.02,0.27999999999999997,26.42,14.66,10.47,25.13,32.35,22.22,88.0,0.214,30.0,34.09,2.0,2.27,0.584,0.1309999999999999,40.66,21.26,14.94,36.21,36.02,26.79,284.0,0.23,54.0,19.01,23.0,8.1,0.63,0.10300000000000001,25.95,11.53,17.79,29.32,27.13,20.53,666.0,0.23,155.0,23.27,43.0,6.46,0.645,0.1289999999999999,25.9,12.29,16.56,28.85,28.37,25.66
745801,2024-06-29,2024,578428,R,664285,L,double,False,False,24.0,0.455,4.0,16.67,1.0,4.17,1.045,0.09000000000000002,24.39,12.66,15.19,27.85,37.14,21.05,,,,,,,,,,,,,,,284.0,0.23,54.0,19.01,23.0,8.1,0.63,0.10300000000000001,25.95,11.53,17.79,29.32,27.13,20.53,666.0,0.23,155.0,23.27,43.0,6.46,0.645,0.1289999999999999,25.9,12.29,16.56,28.85,28.37,25.66
745801,2024-06-29,2024,664056,R,664285,L,strikeout,True,False,82.0,0.203,14.0,17.07,6.0,7.32,0.5940000000000001,0.135,22.52,10.93,17.68,28.62,37.93,17.07,97.0,0.299,14.0,14.43,8.0,8.25,0.936,0.2759999999999999,23.49,10.71,18.68,29.4,31.94,16.67,284.0,0.23,54.0,19.01,23.0,8.1,0.63,0.10300000000000001,25.95,11.53,17.79,29.32,27.13,20.53,666.0,0.23,155.0,23.27,43.0,6.46,0.645,0.1289999999999999,25.9,12.29,16.56,28.85,28.37,25.66
745801,2024-06-29,2024,596019,R,664285,L,field_out,False,False,85.0,0.299,6.0,7.06,5.0,5.88,0.91,0.24600000000000005,14.77,6.92,16.98,23.9,23.57,8.22,204.0,0.281,35.0,17.16,15.0,7.35,0.916,0.2919999999999999,20.49,9.45,15.99,25.44,24.88,16.36,284.0,0.23,54.0,19.01,23.0,8.1,0.63,0.10300000000000001,25.95,11.53,17.79,29.32,27.13,20.53,666.0,0.23,155.0,23.27,43.0,6.46,0.645,0.1289999999999999,25.9,12.29,16.56,28.85,28.37,25.66
745801,2024-06-29,2024,670541,L,656731,R,single,False,False,219.0,0.264,31.0,14.16,22.0,10.05,0.86,0.249,19.68,9.05,16.36,25.4,30.77,14.49,322.0,0.292,55.0,17.08,49.0,15.22,1.044,0.333,21.1,8.88,15.37,24.25,23.99,15.32,86.0,0.208,23.0,26.74,11.0,12.79,0.64,0.11100000000000002,25.3,12.39,11.21,23.6,24.72,25.56,287.0,0.287,61.0,21.25,31.0,10.8,0.806,0.151,25.34,11.46,14.41,25.87,24.17,18.48
745801,2024-06-29,2024,673237,R,656731,R,field_out,False,False,199.0,0.278,27.0,13.57,7.0,3.52,0.726,0.14999999999999997,20.16,11.54,10.65,22.19,42.09,14.92,274.0,0.307,47.0,17.15,7.0,2.55,0.931,0.292,24.58,14.19,11.31,25.51,43.08,17.42,65.0,0.288,20.0,30.77,5.0,7.69,0.778,0.136,32.23,14.5,18.96,33.46,26.52,23.26,281.0,0.277,44.0,15.66,27.0,9.61,0.798,0.1649999999999999,21.37,9.49,16.31,25.81,22.89,15.17
745801,2024-06-29,2024,676694,R,656731,R,hit_by_pitch,False,False,160.0,0.26,39.0,24.38,10.0,6.25,0.734,0.15799999999999997,32.7,15.72,16.09,31.81,31.69,25.49,263.0,0.218,69.0,26.24,18.0,6.84,0.6459999999999999,0.146,25.89,12.2,16.27,28.47,24.49,21.12,65.0,0.288,20.0,30.77,5.0,7.69,0.778,0.136,32.23,14.5,18.96,33.46,26.52,23.26,281.0,0.277,44.0,15.66,27.0,9.61,0.798,0.1649999999999999,21.37,9.49,16.31,25.81,22.89,15.17
745801,2024-06-29,2024,665161,R,656731,R,double,False,False,234.0,0.274,45.0,19.23,13.0,5.56,0.6739999999999999,0.07499999999999996,25.34,12.97,15.54,28.5,35.68,16.92,461.0,0.239,107.0,23.21,34.0,7.38,0.655,0.1089999999999999,30.36,15.5,13.92,29.42,35.52,20.7,65.0,0.288,20.0,30.77,5.0,7.69,0.778,0.136,32.23,14.5,18.96,33.46,26.52,23.26,281.0,0.277,44.0,15.66,27.0,9.61,0.798,0.1649999999999999,21.37,9.49,16.31,25.81,22.89,15.17
745801,2024-06-29,2024,572138,L,656731,R,single,False,False,155.0,0.235,36.0,23.23,21.0,13.55,0.679,0.10600000000000004,27.53,11.2,18.45,29.65,21.47,21.69,79.0,0.13,19.0,24.05,9.0,11.39,0.402,0.0439999999999999,22.79,9.69,16.56,26.25,24.43,21.11,86.0,0.208,23.0,26.74,11.0,12.79,0.64,0.11100000000000002,25.3,12.39,11.21,23.6,24.72,25.56,287.0,0.287,61.0,21.25,31.0,10.8,0.806,0.151,25.34,11.46,14.41,25.87,24.17,18.48
745801,2024-06-29,2024,643289,R,656731,R,field_out,False,False,146.0,0.285,11.0,7.53,5.0,3.42,0.69,0.09500000000000003,17.47,10.4,11.73,22.12,41.39,9.17,375.0,0.263,58.0,15.47,13.0,3.47,0.6779999999999999,0.124,19.01,10.95,13.18,24.13,40.64,15.68,65.0,0.288,20.0,30.77,5.0,7.69,0.778,0.136,32.23,14.5,18.96,33.46,26.52,23.26,281.0,0.277,44.0,15.66,27.0,9.61,0.798,0.1649999999999999,21.37,9.49,16.31,25.81,22.89,15.17
745801,2024-06-29,2024,663967,L,656731,R,strikeout,True,False,8.0,0.5,0.0,0.0,0.0,0.0,1.262,0.33299999999999996,6.67,4.35,13.04,17.39,50.0,0.0,16.0,0.133,6.0,37.5,1.0,6.25,0.321,0.0,32.5,18.06,12.5,30.56,30.77,23.08,86.0,0.208,23.0,26.74,11.0,12.79,0.64,0.11100000000000002,25.3,12.39,11.21,23.6,24.72,25.56,287.0,0.287,61.0,21.25,31.0,10.8,0.806,0.151,25.34,11.46,14.41,25.87,24.17,18.48
745801,2024-06-29,2024,607043,L,664285,L,field_out,False,False,88.0,0.253,20.0,22.73,3.0,3.41,0.786,0.203,29.86,13.15,19.57,32.72,31.4,22.47,236.0,0.286,48.0,20.34,14.0,5.93,0.749,0.118,24.0,10.48,21.38,31.86,21.45,15.14,44.0,0.333,9.0,20.45,3.0,6.82,0.8959999999999999,0.15399999999999997,18.75,7.64,20.38,28.03,20.25,22.5,142.0,0.22,45.0,31.69,14.0,9.86,0.7070000000000001,0.178,30.62,13.86,16.14,30.0,31.17,27.44
745801,2024-06-29,2024,502110,R,664285,L,walk,False,True,64.0,0.34,12.0,18.75,9.0,14.06,1.057,0.26399999999999996,24.24,11.47,12.54,24.01,29.63,13.19,137.0,0.274,43.0,31.39,13.0,9.49,0.924,0.3069999999999999,30.91,15.57,13.74,29.3,29.27,23.5,284.0,0.23,54.0,19.01,23.0,8.1,0.63,0.10300000000000001,25.95,11.53,17.79,29.32,27.13,20.53,666.0,0.23,155.0,23.27,43.0,6.46,0.645,0.1289999999999999,25.9,12.29,16.56,28.85,28.37,25.66
745801,2024-06-29,2024,624413,R,664285,L,single,False,False,86.0,0.224,19.0,22.09,7.0,8.14,0.827,0.28900000000000003,20.37,9.32,16.1,25.42,27.78,17.59,183.0,0.224,42.0,22.95,21.0,11.48,0.859,0.302,25.52,11.15,17.51,28.66,27.34,16.87,284.0,0.23,54.0,19.01,23.0,8.1,0.63,0.10300000000000001,25.95,11.53,17.79,29.32,27.13,20.53,666.0,0.23,155.0,23.27,43.0,6.46,0.645,0.1289999999999999,25.9,12.29,16.56,28.85,28.37,25.66
745801,2024-06-29,2024,682626,R,664285,L,grounded_into_double_play,False,False,31.0,0.296,6.0,19.35,4.0,12.9,0.9430000000000001,0.26000000000000006,18.37,7.5,17.5,25.0,23.81,18.75,148.0,0.171,37.0,25.0,17.0,11.49,0.611,0.17,31.2,13.76,14.26,28.03,23.72,22.7,284.0,0.23,54.0,19.01,23.0,8.1,0.63,0.10300000000000001,25.95,11.53,17.79,29.32,27.13,20.53,666.0,0.23,155.0,23.27,43.0,6.46,0.645,0.1289999999999999,25.9,12.29,16.56,28.85,28.37,25.66
745801,2024-06-29,2024,514888,R,656731,R,walk,False,True,260.0,0.288,51.0,19.62,15.0,5.77,0.793,0.17300000000000004,21.22,11.01,16.25,27.26,38.78,20.08,297.0,0.322,55.0,18.52,32.0,10.77,0.941,0.218,19.43,8.47,19.0,27.48,31.81,17.74,65.0,0.288,20.0,30.77,5.0,7.69,0.778,0.136,32.23,14.5,18.96,33.46,26.52,23.26,281.0,0.277,44.0,15.66,27.0,9.61,0.798,0.1649999999999999,21.37,9.49,16.31,25.81,22.89,15.17
745801,2024-06-29,2024,608324,R,656731,R,field_out,False,False,229.0,0.27,39.0,17.03,20.0,8.73,0.769,0.16099999999999998,15.72,7.03,18.79,25.82,23.89,13.64,508.0,0.282,67.0,13.19,65.0,12.8,0.8500000000000001,0.186,14.53,5.58,19.65,25.23,16.96,12.88,65.0,0.288,20.0,30.77,5.0,7.69,0.778,0.136,32.23,14.5,18.96,33.46,26.52,23.26,281.0,0.277,44.0,15.66,27.0,9.61,0.798,0.1649999999999999,21.37,9.49,16.31,25.81,22.89,15.17
745801,2024-06-29,2024,670541,L,656731,R,walk,False,True,219.0,0.264,31.0,14.16,22.0,10.05,0.86,0.249,19.68,9.05,16.36,25.4,30.77,14.49,322.0,0.292,55.0,17.08,49.0,15.22,1.044,0.333,21.1,8.88,15.37,24.25,23.99,15.32,86.0,0.208,23.0,26.74,11.0,12.79,0.64,0.11100000000000002,25.3,12.39,11.21,23.6,24.72,25.56,287.0,0.287,61.0,21.25,31.0,10.8,0.806,0.151,25.34,11.46,14.41,25.87,24.17,18.48
745801,2024-06-29,2024,673237,R,656731,R,strikeout,True,False,199.0,0.278,27.0,13.57,7.0,3.52,0.726,0.14999999999999997,20.16,11.54,10.65,22.19,42.09,14.92,274.0,0.307,47.0,17.15,7.0,2.55,0.931,0.292,24.58,14.19,11.31,25.51,43.08,17.42,65.0,0.288,20.0,30.77,5.0,7.69,0.778,0.136,32.23,14.5,18.96,33.46,26.52,23.26,281.0,0.277,44.0,15.66,27.0,9.61,0.798,0.1649999999999999,21.37,9.49,16.31,25.81,22.89,15.17
745801,2024-06-29,2024,676694,R,656731,R,strikeout,True,False,160.0,0.26,39.0,24.38,10.0,6.25,0.734,0.15799999999999997,32.7,15.72,16.09,31.81,31.69,25.49,263.0,0.218,69.0,26.24,18.0,6.84,0.6459999999999999,0.146,25.89,12.2,16.27,28.47,24.49,21.12,65.0,0.288,20.0,30.77,5.0,7.69,0.778,0.136,32.23,14.5,18.96,33.46,26.52,23.26,281.0,0.277,44.0,15.66,27.0,9.61,0.798,0.1649999999999999,21.37,9.49,16.31,25.81,22.89,15.17
745801,2024-06-29,2024,621438,R,664285,L,field_out,False,False,54.0,0.208,12.0,22.22,1.0,1.85,0.486,0.05600000000000002,24.49,12.37,17.53,29.9,34.65,25.0,81.0,0.241,18.0,22.22,2.0,2.47,0.7270000000000001,0.227,24.34,12.94,16.43,29.37,33.06,22.22,284.0,0.23,54.0,19.01,23.0,8.1,0.63,0.10300000000000001,25.95,11.53,17.79,29.32,27.13,20.53,666.0,0.23,155.0,23.27,43.0,6.46,0.645,0.1289999999999999,25.9,12.29,16.56,28.85,28.37,25.66
745801,2024-06-29,2024,668901,R,664285,L,strikeout,True,False,55.0,0.34,10.0,18.18,5.0,9.09,1.02,0.27999999999999997,26.42,14.66,10.47,25.13,32.35,22.22,88.0,0.214,30.0,34.09,2.0,2.27,0.584,0.1309999999999999,40.66,21.26,14.94,36.21,36.02,26.79,284.0,0.23,54.0,19.01,23.0,8.1,0.63,0.10300000000000001,25.95,11.53,17.79,29.32,27.13,20.53,666.0,0.23,155.0,23.27,43.0,6.46,0.645,0.1289999999999999,25.9,12.29,16.56,28.85,28.37,25.66
745801,2024-06-29,2024,578428,R,664285,L,double,False,False,24.0,0.455,4.0,16.67,1.0,4.17,1.045,0.09000000000000002,24.39,12.66,15.19,27.85,37.14,21.05,,,,,,,,,,,,,,,284.0,0.23,54.0,19.01,23.0,8.1,0.63,0.10300000000000001,25.95,11.53,17.79,29.32,27.13,20.53,666.0,0.23,155.0,23.27,43.0,6.46,0.645,0.1289999999999999,25.9,12.29,16.56,28.85,28.37,25.66
745801,2024-06-29,2024,664056,R,605463,R,field_out,False,False,159.0,0.304,35.0,22.01,7.0,4.4,0.7989999999999999,0.14900000000000002,25.83,12.15,20.83,32.99,35.29,22.58,248.0,0.207,45.0,18.15,9.0,3.63,0.504,0.056,25.06,12.41,16.74,29.16,37.02,20.45,78.0,0.188,23.0,29.49,8.0,10.26,0.528,0.057999999999999996,32.64,13.99,19.35,33.33,25.42,20.54,61.0,0.37,12.0,19.67,4.0,6.56,1.074,0.278,22.52,10.82,16.02,26.84,31.45,17.91
745801,2024-06-29,2024,665161,R,656731,R,field_out,False,False,234.0,0.274,45.0,19.23,13.0,5.56,0.6739999999999999,0.07499999999999996,25.34,12.97,15.54,28.5,35.68,16.92,461.0,0.239,107.0,23.21,34.0,7.38,0.655,0.1089999999999999,30.36,15.5,13.92,29.42,35.52,20.7,65.0,0.288,20.0,30.77,5.0,7.69,0.778,0.136,32.23,14.5,18.96,33.46,26.52,23.26,281.0,0.277,44.0,15.66,27.0,9.61,0.798,0.1649999999999999,21.37,9.49,16.31,25.81,22.89,15.17
745801,2024-06-29,2024,572138,L,656731,R,walk,False,True,155.0,0.235,36.0,23.23,21.0,13.55,0.679,0.10600000000000004,27.53,11.2,18.45,29.65,21.47,21.69,79.0,0.13,19.0,24.05,9.0,11.39,0.402,0.0439999999999999,22.79,9.69,16.56,26.25,24.43,21.11,86.0,0.208,23.0,26.74,11.0,12.79,0.64,0.11100000000000002,25.3,12.39,11.21,23.6,24.72,25.56,287.0,0.287,61.0,21.25,31.0,10.8,0.806,0.151,25.34,11.46,14.41,25.87,24.17,18.48
745801,2024-06-29,2024,643289,R,686654,R,field_out,False,False,146.0,0.285,11.0,7.53,5.0,3.42,0.69,0.09500000000000003,17.47,10.4,11.73,22.12,41.39,9.17,375.0,0.263,58.0,15.47,13.0,3.47,0.6779999999999999,0.124,19.01,10.95,13.18,24.13,40.64,15.68,,,,,,,,,,,,,,,32.0,0.156,8.0,25.0,0.0,0.0,0.594,0.282,27.87,16.19,16.19,32.38,38.3,26.67
745801,2024-06-29,2024,663967,L,686654,R,field_out,False,False,8.0,0.5,0.0,0.0,0.0,0.0,1.262,0.33299999999999996,6.67,4.35,13.04,17.39,50.0,0.0,16.0,0.133,6.0,37.5,1.0,6.25,0.321,0.0,32.5,18.06,12.5,30.56,30.77,23.08,,,,,,,,,,,,,,,26.0,0.231,3.0,11.54,0.0,0.0,0.6930000000000001,0.231,15.25,8.82,10.78,19.61,28.26,10.34
745801,2024-06-29,2024,596019,L,605463,R,strikeout,True,False,273.0,0.234,54.0,19.78,20.0,7.33,0.715,0.17999999999999997,22.94,11.08,15.81,26.89,26.2,17.59,483.0,0.242,102.0,21.12,51.0,10.56,0.757,0.182,23.68,11.49,14.35,25.84,28.12,17.29,81.0,0.134,14.0,17.28,10.0,12.35,0.429,0.044999999999999984,25.34,11.31,16.51,27.83,28.18,16.28,27.0,0.15,5.0,18.52,6.0,22.22,0.72,0.1999999999999999,30.23,11.3,12.17,23.48,18.33,15.62
745801,2024-06-29,2024,607043,L,605463,R,field_out,False,False,247.0,0.235,60.0,24.29,40.0,16.19,0.796,0.185,23.41,9.75,16.41,26.16,21.31,16.95,448.0,0.266,98.0,21.88,60.0,13.39,0.874,0.235,20.87,8.67,19.47,28.14,19.23,16.42,81.0,0.134,14.0,17.28,10.0,12.35,0.429,0.044999999999999984,25.34,11.31,16.51,27.83,28.18,16.28,27.0,0.15,5.0,18.52,6.0,22.22,0.72,0.1999999999999999,30.23,11.3,12.17,23.48,18.33,15.62
745801,2024-06-29,2024,502110,R,605463,R,walk,False,True,160.0,0.267,45.0,28.12,10.0,6.25,0.777,0.192,29.25,14.62,15.88,30.5,31.09,21.13,343.0,0.27,106.0,30.9,21.0,6.12,0.8799999999999999,0.2979999999999999,35.71,19.2,12.73,31.93,33.23,24.42,78.0,0.188,23.0,29.49,8.0,10.26,0.528,0.057999999999999996,32.64,13.99,19.35,33.33,25.42,20.54,61.0,0.37,12.0,19.67,4.0,6.56,1.074,0.278,22.52,10.82,16.02,26.84,31.45,17.91
745801,2024-06-29,2024,624413,R,605463,R,field_out,False,False,259.0,0.247,51.0,19.69,26.0,10.04,0.787,0.21100000000000002,22.71,9.94,19.78,29.72,28.08,17.54,475.0,0.214,109.0,22.95,44.0,9.26,0.8069999999999999,0.281,26.53,11.43,18.24,29.67,27.59,22.11,78.0,0.188,23.0,29.49,8.0,10.26,0.528,0.057999999999999996,32.64,13.99,19.35,33.33,25.42,20.54,61.0,0.37,12.0,19.67,4.0,6.56,1.074,0.278,22.52,10.82,16.02,26.84,31.45,17.91
745801,2024-06-29,2024,514888,R,686654,R,strikeout,True,False,260.0,0.288,51.0,19.62,15.0,5.77,0.793,0.17300000000000004,21.22,11.01,16.25,27.26,38.78,20.08,297.0,0.322,55.0,18.52,32.0,10.77,0.941,0.218,19.43,8.47,19.0,27.48,31.81,17.74,,,,,,,,,,,,,,,32.0,0.156,8.0,25.0,0.0,0.0,0.594,0.282,27.87,16.19,16.19,32.38,38.3,26.67
745801,2024-06-29,2024,608324,R,686654,R,field_out,False,False,229.0,0.27,39.0,17.03,20.0,8.73,0.769,0.16099999999999998,15.72,7.03,18.79,25.82,23.89,13.64,508.0,0.282,67.0,13.19,65.0,12.8,0.8500000000000001,0.186,14.53,5.58,19.65,25.23,16.96,12.88,,,,,,,,,,,,,,,32.0,0.156,8.0,25.0,0.0,0.0,0.594,0.282,27.87,16.19,16.19,32.38,38.3,26.67
745801,2024-06-29,2024,670541,L,686654,R,single,False,False,219.0,0.264,31.0,14.16,22.0,10.05,0.86,0.249,19.68,9.05,16.36,25.4,30.77,14.49,322.0,0.292,55.0,17.08,49.0,15.22,1.044,0.333,21.1,8.88,15.37,24.25,23.99,15.32,,,,,,,,,,,,,,,26.0,0.231,3.0,11.54,0.0,0.0,0.6930000000000001,0.231,15.25,8.82,10.78,19.61,28.26,10.34
745801,2024-06-29,2024,673237,R,686654,R,field_out,False,False,199.0,0.278,27.0,13.57,7.0,3.52,0.726,0.14999999999999997,20.16,11.54,10.65,22.19,42.09,14.92,274.0,0.307,47.0,17.15,7.0,2.55,0.931,0.292,24.58,14.19,11.31,25.51,43.08,17.42,,,,,,,,,,,,,,,32.0,0.156,8.0,25.0,0.0,0.0,0.594,0.282,27.87,16.19,16.19,32.38,38.3,26.67
745801,2024-06-29,2024,682626,R,661527,R,field_out,False,False,80.0,0.324,16.0,20.0,8.0,10.0,0.909,0.197,33.11,16.18,16.18,32.36,28.86,15.84,275.0,0.229,73.0,26.55,17.0,6.18,0.7769999999999999,0.257,32.18,14.61,18.33,32.94,27.78,26.07,87.0,0.167,18.0,20.69,6.0,6.9,0.5349999999999999,0.11499999999999996,26.88,12.8,17.86,30.65,31.82,17.48,113.0,0.221,34.0,30.09,3.0,2.65,0.687,0.183,25.62,12.06,18.56,30.63,28.44,23.61
745801,2024-06-29,2024,621438,R,661527,R,strikeout,True,False,108.0,0.258,22.0,20.37,6.0,5.56,0.772,0.196,19.9,9.58,19.41,28.99,29.38,18.03,162.0,0.23,37.0,22.84,6.0,3.7,0.706,0.204,25.24,12.91,16.56,29.47,36.98,19.47,87.0,0.167,18.0,20.69,6.0,6.9,0.5349999999999999,0.11499999999999996,26.88,12.8,17.86,30.65,31.82,17.48,113.0,0.221,34.0,30.09,3.0,2.65,0.687,0.183,25.62,12.06,18.56,30.63,28.44,23.61
745801,2024-06-29,2024,668901,R,661527,R,field_out,False,False,82.0,0.257,21.0,25.61,7.0,8.54,0.831,0.257,37.97,19.35,14.84,34.19,30.72,23.86,145.0,0.209,41.0,28.28,8.0,5.52,0.643,0.172,34.08,18.24,17.03,35.27,36.73,29.93,87.0,0.167,18.0,20.69,6.0,6.9,0.5349999999999999,0.11499999999999996,26.88,12.8,17.86,30.65,31.82,17.48,113.0,0.221,34.0,30.09,3.0,2.65,0.687,0.183,25.62,12.06,18.56,30.63,28.44,23.61
745801,2024-06-29,2024,676694,R,518617,L,walk,False,True,73.0,0.246,15.0,20.55,6.0,8.22,0.775,0.2,27.87,13.13,16.6,29.73,27.86,22.39,79.0,0.257,19.0,24.05,8.0,10.13,0.785,0.186,30.49,15.72,12.89,28.62,32.93,16.67,55.0,0.186,18.0,32.73,10.0,18.18,0.833,0.302,33.03,14.69,17.14,31.84,23.77,19.78,142.0,0.151,39.0,27.46,22.0,15.49,0.524,0.0839999999999999,31.09,13.93,16.61,30.54,24.91,20.31
745801,2024-06-29,2024,665161,R,518617,L,walk,False,True,93.0,0.295,9.0,9.68,2.0,2.15,0.77,0.16000000000000003,24.06,13.85,12.0,25.85,37.5,9.57,174.0,0.325,22.0,12.64,9.0,5.17,0.8340000000000001,0.141,23.71,13.93,8.22,22.15,36.96,13.17,55.0,0.186,18.0,32.73,10.0,18.18,0.833,0.302,33.03,14.69,17.14,31.84,23.77,19.78,142.0,0.151,39.0,27.46,22.0,15.49,0.524,0.0839999999999999,31.09,13.93,16.61,30.54,24.91,20.31
745801,2024-06-29,2024,676801,R,518617,L,strikeout,True,False,44.0,0.2,10.0,22.73,4.0,9.09,0.548,0.07500000000000001,25.84,13.37,12.21,25.58,29.55,20.83,138.0,0.325,35.0,25.36,13.0,9.42,1.009,0.285,31.52,15.56,12.88,28.44,29.0,20.96,55.0,0.186,18.0,32.73,10.0,18.18,0.833,0.302,33.03,14.69,17.14,31.84,23.77,19.78,142.0,0.151,39.0,27.46,22.0,15.49,0.524,0.0839999999999999,31.09,13.93,16.61,30.54,24.91,20.31
745801,2024-06-29,2024,643289,R,518617,L,field_out,False,False,64.0,0.311,5.0,7.81,2.0,3.12,0.8029999999999999,0.16399999999999998,20.0,12.68,8.45,21.13,44.34,7.94,117.0,0.327,12.0,10.26,6.0,5.13,0.859,0.1639999999999999,13.48,8.22,11.41,19.63,41.01,10.91,55.0,0.186,18.0,32.73,10.0,18.18,0.833,0.302,33.03,14.69,17.14,31.84,23.77,19.78,142.0,0.151,39.0,27.46,22.0,15.49,0.524,0.0839999999999999,31.09,13.93,16.61,30.54,24.91,20.31
745801,2024-06-29,2024,663550,L,657585,R,walk,False,True,39.0,0.289,9.0,23.08,1.0,2.56,0.755,0.15800000000000003,26.32,14.81,10.37,25.19,32.31,23.68,52.0,0.22,24.0,46.15,1.0,1.92,0.5710000000000001,0.12,50.0,32.99,6.09,39.09,46.53,37.5,75.0,0.224,29.0,38.67,8.0,10.67,0.665,0.13399999999999998,38.1,16.44,18.15,34.59,33.53,33.72,27.0,0.167,6.0,22.22,2.0,7.41,0.68,0.291,26.32,15.15,9.09,24.24,38.46,21.43
745801,2024-06-29,2024,514888,R,657585,R,walk,False,True,260.0,0.288,51.0,19.62,15.0,5.77,0.793,0.17300000000000004,21.22,11.01,16.25,27.26,38.78,20.08,297.0,0.322,55.0,18.52,32.0,10.77,0.941,0.218,19.43,8.47,19.0,27.48,31.81,17.74,90.0,0.218,29.0,32.22,9.0,10.0,0.6699999999999999,0.141,39.18,19.36,14.74,34.1,35.18,25.22,61.0,0.333,10.0,16.39,5.0,8.2,0.863,0.13,29.75,14.46,14.46,28.92,26.52,11.36
745801,2024-06-29,2024,608324,R,657585,R,single,False,False,229.0,0.27,39.0,17.03,20.0,8.73,0.769,0.16099999999999998,15.72,7.03,18.79,25.82,23.89,13.64,508.0,0.282,67.0,13.19,65.0,12.8,0.8500000000000001,0.186,14.53,5.58,19.65,25.23,16.96,12.88,90.0,0.218,29.0,32.22,9.0,10.0,0.6699999999999999,0.141,39.18,19.36,14.74,34.1,35.18,25.22,61.0,0.333,10.0,16.39,5.0,8.2,0.863,0.13,29.75,14.46,14.46,28.92,26.52,11.36
745801,2024-06-29,2024,670541,L,664849,L,field_out,False,False,119.0,0.349,21.0,17.65,9.0,7.56,0.9500000000000001,0.19800000000000006,20.2,9.93,14.04,23.97,35.02,22.34,174.0,0.295,37.0,21.26,20.0,11.49,0.892,0.212,24.91,11.27,17.53,28.79,30.5,20.79,17.0,0.286,5.0,29.41,3.0,17.65,0.698,0.0,34.48,13.89,16.67,30.56,31.71,31.25,15.0,0.308,5.0,33.33,1.0,6.67,0.785,0.077,24.0,10.17,25.42,35.59,23.08,29.41
745801,2024-06-29,2024,578428,R,519151,R,strikeout,True,False,15.0,0.286,1.0,6.67,1.0,6.67,0.619,0.0,10.71,5.77,13.46,19.23,32.0,6.67,,,,,,,,,,,,,,,65.0,0.304,14.0,21.54,6.0,9.23,0.901,0.23200000000000004,28.8,15.0,13.75,28.75,31.25,19.72,130.0,0.222,36.0,27.69,10.0,7.69,0.593,0.094,31.52,16.14,16.14,32.27,33.46,24.32
745801,2024-06-29,2024,664056,R,519151,R,field_out,False,False,159.0,0.304,35.0,22.01,7.0,4.4,0.7989999999999999,0.14900000000000002,25.83,12.15,20.83,32.99,35.29,22.58,248.0,0.207,45.0,18.15,9.0,3.63,0.504,0.056,25.06,12.41,16.74,29.16,37.02,20.45,65.0,0.304,14.0,21.54,6.0,9.23,0.901,0.23200000000000004,28.8,15.0,13.75,28.75,31.25,19.72,130.0,0.222,36.0,27.69,10.0,7.69,0.593,0.094,31.52,16.14,16.14,32.27,33.46,24.32
745801,2024-06-29,2024,596019,L,519151,R,single,False,False,273.0,0.234,54.0,19.78,20.0,7.33,0.715,0.17999999999999997,22.94,11.08,15.81,26.89,26.2,17.59,483.0,0.242,102.0,21.12,51.0,10.56,0.757,0.182,23.68,11.49,14.35,25.84,28.12,17.29,71.0,0.262,24.0,33.8,4.0,5.63,0.638,0.07600000000000001,28.24,12.37,20.07,32.44,27.21,24.24,138.0,0.217,38.0,27.54,6.0,4.35,0.649,0.178,31.54,15.68,16.63,32.31,35.45,25.0
745801,2024-06-29,2024,607043,L,519151,R,field_out,False,False,247.0,0.235,60.0,24.29,40.0,16.19,0.796,0.185,23.41,9.75,16.41,26.16,21.31,16.95,448.0,0.266,98.0,21.88,60.0,13.39,0.874,0.235,20.87,8.67,19.47,28.14,19.23,16.42,71.0,0.262,24.0,33.8,4.0,5.63,0.638,0.07600000000000001,28.24,12.37,20.07,32.44,27.21,24.24,138.0,0.217,38.0,27.54,6.0,4.35,0.649,0.178,31.54,15.68,16.63,32.31,35.45,25.0
745801,2024-06-29,2024,673237,R,664849,L,single,False,False,82.0,0.276,11.0,13.41,4.0,4.88,0.712,0.119,21.74,12.94,8.41,21.36,38.65,10.89,103.0,0.214,27.0,26.21,4.0,3.88,0.621,0.164,35.0,21.33,9.97,31.3,46.31,24.76,29.0,0.154,9.0,31.03,3.0,10.34,0.7030000000000001,0.30800000000000005,35.85,17.27,19.09,36.36,45.59,24.32,20.0,0.176,6.0,30.0,1.0,5.0,0.476,0.0,33.33,13.16,21.05,34.21,27.27,26.09
745801,2024-06-29,2024,676694,R,664849,L,single,False,False,73.0,0.246,15.0,20.55,6.0,8.22,0.775,0.2,27.87,13.13,16.6,29.73,27.86,22.39,79.0,0.257,19.0,24.05,8.0,10.13,0.785,0.186,30.49,15.72,12.89,28.62,32.93,16.67,29.0,0.154,9.0,31.03,3.0,10.34,0.7030000000000001,0.30800000000000005,35.85,17.27,19.09,36.36,45.59,24.32,20.0,0.176,6.0,30.0,1.0,5.0,0.476,0.0,33.33,13.16,21.05,34.21,27.27,26.09
745801,2024-06-29,2024,665161,R,664849,L,sac_bunt,False,False,93.0,0.295,9.0,9.68,2.0,2.15,0.77,0.16000000000000003,24.06,13.85,12.0,25.85,37.5,9.57,174.0,0.325,22.0,12.64,9.0,5.17,0.8340000000000001,0.141,23.71,13.93,8.22,22.15,36.96,13.17,29.0,0.154,9.0,31.03,3.0,10.34,0.7030000000000001,0.30800000000000005,35.85,17.27,19.09,36.36,45.59,24.32,20.0,0.176,6.0,30.0,1.0,5.0,0.476,0.0,33.33,13.16,21.05,34.21,27.27,26.09
745801,2024-06-29,2024,676801,R,664849,L,strikeout,True,False,44.0,0.2,10.0,22.73,4.0,9.09,0.548,0.07500000000000001,25.84,13.37,12.21,25.58,29.55,20.83,138.0,0.325,35.0,25.36,13.0,9.42,1.009,0.285,31.52,15.56,12.88,28.44,29.0,20.96,29.0,0.154,9.0,31.03,3.0,10.34,0.7030000000000001,0.30800000000000005,35.85,17.27,19.09,36.36,45.59,24.32,20.0,0.176,6.0,30.0,1.0,5.0,0.476,0.0,33.33,13.16,21.05,34.21,27.27,26.09
745801,2024-06-29,2024,643289,R,664849,L,double,False,False,64.0,0.311,5.0,7.81,2.0,3.12,0.8029999999999999,0.16399999999999998,20.0,12.68,8.45,21.13,44.34,7.94,117.0,0.327,12.0,10.26,6.0,5.13,0.859,0.1639999999999999,13.48,8.22,11.41,19.63,41.01,10.91,29.0,0.154,9.0,31.03,3.0,10.34,0.7030000000000001,0.30800000000000005,35.85,17.27,19.09,36.36,45.59,24.32,20.0,0.176,6.0,30.0,1.0,5.0,0.476,0.0,33.33,13.16,21.05,34.21,27.27,26.09
745801,2024-06-29,2024,663550,L,664849,L,strikeout,True,False,5.0,0.2,3.0,60.0,0.0,0.0,0.4,0.0,55.56,26.32,15.79,42.11,40.0,60.0,4.0,0.0,2.0,50.0,1.0,25.0,0.25,0.0,70.0,36.84,5.26,42.11,42.86,28.57,17.0,0.286,5.0,29.41,3.0,17.65,0.698,0.0,34.48,13.89,16.67,30.56,31.71,31.25,15.0,0.308,5.0,33.33,1.0,6.67,0.785,0.077,24.0,10.17,25.42,35.59,23.08,29.41
745801,2024-06-29,2024,502110,R,623352,L,field_out,False,False,64.0,0.34,12.0,18.75,9.0,14.06,1.057,0.26399999999999996,24.24,11.47,12.54,24.01,29.63,13.19,137.0,0.274,43.0,31.39,13.0,9.49,0.924,0.3069999999999999,30.91,15.57,13.74,29.3,29.27,23.5,117.0,0.222,43.0,36.75,9.0,7.69,0.6619999999999999,0.158,38.11,20.36,12.7,33.06,33.59,25.29,184.0,0.146,69.0,37.5,24.0,13.04,0.489,0.071,31.35,15.37,13.74,29.1,32.49,22.62
745801,2024-06-29,2024,624413,R,623352,L,strikeout,True,False,86.0,0.224,19.0,22.09,7.0,8.14,0.827,0.28900000000000003,20.37,9.32,16.1,25.42,27.78,17.59,183.0,0.224,42.0,22.95,21.0,11.48,0.859,0.302,25.52,11.15,17.51,28.66,27.34,16.87,117.0,0.222,43.0,36.75,9.0,7.69,0.6619999999999999,0.158,38.11,20.36,12.7,33.06,33.59,25.29,184.0,0.146,69.0,37.5,24.0,13.04,0.489,0.071,31.35,15.37,13.74,29.1,32.49,22.62
745801,2024-06-29,2024,682626,R,623352,L,strikeout,True,False,31.0,0.296,6.0,19.35,4.0,12.9,0.9430000000000001,0.26000000000000006,18.37,7.5,17.5,25.0,23.81,18.75,148.0,0.171,37.0,25.0,17.0,11.49,0.611,0.17,31.2,13.76,14.26,28.03,23.72,22.7,117.0,0.222,43.0,36.75,9.0,7.69,0.6619999999999999,0.158,38.11,20.36,12.7,33.06,33.59,25.29,184.0,0.146,69.0,37.5,24.0,13.04,0.489,0.071,31.35,15.37,13.74,29.1,32.49,22.62
747186,2024-06-29,2024,668709,L,668678,R,strikeout,True,False,275.0,0.256,50.0,18.18,31.0,11.27,0.789,0.19,24.73,10.75,16.96,27.71,22.74,17.79,232.0,0.209,53.0,22.84,35.0,15.09,0.726,0.184,28.61,12.18,15.3,27.48,19.27,20.46,112.0,0.231,25.0,22.32,8.0,7.14,0.709,0.19199999999999998,20.57,8.35,20.19,28.54,29.25,21.24,411.0,0.244,106.0,25.79,26.0,6.33,0.698,0.16,28.51,12.85,18.01,30.86,30.06,22.98
747186,2024-06-29,2024,609280,R,668678,R,field_out,False,False,110.0,0.295,16.0,14.55,4.0,3.64,0.6990000000000001,0.08600000000000002,16.75,8.39,17.75,26.14,33.65,13.68,52.0,0.229,6.0,11.54,4.0,7.69,0.705,0.1879999999999999,14.58,7.49,13.9,21.39,30.93,12.77,121.0,0.241,35.0,28.93,7.0,5.79,0.655,0.125,29.0,13.93,14.76,28.69,30.07,26.92,438.0,0.232,114.0,26.03,21.0,4.79,0.636,0.1299999999999999,24.73,12.1,16.56,28.66,29.96,21.04
747186,2024-06-29,2024,667670,R,668678,R,single,False,False,222.0,0.267,80.0,36.04,23.0,10.36,0.83,0.21499999999999997,38.53,18.7,12.76,31.46,30.37,28.57,351.0,0.23,115.0,32.76,33.0,9.4,0.788,0.2419999999999999,37.94,17.82,16.3,34.12,28.65,23.47,121.0,0.241,35.0,28.93,7.0,5.79,0.655,0.125,29.0,13.93,14.76,28.69,30.07,26.92,438.0,0.232,114.0,26.03,21.0,4.79,0.636,0.1299999999999999,24.73,12.1,16.56,28.66,29.96,21.04
747186,2024-06-29,2024,669127,R,668678,R,force_out,False,False,193.0,0.211,52.0,26.94,13.0,6.74,0.738,0.252,30.18,15.13,16.02,31.16,32.14,27.81,344.0,0.217,101.0,29.36,23.0,6.69,0.7230000000000001,0.226,32.34,16.3,14.73,31.03,31.22,23.88,121.0,0.241,35.0,28.93,7.0,5.79,0.655,0.125,29.0,13.93,14.76,28.69,30.07,26.92,438.0,0.232,114.0,26.03,21.0,4.79,0.636,0.1299999999999999,24.73,12.1,16.56,28.66,29.96,21.04
747186,2024-06-29,2024,606466,R,663687,L,field_out,False,False,123.0,0.321,19.0,15.45,9.0,7.32,1.0779999999999998,0.37499999999999994,23.01,12.47,10.07,22.54,35.29,17.92,199.0,0.313,24.0,12.06,17.0,8.54,0.879,0.184,19.78,9.92,12.91,22.83,31.78,12.7,115.0,0.194,22.0,19.13,9.0,7.83,0.639,0.175,22.07,10.28,17.72,28.01,26.34,16.67,225.0,0.258,45.0,20.0,21.0,9.33,0.8069999999999999,0.2169999999999999,23.04,10.97,17.42,28.39,22.75,16.54
747186,2024-06-29,2024,677942,R,663687,L,field_out,False,False,81.0,0.31,23.0,28.4,7.0,8.64,0.853,0.15500000000000003,26.67,13.66,11.8,25.47,24.7,20.72,,,,,,,,,,,,,,,115.0,0.194,22.0,19.13,9.0,7.83,0.639,0.175,22.07,10.28,17.72,28.01,26.34,16.67,225.0,0.258,45.0,20.0,21.0,9.33,0.8069999999999999,0.2169999999999999,23.04,10.97,17.42,28.39,22.75,16.54
747186,2024-06-29,2024,666971,R,663687,L,single,False,False,93.0,0.356,16.0,17.2,3.0,3.23,0.954,0.22199999999999998,19.46,9.81,17.71,27.52,37.97,13.56,160.0,0.301,18.0,11.25,12.0,7.5,0.8140000000000001,0.151,14.39,6.67,17.26,23.93,28.33,12.16,115.0,0.194,22.0,19.13,9.0,7.83,0.639,0.175,22.07,10.28,17.72,28.01,26.34,16.67,225.0,0.258,45.0,20.0,21.0,9.33,0.8069999999999999,0.2169999999999999,23.04,10.97,17.42,28.39,22.75,16.54
747186,2024-06-29,2024,572233,R,663687,L,double,False,False,93.0,0.247,27.0,29.03,7.0,7.53,0.6890000000000001,0.14100000000000001,26.7,12.62,15.84,28.47,23.74,18.88,168.0,0.255,32.0,19.05,20.0,11.9,0.922,0.3189999999999999,27.22,12.57,12.85,25.42,24.16,14.55,115.0,0.194,22.0,19.13,9.0,7.83,0.639,0.175,22.07,10.28,17.72,28.01,26.34,16.67,225.0,0.258,45.0,20.0,21.0,9.33,0.8069999999999999,0.2169999999999999,23.04,10.97,17.42,28.39,22.75,16.54
747186,2024-06-29,2024,545341,R,663687,L,field_out,False,False,90.0,0.312,12.0,13.33,6.0,6.67,0.829,0.15000000000000002,20.39,9.87,15.92,25.8,27.92,16.67,134.0,0.328,17.0,12.69,12.0,8.96,0.995,0.2789999999999999,21.25,10.26,14.29,24.55,32.84,12.78,115.0,0.194,22.0,19.13,9.0,7.83,0.639,0.175,22.07,10.28,17.72,28.01,26.34,16.67,225.0,0.258,45.0,20.0,21.0,9.33,0.8069999999999999,0.2169999999999999,23.04,10.97,17.42,28.39,22.75,16.54
747186,2024-06-29,2024,691016,L,668678,R,walk,False,True,123.0,0.224,39.0,31.71,12.0,9.76,0.769,0.225,34.72,16.48,14.95,31.43,29.18,30.71,118.0,0.159,37.0,31.36,10.0,8.47,0.472,0.0839999999999999,33.93,16.67,14.91,31.58,29.36,28.91,112.0,0.231,25.0,22.32,8.0,7.14,0.709,0.19199999999999998,20.57,8.35,20.19,28.54,29.25,21.24,411.0,0.244,106.0,25.79,26.0,6.33,0.698,0.16,28.51,12.85,18.01,30.86,30.06,22.98
747186,2024-06-29,2024,663662,R,668678,R,force_out,False,False,51.0,0.149,12.0,23.53,3.0,5.88,0.429,0.064,25.51,13.02,18.23,31.25,25.0,18.75,,,,,,,,,,,,,,,121.0,0.241,35.0,28.93,7.0,5.79,0.655,0.125,29.0,13.93,14.76,28.69,30.07,26.92,438.0,0.232,114.0,26.03,21.0,4.79,0.636,0.1299999999999999,24.73,12.1,16.56,28.66,29.96,21.04
747186,2024-06-29,2024,669137,R,668678,R,grounded_into_double_play,False,False,11.0,0.444,2.0,18.18,2.0,18.18,0.9890000000000001,0.0,28.57,10.53,26.32,36.84,22.22,28.57,,,,,,,,,,,,,,,121.0,0.241,35.0,28.93,7.0,5.79,0.655,0.125,29.0,13.93,14.76,28.69,30.07,26.92,438.0,0.232,114.0,26.03,21.0,4.79,0.636,0.1299999999999999,24.73,12.1,16.56,28.66,29.96,21.04
747186,2024-06-29,2024,553993,R,663687,L,single,False,False,89.0,0.184,31.0,34.83,10.0,11.24,0.518,0.05299999999999999,32.3,13.68,18.42,32.11,21.93,26.72,158.0,0.252,53.0,33.54,22.0,13.92,0.743,0.13,34.48,14.75,15.49,30.24,22.05,25.0,115.0,0.194,22.0,19.13,9.0,7.83,0.639,0.175,22.07,10.28,17.72,28.01,26.34,16.67,225.0,0.258,45.0,20.0,21.0,9.33,0.8069999999999999,0.2169999999999999,23.04,10.97,17.42,28.39,22.75,16.54
747186,2024-06-29,2024,664983,L,663687,L,strikeout,True,False,43.0,0.385,8.0,18.6,4.0,9.3,0.852,0.024999999999999967,17.72,8.05,23.56,31.61,27.63,12.5,82.0,0.206,11.0,13.41,9.0,10.98,0.649,0.118,24.22,10.62,16.1,26.71,27.5,14.67,33.0,0.276,6.0,18.18,4.0,12.12,0.847,0.20699999999999996,15.38,5.52,23.45,28.97,15.71,12.0,59.0,0.314,11.0,18.64,7.0,11.86,0.858,0.137,23.6,9.33,20.0,29.33,16.49,22.92
747186,2024-06-29,2024,621028,R,663687,L,field_out,False,False,68.0,0.292,6.0,8.82,2.0,2.94,0.74,0.139,9.92,5.15,17.17,22.32,29.91,10.17,110.0,0.278,16.0,14.55,10.0,9.09,0.813,0.186,14.21,6.42,19.26,25.68,27.4,13.79,115.0,0.194,22.0,19.13,9.0,7.83,0.639,0.175,22.07,10.28,17.72,28.01,26.34,16.67,225.0,0.258,45.0,20.0,21.0,9.33,0.8069999999999999,0.2169999999999999,23.04,10.97,17.42,28.39,22.75,16.54
747186,2024-06-29,2024,645444,R,663687,L,walk,False,True,3.0,0.0,1.0,33.33,0.0,0.0,0.0,0.0,42.86,21.43,21.43,42.86,42.86,16.67,27.0,0.19,9.0,33.33,3.0,11.11,0.578,0.0959999999999999,22.64,9.23,19.23,28.46,24.29,21.43,115.0,0.194,22.0,19.13,9.0,7.83,0.639,0.175,22.07,10.28,17.72,28.01,26.34,16.67,225.0,0.258,45.0,20.0,21.0,9.33,0.8069999999999999,0.2169999999999999,23.04,10.97,17.42,28.39,22.75,16.54
747186,2024-06-29,2024,606466,R,663687,L,single,False,False,123.0,0.321,19.0,15.45,9.0,7.32,1.0779999999999998,0.37499999999999994,23.01,12.47,10.07,22.54,35.29,17.92,199.0,0.313,24.0,12.06,17.0,8.54,0.879,0.184,19.78,9.92,12.91,22.83,31.78,12.7,115.0,0.194,22.0,19.13,9.0,7.83,0.639,0.175,22.07,10.28,17.72,28.01,26.34,16.67,225.0,0.258,45.0,20.0,21.0,9.33,0.8069999999999999,0.2169999999999999,23.04,10.97,17.42,28.39,22.75,16.54
747186,2024-06-29,2024,677942,R,663687,L,strikeout,True,False,81.0,0.31,23.0,28.4,7.0,8.64,0.853,0.15500000000000003,26.67,13.66,11.8,25.47,24.7,20.72,,,,,,,,,,,,,,,115.0,0.194,22.0,19.13,9.0,7.83,0.639,0.175,22.07,10.28,17.72,28.01,26.34,16.67,225.0,0.258,45.0,20.0,21.0,9.33,0.8069999999999999,0.2169999999999999,23.04,10.97,17.42,28.39,22.75,16.54
747186,2024-06-29,2024,680869,R,668678,R,strikeout,True,False,194.0,0.213,66.0,34.02,12.0,6.19,0.637,0.158,35.06,17.88,15.5,33.38,28.92,29.07,220.0,0.303,54.0,24.55,18.0,8.18,0.969,0.298,30.92,15.24,15.12,30.36,29.22,21.29,121.0,0.241,35.0,28.93,7.0,5.79,0.655,0.125,29.0,13.93,14.76,28.69,30.07,26.92,438.0,0.232,114.0,26.03,21.0,4.79,0.636,0.1299999999999999,24.73,12.1,16.56,28.66,29.96,21.04
747186,2024-06-29,2024,680474,R,668678,R,strikeout,True,False,155.0,0.239,43.0,27.74,16.0,10.32,0.638,0.07400000000000001,28.84,12.09,20.57,32.65,21.52,21.94,,,,,,,,,,,,,,,121.0,0.241,35.0,28.93,7.0,5.79,0.655,0.125,29.0,13.93,14.76,28.69,30.07,26.92,438.0,0.232,114.0,26.03,21.0,4.79,0.636,0.1299999999999999,24.73,12.1,16.56,28.66,29.96,21.04
747186,2024-06-29,2024,668709,L,668678,R,field_out,False,False,275.0,0.256,50.0,18.18,31.0,11.27,0.789,0.19,24.73,10.75,16.96,27.71,22.74,17.79,232.0,0.209,53.0,22.84,35.0,15.09,0.726,0.184,28.61,12.18,15.3,27.48,19.27,20.46,112.0,0.231,25.0,22.32,8.0,7.14,0.709,0.19199999999999998,20.57,8.35,20.19,28.54,29.25,21.24,411.0,0.244,106.0,25.79,26.0,6.33,0.698,0.16,28.51,12.85,18.01,30.86,30.06,22.98
747186,2024-06-29,2024,666971,R,663687,L,field_out,False,False,93.0,0.356,16.0,17.2,3.0,3.23,0.954,0.22199999999999998,19.46,9.81,17.71,27.52,37.97,13.56,160.0,0.301,18.0,11.25,12.0,7.5,0.8140000000000001,0.151,14.39,6.67,17.26,23.93,28.33,12.16,115.0,0.194,22.0,19.13,9.0,7.83,0.639,0.175,22.07,10.28,17.72,28.01,26.34,16.67,225.0,0.258,45.0,20.0,21.0,9.33,0.8069999999999999,0.2169999999999999,23.04,10.97,17.42,28.39,22.75,16.54
747186,2024-06-29,2024,572233,R,663687,L,single,False,False,93.0,0.247,27.0,29.03,7.0,7.53,0.6890000000000001,0.14100000000000001,26.7,12.62,15.84,28.47,23.74,18.88,168.0,0.255,32.0,19.05,20.0,11.9,0.922,0.3189999999999999,27.22,12.57,12.85,25.42,24.16,14.55,115.0,0.194,22.0,19.13,9.0,7.83,0.639,0.175,22.07,10.28,17.72,28.01,26.34,16.67,225.0,0.258,45.0,20.0,21.0,9.33,0.8069999999999999,0.2169999999999999,23.04,10.97,17.42,28.39,22.75,16.54
747186,2024-06-29,2024,545341,R,663687,L,strikeout,True,False,90.0,0.312,12.0,13.33,6.0,6.67,0.829,0.15000000000000002,20.39,9.87,15.92,25.8,27.92,16.67,134.0,0.328,17.0,12.69,12.0,8.96,0.995,0.2789999999999999,21.25,10.26,14.29,24.55,32.84,12.78,115.0,0.194,22.0,19.13,9.0,7.83,0.639,0.175,22.07,10.28,17.72,28.01,26.34,16.67,225.0,0.258,45.0,20.0,21.0,9.33,0.8069999999999999,0.2169999999999999,23.04,10.97,17.42,28.39,22.75,16.54
747186,2024-06-29,2024,553993,R,663687,L,single,False,False,89.0,0.184,31.0,34.83,10.0,11.24,0.518,0.05299999999999999,32.3,13.68,18.42,32.11,21.93,26.72,158.0,0.252,53.0,33.54,22.0,13.92,0.743,0.13,34.48,14.75,15.49,30.24,22.05,25.0,115.0,0.194,22.0,19.13,9.0,7.83,0.639,0.175,22.07,10.28,17.72,28.01,26.34,16.67,225.0,0.258,45.0,20.0,21.0,9.33,0.8069999999999999,0.2169999999999999,23.04,10.97,17.42,28.39,22.75,16.54
747186,2024-06-29,2024,664983,L,663687,L,single,False,False,43.0,0.385,8.0,18.6,4.0,9.3,0.852,0.024999999999999967,17.72,8.05,23.56,31.61,27.63,12.5,82.0,0.206,11.0,13.41,9.0,10.98,0.649,0.118,24.22,10.62,16.1,26.71,27.5,14.67,33.0,0.276,6.0,18.18,4.0,12.12,0.847,0.20699999999999996,15.38,5.52,23.45,28.97,15.71,12.0,59.0,0.314,11.0,18.64,7.0,11.86,0.858,0.137,23.6,9.33,20.0,29.33,16.49,22.92
747186,2024-06-29,2024,621028,R,663687,L,field_out,False,False,68.0,0.292,6.0,8.82,2.0,2.94,0.74,0.139,9.92,5.15,17.17,22.32,29.91,10.17,110.0,0.278,16.0,14.55,10.0,9.09,0.813,0.186,14.21,6.42,19.26,25.68,27.4,13.79,115.0,0.194,22.0,19.13,9.0,7.83,0.639,0.175,22.07,10.28,17.72,28.01,26.34,16.67,225.0,0.258,45.0,20.0,21.0,9.33,0.8069999999999999,0.2169999999999999,23.04,10.97,17.42,28.39,22.75,16.54
747186,2024-06-29,2024,609280,R,668678,R,field_out,False,False,110.0,0.295,16.0,14.55,4.0,3.64,0.6990000000000001,0.08600000000000002,16.75,8.39,17.75,26.14,33.65,13.68,52.0,0.229,6.0,11.54,4.0,7.69,0.705,0.1879999999999999,14.58,7.49,13.9,21.39,30.93,12.77,121.0,0.241,35.0,28.93,7.0,5.79,0.655,0.125,29.0,13.93,14.76,28.69,30.07,26.92,438.0,0.232,114.0,26.03,21.0,4.79,0.636,0.1299999999999999,24.73,12.1,16.56,28.66,29.96,21.04
747186,2024-06-29,2024,667670,R,668678,R,field_out,False,False,222.0,0.267,80.0,36.04,23.0,10.36,0.83,0.21499999999999997,38.53,18.7,12.76,31.46,30.37,28.57,351.0,0.23,115.0,32.76,33.0,9.4,0.788,0.2419999999999999,37.94,17.82,16.3,34.12,28.65,23.47,121.0,0.241,35.0,28.93,7.0,5.79,0.655,0.125,29.0,13.93,14.76,28.69,30.07,26.92,438.0,0.232,114.0,26.03,21.0,4.79,0.636,0.1299999999999999,24.73,12.1,16.56,28.66,29.96,21.04
747186,2024-06-29,2024,669127,R,668678,R,strikeout,True,False,193.0,0.211,52.0,26.94,13.0,6.74,0.738,0.252,30.18,15.13,16.02,31.16,32.14,27.81,344.0,0.217,101.0,29.36,23.0,6.69,0.7230000000000001,0.226,32.34,16.3,14.73,31.03,31.22,23.88,121.0,0.241,35.0,28.93,7.0,5.79,0.655,0.125,29.0,13.93,14.76,28.69,30.07,26.92,438.0,0.232,114.0,26.03,21.0,4.79,0.636,0.1299999999999999,24.73,12.1,16.56,28.66,29.96,21.04
747186,2024-06-29,2024,645444,R,663687,L,single,False,False,3.0,0.0,1.0,33.33,0.0,0.0,0.0,0.0,42.86,21.43,21.43,42.86,42.86,16.67,27.0,0.19,9.0,33.33,3.0,11.11,0.578,0.0959999999999999,22.64,9.23,19.23,28.46,24.29,21.43,115.0,0.194,22.0,19.13,9.0,7.83,0.639,0.175,22.07,10.28,17.72,28.01,26.34,16.67,225.0,0.258,45.0,20.0,21.0,9.33,0.8069999999999999,0.2169999999999999,23.04,10.97,17.42,28.39,22.75,16.54
747186,2024-06-29,2024,606466,R,663687,L,single,False,False,123.0,0.321,19.0,15.45,9.0,7.32,1.0779999999999998,0.37499999999999994,23.01,12.47,10.07,22.54,35.29,17.92,199.0,0.313,24.0,12.06,17.0,8.54,0.879,0.184,19.78,9.92,12.91,22.83,31.78,12.7,115.0,0.194,22.0,19.13,9.0,7.83,0.639,0.175,22.07,10.28,17.72,28.01,26.34,16.67,225.0,0.258,45.0,20.0,21.0,9.33,0.8069999999999999,0.2169999999999999,23.04,10.97,17.42,28.39,22.75,16.54
747186,2024-06-29,2024,677942,R,663687,L,field_out,False,False,81.0,0.31,23.0,28.4,7.0,8.64,0.853,0.15500000000000003,26.67,13.66,11.8,25.47,24.7,20.72,,,,,,,,,,,,,,,115.0,0.194,22.0,19.13,9.0,7.83,0.639,0.175,22.07,10.28,17.72,28.01,26.34,16.67,225.0,0.258,45.0,20.0,21.0,9.33,0.8069999999999999,0.2169999999999999,23.04,10.97,17.42,28.39,22.75,16.54
747186,2024-06-29,2024,666971,R,663687,L,double,False,False,93.0,0.356,16.0,17.2,3.0,3.23,0.954,0.22199999999999998,19.46,9.81,17.71,27.52,37.97,13.56,160.0,0.301,18.0,11.25,12.0,7.5,0.8140000000000001,0.151,14.39,6.67,17.26,23.93,28.33,12.16,115.0,0.194,22.0,19.13,9.0,7.83,0.639,0.175,22.07,10.28,17.72,28.01,26.34,16.67,225.0,0.258,45.0,20.0,21.0,9.33,0.8069999999999999,0.2169999999999999,23.04,10.97,17.42,28.39,22.75,16.54
747186,2024-06-29,2024,572233,R,674370,R,intent_walk,False,True,257.0,0.246,61.0,23.74,25.0,9.73,0.8140000000000001,0.241,25.95,12.71,12.8,25.51,25.45,17.84,497.0,0.259,95.0,19.11,42.0,8.45,0.8009999999999999,0.2129999999999999,26.19,12.83,14.15,26.98,26.84,15.33,24.0,0.333,8.0,33.33,2.0,8.33,0.893,0.14299999999999996,33.93,17.59,10.19,27.78,30.51,21.62,125.0,0.236,25.0,20.0,9.0,7.2,0.611,0.0549999999999999,21.33,9.53,20.76,30.3,26.11,16.67
747186,2024-06-29,2024,545341,R,674370,R,grounded_into_double_play,False,False,46.0,0.256,7.0,15.22,3.0,6.52,0.723,0.16299999999999998,22.67,9.88,20.35,30.23,25.84,13.73,338.0,0.244,79.0,23.37,17.0,5.03,0.6950000000000001,0.157,28.73,14.51,15.56,30.06,36.02,21.7,24.0,0.333,8.0,33.33,2.0,8.33,0.893,0.14299999999999996,33.93,17.59,10.19,27.78,30.51,21.62,125.0,0.236,25.0,20.0,9.0,7.2,0.611,0.0549999999999999,21.33,9.53,20.76,30.3,26.11,16.67
747186,2024-06-29,2024,691016,L,668678,R,field_out,False,False,123.0,0.224,39.0,31.71,12.0,9.76,0.769,0.225,34.72,16.48,14.95,31.43,29.18,30.71,118.0,0.159,37.0,31.36,10.0,8.47,0.472,0.0839999999999999,33.93,16.67,14.91,31.58,29.36,28.91,112.0,0.231,25.0,22.32,8.0,7.14,0.709,0.19199999999999998,20.57,8.35,20.19,28.54,29.25,21.24,411.0,0.244,106.0,25.79,26.0,6.33,0.698,0.16,28.51,12.85,18.01,30.86,30.06,22.98
747186,2024-06-29,2024,663662,R,668678,R,strikeout,True,False,51.0,0.149,12.0,23.53,3.0,5.88,0.429,0.064,25.51,13.02,18.23,31.25,25.0,18.75,,,,,,,,,,,,,,,121.0,0.241,35.0,28.93,7.0,5.79,0.655,0.125,29.0,13.93,14.76,28.69,30.07,26.92,438.0,0.232,114.0,26.03,21.0,4.79,0.636,0.1299999999999999,24.73,12.1,16.56,28.66,29.96,21.04
747186,2024-06-29,2024,669137,R,668678,R,field_out,False,False,11.0,0.444,2.0,18.18,2.0,18.18,0.9890000000000001,0.0,28.57,10.53,26.32,36.84,22.22,28.57,,,,,,,,,,,,,,,121.0,0.241,35.0,28.93,7.0,5.79,0.655,0.125,29.0,13.93,14.76,28.69,30.07,26.92,438.0,0.232,114.0,26.03,21.0,4.79,0.636,0.1299999999999999,24.73,12.1,16.56,28.66,29.96,21.04
747186,2024-06-29,2024,553993,R,674370,R,strikeout,True,False,218.0,0.197,57.0,26.15,16.0,7.34,0.617,0.14500000000000002,30.34,14.25,15.17,29.42,26.2,21.84,537.0,0.227,161.0,29.98,48.0,8.94,0.706,0.167,32.3,14.54,16.91,31.45,23.96,22.87,24.0,0.333,8.0,33.33,2.0,8.33,0.893,0.14299999999999996,33.93,17.59,10.19,27.78,30.51,21.62,125.0,0.236,25.0,20.0,9.0,7.2,0.611,0.0549999999999999,21.33,9.53,20.76,30.3,26.11,16.67
747186,2024-06-29,2024,664983,L,674370,R,field_out,False,False,168.0,0.252,29.0,17.26,14.0,8.33,0.724,0.133,20.7,9.7,16.28,25.99,27.44,16.48,230.0,0.255,51.0,22.17,17.0,7.39,0.643,0.072,22.4,11.76,13.9,25.65,32.76,19.39,14.0,0.1,2.0,14.29,3.0,21.43,0.45699999999999996,0.0,28.57,10.91,16.36,27.27,17.24,20.0,111.0,0.309,23.0,20.72,12.0,10.81,0.875,0.1699999999999999,24.06,10.85,15.53,26.38,28.4,17.04
747186,2024-06-29,2024,621028,R,674370,R,single,False,False,112.0,0.269,19.0,16.96,6.0,5.36,0.665,0.08699999999999997,20.0,9.3,20.67,29.97,24.46,20.0,143.0,0.234,18.0,12.59,7.0,4.9,0.571,0.0549999999999999,15.29,7.27,19.84,27.11,26.2,13.04,24.0,0.333,8.0,33.33,2.0,8.33,0.893,0.14299999999999996,33.93,17.59,10.19,27.78,30.51,21.62,125.0,0.236,25.0,20.0,9.0,7.2,0.611,0.0549999999999999,21.33,9.53,20.76,30.3,26.11,16.67
747186,2024-06-29,2024,645444,L,674370,R,field_out,False,False,4.0,0.25,1.0,25.0,0.0,0.0,0.5,0.0,33.33,14.29,21.43,35.71,0.0,33.33,93.0,0.212,21.0,22.58,10.0,10.75,0.5469999999999999,0.038,18.62,7.07,25.13,32.2,13.61,16.24,14.0,0.1,2.0,14.29,3.0,21.43,0.45699999999999996,0.0,28.57,10.91,16.36,27.27,17.24,20.0,111.0,0.309,23.0,20.72,12.0,10.81,0.875,0.1699999999999999,24.06,10.85,15.53,26.38,28.4,17.04
747186,2024-06-29,2024,680869,R,668678,R,strikeout,True,False,194.0,0.213,66.0,34.02,12.0,6.19,0.637,0.158,35.06,17.88,15.5,33.38,28.92,29.07,220.0,0.303,54.0,24.55,18.0,8.18,0.969,0.298,30.92,15.24,15.12,30.36,29.22,21.29,121.0,0.241,35.0,28.93,7.0,5.79,0.655,0.125,29.0,13.93,14.76,28.69,30.07,26.92,438.0,0.232,114.0,26.03,21.0,4.79,0.636,0.1299999999999999,24.73,12.1,16.56,28.66,29.96,21.04
747186,2024-06-29,2024,680474,R,668678,R,strikeout,True,False,155.0,0.239,43.0,27.74,16.0,10.32,0.638,0.07400000000000001,28.84,12.09,20.57,32.65,21.52,21.94,,,,,,,,,,,,,,,121.0,0.241,35.0,28.93,7.0,5.79,0.655,0.125,29.0,13.93,14.76,28.69,30.07,26.92,438.0,0.232,114.0,26.03,21.0,4.79,0.636,0.1299999999999999,24.73,12.1,16.56,28.66,29.96,21.04
747186,2024-06-29,2024,668709,L,668678,R,field_out,False,False,275.0,0.256,50.0,18.18,31.0,11.27,0.789,0.19,24.73,10.75,16.96,27.71,22.74,17.79,232.0,0.209,53.0,22.84,35.0,15.09,0.726,0.184,28.61,12.18,15.3,27.48,19.27,20.46,112.0,0.231,25.0,22.32,8.0,7.14,0.709,0.19199999999999998,20.57,8.35,20.19,28.54,29.25,21.24,411.0,0.244,106.0,25.79,26.0,6.33,0.698,0.16,28.51,12.85,18.01,30.86,30.06,22.98
747186,2024-06-29,2024,606466,L,674370,R,walk,False,True,227.0,0.263,47.0,20.7,21.0,9.25,0.745,0.15599999999999997,23.13,10.88,14.39,25.26,23.78,19.25,452.0,0.259,85.0,18.81,54.0,11.95,0.827,0.2199999999999999,20.87,9.03,16.76,25.8,21.17,17.28,14.0,0.1,2.0,14.29,3.0,21.43,0.45699999999999996,0.0,28.57,10.91,16.36,27.27,17.24,20.0,111.0,0.309,23.0,20.72,12.0,10.81,0.875,0.1699999999999999,24.06,10.85,15.53,26.38,28.4,17.04
747186,2024-06-29,2024,677942,R,674370,R,hit_by_pitch,False,False,88.0,0.22,21.0,23.86,6.0,6.82,0.553,0.060000000000000026,30.0,15.5,13.68,29.18,35.54,21.0,,,,,,,,,,,,,,,24.0,0.333,8.0,33.33,2.0,8.33,0.893,0.14299999999999996,33.93,17.59,10.19,27.78,30.51,21.62,125.0,0.236,25.0,20.0,9.0,7.2,0.611,0.0549999999999999,21.33,9.53,20.76,30.3,26.11,16.67
747186,2024-06-29,2024,666971,R,674370,R,grounded_into_double_play,False,False,226.0,0.23,45.0,19.91,10.0,4.42,0.627,0.12699999999999997,20.88,10.51,16.24,26.75,31.62,17.65,433.0,0.247,85.0,19.63,21.0,4.85,0.756,0.22,20.07,9.99,16.64,26.63,31.06,17.82,24.0,0.333,8.0,33.33,2.0,8.33,0.893,0.14299999999999996,33.93,17.59,10.19,27.78,30.51,21.62,125.0,0.236,25.0,20.0,9.0,7.2,0.611,0.0549999999999999,21.33,9.53,20.76,30.3,26.11,16.67
747186,2024-06-29,2024,572233,R,674370,R,field_out,False,False,257.0,0.246,61.0,23.74,25.0,9.73,0.8140000000000001,0.241,25.95,12.71,12.8,25.51,25.45,17.84,497.0,0.259,95.0,19.11,42.0,8.45,0.8009999999999999,0.2129999999999999,26.19,12.83,14.15,26.98,26.84,15.33,24.0,0.333,8.0,33.33,2.0,8.33,0.893,0.14299999999999996,33.93,17.59,10.19,27.78,30.51,21.62,125.0,0.236,25.0,20.0,9.0,7.2,0.611,0.0549999999999999,21.33,9.53,20.76,30.3,26.11,16.67
747186,2024-06-29,2024,609280,R,656464,R,single,False,False,110.0,0.295,16.0,14.55,4.0,3.64,0.6990000000000001,0.08600000000000002,16.75,8.39,17.75,26.14,33.65,13.68,52.0,0.229,6.0,11.54,4.0,7.69,0.705,0.1879999999999999,14.58,7.49,13.9,21.39,30.93,12.77,61.0,0.263,8.0,13.11,2.0,3.28,0.644,0.07,20.0,9.82,15.18,25.0,27.62,13.79,151.0,0.185,41.0,27.15,13.0,8.61,0.5469999999999999,0.1039999999999999,30.77,14.13,15.57,29.7,28.31,21.24
747186,2024-06-29,2024,667670,R,656464,R,strikeout,True,False,222.0,0.267,80.0,36.04,23.0,10.36,0.83,0.21499999999999997,38.53,18.7,12.76,31.46,30.37,28.57,351.0,0.23,115.0,32.76,33.0,9.4,0.788,0.2419999999999999,37.94,17.82,16.3,34.12,28.65,23.47,61.0,0.263,8.0,13.11,2.0,3.28,0.644,0.07,20.0,9.82,15.18,25.0,27.62,13.79,151.0,0.185,41.0,27.15,13.0,8.61,0.5469999999999999,0.1039999999999999,30.77,14.13,15.57,29.7,28.31,21.24
747186,2024-06-29,2024,669127,R,656464,R,field_out,False,False,193.0,0.211,52.0,26.94,13.0,6.74,0.738,0.252,30.18,15.13,16.02,31.16,32.14,27.81,344.0,0.217,101.0,29.36,23.0,6.69,0.7230000000000001,0.226,32.34,16.3,14.73,31.03,31.22,23.88,61.0,0.263,8.0,13.11,2.0,3.28,0.644,0.07,20.0,9.82,15.18,25.0,27.62,13.79,151.0,0.185,41.0,27.15,13.0,8.61,0.5469999999999999,0.1039999999999999,30.77,14.13,15.57,29.7,28.31,21.24
747186,2024-06-29,2024,691016,L,656464,R,field_out,False,False,123.0,0.224,39.0,31.71,12.0,9.76,0.769,0.225,34.72,16.48,14.95,31.43,29.18,30.71,118.0,0.159,37.0,31.36,10.0,8.47,0.472,0.0839999999999999,33.93,16.67,14.91,31.58,29.36,28.91,71.0,0.246,18.0,25.35,5.0,7.04,0.696,0.15400000000000003,25.17,12.29,14.29,26.58,32.52,17.0,104.0,0.176,29.0,27.88,11.0,10.58,0.5549999999999999,0.1099999999999999,31.73,15.1,13.73,28.83,30.34,19.58
747186,2024-06-29,2024,682998,L,674370,R,field_out,False,False,234.0,0.222,38.0,16.24,29.0,12.39,0.651,0.10800000000000001,19.41,8.25,16.95,25.2,24.17,18.1,472.0,0.286,105.0,22.25,46.0,9.75,0.921,0.266,22.34,10.24,16.27,26.51,28.83,21.92,14.0,0.1,2.0,14.29,3.0,21.43,0.45699999999999996,0.0,28.57,10.91,16.36,27.27,17.24,20.0,111.0,0.309,23.0,20.72,12.0,10.81,0.875,0.1699999999999999,24.06,10.85,15.53,26.38,28.4,17.04
747186,2024-06-29,2024,553993,R,674370,R,strikeout,True,False,218.0,0.197,57.0,26.15,16.0,7.34,0.617,0.14500000000000002,30.34,14.25,15.17,29.42,26.2,21.84,537.0,0.227,161.0,29.98,48.0,8.94,0.706,0.167,32.3,14.54,16.91,31.45,23.96,22.87,24.0,0.333,8.0,33.33,2.0,8.33,0.893,0.14299999999999996,33.93,17.59,10.19,27.78,30.51,21.62,125.0,0.236,25.0,20.0,9.0,7.2,0.611,0.0549999999999999,21.33,9.53,20.76,30.3,26.11,16.67
747186,2024-06-29,2024,664983,L,674370,R,walk,False,True,168.0,0.252,29.0,17.26,14.0,8.33,0.724,0.133,20.7,9.7,16.28,25.99,27.44,16.48,230.0,0.255,51.0,22.17,17.0,7.39,0.643,0.072,22.4,11.76,13.9,25.65,32.76,19.39,14.0,0.1,2.0,14.29,3.0,21.43,0.45699999999999996,0.0,28.57,10.91,16.36,27.27,17.24,20.0,111.0,0.309,23.0,20.72,12.0,10.81,0.875,0.1699999999999999,24.06,10.85,15.53,26.38,28.4,17.04
747186,2024-06-29,2024,621028,R,674370,R,field_out,False,False,112.0,0.269,19.0,16.96,6.0,5.36,0.665,0.08699999999999997,20.0,9.3,20.67,29.97,24.46,20.0,143.0,0.234,18.0,12.59,7.0,4.9,0.571,0.0549999999999999,15.29,7.27,19.84,27.11,26.2,13.04,24.0,0.333,8.0,33.33,2.0,8.33,0.893,0.14299999999999996,33.93,17.59,10.19,27.78,30.51,21.62,125.0,0.236,25.0,20.0,9.0,7.2,0.611,0.0549999999999999,21.33,9.53,20.76,30.3,26.11,16.67
747186,2024-06-29,2024,663662,R,656464,R,field_out,False,False,51.0,0.149,12.0,23.53,3.0,5.88,0.429,0.064,25.51,13.02,18.23,31.25,25.0,18.75,,,,,,,,,,,,,,,61.0,0.263,8.0,13.11,2.0,3.28,0.644,0.07,20.0,9.82,15.18,25.0,27.62,13.79,151.0,0.185,41.0,27.15,13.0,8.61,0.5469999999999999,0.1039999999999999,30.77,14.13,15.57,29.7,28.31,21.24
747186,2024-06-29,2024,669137,R,656464,R,field_out,False,False,11.0,0.444,2.0,18.18,2.0,18.18,0.9890000000000001,0.0,28.57,10.53,26.32,36.84,22.22,28.57,,,,,,,,,,,,,,,61.0,0.263,8.0,13.11,2.0,3.28,0.644,0.07,20.0,9.82,15.18,25.0,27.62,13.79,151.0,0.185,41.0,27.15,13.0,8.61,0.5469999999999999,0.1039999999999999,30.77,14.13,15.57,29.7,28.31,21.24
747186,2024-06-29,2024,680869,R,656464,R,strikeout,True,False,194.0,0.213,66.0,34.02,12.0,6.19,0.637,0.158,35.06,17.88,15.5,33.38,28.92,29.07,220.0,0.303,54.0,24.55,18.0,8.18,0.969,0.298,30.92,15.24,15.12,30.36,29.22,21.29,61.0,0.263,8.0,13.11,2.0,3.28,0.644,0.07,20.0,9.82,15.18,25.0,27.62,13.79,151.0,0.185,41.0,27.15,13.0,8.61,0.5469999999999999,0.1039999999999999,30.77,14.13,15.57,29.7,28.31,21.24
747186,2024-06-29,2024,645444,L,674370,R,field_out,False,False,4.0,0.25,1.0,25.0,0.0,0.0,0.5,0.0,33.33,14.29,21.43,35.71,0.0,33.33,93.0,0.212,21.0,22.58,10.0,10.75,0.5469999999999999,0.038,18.62,7.07,25.13,32.2,13.61,16.24,14.0,0.1,2.0,14.29,3.0,21.43,0.45699999999999996,0.0,28.57,10.91,16.36,27.27,17.24,20.0,111.0,0.309,23.0,20.72,12.0,10.81,0.875,0.1699999999999999,24.06,10.85,15.53,26.38,28.4,17.04
747186,2024-06-29,2024,606466,L,674370,R,double,False,False,227.0,0.263,47.0,20.7,21.0,9.25,0.745,0.15599999999999997,23.13,10.88,14.39,25.26,23.78,19.25,452.0,0.259,85.0,18.81,54.0,11.95,0.827,0.2199999999999999,20.87,9.03,16.76,25.8,21.17,17.28,14.0,0.1,2.0,14.29,3.0,21.43,0.45699999999999996,0.0,28.57,10.91,16.36,27.27,17.24,20.0,111.0,0.309,23.0,20.72,12.0,10.81,0.875,0.1699999999999999,24.06,10.85,15.53,26.38,28.4,17.04
747186,2024-06-29,2024,677942,R,674370,R,field_out,False,False,88.0,0.22,21.0,23.86,6.0,6.82,0.553,0.060000000000000026,30.0,15.5,13.68,29.18,35.54,21.0,,,,,,,,,,,,,,,24.0,0.333,8.0,33.33,2.0,8.33,0.893,0.14299999999999996,33.93,17.59,10.19,27.78,30.51,21.62,125.0,0.236,25.0,20.0,9.0,7.2,0.611,0.0549999999999999,21.33,9.53,20.76,30.3,26.11,16.67
747186,2024-06-29,2024,666971,R,674370,R,field_out,False,False,226.0,0.23,45.0,19.91,10.0,4.42,0.627,0.12699999999999997,20.88,10.51,16.24,26.75,31.62,17.65,433.0,0.247,85.0,19.63,21.0,4.85,0.756,0.22,20.07,9.99,16.64,26.63,31.06,17.82,24.0,0.333,8.0,33.33,2.0,8.33,0.893,0.14299999999999996,33.93,17.59,10.19,27.78,30.51,21.62,125.0,0.236,25.0,20.0,9.0,7.2,0.611,0.0549999999999999,21.33,9.53,20.76,30.3,26.11,16.67
747186,2024-06-29,2024,671732,L,623149,R,strikeout,True,False,127.0,0.196,36.0,28.35,14.0,11.02,0.578,0.09899999999999998,28.63,12.71,18.05,30.76,25.61,20.83,107.0,0.216,29.0,27.1,3.0,2.8,0.616,0.157,31.16,14.83,17.7,32.54,26.94,22.48,25.0,0.091,5.0,20.0,3.0,12.0,0.29100000000000004,0.0,16.28,7.78,14.44,22.22,20.0,20.0,120.0,0.202,39.0,32.5,15.0,12.5,0.6779999999999999,0.173,29.17,13.65,18.13,31.77,23.77,22.29
747186,2024-06-29,2024,668709,L,623149,R,field_out,False,False,275.0,0.256,50.0,18.18,31.0,11.27,0.789,0.19,24.73,10.75,16.96,27.71,22.74,17.79,232.0,0.209,53.0,22.84,35.0,15.09,0.726,0.184,28.61,12.18,15.3,27.48,19.27,20.46,25.0,0.091,5.0,20.0,3.0,12.0,0.29100000000000004,0.0,16.28,7.78,14.44,22.22,20.0,20.0,120.0,0.202,39.0,32.5,15.0,12.5,0.6779999999999999,0.173,29.17,13.65,18.13,31.77,23.77,22.29
747186,2024-06-29,2024,609280,R,623149,R,field_out,False,False,110.0,0.295,16.0,14.55,4.0,3.64,0.6990000000000001,0.08600000000000002,16.75,8.39,17.75,26.14,33.65,13.68,52.0,0.229,6.0,11.54,4.0,7.69,0.705,0.1879999999999999,14.58,7.49,13.9,21.39,30.93,12.77,28.0,0.115,7.0,25.0,0.0,0.0,0.448,0.15400000000000003,25.76,15.04,15.04,30.09,18.42,17.5,129.0,0.214,41.0,31.78,9.0,6.98,0.6060000000000001,0.119,29.35,15.31,15.5,30.81,33.61,22.65
746940,2024-06-29,2024,650333,L,656557,R,field_out,False,False,217.0,0.341,5.0,2.3,9.0,4.15,0.804,0.09299999999999997,6.12,2.98,19.17,22.15,34.46,2.79,479.0,0.362,17.0,3.55,31.0,6.47,0.891,0.122,6.51,3.2,16.58,19.78,31.29,4.11,220.0,0.196,45.0,20.45,11.0,5.0,0.491,0.043999999999999984,20.51,9.89,19.78,29.67,27.64,20.45,240.0,0.271,51.0,21.25,25.0,10.42,0.858,0.2309999999999999,28.05,13.03,14.96,27.99,27.35,19.69
746940,2024-06-29,2024,595777,L,656557,R,strikeout,True,False,226.0,0.309,39.0,17.26,28.0,12.39,0.8700000000000001,0.15700000000000003,18.31,8.46,14.27,22.73,22.2,12.58,375.0,0.229,68.0,18.13,37.0,9.87,0.6559999999999999,0.1159999999999999,21.66,10.43,14.17,24.61,26.12,14.59,220.0,0.196,45.0,20.45,11.0,5.0,0.491,0.043999999999999984,20.51,9.89,19.78,29.67,27.64,20.45,240.0,0.271,51.0,21.25,25.0,10.42,0.858,0.2309999999999999,28.05,13.03,14.96,27.99,27.35,19.69
746940,2024-06-29,2024,630105,L,656557,R,field_out,False,False,231.0,0.282,38.0,16.45,17.0,7.36,0.8560000000000001,0.23300000000000004,17.97,8.37,16.95,25.32,23.77,13.62,367.0,0.23,59.0,16.08,36.0,9.81,0.7,0.154,14.92,6.99,16.69,23.68,24.61,14.08,220.0,0.196,45.0,20.45,11.0,5.0,0.491,0.043999999999999984,20.51,9.89,19.78,29.67,27.64,20.45,240.0,0.271,51.0,21.25,25.0,10.42,0.858,0.2309999999999999,28.05,13.03,14.96,27.99,27.35,19.69
746940,2024-06-29,2024,680776,L,650633,R,field_out,False,False,260.0,0.3,54.0,20.77,20.0,7.69,0.908,0.25300000000000006,23.41,11.25,14.71,25.96,26.71,18.69,314.0,0.296,75.0,23.89,21.0,6.69,0.84,0.195,24.68,12.92,13.75,26.67,30.3,19.02,190.0,0.24,46.0,24.21,20.0,10.53,0.7150000000000001,0.14900000000000002,27.71,11.87,19.92,31.79,30.35,22.89,182.0,0.179,48.0,26.37,17.0,9.34,0.542,0.099,26.86,11.79,18.61,30.4,25.21,24.87
746940,2024-06-29,2024,677800,L,650633,R,strikeout,True,False,177.0,0.278,44.0,24.86,17.0,9.6,0.853,0.22799999999999998,29.88,14.31,15.44,29.75,25.65,20.0,75.0,0.333,18.0,24.0,9.0,12.0,0.928,0.182,30.07,13.61,16.77,30.38,23.72,18.0,190.0,0.24,46.0,24.21,20.0,10.53,0.7150000000000001,0.14900000000000002,27.71,11.87,19.92,31.79,30.35,22.89,182.0,0.179,48.0,26.37,17.0,9.34,0.542,0.099,26.86,11.79,18.61,30.4,25.21,24.87
746940,2024-06-29,2024,641933,R,650633,R,strikeout,True,False,160.0,0.215,52.0,32.5,13.0,8.12,0.739,0.23600000000000002,32.24,14.74,17.14,31.88,27.66,23.74,187.0,0.233,53.0,28.34,15.0,8.02,0.6839999999999999,0.157,29.39,13.29,17.12,30.41,25.99,26.5,194.0,0.22,58.0,29.9,15.0,7.73,0.654,0.153,27.23,13.0,18.25,31.25,29.8,19.53,249.0,0.259,79.0,31.73,15.0,6.02,0.708,0.136,31.36,12.93,23.52,36.46,30.93,26.69
746940,2024-06-29,2024,592518,R,656557,R,field_out,False,False,216.0,0.279,46.0,21.3,10.0,4.63,0.685,0.09399999999999997,24.05,12.3,14.49,26.8,29.31,19.25,452.0,0.241,83.0,18.36,36.0,7.96,0.747,0.205,24.68,12.42,14.05,26.47,29.58,16.9,196.0,0.227,56.0,28.57,7.0,3.57,0.567,0.06999999999999998,25.99,12.59,21.75,34.34,37.95,24.03,225.0,0.236,48.0,21.33,16.0,7.11,0.622,0.089,29.72,14.27,17.37,31.64,31.71,21.52
746940,2024-06-29,2024,456781,R,656557,R,single,False,False,68.0,0.267,15.0,22.06,4.0,5.88,0.688,0.08299999999999996,19.23,9.12,21.53,30.66,31.71,15.46,297.0,0.28,68.0,22.9,29.0,9.76,0.766,0.1059999999999999,26.06,12.14,17.61,29.74,28.81,17.48,196.0,0.227,56.0,28.57,7.0,3.57,0.567,0.06999999999999998,25.99,12.59,21.75,34.34,37.95,24.03,225.0,0.236,48.0,21.33,16.0,7.11,0.622,0.089,29.72,14.27,17.37,31.64,31.71,21.52
746940,2024-06-29,2024,701538,L,656557,R,single,False,False,196.0,0.317,34.0,17.35,10.0,5.1,0.831,0.15799999999999997,18.11,9.95,12.81,22.75,35.79,13.98,,,,,,,,,,,,,,,220.0,0.196,45.0,20.45,11.0,5.0,0.491,0.043999999999999984,20.51,9.89,19.78,29.67,27.64,20.45,240.0,0.271,51.0,21.25,25.0,10.42,0.858,0.2309999999999999,28.05,13.03,14.96,27.99,27.35,19.69
746940,2024-06-29,2024,673490,R,656557,R,single,False,False,220.0,0.246,37.0,16.82,31.0,14.09,0.7769999999999999,0.176,17.72,6.34,24.7,31.04,17.43,12.09,435.0,0.241,94.0,21.61,55.0,12.64,0.681,0.1,18.8,7.03,23.65,30.68,19.23,15.59,196.0,0.227,56.0,28.57,7.0,3.57,0.567,0.06999999999999998,25.99,12.59,21.75,34.34,37.95,24.03,225.0,0.236,48.0,21.33,16.0,7.11,0.622,0.089,29.72,14.27,17.37,31.64,31.71,21.52
746940,2024-06-29,2024,664954,L,656557,R,strikeout,True,False,4.0,0.25,2.0,50.0,0.0,0.0,0.5,0.0,27.27,21.43,0.0,21.43,66.67,50.0,69.0,0.197,13.0,18.84,2.0,2.9,0.4589999999999999,0.0449999999999999,16.38,7.98,13.87,21.85,26.67,27.66,220.0,0.196,45.0,20.45,11.0,5.0,0.491,0.043999999999999984,20.51,9.89,19.78,29.67,27.64,20.45,240.0,0.271,51.0,21.25,25.0,10.42,0.858,0.2309999999999999,28.05,13.03,14.96,27.99,27.35,19.69
746940,2024-06-29,2024,669369,L,656557,R,field_out,False,False,9.0,0.25,2.0,22.22,1.0,11.11,0.708,0.125,20.0,9.38,15.62,25.0,18.75,16.67,20.0,0.059,7.0,35.0,2.0,10.0,0.385,0.176,25.81,10.53,25.0,35.53,18.18,35.0,220.0,0.196,45.0,20.45,11.0,5.0,0.491,0.043999999999999984,20.51,9.89,19.78,29.67,27.64,20.45,240.0,0.271,51.0,21.25,25.0,10.42,0.858,0.2309999999999999,28.05,13.03,14.96,27.99,27.35,19.69
746940,2024-06-29,2024,646240,L,650633,R,strikeout,True,False,198.0,0.298,35.0,17.68,27.0,13.64,1.02,0.333,25.07,11.88,12.64,24.53,29.5,15.28,469.0,0.27,89.0,18.98,51.0,10.87,0.863,0.235,25.44,13.04,9.74,22.78,33.05,15.06,190.0,0.24,46.0,24.21,20.0,10.53,0.7150000000000001,0.14900000000000002,27.71,11.87,19.92,31.79,30.35,22.89,182.0,0.179,48.0,26.37,17.0,9.34,0.542,0.099,26.86,11.79,18.61,30.4,25.21,24.87
746940,2024-06-29,2024,807799,L,650633,R,field_out,False,False,110.0,0.286,16.0,14.55,7.0,6.36,0.746,0.10200000000000004,16.49,7.18,19.44,26.62,23.7,13.33,437.0,0.293,58.0,13.27,22.0,5.03,0.795,0.167,17.2,7.54,21.09,28.63,28.96,13.65,190.0,0.24,46.0,24.21,20.0,10.53,0.7150000000000001,0.14900000000000002,27.71,11.87,19.92,31.79,30.35,22.89,182.0,0.179,48.0,26.37,17.0,9.34,0.542,0.099,26.86,11.79,18.61,30.4,25.21,24.87
746940,2024-06-29,2024,657136,R,650633,R,field_out,False,False,148.0,0.319,29.0,19.59,4.0,2.7,0.813,0.133,28.15,14.79,14.79,29.57,32.39,19.73,296.0,0.262,94.0,31.76,13.0,4.39,0.734,0.1669999999999999,32.08,16.95,15.14,32.09,35.28,27.01,194.0,0.22,58.0,29.9,15.0,7.73,0.654,0.153,27.23,13.0,18.25,31.25,29.8,19.53,249.0,0.259,79.0,31.73,15.0,6.02,0.708,0.136,31.36,12.93,23.52,36.46,30.93,26.69
746940,2024-06-29,2024,650333,L,656557,R,single,False,False,217.0,0.341,5.0,2.3,9.0,4.15,0.804,0.09299999999999997,6.12,2.98,19.17,22.15,34.46,2.79,479.0,0.362,17.0,3.55,31.0,6.47,0.891,0.122,6.51,3.2,16.58,19.78,31.29,4.11,220.0,0.196,45.0,20.45,11.0,5.0,0.491,0.043999999999999984,20.51,9.89,19.78,29.67,27.64,20.45,240.0,0.271,51.0,21.25,25.0,10.42,0.858,0.2309999999999999,28.05,13.03,14.96,27.99,27.35,19.69
746940,2024-06-29,2024,595777,L,656557,R,strikeout,True,False,226.0,0.309,39.0,17.26,28.0,12.39,0.8700000000000001,0.15700000000000003,18.31,8.46,14.27,22.73,22.2,12.58,375.0,0.229,68.0,18.13,37.0,9.87,0.6559999999999999,0.1159999999999999,21.66,10.43,14.17,24.61,26.12,14.59,220.0,0.196,45.0,20.45,11.0,5.0,0.491,0.043999999999999984,20.51,9.89,19.78,29.67,27.64,20.45,240.0,0.271,51.0,21.25,25.0,10.42,0.858,0.2309999999999999,28.05,13.03,14.96,27.99,27.35,19.69
746940,2024-06-29,2024,630105,L,656557,R,strikeout,True,False,231.0,0.282,38.0,16.45,17.0,7.36,0.8560000000000001,0.23300000000000004,17.97,8.37,16.95,25.32,23.77,13.62,367.0,0.23,59.0,16.08,36.0,9.81,0.7,0.154,14.92,6.99,16.69,23.68,24.61,14.08,220.0,0.196,45.0,20.45,11.0,5.0,0.491,0.043999999999999984,20.51,9.89,19.78,29.67,27.64,20.45,240.0,0.271,51.0,21.25,25.0,10.42,0.858,0.2309999999999999,28.05,13.03,14.96,27.99,27.35,19.69
746940,2024-06-29,2024,592518,R,656557,R,home_run,False,False,216.0,0.279,46.0,21.3,10.0,4.63,0.685,0.09399999999999997,24.05,12.3,14.49,26.8,29.31,19.25,452.0,0.241,83.0,18.36,36.0,7.96,0.747,0.205,24.68,12.42,14.05,26.47,29.58,16.9,196.0,0.227,56.0,28.57,7.0,3.57,0.567,0.06999999999999998,25.99,12.59,21.75,34.34,37.95,24.03,225.0,0.236,48.0,21.33,16.0,7.11,0.622,0.089,29.72,14.27,17.37,31.64,31.71,21.52
746940,2024-06-29,2024,456781,R,656557,R,field_out,False,False,68.0,0.267,15.0,22.06,4.0,5.88,0.688,0.08299999999999996,19.23,9.12,21.53,30.66,31.71,15.46,297.0,0.28,68.0,22.9,29.0,9.76,0.766,0.1059999999999999,26.06,12.14,17.61,29.74,28.81,17.48,196.0,0.227,56.0,28.57,7.0,3.57,0.567,0.06999999999999998,25.99,12.59,21.75,34.34,37.95,24.03,225.0,0.236,48.0,21.33,16.0,7.11,0.622,0.089,29.72,14.27,17.37,31.64,31.71,21.52
746940,2024-06-29,2024,665839,L,650633,R,field_out,False,False,135.0,0.244,33.0,24.44,9.0,6.67,0.7609999999999999,0.22799999999999998,20.82,9.31,20.44,29.74,28.52,18.18,133.0,0.28,32.0,24.06,7.0,5.26,0.806,0.2079999999999999,23.05,10.04,20.07,30.11,28.72,21.48,190.0,0.24,46.0,24.21,20.0,10.53,0.7150000000000001,0.14900000000000002,27.71,11.87,19.92,31.79,30.35,22.89,182.0,0.179,48.0,26.37,17.0,9.34,0.542,0.099,26.86,11.79,18.61,30.4,25.21,24.87
746940,2024-06-29,2024,642086,L,650633,R,single,False,False,136.0,0.186,26.0,19.12,15.0,11.03,0.565,0.08500000000000002,23.87,11.42,15.35,26.77,28.74,19.12,414.0,0.263,62.0,14.98,33.0,7.97,0.736,0.135,19.9,10.09,14.56,24.65,32.27,13.42,190.0,0.24,46.0,24.21,20.0,10.53,0.7150000000000001,0.14900000000000002,27.71,11.87,19.92,31.79,30.35,22.89,182.0,0.179,48.0,26.37,17.0,9.34,0.542,0.099,26.86,11.79,18.61,30.4,25.21,24.87
746940,2024-06-29,2024,678882,R,650633,R,field_out,False,False,218.0,0.237,57.0,26.15,5.0,2.29,0.625,0.13,33.19,20.63,11.3,31.93,45.84,23.27,62.0,0.263,20.0,32.26,3.0,4.84,0.6739999999999999,0.1049999999999999,27.08,15.6,11.2,26.8,42.11,22.22,194.0,0.22,58.0,29.9,15.0,7.73,0.654,0.153,27.23,13.0,18.25,31.25,29.8,19.53,249.0,0.259,79.0,31.73,15.0,6.02,0.708,0.136,31.36,12.93,23.52,36.46,30.93,26.69
746940,2024-06-29,2024,680776,L,650633,R,strikeout,True,False,260.0,0.3,54.0,20.77,20.0,7.69,0.908,0.25300000000000006,23.41,11.25,14.71,25.96,26.71,18.69,314.0,0.296,75.0,23.89,21.0,6.69,0.84,0.195,24.68,12.92,13.75,26.67,30.3,19.02,190.0,0.24,46.0,24.21,20.0,10.53,0.7150000000000001,0.14900000000000002,27.71,11.87,19.92,31.79,30.35,22.89,182.0,0.179,48.0,26.37,17.0,9.34,0.542,0.099,26.86,11.79,18.61,30.4,25.21,24.87
746940,2024-06-29,2024,701538,L,656557,R,home_run,False,False,196.0,0.317,34.0,17.35,10.0,5.1,0.831,0.15799999999999997,18.11,9.95,12.81,22.75,35.79,13.98,,,,,,,,,,,,,,,220.0,0.196,45.0,20.45,11.0,5.0,0.491,0.043999999999999984,20.51,9.89,19.78,29.67,27.64,20.45,240.0,0.271,51.0,21.25,25.0,10.42,0.858,0.2309999999999999,28.05,13.03,14.96,27.99,27.35,19.69
746940,2024-06-29,2024,673490,R,656557,R,field_out,False,False,220.0,0.246,37.0,16.82,31.0,14.09,0.7769999999999999,0.176,17.72,6.34,24.7,31.04,17.43,12.09,435.0,0.241,94.0,21.61,55.0,12.64,0.681,0.1,18.8,7.03,23.65,30.68,19.23,15.59,196.0,0.227,56.0,28.57,7.0,3.57,0.567,0.06999999999999998,25.99,12.59,21.75,34.34,37.95,24.03,225.0,0.236,48.0,21.33,16.0,7.11,0.622,0.089,29.72,14.27,17.37,31.64,31.71,21.52
746940,2024-06-29,2024,664954,L,656557,R,field_out,False,False,4.0,0.25,2.0,50.0,0.0,0.0,0.5,0.0,27.27,21.43,0.0,21.43,66.67,50.0,69.0,0.197,13.0,18.84,2.0,2.9,0.4589999999999999,0.0449999999999999,16.38,7.98,13.87,21.85,26.67,27.66,220.0,0.196,45.0,20.45,11.0,5.0,0.491,0.043999999999999984,20.51,9.89,19.78,29.67,27.64,20.45,240.0,0.271,51.0,21.25,25.0,10.42,0.858,0.2309999999999999,28.05,13.03,14.96,27.99,27.35,19.69
746940,2024-06-29,2024,669369,L,656557,R,field_out,False,False,9.0,0.25,2.0,22.22,1.0,11.11,0.708,0.125,20.0,9.38,15.62,25.0,18.75,16.67,20.0,0.059,7.0,35.0,2.0,10.0,0.385,0.176,25.81,10.53,25.0,35.53,18.18,35.0,220.0,0.196,45.0,20.45,11.0,5.0,0.491,0.043999999999999984,20.51,9.89,19.78,29.67,27.64,20.45,240.0,0.271,51.0,21.25,25.0,10.42,0.858,0.2309999999999999,28.05,13.03,14.96,27.99,27.35,19.69
746940,2024-06-29,2024,677800,L,650633,R,double,False,False,177.0,0.278,44.0,24.86,17.0,9.6,0.853,0.22799999999999998,29.88,14.31,15.44,29.75,25.65,20.0,75.0,0.333,18.0,24.0,9.0,12.0,0.928,0.182,30.07,13.61,16.77,30.38,23.72,18.0,190.0,0.24,46.0,24.21,20.0,10.53,0.7150000000000001,0.14900000000000002,27.71,11.87,19.92,31.79,30.35,22.89,182.0,0.179,48.0,26.37,17.0,9.34,0.542,0.099,26.86,11.79,18.61,30.4,25.21,24.87
746940,2024-06-29,2024,641933,R,650633,R,field_out,False,False,160.0,0.215,52.0,32.5,13.0,8.12,0.739,0.23600000000000002,32.24,14.74,17.14,31.88,27.66,23.74,187.0,0.233,53.0,28.34,15.0,8.02,0.6839999999999999,0.157,29.39,13.29,17.12,30.41,25.99,26.5,194.0,0.22,58.0,29.9,15.0,7.73,0.654,0.153,27.23,13.0,18.25,31.25,29.8,19.53,249.0,0.259,79.0,31.73,15.0,6.02,0.708,0.136,31.36,12.93,23.52,36.46,30.93,26.69
746940,2024-06-29,2024,646240,L,650633,R,field_out,False,False,198.0,0.298,35.0,17.68,27.0,13.64,1.02,0.333,25.07,11.88,12.64,24.53,29.5,15.28,469.0,0.27,89.0,18.98,51.0,10.87,0.863,0.235,25.44,13.04,9.74,22.78,33.05,15.06,190.0,0.24,46.0,24.21,20.0,10.53,0.7150000000000001,0.14900000000000002,27.71,11.87,19.92,31.79,30.35,22.89,182.0,0.179,48.0,26.37,17.0,9.34,0.542,0.099,26.86,11.79,18.61,30.4,25.21,24.87
746940,2024-06-29,2024,807799,L,650633,R,field_out,False,False,110.0,0.286,16.0,14.55,7.0,6.36,0.746,0.10200000000000004,16.49,7.18,19.44,26.62,23.7,13.33,437.0,0.293,58.0,13.27,22.0,5.03,0.795,0.167,17.2,7.54,21.09,28.63,28.96,13.65,190.0,0.24,46.0,24.21,20.0,10.53,0.7150000000000001,0.14900000000000002,27.71,11.87,19.92,31.79,30.35,22.89,182.0,0.179,48.0,26.37,17.0,9.34,0.542,0.099,26.86,11.79,18.61,30.4,25.21,24.87
746940,2024-06-29,2024,650333,L,656557,R,walk,False,True,217.0,0.341,5.0,2.3,9.0,4.15,0.804,0.09299999999999997,6.12,2.98,19.17,22.15,34.46,2.79,479.0,0.362,17.0,3.55,31.0,6.47,0.891,0.122,6.51,3.2,16.58,19.78,31.29,4.11,220.0,0.196,45.0,20.45,11.0,5.0,0.491,0.043999999999999984,20.51,9.89,19.78,29.67,27.64,20.45,240.0,0.271,51.0,21.25,25.0,10.42,0.858,0.2309999999999999,28.05,13.03,14.96,27.99,27.35,19.69
746940,2024-06-29,2024,595777,L,656557,R,single,False,False,226.0,0.309,39.0,17.26,28.0,12.39,0.8700000000000001,0.15700000000000003,18.31,8.46,14.27,22.73,22.2,12.58,375.0,0.229,68.0,18.13,37.0,9.87,0.6559999999999999,0.1159999999999999,21.66,10.43,14.17,24.61,26.12,14.59,220.0,0.196,45.0,20.45,11.0,5.0,0.491,0.043999999999999984,20.51,9.89,19.78,29.67,27.64,20.45,240.0,0.271,51.0,21.25,25.0,10.42,0.858,0.2309999999999999,28.05,13.03,14.96,27.99,27.35,19.69
746940,2024-06-29,2024,630105,L,656557,R,single,False,False,231.0,0.282,38.0,16.45,17.0,7.36,0.8560000000000001,0.23300000000000004,17.97,8.37,16.95,25.32,23.77,13.62,367.0,0.23,59.0,16.08,36.0,9.81,0.7,0.154,14.92,6.99,16.69,23.68,24.61,14.08,220.0,0.196,45.0,20.45,11.0,5.0,0.491,0.043999999999999984,20.51,9.89,19.78,29.67,27.64,20.45,240.0,0.271,51.0,21.25,25.0,10.42,0.858,0.2309999999999999,28.05,13.03,14.96,27.99,27.35,19.69
746940,2024-06-29,2024,592518,R,656557,R,home_run,False,False,216.0,0.279,46.0,21.3,10.0,4.63,0.685,0.09399999999999997,24.05,12.3,14.49,26.8,29.31,19.25,452.0,0.241,83.0,18.36,36.0,7.96,0.747,0.205,24.68,12.42,14.05,26.47,29.58,16.9,196.0,0.227,56.0,28.57,7.0,3.57,0.567,0.06999999999999998,25.99,12.59,21.75,34.34,37.95,24.03,225.0,0.236,48.0,21.33,16.0,7.11,0.622,0.089,29.72,14.27,17.37,31.64,31.71,21.52
746940,2024-06-29,2024,456781,R,656557,R,field_out,False,False,68.0,0.267,15.0,22.06,4.0,5.88,0.688,0.08299999999999996,19.23,9.12,21.53,30.66,31.71,15.46,297.0,0.28,68.0,22.9,29.0,9.76,0.766,0.1059999999999999,26.06,12.14,17.61,29.74,28.81,17.48,196.0,0.227,56.0,28.57,7.0,3.57,0.567,0.06999999999999998,25.99,12.59,21.75,34.34,37.95,24.03,225.0,0.236,48.0,21.33,16.0,7.11,0.622,0.089,29.72,14.27,17.37,31.64,31.71,21.52
746940,2024-06-29,2024,701538,L,690544,L,field_out,False,False,94.0,0.213,11.0,11.7,4.0,4.26,0.616,0.158,17.88,9.33,13.41,22.74,30.64,11.46,,,,,,,,,,,,,,,,,,,,,,,,,,,,,,,,,,,,,,,,,,
746940,2024-06-29,2024,673490,R,690544,L,single,False,False,102.0,0.193,15.0,14.71,13.0,12.75,0.627,0.137,14.2,5.44,21.99,27.42,15.98,12.82,191.0,0.302,30.0,15.71,20.0,10.47,0.897,0.219,15.84,6.63,22.21,28.83,23.47,11.49,,,,,,,,,,,,,,,,,,,,,,,,,,,,
746940,2024-06-29,2024,664954,L,690544,L,home_run,False,False,1.0,0.0,0.0,0.0,0.0,0.0,0.0,0.0,0.0,0.0,50.0,50.0,,,18.0,0.267,6.0,33.33,2.0,11.11,0.8200000000000001,0.2,28.0,11.11,22.22,33.33,26.67,40.0,,,,,,,,,,,,,,,,,,,,,,,,,,,,
746940,2024-06-29,2024,669369,R,690544,L,strikeout,True,False,6.0,0.0,1.0,16.67,1.0,16.67,0.2,0.0,37.5,16.67,11.11,27.78,33.33,100.0,28.0,0.231,8.0,28.57,2.0,7.14,0.5549999999999999,0.038,33.33,17.0,16.0,33.0,35.85,25.81,,,,,,,,,,,,,,,,,,,,,,,,,,,,
746940,2024-06-29,2024,657136,R,650633,R,single,False,False,148.0,0.319,29.0,19.59,4.0,2.7,0.813,0.133,28.15,14.79,14.79,29.57,32.39,19.73,296.0,0.262,94.0,31.76,13.0,4.39,0.734,0.1669999999999999,32.08,16.95,15.14,32.09,35.28,27.01,194.0,0.22,58.0,29.9,15.0,7.73,0.654,0.153,27.23,13.0,18.25,31.25,29.8,19.53,249.0,0.259,79.0,31.73,15.0,6.02,0.708,0.136,31.36,12.93,23.52,36.46,30.93,26.69
746940,2024-06-29,2024,665839,L,650633,R,walk,False,True,135.0,0.244,33.0,24.44,9.0,6.67,0.7609999999999999,0.22799999999999998,20.82,9.31,20.44,29.74,28.52,18.18,133.0,0.28,32.0,24.06,7.0,5.26,0.806,0.2079999999999999,23.05,10.04,20.07,30.11,28.72,21.48,190.0,0.24,46.0,24.21,20.0,10.53,0.7150000000000001,0.14900000000000002,27.71,11.87,19.92,31.79,30.35,22.89,182.0,0.179,48.0,26.37,17.0,9.34,0.542,0.099,26.86,11.79,18.61,30.4,25.21,24.87
746940,2024-06-29,2024,642086,L,650633,R,strikeout,True,False,136.0,0.186,26.0,19.12,15.0,11.03,0.565,0.08500000000000002,23.87,11.42,15.35,26.77,28.74,19.12,414.0,0.263,62.0,14.98,33.0,7.97,0.736,0.135,19.9,10.09,14.56,24.65,32.27,13.42,190.0,0.24,46.0,24.21,20.0,10.53,0.7150000000000001,0.14900000000000002,27.71,11.87,19.92,31.79,30.35,22.89,182.0,0.179,48.0,26.37,17.0,9.34,0.542,0.099,26.86,11.79,18.61,30.4,25.21,24.87
746940,2024-06-29,2024,678882,R,650633,R,grounded_into_double_play,False,False,218.0,0.237,57.0,26.15,5.0,2.29,0.625,0.13,33.19,20.63,11.3,31.93,45.84,23.27,62.0,0.263,20.0,32.26,3.0,4.84,0.6739999999999999,0.1049999999999999,27.08,15.6,11.2,26.8,42.11,22.22,194.0,0.22,58.0,29.9,15.0,7.73,0.654,0.153,27.23,13.0,18.25,31.25,29.8,19.53,249.0,0.259,79.0,31.73,15.0,6.02,0.708,0.136,31.36,12.93,23.52,36.46,30.93,26.69
746940,2024-06-29,2024,650333,L,690544,L,double,False,False,148.0,0.266,15.0,10.14,5.0,3.38,0.62,0.04299999999999998,12.35,5.85,20.19,26.04,33.33,11.03,138.0,0.326,17.0,12.32,4.0,2.9,0.76,0.0909999999999999,12.5,6.61,16.32,22.93,33.48,12.88,,,,,,,,,,,,,,,,,,,,,,,,,,,,
746940,2024-06-29,2024,595777,R,690544,L,field_out,False,False,107.0,0.337,8.0,7.48,13.0,12.15,0.958,0.196,14.44,6.21,16.71,22.91,22.86,5.98,147.0,0.275,22.0,14.97,13.0,8.84,0.774,0.1519999999999999,15.44,6.84,17.44,24.27,22.81,13.33,,,,,,,,,,,,,,,,,,,,,,,,,,,,
746940,2024-06-29,2024,630105,L,690544,L,field_out,False,False,110.0,0.204,20.0,18.18,9.0,8.18,0.558,0.07200000000000004,17.56,7.98,15.3,23.28,20.28,14.81,156.0,0.229,38.0,24.36,10.0,6.41,0.665,0.1349999999999999,18.48,9.0,20.1,29.1,30.82,17.84,,,,,,,,,,,,,,,,,,,,,,,,,,,,
746940,2024-06-29,2024,592518,R,690544,L,field_out,False,False,96.0,0.244,21.0,21.88,10.0,10.42,0.742,0.175,29.45,13.68,14.53,28.21,25.99,20.41,150.0,0.308,26.0,17.33,14.0,9.33,0.887,0.203,21.32,9.67,16.52,26.19,28.38,16.56,,,,,,,,,,,,,,,,,,,,,,,,,,,,
746940,2024-06-29,2024,680776,L,650633,R,home_run,False,False,260.0,0.3,54.0,20.77,20.0,7.69,0.908,0.25300000000000006,23.41,11.25,14.71,25.96,26.71,18.69,314.0,0.296,75.0,23.89,21.0,6.69,0.84,0.195,24.68,12.92,13.75,26.67,30.3,19.02,190.0,0.24,46.0,24.21,20.0,10.53,0.7150000000000001,0.14900000000000002,27.71,11.87,19.92,31.79,30.35,22.89,182.0,0.179,48.0,26.37,17.0,9.34,0.542,0.099,26.86,11.79,18.61,30.4,25.21,24.87
746940,2024-06-29,2024,677800,L,650633,R,single,False,False,177.0,0.278,44.0,24.86,17.0,9.6,0.853,0.22799999999999998,29.88,14.31,15.44,29.75,25.65,20.0,75.0,0.333,18.0,24.0,9.0,12.0,0.928,0.182,30.07,13.61,16.77,30.38,23.72,18.0,190.0,0.24,46.0,24.21,20.0,10.53,0.7150000000000001,0.14900000000000002,27.71,11.87,19.92,31.79,30.35,22.89,182.0,0.179,48.0,26.37,17.0,9.34,0.542,0.099,26.86,11.79,18.61,30.4,25.21,24.87
746940,2024-06-29,2024,641933,R,650633,R,strikeout,True,False,160.0,0.215,52.0,32.5,13.0,8.12,0.739,0.23600000000000002,32.24,14.74,17.14,31.88,27.66,23.74,187.0,0.233,53.0,28.34,15.0,8.02,0.6839999999999999,0.157,29.39,13.29,17.12,30.41,25.99,26.5,194.0,0.22,58.0,29.9,15.0,7.73,0.654,0.153,27.23,13.0,18.25,31.25,29.8,19.53,249.0,0.259,79.0,31.73,15.0,6.02,0.708,0.136,31.36,12.93,23.52,36.46,30.93,26.69
746940,2024-06-29,2024,646240,L,650633,R,grounded_into_double_play,False,False,198.0,0.298,35.0,17.68,27.0,13.64,1.02,0.333,25.07,11.88,12.64,24.53,29.5,15.28,469.0,0.27,89.0,18.98,51.0,10.87,0.863,0.235,25.44,13.04,9.74,22.78,33.05,15.06,190.0,0.24,46.0,24.21,20.0,10.53,0.7150000000000001,0.14900000000000002,27.71,11.87,19.92,31.79,30.35,22.89,182.0,0.179,48.0,26.37,17.0,9.34,0.542,0.099,26.86,11.79,18.61,30.4,25.21,24.87
746940,2024-06-29,2024,456781,R,690544,L,field_out,False,False,70.0,0.306,12.0,17.14,8.0,11.43,0.8380000000000001,0.14600000000000002,24.82,10.79,19.37,30.16,24.38,11.88,153.0,0.286,32.0,20.92,11.0,7.19,0.746,0.114,24.12,11.77,18.21,29.98,32.04,14.35,,,,,,,,,,,,,,,,,,,,,,,,,,,,
746940,2024-06-29,2024,701538,L,690544,L,field_out,False,False,94.0,0.213,11.0,11.7,4.0,4.26,0.616,0.158,17.88,9.33,13.41,22.74,30.64,11.46,,,,,,,,,,,,,,,,,,,,,,,,,,,,,,,,,,,,,,,,,,
746940,2024-06-29,2024,673490,R,690544,L,walk,False,True,102.0,0.193,15.0,14.71,13.0,12.75,0.627,0.137,14.2,5.44,21.99,27.42,15.98,12.82,191.0,0.302,30.0,15.71,20.0,10.47,0.897,0.219,15.84,6.63,22.21,28.83,23.47,11.49,,,,,,,,,,,,,,,,,,,,,,,,,,,,
746940,2024-06-29,2024,664954,L,690544,L,single,False,False,1.0,0.0,0.0,0.0,0.0,0.0,0.0,0.0,0.0,0.0,50.0,50.0,,,18.0,0.267,6.0,33.33,2.0,11.11,0.8200000000000001,0.2,28.0,11.11,22.22,33.33,26.67,40.0,,,,,,,,,,,,,,,,,,,,,,,,,,,,
746940,2024-06-29,2024,669369,R,690544,L,walk,False,True,6.0,0.0,1.0,16.67,1.0,16.67,0.2,0.0,37.5,16.67,11.11,27.78,33.33,100.0,28.0,0.231,8.0,28.57,2.0,7.14,0.5549999999999999,0.038,33.33,17.0,16.0,33.0,35.85,25.81,,,,,,,,,,,,,,,,,,,,,,,,,,,,
746940,2024-06-29,2024,650333,L,690544,L,strikeout,True,False,148.0,0.266,15.0,10.14,5.0,3.38,0.62,0.04299999999999998,12.35,5.85,20.19,26.04,33.33,11.03,138.0,0.326,17.0,12.32,4.0,2.9,0.76,0.0909999999999999,12.5,6.61,16.32,22.93,33.48,12.88,,,,,,,,,,,,,,,,,,,,,,,,,,,,
746940,2024-06-29,2024,807799,L,673513,L,field_out,False,False,32.0,0.103,2.0,6.25,2.0,6.25,0.395,0.104,10.87,3.85,23.85,27.69,14.29,7.14,144.0,0.273,23.0,15.97,12.0,8.33,0.745,0.125,21.52,8.99,21.34,30.34,22.39,14.74,51.0,0.214,13.0,25.49,6.0,11.76,0.592,0.07199999999999998,32.71,15.77,13.96,29.73,32.17,17.33,,,,,,,,,,,,,,
746940,2024-06-29,2024,657136,R,673513,L,strikeout,True,False,80.0,0.348,14.0,17.5,10.0,12.5,0.96,0.17400000000000004,23.31,11.8,12.42,24.22,24.36,14.43,108.0,0.156,40.0,37.04,9.0,8.33,0.501,0.104,32.9,17.27,14.32,31.59,33.33,27.86,89.0,0.167,17.0,19.1,15.0,16.85,0.567,0.097,25.0,11.05,12.98,24.03,24.12,17.53,,,,,,,,,,,,,,
746940,2024-06-29,2024,665839,L,673513,L,double,False,False,27.0,0.043,7.0,25.93,3.0,11.11,0.197,0.0,34.69,16.67,15.69,32.35,39.34,29.17,16.0,0.143,5.0,31.25,1.0,6.25,0.393,0.0,37.5,16.98,16.98,33.96,31.03,50.0,51.0,0.214,13.0,25.49,6.0,11.76,0.592,0.07199999999999998,32.71,15.77,13.96,29.73,32.17,17.33,,,,,,,,,,,,,,
746940,2024-06-29,2024,642086,L,673513,L,strikeout,True,False,23.0,0.333,4.0,17.39,2.0,8.7,0.962,0.23799999999999993,14.63,6.12,20.41,26.53,26.0,11.43,172.0,0.234,29.0,16.86,14.0,8.14,0.588,0.0569999999999999,20.07,8.92,18.77,27.69,25.32,16.2,51.0,0.214,13.0,25.49,6.0,11.76,0.592,0.07199999999999998,32.71,15.77,13.96,29.73,32.17,17.33,,,,,,,,,,,,,,
746940,2024-06-29,2024,642180,L,677161,R,strikeout,True,False,88.0,0.224,19.0,21.59,8.0,9.09,0.556,0.025999999999999995,22.56,9.35,20.56,29.91,22.93,26.76,48.0,0.283,12.0,25.0,2.0,4.17,0.6599999999999999,0.065,24.1,10.93,22.4,33.33,28.95,20.0,50.0,0.143,12.0,24.0,8.0,16.0,0.494,0.07100000000000001,26.85,12.89,15.56,28.44,30.17,16.0,24.0,0.222,4.0,16.67,6.0,25.0,0.806,0.167,27.45,11.76,15.13,26.89,26.76,10.0
746940,2024-06-29,2024,630105,L,677161,R,field_error,False,False,231.0,0.282,38.0,16.45,17.0,7.36,0.8560000000000001,0.23300000000000004,17.97,8.37,16.95,25.32,23.77,13.62,367.0,0.23,59.0,16.08,36.0,9.81,0.7,0.154,14.92,6.99,16.69,23.68,24.61,14.08,50.0,0.143,12.0,24.0,8.0,16.0,0.494,0.07100000000000001,26.85,12.89,15.56,28.44,30.17,16.0,24.0,0.222,4.0,16.67,6.0,25.0,0.806,0.167,27.45,11.76,15.13,26.89,26.76,10.0
746940,2024-06-29,2024,592518,R,677161,R,strikeout,True,False,216.0,0.279,46.0,21.3,10.0,4.63,0.685,0.09399999999999997,24.05,12.3,14.49,26.8,29.31,19.25,452.0,0.241,83.0,18.36,36.0,7.96,0.747,0.205,24.68,12.42,14.05,26.47,29.58,16.9,61.0,0.109,18.0,29.51,5.0,8.2,0.379,0.073,32.32,13.79,22.41,36.21,28.83,25.71,19.0,0.214,2.0,10.53,2.0,10.53,0.746,0.143,13.04,4.84,20.97,25.81,24.24,16.67
746940,2024-06-29,2024,444482,L,677161,R,single,False,False,57.0,0.18,11.0,19.3,6.0,10.53,0.468,0.020000000000000018,26.98,14.91,11.4,26.32,36.28,11.76,387.0,0.253,63.0,16.28,19.0,4.91,0.6739999999999999,0.131,22.16,12.01,13.06,25.07,33.57,15.04,50.0,0.143,12.0,24.0,8.0,16.0,0.494,0.07100000000000001,26.85,12.89,15.56,28.44,30.17,16.0,24.0,0.222,4.0,16.67,6.0,25.0,0.806,0.167,27.45,11.76,15.13,26.89,26.76,10.0
746940,2024-06-29,2024,701538,L,677161,R,double,False,False,196.0,0.317,34.0,17.35,10.0,5.1,0.831,0.15799999999999997,18.11,9.95,12.81,22.75,35.79,13.98,,,,,,,,,,,,,,,50.0,0.143,12.0,24.0,8.0,16.0,0.494,0.07100000000000001,26.85,12.89,15.56,28.44,30.17,16.0,24.0,0.222,4.0,16.67,6.0,25.0,0.806,0.167,27.45,11.76,15.13,26.89,26.76,10.0
746940,2024-06-29,2024,673490,R,677161,R,field_out,False,False,220.0,0.246,37.0,16.82,31.0,14.09,0.7769999999999999,0.176,17.72,6.34,24.7,31.04,17.43,12.09,435.0,0.241,94.0,21.61,55.0,12.64,0.681,0.1,18.8,7.03,23.65,30.68,19.23,15.59,61.0,0.109,18.0,29.51,5.0,8.2,0.379,0.073,32.32,13.79,22.41,36.21,28.83,25.71,19.0,0.214,2.0,10.53,2.0,10.53,0.746,0.143,13.04,4.84,20.97,25.81,24.24,16.67
746940,2024-06-29,2024,678882,R,656354,L,field_out,False,False,79.0,0.274,23.0,29.11,5.0,6.33,0.787,0.192,35.15,19.86,13.7,33.56,40.27,25.84,27.0,0.192,8.0,29.63,1.0,3.7,0.645,0.2309999999999999,36.36,19.23,14.42,33.65,30.0,24.24,3.0,0.0,1.0,33.33,0.0,0.0,0.0,0.0,25.0,6.67,20.0,26.67,20.0,33.33,,,,,,,,,,,,,,
746940,2024-06-29,2024,663853,R,656354,L,hit_by_pitch,False,False,39.0,0.324,7.0,17.95,4.0,10.26,0.7969999999999999,0.08799999999999997,29.73,14.57,13.25,27.81,32.18,18.92,37.0,0.162,15.0,40.54,0.0,0.0,0.4589999999999999,0.1349999999999999,44.44,23.36,17.52,40.88,39.73,31.91,3.0,0.0,1.0,33.33,0.0,0.0,0.0,0.0,25.0,6.67,20.0,26.67,20.0,33.33,,,,,,,,,,,,,,
746940,2024-06-29,2024,677800,L,656354,L,strikeout,True,False,31.0,0.143,9.0,29.03,3.0,9.68,0.405,0.036000000000000004,30.91,15.18,16.07,31.25,34.55,37.5,10.0,0.2,5.0,50.0,0.0,0.0,0.4,0.0,44.44,17.78,26.67,44.44,34.78,29.41,1.0,,0.0,0.0,1.0,100.0,,,,0.0,20.0,20.0,0.0,,,,,,,,,,,,,,,
746940,2024-06-29,2024,641933,R,656354,L,strikeout,True,False,80.0,0.349,24.0,30.0,17.0,21.25,1.218,0.381,28.12,9.97,18.01,27.98,19.78,23.08,79.0,0.227,14.0,17.72,13.0,16.46,0.7929999999999999,0.212,23.91,10.58,16.03,26.6,24.28,14.14,3.0,0.0,1.0,33.33,0.0,0.0,0.0,0.0,25.0,6.67,20.0,26.67,20.0,33.33,,,,,,,,,,,,,,
746940,2024-06-29,2024,664954,L,642086,L,field_out,False,False,1.0,0.0,0.0,0.0,0.0,0.0,0.0,0.0,0.0,0.0,50.0,50.0,,,18.0,0.267,6.0,33.33,2.0,11.11,0.8200000000000001,0.2,28.0,11.11,22.22,33.33,26.67,40.0,,,,,,,,,,,,,,,,,,,,,,,,,,,,
746940,2024-06-29,2024,669369,R,642086,L,field_out,False,False,6.0,0.0,1.0,16.67,1.0,16.67,0.2,0.0,37.5,16.67,11.11,27.78,33.33,100.0,28.0,0.231,8.0,28.57,2.0,7.14,0.5549999999999999,0.038,33.33,17.0,16.0,33.0,35.85,25.81,,,,,,,,,,,,,,,,,,,,,,,,,,,,
746940,2024-06-29,2024,650333,L,642086,L,single,False,False,148.0,0.266,15.0,10.14,5.0,3.38,0.62,0.04299999999999998,12.35,5.85,20.19,26.04,33.33,11.03,138.0,0.326,17.0,12.32,4.0,2.9,0.76,0.0909999999999999,12.5,6.61,16.32,22.93,33.48,12.88,,,,,,,,,,,,,,,,,,,,,,,,,,,,
746940,2024-06-29,2024,642180,L,642086,L,field_out,False,False,13.0,0.182,2.0,15.38,1.0,7.69,0.432,0.0,30.0,14.29,19.05,33.33,40.91,18.18,7.0,0.0,1.0,14.29,2.0,28.57,0.286,0.0,14.29,4.35,21.74,26.09,15.38,25.0,,,,,,,,,,,,,,,,,,,,,,,,,,,,
746940,2024-06-29,2024,646240,L,660853,R,strikeout,True,False,198.0,0.298,35.0,17.68,27.0,13.64,1.02,0.333,25.07,11.88,12.64,24.53,29.5,15.28,469.0,0.27,89.0,18.98,51.0,10.87,0.863,0.235,25.44,13.04,9.74,22.78,33.05,15.06,38.0,0.273,8.0,21.05,5.0,13.16,1.126,0.485,29.49,13.45,15.79,29.24,25.32,14.55,119.0,0.272,18.0,15.13,15.0,12.61,0.778,0.1449999999999999,17.99,8.48,14.0,22.49,22.82,10.53
746940,2024-06-29,2024,624512,L,660853,R,walk,False,True,120.0,0.204,29.0,24.17,12.0,10.0,0.57,0.07799999999999999,24.88,11.28,18.0,29.28,29.46,23.39,179.0,0.25,47.0,26.26,10.0,5.59,0.639,0.0979999999999999,22.84,12.46,16.72,29.18,42.86,22.6,38.0,0.273,8.0,21.05,5.0,13.16,1.126,0.485,29.49,13.45,15.79,29.24,25.32,14.55,119.0,0.272,18.0,15.13,15.0,12.61,0.778,0.1449999999999999,17.99,8.48,14.0,22.49,22.82,10.53
746940,2024-06-29,2024,657136,R,660853,R,field_out,False,False,148.0,0.319,29.0,19.59,4.0,2.7,0.813,0.133,28.15,14.79,14.79,29.57,32.39,19.73,296.0,0.262,94.0,31.76,13.0,4.39,0.734,0.1669999999999999,32.08,16.95,15.14,32.09,35.28,27.01,92.0,0.241,30.0,32.61,4.0,4.35,0.743,0.21900000000000003,32.86,18.57,14.85,33.42,29.41,21.13,143.0,0.171,44.0,30.77,10.0,6.99,0.516,0.093,35.46,18.12,15.04,33.15,32.74,25.88
746940,2024-06-29,2024,665839,L,660853,R,field_out,False,False,135.0,0.244,33.0,24.44,9.0,6.67,0.7609999999999999,0.22799999999999998,20.82,9.31,20.44,29.74,28.52,18.18,133.0,0.28,32.0,24.06,7.0,5.26,0.806,0.2079999999999999,23.05,10.04,20.07,30.11,28.72,21.48,38.0,0.273,8.0,21.05,5.0,13.16,1.126,0.485,29.49,13.45,15.79,29.24,25.32,14.55,119.0,0.272,18.0,15.13,15.0,12.61,0.778,0.1449999999999999,17.99,8.48,14.0,22.49,22.82,10.53
747104,2024-06-29,2024,457705,R,608331,L,strikeout,True,False,86.0,0.205,22.0,25.58,10.0,11.63,0.6819999999999999,0.151,27.03,11.53,19.02,30.55,16.36,20.18,162.0,0.261,28.0,17.28,26.0,16.05,0.7929999999999999,0.1489999999999999,24.63,9.96,18.87,28.83,20.77,14.21,273.0,0.161,63.0,23.08,22.0,8.06,0.441,0.04799999999999999,25.61,11.67,17.27,28.94,27.78,19.87,260.0,0.249,65.0,25.0,11.0,4.23,0.6379999999999999,0.1059999999999999,25.83,12.03,16.97,29.0,28.77,22.26
747104,2024-06-29,2024,668804,R,608331,L,field_out,False,False,107.0,0.28,22.0,20.56,6.0,5.61,0.768,0.16999999999999998,31.19,15.59,15.59,31.19,32.56,18.64,202.0,0.285,44.0,21.78,8.0,3.96,0.727,0.13,26.99,13.48,13.48,26.96,28.29,18.57,273.0,0.161,63.0,23.08,22.0,8.06,0.441,0.04799999999999999,25.61,11.67,17.27,28.94,27.78,19.87,260.0,0.249,65.0,25.0,11.0,4.23,0.6379999999999999,0.1059999999999999,25.83,12.03,16.97,29.0,28.77,22.26
747104,2024-06-29,2024,656582,R,608331,L,single,False,False,100.0,0.284,17.0,17.0,9.0,9.0,0.849,0.20500000000000002,21.39,9.09,17.44,26.54,21.08,13.82,193.0,0.265,40.0,20.73,23.0,11.92,0.8200000000000001,0.187,25.72,9.93,21.34,31.27,18.27,17.32,273.0,0.161,63.0,23.08,22.0,8.06,0.441,0.04799999999999999,25.61,11.67,17.27,28.94,27.78,19.87,260.0,0.249,65.0,25.0,11.0,4.23,0.6379999999999999,0.1059999999999999,25.83,12.03,16.97,29.0,28.77,22.26
747104,2024-06-29,2024,658668,R,608331,L,walk,False,True,82.0,0.219,21.0,25.61,7.0,8.54,0.718,0.206,24.69,12.31,14.15,26.46,32.1,22.58,124.0,0.277,21.0,16.94,8.0,6.45,0.857,0.241,23.89,11.66,17.06,28.73,30.49,15.91,273.0,0.161,63.0,23.08,22.0,8.06,0.441,0.04799999999999999,25.61,11.67,17.27,28.94,27.78,19.87,260.0,0.249,65.0,25.0,11.0,4.23,0.6379999999999999,0.1059999999999999,25.83,12.03,16.97,29.0,28.77,22.26
747104,2024-06-29,2024,693304,R,608331,L,field_out,False,False,45.0,0.31,13.0,28.89,1.0,2.22,0.9039999999999999,0.26099999999999995,32.94,20.59,10.29,30.88,50.0,34.21,43.0,0.158,15.0,34.88,3.0,6.98,0.5720000000000001,0.158,36.17,19.21,12.99,32.2,28.74,23.81,273.0,0.161,63.0,23.08,22.0,8.06,0.441,0.04799999999999999,25.61,11.67,17.27,28.94,27.78,19.87,260.0,0.249,65.0,25.0,11.0,4.23,0.6379999999999999,0.1059999999999999,25.83,12.03,16.97,29.0,28.77,22.26
747104,2024-06-29,2024,672284,L,694973,R,home_run,False,False,188.0,0.277,56.0,29.79,13.0,6.91,0.798,0.191,34.12,17.2,14.81,32.01,30.34,23.14,324.0,0.251,105.0,32.41,34.0,10.49,0.738,0.1569999999999999,35.42,16.4,14.8,31.2,29.2,26.99,91.0,0.214,28.0,30.77,5.0,5.49,0.554,0.08399999999999999,30.99,16.67,13.38,30.05,30.98,21.05,,,,,,,,,,,,,,
747104,2024-06-29,2024,645277,L,694973,R,single,False,False,228.0,0.217,39.0,17.11,19.0,8.33,0.639,0.12799999999999997,21.05,11.69,9.2,20.89,32.79,12.07,528.0,0.25,89.0,16.86,42.0,7.95,0.8029999999999999,0.235,20.84,11.11,9.82,20.92,33.45,13.94,91.0,0.214,28.0,30.77,5.0,5.49,0.554,0.08399999999999999,30.99,16.67,13.38,30.05,30.98,21.05,,,,,,,,,,,,,,
747104,2024-06-29,2024,542303,R,694973,R,grounded_into_double_play,False,False,238.0,0.29,51.0,21.43,24.0,10.08,0.971,0.315,30.67,14.65,12.85,27.49,26.12,18.96,453.0,0.272,109.0,24.06,44.0,9.71,0.882,0.263,27.95,13.42,14.78,28.21,29.59,18.63,91.0,0.23,33.0,36.26,3.0,3.3,0.655,0.161,29.44,15.8,17.17,32.97,31.45,23.24,,,,,,,,,,,,,,
747104,2024-06-29,2024,621566,L,694973,R,strikeout,True,False,227.0,0.226,62.0,27.31,25.0,11.01,0.6990000000000001,0.156,27.78,13.67,12.11,25.78,28.6,17.28,540.0,0.294,115.0,21.3,90.0,16.67,1.061,0.351,27.51,12.57,12.32,24.89,25.66,14.92,91.0,0.214,28.0,30.77,5.0,5.49,0.554,0.08399999999999999,30.99,16.67,13.38,30.05,30.98,21.05,,,,,,,,,,,,,,
747104,2024-06-29,2024,663647,R,608331,L,single,False,False,65.0,0.352,8.0,12.31,8.0,12.31,1.024,0.241,16.22,6.92,17.31,24.23,23.36,10.96,168.0,0.294,29.0,17.26,6.0,3.57,0.8460000000000001,0.237,20.49,9.52,20.2,29.72,31.76,19.21,273.0,0.161,63.0,23.08,22.0,8.06,0.441,0.04799999999999999,25.61,11.67,17.27,28.94,27.78,19.87,260.0,0.249,65.0,25.0,11.0,4.23,0.6379999999999999,0.1059999999999999,25.83,12.03,16.97,29.0,28.77,22.26
747104,2024-06-29,2024,669707,R,608331,L,field_out,False,False,73.0,0.203,22.0,30.14,8.0,10.96,0.522,0.031,31.69,15.79,11.93,27.72,24.64,29.33,65.0,0.293,20.0,30.77,6.0,9.23,0.7829999999999999,0.121,29.41,12.96,18.15,31.11,29.29,21.28,273.0,0.161,63.0,23.08,22.0,8.06,0.441,0.04799999999999999,25.61,11.67,17.27,28.94,27.78,19.87,260.0,0.249,65.0,25.0,11.0,4.23,0.6379999999999999,0.1059999999999999,25.83,12.03,16.97,29.0,28.77,22.26
747104,2024-06-29,2024,518735,R,608331,L,single,False,False,36.0,0.235,8.0,22.22,1.0,2.78,0.522,0.030000000000000027,26.32,12.1,25.0,37.1,34.04,25.0,97.0,0.233,25.0,25.77,9.0,9.28,0.6839999999999999,0.1389999999999999,33.14,14.22,16.91,31.13,28.82,20.66,273.0,0.161,63.0,23.08,22.0,8.06,0.441,0.04799999999999999,25.61,11.67,17.27,28.94,27.78,19.87,260.0,0.249,65.0,25.0,11.0,4.23,0.6379999999999999,0.1059999999999999,25.83,12.03,16.97,29.0,28.77,22.26
747104,2024-06-29,2024,572191,R,608331,L,strikeout,True,False,61.0,0.208,19.0,31.15,4.0,6.56,0.599,0.13200000000000003,40.15,21.63,12.24,33.88,33.61,21.84,112.0,0.252,35.0,31.25,8.0,7.14,0.914,0.35,33.49,15.52,13.36,28.88,27.65,25.18,273.0,0.161,63.0,23.08,22.0,8.06,0.441,0.04799999999999999,25.61,11.67,17.27,28.94,27.78,19.87,260.0,0.249,65.0,25.0,11.0,4.23,0.6379999999999999,0.1059999999999999,25.83,12.03,16.97,29.0,28.77,22.26
747104,2024-06-29,2024,457705,R,608331,L,field_out,False,False,86.0,0.205,22.0,25.58,10.0,11.63,0.6819999999999999,0.151,27.03,11.53,19.02,30.55,16.36,20.18,162.0,0.261,28.0,17.28,26.0,16.05,0.7929999999999999,0.1489999999999999,24.63,9.96,18.87,28.83,20.77,14.21,273.0,0.161,63.0,23.08,22.0,8.06,0.441,0.04799999999999999,25.61,11.67,17.27,28.94,27.78,19.87,260.0,0.249,65.0,25.0,11.0,4.23,0.6379999999999999,0.1059999999999999,25.83,12.03,16.97,29.0,28.77,22.26
747104,2024-06-29,2024,663586,R,694973,R,field_out,False,False,200.0,0.269,50.0,25.0,15.0,7.5,0.766,0.16499999999999998,29.82,15.08,13.31,28.39,27.69,18.92,566.0,0.28,137.0,24.2,42.0,7.42,0.841,0.2199999999999999,27.71,13.25,15.53,28.77,27.7,18.53,91.0,0.23,33.0,36.26,3.0,3.3,0.655,0.161,29.44,15.8,17.17,32.97,31.45,23.24,,,,,,,,,,,,,,
747104,2024-06-29,2024,518595,R,694973,R,field_out,False,False,132.0,0.214,29.0,21.97,10.0,7.58,0.673,0.171,33.87,16.7,15.11,31.81,26.38,21.32,226.0,0.214,50.0,22.12,12.0,5.31,0.655,0.176,27.19,14.35,12.93,27.28,28.43,19.61,91.0,0.23,33.0,36.26,3.0,3.3,0.655,0.161,29.44,15.8,17.17,32.97,31.45,23.24,,,,,,,,,,,,,,
747104,2024-06-29,2024,657088,L,694973,R,strikeout,True,False,16.0,0.286,3.0,18.75,2.0,12.5,0.661,0.0,30.77,14.29,16.07,30.36,30.0,23.08,11.0,0.333,4.0,36.36,2.0,18.18,1.011,0.223,13.04,5.45,21.82,27.27,25.93,16.67,91.0,0.214,28.0,30.77,5.0,5.49,0.554,0.08399999999999999,30.99,16.67,13.38,30.05,30.98,21.05,,,,,,,,,,,,,,
747104,2024-06-29,2024,668804,R,608331,L,field_out,False,False,107.0,0.28,22.0,20.56,6.0,5.61,0.768,0.16999999999999998,31.19,15.59,15.59,31.19,32.56,18.64,202.0,0.285,44.0,21.78,8.0,3.96,0.727,0.13,26.99,13.48,13.48,26.96,28.29,18.57,273.0,0.161,63.0,23.08,22.0,8.06,0.441,0.04799999999999999,25.61,11.67,17.27,28.94,27.78,19.87,260.0,0.249,65.0,25.0,11.0,4.23,0.6379999999999999,0.1059999999999999,25.83,12.03,16.97,29.0,28.77,22.26
747104,2024-06-29,2024,656582,R,608331,L,field_out,False,False,100.0,0.284,17.0,17.0,9.0,9.0,0.849,0.20500000000000002,21.39,9.09,17.44,26.54,21.08,13.82,193.0,0.265,40.0,20.73,23.0,11.92,0.8200000000000001,0.187,25.72,9.93,21.34,31.27,18.27,17.32,273.0,0.161,63.0,23.08,22.0,8.06,0.441,0.04799999999999999,25.61,11.67,17.27,28.94,27.78,19.87,260.0,0.249,65.0,25.0,11.0,4.23,0.6379999999999999,0.1059999999999999,25.83,12.03,16.97,29.0,28.77,22.26
747104,2024-06-29,2024,658668,R,608331,L,single,False,False,82.0,0.219,21.0,25.61,7.0,8.54,0.718,0.206,24.69,12.31,14.15,26.46,32.1,22.58,124.0,0.277,21.0,16.94,8.0,6.45,0.857,0.241,23.89,11.66,17.06,28.73,30.49,15.91,273.0,0.161,63.0,23.08,22.0,8.06,0.441,0.04799999999999999,25.61,11.67,17.27,28.94,27.78,19.87,260.0,0.249,65.0,25.0,11.0,4.23,0.6379999999999999,0.1059999999999999,25.83,12.03,16.97,29.0,28.77,22.26
747104,2024-06-29,2024,693304,R,608331,L,force_out,False,False,45.0,0.31,13.0,28.89,1.0,2.22,0.9039999999999999,0.26099999999999995,32.94,20.59,10.29,30.88,50.0,34.21,43.0,0.158,15.0,34.88,3.0,6.98,0.5720000000000001,0.158,36.17,19.21,12.99,32.2,28.74,23.81,273.0,0.161,63.0,23.08,22.0,8.06,0.441,0.04799999999999999,25.61,11.67,17.27,28.94,27.78,19.87,260.0,0.249,65.0,25.0,11.0,4.23,0.6379999999999999,0.1059999999999999,25.83,12.03,16.97,29.0,28.77,22.26
747104,2024-06-29,2024,594807,R,694973,R,strikeout,True,False,105.0,0.089,39.0,37.14,3.0,2.86,0.23299999999999998,0.020000000000000004,30.73,14.97,20.56,35.53,36.41,30.71,260.0,0.248,76.0,29.23,18.0,6.92,0.863,0.303,29.41,13.69,18.97,32.66,32.68,27.44,91.0,0.23,33.0,36.26,3.0,3.3,0.655,0.161,29.44,15.8,17.17,32.97,31.45,23.24,,,,,,,,,,,,,,
747104,2024-06-29,2024,606115,R,694973,R,single,False,False,217.0,0.228,39.0,17.97,9.0,4.15,0.64,0.148,23.91,12.04,14.72,26.76,26.82,17.57,421.0,0.255,78.0,18.53,23.0,5.46,0.6739999999999999,0.12,23.54,11.23,17.09,28.32,27.84,15.98,91.0,0.23,33.0,36.26,3.0,3.3,0.655,0.161,29.44,15.8,17.17,32.97,31.45,23.24,,,,,,,,,,,,,,
747104,2024-06-29,2024,672284,L,694973,R,walk,False,True,188.0,0.277,56.0,29.79,13.0,6.91,0.798,0.191,34.12,17.2,14.81,32.01,30.34,23.14,324.0,0.251,105.0,32.41,34.0,10.49,0.738,0.1569999999999999,35.42,16.4,14.8,31.2,29.2,26.99,91.0,0.214,28.0,30.77,5.0,5.49,0.554,0.08399999999999999,30.99,16.67,13.38,30.05,30.98,21.05,,,,,,,,,,,,,,
747104,2024-06-29,2024,645277,L,694973,R,walk,False,True,228.0,0.217,39.0,17.11,19.0,8.33,0.639,0.12799999999999997,21.05,11.69,9.2,20.89,32.79,12.07,528.0,0.25,89.0,16.86,42.0,7.95,0.8029999999999999,0.235,20.84,11.11,9.82,20.92,33.45,13.94,91.0,0.214,28.0,30.77,5.0,5.49,0.554,0.08399999999999999,30.99,16.67,13.38,30.05,30.98,21.05,,,,,,,,,,,,,,
747104,2024-06-29,2024,542303,R,694973,R,grounded_into_double_play,False,False,238.0,0.29,51.0,21.43,24.0,10.08,0.971,0.315,30.67,14.65,12.85,27.49,26.12,18.96,453.0,0.272,109.0,24.06,44.0,9.71,0.882,0.263,27.95,13.42,14.78,28.21,29.59,18.63,91.0,0.23,33.0,36.26,3.0,3.3,0.655,0.161,29.44,15.8,17.17,32.97,31.45,23.24,,,,,,,,,,,,,,
747104,2024-06-29,2024,663647,R,608331,L,strikeout,True,False,65.0,0.352,8.0,12.31,8.0,12.31,1.024,0.241,16.22,6.92,17.31,24.23,23.36,10.96,168.0,0.294,29.0,17.26,6.0,3.57,0.8460000000000001,0.237,20.49,9.52,20.2,29.72,31.76,19.21,273.0,0.161,63.0,23.08,22.0,8.06,0.441,0.04799999999999999,25.61,11.67,17.27,28.94,27.78,19.87,260.0,0.249,65.0,25.0,11.0,4.23,0.6379999999999999,0.1059999999999999,25.83,12.03,16.97,29.0,28.77,22.26
747104,2024-06-29,2024,669707,R,608331,L,field_out,False,False,73.0,0.203,22.0,30.14,8.0,10.96,0.522,0.031,31.69,15.79,11.93,27.72,24.64,29.33,65.0,0.293,20.0,30.77,6.0,9.23,0.7829999999999999,0.121,29.41,12.96,18.15,31.11,29.29,21.28,273.0,0.161,63.0,23.08,22.0,8.06,0.441,0.04799999999999999,25.61,11.67,17.27,28.94,27.78,19.87,260.0,0.249,65.0,25.0,11.0,4.23,0.6379999999999999,0.1059999999999999,25.83,12.03,16.97,29.0,28.77,22.26
747104,2024-06-29,2024,518735,R,608331,L,field_out,False,False,36.0,0.235,8.0,22.22,1.0,2.78,0.522,0.030000000000000027,26.32,12.1,25.0,37.1,34.04,25.0,97.0,0.233,25.0,25.77,9.0,9.28,0.6839999999999999,0.1389999999999999,33.14,14.22,16.91,31.13,28.82,20.66,273.0,0.161,63.0,23.08,22.0,8.06,0.441,0.04799999999999999,25.61,11.67,17.27,28.94,27.78,19.87,260.0,0.249,65.0,25.0,11.0,4.23,0.6379999999999999,0.1059999999999999,25.83,12.03,16.97,29.0,28.77,22.26
747104,2024-06-29,2024,621566,L,694973,R,strikeout,True,False,227.0,0.226,62.0,27.31,25.0,11.01,0.6990000000000001,0.156,27.78,13.67,12.11,25.78,28.6,17.28,540.0,0.294,115.0,21.3,90.0,16.67,1.061,0.351,27.51,12.57,12.32,24.89,25.66,14.92,91.0,0.214,28.0,30.77,5.0,5.49,0.554,0.08399999999999999,30.99,16.67,13.38,30.05,30.98,21.05,,,,,,,,,,,,,,
747104,2024-06-29,2024,663586,R,694973,R,single,False,False,200.0,0.269,50.0,25.0,15.0,7.5,0.766,0.16499999999999998,29.82,15.08,13.31,28.39,27.69,18.92,566.0,0.28,137.0,24.2,42.0,7.42,0.841,0.2199999999999999,27.71,13.25,15.53,28.77,27.7,18.53,91.0,0.23,33.0,36.26,3.0,3.3,0.655,0.161,29.44,15.8,17.17,32.97,31.45,23.24,,,,,,,,,,,,,,
747104,2024-06-29,2024,518595,R,694973,R,single,False,False,132.0,0.214,29.0,21.97,10.0,7.58,0.673,0.171,33.87,16.7,15.11,31.81,26.38,21.32,226.0,0.214,50.0,22.12,12.0,5.31,0.655,0.176,27.19,14.35,12.93,27.28,28.43,19.61,91.0,0.23,33.0,36.26,3.0,3.3,0.655,0.161,29.44,15.8,17.17,32.97,31.45,23.24,,,,,,,,,,,,,,
747104,2024-06-29,2024,657088,L,694973,R,strikeout,True,False,16.0,0.286,3.0,18.75,2.0,12.5,0.661,0.0,30.77,14.29,16.07,30.36,30.0,23.08,11.0,0.333,4.0,36.36,2.0,18.18,1.011,0.223,13.04,5.45,21.82,27.27,25.93,16.67,91.0,0.214,28.0,30.77,5.0,5.49,0.554,0.08399999999999999,30.99,16.67,13.38,30.05,30.98,21.05,,,,,,,,,,,,,,
747104,2024-06-29,2024,594807,R,694973,R,field_out,False,False,105.0,0.089,39.0,37.14,3.0,2.86,0.23299999999999998,0.020000000000000004,30.73,14.97,20.56,35.53,36.41,30.71,260.0,0.248,76.0,29.23,18.0,6.92,0.863,0.303,29.41,13.69,18.97,32.66,32.68,27.44,91.0,0.23,33.0,36.26,3.0,3.3,0.655,0.161,29.44,15.8,17.17,32.97,31.45,23.24,,,,,,,,,,,,,,
747104,2024-06-29,2024,572191,R,608331,L,single,False,False,61.0,0.208,19.0,31.15,4.0,6.56,0.599,0.13200000000000003,40.15,21.63,12.24,33.88,33.61,21.84,112.0,0.252,35.0,31.25,8.0,7.14,0.914,0.35,33.49,15.52,13.36,28.88,27.65,25.18,273.0,0.161,63.0,23.08,22.0,8.06,0.441,0.04799999999999999,25.61,11.67,17.27,28.94,27.78,19.87,260.0,0.249,65.0,25.0,11.0,4.23,0.6379999999999999,0.1059999999999999,25.83,12.03,16.97,29.0,28.77,22.26
747104,2024-06-29,2024,457705,R,608331,L,walk,False,True,86.0,0.205,22.0,25.58,10.0,11.63,0.6819999999999999,0.151,27.03,11.53,19.02,30.55,16.36,20.18,162.0,0.261,28.0,17.28,26.0,16.05,0.7929999999999999,0.1489999999999999,24.63,9.96,18.87,28.83,20.77,14.21,273.0,0.161,63.0,23.08,22.0,8.06,0.441,0.04799999999999999,25.61,11.67,17.27,28.94,27.78,19.87,260.0,0.249,65.0,25.0,11.0,4.23,0.6379999999999999,0.1059999999999999,25.83,12.03,16.97,29.0,28.77,22.26
747104,2024-06-29,2024,668804,R,608331,L,field_out,False,False,107.0,0.28,22.0,20.56,6.0,5.61,0.768,0.16999999999999998,31.19,15.59,15.59,31.19,32.56,18.64,202.0,0.285,44.0,21.78,8.0,3.96,0.727,0.13,26.99,13.48,13.48,26.96,28.29,18.57,273.0,0.161,63.0,23.08,22.0,8.06,0.441,0.04799999999999999,25.61,11.67,17.27,28.94,27.78,19.87,260.0,0.249,65.0,25.0,11.0,4.23,0.6379999999999999,0.1059999999999999,25.83,12.03,16.97,29.0,28.77,22.26
747104,2024-06-29,2024,656582,R,608331,L,walk,False,True,100.0,0.284,17.0,17.0,9.0,9.0,0.849,0.20500000000000002,21.39,9.09,17.44,26.54,21.08,13.82,193.0,0.265,40.0,20.73,23.0,11.92,0.8200000000000001,0.187,25.72,9.93,21.34,31.27,18.27,17.32,273.0,0.161,63.0,23.08,22.0,8.06,0.441,0.04799999999999999,25.61,11.67,17.27,28.94,27.78,19.87,260.0,0.249,65.0,25.0,11.0,4.23,0.6379999999999999,0.1059999999999999,25.83,12.03,16.97,29.0,28.77,22.26
747104,2024-06-29,2024,658668,R,608331,L,sac_fly,False,False,82.0,0.219,21.0,25.61,7.0,8.54,0.718,0.206,24.69,12.31,14.15,26.46,32.1,22.58,124.0,0.277,21.0,16.94,8.0,6.45,0.857,0.241,23.89,11.66,17.06,28.73,30.49,15.91,273.0,0.161,63.0,23.08,22.0,8.06,0.441,0.04799999999999999,25.61,11.67,17.27,28.94,27.78,19.87,260.0,0.249,65.0,25.0,11.0,4.23,0.6379999999999999,0.1059999999999999,25.83,12.03,16.97,29.0,28.77,22.26
747104,2024-06-29,2024,693304,R,608331,L,strikeout,True,False,45.0,0.31,13.0,28.89,1.0,2.22,0.9039999999999999,0.26099999999999995,32.94,20.59,10.29,30.88,50.0,34.21,43.0,0.158,15.0,34.88,3.0,6.98,0.5720000000000001,0.158,36.17,19.21,12.99,32.2,28.74,23.81,273.0,0.161,63.0,23.08,22.0,8.06,0.441,0.04799999999999999,25.61,11.67,17.27,28.94,27.78,19.87,260.0,0.249,65.0,25.0,11.0,4.23,0.6379999999999999,0.1059999999999999,25.83,12.03,16.97,29.0,28.77,22.26
747104,2024-06-29,2024,606115,R,694973,R,field_out,False,False,217.0,0.228,39.0,17.97,9.0,4.15,0.64,0.148,23.91,12.04,14.72,26.76,26.82,17.57,421.0,0.255,78.0,18.53,23.0,5.46,0.6739999999999999,0.12,23.54,11.23,17.09,28.32,27.84,15.98,91.0,0.23,33.0,36.26,3.0,3.3,0.655,0.161,29.44,15.8,17.17,32.97,31.45,23.24,,,,,,,,,,,,,,
747104,2024-06-29,2024,672284,L,694973,R,single,False,False,188.0,0.277,56.0,29.79,13.0,6.91,0.798,0.191,34.12,17.2,14.81,32.01,30.34,23.14,324.0,0.251,105.0,32.41,34.0,10.49,0.738,0.1569999999999999,35.42,16.4,14.8,31.2,29.2,26.99,91.0,0.214,28.0,30.77,5.0,5.49,0.554,0.08399999999999999,30.99,16.67,13.38,30.05,30.98,21.05,,,,,,,,,,,,,,
747104,2024-06-29,2024,645277,L,694973,R,field_out,False,False,228.0,0.217,39.0,17.11,19.0,8.33,0.639,0.12799999999999997,21.05,11.69,9.2,20.89,32.79,12.07,528.0,0.25,89.0,16.86,42.0,7.95,0.8029999999999999,0.235,20.84,11.11,9.82,20.92,33.45,13.94,91.0,0.214,28.0,30.77,5.0,5.49,0.554,0.08399999999999999,30.99,16.67,13.38,30.05,30.98,21.05,,,,,,,,,,,,,,
747104,2024-06-29,2024,542303,R,694973,R,strikeout,True,False,238.0,0.29,51.0,21.43,24.0,10.08,0.971,0.315,30.67,14.65,12.85,27.49,26.12,18.96,453.0,0.272,109.0,24.06,44.0,9.71,0.882,0.263,27.95,13.42,14.78,28.21,29.59,18.63,91.0,0.23,33.0,36.26,3.0,3.3,0.655,0.161,29.44,15.8,17.17,32.97,31.45,23.24,,,,,,,,,,,,,,
747104,2024-06-29,2024,663647,R,608331,L,single,False,False,65.0,0.352,8.0,12.31,8.0,12.31,1.024,0.241,16.22,6.92,17.31,24.23,23.36,10.96,168.0,0.294,29.0,17.26,6.0,3.57,0.8460000000000001,0.237,20.49,9.52,20.2,29.72,31.76,19.21,273.0,0.161,63.0,23.08,22.0,8.06,0.441,0.04799999999999999,25.61,11.67,17.27,28.94,27.78,19.87,260.0,0.249,65.0,25.0,11.0,4.23,0.6379999999999999,0.1059999999999999,25.83,12.03,16.97,29.0,28.77,22.26
747104,2024-06-29,2024,669707,R,608331,L,field_out,False,False,73.0,0.203,22.0,30.14,8.0,10.96,0.522,0.031,31.69,15.79,11.93,27.72,24.64,29.33,65.0,0.293,20.0,30.77,6.0,9.23,0.7829999999999999,0.121,29.41,12.96,18.15,31.11,29.29,21.28,273.0,0.161,63.0,23.08,22.0,8.06,0.441,0.04799999999999999,25.61,11.67,17.27,28.94,27.78,19.87,260.0,0.249,65.0,25.0,11.0,4.23,0.6379999999999999,0.1059999999999999,25.83,12.03,16.97,29.0,28.77,22.26
747104,2024-06-29,2024,518735,R,608331,L,field_out,False,False,36.0,0.235,8.0,22.22,1.0,2.78,0.522,0.030000000000000027,26.32,12.1,25.0,37.1,34.04,25.0,97.0,0.233,25.0,25.77,9.0,9.28,0.6839999999999999,0.1389999999999999,33.14,14.22,16.91,31.13,28.82,20.66,273.0,0.161,63.0,23.08,22.0,8.06,0.441,0.04799999999999999,25.61,11.67,17.27,28.94,27.78,19.87,260.0,0.249,65.0,25.0,11.0,4.23,0.6379999999999999,0.1059999999999999,25.83,12.03,16.97,29.0,28.77,22.26
747104,2024-06-29,2024,572191,R,608331,L,field_out,False,False,61.0,0.208,19.0,31.15,4.0,6.56,0.599,0.13200000000000003,40.15,21.63,12.24,33.88,33.61,21.84,112.0,0.252,35.0,31.25,8.0,7.14,0.914,0.35,33.49,15.52,13.36,28.88,27.65,25.18,273.0,0.161,63.0,23.08,22.0,8.06,0.441,0.04799999999999999,25.61,11.67,17.27,28.94,27.78,19.87,260.0,0.249,65.0,25.0,11.0,4.23,0.6379999999999999,0.1059999999999999,25.83,12.03,16.97,29.0,28.77,22.26
747104,2024-06-29,2024,621566,L,694973,R,strikeout,True,False,227.0,0.226,62.0,27.31,25.0,11.01,0.6990000000000001,0.156,27.78,13.67,12.11,25.78,28.6,17.28,540.0,0.294,115.0,21.3,90.0,16.67,1.061,0.351,27.51,12.57,12.32,24.89,25.66,14.92,91.0,0.214,28.0,30.77,5.0,5.49,0.554,0.08399999999999999,30.99,16.67,13.38,30.05,30.98,21.05,,,,,,,,,,,,,,
747104,2024-06-29,2024,663586,R,694973,R,strikeout,True,False,200.0,0.269,50.0,25.0,15.0,7.5,0.766,0.16499999999999998,29.82,15.08,13.31,28.39,27.69,18.92,566.0,0.28,137.0,24.2,42.0,7.42,0.841,0.2199999999999999,27.71,13.25,15.53,28.77,27.7,18.53,91.0,0.23,33.0,36.26,3.0,3.3,0.655,0.161,29.44,15.8,17.17,32.97,31.45,23.24,,,,,,,,,,,,,,
747104,2024-06-29,2024,518595,R,694973,R,strikeout,True,False,132.0,0.214,29.0,21.97,10.0,7.58,0.673,0.171,33.87,16.7,15.11,31.81,26.38,21.32,226.0,0.214,50.0,22.12,12.0,5.31,0.655,0.176,27.19,14.35,12.93,27.28,28.43,19.61,91.0,0.23,33.0,36.26,3.0,3.3,0.655,0.161,29.44,15.8,17.17,32.97,31.45,23.24,,,,,,,,,,,,,,
747104,2024-06-29,2024,457705,R,572955,R,field_out,False,False,208.0,0.251,52.0,25.0,23.0,11.06,0.762,0.16999999999999998,29.78,12.49,18.9,31.39,17.17,19.4,312.0,0.254,72.0,23.08,49.0,15.71,0.767,0.137,28.77,12.06,17.2,29.26,17.59,17.52,63.0,0.25,17.0,26.98,6.0,9.52,0.654,0.07100000000000001,32.14,14.88,19.01,33.88,31.19,22.97,161.0,0.259,49.0,30.43,14.0,8.7,0.6970000000000001,0.1149999999999999,31.85,15.3,18.91,34.21,36.56,26.63
747104,2024-06-29,2024,668804,L,572955,R,strikeout,True,False,256.0,0.279,57.0,22.27,25.0,9.77,0.837,0.19899999999999995,28.66,13.48,14.07,27.56,27.4,18.51,438.0,0.252,94.0,21.46,45.0,10.27,0.821,0.2309999999999999,28.75,13.22,13.73,26.95,24.9,18.49,50.0,0.205,16.0,32.0,6.0,12.0,0.6639999999999999,0.159,27.91,12.06,19.1,31.16,31.07,26.23,116.0,0.255,41.0,35.34,16.0,13.79,0.888,0.276,34.88,15.59,18.71,34.3,29.28,26.8
747104,2024-06-29,2024,665833,L,572955,R,strikeout,True,False,224.0,0.277,70.0,31.25,17.0,7.59,0.8200000000000001,0.21299999999999997,33.64,15.53,18.66,34.2,34.35,23.65,33.0,0.185,7.0,21.21,5.0,15.15,0.636,0.148,27.69,13.14,15.33,28.47,34.25,17.95,50.0,0.205,16.0,32.0,6.0,12.0,0.6639999999999999,0.159,27.91,12.06,19.1,31.16,31.07,26.23,116.0,0.255,41.0,35.34,16.0,13.79,0.888,0.276,34.88,15.59,18.71,34.3,29.28,26.8
747104,2024-06-29,2024,657088,L,669387,R,field_out,False,False,16.0,0.286,3.0,18.75,2.0,12.5,0.661,0.0,30.77,14.29,16.07,30.36,30.0,23.08,11.0,0.333,4.0,36.36,2.0,18.18,1.011,0.223,13.04,5.45,21.82,27.27,25.93,16.67,44.0,0.222,8.0,18.18,4.0,9.09,0.601,0.08399999999999999,20.79,10.77,12.31,23.08,26.8,10.81,66.0,0.214,16.0,24.24,8.0,12.12,0.612,0.09,20.93,9.82,15.27,25.09,25.76,17.98
747104,2024-06-29,2024,594807,R,669387,R,field_out,False,False,105.0,0.089,39.0,37.14,3.0,2.86,0.23299999999999998,0.020000000000000004,30.73,14.97,20.56,35.53,36.41,30.71,260.0,0.248,76.0,29.23,18.0,6.92,0.863,0.303,29.41,13.69,18.97,32.66,32.68,27.44,53.0,0.261,11.0,20.75,5.0,9.43,0.688,0.08699999999999997,24.47,11.33,15.27,26.6,27.52,20.75,87.0,0.213,18.0,20.69,10.0,11.49,0.63,0.107,21.85,9.54,17.63,27.17,22.03,17.14
747104,2024-06-29,2024,606115,R,669387,R,field_out,False,False,217.0,0.228,39.0,17.97,9.0,4.15,0.64,0.148,23.91,12.04,14.72,26.76,26.82,17.57,421.0,0.255,78.0,18.53,23.0,5.46,0.6739999999999999,0.12,23.54,11.23,17.09,28.32,27.84,15.98,53.0,0.261,11.0,20.75,5.0,9.43,0.688,0.08699999999999997,24.47,11.33,15.27,26.6,27.52,20.75,87.0,0.213,18.0,20.69,10.0,11.49,0.63,0.107,21.85,9.54,17.63,27.17,22.03,17.14
747104,2024-06-29,2024,658668,R,641729,R,strikeout,True,False,96.0,0.244,14.0,14.58,7.0,7.29,0.593,0.046999999999999986,23.38,12.53,14.13,26.67,33.15,11.38,261.0,0.256,43.0,16.48,14.0,5.36,0.728,0.1649999999999999,22.47,11.51,14.21,25.73,31.17,15.47,61.0,0.179,15.0,24.59,5.0,8.2,0.45999999999999996,0.035,31.67,16.24,14.96,31.2,28.83,23.08,144.0,0.229,47.0,32.64,9.0,6.25,0.694,0.176,32.23,16.57,16.95,33.52,30.83,29.19
747104,2024-06-29,2024,693304,R,641729,R,walk,False,True,124.0,0.272,29.0,23.39,6.0,4.84,0.704,0.123,27.04,15.21,10.42,25.62,33.05,17.79,86.0,0.234,21.0,24.42,3.0,3.49,0.638,0.1299999999999999,30.36,15.84,12.11,27.95,27.85,22.11,61.0,0.179,15.0,24.59,5.0,8.2,0.45999999999999996,0.035,31.67,16.24,14.96,31.2,28.83,23.08,144.0,0.229,47.0,32.64,9.0,6.25,0.694,0.176,32.23,16.57,16.95,33.52,30.83,29.19
747104,2024-06-29,2024,663647,R,641729,R,walk,False,True,176.0,0.185,38.0,21.59,10.0,5.68,0.44899999999999995,0.024999999999999994,18.66,8.39,21.2,29.59,29.15,21.47,358.0,0.26,75.0,20.95,22.0,6.15,0.721,0.1559999999999999,21.48,9.63,20.09,29.72,30.19,22.32,61.0,0.179,15.0,24.59,5.0,8.2,0.45999999999999996,0.035,31.67,16.24,14.96,31.2,28.83,23.08,144.0,0.229,47.0,32.64,9.0,6.25,0.694,0.176,32.23,16.57,16.95,33.52,30.83,29.19
747104,2024-06-29,2024,642133,L,641729,R,field_out,False,False,185.0,0.247,36.0,19.46,13.0,7.03,0.6499999999999999,0.09999999999999998,19.55,8.05,21.11,29.16,22.97,18.75,300.0,0.223,73.0,24.33,29.0,9.67,0.69,0.173,22.22,8.47,23.11,31.59,24.77,19.95,63.0,0.175,18.0,28.57,5.0,7.94,0.482,0.05300000000000002,27.97,13.41,20.33,33.74,31.13,21.69,94.0,0.239,26.0,27.66,5.0,5.32,0.72,0.204,32.2,16.22,15.48,31.7,24.86,16.77
747104,2024-06-29,2024,518735,L,641729,R,field_out,False,False,79.0,0.149,14.0,17.72,4.0,5.06,0.46,0.12100000000000002,22.7,10.42,22.48,32.9,33.11,16.09,309.0,0.235,61.0,19.74,27.0,8.74,0.636,0.094,22.36,10.08,19.44,29.52,27.06,17.13,63.0,0.175,18.0,28.57,5.0,7.94,0.482,0.05300000000000002,27.97,13.41,20.33,33.74,31.13,21.69,94.0,0.239,26.0,27.66,5.0,5.32,0.72,0.204,32.2,16.22,15.48,31.7,24.86,16.77
747104,2024-06-29,2024,672284,L,670059,R,field_out,False,False,188.0,0.277,56.0,29.79,13.0,6.91,0.798,0.191,34.12,17.2,14.81,32.01,30.34,23.14,324.0,0.251,105.0,32.41,34.0,10.49,0.738,0.1569999999999999,35.42,16.4,14.8,31.2,29.2,26.99,52.0,0.262,13.0,25.0,10.0,19.23,0.785,0.119,25.26,10.91,14.09,25.0,16.67,19.12,108.0,0.255,26.0,24.07,7.0,6.48,0.665,0.1019999999999999,21.83,11.04,11.26,22.3,27.56,16.45
747104,2024-06-29,2024,645277,L,670059,R,field_out,False,False,228.0,0.217,39.0,17.11,19.0,8.33,0.639,0.12799999999999997,21.05,11.69,9.2,20.89,32.79,12.07,528.0,0.25,89.0,16.86,42.0,7.95,0.8029999999999999,0.235,20.84,11.11,9.82,20.92,33.45,13.94,52.0,0.262,13.0,25.0,10.0,19.23,0.785,0.119,25.26,10.91,14.09,25.0,16.67,19.12,108.0,0.255,26.0,24.07,7.0,6.48,0.665,0.1019999999999999,21.83,11.04,11.26,22.3,27.56,16.45
747104,2024-06-29,2024,542303,R,670059,R,strikeout,True,False,238.0,0.29,51.0,21.43,24.0,10.08,0.971,0.315,30.67,14.65,12.85,27.49,26.12,18.96,453.0,0.272,109.0,24.06,44.0,9.71,0.882,0.263,27.95,13.42,14.78,28.21,29.59,18.63,68.0,0.098,19.0,27.94,3.0,4.41,0.277,0.017,27.59,12.85,19.28,32.13,28.35,26.39,132.0,0.256,32.0,24.24,13.0,9.85,0.7010000000000001,0.1119999999999999,24.65,10.91,18.93,29.84,24.05,23.88
747104,2024-06-29,2024,669261,L,628452,R,strikeout,True,False,182.0,0.156,47.0,25.82,21.0,11.54,0.534,0.12500000000000003,25.15,11.7,15.24,26.94,21.51,20.52,404.0,0.232,117.0,28.96,61.0,15.1,0.857,0.271,29.06,11.36,18.81,30.17,17.6,22.37,59.0,0.164,15.0,25.42,3.0,5.08,0.40700000000000003,0.036000000000000004,29.36,15.84,16.34,32.18,39.81,28.3,123.0,0.255,31.0,25.2,11.0,8.94,0.735,0.1629999999999999,31.56,15.78,14.44,30.22,32.92,28.44
747104,2024-06-29,2024,457705,R,628452,R,strikeout,True,False,208.0,0.251,52.0,25.0,23.0,11.06,0.762,0.16999999999999998,29.78,12.49,18.9,31.39,17.17,19.4,312.0,0.254,72.0,23.08,49.0,15.71,0.767,0.137,28.77,12.06,17.2,29.26,17.59,17.52,56.0,0.196,10.0,17.86,3.0,5.36,0.601,0.137,26.73,12.68,14.55,27.23,28.18,17.86,108.0,0.221,37.0,34.26,4.0,3.7,0.587,0.116,33.75,18.93,13.79,32.71,38.6,26.62
747104,2024-06-29,2024,668804,L,628452,R,triple,False,False,256.0,0.279,57.0,22.27,25.0,9.77,0.837,0.19899999999999995,28.66,13.48,14.07,27.56,27.4,18.51,438.0,0.252,94.0,21.46,45.0,10.27,0.821,0.2309999999999999,28.75,13.22,13.73,26.95,24.9,18.49,59.0,0.164,15.0,25.42,3.0,5.08,0.40700000000000003,0.036000000000000004,29.36,15.84,16.34,32.18,39.81,28.3,123.0,0.255,31.0,25.2,11.0,8.94,0.735,0.1629999999999999,31.56,15.78,14.44,30.22,32.92,28.44
747104,2024-06-29,2024,665833,L,628452,R,intent_walk,False,True,224.0,0.277,70.0,31.25,17.0,7.59,0.8200000000000001,0.21299999999999997,33.64,15.53,18.66,34.2,34.35,23.65,33.0,0.185,7.0,21.21,5.0,15.15,0.636,0.148,27.69,13.14,15.33,28.47,34.25,17.95,59.0,0.164,15.0,25.42,3.0,5.08,0.40700000000000003,0.036000000000000004,29.36,15.84,16.34,32.18,39.81,28.3,123.0,0.255,31.0,25.2,11.0,8.94,0.735,0.1629999999999999,31.56,15.78,14.44,30.22,32.92,28.44
747104,2024-06-29,2024,658668,R,628452,R,field_out,False,False,96.0,0.244,14.0,14.58,7.0,7.29,0.593,0.046999999999999986,23.38,12.53,14.13,26.67,33.15,11.38,261.0,0.256,43.0,16.48,14.0,5.36,0.728,0.1649999999999999,22.47,11.51,14.21,25.73,31.17,15.47,56.0,0.196,10.0,17.86,3.0,5.36,0.601,0.137,26.73,12.68,14.55,27.23,28.18,17.86,108.0,0.221,37.0,34.26,4.0,3.7,0.587,0.116,33.75,18.93,13.79,32.71,38.6,26.62
747104,2024-06-29,2024,621566,L,547973,L,field_out,False,False,109.0,0.28,28.0,25.69,5.0,4.59,0.8700000000000001,0.26,25.33,12.69,13.81,26.5,30.0,17.61,182.0,0.252,52.0,28.57,14.0,7.69,0.7989999999999999,0.239,31.07,15.01,14.87,29.88,27.47,21.94,40.0,0.259,9.0,22.5,12.0,30.0,0.87,0.11099999999999999,33.33,10.59,22.35,32.94,18.75,22.5,50.0,0.243,17.0,34.0,10.0,20.0,0.651,0.0,44.83,18.84,17.39,36.23,23.36,28.81
747104,2024-06-29,2024,663586,R,547973,L,walk,False,True,86.0,0.211,17.0,19.77,9.0,10.47,0.71,0.19699999999999998,23.9,12.14,10.54,22.68,25.0,20.24,149.0,0.289,35.0,23.49,17.0,11.41,0.94,0.289,28.03,13.64,12.46,26.09,26.11,18.72,86.0,0.153,38.0,44.19,14.0,16.28,0.61,0.166,36.14,14.81,18.02,32.84,23.11,28.15,200.0,0.161,86.0,43.0,26.0,13.0,0.534,0.103,41.53,18.67,19.04,37.71,23.68,36.29
747104,2024-06-29,2024,518595,R,547973,L,strikeout,True,False,45.0,0.293,9.0,20.0,2.0,4.44,0.9670000000000001,0.341,27.66,15.2,9.94,25.15,29.07,15.79,66.0,0.263,17.0,25.76,9.0,13.64,0.7849999999999999,0.1579999999999999,33.33,16.36,10.91,27.27,23.57,19.1,86.0,0.153,38.0,44.19,14.0,16.28,0.61,0.166,36.14,14.81,18.02,32.84,23.11,28.15,200.0,0.161,86.0,43.0,26.0,13.0,0.534,0.103,41.53,18.67,19.04,37.71,23.68,36.29
747104,2024-06-29,2024,669221,R,547973,L,strikeout,True,False,28.0,0.16,7.0,25.0,2.0,7.14,0.5700000000000001,0.16,31.25,13.64,22.73,36.36,38.89,20.59,101.0,0.274,21.0,20.79,12.0,11.88,0.884,0.2139999999999999,23.12,10.14,16.75,26.89,23.56,16.03,86.0,0.153,38.0,44.19,14.0,16.28,0.61,0.166,36.14,14.81,18.02,32.84,23.11,28.15,200.0,0.161,86.0,43.0,26.0,13.0,0.534,0.103,41.53,18.67,19.04,37.71,23.68,36.29
747104,2024-06-29,2024,693304,R,678226,R,field_out,False,False,124.0,0.272,29.0,23.39,6.0,4.84,0.704,0.123,27.04,15.21,10.42,25.62,33.05,17.79,86.0,0.234,21.0,24.42,3.0,3.49,0.638,0.1299999999999999,30.36,15.84,12.11,27.95,27.85,22.11,20.0,0.167,5.0,25.0,2.0,10.0,0.472,0.05499999999999999,25.0,12.37,13.4,25.77,33.93,12.2,8.0,0.714,0.0,0.0,1.0,12.5,1.464,0.0,16.67,10.0,3.33,13.33,47.37,0.0
747104,2024-06-29,2024,663647,R,678226,R,strikeout,True,False,176.0,0.185,38.0,21.59,10.0,5.68,0.44899999999999995,0.024999999999999994,18.66,8.39,21.2,29.59,29.15,21.47,358.0,0.26,75.0,20.95,22.0,6.15,0.721,0.1559999999999999,21.48,9.63,20.09,29.72,30.19,22.32,20.0,0.167,5.0,25.0,2.0,10.0,0.472,0.05499999999999999,25.0,12.37,13.4,25.77,33.93,12.2,8.0,0.714,0.0,0.0,1.0,12.5,1.464,0.0,16.67,10.0,3.33,13.33,47.37,0.0
747104,2024-06-29,2024,594807,R,693312,R,single,False,False,105.0,0.089,39.0,37.14,3.0,2.86,0.23299999999999998,0.020000000000000004,30.73,14.97,20.56,35.53,36.41,30.71,260.0,0.248,76.0,29.23,18.0,6.92,0.863,0.303,29.41,13.69,18.97,32.66,32.68,27.44,60.0,0.22,17.0,28.33,8.0,13.33,0.622,0.07999999999999999,32.43,13.69,16.73,30.42,25.0,18.48,18.0,0.5,2.0,11.11,3.0,16.67,1.468,0.357,20.0,9.23,16.92,26.15,25.0,15.38
745972,2024-06-29,2024,663538,R,668964,R,single,False,False,253.0,0.248,26.0,10.28,23.0,9.09,0.683,0.09899999999999998,13.46,6.02,21.37,27.39,29.57,9.89,508.0,0.274,63.0,12.4,40.0,7.87,0.72,0.0979999999999999,13.4,6.0,20.67,26.67,29.91,12.21,110.0,0.218,27.0,24.55,7.0,6.36,0.7210000000000001,0.228,22.73,11.0,19.07,30.07,29.15,20.16,,,,,,,,,,,,,,
745972,2024-06-29,2024,683737,L,668964,R,home_run,False,False,239.0,0.25,86.0,35.98,30.0,12.55,0.7829999999999999,0.186,33.7,15.01,15.59,30.6,24.21,25.83,66.0,0.158,21.0,31.82,8.0,12.12,0.556,0.1399999999999999,29.79,14.48,13.45,27.93,28.39,21.0,99.0,0.225,18.0,18.18,9.0,9.09,0.596,0.07799999999999999,17.26,7.71,17.82,25.53,27.14,18.18,,,,,,,,,,,,,,
745972,2024-06-29,2024,641355,L,668964,R,walk,False,True,213.0,0.234,37.0,17.37,22.0,10.33,0.718,0.165,24.62,12.02,13.89,25.91,31.19,17.79,373.0,0.291,58.0,15.55,27.0,7.24,0.829,0.198,20.08,10.01,15.91,25.92,29.71,13.74,99.0,0.225,18.0,18.18,9.0,9.09,0.596,0.07799999999999999,17.26,7.71,17.82,25.53,27.14,18.18,,,,,,,,,,,,,,
745972,2024-06-29,2024,673548,R,668964,R,field_out,False,False,185.0,0.275,57.0,30.81,11.0,5.95,0.815,0.20999999999999996,27.3,10.86,22.25,33.12,22.34,22.44,419.0,0.278,102.0,24.34,41.0,9.79,0.839,0.2129999999999999,24.3,9.93,20.44,30.37,19.3,20.2,110.0,0.218,27.0,24.55,7.0,6.36,0.7210000000000001,0.228,22.73,11.0,19.07,30.07,29.15,20.16,,,,,,,,,,,,,,
745972,2024-06-29,2024,664023,L,668964,R,field_out,False,False,252.0,0.229,71.0,28.17,37.0,14.68,0.7609999999999999,0.18099999999999997,28.36,12.52,16.09,28.61,22.92,19.61,502.0,0.258,109.0,21.71,80.0,15.94,0.831,0.192,25.86,11.22,15.24,26.46,20.31,17.34,99.0,0.225,18.0,18.18,9.0,9.09,0.596,0.07799999999999999,17.26,7.71,17.82,25.53,27.14,18.18,,,,,,,,,,,,,,
745972,2024-06-29,2024,666624,R,668964,R,strikeout,True,False,263.0,0.2,59.0,22.43,31.0,11.79,0.683,0.178,30.0,13.39,15.32,28.71,24.13,19.6,329.0,0.247,105.0,31.91,27.0,8.21,0.798,0.239,38.21,19.07,13.74,32.81,29.43,27.56,110.0,0.218,27.0,24.55,7.0,6.36,0.7210000000000001,0.228,22.73,11.0,19.07,30.07,29.15,20.16,,,,,,,,,,,,,,
745972,2024-06-29,2024,668930,L,657006,L,field_out,False,False,52.0,0.239,12.0,23.08,6.0,11.54,0.631,0.065,17.24,6.98,20.93,27.91,19.61,19.35,73.0,0.188,12.0,16.44,8.0,10.96,0.466,0.0,20.18,7.94,23.47,31.41,18.75,17.39,44.0,0.158,12.0,27.27,4.0,9.09,0.51,0.07899999999999999,25.64,12.74,17.2,29.94,29.17,27.27,141.0,0.267,42.0,29.79,8.0,5.67,0.7869999999999999,0.2059999999999999,29.17,14.51,15.37,29.88,30.56,20.1
745972,2024-06-29,2024,661388,R,657006,L,single,False,False,82.0,0.311,18.0,21.95,6.0,7.32,0.746,0.08100000000000002,28.22,13.86,13.86,27.71,29.07,19.15,177.0,0.357,32.0,18.08,21.0,11.86,1.087,0.292,28.8,12.96,16.38,29.34,24.36,16.24,221.0,0.225,53.0,23.98,12.0,5.43,0.658,0.162,23.56,12.11,17.06,29.17,30.0,22.27,576.0,0.247,134.0,23.26,28.0,4.86,0.637,0.0989999999999999,22.7,12.17,14.45,26.62,32.3,19.88
745972,2024-06-29,2024,592885,L,657006,L,grounded_into_double_play,False,False,75.0,0.333,15.0,20.0,8.0,10.67,0.9279999999999999,0.182,24.24,11.35,15.96,27.3,27.4,18.52,159.0,0.234,37.0,23.27,14.0,8.81,0.633,0.097,26.17,13.04,15.53,28.57,28.16,18.32,44.0,0.158,12.0,27.27,4.0,9.09,0.51,0.07899999999999999,25.64,12.74,17.2,29.94,29.17,27.27,141.0,0.267,42.0,29.79,8.0,5.67,0.7869999999999999,0.2059999999999999,29.17,14.51,15.37,29.88,30.56,20.1
745972,2024-06-29,2024,621020,R,668964,R,double,False,False,227.0,0.22,62.0,27.31,19.0,8.37,0.6439999999999999,0.13599999999999998,31.51,15.07,15.72,30.79,24.42,22.71,478.0,0.244,111.0,23.22,49.0,10.25,0.734,0.161,28.04,13.13,15.12,28.26,23.34,18.66,110.0,0.218,27.0,24.55,7.0,6.36,0.7210000000000001,0.228,22.73,11.0,19.07,30.07,29.15,20.16,,,,,,,,,,,,,,
745972,2024-06-29,2024,691718,L,668964,R,sac_bunt,False,False,119.0,0.196,34.0,28.57,6.0,5.04,0.5489999999999999,0.10299999999999998,28.89,17.69,10.2,27.89,42.73,21.66,15.0,0.0,6.0,40.0,2.0,13.33,0.154,0.0,44.44,26.67,8.33,35.0,23.08,27.27,99.0,0.225,18.0,18.18,9.0,9.09,0.596,0.07799999999999999,17.26,7.71,17.82,25.53,27.14,18.18,,,,,,,,,,,,,,
745972,2024-06-29,2024,621512,R,668964,R,strikeout,True,False,62.0,0.246,12.0,19.35,1.0,1.61,0.6839999999999999,0.18,31.06,18.47,11.71,30.18,38.1,17.39,35.0,0.121,9.0,25.71,1.0,2.86,0.268,0.0,35.82,22.22,12.04,34.26,50.91,34.62,110.0,0.218,27.0,24.55,7.0,6.36,0.7210000000000001,0.228,22.73,11.0,19.07,30.07,29.15,20.16,,,,,,,,,,,,,,
745972,2024-06-29,2024,663538,R,668964,R,strikeout,True,False,253.0,0.248,26.0,10.28,23.0,9.09,0.683,0.09899999999999998,13.46,6.02,21.37,27.39,29.57,9.89,508.0,0.274,63.0,12.4,40.0,7.87,0.72,0.0979999999999999,13.4,6.0,20.67,26.67,29.91,12.21,110.0,0.218,27.0,24.55,7.0,6.36,0.7210000000000001,0.228,22.73,11.0,19.07,30.07,29.15,20.16,,,,,,,,,,,,,,
745972,2024-06-29,2024,642715,R,657006,L,field_out,False,False,85.0,0.171,15.0,17.65,14.0,16.47,0.62,0.143,27.46,12.15,13.4,25.55,21.91,18.99,160.0,0.231,48.0,30.0,24.0,15.0,0.762,0.1789999999999999,26.61,12.38,15.79,28.17,29.47,20.17,221.0,0.225,53.0,23.98,12.0,5.43,0.658,0.162,23.56,12.11,17.06,29.17,30.0,22.27,576.0,0.247,134.0,23.26,28.0,4.86,0.637,0.0989999999999999,22.7,12.17,14.45,26.62,32.3,19.88
745972,2024-06-29,2024,694192,R,657006,L,field_out,False,False,66.0,0.172,13.0,19.7,8.0,12.12,0.497,0.05200000000000002,22.79,11.7,12.83,24.53,31.78,14.94,,,,,,,,,,,,,,,221.0,0.225,53.0,23.98,12.0,5.43,0.658,0.162,23.56,12.11,17.06,29.17,30.0,22.27,576.0,0.247,134.0,23.26,28.0,4.86,0.637,0.0989999999999999,22.7,12.17,14.45,26.62,32.3,19.88
745972,2024-06-29,2024,656555,R,657006,L,strikeout,True,False,47.0,0.184,9.0,19.15,6.0,12.77,0.64,0.15800000000000003,26.37,12.0,16.0,28.0,26.6,13.43,,,,,,,,,,,,,,,221.0,0.225,53.0,23.98,12.0,5.43,0.658,0.162,23.56,12.11,17.06,29.17,30.0,22.27,576.0,0.247,134.0,23.26,28.0,4.86,0.637,0.0989999999999999,22.7,12.17,14.45,26.62,32.3,19.88
745972,2024-06-29,2024,683737,L,668964,R,field_out,False,False,239.0,0.25,86.0,35.98,30.0,12.55,0.7829999999999999,0.186,33.7,15.01,15.59,30.6,24.21,25.83,66.0,0.158,21.0,31.82,8.0,12.12,0.556,0.1399999999999999,29.79,14.48,13.45,27.93,28.39,21.0,99.0,0.225,18.0,18.18,9.0,9.09,0.596,0.07799999999999999,17.26,7.71,17.82,25.53,27.14,18.18,,,,,,,,,,,,,,
745972,2024-06-29,2024,641355,L,668964,R,field_out,False,False,213.0,0.234,37.0,17.37,22.0,10.33,0.718,0.165,24.62,12.02,13.89,25.91,31.19,17.79,373.0,0.291,58.0,15.55,27.0,7.24,0.829,0.198,20.08,10.01,15.91,25.92,29.71,13.74,99.0,0.225,18.0,18.18,9.0,9.09,0.596,0.07799999999999999,17.26,7.71,17.82,25.53,27.14,18.18,,,,,,,,,,,,,,
745972,2024-06-29,2024,673548,R,668964,R,strikeout,True,False,185.0,0.275,57.0,30.81,11.0,5.95,0.815,0.20999999999999996,27.3,10.86,22.25,33.12,22.34,22.44,419.0,0.278,102.0,24.34,41.0,9.79,0.839,0.2129999999999999,24.3,9.93,20.44,30.37,19.3,20.2,110.0,0.218,27.0,24.55,7.0,6.36,0.7210000000000001,0.228,22.73,11.0,19.07,30.07,29.15,20.16,,,,,,,,,,,,,,
745972,2024-06-29,2024,686217,L,657006,L,single,False,False,33.0,0.258,8.0,24.24,1.0,3.03,0.668,0.129,17.02,7.21,24.32,31.53,20.0,27.59,43.0,0.184,7.0,16.28,5.0,11.63,0.5680000000000001,0.1049999999999999,11.43,4.71,21.18,25.88,26.83,17.07,44.0,0.158,12.0,27.27,4.0,9.09,0.51,0.07899999999999999,25.64,12.74,17.2,29.94,29.17,27.27,141.0,0.267,42.0,29.79,8.0,5.67,0.7869999999999999,0.2059999999999999,29.17,14.51,15.37,29.88,30.56,20.1
745972,2024-06-29,2024,663368,R,657006,L,field_out,False,False,64.0,0.211,13.0,20.31,7.0,10.94,0.595,0.087,24.75,10.0,22.0,32.0,21.49,25.49,58.0,0.192,13.0,22.41,6.0,10.34,0.603,0.135,20.48,7.2,25.0,32.2,14.41,24.53,221.0,0.225,53.0,23.98,12.0,5.43,0.658,0.162,23.56,12.11,17.06,29.17,30.0,22.27,576.0,0.247,134.0,23.26,28.0,4.86,0.637,0.0989999999999999,22.7,12.17,14.45,26.62,32.3,19.88
745972,2024-06-29,2024,655316,R,657006,L,fielders_choice,False,False,31.0,0.148,7.0,22.58,4.0,12.9,0.517,0.11100000000000002,22.64,8.22,24.66,32.88,16.25,12.96,93.0,0.291,19.0,20.43,12.0,12.9,0.779,0.101,20.0,8.4,19.75,28.15,26.29,15.32,221.0,0.225,53.0,23.98,12.0,5.43,0.658,0.162,23.56,12.11,17.06,29.17,30.0,22.27,576.0,0.247,134.0,23.26,28.0,4.86,0.637,0.0989999999999999,22.7,12.17,14.45,26.62,32.3,19.88
745972,2024-06-29,2024,668930,L,657006,L,single,False,False,52.0,0.239,12.0,23.08,6.0,11.54,0.631,0.065,17.24,6.98,20.93,27.91,19.61,19.35,73.0,0.188,12.0,16.44,8.0,10.96,0.466,0.0,20.18,7.94,23.47,31.41,18.75,17.39,44.0,0.158,12.0,27.27,4.0,9.09,0.51,0.07899999999999999,25.64,12.74,17.2,29.94,29.17,27.27,141.0,0.267,42.0,29.79,8.0,5.67,0.7869999999999999,0.2059999999999999,29.17,14.51,15.37,29.88,30.56,20.1
745972,2024-06-29,2024,661388,R,657006,L,single,False,False,82.0,0.311,18.0,21.95,6.0,7.32,0.746,0.08100000000000002,28.22,13.86,13.86,27.71,29.07,19.15,177.0,0.357,32.0,18.08,21.0,11.86,1.087,0.292,28.8,12.96,16.38,29.34,24.36,16.24,221.0,0.225,53.0,23.98,12.0,5.43,0.658,0.162,23.56,12.11,17.06,29.17,30.0,22.27,576.0,0.247,134.0,23.26,28.0,4.86,0.637,0.0989999999999999,22.7,12.17,14.45,26.62,32.3,19.88
745972,2024-06-29,2024,592885,L,657006,L,strikeout,True,False,75.0,0.333,15.0,20.0,8.0,10.67,0.9279999999999999,0.182,24.24,11.35,15.96,27.3,27.4,18.52,159.0,0.234,37.0,23.27,14.0,8.81,0.633,0.097,26.17,13.04,15.53,28.57,28.16,18.32,44.0,0.158,12.0,27.27,4.0,9.09,0.51,0.07899999999999999,25.64,12.74,17.2,29.94,29.17,27.27,141.0,0.267,42.0,29.79,8.0,5.67,0.7869999999999999,0.2059999999999999,29.17,14.51,15.37,29.88,30.56,20.1
745972,2024-06-29,2024,642715,R,657006,L,strikeout,True,False,85.0,0.171,15.0,17.65,14.0,16.47,0.62,0.143,27.46,12.15,13.4,25.55,21.91,18.99,160.0,0.231,48.0,30.0,24.0,15.0,0.762,0.1789999999999999,26.61,12.38,15.79,28.17,29.47,20.17,221.0,0.225,53.0,23.98,12.0,5.43,0.658,0.162,23.56,12.11,17.06,29.17,30.0,22.27,576.0,0.247,134.0,23.26,28.0,4.86,0.637,0.0989999999999999,22.7,12.17,14.45,26.62,32.3,19.88
745972,2024-06-29,2024,664023,L,668964,R,walk,False,True,252.0,0.229,71.0,28.17,37.0,14.68,0.7609999999999999,0.18099999999999997,28.36,12.52,16.09,28.61,22.92,19.61,502.0,0.258,109.0,21.71,80.0,15.94,0.831,0.192,25.86,11.22,15.24,26.46,20.31,17.34,99.0,0.225,18.0,18.18,9.0,9.09,0.596,0.07799999999999999,17.26,7.71,17.82,25.53,27.14,18.18,,,,,,,,,,,,,,
745972,2024-06-29,2024,666624,R,668964,R,single,False,False,263.0,0.2,59.0,22.43,31.0,11.79,0.683,0.178,30.0,13.39,15.32,28.71,24.13,19.6,329.0,0.247,105.0,31.91,27.0,8.21,0.798,0.239,38.21,19.07,13.74,32.81,29.43,27.56,110.0,0.218,27.0,24.55,7.0,6.36,0.7210000000000001,0.228,22.73,11.0,19.07,30.07,29.15,20.16,,,,,,,,,,,,,,
745972,2024-06-29,2024,621020,R,668964,R,grounded_into_double_play,False,False,227.0,0.22,62.0,27.31,19.0,8.37,0.6439999999999999,0.13599999999999998,31.51,15.07,15.72,30.79,24.42,22.71,478.0,0.244,111.0,23.22,49.0,10.25,0.734,0.161,28.04,13.13,15.12,28.26,23.34,18.66,110.0,0.218,27.0,24.55,7.0,6.36,0.7210000000000001,0.228,22.73,11.0,19.07,30.07,29.15,20.16,,,,,,,,,,,,,,
745972,2024-06-29,2024,691718,L,668964,R,single,False,False,119.0,0.196,34.0,28.57,6.0,5.04,0.5489999999999999,0.10299999999999998,28.89,17.69,10.2,27.89,42.73,21.66,15.0,0.0,6.0,40.0,2.0,13.33,0.154,0.0,44.44,26.67,8.33,35.0,23.08,27.27,99.0,0.225,18.0,18.18,9.0,9.09,0.596,0.07799999999999999,17.26,7.71,17.82,25.53,27.14,18.18,,,,,,,,,,,,,,
745972,2024-06-29,2024,621512,R,668964,R,field_out,False,False,62.0,0.246,12.0,19.35,1.0,1.61,0.6839999999999999,0.18,31.06,18.47,11.71,30.18,38.1,17.39,35.0,0.121,9.0,25.71,1.0,2.86,0.268,0.0,35.82,22.22,12.04,34.26,50.91,34.62,110.0,0.218,27.0,24.55,7.0,6.36,0.7210000000000001,0.228,22.73,11.0,19.07,30.07,29.15,20.16,,,,,,,,,,,,,,
745972,2024-06-29,2024,694192,R,657006,L,double,False,False,66.0,0.172,13.0,19.7,8.0,12.12,0.497,0.05200000000000002,22.79,11.7,12.83,24.53,31.78,14.94,,,,,,,,,,,,,,,221.0,0.225,53.0,23.98,12.0,5.43,0.658,0.162,23.56,12.11,17.06,29.17,30.0,22.27,576.0,0.247,134.0,23.26,28.0,4.86,0.637,0.0989999999999999,22.7,12.17,14.45,26.62,32.3,19.88
745972,2024-06-29,2024,656555,R,657006,L,single,False,False,47.0,0.184,9.0,19.15,6.0,12.77,0.64,0.15800000000000003,26.37,12.0,16.0,28.0,26.6,13.43,,,,,,,,,,,,,,,221.0,0.225,53.0,23.98,12.0,5.43,0.658,0.162,23.56,12.11,17.06,29.17,30.0,22.27,576.0,0.247,134.0,23.26,28.0,4.86,0.637,0.0989999999999999,22.7,12.17,14.45,26.62,32.3,19.88
745972,2024-06-29,2024,686217,L,657006,L,force_out,False,False,33.0,0.258,8.0,24.24,1.0,3.03,0.668,0.129,17.02,7.21,24.32,31.53,20.0,27.59,43.0,0.184,7.0,16.28,5.0,11.63,0.5680000000000001,0.1049999999999999,11.43,4.71,21.18,25.88,26.83,17.07,44.0,0.158,12.0,27.27,4.0,9.09,0.51,0.07899999999999999,25.64,12.74,17.2,29.94,29.17,27.27,141.0,0.267,42.0,29.79,8.0,5.67,0.7869999999999999,0.2059999999999999,29.17,14.51,15.37,29.88,30.56,20.1
745972,2024-06-29,2024,663368,R,657006,L,single,False,False,64.0,0.211,13.0,20.31,7.0,10.94,0.595,0.087,24.75,10.0,22.0,32.0,21.49,25.49,58.0,0.192,13.0,22.41,6.0,10.34,0.603,0.135,20.48,7.2,25.0,32.2,14.41,24.53,221.0,0.225,53.0,23.98,12.0,5.43,0.658,0.162,23.56,12.11,17.06,29.17,30.0,22.27,576.0,0.247,134.0,23.26,28.0,4.86,0.637,0.0989999999999999,22.7,12.17,14.45,26.62,32.3,19.88
745972,2024-06-29,2024,655316,R,657006,L,grounded_into_double_play,False,False,31.0,0.148,7.0,22.58,4.0,12.9,0.517,0.11100000000000002,22.64,8.22,24.66,32.88,16.25,12.96,93.0,0.291,19.0,20.43,12.0,12.9,0.779,0.101,20.0,8.4,19.75,28.15,26.29,15.32,221.0,0.225,53.0,23.98,12.0,5.43,0.658,0.162,23.56,12.11,17.06,29.17,30.0,22.27,576.0,0.247,134.0,23.26,28.0,4.86,0.637,0.0989999999999999,22.7,12.17,14.45,26.62,32.3,19.88
745972,2024-06-29,2024,663538,R,668964,R,field_out,False,False,253.0,0.248,26.0,10.28,23.0,9.09,0.683,0.09899999999999998,13.46,6.02,21.37,27.39,29.57,9.89,508.0,0.274,63.0,12.4,40.0,7.87,0.72,0.0979999999999999,13.4,6.0,20.67,26.67,29.91,12.21,110.0,0.218,27.0,24.55,7.0,6.36,0.7210000000000001,0.228,22.73,11.0,19.07,30.07,29.15,20.16,,,,,,,,,,,,,,
745972,2024-06-29,2024,683737,L,668964,R,single,False,False,239.0,0.25,86.0,35.98,30.0,12.55,0.7829999999999999,0.186,33.7,15.01,15.59,30.6,24.21,25.83,66.0,0.158,21.0,31.82,8.0,12.12,0.556,0.1399999999999999,29.79,14.48,13.45,27.93,28.39,21.0,99.0,0.225,18.0,18.18,9.0,9.09,0.596,0.07799999999999999,17.26,7.71,17.82,25.53,27.14,18.18,,,,,,,,,,,,,,
745972,2024-06-29,2024,641355,L,668964,R,single,False,False,213.0,0.234,37.0,17.37,22.0,10.33,0.718,0.165,24.62,12.02,13.89,25.91,31.19,17.79,373.0,0.291,58.0,15.55,27.0,7.24,0.829,0.198,20.08,10.01,15.91,25.92,29.71,13.74,99.0,0.225,18.0,18.18,9.0,9.09,0.596,0.07799999999999999,17.26,7.71,17.82,25.53,27.14,18.18,,,,,,,,,,,,,,
745972,2024-06-29,2024,673548,R,668964,R,field_out,False,False,185.0,0.275,57.0,30.81,11.0,5.95,0.815,0.20999999999999996,27.3,10.86,22.25,33.12,22.34,22.44,419.0,0.278,102.0,24.34,41.0,9.79,0.839,0.2129999999999999,24.3,9.93,20.44,30.37,19.3,20.2,110.0,0.218,27.0,24.55,7.0,6.36,0.7210000000000001,0.228,22.73,11.0,19.07,30.07,29.15,20.16,,,,,,,,,,,,,,
745972,2024-06-29,2024,664023,L,668964,R,hit_by_pitch,False,False,252.0,0.229,71.0,28.17,37.0,14.68,0.7609999999999999,0.18099999999999997,28.36,12.52,16.09,28.61,22.92,19.61,502.0,0.258,109.0,21.71,80.0,15.94,0.831,0.192,25.86,11.22,15.24,26.46,20.31,17.34,99.0,0.225,18.0,18.18,9.0,9.09,0.596,0.07799999999999999,17.26,7.71,17.82,25.53,27.14,18.18,,,,,,,,,,,,,,
745972,2024-06-29,2024,666624,R,668964,R,strikeout,True,False,263.0,0.2,59.0,22.43,31.0,11.79,0.683,0.178,30.0,13.39,15.32,28.71,24.13,19.6,329.0,0.247,105.0,31.91,27.0,8.21,0.798,0.239,38.21,19.07,13.74,32.81,29.43,27.56,110.0,0.218,27.0,24.55,7.0,6.36,0.7210000000000001,0.228,22.73,11.0,19.07,30.07,29.15,20.16,,,,,,,,,,,,,,
745972,2024-06-29,2024,668930,L,657006,L,strikeout,True,False,52.0,0.239,12.0,23.08,6.0,11.54,0.631,0.065,17.24,6.98,20.93,27.91,19.61,19.35,73.0,0.188,12.0,16.44,8.0,10.96,0.466,0.0,20.18,7.94,23.47,31.41,18.75,17.39,44.0,0.158,12.0,27.27,4.0,9.09,0.51,0.07899999999999999,25.64,12.74,17.2,29.94,29.17,27.27,141.0,0.267,42.0,29.79,8.0,5.67,0.7869999999999999,0.2059999999999999,29.17,14.51,15.37,29.88,30.56,20.1
745972,2024-06-29,2024,661388,R,657006,L,field_out,False,False,82.0,0.311,18.0,21.95,6.0,7.32,0.746,0.08100000000000002,28.22,13.86,13.86,27.71,29.07,19.15,177.0,0.357,32.0,18.08,21.0,11.86,1.087,0.292,28.8,12.96,16.38,29.34,24.36,16.24,221.0,0.225,53.0,23.98,12.0,5.43,0.658,0.162,23.56,12.11,17.06,29.17,30.0,22.27,576.0,0.247,134.0,23.26,28.0,4.86,0.637,0.0989999999999999,22.7,12.17,14.45,26.62,32.3,19.88
745972,2024-06-29,2024,592885,L,657006,L,field_out,False,False,75.0,0.333,15.0,20.0,8.0,10.67,0.9279999999999999,0.182,24.24,11.35,15.96,27.3,27.4,18.52,159.0,0.234,37.0,23.27,14.0,8.81,0.633,0.097,26.17,13.04,15.53,28.57,28.16,18.32,44.0,0.158,12.0,27.27,4.0,9.09,0.51,0.07899999999999999,25.64,12.74,17.2,29.94,29.17,27.27,141.0,0.267,42.0,29.79,8.0,5.67,0.7869999999999999,0.2059999999999999,29.17,14.51,15.37,29.88,30.56,20.1
745972,2024-06-29,2024,621020,R,668964,R,field_out,False,False,227.0,0.22,62.0,27.31,19.0,8.37,0.6439999999999999,0.13599999999999998,31.51,15.07,15.72,30.79,24.42,22.71,478.0,0.244,111.0,23.22,49.0,10.25,0.734,0.161,28.04,13.13,15.12,28.26,23.34,18.66,110.0,0.218,27.0,24.55,7.0,6.36,0.7210000000000001,0.228,22.73,11.0,19.07,30.07,29.15,20.16,,,,,,,,,,,,,,
745972,2024-06-29,2024,691718,L,668964,R,strikeout,True,False,119.0,0.196,34.0,28.57,6.0,5.04,0.5489999999999999,0.10299999999999998,28.89,17.69,10.2,27.89,42.73,21.66,15.0,0.0,6.0,40.0,2.0,13.33,0.154,0.0,44.44,26.67,8.33,35.0,23.08,27.27,99.0,0.225,18.0,18.18,9.0,9.09,0.596,0.07799999999999999,17.26,7.71,17.82,25.53,27.14,18.18,,,,,,,,,,,,,,
745972,2024-06-29,2024,621512,R,668964,R,field_out,False,False,62.0,0.246,12.0,19.35,1.0,1.61,0.6839999999999999,0.18,31.06,18.47,11.71,30.18,38.1,17.39,35.0,0.121,9.0,25.71,1.0,2.86,0.268,0.0,35.82,22.22,12.04,34.26,50.91,34.62,110.0,0.218,27.0,24.55,7.0,6.36,0.7210000000000001,0.228,22.73,11.0,19.07,30.07,29.15,20.16,,,,,,,,,,,,,,
745972,2024-06-29,2024,642715,R,657006,L,field_out,False,False,85.0,0.171,15.0,17.65,14.0,16.47,0.62,0.143,27.46,12.15,13.4,25.55,21.91,18.99,160.0,0.231,48.0,30.0,24.0,15.0,0.762,0.1789999999999999,26.61,12.38,15.79,28.17,29.47,20.17,221.0,0.225,53.0,23.98,12.0,5.43,0.658,0.162,23.56,12.11,17.06,29.17,30.0,22.27,576.0,0.247,134.0,23.26,28.0,4.86,0.637,0.0989999999999999,22.7,12.17,14.45,26.62,32.3,19.88
745972,2024-06-29,2024,694192,R,657006,L,field_out,False,False,66.0,0.172,13.0,19.7,8.0,12.12,0.497,0.05200000000000002,22.79,11.7,12.83,24.53,31.78,14.94,,,,,,,,,,,,,,,221.0,0.225,53.0,23.98,12.0,5.43,0.658,0.162,23.56,12.11,17.06,29.17,30.0,22.27,576.0,0.247,134.0,23.26,28.0,4.86,0.637,0.0989999999999999,22.7,12.17,14.45,26.62,32.3,19.88
745972,2024-06-29,2024,656555,R,657006,L,strikeout,True,False,47.0,0.184,9.0,19.15,6.0,12.77,0.64,0.15800000000000003,26.37,12.0,16.0,28.0,26.6,13.43,,,,,,,,,,,,,,,221.0,0.225,53.0,23.98,12.0,5.43,0.658,0.162,23.56,12.11,17.06,29.17,30.0,22.27,576.0,0.247,134.0,23.26,28.0,4.86,0.637,0.0989999999999999,22.7,12.17,14.45,26.62,32.3,19.88
745972,2024-06-29,2024,663538,R,663542,L,strikeout,True,False,58.0,0.255,8.0,13.79,6.0,10.34,0.659,0.059,16.33,7.73,17.39,25.12,35.0,14.81,180.0,0.306,20.0,11.11,9.0,5.0,0.756,0.1059999999999999,10.25,4.9,18.57,23.48,32.13,11.7,103.0,0.134,32.0,31.07,4.0,3.88,0.431,0.11299999999999999,24.66,12.53,18.33,30.86,29.19,21.19,25.0,0.333,6.0,24.0,1.0,4.0,0.902,0.209,30.95,15.48,23.81,39.29,31.25,28.57
745972,2024-06-29,2024,683737,L,663542,L,field_out,False,False,33.0,0.31,7.0,21.21,4.0,12.12,0.8420000000000001,0.138,24.19,10.95,16.79,27.74,25.0,16.28,15.0,0.2,6.0,40.0,0.0,0.0,0.467,0.067,32.14,14.06,18.75,32.81,34.21,31.58,53.0,0.128,17.0,32.08,4.0,7.55,0.405,0.08499999999999999,24.18,11.06,20.1,31.16,22.99,31.48,19.0,0.286,1.0,5.26,3.0,15.79,0.707,0.0,18.92,8.75,21.25,30.0,15.15,3.45
745972,2024-06-29,2024,641355,L,663542,L,strikeout,True,False,87.0,0.341,13.0,14.94,1.0,1.15,0.816,0.12999999999999995,20.0,10.69,17.93,28.62,38.89,16.88,183.0,0.337,29.0,15.85,13.0,7.1,0.984,0.2589999999999999,20.0,9.84,17.49,27.32,33.33,11.98,53.0,0.128,17.0,32.08,4.0,7.55,0.405,0.08499999999999999,24.18,11.06,20.1,31.16,22.99,31.48,19.0,0.286,1.0,5.26,3.0,15.79,0.707,0.0,18.92,8.75,21.25,30.0,15.15,3.45
745972,2024-06-29,2024,686217,L,681432,L,strikeout,True,False,33.0,0.258,8.0,24.24,1.0,3.03,0.668,0.129,17.02,7.21,24.32,31.53,20.0,27.59,43.0,0.184,7.0,16.28,5.0,11.63,0.5680000000000001,0.1049999999999999,11.43,4.71,21.18,25.88,26.83,17.07,42.0,0.139,14.0,33.33,6.0,14.29,0.456,0.05499999999999999,32.81,12.07,23.56,35.63,26.6,32.56,11.0,0.111,4.0,36.36,1.0,9.09,0.404,0.111,46.15,22.22,18.52,40.74,35.71,23.53
745972,2024-06-29,2024,663368,R,681432,L,field_out,False,False,64.0,0.211,13.0,20.31,7.0,10.94,0.595,0.087,24.75,10.0,22.0,32.0,21.49,25.49,58.0,0.192,13.0,22.41,6.0,10.34,0.603,0.135,20.48,7.2,25.0,32.2,14.41,24.53,51.0,0.139,11.0,21.57,11.0,21.57,0.651,0.139,25.33,9.18,19.81,28.99,17.48,20.75,19.0,0.267,8.0,42.11,3.0,15.79,0.754,0.066,46.43,15.85,19.51,35.37,15.56,30.77
745972,2024-06-29,2024,655316,R,681432,L,single,False,False,31.0,0.148,7.0,22.58,4.0,12.9,0.517,0.11100000000000002,22.64,8.22,24.66,32.88,16.25,12.96,93.0,0.291,19.0,20.43,12.0,12.9,0.779,0.101,20.0,8.4,19.75,28.15,26.29,15.32,51.0,0.139,11.0,21.57,11.0,21.57,0.651,0.139,25.33,9.18,19.81,28.99,17.48,20.75,19.0,0.267,8.0,42.11,3.0,15.79,0.754,0.066,46.43,15.85,19.51,35.37,15.56,30.77
745972,2024-06-29,2024,668930,L,681432,L,single,False,False,52.0,0.239,12.0,23.08,6.0,11.54,0.631,0.065,17.24,6.98,20.93,27.91,19.61,19.35,73.0,0.188,12.0,16.44,8.0,10.96,0.466,0.0,20.18,7.94,23.47,31.41,18.75,17.39,42.0,0.139,14.0,33.33,6.0,14.29,0.456,0.05499999999999999,32.81,12.07,23.56,35.63,26.6,32.56,11.0,0.111,4.0,36.36,1.0,9.09,0.404,0.111,46.15,22.22,18.52,40.74,35.71,23.53
745972,2024-06-29,2024,661388,R,681432,L,caught_stealing_home,False,False,82.0,0.311,18.0,21.95,6.0,7.32,0.746,0.08100000000000002,28.22,13.86,13.86,27.71,29.07,19.15,177.0,0.357,32.0,18.08,21.0,11.86,1.087,0.292,28.8,12.96,16.38,29.34,24.36,16.24,51.0,0.139,11.0,21.57,11.0,21.57,0.651,0.139,25.33,9.18,19.81,28.99,17.48,20.75,19.0,0.267,8.0,42.11,3.0,15.79,0.754,0.066,46.43,15.85,19.51,35.37,15.56,30.77
745972,2024-06-29,2024,673548,R,606303,R,walk,False,True,185.0,0.275,57.0,30.81,11.0,5.95,0.815,0.20999999999999996,27.3,10.86,22.25,33.12,22.34,22.44,419.0,0.278,102.0,24.34,41.0,9.79,0.839,0.2129999999999999,24.3,9.93,20.44,30.37,19.3,20.2,59.0,0.204,12.0,20.34,2.0,3.39,0.5369999999999999,0.092,23.58,11.31,18.1,29.41,28.71,20.0,172.0,0.214,44.0,25.58,12.0,6.98,0.587,0.091,27.46,11.27,19.65,30.92,25.96,22.05
745972,2024-06-29,2024,664023,L,606303,R,home_run,False,False,252.0,0.229,71.0,28.17,37.0,14.68,0.7609999999999999,0.18099999999999997,28.36,12.52,16.09,28.61,22.92,19.61,502.0,0.258,109.0,21.71,80.0,15.94,0.831,0.192,25.86,11.22,15.24,26.46,20.31,17.34,62.0,0.259,13.0,20.97,4.0,6.45,0.772,0.20700000000000002,25.21,12.3,16.39,28.69,28.1,17.57,116.0,0.226,33.0,28.45,5.0,4.31,0.668,0.17,26.21,12.44,17.97,30.41,25.0,26.19
745972,2024-06-29,2024,666624,R,606303,R,walk,False,True,263.0,0.2,59.0,22.43,31.0,11.79,0.683,0.178,30.0,13.39,15.32,28.71,24.13,19.6,329.0,0.247,105.0,31.91,27.0,8.21,0.798,0.239,38.21,19.07,13.74,32.81,29.43,27.56,59.0,0.204,12.0,20.34,2.0,3.39,0.5369999999999999,0.092,23.58,11.31,18.1,29.41,28.71,20.0,172.0,0.214,44.0,25.58,12.0,6.98,0.587,0.091,27.46,11.27,19.65,30.92,25.96,22.05
745972,2024-06-29,2024,621020,R,606303,R,walk,False,True,227.0,0.22,62.0,27.31,19.0,8.37,0.6439999999999999,0.13599999999999998,31.51,15.07,15.72,30.79,24.42,22.71,478.0,0.244,111.0,23.22,49.0,10.25,0.734,0.161,28.04,13.13,15.12,28.26,23.34,18.66,59.0,0.204,12.0,20.34,2.0,3.39,0.5369999999999999,0.092,23.58,11.31,18.1,29.41,28.71,20.0,172.0,0.214,44.0,25.58,12.0,6.98,0.587,0.091,27.46,11.27,19.65,30.92,25.96,22.05
745972,2024-06-29,2024,691718,L,660600,R,strikeout,True,False,119.0,0.196,34.0,28.57,6.0,5.04,0.5489999999999999,0.10299999999999998,28.89,17.69,10.2,27.89,42.73,21.66,15.0,0.0,6.0,40.0,2.0,13.33,0.154,0.0,44.44,26.67,8.33,35.0,23.08,27.27,24.0,0.227,5.0,20.83,2.0,8.33,0.61,0.091,34.29,15.79,18.42,34.21,28.21,31.25,,,,,,,,,,,,,,
745972,2024-06-29,2024,670156,L,660600,R,field_out,False,False,41.0,0.2,8.0,19.51,5.0,12.2,0.529,0.028999999999999998,21.88,8.75,18.75,27.5,23.6,19.51,135.0,0.24,29.0,21.48,12.0,8.89,0.614,0.066,22.82,8.53,24.86,33.39,23.61,18.12,24.0,0.227,5.0,20.83,2.0,8.33,0.61,0.091,34.29,15.79,18.42,34.21,28.21,31.25,,,,,,,,,,,,,,
745972,2024-06-29,2024,661388,R,687863,R,field_out,False,False,274.0,0.282,50.0,18.25,24.0,8.76,0.802,0.17000000000000004,28.33,13.47,14.16,27.62,24.71,18.12,434.0,0.262,94.0,21.66,42.0,9.68,0.72,0.119,27.61,11.63,19.55,31.17,24.86,18.08,26.0,0.136,8.0,30.77,4.0,15.38,0.451,0.045999999999999985,31.91,13.51,16.22,29.73,17.86,25.0,,,,,,,,,,,,,,
745972,2024-06-29,2024,592885,L,687863,R,single,False,False,166.0,0.312,33.0,19.88,20.0,12.05,0.8520000000000001,0.14600000000000002,22.88,10.54,13.1,23.64,25.21,16.5,473.0,0.294,103.0,21.78,64.0,13.53,0.882,0.195,26.99,11.53,15.4,26.93,23.89,19.07,14.0,0.167,7.0,50.0,2.0,14.29,0.619,0.166,34.62,15.79,14.04,29.82,16.67,41.18,,,,,,,,,,,,,,
745972,2024-06-29,2024,642715,R,687863,R,field_out,False,False,273.0,0.253,60.0,21.98,29.0,10.62,0.783,0.195,29.39,14.17,14.35,28.52,26.61,17.75,480.0,0.212,117.0,24.38,47.0,9.79,0.702,0.194,32.44,16.53,12.85,29.38,32.69,19.28,26.0,0.136,8.0,30.77,4.0,15.38,0.451,0.045999999999999985,31.91,13.51,16.22,29.73,17.86,25.0,,,,,,,,,,,,,,
745972,2024-06-29,2024,694192,R,687863,R,field_out,False,False,180.0,0.265,47.0,26.11,7.0,3.89,0.738,0.182,29.73,15.05,18.39,33.43,36.87,23.38,,,,,,,,,,,,,,,26.0,0.136,8.0,30.77,4.0,15.38,0.451,0.045999999999999985,31.91,13.51,16.22,29.73,17.86,25.0,,,,,,,,,,,,,,
745972,2024-06-29,2024,663538,R,660600,R,field_out,False,False,253.0,0.248,26.0,10.28,23.0,9.09,0.683,0.09899999999999998,13.46,6.02,21.37,27.39,29.57,9.89,508.0,0.274,63.0,12.4,40.0,7.87,0.72,0.0979999999999999,13.4,6.0,20.67,26.67,29.91,12.21,33.0,0.107,6.0,18.18,3.0,9.09,0.385,0.03599999999999999,21.82,10.26,17.95,28.21,35.94,19.35,,,,,,,,,,,,,,
745972,2024-06-29,2024,683737,L,660600,R,walk,False,True,239.0,0.25,86.0,35.98,30.0,12.55,0.7829999999999999,0.186,33.7,15.01,15.59,30.6,24.21,25.83,66.0,0.158,21.0,31.82,8.0,12.12,0.556,0.1399999999999999,29.79,14.48,13.45,27.93,28.39,21.0,24.0,0.227,5.0,20.83,2.0,8.33,0.61,0.091,34.29,15.79,18.42,34.21,28.21,31.25,,,,,,,,,,,,,,
745972,2024-06-29,2024,641355,L,660600,R,grounded_into_double_play,False,False,213.0,0.234,37.0,17.37,22.0,10.33,0.718,0.165,24.62,12.02,13.89,25.91,31.19,17.79,373.0,0.291,58.0,15.55,27.0,7.24,0.829,0.198,20.08,10.01,15.91,25.92,29.71,13.74,24.0,0.227,5.0,20.83,2.0,8.33,0.61,0.091,34.29,15.79,18.42,34.21,28.21,31.25,,,,,,,,,,,,,,
745972,2024-06-29,2024,656555,R,593576,R,single,False,False,198.0,0.231,54.0,27.27,20.0,10.1,0.749,0.19699999999999998,26.26,10.76,21.28,32.04,22.25,19.29,,,,,,,,,,,,,,,68.0,0.271,15.0,22.06,6.0,8.82,0.84,0.22099999999999997,17.78,8.96,13.81,22.76,30.3,19.74,158.0,0.181,45.0,28.48,16.0,10.13,0.6060000000000001,0.145,27.9,14.33,15.14,29.47,31.82,22.39
745972,2024-06-29,2024,686217,L,593576,R,force_out,False,False,243.0,0.269,42.0,17.28,23.0,9.47,0.6799999999999999,0.064,14.56,5.83,21.92,27.75,26.05,15.44,180.0,0.261,30.0,16.67,23.0,12.78,0.722,0.1049999999999999,15.26,6.63,20.31,26.94,29.52,13.18,61.0,0.196,13.0,21.31,15.0,24.59,0.6970000000000001,0.10799999999999998,25.0,10.49,11.99,22.47,23.17,19.7,115.0,0.163,32.0,27.83,15.0,13.04,0.517,0.0819999999999999,34.19,16.91,12.68,29.6,31.32,21.92
745972,2024-06-29,2024,641343,L,593576,R,walk,False,True,168.0,0.212,58.0,34.52,18.0,10.71,0.708,0.18500000000000003,29.64,13.32,18.59,31.92,21.22,26.61,244.0,0.205,83.0,34.02,26.0,10.66,0.72,0.228,32.78,14.71,16.21,30.93,23.65,23.92,61.0,0.196,13.0,21.31,15.0,24.59,0.6970000000000001,0.10799999999999998,25.0,10.49,11.99,22.47,23.17,19.7,115.0,0.163,32.0,27.83,15.0,13.04,0.517,0.0819999999999999,34.19,16.91,12.68,29.6,31.32,21.92
745972,2024-06-29,2024,672012,L,593576,R,strikeout,True,False,31.0,0.222,11.0,35.48,4.0,12.9,0.5820000000000001,0.037000000000000005,28.85,11.72,20.31,32.03,21.21,31.43,,,,,,,,,,,,,,,61.0,0.196,13.0,21.31,15.0,24.59,0.6970000000000001,0.10799999999999998,25.0,10.49,11.99,22.47,23.17,19.7,115.0,0.163,32.0,27.83,15.0,13.04,0.517,0.0819999999999999,34.19,16.91,12.68,29.6,31.32,21.92
745972,2024-06-29,2024,668930,L,593576,R,strikeout,True,False,260.0,0.297,41.0,15.77,22.0,8.46,0.7849999999999999,0.13,12.24,5.66,18.75,24.41,26.01,14.14,376.0,0.224,82.0,21.81,30.0,7.98,0.608,0.097,22.03,10.83,16.08,26.9,28.59,16.14,61.0,0.196,13.0,21.31,15.0,24.59,0.6970000000000001,0.10799999999999998,25.0,10.49,11.99,22.47,23.17,19.7,115.0,0.163,32.0,27.83,15.0,13.04,0.517,0.0819999999999999,34.19,16.91,12.68,29.6,31.32,21.92
745317,2024-06-29,2024,660271,L,669062,L,strikeout,True,False,119.0,0.299,27.0,22.69,11.0,9.24,0.866,0.20600000000000002,27.96,12.29,17.08,29.38,23.53,19.85,170.0,0.245,44.0,25.88,27.0,15.88,0.897,0.287,30.62,13.88,13.59,27.47,31.74,23.04,57.0,0.13,21.0,36.84,10.0,17.54,0.472,0.043999999999999984,35.48,12.84,20.62,33.46,21.13,23.53,,,,,,,,,,,,,,
745317,2024-06-29,2024,669257,R,669062,L,field_out,False,False,83.0,0.343,10.0,12.05,11.0,13.25,1.105,0.328,17.73,7.72,15.12,22.84,25.0,11.49,147.0,0.24,22.0,14.97,21.0,14.29,0.8,0.206,20.0,8.97,15.38,24.36,26.59,11.52,98.0,0.239,22.0,22.45,9.0,9.18,0.7829999999999999,0.238,29.0,13.71,14.66,28.37,25.59,15.28,,,,,,,,,,,,,,
745317,2024-06-29,2024,518692,L,669062,L,field_out,False,False,127.0,0.229,19.0,14.96,11.0,8.66,0.6839999999999999,0.13799999999999998,21.14,11.43,12.53,23.96,33.03,12.84,218.0,0.335,40.0,18.35,15.0,6.88,1.008,0.2739999999999999,21.54,11.31,11.07,22.38,26.41,16.0,57.0,0.13,21.0,36.84,10.0,17.54,0.472,0.043999999999999984,35.48,12.84,20.62,33.46,21.13,23.53,,,,,,,,,,,,,,
745317,2024-06-29,2024,624585,R,607192,R,double,False,False,203.0,0.218,48.0,23.65,19.0,9.36,0.661,0.151,29.51,13.95,15.37,29.33,29.51,22.02,446.0,0.242,111.0,24.89,46.0,10.31,0.788,0.22,27.97,12.22,16.15,28.37,25.71,21.19,191.0,0.166,73.0,38.22,9.0,4.71,0.481,0.11000000000000001,32.5,16.03,17.53,33.56,30.29,32.16,219.0,0.164,74.0,33.79,16.0,7.31,0.492,0.1,36.45,17.61,16.8,34.41,28.81,25.69
745317,2024-06-29,2024,664774,L,607192,R,field_out,False,False,149.0,0.328,35.0,23.49,28.0,18.79,0.876,0.09199999999999997,22.22,8.05,20.28,28.33,17.01,18.58,438.0,0.254,75.0,17.12,67.0,15.3,0.8049999999999999,0.174,20.67,7.99,18.45,26.43,16.81,16.03,176.0,0.188,59.0,33.52,12.0,6.82,0.632,0.2,28.75,14.16,15.96,30.12,26.33,30.41,266.0,0.247,88.0,33.08,21.0,7.89,0.721,0.1689999999999999,34.59,16.73,17.12,33.85,30.97,28.03
745317,2024-06-29,2024,671218,R,607192,R,sac_fly,False,False,144.0,0.239,45.0,31.25,10.0,6.94,0.665,0.134,32.96,15.47,16.17,31.63,29.33,27.61,14.0,0.154,4.0,28.57,1.0,7.14,0.368,0.0,30.43,14.58,18.75,33.33,26.09,50.0,191.0,0.166,73.0,38.22,9.0,4.71,0.481,0.11000000000000001,32.5,16.03,17.53,33.56,30.29,32.16,219.0,0.164,74.0,33.79,16.0,7.31,0.492,0.1,36.45,17.61,16.8,34.41,28.81,25.69
745317,2024-06-29,2024,672275,L,607192,R,field_out,False,False,173.0,0.282,31.0,17.92,20.0,11.56,0.81,0.16800000000000004,20.25,9.38,14.49,23.86,24.57,15.9,240.0,0.203,70.0,29.17,13.0,5.42,0.5569999999999999,0.0989999999999999,26.61,12.88,17.55,30.43,28.93,23.81,176.0,0.188,59.0,33.52,12.0,6.82,0.632,0.2,28.75,14.16,15.96,30.12,26.33,30.41,266.0,0.247,88.0,33.08,21.0,7.89,0.721,0.1689999999999999,34.59,16.73,17.12,33.85,30.97,28.03
745317,2024-06-29,2024,606192,R,675921,R,field_out,False,False,244.0,0.248,72.0,29.51,21.0,8.61,0.771,0.202,34.61,17.87,12.93,30.8,29.94,20.57,529.0,0.249,164.0,31.0,33.0,6.24,0.718,0.1639999999999999,36.92,19.57,14.44,34.01,34.81,23.06,53.0,0.422,9.0,16.98,7.0,13.21,1.1219999999999999,0.2,26.6,14.04,12.36,26.4,27.38,18.37,14.0,0.273,1.0,7.14,2.0,14.29,0.974,0.272,29.17,10.61,16.67,27.27,18.42,4.76
745317,2024-06-29,2024,681624,R,675921,R,double,False,False,196.0,0.22,52.0,26.53,11.0,5.61,0.661,0.159,26.85,14.34,13.16,27.5,32.8,20.16,,,,,,,,,,,,,,,53.0,0.422,9.0,16.98,7.0,13.21,1.1219999999999999,0.2,26.6,14.04,12.36,26.4,27.38,18.37,14.0,0.273,1.0,7.14,2.0,14.29,0.974,0.272,29.17,10.61,16.67,27.27,18.42,4.76
745317,2024-06-29,2024,518792,L,675921,R,field_out,False,False,105.0,0.202,16.0,15.24,12.0,11.43,0.718,0.202,23.47,11.06,15.14,26.2,27.78,13.56,349.0,0.276,57.0,16.33,32.0,9.17,0.818,0.1949999999999999,20.45,9.51,16.77,26.27,27.56,15.45,45.0,0.19,12.0,26.67,2.0,4.44,0.508,0.09599999999999997,26.88,13.81,17.68,31.49,28.92,16.42,4.0,0.333,1.0,25.0,1.0,25.0,0.833,0.0,66.67,26.67,20.0,46.67,37.5,33.33
745317,2024-06-29,2024,500743,R,675921,R,single,False,False,85.0,0.304,10.0,11.76,5.0,5.88,0.796,0.139,12.14,5.52,19.81,25.32,29.14,12.05,279.0,0.21,36.0,12.9,18.0,6.45,0.546,0.068,19.79,9.92,16.53,26.45,34.53,12.9,53.0,0.422,9.0,16.98,7.0,13.21,1.1219999999999999,0.2,26.6,14.04,12.36,26.4,27.38,18.37,14.0,0.273,1.0,7.14,2.0,14.29,0.974,0.272,29.17,10.61,16.67,27.27,18.42,4.76
745317,2024-06-29,2024,666158,L,675921,R,field_out,False,False,204.0,0.226,46.0,22.55,13.0,6.37,0.597,0.095,19.39,8.81,18.49,27.3,21.87,19.25,,,,,,,,,,,,,,,45.0,0.19,12.0,26.67,2.0,4.44,0.508,0.09599999999999997,26.88,13.81,17.68,31.49,28.92,16.42,4.0,0.333,1.0,25.0,1.0,25.0,0.833,0.0,66.67,26.67,20.0,46.67,37.5,33.33
745317,2024-06-29,2024,656305,R,607192,R,double,False,False,250.0,0.2,66.0,26.4,22.0,8.8,0.6180000000000001,0.138,26.23,11.74,19.94,31.68,25.3,19.19,471.0,0.223,139.0,29.51,52.0,11.04,0.722,0.179,31.15,13.33,17.79,31.11,18.61,21.72,191.0,0.166,73.0,38.22,9.0,4.71,0.481,0.11000000000000001,32.5,16.03,17.53,33.56,30.29,32.16,219.0,0.164,74.0,33.79,16.0,7.31,0.492,0.1,36.45,17.61,16.8,34.41,28.81,25.69
745317,2024-06-29,2024,624424,L,607192,R,double,False,False,177.0,0.215,41.0,23.16,13.0,7.34,0.676,0.19000000000000003,25.16,11.56,17.34,28.9,27.4,20.4,368.0,0.245,77.0,20.92,50.0,13.59,0.753,0.155,23.68,10.56,15.02,25.57,23.23,16.81,176.0,0.188,59.0,33.52,12.0,6.82,0.632,0.2,28.75,14.16,15.96,30.12,26.33,30.41,266.0,0.247,88.0,33.08,21.0,7.89,0.721,0.1689999999999999,34.59,16.73,17.12,33.85,30.97,28.03
745317,2024-06-29,2024,682641,R,607192,R,field_out,False,False,82.0,0.262,5.0,6.1,2.0,2.44,0.642,0.09999999999999998,10.07,5.24,14.23,19.48,36.24,8.62,154.0,0.215,23.0,14.94,8.0,5.19,0.56,0.0839999999999999,20.15,9.82,15.18,25.0,27.53,17.29,191.0,0.166,73.0,38.22,9.0,4.71,0.481,0.11000000000000001,32.5,16.03,17.53,33.56,30.29,32.16,219.0,0.164,74.0,33.79,16.0,7.31,0.492,0.1,36.45,17.61,16.8,34.41,28.81,25.69
745317,2024-06-29,2024,689172,L,607192,R,strikeout,True,False,89.0,0.265,18.0,20.22,5.0,5.62,0.6890000000000001,0.121,19.61,9.06,19.34,28.4,30.07,19.57,106.0,0.155,30.0,28.3,8.0,7.55,0.4639999999999999,0.092,28.32,14.65,14.19,28.83,32.6,19.86,176.0,0.188,59.0,33.52,12.0,6.82,0.632,0.2,28.75,14.16,15.96,30.12,26.33,30.41,266.0,0.247,88.0,33.08,21.0,7.89,0.721,0.1689999999999999,34.59,16.73,17.12,33.85,30.97,28.03
745317,2024-06-29,2024,624415,L,675921,R,field_out,False,False,143.0,0.185,47.0,32.87,14.0,9.79,0.581,0.08400000000000002,23.79,8.99,24.29,33.28,18.93,22.93,286.0,0.223,69.0,24.13,36.0,12.59,0.7090000000000001,0.149,23.33,9.24,21.47,30.71,15.66,18.6,45.0,0.19,12.0,26.67,2.0,4.44,0.508,0.09599999999999997,26.88,13.81,17.68,31.49,28.92,16.42,4.0,0.333,1.0,25.0,1.0,25.0,0.833,0.0,66.67,26.67,20.0,46.67,37.5,33.33
745317,2024-06-29,2024,660271,L,675921,R,home_run,False,False,234.0,0.335,44.0,18.8,32.0,13.68,1.162,0.39599999999999996,28.15,13.18,13.93,27.12,28.77,17.12,429.0,0.327,99.0,23.08,64.0,14.92,1.132,0.3739999999999999,32.88,15.48,11.59,27.07,28.86,20.75,45.0,0.19,12.0,26.67,2.0,4.44,0.508,0.09599999999999997,26.88,13.81,17.68,31.49,28.92,16.42,4.0,0.333,1.0,25.0,1.0,25.0,0.833,0.0,66.67,26.67,20.0,46.67,37.5,33.33
745317,2024-06-29,2024,669257,R,675921,R,field_out,False,False,201.0,0.219,38.0,18.91,15.0,7.46,0.655,0.152,20.39,9.85,15.78,25.62,26.7,13.92,407.0,0.268,67.0,16.46,42.0,10.32,0.7949999999999999,0.1659999999999999,19.27,8.8,16.84,25.64,24.5,12.79,53.0,0.422,9.0,16.98,7.0,13.21,1.1219999999999999,0.2,26.6,14.04,12.36,26.4,27.38,18.37,14.0,0.273,1.0,7.14,2.0,14.29,0.974,0.272,29.17,10.61,16.67,27.27,18.42,4.76
745317,2024-06-29,2024,518692,L,675921,R,field_out,False,False,228.0,0.337,34.0,14.91,32.0,14.04,1.016,0.24699999999999994,19.72,9.24,11.55,20.79,23.03,13.28,514.0,0.33,81.0,15.76,57.0,11.09,0.962,0.218,19.83,9.77,11.31,21.08,27.01,16.63,45.0,0.19,12.0,26.67,2.0,4.44,0.508,0.09599999999999997,26.88,13.81,17.68,31.49,28.92,16.42,4.0,0.333,1.0,25.0,1.0,25.0,0.833,0.0,66.67,26.67,20.0,46.67,37.5,33.33
745317,2024-06-29,2024,605113,R,607192,R,walk,False,True,83.0,0.182,18.0,21.69,2.0,2.41,0.431,0.03900000000000001,25.42,13.85,17.23,31.08,38.03,15.93,88.0,0.293,24.0,27.27,6.0,6.82,0.78,0.146,25.79,12.65,20.37,33.02,32.05,24.0,191.0,0.166,73.0,38.22,9.0,4.71,0.481,0.11000000000000001,32.5,16.03,17.53,33.56,30.29,32.16,219.0,0.164,74.0,33.79,16.0,7.31,0.492,0.1,36.45,17.61,16.8,34.41,28.81,25.69
745317,2024-06-29,2024,624585,R,607192,R,double,False,False,203.0,0.218,48.0,23.65,19.0,9.36,0.661,0.151,29.51,13.95,15.37,29.33,29.51,22.02,446.0,0.242,111.0,24.89,46.0,10.31,0.788,0.22,27.97,12.22,16.15,28.37,25.71,21.19,191.0,0.166,73.0,38.22,9.0,4.71,0.481,0.11000000000000001,32.5,16.03,17.53,33.56,30.29,32.16,219.0,0.164,74.0,33.79,16.0,7.31,0.492,0.1,36.45,17.61,16.8,34.41,28.81,25.69
745317,2024-06-29,2024,664774,L,607192,R,fielders_choice_out,False,False,149.0,0.328,35.0,23.49,28.0,18.79,0.876,0.09199999999999997,22.22,8.05,20.28,28.33,17.01,18.58,438.0,0.254,75.0,17.12,67.0,15.3,0.8049999999999999,0.174,20.67,7.99,18.45,26.43,16.81,16.03,176.0,0.188,59.0,33.52,12.0,6.82,0.632,0.2,28.75,14.16,15.96,30.12,26.33,30.41,266.0,0.247,88.0,33.08,21.0,7.89,0.721,0.1689999999999999,34.59,16.73,17.12,33.85,30.97,28.03
745317,2024-06-29,2024,671218,R,607192,R,single,False,False,144.0,0.239,45.0,31.25,10.0,6.94,0.665,0.134,32.96,15.47,16.17,31.63,29.33,27.61,14.0,0.154,4.0,28.57,1.0,7.14,0.368,0.0,30.43,14.58,18.75,33.33,26.09,50.0,191.0,0.166,73.0,38.22,9.0,4.71,0.481,0.11000000000000001,32.5,16.03,17.53,33.56,30.29,32.16,219.0,0.164,74.0,33.79,16.0,7.31,0.492,0.1,36.45,17.61,16.8,34.41,28.81,25.69
745317,2024-06-29,2024,672275,L,607192,R,single,False,False,173.0,0.282,31.0,17.92,20.0,11.56,0.81,0.16800000000000004,20.25,9.38,14.49,23.86,24.57,15.9,240.0,0.203,70.0,29.17,13.0,5.42,0.5569999999999999,0.0989999999999999,26.61,12.88,17.55,30.43,28.93,23.81,176.0,0.188,59.0,33.52,12.0,6.82,0.632,0.2,28.75,14.16,15.96,30.12,26.33,30.41,266.0,0.247,88.0,33.08,21.0,7.89,0.721,0.1689999999999999,34.59,16.73,17.12,33.85,30.97,28.03
745317,2024-06-29,2024,656305,R,607192,R,single,False,False,250.0,0.2,66.0,26.4,22.0,8.8,0.6180000000000001,0.138,26.23,11.74,19.94,31.68,25.3,19.19,471.0,0.223,139.0,29.51,52.0,11.04,0.722,0.179,31.15,13.33,17.79,31.11,18.61,21.72,191.0,0.166,73.0,38.22,9.0,4.71,0.481,0.11000000000000001,32.5,16.03,17.53,33.56,30.29,32.16,219.0,0.164,74.0,33.79,16.0,7.31,0.492,0.1,36.45,17.61,16.8,34.41,28.81,25.69
745317,2024-06-29,2024,624424,L,607192,R,walk,False,True,177.0,0.215,41.0,23.16,13.0,7.34,0.676,0.19000000000000003,25.16,11.56,17.34,28.9,27.4,20.4,368.0,0.245,77.0,20.92,50.0,13.59,0.753,0.155,23.68,10.56,15.02,25.57,23.23,16.81,176.0,0.188,59.0,33.52,12.0,6.82,0.632,0.2,28.75,14.16,15.96,30.12,26.33,30.41,266.0,0.247,88.0,33.08,21.0,7.89,0.721,0.1689999999999999,34.59,16.73,17.12,33.85,30.97,28.03
745317,2024-06-29,2024,682641,R,607192,R,force_out,False,False,82.0,0.262,5.0,6.1,2.0,2.44,0.642,0.09999999999999998,10.07,5.24,14.23,19.48,36.24,8.62,154.0,0.215,23.0,14.94,8.0,5.19,0.56,0.0839999999999999,20.15,9.82,15.18,25.0,27.53,17.29,191.0,0.166,73.0,38.22,9.0,4.71,0.481,0.11000000000000001,32.5,16.03,17.53,33.56,30.29,32.16,219.0,0.164,74.0,33.79,16.0,7.31,0.492,0.1,36.45,17.61,16.8,34.41,28.81,25.69
745317,2024-06-29,2024,689172,L,607192,R,field_out,False,False,89.0,0.265,18.0,20.22,5.0,5.62,0.6890000000000001,0.121,19.61,9.06,19.34,28.4,30.07,19.57,106.0,0.155,30.0,28.3,8.0,7.55,0.4639999999999999,0.092,28.32,14.65,14.19,28.83,32.6,19.86,176.0,0.188,59.0,33.52,12.0,6.82,0.632,0.2,28.75,14.16,15.96,30.12,26.33,30.41,266.0,0.247,88.0,33.08,21.0,7.89,0.721,0.1689999999999999,34.59,16.73,17.12,33.85,30.97,28.03
745317,2024-06-29,2024,606192,R,675921,R,field_out,False,False,244.0,0.248,72.0,29.51,21.0,8.61,0.771,0.202,34.61,17.87,12.93,30.8,29.94,20.57,529.0,0.249,164.0,31.0,33.0,6.24,0.718,0.1639999999999999,36.92,19.57,14.44,34.01,34.81,23.06,53.0,0.422,9.0,16.98,7.0,13.21,1.1219999999999999,0.2,26.6,14.04,12.36,26.4,27.38,18.37,14.0,0.273,1.0,7.14,2.0,14.29,0.974,0.272,29.17,10.61,16.67,27.27,18.42,4.76
745317,2024-06-29,2024,681624,R,675921,R,walk,False,True,196.0,0.22,52.0,26.53,11.0,5.61,0.661,0.159,26.85,14.34,13.16,27.5,32.8,20.16,,,,,,,,,,,,,,,53.0,0.422,9.0,16.98,7.0,13.21,1.1219999999999999,0.2,26.6,14.04,12.36,26.4,27.38,18.37,14.0,0.273,1.0,7.14,2.0,14.29,0.974,0.272,29.17,10.61,16.67,27.27,18.42,4.76
745317,2024-06-29,2024,518792,L,675921,R,single,False,False,105.0,0.202,16.0,15.24,12.0,11.43,0.718,0.202,23.47,11.06,15.14,26.2,27.78,13.56,349.0,0.276,57.0,16.33,32.0,9.17,0.818,0.1949999999999999,20.45,9.51,16.77,26.27,27.56,15.45,45.0,0.19,12.0,26.67,2.0,4.44,0.508,0.09599999999999997,26.88,13.81,17.68,31.49,28.92,16.42,4.0,0.333,1.0,25.0,1.0,25.0,0.833,0.0,66.67,26.67,20.0,46.67,37.5,33.33
745317,2024-06-29,2024,500743,R,675921,R,single,False,False,85.0,0.304,10.0,11.76,5.0,5.88,0.796,0.139,12.14,5.52,19.81,25.32,29.14,12.05,279.0,0.21,36.0,12.9,18.0,6.45,0.546,0.068,19.79,9.92,16.53,26.45,34.53,12.9,53.0,0.422,9.0,16.98,7.0,13.21,1.1219999999999999,0.2,26.6,14.04,12.36,26.4,27.38,18.37,14.0,0.273,1.0,7.14,2.0,14.29,0.974,0.272,29.17,10.61,16.67,27.27,18.42,4.76
745317,2024-06-29,2024,666158,L,675921,R,single,False,False,204.0,0.226,46.0,22.55,13.0,6.37,0.597,0.095,19.39,8.81,18.49,27.3,21.87,19.25,,,,,,,,,,,,,,,45.0,0.19,12.0,26.67,2.0,4.44,0.508,0.09599999999999997,26.88,13.81,17.68,31.49,28.92,16.42,4.0,0.333,1.0,25.0,1.0,25.0,0.833,0.0,66.67,26.67,20.0,46.67,37.5,33.33
745317,2024-06-29,2024,624415,L,675921,R,field_out,False,False,143.0,0.185,47.0,32.87,14.0,9.79,0.581,0.08400000000000002,23.79,8.99,24.29,33.28,18.93,22.93,286.0,0.223,69.0,24.13,36.0,12.59,0.7090000000000001,0.149,23.33,9.24,21.47,30.71,15.66,18.6,45.0,0.19,12.0,26.67,2.0,4.44,0.508,0.09599999999999997,26.88,13.81,17.68,31.49,28.92,16.42,4.0,0.333,1.0,25.0,1.0,25.0,0.833,0.0,66.67,26.67,20.0,46.67,37.5,33.33
745317,2024-06-29,2024,660271,L,675921,R,walk,False,True,234.0,0.335,44.0,18.8,32.0,13.68,1.162,0.39599999999999996,28.15,13.18,13.93,27.12,28.77,17.12,429.0,0.327,99.0,23.08,64.0,14.92,1.132,0.3739999999999999,32.88,15.48,11.59,27.07,28.86,20.75,45.0,0.19,12.0,26.67,2.0,4.44,0.508,0.09599999999999997,26.88,13.81,17.68,31.49,28.92,16.42,4.0,0.333,1.0,25.0,1.0,25.0,0.833,0.0,66.67,26.67,20.0,46.67,37.5,33.33
745317,2024-06-29,2024,669257,R,678495,R,single,False,False,201.0,0.219,38.0,18.91,15.0,7.46,0.655,0.152,20.39,9.85,15.78,25.62,26.7,13.92,407.0,0.268,67.0,16.46,42.0,10.32,0.7949999999999999,0.1659999999999999,19.27,8.8,16.84,25.64,24.5,12.79,77.0,0.221,19.0,24.68,7.0,9.09,0.627,0.11700000000000002,26.47,12.41,17.93,30.34,29.45,25.33,,,,,,,,,,,,,,
745317,2024-06-29,2024,518692,L,678495,R,walk,False,True,228.0,0.337,34.0,14.91,32.0,14.04,1.016,0.24699999999999994,19.72,9.24,11.55,20.79,23.03,13.28,514.0,0.33,81.0,15.76,57.0,11.09,0.962,0.218,19.83,9.77,11.31,21.08,27.01,16.63,53.0,0.25,17.0,32.08,4.0,7.55,0.8,0.22899999999999998,30.91,15.53,16.44,31.96,35.4,26.15,,,,,,,,,,,,,,
745317,2024-06-29,2024,606192,R,678495,R,field_out,False,False,244.0,0.248,72.0,29.51,21.0,8.61,0.771,0.202,34.61,17.87,12.93,30.8,29.94,20.57,529.0,0.249,164.0,31.0,33.0,6.24,0.718,0.1639999999999999,36.92,19.57,14.44,34.01,34.81,23.06,77.0,0.221,19.0,24.68,7.0,9.09,0.627,0.11700000000000002,26.47,12.41,17.93,30.34,29.45,25.33,,,,,,,,,,,,,,
745317,2024-06-29,2024,605113,R,670990,R,single,False,False,83.0,0.182,18.0,21.69,2.0,2.41,0.431,0.03900000000000001,25.42,13.85,17.23,31.08,38.03,15.93,88.0,0.293,24.0,27.27,6.0,6.82,0.78,0.146,25.79,12.65,20.37,33.02,32.05,24.0,91.0,0.26,16.0,17.58,6.0,6.59,0.742,0.13,21.9,9.15,21.04,30.18,25.48,20.51,102.0,0.233,23.0,22.55,9.0,8.82,0.6220000000000001,0.046,21.23,8.86,20.05,28.9,26.96,16.08
745317,2024-06-29,2024,624585,R,670990,R,field_out,False,False,203.0,0.218,48.0,23.65,19.0,9.36,0.661,0.151,29.51,13.95,15.37,29.33,29.51,22.02,446.0,0.242,111.0,24.89,46.0,10.31,0.788,0.22,27.97,12.22,16.15,28.37,25.71,21.19,91.0,0.26,16.0,17.58,6.0,6.59,0.742,0.13,21.9,9.15,21.04,30.18,25.48,20.51,102.0,0.233,23.0,22.55,9.0,8.82,0.6220000000000001,0.046,21.23,8.86,20.05,28.9,26.96,16.08
745317,2024-06-29,2024,664774,L,670990,R,strikeout,True,False,149.0,0.328,35.0,23.49,28.0,18.79,0.876,0.09199999999999997,22.22,8.05,20.28,28.33,17.01,18.58,438.0,0.254,75.0,17.12,67.0,15.3,0.8049999999999999,0.174,20.67,7.99,18.45,26.43,16.81,16.03,53.0,0.196,16.0,30.19,5.0,9.43,0.563,0.065,31.76,13.04,17.39,30.43,24.32,29.63,74.0,0.311,12.0,16.22,8.0,10.81,0.907,0.1639999999999999,19.44,7.24,20.0,27.24,18.59,17.14
745317,2024-06-29,2024,671218,R,670990,R,field_out,False,False,144.0,0.239,45.0,31.25,10.0,6.94,0.665,0.134,32.96,15.47,16.17,31.63,29.33,27.61,14.0,0.154,4.0,28.57,1.0,7.14,0.368,0.0,30.43,14.58,18.75,33.33,26.09,50.0,91.0,0.26,16.0,17.58,6.0,6.59,0.742,0.13,21.9,9.15,21.04,30.18,25.48,20.51,102.0,0.233,23.0,22.55,9.0,8.82,0.6220000000000001,0.046,21.23,8.86,20.05,28.9,26.96,16.08
745317,2024-06-29,2024,681624,R,678495,R,field_out,False,False,196.0,0.22,52.0,26.53,11.0,5.61,0.661,0.159,26.85,14.34,13.16,27.5,32.8,20.16,,,,,,,,,,,,,,,77.0,0.221,19.0,24.68,7.0,9.09,0.627,0.11700000000000002,26.47,12.41,17.93,30.34,29.45,25.33,,,,,,,,,,,,,,
745317,2024-06-29,2024,518792,L,678495,R,field_out,False,False,105.0,0.202,16.0,15.24,12.0,11.43,0.718,0.202,23.47,11.06,15.14,26.2,27.78,13.56,349.0,0.276,57.0,16.33,32.0,9.17,0.818,0.1949999999999999,20.45,9.51,16.77,26.27,27.56,15.45,53.0,0.25,17.0,32.08,4.0,7.55,0.8,0.22899999999999998,30.91,15.53,16.44,31.96,35.4,26.15,,,,,,,,,,,,,,
745317,2024-06-29,2024,500743,R,678495,R,field_out,False,False,85.0,0.304,10.0,11.76,5.0,5.88,0.796,0.139,12.14,5.52,19.81,25.32,29.14,12.05,279.0,0.21,36.0,12.9,18.0,6.45,0.546,0.068,19.79,9.92,16.53,26.45,34.53,12.9,77.0,0.221,19.0,24.68,7.0,9.09,0.627,0.11700000000000002,26.47,12.41,17.93,30.34,29.45,25.33,,,,,,,,,,,,,,
745317,2024-06-29,2024,672275,L,670990,R,field_out,False,False,173.0,0.282,31.0,17.92,20.0,11.56,0.81,0.16800000000000004,20.25,9.38,14.49,23.86,24.57,15.9,240.0,0.203,70.0,29.17,13.0,5.42,0.5569999999999999,0.0989999999999999,26.61,12.88,17.55,30.43,28.93,23.81,53.0,0.196,16.0,30.19,5.0,9.43,0.563,0.065,31.76,13.04,17.39,30.43,24.32,29.63,74.0,0.311,12.0,16.22,8.0,10.81,0.907,0.1639999999999999,19.44,7.24,20.0,27.24,18.59,17.14
745317,2024-06-29,2024,656305,R,670990,R,single,False,False,250.0,0.2,66.0,26.4,22.0,8.8,0.6180000000000001,0.138,26.23,11.74,19.94,31.68,25.3,19.19,471.0,0.223,139.0,29.51,52.0,11.04,0.722,0.179,31.15,13.33,17.79,31.11,18.61,21.72,91.0,0.26,16.0,17.58,6.0,6.59,0.742,0.13,21.9,9.15,21.04,30.18,25.48,20.51,102.0,0.233,23.0,22.55,9.0,8.82,0.6220000000000001,0.046,21.23,8.86,20.05,28.9,26.96,16.08
745317,2024-06-29,2024,624424,L,681911,L,walk,False,True,52.0,0.286,13.0,25.0,3.0,5.77,0.796,0.183,29.29,14.95,19.07,34.02,34.12,20.97,102.0,0.219,29.0,28.43,3.0,2.94,0.5980000000000001,0.114,29.28,13.52,20.15,33.67,28.95,22.83,48.0,0.14,11.0,22.92,3.0,6.25,0.492,0.139,24.72,11.96,15.22,27.17,25.29,16.42,93.0,0.279,31.0,33.33,6.0,6.45,0.7170000000000001,0.1049999999999999,35.26,18.31,12.57,30.87,30.39,26.27
745317,2024-06-29,2024,682641,R,681911,L,field_out,False,False,28.0,0.24,6.0,21.43,2.0,7.14,0.806,0.28,14.75,8.33,13.89,22.22,36.17,16.67,99.0,0.31,10.0,10.1,12.0,12.12,0.825,0.1069999999999999,11.64,4.94,17.44,22.38,22.04,14.71,81.0,0.09,34.0,41.98,12.0,14.81,0.41900000000000004,0.10400000000000001,36.42,17.65,14.01,31.65,30.6,30.09,124.0,0.25,33.0,26.61,11.0,8.87,0.761,0.188,26.34,12.8,14.4,27.2,26.36,20.75
745317,2024-06-29,2024,689172,L,681911,L,single,False,False,19.0,0.474,5.0,26.32,0.0,0.0,1.263,0.31500000000000006,31.43,16.42,14.93,31.34,37.5,26.32,25.0,0.261,10.0,40.0,1.0,4.0,0.6399999999999999,0.0869999999999999,45.83,23.4,15.96,39.36,36.96,34.48,48.0,0.14,11.0,22.92,3.0,6.25,0.492,0.139,24.72,11.96,15.22,27.17,25.29,16.42,93.0,0.279,31.0,33.33,6.0,6.45,0.7170000000000001,0.1049999999999999,35.26,18.31,12.57,30.87,30.39,26.27
745317,2024-06-29,2024,605113,R,681911,L,field_out,False,False,59.0,0.327,9.0,15.25,6.0,10.17,0.8320000000000001,0.11499999999999999,19.63,10.24,15.12,25.37,29.55,19.15,122.0,0.155,28.0,22.95,6.0,4.92,0.404,0.0519999999999999,27.59,14.1,16.52,30.62,34.51,20.74,81.0,0.09,34.0,41.98,12.0,14.81,0.41900000000000004,0.10400000000000001,36.42,17.65,14.01,31.65,30.6,30.09,124.0,0.25,33.0,26.61,11.0,8.87,0.761,0.188,26.34,12.8,14.4,27.2,26.36,20.75
745317,2024-06-29,2024,666158,L,678495,R,field_out,False,False,204.0,0.226,46.0,22.55,13.0,6.37,0.597,0.095,19.39,8.81,18.49,27.3,21.87,19.25,,,,,,,,,,,,,,,53.0,0.25,17.0,32.08,4.0,7.55,0.8,0.22899999999999998,30.91,15.53,16.44,31.96,35.4,26.15,,,,,,,,,,,,,,
745317,2024-06-29,2024,571771,R,573124,L,field_out,False,False,77.0,0.229,13.0,16.88,6.0,7.79,0.6599999999999999,0.142,18.7,7.99,20.83,28.82,24.31,18.06,162.0,0.239,19.0,11.73,14.0,8.64,0.642,0.099,14.84,6.54,19.31,25.86,25.95,10.67,76.0,0.181,20.0,26.32,3.0,3.95,0.571,0.16599999999999998,27.14,11.84,21.5,33.33,20.27,18.52,113.0,0.312,25.0,22.12,14.0,12.39,0.98,0.2609999999999999,21.26,8.83,21.48,30.31,29.61,23.15
745317,2024-06-29,2024,660271,L,573124,L,field_out,False,False,119.0,0.299,27.0,22.69,11.0,9.24,0.866,0.20600000000000002,27.96,12.29,17.08,29.38,23.53,19.85,170.0,0.245,44.0,25.88,27.0,15.88,0.897,0.287,30.62,13.88,13.59,27.47,31.74,23.04,60.0,0.314,18.0,30.0,8.0,13.33,0.868,0.137,28.09,10.64,22.98,33.62,23.08,32.14,103.0,0.101,39.0,37.86,11.0,10.68,0.3299999999999999,0.0229999999999999,32.18,13.05,23.78,36.83,25.84,25.83
745317,2024-06-29,2024,624585,R,681911,L,field_out,False,False,84.0,0.233,21.0,25.0,9.0,10.71,0.744,0.17799999999999996,31.45,15.2,14.59,29.79,31.49,21.88,135.0,0.277,30.0,22.22,20.0,14.81,1.081,0.4109999999999999,26.29,11.6,16.16,27.76,25.27,18.75,81.0,0.09,34.0,41.98,12.0,14.81,0.41900000000000004,0.10400000000000001,36.42,17.65,14.01,31.65,30.6,30.09,124.0,0.25,33.0,26.61,11.0,8.87,0.761,0.188,26.34,12.8,14.4,27.2,26.36,20.75
745317,2024-06-29,2024,664774,L,681911,L,double,False,False,21.0,0.357,2.0,9.52,5.0,23.81,0.9530000000000001,0.07200000000000001,12.9,4.94,22.22,27.16,11.11,6.9,81.0,0.269,20.0,24.69,9.0,11.11,0.709,0.0889999999999999,21.68,9.17,20.41,29.59,24.24,18.52,48.0,0.14,11.0,22.92,3.0,6.25,0.492,0.139,24.72,11.96,15.22,27.17,25.29,16.42,93.0,0.279,31.0,33.33,6.0,6.45,0.7170000000000001,0.1049999999999999,35.26,18.31,12.57,30.87,30.39,26.27
745317,2024-06-29,2024,671218,R,656848,R,walk,False,True,144.0,0.239,45.0,31.25,10.0,6.94,0.665,0.134,32.96,15.47,16.17,31.63,29.33,27.61,14.0,0.154,4.0,28.57,1.0,7.14,0.368,0.0,30.43,14.58,18.75,33.33,26.09,50.0,12.0,0.182,3.0,25.0,1.0,8.33,0.523,0.09100000000000003,30.0,13.33,15.56,28.89,21.05,23.08,,,,,,,,,,,,,,
745317,2024-06-29,2024,672275,L,656848,R,strikeout,True,False,173.0,0.282,31.0,17.92,20.0,11.56,0.81,0.16800000000000004,20.25,9.38,14.49,23.86,24.57,15.9,240.0,0.203,70.0,29.17,13.0,5.42,0.5569999999999999,0.0989999999999999,26.61,12.88,17.55,30.43,28.93,23.81,7.0,0.0,0.0,0.0,2.0,28.57,0.286,0.0,28.57,16.0,12.0,28.0,38.46,0.0,,,,,,,,,,,,,,
745317,2024-06-29,2024,656305,R,656848,R,strikeout,True,False,250.0,0.2,66.0,26.4,22.0,8.8,0.6180000000000001,0.138,26.23,11.74,19.94,31.68,25.3,19.19,471.0,0.223,139.0,29.51,52.0,11.04,0.722,0.179,31.15,13.33,17.79,31.11,18.61,21.72,12.0,0.182,3.0,25.0,1.0,8.33,0.523,0.09100000000000003,30.0,13.33,15.56,28.89,21.05,23.08,,,,,,,,,,,,,,
745317,2024-06-29,2024,669257,R,573124,L,field_out,False,False,83.0,0.343,10.0,12.05,11.0,13.25,1.105,0.328,17.73,7.72,15.12,22.84,25.0,11.49,147.0,0.24,22.0,14.97,21.0,14.29,0.8,0.206,20.0,8.97,15.38,24.36,26.59,11.52,76.0,0.181,20.0,26.32,3.0,3.95,0.571,0.16599999999999998,27.14,11.84,21.5,33.33,20.27,18.52,113.0,0.312,25.0,22.12,14.0,12.39,0.98,0.2609999999999999,21.26,8.83,21.48,30.31,29.61,23.15
745317,2024-06-29,2024,518692,L,573124,L,double,False,False,127.0,0.229,19.0,14.96,11.0,8.66,0.6839999999999999,0.13799999999999998,21.14,11.43,12.53,23.96,33.03,12.84,218.0,0.335,40.0,18.35,15.0,6.88,1.008,0.2739999999999999,21.54,11.31,11.07,22.38,26.41,16.0,60.0,0.314,18.0,30.0,8.0,13.33,0.868,0.137,28.09,10.64,22.98,33.62,23.08,32.14,103.0,0.101,39.0,37.86,11.0,10.68,0.3299999999999999,0.0229999999999999,32.18,13.05,23.78,36.83,25.84,25.83
745317,2024-06-29,2024,606192,R,676254,R,strikeout,True,False,244.0,0.248,72.0,29.51,21.0,8.61,0.771,0.202,34.61,17.87,12.93,30.8,29.94,20.57,529.0,0.249,164.0,31.0,33.0,6.24,0.718,0.1639999999999999,36.92,19.57,14.44,34.01,34.81,23.06,92.0,0.198,30.0,32.61,5.0,5.43,0.522,0.04899999999999999,29.19,13.02,21.61,34.63,30.41,25.0,168.0,0.286,49.0,29.17,17.0,10.12,0.78,0.136,32.45,14.5,19.97,34.47,33.33,24.5
745317,2024-06-29,2024,681624,R,676254,R,strikeout,True,False,196.0,0.22,52.0,26.53,11.0,5.61,0.661,0.159,26.85,14.34,13.16,27.5,32.8,20.16,,,,,,,,,,,,,,,92.0,0.198,30.0,32.61,5.0,5.43,0.522,0.04899999999999999,29.19,13.02,21.61,34.63,30.41,25.0,168.0,0.286,49.0,29.17,17.0,10.12,0.78,0.136,32.45,14.5,19.97,34.47,33.33,24.5
745317,2024-06-29,2024,596103,R,607455,L,walk,False,True,73.0,0.183,20.0,27.4,10.0,13.7,0.498,0.0,28.99,12.74,16.88,29.62,17.33,18.87,147.0,0.288,40.0,27.21,13.0,8.84,0.8,0.151,27.27,11.44,19.76,31.2,22.15,21.51,43.0,0.171,7.0,16.28,6.0,13.95,0.508,0.057999999999999996,20.51,9.47,11.83,21.3,21.95,18.92,21.0,0.25,3.0,14.29,4.0,19.05,0.631,0.0,20.83,10.75,12.9,23.66,31.82,8.82
745317,2024-06-29,2024,682641,R,607455,L,field_out,False,False,28.0,0.24,6.0,21.43,2.0,7.14,0.806,0.28,14.75,8.33,13.89,22.22,36.17,16.67,99.0,0.31,10.0,10.1,12.0,12.12,0.825,0.1069999999999999,11.64,4.94,17.44,22.38,22.04,14.71,43.0,0.171,7.0,16.28,6.0,13.95,0.508,0.057999999999999996,20.51,9.47,11.83,21.3,21.95,18.92,21.0,0.25,3.0,14.29,4.0,19.05,0.631,0.0,20.83,10.75,12.9,23.66,31.82,8.82
745317,2024-06-29,2024,689172,L,607455,L,strikeout,True,False,19.0,0.474,5.0,26.32,0.0,0.0,1.263,0.31500000000000006,31.43,16.42,14.93,31.34,37.5,26.32,25.0,0.261,10.0,40.0,1.0,4.0,0.6399999999999999,0.0869999999999999,45.83,23.4,15.96,39.36,36.96,34.48,26.0,0.182,8.0,30.77,2.0,7.69,0.477,0.04500000000000001,30.23,13.54,18.75,32.29,25.0,33.33,14.0,0.417,3.0,21.43,1.0,7.14,1.167,0.25,22.86,11.76,16.18,27.94,33.33,11.54
745317,2024-06-29,2024,605113,R,607455,L,strikeout,True,False,59.0,0.327,9.0,15.25,6.0,10.17,0.8320000000000001,0.11499999999999999,19.63,10.24,15.12,25.37,29.55,19.15,122.0,0.155,28.0,22.95,6.0,4.92,0.404,0.0519999999999999,27.59,14.1,16.52,30.62,34.51,20.74,43.0,0.171,7.0,16.28,6.0,13.95,0.508,0.057999999999999996,20.51,9.47,11.83,21.3,21.95,18.92,21.0,0.25,3.0,14.29,4.0,19.05,0.631,0.0,20.83,10.75,12.9,23.66,31.82,8.82
745317,2024-06-29,2024,518792,L,676254,R,hit_by_pitch,False,False,105.0,0.202,16.0,15.24,12.0,11.43,0.718,0.202,23.47,11.06,15.14,26.2,27.78,13.56,349.0,0.276,57.0,16.33,32.0,9.17,0.818,0.1949999999999999,20.45,9.51,16.77,26.27,27.56,15.45,69.0,0.2,25.0,36.23,3.0,4.35,0.554,0.10799999999999998,34.53,17.08,17.44,34.52,30.47,27.17,96.0,0.221,29.0,30.21,7.0,7.29,0.711,0.1979999999999999,31.22,14.6,18.81,33.42,31.25,19.72
745317,2024-06-29,2024,500743,R,676254,R,strikeout,True,False,85.0,0.304,10.0,11.76,5.0,5.88,0.796,0.139,12.14,5.52,19.81,25.32,29.14,12.05,279.0,0.21,36.0,12.9,18.0,6.45,0.546,0.068,19.79,9.92,16.53,26.45,34.53,12.9,92.0,0.198,30.0,32.61,5.0,5.43,0.522,0.04899999999999999,29.19,13.02,21.61,34.63,30.41,25.0,168.0,0.286,49.0,29.17,17.0,10.12,0.78,0.136,32.45,14.5,19.97,34.47,33.33,24.5
745317,2024-06-29,2024,666158,L,676254,R,single,False,False,204.0,0.226,46.0,22.55,13.0,6.37,0.597,0.095,19.39,8.81,18.49,27.3,21.87,19.25,,,,,,,,,,,,,,,69.0,0.2,25.0,36.23,3.0,4.35,0.554,0.10799999999999998,34.53,17.08,17.44,34.52,30.47,27.17,96.0,0.221,29.0,30.21,7.0,7.29,0.711,0.1979999999999999,31.22,14.6,18.81,33.42,31.25,19.72
745317,2024-06-29,2024,571771,R,676254,R,grounded_into_double_play,False,False,103.0,0.181,24.0,23.3,9.0,8.74,0.507,0.07400000000000001,25.85,12.96,15.65,28.61,25.0,19.51,347.0,0.235,78.0,22.48,20.0,5.76,0.647,0.13,27.56,13.17,16.85,30.02,28.91,20.8,92.0,0.198,30.0,32.61,5.0,5.43,0.522,0.04899999999999999,29.19,13.02,21.61,34.63,30.41,25.0,168.0,0.286,49.0,29.17,17.0,10.12,0.78,0.136,32.45,14.5,19.97,34.47,33.33,24.5
745317,2024-06-29,2024,624585,R,595014,R,field_error,False,False,203.0,0.218,48.0,23.65,19.0,9.36,0.661,0.151,29.51,13.95,15.37,29.33,29.51,22.02,446.0,0.242,111.0,24.89,46.0,10.31,0.788,0.22,27.97,12.22,16.15,28.37,25.71,21.19,42.0,0.162,10.0,23.81,5.0,11.9,0.451,0.026999999999999996,28.17,12.5,22.5,35.0,33.72,19.61,,,,,,,,,,,,,,
745317,2024-06-29,2024,664774,L,595014,R,strikeout,True,False,149.0,0.328,35.0,23.49,28.0,18.79,0.876,0.09199999999999997,22.22,8.05,20.28,28.33,17.01,18.58,438.0,0.254,75.0,17.12,67.0,15.3,0.8049999999999999,0.174,20.67,7.99,18.45,26.43,16.81,16.03,27.0,0.269,13.0,48.15,1.0,3.7,0.873,0.30799999999999994,28.36,16.24,10.26,26.5,45.31,34.21,,,,,,,,,,,,,,
745317,2024-06-29,2024,671218,R,595014,R,field_out,False,False,144.0,0.239,45.0,31.25,10.0,6.94,0.665,0.134,32.96,15.47,16.17,31.63,29.33,27.61,14.0,0.154,4.0,28.57,1.0,7.14,0.368,0.0,30.43,14.58,18.75,33.33,26.09,50.0,42.0,0.162,10.0,23.81,5.0,11.9,0.451,0.026999999999999996,28.17,12.5,22.5,35.0,33.72,19.61,,,,,,,,,,,,,,
745317,2024-06-29,2024,672275,L,595014,R,field_out,False,False,173.0,0.282,31.0,17.92,20.0,11.56,0.81,0.16800000000000004,20.25,9.38,14.49,23.86,24.57,15.9,240.0,0.203,70.0,29.17,13.0,5.42,0.5569999999999999,0.0989999999999999,26.61,12.88,17.55,30.43,28.93,23.81,27.0,0.269,13.0,48.15,1.0,3.7,0.873,0.30799999999999994,28.36,16.24,10.26,26.5,45.31,34.21,,,,,,,,,,,,,,
745317,2024-06-29,2024,660271,L,666808,R,strikeout,True,False,234.0,0.335,44.0,18.8,32.0,13.68,1.162,0.39599999999999996,28.15,13.18,13.93,27.12,28.77,17.12,429.0,0.327,99.0,23.08,64.0,14.92,1.132,0.3739999999999999,32.88,15.48,11.59,27.07,28.86,20.75,71.0,0.283,19.0,26.76,10.0,14.08,0.847,0.18400000000000005,33.83,14.8,16.78,31.58,27.16,23.75,147.0,0.174,43.0,29.25,18.0,12.24,0.588,0.1149999999999999,31.29,14.99,14.68,29.68,31.58,19.72
745317,2024-06-29,2024,669257,R,666808,R,single,False,False,201.0,0.219,38.0,18.91,15.0,7.46,0.655,0.152,20.39,9.85,15.78,25.62,26.7,13.92,407.0,0.268,67.0,16.46,42.0,10.32,0.7949999999999999,0.1659999999999999,19.27,8.8,16.84,25.64,24.5,12.79,75.0,0.19,20.0,26.67,11.0,14.67,0.64,0.14300000000000002,35.57,17.43,14.8,32.24,30.19,21.98,136.0,0.244,44.0,32.35,8.0,5.88,0.594,0.0409999999999999,35.9,16.28,17.05,33.33,26.79,34.38
745317,2024-06-29,2024,518692,L,666808,R,walk,False,True,228.0,0.337,34.0,14.91,32.0,14.04,1.016,0.24699999999999994,19.72,9.24,11.55,20.79,23.03,13.28,514.0,0.33,81.0,15.76,57.0,11.09,0.962,0.218,19.83,9.77,11.31,21.08,27.01,16.63,71.0,0.283,19.0,26.76,10.0,14.08,0.847,0.18400000000000005,33.83,14.8,16.78,31.58,27.16,23.75,147.0,0.174,43.0,29.25,18.0,12.24,0.588,0.1149999999999999,31.29,14.99,14.68,29.68,31.58,19.72
745317,2024-06-29,2024,606192,R,666808,R,strikeout,True,False,244.0,0.248,72.0,29.51,21.0,8.61,0.771,0.202,34.61,17.87,12.93,30.8,29.94,20.57,529.0,0.249,164.0,31.0,33.0,6.24,0.718,0.1639999999999999,36.92,19.57,14.44,34.01,34.81,23.06,75.0,0.19,20.0,26.67,11.0,14.67,0.64,0.14300000000000002,35.57,17.43,14.8,32.24,30.19,21.98,136.0,0.244,44.0,32.35,8.0,5.88,0.594,0.0409999999999999,35.9,16.28,17.05,33.33,26.79,34.38
745317,2024-06-29,2024,681624,R,666808,R,strikeout,True,False,196.0,0.22,52.0,26.53,11.0,5.61,0.661,0.159,26.85,14.34,13.16,27.5,32.8,20.16,,,,,,,,,,,,,,,75.0,0.19,20.0,26.67,11.0,14.67,0.64,0.14300000000000002,35.57,17.43,14.8,32.24,30.19,21.98,136.0,0.244,44.0,32.35,8.0,5.88,0.594,0.0409999999999999,35.9,16.28,17.05,33.33,26.79,34.38
745317,2024-06-29,2024,656305,R,623465,R,walk,False,True,250.0,0.2,66.0,26.4,22.0,8.8,0.6180000000000001,0.138,26.23,11.74,19.94,31.68,25.3,19.19,471.0,0.223,139.0,29.51,52.0,11.04,0.722,0.179,31.15,13.33,17.79,31.11,18.61,21.72,46.0,0.156,15.0,32.61,1.0,2.17,0.352,0.021999999999999992,36.96,19.54,20.69,40.23,40.51,28.0,117.0,0.131,41.0,35.04,6.0,5.13,0.406,0.0839999999999999,38.6,17.93,20.95,38.88,34.27,31.3
745317,2024-06-29,2024,596103,R,623465,R,strikeout,True,False,23.0,0.294,7.0,30.43,4.0,17.39,0.9059999999999999,0.177,29.73,10.68,22.33,33.01,12.5,19.44,60.0,0.226,18.0,30.0,7.0,11.67,0.619,0.0759999999999999,36.36,15.52,18.1,33.62,22.5,28.12,46.0,0.156,15.0,32.61,1.0,2.17,0.352,0.021999999999999992,36.96,19.54,20.69,40.23,40.51,28.0,117.0,0.131,41.0,35.04,6.0,5.13,0.406,0.0839999999999999,38.6,17.93,20.95,38.88,34.27,31.3
745317,2024-06-29,2024,682641,R,623465,R,field_out,False,False,82.0,0.262,5.0,6.1,2.0,2.44,0.642,0.09999999999999998,10.07,5.24,14.23,19.48,36.24,8.62,154.0,0.215,23.0,14.94,8.0,5.19,0.56,0.0839999999999999,20.15,9.82,15.18,25.0,27.53,17.29,46.0,0.156,15.0,32.61,1.0,2.17,0.352,0.021999999999999992,36.96,19.54,20.69,40.23,40.51,28.0,117.0,0.131,41.0,35.04,6.0,5.13,0.406,0.0839999999999999,38.6,17.93,20.95,38.88,34.27,31.3
745317,2024-06-29,2024,689172,L,623465,R,field_out,False,False,89.0,0.265,18.0,20.22,5.0,5.62,0.6890000000000001,0.121,19.61,9.06,19.34,28.4,30.07,19.57,106.0,0.155,30.0,28.3,8.0,7.55,0.4639999999999999,0.092,28.32,14.65,14.19,28.83,32.6,19.86,40.0,0.257,9.0,22.5,5.0,12.5,0.721,0.11399999999999999,16.47,7.37,16.32,23.68,16.28,14.06,118.0,0.222,25.0,21.19,7.0,5.93,0.663,0.167,20.91,9.98,18.0,27.98,27.4,17.61
745317,2024-06-29,2024,518792,L,663546,R,field_out,False,False,105.0,0.202,16.0,15.24,12.0,11.43,0.718,0.202,23.47,11.06,15.14,26.2,27.78,13.56,349.0,0.276,57.0,16.33,32.0,9.17,0.818,0.1949999999999999,20.45,9.51,16.77,26.27,27.56,15.45,70.0,0.175,16.0,22.86,4.0,5.71,0.6479999999999999,0.238,15.65,7.09,22.44,29.53,26.45,22.54,60.0,0.294,12.0,20.0,5.0,8.33,0.863,0.196,23.21,11.4,16.67,28.07,21.78,17.65
745317,2024-06-29,2024,500743,R,663546,R,single,False,False,85.0,0.304,10.0,11.76,5.0,5.88,0.796,0.139,12.14,5.52,19.81,25.32,29.14,12.05,279.0,0.21,36.0,12.9,18.0,6.45,0.546,0.068,19.79,9.92,16.53,26.45,34.53,12.9,82.0,0.238,23.0,28.05,1.0,1.22,0.544,0.04999999999999999,29.85,13.65,25.94,39.59,36.05,27.06,79.0,0.333,19.0,24.05,8.0,10.13,0.853,0.1019999999999999,21.37,8.56,22.6,31.16,26.67,26.03
745317,2024-06-29,2024,666158,L,663546,R,field_out,False,False,204.0,0.226,46.0,22.55,13.0,6.37,0.597,0.095,19.39,8.81,18.49,27.3,21.87,19.25,,,,,,,,,,,,,,,70.0,0.175,16.0,22.86,4.0,5.71,0.6479999999999999,0.238,15.65,7.09,22.44,29.53,26.45,22.54,60.0,0.294,12.0,20.0,5.0,8.33,0.863,0.196,23.21,11.4,16.67,28.07,21.78,17.65
745317,2024-06-29,2024,571771,R,663546,R,strikeout,True,False,103.0,0.181,24.0,23.3,9.0,8.74,0.507,0.07400000000000001,25.85,12.96,15.65,28.61,25.0,19.51,347.0,0.235,78.0,22.48,20.0,5.76,0.647,0.13,27.56,13.17,16.85,30.02,28.91,20.8,82.0,0.238,23.0,28.05,1.0,1.22,0.544,0.04999999999999999,29.85,13.65,25.94,39.59,36.05,27.06,79.0,0.333,19.0,24.05,8.0,10.13,0.853,0.1019999999999999,21.37,8.56,22.6,31.16,26.67,26.03
745317,2024-06-29,2024,605113,R,543339,R,field_out,False,False,83.0,0.182,18.0,21.69,2.0,2.41,0.431,0.03900000000000001,25.42,13.85,17.23,31.08,38.03,15.93,88.0,0.293,24.0,27.27,6.0,6.82,0.78,0.146,25.79,12.65,20.37,33.02,32.05,24.0,61.0,0.193,16.0,26.23,3.0,4.92,0.581,0.15799999999999997,36.28,16.87,16.05,32.92,28.24,23.53,9.0,0.25,3.0,33.33,1.0,11.11,0.708,0.125,28.57,14.63,9.76,24.39,30.43,21.43
745317,2024-06-29,2024,681584,R,543339,R,double,False,False,8.0,0.143,3.0,37.5,0.0,0.0,0.696,0.42799999999999994,53.85,25.93,25.93,51.85,50.0,42.86,79.0,0.159,26.0,32.91,7.0,8.86,0.672,0.247,39.39,16.46,19.94,36.39,24.84,25.49,61.0,0.193,16.0,26.23,3.0,4.92,0.581,0.15799999999999997,36.28,16.87,16.05,32.92,28.24,23.53,9.0,0.25,3.0,33.33,1.0,11.11,0.708,0.125,28.57,14.63,9.76,24.39,30.43,21.43
745317,2024-06-29,2024,664774,L,543339,R,intent_walk,False,True,149.0,0.328,35.0,23.49,28.0,18.79,0.876,0.09199999999999997,22.22,8.05,20.28,28.33,17.01,18.58,438.0,0.254,75.0,17.12,67.0,15.3,0.8049999999999999,0.174,20.67,7.99,18.45,26.43,16.81,16.03,57.0,0.158,18.0,31.58,0.0,0.0,0.474,0.158,31.06,17.3,11.81,29.11,23.58,20.22,5.0,0.0,2.0,40.0,2.0,40.0,0.4,0.0,50.0,21.74,8.7,30.43,8.33,20.0
745317,2024-06-29,2024,671218,R,543339,R,single,False,False,144.0,0.239,45.0,31.25,10.0,6.94,0.665,0.134,32.96,15.47,16.17,31.63,29.33,27.61,14.0,0.154,4.0,28.57,1.0,7.14,0.368,0.0,30.43,14.58,18.75,33.33,26.09,50.0,61.0,0.193,16.0,26.23,3.0,4.92,0.581,0.15799999999999997,36.28,16.87,16.05,32.92,28.24,23.53,9.0,0.25,3.0,33.33,1.0,11.11,0.708,0.125,28.57,14.63,9.76,24.39,30.43,21.43
745317,2024-06-29,2024,672275,L,543339,R,strikeout,True,False,173.0,0.282,31.0,17.92,20.0,11.56,0.81,0.16800000000000004,20.25,9.38,14.49,23.86,24.57,15.9,240.0,0.203,70.0,29.17,13.0,5.42,0.5569999999999999,0.0989999999999999,26.61,12.88,17.55,30.43,28.93,23.81,57.0,0.158,18.0,31.58,0.0,0.0,0.474,0.158,31.06,17.3,11.81,29.11,23.58,20.22,5.0,0.0,2.0,40.0,2.0,40.0,0.4,0.0,50.0,21.74,8.7,30.43,8.33,20.0
745317,2024-06-29,2024,656305,R,543339,R,field_out,False,False,250.0,0.2,66.0,26.4,22.0,8.8,0.6180000000000001,0.138,26.23,11.74,19.94,31.68,25.3,19.19,471.0,0.223,139.0,29.51,52.0,11.04,0.722,0.179,31.15,13.33,17.79,31.11,18.61,21.72,61.0,0.193,16.0,26.23,3.0,4.92,0.581,0.15799999999999997,36.28,16.87,16.05,32.92,28.24,23.53,9.0,0.25,3.0,33.33,1.0,11.11,0.708,0.125,28.57,14.63,9.76,24.39,30.43,21.43
745317,2024-06-29,2024,660271,L,663546,R,intent_walk,False,True,234.0,0.335,44.0,18.8,32.0,13.68,1.162,0.39599999999999996,28.15,13.18,13.93,27.12,28.77,17.12,429.0,0.327,99.0,23.08,64.0,14.92,1.132,0.3739999999999999,32.88,15.48,11.59,27.07,28.86,20.75,70.0,0.175,16.0,22.86,4.0,5.71,0.6479999999999999,0.238,15.65,7.09,22.44,29.53,26.45,22.54,60.0,0.294,12.0,20.0,5.0,8.33,0.863,0.196,23.21,11.4,16.67,28.07,21.78,17.65
745317,2024-06-29,2024,669257,R,663546,R,double,False,False,201.0,0.219,38.0,18.91,15.0,7.46,0.655,0.152,20.39,9.85,15.78,25.62,26.7,13.92,407.0,0.268,67.0,16.46,42.0,10.32,0.7949999999999999,0.1659999999999999,19.27,8.8,16.84,25.64,24.5,12.79,82.0,0.238,23.0,28.05,1.0,1.22,0.544,0.04999999999999999,29.85,13.65,25.94,39.59,36.05,27.06,79.0,0.333,19.0,24.05,8.0,10.13,0.853,0.1019999999999999,21.37,8.56,22.6,31.16,26.67,26.03
745317,2024-06-29,2024,518692,L,663546,R,double,False,False,228.0,0.337,34.0,14.91,32.0,14.04,1.016,0.24699999999999994,19.72,9.24,11.55,20.79,23.03,13.28,514.0,0.33,81.0,15.76,57.0,11.09,0.962,0.218,19.83,9.77,11.31,21.08,27.01,16.63,70.0,0.175,16.0,22.86,4.0,5.71,0.6479999999999999,0.238,15.65,7.09,22.44,29.53,26.45,22.54,60.0,0.294,12.0,20.0,5.0,8.33,0.863,0.196,23.21,11.4,16.67,28.07,21.78,17.65
745317,2024-06-29,2024,606192,R,663546,R,single,False,False,244.0,0.248,72.0,29.51,21.0,8.61,0.771,0.202,34.61,17.87,12.93,30.8,29.94,20.57,529.0,0.249,164.0,31.0,33.0,6.24,0.718,0.1639999999999999,36.92,19.57,14.44,34.01,34.81,23.06,82.0,0.238,23.0,28.05,1.0,1.22,0.544,0.04999999999999999,29.85,13.65,25.94,39.59,36.05,27.06,79.0,0.333,19.0,24.05,8.0,10.13,0.853,0.1019999999999999,21.37,8.56,22.6,31.16,26.67,26.03
745317,2024-06-29,2024,621035,R,663546,R,single,False,False,67.0,0.115,25.0,37.31,4.0,5.97,0.325,0.016,29.92,14.39,15.15,29.55,23.14,33.78,224.0,0.255,66.0,29.46,22.0,9.82,0.712,0.125,33.11,15.94,15.09,31.03,23.37,20.82,82.0,0.238,23.0,28.05,1.0,1.22,0.544,0.04999999999999999,29.85,13.65,25.94,39.59,36.05,27.06,79.0,0.333,19.0,24.05,8.0,10.13,0.853,0.1019999999999999,21.37,8.56,22.6,31.16,26.67,26.03
745317,2024-06-29,2024,518792,L,663546,R,triple,False,False,105.0,0.202,16.0,15.24,12.0,11.43,0.718,0.202,23.47,11.06,15.14,26.2,27.78,13.56,349.0,0.276,57.0,16.33,32.0,9.17,0.818,0.1949999999999999,20.45,9.51,16.77,26.27,27.56,15.45,70.0,0.175,16.0,22.86,4.0,5.71,0.6479999999999999,0.238,15.65,7.09,22.44,29.53,26.45,22.54,60.0,0.294,12.0,20.0,5.0,8.33,0.863,0.196,23.21,11.4,16.67,28.07,21.78,17.65
745317,2024-06-29,2024,500743,R,663546,R,sac_fly,False,False,85.0,0.304,10.0,11.76,5.0,5.88,0.796,0.139,12.14,5.52,19.81,25.32,29.14,12.05,279.0,0.21,36.0,12.9,18.0,6.45,0.546,0.068,19.79,9.92,16.53,26.45,34.53,12.9,82.0,0.238,23.0,28.05,1.0,1.22,0.544,0.04999999999999999,29.85,13.65,25.94,39.59,36.05,27.06,79.0,0.333,19.0,24.05,8.0,10.13,0.853,0.1019999999999999,21.37,8.56,22.6,31.16,26.67,26.03
745317,2024-06-29,2024,666158,L,663546,R,field_out,False,False,204.0,0.226,46.0,22.55,13.0,6.37,0.597,0.095,19.39,8.81,18.49,27.3,21.87,19.25,,,,,,,,,,,,,,,70.0,0.175,16.0,22.86,4.0,5.71,0.6479999999999999,0.238,15.65,7.09,22.44,29.53,26.45,22.54,60.0,0.294,12.0,20.0,5.0,8.33,0.863,0.196,23.21,11.4,16.67,28.07,21.78,17.65
745317,2024-06-29,2024,571771,R,663546,R,field_out,False,False,103.0,0.181,24.0,23.3,9.0,8.74,0.507,0.07400000000000001,25.85,12.96,15.65,28.61,25.0,19.51,347.0,0.235,78.0,22.48,20.0,5.76,0.647,0.13,27.56,13.17,16.85,30.02,28.91,20.8,82.0,0.238,23.0,28.05,1.0,1.22,0.544,0.04999999999999999,29.85,13.65,25.94,39.59,36.05,27.06,79.0,0.333,19.0,24.05,8.0,10.13,0.853,0.1019999999999999,21.37,8.56,22.6,31.16,26.67,26.03
745317,2024-06-29,2024,596103,R,642232,L,field_out,False,False,73.0,0.183,20.0,27.4,10.0,13.7,0.498,0.0,28.99,12.74,16.88,29.62,17.33,18.87,147.0,0.288,40.0,27.21,13.0,8.84,0.8,0.151,27.27,11.44,19.76,31.2,22.15,21.51,137.0,0.256,14.0,10.22,14.0,10.22,0.733,0.11199999999999999,18.44,8.6,14.34,22.94,27.11,9.21,270.0,0.268,47.0,17.41,7.0,2.59,0.716,0.1409999999999999,21.6,10.93,16.14,27.07,32.38,14.69
745317,2024-06-29,2024,682641,R,642232,L,field_out,False,False,28.0,0.24,6.0,21.43,2.0,7.14,0.806,0.28,14.75,8.33,13.89,22.22,36.17,16.67,99.0,0.31,10.0,10.1,12.0,12.12,0.825,0.1069999999999999,11.64,4.94,17.44,22.38,22.04,14.71,137.0,0.256,14.0,10.22,14.0,10.22,0.733,0.11199999999999999,18.44,8.6,14.34,22.94,27.11,9.21,270.0,0.268,47.0,17.41,7.0,2.59,0.716,0.1409999999999999,21.6,10.93,16.14,27.07,32.38,14.69
745317,2024-06-29,2024,689172,L,642232,L,field_out,False,False,19.0,0.474,5.0,26.32,0.0,0.0,1.263,0.31500000000000006,31.43,16.42,14.93,31.34,37.5,26.32,25.0,0.261,10.0,40.0,1.0,4.0,0.6399999999999999,0.0869999999999999,45.83,23.4,15.96,39.36,36.96,34.48,77.0,0.099,13.0,16.88,2.0,2.6,0.318,0.08399999999999999,24.0,13.0,16.25,29.24,30.7,15.85,106.0,0.28,20.0,18.87,6.0,5.66,0.771,0.1699999999999999,25.45,13.66,16.1,29.76,37.43,14.39
747018,2024-06-29,2024,543760,R,700249,L,field_out,False,False,106.0,0.32,15.0,14.15,9.0,8.49,0.913,0.21600000000000003,17.74,8.27,14.54,22.81,22.6,15.96,210.0,0.283,33.0,15.71,20.0,9.52,0.8009999999999999,0.156,18.13,8.56,14.97,23.53,20.61,16.58,59.0,0.208,10.0,16.95,5.0,8.47,0.611,0.13200000000000003,21.74,10.42,17.5,27.92,23.64,14.71,,,,,,,,,,,,,,
747018,2024-06-29,2024,608369,L,700249,L,home_run,False,False,100.0,0.245,30.0,30.0,2.0,2.0,0.627,0.122,27.13,15.13,10.98,26.11,29.53,37.04,166.0,0.314,33.0,19.88,7.0,4.22,0.881,0.218,27.65,15.41,9.68,25.09,30.66,22.92,34.0,0.25,4.0,11.76,5.0,14.71,0.775,0.14300000000000002,20.69,8.7,16.67,25.36,18.57,11.11,,,,,,,,,,,,,,
747018,2024-06-29,2024,669701,L,700249,L,field_out,False,False,77.0,0.318,21.0,27.27,6.0,7.79,0.87,0.15199999999999997,27.61,13.21,16.79,30.0,27.56,24.42,33.0,0.12,9.0,27.27,6.0,18.18,0.6930000000000001,0.24,26.09,9.3,20.93,30.23,19.44,31.03,34.0,0.25,4.0,11.76,5.0,14.71,0.775,0.14300000000000002,20.69,8.7,16.67,25.36,18.57,11.11,,,,,,,,,,,,,,
747018,2024-06-29,2024,666969,R,700249,L,double,False,False,103.0,0.222,27.0,26.21,9.0,8.74,0.6910000000000001,0.17800000000000002,26.89,15.16,10.11,25.27,32.97,25.0,152.0,0.244,37.0,24.34,24.0,15.79,0.866,0.26,31.62,13.61,14.56,28.16,22.03,21.26,59.0,0.208,10.0,16.95,5.0,8.47,0.611,0.13200000000000003,21.74,10.42,17.5,27.92,23.64,14.71,,,,,,,,,,,,,,
747018,2024-06-29,2024,694671,R,700249,L,strikeout,True,False,57.0,0.234,14.0,24.56,8.0,14.04,0.798,0.213,25.51,9.92,19.44,29.37,21.21,17.28,,,,,,,,,,,,,,,59.0,0.208,10.0,16.95,5.0,8.47,0.611,0.13200000000000003,21.74,10.42,17.5,27.92,23.64,14.71,,,,,,,,,,,,,,
747018,2024-06-29,2024,683002,L,547179,R,field_out,False,False,256.0,0.296,53.0,20.7,26.0,10.16,1.012,0.341,23.5,10.75,14.91,25.66,22.6,20.54,455.0,0.272,117.0,25.71,38.0,8.35,0.885,0.277,25.57,12.07,15.7,27.78,26.4,22.35,144.0,0.119,30.0,20.83,17.0,11.81,0.389,0.048000000000000015,24.91,11.45,15.38,26.84,26.3,17.06,354.0,0.218,70.0,19.77,32.0,9.04,0.6739999999999999,0.165,25.07,12.26,15.11,27.37,28.81,16.67
747018,2024-06-29,2024,668939,L,547179,R,field_out,False,False,240.0,0.245,48.0,20.0,20.0,8.33,0.706,0.15300000000000002,20.61,9.55,19.72,29.27,32.24,16.05,496.0,0.267,80.0,16.13,61.0,12.3,0.778,0.1519999999999999,16.76,6.91,19.7,26.61,24.41,12.54,144.0,0.119,30.0,20.83,17.0,11.81,0.389,0.048000000000000015,24.91,11.45,15.38,26.84,26.3,17.06,354.0,0.218,70.0,19.77,32.0,9.04,0.6739999999999999,0.165,25.07,12.26,15.11,27.37,28.81,16.67
747018,2024-06-29,2024,656811,L,547179,R,field_out,False,False,229.0,0.29,24.0,10.48,21.0,9.17,0.837,0.193,17.92,8.03,16.88,24.91,23.6,11.54,340.0,0.297,74.0,21.76,13.0,3.82,0.802,0.178,22.26,11.29,14.37,25.66,31.15,17.72,144.0,0.119,30.0,20.83,17.0,11.81,0.389,0.048000000000000015,24.91,11.45,15.38,26.84,26.3,17.06,354.0,0.218,70.0,19.77,32.0,9.04,0.6739999999999999,0.165,25.07,12.26,15.11,27.37,28.81,16.67
747018,2024-06-29,2024,543257,R,700249,L,field_out,False,False,66.0,0.302,11.0,16.67,12.0,18.18,0.839,0.11299999999999999,20.41,7.25,23.19,30.43,18.88,14.1,137.0,0.309,32.0,23.36,23.0,16.79,0.952,0.227,18.93,6.53,22.61,29.15,11.97,17.49,59.0,0.208,10.0,16.95,5.0,8.47,0.611,0.13200000000000003,21.74,10.42,17.5,27.92,23.64,14.71,,,,,,,,,,,,,,
747018,2024-06-29,2024,663993,L,700249,L,double,False,False,77.0,0.273,20.0,25.97,10.0,12.99,0.712,0.07499999999999996,22.07,9.22,21.04,30.26,23.31,15.27,219.0,0.223,52.0,23.74,24.0,10.96,0.643,0.109,22.66,9.89,18.18,28.07,24.2,19.48,34.0,0.25,4.0,11.76,5.0,14.71,0.775,0.14300000000000002,20.69,8.7,16.67,25.36,18.57,11.11,,,,,,,,,,,,,,
747018,2024-06-29,2024,641680,R,700249,L,field_out,False,False,75.0,0.246,10.0,13.33,5.0,6.67,0.6839999999999999,0.14500000000000002,16.33,9.56,11.16,20.72,29.82,14.29,90.0,0.329,13.0,14.44,7.0,7.78,0.866,0.1589999999999999,20.1,11.3,11.3,22.6,34.86,13.0,59.0,0.208,10.0,16.95,5.0,8.47,0.611,0.13200000000000003,21.74,10.42,17.5,27.92,23.64,14.71,,,,,,,,,,,,,,
747018,2024-06-29,2024,656537,R,700249,L,field_out,False,False,9.0,0.25,2.0,22.22,1.0,11.11,0.583,0.0,25.0,12.9,19.35,32.26,41.18,18.18,13.0,0.231,3.0,23.08,0.0,0.0,0.539,0.0769999999999999,39.13,22.5,10.0,32.5,45.45,42.86,59.0,0.208,10.0,16.95,5.0,8.47,0.611,0.13200000000000003,21.74,10.42,17.5,27.92,23.64,14.71,,,,,,,,,,,,,,
747018,2024-06-29,2024,623993,L,547179,R,home_run,False,False,238.0,0.216,39.0,16.39,15.0,6.3,0.75,0.261,16.99,9.17,13.28,22.44,39.69,12.96,486.0,0.26,107.0,22.02,31.0,6.38,0.798,0.2229999999999999,22.13,11.37,14.84,26.21,37.22,15.21,144.0,0.119,30.0,20.83,17.0,11.81,0.389,0.048000000000000015,24.91,11.45,15.38,26.84,26.3,17.06,354.0,0.218,70.0,19.77,32.0,9.04,0.6739999999999999,0.165,25.07,12.26,15.11,27.37,28.81,16.67
747018,2024-06-29,2024,677008,L,547179,R,walk,False,True,29.0,0.24,8.0,27.59,3.0,10.34,0.745,0.16000000000000003,31.43,17.6,12.8,30.4,34.92,20.0,32.0,0.241,10.0,31.25,2.0,6.25,0.7729999999999999,0.242,36.84,17.36,19.01,36.36,35.94,29.41,144.0,0.119,30.0,20.83,17.0,11.81,0.389,0.048000000000000015,24.91,11.45,15.38,26.84,26.3,17.06,354.0,0.218,70.0,19.77,32.0,9.04,0.6739999999999999,0.165,25.07,12.26,15.11,27.37,28.81,16.67
747018,2024-06-29,2024,676059,R,547179,R,field_out,False,False,233.0,0.305,44.0,18.88,13.0,5.58,0.906,0.24000000000000005,26.79,13.78,14.7,28.47,31.03,15.69,146.0,0.246,33.0,22.6,8.0,5.48,0.6779999999999999,0.142,22.97,11.73,16.25,27.98,29.59,19.76,162.0,0.295,25.0,15.43,14.0,8.64,0.898,0.23900000000000005,19.34,8.47,18.37,26.84,23.29,13.97,271.0,0.275,41.0,15.13,15.0,5.54,0.734,0.1429999999999999,17.01,8.49,18.12,26.6,31.74,13.95
747018,2024-06-29,2024,681297,L,547179,R,strikeout,True,False,193.0,0.234,50.0,25.91,20.0,10.36,0.789,0.227,30.97,13.87,16.54,30.41,24.09,23.7,68.0,0.111,20.0,29.41,12.0,17.65,0.427,0.0369999999999999,26.67,10.98,17.07,28.05,21.51,17.7,144.0,0.119,30.0,20.83,17.0,11.81,0.389,0.048000000000000015,24.91,11.45,15.38,26.84,26.3,17.06,354.0,0.218,70.0,19.77,32.0,9.04,0.6739999999999999,0.165,25.07,12.26,15.11,27.37,28.81,16.67
747018,2024-06-29,2024,656775,L,547179,R,hit_by_pitch,False,False,192.0,0.243,43.0,22.4,12.0,6.25,0.734,0.203,18.38,9.7,13.84,23.54,29.29,20.67,336.0,0.233,77.0,22.92,31.0,9.23,0.726,0.1889999999999999,26.24,13.25,14.23,27.48,28.99,18.95,144.0,0.119,30.0,20.83,17.0,11.81,0.389,0.048000000000000015,24.91,11.45,15.38,26.84,26.3,17.06,354.0,0.218,70.0,19.77,32.0,9.04,0.6739999999999999,0.165,25.07,12.26,15.11,27.37,28.81,16.67
747018,2024-06-29,2024,602104,R,547179,R,field_out,False,False,94.0,0.247,16.0,17.02,4.0,4.26,0.714,0.18,28.99,14.16,14.45,28.61,26.86,16.84,272.0,0.274,72.0,26.47,17.0,6.25,0.726,0.1169999999999999,29.67,14.82,16.24,31.07,27.7,24.41,162.0,0.295,25.0,15.43,14.0,8.64,0.898,0.23900000000000005,19.34,8.47,18.37,26.84,23.29,13.97,271.0,0.275,41.0,15.13,15.0,5.54,0.734,0.1429999999999999,17.01,8.49,18.12,26.6,31.74,13.95
747018,2024-06-29,2024,543760,R,700249,L,field_out,False,False,106.0,0.32,15.0,14.15,9.0,8.49,0.913,0.21600000000000003,17.74,8.27,14.54,22.81,22.6,15.96,210.0,0.283,33.0,15.71,20.0,9.52,0.8009999999999999,0.156,18.13,8.56,14.97,23.53,20.61,16.58,59.0,0.208,10.0,16.95,5.0,8.47,0.611,0.13200000000000003,21.74,10.42,17.5,27.92,23.64,14.71,,,,,,,,,,,,,,
747018,2024-06-29,2024,608369,L,700249,L,field_out,False,False,100.0,0.245,30.0,30.0,2.0,2.0,0.627,0.122,27.13,15.13,10.98,26.11,29.53,37.04,166.0,0.314,33.0,19.88,7.0,4.22,0.881,0.218,27.65,15.41,9.68,25.09,30.66,22.92,34.0,0.25,4.0,11.76,5.0,14.71,0.775,0.14300000000000002,20.69,8.7,16.67,25.36,18.57,11.11,,,,,,,,,,,,,,
747018,2024-06-29,2024,669701,L,700249,L,field_out,False,False,77.0,0.318,21.0,27.27,6.0,7.79,0.87,0.15199999999999997,27.61,13.21,16.79,30.0,27.56,24.42,33.0,0.12,9.0,27.27,6.0,18.18,0.6930000000000001,0.24,26.09,9.3,20.93,30.23,19.44,31.03,34.0,0.25,4.0,11.76,5.0,14.71,0.775,0.14300000000000002,20.69,8.7,16.67,25.36,18.57,11.11,,,,,,,,,,,,,,
747018,2024-06-29,2024,683002,L,547179,R,strikeout,True,False,256.0,0.296,53.0,20.7,26.0,10.16,1.012,0.341,23.5,10.75,14.91,25.66,22.6,20.54,455.0,0.272,117.0,25.71,38.0,8.35,0.885,0.277,25.57,12.07,15.7,27.78,26.4,22.35,144.0,0.119,30.0,20.83,17.0,11.81,0.389,0.048000000000000015,24.91,11.45,15.38,26.84,26.3,17.06,354.0,0.218,70.0,19.77,32.0,9.04,0.6739999999999999,0.165,25.07,12.26,15.11,27.37,28.81,16.67
747018,2024-06-29,2024,668939,L,547179,R,walk,False,True,240.0,0.245,48.0,20.0,20.0,8.33,0.706,0.15300000000000002,20.61,9.55,19.72,29.27,32.24,16.05,496.0,0.267,80.0,16.13,61.0,12.3,0.778,0.1519999999999999,16.76,6.91,19.7,26.61,24.41,12.54,144.0,0.119,30.0,20.83,17.0,11.81,0.389,0.048000000000000015,24.91,11.45,15.38,26.84,26.3,17.06,354.0,0.218,70.0,19.77,32.0,9.04,0.6739999999999999,0.165,25.07,12.26,15.11,27.37,28.81,16.67
747018,2024-06-29,2024,656811,L,547179,R,field_out,False,False,229.0,0.29,24.0,10.48,21.0,9.17,0.837,0.193,17.92,8.03,16.88,24.91,23.6,11.54,340.0,0.297,74.0,21.76,13.0,3.82,0.802,0.178,22.26,11.29,14.37,25.66,31.15,17.72,144.0,0.119,30.0,20.83,17.0,11.81,0.389,0.048000000000000015,24.91,11.45,15.38,26.84,26.3,17.06,354.0,0.218,70.0,19.77,32.0,9.04,0.6739999999999999,0.165,25.07,12.26,15.11,27.37,28.81,16.67
747018,2024-06-29,2024,623993,L,547179,R,field_out,False,False,238.0,0.216,39.0,16.39,15.0,6.3,0.75,0.261,16.99,9.17,13.28,22.44,39.69,12.96,486.0,0.26,107.0,22.02,31.0,6.38,0.798,0.2229999999999999,22.13,11.37,14.84,26.21,37.22,15.21,144.0,0.119,30.0,20.83,17.0,11.81,0.389,0.048000000000000015,24.91,11.45,15.38,26.84,26.3,17.06,354.0,0.218,70.0,19.77,32.0,9.04,0.6739999999999999,0.165,25.07,12.26,15.11,27.37,28.81,16.67
747018,2024-06-29,2024,666969,R,700249,L,strikeout,True,False,103.0,0.222,27.0,26.21,9.0,8.74,0.6910000000000001,0.17800000000000002,26.89,15.16,10.11,25.27,32.97,25.0,152.0,0.244,37.0,24.34,24.0,15.79,0.866,0.26,31.62,13.61,14.56,28.16,22.03,21.26,59.0,0.208,10.0,16.95,5.0,8.47,0.611,0.13200000000000003,21.74,10.42,17.5,27.92,23.64,14.71,,,,,,,,,,,,,,
747018,2024-06-29,2024,694671,R,700249,L,single,False,False,57.0,0.234,14.0,24.56,8.0,14.04,0.798,0.213,25.51,9.92,19.44,29.37,21.21,17.28,,,,,,,,,,,,,,,59.0,0.208,10.0,16.95,5.0,8.47,0.611,0.13200000000000003,21.74,10.42,17.5,27.92,23.64,14.71,,,,,,,,,,,,,,
747018,2024-06-29,2024,543257,R,700249,L,force_out,False,False,66.0,0.302,11.0,16.67,12.0,18.18,0.839,0.11299999999999999,20.41,7.25,23.19,30.43,18.88,14.1,137.0,0.309,32.0,23.36,23.0,16.79,0.952,0.227,18.93,6.53,22.61,29.15,11.97,17.49,59.0,0.208,10.0,16.95,5.0,8.47,0.611,0.13200000000000003,21.74,10.42,17.5,27.92,23.64,14.71,,,,,,,,,,,,,,
747018,2024-06-29,2024,663993,L,700249,L,field_out,False,False,77.0,0.273,20.0,25.97,10.0,12.99,0.712,0.07499999999999996,22.07,9.22,21.04,30.26,23.31,15.27,219.0,0.223,52.0,23.74,24.0,10.96,0.643,0.109,22.66,9.89,18.18,28.07,24.2,19.48,34.0,0.25,4.0,11.76,5.0,14.71,0.775,0.14300000000000002,20.69,8.7,16.67,25.36,18.57,11.11,,,,,,,,,,,,,,
747018,2024-06-29,2024,677008,L,547179,R,hit_by_pitch,False,False,29.0,0.24,8.0,27.59,3.0,10.34,0.745,0.16000000000000003,31.43,17.6,12.8,30.4,34.92,20.0,32.0,0.241,10.0,31.25,2.0,6.25,0.7729999999999999,0.242,36.84,17.36,19.01,36.36,35.94,29.41,144.0,0.119,30.0,20.83,17.0,11.81,0.389,0.048000000000000015,24.91,11.45,15.38,26.84,26.3,17.06,354.0,0.218,70.0,19.77,32.0,9.04,0.6739999999999999,0.165,25.07,12.26,15.11,27.37,28.81,16.67
747018,2024-06-29,2024,676059,R,547179,R,single,False,False,233.0,0.305,44.0,18.88,13.0,5.58,0.906,0.24000000000000005,26.79,13.78,14.7,28.47,31.03,15.69,146.0,0.246,33.0,22.6,8.0,5.48,0.6779999999999999,0.142,22.97,11.73,16.25,27.98,29.59,19.76,162.0,0.295,25.0,15.43,14.0,8.64,0.898,0.23900000000000005,19.34,8.47,18.37,26.84,23.29,13.97,271.0,0.275,41.0,15.13,15.0,5.54,0.734,0.1429999999999999,17.01,8.49,18.12,26.6,31.74,13.95
747018,2024-06-29,2024,681297,L,547179,R,grounded_into_double_play,False,False,193.0,0.234,50.0,25.91,20.0,10.36,0.789,0.227,30.97,13.87,16.54,30.41,24.09,23.7,68.0,0.111,20.0,29.41,12.0,17.65,0.427,0.0369999999999999,26.67,10.98,17.07,28.05,21.51,17.7,144.0,0.119,30.0,20.83,17.0,11.81,0.389,0.048000000000000015,24.91,11.45,15.38,26.84,26.3,17.06,354.0,0.218,70.0,19.77,32.0,9.04,0.6739999999999999,0.165,25.07,12.26,15.11,27.37,28.81,16.67
747018,2024-06-29,2024,656775,L,547179,R,field_out,False,False,192.0,0.243,43.0,22.4,12.0,6.25,0.734,0.203,18.38,9.7,13.84,23.54,29.29,20.67,336.0,0.233,77.0,22.92,31.0,9.23,0.726,0.1889999999999999,26.24,13.25,14.23,27.48,28.99,18.95,144.0,0.119,30.0,20.83,17.0,11.81,0.389,0.048000000000000015,24.91,11.45,15.38,26.84,26.3,17.06,354.0,0.218,70.0,19.77,32.0,9.04,0.6739999999999999,0.165,25.07,12.26,15.11,27.37,28.81,16.67
747018,2024-06-29,2024,641680,R,700249,L,field_out,False,False,75.0,0.246,10.0,13.33,5.0,6.67,0.6839999999999999,0.14500000000000002,16.33,9.56,11.16,20.72,29.82,14.29,90.0,0.329,13.0,14.44,7.0,7.78,0.866,0.1589999999999999,20.1,11.3,11.3,22.6,34.86,13.0,59.0,0.208,10.0,16.95,5.0,8.47,0.611,0.13200000000000003,21.74,10.42,17.5,27.92,23.64,14.71,,,,,,,,,,,,,,
747018,2024-06-29,2024,656537,R,700249,L,home_run,False,False,9.0,0.25,2.0,22.22,1.0,11.11,0.583,0.0,25.0,12.9,19.35,32.26,41.18,18.18,13.0,0.231,3.0,23.08,0.0,0.0,0.539,0.0769999999999999,39.13,22.5,10.0,32.5,45.45,42.86,59.0,0.208,10.0,16.95,5.0,8.47,0.611,0.13200000000000003,21.74,10.42,17.5,27.92,23.64,14.71,,,,,,,,,,,,,,
747018,2024-06-29,2024,543760,R,700249,L,strikeout,True,False,106.0,0.32,15.0,14.15,9.0,8.49,0.913,0.21600000000000003,17.74,8.27,14.54,22.81,22.6,15.96,210.0,0.283,33.0,15.71,20.0,9.52,0.8009999999999999,0.156,18.13,8.56,14.97,23.53,20.61,16.58,59.0,0.208,10.0,16.95,5.0,8.47,0.611,0.13200000000000003,21.74,10.42,17.5,27.92,23.64,14.71,,,,,,,,,,,,,,
747018,2024-06-29,2024,608369,L,700249,L,hit_by_pitch,False,False,100.0,0.245,30.0,30.0,2.0,2.0,0.627,0.122,27.13,15.13,10.98,26.11,29.53,37.04,166.0,0.314,33.0,19.88,7.0,4.22,0.881,0.218,27.65,15.41,9.68,25.09,30.66,22.92,34.0,0.25,4.0,11.76,5.0,14.71,0.775,0.14300000000000002,20.69,8.7,16.67,25.36,18.57,11.11,,,,,,,,,,,,,,
747018,2024-06-29,2024,669701,L,700249,L,field_out,False,False,77.0,0.318,21.0,27.27,6.0,7.79,0.87,0.15199999999999997,27.61,13.21,16.79,30.0,27.56,24.42,33.0,0.12,9.0,27.27,6.0,18.18,0.6930000000000001,0.24,26.09,9.3,20.93,30.23,19.44,31.03,34.0,0.25,4.0,11.76,5.0,14.71,0.775,0.14300000000000002,20.69,8.7,16.67,25.36,18.57,11.11,,,,,,,,,,,,,,
747018,2024-06-29,2024,602104,R,547179,R,field_out,False,False,94.0,0.247,16.0,17.02,4.0,4.26,0.714,0.18,28.99,14.16,14.45,28.61,26.86,16.84,272.0,0.274,72.0,26.47,17.0,6.25,0.726,0.1169999999999999,29.67,14.82,16.24,31.07,27.7,24.41,162.0,0.295,25.0,15.43,14.0,8.64,0.898,0.23900000000000005,19.34,8.47,18.37,26.84,23.29,13.97,271.0,0.275,41.0,15.13,15.0,5.54,0.734,0.1429999999999999,17.01,8.49,18.12,26.6,31.74,13.95
747018,2024-06-29,2024,683002,L,547179,R,double,False,False,256.0,0.296,53.0,20.7,26.0,10.16,1.012,0.341,23.5,10.75,14.91,25.66,22.6,20.54,455.0,0.272,117.0,25.71,38.0,8.35,0.885,0.277,25.57,12.07,15.7,27.78,26.4,22.35,144.0,0.119,30.0,20.83,17.0,11.81,0.389,0.048000000000000015,24.91,11.45,15.38,26.84,26.3,17.06,354.0,0.218,70.0,19.77,32.0,9.04,0.6739999999999999,0.165,25.07,12.26,15.11,27.37,28.81,16.67
747018,2024-06-29,2024,668939,L,547179,R,strikeout,True,False,240.0,0.245,48.0,20.0,20.0,8.33,0.706,0.15300000000000002,20.61,9.55,19.72,29.27,32.24,16.05,496.0,0.267,80.0,16.13,61.0,12.3,0.778,0.1519999999999999,16.76,6.91,19.7,26.61,24.41,12.54,144.0,0.119,30.0,20.83,17.0,11.81,0.389,0.048000000000000015,24.91,11.45,15.38,26.84,26.3,17.06,354.0,0.218,70.0,19.77,32.0,9.04,0.6739999999999999,0.165,25.07,12.26,15.11,27.37,28.81,16.67
747018,2024-06-29,2024,656811,L,547179,R,walk,False,True,229.0,0.29,24.0,10.48,21.0,9.17,0.837,0.193,17.92,8.03,16.88,24.91,23.6,11.54,340.0,0.297,74.0,21.76,13.0,3.82,0.802,0.178,22.26,11.29,14.37,25.66,31.15,17.72,144.0,0.119,30.0,20.83,17.0,11.81,0.389,0.048000000000000015,24.91,11.45,15.38,26.84,26.3,17.06,354.0,0.218,70.0,19.77,32.0,9.04,0.6739999999999999,0.165,25.07,12.26,15.11,27.37,28.81,16.67
747018,2024-06-29,2024,623993,L,547179,R,walk,False,True,238.0,0.216,39.0,16.39,15.0,6.3,0.75,0.261,16.99,9.17,13.28,22.44,39.69,12.96,486.0,0.26,107.0,22.02,31.0,6.38,0.798,0.2229999999999999,22.13,11.37,14.84,26.21,37.22,15.21,144.0,0.119,30.0,20.83,17.0,11.81,0.389,0.048000000000000015,24.91,11.45,15.38,26.84,26.3,17.06,354.0,0.218,70.0,19.77,32.0,9.04,0.6739999999999999,0.165,25.07,12.26,15.11,27.37,28.81,16.67
747018,2024-06-29,2024,677008,L,547179,R,home_run,False,False,29.0,0.24,8.0,27.59,3.0,10.34,0.745,0.16000000000000003,31.43,17.6,12.8,30.4,34.92,20.0,32.0,0.241,10.0,31.25,2.0,6.25,0.7729999999999999,0.242,36.84,17.36,19.01,36.36,35.94,29.41,144.0,0.119,30.0,20.83,17.0,11.81,0.389,0.048000000000000015,24.91,11.45,15.38,26.84,26.3,17.06,354.0,0.218,70.0,19.77,32.0,9.04,0.6739999999999999,0.165,25.07,12.26,15.11,27.37,28.81,16.67
747018,2024-06-29,2024,676059,R,547179,R,field_out,False,False,233.0,0.305,44.0,18.88,13.0,5.58,0.906,0.24000000000000005,26.79,13.78,14.7,28.47,31.03,15.69,146.0,0.246,33.0,22.6,8.0,5.48,0.6779999999999999,0.142,22.97,11.73,16.25,27.98,29.59,19.76,162.0,0.295,25.0,15.43,14.0,8.64,0.898,0.23900000000000005,19.34,8.47,18.37,26.84,23.29,13.97,271.0,0.275,41.0,15.13,15.0,5.54,0.734,0.1429999999999999,17.01,8.49,18.12,26.6,31.74,13.95
747018,2024-06-29,2024,666969,R,641329,R,field_out,False,False,220.0,0.214,59.0,26.82,15.0,6.82,0.6859999999999999,0.19899999999999998,35.78,18.24,12.2,30.43,33.68,26.58,480.0,0.245,138.0,28.75,41.0,8.54,0.8260000000000001,0.264,31.65,15.93,13.92,29.85,32.02,21.97,20.0,0.2,5.0,25.0,0.0,0.0,0.55,0.14999999999999997,16.67,7.79,19.48,27.27,28.12,22.73,126.0,0.241,30.0,23.81,14.0,11.11,0.72,0.148,21.26,10.42,14.29,24.71,26.82,15.96
747018,2024-06-29,2024,694671,R,641329,R,field_out,False,False,179.0,0.251,32.0,17.88,11.0,6.15,0.631,0.07800000000000001,20.12,8.92,18.93,27.85,23.8,13.85,,,,,,,,,,,,,,,20.0,0.2,5.0,25.0,0.0,0.0,0.55,0.14999999999999997,16.67,7.79,19.48,27.27,28.12,22.73,126.0,0.241,30.0,23.81,14.0,11.11,0.72,0.148,21.26,10.42,14.29,24.71,26.82,15.96
747018,2024-06-29,2024,543257,L,641329,R,double,False,False,82.0,0.155,20.0,24.39,10.0,12.2,0.439,0.027999999999999997,19.71,7.52,19.78,27.3,16.0,19.42,283.0,0.206,66.0,23.32,34.0,12.01,0.633,0.123,20.58,8.17,20.25,28.42,17.66,20.62,13.0,0.333,0.0,0.0,1.0,7.69,0.802,0.08399999999999996,9.68,5.0,10.0,15.0,25.81,0.0,61.0,0.143,21.0,34.43,10.0,16.39,0.507,0.081,28.46,12.73,13.45,26.18,21.05,23.86
747018,2024-06-29,2024,663993,L,641329,R,home_run,False,False,166.0,0.243,31.0,18.67,19.0,11.45,0.671,0.09700000000000003,15.81,6.75,17.77,24.52,25.77,15.35,505.0,0.279,113.0,22.38,69.0,13.66,0.833,0.172,19.81,8.64,15.62,24.26,19.45,16.87,13.0,0.333,0.0,0.0,1.0,7.69,0.802,0.08399999999999996,9.68,5.0,10.0,15.0,25.81,0.0,61.0,0.143,21.0,34.43,10.0,16.39,0.507,0.081,28.46,12.73,13.45,26.18,21.05,23.86
747018,2024-06-29,2024,641680,L,641329,R,strikeout,True,False,195.0,0.232,42.0,21.54,13.0,6.67,0.613,0.094,21.77,11.13,13.46,24.59,31.89,21.99,411.0,0.243,82.0,19.95,33.0,8.03,0.733,0.185,23.06,11.69,13.75,25.44,29.36,17.15,13.0,0.333,0.0,0.0,1.0,7.69,0.802,0.08399999999999996,9.68,5.0,10.0,15.0,25.81,0.0,61.0,0.143,21.0,34.43,10.0,16.39,0.507,0.081,28.46,12.73,13.45,26.18,21.05,23.86
747018,2024-06-29,2024,681297,L,656271,L,field_out,False,False,66.0,0.224,24.0,36.36,4.0,6.06,0.74,0.224,33.33,13.91,21.43,35.34,19.53,28.57,9.0,0.143,2.0,22.22,1.0,11.11,0.476,0.0,25.0,8.11,27.03,35.14,15.79,18.18,19.0,0.412,6.0,31.58,1.0,5.26,1.3559999999999999,0.47000000000000003,22.58,10.77,18.46,29.23,24.14,35.29,83.0,0.291,23.0,27.71,3.0,3.61,0.731,0.127,26.62,13.26,17.92,31.18,24.58,31.08
747018,2024-06-29,2024,656775,L,656271,L,field_out,False,False,61.0,0.153,13.0,21.31,1.0,1.64,0.417,0.08399999999999999,19.83,10.71,14.29,25.0,28.71,21.67,120.0,0.233,24.0,20.0,12.0,10.0,0.708,0.165,20.83,9.68,19.35,29.03,20.0,14.81,19.0,0.412,6.0,31.58,1.0,5.26,1.3559999999999999,0.47000000000000003,22.58,10.77,18.46,29.23,24.14,35.29,83.0,0.291,23.0,27.71,3.0,3.61,0.731,0.127,26.62,13.26,17.92,31.18,24.58,31.08
747018,2024-06-29,2024,602104,R,656271,L,field_out,False,False,40.0,0.167,6.0,15.0,2.0,5.0,0.472,0.05499999999999999,22.08,10.83,14.01,24.84,25.32,13.04,124.0,0.241,29.0,23.39,10.0,8.06,0.654,0.098,26.55,12.58,16.35,28.93,29.75,21.64,24.0,0.316,5.0,20.83,4.0,16.67,0.838,0.10499999999999998,30.0,13.33,14.44,27.78,20.45,29.41,167.0,0.261,29.0,17.37,6.0,3.59,0.792,0.236,20.63,12.02,10.94,22.96,32.86,13.36
747018,2024-06-29,2024,665750,L,666974,R,field_out,False,False,203.0,0.23,38.0,18.72,16.0,7.88,0.6439999999999999,0.12299999999999997,24.1,12.37,14.47,26.84,32.2,16.81,405.0,0.275,86.0,21.23,25.0,6.17,0.767,0.174,24.9,12.5,15.05,27.55,29.44,18.34,50.0,0.244,6.0,12.0,4.0,8.0,0.75,0.2,31.87,16.02,9.94,25.97,34.29,13.95,110.0,0.262,20.0,18.18,7.0,6.36,0.6679999999999999,0.0969999999999999,25.13,12.66,12.14,24.81,32.71,22.22
747018,2024-06-29,2024,543760,R,666974,R,field_out,False,False,257.0,0.209,34.0,13.23,20.0,7.78,0.6080000000000001,0.12700000000000003,20.22,10.56,13.03,23.6,26.24,14.41,544.0,0.273,77.0,14.15,52.0,9.56,0.8360000000000001,0.2199999999999999,18.01,8.45,14.48,22.93,21.97,13.9,93.0,0.241,27.0,29.03,13.0,13.98,0.735,0.139,31.52,14.76,16.03,30.79,33.01,19.85,173.0,0.202,45.0,26.01,6.0,3.47,0.5569999999999999,0.1109999999999999,25.79,12.87,18.68,31.55,32.06,21.84
747018,2024-06-29,2024,673995,R,666974,R,strikeout,True,False,9.0,0.222,4.0,44.44,0.0,0.0,0.444,0.0,33.33,11.76,26.47,38.24,18.75,40.0,,,,,,,,,,,,,,,93.0,0.241,27.0,29.03,13.0,13.98,0.735,0.139,31.52,14.76,16.03,30.79,33.01,19.85,173.0,0.202,45.0,26.01,6.0,3.47,0.5569999999999999,0.1109999999999999,25.79,12.87,18.68,31.55,32.06,21.84
747018,2024-06-29,2024,683002,L,656271,L,field_out,False,False,115.0,0.275,30.0,26.09,20.0,17.39,0.966,0.274,29.21,11.09,18.98,30.06,17.08,22.73,167.0,0.209,42.0,25.15,18.0,10.78,0.617,0.115,28.77,12.92,19.54,32.46,27.19,20.79,19.0,0.412,6.0,31.58,1.0,5.26,1.3559999999999999,0.47000000000000003,22.58,10.77,18.46,29.23,24.14,35.29,83.0,0.291,23.0,27.71,3.0,3.61,0.731,0.127,26.62,13.26,17.92,31.18,24.58,31.08
747018,2024-06-29,2024,668939,R,656271,L,walk,False,True,108.0,0.416,15.0,13.89,6.0,5.56,1.097,0.23700000000000004,18.68,7.93,22.38,30.3,25.0,13.51,191.0,0.304,21.0,10.99,31.0,16.23,0.895,0.177,12.46,4.9,20.56,25.46,20.79,8.71,24.0,0.316,5.0,20.83,4.0,16.67,0.838,0.10499999999999998,30.0,13.33,14.44,27.78,20.45,29.41,167.0,0.261,29.0,17.37,6.0,3.59,0.792,0.236,20.63,12.02,10.94,22.96,32.86,13.36
747018,2024-06-29,2024,663624,R,641540,R,single,False,False,231.0,0.258,53.0,22.94,13.0,5.63,0.745,0.188,24.09,13.28,11.5,24.78,36.46,19.49,310.0,0.235,78.0,25.16,22.0,7.1,0.6399999999999999,0.1139999999999999,29.78,16.05,13.56,29.61,37.06,21.61,136.0,0.187,38.0,27.94,12.0,8.82,0.5900000000000001,0.138,25.0,10.72,20.33,31.05,25.18,24.05,382.0,0.233,79.0,20.68,22.0,5.76,0.6439999999999999,0.1249999999999999,23.66,10.98,19.19,30.17,27.91,19.75
747018,2024-06-29,2024,623993,L,641540,R,double,False,False,238.0,0.216,39.0,16.39,15.0,6.3,0.75,0.261,16.99,9.17,13.28,22.44,39.69,12.96,486.0,0.26,107.0,22.02,31.0,6.38,0.798,0.2229999999999999,22.13,11.37,14.84,26.21,37.22,15.21,124.0,0.231,30.0,24.19,17.0,13.71,0.855,0.269,29.36,12.97,14.47,27.44,22.92,18.07,342.0,0.27,61.0,17.84,33.0,9.65,0.782,0.1629999999999999,20.92,9.95,16.02,25.97,27.73,16.76
747018,2024-06-29,2024,677008,L,641540,R,intent_walk,False,True,29.0,0.24,8.0,27.59,3.0,10.34,0.745,0.16000000000000003,31.43,17.6,12.8,30.4,34.92,20.0,32.0,0.241,10.0,31.25,2.0,6.25,0.7729999999999999,0.242,36.84,17.36,19.01,36.36,35.94,29.41,124.0,0.231,30.0,24.19,17.0,13.71,0.855,0.269,29.36,12.97,14.47,27.44,22.92,18.07,342.0,0.27,61.0,17.84,33.0,9.65,0.782,0.1629999999999999,20.92,9.95,16.02,25.97,27.73,16.76
747018,2024-06-29,2024,676059,R,641540,R,strikeout,True,False,233.0,0.305,44.0,18.88,13.0,5.58,0.906,0.24000000000000005,26.79,13.78,14.7,28.47,31.03,15.69,146.0,0.246,33.0,22.6,8.0,5.48,0.6779999999999999,0.142,22.97,11.73,16.25,27.98,29.59,19.76,136.0,0.187,38.0,27.94,12.0,8.82,0.5900000000000001,0.138,25.0,10.72,20.33,31.05,25.18,24.05,382.0,0.233,79.0,20.68,22.0,5.76,0.6439999999999999,0.1249999999999999,23.66,10.98,19.19,30.17,27.91,19.75
747018,2024-06-29,2024,681297,L,641540,R,field_out,False,False,193.0,0.234,50.0,25.91,20.0,10.36,0.789,0.227,30.97,13.87,16.54,30.41,24.09,23.7,68.0,0.111,20.0,29.41,12.0,17.65,0.427,0.0369999999999999,26.67,10.98,17.07,28.05,21.51,17.7,124.0,0.231,30.0,24.19,17.0,13.71,0.855,0.269,29.36,12.97,14.47,27.44,22.92,18.07,342.0,0.27,61.0,17.84,33.0,9.65,0.782,0.1629999999999999,20.92,9.95,16.02,25.97,27.73,16.76
747018,2024-06-29,2024,669701,L,657097,R,field_out,False,False,208.0,0.283,33.0,15.87,19.0,9.13,0.8360000000000001,0.17300000000000004,19.16,9.05,17.72,26.77,24.49,12.69,200.0,0.194,46.0,23.0,19.0,9.5,0.623,0.13,20.71,8.96,19.58,28.54,22.65,15.97,55.0,0.083,16.0,29.09,7.0,12.73,0.304,0.02099999999999999,32.08,16.04,15.09,31.13,31.68,26.67,78.0,0.246,19.0,24.36,15.0,19.23,0.79,0.147,34.42,16.36,12.04,28.4,29.88,18.27
747018,2024-06-29,2024,666969,R,657097,R,home_run,False,False,220.0,0.214,59.0,26.82,15.0,6.82,0.6859999999999999,0.19899999999999998,35.78,18.24,12.2,30.43,33.68,26.58,480.0,0.245,138.0,28.75,41.0,8.54,0.8260000000000001,0.264,31.65,15.93,13.92,29.85,32.02,21.97,95.0,0.238,20.0,21.05,11.0,11.58,0.6950000000000001,0.131,26.37,12.87,14.75,27.61,26.14,17.24,154.0,0.178,38.0,24.68,15.0,9.74,0.6080000000000001,0.155,31.15,16.29,14.33,30.62,34.71,18.27
747018,2024-06-29,2024,694671,R,657097,R,field_out,False,False,179.0,0.251,32.0,17.88,11.0,6.15,0.631,0.07800000000000001,20.12,8.92,18.93,27.85,23.8,13.85,,,,,,,,,,,,,,,95.0,0.238,20.0,21.05,11.0,11.58,0.6950000000000001,0.131,26.37,12.87,14.75,27.61,26.14,17.24,154.0,0.178,38.0,24.68,15.0,9.74,0.6080000000000001,0.155,31.15,16.29,14.33,30.62,34.71,18.27
747018,2024-06-29,2024,543257,L,657097,R,walk,False,True,82.0,0.155,20.0,24.39,10.0,12.2,0.439,0.027999999999999997,19.71,7.52,19.78,27.3,16.0,19.42,283.0,0.206,66.0,23.32,34.0,12.01,0.633,0.123,20.58,8.17,20.25,28.42,17.66,20.62,55.0,0.083,16.0,29.09,7.0,12.73,0.304,0.02099999999999999,32.08,16.04,15.09,31.13,31.68,26.67,78.0,0.246,19.0,24.36,15.0,19.23,0.79,0.147,34.42,16.36,12.04,28.4,29.88,18.27
747018,2024-06-29,2024,663993,L,672335,L,single,False,False,77.0,0.273,20.0,25.97,10.0,12.99,0.712,0.07499999999999996,22.07,9.22,21.04,30.26,23.31,15.27,219.0,0.223,52.0,23.74,24.0,10.96,0.643,0.109,22.66,9.89,18.18,28.07,24.2,19.48,46.0,0.195,8.0,17.39,4.0,8.7,0.576,0.09799999999999998,19.51,9.25,13.29,22.54,28.74,16.0,109.0,0.213,24.0,22.02,13.0,11.93,0.602,0.0739999999999999,21.23,9.38,17.28,26.67,28.02,21.24
747018,2024-06-29,2024,641680,R,672335,L,field_out,False,False,75.0,0.246,10.0,13.33,5.0,6.67,0.6839999999999999,0.14500000000000002,16.33,9.56,11.16,20.72,29.82,14.29,90.0,0.329,13.0,14.44,7.0,7.78,0.866,0.1589999999999999,20.1,11.3,11.3,22.6,34.86,13.0,56.0,0.25,13.0,23.21,7.0,12.5,0.732,0.125,31.46,14.66,15.18,29.84,26.21,26.0,139.0,0.305,20.0,14.39,14.0,10.07,0.771,0.076,19.11,8.9,16.36,25.26,26.96,15.87
747018,2024-06-29,2024,656775,L,641540,R,field_out,False,False,192.0,0.243,43.0,22.4,12.0,6.25,0.734,0.203,18.38,9.7,13.84,23.54,29.29,20.67,336.0,0.233,77.0,22.92,31.0,9.23,0.726,0.1889999999999999,26.24,13.25,14.23,27.48,28.99,18.95,124.0,0.231,30.0,24.19,17.0,13.71,0.855,0.269,29.36,12.97,14.47,27.44,22.92,18.07,342.0,0.27,61.0,17.84,33.0,9.65,0.782,0.1629999999999999,20.92,9.95,16.02,25.97,27.73,16.76
747018,2024-06-29,2024,602104,R,641540,R,field_out,False,False,94.0,0.247,16.0,17.02,4.0,4.26,0.714,0.18,28.99,14.16,14.45,28.61,26.86,16.84,272.0,0.274,72.0,26.47,17.0,6.25,0.726,0.1169999999999999,29.67,14.82,16.24,31.07,27.7,24.41,136.0,0.187,38.0,27.94,12.0,8.82,0.5900000000000001,0.138,25.0,10.72,20.33,31.05,25.18,24.05,382.0,0.233,79.0,20.68,22.0,5.76,0.6439999999999999,0.1249999999999999,23.66,10.98,19.19,30.17,27.91,19.75
747018,2024-06-29,2024,683002,L,641540,R,single,False,False,256.0,0.296,53.0,20.7,26.0,10.16,1.012,0.341,23.5,10.75,14.91,25.66,22.6,20.54,455.0,0.272,117.0,25.71,38.0,8.35,0.885,0.277,25.57,12.07,15.7,27.78,26.4,22.35,124.0,0.231,30.0,24.19,17.0,13.71,0.855,0.269,29.36,12.97,14.47,27.44,22.92,18.07,342.0,0.27,61.0,17.84,33.0,9.65,0.782,0.1629999999999999,20.92,9.95,16.02,25.97,27.73,16.76
747018,2024-06-29,2024,668939,L,641540,R,walk,False,True,240.0,0.245,48.0,20.0,20.0,8.33,0.706,0.15300000000000002,20.61,9.55,19.72,29.27,32.24,16.05,496.0,0.267,80.0,16.13,61.0,12.3,0.778,0.1519999999999999,16.76,6.91,19.7,26.61,24.41,12.54,124.0,0.231,30.0,24.19,17.0,13.71,0.855,0.269,29.36,12.97,14.47,27.44,22.92,18.07,342.0,0.27,61.0,17.84,33.0,9.65,0.782,0.1629999999999999,20.92,9.95,16.02,25.97,27.73,16.76
747018,2024-06-29,2024,663624,R,502085,R,field_out,False,False,231.0,0.258,53.0,22.94,13.0,5.63,0.745,0.188,24.09,13.28,11.5,24.78,36.46,19.49,310.0,0.235,78.0,25.16,22.0,7.1,0.6399999999999999,0.1139999999999999,29.78,16.05,13.56,29.61,37.06,21.61,77.0,0.258,27.0,35.06,7.0,9.09,0.675,0.07500000000000001,32.48,12.26,23.87,36.13,23.18,29.35,139.0,0.216,42.0,30.22,11.0,7.91,0.6419999999999999,0.1359999999999999,33.2,15.06,18.51,33.58,26.3,26.42
747018,2024-06-29,2024,665750,L,518886,R,walk,False,True,203.0,0.23,38.0,18.72,16.0,7.88,0.6439999999999999,0.12299999999999997,24.1,12.37,14.47,26.84,32.2,16.81,405.0,0.275,86.0,21.23,25.0,6.17,0.767,0.174,24.9,12.5,15.05,27.55,29.44,18.34,56.0,0.14,25.0,44.64,5.0,8.93,0.498,0.14,28.57,12.71,22.88,35.59,24.75,30.86,116.0,0.184,38.0,32.76,14.0,12.07,0.608,0.122,35.96,16.91,15.67,32.58,30.67,23.6
747018,2024-06-29,2024,543760,R,518886,R,field_out,False,False,257.0,0.209,34.0,13.23,20.0,7.78,0.6080000000000001,0.12700000000000003,20.22,10.56,13.03,23.6,26.24,14.41,544.0,0.273,77.0,14.15,52.0,9.56,0.8360000000000001,0.2199999999999999,18.01,8.45,14.48,22.93,21.97,13.9,60.0,0.18,19.0,31.67,7.0,11.67,0.52,0.04000000000000001,31.73,12.79,17.83,30.62,20.15,30.65,162.0,0.179,56.0,34.57,14.0,8.64,0.614,0.18,31.13,14.35,18.32,32.67,27.59,25.81
747018,2024-06-29,2024,673995,R,518886,R,field_out,False,False,9.0,0.222,4.0,44.44,0.0,0.0,0.444,0.0,33.33,11.76,26.47,38.24,18.75,40.0,,,,,,,,,,,,,,,60.0,0.18,19.0,31.67,7.0,11.67,0.52,0.04000000000000001,31.73,12.79,17.83,30.62,20.15,30.65,162.0,0.179,56.0,34.57,14.0,8.64,0.614,0.18,31.13,14.35,18.32,32.67,27.59,25.81
747018,2024-06-29,2024,669701,L,518886,R,walk,False,True,208.0,0.283,33.0,15.87,19.0,9.13,0.8360000000000001,0.17300000000000004,19.16,9.05,17.72,26.77,24.49,12.69,200.0,0.194,46.0,23.0,19.0,9.5,0.623,0.13,20.71,8.96,19.58,28.54,22.65,15.97,56.0,0.14,25.0,44.64,5.0,8.93,0.498,0.14,28.57,12.71,22.88,35.59,24.75,30.86,116.0,0.184,38.0,32.76,14.0,12.07,0.608,0.122,35.96,16.91,15.67,32.58,30.67,23.6
747018,2024-06-29,2024,666969,R,518886,R,field_out,False,False,220.0,0.214,59.0,26.82,15.0,6.82,0.6859999999999999,0.19899999999999998,35.78,18.24,12.2,30.43,33.68,26.58,480.0,0.245,138.0,28.75,41.0,8.54,0.8260000000000001,0.264,31.65,15.93,13.92,29.85,32.02,21.97,60.0,0.18,19.0,31.67,7.0,11.67,0.52,0.04000000000000001,31.73,12.79,17.83,30.62,20.15,30.65,162.0,0.179,56.0,34.57,14.0,8.64,0.614,0.18,31.13,14.35,18.32,32.67,27.59,25.81
746778,2024-06-29,2024,453568,L,686563,R,field_out,False,False,197.0,0.247,31.0,15.74,15.0,7.61,0.7090000000000001,0.14600000000000002,19.51,9.64,17.0,26.64,35.5,14.35,309.0,0.272,48.0,15.53,26.0,8.41,0.7909999999999999,0.1689999999999999,21.84,10.67,16.05,26.72,30.66,16.11,68.0,0.415,14.0,20.59,3.0,4.41,1.21,0.35400000000000004,24.6,12.55,14.57,27.13,33.85,18.67,,,,,,,,,,,,,,
746778,2024-06-29,2024,686668,R,686563,R,field_out,False,False,247.0,0.265,69.0,27.94,19.0,7.69,0.735,0.14599999999999996,30.0,14.93,15.61,30.54,29.67,26.95,299.0,0.207,98.0,32.78,17.0,5.69,0.597,0.131,34.17,17.56,14.33,31.89,31.96,31.51,79.0,0.189,15.0,18.99,3.0,3.8,0.46399999999999997,0.05399999999999999,22.15,10.87,16.46,27.33,27.5,13.27,,,,,,,,,,,,,,
746778,2024-06-29,2024,678662,R,686563,R,field_out,False,False,257.0,0.283,68.0,26.46,6.0,2.33,0.771,0.18400000000000005,32.83,20.91,9.81,30.71,48.05,22.08,438.0,0.256,109.0,24.89,17.0,3.88,0.69,0.143,29.47,17.51,10.44,27.95,41.11,20.49,79.0,0.189,15.0,18.99,3.0,3.8,0.46399999999999997,0.05399999999999999,22.15,10.87,16.46,27.33,27.5,13.27,,,,,,,,,,,,,,
746778,2024-06-29,2024,502054,R,615698,R,strikeout,True,False,150.0,0.27,27.0,18.0,13.0,8.67,0.6910000000000001,0.08799999999999997,22.95,9.35,20.7,30.05,19.15,16.07,304.0,0.262,71.0,23.36,28.0,9.21,0.767,0.173,26.61,10.98,19.38,30.37,21.23,21.19,200.0,0.271,29.0,14.5,13.0,6.5,0.708,0.10499999999999998,18.93,9.42,16.18,25.6,26.35,12.83,233.0,0.284,18.0,7.73,4.0,1.72,0.721,0.124,14.21,7.03,15.91,22.93,28.68,8.11
746778,2024-06-29,2024,643217,L,615698,R,field_out,False,False,194.0,0.23,33.0,17.01,13.0,6.7,0.623,0.11300000000000002,18.6,8.89,16.81,25.69,25.66,16.26,486.0,0.261,67.0,13.79,42.0,8.64,0.67,0.082,19.05,9.13,14.74,23.87,26.13,13.62,179.0,0.222,35.0,19.55,21.0,11.73,0.6970000000000001,0.157,25.45,10.93,15.55,26.48,23.39,16.36,211.0,0.272,40.0,18.96,31.0,14.69,0.851,0.1999999999999999,23.57,10.52,13.62,24.14,24.9,14.34
746778,2024-06-29,2024,673357,R,615698,R,strikeout,True,False,91.0,0.198,31.0,34.07,5.0,5.49,0.742,0.302,32.66,16.97,15.4,32.38,35.2,23.13,477.0,0.252,132.0,27.67,25.0,5.24,0.8340000000000001,0.279,32.83,18.94,10.59,29.53,40.07,24.77,200.0,0.271,29.0,14.5,13.0,6.5,0.708,0.10499999999999998,18.93,9.42,16.18,25.6,26.35,12.83,233.0,0.284,18.0,7.73,4.0,1.72,0.721,0.124,14.21,7.03,15.91,22.93,28.68,8.11
746778,2024-06-29,2024,641857,L,686563,R,field_out,False,False,240.0,0.252,66.0,27.5,25.0,10.42,0.767,0.186,26.87,12.94,15.56,28.5,26.5,18.44,449.0,0.26,141.0,31.4,52.0,11.58,0.826,0.2209999999999999,31.26,14.84,14.94,29.79,25.26,20.41,68.0,0.415,14.0,20.59,3.0,4.41,1.21,0.35400000000000004,24.6,12.55,14.57,27.13,33.85,18.67,,,,,,,,,,,,,,
746778,2024-06-29,2024,663898,R,686563,R,home_run,False,False,194.0,0.257,47.0,24.23,10.0,5.15,0.633,0.08200000000000002,24.6,12.15,15.98,28.14,26.18,18.95,138.0,0.269,33.0,23.91,5.0,3.62,0.709,0.1389999999999999,27.31,13.83,17.45,31.28,33.92,25.0,79.0,0.189,15.0,18.99,3.0,3.8,0.46399999999999997,0.05399999999999999,22.15,10.87,16.46,27.33,27.5,13.27,,,,,,,,,,,,,,
746778,2024-06-29,2024,669911,L,686563,R,field_out,False,False,89.0,0.205,31.0,34.83,4.0,4.49,0.6930000000000001,0.24100000000000002,30.27,14.43,16.75,31.19,30.14,22.46,104.0,0.189,29.0,27.88,8.0,7.69,0.628,0.179,34.34,17.26,14.21,31.47,29.0,25.0,68.0,0.415,14.0,20.59,3.0,4.41,1.21,0.35400000000000004,24.6,12.55,14.57,27.13,33.85,18.67,,,,,,,,,,,,,,
746778,2024-06-29,2024,666134,L,686563,R,field_out,False,False,105.0,0.18,33.0,31.43,15.0,14.29,0.587,0.11199999999999999,32.8,12.73,21.92,34.66,23.24,19.19,294.0,0.289,92.0,31.29,41.0,13.95,0.945,0.261,33.58,14.12,18.56,32.68,25.97,22.72,68.0,0.415,14.0,20.59,3.0,4.41,1.21,0.35400000000000004,24.6,12.55,14.57,27.13,33.85,18.67,,,,,,,,,,,,,,
746778,2024-06-29,2024,657757,L,615698,R,field_out,False,False,239.0,0.252,39.0,16.32,30.0,12.55,0.77,0.16499999999999998,21.25,9.2,18.3,27.5,28.68,12.38,324.0,0.212,58.0,17.9,28.0,8.64,0.63,0.1369999999999999,20.44,9.67,14.66,24.33,29.35,14.25,179.0,0.222,35.0,19.55,21.0,11.73,0.6970000000000001,0.157,25.45,10.93,15.55,26.48,23.39,16.36,211.0,0.272,40.0,18.96,31.0,14.69,0.851,0.1999999999999999,23.57,10.52,13.62,24.14,24.9,14.34
746778,2024-06-29,2024,683734,R,615698,R,single,False,False,245.0,0.228,59.0,24.08,16.0,6.53,0.661,0.143,22.35,10.74,17.23,27.98,30.53,20.21,474.0,0.267,109.0,23.0,29.0,6.12,0.774,0.18,26.24,11.95,18.94,30.89,30.92,21.51,200.0,0.271,29.0,14.5,13.0,6.5,0.708,0.10499999999999998,18.93,9.42,16.18,25.6,26.35,12.83,233.0,0.284,18.0,7.73,4.0,1.72,0.721,0.124,14.21,7.03,15.91,22.93,28.68,8.11
746778,2024-06-29,2024,657557,R,615698,R,field_out,False,False,206.0,0.266,62.0,30.1,6.0,2.91,0.8009999999999999,0.22399999999999998,31.33,18.26,10.1,28.37,33.98,24.22,281.0,0.203,86.0,30.6,12.0,4.27,0.603,0.1539999999999999,36.49,19.09,15.38,34.47,35.28,34.68,200.0,0.271,29.0,14.5,13.0,6.5,0.708,0.10499999999999998,18.93,9.42,16.18,25.6,26.35,12.83,233.0,0.284,18.0,7.73,4.0,1.72,0.721,0.124,14.21,7.03,15.91,22.93,28.68,8.11
746778,2024-06-29,2024,670032,L,615698,R,strikeout,True,False,208.0,0.245,32.0,15.38,15.0,7.21,0.586,0.03699999999999998,18.18,8.99,15.8,24.8,27.79,16.24,212.0,0.228,33.0,15.57,24.0,11.32,0.647,0.089,22.47,10.7,16.47,27.16,26.6,14.22,179.0,0.222,35.0,19.55,21.0,11.73,0.6970000000000001,0.157,25.45,10.93,15.55,26.48,23.39,16.36,211.0,0.272,40.0,18.96,31.0,14.69,0.851,0.1999999999999999,23.57,10.52,13.62,24.14,24.9,14.34
746778,2024-06-29,2024,607732,R,686563,R,field_out,False,False,95.0,0.253,16.0,16.84,8.0,8.42,0.677,0.08400000000000002,25.0,10.99,17.86,28.85,20.11,16.0,225.0,0.186,56.0,24.89,24.0,10.67,0.547,0.082,22.79,8.98,20.99,29.97,22.2,22.95,79.0,0.189,15.0,18.99,3.0,3.8,0.46399999999999997,0.05399999999999999,22.15,10.87,16.46,27.33,27.5,13.27,,,,,,,,,,,,,,
746778,2024-06-29,2024,595909,L,686563,R,field_out,False,False,134.0,0.267,35.0,26.12,12.0,8.96,0.6859999999999999,0.09099999999999997,25.27,13.05,14.52,27.57,32.34,18.72,171.0,0.226,44.0,25.73,12.0,7.02,0.663,0.155,26.67,12.9,15.25,28.15,29.13,19.91,68.0,0.415,14.0,20.59,3.0,4.41,1.21,0.35400000000000004,24.6,12.55,14.57,27.13,33.85,18.67,,,,,,,,,,,,,,
746778,2024-06-29,2024,453568,L,686563,R,strikeout,True,False,197.0,0.247,31.0,15.74,15.0,7.61,0.7090000000000001,0.14600000000000002,19.51,9.64,17.0,26.64,35.5,14.35,309.0,0.272,48.0,15.53,26.0,8.41,0.7909999999999999,0.1689999999999999,21.84,10.67,16.05,26.72,30.66,16.11,68.0,0.415,14.0,20.59,3.0,4.41,1.21,0.35400000000000004,24.6,12.55,14.57,27.13,33.85,18.67,,,,,,,,,,,,,,
746778,2024-06-29,2024,686676,R,615698,R,strikeout,True,False,155.0,0.218,47.0,30.32,7.0,4.52,0.614,0.143,40.62,23.57,9.82,33.39,34.48,25.84,47.0,0.116,12.0,25.53,4.0,8.51,0.4,0.0929999999999999,33.71,18.07,13.25,31.33,34.15,23.53,200.0,0.271,29.0,14.5,13.0,6.5,0.708,0.10499999999999998,18.93,9.42,16.18,25.6,26.35,12.83,233.0,0.284,18.0,7.73,4.0,1.72,0.721,0.124,14.21,7.03,15.91,22.93,28.68,8.11
746778,2024-06-29,2024,672820,R,615698,R,single,False,False,89.0,0.176,25.0,28.09,2.0,2.25,0.417,0.036000000000000004,26.54,13.44,20.62,34.06,38.26,27.17,123.0,0.178,30.0,24.39,2.0,1.63,0.504,0.136,24.69,13.05,16.81,29.87,39.56,22.39,200.0,0.271,29.0,14.5,13.0,6.5,0.708,0.10499999999999998,18.93,9.42,16.18,25.6,26.35,12.83,233.0,0.284,18.0,7.73,4.0,1.72,0.721,0.124,14.21,7.03,15.91,22.93,28.68,8.11
746778,2024-06-29,2024,502054,R,615698,R,field_out,False,False,150.0,0.27,27.0,18.0,13.0,8.67,0.6910000000000001,0.08799999999999997,22.95,9.35,20.7,30.05,19.15,16.07,304.0,0.262,71.0,23.36,28.0,9.21,0.767,0.173,26.61,10.98,19.38,30.37,21.23,21.19,200.0,0.271,29.0,14.5,13.0,6.5,0.708,0.10499999999999998,18.93,9.42,16.18,25.6,26.35,12.83,233.0,0.284,18.0,7.73,4.0,1.72,0.721,0.124,14.21,7.03,15.91,22.93,28.68,8.11
746778,2024-06-29,2024,643217,L,615698,R,field_out,False,False,194.0,0.23,33.0,17.01,13.0,6.7,0.623,0.11300000000000002,18.6,8.89,16.81,25.69,25.66,16.26,486.0,0.261,67.0,13.79,42.0,8.64,0.67,0.082,19.05,9.13,14.74,23.87,26.13,13.62,179.0,0.222,35.0,19.55,21.0,11.73,0.6970000000000001,0.157,25.45,10.93,15.55,26.48,23.39,16.36,211.0,0.272,40.0,18.96,31.0,14.69,0.851,0.1999999999999999,23.57,10.52,13.62,24.14,24.9,14.34
746778,2024-06-29,2024,686668,R,686563,R,field_out,False,False,247.0,0.265,69.0,27.94,19.0,7.69,0.735,0.14599999999999996,30.0,14.93,15.61,30.54,29.67,26.95,299.0,0.207,98.0,32.78,17.0,5.69,0.597,0.131,34.17,17.56,14.33,31.89,31.96,31.51,79.0,0.189,15.0,18.99,3.0,3.8,0.46399999999999997,0.05399999999999999,22.15,10.87,16.46,27.33,27.5,13.27,,,,,,,,,,,,,,
746778,2024-06-29,2024,678662,R,686563,R,field_out,False,False,257.0,0.283,68.0,26.46,6.0,2.33,0.771,0.18400000000000005,32.83,20.91,9.81,30.71,48.05,22.08,438.0,0.256,109.0,24.89,17.0,3.88,0.69,0.143,29.47,17.51,10.44,27.95,41.11,20.49,79.0,0.189,15.0,18.99,3.0,3.8,0.46399999999999997,0.05399999999999999,22.15,10.87,16.46,27.33,27.5,13.27,,,,,,,,,,,,,,
746778,2024-06-29,2024,641857,L,686563,R,field_out,False,False,240.0,0.252,66.0,27.5,25.0,10.42,0.767,0.186,26.87,12.94,15.56,28.5,26.5,18.44,449.0,0.26,141.0,31.4,52.0,11.58,0.826,0.2209999999999999,31.26,14.84,14.94,29.79,25.26,20.41,68.0,0.415,14.0,20.59,3.0,4.41,1.21,0.35400000000000004,24.6,12.55,14.57,27.13,33.85,18.67,,,,,,,,,,,,,,
746778,2024-06-29,2024,673357,R,615698,R,strikeout,True,False,91.0,0.198,31.0,34.07,5.0,5.49,0.742,0.302,32.66,16.97,15.4,32.38,35.2,23.13,477.0,0.252,132.0,27.67,25.0,5.24,0.8340000000000001,0.279,32.83,18.94,10.59,29.53,40.07,24.77,200.0,0.271,29.0,14.5,13.0,6.5,0.708,0.10499999999999998,18.93,9.42,16.18,25.6,26.35,12.83,233.0,0.284,18.0,7.73,4.0,1.72,0.721,0.124,14.21,7.03,15.91,22.93,28.68,8.11
746778,2024-06-29,2024,657757,L,615698,R,strikeout,True,False,239.0,0.252,39.0,16.32,30.0,12.55,0.77,0.16499999999999998,21.25,9.2,18.3,27.5,28.68,12.38,324.0,0.212,58.0,17.9,28.0,8.64,0.63,0.1369999999999999,20.44,9.67,14.66,24.33,29.35,14.25,179.0,0.222,35.0,19.55,21.0,11.73,0.6970000000000001,0.157,25.45,10.93,15.55,26.48,23.39,16.36,211.0,0.272,40.0,18.96,31.0,14.69,0.851,0.1999999999999999,23.57,10.52,13.62,24.14,24.9,14.34
746778,2024-06-29,2024,683734,R,615698,R,field_out,False,False,245.0,0.228,59.0,24.08,16.0,6.53,0.661,0.143,22.35,10.74,17.23,27.98,30.53,20.21,474.0,0.267,109.0,23.0,29.0,6.12,0.774,0.18,26.24,11.95,18.94,30.89,30.92,21.51,200.0,0.271,29.0,14.5,13.0,6.5,0.708,0.10499999999999998,18.93,9.42,16.18,25.6,26.35,12.83,233.0,0.284,18.0,7.73,4.0,1.72,0.721,0.124,14.21,7.03,15.91,22.93,28.68,8.11
746778,2024-06-29,2024,663898,R,686563,R,walk,False,True,194.0,0.257,47.0,24.23,10.0,5.15,0.633,0.08200000000000002,24.6,12.15,15.98,28.14,26.18,18.95,138.0,0.269,33.0,23.91,5.0,3.62,0.709,0.1389999999999999,27.31,13.83,17.45,31.28,33.92,25.0,79.0,0.189,15.0,18.99,3.0,3.8,0.46399999999999997,0.05399999999999999,22.15,10.87,16.46,27.33,27.5,13.27,,,,,,,,,,,,,,
746778,2024-06-29,2024,669911,L,686563,R,field_out,False,False,89.0,0.205,31.0,34.83,4.0,4.49,0.6930000000000001,0.24100000000000002,30.27,14.43,16.75,31.19,30.14,22.46,104.0,0.189,29.0,27.88,8.0,7.69,0.628,0.179,34.34,17.26,14.21,31.47,29.0,25.0,68.0,0.415,14.0,20.59,3.0,4.41,1.21,0.35400000000000004,24.6,12.55,14.57,27.13,33.85,18.67,,,,,,,,,,,,,,
746778,2024-06-29,2024,666134,L,686563,R,home_run,False,False,105.0,0.18,33.0,31.43,15.0,14.29,0.587,0.11199999999999999,32.8,12.73,21.92,34.66,23.24,19.19,294.0,0.289,92.0,31.29,41.0,13.95,0.945,0.261,33.58,14.12,18.56,32.68,25.97,22.72,68.0,0.415,14.0,20.59,3.0,4.41,1.21,0.35400000000000004,24.6,12.55,14.57,27.13,33.85,18.67,,,,,,,,,,,,,,
746778,2024-06-29,2024,607732,R,686563,R,strikeout,True,False,95.0,0.253,16.0,16.84,8.0,8.42,0.677,0.08400000000000002,25.0,10.99,17.86,28.85,20.11,16.0,225.0,0.186,56.0,24.89,24.0,10.67,0.547,0.082,22.79,8.98,20.99,29.97,22.2,22.95,79.0,0.189,15.0,18.99,3.0,3.8,0.46399999999999997,0.05399999999999999,22.15,10.87,16.46,27.33,27.5,13.27,,,,,,,,,,,,,,
746778,2024-06-29,2024,595909,L,686563,R,field_out,False,False,134.0,0.267,35.0,26.12,12.0,8.96,0.6859999999999999,0.09099999999999997,25.27,13.05,14.52,27.57,32.34,18.72,171.0,0.226,44.0,25.73,12.0,7.02,0.663,0.155,26.67,12.9,15.25,28.15,29.13,19.91,68.0,0.415,14.0,20.59,3.0,4.41,1.21,0.35400000000000004,24.6,12.55,14.57,27.13,33.85,18.67,,,,,,,,,,,,,,
746778,2024-06-29,2024,657557,R,615698,R,strikeout,True,False,206.0,0.266,62.0,30.1,6.0,2.91,0.8009999999999999,0.22399999999999998,31.33,18.26,10.1,28.37,33.98,24.22,281.0,0.203,86.0,30.6,12.0,4.27,0.603,0.1539999999999999,36.49,19.09,15.38,34.47,35.28,34.68,200.0,0.271,29.0,14.5,13.0,6.5,0.708,0.10499999999999998,18.93,9.42,16.18,25.6,26.35,12.83,233.0,0.284,18.0,7.73,4.0,1.72,0.721,0.124,14.21,7.03,15.91,22.93,28.68,8.11
746778,2024-06-29,2024,670032,L,615698,R,double,False,False,208.0,0.245,32.0,15.38,15.0,7.21,0.586,0.03699999999999998,18.18,8.99,15.8,24.8,27.79,16.24,212.0,0.228,33.0,15.57,24.0,11.32,0.647,0.089,22.47,10.7,16.47,27.16,26.6,14.22,179.0,0.222,35.0,19.55,21.0,11.73,0.6970000000000001,0.157,25.45,10.93,15.55,26.48,23.39,16.36,211.0,0.272,40.0,18.96,31.0,14.69,0.851,0.1999999999999999,23.57,10.52,13.62,24.14,24.9,14.34
746778,2024-06-29,2024,686676,R,615698,R,field_out,False,False,155.0,0.218,47.0,30.32,7.0,4.52,0.614,0.143,40.62,23.57,9.82,33.39,34.48,25.84,47.0,0.116,12.0,25.53,4.0,8.51,0.4,0.0929999999999999,33.71,18.07,13.25,31.33,34.15,23.53,200.0,0.271,29.0,14.5,13.0,6.5,0.708,0.10499999999999998,18.93,9.42,16.18,25.6,26.35,12.83,233.0,0.284,18.0,7.73,4.0,1.72,0.721,0.124,14.21,7.03,15.91,22.93,28.68,8.11
746778,2024-06-29,2024,672820,R,615698,R,home_run,False,False,89.0,0.176,25.0,28.09,2.0,2.25,0.417,0.036000000000000004,26.54,13.44,20.62,34.06,38.26,27.17,123.0,0.178,30.0,24.39,2.0,1.63,0.504,0.136,24.69,13.05,16.81,29.87,39.56,22.39,200.0,0.271,29.0,14.5,13.0,6.5,0.708,0.10499999999999998,18.93,9.42,16.18,25.6,26.35,12.83,233.0,0.284,18.0,7.73,4.0,1.72,0.721,0.124,14.21,7.03,15.91,22.93,28.68,8.11
746778,2024-06-29,2024,502054,R,615698,R,double,False,False,150.0,0.27,27.0,18.0,13.0,8.67,0.6910000000000001,0.08799999999999997,22.95,9.35,20.7,30.05,19.15,16.07,304.0,0.262,71.0,23.36,28.0,9.21,0.767,0.173,26.61,10.98,19.38,30.37,21.23,21.19,200.0,0.271,29.0,14.5,13.0,6.5,0.708,0.10499999999999998,18.93,9.42,16.18,25.6,26.35,12.83,233.0,0.284,18.0,7.73,4.0,1.72,0.721,0.124,14.21,7.03,15.91,22.93,28.68,8.11
746778,2024-06-29,2024,643217,L,615698,R,field_out,False,False,194.0,0.23,33.0,17.01,13.0,6.7,0.623,0.11300000000000002,18.6,8.89,16.81,25.69,25.66,16.26,486.0,0.261,67.0,13.79,42.0,8.64,0.67,0.082,19.05,9.13,14.74,23.87,26.13,13.62,179.0,0.222,35.0,19.55,21.0,11.73,0.6970000000000001,0.157,25.45,10.93,15.55,26.48,23.39,16.36,211.0,0.272,40.0,18.96,31.0,14.69,0.851,0.1999999999999999,23.57,10.52,13.62,24.14,24.9,14.34
746778,2024-06-29,2024,453568,L,686563,R,strikeout,True,False,197.0,0.247,31.0,15.74,15.0,7.61,0.7090000000000001,0.14600000000000002,19.51,9.64,17.0,26.64,35.5,14.35,309.0,0.272,48.0,15.53,26.0,8.41,0.7909999999999999,0.1689999999999999,21.84,10.67,16.05,26.72,30.66,16.11,68.0,0.415,14.0,20.59,3.0,4.41,1.21,0.35400000000000004,24.6,12.55,14.57,27.13,33.85,18.67,,,,,,,,,,,,,,
746778,2024-06-29,2024,686668,R,686563,R,field_out,False,False,247.0,0.265,69.0,27.94,19.0,7.69,0.735,0.14599999999999996,30.0,14.93,15.61,30.54,29.67,26.95,299.0,0.207,98.0,32.78,17.0,5.69,0.597,0.131,34.17,17.56,14.33,31.89,31.96,31.51,79.0,0.189,15.0,18.99,3.0,3.8,0.46399999999999997,0.05399999999999999,22.15,10.87,16.46,27.33,27.5,13.27,,,,,,,,,,,,,,
746778,2024-06-29,2024,678662,R,686563,R,single,False,False,257.0,0.283,68.0,26.46,6.0,2.33,0.771,0.18400000000000005,32.83,20.91,9.81,30.71,48.05,22.08,438.0,0.256,109.0,24.89,17.0,3.88,0.69,0.143,29.47,17.51,10.44,27.95,41.11,20.49,79.0,0.189,15.0,18.99,3.0,3.8,0.46399999999999997,0.05399999999999999,22.15,10.87,16.46,27.33,27.5,13.27,,,,,,,,,,,,,,
746778,2024-06-29,2024,641857,L,621383,L,field_out,False,False,102.0,0.326,30.0,29.41,11.0,10.78,0.9570000000000001,0.22500000000000003,28.14,12.93,16.4,29.33,25.59,22.56,178.0,0.191,57.0,32.02,16.0,8.99,0.573,0.118,35.23,16.38,16.64,33.03,25.79,24.15,66.0,0.224,18.0,27.27,5.0,7.58,0.587,0.086,28.7,13.69,15.35,29.05,26.23,29.51,93.0,0.205,23.0,24.73,6.0,6.45,0.609,0.132,29.59,13.85,17.73,31.58,25.86,19.33
746778,2024-06-29,2024,673357,R,615698,R,home_run,False,False,91.0,0.198,31.0,34.07,5.0,5.49,0.742,0.302,32.66,16.97,15.4,32.38,35.2,23.13,477.0,0.252,132.0,27.67,25.0,5.24,0.8340000000000001,0.279,32.83,18.94,10.59,29.53,40.07,24.77,200.0,0.271,29.0,14.5,13.0,6.5,0.708,0.10499999999999998,18.93,9.42,16.18,25.6,26.35,12.83,233.0,0.284,18.0,7.73,4.0,1.72,0.721,0.124,14.21,7.03,15.91,22.93,28.68,8.11
746778,2024-06-29,2024,657757,L,615698,R,strikeout,True,False,239.0,0.252,39.0,16.32,30.0,12.55,0.77,0.16499999999999998,21.25,9.2,18.3,27.5,28.68,12.38,324.0,0.212,58.0,17.9,28.0,8.64,0.63,0.1369999999999999,20.44,9.67,14.66,24.33,29.35,14.25,179.0,0.222,35.0,19.55,21.0,11.73,0.6970000000000001,0.157,25.45,10.93,15.55,26.48,23.39,16.36,211.0,0.272,40.0,18.96,31.0,14.69,0.851,0.1999999999999999,23.57,10.52,13.62,24.14,24.9,14.34
746778,2024-06-29,2024,683734,R,615698,R,hit_by_pitch,False,False,245.0,0.228,59.0,24.08,16.0,6.53,0.661,0.143,22.35,10.74,17.23,27.98,30.53,20.21,474.0,0.267,109.0,23.0,29.0,6.12,0.774,0.18,26.24,11.95,18.94,30.89,30.92,21.51,200.0,0.271,29.0,14.5,13.0,6.5,0.708,0.10499999999999998,18.93,9.42,16.18,25.6,26.35,12.83,233.0,0.284,18.0,7.73,4.0,1.72,0.721,0.124,14.21,7.03,15.91,22.93,28.68,8.11
746778,2024-06-29,2024,657557,R,615698,R,home_run,False,False,206.0,0.266,62.0,30.1,6.0,2.91,0.8009999999999999,0.22399999999999998,31.33,18.26,10.1,28.37,33.98,24.22,281.0,0.203,86.0,30.6,12.0,4.27,0.603,0.1539999999999999,36.49,19.09,15.38,34.47,35.28,34.68,200.0,0.271,29.0,14.5,13.0,6.5,0.708,0.10499999999999998,18.93,9.42,16.18,25.6,26.35,12.83,233.0,0.284,18.0,7.73,4.0,1.72,0.721,0.124,14.21,7.03,15.91,22.93,28.68,8.11
746778,2024-06-29,2024,670032,L,683232,R,field_out,False,False,208.0,0.245,32.0,15.38,15.0,7.21,0.586,0.03699999999999998,18.18,8.99,15.8,24.8,27.79,16.24,212.0,0.228,33.0,15.57,24.0,11.32,0.647,0.089,22.47,10.7,16.47,27.16,26.6,14.22,81.0,0.301,23.0,28.4,7.0,8.64,0.728,0.069,23.84,11.58,18.65,30.23,29.77,22.77,44.0,0.158,10.0,22.73,5.0,11.36,0.457,0.0259999999999999,20.83,8.52,20.45,28.98,26.37,18.52
746778,2024-06-29,2024,686676,R,683232,R,strikeout,True,False,155.0,0.218,47.0,30.32,7.0,4.52,0.614,0.143,40.62,23.57,9.82,33.39,34.48,25.84,47.0,0.116,12.0,25.53,4.0,8.51,0.4,0.0929999999999999,33.71,18.07,13.25,31.33,34.15,23.53,84.0,0.274,22.0,26.19,11.0,13.1,0.794,0.15099999999999997,28.29,12.54,17.49,30.03,27.13,25.0,43.0,0.235,11.0,25.58,9.0,20.93,0.866,0.236,25.32,10.7,16.58,27.27,23.3,20.0
746778,2024-06-29,2024,663898,R,621383,L,single,False,False,56.0,0.333,9.0,16.07,2.0,3.57,0.9309999999999999,0.24099999999999994,23.85,12.04,13.89,25.93,29.2,14.29,56.0,0.229,8.0,14.29,6.0,10.71,0.672,0.104,20.62,8.85,17.7,26.55,22.12,11.94,92.0,0.302,24.0,26.09,3.0,3.26,0.8260000000000001,0.198,23.7,11.61,16.43,28.05,27.01,20.87,163.0,0.282,28.0,17.18,10.0,6.13,0.881,0.268,22.22,10.14,16.28,26.42,20.83,15.91
746778,2024-06-29,2024,669911,R,621383,L,grounded_into_double_play,False,False,40.0,0.162,14.0,35.0,3.0,7.5,0.711,0.32399999999999995,21.33,9.88,19.75,29.63,22.89,25.0,48.0,0.109,21.0,43.75,2.0,4.17,0.255,0.0,48.35,23.53,13.9,37.43,32.11,36.21,92.0,0.302,24.0,26.09,3.0,3.26,0.8260000000000001,0.198,23.7,11.61,16.43,28.05,27.01,20.87,163.0,0.282,28.0,17.18,10.0,6.13,0.881,0.268,22.22,10.14,16.28,26.42,20.83,15.91
746778,2024-06-29,2024,666134,L,621383,L,strikeout,True,False,43.0,0.211,16.0,37.21,5.0,11.63,0.618,0.10500000000000001,26.15,9.19,28.65,37.84,21.95,28.07,130.0,0.314,34.0,26.15,12.0,9.23,0.902,0.211,27.7,10.95,22.63,33.58,26.4,21.79,66.0,0.224,18.0,27.27,5.0,7.58,0.587,0.086,28.7,13.69,15.35,29.05,26.23,29.51,93.0,0.205,23.0,24.73,6.0,6.45,0.609,0.132,29.59,13.85,17.73,31.58,25.86,19.33
746778,2024-06-29,2024,672820,R,683232,R,field_out,False,False,89.0,0.176,25.0,28.09,2.0,2.25,0.417,0.036000000000000004,26.54,13.44,20.62,34.06,38.26,27.17,123.0,0.178,30.0,24.39,2.0,1.63,0.504,0.136,24.69,13.05,16.81,29.87,39.56,22.39,84.0,0.274,22.0,26.19,11.0,13.1,0.794,0.15099999999999997,28.29,12.54,17.49,30.03,27.13,25.0,43.0,0.235,11.0,25.58,9.0,20.93,0.866,0.236,25.32,10.7,16.58,27.27,23.3,20.0
746778,2024-06-29,2024,502054,R,683232,R,field_out,False,False,150.0,0.27,27.0,18.0,13.0,8.67,0.6910000000000001,0.08799999999999997,22.95,9.35,20.7,30.05,19.15,16.07,304.0,0.262,71.0,23.36,28.0,9.21,0.767,0.173,26.61,10.98,19.38,30.37,21.23,21.19,84.0,0.274,22.0,26.19,11.0,13.1,0.794,0.15099999999999997,28.29,12.54,17.49,30.03,27.13,25.0,43.0,0.235,11.0,25.58,9.0,20.93,0.866,0.236,25.32,10.7,16.58,27.27,23.3,20.0
746778,2024-06-29,2024,643217,L,683232,R,field_out,False,False,194.0,0.23,33.0,17.01,13.0,6.7,0.623,0.11300000000000002,18.6,8.89,16.81,25.69,25.66,16.26,486.0,0.261,67.0,13.79,42.0,8.64,0.67,0.082,19.05,9.13,14.74,23.87,26.13,13.62,81.0,0.301,23.0,28.4,7.0,8.64,0.728,0.069,23.84,11.58,18.65,30.23,29.77,22.77,44.0,0.158,10.0,22.73,5.0,11.36,0.457,0.0259999999999999,20.83,8.52,20.45,28.98,26.37,18.52
746778,2024-06-29,2024,607732,R,621383,L,walk,False,True,45.0,0.333,14.0,31.11,5.0,11.11,1.0670000000000002,0.334,40.0,18.52,19.14,37.65,30.49,37.84,52.0,0.213,11.0,21.15,3.0,5.77,0.637,0.149,23.08,10.71,20.41,31.12,23.46,19.3,92.0,0.302,24.0,26.09,3.0,3.26,0.8260000000000001,0.198,23.7,11.61,16.43,28.05,27.01,20.87,163.0,0.282,28.0,17.18,10.0,6.13,0.881,0.268,22.22,10.14,16.28,26.42,20.83,15.91
746778,2024-06-29,2024,696100,R,621051,R,strikeout,True,False,73.0,0.174,22.0,30.14,3.0,4.11,0.552,0.15900000000000003,34.39,20.07,11.15,31.23,36.84,27.5,64.0,0.193,18.0,28.12,5.0,7.81,0.583,0.14,38.6,18.26,16.18,34.44,35.56,28.57,55.0,0.271,12.0,21.82,4.0,7.27,0.889,0.29100000000000004,23.71,11.56,16.08,27.64,26.67,23.53,129.0,0.184,36.0,27.91,13.0,10.08,0.63,0.1669999999999999,28.24,12.88,16.99,29.87,25.45,19.67
746778,2024-06-29,2024,453568,L,621051,R,field_out,False,False,197.0,0.247,31.0,15.74,15.0,7.61,0.7090000000000001,0.14600000000000002,19.51,9.64,17.0,26.64,35.5,14.35,309.0,0.272,48.0,15.53,26.0,8.41,0.7909999999999999,0.1689999999999999,21.84,10.67,16.05,26.72,30.66,16.11,47.0,0.121,8.0,17.02,11.0,23.4,0.553,0.091,24.44,10.73,12.68,23.41,21.57,12.12,90.0,0.187,21.0,23.33,14.0,15.56,0.6819999999999999,0.173,24.38,10.18,15.67,25.85,18.0,18.58
746778,2024-06-29,2024,686668,R,621051,R,strikeout,True,False,247.0,0.265,69.0,27.94,19.0,7.69,0.735,0.14599999999999996,30.0,14.93,15.61,30.54,29.67,26.95,299.0,0.207,98.0,32.78,17.0,5.69,0.597,0.131,34.17,17.56,14.33,31.89,31.96,31.51,55.0,0.271,12.0,21.82,4.0,7.27,0.889,0.29100000000000004,23.71,11.56,16.08,27.64,26.67,23.53,129.0,0.184,36.0,27.91,13.0,10.08,0.63,0.1669999999999999,28.24,12.88,16.99,29.87,25.45,19.67
746778,2024-06-29,2024,673357,R,656222,L,walk,False,True,27.0,0.238,8.0,29.63,6.0,22.22,0.836,0.191,37.21,14.81,16.67,31.48,27.42,30.77,119.0,0.312,40.0,33.61,5.0,4.2,0.951,0.2749999999999999,35.71,20.75,11.2,31.95,42.19,22.1,111.0,0.242,18.0,16.22,10.0,9.01,0.6930000000000001,0.14200000000000002,20.79,9.77,13.49,23.26,23.15,16.22,130.0,0.243,27.0,20.77,12.0,9.23,0.7090000000000001,0.148,29.39,14.08,15.55,29.62,28.21,22.31
746778,2024-06-29,2024,650391,R,656222,L,single,False,False,37.0,0.2,6.0,16.22,2.0,5.41,0.472,0.028999999999999998,28.12,14.75,12.3,27.05,40.28,20.0,98.0,0.267,15.0,15.31,6.0,6.12,0.738,0.1549999999999999,26.32,12.78,15.06,27.84,36.63,16.85,111.0,0.242,18.0,16.22,10.0,9.01,0.6930000000000001,0.14200000000000002,20.79,9.77,13.49,23.26,23.15,16.22,130.0,0.243,27.0,20.77,12.0,9.23,0.7090000000000001,0.148,29.39,14.08,15.55,29.62,28.21,22.31
746778,2024-06-29,2024,683734,R,656222,L,single,False,False,70.0,0.265,12.0,17.14,2.0,2.86,0.698,0.14699999999999996,23.19,12.26,14.18,26.44,37.23,17.14,142.0,0.227,20.0,14.08,7.0,4.93,0.641,0.144,18.15,9.74,13.42,23.16,34.55,11.83,111.0,0.242,18.0,16.22,10.0,9.01,0.6930000000000001,0.14200000000000002,20.79,9.77,13.49,23.26,23.15,16.22,130.0,0.243,27.0,20.77,12.0,9.23,0.7090000000000001,0.148,29.39,14.08,15.55,29.62,28.21,22.31
746778,2024-06-29,2024,657557,R,656222,L,single,False,False,70.0,0.154,26.0,37.14,3.0,4.29,0.523,0.169,40.37,24.07,9.26,33.33,34.33,30.23,119.0,0.217,35.0,29.41,9.0,7.56,0.635,0.1319999999999999,33.2,18.24,12.75,30.99,37.18,23.03,111.0,0.242,18.0,16.22,10.0,9.01,0.6930000000000001,0.14200000000000002,20.79,9.77,13.49,23.26,23.15,16.22,130.0,0.243,27.0,20.77,12.0,9.23,0.7090000000000001,0.148,29.39,14.08,15.55,29.62,28.21,22.31
746778,2024-06-29,2024,670032,L,656222,L,sac_bunt,False,False,37.0,0.257,5.0,13.51,0.0,0.0,0.535,0.0,17.57,10.57,14.63,25.2,45.61,13.89,50.0,0.244,7.0,14.0,2.0,4.0,0.573,0.023,20.21,9.79,16.49,26.29,26.97,12.28,49.0,0.167,12.0,24.49,6.0,12.24,0.524,0.07099999999999998,29.17,13.33,11.9,25.24,22.95,23.08,62.0,0.269,20.0,32.26,9.0,14.52,0.736,0.0959999999999999,34.23,14.84,15.62,30.47,25.0,25.0
746778,2024-06-29,2024,686676,R,666207,R,home_run,False,False,155.0,0.218,47.0,30.32,7.0,4.52,0.614,0.143,40.62,23.57,9.82,33.39,34.48,25.84,47.0,0.116,12.0,25.53,4.0,8.51,0.4,0.0929999999999999,33.71,18.07,13.25,31.33,34.15,23.53,,,,,,,,,,,,,,,5.0,0.5,0.0,0.0,3.0,60.0,1.8,0.5,0.0,0.0,10.0,10.0,0.0,0.0
746778,2024-06-29,2024,672820,R,666207,R,walk,False,True,89.0,0.176,25.0,28.09,2.0,2.25,0.417,0.036000000000000004,26.54,13.44,20.62,34.06,38.26,27.17,123.0,0.178,30.0,24.39,2.0,1.63,0.504,0.136,24.69,13.05,16.81,29.87,39.56,22.39,,,,,,,,,,,,,,,5.0,0.5,0.0,0.0,3.0,60.0,1.8,0.5,0.0,0.0,10.0,10.0,0.0,0.0
746778,2024-06-29,2024,502054,R,666207,R,single,False,False,150.0,0.27,27.0,18.0,13.0,8.67,0.6910000000000001,0.08799999999999997,22.95,9.35,20.7,30.05,19.15,16.07,304.0,0.262,71.0,23.36,28.0,9.21,0.767,0.173,26.61,10.98,19.38,30.37,21.23,21.19,,,,,,,,,,,,,,,5.0,0.5,0.0,0.0,3.0,60.0,1.8,0.5,0.0,0.0,10.0,10.0,0.0,0.0
746778,2024-06-29,2024,643217,L,666207,R,field_out,False,False,194.0,0.23,33.0,17.01,13.0,6.7,0.623,0.11300000000000002,18.6,8.89,16.81,25.69,25.66,16.26,486.0,0.261,67.0,13.79,42.0,8.64,0.67,0.082,19.05,9.13,14.74,23.87,26.13,13.62,,,,,,,,,,,,,,,,,,,,,,,,,,,,
746778,2024-06-29,2024,673357,R,666207,R,strikeout,True,False,91.0,0.198,31.0,34.07,5.0,5.49,0.742,0.302,32.66,16.97,15.4,32.38,35.2,23.13,477.0,0.252,132.0,27.67,25.0,5.24,0.8340000000000001,0.279,32.83,18.94,10.59,29.53,40.07,24.77,,,,,,,,,,,,,,,5.0,0.5,0.0,0.0,3.0,60.0,1.8,0.5,0.0,0.0,10.0,10.0,0.0,0.0
746778,2024-06-29,2024,678662,R,605121,R,field_out,False,False,257.0,0.283,68.0,26.46,6.0,2.33,0.771,0.18400000000000005,32.83,20.91,9.81,30.71,48.05,22.08,438.0,0.256,109.0,24.89,17.0,3.88,0.69,0.143,29.47,17.51,10.44,27.95,41.11,20.49,60.0,0.245,16.0,26.67,10.0,16.67,0.771,0.14300000000000002,34.21,15.35,17.32,32.68,32.62,15.46,,,,,,,,,,,,,,
746778,2024-06-29,2024,668845,R,605121,R,field_out,False,False,,,,,,,,,,,,,,,,,,,,,,,,,,,,,60.0,0.245,16.0,26.67,10.0,16.67,0.771,0.14300000000000002,34.21,15.35,17.32,32.68,32.62,15.46,,,,,,,,,,,,,,
746778,2024-06-29,2024,660707,R,605121,R,strikeout,True,False,185.0,0.22,42.0,22.7,14.0,7.57,0.628,0.13099999999999998,30.66,16.54,13.56,30.1,37.15,21.88,196.0,0.249,69.0,35.2,12.0,6.12,0.729,0.1689999999999999,41.45,21.48,15.97,37.45,41.94,28.28,60.0,0.245,16.0,26.67,10.0,16.67,0.771,0.14300000000000002,34.21,15.35,17.32,32.68,32.62,15.46,,,,,,,,,,,,,,
745319,2024-06-29,2024,660271,L,657277,R,strikeout,True,False,234.0,0.335,44.0,18.8,32.0,13.68,1.162,0.39599999999999996,28.15,13.18,13.93,27.12,28.77,17.12,429.0,0.327,99.0,23.08,64.0,14.92,1.132,0.3739999999999999,32.88,15.48,11.59,27.07,28.86,20.75,240.0,0.25,57.0,23.75,17.0,7.08,0.6559999999999999,0.10499999999999998,20.82,9.41,19.47,28.88,32.52,19.93,429.0,0.228,104.0,24.24,15.0,3.5,0.5960000000000001,0.109,21.2,9.96,20.05,30.01,31.36,21.62
745319,2024-06-29,2024,669257,R,657277,R,strikeout,True,False,201.0,0.219,38.0,18.91,15.0,7.46,0.655,0.152,20.39,9.85,15.78,25.62,26.7,13.92,407.0,0.268,67.0,16.46,42.0,10.32,0.7949999999999999,0.1659999999999999,19.27,8.8,16.84,25.64,24.5,12.79,221.0,0.268,40.0,18.1,9.0,4.07,0.638,0.067,17.38,7.65,21.29,28.94,29.02,15.44,421.0,0.268,90.0,21.38,16.0,3.8,0.712,0.1429999999999999,20.51,9.76,20.8,30.55,33.33,18.67
745319,2024-06-29,2024,518692,L,657277,R,field_out,False,False,228.0,0.337,34.0,14.91,32.0,14.04,1.016,0.24699999999999994,19.72,9.24,11.55,20.79,23.03,13.28,514.0,0.33,81.0,15.76,57.0,11.09,0.962,0.218,19.83,9.77,11.31,21.08,27.01,16.63,240.0,0.25,57.0,23.75,17.0,7.08,0.6559999999999999,0.10499999999999998,20.82,9.41,19.47,28.88,32.52,19.93,429.0,0.228,104.0,24.24,15.0,3.5,0.5960000000000001,0.109,21.2,9.96,20.05,30.01,31.36,21.62
745319,2024-06-29,2024,624585,R,689017,R,field_out,False,False,203.0,0.218,48.0,23.65,19.0,9.36,0.661,0.151,29.51,13.95,15.37,29.33,29.51,22.02,446.0,0.242,111.0,24.89,46.0,10.31,0.788,0.22,27.97,12.22,16.15,28.37,25.71,21.19,58.0,0.208,9.0,15.52,3.0,5.17,0.712,0.24500000000000002,18.45,9.0,15.17,24.17,24.27,14.75,,,,,,,,,,,,,,
745319,2024-06-29,2024,664774,L,689017,R,strikeout,True,False,149.0,0.328,35.0,23.49,28.0,18.79,0.876,0.09199999999999997,22.22,8.05,20.28,28.33,17.01,18.58,438.0,0.254,75.0,17.12,67.0,15.3,0.8049999999999999,0.174,20.67,7.99,18.45,26.43,16.81,16.03,63.0,0.175,16.0,25.4,5.0,7.94,0.535,0.10600000000000004,28.18,13.19,16.6,29.79,25.78,26.67,,,,,,,,,,,,,,
745319,2024-06-29,2024,671218,R,689017,R,field_out,False,False,144.0,0.239,45.0,31.25,10.0,6.94,0.665,0.134,32.96,15.47,16.17,31.63,29.33,27.61,14.0,0.154,4.0,28.57,1.0,7.14,0.368,0.0,30.43,14.58,18.75,33.33,26.09,50.0,58.0,0.208,9.0,15.52,3.0,5.17,0.712,0.24500000000000002,18.45,9.0,15.17,24.17,24.27,14.75,,,,,,,,,,,,,,
745319,2024-06-29,2024,606192,R,657277,R,single,False,False,244.0,0.248,72.0,29.51,21.0,8.61,0.771,0.202,34.61,17.87,12.93,30.8,29.94,20.57,529.0,0.249,164.0,31.0,33.0,6.24,0.718,0.1639999999999999,36.92,19.57,14.44,34.01,34.81,23.06,221.0,0.268,40.0,18.1,9.0,4.07,0.638,0.067,17.38,7.65,21.29,28.94,29.02,15.44,421.0,0.268,90.0,21.38,16.0,3.8,0.712,0.1429999999999999,20.51,9.76,20.8,30.55,33.33,18.67
745319,2024-06-29,2024,681624,R,657277,R,force_out,False,False,196.0,0.22,52.0,26.53,11.0,5.61,0.661,0.159,26.85,14.34,13.16,27.5,32.8,20.16,,,,,,,,,,,,,,,221.0,0.268,40.0,18.1,9.0,4.07,0.638,0.067,17.38,7.65,21.29,28.94,29.02,15.44,421.0,0.268,90.0,21.38,16.0,3.8,0.712,0.1429999999999999,20.51,9.76,20.8,30.55,33.33,18.67
745319,2024-06-29,2024,518792,L,657277,R,force_out,False,False,105.0,0.202,16.0,15.24,12.0,11.43,0.718,0.202,23.47,11.06,15.14,26.2,27.78,13.56,349.0,0.276,57.0,16.33,32.0,9.17,0.818,0.1949999999999999,20.45,9.51,16.77,26.27,27.56,15.45,240.0,0.25,57.0,23.75,17.0,7.08,0.6559999999999999,0.10499999999999998,20.82,9.41,19.47,28.88,32.52,19.93,429.0,0.228,104.0,24.24,15.0,3.5,0.5960000000000001,0.109,21.2,9.96,20.05,30.01,31.36,21.62
745319,2024-06-29,2024,500743,R,657277,R,walk,False,True,85.0,0.304,10.0,11.76,5.0,5.88,0.796,0.139,12.14,5.52,19.81,25.32,29.14,12.05,279.0,0.21,36.0,12.9,18.0,6.45,0.546,0.068,19.79,9.92,16.53,26.45,34.53,12.9,221.0,0.268,40.0,18.1,9.0,4.07,0.638,0.067,17.38,7.65,21.29,28.94,29.02,15.44,421.0,0.268,90.0,21.38,16.0,3.8,0.712,0.1429999999999999,20.51,9.76,20.8,30.55,33.33,18.67
745319,2024-06-29,2024,666158,L,657277,R,field_out,False,False,204.0,0.226,46.0,22.55,13.0,6.37,0.597,0.095,19.39,8.81,18.49,27.3,21.87,19.25,,,,,,,,,,,,,,,240.0,0.25,57.0,23.75,17.0,7.08,0.6559999999999999,0.10499999999999998,20.82,9.41,19.47,28.88,32.52,19.93,429.0,0.228,104.0,24.24,15.0,3.5,0.5960000000000001,0.109,21.2,9.96,20.05,30.01,31.36,21.62
745319,2024-06-29,2024,672275,L,689017,R,field_out,False,False,173.0,0.282,31.0,17.92,20.0,11.56,0.81,0.16800000000000004,20.25,9.38,14.49,23.86,24.57,15.9,240.0,0.203,70.0,29.17,13.0,5.42,0.5569999999999999,0.0989999999999999,26.61,12.88,17.55,30.43,28.93,23.81,63.0,0.175,16.0,25.4,5.0,7.94,0.535,0.10600000000000004,28.18,13.19,16.6,29.79,25.78,26.67,,,,,,,,,,,,,,
745319,2024-06-29,2024,656305,R,689017,R,strikeout,True,False,250.0,0.2,66.0,26.4,22.0,8.8,0.6180000000000001,0.138,26.23,11.74,19.94,31.68,25.3,19.19,471.0,0.223,139.0,29.51,52.0,11.04,0.722,0.179,31.15,13.33,17.79,31.11,18.61,21.72,58.0,0.208,9.0,15.52,3.0,5.17,0.712,0.24500000000000002,18.45,9.0,15.17,24.17,24.27,14.75,,,,,,,,,,,,,,
745319,2024-06-29,2024,624424,L,689017,R,triple,False,False,177.0,0.215,41.0,23.16,13.0,7.34,0.676,0.19000000000000003,25.16,11.56,17.34,28.9,27.4,20.4,368.0,0.245,77.0,20.92,50.0,13.59,0.753,0.155,23.68,10.56,15.02,25.57,23.23,16.81,63.0,0.175,16.0,25.4,5.0,7.94,0.535,0.10600000000000004,28.18,13.19,16.6,29.79,25.78,26.67,,,,,,,,,,,,,,
745319,2024-06-29,2024,682641,R,689017,R,field_out,False,False,82.0,0.262,5.0,6.1,2.0,2.44,0.642,0.09999999999999998,10.07,5.24,14.23,19.48,36.24,8.62,154.0,0.215,23.0,14.94,8.0,5.19,0.56,0.0839999999999999,20.15,9.82,15.18,25.0,27.53,17.29,58.0,0.208,9.0,15.52,3.0,5.17,0.712,0.24500000000000002,18.45,9.0,15.17,24.17,24.27,14.75,,,,,,,,,,,,,,
745319,2024-06-29,2024,624415,L,657277,R,field_out,False,False,143.0,0.185,47.0,32.87,14.0,9.79,0.581,0.08400000000000002,23.79,8.99,24.29,33.28,18.93,22.93,286.0,0.223,69.0,24.13,36.0,12.59,0.7090000000000001,0.149,23.33,9.24,21.47,30.71,15.66,18.6,240.0,0.25,57.0,23.75,17.0,7.08,0.6559999999999999,0.10499999999999998,20.82,9.41,19.47,28.88,32.52,19.93,429.0,0.228,104.0,24.24,15.0,3.5,0.5960000000000001,0.109,21.2,9.96,20.05,30.01,31.36,21.62
745319,2024-06-29,2024,660271,L,657277,R,field_out,False,False,234.0,0.335,44.0,18.8,32.0,13.68,1.162,0.39599999999999996,28.15,13.18,13.93,27.12,28.77,17.12,429.0,0.327,99.0,23.08,64.0,14.92,1.132,0.3739999999999999,32.88,15.48,11.59,27.07,28.86,20.75,240.0,0.25,57.0,23.75,17.0,7.08,0.6559999999999999,0.10499999999999998,20.82,9.41,19.47,28.88,32.52,19.93,429.0,0.228,104.0,24.24,15.0,3.5,0.5960000000000001,0.109,21.2,9.96,20.05,30.01,31.36,21.62
745319,2024-06-29,2024,669257,R,657277,R,field_out,False,False,201.0,0.219,38.0,18.91,15.0,7.46,0.655,0.152,20.39,9.85,15.78,25.62,26.7,13.92,407.0,0.268,67.0,16.46,42.0,10.32,0.7949999999999999,0.1659999999999999,19.27,8.8,16.84,25.64,24.5,12.79,221.0,0.268,40.0,18.1,9.0,4.07,0.638,0.067,17.38,7.65,21.29,28.94,29.02,15.44,421.0,0.268,90.0,21.38,16.0,3.8,0.712,0.1429999999999999,20.51,9.76,20.8,30.55,33.33,18.67
745319,2024-06-29,2024,689172,L,689017,R,strikeout,True,False,89.0,0.265,18.0,20.22,5.0,5.62,0.6890000000000001,0.121,19.61,9.06,19.34,28.4,30.07,19.57,106.0,0.155,30.0,28.3,8.0,7.55,0.4639999999999999,0.092,28.32,14.65,14.19,28.83,32.6,19.86,63.0,0.175,16.0,25.4,5.0,7.94,0.535,0.10600000000000004,28.18,13.19,16.6,29.79,25.78,26.67,,,,,,,,,,,,,,
745319,2024-06-29,2024,605113,R,689017,R,field_out,False,False,83.0,0.182,18.0,21.69,2.0,2.41,0.431,0.03900000000000001,25.42,13.85,17.23,31.08,38.03,15.93,88.0,0.293,24.0,27.27,6.0,6.82,0.78,0.146,25.79,12.65,20.37,33.02,32.05,24.0,58.0,0.208,9.0,15.52,3.0,5.17,0.712,0.24500000000000002,18.45,9.0,15.17,24.17,24.27,14.75,,,,,,,,,,,,,,
745319,2024-06-29,2024,624585,R,689017,R,field_out,False,False,203.0,0.218,48.0,23.65,19.0,9.36,0.661,0.151,29.51,13.95,15.37,29.33,29.51,22.02,446.0,0.242,111.0,24.89,46.0,10.31,0.788,0.22,27.97,12.22,16.15,28.37,25.71,21.19,58.0,0.208,9.0,15.52,3.0,5.17,0.712,0.24500000000000002,18.45,9.0,15.17,24.17,24.27,14.75,,,,,,,,,,,,,,
745319,2024-06-29,2024,518692,L,657277,R,field_out,False,False,228.0,0.337,34.0,14.91,32.0,14.04,1.016,0.24699999999999994,19.72,9.24,11.55,20.79,23.03,13.28,514.0,0.33,81.0,15.76,57.0,11.09,0.962,0.218,19.83,9.77,11.31,21.08,27.01,16.63,240.0,0.25,57.0,23.75,17.0,7.08,0.6559999999999999,0.10499999999999998,20.82,9.41,19.47,28.88,32.52,19.93,429.0,0.228,104.0,24.24,15.0,3.5,0.5960000000000001,0.109,21.2,9.96,20.05,30.01,31.36,21.62
745319,2024-06-29,2024,606192,R,657277,R,strikeout,True,False,244.0,0.248,72.0,29.51,21.0,8.61,0.771,0.202,34.61,17.87,12.93,30.8,29.94,20.57,529.0,0.249,164.0,31.0,33.0,6.24,0.718,0.1639999999999999,36.92,19.57,14.44,34.01,34.81,23.06,221.0,0.268,40.0,18.1,9.0,4.07,0.638,0.067,17.38,7.65,21.29,28.94,29.02,15.44,421.0,0.268,90.0,21.38,16.0,3.8,0.712,0.1429999999999999,20.51,9.76,20.8,30.55,33.33,18.67
745319,2024-06-29,2024,681624,R,657277,R,single,False,False,196.0,0.22,52.0,26.53,11.0,5.61,0.661,0.159,26.85,14.34,13.16,27.5,32.8,20.16,,,,,,,,,,,,,,,221.0,0.268,40.0,18.1,9.0,4.07,0.638,0.067,17.38,7.65,21.29,28.94,29.02,15.44,421.0,0.268,90.0,21.38,16.0,3.8,0.712,0.1429999999999999,20.51,9.76,20.8,30.55,33.33,18.67
745319,2024-06-29,2024,518792,L,657277,R,strikeout,True,False,105.0,0.202,16.0,15.24,12.0,11.43,0.718,0.202,23.47,11.06,15.14,26.2,27.78,13.56,349.0,0.276,57.0,16.33,32.0,9.17,0.818,0.1949999999999999,20.45,9.51,16.77,26.27,27.56,15.45,240.0,0.25,57.0,23.75,17.0,7.08,0.6559999999999999,0.10499999999999998,20.82,9.41,19.47,28.88,32.52,19.93,429.0,0.228,104.0,24.24,15.0,3.5,0.5960000000000001,0.109,21.2,9.96,20.05,30.01,31.36,21.62
745319,2024-06-29,2024,664774,L,689017,R,strikeout,True,False,149.0,0.328,35.0,23.49,28.0,18.79,0.876,0.09199999999999997,22.22,8.05,20.28,28.33,17.01,18.58,438.0,0.254,75.0,17.12,67.0,15.3,0.8049999999999999,0.174,20.67,7.99,18.45,26.43,16.81,16.03,63.0,0.175,16.0,25.4,5.0,7.94,0.535,0.10600000000000004,28.18,13.19,16.6,29.79,25.78,26.67,,,,,,,,,,,,,,
745319,2024-06-29,2024,671218,R,689017,R,strikeout,True,False,144.0,0.239,45.0,31.25,10.0,6.94,0.665,0.134,32.96,15.47,16.17,31.63,29.33,27.61,14.0,0.154,4.0,28.57,1.0,7.14,0.368,0.0,30.43,14.58,18.75,33.33,26.09,50.0,58.0,0.208,9.0,15.52,3.0,5.17,0.712,0.24500000000000002,18.45,9.0,15.17,24.17,24.27,14.75,,,,,,,,,,,,,,
745319,2024-06-29,2024,672275,L,689017,R,double,False,False,173.0,0.282,31.0,17.92,20.0,11.56,0.81,0.16800000000000004,20.25,9.38,14.49,23.86,24.57,15.9,240.0,0.203,70.0,29.17,13.0,5.42,0.5569999999999999,0.0989999999999999,26.61,12.88,17.55,30.43,28.93,23.81,63.0,0.175,16.0,25.4,5.0,7.94,0.535,0.10600000000000004,28.18,13.19,16.6,29.79,25.78,26.67,,,,,,,,,,,,,,
745319,2024-06-29,2024,656305,R,689017,R,strikeout,True,False,250.0,0.2,66.0,26.4,22.0,8.8,0.6180000000000001,0.138,26.23,11.74,19.94,31.68,25.3,19.19,471.0,0.223,139.0,29.51,52.0,11.04,0.722,0.179,31.15,13.33,17.79,31.11,18.61,21.72,58.0,0.208,9.0,15.52,3.0,5.17,0.712,0.24500000000000002,18.45,9.0,15.17,24.17,24.27,14.75,,,,,,,,,,,,,,
745319,2024-06-29,2024,500743,R,657277,R,single,False,False,85.0,0.304,10.0,11.76,5.0,5.88,0.796,0.139,12.14,5.52,19.81,25.32,29.14,12.05,279.0,0.21,36.0,12.9,18.0,6.45,0.546,0.068,19.79,9.92,16.53,26.45,34.53,12.9,221.0,0.268,40.0,18.1,9.0,4.07,0.638,0.067,17.38,7.65,21.29,28.94,29.02,15.44,421.0,0.268,90.0,21.38,16.0,3.8,0.712,0.1429999999999999,20.51,9.76,20.8,30.55,33.33,18.67
745319,2024-06-29,2024,666158,L,657277,R,double,False,False,204.0,0.226,46.0,22.55,13.0,6.37,0.597,0.095,19.39,8.81,18.49,27.3,21.87,19.25,,,,,,,,,,,,,,,240.0,0.25,57.0,23.75,17.0,7.08,0.6559999999999999,0.10499999999999998,20.82,9.41,19.47,28.88,32.52,19.93,429.0,0.228,104.0,24.24,15.0,3.5,0.5960000000000001,0.109,21.2,9.96,20.05,30.01,31.36,21.62
745319,2024-06-29,2024,624415,L,657277,R,strikeout,True,False,143.0,0.185,47.0,32.87,14.0,9.79,0.581,0.08400000000000002,23.79,8.99,24.29,33.28,18.93,22.93,286.0,0.223,69.0,24.13,36.0,12.59,0.7090000000000001,0.149,23.33,9.24,21.47,30.71,15.66,18.6,240.0,0.25,57.0,23.75,17.0,7.08,0.6559999999999999,0.10499999999999998,20.82,9.41,19.47,28.88,32.52,19.93,429.0,0.228,104.0,24.24,15.0,3.5,0.5960000000000001,0.109,21.2,9.96,20.05,30.01,31.36,21.62
745319,2024-06-29,2024,660271,L,657277,R,intent_walk,False,True,234.0,0.335,44.0,18.8,32.0,13.68,1.162,0.39599999999999996,28.15,13.18,13.93,27.12,28.77,17.12,429.0,0.327,99.0,23.08,64.0,14.92,1.132,0.3739999999999999,32.88,15.48,11.59,27.07,28.86,20.75,240.0,0.25,57.0,23.75,17.0,7.08,0.6559999999999999,0.10499999999999998,20.82,9.41,19.47,28.88,32.52,19.93,429.0,0.228,104.0,24.24,15.0,3.5,0.5960000000000001,0.109,21.2,9.96,20.05,30.01,31.36,21.62
745319,2024-06-29,2024,669257,R,657277,R,single,False,False,201.0,0.219,38.0,18.91,15.0,7.46,0.655,0.152,20.39,9.85,15.78,25.62,26.7,13.92,407.0,0.268,67.0,16.46,42.0,10.32,0.7949999999999999,0.1659999999999999,19.27,8.8,16.84,25.64,24.5,12.79,221.0,0.268,40.0,18.1,9.0,4.07,0.638,0.067,17.38,7.65,21.29,28.94,29.02,15.44,421.0,0.268,90.0,21.38,16.0,3.8,0.712,0.1429999999999999,20.51,9.76,20.8,30.55,33.33,18.67
745319,2024-06-29,2024,518692,L,657277,R,grounded_into_double_play,False,False,228.0,0.337,34.0,14.91,32.0,14.04,1.016,0.24699999999999994,19.72,9.24,11.55,20.79,23.03,13.28,514.0,0.33,81.0,15.76,57.0,11.09,0.962,0.218,19.83,9.77,11.31,21.08,27.01,16.63,240.0,0.25,57.0,23.75,17.0,7.08,0.6559999999999999,0.10499999999999998,20.82,9.41,19.47,28.88,32.52,19.93,429.0,0.228,104.0,24.24,15.0,3.5,0.5960000000000001,0.109,21.2,9.96,20.05,30.01,31.36,21.62
745319,2024-06-29,2024,624424,L,689017,R,strikeout,True,False,177.0,0.215,41.0,23.16,13.0,7.34,0.676,0.19000000000000003,25.16,11.56,17.34,28.9,27.4,20.4,368.0,0.245,77.0,20.92,50.0,13.59,0.753,0.155,23.68,10.56,15.02,25.57,23.23,16.81,63.0,0.175,16.0,25.4,5.0,7.94,0.535,0.10600000000000004,28.18,13.19,16.6,29.79,25.78,26.67,,,,,,,,,,,,,,
745319,2024-06-29,2024,682641,R,689017,R,home_run,False,False,82.0,0.262,5.0,6.1,2.0,2.44,0.642,0.09999999999999998,10.07,5.24,14.23,19.48,36.24,8.62,154.0,0.215,23.0,14.94,8.0,5.19,0.56,0.0839999999999999,20.15,9.82,15.18,25.0,27.53,17.29,58.0,0.208,9.0,15.52,3.0,5.17,0.712,0.24500000000000002,18.45,9.0,15.17,24.17,24.27,14.75,,,,,,,,,,,,,,
745319,2024-06-29,2024,689172,L,689017,R,single,False,False,89.0,0.265,18.0,20.22,5.0,5.62,0.6890000000000001,0.121,19.61,9.06,19.34,28.4,30.07,19.57,106.0,0.155,30.0,28.3,8.0,7.55,0.4639999999999999,0.092,28.32,14.65,14.19,28.83,32.6,19.86,63.0,0.175,16.0,25.4,5.0,7.94,0.535,0.10600000000000004,28.18,13.19,16.6,29.79,25.78,26.67,,,,,,,,,,,,,,
745319,2024-06-29,2024,605113,R,689017,R,field_out,False,False,83.0,0.182,18.0,21.69,2.0,2.41,0.431,0.03900000000000001,25.42,13.85,17.23,31.08,38.03,15.93,88.0,0.293,24.0,27.27,6.0,6.82,0.78,0.146,25.79,12.65,20.37,33.02,32.05,24.0,58.0,0.208,9.0,15.52,3.0,5.17,0.712,0.24500000000000002,18.45,9.0,15.17,24.17,24.27,14.75,,,,,,,,,,,,,,
745319,2024-06-29,2024,624585,R,689017,R,single,False,False,203.0,0.218,48.0,23.65,19.0,9.36,0.661,0.151,29.51,13.95,15.37,29.33,29.51,22.02,446.0,0.242,111.0,24.89,46.0,10.31,0.788,0.22,27.97,12.22,16.15,28.37,25.71,21.19,58.0,0.208,9.0,15.52,3.0,5.17,0.712,0.24500000000000002,18.45,9.0,15.17,24.17,24.27,14.75,,,,,,,,,,,,,,
745319,2024-06-29,2024,664774,L,607455,L,field_out,False,False,21.0,0.357,2.0,9.52,5.0,23.81,0.9530000000000001,0.07200000000000001,12.9,4.94,22.22,27.16,11.11,6.9,81.0,0.269,20.0,24.69,9.0,11.11,0.709,0.0889999999999999,21.68,9.17,20.41,29.59,24.24,18.52,26.0,0.182,8.0,30.77,2.0,7.69,0.477,0.04500000000000001,30.23,13.54,18.75,32.29,25.0,33.33,14.0,0.417,3.0,21.43,1.0,7.14,1.167,0.25,22.86,11.76,16.18,27.94,33.33,11.54
745319,2024-06-29,2024,606192,R,657277,R,field_out,False,False,244.0,0.248,72.0,29.51,21.0,8.61,0.771,0.202,34.61,17.87,12.93,30.8,29.94,20.57,529.0,0.249,164.0,31.0,33.0,6.24,0.718,0.1639999999999999,36.92,19.57,14.44,34.01,34.81,23.06,221.0,0.268,40.0,18.1,9.0,4.07,0.638,0.067,17.38,7.65,21.29,28.94,29.02,15.44,421.0,0.268,90.0,21.38,16.0,3.8,0.712,0.1429999999999999,20.51,9.76,20.8,30.55,33.33,18.67
745319,2024-06-29,2024,681624,R,657277,R,field_out,False,False,196.0,0.22,52.0,26.53,11.0,5.61,0.661,0.159,26.85,14.34,13.16,27.5,32.8,20.16,,,,,,,,,,,,,,,221.0,0.268,40.0,18.1,9.0,4.07,0.638,0.067,17.38,7.65,21.29,28.94,29.02,15.44,421.0,0.268,90.0,21.38,16.0,3.8,0.712,0.1429999999999999,20.51,9.76,20.8,30.55,33.33,18.67
745319,2024-06-29,2024,518792,L,657277,R,field_out,False,False,105.0,0.202,16.0,15.24,12.0,11.43,0.718,0.202,23.47,11.06,15.14,26.2,27.78,13.56,349.0,0.276,57.0,16.33,32.0,9.17,0.818,0.1949999999999999,20.45,9.51,16.77,26.27,27.56,15.45,240.0,0.25,57.0,23.75,17.0,7.08,0.6559999999999999,0.10499999999999998,20.82,9.41,19.47,28.88,32.52,19.93,429.0,0.228,104.0,24.24,15.0,3.5,0.5960000000000001,0.109,21.2,9.96,20.05,30.01,31.36,21.62
745319,2024-06-29,2024,671218,R,543339,R,field_error,False,False,144.0,0.239,45.0,31.25,10.0,6.94,0.665,0.134,32.96,15.47,16.17,31.63,29.33,27.61,14.0,0.154,4.0,28.57,1.0,7.14,0.368,0.0,30.43,14.58,18.75,33.33,26.09,50.0,61.0,0.193,16.0,26.23,3.0,4.92,0.581,0.15799999999999997,36.28,16.87,16.05,32.92,28.24,23.53,9.0,0.25,3.0,33.33,1.0,11.11,0.708,0.125,28.57,14.63,9.76,24.39,30.43,21.43
745319,2024-06-29,2024,672275,L,543339,R,field_out,False,False,173.0,0.282,31.0,17.92,20.0,11.56,0.81,0.16800000000000004,20.25,9.38,14.49,23.86,24.57,15.9,240.0,0.203,70.0,29.17,13.0,5.42,0.5569999999999999,0.0989999999999999,26.61,12.88,17.55,30.43,28.93,23.81,57.0,0.158,18.0,31.58,0.0,0.0,0.474,0.158,31.06,17.3,11.81,29.11,23.58,20.22,5.0,0.0,2.0,40.0,2.0,40.0,0.4,0.0,50.0,21.74,8.7,30.43,8.33,20.0
745319,2024-06-29,2024,656305,R,543339,R,home_run,False,False,250.0,0.2,66.0,26.4,22.0,8.8,0.6180000000000001,0.138,26.23,11.74,19.94,31.68,25.3,19.19,471.0,0.223,139.0,29.51,52.0,11.04,0.722,0.179,31.15,13.33,17.79,31.11,18.61,21.72,61.0,0.193,16.0,26.23,3.0,4.92,0.581,0.15799999999999997,36.28,16.87,16.05,32.92,28.24,23.53,9.0,0.25,3.0,33.33,1.0,11.11,0.708,0.125,28.57,14.63,9.76,24.39,30.43,21.43
745319,2024-06-29,2024,624424,L,543339,R,field_out,False,False,177.0,0.215,41.0,23.16,13.0,7.34,0.676,0.19000000000000003,25.16,11.56,17.34,28.9,27.4,20.4,368.0,0.245,77.0,20.92,50.0,13.59,0.753,0.155,23.68,10.56,15.02,25.57,23.23,16.81,57.0,0.158,18.0,31.58,0.0,0.0,0.474,0.158,31.06,17.3,11.81,29.11,23.58,20.22,5.0,0.0,2.0,40.0,2.0,40.0,0.4,0.0,50.0,21.74,8.7,30.43,8.33,20.0
745319,2024-06-29,2024,682641,R,543339,R,field_out,False,False,82.0,0.262,5.0,6.1,2.0,2.44,0.642,0.09999999999999998,10.07,5.24,14.23,19.48,36.24,8.62,154.0,0.215,23.0,14.94,8.0,5.19,0.56,0.0839999999999999,20.15,9.82,15.18,25.0,27.53,17.29,61.0,0.193,16.0,26.23,3.0,4.92,0.581,0.15799999999999997,36.28,16.87,16.05,32.92,28.24,23.53,9.0,0.25,3.0,33.33,1.0,11.11,0.708,0.125,28.57,14.63,9.76,24.39,30.43,21.43
745319,2024-06-29,2024,500743,R,657277,R,walk,False,True,85.0,0.304,10.0,11.76,5.0,5.88,0.796,0.139,12.14,5.52,19.81,25.32,29.14,12.05,279.0,0.21,36.0,12.9,18.0,6.45,0.546,0.068,19.79,9.92,16.53,26.45,34.53,12.9,221.0,0.268,40.0,18.1,9.0,4.07,0.638,0.067,17.38,7.65,21.29,28.94,29.02,15.44,421.0,0.268,90.0,21.38,16.0,3.8,0.712,0.1429999999999999,20.51,9.76,20.8,30.55,33.33,18.67
745319,2024-06-29,2024,666158,L,657277,R,grounded_into_double_play,False,False,204.0,0.226,46.0,22.55,13.0,6.37,0.597,0.095,19.39,8.81,18.49,27.3,21.87,19.25,,,,,,,,,,,,,,,240.0,0.25,57.0,23.75,17.0,7.08,0.6559999999999999,0.10499999999999998,20.82,9.41,19.47,28.88,32.52,19.93,429.0,0.228,104.0,24.24,15.0,3.5,0.5960000000000001,0.109,21.2,9.96,20.05,30.01,31.36,21.62
745319,2024-06-29,2024,624415,L,657277,R,strikeout,True,False,143.0,0.185,47.0,32.87,14.0,9.79,0.581,0.08400000000000002,23.79,8.99,24.29,33.28,18.93,22.93,286.0,0.223,69.0,24.13,36.0,12.59,0.7090000000000001,0.149,23.33,9.24,21.47,30.71,15.66,18.6,240.0,0.25,57.0,23.75,17.0,7.08,0.6559999999999999,0.10499999999999998,20.82,9.41,19.47,28.88,32.52,19.93,429.0,0.228,104.0,24.24,15.0,3.5,0.5960000000000001,0.109,21.2,9.96,20.05,30.01,31.36,21.62
745319,2024-06-29,2024,689172,L,642232,L,field_out,False,False,19.0,0.474,5.0,26.32,0.0,0.0,1.263,0.31500000000000006,31.43,16.42,14.93,31.34,37.5,26.32,25.0,0.261,10.0,40.0,1.0,4.0,0.6399999999999999,0.0869999999999999,45.83,23.4,15.96,39.36,36.96,34.48,77.0,0.099,13.0,16.88,2.0,2.6,0.318,0.08399999999999999,24.0,13.0,16.25,29.24,30.7,15.85,106.0,0.28,20.0,18.87,6.0,5.66,0.771,0.1699999999999999,25.45,13.66,16.1,29.76,37.43,14.39
745319,2024-06-29,2024,605113,R,642232,L,field_out,False,False,59.0,0.327,9.0,15.25,6.0,10.17,0.8320000000000001,0.11499999999999999,19.63,10.24,15.12,25.37,29.55,19.15,122.0,0.155,28.0,22.95,6.0,4.92,0.404,0.0519999999999999,27.59,14.1,16.52,30.62,34.51,20.74,137.0,0.256,14.0,10.22,14.0,10.22,0.733,0.11199999999999999,18.44,8.6,14.34,22.94,27.11,9.21,270.0,0.268,47.0,17.41,7.0,2.59,0.716,0.1409999999999999,21.6,10.93,16.14,27.07,32.38,14.69
745319,2024-06-29,2024,624585,R,642232,L,field_out,False,False,84.0,0.233,21.0,25.0,9.0,10.71,0.744,0.17799999999999996,31.45,15.2,14.59,29.79,31.49,21.88,135.0,0.277,30.0,22.22,20.0,14.81,1.081,0.4109999999999999,26.29,11.6,16.16,27.76,25.27,18.75,137.0,0.256,14.0,10.22,14.0,10.22,0.733,0.11199999999999999,18.44,8.6,14.34,22.94,27.11,9.21,270.0,0.268,47.0,17.41,7.0,2.59,0.716,0.1409999999999999,21.6,10.93,16.14,27.07,32.38,14.69
745319,2024-06-29,2024,660271,L,643511,R,single,False,False,234.0,0.335,44.0,18.8,32.0,13.68,1.162,0.39599999999999996,28.15,13.18,13.93,27.12,28.77,17.12,429.0,0.327,99.0,23.08,64.0,14.92,1.132,0.3739999999999999,32.88,15.48,11.59,27.07,28.86,20.75,72.0,0.308,10.0,13.89,1.0,1.39,0.7669999999999999,0.10699999999999998,15.15,7.75,20.16,27.91,24.04,13.16,136.0,0.2,32.0,23.53,9.0,6.62,0.5569999999999999,0.0919999999999999,20.7,10.56,18.33,28.88,27.6,21.33
745319,2024-06-29,2024,669257,R,643511,R,strikeout,True,False,201.0,0.219,38.0,18.91,15.0,7.46,0.655,0.152,20.39,9.85,15.78,25.62,26.7,13.92,407.0,0.268,67.0,16.46,42.0,10.32,0.7949999999999999,0.1659999999999999,19.27,8.8,16.84,25.64,24.5,12.79,86.0,0.214,18.0,20.93,2.0,2.33,0.5660000000000001,0.11900000000000002,21.33,11.55,16.97,28.52,32.2,25.0,173.0,0.262,28.0,16.18,10.0,5.78,0.733,0.1629999999999999,23.75,12.04,17.27,29.32,30.54,16.37
745319,2024-06-29,2024,518692,L,643511,R,force_out,False,False,228.0,0.337,34.0,14.91,32.0,14.04,1.016,0.24699999999999994,19.72,9.24,11.55,20.79,23.03,13.28,514.0,0.33,81.0,15.76,57.0,11.09,0.962,0.218,19.83,9.77,11.31,21.08,27.01,16.63,72.0,0.308,10.0,13.89,1.0,1.39,0.7669999999999999,0.10699999999999998,15.15,7.75,20.16,27.91,24.04,13.16,136.0,0.2,32.0,23.53,9.0,6.62,0.5569999999999999,0.0919999999999999,20.7,10.56,18.33,28.88,27.6,21.33
745319,2024-06-29,2024,606192,R,643511,R,field_out,False,False,244.0,0.248,72.0,29.51,21.0,8.61,0.771,0.202,34.61,17.87,12.93,30.8,29.94,20.57,529.0,0.249,164.0,31.0,33.0,6.24,0.718,0.1639999999999999,36.92,19.57,14.44,34.01,34.81,23.06,86.0,0.214,18.0,20.93,2.0,2.33,0.5660000000000001,0.11900000000000002,21.33,11.55,16.97,28.52,32.2,25.0,173.0,0.262,28.0,16.18,10.0,5.78,0.733,0.1629999999999999,23.75,12.04,17.27,29.32,30.54,16.37
745319,2024-06-29,2024,664774,L,642232,L,single,False,False,21.0,0.357,2.0,9.52,5.0,23.81,0.9530000000000001,0.07200000000000001,12.9,4.94,22.22,27.16,11.11,6.9,81.0,0.269,20.0,24.69,9.0,11.11,0.709,0.0889999999999999,21.68,9.17,20.41,29.59,24.24,18.52,77.0,0.099,13.0,16.88,2.0,2.6,0.318,0.08399999999999999,24.0,13.0,16.25,29.24,30.7,15.85,106.0,0.28,20.0,18.87,6.0,5.66,0.771,0.1699999999999999,25.45,13.66,16.1,29.76,37.43,14.39
745319,2024-06-29,2024,671218,R,642232,L,field_out,False,False,57.0,0.409,11.0,19.3,11.0,19.3,1.3900000000000001,0.455,27.07,13.28,9.59,22.88,22.79,11.96,46.0,0.186,16.0,34.78,3.0,6.52,0.588,0.1629999999999999,32.35,16.67,13.64,30.3,30.21,23.53,137.0,0.256,14.0,10.22,14.0,10.22,0.733,0.11199999999999999,18.44,8.6,14.34,22.94,27.11,9.21,270.0,0.268,47.0,17.41,7.0,2.59,0.716,0.1409999999999999,21.6,10.93,16.14,27.07,32.38,14.69
745319,2024-06-29,2024,672275,R,642232,L,walk,False,True,38.0,0.294,9.0,23.68,3.0,7.89,0.6950000000000001,0.059,23.44,10.14,18.92,29.05,13.85,21.43,113.0,0.298,30.0,26.55,8.0,7.08,0.829,0.183,25.26,10.67,21.33,32.0,21.36,22.39,137.0,0.256,14.0,10.22,14.0,10.22,0.733,0.11199999999999999,18.44,8.6,14.34,22.94,27.11,9.21,270.0,0.268,47.0,17.41,7.0,2.59,0.716,0.1409999999999999,21.6,10.93,16.14,27.07,32.38,14.69
745319,2024-06-29,2024,656305,R,642232,L,force_out,False,False,92.0,0.333,17.0,18.48,11.0,11.96,0.9809999999999999,0.23499999999999993,16.48,7.61,16.5,24.11,24.47,13.6,113.0,0.307,26.0,23.01,10.0,8.85,0.89,0.208,30.77,13.88,17.35,31.24,20.45,17.81,137.0,0.256,14.0,10.22,14.0,10.22,0.733,0.11199999999999999,18.44,8.6,14.34,22.94,27.11,9.21,270.0,0.268,47.0,17.41,7.0,2.59,0.716,0.1409999999999999,21.6,10.93,16.14,27.07,32.38,14.69
745319,2024-06-29,2024,624424,L,642232,L,field_out,False,False,52.0,0.286,13.0,25.0,3.0,5.77,0.796,0.183,29.29,14.95,19.07,34.02,34.12,20.97,102.0,0.219,29.0,28.43,3.0,2.94,0.5980000000000001,0.114,29.28,13.52,20.15,33.67,28.95,22.83,77.0,0.099,13.0,16.88,2.0,2.6,0.318,0.08399999999999999,24.0,13.0,16.25,29.24,30.7,15.85,106.0,0.28,20.0,18.87,6.0,5.66,0.771,0.1699999999999999,25.45,13.66,16.1,29.76,37.43,14.39
745319,2024-06-29,2024,681624,R,666808,R,triple,False,False,196.0,0.22,52.0,26.53,11.0,5.61,0.661,0.159,26.85,14.34,13.16,27.5,32.8,20.16,,,,,,,,,,,,,,,75.0,0.19,20.0,26.67,11.0,14.67,0.64,0.14300000000000002,35.57,17.43,14.8,32.24,30.19,21.98,136.0,0.244,44.0,32.35,8.0,5.88,0.594,0.0409999999999999,35.9,16.28,17.05,33.33,26.79,34.38
745319,2024-06-29,2024,518792,L,666808,R,sac_fly,False,False,105.0,0.202,16.0,15.24,12.0,11.43,0.718,0.202,23.47,11.06,15.14,26.2,27.78,13.56,349.0,0.276,57.0,16.33,32.0,9.17,0.818,0.1949999999999999,20.45,9.51,16.77,26.27,27.56,15.45,71.0,0.283,19.0,26.76,10.0,14.08,0.847,0.18400000000000005,33.83,14.8,16.78,31.58,27.16,23.75,147.0,0.174,43.0,29.25,18.0,12.24,0.588,0.1149999999999999,31.29,14.99,14.68,29.68,31.58,19.72
745319,2024-06-29,2024,500743,R,666808,R,field_out,False,False,85.0,0.304,10.0,11.76,5.0,5.88,0.796,0.139,12.14,5.52,19.81,25.32,29.14,12.05,279.0,0.21,36.0,12.9,18.0,6.45,0.546,0.068,19.79,9.92,16.53,26.45,34.53,12.9,75.0,0.19,20.0,26.67,11.0,14.67,0.64,0.14300000000000002,35.57,17.43,14.8,32.24,30.19,21.98,136.0,0.244,44.0,32.35,8.0,5.88,0.594,0.0409999999999999,35.9,16.28,17.05,33.33,26.79,34.38
745319,2024-06-29,2024,666158,L,666808,R,strikeout,True,False,204.0,0.226,46.0,22.55,13.0,6.37,0.597,0.095,19.39,8.81,18.49,27.3,21.87,19.25,,,,,,,,,,,,,,,71.0,0.283,19.0,26.76,10.0,14.08,0.847,0.18400000000000005,33.83,14.8,16.78,31.58,27.16,23.75,147.0,0.174,43.0,29.25,18.0,12.24,0.588,0.1149999999999999,31.29,14.99,14.68,29.68,31.58,19.72
745319,2024-06-29,2024,682641,R,595014,R,walk,False,True,82.0,0.262,5.0,6.1,2.0,2.44,0.642,0.09999999999999998,10.07,5.24,14.23,19.48,36.24,8.62,154.0,0.215,23.0,14.94,8.0,5.19,0.56,0.0839999999999999,20.15,9.82,15.18,25.0,27.53,17.29,42.0,0.162,10.0,23.81,5.0,11.9,0.451,0.026999999999999996,28.17,12.5,22.5,35.0,33.72,19.61,,,,,,,,,,,,,,
745319,2024-06-29,2024,689172,L,595014,R,home_run,False,False,89.0,0.265,18.0,20.22,5.0,5.62,0.6890000000000001,0.121,19.61,9.06,19.34,28.4,30.07,19.57,106.0,0.155,30.0,28.3,8.0,7.55,0.4639999999999999,0.092,28.32,14.65,14.19,28.83,32.6,19.86,27.0,0.269,13.0,48.15,1.0,3.7,0.873,0.30799999999999994,28.36,16.24,10.26,26.5,45.31,34.21,,,,,,,,,,,,,,
745559,2024-06-29,2024,665862,L,605400,R,strikeout,True,False,216.0,0.256,55.0,25.46,19.0,8.8,0.77,0.19,29.34,13.95,13.28,27.23,31.2,20.83,290.0,0.275,91.0,31.38,20.0,6.9,0.8540000000000001,0.25,35.14,15.36,16.88,32.24,26.1,27.41,210.0,0.198,40.0,19.05,13.0,6.19,0.619,0.173,19.6,9.44,15.77,25.21,29.25,14.66,365.0,0.24,90.0,24.66,25.0,6.85,0.735,0.204,26.03,12.77,16.47,29.24,34.56,20.93
745559,2024-06-29,2024,650559,R,605400,R,field_out,False,False,226.0,0.218,58.0,25.66,17.0,7.52,0.688,0.18999999999999997,31.62,16.39,13.07,29.46,32.06,21.8,473.0,0.251,107.0,22.62,29.0,6.13,0.717,0.1689999999999999,28.95,14.54,15.93,30.47,34.61,18.71,191.0,0.237,50.0,26.18,12.0,6.28,0.651,0.125,25.92,13.24,18.27,31.51,35.22,22.73,430.0,0.241,112.0,26.05,20.0,4.65,0.685,0.1679999999999999,25.89,12.76,19.08,31.85,34.88,20.86
745559,2024-06-29,2024,605137,L,605400,R,field_out,False,False,222.0,0.254,44.0,19.82,13.0,5.86,0.692,0.124,29.12,15.66,10.27,25.93,29.18,22.75,432.0,0.239,93.0,21.53,39.0,9.03,0.6970000000000001,0.148,24.59,11.57,13.95,25.52,28.11,20.58,210.0,0.198,40.0,19.05,13.0,6.19,0.619,0.173,19.6,9.44,15.77,25.21,29.25,14.66,365.0,0.24,90.0,24.66,25.0,6.85,0.735,0.204,26.03,12.77,16.47,29.24,34.56,20.93
745559,2024-06-29,2024,681082,L,682610,R,strikeout,True,False,218.0,0.239,30.0,13.76,26.0,11.93,0.7050000000000001,0.136,16.67,7.3,20.79,28.09,28.18,11.45,474.0,0.28,76.0,16.03,26.0,5.49,0.753,0.1509999999999999,14.49,6.52,22.08,28.6,28.42,11.93,79.0,0.286,19.0,24.05,8.0,10.13,1.081,0.428,26.9,12.58,15.16,27.74,27.04,18.63,,,,,,,,,,,,,,
745559,2024-06-29,2024,607208,R,682610,R,field_out,False,False,118.0,0.327,20.0,16.95,6.0,5.08,0.823,0.128,24.06,12.03,14.62,26.65,29.68,16.26,485.0,0.282,109.0,22.47,29.0,5.98,0.8029999999999999,0.19,28.9,15.6,12.67,28.27,36.06,17.81,75.0,0.185,15.0,20.0,10.0,13.33,0.724,0.246,24.82,12.03,14.43,26.46,31.58,16.3,,,,,,,,,,,,,,
745559,2024-06-29,2024,664761,R,682610,R,walk,False,True,234.0,0.329,35.0,14.96,16.0,6.84,0.904,0.193,19.85,9.42,15.18,24.6,25.45,17.0,445.0,0.263,68.0,15.28,34.0,7.64,0.7010000000000001,0.1139999999999999,17.17,8.27,16.06,24.33,28.14,13.48,75.0,0.185,15.0,20.0,10.0,13.33,0.724,0.246,24.82,12.03,14.43,26.46,31.58,16.3,,,,,,,,,,,,,,
745559,2024-06-29,2024,669016,L,682610,R,field_out,False,False,175.0,0.303,46.0,26.29,21.0,12.0,0.885,0.197,22.8,9.02,18.56,27.58,22.51,19.17,363.0,0.292,101.0,27.82,47.0,12.95,0.864,0.185,25.19,10.97,17.37,28.35,25.74,21.31,79.0,0.286,19.0,24.05,8.0,10.13,1.081,0.428,26.9,12.58,15.16,27.74,27.04,18.63,,,,,,,,,,,,,,
745559,2024-06-29,2024,660821,L,605400,R,strikeout,True,False,205.0,0.266,49.0,23.9,13.0,6.34,0.737,0.14899999999999997,27.09,14.65,12.52,27.16,35.68,20.42,353.0,0.258,93.0,26.35,36.0,10.2,0.805,0.21,29.33,14.21,14.01,28.21,30.32,20.53,210.0,0.198,40.0,19.05,13.0,6.19,0.619,0.173,19.6,9.44,15.77,25.21,29.25,14.66,365.0,0.24,90.0,24.66,25.0,6.85,0.735,0.204,26.03,12.77,16.47,29.24,34.56,20.93
745559,2024-06-29,2024,669394,R,605400,R,field_out,False,False,167.0,0.241,44.0,26.35,8.0,4.79,0.6859999999999999,0.16999999999999998,27.27,14.6,15.44,30.03,39.17,25.88,402.0,0.247,112.0,27.86,23.0,5.72,0.8,0.249,34.59,18.69,13.25,31.93,39.43,23.09,191.0,0.237,50.0,26.18,12.0,6.28,0.651,0.125,25.92,13.24,18.27,31.51,35.22,22.73,430.0,0.241,112.0,26.05,20.0,4.65,0.685,0.1679999999999999,25.89,12.76,19.08,31.85,34.88,20.86
745559,2024-06-29,2024,624503,L,605400,R,home_run,False,False,192.0,0.231,44.0,22.92,7.0,3.65,0.636,0.148,31.65,19.5,9.01,28.51,44.57,21.57,83.0,0.16,10.0,12.05,1.0,1.2,0.48,0.149,20.99,12.19,10.39,22.58,38.35,12.82,210.0,0.198,40.0,19.05,13.0,6.19,0.619,0.173,19.6,9.44,15.77,25.21,29.25,14.66,365.0,0.24,90.0,24.66,25.0,6.85,0.735,0.204,26.03,12.77,16.47,29.24,34.56,20.93
745559,2024-06-29,2024,641313,R,605400,R,single,False,False,146.0,0.203,41.0,28.08,2.0,1.37,0.431,0.013999999999999985,29.79,15.54,15.71,31.25,37.14,23.3,396.0,0.226,95.0,23.99,21.0,5.3,0.538,0.04,26.05,13.64,14.67,28.31,36.05,20.88,191.0,0.237,50.0,26.18,12.0,6.28,0.651,0.125,25.92,13.24,18.27,31.51,35.22,22.73,430.0,0.241,112.0,26.05,20.0,4.65,0.685,0.1679999999999999,25.89,12.76,19.08,31.85,34.88,20.86
745559,2024-06-29,2024,672640,R,605400,R,field_error,False,False,121.0,0.264,19.0,15.7,6.0,4.96,0.6759999999999999,0.10899999999999999,21.92,11.76,13.24,25.0,31.16,16.67,,,,,,,,,,,,,,,191.0,0.237,50.0,26.18,12.0,6.28,0.651,0.125,25.92,13.24,18.27,31.51,35.22,22.73,430.0,0.241,112.0,26.05,20.0,4.65,0.685,0.1679999999999999,25.89,12.76,19.08,31.85,34.88,20.86
745559,2024-06-29,2024,663743,R,605400,R,strikeout,True,False,106.0,0.18,13.0,12.26,3.0,2.83,0.479,0.08000000000000002,11.39,5.1,19.83,24.93,26.59,15.85,241.0,0.165,48.0,19.92,14.0,5.81,0.46,0.064,18.93,8.36,19.79,28.15,25.54,22.43,191.0,0.237,50.0,26.18,12.0,6.28,0.651,0.125,25.92,13.24,18.27,31.51,35.22,22.73,430.0,0.241,112.0,26.05,20.0,4.65,0.685,0.1679999999999999,25.89,12.76,19.08,31.85,34.88,20.86
745559,2024-06-29,2024,592206,R,682610,R,field_out,False,False,249.0,0.224,51.0,20.48,17.0,6.83,0.6399999999999999,0.13099999999999998,32.16,19.1,9.72,28.82,39.36,19.32,485.0,0.252,140.0,28.87,25.0,5.15,0.733,0.192,37.06,20.57,11.78,32.36,40.41,25.27,75.0,0.185,15.0,20.0,10.0,13.33,0.724,0.246,24.82,12.03,14.43,26.46,31.58,16.3,,,,,,,,,,,,,,
745559,2024-06-29,2024,665019,L,682610,R,field_out,False,False,38.0,0.243,11.0,28.95,1.0,2.63,0.858,0.352,25.0,12.59,19.58,32.17,35.94,26.83,130.0,0.242,35.0,26.92,8.0,6.15,0.6950000000000001,0.158,26.77,12.71,19.44,32.15,29.07,21.21,79.0,0.286,19.0,24.05,8.0,10.13,1.081,0.428,26.9,12.58,15.16,27.74,27.04,18.63,,,,,,,,,,,,,,
745559,2024-06-29,2024,624641,R,682610,R,strikeout,True,False,94.0,0.244,26.0,27.66,3.0,3.19,0.665,0.128,35.29,19.1,12.2,31.3,43.32,21.14,176.0,0.239,41.0,23.3,5.0,2.84,0.669,0.148,29.23,17.12,12.31,29.43,41.96,19.16,75.0,0.185,15.0,20.0,10.0,13.33,0.724,0.246,24.82,12.03,14.43,26.46,31.58,16.3,,,,,,,,,,,,,,
745559,2024-06-29,2024,665862,L,605400,R,strikeout,True,False,216.0,0.256,55.0,25.46,19.0,8.8,0.77,0.19,29.34,13.95,13.28,27.23,31.2,20.83,290.0,0.275,91.0,31.38,20.0,6.9,0.8540000000000001,0.25,35.14,15.36,16.88,32.24,26.1,27.41,210.0,0.198,40.0,19.05,13.0,6.19,0.619,0.173,19.6,9.44,15.77,25.21,29.25,14.66,365.0,0.24,90.0,24.66,25.0,6.85,0.735,0.204,26.03,12.77,16.47,29.24,34.56,20.93
745559,2024-06-29,2024,650559,R,605400,R,field_out,False,False,226.0,0.218,58.0,25.66,17.0,7.52,0.688,0.18999999999999997,31.62,16.39,13.07,29.46,32.06,21.8,473.0,0.251,107.0,22.62,29.0,6.13,0.717,0.1689999999999999,28.95,14.54,15.93,30.47,34.61,18.71,191.0,0.237,50.0,26.18,12.0,6.28,0.651,0.125,25.92,13.24,18.27,31.51,35.22,22.73,430.0,0.241,112.0,26.05,20.0,4.65,0.685,0.1679999999999999,25.89,12.76,19.08,31.85,34.88,20.86
745559,2024-06-29,2024,605137,L,605400,R,single,False,False,222.0,0.254,44.0,19.82,13.0,5.86,0.692,0.124,29.12,15.66,10.27,25.93,29.18,22.75,432.0,0.239,93.0,21.53,39.0,9.03,0.6970000000000001,0.148,24.59,11.57,13.95,25.52,28.11,20.58,210.0,0.198,40.0,19.05,13.0,6.19,0.619,0.173,19.6,9.44,15.77,25.21,29.25,14.66,365.0,0.24,90.0,24.66,25.0,6.85,0.735,0.204,26.03,12.77,16.47,29.24,34.56,20.93
745559,2024-06-29,2024,660821,L,605400,R,field_out,False,False,205.0,0.266,49.0,23.9,13.0,6.34,0.737,0.14899999999999997,27.09,14.65,12.52,27.16,35.68,20.42,353.0,0.258,93.0,26.35,36.0,10.2,0.805,0.21,29.33,14.21,14.01,28.21,30.32,20.53,210.0,0.198,40.0,19.05,13.0,6.19,0.619,0.173,19.6,9.44,15.77,25.21,29.25,14.66,365.0,0.24,90.0,24.66,25.0,6.85,0.735,0.204,26.03,12.77,16.47,29.24,34.56,20.93
745559,2024-06-29,2024,596117,L,682610,R,home_run,False,False,62.0,0.211,18.0,29.03,5.0,8.06,0.502,0.017000000000000015,26.72,13.19,20.85,34.04,32.73,23.38,94.0,0.19,22.0,23.4,7.0,7.45,0.5549999999999999,0.0959999999999999,24.71,11.35,19.19,30.54,31.94,18.8,79.0,0.286,19.0,24.05,8.0,10.13,1.081,0.428,26.9,12.58,15.16,27.74,27.04,18.63,,,,,,,,,,,,,,
745559,2024-06-29,2024,679032,R,682610,R,strikeout,True,False,150.0,0.243,21.0,14.0,6.0,4.0,0.6000000000000001,0.07800000000000001,23.88,11.7,18.65,30.35,33.97,12.8,100.0,0.281,23.0,23.0,4.0,4.0,0.76,0.1459999999999999,25.82,13.95,16.32,30.27,40.0,25.27,75.0,0.185,15.0,20.0,10.0,13.33,0.724,0.246,24.82,12.03,14.43,26.46,31.58,16.3,,,,,,,,,,,,,,
745559,2024-06-29,2024,681082,L,682610,R,single,False,False,218.0,0.239,30.0,13.76,26.0,11.93,0.7050000000000001,0.136,16.67,7.3,20.79,28.09,28.18,11.45,474.0,0.28,76.0,16.03,26.0,5.49,0.753,0.1509999999999999,14.49,6.52,22.08,28.6,28.42,11.93,79.0,0.286,19.0,24.05,8.0,10.13,1.081,0.428,26.9,12.58,15.16,27.74,27.04,18.63,,,,,,,,,,,,,,
745559,2024-06-29,2024,607208,R,682610,R,field_out,False,False,118.0,0.327,20.0,16.95,6.0,5.08,0.823,0.128,24.06,12.03,14.62,26.65,29.68,16.26,485.0,0.282,109.0,22.47,29.0,5.98,0.8029999999999999,0.19,28.9,15.6,12.67,28.27,36.06,17.81,75.0,0.185,15.0,20.0,10.0,13.33,0.724,0.246,24.82,12.03,14.43,26.46,31.58,16.3,,,,,,,,,,,,,,
745559,2024-06-29,2024,664761,R,682610,R,field_out,False,False,234.0,0.329,35.0,14.96,16.0,6.84,0.904,0.193,19.85,9.42,15.18,24.6,25.45,17.0,445.0,0.263,68.0,15.28,34.0,7.64,0.7010000000000001,0.1139999999999999,17.17,8.27,16.06,24.33,28.14,13.48,75.0,0.185,15.0,20.0,10.0,13.33,0.724,0.246,24.82,12.03,14.43,26.46,31.58,16.3,,,,,,,,,,,,,,
745559,2024-06-29,2024,669394,R,605400,R,strikeout,True,False,167.0,0.241,44.0,26.35,8.0,4.79,0.6859999999999999,0.16999999999999998,27.27,14.6,15.44,30.03,39.17,25.88,402.0,0.247,112.0,27.86,23.0,5.72,0.8,0.249,34.59,18.69,13.25,31.93,39.43,23.09,191.0,0.237,50.0,26.18,12.0,6.28,0.651,0.125,25.92,13.24,18.27,31.51,35.22,22.73,430.0,0.241,112.0,26.05,20.0,4.65,0.685,0.1679999999999999,25.89,12.76,19.08,31.85,34.88,20.86
745559,2024-06-29,2024,624503,L,605400,R,strikeout,True,False,192.0,0.231,44.0,22.92,7.0,3.65,0.636,0.148,31.65,19.5,9.01,28.51,44.57,21.57,83.0,0.16,10.0,12.05,1.0,1.2,0.48,0.149,20.99,12.19,10.39,22.58,38.35,12.82,210.0,0.198,40.0,19.05,13.0,6.19,0.619,0.173,19.6,9.44,15.77,25.21,29.25,14.66,365.0,0.24,90.0,24.66,25.0,6.85,0.735,0.204,26.03,12.77,16.47,29.24,34.56,20.93
745559,2024-06-29,2024,641313,R,605400,R,strikeout,True,False,146.0,0.203,41.0,28.08,2.0,1.37,0.431,0.013999999999999985,29.79,15.54,15.71,31.25,37.14,23.3,396.0,0.226,95.0,23.99,21.0,5.3,0.538,0.04,26.05,13.64,14.67,28.31,36.05,20.88,191.0,0.237,50.0,26.18,12.0,6.28,0.651,0.125,25.92,13.24,18.27,31.51,35.22,22.73,430.0,0.241,112.0,26.05,20.0,4.65,0.685,0.1679999999999999,25.89,12.76,19.08,31.85,34.88,20.86
745559,2024-06-29,2024,669016,L,682610,R,field_out,False,False,175.0,0.303,46.0,26.29,21.0,12.0,0.885,0.197,22.8,9.02,18.56,27.58,22.51,19.17,363.0,0.292,101.0,27.82,47.0,12.95,0.864,0.185,25.19,10.97,17.37,28.35,25.74,21.31,79.0,0.286,19.0,24.05,8.0,10.13,1.081,0.428,26.9,12.58,15.16,27.74,27.04,18.63,,,,,,,,,,,,,,
745559,2024-06-29,2024,592206,R,682610,R,single,False,False,249.0,0.224,51.0,20.48,17.0,6.83,0.6399999999999999,0.13099999999999998,32.16,19.1,9.72,28.82,39.36,19.32,485.0,0.252,140.0,28.87,25.0,5.15,0.733,0.192,37.06,20.57,11.78,32.36,40.41,25.27,75.0,0.185,15.0,20.0,10.0,13.33,0.724,0.246,24.82,12.03,14.43,26.46,31.58,16.3,,,,,,,,,,,,,,
745559,2024-06-29,2024,665019,L,682610,R,double,False,False,38.0,0.243,11.0,28.95,1.0,2.63,0.858,0.352,25.0,12.59,19.58,32.17,35.94,26.83,130.0,0.242,35.0,26.92,8.0,6.15,0.6950000000000001,0.158,26.77,12.71,19.44,32.15,29.07,21.21,79.0,0.286,19.0,24.05,8.0,10.13,1.081,0.428,26.9,12.58,15.16,27.74,27.04,18.63,,,,,,,,,,,,,,
745559,2024-06-29,2024,624641,R,682610,R,field_out,False,False,94.0,0.244,26.0,27.66,3.0,3.19,0.665,0.128,35.29,19.1,12.2,31.3,43.32,21.14,176.0,0.239,41.0,23.3,5.0,2.84,0.669,0.148,29.23,17.12,12.31,29.43,41.96,19.16,75.0,0.185,15.0,20.0,10.0,13.33,0.724,0.246,24.82,12.03,14.43,26.46,31.58,16.3,,,,,,,,,,,,,,
745559,2024-06-29,2024,596117,L,682610,R,field_out,False,False,62.0,0.211,18.0,29.03,5.0,8.06,0.502,0.017000000000000015,26.72,13.19,20.85,34.04,32.73,23.38,94.0,0.19,22.0,23.4,7.0,7.45,0.5549999999999999,0.0959999999999999,24.71,11.35,19.19,30.54,31.94,18.8,79.0,0.286,19.0,24.05,8.0,10.13,1.081,0.428,26.9,12.58,15.16,27.74,27.04,18.63,,,,,,,,,,,,,,
745559,2024-06-29,2024,672640,R,605400,R,single,False,False,121.0,0.264,19.0,15.7,6.0,4.96,0.6759999999999999,0.10899999999999999,21.92,11.76,13.24,25.0,31.16,16.67,,,,,,,,,,,,,,,191.0,0.237,50.0,26.18,12.0,6.28,0.651,0.125,25.92,13.24,18.27,31.51,35.22,22.73,430.0,0.241,112.0,26.05,20.0,4.65,0.685,0.1679999999999999,25.89,12.76,19.08,31.85,34.88,20.86
745559,2024-06-29,2024,663743,R,605400,R,field_out,False,False,106.0,0.18,13.0,12.26,3.0,2.83,0.479,0.08000000000000002,11.39,5.1,19.83,24.93,26.59,15.85,241.0,0.165,48.0,19.92,14.0,5.81,0.46,0.064,18.93,8.36,19.79,28.15,25.54,22.43,191.0,0.237,50.0,26.18,12.0,6.28,0.651,0.125,25.92,13.24,18.27,31.51,35.22,22.73,430.0,0.241,112.0,26.05,20.0,4.65,0.685,0.1679999999999999,25.89,12.76,19.08,31.85,34.88,20.86
745559,2024-06-29,2024,665862,L,605400,R,field_out,False,False,216.0,0.256,55.0,25.46,19.0,8.8,0.77,0.19,29.34,13.95,13.28,27.23,31.2,20.83,290.0,0.275,91.0,31.38,20.0,6.9,0.8540000000000001,0.25,35.14,15.36,16.88,32.24,26.1,27.41,210.0,0.198,40.0,19.05,13.0,6.19,0.619,0.173,19.6,9.44,15.77,25.21,29.25,14.66,365.0,0.24,90.0,24.66,25.0,6.85,0.735,0.204,26.03,12.77,16.47,29.24,34.56,20.93
745559,2024-06-29,2024,650559,R,605400,R,field_out,False,False,226.0,0.218,58.0,25.66,17.0,7.52,0.688,0.18999999999999997,31.62,16.39,13.07,29.46,32.06,21.8,473.0,0.251,107.0,22.62,29.0,6.13,0.717,0.1689999999999999,28.95,14.54,15.93,30.47,34.61,18.71,191.0,0.237,50.0,26.18,12.0,6.28,0.651,0.125,25.92,13.24,18.27,31.51,35.22,22.73,430.0,0.241,112.0,26.05,20.0,4.65,0.685,0.1679999999999999,25.89,12.76,19.08,31.85,34.88,20.86
745559,2024-06-29,2024,679032,R,682610,R,walk,False,True,150.0,0.243,21.0,14.0,6.0,4.0,0.6000000000000001,0.07800000000000001,23.88,11.7,18.65,30.35,33.97,12.8,100.0,0.281,23.0,23.0,4.0,4.0,0.76,0.1459999999999999,25.82,13.95,16.32,30.27,40.0,25.27,75.0,0.185,15.0,20.0,10.0,13.33,0.724,0.246,24.82,12.03,14.43,26.46,31.58,16.3,,,,,,,,,,,,,,
745559,2024-06-29,2024,681082,L,682610,R,single,False,False,218.0,0.239,30.0,13.76,26.0,11.93,0.7050000000000001,0.136,16.67,7.3,20.79,28.09,28.18,11.45,474.0,0.28,76.0,16.03,26.0,5.49,0.753,0.1509999999999999,14.49,6.52,22.08,28.6,28.42,11.93,79.0,0.286,19.0,24.05,8.0,10.13,1.081,0.428,26.9,12.58,15.16,27.74,27.04,18.63,,,,,,,,,,,,,,
745559,2024-06-29,2024,607208,R,682610,R,strikeout,True,False,118.0,0.327,20.0,16.95,6.0,5.08,0.823,0.128,24.06,12.03,14.62,26.65,29.68,16.26,485.0,0.282,109.0,22.47,29.0,5.98,0.8029999999999999,0.19,28.9,15.6,12.67,28.27,36.06,17.81,75.0,0.185,15.0,20.0,10.0,13.33,0.724,0.246,24.82,12.03,14.43,26.46,31.58,16.3,,,,,,,,,,,,,,
745559,2024-06-29,2024,664761,R,682610,R,sac_fly,False,False,234.0,0.329,35.0,14.96,16.0,6.84,0.904,0.193,19.85,9.42,15.18,24.6,25.45,17.0,445.0,0.263,68.0,15.28,34.0,7.64,0.7010000000000001,0.1139999999999999,17.17,8.27,16.06,24.33,28.14,13.48,75.0,0.185,15.0,20.0,10.0,13.33,0.724,0.246,24.82,12.03,14.43,26.46,31.58,16.3,,,,,,,,,,,,,,
745559,2024-06-29,2024,669016,L,677053,L,strikeout,True,False,51.0,0.159,23.0,45.1,5.0,9.8,0.417,0.022999999999999993,31.17,11.16,24.65,35.81,19.27,34.85,110.0,0.229,43.0,39.09,12.0,10.91,0.7170000000000001,0.167,36.21,13.64,24.46,38.1,25.0,31.62,50.0,0.196,17.0,34.0,2.0,4.0,0.485,0.065,36.21,19.91,10.9,30.81,38.46,24.64,85.0,0.158,30.0,35.29,9.0,10.59,0.55,0.145,36.02,16.81,16.23,33.04,29.94,28.04
745559,2024-06-29,2024,605137,L,605400,R,strikeout,True,False,222.0,0.254,44.0,19.82,13.0,5.86,0.692,0.124,29.12,15.66,10.27,25.93,29.18,22.75,432.0,0.239,93.0,21.53,39.0,9.03,0.6970000000000001,0.148,24.59,11.57,13.95,25.52,28.11,20.58,210.0,0.198,40.0,19.05,13.0,6.19,0.619,0.173,19.6,9.44,15.77,25.21,29.25,14.66,365.0,0.24,90.0,24.66,25.0,6.85,0.735,0.204,26.03,12.77,16.47,29.24,34.56,20.93
745559,2024-06-29,2024,660821,L,605400,R,field_out,False,False,205.0,0.266,49.0,23.9,13.0,6.34,0.737,0.14899999999999997,27.09,14.65,12.52,27.16,35.68,20.42,353.0,0.258,93.0,26.35,36.0,10.2,0.805,0.21,29.33,14.21,14.01,28.21,30.32,20.53,210.0,0.198,40.0,19.05,13.0,6.19,0.619,0.173,19.6,9.44,15.77,25.21,29.25,14.66,365.0,0.24,90.0,24.66,25.0,6.85,0.735,0.204,26.03,12.77,16.47,29.24,34.56,20.93
745559,2024-06-29,2024,669394,R,605400,R,strikeout,True,False,167.0,0.241,44.0,26.35,8.0,4.79,0.6859999999999999,0.16999999999999998,27.27,14.6,15.44,30.03,39.17,25.88,402.0,0.247,112.0,27.86,23.0,5.72,0.8,0.249,34.59,18.69,13.25,31.93,39.43,23.09,191.0,0.237,50.0,26.18,12.0,6.28,0.651,0.125,25.92,13.24,18.27,31.51,35.22,22.73,430.0,0.241,112.0,26.05,20.0,4.65,0.685,0.1679999999999999,25.89,12.76,19.08,31.85,34.88,20.86
745559,2024-06-29,2024,592206,R,677053,L,strikeout,True,False,95.0,0.218,25.0,26.32,7.0,7.37,0.7110000000000001,0.219,31.79,17.42,11.52,28.93,36.61,22.94,188.0,0.324,45.0,23.94,11.0,5.85,0.93,0.237,31.05,17.91,10.17,28.07,42.3,21.63,78.0,0.324,19.0,24.36,5.0,6.41,0.921,0.22500000000000003,23.26,12.12,15.45,27.58,32.74,17.27,152.0,0.244,43.0,28.29,12.0,7.89,0.7250000000000001,0.156,25.08,13.04,14.17,27.21,33.33,18.53
745559,2024-06-29,2024,665019,L,677053,L,field_out,False,False,6.0,0.2,1.0,16.67,1.0,16.67,0.7330000000000001,0.2,18.18,8.7,13.04,21.74,25.0,20.0,19.0,0.158,5.0,26.32,0.0,0.0,0.316,0.0,36.11,17.57,22.97,40.54,39.39,20.83,50.0,0.196,17.0,34.0,2.0,4.0,0.485,0.065,36.21,19.91,10.9,30.81,38.46,24.64,85.0,0.158,30.0,35.29,9.0,10.59,0.55,0.145,36.02,16.81,16.23,33.04,29.94,28.04
745559,2024-06-29,2024,624641,R,677053,L,field_out,False,False,68.0,0.333,11.0,16.18,6.0,8.82,1.062,0.317,27.82,14.45,12.5,26.95,32.87,17.19,124.0,0.267,33.0,26.61,3.0,2.42,0.792,0.2159999999999999,27.7,16.7,13.23,29.93,44.69,21.29,78.0,0.324,19.0,24.36,5.0,6.41,0.921,0.22500000000000003,23.26,12.12,15.45,27.58,32.74,17.27,152.0,0.244,43.0,28.29,12.0,7.89,0.7250000000000001,0.156,25.08,13.04,14.17,27.21,33.33,18.53
745559,2024-06-29,2024,624503,L,605400,R,field_out,False,False,192.0,0.231,44.0,22.92,7.0,3.65,0.636,0.148,31.65,19.5,9.01,28.51,44.57,21.57,83.0,0.16,10.0,12.05,1.0,1.2,0.48,0.149,20.99,12.19,10.39,22.58,38.35,12.82,210.0,0.198,40.0,19.05,13.0,6.19,0.619,0.173,19.6,9.44,15.77,25.21,29.25,14.66,365.0,0.24,90.0,24.66,25.0,6.85,0.735,0.204,26.03,12.77,16.47,29.24,34.56,20.93
745559,2024-06-29,2024,641313,R,605400,R,field_out,False,False,146.0,0.203,41.0,28.08,2.0,1.37,0.431,0.013999999999999985,29.79,15.54,15.71,31.25,37.14,23.3,396.0,0.226,95.0,23.99,21.0,5.3,0.538,0.04,26.05,13.64,14.67,28.31,36.05,20.88,191.0,0.237,50.0,26.18,12.0,6.28,0.651,0.125,25.92,13.24,18.27,31.51,35.22,22.73,430.0,0.241,112.0,26.05,20.0,4.65,0.685,0.1679999999999999,25.89,12.76,19.08,31.85,34.88,20.86
745559,2024-06-29,2024,672640,R,605400,R,double,False,False,121.0,0.264,19.0,15.7,6.0,4.96,0.6759999999999999,0.10899999999999999,21.92,11.76,13.24,25.0,31.16,16.67,,,,,,,,,,,,,,,191.0,0.237,50.0,26.18,12.0,6.28,0.651,0.125,25.92,13.24,18.27,31.51,35.22,22.73,430.0,0.241,112.0,26.05,20.0,4.65,0.685,0.1679999999999999,25.89,12.76,19.08,31.85,34.88,20.86
745559,2024-06-29,2024,663743,R,605400,R,double,False,False,106.0,0.18,13.0,12.26,3.0,2.83,0.479,0.08000000000000002,11.39,5.1,19.83,24.93,26.59,15.85,241.0,0.165,48.0,19.92,14.0,5.81,0.46,0.064,18.93,8.36,19.79,28.15,25.54,22.43,191.0,0.237,50.0,26.18,12.0,6.28,0.651,0.125,25.92,13.24,18.27,31.51,35.22,22.73,430.0,0.241,112.0,26.05,20.0,4.65,0.685,0.1679999999999999,25.89,12.76,19.08,31.85,34.88,20.86
745559,2024-06-29,2024,665862,L,621381,L,single,False,False,111.0,0.267,28.0,25.23,8.0,7.21,0.7290000000000001,0.129,27.4,12.64,16.63,29.27,30.21,19.05,94.0,0.172,27.0,28.72,6.0,6.38,0.479,0.081,39.88,19.01,18.18,37.19,30.36,25.23,39.0,0.216,11.0,28.21,0.0,0.0,0.472,0.0,23.38,12.33,19.86,32.19,32.76,18.03,98.0,0.209,31.0,31.63,2.0,2.04,0.556,0.11,27.93,14.16,19.83,33.99,33.1,28.44
745559,2024-06-29,2024,650559,R,621381,L,strikeout,True,False,122.0,0.284,30.0,24.59,4.0,3.28,0.759,0.16400000000000003,28.57,15.77,13.29,29.05,32.87,26.09,154.0,0.277,35.0,22.73,11.0,7.14,0.708,0.1059999999999999,27.76,13.7,15.51,29.21,33.53,19.77,81.0,0.171,30.0,37.04,4.0,4.94,0.539,0.158,27.27,14.96,15.79,30.75,32.67,20.13,253.0,0.214,77.0,30.43,19.0,7.51,0.671,0.183,28.04,14.1,15.88,29.98,27.99,24.6
745559,2024-06-29,2024,593160,R,640462,L,field_out,False,False,72.0,0.194,5.0,6.94,4.0,5.56,0.597,0.16399999999999998,18.98,10.12,15.95,26.07,31.4,5.88,147.0,0.259,21.0,14.29,9.0,6.12,0.692,0.134,17.44,9.06,13.12,22.18,31.02,14.19,107.0,0.261,17.0,15.89,17.0,15.89,0.8300000000000001,0.182,21.72,9.89,15.86,25.75,26.34,12.88,166.0,0.261,49.0,29.52,11.0,6.63,0.765,0.197,33.03,16.05,18.42,34.47,27.76,21.88
745559,2024-06-29,2024,679032,R,640462,L,field_out,False,False,49.0,0.217,12.0,24.49,1.0,2.04,0.489,0.021999999999999992,22.73,11.24,23.03,34.27,37.35,19.05,65.0,0.333,19.0,29.23,1.0,1.54,0.788,0.0999999999999999,26.02,14.29,18.75,33.04,41.07,27.14,107.0,0.261,17.0,15.89,17.0,15.89,0.8300000000000001,0.182,21.72,9.89,15.86,25.75,26.34,12.88,166.0,0.261,49.0,29.52,11.0,6.63,0.765,0.197,33.03,16.05,18.42,34.47,27.76,21.88
745559,2024-06-29,2024,681082,L,640462,L,walk,False,True,77.0,0.239,16.0,20.78,9.0,11.69,0.651,0.07400000000000001,15.18,5.65,25.58,31.23,19.12,19.75,167.0,0.282,24.0,14.37,13.0,7.78,0.73,0.101,17.59,7.8,22.11,29.91,32.56,10.39,47.0,0.256,11.0,23.4,3.0,6.38,0.6990000000000001,0.139,26.25,12.65,18.67,31.33,29.41,26.83,76.0,0.197,29.0,38.16,2.0,2.63,0.5780000000000001,0.141,33.08,15.03,23.78,38.81,33.07,30.85
745559,2024-06-29,2024,607208,R,640462,L,field_out,False,False,80.0,0.338,14.0,17.5,6.0,7.5,0.8700000000000001,0.127,24.55,12.77,10.9,23.68,27.44,14.14,209.0,0.229,41.0,19.62,16.0,7.66,0.721,0.1969999999999999,31.2,15.84,12.09,27.93,33.41,17.98,107.0,0.261,17.0,15.89,17.0,15.89,0.8300000000000001,0.182,21.72,9.89,15.86,25.75,26.34,12.88,166.0,0.261,49.0,29.52,11.0,6.63,0.765,0.197,33.03,16.05,18.42,34.47,27.76,21.88
745559,2024-06-29,2024,605137,R,621237,L,field_out,False,False,117.0,0.212,17.0,14.53,11.0,9.4,0.6379999999999999,0.144,22.45,10.07,14.87,24.94,29.67,16.04,186.0,0.265,41.0,22.04,24.0,12.9,0.854,0.2289999999999999,28.46,13.82,12.89,26.71,26.88,18.81,92.0,0.235,27.0,29.35,9.0,9.78,0.648,0.09800000000000003,26.49,12.16,14.89,27.05,28.77,20.77,126.0,0.187,51.0,40.48,18.0,14.29,0.612,0.121,38.81,19.34,13.24,32.58,30.61,23.83
745559,2024-06-29,2024,660821,L,621237,L,field_out,False,False,44.0,0.098,11.0,25.0,2.0,4.55,0.31100000000000005,0.07300000000000001,32.14,19.29,10.0,29.29,40.0,25.0,50.0,0.213,15.0,30.0,2.0,4.0,0.5640000000000001,0.106,36.46,18.82,18.82,37.63,40.62,23.73,41.0,0.105,9.0,21.95,3.0,7.32,0.30300000000000005,0.02700000000000001,22.67,11.72,18.62,30.34,37.1,20.0,47.0,0.217,13.0,27.66,0.0,0.0,0.521,0.087,14.81,7.02,22.81,29.82,36.84,27.66
745559,2024-06-29,2024,669394,R,621237,L,strikeout,True,False,79.0,0.178,18.0,22.78,5.0,6.33,0.447,0.04100000000000001,28.75,15.65,14.63,30.27,42.86,20.22,139.0,0.26,37.0,26.62,9.0,6.47,0.907,0.3229999999999999,32.62,17.56,12.21,29.77,35.74,24.5,92.0,0.235,27.0,29.35,9.0,9.78,0.648,0.09800000000000003,26.49,12.16,14.89,27.05,28.77,20.77,126.0,0.187,51.0,40.48,18.0,14.29,0.612,0.121,38.81,19.34,13.24,32.58,30.61,23.83
745559,2024-06-29,2024,664761,R,676534,R,field_out,False,False,234.0,0.329,35.0,14.96,16.0,6.84,0.904,0.193,19.85,9.42,15.18,24.6,25.45,17.0,445.0,0.263,68.0,15.28,34.0,7.64,0.7010000000000001,0.1139999999999999,17.17,8.27,16.06,24.33,28.14,13.48,79.0,0.271,17.0,21.52,6.0,7.59,0.7090000000000001,0.09999999999999998,26.95,12.34,13.96,26.3,21.94,17.35,76.0,0.265,19.0,25.0,8.0,10.53,0.827,0.2199999999999999,25.16,12.27,15.95,28.22,27.98,15.97
745559,2024-06-29,2024,669016,L,676534,R,strikeout,True,False,175.0,0.303,46.0,26.29,21.0,12.0,0.885,0.197,22.8,9.02,18.56,27.58,22.51,19.17,363.0,0.292,101.0,27.82,47.0,12.95,0.864,0.185,25.19,10.97,17.37,28.35,25.74,21.31,47.0,0.216,14.0,29.79,8.0,17.02,0.718,0.162,25.0,10.53,17.22,27.75,24.53,17.95,44.0,0.333,6.0,13.64,4.0,9.09,0.819,0.0769999999999999,19.05,8.42,18.95,27.37,21.98,8.96
745559,2024-06-29,2024,592206,R,676534,R,strikeout,True,False,249.0,0.224,51.0,20.48,17.0,6.83,0.6399999999999999,0.13099999999999998,32.16,19.1,9.72,28.82,39.36,19.32,485.0,0.252,140.0,28.87,25.0,5.15,0.733,0.192,37.06,20.57,11.78,32.36,40.41,25.27,79.0,0.271,17.0,21.52,6.0,7.59,0.7090000000000001,0.09999999999999998,26.95,12.34,13.96,26.3,21.94,17.35,76.0,0.265,19.0,25.0,8.0,10.53,0.827,0.2199999999999999,25.16,12.27,15.95,28.22,27.98,15.97
745559,2024-06-29,2024,624503,L,689147,R,single,False,False,192.0,0.231,44.0,22.92,7.0,3.65,0.636,0.148,31.65,19.5,9.01,28.51,44.57,21.57,83.0,0.16,10.0,12.05,1.0,1.2,0.48,0.149,20.99,12.19,10.39,22.58,38.35,12.82,57.0,0.229,18.0,31.58,4.0,7.02,0.5980000000000001,0.04200000000000001,23.2,10.82,20.9,31.72,23.73,15.79,7.0,0.143,5.0,71.43,0.0,0.0,0.4289999999999999,0.143,63.64,26.92,30.77,57.69,41.67,71.43
745559,2024-06-29,2024,641313,R,689147,R,force_out,False,False,146.0,0.203,41.0,28.08,2.0,1.37,0.431,0.013999999999999985,29.79,15.54,15.71,31.25,37.14,23.3,396.0,0.226,95.0,23.99,21.0,5.3,0.538,0.04,26.05,13.64,14.67,28.31,36.05,20.88,56.0,0.151,13.0,23.21,2.0,3.57,0.385,0.038000000000000006,26.47,12.11,21.08,33.18,31.19,18.31,7.0,0.4,1.0,14.29,2.0,28.57,0.971,0.0,18.18,5.71,22.86,28.57,25.0,10.0
745559,2024-06-29,2024,672640,R,689147,R,strikeout_double_play,True,False,121.0,0.264,19.0,15.7,6.0,4.96,0.6759999999999999,0.10899999999999999,21.92,11.76,13.24,25.0,31.16,16.67,,,,,,,,,,,,,,,56.0,0.151,13.0,23.21,2.0,3.57,0.385,0.038000000000000006,26.47,12.11,21.08,33.18,31.19,18.31,7.0,0.4,1.0,14.29,2.0,28.57,0.971,0.0,18.18,5.71,22.86,28.57,25.0,10.0
745559,2024-06-29,2024,665506,R,656945,L,strikeout,True,False,64.0,0.208,23.0,35.94,11.0,17.19,0.6459999999999999,0.094,35.04,14.7,15.77,30.47,19.73,24.21,57.0,0.314,13.0,22.81,5.0,8.77,0.924,0.235,32.38,15.45,14.09,29.55,25.93,19.4,106.0,0.174,24.0,22.64,15.0,14.15,0.5409999999999999,0.07,30.1,14.32,16.26,30.58,30.2,20.87,207.0,0.19,65.0,31.4,13.0,6.28,0.5,0.0529999999999999,32.79,17.6,15.73,33.33,40.1,24.9
745559,2024-06-29,2024,624641,R,656945,L,strikeout,True,False,68.0,0.333,11.0,16.18,6.0,8.82,1.062,0.317,27.82,14.45,12.5,26.95,32.87,17.19,124.0,0.267,33.0,26.61,3.0,2.42,0.792,0.2159999999999999,27.7,16.7,13.23,29.93,44.69,21.29,106.0,0.174,24.0,22.64,15.0,14.15,0.5409999999999999,0.07,30.1,14.32,16.26,30.58,30.2,20.87,207.0,0.19,65.0,31.4,13.0,6.28,0.5,0.0529999999999999,32.79,17.6,15.73,33.33,40.1,24.9
745559,2024-06-29,2024,665561,R,656945,L,field_out,False,False,12.0,0.167,1.0,8.33,0.0,0.0,0.584,0.24999999999999997,13.33,6.9,20.69,27.59,30.77,33.33,,,,,,,,,,,,,,,106.0,0.174,24.0,22.64,15.0,14.15,0.5409999999999999,0.07,30.1,14.32,16.26,30.58,30.2,20.87,207.0,0.19,65.0,31.4,13.0,6.28,0.5,0.0529999999999999,32.79,17.6,15.73,33.33,40.1,24.9
747183,2024-06-29,2024,668709,L,677944,R,strikeout,True,False,275.0,0.256,50.0,18.18,31.0,11.27,0.789,0.19,24.73,10.75,16.96,27.71,22.74,17.79,232.0,0.209,53.0,22.84,35.0,15.09,0.726,0.184,28.61,12.18,15.3,27.48,19.27,20.46,127.0,0.254,21.0,16.54,5.0,3.94,0.726,0.178,19.59,10.23,14.5,24.73,27.1,14.48,56.0,0.245,8.0,14.29,2.0,3.57,0.74,0.2269999999999999,14.55,7.77,12.14,19.9,24.21,13.79
747183,2024-06-29,2024,609280,R,677944,R,field_out,False,False,110.0,0.295,16.0,14.55,4.0,3.64,0.6990000000000001,0.08600000000000002,16.75,8.39,17.75,26.14,33.65,13.68,52.0,0.229,6.0,11.54,4.0,7.69,0.705,0.1879999999999999,14.58,7.49,13.9,21.39,30.93,12.77,114.0,0.292,27.0,23.68,6.0,5.26,0.8900000000000001,0.26500000000000007,19.39,8.58,21.22,29.8,21.81,18.88,55.0,0.275,12.0,21.82,2.0,3.64,0.798,0.1959999999999999,22.83,9.91,17.92,27.83,16.35,19.05
747183,2024-06-29,2024,667670,R,677944,R,field_out,False,False,222.0,0.267,80.0,36.04,23.0,10.36,0.83,0.21499999999999997,38.53,18.7,12.76,31.46,30.37,28.57,351.0,0.23,115.0,32.76,33.0,9.4,0.788,0.2419999999999999,37.94,17.82,16.3,34.12,28.65,23.47,114.0,0.292,27.0,23.68,6.0,5.26,0.8900000000000001,0.26500000000000007,19.39,8.58,21.22,29.8,21.81,18.88,55.0,0.275,12.0,21.82,2.0,3.64,0.798,0.1959999999999999,22.83,9.91,17.92,27.83,16.35,19.05
747183,2024-06-29,2024,606466,R,676664,L,double,False,False,123.0,0.321,19.0,15.45,9.0,7.32,1.0779999999999998,0.37499999999999994,23.01,12.47,10.07,22.54,35.29,17.92,199.0,0.313,24.0,12.06,17.0,8.54,0.879,0.184,19.78,9.92,12.91,22.83,31.78,12.7,303.0,0.272,43.0,14.19,25.0,8.25,0.833,0.21499999999999997,19.78,9.79,15.75,25.53,27.26,13.07,597.0,0.232,137.0,22.95,40.0,6.7,0.749,0.214,24.94,12.75,14.01,26.77,28.36,18.52
747183,2024-06-29,2024,677942,R,676664,L,field_out,False,False,81.0,0.31,23.0,28.4,7.0,8.64,0.853,0.15500000000000003,26.67,13.66,11.8,25.47,24.7,20.72,,,,,,,,,,,,,,,303.0,0.272,43.0,14.19,25.0,8.25,0.833,0.21499999999999997,19.78,9.79,15.75,25.53,27.26,13.07,597.0,0.232,137.0,22.95,40.0,6.7,0.749,0.214,24.94,12.75,14.01,26.77,28.36,18.52
747183,2024-06-29,2024,666971,R,676664,L,single,False,False,93.0,0.356,16.0,17.2,3.0,3.23,0.954,0.22199999999999998,19.46,9.81,17.71,27.52,37.97,13.56,160.0,0.301,18.0,11.25,12.0,7.5,0.8140000000000001,0.151,14.39,6.67,17.26,23.93,28.33,12.16,303.0,0.272,43.0,14.19,25.0,8.25,0.833,0.21499999999999997,19.78,9.79,15.75,25.53,27.26,13.07,597.0,0.232,137.0,22.95,40.0,6.7,0.749,0.214,24.94,12.75,14.01,26.77,28.36,18.52
747183,2024-06-29,2024,572233,R,676664,L,field_out,False,False,93.0,0.247,27.0,29.03,7.0,7.53,0.6890000000000001,0.14100000000000001,26.7,12.62,15.84,28.47,23.74,18.88,168.0,0.255,32.0,19.05,20.0,11.9,0.922,0.3189999999999999,27.22,12.57,12.85,25.42,24.16,14.55,303.0,0.272,43.0,14.19,25.0,8.25,0.833,0.21499999999999997,19.78,9.79,15.75,25.53,27.26,13.07,597.0,0.232,137.0,22.95,40.0,6.7,0.749,0.214,24.94,12.75,14.01,26.77,28.36,18.52
747183,2024-06-29,2024,545341,R,676664,L,double,False,False,90.0,0.312,12.0,13.33,6.0,6.67,0.829,0.15000000000000002,20.39,9.87,15.92,25.8,27.92,16.67,134.0,0.328,17.0,12.69,12.0,8.96,0.995,0.2789999999999999,21.25,10.26,14.29,24.55,32.84,12.78,303.0,0.272,43.0,14.19,25.0,8.25,0.833,0.21499999999999997,19.78,9.79,15.75,25.53,27.26,13.07,597.0,0.232,137.0,22.95,40.0,6.7,0.749,0.214,24.94,12.75,14.01,26.77,28.36,18.52
747183,2024-06-29,2024,553993,R,676664,L,walk,False,True,89.0,0.184,31.0,34.83,10.0,11.24,0.518,0.05299999999999999,32.3,13.68,18.42,32.11,21.93,26.72,158.0,0.252,53.0,33.54,22.0,13.92,0.743,0.13,34.48,14.75,15.49,30.24,22.05,25.0,303.0,0.272,43.0,14.19,25.0,8.25,0.833,0.21499999999999997,19.78,9.79,15.75,25.53,27.26,13.07,597.0,0.232,137.0,22.95,40.0,6.7,0.749,0.214,24.94,12.75,14.01,26.77,28.36,18.52
747183,2024-06-29,2024,682998,L,676664,L,strikeout,True,False,108.0,0.196,23.0,21.3,7.0,6.48,0.547,0.08200000000000002,22.4,9.9,19.57,29.47,32.26,19.66,174.0,0.283,20.0,11.49,11.0,6.32,0.7210000000000001,0.099,19.57,8.84,18.17,27.0,25.0,14.71,85.0,0.221,19.0,22.35,4.0,4.71,0.613,0.12999999999999998,25.16,12.05,16.87,28.92,26.25,18.1,140.0,0.323,24.0,17.14,13.0,9.29,0.936,0.225,24.38,12.06,15.21,27.27,33.77,12.24
747183,2024-06-29,2024,669127,R,677944,R,strikeout,True,False,193.0,0.211,52.0,26.94,13.0,6.74,0.738,0.252,30.18,15.13,16.02,31.16,32.14,27.81,344.0,0.217,101.0,29.36,23.0,6.69,0.7230000000000001,0.226,32.34,16.3,14.73,31.03,31.22,23.88,114.0,0.292,27.0,23.68,6.0,5.26,0.8900000000000001,0.26500000000000007,19.39,8.58,21.22,29.8,21.81,18.88,55.0,0.275,12.0,21.82,2.0,3.64,0.798,0.1959999999999999,22.83,9.91,17.92,27.83,16.35,19.05
747183,2024-06-29,2024,691016,L,677944,R,strikeout,True,False,123.0,0.224,39.0,31.71,12.0,9.76,0.769,0.225,34.72,16.48,14.95,31.43,29.18,30.71,118.0,0.159,37.0,31.36,10.0,8.47,0.472,0.0839999999999999,33.93,16.67,14.91,31.58,29.36,28.91,127.0,0.254,21.0,16.54,5.0,3.94,0.726,0.178,19.59,10.23,14.5,24.73,27.1,14.48,56.0,0.245,8.0,14.29,2.0,3.57,0.74,0.2269999999999999,14.55,7.77,12.14,19.9,24.21,13.79
747183,2024-06-29,2024,663662,R,677944,R,single,False,False,51.0,0.149,12.0,23.53,3.0,5.88,0.429,0.064,25.51,13.02,18.23,31.25,25.0,18.75,,,,,,,,,,,,,,,114.0,0.292,27.0,23.68,6.0,5.26,0.8900000000000001,0.26500000000000007,19.39,8.58,21.22,29.8,21.81,18.88,55.0,0.275,12.0,21.82,2.0,3.64,0.798,0.1959999999999999,22.83,9.91,17.92,27.83,16.35,19.05
747183,2024-06-29,2024,669137,R,677944,R,strikeout,True,False,11.0,0.444,2.0,18.18,2.0,18.18,0.9890000000000001,0.0,28.57,10.53,26.32,36.84,22.22,28.57,,,,,,,,,,,,,,,114.0,0.292,27.0,23.68,6.0,5.26,0.8900000000000001,0.26500000000000007,19.39,8.58,21.22,29.8,21.81,18.88,55.0,0.275,12.0,21.82,2.0,3.64,0.798,0.1959999999999999,22.83,9.91,17.92,27.83,16.35,19.05
747183,2024-06-29,2024,672695,R,676664,L,field_out,False,False,22.0,0.238,3.0,13.64,0.0,0.0,0.476,0.0,8.11,3.41,23.86,27.27,16.67,10.34,71.0,0.242,6.0,8.45,4.0,5.63,0.5780000000000001,0.032,11.11,4.68,20.14,24.82,19.85,7.59,303.0,0.272,43.0,14.19,25.0,8.25,0.833,0.21499999999999997,19.78,9.79,15.75,25.53,27.26,13.07,597.0,0.232,137.0,22.95,40.0,6.7,0.749,0.214,24.94,12.75,14.01,26.77,28.36,18.52
747183,2024-06-29,2024,571466,L,676664,L,field_out,False,False,33.0,0.1,13.0,39.39,2.0,6.06,0.28900000000000003,0.033,39.22,15.38,24.62,40.0,28.36,34.21,17.0,0.267,9.0,52.94,2.0,11.76,0.753,0.133,31.03,13.64,25.76,39.39,27.59,39.13,85.0,0.221,19.0,22.35,4.0,4.71,0.613,0.12999999999999998,25.16,12.05,16.87,28.92,26.25,18.1,140.0,0.323,24.0,17.14,13.0,9.29,0.936,0.225,24.38,12.06,15.21,27.27,33.77,12.24
747183,2024-06-29,2024,606466,R,676664,L,strikeout,True,False,123.0,0.321,19.0,15.45,9.0,7.32,1.0779999999999998,0.37499999999999994,23.01,12.47,10.07,22.54,35.29,17.92,199.0,0.313,24.0,12.06,17.0,8.54,0.879,0.184,19.78,9.92,12.91,22.83,31.78,12.7,303.0,0.272,43.0,14.19,25.0,8.25,0.833,0.21499999999999997,19.78,9.79,15.75,25.53,27.26,13.07,597.0,0.232,137.0,22.95,40.0,6.7,0.749,0.214,24.94,12.75,14.01,26.77,28.36,18.52
747183,2024-06-29,2024,680869,R,677944,R,walk,False,True,194.0,0.213,66.0,34.02,12.0,6.19,0.637,0.158,35.06,17.88,15.5,33.38,28.92,29.07,220.0,0.303,54.0,24.55,18.0,8.18,0.969,0.298,30.92,15.24,15.12,30.36,29.22,21.29,114.0,0.292,27.0,23.68,6.0,5.26,0.8900000000000001,0.26500000000000007,19.39,8.58,21.22,29.8,21.81,18.88,55.0,0.275,12.0,21.82,2.0,3.64,0.798,0.1959999999999999,22.83,9.91,17.92,27.83,16.35,19.05
747183,2024-06-29,2024,680474,R,677944,R,strikeout,True,False,155.0,0.239,43.0,27.74,16.0,10.32,0.638,0.07400000000000001,28.84,12.09,20.57,32.65,21.52,21.94,,,,,,,,,,,,,,,114.0,0.292,27.0,23.68,6.0,5.26,0.8900000000000001,0.26500000000000007,19.39,8.58,21.22,29.8,21.81,18.88,55.0,0.275,12.0,21.82,2.0,3.64,0.798,0.1959999999999999,22.83,9.91,17.92,27.83,16.35,19.05
747183,2024-06-29,2024,668709,L,677944,R,strikeout,True,False,275.0,0.256,50.0,18.18,31.0,11.27,0.789,0.19,24.73,10.75,16.96,27.71,22.74,17.79,232.0,0.209,53.0,22.84,35.0,15.09,0.726,0.184,28.61,12.18,15.3,27.48,19.27,20.46,127.0,0.254,21.0,16.54,5.0,3.94,0.726,0.178,19.59,10.23,14.5,24.73,27.1,14.48,56.0,0.245,8.0,14.29,2.0,3.57,0.74,0.2269999999999999,14.55,7.77,12.14,19.9,24.21,13.79
747183,2024-06-29,2024,609280,R,677944,R,walk,False,True,110.0,0.295,16.0,14.55,4.0,3.64,0.6990000000000001,0.08600000000000002,16.75,8.39,17.75,26.14,33.65,13.68,52.0,0.229,6.0,11.54,4.0,7.69,0.705,0.1879999999999999,14.58,7.49,13.9,21.39,30.93,12.77,114.0,0.292,27.0,23.68,6.0,5.26,0.8900000000000001,0.26500000000000007,19.39,8.58,21.22,29.8,21.81,18.88,55.0,0.275,12.0,21.82,2.0,3.64,0.798,0.1959999999999999,22.83,9.91,17.92,27.83,16.35,19.05
747183,2024-06-29,2024,667670,R,677944,R,single,False,False,222.0,0.267,80.0,36.04,23.0,10.36,0.83,0.21499999999999997,38.53,18.7,12.76,31.46,30.37,28.57,351.0,0.23,115.0,32.76,33.0,9.4,0.788,0.2419999999999999,37.94,17.82,16.3,34.12,28.65,23.47,114.0,0.292,27.0,23.68,6.0,5.26,0.8900000000000001,0.26500000000000007,19.39,8.58,21.22,29.8,21.81,18.88,55.0,0.275,12.0,21.82,2.0,3.64,0.798,0.1959999999999999,22.83,9.91,17.92,27.83,16.35,19.05
747183,2024-06-29,2024,669127,R,677944,R,single,False,False,193.0,0.211,52.0,26.94,13.0,6.74,0.738,0.252,30.18,15.13,16.02,31.16,32.14,27.81,344.0,0.217,101.0,29.36,23.0,6.69,0.7230000000000001,0.226,32.34,16.3,14.73,31.03,31.22,23.88,114.0,0.292,27.0,23.68,6.0,5.26,0.8900000000000001,0.26500000000000007,19.39,8.58,21.22,29.8,21.81,18.88,55.0,0.275,12.0,21.82,2.0,3.64,0.798,0.1959999999999999,22.83,9.91,17.92,27.83,16.35,19.05
747183,2024-06-29,2024,691016,L,677944,R,strikeout,True,False,123.0,0.224,39.0,31.71,12.0,9.76,0.769,0.225,34.72,16.48,14.95,31.43,29.18,30.71,118.0,0.159,37.0,31.36,10.0,8.47,0.472,0.0839999999999999,33.93,16.67,14.91,31.58,29.36,28.91,127.0,0.254,21.0,16.54,5.0,3.94,0.726,0.178,19.59,10.23,14.5,24.73,27.1,14.48,56.0,0.245,8.0,14.29,2.0,3.57,0.74,0.2269999999999999,14.55,7.77,12.14,19.9,24.21,13.79
747183,2024-06-29,2024,677942,R,676664,L,field_out,False,False,81.0,0.31,23.0,28.4,7.0,8.64,0.853,0.15500000000000003,26.67,13.66,11.8,25.47,24.7,20.72,,,,,,,,,,,,,,,303.0,0.272,43.0,14.19,25.0,8.25,0.833,0.21499999999999997,19.78,9.79,15.75,25.53,27.26,13.07,597.0,0.232,137.0,22.95,40.0,6.7,0.749,0.214,24.94,12.75,14.01,26.77,28.36,18.52
747183,2024-06-29,2024,666971,R,676664,L,field_out,False,False,93.0,0.356,16.0,17.2,3.0,3.23,0.954,0.22199999999999998,19.46,9.81,17.71,27.52,37.97,13.56,160.0,0.301,18.0,11.25,12.0,7.5,0.8140000000000001,0.151,14.39,6.67,17.26,23.93,28.33,12.16,303.0,0.272,43.0,14.19,25.0,8.25,0.833,0.21499999999999997,19.78,9.79,15.75,25.53,27.26,13.07,597.0,0.232,137.0,22.95,40.0,6.7,0.749,0.214,24.94,12.75,14.01,26.77,28.36,18.52
747183,2024-06-29,2024,572233,R,676664,L,field_out,False,False,93.0,0.247,27.0,29.03,7.0,7.53,0.6890000000000001,0.14100000000000001,26.7,12.62,15.84,28.47,23.74,18.88,168.0,0.255,32.0,19.05,20.0,11.9,0.922,0.3189999999999999,27.22,12.57,12.85,25.42,24.16,14.55,303.0,0.272,43.0,14.19,25.0,8.25,0.833,0.21499999999999997,19.78,9.79,15.75,25.53,27.26,13.07,597.0,0.232,137.0,22.95,40.0,6.7,0.749,0.214,24.94,12.75,14.01,26.77,28.36,18.52
747183,2024-06-29,2024,663662,R,677944,R,field_out,False,False,51.0,0.149,12.0,23.53,3.0,5.88,0.429,0.064,25.51,13.02,18.23,31.25,25.0,18.75,,,,,,,,,,,,,,,114.0,0.292,27.0,23.68,6.0,5.26,0.8900000000000001,0.26500000000000007,19.39,8.58,21.22,29.8,21.81,18.88,55.0,0.275,12.0,21.82,2.0,3.64,0.798,0.1959999999999999,22.83,9.91,17.92,27.83,16.35,19.05
747183,2024-06-29,2024,669137,R,677944,R,single,False,False,11.0,0.444,2.0,18.18,2.0,18.18,0.9890000000000001,0.0,28.57,10.53,26.32,36.84,22.22,28.57,,,,,,,,,,,,,,,114.0,0.292,27.0,23.68,6.0,5.26,0.8900000000000001,0.26500000000000007,19.39,8.58,21.22,29.8,21.81,18.88,55.0,0.275,12.0,21.82,2.0,3.64,0.798,0.1959999999999999,22.83,9.91,17.92,27.83,16.35,19.05
747183,2024-06-29,2024,680869,R,677944,R,single,False,False,194.0,0.213,66.0,34.02,12.0,6.19,0.637,0.158,35.06,17.88,15.5,33.38,28.92,29.07,220.0,0.303,54.0,24.55,18.0,8.18,0.969,0.298,30.92,15.24,15.12,30.36,29.22,21.29,114.0,0.292,27.0,23.68,6.0,5.26,0.8900000000000001,0.26500000000000007,19.39,8.58,21.22,29.8,21.81,18.88,55.0,0.275,12.0,21.82,2.0,3.64,0.798,0.1959999999999999,22.83,9.91,17.92,27.83,16.35,19.05
747183,2024-06-29,2024,680474,R,677944,R,sac_fly,False,False,155.0,0.239,43.0,27.74,16.0,10.32,0.638,0.07400000000000001,28.84,12.09,20.57,32.65,21.52,21.94,,,,,,,,,,,,,,,114.0,0.292,27.0,23.68,6.0,5.26,0.8900000000000001,0.26500000000000007,19.39,8.58,21.22,29.8,21.81,18.88,55.0,0.275,12.0,21.82,2.0,3.64,0.798,0.1959999999999999,22.83,9.91,17.92,27.83,16.35,19.05
747183,2024-06-29,2024,668709,L,677944,R,field_out,False,False,275.0,0.256,50.0,18.18,31.0,11.27,0.789,0.19,24.73,10.75,16.96,27.71,22.74,17.79,232.0,0.209,53.0,22.84,35.0,15.09,0.726,0.184,28.61,12.18,15.3,27.48,19.27,20.46,127.0,0.254,21.0,16.54,5.0,3.94,0.726,0.178,19.59,10.23,14.5,24.73,27.1,14.48,56.0,0.245,8.0,14.29,2.0,3.57,0.74,0.2269999999999999,14.55,7.77,12.14,19.9,24.21,13.79
747183,2024-06-29,2024,545341,R,676664,L,field_out,False,False,90.0,0.312,12.0,13.33,6.0,6.67,0.829,0.15000000000000002,20.39,9.87,15.92,25.8,27.92,16.67,134.0,0.328,17.0,12.69,12.0,8.96,0.995,0.2789999999999999,21.25,10.26,14.29,24.55,32.84,12.78,303.0,0.272,43.0,14.19,25.0,8.25,0.833,0.21499999999999997,19.78,9.79,15.75,25.53,27.26,13.07,597.0,0.232,137.0,22.95,40.0,6.7,0.749,0.214,24.94,12.75,14.01,26.77,28.36,18.52
747183,2024-06-29,2024,553993,R,676664,L,strikeout,True,False,89.0,0.184,31.0,34.83,10.0,11.24,0.518,0.05299999999999999,32.3,13.68,18.42,32.11,21.93,26.72,158.0,0.252,53.0,33.54,22.0,13.92,0.743,0.13,34.48,14.75,15.49,30.24,22.05,25.0,303.0,0.272,43.0,14.19,25.0,8.25,0.833,0.21499999999999997,19.78,9.79,15.75,25.53,27.26,13.07,597.0,0.232,137.0,22.95,40.0,6.7,0.749,0.214,24.94,12.75,14.01,26.77,28.36,18.52
747183,2024-06-29,2024,682998,L,676664,L,double,False,False,108.0,0.196,23.0,21.3,7.0,6.48,0.547,0.08200000000000002,22.4,9.9,19.57,29.47,32.26,19.66,174.0,0.283,20.0,11.49,11.0,6.32,0.7210000000000001,0.099,19.57,8.84,18.17,27.0,25.0,14.71,85.0,0.221,19.0,22.35,4.0,4.71,0.613,0.12999999999999998,25.16,12.05,16.87,28.92,26.25,18.1,140.0,0.323,24.0,17.14,13.0,9.29,0.936,0.225,24.38,12.06,15.21,27.27,33.77,12.24
747183,2024-06-29,2024,672695,R,676664,L,field_out,False,False,22.0,0.238,3.0,13.64,0.0,0.0,0.476,0.0,8.11,3.41,23.86,27.27,16.67,10.34,71.0,0.242,6.0,8.45,4.0,5.63,0.5780000000000001,0.032,11.11,4.68,20.14,24.82,19.85,7.59,303.0,0.272,43.0,14.19,25.0,8.25,0.833,0.21499999999999997,19.78,9.79,15.75,25.53,27.26,13.07,597.0,0.232,137.0,22.95,40.0,6.7,0.749,0.214,24.94,12.75,14.01,26.77,28.36,18.52
747183,2024-06-29,2024,609280,R,656464,R,field_out,False,False,110.0,0.295,16.0,14.55,4.0,3.64,0.6990000000000001,0.08600000000000002,16.75,8.39,17.75,26.14,33.65,13.68,52.0,0.229,6.0,11.54,4.0,7.69,0.705,0.1879999999999999,14.58,7.49,13.9,21.39,30.93,12.77,61.0,0.263,8.0,13.11,2.0,3.28,0.644,0.07,20.0,9.82,15.18,25.0,27.62,13.79,151.0,0.185,41.0,27.15,13.0,8.61,0.5469999999999999,0.1039999999999999,30.77,14.13,15.57,29.7,28.31,21.24
747183,2024-06-29,2024,667670,R,656464,R,strikeout,True,False,222.0,0.267,80.0,36.04,23.0,10.36,0.83,0.21499999999999997,38.53,18.7,12.76,31.46,30.37,28.57,351.0,0.23,115.0,32.76,33.0,9.4,0.788,0.2419999999999999,37.94,17.82,16.3,34.12,28.65,23.47,61.0,0.263,8.0,13.11,2.0,3.28,0.644,0.07,20.0,9.82,15.18,25.0,27.62,13.79,151.0,0.185,41.0,27.15,13.0,8.61,0.5469999999999999,0.1039999999999999,30.77,14.13,15.57,29.7,28.31,21.24
747183,2024-06-29,2024,669127,R,656464,R,single,False,False,193.0,0.211,52.0,26.94,13.0,6.74,0.738,0.252,30.18,15.13,16.02,31.16,32.14,27.81,344.0,0.217,101.0,29.36,23.0,6.69,0.7230000000000001,0.226,32.34,16.3,14.73,31.03,31.22,23.88,61.0,0.263,8.0,13.11,2.0,3.28,0.644,0.07,20.0,9.82,15.18,25.0,27.62,13.79,151.0,0.185,41.0,27.15,13.0,8.61,0.5469999999999999,0.1039999999999999,30.77,14.13,15.57,29.7,28.31,21.24
747183,2024-06-29,2024,691016,L,656464,R,strikeout,True,False,123.0,0.224,39.0,31.71,12.0,9.76,0.769,0.225,34.72,16.48,14.95,31.43,29.18,30.71,118.0,0.159,37.0,31.36,10.0,8.47,0.472,0.0839999999999999,33.93,16.67,14.91,31.58,29.36,28.91,71.0,0.246,18.0,25.35,5.0,7.04,0.696,0.15400000000000003,25.17,12.29,14.29,26.58,32.52,17.0,104.0,0.176,29.0,27.88,11.0,10.58,0.5549999999999999,0.1099999999999999,31.73,15.1,13.73,28.83,30.34,19.58
747183,2024-06-29,2024,571466,L,676664,L,strikeout,True,False,33.0,0.1,13.0,39.39,2.0,6.06,0.28900000000000003,0.033,39.22,15.38,24.62,40.0,28.36,34.21,17.0,0.267,9.0,52.94,2.0,11.76,0.753,0.133,31.03,13.64,25.76,39.39,27.59,39.13,85.0,0.221,19.0,22.35,4.0,4.71,0.613,0.12999999999999998,25.16,12.05,16.87,28.92,26.25,18.1,140.0,0.323,24.0,17.14,13.0,9.29,0.936,0.225,24.38,12.06,15.21,27.27,33.77,12.24
747183,2024-06-29,2024,606466,R,676664,L,strikeout,True,False,123.0,0.321,19.0,15.45,9.0,7.32,1.0779999999999998,0.37499999999999994,23.01,12.47,10.07,22.54,35.29,17.92,199.0,0.313,24.0,12.06,17.0,8.54,0.879,0.184,19.78,9.92,12.91,22.83,31.78,12.7,303.0,0.272,43.0,14.19,25.0,8.25,0.833,0.21499999999999997,19.78,9.79,15.75,25.53,27.26,13.07,597.0,0.232,137.0,22.95,40.0,6.7,0.749,0.214,24.94,12.75,14.01,26.77,28.36,18.52
747183,2024-06-29,2024,677942,R,676664,L,field_out,False,False,81.0,0.31,23.0,28.4,7.0,8.64,0.853,0.15500000000000003,26.67,13.66,11.8,25.47,24.7,20.72,,,,,,,,,,,,,,,303.0,0.272,43.0,14.19,25.0,8.25,0.833,0.21499999999999997,19.78,9.79,15.75,25.53,27.26,13.07,597.0,0.232,137.0,22.95,40.0,6.7,0.749,0.214,24.94,12.75,14.01,26.77,28.36,18.52
747183,2024-06-29,2024,663662,R,679885,R,strikeout,True,False,51.0,0.149,12.0,23.53,3.0,5.88,0.429,0.064,25.51,13.02,18.23,31.25,25.0,18.75,,,,,,,,,,,,,,,77.0,0.235,20.0,25.97,9.0,11.69,0.56,0.0,37.23,16.24,19.43,35.67,31.45,21.51,32.0,0.192,9.0,28.12,4.0,12.5,0.6519999999999999,0.1159999999999999,36.73,14.75,17.21,31.97,22.73,33.33
747183,2024-06-29,2024,669137,R,679885,R,single,False,False,11.0,0.444,2.0,18.18,2.0,18.18,0.9890000000000001,0.0,28.57,10.53,26.32,36.84,22.22,28.57,,,,,,,,,,,,,,,77.0,0.235,20.0,25.97,9.0,11.69,0.56,0.0,37.23,16.24,19.43,35.67,31.45,21.51,32.0,0.192,9.0,28.12,4.0,12.5,0.6519999999999999,0.1159999999999999,36.73,14.75,17.21,31.97,22.73,33.33
747183,2024-06-29,2024,680869,R,679885,R,single,False,False,194.0,0.213,66.0,34.02,12.0,6.19,0.637,0.158,35.06,17.88,15.5,33.38,28.92,29.07,220.0,0.303,54.0,24.55,18.0,8.18,0.969,0.298,30.92,15.24,15.12,30.36,29.22,21.29,77.0,0.235,20.0,25.97,9.0,11.69,0.56,0.0,37.23,16.24,19.43,35.67,31.45,21.51,32.0,0.192,9.0,28.12,4.0,12.5,0.6519999999999999,0.1159999999999999,36.73,14.75,17.21,31.97,22.73,33.33
747183,2024-06-29,2024,680474,R,679885,R,strikeout,True,False,155.0,0.239,43.0,27.74,16.0,10.32,0.638,0.07400000000000001,28.84,12.09,20.57,32.65,21.52,21.94,,,,,,,,,,,,,,,77.0,0.235,20.0,25.97,9.0,11.69,0.56,0.0,37.23,16.24,19.43,35.67,31.45,21.51,32.0,0.192,9.0,28.12,4.0,12.5,0.6519999999999999,0.1159999999999999,36.73,14.75,17.21,31.97,22.73,33.33
747183,2024-06-29,2024,668709,L,679885,R,strikeout,True,False,275.0,0.256,50.0,18.18,31.0,11.27,0.789,0.19,24.73,10.75,16.96,27.71,22.74,17.79,232.0,0.209,53.0,22.84,35.0,15.09,0.726,0.184,28.61,12.18,15.3,27.48,19.27,20.46,50.0,0.19,14.0,28.0,7.0,14.0,0.52,0.023999999999999994,30.53,14.01,15.46,29.47,25.71,21.54,25.0,0.444,5.0,20.0,7.0,28.0,1.4329999999999998,0.3889999999999999,28.89,11.02,13.56,24.58,32.39,14.71
747183,2024-06-29,2024,666971,R,676664,L,home_run,False,False,93.0,0.356,16.0,17.2,3.0,3.23,0.954,0.22199999999999998,19.46,9.81,17.71,27.52,37.97,13.56,160.0,0.301,18.0,11.25,12.0,7.5,0.8140000000000001,0.151,14.39,6.67,17.26,23.93,28.33,12.16,303.0,0.272,43.0,14.19,25.0,8.25,0.833,0.21499999999999997,19.78,9.79,15.75,25.53,27.26,13.07,597.0,0.232,137.0,22.95,40.0,6.7,0.749,0.214,24.94,12.75,14.01,26.77,28.36,18.52
747183,2024-06-29,2024,572233,R,676664,L,field_out,False,False,93.0,0.247,27.0,29.03,7.0,7.53,0.6890000000000001,0.14100000000000001,26.7,12.62,15.84,28.47,23.74,18.88,168.0,0.255,32.0,19.05,20.0,11.9,0.922,0.3189999999999999,27.22,12.57,12.85,25.42,24.16,14.55,303.0,0.272,43.0,14.19,25.0,8.25,0.833,0.21499999999999997,19.78,9.79,15.75,25.53,27.26,13.07,597.0,0.232,137.0,22.95,40.0,6.7,0.749,0.214,24.94,12.75,14.01,26.77,28.36,18.52
747183,2024-06-29,2024,545341,R,676664,L,field_out,False,False,90.0,0.312,12.0,13.33,6.0,6.67,0.829,0.15000000000000002,20.39,9.87,15.92,25.8,27.92,16.67,134.0,0.328,17.0,12.69,12.0,8.96,0.995,0.2789999999999999,21.25,10.26,14.29,24.55,32.84,12.78,303.0,0.272,43.0,14.19,25.0,8.25,0.833,0.21499999999999997,19.78,9.79,15.75,25.53,27.26,13.07,597.0,0.232,137.0,22.95,40.0,6.7,0.749,0.214,24.94,12.75,14.01,26.77,28.36,18.52
747183,2024-06-29,2024,553993,R,676664,L,strikeout,True,False,89.0,0.184,31.0,34.83,10.0,11.24,0.518,0.05299999999999999,32.3,13.68,18.42,32.11,21.93,26.72,158.0,0.252,53.0,33.54,22.0,13.92,0.743,0.13,34.48,14.75,15.49,30.24,22.05,25.0,303.0,0.272,43.0,14.19,25.0,8.25,0.833,0.21499999999999997,19.78,9.79,15.75,25.53,27.26,13.07,597.0,0.232,137.0,22.95,40.0,6.7,0.749,0.214,24.94,12.75,14.01,26.77,28.36,18.52
747183,2024-06-29,2024,609280,R,679885,R,field_out,False,False,110.0,0.295,16.0,14.55,4.0,3.64,0.6990000000000001,0.08600000000000002,16.75,8.39,17.75,26.14,33.65,13.68,52.0,0.229,6.0,11.54,4.0,7.69,0.705,0.1879999999999999,14.58,7.49,13.9,21.39,30.93,12.77,77.0,0.235,20.0,25.97,9.0,11.69,0.56,0.0,37.23,16.24,19.43,35.67,31.45,21.51,32.0,0.192,9.0,28.12,4.0,12.5,0.6519999999999999,0.1159999999999999,36.73,14.75,17.21,31.97,22.73,33.33
747183,2024-06-29,2024,667670,R,679885,R,strikeout,True,False,222.0,0.267,80.0,36.04,23.0,10.36,0.83,0.21499999999999997,38.53,18.7,12.76,31.46,30.37,28.57,351.0,0.23,115.0,32.76,33.0,9.4,0.788,0.2419999999999999,37.94,17.82,16.3,34.12,28.65,23.47,77.0,0.235,20.0,25.97,9.0,11.69,0.56,0.0,37.23,16.24,19.43,35.67,31.45,21.51,32.0,0.192,9.0,28.12,4.0,12.5,0.6519999999999999,0.1159999999999999,36.73,14.75,17.21,31.97,22.73,33.33
747183,2024-06-29,2024,669127,R,657044,R,field_out,False,False,193.0,0.211,52.0,26.94,13.0,6.74,0.738,0.252,30.18,15.13,16.02,31.16,32.14,27.81,344.0,0.217,101.0,29.36,23.0,6.69,0.7230000000000001,0.226,32.34,16.3,14.73,31.03,31.22,23.88,72.0,0.243,17.0,23.61,2.0,2.78,0.635,0.128,22.96,11.65,19.17,30.83,37.29,19.32,73.0,0.169,14.0,19.18,7.0,9.59,0.5980000000000001,0.169,19.13,8.09,20.96,29.04,23.62,20.9
747183,2024-06-29,2024,682998,L,518397,L,walk,False,True,108.0,0.196,23.0,21.3,7.0,6.48,0.547,0.08200000000000002,22.4,9.9,19.57,29.47,32.26,19.66,174.0,0.283,20.0,11.49,11.0,6.32,0.7210000000000001,0.099,19.57,8.84,18.17,27.0,25.0,14.71,21.0,0.15,2.0,9.52,1.0,4.76,0.33999999999999997,0.0,10.0,4.17,23.61,27.78,31.43,11.76,83.0,0.215,16.0,19.28,3.0,3.61,0.56,0.101,24.84,13.2,16.17,29.37,31.5,16.84
747183,2024-06-29,2024,672695,R,518397,L,sac_bunt,False,False,22.0,0.238,3.0,13.64,0.0,0.0,0.476,0.0,8.11,3.41,23.86,27.27,16.67,10.34,71.0,0.242,6.0,8.45,4.0,5.63,0.5780000000000001,0.032,11.11,4.68,20.14,24.82,19.85,7.59,29.0,0.273,4.0,13.79,4.0,13.79,0.961,0.31799999999999995,25.0,12.63,5.26,17.89,38.3,21.05,125.0,0.328,15.0,12.0,8.0,6.4,0.781,0.077,16.67,8.44,14.64,23.08,30.3,17.65
747183,2024-06-29,2024,621028,R,518397,L,field_out,False,False,68.0,0.292,6.0,8.82,2.0,2.94,0.74,0.139,9.92,5.15,17.17,22.32,29.91,10.17,110.0,0.278,16.0,14.55,10.0,9.09,0.813,0.186,14.21,6.42,19.26,25.68,27.4,13.79,29.0,0.273,4.0,13.79,4.0,13.79,0.961,0.31799999999999995,25.0,12.63,5.26,17.89,38.3,21.05,125.0,0.328,15.0,12.0,8.0,6.4,0.781,0.077,16.67,8.44,14.64,23.08,30.3,17.65
747183,2024-06-29,2024,606466,R,518397,L,single,False,False,123.0,0.321,19.0,15.45,9.0,7.32,1.0779999999999998,0.37499999999999994,23.01,12.47,10.07,22.54,35.29,17.92,199.0,0.313,24.0,12.06,17.0,8.54,0.879,0.184,19.78,9.92,12.91,22.83,31.78,12.7,29.0,0.273,4.0,13.79,4.0,13.79,0.961,0.31799999999999995,25.0,12.63,5.26,17.89,38.3,21.05,125.0,0.328,15.0,12.0,8.0,6.4,0.781,0.077,16.67,8.44,14.64,23.08,30.3,17.65
747183,2024-06-29,2024,677942,R,518397,L,field_out,False,False,81.0,0.31,23.0,28.4,7.0,8.64,0.853,0.15500000000000003,26.67,13.66,11.8,25.47,24.7,20.72,,,,,,,,,,,,,,,29.0,0.273,4.0,13.79,4.0,13.79,0.961,0.31799999999999995,25.0,12.63,5.26,17.89,38.3,21.05,125.0,0.328,15.0,12.0,8.0,6.4,0.781,0.077,16.67,8.44,14.64,23.08,30.3,17.65
747183,2024-06-29,2024,691016,L,657044,R,home_run,False,False,123.0,0.224,39.0,31.71,12.0,9.76,0.769,0.225,34.72,16.48,14.95,31.43,29.18,30.71,118.0,0.159,37.0,31.36,10.0,8.47,0.472,0.0839999999999999,33.93,16.67,14.91,31.58,29.36,28.91,57.0,0.241,7.0,12.28,2.0,3.51,0.638,0.129,15.38,8.16,17.35,25.51,35.05,13.73,48.0,0.209,7.0,14.58,1.0,2.08,0.579,0.093,15.85,7.43,18.29,25.71,25.64,16.28
747183,2024-06-29,2024,663662,R,657044,R,field_out,False,False,51.0,0.149,12.0,23.53,3.0,5.88,0.429,0.064,25.51,13.02,18.23,31.25,25.0,18.75,,,,,,,,,,,,,,,72.0,0.243,17.0,23.61,2.0,2.78,0.635,0.128,22.96,11.65,19.17,30.83,37.29,19.32,73.0,0.169,14.0,19.18,7.0,9.59,0.5980000000000001,0.169,19.13,8.09,20.96,29.04,23.62,20.9
747183,2024-06-29,2024,669137,R,657044,R,walk,False,True,11.0,0.444,2.0,18.18,2.0,18.18,0.9890000000000001,0.0,28.57,10.53,26.32,36.84,22.22,28.57,,,,,,,,,,,,,,,72.0,0.243,17.0,23.61,2.0,2.78,0.635,0.128,22.96,11.65,19.17,30.83,37.29,19.32,73.0,0.169,14.0,19.18,7.0,9.59,0.5980000000000001,0.169,19.13,8.09,20.96,29.04,23.62,20.9
747183,2024-06-29,2024,680869,R,657044,R,triple,False,False,194.0,0.213,66.0,34.02,12.0,6.19,0.637,0.158,35.06,17.88,15.5,33.38,28.92,29.07,220.0,0.303,54.0,24.55,18.0,8.18,0.969,0.298,30.92,15.24,15.12,30.36,29.22,21.29,72.0,0.243,17.0,23.61,2.0,2.78,0.635,0.128,22.96,11.65,19.17,30.83,37.29,19.32,73.0,0.169,14.0,19.18,7.0,9.59,0.5980000000000001,0.169,19.13,8.09,20.96,29.04,23.62,20.9
747183,2024-06-29,2024,680474,R,657044,R,single,False,False,155.0,0.239,43.0,27.74,16.0,10.32,0.638,0.07400000000000001,28.84,12.09,20.57,32.65,21.52,21.94,,,,,,,,,,,,,,,72.0,0.243,17.0,23.61,2.0,2.78,0.635,0.128,22.96,11.65,19.17,30.83,37.29,19.32,73.0,0.169,14.0,19.18,7.0,9.59,0.5980000000000001,0.169,19.13,8.09,20.96,29.04,23.62,20.9
747183,2024-06-29,2024,668709,L,657044,R,field_out,False,False,275.0,0.256,50.0,18.18,31.0,11.27,0.789,0.19,24.73,10.75,16.96,27.71,22.74,17.79,232.0,0.209,53.0,22.84,35.0,15.09,0.726,0.184,28.61,12.18,15.3,27.48,19.27,20.46,57.0,0.241,7.0,12.28,2.0,3.51,0.638,0.129,15.38,8.16,17.35,25.51,35.05,13.73,48.0,0.209,7.0,14.58,1.0,2.08,0.579,0.093,15.85,7.43,18.29,25.71,25.64,16.28
747183,2024-06-29,2024,609280,R,657044,R,strikeout,True,False,110.0,0.295,16.0,14.55,4.0,3.64,0.6990000000000001,0.08600000000000002,16.75,8.39,17.75,26.14,33.65,13.68,52.0,0.229,6.0,11.54,4.0,7.69,0.705,0.1879999999999999,14.58,7.49,13.9,21.39,30.93,12.77,72.0,0.243,17.0,23.61,2.0,2.78,0.635,0.128,22.96,11.65,19.17,30.83,37.29,19.32,73.0,0.169,14.0,19.18,7.0,9.59,0.5980000000000001,0.169,19.13,8.09,20.96,29.04,23.62,20.9
747183,2024-06-29,2024,666971,R,668674,R,field_out,False,False,226.0,0.23,45.0,19.91,10.0,4.42,0.627,0.12699999999999997,20.88,10.51,16.24,26.75,31.62,17.65,433.0,0.247,85.0,19.63,21.0,4.85,0.756,0.22,20.07,9.99,16.64,26.63,31.06,17.82,70.0,0.194,23.0,32.86,2.0,2.86,0.528,0.10499999999999998,30.97,15.09,18.97,34.05,33.04,34.33,160.0,0.254,41.0,25.62,20.0,12.5,0.723,0.1039999999999999,27.31,11.08,18.25,29.33,23.65,21.24
747183,2024-06-29,2024,572233,R,668674,R,field_out,False,False,257.0,0.246,61.0,23.74,25.0,9.73,0.8140000000000001,0.241,25.95,12.71,12.8,25.51,25.45,17.84,497.0,0.259,95.0,19.11,42.0,8.45,0.8009999999999999,0.2129999999999999,26.19,12.83,14.15,26.98,26.84,15.33,70.0,0.194,23.0,32.86,2.0,2.86,0.528,0.10499999999999998,30.97,15.09,18.97,34.05,33.04,34.33,160.0,0.254,41.0,25.62,20.0,12.5,0.723,0.1039999999999999,27.31,11.08,18.25,29.33,23.65,21.24
747183,2024-06-29,2024,664983,L,668674,R,hit_by_pitch,False,False,168.0,0.252,29.0,17.26,14.0,8.33,0.724,0.133,20.7,9.7,16.28,25.99,27.44,16.48,230.0,0.255,51.0,22.17,17.0,7.39,0.643,0.072,22.4,11.76,13.9,25.65,32.76,19.39,53.0,0.268,11.0,20.75,9.0,16.98,0.946,0.244,34.41,14.55,16.82,31.36,32.8,16.42,92.0,0.23,27.0,29.35,16.0,17.39,0.731,0.1209999999999999,29.94,12.74,16.11,28.85,22.48,17.88
747183,2024-06-29,2024,553993,R,668674,R,single,False,False,218.0,0.197,57.0,26.15,16.0,7.34,0.617,0.14500000000000002,30.34,14.25,15.17,29.42,26.2,21.84,537.0,0.227,161.0,29.98,48.0,8.94,0.706,0.167,32.3,14.54,16.91,31.45,23.96,22.87,70.0,0.194,23.0,32.86,2.0,2.86,0.528,0.10499999999999998,30.97,15.09,18.97,34.05,33.04,34.33,160.0,0.254,41.0,25.62,20.0,12.5,0.723,0.1039999999999999,27.31,11.08,18.25,29.33,23.65,21.24
747183,2024-06-29,2024,682998,L,519008,L,strikeout,True,False,108.0,0.196,23.0,21.3,7.0,6.48,0.547,0.08200000000000002,22.4,9.9,19.57,29.47,32.26,19.66,174.0,0.283,20.0,11.49,11.0,6.32,0.7210000000000001,0.099,19.57,8.84,18.17,27.0,25.0,14.71,65.0,0.242,12.0,18.46,2.0,3.08,0.6160000000000001,0.09700000000000003,22.86,10.71,22.77,33.48,31.63,21.43,5.0,0.25,1.0,20.0,1.0,20.0,0.65,0.0,42.86,15.79,10.53,26.32,16.67,100.0
747183,2024-06-29,2024,667670,R,676714,L,home_run,False,False,64.0,0.254,19.0,29.69,5.0,7.81,0.9390000000000001,0.373,27.73,14.22,15.52,29.74,32.74,27.94,175.0,0.279,57.0,32.57,16.0,9.14,0.873,0.24,38.91,17.09,17.51,34.6,24.59,28.22,46.0,0.474,8.0,17.39,6.0,13.04,1.754,0.7370000000000001,24.36,10.5,15.47,25.97,25.74,18.18,33.0,0.296,7.0,21.21,4.0,12.12,0.999,0.297,31.48,13.39,16.54,29.92,33.33,18.92
747183,2024-06-29,2024,669127,R,676714,L,home_run,False,False,75.0,0.188,20.0,26.67,3.0,4.0,0.596,0.189,28.57,13.87,15.69,29.56,32.88,24.1,146.0,0.179,42.0,28.77,11.0,7.53,0.583,0.164,31.53,15.5,14.0,29.5,31.21,21.11,46.0,0.474,8.0,17.39,6.0,13.04,1.754,0.7370000000000001,24.36,10.5,15.47,25.97,25.74,18.18,33.0,0.296,7.0,21.21,4.0,12.12,0.999,0.297,31.48,13.39,16.54,29.92,33.33,18.92
747183,2024-06-29,2024,691016,L,676714,L,field_out,False,False,12.0,0.273,1.0,8.33,1.0,8.33,0.788,0.182,16.67,9.3,9.3,18.6,28.57,10.0,20.0,0.167,6.0,30.0,1.0,5.0,0.472,0.0549999999999999,26.47,14.06,18.75,32.81,33.33,35.29,28.0,0.192,10.0,35.71,1.0,3.57,0.442,0.0,34.69,15.18,17.86,33.04,27.78,32.26,30.0,0.231,10.0,33.33,4.0,13.33,0.5640000000000001,0.0,43.14,18.97,13.79,32.76,23.44,29.41
747183,2024-06-29,2024,663662,R,676714,L,home_run,False,False,17.0,0.267,5.0,29.41,2.0,11.76,1.153,0.533,32.35,15.07,10.96,26.03,21.95,20.83,,,,,,,,,,,,,,,46.0,0.474,8.0,17.39,6.0,13.04,1.754,0.7370000000000001,24.36,10.5,15.47,25.97,25.74,18.18,33.0,0.296,7.0,21.21,4.0,12.12,0.999,0.297,31.48,13.39,16.54,29.92,33.33,18.92
747183,2024-06-29,2024,669137,R,676714,L,field_out,False,False,3.0,0.667,0.0,0.0,0.0,0.0,1.667,0.33299999999999996,20.0,8.33,25.0,33.33,33.33,0.0,,,,,,,,,,,,,,,46.0,0.474,8.0,17.39,6.0,13.04,1.754,0.7370000000000001,24.36,10.5,15.47,25.97,25.74,18.18,33.0,0.296,7.0,21.21,4.0,12.12,0.999,0.297,31.48,13.39,16.54,29.92,33.33,18.92
747183,2024-06-29,2024,680869,R,676714,L,strikeout,True,False,55.0,0.176,21.0,38.18,4.0,7.27,0.569,0.15700000000000003,42.31,21.57,15.2,36.76,27.96,35.0,80.0,0.167,28.0,35.0,8.0,10.0,0.486,0.0689999999999999,40.48,21.25,11.56,32.81,27.92,34.57,46.0,0.474,8.0,17.39,6.0,13.04,1.754,0.7370000000000001,24.36,10.5,15.47,25.97,25.74,18.18,33.0,0.296,7.0,21.21,4.0,12.12,0.999,0.297,31.48,13.39,16.54,29.92,33.33,18.92
747183,2024-06-29,2024,672695,L,695243,R,strikeout,True,False,54.0,0.277,8.0,14.81,5.0,9.26,0.71,0.063,15.05,6.19,23.45,29.65,24.55,10.53,424.0,0.246,80.0,18.87,60.0,14.15,0.736,0.128,15.84,6.08,21.64,27.72,16.63,14.68,63.0,0.089,33.0,52.38,7.0,11.11,0.351,0.07200000000000001,47.62,23.72,17.79,41.5,35.09,36.67,62.0,0.167,16.0,25.81,10.0,16.13,0.573,0.0829999999999999,22.31,9.61,13.88,23.49,22.0,18.39
747183,2024-06-29,2024,645444,L,695243,R,strikeout,True,False,4.0,0.25,1.0,25.0,0.0,0.0,0.5,0.0,33.33,14.29,21.43,35.71,0.0,33.33,93.0,0.212,21.0,22.58,10.0,10.75,0.5469999999999999,0.038,18.62,7.07,25.13,32.2,13.61,16.24,63.0,0.089,33.0,52.38,7.0,11.11,0.351,0.07200000000000001,47.62,23.72,17.79,41.5,35.09,36.67,62.0,0.167,16.0,25.81,10.0,16.13,0.573,0.0829999999999999,22.31,9.61,13.88,23.49,22.0,18.39
747183,2024-06-29,2024,606466,L,695243,R,field_out,False,False,227.0,0.263,47.0,20.7,21.0,9.25,0.745,0.15599999999999997,23.13,10.88,14.39,25.26,23.78,19.25,452.0,0.259,85.0,18.81,54.0,11.95,0.827,0.2199999999999999,20.87,9.03,16.76,25.8,21.17,17.28,63.0,0.089,33.0,52.38,7.0,11.11,0.351,0.07200000000000001,47.62,23.72,17.79,41.5,35.09,36.67,62.0,0.167,16.0,25.81,10.0,16.13,0.573,0.0829999999999999,22.31,9.61,13.88,23.49,22.0,18.39
746292,2024-06-29,2024,680757,L,679525,R,field_out,False,False,172.0,0.355,11.0,6.4,14.0,8.14,0.992,0.21699999999999997,6.37,2.56,23.04,25.6,19.68,6.29,494.0,0.272,52.0,10.53,50.0,10.12,0.73,0.1119999999999999,10.22,4.19,22.03,26.23,20.67,8.84,201.0,0.219,38.0,18.91,13.0,6.47,0.6120000000000001,0.11400000000000002,20.1,10.01,15.6,25.62,28.31,16.67,164.0,0.28,41.0,25.0,26.0,15.85,0.968,0.281,28.16,12.62,15.32,27.94,28.5,19.62
746292,2024-06-29,2024,682177,L,679525,R,field_out,False,False,49.0,0.244,12.0,24.49,6.0,12.24,0.742,0.17099999999999999,24.14,11.05,14.74,25.79,18.18,26.67,,,,,,,,,,,,,,,201.0,0.219,38.0,18.91,13.0,6.47,0.6120000000000001,0.11400000000000002,20.1,10.01,15.6,25.62,28.31,16.67,164.0,0.28,41.0,25.0,26.0,15.85,0.968,0.281,28.16,12.62,15.32,27.94,28.5,19.62
746292,2024-06-29,2024,608070,L,679525,R,home_run,False,False,231.0,0.245,29.0,12.55,17.0,7.36,0.808,0.26,14.05,6.9,13.59,20.49,30.68,9.67,461.0,0.302,48.0,10.41,54.0,11.71,0.863,0.179,15.4,6.98,13.91,20.89,28.02,10.17,201.0,0.219,38.0,18.91,13.0,6.47,0.6120000000000001,0.11400000000000002,20.1,10.01,15.6,25.62,28.31,16.67,164.0,0.28,41.0,25.0,26.0,15.85,0.968,0.281,28.16,12.62,15.32,27.94,28.5,19.62
746292,2024-06-29,2024,647304,L,679525,R,strikeout,True,False,222.0,0.249,34.0,15.32,23.0,10.36,0.8460000000000001,0.264,20.38,10.53,10.29,20.82,33.1,15.38,348.0,0.311,53.0,15.23,25.0,7.18,0.851,0.184,21.29,11.96,9.18,21.15,41.36,16.99,201.0,0.219,38.0,18.91,13.0,6.47,0.6120000000000001,0.11400000000000002,20.1,10.01,15.6,25.62,28.31,16.67,164.0,0.28,41.0,25.0,26.0,15.85,0.968,0.281,28.16,12.62,15.32,27.94,28.5,19.62
746292,2024-06-29,2024,672580,R,663474,R,field_out,False,False,301.0,0.23,57.0,18.94,23.0,7.64,0.609,0.091,18.66,8.12,20.39,28.51,21.51,17.65,400.0,0.258,94.0,23.5,33.0,8.25,0.648,0.071,20.3,8.71,19.59,28.3,19.12,19.96,175.0,0.252,44.0,25.14,30.0,17.14,0.888,0.251,27.4,11.75,14.83,26.58,22.93,23.53,46.0,0.279,12.0,26.09,3.0,6.52,0.8140000000000001,0.2089999999999999,30.21,16.76,12.14,28.9,36.47,22.64
746292,2024-06-29,2024,677951,R,663474,R,strikeout,True,False,312.0,0.313,54.0,17.31,25.0,8.01,0.913,0.22800000000000004,24.01,11.8,14.77,26.57,29.92,17.65,547.0,0.27,93.0,17.0,33.0,6.03,0.8,0.2149999999999999,22.15,10.87,15.53,26.4,29.62,14.44,175.0,0.252,44.0,25.14,30.0,17.14,0.888,0.251,27.4,11.75,14.83,26.58,22.93,23.53,46.0,0.279,12.0,26.09,3.0,6.52,0.8140000000000001,0.2089999999999999,30.21,16.76,12.14,28.9,36.47,22.64
746292,2024-06-29,2024,686469,L,663474,R,field_out,False,False,267.0,0.233,33.0,12.36,30.0,11.24,0.755,0.19899999999999998,13.19,5.81,16.21,22.02,26.48,11.96,188.0,0.251,23.0,12.23,15.0,7.98,0.784,0.217,14.85,7.02,17.48,24.5,34.8,10.0,166.0,0.228,30.0,18.07,19.0,11.45,0.77,0.227,18.32,7.64,18.95,26.59,21.45,18.99,27.0,0.0,4.0,14.81,10.0,37.04,0.37,0.0,17.95,5.51,15.75,21.26,11.84,15.38
746292,2024-06-29,2024,681807,R,679525,R,single,False,False,113.0,0.301,21.0,18.58,6.0,5.31,0.81,0.15500000000000003,21.4,11.27,14.22,25.49,30.41,16.8,63.0,0.246,19.0,30.16,3.0,4.76,0.727,0.175,29.77,16.96,13.91,30.87,36.11,25.0,137.0,0.266,36.0,26.28,12.0,8.76,0.8360000000000001,0.242,28.28,12.59,18.25,30.84,23.42,22.58,178.0,0.253,44.0,24.72,13.0,7.3,0.827,0.241,31.29,14.44,17.58,32.03,29.05,26.51
746292,2024-06-29,2024,665926,L,679525,R,single,False,False,227.0,0.243,33.0,14.54,14.0,6.17,0.653,0.09900000000000003,24.48,13.33,12.54,25.88,35.54,11.76,419.0,0.243,86.0,20.53,24.0,5.73,0.712,0.162,26.46,14.29,12.8,27.09,38.97,17.27,201.0,0.219,38.0,18.91,13.0,6.47,0.6120000000000001,0.11400000000000002,20.1,10.01,15.6,25.62,28.31,16.67,164.0,0.28,41.0,25.0,26.0,15.85,0.968,0.281,28.16,12.62,15.32,27.94,28.5,19.62
746292,2024-06-29,2024,671289,R,679525,R,grounded_into_double_play,False,False,198.0,0.221,28.0,14.14,13.0,6.57,0.634,0.10500000000000001,15.81,7.42,19.26,26.68,29.97,15.38,89.0,0.266,17.0,19.1,6.0,6.74,0.656,0.076,20.13,9.22,18.73,27.95,29.94,17.0,137.0,0.266,36.0,26.28,12.0,8.76,0.8360000000000001,0.242,28.28,12.59,18.25,30.84,23.42,22.58,178.0,0.253,44.0,24.72,13.0,7.3,0.827,0.241,31.29,14.44,17.58,32.03,29.05,26.51
746292,2024-06-29,2024,521692,R,663474,R,home_run,False,False,254.0,0.281,46.0,18.11,19.0,7.48,0.834,0.20099999999999996,25.9,14.8,9.68,24.48,43.65,15.59,437.0,0.264,100.0,22.88,11.0,2.52,0.73,0.174,30.72,18.16,9.73,27.89,45.56,22.08,175.0,0.252,44.0,25.14,30.0,17.14,0.888,0.251,27.4,11.75,14.83,26.58,22.93,23.53,46.0,0.279,12.0,26.09,3.0,6.52,0.8140000000000001,0.2089999999999999,30.21,16.76,12.14,28.9,36.47,22.64
746292,2024-06-29,2024,592669,R,663474,R,home_run,False,False,151.0,0.216,28.0,18.54,16.0,10.6,0.708,0.18700000000000003,24.6,10.08,20.81,30.89,24.05,15.73,408.0,0.229,91.0,22.3,35.0,8.58,0.723,0.1969999999999999,28.12,14.44,14.12,28.56,33.7,19.12,175.0,0.252,44.0,25.14,30.0,17.14,0.888,0.251,27.4,11.75,14.83,26.58,22.93,23.53,46.0,0.279,12.0,26.09,3.0,6.52,0.8140000000000001,0.2089999999999999,30.21,16.76,12.14,28.9,36.47,22.64
746292,2024-06-29,2024,669004,L,663474,R,strikeout,True,False,211.0,0.194,56.0,26.54,19.0,9.0,0.673,0.20900000000000002,29.91,15.28,12.01,27.29,26.62,17.23,459.0,0.239,122.0,26.58,55.0,11.98,0.752,0.181,32.7,15.24,15.56,30.8,24.84,20.68,166.0,0.228,30.0,18.07,19.0,11.45,0.77,0.227,18.32,7.64,18.95,26.59,21.45,18.99,27.0,0.0,4.0,14.81,10.0,37.04,0.37,0.0,17.95,5.51,15.75,21.26,11.84,15.38
746292,2024-06-29,2024,679845,R,663474,R,walk,False,True,97.0,0.183,16.0,16.49,13.0,13.4,0.512,0.037000000000000005,19.44,7.95,17.9,25.85,19.02,17.39,44.0,0.279,7.0,15.91,1.0,2.27,0.667,0.0929999999999999,20.0,9.64,16.87,26.51,25.61,14.29,175.0,0.252,44.0,25.14,30.0,17.14,0.888,0.251,27.4,11.75,14.83,26.58,22.93,23.53,46.0,0.279,12.0,26.09,3.0,6.52,0.8140000000000001,0.2089999999999999,30.21,16.76,12.14,28.9,36.47,22.64
746292,2024-06-29,2024,666023,R,663474,R,grounded_into_double_play,False,False,110.0,0.265,22.0,20.0,7.0,6.36,0.721,0.14699999999999996,24.89,12.93,14.55,27.48,32.57,15.71,169.0,0.288,36.0,21.3,9.0,5.33,0.785,0.174,23.9,13.04,10.79,23.84,30.17,16.22,175.0,0.252,44.0,25.14,30.0,17.14,0.888,0.251,27.4,11.75,14.83,26.58,22.93,23.53,46.0,0.279,12.0,26.09,3.0,6.52,0.8140000000000001,0.2089999999999999,30.21,16.76,12.14,28.9,36.47,22.64
746292,2024-06-29,2024,677587,L,679525,R,single,False,False,169.0,0.224,27.0,15.98,20.0,11.83,0.634,0.07699999999999999,21.07,9.78,15.18,24.96,28.61,12.56,53.0,0.3,12.0,22.64,2.0,3.77,0.7010000000000001,0.08,28.07,15.31,15.79,31.1,41.59,17.39,201.0,0.219,38.0,18.91,13.0,6.47,0.6120000000000001,0.11400000000000002,20.1,10.01,15.6,25.62,28.31,16.67,164.0,0.28,41.0,25.0,26.0,15.85,0.968,0.281,28.16,12.62,15.32,27.94,28.5,19.62
746292,2024-06-29,2024,595978,R,679525,R,force_out,False,False,33.0,0.188,11.0,33.33,1.0,3.03,0.493,0.09300000000000003,28.36,15.57,16.39,31.97,33.33,27.5,136.0,0.205,31.0,22.79,6.0,4.41,0.477,0.026,29.05,14.86,16.56,31.42,32.03,24.41,137.0,0.266,36.0,26.28,12.0,8.76,0.8360000000000001,0.242,28.28,12.59,18.25,30.84,23.42,22.58,178.0,0.253,44.0,24.72,13.0,7.3,0.827,0.241,31.29,14.44,17.58,32.03,29.05,26.51
746292,2024-06-29,2024,680757,L,679525,R,hit_by_pitch,False,False,172.0,0.355,11.0,6.4,14.0,8.14,0.992,0.21699999999999997,6.37,2.56,23.04,25.6,19.68,6.29,494.0,0.272,52.0,10.53,50.0,10.12,0.73,0.1119999999999999,10.22,4.19,22.03,26.23,20.67,8.84,201.0,0.219,38.0,18.91,13.0,6.47,0.6120000000000001,0.11400000000000002,20.1,10.01,15.6,25.62,28.31,16.67,164.0,0.28,41.0,25.0,26.0,15.85,0.968,0.281,28.16,12.62,15.32,27.94,28.5,19.62
746292,2024-06-29,2024,682177,L,679525,R,strikeout,True,False,49.0,0.244,12.0,24.49,6.0,12.24,0.742,0.17099999999999999,24.14,11.05,14.74,25.79,18.18,26.67,,,,,,,,,,,,,,,201.0,0.219,38.0,18.91,13.0,6.47,0.6120000000000001,0.11400000000000002,20.1,10.01,15.6,25.62,28.31,16.67,164.0,0.28,41.0,25.0,26.0,15.85,0.968,0.281,28.16,12.62,15.32,27.94,28.5,19.62
746292,2024-06-29,2024,608070,L,679525,R,strikeout,True,False,231.0,0.245,29.0,12.55,17.0,7.36,0.808,0.26,14.05,6.9,13.59,20.49,30.68,9.67,461.0,0.302,48.0,10.41,54.0,11.71,0.863,0.179,15.4,6.98,13.91,20.89,28.02,10.17,201.0,0.219,38.0,18.91,13.0,6.47,0.6120000000000001,0.11400000000000002,20.1,10.01,15.6,25.62,28.31,16.67,164.0,0.28,41.0,25.0,26.0,15.85,0.968,0.281,28.16,12.62,15.32,27.94,28.5,19.62
746292,2024-06-29,2024,664728,L,663474,R,strikeout,True,False,188.0,0.237,32.0,17.02,11.0,5.85,0.68,0.16200000000000003,17.33,7.94,21.07,29.01,32.72,18.6,253.0,0.223,43.0,17.0,12.0,4.74,0.631,0.147,20.48,9.51,19.8,29.31,28.6,18.78,166.0,0.228,30.0,18.07,19.0,11.45,0.77,0.227,18.32,7.64,18.95,26.59,21.45,18.99,27.0,0.0,4.0,14.81,10.0,37.04,0.37,0.0,17.95,5.51,15.75,21.26,11.84,15.38
746292,2024-06-29,2024,672580,R,663474,R,single,False,False,301.0,0.23,57.0,18.94,23.0,7.64,0.609,0.091,18.66,8.12,20.39,28.51,21.51,17.65,400.0,0.258,94.0,23.5,33.0,8.25,0.648,0.071,20.3,8.71,19.59,28.3,19.12,19.96,175.0,0.252,44.0,25.14,30.0,17.14,0.888,0.251,27.4,11.75,14.83,26.58,22.93,23.53,46.0,0.279,12.0,26.09,3.0,6.52,0.8140000000000001,0.2089999999999999,30.21,16.76,12.14,28.9,36.47,22.64
746292,2024-06-29,2024,677951,R,663474,R,intent_walk,False,True,312.0,0.313,54.0,17.31,25.0,8.01,0.913,0.22800000000000004,24.01,11.8,14.77,26.57,29.92,17.65,547.0,0.27,93.0,17.0,33.0,6.03,0.8,0.2149999999999999,22.15,10.87,15.53,26.4,29.62,14.44,175.0,0.252,44.0,25.14,30.0,17.14,0.888,0.251,27.4,11.75,14.83,26.58,22.93,23.53,46.0,0.279,12.0,26.09,3.0,6.52,0.8140000000000001,0.2089999999999999,30.21,16.76,12.14,28.9,36.47,22.64
746292,2024-06-29,2024,686469,L,663474,R,single,False,False,267.0,0.233,33.0,12.36,30.0,11.24,0.755,0.19899999999999998,13.19,5.81,16.21,22.02,26.48,11.96,188.0,0.251,23.0,12.23,15.0,7.98,0.784,0.217,14.85,7.02,17.48,24.5,34.8,10.0,166.0,0.228,30.0,18.07,19.0,11.45,0.77,0.227,18.32,7.64,18.95,26.59,21.45,18.99,27.0,0.0,4.0,14.81,10.0,37.04,0.37,0.0,17.95,5.51,15.75,21.26,11.84,15.38
746292,2024-06-29,2024,521692,R,663474,R,single,False,False,254.0,0.281,46.0,18.11,19.0,7.48,0.834,0.20099999999999996,25.9,14.8,9.68,24.48,43.65,15.59,437.0,0.264,100.0,22.88,11.0,2.52,0.73,0.174,30.72,18.16,9.73,27.89,45.56,22.08,175.0,0.252,44.0,25.14,30.0,17.14,0.888,0.251,27.4,11.75,14.83,26.58,22.93,23.53,46.0,0.279,12.0,26.09,3.0,6.52,0.8140000000000001,0.2089999999999999,30.21,16.76,12.14,28.9,36.47,22.64
746292,2024-06-29,2024,592669,R,663474,R,walk,False,True,151.0,0.216,28.0,18.54,16.0,10.6,0.708,0.18700000000000003,24.6,10.08,20.81,30.89,24.05,15.73,408.0,0.229,91.0,22.3,35.0,8.58,0.723,0.1969999999999999,28.12,14.44,14.12,28.56,33.7,19.12,175.0,0.252,44.0,25.14,30.0,17.14,0.888,0.251,27.4,11.75,14.83,26.58,22.93,23.53,46.0,0.279,12.0,26.09,3.0,6.52,0.8140000000000001,0.2089999999999999,30.21,16.76,12.14,28.9,36.47,22.64
746292,2024-06-29,2024,669004,L,658648,R,single,False,False,211.0,0.194,56.0,26.54,19.0,9.0,0.673,0.20900000000000002,29.91,15.28,12.01,27.29,26.62,17.23,459.0,0.239,122.0,26.58,55.0,11.98,0.752,0.181,32.7,15.24,15.56,30.8,24.84,20.68,70.0,0.158,18.0,25.71,10.0,14.29,0.534,0.10500000000000001,26.27,10.65,17.87,28.52,24.26,22.22,96.0,0.188,19.0,19.79,14.0,14.58,0.5780000000000001,0.074,21.64,9.25,15.0,24.25,24.89,16.1
746292,2024-06-29,2024,679845,R,658648,R,grounded_into_double_play,False,False,97.0,0.183,16.0,16.49,13.0,13.4,0.512,0.037000000000000005,19.44,7.95,17.9,25.85,19.02,17.39,44.0,0.279,7.0,15.91,1.0,2.27,0.667,0.0929999999999999,20.0,9.64,16.87,26.51,25.61,14.29,106.0,0.255,25.0,23.58,9.0,8.49,0.769,0.181,26.74,13.26,14.59,27.85,31.28,23.36,125.0,0.262,35.0,28.0,11.0,8.8,0.743,0.131,34.03,16.36,15.35,31.72,30.53,20.0
746292,2024-06-29,2024,647304,L,679525,R,walk,False,True,222.0,0.249,34.0,15.32,23.0,10.36,0.8460000000000001,0.264,20.38,10.53,10.29,20.82,33.1,15.38,348.0,0.311,53.0,15.23,25.0,7.18,0.851,0.184,21.29,11.96,9.18,21.15,41.36,16.99,201.0,0.219,38.0,18.91,13.0,6.47,0.6120000000000001,0.11400000000000002,20.1,10.01,15.6,25.62,28.31,16.67,164.0,0.28,41.0,25.0,26.0,15.85,0.968,0.281,28.16,12.62,15.32,27.94,28.5,19.62
746292,2024-06-29,2024,681807,R,679525,R,grounded_into_double_play,False,False,113.0,0.301,21.0,18.58,6.0,5.31,0.81,0.15500000000000003,21.4,11.27,14.22,25.49,30.41,16.8,63.0,0.246,19.0,30.16,3.0,4.76,0.727,0.175,29.77,16.96,13.91,30.87,36.11,25.0,137.0,0.266,36.0,26.28,12.0,8.76,0.8360000000000001,0.242,28.28,12.59,18.25,30.84,23.42,22.58,178.0,0.253,44.0,24.72,13.0,7.3,0.827,0.241,31.29,14.44,17.58,32.03,29.05,26.51
746292,2024-06-29,2024,665926,L,679525,R,field_out,False,False,227.0,0.243,33.0,14.54,14.0,6.17,0.653,0.09900000000000003,24.48,13.33,12.54,25.88,35.54,11.76,419.0,0.243,86.0,20.53,24.0,5.73,0.712,0.162,26.46,14.29,12.8,27.09,38.97,17.27,201.0,0.219,38.0,18.91,13.0,6.47,0.6120000000000001,0.11400000000000002,20.1,10.01,15.6,25.62,28.31,16.67,164.0,0.28,41.0,25.0,26.0,15.85,0.968,0.281,28.16,12.62,15.32,27.94,28.5,19.62
746292,2024-06-29,2024,666023,R,658648,R,field_out,False,False,110.0,0.265,22.0,20.0,7.0,6.36,0.721,0.14699999999999996,24.89,12.93,14.55,27.48,32.57,15.71,169.0,0.288,36.0,21.3,9.0,5.33,0.785,0.174,23.9,13.04,10.79,23.84,30.17,16.22,106.0,0.255,25.0,23.58,9.0,8.49,0.769,0.181,26.74,13.26,14.59,27.85,31.28,23.36,125.0,0.262,35.0,28.0,11.0,8.8,0.743,0.131,34.03,16.36,15.35,31.72,30.53,20.0
746292,2024-06-29,2024,664728,L,658648,R,home_run,False,False,188.0,0.237,32.0,17.02,11.0,5.85,0.68,0.16200000000000003,17.33,7.94,21.07,29.01,32.72,18.6,253.0,0.223,43.0,17.0,12.0,4.74,0.631,0.147,20.48,9.51,19.8,29.31,28.6,18.78,70.0,0.158,18.0,25.71,10.0,14.29,0.534,0.10500000000000001,26.27,10.65,17.87,28.52,24.26,22.22,96.0,0.188,19.0,19.79,14.0,14.58,0.5780000000000001,0.074,21.64,9.25,15.0,24.25,24.89,16.1
746292,2024-06-29,2024,672580,R,658648,R,field_out,False,False,301.0,0.23,57.0,18.94,23.0,7.64,0.609,0.091,18.66,8.12,20.39,28.51,21.51,17.65,400.0,0.258,94.0,23.5,33.0,8.25,0.648,0.071,20.3,8.71,19.59,28.3,19.12,19.96,106.0,0.255,25.0,23.58,9.0,8.49,0.769,0.181,26.74,13.26,14.59,27.85,31.28,23.36,125.0,0.262,35.0,28.0,11.0,8.8,0.743,0.131,34.03,16.36,15.35,31.72,30.53,20.0
746292,2024-06-29,2024,677951,R,658648,R,single,False,False,312.0,0.313,54.0,17.31,25.0,8.01,0.913,0.22800000000000004,24.01,11.8,14.77,26.57,29.92,17.65,547.0,0.27,93.0,17.0,33.0,6.03,0.8,0.2149999999999999,22.15,10.87,15.53,26.4,29.62,14.44,106.0,0.255,25.0,23.58,9.0,8.49,0.769,0.181,26.74,13.26,14.59,27.85,31.28,23.36,125.0,0.262,35.0,28.0,11.0,8.8,0.743,0.131,34.03,16.36,15.35,31.72,30.53,20.0
746292,2024-06-29,2024,686469,L,658648,R,walk,False,True,267.0,0.233,33.0,12.36,30.0,11.24,0.755,0.19899999999999998,13.19,5.81,16.21,22.02,26.48,11.96,188.0,0.251,23.0,12.23,15.0,7.98,0.784,0.217,14.85,7.02,17.48,24.5,34.8,10.0,70.0,0.158,18.0,25.71,10.0,14.29,0.534,0.10500000000000001,26.27,10.65,17.87,28.52,24.26,22.22,96.0,0.188,19.0,19.79,14.0,14.58,0.5780000000000001,0.074,21.64,9.25,15.0,24.25,24.89,16.1
746292,2024-06-29,2024,521692,R,658648,R,force_out,False,False,254.0,0.281,46.0,18.11,19.0,7.48,0.834,0.20099999999999996,25.9,14.8,9.68,24.48,43.65,15.59,437.0,0.264,100.0,22.88,11.0,2.52,0.73,0.174,30.72,18.16,9.73,27.89,45.56,22.08,106.0,0.255,25.0,23.58,9.0,8.49,0.769,0.181,26.74,13.26,14.59,27.85,31.28,23.36,125.0,0.262,35.0,28.0,11.0,8.8,0.743,0.131,34.03,16.36,15.35,31.72,30.53,20.0
746292,2024-06-29,2024,671289,R,679525,R,field_out,False,False,198.0,0.221,28.0,14.14,13.0,6.57,0.634,0.10500000000000001,15.81,7.42,19.26,26.68,29.97,15.38,89.0,0.266,17.0,19.1,6.0,6.74,0.656,0.076,20.13,9.22,18.73,27.95,29.94,17.0,137.0,0.266,36.0,26.28,12.0,8.76,0.8360000000000001,0.242,28.28,12.59,18.25,30.84,23.42,22.58,178.0,0.253,44.0,24.72,13.0,7.3,0.827,0.241,31.29,14.44,17.58,32.03,29.05,26.51
746292,2024-06-29,2024,677587,L,679525,R,strikeout,True,False,169.0,0.224,27.0,15.98,20.0,11.83,0.634,0.07699999999999999,21.07,9.78,15.18,24.96,28.61,12.56,53.0,0.3,12.0,22.64,2.0,3.77,0.7010000000000001,0.08,28.07,15.31,15.79,31.1,41.59,17.39,201.0,0.219,38.0,18.91,13.0,6.47,0.6120000000000001,0.11400000000000002,20.1,10.01,15.6,25.62,28.31,16.67,164.0,0.28,41.0,25.0,26.0,15.85,0.968,0.281,28.16,12.62,15.32,27.94,28.5,19.62
746292,2024-06-29,2024,595978,R,679525,R,strikeout,True,False,33.0,0.188,11.0,33.33,1.0,3.03,0.493,0.09300000000000003,28.36,15.57,16.39,31.97,33.33,27.5,136.0,0.205,31.0,22.79,6.0,4.41,0.477,0.026,29.05,14.86,16.56,31.42,32.03,24.41,137.0,0.266,36.0,26.28,12.0,8.76,0.8360000000000001,0.242,28.28,12.59,18.25,30.84,23.42,22.58,178.0,0.253,44.0,24.72,13.0,7.3,0.827,0.241,31.29,14.44,17.58,32.03,29.05,26.51
746292,2024-06-29,2024,592669,R,670766,R,single,False,False,151.0,0.216,28.0,18.54,16.0,10.6,0.708,0.18700000000000003,24.6,10.08,20.81,30.89,24.05,15.73,408.0,0.229,91.0,22.3,35.0,8.58,0.723,0.1969999999999999,28.12,14.44,14.12,28.56,33.7,19.12,39.0,0.357,2.0,5.13,8.0,20.51,1.2269999999999999,0.357,9.43,3.5,15.38,18.88,21.43,7.69,17.0,0.25,7.0,41.18,1.0,5.88,0.732,0.188,46.43,19.7,25.76,45.45,34.38,31.82
746292,2024-06-29,2024,669004,L,670766,R,single,False,False,211.0,0.194,56.0,26.54,19.0,9.0,0.673,0.20900000000000002,29.91,15.28,12.01,27.29,26.62,17.23,459.0,0.239,122.0,26.58,55.0,11.98,0.752,0.181,32.7,15.24,15.56,30.8,24.84,20.68,19.0,0.444,1.0,5.26,1.0,5.26,1.307,0.38899999999999996,6.06,3.03,18.18,21.21,17.86,4.76,10.0,0.375,3.0,30.0,2.0,20.0,1.0,0.125,20.0,6.52,23.91,30.43,5.0,20.0
746292,2024-06-29,2024,679845,R,670766,R,walk,False,True,97.0,0.183,16.0,16.49,13.0,13.4,0.512,0.037000000000000005,19.44,7.95,17.9,25.85,19.02,17.39,44.0,0.279,7.0,15.91,1.0,2.27,0.667,0.0929999999999999,20.0,9.64,16.87,26.51,25.61,14.29,39.0,0.357,2.0,5.13,8.0,20.51,1.2269999999999999,0.357,9.43,3.5,15.38,18.88,21.43,7.69,17.0,0.25,7.0,41.18,1.0,5.88,0.732,0.188,46.43,19.7,25.76,45.45,34.38,31.82
746292,2024-06-29,2024,666023,R,670766,R,sac_fly,False,False,110.0,0.265,22.0,20.0,7.0,6.36,0.721,0.14699999999999996,24.89,12.93,14.55,27.48,32.57,15.71,169.0,0.288,36.0,21.3,9.0,5.33,0.785,0.174,23.9,13.04,10.79,23.84,30.17,16.22,39.0,0.357,2.0,5.13,8.0,20.51,1.2269999999999999,0.357,9.43,3.5,15.38,18.88,21.43,7.69,17.0,0.25,7.0,41.18,1.0,5.88,0.732,0.188,46.43,19.7,25.76,45.45,34.38,31.82
746292,2024-06-29,2024,664728,L,670766,R,walk,False,True,188.0,0.237,32.0,17.02,11.0,5.85,0.68,0.16200000000000003,17.33,7.94,21.07,29.01,32.72,18.6,253.0,0.223,43.0,17.0,12.0,4.74,0.631,0.147,20.48,9.51,19.8,29.31,28.6,18.78,19.0,0.444,1.0,5.26,1.0,5.26,1.307,0.38899999999999996,6.06,3.03,18.18,21.21,17.86,4.76,10.0,0.375,3.0,30.0,2.0,20.0,1.0,0.125,20.0,6.52,23.91,30.43,5.0,20.0
746292,2024-06-29,2024,672580,R,670766,R,field_out,False,False,301.0,0.23,57.0,18.94,23.0,7.64,0.609,0.091,18.66,8.12,20.39,28.51,21.51,17.65,400.0,0.258,94.0,23.5,33.0,8.25,0.648,0.071,20.3,8.71,19.59,28.3,19.12,19.96,39.0,0.357,2.0,5.13,8.0,20.51,1.2269999999999999,0.357,9.43,3.5,15.38,18.88,21.43,7.69,17.0,0.25,7.0,41.18,1.0,5.88,0.732,0.188,46.43,19.7,25.76,45.45,34.38,31.82
746292,2024-06-29,2024,677951,R,670766,R,field_out,False,False,312.0,0.313,54.0,17.31,25.0,8.01,0.913,0.22800000000000004,24.01,11.8,14.77,26.57,29.92,17.65,547.0,0.27,93.0,17.0,33.0,6.03,0.8,0.2149999999999999,22.15,10.87,15.53,26.4,29.62,14.44,39.0,0.357,2.0,5.13,8.0,20.51,1.2269999999999999,0.357,9.43,3.5,15.38,18.88,21.43,7.69,17.0,0.25,7.0,41.18,1.0,5.88,0.732,0.188,46.43,19.7,25.76,45.45,34.38,31.82
746292,2024-06-29,2024,680757,L,679525,R,field_out,False,False,172.0,0.355,11.0,6.4,14.0,8.14,0.992,0.21699999999999997,6.37,2.56,23.04,25.6,19.68,6.29,494.0,0.272,52.0,10.53,50.0,10.12,0.73,0.1119999999999999,10.22,4.19,22.03,26.23,20.67,8.84,201.0,0.219,38.0,18.91,13.0,6.47,0.6120000000000001,0.11400000000000002,20.1,10.01,15.6,25.62,28.31,16.67,164.0,0.28,41.0,25.0,26.0,15.85,0.968,0.281,28.16,12.62,15.32,27.94,28.5,19.62
746292,2024-06-29,2024,682177,L,679525,R,walk,False,True,49.0,0.244,12.0,24.49,6.0,12.24,0.742,0.17099999999999999,24.14,11.05,14.74,25.79,18.18,26.67,,,,,,,,,,,,,,,201.0,0.219,38.0,18.91,13.0,6.47,0.6120000000000001,0.11400000000000002,20.1,10.01,15.6,25.62,28.31,16.67,164.0,0.28,41.0,25.0,26.0,15.85,0.968,0.281,28.16,12.62,15.32,27.94,28.5,19.62
746292,2024-06-29,2024,608070,L,679525,R,grounded_into_double_play,False,False,231.0,0.245,29.0,12.55,17.0,7.36,0.808,0.26,14.05,6.9,13.59,20.49,30.68,9.67,461.0,0.302,48.0,10.41,54.0,11.71,0.863,0.179,15.4,6.98,13.91,20.89,28.02,10.17,201.0,0.219,38.0,18.91,13.0,6.47,0.6120000000000001,0.11400000000000002,20.1,10.01,15.6,25.62,28.31,16.67,164.0,0.28,41.0,25.0,26.0,15.85,0.968,0.281,28.16,12.62,15.32,27.94,28.5,19.62
746292,2024-06-29,2024,686469,L,670766,R,field_out,False,False,267.0,0.233,33.0,12.36,30.0,11.24,0.755,0.19899999999999998,13.19,5.81,16.21,22.02,26.48,11.96,188.0,0.251,23.0,12.23,15.0,7.98,0.784,0.217,14.85,7.02,17.48,24.5,34.8,10.0,19.0,0.444,1.0,5.26,1.0,5.26,1.307,0.38899999999999996,6.06,3.03,18.18,21.21,17.86,4.76,10.0,0.375,3.0,30.0,2.0,20.0,1.0,0.125,20.0,6.52,23.91,30.43,5.0,20.0
746292,2024-06-29,2024,521692,R,670766,R,field_out,False,False,254.0,0.281,46.0,18.11,19.0,7.48,0.834,0.20099999999999996,25.9,14.8,9.68,24.48,43.65,15.59,437.0,0.264,100.0,22.88,11.0,2.52,0.73,0.174,30.72,18.16,9.73,27.89,45.56,22.08,39.0,0.357,2.0,5.13,8.0,20.51,1.2269999999999999,0.357,9.43,3.5,15.38,18.88,21.43,7.69,17.0,0.25,7.0,41.18,1.0,5.88,0.732,0.188,46.43,19.7,25.76,45.45,34.38,31.82
746292,2024-06-29,2024,592669,R,670766,R,field_out,False,False,151.0,0.216,28.0,18.54,16.0,10.6,0.708,0.18700000000000003,24.6,10.08,20.81,30.89,24.05,15.73,408.0,0.229,91.0,22.3,35.0,8.58,0.723,0.1969999999999999,28.12,14.44,14.12,28.56,33.7,19.12,39.0,0.357,2.0,5.13,8.0,20.51,1.2269999999999999,0.357,9.43,3.5,15.38,18.88,21.43,7.69,17.0,0.25,7.0,41.18,1.0,5.88,0.732,0.188,46.43,19.7,25.76,45.45,34.38,31.82
746292,2024-06-29,2024,647304,L,608717,R,field_error,False,False,222.0,0.249,34.0,15.32,23.0,10.36,0.8460000000000001,0.264,20.38,10.53,10.29,20.82,33.1,15.38,348.0,0.311,53.0,15.23,25.0,7.18,0.851,0.184,21.29,11.96,9.18,21.15,41.36,16.99,56.0,0.196,13.0,23.21,10.0,17.86,0.535,0.0,22.45,8.84,19.28,28.11,25.37,18.84,104.0,0.191,35.0,33.65,14.0,13.46,0.59,0.1009999999999999,21.74,8.85,21.02,29.87,22.5,22.88
746292,2024-06-29,2024,681807,R,608717,R,double,False,False,113.0,0.301,21.0,18.58,6.0,5.31,0.81,0.15500000000000003,21.4,11.27,14.22,25.49,30.41,16.8,63.0,0.246,19.0,30.16,3.0,4.76,0.727,0.175,29.77,16.96,13.91,30.87,36.11,25.0,88.0,0.147,19.0,21.59,10.0,11.36,0.546,0.146,26.21,11.66,16.56,28.22,23.78,27.54,234.0,0.242,46.0,19.66,11.0,4.7,0.679,0.158,22.17,11.23,16.08,27.31,29.37,16.37
746292,2024-06-29,2024,665926,L,608717,R,strikeout,True,False,227.0,0.243,33.0,14.54,14.0,6.17,0.653,0.09900000000000003,24.48,13.33,12.54,25.88,35.54,11.76,419.0,0.243,86.0,20.53,24.0,5.73,0.712,0.162,26.46,14.29,12.8,27.09,38.97,17.27,56.0,0.196,13.0,23.21,10.0,17.86,0.535,0.0,22.45,8.84,19.28,28.11,25.37,18.84,104.0,0.191,35.0,33.65,14.0,13.46,0.59,0.1009999999999999,21.74,8.85,21.02,29.87,22.5,22.88
746292,2024-06-29,2024,671289,R,608717,R,field_out,False,False,198.0,0.221,28.0,14.14,13.0,6.57,0.634,0.10500000000000001,15.81,7.42,19.26,26.68,29.97,15.38,89.0,0.266,17.0,19.1,6.0,6.74,0.656,0.076,20.13,9.22,18.73,27.95,29.94,17.0,88.0,0.147,19.0,21.59,10.0,11.36,0.546,0.146,26.21,11.66,16.56,28.22,23.78,27.54,234.0,0.242,46.0,19.66,11.0,4.7,0.679,0.158,22.17,11.23,16.08,27.31,29.37,16.37
746292,2024-06-29,2024,677587,L,608717,R,strikeout,True,False,169.0,0.224,27.0,15.98,20.0,11.83,0.634,0.07699999999999999,21.07,9.78,15.18,24.96,28.61,12.56,53.0,0.3,12.0,22.64,2.0,3.77,0.7010000000000001,0.08,28.07,15.31,15.79,31.1,41.59,17.39,56.0,0.196,13.0,23.21,10.0,17.86,0.535,0.0,22.45,8.84,19.28,28.11,25.37,18.84,104.0,0.191,35.0,33.65,14.0,13.46,0.59,0.1009999999999999,21.74,8.85,21.02,29.87,22.5,22.88
746292,2024-06-29,2024,669004,L,670766,R,field_out,False,False,211.0,0.194,56.0,26.54,19.0,9.0,0.673,0.20900000000000002,29.91,15.28,12.01,27.29,26.62,17.23,459.0,0.239,122.0,26.58,55.0,11.98,0.752,0.181,32.7,15.24,15.56,30.8,24.84,20.68,19.0,0.444,1.0,5.26,1.0,5.26,1.307,0.38899999999999996,6.06,3.03,18.18,21.21,17.86,4.76,10.0,0.375,3.0,30.0,2.0,20.0,1.0,0.125,20.0,6.52,23.91,30.43,5.0,20.0
746292,2024-06-29,2024,679845,R,670766,R,field_out,False,False,97.0,0.183,16.0,16.49,13.0,13.4,0.512,0.037000000000000005,19.44,7.95,17.9,25.85,19.02,17.39,44.0,0.279,7.0,15.91,1.0,2.27,0.667,0.0929999999999999,20.0,9.64,16.87,26.51,25.61,14.29,39.0,0.357,2.0,5.13,8.0,20.51,1.2269999999999999,0.357,9.43,3.5,15.38,18.88,21.43,7.69,17.0,0.25,7.0,41.18,1.0,5.88,0.732,0.188,46.43,19.7,25.76,45.45,34.38,31.82
746292,2024-06-29,2024,666023,R,670766,R,strikeout,True,False,110.0,0.265,22.0,20.0,7.0,6.36,0.721,0.14699999999999996,24.89,12.93,14.55,27.48,32.57,15.71,169.0,0.288,36.0,21.3,9.0,5.33,0.785,0.174,23.9,13.04,10.79,23.84,30.17,16.22,39.0,0.357,2.0,5.13,8.0,20.51,1.2269999999999999,0.357,9.43,3.5,15.38,18.88,21.43,7.69,17.0,0.25,7.0,41.18,1.0,5.88,0.732,0.188,46.43,19.7,25.76,45.45,34.38,31.82
746292,2024-06-29,2024,595978,R,623433,R,double,False,False,33.0,0.188,11.0,33.33,1.0,3.03,0.493,0.09300000000000003,28.36,15.57,16.39,31.97,33.33,27.5,136.0,0.205,31.0,22.79,6.0,4.41,0.477,0.026,29.05,14.86,16.56,31.42,32.03,24.41,69.0,0.361,12.0,17.39,7.0,10.14,1.156,0.36,17.95,8.05,21.84,29.89,23.85,14.29,85.0,0.297,19.0,22.35,8.0,9.41,0.847,0.189,24.16,10.62,20.94,31.56,23.42,18.63
746292,2024-06-29,2024,677588,L,623433,R,field_out,False,False,1.0,0.0,0.0,0.0,0.0,0.0,0.0,0.0,0.0,0.0,0.0,0.0,,,22.0,0.286,10.0,45.45,1.0,4.55,0.6990000000000001,0.095,34.15,15.38,18.68,34.07,20.45,30.3,66.0,0.179,12.0,18.18,8.0,12.12,0.523,0.07100000000000001,27.52,12.2,15.45,27.64,20.49,21.43,58.0,0.14,17.0,29.31,1.0,1.72,0.366,0.0709999999999999,32.46,17.7,20.1,37.8,39.36,23.61
746292,2024-06-29,2024,682177,L,623433,R,sac_fly,False,False,49.0,0.244,12.0,24.49,6.0,12.24,0.742,0.17099999999999999,24.14,11.05,14.74,25.79,18.18,26.67,,,,,,,,,,,,,,,66.0,0.179,12.0,18.18,8.0,12.12,0.523,0.07100000000000001,27.52,12.2,15.45,27.64,20.49,21.43,58.0,0.14,17.0,29.31,1.0,1.72,0.366,0.0709999999999999,32.46,17.7,20.1,37.8,39.36,23.61
746292,2024-06-29,2024,678877,R,623433,R,double,False,False,5.0,0.4,2.0,40.0,0.0,0.0,1.6,0.7999999999999999,40.0,26.67,13.33,40.0,62.5,66.67,,,,,,,,,,,,,,,69.0,0.361,12.0,17.39,7.0,10.14,1.156,0.36,17.95,8.05,21.84,29.89,23.85,14.29,85.0,0.297,19.0,22.35,8.0,9.41,0.847,0.189,24.16,10.62,20.94,31.56,23.42,18.63
746292,2024-06-29,2024,647304,L,623433,R,strikeout,True,False,222.0,0.249,34.0,15.32,23.0,10.36,0.8460000000000001,0.264,20.38,10.53,10.29,20.82,33.1,15.38,348.0,0.311,53.0,15.23,25.0,7.18,0.851,0.184,21.29,11.96,9.18,21.15,41.36,16.99,66.0,0.179,12.0,18.18,8.0,12.12,0.523,0.07100000000000001,27.52,12.2,15.45,27.64,20.49,21.43,58.0,0.14,17.0,29.31,1.0,1.72,0.366,0.0709999999999999,32.46,17.7,20.1,37.8,39.36,23.61
746292,2024-06-29,2024,664728,L,670766,R,single,False,False,188.0,0.237,32.0,17.02,11.0,5.85,0.68,0.16200000000000003,17.33,7.94,21.07,29.01,32.72,18.6,253.0,0.223,43.0,17.0,12.0,4.74,0.631,0.147,20.48,9.51,19.8,29.31,28.6,18.78,19.0,0.444,1.0,5.26,1.0,5.26,1.307,0.38899999999999996,6.06,3.03,18.18,21.21,17.86,4.76,10.0,0.375,3.0,30.0,2.0,20.0,1.0,0.125,20.0,6.52,23.91,30.43,5.0,20.0
746292,2024-06-29,2024,672580,R,670766,R,double,False,False,301.0,0.23,57.0,18.94,23.0,7.64,0.609,0.091,18.66,8.12,20.39,28.51,21.51,17.65,400.0,0.258,94.0,23.5,33.0,8.25,0.648,0.071,20.3,8.71,19.59,28.3,19.12,19.96,39.0,0.357,2.0,5.13,8.0,20.51,1.2269999999999999,0.357,9.43,3.5,15.38,18.88,21.43,7.69,17.0,0.25,7.0,41.18,1.0,5.88,0.732,0.188,46.43,19.7,25.76,45.45,34.38,31.82
746292,2024-06-29,2024,677951,R,670766,R,walk,False,True,312.0,0.313,54.0,17.31,25.0,8.01,0.913,0.22800000000000004,24.01,11.8,14.77,26.57,29.92,17.65,547.0,0.27,93.0,17.0,33.0,6.03,0.8,0.2149999999999999,22.15,10.87,15.53,26.4,29.62,14.44,39.0,0.357,2.0,5.13,8.0,20.51,1.2269999999999999,0.357,9.43,3.5,15.38,18.88,21.43,7.69,17.0,0.25,7.0,41.18,1.0,5.88,0.732,0.188,46.43,19.7,25.76,45.45,34.38,31.82
746292,2024-06-29,2024,686469,L,670766,R,home_run,False,False,267.0,0.233,33.0,12.36,30.0,11.24,0.755,0.19899999999999998,13.19,5.81,16.21,22.02,26.48,11.96,188.0,0.251,23.0,12.23,15.0,7.98,0.784,0.217,14.85,7.02,17.48,24.5,34.8,10.0,19.0,0.444,1.0,5.26,1.0,5.26,1.307,0.38899999999999996,6.06,3.03,18.18,21.21,17.86,4.76,10.0,0.375,3.0,30.0,2.0,20.0,1.0,0.125,20.0,6.52,23.91,30.43,5.0,20.0
746292,2024-06-29,2024,521692,R,670766,R,walk,False,True,254.0,0.281,46.0,18.11,19.0,7.48,0.834,0.20099999999999996,25.9,14.8,9.68,24.48,43.65,15.59,437.0,0.264,100.0,22.88,11.0,2.52,0.73,0.174,30.72,18.16,9.73,27.89,45.56,22.08,39.0,0.357,2.0,5.13,8.0,20.51,1.2269999999999999,0.357,9.43,3.5,15.38,18.88,21.43,7.69,17.0,0.25,7.0,41.18,1.0,5.88,0.732,0.188,46.43,19.7,25.76,45.45,34.38,31.82
746292,2024-06-29,2024,592669,R,670766,R,grounded_into_double_play,False,False,151.0,0.216,28.0,18.54,16.0,10.6,0.708,0.18700000000000003,24.6,10.08,20.81,30.89,24.05,15.73,408.0,0.229,91.0,22.3,35.0,8.58,0.723,0.1969999999999999,28.12,14.44,14.12,28.56,33.7,19.12,39.0,0.357,2.0,5.13,8.0,20.51,1.2269999999999999,0.357,9.43,3.5,15.38,18.88,21.43,7.69,17.0,0.25,7.0,41.18,1.0,5.88,0.732,0.188,46.43,19.7,25.76,45.45,34.38,31.82
746292,2024-06-29,2024,681807,R,672578,R,double,False,False,113.0,0.301,21.0,18.58,6.0,5.31,0.81,0.15500000000000003,21.4,11.27,14.22,25.49,30.41,16.8,63.0,0.246,19.0,30.16,3.0,4.76,0.727,0.175,29.77,16.96,13.91,30.87,36.11,25.0,23.0,0.2,4.0,17.39,3.0,13.04,0.604,0.09999999999999998,15.38,8.0,15.0,23.0,21.28,9.3,156.0,0.273,35.0,22.44,15.0,9.62,0.8720000000000001,0.259,30.31,15.75,13.15,28.9,31.09,16.28
746292,2024-06-29,2024,665926,L,672578,R,field_out,False,False,227.0,0.243,33.0,14.54,14.0,6.17,0.653,0.09900000000000003,24.48,13.33,12.54,25.88,35.54,11.76,419.0,0.243,86.0,20.53,24.0,5.73,0.712,0.162,26.46,14.29,12.8,27.09,38.97,17.27,12.0,0.364,1.0,8.33,1.0,8.33,0.872,0.09100000000000003,21.74,10.2,10.2,20.41,24.14,5.56,146.0,0.189,42.0,28.77,17.0,11.64,0.597,0.118,30.58,15.6,11.39,26.99,28.62,19.27
746292,2024-06-29,2024,671289,R,672578,R,strikeout,True,False,198.0,0.221,28.0,14.14,13.0,6.57,0.634,0.10500000000000001,15.81,7.42,19.26,26.68,29.97,15.38,89.0,0.266,17.0,19.1,6.0,6.74,0.656,0.076,20.13,9.22,18.73,27.95,29.94,17.0,23.0,0.2,4.0,17.39,3.0,13.04,0.604,0.09999999999999998,15.38,8.0,15.0,23.0,21.28,9.3,156.0,0.273,35.0,22.44,15.0,9.62,0.8720000000000001,0.259,30.31,15.75,13.15,28.9,31.09,16.28
746292,2024-06-29,2024,677587,L,672578,R,strikeout,True,False,169.0,0.224,27.0,15.98,20.0,11.83,0.634,0.07699999999999999,21.07,9.78,15.18,24.96,28.61,12.56,53.0,0.3,12.0,22.64,2.0,3.77,0.7010000000000001,0.08,28.07,15.31,15.79,31.1,41.59,17.39,12.0,0.364,1.0,8.33,1.0,8.33,0.872,0.09100000000000003,21.74,10.2,10.2,20.41,24.14,5.56,146.0,0.189,42.0,28.77,17.0,11.64,0.597,0.118,30.58,15.6,11.39,26.99,28.62,19.27
745970,2024-06-29,2024,663538,R,607067,R,hit_by_pitch,False,False,253.0,0.248,26.0,10.28,23.0,9.09,0.683,0.09899999999999998,13.46,6.02,21.37,27.39,29.57,9.89,508.0,0.274,63.0,12.4,40.0,7.87,0.72,0.0979999999999999,13.4,6.0,20.67,26.67,29.91,12.21,166.0,0.216,28.0,16.87,9.0,5.42,0.623,0.12999999999999998,20.49,9.98,18.76,28.74,25.84,16.87,270.0,0.22,62.0,22.96,19.0,7.04,0.65,0.151,28.46,13.58,17.08,30.66,28.62,18.94
745970,2024-06-29,2024,683737,L,607067,R,walk,False,True,239.0,0.25,86.0,35.98,30.0,12.55,0.7829999999999999,0.186,33.7,15.01,15.59,30.6,24.21,25.83,66.0,0.158,21.0,31.82,8.0,12.12,0.556,0.1399999999999999,29.79,14.48,13.45,27.93,28.39,21.0,203.0,0.253,34.0,16.75,19.0,9.36,0.8029999999999999,0.22499999999999998,16.07,7.02,19.77,26.79,21.6,15.38,247.0,0.251,48.0,19.43,19.0,7.69,0.8160000000000001,0.251,19.13,9.16,18.52,27.68,26.2,15.34
745970,2024-06-29,2024,641355,L,607067,R,grounded_into_double_play,False,False,213.0,0.234,37.0,17.37,22.0,10.33,0.718,0.165,24.62,12.02,13.89,25.91,31.19,17.79,373.0,0.291,58.0,15.55,27.0,7.24,0.829,0.198,20.08,10.01,15.91,25.92,29.71,13.74,203.0,0.253,34.0,16.75,19.0,9.36,0.8029999999999999,0.22499999999999998,16.07,7.02,19.77,26.79,21.6,15.38,247.0,0.251,48.0,19.43,19.0,7.69,0.8160000000000001,0.251,19.13,9.16,18.52,27.68,26.2,15.34
745970,2024-06-29,2024,673548,R,607067,R,strikeout,True,False,185.0,0.275,57.0,30.81,11.0,5.95,0.815,0.20999999999999996,27.3,10.86,22.25,33.12,22.34,22.44,419.0,0.278,102.0,24.34,41.0,9.79,0.839,0.2129999999999999,24.3,9.93,20.44,30.37,19.3,20.2,166.0,0.216,28.0,16.87,9.0,5.42,0.623,0.12999999999999998,20.49,9.98,18.76,28.74,25.84,16.87,270.0,0.22,62.0,22.96,19.0,7.04,0.65,0.151,28.46,13.58,17.08,30.66,28.62,18.94
745970,2024-06-29,2024,668930,L,592791,R,strikeout,True,False,260.0,0.297,41.0,15.77,22.0,8.46,0.7849999999999999,0.13,12.24,5.66,18.75,24.41,26.01,14.14,376.0,0.224,82.0,21.81,30.0,7.98,0.608,0.097,22.03,10.83,16.08,26.9,28.59,16.14,151.0,0.241,31.0,20.53,13.0,8.61,0.665,0.11699999999999999,17.29,7.63,18.57,26.2,25.52,16.23,326.0,0.266,63.0,19.33,32.0,9.82,0.8540000000000001,0.248,19.32,8.96,15.81,24.77,25.19,16.36
745970,2024-06-29,2024,661388,R,592791,R,field_out,False,False,274.0,0.282,50.0,18.25,24.0,8.76,0.802,0.17000000000000004,28.33,13.47,14.16,27.62,24.71,18.12,434.0,0.262,94.0,21.66,42.0,9.68,0.72,0.119,27.61,11.63,19.55,31.17,24.86,18.08,162.0,0.273,27.0,16.67,4.0,2.47,0.6910000000000001,0.13,20.07,10.6,17.73,28.34,33.47,17.53,330.0,0.252,77.0,23.33,9.0,2.73,0.653,0.124,24.68,12.85,17.91,30.76,34.04,20.87
745970,2024-06-29,2024,592885,L,592791,R,field_out,False,False,166.0,0.312,33.0,19.88,20.0,12.05,0.8520000000000001,0.14600000000000002,22.88,10.54,13.1,23.64,25.21,16.5,473.0,0.294,103.0,21.78,64.0,13.53,0.882,0.195,26.99,11.53,15.4,26.93,23.89,19.07,151.0,0.241,31.0,20.53,13.0,8.61,0.665,0.11699999999999999,17.29,7.63,18.57,26.2,25.52,16.23,326.0,0.266,63.0,19.33,32.0,9.82,0.8540000000000001,0.248,19.32,8.96,15.81,24.77,25.19,16.36
745970,2024-06-29,2024,664023,L,607067,R,walk,False,True,252.0,0.229,71.0,28.17,37.0,14.68,0.7609999999999999,0.18099999999999997,28.36,12.52,16.09,28.61,22.92,19.61,502.0,0.258,109.0,21.71,80.0,15.94,0.831,0.192,25.86,11.22,15.24,26.46,20.31,17.34,203.0,0.253,34.0,16.75,19.0,9.36,0.8029999999999999,0.22499999999999998,16.07,7.02,19.77,26.79,21.6,15.38,247.0,0.251,48.0,19.43,19.0,7.69,0.8160000000000001,0.251,19.13,9.16,18.52,27.68,26.2,15.34
745970,2024-06-29,2024,666624,R,607067,R,field_out,False,False,263.0,0.2,59.0,22.43,31.0,11.79,0.683,0.178,30.0,13.39,15.32,28.71,24.13,19.6,329.0,0.247,105.0,31.91,27.0,8.21,0.798,0.239,38.21,19.07,13.74,32.81,29.43,27.56,166.0,0.216,28.0,16.87,9.0,5.42,0.623,0.12999999999999998,20.49,9.98,18.76,28.74,25.84,16.87,270.0,0.22,62.0,22.96,19.0,7.04,0.65,0.151,28.46,13.58,17.08,30.66,28.62,18.94
745970,2024-06-29,2024,621020,R,607067,R,force_out,False,False,227.0,0.22,62.0,27.31,19.0,8.37,0.6439999999999999,0.13599999999999998,31.51,15.07,15.72,30.79,24.42,22.71,478.0,0.244,111.0,23.22,49.0,10.25,0.734,0.161,28.04,13.13,15.12,28.26,23.34,18.66,166.0,0.216,28.0,16.87,9.0,5.42,0.623,0.12999999999999998,20.49,9.98,18.76,28.74,25.84,16.87,270.0,0.22,62.0,22.96,19.0,7.04,0.65,0.151,28.46,13.58,17.08,30.66,28.62,18.94
745970,2024-06-29,2024,691718,L,607067,R,field_out,False,False,119.0,0.196,34.0,28.57,6.0,5.04,0.5489999999999999,0.10299999999999998,28.89,17.69,10.2,27.89,42.73,21.66,15.0,0.0,6.0,40.0,2.0,13.33,0.154,0.0,44.44,26.67,8.33,35.0,23.08,27.27,203.0,0.253,34.0,16.75,19.0,9.36,0.8029999999999999,0.22499999999999998,16.07,7.02,19.77,26.79,21.6,15.38,247.0,0.251,48.0,19.43,19.0,7.69,0.8160000000000001,0.251,19.13,9.16,18.52,27.68,26.2,15.34
745970,2024-06-29,2024,642715,R,592791,R,field_out,False,False,273.0,0.253,60.0,21.98,29.0,10.62,0.783,0.195,29.39,14.17,14.35,28.52,26.61,17.75,480.0,0.212,117.0,24.38,47.0,9.79,0.702,0.194,32.44,16.53,12.85,29.38,32.69,19.28,162.0,0.273,27.0,16.67,4.0,2.47,0.6910000000000001,0.13,20.07,10.6,17.73,28.34,33.47,17.53,330.0,0.252,77.0,23.33,9.0,2.73,0.653,0.124,24.68,12.85,17.91,30.76,34.04,20.87
745970,2024-06-29,2024,686217,L,592791,R,field_out,False,False,243.0,0.269,42.0,17.28,23.0,9.47,0.6799999999999999,0.064,14.56,5.83,21.92,27.75,26.05,15.44,180.0,0.261,30.0,16.67,23.0,12.78,0.722,0.1049999999999999,15.26,6.63,20.31,26.94,29.52,13.18,151.0,0.241,31.0,20.53,13.0,8.61,0.665,0.11699999999999999,17.29,7.63,18.57,26.2,25.52,16.23,326.0,0.266,63.0,19.33,32.0,9.82,0.8540000000000001,0.248,19.32,8.96,15.81,24.77,25.19,16.36
745970,2024-06-29,2024,656555,R,592791,R,field_out,False,False,198.0,0.231,54.0,27.27,20.0,10.1,0.749,0.19699999999999998,26.26,10.76,21.28,32.04,22.25,19.29,,,,,,,,,,,,,,,162.0,0.273,27.0,16.67,4.0,2.47,0.6910000000000001,0.13,20.07,10.6,17.73,28.34,33.47,17.53,330.0,0.252,77.0,23.33,9.0,2.73,0.653,0.124,24.68,12.85,17.91,30.76,34.04,20.87
745970,2024-06-29,2024,665804,R,607067,R,strikeout,True,False,139.0,0.21,31.0,22.3,10.0,7.19,0.5569999999999999,0.06400000000000003,27.8,14.89,14.7,29.59,35.8,19.14,92.0,0.187,24.0,26.09,7.0,7.61,0.679,0.173,24.72,11.67,16.98,28.65,28.18,19.05,166.0,0.216,28.0,16.87,9.0,5.42,0.623,0.12999999999999998,20.49,9.98,18.76,28.74,25.84,16.87,270.0,0.22,62.0,22.96,19.0,7.04,0.65,0.151,28.46,13.58,17.08,30.66,28.62,18.94
745970,2024-06-29,2024,663538,R,607067,R,strikeout,True,False,253.0,0.248,26.0,10.28,23.0,9.09,0.683,0.09899999999999998,13.46,6.02,21.37,27.39,29.57,9.89,508.0,0.274,63.0,12.4,40.0,7.87,0.72,0.0979999999999999,13.4,6.0,20.67,26.67,29.91,12.21,166.0,0.216,28.0,16.87,9.0,5.42,0.623,0.12999999999999998,20.49,9.98,18.76,28.74,25.84,16.87,270.0,0.22,62.0,22.96,19.0,7.04,0.65,0.151,28.46,13.58,17.08,30.66,28.62,18.94
745970,2024-06-29,2024,683737,L,607067,R,strikeout,True,False,239.0,0.25,86.0,35.98,30.0,12.55,0.7829999999999999,0.186,33.7,15.01,15.59,30.6,24.21,25.83,66.0,0.158,21.0,31.82,8.0,12.12,0.556,0.1399999999999999,29.79,14.48,13.45,27.93,28.39,21.0,203.0,0.253,34.0,16.75,19.0,9.36,0.8029999999999999,0.22499999999999998,16.07,7.02,19.77,26.79,21.6,15.38,247.0,0.251,48.0,19.43,19.0,7.69,0.8160000000000001,0.251,19.13,9.16,18.52,27.68,26.2,15.34
745970,2024-06-29,2024,694192,R,592791,R,field_out,False,False,180.0,0.265,47.0,26.11,7.0,3.89,0.738,0.182,29.73,15.05,18.39,33.43,36.87,23.38,,,,,,,,,,,,,,,162.0,0.273,27.0,16.67,4.0,2.47,0.6910000000000001,0.13,20.07,10.6,17.73,28.34,33.47,17.53,330.0,0.252,77.0,23.33,9.0,2.73,0.653,0.124,24.68,12.85,17.91,30.76,34.04,20.87
745970,2024-06-29,2024,663368,L,592791,R,strikeout,True,False,190.0,0.253,55.0,28.95,16.0,8.42,0.702,0.123,30.89,13.02,20.81,33.83,24.15,27.09,110.0,0.231,33.0,30.0,17.0,15.45,0.715,0.1319999999999999,24.04,9.0,23.31,32.31,18.26,20.5,151.0,0.241,31.0,20.53,13.0,8.61,0.665,0.11699999999999999,17.29,7.63,18.57,26.2,25.52,16.23,326.0,0.266,63.0,19.33,32.0,9.82,0.8540000000000001,0.248,19.32,8.96,15.81,24.77,25.19,16.36
745970,2024-06-29,2024,655316,R,592791,R,double,False,False,22.0,0.211,7.0,31.82,2.0,9.09,0.634,0.10500000000000001,28.89,12.62,15.53,28.16,20.41,19.44,222.0,0.246,47.0,21.17,16.0,7.21,0.636,0.084,22.47,9.47,20.0,29.47,20.54,16.43,162.0,0.273,27.0,16.67,4.0,2.47,0.6910000000000001,0.13,20.07,10.6,17.73,28.34,33.47,17.53,330.0,0.252,77.0,23.33,9.0,2.73,0.653,0.124,24.68,12.85,17.91,30.76,34.04,20.87
745970,2024-06-29,2024,668930,L,592791,R,field_out,False,False,260.0,0.297,41.0,15.77,22.0,8.46,0.7849999999999999,0.13,12.24,5.66,18.75,24.41,26.01,14.14,376.0,0.224,82.0,21.81,30.0,7.98,0.608,0.097,22.03,10.83,16.08,26.9,28.59,16.14,151.0,0.241,31.0,20.53,13.0,8.61,0.665,0.11699999999999999,17.29,7.63,18.57,26.2,25.52,16.23,326.0,0.266,63.0,19.33,32.0,9.82,0.8540000000000001,0.248,19.32,8.96,15.81,24.77,25.19,16.36
745970,2024-06-29,2024,641355,L,607067,R,field_out,False,False,213.0,0.234,37.0,17.37,22.0,10.33,0.718,0.165,24.62,12.02,13.89,25.91,31.19,17.79,373.0,0.291,58.0,15.55,27.0,7.24,0.829,0.198,20.08,10.01,15.91,25.92,29.71,13.74,203.0,0.253,34.0,16.75,19.0,9.36,0.8029999999999999,0.22499999999999998,16.07,7.02,19.77,26.79,21.6,15.38,247.0,0.251,48.0,19.43,19.0,7.69,0.8160000000000001,0.251,19.13,9.16,18.52,27.68,26.2,15.34
745970,2024-06-29,2024,673548,R,607067,R,home_run,False,False,185.0,0.275,57.0,30.81,11.0,5.95,0.815,0.20999999999999996,27.3,10.86,22.25,33.12,22.34,22.44,419.0,0.278,102.0,24.34,41.0,9.79,0.839,0.2129999999999999,24.3,9.93,20.44,30.37,19.3,20.2,166.0,0.216,28.0,16.87,9.0,5.42,0.623,0.12999999999999998,20.49,9.98,18.76,28.74,25.84,16.87,270.0,0.22,62.0,22.96,19.0,7.04,0.65,0.151,28.46,13.58,17.08,30.66,28.62,18.94
745970,2024-06-29,2024,664023,L,607067,R,double,False,False,252.0,0.229,71.0,28.17,37.0,14.68,0.7609999999999999,0.18099999999999997,28.36,12.52,16.09,28.61,22.92,19.61,502.0,0.258,109.0,21.71,80.0,15.94,0.831,0.192,25.86,11.22,15.24,26.46,20.31,17.34,203.0,0.253,34.0,16.75,19.0,9.36,0.8029999999999999,0.22499999999999998,16.07,7.02,19.77,26.79,21.6,15.38,247.0,0.251,48.0,19.43,19.0,7.69,0.8160000000000001,0.251,19.13,9.16,18.52,27.68,26.2,15.34
745970,2024-06-29,2024,666624,R,607067,R,hit_by_pitch,False,False,263.0,0.2,59.0,22.43,31.0,11.79,0.683,0.178,30.0,13.39,15.32,28.71,24.13,19.6,329.0,0.247,105.0,31.91,27.0,8.21,0.798,0.239,38.21,19.07,13.74,32.81,29.43,27.56,166.0,0.216,28.0,16.87,9.0,5.42,0.623,0.12999999999999998,20.49,9.98,18.76,28.74,25.84,16.87,270.0,0.22,62.0,22.96,19.0,7.04,0.65,0.151,28.46,13.58,17.08,30.66,28.62,18.94
745970,2024-06-29,2024,621020,R,607067,R,single,False,False,227.0,0.22,62.0,27.31,19.0,8.37,0.6439999999999999,0.13599999999999998,31.51,15.07,15.72,30.79,24.42,22.71,478.0,0.244,111.0,23.22,49.0,10.25,0.734,0.161,28.04,13.13,15.12,28.26,23.34,18.66,166.0,0.216,28.0,16.87,9.0,5.42,0.623,0.12999999999999998,20.49,9.98,18.76,28.74,25.84,16.87,270.0,0.22,62.0,22.96,19.0,7.04,0.65,0.151,28.46,13.58,17.08,30.66,28.62,18.94
745970,2024-06-29,2024,691718,L,607067,R,grounded_into_double_play,False,False,119.0,0.196,34.0,28.57,6.0,5.04,0.5489999999999999,0.10299999999999998,28.89,17.69,10.2,27.89,42.73,21.66,15.0,0.0,6.0,40.0,2.0,13.33,0.154,0.0,44.44,26.67,8.33,35.0,23.08,27.27,203.0,0.253,34.0,16.75,19.0,9.36,0.8029999999999999,0.22499999999999998,16.07,7.02,19.77,26.79,21.6,15.38,247.0,0.251,48.0,19.43,19.0,7.69,0.8160000000000001,0.251,19.13,9.16,18.52,27.68,26.2,15.34
745970,2024-06-29,2024,661388,R,592791,R,walk,False,True,274.0,0.282,50.0,18.25,24.0,8.76,0.802,0.17000000000000004,28.33,13.47,14.16,27.62,24.71,18.12,434.0,0.262,94.0,21.66,42.0,9.68,0.72,0.119,27.61,11.63,19.55,31.17,24.86,18.08,162.0,0.273,27.0,16.67,4.0,2.47,0.6910000000000001,0.13,20.07,10.6,17.73,28.34,33.47,17.53,330.0,0.252,77.0,23.33,9.0,2.73,0.653,0.124,24.68,12.85,17.91,30.76,34.04,20.87
745970,2024-06-29,2024,592885,L,592791,R,force_out,False,False,166.0,0.312,33.0,19.88,20.0,12.05,0.8520000000000001,0.14600000000000002,22.88,10.54,13.1,23.64,25.21,16.5,473.0,0.294,103.0,21.78,64.0,13.53,0.882,0.195,26.99,11.53,15.4,26.93,23.89,19.07,151.0,0.241,31.0,20.53,13.0,8.61,0.665,0.11699999999999999,17.29,7.63,18.57,26.2,25.52,16.23,326.0,0.266,63.0,19.33,32.0,9.82,0.8540000000000001,0.248,19.32,8.96,15.81,24.77,25.19,16.36
745970,2024-06-29,2024,642715,R,592791,R,field_out,False,False,273.0,0.253,60.0,21.98,29.0,10.62,0.783,0.195,29.39,14.17,14.35,28.52,26.61,17.75,480.0,0.212,117.0,24.38,47.0,9.79,0.702,0.194,32.44,16.53,12.85,29.38,32.69,19.28,162.0,0.273,27.0,16.67,4.0,2.47,0.6910000000000001,0.13,20.07,10.6,17.73,28.34,33.47,17.53,330.0,0.252,77.0,23.33,9.0,2.73,0.653,0.124,24.68,12.85,17.91,30.76,34.04,20.87
745970,2024-06-29,2024,686217,L,592791,R,catcher_interf,False,False,243.0,0.269,42.0,17.28,23.0,9.47,0.6799999999999999,0.064,14.56,5.83,21.92,27.75,26.05,15.44,180.0,0.261,30.0,16.67,23.0,12.78,0.722,0.1049999999999999,15.26,6.63,20.31,26.94,29.52,13.18,151.0,0.241,31.0,20.53,13.0,8.61,0.665,0.11699999999999999,17.29,7.63,18.57,26.2,25.52,16.23,326.0,0.266,63.0,19.33,32.0,9.82,0.8540000000000001,0.248,19.32,8.96,15.81,24.77,25.19,16.36
745970,2024-06-29,2024,656555,R,592791,R,single,False,False,198.0,0.231,54.0,27.27,20.0,10.1,0.749,0.19699999999999998,26.26,10.76,21.28,32.04,22.25,19.29,,,,,,,,,,,,,,,162.0,0.273,27.0,16.67,4.0,2.47,0.6910000000000001,0.13,20.07,10.6,17.73,28.34,33.47,17.53,330.0,0.252,77.0,23.33,9.0,2.73,0.653,0.124,24.68,12.85,17.91,30.76,34.04,20.87
745970,2024-06-29,2024,694192,R,592791,R,home_run,False,False,180.0,0.265,47.0,26.11,7.0,3.89,0.738,0.182,29.73,15.05,18.39,33.43,36.87,23.38,,,,,,,,,,,,,,,162.0,0.273,27.0,16.67,4.0,2.47,0.6910000000000001,0.13,20.07,10.6,17.73,28.34,33.47,17.53,330.0,0.252,77.0,23.33,9.0,2.73,0.653,0.124,24.68,12.85,17.91,30.76,34.04,20.87
745970,2024-06-29,2024,663368,L,592791,R,strikeout,True,False,190.0,0.253,55.0,28.95,16.0,8.42,0.702,0.123,30.89,13.02,20.81,33.83,24.15,27.09,110.0,0.231,33.0,30.0,17.0,15.45,0.715,0.1319999999999999,24.04,9.0,23.31,32.31,18.26,20.5,151.0,0.241,31.0,20.53,13.0,8.61,0.665,0.11699999999999999,17.29,7.63,18.57,26.2,25.52,16.23,326.0,0.266,63.0,19.33,32.0,9.82,0.8540000000000001,0.248,19.32,8.96,15.81,24.77,25.19,16.36
745970,2024-06-29,2024,665804,R,607067,R,strikeout,True,False,139.0,0.21,31.0,22.3,10.0,7.19,0.5569999999999999,0.06400000000000003,27.8,14.89,14.7,29.59,35.8,19.14,92.0,0.187,24.0,26.09,7.0,7.61,0.679,0.173,24.72,11.67,16.98,28.65,28.18,19.05,166.0,0.216,28.0,16.87,9.0,5.42,0.623,0.12999999999999998,20.49,9.98,18.76,28.74,25.84,16.87,270.0,0.22,62.0,22.96,19.0,7.04,0.65,0.151,28.46,13.58,17.08,30.66,28.62,18.94
745970,2024-06-29,2024,663538,R,607067,R,strikeout,True,False,253.0,0.248,26.0,10.28,23.0,9.09,0.683,0.09899999999999998,13.46,6.02,21.37,27.39,29.57,9.89,508.0,0.274,63.0,12.4,40.0,7.87,0.72,0.0979999999999999,13.4,6.0,20.67,26.67,29.91,12.21,166.0,0.216,28.0,16.87,9.0,5.42,0.623,0.12999999999999998,20.49,9.98,18.76,28.74,25.84,16.87,270.0,0.22,62.0,22.96,19.0,7.04,0.65,0.151,28.46,13.58,17.08,30.66,28.62,18.94
745970,2024-06-29,2024,683737,L,607067,R,strikeout,True,False,239.0,0.25,86.0,35.98,30.0,12.55,0.7829999999999999,0.186,33.7,15.01,15.59,30.6,24.21,25.83,66.0,0.158,21.0,31.82,8.0,12.12,0.556,0.1399999999999999,29.79,14.48,13.45,27.93,28.39,21.0,203.0,0.253,34.0,16.75,19.0,9.36,0.8029999999999999,0.22499999999999998,16.07,7.02,19.77,26.79,21.6,15.38,247.0,0.251,48.0,19.43,19.0,7.69,0.8160000000000001,0.251,19.13,9.16,18.52,27.68,26.2,15.34
745970,2024-06-29,2024,655316,R,592791,R,field_out,False,False,22.0,0.211,7.0,31.82,2.0,9.09,0.634,0.10500000000000001,28.89,12.62,15.53,28.16,20.41,19.44,222.0,0.246,47.0,21.17,16.0,7.21,0.636,0.084,22.47,9.47,20.0,29.47,20.54,16.43,162.0,0.273,27.0,16.67,4.0,2.47,0.6910000000000001,0.13,20.07,10.6,17.73,28.34,33.47,17.53,330.0,0.252,77.0,23.33,9.0,2.73,0.653,0.124,24.68,12.85,17.91,30.76,34.04,20.87
745970,2024-06-29,2024,668930,L,592791,R,single,False,False,260.0,0.297,41.0,15.77,22.0,8.46,0.7849999999999999,0.13,12.24,5.66,18.75,24.41,26.01,14.14,376.0,0.224,82.0,21.81,30.0,7.98,0.608,0.097,22.03,10.83,16.08,26.9,28.59,16.14,151.0,0.241,31.0,20.53,13.0,8.61,0.665,0.11699999999999999,17.29,7.63,18.57,26.2,25.52,16.23,326.0,0.266,63.0,19.33,32.0,9.82,0.8540000000000001,0.248,19.32,8.96,15.81,24.77,25.19,16.36
745970,2024-06-29,2024,661388,R,592791,R,field_out,False,False,274.0,0.282,50.0,18.25,24.0,8.76,0.802,0.17000000000000004,28.33,13.47,14.16,27.62,24.71,18.12,434.0,0.262,94.0,21.66,42.0,9.68,0.72,0.119,27.61,11.63,19.55,31.17,24.86,18.08,162.0,0.273,27.0,16.67,4.0,2.47,0.6910000000000001,0.13,20.07,10.6,17.73,28.34,33.47,17.53,330.0,0.252,77.0,23.33,9.0,2.73,0.653,0.124,24.68,12.85,17.91,30.76,34.04,20.87
745970,2024-06-29,2024,592885,L,592791,R,field_out,False,False,166.0,0.312,33.0,19.88,20.0,12.05,0.8520000000000001,0.14600000000000002,22.88,10.54,13.1,23.64,25.21,16.5,473.0,0.294,103.0,21.78,64.0,13.53,0.882,0.195,26.99,11.53,15.4,26.93,23.89,19.07,151.0,0.241,31.0,20.53,13.0,8.61,0.665,0.11699999999999999,17.29,7.63,18.57,26.2,25.52,16.23,326.0,0.266,63.0,19.33,32.0,9.82,0.8540000000000001,0.248,19.32,8.96,15.81,24.77,25.19,16.36
745970,2024-06-29,2024,641355,L,607067,R,field_error,False,False,213.0,0.234,37.0,17.37,22.0,10.33,0.718,0.165,24.62,12.02,13.89,25.91,31.19,17.79,373.0,0.291,58.0,15.55,27.0,7.24,0.829,0.198,20.08,10.01,15.91,25.92,29.71,13.74,203.0,0.253,34.0,16.75,19.0,9.36,0.8029999999999999,0.22499999999999998,16.07,7.02,19.77,26.79,21.6,15.38,247.0,0.251,48.0,19.43,19.0,7.69,0.8160000000000001,0.251,19.13,9.16,18.52,27.68,26.2,15.34
745970,2024-06-29,2024,673548,R,607067,R,strikeout,True,False,185.0,0.275,57.0,30.81,11.0,5.95,0.815,0.20999999999999996,27.3,10.86,22.25,33.12,22.34,22.44,419.0,0.278,102.0,24.34,41.0,9.79,0.839,0.2129999999999999,24.3,9.93,20.44,30.37,19.3,20.2,166.0,0.216,28.0,16.87,9.0,5.42,0.623,0.12999999999999998,20.49,9.98,18.76,28.74,25.84,16.87,270.0,0.22,62.0,22.96,19.0,7.04,0.65,0.151,28.46,13.58,17.08,30.66,28.62,18.94
745970,2024-06-29,2024,664023,L,665625,R,double_play,False,False,252.0,0.229,71.0,28.17,37.0,14.68,0.7609999999999999,0.18099999999999997,28.36,12.52,16.09,28.61,22.92,19.61,502.0,0.258,109.0,21.71,80.0,15.94,0.831,0.192,25.86,11.22,15.24,26.46,20.31,17.34,50.0,0.239,15.0,30.0,3.0,6.0,0.626,0.08700000000000002,27.45,15.22,13.59,28.8,43.53,27.27,108.0,0.198,27.0,25.0,10.0,9.26,0.599,0.1139999999999999,34.21,15.97,15.48,31.45,34.45,24.32
745970,2024-06-29,2024,642715,R,592791,R,strikeout,True,False,273.0,0.253,60.0,21.98,29.0,10.62,0.783,0.195,29.39,14.17,14.35,28.52,26.61,17.75,480.0,0.212,117.0,24.38,47.0,9.79,0.702,0.194,32.44,16.53,12.85,29.38,32.69,19.28,162.0,0.273,27.0,16.67,4.0,2.47,0.6910000000000001,0.13,20.07,10.6,17.73,28.34,33.47,17.53,330.0,0.252,77.0,23.33,9.0,2.73,0.653,0.124,24.68,12.85,17.91,30.76,34.04,20.87
745970,2024-06-29,2024,686217,L,592791,R,field_out,False,False,243.0,0.269,42.0,17.28,23.0,9.47,0.6799999999999999,0.064,14.56,5.83,21.92,27.75,26.05,15.44,180.0,0.261,30.0,16.67,23.0,12.78,0.722,0.1049999999999999,15.26,6.63,20.31,26.94,29.52,13.18,151.0,0.241,31.0,20.53,13.0,8.61,0.665,0.11699999999999999,17.29,7.63,18.57,26.2,25.52,16.23,326.0,0.266,63.0,19.33,32.0,9.82,0.8540000000000001,0.248,19.32,8.96,15.81,24.77,25.19,16.36
745970,2024-06-29,2024,656555,R,592791,R,strikeout,True,False,198.0,0.231,54.0,27.27,20.0,10.1,0.749,0.19699999999999998,26.26,10.76,21.28,32.04,22.25,19.29,,,,,,,,,,,,,,,162.0,0.273,27.0,16.67,4.0,2.47,0.6910000000000001,0.13,20.07,10.6,17.73,28.34,33.47,17.53,330.0,0.252,77.0,23.33,9.0,2.73,0.653,0.124,24.68,12.85,17.91,30.76,34.04,20.87
745970,2024-06-29,2024,666624,R,665625,R,strikeout,True,False,263.0,0.2,59.0,22.43,31.0,11.79,0.683,0.178,30.0,13.39,15.32,28.71,24.13,19.6,329.0,0.247,105.0,31.91,27.0,8.21,0.798,0.239,38.21,19.07,13.74,32.81,29.43,27.56,94.0,0.296,15.0,15.96,12.0,12.77,0.8009999999999999,0.11099999999999999,29.22,12.82,19.66,32.48,32.63,16.13,144.0,0.24,27.0,18.75,16.0,11.11,0.629,0.0559999999999999,29.06,13.23,16.34,29.57,33.56,22.13
745970,2024-06-29,2024,621020,R,665625,R,walk,False,True,227.0,0.22,62.0,27.31,19.0,8.37,0.6439999999999999,0.13599999999999998,31.51,15.07,15.72,30.79,24.42,22.71,478.0,0.244,111.0,23.22,49.0,10.25,0.734,0.161,28.04,13.13,15.12,28.26,23.34,18.66,94.0,0.296,15.0,15.96,12.0,12.77,0.8009999999999999,0.11099999999999999,29.22,12.82,19.66,32.48,32.63,16.13,144.0,0.24,27.0,18.75,16.0,11.11,0.629,0.0559999999999999,29.06,13.23,16.34,29.57,33.56,22.13
745970,2024-06-29,2024,691718,L,665625,R,strikeout,True,False,119.0,0.196,34.0,28.57,6.0,5.04,0.5489999999999999,0.10299999999999998,28.89,17.69,10.2,27.89,42.73,21.66,15.0,0.0,6.0,40.0,2.0,13.33,0.154,0.0,44.44,26.67,8.33,35.0,23.08,27.27,50.0,0.239,15.0,30.0,3.0,6.0,0.626,0.08700000000000002,27.45,15.22,13.59,28.8,43.53,27.27,108.0,0.198,27.0,25.0,10.0,9.26,0.599,0.1139999999999999,34.21,15.97,15.48,31.45,34.45,24.32
745970,2024-06-29,2024,670156,L,665625,R,single,False,False,41.0,0.2,8.0,19.51,5.0,12.2,0.529,0.028999999999999998,21.88,8.75,18.75,27.5,23.6,19.51,135.0,0.24,29.0,21.48,12.0,8.89,0.614,0.066,22.82,8.53,24.86,33.39,23.61,18.12,50.0,0.239,15.0,30.0,3.0,6.0,0.626,0.08700000000000002,27.45,15.22,13.59,28.8,43.53,27.27,108.0,0.198,27.0,25.0,10.0,9.26,0.599,0.1139999999999999,34.21,15.97,15.48,31.45,34.45,24.32
745970,2024-06-29,2024,663538,R,665625,R,single,False,False,253.0,0.248,26.0,10.28,23.0,9.09,0.683,0.09899999999999998,13.46,6.02,21.37,27.39,29.57,9.89,508.0,0.274,63.0,12.4,40.0,7.87,0.72,0.0979999999999999,13.4,6.0,20.67,26.67,29.91,12.21,94.0,0.296,15.0,15.96,12.0,12.77,0.8009999999999999,0.11099999999999999,29.22,12.82,19.66,32.48,32.63,16.13,144.0,0.24,27.0,18.75,16.0,11.11,0.629,0.0559999999999999,29.06,13.23,16.34,29.57,33.56,22.13
745970,2024-06-29,2024,621550,R,657649,L,field_out,False,False,53.0,0.244,17.0,32.08,4.0,7.55,0.807,0.22300000000000003,28.3,13.45,14.8,28.25,23.64,23.94,131.0,0.217,47.0,35.88,10.0,7.63,0.769,0.275,32.94,15.47,14.92,30.39,23.55,28.83,94.0,0.195,22.0,23.4,8.0,8.51,0.583,0.09799999999999998,22.82,10.0,18.82,28.82,24.03,25.29,,,,,,,,,,,,,,
745970,2024-06-29,2024,694192,R,605347,R,single,False,False,180.0,0.265,47.0,26.11,7.0,3.89,0.738,0.182,29.73,15.05,18.39,33.43,36.87,23.38,,,,,,,,,,,,,,,74.0,0.25,8.0,10.81,8.0,10.81,0.654,0.062,15.83,6.81,18.64,25.45,20.3,11.43,175.0,0.286,28.0,16.0,13.0,7.43,0.838,0.201,22.7,11.09,16.72,27.81,31.8,16.87
745970,2024-06-29,2024,663368,L,605347,R,field_out,False,False,190.0,0.253,55.0,28.95,16.0,8.42,0.702,0.123,30.89,13.02,20.81,33.83,24.15,27.09,110.0,0.231,33.0,30.0,17.0,15.45,0.715,0.1319999999999999,24.04,9.0,23.31,32.31,18.26,20.5,41.0,0.263,11.0,26.83,2.0,4.88,0.8959999999999999,0.31599999999999995,26.76,11.18,22.94,34.12,25.0,23.91,91.0,0.299,21.0,23.08,9.0,9.89,0.954,0.259,24.18,10.34,18.99,29.33,22.89,20.19
745970,2024-06-29,2024,655316,R,605347,R,field_out,False,False,22.0,0.211,7.0,31.82,2.0,9.09,0.634,0.10500000000000001,28.89,12.62,15.53,28.16,20.41,19.44,222.0,0.246,47.0,21.17,16.0,7.21,0.636,0.084,22.47,9.47,20.0,29.47,20.54,16.43,74.0,0.25,8.0,10.81,8.0,10.81,0.654,0.062,15.83,6.81,18.64,25.45,20.3,11.43,175.0,0.286,28.0,16.0,13.0,7.43,0.838,0.201,22.7,11.09,16.72,27.81,31.8,16.87
745970,2024-06-29,2024,668930,L,605347,R,field_out,False,False,260.0,0.297,41.0,15.77,22.0,8.46,0.7849999999999999,0.13,12.24,5.66,18.75,24.41,26.01,14.14,376.0,0.224,82.0,21.81,30.0,7.98,0.608,0.097,22.03,10.83,16.08,26.9,28.59,16.14,41.0,0.263,11.0,26.83,2.0,4.88,0.8959999999999999,0.31599999999999995,26.76,11.18,22.94,34.12,25.0,23.91,91.0,0.299,21.0,23.08,9.0,9.89,0.954,0.259,24.18,10.34,18.99,29.33,22.89,20.19
745970,2024-06-29,2024,641355,L,657649,L,strikeout,True,False,87.0,0.341,13.0,14.94,1.0,1.15,0.816,0.12999999999999995,20.0,10.69,17.93,28.62,38.89,16.88,183.0,0.337,29.0,15.85,13.0,7.1,0.984,0.2589999999999999,20.0,9.84,17.49,27.32,33.33,11.98,61.0,0.193,14.0,22.95,3.0,4.92,0.479,0.05299999999999999,27.43,14.22,18.35,32.57,35.71,18.92,,,,,,,,,,,,,,
745970,2024-06-29,2024,673548,R,657649,L,strikeout,True,False,65.0,0.236,12.0,18.46,9.0,13.85,0.772,0.182,19.63,7.61,20.65,28.26,17.29,13.48,168.0,0.306,28.0,16.67,18.0,10.71,0.852,0.1659999999999999,13.89,5.59,20.11,25.7,20.92,12.39,94.0,0.195,22.0,23.4,8.0,8.51,0.583,0.09799999999999998,22.82,10.0,18.82,28.82,24.03,25.29,,,,,,,,,,,,,,
745970,2024-06-29,2024,664023,R,657649,L,strikeout,True,False,73.0,0.231,17.0,23.29,6.0,8.22,0.721,0.18399999999999997,29.05,14.88,13.84,28.72,25.19,17.17,191.0,0.225,44.0,23.04,19.0,9.95,0.694,0.16,24.04,11.18,15.63,26.81,29.29,17.32,94.0,0.195,22.0,23.4,8.0,8.51,0.583,0.09799999999999998,22.82,10.0,18.82,28.82,24.03,25.29,,,,,,,,,,,,,,
745970,2024-06-29,2024,661388,R,605155,R,field_out,False,False,274.0,0.282,50.0,18.25,24.0,8.76,0.802,0.17000000000000004,28.33,13.47,14.16,27.62,24.71,18.12,434.0,0.262,94.0,21.66,42.0,9.68,0.72,0.119,27.61,11.63,19.55,31.17,24.86,18.08,43.0,0.324,7.0,16.28,4.0,9.3,0.94,0.24399999999999994,23.53,11.43,14.29,25.71,20.78,12.96,17.0,0.357,2.0,11.76,3.0,17.65,1.471,0.643,25.0,10.64,17.02,27.66,22.73,28.57
745970,2024-06-29,2024,592885,L,605155,R,strikeout,True,False,166.0,0.312,33.0,19.88,20.0,12.05,0.8520000000000001,0.14600000000000002,22.88,10.54,13.1,23.64,25.21,16.5,473.0,0.294,103.0,21.78,64.0,13.53,0.882,0.195,26.99,11.53,15.4,26.93,23.89,19.07,36.0,0.219,12.0,33.33,3.0,8.33,0.528,0.031,30.65,12.67,21.33,34.0,22.67,25.53,17.0,0.062,2.0,11.76,0.0,0.0,0.368,0.188,18.52,8.77,17.54,26.32,22.22,15.38
745970,2024-06-29,2024,642715,R,605155,R,field_out,False,False,273.0,0.253,60.0,21.98,29.0,10.62,0.783,0.195,29.39,14.17,14.35,28.52,26.61,17.75,480.0,0.212,117.0,24.38,47.0,9.79,0.702,0.194,32.44,16.53,12.85,29.38,32.69,19.28,43.0,0.324,7.0,16.28,4.0,9.3,0.94,0.24399999999999994,23.53,11.43,14.29,25.71,20.78,12.96,17.0,0.357,2.0,11.76,3.0,17.65,1.471,0.643,25.0,10.64,17.02,27.66,22.73,28.57
745970,2024-06-29,2024,666624,R,656730,R,field_out,False,False,263.0,0.2,59.0,22.43,31.0,11.79,0.683,0.178,30.0,13.39,15.32,28.71,24.13,19.6,329.0,0.247,105.0,31.91,27.0,8.21,0.798,0.239,38.21,19.07,13.74,32.81,29.43,27.56,61.0,0.207,16.0,26.23,2.0,3.28,0.489,0.05200000000000002,32.33,18.94,11.89,30.84,39.05,21.05,76.0,0.254,29.0,38.16,5.0,6.58,0.751,0.194,33.77,16.89,18.87,35.76,34.06,31.18
745970,2024-06-29,2024,621020,R,656730,R,field_out,False,False,227.0,0.22,62.0,27.31,19.0,8.37,0.6439999999999999,0.13599999999999998,31.51,15.07,15.72,30.79,24.42,22.71,478.0,0.244,111.0,23.22,49.0,10.25,0.734,0.161,28.04,13.13,15.12,28.26,23.34,18.66,61.0,0.207,16.0,26.23,2.0,3.28,0.489,0.05200000000000002,32.33,18.94,11.89,30.84,39.05,21.05,76.0,0.254,29.0,38.16,5.0,6.58,0.751,0.194,33.77,16.89,18.87,35.76,34.06,31.18
745970,2024-06-29,2024,691718,L,656730,R,field_out,False,False,119.0,0.196,34.0,28.57,6.0,5.04,0.5489999999999999,0.10299999999999998,28.89,17.69,10.2,27.89,42.73,21.66,15.0,0.0,6.0,40.0,2.0,13.33,0.154,0.0,44.44,26.67,8.33,35.0,23.08,27.27,44.0,0.189,14.0,31.82,5.0,11.36,0.518,0.026999999999999996,36.36,16.67,15.48,32.14,29.49,31.82,72.0,0.277,23.0,31.94,7.0,9.72,0.6699999999999999,0.0459999999999999,31.01,13.33,20.0,33.33,24.29,22.77
745238,2024-06-29,2024,650489,L,669302,R,field_out,False,False,242.0,0.24,55.0,22.73,22.0,9.09,0.7470000000000001,0.16400000000000003,27.48,13.33,15.08,28.41,28.82,18.15,280.0,0.266,73.0,26.07,23.0,8.21,0.8029999999999999,0.189,28.16,14.39,15.31,29.7,34.97,21.1,192.0,0.189,55.0,28.65,9.0,4.69,0.519,0.09999999999999998,34.92,17.71,15.01,32.72,28.99,25.0,383.0,0.233,98.0,25.59,18.0,4.7,0.664,0.164,26.12,13.53,15.24,28.78,29.31,20.0
745238,2024-06-29,2024,621043,R,669302,R,single,False,False,201.0,0.311,37.0,18.41,20.0,9.95,0.858,0.16899999999999998,20.6,9.18,18.75,27.93,27.34,17.79,444.0,0.224,112.0,25.23,42.0,9.46,0.69,0.164,26.37,11.3,19.9,31.19,27.0,21.72,234.0,0.2,47.0,20.09,12.0,5.13,0.621,0.177,25.5,13.09,14.7,27.78,29.17,17.94,388.0,0.234,91.0,23.45,18.0,4.64,0.6930000000000001,0.1859999999999999,26.67,13.92,14.54,28.46,30.56,20.87
745238,2024-06-29,2024,663616,L,669302,R,field_out,False,False,167.0,0.248,30.0,17.96,12.0,7.19,0.73,0.183,25.67,12.24,17.33,29.57,28.19,16.2,189.0,0.228,60.0,31.75,25.0,13.23,0.766,0.21,36.25,14.96,16.71,31.67,22.55,25.75,192.0,0.189,55.0,28.65,9.0,4.69,0.519,0.09999999999999998,34.92,17.71,15.01,32.72,28.99,25.0,383.0,0.233,98.0,25.59,18.0,4.7,0.664,0.164,26.12,13.53,15.24,28.78,29.31,20.0
745238,2024-06-29,2024,668904,R,669302,R,field_out,False,False,66.0,0.262,13.0,19.7,5.0,7.58,1.023,0.44299999999999995,29.51,14.23,13.44,27.67,29.08,18.06,183.0,0.307,43.0,23.5,15.0,8.2,0.962,0.283,27.16,12.8,18.57,31.36,28.0,20.98,234.0,0.2,47.0,20.09,12.0,5.13,0.621,0.177,25.5,13.09,14.7,27.78,29.17,17.94,388.0,0.234,91.0,23.45,18.0,4.64,0.6930000000000001,0.1859999999999999,26.67,13.92,14.54,28.46,30.56,20.87
745238,2024-06-29,2024,641487,L,641927,R,strikeout,True,False,182.0,0.174,45.0,24.73,25.0,13.74,0.614,0.14900000000000002,19.02,7.66,20.27,27.94,18.25,17.37,446.0,0.266,84.0,18.83,67.0,15.02,0.845,0.197,18.19,6.93,19.49,26.42,17.9,17.39,159.0,0.205,40.0,25.16,9.0,5.66,0.642,0.17900000000000002,27.81,13.77,17.7,31.48,31.54,19.8,293.0,0.228,63.0,21.5,17.0,5.8,0.629,0.1209999999999999,24.59,12.9,15.05,27.94,33.04,15.98
745238,2024-06-29,2024,677594,R,641927,R,single,False,False,257.0,0.238,72.0,28.02,16.0,6.23,0.6,0.07400000000000001,31.18,16.7,12.0,28.69,37.73,19.78,545.0,0.267,127.0,23.3,35.0,6.42,0.8109999999999999,0.2169999999999999,27.93,14.91,13.12,28.03,38.34,22.84,193.0,0.242,52.0,26.94,14.0,7.25,0.767,0.22400000000000003,27.09,14.04,15.22,29.27,31.61,19.26,286.0,0.236,83.0,29.02,12.0,4.2,0.7350000000000001,0.221,32.64,17.53,12.37,29.9,34.21,19.48
745238,2024-06-29,2024,663728,L,641927,R,strikeout,True,False,222.0,0.23,72.0,32.43,24.0,10.81,0.719,0.17799999999999996,28.78,14.29,13.97,28.26,30.1,21.32,462.0,0.235,126.0,27.27,47.0,10.17,0.7909999999999999,0.241,29.58,14.2,14.09,28.29,30.53,21.36,159.0,0.205,40.0,25.16,9.0,5.66,0.642,0.17900000000000002,27.81,13.77,17.7,31.48,31.54,19.8,293.0,0.228,63.0,21.5,17.0,5.8,0.629,0.1209999999999999,24.59,12.9,15.05,27.94,33.04,15.98
745238,2024-06-29,2024,467793,L,669302,R,field_out,False,False,220.0,0.232,33.0,15.0,23.0,10.45,0.7150000000000001,0.16,22.96,9.93,16.89,26.82,23.93,13.36,460.0,0.231,83.0,18.04,45.0,9.78,0.727,0.1899999999999999,23.76,11.0,14.32,25.31,24.63,16.21,192.0,0.189,55.0,28.65,9.0,4.69,0.519,0.09999999999999998,34.92,17.71,15.01,32.72,28.99,25.0,383.0,0.233,98.0,25.59,18.0,4.7,0.664,0.164,26.12,13.53,15.24,28.78,29.31,20.0
745238,2024-06-29,2024,669304,R,669302,R,single,False,False,158.0,0.317,22.0,13.92,11.0,6.96,0.918,0.23200000000000004,21.77,10.41,16.75,27.16,32.21,16.67,120.0,0.207,18.0,15.0,8.0,6.67,0.5640000000000001,0.09,23.72,11.83,13.69,25.52,32.37,15.04,234.0,0.2,47.0,20.09,12.0,5.13,0.621,0.177,25.5,13.09,14.7,27.78,29.17,17.94,388.0,0.234,91.0,23.45,18.0,4.64,0.6930000000000001,0.1859999999999999,26.67,13.92,14.54,28.46,30.56,20.87
745238,2024-06-29,2024,596146,L,669302,R,field_out,False,False,182.0,0.236,36.0,19.78,13.0,7.14,0.698,0.16400000000000003,23.08,12.23,11.64,23.87,27.41,17.39,394.0,0.263,84.0,21.32,37.0,9.39,0.8320000000000001,0.2339999999999999,19.92,9.32,15.49,24.81,24.75,18.14,192.0,0.189,55.0,28.65,9.0,4.69,0.519,0.09999999999999998,34.92,17.71,15.01,32.72,28.99,25.0,383.0,0.233,98.0,25.59,18.0,4.7,0.664,0.164,26.12,13.53,15.24,28.78,29.31,20.0
745238,2024-06-29,2024,622534,R,669302,R,field_out,False,False,101.0,0.176,17.0,16.83,6.0,5.94,0.481,0.05500000000000002,22.86,11.05,17.4,28.45,27.75,16.67,237.0,0.258,33.0,13.92,15.0,6.33,0.694,0.12,23.38,11.66,15.01,26.67,32.22,16.02,234.0,0.2,47.0,20.09,12.0,5.13,0.621,0.177,25.5,13.09,14.7,27.78,29.17,17.94,388.0,0.234,91.0,23.45,18.0,4.64,0.6930000000000001,0.1859999999999999,26.67,13.92,14.54,28.46,30.56,20.87
745238,2024-06-29,2024,641598,R,641927,R,field_out,False,False,192.0,0.156,63.0,32.81,26.0,13.54,0.595,0.156,34.53,13.35,22.17,35.52,18.77,25.61,262.0,0.25,70.0,26.72,25.0,9.54,0.845,0.267,25.84,10.63,19.22,29.85,18.71,21.21,193.0,0.242,52.0,26.94,14.0,7.25,0.767,0.22400000000000003,27.09,14.04,15.22,29.27,31.61,19.26,286.0,0.236,83.0,29.02,12.0,4.2,0.7350000000000001,0.221,32.64,17.53,12.37,29.9,34.21,19.48
745238,2024-06-29,2024,686527,L,641927,R,strikeout,True,False,126.0,0.239,36.0,28.57,12.0,9.52,0.77,0.22100000000000003,34.16,18.0,15.4,33.41,40.16,25.9,155.0,0.221,26.0,16.77,5.0,3.23,0.661,0.1879999999999999,24.65,13.73,16.86,30.59,41.27,21.85,159.0,0.205,40.0,25.16,9.0,5.66,0.642,0.17900000000000002,27.81,13.77,17.7,31.48,31.54,19.8,293.0,0.228,63.0,21.5,17.0,5.8,0.629,0.1209999999999999,24.59,12.9,15.05,27.94,33.04,15.98
745238,2024-06-29,2024,664034,R,641927,R,field_out,False,False,199.0,0.235,49.0,24.62,14.0,7.04,0.681,0.139,20.59,9.88,15.28,25.16,24.13,19.37,506.0,0.24,85.0,16.8,37.0,7.31,0.698,0.1169999999999999,22.16,11.42,13.69,25.11,32.3,15.51,193.0,0.242,52.0,26.94,14.0,7.25,0.767,0.22400000000000003,27.09,14.04,15.22,29.27,31.61,19.26,286.0,0.236,83.0,29.02,12.0,4.2,0.7350000000000001,0.221,32.64,17.53,12.37,29.9,34.21,19.48
745238,2024-06-29,2024,543877,R,669302,R,field_out,False,False,115.0,0.17,29.0,25.22,4.0,3.48,0.45899999999999996,0.08499999999999999,27.01,13.83,18.2,32.04,35.96,25.22,279.0,0.216,59.0,21.15,22.0,7.89,0.548,0.051,25.76,12.56,16.62,29.18,33.72,23.41,234.0,0.2,47.0,20.09,12.0,5.13,0.621,0.177,25.5,13.09,14.7,27.78,29.17,17.94,388.0,0.234,91.0,23.45,18.0,4.64,0.6930000000000001,0.1859999999999999,26.67,13.92,14.54,28.46,30.56,20.87
745238,2024-06-29,2024,650489,L,669302,R,field_out,False,False,242.0,0.24,55.0,22.73,22.0,9.09,0.7470000000000001,0.16400000000000003,27.48,13.33,15.08,28.41,28.82,18.15,280.0,0.266,73.0,26.07,23.0,8.21,0.8029999999999999,0.189,28.16,14.39,15.31,29.7,34.97,21.1,192.0,0.189,55.0,28.65,9.0,4.69,0.519,0.09999999999999998,34.92,17.71,15.01,32.72,28.99,25.0,383.0,0.233,98.0,25.59,18.0,4.7,0.664,0.164,26.12,13.53,15.24,28.78,29.31,20.0
745238,2024-06-29,2024,621043,R,669302,R,strikeout,True,False,201.0,0.311,37.0,18.41,20.0,9.95,0.858,0.16899999999999998,20.6,9.18,18.75,27.93,27.34,17.79,444.0,0.224,112.0,25.23,42.0,9.46,0.69,0.164,26.37,11.3,19.9,31.19,27.0,21.72,234.0,0.2,47.0,20.09,12.0,5.13,0.621,0.177,25.5,13.09,14.7,27.78,29.17,17.94,388.0,0.234,91.0,23.45,18.0,4.64,0.6930000000000001,0.1859999999999999,26.67,13.92,14.54,28.46,30.56,20.87
745238,2024-06-29,2024,593871,L,641927,R,field_out,False,False,147.0,0.181,52.0,35.37,19.0,12.93,0.6,0.126,32.96,13.31,17.7,31.01,21.81,24.76,253.0,0.233,70.0,27.67,33.0,13.04,0.775,0.209,25.05,11.12,16.17,27.29,26.25,21.21,159.0,0.205,40.0,25.16,9.0,5.66,0.642,0.17900000000000002,27.81,13.77,17.7,31.48,31.54,19.8,293.0,0.228,63.0,21.5,17.0,5.8,0.629,0.1209999999999999,24.59,12.9,15.05,27.94,33.04,15.98
745238,2024-06-29,2024,571745,R,641927,R,strikeout,True,False,187.0,0.24,50.0,26.74,17.0,9.09,0.7130000000000001,0.16100000000000003,30.7,13.08,17.36,30.44,21.5,20.94,161.0,0.189,48.0,29.81,10.0,6.21,0.599,0.1619999999999999,28.57,13.33,19.22,32.56,25.34,22.02,193.0,0.242,52.0,26.94,14.0,7.25,0.767,0.22400000000000003,27.09,14.04,15.22,29.27,31.61,19.26,286.0,0.236,83.0,29.02,12.0,4.2,0.7350000000000001,0.221,32.64,17.53,12.37,29.9,34.21,19.48
745238,2024-06-29,2024,668942,L,641927,R,field_out,False,False,225.0,0.271,37.0,16.44,19.0,8.44,0.75,0.14299999999999996,17.45,8.11,17.09,25.19,21.38,12.94,299.0,0.249,64.0,21.4,22.0,7.36,0.6559999999999999,0.1019999999999999,22.77,10.13,19.65,29.78,25.55,19.69,159.0,0.205,40.0,25.16,9.0,5.66,0.642,0.17900000000000002,27.81,13.77,17.7,31.48,31.54,19.8,293.0,0.228,63.0,21.5,17.0,5.8,0.629,0.1209999999999999,24.59,12.9,15.05,27.94,33.04,15.98
745238,2024-06-29,2024,663616,L,669302,R,field_out,False,False,167.0,0.248,30.0,17.96,12.0,7.19,0.73,0.183,25.67,12.24,17.33,29.57,28.19,16.2,189.0,0.228,60.0,31.75,25.0,13.23,0.766,0.21,36.25,14.96,16.71,31.67,22.55,25.75,192.0,0.189,55.0,28.65,9.0,4.69,0.519,0.09999999999999998,34.92,17.71,15.01,32.72,28.99,25.0,383.0,0.233,98.0,25.59,18.0,4.7,0.664,0.164,26.12,13.53,15.24,28.78,29.31,20.0
745238,2024-06-29,2024,668904,R,669302,R,field_out,False,False,66.0,0.262,13.0,19.7,5.0,7.58,1.023,0.44299999999999995,29.51,14.23,13.44,27.67,29.08,18.06,183.0,0.307,43.0,23.5,15.0,8.2,0.962,0.283,27.16,12.8,18.57,31.36,28.0,20.98,234.0,0.2,47.0,20.09,12.0,5.13,0.621,0.177,25.5,13.09,14.7,27.78,29.17,17.94,388.0,0.234,91.0,23.45,18.0,4.64,0.6930000000000001,0.1859999999999999,26.67,13.92,14.54,28.46,30.56,20.87
745238,2024-06-29,2024,467793,L,669302,R,field_out,False,False,220.0,0.232,33.0,15.0,23.0,10.45,0.7150000000000001,0.16,22.96,9.93,16.89,26.82,23.93,13.36,460.0,0.231,83.0,18.04,45.0,9.78,0.727,0.1899999999999999,23.76,11.0,14.32,25.31,24.63,16.21,192.0,0.189,55.0,28.65,9.0,4.69,0.519,0.09999999999999998,34.92,17.71,15.01,32.72,28.99,25.0,383.0,0.233,98.0,25.59,18.0,4.7,0.664,0.164,26.12,13.53,15.24,28.78,29.31,20.0
745238,2024-06-29,2024,641487,L,641927,R,walk,False,True,182.0,0.174,45.0,24.73,25.0,13.74,0.614,0.14900000000000002,19.02,7.66,20.27,27.94,18.25,17.37,446.0,0.266,84.0,18.83,67.0,15.02,0.845,0.197,18.19,6.93,19.49,26.42,17.9,17.39,159.0,0.205,40.0,25.16,9.0,5.66,0.642,0.17900000000000002,27.81,13.77,17.7,31.48,31.54,19.8,293.0,0.228,63.0,21.5,17.0,5.8,0.629,0.1209999999999999,24.59,12.9,15.05,27.94,33.04,15.98
745238,2024-06-29,2024,677594,R,641927,R,strikeout,True,False,257.0,0.238,72.0,28.02,16.0,6.23,0.6,0.07400000000000001,31.18,16.7,12.0,28.69,37.73,19.78,545.0,0.267,127.0,23.3,35.0,6.42,0.8109999999999999,0.2169999999999999,27.93,14.91,13.12,28.03,38.34,22.84,193.0,0.242,52.0,26.94,14.0,7.25,0.767,0.22400000000000003,27.09,14.04,15.22,29.27,31.61,19.26,286.0,0.236,83.0,29.02,12.0,4.2,0.7350000000000001,0.221,32.64,17.53,12.37,29.9,34.21,19.48
745238,2024-06-29,2024,663728,L,641927,R,field_out,False,False,222.0,0.23,72.0,32.43,24.0,10.81,0.719,0.17799999999999996,28.78,14.29,13.97,28.26,30.1,21.32,462.0,0.235,126.0,27.27,47.0,10.17,0.7909999999999999,0.241,29.58,14.2,14.09,28.29,30.53,21.36,159.0,0.205,40.0,25.16,9.0,5.66,0.642,0.17900000000000002,27.81,13.77,17.7,31.48,31.54,19.8,293.0,0.228,63.0,21.5,17.0,5.8,0.629,0.1209999999999999,24.59,12.9,15.05,27.94,33.04,15.98
745238,2024-06-29,2024,641598,R,641927,R,walk,False,True,192.0,0.156,63.0,32.81,26.0,13.54,0.595,0.156,34.53,13.35,22.17,35.52,18.77,25.61,262.0,0.25,70.0,26.72,25.0,9.54,0.845,0.267,25.84,10.63,19.22,29.85,18.71,21.21,193.0,0.242,52.0,26.94,14.0,7.25,0.767,0.22400000000000003,27.09,14.04,15.22,29.27,31.61,19.26,286.0,0.236,83.0,29.02,12.0,4.2,0.7350000000000001,0.221,32.64,17.53,12.37,29.9,34.21,19.48
745238,2024-06-29,2024,686527,L,641927,R,field_out,False,False,126.0,0.239,36.0,28.57,12.0,9.52,0.77,0.22100000000000003,34.16,18.0,15.4,33.41,40.16,25.9,155.0,0.221,26.0,16.77,5.0,3.23,0.661,0.1879999999999999,24.65,13.73,16.86,30.59,41.27,21.85,159.0,0.205,40.0,25.16,9.0,5.66,0.642,0.17900000000000002,27.81,13.77,17.7,31.48,31.54,19.8,293.0,0.228,63.0,21.5,17.0,5.8,0.629,0.1209999999999999,24.59,12.9,15.05,27.94,33.04,15.98
745238,2024-06-29,2024,669304,R,669302,R,field_out,False,False,158.0,0.317,22.0,13.92,11.0,6.96,0.918,0.23200000000000004,21.77,10.41,16.75,27.16,32.21,16.67,120.0,0.207,18.0,15.0,8.0,6.67,0.5640000000000001,0.09,23.72,11.83,13.69,25.52,32.37,15.04,234.0,0.2,47.0,20.09,12.0,5.13,0.621,0.177,25.5,13.09,14.7,27.78,29.17,17.94,388.0,0.234,91.0,23.45,18.0,4.64,0.6930000000000001,0.1859999999999999,26.67,13.92,14.54,28.46,30.56,20.87
745238,2024-06-29,2024,596146,L,669302,R,field_out,False,False,182.0,0.236,36.0,19.78,13.0,7.14,0.698,0.16400000000000003,23.08,12.23,11.64,23.87,27.41,17.39,394.0,0.263,84.0,21.32,37.0,9.39,0.8320000000000001,0.2339999999999999,19.92,9.32,15.49,24.81,24.75,18.14,192.0,0.189,55.0,28.65,9.0,4.69,0.519,0.09999999999999998,34.92,17.71,15.01,32.72,28.99,25.0,383.0,0.233,98.0,25.59,18.0,4.7,0.664,0.164,26.12,13.53,15.24,28.78,29.31,20.0
745238,2024-06-29,2024,622534,R,669302,R,double,False,False,101.0,0.176,17.0,16.83,6.0,5.94,0.481,0.05500000000000002,22.86,11.05,17.4,28.45,27.75,16.67,237.0,0.258,33.0,13.92,15.0,6.33,0.694,0.12,23.38,11.66,15.01,26.67,32.22,16.02,234.0,0.2,47.0,20.09,12.0,5.13,0.621,0.177,25.5,13.09,14.7,27.78,29.17,17.94,388.0,0.234,91.0,23.45,18.0,4.64,0.6930000000000001,0.1859999999999999,26.67,13.92,14.54,28.46,30.56,20.87
745238,2024-06-29,2024,543877,R,669302,R,field_out,False,False,115.0,0.17,29.0,25.22,4.0,3.48,0.45899999999999996,0.08499999999999999,27.01,13.83,18.2,32.04,35.96,25.22,279.0,0.216,59.0,21.15,22.0,7.89,0.548,0.051,25.76,12.56,16.62,29.18,33.72,23.41,234.0,0.2,47.0,20.09,12.0,5.13,0.621,0.177,25.5,13.09,14.7,27.78,29.17,17.94,388.0,0.234,91.0,23.45,18.0,4.64,0.6930000000000001,0.1859999999999999,26.67,13.92,14.54,28.46,30.56,20.87
745238,2024-06-29,2024,664034,R,641927,R,strikeout,True,False,199.0,0.235,49.0,24.62,14.0,7.04,0.681,0.139,20.59,9.88,15.28,25.16,24.13,19.37,506.0,0.24,85.0,16.8,37.0,7.31,0.698,0.1169999999999999,22.16,11.42,13.69,25.11,32.3,15.51,193.0,0.242,52.0,26.94,14.0,7.25,0.767,0.22400000000000003,27.09,14.04,15.22,29.27,31.61,19.26,286.0,0.236,83.0,29.02,12.0,4.2,0.7350000000000001,0.221,32.64,17.53,12.37,29.9,34.21,19.48
745238,2024-06-29,2024,593871,L,641927,R,strikeout,True,False,147.0,0.181,52.0,35.37,19.0,12.93,0.6,0.126,32.96,13.31,17.7,31.01,21.81,24.76,253.0,0.233,70.0,27.67,33.0,13.04,0.775,0.209,25.05,11.12,16.17,27.29,26.25,21.21,159.0,0.205,40.0,25.16,9.0,5.66,0.642,0.17900000000000002,27.81,13.77,17.7,31.48,31.54,19.8,293.0,0.228,63.0,21.5,17.0,5.8,0.629,0.1209999999999999,24.59,12.9,15.05,27.94,33.04,15.98
745238,2024-06-29,2024,571745,R,641927,R,walk,False,True,187.0,0.24,50.0,26.74,17.0,9.09,0.7130000000000001,0.16100000000000003,30.7,13.08,17.36,30.44,21.5,20.94,161.0,0.189,48.0,29.81,10.0,6.21,0.599,0.1619999999999999,28.57,13.33,19.22,32.56,25.34,22.02,193.0,0.242,52.0,26.94,14.0,7.25,0.767,0.22400000000000003,27.09,14.04,15.22,29.27,31.61,19.26,286.0,0.236,83.0,29.02,12.0,4.2,0.7350000000000001,0.221,32.64,17.53,12.37,29.9,34.21,19.48
745238,2024-06-29,2024,668942,L,641927,R,double,False,False,225.0,0.271,37.0,16.44,19.0,8.44,0.75,0.14299999999999996,17.45,8.11,17.09,25.19,21.38,12.94,299.0,0.249,64.0,21.4,22.0,7.36,0.6559999999999999,0.1019999999999999,22.77,10.13,19.65,29.78,25.55,19.69,159.0,0.205,40.0,25.16,9.0,5.66,0.642,0.17900000000000002,27.81,13.77,17.7,31.48,31.54,19.8,293.0,0.228,63.0,21.5,17.0,5.8,0.629,0.1209999999999999,24.59,12.9,15.05,27.94,33.04,15.98
745238,2024-06-29,2024,641487,L,641927,R,field_out,False,False,182.0,0.174,45.0,24.73,25.0,13.74,0.614,0.14900000000000002,19.02,7.66,20.27,27.94,18.25,17.37,446.0,0.266,84.0,18.83,67.0,15.02,0.845,0.197,18.19,6.93,19.49,26.42,17.9,17.39,159.0,0.205,40.0,25.16,9.0,5.66,0.642,0.17900000000000002,27.81,13.77,17.7,31.48,31.54,19.8,293.0,0.228,63.0,21.5,17.0,5.8,0.629,0.1209999999999999,24.59,12.9,15.05,27.94,33.04,15.98
745238,2024-06-29,2024,650489,L,669302,R,hit_by_pitch,False,False,242.0,0.24,55.0,22.73,22.0,9.09,0.7470000000000001,0.16400000000000003,27.48,13.33,15.08,28.41,28.82,18.15,280.0,0.266,73.0,26.07,23.0,8.21,0.8029999999999999,0.189,28.16,14.39,15.31,29.7,34.97,21.1,192.0,0.189,55.0,28.65,9.0,4.69,0.519,0.09999999999999998,34.92,17.71,15.01,32.72,28.99,25.0,383.0,0.233,98.0,25.59,18.0,4.7,0.664,0.164,26.12,13.53,15.24,28.78,29.31,20.0
745238,2024-06-29,2024,621043,R,669302,R,home_run,False,False,201.0,0.311,37.0,18.41,20.0,9.95,0.858,0.16899999999999998,20.6,9.18,18.75,27.93,27.34,17.79,444.0,0.224,112.0,25.23,42.0,9.46,0.69,0.164,26.37,11.3,19.9,31.19,27.0,21.72,234.0,0.2,47.0,20.09,12.0,5.13,0.621,0.177,25.5,13.09,14.7,27.78,29.17,17.94,388.0,0.234,91.0,23.45,18.0,4.64,0.6930000000000001,0.1859999999999999,26.67,13.92,14.54,28.46,30.56,20.87
745238,2024-06-29,2024,663616,L,669302,R,field_out,False,False,167.0,0.248,30.0,17.96,12.0,7.19,0.73,0.183,25.67,12.24,17.33,29.57,28.19,16.2,189.0,0.228,60.0,31.75,25.0,13.23,0.766,0.21,36.25,14.96,16.71,31.67,22.55,25.75,192.0,0.189,55.0,28.65,9.0,4.69,0.519,0.09999999999999998,34.92,17.71,15.01,32.72,28.99,25.0,383.0,0.233,98.0,25.59,18.0,4.7,0.664,0.164,26.12,13.53,15.24,28.78,29.31,20.0
745238,2024-06-29,2024,668904,R,669302,R,strikeout,True,False,66.0,0.262,13.0,19.7,5.0,7.58,1.023,0.44299999999999995,29.51,14.23,13.44,27.67,29.08,18.06,183.0,0.307,43.0,23.5,15.0,8.2,0.962,0.283,27.16,12.8,18.57,31.36,28.0,20.98,234.0,0.2,47.0,20.09,12.0,5.13,0.621,0.177,25.5,13.09,14.7,27.78,29.17,17.94,388.0,0.234,91.0,23.45,18.0,4.64,0.6930000000000001,0.1859999999999999,26.67,13.92,14.54,28.46,30.56,20.87
745238,2024-06-29,2024,467793,L,669302,R,strikeout,True,False,220.0,0.232,33.0,15.0,23.0,10.45,0.7150000000000001,0.16,22.96,9.93,16.89,26.82,23.93,13.36,460.0,0.231,83.0,18.04,45.0,9.78,0.727,0.1899999999999999,23.76,11.0,14.32,25.31,24.63,16.21,192.0,0.189,55.0,28.65,9.0,4.69,0.519,0.09999999999999998,34.92,17.71,15.01,32.72,28.99,25.0,383.0,0.233,98.0,25.59,18.0,4.7,0.664,0.164,26.12,13.53,15.24,28.78,29.31,20.0
745238,2024-06-29,2024,677594,R,641927,R,field_out,False,False,257.0,0.238,72.0,28.02,16.0,6.23,0.6,0.07400000000000001,31.18,16.7,12.0,28.69,37.73,19.78,545.0,0.267,127.0,23.3,35.0,6.42,0.8109999999999999,0.2169999999999999,27.93,14.91,13.12,28.03,38.34,22.84,193.0,0.242,52.0,26.94,14.0,7.25,0.767,0.22400000000000003,27.09,14.04,15.22,29.27,31.61,19.26,286.0,0.236,83.0,29.02,12.0,4.2,0.7350000000000001,0.221,32.64,17.53,12.37,29.9,34.21,19.48
745238,2024-06-29,2024,663728,L,641927,R,strikeout,True,False,222.0,0.23,72.0,32.43,24.0,10.81,0.719,0.17799999999999996,28.78,14.29,13.97,28.26,30.1,21.32,462.0,0.235,126.0,27.27,47.0,10.17,0.7909999999999999,0.241,29.58,14.2,14.09,28.29,30.53,21.36,159.0,0.205,40.0,25.16,9.0,5.66,0.642,0.17900000000000002,27.81,13.77,17.7,31.48,31.54,19.8,293.0,0.228,63.0,21.5,17.0,5.8,0.629,0.1209999999999999,24.59,12.9,15.05,27.94,33.04,15.98
745238,2024-06-29,2024,641598,R,641927,R,strikeout,True,False,192.0,0.156,63.0,32.81,26.0,13.54,0.595,0.156,34.53,13.35,22.17,35.52,18.77,25.61,262.0,0.25,70.0,26.72,25.0,9.54,0.845,0.267,25.84,10.63,19.22,29.85,18.71,21.21,193.0,0.242,52.0,26.94,14.0,7.25,0.767,0.22400000000000003,27.09,14.04,15.22,29.27,31.61,19.26,286.0,0.236,83.0,29.02,12.0,4.2,0.7350000000000001,0.221,32.64,17.53,12.37,29.9,34.21,19.48
745238,2024-06-29,2024,669304,R,608723,R,field_out,False,False,158.0,0.317,22.0,13.92,11.0,6.96,0.918,0.23200000000000004,21.77,10.41,16.75,27.16,32.21,16.67,120.0,0.207,18.0,15.0,8.0,6.67,0.5640000000000001,0.09,23.72,11.83,13.69,25.52,32.37,15.04,64.0,0.186,17.0,26.56,3.0,4.69,0.577,0.15300000000000002,32.03,16.4,15.6,32.0,38.13,21.79,92.0,0.272,24.0,26.09,8.0,8.7,0.847,0.2339999999999999,30.85,15.63,15.36,31.0,35.26,18.75
745238,2024-06-29,2024,596146,L,608723,R,single,False,False,182.0,0.236,36.0,19.78,13.0,7.14,0.698,0.16400000000000003,23.08,12.23,11.64,23.87,27.41,17.39,394.0,0.263,84.0,21.32,37.0,9.39,0.8320000000000001,0.2339999999999999,19.92,9.32,15.49,24.81,24.75,18.14,67.0,0.197,10.0,14.93,5.0,7.46,0.63,0.16399999999999998,23.58,11.69,14.52,26.21,25.62,15.15,68.0,0.288,10.0,14.71,7.0,10.29,0.772,0.102,13.95,6.08,17.57,23.65,25.81,11.76
745238,2024-06-29,2024,622534,R,608723,R,strikeout,True,False,101.0,0.176,17.0,16.83,6.0,5.94,0.481,0.05500000000000002,22.86,11.05,17.4,28.45,27.75,16.67,237.0,0.258,33.0,13.92,15.0,6.33,0.694,0.12,23.38,11.66,15.01,26.67,32.22,16.02,64.0,0.186,17.0,26.56,3.0,4.69,0.577,0.15300000000000002,32.03,16.4,15.6,32.0,38.13,21.79,92.0,0.272,24.0,26.09,8.0,8.7,0.847,0.2339999999999999,30.85,15.63,15.36,31.0,35.26,18.75
745238,2024-06-29,2024,543877,R,608723,R,field_out,False,False,115.0,0.17,29.0,25.22,4.0,3.48,0.45899999999999996,0.08499999999999999,27.01,13.83,18.2,32.04,35.96,25.22,279.0,0.216,59.0,21.15,22.0,7.89,0.548,0.051,25.76,12.56,16.62,29.18,33.72,23.41,64.0,0.186,17.0,26.56,3.0,4.69,0.577,0.15300000000000002,32.03,16.4,15.6,32.0,38.13,21.79,92.0,0.272,24.0,26.09,8.0,8.7,0.847,0.2339999999999999,30.85,15.63,15.36,31.0,35.26,18.75
745238,2024-06-29,2024,686527,L,660896,R,strikeout,True,False,126.0,0.239,36.0,28.57,12.0,9.52,0.77,0.22100000000000003,34.16,18.0,15.4,33.41,40.16,25.9,155.0,0.221,26.0,16.77,5.0,3.23,0.661,0.1879999999999999,24.65,13.73,16.86,30.59,41.27,21.85,54.0,0.182,15.0,27.78,8.0,14.81,0.513,0.022999999999999993,30.93,13.45,17.49,30.94,20.18,24.19,29.0,0.125,4.0,13.79,4.0,13.79,0.491,0.125,25.0,9.92,20.66,30.58,27.42,11.76
745238,2024-06-29,2024,664034,R,660896,R,field_out,False,False,199.0,0.235,49.0,24.62,14.0,7.04,0.681,0.139,20.59,9.88,15.28,25.16,24.13,19.37,506.0,0.24,85.0,16.8,37.0,7.31,0.698,0.1169999999999999,22.16,11.42,13.69,25.11,32.3,15.51,59.0,0.157,12.0,20.34,5.0,8.47,0.47,0.059,32.41,15.22,16.09,31.3,25.66,16.44,46.0,0.282,12.0,26.09,6.0,13.04,1.058,0.385,25.61,10.55,18.09,28.64,22.02,21.43
745238,2024-06-29,2024,593871,L,660896,R,strikeout,True,False,147.0,0.181,52.0,35.37,19.0,12.93,0.6,0.126,32.96,13.31,17.7,31.01,21.81,24.76,253.0,0.233,70.0,27.67,33.0,13.04,0.775,0.209,25.05,11.12,16.17,27.29,26.25,21.21,54.0,0.182,15.0,27.78,8.0,14.81,0.513,0.022999999999999993,30.93,13.45,17.49,30.94,20.18,24.19,29.0,0.125,4.0,13.79,4.0,13.79,0.491,0.125,25.0,9.92,20.66,30.58,27.42,11.76
745238,2024-06-29,2024,650489,L,676092,R,single,False,False,242.0,0.24,55.0,22.73,22.0,9.09,0.7470000000000001,0.16400000000000003,27.48,13.33,15.08,28.41,28.82,18.15,280.0,0.266,73.0,26.07,23.0,8.21,0.8029999999999999,0.189,28.16,14.39,15.31,29.7,34.97,21.1,15.0,0.231,3.0,20.0,1.0,6.67,0.517,0.0,32.0,17.78,11.11,28.89,21.05,60.0,37.0,0.312,2.0,5.41,4.0,10.81,0.847,0.1569999999999999,13.56,5.71,12.86,18.57,10.14,5.71
745238,2024-06-29,2024,621043,R,676092,R,field_out,False,False,201.0,0.311,37.0,18.41,20.0,9.95,0.858,0.16899999999999998,20.6,9.18,18.75,27.93,27.34,17.79,444.0,0.224,112.0,25.23,42.0,9.46,0.69,0.164,26.37,11.3,19.9,31.19,27.0,21.72,8.0,0.286,2.0,25.0,1.0,12.5,0.661,0.0,26.67,12.12,15.15,27.27,27.78,20.0,58.0,0.286,9.0,15.52,9.0,15.52,0.866,0.183,20.45,7.93,21.59,29.52,25.2,13.24
745238,2024-06-29,2024,663616,L,676092,R,grounded_into_double_play,False,False,167.0,0.248,30.0,17.96,12.0,7.19,0.73,0.183,25.67,12.24,17.33,29.57,28.19,16.2,189.0,0.228,60.0,31.75,25.0,13.23,0.766,0.21,36.25,14.96,16.71,31.67,22.55,25.75,15.0,0.231,3.0,20.0,1.0,6.67,0.517,0.0,32.0,17.78,11.11,28.89,21.05,60.0,37.0,0.312,2.0,5.41,4.0,10.81,0.847,0.1569999999999999,13.56,5.71,12.86,18.57,10.14,5.71
745238,2024-06-29,2024,571745,R,643377,R,walk,False,True,187.0,0.24,50.0,26.74,17.0,9.09,0.7130000000000001,0.16100000000000003,30.7,13.08,17.36,30.44,21.5,20.94,161.0,0.189,48.0,29.81,10.0,6.21,0.599,0.1619999999999999,28.57,13.33,19.22,32.56,25.34,22.02,79.0,0.189,30.0,37.97,4.0,5.06,0.498,0.08100000000000002,38.51,19.88,15.13,35.01,33.92,23.81,157.0,0.228,33.0,21.02,8.0,5.1,0.599,0.089,24.56,11.73,18.37,30.1,27.92,20.25
745238,2024-06-29,2024,668942,L,643377,R,single,False,False,225.0,0.271,37.0,16.44,19.0,8.44,0.75,0.14299999999999996,17.45,8.11,17.09,25.19,21.38,12.94,299.0,0.249,64.0,21.4,22.0,7.36,0.6559999999999999,0.1019999999999999,22.77,10.13,19.65,29.78,25.55,19.69,62.0,0.185,17.0,27.42,6.0,9.68,0.557,0.09300000000000003,33.04,15.57,20.49,36.07,33.62,22.08,117.0,0.238,35.0,29.91,11.0,9.4,0.6970000000000001,0.143,29.15,14.01,20.91,34.91,36.23,23.81
745238,2024-06-29,2024,641487,L,643377,R,field_out,False,False,182.0,0.174,45.0,24.73,25.0,13.74,0.614,0.14900000000000002,19.02,7.66,20.27,27.94,18.25,17.37,446.0,0.266,84.0,18.83,67.0,15.02,0.845,0.197,18.19,6.93,19.49,26.42,17.9,17.39,62.0,0.185,17.0,27.42,6.0,9.68,0.557,0.09300000000000003,33.04,15.57,20.49,36.07,33.62,22.08,117.0,0.238,35.0,29.91,11.0,9.4,0.6970000000000001,0.143,29.15,14.01,20.91,34.91,36.23,23.81
745238,2024-06-29,2024,677594,R,643377,R,field_error,False,False,257.0,0.238,72.0,28.02,16.0,6.23,0.6,0.07400000000000001,31.18,16.7,12.0,28.69,37.73,19.78,545.0,0.267,127.0,23.3,35.0,6.42,0.8109999999999999,0.2169999999999999,27.93,14.91,13.12,28.03,38.34,22.84,79.0,0.189,30.0,37.97,4.0,5.06,0.498,0.08100000000000002,38.51,19.88,15.13,35.01,33.92,23.81,157.0,0.228,33.0,21.02,8.0,5.1,0.599,0.089,24.56,11.73,18.37,30.1,27.92,20.25
745238,2024-06-29,2024,663728,L,643377,R,intent_walk,False,True,222.0,0.23,72.0,32.43,24.0,10.81,0.719,0.17799999999999996,28.78,14.29,13.97,28.26,30.1,21.32,462.0,0.235,126.0,27.27,47.0,10.17,0.7909999999999999,0.241,29.58,14.2,14.09,28.29,30.53,21.36,62.0,0.185,17.0,27.42,6.0,9.68,0.557,0.09300000000000003,33.04,15.57,20.49,36.07,33.62,22.08,117.0,0.238,35.0,29.91,11.0,9.4,0.6970000000000001,0.143,29.15,14.01,20.91,34.91,36.23,23.81
745238,2024-06-29,2024,641598,R,643377,R,field_out,False,False,192.0,0.156,63.0,32.81,26.0,13.54,0.595,0.156,34.53,13.35,22.17,35.52,18.77,25.61,262.0,0.25,70.0,26.72,25.0,9.54,0.845,0.267,25.84,10.63,19.22,29.85,18.71,21.21,79.0,0.189,30.0,37.97,4.0,5.06,0.498,0.08100000000000002,38.51,19.88,15.13,35.01,33.92,23.81,157.0,0.228,33.0,21.02,8.0,5.1,0.599,0.089,24.56,11.73,18.37,30.1,27.92,20.25
745238,2024-06-29,2024,686527,L,643377,R,strikeout,True,False,126.0,0.239,36.0,28.57,12.0,9.52,0.77,0.22100000000000003,34.16,18.0,15.4,33.41,40.16,25.9,155.0,0.221,26.0,16.77,5.0,3.23,0.661,0.1879999999999999,24.65,13.73,16.86,30.59,41.27,21.85,62.0,0.185,17.0,27.42,6.0,9.68,0.557,0.09300000000000003,33.04,15.57,20.49,36.07,33.62,22.08,117.0,0.238,35.0,29.91,11.0,9.4,0.6970000000000001,0.143,29.15,14.01,20.91,34.91,36.23,23.81
745238,2024-06-29,2024,668904,R,662253,R,field_out,False,False,66.0,0.262,13.0,19.7,5.0,7.58,1.023,0.44299999999999995,29.51,14.23,13.44,27.67,29.08,18.06,183.0,0.307,43.0,23.5,15.0,8.2,0.962,0.283,27.16,12.8,18.57,31.36,28.0,20.98,71.0,0.169,28.0,39.44,5.0,7.04,0.439,0.031,44.14,20.58,15.76,36.33,34.55,29.17,108.0,0.194,36.0,33.33,12.0,11.11,0.575,0.075,42.42,20.05,17.9,37.95,33.98,28.12
745238,2024-06-29,2024,467793,L,662253,R,field_out,False,False,220.0,0.232,33.0,15.0,23.0,10.45,0.7150000000000001,0.16,22.96,9.93,16.89,26.82,23.93,13.36,460.0,0.231,83.0,18.04,45.0,9.78,0.727,0.1899999999999999,23.76,11.0,14.32,25.31,24.63,16.21,61.0,0.192,15.0,24.59,8.0,13.11,0.619,0.11599999999999999,28.18,12.76,16.87,29.63,34.06,22.06,104.0,0.242,31.0,29.81,10.0,9.62,0.671,0.099,36.45,17.25,16.55,33.8,30.63,24.03
745238,2024-06-29,2024,669304,R,662253,R,field_out,False,False,158.0,0.317,22.0,13.92,11.0,6.96,0.918,0.23200000000000004,21.77,10.41,16.75,27.16,32.21,16.67,120.0,0.207,18.0,15.0,8.0,6.67,0.5640000000000001,0.09,23.72,11.83,13.69,25.52,32.37,15.04,71.0,0.169,28.0,39.44,5.0,7.04,0.439,0.031,44.14,20.58,15.76,36.33,34.55,29.17,108.0,0.194,36.0,33.33,12.0,11.11,0.575,0.075,42.42,20.05,17.9,37.95,33.98,28.12
745238,2024-06-29,2024,664034,R,661395,R,single,False,False,199.0,0.235,49.0,24.62,14.0,7.04,0.681,0.139,20.59,9.88,15.28,25.16,24.13,19.37,506.0,0.24,85.0,16.8,37.0,7.31,0.698,0.1169999999999999,22.16,11.42,13.69,25.11,32.3,15.51,46.0,0.238,10.0,21.74,3.0,6.52,0.733,0.191,29.11,13.61,18.34,31.95,25.88,22.73,127.0,0.209,33.0,25.98,11.0,8.66,0.722,0.209,29.03,14.78,13.76,28.54,30.67,22.45
745238,2024-06-29,2024,593871,L,661395,R,single,False,False,147.0,0.181,52.0,35.37,19.0,12.93,0.6,0.126,32.96,13.31,17.7,31.01,21.81,24.76,253.0,0.233,70.0,27.67,33.0,13.04,0.775,0.209,25.05,11.12,16.17,27.29,26.25,21.21,53.0,0.182,12.0,22.64,5.0,9.43,0.612,0.136,33.0,16.18,14.22,30.39,25.77,18.46,128.0,0.205,51.0,39.84,14.0,10.94,0.523,0.027,41.24,20.66,12.8,33.46,29.78,27.62
745238,2024-06-29,2024,670042,L,661395,R,sac_bunt,False,False,178.0,0.259,56.0,31.46,6.0,3.37,0.769,0.20500000000000002,35.33,18.93,11.91,30.84,29.38,31.64,363.0,0.247,112.0,30.85,26.0,7.16,0.8340000000000001,0.25,38.6,19.83,11.57,31.39,31.1,26.79,53.0,0.182,12.0,22.64,5.0,9.43,0.612,0.136,33.0,16.18,14.22,30.39,25.77,18.46,128.0,0.205,51.0,39.84,14.0,10.94,0.523,0.027,41.24,20.66,12.8,33.46,29.78,27.62
745238,2024-06-29,2024,668942,L,661395,R,strikeout,True,False,225.0,0.271,37.0,16.44,19.0,8.44,0.75,0.14299999999999996,17.45,8.11,17.09,25.19,21.38,12.94,299.0,0.249,64.0,21.4,22.0,7.36,0.6559999999999999,0.1019999999999999,22.77,10.13,19.65,29.78,25.55,19.69,53.0,0.182,12.0,22.64,5.0,9.43,0.612,0.136,33.0,16.18,14.22,30.39,25.77,18.46,128.0,0.205,51.0,39.84,14.0,10.94,0.523,0.027,41.24,20.66,12.8,33.46,29.78,27.62
745238,2024-06-29,2024,641487,L,661395,R,field_out,False,False,182.0,0.174,45.0,24.73,25.0,13.74,0.614,0.14900000000000002,19.02,7.66,20.27,27.94,18.25,17.37,446.0,0.266,84.0,18.83,67.0,15.02,0.845,0.197,18.19,6.93,19.49,26.42,17.9,17.39,53.0,0.182,12.0,22.64,5.0,9.43,0.612,0.136,33.0,16.18,14.22,30.39,25.77,18.46,128.0,0.205,51.0,39.84,14.0,10.94,0.523,0.027,41.24,20.66,12.8,33.46,29.78,27.62
745238,2024-06-29,2024,596146,L,592773,R,field_out,False,False,182.0,0.236,36.0,19.78,13.0,7.14,0.698,0.16400000000000003,23.08,12.23,11.64,23.87,27.41,17.39,394.0,0.263,84.0,21.32,37.0,9.39,0.8320000000000001,0.2339999999999999,19.92,9.32,15.49,24.81,24.75,18.14,66.0,0.259,15.0,22.73,6.0,9.09,0.747,0.15499999999999997,26.76,13.62,13.62,27.24,33.09,15.62,97.0,0.209,20.0,20.62,10.0,10.31,0.615,0.117,29.95,15.58,9.3,24.87,27.09,18.02
745238,2024-06-29,2024,622534,R,592773,R,field_out,False,False,101.0,0.176,17.0,16.83,6.0,5.94,0.481,0.05500000000000002,22.86,11.05,17.4,28.45,27.75,16.67,237.0,0.258,33.0,13.92,15.0,6.33,0.694,0.12,23.38,11.66,15.01,26.67,32.22,16.02,73.0,0.194,21.0,28.77,5.0,6.85,0.514,0.06,31.29,17.53,11.0,28.52,38.41,21.0,116.0,0.231,31.0,26.72,11.0,9.48,0.752,0.211,31.3,16.45,11.54,27.99,28.0,17.61
745238,2024-06-29,2024,543877,R,592773,R,field_out,False,False,115.0,0.17,29.0,25.22,4.0,3.48,0.45899999999999996,0.08499999999999999,27.01,13.83,18.2,32.04,35.96,25.22,279.0,0.216,59.0,21.15,22.0,7.89,0.548,0.051,25.76,12.56,16.62,29.18,33.72,23.41,73.0,0.194,21.0,28.77,5.0,6.85,0.514,0.06,31.29,17.53,11.0,28.52,38.41,21.0,116.0,0.231,31.0,26.72,11.0,9.48,0.752,0.211,31.3,16.45,11.54,27.99,28.0,17.61
745238,2024-06-29,2024,677594,R,663485,R,field_out,False,False,257.0,0.238,72.0,28.02,16.0,6.23,0.6,0.07400000000000001,31.18,16.7,12.0,28.69,37.73,19.78,545.0,0.267,127.0,23.3,35.0,6.42,0.8109999999999999,0.2169999999999999,27.93,14.91,13.12,28.03,38.34,22.84,92.0,0.212,27.0,29.35,4.0,4.35,0.593,0.11700000000000002,27.43,14.08,17.89,31.96,35.8,24.55,45.0,0.205,10.0,22.22,6.0,13.33,0.619,0.103,26.76,10.98,21.97,32.95,29.89,16.95
745238,2024-06-29,2024,663728,L,663485,R,fielders_choice,False,False,222.0,0.23,72.0,32.43,24.0,10.81,0.719,0.17799999999999996,28.78,14.29,13.97,28.26,30.1,21.32,462.0,0.235,126.0,27.27,47.0,10.17,0.7909999999999999,0.241,29.58,14.2,14.09,28.29,30.53,21.36,59.0,0.26,15.0,25.42,3.0,5.08,0.722,0.14,20.18,9.47,16.46,25.93,29.03,17.86,54.0,0.261,11.0,20.37,8.0,14.81,0.913,0.282,14.68,6.67,15.0,21.67,17.95,12.79
746214,2024-06-29,2024,672761,L,668676,R,field_out,False,False,183.0,0.251,38.0,20.77,14.0,7.65,0.6970000000000001,0.138,21.56,9.69,19.38,29.07,26.52,16.17,,,,,,,,,,,,,,,28.0,0.32,1.0,3.57,3.0,10.71,1.233,0.52,8.0,3.81,10.48,14.29,19.61,3.33,52.0,0.408,9.0,17.31,3.0,5.77,1.156,0.306,18.02,9.43,12.74,22.17,31.13,12.5
746214,2024-06-29,2024,682985,L,668676,R,strikeout,True,False,263.0,0.284,69.0,26.24,38.0,14.45,0.916,0.24300000000000005,28.0,11.53,17.57,29.09,20.94,22.26,323.0,0.291,84.0,26.01,28.0,8.67,0.826,0.182,27.26,12.45,16.06,28.52,24.68,20.14,28.0,0.32,1.0,3.57,3.0,10.71,1.233,0.52,8.0,3.81,10.48,14.29,19.61,3.33,52.0,0.408,9.0,17.31,3.0,5.77,1.156,0.306,18.02,9.43,12.74,22.17,31.13,12.5
746214,2024-06-29,2024,663837,R,668676,R,field_out,False,False,202.0,0.249,46.0,22.77,10.0,4.95,0.77,0.23199999999999998,20.68,8.91,20.15,29.06,19.84,17.62,383.0,0.26,92.0,24.02,29.0,7.57,0.724,0.14,21.06,9.23,21.95,31.18,28.67,18.31,26.0,0.182,4.0,15.38,4.0,15.38,0.581,0.09100000000000003,28.89,12.5,17.31,29.81,16.67,13.33,53.0,0.34,5.0,9.43,2.0,3.77,0.8049999999999999,0.0999999999999999,21.11,11.73,16.05,27.78,34.29,16.67
746214,2024-06-29,2024,694384,L,628317,R,single,False,False,241.0,0.237,42.0,17.43,19.0,7.88,0.6539999999999999,0.11199999999999999,15.61,6.84,20.53,27.38,24.68,14.55,104.0,0.291,15.0,14.42,14.0,13.46,0.7569999999999999,0.0579999999999999,18.78,8.02,17.92,25.94,20.47,11.45,126.0,0.272,27.0,21.43,10.0,7.94,0.792,0.184,19.55,8.11,18.11,26.23,25.77,16.67,209.0,0.241,53.0,25.36,18.0,8.61,0.6910000000000001,0.144,25.75,11.44,17.4,28.83,27.38,24.31
746214,2024-06-29,2024,650859,L,628317,R,home_run,False,False,204.0,0.296,27.0,13.24,11.0,5.39,0.764,0.123,20.62,11.08,11.91,22.99,31.84,12.86,322.0,0.24,60.0,18.63,31.0,9.63,0.7270000000000001,0.166,24.18,11.79,13.87,25.66,28.19,14.39,126.0,0.272,27.0,21.43,10.0,7.94,0.792,0.184,19.55,8.11,18.11,26.23,25.77,16.67,209.0,0.241,53.0,25.36,18.0,8.61,0.6910000000000001,0.144,25.75,11.44,17.4,28.83,27.38,24.31
746214,2024-06-29,2024,621493,R,628317,R,field_out,False,False,269.0,0.216,65.0,24.16,30.0,11.15,0.7110000000000001,0.18900000000000003,23.94,10.1,19.83,29.93,18.75,20.51,295.0,0.233,61.0,20.68,27.0,9.15,0.702,0.148,23.43,10.4,15.98,26.37,23.09,17.78,128.0,0.286,18.0,14.06,9.0,7.03,0.8740000000000001,0.25200000000000006,24.11,11.82,14.15,25.97,32.06,11.11,219.0,0.237,64.0,29.22,10.0,4.57,0.748,0.2319999999999999,30.22,15.8,14.32,30.11,35.12,21.55
746214,2024-06-29,2024,607680,R,628317,R,field_out,False,False,100.0,0.218,18.0,18.0,7.0,7.0,0.694,0.17300000000000001,20.94,10.67,15.2,25.87,33.68,14.88,95.0,0.202,22.0,23.16,4.0,4.21,0.58,0.1459999999999999,23.46,13.0,15.17,28.17,39.61,20.95,128.0,0.286,18.0,14.06,9.0,7.03,0.8740000000000001,0.25200000000000006,24.11,11.82,14.15,25.97,32.06,11.11,219.0,0.237,64.0,29.22,10.0,4.57,0.748,0.2319999999999999,30.22,15.8,14.32,30.11,35.12,21.55
746214,2024-06-29,2024,681351,R,628317,R,field_out,False,False,203.0,0.283,50.0,24.63,12.0,5.91,0.808,0.193,31.78,16.12,15.33,31.45,34.47,20.25,154.0,0.22,38.0,24.68,9.0,5.84,0.757,0.262,32.06,17.0,13.8,30.81,36.07,19.69,128.0,0.286,18.0,14.06,9.0,7.03,0.8740000000000001,0.25200000000000006,24.11,11.82,14.15,25.97,32.06,11.11,219.0,0.237,64.0,29.22,10.0,4.57,0.748,0.2319999999999999,30.22,15.8,14.32,30.11,35.12,21.55
746214,2024-06-29,2024,592192,R,668676,R,field_out,False,False,238.0,0.222,47.0,19.75,23.0,9.66,0.65,0.10300000000000001,22.31,8.78,23.7,32.49,21.52,17.41,341.0,0.261,56.0,16.42,28.0,8.21,0.721,0.1079999999999999,18.91,7.86,21.98,29.84,23.71,13.49,26.0,0.182,4.0,15.38,4.0,15.38,0.581,0.09100000000000003,28.89,12.5,17.31,29.81,16.67,13.33,53.0,0.34,5.0,9.43,2.0,3.77,0.8049999999999999,0.0999999999999999,21.11,11.73,16.05,27.78,34.29,16.67
746214,2024-06-29,2024,690993,L,668676,R,field_out,False,False,227.0,0.231,38.0,16.74,12.0,5.29,0.603,0.094,21.54,10.28,17.26,27.54,32.48,18.36,,,,,,,,,,,,,,,28.0,0.32,1.0,3.57,3.0,10.71,1.233,0.52,8.0,3.81,10.48,14.29,19.61,3.33,52.0,0.408,9.0,17.31,3.0,5.77,1.156,0.306,18.02,9.43,12.74,22.17,31.13,12.5
746214,2024-06-29,2024,628451,R,668676,R,strikeout,True,False,51.0,0.163,18.0,35.29,2.0,3.92,0.4,0.04099999999999998,33.33,18.23,15.27,33.5,42.45,25.35,265.0,0.265,45.0,16.98,18.0,6.79,0.71,0.127,22.24,11.31,15.49,26.81,34.23,16.73,26.0,0.182,4.0,15.38,4.0,15.38,0.581,0.09100000000000003,28.89,12.5,17.31,29.81,16.67,13.33,53.0,0.34,5.0,9.43,2.0,3.77,0.8049999999999999,0.0999999999999999,21.11,11.73,16.05,27.78,34.29,16.67
746214,2024-06-29,2024,687263,R,628317,R,strikeout,True,False,243.0,0.22,63.0,25.93,13.0,5.35,0.69,0.19299999999999998,28.87,15.09,15.09,30.19,34.34,22.42,262.0,0.222,62.0,23.66,18.0,6.87,0.6599999999999999,0.1349999999999999,28.77,13.7,16.19,29.89,23.52,18.84,128.0,0.286,18.0,14.06,9.0,7.03,0.8740000000000001,0.25200000000000006,24.11,11.82,14.15,25.97,32.06,11.11,219.0,0.237,64.0,29.22,10.0,4.57,0.748,0.2319999999999999,30.22,15.8,14.32,30.11,35.12,21.55
746214,2024-06-29,2024,666160,L,628317,R,strikeout,True,False,193.0,0.201,51.0,26.42,13.0,6.74,0.583,0.123,28.6,15.79,12.32,28.11,36.32,19.17,259.0,0.293,93.0,35.91,7.0,2.7,0.8620000000000001,0.249,38.62,24.01,9.43,33.44,46.84,30.07,126.0,0.272,27.0,21.43,10.0,7.94,0.792,0.184,19.55,8.11,18.11,26.23,25.77,16.67,209.0,0.241,53.0,25.36,18.0,8.61,0.6910000000000001,0.144,25.75,11.44,17.4,28.83,27.38,24.31
746214,2024-06-29,2024,666176,R,628317,R,field_out,False,False,182.0,0.165,60.0,32.97,10.0,5.49,0.526,0.13399999999999998,30.0,15.02,13.8,28.82,30.95,23.17,43.0,0.205,18.0,41.86,4.0,9.3,0.7150000000000001,0.231,40.66,20.67,14.53,35.2,30.34,25.35,128.0,0.286,18.0,14.06,9.0,7.03,0.8740000000000001,0.25200000000000006,24.11,11.82,14.15,25.97,32.06,11.11,219.0,0.237,64.0,29.22,10.0,4.57,0.748,0.2319999999999999,30.22,15.8,14.32,30.11,35.12,21.55
746214,2024-06-29,2024,570482,R,668676,R,field_out,False,False,139.0,0.265,19.0,13.67,5.0,3.6,0.643,0.08299999999999996,18.08,9.11,17.64,26.74,34.12,12.67,175.0,0.276,30.0,17.14,9.0,5.14,0.653,0.061,20.55,11.01,13.8,24.82,34.39,12.39,26.0,0.182,4.0,15.38,4.0,15.38,0.581,0.09100000000000003,28.89,12.5,17.31,29.81,16.67,13.33,53.0,0.34,5.0,9.43,2.0,3.77,0.8049999999999999,0.0999999999999999,21.11,11.73,16.05,27.78,34.29,16.67
746214,2024-06-29,2024,668670,R,668676,R,strikeout,True,False,113.0,0.215,37.0,32.74,4.0,3.54,0.612,0.13999999999999999,34.17,15.96,19.25,35.21,26.11,29.13,259.0,0.215,84.0,32.43,20.0,7.72,0.676,0.18,31.32,14.43,18.81,33.23,22.13,28.38,26.0,0.182,4.0,15.38,4.0,15.38,0.581,0.09100000000000003,28.89,12.5,17.31,29.81,16.67,13.33,53.0,0.34,5.0,9.43,2.0,3.77,0.8049999999999999,0.0999999999999999,21.11,11.73,16.05,27.78,34.29,16.67
746214,2024-06-29,2024,668952,R,668676,R,single,False,False,22.0,0.111,9.0,40.91,3.0,13.64,0.349,0.0,44.44,17.02,22.34,39.36,17.02,27.27,9.0,0.111,3.0,33.33,0.0,0.0,0.222,0.0,33.33,15.79,28.95,44.74,45.0,21.43,26.0,0.182,4.0,15.38,4.0,15.38,0.581,0.09100000000000003,28.89,12.5,17.31,29.81,16.67,13.33,53.0,0.34,5.0,9.43,2.0,3.77,0.8049999999999999,0.0999999999999999,21.11,11.73,16.05,27.78,34.29,16.67
746214,2024-06-29,2024,672761,L,668676,R,walk,False,True,183.0,0.251,38.0,20.77,14.0,7.65,0.6970000000000001,0.138,21.56,9.69,19.38,29.07,26.52,16.17,,,,,,,,,,,,,,,28.0,0.32,1.0,3.57,3.0,10.71,1.233,0.52,8.0,3.81,10.48,14.29,19.61,3.33,52.0,0.408,9.0,17.31,3.0,5.77,1.156,0.306,18.02,9.43,12.74,22.17,31.13,12.5
746214,2024-06-29,2024,682985,L,668676,R,walk,False,True,263.0,0.284,69.0,26.24,38.0,14.45,0.916,0.24300000000000005,28.0,11.53,17.57,29.09,20.94,22.26,323.0,0.291,84.0,26.01,28.0,8.67,0.826,0.182,27.26,12.45,16.06,28.52,24.68,20.14,28.0,0.32,1.0,3.57,3.0,10.71,1.233,0.52,8.0,3.81,10.48,14.29,19.61,3.33,52.0,0.408,9.0,17.31,3.0,5.77,1.156,0.306,18.02,9.43,12.74,22.17,31.13,12.5
746214,2024-06-29,2024,663837,R,668676,R,walk,False,True,202.0,0.249,46.0,22.77,10.0,4.95,0.77,0.23199999999999998,20.68,8.91,20.15,29.06,19.84,17.62,383.0,0.26,92.0,24.02,29.0,7.57,0.724,0.14,21.06,9.23,21.95,31.18,28.67,18.31,26.0,0.182,4.0,15.38,4.0,15.38,0.581,0.09100000000000003,28.89,12.5,17.31,29.81,16.67,13.33,53.0,0.34,5.0,9.43,2.0,3.77,0.8049999999999999,0.0999999999999999,21.11,11.73,16.05,27.78,34.29,16.67
746214,2024-06-29,2024,592192,R,668676,R,walk,False,True,238.0,0.222,47.0,19.75,23.0,9.66,0.65,0.10300000000000001,22.31,8.78,23.7,32.49,21.52,17.41,341.0,0.261,56.0,16.42,28.0,8.21,0.721,0.1079999999999999,18.91,7.86,21.98,29.84,23.71,13.49,26.0,0.182,4.0,15.38,4.0,15.38,0.581,0.09100000000000003,28.89,12.5,17.31,29.81,16.67,13.33,53.0,0.34,5.0,9.43,2.0,3.77,0.8049999999999999,0.0999999999999999,21.11,11.73,16.05,27.78,34.29,16.67
746214,2024-06-29,2024,690993,L,665896,R,field_out,False,False,227.0,0.231,38.0,16.74,12.0,5.29,0.603,0.094,21.54,10.28,17.26,27.54,32.48,18.36,,,,,,,,,,,,,,,8.0,0.0,0.0,0.0,1.0,12.5,0.125,0.0,0.0,0.0,15.38,15.38,7.14,0.0,22.0,0.412,3.0,13.64,4.0,18.18,1.147,0.235,28.12,10.98,14.63,25.61,19.15,20.0
746214,2024-06-29,2024,641645,L,628317,R,single,False,False,88.0,0.282,15.0,17.05,9.0,10.23,0.737,0.10300000000000004,19.21,8.15,18.82,26.97,23.6,15.15,96.0,0.218,19.0,19.79,8.0,8.33,0.591,0.092,15.23,6.02,21.47,27.49,22.05,19.79,126.0,0.272,27.0,21.43,10.0,7.94,0.792,0.184,19.55,8.11,18.11,26.23,25.77,16.67,209.0,0.241,53.0,25.36,18.0,8.61,0.6910000000000001,0.144,25.75,11.44,17.4,28.83,27.38,24.31
746214,2024-06-29,2024,694384,L,628317,R,strikeout_double_play,True,False,241.0,0.237,42.0,17.43,19.0,7.88,0.6539999999999999,0.11199999999999999,15.61,6.84,20.53,27.38,24.68,14.55,104.0,0.291,15.0,14.42,14.0,13.46,0.7569999999999999,0.0579999999999999,18.78,8.02,17.92,25.94,20.47,11.45,126.0,0.272,27.0,21.43,10.0,7.94,0.792,0.184,19.55,8.11,18.11,26.23,25.77,16.67,209.0,0.241,53.0,25.36,18.0,8.61,0.6910000000000001,0.144,25.75,11.44,17.4,28.83,27.38,24.31
746214,2024-06-29,2024,650859,L,628317,R,field_out,False,False,204.0,0.296,27.0,13.24,11.0,5.39,0.764,0.123,20.62,11.08,11.91,22.99,31.84,12.86,322.0,0.24,60.0,18.63,31.0,9.63,0.7270000000000001,0.166,24.18,11.79,13.87,25.66,28.19,14.39,126.0,0.272,27.0,21.43,10.0,7.94,0.792,0.184,19.55,8.11,18.11,26.23,25.77,16.67,209.0,0.241,53.0,25.36,18.0,8.61,0.6910000000000001,0.144,25.75,11.44,17.4,28.83,27.38,24.31
746214,2024-06-29,2024,628451,R,665896,R,single,False,False,51.0,0.163,18.0,35.29,2.0,3.92,0.4,0.04099999999999998,33.33,18.23,15.27,33.5,42.45,25.35,265.0,0.265,45.0,16.98,18.0,6.79,0.71,0.127,22.24,11.31,15.49,26.81,34.23,16.73,16.0,0.214,3.0,18.75,2.0,12.5,0.526,0.0,32.0,12.5,21.88,34.38,28.57,17.65,26.0,0.318,4.0,15.38,3.0,11.54,1.0670000000000002,0.364,18.6,8.79,13.19,21.98,23.91,16.67
746214,2024-06-29,2024,570482,R,665896,R,field_out,False,False,139.0,0.265,19.0,13.67,5.0,3.6,0.643,0.08299999999999996,18.08,9.11,17.64,26.74,34.12,12.67,175.0,0.276,30.0,17.14,9.0,5.14,0.653,0.061,20.55,11.01,13.8,24.82,34.39,12.39,16.0,0.214,3.0,18.75,2.0,12.5,0.526,0.0,32.0,12.5,21.88,34.38,28.57,17.65,26.0,0.318,4.0,15.38,3.0,11.54,1.0670000000000002,0.364,18.6,8.79,13.19,21.98,23.91,16.67
746214,2024-06-29,2024,668670,R,665896,R,force_out,False,False,113.0,0.215,37.0,32.74,4.0,3.54,0.612,0.13999999999999999,34.17,15.96,19.25,35.21,26.11,29.13,259.0,0.215,84.0,32.43,20.0,7.72,0.676,0.18,31.32,14.43,18.81,33.23,22.13,28.38,16.0,0.214,3.0,18.75,2.0,12.5,0.526,0.0,32.0,12.5,21.88,34.38,28.57,17.65,26.0,0.318,4.0,15.38,3.0,11.54,1.0670000000000002,0.364,18.6,8.79,13.19,21.98,23.91,16.67
746214,2024-06-29,2024,668952,R,665896,R,strikeout,True,False,22.0,0.111,9.0,40.91,3.0,13.64,0.349,0.0,44.44,17.02,22.34,39.36,17.02,27.27,9.0,0.111,3.0,33.33,0.0,0.0,0.222,0.0,33.33,15.79,28.95,44.74,45.0,21.43,16.0,0.214,3.0,18.75,2.0,12.5,0.526,0.0,32.0,12.5,21.88,34.38,28.57,17.65,26.0,0.318,4.0,15.38,3.0,11.54,1.0670000000000002,0.364,18.6,8.79,13.19,21.98,23.91,16.67
746214,2024-06-29,2024,621493,R,628317,R,field_out,False,False,269.0,0.216,65.0,24.16,30.0,11.15,0.7110000000000001,0.18900000000000003,23.94,10.1,19.83,29.93,18.75,20.51,295.0,0.233,61.0,20.68,27.0,9.15,0.702,0.148,23.43,10.4,15.98,26.37,23.09,17.78,128.0,0.286,18.0,14.06,9.0,7.03,0.8740000000000001,0.25200000000000006,24.11,11.82,14.15,25.97,32.06,11.11,219.0,0.237,64.0,29.22,10.0,4.57,0.748,0.2319999999999999,30.22,15.8,14.32,30.11,35.12,21.55
746214,2024-06-29,2024,607680,R,628317,R,single,False,False,100.0,0.218,18.0,18.0,7.0,7.0,0.694,0.17300000000000001,20.94,10.67,15.2,25.87,33.68,14.88,95.0,0.202,22.0,23.16,4.0,4.21,0.58,0.1459999999999999,23.46,13.0,15.17,28.17,39.61,20.95,128.0,0.286,18.0,14.06,9.0,7.03,0.8740000000000001,0.25200000000000006,24.11,11.82,14.15,25.97,32.06,11.11,219.0,0.237,64.0,29.22,10.0,4.57,0.748,0.2319999999999999,30.22,15.8,14.32,30.11,35.12,21.55
746214,2024-06-29,2024,681351,R,628317,R,walk,False,True,203.0,0.283,50.0,24.63,12.0,5.91,0.808,0.193,31.78,16.12,15.33,31.45,34.47,20.25,154.0,0.22,38.0,24.68,9.0,5.84,0.757,0.262,32.06,17.0,13.8,30.81,36.07,19.69,128.0,0.286,18.0,14.06,9.0,7.03,0.8740000000000001,0.25200000000000006,24.11,11.82,14.15,25.97,32.06,11.11,219.0,0.237,64.0,29.22,10.0,4.57,0.748,0.2319999999999999,30.22,15.8,14.32,30.11,35.12,21.55
746214,2024-06-29,2024,687263,R,628317,R,field_out,False,False,243.0,0.22,63.0,25.93,13.0,5.35,0.69,0.19299999999999998,28.87,15.09,15.09,30.19,34.34,22.42,262.0,0.222,62.0,23.66,18.0,6.87,0.6599999999999999,0.1349999999999999,28.77,13.7,16.19,29.89,23.52,18.84,128.0,0.286,18.0,14.06,9.0,7.03,0.8740000000000001,0.25200000000000006,24.11,11.82,14.15,25.97,32.06,11.11,219.0,0.237,64.0,29.22,10.0,4.57,0.748,0.2319999999999999,30.22,15.8,14.32,30.11,35.12,21.55
746214,2024-06-29,2024,666160,L,628317,R,strikeout,True,False,193.0,0.201,51.0,26.42,13.0,6.74,0.583,0.123,28.6,15.79,12.32,28.11,36.32,19.17,259.0,0.293,93.0,35.91,7.0,2.7,0.8620000000000001,0.249,38.62,24.01,9.43,33.44,46.84,30.07,126.0,0.272,27.0,21.43,10.0,7.94,0.792,0.184,19.55,8.11,18.11,26.23,25.77,16.67,209.0,0.241,53.0,25.36,18.0,8.61,0.6910000000000001,0.144,25.75,11.44,17.4,28.83,27.38,24.31
746214,2024-06-29,2024,672761,R,519043,L,field_out,False,False,56.0,0.288,13.0,23.21,4.0,7.14,0.7430000000000001,0.11600000000000005,15.93,7.86,13.97,21.83,32.28,17.33,,,,,,,,,,,,,,,81.0,0.233,16.0,19.75,7.0,8.64,0.734,0.19199999999999998,26.95,13.8,14.72,28.53,31.14,16.84,156.0,0.218,48.0,30.77,10.0,6.41,0.622,0.1269999999999999,30.67,16.47,13.84,30.31,36.77,25.67
746214,2024-06-29,2024,682985,L,519043,L,field_out,False,False,81.0,0.189,20.0,24.69,5.0,6.17,0.642,0.203,22.52,10.15,20.6,30.75,24.14,16.95,93.0,0.279,30.0,32.26,7.0,7.53,0.6930000000000001,0.0809999999999999,30.96,15.64,16.92,32.56,32.98,21.74,50.0,0.205,9.0,18.0,6.0,12.0,0.732,0.227,23.66,10.43,17.54,27.96,26.36,14.06,62.0,0.268,12.0,19.35,5.0,8.06,0.875,0.268,21.49,10.36,14.74,25.1,31.3,15.38
746214,2024-06-29,2024,663837,R,519043,L,field_out,False,False,78.0,0.257,15.0,19.23,3.0,3.85,0.62,0.08100000000000002,16.2,7.37,19.55,26.92,25.64,17.44,147.0,0.264,20.0,13.61,15.0,10.2,0.6990000000000001,0.0929999999999999,14.72,6.63,19.9,26.53,28.37,10.75,81.0,0.233,16.0,19.75,7.0,8.64,0.734,0.19199999999999998,26.95,13.8,14.72,28.53,31.14,16.84,156.0,0.218,48.0,30.77,10.0,6.41,0.622,0.1269999999999999,30.67,16.47,13.84,30.31,36.77,25.67
746214,2024-06-29,2024,666176,R,628317,R,field_out,False,False,182.0,0.165,60.0,32.97,10.0,5.49,0.526,0.13399999999999998,30.0,15.02,13.8,28.82,30.95,23.17,43.0,0.205,18.0,41.86,4.0,9.3,0.7150000000000001,0.231,40.66,20.67,14.53,35.2,30.34,25.35,128.0,0.286,18.0,14.06,9.0,7.03,0.8740000000000001,0.25200000000000006,24.11,11.82,14.15,25.97,32.06,11.11,219.0,0.237,64.0,29.22,10.0,4.57,0.748,0.2319999999999999,30.22,15.8,14.32,30.11,35.12,21.55
746214,2024-06-29,2024,641645,L,628317,R,single,False,False,88.0,0.282,15.0,17.05,9.0,10.23,0.737,0.10300000000000004,19.21,8.15,18.82,26.97,23.6,15.15,96.0,0.218,19.0,19.79,8.0,8.33,0.591,0.092,15.23,6.02,21.47,27.49,22.05,19.79,126.0,0.272,27.0,21.43,10.0,7.94,0.792,0.184,19.55,8.11,18.11,26.23,25.77,16.67,209.0,0.241,53.0,25.36,18.0,8.61,0.6910000000000001,0.144,25.75,11.44,17.4,28.83,27.38,24.31
746214,2024-06-29,2024,694384,L,628317,R,grounded_into_double_play,False,False,241.0,0.237,42.0,17.43,19.0,7.88,0.6539999999999999,0.11199999999999999,15.61,6.84,20.53,27.38,24.68,14.55,104.0,0.291,15.0,14.42,14.0,13.46,0.7569999999999999,0.0579999999999999,18.78,8.02,17.92,25.94,20.47,11.45,126.0,0.272,27.0,21.43,10.0,7.94,0.792,0.184,19.55,8.11,18.11,26.23,25.77,16.67,209.0,0.241,53.0,25.36,18.0,8.61,0.6910000000000001,0.144,25.75,11.44,17.4,28.83,27.38,24.31
746214,2024-06-29,2024,592192,R,519326,R,field_out,False,False,238.0,0.222,47.0,19.75,23.0,9.66,0.65,0.10300000000000001,22.31,8.78,23.7,32.49,21.52,17.41,341.0,0.261,56.0,16.42,28.0,8.21,0.721,0.1079999999999999,18.91,7.86,21.98,29.84,23.71,13.49,103.0,0.224,23.0,22.33,4.0,3.88,0.6799999999999999,0.19399999999999998,25.26,12.37,16.49,28.87,29.59,20.35,,,,,,,,,,,,,,
746214,2024-06-29,2024,690993,L,519326,R,field_out,False,False,227.0,0.231,38.0,16.74,12.0,5.29,0.603,0.094,21.54,10.28,17.26,27.54,32.48,18.36,,,,,,,,,,,,,,,42.0,0.184,6.0,14.29,4.0,9.52,0.525,0.07900000000000001,18.31,7.74,20.83,28.57,24.71,13.95,,,,,,,,,,,,,,
746214,2024-06-29,2024,628451,R,519326,R,field_out,False,False,51.0,0.163,18.0,35.29,2.0,3.92,0.4,0.04099999999999998,33.33,18.23,15.27,33.5,42.45,25.35,265.0,0.265,45.0,16.98,18.0,6.79,0.71,0.127,22.24,11.31,15.49,26.81,34.23,16.73,103.0,0.224,23.0,22.33,4.0,3.88,0.6799999999999999,0.19399999999999998,25.26,12.37,16.49,28.87,29.59,20.35,,,,,,,,,,,,,,
746214,2024-06-29,2024,650859,L,628317,R,field_out,False,False,204.0,0.296,27.0,13.24,11.0,5.39,0.764,0.123,20.62,11.08,11.91,22.99,31.84,12.86,322.0,0.24,60.0,18.63,31.0,9.63,0.7270000000000001,0.166,24.18,11.79,13.87,25.66,28.19,14.39,126.0,0.272,27.0,21.43,10.0,7.94,0.792,0.184,19.55,8.11,18.11,26.23,25.77,16.67,209.0,0.241,53.0,25.36,18.0,8.61,0.6910000000000001,0.144,25.75,11.44,17.4,28.83,27.38,24.31
746214,2024-06-29,2024,621493,R,628317,R,single,False,False,269.0,0.216,65.0,24.16,30.0,11.15,0.7110000000000001,0.18900000000000003,23.94,10.1,19.83,29.93,18.75,20.51,295.0,0.233,61.0,20.68,27.0,9.15,0.702,0.148,23.43,10.4,15.98,26.37,23.09,17.78,128.0,0.286,18.0,14.06,9.0,7.03,0.8740000000000001,0.25200000000000006,24.11,11.82,14.15,25.97,32.06,11.11,219.0,0.237,64.0,29.22,10.0,4.57,0.748,0.2319999999999999,30.22,15.8,14.32,30.11,35.12,21.55
746214,2024-06-29,2024,607680,R,676684,R,strikeout,True,False,100.0,0.218,18.0,18.0,7.0,7.0,0.694,0.17300000000000001,20.94,10.67,15.2,25.87,33.68,14.88,95.0,0.202,22.0,23.16,4.0,4.21,0.58,0.1459999999999999,23.46,13.0,15.17,28.17,39.61,20.95,93.0,0.253,24.0,25.81,3.0,3.23,0.631,0.10299999999999998,30.05,15.94,16.23,32.17,34.19,24.0,114.0,0.215,32.0,28.07,7.0,6.14,0.5529999999999999,0.0749999999999999,27.23,12.59,22.76,35.35,32.97,26.45
746214,2024-06-29,2024,681351,R,676684,R,strikeout,True,False,203.0,0.283,50.0,24.63,12.0,5.91,0.808,0.193,31.78,16.12,15.33,31.45,34.47,20.25,154.0,0.22,38.0,24.68,9.0,5.84,0.757,0.262,32.06,17.0,13.8,30.81,36.07,19.69,93.0,0.253,24.0,25.81,3.0,3.23,0.631,0.10299999999999998,30.05,15.94,16.23,32.17,34.19,24.0,114.0,0.215,32.0,28.07,7.0,6.14,0.5529999999999999,0.0749999999999999,27.23,12.59,22.76,35.35,32.97,26.45
746214,2024-06-29,2024,570482,R,519326,R,field_out,False,False,139.0,0.265,19.0,13.67,5.0,3.6,0.643,0.08299999999999996,18.08,9.11,17.64,26.74,34.12,12.67,175.0,0.276,30.0,17.14,9.0,5.14,0.653,0.061,20.55,11.01,13.8,24.82,34.39,12.39,103.0,0.224,23.0,22.33,4.0,3.88,0.6799999999999999,0.19399999999999998,25.26,12.37,16.49,28.87,29.59,20.35,,,,,,,,,,,,,,
746214,2024-06-29,2024,668670,R,519326,R,strikeout,True,False,113.0,0.215,37.0,32.74,4.0,3.54,0.612,0.13999999999999999,34.17,15.96,19.25,35.21,26.11,29.13,259.0,0.215,84.0,32.43,20.0,7.72,0.676,0.18,31.32,14.43,18.81,33.23,22.13,28.38,103.0,0.224,23.0,22.33,4.0,3.88,0.6799999999999999,0.19399999999999998,25.26,12.37,16.49,28.87,29.59,20.35,,,,,,,,,,,,,,
746214,2024-06-29,2024,668952,R,519326,R,strikeout,True,False,22.0,0.111,9.0,40.91,3.0,13.64,0.349,0.0,44.44,17.02,22.34,39.36,17.02,27.27,9.0,0.111,3.0,33.33,0.0,0.0,0.222,0.0,33.33,15.79,28.95,44.74,45.0,21.43,103.0,0.224,23.0,22.33,4.0,3.88,0.6799999999999999,0.19399999999999998,25.26,12.37,16.49,28.87,29.59,20.35,,,,,,,,,,,,,,
746214,2024-06-29,2024,687263,R,676684,R,field_out,False,False,243.0,0.22,63.0,25.93,13.0,5.35,0.69,0.19299999999999998,28.87,15.09,15.09,30.19,34.34,22.42,262.0,0.222,62.0,23.66,18.0,6.87,0.6599999999999999,0.1349999999999999,28.77,13.7,16.19,29.89,23.52,18.84,93.0,0.253,24.0,25.81,3.0,3.23,0.631,0.10299999999999998,30.05,15.94,16.23,32.17,34.19,24.0,114.0,0.215,32.0,28.07,7.0,6.14,0.5529999999999999,0.0749999999999999,27.23,12.59,22.76,35.35,32.97,26.45
746214,2024-06-29,2024,666160,L,605177,L,strikeout,True,False,13.0,0.077,6.0,46.15,0.0,0.0,0.154,0.0,32.14,19.15,17.02,36.17,53.85,33.33,65.0,0.222,21.0,32.31,2.0,3.08,0.548,0.0799999999999999,40.0,23.18,12.45,35.62,46.28,37.5,50.0,0.222,14.0,28.0,5.0,10.0,0.567,0.04500000000000001,27.08,13.27,13.27,26.53,36.36,25.45,84.0,0.264,20.0,23.81,11.0,13.1,0.744,0.1109999999999999,25.9,10.32,20.92,31.23,26.29,18.18
746214,2024-06-29,2024,666176,R,605177,L,double,False,False,60.0,0.236,12.0,20.0,5.0,8.33,0.9550000000000001,0.41900000000000004,34.88,17.58,9.38,26.95,29.5,14.63,19.0,0.211,7.0,36.84,0.0,0.0,0.6849999999999999,0.263,34.09,18.29,13.41,31.71,34.21,21.88,69.0,0.328,18.0,26.09,7.0,10.14,0.8340000000000001,0.11499999999999999,36.07,17.12,13.23,30.35,33.75,27.69,142.0,0.211,43.0,30.28,17.0,11.97,0.738,0.22,35.02,15.71,14.83,30.54,33.9,27.74
746214,2024-06-29,2024,641645,L,605177,L,strikeout,True,False,11.0,0.091,4.0,36.36,0.0,0.0,0.182,0.0,28.57,11.54,23.08,34.62,27.59,20.0,24.0,0.25,9.0,37.5,2.0,8.33,0.718,0.15,25.0,11.88,19.8,31.68,27.66,26.47,50.0,0.222,14.0,28.0,5.0,10.0,0.567,0.04500000000000001,27.08,13.27,13.27,26.53,36.36,25.45,84.0,0.264,20.0,23.81,11.0,13.1,0.744,0.1109999999999999,25.9,10.32,20.92,31.23,26.29,18.18
746214,2024-06-29,2024,672761,L,472610,R,field_out,False,False,183.0,0.251,38.0,20.77,14.0,7.65,0.6970000000000001,0.138,21.56,9.69,19.38,29.07,26.52,16.17,,,,,,,,,,,,,,,70.0,0.259,18.0,25.71,8.0,11.43,0.7929999999999999,0.172,27.43,11.4,20.96,32.35,24.31,23.68,108.0,0.309,22.0,20.37,12.0,11.11,0.734,0.0419999999999999,27.84,13.24,12.01,25.25,30.67,20.18
746214,2024-06-29,2024,682985,L,472610,R,field_out,False,False,263.0,0.284,69.0,26.24,38.0,14.45,0.916,0.24300000000000005,28.0,11.53,17.57,29.09,20.94,22.26,323.0,0.291,84.0,26.01,28.0,8.67,0.826,0.182,27.26,12.45,16.06,28.52,24.68,20.14,70.0,0.259,18.0,25.71,8.0,11.43,0.7929999999999999,0.172,27.43,11.4,20.96,32.35,24.31,23.68,108.0,0.309,22.0,20.37,12.0,11.11,0.734,0.0419999999999999,27.84,13.24,12.01,25.25,30.67,20.18
746214,2024-06-29,2024,663837,R,472610,R,field_out,False,False,202.0,0.249,46.0,22.77,10.0,4.95,0.77,0.23199999999999998,20.68,8.91,20.15,29.06,19.84,17.62,383.0,0.26,92.0,24.02,29.0,7.57,0.724,0.14,21.06,9.23,21.95,31.18,28.67,18.31,84.0,0.241,19.0,22.62,4.0,4.76,0.602,0.07500000000000001,23.12,11.71,16.46,28.16,36.36,19.59,159.0,0.214,31.0,19.5,12.0,7.55,0.69,0.172,23.78,11.22,14.36,25.58,27.18,17.22
746214,2024-06-29,2024,694384,L,571946,R,field_out,False,False,241.0,0.237,42.0,17.43,19.0,7.88,0.6539999999999999,0.11199999999999999,15.61,6.84,20.53,27.38,24.68,14.55,104.0,0.291,15.0,14.42,14.0,13.46,0.7569999999999999,0.0579999999999999,18.78,8.02,17.92,25.94,20.47,11.45,48.0,0.114,15.0,31.25,2.0,4.17,0.373,0.113,32.18,15.47,19.89,35.36,30.23,27.78,76.0,0.129,23.0,30.26,13.0,17.11,0.563,0.145,31.54,12.46,19.15,31.61,18.95,25.27
746214,2024-06-29,2024,650859,L,571946,R,single,False,False,204.0,0.296,27.0,13.24,11.0,5.39,0.764,0.123,20.62,11.08,11.91,22.99,31.84,12.86,322.0,0.24,60.0,18.63,31.0,9.63,0.7270000000000001,0.166,24.18,11.79,13.87,25.66,28.19,14.39,48.0,0.114,15.0,31.25,2.0,4.17,0.373,0.113,32.18,15.47,19.89,35.36,30.23,27.78,76.0,0.129,23.0,30.26,13.0,17.11,0.563,0.145,31.54,12.46,19.15,31.61,18.95,25.27
746214,2024-06-29,2024,621493,R,571946,R,single,False,False,269.0,0.216,65.0,24.16,30.0,11.15,0.7110000000000001,0.18900000000000003,23.94,10.1,19.83,29.93,18.75,20.51,295.0,0.233,61.0,20.68,27.0,9.15,0.702,0.148,23.43,10.4,15.98,26.37,23.09,17.78,54.0,0.255,10.0,18.52,4.0,7.41,0.8220000000000001,0.23399999999999999,18.95,9.63,13.9,23.53,27.91,24.39,88.0,0.139,19.0,21.59,6.0,6.82,0.424,0.0759999999999999,21.29,9.73,19.47,29.2,26.71,19.59
746214,2024-06-29,2024,607680,R,571946,R,strikeout,True,False,100.0,0.218,18.0,18.0,7.0,7.0,0.694,0.17300000000000001,20.94,10.67,15.2,25.87,33.68,14.88,95.0,0.202,22.0,23.16,4.0,4.21,0.58,0.1459999999999999,23.46,13.0,15.17,28.17,39.61,20.95,54.0,0.255,10.0,18.52,4.0,7.41,0.8220000000000001,0.23399999999999999,18.95,9.63,13.9,23.53,27.91,24.39,88.0,0.139,19.0,21.59,6.0,6.82,0.424,0.0759999999999999,21.29,9.73,19.47,29.2,26.71,19.59
746214,2024-06-29,2024,681351,R,571946,R,home_run,False,False,203.0,0.283,50.0,24.63,12.0,5.91,0.808,0.193,31.78,16.12,15.33,31.45,34.47,20.25,154.0,0.22,38.0,24.68,9.0,5.84,0.757,0.262,32.06,17.0,13.8,30.81,36.07,19.69,54.0,0.255,10.0,18.52,4.0,7.41,0.8220000000000001,0.23399999999999999,18.95,9.63,13.9,23.53,27.91,24.39,88.0,0.139,19.0,21.59,6.0,6.82,0.424,0.0759999999999999,21.29,9.73,19.47,29.2,26.71,19.59
746214,2024-06-29,2024,687263,R,571946,R,strikeout,True,False,243.0,0.22,63.0,25.93,13.0,5.35,0.69,0.19299999999999998,28.87,15.09,15.09,30.19,34.34,22.42,262.0,0.222,62.0,23.66,18.0,6.87,0.6599999999999999,0.1349999999999999,28.77,13.7,16.19,29.89,23.52,18.84,54.0,0.255,10.0,18.52,4.0,7.41,0.8220000000000001,0.23399999999999999,18.95,9.63,13.9,23.53,27.91,24.39,88.0,0.139,19.0,21.59,6.0,6.82,0.424,0.0759999999999999,21.29,9.73,19.47,29.2,26.71,19.59
746214,2024-06-29,2024,592192,R,608032,R,field_out,False,False,238.0,0.222,47.0,19.75,23.0,9.66,0.65,0.10300000000000001,22.31,8.78,23.7,32.49,21.52,17.41,341.0,0.261,56.0,16.42,28.0,8.21,0.721,0.1079999999999999,18.91,7.86,21.98,29.84,23.71,13.49,49.0,0.188,14.0,28.57,0.0,0.0,0.5589999999999999,0.187,27.88,14.87,18.97,33.85,29.63,20.9,149.0,0.242,47.0,31.54,12.0,8.05,0.665,0.099,29.14,14.99,16.01,31.01,31.39,23.27
746214,2024-06-29,2024,690993,L,608032,R,field_out,False,False,227.0,0.231,38.0,16.74,12.0,5.29,0.603,0.094,21.54,10.28,17.26,27.54,32.48,18.36,,,,,,,,,,,,,,,48.0,0.2,13.0,27.08,3.0,6.25,0.5609999999999999,0.11099999999999999,28.4,12.04,19.37,31.41,19.75,27.08,132.0,0.268,31.0,23.48,19.0,14.39,0.808,0.1609999999999999,25.8,13.01,12.66,25.67,22.18,16.85
746214,2024-06-29,2024,628451,R,608032,R,field_out,False,False,51.0,0.163,18.0,35.29,2.0,3.92,0.4,0.04099999999999998,33.33,18.23,15.27,33.5,42.45,25.35,265.0,0.265,45.0,16.98,18.0,6.79,0.71,0.127,22.24,11.31,15.49,26.81,34.23,16.73,49.0,0.188,14.0,28.57,0.0,0.0,0.5589999999999999,0.187,27.88,14.87,18.97,33.85,29.63,20.9,149.0,0.242,47.0,31.54,12.0,8.05,0.665,0.099,29.14,14.99,16.01,31.01,31.39,23.27
745161,2024-06-29,2024,663697,R,669467,R,single,False,False,210.0,0.26,46.0,21.9,27.0,12.86,0.751,0.124,18.84,7.07,20.52,27.59,15.93,19.01,397.0,0.257,73.0,18.39,37.0,9.32,0.7809999999999999,0.175,21.3,8.18,21.42,29.59,19.53,15.19,85.0,0.356,12.0,14.12,10.0,11.76,0.9950000000000001,0.19200000000000006,15.49,6.61,16.52,23.12,23.81,13.33,135.0,0.357,21.0,15.56,18.0,13.33,0.882,0.081,20.85,8.63,16.27,24.9,16.8,16.41
745161,2024-06-29,2024,682829,L,669467,R,strikeout,True,False,226.0,0.257,72.0,31.86,24.0,10.62,0.8460000000000001,0.253,31.51,12.99,19.77,32.77,24.12,29.46,307.0,0.255,95.0,30.94,30.0,9.77,0.7989999999999999,0.2159999999999999,26.69,11.86,17.47,29.33,31.27,25.07,84.0,0.211,19.0,22.62,8.0,9.52,0.51,0.013000000000000012,23.33,10.7,16.51,27.22,27.16,21.35,168.0,0.234,22.0,13.1,12.0,7.14,0.694,0.162,16.39,7.94,14.44,22.38,26.07,12.43
745161,2024-06-29,2024,668715,R,669467,R,single,False,False,237.0,0.235,51.0,21.52,20.0,8.44,0.702,0.15500000000000003,21.7,10.04,18.01,28.05,26.89,15.79,487.0,0.256,106.0,21.77,51.0,10.47,0.7789999999999999,0.175,25.48,10.86,19.02,29.88,22.75,18.53,85.0,0.356,12.0,14.12,10.0,11.76,0.9950000000000001,0.19200000000000006,15.49,6.61,16.52,23.12,23.81,13.33,135.0,0.357,21.0,15.56,18.0,13.33,0.882,0.081,20.85,8.63,16.27,24.9,16.8,16.41
745161,2024-06-29,2024,605361,L,669467,R,grounded_into_double_play,False,False,116.0,0.208,29.0,25.0,7.0,6.03,0.599,0.11900000000000002,25.94,12.33,18.16,30.49,27.91,22.83,67.0,0.262,11.0,16.42,4.0,5.97,0.951,0.361,16.8,7.78,18.52,26.3,24.19,11.46,84.0,0.211,19.0,22.62,8.0,9.52,0.51,0.013000000000000012,23.33,10.7,16.51,27.22,27.16,21.35,168.0,0.234,22.0,13.1,12.0,7.14,0.694,0.162,16.39,7.94,14.44,22.38,26.07,12.43
745161,2024-06-29,2024,680977,L,593423,R,strikeout,True,False,233.0,0.269,36.0,15.45,17.0,7.3,0.781,0.16899999999999998,16.35,6.78,20.44,27.22,23.08,14.01,309.0,0.294,43.0,13.92,27.0,8.74,0.831,0.166,14.96,6.32,19.2,25.52,22.53,13.27,177.0,0.258,28.0,15.82,20.0,11.3,0.7949999999999999,0.179,20.24,9.84,13.89,23.73,27.92,13.79,2.0,1.0,0.0,0.0,1.0,50.0,2.0,0.0,0.0,0.0,14.29,14.29,0.0,
745161,2024-06-29,2024,575929,R,593423,R,strikeout,True,False,115.0,0.247,35.0,30.43,15.0,13.04,0.819,0.20700000000000002,36.91,19.33,12.58,31.91,33.77,23.29,373.0,0.253,81.0,21.72,38.0,10.19,0.7989999999999999,0.191,29.54,13.96,15.04,29.0,30.33,18.49,136.0,0.21,30.0,22.06,10.0,7.35,0.597,0.11300000000000002,25.99,13.21,13.76,26.97,29.0,17.44,5.0,0.2,1.0,20.0,0.0,0.0,0.6000000000000001,0.2,36.36,21.05,10.53,31.58,45.45,11.11
745161,2024-06-29,2024,676475,L,593423,R,walk,False,True,197.0,0.317,28.0,14.21,9.0,4.57,0.871,0.202,18.52,10.56,11.41,21.97,35.11,14.21,318.0,0.243,39.0,12.26,21.0,6.6,0.698,0.156,17.66,9.16,14.01,23.17,33.05,13.13,177.0,0.258,28.0,15.82,20.0,11.3,0.7949999999999999,0.179,20.24,9.84,13.89,23.73,27.92,13.79,2.0,1.0,0.0,0.0,1.0,50.0,2.0,0.0,0.0,0.0,14.29,14.29,0.0,
745161,2024-06-29,2024,502671,R,593423,R,caught_stealing_2b,False,False,252.0,0.213,81.0,32.14,20.0,7.94,0.64,0.148,29.43,13.97,18.5,32.47,30.25,20.73,518.0,0.259,120.0,23.17,67.0,12.93,0.8049999999999999,0.187,27.85,12.3,17.85,30.16,25.85,17.44,136.0,0.21,30.0,22.06,10.0,7.35,0.597,0.11300000000000002,25.99,13.21,13.76,26.97,29.0,17.44,5.0,0.2,1.0,20.0,0.0,0.0,0.6000000000000001,0.2,36.36,21.05,10.53,31.58,45.45,11.11
745161,2024-06-29,2024,682622,R,669467,R,field_out,False,False,8.0,0.25,1.0,12.5,0.0,0.0,0.625,0.125,28.57,18.18,9.09,27.27,33.33,6.67,89.0,0.317,21.0,23.6,5.0,5.62,0.876,0.195,29.73,14.06,19.17,33.23,30.67,22.58,85.0,0.356,12.0,14.12,10.0,11.76,0.9950000000000001,0.19200000000000006,15.49,6.61,16.52,23.12,23.81,13.33,135.0,0.357,21.0,15.56,18.0,13.33,0.882,0.081,20.85,8.63,16.27,24.9,16.8,16.41
745161,2024-06-29,2024,669289,R,669467,R,field_out,False,False,109.0,0.165,16.0,14.68,4.0,3.67,0.437,0.07799999999999999,11.17,5.4,15.96,21.36,25.49,13.45,138.0,0.244,22.0,15.94,10.0,7.25,0.633,0.073,17.87,7.68,20.84,28.52,25.34,15.6,85.0,0.356,12.0,14.12,10.0,11.76,0.9950000000000001,0.19200000000000006,15.49,6.61,16.52,23.12,23.81,13.33,135.0,0.357,21.0,15.56,18.0,13.33,0.882,0.081,20.85,8.63,16.27,24.9,16.8,16.41
745161,2024-06-29,2024,666181,L,669467,R,strikeout,True,False,203.0,0.214,87.0,42.86,19.0,9.36,0.703,0.19799999999999998,39.11,18.7,14.79,33.49,22.93,32.1,285.0,0.297,89.0,31.23,37.0,12.98,0.938,0.252,31.03,13.11,16.03,29.13,18.51,23.66,84.0,0.211,19.0,22.62,8.0,9.52,0.51,0.013000000000000012,23.33,10.7,16.51,27.22,27.16,21.35,168.0,0.234,22.0,13.1,12.0,7.14,0.694,0.162,16.39,7.94,14.44,22.38,26.07,12.43
745161,2024-06-29,2024,502671,R,593423,R,field_out,False,False,252.0,0.213,81.0,32.14,20.0,7.94,0.64,0.148,29.43,13.97,18.5,32.47,30.25,20.73,518.0,0.259,120.0,23.17,67.0,12.93,0.8049999999999999,0.187,27.85,12.3,17.85,30.16,25.85,17.44,136.0,0.21,30.0,22.06,10.0,7.35,0.597,0.11300000000000002,25.99,13.21,13.76,26.97,29.0,17.44,5.0,0.2,1.0,20.0,0.0,0.0,0.6000000000000001,0.2,36.36,21.05,10.53,31.58,45.45,11.11
745161,2024-06-29,2024,669357,L,593423,R,strikeout,True,False,208.0,0.197,75.0,36.06,21.0,10.1,0.706,0.22899999999999998,39.47,19.45,14.56,34.01,29.11,28.2,378.0,0.231,124.0,32.8,42.0,11.11,0.7969999999999999,0.2459999999999999,35.96,17.73,12.12,29.85,28.13,25.15,177.0,0.258,28.0,15.82,20.0,11.3,0.7949999999999999,0.179,20.24,9.84,13.89,23.73,27.92,13.79,2.0,1.0,0.0,0.0,1.0,50.0,2.0,0.0,0.0,0.0,14.29,14.29,0.0,
745161,2024-06-29,2024,571448,R,593423,R,single,False,False,243.0,0.272,46.0,18.93,20.0,8.23,0.7190000000000001,0.10999999999999999,21.96,9.66,20.04,29.7,29.69,16.55,468.0,0.28,81.0,17.31,31.0,6.62,0.8089999999999999,0.2009999999999999,20.4,9.71,17.28,26.99,33.33,16.43,136.0,0.21,30.0,22.06,10.0,7.35,0.597,0.11300000000000002,25.99,13.21,13.76,26.97,29.0,17.44,5.0,0.2,1.0,20.0,0.0,0.0,0.6000000000000001,0.2,36.36,21.05,10.53,31.58,45.45,11.11
745161,2024-06-29,2024,572761,L,593423,R,hit_by_pitch,False,False,82.0,0.225,22.0,26.83,8.0,9.76,0.647,0.11300000000000002,29.86,12.99,17.52,30.51,21.02,24.44,220.0,0.167,64.0,29.09,38.0,17.27,0.616,0.1319999999999999,29.37,12.01,18.83,30.84,21.25,22.78,177.0,0.258,28.0,15.82,20.0,11.3,0.7949999999999999,0.179,20.24,9.84,13.89,23.73,27.92,13.79,2.0,1.0,0.0,0.0,1.0,50.0,2.0,0.0,0.0,0.0,14.29,14.29,0.0,
745161,2024-06-29,2024,543063,L,593423,R,field_out,False,False,52.0,0.178,15.0,28.85,7.0,13.46,0.577,0.11099999999999999,35.24,17.7,12.92,30.62,26.85,22.73,251.0,0.188,58.0,23.11,24.0,9.56,0.583,0.119,28.57,14.75,12.56,27.31,30.55,19.8,177.0,0.258,28.0,15.82,20.0,11.3,0.7949999999999999,0.179,20.24,9.84,13.89,23.73,27.92,13.79,2.0,1.0,0.0,0.0,1.0,50.0,2.0,0.0,0.0,0.0,14.29,14.29,0.0,
745161,2024-06-29,2024,656413,R,669467,R,strikeout,True,False,70.0,0.125,18.0,25.71,3.0,4.29,0.391,0.07800000000000001,38.02,20.0,13.48,33.48,31.25,27.27,144.0,0.23,35.0,24.31,12.0,8.33,0.716,0.1829999999999999,31.79,17.15,10.79,27.94,25.91,21.74,85.0,0.356,12.0,14.12,10.0,11.76,0.9950000000000001,0.19200000000000006,15.49,6.61,16.52,23.12,23.81,13.33,135.0,0.357,21.0,15.56,18.0,13.33,0.882,0.081,20.85,8.63,16.27,24.9,16.8,16.41
745161,2024-06-29,2024,571912,R,669467,R,field_out,False,False,75.0,0.169,26.0,34.67,6.0,8.0,0.495,0.045999999999999985,30.88,13.77,16.39,30.16,25.48,30.23,141.0,0.224,35.0,24.82,10.0,7.09,0.675,0.144,25.1,11.19,19.96,31.16,24.62,23.65,85.0,0.356,12.0,14.12,10.0,11.76,0.9950000000000001,0.19200000000000006,15.49,6.61,16.52,23.12,23.81,13.33,135.0,0.357,21.0,15.56,18.0,13.33,0.882,0.081,20.85,8.63,16.27,24.9,16.8,16.41
745161,2024-06-29,2024,663697,R,669467,R,double,False,False,210.0,0.26,46.0,21.9,27.0,12.86,0.751,0.124,18.84,7.07,20.52,27.59,15.93,19.01,397.0,0.257,73.0,18.39,37.0,9.32,0.7809999999999999,0.175,21.3,8.18,21.42,29.59,19.53,15.19,85.0,0.356,12.0,14.12,10.0,11.76,0.9950000000000001,0.19200000000000006,15.49,6.61,16.52,23.12,23.81,13.33,135.0,0.357,21.0,15.56,18.0,13.33,0.882,0.081,20.85,8.63,16.27,24.9,16.8,16.41
745161,2024-06-29,2024,682829,L,669467,R,field_out,False,False,226.0,0.257,72.0,31.86,24.0,10.62,0.8460000000000001,0.253,31.51,12.99,19.77,32.77,24.12,29.46,307.0,0.255,95.0,30.94,30.0,9.77,0.7989999999999999,0.2159999999999999,26.69,11.86,17.47,29.33,31.27,25.07,84.0,0.211,19.0,22.62,8.0,9.52,0.51,0.013000000000000012,23.33,10.7,16.51,27.22,27.16,21.35,168.0,0.234,22.0,13.1,12.0,7.14,0.694,0.162,16.39,7.94,14.44,22.38,26.07,12.43
745161,2024-06-29,2024,672279,L,593423,R,double,False,False,119.0,0.275,30.0,25.21,5.0,4.2,0.671,0.09199999999999997,28.04,13.73,18.54,32.27,29.65,24.39,3.0,0.0,1.0,33.33,0.0,0.0,0.0,0.0,40.0,14.29,21.43,35.71,0.0,50.0,177.0,0.258,28.0,15.82,20.0,11.3,0.7949999999999999,0.179,20.24,9.84,13.89,23.73,27.92,13.79,2.0,1.0,0.0,0.0,1.0,50.0,2.0,0.0,0.0,0.0,14.29,14.29,0.0,
745161,2024-06-29,2024,680977,L,593423,R,field_out,False,False,233.0,0.269,36.0,15.45,17.0,7.3,0.781,0.16899999999999998,16.35,6.78,20.44,27.22,23.08,14.01,309.0,0.294,43.0,13.92,27.0,8.74,0.831,0.166,14.96,6.32,19.2,25.52,22.53,13.27,177.0,0.258,28.0,15.82,20.0,11.3,0.7949999999999999,0.179,20.24,9.84,13.89,23.73,27.92,13.79,2.0,1.0,0.0,0.0,1.0,50.0,2.0,0.0,0.0,0.0,14.29,14.29,0.0,
745161,2024-06-29,2024,575929,R,593423,R,walk,False,True,115.0,0.247,35.0,30.43,15.0,13.04,0.819,0.20700000000000002,36.91,19.33,12.58,31.91,33.77,23.29,373.0,0.253,81.0,21.72,38.0,10.19,0.7989999999999999,0.191,29.54,13.96,15.04,29.0,30.33,18.49,136.0,0.21,30.0,22.06,10.0,7.35,0.597,0.11300000000000002,25.99,13.21,13.76,26.97,29.0,17.44,5.0,0.2,1.0,20.0,0.0,0.0,0.6000000000000001,0.2,36.36,21.05,10.53,31.58,45.45,11.11
745161,2024-06-29,2024,676475,L,593423,R,sac_fly,False,False,197.0,0.317,28.0,14.21,9.0,4.57,0.871,0.202,18.52,10.56,11.41,21.97,35.11,14.21,318.0,0.243,39.0,12.26,21.0,6.6,0.698,0.156,17.66,9.16,14.01,23.17,33.05,13.13,177.0,0.258,28.0,15.82,20.0,11.3,0.7949999999999999,0.179,20.24,9.84,13.89,23.73,27.92,13.79,2.0,1.0,0.0,0.0,1.0,50.0,2.0,0.0,0.0,0.0,14.29,14.29,0.0,
745161,2024-06-29,2024,502671,R,593423,R,field_out,False,False,252.0,0.213,81.0,32.14,20.0,7.94,0.64,0.148,29.43,13.97,18.5,32.47,30.25,20.73,518.0,0.259,120.0,23.17,67.0,12.93,0.8049999999999999,0.187,27.85,12.3,17.85,30.16,25.85,17.44,136.0,0.21,30.0,22.06,10.0,7.35,0.597,0.11300000000000002,25.99,13.21,13.76,26.97,29.0,17.44,5.0,0.2,1.0,20.0,0.0,0.0,0.6000000000000001,0.2,36.36,21.05,10.53,31.58,45.45,11.11
745161,2024-06-29,2024,668715,R,669467,R,strikeout,True,False,237.0,0.235,51.0,21.52,20.0,8.44,0.702,0.15500000000000003,21.7,10.04,18.01,28.05,26.89,15.79,487.0,0.256,106.0,21.77,51.0,10.47,0.7789999999999999,0.175,25.48,10.86,19.02,29.88,22.75,18.53,85.0,0.356,12.0,14.12,10.0,11.76,0.9950000000000001,0.19200000000000006,15.49,6.61,16.52,23.12,23.81,13.33,135.0,0.357,21.0,15.56,18.0,13.33,0.882,0.081,20.85,8.63,16.27,24.9,16.8,16.41
745161,2024-06-29,2024,605361,L,669467,R,strikeout,True,False,116.0,0.208,29.0,25.0,7.0,6.03,0.599,0.11900000000000002,25.94,12.33,18.16,30.49,27.91,22.83,67.0,0.262,11.0,16.42,4.0,5.97,0.951,0.361,16.8,7.78,18.52,26.3,24.19,11.46,84.0,0.211,19.0,22.62,8.0,9.52,0.51,0.013000000000000012,23.33,10.7,16.51,27.22,27.16,21.35,168.0,0.234,22.0,13.1,12.0,7.14,0.694,0.162,16.39,7.94,14.44,22.38,26.07,12.43
745161,2024-06-29,2024,682622,R,669467,R,field_out,False,False,8.0,0.25,1.0,12.5,0.0,0.0,0.625,0.125,28.57,18.18,9.09,27.27,33.33,6.67,89.0,0.317,21.0,23.6,5.0,5.62,0.876,0.195,29.73,14.06,19.17,33.23,30.67,22.58,85.0,0.356,12.0,14.12,10.0,11.76,0.9950000000000001,0.19200000000000006,15.49,6.61,16.52,23.12,23.81,13.33,135.0,0.357,21.0,15.56,18.0,13.33,0.882,0.081,20.85,8.63,16.27,24.9,16.8,16.41
745161,2024-06-29,2024,669357,L,593423,R,field_out,False,False,208.0,0.197,75.0,36.06,21.0,10.1,0.706,0.22899999999999998,39.47,19.45,14.56,34.01,29.11,28.2,378.0,0.231,124.0,32.8,42.0,11.11,0.7969999999999999,0.2459999999999999,35.96,17.73,12.12,29.85,28.13,25.15,177.0,0.258,28.0,15.82,20.0,11.3,0.7949999999999999,0.179,20.24,9.84,13.89,23.73,27.92,13.79,2.0,1.0,0.0,0.0,1.0,50.0,2.0,0.0,0.0,0.0,14.29,14.29,0.0,
745161,2024-06-29,2024,571448,R,593423,R,strikeout,True,False,243.0,0.272,46.0,18.93,20.0,8.23,0.7190000000000001,0.10999999999999999,21.96,9.66,20.04,29.7,29.69,16.55,468.0,0.28,81.0,17.31,31.0,6.62,0.8089999999999999,0.2009999999999999,20.4,9.71,17.28,26.99,33.33,16.43,136.0,0.21,30.0,22.06,10.0,7.35,0.597,0.11300000000000002,25.99,13.21,13.76,26.97,29.0,17.44,5.0,0.2,1.0,20.0,0.0,0.0,0.6000000000000001,0.2,36.36,21.05,10.53,31.58,45.45,11.11
745161,2024-06-29,2024,572761,L,593423,R,walk,False,True,82.0,0.225,22.0,26.83,8.0,9.76,0.647,0.11300000000000002,29.86,12.99,17.52,30.51,21.02,24.44,220.0,0.167,64.0,29.09,38.0,17.27,0.616,0.1319999999999999,29.37,12.01,18.83,30.84,21.25,22.78,177.0,0.258,28.0,15.82,20.0,11.3,0.7949999999999999,0.179,20.24,9.84,13.89,23.73,27.92,13.79,2.0,1.0,0.0,0.0,1.0,50.0,2.0,0.0,0.0,0.0,14.29,14.29,0.0,
745161,2024-06-29,2024,543063,L,593423,R,field_out,False,False,52.0,0.178,15.0,28.85,7.0,13.46,0.577,0.11099999999999999,35.24,17.7,12.92,30.62,26.85,22.73,251.0,0.188,58.0,23.11,24.0,9.56,0.583,0.119,28.57,14.75,12.56,27.31,30.55,19.8,177.0,0.258,28.0,15.82,20.0,11.3,0.7949999999999999,0.179,20.24,9.84,13.89,23.73,27.92,13.79,2.0,1.0,0.0,0.0,1.0,50.0,2.0,0.0,0.0,0.0,14.29,14.29,0.0,
745161,2024-06-29,2024,669289,R,669467,R,field_out,False,False,109.0,0.165,16.0,14.68,4.0,3.67,0.437,0.07799999999999999,11.17,5.4,15.96,21.36,25.49,13.45,138.0,0.244,22.0,15.94,10.0,7.25,0.633,0.073,17.87,7.68,20.84,28.52,25.34,15.6,85.0,0.356,12.0,14.12,10.0,11.76,0.9950000000000001,0.19200000000000006,15.49,6.61,16.52,23.12,23.81,13.33,135.0,0.357,21.0,15.56,18.0,13.33,0.882,0.081,20.85,8.63,16.27,24.9,16.8,16.41
745161,2024-06-29,2024,666181,L,669467,R,walk,False,True,203.0,0.214,87.0,42.86,19.0,9.36,0.703,0.19799999999999998,39.11,18.7,14.79,33.49,22.93,32.1,285.0,0.297,89.0,31.23,37.0,12.98,0.938,0.252,31.03,13.11,16.03,29.13,18.51,23.66,84.0,0.211,19.0,22.62,8.0,9.52,0.51,0.013000000000000012,23.33,10.7,16.51,27.22,27.16,21.35,168.0,0.234,22.0,13.1,12.0,7.14,0.694,0.162,16.39,7.94,14.44,22.38,26.07,12.43
745161,2024-06-29,2024,656413,R,669467,R,single,False,False,70.0,0.125,18.0,25.71,3.0,4.29,0.391,0.07800000000000001,38.02,20.0,13.48,33.48,31.25,27.27,144.0,0.23,35.0,24.31,12.0,8.33,0.716,0.1829999999999999,31.79,17.15,10.79,27.94,25.91,21.74,85.0,0.356,12.0,14.12,10.0,11.76,0.9950000000000001,0.19200000000000006,15.49,6.61,16.52,23.12,23.81,13.33,135.0,0.357,21.0,15.56,18.0,13.33,0.882,0.081,20.85,8.63,16.27,24.9,16.8,16.41
745161,2024-06-29,2024,571912,R,669467,R,field_out,False,False,75.0,0.169,26.0,34.67,6.0,8.0,0.495,0.045999999999999985,30.88,13.77,16.39,30.16,25.48,30.23,141.0,0.224,35.0,24.82,10.0,7.09,0.675,0.144,25.1,11.19,19.96,31.16,24.62,23.65,85.0,0.356,12.0,14.12,10.0,11.76,0.9950000000000001,0.19200000000000006,15.49,6.61,16.52,23.12,23.81,13.33,135.0,0.357,21.0,15.56,18.0,13.33,0.882,0.081,20.85,8.63,16.27,24.9,16.8,16.41
745161,2024-06-29,2024,663697,R,669467,R,walk,False,True,210.0,0.26,46.0,21.9,27.0,12.86,0.751,0.124,18.84,7.07,20.52,27.59,15.93,19.01,397.0,0.257,73.0,18.39,37.0,9.32,0.7809999999999999,0.175,21.3,8.18,21.42,29.59,19.53,15.19,85.0,0.356,12.0,14.12,10.0,11.76,0.9950000000000001,0.19200000000000006,15.49,6.61,16.52,23.12,23.81,13.33,135.0,0.357,21.0,15.56,18.0,13.33,0.882,0.081,20.85,8.63,16.27,24.9,16.8,16.41
745161,2024-06-29,2024,682829,L,669467,R,field_out,False,False,226.0,0.257,72.0,31.86,24.0,10.62,0.8460000000000001,0.253,31.51,12.99,19.77,32.77,24.12,29.46,307.0,0.255,95.0,30.94,30.0,9.77,0.7989999999999999,0.2159999999999999,26.69,11.86,17.47,29.33,31.27,25.07,84.0,0.211,19.0,22.62,8.0,9.52,0.51,0.013000000000000012,23.33,10.7,16.51,27.22,27.16,21.35,168.0,0.234,22.0,13.1,12.0,7.14,0.694,0.162,16.39,7.94,14.44,22.38,26.07,12.43
745161,2024-06-29,2024,672279,L,593423,R,field_out,False,False,119.0,0.275,30.0,25.21,5.0,4.2,0.671,0.09199999999999997,28.04,13.73,18.54,32.27,29.65,24.39,3.0,0.0,1.0,33.33,0.0,0.0,0.0,0.0,40.0,14.29,21.43,35.71,0.0,50.0,177.0,0.258,28.0,15.82,20.0,11.3,0.7949999999999999,0.179,20.24,9.84,13.89,23.73,27.92,13.79,2.0,1.0,0.0,0.0,1.0,50.0,2.0,0.0,0.0,0.0,14.29,14.29,0.0,
745161,2024-06-29,2024,680977,L,593423,R,field_out,False,False,233.0,0.269,36.0,15.45,17.0,7.3,0.781,0.16899999999999998,16.35,6.78,20.44,27.22,23.08,14.01,309.0,0.294,43.0,13.92,27.0,8.74,0.831,0.166,14.96,6.32,19.2,25.52,22.53,13.27,177.0,0.258,28.0,15.82,20.0,11.3,0.7949999999999999,0.179,20.24,9.84,13.89,23.73,27.92,13.79,2.0,1.0,0.0,0.0,1.0,50.0,2.0,0.0,0.0,0.0,14.29,14.29,0.0,
745161,2024-06-29,2024,575929,R,593423,R,field_out,False,False,115.0,0.247,35.0,30.43,15.0,13.04,0.819,0.20700000000000002,36.91,19.33,12.58,31.91,33.77,23.29,373.0,0.253,81.0,21.72,38.0,10.19,0.7989999999999999,0.191,29.54,13.96,15.04,29.0,30.33,18.49,136.0,0.21,30.0,22.06,10.0,7.35,0.597,0.11300000000000002,25.99,13.21,13.76,26.97,29.0,17.44,5.0,0.2,1.0,20.0,0.0,0.0,0.6000000000000001,0.2,36.36,21.05,10.53,31.58,45.45,11.11
745161,2024-06-29,2024,668715,R,669467,R,hit_by_pitch,False,False,237.0,0.235,51.0,21.52,20.0,8.44,0.702,0.15500000000000003,21.7,10.04,18.01,28.05,26.89,15.79,487.0,0.256,106.0,21.77,51.0,10.47,0.7789999999999999,0.175,25.48,10.86,19.02,29.88,22.75,18.53,85.0,0.356,12.0,14.12,10.0,11.76,0.9950000000000001,0.19200000000000006,15.49,6.61,16.52,23.12,23.81,13.33,135.0,0.357,21.0,15.56,18.0,13.33,0.882,0.081,20.85,8.63,16.27,24.9,16.8,16.41
745161,2024-06-29,2024,605361,L,669467,R,walk,False,True,116.0,0.208,29.0,25.0,7.0,6.03,0.599,0.11900000000000002,25.94,12.33,18.16,30.49,27.91,22.83,67.0,0.262,11.0,16.42,4.0,5.97,0.951,0.361,16.8,7.78,18.52,26.3,24.19,11.46,84.0,0.211,19.0,22.62,8.0,9.52,0.51,0.013000000000000012,23.33,10.7,16.51,27.22,27.16,21.35,168.0,0.234,22.0,13.1,12.0,7.14,0.694,0.162,16.39,7.94,14.44,22.38,26.07,12.43
745161,2024-06-29,2024,682622,R,669467,R,field_out,False,False,8.0,0.25,1.0,12.5,0.0,0.0,0.625,0.125,28.57,18.18,9.09,27.27,33.33,6.67,89.0,0.317,21.0,23.6,5.0,5.62,0.876,0.195,29.73,14.06,19.17,33.23,30.67,22.58,85.0,0.356,12.0,14.12,10.0,11.76,0.9950000000000001,0.19200000000000006,15.49,6.61,16.52,23.12,23.81,13.33,135.0,0.357,21.0,15.56,18.0,13.33,0.882,0.081,20.85,8.63,16.27,24.9,16.8,16.41
745161,2024-06-29,2024,669289,R,681676,R,field_out,False,False,109.0,0.165,16.0,14.68,4.0,3.67,0.437,0.07799999999999999,11.17,5.4,15.96,21.36,25.49,13.45,138.0,0.244,22.0,15.94,10.0,7.25,0.633,0.073,17.87,7.68,20.84,28.52,25.34,15.6,91.0,0.229,25.0,27.47,7.0,7.69,0.542,0.023999999999999994,33.51,16.2,13.62,29.82,28.86,19.69,,,,,,,,,,,,,,
745161,2024-06-29,2024,666181,L,681676,R,strikeout,True,False,203.0,0.214,87.0,42.86,19.0,9.36,0.703,0.19799999999999998,39.11,18.7,14.79,33.49,22.93,32.1,285.0,0.297,89.0,31.23,37.0,12.98,0.938,0.252,31.03,13.11,16.03,29.13,18.51,23.66,62.0,0.196,14.0,22.58,7.0,11.29,0.6639999999999999,0.15699999999999997,28.07,12.7,13.89,26.59,25.19,20.9,,,,,,,,,,,,,,
745161,2024-06-29,2024,676475,L,593423,R,field_out,False,False,197.0,0.317,28.0,14.21,9.0,4.57,0.871,0.202,18.52,10.56,11.41,21.97,35.11,14.21,318.0,0.243,39.0,12.26,21.0,6.6,0.698,0.156,17.66,9.16,14.01,23.17,33.05,13.13,177.0,0.258,28.0,15.82,20.0,11.3,0.7949999999999999,0.179,20.24,9.84,13.89,23.73,27.92,13.79,2.0,1.0,0.0,0.0,1.0,50.0,2.0,0.0,0.0,0.0,14.29,14.29,0.0,
745161,2024-06-29,2024,502671,R,593423,R,strikeout,True,False,252.0,0.213,81.0,32.14,20.0,7.94,0.64,0.148,29.43,13.97,18.5,32.47,30.25,20.73,518.0,0.259,120.0,23.17,67.0,12.93,0.8049999999999999,0.187,27.85,12.3,17.85,30.16,25.85,17.44,136.0,0.21,30.0,22.06,10.0,7.35,0.597,0.11300000000000002,25.99,13.21,13.76,26.97,29.0,17.44,5.0,0.2,1.0,20.0,0.0,0.0,0.6000000000000001,0.2,36.36,21.05,10.53,31.58,45.45,11.11
745161,2024-06-29,2024,669357,L,593423,R,field_out,False,False,208.0,0.197,75.0,36.06,21.0,10.1,0.706,0.22899999999999998,39.47,19.45,14.56,34.01,29.11,28.2,378.0,0.231,124.0,32.8,42.0,11.11,0.7969999999999999,0.2459999999999999,35.96,17.73,12.12,29.85,28.13,25.15,177.0,0.258,28.0,15.82,20.0,11.3,0.7949999999999999,0.179,20.24,9.84,13.89,23.73,27.92,13.79,2.0,1.0,0.0,0.0,1.0,50.0,2.0,0.0,0.0,0.0,14.29,14.29,0.0,
745161,2024-06-29,2024,656413,R,681676,R,field_out,False,False,70.0,0.125,18.0,25.71,3.0,4.29,0.391,0.07800000000000001,38.02,20.0,13.48,33.48,31.25,27.27,144.0,0.23,35.0,24.31,12.0,8.33,0.716,0.1829999999999999,31.79,17.15,10.79,27.94,25.91,21.74,91.0,0.229,25.0,27.47,7.0,7.69,0.542,0.023999999999999994,33.51,16.2,13.62,29.82,28.86,19.69,,,,,,,,,,,,,,
745161,2024-06-29,2024,571912,R,681676,R,strikeout,True,False,75.0,0.169,26.0,34.67,6.0,8.0,0.495,0.045999999999999985,30.88,13.77,16.39,30.16,25.48,30.23,141.0,0.224,35.0,24.82,10.0,7.09,0.675,0.144,25.1,11.19,19.96,31.16,24.62,23.65,91.0,0.229,25.0,27.47,7.0,7.69,0.542,0.023999999999999994,33.51,16.2,13.62,29.82,28.86,19.69,,,,,,,,,,,,,,
745161,2024-06-29,2024,663697,R,681676,R,field_out,False,False,210.0,0.26,46.0,21.9,27.0,12.86,0.751,0.124,18.84,7.07,20.52,27.59,15.93,19.01,397.0,0.257,73.0,18.39,37.0,9.32,0.7809999999999999,0.175,21.3,8.18,21.42,29.59,19.53,15.19,91.0,0.229,25.0,27.47,7.0,7.69,0.542,0.023999999999999994,33.51,16.2,13.62,29.82,28.86,19.69,,,,,,,,,,,,,,
745161,2024-06-29,2024,571448,R,607259,R,field_out,False,False,243.0,0.272,46.0,18.93,20.0,8.23,0.7190000000000001,0.10999999999999999,21.96,9.66,20.04,29.7,29.69,16.55,468.0,0.28,81.0,17.31,31.0,6.62,0.8089999999999999,0.2009999999999999,20.4,9.71,17.28,26.99,33.33,16.43,122.0,0.229,27.0,22.13,3.0,2.46,0.585,0.11000000000000001,24.26,12.84,16.44,29.28,36.62,19.57,265.0,0.224,54.0,20.38,24.0,9.06,0.606,0.0839999999999999,26.67,12.33,17.68,30.01,32.95,21.26
745161,2024-06-29,2024,572761,L,607259,R,field_out,False,False,82.0,0.225,22.0,26.83,8.0,9.76,0.647,0.11300000000000002,29.86,12.99,17.52,30.51,21.02,24.44,220.0,0.167,64.0,29.09,38.0,17.27,0.616,0.1319999999999999,29.37,12.01,18.83,30.84,21.25,22.78,133.0,0.276,21.0,15.79,5.0,3.76,0.76,0.17099999999999999,22.78,11.66,14.62,26.28,36.98,13.04,197.0,0.261,52.0,26.4,16.0,8.12,0.743,0.1539999999999999,31.0,14.69,17.75,32.44,33.17,20.8
745161,2024-06-29,2024,543063,L,607259,R,field_out,False,False,52.0,0.178,15.0,28.85,7.0,13.46,0.577,0.11099999999999999,35.24,17.7,12.92,30.62,26.85,22.73,251.0,0.188,58.0,23.11,24.0,9.56,0.583,0.119,28.57,14.75,12.56,27.31,30.55,19.8,133.0,0.276,21.0,15.79,5.0,3.76,0.76,0.17099999999999999,22.78,11.66,14.62,26.28,36.98,13.04,197.0,0.261,52.0,26.4,16.0,8.12,0.743,0.1539999999999999,31.0,14.69,17.75,32.44,33.17,20.8
745161,2024-06-29,2024,682829,R,668941,L,walk,False,True,124.0,0.243,35.0,28.23,15.0,12.1,0.74,0.136,32.44,13.83,15.91,29.73,25.44,23.81,122.0,0.184,49.0,40.16,5.0,4.1,0.494,0.079,37.56,17.7,19.4,37.1,38.0,33.33,96.0,0.233,17.0,17.71,5.0,5.21,0.717,0.19699999999999998,22.94,11.02,16.95,27.97,27.06,17.17,106.0,0.26,30.0,28.3,7.0,6.6,0.6890000000000001,0.1149999999999999,36.41,18.59,17.02,35.6,31.89,28.04
745161,2024-06-29,2024,668715,R,668941,L,field_out,False,False,96.0,0.262,17.0,17.71,13.0,13.54,0.863,0.22599999999999998,20.62,8.85,17.16,26.01,23.32,14.29,180.0,0.312,33.0,18.33,17.0,9.44,0.928,0.238,20.88,9.77,17.74,27.51,26.97,14.47,96.0,0.233,17.0,17.71,5.0,5.21,0.717,0.19699999999999998,22.94,11.02,16.95,27.97,27.06,17.17,106.0,0.26,30.0,28.3,7.0,6.6,0.6890000000000001,0.1149999999999999,36.41,18.59,17.02,35.6,31.89,28.04
745161,2024-06-29,2024,682119,R,668941,L,field_out,False,False,5.0,0.0,1.0,20.0,0.0,0.0,0.0,0.0,44.44,26.67,13.33,40.0,50.0,33.33,,,,,,,,,,,,,,,96.0,0.233,17.0,17.71,5.0,5.21,0.717,0.19699999999999998,22.94,11.02,16.95,27.97,27.06,17.17,106.0,0.26,30.0,28.3,7.0,6.6,0.6890000000000001,0.1149999999999999,36.41,18.59,17.02,35.6,31.89,28.04
745161,2024-06-29,2024,682622,R,552640,R,strikeout,True,False,8.0,0.25,1.0,12.5,0.0,0.0,0.625,0.125,28.57,18.18,9.09,27.27,33.33,6.67,89.0,0.317,21.0,23.6,5.0,5.62,0.876,0.195,29.73,14.06,19.17,33.23,30.67,22.58,98.0,0.213,19.0,19.39,6.0,6.12,0.606,0.13499999999999998,24.87,13.6,15.01,28.61,41.11,18.63,31.0,0.333,7.0,22.58,0.0,0.0,0.788,0.0999999999999999,20.0,11.21,15.89,27.1,40.0,22.58
745161,2024-06-29,2024,672279,L,607259,R,field_out,False,False,119.0,0.275,30.0,25.21,5.0,4.2,0.671,0.09199999999999997,28.04,13.73,18.54,32.27,29.65,24.39,3.0,0.0,1.0,33.33,0.0,0.0,0.0,0.0,40.0,14.29,21.43,35.71,0.0,50.0,133.0,0.276,21.0,15.79,5.0,3.76,0.76,0.17099999999999999,22.78,11.66,14.62,26.28,36.98,13.04,197.0,0.261,52.0,26.4,16.0,8.12,0.743,0.1539999999999999,31.0,14.69,17.75,32.44,33.17,20.8
745161,2024-06-29,2024,680977,L,607259,R,single,False,False,233.0,0.269,36.0,15.45,17.0,7.3,0.781,0.16899999999999998,16.35,6.78,20.44,27.22,23.08,14.01,309.0,0.294,43.0,13.92,27.0,8.74,0.831,0.166,14.96,6.32,19.2,25.52,22.53,13.27,133.0,0.276,21.0,15.79,5.0,3.76,0.76,0.17099999999999999,22.78,11.66,14.62,26.28,36.98,13.04,197.0,0.261,52.0,26.4,16.0,8.12,0.743,0.1539999999999999,31.0,14.69,17.75,32.44,33.17,20.8
745161,2024-06-29,2024,575929,R,607259,R,single,False,False,115.0,0.247,35.0,30.43,15.0,13.04,0.819,0.20700000000000002,36.91,19.33,12.58,31.91,33.77,23.29,373.0,0.253,81.0,21.72,38.0,10.19,0.7989999999999999,0.191,29.54,13.96,15.04,29.0,30.33,18.49,122.0,0.229,27.0,22.13,3.0,2.46,0.585,0.11000000000000001,24.26,12.84,16.44,29.28,36.62,19.57,265.0,0.224,54.0,20.38,24.0,9.06,0.606,0.0839999999999999,26.67,12.33,17.68,30.01,32.95,21.26
745161,2024-06-29,2024,676475,L,607259,R,field_out,False,False,197.0,0.317,28.0,14.21,9.0,4.57,0.871,0.202,18.52,10.56,11.41,21.97,35.11,14.21,318.0,0.243,39.0,12.26,21.0,6.6,0.698,0.156,17.66,9.16,14.01,23.17,33.05,13.13,133.0,0.276,21.0,15.79,5.0,3.76,0.76,0.17099999999999999,22.78,11.66,14.62,26.28,36.98,13.04,197.0,0.261,52.0,26.4,16.0,8.12,0.743,0.1539999999999999,31.0,14.69,17.75,32.44,33.17,20.8
745161,2024-06-29,2024,502671,R,607259,R,field_out,False,False,252.0,0.213,81.0,32.14,20.0,7.94,0.64,0.148,29.43,13.97,18.5,32.47,30.25,20.73,518.0,0.259,120.0,23.17,67.0,12.93,0.8049999999999999,0.187,27.85,12.3,17.85,30.16,25.85,17.44,122.0,0.229,27.0,22.13,3.0,2.46,0.585,0.11000000000000001,24.26,12.84,16.44,29.28,36.62,19.57,265.0,0.224,54.0,20.38,24.0,9.06,0.606,0.0839999999999999,26.67,12.33,17.68,30.01,32.95,21.26
745161,2024-06-29,2024,669289,R,664854,R,field_out,False,False,109.0,0.165,16.0,14.68,4.0,3.67,0.437,0.07799999999999999,11.17,5.4,15.96,21.36,25.49,13.45,138.0,0.244,22.0,15.94,10.0,7.25,0.633,0.073,17.87,7.68,20.84,28.52,25.34,15.6,85.0,0.224,24.0,28.24,7.0,8.24,0.558,0.05200000000000002,39.38,21.07,14.38,35.45,32.37,30.38,80.0,0.134,30.0,37.5,10.0,12.5,0.402,0.03,37.93,19.76,13.17,32.93,33.13,27.27
745161,2024-06-29,2024,666181,L,664854,R,strikeout,True,False,203.0,0.214,87.0,42.86,19.0,9.36,0.703,0.19799999999999998,39.11,18.7,14.79,33.49,22.93,32.1,285.0,0.297,89.0,31.23,37.0,12.98,0.938,0.252,31.03,13.11,16.03,29.13,18.51,23.66,70.0,0.203,20.0,28.57,9.0,12.86,0.554,0.05099999999999999,32.2,15.51,17.55,33.06,26.21,26.67,66.0,0.224,22.0,33.33,7.0,10.61,0.6970000000000001,0.155,31.01,14.44,15.88,30.32,30.28,23.91
745161,2024-06-29,2024,656413,R,664854,R,field_out,False,False,70.0,0.125,18.0,25.71,3.0,4.29,0.391,0.07800000000000001,38.02,20.0,13.48,33.48,31.25,27.27,144.0,0.23,35.0,24.31,12.0,8.33,0.716,0.1829999999999999,31.79,17.15,10.79,27.94,25.91,21.74,85.0,0.224,24.0,28.24,7.0,8.24,0.558,0.05200000000000002,39.38,21.07,14.38,35.45,32.37,30.38,80.0,0.134,30.0,37.5,10.0,12.5,0.402,0.03,37.93,19.76,13.17,32.93,33.13,27.27
747016,2024-06-30,2024,543760,R,608344,L,field_out,False,False,109.0,0.31,16.0,14.68,9.0,8.26,0.887,0.21000000000000002,17.62,8.27,14.36,22.63,22.9,16.33,210.0,0.283,33.0,15.71,20.0,9.52,0.8009999999999999,0.156,18.13,8.56,14.97,23.53,20.61,16.58,256.0,0.304,40.0,15.62,13.0,5.08,0.8340000000000001,0.19,16.92,8.52,17.27,25.79,24.94,15.21,267.0,0.253,59.0,22.1,15.0,5.62,0.744,0.188,20.94,10.76,16.67,27.42,29.92,18.1
747016,2024-06-30,2024,669701,L,608344,L,field_out,False,False,80.0,0.304,21.0,26.25,6.0,7.5,0.8340000000000001,0.14500000000000002,26.24,12.59,16.67,29.25,26.52,22.58,33.0,0.12,9.0,27.27,6.0,18.18,0.6930000000000001,0.24,26.09,9.3,20.93,30.23,19.44,31.03,74.0,0.194,14.0,18.92,2.0,2.7,0.48,0.07,16.8,7.87,21.35,29.21,23.58,20.29,69.0,0.267,9.0,13.04,6.0,8.7,0.6950000000000001,0.066,20.35,9.47,17.7,27.16,33.33,13.64
747016,2024-06-30,2024,543257,R,608344,L,strikeout,True,False,68.0,0.291,11.0,16.18,12.0,17.65,0.812,0.10900000000000004,19.05,6.94,22.92,29.86,19.59,12.94,137.0,0.309,32.0,23.36,23.0,16.79,0.952,0.227,18.93,6.53,22.61,29.15,11.97,17.49,256.0,0.304,40.0,15.62,13.0,5.08,0.8340000000000001,0.19,16.92,8.52,17.27,25.79,24.94,15.21,267.0,0.253,59.0,22.1,15.0,5.62,0.744,0.188,20.94,10.76,16.67,27.42,29.92,18.1
747016,2024-06-30,2024,683002,L,571760,L,strikeout,True,False,116.0,0.272,30.0,25.86,20.0,17.24,0.9570000000000001,0.271,29.05,11.06,18.94,30.0,17.08,22.73,167.0,0.209,42.0,25.15,18.0,10.78,0.617,0.115,28.77,12.92,19.54,32.46,27.19,20.79,63.0,0.291,12.0,19.05,7.0,11.11,0.753,0.09100000000000003,15.89,6.88,17.81,24.7,22.5,14.63,128.0,0.276,26.0,20.31,22.0,17.19,0.806,0.124,23.36,9.23,18.82,28.04,22.3,14.88
747016,2024-06-30,2024,668939,R,571760,L,strikeout,True,False,109.0,0.416,15.0,13.76,7.0,6.42,1.103,0.23700000000000004,18.58,7.82,22.3,30.11,24.88,13.16,191.0,0.304,21.0,10.99,31.0,16.23,0.895,0.177,12.46,4.9,20.56,25.46,20.79,8.71,275.0,0.251,63.0,22.91,15.0,5.45,0.729,0.18,28.47,14.9,14.25,29.14,33.76,18.58,514.0,0.246,125.0,24.32,38.0,7.39,0.762,0.202,27.12,13.67,13.77,27.44,32.52,19.0
747016,2024-06-30,2024,623993,R,571760,L,field_out,False,False,88.0,0.267,21.0,23.86,9.0,10.23,0.911,0.28,28.86,12.43,19.94,32.37,26.04,21.65,170.0,0.25,45.0,26.47,24.0,14.12,0.7909999999999999,0.188,28.15,11.77,18.98,30.75,26.34,19.31,275.0,0.251,63.0,22.91,15.0,5.45,0.729,0.18,28.47,14.9,14.25,29.14,33.76,18.58,514.0,0.246,125.0,24.32,38.0,7.39,0.762,0.202,27.12,13.67,13.77,27.44,32.52,19.0
747016,2024-06-30,2024,676059,R,571760,L,field_out,False,False,79.0,0.23,24.0,30.38,4.0,5.06,0.7010000000000001,0.20199999999999999,36.36,18.67,14.33,33.0,30.41,26.97,82.0,0.284,23.0,28.05,8.0,9.76,0.786,0.148,32.37,14.29,17.14,31.43,25.99,24.21,275.0,0.251,63.0,22.91,15.0,5.45,0.729,0.18,28.47,14.9,14.25,29.14,33.76,18.58,514.0,0.246,125.0,24.32,38.0,7.39,0.762,0.202,27.12,13.67,13.77,27.44,32.52,19.0
747016,2024-06-30,2024,666969,R,608344,L,hit_by_pitch,False,False,105.0,0.228,28.0,26.67,9.0,8.57,0.708,0.18499999999999997,26.48,14.99,9.82,24.81,34.02,24.35,152.0,0.244,37.0,24.34,24.0,15.79,0.866,0.26,31.62,13.61,14.56,28.16,22.03,21.26,256.0,0.304,40.0,15.62,13.0,5.08,0.8340000000000001,0.19,16.92,8.52,17.27,25.79,24.94,15.21,267.0,0.253,59.0,22.1,15.0,5.62,0.744,0.188,20.94,10.76,16.67,27.42,29.92,18.1
747016,2024-06-30,2024,694671,R,608344,L,field_out,False,False,59.0,0.245,15.0,25.42,8.0,13.56,0.8049999999999999,0.20400000000000001,25.49,10.04,20.08,30.12,22.96,17.86,,,,,,,,,,,,,,,256.0,0.304,40.0,15.62,13.0,5.08,0.8340000000000001,0.19,16.92,8.52,17.27,25.79,24.94,15.21,267.0,0.253,59.0,22.1,15.0,5.62,0.744,0.188,20.94,10.76,16.67,27.42,29.92,18.1
747016,2024-06-30,2024,663993,L,608344,L,force_out,False,False,80.0,0.29,20.0,25.0,10.0,12.5,0.752,0.08700000000000002,21.05,8.96,20.45,29.41,23.81,15.15,219.0,0.223,52.0,23.74,24.0,10.96,0.643,0.109,22.66,9.89,18.18,28.07,24.2,19.48,74.0,0.194,14.0,18.92,2.0,2.7,0.48,0.07,16.8,7.87,21.35,29.21,23.58,20.29,69.0,0.267,9.0,13.04,6.0,8.7,0.6950000000000001,0.066,20.35,9.47,17.7,27.16,33.33,13.64
747016,2024-06-30,2024,656537,R,608344,L,home_run,False,False,11.0,0.3,2.0,18.18,1.0,9.09,0.964,0.3,22.22,11.43,20.0,31.43,38.89,18.18,13.0,0.231,3.0,23.08,0.0,0.0,0.539,0.0769999999999999,39.13,22.5,10.0,32.5,45.45,42.86,256.0,0.304,40.0,15.62,13.0,5.08,0.8340000000000001,0.19,16.92,8.52,17.27,25.79,24.94,15.21,267.0,0.253,59.0,22.1,15.0,5.62,0.744,0.188,20.94,10.76,16.67,27.42,29.92,18.1
747016,2024-06-30,2024,668800,R,608344,L,field_out,False,False,22.0,0.095,5.0,22.73,0.0,0.0,0.186,0.0,21.28,12.2,12.2,24.39,36.84,20.0,81.0,0.197,22.0,27.16,3.0,3.7,0.6719999999999999,0.237,28.21,16.0,13.45,29.45,40.88,27.16,256.0,0.304,40.0,15.62,13.0,5.08,0.8340000000000001,0.19,16.92,8.52,17.27,25.79,24.94,15.21,267.0,0.253,59.0,22.1,15.0,5.62,0.744,0.188,20.94,10.76,16.67,27.42,29.92,18.1
747016,2024-06-30,2024,669720,R,571760,L,double,False,False,51.0,0.333,18.0,35.29,3.0,5.88,0.831,0.125,37.36,18.38,16.22,34.59,35.71,41.86,167.0,0.262,37.0,22.16,16.0,9.58,0.785,0.194,26.6,11.87,17.25,29.11,29.39,20.9,275.0,0.251,63.0,22.91,15.0,5.45,0.729,0.18,28.47,14.9,14.25,29.14,33.76,18.58,514.0,0.246,125.0,24.32,38.0,7.39,0.762,0.202,27.12,13.67,13.77,27.44,32.52,19.0
747016,2024-06-30,2024,656811,L,571760,L,single,False,False,15.0,0.133,1.0,6.67,0.0,0.0,0.266,0.0,31.03,18.0,20.0,38.0,50.0,8.33,29.0,0.192,8.0,27.59,2.0,6.9,0.788,0.346,34.43,16.41,14.84,31.25,27.94,16.0,63.0,0.291,12.0,19.05,7.0,11.11,0.753,0.09100000000000003,15.89,6.88,17.81,24.7,22.5,14.63,128.0,0.276,26.0,20.31,22.0,17.19,0.806,0.124,23.36,9.23,18.82,28.04,22.3,14.88
747016,2024-06-30,2024,622761,R,571760,L,field_out,False,False,71.0,0.262,18.0,25.35,5.0,7.04,0.8620000000000001,0.276,20.57,10.25,15.9,26.15,31.51,18.95,138.0,0.276,23.0,16.67,9.0,6.52,0.745,0.1409999999999999,24.81,12.67,15.88,28.54,31.42,15.23,275.0,0.251,63.0,22.91,15.0,5.45,0.729,0.18,28.47,14.9,14.25,29.14,33.76,18.58,514.0,0.246,125.0,24.32,38.0,7.39,0.762,0.202,27.12,13.67,13.77,27.44,32.52,19.0
747016,2024-06-30,2024,677008,L,571760,L,field_out,False,False,,,,,,,,,,,,,,,1.0,0.0,0.0,0.0,0.0,0.0,0.0,0.0,0.0,0.0,66.67,66.67,,0.0,63.0,0.291,12.0,19.05,7.0,11.11,0.753,0.09100000000000003,15.89,6.88,17.81,24.7,22.5,14.63,128.0,0.276,26.0,20.31,22.0,17.19,0.806,0.124,23.36,9.23,18.82,28.04,22.3,14.88
747016,2024-06-30,2024,681297,L,571760,L,field_out,False,False,67.0,0.22,24.0,35.82,4.0,5.97,0.729,0.221,33.04,13.75,21.56,35.32,19.38,28.57,9.0,0.143,2.0,22.22,1.0,11.11,0.476,0.0,25.0,8.11,27.03,35.14,15.79,18.18,63.0,0.291,12.0,19.05,7.0,11.11,0.753,0.09100000000000003,15.89,6.88,17.81,24.7,22.5,14.63,128.0,0.276,26.0,20.31,22.0,17.19,0.806,0.124,23.36,9.23,18.82,28.04,22.3,14.88
747016,2024-06-30,2024,673995,R,608344,L,strikeout,True,False,33.0,0.125,4.0,12.12,1.0,3.03,0.43300000000000005,0.15600000000000003,22.58,12.73,13.64,26.36,31.11,12.9,,,,,,,,,,,,,,,256.0,0.304,40.0,15.62,13.0,5.08,0.8340000000000001,0.19,16.92,8.52,17.27,25.79,24.94,15.21,267.0,0.253,59.0,22.1,15.0,5.62,0.744,0.188,20.94,10.76,16.67,27.42,29.92,18.1
747016,2024-06-30,2024,543760,R,608344,L,walk,False,True,109.0,0.31,16.0,14.68,9.0,8.26,0.887,0.21000000000000002,17.62,8.27,14.36,22.63,22.9,16.33,210.0,0.283,33.0,15.71,20.0,9.52,0.8009999999999999,0.156,18.13,8.56,14.97,23.53,20.61,16.58,256.0,0.304,40.0,15.62,13.0,5.08,0.8340000000000001,0.19,16.92,8.52,17.27,25.79,24.94,15.21,267.0,0.253,59.0,22.1,15.0,5.62,0.744,0.188,20.94,10.76,16.67,27.42,29.92,18.1
747016,2024-06-30,2024,669701,L,608344,L,hit_by_pitch,False,False,80.0,0.304,21.0,26.25,6.0,7.5,0.8340000000000001,0.14500000000000002,26.24,12.59,16.67,29.25,26.52,22.58,33.0,0.12,9.0,27.27,6.0,18.18,0.6930000000000001,0.24,26.09,9.3,20.93,30.23,19.44,31.03,74.0,0.194,14.0,18.92,2.0,2.7,0.48,0.07,16.8,7.87,21.35,29.21,23.58,20.29,69.0,0.267,9.0,13.04,6.0,8.7,0.6950000000000001,0.066,20.35,9.47,17.7,27.16,33.33,13.64
747016,2024-06-30,2024,543257,R,608344,L,field_out,False,False,68.0,0.291,11.0,16.18,12.0,17.65,0.812,0.10900000000000004,19.05,6.94,22.92,29.86,19.59,12.94,137.0,0.309,32.0,23.36,23.0,16.79,0.952,0.227,18.93,6.53,22.61,29.15,11.97,17.49,256.0,0.304,40.0,15.62,13.0,5.08,0.8340000000000001,0.19,16.92,8.52,17.27,25.79,24.94,15.21,267.0,0.253,59.0,22.1,15.0,5.62,0.744,0.188,20.94,10.76,16.67,27.42,29.92,18.1
747016,2024-06-30,2024,666969,R,608344,L,field_out,False,False,105.0,0.228,28.0,26.67,9.0,8.57,0.708,0.18499999999999997,26.48,14.99,9.82,24.81,34.02,24.35,152.0,0.244,37.0,24.34,24.0,15.79,0.866,0.26,31.62,13.61,14.56,28.16,22.03,21.26,256.0,0.304,40.0,15.62,13.0,5.08,0.8340000000000001,0.19,16.92,8.52,17.27,25.79,24.94,15.21,267.0,0.253,59.0,22.1,15.0,5.62,0.744,0.188,20.94,10.76,16.67,27.42,29.92,18.1
747016,2024-06-30,2024,683002,L,571760,L,strikeout,True,False,116.0,0.272,30.0,25.86,20.0,17.24,0.9570000000000001,0.271,29.05,11.06,18.94,30.0,17.08,22.73,167.0,0.209,42.0,25.15,18.0,10.78,0.617,0.115,28.77,12.92,19.54,32.46,27.19,20.79,63.0,0.291,12.0,19.05,7.0,11.11,0.753,0.09100000000000003,15.89,6.88,17.81,24.7,22.5,14.63,128.0,0.276,26.0,20.31,22.0,17.19,0.806,0.124,23.36,9.23,18.82,28.04,22.3,14.88
747016,2024-06-30,2024,668939,R,571760,L,field_out,False,False,109.0,0.416,15.0,13.76,7.0,6.42,1.103,0.23700000000000004,18.58,7.82,22.3,30.11,24.88,13.16,191.0,0.304,21.0,10.99,31.0,16.23,0.895,0.177,12.46,4.9,20.56,25.46,20.79,8.71,275.0,0.251,63.0,22.91,15.0,5.45,0.729,0.18,28.47,14.9,14.25,29.14,33.76,18.58,514.0,0.246,125.0,24.32,38.0,7.39,0.762,0.202,27.12,13.67,13.77,27.44,32.52,19.0
747016,2024-06-30,2024,623993,R,571760,L,field_out,False,False,88.0,0.267,21.0,23.86,9.0,10.23,0.911,0.28,28.86,12.43,19.94,32.37,26.04,21.65,170.0,0.25,45.0,26.47,24.0,14.12,0.7909999999999999,0.188,28.15,11.77,18.98,30.75,26.34,19.31,275.0,0.251,63.0,22.91,15.0,5.45,0.729,0.18,28.47,14.9,14.25,29.14,33.76,18.58,514.0,0.246,125.0,24.32,38.0,7.39,0.762,0.202,27.12,13.67,13.77,27.44,32.52,19.0
747016,2024-06-30,2024,694671,R,608344,L,triple,False,False,59.0,0.245,15.0,25.42,8.0,13.56,0.8049999999999999,0.20400000000000001,25.49,10.04,20.08,30.12,22.96,17.86,,,,,,,,,,,,,,,256.0,0.304,40.0,15.62,13.0,5.08,0.8340000000000001,0.19,16.92,8.52,17.27,25.79,24.94,15.21,267.0,0.253,59.0,22.1,15.0,5.62,0.744,0.188,20.94,10.76,16.67,27.42,29.92,18.1
747016,2024-06-30,2024,663993,L,608344,L,single,False,False,80.0,0.29,20.0,25.0,10.0,12.5,0.752,0.08700000000000002,21.05,8.96,20.45,29.41,23.81,15.15,219.0,0.223,52.0,23.74,24.0,10.96,0.643,0.109,22.66,9.89,18.18,28.07,24.2,19.48,74.0,0.194,14.0,18.92,2.0,2.7,0.48,0.07,16.8,7.87,21.35,29.21,23.58,20.29,69.0,0.267,9.0,13.04,6.0,8.7,0.6950000000000001,0.066,20.35,9.47,17.7,27.16,33.33,13.64
747016,2024-06-30,2024,656537,R,608344,L,walk,False,True,11.0,0.3,2.0,18.18,1.0,9.09,0.964,0.3,22.22,11.43,20.0,31.43,38.89,18.18,13.0,0.231,3.0,23.08,0.0,0.0,0.539,0.0769999999999999,39.13,22.5,10.0,32.5,45.45,42.86,256.0,0.304,40.0,15.62,13.0,5.08,0.8340000000000001,0.19,16.92,8.52,17.27,25.79,24.94,15.21,267.0,0.253,59.0,22.1,15.0,5.62,0.744,0.188,20.94,10.76,16.67,27.42,29.92,18.1
747016,2024-06-30,2024,668800,R,608344,L,single,False,False,22.0,0.095,5.0,22.73,0.0,0.0,0.186,0.0,21.28,12.2,12.2,24.39,36.84,20.0,81.0,0.197,22.0,27.16,3.0,3.7,0.6719999999999999,0.237,28.21,16.0,13.45,29.45,40.88,27.16,256.0,0.304,40.0,15.62,13.0,5.08,0.8340000000000001,0.19,16.92,8.52,17.27,25.79,24.94,15.21,267.0,0.253,59.0,22.1,15.0,5.62,0.744,0.188,20.94,10.76,16.67,27.42,29.92,18.1
747016,2024-06-30,2024,673995,R,608344,L,field_out,False,False,33.0,0.125,4.0,12.12,1.0,3.03,0.43300000000000005,0.15600000000000003,22.58,12.73,13.64,26.36,31.11,12.9,,,,,,,,,,,,,,,256.0,0.304,40.0,15.62,13.0,5.08,0.8340000000000001,0.19,16.92,8.52,17.27,25.79,24.94,15.21,267.0,0.253,59.0,22.1,15.0,5.62,0.744,0.188,20.94,10.76,16.67,27.42,29.92,18.1
747016,2024-06-30,2024,543760,R,608344,L,fielders_choice_out,False,False,109.0,0.31,16.0,14.68,9.0,8.26,0.887,0.21000000000000002,17.62,8.27,14.36,22.63,22.9,16.33,210.0,0.283,33.0,15.71,20.0,9.52,0.8009999999999999,0.156,18.13,8.56,14.97,23.53,20.61,16.58,256.0,0.304,40.0,15.62,13.0,5.08,0.8340000000000001,0.19,16.92,8.52,17.27,25.79,24.94,15.21,267.0,0.253,59.0,22.1,15.0,5.62,0.744,0.188,20.94,10.76,16.67,27.42,29.92,18.1
747016,2024-06-30,2024,669701,L,608344,L,single,False,False,80.0,0.304,21.0,26.25,6.0,7.5,0.8340000000000001,0.14500000000000002,26.24,12.59,16.67,29.25,26.52,22.58,33.0,0.12,9.0,27.27,6.0,18.18,0.6930000000000001,0.24,26.09,9.3,20.93,30.23,19.44,31.03,74.0,0.194,14.0,18.92,2.0,2.7,0.48,0.07,16.8,7.87,21.35,29.21,23.58,20.29,69.0,0.267,9.0,13.04,6.0,8.7,0.6950000000000001,0.066,20.35,9.47,17.7,27.16,33.33,13.64
747016,2024-06-30,2024,543257,R,663989,L,field_out,False,False,68.0,0.291,11.0,16.18,12.0,17.65,0.812,0.10900000000000004,19.05,6.94,22.92,29.86,19.59,12.94,137.0,0.309,32.0,23.36,23.0,16.79,0.952,0.227,18.93,6.53,22.61,29.15,11.97,17.49,26.0,0.16,3.0,11.54,0.0,0.0,0.354,0.04000000000000001,21.57,13.1,13.1,26.19,42.5,15.0,40.0,0.342,5.0,12.5,1.0,2.5,1.007,0.29,19.72,9.79,18.88,28.67,35.38,12.82
747016,2024-06-30,2024,676059,R,571760,L,field_out,False,False,79.0,0.23,24.0,30.38,4.0,5.06,0.7010000000000001,0.20199999999999999,36.36,18.67,14.33,33.0,30.41,26.97,82.0,0.284,23.0,28.05,8.0,9.76,0.786,0.148,32.37,14.29,17.14,31.43,25.99,24.21,275.0,0.251,63.0,22.91,15.0,5.45,0.729,0.18,28.47,14.9,14.25,29.14,33.76,18.58,514.0,0.246,125.0,24.32,38.0,7.39,0.762,0.202,27.12,13.67,13.77,27.44,32.52,19.0
747016,2024-06-30,2024,669720,R,571760,L,hit_by_pitch,False,False,51.0,0.333,18.0,35.29,3.0,5.88,0.831,0.125,37.36,18.38,16.22,34.59,35.71,41.86,167.0,0.262,37.0,22.16,16.0,9.58,0.785,0.194,26.6,11.87,17.25,29.11,29.39,20.9,275.0,0.251,63.0,22.91,15.0,5.45,0.729,0.18,28.47,14.9,14.25,29.14,33.76,18.58,514.0,0.246,125.0,24.32,38.0,7.39,0.762,0.202,27.12,13.67,13.77,27.44,32.52,19.0
747016,2024-06-30,2024,656811,L,571760,L,single,False,False,15.0,0.133,1.0,6.67,0.0,0.0,0.266,0.0,31.03,18.0,20.0,38.0,50.0,8.33,29.0,0.192,8.0,27.59,2.0,6.9,0.788,0.346,34.43,16.41,14.84,31.25,27.94,16.0,63.0,0.291,12.0,19.05,7.0,11.11,0.753,0.09100000000000003,15.89,6.88,17.81,24.7,22.5,14.63,128.0,0.276,26.0,20.31,22.0,17.19,0.806,0.124,23.36,9.23,18.82,28.04,22.3,14.88
747016,2024-06-30,2024,622761,R,571760,L,strikeout,True,False,71.0,0.262,18.0,25.35,5.0,7.04,0.8620000000000001,0.276,20.57,10.25,15.9,26.15,31.51,18.95,138.0,0.276,23.0,16.67,9.0,6.52,0.745,0.1409999999999999,24.81,12.67,15.88,28.54,31.42,15.23,275.0,0.251,63.0,22.91,15.0,5.45,0.729,0.18,28.47,14.9,14.25,29.14,33.76,18.58,514.0,0.246,125.0,24.32,38.0,7.39,0.762,0.202,27.12,13.67,13.77,27.44,32.52,19.0
747016,2024-06-30,2024,677008,L,571760,L,double,False,False,,,,,,,,,,,,,,,1.0,0.0,0.0,0.0,0.0,0.0,0.0,0.0,0.0,0.0,66.67,66.67,,0.0,63.0,0.291,12.0,19.05,7.0,11.11,0.753,0.09100000000000003,15.89,6.88,17.81,24.7,22.5,14.63,128.0,0.276,26.0,20.31,22.0,17.19,0.806,0.124,23.36,9.23,18.82,28.04,22.3,14.88
747016,2024-06-30,2024,681297,L,571760,L,field_out,False,False,67.0,0.22,24.0,35.82,4.0,5.97,0.729,0.221,33.04,13.75,21.56,35.32,19.38,28.57,9.0,0.143,2.0,22.22,1.0,11.11,0.476,0.0,25.0,8.11,27.03,35.14,15.79,18.18,63.0,0.291,12.0,19.05,7.0,11.11,0.753,0.09100000000000003,15.89,6.88,17.81,24.7,22.5,14.63,128.0,0.276,26.0,20.31,22.0,17.19,0.806,0.124,23.36,9.23,18.82,28.04,22.3,14.88
747016,2024-06-30,2024,666969,R,663989,L,double,False,False,105.0,0.228,28.0,26.67,9.0,8.57,0.708,0.18499999999999997,26.48,14.99,9.82,24.81,34.02,24.35,152.0,0.244,37.0,24.34,24.0,15.79,0.866,0.26,31.62,13.61,14.56,28.16,22.03,21.26,26.0,0.16,3.0,11.54,0.0,0.0,0.354,0.04000000000000001,21.57,13.1,13.1,26.19,42.5,15.0,40.0,0.342,5.0,12.5,1.0,2.5,1.007,0.29,19.72,9.79,18.88,28.67,35.38,12.82
747016,2024-06-30,2024,694671,R,663989,L,double,False,False,59.0,0.245,15.0,25.42,8.0,13.56,0.8049999999999999,0.20400000000000001,25.49,10.04,20.08,30.12,22.96,17.86,,,,,,,,,,,,,,,26.0,0.16,3.0,11.54,0.0,0.0,0.354,0.04000000000000001,21.57,13.1,13.1,26.19,42.5,15.0,40.0,0.342,5.0,12.5,1.0,2.5,1.007,0.29,19.72,9.79,18.88,28.67,35.38,12.82
747016,2024-06-30,2024,663993,L,663989,L,single,False,False,80.0,0.29,20.0,25.0,10.0,12.5,0.752,0.08700000000000002,21.05,8.96,20.45,29.41,23.81,15.15,219.0,0.223,52.0,23.74,24.0,10.96,0.643,0.109,22.66,9.89,18.18,28.07,24.2,19.48,10.0,0.111,3.0,30.0,1.0,10.0,0.311,0.0,29.41,12.82,17.95,30.77,36.36,25.0,19.0,0.167,4.0,21.05,1.0,5.26,0.433,0.0549999999999999,19.35,9.52,9.52,19.05,22.58,50.0
747016,2024-06-30,2024,656537,R,663989,L,home_run,False,False,11.0,0.3,2.0,18.18,1.0,9.09,0.964,0.3,22.22,11.43,20.0,31.43,38.89,18.18,13.0,0.231,3.0,23.08,0.0,0.0,0.539,0.0769999999999999,39.13,22.5,10.0,32.5,45.45,42.86,26.0,0.16,3.0,11.54,0.0,0.0,0.354,0.04000000000000001,21.57,13.1,13.1,26.19,42.5,15.0,40.0,0.342,5.0,12.5,1.0,2.5,1.007,0.29,19.72,9.79,18.88,28.67,35.38,12.82
747016,2024-06-30,2024,668800,R,663989,L,double,False,False,22.0,0.095,5.0,22.73,0.0,0.0,0.186,0.0,21.28,12.2,12.2,24.39,36.84,20.0,81.0,0.197,22.0,27.16,3.0,3.7,0.6719999999999999,0.237,28.21,16.0,13.45,29.45,40.88,27.16,26.0,0.16,3.0,11.54,0.0,0.0,0.354,0.04000000000000001,21.57,13.1,13.1,26.19,42.5,15.0,40.0,0.342,5.0,12.5,1.0,2.5,1.007,0.29,19.72,9.79,18.88,28.67,35.38,12.82
747016,2024-06-30,2024,673995,R,663989,L,strikeout,True,False,33.0,0.125,4.0,12.12,1.0,3.03,0.43300000000000005,0.15600000000000003,22.58,12.73,13.64,26.36,31.11,12.9,,,,,,,,,,,,,,,26.0,0.16,3.0,11.54,0.0,0.0,0.354,0.04000000000000001,21.57,13.1,13.1,26.19,42.5,15.0,40.0,0.342,5.0,12.5,1.0,2.5,1.007,0.29,19.72,9.79,18.88,28.67,35.38,12.82
747016,2024-06-30,2024,543760,R,663989,L,walk,False,True,109.0,0.31,16.0,14.68,9.0,8.26,0.887,0.21000000000000002,17.62,8.27,14.36,22.63,22.9,16.33,210.0,0.283,33.0,15.71,20.0,9.52,0.8009999999999999,0.156,18.13,8.56,14.97,23.53,20.61,16.58,26.0,0.16,3.0,11.54,0.0,0.0,0.354,0.04000000000000001,21.57,13.1,13.1,26.19,42.5,15.0,40.0,0.342,5.0,12.5,1.0,2.5,1.007,0.29,19.72,9.79,18.88,28.67,35.38,12.82
747016,2024-06-30,2024,669701,L,663989,L,field_out,False,False,80.0,0.304,21.0,26.25,6.0,7.5,0.8340000000000001,0.14500000000000002,26.24,12.59,16.67,29.25,26.52,22.58,33.0,0.12,9.0,27.27,6.0,18.18,0.6930000000000001,0.24,26.09,9.3,20.93,30.23,19.44,31.03,10.0,0.111,3.0,30.0,1.0,10.0,0.311,0.0,29.41,12.82,17.95,30.77,36.36,25.0,19.0,0.167,4.0,21.05,1.0,5.26,0.433,0.0549999999999999,19.35,9.52,9.52,19.05,22.58,50.0
747016,2024-06-30,2024,683002,L,571760,L,strikeout,True,False,116.0,0.272,30.0,25.86,20.0,17.24,0.9570000000000001,0.271,29.05,11.06,18.94,30.0,17.08,22.73,167.0,0.209,42.0,25.15,18.0,10.78,0.617,0.115,28.77,12.92,19.54,32.46,27.19,20.79,63.0,0.291,12.0,19.05,7.0,11.11,0.753,0.09100000000000003,15.89,6.88,17.81,24.7,22.5,14.63,128.0,0.276,26.0,20.31,22.0,17.19,0.806,0.124,23.36,9.23,18.82,28.04,22.3,14.88
747016,2024-06-30,2024,668939,R,571760,L,field_out,False,False,109.0,0.416,15.0,13.76,7.0,6.42,1.103,0.23700000000000004,18.58,7.82,22.3,30.11,24.88,13.16,191.0,0.304,21.0,10.99,31.0,16.23,0.895,0.177,12.46,4.9,20.56,25.46,20.79,8.71,275.0,0.251,63.0,22.91,15.0,5.45,0.729,0.18,28.47,14.9,14.25,29.14,33.76,18.58,514.0,0.246,125.0,24.32,38.0,7.39,0.762,0.202,27.12,13.67,13.77,27.44,32.52,19.0
747016,2024-06-30,2024,623993,R,571760,L,strikeout,True,False,88.0,0.267,21.0,23.86,9.0,10.23,0.911,0.28,28.86,12.43,19.94,32.37,26.04,21.65,170.0,0.25,45.0,26.47,24.0,14.12,0.7909999999999999,0.188,28.15,11.77,18.98,30.75,26.34,19.31,275.0,0.251,63.0,22.91,15.0,5.45,0.729,0.18,28.47,14.9,14.25,29.14,33.76,18.58,514.0,0.246,125.0,24.32,38.0,7.39,0.762,0.202,27.12,13.67,13.77,27.44,32.52,19.0
747016,2024-06-30,2024,543257,L,622253,R,field_out,False,False,84.0,0.167,20.0,23.81,11.0,13.1,0.482,0.04099999999999998,20.14,7.65,19.67,27.32,15.64,19.05,283.0,0.206,66.0,23.32,34.0,12.01,0.633,0.123,20.58,8.17,20.25,28.42,17.66,20.62,35.0,0.233,3.0,8.57,4.0,11.43,0.714,0.167,16.36,7.44,12.4,19.83,28.36,16.67,,,,,,,,,,,,,,
747016,2024-06-30,2024,666969,R,622253,R,strikeout,True,False,223.0,0.216,59.0,26.46,15.0,6.73,0.7,0.21,35.73,18.29,12.0,30.29,33.47,25.88,480.0,0.245,138.0,28.75,41.0,8.54,0.8260000000000001,0.264,31.65,15.93,13.92,29.85,32.02,21.97,81.0,0.257,16.0,19.75,5.0,6.17,0.618,0.03999999999999998,18.52,8.17,19.61,27.78,27.59,17.58,,,,,,,,,,,,,,
747016,2024-06-30,2024,694671,R,622253,R,single,False,False,181.0,0.249,32.0,17.68,11.0,6.08,0.623,0.07600000000000001,19.94,8.84,18.91,27.76,23.87,13.85,,,,,,,,,,,,,,,81.0,0.257,16.0,19.75,5.0,6.17,0.618,0.03999999999999998,18.52,8.17,19.61,27.78,27.59,17.58,,,,,,,,,,,,,,
747016,2024-06-30,2024,663993,L,622253,R,field_out,False,False,167.0,0.248,31.0,18.56,19.0,11.38,0.7010000000000001,0.118,15.75,6.74,17.74,24.49,25.98,15.35,505.0,0.279,113.0,22.38,69.0,13.66,0.833,0.172,19.81,8.64,15.62,24.26,19.45,16.87,35.0,0.233,3.0,8.57,4.0,11.43,0.714,0.167,16.36,7.44,12.4,19.83,28.36,16.67,,,,,,,,,,,,,,
747016,2024-06-30,2024,676059,R,571760,L,strikeout,True,False,79.0,0.23,24.0,30.38,4.0,5.06,0.7010000000000001,0.20199999999999999,36.36,18.67,14.33,33.0,30.41,26.97,82.0,0.284,23.0,28.05,8.0,9.76,0.786,0.148,32.37,14.29,17.14,31.43,25.99,24.21,275.0,0.251,63.0,22.91,15.0,5.45,0.729,0.18,28.47,14.9,14.25,29.14,33.76,18.58,514.0,0.246,125.0,24.32,38.0,7.39,0.762,0.202,27.12,13.67,13.77,27.44,32.52,19.0
747016,2024-06-30,2024,669720,R,571760,L,field_out,False,False,51.0,0.333,18.0,35.29,3.0,5.88,0.831,0.125,37.36,18.38,16.22,34.59,35.71,41.86,167.0,0.262,37.0,22.16,16.0,9.58,0.785,0.194,26.6,11.87,17.25,29.11,29.39,20.9,275.0,0.251,63.0,22.91,15.0,5.45,0.729,0.18,28.47,14.9,14.25,29.14,33.76,18.58,514.0,0.246,125.0,24.32,38.0,7.39,0.762,0.202,27.12,13.67,13.77,27.44,32.52,19.0
747016,2024-06-30,2024,656811,L,571760,L,single,False,False,15.0,0.133,1.0,6.67,0.0,0.0,0.266,0.0,31.03,18.0,20.0,38.0,50.0,8.33,29.0,0.192,8.0,27.59,2.0,6.9,0.788,0.346,34.43,16.41,14.84,31.25,27.94,16.0,63.0,0.291,12.0,19.05,7.0,11.11,0.753,0.09100000000000003,15.89,6.88,17.81,24.7,22.5,14.63,128.0,0.276,26.0,20.31,22.0,17.19,0.806,0.124,23.36,9.23,18.82,28.04,22.3,14.88
747016,2024-06-30,2024,622761,R,571760,L,field_out,False,False,71.0,0.262,18.0,25.35,5.0,7.04,0.8620000000000001,0.276,20.57,10.25,15.9,26.15,31.51,18.95,138.0,0.276,23.0,16.67,9.0,6.52,0.745,0.1409999999999999,24.81,12.67,15.88,28.54,31.42,15.23,275.0,0.251,63.0,22.91,15.0,5.45,0.729,0.18,28.47,14.9,14.25,29.14,33.76,18.58,514.0,0.246,125.0,24.32,38.0,7.39,0.762,0.202,27.12,13.67,13.77,27.44,32.52,19.0
747016,2024-06-30,2024,656537,R,622253,R,field_out,False,False,9.0,0.222,4.0,44.44,0.0,0.0,0.444,0.0,45.45,31.25,9.38,40.62,41.67,30.77,37.0,0.147,8.0,21.62,3.0,8.11,0.363,0.0,20.9,9.27,15.89,25.17,26.58,20.0,81.0,0.257,16.0,19.75,5.0,6.17,0.618,0.03999999999999998,18.52,8.17,19.61,27.78,27.59,17.58,,,,,,,,,,,,,,
747016,2024-06-30,2024,668800,R,622253,R,hit_by_pitch,False,False,44.0,0.14,11.0,25.0,1.0,2.27,0.368,0.06899999999999998,27.47,14.12,19.21,33.33,41.58,17.19,161.0,0.264,40.0,24.84,9.0,5.59,0.731,0.1549999999999999,26.76,14.36,14.36,28.73,35.04,24.84,81.0,0.257,16.0,19.75,5.0,6.17,0.618,0.03999999999999998,18.52,8.17,19.61,27.78,27.59,17.58,,,,,,,,,,,,,,
747016,2024-06-30,2024,673995,R,622253,R,hit_by_pitch,False,False,11.0,0.182,5.0,45.45,0.0,0.0,0.364,0.0,33.33,12.2,29.27,41.46,17.65,38.46,,,,,,,,,,,,,,,81.0,0.257,16.0,19.75,5.0,6.17,0.618,0.03999999999999998,18.52,8.17,19.61,27.78,27.59,17.58,,,,,,,,,,,,,,
747016,2024-06-30,2024,543760,R,622253,R,field_out,False,False,259.0,0.207,34.0,13.13,20.0,7.72,0.603,0.12600000000000003,20.04,10.44,13.11,23.56,25.89,14.29,544.0,0.273,77.0,14.15,52.0,9.56,0.8360000000000001,0.2199999999999999,18.01,8.45,14.48,22.93,21.97,13.9,81.0,0.257,16.0,19.75,5.0,6.17,0.618,0.03999999999999998,18.52,8.17,19.61,27.78,27.59,17.58,,,,,,,,,,,,,,
747016,2024-06-30,2024,669701,L,622253,R,field_out,False,False,210.0,0.282,33.0,15.71,20.0,9.52,0.8340000000000001,0.17100000000000004,19.22,9.04,17.58,26.62,24.69,12.45,200.0,0.194,46.0,23.0,19.0,9.5,0.623,0.13,20.71,8.96,19.58,28.54,22.65,15.97,35.0,0.233,3.0,8.57,4.0,11.43,0.714,0.167,16.36,7.44,12.4,19.83,28.36,16.67,,,,,,,,,,,,,,
747016,2024-06-30,2024,677008,L,571760,L,strikeout,True,False,,,,,,,,,,,,,,,1.0,0.0,0.0,0.0,0.0,0.0,0.0,0.0,0.0,0.0,66.67,66.67,,0.0,63.0,0.291,12.0,19.05,7.0,11.11,0.753,0.09100000000000003,15.89,6.88,17.81,24.7,22.5,14.63,128.0,0.276,26.0,20.31,22.0,17.19,0.806,0.124,23.36,9.23,18.82,28.04,22.3,14.88
747016,2024-06-30,2024,681297,L,571760,L,strikeout,True,False,67.0,0.22,24.0,35.82,4.0,5.97,0.729,0.221,33.04,13.75,21.56,35.32,19.38,28.57,9.0,0.143,2.0,22.22,1.0,11.11,0.476,0.0,25.0,8.11,27.03,35.14,15.79,18.18,63.0,0.291,12.0,19.05,7.0,11.11,0.753,0.09100000000000003,15.89,6.88,17.81,24.7,22.5,14.63,128.0,0.276,26.0,20.31,22.0,17.19,0.806,0.124,23.36,9.23,18.82,28.04,22.3,14.88
747016,2024-06-30,2024,683002,L,571760,L,strikeout,True,False,116.0,0.272,30.0,25.86,20.0,17.24,0.9570000000000001,0.271,29.05,11.06,18.94,30.0,17.08,22.73,167.0,0.209,42.0,25.15,18.0,10.78,0.617,0.115,28.77,12.92,19.54,32.46,27.19,20.79,63.0,0.291,12.0,19.05,7.0,11.11,0.753,0.09100000000000003,15.89,6.88,17.81,24.7,22.5,14.63,128.0,0.276,26.0,20.31,22.0,17.19,0.806,0.124,23.36,9.23,18.82,28.04,22.3,14.88
747016,2024-06-30,2024,543257,R,640454,L,field_error,False,False,68.0,0.291,11.0,16.18,12.0,17.65,0.812,0.10900000000000004,19.05,6.94,22.92,29.86,19.59,12.94,137.0,0.309,32.0,23.36,23.0,16.79,0.952,0.227,18.93,6.53,22.61,29.15,11.97,17.49,,,,,,,,,,,,,,,16.0,0.462,1.0,6.25,2.0,12.5,1.269,0.307,24.24,12.12,15.15,27.27,31.43,5.26
747016,2024-06-30,2024,666969,R,640454,L,walk,False,True,105.0,0.228,28.0,26.67,9.0,8.57,0.708,0.18499999999999997,26.48,14.99,9.82,24.81,34.02,24.35,152.0,0.244,37.0,24.34,24.0,15.79,0.866,0.26,31.62,13.61,14.56,28.16,22.03,21.26,,,,,,,,,,,,,,,16.0,0.462,1.0,6.25,2.0,12.5,1.269,0.307,24.24,12.12,15.15,27.27,31.43,5.26
747016,2024-06-30,2024,694671,R,640454,L,home_run,False,False,59.0,0.245,15.0,25.42,8.0,13.56,0.8049999999999999,0.20400000000000001,25.49,10.04,20.08,30.12,22.96,17.86,,,,,,,,,,,,,,,,,,,,,,,,,,,,,16.0,0.462,1.0,6.25,2.0,12.5,1.269,0.307,24.24,12.12,15.15,27.27,31.43,5.26
747016,2024-06-30,2024,663993,L,640454,L,strikeout,True,False,80.0,0.29,20.0,25.0,10.0,12.5,0.752,0.08700000000000002,21.05,8.96,20.45,29.41,23.81,15.15,219.0,0.223,52.0,23.74,24.0,10.96,0.643,0.109,22.66,9.89,18.18,28.07,24.2,19.48,,,,,,,,,,,,,,,11.0,0.286,2.0,18.18,4.0,36.36,0.831,0.0,30.0,7.32,24.39,31.71,19.23,28.57
747016,2024-06-30,2024,656537,R,640454,L,field_out,False,False,11.0,0.3,2.0,18.18,1.0,9.09,0.964,0.3,22.22,11.43,20.0,31.43,38.89,18.18,13.0,0.231,3.0,23.08,0.0,0.0,0.539,0.0769999999999999,39.13,22.5,10.0,32.5,45.45,42.86,,,,,,,,,,,,,,,16.0,0.462,1.0,6.25,2.0,12.5,1.269,0.307,24.24,12.12,15.15,27.27,31.43,5.26
747016,2024-06-30,2024,668800,R,640454,L,strikeout,True,False,22.0,0.095,5.0,22.73,0.0,0.0,0.186,0.0,21.28,12.2,12.2,24.39,36.84,20.0,81.0,0.197,22.0,27.16,3.0,3.7,0.6719999999999999,0.237,28.21,16.0,13.45,29.45,40.88,27.16,,,,,,,,,,,,,,,16.0,0.462,1.0,6.25,2.0,12.5,1.269,0.307,24.24,12.12,15.15,27.27,31.43,5.26
747016,2024-06-30,2024,668939,L,570632,R,field_out,False,False,244.0,0.243,49.0,20.08,22.0,9.02,0.7050000000000001,0.15100000000000002,20.52,9.46,19.72,29.18,32.06,16.12,496.0,0.267,80.0,16.13,61.0,12.3,0.778,0.1519999999999999,16.76,6.91,19.7,26.61,24.41,12.54,106.0,0.204,20.0,18.87,6.0,5.66,0.5720000000000001,0.12300000000000003,26.4,12.65,14.11,26.76,32.64,19.61,115.0,0.304,15.0,13.04,11.0,9.57,0.927,0.255,20.1,9.48,13.51,22.99,30.2,13.51
747016,2024-06-30,2024,623993,L,570632,R,field_out,False,False,242.0,0.222,39.0,16.12,16.0,6.61,0.779,0.276,16.89,9.05,13.32,22.37,39.16,12.96,486.0,0.26,107.0,22.02,31.0,6.38,0.798,0.2229999999999999,22.13,11.37,14.84,26.21,37.22,15.21,106.0,0.204,20.0,18.87,6.0,5.66,0.5720000000000001,0.12300000000000003,26.4,12.65,14.11,26.76,32.64,19.61,115.0,0.304,15.0,13.04,11.0,9.57,0.927,0.255,20.1,9.48,13.51,22.99,30.2,13.51
747016,2024-06-30,2024,676059,R,570632,R,strikeout,True,False,237.0,0.304,45.0,18.99,13.0,5.49,0.898,0.23500000000000004,27.03,13.95,14.74,28.68,31.5,15.94,146.0,0.246,33.0,22.6,8.0,5.48,0.6779999999999999,0.142,22.97,11.73,16.25,27.98,29.59,19.76,144.0,0.231,22.0,15.28,13.0,9.03,0.683,0.146,22.86,9.89,16.43,26.33,24.09,13.64,90.0,0.257,14.0,15.56,11.0,12.22,1.001,0.392,23.78,11.17,16.62,27.79,29.95,13.59
747016,2024-06-30,2024,673995,R,669211,L,strikeout,True,False,33.0,0.125,4.0,12.12,1.0,3.03,0.43300000000000005,0.15600000000000003,22.58,12.73,13.64,26.36,31.11,12.9,,,,,,,,,,,,,,,91.0,0.175,25.0,27.47,7.0,7.69,0.544,0.125,31.45,14.2,19.03,33.24,25.0,25.0,67.0,0.345,18.0,26.87,7.0,10.45,0.857,0.103,25.5,12.88,15.93,28.81,31.58,16.98
747016,2024-06-30,2024,543760,R,669211,L,field_out,False,False,109.0,0.31,16.0,14.68,9.0,8.26,0.887,0.21000000000000002,17.62,8.27,14.36,22.63,22.9,16.33,210.0,0.283,33.0,15.71,20.0,9.52,0.8009999999999999,0.156,18.13,8.56,14.97,23.53,20.61,16.58,91.0,0.175,25.0,27.47,7.0,7.69,0.544,0.125,31.45,14.2,19.03,33.24,25.0,25.0,67.0,0.345,18.0,26.87,7.0,10.45,0.857,0.103,25.5,12.88,15.93,28.81,31.58,16.98
747016,2024-06-30,2024,669701,L,669211,L,single,False,False,80.0,0.304,21.0,26.25,6.0,7.5,0.8340000000000001,0.14500000000000002,26.24,12.59,16.67,29.25,26.52,22.58,33.0,0.12,9.0,27.27,6.0,18.18,0.6930000000000001,0.24,26.09,9.3,20.93,30.23,19.44,31.03,74.0,0.194,20.0,27.03,6.0,8.11,0.618,0.16399999999999998,25.0,10.51,20.0,30.51,19.4,24.69,46.0,0.326,9.0,19.57,0.0,0.0,0.869,0.217,24.44,13.33,19.39,32.73,38.36,19.15
747016,2024-06-30,2024,543257,R,669211,L,strikeout,True,False,68.0,0.291,11.0,16.18,12.0,17.65,0.812,0.10900000000000004,19.05,6.94,22.92,29.86,19.59,12.94,137.0,0.309,32.0,23.36,23.0,16.79,0.952,0.227,18.93,6.53,22.61,29.15,11.97,17.49,91.0,0.175,25.0,27.47,7.0,7.69,0.544,0.125,31.45,14.2,19.03,33.24,25.0,25.0,67.0,0.345,18.0,26.87,7.0,10.45,0.857,0.103,25.5,12.88,15.93,28.81,31.58,16.98
747016,2024-06-30,2024,669720,R,570632,R,single,False,False,81.0,0.181,14.0,17.28,4.0,4.94,0.5920000000000001,0.15200000000000002,24.26,13.04,13.04,26.09,28.81,24.56,399.0,0.28,104.0,26.07,22.0,5.51,0.762,0.1589999999999999,29.22,13.77,18.52,32.29,31.55,22.92,144.0,0.231,22.0,15.28,13.0,9.03,0.683,0.146,22.86,9.89,16.43,26.33,24.09,13.64,90.0,0.257,14.0,15.56,11.0,12.22,1.001,0.392,23.78,11.17,16.62,27.79,29.95,13.59
747016,2024-06-30,2024,656811,L,570632,R,field_out,False,False,232.0,0.287,24.0,10.34,22.0,9.48,0.831,0.191,17.99,8.06,16.69,24.74,23.45,11.48,340.0,0.297,74.0,21.76,13.0,3.82,0.802,0.178,22.26,11.29,14.37,25.66,31.15,17.72,106.0,0.204,20.0,18.87,6.0,5.66,0.5720000000000001,0.12300000000000003,26.4,12.65,14.11,26.76,32.64,19.61,115.0,0.304,15.0,13.04,11.0,9.57,0.927,0.255,20.1,9.48,13.51,22.99,30.2,13.51
747016,2024-06-30,2024,622761,R,570632,R,field_out,False,False,102.0,0.228,22.0,21.57,4.0,3.92,0.633,0.152,24.53,12.71,15.89,28.61,33.0,16.94,214.0,0.178,59.0,27.57,13.0,6.07,0.515,0.1099999999999999,30.51,15.04,17.45,32.49,35.45,26.94,144.0,0.231,22.0,15.28,13.0,9.03,0.683,0.146,22.86,9.89,16.43,26.33,24.09,13.64,90.0,0.257,14.0,15.56,11.0,12.22,1.001,0.392,23.78,11.17,16.62,27.79,29.95,13.59
747016,2024-06-30,2024,677008,L,570632,R,single,False,False,33.0,0.269,8.0,24.24,5.0,15.15,0.962,0.269,31.08,16.31,12.06,28.37,31.43,18.6,32.0,0.241,10.0,31.25,2.0,6.25,0.7729999999999999,0.242,36.84,17.36,19.01,36.36,35.94,29.41,106.0,0.204,20.0,18.87,6.0,5.66,0.5720000000000001,0.12300000000000003,26.4,12.65,14.11,26.76,32.64,19.61,115.0,0.304,15.0,13.04,11.0,9.57,0.927,0.255,20.1,9.48,13.51,22.99,30.2,13.51
747016,2024-06-30,2024,681297,L,570632,R,strikeout,True,False,196.0,0.229,51.0,26.02,20.0,10.2,0.776,0.224,30.83,13.89,16.52,30.41,24.1,23.5,68.0,0.111,20.0,29.41,12.0,17.65,0.427,0.0369999999999999,26.67,10.98,17.07,28.05,21.51,17.7,106.0,0.204,20.0,18.87,6.0,5.66,0.5720000000000001,0.12300000000000003,26.4,12.65,14.11,26.76,32.64,19.61,115.0,0.304,15.0,13.04,11.0,9.57,0.927,0.255,20.1,9.48,13.51,22.99,30.2,13.51
745243,2024-06-30,2024,650489,L,622491,R,single,False,False,247.0,0.235,59.0,23.89,22.0,8.91,0.73,0.15900000000000003,28.07,13.76,14.86,28.61,29.56,18.91,280.0,0.266,73.0,26.07,23.0,8.21,0.8029999999999999,0.189,28.16,14.39,15.31,29.7,34.97,21.1,198.0,0.279,36.0,18.18,16.0,8.08,0.845,0.22399999999999998,18.97,9.55,14.97,24.52,29.97,13.48,431.0,0.229,117.0,27.15,36.0,8.35,0.741,0.217,30.72,16.0,13.84,29.84,29.45,19.4
745243,2024-06-30,2024,669304,R,622491,R,field_out,False,False,161.0,0.317,22.0,13.66,11.0,6.83,0.914,0.22800000000000004,21.86,10.41,16.72,27.13,32.04,15.71,120.0,0.207,18.0,15.0,8.0,6.67,0.5640000000000001,0.09,23.72,11.83,13.69,25.52,32.37,15.04,217.0,0.207,64.0,29.49,14.0,6.45,0.608,0.141,32.67,16.67,15.08,31.75,33.76,21.95,373.0,0.205,102.0,27.35,20.0,5.36,0.591,0.132,30.45,15.84,15.15,30.98,33.29,22.7
745243,2024-06-30,2024,663616,L,622491,R,single,False,False,171.0,0.25,30.0,17.54,13.0,7.6,0.733,0.179,25.16,11.86,17.41,29.28,27.27,15.68,189.0,0.228,60.0,31.75,25.0,13.23,0.766,0.21,36.25,14.96,16.71,31.67,22.55,25.75,198.0,0.279,36.0,18.18,16.0,8.08,0.845,0.22399999999999998,18.97,9.55,14.97,24.52,29.97,13.48,431.0,0.229,117.0,27.15,36.0,8.35,0.741,0.217,30.72,16.0,13.84,29.84,29.45,19.4
745243,2024-06-30,2024,668904,R,622491,R,field_out,False,False,66.0,0.262,13.0,19.7,5.0,7.58,1.023,0.44299999999999995,29.51,14.23,13.44,27.67,29.08,18.06,183.0,0.307,43.0,23.5,15.0,8.2,0.962,0.283,27.16,12.8,18.57,31.36,28.0,20.98,217.0,0.207,64.0,29.49,14.0,6.45,0.608,0.141,32.67,16.67,15.08,31.75,33.76,21.95,373.0,0.205,102.0,27.35,20.0,5.36,0.591,0.132,30.45,15.84,15.15,30.98,33.29,22.7
745243,2024-06-30,2024,467793,L,622491,R,field_out,False,False,223.0,0.239,34.0,15.25,23.0,10.31,0.728,0.16200000000000003,23.12,10.01,16.87,26.88,23.84,13.6,460.0,0.231,83.0,18.04,45.0,9.78,0.727,0.1899999999999999,23.76,11.0,14.32,25.31,24.63,16.21,198.0,0.279,36.0,18.18,16.0,8.08,0.845,0.22399999999999998,18.97,9.55,14.97,24.52,29.97,13.48,431.0,0.229,117.0,27.15,36.0,8.35,0.741,0.217,30.72,16.0,13.84,29.84,29.45,19.4
745243,2024-06-30,2024,641487,L,657746,R,single,False,False,185.0,0.177,45.0,24.32,25.0,13.51,0.615,0.14600000000000002,19.16,7.79,20.07,27.86,18.47,17.05,446.0,0.266,84.0,18.83,67.0,15.02,0.845,0.197,18.19,6.93,19.49,26.42,17.9,17.39,188.0,0.2,46.0,24.47,7.0,3.72,0.595,0.16099999999999998,24.6,13.03,16.29,29.32,31.83,19.57,315.0,0.222,80.0,25.4,20.0,6.35,0.64,0.1389999999999999,22.74,12.88,14.0,26.88,32.64,17.86
745243,2024-06-30,2024,668942,L,657746,R,strikeout,True,False,227.0,0.273,38.0,16.74,19.0,8.37,0.753,0.14199999999999996,17.56,8.17,17.21,25.38,21.56,13.24,299.0,0.249,64.0,21.4,22.0,7.36,0.6559999999999999,0.1019999999999999,22.77,10.13,19.65,29.78,25.55,19.69,188.0,0.2,46.0,24.47,7.0,3.72,0.595,0.16099999999999998,24.6,13.03,16.29,29.32,31.83,19.57,315.0,0.222,80.0,25.4,20.0,6.35,0.64,0.1389999999999999,22.74,12.88,14.0,26.88,32.64,17.86
745243,2024-06-30,2024,677594,R,657746,R,single,False,False,260.0,0.235,72.0,27.69,16.0,6.15,0.594,0.07400000000000001,31.03,16.62,11.87,28.49,37.73,19.67,545.0,0.267,127.0,23.3,35.0,6.42,0.8109999999999999,0.2169999999999999,27.93,14.91,13.12,28.03,38.34,22.84,196.0,0.231,54.0,27.55,8.0,4.08,0.692,0.19899999999999998,27.37,13.68,16.75,30.43,29.25,21.43,357.0,0.269,117.0,32.77,14.0,3.92,0.8300000000000001,0.261,30.56,16.38,13.59,29.97,33.29,22.75
745243,2024-06-30,2024,663728,L,657746,R,strikeout,True,False,225.0,0.227,74.0,32.89,25.0,11.11,0.7150000000000001,0.17700000000000002,28.93,14.36,13.95,28.31,30.42,21.35,462.0,0.235,126.0,27.27,47.0,10.17,0.7909999999999999,0.241,29.58,14.2,14.09,28.29,30.53,21.36,188.0,0.2,46.0,24.47,7.0,3.72,0.595,0.16099999999999998,24.6,13.03,16.29,29.32,31.83,19.57,315.0,0.222,80.0,25.4,20.0,6.35,0.64,0.1389999999999999,22.74,12.88,14.0,26.88,32.64,17.86
745243,2024-06-30,2024,670042,L,657746,R,strikeout,True,False,182.0,0.259,58.0,31.87,6.0,3.3,0.763,0.2,35.25,19.08,11.83,30.92,29.32,30.53,363.0,0.247,112.0,30.85,26.0,7.16,0.8340000000000001,0.25,38.6,19.83,11.57,31.39,31.1,26.79,188.0,0.2,46.0,24.47,7.0,3.72,0.595,0.16099999999999998,24.6,13.03,16.29,29.32,31.83,19.57,315.0,0.222,80.0,25.4,20.0,6.35,0.64,0.1389999999999999,22.74,12.88,14.0,26.88,32.64,17.86
745243,2024-06-30,2024,621439,R,622491,R,field_out,False,False,165.0,0.252,45.0,27.27,6.0,3.64,0.74,0.185,33.24,17.98,12.15,30.13,35.24,21.13,257.0,0.217,80.0,31.13,26.0,10.12,0.767,0.243,29.69,15.03,12.96,27.99,29.53,25.0,217.0,0.207,64.0,29.49,14.0,6.45,0.608,0.141,32.67,16.67,15.08,31.75,33.76,21.95,373.0,0.205,102.0,27.35,20.0,5.36,0.591,0.132,30.45,15.84,15.15,30.98,33.29,22.7
745243,2024-06-30,2024,596146,L,622491,R,field_out,False,False,185.0,0.238,38.0,20.54,13.0,7.03,0.704,0.16700000000000004,23.66,12.63,11.48,24.1,27.87,17.92,394.0,0.263,84.0,21.32,37.0,9.39,0.8320000000000001,0.2339999999999999,19.92,9.32,15.49,24.81,24.75,18.14,198.0,0.279,36.0,18.18,16.0,8.08,0.845,0.22399999999999998,18.97,9.55,14.97,24.52,29.97,13.48,431.0,0.229,117.0,27.15,36.0,8.35,0.741,0.217,30.72,16.0,13.84,29.84,29.45,19.4
745243,2024-06-30,2024,668885,R,622491,R,field_out,False,False,85.0,0.26,17.0,20.0,8.0,9.41,0.706,0.11699999999999999,20.95,9.45,16.46,25.91,16.77,16.83,,,,,,,,,,,,,,,217.0,0.207,64.0,29.49,14.0,6.45,0.608,0.141,32.67,16.67,15.08,31.75,33.76,21.95,373.0,0.205,102.0,27.35,20.0,5.36,0.591,0.132,30.45,15.84,15.15,30.98,33.29,22.7
745243,2024-06-30,2024,641598,R,657746,R,hit_by_pitch,False,False,196.0,0.152,67.0,34.18,26.0,13.27,0.5820000000000001,0.153,35.56,13.74,22.21,35.95,19.2,26.17,262.0,0.25,70.0,26.72,25.0,9.54,0.845,0.267,25.84,10.63,19.22,29.85,18.71,21.21,196.0,0.231,54.0,27.55,8.0,4.08,0.692,0.19899999999999998,27.37,13.68,16.75,30.43,29.25,21.43,357.0,0.269,117.0,32.77,14.0,3.92,0.8300000000000001,0.261,30.56,16.38,13.59,29.97,33.29,22.75
745243,2024-06-30,2024,593871,L,657746,R,force_out,False,False,150.0,0.185,53.0,35.33,19.0,12.67,0.608,0.13,33.58,13.73,17.46,31.19,22.35,25.12,253.0,0.233,70.0,27.67,33.0,13.04,0.775,0.209,25.05,11.12,16.17,27.29,26.25,21.21,188.0,0.2,46.0,24.47,7.0,3.72,0.595,0.16099999999999998,24.6,13.03,16.29,29.32,31.83,19.57,315.0,0.222,80.0,25.4,20.0,6.35,0.64,0.1389999999999999,22.74,12.88,14.0,26.88,32.64,17.86
745243,2024-06-30,2024,664034,R,657746,R,hit_by_pitch,False,False,203.0,0.23,51.0,25.12,14.0,6.9,0.6659999999999999,0.13599999999999998,20.98,10.11,15.11,25.22,24.68,19.32,506.0,0.24,85.0,16.8,37.0,7.31,0.698,0.1169999999999999,22.16,11.42,13.69,25.11,32.3,15.51,196.0,0.231,54.0,27.55,8.0,4.08,0.692,0.19899999999999998,27.37,13.68,16.75,30.43,29.25,21.43,357.0,0.269,117.0,32.77,14.0,3.92,0.8300000000000001,0.261,30.56,16.38,13.59,29.97,33.29,22.75
745243,2024-06-30,2024,664238,R,657746,R,strikeout,True,False,158.0,0.205,43.0,27.22,17.0,10.76,0.7190000000000001,0.18900000000000003,25.19,10.86,18.21,29.07,17.76,22.87,73.0,0.188,28.0,38.36,6.0,8.22,0.647,0.1709999999999999,33.56,16.33,21.33,37.67,34.46,26.17,196.0,0.231,54.0,27.55,8.0,4.08,0.692,0.19899999999999998,27.37,13.68,16.75,30.43,29.25,21.43,357.0,0.269,117.0,32.77,14.0,3.92,0.8300000000000001,0.261,30.56,16.38,13.59,29.97,33.29,22.75
745243,2024-06-30,2024,641487,L,657746,R,field_out,False,False,185.0,0.177,45.0,24.32,25.0,13.51,0.615,0.14600000000000002,19.16,7.79,20.07,27.86,18.47,17.05,446.0,0.266,84.0,18.83,67.0,15.02,0.845,0.197,18.19,6.93,19.49,26.42,17.9,17.39,188.0,0.2,46.0,24.47,7.0,3.72,0.595,0.16099999999999998,24.6,13.03,16.29,29.32,31.83,19.57,315.0,0.222,80.0,25.4,20.0,6.35,0.64,0.1389999999999999,22.74,12.88,14.0,26.88,32.64,17.86
745243,2024-06-30,2024,543877,R,622491,R,field_out,False,False,115.0,0.17,29.0,25.22,4.0,3.48,0.45899999999999996,0.08499999999999999,27.01,13.83,18.2,32.04,35.96,25.22,279.0,0.216,59.0,21.15,22.0,7.89,0.548,0.051,25.76,12.56,16.62,29.18,33.72,23.41,217.0,0.207,64.0,29.49,14.0,6.45,0.608,0.141,32.67,16.67,15.08,31.75,33.76,21.95,373.0,0.205,102.0,27.35,20.0,5.36,0.591,0.132,30.45,15.84,15.15,30.98,33.29,22.7
745243,2024-06-30,2024,650489,L,622491,R,single,False,False,247.0,0.235,59.0,23.89,22.0,8.91,0.73,0.15900000000000003,28.07,13.76,14.86,28.61,29.56,18.91,280.0,0.266,73.0,26.07,23.0,8.21,0.8029999999999999,0.189,28.16,14.39,15.31,29.7,34.97,21.1,198.0,0.279,36.0,18.18,16.0,8.08,0.845,0.22399999999999998,18.97,9.55,14.97,24.52,29.97,13.48,431.0,0.229,117.0,27.15,36.0,8.35,0.741,0.217,30.72,16.0,13.84,29.84,29.45,19.4
745243,2024-06-30,2024,669304,R,622491,R,field_out,False,False,161.0,0.317,22.0,13.66,11.0,6.83,0.914,0.22800000000000004,21.86,10.41,16.72,27.13,32.04,15.71,120.0,0.207,18.0,15.0,8.0,6.67,0.5640000000000001,0.09,23.72,11.83,13.69,25.52,32.37,15.04,217.0,0.207,64.0,29.49,14.0,6.45,0.608,0.141,32.67,16.67,15.08,31.75,33.76,21.95,373.0,0.205,102.0,27.35,20.0,5.36,0.591,0.132,30.45,15.84,15.15,30.98,33.29,22.7
745243,2024-06-30,2024,663616,L,622491,R,field_out,False,False,171.0,0.25,30.0,17.54,13.0,7.6,0.733,0.179,25.16,11.86,17.41,29.28,27.27,15.68,189.0,0.228,60.0,31.75,25.0,13.23,0.766,0.21,36.25,14.96,16.71,31.67,22.55,25.75,198.0,0.279,36.0,18.18,16.0,8.08,0.845,0.22399999999999998,18.97,9.55,14.97,24.52,29.97,13.48,431.0,0.229,117.0,27.15,36.0,8.35,0.741,0.217,30.72,16.0,13.84,29.84,29.45,19.4
745243,2024-06-30,2024,668942,L,657746,R,field_out,False,False,227.0,0.273,38.0,16.74,19.0,8.37,0.753,0.14199999999999996,17.56,8.17,17.21,25.38,21.56,13.24,299.0,0.249,64.0,21.4,22.0,7.36,0.6559999999999999,0.1019999999999999,22.77,10.13,19.65,29.78,25.55,19.69,188.0,0.2,46.0,24.47,7.0,3.72,0.595,0.16099999999999998,24.6,13.03,16.29,29.32,31.83,19.57,315.0,0.222,80.0,25.4,20.0,6.35,0.64,0.1389999999999999,22.74,12.88,14.0,26.88,32.64,17.86
745243,2024-06-30,2024,677594,R,657746,R,field_out,False,False,260.0,0.235,72.0,27.69,16.0,6.15,0.594,0.07400000000000001,31.03,16.62,11.87,28.49,37.73,19.67,545.0,0.267,127.0,23.3,35.0,6.42,0.8109999999999999,0.2169999999999999,27.93,14.91,13.12,28.03,38.34,22.84,196.0,0.231,54.0,27.55,8.0,4.08,0.692,0.19899999999999998,27.37,13.68,16.75,30.43,29.25,21.43,357.0,0.269,117.0,32.77,14.0,3.92,0.8300000000000001,0.261,30.56,16.38,13.59,29.97,33.29,22.75
745243,2024-06-30,2024,663728,L,657746,R,strikeout,True,False,225.0,0.227,74.0,32.89,25.0,11.11,0.7150000000000001,0.17700000000000002,28.93,14.36,13.95,28.31,30.42,21.35,462.0,0.235,126.0,27.27,47.0,10.17,0.7909999999999999,0.241,29.58,14.2,14.09,28.29,30.53,21.36,188.0,0.2,46.0,24.47,7.0,3.72,0.595,0.16099999999999998,24.6,13.03,16.29,29.32,31.83,19.57,315.0,0.222,80.0,25.4,20.0,6.35,0.64,0.1389999999999999,22.74,12.88,14.0,26.88,32.64,17.86
745243,2024-06-30,2024,668904,R,622491,R,strikeout,True,False,66.0,0.262,13.0,19.7,5.0,7.58,1.023,0.44299999999999995,29.51,14.23,13.44,27.67,29.08,18.06,183.0,0.307,43.0,23.5,15.0,8.2,0.962,0.283,27.16,12.8,18.57,31.36,28.0,20.98,217.0,0.207,64.0,29.49,14.0,6.45,0.608,0.141,32.67,16.67,15.08,31.75,33.76,21.95,373.0,0.205,102.0,27.35,20.0,5.36,0.591,0.132,30.45,15.84,15.15,30.98,33.29,22.7
745243,2024-06-30,2024,467793,L,622491,R,field_out,False,False,223.0,0.239,34.0,15.25,23.0,10.31,0.728,0.16200000000000003,23.12,10.01,16.87,26.88,23.84,13.6,460.0,0.231,83.0,18.04,45.0,9.78,0.727,0.1899999999999999,23.76,11.0,14.32,25.31,24.63,16.21,198.0,0.279,36.0,18.18,16.0,8.08,0.845,0.22399999999999998,18.97,9.55,14.97,24.52,29.97,13.48,431.0,0.229,117.0,27.15,36.0,8.35,0.741,0.217,30.72,16.0,13.84,29.84,29.45,19.4
745243,2024-06-30,2024,621439,R,622491,R,strikeout,True,False,165.0,0.252,45.0,27.27,6.0,3.64,0.74,0.185,33.24,17.98,12.15,30.13,35.24,21.13,257.0,0.217,80.0,31.13,26.0,10.12,0.767,0.243,29.69,15.03,12.96,27.99,29.53,25.0,217.0,0.207,64.0,29.49,14.0,6.45,0.608,0.141,32.67,16.67,15.08,31.75,33.76,21.95,373.0,0.205,102.0,27.35,20.0,5.36,0.591,0.132,30.45,15.84,15.15,30.98,33.29,22.7
745243,2024-06-30,2024,670042,L,657746,R,double,False,False,182.0,0.259,58.0,31.87,6.0,3.3,0.763,0.2,35.25,19.08,11.83,30.92,29.32,30.53,363.0,0.247,112.0,30.85,26.0,7.16,0.8340000000000001,0.25,38.6,19.83,11.57,31.39,31.1,26.79,188.0,0.2,46.0,24.47,7.0,3.72,0.595,0.16099999999999998,24.6,13.03,16.29,29.32,31.83,19.57,315.0,0.222,80.0,25.4,20.0,6.35,0.64,0.1389999999999999,22.74,12.88,14.0,26.88,32.64,17.86
745243,2024-06-30,2024,622491,R,657746,R,strikeout,True,False,,,,,,,,,,,,,,,,,,,,,,,,,,,,,196.0,0.231,54.0,27.55,8.0,4.08,0.692,0.19899999999999998,27.37,13.68,16.75,30.43,29.25,21.43,357.0,0.269,117.0,32.77,14.0,3.92,0.8300000000000001,0.261,30.56,16.38,13.59,29.97,33.29,22.75
745243,2024-06-30,2024,593871,L,657746,R,strikeout,True,False,150.0,0.185,53.0,35.33,19.0,12.67,0.608,0.13,33.58,13.73,17.46,31.19,22.35,25.12,253.0,0.233,70.0,27.67,33.0,13.04,0.775,0.209,25.05,11.12,16.17,27.29,26.25,21.21,188.0,0.2,46.0,24.47,7.0,3.72,0.595,0.16099999999999998,24.6,13.03,16.29,29.32,31.83,19.57,315.0,0.222,80.0,25.4,20.0,6.35,0.64,0.1389999999999999,22.74,12.88,14.0,26.88,32.64,17.86
745243,2024-06-30,2024,664034,R,657746,R,strikeout,True,False,203.0,0.23,51.0,25.12,14.0,6.9,0.6659999999999999,0.13599999999999998,20.98,10.11,15.11,25.22,24.68,19.32,506.0,0.24,85.0,16.8,37.0,7.31,0.698,0.1169999999999999,22.16,11.42,13.69,25.11,32.3,15.51,196.0,0.231,54.0,27.55,8.0,4.08,0.692,0.19899999999999998,27.37,13.68,16.75,30.43,29.25,21.43,357.0,0.269,117.0,32.77,14.0,3.92,0.8300000000000001,0.261,30.56,16.38,13.59,29.97,33.29,22.75
745243,2024-06-30,2024,596146,L,622491,R,single,False,False,185.0,0.238,38.0,20.54,13.0,7.03,0.704,0.16700000000000004,23.66,12.63,11.48,24.1,27.87,17.92,394.0,0.263,84.0,21.32,37.0,9.39,0.8320000000000001,0.2339999999999999,19.92,9.32,15.49,24.81,24.75,18.14,198.0,0.279,36.0,18.18,16.0,8.08,0.845,0.22399999999999998,18.97,9.55,14.97,24.52,29.97,13.48,431.0,0.229,117.0,27.15,36.0,8.35,0.741,0.217,30.72,16.0,13.84,29.84,29.45,19.4
745243,2024-06-30,2024,668885,R,622491,R,double,False,False,85.0,0.26,17.0,20.0,8.0,9.41,0.706,0.11699999999999999,20.95,9.45,16.46,25.91,16.77,16.83,,,,,,,,,,,,,,,217.0,0.207,64.0,29.49,14.0,6.45,0.608,0.141,32.67,16.67,15.08,31.75,33.76,21.95,373.0,0.205,102.0,27.35,20.0,5.36,0.591,0.132,30.45,15.84,15.15,30.98,33.29,22.7
745243,2024-06-30,2024,543877,R,622491,R,sac_bunt,False,False,115.0,0.17,29.0,25.22,4.0,3.48,0.45899999999999996,0.08499999999999999,27.01,13.83,18.2,32.04,35.96,25.22,279.0,0.216,59.0,21.15,22.0,7.89,0.548,0.051,25.76,12.56,16.62,29.18,33.72,23.41,217.0,0.207,64.0,29.49,14.0,6.45,0.608,0.141,32.67,16.67,15.08,31.75,33.76,21.95,373.0,0.205,102.0,27.35,20.0,5.36,0.591,0.132,30.45,15.84,15.15,30.98,33.29,22.7
745243,2024-06-30,2024,650489,L,622491,R,strikeout,True,False,247.0,0.235,59.0,23.89,22.0,8.91,0.73,0.15900000000000003,28.07,13.76,14.86,28.61,29.56,18.91,280.0,0.266,73.0,26.07,23.0,8.21,0.8029999999999999,0.189,28.16,14.39,15.31,29.7,34.97,21.1,198.0,0.279,36.0,18.18,16.0,8.08,0.845,0.22399999999999998,18.97,9.55,14.97,24.52,29.97,13.48,431.0,0.229,117.0,27.15,36.0,8.35,0.741,0.217,30.72,16.0,13.84,29.84,29.45,19.4
745243,2024-06-30,2024,669304,R,622491,R,single,False,False,161.0,0.317,22.0,13.66,11.0,6.83,0.914,0.22800000000000004,21.86,10.41,16.72,27.13,32.04,15.71,120.0,0.207,18.0,15.0,8.0,6.67,0.5640000000000001,0.09,23.72,11.83,13.69,25.52,32.37,15.04,217.0,0.207,64.0,29.49,14.0,6.45,0.608,0.141,32.67,16.67,15.08,31.75,33.76,21.95,373.0,0.205,102.0,27.35,20.0,5.36,0.591,0.132,30.45,15.84,15.15,30.98,33.29,22.7
745243,2024-06-30,2024,663616,L,622491,R,field_out,False,False,171.0,0.25,30.0,17.54,13.0,7.6,0.733,0.179,25.16,11.86,17.41,29.28,27.27,15.68,189.0,0.228,60.0,31.75,25.0,13.23,0.766,0.21,36.25,14.96,16.71,31.67,22.55,25.75,198.0,0.279,36.0,18.18,16.0,8.08,0.845,0.22399999999999998,18.97,9.55,14.97,24.52,29.97,13.48,431.0,0.229,117.0,27.15,36.0,8.35,0.741,0.217,30.72,16.0,13.84,29.84,29.45,19.4
745243,2024-06-30,2024,664238,R,657746,R,triple,False,False,158.0,0.205,43.0,27.22,17.0,10.76,0.7190000000000001,0.18900000000000003,25.19,10.86,18.21,29.07,17.76,22.87,73.0,0.188,28.0,38.36,6.0,8.22,0.647,0.1709999999999999,33.56,16.33,21.33,37.67,34.46,26.17,196.0,0.231,54.0,27.55,8.0,4.08,0.692,0.19899999999999998,27.37,13.68,16.75,30.43,29.25,21.43,357.0,0.269,117.0,32.77,14.0,3.92,0.8300000000000001,0.261,30.56,16.38,13.59,29.97,33.29,22.75
745243,2024-06-30,2024,641487,L,657746,R,field_out,False,False,185.0,0.177,45.0,24.32,25.0,13.51,0.615,0.14600000000000002,19.16,7.79,20.07,27.86,18.47,17.05,446.0,0.266,84.0,18.83,67.0,15.02,0.845,0.197,18.19,6.93,19.49,26.42,17.9,17.39,188.0,0.2,46.0,24.47,7.0,3.72,0.595,0.16099999999999998,24.6,13.03,16.29,29.32,31.83,19.57,315.0,0.222,80.0,25.4,20.0,6.35,0.64,0.1389999999999999,22.74,12.88,14.0,26.88,32.64,17.86
745243,2024-06-30,2024,668942,L,657746,R,fielders_choice,False,False,227.0,0.273,38.0,16.74,19.0,8.37,0.753,0.14199999999999996,17.56,8.17,17.21,25.38,21.56,13.24,299.0,0.249,64.0,21.4,22.0,7.36,0.6559999999999999,0.1019999999999999,22.77,10.13,19.65,29.78,25.55,19.69,188.0,0.2,46.0,24.47,7.0,3.72,0.595,0.16099999999999998,24.6,13.03,16.29,29.32,31.83,19.57,315.0,0.222,80.0,25.4,20.0,6.35,0.64,0.1389999999999999,22.74,12.88,14.0,26.88,32.64,17.86
745243,2024-06-30,2024,677594,R,657746,R,fielders_choice,False,False,260.0,0.235,72.0,27.69,16.0,6.15,0.594,0.07400000000000001,31.03,16.62,11.87,28.49,37.73,19.67,545.0,0.267,127.0,23.3,35.0,6.42,0.8109999999999999,0.2169999999999999,27.93,14.91,13.12,28.03,38.34,22.84,196.0,0.231,54.0,27.55,8.0,4.08,0.692,0.19899999999999998,27.37,13.68,16.75,30.43,29.25,21.43,357.0,0.269,117.0,32.77,14.0,3.92,0.8300000000000001,0.261,30.56,16.38,13.59,29.97,33.29,22.75
745243,2024-06-30,2024,663728,L,657746,R,single,False,False,225.0,0.227,74.0,32.89,25.0,11.11,0.7150000000000001,0.17700000000000002,28.93,14.36,13.95,28.31,30.42,21.35,462.0,0.235,126.0,27.27,47.0,10.17,0.7909999999999999,0.241,29.58,14.2,14.09,28.29,30.53,21.36,188.0,0.2,46.0,24.47,7.0,3.72,0.595,0.16099999999999998,24.6,13.03,16.29,29.32,31.83,19.57,315.0,0.222,80.0,25.4,20.0,6.35,0.64,0.1389999999999999,22.74,12.88,14.0,26.88,32.64,17.86
745243,2024-06-30,2024,670042,L,657746,R,single,False,False,182.0,0.259,58.0,31.87,6.0,3.3,0.763,0.2,35.25,19.08,11.83,30.92,29.32,30.53,363.0,0.247,112.0,30.85,26.0,7.16,0.8340000000000001,0.25,38.6,19.83,11.57,31.39,31.1,26.79,188.0,0.2,46.0,24.47,7.0,3.72,0.595,0.16099999999999998,24.6,13.03,16.29,29.32,31.83,19.57,315.0,0.222,80.0,25.4,20.0,6.35,0.64,0.1389999999999999,22.74,12.88,14.0,26.88,32.64,17.86
745243,2024-06-30,2024,669208,R,657746,R,strikeout,True,False,33.0,0.241,7.0,21.21,1.0,3.03,0.6,0.069,24.56,12.73,13.64,26.36,17.02,21.88,,,,,,,,,,,,,,,196.0,0.231,54.0,27.55,8.0,4.08,0.692,0.19899999999999998,27.37,13.68,16.75,30.43,29.25,21.43,357.0,0.269,117.0,32.77,14.0,3.92,0.8300000000000001,0.261,30.56,16.38,13.59,29.97,33.29,22.75
745243,2024-06-30,2024,593871,L,657746,R,field_out,False,False,150.0,0.185,53.0,35.33,19.0,12.67,0.608,0.13,33.58,13.73,17.46,31.19,22.35,25.12,253.0,0.233,70.0,27.67,33.0,13.04,0.775,0.209,25.05,11.12,16.17,27.29,26.25,21.21,188.0,0.2,46.0,24.47,7.0,3.72,0.595,0.16099999999999998,24.6,13.03,16.29,29.32,31.83,19.57,315.0,0.222,80.0,25.4,20.0,6.35,0.64,0.1389999999999999,22.74,12.88,14.0,26.88,32.64,17.86
745243,2024-06-30,2024,668904,R,608723,R,strikeout,True,False,66.0,0.262,13.0,19.7,5.0,7.58,1.023,0.44299999999999995,29.51,14.23,13.44,27.67,29.08,18.06,183.0,0.307,43.0,23.5,15.0,8.2,0.962,0.283,27.16,12.8,18.57,31.36,28.0,20.98,64.0,0.186,17.0,26.56,3.0,4.69,0.577,0.15300000000000002,32.03,16.4,15.6,32.0,38.13,21.79,92.0,0.272,24.0,26.09,8.0,8.7,0.847,0.2339999999999999,30.85,15.63,15.36,31.0,35.26,18.75
745243,2024-06-30,2024,467793,L,608723,R,strikeout,True,False,223.0,0.239,34.0,15.25,23.0,10.31,0.728,0.16200000000000003,23.12,10.01,16.87,26.88,23.84,13.6,460.0,0.231,83.0,18.04,45.0,9.78,0.727,0.1899999999999999,23.76,11.0,14.32,25.31,24.63,16.21,67.0,0.197,10.0,14.93,5.0,7.46,0.63,0.16399999999999998,23.58,11.69,14.52,26.21,25.62,15.15,68.0,0.288,10.0,14.71,7.0,10.29,0.772,0.102,13.95,6.08,17.57,23.65,25.81,11.76
745243,2024-06-30,2024,621439,R,608723,R,field_out,False,False,165.0,0.252,45.0,27.27,6.0,3.64,0.74,0.185,33.24,17.98,12.15,30.13,35.24,21.13,257.0,0.217,80.0,31.13,26.0,10.12,0.767,0.243,29.69,15.03,12.96,27.99,29.53,25.0,64.0,0.186,17.0,26.56,3.0,4.69,0.577,0.15300000000000002,32.03,16.4,15.6,32.0,38.13,21.79,92.0,0.272,24.0,26.09,8.0,8.7,0.847,0.2339999999999999,30.85,15.63,15.36,31.0,35.26,18.75
745243,2024-06-30,2024,664034,R,657746,R,field_out,False,False,203.0,0.23,51.0,25.12,14.0,6.9,0.6659999999999999,0.13599999999999998,20.98,10.11,15.11,25.22,24.68,19.32,506.0,0.24,85.0,16.8,37.0,7.31,0.698,0.1169999999999999,22.16,11.42,13.69,25.11,32.3,15.51,196.0,0.231,54.0,27.55,8.0,4.08,0.692,0.19899999999999998,27.37,13.68,16.75,30.43,29.25,21.43,357.0,0.269,117.0,32.77,14.0,3.92,0.8300000000000001,0.261,30.56,16.38,13.59,29.97,33.29,22.75
745243,2024-06-30,2024,664238,R,657746,R,strikeout,True,False,158.0,0.205,43.0,27.22,17.0,10.76,0.7190000000000001,0.18900000000000003,25.19,10.86,18.21,29.07,17.76,22.87,73.0,0.188,28.0,38.36,6.0,8.22,0.647,0.1709999999999999,33.56,16.33,21.33,37.67,34.46,26.17,196.0,0.231,54.0,27.55,8.0,4.08,0.692,0.19899999999999998,27.37,13.68,16.75,30.43,29.25,21.43,357.0,0.269,117.0,32.77,14.0,3.92,0.8300000000000001,0.261,30.56,16.38,13.59,29.97,33.29,22.75
745243,2024-06-30,2024,641487,L,573204,L,walk,False,True,78.0,0.296,12.0,15.38,7.0,8.97,0.81,0.15500000000000003,18.25,7.21,22.88,30.09,12.69,12.9,193.0,0.267,41.0,21.24,27.0,13.99,0.755,0.1149999999999999,19.56,7.7,20.12,27.83,20.15,17.67,43.0,0.231,11.0,25.58,4.0,9.3,0.61,0.07699999999999999,24.68,11.18,21.76,32.94,25.58,17.46,48.0,0.128,14.0,29.17,0.0,0.0,0.3409999999999999,0.0849999999999999,21.59,10.73,18.64,29.38,32.89,26.92
745243,2024-06-30,2024,668942,L,573204,L,walk,False,True,26.0,0.125,11.0,42.31,2.0,7.69,0.317,0.0,40.48,17.53,22.68,40.21,21.74,40.74,54.0,0.224,17.0,31.48,5.0,9.26,0.5609999999999999,0.041,32.61,13.64,21.82,35.45,26.36,24.29,43.0,0.231,11.0,25.58,4.0,9.3,0.61,0.07699999999999999,24.68,11.18,21.76,32.94,25.58,17.46,48.0,0.128,14.0,29.17,0.0,0.0,0.3409999999999999,0.0849999999999999,21.59,10.73,18.64,29.38,32.89,26.92
745243,2024-06-30,2024,677594,R,573204,L,field_out,False,False,96.0,0.284,24.0,25.0,6.0,6.25,0.7230000000000001,0.10200000000000004,31.63,17.27,10.03,27.3,36.27,22.86,169.0,0.301,48.0,28.4,12.0,7.1,0.842,0.186,29.55,15.52,11.29,26.8,35.14,26.23,46.0,0.41,8.0,17.39,5.0,10.87,1.149,0.282,20.48,9.5,18.44,27.93,28.41,16.0,73.0,0.258,22.0,30.14,6.0,8.22,0.94,0.363,25.66,12.79,14.1,26.89,26.11,21.57
745243,2024-06-30,2024,596146,L,657508,R,field_out,False,False,185.0,0.238,38.0,20.54,13.0,7.03,0.704,0.16700000000000004,23.66,12.63,11.48,24.1,27.87,17.92,394.0,0.263,84.0,21.32,37.0,9.39,0.8320000000000001,0.2339999999999999,19.92,9.32,15.49,24.81,24.75,18.14,54.0,0.289,13.0,24.07,8.0,14.81,0.989,0.311,22.11,10.05,16.75,26.79,22.11,20.63,100.0,0.209,28.0,28.0,14.0,14.0,0.6799999999999999,0.151,26.6,12.25,16.91,29.17,27.69,22.05
745243,2024-06-30,2024,668885,R,657508,R,field_out,False,False,85.0,0.26,17.0,20.0,8.0,9.41,0.706,0.11699999999999999,20.95,9.45,16.46,25.91,16.77,16.83,,,,,,,,,,,,,,,81.0,0.203,18.0,22.22,6.0,7.41,0.623,0.14799999999999996,29.45,14.53,14.86,29.39,27.27,22.22,173.0,0.228,33.0,19.08,19.0,10.98,0.696,0.148,24.01,11.74,12.93,24.67,27.17,16.02
745243,2024-06-30,2024,543877,R,657508,R,field_out,False,False,115.0,0.17,29.0,25.22,4.0,3.48,0.45899999999999996,0.08499999999999999,27.01,13.83,18.2,32.04,35.96,25.22,279.0,0.216,59.0,21.15,22.0,7.89,0.548,0.051,25.76,12.56,16.62,29.18,33.72,23.41,81.0,0.203,18.0,22.22,6.0,7.41,0.623,0.14799999999999996,29.45,14.53,14.86,29.39,27.27,22.22,173.0,0.228,33.0,19.08,19.0,10.98,0.696,0.148,24.01,11.74,12.93,24.67,27.17,16.02
745243,2024-06-30,2024,663728,R,595345,L,field_out,False,False,75.0,0.125,21.0,28.0,7.0,9.33,0.586,0.23399999999999999,32.14,17.48,10.36,27.83,33.96,19.44,108.0,0.218,32.0,29.63,7.0,6.48,0.645,0.158,31.38,17.77,9.0,26.78,35.38,24.06,67.0,0.31,12.0,17.91,9.0,13.43,0.937,0.22400000000000003,21.05,8.82,18.75,27.57,21.48,14.81,152.0,0.222,40.0,26.32,14.0,9.21,0.747,0.222,28.47,13.79,16.75,30.54,27.09,21.39
745243,2024-06-30,2024,670042,L,595345,L,single,False,False,34.0,0.219,10.0,29.41,2.0,5.88,0.609,0.12499999999999997,30.43,14.89,15.6,30.5,25.37,22.73,44.0,0.268,16.0,36.36,2.0,4.55,0.741,0.1709999999999999,41.18,22.58,15.48,38.06,33.8,36.36,42.0,0.125,12.0,28.57,1.0,2.38,0.34199999999999997,0.04999999999999999,32.47,16.67,18.67,35.33,28.33,30.77,95.0,0.241,33.0,34.74,10.0,10.53,0.7210000000000001,0.157,34.39,15.78,16.5,32.28,26.54,23.74
745243,2024-06-30,2024,645302,R,595345,L,field_out,False,False,26.0,0.273,6.0,23.08,2.0,7.69,0.724,0.09099999999999997,28.95,14.47,13.16,27.63,29.73,31.58,40.0,0.364,3.0,7.5,4.0,10.0,0.871,0.06,14.49,7.25,11.59,18.84,26.76,8.33,67.0,0.31,12.0,17.91,9.0,13.43,0.937,0.22400000000000003,21.05,8.82,18.75,27.57,21.48,14.81,152.0,0.222,40.0,26.32,14.0,9.21,0.747,0.222,28.47,13.79,16.75,30.54,27.09,21.39
745243,2024-06-30,2024,593871,L,663485,R,single,False,False,150.0,0.185,53.0,35.33,19.0,12.67,0.608,0.13,33.58,13.73,17.46,31.19,22.35,25.12,253.0,0.233,70.0,27.67,33.0,13.04,0.775,0.209,25.05,11.12,16.17,27.29,26.25,21.21,59.0,0.26,15.0,25.42,3.0,5.08,0.722,0.14,20.18,9.47,16.46,25.93,29.03,17.86,54.0,0.261,11.0,20.37,8.0,14.81,0.913,0.282,14.68,6.67,15.0,21.67,17.95,12.79
745243,2024-06-30,2024,664034,R,663485,R,single,False,False,203.0,0.23,51.0,25.12,14.0,6.9,0.6659999999999999,0.13599999999999998,20.98,10.11,15.11,25.22,24.68,19.32,506.0,0.24,85.0,16.8,37.0,7.31,0.698,0.1169999999999999,22.16,11.42,13.69,25.11,32.3,15.51,92.0,0.212,27.0,29.35,4.0,4.35,0.593,0.11700000000000002,27.43,14.08,17.89,31.96,35.8,24.55,45.0,0.205,10.0,22.22,6.0,13.33,0.619,0.103,26.76,10.98,21.97,32.95,29.89,16.95
745243,2024-06-30,2024,664238,R,663485,R,field_out,False,False,158.0,0.205,43.0,27.22,17.0,10.76,0.7190000000000001,0.18900000000000003,25.19,10.86,18.21,29.07,17.76,22.87,73.0,0.188,28.0,38.36,6.0,8.22,0.647,0.1709999999999999,33.56,16.33,21.33,37.67,34.46,26.17,92.0,0.212,27.0,29.35,4.0,4.35,0.593,0.11700000000000002,27.43,14.08,17.89,31.96,35.8,24.55,45.0,0.205,10.0,22.22,6.0,13.33,0.619,0.103,26.76,10.98,21.97,32.95,29.89,16.95
745243,2024-06-30,2024,650489,L,592773,R,field_out,False,False,247.0,0.235,59.0,23.89,22.0,8.91,0.73,0.15900000000000003,28.07,13.76,14.86,28.61,29.56,18.91,280.0,0.266,73.0,26.07,23.0,8.21,0.8029999999999999,0.189,28.16,14.39,15.31,29.7,34.97,21.1,66.0,0.259,15.0,22.73,6.0,9.09,0.747,0.15499999999999997,26.76,13.62,13.62,27.24,33.09,15.62,97.0,0.209,20.0,20.62,10.0,10.31,0.615,0.117,29.95,15.58,9.3,24.87,27.09,18.02
745243,2024-06-30,2024,669304,R,592773,R,single,False,False,161.0,0.317,22.0,13.66,11.0,6.83,0.914,0.22800000000000004,21.86,10.41,16.72,27.13,32.04,15.71,120.0,0.207,18.0,15.0,8.0,6.67,0.5640000000000001,0.09,23.72,11.83,13.69,25.52,32.37,15.04,73.0,0.194,21.0,28.77,5.0,6.85,0.514,0.06,31.29,17.53,11.0,28.52,38.41,21.0,116.0,0.231,31.0,26.72,11.0,9.48,0.752,0.211,31.3,16.45,11.54,27.99,28.0,17.61
745243,2024-06-30,2024,663616,L,592773,R,home_run,False,False,171.0,0.25,30.0,17.54,13.0,7.6,0.733,0.179,25.16,11.86,17.41,29.28,27.27,15.68,189.0,0.228,60.0,31.75,25.0,13.23,0.766,0.21,36.25,14.96,16.71,31.67,22.55,25.75,66.0,0.259,15.0,22.73,6.0,9.09,0.747,0.15499999999999997,26.76,13.62,13.62,27.24,33.09,15.62,97.0,0.209,20.0,20.62,10.0,10.31,0.615,0.117,29.95,15.58,9.3,24.87,27.09,18.02
745243,2024-06-30,2024,668904,R,592773,R,field_out,False,False,66.0,0.262,13.0,19.7,5.0,7.58,1.023,0.44299999999999995,29.51,14.23,13.44,27.67,29.08,18.06,183.0,0.307,43.0,23.5,15.0,8.2,0.962,0.283,27.16,12.8,18.57,31.36,28.0,20.98,73.0,0.194,21.0,28.77,5.0,6.85,0.514,0.06,31.29,17.53,11.0,28.52,38.41,21.0,116.0,0.231,31.0,26.72,11.0,9.48,0.752,0.211,31.3,16.45,11.54,27.99,28.0,17.61
745243,2024-06-30,2024,467793,L,592773,R,field_out,False,False,223.0,0.239,34.0,15.25,23.0,10.31,0.728,0.16200000000000003,23.12,10.01,16.87,26.88,23.84,13.6,460.0,0.231,83.0,18.04,45.0,9.78,0.727,0.1899999999999999,23.76,11.0,14.32,25.31,24.63,16.21,66.0,0.259,15.0,22.73,6.0,9.09,0.747,0.15499999999999997,26.76,13.62,13.62,27.24,33.09,15.62,97.0,0.209,20.0,20.62,10.0,10.31,0.615,0.117,29.95,15.58,9.3,24.87,27.09,18.02
745243,2024-06-30,2024,641487,L,681892,L,field_out,False,False,78.0,0.296,12.0,15.38,7.0,8.97,0.81,0.15500000000000003,18.25,7.21,22.88,30.09,12.69,12.9,193.0,0.267,41.0,21.24,27.0,13.99,0.755,0.1149999999999999,19.56,7.7,20.12,27.83,20.15,17.67,53.0,0.289,17.0,32.08,7.0,13.21,0.774,0.08900000000000002,29.17,9.21,25.0,34.21,17.09,27.87,17.0,0.188,6.0,35.29,1.0,5.88,0.61,0.187,28.57,11.94,20.9,32.84,27.78,30.0
745243,2024-06-30,2024,668942,L,681892,L,field_out,False,False,26.0,0.125,11.0,42.31,2.0,7.69,0.317,0.0,40.48,17.53,22.68,40.21,21.74,40.74,54.0,0.224,17.0,31.48,5.0,9.26,0.5609999999999999,0.041,32.61,13.64,21.82,35.45,26.36,24.29,53.0,0.289,17.0,32.08,7.0,13.21,0.774,0.08900000000000002,29.17,9.21,25.0,34.21,17.09,27.87,17.0,0.188,6.0,35.29,1.0,5.88,0.61,0.187,28.57,11.94,20.9,32.84,27.78,30.0
745243,2024-06-30,2024,677594,R,681892,L,field_out,False,False,96.0,0.284,24.0,25.0,6.0,6.25,0.7230000000000001,0.10200000000000004,31.63,17.27,10.03,27.3,36.27,22.86,169.0,0.301,48.0,28.4,12.0,7.1,0.842,0.186,29.55,15.52,11.29,26.8,35.14,26.23,76.0,0.302,12.0,15.79,6.0,7.89,0.865,0.19,24.06,11.35,15.6,26.95,25.93,14.63,30.0,0.12,13.0,43.33,4.0,13.33,0.427,0.04,37.5,16.8,20.8,37.6,29.51,29.55
745243,2024-06-30,2024,621439,R,663423,R,field_out,False,False,165.0,0.252,45.0,27.27,6.0,3.64,0.74,0.185,33.24,17.98,12.15,30.13,35.24,21.13,257.0,0.217,80.0,31.13,26.0,10.12,0.767,0.243,29.69,15.03,12.96,27.99,29.53,25.0,85.0,0.167,20.0,23.53,8.0,9.41,0.555,0.11100000000000002,31.85,15.2,16.41,31.61,25.88,19.19,70.0,0.209,19.0,27.14,3.0,4.29,0.5860000000000001,0.134,26.12,13.36,17.18,30.53,37.78,20.88
745243,2024-06-30,2024,596146,L,663423,R,field_out,False,False,185.0,0.238,38.0,20.54,13.0,7.03,0.704,0.16700000000000004,23.66,12.63,11.48,24.1,27.87,17.92,394.0,0.263,84.0,21.32,37.0,9.39,0.8320000000000001,0.2339999999999999,19.92,9.32,15.49,24.81,24.75,18.14,65.0,0.25,20.0,30.77,2.0,3.08,0.648,0.11699999999999999,22.6,12.74,16.22,28.96,40.16,21.05,55.0,0.308,7.0,12.73,3.0,5.45,0.903,0.25,15.48,6.6,22.34,28.93,14.63,11.86
745243,2024-06-30,2024,571657,R,663423,R,strikeout,True,False,74.0,0.169,14.0,18.92,6.0,8.11,0.532,0.093,21.71,10.73,16.86,27.59,34.4,20.29,241.0,0.239,59.0,24.48,13.0,5.39,0.6950000000000001,0.157,22.45,10.88,18.24,29.12,32.6,21.61,85.0,0.167,20.0,23.53,8.0,9.41,0.555,0.11100000000000002,31.85,15.2,16.41,31.61,25.88,19.19,70.0,0.209,19.0,27.14,3.0,4.29,0.5860000000000001,0.134,26.12,13.36,17.18,30.53,37.78,20.88
745243,2024-06-30,2024,663728,L,661395,R,strikeout,True,False,225.0,0.227,74.0,32.89,25.0,11.11,0.7150000000000001,0.17700000000000002,28.93,14.36,13.95,28.31,30.42,21.35,462.0,0.235,126.0,27.27,47.0,10.17,0.7909999999999999,0.241,29.58,14.2,14.09,28.29,30.53,21.36,53.0,0.182,12.0,22.64,5.0,9.43,0.612,0.136,33.0,16.18,14.22,30.39,25.77,18.46,128.0,0.205,51.0,39.84,14.0,10.94,0.523,0.027,41.24,20.66,12.8,33.46,29.78,27.62
745243,2024-06-30,2024,670042,L,661395,R,field_out,False,False,182.0,0.259,58.0,31.87,6.0,3.3,0.763,0.2,35.25,19.08,11.83,30.92,29.32,30.53,363.0,0.247,112.0,30.85,26.0,7.16,0.8340000000000001,0.25,38.6,19.83,11.57,31.39,31.1,26.79,53.0,0.182,12.0,22.64,5.0,9.43,0.612,0.136,33.0,16.18,14.22,30.39,25.77,18.46,128.0,0.205,51.0,39.84,14.0,10.94,0.523,0.027,41.24,20.66,12.8,33.46,29.78,27.62
745243,2024-06-30,2024,571745,R,661395,R,field_out,False,False,190.0,0.241,52.0,27.37,17.0,8.95,0.73,0.177,30.65,13.15,17.37,30.52,22.05,21.43,161.0,0.189,48.0,29.81,10.0,6.21,0.599,0.1619999999999999,28.57,13.33,19.22,32.56,25.34,22.02,46.0,0.238,10.0,21.74,3.0,6.52,0.733,0.191,29.11,13.61,18.34,31.95,25.88,22.73,127.0,0.209,33.0,25.98,11.0,8.66,0.722,0.209,29.03,14.78,13.76,28.54,30.67,22.45
747182,2024-06-30,2024,668709,L,694297,R,field_out,False,False,279.0,0.252,51.0,18.28,31.0,11.11,0.777,0.187,25.0,10.87,16.99,27.85,22.6,17.77,232.0,0.209,53.0,22.84,35.0,15.09,0.726,0.184,28.61,12.18,15.3,27.48,19.27,20.46,203.0,0.296,33.0,16.26,13.0,6.4,0.805,0.16600000000000004,19.47,9.13,18.26,27.39,27.78,16.02,196.0,0.273,43.0,21.94,16.0,8.16,0.867,0.261,23.08,10.53,17.04,27.57,23.51,19.2
747182,2024-06-30,2024,609280,R,694297,R,strikeout,True,False,114.0,0.294,16.0,14.04,4.0,3.51,0.692,0.08200000000000002,16.28,8.1,18.06,26.16,32.86,13.01,52.0,0.229,6.0,11.54,4.0,7.69,0.705,0.1879999999999999,14.58,7.49,13.9,21.39,30.93,12.77,199.0,0.187,53.0,26.63,11.0,5.53,0.589,0.16599999999999998,26.83,13.66,17.38,31.03,29.61,24.88,226.0,0.29,51.0,22.57,10.0,4.42,0.857,0.243,26.58,13.96,15.98,29.94,34.54,19.92
747182,2024-06-30,2024,667670,R,694297,R,field_out,False,False,225.0,0.268,81.0,36.0,23.0,10.22,0.828,0.21199999999999997,38.24,18.65,12.75,31.4,30.59,28.72,351.0,0.23,115.0,32.76,33.0,9.4,0.788,0.2419999999999999,37.94,17.82,16.3,34.12,28.65,23.47,199.0,0.187,53.0,26.63,11.0,5.53,0.589,0.16599999999999998,26.83,13.66,17.38,31.03,29.61,24.88,226.0,0.29,51.0,22.57,10.0,4.42,0.857,0.243,26.58,13.96,15.98,29.94,34.54,19.92
747182,2024-06-30,2024,682998,L,665622,R,field_out,False,False,235.0,0.221,38.0,16.17,29.0,12.34,0.647,0.10700000000000001,19.31,8.23,16.91,25.14,24.33,18.1,472.0,0.286,105.0,22.25,46.0,9.75,0.921,0.266,22.34,10.24,16.27,26.51,28.83,21.92,49.0,0.233,9.0,18.37,5.0,10.2,0.629,0.06899999999999998,18.18,8.16,14.8,22.96,21.57,18.37,217.0,0.266,42.0,19.35,27.0,12.44,0.786,0.1419999999999999,20.68,9.23,14.6,23.83,24.15,17.57
747182,2024-06-30,2024,606466,L,665622,R,field_out,False,False,229.0,0.266,47.0,20.52,22.0,9.61,0.759,0.16099999999999998,22.85,10.74,14.43,25.17,23.91,18.85,452.0,0.259,85.0,18.81,54.0,11.95,0.827,0.2199999999999999,20.87,9.03,16.76,25.8,21.17,17.28,49.0,0.233,9.0,18.37,5.0,10.2,0.629,0.06899999999999998,18.18,8.16,14.8,22.96,21.57,18.37,217.0,0.266,42.0,19.35,27.0,12.44,0.786,0.1419999999999999,20.68,9.23,14.6,23.83,24.15,17.57
747182,2024-06-30,2024,592626,L,665622,R,field_out,False,False,221.0,0.286,54.0,24.43,23.0,10.41,0.87,0.20600000000000002,24.22,11.2,17.29,28.49,29.61,21.26,373.0,0.241,74.0,19.84,49.0,13.14,0.786,0.194,24.13,10.89,15.07,25.96,29.36,16.09,49.0,0.233,9.0,18.37,5.0,10.2,0.629,0.06899999999999998,18.18,8.16,14.8,22.96,21.57,18.37,217.0,0.266,42.0,19.35,27.0,12.44,0.786,0.1419999999999999,20.68,9.23,14.6,23.83,24.15,17.57
747182,2024-06-30,2024,691016,L,694297,R,strikeout,True,False,126.0,0.22,39.0,30.95,13.0,10.32,0.76,0.22,35.14,16.67,14.74,31.41,29.63,30.23,118.0,0.159,37.0,31.36,10.0,8.47,0.472,0.0839999999999999,33.93,16.67,14.91,31.58,29.36,28.91,203.0,0.296,33.0,16.26,13.0,6.4,0.805,0.16600000000000004,19.47,9.13,18.26,27.39,27.78,16.02,196.0,0.273,43.0,21.94,16.0,8.16,0.867,0.261,23.08,10.53,17.04,27.57,23.51,19.2
747182,2024-06-30,2024,668832,L,694297,R,single,False,False,88.0,0.289,26.0,29.55,12.0,13.64,0.833,0.15800000000000003,43.51,19.03,14.77,33.81,18.93,26.53,,,,,,,,,,,,,,,203.0,0.296,33.0,16.26,13.0,6.4,0.805,0.16600000000000004,19.47,9.13,18.26,27.39,27.78,16.02,196.0,0.273,43.0,21.94,16.0,8.16,0.867,0.261,23.08,10.53,17.04,27.57,23.51,19.2
747182,2024-06-30,2024,663527,R,694297,R,walk,False,True,106.0,0.223,26.0,24.53,11.0,10.38,0.63,0.096,29.08,13.67,16.55,30.22,25.82,22.03,79.0,0.167,18.0,22.78,9.0,11.39,0.5489999999999999,0.091,24.38,11.4,17.84,29.24,24.85,14.29,199.0,0.187,53.0,26.63,11.0,5.53,0.589,0.16599999999999998,26.83,13.66,17.38,31.03,29.61,24.88,226.0,0.29,51.0,22.57,10.0,4.42,0.857,0.243,26.58,13.96,15.98,29.94,34.54,19.92
747182,2024-06-30,2024,680869,R,694297,R,strikeout,True,False,197.0,0.21,69.0,35.03,12.0,6.09,0.627,0.155,35.55,18.1,15.62,33.72,28.99,29.74,220.0,0.303,54.0,24.55,18.0,8.18,0.969,0.298,30.92,15.24,15.12,30.36,29.22,21.29,199.0,0.187,53.0,26.63,11.0,5.53,0.589,0.16599999999999998,26.83,13.66,17.38,31.03,29.61,24.88,226.0,0.29,51.0,22.57,10.0,4.42,0.857,0.243,26.58,13.96,15.98,29.94,34.54,19.92
747182,2024-06-30,2024,671732,L,694297,R,field_out,False,False,128.0,0.195,37.0,28.91,14.0,10.94,0.573,0.09699999999999998,29.22,13.0,18.13,31.14,25.78,21.3,107.0,0.216,29.0,27.1,3.0,2.8,0.616,0.157,31.16,14.83,17.7,32.54,26.94,22.48,203.0,0.296,33.0,16.26,13.0,6.4,0.805,0.16600000000000004,19.47,9.13,18.26,27.39,27.78,16.02,196.0,0.273,43.0,21.94,16.0,8.16,0.867,0.261,23.08,10.53,17.04,27.57,23.51,19.2
747182,2024-06-30,2024,572233,R,665622,R,field_out,False,False,259.0,0.244,61.0,23.55,26.0,10.04,0.812,0.24,25.81,12.6,12.7,25.3,25.22,17.78,497.0,0.259,95.0,19.11,42.0,8.45,0.8009999999999999,0.2129999999999999,26.19,12.83,14.15,26.98,26.84,15.33,61.0,0.308,8.0,13.11,7.0,11.48,0.858,0.173,17.21,8.54,12.2,20.73,25.58,10.67,278.0,0.247,64.0,23.02,30.0,10.79,0.796,0.218,27.38,12.79,14.88,27.68,28.05,20.71
747182,2024-06-30,2024,666971,R,665622,R,strikeout,True,False,228.0,0.228,45.0,19.74,10.0,4.39,0.621,0.12499999999999997,20.79,10.45,16.26,26.71,31.47,17.65,433.0,0.247,85.0,19.63,21.0,4.85,0.756,0.22,20.07,9.99,16.64,26.63,31.06,17.82,61.0,0.308,8.0,13.11,7.0,11.48,0.858,0.173,17.21,8.54,12.2,20.73,25.58,10.67,278.0,0.247,64.0,23.02,30.0,10.79,0.796,0.218,27.38,12.79,14.88,27.68,28.05,20.71
747182,2024-06-30,2024,664983,L,665622,R,field_out,False,False,170.0,0.25,29.0,17.06,15.0,8.82,0.7230000000000001,0.132,20.83,9.71,16.02,25.73,27.3,16.38,230.0,0.255,51.0,22.17,17.0,7.39,0.643,0.072,22.4,11.76,13.9,25.65,32.76,19.39,49.0,0.233,9.0,18.37,5.0,10.2,0.629,0.06899999999999998,18.18,8.16,14.8,22.96,21.57,18.37,217.0,0.266,42.0,19.35,27.0,12.44,0.786,0.1419999999999999,20.68,9.23,14.6,23.83,24.15,17.57
747182,2024-06-30,2024,649557,R,694297,R,field_out,False,False,22.0,0.091,5.0,22.73,0.0,0.0,0.182,0.0,22.5,13.04,20.29,33.33,46.67,29.41,207.0,0.225,42.0,20.29,8.0,3.86,0.6020000000000001,0.1,24.15,12.87,15.66,28.53,35.94,22.34,199.0,0.187,53.0,26.63,11.0,5.53,0.589,0.16599999999999998,26.83,13.66,17.38,31.03,29.61,24.88,226.0,0.29,51.0,22.57,10.0,4.42,0.857,0.243,26.58,13.96,15.98,29.94,34.54,19.92
747182,2024-06-30,2024,668709,L,694297,R,strikeout,True,False,279.0,0.252,51.0,18.28,31.0,11.11,0.777,0.187,25.0,10.87,16.99,27.85,22.6,17.77,232.0,0.209,53.0,22.84,35.0,15.09,0.726,0.184,28.61,12.18,15.3,27.48,19.27,20.46,203.0,0.296,33.0,16.26,13.0,6.4,0.805,0.16600000000000004,19.47,9.13,18.26,27.39,27.78,16.02,196.0,0.273,43.0,21.94,16.0,8.16,0.867,0.261,23.08,10.53,17.04,27.57,23.51,19.2
747182,2024-06-30,2024,609280,R,694297,R,strikeout,True,False,114.0,0.294,16.0,14.04,4.0,3.51,0.692,0.08200000000000002,16.28,8.1,18.06,26.16,32.86,13.01,52.0,0.229,6.0,11.54,4.0,7.69,0.705,0.1879999999999999,14.58,7.49,13.9,21.39,30.93,12.77,199.0,0.187,53.0,26.63,11.0,5.53,0.589,0.16599999999999998,26.83,13.66,17.38,31.03,29.61,24.88,226.0,0.29,51.0,22.57,10.0,4.42,0.857,0.243,26.58,13.96,15.98,29.94,34.54,19.92
747182,2024-06-30,2024,553993,R,665622,R,strikeout,True,False,220.0,0.195,59.0,26.82,16.0,7.27,0.611,0.14300000000000002,30.7,14.41,15.09,29.5,26.23,22.26,537.0,0.227,161.0,29.98,48.0,8.94,0.706,0.167,32.3,14.54,16.91,31.45,23.96,22.87,61.0,0.308,8.0,13.11,7.0,11.48,0.858,0.173,17.21,8.54,12.2,20.73,25.58,10.67,278.0,0.247,64.0,23.02,30.0,10.79,0.796,0.218,27.38,12.79,14.88,27.68,28.05,20.71
747182,2024-06-30,2024,571466,L,665622,R,double,False,False,61.0,0.204,18.0,29.51,11.0,18.03,0.574,0.020000000000000018,24.74,9.88,19.75,29.63,18.97,25.0,106.0,0.191,33.0,31.13,10.0,9.43,0.508,0.043,24.64,11.67,18.08,29.75,29.3,20.75,49.0,0.233,9.0,18.37,5.0,10.2,0.629,0.06899999999999998,18.18,8.16,14.8,22.96,21.57,18.37,217.0,0.266,42.0,19.35,27.0,12.44,0.786,0.1419999999999999,20.68,9.23,14.6,23.83,24.15,17.57
747182,2024-06-30,2024,672695,L,665622,R,field_out,False,False,54.0,0.277,8.0,14.81,5.0,9.26,0.71,0.063,15.05,6.19,23.45,29.65,24.55,10.53,424.0,0.246,80.0,18.87,60.0,14.15,0.736,0.128,15.84,6.08,21.64,27.72,16.63,14.68,49.0,0.233,9.0,18.37,5.0,10.2,0.629,0.06899999999999998,18.18,8.16,14.8,22.96,21.57,18.37,217.0,0.266,42.0,19.35,27.0,12.44,0.786,0.1419999999999999,20.68,9.23,14.6,23.83,24.15,17.57
747182,2024-06-30,2024,682998,L,665622,R,field_out,False,False,235.0,0.221,38.0,16.17,29.0,12.34,0.647,0.10700000000000001,19.31,8.23,16.91,25.14,24.33,18.1,472.0,0.286,105.0,22.25,46.0,9.75,0.921,0.266,22.34,10.24,16.27,26.51,28.83,21.92,49.0,0.233,9.0,18.37,5.0,10.2,0.629,0.06899999999999998,18.18,8.16,14.8,22.96,21.57,18.37,217.0,0.266,42.0,19.35,27.0,12.44,0.786,0.1419999999999999,20.68,9.23,14.6,23.83,24.15,17.57
747182,2024-06-30,2024,667670,R,694297,R,field_error,False,False,225.0,0.268,81.0,36.0,23.0,10.22,0.828,0.21199999999999997,38.24,18.65,12.75,31.4,30.59,28.72,351.0,0.23,115.0,32.76,33.0,9.4,0.788,0.2419999999999999,37.94,17.82,16.3,34.12,28.65,23.47,199.0,0.187,53.0,26.63,11.0,5.53,0.589,0.16599999999999998,26.83,13.66,17.38,31.03,29.61,24.88,226.0,0.29,51.0,22.57,10.0,4.42,0.857,0.243,26.58,13.96,15.98,29.94,34.54,19.92
747182,2024-06-30,2024,691016,L,694297,R,strikeout,True,False,126.0,0.22,39.0,30.95,13.0,10.32,0.76,0.22,35.14,16.67,14.74,31.41,29.63,30.23,118.0,0.159,37.0,31.36,10.0,8.47,0.472,0.0839999999999999,33.93,16.67,14.91,31.58,29.36,28.91,203.0,0.296,33.0,16.26,13.0,6.4,0.805,0.16600000000000004,19.47,9.13,18.26,27.39,27.78,16.02,196.0,0.273,43.0,21.94,16.0,8.16,0.867,0.261,23.08,10.53,17.04,27.57,23.51,19.2
747182,2024-06-30,2024,668832,L,694297,R,strikeout,True,False,88.0,0.289,26.0,29.55,12.0,13.64,0.833,0.15800000000000003,43.51,19.03,14.77,33.81,18.93,26.53,,,,,,,,,,,,,,,203.0,0.296,33.0,16.26,13.0,6.4,0.805,0.16600000000000004,19.47,9.13,18.26,27.39,27.78,16.02,196.0,0.273,43.0,21.94,16.0,8.16,0.867,0.261,23.08,10.53,17.04,27.57,23.51,19.2
747182,2024-06-30,2024,663527,R,694297,R,field_out,False,False,106.0,0.223,26.0,24.53,11.0,10.38,0.63,0.096,29.08,13.67,16.55,30.22,25.82,22.03,79.0,0.167,18.0,22.78,9.0,11.39,0.5489999999999999,0.091,24.38,11.4,17.84,29.24,24.85,14.29,199.0,0.187,53.0,26.63,11.0,5.53,0.589,0.16599999999999998,26.83,13.66,17.38,31.03,29.61,24.88,226.0,0.29,51.0,22.57,10.0,4.42,0.857,0.243,26.58,13.96,15.98,29.94,34.54,19.92
747182,2024-06-30,2024,606466,L,665622,R,walk,False,True,229.0,0.266,47.0,20.52,22.0,9.61,0.759,0.16099999999999998,22.85,10.74,14.43,25.17,23.91,18.85,452.0,0.259,85.0,18.81,54.0,11.95,0.827,0.2199999999999999,20.87,9.03,16.76,25.8,21.17,17.28,49.0,0.233,9.0,18.37,5.0,10.2,0.629,0.06899999999999998,18.18,8.16,14.8,22.96,21.57,18.37,217.0,0.266,42.0,19.35,27.0,12.44,0.786,0.1419999999999999,20.68,9.23,14.6,23.83,24.15,17.57
747182,2024-06-30,2024,592626,L,665622,R,single,False,False,221.0,0.286,54.0,24.43,23.0,10.41,0.87,0.20600000000000002,24.22,11.2,17.29,28.49,29.61,21.26,373.0,0.241,74.0,19.84,49.0,13.14,0.786,0.194,24.13,10.89,15.07,25.96,29.36,16.09,49.0,0.233,9.0,18.37,5.0,10.2,0.629,0.06899999999999998,18.18,8.16,14.8,22.96,21.57,18.37,217.0,0.266,42.0,19.35,27.0,12.44,0.786,0.1419999999999999,20.68,9.23,14.6,23.83,24.15,17.57
747182,2024-06-30,2024,572233,R,665622,R,single,False,False,259.0,0.244,61.0,23.55,26.0,10.04,0.812,0.24,25.81,12.6,12.7,25.3,25.22,17.78,497.0,0.259,95.0,19.11,42.0,8.45,0.8009999999999999,0.2129999999999999,26.19,12.83,14.15,26.98,26.84,15.33,61.0,0.308,8.0,13.11,7.0,11.48,0.858,0.173,17.21,8.54,12.2,20.73,25.58,10.67,278.0,0.247,64.0,23.02,30.0,10.79,0.796,0.218,27.38,12.79,14.88,27.68,28.05,20.71
747182,2024-06-30,2024,666971,R,665622,R,strikeout,True,False,228.0,0.228,45.0,19.74,10.0,4.39,0.621,0.12499999999999997,20.79,10.45,16.26,26.71,31.47,17.65,433.0,0.247,85.0,19.63,21.0,4.85,0.756,0.22,20.07,9.99,16.64,26.63,31.06,17.82,61.0,0.308,8.0,13.11,7.0,11.48,0.858,0.173,17.21,8.54,12.2,20.73,25.58,10.67,278.0,0.247,64.0,23.02,30.0,10.79,0.796,0.218,27.38,12.79,14.88,27.68,28.05,20.71
747182,2024-06-30,2024,664983,L,665622,R,walk,False,True,170.0,0.25,29.0,17.06,15.0,8.82,0.7230000000000001,0.132,20.83,9.71,16.02,25.73,27.3,16.38,230.0,0.255,51.0,22.17,17.0,7.39,0.643,0.072,22.4,11.76,13.9,25.65,32.76,19.39,49.0,0.233,9.0,18.37,5.0,10.2,0.629,0.06899999999999998,18.18,8.16,14.8,22.96,21.57,18.37,217.0,0.266,42.0,19.35,27.0,12.44,0.786,0.1419999999999999,20.68,9.23,14.6,23.83,24.15,17.57
747182,2024-06-30,2024,553993,R,665622,R,field_out,False,False,220.0,0.195,59.0,26.82,16.0,7.27,0.611,0.14300000000000002,30.7,14.41,15.09,29.5,26.23,22.26,537.0,0.227,161.0,29.98,48.0,8.94,0.706,0.167,32.3,14.54,16.91,31.45,23.96,22.87,61.0,0.308,8.0,13.11,7.0,11.48,0.858,0.173,17.21,8.54,12.2,20.73,25.58,10.67,278.0,0.247,64.0,23.02,30.0,10.79,0.796,0.218,27.38,12.79,14.88,27.68,28.05,20.71
747182,2024-06-30,2024,571466,L,665622,R,field_out,False,False,61.0,0.204,18.0,29.51,11.0,18.03,0.574,0.020000000000000018,24.74,9.88,19.75,29.63,18.97,25.0,106.0,0.191,33.0,31.13,10.0,9.43,0.508,0.043,24.64,11.67,18.08,29.75,29.3,20.75,49.0,0.233,9.0,18.37,5.0,10.2,0.629,0.06899999999999998,18.18,8.16,14.8,22.96,21.57,18.37,217.0,0.266,42.0,19.35,27.0,12.44,0.786,0.1419999999999999,20.68,9.23,14.6,23.83,24.15,17.57
747182,2024-06-30,2024,680869,R,694297,R,home_run,False,False,197.0,0.21,69.0,35.03,12.0,6.09,0.627,0.155,35.55,18.1,15.62,33.72,28.99,29.74,220.0,0.303,54.0,24.55,18.0,8.18,0.969,0.298,30.92,15.24,15.12,30.36,29.22,21.29,199.0,0.187,53.0,26.63,11.0,5.53,0.589,0.16599999999999998,26.83,13.66,17.38,31.03,29.61,24.88,226.0,0.29,51.0,22.57,10.0,4.42,0.857,0.243,26.58,13.96,15.98,29.94,34.54,19.92
747182,2024-06-30,2024,671732,L,694297,R,single,False,False,128.0,0.195,37.0,28.91,14.0,10.94,0.573,0.09699999999999998,29.22,13.0,18.13,31.14,25.78,21.3,107.0,0.216,29.0,27.1,3.0,2.8,0.616,0.157,31.16,14.83,17.7,32.54,26.94,22.48,203.0,0.296,33.0,16.26,13.0,6.4,0.805,0.16600000000000004,19.47,9.13,18.26,27.39,27.78,16.02,196.0,0.273,43.0,21.94,16.0,8.16,0.867,0.261,23.08,10.53,17.04,27.57,23.51,19.2
747182,2024-06-30,2024,649557,R,694297,R,walk,False,True,22.0,0.091,5.0,22.73,0.0,0.0,0.182,0.0,22.5,13.04,20.29,33.33,46.67,29.41,207.0,0.225,42.0,20.29,8.0,3.86,0.6020000000000001,0.1,24.15,12.87,15.66,28.53,35.94,22.34,199.0,0.187,53.0,26.63,11.0,5.53,0.589,0.16599999999999998,26.83,13.66,17.38,31.03,29.61,24.88,226.0,0.29,51.0,22.57,10.0,4.42,0.857,0.243,26.58,13.96,15.98,29.94,34.54,19.92
747182,2024-06-30,2024,668709,L,694297,R,grounded_into_double_play,False,False,279.0,0.252,51.0,18.28,31.0,11.11,0.777,0.187,25.0,10.87,16.99,27.85,22.6,17.77,232.0,0.209,53.0,22.84,35.0,15.09,0.726,0.184,28.61,12.18,15.3,27.48,19.27,20.46,203.0,0.296,33.0,16.26,13.0,6.4,0.805,0.16600000000000004,19.47,9.13,18.26,27.39,27.78,16.02,196.0,0.273,43.0,21.94,16.0,8.16,0.867,0.261,23.08,10.53,17.04,27.57,23.51,19.2
747182,2024-06-30,2024,609280,R,694297,R,field_out,False,False,114.0,0.294,16.0,14.04,4.0,3.51,0.692,0.08200000000000002,16.28,8.1,18.06,26.16,32.86,13.01,52.0,0.229,6.0,11.54,4.0,7.69,0.705,0.1879999999999999,14.58,7.49,13.9,21.39,30.93,12.77,199.0,0.187,53.0,26.63,11.0,5.53,0.589,0.16599999999999998,26.83,13.66,17.38,31.03,29.61,24.88,226.0,0.29,51.0,22.57,10.0,4.42,0.857,0.243,26.58,13.96,15.98,29.94,34.54,19.92
747182,2024-06-30,2024,672695,L,665622,R,field_out,False,False,54.0,0.277,8.0,14.81,5.0,9.26,0.71,0.063,15.05,6.19,23.45,29.65,24.55,10.53,424.0,0.246,80.0,18.87,60.0,14.15,0.736,0.128,15.84,6.08,21.64,27.72,16.63,14.68,49.0,0.233,9.0,18.37,5.0,10.2,0.629,0.06899999999999998,18.18,8.16,14.8,22.96,21.57,18.37,217.0,0.266,42.0,19.35,27.0,12.44,0.786,0.1419999999999999,20.68,9.23,14.6,23.83,24.15,17.57
747182,2024-06-30,2024,682998,L,665622,R,field_out,False,False,235.0,0.221,38.0,16.17,29.0,12.34,0.647,0.10700000000000001,19.31,8.23,16.91,25.14,24.33,18.1,472.0,0.286,105.0,22.25,46.0,9.75,0.921,0.266,22.34,10.24,16.27,26.51,28.83,21.92,49.0,0.233,9.0,18.37,5.0,10.2,0.629,0.06899999999999998,18.18,8.16,14.8,22.96,21.57,18.37,217.0,0.266,42.0,19.35,27.0,12.44,0.786,0.1419999999999999,20.68,9.23,14.6,23.83,24.15,17.57
747182,2024-06-30,2024,606466,L,665622,R,field_out,False,False,229.0,0.266,47.0,20.52,22.0,9.61,0.759,0.16099999999999998,22.85,10.74,14.43,25.17,23.91,18.85,452.0,0.259,85.0,18.81,54.0,11.95,0.827,0.2199999999999999,20.87,9.03,16.76,25.8,21.17,17.28,49.0,0.233,9.0,18.37,5.0,10.2,0.629,0.06899999999999998,18.18,8.16,14.8,22.96,21.57,18.37,217.0,0.266,42.0,19.35,27.0,12.44,0.786,0.1419999999999999,20.68,9.23,14.6,23.83,24.15,17.57
747182,2024-06-30,2024,667670,R,694297,R,field_out,False,False,225.0,0.268,81.0,36.0,23.0,10.22,0.828,0.21199999999999997,38.24,18.65,12.75,31.4,30.59,28.72,351.0,0.23,115.0,32.76,33.0,9.4,0.788,0.2419999999999999,37.94,17.82,16.3,34.12,28.65,23.47,199.0,0.187,53.0,26.63,11.0,5.53,0.589,0.16599999999999998,26.83,13.66,17.38,31.03,29.61,24.88,226.0,0.29,51.0,22.57,10.0,4.42,0.857,0.243,26.58,13.96,15.98,29.94,34.54,19.92
747182,2024-06-30,2024,691016,L,694297,R,single,False,False,126.0,0.22,39.0,30.95,13.0,10.32,0.76,0.22,35.14,16.67,14.74,31.41,29.63,30.23,118.0,0.159,37.0,31.36,10.0,8.47,0.472,0.0839999999999999,33.93,16.67,14.91,31.58,29.36,28.91,203.0,0.296,33.0,16.26,13.0,6.4,0.805,0.16600000000000004,19.47,9.13,18.26,27.39,27.78,16.02,196.0,0.273,43.0,21.94,16.0,8.16,0.867,0.261,23.08,10.53,17.04,27.57,23.51,19.2
747182,2024-06-30,2024,668832,L,694297,R,single,False,False,88.0,0.289,26.0,29.55,12.0,13.64,0.833,0.15800000000000003,43.51,19.03,14.77,33.81,18.93,26.53,,,,,,,,,,,,,,,203.0,0.296,33.0,16.26,13.0,6.4,0.805,0.16600000000000004,19.47,9.13,18.26,27.39,27.78,16.02,196.0,0.273,43.0,21.94,16.0,8.16,0.867,0.261,23.08,10.53,17.04,27.57,23.51,19.2
747182,2024-06-30,2024,663527,R,694297,R,strikeout,True,False,106.0,0.223,26.0,24.53,11.0,10.38,0.63,0.096,29.08,13.67,16.55,30.22,25.82,22.03,79.0,0.167,18.0,22.78,9.0,11.39,0.5489999999999999,0.091,24.38,11.4,17.84,29.24,24.85,14.29,199.0,0.187,53.0,26.63,11.0,5.53,0.589,0.16599999999999998,26.83,13.66,17.38,31.03,29.61,24.88,226.0,0.29,51.0,22.57,10.0,4.42,0.857,0.243,26.58,13.96,15.98,29.94,34.54,19.92
747182,2024-06-30,2024,680869,R,694297,R,field_out,False,False,197.0,0.21,69.0,35.03,12.0,6.09,0.627,0.155,35.55,18.1,15.62,33.72,28.99,29.74,220.0,0.303,54.0,24.55,18.0,8.18,0.969,0.298,30.92,15.24,15.12,30.36,29.22,21.29,199.0,0.187,53.0,26.63,11.0,5.53,0.589,0.16599999999999998,26.83,13.66,17.38,31.03,29.61,24.88,226.0,0.29,51.0,22.57,10.0,4.42,0.857,0.243,26.58,13.96,15.98,29.94,34.54,19.92
747182,2024-06-30,2024,592626,L,665622,R,field_out,False,False,221.0,0.286,54.0,24.43,23.0,10.41,0.87,0.20600000000000002,24.22,11.2,17.29,28.49,29.61,21.26,373.0,0.241,74.0,19.84,49.0,13.14,0.786,0.194,24.13,10.89,15.07,25.96,29.36,16.09,49.0,0.233,9.0,18.37,5.0,10.2,0.629,0.06899999999999998,18.18,8.16,14.8,22.96,21.57,18.37,217.0,0.266,42.0,19.35,27.0,12.44,0.786,0.1419999999999999,20.68,9.23,14.6,23.83,24.15,17.57
747182,2024-06-30,2024,572233,R,665622,R,double,False,False,259.0,0.244,61.0,23.55,26.0,10.04,0.812,0.24,25.81,12.6,12.7,25.3,25.22,17.78,497.0,0.259,95.0,19.11,42.0,8.45,0.8009999999999999,0.2129999999999999,26.19,12.83,14.15,26.98,26.84,15.33,61.0,0.308,8.0,13.11,7.0,11.48,0.858,0.173,17.21,8.54,12.2,20.73,25.58,10.67,278.0,0.247,64.0,23.02,30.0,10.79,0.796,0.218,27.38,12.79,14.88,27.68,28.05,20.71
747182,2024-06-30,2024,666971,R,665622,R,strikeout,True,False,228.0,0.228,45.0,19.74,10.0,4.39,0.621,0.12499999999999997,20.79,10.45,16.26,26.71,31.47,17.65,433.0,0.247,85.0,19.63,21.0,4.85,0.756,0.22,20.07,9.99,16.64,26.63,31.06,17.82,61.0,0.308,8.0,13.11,7.0,11.48,0.858,0.173,17.21,8.54,12.2,20.73,25.58,10.67,278.0,0.247,64.0,23.02,30.0,10.79,0.796,0.218,27.38,12.79,14.88,27.68,28.05,20.71
747182,2024-06-30,2024,664983,L,665622,R,intent_walk,False,True,170.0,0.25,29.0,17.06,15.0,8.82,0.7230000000000001,0.132,20.83,9.71,16.02,25.73,27.3,16.38,230.0,0.255,51.0,22.17,17.0,7.39,0.643,0.072,22.4,11.76,13.9,25.65,32.76,19.39,49.0,0.233,9.0,18.37,5.0,10.2,0.629,0.06899999999999998,18.18,8.16,14.8,22.96,21.57,18.37,217.0,0.266,42.0,19.35,27.0,12.44,0.786,0.1419999999999999,20.68,9.23,14.6,23.83,24.15,17.57
747182,2024-06-30,2024,553993,R,665622,R,strikeout,True,False,220.0,0.195,59.0,26.82,16.0,7.27,0.611,0.14300000000000002,30.7,14.41,15.09,29.5,26.23,22.26,537.0,0.227,161.0,29.98,48.0,8.94,0.706,0.167,32.3,14.54,16.91,31.45,23.96,22.87,61.0,0.308,8.0,13.11,7.0,11.48,0.858,0.173,17.21,8.54,12.2,20.73,25.58,10.67,278.0,0.247,64.0,23.02,30.0,10.79,0.796,0.218,27.38,12.79,14.88,27.68,28.05,20.71
747182,2024-06-30,2024,663662,R,573009,L,field_out,False,False,17.0,0.267,5.0,29.41,2.0,11.76,1.153,0.533,32.35,15.07,10.96,26.03,21.95,20.83,,,,,,,,,,,,,,,64.0,0.228,13.0,20.31,7.0,10.94,0.645,0.10500000000000001,30.65,15.45,11.79,27.24,35.34,18.84,90.0,0.277,13.0,14.44,7.0,7.78,0.875,0.265,21.12,10.49,15.43,25.93,33.13,16.25
747182,2024-06-30,2024,649557,R,573009,L,field_out,False,False,5.0,0.2,2.0,40.0,0.0,0.0,0.4,0.0,26.67,16.67,12.5,29.17,36.36,18.18,137.0,0.234,24.0,17.52,9.0,6.57,0.6399999999999999,0.1209999999999999,19.42,9.92,14.77,24.68,32.16,19.2,64.0,0.228,13.0,20.31,7.0,10.94,0.645,0.10500000000000001,30.65,15.45,11.79,27.24,35.34,18.84,90.0,0.277,13.0,14.44,7.0,7.78,0.875,0.265,21.12,10.49,15.43,25.93,33.13,16.25
747182,2024-06-30,2024,668709,L,573009,L,strikeout,True,False,62.0,0.214,13.0,20.97,5.0,8.06,0.761,0.268,26.36,12.13,15.9,28.03,25.42,20.0,72.0,0.154,19.0,26.39,7.0,9.72,0.482,0.092,27.07,12.54,16.03,28.57,22.56,21.84,57.0,0.236,12.0,21.05,2.0,3.51,0.627,0.128,24.53,12.94,18.41,31.34,43.43,19.05,67.0,0.185,15.0,22.39,2.0,2.99,0.44,0.046,26.02,12.75,19.52,32.27,37.1,20.0
747182,2024-06-30,2024,545341,R,519008,L,hit_by_pitch,False,False,92.0,0.305,13.0,14.13,6.0,6.52,0.81,0.14600000000000002,21.66,10.46,15.38,25.85,28.66,17.11,134.0,0.328,17.0,12.69,12.0,8.96,0.995,0.2789999999999999,21.25,10.26,14.29,24.55,32.84,12.78,60.0,0.264,10.0,16.67,6.0,10.0,0.673,0.07600000000000001,18.52,8.06,18.55,26.61,30.33,14.49,6.0,0.6,1.0,16.67,0.0,0.0,1.467,0.2,31.25,15.62,12.5,28.12,42.86,6.25
747182,2024-06-30,2024,672695,R,519008,L,force_out,False,False,22.0,0.238,3.0,13.64,0.0,0.0,0.476,0.0,8.11,3.41,23.86,27.27,16.67,10.34,71.0,0.242,6.0,8.45,4.0,5.63,0.5780000000000001,0.032,11.11,4.68,20.14,24.82,19.85,7.59,60.0,0.264,10.0,16.67,6.0,10.0,0.673,0.07600000000000001,18.52,8.06,18.55,26.61,30.33,14.49,6.0,0.6,1.0,16.67,0.0,0.0,1.467,0.2,31.25,15.62,12.5,28.12,42.86,6.25
747182,2024-06-30,2024,682998,L,519008,L,double,False,False,108.0,0.196,23.0,21.3,7.0,6.48,0.547,0.08200000000000002,22.4,9.9,19.57,29.47,32.26,19.66,174.0,0.283,20.0,11.49,11.0,6.32,0.7210000000000001,0.099,19.57,8.84,18.17,27.0,25.0,14.71,65.0,0.242,12.0,18.46,2.0,3.08,0.6160000000000001,0.09700000000000003,22.86,10.71,22.77,33.48,31.63,21.43,5.0,0.25,1.0,20.0,1.0,20.0,0.65,0.0,42.86,15.79,10.53,26.32,16.67,100.0
747182,2024-06-30,2024,606466,R,519008,L,intent_walk,False,True,126.0,0.33,19.0,15.08,9.0,7.14,1.085,0.36599999999999994,22.71,12.29,9.93,22.22,34.78,17.92,199.0,0.313,24.0,12.06,17.0,8.54,0.879,0.184,19.78,9.92,12.91,22.83,31.78,12.7,60.0,0.264,10.0,16.67,6.0,10.0,0.673,0.07600000000000001,18.52,8.06,18.55,26.61,30.33,14.49,6.0,0.6,1.0,16.67,0.0,0.0,1.467,0.2,31.25,15.62,12.5,28.12,42.86,6.25
747182,2024-06-30,2024,677942,R,613534,R,single,False,False,90.0,0.217,21.0,23.33,6.0,6.67,0.555,0.060000000000000026,29.82,15.36,13.55,28.92,35.5,21.0,,,,,,,,,,,,,,,84.0,0.288,23.0,27.38,12.0,14.29,0.786,0.07600000000000001,40.54,16.81,17.65,34.45,24.08,22.55,52.0,0.267,12.0,23.08,4.0,7.69,0.721,0.0889999999999999,25.93,12.28,15.35,27.63,31.9,16.67
747182,2024-06-30,2024,572233,R,613534,R,single,False,False,259.0,0.244,61.0,23.55,26.0,10.04,0.812,0.24,25.81,12.6,12.7,25.3,25.22,17.78,497.0,0.259,95.0,19.11,42.0,8.45,0.8009999999999999,0.2129999999999999,26.19,12.83,14.15,26.98,26.84,15.33,84.0,0.288,23.0,27.38,12.0,14.29,0.786,0.07600000000000001,40.54,16.81,17.65,34.45,24.08,22.55,52.0,0.267,12.0,23.08,4.0,7.69,0.721,0.0889999999999999,25.93,12.28,15.35,27.63,31.9,16.67
747182,2024-06-30,2024,666971,R,613534,R,hit_by_pitch,False,False,228.0,0.228,45.0,19.74,10.0,4.39,0.621,0.12499999999999997,20.79,10.45,16.26,26.71,31.47,17.65,433.0,0.247,85.0,19.63,21.0,4.85,0.756,0.22,20.07,9.99,16.64,26.63,31.06,17.82,84.0,0.288,23.0,27.38,12.0,14.29,0.786,0.07600000000000001,40.54,16.81,17.65,34.45,24.08,22.55,52.0,0.267,12.0,23.08,4.0,7.69,0.721,0.0889999999999999,25.93,12.28,15.35,27.63,31.9,16.67
747182,2024-06-30,2024,664983,L,613534,R,field_out,False,False,170.0,0.25,29.0,17.06,15.0,8.82,0.7230000000000001,0.132,20.83,9.71,16.02,25.73,27.3,16.38,230.0,0.255,51.0,22.17,17.0,7.39,0.643,0.072,22.4,11.76,13.9,25.65,32.76,19.39,50.0,0.237,13.0,26.0,6.0,12.0,0.9339999999999999,0.28900000000000003,23.71,10.5,16.44,26.94,25.49,18.06,29.0,0.174,10.0,34.48,4.0,13.79,0.5189999999999999,0.0,35.71,14.81,17.78,32.59,22.73,21.28
747182,2024-06-30,2024,609280,R,657044,R,strikeout,True,False,114.0,0.294,16.0,14.04,4.0,3.51,0.692,0.08200000000000002,16.28,8.1,18.06,26.16,32.86,13.01,52.0,0.229,6.0,11.54,4.0,7.69,0.705,0.1879999999999999,14.58,7.49,13.9,21.39,30.93,12.77,72.0,0.243,17.0,23.61,2.0,2.78,0.635,0.128,22.96,11.65,19.17,30.83,37.29,19.32,73.0,0.169,14.0,19.18,7.0,9.59,0.5980000000000001,0.169,19.13,8.09,20.96,29.04,23.62,20.9
747182,2024-06-30,2024,667670,R,657044,R,strikeout,True,False,225.0,0.268,81.0,36.0,23.0,10.22,0.828,0.21199999999999997,38.24,18.65,12.75,31.4,30.59,28.72,351.0,0.23,115.0,32.76,33.0,9.4,0.788,0.2419999999999999,37.94,17.82,16.3,34.12,28.65,23.47,72.0,0.243,17.0,23.61,2.0,2.78,0.635,0.128,22.96,11.65,19.17,30.83,37.29,19.32,73.0,0.169,14.0,19.18,7.0,9.59,0.5980000000000001,0.169,19.13,8.09,20.96,29.04,23.62,20.9
747182,2024-06-30,2024,691016,L,657044,R,field_out,False,False,126.0,0.22,39.0,30.95,13.0,10.32,0.76,0.22,35.14,16.67,14.74,31.41,29.63,30.23,118.0,0.159,37.0,31.36,10.0,8.47,0.472,0.0839999999999999,33.93,16.67,14.91,31.58,29.36,28.91,57.0,0.241,7.0,12.28,2.0,3.51,0.638,0.129,15.38,8.16,17.35,25.51,35.05,13.73,48.0,0.209,7.0,14.58,1.0,2.08,0.579,0.093,15.85,7.43,18.29,25.71,25.64,16.28
747182,2024-06-30,2024,553993,R,656794,L,walk,False,True,91.0,0.205,31.0,34.07,10.0,10.99,0.5529999999999999,0.05100000000000002,31.71,13.44,18.6,32.04,22.11,26.27,158.0,0.252,53.0,33.54,22.0,13.92,0.743,0.13,34.48,14.75,15.49,30.24,22.05,25.0,33.0,0.308,4.0,12.12,6.0,18.18,0.976,0.23000000000000004,18.52,8.2,13.93,22.13,18.97,14.81,41.0,0.212,11.0,26.83,6.0,14.63,0.73,0.152,20.0,8.9,16.75,25.65,27.18,17.19
747182,2024-06-30,2024,645444,R,656794,L,sac_bunt,False,False,5.0,0.25,1.0,20.0,1.0,20.0,0.65,0.0,36.36,16.0,20.0,36.0,38.46,8.33,27.0,0.19,9.0,33.33,3.0,11.11,0.578,0.0959999999999999,22.64,9.23,19.23,28.46,24.29,21.43,33.0,0.308,4.0,12.12,6.0,18.18,0.976,0.23000000000000004,18.52,8.2,13.93,22.13,18.97,14.81,41.0,0.212,11.0,26.83,6.0,14.63,0.73,0.152,20.0,8.9,16.75,25.65,27.18,17.19
747182,2024-06-30,2024,672695,R,656794,L,double,False,False,22.0,0.238,3.0,13.64,0.0,0.0,0.476,0.0,8.11,3.41,23.86,27.27,16.67,10.34,71.0,0.242,6.0,8.45,4.0,5.63,0.5780000000000001,0.032,11.11,4.68,20.14,24.82,19.85,7.59,33.0,0.308,4.0,12.12,6.0,18.18,0.976,0.23000000000000004,18.52,8.2,13.93,22.13,18.97,14.81,41.0,0.212,11.0,26.83,6.0,14.63,0.73,0.152,20.0,8.9,16.75,25.65,27.18,17.19
747182,2024-06-30,2024,682998,L,656794,L,walk,False,True,108.0,0.196,23.0,21.3,7.0,6.48,0.547,0.08200000000000002,22.4,9.9,19.57,29.47,32.26,19.66,174.0,0.283,20.0,11.49,11.0,6.32,0.7210000000000001,0.099,19.57,8.84,18.17,27.0,25.0,14.71,8.0,0.0,3.0,37.5,0.0,0.0,0.125,0.0,36.36,10.81,21.62,32.43,15.0,27.27,20.0,0.059,6.0,30.0,3.0,15.0,0.259,0.0,24.39,11.11,18.89,30.0,28.21,16.67
747182,2024-06-30,2024,606466,R,656794,L,grounded_into_double_play,False,False,126.0,0.33,19.0,15.08,9.0,7.14,1.085,0.36599999999999994,22.71,12.29,9.93,22.22,34.78,17.92,199.0,0.313,24.0,12.06,17.0,8.54,0.879,0.184,19.78,9.92,12.91,22.83,31.78,12.7,33.0,0.308,4.0,12.12,6.0,18.18,0.976,0.23000000000000004,18.52,8.2,13.93,22.13,18.97,14.81,41.0,0.212,11.0,26.83,6.0,14.63,0.73,0.152,20.0,8.9,16.75,25.65,27.18,17.19
747182,2024-06-30,2024,668832,L,623149,R,strikeout,True,False,88.0,0.289,26.0,29.55,12.0,13.64,0.833,0.15800000000000003,43.51,19.03,14.77,33.81,18.93,26.53,,,,,,,,,,,,,,,27.0,0.083,6.0,22.22,3.0,11.11,0.268,0.0,19.57,9.47,14.74,24.21,20.93,23.08,120.0,0.202,39.0,32.5,15.0,12.5,0.6779999999999999,0.173,29.17,13.65,18.13,31.77,23.77,22.29
747182,2024-06-30,2024,663527,R,623149,R,field_out,False,False,106.0,0.223,26.0,24.53,11.0,10.38,0.63,0.096,29.08,13.67,16.55,30.22,25.82,22.03,79.0,0.167,18.0,22.78,9.0,11.39,0.5489999999999999,0.091,24.38,11.4,17.84,29.24,24.85,14.29,29.0,0.111,7.0,24.14,0.0,0.0,0.431,0.14800000000000002,24.64,14.41,15.25,29.66,17.95,16.67,129.0,0.214,41.0,31.78,9.0,6.98,0.6060000000000001,0.119,29.35,15.31,15.5,30.81,33.61,22.65
747182,2024-06-30,2024,680869,R,623149,R,strikeout,True,False,197.0,0.21,69.0,35.03,12.0,6.09,0.627,0.155,35.55,18.1,15.62,33.72,28.99,29.74,220.0,0.303,54.0,24.55,18.0,8.18,0.969,0.298,30.92,15.24,15.12,30.36,29.22,21.29,29.0,0.111,7.0,24.14,0.0,0.0,0.431,0.14800000000000002,24.64,14.41,15.25,29.66,17.95,16.67,129.0,0.214,41.0,31.78,9.0,6.98,0.6060000000000001,0.119,29.35,15.31,15.5,30.81,33.61,22.65
744916,2024-06-30,2024,683011,R,592332,R,strikeout,True,False,280.0,0.26,63.0,22.5,18.0,6.43,0.7130000000000001,0.138,24.2,11.75,18.12,29.87,30.5,19.09,467.0,0.198,132.0,28.27,36.0,7.71,0.624,0.1579999999999999,28.15,13.53,17.49,31.02,29.16,23.4,175.0,0.239,43.0,24.57,9.0,5.14,0.675,0.15400000000000003,24.19,12.93,13.94,26.87,35.67,18.61,416.0,0.218,134.0,32.21,27.0,6.49,0.6180000000000001,0.124,29.84,15.11,15.79,30.9,33.37,26.53
744916,2024-06-30,2024,665742,L,592332,R,single,False,False,259.0,0.295,45.0,17.37,48.0,18.53,0.996,0.27499999999999997,24.74,8.83,19.13,27.96,16.33,15.2,502.0,0.283,81.0,16.14,99.0,19.72,0.98,0.2730000000000001,18.45,6.31,19.31,25.62,15.09,14.14,194.0,0.28,41.0,21.13,11.0,5.67,0.8260000000000001,0.22499999999999998,24.27,11.7,16.58,28.28,28.61,17.15,350.0,0.25,103.0,29.43,28.0,8.0,0.731,0.172,27.92,13.34,17.63,30.97,31.79,21.06
744916,2024-06-30,2024,592450,R,592332,R,home_run,False,False,278.0,0.313,68.0,24.46,39.0,14.03,1.115,0.38699999999999996,30.91,13.6,14.73,28.34,19.9,19.77,384.0,0.266,109.0,28.39,77.0,20.05,1.011,0.3339999999999999,36.96,15.02,15.7,30.72,19.29,24.12,175.0,0.239,43.0,24.57,9.0,5.14,0.675,0.15400000000000003,24.19,12.93,13.94,26.87,35.67,18.61,416.0,0.218,134.0,32.21,27.0,6.49,0.6180000000000001,0.124,29.84,15.11,15.79,30.9,33.37,26.53
744916,2024-06-30,2024,657077,L,592332,R,field_out,False,False,241.0,0.262,34.0,14.11,16.0,6.64,0.737,0.16799999999999998,14.76,6.84,19.76,26.6,27.91,13.13,441.0,0.279,66.0,14.97,30.0,6.8,0.793,0.185,15.08,6.28,20.52,26.8,22.64,14.93,194.0,0.28,41.0,21.13,11.0,5.67,0.8260000000000001,0.22499999999999998,24.27,11.7,16.58,28.28,28.61,17.15,350.0,0.25,103.0,29.43,28.0,8.0,0.731,0.172,27.92,13.34,17.63,30.97,31.79,21.06
744916,2024-06-30,2024,650402,R,592332,R,field_out,False,False,257.0,0.229,58.0,22.57,22.0,8.56,0.6459999999999999,0.11899999999999997,25.05,11.56,16.4,27.96,21.1,16.62,544.0,0.273,78.0,14.34,50.0,9.19,0.772,0.1589999999999999,21.74,10.32,15.57,25.89,26.86,11.29,175.0,0.239,43.0,24.57,9.0,5.14,0.675,0.15400000000000003,24.19,12.93,13.94,26.87,35.67,18.61,416.0,0.218,134.0,32.21,27.0,6.49,0.6180000000000001,0.124,29.84,15.11,15.79,30.9,33.37,26.53
744916,2024-06-30,2024,643396,R,543037,R,field_out,False,False,202.0,0.293,28.0,13.86,10.0,4.95,0.777,0.14700000000000002,14.92,6.9,21.59,28.49,32.42,16.28,273.0,0.246,54.0,19.78,17.0,6.23,0.6479999999999999,0.1069999999999999,19.6,9.05,20.2,29.25,28.6,15.56,17.0,0.286,2.0,11.76,3.0,17.65,1.341,0.643,22.22,10.34,15.52,25.86,24.24,10.53,437.0,0.21,116.0,26.54,22.0,5.03,0.569,0.102,26.3,13.55,15.12,28.66,31.84,19.56
744916,2024-06-30,2024,687462,L,543037,R,field_out,False,False,65.0,0.32,10.0,15.38,11.0,16.92,0.949,0.15999999999999998,16.81,7.12,19.1,26.22,21.37,11.24,38.0,0.265,10.0,26.32,3.0,7.89,0.754,0.1469999999999999,27.14,13.01,17.12,30.14,25.35,21.74,20.0,0.333,3.0,15.0,2.0,10.0,1.0670000000000002,0.334,14.71,6.58,19.74,26.32,25.64,15.0,385.0,0.202,106.0,27.53,26.0,6.75,0.595,0.131,25.96,12.52,16.92,29.44,27.48,20.27
744916,2024-06-30,2024,665489,R,543037,R,single,False,False,296.0,0.3,52.0,17.57,28.0,9.46,0.8360000000000001,0.16800000000000004,24.6,11.78,15.54,27.33,27.35,14.61,558.0,0.26,85.0,15.23,48.0,8.6,0.792,0.2,23.83,12.29,11.94,24.23,30.21,15.37,17.0,0.286,2.0,11.76,3.0,17.65,1.341,0.643,22.22,10.34,15.52,25.86,24.24,10.53,437.0,0.21,116.0,26.54,22.0,5.03,0.569,0.102,26.3,13.55,15.12,28.66,31.84,19.56
744916,2024-06-30,2024,457759,R,543037,R,field_out,False,False,209.0,0.229,34.0,16.27,29.0,13.88,0.692,0.11400000000000002,18.4,8.28,16.99,25.27,25.42,10.56,462.0,0.273,78.0,16.88,33.0,7.14,0.765,0.1569999999999999,16.44,7.32,17.97,25.29,25.33,12.0,17.0,0.286,2.0,11.76,3.0,17.65,1.341,0.643,22.22,10.34,15.52,25.86,24.24,10.53,437.0,0.21,116.0,26.54,22.0,5.03,0.569,0.102,26.3,13.55,15.12,28.66,31.84,19.56
744916,2024-06-30,2024,700250,L,592332,R,walk,False,True,22.0,0.389,1.0,4.55,3.0,13.64,0.899,0.05499999999999999,20.45,9.68,11.83,21.51,22.45,3.33,,,,,,,,,,,,,,,194.0,0.28,41.0,21.13,11.0,5.67,0.8260000000000001,0.22499999999999998,24.27,11.7,16.58,28.28,28.61,17.15,350.0,0.25,103.0,29.43,28.0,8.0,0.731,0.172,27.92,13.34,17.63,30.97,31.79,21.06
744916,2024-06-30,2024,669224,L,592332,R,walk,False,True,138.0,0.212,28.0,20.29,16.0,11.59,0.6679999999999999,0.152,27.67,13.23,14.18,27.41,24.55,17.88,69.0,0.25,12.0,17.39,3.0,4.35,0.81,0.281,28.48,16.48,10.99,27.47,38.03,14.46,194.0,0.28,41.0,21.13,11.0,5.67,0.8260000000000001,0.22499999999999998,24.27,11.7,16.58,28.28,28.61,17.15,350.0,0.25,103.0,29.43,28.0,8.0,0.731,0.172,27.92,13.34,17.63,30.97,31.79,21.06
744916,2024-06-30,2024,518934,R,592332,R,single,False,False,63.0,0.185,13.0,20.63,8.0,12.7,0.494,0.01899999999999999,19.05,8.4,20.59,28.99,26.92,20.0,450.0,0.241,100.0,22.22,45.0,10.0,0.7070000000000001,0.146,19.38,7.76,24.06,31.82,23.84,20.0,175.0,0.239,43.0,24.57,9.0,5.14,0.675,0.15400000000000003,24.19,12.93,13.94,26.87,35.67,18.61,416.0,0.218,134.0,32.21,27.0,6.49,0.6180000000000001,0.124,29.84,15.11,15.79,30.9,33.37,26.53
744916,2024-06-30,2024,663757,L,592332,R,single,False,False,71.0,0.123,22.0,30.99,11.0,15.49,0.657,0.263,25.26,7.72,25.72,33.44,8.33,25.58,412.0,0.178,118.0,28.64,56.0,13.59,0.623,0.147,29.65,12.55,17.63,30.18,22.3,21.15,194.0,0.28,41.0,21.13,11.0,5.67,0.8260000000000001,0.22499999999999998,24.27,11.7,16.58,28.28,28.61,17.15,350.0,0.25,103.0,29.43,28.0,8.0,0.731,0.172,27.92,13.34,17.63,30.97,31.79,21.06
744916,2024-06-30,2024,683011,R,592332,R,strikeout,True,False,280.0,0.26,63.0,22.5,18.0,6.43,0.7130000000000001,0.138,24.2,11.75,18.12,29.87,30.5,19.09,467.0,0.198,132.0,28.27,36.0,7.71,0.624,0.1579999999999999,28.15,13.53,17.49,31.02,29.16,23.4,175.0,0.239,43.0,24.57,9.0,5.14,0.675,0.15400000000000003,24.19,12.93,13.94,26.87,35.67,18.61,416.0,0.218,134.0,32.21,27.0,6.49,0.6180000000000001,0.124,29.84,15.11,15.79,30.9,33.37,26.53
744916,2024-06-30,2024,665742,L,592332,R,walk,False,True,259.0,0.295,45.0,17.37,48.0,18.53,0.996,0.27499999999999997,24.74,8.83,19.13,27.96,16.33,15.2,502.0,0.283,81.0,16.14,99.0,19.72,0.98,0.2730000000000001,18.45,6.31,19.31,25.62,15.09,14.14,194.0,0.28,41.0,21.13,11.0,5.67,0.8260000000000001,0.22499999999999998,24.27,11.7,16.58,28.28,28.61,17.15,350.0,0.25,103.0,29.43,28.0,8.0,0.731,0.172,27.92,13.34,17.63,30.97,31.79,21.06
744916,2024-06-30,2024,592450,R,592332,R,strikeout,True,False,278.0,0.313,68.0,24.46,39.0,14.03,1.115,0.38699999999999996,30.91,13.6,14.73,28.34,19.9,19.77,384.0,0.266,109.0,28.39,77.0,20.05,1.011,0.3339999999999999,36.96,15.02,15.7,30.72,19.29,24.12,175.0,0.239,43.0,24.57,9.0,5.14,0.675,0.15400000000000003,24.19,12.93,13.94,26.87,35.67,18.61,416.0,0.218,134.0,32.21,27.0,6.49,0.6180000000000001,0.124,29.84,15.11,15.79,30.9,33.37,26.53
744916,2024-06-30,2024,657077,L,592332,R,field_out,False,False,241.0,0.262,34.0,14.11,16.0,6.64,0.737,0.16799999999999998,14.76,6.84,19.76,26.6,27.91,13.13,441.0,0.279,66.0,14.97,30.0,6.8,0.793,0.185,15.08,6.28,20.52,26.8,22.64,14.93,194.0,0.28,41.0,21.13,11.0,5.67,0.8260000000000001,0.22499999999999998,24.27,11.7,16.58,28.28,28.61,17.15,350.0,0.25,103.0,29.43,28.0,8.0,0.731,0.172,27.92,13.34,17.63,30.97,31.79,21.06
744916,2024-06-30,2024,543807,R,543037,R,single,False,False,241.0,0.224,40.0,16.6,23.0,9.54,0.6539999999999999,0.12599999999999997,23.06,11.87,13.75,25.62,23.66,16.53,539.0,0.262,101.0,18.74,43.0,7.98,0.738,0.1489999999999999,23.18,11.37,14.48,25.84,23.35,18.21,17.0,0.286,2.0,11.76,3.0,17.65,1.341,0.643,22.22,10.34,15.52,25.86,24.24,10.53,437.0,0.21,116.0,26.54,22.0,5.03,0.569,0.102,26.3,13.55,15.12,28.66,31.84,19.56
744916,2024-06-30,2024,662139,L,543037,R,strikeout,True,False,226.0,0.19,66.0,29.2,20.0,8.85,0.685,0.22999999999999998,26.96,12.61,15.95,28.56,25.38,23.83,466.0,0.202,111.0,23.82,36.0,7.73,0.662,0.19,25.51,12.84,15.05,27.89,29.23,18.26,20.0,0.333,3.0,15.0,2.0,10.0,1.0670000000000002,0.334,14.71,6.58,19.74,26.32,25.64,15.0,385.0,0.202,106.0,27.53,26.0,6.75,0.595,0.131,25.96,12.52,16.92,29.44,27.48,20.27
744916,2024-06-30,2024,643376,R,543037,R,hit_by_pitch,False,False,145.0,0.225,24.0,16.55,14.0,9.66,0.729,0.20099999999999998,18.78,7.65,19.8,27.45,20.89,12.85,215.0,0.237,46.0,21.4,16.0,7.44,0.784,0.221,25.13,11.59,15.17,26.76,23.75,20.09,17.0,0.286,2.0,11.76,3.0,17.65,1.341,0.643,22.22,10.34,15.52,25.86,24.24,10.53,437.0,0.21,116.0,26.54,22.0,5.03,0.569,0.102,26.3,13.55,15.12,28.66,31.84,19.56
744916,2024-06-30,2024,676391,R,543037,R,strikeout,True,False,86.0,0.226,8.0,9.3,1.0,1.16,0.59,0.13099999999999998,16.76,10.13,14.05,24.18,45.81,9.09,20.0,0.4,1.0,5.0,0.0,0.0,1.05,0.25,5.71,3.33,15.0,18.33,40.0,7.69,17.0,0.286,2.0,11.76,3.0,17.65,1.341,0.643,22.22,10.34,15.52,25.86,24.24,10.53,437.0,0.21,116.0,26.54,22.0,5.03,0.569,0.102,26.3,13.55,15.12,28.66,31.84,19.56
744916,2024-06-30,2024,595281,L,543037,R,strikeout,True,False,128.0,0.203,41.0,32.03,4.0,3.12,0.548,0.11099999999999999,36.5,19.96,11.64,31.6,34.85,28.67,312.0,0.26,63.0,20.19,25.0,8.01,0.753,0.1709999999999999,29.15,14.21,14.3,28.51,25.39,21.07,20.0,0.333,3.0,15.0,2.0,10.0,1.0670000000000002,0.334,14.71,6.58,19.74,26.32,25.64,15.0,385.0,0.202,106.0,27.53,26.0,6.75,0.595,0.131,25.96,12.52,16.92,29.44,27.48,20.27
744916,2024-06-30,2024,650402,R,592332,R,double,False,False,257.0,0.229,58.0,22.57,22.0,8.56,0.6459999999999999,0.11899999999999997,25.05,11.56,16.4,27.96,21.1,16.62,544.0,0.273,78.0,14.34,50.0,9.19,0.772,0.1589999999999999,21.74,10.32,15.57,25.89,26.86,11.29,175.0,0.239,43.0,24.57,9.0,5.14,0.675,0.15400000000000003,24.19,12.93,13.94,26.87,35.67,18.61,416.0,0.218,134.0,32.21,27.0,6.49,0.6180000000000001,0.124,29.84,15.11,15.79,30.9,33.37,26.53
744916,2024-06-30,2024,700250,L,592332,R,field_out,False,False,22.0,0.389,1.0,4.55,3.0,13.64,0.899,0.05499999999999999,20.45,9.68,11.83,21.51,22.45,3.33,,,,,,,,,,,,,,,194.0,0.28,41.0,21.13,11.0,5.67,0.8260000000000001,0.22499999999999998,24.27,11.7,16.58,28.28,28.61,17.15,350.0,0.25,103.0,29.43,28.0,8.0,0.731,0.172,27.92,13.34,17.63,30.97,31.79,21.06
744916,2024-06-30,2024,669224,L,592332,R,strikeout,True,False,138.0,0.212,28.0,20.29,16.0,11.59,0.6679999999999999,0.152,27.67,13.23,14.18,27.41,24.55,17.88,69.0,0.25,12.0,17.39,3.0,4.35,0.81,0.281,28.48,16.48,10.99,27.47,38.03,14.46,194.0,0.28,41.0,21.13,11.0,5.67,0.8260000000000001,0.22499999999999998,24.27,11.7,16.58,28.28,28.61,17.15,350.0,0.25,103.0,29.43,28.0,8.0,0.731,0.172,27.92,13.34,17.63,30.97,31.79,21.06
744916,2024-06-30,2024,518934,R,592332,R,field_out,False,False,63.0,0.185,13.0,20.63,8.0,12.7,0.494,0.01899999999999999,19.05,8.4,20.59,28.99,26.92,20.0,450.0,0.241,100.0,22.22,45.0,10.0,0.7070000000000001,0.146,19.38,7.76,24.06,31.82,23.84,20.0,175.0,0.239,43.0,24.57,9.0,5.14,0.675,0.15400000000000003,24.19,12.93,13.94,26.87,35.67,18.61,416.0,0.218,134.0,32.21,27.0,6.49,0.6180000000000001,0.124,29.84,15.11,15.79,30.9,33.37,26.53
744916,2024-06-30,2024,643396,R,543037,R,field_out,False,False,202.0,0.293,28.0,13.86,10.0,4.95,0.777,0.14700000000000002,14.92,6.9,21.59,28.49,32.42,16.28,273.0,0.246,54.0,19.78,17.0,6.23,0.6479999999999999,0.1069999999999999,19.6,9.05,20.2,29.25,28.6,15.56,17.0,0.286,2.0,11.76,3.0,17.65,1.341,0.643,22.22,10.34,15.52,25.86,24.24,10.53,437.0,0.21,116.0,26.54,22.0,5.03,0.569,0.102,26.3,13.55,15.12,28.66,31.84,19.56
744916,2024-06-30,2024,687462,L,543037,R,walk,False,True,65.0,0.32,10.0,15.38,11.0,16.92,0.949,0.15999999999999998,16.81,7.12,19.1,26.22,21.37,11.24,38.0,0.265,10.0,26.32,3.0,7.89,0.754,0.1469999999999999,27.14,13.01,17.12,30.14,25.35,21.74,20.0,0.333,3.0,15.0,2.0,10.0,1.0670000000000002,0.334,14.71,6.58,19.74,26.32,25.64,15.0,385.0,0.202,106.0,27.53,26.0,6.75,0.595,0.131,25.96,12.52,16.92,29.44,27.48,20.27
744916,2024-06-30,2024,665489,R,543037,R,hit_by_pitch,False,False,296.0,0.3,52.0,17.57,28.0,9.46,0.8360000000000001,0.16800000000000004,24.6,11.78,15.54,27.33,27.35,14.61,558.0,0.26,85.0,15.23,48.0,8.6,0.792,0.2,23.83,12.29,11.94,24.23,30.21,15.37,17.0,0.286,2.0,11.76,3.0,17.65,1.341,0.643,22.22,10.34,15.52,25.86,24.24,10.53,437.0,0.21,116.0,26.54,22.0,5.03,0.569,0.102,26.3,13.55,15.12,28.66,31.84,19.56
744916,2024-06-30,2024,457759,R,543037,R,single,False,False,209.0,0.229,34.0,16.27,29.0,13.88,0.692,0.11400000000000002,18.4,8.28,16.99,25.27,25.42,10.56,462.0,0.273,78.0,16.88,33.0,7.14,0.765,0.1569999999999999,16.44,7.32,17.97,25.29,25.33,12.0,17.0,0.286,2.0,11.76,3.0,17.65,1.341,0.643,22.22,10.34,15.52,25.86,24.24,10.53,437.0,0.21,116.0,26.54,22.0,5.03,0.569,0.102,26.3,13.55,15.12,28.66,31.84,19.56
744916,2024-06-30,2024,543807,R,543037,R,grounded_into_double_play,False,False,241.0,0.224,40.0,16.6,23.0,9.54,0.6539999999999999,0.12599999999999997,23.06,11.87,13.75,25.62,23.66,16.53,539.0,0.262,101.0,18.74,43.0,7.98,0.738,0.1489999999999999,23.18,11.37,14.48,25.84,23.35,18.21,17.0,0.286,2.0,11.76,3.0,17.65,1.341,0.643,22.22,10.34,15.52,25.86,24.24,10.53,437.0,0.21,116.0,26.54,22.0,5.03,0.569,0.102,26.3,13.55,15.12,28.66,31.84,19.56
744916,2024-06-30,2024,663757,L,592332,R,strikeout,True,False,71.0,0.123,22.0,30.99,11.0,15.49,0.657,0.263,25.26,7.72,25.72,33.44,8.33,25.58,412.0,0.178,118.0,28.64,56.0,13.59,0.623,0.147,29.65,12.55,17.63,30.18,22.3,21.15,194.0,0.28,41.0,21.13,11.0,5.67,0.8260000000000001,0.22499999999999998,24.27,11.7,16.58,28.28,28.61,17.15,350.0,0.25,103.0,29.43,28.0,8.0,0.731,0.172,27.92,13.34,17.63,30.97,31.79,21.06
744916,2024-06-30,2024,683011,R,592332,R,strikeout,True,False,280.0,0.26,63.0,22.5,18.0,6.43,0.7130000000000001,0.138,24.2,11.75,18.12,29.87,30.5,19.09,467.0,0.198,132.0,28.27,36.0,7.71,0.624,0.1579999999999999,28.15,13.53,17.49,31.02,29.16,23.4,175.0,0.239,43.0,24.57,9.0,5.14,0.675,0.15400000000000003,24.19,12.93,13.94,26.87,35.67,18.61,416.0,0.218,134.0,32.21,27.0,6.49,0.6180000000000001,0.124,29.84,15.11,15.79,30.9,33.37,26.53
744916,2024-06-30,2024,665742,L,592332,R,walk,False,True,259.0,0.295,45.0,17.37,48.0,18.53,0.996,0.27499999999999997,24.74,8.83,19.13,27.96,16.33,15.2,502.0,0.283,81.0,16.14,99.0,19.72,0.98,0.2730000000000001,18.45,6.31,19.31,25.62,15.09,14.14,194.0,0.28,41.0,21.13,11.0,5.67,0.8260000000000001,0.22499999999999998,24.27,11.7,16.58,28.28,28.61,17.15,350.0,0.25,103.0,29.43,28.0,8.0,0.731,0.172,27.92,13.34,17.63,30.97,31.79,21.06
744916,2024-06-30,2024,592450,R,592332,R,hit_by_pitch,False,False,278.0,0.313,68.0,24.46,39.0,14.03,1.115,0.38699999999999996,30.91,13.6,14.73,28.34,19.9,19.77,384.0,0.266,109.0,28.39,77.0,20.05,1.011,0.3339999999999999,36.96,15.02,15.7,30.72,19.29,24.12,175.0,0.239,43.0,24.57,9.0,5.14,0.675,0.15400000000000003,24.19,12.93,13.94,26.87,35.67,18.61,416.0,0.218,134.0,32.21,27.0,6.49,0.6180000000000001,0.124,29.84,15.11,15.79,30.9,33.37,26.53
744916,2024-06-30,2024,657077,L,592332,R,strikeout,True,False,241.0,0.262,34.0,14.11,16.0,6.64,0.737,0.16799999999999998,14.76,6.84,19.76,26.6,27.91,13.13,441.0,0.279,66.0,14.97,30.0,6.8,0.793,0.185,15.08,6.28,20.52,26.8,22.64,14.93,194.0,0.28,41.0,21.13,11.0,5.67,0.8260000000000001,0.22499999999999998,24.27,11.7,16.58,28.28,28.61,17.15,350.0,0.25,103.0,29.43,28.0,8.0,0.731,0.172,27.92,13.34,17.63,30.97,31.79,21.06
744916,2024-06-30,2024,662139,L,543037,R,strikeout,True,False,226.0,0.19,66.0,29.2,20.0,8.85,0.685,0.22999999999999998,26.96,12.61,15.95,28.56,25.38,23.83,466.0,0.202,111.0,23.82,36.0,7.73,0.662,0.19,25.51,12.84,15.05,27.89,29.23,18.26,20.0,0.333,3.0,15.0,2.0,10.0,1.0670000000000002,0.334,14.71,6.58,19.74,26.32,25.64,15.0,385.0,0.202,106.0,27.53,26.0,6.75,0.595,0.131,25.96,12.52,16.92,29.44,27.48,20.27
744916,2024-06-30,2024,643376,R,543037,R,field_out,False,False,145.0,0.225,24.0,16.55,14.0,9.66,0.729,0.20099999999999998,18.78,7.65,19.8,27.45,20.89,12.85,215.0,0.237,46.0,21.4,16.0,7.44,0.784,0.221,25.13,11.59,15.17,26.76,23.75,20.09,17.0,0.286,2.0,11.76,3.0,17.65,1.341,0.643,22.22,10.34,15.52,25.86,24.24,10.53,437.0,0.21,116.0,26.54,22.0,5.03,0.569,0.102,26.3,13.55,15.12,28.66,31.84,19.56
744916,2024-06-30,2024,676391,R,543037,R,field_out,False,False,86.0,0.226,8.0,9.3,1.0,1.16,0.59,0.13099999999999998,16.76,10.13,14.05,24.18,45.81,9.09,20.0,0.4,1.0,5.0,0.0,0.0,1.05,0.25,5.71,3.33,15.0,18.33,40.0,7.69,17.0,0.286,2.0,11.76,3.0,17.65,1.341,0.643,22.22,10.34,15.52,25.86,24.24,10.53,437.0,0.21,116.0,26.54,22.0,5.03,0.569,0.102,26.3,13.55,15.12,28.66,31.84,19.56
744916,2024-06-30,2024,650402,R,592332,R,single,False,False,257.0,0.229,58.0,22.57,22.0,8.56,0.6459999999999999,0.11899999999999997,25.05,11.56,16.4,27.96,21.1,16.62,544.0,0.273,78.0,14.34,50.0,9.19,0.772,0.1589999999999999,21.74,10.32,15.57,25.89,26.86,11.29,175.0,0.239,43.0,24.57,9.0,5.14,0.675,0.15400000000000003,24.19,12.93,13.94,26.87,35.67,18.61,416.0,0.218,134.0,32.21,27.0,6.49,0.6180000000000001,0.124,29.84,15.11,15.79,30.9,33.37,26.53
744916,2024-06-30,2024,700250,L,592332,R,walk,False,True,22.0,0.389,1.0,4.55,3.0,13.64,0.899,0.05499999999999999,20.45,9.68,11.83,21.51,22.45,3.33,,,,,,,,,,,,,,,194.0,0.28,41.0,21.13,11.0,5.67,0.8260000000000001,0.22499999999999998,24.27,11.7,16.58,28.28,28.61,17.15,350.0,0.25,103.0,29.43,28.0,8.0,0.731,0.172,27.92,13.34,17.63,30.97,31.79,21.06
744916,2024-06-30,2024,669224,L,592332,R,field_out,False,False,138.0,0.212,28.0,20.29,16.0,11.59,0.6679999999999999,0.152,27.67,13.23,14.18,27.41,24.55,17.88,69.0,0.25,12.0,17.39,3.0,4.35,0.81,0.281,28.48,16.48,10.99,27.47,38.03,14.46,194.0,0.28,41.0,21.13,11.0,5.67,0.8260000000000001,0.22499999999999998,24.27,11.7,16.58,28.28,28.61,17.15,350.0,0.25,103.0,29.43,28.0,8.0,0.731,0.172,27.92,13.34,17.63,30.97,31.79,21.06
744916,2024-06-30,2024,518934,R,592332,R,double,False,False,63.0,0.185,13.0,20.63,8.0,12.7,0.494,0.01899999999999999,19.05,8.4,20.59,28.99,26.92,20.0,450.0,0.241,100.0,22.22,45.0,10.0,0.7070000000000001,0.146,19.38,7.76,24.06,31.82,23.84,20.0,175.0,0.239,43.0,24.57,9.0,5.14,0.675,0.15400000000000003,24.19,12.93,13.94,26.87,35.67,18.61,416.0,0.218,134.0,32.21,27.0,6.49,0.6180000000000001,0.124,29.84,15.11,15.79,30.9,33.37,26.53
744916,2024-06-30,2024,663757,L,650893,L,double,False,False,18.0,0.188,7.0,38.89,1.0,5.56,0.466,0.0,21.74,7.35,27.94,35.29,20.69,33.33,143.0,0.256,36.0,25.17,19.0,13.29,0.792,0.174,23.81,9.31,23.01,32.32,19.92,20.57,64.0,0.196,10.0,15.62,5.0,7.81,0.681,0.21499999999999997,26.61,13.87,10.5,24.37,25.83,15.87,111.0,0.198,31.0,27.93,7.0,6.31,0.63,0.1679999999999999,31.68,15.17,17.06,32.23,29.76,26.5
744916,2024-06-30,2024,683011,R,650893,L,field_out,False,False,107.0,0.276,21.0,19.63,8.0,7.48,0.718,0.11199999999999999,19.02,9.13,18.5,27.63,27.14,17.36,134.0,0.248,35.0,26.12,16.0,11.94,0.817,0.2309999999999999,28.81,13.49,15.8,29.29,27.07,23.49,77.0,0.318,10.0,12.99,9.0,11.69,0.86,0.15199999999999997,21.31,9.81,17.74,27.55,26.67,14.08,128.0,0.264,27.0,21.09,17.0,13.28,0.804,0.181,28.36,14.05,11.65,25.69,30.85,15.52
744916,2024-06-30,2024,665742,L,650893,L,field_out,False,False,108.0,0.321,15.0,13.89,21.0,19.44,1.025,0.24999999999999994,16.48,6.22,19.31,25.54,18.8,11.19,207.0,0.256,48.0,23.19,33.0,15.94,0.813,0.18,25.32,9.65,20.51,30.16,20.61,20.17,64.0,0.196,10.0,15.62,5.0,7.81,0.681,0.21499999999999997,26.61,13.87,10.5,24.37,25.83,15.87,111.0,0.198,31.0,27.93,7.0,6.31,0.63,0.1679999999999999,31.68,15.17,17.06,32.23,29.76,26.5
744916,2024-06-30,2024,595281,L,543037,R,strikeout,True,False,128.0,0.203,41.0,32.03,4.0,3.12,0.548,0.11099999999999999,36.5,19.96,11.64,31.6,34.85,28.67,312.0,0.26,63.0,20.19,25.0,8.01,0.753,0.1709999999999999,29.15,14.21,14.3,28.51,25.39,21.07,20.0,0.333,3.0,15.0,2.0,10.0,1.0670000000000002,0.334,14.71,6.58,19.74,26.32,25.64,15.0,385.0,0.202,106.0,27.53,26.0,6.75,0.595,0.131,25.96,12.52,16.92,29.44,27.48,20.27
744916,2024-06-30,2024,643396,R,543037,R,field_out,False,False,202.0,0.293,28.0,13.86,10.0,4.95,0.777,0.14700000000000002,14.92,6.9,21.59,28.49,32.42,16.28,273.0,0.246,54.0,19.78,17.0,6.23,0.6479999999999999,0.1069999999999999,19.6,9.05,20.2,29.25,28.6,15.56,17.0,0.286,2.0,11.76,3.0,17.65,1.341,0.643,22.22,10.34,15.52,25.86,24.24,10.53,437.0,0.21,116.0,26.54,22.0,5.03,0.569,0.102,26.3,13.55,15.12,28.66,31.84,19.56
744916,2024-06-30,2024,687462,L,543037,R,strikeout,True,False,65.0,0.32,10.0,15.38,11.0,16.92,0.949,0.15999999999999998,16.81,7.12,19.1,26.22,21.37,11.24,38.0,0.265,10.0,26.32,3.0,7.89,0.754,0.1469999999999999,27.14,13.01,17.12,30.14,25.35,21.74,20.0,0.333,3.0,15.0,2.0,10.0,1.0670000000000002,0.334,14.71,6.58,19.74,26.32,25.64,15.0,385.0,0.202,106.0,27.53,26.0,6.75,0.595,0.131,25.96,12.52,16.92,29.44,27.48,20.27
744916,2024-06-30,2024,592450,R,663878,R,strikeout,True,False,278.0,0.313,68.0,24.46,39.0,14.03,1.115,0.38699999999999996,30.91,13.6,14.73,28.34,19.9,19.77,384.0,0.266,109.0,28.39,77.0,20.05,1.011,0.3339999999999999,36.96,15.02,15.7,30.72,19.29,24.12,81.0,0.31,21.0,25.93,7.0,8.64,0.919,0.23900000000000005,29.2,12.82,18.91,31.73,25.95,20.79,108.0,0.247,22.0,20.37,7.0,6.48,0.749,0.196,25.39,11.81,15.18,26.99,24.64,20.75
744916,2024-06-30,2024,657077,L,663878,R,double,False,False,241.0,0.262,34.0,14.11,16.0,6.64,0.737,0.16799999999999998,14.76,6.84,19.76,26.6,27.91,13.13,441.0,0.279,66.0,14.97,30.0,6.8,0.793,0.185,15.08,6.28,20.52,26.8,22.64,14.93,58.0,0.204,17.0,29.31,6.0,10.34,0.6399999999999999,0.143,22.77,10.04,19.21,29.26,22.32,28.33,74.0,0.194,21.0,28.38,11.0,14.86,0.679,0.1609999999999999,28.0,10.7,18.04,28.75,14.62,21.28
744916,2024-06-30,2024,650402,R,663878,R,strikeout,True,False,257.0,0.229,58.0,22.57,22.0,8.56,0.6459999999999999,0.11899999999999997,25.05,11.56,16.4,27.96,21.1,16.62,544.0,0.273,78.0,14.34,50.0,9.19,0.772,0.1589999999999999,21.74,10.32,15.57,25.89,26.86,11.29,81.0,0.31,21.0,25.93,7.0,8.64,0.919,0.23900000000000005,29.2,12.82,18.91,31.73,25.95,20.79,108.0,0.247,22.0,20.37,7.0,6.48,0.749,0.196,25.39,11.81,15.18,26.99,24.64,20.75
744916,2024-06-30,2024,700250,L,663878,R,double,False,False,22.0,0.389,1.0,4.55,3.0,13.64,0.899,0.05499999999999999,20.45,9.68,11.83,21.51,22.45,3.33,,,,,,,,,,,,,,,58.0,0.204,17.0,29.31,6.0,10.34,0.6399999999999999,0.143,22.77,10.04,19.21,29.26,22.32,28.33,74.0,0.194,21.0,28.38,11.0,14.86,0.679,0.1609999999999999,28.0,10.7,18.04,28.75,14.62,21.28
744916,2024-06-30,2024,669224,L,663878,R,strikeout,True,False,138.0,0.212,28.0,20.29,16.0,11.59,0.6679999999999999,0.152,27.67,13.23,14.18,27.41,24.55,17.88,69.0,0.25,12.0,17.39,3.0,4.35,0.81,0.281,28.48,16.48,10.99,27.47,38.03,14.46,58.0,0.204,17.0,29.31,6.0,10.34,0.6399999999999999,0.143,22.77,10.04,19.21,29.26,22.32,28.33,74.0,0.194,21.0,28.38,11.0,14.86,0.679,0.1609999999999999,28.0,10.7,18.04,28.75,14.62,21.28
744916,2024-06-30,2024,665489,R,543859,R,field_out,False,False,296.0,0.3,52.0,17.57,28.0,9.46,0.8360000000000001,0.16800000000000004,24.6,11.78,15.54,27.33,27.35,14.61,558.0,0.26,85.0,15.23,48.0,8.6,0.792,0.2,23.83,12.29,11.94,24.23,30.21,15.37,104.0,0.216,26.0,25.0,9.0,8.65,0.635,0.10200000000000001,29.69,13.48,18.2,31.68,32.13,19.55,172.0,0.19,42.0,24.42,11.0,6.4,0.613,0.183,25.53,12.71,17.19,29.9,29.81,17.8
744916,2024-06-30,2024,457759,R,543859,R,field_out,False,False,209.0,0.229,34.0,16.27,29.0,13.88,0.692,0.11400000000000002,18.4,8.28,16.99,25.27,25.42,10.56,462.0,0.273,78.0,16.88,33.0,7.14,0.765,0.1569999999999999,16.44,7.32,17.97,25.29,25.33,12.0,104.0,0.216,26.0,25.0,9.0,8.65,0.635,0.10200000000000001,29.69,13.48,18.2,31.68,32.13,19.55,172.0,0.19,42.0,24.42,11.0,6.4,0.613,0.183,25.53,12.71,17.19,29.9,29.81,17.8
744916,2024-06-30,2024,543807,R,543859,R,strikeout,True,False,241.0,0.224,40.0,16.6,23.0,9.54,0.6539999999999999,0.12599999999999997,23.06,11.87,13.75,25.62,23.66,16.53,539.0,0.262,101.0,18.74,43.0,7.98,0.738,0.1489999999999999,23.18,11.37,14.48,25.84,23.35,18.21,104.0,0.216,26.0,25.0,9.0,8.65,0.635,0.10200000000000001,29.69,13.48,18.2,31.68,32.13,19.55,172.0,0.19,42.0,24.42,11.0,6.4,0.613,0.183,25.53,12.71,17.19,29.9,29.81,17.8
744916,2024-06-30,2024,518934,R,621016,R,field_out,False,False,63.0,0.185,13.0,20.63,8.0,12.7,0.494,0.01899999999999999,19.05,8.4,20.59,28.99,26.92,20.0,450.0,0.241,100.0,22.22,45.0,10.0,0.7070000000000001,0.146,19.38,7.76,24.06,31.82,23.84,20.0,44.0,0.237,10.0,22.73,3.0,6.82,0.7090000000000001,0.131,32.88,15.58,15.58,31.17,25.0,28.57,176.0,0.279,34.0,19.32,18.0,10.23,0.763,0.124,24.52,11.18,17.06,28.24,28.21,17.8
744916,2024-06-30,2024,663757,L,621016,R,strikeout,True,False,71.0,0.123,22.0,30.99,11.0,15.49,0.657,0.263,25.26,7.72,25.72,33.44,8.33,25.58,412.0,0.178,118.0,28.64,56.0,13.59,0.623,0.147,29.65,12.55,17.63,30.18,22.3,21.15,26.0,0.409,5.0,19.23,3.0,11.54,1.326,0.455,21.82,9.84,14.75,24.59,27.54,11.63,117.0,0.211,37.0,31.62,17.0,14.53,0.77,0.1999999999999999,37.05,16.7,13.68,30.38,26.13,25.69
744916,2024-06-30,2024,683011,R,621016,R,field_out,False,False,280.0,0.26,63.0,22.5,18.0,6.43,0.7130000000000001,0.138,24.2,11.75,18.12,29.87,30.5,19.09,467.0,0.198,132.0,28.27,36.0,7.71,0.624,0.1579999999999999,28.15,13.53,17.49,31.02,29.16,23.4,44.0,0.237,10.0,22.73,3.0,6.82,0.7090000000000001,0.131,32.88,15.58,15.58,31.17,25.0,28.57,176.0,0.279,34.0,19.32,18.0,10.23,0.763,0.124,24.52,11.18,17.06,28.24,28.21,17.8
744916,2024-06-30,2024,662139,L,543859,R,strikeout,True,False,226.0,0.19,66.0,29.2,20.0,8.85,0.685,0.22999999999999998,26.96,12.61,15.95,28.56,25.38,23.83,466.0,0.202,111.0,23.82,36.0,7.73,0.662,0.19,25.51,12.84,15.05,27.89,29.23,18.26,53.0,0.156,10.0,18.87,6.0,11.32,0.46699999999999997,0.066,19.81,9.55,13.18,22.73,26.27,12.35,153.0,0.248,33.0,21.57,12.0,7.84,0.7030000000000001,0.139,24.04,12.14,15.53,27.67,29.01,16.02
744916,2024-06-30,2024,643376,R,543859,R,strikeout,True,False,145.0,0.225,24.0,16.55,14.0,9.66,0.729,0.20099999999999998,18.78,7.65,19.8,27.45,20.89,12.85,215.0,0.237,46.0,21.4,16.0,7.44,0.784,0.221,25.13,11.59,15.17,26.76,23.75,20.09,104.0,0.216,26.0,25.0,9.0,8.65,0.635,0.10200000000000001,29.69,13.48,18.2,31.68,32.13,19.55,172.0,0.19,42.0,24.42,11.0,6.4,0.613,0.183,25.53,12.71,17.19,29.9,29.81,17.8
744916,2024-06-30,2024,676391,R,543859,R,single,False,False,86.0,0.226,8.0,9.3,1.0,1.16,0.59,0.13099999999999998,16.76,10.13,14.05,24.18,45.81,9.09,20.0,0.4,1.0,5.0,0.0,0.0,1.05,0.25,5.71,3.33,15.0,18.33,40.0,7.69,104.0,0.216,26.0,25.0,9.0,8.65,0.635,0.10200000000000001,29.69,13.48,18.2,31.68,32.13,19.55,172.0,0.19,42.0,24.42,11.0,6.4,0.613,0.183,25.53,12.71,17.19,29.9,29.81,17.8
744916,2024-06-30,2024,595281,L,657612,L,field_out,False,False,34.0,0.167,12.0,35.29,4.0,11.76,0.465,0.033,38.1,18.05,13.53,31.58,32.43,32.43,96.0,0.281,23.0,23.96,4.0,4.17,0.708,0.1009999999999999,35.75,18.44,15.85,34.29,33.33,23.23,58.0,0.377,4.0,6.9,4.0,6.9,0.884,0.07600000000000001,12.77,6.45,16.13,22.58,37.8,8.89,92.0,0.275,11.0,11.96,5.0,5.43,0.752,0.125,13.33,6.61,18.32,24.92,35.48,10.58
744916,2024-06-30,2024,665742,L,643338,R,field_out,False,False,259.0,0.295,45.0,17.37,48.0,18.53,0.996,0.27499999999999997,24.74,8.83,19.13,27.96,16.33,15.2,502.0,0.283,81.0,16.14,99.0,19.72,0.98,0.2730000000000001,18.45,6.31,19.31,25.62,15.09,14.14,35.0,0.242,10.0,28.57,2.0,5.71,0.7709999999999999,0.243,27.4,14.81,14.07,28.89,29.51,19.61,17.0,0.2,7.0,41.18,2.0,11.76,0.694,0.2,43.18,25.68,5.41,31.08,29.03,23.33
744916,2024-06-30,2024,592450,R,643338,R,single,False,False,278.0,0.313,68.0,24.46,39.0,14.03,1.115,0.38699999999999996,30.91,13.6,14.73,28.34,19.9,19.77,384.0,0.266,109.0,28.39,77.0,20.05,1.011,0.3339999999999999,36.96,15.02,15.7,30.72,19.29,24.12,35.0,0.156,8.0,22.86,2.0,5.71,0.45599999999999996,0.094,21.33,10.53,12.5,23.03,24.69,17.02,35.0,0.273,9.0,25.71,2.0,5.71,0.738,0.1509999999999999,32.31,16.8,16.8,33.6,40.85,20.93
744916,2024-06-30,2024,657077,L,643338,R,field_out,False,False,241.0,0.262,34.0,14.11,16.0,6.64,0.737,0.16799999999999998,14.76,6.84,19.76,26.6,27.91,13.13,441.0,0.279,66.0,14.97,30.0,6.8,0.793,0.185,15.08,6.28,20.52,26.8,22.64,14.93,35.0,0.242,10.0,28.57,2.0,5.71,0.7709999999999999,0.243,27.4,14.81,14.07,28.89,29.51,19.61,17.0,0.2,7.0,41.18,2.0,11.76,0.694,0.2,43.18,25.68,5.41,31.08,29.03,23.33
744916,2024-06-30,2024,650402,R,643338,R,field_out,False,False,257.0,0.229,58.0,22.57,22.0,8.56,0.6459999999999999,0.11899999999999997,25.05,11.56,16.4,27.96,21.1,16.62,544.0,0.273,78.0,14.34,50.0,9.19,0.772,0.1589999999999999,21.74,10.32,15.57,25.89,26.86,11.29,35.0,0.156,8.0,22.86,2.0,5.71,0.45599999999999996,0.094,21.33,10.53,12.5,23.03,24.69,17.02,35.0,0.273,9.0,25.71,2.0,5.71,0.738,0.1509999999999999,32.31,16.8,16.8,33.6,40.85,20.93
744916,2024-06-30,2024,643396,R,657612,L,field_out,False,False,76.0,0.304,9.0,11.84,3.0,3.95,0.751,0.08700000000000002,9.52,3.98,24.3,28.29,25.22,17.65,90.0,0.23,16.0,17.78,11.0,12.22,0.634,0.0669999999999999,19.59,8.03,19.67,27.7,20.35,15.09,82.0,0.373,10.0,12.2,6.0,7.32,0.842,0.05399999999999999,12.75,6.13,15.81,21.94,22.31,11.76,110.0,0.378,15.0,13.64,9.0,8.18,1.037,0.2239999999999999,16.49,8.31,14.03,22.34,25.41,14.71
744916,2024-06-30,2024,687462,L,657612,L,field_out,False,False,5.0,0.2,0.0,0.0,0.0,0.0,0.4,0.0,0.0,0.0,28.57,28.57,50.0,0.0,6.0,0.2,2.0,33.33,1.0,16.67,0.533,0.0,36.36,17.39,17.39,34.78,27.27,18.18,58.0,0.377,4.0,6.9,4.0,6.9,0.884,0.07600000000000001,12.77,6.45,16.13,22.58,37.8,8.89,92.0,0.275,11.0,11.96,5.0,5.43,0.752,0.125,13.33,6.61,18.32,24.92,35.48,10.58
744916,2024-06-30,2024,676914,R,657612,L,field_out,False,False,74.0,0.19,24.0,32.43,7.0,9.46,0.625,0.175,34.75,15.76,17.04,32.8,26.38,23.08,54.0,0.326,16.0,29.63,10.0,18.52,1.3,0.5109999999999999,37.65,15.69,17.16,32.84,15.89,28.07,82.0,0.373,10.0,12.2,6.0,7.32,0.842,0.05399999999999999,12.75,6.13,15.81,21.94,22.31,11.76,110.0,0.378,15.0,13.64,9.0,8.18,1.037,0.2239999999999999,16.49,8.31,14.03,22.34,25.41,14.71
744916,2024-06-30,2024,700250,L,670102,R,field_out,False,False,22.0,0.389,1.0,4.55,3.0,13.64,0.899,0.05499999999999999,20.45,9.68,11.83,21.51,22.45,3.33,,,,,,,,,,,,,,,66.0,0.22,13.0,19.7,6.0,9.09,0.608,0.08499999999999999,22.14,10.66,15.07,25.74,22.9,16.25,73.0,0.197,13.0,17.81,2.0,2.74,0.557,0.141,14.29,7.34,17.83,25.17,34.33,14.29
744916,2024-06-30,2024,669224,L,670102,R,single,False,False,138.0,0.212,28.0,20.29,16.0,11.59,0.6679999999999999,0.152,27.67,13.23,14.18,27.41,24.55,17.88,69.0,0.25,12.0,17.39,3.0,4.35,0.81,0.281,28.48,16.48,10.99,27.47,38.03,14.46,66.0,0.22,13.0,19.7,6.0,9.09,0.608,0.08499999999999999,22.14,10.66,15.07,25.74,22.9,16.25,73.0,0.197,13.0,17.81,2.0,2.74,0.557,0.141,14.29,7.34,17.83,25.17,34.33,14.29
744916,2024-06-30,2024,518934,R,670102,R,field_out,False,False,63.0,0.185,13.0,20.63,8.0,12.7,0.494,0.01899999999999999,19.05,8.4,20.59,28.99,26.92,20.0,450.0,0.241,100.0,22.22,45.0,10.0,0.7070000000000001,0.146,19.38,7.76,24.06,31.82,23.84,20.0,78.0,0.319,16.0,20.51,4.0,5.13,0.956,0.27799999999999997,19.86,10.11,15.88,25.99,22.31,19.75,63.0,0.145,22.0,34.92,6.0,9.52,0.5289999999999999,0.146,34.17,16.21,17.0,33.2,24.22,24.44
744916,2024-06-30,2024,663757,L,670102,R,field_out,False,False,71.0,0.123,22.0,30.99,11.0,15.49,0.657,0.263,25.26,7.72,25.72,33.44,8.33,25.58,412.0,0.178,118.0,28.64,56.0,13.59,0.623,0.147,29.65,12.55,17.63,30.18,22.3,21.15,66.0,0.22,13.0,19.7,6.0,9.09,0.608,0.08499999999999999,22.14,10.66,15.07,25.74,22.9,16.25,73.0,0.197,13.0,17.81,2.0,2.74,0.557,0.141,14.29,7.34,17.83,25.17,34.33,14.29
744916,2024-06-30,2024,457759,R,656671,L,field_out,False,False,64.0,0.316,10.0,15.62,6.0,9.38,0.866,0.175,10.53,4.67,20.0,24.67,25.0,9.17,164.0,0.285,32.0,19.51,18.0,10.98,0.9,0.243,20.38,9.35,18.71,28.06,27.41,13.45,2.0,0.0,0.0,0.0,0.0,0.0,0.0,0.0,0.0,0.0,0.0,0.0,,,,,,,,,,,,,,,,
744916,2024-06-30,2024,543807,R,656671,L,walk,False,True,74.0,0.175,15.0,20.27,10.0,13.51,0.633,0.174,23.61,10.97,12.58,23.55,20.13,17.05,144.0,0.242,24.0,16.67,17.0,11.81,0.71,0.137,19.37,9.5,11.92,21.42,22.03,14.37,2.0,0.0,0.0,0.0,0.0,0.0,0.0,0.0,0.0,0.0,0.0,0.0,,,,,,,,,,,,,,,,
744916,2024-06-30,2024,662139,L,656671,L,field_out,False,False,58.0,0.255,8.0,13.79,7.0,12.07,0.718,0.118,20.43,8.88,17.29,26.17,19.05,12.7,117.0,0.292,24.0,20.51,9.0,7.69,0.722,0.085,21.46,10.35,15.42,25.77,22.71,18.32,1.0,0.0,0.0,0.0,0.0,0.0,0.0,0.0,0.0,0.0,0.0,0.0,0.0,,,,,,,,,,,,,,,
744916,2024-06-30,2024,643376,R,656671,L,strikeout,True,False,42.0,0.257,7.0,16.67,6.0,14.29,0.671,0.056999999999999995,21.21,7.87,20.22,28.09,14.13,13.73,86.0,0.205,16.0,18.6,7.0,8.14,0.792,0.308,17.86,8.52,13.35,21.88,27.32,15.24,2.0,0.0,0.0,0.0,0.0,0.0,0.0,0.0,0.0,0.0,0.0,0.0,,,,,,,,,,,,,,,,
745320,2024-06-30,2024,660271,L,702352,R,field_out,False,False,238.0,0.337,45.0,18.91,34.0,14.29,1.18,0.407,28.54,13.35,13.77,27.13,28.74,17.18,429.0,0.327,99.0,23.08,64.0,14.92,1.132,0.3739999999999999,32.88,15.48,11.59,27.07,28.86,20.75,15.0,0.308,4.0,26.67,2.0,13.33,1.246,0.538,30.0,10.91,20.0,30.91,18.75,33.33,,,,,,,,,,,,,,
745320,2024-06-30,2024,606192,R,702352,R,strikeout,True,False,250.0,0.246,74.0,29.6,21.0,8.4,0.759,0.196,34.7,17.97,13.14,31.11,30.19,20.67,529.0,0.249,164.0,31.0,33.0,6.24,0.718,0.1639999999999999,36.92,19.57,14.44,34.01,34.81,23.06,21.0,0.105,7.0,33.33,2.0,9.52,0.453,0.15800000000000003,25.0,11.83,21.51,33.33,36.36,17.07,,,,,,,,,,,,,,
745320,2024-06-30,2024,518692,L,702352,R,field_out,False,False,232.0,0.339,34.0,14.66,34.0,14.66,1.026,0.24999999999999994,19.53,9.06,11.76,20.82,22.87,13.13,514.0,0.33,81.0,15.76,57.0,11.09,0.962,0.218,19.83,9.77,11.31,21.08,27.01,16.63,15.0,0.308,4.0,26.67,2.0,13.33,1.246,0.538,30.0,10.91,20.0,30.91,18.75,33.33,,,,,,,,,,,,,,
745320,2024-06-30,2024,624585,R,572020,L,double,False,False,85.0,0.23,21.0,24.71,9.0,10.59,0.734,0.17500000000000002,31.68,15.27,14.67,29.94,31.52,21.65,135.0,0.277,30.0,22.22,20.0,14.81,1.081,0.4109999999999999,26.29,11.6,16.16,27.76,25.27,18.75,254.0,0.209,41.0,16.14,34.0,13.39,0.669,0.144,21.55,10.09,13.32,23.41,24.1,12.42,316.0,0.239,85.0,26.9,23.0,7.28,0.755,0.218,28.93,15.19,13.03,28.22,31.91,20.83
745320,2024-06-30,2024,596103,R,572020,L,walk,False,True,75.0,0.18,20.0,26.67,11.0,14.67,0.5,0.0,29.08,12.69,16.41,29.1,16.67,18.87,147.0,0.288,40.0,27.21,13.0,8.84,0.8,0.151,27.27,11.44,19.76,31.2,22.15,21.51,254.0,0.209,41.0,16.14,34.0,13.39,0.669,0.144,21.55,10.09,13.32,23.41,24.1,12.42,316.0,0.239,85.0,26.9,23.0,7.28,0.755,0.218,28.93,15.19,13.03,28.22,31.91,20.83
745320,2024-06-30,2024,671218,R,572020,L,single,False,False,57.0,0.409,11.0,19.3,11.0,19.3,1.3900000000000001,0.455,27.07,13.28,9.59,22.88,22.79,11.96,46.0,0.186,16.0,34.78,3.0,6.52,0.588,0.1629999999999999,32.35,16.67,13.64,30.3,30.21,23.53,254.0,0.209,41.0,16.14,34.0,13.39,0.669,0.144,21.55,10.09,13.32,23.41,24.1,12.42,316.0,0.239,85.0,26.9,23.0,7.28,0.755,0.218,28.93,15.19,13.03,28.22,31.91,20.83
745320,2024-06-30,2024,672275,R,572020,L,strikeout,True,False,38.0,0.294,9.0,23.68,3.0,7.89,0.6950000000000001,0.059,23.44,10.14,18.92,29.05,13.85,21.43,113.0,0.298,30.0,26.55,8.0,7.08,0.829,0.183,25.26,10.67,21.33,32.0,21.36,22.39,254.0,0.209,41.0,16.14,34.0,13.39,0.669,0.144,21.55,10.09,13.32,23.41,24.1,12.42,316.0,0.239,85.0,26.9,23.0,7.28,0.755,0.218,28.93,15.19,13.03,28.22,31.91,20.83
745320,2024-06-30,2024,656305,R,572020,L,sac_fly,False,False,92.0,0.333,17.0,18.48,11.0,11.96,0.9809999999999999,0.23499999999999993,16.48,7.61,16.5,24.11,24.47,13.6,113.0,0.307,26.0,23.01,10.0,8.85,0.89,0.208,30.77,13.88,17.35,31.24,20.45,17.81,254.0,0.209,41.0,16.14,34.0,13.39,0.669,0.144,21.55,10.09,13.32,23.41,24.1,12.42,316.0,0.239,85.0,26.9,23.0,7.28,0.755,0.218,28.93,15.19,13.03,28.22,31.91,20.83
745320,2024-06-30,2024,682641,R,572020,L,field_out,False,False,31.0,0.214,6.0,19.35,2.0,6.45,0.722,0.25,13.85,7.83,13.04,20.87,35.29,16.67,99.0,0.31,10.0,10.1,12.0,12.12,0.825,0.1069999999999999,11.64,4.94,17.44,22.38,22.04,14.71,254.0,0.209,41.0,16.14,34.0,13.39,0.669,0.144,21.55,10.09,13.32,23.41,24.1,12.42,316.0,0.239,85.0,26.9,23.0,7.28,0.755,0.218,28.93,15.19,13.03,28.22,31.91,20.83
745320,2024-06-30,2024,681624,R,702352,R,field_out,False,False,201.0,0.221,54.0,26.87,12.0,5.97,0.6659999999999999,0.16,27.29,14.43,13.41,27.84,32.65,20.45,,,,,,,,,,,,,,,21.0,0.105,7.0,33.33,2.0,9.52,0.453,0.15800000000000003,25.0,11.83,21.51,33.33,36.36,17.07,,,,,,,,,,,,,,
745320,2024-06-30,2024,518792,L,702352,R,field_out,False,False,111.0,0.213,16.0,14.41,12.0,10.81,0.75,0.213,22.55,10.65,15.05,25.69,27.35,13.33,349.0,0.276,57.0,16.33,32.0,9.17,0.818,0.1949999999999999,20.45,9.51,16.77,26.27,27.56,15.45,15.0,0.308,4.0,26.67,2.0,13.33,1.246,0.538,30.0,10.91,20.0,30.91,18.75,33.33,,,,,,,,,,,,,,
745320,2024-06-30,2024,666158,L,702352,R,field_out,False,False,210.0,0.23,46.0,21.9,13.0,6.19,0.599,0.091,19.14,8.66,18.54,27.2,21.45,18.78,,,,,,,,,,,,,,,15.0,0.308,4.0,26.67,2.0,13.33,1.246,0.538,30.0,10.91,20.0,30.91,18.75,33.33,,,,,,,,,,,,,,
745320,2024-06-30,2024,681584,R,572020,L,single,False,False,2.0,0.5,1.0,50.0,0.0,0.0,1.0,0.0,60.0,30.0,20.0,50.0,42.86,16.67,61.0,0.127,19.0,31.15,4.0,6.56,0.397,0.073,37.25,16.67,19.74,36.4,27.83,31.15,254.0,0.209,41.0,16.14,34.0,13.39,0.669,0.144,21.55,10.09,13.32,23.41,24.1,12.42,316.0,0.239,85.0,26.9,23.0,7.28,0.755,0.218,28.93,15.19,13.03,28.22,31.91,20.83
745320,2024-06-30,2024,605113,R,572020,L,single,False,False,61.0,0.315,10.0,16.39,6.0,9.84,0.8029999999999999,0.11099999999999999,19.64,10.33,15.49,25.82,30.77,19.61,122.0,0.155,28.0,22.95,6.0,4.92,0.404,0.0519999999999999,27.59,14.1,16.52,30.62,34.51,20.74,254.0,0.209,41.0,16.14,34.0,13.39,0.669,0.144,21.55,10.09,13.32,23.41,24.1,12.42,316.0,0.239,85.0,26.9,23.0,7.28,0.755,0.218,28.93,15.19,13.03,28.22,31.91,20.83
745320,2024-06-30,2024,666149,R,572020,L,single,False,False,39.0,0.25,12.0,30.77,3.0,7.69,0.614,0.055999999999999994,30.23,14.61,14.61,29.21,18.39,19.05,12.0,0.25,4.0,33.33,0.0,0.0,1.0,0.5,21.74,9.26,20.37,29.63,8.33,23.53,254.0,0.209,41.0,16.14,34.0,13.39,0.669,0.144,21.55,10.09,13.32,23.41,24.1,12.42,316.0,0.239,85.0,26.9,23.0,7.28,0.755,0.218,28.93,15.19,13.03,28.22,31.91,20.83
745320,2024-06-30,2024,624585,R,572020,L,double,False,False,85.0,0.23,21.0,24.71,9.0,10.59,0.734,0.17500000000000002,31.68,15.27,14.67,29.94,31.52,21.65,135.0,0.277,30.0,22.22,20.0,14.81,1.081,0.4109999999999999,26.29,11.6,16.16,27.76,25.27,18.75,254.0,0.209,41.0,16.14,34.0,13.39,0.669,0.144,21.55,10.09,13.32,23.41,24.1,12.42,316.0,0.239,85.0,26.9,23.0,7.28,0.755,0.218,28.93,15.19,13.03,28.22,31.91,20.83
745320,2024-06-30,2024,596103,R,572020,L,sac_fly,False,False,75.0,0.18,20.0,26.67,11.0,14.67,0.5,0.0,29.08,12.69,16.41,29.1,16.67,18.87,147.0,0.288,40.0,27.21,13.0,8.84,0.8,0.151,27.27,11.44,19.76,31.2,22.15,21.51,254.0,0.209,41.0,16.14,34.0,13.39,0.669,0.144,21.55,10.09,13.32,23.41,24.1,12.42,316.0,0.239,85.0,26.9,23.0,7.28,0.755,0.218,28.93,15.19,13.03,28.22,31.91,20.83
745320,2024-06-30,2024,671218,R,572020,L,field_out,False,False,57.0,0.409,11.0,19.3,11.0,19.3,1.3900000000000001,0.455,27.07,13.28,9.59,22.88,22.79,11.96,46.0,0.186,16.0,34.78,3.0,6.52,0.588,0.1629999999999999,32.35,16.67,13.64,30.3,30.21,23.53,254.0,0.209,41.0,16.14,34.0,13.39,0.669,0.144,21.55,10.09,13.32,23.41,24.1,12.42,316.0,0.239,85.0,26.9,23.0,7.28,0.755,0.218,28.93,15.19,13.03,28.22,31.91,20.83
745320,2024-06-30,2024,621035,R,702352,R,field_out,False,False,68.0,0.129,25.0,36.76,4.0,5.88,0.351,0.015999999999999986,29.23,14.02,15.13,29.15,22.58,31.65,224.0,0.255,66.0,29.46,22.0,9.82,0.712,0.125,33.11,15.94,15.09,31.03,23.37,20.82,21.0,0.105,7.0,33.33,2.0,9.52,0.453,0.15800000000000003,25.0,11.83,21.51,33.33,36.36,17.07,,,,,,,,,,,,,,
745320,2024-06-30,2024,571771,R,702352,R,double,False,False,106.0,0.175,25.0,23.58,9.0,8.49,0.492,0.07200000000000001,25.71,12.95,15.83,28.78,24.87,20.0,347.0,0.235,78.0,22.48,20.0,5.76,0.647,0.13,27.56,13.17,16.85,30.02,28.91,20.8,21.0,0.105,7.0,33.33,2.0,9.52,0.453,0.15800000000000003,25.0,11.83,21.51,33.33,36.36,17.07,,,,,,,,,,,,,,
745320,2024-06-30,2024,605131,R,702352,R,field_out,False,False,49.0,0.159,18.0,36.73,4.0,8.16,0.388,0.0,23.53,11.16,18.14,29.3,21.05,20.45,144.0,0.219,29.0,20.14,13.0,9.03,0.589,0.0779999999999999,23.08,9.96,18.27,28.23,20.08,20.57,21.0,0.105,7.0,33.33,2.0,9.52,0.453,0.15800000000000003,25.0,11.83,21.51,33.33,36.36,17.07,,,,,,,,,,,,,,
745320,2024-06-30,2024,660271,L,702352,R,strikeout,True,False,238.0,0.337,45.0,18.91,34.0,14.29,1.18,0.407,28.54,13.35,13.77,27.13,28.74,17.18,429.0,0.327,99.0,23.08,64.0,14.92,1.132,0.3739999999999999,32.88,15.48,11.59,27.07,28.86,20.75,15.0,0.308,4.0,26.67,2.0,13.33,1.246,0.538,30.0,10.91,20.0,30.91,18.75,33.33,,,,,,,,,,,,,,
745320,2024-06-30,2024,672275,R,572020,L,strikeout,True,False,38.0,0.294,9.0,23.68,3.0,7.89,0.6950000000000001,0.059,23.44,10.14,18.92,29.05,13.85,21.43,113.0,0.298,30.0,26.55,8.0,7.08,0.829,0.183,25.26,10.67,21.33,32.0,21.36,22.39,254.0,0.209,41.0,16.14,34.0,13.39,0.669,0.144,21.55,10.09,13.32,23.41,24.1,12.42,316.0,0.239,85.0,26.9,23.0,7.28,0.755,0.218,28.93,15.19,13.03,28.22,31.91,20.83
745320,2024-06-30,2024,656305,R,572020,L,field_out,False,False,92.0,0.333,17.0,18.48,11.0,11.96,0.9809999999999999,0.23499999999999993,16.48,7.61,16.5,24.11,24.47,13.6,113.0,0.307,26.0,23.01,10.0,8.85,0.89,0.208,30.77,13.88,17.35,31.24,20.45,17.81,254.0,0.209,41.0,16.14,34.0,13.39,0.669,0.144,21.55,10.09,13.32,23.41,24.1,12.42,316.0,0.239,85.0,26.9,23.0,7.28,0.755,0.218,28.93,15.19,13.03,28.22,31.91,20.83
745320,2024-06-30,2024,682641,R,572020,L,double,False,False,31.0,0.214,6.0,19.35,2.0,6.45,0.722,0.25,13.85,7.83,13.04,20.87,35.29,16.67,99.0,0.31,10.0,10.1,12.0,12.12,0.825,0.1069999999999999,11.64,4.94,17.44,22.38,22.04,14.71,254.0,0.209,41.0,16.14,34.0,13.39,0.669,0.144,21.55,10.09,13.32,23.41,24.1,12.42,316.0,0.239,85.0,26.9,23.0,7.28,0.755,0.218,28.93,15.19,13.03,28.22,31.91,20.83
745320,2024-06-30,2024,681584,R,572020,L,double,False,False,2.0,0.5,1.0,50.0,0.0,0.0,1.0,0.0,60.0,30.0,20.0,50.0,42.86,16.67,61.0,0.127,19.0,31.15,4.0,6.56,0.397,0.073,37.25,16.67,19.74,36.4,27.83,31.15,254.0,0.209,41.0,16.14,34.0,13.39,0.669,0.144,21.55,10.09,13.32,23.41,24.1,12.42,316.0,0.239,85.0,26.9,23.0,7.28,0.755,0.218,28.93,15.19,13.03,28.22,31.91,20.83
745320,2024-06-30,2024,605113,R,572020,L,strikeout,True,False,61.0,0.315,10.0,16.39,6.0,9.84,0.8029999999999999,0.11099999999999999,19.64,10.33,15.49,25.82,30.77,19.61,122.0,0.155,28.0,22.95,6.0,4.92,0.404,0.0519999999999999,27.59,14.1,16.52,30.62,34.51,20.74,254.0,0.209,41.0,16.14,34.0,13.39,0.669,0.144,21.55,10.09,13.32,23.41,24.1,12.42,316.0,0.239,85.0,26.9,23.0,7.28,0.755,0.218,28.93,15.19,13.03,28.22,31.91,20.83
745320,2024-06-30,2024,606192,R,702352,R,field_out,False,False,250.0,0.246,74.0,29.6,21.0,8.4,0.759,0.196,34.7,17.97,13.14,31.11,30.19,20.67,529.0,0.249,164.0,31.0,33.0,6.24,0.718,0.1639999999999999,36.92,19.57,14.44,34.01,34.81,23.06,21.0,0.105,7.0,33.33,2.0,9.52,0.453,0.15800000000000003,25.0,11.83,21.51,33.33,36.36,17.07,,,,,,,,,,,,,,
745320,2024-06-30,2024,518692,L,702352,R,field_out,False,False,232.0,0.339,34.0,14.66,34.0,14.66,1.026,0.24999999999999994,19.53,9.06,11.76,20.82,22.87,13.13,514.0,0.33,81.0,15.76,57.0,11.09,0.962,0.218,19.83,9.77,11.31,21.08,27.01,16.63,15.0,0.308,4.0,26.67,2.0,13.33,1.246,0.538,30.0,10.91,20.0,30.91,18.75,33.33,,,,,,,,,,,,,,
745320,2024-06-30,2024,681624,R,702352,R,single,False,False,201.0,0.221,54.0,26.87,12.0,5.97,0.6659999999999999,0.16,27.29,14.43,13.41,27.84,32.65,20.45,,,,,,,,,,,,,,,21.0,0.105,7.0,33.33,2.0,9.52,0.453,0.15800000000000003,25.0,11.83,21.51,33.33,36.36,17.07,,,,,,,,,,,,,,
745320,2024-06-30,2024,518792,L,702352,R,field_out,False,False,111.0,0.213,16.0,14.41,12.0,10.81,0.75,0.213,22.55,10.65,15.05,25.69,27.35,13.33,349.0,0.276,57.0,16.33,32.0,9.17,0.818,0.1949999999999999,20.45,9.51,16.77,26.27,27.56,15.45,15.0,0.308,4.0,26.67,2.0,13.33,1.246,0.538,30.0,10.91,20.0,30.91,18.75,33.33,,,,,,,,,,,,,,
745320,2024-06-30,2024,666149,R,572020,L,single,False,False,39.0,0.25,12.0,30.77,3.0,7.69,0.614,0.055999999999999994,30.23,14.61,14.61,29.21,18.39,19.05,12.0,0.25,4.0,33.33,0.0,0.0,1.0,0.5,21.74,9.26,20.37,29.63,8.33,23.53,254.0,0.209,41.0,16.14,34.0,13.39,0.669,0.144,21.55,10.09,13.32,23.41,24.1,12.42,316.0,0.239,85.0,26.9,23.0,7.28,0.755,0.218,28.93,15.19,13.03,28.22,31.91,20.83
745320,2024-06-30,2024,624585,R,572020,L,walk,False,True,85.0,0.23,21.0,24.71,9.0,10.59,0.734,0.17500000000000002,31.68,15.27,14.67,29.94,31.52,21.65,135.0,0.277,30.0,22.22,20.0,14.81,1.081,0.4109999999999999,26.29,11.6,16.16,27.76,25.27,18.75,254.0,0.209,41.0,16.14,34.0,13.39,0.669,0.144,21.55,10.09,13.32,23.41,24.1,12.42,316.0,0.239,85.0,26.9,23.0,7.28,0.755,0.218,28.93,15.19,13.03,28.22,31.91,20.83
745320,2024-06-30,2024,596103,R,572020,L,field_out,False,False,75.0,0.18,20.0,26.67,11.0,14.67,0.5,0.0,29.08,12.69,16.41,29.1,16.67,18.87,147.0,0.288,40.0,27.21,13.0,8.84,0.8,0.151,27.27,11.44,19.76,31.2,22.15,21.51,254.0,0.209,41.0,16.14,34.0,13.39,0.669,0.144,21.55,10.09,13.32,23.41,24.1,12.42,316.0,0.239,85.0,26.9,23.0,7.28,0.755,0.218,28.93,15.19,13.03,28.22,31.91,20.83
745320,2024-06-30,2024,671218,R,572020,L,double,False,False,57.0,0.409,11.0,19.3,11.0,19.3,1.3900000000000001,0.455,27.07,13.28,9.59,22.88,22.79,11.96,46.0,0.186,16.0,34.78,3.0,6.52,0.588,0.1629999999999999,32.35,16.67,13.64,30.3,30.21,23.53,254.0,0.209,41.0,16.14,34.0,13.39,0.669,0.144,21.55,10.09,13.32,23.41,24.1,12.42,316.0,0.239,85.0,26.9,23.0,7.28,0.755,0.218,28.93,15.19,13.03,28.22,31.91,20.83
745320,2024-06-30,2024,672275,R,572020,L,double,False,False,38.0,0.294,9.0,23.68,3.0,7.89,0.6950000000000001,0.059,23.44,10.14,18.92,29.05,13.85,21.43,113.0,0.298,30.0,26.55,8.0,7.08,0.829,0.183,25.26,10.67,21.33,32.0,21.36,22.39,254.0,0.209,41.0,16.14,34.0,13.39,0.669,0.144,21.55,10.09,13.32,23.41,24.1,12.42,316.0,0.239,85.0,26.9,23.0,7.28,0.755,0.218,28.93,15.19,13.03,28.22,31.91,20.83
745320,2024-06-30,2024,656305,R,572020,L,home_run,False,False,92.0,0.333,17.0,18.48,11.0,11.96,0.9809999999999999,0.23499999999999993,16.48,7.61,16.5,24.11,24.47,13.6,113.0,0.307,26.0,23.01,10.0,8.85,0.89,0.208,30.77,13.88,17.35,31.24,20.45,17.81,254.0,0.209,41.0,16.14,34.0,13.39,0.669,0.144,21.55,10.09,13.32,23.41,24.1,12.42,316.0,0.239,85.0,26.9,23.0,7.28,0.755,0.218,28.93,15.19,13.03,28.22,31.91,20.83
745320,2024-06-30,2024,682641,R,572020,L,strikeout,True,False,31.0,0.214,6.0,19.35,2.0,6.45,0.722,0.25,13.85,7.83,13.04,20.87,35.29,16.67,99.0,0.31,10.0,10.1,12.0,12.12,0.825,0.1069999999999999,11.64,4.94,17.44,22.38,22.04,14.71,254.0,0.209,41.0,16.14,34.0,13.39,0.669,0.144,21.55,10.09,13.32,23.41,24.1,12.42,316.0,0.239,85.0,26.9,23.0,7.28,0.755,0.218,28.93,15.19,13.03,28.22,31.91,20.83
745320,2024-06-30,2024,681584,R,572020,L,field_out,False,False,2.0,0.5,1.0,50.0,0.0,0.0,1.0,0.0,60.0,30.0,20.0,50.0,42.86,16.67,61.0,0.127,19.0,31.15,4.0,6.56,0.397,0.073,37.25,16.67,19.74,36.4,27.83,31.15,254.0,0.209,41.0,16.14,34.0,13.39,0.669,0.144,21.55,10.09,13.32,23.41,24.1,12.42,316.0,0.239,85.0,26.9,23.0,7.28,0.755,0.218,28.93,15.19,13.03,28.22,31.91,20.83
745320,2024-06-30,2024,666158,L,702352,R,field_out,False,False,210.0,0.23,46.0,21.9,13.0,6.19,0.599,0.091,19.14,8.66,18.54,27.2,21.45,18.78,,,,,,,,,,,,,,,15.0,0.308,4.0,26.67,2.0,13.33,1.246,0.538,30.0,10.91,20.0,30.91,18.75,33.33,,,,,,,,,,,,,,
745320,2024-06-30,2024,621035,R,702352,R,home_run,False,False,68.0,0.129,25.0,36.76,4.0,5.88,0.351,0.015999999999999986,29.23,14.02,15.13,29.15,22.58,31.65,224.0,0.255,66.0,29.46,22.0,9.82,0.712,0.125,33.11,15.94,15.09,31.03,23.37,20.82,21.0,0.105,7.0,33.33,2.0,9.52,0.453,0.15800000000000003,25.0,11.83,21.51,33.33,36.36,17.07,,,,,,,,,,,,,,
745320,2024-06-30,2024,571771,R,702352,R,single,False,False,106.0,0.175,25.0,23.58,9.0,8.49,0.492,0.07200000000000001,25.71,12.95,15.83,28.78,24.87,20.0,347.0,0.235,78.0,22.48,20.0,5.76,0.647,0.13,27.56,13.17,16.85,30.02,28.91,20.8,21.0,0.105,7.0,33.33,2.0,9.52,0.453,0.15800000000000003,25.0,11.83,21.51,33.33,36.36,17.07,,,,,,,,,,,,,,
745320,2024-06-30,2024,605131,R,702352,R,field_out,False,False,49.0,0.159,18.0,36.73,4.0,8.16,0.388,0.0,23.53,11.16,18.14,29.3,21.05,20.45,144.0,0.219,29.0,20.14,13.0,9.03,0.589,0.0779999999999999,23.08,9.96,18.27,28.23,20.08,20.57,21.0,0.105,7.0,33.33,2.0,9.52,0.453,0.15800000000000003,25.0,11.83,21.51,33.33,36.36,17.07,,,,,,,,,,,,,,
745320,2024-06-30,2024,660271,L,702352,R,strikeout,True,False,238.0,0.337,45.0,18.91,34.0,14.29,1.18,0.407,28.54,13.35,13.77,27.13,28.74,17.18,429.0,0.327,99.0,23.08,64.0,14.92,1.132,0.3739999999999999,32.88,15.48,11.59,27.07,28.86,20.75,15.0,0.308,4.0,26.67,2.0,13.33,1.246,0.538,30.0,10.91,20.0,30.91,18.75,33.33,,,,,,,,,,,,,,
745320,2024-06-30,2024,605113,R,656848,R,field_out,False,False,86.0,0.19,18.0,20.93,3.0,3.49,0.454,0.038000000000000006,25.82,13.95,16.62,30.56,36.67,15.79,88.0,0.293,24.0,27.27,6.0,6.82,0.78,0.146,25.79,12.65,20.37,33.02,32.05,24.0,14.0,0.167,4.0,28.57,2.0,14.29,0.536,0.08299999999999999,33.33,14.55,16.36,30.91,24.0,22.22,,,,,,,,,,,,,,
745320,2024-06-30,2024,666149,R,656848,R,field_out,False,False,33.0,0.3,12.0,36.36,2.0,6.06,0.897,0.23300000000000004,31.03,12.68,21.83,34.51,21.43,26.67,22.0,0.2,6.0,27.27,2.0,9.09,0.573,0.0999999999999999,27.91,12.9,18.28,31.18,20.45,18.18,14.0,0.167,4.0,28.57,2.0,14.29,0.536,0.08299999999999999,33.33,14.55,16.36,30.91,24.0,22.22,,,,,,,,,,,,,,
745320,2024-06-30,2024,624585,R,656848,R,field_out,False,False,207.0,0.224,48.0,23.19,19.0,9.18,0.679,0.159,29.3,13.87,15.52,29.39,29.64,21.92,446.0,0.242,111.0,24.89,46.0,10.31,0.788,0.22,27.97,12.22,16.15,28.37,25.71,21.19,14.0,0.167,4.0,28.57,2.0,14.29,0.536,0.08299999999999999,33.33,14.55,16.36,30.91,24.0,22.22,,,,,,,,,,,,,,
745320,2024-06-30,2024,678246,R,573124,L,field_out,False,False,17.0,0.533,2.0,11.76,2.0,11.76,1.455,0.33399999999999996,17.24,7.35,19.12,26.47,15.62,10.53,93.0,0.171,14.0,15.05,14.0,15.05,0.696,0.224,21.34,9.0,16.97,25.96,17.01,13.33,78.0,0.176,20.0,25.64,3.0,3.85,0.556,0.16200000000000003,27.27,11.78,21.75,33.53,19.61,18.18,113.0,0.312,25.0,22.12,14.0,12.39,0.98,0.2609999999999999,21.26,8.83,21.48,30.31,29.61,23.15
745320,2024-06-30,2024,624415,L,573124,L,field_out,False,False,21.0,0.263,7.0,33.33,2.0,9.52,0.5960000000000001,0.0,28.57,10.39,29.87,40.26,15.15,26.92,53.0,0.298,19.0,35.85,4.0,7.55,0.72,0.064,26.44,10.5,21.0,31.51,17.14,31.67,62.0,0.321,18.0,29.03,8.0,12.9,0.891,0.15099999999999997,27.47,10.42,23.33,33.75,22.69,31.58,103.0,0.101,39.0,37.86,11.0,10.68,0.3299999999999999,0.0229999999999999,32.18,13.05,23.78,36.83,25.84,25.83
745320,2024-06-30,2024,681624,R,573124,L,field_out,False,False,62.0,0.362,15.0,24.19,3.0,4.84,0.921,0.17200000000000004,23.31,12.16,14.51,26.67,33.85,18.07,,,,,,,,,,,,,,,78.0,0.176,20.0,25.64,3.0,3.85,0.556,0.16200000000000003,27.27,11.78,21.75,33.53,19.61,18.18,113.0,0.312,25.0,22.12,14.0,12.39,0.98,0.2609999999999999,21.26,8.83,21.48,30.31,29.61,23.15
745320,2024-06-30,2024,596103,R,656848,R,double,False,False,24.0,0.278,8.0,33.33,4.0,16.67,0.861,0.16599999999999998,30.0,11.21,21.5,32.71,14.0,21.05,60.0,0.226,18.0,30.0,7.0,11.67,0.619,0.0759999999999999,36.36,15.52,18.1,33.62,22.5,28.12,14.0,0.167,4.0,28.57,2.0,14.29,0.536,0.08299999999999999,33.33,14.55,16.36,30.91,24.0,22.22,,,,,,,,,,,,,,
745320,2024-06-30,2024,671218,R,656848,R,field_out,False,False,150.0,0.246,45.0,30.0,11.0,7.33,0.677,0.131,32.01,15.03,15.88,30.91,28.85,26.63,14.0,0.154,4.0,28.57,1.0,7.14,0.368,0.0,30.43,14.58,18.75,33.33,26.09,50.0,14.0,0.167,4.0,28.57,2.0,14.29,0.536,0.08299999999999999,33.33,14.55,16.36,30.91,24.0,22.22,,,,,,,,,,,,,,
745320,2024-06-30,2024,672275,L,656848,R,field_out,False,False,179.0,0.277,33.0,18.44,20.0,11.17,0.7929999999999999,0.16199999999999998,20.77,9.72,14.44,24.17,24.93,16.67,240.0,0.203,70.0,29.17,13.0,5.42,0.5569999999999999,0.0989999999999999,26.61,12.88,17.55,30.43,28.93,23.81,8.0,0.0,1.0,12.5,2.0,25.0,0.25,0.0,26.67,14.29,17.86,32.14,35.71,12.5,,,,,,,,,,,,,,
745320,2024-06-30,2024,656305,R,656848,R,field_out,False,False,256.0,0.209,67.0,26.17,23.0,8.98,0.637,0.13899999999999998,26.05,11.65,19.92,31.58,25.3,19.31,471.0,0.223,139.0,29.51,52.0,11.04,0.722,0.179,31.15,13.33,17.79,31.11,18.61,21.72,14.0,0.167,4.0,28.57,2.0,14.29,0.536,0.08299999999999999,33.33,14.55,16.36,30.91,24.0,22.22,,,,,,,,,,,,,,
745320,2024-06-30,2024,518792,L,694738,R,field_out,False,False,111.0,0.213,16.0,14.41,12.0,10.81,0.75,0.213,22.55,10.65,15.05,25.69,27.35,13.33,349.0,0.276,57.0,16.33,32.0,9.17,0.818,0.1949999999999999,20.45,9.51,16.77,26.27,27.56,15.45,28.0,0.273,3.0,10.71,6.0,21.43,0.7929999999999999,0.09099999999999997,26.67,8.89,19.26,28.15,21.43,9.38,,,,,,,,,,,,,,
745320,2024-06-30,2024,666158,L,694738,R,walk,False,True,210.0,0.23,46.0,21.9,13.0,6.19,0.599,0.091,19.14,8.66,18.54,27.2,21.45,18.78,,,,,,,,,,,,,,,28.0,0.273,3.0,10.71,6.0,21.43,0.7929999999999999,0.09099999999999997,26.67,8.89,19.26,28.15,21.43,9.38,,,,,,,,,,,,,,
745320,2024-06-30,2024,621035,R,694738,R,double,False,False,68.0,0.129,25.0,36.76,4.0,5.88,0.351,0.015999999999999986,29.23,14.02,15.13,29.15,22.58,31.65,224.0,0.255,66.0,29.46,22.0,9.82,0.712,0.125,33.11,15.94,15.09,31.03,23.37,20.82,35.0,0.25,9.0,25.71,2.0,5.71,0.752,0.188,31.25,14.6,16.79,31.39,30.14,22.5,,,,,,,,,,,,,,
745320,2024-06-30,2024,571771,R,694738,R,field_out,False,False,106.0,0.175,25.0,23.58,9.0,8.49,0.492,0.07200000000000001,25.71,12.95,15.83,28.78,24.87,20.0,347.0,0.235,78.0,22.48,20.0,5.76,0.647,0.13,27.56,13.17,16.85,30.02,28.91,20.8,35.0,0.25,9.0,25.71,2.0,5.71,0.752,0.188,31.25,14.6,16.79,31.39,30.14,22.5,,,,,,,,,,,,,,
745320,2024-06-30,2024,605131,R,694738,R,strikeout,True,False,49.0,0.159,18.0,36.73,4.0,8.16,0.388,0.0,23.53,11.16,18.14,29.3,21.05,20.45,144.0,0.219,29.0,20.14,13.0,9.03,0.589,0.0779999999999999,23.08,9.96,18.27,28.23,20.08,20.57,35.0,0.25,9.0,25.71,2.0,5.71,0.752,0.188,31.25,14.6,16.79,31.39,30.14,22.5,,,,,,,,,,,,,,
745320,2024-06-30,2024,682641,R,670990,R,field_out,False,False,85.0,0.253,5.0,5.88,2.0,2.35,0.62,0.09599999999999997,10.2,5.36,13.93,19.29,36.36,7.94,154.0,0.215,23.0,14.94,8.0,5.19,0.56,0.0839999999999999,20.15,9.82,15.18,25.0,27.53,17.29,95.0,0.272,16.0,16.84,6.0,6.32,0.753,0.123,21.13,8.75,20.99,29.74,25.3,20.25,102.0,0.233,23.0,22.55,9.0,8.82,0.6220000000000001,0.046,21.23,8.86,20.05,28.9,26.96,16.08
745320,2024-06-30,2024,681584,R,670990,R,field_out,False,False,9.0,0.25,3.0,33.33,0.0,0.0,0.972,0.5,46.67,24.14,24.14,48.28,50.0,42.86,79.0,0.159,26.0,32.91,7.0,8.86,0.672,0.247,39.39,16.46,19.94,36.39,24.84,25.49,95.0,0.272,16.0,16.84,6.0,6.32,0.753,0.123,21.13,8.75,20.99,29.74,25.3,20.25,102.0,0.233,23.0,22.55,9.0,8.82,0.6220000000000001,0.046,21.23,8.86,20.05,28.9,26.96,16.08
745320,2024-06-30,2024,605113,R,670990,R,double,False,False,86.0,0.19,18.0,20.93,3.0,3.49,0.454,0.038000000000000006,25.82,13.95,16.62,30.56,36.67,15.79,88.0,0.293,24.0,27.27,6.0,6.82,0.78,0.146,25.79,12.65,20.37,33.02,32.05,24.0,95.0,0.272,16.0,16.84,6.0,6.32,0.753,0.123,21.13,8.75,20.99,29.74,25.3,20.25,102.0,0.233,23.0,22.55,9.0,8.82,0.6220000000000001,0.046,21.23,8.86,20.05,28.9,26.96,16.08
745320,2024-06-30,2024,666149,R,670990,R,field_error,False,False,33.0,0.3,12.0,36.36,2.0,6.06,0.897,0.23300000000000004,31.03,12.68,21.83,34.51,21.43,26.67,22.0,0.2,6.0,27.27,2.0,9.09,0.573,0.0999999999999999,27.91,12.9,18.28,31.18,20.45,18.18,95.0,0.272,16.0,16.84,6.0,6.32,0.753,0.123,21.13,8.75,20.99,29.74,25.3,20.25,102.0,0.233,23.0,22.55,9.0,8.82,0.6220000000000001,0.046,21.23,8.86,20.05,28.9,26.96,16.08
745320,2024-06-30,2024,624585,R,670990,R,strikeout,True,False,207.0,0.224,48.0,23.19,19.0,9.18,0.679,0.159,29.3,13.87,15.52,29.39,29.64,21.92,446.0,0.242,111.0,24.89,46.0,10.31,0.788,0.22,27.97,12.22,16.15,28.37,25.71,21.19,95.0,0.272,16.0,16.84,6.0,6.32,0.753,0.123,21.13,8.75,20.99,29.74,25.3,20.25,102.0,0.233,23.0,22.55,9.0,8.82,0.6220000000000001,0.046,21.23,8.86,20.05,28.9,26.96,16.08
745320,2024-06-30,2024,660271,L,694738,R,field_out,False,False,238.0,0.337,45.0,18.91,34.0,14.29,1.18,0.407,28.54,13.35,13.77,27.13,28.74,17.18,429.0,0.327,99.0,23.08,64.0,14.92,1.132,0.3739999999999999,32.88,15.48,11.59,27.07,28.86,20.75,28.0,0.273,3.0,10.71,6.0,21.43,0.7929999999999999,0.09099999999999997,26.67,8.89,19.26,28.15,21.43,9.38,,,,,,,,,,,,,,
745320,2024-06-30,2024,678246,R,694738,R,strikeout,True,False,20.0,0.176,3.0,15.0,2.0,10.0,0.544,0.118,7.69,3.53,18.82,22.35,18.92,9.09,211.0,0.206,47.0,22.27,24.0,11.37,0.6619999999999999,0.15,22.7,10.21,16.28,26.49,22.52,19.5,35.0,0.25,9.0,25.71,2.0,5.71,0.752,0.188,31.25,14.6,16.79,31.39,30.14,22.5,,,,,,,,,,,,,,
745320,2024-06-30,2024,624415,L,694738,R,single,False,False,145.0,0.182,47.0,32.41,14.0,9.66,0.5720000000000001,0.08200000000000002,23.48,8.9,24.38,33.28,18.86,22.6,286.0,0.223,69.0,24.13,36.0,12.59,0.7090000000000001,0.149,23.33,9.24,21.47,30.71,15.66,18.6,28.0,0.273,3.0,10.71,6.0,21.43,0.7929999999999999,0.09099999999999997,26.67,8.89,19.26,28.15,21.43,9.38,,,,,,,,,,,,,,
745320,2024-06-30,2024,681624,R,694738,R,strikeout,True,False,201.0,0.221,54.0,26.87,12.0,5.97,0.6659999999999999,0.16,27.29,14.43,13.41,27.84,32.65,20.45,,,,,,,,,,,,,,,35.0,0.25,9.0,25.71,2.0,5.71,0.752,0.188,31.25,14.6,16.79,31.39,30.14,22.5,,,,,,,,,,,,,,
745320,2024-06-30,2024,596103,R,623465,R,field_out,False,False,24.0,0.278,8.0,33.33,4.0,16.67,0.861,0.16599999999999998,30.0,11.21,21.5,32.71,14.0,21.05,60.0,0.226,18.0,30.0,7.0,11.67,0.619,0.0759999999999999,36.36,15.52,18.1,33.62,22.5,28.12,49.0,0.149,16.0,32.65,2.0,4.08,0.354,0.02100000000000002,35.71,18.72,19.79,38.5,39.08,27.78,117.0,0.131,41.0,35.04,6.0,5.13,0.406,0.0839999999999999,38.6,17.93,20.95,38.88,34.27,31.3
745320,2024-06-30,2024,671218,R,623465,R,double,False,False,150.0,0.246,45.0,30.0,11.0,7.33,0.677,0.131,32.01,15.03,15.88,30.91,28.85,26.63,14.0,0.154,4.0,28.57,1.0,7.14,0.368,0.0,30.43,14.58,18.75,33.33,26.09,50.0,49.0,0.149,16.0,32.65,2.0,4.08,0.354,0.02100000000000002,35.71,18.72,19.79,38.5,39.08,27.78,117.0,0.131,41.0,35.04,6.0,5.13,0.406,0.0839999999999999,38.6,17.93,20.95,38.88,34.27,31.3
745320,2024-06-30,2024,672275,L,623465,R,double,False,False,179.0,0.277,33.0,18.44,20.0,11.17,0.7929999999999999,0.16199999999999998,20.77,9.72,14.44,24.17,24.93,16.67,240.0,0.203,70.0,29.17,13.0,5.42,0.5569999999999999,0.0989999999999999,26.61,12.88,17.55,30.43,28.93,23.81,41.0,0.25,9.0,21.95,5.0,12.2,0.702,0.11099999999999999,16.09,7.25,16.06,23.32,16.09,14.06,118.0,0.222,25.0,21.19,7.0,5.93,0.663,0.167,20.91,9.98,18.0,27.98,27.4,17.61
745320,2024-06-30,2024,656305,R,623465,R,walk,False,True,256.0,0.209,67.0,26.17,23.0,8.98,0.637,0.13899999999999998,26.05,11.65,19.92,31.58,25.3,19.31,471.0,0.223,139.0,29.51,52.0,11.04,0.722,0.179,31.15,13.33,17.79,31.11,18.61,21.72,49.0,0.149,16.0,32.65,2.0,4.08,0.354,0.02100000000000002,35.71,18.72,19.79,38.5,39.08,27.78,117.0,0.131,41.0,35.04,6.0,5.13,0.406,0.0839999999999999,38.6,17.93,20.95,38.88,34.27,31.3
745320,2024-06-30,2024,682641,R,623465,R,grounded_into_double_play,False,False,85.0,0.253,5.0,5.88,2.0,2.35,0.62,0.09599999999999997,10.2,5.36,13.93,19.29,36.36,7.94,154.0,0.215,23.0,14.94,8.0,5.19,0.56,0.0839999999999999,20.15,9.82,15.18,25.0,27.53,17.29,49.0,0.149,16.0,32.65,2.0,4.08,0.354,0.02100000000000002,35.71,18.72,19.79,38.5,39.08,27.78,117.0,0.131,41.0,35.04,6.0,5.13,0.406,0.0839999999999999,38.6,17.93,20.95,38.88,34.27,31.3
745320,2024-06-30,2024,518792,L,694738,R,field_out,False,False,111.0,0.213,16.0,14.41,12.0,10.81,0.75,0.213,22.55,10.65,15.05,25.69,27.35,13.33,349.0,0.276,57.0,16.33,32.0,9.17,0.818,0.1949999999999999,20.45,9.51,16.77,26.27,27.56,15.45,28.0,0.273,3.0,10.71,6.0,21.43,0.7929999999999999,0.09099999999999997,26.67,8.89,19.26,28.15,21.43,9.38,,,,,,,,,,,,,,
745320,2024-06-30,2024,666158,L,694738,R,field_out,False,False,210.0,0.23,46.0,21.9,13.0,6.19,0.599,0.091,19.14,8.66,18.54,27.2,21.45,18.78,,,,,,,,,,,,,,,28.0,0.273,3.0,10.71,6.0,21.43,0.7929999999999999,0.09099999999999997,26.67,8.89,19.26,28.15,21.43,9.38,,,,,,,,,,,,,,
745320,2024-06-30,2024,621035,R,694738,R,walk,False,True,68.0,0.129,25.0,36.76,4.0,5.88,0.351,0.015999999999999986,29.23,14.02,15.13,29.15,22.58,31.65,224.0,0.255,66.0,29.46,22.0,9.82,0.712,0.125,33.11,15.94,15.09,31.03,23.37,20.82,35.0,0.25,9.0,25.71,2.0,5.71,0.752,0.188,31.25,14.6,16.79,31.39,30.14,22.5,,,,,,,,,,,,,,
745320,2024-06-30,2024,571771,R,694738,R,single,False,False,106.0,0.175,25.0,23.58,9.0,8.49,0.492,0.07200000000000001,25.71,12.95,15.83,28.78,24.87,20.0,347.0,0.235,78.0,22.48,20.0,5.76,0.647,0.13,27.56,13.17,16.85,30.02,28.91,20.8,35.0,0.25,9.0,25.71,2.0,5.71,0.752,0.188,31.25,14.6,16.79,31.39,30.14,22.5,,,,,,,,,,,,,,
745320,2024-06-30,2024,605131,R,643511,R,double,False,False,49.0,0.159,18.0,36.73,4.0,8.16,0.388,0.0,23.53,11.16,18.14,29.3,21.05,20.45,144.0,0.219,29.0,20.14,13.0,9.03,0.589,0.0779999999999999,23.08,9.96,18.27,28.23,20.08,20.57,86.0,0.214,18.0,20.93,2.0,2.33,0.5660000000000001,0.11900000000000002,21.33,11.55,16.97,28.52,32.2,25.0,173.0,0.262,28.0,16.18,10.0,5.78,0.733,0.1629999999999999,23.75,12.04,17.27,29.32,30.54,16.37
745320,2024-06-30,2024,660271,L,643511,R,strikeout,True,False,238.0,0.337,45.0,18.91,34.0,14.29,1.18,0.407,28.54,13.35,13.77,27.13,28.74,17.18,429.0,0.327,99.0,23.08,64.0,14.92,1.132,0.3739999999999999,32.88,15.48,11.59,27.07,28.86,20.75,72.0,0.308,10.0,13.89,1.0,1.39,0.7669999999999999,0.10699999999999998,15.15,7.75,20.16,27.91,24.04,13.16,136.0,0.2,32.0,23.53,9.0,6.62,0.5569999999999999,0.0919999999999999,20.7,10.56,18.33,28.88,27.6,21.33
745154,2024-06-30,2024,663697,R,458681,R,strikeout,True,False,215.0,0.264,46.0,21.4,27.0,12.56,0.763,0.132,18.58,6.95,20.42,27.37,15.8,18.33,397.0,0.257,73.0,18.39,37.0,9.32,0.7809999999999999,0.175,21.3,8.18,21.42,29.59,19.53,15.19,161.0,0.233,38.0,23.6,11.0,6.83,0.6499999999999999,0.12299999999999997,25.72,13.19,12.89,26.07,31.87,16.67,407.0,0.23,111.0,27.27,28.0,6.88,0.719,0.1919999999999999,30.85,15.73,13.93,29.66,29.38,20.64
745154,2024-06-30,2024,682829,L,458681,R,field_out,False,False,231.0,0.261,75.0,32.47,24.0,10.39,0.8600000000000001,0.261,32.09,13.27,19.91,33.19,24.68,29.84,307.0,0.255,95.0,30.94,30.0,9.77,0.7989999999999999,0.2159999999999999,26.69,11.86,17.47,29.33,31.27,25.07,198.0,0.267,40.0,20.2,19.0,9.6,0.77,0.16499999999999998,22.94,10.4,14.53,24.93,22.57,20.62,401.0,0.29,80.0,19.95,39.0,9.73,0.909,0.259,26.41,12.9,13.22,26.12,27.13,16.13
745154,2024-06-30,2024,600869,L,458681,R,walk,False,True,197.0,0.249,49.0,24.87,8.0,4.06,0.8220000000000001,0.29200000000000004,27.78,15.13,13.2,28.34,36.89,21.88,415.0,0.251,91.0,21.93,38.0,9.16,0.812,0.2279999999999999,25.42,11.83,16.22,28.05,27.64,18.71,198.0,0.267,40.0,20.2,19.0,9.6,0.77,0.16499999999999998,22.94,10.4,14.53,24.93,22.57,20.62,401.0,0.29,80.0,19.95,39.0,9.73,0.909,0.259,26.41,12.9,13.22,26.12,27.13,16.13
745154,2024-06-30,2024,668715,R,458681,R,field_out,False,False,242.0,0.236,52.0,21.49,22.0,9.09,0.7070000000000001,0.15300000000000002,22.08,10.12,18.02,28.14,26.73,15.9,487.0,0.256,106.0,21.77,51.0,10.47,0.7789999999999999,0.175,25.48,10.86,19.02,29.88,22.75,18.53,161.0,0.233,38.0,23.6,11.0,6.83,0.6499999999999999,0.12299999999999997,25.72,13.19,12.89,26.07,31.87,16.67,407.0,0.23,111.0,27.27,28.0,6.88,0.719,0.1919999999999999,30.85,15.73,13.93,29.66,29.38,20.64
745154,2024-06-30,2024,691026,R,668881,R,field_out,False,False,191.0,0.302,34.0,17.8,13.0,6.81,0.728,0.08200000000000002,16.67,7.91,17.98,25.89,30.05,13.99,100.0,0.161,19.0,19.0,9.0,9.0,0.478,0.0799999999999999,21.56,9.11,22.03,31.14,24.87,14.88,185.0,0.228,43.0,23.24,20.0,10.81,0.718,0.164,31.5,16.09,12.47,28.55,27.89,18.53,254.0,0.288,69.0,27.17,20.0,7.87,0.886,0.245,28.29,14.51,14.91,29.42,33.6,19.33
745154,2024-06-30,2024,676475,L,668881,R,hit_by_pitch,False,False,200.0,0.312,29.0,14.5,9.0,4.5,0.858,0.199,18.63,10.57,11.68,22.25,34.82,14.65,318.0,0.243,39.0,12.26,21.0,6.6,0.698,0.156,17.66,9.16,14.01,23.17,33.05,13.13,204.0,0.191,60.0,29.41,19.0,9.31,0.615,0.133,27.83,13.9,14.01,27.91,28.73,19.93,244.0,0.215,83.0,34.02,28.0,11.48,0.736,0.2009999999999999,33.14,15.55,14.17,29.71,25.77,23.31
745154,2024-06-30,2024,575929,R,668881,R,force_out,False,False,119.0,0.248,36.0,30.25,15.0,12.61,0.8069999999999999,0.198,37.24,19.35,12.61,31.96,33.33,23.65,373.0,0.253,81.0,21.72,38.0,10.19,0.7989999999999999,0.191,29.54,13.96,15.04,29.0,30.33,18.49,185.0,0.228,43.0,23.24,20.0,10.81,0.718,0.164,31.5,16.09,12.47,28.55,27.89,18.53,254.0,0.288,69.0,27.17,20.0,7.87,0.886,0.245,28.29,14.51,14.91,29.42,33.6,19.33
745154,2024-06-30,2024,502671,R,668881,R,force_out,False,False,256.0,0.214,81.0,31.64,20.0,7.81,0.65,0.158,29.29,13.91,18.39,32.3,30.1,20.68,518.0,0.259,120.0,23.17,67.0,12.93,0.8049999999999999,0.187,27.85,12.3,17.85,30.16,25.85,17.44,185.0,0.228,43.0,23.24,20.0,10.81,0.718,0.164,31.5,16.09,12.47,28.55,27.89,18.53,254.0,0.288,69.0,27.17,20.0,7.87,0.886,0.245,28.29,14.51,14.91,29.42,33.6,19.33
745154,2024-06-30,2024,641584,L,458681,R,strikeout,True,False,172.0,0.273,35.0,20.35,14.0,8.14,0.675,0.065,19.53,11.47,8.56,20.03,29.83,15.22,339.0,0.268,66.0,19.47,34.0,10.03,0.815,0.199,24.78,12.84,11.52,24.36,30.55,18.38,198.0,0.267,40.0,20.2,19.0,9.6,0.77,0.16499999999999998,22.94,10.4,14.53,24.93,22.57,20.62,401.0,0.29,80.0,19.95,39.0,9.73,0.909,0.259,26.41,12.9,13.22,26.12,27.13,16.13
745154,2024-06-30,2024,682622,R,458681,R,strikeout,True,False,13.0,0.154,3.0,23.08,0.0,0.0,0.385,0.07700000000000001,35.48,22.0,12.0,34.0,39.13,15.79,89.0,0.317,21.0,23.6,5.0,5.62,0.876,0.195,29.73,14.06,19.17,33.23,30.67,22.58,161.0,0.233,38.0,23.6,11.0,6.83,0.6499999999999999,0.12299999999999997,25.72,13.19,12.89,26.07,31.87,16.67,407.0,0.23,111.0,27.27,28.0,6.88,0.719,0.1919999999999999,30.85,15.73,13.93,29.66,29.38,20.64
745154,2024-06-30,2024,656413,R,458681,R,field_out,False,False,74.0,0.132,19.0,25.68,3.0,4.05,0.41300000000000003,0.089,37.98,20.33,12.86,33.2,32.2,27.54,144.0,0.23,35.0,24.31,12.0,8.33,0.716,0.1829999999999999,31.79,17.15,10.79,27.94,25.91,21.74,161.0,0.233,38.0,23.6,11.0,6.83,0.6499999999999999,0.12299999999999997,25.72,13.19,12.89,26.07,31.87,16.67,407.0,0.23,111.0,27.27,28.0,6.88,0.719,0.1919999999999999,30.85,15.73,13.93,29.66,29.38,20.64
745154,2024-06-30,2024,680977,L,668881,R,walk,False,True,237.0,0.265,38.0,16.03,18.0,7.59,0.773,0.16599999999999998,16.75,6.93,20.26,27.19,22.98,14.13,309.0,0.294,43.0,13.92,27.0,8.74,0.831,0.166,14.96,6.32,19.2,25.52,22.53,13.27,204.0,0.191,60.0,29.41,19.0,9.31,0.615,0.133,27.83,13.9,14.01,27.91,28.73,19.93,244.0,0.215,83.0,34.02,28.0,11.48,0.736,0.2009999999999999,33.14,15.55,14.17,29.71,25.77,23.31
745154,2024-06-30,2024,571448,R,668881,R,strikeout,True,False,246.0,0.273,46.0,18.7,20.0,8.13,0.7190000000000001,0.10899999999999999,21.79,9.63,19.86,29.48,29.81,16.14,468.0,0.28,81.0,17.31,31.0,6.62,0.8089999999999999,0.2009999999999999,20.4,9.71,17.28,26.99,33.33,16.43,185.0,0.228,43.0,23.24,20.0,10.81,0.718,0.164,31.5,16.09,12.47,28.55,27.89,18.53,254.0,0.288,69.0,27.17,20.0,7.87,0.886,0.245,28.29,14.51,14.91,29.42,33.6,19.33
745154,2024-06-30,2024,669357,L,668881,R,strikeout,True,False,211.0,0.199,75.0,35.55,21.0,9.95,0.706,0.22599999999999998,38.72,19.09,14.52,33.61,29.2,27.27,378.0,0.231,124.0,32.8,42.0,11.11,0.7969999999999999,0.2459999999999999,35.96,17.73,12.12,29.85,28.13,25.15,204.0,0.191,60.0,29.41,19.0,9.31,0.615,0.133,27.83,13.9,14.01,27.91,28.73,19.93,244.0,0.215,83.0,34.02,28.0,11.48,0.736,0.2009999999999999,33.14,15.55,14.17,29.71,25.77,23.31
745154,2024-06-30,2024,686780,R,668881,R,single,False,False,48.0,0.143,15.0,31.25,5.0,10.42,0.515,0.143,23.0,11.27,19.61,30.88,34.62,20.27,,,,,,,,,,,,,,,185.0,0.228,43.0,23.24,20.0,10.81,0.718,0.164,31.5,16.09,12.47,28.55,27.89,18.53,254.0,0.288,69.0,27.17,20.0,7.87,0.886,0.245,28.29,14.51,14.91,29.42,33.6,19.33
745154,2024-06-30,2024,672279,L,668881,R,field_out,False,False,121.0,0.279,31.0,25.62,5.0,4.13,0.677,0.08999999999999997,27.78,13.39,19.2,32.59,29.06,24.03,3.0,0.0,1.0,33.33,0.0,0.0,0.0,0.0,40.0,14.29,21.43,35.71,0.0,50.0,204.0,0.191,60.0,29.41,19.0,9.31,0.615,0.133,27.83,13.9,14.01,27.91,28.73,19.93,244.0,0.215,83.0,34.02,28.0,11.48,0.736,0.2009999999999999,33.14,15.55,14.17,29.71,25.77,23.31
745154,2024-06-30,2024,666181,L,458681,R,strikeout,True,False,207.0,0.21,88.0,42.51,19.0,9.18,0.688,0.19300000000000003,39.23,18.88,14.57,33.45,22.89,32.12,285.0,0.297,89.0,31.23,37.0,12.98,0.938,0.252,31.03,13.11,16.03,29.13,18.51,23.66,198.0,0.267,40.0,20.2,19.0,9.6,0.77,0.16499999999999998,22.94,10.4,14.53,24.93,22.57,20.62,401.0,0.29,80.0,19.95,39.0,9.73,0.909,0.259,26.41,12.9,13.22,26.12,27.13,16.13
745154,2024-06-30,2024,571912,R,458681,R,field_out,False,False,75.0,0.169,26.0,34.67,6.0,8.0,0.495,0.045999999999999985,30.88,13.77,16.39,30.16,25.48,30.23,141.0,0.224,35.0,24.82,10.0,7.09,0.675,0.144,25.1,11.19,19.96,31.16,24.62,23.65,161.0,0.233,38.0,23.6,11.0,6.83,0.6499999999999999,0.12299999999999997,25.72,13.19,12.89,26.07,31.87,16.67,407.0,0.23,111.0,27.27,28.0,6.88,0.719,0.1919999999999999,30.85,15.73,13.93,29.66,29.38,20.64
745154,2024-06-30,2024,663697,R,458681,R,double,False,False,215.0,0.264,46.0,21.4,27.0,12.56,0.763,0.132,18.58,6.95,20.42,27.37,15.8,18.33,397.0,0.257,73.0,18.39,37.0,9.32,0.7809999999999999,0.175,21.3,8.18,21.42,29.59,19.53,15.19,161.0,0.233,38.0,23.6,11.0,6.83,0.6499999999999999,0.12299999999999997,25.72,13.19,12.89,26.07,31.87,16.67,407.0,0.23,111.0,27.27,28.0,6.88,0.719,0.1919999999999999,30.85,15.73,13.93,29.66,29.38,20.64
745154,2024-06-30,2024,682829,L,458681,R,field_out,False,False,231.0,0.261,75.0,32.47,24.0,10.39,0.8600000000000001,0.261,32.09,13.27,19.91,33.19,24.68,29.84,307.0,0.255,95.0,30.94,30.0,9.77,0.7989999999999999,0.2159999999999999,26.69,11.86,17.47,29.33,31.27,25.07,198.0,0.267,40.0,20.2,19.0,9.6,0.77,0.16499999999999998,22.94,10.4,14.53,24.93,22.57,20.62,401.0,0.29,80.0,19.95,39.0,9.73,0.909,0.259,26.41,12.9,13.22,26.12,27.13,16.13
745154,2024-06-30,2024,691026,R,668881,R,field_out,False,False,191.0,0.302,34.0,17.8,13.0,6.81,0.728,0.08200000000000002,16.67,7.91,17.98,25.89,30.05,13.99,100.0,0.161,19.0,19.0,9.0,9.0,0.478,0.0799999999999999,21.56,9.11,22.03,31.14,24.87,14.88,185.0,0.228,43.0,23.24,20.0,10.81,0.718,0.164,31.5,16.09,12.47,28.55,27.89,18.53,254.0,0.288,69.0,27.17,20.0,7.87,0.886,0.245,28.29,14.51,14.91,29.42,33.6,19.33
745154,2024-06-30,2024,676475,L,668881,R,strikeout,True,False,200.0,0.312,29.0,14.5,9.0,4.5,0.858,0.199,18.63,10.57,11.68,22.25,34.82,14.65,318.0,0.243,39.0,12.26,21.0,6.6,0.698,0.156,17.66,9.16,14.01,23.17,33.05,13.13,204.0,0.191,60.0,29.41,19.0,9.31,0.615,0.133,27.83,13.9,14.01,27.91,28.73,19.93,244.0,0.215,83.0,34.02,28.0,11.48,0.736,0.2009999999999999,33.14,15.55,14.17,29.71,25.77,23.31
745154,2024-06-30,2024,575929,R,668881,R,walk,False,True,119.0,0.248,36.0,30.25,15.0,12.61,0.8069999999999999,0.198,37.24,19.35,12.61,31.96,33.33,23.65,373.0,0.253,81.0,21.72,38.0,10.19,0.7989999999999999,0.191,29.54,13.96,15.04,29.0,30.33,18.49,185.0,0.228,43.0,23.24,20.0,10.81,0.718,0.164,31.5,16.09,12.47,28.55,27.89,18.53,254.0,0.288,69.0,27.17,20.0,7.87,0.886,0.245,28.29,14.51,14.91,29.42,33.6,19.33
745154,2024-06-30,2024,502671,R,668881,R,strikeout,True,False,256.0,0.214,81.0,31.64,20.0,7.81,0.65,0.158,29.29,13.91,18.39,32.3,30.1,20.68,518.0,0.259,120.0,23.17,67.0,12.93,0.8049999999999999,0.187,27.85,12.3,17.85,30.16,25.85,17.44,185.0,0.228,43.0,23.24,20.0,10.81,0.718,0.164,31.5,16.09,12.47,28.55,27.89,18.53,254.0,0.288,69.0,27.17,20.0,7.87,0.886,0.245,28.29,14.51,14.91,29.42,33.6,19.33
745154,2024-06-30,2024,600869,L,458681,R,field_out,False,False,197.0,0.249,49.0,24.87,8.0,4.06,0.8220000000000001,0.29200000000000004,27.78,15.13,13.2,28.34,36.89,21.88,415.0,0.251,91.0,21.93,38.0,9.16,0.812,0.2279999999999999,25.42,11.83,16.22,28.05,27.64,18.71,198.0,0.267,40.0,20.2,19.0,9.6,0.77,0.16499999999999998,22.94,10.4,14.53,24.93,22.57,20.62,401.0,0.29,80.0,19.95,39.0,9.73,0.909,0.259,26.41,12.9,13.22,26.12,27.13,16.13
745154,2024-06-30,2024,668715,R,458681,R,strikeout,True,False,242.0,0.236,52.0,21.49,22.0,9.09,0.7070000000000001,0.15300000000000002,22.08,10.12,18.02,28.14,26.73,15.9,487.0,0.256,106.0,21.77,51.0,10.47,0.7789999999999999,0.175,25.48,10.86,19.02,29.88,22.75,18.53,161.0,0.233,38.0,23.6,11.0,6.83,0.6499999999999999,0.12299999999999997,25.72,13.19,12.89,26.07,31.87,16.67,407.0,0.23,111.0,27.27,28.0,6.88,0.719,0.1919999999999999,30.85,15.73,13.93,29.66,29.38,20.64
745154,2024-06-30,2024,641584,L,458681,R,field_out,False,False,172.0,0.273,35.0,20.35,14.0,8.14,0.675,0.065,19.53,11.47,8.56,20.03,29.83,15.22,339.0,0.268,66.0,19.47,34.0,10.03,0.815,0.199,24.78,12.84,11.52,24.36,30.55,18.38,198.0,0.267,40.0,20.2,19.0,9.6,0.77,0.16499999999999998,22.94,10.4,14.53,24.93,22.57,20.62,401.0,0.29,80.0,19.95,39.0,9.73,0.909,0.259,26.41,12.9,13.22,26.12,27.13,16.13
745154,2024-06-30,2024,680977,L,668881,R,strikeout,True,False,237.0,0.265,38.0,16.03,18.0,7.59,0.773,0.16599999999999998,16.75,6.93,20.26,27.19,22.98,14.13,309.0,0.294,43.0,13.92,27.0,8.74,0.831,0.166,14.96,6.32,19.2,25.52,22.53,13.27,204.0,0.191,60.0,29.41,19.0,9.31,0.615,0.133,27.83,13.9,14.01,27.91,28.73,19.93,244.0,0.215,83.0,34.02,28.0,11.48,0.736,0.2009999999999999,33.14,15.55,14.17,29.71,25.77,23.31
745154,2024-06-30,2024,571448,R,668881,R,field_out,False,False,246.0,0.273,46.0,18.7,20.0,8.13,0.7190000000000001,0.10899999999999999,21.79,9.63,19.86,29.48,29.81,16.14,468.0,0.28,81.0,17.31,31.0,6.62,0.8089999999999999,0.2009999999999999,20.4,9.71,17.28,26.99,33.33,16.43,185.0,0.228,43.0,23.24,20.0,10.81,0.718,0.164,31.5,16.09,12.47,28.55,27.89,18.53,254.0,0.288,69.0,27.17,20.0,7.87,0.886,0.245,28.29,14.51,14.91,29.42,33.6,19.33
745154,2024-06-30,2024,669357,L,668881,R,strikeout,True,False,211.0,0.199,75.0,35.55,21.0,9.95,0.706,0.22599999999999998,38.72,19.09,14.52,33.61,29.2,27.27,378.0,0.231,124.0,32.8,42.0,11.11,0.7969999999999999,0.2459999999999999,35.96,17.73,12.12,29.85,28.13,25.15,204.0,0.191,60.0,29.41,19.0,9.31,0.615,0.133,27.83,13.9,14.01,27.91,28.73,19.93,244.0,0.215,83.0,34.02,28.0,11.48,0.736,0.2009999999999999,33.14,15.55,14.17,29.71,25.77,23.31
745154,2024-06-30,2024,682622,R,458681,R,field_out,False,False,13.0,0.154,3.0,23.08,0.0,0.0,0.385,0.07700000000000001,35.48,22.0,12.0,34.0,39.13,15.79,89.0,0.317,21.0,23.6,5.0,5.62,0.876,0.195,29.73,14.06,19.17,33.23,30.67,22.58,161.0,0.233,38.0,23.6,11.0,6.83,0.6499999999999999,0.12299999999999997,25.72,13.19,12.89,26.07,31.87,16.67,407.0,0.23,111.0,27.27,28.0,6.88,0.719,0.1919999999999999,30.85,15.73,13.93,29.66,29.38,20.64
745154,2024-06-30,2024,656413,R,458681,R,single,False,False,74.0,0.132,19.0,25.68,3.0,4.05,0.41300000000000003,0.089,37.98,20.33,12.86,33.2,32.2,27.54,144.0,0.23,35.0,24.31,12.0,8.33,0.716,0.1829999999999999,31.79,17.15,10.79,27.94,25.91,21.74,161.0,0.233,38.0,23.6,11.0,6.83,0.6499999999999999,0.12299999999999997,25.72,13.19,12.89,26.07,31.87,16.67,407.0,0.23,111.0,27.27,28.0,6.88,0.719,0.1919999999999999,30.85,15.73,13.93,29.66,29.38,20.64
745154,2024-06-30,2024,666181,L,458681,R,field_out,False,False,207.0,0.21,88.0,42.51,19.0,9.18,0.688,0.19300000000000003,39.23,18.88,14.57,33.45,22.89,32.12,285.0,0.297,89.0,31.23,37.0,12.98,0.938,0.252,31.03,13.11,16.03,29.13,18.51,23.66,198.0,0.267,40.0,20.2,19.0,9.6,0.77,0.16499999999999998,22.94,10.4,14.53,24.93,22.57,20.62,401.0,0.29,80.0,19.95,39.0,9.73,0.909,0.259,26.41,12.9,13.22,26.12,27.13,16.13
745154,2024-06-30,2024,571912,R,458681,R,strikeout,True,False,75.0,0.169,26.0,34.67,6.0,8.0,0.495,0.045999999999999985,30.88,13.77,16.39,30.16,25.48,30.23,141.0,0.224,35.0,24.82,10.0,7.09,0.675,0.144,25.1,11.19,19.96,31.16,24.62,23.65,161.0,0.233,38.0,23.6,11.0,6.83,0.6499999999999999,0.12299999999999997,25.72,13.19,12.89,26.07,31.87,16.67,407.0,0.23,111.0,27.27,28.0,6.88,0.719,0.1919999999999999,30.85,15.73,13.93,29.66,29.38,20.64
745154,2024-06-30,2024,686780,R,668881,R,single,False,False,48.0,0.143,15.0,31.25,5.0,10.42,0.515,0.143,23.0,11.27,19.61,30.88,34.62,20.27,,,,,,,,,,,,,,,185.0,0.228,43.0,23.24,20.0,10.81,0.718,0.164,31.5,16.09,12.47,28.55,27.89,18.53,254.0,0.288,69.0,27.17,20.0,7.87,0.886,0.245,28.29,14.51,14.91,29.42,33.6,19.33
745154,2024-06-30,2024,672279,L,668881,R,field_out,False,False,121.0,0.279,31.0,25.62,5.0,4.13,0.677,0.08999999999999997,27.78,13.39,19.2,32.59,29.06,24.03,3.0,0.0,1.0,33.33,0.0,0.0,0.0,0.0,40.0,14.29,21.43,35.71,0.0,50.0,204.0,0.191,60.0,29.41,19.0,9.31,0.615,0.133,27.83,13.9,14.01,27.91,28.73,19.93,244.0,0.215,83.0,34.02,28.0,11.48,0.736,0.2009999999999999,33.14,15.55,14.17,29.71,25.77,23.31
745154,2024-06-30,2024,691026,R,668881,R,single,False,False,191.0,0.302,34.0,17.8,13.0,6.81,0.728,0.08200000000000002,16.67,7.91,17.98,25.89,30.05,13.99,100.0,0.161,19.0,19.0,9.0,9.0,0.478,0.0799999999999999,21.56,9.11,22.03,31.14,24.87,14.88,185.0,0.228,43.0,23.24,20.0,10.81,0.718,0.164,31.5,16.09,12.47,28.55,27.89,18.53,254.0,0.288,69.0,27.17,20.0,7.87,0.886,0.245,28.29,14.51,14.91,29.42,33.6,19.33
745154,2024-06-30,2024,676475,L,668881,R,single,False,False,200.0,0.312,29.0,14.5,9.0,4.5,0.858,0.199,18.63,10.57,11.68,22.25,34.82,14.65,318.0,0.243,39.0,12.26,21.0,6.6,0.698,0.156,17.66,9.16,14.01,23.17,33.05,13.13,204.0,0.191,60.0,29.41,19.0,9.31,0.615,0.133,27.83,13.9,14.01,27.91,28.73,19.93,244.0,0.215,83.0,34.02,28.0,11.48,0.736,0.2009999999999999,33.14,15.55,14.17,29.71,25.77,23.31
745154,2024-06-30,2024,575929,R,668881,R,hit_by_pitch,False,False,119.0,0.248,36.0,30.25,15.0,12.61,0.8069999999999999,0.198,37.24,19.35,12.61,31.96,33.33,23.65,373.0,0.253,81.0,21.72,38.0,10.19,0.7989999999999999,0.191,29.54,13.96,15.04,29.0,30.33,18.49,185.0,0.228,43.0,23.24,20.0,10.81,0.718,0.164,31.5,16.09,12.47,28.55,27.89,18.53,254.0,0.288,69.0,27.17,20.0,7.87,0.886,0.245,28.29,14.51,14.91,29.42,33.6,19.33
745154,2024-06-30,2024,502671,R,668881,R,field_out,False,False,256.0,0.214,81.0,31.64,20.0,7.81,0.65,0.158,29.29,13.91,18.39,32.3,30.1,20.68,518.0,0.259,120.0,23.17,67.0,12.93,0.8049999999999999,0.187,27.85,12.3,17.85,30.16,25.85,17.44,185.0,0.228,43.0,23.24,20.0,10.81,0.718,0.164,31.5,16.09,12.47,28.55,27.89,18.53,254.0,0.288,69.0,27.17,20.0,7.87,0.886,0.245,28.29,14.51,14.91,29.42,33.6,19.33
745154,2024-06-30,2024,680977,L,594580,L,field_out,False,False,98.0,0.27,9.0,9.18,4.0,4.08,0.687,0.10099999999999998,14.29,5.87,20.11,25.98,20.61,11.39,63.0,0.236,10.0,15.87,6.0,9.52,0.569,0.0,14.29,6.33,19.83,26.16,24.58,15.87,28.0,0.2,8.0,28.57,2.0,7.14,0.45,0.0,30.51,14.75,17.21,31.97,33.33,20.51,121.0,0.161,42.0,34.71,7.0,5.79,0.4579999999999999,0.0799999999999999,27.98,12.53,20.53,33.06,27.27,27.27
745154,2024-06-30,2024,663697,R,458681,R,field_out,False,False,215.0,0.264,46.0,21.4,27.0,12.56,0.763,0.132,18.58,6.95,20.42,27.37,15.8,18.33,397.0,0.257,73.0,18.39,37.0,9.32,0.7809999999999999,0.175,21.3,8.18,21.42,29.59,19.53,15.19,161.0,0.233,38.0,23.6,11.0,6.83,0.6499999999999999,0.12299999999999997,25.72,13.19,12.89,26.07,31.87,16.67,407.0,0.23,111.0,27.27,28.0,6.88,0.719,0.1919999999999999,30.85,15.73,13.93,29.66,29.38,20.64
745154,2024-06-30,2024,682829,L,458681,R,field_out,False,False,231.0,0.261,75.0,32.47,24.0,10.39,0.8600000000000001,0.261,32.09,13.27,19.91,33.19,24.68,29.84,307.0,0.255,95.0,30.94,30.0,9.77,0.7989999999999999,0.2159999999999999,26.69,11.86,17.47,29.33,31.27,25.07,198.0,0.267,40.0,20.2,19.0,9.6,0.77,0.16499999999999998,22.94,10.4,14.53,24.93,22.57,20.62,401.0,0.29,80.0,19.95,39.0,9.73,0.909,0.259,26.41,12.9,13.22,26.12,27.13,16.13
745154,2024-06-30,2024,600869,L,458681,R,field_out,False,False,197.0,0.249,49.0,24.87,8.0,4.06,0.8220000000000001,0.29200000000000004,27.78,15.13,13.2,28.34,36.89,21.88,415.0,0.251,91.0,21.93,38.0,9.16,0.812,0.2279999999999999,25.42,11.83,16.22,28.05,27.64,18.71,198.0,0.267,40.0,20.2,19.0,9.6,0.77,0.16499999999999998,22.94,10.4,14.53,24.93,22.57,20.62,401.0,0.29,80.0,19.95,39.0,9.73,0.909,0.259,26.41,12.9,13.22,26.12,27.13,16.13
745154,2024-06-30,2024,571448,R,594580,L,single,False,False,74.0,0.229,5.0,6.76,1.0,1.35,0.614,0.142,16.28,8.05,18.39,26.44,33.86,7.81,146.0,0.22,20.0,13.7,10.0,6.85,0.662,0.166,19.62,9.73,14.31,24.05,36.88,13.25,41.0,0.184,9.0,21.95,2.0,4.88,0.507,0.07900000000000001,25.0,12.28,15.79,28.07,25.68,15.0,147.0,0.25,26.0,17.69,23.0,15.65,0.7310000000000001,0.086,17.57,7.36,17.69,25.04,26.1,16.25
745154,2024-06-30,2024,669357,L,594580,L,strikeout,True,False,86.0,0.169,31.0,36.05,8.0,9.3,0.598,0.18199999999999997,36.36,17.61,16.04,33.65,31.37,30.1,86.0,0.26,24.0,27.91,11.0,12.79,0.839,0.2189999999999999,33.77,15.79,17.34,33.13,24.68,27.59,28.0,0.2,8.0,28.57,2.0,7.14,0.45,0.0,30.51,14.75,17.21,31.97,33.33,20.51,121.0,0.161,42.0,34.71,7.0,5.79,0.4579999999999999,0.0799999999999999,27.98,12.53,20.53,33.06,27.27,27.27
745154,2024-06-30,2024,686780,R,594580,L,single,False,False,25.0,0.182,3.0,12.0,2.0,8.0,0.558,0.136,23.81,11.76,17.65,29.41,25.71,15.79,,,,,,,,,,,,,,,41.0,0.184,9.0,21.95,2.0,4.88,0.507,0.07900000000000001,25.0,12.28,15.79,28.07,25.68,15.0,147.0,0.25,26.0,17.69,23.0,15.65,0.7310000000000001,0.086,17.57,7.36,17.69,25.04,26.1,16.25
745154,2024-06-30,2024,672279,L,594580,L,strikeout,True,False,62.0,0.151,16.0,25.81,3.0,4.84,0.45599999999999996,0.094,26.89,13.97,20.09,34.06,33.33,19.28,3.0,0.0,0.0,0.0,1.0,33.33,0.333,0.0,33.33,6.67,20.0,26.67,10.0,0.0,28.0,0.2,8.0,28.57,2.0,7.14,0.45,0.0,30.51,14.75,17.21,31.97,33.33,20.51,121.0,0.161,42.0,34.71,7.0,5.79,0.4579999999999999,0.0799999999999999,27.98,12.53,20.53,33.06,27.27,27.27
745154,2024-06-30,2024,691026,R,518585,R,double,False,False,191.0,0.302,34.0,17.8,13.0,6.81,0.728,0.08200000000000002,16.67,7.91,17.98,25.89,30.05,13.99,100.0,0.161,19.0,19.0,9.0,9.0,0.478,0.0799999999999999,21.56,9.11,22.03,31.14,24.87,14.88,70.0,0.133,35.0,50.0,8.0,11.43,0.382,0.016999999999999987,50.0,24.22,15.22,39.45,37.5,38.46,151.0,0.196,55.0,36.42,10.0,6.62,0.601,0.1519999999999999,39.37,19.93,13.76,33.69,34.92,31.98
745154,2024-06-30,2024,676475,L,518585,R,field_out,False,False,200.0,0.312,29.0,14.5,9.0,4.5,0.858,0.199,18.63,10.57,11.68,22.25,34.82,14.65,318.0,0.243,39.0,12.26,21.0,6.6,0.698,0.156,17.66,9.16,14.01,23.17,33.05,13.13,74.0,0.219,25.0,33.78,10.0,13.51,0.777,0.234,34.27,15.96,14.98,30.94,27.1,24.75,128.0,0.231,43.0,33.59,18.0,14.06,0.733,0.158,29.12,13.69,13.69,27.39,27.0,23.76
745154,2024-06-30,2024,668715,R,552640,R,walk,False,True,242.0,0.236,52.0,21.49,22.0,9.09,0.7070000000000001,0.15300000000000002,22.08,10.12,18.02,28.14,26.73,15.9,487.0,0.256,106.0,21.77,51.0,10.47,0.7789999999999999,0.175,25.48,10.86,19.02,29.88,22.75,18.53,98.0,0.213,19.0,19.39,6.0,6.12,0.606,0.13499999999999998,24.87,13.6,15.01,28.61,41.11,18.63,31.0,0.333,7.0,22.58,0.0,0.0,0.788,0.0999999999999999,20.0,11.21,15.89,27.1,40.0,22.58
745154,2024-06-30,2024,641584,L,552640,R,force_out,False,False,172.0,0.273,35.0,20.35,14.0,8.14,0.675,0.065,19.53,11.47,8.56,20.03,29.83,15.22,339.0,0.268,66.0,19.47,34.0,10.03,0.815,0.199,24.78,12.84,11.52,24.36,30.55,18.38,50.0,0.304,14.0,28.0,4.0,8.0,0.903,0.23900000000000005,30.91,17.26,12.18,29.44,36.63,18.67,19.0,0.118,3.0,15.79,2.0,10.53,0.505,0.176,17.02,10.0,11.25,21.25,43.59,8.57
745154,2024-06-30,2024,682622,R,552640,R,field_out,False,False,13.0,0.154,3.0,23.08,0.0,0.0,0.385,0.07700000000000001,35.48,22.0,12.0,34.0,39.13,15.79,89.0,0.317,21.0,23.6,5.0,5.62,0.876,0.195,29.73,14.06,19.17,33.23,30.67,22.58,98.0,0.213,19.0,19.39,6.0,6.12,0.606,0.13499999999999998,24.87,13.6,15.01,28.61,41.11,18.63,31.0,0.333,7.0,22.58,0.0,0.0,0.788,0.0999999999999999,20.0,11.21,15.89,27.1,40.0,22.58
745154,2024-06-30,2024,669289,R,668941,L,field_out,False,False,79.0,0.246,6.0,7.59,8.0,10.13,0.6699999999999999,0.10799999999999998,11.94,5.52,16.21,21.72,24.31,8.45,116.0,0.252,14.0,12.07,8.0,6.9,0.657,0.1029999999999999,17.24,7.83,19.46,27.29,25.0,10.94,96.0,0.233,17.0,17.71,5.0,5.21,0.717,0.19699999999999998,22.94,11.02,16.95,27.97,27.06,17.17,106.0,0.26,30.0,28.3,7.0,6.6,0.6890000000000001,0.1149999999999999,36.41,18.59,17.02,35.6,31.89,28.04
745154,2024-06-30,2024,575929,R,571656,R,strikeout,True,False,119.0,0.248,36.0,30.25,15.0,12.61,0.8069999999999999,0.198,37.24,19.35,12.61,31.96,33.33,23.65,373.0,0.253,81.0,21.72,38.0,10.19,0.7989999999999999,0.191,29.54,13.96,15.04,29.0,30.33,18.49,87.0,0.197,15.0,17.24,5.0,5.75,0.6080000000000001,0.132,24.67,11.35,18.4,29.75,31.36,15.79,191.0,0.201,44.0,23.04,14.0,7.33,0.673,0.195,33.99,16.69,15.86,32.55,33.16,19.91
745154,2024-06-30,2024,502671,R,571656,R,field_out,False,False,256.0,0.214,81.0,31.64,20.0,7.81,0.65,0.158,29.29,13.91,18.39,32.3,30.1,20.68,518.0,0.259,120.0,23.17,67.0,12.93,0.8049999999999999,0.187,27.85,12.3,17.85,30.16,25.85,17.44,87.0,0.197,15.0,17.24,5.0,5.75,0.6080000000000001,0.132,24.67,11.35,18.4,29.75,31.36,15.79,191.0,0.201,44.0,23.04,14.0,7.33,0.673,0.195,33.99,16.69,15.86,32.55,33.16,19.91
745154,2024-06-30,2024,680977,L,571656,R,field_out,False,False,237.0,0.265,38.0,16.03,18.0,7.59,0.773,0.16599999999999998,16.75,6.93,20.26,27.19,22.98,14.13,309.0,0.294,43.0,13.92,27.0,8.74,0.831,0.166,14.96,6.32,19.2,25.52,22.53,13.27,71.0,0.274,13.0,18.31,9.0,12.68,0.7849999999999999,0.14499999999999996,18.9,8.3,15.22,23.53,26.03,18.06,118.0,0.235,26.0,22.03,15.0,12.71,0.743,0.177,24.55,10.69,15.84,26.53,23.37,18.44
745154,2024-06-30,2024,682119,R,668941,L,field_out,False,False,5.0,0.0,1.0,20.0,0.0,0.0,0.0,0.0,44.44,26.67,13.33,40.0,50.0,33.33,,,,,,,,,,,,,,,96.0,0.233,17.0,17.71,5.0,5.21,0.717,0.19699999999999998,22.94,11.02,16.95,27.97,27.06,17.17,106.0,0.26,30.0,28.3,7.0,6.6,0.6890000000000001,0.1149999999999999,36.41,18.59,17.02,35.6,31.89,28.04
745154,2024-06-30,2024,571912,R,668941,L,field_out,False,False,36.0,0.226,10.0,27.78,4.0,11.11,0.725,0.19299999999999998,21.54,9.52,17.01,26.53,29.11,21.74,58.0,0.259,14.0,24.14,4.0,6.9,0.754,0.185,28.43,12.61,18.26,30.87,29.46,22.58,96.0,0.233,17.0,17.71,5.0,5.21,0.717,0.19699999999999998,22.94,11.02,16.95,27.97,27.06,17.17,106.0,0.26,30.0,28.3,7.0,6.6,0.6890000000000001,0.1149999999999999,36.41,18.59,17.02,35.6,31.89,28.04
745154,2024-06-30,2024,663697,R,668941,L,field_out,False,False,96.0,0.312,16.0,16.67,13.0,13.54,0.855,0.126,16.91,5.87,24.49,30.36,15.96,15.53,134.0,0.207,36.0,26.87,15.0,11.19,0.642,0.129,23.87,9.31,22.67,31.99,19.93,19.66,96.0,0.233,17.0,17.71,5.0,5.21,0.717,0.19699999999999998,22.94,11.02,16.95,27.97,27.06,17.17,106.0,0.26,30.0,28.3,7.0,6.6,0.6890000000000001,0.1149999999999999,36.41,18.59,17.02,35.6,31.89,28.04
745154,2024-06-30,2024,571448,R,664747,R,strikeout,True,False,246.0,0.273,46.0,18.7,20.0,8.13,0.7190000000000001,0.10899999999999999,21.79,9.63,19.86,29.48,29.81,16.14,468.0,0.28,81.0,17.31,31.0,6.62,0.8089999999999999,0.2009999999999999,20.4,9.71,17.28,26.99,33.33,16.43,71.0,0.234,16.0,22.54,6.0,8.45,0.607,0.06299999999999997,25.56,12.01,17.31,29.33,25.71,19.05,142.0,0.197,38.0,26.76,20.0,14.08,0.634,0.1109999999999999,35.51,17.28,12.35,29.63,29.13,24.05
745154,2024-06-30,2024,669357,L,664747,R,field_out,False,False,211.0,0.199,75.0,35.55,21.0,9.95,0.706,0.22599999999999998,38.72,19.09,14.52,33.61,29.2,27.27,378.0,0.231,124.0,32.8,42.0,11.11,0.7969999999999999,0.2459999999999999,35.96,17.73,12.12,29.85,28.13,25.15,59.0,0.186,14.0,23.73,14.0,23.73,0.709,0.11599999999999999,26.42,10.89,15.56,26.46,23.13,15.91,144.0,0.176,48.0,33.33,16.0,11.11,0.56,0.076,34.07,15.36,13.02,28.38,26.49,29.27
745154,2024-06-30,2024,686780,R,664747,R,field_out,False,False,48.0,0.143,15.0,31.25,5.0,10.42,0.515,0.143,23.0,11.27,19.61,30.88,34.62,20.27,,,,,,,,,,,,,,,71.0,0.234,16.0,22.54,6.0,8.45,0.607,0.06299999999999997,25.56,12.01,17.31,29.33,25.71,19.05,142.0,0.197,38.0,26.76,20.0,14.08,0.634,0.1109999999999999,35.51,17.28,12.35,29.63,29.13,24.05
745154,2024-06-30,2024,682829,L,664854,R,strikeout,True,False,231.0,0.261,75.0,32.47,24.0,10.39,0.8600000000000001,0.261,32.09,13.27,19.91,33.19,24.68,29.84,307.0,0.255,95.0,30.94,30.0,9.77,0.7989999999999999,0.2159999999999999,26.69,11.86,17.47,29.33,31.27,25.07,70.0,0.203,20.0,28.57,9.0,12.86,0.554,0.05099999999999999,32.2,15.51,17.55,33.06,26.21,26.67,66.0,0.224,22.0,33.33,7.0,10.61,0.6970000000000001,0.155,31.01,14.44,15.88,30.32,30.28,23.91
745154,2024-06-30,2024,600869,L,664854,R,strikeout,True,False,197.0,0.249,49.0,24.87,8.0,4.06,0.8220000000000001,0.29200000000000004,27.78,15.13,13.2,28.34,36.89,21.88,415.0,0.251,91.0,21.93,38.0,9.16,0.812,0.2279999999999999,25.42,11.83,16.22,28.05,27.64,18.71,70.0,0.203,20.0,28.57,9.0,12.86,0.554,0.05099999999999999,32.2,15.51,17.55,33.06,26.21,26.67,66.0,0.224,22.0,33.33,7.0,10.61,0.6970000000000001,0.155,31.01,14.44,15.88,30.32,30.28,23.91
745154,2024-06-30,2024,668715,R,664854,R,field_out,False,False,242.0,0.236,52.0,21.49,22.0,9.09,0.7070000000000001,0.15300000000000002,22.08,10.12,18.02,28.14,26.73,15.9,487.0,0.256,106.0,21.77,51.0,10.47,0.7789999999999999,0.175,25.48,10.86,19.02,29.88,22.75,18.53,85.0,0.224,24.0,28.24,7.0,8.24,0.558,0.05200000000000002,39.38,21.07,14.38,35.45,32.37,30.38,80.0,0.134,30.0,37.5,10.0,12.5,0.402,0.03,37.93,19.76,13.17,32.93,33.13,27.27
745971,2024-06-30,2024,663538,R,642547,R,home_run,False,False,257.0,0.248,27.0,10.51,23.0,8.95,0.6799999999999999,0.09699999999999998,13.71,6.16,21.34,27.49,30.0,10.11,508.0,0.274,63.0,12.4,40.0,7.87,0.72,0.0979999999999999,13.4,6.0,20.67,26.67,29.91,12.21,179.0,0.224,54.0,30.17,17.0,9.5,0.681,0.13099999999999998,31.17,14.74,14.23,28.97,26.71,18.69,318.0,0.209,115.0,36.16,19.0,5.97,0.669,0.192,37.03,17.53,15.68,33.21,29.6,24.11
745971,2024-06-30,2024,683737,L,642547,R,field_out,False,False,243.0,0.256,86.0,35.39,31.0,12.76,0.808,0.198,33.48,14.93,15.51,30.44,24.13,25.75,66.0,0.158,21.0,31.82,8.0,12.12,0.556,0.1399999999999999,29.79,14.48,13.45,27.93,28.39,21.0,184.0,0.219,58.0,31.52,14.0,7.61,0.64,0.142,34.49,15.99,14.52,30.51,28.64,25.33,362.0,0.215,95.0,26.24,35.0,9.67,0.669,0.16,30.45,14.66,14.59,29.25,27.92,19.08
745971,2024-06-30,2024,641355,L,642547,R,single,False,False,217.0,0.236,37.0,17.05,23.0,10.6,0.7210000000000001,0.16200000000000003,24.37,11.85,13.83,25.68,31.14,17.79,373.0,0.291,58.0,15.55,27.0,7.24,0.829,0.198,20.08,10.01,15.91,25.92,29.71,13.74,184.0,0.219,58.0,31.52,14.0,7.61,0.64,0.142,34.49,15.99,14.52,30.51,28.64,25.33,362.0,0.215,95.0,26.24,35.0,9.67,0.669,0.16,30.45,14.66,14.59,29.25,27.92,19.08
745971,2024-06-30,2024,673548,R,642547,R,strikeout,True,False,189.0,0.271,58.0,30.69,12.0,6.35,0.804,0.20499999999999996,27.33,10.91,22.08,32.99,22.19,22.39,419.0,0.278,102.0,24.34,41.0,9.79,0.839,0.2129999999999999,24.3,9.93,20.44,30.37,19.3,20.2,179.0,0.224,54.0,30.17,17.0,9.5,0.681,0.13099999999999998,31.17,14.74,14.23,28.97,26.71,18.69,318.0,0.209,115.0,36.16,19.0,5.97,0.669,0.192,37.03,17.53,15.68,33.21,29.6,24.11
745971,2024-06-30,2024,664023,L,642547,R,walk,False,True,256.0,0.231,71.0,27.73,38.0,14.84,0.782,0.19399999999999998,28.13,12.35,16.14,28.49,22.59,19.29,502.0,0.258,109.0,21.71,80.0,15.94,0.831,0.192,25.86,11.22,15.24,26.46,20.31,17.34,184.0,0.219,58.0,31.52,14.0,7.61,0.64,0.142,34.49,15.99,14.52,30.51,28.64,25.33,362.0,0.215,95.0,26.24,35.0,9.67,0.669,0.16,30.45,14.66,14.59,29.25,27.92,19.08
745971,2024-06-30,2024,666624,R,642547,R,strikeout,True,False,267.0,0.202,61.0,22.85,32.0,11.99,0.685,0.175,30.77,13.73,15.16,28.88,24.29,19.87,329.0,0.247,105.0,31.91,27.0,8.21,0.798,0.239,38.21,19.07,13.74,32.81,29.43,27.56,179.0,0.224,54.0,30.17,17.0,9.5,0.681,0.13099999999999998,31.17,14.74,14.23,28.97,26.71,18.69,318.0,0.209,115.0,36.16,19.0,5.97,0.669,0.192,37.03,17.53,15.68,33.21,29.6,24.11
745971,2024-06-30,2024,668930,L,543294,R,field_out,False,False,261.0,0.296,42.0,16.09,22.0,8.43,0.782,0.129,12.42,5.74,18.87,24.61,26.06,14.43,376.0,0.224,82.0,21.81,30.0,7.98,0.608,0.097,22.03,10.83,16.08,26.9,28.59,16.14,128.0,0.294,21.0,16.41,7.0,5.47,0.843,0.21000000000000002,24.04,11.68,17.06,28.74,31.76,21.65,300.0,0.225,53.0,17.67,16.0,5.33,0.614,0.1249999999999999,24.57,11.27,18.66,29.93,34.05,16.99
745971,2024-06-30,2024,661388,R,543294,R,field_out,False,False,275.0,0.281,50.0,18.18,24.0,8.73,0.7989999999999999,0.16899999999999998,28.36,13.5,14.09,27.59,24.76,17.99,434.0,0.262,94.0,21.66,42.0,9.68,0.72,0.119,27.61,11.63,19.55,31.17,24.86,18.08,126.0,0.301,22.0,17.46,10.0,7.94,0.8,0.15000000000000002,16.46,7.98,18.76,26.75,32.51,12.15,279.0,0.286,40.0,14.34,11.0,3.94,0.763,0.153,17.28,8.2,19.57,27.77,33.87,15.04
745971,2024-06-30,2024,592885,L,543294,R,field_out,False,False,167.0,0.317,33.0,19.76,20.0,11.98,0.8600000000000001,0.14500000000000002,22.58,10.42,13.1,23.51,25.21,16.02,473.0,0.294,103.0,21.78,64.0,13.53,0.882,0.195,26.99,11.53,15.4,26.93,23.89,19.07,128.0,0.294,21.0,16.41,7.0,5.47,0.843,0.21000000000000002,24.04,11.68,17.06,28.74,31.76,21.65,300.0,0.225,53.0,17.67,16.0,5.33,0.614,0.1249999999999999,24.57,11.27,18.66,29.93,34.05,16.99
745971,2024-06-30,2024,621020,R,642547,R,strikeout,True,False,231.0,0.221,62.0,26.84,20.0,8.66,0.6519999999999999,0.13999999999999999,31.03,14.91,15.56,30.47,24.72,22.06,478.0,0.244,111.0,23.22,49.0,10.25,0.734,0.161,28.04,13.13,15.12,28.26,23.34,18.66,179.0,0.224,54.0,30.17,17.0,9.5,0.681,0.13099999999999998,31.17,14.74,14.23,28.97,26.71,18.69,318.0,0.209,115.0,36.16,19.0,5.97,0.669,0.192,37.03,17.53,15.68,33.21,29.6,24.11
745971,2024-06-30,2024,691718,L,642547,R,field_out,False,False,123.0,0.2,36.0,29.27,6.0,4.88,0.552,0.09999999999999998,28.88,17.58,10.77,28.35,42.73,21.95,15.0,0.0,6.0,40.0,2.0,13.33,0.154,0.0,44.44,26.67,8.33,35.0,23.08,27.27,184.0,0.219,58.0,31.52,14.0,7.61,0.64,0.142,34.49,15.99,14.52,30.51,28.64,25.33,362.0,0.215,95.0,26.24,35.0,9.67,0.669,0.16,30.45,14.66,14.59,29.25,27.92,19.08
745971,2024-06-30,2024,665804,R,642547,R,field_out,False,False,139.0,0.21,31.0,22.3,10.0,7.19,0.5569999999999999,0.06400000000000003,27.8,14.89,14.7,29.59,35.8,19.14,92.0,0.187,24.0,26.09,7.0,7.61,0.679,0.173,24.72,11.67,16.98,28.65,28.18,19.05,179.0,0.224,54.0,30.17,17.0,9.5,0.681,0.13099999999999998,31.17,14.74,14.23,28.97,26.71,18.69,318.0,0.209,115.0,36.16,19.0,5.97,0.669,0.192,37.03,17.53,15.68,33.21,29.6,24.11
745971,2024-06-30,2024,642715,R,543294,R,field_out,False,False,274.0,0.252,60.0,21.9,29.0,10.58,0.779,0.194,29.47,14.21,14.3,28.51,26.64,17.75,480.0,0.212,117.0,24.38,47.0,9.79,0.702,0.194,32.44,16.53,12.85,29.38,32.69,19.28,126.0,0.301,22.0,17.46,10.0,7.94,0.8,0.15000000000000002,16.46,7.98,18.76,26.75,32.51,12.15,279.0,0.286,40.0,14.34,11.0,3.94,0.763,0.153,17.28,8.2,19.57,27.77,33.87,15.04
745971,2024-06-30,2024,641343,L,543294,R,single,False,False,169.0,0.212,58.0,34.32,19.0,11.24,0.712,0.18500000000000003,29.55,13.21,18.58,31.79,20.89,26.48,244.0,0.205,83.0,34.02,26.0,10.66,0.72,0.228,32.78,14.71,16.21,30.93,23.65,23.92,128.0,0.294,21.0,16.41,7.0,5.47,0.843,0.21000000000000002,24.04,11.68,17.06,28.74,31.76,21.65,300.0,0.225,53.0,17.67,16.0,5.33,0.614,0.1249999999999999,24.57,11.27,18.66,29.93,34.05,16.99
745971,2024-06-30,2024,656555,R,543294,R,field_out,False,False,199.0,0.236,54.0,27.14,20.0,10.05,0.756,0.195,26.32,10.81,21.16,31.97,22.14,19.08,,,,,,,,,,,,,,,126.0,0.301,22.0,17.46,10.0,7.94,0.8,0.15000000000000002,16.46,7.98,18.76,26.75,32.51,12.15,279.0,0.286,40.0,14.34,11.0,3.94,0.763,0.153,17.28,8.2,19.57,27.77,33.87,15.04
745971,2024-06-30,2024,686217,L,543294,R,field_out,False,False,244.0,0.267,42.0,17.21,23.0,9.43,0.6779999999999999,0.065,14.48,5.8,21.91,27.71,26.1,15.33,180.0,0.261,30.0,16.67,23.0,12.78,0.722,0.1049999999999999,15.26,6.63,20.31,26.94,29.52,13.18,128.0,0.294,21.0,16.41,7.0,5.47,0.843,0.21000000000000002,24.04,11.68,17.06,28.74,31.76,21.65,300.0,0.225,53.0,17.67,16.0,5.33,0.614,0.1249999999999999,24.57,11.27,18.66,29.93,34.05,16.99
745971,2024-06-30,2024,663538,R,642547,R,field_out,False,False,257.0,0.248,27.0,10.51,23.0,8.95,0.6799999999999999,0.09699999999999998,13.71,6.16,21.34,27.49,30.0,10.11,508.0,0.274,63.0,12.4,40.0,7.87,0.72,0.0979999999999999,13.4,6.0,20.67,26.67,29.91,12.21,179.0,0.224,54.0,30.17,17.0,9.5,0.681,0.13099999999999998,31.17,14.74,14.23,28.97,26.71,18.69,318.0,0.209,115.0,36.16,19.0,5.97,0.669,0.192,37.03,17.53,15.68,33.21,29.6,24.11
745971,2024-06-30,2024,683737,L,642547,R,walk,False,True,243.0,0.256,86.0,35.39,31.0,12.76,0.808,0.198,33.48,14.93,15.51,30.44,24.13,25.75,66.0,0.158,21.0,31.82,8.0,12.12,0.556,0.1399999999999999,29.79,14.48,13.45,27.93,28.39,21.0,184.0,0.219,58.0,31.52,14.0,7.61,0.64,0.142,34.49,15.99,14.52,30.51,28.64,25.33,362.0,0.215,95.0,26.24,35.0,9.67,0.669,0.16,30.45,14.66,14.59,29.25,27.92,19.08
745971,2024-06-30,2024,641355,L,642547,R,field_out,False,False,217.0,0.236,37.0,17.05,23.0,10.6,0.7210000000000001,0.16200000000000003,24.37,11.85,13.83,25.68,31.14,17.79,373.0,0.291,58.0,15.55,27.0,7.24,0.829,0.198,20.08,10.01,15.91,25.92,29.71,13.74,184.0,0.219,58.0,31.52,14.0,7.61,0.64,0.142,34.49,15.99,14.52,30.51,28.64,25.33,362.0,0.215,95.0,26.24,35.0,9.67,0.669,0.16,30.45,14.66,14.59,29.25,27.92,19.08
745971,2024-06-30,2024,673548,R,642547,R,field_out,False,False,189.0,0.271,58.0,30.69,12.0,6.35,0.804,0.20499999999999996,27.33,10.91,22.08,32.99,22.19,22.39,419.0,0.278,102.0,24.34,41.0,9.79,0.839,0.2129999999999999,24.3,9.93,20.44,30.37,19.3,20.2,179.0,0.224,54.0,30.17,17.0,9.5,0.681,0.13099999999999998,31.17,14.74,14.23,28.97,26.71,18.69,318.0,0.209,115.0,36.16,19.0,5.97,0.669,0.192,37.03,17.53,15.68,33.21,29.6,24.11
745971,2024-06-30,2024,694192,R,543294,R,field_out,False,False,181.0,0.263,47.0,25.97,7.0,3.87,0.733,0.181,29.85,15.08,18.4,33.48,36.84,23.27,,,,,,,,,,,,,,,126.0,0.301,22.0,17.46,10.0,7.94,0.8,0.15000000000000002,16.46,7.98,18.76,26.75,32.51,12.15,279.0,0.286,40.0,14.34,11.0,3.94,0.763,0.153,17.28,8.2,19.57,27.77,33.87,15.04
745971,2024-06-30,2024,655316,R,543294,R,strikeout,True,False,22.0,0.211,7.0,31.82,2.0,9.09,0.634,0.10500000000000001,28.89,12.62,15.53,28.16,20.41,19.44,222.0,0.246,47.0,21.17,16.0,7.21,0.636,0.084,22.47,9.47,20.0,29.47,20.54,16.43,126.0,0.301,22.0,17.46,10.0,7.94,0.8,0.15000000000000002,16.46,7.98,18.76,26.75,32.51,12.15,279.0,0.286,40.0,14.34,11.0,3.94,0.763,0.153,17.28,8.2,19.57,27.77,33.87,15.04
745971,2024-06-30,2024,668930,L,543294,R,field_out,False,False,261.0,0.296,42.0,16.09,22.0,8.43,0.782,0.129,12.42,5.74,18.87,24.61,26.06,14.43,376.0,0.224,82.0,21.81,30.0,7.98,0.608,0.097,22.03,10.83,16.08,26.9,28.59,16.14,128.0,0.294,21.0,16.41,7.0,5.47,0.843,0.21000000000000002,24.04,11.68,17.06,28.74,31.76,21.65,300.0,0.225,53.0,17.67,16.0,5.33,0.614,0.1249999999999999,24.57,11.27,18.66,29.93,34.05,16.99
745971,2024-06-30,2024,664023,L,642547,R,field_out,False,False,256.0,0.231,71.0,27.73,38.0,14.84,0.782,0.19399999999999998,28.13,12.35,16.14,28.49,22.59,19.29,502.0,0.258,109.0,21.71,80.0,15.94,0.831,0.192,25.86,11.22,15.24,26.46,20.31,17.34,184.0,0.219,58.0,31.52,14.0,7.61,0.64,0.142,34.49,15.99,14.52,30.51,28.64,25.33,362.0,0.215,95.0,26.24,35.0,9.67,0.669,0.16,30.45,14.66,14.59,29.25,27.92,19.08
745971,2024-06-30,2024,666624,R,642547,R,field_out,False,False,267.0,0.202,61.0,22.85,32.0,11.99,0.685,0.175,30.77,13.73,15.16,28.88,24.29,19.87,329.0,0.247,105.0,31.91,27.0,8.21,0.798,0.239,38.21,19.07,13.74,32.81,29.43,27.56,179.0,0.224,54.0,30.17,17.0,9.5,0.681,0.13099999999999998,31.17,14.74,14.23,28.97,26.71,18.69,318.0,0.209,115.0,36.16,19.0,5.97,0.669,0.192,37.03,17.53,15.68,33.21,29.6,24.11
745971,2024-06-30,2024,621020,R,642547,R,strikeout,True,False,231.0,0.221,62.0,26.84,20.0,8.66,0.6519999999999999,0.13999999999999999,31.03,14.91,15.56,30.47,24.72,22.06,478.0,0.244,111.0,23.22,49.0,10.25,0.734,0.161,28.04,13.13,15.12,28.26,23.34,18.66,179.0,0.224,54.0,30.17,17.0,9.5,0.681,0.13099999999999998,31.17,14.74,14.23,28.97,26.71,18.69,318.0,0.209,115.0,36.16,19.0,5.97,0.669,0.192,37.03,17.53,15.68,33.21,29.6,24.11
745971,2024-06-30,2024,661388,R,543294,R,single,False,False,275.0,0.281,50.0,18.18,24.0,8.73,0.7989999999999999,0.16899999999999998,28.36,13.5,14.09,27.59,24.76,17.99,434.0,0.262,94.0,21.66,42.0,9.68,0.72,0.119,27.61,11.63,19.55,31.17,24.86,18.08,126.0,0.301,22.0,17.46,10.0,7.94,0.8,0.15000000000000002,16.46,7.98,18.76,26.75,32.51,12.15,279.0,0.286,40.0,14.34,11.0,3.94,0.763,0.153,17.28,8.2,19.57,27.77,33.87,15.04
745971,2024-06-30,2024,592885,L,543294,R,home_run,False,False,167.0,0.317,33.0,19.76,20.0,11.98,0.8600000000000001,0.14500000000000002,22.58,10.42,13.1,23.51,25.21,16.02,473.0,0.294,103.0,21.78,64.0,13.53,0.882,0.195,26.99,11.53,15.4,26.93,23.89,19.07,128.0,0.294,21.0,16.41,7.0,5.47,0.843,0.21000000000000002,24.04,11.68,17.06,28.74,31.76,21.65,300.0,0.225,53.0,17.67,16.0,5.33,0.614,0.1249999999999999,24.57,11.27,18.66,29.93,34.05,16.99
745971,2024-06-30,2024,642715,R,543294,R,strikeout,True,False,274.0,0.252,60.0,21.9,29.0,10.58,0.779,0.194,29.47,14.21,14.3,28.51,26.64,17.75,480.0,0.212,117.0,24.38,47.0,9.79,0.702,0.194,32.44,16.53,12.85,29.38,32.69,19.28,126.0,0.301,22.0,17.46,10.0,7.94,0.8,0.15000000000000002,16.46,7.98,18.76,26.75,32.51,12.15,279.0,0.286,40.0,14.34,11.0,3.94,0.763,0.153,17.28,8.2,19.57,27.77,33.87,15.04
745971,2024-06-30,2024,641343,L,543294,R,walk,False,True,169.0,0.212,58.0,34.32,19.0,11.24,0.712,0.18500000000000003,29.55,13.21,18.58,31.79,20.89,26.48,244.0,0.205,83.0,34.02,26.0,10.66,0.72,0.228,32.78,14.71,16.21,30.93,23.65,23.92,128.0,0.294,21.0,16.41,7.0,5.47,0.843,0.21000000000000002,24.04,11.68,17.06,28.74,31.76,21.65,300.0,0.225,53.0,17.67,16.0,5.33,0.614,0.1249999999999999,24.57,11.27,18.66,29.93,34.05,16.99
745971,2024-06-30,2024,656555,R,543294,R,single,False,False,199.0,0.236,54.0,27.14,20.0,10.05,0.756,0.195,26.32,10.81,21.16,31.97,22.14,19.08,,,,,,,,,,,,,,,126.0,0.301,22.0,17.46,10.0,7.94,0.8,0.15000000000000002,16.46,7.98,18.76,26.75,32.51,12.15,279.0,0.286,40.0,14.34,11.0,3.94,0.763,0.153,17.28,8.2,19.57,27.77,33.87,15.04
745971,2024-06-30,2024,686217,L,543294,R,single,False,False,244.0,0.267,42.0,17.21,23.0,9.43,0.6779999999999999,0.065,14.48,5.8,21.91,27.71,26.1,15.33,180.0,0.261,30.0,16.67,23.0,12.78,0.722,0.1049999999999999,15.26,6.63,20.31,26.94,29.52,13.18,128.0,0.294,21.0,16.41,7.0,5.47,0.843,0.21000000000000002,24.04,11.68,17.06,28.74,31.76,21.65,300.0,0.225,53.0,17.67,16.0,5.33,0.614,0.1249999999999999,24.57,11.27,18.66,29.93,34.05,16.99
745971,2024-06-30,2024,694192,R,543294,R,single,False,False,181.0,0.263,47.0,25.97,7.0,3.87,0.733,0.181,29.85,15.08,18.4,33.48,36.84,23.27,,,,,,,,,,,,,,,126.0,0.301,22.0,17.46,10.0,7.94,0.8,0.15000000000000002,16.46,7.98,18.76,26.75,32.51,12.15,279.0,0.286,40.0,14.34,11.0,3.94,0.763,0.153,17.28,8.2,19.57,27.77,33.87,15.04
745971,2024-06-30,2024,655316,R,543294,R,strikeout,True,False,22.0,0.211,7.0,31.82,2.0,9.09,0.634,0.10500000000000001,28.89,12.62,15.53,28.16,20.41,19.44,222.0,0.246,47.0,21.17,16.0,7.21,0.636,0.084,22.47,9.47,20.0,29.47,20.54,16.43,126.0,0.301,22.0,17.46,10.0,7.94,0.8,0.15000000000000002,16.46,7.98,18.76,26.75,32.51,12.15,279.0,0.286,40.0,14.34,11.0,3.94,0.763,0.153,17.28,8.2,19.57,27.77,33.87,15.04
745971,2024-06-30,2024,668930,L,543294,R,home_run,False,False,261.0,0.296,42.0,16.09,22.0,8.43,0.782,0.129,12.42,5.74,18.87,24.61,26.06,14.43,376.0,0.224,82.0,21.81,30.0,7.98,0.608,0.097,22.03,10.83,16.08,26.9,28.59,16.14,128.0,0.294,21.0,16.41,7.0,5.47,0.843,0.21000000000000002,24.04,11.68,17.06,28.74,31.76,21.65,300.0,0.225,53.0,17.67,16.0,5.33,0.614,0.1249999999999999,24.57,11.27,18.66,29.93,34.05,16.99
745971,2024-06-30,2024,661388,R,605347,R,field_out,False,False,275.0,0.281,50.0,18.18,24.0,8.73,0.7989999999999999,0.16899999999999998,28.36,13.5,14.09,27.59,24.76,17.99,434.0,0.262,94.0,21.66,42.0,9.68,0.72,0.119,27.61,11.63,19.55,31.17,24.86,18.08,74.0,0.25,8.0,10.81,8.0,10.81,0.654,0.062,15.83,6.81,18.64,25.45,20.3,11.43,175.0,0.286,28.0,16.0,13.0,7.43,0.838,0.201,22.7,11.09,16.72,27.81,31.8,16.87
745971,2024-06-30,2024,691718,L,642547,R,field_out,False,False,123.0,0.2,36.0,29.27,6.0,4.88,0.552,0.09999999999999998,28.88,17.58,10.77,28.35,42.73,21.95,15.0,0.0,6.0,40.0,2.0,13.33,0.154,0.0,44.44,26.67,8.33,35.0,23.08,27.27,184.0,0.219,58.0,31.52,14.0,7.61,0.64,0.142,34.49,15.99,14.52,30.51,28.64,25.33,362.0,0.215,95.0,26.24,35.0,9.67,0.669,0.16,30.45,14.66,14.59,29.25,27.92,19.08
745971,2024-06-30,2024,665804,R,642547,R,field_out,False,False,139.0,0.21,31.0,22.3,10.0,7.19,0.5569999999999999,0.06400000000000003,27.8,14.89,14.7,29.59,35.8,19.14,92.0,0.187,24.0,26.09,7.0,7.61,0.679,0.173,24.72,11.67,16.98,28.65,28.18,19.05,179.0,0.224,54.0,30.17,17.0,9.5,0.681,0.13099999999999998,31.17,14.74,14.23,28.97,26.71,18.69,318.0,0.209,115.0,36.16,19.0,5.97,0.669,0.192,37.03,17.53,15.68,33.21,29.6,24.11
745971,2024-06-30,2024,663538,R,642547,R,field_out,False,False,257.0,0.248,27.0,10.51,23.0,8.95,0.6799999999999999,0.09699999999999998,13.71,6.16,21.34,27.49,30.0,10.11,508.0,0.274,63.0,12.4,40.0,7.87,0.72,0.0979999999999999,13.4,6.0,20.67,26.67,29.91,12.21,179.0,0.224,54.0,30.17,17.0,9.5,0.681,0.13099999999999998,31.17,14.74,14.23,28.97,26.71,18.69,318.0,0.209,115.0,36.16,19.0,5.97,0.669,0.192,37.03,17.53,15.68,33.21,29.6,24.11
745971,2024-06-30,2024,592885,L,605347,R,single,False,False,167.0,0.317,33.0,19.76,20.0,11.98,0.8600000000000001,0.14500000000000002,22.58,10.42,13.1,23.51,25.21,16.02,473.0,0.294,103.0,21.78,64.0,13.53,0.882,0.195,26.99,11.53,15.4,26.93,23.89,19.07,41.0,0.263,11.0,26.83,2.0,4.88,0.8959999999999999,0.31599999999999995,26.76,11.18,22.94,34.12,25.0,23.91,91.0,0.299,21.0,23.08,9.0,9.89,0.954,0.259,24.18,10.34,18.99,29.33,22.89,20.19
745971,2024-06-30,2024,642715,R,605347,R,grounded_into_double_play,False,False,274.0,0.252,60.0,21.9,29.0,10.58,0.779,0.194,29.47,14.21,14.3,28.51,26.64,17.75,480.0,0.212,117.0,24.38,47.0,9.79,0.702,0.194,32.44,16.53,12.85,29.38,32.69,19.28,74.0,0.25,8.0,10.81,8.0,10.81,0.654,0.062,15.83,6.81,18.64,25.45,20.3,11.43,175.0,0.286,28.0,16.0,13.0,7.43,0.838,0.201,22.7,11.09,16.72,27.81,31.8,16.87
745971,2024-06-30,2024,641343,L,605347,R,field_out,False,False,169.0,0.212,58.0,34.32,19.0,11.24,0.712,0.18500000000000003,29.55,13.21,18.58,31.79,20.89,26.48,244.0,0.205,83.0,34.02,26.0,10.66,0.72,0.228,32.78,14.71,16.21,30.93,23.65,23.92,41.0,0.263,11.0,26.83,2.0,4.88,0.8959999999999999,0.31599999999999995,26.76,11.18,22.94,34.12,25.0,23.91,91.0,0.299,21.0,23.08,9.0,9.89,0.954,0.259,24.18,10.34,18.99,29.33,22.89,20.19
745971,2024-06-30,2024,683737,L,642547,R,field_out,False,False,243.0,0.256,86.0,35.39,31.0,12.76,0.808,0.198,33.48,14.93,15.51,30.44,24.13,25.75,66.0,0.158,21.0,31.82,8.0,12.12,0.556,0.1399999999999999,29.79,14.48,13.45,27.93,28.39,21.0,184.0,0.219,58.0,31.52,14.0,7.61,0.64,0.142,34.49,15.99,14.52,30.51,28.64,25.33,362.0,0.215,95.0,26.24,35.0,9.67,0.669,0.16,30.45,14.66,14.59,29.25,27.92,19.08
745971,2024-06-30,2024,641355,L,642547,R,strikeout,True,False,217.0,0.236,37.0,17.05,23.0,10.6,0.7210000000000001,0.16200000000000003,24.37,11.85,13.83,25.68,31.14,17.79,373.0,0.291,58.0,15.55,27.0,7.24,0.829,0.198,20.08,10.01,15.91,25.92,29.71,13.74,184.0,0.219,58.0,31.52,14.0,7.61,0.64,0.142,34.49,15.99,14.52,30.51,28.64,25.33,362.0,0.215,95.0,26.24,35.0,9.67,0.669,0.16,30.45,14.66,14.59,29.25,27.92,19.08
745971,2024-06-30,2024,673548,R,642547,R,strikeout,True,False,189.0,0.271,58.0,30.69,12.0,6.35,0.804,0.20499999999999996,27.33,10.91,22.08,32.99,22.19,22.39,419.0,0.278,102.0,24.34,41.0,9.79,0.839,0.2129999999999999,24.3,9.93,20.44,30.37,19.3,20.2,179.0,0.224,54.0,30.17,17.0,9.5,0.681,0.13099999999999998,31.17,14.74,14.23,28.97,26.71,18.69,318.0,0.209,115.0,36.16,19.0,5.97,0.669,0.192,37.03,17.53,15.68,33.21,29.6,24.11
745971,2024-06-30,2024,656555,R,592767,L,walk,False,True,50.0,0.195,11.0,22.0,6.0,12.0,0.641,0.14600000000000002,27.08,12.26,16.51,28.77,26.73,15.71,,,,,,,,,,,,,,,74.0,0.226,16.0,21.62,11.0,14.86,0.773,0.209,26.95,12.84,13.85,26.69,28.95,18.82,466.0,0.241,105.0,22.53,41.0,8.8,0.758,0.205,27.97,13.04,15.89,28.93,32.06,19.66
745971,2024-06-30,2024,686217,L,592767,L,force_out,False,False,36.0,0.265,9.0,25.0,1.0,2.78,0.6679999999999999,0.11699999999999999,17.31,7.2,24.8,32.0,20.0,28.12,43.0,0.184,7.0,16.28,5.0,11.63,0.5680000000000001,0.1049999999999999,11.43,4.71,21.18,25.88,26.83,17.07,42.0,0.289,11.0,26.19,2.0,4.76,0.752,0.10600000000000004,32.5,15.38,14.2,29.59,22.08,22.92,160.0,0.338,36.0,22.5,15.0,9.38,0.981,0.2379999999999999,24.16,11.21,18.1,29.31,30.48,24.83
745971,2024-06-30,2024,694192,R,592767,L,strikeout,True,False,69.0,0.18,13.0,18.84,8.0,11.59,0.521,0.066,22.3,11.4,13.24,24.63,32.09,14.94,,,,,,,,,,,,,,,74.0,0.226,16.0,21.62,11.0,14.86,0.773,0.209,26.95,12.84,13.85,26.69,28.95,18.82,466.0,0.241,105.0,22.53,41.0,8.8,0.758,0.205,27.97,13.04,15.89,28.93,32.06,19.66
745971,2024-06-30,2024,655316,R,592767,L,field_out,False,False,34.0,0.167,7.0,20.59,4.0,11.76,0.532,0.1,20.63,8.02,23.46,31.48,19.32,11.11,93.0,0.291,19.0,20.43,12.0,12.9,0.779,0.101,20.0,8.4,19.75,28.15,26.29,15.32,74.0,0.226,16.0,21.62,11.0,14.86,0.773,0.209,26.95,12.84,13.85,26.69,28.95,18.82,466.0,0.241,105.0,22.53,41.0,8.8,0.758,0.205,27.97,13.04,15.89,28.93,32.06,19.66
745971,2024-06-30,2024,664023,L,642547,R,strikeout,True,False,256.0,0.231,71.0,27.73,38.0,14.84,0.782,0.19399999999999998,28.13,12.35,16.14,28.49,22.59,19.29,502.0,0.258,109.0,21.71,80.0,15.94,0.831,0.192,25.86,11.22,15.24,26.46,20.31,17.34,184.0,0.219,58.0,31.52,14.0,7.61,0.64,0.142,34.49,15.99,14.52,30.51,28.64,25.33,362.0,0.215,95.0,26.24,35.0,9.67,0.669,0.16,30.45,14.66,14.59,29.25,27.92,19.08
745971,2024-06-30,2024,666624,R,642547,R,field_out,False,False,267.0,0.202,61.0,22.85,32.0,11.99,0.685,0.175,30.77,13.73,15.16,28.88,24.29,19.87,329.0,0.247,105.0,31.91,27.0,8.21,0.798,0.239,38.21,19.07,13.74,32.81,29.43,27.56,179.0,0.224,54.0,30.17,17.0,9.5,0.681,0.13099999999999998,31.17,14.74,14.23,28.97,26.71,18.69,318.0,0.209,115.0,36.16,19.0,5.97,0.669,0.192,37.03,17.53,15.68,33.21,29.6,24.11
745971,2024-06-30,2024,621020,R,642547,R,strikeout,True,False,231.0,0.221,62.0,26.84,20.0,8.66,0.6519999999999999,0.13999999999999999,31.03,14.91,15.56,30.47,24.72,22.06,478.0,0.244,111.0,23.22,49.0,10.25,0.734,0.161,28.04,13.13,15.12,28.26,23.34,18.66,179.0,0.224,54.0,30.17,17.0,9.5,0.681,0.13099999999999998,31.17,14.74,14.23,28.97,26.71,18.69,318.0,0.209,115.0,36.16,19.0,5.97,0.669,0.192,37.03,17.53,15.68,33.21,29.6,24.11
745971,2024-06-30,2024,668930,L,592767,L,single,False,False,56.0,0.26,13.0,23.21,6.0,10.71,0.659,0.06,17.89,7.49,20.7,28.19,21.5,19.7,73.0,0.188,12.0,16.44,8.0,10.96,0.466,0.0,20.18,7.94,23.47,31.41,18.75,17.39,42.0,0.289,11.0,26.19,2.0,4.76,0.752,0.10600000000000004,32.5,15.38,14.2,29.59,22.08,22.92,160.0,0.338,36.0,22.5,15.0,9.38,0.981,0.2379999999999999,24.16,11.21,18.1,29.31,30.48,24.83
745971,2024-06-30,2024,661388,R,592767,L,force_out,False,False,85.0,0.325,18.0,21.18,6.0,7.06,0.768,0.07800000000000001,28.49,14.2,13.62,27.83,28.98,18.18,177.0,0.357,32.0,18.08,21.0,11.86,1.087,0.292,28.8,12.96,16.38,29.34,24.36,16.24,74.0,0.226,16.0,21.62,11.0,14.86,0.773,0.209,26.95,12.84,13.85,26.69,28.95,18.82,466.0,0.241,105.0,22.53,41.0,8.8,0.758,0.205,27.97,13.04,15.89,28.93,32.06,19.66
745971,2024-06-30,2024,592885,L,592767,L,field_out,False,False,78.0,0.319,16.0,20.51,8.0,10.26,0.89,0.174,25.0,11.72,16.21,27.93,28.0,19.51,159.0,0.234,37.0,23.27,14.0,8.81,0.633,0.097,26.17,13.04,15.53,28.57,28.16,18.32,42.0,0.289,11.0,26.19,2.0,4.76,0.752,0.10600000000000004,32.5,15.38,14.2,29.59,22.08,22.92,160.0,0.338,36.0,22.5,15.0,9.38,0.981,0.2379999999999999,24.16,11.21,18.1,29.31,30.48,24.83
745971,2024-06-30,2024,642715,R,592767,L,field_out,False,False,88.0,0.164,16.0,18.18,14.0,15.91,0.596,0.13699999999999998,27.03,12.08,13.29,25.38,21.98,19.75,160.0,0.231,48.0,30.0,24.0,15.0,0.762,0.1789999999999999,26.61,12.38,15.79,28.17,29.47,20.17,74.0,0.226,16.0,21.62,11.0,14.86,0.773,0.209,26.95,12.84,13.85,26.69,28.95,18.82,466.0,0.241,105.0,22.53,41.0,8.8,0.758,0.205,27.97,13.04,15.89,28.93,32.06,19.66
745971,2024-06-30,2024,691718,L,596001,R,field_out,False,False,123.0,0.2,36.0,29.27,6.0,4.88,0.552,0.09999999999999998,28.88,17.58,10.77,28.35,42.73,21.95,15.0,0.0,6.0,40.0,2.0,13.33,0.154,0.0,44.44,26.67,8.33,35.0,23.08,27.27,19.0,0.235,4.0,21.05,1.0,5.26,0.498,0.0,29.03,14.06,25.0,39.06,21.74,23.53,126.0,0.259,28.0,22.22,11.0,8.73,0.806,0.2139999999999999,22.01,9.83,19.66,29.49,27.23,23.53
745971,2024-06-30,2024,665804,R,596001,R,walk,False,True,139.0,0.21,31.0,22.3,10.0,7.19,0.5569999999999999,0.06400000000000003,27.8,14.89,14.7,29.59,35.8,19.14,92.0,0.187,24.0,26.09,7.0,7.61,0.679,0.173,24.72,11.67,16.98,28.65,28.18,19.05,17.0,0.267,5.0,29.41,1.0,5.88,0.8200000000000001,0.2,27.59,13.79,18.97,32.76,34.62,25.0,241.0,0.274,68.0,28.22,10.0,4.15,0.749,0.1649999999999999,29.91,14.13,21.14,35.28,34.26,21.05
745971,2024-06-30,2024,663538,R,596001,R,field_out,False,False,257.0,0.248,27.0,10.51,23.0,8.95,0.6799999999999999,0.09699999999999998,13.71,6.16,21.34,27.49,30.0,10.11,508.0,0.274,63.0,12.4,40.0,7.87,0.72,0.0979999999999999,13.4,6.0,20.67,26.67,29.91,12.21,17.0,0.267,5.0,29.41,1.0,5.88,0.8200000000000001,0.2,27.59,13.79,18.97,32.76,34.62,25.0,241.0,0.274,68.0,28.22,10.0,4.15,0.749,0.1649999999999999,29.91,14.13,21.14,35.28,34.26,21.05
745971,2024-06-30,2024,683737,L,596001,R,field_out,False,False,243.0,0.256,86.0,35.39,31.0,12.76,0.808,0.198,33.48,14.93,15.51,30.44,24.13,25.75,66.0,0.158,21.0,31.82,8.0,12.12,0.556,0.1399999999999999,29.79,14.48,13.45,27.93,28.39,21.0,19.0,0.235,4.0,21.05,1.0,5.26,0.498,0.0,29.03,14.06,25.0,39.06,21.74,23.53,126.0,0.259,28.0,22.22,11.0,8.73,0.806,0.2139999999999999,22.01,9.83,19.66,29.49,27.23,23.53
745971,2024-06-30,2024,641343,L,681799,R,strikeout,True,False,169.0,0.212,58.0,34.32,19.0,11.24,0.712,0.18500000000000003,29.55,13.21,18.58,31.79,20.89,26.48,244.0,0.205,83.0,34.02,26.0,10.66,0.72,0.228,32.78,14.71,16.21,30.93,23.65,23.92,,,,,,,,,,,,,,,,,,,,,,,,,,,,
745971,2024-06-30,2024,656555,R,681799,R,field_out,False,False,199.0,0.236,54.0,27.14,20.0,10.05,0.756,0.195,26.32,10.81,21.16,31.97,22.14,19.08,,,,,,,,,,,,,,,,,,,,,,,,,,,,,,,,,,,,,,,,,,
745971,2024-06-30,2024,686217,L,681799,R,walk,False,True,244.0,0.267,42.0,17.21,23.0,9.43,0.6779999999999999,0.065,14.48,5.8,21.91,27.71,26.1,15.33,180.0,0.261,30.0,16.67,23.0,12.78,0.722,0.1049999999999999,15.26,6.63,20.31,26.94,29.52,13.18,,,,,,,,,,,,,,,,,,,,,,,,,,,,
745971,2024-06-30,2024,694192,R,681799,R,walk,False,True,181.0,0.263,47.0,25.97,7.0,3.87,0.733,0.181,29.85,15.08,18.4,33.48,36.84,23.27,,,,,,,,,,,,,,,,,,,,,,,,,,,,,,,,,,,,,,,,,,
745971,2024-06-30,2024,655316,R,681799,R,single,False,False,22.0,0.211,7.0,31.82,2.0,9.09,0.634,0.10500000000000001,28.89,12.62,15.53,28.16,20.41,19.44,222.0,0.246,47.0,21.17,16.0,7.21,0.636,0.084,22.47,9.47,20.0,29.47,20.54,16.43,,,,,,,,,,,,,,,,,,,,,,,,,,,,
745971,2024-06-30,2024,668930,L,681799,R,strikeout,True,False,261.0,0.296,42.0,16.09,22.0,8.43,0.782,0.129,12.42,5.74,18.87,24.61,26.06,14.43,376.0,0.224,82.0,21.81,30.0,7.98,0.608,0.097,22.03,10.83,16.08,26.9,28.59,16.14,,,,,,,,,,,,,,,,,,,,,,,,,,,,
745971,2024-06-30,2024,641355,L,596001,R,strikeout,True,False,217.0,0.236,37.0,17.05,23.0,10.6,0.7210000000000001,0.16200000000000003,24.37,11.85,13.83,25.68,31.14,17.79,373.0,0.291,58.0,15.55,27.0,7.24,0.829,0.198,20.08,10.01,15.91,25.92,29.71,13.74,19.0,0.235,4.0,21.05,1.0,5.26,0.498,0.0,29.03,14.06,25.0,39.06,21.74,23.53,126.0,0.259,28.0,22.22,11.0,8.73,0.806,0.2139999999999999,22.01,9.83,19.66,29.49,27.23,23.53
745971,2024-06-30,2024,673548,R,596001,R,field_out,False,False,189.0,0.271,58.0,30.69,12.0,6.35,0.804,0.20499999999999996,27.33,10.91,22.08,32.99,22.19,22.39,419.0,0.278,102.0,24.34,41.0,9.79,0.839,0.2129999999999999,24.3,9.93,20.44,30.37,19.3,20.2,17.0,0.267,5.0,29.41,1.0,5.88,0.8200000000000001,0.2,27.59,13.79,18.97,32.76,34.62,25.0,241.0,0.274,68.0,28.22,10.0,4.15,0.749,0.1649999999999999,29.91,14.13,21.14,35.28,34.26,21.05
745971,2024-06-30,2024,670156,L,596001,R,field_out,False,False,42.0,0.194,8.0,19.05,5.0,11.9,0.515,0.027999999999999997,21.54,8.48,19.39,27.88,23.08,19.05,135.0,0.24,29.0,21.48,12.0,8.89,0.614,0.066,22.82,8.53,24.86,33.39,23.61,18.12,19.0,0.235,4.0,21.05,1.0,5.26,0.498,0.0,29.03,14.06,25.0,39.06,21.74,23.53,126.0,0.259,28.0,22.22,11.0,8.73,0.806,0.2139999999999999,22.01,9.83,19.66,29.49,27.23,23.53
746779,2024-06-30,2024,453568,L,676979,L,strikeout,True,False,50.0,0.341,1.0,2.0,5.0,10.0,0.897,0.13599999999999995,6.67,2.92,17.54,20.47,20.73,3.33,105.0,0.299,7.0,6.67,13.0,12.38,0.845,0.138,12.2,5.18,18.91,24.09,22.96,7.95,62.0,0.211,26.0,41.94,5.0,8.06,0.52,0.035,35.77,17.46,15.48,32.94,25.64,30.95,22.0,0.389,4.0,18.18,3.0,13.64,0.944,0.0549999999999999,27.5,11.96,19.57,31.52,21.43,14.29
746779,2024-06-30,2024,686668,R,676979,L,field_out,False,False,67.0,0.25,14.0,20.9,6.0,8.96,0.645,0.067,27.82,14.92,9.68,24.6,26.61,18.92,132.0,0.194,53.0,40.15,5.0,3.79,0.584,0.1609999999999999,39.29,21.57,11.57,33.14,32.3,30.99,311.0,0.196,104.0,33.44,15.0,4.82,0.591,0.15099999999999997,32.06,16.61,15.5,32.11,31.94,25.18,42.0,0.172,8.0,19.05,10.0,23.81,0.745,0.207,25.56,11.5,13.5,25.0,25.93,11.76
746779,2024-06-30,2024,678662,R,676979,L,strikeout,True,False,95.0,0.287,28.0,29.47,7.0,7.37,0.843,0.21900000000000003,35.68,21.29,8.96,30.25,36.16,26.42,177.0,0.246,57.0,32.2,8.0,4.52,0.708,0.185,35.75,21.54,12.35,33.89,44.38,25.56,311.0,0.196,104.0,33.44,15.0,4.82,0.591,0.15099999999999997,32.06,16.61,15.5,32.11,31.94,25.18,42.0,0.172,8.0,19.05,10.0,23.81,0.745,0.207,25.56,11.5,13.5,25.0,25.93,11.76
746779,2024-06-30,2024,502054,R,607536,L,field_out,False,False,51.0,0.262,11.0,21.57,8.0,15.69,0.8440000000000001,0.19,20.73,8.06,20.85,28.91,20.19,15.07,177.0,0.245,35.0,19.77,19.0,10.73,0.787,0.22,18.15,7.08,21.25,28.33,19.5,17.41,91.0,0.35,9.0,9.89,8.0,8.79,0.9359999999999999,0.17500000000000004,15.44,7.1,15.74,22.84,24.85,12.0,531.0,0.311,67.0,12.62,34.0,6.4,0.9,0.234,16.41,8.34,14.41,22.76,29.8,12.85
746779,2024-06-30,2024,683734,R,607536,L,field_out,False,False,71.0,0.275,12.0,16.9,2.0,2.82,0.716,0.14499999999999996,23.02,12.21,14.12,26.34,37.23,17.14,142.0,0.227,20.0,14.08,7.0,4.93,0.641,0.144,18.15,9.74,13.42,23.16,34.55,11.83,91.0,0.35,9.0,9.89,8.0,8.79,0.9359999999999999,0.17500000000000004,15.44,7.1,15.74,22.84,24.85,12.0,531.0,0.311,67.0,12.62,34.0,6.4,0.9,0.234,16.41,8.34,14.41,22.76,29.8,12.85
746779,2024-06-30,2024,673357,R,607536,L,field_out,False,False,28.0,0.238,8.0,28.57,7.0,25.0,0.858,0.191,36.36,14.04,16.67,30.7,25.76,29.63,119.0,0.312,40.0,33.61,5.0,4.2,0.951,0.2749999999999999,35.71,20.75,11.2,31.95,42.19,22.1,91.0,0.35,9.0,9.89,8.0,8.79,0.9359999999999999,0.17500000000000004,15.44,7.1,15.74,22.84,24.85,12.0,531.0,0.311,67.0,12.62,34.0,6.4,0.9,0.234,16.41,8.34,14.41,22.76,29.8,12.85
746779,2024-06-30,2024,641857,L,676979,L,single,False,False,103.0,0.322,30.0,29.13,11.0,10.68,0.9460000000000001,0.22200000000000003,27.86,12.79,16.44,29.22,25.7,22.06,178.0,0.191,57.0,32.02,16.0,8.99,0.573,0.118,35.23,16.38,16.64,33.03,25.79,24.15,62.0,0.211,26.0,41.94,5.0,8.06,0.52,0.035,35.77,17.46,15.48,32.94,25.64,30.95,22.0,0.389,4.0,18.18,3.0,13.64,0.944,0.0549999999999999,27.5,11.96,19.57,31.52,21.43,14.29
746779,2024-06-30,2024,553869,R,676979,L,single,False,False,62.0,0.298,8.0,12.9,3.0,4.84,0.749,0.123,23.78,13.13,8.49,21.62,36.88,8.25,143.0,0.185,26.0,18.18,11.0,7.69,0.583,0.146,26.07,14.71,9.5,24.21,37.76,16.05,311.0,0.196,104.0,33.44,15.0,4.82,0.591,0.15099999999999997,32.06,16.61,15.5,32.11,31.94,25.18,42.0,0.172,8.0,19.05,10.0,23.81,0.745,0.207,25.56,11.5,13.5,25.0,25.93,11.76
746779,2024-06-30,2024,669911,R,676979,L,single,False,False,41.0,0.158,14.0,34.15,3.0,7.32,0.694,0.31599999999999995,21.05,9.82,19.63,29.45,22.89,25.0,48.0,0.109,21.0,43.75,2.0,4.17,0.255,0.0,48.35,23.53,13.9,37.43,32.11,36.21,311.0,0.196,104.0,33.44,15.0,4.82,0.591,0.15099999999999997,32.06,16.61,15.5,32.11,31.94,25.18,42.0,0.172,8.0,19.05,10.0,23.81,0.745,0.207,25.56,11.5,13.5,25.0,25.93,11.76
746779,2024-06-30,2024,666134,L,676979,L,strikeout,True,False,44.0,0.205,17.0,38.64,5.0,11.36,0.603,0.10300000000000001,27.54,9.9,28.12,38.02,22.35,27.42,130.0,0.314,34.0,26.15,12.0,9.23,0.902,0.211,27.7,10.95,22.63,33.58,26.4,21.79,62.0,0.211,26.0,41.94,5.0,8.06,0.52,0.035,35.77,17.46,15.48,32.94,25.64,30.95,22.0,0.389,4.0,18.18,3.0,13.64,0.944,0.0549999999999999,27.5,11.96,19.57,31.52,21.43,14.29
746779,2024-06-30,2024,696100,R,676979,L,sac_fly,False,False,33.0,0.25,8.0,24.24,0.0,0.0,0.992,0.469,22.06,12.3,14.75,27.05,37.1,20.51,13.0,0.231,6.0,46.15,0.0,0.0,0.846,0.384,35.71,18.87,18.87,37.74,36.0,30.0,311.0,0.196,104.0,33.44,15.0,4.82,0.591,0.15099999999999997,32.06,16.61,15.5,32.11,31.94,25.18,42.0,0.172,8.0,19.05,10.0,23.81,0.745,0.207,25.56,11.5,13.5,25.0,25.93,11.76
746779,2024-06-30,2024,668845,R,676979,L,strikeout,True,False,,,,,,,,,,,,,,,,,,,,,,,,,,,,,311.0,0.196,104.0,33.44,15.0,4.82,0.591,0.15099999999999997,32.06,16.61,15.5,32.11,31.94,25.18,42.0,0.172,8.0,19.05,10.0,23.81,0.745,0.207,25.56,11.5,13.5,25.0,25.93,11.76
746779,2024-06-30,2024,650391,R,607536,L,walk,False,True,38.0,0.222,6.0,15.79,2.0,5.26,0.513,0.027999999999999997,26.87,14.17,11.81,25.98,39.19,19.35,98.0,0.267,15.0,15.31,6.0,6.12,0.738,0.1549999999999999,26.32,12.78,15.06,27.84,36.63,16.85,91.0,0.35,9.0,9.89,8.0,8.79,0.9359999999999999,0.17500000000000004,15.44,7.1,15.74,22.84,24.85,12.0,531.0,0.311,67.0,12.62,34.0,6.4,0.9,0.234,16.41,8.34,14.41,22.76,29.8,12.85
746779,2024-06-30,2024,657557,R,607536,L,grounded_into_double_play,False,False,71.0,0.167,26.0,36.62,3.0,4.23,0.544,0.166,39.88,23.64,9.45,33.09,33.82,29.89,119.0,0.217,35.0,29.41,9.0,7.56,0.635,0.1319999999999999,33.2,18.24,12.75,30.99,37.18,23.03,91.0,0.35,9.0,9.89,8.0,8.79,0.9359999999999999,0.17500000000000004,15.44,7.1,15.74,22.84,24.85,12.0,531.0,0.311,67.0,12.62,34.0,6.4,0.9,0.234,16.41,8.34,14.41,22.76,29.8,12.85
746779,2024-06-30,2024,667452,R,607536,L,single,False,False,40.0,0.286,13.0,32.5,5.0,12.5,0.8320000000000001,0.17100000000000004,28.77,12.65,18.67,31.33,31.03,27.08,76.0,0.233,19.0,25.0,2.0,2.63,0.62,0.1369999999999999,22.62,11.91,15.05,26.96,35.67,17.27,91.0,0.35,9.0,9.89,8.0,8.79,0.9359999999999999,0.17500000000000004,15.44,7.1,15.74,22.84,24.85,12.0,531.0,0.311,67.0,12.62,34.0,6.4,0.9,0.234,16.41,8.34,14.41,22.76,29.8,12.85
746779,2024-06-30,2024,672820,R,607536,L,strikeout,True,False,39.0,0.278,6.0,15.38,3.0,7.69,0.833,0.22199999999999998,18.84,8.61,14.57,23.18,29.11,16.22,50.0,0.261,10.0,20.0,3.0,6.0,0.741,0.174,22.11,11.8,17.98,29.78,44.19,18.87,91.0,0.35,9.0,9.89,8.0,8.79,0.9359999999999999,0.17500000000000004,15.44,7.1,15.74,22.84,24.85,12.0,531.0,0.311,67.0,12.62,34.0,6.4,0.9,0.234,16.41,8.34,14.41,22.76,29.8,12.85
746779,2024-06-30,2024,453568,L,676979,L,strikeout,True,False,50.0,0.341,1.0,2.0,5.0,10.0,0.897,0.13599999999999995,6.67,2.92,17.54,20.47,20.73,3.33,105.0,0.299,7.0,6.67,13.0,12.38,0.845,0.138,12.2,5.18,18.91,24.09,22.96,7.95,62.0,0.211,26.0,41.94,5.0,8.06,0.52,0.035,35.77,17.46,15.48,32.94,25.64,30.95,22.0,0.389,4.0,18.18,3.0,13.64,0.944,0.0549999999999999,27.5,11.96,19.57,31.52,21.43,14.29
746779,2024-06-30,2024,686668,R,676979,L,field_error,False,False,67.0,0.25,14.0,20.9,6.0,8.96,0.645,0.067,27.82,14.92,9.68,24.6,26.61,18.92,132.0,0.194,53.0,40.15,5.0,3.79,0.584,0.1609999999999999,39.29,21.57,11.57,33.14,32.3,30.99,311.0,0.196,104.0,33.44,15.0,4.82,0.591,0.15099999999999997,32.06,16.61,15.5,32.11,31.94,25.18,42.0,0.172,8.0,19.05,10.0,23.81,0.745,0.207,25.56,11.5,13.5,25.0,25.93,11.76
746779,2024-06-30,2024,678662,R,676979,L,single,False,False,95.0,0.287,28.0,29.47,7.0,7.37,0.843,0.21900000000000003,35.68,21.29,8.96,30.25,36.16,26.42,177.0,0.246,57.0,32.2,8.0,4.52,0.708,0.185,35.75,21.54,12.35,33.89,44.38,25.56,311.0,0.196,104.0,33.44,15.0,4.82,0.591,0.15099999999999997,32.06,16.61,15.5,32.11,31.94,25.18,42.0,0.172,8.0,19.05,10.0,23.81,0.745,0.207,25.56,11.5,13.5,25.0,25.93,11.76
746779,2024-06-30,2024,641857,L,676979,L,grounded_into_double_play,False,False,103.0,0.322,30.0,29.13,11.0,10.68,0.9460000000000001,0.22200000000000003,27.86,12.79,16.44,29.22,25.7,22.06,178.0,0.191,57.0,32.02,16.0,8.99,0.573,0.118,35.23,16.38,16.64,33.03,25.79,24.15,62.0,0.211,26.0,41.94,5.0,8.06,0.52,0.035,35.77,17.46,15.48,32.94,25.64,30.95,22.0,0.389,4.0,18.18,3.0,13.64,0.944,0.0549999999999999,27.5,11.96,19.57,31.52,21.43,14.29
746779,2024-06-30,2024,664901,R,607536,L,field_out,False,False,45.0,0.286,9.0,20.0,3.0,6.67,0.833,0.21400000000000002,23.26,11.24,15.17,26.4,24.18,18.0,41.0,0.225,10.0,24.39,1.0,2.44,0.544,0.0749999999999999,22.67,10.62,20.0,30.63,24.29,21.74,91.0,0.35,9.0,9.89,8.0,8.79,0.9359999999999999,0.17500000000000004,15.44,7.1,15.74,22.84,24.85,12.0,531.0,0.311,67.0,12.62,34.0,6.4,0.9,0.234,16.41,8.34,14.41,22.76,29.8,12.85
746779,2024-06-30,2024,455117,R,607536,L,field_out,False,False,43.0,0.026,17.0,39.53,2.0,4.65,0.10099999999999999,0.0,32.5,14.53,22.35,36.87,27.71,28.81,99.0,0.239,35.0,35.35,10.0,10.1,0.8160000000000001,0.261,35.58,18.09,13.69,31.78,32.32,26.12,91.0,0.35,9.0,9.89,8.0,8.79,0.9359999999999999,0.17500000000000004,15.44,7.1,15.74,22.84,24.85,12.0,531.0,0.311,67.0,12.62,34.0,6.4,0.9,0.234,16.41,8.34,14.41,22.76,29.8,12.85
746779,2024-06-30,2024,502054,R,607536,L,strikeout,True,False,51.0,0.262,11.0,21.57,8.0,15.69,0.8440000000000001,0.19,20.73,8.06,20.85,28.91,20.19,15.07,177.0,0.245,35.0,19.77,19.0,10.73,0.787,0.22,18.15,7.08,21.25,28.33,19.5,17.41,91.0,0.35,9.0,9.89,8.0,8.79,0.9359999999999999,0.17500000000000004,15.44,7.1,15.74,22.84,24.85,12.0,531.0,0.311,67.0,12.62,34.0,6.4,0.9,0.234,16.41,8.34,14.41,22.76,29.8,12.85
746779,2024-06-30,2024,553869,R,676979,L,double,False,False,62.0,0.298,8.0,12.9,3.0,4.84,0.749,0.123,23.78,13.13,8.49,21.62,36.88,8.25,143.0,0.185,26.0,18.18,11.0,7.69,0.583,0.146,26.07,14.71,9.5,24.21,37.76,16.05,311.0,0.196,104.0,33.44,15.0,4.82,0.591,0.15099999999999997,32.06,16.61,15.5,32.11,31.94,25.18,42.0,0.172,8.0,19.05,10.0,23.81,0.745,0.207,25.56,11.5,13.5,25.0,25.93,11.76
746779,2024-06-30,2024,669911,R,676979,L,strikeout,True,False,41.0,0.158,14.0,34.15,3.0,7.32,0.694,0.31599999999999995,21.05,9.82,19.63,29.45,22.89,25.0,48.0,0.109,21.0,43.75,2.0,4.17,0.255,0.0,48.35,23.53,13.9,37.43,32.11,36.21,311.0,0.196,104.0,33.44,15.0,4.82,0.591,0.15099999999999997,32.06,16.61,15.5,32.11,31.94,25.18,42.0,0.172,8.0,19.05,10.0,23.81,0.745,0.207,25.56,11.5,13.5,25.0,25.93,11.76
746779,2024-06-30,2024,666134,L,676979,L,strikeout,True,False,44.0,0.205,17.0,38.64,5.0,11.36,0.603,0.10300000000000001,27.54,9.9,28.12,38.02,22.35,27.42,130.0,0.314,34.0,26.15,12.0,9.23,0.902,0.211,27.7,10.95,22.63,33.58,26.4,21.79,62.0,0.211,26.0,41.94,5.0,8.06,0.52,0.035,35.77,17.46,15.48,32.94,25.64,30.95,22.0,0.389,4.0,18.18,3.0,13.64,0.944,0.0549999999999999,27.5,11.96,19.57,31.52,21.43,14.29
746779,2024-06-30,2024,696100,R,676979,L,strikeout,True,False,33.0,0.25,8.0,24.24,0.0,0.0,0.992,0.469,22.06,12.3,14.75,27.05,37.1,20.51,13.0,0.231,6.0,46.15,0.0,0.0,0.846,0.384,35.71,18.87,18.87,37.74,36.0,30.0,311.0,0.196,104.0,33.44,15.0,4.82,0.591,0.15099999999999997,32.06,16.61,15.5,32.11,31.94,25.18,42.0,0.172,8.0,19.05,10.0,23.81,0.745,0.207,25.56,11.5,13.5,25.0,25.93,11.76
746779,2024-06-30,2024,683734,R,607536,L,home_run,False,False,71.0,0.275,12.0,16.9,2.0,2.82,0.716,0.14499999999999996,23.02,12.21,14.12,26.34,37.23,17.14,142.0,0.227,20.0,14.08,7.0,4.93,0.641,0.144,18.15,9.74,13.42,23.16,34.55,11.83,91.0,0.35,9.0,9.89,8.0,8.79,0.9359999999999999,0.17500000000000004,15.44,7.1,15.74,22.84,24.85,12.0,531.0,0.311,67.0,12.62,34.0,6.4,0.9,0.234,16.41,8.34,14.41,22.76,29.8,12.85
746779,2024-06-30,2024,673357,R,607536,L,field_out,False,False,28.0,0.238,8.0,28.57,7.0,25.0,0.858,0.191,36.36,14.04,16.67,30.7,25.76,29.63,119.0,0.312,40.0,33.61,5.0,4.2,0.951,0.2749999999999999,35.71,20.75,11.2,31.95,42.19,22.1,91.0,0.35,9.0,9.89,8.0,8.79,0.9359999999999999,0.17500000000000004,15.44,7.1,15.74,22.84,24.85,12.0,531.0,0.311,67.0,12.62,34.0,6.4,0.9,0.234,16.41,8.34,14.41,22.76,29.8,12.85
746779,2024-06-30,2024,650391,R,607536,L,double,False,False,38.0,0.222,6.0,15.79,2.0,5.26,0.513,0.027999999999999997,26.87,14.17,11.81,25.98,39.19,19.35,98.0,0.267,15.0,15.31,6.0,6.12,0.738,0.1549999999999999,26.32,12.78,15.06,27.84,36.63,16.85,91.0,0.35,9.0,9.89,8.0,8.79,0.9359999999999999,0.17500000000000004,15.44,7.1,15.74,22.84,24.85,12.0,531.0,0.311,67.0,12.62,34.0,6.4,0.9,0.234,16.41,8.34,14.41,22.76,29.8,12.85
746779,2024-06-30,2024,657557,R,607536,L,strikeout,True,False,71.0,0.167,26.0,36.62,3.0,4.23,0.544,0.166,39.88,23.64,9.45,33.09,33.82,29.89,119.0,0.217,35.0,29.41,9.0,7.56,0.635,0.1319999999999999,33.2,18.24,12.75,30.99,37.18,23.03,91.0,0.35,9.0,9.89,8.0,8.79,0.9359999999999999,0.17500000000000004,15.44,7.1,15.74,22.84,24.85,12.0,531.0,0.311,67.0,12.62,34.0,6.4,0.9,0.234,16.41,8.34,14.41,22.76,29.8,12.85
746779,2024-06-30,2024,667452,R,607536,L,field_out,False,False,40.0,0.286,13.0,32.5,5.0,12.5,0.8320000000000001,0.17100000000000004,28.77,12.65,18.67,31.33,31.03,27.08,76.0,0.233,19.0,25.0,2.0,2.63,0.62,0.1369999999999999,22.62,11.91,15.05,26.96,35.67,17.27,91.0,0.35,9.0,9.89,8.0,8.79,0.9359999999999999,0.17500000000000004,15.44,7.1,15.74,22.84,24.85,12.0,531.0,0.311,67.0,12.62,34.0,6.4,0.9,0.234,16.41,8.34,14.41,22.76,29.8,12.85
746779,2024-06-30,2024,668845,R,676979,L,strikeout,True,False,,,,,,,,,,,,,,,,,,,,,,,,,,,,,311.0,0.196,104.0,33.44,15.0,4.82,0.591,0.15099999999999997,32.06,16.61,15.5,32.11,31.94,25.18,42.0,0.172,8.0,19.05,10.0,23.81,0.745,0.207,25.56,11.5,13.5,25.0,25.93,11.76
746779,2024-06-30,2024,453568,L,676979,L,field_out,False,False,50.0,0.341,1.0,2.0,5.0,10.0,0.897,0.13599999999999995,6.67,2.92,17.54,20.47,20.73,3.33,105.0,0.299,7.0,6.67,13.0,12.38,0.845,0.138,12.2,5.18,18.91,24.09,22.96,7.95,62.0,0.211,26.0,41.94,5.0,8.06,0.52,0.035,35.77,17.46,15.48,32.94,25.64,30.95,22.0,0.389,4.0,18.18,3.0,13.64,0.944,0.0549999999999999,27.5,11.96,19.57,31.52,21.43,14.29
746779,2024-06-30,2024,686668,R,676979,L,field_out,False,False,67.0,0.25,14.0,20.9,6.0,8.96,0.645,0.067,27.82,14.92,9.68,24.6,26.61,18.92,132.0,0.194,53.0,40.15,5.0,3.79,0.584,0.1609999999999999,39.29,21.57,11.57,33.14,32.3,30.99,311.0,0.196,104.0,33.44,15.0,4.82,0.591,0.15099999999999997,32.06,16.61,15.5,32.11,31.94,25.18,42.0,0.172,8.0,19.05,10.0,23.81,0.745,0.207,25.56,11.5,13.5,25.0,25.93,11.76
746779,2024-06-30,2024,672820,R,607536,L,field_out,False,False,39.0,0.278,6.0,15.38,3.0,7.69,0.833,0.22199999999999998,18.84,8.61,14.57,23.18,29.11,16.22,50.0,0.261,10.0,20.0,3.0,6.0,0.741,0.174,22.11,11.8,17.98,29.78,44.19,18.87,91.0,0.35,9.0,9.89,8.0,8.79,0.9359999999999999,0.17500000000000004,15.44,7.1,15.74,22.84,24.85,12.0,531.0,0.311,67.0,12.62,34.0,6.4,0.9,0.234,16.41,8.34,14.41,22.76,29.8,12.85
746779,2024-06-30,2024,664901,R,607536,L,field_out,False,False,45.0,0.286,9.0,20.0,3.0,6.67,0.833,0.21400000000000002,23.26,11.24,15.17,26.4,24.18,18.0,41.0,0.225,10.0,24.39,1.0,2.44,0.544,0.0749999999999999,22.67,10.62,20.0,30.63,24.29,21.74,91.0,0.35,9.0,9.89,8.0,8.79,0.9359999999999999,0.17500000000000004,15.44,7.1,15.74,22.84,24.85,12.0,531.0,0.311,67.0,12.62,34.0,6.4,0.9,0.234,16.41,8.34,14.41,22.76,29.8,12.85
746779,2024-06-30,2024,455117,R,607536,L,field_out,False,False,43.0,0.026,17.0,39.53,2.0,4.65,0.10099999999999999,0.0,32.5,14.53,22.35,36.87,27.71,28.81,99.0,0.239,35.0,35.35,10.0,10.1,0.8160000000000001,0.261,35.58,18.09,13.69,31.78,32.32,26.12,91.0,0.35,9.0,9.89,8.0,8.79,0.9359999999999999,0.17500000000000004,15.44,7.1,15.74,22.84,24.85,12.0,531.0,0.311,67.0,12.62,34.0,6.4,0.9,0.234,16.41,8.34,14.41,22.76,29.8,12.85
746779,2024-06-30,2024,678662,R,676979,L,strikeout,True,False,95.0,0.287,28.0,29.47,7.0,7.37,0.843,0.21900000000000003,35.68,21.29,8.96,30.25,36.16,26.42,177.0,0.246,57.0,32.2,8.0,4.52,0.708,0.185,35.75,21.54,12.35,33.89,44.38,25.56,311.0,0.196,104.0,33.44,15.0,4.82,0.591,0.15099999999999997,32.06,16.61,15.5,32.11,31.94,25.18,42.0,0.172,8.0,19.05,10.0,23.81,0.745,0.207,25.56,11.5,13.5,25.0,25.93,11.76
746779,2024-06-30,2024,641857,L,676979,L,strikeout,True,False,103.0,0.322,30.0,29.13,11.0,10.68,0.9460000000000001,0.22200000000000003,27.86,12.79,16.44,29.22,25.7,22.06,178.0,0.191,57.0,32.02,16.0,8.99,0.573,0.118,35.23,16.38,16.64,33.03,25.79,24.15,62.0,0.211,26.0,41.94,5.0,8.06,0.52,0.035,35.77,17.46,15.48,32.94,25.64,30.95,22.0,0.389,4.0,18.18,3.0,13.64,0.944,0.0549999999999999,27.5,11.96,19.57,31.52,21.43,14.29
746779,2024-06-30,2024,553869,R,676979,L,field_out,False,False,62.0,0.298,8.0,12.9,3.0,4.84,0.749,0.123,23.78,13.13,8.49,21.62,36.88,8.25,143.0,0.185,26.0,18.18,11.0,7.69,0.583,0.146,26.07,14.71,9.5,24.21,37.76,16.05,311.0,0.196,104.0,33.44,15.0,4.82,0.591,0.15099999999999997,32.06,16.61,15.5,32.11,31.94,25.18,42.0,0.172,8.0,19.05,10.0,23.81,0.745,0.207,25.56,11.5,13.5,25.0,25.93,11.76
746779,2024-06-30,2024,502054,R,607536,L,field_out,False,False,51.0,0.262,11.0,21.57,8.0,15.69,0.8440000000000001,0.19,20.73,8.06,20.85,28.91,20.19,15.07,177.0,0.245,35.0,19.77,19.0,10.73,0.787,0.22,18.15,7.08,21.25,28.33,19.5,17.41,91.0,0.35,9.0,9.89,8.0,8.79,0.9359999999999999,0.17500000000000004,15.44,7.1,15.74,22.84,24.85,12.0,531.0,0.311,67.0,12.62,34.0,6.4,0.9,0.234,16.41,8.34,14.41,22.76,29.8,12.85
746779,2024-06-30,2024,683734,R,607536,L,single,False,False,71.0,0.275,12.0,16.9,2.0,2.82,0.716,0.14499999999999996,23.02,12.21,14.12,26.34,37.23,17.14,142.0,0.227,20.0,14.08,7.0,4.93,0.641,0.144,18.15,9.74,13.42,23.16,34.55,11.83,91.0,0.35,9.0,9.89,8.0,8.79,0.9359999999999999,0.17500000000000004,15.44,7.1,15.74,22.84,24.85,12.0,531.0,0.311,67.0,12.62,34.0,6.4,0.9,0.234,16.41,8.34,14.41,22.76,29.8,12.85
746779,2024-06-30,2024,673357,R,607536,L,field_out,False,False,28.0,0.238,8.0,28.57,7.0,25.0,0.858,0.191,36.36,14.04,16.67,30.7,25.76,29.63,119.0,0.312,40.0,33.61,5.0,4.2,0.951,0.2749999999999999,35.71,20.75,11.2,31.95,42.19,22.1,91.0,0.35,9.0,9.89,8.0,8.79,0.9359999999999999,0.17500000000000004,15.44,7.1,15.74,22.84,24.85,12.0,531.0,0.311,67.0,12.62,34.0,6.4,0.9,0.234,16.41,8.34,14.41,22.76,29.8,12.85
746779,2024-06-30,2024,650391,R,607536,L,single,False,False,38.0,0.222,6.0,15.79,2.0,5.26,0.513,0.027999999999999997,26.87,14.17,11.81,25.98,39.19,19.35,98.0,0.267,15.0,15.31,6.0,6.12,0.738,0.1549999999999999,26.32,12.78,15.06,27.84,36.63,16.85,91.0,0.35,9.0,9.89,8.0,8.79,0.9359999999999999,0.17500000000000004,15.44,7.1,15.74,22.84,24.85,12.0,531.0,0.311,67.0,12.62,34.0,6.4,0.9,0.234,16.41,8.34,14.41,22.76,29.8,12.85
746779,2024-06-30,2024,657557,R,607536,L,field_out,False,False,71.0,0.167,26.0,36.62,3.0,4.23,0.544,0.166,39.88,23.64,9.45,33.09,33.82,29.89,119.0,0.217,35.0,29.41,9.0,7.56,0.635,0.1319999999999999,33.2,18.24,12.75,30.99,37.18,23.03,91.0,0.35,9.0,9.89,8.0,8.79,0.9359999999999999,0.17500000000000004,15.44,7.1,15.74,22.84,24.85,12.0,531.0,0.311,67.0,12.62,34.0,6.4,0.9,0.234,16.41,8.34,14.41,22.76,29.8,12.85
746779,2024-06-30,2024,669911,R,676979,L,field_out,False,False,41.0,0.158,14.0,34.15,3.0,7.32,0.694,0.31599999999999995,21.05,9.82,19.63,29.45,22.89,25.0,48.0,0.109,21.0,43.75,2.0,4.17,0.255,0.0,48.35,23.53,13.9,37.43,32.11,36.21,311.0,0.196,104.0,33.44,15.0,4.82,0.591,0.15099999999999997,32.06,16.61,15.5,32.11,31.94,25.18,42.0,0.172,8.0,19.05,10.0,23.81,0.745,0.207,25.56,11.5,13.5,25.0,25.93,11.76
746779,2024-06-30,2024,666134,L,676979,L,field_out,False,False,44.0,0.205,17.0,38.64,5.0,11.36,0.603,0.10300000000000001,27.54,9.9,28.12,38.02,22.35,27.42,130.0,0.314,34.0,26.15,12.0,9.23,0.902,0.211,27.7,10.95,22.63,33.58,26.4,21.79,62.0,0.211,26.0,41.94,5.0,8.06,0.52,0.035,35.77,17.46,15.48,32.94,25.64,30.95,22.0,0.389,4.0,18.18,3.0,13.64,0.944,0.0549999999999999,27.5,11.96,19.57,31.52,21.43,14.29
746779,2024-06-30,2024,696100,R,676979,L,field_out,False,False,33.0,0.25,8.0,24.24,0.0,0.0,0.992,0.469,22.06,12.3,14.75,27.05,37.1,20.51,13.0,0.231,6.0,46.15,0.0,0.0,0.846,0.384,35.71,18.87,18.87,37.74,36.0,30.0,311.0,0.196,104.0,33.44,15.0,4.82,0.591,0.15099999999999997,32.06,16.61,15.5,32.11,31.94,25.18,42.0,0.172,8.0,19.05,10.0,23.81,0.745,0.207,25.56,11.5,13.5,25.0,25.93,11.76
746779,2024-06-30,2024,667452,R,607536,L,single,False,False,40.0,0.286,13.0,32.5,5.0,12.5,0.8320000000000001,0.17100000000000004,28.77,12.65,18.67,31.33,31.03,27.08,76.0,0.233,19.0,25.0,2.0,2.63,0.62,0.1369999999999999,22.62,11.91,15.05,26.96,35.67,17.27,91.0,0.35,9.0,9.89,8.0,8.79,0.9359999999999999,0.17500000000000004,15.44,7.1,15.74,22.84,24.85,12.0,531.0,0.311,67.0,12.62,34.0,6.4,0.9,0.234,16.41,8.34,14.41,22.76,29.8,12.85
746779,2024-06-30,2024,672820,R,607536,L,single,False,False,39.0,0.278,6.0,15.38,3.0,7.69,0.833,0.22199999999999998,18.84,8.61,14.57,23.18,29.11,16.22,50.0,0.261,10.0,20.0,3.0,6.0,0.741,0.174,22.11,11.8,17.98,29.78,44.19,18.87,91.0,0.35,9.0,9.89,8.0,8.79,0.9359999999999999,0.17500000000000004,15.44,7.1,15.74,22.84,24.85,12.0,531.0,0.311,67.0,12.62,34.0,6.4,0.9,0.234,16.41,8.34,14.41,22.76,29.8,12.85
746779,2024-06-30,2024,664901,R,607536,L,sac_bunt,False,False,45.0,0.286,9.0,20.0,3.0,6.67,0.833,0.21400000000000002,23.26,11.24,15.17,26.4,24.18,18.0,41.0,0.225,10.0,24.39,1.0,2.44,0.544,0.0749999999999999,22.67,10.62,20.0,30.63,24.29,21.74,91.0,0.35,9.0,9.89,8.0,8.79,0.9359999999999999,0.17500000000000004,15.44,7.1,15.74,22.84,24.85,12.0,531.0,0.311,67.0,12.62,34.0,6.4,0.9,0.234,16.41,8.34,14.41,22.76,29.8,12.85
746779,2024-06-30,2024,686676,R,607536,L,field_out,False,False,54.0,0.28,14.0,25.93,4.0,7.41,0.753,0.13999999999999996,31.62,18.23,9.85,28.08,34.02,22.95,23.0,0.0,8.0,34.78,1.0,4.35,0.043,0.0,28.12,15.79,7.89,23.68,26.67,17.02,91.0,0.35,9.0,9.89,8.0,8.79,0.9359999999999999,0.17500000000000004,15.44,7.1,15.74,22.84,24.85,12.0,531.0,0.311,67.0,12.62,34.0,6.4,0.9,0.234,16.41,8.34,14.41,22.76,29.8,12.85
746779,2024-06-30,2024,502054,R,607536,L,walk,False,True,51.0,0.262,11.0,21.57,8.0,15.69,0.8440000000000001,0.19,20.73,8.06,20.85,28.91,20.19,15.07,177.0,0.245,35.0,19.77,19.0,10.73,0.787,0.22,18.15,7.08,21.25,28.33,19.5,17.41,91.0,0.35,9.0,9.89,8.0,8.79,0.9359999999999999,0.17500000000000004,15.44,7.1,15.74,22.84,24.85,12.0,531.0,0.311,67.0,12.62,34.0,6.4,0.9,0.234,16.41,8.34,14.41,22.76,29.8,12.85
746779,2024-06-30,2024,683734,R,680767,R,walk,False,True,248.0,0.23,59.0,23.79,16.0,6.45,0.6659999999999999,0.142,22.1,10.61,17.33,27.94,30.43,20.0,474.0,0.267,109.0,23.0,29.0,6.12,0.774,0.18,26.24,11.95,18.94,30.89,30.92,21.51,102.0,0.323,27.0,26.47,9.0,8.82,0.866,0.16099999999999998,23.15,10.38,16.34,26.71,24.43,16.88,27.0,0.333,7.0,25.93,3.0,11.11,0.782,0.0419999999999999,26.42,12.28,14.91,27.19,20.75,19.44
746779,2024-06-30,2024,673357,R,680767,R,strikeout,True,False,95.0,0.2,34.0,35.79,5.0,5.26,0.764,0.322,33.65,17.54,15.29,32.83,35.44,24.11,477.0,0.252,132.0,27.67,25.0,5.24,0.8340000000000001,0.279,32.83,18.94,10.59,29.53,40.07,24.77,102.0,0.323,27.0,26.47,9.0,8.82,0.866,0.16099999999999998,23.15,10.38,16.34,26.71,24.43,16.88,27.0,0.333,7.0,25.93,3.0,11.11,0.782,0.0419999999999999,26.42,12.28,14.91,27.19,20.75,19.44
746779,2024-06-30,2024,668845,R,605154,R,field_out,False,False,1.0,0.0,0.0,0.0,0.0,0.0,0.0,0.0,50.0,25.0,0.0,25.0,0.0,,,,,,,,,,,,,,,,72.0,0.269,19.0,26.39,4.0,5.56,0.677,0.08899999999999997,27.97,14.76,13.65,28.41,39.04,21.84,107.0,0.221,29.0,27.1,8.0,7.48,0.674,0.179,26.61,12.86,15.74,28.6,25.99,16.96
746779,2024-06-30,2024,453568,L,605154,R,strikeout,True,False,201.0,0.242,33.0,16.42,15.0,7.46,0.6950000000000001,0.14300000000000002,19.84,9.84,17.06,26.9,35.64,14.93,309.0,0.272,48.0,15.53,26.0,8.41,0.7909999999999999,0.1689999999999999,21.84,10.67,16.05,26.72,30.66,16.11,61.0,0.196,20.0,32.79,4.0,6.56,0.6910000000000001,0.23299999999999998,23.2,10.39,20.07,30.47,22.56,18.35,55.0,0.204,18.0,32.73,6.0,10.91,0.699,0.204,29.13,12.99,17.75,30.74,29.63,24.32
746779,2024-06-30,2024,686668,R,605154,R,field_out,False,False,251.0,0.26,70.0,27.89,19.0,7.57,0.7230000000000001,0.14400000000000002,29.84,14.92,15.37,30.29,29.81,27.03,299.0,0.207,98.0,32.78,17.0,5.69,0.597,0.131,34.17,17.56,14.33,31.89,31.96,31.51,72.0,0.269,19.0,26.39,4.0,5.56,0.677,0.08899999999999997,27.97,14.76,13.65,28.41,39.04,21.84,107.0,0.221,29.0,27.1,8.0,7.48,0.674,0.179,26.61,12.86,15.74,28.6,25.99,16.96
746779,2024-06-30,2024,650391,R,680767,R,field_out,False,False,129.0,0.229,24.0,18.6,10.0,7.75,0.685,0.169,24.03,12.2,14.81,27.02,29.36,16.67,392.0,0.273,78.0,19.9,24.0,6.12,0.762,0.172,30.51,16.0,12.65,28.65,36.66,20.91,102.0,0.323,27.0,26.47,9.0,8.82,0.866,0.16099999999999998,23.15,10.38,16.34,26.71,24.43,16.88,27.0,0.333,7.0,25.93,3.0,11.11,0.782,0.0419999999999999,26.42,12.28,14.91,27.19,20.75,19.44
746779,2024-06-30,2024,657557,R,680767,R,field_out,False,False,209.0,0.267,63.0,30.14,6.0,2.87,0.8140000000000001,0.236,31.36,18.26,10.22,28.48,34.06,24.42,281.0,0.203,86.0,30.6,12.0,4.27,0.603,0.1539999999999999,36.49,19.09,15.38,34.47,35.28,34.68,102.0,0.323,27.0,26.47,9.0,8.82,0.866,0.16099999999999998,23.15,10.38,16.34,26.71,24.43,16.88,27.0,0.333,7.0,25.93,3.0,11.11,0.782,0.0419999999999999,26.42,12.28,14.91,27.19,20.75,19.44
746779,2024-06-30,2024,667452,R,680767,R,strikeout,True,False,67.0,0.197,15.0,22.39,6.0,8.96,0.613,0.14699999999999996,22.22,9.89,19.08,28.98,29.17,15.31,250.0,0.249,56.0,22.4,20.0,8.0,0.659,0.0979999999999999,26.42,11.51,19.54,31.05,28.57,19.44,102.0,0.323,27.0,26.47,9.0,8.82,0.866,0.16099999999999998,23.15,10.38,16.34,26.71,24.43,16.88,27.0,0.333,7.0,25.93,3.0,11.11,0.782,0.0419999999999999,26.42,12.28,14.91,27.19,20.75,19.44
746779,2024-06-30,2024,678662,R,656629,R,field_out,False,False,261.0,0.282,68.0,26.05,6.0,2.3,0.768,0.18200000000000005,32.62,20.78,9.6,30.38,47.58,21.52,438.0,0.256,109.0,24.89,17.0,3.88,0.69,0.143,29.47,17.51,10.44,27.95,41.11,20.49,80.0,0.279,20.0,25.0,9.0,11.25,0.8440000000000001,0.177,25.0,11.38,18.46,29.85,26.58,18.02,300.0,0.245,61.0,20.33,41.0,13.67,0.859,0.249,23.75,10.21,17.43,27.63,24.11,17.39
746779,2024-06-30,2024,641857,L,656629,R,strikeout,True,False,242.0,0.25,66.0,27.27,25.0,10.33,0.76,0.184,26.85,12.92,15.43,28.35,26.27,18.33,449.0,0.26,141.0,31.4,52.0,11.58,0.826,0.2209999999999999,31.26,14.84,14.94,29.79,25.26,20.41,73.0,0.172,28.0,38.36,11.0,15.07,0.643,0.15600000000000003,36.91,17.41,17.72,35.13,25.53,26.92,291.0,0.231,73.0,25.09,50.0,17.18,0.815,0.213,30.04,12.39,14.67,27.06,25.1,22.64
746779,2024-06-30,2024,553869,R,656629,R,strikeout,True,False,155.0,0.305,30.0,19.35,10.0,6.45,0.808,0.14200000000000002,28.81,15.56,12.34,27.91,33.69,17.65,383.0,0.298,92.0,24.02,23.0,6.01,0.777,0.14,29.34,15.86,11.31,27.17,35.61,20.22,80.0,0.279,20.0,25.0,9.0,11.25,0.8440000000000001,0.177,25.0,11.38,18.46,29.85,26.58,18.02,300.0,0.245,61.0,20.33,41.0,13.67,0.859,0.249,23.75,10.21,17.43,27.63,24.11,17.39
746779,2024-06-30,2024,672820,R,664875,R,single,False,False,93.0,0.193,25.0,26.88,3.0,3.23,0.489,0.068,26.79,13.43,20.3,33.73,37.74,26.6,123.0,0.178,30.0,24.39,2.0,1.63,0.504,0.136,24.69,13.05,16.81,29.87,39.56,22.39,75.0,0.266,17.0,22.67,8.0,10.67,0.6819999999999999,0.07799999999999996,22.79,9.78,19.87,29.65,25.32,17.53,177.0,0.245,49.0,27.68,18.0,10.17,0.681,0.1029999999999999,27.34,10.96,23.42,34.38,25.86,30.43
746779,2024-06-30,2024,657757,L,664875,R,field_out,False,False,242.0,0.249,41.0,16.94,30.0,12.4,0.76,0.16199999999999998,21.59,9.37,18.15,27.51,28.62,12.81,324.0,0.212,58.0,17.9,28.0,8.64,0.63,0.1369999999999999,20.44,9.67,14.66,24.33,29.35,14.25,51.0,0.333,5.0,9.8,10.0,19.61,1.018,0.20500000000000002,18.99,7.73,13.92,21.65,21.74,10.42,149.0,0.221,29.0,19.46,18.0,12.08,0.6970000000000001,0.1399999999999999,20.35,8.63,17.64,26.27,23.41,23.02
746779,2024-06-30,2024,686676,R,664875,R,grounded_into_double_play,False,False,159.0,0.219,49.0,30.82,7.0,4.4,0.63,0.158,41.25,24.09,9.88,33.97,35.56,25.95,47.0,0.116,12.0,25.53,4.0,8.51,0.4,0.0929999999999999,33.71,18.07,13.25,31.33,34.15,23.53,75.0,0.266,17.0,22.67,8.0,10.67,0.6819999999999999,0.07799999999999996,22.79,9.78,19.87,29.65,25.32,17.53,177.0,0.245,49.0,27.68,18.0,10.17,0.681,0.1029999999999999,27.34,10.96,23.42,34.38,25.86,30.43
746779,2024-06-30,2024,669911,L,621051,R,walk,False,True,91.0,0.2,31.0,34.07,4.0,4.4,0.677,0.235,30.32,14.47,16.75,31.22,29.86,22.46,104.0,0.189,29.0,27.88,8.0,7.69,0.628,0.179,34.34,17.26,14.21,31.47,29.0,25.0,48.0,0.118,8.0,16.67,11.0,22.92,0.539,0.088,23.91,10.53,12.44,22.97,21.9,12.12,90.0,0.187,21.0,23.33,14.0,15.56,0.6819999999999999,0.173,24.38,10.18,15.67,25.85,18.0,18.58
746779,2024-06-30,2024,666134,L,621051,R,strikeout,True,False,107.0,0.187,33.0,30.84,15.0,14.02,0.629,0.14300000000000002,32.45,12.55,22.02,34.57,23.27,19.19,294.0,0.289,92.0,31.29,41.0,13.95,0.945,0.261,33.58,14.12,18.56,32.68,25.97,22.72,48.0,0.118,8.0,16.67,11.0,22.92,0.539,0.088,23.91,10.53,12.44,22.97,21.9,12.12,90.0,0.187,21.0,23.33,14.0,15.56,0.6819999999999999,0.173,24.38,10.18,15.67,25.85,18.0,18.58
746779,2024-06-30,2024,696100,R,621051,R,sac_fly,False,False,74.0,0.171,23.0,31.08,3.0,4.05,0.545,0.158,33.96,19.71,11.31,31.02,36.3,28.05,64.0,0.193,18.0,28.12,5.0,7.81,0.583,0.14,38.6,18.26,16.18,34.44,35.56,28.57,57.0,0.26,14.0,24.56,4.0,7.02,0.8560000000000001,0.28,24.51,12.02,15.87,27.88,26.6,25.93,129.0,0.184,36.0,27.91,13.0,10.08,0.63,0.1669999999999999,28.24,12.88,16.99,29.87,25.45,19.67
746779,2024-06-30,2024,663898,R,621051,R,intent_walk,False,True,196.0,0.261,47.0,23.98,11.0,5.61,0.6599999999999999,0.09799999999999998,24.47,11.98,16.02,27.99,25.68,18.88,138.0,0.269,33.0,23.91,5.0,3.62,0.709,0.1389999999999999,27.31,13.83,17.45,31.28,33.92,25.0,57.0,0.26,14.0,24.56,4.0,7.02,0.8560000000000001,0.28,24.51,12.02,15.87,27.88,26.6,25.93,129.0,0.184,36.0,27.91,13.0,10.08,0.63,0.1669999999999999,28.24,12.88,16.99,29.87,25.45,19.67
746779,2024-06-30,2024,595909,L,694363,L,field_out,False,False,17.0,0.118,6.0,35.29,0.0,0.0,0.236,0.0,36.36,20.0,15.0,35.0,37.04,35.29,33.0,0.138,11.0,33.33,3.0,9.09,0.391,0.0339999999999999,28.79,14.39,18.94,33.33,34.48,22.92,55.0,0.3,8.0,14.55,2.0,3.64,0.775,0.16000000000000003,21.3,11.68,13.2,24.87,29.79,13.79,51.0,0.238,8.0,15.69,7.0,13.73,0.738,0.167,25.3,10.66,17.26,27.92,21.82,14.29
746779,2024-06-30,2024,502054,R,683232,R,field_out,False,False,155.0,0.275,28.0,18.06,13.0,8.39,0.7010000000000001,0.09099999999999997,22.92,9.37,20.68,30.05,18.75,16.28,304.0,0.262,71.0,23.36,28.0,9.21,0.767,0.173,26.61,10.98,19.38,30.37,21.23,21.19,87.0,0.263,23.0,26.44,11.0,12.64,0.764,0.14499999999999996,30.43,13.8,16.9,30.7,28.35,25.27,43.0,0.235,11.0,25.58,9.0,20.93,0.866,0.236,25.32,10.7,16.58,27.27,23.3,20.0
746779,2024-06-30,2024,683734,R,683232,R,sac_fly,False,False,248.0,0.23,59.0,23.79,16.0,6.45,0.6659999999999999,0.142,22.1,10.61,17.33,27.94,30.43,20.0,474.0,0.267,109.0,23.0,29.0,6.12,0.774,0.18,26.24,11.95,18.94,30.89,30.92,21.51,87.0,0.263,23.0,26.44,11.0,12.64,0.764,0.14499999999999996,30.43,13.8,16.9,30.7,28.35,25.27,43.0,0.235,11.0,25.58,9.0,20.93,0.866,0.236,25.32,10.7,16.58,27.27,23.3,20.0
746779,2024-06-30,2024,673357,R,683232,R,strikeout,True,False,95.0,0.2,34.0,35.79,5.0,5.26,0.764,0.322,33.65,17.54,15.29,32.83,35.44,24.11,477.0,0.252,132.0,27.67,25.0,5.24,0.8340000000000001,0.279,32.83,18.94,10.59,29.53,40.07,24.77,87.0,0.263,23.0,26.44,11.0,12.64,0.764,0.14499999999999996,30.43,13.8,16.9,30.7,28.35,25.27,43.0,0.235,11.0,25.58,9.0,20.93,0.866,0.236,25.32,10.7,16.58,27.27,23.3,20.0
746779,2024-06-30,2024,686668,R,647336,R,sac_bunt,False,False,251.0,0.26,70.0,27.89,19.0,7.57,0.7230000000000001,0.14400000000000002,29.84,14.92,15.37,30.29,29.81,27.03,299.0,0.207,98.0,32.78,17.0,5.69,0.597,0.131,34.17,17.56,14.33,31.89,31.96,31.51,146.0,0.224,30.0,20.55,16.0,10.96,0.733,0.19199999999999998,22.99,9.87,18.26,28.12,25.69,15.15,66.0,0.321,13.0,19.7,7.0,10.61,1.004,0.2679999999999999,27.18,12.12,16.45,28.57,25.86,25.0
746779,2024-06-30,2024,678662,R,647336,R,strikeout,True,False,261.0,0.282,68.0,26.05,6.0,2.3,0.768,0.18200000000000005,32.62,20.78,9.6,30.38,47.58,21.52,438.0,0.256,109.0,24.89,17.0,3.88,0.69,0.143,29.47,17.51,10.44,27.95,41.11,20.49,146.0,0.224,30.0,20.55,16.0,10.96,0.733,0.19199999999999998,22.99,9.87,18.26,28.12,25.69,15.15,66.0,0.321,13.0,19.7,7.0,10.61,1.004,0.2679999999999999,27.18,12.12,16.45,28.57,25.86,25.0
746779,2024-06-30,2024,641857,L,647336,R,intent_walk,False,True,242.0,0.25,66.0,27.27,25.0,10.33,0.76,0.184,26.85,12.92,15.43,28.35,26.27,18.33,449.0,0.26,141.0,31.4,52.0,11.58,0.826,0.2209999999999999,31.26,14.84,14.94,29.79,25.26,20.41,141.0,0.248,29.0,20.57,22.0,15.6,0.848,0.23099999999999998,18.78,7.99,15.97,23.96,22.26,17.58,79.0,0.25,16.0,20.25,5.0,6.33,0.8440000000000001,0.278,20.71,9.48,16.67,26.14,22.15,19.28
746779,2024-06-30,2024,656541,L,647336,R,walk,False,True,6.0,0.0,2.0,33.33,1.0,16.67,0.167,0.0,30.77,15.38,11.54,26.92,30.77,20.0,69.0,0.25,28.0,40.58,5.0,7.25,0.726,0.172,39.5,17.03,19.57,36.59,24.44,31.11,141.0,0.248,29.0,20.57,22.0,15.6,0.848,0.23099999999999998,18.78,7.99,15.97,23.96,22.26,17.58,79.0,0.25,16.0,20.25,5.0,6.33,0.8440000000000001,0.278,20.71,9.48,16.67,26.14,22.15,19.28
746779,2024-06-30,2024,669911,L,647336,R,strikeout,True,False,91.0,0.2,31.0,34.07,4.0,4.4,0.677,0.235,30.32,14.47,16.75,31.22,29.86,22.46,104.0,0.189,29.0,27.88,8.0,7.69,0.628,0.179,34.34,17.26,14.21,31.47,29.0,25.0,141.0,0.248,29.0,20.57,22.0,15.6,0.848,0.23099999999999998,18.78,7.99,15.97,23.96,22.26,17.58,79.0,0.25,16.0,20.25,5.0,6.33,0.8440000000000001,0.278,20.71,9.48,16.67,26.14,22.15,19.28
746779,2024-06-30,2024,650391,R,641755,R,field_out,False,False,129.0,0.229,24.0,18.6,10.0,7.75,0.685,0.169,24.03,12.2,14.81,27.02,29.36,16.67,392.0,0.273,78.0,19.9,24.0,6.12,0.762,0.172,30.51,16.0,12.65,28.65,36.66,20.91,82.0,0.254,18.0,21.95,10.0,12.2,0.764,0.16899999999999998,32.73,16.51,12.23,28.75,28.57,18.37,46.0,0.326,11.0,23.91,2.0,4.35,0.883,0.209,22.68,11.76,15.51,27.27,28.41,16.18
746779,2024-06-30,2024,657557,R,641755,R,strikeout,True,False,209.0,0.267,63.0,30.14,6.0,2.87,0.8140000000000001,0.236,31.36,18.26,10.22,28.48,34.06,24.42,281.0,0.203,86.0,30.6,12.0,4.27,0.603,0.1539999999999999,36.49,19.09,15.38,34.47,35.28,34.68,82.0,0.254,18.0,21.95,10.0,12.2,0.764,0.16899999999999998,32.73,16.51,12.23,28.75,28.57,18.37,46.0,0.326,11.0,23.91,2.0,4.35,0.883,0.209,22.68,11.76,15.51,27.27,28.41,16.18
746779,2024-06-30,2024,643217,L,641755,R,intent_walk,False,True,199.0,0.224,33.0,16.58,13.0,6.53,0.6060000000000001,0.10900000000000001,18.13,8.7,16.85,25.54,26.01,16.02,486.0,0.261,67.0,13.79,42.0,8.64,0.67,0.082,19.05,9.13,14.74,23.87,26.13,13.62,67.0,0.375,14.0,20.9,9.0,13.43,1.231,0.393,29.37,14.33,11.95,26.28,27.95,15.56,30.0,0.304,6.0,20.0,4.0,13.33,0.8919999999999999,0.174,23.53,10.81,12.61,23.42,20.34,22.22
746779,2024-06-30,2024,672820,R,641755,R,field_out,False,False,93.0,0.193,25.0,26.88,3.0,3.23,0.489,0.068,26.79,13.43,20.3,33.73,37.74,26.6,123.0,0.178,30.0,24.39,2.0,1.63,0.504,0.136,24.69,13.05,16.81,29.87,39.56,22.39,82.0,0.254,18.0,21.95,10.0,12.2,0.764,0.16899999999999998,32.73,16.51,12.23,28.75,28.57,18.37,46.0,0.326,11.0,23.91,2.0,4.35,0.883,0.209,22.68,11.76,15.51,27.27,28.41,16.18
746779,2024-06-30,2024,666134,L,647336,R,strikeout,True,False,107.0,0.187,33.0,30.84,15.0,14.02,0.629,0.14300000000000002,32.45,12.55,22.02,34.57,23.27,19.19,294.0,0.289,92.0,31.29,41.0,13.95,0.945,0.261,33.58,14.12,18.56,32.68,25.97,22.72,141.0,0.248,29.0,20.57,22.0,15.6,0.848,0.23099999999999998,18.78,7.99,15.97,23.96,22.26,17.58,79.0,0.25,16.0,20.25,5.0,6.33,0.8440000000000001,0.278,20.71,9.48,16.67,26.14,22.15,19.28
746779,2024-06-30,2024,696100,R,647336,R,strikeout,True,False,74.0,0.171,23.0,31.08,3.0,4.05,0.545,0.158,33.96,19.71,11.31,31.02,36.3,28.05,64.0,0.193,18.0,28.12,5.0,7.81,0.583,0.14,38.6,18.26,16.18,34.44,35.56,28.57,146.0,0.224,30.0,20.55,16.0,10.96,0.733,0.19199999999999998,22.99,9.87,18.26,28.12,25.69,15.15,66.0,0.321,13.0,19.7,7.0,10.61,1.004,0.2679999999999999,27.18,12.12,16.45,28.57,25.86,25.0
746779,2024-06-30,2024,663898,R,647336,R,field_out,False,False,196.0,0.261,47.0,23.98,11.0,5.61,0.6599999999999999,0.09799999999999998,24.47,11.98,16.02,27.99,25.68,18.88,138.0,0.269,33.0,23.91,5.0,3.62,0.709,0.1389999999999999,27.31,13.83,17.45,31.28,33.92,25.0,146.0,0.224,30.0,20.55,16.0,10.96,0.733,0.19199999999999998,22.99,9.87,18.26,28.12,25.69,15.15,66.0,0.321,13.0,19.7,7.0,10.61,1.004,0.2679999999999999,27.18,12.12,16.45,28.57,25.86,25.0
746779,2024-06-30,2024,670032,L,641755,R,field_out,False,False,211.0,0.246,33.0,15.64,15.0,7.11,0.592,0.04199999999999998,18.26,9.01,15.86,24.87,27.69,16.67,212.0,0.228,33.0,15.57,24.0,11.32,0.647,0.089,22.47,10.7,16.47,27.16,26.6,14.22,67.0,0.375,14.0,20.9,9.0,13.43,1.231,0.393,29.37,14.33,11.95,26.28,27.95,15.56,30.0,0.304,6.0,20.0,4.0,13.33,0.8919999999999999,0.174,23.53,10.81,12.61,23.42,20.34,22.22
746779,2024-06-30,2024,686676,R,641755,R,field_out,False,False,159.0,0.219,49.0,30.82,7.0,4.4,0.63,0.158,41.25,24.09,9.88,33.97,35.56,25.95,47.0,0.116,12.0,25.53,4.0,8.51,0.4,0.0929999999999999,33.71,18.07,13.25,31.33,34.15,23.53,82.0,0.254,18.0,21.95,10.0,12.2,0.764,0.16899999999999998,32.73,16.51,12.23,28.75,28.57,18.37,46.0,0.326,11.0,23.91,2.0,4.35,0.883,0.209,22.68,11.76,15.51,27.27,28.41,16.18
746779,2024-06-30,2024,502054,R,641755,R,field_out,False,False,155.0,0.275,28.0,18.06,13.0,8.39,0.7010000000000001,0.09099999999999997,22.92,9.37,20.68,30.05,18.75,16.28,304.0,0.262,71.0,23.36,28.0,9.21,0.767,0.173,26.61,10.98,19.38,30.37,21.23,21.19,82.0,0.254,18.0,21.95,10.0,12.2,0.764,0.16899999999999998,32.73,16.51,12.23,28.75,28.57,18.37,46.0,0.326,11.0,23.91,2.0,4.35,0.883,0.209,22.68,11.76,15.51,27.27,28.41,16.18
746779,2024-06-30,2024,595909,L,647336,R,field_out,False,False,136.0,0.262,35.0,25.74,12.0,8.82,0.6759999999999999,0.08999999999999997,24.83,12.93,14.36,27.29,32.73,17.86,171.0,0.226,44.0,25.73,12.0,7.02,0.663,0.155,26.67,12.9,15.25,28.15,29.13,19.91,141.0,0.248,29.0,20.57,22.0,15.6,0.848,0.23099999999999998,18.78,7.99,15.97,23.96,22.26,17.58,79.0,0.25,16.0,20.25,5.0,6.33,0.8440000000000001,0.278,20.71,9.48,16.67,26.14,22.15,19.28
746779,2024-06-30,2024,686668,R,647336,R,field_out,False,False,251.0,0.26,70.0,27.89,19.0,7.57,0.7230000000000001,0.14400000000000002,29.84,14.92,15.37,30.29,29.81,27.03,299.0,0.207,98.0,32.78,17.0,5.69,0.597,0.131,34.17,17.56,14.33,31.89,31.96,31.51,146.0,0.224,30.0,20.55,16.0,10.96,0.733,0.19199999999999998,22.99,9.87,18.26,28.12,25.69,15.15,66.0,0.321,13.0,19.7,7.0,10.61,1.004,0.2679999999999999,27.18,12.12,16.45,28.57,25.86,25.0
746779,2024-06-30,2024,678662,R,647336,R,single,False,False,261.0,0.282,68.0,26.05,6.0,2.3,0.768,0.18200000000000005,32.62,20.78,9.6,30.38,47.58,21.52,438.0,0.256,109.0,24.89,17.0,3.88,0.69,0.143,29.47,17.51,10.44,27.95,41.11,20.49,146.0,0.224,30.0,20.55,16.0,10.96,0.733,0.19199999999999998,22.99,9.87,18.26,28.12,25.69,15.15,66.0,0.321,13.0,19.7,7.0,10.61,1.004,0.2679999999999999,27.18,12.12,16.45,28.57,25.86,25.0
746779,2024-06-30,2024,641857,L,647336,R,strikeout,True,False,242.0,0.25,66.0,27.27,25.0,10.33,0.76,0.184,26.85,12.92,15.43,28.35,26.27,18.33,449.0,0.26,141.0,31.4,52.0,11.58,0.826,0.2209999999999999,31.26,14.84,14.94,29.79,25.26,20.41,141.0,0.248,29.0,20.57,22.0,15.6,0.848,0.23099999999999998,18.78,7.99,15.97,23.96,22.26,17.58,79.0,0.25,16.0,20.25,5.0,6.33,0.8440000000000001,0.278,20.71,9.48,16.67,26.14,22.15,19.28
746779,2024-06-30,2024,683734,R,656222,L,field_out,False,False,71.0,0.275,12.0,16.9,2.0,2.82,0.716,0.14499999999999996,23.02,12.21,14.12,26.34,37.23,17.14,142.0,0.227,20.0,14.08,7.0,4.93,0.641,0.144,18.15,9.74,13.42,23.16,34.55,11.83,115.0,0.265,18.0,15.65,11.0,9.57,0.7350000000000001,0.137,20.1,9.4,13.42,22.82,22.32,15.79,130.0,0.243,27.0,20.77,12.0,9.23,0.7090000000000001,0.148,29.39,14.08,15.55,29.62,28.21,22.31
746779,2024-06-30,2024,673357,R,656222,L,single,False,False,28.0,0.238,8.0,28.57,7.0,25.0,0.858,0.191,36.36,14.04,16.67,30.7,25.76,29.63,119.0,0.312,40.0,33.61,5.0,4.2,0.951,0.2749999999999999,35.71,20.75,11.2,31.95,42.19,22.1,115.0,0.265,18.0,15.65,11.0,9.57,0.7350000000000001,0.137,20.1,9.4,13.42,22.82,22.32,15.79,130.0,0.243,27.0,20.77,12.0,9.23,0.7090000000000001,0.148,29.39,14.08,15.55,29.62,28.21,22.31
746779,2024-06-30,2024,650391,R,656222,L,single,False,False,38.0,0.222,6.0,15.79,2.0,5.26,0.513,0.027999999999999997,26.87,14.17,11.81,25.98,39.19,19.35,98.0,0.267,15.0,15.31,6.0,6.12,0.738,0.1549999999999999,26.32,12.78,15.06,27.84,36.63,16.85,115.0,0.265,18.0,15.65,11.0,9.57,0.7350000000000001,0.137,20.1,9.4,13.42,22.82,22.32,15.79,130.0,0.243,27.0,20.77,12.0,9.23,0.7090000000000001,0.148,29.39,14.08,15.55,29.62,28.21,22.31
746779,2024-06-30,2024,657557,R,656222,L,grounded_into_double_play,False,False,71.0,0.167,26.0,36.62,3.0,4.23,0.544,0.166,39.88,23.64,9.45,33.09,33.82,29.89,119.0,0.217,35.0,29.41,9.0,7.56,0.635,0.1319999999999999,33.2,18.24,12.75,30.99,37.18,23.03,115.0,0.265,18.0,15.65,11.0,9.57,0.7350000000000001,0.137,20.1,9.4,13.42,22.82,22.32,15.79,130.0,0.243,27.0,20.77,12.0,9.23,0.7090000000000001,0.148,29.39,14.08,15.55,29.62,28.21,22.31
746779,2024-06-30,2024,656541,L,647336,R,sac_bunt,False,False,6.0,0.0,2.0,33.33,1.0,16.67,0.167,0.0,30.77,15.38,11.54,26.92,30.77,20.0,69.0,0.25,28.0,40.58,5.0,7.25,0.726,0.172,39.5,17.03,19.57,36.59,24.44,31.11,141.0,0.248,29.0,20.57,22.0,15.6,0.848,0.23099999999999998,18.78,7.99,15.97,23.96,22.26,17.58,79.0,0.25,16.0,20.25,5.0,6.33,0.8440000000000001,0.278,20.71,9.48,16.67,26.14,22.15,19.28
746779,2024-06-30,2024,669911,L,647336,R,sac_fly,False,False,91.0,0.2,31.0,34.07,4.0,4.4,0.677,0.235,30.32,14.47,16.75,31.22,29.86,22.46,104.0,0.189,29.0,27.88,8.0,7.69,0.628,0.179,34.34,17.26,14.21,31.47,29.0,25.0,141.0,0.248,29.0,20.57,22.0,15.6,0.848,0.23099999999999998,18.78,7.99,15.97,23.96,22.26,17.58,79.0,0.25,16.0,20.25,5.0,6.33,0.8440000000000001,0.278,20.71,9.48,16.67,26.14,22.15,19.28
746779,2024-06-30,2024,666134,L,647336,R,strikeout,True,False,107.0,0.187,33.0,30.84,15.0,14.02,0.629,0.14300000000000002,32.45,12.55,22.02,34.57,23.27,19.19,294.0,0.289,92.0,31.29,41.0,13.95,0.945,0.261,33.58,14.12,18.56,32.68,25.97,22.72,141.0,0.248,29.0,20.57,22.0,15.6,0.848,0.23099999999999998,18.78,7.99,15.97,23.96,22.26,17.58,79.0,0.25,16.0,20.25,5.0,6.33,0.8440000000000001,0.278,20.71,9.48,16.67,26.14,22.15,19.28
746779,2024-06-30,2024,643217,L,656222,L,strikeout,True,False,48.0,0.087,13.0,27.08,2.0,4.17,0.299,0.087,26.85,14.65,13.13,27.78,34.69,16.67,135.0,0.262,22.0,16.3,10.0,7.41,0.7230000000000001,0.14,20.08,10.21,13.87,24.08,28.74,14.77,50.0,0.167,12.0,24.0,6.0,12.0,0.524,0.07099999999999998,28.87,13.27,11.85,25.12,23.58,23.08,62.0,0.269,20.0,32.26,9.0,14.52,0.736,0.0959999999999999,34.23,14.84,15.62,30.47,25.0,25.0
746779,2024-06-30,2024,672820,R,656222,L,field_out,False,False,39.0,0.278,6.0,15.38,3.0,7.69,0.833,0.22199999999999998,18.84,8.61,14.57,23.18,29.11,16.22,50.0,0.261,10.0,20.0,3.0,6.0,0.741,0.174,22.11,11.8,17.98,29.78,44.19,18.87,115.0,0.265,18.0,15.65,11.0,9.57,0.7350000000000001,0.137,20.1,9.4,13.42,22.82,22.32,15.79,130.0,0.243,27.0,20.77,12.0,9.23,0.7090000000000001,0.148,29.39,14.08,15.55,29.62,28.21,22.31
746779,2024-06-30,2024,670032,L,656222,L,field_out,False,False,38.0,0.257,5.0,13.16,0.0,0.0,0.535,0.0,17.33,10.48,14.52,25.0,46.55,13.89,50.0,0.244,7.0,14.0,2.0,4.0,0.573,0.023,20.21,9.79,16.49,26.29,26.97,12.28,50.0,0.167,12.0,24.0,6.0,12.0,0.524,0.07099999999999998,28.87,13.27,11.85,25.12,23.58,23.08,62.0,0.269,20.0,32.26,9.0,14.52,0.736,0.0959999999999999,34.23,14.84,15.62,30.47,25.0,25.0
746290,2024-06-30,2024,680757,L,607625,R,strikeout,True,False,173.0,0.353,11.0,6.36,14.0,8.09,0.9869999999999999,0.21599999999999997,6.34,2.55,22.97,25.53,19.62,6.29,494.0,0.272,52.0,10.53,50.0,10.12,0.73,0.1119999999999999,10.22,4.19,22.03,26.23,20.67,8.84,225.0,0.217,52.0,23.11,17.0,7.56,0.597,0.093,22.25,9.62,20.74,30.36,24.88,20.47,307.0,0.252,76.0,24.76,18.0,5.86,0.744,0.192,23.65,10.83,18.63,29.46,24.83,19.69
746290,2024-06-30,2024,682177,L,607625,R,walk,False,True,49.0,0.244,12.0,24.49,6.0,12.24,0.742,0.17099999999999999,24.14,11.05,14.74,25.79,18.18,26.67,,,,,,,,,,,,,,,225.0,0.217,52.0,23.11,17.0,7.56,0.597,0.093,22.25,9.62,20.74,30.36,24.88,20.47,307.0,0.252,76.0,24.76,18.0,5.86,0.744,0.192,23.65,10.83,18.63,29.46,24.83,19.69
746290,2024-06-30,2024,608070,L,607625,R,strikeout,True,False,232.0,0.244,29.0,12.5,17.0,7.33,0.804,0.258,14.02,6.89,13.57,20.45,30.62,9.67,461.0,0.302,48.0,10.41,54.0,11.71,0.863,0.179,15.4,6.98,13.91,20.89,28.02,10.17,225.0,0.217,52.0,23.11,17.0,7.56,0.597,0.093,22.25,9.62,20.74,30.36,24.88,20.47,307.0,0.252,76.0,24.76,18.0,5.86,0.744,0.192,23.65,10.83,18.63,29.46,24.83,19.69
746290,2024-06-30,2024,647304,L,607625,R,field_out,False,False,222.0,0.249,34.0,15.32,23.0,10.36,0.8460000000000001,0.264,20.38,10.53,10.29,20.82,33.1,15.38,348.0,0.311,53.0,15.23,25.0,7.18,0.851,0.184,21.29,11.96,9.18,21.15,41.36,16.99,225.0,0.217,52.0,23.11,17.0,7.56,0.597,0.093,22.25,9.62,20.74,30.36,24.88,20.47,307.0,0.252,76.0,24.76,18.0,5.86,0.744,0.192,23.65,10.83,18.63,29.46,24.83,19.69
746290,2024-06-30,2024,672580,R,671106,L,field_out,False,False,67.0,0.254,4.0,5.97,3.0,4.48,0.748,0.20600000000000002,8.55,4.07,21.14,25.2,27.37,5.41,116.0,0.315,21.0,18.1,5.0,4.31,0.79,0.139,16.58,7.23,23.31,30.54,25.87,18.75,286.0,0.303,50.0,17.48,27.0,9.44,0.943,0.26799999999999996,20.45,9.07,18.4,27.47,22.2,15.67,448.0,0.274,99.0,22.1,38.0,8.48,0.77,0.1609999999999999,23.99,11.45,16.55,28.0,29.16,18.32
746290,2024-06-30,2024,677951,R,671106,L,single,False,False,57.0,0.296,9.0,15.79,2.0,3.51,0.7969999999999999,0.185,20.18,10.28,15.42,25.7,37.39,15.0,147.0,0.297,28.0,19.05,7.0,4.76,0.8620000000000001,0.232,24.92,13.58,12.91,26.49,35.1,14.07,286.0,0.303,50.0,17.48,27.0,9.44,0.943,0.26799999999999996,20.45,9.07,18.4,27.47,22.2,15.67,448.0,0.274,99.0,22.1,38.0,8.48,0.77,0.1609999999999999,23.99,11.45,16.55,28.0,29.16,18.32
746290,2024-06-30,2024,686469,L,671106,L,single,False,False,63.0,0.246,11.0,17.46,2.0,3.17,0.638,0.122,21.19,9.88,20.55,30.43,30.77,13.92,72.0,0.233,8.0,11.11,10.0,13.89,0.697,0.1169999999999999,25.44,10.86,18.35,29.21,25.19,14.29,61.0,0.255,14.0,22.95,4.0,6.56,0.819,0.236,28.7,13.08,16.03,29.11,25.38,19.18,90.0,0.205,20.0,22.22,10.0,11.11,0.649,0.141,23.86,11.35,14.32,25.68,24.44,18.87
746290,2024-06-30,2024,521692,R,671106,L,force_out,False,False,74.0,0.299,12.0,16.22,6.0,8.11,0.798,0.134,30.82,17.72,10.63,28.35,45.67,17.14,146.0,0.227,35.0,23.97,8.0,5.48,0.6659999999999999,0.144,28.96,17.6,9.44,27.04,51.15,18.82,286.0,0.303,50.0,17.48,27.0,9.44,0.943,0.26799999999999996,20.45,9.07,18.4,27.47,22.2,15.67,448.0,0.274,99.0,22.1,38.0,8.48,0.77,0.1609999999999999,23.99,11.45,16.55,28.0,29.16,18.32
746290,2024-06-30,2024,592669,R,671106,L,field_out,False,False,61.0,0.196,11.0,18.03,5.0,8.2,0.619,0.16099999999999998,22.02,10.96,17.81,28.77,35.14,16.67,140.0,0.244,34.0,24.29,9.0,6.43,0.6859999999999999,0.142,21.48,10.53,16.33,26.86,32.76,20.36,286.0,0.303,50.0,17.48,27.0,9.44,0.943,0.26799999999999996,20.45,9.07,18.4,27.47,22.2,15.67,448.0,0.274,99.0,22.1,38.0,8.48,0.77,0.1609999999999999,23.99,11.45,16.55,28.0,29.16,18.32
746290,2024-06-30,2024,678877,R,607625,R,strikeout,True,False,6.0,0.333,2.0,33.33,0.0,0.0,1.333,0.667,41.67,29.41,11.76,41.18,66.67,66.67,,,,,,,,,,,,,,,217.0,0.224,43.0,19.82,9.0,4.15,0.633,0.144,21.94,10.27,18.34,28.61,28.0,21.39,297.0,0.245,64.0,21.55,18.0,6.06,0.6719999999999999,0.134,20.04,9.36,18.89,28.25,27.02,20.13
746290,2024-06-30,2024,665926,L,607625,R,field_out,False,False,227.0,0.243,33.0,14.54,14.0,6.17,0.653,0.09900000000000003,24.48,13.33,12.54,25.88,35.54,11.76,419.0,0.243,86.0,20.53,24.0,5.73,0.712,0.162,26.46,14.29,12.8,27.09,38.97,17.27,225.0,0.217,52.0,23.11,17.0,7.56,0.597,0.093,22.25,9.62,20.74,30.36,24.88,20.47,307.0,0.252,76.0,24.76,18.0,5.86,0.744,0.192,23.65,10.83,18.63,29.46,24.83,19.69
746290,2024-06-30,2024,666310,L,607625,R,double,False,False,152.0,0.188,52.0,34.21,12.0,7.89,0.5609999999999999,0.11599999999999999,29.57,13.82,18.01,31.83,26.8,23.26,180.0,0.243,40.0,22.22,26.0,14.44,0.852,0.257,22.79,10.11,14.03,24.15,23.6,16.67,225.0,0.217,52.0,23.11,17.0,7.56,0.597,0.093,22.25,9.62,20.74,30.36,24.88,20.47,307.0,0.252,76.0,24.76,18.0,5.86,0.744,0.192,23.65,10.83,18.63,29.46,24.83,19.69
746290,2024-06-30,2024,677587,L,607625,R,strikeout,True,False,169.0,0.224,27.0,15.98,20.0,11.83,0.634,0.07699999999999999,21.07,9.78,15.18,24.96,28.61,12.56,53.0,0.3,12.0,22.64,2.0,3.77,0.7010000000000001,0.08,28.07,15.31,15.79,31.1,41.59,17.39,225.0,0.217,52.0,23.11,17.0,7.56,0.597,0.093,22.25,9.62,20.74,30.36,24.88,20.47,307.0,0.252,76.0,24.76,18.0,5.86,0.744,0.192,23.65,10.83,18.63,29.46,24.83,19.69
746290,2024-06-30,2024,679845,R,671106,L,field_out,False,False,29.0,0.348,3.0,10.34,4.0,13.79,0.9259999999999999,0.13,10.42,4.46,16.07,20.54,22.95,8.11,24.0,0.421,5.0,20.83,3.0,12.5,1.079,0.1579999999999999,24.32,10.71,14.29,25.0,18.18,26.32,286.0,0.303,50.0,17.48,27.0,9.44,0.943,0.26799999999999996,20.45,9.07,18.4,27.47,22.2,15.67,448.0,0.274,99.0,22.1,38.0,8.48,0.77,0.1609999999999999,23.99,11.45,16.55,28.0,29.16,18.32
746290,2024-06-30,2024,666023,R,671106,L,double,False,False,47.0,0.341,7.0,14.89,3.0,6.38,0.8380000000000001,0.11399999999999999,29.47,15.91,13.07,28.98,33.33,12.5,66.0,0.262,14.0,21.21,4.0,6.06,0.777,0.197,25.18,13.78,11.42,25.2,29.37,17.28,286.0,0.303,50.0,17.48,27.0,9.44,0.943,0.26799999999999996,20.45,9.07,18.4,27.47,22.2,15.67,448.0,0.274,99.0,22.1,38.0,8.48,0.77,0.1609999999999999,23.99,11.45,16.55,28.0,29.16,18.32
746290,2024-06-30,2024,641658,R,671106,L,double,False,False,60.0,0.259,16.0,26.67,5.0,8.33,0.692,0.11099999999999999,23.08,10.96,15.98,26.94,21.65,29.09,82.0,0.264,22.0,26.83,9.0,10.98,0.707,0.0969999999999999,30.16,12.62,19.93,32.56,26.03,28.95,286.0,0.303,50.0,17.48,27.0,9.44,0.943,0.26799999999999996,20.45,9.07,18.4,27.47,22.2,15.67,448.0,0.274,99.0,22.1,38.0,8.48,0.77,0.1609999999999999,23.99,11.45,16.55,28.0,29.16,18.32
746290,2024-06-30,2024,680118,R,671106,L,strikeout,True,False,33.0,0.3,7.0,21.21,2.0,6.06,0.844,0.2,30.88,16.54,14.96,31.5,31.03,15.56,42.0,0.243,17.0,40.48,4.0,9.52,0.819,0.243,37.65,19.28,12.65,31.93,35.79,32.08,286.0,0.303,50.0,17.48,27.0,9.44,0.943,0.26799999999999996,20.45,9.07,18.4,27.47,22.2,15.67,448.0,0.274,99.0,22.1,38.0,8.48,0.77,0.1609999999999999,23.99,11.45,16.55,28.0,29.16,18.32
746290,2024-06-30,2024,672580,R,671106,L,field_out,False,False,67.0,0.254,4.0,5.97,3.0,4.48,0.748,0.20600000000000002,8.55,4.07,21.14,25.2,27.37,5.41,116.0,0.315,21.0,18.1,5.0,4.31,0.79,0.139,16.58,7.23,23.31,30.54,25.87,18.75,286.0,0.303,50.0,17.48,27.0,9.44,0.943,0.26799999999999996,20.45,9.07,18.4,27.47,22.2,15.67,448.0,0.274,99.0,22.1,38.0,8.48,0.77,0.1609999999999999,23.99,11.45,16.55,28.0,29.16,18.32
746290,2024-06-30,2024,677588,L,607625,R,strikeout,True,False,1.0,0.0,0.0,0.0,0.0,0.0,0.0,0.0,0.0,0.0,0.0,0.0,,,22.0,0.286,10.0,45.45,1.0,4.55,0.6990000000000001,0.095,34.15,15.38,18.68,34.07,20.45,30.3,225.0,0.217,52.0,23.11,17.0,7.56,0.597,0.093,22.25,9.62,20.74,30.36,24.88,20.47,307.0,0.252,76.0,24.76,18.0,5.86,0.744,0.192,23.65,10.83,18.63,29.46,24.83,19.69
746290,2024-06-30,2024,680757,L,607625,R,single,False,False,173.0,0.353,11.0,6.36,14.0,8.09,0.9869999999999999,0.21599999999999997,6.34,2.55,22.97,25.53,19.62,6.29,494.0,0.272,52.0,10.53,50.0,10.12,0.73,0.1119999999999999,10.22,4.19,22.03,26.23,20.67,8.84,225.0,0.217,52.0,23.11,17.0,7.56,0.597,0.093,22.25,9.62,20.74,30.36,24.88,20.47,307.0,0.252,76.0,24.76,18.0,5.86,0.744,0.192,23.65,10.83,18.63,29.46,24.83,19.69
746290,2024-06-30,2024,682177,L,607625,R,force_out,False,False,49.0,0.244,12.0,24.49,6.0,12.24,0.742,0.17099999999999999,24.14,11.05,14.74,25.79,18.18,26.67,,,,,,,,,,,,,,,225.0,0.217,52.0,23.11,17.0,7.56,0.597,0.093,22.25,9.62,20.74,30.36,24.88,20.47,307.0,0.252,76.0,24.76,18.0,5.86,0.744,0.192,23.65,10.83,18.63,29.46,24.83,19.69
746290,2024-06-30,2024,608070,L,607625,R,field_out,False,False,232.0,0.244,29.0,12.5,17.0,7.33,0.804,0.258,14.02,6.89,13.57,20.45,30.62,9.67,461.0,0.302,48.0,10.41,54.0,11.71,0.863,0.179,15.4,6.98,13.91,20.89,28.02,10.17,225.0,0.217,52.0,23.11,17.0,7.56,0.597,0.093,22.25,9.62,20.74,30.36,24.88,20.47,307.0,0.252,76.0,24.76,18.0,5.86,0.744,0.192,23.65,10.83,18.63,29.46,24.83,19.69
746290,2024-06-30,2024,677951,R,671106,L,single,False,False,57.0,0.296,9.0,15.79,2.0,3.51,0.7969999999999999,0.185,20.18,10.28,15.42,25.7,37.39,15.0,147.0,0.297,28.0,19.05,7.0,4.76,0.8620000000000001,0.232,24.92,13.58,12.91,26.49,35.1,14.07,286.0,0.303,50.0,17.48,27.0,9.44,0.943,0.26799999999999996,20.45,9.07,18.4,27.47,22.2,15.67,448.0,0.274,99.0,22.1,38.0,8.48,0.77,0.1609999999999999,23.99,11.45,16.55,28.0,29.16,18.32
746290,2024-06-30,2024,686469,L,671106,L,field_out,False,False,63.0,0.246,11.0,17.46,2.0,3.17,0.638,0.122,21.19,9.88,20.55,30.43,30.77,13.92,72.0,0.233,8.0,11.11,10.0,13.89,0.697,0.1169999999999999,25.44,10.86,18.35,29.21,25.19,14.29,61.0,0.255,14.0,22.95,4.0,6.56,0.819,0.236,28.7,13.08,16.03,29.11,25.38,19.18,90.0,0.205,20.0,22.22,10.0,11.11,0.649,0.141,23.86,11.35,14.32,25.68,24.44,18.87
746290,2024-06-30,2024,521692,R,671106,L,strikeout,True,False,74.0,0.299,12.0,16.22,6.0,8.11,0.798,0.134,30.82,17.72,10.63,28.35,45.67,17.14,146.0,0.227,35.0,23.97,8.0,5.48,0.6659999999999999,0.144,28.96,17.6,9.44,27.04,51.15,18.82,286.0,0.303,50.0,17.48,27.0,9.44,0.943,0.26799999999999996,20.45,9.07,18.4,27.47,22.2,15.67,448.0,0.274,99.0,22.1,38.0,8.48,0.77,0.1609999999999999,23.99,11.45,16.55,28.0,29.16,18.32
746290,2024-06-30,2024,592669,R,671106,L,field_out,False,False,61.0,0.196,11.0,18.03,5.0,8.2,0.619,0.16099999999999998,22.02,10.96,17.81,28.77,35.14,16.67,140.0,0.244,34.0,24.29,9.0,6.43,0.6859999999999999,0.142,21.48,10.53,16.33,26.86,32.76,20.36,286.0,0.303,50.0,17.48,27.0,9.44,0.943,0.26799999999999996,20.45,9.07,18.4,27.47,22.2,15.67,448.0,0.274,99.0,22.1,38.0,8.48,0.77,0.1609999999999999,23.99,11.45,16.55,28.0,29.16,18.32
746290,2024-06-30,2024,647304,L,607625,R,field_out,False,False,222.0,0.249,34.0,15.32,23.0,10.36,0.8460000000000001,0.264,20.38,10.53,10.29,20.82,33.1,15.38,348.0,0.311,53.0,15.23,25.0,7.18,0.851,0.184,21.29,11.96,9.18,21.15,41.36,16.99,225.0,0.217,52.0,23.11,17.0,7.56,0.597,0.093,22.25,9.62,20.74,30.36,24.88,20.47,307.0,0.252,76.0,24.76,18.0,5.86,0.744,0.192,23.65,10.83,18.63,29.46,24.83,19.69
746290,2024-06-30,2024,678877,R,607625,R,field_out,False,False,6.0,0.333,2.0,33.33,0.0,0.0,1.333,0.667,41.67,29.41,11.76,41.18,66.67,66.67,,,,,,,,,,,,,,,217.0,0.224,43.0,19.82,9.0,4.15,0.633,0.144,21.94,10.27,18.34,28.61,28.0,21.39,297.0,0.245,64.0,21.55,18.0,6.06,0.6719999999999999,0.134,20.04,9.36,18.89,28.25,27.02,20.13
746290,2024-06-30,2024,665926,L,607625,R,strikeout,True,False,227.0,0.243,33.0,14.54,14.0,6.17,0.653,0.09900000000000003,24.48,13.33,12.54,25.88,35.54,11.76,419.0,0.243,86.0,20.53,24.0,5.73,0.712,0.162,26.46,14.29,12.8,27.09,38.97,17.27,225.0,0.217,52.0,23.11,17.0,7.56,0.597,0.093,22.25,9.62,20.74,30.36,24.88,20.47,307.0,0.252,76.0,24.76,18.0,5.86,0.744,0.192,23.65,10.83,18.63,29.46,24.83,19.69
746290,2024-06-30,2024,679845,R,671106,L,field_out,False,False,29.0,0.348,3.0,10.34,4.0,13.79,0.9259999999999999,0.13,10.42,4.46,16.07,20.54,22.95,8.11,24.0,0.421,5.0,20.83,3.0,12.5,1.079,0.1579999999999999,24.32,10.71,14.29,25.0,18.18,26.32,286.0,0.303,50.0,17.48,27.0,9.44,0.943,0.26799999999999996,20.45,9.07,18.4,27.47,22.2,15.67,448.0,0.274,99.0,22.1,38.0,8.48,0.77,0.1609999999999999,23.99,11.45,16.55,28.0,29.16,18.32
746290,2024-06-30,2024,666023,R,671106,L,strikeout,True,False,47.0,0.341,7.0,14.89,3.0,6.38,0.8380000000000001,0.11399999999999999,29.47,15.91,13.07,28.98,33.33,12.5,66.0,0.262,14.0,21.21,4.0,6.06,0.777,0.197,25.18,13.78,11.42,25.2,29.37,17.28,286.0,0.303,50.0,17.48,27.0,9.44,0.943,0.26799999999999996,20.45,9.07,18.4,27.47,22.2,15.67,448.0,0.274,99.0,22.1,38.0,8.48,0.77,0.1609999999999999,23.99,11.45,16.55,28.0,29.16,18.32
746290,2024-06-30,2024,641658,R,671106,L,field_out,False,False,60.0,0.259,16.0,26.67,5.0,8.33,0.692,0.11099999999999999,23.08,10.96,15.98,26.94,21.65,29.09,82.0,0.264,22.0,26.83,9.0,10.98,0.707,0.0969999999999999,30.16,12.62,19.93,32.56,26.03,28.95,286.0,0.303,50.0,17.48,27.0,9.44,0.943,0.26799999999999996,20.45,9.07,18.4,27.47,22.2,15.67,448.0,0.274,99.0,22.1,38.0,8.48,0.77,0.1609999999999999,23.99,11.45,16.55,28.0,29.16,18.32
746290,2024-06-30,2024,666310,L,607625,R,single,False,False,152.0,0.188,52.0,34.21,12.0,7.89,0.5609999999999999,0.11599999999999999,29.57,13.82,18.01,31.83,26.8,23.26,180.0,0.243,40.0,22.22,26.0,14.44,0.852,0.257,22.79,10.11,14.03,24.15,23.6,16.67,225.0,0.217,52.0,23.11,17.0,7.56,0.597,0.093,22.25,9.62,20.74,30.36,24.88,20.47,307.0,0.252,76.0,24.76,18.0,5.86,0.744,0.192,23.65,10.83,18.63,29.46,24.83,19.69
746290,2024-06-30,2024,677587,L,607625,R,strikeout,True,False,169.0,0.224,27.0,15.98,20.0,11.83,0.634,0.07699999999999999,21.07,9.78,15.18,24.96,28.61,12.56,53.0,0.3,12.0,22.64,2.0,3.77,0.7010000000000001,0.08,28.07,15.31,15.79,31.1,41.59,17.39,225.0,0.217,52.0,23.11,17.0,7.56,0.597,0.093,22.25,9.62,20.74,30.36,24.88,20.47,307.0,0.252,76.0,24.76,18.0,5.86,0.744,0.192,23.65,10.83,18.63,29.46,24.83,19.69
746290,2024-06-30,2024,677588,L,607625,R,strikeout,True,False,1.0,0.0,0.0,0.0,0.0,0.0,0.0,0.0,0.0,0.0,0.0,0.0,,,22.0,0.286,10.0,45.45,1.0,4.55,0.6990000000000001,0.095,34.15,15.38,18.68,34.07,20.45,30.3,225.0,0.217,52.0,23.11,17.0,7.56,0.597,0.093,22.25,9.62,20.74,30.36,24.88,20.47,307.0,0.252,76.0,24.76,18.0,5.86,0.744,0.192,23.65,10.83,18.63,29.46,24.83,19.69
746290,2024-06-30,2024,680757,L,607625,R,field_out,False,False,173.0,0.353,11.0,6.36,14.0,8.09,0.9869999999999999,0.21599999999999997,6.34,2.55,22.97,25.53,19.62,6.29,494.0,0.272,52.0,10.53,50.0,10.12,0.73,0.1119999999999999,10.22,4.19,22.03,26.23,20.67,8.84,225.0,0.217,52.0,23.11,17.0,7.56,0.597,0.093,22.25,9.62,20.74,30.36,24.88,20.47,307.0,0.252,76.0,24.76,18.0,5.86,0.744,0.192,23.65,10.83,18.63,29.46,24.83,19.69
746290,2024-06-30,2024,680118,R,671106,L,single,False,False,33.0,0.3,7.0,21.21,2.0,6.06,0.844,0.2,30.88,16.54,14.96,31.5,31.03,15.56,42.0,0.243,17.0,40.48,4.0,9.52,0.819,0.243,37.65,19.28,12.65,31.93,35.79,32.08,286.0,0.303,50.0,17.48,27.0,9.44,0.943,0.26799999999999996,20.45,9.07,18.4,27.47,22.2,15.67,448.0,0.274,99.0,22.1,38.0,8.48,0.77,0.1609999999999999,23.99,11.45,16.55,28.0,29.16,18.32
746290,2024-06-30,2024,672580,R,671106,L,sac_bunt,False,False,67.0,0.254,4.0,5.97,3.0,4.48,0.748,0.20600000000000002,8.55,4.07,21.14,25.2,27.37,5.41,116.0,0.315,21.0,18.1,5.0,4.31,0.79,0.139,16.58,7.23,23.31,30.54,25.87,18.75,286.0,0.303,50.0,17.48,27.0,9.44,0.943,0.26799999999999996,20.45,9.07,18.4,27.47,22.2,15.67,448.0,0.274,99.0,22.1,38.0,8.48,0.77,0.1609999999999999,23.99,11.45,16.55,28.0,29.16,18.32
746290,2024-06-30,2024,677951,R,669212,R,triple,False,False,316.0,0.309,54.0,17.09,25.0,7.91,0.9,0.22400000000000003,23.6,11.63,14.64,26.28,29.69,17.25,547.0,0.27,93.0,17.0,33.0,6.03,0.8,0.2149999999999999,22.15,10.87,15.53,26.4,29.62,14.44,24.0,0.1,3.0,12.5,3.0,12.5,0.317,0.0,29.79,14.29,14.29,28.57,29.63,10.0,163.0,0.314,39.0,23.93,10.0,6.13,0.846,0.176,26.73,14.24,14.08,28.32,34.55,20.42
746290,2024-06-30,2024,686469,L,669212,R,single,False,False,270.0,0.239,34.0,12.59,30.0,11.11,0.775,0.20900000000000002,13.66,6.03,16.14,22.17,26.51,12.14,188.0,0.251,23.0,12.23,15.0,7.98,0.784,0.217,14.85,7.02,17.48,24.5,34.8,10.0,21.0,0.316,4.0,19.05,2.0,9.52,0.855,0.15799999999999997,23.08,11.54,16.67,28.21,34.29,18.18,136.0,0.208,36.0,26.47,14.0,10.29,0.611,0.109,29.97,14.85,14.68,29.53,32.88,18.0
746290,2024-06-30,2024,521692,R,669212,R,strikeout,True,False,257.0,0.277,48.0,18.68,19.0,7.39,0.824,0.19899999999999995,26.03,14.91,9.66,24.57,43.94,16.0,437.0,0.264,100.0,22.88,11.0,2.52,0.73,0.174,30.72,18.16,9.73,27.89,45.56,22.08,24.0,0.1,3.0,12.5,3.0,12.5,0.317,0.0,29.79,14.29,14.29,28.57,29.63,10.0,163.0,0.314,39.0,23.93,10.0,6.13,0.846,0.176,26.73,14.24,14.08,28.32,34.55,20.42
746290,2024-06-30,2024,592669,R,669212,R,field_out,False,False,154.0,0.219,29.0,18.83,16.0,10.39,0.706,0.18200000000000002,24.22,9.87,21.02,30.89,23.91,15.85,408.0,0.229,91.0,22.3,35.0,8.58,0.723,0.1969999999999999,28.12,14.44,14.12,28.56,33.7,19.12,24.0,0.1,3.0,12.5,3.0,12.5,0.317,0.0,29.79,14.29,14.29,28.57,29.63,10.0,163.0,0.314,39.0,23.93,10.0,6.13,0.846,0.176,26.73,14.24,14.08,28.32,34.55,20.42
746290,2024-06-30,2024,682177,L,607625,R,strikeout,True,False,49.0,0.244,12.0,24.49,6.0,12.24,0.742,0.17099999999999999,24.14,11.05,14.74,25.79,18.18,26.67,,,,,,,,,,,,,,,225.0,0.217,52.0,23.11,17.0,7.56,0.597,0.093,22.25,9.62,20.74,30.36,24.88,20.47,307.0,0.252,76.0,24.76,18.0,5.86,0.744,0.192,23.65,10.83,18.63,29.46,24.83,19.69
746290,2024-06-30,2024,608070,L,607625,R,field_out,False,False,232.0,0.244,29.0,12.5,17.0,7.33,0.804,0.258,14.02,6.89,13.57,20.45,30.62,9.67,461.0,0.302,48.0,10.41,54.0,11.71,0.863,0.179,15.4,6.98,13.91,20.89,28.02,10.17,225.0,0.217,52.0,23.11,17.0,7.56,0.597,0.093,22.25,9.62,20.74,30.36,24.88,20.47,307.0,0.252,76.0,24.76,18.0,5.86,0.744,0.192,23.65,10.83,18.63,29.46,24.83,19.69
746290,2024-06-30,2024,647304,L,607625,R,single,False,False,222.0,0.249,34.0,15.32,23.0,10.36,0.8460000000000001,0.264,20.38,10.53,10.29,20.82,33.1,15.38,348.0,0.311,53.0,15.23,25.0,7.18,0.851,0.184,21.29,11.96,9.18,21.15,41.36,16.99,225.0,0.217,52.0,23.11,17.0,7.56,0.597,0.093,22.25,9.62,20.74,30.36,24.88,20.47,307.0,0.252,76.0,24.76,18.0,5.86,0.744,0.192,23.65,10.83,18.63,29.46,24.83,19.69
746290,2024-06-30,2024,678877,R,607625,R,strikeout,True,False,6.0,0.333,2.0,33.33,0.0,0.0,1.333,0.667,41.67,29.41,11.76,41.18,66.67,66.67,,,,,,,,,,,,,,,217.0,0.224,43.0,19.82,9.0,4.15,0.633,0.144,21.94,10.27,18.34,28.61,28.0,21.39,297.0,0.245,64.0,21.55,18.0,6.06,0.6719999999999999,0.134,20.04,9.36,18.89,28.25,27.02,20.13
746290,2024-06-30,2024,679845,R,682120,L,walk,False,True,29.0,0.348,3.0,10.34,4.0,13.79,0.9259999999999999,0.13,10.42,4.46,16.07,20.54,22.95,8.11,24.0,0.421,5.0,20.83,3.0,12.5,1.079,0.1579999999999999,24.32,10.71,14.29,25.0,18.18,26.32,76.0,0.209,17.0,22.37,9.0,11.84,0.587,0.07499999999999998,27.78,12.54,19.44,31.97,33.15,16.04,74.0,0.308,18.0,24.32,6.0,8.11,0.8240000000000001,0.138,23.87,11.9,13.5,25.4,29.11,18.09
746290,2024-06-30,2024,666023,R,682120,L,walk,False,True,47.0,0.341,7.0,14.89,3.0,6.38,0.8380000000000001,0.11399999999999999,29.47,15.91,13.07,28.98,33.33,12.5,66.0,0.262,14.0,21.21,4.0,6.06,0.777,0.197,25.18,13.78,11.42,25.2,29.37,17.28,76.0,0.209,17.0,22.37,9.0,11.84,0.587,0.07499999999999998,27.78,12.54,19.44,31.97,33.15,16.04,74.0,0.308,18.0,24.32,6.0,8.11,0.8240000000000001,0.138,23.87,11.9,13.5,25.4,29.11,18.09
746290,2024-06-30,2024,641658,R,682120,L,force_out,False,False,60.0,0.259,16.0,26.67,5.0,8.33,0.692,0.11099999999999999,23.08,10.96,15.98,26.94,21.65,29.09,82.0,0.264,22.0,26.83,9.0,10.98,0.707,0.0969999999999999,30.16,12.62,19.93,32.56,26.03,28.95,76.0,0.209,17.0,22.37,9.0,11.84,0.587,0.07499999999999998,27.78,12.54,19.44,31.97,33.15,16.04,74.0,0.308,18.0,24.32,6.0,8.11,0.8240000000000001,0.138,23.87,11.9,13.5,25.4,29.11,18.09
746290,2024-06-30,2024,680118,R,682120,L,field_out,False,False,33.0,0.3,7.0,21.21,2.0,6.06,0.844,0.2,30.88,16.54,14.96,31.5,31.03,15.56,42.0,0.243,17.0,40.48,4.0,9.52,0.819,0.243,37.65,19.28,12.65,31.93,35.79,32.08,76.0,0.209,17.0,22.37,9.0,11.84,0.587,0.07499999999999998,27.78,12.54,19.44,31.97,33.15,16.04,74.0,0.308,18.0,24.32,6.0,8.11,0.8240000000000001,0.138,23.87,11.9,13.5,25.4,29.11,18.09
746290,2024-06-30,2024,672580,R,658648,R,field_out,False,False,305.0,0.227,58.0,19.02,23.0,7.54,0.601,0.09,18.45,8.04,20.42,28.46,21.38,17.31,400.0,0.258,94.0,23.5,33.0,8.25,0.648,0.071,20.3,8.71,19.59,28.3,19.12,19.96,106.0,0.255,25.0,23.58,9.0,8.49,0.769,0.181,26.74,13.26,14.59,27.85,31.28,23.36,125.0,0.262,35.0,28.0,11.0,8.8,0.743,0.131,34.03,16.36,15.35,31.72,30.53,20.0
746290,2024-06-30,2024,665926,L,519293,L,field_out,False,False,102.0,0.263,12.0,11.76,1.0,0.98,0.651,0.08399999999999996,19.27,10.77,14.36,25.13,37.02,9.76,197.0,0.268,26.0,13.2,8.0,4.06,0.7130000000000001,0.1169999999999999,23.63,12.79,15.07,27.86,41.69,11.02,43.0,0.171,10.0,23.26,1.0,2.33,0.381,0.023999999999999994,28.57,13.41,18.29,31.71,31.33,22.22,66.0,0.177,19.0,28.79,4.0,6.06,0.453,0.049,34.85,17.97,15.23,33.2,37.14,21.95
746290,2024-06-30,2024,666310,L,519293,L,field_out,False,False,41.0,0.216,15.0,36.59,4.0,9.76,0.671,0.162,30.26,14.29,18.63,32.92,30.26,32.61,51.0,0.217,13.0,25.49,4.0,7.84,0.6639999999999999,0.153,18.18,7.96,17.26,25.22,25.23,18.84,43.0,0.171,10.0,23.26,1.0,2.33,0.381,0.023999999999999994,28.57,13.41,18.29,31.71,31.33,22.22,66.0,0.177,19.0,28.79,4.0,6.06,0.453,0.049,34.85,17.97,15.23,33.2,37.14,21.95
746290,2024-06-30,2024,681807,R,519293,L,field_out,False,False,97.0,0.329,21.0,21.65,22.0,22.68,1.134,0.3,27.71,11.39,14.6,25.99,17.92,18.92,51.0,0.227,11.0,21.57,5.0,9.8,0.742,0.1819999999999999,25.66,14.43,11.94,26.37,40.95,15.07,69.0,0.322,7.0,10.14,8.0,11.59,0.937,0.203,24.53,10.92,14.71,25.63,23.48,14.58,161.0,0.224,36.0,22.36,13.0,8.07,0.683,0.171,26.4,12.8,16.48,29.28,32.28,20.34
746290,2024-06-30,2024,677951,R,658648,R,field_out,False,False,316.0,0.309,54.0,17.09,25.0,7.91,0.9,0.22400000000000003,23.6,11.63,14.64,26.28,29.69,17.25,547.0,0.27,93.0,17.0,33.0,6.03,0.8,0.2149999999999999,22.15,10.87,15.53,26.4,29.62,14.44,106.0,0.255,25.0,23.58,9.0,8.49,0.769,0.181,26.74,13.26,14.59,27.85,31.28,23.36,125.0,0.262,35.0,28.0,11.0,8.8,0.743,0.131,34.03,16.36,15.35,31.72,30.53,20.0
746290,2024-06-30,2024,686469,L,658648,R,single,False,False,270.0,0.239,34.0,12.59,30.0,11.11,0.775,0.20900000000000002,13.66,6.03,16.14,22.17,26.51,12.14,188.0,0.251,23.0,12.23,15.0,7.98,0.784,0.217,14.85,7.02,17.48,24.5,34.8,10.0,70.0,0.158,18.0,25.71,10.0,14.29,0.534,0.10500000000000001,26.27,10.65,17.87,28.52,24.26,22.22,96.0,0.188,19.0,19.79,14.0,14.58,0.5780000000000001,0.074,21.64,9.25,15.0,24.25,24.89,16.1
746290,2024-06-30,2024,521692,R,658648,R,home_run,False,False,257.0,0.277,48.0,18.68,19.0,7.39,0.824,0.19899999999999995,26.03,14.91,9.66,24.57,43.94,16.0,437.0,0.264,100.0,22.88,11.0,2.52,0.73,0.174,30.72,18.16,9.73,27.89,45.56,22.08,106.0,0.255,25.0,23.58,9.0,8.49,0.769,0.181,26.74,13.26,14.59,27.85,31.28,23.36,125.0,0.262,35.0,28.0,11.0,8.8,0.743,0.131,34.03,16.36,15.35,31.72,30.53,20.0
746290,2024-06-30,2024,592669,R,658648,R,double,False,False,154.0,0.219,29.0,18.83,16.0,10.39,0.706,0.18200000000000002,24.22,9.87,21.02,30.89,23.91,15.85,408.0,0.229,91.0,22.3,35.0,8.58,0.723,0.1969999999999999,28.12,14.44,14.12,28.56,33.7,19.12,106.0,0.255,25.0,23.58,9.0,8.49,0.769,0.181,26.74,13.26,14.59,27.85,31.28,23.36,125.0,0.262,35.0,28.0,11.0,8.8,0.743,0.131,34.03,16.36,15.35,31.72,30.53,20.0
746290,2024-06-30,2024,679845,R,658648,R,strikeout,True,False,100.0,0.176,17.0,17.0,13.0,13.0,0.495,0.036000000000000004,19.33,7.95,17.81,25.75,18.52,17.53,44.0,0.279,7.0,15.91,1.0,2.27,0.667,0.0929999999999999,20.0,9.64,16.87,26.51,25.61,14.29,106.0,0.255,25.0,23.58,9.0,8.49,0.769,0.181,26.74,13.26,14.59,27.85,31.28,23.36,125.0,0.262,35.0,28.0,11.0,8.8,0.743,0.131,34.03,16.36,15.35,31.72,30.53,20.0
746290,2024-06-30,2024,666023,R,658648,R,field_out,False,False,110.0,0.265,22.0,20.0,7.0,6.36,0.721,0.14699999999999996,24.89,12.93,14.55,27.48,32.57,15.71,169.0,0.288,36.0,21.3,9.0,5.33,0.785,0.174,23.9,13.04,10.79,23.84,30.17,16.22,106.0,0.255,25.0,23.58,9.0,8.49,0.769,0.181,26.74,13.26,14.59,27.85,31.28,23.36,125.0,0.262,35.0,28.0,11.0,8.8,0.743,0.131,34.03,16.36,15.35,31.72,30.53,20.0
746290,2024-06-30,2024,672356,R,669674,L,strikeout,True,False,62.0,0.271,20.0,32.26,3.0,4.84,0.73,0.15299999999999997,40.46,24.42,10.14,34.56,38.0,31.75,119.0,0.083,54.0,45.38,10.0,8.4,0.316,0.0649999999999999,44.4,24.39,12.09,36.48,34.85,30.51,30.0,0.208,8.0,26.67,4.0,13.33,0.602,0.08399999999999999,35.56,14.29,18.75,33.04,23.81,34.78,123.0,0.288,20.0,16.26,11.0,8.94,0.8,0.162,19.48,9.34,15.35,24.69,32.23,13.79
746290,2024-06-30,2024,680757,L,669674,L,strikeout,True,False,77.0,0.408,7.0,9.09,6.0,7.79,0.9339999999999999,0.07100000000000001,5.08,1.95,22.08,24.03,15.49,9.33,224.0,0.26,23.0,10.27,20.0,8.93,0.667,0.08,13.41,5.5,21.44,26.95,22.3,10.5,25.0,0.136,7.0,28.0,3.0,12.0,0.513,0.137,31.25,15.46,12.37,27.84,29.41,25.0,76.0,0.27,12.0,15.79,10.0,13.16,0.786,0.1429999999999999,20.98,9.84,17.05,26.89,26.75,11.65
746290,2024-06-30,2024,682177,L,669674,L,single,False,False,16.0,0.308,6.0,37.5,3.0,18.75,1.13,0.38399999999999995,31.58,15.38,12.82,28.21,26.32,16.67,,,,,,,,,,,,,,,25.0,0.136,7.0,28.0,3.0,12.0,0.513,0.137,31.25,15.46,12.37,27.84,29.41,25.0,76.0,0.27,12.0,15.79,10.0,13.16,0.786,0.1429999999999999,20.98,9.84,17.05,26.89,26.75,11.65
746290,2024-06-30,2024,608070,R,669674,L,double,False,False,110.0,0.356,14.0,12.73,8.0,7.27,1.073,0.31700000000000006,19.71,9.93,15.01,24.94,34.15,14.0,230.0,0.243,25.0,10.87,19.0,8.26,0.766,0.219,16.06,7.21,15.81,23.02,28.33,12.18,30.0,0.208,8.0,26.67,4.0,13.33,0.602,0.08399999999999999,35.56,14.29,18.75,33.04,23.81,34.78,123.0,0.288,20.0,16.26,11.0,8.94,0.8,0.162,19.48,9.34,15.35,24.69,32.23,13.79
746290,2024-06-30,2024,647304,L,669674,L,single,False,False,102.0,0.217,26.0,25.49,7.0,6.86,0.754,0.25,30.18,14.87,12.83,27.7,35.75,31.33,148.0,0.299,15.0,10.14,8.0,5.41,0.821,0.175,16.23,8.67,12.1,20.77,35.38,11.03,25.0,0.136,7.0,28.0,3.0,12.0,0.513,0.137,31.25,15.46,12.37,27.84,29.41,25.0,76.0,0.27,12.0,15.79,10.0,13.16,0.786,0.1429999999999999,20.98,9.84,17.05,26.89,26.75,11.65
746290,2024-06-30,2024,678877,R,669674,L,strikeout,True,False,4.0,0.333,2.0,50.0,1.0,25.0,1.833,1.0,25.0,11.11,22.22,33.33,20.0,22.22,,,,,,,,,,,,,,,30.0,0.208,8.0,26.67,4.0,13.33,0.602,0.08399999999999999,35.56,14.29,18.75,33.04,23.81,34.78,123.0,0.288,20.0,16.26,11.0,8.94,0.8,0.162,19.48,9.34,15.35,24.69,32.23,13.79
746290,2024-06-30,2024,641658,R,661403,R,field_out,False,False,58.0,0.291,19.0,32.76,2.0,3.45,0.643,0.03600000000000003,25.0,12.33,18.5,30.84,25.74,25.33,170.0,0.282,45.0,26.47,14.0,8.24,0.74,0.107,24.75,10.81,20.44,31.26,25.39,22.06,66.0,0.23,17.0,25.76,2.0,3.03,0.5840000000000001,0.08099999999999999,27.97,15.04,13.16,28.2,29.46,19.1,151.0,0.232,22.0,14.57,6.0,3.97,0.5980000000000001,0.106,27.57,16.05,13.35,29.4,33.82,15.38
746290,2024-06-30,2024,680118,R,661403,R,field_out,False,False,48.0,0.19,14.0,29.17,3.0,6.25,0.451,0.0,34.12,16.48,14.77,31.25,34.69,22.03,97.0,0.264,16.0,16.49,6.0,6.19,0.756,0.173,25.15,12.46,15.65,28.12,25.62,16.33,66.0,0.23,17.0,25.76,2.0,3.03,0.5840000000000001,0.08099999999999999,27.97,15.04,13.16,28.2,29.46,19.1,151.0,0.232,22.0,14.57,6.0,3.97,0.5980000000000001,0.106,27.57,16.05,13.35,29.4,33.82,15.38
746290,2024-06-30,2024,672580,R,661403,R,field_out,False,False,305.0,0.227,58.0,19.02,23.0,7.54,0.601,0.09,18.45,8.04,20.42,28.46,21.38,17.31,400.0,0.258,94.0,23.5,33.0,8.25,0.648,0.071,20.3,8.71,19.59,28.3,19.12,19.96,66.0,0.23,17.0,25.76,2.0,3.03,0.5840000000000001,0.08099999999999999,27.97,15.04,13.16,28.2,29.46,19.1,151.0,0.232,22.0,14.57,6.0,3.97,0.5980000000000001,0.106,27.57,16.05,13.35,29.4,33.82,15.38
746290,2024-06-30,2024,665926,L,663704,R,field_out,False,False,227.0,0.243,33.0,14.54,14.0,6.17,0.653,0.09900000000000003,24.48,13.33,12.54,25.88,35.54,11.76,419.0,0.243,86.0,20.53,24.0,5.73,0.712,0.162,26.46,14.29,12.8,27.09,38.97,17.27,65.0,0.29,15.0,23.08,1.0,1.54,0.742,0.129,28.21,14.16,21.03,35.19,32.43,23.81,38.0,0.257,10.0,26.32,1.0,2.63,0.8599999999999999,0.3139999999999999,22.37,10.69,20.75,31.45,29.17,20.0
746290,2024-06-30,2024,666310,L,663704,R,single,False,False,152.0,0.188,52.0,34.21,12.0,7.89,0.5609999999999999,0.11599999999999999,29.57,13.82,18.01,31.83,26.8,23.26,180.0,0.243,40.0,22.22,26.0,14.44,0.852,0.257,22.79,10.11,14.03,24.15,23.6,16.67,65.0,0.29,15.0,23.08,1.0,1.54,0.742,0.129,28.21,14.16,21.03,35.19,32.43,23.81,38.0,0.257,10.0,26.32,1.0,2.63,0.8599999999999999,0.3139999999999999,22.37,10.69,20.75,31.45,29.17,20.0
746290,2024-06-30,2024,671289,R,663704,R,grounded_into_double_play,False,False,199.0,0.22,29.0,14.57,13.0,6.53,0.63,0.10400000000000001,15.71,7.37,19.41,26.77,29.89,15.68,89.0,0.266,17.0,19.1,6.0,6.74,0.656,0.076,20.13,9.22,18.73,27.95,29.94,17.0,74.0,0.284,12.0,16.22,6.0,8.11,0.805,0.17900000000000005,30.47,13.98,17.2,31.18,28.86,15.38,52.0,0.22,13.0,25.0,1.0,1.92,0.531,0.0799999999999999,27.06,12.64,23.08,35.71,30.59,28.26
745072,2024-06-30,2024,682928,L,671737,R,strikeout,True,False,238.0,0.267,42.0,17.65,18.0,7.56,0.841,0.238,22.69,12.23,13.25,25.48,38.68,15.22,446.0,0.274,78.0,17.49,24.0,5.38,0.786,0.19,21.76,11.82,12.69,24.5,35.86,16.63,112.0,0.235,37.0,33.04,9.0,8.04,0.745,0.20600000000000002,29.49,15.3,12.64,27.94,30.53,27.21,230.0,0.227,75.0,32.61,20.0,8.7,0.677,0.159,29.2,13.82,16.1,29.92,24.77,27.17
745072,2024-06-30,2024,657041,R,671737,R,field_out,False,False,168.0,0.212,41.0,24.4,14.0,8.33,0.645,0.159,21.59,8.77,22.15,30.92,19.75,21.03,490.0,0.242,143.0,29.18,23.0,4.69,0.719,0.185,26.09,11.34,20.58,31.92,28.6,24.48,94.0,0.185,24.0,25.53,9.0,9.57,0.631,0.185,26.42,13.21,12.95,26.17,27.64,19.05,230.0,0.282,54.0,23.48,19.0,8.26,0.946,0.321,21.36,11.52,13.29,24.81,30.0,18.12
745072,2024-06-30,2024,608385,L,671737,R,walk,False,True,220.0,0.265,46.0,20.91,31.0,14.09,0.821,0.17099999999999999,20.97,8.83,16.79,25.62,17.55,15.33,184.0,0.2,46.0,25.0,24.0,13.04,0.5660000000000001,0.0449999999999999,25.91,11.04,17.01,28.05,20.4,17.9,112.0,0.235,37.0,33.04,9.0,8.04,0.745,0.20600000000000002,29.49,15.3,12.64,27.94,30.53,27.21,230.0,0.227,75.0,32.61,20.0,8.7,0.677,0.159,29.2,13.82,16.1,29.92,24.77,27.17
745072,2024-06-30,2024,623912,R,671737,R,strikeout,True,False,120.0,0.252,24.0,20.0,3.0,2.5,0.571,0.043999999999999984,32.28,18.94,13.16,32.1,45.89,19.2,310.0,0.281,58.0,18.71,18.0,5.81,0.749,0.1389999999999999,29.58,16.59,12.26,28.85,43.77,18.01,94.0,0.185,24.0,25.53,9.0,9.57,0.631,0.185,26.42,13.21,12.95,26.17,27.64,19.05,230.0,0.282,54.0,23.48,19.0,8.26,0.946,0.321,21.36,11.52,13.29,24.81,30.0,18.12
745072,2024-06-30,2024,650490,R,571578,L,strikeout,True,False,86.0,0.304,8.0,9.3,5.0,5.81,0.742,0.10100000000000003,9.87,4.63,15.43,20.06,21.57,10.26,139.0,0.355,22.0,15.83,16.0,11.51,1.101,0.314,16.87,7.31,16.22,23.53,19.53,13.75,303.0,0.303,43.0,14.19,23.0,7.59,0.878,0.21700000000000003,19.43,9.4,14.6,24.0,28.05,14.73,650.0,0.301,100.0,15.38,47.0,7.23,0.851,0.2,20.83,9.45,15.49,24.94,26.53,15.87
745072,2024-06-30,2024,668227,R,571578,L,field_out,False,False,80.0,0.172,15.0,18.75,14.0,17.5,0.688,0.187,27.34,10.54,18.67,29.22,17.68,17.86,138.0,0.254,37.0,26.81,18.0,13.04,0.8280000000000001,0.212,26.44,11.46,18.11,29.57,29.32,19.68,303.0,0.303,43.0,14.19,23.0,7.59,0.878,0.21700000000000003,19.43,9.4,14.6,24.0,28.05,14.73,650.0,0.301,100.0,15.38,47.0,7.23,0.851,0.2,20.83,9.45,15.49,24.94,26.53,15.87
745072,2024-06-30,2024,642708,R,571578,L,field_out,False,False,76.0,0.301,12.0,15.79,2.0,2.63,0.754,0.137,26.9,14.72,15.47,30.19,37.59,16.9,193.0,0.282,27.0,13.99,11.0,5.7,0.768,0.16,18.35,9.79,15.18,24.96,39.07,12.33,303.0,0.303,43.0,14.19,23.0,7.59,0.878,0.21700000000000003,19.43,9.4,14.6,24.0,28.05,14.73,650.0,0.301,100.0,15.38,47.0,7.23,0.851,0.2,20.83,9.45,15.49,24.94,26.53,15.87
745072,2024-06-30,2024,671277,L,671737,R,strikeout,True,False,222.0,0.282,33.0,14.86,9.0,4.05,0.743,0.15000000000000002,20.88,10.86,15.33,26.18,35.73,14.67,355.0,0.268,44.0,12.39,23.0,6.48,0.6950000000000001,0.1129999999999999,17.54,8.86,13.52,22.38,31.84,12.54,112.0,0.235,37.0,33.04,9.0,8.04,0.745,0.20600000000000002,29.49,15.3,12.64,27.94,30.53,27.21,230.0,0.227,75.0,32.61,20.0,8.7,0.677,0.159,29.2,13.82,16.1,29.92,24.77,27.17
745072,2024-06-30,2024,608841,R,671737,R,strikeout,True,False,208.0,0.255,35.0,16.83,15.0,7.21,0.649,0.08200000000000002,21.07,10.45,14.15,24.6,28.0,16.75,471.0,0.268,97.0,20.59,28.0,5.94,0.7030000000000001,0.12,23.85,11.18,18.94,30.12,30.48,17.38,94.0,0.185,24.0,25.53,9.0,9.57,0.631,0.185,26.42,13.21,12.95,26.17,27.64,19.05,230.0,0.282,54.0,23.48,19.0,8.26,0.946,0.321,21.36,11.52,13.29,24.81,30.0,18.12
745072,2024-06-30,2024,545121,L,671737,R,strikeout,True,False,99.0,0.244,7.0,7.07,9.0,9.09,0.614,0.061,11.64,4.9,21.9,26.8,25.71,8.97,179.0,0.226,11.0,6.15,15.0,8.38,0.58,0.0629999999999999,13.38,5.9,20.34,26.24,25.61,7.28,112.0,0.235,37.0,33.04,9.0,8.04,0.745,0.20600000000000002,29.49,15.3,12.64,27.94,30.53,27.21,230.0,0.227,75.0,32.61,20.0,8.7,0.677,0.159,29.2,13.82,16.1,29.92,24.77,27.17
745072,2024-06-30,2024,670623,R,571578,L,home_run,False,False,79.0,0.268,15.0,18.99,7.0,8.86,0.722,0.11199999999999999,20.71,8.87,23.24,32.11,29.14,14.29,136.0,0.259,22.0,16.18,15.0,11.03,0.773,0.146,17.06,7.6,18.37,25.97,26.71,12.64,303.0,0.303,43.0,14.19,23.0,7.59,0.878,0.21700000000000003,19.43,9.4,14.6,24.0,28.05,14.73,650.0,0.301,100.0,15.38,47.0,7.23,0.851,0.2,20.83,9.45,15.49,24.94,26.53,15.87
745072,2024-06-30,2024,642350,R,571578,L,field_out,False,False,62.0,0.236,21.0,33.87,6.0,9.68,0.833,0.29100000000000004,40.29,20.51,12.45,32.97,30.0,21.88,93.0,0.198,37.0,39.78,4.0,4.3,0.647,0.2209999999999999,43.46,22.99,15.24,38.23,37.84,32.17,303.0,0.303,43.0,14.19,23.0,7.59,0.878,0.21700000000000003,19.43,9.4,14.6,24.0,28.05,14.73,650.0,0.301,100.0,15.38,47.0,7.23,0.851,0.2,20.83,9.45,15.49,24.94,26.53,15.87
745072,2024-06-30,2024,676356,R,571578,L,single,False,False,41.0,0.171,10.0,24.39,5.0,12.2,0.6180000000000001,0.17200000000000001,28.41,14.79,11.83,26.63,33.73,16.95,35.0,0.281,8.0,22.86,3.0,8.57,0.7490000000000001,0.125,27.78,15.15,13.64,28.79,41.67,17.78,303.0,0.303,43.0,14.19,23.0,7.59,0.878,0.21700000000000003,19.43,9.4,14.6,24.0,28.05,14.73,650.0,0.301,100.0,15.38,47.0,7.23,0.851,0.2,20.83,9.45,15.49,24.94,26.53,15.87
745072,2024-06-30,2024,676609,R,571578,L,home_run,False,False,55.0,0.286,22.0,40.0,2.0,3.64,0.789,0.16300000000000003,39.66,21.5,19.63,41.12,43.69,26.51,124.0,0.265,29.0,23.39,13.0,10.48,0.758,0.0979999999999999,21.43,9.88,19.38,29.26,31.78,17.26,303.0,0.303,43.0,14.19,23.0,7.59,0.878,0.21700000000000003,19.43,9.4,14.6,24.0,28.05,14.73,650.0,0.301,100.0,15.38,47.0,7.23,0.851,0.2,20.83,9.45,15.49,24.94,26.53,15.87
745072,2024-06-30,2024,670764,R,571578,L,single,False,False,16.0,0.188,9.0,56.25,0.0,0.0,0.438,0.062,46.43,18.57,24.29,42.86,25.0,34.62,92.0,0.262,23.0,25.0,11.0,11.96,0.7769999999999999,0.1629999999999999,29.38,13.09,17.27,30.36,20.23,24.21,303.0,0.303,43.0,14.19,23.0,7.59,0.878,0.21700000000000003,19.43,9.4,14.6,24.0,28.05,14.73,650.0,0.301,100.0,15.38,47.0,7.23,0.851,0.2,20.83,9.45,15.49,24.94,26.53,15.87
745072,2024-06-30,2024,656577,R,571578,L,strikeout_double_play,True,False,27.0,0.087,11.0,40.74,3.0,11.11,0.272,0.0,35.29,20.0,9.17,29.17,40.0,22.92,,,,,,,,,,,,,,,303.0,0.303,43.0,14.19,23.0,7.59,0.878,0.21700000000000003,19.43,9.4,14.6,24.0,28.05,14.73,650.0,0.301,100.0,15.38,47.0,7.23,0.851,0.2,20.83,9.45,15.49,24.94,26.53,15.87
745072,2024-06-30,2024,686452,L,671737,R,strikeout,True,False,21.0,0.235,2.0,9.52,2.0,9.52,0.7869999999999999,0.236,15.0,6.74,14.61,21.35,24.44,5.88,22.0,0.368,3.0,13.64,3.0,13.64,1.087,0.264,19.57,9.47,13.68,23.16,20.83,8.82,112.0,0.235,37.0,33.04,9.0,8.04,0.745,0.20600000000000002,29.49,15.3,12.64,27.94,30.53,27.21,230.0,0.227,75.0,32.61,20.0,8.7,0.677,0.159,29.2,13.82,16.1,29.92,24.77,27.17
745072,2024-06-30,2024,696285,R,671737,R,single,False,False,171.0,0.248,34.0,19.88,9.0,5.26,0.617,0.059,22.06,9.87,21.71,31.58,28.97,22.67,93.0,0.268,17.0,18.28,7.0,7.53,0.687,0.0859999999999999,21.38,9.8,20.46,30.26,30.36,15.74,94.0,0.185,24.0,25.53,9.0,9.57,0.631,0.185,26.42,13.21,12.95,26.17,27.64,19.05,230.0,0.282,54.0,23.48,19.0,8.26,0.946,0.321,21.36,11.52,13.29,24.81,30.0,18.12
745072,2024-06-30,2024,682928,L,671737,R,single,False,False,238.0,0.267,42.0,17.65,18.0,7.56,0.841,0.238,22.69,12.23,13.25,25.48,38.68,15.22,446.0,0.274,78.0,17.49,24.0,5.38,0.786,0.19,21.76,11.82,12.69,24.5,35.86,16.63,112.0,0.235,37.0,33.04,9.0,8.04,0.745,0.20600000000000002,29.49,15.3,12.64,27.94,30.53,27.21,230.0,0.227,75.0,32.61,20.0,8.7,0.677,0.159,29.2,13.82,16.1,29.92,24.77,27.17
745072,2024-06-30,2024,657041,R,671737,R,strikeout,True,False,168.0,0.212,41.0,24.4,14.0,8.33,0.645,0.159,21.59,8.77,22.15,30.92,19.75,21.03,490.0,0.242,143.0,29.18,23.0,4.69,0.719,0.185,26.09,11.34,20.58,31.92,28.6,24.48,94.0,0.185,24.0,25.53,9.0,9.57,0.631,0.185,26.42,13.21,12.95,26.17,27.64,19.05,230.0,0.282,54.0,23.48,19.0,8.26,0.946,0.321,21.36,11.52,13.29,24.81,30.0,18.12
745072,2024-06-30,2024,608385,L,671737,R,field_out,False,False,220.0,0.265,46.0,20.91,31.0,14.09,0.821,0.17099999999999999,20.97,8.83,16.79,25.62,17.55,15.33,184.0,0.2,46.0,25.0,24.0,13.04,0.5660000000000001,0.0449999999999999,25.91,11.04,17.01,28.05,20.4,17.9,112.0,0.235,37.0,33.04,9.0,8.04,0.745,0.20600000000000002,29.49,15.3,12.64,27.94,30.53,27.21,230.0,0.227,75.0,32.61,20.0,8.7,0.677,0.159,29.2,13.82,16.1,29.92,24.77,27.17
745072,2024-06-30,2024,650490,R,571578,L,field_out,False,False,86.0,0.304,8.0,9.3,5.0,5.81,0.742,0.10100000000000003,9.87,4.63,15.43,20.06,21.57,10.26,139.0,0.355,22.0,15.83,16.0,11.51,1.101,0.314,16.87,7.31,16.22,23.53,19.53,13.75,303.0,0.303,43.0,14.19,23.0,7.59,0.878,0.21700000000000003,19.43,9.4,14.6,24.0,28.05,14.73,650.0,0.301,100.0,15.38,47.0,7.23,0.851,0.2,20.83,9.45,15.49,24.94,26.53,15.87
745072,2024-06-30,2024,668227,R,571578,L,field_out,False,False,80.0,0.172,15.0,18.75,14.0,17.5,0.688,0.187,27.34,10.54,18.67,29.22,17.68,17.86,138.0,0.254,37.0,26.81,18.0,13.04,0.8280000000000001,0.212,26.44,11.46,18.11,29.57,29.32,19.68,303.0,0.303,43.0,14.19,23.0,7.59,0.878,0.21700000000000003,19.43,9.4,14.6,24.0,28.05,14.73,650.0,0.301,100.0,15.38,47.0,7.23,0.851,0.2,20.83,9.45,15.49,24.94,26.53,15.87
745072,2024-06-30,2024,642708,R,571578,L,strikeout,True,False,76.0,0.301,12.0,15.79,2.0,2.63,0.754,0.137,26.9,14.72,15.47,30.19,37.59,16.9,193.0,0.282,27.0,13.99,11.0,5.7,0.768,0.16,18.35,9.79,15.18,24.96,39.07,12.33,303.0,0.303,43.0,14.19,23.0,7.59,0.878,0.21700000000000003,19.43,9.4,14.6,24.0,28.05,14.73,650.0,0.301,100.0,15.38,47.0,7.23,0.851,0.2,20.83,9.45,15.49,24.94,26.53,15.87
745072,2024-06-30,2024,623912,R,671737,R,field_out,False,False,120.0,0.252,24.0,20.0,3.0,2.5,0.571,0.043999999999999984,32.28,18.94,13.16,32.1,45.89,19.2,310.0,0.281,58.0,18.71,18.0,5.81,0.749,0.1389999999999999,29.58,16.59,12.26,28.85,43.77,18.01,94.0,0.185,24.0,25.53,9.0,9.57,0.631,0.185,26.42,13.21,12.95,26.17,27.64,19.05,230.0,0.282,54.0,23.48,19.0,8.26,0.946,0.321,21.36,11.52,13.29,24.81,30.0,18.12
745072,2024-06-30,2024,671277,L,671737,R,field_out,False,False,222.0,0.282,33.0,14.86,9.0,4.05,0.743,0.15000000000000002,20.88,10.86,15.33,26.18,35.73,14.67,355.0,0.268,44.0,12.39,23.0,6.48,0.6950000000000001,0.1129999999999999,17.54,8.86,13.52,22.38,31.84,12.54,112.0,0.235,37.0,33.04,9.0,8.04,0.745,0.20600000000000002,29.49,15.3,12.64,27.94,30.53,27.21,230.0,0.227,75.0,32.61,20.0,8.7,0.677,0.159,29.2,13.82,16.1,29.92,24.77,27.17
745072,2024-06-30,2024,608841,R,671737,R,strikeout,True,False,208.0,0.255,35.0,16.83,15.0,7.21,0.649,0.08200000000000002,21.07,10.45,14.15,24.6,28.0,16.75,471.0,0.268,97.0,20.59,28.0,5.94,0.7030000000000001,0.12,23.85,11.18,18.94,30.12,30.48,17.38,94.0,0.185,24.0,25.53,9.0,9.57,0.631,0.185,26.42,13.21,12.95,26.17,27.64,19.05,230.0,0.282,54.0,23.48,19.0,8.26,0.946,0.321,21.36,11.52,13.29,24.81,30.0,18.12
745072,2024-06-30,2024,670623,R,571578,L,triple,False,False,79.0,0.268,15.0,18.99,7.0,8.86,0.722,0.11199999999999999,20.71,8.87,23.24,32.11,29.14,14.29,136.0,0.259,22.0,16.18,15.0,11.03,0.773,0.146,17.06,7.6,18.37,25.97,26.71,12.64,303.0,0.303,43.0,14.19,23.0,7.59,0.878,0.21700000000000003,19.43,9.4,14.6,24.0,28.05,14.73,650.0,0.301,100.0,15.38,47.0,7.23,0.851,0.2,20.83,9.45,15.49,24.94,26.53,15.87
745072,2024-06-30,2024,642350,R,571578,L,sac_fly,False,False,62.0,0.236,21.0,33.87,6.0,9.68,0.833,0.29100000000000004,40.29,20.51,12.45,32.97,30.0,21.88,93.0,0.198,37.0,39.78,4.0,4.3,0.647,0.2209999999999999,43.46,22.99,15.24,38.23,37.84,32.17,303.0,0.303,43.0,14.19,23.0,7.59,0.878,0.21700000000000003,19.43,9.4,14.6,24.0,28.05,14.73,650.0,0.301,100.0,15.38,47.0,7.23,0.851,0.2,20.83,9.45,15.49,24.94,26.53,15.87
745072,2024-06-30,2024,676356,R,571578,L,field_out,False,False,41.0,0.171,10.0,24.39,5.0,12.2,0.6180000000000001,0.17200000000000001,28.41,14.79,11.83,26.63,33.73,16.95,35.0,0.281,8.0,22.86,3.0,8.57,0.7490000000000001,0.125,27.78,15.15,13.64,28.79,41.67,17.78,303.0,0.303,43.0,14.19,23.0,7.59,0.878,0.21700000000000003,19.43,9.4,14.6,24.0,28.05,14.73,650.0,0.301,100.0,15.38,47.0,7.23,0.851,0.2,20.83,9.45,15.49,24.94,26.53,15.87
745072,2024-06-30,2024,676609,R,571578,L,strikeout,True,False,55.0,0.286,22.0,40.0,2.0,3.64,0.789,0.16300000000000003,39.66,21.5,19.63,41.12,43.69,26.51,124.0,0.265,29.0,23.39,13.0,10.48,0.758,0.0979999999999999,21.43,9.88,19.38,29.26,31.78,17.26,303.0,0.303,43.0,14.19,23.0,7.59,0.878,0.21700000000000003,19.43,9.4,14.6,24.0,28.05,14.73,650.0,0.301,100.0,15.38,47.0,7.23,0.851,0.2,20.83,9.45,15.49,24.94,26.53,15.87
745072,2024-06-30,2024,545121,L,671737,R,field_out,False,False,99.0,0.244,7.0,7.07,9.0,9.09,0.614,0.061,11.64,4.9,21.9,26.8,25.71,8.97,179.0,0.226,11.0,6.15,15.0,8.38,0.58,0.0629999999999999,13.38,5.9,20.34,26.24,25.61,7.28,112.0,0.235,37.0,33.04,9.0,8.04,0.745,0.20600000000000002,29.49,15.3,12.64,27.94,30.53,27.21,230.0,0.227,75.0,32.61,20.0,8.7,0.677,0.159,29.2,13.82,16.1,29.92,24.77,27.17
745072,2024-06-30,2024,686452,L,671737,R,strikeout,True,False,21.0,0.235,2.0,9.52,2.0,9.52,0.7869999999999999,0.236,15.0,6.74,14.61,21.35,24.44,5.88,22.0,0.368,3.0,13.64,3.0,13.64,1.087,0.264,19.57,9.47,13.68,23.16,20.83,8.82,112.0,0.235,37.0,33.04,9.0,8.04,0.745,0.20600000000000002,29.49,15.3,12.64,27.94,30.53,27.21,230.0,0.227,75.0,32.61,20.0,8.7,0.677,0.159,29.2,13.82,16.1,29.92,24.77,27.17
745072,2024-06-30,2024,696285,R,671737,R,strikeout,True,False,171.0,0.248,34.0,19.88,9.0,5.26,0.617,0.059,22.06,9.87,21.71,31.58,28.97,22.67,93.0,0.268,17.0,18.28,7.0,7.53,0.687,0.0859999999999999,21.38,9.8,20.46,30.26,30.36,15.74,94.0,0.185,24.0,25.53,9.0,9.57,0.631,0.185,26.42,13.21,12.95,26.17,27.64,19.05,230.0,0.282,54.0,23.48,19.0,8.26,0.946,0.321,21.36,11.52,13.29,24.81,30.0,18.12
745072,2024-06-30,2024,670764,R,571578,L,field_out,False,False,16.0,0.188,9.0,56.25,0.0,0.0,0.438,0.062,46.43,18.57,24.29,42.86,25.0,34.62,92.0,0.262,23.0,25.0,11.0,11.96,0.7769999999999999,0.1629999999999999,29.38,13.09,17.27,30.36,20.23,24.21,303.0,0.303,43.0,14.19,23.0,7.59,0.878,0.21700000000000003,19.43,9.4,14.6,24.0,28.05,14.73,650.0,0.301,100.0,15.38,47.0,7.23,0.851,0.2,20.83,9.45,15.49,24.94,26.53,15.87
745072,2024-06-30,2024,656577,R,571578,L,field_out,False,False,27.0,0.087,11.0,40.74,3.0,11.11,0.272,0.0,35.29,20.0,9.17,29.17,40.0,22.92,,,,,,,,,,,,,,,303.0,0.303,43.0,14.19,23.0,7.59,0.878,0.21700000000000003,19.43,9.4,14.6,24.0,28.05,14.73,650.0,0.301,100.0,15.38,47.0,7.23,0.851,0.2,20.83,9.45,15.49,24.94,26.53,15.87
745072,2024-06-30,2024,650490,R,571578,L,double,False,False,86.0,0.304,8.0,9.3,5.0,5.81,0.742,0.10100000000000003,9.87,4.63,15.43,20.06,21.57,10.26,139.0,0.355,22.0,15.83,16.0,11.51,1.101,0.314,16.87,7.31,16.22,23.53,19.53,13.75,303.0,0.303,43.0,14.19,23.0,7.59,0.878,0.21700000000000003,19.43,9.4,14.6,24.0,28.05,14.73,650.0,0.301,100.0,15.38,47.0,7.23,0.851,0.2,20.83,9.45,15.49,24.94,26.53,15.87
745072,2024-06-30,2024,668227,R,571578,L,single,False,False,80.0,0.172,15.0,18.75,14.0,17.5,0.688,0.187,27.34,10.54,18.67,29.22,17.68,17.86,138.0,0.254,37.0,26.81,18.0,13.04,0.8280000000000001,0.212,26.44,11.46,18.11,29.57,29.32,19.68,303.0,0.303,43.0,14.19,23.0,7.59,0.878,0.21700000000000003,19.43,9.4,14.6,24.0,28.05,14.73,650.0,0.301,100.0,15.38,47.0,7.23,0.851,0.2,20.83,9.45,15.49,24.94,26.53,15.87
745072,2024-06-30,2024,642708,R,571578,L,force_out,False,False,76.0,0.301,12.0,15.79,2.0,2.63,0.754,0.137,26.9,14.72,15.47,30.19,37.59,16.9,193.0,0.282,27.0,13.99,11.0,5.7,0.768,0.16,18.35,9.79,15.18,24.96,39.07,12.33,303.0,0.303,43.0,14.19,23.0,7.59,0.878,0.21700000000000003,19.43,9.4,14.6,24.0,28.05,14.73,650.0,0.301,100.0,15.38,47.0,7.23,0.851,0.2,20.83,9.45,15.49,24.94,26.53,15.87
745072,2024-06-30,2024,682928,L,671737,R,walk,False,True,238.0,0.267,42.0,17.65,18.0,7.56,0.841,0.238,22.69,12.23,13.25,25.48,38.68,15.22,446.0,0.274,78.0,17.49,24.0,5.38,0.786,0.19,21.76,11.82,12.69,24.5,35.86,16.63,112.0,0.235,37.0,33.04,9.0,8.04,0.745,0.20600000000000002,29.49,15.3,12.64,27.94,30.53,27.21,230.0,0.227,75.0,32.61,20.0,8.7,0.677,0.159,29.2,13.82,16.1,29.92,24.77,27.17
745072,2024-06-30,2024,657041,R,671737,R,field_out,False,False,168.0,0.212,41.0,24.4,14.0,8.33,0.645,0.159,21.59,8.77,22.15,30.92,19.75,21.03,490.0,0.242,143.0,29.18,23.0,4.69,0.719,0.185,26.09,11.34,20.58,31.92,28.6,24.48,94.0,0.185,24.0,25.53,9.0,9.57,0.631,0.185,26.42,13.21,12.95,26.17,27.64,19.05,230.0,0.282,54.0,23.48,19.0,8.26,0.946,0.321,21.36,11.52,13.29,24.81,30.0,18.12
745072,2024-06-30,2024,608385,L,671737,R,strikeout,True,False,220.0,0.265,46.0,20.91,31.0,14.09,0.821,0.17099999999999999,20.97,8.83,16.79,25.62,17.55,15.33,184.0,0.2,46.0,25.0,24.0,13.04,0.5660000000000001,0.0449999999999999,25.91,11.04,17.01,28.05,20.4,17.9,112.0,0.235,37.0,33.04,9.0,8.04,0.745,0.20600000000000002,29.49,15.3,12.64,27.94,30.53,27.21,230.0,0.227,75.0,32.61,20.0,8.7,0.677,0.159,29.2,13.82,16.1,29.92,24.77,27.17
745072,2024-06-30,2024,623912,R,671737,R,single,False,False,120.0,0.252,24.0,20.0,3.0,2.5,0.571,0.043999999999999984,32.28,18.94,13.16,32.1,45.89,19.2,310.0,0.281,58.0,18.71,18.0,5.81,0.749,0.1389999999999999,29.58,16.59,12.26,28.85,43.77,18.01,94.0,0.185,24.0,25.53,9.0,9.57,0.631,0.185,26.42,13.21,12.95,26.17,27.64,19.05,230.0,0.282,54.0,23.48,19.0,8.26,0.946,0.321,21.36,11.52,13.29,24.81,30.0,18.12
745072,2024-06-30,2024,671277,L,621363,L,field_out,False,False,51.0,0.188,12.0,23.53,3.0,5.88,0.485,0.062,23.96,11.73,16.84,28.57,35.51,21.05,129.0,0.261,16.0,12.4,4.0,3.1,0.668,0.134,18.96,9.55,16.71,26.25,27.88,16.49,21.0,0.333,6.0,28.57,3.0,14.29,0.9850000000000001,0.22300000000000003,26.32,11.49,19.54,31.03,17.95,19.35,74.0,0.185,25.0,33.78,8.0,10.81,0.597,0.138,35.92,17.23,16.55,33.78,28.28,25.81
745072,2024-06-30,2024,670623,R,571578,L,double,False,False,79.0,0.268,15.0,18.99,7.0,8.86,0.722,0.11199999999999999,20.71,8.87,23.24,32.11,29.14,14.29,136.0,0.259,22.0,16.18,15.0,11.03,0.773,0.146,17.06,7.6,18.37,25.97,26.71,12.64,303.0,0.303,43.0,14.19,23.0,7.59,0.878,0.21700000000000003,19.43,9.4,14.6,24.0,28.05,14.73,650.0,0.301,100.0,15.38,47.0,7.23,0.851,0.2,20.83,9.45,15.49,24.94,26.53,15.87
745072,2024-06-30,2024,642350,R,571578,L,field_out,False,False,62.0,0.236,21.0,33.87,6.0,9.68,0.833,0.29100000000000004,40.29,20.51,12.45,32.97,30.0,21.88,93.0,0.198,37.0,39.78,4.0,4.3,0.647,0.2209999999999999,43.46,22.99,15.24,38.23,37.84,32.17,303.0,0.303,43.0,14.19,23.0,7.59,0.878,0.21700000000000003,19.43,9.4,14.6,24.0,28.05,14.73,650.0,0.301,100.0,15.38,47.0,7.23,0.851,0.2,20.83,9.45,15.49,24.94,26.53,15.87
745072,2024-06-30,2024,676356,R,571578,L,field_out,False,False,41.0,0.171,10.0,24.39,5.0,12.2,0.6180000000000001,0.17200000000000001,28.41,14.79,11.83,26.63,33.73,16.95,35.0,0.281,8.0,22.86,3.0,8.57,0.7490000000000001,0.125,27.78,15.15,13.64,28.79,41.67,17.78,303.0,0.303,43.0,14.19,23.0,7.59,0.878,0.21700000000000003,19.43,9.4,14.6,24.0,28.05,14.73,650.0,0.301,100.0,15.38,47.0,7.23,0.851,0.2,20.83,9.45,15.49,24.94,26.53,15.87
745072,2024-06-30,2024,676609,R,571578,L,walk,False,True,55.0,0.286,22.0,40.0,2.0,3.64,0.789,0.16300000000000003,39.66,21.5,19.63,41.12,43.69,26.51,124.0,0.265,29.0,23.39,13.0,10.48,0.758,0.0979999999999999,21.43,9.88,19.38,29.26,31.78,17.26,303.0,0.303,43.0,14.19,23.0,7.59,0.878,0.21700000000000003,19.43,9.4,14.6,24.0,28.05,14.73,650.0,0.301,100.0,15.38,47.0,7.23,0.851,0.2,20.83,9.45,15.49,24.94,26.53,15.87
745072,2024-06-30,2024,670764,R,571578,L,strikeout,True,False,16.0,0.188,9.0,56.25,0.0,0.0,0.438,0.062,46.43,18.57,24.29,42.86,25.0,34.62,92.0,0.262,23.0,25.0,11.0,11.96,0.7769999999999999,0.1629999999999999,29.38,13.09,17.27,30.36,20.23,24.21,303.0,0.303,43.0,14.19,23.0,7.59,0.878,0.21700000000000003,19.43,9.4,14.6,24.0,28.05,14.73,650.0,0.301,100.0,15.38,47.0,7.23,0.851,0.2,20.83,9.45,15.49,24.94,26.53,15.87
745072,2024-06-30,2024,608841,R,592094,R,strikeout,True,False,208.0,0.255,35.0,16.83,15.0,7.21,0.649,0.08200000000000002,21.07,10.45,14.15,24.6,28.0,16.75,471.0,0.268,97.0,20.59,28.0,5.94,0.7030000000000001,0.12,23.85,11.18,18.94,30.12,30.48,17.38,79.0,0.152,21.0,26.58,8.0,10.13,0.508,0.09,34.97,17.22,13.9,31.12,29.38,19.09,112.0,0.196,30.0,26.79,9.0,8.04,0.634,0.134,33.33,15.66,15.45,31.11,29.8,18.18
745072,2024-06-30,2024,545121,L,592094,R,field_out,False,False,99.0,0.244,7.0,7.07,9.0,9.09,0.614,0.061,11.64,4.9,21.9,26.8,25.71,8.97,179.0,0.226,11.0,6.15,15.0,8.38,0.58,0.0629999999999999,13.38,5.9,20.34,26.24,25.61,7.28,58.0,0.176,13.0,22.41,6.0,10.34,0.616,0.177,33.04,16.89,12.79,29.68,29.91,19.4,110.0,0.167,39.0,35.45,11.0,10.0,0.627,0.1869999999999999,35.6,15.81,20.0,35.81,28.04,29.55
745072,2024-06-30,2024,686452,L,592094,R,field_out,False,False,21.0,0.235,2.0,9.52,2.0,9.52,0.7869999999999999,0.236,15.0,6.74,14.61,21.35,24.44,5.88,22.0,0.368,3.0,13.64,3.0,13.64,1.087,0.264,19.57,9.47,13.68,23.16,20.83,8.82,58.0,0.176,13.0,22.41,6.0,10.34,0.616,0.177,33.04,16.89,12.79,29.68,29.91,19.4,110.0,0.167,39.0,35.45,11.0,10.0,0.627,0.1869999999999999,35.6,15.81,20.0,35.81,28.04,29.55
745072,2024-06-30,2024,656577,R,607179,R,field_out,False,False,50.0,0.067,21.0,42.0,3.0,6.0,0.303,0.11099999999999999,40.95,21.39,16.42,37.81,36.08,29.41,,,,,,,,,,,,,,,77.0,0.179,17.0,22.08,9.0,11.69,0.54,0.07500000000000001,23.18,11.29,15.48,26.77,28.76,16.83,137.0,0.174,41.0,29.93,10.0,7.3,0.631,0.214,29.39,13.51,15.61,29.12,25.94,23.03
745072,2024-06-30,2024,650490,R,607179,R,field_out,False,False,277.0,0.261,45.0,16.25,22.0,7.94,0.704,0.118,12.97,5.86,17.58,23.44,24.03,13.55,462.0,0.322,72.0,15.58,49.0,10.61,0.881,0.1559999999999999,18.95,8.0,18.68,26.68,19.71,15.69,77.0,0.179,17.0,22.08,9.0,11.69,0.54,0.07500000000000001,23.18,11.29,15.48,26.77,28.76,16.83,137.0,0.174,41.0,29.93,10.0,7.3,0.631,0.214,29.39,13.51,15.61,29.12,25.94,23.03
745072,2024-06-30,2024,668227,R,607179,R,home_run,False,False,247.0,0.197,68.0,27.53,24.0,9.72,0.635,0.14100000000000001,33.48,14.26,18.95,33.21,24.5,19.1,517.0,0.254,119.0,23.02,62.0,11.99,0.7769999999999999,0.1589999999999999,29.93,12.82,18.77,31.59,26.93,19.44,77.0,0.179,17.0,22.08,9.0,11.69,0.54,0.07500000000000001,23.18,11.29,15.48,26.77,28.76,16.83,137.0,0.174,41.0,29.93,10.0,7.3,0.631,0.214,29.39,13.51,15.61,29.12,25.94,23.03
745072,2024-06-30,2024,642708,R,607179,R,strikeout,True,False,149.0,0.294,24.0,16.11,5.0,3.36,0.714,0.09800000000000003,21.92,12.17,13.69,25.86,37.64,14.81,353.0,0.252,72.0,20.4,18.0,5.1,0.636,0.091,25.7,13.68,14.7,28.38,39.8,19.35,77.0,0.179,17.0,22.08,9.0,11.69,0.54,0.07500000000000001,23.18,11.29,15.48,26.77,28.76,16.83,137.0,0.174,41.0,29.93,10.0,7.3,0.631,0.214,29.39,13.51,15.61,29.12,25.94,23.03
745072,2024-06-30,2024,696285,R,664076,L,strikeout,True,False,73.0,0.324,12.0,16.44,3.0,4.11,0.782,0.08799999999999997,15.6,6.23,22.71,28.94,20.97,16.44,28.0,0.2,5.0,17.86,3.0,10.71,0.5660000000000001,0.08,20.0,9.24,20.17,29.41,29.63,13.16,96.0,0.198,25.0,26.04,12.0,12.5,0.563,0.04899999999999999,29.79,14.81,13.76,28.57,33.33,21.01,33.0,0.133,8.0,24.24,2.0,6.06,0.579,0.2339999999999999,25.0,10.08,19.38,29.46,28.17,24.24
745072,2024-06-30,2024,682928,L,664076,L,walk,False,True,92.0,0.318,20.0,21.74,3.0,3.26,0.882,0.21600000000000003,26.74,14.79,14.79,29.59,38.82,18.52,170.0,0.166,40.0,23.53,8.0,4.71,0.512,0.106,24.68,12.36,17.24,29.59,32.89,21.74,46.0,0.237,16.0,34.78,6.0,13.04,0.765,0.15800000000000003,30.53,14.29,19.21,33.5,32.0,20.0,15.0,0.182,6.0,40.0,4.0,26.67,0.5820000000000001,0.0,27.78,12.2,17.07,29.27,32.61,16.22
745072,2024-06-30,2024,657041,R,664076,L,hit_by_pitch,False,False,67.0,0.322,10.0,14.93,5.0,7.46,0.9380000000000001,0.23700000000000004,17.21,7.64,17.09,24.73,21.83,11.49,192.0,0.331,33.0,17.19,13.0,6.77,0.948,0.2419999999999999,14.83,6.49,18.37,24.86,23.4,17.65,96.0,0.198,25.0,26.04,12.0,12.5,0.563,0.04899999999999999,29.79,14.81,13.76,28.57,33.33,21.01,33.0,0.133,8.0,24.24,2.0,6.06,0.579,0.2339999999999999,25.0,10.08,19.38,29.46,28.17,24.24
745072,2024-06-30,2024,608385,L,664076,L,strikeout,True,False,87.0,0.243,25.0,28.74,10.0,11.49,0.683,0.09500000000000003,21.88,8.46,22.05,30.51,20.92,24.75,13.0,0.182,5.0,38.46,2.0,15.38,0.581,0.091,15.38,6.15,20.0,26.15,7.14,19.23,46.0,0.237,16.0,34.78,6.0,13.04,0.765,0.15800000000000003,30.53,14.29,19.21,33.5,32.0,20.0,15.0,0.182,6.0,40.0,4.0,26.67,0.5820000000000001,0.0,27.78,12.2,17.07,29.27,32.61,16.22
745072,2024-06-30,2024,623912,R,664076,L,strikeout,True,False,62.0,0.306,11.0,17.74,0.0,0.0,0.677,0.065,29.27,17.06,16.59,33.65,52.25,17.74,125.0,0.387,21.0,16.8,4.0,3.2,0.966,0.168,24.43,14.04,13.82,27.85,43.48,15.67,96.0,0.198,25.0,26.04,12.0,12.5,0.563,0.04899999999999999,29.79,14.81,13.76,28.57,33.33,21.01,33.0,0.133,8.0,24.24,2.0,6.06,0.579,0.2339999999999999,25.0,10.08,19.38,29.46,28.17,24.24
745072,2024-06-30,2024,670623,R,663432,R,field_out,False,False,250.0,0.27,40.0,16.0,25.0,10.0,0.831,0.19999999999999996,16.83,7.57,18.71,26.28,28.4,9.48,438.0,0.247,82.0,18.72,43.0,9.82,0.86,0.266,18.6,8.55,16.71,25.26,28.98,14.09,63.0,0.298,9.0,14.29,4.0,6.35,0.909,0.24600000000000005,29.31,14.11,12.03,26.14,33.82,12.68,3.0,0.0,1.0,33.33,1.0,33.33,0.333,0.0,40.0,14.29,21.43,35.71,25.0,25.0
745072,2024-06-30,2024,642350,R,663432,R,strikeout,True,False,187.0,0.209,68.0,36.36,15.0,8.02,0.673,0.171,37.21,17.27,19.84,37.11,32.45,26.59,271.0,0.23,93.0,34.32,16.0,5.9,0.801,0.29,39.19,20.65,15.06,35.71,37.69,31.08,63.0,0.298,9.0,14.29,4.0,6.35,0.909,0.24600000000000005,29.31,14.11,12.03,26.14,33.82,12.68,3.0,0.0,1.0,33.33,1.0,33.33,0.333,0.0,40.0,14.29,21.43,35.71,25.0,25.0
745072,2024-06-30,2024,676356,R,663432,R,field_out,False,False,98.0,0.159,23.0,23.47,7.0,7.14,0.46399999999999997,0.068,25.56,13.14,15.71,28.86,38.1,20.18,10.0,0.2,0.0,0.0,0.0,0.0,0.7,0.3,19.05,11.43,11.43,22.86,44.44,0.0,63.0,0.298,9.0,14.29,4.0,6.35,0.909,0.24600000000000005,29.31,14.11,12.03,26.14,33.82,12.68,3.0,0.0,1.0,33.33,1.0,33.33,0.333,0.0,40.0,14.29,21.43,35.71,25.0,25.0
745072,2024-06-30,2024,671277,L,664208,R,field_out,False,False,222.0,0.282,33.0,14.86,9.0,4.05,0.743,0.15000000000000002,20.88,10.86,15.33,26.18,35.73,14.67,355.0,0.268,44.0,12.39,23.0,6.48,0.6950000000000001,0.1129999999999999,17.54,8.86,13.52,22.38,31.84,12.54,64.0,0.231,13.0,20.31,8.0,12.5,0.913,0.30700000000000005,24.59,11.28,14.29,25.56,30.37,15.48,138.0,0.265,30.0,21.74,17.0,12.32,0.856,0.2039999999999999,26.0,12.2,15.95,28.14,26.22,19.87
745072,2024-06-30,2024,608841,R,664208,R,strikeout,True,False,208.0,0.255,35.0,16.83,15.0,7.21,0.649,0.08200000000000002,21.07,10.45,14.15,24.6,28.0,16.75,471.0,0.268,97.0,20.59,28.0,5.94,0.7030000000000001,0.12,23.85,11.18,18.94,30.12,30.48,17.38,75.0,0.246,12.0,16.0,9.0,12.0,0.747,0.15400000000000003,28.38,14.09,13.42,27.52,28.4,14.63,136.0,0.153,44.0,32.35,8.0,5.88,0.431,0.0569999999999999,39.26,20.62,13.04,33.66,34.2,29.86
745072,2024-06-30,2024,545121,L,664208,R,field_out,False,False,99.0,0.244,7.0,7.07,9.0,9.09,0.614,0.061,11.64,4.9,21.9,26.8,25.71,8.97,179.0,0.226,11.0,6.15,15.0,8.38,0.58,0.0629999999999999,13.38,5.9,20.34,26.24,25.61,7.28,64.0,0.231,13.0,20.31,8.0,12.5,0.913,0.30700000000000005,24.59,11.28,14.29,25.56,30.37,15.48,138.0,0.265,30.0,21.74,17.0,12.32,0.856,0.2039999999999999,26.0,12.2,15.95,28.14,26.22,19.87
745802,2024-06-30,2024,514888,R,622663,R,single,False,False,265.0,0.285,53.0,20.0,17.0,6.42,0.788,0.17000000000000004,22.11,11.38,16.06,27.45,38.38,20.54,297.0,0.322,55.0,18.52,32.0,10.77,0.941,0.218,19.43,8.47,19.0,27.48,31.81,17.74,189.0,0.193,37.0,19.58,19.0,10.05,0.587,0.11399999999999999,21.19,10.18,16.42,26.59,31.43,16.67,215.0,0.271,45.0,20.93,17.0,7.91,0.841,0.2289999999999999,23.04,11.89,15.13,27.02,29.81,15.52
745802,2024-06-30,2024,608324,R,622663,R,grounded_into_double_play,False,False,234.0,0.268,39.0,16.67,20.0,8.55,0.761,0.15799999999999997,15.7,7.02,18.79,25.81,23.91,13.4,508.0,0.282,67.0,13.19,65.0,12.8,0.8500000000000001,0.186,14.53,5.58,19.65,25.23,16.96,12.88,189.0,0.193,37.0,19.58,19.0,10.05,0.587,0.11399999999999999,21.19,10.18,16.42,26.59,31.43,16.67,215.0,0.271,45.0,20.93,17.0,7.91,0.841,0.2289999999999999,23.04,11.89,15.13,27.02,29.81,15.52
745802,2024-06-30,2024,670541,L,622663,R,field_out,False,False,223.0,0.27,32.0,14.35,23.0,10.31,0.869,0.245,19.79,9.05,16.28,25.33,30.47,14.48,322.0,0.292,55.0,17.08,49.0,15.22,1.044,0.333,21.1,8.88,15.37,24.25,23.99,15.32,185.0,0.246,34.0,18.38,12.0,6.49,0.645,0.08900000000000002,19.47,10.48,12.61,23.09,26.0,15.74,203.0,0.333,34.0,16.75,17.0,8.37,1.005,0.2789999999999999,18.23,9.28,14.43,23.71,28.29,13.71
745802,2024-06-30,2024,596019,L,681869,R,strikeout,True,False,275.0,0.236,55.0,20.0,20.0,7.27,0.718,0.179,22.97,11.12,15.79,26.92,26.28,17.46,483.0,0.242,102.0,21.12,51.0,10.56,0.757,0.182,23.68,11.49,14.35,25.84,28.12,17.29,56.0,0.292,14.0,25.0,8.0,14.29,0.768,0.08300000000000002,34.69,14.98,18.06,33.04,25.62,24.56,25.0,0.348,7.0,28.0,1.0,4.0,1.009,0.261,22.0,10.58,13.46,24.04,32.76,25.0
745802,2024-06-30,2024,607043,L,681869,R,walk,False,True,249.0,0.233,60.0,24.1,40.0,16.06,0.788,0.18299999999999997,23.26,9.69,16.49,26.18,21.24,16.85,448.0,0.266,98.0,21.88,60.0,13.39,0.874,0.235,20.87,8.67,19.47,28.14,19.23,16.42,56.0,0.292,14.0,25.0,8.0,14.29,0.768,0.08300000000000002,34.69,14.98,18.06,33.04,25.62,24.56,25.0,0.348,7.0,28.0,1.0,4.0,1.009,0.261,22.0,10.58,13.46,24.04,32.76,25.0
745802,2024-06-30,2024,502110,R,681869,R,field_out,False,False,161.0,0.267,45.0,27.95,11.0,6.83,0.782,0.192,29.38,14.62,15.86,30.48,30.91,20.64,343.0,0.27,106.0,30.9,21.0,6.12,0.8799999999999999,0.2979999999999999,35.71,19.2,12.73,31.93,33.23,24.42,46.0,0.308,11.0,23.91,3.0,6.52,0.758,0.10199999999999998,19.51,8.79,15.38,24.18,21.59,27.5,17.0,0.286,4.0,23.53,2.0,11.76,0.71,0.071,35.14,19.12,11.76,30.88,28.57,18.18
745802,2024-06-30,2024,624413,R,681869,R,field_out,False,False,260.0,0.246,51.0,19.62,26.0,10.0,0.784,0.21000000000000002,22.6,9.89,19.78,29.67,28.11,17.48,475.0,0.214,109.0,22.95,44.0,9.26,0.8069999999999999,0.281,26.53,11.43,18.24,29.67,27.59,22.11,46.0,0.308,11.0,23.91,3.0,6.52,0.758,0.10199999999999998,19.51,8.79,15.38,24.18,21.59,27.5,17.0,0.286,4.0,23.53,2.0,11.76,0.71,0.071,35.14,19.12,11.76,30.88,28.57,18.18
745802,2024-06-30,2024,673237,R,622663,R,field_out,False,False,203.0,0.272,28.0,13.79,7.0,3.45,0.711,0.14699999999999996,20.35,11.76,10.6,22.35,43.04,14.89,274.0,0.307,47.0,17.15,7.0,2.55,0.931,0.292,24.58,14.19,11.31,25.51,43.08,17.42,189.0,0.193,37.0,19.58,19.0,10.05,0.587,0.11399999999999999,21.19,10.18,16.42,26.59,31.43,16.67,215.0,0.271,45.0,20.93,17.0,7.91,0.841,0.2289999999999999,23.04,11.89,15.13,27.02,29.81,15.52
745802,2024-06-30,2024,676694,R,622663,R,field_out,False,False,163.0,0.264,40.0,24.54,10.0,6.13,0.762,0.175,32.1,15.4,16.28,31.68,32.31,24.1,263.0,0.218,69.0,26.24,18.0,6.84,0.6459999999999999,0.146,25.89,12.2,16.27,28.47,24.49,21.12,189.0,0.193,37.0,19.58,19.0,10.05,0.587,0.11399999999999999,21.19,10.18,16.42,26.59,31.43,16.67,215.0,0.271,45.0,20.93,17.0,7.91,0.841,0.2289999999999999,23.04,11.89,15.13,27.02,29.81,15.52
745802,2024-06-30,2024,572138,L,622663,R,home_run,False,False,158.0,0.239,36.0,22.78,22.0,13.92,0.687,0.10400000000000004,27.09,10.97,18.55,29.52,21.07,21.18,79.0,0.13,19.0,24.05,9.0,11.39,0.402,0.0439999999999999,22.79,9.69,16.56,26.25,24.43,21.11,185.0,0.246,34.0,18.38,12.0,6.49,0.645,0.08900000000000002,19.47,10.48,12.61,23.09,26.0,15.74,203.0,0.333,34.0,16.75,17.0,8.37,1.005,0.2789999999999999,18.23,9.28,14.43,23.71,28.29,13.71
745802,2024-06-30,2024,665161,R,622663,R,field_out,False,False,237.0,0.275,46.0,19.41,13.0,5.49,0.6779999999999999,0.07799999999999996,25.28,12.93,15.59,28.52,35.59,17.1,461.0,0.239,107.0,23.21,34.0,7.38,0.655,0.1089999999999999,30.36,15.5,13.92,29.42,35.52,20.7,189.0,0.193,37.0,19.58,19.0,10.05,0.587,0.11399999999999999,21.19,10.18,16.42,26.59,31.43,16.67,215.0,0.271,45.0,20.93,17.0,7.91,0.841,0.2289999999999999,23.04,11.89,15.13,27.02,29.81,15.52
745802,2024-06-30,2024,621466,L,681869,R,field_out,False,False,140.0,0.204,32.0,22.86,23.0,16.43,0.722,0.168,30.13,12.34,15.74,28.09,13.82,21.19,136.0,0.273,43.0,31.62,10.0,7.35,0.92,0.3059999999999999,35.89,18.63,10.49,29.11,25.44,24.85,56.0,0.292,14.0,25.0,8.0,14.29,0.768,0.08300000000000002,34.69,14.98,18.06,33.04,25.62,24.56,25.0,0.348,7.0,28.0,1.0,4.0,1.009,0.261,22.0,10.58,13.46,24.04,32.76,25.0
745802,2024-06-30,2024,668901,R,681869,R,field_out,False,False,83.0,0.253,21.0,25.3,7.0,8.43,0.8200000000000001,0.254,37.74,19.11,14.97,34.08,30.32,23.86,145.0,0.209,41.0,28.28,8.0,5.52,0.643,0.172,34.08,18.24,17.03,35.27,36.73,29.93,46.0,0.308,11.0,23.91,3.0,6.52,0.758,0.10199999999999998,19.51,8.79,15.38,24.18,21.59,27.5,17.0,0.286,4.0,23.53,2.0,11.76,0.71,0.071,35.14,19.12,11.76,30.88,28.57,18.18
745802,2024-06-30,2024,592325,L,681869,R,walk,False,True,,,,,,,,,,,,,,,13.0,0.154,1.0,7.69,0.0,0.0,0.308,0.0,17.39,9.76,12.2,21.95,0.0,8.33,56.0,0.292,14.0,25.0,8.0,14.29,0.768,0.08300000000000002,34.69,14.98,18.06,33.04,25.62,24.56,25.0,0.348,7.0,28.0,1.0,4.0,1.009,0.261,22.0,10.58,13.46,24.04,32.76,25.0
745802,2024-06-30,2024,620443,R,681869,R,field_out,False,False,16.0,0.333,2.0,12.5,1.0,6.25,0.975,0.26699999999999996,19.23,7.94,25.4,33.33,17.86,11.11,9.0,0.125,3.0,33.33,0.0,0.0,0.472,0.125,20.0,6.98,20.93,27.91,29.63,25.0,46.0,0.308,11.0,23.91,3.0,6.52,0.758,0.10199999999999998,19.51,8.79,15.38,24.18,21.59,27.5,17.0,0.286,4.0,23.53,2.0,11.76,0.71,0.071,35.14,19.12,11.76,30.88,28.57,18.18
745802,2024-06-30,2024,643289,R,622663,R,strikeout,True,False,149.0,0.286,11.0,7.38,5.0,3.36,0.69,0.09300000000000003,17.22,10.2,12.15,22.34,41.06,9.02,375.0,0.263,58.0,15.47,13.0,3.47,0.6779999999999999,0.124,19.01,10.95,13.18,24.13,40.64,15.68,189.0,0.193,37.0,19.58,19.0,10.05,0.587,0.11399999999999999,21.19,10.18,16.42,26.59,31.43,16.67,215.0,0.271,45.0,20.93,17.0,7.91,0.841,0.2289999999999999,23.04,11.89,15.13,27.02,29.81,15.52
745802,2024-06-30,2024,663550,L,622663,R,field_out,False,False,40.0,0.289,9.0,22.5,2.0,5.0,0.772,0.15800000000000003,28.21,15.6,9.93,25.53,30.43,21.95,52.0,0.22,24.0,46.15,1.0,1.92,0.5710000000000001,0.12,50.0,32.99,6.09,39.09,46.53,37.5,185.0,0.246,34.0,18.38,12.0,6.49,0.645,0.08900000000000002,19.47,10.48,12.61,23.09,26.0,15.74,203.0,0.333,34.0,16.75,17.0,8.37,1.005,0.2789999999999999,18.23,9.28,14.43,23.71,28.29,13.71
745802,2024-06-30,2024,514888,R,622663,R,field_out,False,False,265.0,0.285,53.0,20.0,17.0,6.42,0.788,0.17000000000000004,22.11,11.38,16.06,27.45,38.38,20.54,297.0,0.322,55.0,18.52,32.0,10.77,0.941,0.218,19.43,8.47,19.0,27.48,31.81,17.74,189.0,0.193,37.0,19.58,19.0,10.05,0.587,0.11399999999999999,21.19,10.18,16.42,26.59,31.43,16.67,215.0,0.271,45.0,20.93,17.0,7.91,0.841,0.2289999999999999,23.04,11.89,15.13,27.02,29.81,15.52
745802,2024-06-30,2024,643446,L,681869,R,field_out,False,False,198.0,0.208,21.0,10.61,16.0,8.08,0.5880000000000001,0.101,13.24,6.82,14.08,20.9,27.81,11.73,447.0,0.26,48.0,10.74,25.0,5.59,0.6930000000000001,0.1149999999999999,14.08,7.59,11.21,18.8,32.05,12.57,56.0,0.292,14.0,25.0,8.0,14.29,0.768,0.08300000000000002,34.69,14.98,18.06,33.04,25.62,24.56,25.0,0.348,7.0,28.0,1.0,4.0,1.009,0.261,22.0,10.58,13.46,24.04,32.76,25.0
745802,2024-06-30,2024,596019,L,681869,R,field_out,False,False,275.0,0.236,55.0,20.0,20.0,7.27,0.718,0.179,22.97,11.12,15.79,26.92,26.28,17.46,483.0,0.242,102.0,21.12,51.0,10.56,0.757,0.182,23.68,11.49,14.35,25.84,28.12,17.29,56.0,0.292,14.0,25.0,8.0,14.29,0.768,0.08300000000000002,34.69,14.98,18.06,33.04,25.62,24.56,25.0,0.348,7.0,28.0,1.0,4.0,1.009,0.261,22.0,10.58,13.46,24.04,32.76,25.0
745802,2024-06-30,2024,607043,L,681869,R,strikeout,True,False,249.0,0.233,60.0,24.1,40.0,16.06,0.788,0.18299999999999997,23.26,9.69,16.49,26.18,21.24,16.85,448.0,0.266,98.0,21.88,60.0,13.39,0.874,0.235,20.87,8.67,19.47,28.14,19.23,16.42,56.0,0.292,14.0,25.0,8.0,14.29,0.768,0.08300000000000002,34.69,14.98,18.06,33.04,25.62,24.56,25.0,0.348,7.0,28.0,1.0,4.0,1.009,0.261,22.0,10.58,13.46,24.04,32.76,25.0
745802,2024-06-30,2024,608324,R,622663,R,double,False,False,234.0,0.268,39.0,16.67,20.0,8.55,0.761,0.15799999999999997,15.7,7.02,18.79,25.81,23.91,13.4,508.0,0.282,67.0,13.19,65.0,12.8,0.8500000000000001,0.186,14.53,5.58,19.65,25.23,16.96,12.88,189.0,0.193,37.0,19.58,19.0,10.05,0.587,0.11399999999999999,21.19,10.18,16.42,26.59,31.43,16.67,215.0,0.271,45.0,20.93,17.0,7.91,0.841,0.2289999999999999,23.04,11.89,15.13,27.02,29.81,15.52
745802,2024-06-30,2024,670541,L,622663,R,walk,False,True,223.0,0.27,32.0,14.35,23.0,10.31,0.869,0.245,19.79,9.05,16.28,25.33,30.47,14.48,322.0,0.292,55.0,17.08,49.0,15.22,1.044,0.333,21.1,8.88,15.37,24.25,23.99,15.32,185.0,0.246,34.0,18.38,12.0,6.49,0.645,0.08900000000000002,19.47,10.48,12.61,23.09,26.0,15.74,203.0,0.333,34.0,16.75,17.0,8.37,1.005,0.2789999999999999,18.23,9.28,14.43,23.71,28.29,13.71
745802,2024-06-30,2024,673237,R,622663,R,single,False,False,203.0,0.272,28.0,13.79,7.0,3.45,0.711,0.14699999999999996,20.35,11.76,10.6,22.35,43.04,14.89,274.0,0.307,47.0,17.15,7.0,2.55,0.931,0.292,24.58,14.19,11.31,25.51,43.08,17.42,189.0,0.193,37.0,19.58,19.0,10.05,0.587,0.11399999999999999,21.19,10.18,16.42,26.59,31.43,16.67,215.0,0.271,45.0,20.93,17.0,7.91,0.841,0.2289999999999999,23.04,11.89,15.13,27.02,29.81,15.52
745802,2024-06-30,2024,676694,R,622663,R,field_out,False,False,163.0,0.264,40.0,24.54,10.0,6.13,0.762,0.175,32.1,15.4,16.28,31.68,32.31,24.1,263.0,0.218,69.0,26.24,18.0,6.84,0.6459999999999999,0.146,25.89,12.2,16.27,28.47,24.49,21.12,189.0,0.193,37.0,19.58,19.0,10.05,0.587,0.11399999999999999,21.19,10.18,16.42,26.59,31.43,16.67,215.0,0.271,45.0,20.93,17.0,7.91,0.841,0.2289999999999999,23.04,11.89,15.13,27.02,29.81,15.52
745802,2024-06-30,2024,572138,L,622663,R,field_out,False,False,158.0,0.239,36.0,22.78,22.0,13.92,0.687,0.10400000000000004,27.09,10.97,18.55,29.52,21.07,21.18,79.0,0.13,19.0,24.05,9.0,11.39,0.402,0.0439999999999999,22.79,9.69,16.56,26.25,24.43,21.11,185.0,0.246,34.0,18.38,12.0,6.49,0.645,0.08900000000000002,19.47,10.48,12.61,23.09,26.0,15.74,203.0,0.333,34.0,16.75,17.0,8.37,1.005,0.2789999999999999,18.23,9.28,14.43,23.71,28.29,13.71
745802,2024-06-30,2024,665161,R,622663,R,field_out,False,False,237.0,0.275,46.0,19.41,13.0,5.49,0.6779999999999999,0.07799999999999996,25.28,12.93,15.59,28.52,35.59,17.1,461.0,0.239,107.0,23.21,34.0,7.38,0.655,0.1089999999999999,30.36,15.5,13.92,29.42,35.52,20.7,189.0,0.193,37.0,19.58,19.0,10.05,0.587,0.11399999999999999,21.19,10.18,16.42,26.59,31.43,16.67,215.0,0.271,45.0,20.93,17.0,7.91,0.841,0.2289999999999999,23.04,11.89,15.13,27.02,29.81,15.52
745802,2024-06-30,2024,502110,R,681869,R,field_out,False,False,161.0,0.267,45.0,27.95,11.0,6.83,0.782,0.192,29.38,14.62,15.86,30.48,30.91,20.64,343.0,0.27,106.0,30.9,21.0,6.12,0.8799999999999999,0.2979999999999999,35.71,19.2,12.73,31.93,33.23,24.42,46.0,0.308,11.0,23.91,3.0,6.52,0.758,0.10199999999999998,19.51,8.79,15.38,24.18,21.59,27.5,17.0,0.286,4.0,23.53,2.0,11.76,0.71,0.071,35.14,19.12,11.76,30.88,28.57,18.18
745802,2024-06-30,2024,624413,R,681869,R,walk,False,True,260.0,0.246,51.0,19.62,26.0,10.0,0.784,0.21000000000000002,22.6,9.89,19.78,29.67,28.11,17.48,475.0,0.214,109.0,22.95,44.0,9.26,0.8069999999999999,0.281,26.53,11.43,18.24,29.67,27.59,22.11,46.0,0.308,11.0,23.91,3.0,6.52,0.758,0.10199999999999998,19.51,8.79,15.38,24.18,21.59,27.5,17.0,0.286,4.0,23.53,2.0,11.76,0.71,0.071,35.14,19.12,11.76,30.88,28.57,18.18
745802,2024-06-30,2024,621466,L,687911,L,field_out,False,False,12.0,0.0,4.0,33.33,2.0,16.67,0.25,0.0,38.89,15.22,21.74,36.96,15.0,25.0,49.0,0.154,13.0,26.53,5.0,10.2,0.594,0.1279999999999999,35.48,16.84,11.73,28.57,26.67,26.53,4.0,0.333,2.0,50.0,0.0,0.0,0.833,0.0,20.0,10.53,21.05,31.58,16.67,22.22,,,,,,,,,,,,,,
745802,2024-06-30,2024,668901,R,687911,L,walk,False,True,58.0,0.34,11.0,18.97,5.0,8.62,1.057,0.32,26.36,14.43,10.45,24.88,31.78,23.91,88.0,0.214,30.0,34.09,2.0,2.27,0.584,0.1309999999999999,40.66,21.26,14.94,36.21,36.02,26.79,7.0,0.143,1.0,14.29,0.0,0.0,0.42899999999999994,0.143,16.67,7.69,19.23,26.92,23.08,12.5,,,,,,,,,,,,,,
745802,2024-06-30,2024,621438,R,687911,L,field_out,False,False,57.0,0.2,12.0,21.05,2.0,3.51,0.483,0.05499999999999999,23.3,11.48,18.18,29.67,33.33,21.82,81.0,0.241,18.0,22.22,2.0,2.47,0.7270000000000001,0.227,24.34,12.94,16.43,29.37,33.06,22.22,7.0,0.143,1.0,14.29,0.0,0.0,0.42899999999999994,0.143,16.67,7.69,19.23,26.92,23.08,12.5,,,,,,,,,,,,,,
745802,2024-06-30,2024,643289,R,622663,R,single,False,False,149.0,0.286,11.0,7.38,5.0,3.36,0.69,0.09300000000000003,17.22,10.2,12.15,22.34,41.06,9.02,375.0,0.263,58.0,15.47,13.0,3.47,0.6779999999999999,0.124,19.01,10.95,13.18,24.13,40.64,15.68,189.0,0.193,37.0,19.58,19.0,10.05,0.587,0.11399999999999999,21.19,10.18,16.42,26.59,31.43,16.67,215.0,0.271,45.0,20.93,17.0,7.91,0.841,0.2289999999999999,23.04,11.89,15.13,27.02,29.81,15.52
745802,2024-06-30,2024,663550,L,622663,R,field_out,False,False,40.0,0.289,9.0,22.5,2.0,5.0,0.772,0.15800000000000003,28.21,15.6,9.93,25.53,30.43,21.95,52.0,0.22,24.0,46.15,1.0,1.92,0.5710000000000001,0.12,50.0,32.99,6.09,39.09,46.53,37.5,185.0,0.246,34.0,18.38,12.0,6.49,0.645,0.08900000000000002,19.47,10.48,12.61,23.09,26.0,15.74,203.0,0.333,34.0,16.75,17.0,8.37,1.005,0.2789999999999999,18.23,9.28,14.43,23.71,28.29,13.71
745802,2024-06-30,2024,514888,R,622663,R,single,False,False,265.0,0.285,53.0,20.0,17.0,6.42,0.788,0.17000000000000004,22.11,11.38,16.06,27.45,38.38,20.54,297.0,0.322,55.0,18.52,32.0,10.77,0.941,0.218,19.43,8.47,19.0,27.48,31.81,17.74,189.0,0.193,37.0,19.58,19.0,10.05,0.587,0.11399999999999999,21.19,10.18,16.42,26.59,31.43,16.67,215.0,0.271,45.0,20.93,17.0,7.91,0.841,0.2289999999999999,23.04,11.89,15.13,27.02,29.81,15.52
745802,2024-06-30,2024,608324,R,622663,R,double_play,False,False,234.0,0.268,39.0,16.67,20.0,8.55,0.761,0.15799999999999997,15.7,7.02,18.79,25.81,23.91,13.4,508.0,0.282,67.0,13.19,65.0,12.8,0.8500000000000001,0.186,14.53,5.58,19.65,25.23,16.96,12.88,189.0,0.193,37.0,19.58,19.0,10.05,0.587,0.11399999999999999,21.19,10.18,16.42,26.59,31.43,16.67,215.0,0.271,45.0,20.93,17.0,7.91,0.841,0.2289999999999999,23.04,11.89,15.13,27.02,29.81,15.52
745802,2024-06-30,2024,620443,R,687911,L,field_out,False,False,11.0,0.4,3.0,27.27,1.0,9.09,1.455,0.6,33.33,18.0,12.0,30.0,32.0,16.67,21.0,0.3,6.0,28.57,1.0,4.76,0.7330000000000001,0.1,28.57,16.87,12.05,28.92,44.19,25.0,7.0,0.143,1.0,14.29,0.0,0.0,0.42899999999999994,0.143,16.67,7.69,19.23,26.92,23.08,12.5,,,,,,,,,,,,,,
745802,2024-06-30,2024,643446,L,687911,L,strikeout,True,False,79.0,0.253,10.0,12.66,3.0,3.8,0.611,0.067,12.58,6.64,10.96,17.61,25.69,11.76,201.0,0.294,17.0,8.46,14.0,6.97,0.753,0.09,12.21,6.17,14.39,20.56,24.68,10.37,4.0,0.333,2.0,50.0,0.0,0.0,0.833,0.0,20.0,10.53,21.05,31.58,16.67,22.22,,,,,,,,,,,,,,
745802,2024-06-30,2024,596019,R,687911,L,field_out,False,False,88.0,0.3,7.0,7.95,5.0,5.68,0.902,0.23800000000000004,14.94,7.03,17.13,24.16,23.75,9.46,204.0,0.281,35.0,17.16,15.0,7.35,0.916,0.2919999999999999,20.49,9.45,15.99,25.44,24.88,16.36,7.0,0.143,1.0,14.29,0.0,0.0,0.42899999999999994,0.143,16.67,7.69,19.23,26.92,23.08,12.5,,,,,,,,,,,,,,
745802,2024-06-30,2024,670541,L,622663,R,field_out,False,False,223.0,0.27,32.0,14.35,23.0,10.31,0.869,0.245,19.79,9.05,16.28,25.33,30.47,14.48,322.0,0.292,55.0,17.08,49.0,15.22,1.044,0.333,21.1,8.88,15.37,24.25,23.99,15.32,185.0,0.246,34.0,18.38,12.0,6.49,0.645,0.08900000000000002,19.47,10.48,12.61,23.09,26.0,15.74,203.0,0.333,34.0,16.75,17.0,8.37,1.005,0.2789999999999999,18.23,9.28,14.43,23.71,28.29,13.71
745802,2024-06-30,2024,673237,R,622663,R,strikeout,True,False,203.0,0.272,28.0,13.79,7.0,3.45,0.711,0.14699999999999996,20.35,11.76,10.6,22.35,43.04,14.89,274.0,0.307,47.0,17.15,7.0,2.55,0.931,0.292,24.58,14.19,11.31,25.51,43.08,17.42,189.0,0.193,37.0,19.58,19.0,10.05,0.587,0.11399999999999999,21.19,10.18,16.42,26.59,31.43,16.67,215.0,0.271,45.0,20.93,17.0,7.91,0.841,0.2289999999999999,23.04,11.89,15.13,27.02,29.81,15.52
745802,2024-06-30,2024,676694,R,622663,R,field_out,False,False,163.0,0.264,40.0,24.54,10.0,6.13,0.762,0.175,32.1,15.4,16.28,31.68,32.31,24.1,263.0,0.218,69.0,26.24,18.0,6.84,0.6459999999999999,0.146,25.89,12.2,16.27,28.47,24.49,21.12,189.0,0.193,37.0,19.58,19.0,10.05,0.587,0.11399999999999999,21.19,10.18,16.42,26.59,31.43,16.67,215.0,0.271,45.0,20.93,17.0,7.91,0.841,0.2289999999999999,23.04,11.89,15.13,27.02,29.81,15.52
745802,2024-06-30,2024,607043,L,661527,R,single,False,False,249.0,0.233,60.0,24.1,40.0,16.06,0.788,0.18299999999999997,23.26,9.69,16.49,26.18,21.24,16.85,448.0,0.266,98.0,21.88,60.0,13.39,0.874,0.235,20.87,8.67,19.47,28.14,19.23,16.42,64.0,0.263,4.0,6.25,7.0,10.94,0.7649999999999999,0.15799999999999997,19.05,8.0,14.4,22.4,18.94,7.02,82.0,0.333,11.0,13.41,16.0,19.51,0.948,0.1519999999999999,25.17,10.82,14.04,24.85,24.73,10.58
745802,2024-06-30,2024,502110,R,661527,R,strikeout,True,False,161.0,0.267,45.0,27.95,11.0,6.83,0.782,0.192,29.38,14.62,15.86,30.48,30.91,20.64,343.0,0.27,106.0,30.9,21.0,6.12,0.8799999999999999,0.2979999999999999,35.71,19.2,12.73,31.93,33.23,24.42,90.0,0.16,19.0,21.11,6.0,6.67,0.516,0.11200000000000002,26.83,12.72,17.92,30.64,31.87,18.27,113.0,0.221,34.0,30.09,3.0,2.65,0.687,0.183,25.62,12.06,18.56,30.63,28.44,23.61
745802,2024-06-30,2024,624413,R,661527,R,double,False,False,260.0,0.246,51.0,19.62,26.0,10.0,0.784,0.21000000000000002,22.6,9.89,19.78,29.67,28.11,17.48,475.0,0.214,109.0,22.95,44.0,9.26,0.8069999999999999,0.281,26.53,11.43,18.24,29.67,27.59,22.11,90.0,0.16,19.0,21.11,6.0,6.67,0.516,0.11200000000000002,26.83,12.72,17.92,30.64,31.87,18.27,113.0,0.221,34.0,30.09,3.0,2.65,0.687,0.183,25.62,12.06,18.56,30.63,28.44,23.61
745802,2024-06-30,2024,621466,L,661527,R,strikeout,True,False,140.0,0.204,32.0,22.86,23.0,16.43,0.722,0.168,30.13,12.34,15.74,28.09,13.82,21.19,136.0,0.273,43.0,31.62,10.0,7.35,0.92,0.3059999999999999,35.89,18.63,10.49,29.11,25.44,24.85,64.0,0.263,4.0,6.25,7.0,10.94,0.7649999999999999,0.15799999999999997,19.05,8.0,14.4,22.4,18.94,7.02,82.0,0.333,11.0,13.41,16.0,19.51,0.948,0.1519999999999999,25.17,10.82,14.04,24.85,24.73,10.58
745802,2024-06-30,2024,668901,R,661527,R,double,False,False,83.0,0.253,21.0,25.3,7.0,8.43,0.8200000000000001,0.254,37.74,19.11,14.97,34.08,30.32,23.86,145.0,0.209,41.0,28.28,8.0,5.52,0.643,0.172,34.08,18.24,17.03,35.27,36.73,29.93,90.0,0.16,19.0,21.11,6.0,6.67,0.516,0.11200000000000002,26.83,12.72,17.92,30.64,31.87,18.27,113.0,0.221,34.0,30.09,3.0,2.65,0.687,0.183,25.62,12.06,18.56,30.63,28.44,23.61
745802,2024-06-30,2024,621438,R,661527,R,field_out,False,False,109.0,0.255,23.0,21.1,6.0,5.5,0.764,0.194,20.2,9.71,19.42,29.13,29.44,18.7,162.0,0.23,37.0,22.84,6.0,3.7,0.706,0.204,25.24,12.91,16.56,29.47,36.98,19.47,90.0,0.16,19.0,21.11,6.0,6.67,0.516,0.11200000000000002,26.83,12.72,17.92,30.64,31.87,18.27,113.0,0.221,34.0,30.09,3.0,2.65,0.687,0.183,25.62,12.06,18.56,30.63,28.44,23.61
745802,2024-06-30,2024,572138,L,622663,R,single,False,False,158.0,0.239,36.0,22.78,22.0,13.92,0.687,0.10400000000000004,27.09,10.97,18.55,29.52,21.07,21.18,79.0,0.13,19.0,24.05,9.0,11.39,0.402,0.0439999999999999,22.79,9.69,16.56,26.25,24.43,21.11,185.0,0.246,34.0,18.38,12.0,6.49,0.645,0.08900000000000002,19.47,10.48,12.61,23.09,26.0,15.74,203.0,0.333,34.0,16.75,17.0,8.37,1.005,0.2789999999999999,18.23,9.28,14.43,23.71,28.29,13.71
745802,2024-06-30,2024,665161,R,622663,R,field_out,False,False,237.0,0.275,46.0,19.41,13.0,5.49,0.6779999999999999,0.07799999999999996,25.28,12.93,15.59,28.52,35.59,17.1,461.0,0.239,107.0,23.21,34.0,7.38,0.655,0.1089999999999999,30.36,15.5,13.92,29.42,35.52,20.7,189.0,0.193,37.0,19.58,19.0,10.05,0.587,0.11399999999999999,21.19,10.18,16.42,26.59,31.43,16.67,215.0,0.271,45.0,20.93,17.0,7.91,0.841,0.2289999999999999,23.04,11.89,15.13,27.02,29.81,15.52
745802,2024-06-30,2024,643289,R,622663,R,strikeout,True,False,149.0,0.286,11.0,7.38,5.0,3.36,0.69,0.09300000000000003,17.22,10.2,12.15,22.34,41.06,9.02,375.0,0.263,58.0,15.47,13.0,3.47,0.6779999999999999,0.124,19.01,10.95,13.18,24.13,40.64,15.68,189.0,0.193,37.0,19.58,19.0,10.05,0.587,0.11399999999999999,21.19,10.18,16.42,26.59,31.43,16.67,215.0,0.271,45.0,20.93,17.0,7.91,0.841,0.2289999999999999,23.04,11.89,15.13,27.02,29.81,15.52
745802,2024-06-30,2024,663550,L,622663,R,double,False,False,40.0,0.289,9.0,22.5,2.0,5.0,0.772,0.15800000000000003,28.21,15.6,9.93,25.53,30.43,21.95,52.0,0.22,24.0,46.15,1.0,1.92,0.5710000000000001,0.12,50.0,32.99,6.09,39.09,46.53,37.5,185.0,0.246,34.0,18.38,12.0,6.49,0.645,0.08900000000000002,19.47,10.48,12.61,23.09,26.0,15.74,203.0,0.333,34.0,16.75,17.0,8.37,1.005,0.2789999999999999,18.23,9.28,14.43,23.71,28.29,13.71
745802,2024-06-30,2024,514888,R,622663,R,field_out,False,False,265.0,0.285,53.0,20.0,17.0,6.42,0.788,0.17000000000000004,22.11,11.38,16.06,27.45,38.38,20.54,297.0,0.322,55.0,18.52,32.0,10.77,0.941,0.218,19.43,8.47,19.0,27.48,31.81,17.74,189.0,0.193,37.0,19.58,19.0,10.05,0.587,0.11399999999999999,21.19,10.18,16.42,26.59,31.43,16.67,215.0,0.271,45.0,20.93,17.0,7.91,0.841,0.2289999999999999,23.04,11.89,15.13,27.02,29.81,15.52
745802,2024-06-30,2024,620443,R,650556,R,walk,False,True,16.0,0.333,2.0,12.5,1.0,6.25,0.975,0.26699999999999996,19.23,7.94,25.4,33.33,17.86,11.11,9.0,0.125,3.0,33.33,0.0,0.0,0.472,0.125,20.0,6.98,20.93,27.91,29.63,25.0,76.0,0.13,32.0,42.11,6.0,7.89,0.443,0.10200000000000001,35.1,16.46,18.63,35.09,31.68,30.77,143.0,0.171,50.0,34.97,11.0,7.69,0.51,0.1,41.52,19.59,17.04,36.63,32.11,25.64
745802,2024-06-30,2024,643446,L,650556,R,strikeout,True,False,198.0,0.208,21.0,10.61,16.0,8.08,0.5880000000000001,0.101,13.24,6.82,14.08,20.9,27.81,11.73,447.0,0.26,48.0,10.74,25.0,5.59,0.6930000000000001,0.1149999999999999,14.08,7.59,11.21,18.8,32.05,12.57,86.0,0.279,21.0,24.42,14.0,16.28,0.871,0.16199999999999998,28.47,11.82,17.87,29.68,20.11,22.34,145.0,0.185,50.0,34.48,20.0,13.79,0.611,0.118,37.97,16.01,17.43,33.44,22.96,29.94
745802,2024-06-30,2024,596019,L,650556,R,field_out,False,False,275.0,0.236,55.0,20.0,20.0,7.27,0.718,0.179,22.97,11.12,15.79,26.92,26.28,17.46,483.0,0.242,102.0,21.12,51.0,10.56,0.757,0.182,23.68,11.49,14.35,25.84,28.12,17.29,86.0,0.279,21.0,24.42,14.0,16.28,0.871,0.16199999999999998,28.47,11.82,17.87,29.68,20.11,22.34,145.0,0.185,50.0,34.48,20.0,13.79,0.611,0.118,37.97,16.01,17.43,33.44,22.96,29.94
745802,2024-06-30,2024,607043,L,650556,R,home_run,False,False,249.0,0.233,60.0,24.1,40.0,16.06,0.788,0.18299999999999997,23.26,9.69,16.49,26.18,21.24,16.85,448.0,0.266,98.0,21.88,60.0,13.39,0.874,0.235,20.87,8.67,19.47,28.14,19.23,16.42,86.0,0.279,21.0,24.42,14.0,16.28,0.871,0.16199999999999998,28.47,11.82,17.87,29.68,20.11,22.34,145.0,0.185,50.0,34.48,20.0,13.79,0.611,0.118,37.97,16.01,17.43,33.44,22.96,29.94
745802,2024-06-30,2024,502110,R,650556,R,walk,False,True,161.0,0.267,45.0,27.95,11.0,6.83,0.782,0.192,29.38,14.62,15.86,30.48,30.91,20.64,343.0,0.27,106.0,30.9,21.0,6.12,0.8799999999999999,0.2979999999999999,35.71,19.2,12.73,31.93,33.23,24.42,76.0,0.13,32.0,42.11,6.0,7.89,0.443,0.10200000000000001,35.1,16.46,18.63,35.09,31.68,30.77,143.0,0.171,50.0,34.97,11.0,7.69,0.51,0.1,41.52,19.59,17.04,36.63,32.11,25.64
745802,2024-06-30,2024,624413,R,650556,R,strikeout,True,False,260.0,0.246,51.0,19.62,26.0,10.0,0.784,0.21000000000000002,22.6,9.89,19.78,29.67,28.11,17.48,475.0,0.214,109.0,22.95,44.0,9.26,0.8069999999999999,0.281,26.53,11.43,18.24,29.67,27.59,22.11,76.0,0.13,32.0,42.11,6.0,7.89,0.443,0.10200000000000001,35.1,16.46,18.63,35.09,31.68,30.77,143.0,0.171,50.0,34.97,11.0,7.69,0.51,0.1,41.52,19.59,17.04,36.63,32.11,25.64
745802,2024-06-30,2024,608324,R,605288,R,field_out,False,False,234.0,0.268,39.0,16.67,20.0,8.55,0.761,0.15799999999999997,15.7,7.02,18.79,25.81,23.91,13.4,508.0,0.282,67.0,13.19,65.0,12.8,0.8500000000000001,0.186,14.53,5.58,19.65,25.23,16.96,12.88,128.0,0.259,20.0,15.62,13.0,10.16,0.701,0.09799999999999998,15.85,6.58,22.9,29.48,18.18,18.52,261.0,0.277,50.0,19.16,11.0,4.21,0.681,0.0959999999999999,18.24,8.65,19.33,27.98,31.95,16.78
745802,2024-06-30,2024,670541,L,605288,R,field_out,False,False,223.0,0.27,32.0,14.35,23.0,10.31,0.869,0.245,19.79,9.05,16.28,25.33,30.47,14.48,322.0,0.292,55.0,17.08,49.0,15.22,1.044,0.333,21.1,8.88,15.37,24.25,23.99,15.32,134.0,0.261,15.0,11.19,17.0,12.69,0.77,0.14799999999999996,18.99,8.84,12.77,21.61,22.96,10.71,220.0,0.268,46.0,20.91,23.0,10.45,0.7929999999999999,0.18,19.51,8.22,17.92,26.14,20.53,18.62
745802,2024-06-30,2024,673237,R,605288,R,double,False,False,203.0,0.272,28.0,13.79,7.0,3.45,0.711,0.14699999999999996,20.35,11.76,10.6,22.35,43.04,14.89,274.0,0.307,47.0,17.15,7.0,2.55,0.931,0.292,24.58,14.19,11.31,25.51,43.08,17.42,128.0,0.259,20.0,15.62,13.0,10.16,0.701,0.09799999999999998,15.85,6.58,22.9,29.48,18.18,18.52,261.0,0.277,50.0,19.16,11.0,4.21,0.681,0.0959999999999999,18.24,8.65,19.33,27.98,31.95,16.78
745802,2024-06-30,2024,676694,R,605288,R,strikeout,True,False,163.0,0.264,40.0,24.54,10.0,6.13,0.762,0.175,32.1,15.4,16.28,31.68,32.31,24.1,263.0,0.218,69.0,26.24,18.0,6.84,0.6459999999999999,0.146,25.89,12.2,16.27,28.47,24.49,21.12,128.0,0.259,20.0,15.62,13.0,10.16,0.701,0.09799999999999998,15.85,6.58,22.9,29.48,18.18,18.52,261.0,0.277,50.0,19.16,11.0,4.21,0.681,0.0959999999999999,18.24,8.65,19.33,27.98,31.95,16.78
745802,2024-06-30,2024,621466,L,519151,R,field_out,False,False,140.0,0.204,32.0,22.86,23.0,16.43,0.722,0.168,30.13,12.34,15.74,28.09,13.82,21.19,136.0,0.273,43.0,31.62,10.0,7.35,0.92,0.3059999999999999,35.89,18.63,10.49,29.11,25.44,24.85,73.0,0.269,24.0,32.88,4.0,5.48,0.649,0.07400000000000001,26.81,11.94,20.0,31.94,27.81,22.86,138.0,0.217,38.0,27.54,6.0,4.35,0.649,0.178,31.54,15.68,16.63,32.31,35.45,25.0
745802,2024-06-30,2024,668901,R,519151,R,field_out,False,False,83.0,0.253,21.0,25.3,7.0,8.43,0.8200000000000001,0.254,37.74,19.11,14.97,34.08,30.32,23.86,145.0,0.209,41.0,28.28,8.0,5.52,0.643,0.172,34.08,18.24,17.03,35.27,36.73,29.93,67.0,0.293,15.0,22.39,6.0,8.96,0.871,0.22400000000000003,27.41,14.62,13.44,28.06,32.48,19.23,130.0,0.222,36.0,27.69,10.0,7.69,0.593,0.094,31.52,16.14,16.14,32.27,33.46,24.32
745802,2024-06-30,2024,621438,R,519151,R,field_out,False,False,109.0,0.255,23.0,21.1,6.0,5.5,0.764,0.194,20.2,9.71,19.42,29.13,29.44,18.7,162.0,0.23,37.0,22.84,6.0,3.7,0.706,0.204,25.24,12.91,16.56,29.47,36.98,19.47,67.0,0.293,15.0,22.39,6.0,8.96,0.871,0.22400000000000003,27.41,14.62,13.44,28.06,32.48,19.23,130.0,0.222,36.0,27.69,10.0,7.69,0.593,0.094,31.52,16.14,16.14,32.27,33.46,24.32
745802,2024-06-30,2024,572138,L,605288,R,single,False,False,158.0,0.239,36.0,22.78,22.0,13.92,0.687,0.10400000000000004,27.09,10.97,18.55,29.52,21.07,21.18,79.0,0.13,19.0,24.05,9.0,11.39,0.402,0.0439999999999999,22.79,9.69,16.56,26.25,24.43,21.11,134.0,0.261,15.0,11.19,17.0,12.69,0.77,0.14799999999999996,18.99,8.84,12.77,21.61,22.96,10.71,220.0,0.268,46.0,20.91,23.0,10.45,0.7929999999999999,0.18,19.51,8.22,17.92,26.14,20.53,18.62
745802,2024-06-30,2024,665161,R,605288,R,field_out,False,False,237.0,0.275,46.0,19.41,13.0,5.49,0.6779999999999999,0.07799999999999996,25.28,12.93,15.59,28.52,35.59,17.1,461.0,0.239,107.0,23.21,34.0,7.38,0.655,0.1089999999999999,30.36,15.5,13.92,29.42,35.52,20.7,128.0,0.259,20.0,15.62,13.0,10.16,0.701,0.09799999999999998,15.85,6.58,22.9,29.48,18.18,18.52,261.0,0.277,50.0,19.16,11.0,4.21,0.681,0.0959999999999999,18.24,8.65,19.33,27.98,31.95,16.78
745802,2024-06-30,2024,643289,R,605288,R,field_out,False,False,149.0,0.286,11.0,7.38,5.0,3.36,0.69,0.09300000000000003,17.22,10.2,12.15,22.34,41.06,9.02,375.0,0.263,58.0,15.47,13.0,3.47,0.6779999999999999,0.124,19.01,10.95,13.18,24.13,40.64,15.68,128.0,0.259,20.0,15.62,13.0,10.16,0.701,0.09799999999999998,15.85,6.58,22.9,29.48,18.18,18.52,261.0,0.277,50.0,19.16,11.0,4.21,0.681,0.0959999999999999,18.24,8.65,19.33,27.98,31.95,16.78
745802,2024-06-30,2024,620443,R,605463,R,field_out,False,False,16.0,0.333,2.0,12.5,1.0,6.25,0.975,0.26699999999999996,19.23,7.94,25.4,33.33,17.86,11.11,9.0,0.125,3.0,33.33,0.0,0.0,0.472,0.125,20.0,6.98,20.93,27.91,29.63,25.0,81.0,0.183,23.0,28.4,9.0,11.11,0.5229999999999999,0.055999999999999994,32.21,13.75,19.2,32.95,25.41,19.49,61.0,0.37,12.0,19.67,4.0,6.56,1.074,0.278,22.52,10.82,16.02,26.84,31.45,17.91
745802,2024-06-30,2024,643446,L,605463,R,field_out,False,False,198.0,0.208,21.0,10.61,16.0,8.08,0.5880000000000001,0.101,13.24,6.82,14.08,20.9,27.81,11.73,447.0,0.26,48.0,10.74,25.0,5.59,0.6930000000000001,0.1149999999999999,14.08,7.59,11.21,18.8,32.05,12.57,83.0,0.13,15.0,18.07,10.0,12.05,0.418,0.043999999999999984,26.0,11.57,16.62,28.19,27.57,16.67,27.0,0.15,5.0,18.52,6.0,22.22,0.72,0.1999999999999999,30.23,11.3,12.17,23.48,18.33,15.62
745802,2024-06-30,2024,596019,L,605463,R,field_out,False,False,275.0,0.236,55.0,20.0,20.0,7.27,0.718,0.179,22.97,11.12,15.79,26.92,26.28,17.46,483.0,0.242,102.0,21.12,51.0,10.56,0.757,0.182,23.68,11.49,14.35,25.84,28.12,17.29,83.0,0.13,15.0,18.07,10.0,12.05,0.418,0.043999999999999984,26.0,11.57,16.62,28.19,27.57,16.67,27.0,0.15,5.0,18.52,6.0,22.22,0.72,0.1999999999999999,30.23,11.3,12.17,23.48,18.33,15.62
745802,2024-06-30,2024,663550,L,493603,R,field_out,False,False,40.0,0.289,9.0,22.5,2.0,5.0,0.772,0.15800000000000003,28.21,15.6,9.93,25.53,30.43,21.95,52.0,0.22,24.0,46.15,1.0,1.92,0.5710000000000001,0.12,50.0,32.99,6.09,39.09,46.53,37.5,56.0,0.255,17.0,30.36,6.0,10.71,0.825,0.21300000000000002,30.63,14.41,18.64,33.05,34.4,20.48,100.0,0.217,25.0,25.0,15.0,15.0,0.789,0.229,29.28,12.96,16.63,29.58,29.03,21.74
745802,2024-06-30,2024,676801,R,493603,R,single,False,False,99.0,0.225,30.0,30.3,7.0,7.07,0.6539999999999999,0.146,33.33,16.25,15.25,31.5,31.02,22.48,319.0,0.25,82.0,25.71,27.0,8.46,0.769,0.186,28.62,13.94,15.79,29.73,30.75,21.75,81.0,0.194,26.0,32.1,6.0,7.41,0.539,0.07,26.56,10.43,23.62,34.05,23.17,25.49,161.0,0.203,37.0,22.98,14.0,8.7,0.581,0.072,23.79,9.42,23.0,32.43,25.31,19.89
745802,2024-06-30,2024,608324,R,493603,R,field_out,False,False,234.0,0.268,39.0,16.67,20.0,8.55,0.761,0.15799999999999997,15.7,7.02,18.79,25.81,23.91,13.4,508.0,0.282,67.0,13.19,65.0,12.8,0.8500000000000001,0.186,14.53,5.58,19.65,25.23,16.96,12.88,81.0,0.194,26.0,32.1,6.0,7.41,0.539,0.07,26.56,10.43,23.62,34.05,23.17,25.49,161.0,0.203,37.0,22.98,14.0,8.7,0.581,0.072,23.79,9.42,23.0,32.43,25.31,19.89
745802,2024-06-30,2024,607043,L,605463,R,double,False,False,249.0,0.233,60.0,24.1,40.0,16.06,0.788,0.18299999999999997,23.26,9.69,16.49,26.18,21.24,16.85,448.0,0.266,98.0,21.88,60.0,13.39,0.874,0.235,20.87,8.67,19.47,28.14,19.23,16.42,83.0,0.13,15.0,18.07,10.0,12.05,0.418,0.043999999999999984,26.0,11.57,16.62,28.19,27.57,16.67,27.0,0.15,5.0,18.52,6.0,22.22,0.72,0.1999999999999999,30.23,11.3,12.17,23.48,18.33,15.62
745802,2024-06-30,2024,502110,R,605463,R,strikeout,True,False,161.0,0.267,45.0,27.95,11.0,6.83,0.782,0.192,29.38,14.62,15.86,30.48,30.91,20.64,343.0,0.27,106.0,30.9,21.0,6.12,0.8799999999999999,0.2979999999999999,35.71,19.2,12.73,31.93,33.23,24.42,81.0,0.183,23.0,28.4,9.0,11.11,0.5229999999999999,0.055999999999999994,32.21,13.75,19.2,32.95,25.41,19.49,61.0,0.37,12.0,19.67,4.0,6.56,1.074,0.278,22.52,10.82,16.02,26.84,31.45,17.91
745802,2024-06-30,2024,624413,R,605463,R,intent_walk,False,True,260.0,0.246,51.0,19.62,26.0,10.0,0.784,0.21000000000000002,22.6,9.89,19.78,29.67,28.11,17.48,475.0,0.214,109.0,22.95,44.0,9.26,0.8069999999999999,0.281,26.53,11.43,18.24,29.67,27.59,22.11,81.0,0.183,23.0,28.4,9.0,11.11,0.5229999999999999,0.055999999999999994,32.21,13.75,19.2,32.95,25.41,19.49,61.0,0.37,12.0,19.67,4.0,6.56,1.074,0.278,22.52,10.82,16.02,26.84,31.45,17.91
745802,2024-06-30,2024,664056,R,605463,R,field_out,False,False,161.0,0.3,35.0,21.74,7.0,4.35,0.789,0.14700000000000002,25.27,11.99,20.55,32.53,35.27,22.15,248.0,0.207,45.0,18.15,9.0,3.63,0.504,0.056,25.06,12.41,16.74,29.16,37.02,20.45,81.0,0.183,23.0,28.4,9.0,11.11,0.5229999999999999,0.055999999999999994,32.21,13.75,19.2,32.95,25.41,19.49,61.0,0.37,12.0,19.67,4.0,6.56,1.074,0.278,22.52,10.82,16.02,26.84,31.45,17.91
745802,2024-06-30,2024,668901,R,605463,R,field_out,False,False,83.0,0.253,21.0,25.3,7.0,8.43,0.8200000000000001,0.254,37.74,19.11,14.97,34.08,30.32,23.86,145.0,0.209,41.0,28.28,8.0,5.52,0.643,0.172,34.08,18.24,17.03,35.27,36.73,29.93,81.0,0.183,23.0,28.4,9.0,11.11,0.5229999999999999,0.055999999999999994,32.21,13.75,19.2,32.95,25.41,19.49,61.0,0.37,12.0,19.67,4.0,6.56,1.074,0.278,22.52,10.82,16.02,26.84,31.45,17.91
745802,2024-06-30,2024,670541,L,670036,R,intent_walk,False,True,223.0,0.27,32.0,14.35,23.0,10.31,0.869,0.245,19.79,9.05,16.28,25.33,30.47,14.48,322.0,0.292,55.0,17.08,49.0,15.22,1.044,0.333,21.1,8.88,15.37,24.25,23.99,15.32,,,,,,,,,,,,,,,20.0,0.071,5.0,25.0,6.0,30.0,0.493,0.072,26.83,11.34,11.34,22.68,20.0,16.13
745802,2024-06-30,2024,673237,R,670036,R,single,False,False,203.0,0.272,28.0,13.79,7.0,3.45,0.711,0.14699999999999996,20.35,11.76,10.6,22.35,43.04,14.89,274.0,0.307,47.0,17.15,7.0,2.55,0.931,0.292,24.58,14.19,11.31,25.51,43.08,17.42,,,,,,,,,,,,,,,23.0,0.176,8.0,34.78,6.0,26.09,0.8029999999999999,0.236,50.0,20.2,13.13,33.33,18.18,33.33
745802,2024-06-30,2024,676694,R,670036,R,single,False,False,163.0,0.264,40.0,24.54,10.0,6.13,0.762,0.175,32.1,15.4,16.28,31.68,32.31,24.1,263.0,0.218,69.0,26.24,18.0,6.84,0.6459999999999999,0.146,25.89,12.2,16.27,28.47,24.49,21.12,,,,,,,,,,,,,,,23.0,0.176,8.0,34.78,6.0,26.09,0.8029999999999999,0.236,50.0,20.2,13.13,33.33,18.18,33.33
745802,2024-06-30,2024,694388,L,670036,R,single,False,False,52.0,0.319,18.0,34.62,3.0,5.77,0.8200000000000001,0.128,34.0,17.89,15.79,33.68,38.14,33.96,,,,,,,,,,,,,,,,,,,,,,,,,,,,,20.0,0.071,5.0,25.0,6.0,30.0,0.493,0.072,26.83,11.34,11.34,22.68,20.0,16.13
745802,2024-06-30,2024,665161,R,670036,R,field_out,False,False,237.0,0.275,46.0,19.41,13.0,5.49,0.6779999999999999,0.07799999999999996,25.28,12.93,15.59,28.52,35.59,17.1,461.0,0.239,107.0,23.21,34.0,7.38,0.655,0.1089999999999999,30.36,15.5,13.92,29.42,35.52,20.7,,,,,,,,,,,,,,,23.0,0.176,8.0,34.78,6.0,26.09,0.8029999999999999,0.236,50.0,20.2,13.13,33.33,18.18,33.33
745802,2024-06-30,2024,643289,R,670036,R,field_out,False,False,149.0,0.286,11.0,7.38,5.0,3.36,0.69,0.09300000000000003,17.22,10.2,12.15,22.34,41.06,9.02,375.0,0.263,58.0,15.47,13.0,3.47,0.6779999999999999,0.124,19.01,10.95,13.18,24.13,40.64,15.68,,,,,,,,,,,,,,,23.0,0.176,8.0,34.78,6.0,26.09,0.8029999999999999,0.236,50.0,20.2,13.13,33.33,18.18,33.33
745802,2024-06-30,2024,663550,L,670036,R,double,False,False,40.0,0.289,9.0,22.5,2.0,5.0,0.772,0.15800000000000003,28.21,15.6,9.93,25.53,30.43,21.95,52.0,0.22,24.0,46.15,1.0,1.92,0.5710000000000001,0.12,50.0,32.99,6.09,39.09,46.53,37.5,,,,,,,,,,,,,,,20.0,0.071,5.0,25.0,6.0,30.0,0.493,0.072,26.83,11.34,11.34,22.68,20.0,16.13
745802,2024-06-30,2024,676801,R,670036,R,strikeout,True,False,99.0,0.225,30.0,30.3,7.0,7.07,0.6539999999999999,0.146,33.33,16.25,15.25,31.5,31.02,22.48,319.0,0.25,82.0,25.71,27.0,8.46,0.769,0.186,28.62,13.94,15.79,29.73,30.75,21.75,,,,,,,,,,,,,,,23.0,0.176,8.0,34.78,6.0,26.09,0.8029999999999999,0.236,50.0,20.2,13.13,33.33,18.18,33.33
745802,2024-06-30,2024,621438,R,664351,R,field_out,False,False,109.0,0.255,23.0,21.1,6.0,5.5,0.764,0.194,20.2,9.71,19.42,29.13,29.44,18.7,162.0,0.23,37.0,22.84,6.0,3.7,0.706,0.204,25.24,12.91,16.56,29.47,36.98,19.47,4.0,0.25,1.0,25.0,0.0,0.0,0.75,0.25,33.33,14.29,21.43,35.71,44.44,33.33,,,,,,,,,,,,,,
745802,2024-06-30,2024,620443,R,664351,R,field_out,False,False,16.0,0.333,2.0,12.5,1.0,6.25,0.975,0.26699999999999996,19.23,7.94,25.4,33.33,17.86,11.11,9.0,0.125,3.0,33.33,0.0,0.0,0.472,0.125,20.0,6.98,20.93,27.91,29.63,25.0,4.0,0.25,1.0,25.0,0.0,0.0,0.75,0.25,33.33,14.29,21.43,35.71,44.44,33.33,,,,,,,,,,,,,,
745802,2024-06-30,2024,643446,L,664351,R,field_out,False,False,198.0,0.208,21.0,10.61,16.0,8.08,0.5880000000000001,0.101,13.24,6.82,14.08,20.9,27.81,11.73,447.0,0.26,48.0,10.74,25.0,5.59,0.6930000000000001,0.1149999999999999,14.08,7.59,11.21,18.8,32.05,12.57,1.0,0.0,0.0,0.0,0.0,0.0,0.0,0.0,50.0,20.0,20.0,40.0,33.33,0.0,,,,,,,,,,,,,,
746209,2024-06-30,2024,628451,R,542881,L,triple,False,False,70.0,0.385,14.0,20.0,1.0,1.43,0.9380000000000001,0.15300000000000002,29.2,16.0,12.8,28.8,37.78,22.95,118.0,0.261,24.0,20.34,6.0,5.08,0.8200000000000001,0.262,23.36,12.59,13.85,26.45,37.13,23.53,304.0,0.221,47.0,15.46,34.0,11.18,0.6619999999999999,0.13099999999999998,26.24,12.63,15.81,28.45,30.07,16.49,491.0,0.266,93.0,18.94,44.0,8.96,0.783,0.181,28.26,14.37,13.47,27.84,30.37,16.52
746209,2024-06-30,2024,592192,R,542881,L,sac_fly,False,False,70.0,0.276,14.0,20.0,11.0,15.71,0.8480000000000001,0.172,23.58,9.27,18.85,28.12,17.65,13.59,168.0,0.264,23.0,13.69,21.0,12.5,0.825,0.2,17.23,7.09,21.84,28.93,23.86,9.54,304.0,0.221,47.0,15.46,34.0,11.18,0.6619999999999999,0.13099999999999998,26.24,12.63,15.81,28.45,30.07,16.49,491.0,0.266,93.0,18.94,44.0,8.96,0.783,0.181,28.26,14.37,13.47,27.84,30.37,16.52
746209,2024-06-30,2024,682985,L,542881,L,field_out,False,False,81.0,0.189,20.0,24.69,5.0,6.17,0.642,0.203,22.52,10.15,20.6,30.75,24.14,16.95,93.0,0.279,30.0,32.26,7.0,7.53,0.6930000000000001,0.0809999999999999,30.96,15.64,16.92,32.56,32.98,21.74,106.0,0.174,18.0,16.98,12.0,11.32,0.6739999999999999,0.21700000000000003,22.53,10.38,14.43,24.81,25.24,18.95,140.0,0.265,26.0,18.57,20.0,14.29,0.868,0.2219999999999999,26.0,11.84,15.3,27.14,26.32,15.85
746209,2024-06-30,2024,668670,R,542881,L,field_out,False,False,50.0,0.178,13.0,26.0,5.0,10.0,0.5489999999999999,0.11099999999999999,30.0,13.57,17.09,30.65,23.81,25.0,108.0,0.235,34.0,31.48,8.0,7.41,0.8600000000000001,0.326,32.64,14.72,17.76,32.48,23.9,29.06,304.0,0.221,47.0,15.46,34.0,11.18,0.6619999999999999,0.13099999999999998,26.24,12.63,15.81,28.45,30.07,16.49,491.0,0.266,93.0,18.94,44.0,8.96,0.783,0.181,28.26,14.37,13.47,27.84,30.37,16.52
746209,2024-06-30,2024,694384,L,663554,R,single,False,False,246.0,0.242,42.0,17.07,20.0,8.13,0.667,0.11399999999999999,15.46,6.75,20.46,27.22,24.42,14.55,104.0,0.291,15.0,14.42,14.0,13.46,0.7569999999999999,0.0579999999999999,18.78,8.02,17.92,25.94,20.47,11.45,170.0,0.258,32.0,18.82,13.0,7.65,0.692,0.119,23.51,10.82,17.32,28.14,25.29,14.29,,,,,,,,,,,,,,
746209,2024-06-30,2024,650859,L,663554,R,grounded_into_double_play,False,False,209.0,0.298,27.0,12.92,11.0,5.26,0.7649999999999999,0.121,20.3,10.96,11.64,22.6,31.88,12.74,322.0,0.24,60.0,18.63,31.0,9.63,0.7270000000000001,0.166,24.18,11.79,13.87,25.66,28.19,14.39,170.0,0.258,32.0,18.82,13.0,7.65,0.692,0.119,23.51,10.82,17.32,28.14,25.29,14.29,,,,,,,,,,,,,,
746209,2024-06-30,2024,621493,R,663554,R,field_out,False,False,274.0,0.216,66.0,24.09,31.0,11.31,0.715,0.19099999999999998,23.73,9.94,20.06,29.99,18.74,20.44,295.0,0.233,61.0,20.68,27.0,9.15,0.702,0.148,23.43,10.4,15.98,26.37,23.09,17.78,159.0,0.333,24.0,15.09,6.0,3.77,0.835,0.14399999999999996,18.32,9.67,13.93,23.61,28.19,10.96,,,,,,,,,,,,,,
746209,2024-06-30,2024,608348,R,542881,L,field_out,False,False,25.0,0.273,4.0,16.0,3.0,12.0,0.6779999999999999,0.044999999999999984,20.93,10.84,15.66,26.51,26.32,13.79,43.0,0.229,13.0,30.23,8.0,18.6,0.8009999999999999,0.1999999999999999,33.78,14.2,17.61,31.82,21.28,28.89,304.0,0.221,47.0,15.46,34.0,11.18,0.6619999999999999,0.13099999999999998,26.24,12.63,15.81,28.45,30.07,16.49,491.0,0.266,93.0,18.94,44.0,8.96,0.783,0.181,28.26,14.37,13.47,27.84,30.37,16.52
746209,2024-06-30,2024,672761,R,542881,L,field_out,False,False,56.0,0.288,13.0,23.21,4.0,7.14,0.7430000000000001,0.11600000000000005,15.93,7.86,13.97,21.83,32.28,17.33,,,,,,,,,,,,,,,304.0,0.221,47.0,15.46,34.0,11.18,0.6619999999999999,0.13099999999999998,26.24,12.63,15.81,28.45,30.07,16.49,491.0,0.266,93.0,18.94,44.0,8.96,0.783,0.181,28.26,14.37,13.47,27.84,30.37,16.52
746209,2024-06-30,2024,570482,R,542881,L,field_out,False,False,52.0,0.188,10.0,19.23,4.0,7.69,0.45799999999999996,0.01999999999999999,16.82,9.47,12.11,21.58,38.1,18.18,53.0,0.373,6.0,11.32,1.0,1.89,0.867,0.1169999999999999,13.56,7.96,11.94,19.9,44.55,8.82,304.0,0.221,47.0,15.46,34.0,11.18,0.6619999999999999,0.13099999999999998,26.24,12.63,15.81,28.45,30.07,16.49,491.0,0.266,93.0,18.94,44.0,8.96,0.783,0.181,28.26,14.37,13.47,27.84,30.37,16.52
746209,2024-06-30,2024,641432,L,663554,R,walk,False,True,141.0,0.292,20.0,14.18,10.0,7.09,0.778,0.14600000000000002,15.7,7.17,16.79,23.96,24.81,15.87,139.0,0.256,15.0,10.79,13.0,9.35,0.756,0.176,14.22,5.56,19.54,25.1,21.32,10.83,170.0,0.258,32.0,18.82,13.0,7.65,0.692,0.119,23.51,10.82,17.32,28.14,25.29,14.29,,,,,,,,,,,,,,
746209,2024-06-30,2024,593934,R,663554,R,walk,False,True,68.0,0.21,33.0,48.53,4.0,5.88,0.6040000000000001,0.12900000000000003,42.36,20.4,15.72,36.12,30.97,28.7,,,,,,,,,,,,,,,159.0,0.333,24.0,15.09,6.0,3.77,0.835,0.14399999999999996,18.32,9.67,13.93,23.61,28.19,10.96,,,,,,,,,,,,,,
746209,2024-06-30,2024,681351,R,663554,R,strikeout,True,False,207.0,0.288,52.0,25.12,12.0,5.8,0.827,0.20400000000000001,31.65,16.17,15.14,31.31,34.62,20.92,154.0,0.22,38.0,24.68,9.0,5.84,0.757,0.262,32.06,17.0,13.8,30.81,36.07,19.69,159.0,0.333,24.0,15.09,6.0,3.77,0.835,0.14399999999999996,18.32,9.67,13.93,23.61,28.19,10.96,,,,,,,,,,,,,,
746209,2024-06-30,2024,687263,R,663554,R,grounded_into_double_play,False,False,247.0,0.216,64.0,25.91,13.0,5.26,0.677,0.18900000000000003,29.02,15.19,14.97,30.16,34.53,22.61,262.0,0.222,62.0,23.66,18.0,6.87,0.6599999999999999,0.1349999999999999,28.77,13.7,16.19,29.89,23.52,18.84,159.0,0.333,24.0,15.09,6.0,3.77,0.835,0.14399999999999996,18.32,9.67,13.93,23.61,28.19,10.96,,,,,,,,,,,,,,
746209,2024-06-30,2024,669234,R,542881,L,single,False,False,12.0,0.222,5.0,41.67,2.0,16.67,0.75,0.11100000000000002,36.36,13.11,19.67,32.79,18.18,21.74,,,,,,,,,,,,,,,304.0,0.221,47.0,15.46,34.0,11.18,0.6619999999999999,0.13099999999999998,26.24,12.63,15.81,28.45,30.07,16.49,491.0,0.266,93.0,18.94,44.0,8.96,0.783,0.181,28.26,14.37,13.47,27.84,30.37,16.52
746209,2024-06-30,2024,668952,R,542881,L,strikeout,True,False,10.0,0.222,1.0,10.0,1.0,10.0,0.522,0.0,21.43,10.34,6.9,17.24,20.0,16.67,9.0,0.111,4.0,44.44,0.0,0.0,0.222,0.0,50.0,26.47,14.71,41.18,33.33,36.36,304.0,0.221,47.0,15.46,34.0,11.18,0.6619999999999999,0.13099999999999998,26.24,12.63,15.81,28.45,30.07,16.49,491.0,0.266,93.0,18.94,44.0,8.96,0.783,0.181,28.26,14.37,13.47,27.84,30.37,16.52
746209,2024-06-30,2024,628451,R,542881,L,single,False,False,70.0,0.385,14.0,20.0,1.0,1.43,0.9380000000000001,0.15300000000000002,29.2,16.0,12.8,28.8,37.78,22.95,118.0,0.261,24.0,20.34,6.0,5.08,0.8200000000000001,0.262,23.36,12.59,13.85,26.45,37.13,23.53,304.0,0.221,47.0,15.46,34.0,11.18,0.6619999999999999,0.13099999999999998,26.24,12.63,15.81,28.45,30.07,16.49,491.0,0.266,93.0,18.94,44.0,8.96,0.783,0.181,28.26,14.37,13.47,27.84,30.37,16.52
746209,2024-06-30,2024,592192,R,542881,L,strikeout,True,False,70.0,0.276,14.0,20.0,11.0,15.71,0.8480000000000001,0.172,23.58,9.27,18.85,28.12,17.65,13.59,168.0,0.264,23.0,13.69,21.0,12.5,0.825,0.2,17.23,7.09,21.84,28.93,23.86,9.54,304.0,0.221,47.0,15.46,34.0,11.18,0.6619999999999999,0.13099999999999998,26.24,12.63,15.81,28.45,30.07,16.49,491.0,0.266,93.0,18.94,44.0,8.96,0.783,0.181,28.26,14.37,13.47,27.84,30.37,16.52
746209,2024-06-30,2024,682985,L,542881,L,field_out,False,False,81.0,0.189,20.0,24.69,5.0,6.17,0.642,0.203,22.52,10.15,20.6,30.75,24.14,16.95,93.0,0.279,30.0,32.26,7.0,7.53,0.6930000000000001,0.0809999999999999,30.96,15.64,16.92,32.56,32.98,21.74,106.0,0.174,18.0,16.98,12.0,11.32,0.6739999999999999,0.21700000000000003,22.53,10.38,14.43,24.81,25.24,18.95,140.0,0.265,26.0,18.57,20.0,14.29,0.868,0.2219999999999999,26.0,11.84,15.3,27.14,26.32,15.85
746209,2024-06-30,2024,666160,L,663554,R,single,False,False,197.0,0.197,55.0,27.92,13.0,6.6,0.571,0.12,29.05,16.08,12.22,28.3,37.38,19.78,259.0,0.293,93.0,35.91,7.0,2.7,0.8620000000000001,0.249,38.62,24.01,9.43,33.44,46.84,30.07,170.0,0.258,32.0,18.82,13.0,7.65,0.692,0.119,23.51,10.82,17.32,28.14,25.29,14.29,,,,,,,,,,,,,,
746209,2024-06-30,2024,666176,R,663554,R,field_out,False,False,186.0,0.162,61.0,32.8,11.0,5.91,0.52,0.13099999999999998,30.4,15.16,13.96,29.12,30.83,23.46,43.0,0.205,18.0,41.86,4.0,9.3,0.7150000000000001,0.231,40.66,20.67,14.53,35.2,30.34,25.35,159.0,0.333,24.0,15.09,6.0,3.77,0.835,0.14399999999999996,18.32,9.67,13.93,23.61,28.19,10.96,,,,,,,,,,,,,,
746209,2024-06-30,2024,694384,L,663554,R,fielders_choice_out,False,False,246.0,0.242,42.0,17.07,20.0,8.13,0.667,0.11399999999999999,15.46,6.75,20.46,27.22,24.42,14.55,104.0,0.291,15.0,14.42,14.0,13.46,0.7569999999999999,0.0579999999999999,18.78,8.02,17.92,25.94,20.47,11.45,170.0,0.258,32.0,18.82,13.0,7.65,0.692,0.119,23.51,10.82,17.32,28.14,25.29,14.29,,,,,,,,,,,,,,
746209,2024-06-30,2024,650859,L,663554,R,field_out,False,False,209.0,0.298,27.0,12.92,11.0,5.26,0.7649999999999999,0.121,20.3,10.96,11.64,22.6,31.88,12.74,322.0,0.24,60.0,18.63,31.0,9.63,0.7270000000000001,0.166,24.18,11.79,13.87,25.66,28.19,14.39,170.0,0.258,32.0,18.82,13.0,7.65,0.692,0.119,23.51,10.82,17.32,28.14,25.29,14.29,,,,,,,,,,,,,,
746209,2024-06-30,2024,668670,R,542881,L,field_out,False,False,50.0,0.178,13.0,26.0,5.0,10.0,0.5489999999999999,0.11099999999999999,30.0,13.57,17.09,30.65,23.81,25.0,108.0,0.235,34.0,31.48,8.0,7.41,0.8600000000000001,0.326,32.64,14.72,17.76,32.48,23.9,29.06,304.0,0.221,47.0,15.46,34.0,11.18,0.6619999999999999,0.13099999999999998,26.24,12.63,15.81,28.45,30.07,16.49,491.0,0.266,93.0,18.94,44.0,8.96,0.783,0.181,28.26,14.37,13.47,27.84,30.37,16.52
746209,2024-06-30,2024,608348,R,542881,L,single,False,False,25.0,0.273,4.0,16.0,3.0,12.0,0.6779999999999999,0.044999999999999984,20.93,10.84,15.66,26.51,26.32,13.79,43.0,0.229,13.0,30.23,8.0,18.6,0.8009999999999999,0.1999999999999999,33.78,14.2,17.61,31.82,21.28,28.89,304.0,0.221,47.0,15.46,34.0,11.18,0.6619999999999999,0.13099999999999998,26.24,12.63,15.81,28.45,30.07,16.49,491.0,0.266,93.0,18.94,44.0,8.96,0.783,0.181,28.26,14.37,13.47,27.84,30.37,16.52
746209,2024-06-30,2024,672761,R,542881,L,double,False,False,56.0,0.288,13.0,23.21,4.0,7.14,0.7430000000000001,0.11600000000000005,15.93,7.86,13.97,21.83,32.28,17.33,,,,,,,,,,,,,,,304.0,0.221,47.0,15.46,34.0,11.18,0.6619999999999999,0.13099999999999998,26.24,12.63,15.81,28.45,30.07,16.49,491.0,0.266,93.0,18.94,44.0,8.96,0.783,0.181,28.26,14.37,13.47,27.84,30.37,16.52
746209,2024-06-30,2024,570482,R,542881,L,field_out,False,False,52.0,0.188,10.0,19.23,4.0,7.69,0.45799999999999996,0.01999999999999999,16.82,9.47,12.11,21.58,38.1,18.18,53.0,0.373,6.0,11.32,1.0,1.89,0.867,0.1169999999999999,13.56,7.96,11.94,19.9,44.55,8.82,304.0,0.221,47.0,15.46,34.0,11.18,0.6619999999999999,0.13099999999999998,26.24,12.63,15.81,28.45,30.07,16.49,491.0,0.266,93.0,18.94,44.0,8.96,0.783,0.181,28.26,14.37,13.47,27.84,30.37,16.52
746209,2024-06-30,2024,669234,R,542881,L,home_run,False,False,12.0,0.222,5.0,41.67,2.0,16.67,0.75,0.11100000000000002,36.36,13.11,19.67,32.79,18.18,21.74,,,,,,,,,,,,,,,304.0,0.221,47.0,15.46,34.0,11.18,0.6619999999999999,0.13099999999999998,26.24,12.63,15.81,28.45,30.07,16.49,491.0,0.266,93.0,18.94,44.0,8.96,0.783,0.181,28.26,14.37,13.47,27.84,30.37,16.52
746209,2024-06-30,2024,668952,R,542881,L,field_out,False,False,10.0,0.222,1.0,10.0,1.0,10.0,0.522,0.0,21.43,10.34,6.9,17.24,20.0,16.67,9.0,0.111,4.0,44.44,0.0,0.0,0.222,0.0,50.0,26.47,14.71,41.18,33.33,36.36,304.0,0.221,47.0,15.46,34.0,11.18,0.6619999999999999,0.13099999999999998,26.24,12.63,15.81,28.45,30.07,16.49,491.0,0.266,93.0,18.94,44.0,8.96,0.783,0.181,28.26,14.37,13.47,27.84,30.37,16.52
746209,2024-06-30,2024,621493,R,663554,R,field_out,False,False,274.0,0.216,66.0,24.09,31.0,11.31,0.715,0.19099999999999998,23.73,9.94,20.06,29.99,18.74,20.44,295.0,0.233,61.0,20.68,27.0,9.15,0.702,0.148,23.43,10.4,15.98,26.37,23.09,17.78,159.0,0.333,24.0,15.09,6.0,3.77,0.835,0.14399999999999996,18.32,9.67,13.93,23.61,28.19,10.96,,,,,,,,,,,,,,
746209,2024-06-30,2024,641432,L,663554,R,strikeout,True,False,141.0,0.292,20.0,14.18,10.0,7.09,0.778,0.14600000000000002,15.7,7.17,16.79,23.96,24.81,15.87,139.0,0.256,15.0,10.79,13.0,9.35,0.756,0.176,14.22,5.56,19.54,25.1,21.32,10.83,170.0,0.258,32.0,18.82,13.0,7.65,0.692,0.119,23.51,10.82,17.32,28.14,25.29,14.29,,,,,,,,,,,,,,
746209,2024-06-30,2024,593934,R,663554,R,field_out,False,False,68.0,0.21,33.0,48.53,4.0,5.88,0.6040000000000001,0.12900000000000003,42.36,20.4,15.72,36.12,30.97,28.7,,,,,,,,,,,,,,,159.0,0.333,24.0,15.09,6.0,3.77,0.835,0.14399999999999996,18.32,9.67,13.93,23.61,28.19,10.96,,,,,,,,,,,,,,
746209,2024-06-30,2024,628451,R,542881,L,walk,False,True,70.0,0.385,14.0,20.0,1.0,1.43,0.9380000000000001,0.15300000000000002,29.2,16.0,12.8,28.8,37.78,22.95,118.0,0.261,24.0,20.34,6.0,5.08,0.8200000000000001,0.262,23.36,12.59,13.85,26.45,37.13,23.53,304.0,0.221,47.0,15.46,34.0,11.18,0.6619999999999999,0.13099999999999998,26.24,12.63,15.81,28.45,30.07,16.49,491.0,0.266,93.0,18.94,44.0,8.96,0.783,0.181,28.26,14.37,13.47,27.84,30.37,16.52
746209,2024-06-30,2024,592192,R,542881,L,field_out,False,False,70.0,0.276,14.0,20.0,11.0,15.71,0.8480000000000001,0.172,23.58,9.27,18.85,28.12,17.65,13.59,168.0,0.264,23.0,13.69,21.0,12.5,0.825,0.2,17.23,7.09,21.84,28.93,23.86,9.54,304.0,0.221,47.0,15.46,34.0,11.18,0.6619999999999999,0.13099999999999998,26.24,12.63,15.81,28.45,30.07,16.49,491.0,0.266,93.0,18.94,44.0,8.96,0.783,0.181,28.26,14.37,13.47,27.84,30.37,16.52
746209,2024-06-30,2024,682985,L,542881,L,field_out,False,False,81.0,0.189,20.0,24.69,5.0,6.17,0.642,0.203,22.52,10.15,20.6,30.75,24.14,16.95,93.0,0.279,30.0,32.26,7.0,7.53,0.6930000000000001,0.0809999999999999,30.96,15.64,16.92,32.56,32.98,21.74,106.0,0.174,18.0,16.98,12.0,11.32,0.6739999999999999,0.21700000000000003,22.53,10.38,14.43,24.81,25.24,18.95,140.0,0.265,26.0,18.57,20.0,14.29,0.868,0.2219999999999999,26.0,11.84,15.3,27.14,26.32,15.85
746209,2024-06-30,2024,668670,R,542881,L,single,False,False,50.0,0.178,13.0,26.0,5.0,10.0,0.5489999999999999,0.11099999999999999,30.0,13.57,17.09,30.65,23.81,25.0,108.0,0.235,34.0,31.48,8.0,7.41,0.8600000000000001,0.326,32.64,14.72,17.76,32.48,23.9,29.06,304.0,0.221,47.0,15.46,34.0,11.18,0.6619999999999999,0.13099999999999998,26.24,12.63,15.81,28.45,30.07,16.49,491.0,0.266,93.0,18.94,44.0,8.96,0.783,0.181,28.26,14.37,13.47,27.84,30.37,16.52
746209,2024-06-30,2024,608348,R,681806,R,home_run,False,False,127.0,0.23,28.0,22.05,9.0,7.09,0.6819999999999999,0.142,25.97,11.43,19.43,30.86,25.19,16.67,108.0,0.198,27.0,25.0,6.0,5.56,0.479,0.0399999999999999,28.73,13.54,19.79,33.33,28.41,25.0,,,,,,,,,,,,,,,94.0,0.146,17.0,18.09,9.0,9.57,0.551,0.171,26.82,12.66,13.98,26.65,23.28,14.29
746209,2024-06-30,2024,672761,L,681806,R,walk,False,True,188.0,0.256,38.0,20.21,14.0,7.45,0.7,0.134,21.35,9.61,19.34,28.95,26.68,15.83,,,,,,,,,,,,,,,,,,,,,,,,,,,,,66.0,0.267,16.0,24.24,6.0,9.09,0.7330000000000001,0.133,25.71,12.68,14.44,27.11,33.55,15.24
746209,2024-06-30,2024,570482,R,681806,R,strikeout,True,False,143.0,0.267,19.0,13.29,6.0,4.2,0.649,0.08099999999999996,17.71,8.94,17.5,26.44,34.93,11.8,175.0,0.276,30.0,17.14,9.0,5.14,0.653,0.061,20.55,11.01,13.8,24.82,34.39,12.39,,,,,,,,,,,,,,,94.0,0.146,17.0,18.09,9.0,9.57,0.551,0.171,26.82,12.66,13.98,26.65,23.28,14.29
746209,2024-06-30,2024,681351,R,663554,R,single,False,False,207.0,0.288,52.0,25.12,12.0,5.8,0.827,0.20400000000000001,31.65,16.17,15.14,31.31,34.62,20.92,154.0,0.22,38.0,24.68,9.0,5.84,0.757,0.262,32.06,17.0,13.8,30.81,36.07,19.69,159.0,0.333,24.0,15.09,6.0,3.77,0.835,0.14399999999999996,18.32,9.67,13.93,23.61,28.19,10.96,,,,,,,,,,,,,,
746209,2024-06-30,2024,687263,R,663554,R,grounded_into_double_play,False,False,247.0,0.216,64.0,25.91,13.0,5.26,0.677,0.18900000000000003,29.02,15.19,14.97,30.16,34.53,22.61,262.0,0.222,62.0,23.66,18.0,6.87,0.6599999999999999,0.1349999999999999,28.77,13.7,16.19,29.89,23.52,18.84,159.0,0.333,24.0,15.09,6.0,3.77,0.835,0.14399999999999996,18.32,9.67,13.93,23.61,28.19,10.96,,,,,,,,,,,,,,
746209,2024-06-30,2024,666160,L,663554,R,field_out,False,False,197.0,0.197,55.0,27.92,13.0,6.6,0.571,0.12,29.05,16.08,12.22,28.3,37.38,19.78,259.0,0.293,93.0,35.91,7.0,2.7,0.8620000000000001,0.249,38.62,24.01,9.43,33.44,46.84,30.07,170.0,0.258,32.0,18.82,13.0,7.65,0.692,0.119,23.51,10.82,17.32,28.14,25.29,14.29,,,,,,,,,,,,,,
746209,2024-06-30,2024,669234,R,681806,R,strikeout,True,False,58.0,0.137,22.0,37.93,5.0,8.62,0.499,0.138,42.11,18.97,18.58,37.55,19.83,25.29,,,,,,,,,,,,,,,,,,,,,,,,,,,,,94.0,0.146,17.0,18.09,9.0,9.57,0.551,0.171,26.82,12.66,13.98,26.65,23.28,14.29
746209,2024-06-30,2024,668952,R,681806,R,strikeout,True,False,22.0,0.111,9.0,40.91,3.0,13.64,0.349,0.0,44.44,17.02,22.34,39.36,17.02,27.27,9.0,0.111,3.0,33.33,0.0,0.0,0.222,0.0,33.33,15.79,28.95,44.74,45.0,21.43,,,,,,,,,,,,,,,94.0,0.146,17.0,18.09,9.0,9.57,0.551,0.171,26.82,12.66,13.98,26.65,23.28,14.29
746209,2024-06-30,2024,628451,R,681806,R,field_out,False,False,51.0,0.163,18.0,35.29,2.0,3.92,0.4,0.04099999999999998,33.33,18.23,15.27,33.5,42.45,25.35,265.0,0.265,45.0,16.98,18.0,6.79,0.71,0.127,22.24,11.31,15.49,26.81,34.23,16.73,,,,,,,,,,,,,,,94.0,0.146,17.0,18.09,9.0,9.57,0.551,0.171,26.82,12.66,13.98,26.65,23.28,14.29
746209,2024-06-30,2024,666176,R,663554,R,field_out,False,False,186.0,0.162,61.0,32.8,11.0,5.91,0.52,0.13099999999999998,30.4,15.16,13.96,29.12,30.83,23.46,43.0,0.205,18.0,41.86,4.0,9.3,0.7150000000000001,0.231,40.66,20.67,14.53,35.2,30.34,25.35,159.0,0.333,24.0,15.09,6.0,3.77,0.835,0.14399999999999996,18.32,9.67,13.93,23.61,28.19,10.96,,,,,,,,,,,,,,
746209,2024-06-30,2024,694384,L,656412,R,single,False,False,246.0,0.242,42.0,17.07,20.0,8.13,0.667,0.11399999999999999,15.46,6.75,20.46,27.22,24.42,14.55,104.0,0.291,15.0,14.42,14.0,13.46,0.7569999999999999,0.0579999999999999,18.78,8.02,17.92,25.94,20.47,11.45,68.0,0.164,13.0,19.12,6.0,8.82,0.481,0.08199999999999999,30.0,15.0,14.23,29.23,32.65,17.57,122.0,0.134,25.0,20.49,9.0,7.38,0.509,0.178,18.57,8.73,17.46,26.19,25.1,14.71
746209,2024-06-30,2024,650859,L,656412,R,double,False,False,209.0,0.298,27.0,12.92,11.0,5.26,0.7649999999999999,0.121,20.3,10.96,11.64,22.6,31.88,12.74,322.0,0.24,60.0,18.63,31.0,9.63,0.7270000000000001,0.166,24.18,11.79,13.87,25.66,28.19,14.39,68.0,0.164,13.0,19.12,6.0,8.82,0.481,0.08199999999999999,30.0,15.0,14.23,29.23,32.65,17.57,122.0,0.134,25.0,20.49,9.0,7.38,0.509,0.178,18.57,8.73,17.46,26.19,25.1,14.71
746209,2024-06-30,2024,621493,R,656412,R,strikeout,True,False,274.0,0.216,66.0,24.09,31.0,11.31,0.715,0.19099999999999998,23.73,9.94,20.06,29.99,18.74,20.44,295.0,0.233,61.0,20.68,27.0,9.15,0.702,0.148,23.43,10.4,15.98,26.37,23.09,17.78,75.0,0.273,16.0,21.33,7.0,9.33,0.8380000000000001,0.22699999999999998,31.17,15.74,13.44,29.18,34.34,14.41,140.0,0.258,33.0,23.57,11.0,7.86,0.8049999999999999,0.2259999999999999,28.12,13.56,17.33,30.89,31.3,19.64
746209,2024-06-30,2024,592273,R,656412,R,strikeout,True,False,96.0,0.161,17.0,17.71,6.0,6.25,0.462,0.069,24.44,12.29,14.53,26.82,27.68,15.74,392.0,0.261,104.0,26.53,16.0,4.08,0.804,0.242,30.03,15.26,16.62,31.88,36.46,23.21,75.0,0.273,16.0,21.33,7.0,9.33,0.8380000000000001,0.22699999999999998,31.17,15.74,13.44,29.18,34.34,14.41,140.0,0.258,33.0,23.57,11.0,7.86,0.8049999999999999,0.2259999999999999,28.12,13.56,17.33,30.89,31.3,19.64
746209,2024-06-30,2024,592192,R,608334,R,field_out,False,False,243.0,0.217,47.0,19.34,24.0,9.88,0.641,0.10200000000000001,22.08,8.78,23.35,32.13,21.93,16.85,341.0,0.261,56.0,16.42,28.0,8.21,0.721,0.1079999999999999,18.91,7.86,21.98,29.84,23.71,13.49,78.0,0.219,22.0,28.21,13.0,16.67,0.703,0.12499999999999997,26.85,12.08,15.71,27.79,32.79,21.36,17.0,0.214,1.0,5.88,3.0,17.65,0.782,0.215,12.5,4.48,17.91,22.39,14.71,9.09
746209,2024-06-30,2024,682985,L,608334,R,field_out,False,False,268.0,0.279,71.0,26.49,39.0,14.55,0.904,0.239,27.95,11.52,17.55,29.07,21.1,22.68,323.0,0.291,84.0,26.01,28.0,8.67,0.826,0.182,27.26,12.45,16.06,28.52,24.68,20.14,75.0,0.222,11.0,14.67,9.0,12.0,0.777,0.222,25.21,10.95,15.69,26.64,27.81,16.92,22.0,0.15,5.0,22.73,1.0,4.55,0.527,0.15,25.58,12.22,16.67,28.89,26.19,17.86
746209,2024-06-30,2024,668670,R,608334,R,strikeout,True,False,117.0,0.218,38.0,32.48,4.0,3.42,0.638,0.164,33.98,15.91,18.86,34.77,26.29,29.23,259.0,0.215,84.0,32.43,20.0,7.72,0.676,0.18,31.32,14.43,18.81,33.23,22.13,28.38,78.0,0.219,22.0,28.21,13.0,16.67,0.703,0.12499999999999997,26.85,12.08,15.71,27.79,32.79,21.36,17.0,0.214,1.0,5.88,3.0,17.65,0.782,0.215,12.5,4.48,17.91,22.39,14.71,9.09
746209,2024-06-30,2024,593934,R,656412,R,field_out,False,False,68.0,0.21,33.0,48.53,4.0,5.88,0.6040000000000001,0.12900000000000003,42.36,20.4,15.72,36.12,30.97,28.7,,,,,,,,,,,,,,,75.0,0.273,16.0,21.33,7.0,9.33,0.8380000000000001,0.22699999999999998,31.17,15.74,13.44,29.18,34.34,14.41,140.0,0.258,33.0,23.57,11.0,7.86,0.8049999999999999,0.2259999999999999,28.12,13.56,17.33,30.89,31.3,19.64
746209,2024-06-30,2024,642136,L,656412,R,strikeout,True,False,66.0,0.232,23.0,34.85,9.0,13.64,0.7130000000000001,0.143,41.74,17.45,16.36,33.82,24.67,27.06,266.0,0.215,71.0,26.69,31.0,11.65,0.6759999999999999,0.145,34.8,16.01,13.25,29.25,18.13,22.15,68.0,0.164,13.0,19.12,6.0,8.82,0.481,0.08199999999999999,30.0,15.0,14.23,29.23,32.65,17.57,122.0,0.134,25.0,20.49,9.0,7.38,0.509,0.178,18.57,8.73,17.46,26.19,25.1,14.71
746209,2024-06-30,2024,687263,R,656412,R,field_out,False,False,247.0,0.216,64.0,25.91,13.0,5.26,0.677,0.18900000000000003,29.02,15.19,14.97,30.16,34.53,22.61,262.0,0.222,62.0,23.66,18.0,6.87,0.6599999999999999,0.1349999999999999,28.77,13.7,16.19,29.89,23.52,18.84,75.0,0.273,16.0,21.33,7.0,9.33,0.8380000000000001,0.22699999999999998,31.17,15.74,13.44,29.18,34.34,14.41,140.0,0.258,33.0,23.57,11.0,7.86,0.8049999999999999,0.2259999999999999,28.12,13.56,17.33,30.89,31.3,19.64
746209,2024-06-30,2024,608348,R,608334,R,field_out,False,False,127.0,0.23,28.0,22.05,9.0,7.09,0.6819999999999999,0.142,25.97,11.43,19.43,30.86,25.19,16.67,108.0,0.198,27.0,25.0,6.0,5.56,0.479,0.0399999999999999,28.73,13.54,19.79,33.33,28.41,25.0,78.0,0.219,22.0,28.21,13.0,16.67,0.703,0.12499999999999997,26.85,12.08,15.71,27.79,32.79,21.36,17.0,0.214,1.0,5.88,3.0,17.65,0.782,0.215,12.5,4.48,17.91,22.39,14.71,9.09
746209,2024-06-30,2024,672761,L,608334,R,field_out,False,False,188.0,0.256,38.0,20.21,14.0,7.45,0.7,0.134,21.35,9.61,19.34,28.95,26.68,15.83,,,,,,,,,,,,,,,75.0,0.222,11.0,14.67,9.0,12.0,0.777,0.222,25.21,10.95,15.69,26.64,27.81,16.92,22.0,0.15,5.0,22.73,1.0,4.55,0.527,0.15,25.58,12.22,16.67,28.89,26.19,17.86
746209,2024-06-30,2024,570482,R,608334,R,field_out,False,False,143.0,0.267,19.0,13.29,6.0,4.2,0.649,0.08099999999999996,17.71,8.94,17.5,26.44,34.93,11.8,175.0,0.276,30.0,17.14,9.0,5.14,0.653,0.061,20.55,11.01,13.8,24.82,34.39,12.39,78.0,0.219,22.0,28.21,13.0,16.67,0.703,0.12499999999999997,26.85,12.08,15.71,27.79,32.79,21.36,17.0,0.214,1.0,5.88,3.0,17.65,0.782,0.215,12.5,4.48,17.91,22.39,14.71,9.09
746209,2024-06-30,2024,666160,L,605177,L,strikeout,True,False,13.0,0.077,6.0,46.15,0.0,0.0,0.154,0.0,32.14,19.15,17.02,36.17,53.85,33.33,65.0,0.222,21.0,32.31,2.0,3.08,0.548,0.0799999999999999,40.0,23.18,12.45,35.62,46.28,37.5,50.0,0.222,14.0,28.0,5.0,10.0,0.567,0.04500000000000001,27.08,13.27,13.27,26.53,36.36,25.45,84.0,0.264,20.0,23.81,11.0,13.1,0.744,0.1109999999999999,25.9,10.32,20.92,31.23,26.29,18.18
746209,2024-06-30,2024,666176,R,605177,L,single,False,False,60.0,0.236,12.0,20.0,5.0,8.33,0.9550000000000001,0.41900000000000004,34.88,17.58,9.38,26.95,29.5,14.63,19.0,0.211,7.0,36.84,0.0,0.0,0.6849999999999999,0.263,34.09,18.29,13.41,31.71,34.21,21.88,69.0,0.328,18.0,26.09,7.0,10.14,0.8340000000000001,0.11499999999999999,36.07,17.12,13.23,30.35,33.75,27.69,142.0,0.211,43.0,30.28,17.0,11.97,0.738,0.22,35.02,15.71,14.83,30.54,33.9,27.74
746209,2024-06-30,2024,694384,L,605177,L,strikeout,True,False,60.0,0.188,10.0,16.67,7.0,11.67,0.605,0.124,12.79,4.93,21.52,26.46,17.59,16.13,29.0,0.217,4.0,13.79,6.0,20.69,0.64,0.044,12.5,4.55,21.82,26.36,21.05,15.38,50.0,0.222,14.0,28.0,5.0,10.0,0.567,0.04500000000000001,27.08,13.27,13.27,26.53,36.36,25.45,84.0,0.264,20.0,23.81,11.0,13.1,0.744,0.1109999999999999,25.9,10.32,20.92,31.23,26.29,18.18
746209,2024-06-30,2024,641645,L,605177,L,field_out,False,False,11.0,0.091,4.0,36.36,0.0,0.0,0.182,0.0,28.57,11.54,23.08,34.62,27.59,20.0,24.0,0.25,9.0,37.5,2.0,8.33,0.718,0.15,25.0,11.88,19.8,31.68,27.66,26.47,50.0,0.222,14.0,28.0,5.0,10.0,0.567,0.04500000000000001,27.08,13.27,13.27,26.53,36.36,25.45,84.0,0.264,20.0,23.81,11.0,13.1,0.744,0.1109999999999999,25.9,10.32,20.92,31.23,26.29,18.18
746209,2024-06-30,2024,668731,L,519043,L,field_out,False,False,3.0,0.0,2.0,66.67,0.0,0.0,0.0,0.0,42.86,27.27,18.18,45.45,57.14,50.0,11.0,0.222,2.0,18.18,0.0,0.0,0.444,0.0,21.05,11.76,17.65,29.41,46.67,25.0,50.0,0.205,9.0,18.0,6.0,12.0,0.732,0.227,23.66,10.43,17.54,27.96,26.36,14.06,62.0,0.268,12.0,19.35,5.0,8.06,0.875,0.268,21.49,10.36,14.74,25.1,31.3,15.38
746209,2024-06-30,2024,668952,R,519043,L,field_out,False,False,10.0,0.222,1.0,10.0,1.0,10.0,0.522,0.0,21.43,10.34,6.9,17.24,20.0,16.67,9.0,0.111,4.0,44.44,0.0,0.0,0.222,0.0,50.0,26.47,14.71,41.18,33.33,36.36,81.0,0.233,16.0,19.75,7.0,8.64,0.734,0.19199999999999998,26.95,13.8,14.72,28.53,31.14,16.84,156.0,0.218,48.0,30.77,10.0,6.41,0.622,0.1269999999999999,30.67,16.47,13.84,30.31,36.77,25.67
746209,2024-06-30,2024,628451,R,519043,L,field_out,False,False,70.0,0.385,14.0,20.0,1.0,1.43,0.9380000000000001,0.15300000000000002,29.2,16.0,12.8,28.8,37.78,22.95,118.0,0.261,24.0,20.34,6.0,5.08,0.8200000000000001,0.262,23.36,12.59,13.85,26.45,37.13,23.53,81.0,0.233,16.0,19.75,7.0,8.64,0.734,0.19199999999999998,26.95,13.8,14.72,28.53,31.14,16.84,156.0,0.218,48.0,30.77,10.0,6.41,0.622,0.1269999999999999,30.67,16.47,13.84,30.31,36.77,25.67
746209,2024-06-30,2024,621493,R,571946,R,hit_by_pitch,False,False,274.0,0.216,66.0,24.09,31.0,11.31,0.715,0.19099999999999998,23.73,9.94,20.06,29.99,18.74,20.44,295.0,0.233,61.0,20.68,27.0,9.15,0.702,0.148,23.43,10.4,15.98,26.37,23.09,17.78,54.0,0.255,10.0,18.52,4.0,7.41,0.8220000000000001,0.23399999999999999,18.95,9.63,13.9,23.53,27.91,24.39,88.0,0.139,19.0,21.59,6.0,6.82,0.424,0.0759999999999999,21.29,9.73,19.47,29.2,26.71,19.59
746209,2024-06-30,2024,592273,R,571946,R,field_out,False,False,96.0,0.161,17.0,17.71,6.0,6.25,0.462,0.069,24.44,12.29,14.53,26.82,27.68,15.74,392.0,0.261,104.0,26.53,16.0,4.08,0.804,0.242,30.03,15.26,16.62,31.88,36.46,23.21,54.0,0.255,10.0,18.52,4.0,7.41,0.8220000000000001,0.23399999999999999,18.95,9.63,13.9,23.53,27.91,24.39,88.0,0.139,19.0,21.59,6.0,6.82,0.424,0.0759999999999999,21.29,9.73,19.47,29.2,26.71,19.59
746209,2024-06-30,2024,593934,R,571946,R,field_out,False,False,68.0,0.21,33.0,48.53,4.0,5.88,0.6040000000000001,0.12900000000000003,42.36,20.4,15.72,36.12,30.97,28.7,,,,,,,,,,,,,,,54.0,0.255,10.0,18.52,4.0,7.41,0.8220000000000001,0.23399999999999999,18.95,9.63,13.9,23.53,27.91,24.39,88.0,0.139,19.0,21.59,6.0,6.82,0.424,0.0759999999999999,21.29,9.73,19.47,29.2,26.71,19.59
746209,2024-06-30,2024,642136,L,571946,R,walk,False,True,66.0,0.232,23.0,34.85,9.0,13.64,0.7130000000000001,0.143,41.74,17.45,16.36,33.82,24.67,27.06,266.0,0.215,71.0,26.69,31.0,11.65,0.6759999999999999,0.145,34.8,16.01,13.25,29.25,18.13,22.15,48.0,0.114,15.0,31.25,2.0,4.17,0.373,0.113,32.18,15.47,19.89,35.36,30.23,27.78,76.0,0.129,23.0,30.26,13.0,17.11,0.563,0.145,31.54,12.46,19.15,31.61,18.95,25.27
746209,2024-06-30,2024,687263,R,571946,R,home_run,False,False,247.0,0.216,64.0,25.91,13.0,5.26,0.677,0.18900000000000003,29.02,15.19,14.97,30.16,34.53,22.61,262.0,0.222,62.0,23.66,18.0,6.87,0.6599999999999999,0.1349999999999999,28.77,13.7,16.19,29.89,23.52,18.84,54.0,0.255,10.0,18.52,4.0,7.41,0.8220000000000001,0.23399999999999999,18.95,9.63,13.9,23.53,27.91,24.39,88.0,0.139,19.0,21.59,6.0,6.82,0.424,0.0759999999999999,21.29,9.73,19.47,29.2,26.71,19.59
746209,2024-06-30,2024,666160,L,571946,R,single,False,False,197.0,0.197,55.0,27.92,13.0,6.6,0.571,0.12,29.05,16.08,12.22,28.3,37.38,19.78,259.0,0.293,93.0,35.91,7.0,2.7,0.8620000000000001,0.249,38.62,24.01,9.43,33.44,46.84,30.07,48.0,0.114,15.0,31.25,2.0,4.17,0.373,0.113,32.18,15.47,19.89,35.36,30.23,27.78,76.0,0.129,23.0,30.26,13.0,17.11,0.563,0.145,31.54,12.46,19.15,31.61,18.95,25.27
746209,2024-06-30,2024,666176,R,571946,R,home_run,False,False,186.0,0.162,61.0,32.8,11.0,5.91,0.52,0.13099999999999998,30.4,15.16,13.96,29.12,30.83,23.46,43.0,0.205,18.0,41.86,4.0,9.3,0.7150000000000001,0.231,40.66,20.67,14.53,35.2,30.34,25.35,54.0,0.255,10.0,18.52,4.0,7.41,0.8220000000000001,0.23399999999999999,18.95,9.63,13.9,23.53,27.91,24.39,88.0,0.139,19.0,21.59,6.0,6.82,0.424,0.0759999999999999,21.29,9.73,19.47,29.2,26.71,19.59
746209,2024-06-30,2024,694384,L,663947,L,strikeout,True,False,60.0,0.188,10.0,16.67,7.0,11.67,0.605,0.124,12.79,4.93,21.52,26.46,17.59,16.13,29.0,0.217,4.0,13.79,6.0,20.69,0.64,0.044,12.5,4.55,21.82,26.36,21.05,15.38,75.0,0.147,16.0,21.33,3.0,4.0,0.46199999999999997,0.088,25.69,11.48,20.9,32.38,30.17,26.23,122.0,0.147,32.0,26.23,4.0,3.28,0.363,0.034,24.29,11.78,19.86,31.64,32.18,22.86
746938,2024-06-30,2024,650333,L,670174,R,field_out,False,False,220.0,0.343,5.0,2.27,10.0,4.55,0.8089999999999999,0.09199999999999997,6.05,2.93,19.13,22.07,34.18,2.78,479.0,0.362,17.0,3.55,31.0,6.47,0.891,0.122,6.51,3.2,16.58,19.78,31.29,4.11,69.0,0.322,9.0,13.04,7.0,10.14,0.8380000000000001,0.119,19.33,9.5,12.81,22.31,30.58,18.0,151.0,0.239,38.0,25.17,11.0,7.28,0.609,0.065,23.47,11.52,16.03,27.55,30.69,22.09
746938,2024-06-30,2024,595777,L,670174,R,field_out,False,False,229.0,0.309,41.0,17.9,28.0,12.23,0.8680000000000001,0.15500000000000003,18.74,8.66,14.41,23.07,22.55,13.07,375.0,0.229,68.0,18.13,37.0,9.87,0.6559999999999999,0.1159999999999999,21.66,10.43,14.17,24.61,26.12,14.59,69.0,0.322,9.0,13.04,7.0,10.14,0.8380000000000001,0.119,19.33,9.5,12.81,22.31,30.58,18.0,151.0,0.239,38.0,25.17,11.0,7.28,0.609,0.065,23.47,11.52,16.03,27.55,30.69,22.09
746938,2024-06-30,2024,630105,L,670174,R,strikeout,True,False,235.0,0.281,39.0,16.6,17.0,7.23,0.849,0.22899999999999998,17.95,8.36,17.04,25.4,24.06,13.83,367.0,0.23,59.0,16.08,36.0,9.81,0.7,0.154,14.92,6.99,16.69,23.68,24.61,14.08,69.0,0.322,9.0,13.04,7.0,10.14,0.8380000000000001,0.119,19.33,9.5,12.81,22.31,30.58,18.0,151.0,0.239,38.0,25.17,11.0,7.28,0.609,0.065,23.47,11.52,16.03,27.55,30.69,22.09
746938,2024-06-30,2024,680776,L,663362,R,field_out,False,False,263.0,0.3,55.0,20.91,20.0,7.6,0.917,0.26200000000000007,23.43,11.27,14.67,25.95,26.96,18.39,314.0,0.296,75.0,23.89,21.0,6.69,0.84,0.195,24.68,12.92,13.75,26.67,30.3,19.02,188.0,0.257,43.0,22.87,17.0,9.04,0.77,0.18,19.88,8.44,19.66,28.1,23.95,20.19,85.0,0.267,12.0,14.12,9.0,10.59,0.794,0.186,18.24,7.96,19.47,27.43,22.36,12.63
746938,2024-06-30,2024,666152,L,663362,R,field_out,False,False,143.0,0.288,33.0,23.08,10.0,6.99,0.8200000000000001,0.189,24.15,10.4,20.26,30.66,20.23,20.62,36.0,0.1,10.0,27.78,6.0,16.67,0.417,0.067,20.0,8.44,23.38,31.82,26.39,15.38,188.0,0.257,43.0,22.87,17.0,9.04,0.77,0.18,19.88,8.44,19.66,28.1,23.95,20.19,85.0,0.267,12.0,14.12,9.0,10.59,0.794,0.186,18.24,7.96,19.47,27.43,22.36,12.63
746938,2024-06-30,2024,677800,L,663362,R,walk,False,True,180.0,0.286,45.0,25.0,17.0,9.44,0.868,0.23000000000000004,29.57,14.21,15.6,29.81,25.64,20.0,75.0,0.333,18.0,24.0,9.0,12.0,0.928,0.182,30.07,13.61,16.77,30.38,23.72,18.0,188.0,0.257,43.0,22.87,17.0,9.04,0.77,0.18,19.88,8.44,19.66,28.1,23.95,20.19,85.0,0.267,12.0,14.12,9.0,10.59,0.794,0.186,18.24,7.96,19.47,27.43,22.36,12.63
746938,2024-06-30,2024,646240,L,663362,R,home_run,False,False,202.0,0.291,37.0,18.32,27.0,13.37,0.997,0.325,24.87,11.77,12.89,24.66,29.74,15.74,469.0,0.27,89.0,18.98,51.0,10.87,0.863,0.235,25.44,13.04,9.74,22.78,33.05,15.06,188.0,0.257,43.0,22.87,17.0,9.04,0.77,0.18,19.88,8.44,19.66,28.1,23.95,20.19,85.0,0.267,12.0,14.12,9.0,10.59,0.794,0.186,18.24,7.96,19.47,27.43,22.36,12.63
746938,2024-06-30,2024,665839,L,663362,R,field_out,False,False,138.0,0.24,33.0,23.91,10.0,7.25,0.754,0.22400000000000003,20.4,9.03,20.53,29.56,28.08,17.68,133.0,0.28,32.0,24.06,7.0,5.26,0.806,0.2079999999999999,23.05,10.04,20.07,30.11,28.72,21.48,188.0,0.257,43.0,22.87,17.0,9.04,0.77,0.18,19.88,8.44,19.66,28.1,23.95,20.19,85.0,0.267,12.0,14.12,9.0,10.59,0.794,0.186,18.24,7.96,19.47,27.43,22.36,12.63
746938,2024-06-30,2024,592518,R,670174,R,single,False,False,220.0,0.284,47.0,21.36,10.0,4.55,0.7190000000000001,0.12000000000000005,24.01,12.29,14.44,26.73,29.22,19.34,452.0,0.241,83.0,18.36,36.0,7.96,0.747,0.205,24.68,12.42,14.05,26.47,29.58,16.9,73.0,0.215,18.0,24.66,5.0,6.85,0.5700000000000001,0.07699999999999999,23.73,9.96,21.0,30.96,23.2,25.0,216.0,0.287,44.0,20.37,20.0,9.26,0.812,0.169,28.28,13.84,15.97,29.81,28.95,21.05
746938,2024-06-30,2024,456781,R,670174,R,field_out,False,False,71.0,0.27,15.0,21.13,4.0,5.63,0.687,0.07899999999999996,19.26,9.15,21.83,30.99,32.54,15.15,297.0,0.28,68.0,22.9,29.0,9.76,0.766,0.1059999999999999,26.06,12.14,17.61,29.74,28.81,17.48,73.0,0.215,18.0,24.66,5.0,6.85,0.5700000000000001,0.07699999999999999,23.73,9.96,21.0,30.96,23.2,25.0,216.0,0.287,44.0,20.37,20.0,9.26,0.812,0.169,28.28,13.84,15.97,29.81,28.95,21.05
746938,2024-06-30,2024,701538,L,670174,R,single,False,False,199.0,0.328,34.0,17.09,10.0,5.03,0.87,0.177,18.25,10.05,12.73,22.79,35.92,13.64,,,,,,,,,,,,,,,69.0,0.322,9.0,13.04,7.0,10.14,0.8380000000000001,0.119,19.33,9.5,12.81,22.31,30.58,18.0,151.0,0.239,38.0,25.17,11.0,7.28,0.609,0.065,23.47,11.52,16.03,27.55,30.69,22.09
746938,2024-06-30,2024,673490,R,670174,R,field_out,False,False,223.0,0.247,37.0,16.59,31.0,13.9,0.7749999999999999,0.174,17.51,6.28,24.89,31.17,17.58,12.01,435.0,0.241,94.0,21.61,55.0,12.64,0.681,0.1,18.8,7.03,23.65,30.68,19.23,15.59,73.0,0.215,18.0,24.66,5.0,6.85,0.5700000000000001,0.07699999999999999,23.73,9.96,21.0,30.96,23.2,25.0,216.0,0.287,44.0,20.37,20.0,9.26,0.812,0.169,28.28,13.84,15.97,29.81,28.95,21.05
746938,2024-06-30,2024,543309,R,670174,R,field_out,False,False,52.0,0.22,17.0,32.69,2.0,3.85,0.87,0.4,23.71,11.11,23.19,34.3,31.96,24.64,192.0,0.233,53.0,27.6,12.0,6.25,0.654,0.142,28.81,14.15,17.01,31.16,30.17,24.88,73.0,0.215,18.0,24.66,5.0,6.85,0.5700000000000001,0.07699999999999999,23.73,9.96,21.0,30.96,23.2,25.0,216.0,0.287,44.0,20.37,20.0,9.26,0.812,0.169,28.28,13.84,15.97,29.81,28.95,21.05
746938,2024-06-30,2024,807799,L,663362,R,strikeout,True,False,112.0,0.28,16.0,14.29,7.0,6.25,0.731,0.09999999999999998,16.67,7.31,19.63,26.94,24.06,13.11,437.0,0.293,58.0,13.27,22.0,5.03,0.795,0.167,17.2,7.54,21.09,28.63,28.96,13.65,188.0,0.257,43.0,22.87,17.0,9.04,0.77,0.18,19.88,8.44,19.66,28.1,23.95,20.19,85.0,0.267,12.0,14.12,9.0,10.59,0.794,0.186,18.24,7.96,19.47,27.43,22.36,12.63
746938,2024-06-30,2024,642086,L,663362,R,double,False,False,138.0,0.192,27.0,19.57,15.0,10.87,0.5720000000000001,0.08300000000000002,23.67,11.26,15.92,27.18,28.52,19.57,414.0,0.263,62.0,14.98,33.0,7.97,0.736,0.135,19.9,10.09,14.56,24.65,32.27,13.42,188.0,0.257,43.0,22.87,17.0,9.04,0.77,0.18,19.88,8.44,19.66,28.1,23.95,20.19,85.0,0.267,12.0,14.12,9.0,10.59,0.794,0.186,18.24,7.96,19.47,27.43,22.36,12.63
746938,2024-06-30,2024,624512,L,663362,R,strikeout,True,False,121.0,0.204,29.0,23.97,13.0,10.74,0.576,0.07799999999999999,24.88,11.28,17.87,29.15,29.27,22.31,179.0,0.25,47.0,26.26,10.0,5.59,0.639,0.0979999999999999,22.84,12.46,16.72,29.18,42.86,22.6,188.0,0.257,43.0,22.87,17.0,9.04,0.77,0.18,19.88,8.44,19.66,28.1,23.95,20.19,85.0,0.267,12.0,14.12,9.0,10.59,0.794,0.186,18.24,7.96,19.47,27.43,22.36,12.63
746938,2024-06-30,2024,678882,R,663362,R,field_out,False,False,220.0,0.234,57.0,25.91,5.0,2.27,0.62,0.12999999999999998,33.19,20.65,11.37,32.03,45.99,23.17,62.0,0.263,20.0,32.26,3.0,4.84,0.6739999999999999,0.1049999999999999,27.08,15.6,11.2,26.8,42.11,22.22,185.0,0.199,41.0,22.16,10.0,5.41,0.535,0.08200000000000002,22.85,10.8,18.09,28.89,24.2,17.98,88.0,0.224,19.0,21.59,3.0,3.41,0.756,0.282,19.54,10.18,14.07,24.25,29.3,18.45
746938,2024-06-30,2024,669369,L,670174,R,single,False,False,11.0,0.2,2.0,18.18,1.0,9.09,0.573,0.09999999999999998,22.73,11.63,13.95,25.58,36.0,11.11,20.0,0.059,7.0,35.0,2.0,10.0,0.385,0.176,25.81,10.53,25.0,35.53,18.18,35.0,69.0,0.322,9.0,13.04,7.0,10.14,0.8380000000000001,0.119,19.33,9.5,12.81,22.31,30.58,18.0,151.0,0.239,38.0,25.17,11.0,7.28,0.609,0.065,23.47,11.52,16.03,27.55,30.69,22.09
746938,2024-06-30,2024,650333,L,670174,R,grounded_into_double_play,False,False,220.0,0.343,5.0,2.27,10.0,4.55,0.8089999999999999,0.09199999999999997,6.05,2.93,19.13,22.07,34.18,2.78,479.0,0.362,17.0,3.55,31.0,6.47,0.891,0.122,6.51,3.2,16.58,19.78,31.29,4.11,69.0,0.322,9.0,13.04,7.0,10.14,0.8380000000000001,0.119,19.33,9.5,12.81,22.31,30.58,18.0,151.0,0.239,38.0,25.17,11.0,7.28,0.609,0.065,23.47,11.52,16.03,27.55,30.69,22.09
746938,2024-06-30,2024,595777,L,670174,R,field_out,False,False,229.0,0.309,41.0,17.9,28.0,12.23,0.8680000000000001,0.15500000000000003,18.74,8.66,14.41,23.07,22.55,13.07,375.0,0.229,68.0,18.13,37.0,9.87,0.6559999999999999,0.1159999999999999,21.66,10.43,14.17,24.61,26.12,14.59,69.0,0.322,9.0,13.04,7.0,10.14,0.8380000000000001,0.119,19.33,9.5,12.81,22.31,30.58,18.0,151.0,0.239,38.0,25.17,11.0,7.28,0.609,0.065,23.47,11.52,16.03,27.55,30.69,22.09
746938,2024-06-30,2024,680776,L,663362,R,field_out,False,False,263.0,0.3,55.0,20.91,20.0,7.6,0.917,0.26200000000000007,23.43,11.27,14.67,25.95,26.96,18.39,314.0,0.296,75.0,23.89,21.0,6.69,0.84,0.195,24.68,12.92,13.75,26.67,30.3,19.02,188.0,0.257,43.0,22.87,17.0,9.04,0.77,0.18,19.88,8.44,19.66,28.1,23.95,20.19,85.0,0.267,12.0,14.12,9.0,10.59,0.794,0.186,18.24,7.96,19.47,27.43,22.36,12.63
746938,2024-06-30,2024,666152,L,663362,R,field_out,False,False,143.0,0.288,33.0,23.08,10.0,6.99,0.8200000000000001,0.189,24.15,10.4,20.26,30.66,20.23,20.62,36.0,0.1,10.0,27.78,6.0,16.67,0.417,0.067,20.0,8.44,23.38,31.82,26.39,15.38,188.0,0.257,43.0,22.87,17.0,9.04,0.77,0.18,19.88,8.44,19.66,28.1,23.95,20.19,85.0,0.267,12.0,14.12,9.0,10.59,0.794,0.186,18.24,7.96,19.47,27.43,22.36,12.63
746938,2024-06-30,2024,677800,L,663362,R,single,False,False,180.0,0.286,45.0,25.0,17.0,9.44,0.868,0.23000000000000004,29.57,14.21,15.6,29.81,25.64,20.0,75.0,0.333,18.0,24.0,9.0,12.0,0.928,0.182,30.07,13.61,16.77,30.38,23.72,18.0,188.0,0.257,43.0,22.87,17.0,9.04,0.77,0.18,19.88,8.44,19.66,28.1,23.95,20.19,85.0,0.267,12.0,14.12,9.0,10.59,0.794,0.186,18.24,7.96,19.47,27.43,22.36,12.63
746938,2024-06-30,2024,646240,L,663362,R,single,False,False,202.0,0.291,37.0,18.32,27.0,13.37,0.997,0.325,24.87,11.77,12.89,24.66,29.74,15.74,469.0,0.27,89.0,18.98,51.0,10.87,0.863,0.235,25.44,13.04,9.74,22.78,33.05,15.06,188.0,0.257,43.0,22.87,17.0,9.04,0.77,0.18,19.88,8.44,19.66,28.1,23.95,20.19,85.0,0.267,12.0,14.12,9.0,10.59,0.794,0.186,18.24,7.96,19.47,27.43,22.36,12.63
746938,2024-06-30,2024,665839,L,663362,R,strikeout,True,False,138.0,0.24,33.0,23.91,10.0,7.25,0.754,0.22400000000000003,20.4,9.03,20.53,29.56,28.08,17.68,133.0,0.28,32.0,24.06,7.0,5.26,0.806,0.2079999999999999,23.05,10.04,20.07,30.11,28.72,21.48,188.0,0.257,43.0,22.87,17.0,9.04,0.77,0.18,19.88,8.44,19.66,28.1,23.95,20.19,85.0,0.267,12.0,14.12,9.0,10.59,0.794,0.186,18.24,7.96,19.47,27.43,22.36,12.63
746938,2024-06-30,2024,630105,L,670174,R,hit_by_pitch,False,False,235.0,0.281,39.0,16.6,17.0,7.23,0.849,0.22899999999999998,17.95,8.36,17.04,25.4,24.06,13.83,367.0,0.23,59.0,16.08,36.0,9.81,0.7,0.154,14.92,6.99,16.69,23.68,24.61,14.08,69.0,0.322,9.0,13.04,7.0,10.14,0.8380000000000001,0.119,19.33,9.5,12.81,22.31,30.58,18.0,151.0,0.239,38.0,25.17,11.0,7.28,0.609,0.065,23.47,11.52,16.03,27.55,30.69,22.09
746938,2024-06-30,2024,592518,R,670174,R,grounded_into_double_play,False,False,220.0,0.284,47.0,21.36,10.0,4.55,0.7190000000000001,0.12000000000000005,24.01,12.29,14.44,26.73,29.22,19.34,452.0,0.241,83.0,18.36,36.0,7.96,0.747,0.205,24.68,12.42,14.05,26.47,29.58,16.9,73.0,0.215,18.0,24.66,5.0,6.85,0.5700000000000001,0.07699999999999999,23.73,9.96,21.0,30.96,23.2,25.0,216.0,0.287,44.0,20.37,20.0,9.26,0.812,0.169,28.28,13.84,15.97,29.81,28.95,21.05
746938,2024-06-30,2024,456781,R,670174,R,field_out,False,False,71.0,0.27,15.0,21.13,4.0,5.63,0.687,0.07899999999999996,19.26,9.15,21.83,30.99,32.54,15.15,297.0,0.28,68.0,22.9,29.0,9.76,0.766,0.1059999999999999,26.06,12.14,17.61,29.74,28.81,17.48,73.0,0.215,18.0,24.66,5.0,6.85,0.5700000000000001,0.07699999999999999,23.73,9.96,21.0,30.96,23.2,25.0,216.0,0.287,44.0,20.37,20.0,9.26,0.812,0.169,28.28,13.84,15.97,29.81,28.95,21.05
746938,2024-06-30,2024,807799,L,663362,R,single,False,False,112.0,0.28,16.0,14.29,7.0,6.25,0.731,0.09999999999999998,16.67,7.31,19.63,26.94,24.06,13.11,437.0,0.293,58.0,13.27,22.0,5.03,0.795,0.167,17.2,7.54,21.09,28.63,28.96,13.65,188.0,0.257,43.0,22.87,17.0,9.04,0.77,0.18,19.88,8.44,19.66,28.1,23.95,20.19,85.0,0.267,12.0,14.12,9.0,10.59,0.794,0.186,18.24,7.96,19.47,27.43,22.36,12.63
746938,2024-06-30,2024,642086,L,663362,R,field_out,False,False,138.0,0.192,27.0,19.57,15.0,10.87,0.5720000000000001,0.08300000000000002,23.67,11.26,15.92,27.18,28.52,19.57,414.0,0.263,62.0,14.98,33.0,7.97,0.736,0.135,19.9,10.09,14.56,24.65,32.27,13.42,188.0,0.257,43.0,22.87,17.0,9.04,0.77,0.18,19.88,8.44,19.66,28.1,23.95,20.19,85.0,0.267,12.0,14.12,9.0,10.59,0.794,0.186,18.24,7.96,19.47,27.43,22.36,12.63
746938,2024-06-30,2024,624512,L,663362,R,field_out,False,False,121.0,0.204,29.0,23.97,13.0,10.74,0.576,0.07799999999999999,24.88,11.28,17.87,29.15,29.27,22.31,179.0,0.25,47.0,26.26,10.0,5.59,0.639,0.0979999999999999,22.84,12.46,16.72,29.18,42.86,22.6,188.0,0.257,43.0,22.87,17.0,9.04,0.77,0.18,19.88,8.44,19.66,28.1,23.95,20.19,85.0,0.267,12.0,14.12,9.0,10.59,0.794,0.186,18.24,7.96,19.47,27.43,22.36,12.63
746938,2024-06-30,2024,678882,R,663362,R,field_out,False,False,220.0,0.234,57.0,25.91,5.0,2.27,0.62,0.12999999999999998,33.19,20.65,11.37,32.03,45.99,23.17,62.0,0.263,20.0,32.26,3.0,4.84,0.6739999999999999,0.1049999999999999,27.08,15.6,11.2,26.8,42.11,22.22,185.0,0.199,41.0,22.16,10.0,5.41,0.535,0.08200000000000002,22.85,10.8,18.09,28.89,24.2,17.98,88.0,0.224,19.0,21.59,3.0,3.41,0.756,0.282,19.54,10.18,14.07,24.25,29.3,18.45
746938,2024-06-30,2024,701538,L,670174,R,single,False,False,199.0,0.328,34.0,17.09,10.0,5.03,0.87,0.177,18.25,10.05,12.73,22.79,35.92,13.64,,,,,,,,,,,,,,,69.0,0.322,9.0,13.04,7.0,10.14,0.8380000000000001,0.119,19.33,9.5,12.81,22.31,30.58,18.0,151.0,0.239,38.0,25.17,11.0,7.28,0.609,0.065,23.47,11.52,16.03,27.55,30.69,22.09
746938,2024-06-30,2024,673490,R,670174,R,sac_bunt,False,False,223.0,0.247,37.0,16.59,31.0,13.9,0.7749999999999999,0.174,17.51,6.28,24.89,31.17,17.58,12.01,435.0,0.241,94.0,21.61,55.0,12.64,0.681,0.1,18.8,7.03,23.65,30.68,19.23,15.59,73.0,0.215,18.0,24.66,5.0,6.85,0.5700000000000001,0.07699999999999999,23.73,9.96,21.0,30.96,23.2,25.0,216.0,0.287,44.0,20.37,20.0,9.26,0.812,0.169,28.28,13.84,15.97,29.81,28.95,21.05
746938,2024-06-30,2024,543309,R,670174,R,field_out,False,False,52.0,0.22,17.0,32.69,2.0,3.85,0.87,0.4,23.71,11.11,23.19,34.3,31.96,24.64,192.0,0.233,53.0,27.6,12.0,6.25,0.654,0.142,28.81,14.15,17.01,31.16,30.17,24.88,73.0,0.215,18.0,24.66,5.0,6.85,0.5700000000000001,0.07699999999999999,23.73,9.96,21.0,30.96,23.2,25.0,216.0,0.287,44.0,20.37,20.0,9.26,0.812,0.169,28.28,13.84,15.97,29.81,28.95,21.05
746938,2024-06-30,2024,669369,L,670174,R,field_out,False,False,11.0,0.2,2.0,18.18,1.0,9.09,0.573,0.09999999999999998,22.73,11.63,13.95,25.58,36.0,11.11,20.0,0.059,7.0,35.0,2.0,10.0,0.385,0.176,25.81,10.53,25.0,35.53,18.18,35.0,69.0,0.322,9.0,13.04,7.0,10.14,0.8380000000000001,0.119,19.33,9.5,12.81,22.31,30.58,18.0,151.0,0.239,38.0,25.17,11.0,7.28,0.609,0.065,23.47,11.52,16.03,27.55,30.69,22.09
746938,2024-06-30,2024,680776,L,663362,R,home_run,False,False,263.0,0.3,55.0,20.91,20.0,7.6,0.917,0.26200000000000007,23.43,11.27,14.67,25.95,26.96,18.39,314.0,0.296,75.0,23.89,21.0,6.69,0.84,0.195,24.68,12.92,13.75,26.67,30.3,19.02,188.0,0.257,43.0,22.87,17.0,9.04,0.77,0.18,19.88,8.44,19.66,28.1,23.95,20.19,85.0,0.267,12.0,14.12,9.0,10.59,0.794,0.186,18.24,7.96,19.47,27.43,22.36,12.63
746938,2024-06-30,2024,666152,L,663362,R,field_out,False,False,143.0,0.288,33.0,23.08,10.0,6.99,0.8200000000000001,0.189,24.15,10.4,20.26,30.66,20.23,20.62,36.0,0.1,10.0,27.78,6.0,16.67,0.417,0.067,20.0,8.44,23.38,31.82,26.39,15.38,188.0,0.257,43.0,22.87,17.0,9.04,0.77,0.18,19.88,8.44,19.66,28.1,23.95,20.19,85.0,0.267,12.0,14.12,9.0,10.59,0.794,0.186,18.24,7.96,19.47,27.43,22.36,12.63
746938,2024-06-30,2024,677800,L,593974,L,single,False,False,32.0,0.138,10.0,31.25,3.0,9.38,0.391,0.033999999999999975,32.14,15.52,17.24,32.76,33.9,38.46,10.0,0.2,5.0,50.0,0.0,0.0,0.4,0.0,44.44,17.78,26.67,44.44,34.78,29.41,42.0,0.289,7.0,16.67,2.0,4.76,0.831,0.185,17.91,8.51,14.18,22.7,28.99,21.88,97.0,0.138,24.0,24.74,10.0,10.31,0.483,0.0739999999999999,26.88,13.4,11.26,24.66,37.04,21.24
746938,2024-06-30,2024,646240,L,593974,L,field_out,False,False,105.0,0.255,35.0,33.33,8.0,7.62,0.76,0.181,30.13,16.12,13.32,29.44,34.45,22.58,188.0,0.273,37.0,19.68,11.0,5.85,0.823,0.2149999999999999,27.74,14.71,11.61,26.32,30.93,15.19,42.0,0.289,7.0,16.67,2.0,4.76,0.831,0.185,17.91,8.51,14.18,22.7,28.99,21.88,97.0,0.138,24.0,24.74,10.0,10.31,0.483,0.0739999999999999,26.88,13.4,11.26,24.66,37.04,21.24
746938,2024-06-30,2024,665839,L,593974,L,field_out,False,False,28.0,0.083,7.0,25.0,3.0,10.71,0.31,0.041999999999999996,33.33,15.89,15.89,31.78,40.0,28.0,16.0,0.143,5.0,31.25,1.0,6.25,0.393,0.0,37.5,16.98,16.98,33.96,31.03,50.0,42.0,0.289,7.0,16.67,2.0,4.76,0.831,0.185,17.91,8.51,14.18,22.7,28.99,21.88,97.0,0.138,24.0,24.74,10.0,10.31,0.483,0.0739999999999999,26.88,13.4,11.26,24.66,37.04,21.24
746938,2024-06-30,2024,650333,L,657514,L,single,False,False,151.0,0.275,16.0,10.6,5.0,3.31,0.642,0.04899999999999999,12.5,5.94,20.22,26.16,33.33,11.51,138.0,0.326,17.0,12.32,4.0,2.9,0.76,0.0909999999999999,12.5,6.61,16.32,22.93,33.48,12.88,60.0,0.167,17.0,28.33,3.0,5.0,0.46499999999999997,0.07399999999999998,21.59,8.48,28.12,36.61,17.24,25.0,84.0,0.169,23.0,27.38,3.0,3.57,0.4589999999999999,0.0519999999999999,24.82,10.84,23.53,34.37,22.79,26.74
746938,2024-06-30,2024,595777,R,657514,L,field_out,False,False,108.0,0.333,8.0,7.41,13.0,12.04,0.948,0.194,14.36,6.19,16.67,22.86,23.22,5.98,147.0,0.275,22.0,14.97,13.0,8.84,0.774,0.1519999999999999,15.44,6.84,17.44,24.27,22.81,13.33,59.0,0.234,11.0,18.64,10.0,16.95,0.671,0.06399999999999997,17.7,8.23,15.64,23.87,23.21,13.41,132.0,0.304,35.0,26.52,15.0,11.36,0.872,0.174,24.64,9.56,20.22,29.78,16.48,23.33
746938,2024-06-30,2024,630105,L,657514,L,field_out,False,False,111.0,0.202,20.0,18.02,9.0,8.11,0.552,0.07100000000000001,17.48,7.93,15.42,23.35,20.18,14.81,156.0,0.229,38.0,24.36,10.0,6.41,0.665,0.1349999999999999,18.48,9.0,20.1,29.1,30.82,17.84,60.0,0.167,17.0,28.33,3.0,5.0,0.46499999999999997,0.07399999999999998,21.59,8.48,28.12,36.61,17.24,25.0,84.0,0.169,23.0,27.38,3.0,3.57,0.4589999999999999,0.0519999999999999,24.82,10.84,23.53,34.37,22.79,26.74
746938,2024-06-30,2024,592518,R,686580,R,field_out,False,False,220.0,0.284,47.0,21.36,10.0,4.55,0.7190000000000001,0.12000000000000005,24.01,12.29,14.44,26.73,29.22,19.34,452.0,0.241,83.0,18.36,36.0,7.96,0.747,0.205,24.68,12.42,14.05,26.47,29.58,16.9,87.0,0.241,21.0,24.14,1.0,1.15,0.554,0.06,31.74,17.43,12.17,29.61,38.18,25.3,,,,,,,,,,,,,,
746938,2024-06-30,2024,807799,L,663568,R,single,False,False,112.0,0.28,16.0,14.29,7.0,6.25,0.731,0.09999999999999998,16.67,7.31,19.63,26.94,24.06,13.11,437.0,0.293,58.0,13.27,22.0,5.03,0.795,0.167,17.2,7.54,21.09,28.63,28.96,13.65,66.0,0.246,13.0,19.7,4.0,6.06,0.565,0.016000000000000014,18.18,9.21,18.41,27.62,30.48,16.88,,,,,,,,,,,,,,
746938,2024-06-30,2024,642086,L,663568,R,grounded_into_double_play,False,False,138.0,0.192,27.0,19.57,15.0,10.87,0.5720000000000001,0.08300000000000002,23.67,11.26,15.92,27.18,28.52,19.57,414.0,0.263,62.0,14.98,33.0,7.97,0.736,0.135,19.9,10.09,14.56,24.65,32.27,13.42,66.0,0.246,13.0,19.7,4.0,6.06,0.565,0.016000000000000014,18.18,9.21,18.41,27.62,30.48,16.88,,,,,,,,,,,,,,
746938,2024-06-30,2024,624512,L,663568,R,field_out,False,False,121.0,0.204,29.0,23.97,13.0,10.74,0.576,0.07799999999999999,24.88,11.28,17.87,29.15,29.27,22.31,179.0,0.25,47.0,26.26,10.0,5.59,0.639,0.0979999999999999,22.84,12.46,16.72,29.18,42.86,22.6,66.0,0.246,13.0,19.7,4.0,6.06,0.565,0.016000000000000014,18.18,9.21,18.41,27.62,30.48,16.88,,,,,,,,,,,,,,
746938,2024-06-30,2024,456781,R,686580,R,strikeout,True,False,71.0,0.27,15.0,21.13,4.0,5.63,0.687,0.07899999999999996,19.26,9.15,21.83,30.99,32.54,15.15,297.0,0.28,68.0,22.9,29.0,9.76,0.766,0.1059999999999999,26.06,12.14,17.61,29.74,28.81,17.48,87.0,0.241,21.0,24.14,1.0,1.15,0.554,0.06,31.74,17.43,12.17,29.61,38.18,25.3,,,,,,,,,,,,,,
746938,2024-06-30,2024,701538,L,686580,R,double,False,False,199.0,0.328,34.0,17.09,10.0,5.03,0.87,0.177,18.25,10.05,12.73,22.79,35.92,13.64,,,,,,,,,,,,,,,68.0,0.21,20.0,29.41,5.0,7.35,0.585,0.096,29.63,15.09,15.47,30.57,36.15,24.39,,,,,,,,,,,,,,
746938,2024-06-30,2024,673490,R,686580,R,double,False,False,223.0,0.247,37.0,16.59,31.0,13.9,0.7749999999999999,0.174,17.51,6.28,24.89,31.17,17.58,12.01,435.0,0.241,94.0,21.61,55.0,12.64,0.681,0.1,18.8,7.03,23.65,30.68,19.23,15.59,87.0,0.241,21.0,24.14,1.0,1.15,0.554,0.06,31.74,17.43,12.17,29.61,38.18,25.3,,,,,,,,,,,,,,
746938,2024-06-30,2024,543309,R,686580,R,field_out,False,False,52.0,0.22,17.0,32.69,2.0,3.85,0.87,0.4,23.71,11.11,23.19,34.3,31.96,24.64,192.0,0.233,53.0,27.6,12.0,6.25,0.654,0.142,28.81,14.15,17.01,31.16,30.17,24.88,87.0,0.241,21.0,24.14,1.0,1.15,0.554,0.06,31.74,17.43,12.17,29.61,38.18,25.3,,,,,,,,,,,,,,
746938,2024-06-30,2024,444482,L,686580,R,field_out,False,False,58.0,0.196,11.0,18.97,6.0,10.34,0.497,0.01999999999999999,26.56,14.66,11.21,25.86,35.65,11.76,387.0,0.253,63.0,16.28,19.0,4.91,0.6739999999999999,0.131,22.16,12.01,13.06,25.07,33.57,15.04,68.0,0.21,20.0,29.41,5.0,7.35,0.585,0.096,29.63,15.09,15.47,30.57,36.15,24.39,,,,,,,,,,,,,,
746938,2024-06-30,2024,678882,R,670970,L,strikeout,True,False,80.0,0.27,23.0,28.75,5.0,6.25,0.775,0.189,34.71,19.87,13.47,33.33,41.06,25.0,27.0,0.192,8.0,29.63,1.0,3.7,0.645,0.2309999999999999,36.36,19.23,14.42,33.65,30.0,24.24,82.0,0.273,18.0,21.95,5.0,6.1,0.7070000000000001,0.11699999999999999,30.06,16.78,12.67,29.45,39.29,21.18,26.0,0.435,3.0,11.54,3.0,11.54,1.152,0.217,15.0,6.38,15.96,22.34,15.22,15.79
746938,2024-06-30,2024,680776,L,670970,L,walk,False,True,119.0,0.257,30.0,25.21,10.0,8.4,0.655,0.067,24.29,10.56,20.29,30.85,28.57,20.69,49.0,0.289,15.0,30.61,3.0,6.12,0.749,0.133,24.44,10.73,20.0,30.73,27.27,25.86,54.0,0.204,18.0,33.33,3.0,5.56,0.5469999999999999,0.10200000000000001,30.7,15.98,16.89,32.88,32.26,21.69,18.0,0.267,5.0,27.78,2.0,11.11,0.753,0.133,20.0,8.82,19.12,27.94,20.0,23.81
746938,2024-06-30,2024,608701,R,670970,L,walk,False,True,73.0,0.328,19.0,26.03,9.0,12.33,0.9299999999999999,0.16399999999999998,33.07,14.74,17.19,31.93,20.3,20.88,146.0,0.308,22.0,15.07,23.0,15.75,0.8280000000000001,0.092,21.59,8.39,20.38,28.77,17.59,13.66,82.0,0.273,18.0,21.95,5.0,6.1,0.7070000000000001,0.11699999999999999,30.06,16.78,12.67,29.45,39.29,21.18,26.0,0.435,3.0,11.54,3.0,11.54,1.152,0.217,15.0,6.38,15.96,22.34,15.22,15.79
746938,2024-06-30,2024,663853,R,670970,L,strikeout,True,False,40.0,0.324,7.0,17.5,4.0,10.0,0.812,0.08799999999999997,29.73,14.47,13.16,27.63,31.82,18.92,37.0,0.162,15.0,40.54,0.0,0.0,0.4589999999999999,0.1349999999999999,44.44,23.36,17.52,40.88,39.73,31.91,82.0,0.273,18.0,21.95,5.0,6.1,0.7070000000000001,0.11699999999999999,30.06,16.78,12.67,29.45,39.29,21.18,26.0,0.435,3.0,11.54,3.0,11.54,1.152,0.217,15.0,6.38,15.96,22.34,15.22,15.79
746938,2024-06-30,2024,646240,L,670970,L,field_out,False,False,105.0,0.255,35.0,33.33,8.0,7.62,0.76,0.181,30.13,16.12,13.32,29.44,34.45,22.58,188.0,0.273,37.0,19.68,11.0,5.85,0.823,0.2149999999999999,27.74,14.71,11.61,26.32,30.93,15.19,54.0,0.204,18.0,33.33,3.0,5.56,0.5469999999999999,0.10200000000000001,30.7,15.98,16.89,32.88,32.26,21.69,18.0,0.267,5.0,27.78,2.0,11.11,0.753,0.133,20.0,8.82,19.12,27.94,20.0,23.81
746938,2024-06-30,2024,650333,L,455119,R,field_out,False,False,220.0,0.343,5.0,2.27,10.0,4.55,0.8089999999999999,0.09199999999999997,6.05,2.93,19.13,22.07,34.18,2.78,479.0,0.362,17.0,3.55,31.0,6.47,0.891,0.122,6.51,3.2,16.58,19.78,31.29,4.11,54.0,0.235,17.0,31.48,1.0,1.85,0.603,0.118,30.91,17.35,13.78,31.12,37.63,29.82,86.0,0.235,21.0,24.42,5.0,5.81,0.649,0.135,24.49,13.99,13.7,27.7,40.67,17.36
746938,2024-06-30,2024,595777,L,455119,R,single,False,False,229.0,0.309,41.0,17.9,28.0,12.23,0.8680000000000001,0.15500000000000003,18.74,8.66,14.41,23.07,22.55,13.07,375.0,0.229,68.0,18.13,37.0,9.87,0.6559999999999999,0.1159999999999999,21.66,10.43,14.17,24.61,26.12,14.59,54.0,0.235,17.0,31.48,1.0,1.85,0.603,0.118,30.91,17.35,13.78,31.12,37.63,29.82,86.0,0.235,21.0,24.42,5.0,5.81,0.649,0.135,24.49,13.99,13.7,27.7,40.67,17.36
746938,2024-06-30,2024,630105,L,455119,R,strikeout,True,False,235.0,0.281,39.0,16.6,17.0,7.23,0.849,0.22899999999999998,17.95,8.36,17.04,25.4,24.06,13.83,367.0,0.23,59.0,16.08,36.0,9.81,0.7,0.154,14.92,6.99,16.69,23.68,24.61,14.08,54.0,0.235,17.0,31.48,1.0,1.85,0.603,0.118,30.91,17.35,13.78,31.12,37.63,29.82,86.0,0.235,21.0,24.42,5.0,5.81,0.649,0.135,24.49,13.99,13.7,27.7,40.67,17.36
746938,2024-06-30,2024,592518,R,455119,R,field_out,False,False,220.0,0.284,47.0,21.36,10.0,4.55,0.7190000000000001,0.12000000000000005,24.01,12.29,14.44,26.73,29.22,19.34,452.0,0.241,83.0,18.36,36.0,7.96,0.747,0.205,24.68,12.42,14.05,26.47,29.58,16.9,42.0,0.282,10.0,23.81,1.0,2.38,0.8200000000000001,0.20500000000000002,24.1,12.58,20.75,33.33,33.85,16.95,113.0,0.239,25.0,22.12,3.0,2.65,0.505,0.009,22.22,12.72,18.07,30.79,36.08,19.53
746938,2024-06-30,2024,665839,L,669093,R,field_out,False,False,138.0,0.24,33.0,23.91,10.0,7.25,0.754,0.22400000000000003,20.4,9.03,20.53,29.56,28.08,17.68,133.0,0.28,32.0,24.06,7.0,5.26,0.806,0.2079999999999999,23.05,10.04,20.07,30.11,28.72,21.48,44.0,0.205,17.0,38.64,4.0,9.09,0.6060000000000001,0.12800000000000003,36.47,18.02,13.95,31.98,31.46,32.69,22.0,0.235,4.0,18.18,5.0,22.73,0.762,0.118,19.51,9.09,13.64,22.73,23.08,12.9
746938,2024-06-30,2024,807799,L,669093,R,field_out,False,False,112.0,0.28,16.0,14.29,7.0,6.25,0.731,0.09999999999999998,16.67,7.31,19.63,26.94,24.06,13.11,437.0,0.293,58.0,13.27,22.0,5.03,0.795,0.167,17.2,7.54,21.09,28.63,28.96,13.65,44.0,0.205,17.0,38.64,4.0,9.09,0.6060000000000001,0.12800000000000003,36.47,18.02,13.95,31.98,31.46,32.69,22.0,0.235,4.0,18.18,5.0,22.73,0.762,0.118,19.51,9.09,13.64,22.73,23.08,12.9
746938,2024-06-30,2024,642086,L,669093,R,field_out,False,False,138.0,0.192,27.0,19.57,15.0,10.87,0.5720000000000001,0.08300000000000002,23.67,11.26,15.92,27.18,28.52,19.57,414.0,0.263,62.0,14.98,33.0,7.97,0.736,0.135,19.9,10.09,14.56,24.65,32.27,13.42,44.0,0.205,17.0,38.64,4.0,9.09,0.6060000000000001,0.12800000000000003,36.47,18.02,13.95,31.98,31.46,32.69,22.0,0.235,4.0,18.18,5.0,22.73,0.762,0.118,19.51,9.09,13.64,22.73,23.08,12.9
746938,2024-06-30,2024,456781,R,445276,R,field_out,False,False,71.0,0.27,15.0,21.13,4.0,5.63,0.687,0.07899999999999996,19.26,9.15,21.83,30.99,32.54,15.15,297.0,0.28,68.0,22.9,29.0,9.76,0.766,0.1059999999999999,26.06,12.14,17.61,29.74,28.81,17.48,60.0,0.18,14.0,23.33,7.0,11.67,0.5229999999999999,0.06,28.28,12.73,16.82,29.55,19.61,26.42,99.0,0.273,27.0,27.27,9.0,9.09,0.7629999999999999,0.1359999999999999,31.86,17.2,13.76,30.95,32.18,23.68
746938,2024-06-30,2024,701538,L,445276,R,strikeout,True,False,199.0,0.328,34.0,17.09,10.0,5.03,0.87,0.177,18.25,10.05,12.73,22.79,35.92,13.64,,,,,,,,,,,,,,,52.0,0.2,18.0,34.62,4.0,7.69,0.482,0.021999999999999992,25.0,12.5,18.5,31.0,25.0,20.93,89.0,0.198,25.0,28.09,8.0,8.99,0.616,0.1479999999999999,25.58,12.57,17.71,30.29,30.43,21.55
746938,2024-06-30,2024,673490,R,445276,R,field_out,False,False,223.0,0.247,37.0,16.59,31.0,13.9,0.7749999999999999,0.174,17.51,6.28,24.89,31.17,17.58,12.01,435.0,0.241,94.0,21.61,55.0,12.64,0.681,0.1,18.8,7.03,23.65,30.68,19.23,15.59,60.0,0.18,14.0,23.33,7.0,11.67,0.5229999999999999,0.06,28.28,12.73,16.82,29.55,19.61,26.42,99.0,0.273,27.0,27.27,9.0,9.09,0.7629999999999999,0.1359999999999999,31.86,17.2,13.76,30.95,32.18,23.68
747101,2024-06-30,2024,457705,R,680885,R,strikeout,True,False,210.0,0.249,53.0,25.24,23.0,10.95,0.754,0.16699999999999998,29.81,12.49,18.96,31.44,17.24,19.56,312.0,0.254,72.0,23.08,49.0,15.71,0.767,0.137,28.77,12.06,17.2,29.26,17.59,17.52,43.0,0.237,11.0,25.58,3.0,6.98,0.668,0.10500000000000004,29.59,16.86,13.95,30.81,38.27,17.19,,,,,,,,,,,,,,
747101,2024-06-30,2024,668804,L,680885,R,strikeout,True,False,258.0,0.281,58.0,22.48,25.0,9.69,0.847,0.20599999999999996,28.48,13.38,14.16,27.54,27.26,18.77,438.0,0.252,94.0,21.46,45.0,10.27,0.821,0.2309999999999999,28.75,13.22,13.73,26.95,24.9,18.49,72.0,0.281,14.0,19.44,4.0,5.56,0.829,0.21899999999999997,25.68,14.13,15.99,30.11,41.46,15.38,,,,,,,,,,,,,,
747101,2024-06-30,2024,665833,L,680885,R,walk,False,True,226.0,0.275,71.0,31.42,18.0,7.96,0.8200000000000001,0.21299999999999997,33.95,15.6,18.48,34.08,34.21,23.91,33.0,0.185,7.0,21.21,5.0,15.15,0.636,0.148,27.69,13.14,15.33,28.47,34.25,17.95,72.0,0.281,14.0,19.44,4.0,5.56,0.829,0.21899999999999997,25.68,14.13,15.99,30.11,41.46,15.38,,,,,,,,,,,,,,
747101,2024-06-30,2024,658668,R,680885,R,single,False,False,98.0,0.239,15.0,15.31,7.0,7.14,0.58,0.044999999999999984,23.04,12.24,14.58,26.82,32.8,11.9,261.0,0.256,43.0,16.48,14.0,5.36,0.728,0.1649999999999999,22.47,11.51,14.21,25.73,31.17,15.47,43.0,0.237,11.0,25.58,3.0,6.98,0.668,0.10500000000000004,29.59,16.86,13.95,30.81,38.27,17.19,,,,,,,,,,,,,,
747101,2024-06-30,2024,642133,L,680885,R,field_out,False,False,186.0,0.246,36.0,19.35,13.0,6.99,0.6459999999999999,0.09899999999999998,19.62,8.12,21.07,29.19,23.32,18.46,300.0,0.223,73.0,24.33,29.0,9.67,0.69,0.173,22.22,8.47,23.11,31.59,24.77,19.95,72.0,0.281,14.0,19.44,4.0,5.56,0.829,0.21899999999999997,25.68,14.13,15.99,30.11,41.46,15.38,,,,,,,,,,,,,,
747101,2024-06-30,2024,672284,L,663559,L,strikeout,True,False,45.0,0.279,12.0,26.67,1.0,2.22,0.661,0.09299999999999997,32.58,18.24,15.72,33.96,33.78,24.49,92.0,0.259,27.0,29.35,7.0,7.61,0.774,0.2,27.91,12.83,16.31,29.14,26.49,24.55,71.0,0.261,15.0,21.13,2.0,2.82,0.673,0.13,25.23,11.54,20.51,32.05,29.91,31.25,69.0,0.364,12.0,17.39,3.0,4.35,1.103,0.348,19.35,9.27,18.53,27.8,22.12,16.22
747101,2024-06-30,2024,645277,R,663559,L,field_out,False,False,91.0,0.337,12.0,13.19,1.0,1.1,0.88,0.191,20.24,11.49,9.8,21.28,33.76,20.0,133.0,0.391,18.0,13.53,4.0,3.01,1.023,0.2259999999999999,19.5,11.51,10.25,21.76,42.91,12.77,263.0,0.232,39.0,14.83,20.0,7.6,0.692,0.17300000000000001,17.55,8.78,16.93,25.71,25.24,14.61,278.0,0.269,48.0,17.27,17.0,6.12,0.763,0.181,18.05,9.25,15.61,24.86,30.85,15.58
747101,2024-06-30,2024,542303,R,663559,L,double,False,False,101.0,0.337,25.0,24.75,15.0,14.85,0.9359999999999999,0.16299999999999998,32.09,15.2,12.11,27.31,24.71,15.62,139.0,0.278,25.0,17.99,13.0,9.35,0.98,0.357,22.56,11.13,13.17,24.3,30.63,15.53,263.0,0.232,39.0,14.83,20.0,7.6,0.692,0.17300000000000001,17.55,8.78,16.93,25.71,25.24,14.61,278.0,0.269,48.0,17.27,17.0,6.12,0.763,0.181,18.05,9.25,15.61,24.86,30.85,15.58
747101,2024-06-30,2024,621566,L,663559,L,walk,False,True,110.0,0.277,28.0,25.45,5.0,4.55,0.8620000000000001,0.258,25.11,12.64,13.75,26.39,30.3,17.61,182.0,0.252,52.0,28.57,14.0,7.69,0.7989999999999999,0.239,31.07,15.01,14.87,29.88,27.47,21.94,71.0,0.261,15.0,21.13,2.0,2.82,0.673,0.13,25.23,11.54,20.51,32.05,29.91,31.25,69.0,0.364,12.0,17.39,3.0,4.35,1.103,0.348,19.35,9.27,18.53,27.8,22.12,16.22
747101,2024-06-30,2024,663586,R,663559,L,field_out,False,False,87.0,0.211,17.0,19.54,10.0,11.49,0.718,0.19699999999999998,24.22,12.19,10.62,22.81,24.22,19.1,149.0,0.289,35.0,23.49,17.0,11.41,0.94,0.289,28.03,13.64,12.46,26.09,26.11,18.72,263.0,0.232,39.0,14.83,20.0,7.6,0.692,0.17300000000000001,17.55,8.78,16.93,25.71,25.24,14.61,278.0,0.269,48.0,17.27,17.0,6.12,0.763,0.181,18.05,9.25,15.61,24.86,30.85,15.58
747101,2024-06-30,2024,693304,R,680885,R,single,False,False,126.0,0.27,29.0,23.02,7.0,5.56,0.7030000000000001,0.121,27.21,15.2,10.47,25.67,32.79,17.58,86.0,0.234,21.0,24.42,3.0,3.49,0.638,0.1299999999999999,30.36,15.84,12.11,27.95,27.85,22.11,43.0,0.237,11.0,25.58,3.0,6.98,0.668,0.10500000000000004,29.59,16.86,13.95,30.81,38.27,17.19,,,,,,,,,,,,,,
747101,2024-06-30,2024,663698,R,680885,R,field_out,False,False,49.0,0.244,13.0,26.53,6.0,12.24,0.939,0.34099999999999997,33.78,12.14,20.39,32.52,19.19,25.49,45.0,0.22,13.0,28.89,3.0,6.67,0.606,0.097,29.63,14.37,16.17,30.54,28.05,24.49,43.0,0.237,11.0,25.58,3.0,6.98,0.668,0.10500000000000004,29.59,16.86,13.95,30.81,38.27,17.19,,,,,,,,,,,,,,
747101,2024-06-30,2024,669707,R,680885,R,strikeout,True,False,172.0,0.211,41.0,23.84,16.0,9.3,0.594,0.098,25.15,12.37,15.32,27.69,27.81,16.94,144.0,0.301,43.0,29.86,18.0,12.5,0.786,0.089,33.87,14.74,17.72,32.46,24.23,24.57,43.0,0.237,11.0,25.58,3.0,6.98,0.668,0.10500000000000004,29.59,16.86,13.95,30.81,38.27,17.19,,,,,,,,,,,,,,
747101,2024-06-30,2024,669261,L,680885,R,field_out,False,False,183.0,0.155,48.0,26.23,21.0,11.48,0.531,0.12500000000000003,25.58,11.89,15.27,27.16,21.39,20.78,404.0,0.232,117.0,28.96,61.0,15.1,0.857,0.271,29.06,11.36,18.81,30.17,17.6,22.37,72.0,0.281,14.0,19.44,4.0,5.56,0.829,0.21899999999999997,25.68,14.13,15.99,30.11,41.46,15.38,,,,,,,,,,,,,,
747101,2024-06-30,2024,594807,R,663559,L,strikeout,True,False,96.0,0.259,19.0,19.79,12.0,12.5,0.884,0.26,23.26,10.75,17.47,28.23,26.77,15.83,93.0,0.244,34.0,36.56,4.0,4.3,0.757,0.2329999999999999,34.95,18.31,16.34,34.65,37.97,29.82,263.0,0.232,39.0,14.83,20.0,7.6,0.692,0.17300000000000001,17.55,8.78,16.93,25.71,25.24,14.61,278.0,0.269,48.0,17.27,17.0,6.12,0.763,0.181,18.05,9.25,15.61,24.86,30.85,15.58
747101,2024-06-30,2024,669221,R,663559,L,strikeout,True,False,29.0,0.154,8.0,27.59,2.0,6.9,0.5489999999999999,0.154,32.73,15.25,21.19,36.44,41.38,20.51,101.0,0.274,21.0,20.79,12.0,11.88,0.884,0.2139999999999999,23.12,10.14,16.75,26.89,23.56,16.03,263.0,0.232,39.0,14.83,20.0,7.6,0.692,0.17300000000000001,17.55,8.78,16.93,25.71,25.24,14.61,278.0,0.269,48.0,17.27,17.0,6.12,0.763,0.181,18.05,9.25,15.61,24.86,30.85,15.58
747101,2024-06-30,2024,606115,R,663559,L,strikeout,True,False,83.0,0.167,23.0,27.71,3.0,3.61,0.437,0.07699999999999999,26.95,13.31,16.86,30.18,27.78,20.72,112.0,0.302,24.0,21.43,16.0,14.29,1.006,0.302,27.18,11.06,18.79,29.85,21.6,18.32,263.0,0.232,39.0,14.83,20.0,7.6,0.692,0.17300000000000001,17.55,8.78,16.93,25.71,25.24,14.61,278.0,0.269,48.0,17.27,17.0,6.12,0.763,0.181,18.05,9.25,15.61,24.86,30.85,15.58
747101,2024-06-30,2024,457705,R,680885,R,field_out,False,False,210.0,0.249,53.0,25.24,23.0,10.95,0.754,0.16699999999999998,29.81,12.49,18.96,31.44,17.24,19.56,312.0,0.254,72.0,23.08,49.0,15.71,0.767,0.137,28.77,12.06,17.2,29.26,17.59,17.52,43.0,0.237,11.0,25.58,3.0,6.98,0.668,0.10500000000000004,29.59,16.86,13.95,30.81,38.27,17.19,,,,,,,,,,,,,,
747101,2024-06-30,2024,668804,L,680885,R,field_out,False,False,258.0,0.281,58.0,22.48,25.0,9.69,0.847,0.20599999999999996,28.48,13.38,14.16,27.54,27.26,18.77,438.0,0.252,94.0,21.46,45.0,10.27,0.821,0.2309999999999999,28.75,13.22,13.73,26.95,24.9,18.49,72.0,0.281,14.0,19.44,4.0,5.56,0.829,0.21899999999999997,25.68,14.13,15.99,30.11,41.46,15.38,,,,,,,,,,,,,,
747101,2024-06-30,2024,665833,L,680885,R,strikeout,True,False,226.0,0.275,71.0,31.42,18.0,7.96,0.8200000000000001,0.21299999999999997,33.95,15.6,18.48,34.08,34.21,23.91,33.0,0.185,7.0,21.21,5.0,15.15,0.636,0.148,27.69,13.14,15.33,28.47,34.25,17.95,72.0,0.281,14.0,19.44,4.0,5.56,0.829,0.21899999999999997,25.68,14.13,15.99,30.11,41.46,15.38,,,,,,,,,,,,,,
747101,2024-06-30,2024,663897,R,663559,L,field_out,False,False,5.0,0.25,1.0,20.0,0.0,0.0,0.65,0.0,33.33,15.38,30.77,46.15,50.0,100.0,3.0,0.0,1.0,33.33,0.0,0.0,0.0,0.0,50.0,30.0,20.0,50.0,33.33,25.0,263.0,0.232,39.0,14.83,20.0,7.6,0.692,0.17300000000000001,17.55,8.78,16.93,25.71,25.24,14.61,278.0,0.269,48.0,17.27,17.0,6.12,0.763,0.181,18.05,9.25,15.61,24.86,30.85,15.58
747101,2024-06-30,2024,672284,L,663559,L,field_out,False,False,45.0,0.279,12.0,26.67,1.0,2.22,0.661,0.09299999999999997,32.58,18.24,15.72,33.96,33.78,24.49,92.0,0.259,27.0,29.35,7.0,7.61,0.774,0.2,27.91,12.83,16.31,29.14,26.49,24.55,71.0,0.261,15.0,21.13,2.0,2.82,0.673,0.13,25.23,11.54,20.51,32.05,29.91,31.25,69.0,0.364,12.0,17.39,3.0,4.35,1.103,0.348,19.35,9.27,18.53,27.8,22.12,16.22
747101,2024-06-30,2024,645277,R,663559,L,field_out,False,False,91.0,0.337,12.0,13.19,1.0,1.1,0.88,0.191,20.24,11.49,9.8,21.28,33.76,20.0,133.0,0.391,18.0,13.53,4.0,3.01,1.023,0.2259999999999999,19.5,11.51,10.25,21.76,42.91,12.77,263.0,0.232,39.0,14.83,20.0,7.6,0.692,0.17300000000000001,17.55,8.78,16.93,25.71,25.24,14.61,278.0,0.269,48.0,17.27,17.0,6.12,0.763,0.181,18.05,9.25,15.61,24.86,30.85,15.58
747101,2024-06-30,2024,658668,R,680885,R,field_out,False,False,98.0,0.239,15.0,15.31,7.0,7.14,0.58,0.044999999999999984,23.04,12.24,14.58,26.82,32.8,11.9,261.0,0.256,43.0,16.48,14.0,5.36,0.728,0.1649999999999999,22.47,11.51,14.21,25.73,31.17,15.47,43.0,0.237,11.0,25.58,3.0,6.98,0.668,0.10500000000000004,29.59,16.86,13.95,30.81,38.27,17.19,,,,,,,,,,,,,,
747101,2024-06-30,2024,642133,L,680885,R,field_out,False,False,186.0,0.246,36.0,19.35,13.0,6.99,0.6459999999999999,0.09899999999999998,19.62,8.12,21.07,29.19,23.32,18.46,300.0,0.223,73.0,24.33,29.0,9.67,0.69,0.173,22.22,8.47,23.11,31.59,24.77,19.95,72.0,0.281,14.0,19.44,4.0,5.56,0.829,0.21899999999999997,25.68,14.13,15.99,30.11,41.46,15.38,,,,,,,,,,,,,,
747101,2024-06-30,2024,693304,R,680885,R,double,False,False,126.0,0.27,29.0,23.02,7.0,5.56,0.7030000000000001,0.121,27.21,15.2,10.47,25.67,32.79,17.58,86.0,0.234,21.0,24.42,3.0,3.49,0.638,0.1299999999999999,30.36,15.84,12.11,27.95,27.85,22.11,43.0,0.237,11.0,25.58,3.0,6.98,0.668,0.10500000000000004,29.59,16.86,13.95,30.81,38.27,17.19,,,,,,,,,,,,,,
747101,2024-06-30,2024,663698,R,680885,R,field_error,False,False,49.0,0.244,13.0,26.53,6.0,12.24,0.939,0.34099999999999997,33.78,12.14,20.39,32.52,19.19,25.49,45.0,0.22,13.0,28.89,3.0,6.67,0.606,0.097,29.63,14.37,16.17,30.54,28.05,24.49,43.0,0.237,11.0,25.58,3.0,6.98,0.668,0.10500000000000004,29.59,16.86,13.95,30.81,38.27,17.19,,,,,,,,,,,,,,
747101,2024-06-30,2024,669707,R,680885,R,strikeout,True,False,172.0,0.211,41.0,23.84,16.0,9.3,0.594,0.098,25.15,12.37,15.32,27.69,27.81,16.94,144.0,0.301,43.0,29.86,18.0,12.5,0.786,0.089,33.87,14.74,17.72,32.46,24.23,24.57,43.0,0.237,11.0,25.58,3.0,6.98,0.668,0.10500000000000004,29.59,16.86,13.95,30.81,38.27,17.19,,,,,,,,,,,,,,
747101,2024-06-30,2024,542303,R,663559,L,walk,False,True,101.0,0.337,25.0,24.75,15.0,14.85,0.9359999999999999,0.16299999999999998,32.09,15.2,12.11,27.31,24.71,15.62,139.0,0.278,25.0,17.99,13.0,9.35,0.98,0.357,22.56,11.13,13.17,24.3,30.63,15.53,263.0,0.232,39.0,14.83,20.0,7.6,0.692,0.17300000000000001,17.55,8.78,16.93,25.71,25.24,14.61,278.0,0.269,48.0,17.27,17.0,6.12,0.763,0.181,18.05,9.25,15.61,24.86,30.85,15.58
747101,2024-06-30,2024,621566,L,663559,L,single,False,False,110.0,0.277,28.0,25.45,5.0,4.55,0.8620000000000001,0.258,25.11,12.64,13.75,26.39,30.3,17.61,182.0,0.252,52.0,28.57,14.0,7.69,0.7989999999999999,0.239,31.07,15.01,14.87,29.88,27.47,21.94,71.0,0.261,15.0,21.13,2.0,2.82,0.673,0.13,25.23,11.54,20.51,32.05,29.91,31.25,69.0,0.364,12.0,17.39,3.0,4.35,1.103,0.348,19.35,9.27,18.53,27.8,22.12,16.22
747101,2024-06-30,2024,663586,R,663559,L,grounded_into_double_play,False,False,87.0,0.211,17.0,19.54,10.0,11.49,0.718,0.19699999999999998,24.22,12.19,10.62,22.81,24.22,19.1,149.0,0.289,35.0,23.49,17.0,11.41,0.94,0.289,28.03,13.64,12.46,26.09,26.11,18.72,263.0,0.232,39.0,14.83,20.0,7.6,0.692,0.17300000000000001,17.55,8.78,16.93,25.71,25.24,14.61,278.0,0.269,48.0,17.27,17.0,6.12,0.763,0.181,18.05,9.25,15.61,24.86,30.85,15.58
747101,2024-06-30,2024,594807,R,663559,L,walk,False,True,96.0,0.259,19.0,19.79,12.0,12.5,0.884,0.26,23.26,10.75,17.47,28.23,26.77,15.83,93.0,0.244,34.0,36.56,4.0,4.3,0.757,0.2329999999999999,34.95,18.31,16.34,34.65,37.97,29.82,263.0,0.232,39.0,14.83,20.0,7.6,0.692,0.17300000000000001,17.55,8.78,16.93,25.71,25.24,14.61,278.0,0.269,48.0,17.27,17.0,6.12,0.763,0.181,18.05,9.25,15.61,24.86,30.85,15.58
747101,2024-06-30,2024,669221,R,663559,L,strikeout,True,False,29.0,0.154,8.0,27.59,2.0,6.9,0.5489999999999999,0.154,32.73,15.25,21.19,36.44,41.38,20.51,101.0,0.274,21.0,20.79,12.0,11.88,0.884,0.2139999999999999,23.12,10.14,16.75,26.89,23.56,16.03,263.0,0.232,39.0,14.83,20.0,7.6,0.692,0.17300000000000001,17.55,8.78,16.93,25.71,25.24,14.61,278.0,0.269,48.0,17.27,17.0,6.12,0.763,0.181,18.05,9.25,15.61,24.86,30.85,15.58
747101,2024-06-30,2024,669261,L,680885,R,hit_by_pitch,False,False,183.0,0.155,48.0,26.23,21.0,11.48,0.531,0.12500000000000003,25.58,11.89,15.27,27.16,21.39,20.78,404.0,0.232,117.0,28.96,61.0,15.1,0.857,0.271,29.06,11.36,18.81,30.17,17.6,22.37,72.0,0.281,14.0,19.44,4.0,5.56,0.829,0.21899999999999997,25.68,14.13,15.99,30.11,41.46,15.38,,,,,,,,,,,,,,
747101,2024-06-30,2024,457705,R,680885,R,strikeout,True,False,210.0,0.249,53.0,25.24,23.0,10.95,0.754,0.16699999999999998,29.81,12.49,18.96,31.44,17.24,19.56,312.0,0.254,72.0,23.08,49.0,15.71,0.767,0.137,28.77,12.06,17.2,29.26,17.59,17.52,43.0,0.237,11.0,25.58,3.0,6.98,0.668,0.10500000000000004,29.59,16.86,13.95,30.81,38.27,17.19,,,,,,,,,,,,,,
747101,2024-06-30,2024,668804,L,680885,R,strikeout,True,False,258.0,0.281,58.0,22.48,25.0,9.69,0.847,0.20599999999999996,28.48,13.38,14.16,27.54,27.26,18.77,438.0,0.252,94.0,21.46,45.0,10.27,0.821,0.2309999999999999,28.75,13.22,13.73,26.95,24.9,18.49,72.0,0.281,14.0,19.44,4.0,5.56,0.829,0.21899999999999997,25.68,14.13,15.99,30.11,41.46,15.38,,,,,,,,,,,,,,
747101,2024-06-30,2024,665833,L,680885,R,home_run,False,False,226.0,0.275,71.0,31.42,18.0,7.96,0.8200000000000001,0.21299999999999997,33.95,15.6,18.48,34.08,34.21,23.91,33.0,0.185,7.0,21.21,5.0,15.15,0.636,0.148,27.69,13.14,15.33,28.47,34.25,17.95,72.0,0.281,14.0,19.44,4.0,5.56,0.829,0.21899999999999997,25.68,14.13,15.99,30.11,41.46,15.38,,,,,,,,,,,,,,
747101,2024-06-30,2024,658668,R,680885,R,walk,False,True,98.0,0.239,15.0,15.31,7.0,7.14,0.58,0.044999999999999984,23.04,12.24,14.58,26.82,32.8,11.9,261.0,0.256,43.0,16.48,14.0,5.36,0.728,0.1649999999999999,22.47,11.51,14.21,25.73,31.17,15.47,43.0,0.237,11.0,25.58,3.0,6.98,0.668,0.10500000000000004,29.59,16.86,13.95,30.81,38.27,17.19,,,,,,,,,,,,,,
747101,2024-06-30,2024,642133,L,680885,R,home_run,False,False,186.0,0.246,36.0,19.35,13.0,6.99,0.6459999999999999,0.09899999999999998,19.62,8.12,21.07,29.19,23.32,18.46,300.0,0.223,73.0,24.33,29.0,9.67,0.69,0.173,22.22,8.47,23.11,31.59,24.77,19.95,72.0,0.281,14.0,19.44,4.0,5.56,0.829,0.21899999999999997,25.68,14.13,15.99,30.11,41.46,15.38,,,,,,,,,,,,,,
747101,2024-06-30,2024,693304,R,680885,R,field_out,False,False,126.0,0.27,29.0,23.02,7.0,5.56,0.7030000000000001,0.121,27.21,15.2,10.47,25.67,32.79,17.58,86.0,0.234,21.0,24.42,3.0,3.49,0.638,0.1299999999999999,30.36,15.84,12.11,27.95,27.85,22.11,43.0,0.237,11.0,25.58,3.0,6.98,0.668,0.10500000000000004,29.59,16.86,13.95,30.81,38.27,17.19,,,,,,,,,,,,,,
747101,2024-06-30,2024,606115,R,663559,L,walk,False,True,83.0,0.167,23.0,27.71,3.0,3.61,0.437,0.07699999999999999,26.95,13.31,16.86,30.18,27.78,20.72,112.0,0.302,24.0,21.43,16.0,14.29,1.006,0.302,27.18,11.06,18.79,29.85,21.6,18.32,263.0,0.232,39.0,14.83,20.0,7.6,0.692,0.17300000000000001,17.55,8.78,16.93,25.71,25.24,14.61,278.0,0.269,48.0,17.27,17.0,6.12,0.763,0.181,18.05,9.25,15.61,24.86,30.85,15.58
747101,2024-06-30,2024,663897,R,663559,L,grounded_into_double_play,False,False,5.0,0.25,1.0,20.0,0.0,0.0,0.65,0.0,33.33,15.38,30.77,46.15,50.0,100.0,3.0,0.0,1.0,33.33,0.0,0.0,0.0,0.0,50.0,30.0,20.0,50.0,33.33,25.0,263.0,0.232,39.0,14.83,20.0,7.6,0.692,0.17300000000000001,17.55,8.78,16.93,25.71,25.24,14.61,278.0,0.269,48.0,17.27,17.0,6.12,0.763,0.181,18.05,9.25,15.61,24.86,30.85,15.58
747101,2024-06-30,2024,672284,L,663559,L,field_out,False,False,45.0,0.279,12.0,26.67,1.0,2.22,0.661,0.09299999999999997,32.58,18.24,15.72,33.96,33.78,24.49,92.0,0.259,27.0,29.35,7.0,7.61,0.774,0.2,27.91,12.83,16.31,29.14,26.49,24.55,71.0,0.261,15.0,21.13,2.0,2.82,0.673,0.13,25.23,11.54,20.51,32.05,29.91,31.25,69.0,0.364,12.0,17.39,3.0,4.35,1.103,0.348,19.35,9.27,18.53,27.8,22.12,16.22
747101,2024-06-30,2024,663698,R,656550,R,strikeout,True,False,49.0,0.244,13.0,26.53,6.0,12.24,0.939,0.34099999999999997,33.78,12.14,20.39,32.52,19.19,25.49,45.0,0.22,13.0,28.89,3.0,6.67,0.606,0.097,29.63,14.37,16.17,30.54,28.05,24.49,15.0,0.2,4.0,26.67,0.0,0.0,0.4,0.0,41.38,25.53,10.64,36.17,43.48,33.33,,,,,,,,,,,,,,
747101,2024-06-30,2024,669707,R,656550,R,strikeout,True,False,172.0,0.211,41.0,23.84,16.0,9.3,0.594,0.098,25.15,12.37,15.32,27.69,27.81,16.94,144.0,0.301,43.0,29.86,18.0,12.5,0.786,0.089,33.87,14.74,17.72,32.46,24.23,24.57,15.0,0.2,4.0,26.67,0.0,0.0,0.4,0.0,41.38,25.53,10.64,36.17,43.48,33.33,,,,,,,,,,,,,,
747101,2024-06-30,2024,669261,L,656550,R,field_out,False,False,183.0,0.155,48.0,26.23,21.0,11.48,0.531,0.12500000000000003,25.58,11.89,15.27,27.16,21.39,20.78,404.0,0.232,117.0,28.96,61.0,15.1,0.857,0.271,29.06,11.36,18.81,30.17,17.6,22.37,11.0,0.4,1.0,9.09,1.0,9.09,0.9550000000000001,0.09999999999999998,7.14,2.5,22.5,25.0,5.0,14.29,,,,,,,,,,,,,,
747101,2024-06-30,2024,645277,L,693312,R,field_out,False,False,232.0,0.218,39.0,16.81,20.0,8.62,0.6419999999999999,0.12699999999999997,20.81,11.5,9.16,20.66,32.19,12.0,528.0,0.25,89.0,16.86,42.0,7.95,0.8029999999999999,0.235,20.84,11.11,9.82,20.92,33.45,13.94,41.0,0.206,12.0,29.27,5.0,12.2,0.6060000000000001,0.059000000000000025,32.47,15.92,12.74,28.66,23.68,22.22,8.0,0.0,5.0,62.5,1.0,12.5,0.125,0.0,39.13,19.57,10.87,30.43,28.0,22.73
747101,2024-06-30,2024,542303,R,693312,R,strikeout,True,False,242.0,0.285,53.0,21.9,24.0,9.92,0.953,0.308,30.59,14.63,12.86,27.49,26.29,19.0,453.0,0.272,109.0,24.06,44.0,9.71,0.882,0.263,27.95,13.42,14.78,28.21,29.59,18.63,61.0,0.235,17.0,27.87,8.0,13.11,0.647,0.07900000000000001,32.14,13.58,16.98,30.57,25.0,18.48,18.0,0.5,2.0,11.11,3.0,16.67,1.468,0.357,20.0,9.23,16.92,26.15,25.0,15.38
747101,2024-06-30,2024,621566,L,693312,R,field_out,False,False,230.0,0.223,65.0,28.26,25.0,10.87,0.6890000000000001,0.153,28.02,13.79,12.07,25.86,28.44,17.68,540.0,0.294,115.0,21.3,90.0,16.67,1.061,0.351,27.51,12.57,12.32,24.89,25.66,14.92,41.0,0.206,12.0,29.27,5.0,12.2,0.6060000000000001,0.059000000000000025,32.47,15.92,12.74,28.66,23.68,22.22,8.0,0.0,5.0,62.5,1.0,12.5,0.125,0.0,39.13,19.57,10.87,30.43,28.0,22.73
747101,2024-06-30,2024,656582,R,656550,R,field_out,False,False,172.0,0.227,37.0,21.51,15.0,8.72,0.6719999999999999,0.13699999999999998,23.71,10.39,18.83,29.22,22.29,19.37,279.0,0.235,70.0,25.09,27.0,9.68,0.72,0.166,22.25,8.9,20.93,29.83,20.67,18.23,15.0,0.2,4.0,26.67,0.0,0.0,0.4,0.0,41.38,25.53,10.64,36.17,43.48,33.33,,,,,,,,,,,,,,
747101,2024-06-30,2024,668804,L,656550,R,field_out,False,False,258.0,0.281,58.0,22.48,25.0,9.69,0.847,0.20599999999999996,28.48,13.38,14.16,27.54,27.26,18.77,438.0,0.252,94.0,21.46,45.0,10.27,0.821,0.2309999999999999,28.75,13.22,13.73,26.95,24.9,18.49,11.0,0.4,1.0,9.09,1.0,9.09,0.9550000000000001,0.09999999999999998,7.14,2.5,22.5,25.0,5.0,14.29,,,,,,,,,,,,,,
747101,2024-06-30,2024,665833,L,656550,R,single,False,False,226.0,0.275,71.0,31.42,18.0,7.96,0.8200000000000001,0.21299999999999997,33.95,15.6,18.48,34.08,34.21,23.91,33.0,0.185,7.0,21.21,5.0,15.15,0.636,0.148,27.69,13.14,15.33,28.47,34.25,17.95,11.0,0.4,1.0,9.09,1.0,9.09,0.9550000000000001,0.09999999999999998,7.14,2.5,22.5,25.0,5.0,14.29,,,,,,,,,,,,,,
747101,2024-06-30,2024,658668,R,656550,R,field_out,False,False,98.0,0.239,15.0,15.31,7.0,7.14,0.58,0.044999999999999984,23.04,12.24,14.58,26.82,32.8,11.9,261.0,0.256,43.0,16.48,14.0,5.36,0.728,0.1649999999999999,22.47,11.51,14.21,25.73,31.17,15.47,15.0,0.2,4.0,26.67,0.0,0.0,0.4,0.0,41.38,25.53,10.64,36.17,43.48,33.33,,,,,,,,,,,,,,
747101,2024-06-30,2024,663586,R,693312,R,walk,False,True,203.0,0.27,51.0,25.12,15.0,7.39,0.764,0.16199999999999998,29.53,14.89,13.52,28.41,27.92,19.16,566.0,0.28,137.0,24.2,42.0,7.42,0.841,0.2199999999999999,27.71,13.25,15.53,28.77,27.7,18.53,61.0,0.235,17.0,27.87,8.0,13.11,0.647,0.07900000000000001,32.14,13.58,16.98,30.57,25.0,18.48,18.0,0.5,2.0,11.11,3.0,16.67,1.468,0.357,20.0,9.23,16.92,26.15,25.0,15.38
747101,2024-06-30,2024,594807,R,693312,R,strikeout,True,False,109.0,0.095,40.0,36.7,3.0,2.75,0.242,0.019000000000000003,31.19,15.4,20.05,35.45,36.63,30.77,260.0,0.248,76.0,29.23,18.0,6.92,0.863,0.303,29.41,13.69,18.97,32.66,32.68,27.44,61.0,0.235,17.0,27.87,8.0,13.11,0.647,0.07900000000000001,32.14,13.58,16.98,30.57,25.0,18.48,18.0,0.5,2.0,11.11,3.0,16.67,1.468,0.357,20.0,9.23,16.92,26.15,25.0,15.38
747101,2024-06-30,2024,669221,R,693312,R,single,False,False,59.0,0.226,13.0,22.03,5.0,8.47,0.663,0.13199999999999998,27.88,13.06,18.92,31.98,29.09,20.31,337.0,0.245,77.0,22.85,37.0,10.98,0.832,0.2309999999999999,26.79,12.43,15.15,27.58,22.74,18.97,61.0,0.235,17.0,27.87,8.0,13.11,0.647,0.07900000000000001,32.14,13.58,16.98,30.57,25.0,18.48,18.0,0.5,2.0,11.11,3.0,16.67,1.468,0.357,20.0,9.23,16.92,26.15,25.0,15.38
747101,2024-06-30,2024,606115,R,693312,R,strikeout,True,False,220.0,0.229,39.0,17.73,9.0,4.09,0.641,0.147,23.92,12.02,14.66,26.68,26.73,17.49,421.0,0.255,78.0,18.53,23.0,5.46,0.6739999999999999,0.12,23.54,11.23,17.09,28.32,27.84,15.98,61.0,0.235,17.0,27.87,8.0,13.11,0.647,0.07900000000000001,32.14,13.58,16.98,30.57,25.0,18.48,18.0,0.5,2.0,11.11,3.0,16.67,1.468,0.357,20.0,9.23,16.92,26.15,25.0,15.38
747101,2024-06-30,2024,518595,R,693312,R,force_out,False,False,135.0,0.217,30.0,22.22,10.0,7.41,0.6719999999999999,0.166,33.99,16.83,15.07,31.9,26.74,21.74,226.0,0.214,50.0,22.12,12.0,5.31,0.655,0.176,27.19,14.35,12.93,27.28,28.43,19.61,61.0,0.235,17.0,27.87,8.0,13.11,0.647,0.07900000000000001,32.14,13.58,16.98,30.57,25.0,18.48,18.0,0.5,2.0,11.11,3.0,16.67,1.468,0.357,20.0,9.23,16.92,26.15,25.0,15.38
747101,2024-06-30,2024,642133,L,656550,R,strikeout,True,False,186.0,0.246,36.0,19.35,13.0,6.99,0.6459999999999999,0.09899999999999998,19.62,8.12,21.07,29.19,23.32,18.46,300.0,0.223,73.0,24.33,29.0,9.67,0.69,0.173,22.22,8.47,23.11,31.59,24.77,19.95,11.0,0.4,1.0,9.09,1.0,9.09,0.9550000000000001,0.09999999999999998,7.14,2.5,22.5,25.0,5.0,14.29,,,,,,,,,,,,,,
747101,2024-06-30,2024,693304,R,656550,R,field_out,False,False,126.0,0.27,29.0,23.02,7.0,5.56,0.7030000000000001,0.121,27.21,15.2,10.47,25.67,32.79,17.58,86.0,0.234,21.0,24.42,3.0,3.49,0.638,0.1299999999999999,30.36,15.84,12.11,27.95,27.85,22.11,15.0,0.2,4.0,26.67,0.0,0.0,0.4,0.0,41.38,25.53,10.64,36.17,43.48,33.33,,,,,,,,,,,,,,
747101,2024-06-30,2024,663698,R,656550,R,strikeout,True,False,49.0,0.244,13.0,26.53,6.0,12.24,0.939,0.34099999999999997,33.78,12.14,20.39,32.52,19.19,25.49,45.0,0.22,13.0,28.89,3.0,6.67,0.606,0.097,29.63,14.37,16.17,30.54,28.05,24.49,15.0,0.2,4.0,26.67,0.0,0.0,0.4,0.0,41.38,25.53,10.64,36.17,43.48,33.33,,,,,,,,,,,,,,
747101,2024-06-30,2024,672284,L,669387,R,field_out,False,False,192.0,0.284,56.0,29.17,14.0,7.29,0.8280000000000001,0.20500000000000002,33.85,16.99,14.79,31.78,30.23,22.67,324.0,0.251,105.0,32.41,34.0,10.49,0.738,0.1569999999999999,35.42,16.4,14.8,31.2,29.2,26.99,45.0,0.216,8.0,17.78,4.0,8.89,0.586,0.08099999999999999,21.15,10.89,12.38,23.27,26.73,10.26,66.0,0.214,16.0,24.24,8.0,12.12,0.612,0.09,20.93,9.82,15.27,25.09,25.76,17.98
747101,2024-06-30,2024,645277,L,669387,R,single,False,False,232.0,0.218,39.0,16.81,20.0,8.62,0.6419999999999999,0.12699999999999997,20.81,11.5,9.16,20.66,32.19,12.0,528.0,0.25,89.0,16.86,42.0,7.95,0.8029999999999999,0.235,20.84,11.11,9.82,20.92,33.45,13.94,45.0,0.216,8.0,17.78,4.0,8.89,0.586,0.08099999999999999,21.15,10.89,12.38,23.27,26.73,10.26,66.0,0.214,16.0,24.24,8.0,12.12,0.612,0.09,20.93,9.82,15.27,25.09,25.76,17.98
747101,2024-06-30,2024,542303,R,669387,R,strikeout,True,False,242.0,0.285,53.0,21.9,24.0,9.92,0.953,0.308,30.59,14.63,12.86,27.49,26.29,19.0,453.0,0.272,109.0,24.06,44.0,9.71,0.882,0.263,27.95,13.42,14.78,28.21,29.59,18.63,55.0,0.25,11.0,20.0,5.0,9.09,0.66,0.08300000000000002,26.26,12.21,15.02,27.23,28.07,20.0,87.0,0.213,18.0,20.69,10.0,11.49,0.63,0.107,21.85,9.54,17.63,27.17,22.03,17.14
747101,2024-06-30,2024,621566,L,669387,R,field_out,False,False,230.0,0.223,65.0,28.26,25.0,10.87,0.6890000000000001,0.153,28.02,13.79,12.07,25.86,28.44,17.68,540.0,0.294,115.0,21.3,90.0,16.67,1.061,0.351,27.51,12.57,12.32,24.89,25.66,14.92,45.0,0.216,8.0,17.78,4.0,8.89,0.586,0.08099999999999999,21.15,10.89,12.38,23.27,26.73,10.26,66.0,0.214,16.0,24.24,8.0,12.12,0.612,0.09,20.93,9.82,15.27,25.09,25.76,17.98
747101,2024-06-30,2024,669707,R,607481,L,field_out,False,False,76.0,0.194,22.0,28.95,8.0,10.53,0.5,0.03,30.41,15.15,11.78,26.94,23.61,27.16,65.0,0.293,20.0,30.77,6.0,9.23,0.7829999999999999,0.121,29.41,12.96,18.15,31.11,29.29,21.28,79.0,0.286,19.0,24.05,6.0,7.59,0.703,0.07100000000000001,19.67,7.69,23.72,31.41,25.61,20.43,175.0,0.238,52.0,29.71,25.0,14.29,0.715,0.123,30.95,12.48,21.54,34.02,28.15,23.21
747101,2024-06-30,2024,669261,L,607481,L,strikeout,True,False,35.0,0.242,17.0,48.57,1.0,2.86,0.629,0.122,35.82,18.9,21.26,40.16,36.73,36.96,132.0,0.2,55.0,41.67,14.0,10.61,0.608,0.1129999999999999,33.49,12.74,21.47,34.21,20.21,31.98,47.0,0.333,13.0,27.66,5.0,10.64,0.833,0.09599999999999997,26.14,11.27,19.12,30.39,29.13,19.7,93.0,0.231,26.0,27.96,11.0,11.83,0.669,0.09,36.11,13.51,22.6,36.1,26.73,26.0
747101,2024-06-30,2024,656582,R,607481,L,field_out,False,False,103.0,0.289,17.0,16.5,10.0,9.71,0.858,0.2,20.79,8.73,17.69,26.42,21.03,13.28,193.0,0.265,40.0,20.73,23.0,11.92,0.8200000000000001,0.187,25.72,9.93,21.34,31.27,18.27,17.32,79.0,0.286,19.0,24.05,6.0,7.59,0.703,0.07100000000000001,19.67,7.69,23.72,31.41,25.61,20.43,175.0,0.238,52.0,29.71,25.0,14.29,0.715,0.123,30.95,12.48,21.54,34.02,28.15,23.21
747101,2024-06-30,2024,663586,R,547973,L,field_out,False,False,87.0,0.211,17.0,19.54,10.0,11.49,0.718,0.19699999999999998,24.22,12.19,10.62,22.81,24.22,19.1,149.0,0.289,35.0,23.49,17.0,11.41,0.94,0.289,28.03,13.64,12.46,26.09,26.11,18.72,89.0,0.149,40.0,44.94,15.0,16.85,0.603,0.162,37.22,15.69,17.33,33.02,23.66,26.85,200.0,0.161,86.0,43.0,26.0,13.0,0.534,0.103,41.53,18.67,19.04,37.71,23.68,36.29
747101,2024-06-30,2024,594807,R,547973,L,single,False,False,96.0,0.259,19.0,19.79,12.0,12.5,0.884,0.26,23.26,10.75,17.47,28.23,26.77,15.83,93.0,0.244,34.0,36.56,4.0,4.3,0.757,0.2329999999999999,34.95,18.31,16.34,34.65,37.97,29.82,89.0,0.149,40.0,44.94,15.0,16.85,0.603,0.162,37.22,15.69,17.33,33.02,23.66,26.85,200.0,0.161,86.0,43.0,26.0,13.0,0.534,0.103,41.53,18.67,19.04,37.71,23.68,36.29
747101,2024-06-30,2024,669221,R,547973,L,double,False,False,29.0,0.154,8.0,27.59,2.0,6.9,0.5489999999999999,0.154,32.73,15.25,21.19,36.44,41.38,20.51,101.0,0.274,21.0,20.79,12.0,11.88,0.884,0.2139999999999999,23.12,10.14,16.75,26.89,23.56,16.03,89.0,0.149,40.0,44.94,15.0,16.85,0.603,0.162,37.22,15.69,17.33,33.02,23.66,26.85,200.0,0.161,86.0,43.0,26.0,13.0,0.534,0.103,41.53,18.67,19.04,37.71,23.68,36.29
747101,2024-06-30,2024,606115,R,547973,L,sac_fly,False,False,83.0,0.167,23.0,27.71,3.0,3.61,0.437,0.07699999999999999,26.95,13.31,16.86,30.18,27.78,20.72,112.0,0.302,24.0,21.43,16.0,14.29,1.006,0.302,27.18,11.06,18.79,29.85,21.6,18.32,89.0,0.149,40.0,44.94,15.0,16.85,0.603,0.162,37.22,15.69,17.33,33.02,23.66,26.85,200.0,0.161,86.0,43.0,26.0,13.0,0.534,0.103,41.53,18.67,19.04,37.71,23.68,36.29
747101,2024-06-30,2024,670097,R,547973,L,field_out,False,False,25.0,0.1,9.0,36.0,4.0,16.0,0.35,0.0,27.45,11.97,13.68,25.64,11.76,22.5,100.0,0.236,26.0,26.0,11.0,11.0,0.6910000000000001,0.135,24.02,10.31,18.23,28.54,14.89,22.22,89.0,0.149,40.0,44.94,15.0,16.85,0.603,0.162,37.22,15.69,17.33,33.02,23.66,26.85,200.0,0.161,86.0,43.0,26.0,13.0,0.534,0.103,41.53,18.67,19.04,37.71,23.68,36.29
745239,2024-06-30,2024,650489,L,682243,R,strikeout,True,False,247.0,0.235,59.0,23.89,22.0,8.91,0.73,0.15900000000000003,28.07,13.76,14.86,28.61,29.56,18.91,280.0,0.266,73.0,26.07,23.0,8.21,0.8029999999999999,0.189,28.16,14.39,15.31,29.7,34.97,21.1,215.0,0.205,44.0,20.47,19.0,8.84,0.6890000000000001,0.21,22.76,11.55,13.39,24.94,26.93,18.8,256.0,0.303,47.0,18.36,16.0,6.25,0.916,0.255,23.37,11.88,14.6,26.49,27.52,16.04
745239,2024-06-30,2024,663616,L,682243,R,field_out,False,False,171.0,0.25,30.0,17.54,13.0,7.6,0.733,0.179,25.16,11.86,17.41,29.28,27.27,15.68,189.0,0.228,60.0,31.75,25.0,13.23,0.766,0.21,36.25,14.96,16.71,31.67,22.55,25.75,215.0,0.205,44.0,20.47,19.0,8.84,0.6890000000000001,0.21,22.76,11.55,13.39,24.94,26.93,18.8,256.0,0.303,47.0,18.36,16.0,6.25,0.916,0.255,23.37,11.88,14.6,26.49,27.52,16.04
745239,2024-06-30,2024,621043,R,682243,R,field_out,False,False,205.0,0.309,37.0,18.05,20.0,9.76,0.851,0.16599999999999998,20.41,9.1,18.86,27.96,27.18,17.21,444.0,0.224,112.0,25.23,42.0,9.46,0.69,0.164,26.37,11.3,19.9,31.19,27.0,21.72,172.0,0.211,47.0,27.33,9.0,5.23,0.5489999999999999,0.087,26.07,12.8,17.32,30.12,25.97,21.0,282.0,0.2,72.0,25.53,10.0,3.55,0.549,0.1149999999999999,25.0,13.61,14.7,28.31,29.61,20.28
745239,2024-06-30,2024,641487,L,641154,R,single,False,False,185.0,0.177,45.0,24.32,25.0,13.51,0.615,0.14600000000000002,19.16,7.79,20.07,27.86,18.47,17.05,446.0,0.266,84.0,18.83,67.0,15.02,0.845,0.197,18.19,6.93,19.49,26.42,17.9,17.39,198.0,0.262,54.0,27.27,7.0,3.54,0.76,0.20899999999999996,26.72,13.54,14.53,28.07,31.99,19.57,407.0,0.271,104.0,25.55,27.0,6.63,0.754,0.1549999999999999,27.73,14.02,16.28,30.3,33.55,23.21
745239,2024-06-30,2024,677594,R,641154,R,field_out,False,False,260.0,0.235,72.0,27.69,16.0,6.15,0.594,0.07400000000000001,31.03,16.62,11.87,28.49,37.73,19.67,545.0,0.267,127.0,23.3,35.0,6.42,0.8109999999999999,0.2169999999999999,27.93,14.91,13.12,28.03,38.34,22.84,191.0,0.224,56.0,29.32,13.0,6.81,0.685,0.17800000000000002,31.27,15.57,15.71,31.28,29.8,25.0,394.0,0.205,130.0,32.99,21.0,5.33,0.597,0.137,32.71,17.16,14.87,32.02,35.04,24.16
745239,2024-06-30,2024,663728,L,641154,R,strikeout,True,False,225.0,0.227,74.0,32.89,25.0,11.11,0.7150000000000001,0.17700000000000002,28.93,14.36,13.95,28.31,30.42,21.35,462.0,0.235,126.0,27.27,47.0,10.17,0.7909999999999999,0.241,29.58,14.2,14.09,28.29,30.53,21.36,198.0,0.262,54.0,27.27,7.0,3.54,0.76,0.20899999999999996,26.72,13.54,14.53,28.07,31.99,19.57,407.0,0.271,104.0,25.55,27.0,6.63,0.754,0.1549999999999999,27.73,14.02,16.28,30.3,33.55,23.21
745239,2024-06-30,2024,641598,R,641154,R,strikeout,True,False,196.0,0.152,67.0,34.18,26.0,13.27,0.5820000000000001,0.153,35.56,13.74,22.21,35.95,19.2,26.17,262.0,0.25,70.0,26.72,25.0,9.54,0.845,0.267,25.84,10.63,19.22,29.85,18.71,21.21,191.0,0.224,56.0,29.32,13.0,6.81,0.685,0.17800000000000002,31.27,15.57,15.71,31.28,29.8,25.0,394.0,0.205,130.0,32.99,21.0,5.33,0.597,0.137,32.71,17.16,14.87,32.02,35.04,24.16
745239,2024-06-30,2024,467793,L,682243,R,strikeout,True,False,223.0,0.239,34.0,15.25,23.0,10.31,0.728,0.16200000000000003,23.12,10.01,16.87,26.88,23.84,13.6,460.0,0.231,83.0,18.04,45.0,9.78,0.727,0.1899999999999999,23.76,11.0,14.32,25.31,24.63,16.21,215.0,0.205,44.0,20.47,19.0,8.84,0.6890000000000001,0.21,22.76,11.55,13.39,24.94,26.93,18.8,256.0,0.303,47.0,18.36,16.0,6.25,0.916,0.255,23.37,11.88,14.6,26.49,27.52,16.04
745239,2024-06-30,2024,596146,L,682243,R,double,False,False,185.0,0.238,38.0,20.54,13.0,7.03,0.704,0.16700000000000004,23.66,12.63,11.48,24.1,27.87,17.92,394.0,0.263,84.0,21.32,37.0,9.39,0.8320000000000001,0.2339999999999999,19.92,9.32,15.49,24.81,24.75,18.14,215.0,0.205,44.0,20.47,19.0,8.84,0.6890000000000001,0.21,22.76,11.55,13.39,24.94,26.93,18.8,256.0,0.303,47.0,18.36,16.0,6.25,0.916,0.255,23.37,11.88,14.6,26.49,27.52,16.04
745239,2024-06-30,2024,669304,R,682243,R,single,False,False,161.0,0.317,22.0,13.66,11.0,6.83,0.914,0.22800000000000004,21.86,10.41,16.72,27.13,32.04,15.71,120.0,0.207,18.0,15.0,8.0,6.67,0.5640000000000001,0.09,23.72,11.83,13.69,25.52,32.37,15.04,172.0,0.211,47.0,27.33,9.0,5.23,0.5489999999999999,0.087,26.07,12.8,17.32,30.12,25.97,21.0,282.0,0.2,72.0,25.53,10.0,3.55,0.549,0.1149999999999999,25.0,13.61,14.7,28.31,29.61,20.28
745239,2024-06-30,2024,621439,R,682243,R,field_out,False,False,165.0,0.252,45.0,27.27,6.0,3.64,0.74,0.185,33.24,17.98,12.15,30.13,35.24,21.13,257.0,0.217,80.0,31.13,26.0,10.12,0.767,0.243,29.69,15.03,12.96,27.99,29.53,25.0,172.0,0.211,47.0,27.33,9.0,5.23,0.5489999999999999,0.087,26.07,12.8,17.32,30.12,25.97,21.0,282.0,0.2,72.0,25.53,10.0,3.55,0.549,0.1149999999999999,25.0,13.61,14.7,28.31,29.61,20.28
745239,2024-06-30,2024,680777,R,682243,R,strikeout,True,False,185.0,0.231,35.0,18.92,16.0,8.65,0.794,0.23700000000000002,22.09,10.04,17.91,27.95,29.08,15.04,242.0,0.281,70.0,28.93,19.0,7.85,0.8280000000000001,0.186,29.53,13.79,18.6,32.39,32.19,21.28,172.0,0.211,47.0,27.33,9.0,5.23,0.5489999999999999,0.087,26.07,12.8,17.32,30.12,25.97,21.0,282.0,0.2,72.0,25.53,10.0,3.55,0.549,0.1149999999999999,25.0,13.61,14.7,28.31,29.61,20.28
745239,2024-06-30,2024,670042,L,641154,R,single,False,False,182.0,0.259,58.0,31.87,6.0,3.3,0.763,0.2,35.25,19.08,11.83,30.92,29.32,30.53,363.0,0.247,112.0,30.85,26.0,7.16,0.8340000000000001,0.25,38.6,19.83,11.57,31.39,31.1,26.79,198.0,0.262,54.0,27.27,7.0,3.54,0.76,0.20899999999999996,26.72,13.54,14.53,28.07,31.99,19.57,407.0,0.271,104.0,25.55,27.0,6.63,0.754,0.1549999999999999,27.73,14.02,16.28,30.3,33.55,23.21
745239,2024-06-30,2024,664034,R,641154,R,grounded_into_double_play,False,False,203.0,0.23,51.0,25.12,14.0,6.9,0.6659999999999999,0.13599999999999998,20.98,10.11,15.11,25.22,24.68,19.32,506.0,0.24,85.0,16.8,37.0,7.31,0.698,0.1169999999999999,22.16,11.42,13.69,25.11,32.3,15.51,191.0,0.224,56.0,29.32,13.0,6.81,0.685,0.17800000000000002,31.27,15.57,15.71,31.28,29.8,25.0,394.0,0.205,130.0,32.99,21.0,5.33,0.597,0.137,32.71,17.16,14.87,32.02,35.04,24.16
745239,2024-06-30,2024,593871,L,641154,R,field_out,False,False,150.0,0.185,53.0,35.33,19.0,12.67,0.608,0.13,33.58,13.73,17.46,31.19,22.35,25.12,253.0,0.233,70.0,27.67,33.0,13.04,0.775,0.209,25.05,11.12,16.17,27.29,26.25,21.21,198.0,0.262,54.0,27.27,7.0,3.54,0.76,0.20899999999999996,26.72,13.54,14.53,28.07,31.99,19.57,407.0,0.271,104.0,25.55,27.0,6.63,0.754,0.1549999999999999,27.73,14.02,16.28,30.3,33.55,23.21
745239,2024-06-30,2024,668885,R,682243,R,field_out,False,False,85.0,0.26,17.0,20.0,8.0,9.41,0.706,0.11699999999999999,20.95,9.45,16.46,25.91,16.77,16.83,,,,,,,,,,,,,,,172.0,0.211,47.0,27.33,9.0,5.23,0.5489999999999999,0.087,26.07,12.8,17.32,30.12,25.97,21.0,282.0,0.2,72.0,25.53,10.0,3.55,0.549,0.1149999999999999,25.0,13.61,14.7,28.31,29.61,20.28
745239,2024-06-30,2024,650489,L,682243,R,strikeout,True,False,247.0,0.235,59.0,23.89,22.0,8.91,0.73,0.15900000000000003,28.07,13.76,14.86,28.61,29.56,18.91,280.0,0.266,73.0,26.07,23.0,8.21,0.8029999999999999,0.189,28.16,14.39,15.31,29.7,34.97,21.1,215.0,0.205,44.0,20.47,19.0,8.84,0.6890000000000001,0.21,22.76,11.55,13.39,24.94,26.93,18.8,256.0,0.303,47.0,18.36,16.0,6.25,0.916,0.255,23.37,11.88,14.6,26.49,27.52,16.04
745239,2024-06-30,2024,663616,L,682243,R,walk,False,True,171.0,0.25,30.0,17.54,13.0,7.6,0.733,0.179,25.16,11.86,17.41,29.28,27.27,15.68,189.0,0.228,60.0,31.75,25.0,13.23,0.766,0.21,36.25,14.96,16.71,31.67,22.55,25.75,215.0,0.205,44.0,20.47,19.0,8.84,0.6890000000000001,0.21,22.76,11.55,13.39,24.94,26.93,18.8,256.0,0.303,47.0,18.36,16.0,6.25,0.916,0.255,23.37,11.88,14.6,26.49,27.52,16.04
745239,2024-06-30,2024,621043,R,682243,R,force_out,False,False,205.0,0.309,37.0,18.05,20.0,9.76,0.851,0.16599999999999998,20.41,9.1,18.86,27.96,27.18,17.21,444.0,0.224,112.0,25.23,42.0,9.46,0.69,0.164,26.37,11.3,19.9,31.19,27.0,21.72,172.0,0.211,47.0,27.33,9.0,5.23,0.5489999999999999,0.087,26.07,12.8,17.32,30.12,25.97,21.0,282.0,0.2,72.0,25.53,10.0,3.55,0.549,0.1149999999999999,25.0,13.61,14.7,28.31,29.61,20.28
745239,2024-06-30,2024,571745,R,641154,R,home_run,False,False,190.0,0.241,52.0,27.37,17.0,8.95,0.73,0.177,30.65,13.15,17.37,30.52,22.05,21.43,161.0,0.189,48.0,29.81,10.0,6.21,0.599,0.1619999999999999,28.57,13.33,19.22,32.56,25.34,22.02,191.0,0.224,56.0,29.32,13.0,6.81,0.685,0.17800000000000002,31.27,15.57,15.71,31.28,29.8,25.0,394.0,0.205,130.0,32.99,21.0,5.33,0.597,0.137,32.71,17.16,14.87,32.02,35.04,24.16
745239,2024-06-30,2024,668942,L,641154,R,single,False,False,227.0,0.273,38.0,16.74,19.0,8.37,0.753,0.14199999999999996,17.56,8.17,17.21,25.38,21.56,13.24,299.0,0.249,64.0,21.4,22.0,7.36,0.6559999999999999,0.1019999999999999,22.77,10.13,19.65,29.78,25.55,19.69,198.0,0.262,54.0,27.27,7.0,3.54,0.76,0.20899999999999996,26.72,13.54,14.53,28.07,31.99,19.57,407.0,0.271,104.0,25.55,27.0,6.63,0.754,0.1549999999999999,27.73,14.02,16.28,30.3,33.55,23.21
745239,2024-06-30,2024,641487,L,641154,R,field_out,False,False,185.0,0.177,45.0,24.32,25.0,13.51,0.615,0.14600000000000002,19.16,7.79,20.07,27.86,18.47,17.05,446.0,0.266,84.0,18.83,67.0,15.02,0.845,0.197,18.19,6.93,19.49,26.42,17.9,17.39,198.0,0.262,54.0,27.27,7.0,3.54,0.76,0.20899999999999996,26.72,13.54,14.53,28.07,31.99,19.57,407.0,0.271,104.0,25.55,27.0,6.63,0.754,0.1549999999999999,27.73,14.02,16.28,30.3,33.55,23.21
745239,2024-06-30,2024,677594,R,641154,R,field_out,False,False,260.0,0.235,72.0,27.69,16.0,6.15,0.594,0.07400000000000001,31.03,16.62,11.87,28.49,37.73,19.67,545.0,0.267,127.0,23.3,35.0,6.42,0.8109999999999999,0.2169999999999999,27.93,14.91,13.12,28.03,38.34,22.84,191.0,0.224,56.0,29.32,13.0,6.81,0.685,0.17800000000000002,31.27,15.57,15.71,31.28,29.8,25.0,394.0,0.205,130.0,32.99,21.0,5.33,0.597,0.137,32.71,17.16,14.87,32.02,35.04,24.16
745239,2024-06-30,2024,663728,L,641154,R,walk,False,True,225.0,0.227,74.0,32.89,25.0,11.11,0.7150000000000001,0.17700000000000002,28.93,14.36,13.95,28.31,30.42,21.35,462.0,0.235,126.0,27.27,47.0,10.17,0.7909999999999999,0.241,29.58,14.2,14.09,28.29,30.53,21.36,198.0,0.262,54.0,27.27,7.0,3.54,0.76,0.20899999999999996,26.72,13.54,14.53,28.07,31.99,19.57,407.0,0.271,104.0,25.55,27.0,6.63,0.754,0.1549999999999999,27.73,14.02,16.28,30.3,33.55,23.21
745239,2024-06-30,2024,641598,R,641154,R,strikeout,True,False,196.0,0.152,67.0,34.18,26.0,13.27,0.5820000000000001,0.153,35.56,13.74,22.21,35.95,19.2,26.17,262.0,0.25,70.0,26.72,25.0,9.54,0.845,0.267,25.84,10.63,19.22,29.85,18.71,21.21,191.0,0.224,56.0,29.32,13.0,6.81,0.685,0.17800000000000002,31.27,15.57,15.71,31.28,29.8,25.0,394.0,0.205,130.0,32.99,21.0,5.33,0.597,0.137,32.71,17.16,14.87,32.02,35.04,24.16
745239,2024-06-30,2024,467793,L,682243,R,double,False,False,223.0,0.239,34.0,15.25,23.0,10.31,0.728,0.16200000000000003,23.12,10.01,16.87,26.88,23.84,13.6,460.0,0.231,83.0,18.04,45.0,9.78,0.727,0.1899999999999999,23.76,11.0,14.32,25.31,24.63,16.21,215.0,0.205,44.0,20.47,19.0,8.84,0.6890000000000001,0.21,22.76,11.55,13.39,24.94,26.93,18.8,256.0,0.303,47.0,18.36,16.0,6.25,0.916,0.255,23.37,11.88,14.6,26.49,27.52,16.04
745239,2024-06-30,2024,596146,L,682243,R,strikeout,True,False,185.0,0.238,38.0,20.54,13.0,7.03,0.704,0.16700000000000004,23.66,12.63,11.48,24.1,27.87,17.92,394.0,0.263,84.0,21.32,37.0,9.39,0.8320000000000001,0.2339999999999999,19.92,9.32,15.49,24.81,24.75,18.14,215.0,0.205,44.0,20.47,19.0,8.84,0.6890000000000001,0.21,22.76,11.55,13.39,24.94,26.93,18.8,256.0,0.303,47.0,18.36,16.0,6.25,0.916,0.255,23.37,11.88,14.6,26.49,27.52,16.04
745239,2024-06-30,2024,669304,R,682243,R,field_out,False,False,161.0,0.317,22.0,13.66,11.0,6.83,0.914,0.22800000000000004,21.86,10.41,16.72,27.13,32.04,15.71,120.0,0.207,18.0,15.0,8.0,6.67,0.5640000000000001,0.09,23.72,11.83,13.69,25.52,32.37,15.04,172.0,0.211,47.0,27.33,9.0,5.23,0.5489999999999999,0.087,26.07,12.8,17.32,30.12,25.97,21.0,282.0,0.2,72.0,25.53,10.0,3.55,0.549,0.1149999999999999,25.0,13.61,14.7,28.31,29.61,20.28
745239,2024-06-30,2024,621439,R,682243,R,double,False,False,165.0,0.252,45.0,27.27,6.0,3.64,0.74,0.185,33.24,17.98,12.15,30.13,35.24,21.13,257.0,0.217,80.0,31.13,26.0,10.12,0.767,0.243,29.69,15.03,12.96,27.99,29.53,25.0,172.0,0.211,47.0,27.33,9.0,5.23,0.5489999999999999,0.087,26.07,12.8,17.32,30.12,25.97,21.0,282.0,0.2,72.0,25.53,10.0,3.55,0.549,0.1149999999999999,25.0,13.61,14.7,28.31,29.61,20.28
745239,2024-06-30,2024,680777,R,682243,R,field_out,False,False,185.0,0.231,35.0,18.92,16.0,8.65,0.794,0.23700000000000002,22.09,10.04,17.91,27.95,29.08,15.04,242.0,0.281,70.0,28.93,19.0,7.85,0.8280000000000001,0.186,29.53,13.79,18.6,32.39,32.19,21.28,172.0,0.211,47.0,27.33,9.0,5.23,0.5489999999999999,0.087,26.07,12.8,17.32,30.12,25.97,21.0,282.0,0.2,72.0,25.53,10.0,3.55,0.549,0.1149999999999999,25.0,13.61,14.7,28.31,29.61,20.28
745239,2024-06-30,2024,670042,L,641154,R,field_out,False,False,182.0,0.259,58.0,31.87,6.0,3.3,0.763,0.2,35.25,19.08,11.83,30.92,29.32,30.53,363.0,0.247,112.0,30.85,26.0,7.16,0.8340000000000001,0.25,38.6,19.83,11.57,31.39,31.1,26.79,198.0,0.262,54.0,27.27,7.0,3.54,0.76,0.20899999999999996,26.72,13.54,14.53,28.07,31.99,19.57,407.0,0.271,104.0,25.55,27.0,6.63,0.754,0.1549999999999999,27.73,14.02,16.28,30.3,33.55,23.21
745239,2024-06-30,2024,664034,R,641154,R,strikeout,True,False,203.0,0.23,51.0,25.12,14.0,6.9,0.6659999999999999,0.13599999999999998,20.98,10.11,15.11,25.22,24.68,19.32,506.0,0.24,85.0,16.8,37.0,7.31,0.698,0.1169999999999999,22.16,11.42,13.69,25.11,32.3,15.51,191.0,0.224,56.0,29.32,13.0,6.81,0.685,0.17800000000000002,31.27,15.57,15.71,31.28,29.8,25.0,394.0,0.205,130.0,32.99,21.0,5.33,0.597,0.137,32.71,17.16,14.87,32.02,35.04,24.16
745239,2024-06-30,2024,593871,L,641154,R,strikeout,True,False,150.0,0.185,53.0,35.33,19.0,12.67,0.608,0.13,33.58,13.73,17.46,31.19,22.35,25.12,253.0,0.233,70.0,27.67,33.0,13.04,0.775,0.209,25.05,11.12,16.17,27.29,26.25,21.21,198.0,0.262,54.0,27.27,7.0,3.54,0.76,0.20899999999999996,26.72,13.54,14.53,28.07,31.99,19.57,407.0,0.271,104.0,25.55,27.0,6.63,0.754,0.1549999999999999,27.73,14.02,16.28,30.3,33.55,23.21
745239,2024-06-30,2024,668885,R,682243,R,single,False,False,85.0,0.26,17.0,20.0,8.0,9.41,0.706,0.11699999999999999,20.95,9.45,16.46,25.91,16.77,16.83,,,,,,,,,,,,,,,172.0,0.211,47.0,27.33,9.0,5.23,0.5489999999999999,0.087,26.07,12.8,17.32,30.12,25.97,21.0,282.0,0.2,72.0,25.53,10.0,3.55,0.549,0.1149999999999999,25.0,13.61,14.7,28.31,29.61,20.28
745239,2024-06-30,2024,650489,L,682243,R,strikeout,True,False,247.0,0.235,59.0,23.89,22.0,8.91,0.73,0.15900000000000003,28.07,13.76,14.86,28.61,29.56,18.91,280.0,0.266,73.0,26.07,23.0,8.21,0.8029999999999999,0.189,28.16,14.39,15.31,29.7,34.97,21.1,215.0,0.205,44.0,20.47,19.0,8.84,0.6890000000000001,0.21,22.76,11.55,13.39,24.94,26.93,18.8,256.0,0.303,47.0,18.36,16.0,6.25,0.916,0.255,23.37,11.88,14.6,26.49,27.52,16.04
745239,2024-06-30,2024,663616,L,682243,R,field_out,False,False,171.0,0.25,30.0,17.54,13.0,7.6,0.733,0.179,25.16,11.86,17.41,29.28,27.27,15.68,189.0,0.228,60.0,31.75,25.0,13.23,0.766,0.21,36.25,14.96,16.71,31.67,22.55,25.75,215.0,0.205,44.0,20.47,19.0,8.84,0.6890000000000001,0.21,22.76,11.55,13.39,24.94,26.93,18.8,256.0,0.303,47.0,18.36,16.0,6.25,0.916,0.255,23.37,11.88,14.6,26.49,27.52,16.04
745239,2024-06-30,2024,571745,R,641154,R,strikeout,True,False,190.0,0.241,52.0,27.37,17.0,8.95,0.73,0.177,30.65,13.15,17.37,30.52,22.05,21.43,161.0,0.189,48.0,29.81,10.0,6.21,0.599,0.1619999999999999,28.57,13.33,19.22,32.56,25.34,22.02,191.0,0.224,56.0,29.32,13.0,6.81,0.685,0.17800000000000002,31.27,15.57,15.71,31.28,29.8,25.0,394.0,0.205,130.0,32.99,21.0,5.33,0.597,0.137,32.71,17.16,14.87,32.02,35.04,24.16
745239,2024-06-30,2024,668942,L,641154,R,strikeout,True,False,227.0,0.273,38.0,16.74,19.0,8.37,0.753,0.14199999999999996,17.56,8.17,17.21,25.38,21.56,13.24,299.0,0.249,64.0,21.4,22.0,7.36,0.6559999999999999,0.1019999999999999,22.77,10.13,19.65,29.78,25.55,19.69,198.0,0.262,54.0,27.27,7.0,3.54,0.76,0.20899999999999996,26.72,13.54,14.53,28.07,31.99,19.57,407.0,0.271,104.0,25.55,27.0,6.63,0.754,0.1549999999999999,27.73,14.02,16.28,30.3,33.55,23.21
745239,2024-06-30,2024,641487,L,641154,R,field_out,False,False,185.0,0.177,45.0,24.32,25.0,13.51,0.615,0.14600000000000002,19.16,7.79,20.07,27.86,18.47,17.05,446.0,0.266,84.0,18.83,67.0,15.02,0.845,0.197,18.19,6.93,19.49,26.42,17.9,17.39,198.0,0.262,54.0,27.27,7.0,3.54,0.76,0.20899999999999996,26.72,13.54,14.53,28.07,31.99,19.57,407.0,0.271,104.0,25.55,27.0,6.63,0.754,0.1549999999999999,27.73,14.02,16.28,30.3,33.55,23.21
745239,2024-06-30,2024,621043,R,663423,R,single,False,False,205.0,0.309,37.0,18.05,20.0,9.76,0.851,0.16599999999999998,20.41,9.1,18.86,27.96,27.18,17.21,444.0,0.224,112.0,25.23,42.0,9.46,0.69,0.164,26.37,11.3,19.9,31.19,27.0,21.72,85.0,0.167,20.0,23.53,8.0,9.41,0.555,0.11100000000000002,31.85,15.2,16.41,31.61,25.88,19.19,70.0,0.209,19.0,27.14,3.0,4.29,0.5860000000000001,0.134,26.12,13.36,17.18,30.53,37.78,20.88
745239,2024-06-30,2024,467793,L,663423,R,single,False,False,223.0,0.239,34.0,15.25,23.0,10.31,0.728,0.16200000000000003,23.12,10.01,16.87,26.88,23.84,13.6,460.0,0.231,83.0,18.04,45.0,9.78,0.727,0.1899999999999999,23.76,11.0,14.32,25.31,24.63,16.21,65.0,0.25,20.0,30.77,2.0,3.08,0.648,0.11699999999999999,22.6,12.74,16.22,28.96,40.16,21.05,55.0,0.308,7.0,12.73,3.0,5.45,0.903,0.25,15.48,6.6,22.34,28.93,14.63,11.86
745239,2024-06-30,2024,596146,L,663423,R,strikeout,True,False,185.0,0.238,38.0,20.54,13.0,7.03,0.704,0.16700000000000004,23.66,12.63,11.48,24.1,27.87,17.92,394.0,0.263,84.0,21.32,37.0,9.39,0.8320000000000001,0.2339999999999999,19.92,9.32,15.49,24.81,24.75,18.14,65.0,0.25,20.0,30.77,2.0,3.08,0.648,0.11699999999999999,22.6,12.74,16.22,28.96,40.16,21.05,55.0,0.308,7.0,12.73,3.0,5.45,0.903,0.25,15.48,6.6,22.34,28.93,14.63,11.86
745239,2024-06-30,2024,669304,R,663423,R,force_out,False,False,161.0,0.317,22.0,13.66,11.0,6.83,0.914,0.22800000000000004,21.86,10.41,16.72,27.13,32.04,15.71,120.0,0.207,18.0,15.0,8.0,6.67,0.5640000000000001,0.09,23.72,11.83,13.69,25.52,32.37,15.04,85.0,0.167,20.0,23.53,8.0,9.41,0.555,0.11100000000000002,31.85,15.2,16.41,31.61,25.88,19.19,70.0,0.209,19.0,27.14,3.0,4.29,0.5860000000000001,0.134,26.12,13.36,17.18,30.53,37.78,20.88
745239,2024-06-30,2024,621439,R,663423,R,home_run,False,False,165.0,0.252,45.0,27.27,6.0,3.64,0.74,0.185,33.24,17.98,12.15,30.13,35.24,21.13,257.0,0.217,80.0,31.13,26.0,10.12,0.767,0.243,29.69,15.03,12.96,27.99,29.53,25.0,85.0,0.167,20.0,23.53,8.0,9.41,0.555,0.11100000000000002,31.85,15.2,16.41,31.61,25.88,19.19,70.0,0.209,19.0,27.14,3.0,4.29,0.5860000000000001,0.134,26.12,13.36,17.18,30.53,37.78,20.88
745239,2024-06-30,2024,680777,R,663423,R,field_out,False,False,185.0,0.231,35.0,18.92,16.0,8.65,0.794,0.23700000000000002,22.09,10.04,17.91,27.95,29.08,15.04,242.0,0.281,70.0,28.93,19.0,7.85,0.8280000000000001,0.186,29.53,13.79,18.6,32.39,32.19,21.28,85.0,0.167,20.0,23.53,8.0,9.41,0.555,0.11100000000000002,31.85,15.2,16.41,31.61,25.88,19.19,70.0,0.209,19.0,27.14,3.0,4.29,0.5860000000000001,0.134,26.12,13.36,17.18,30.53,37.78,20.88
745239,2024-06-30,2024,677594,R,641154,R,field_out,False,False,260.0,0.235,72.0,27.69,16.0,6.15,0.594,0.07400000000000001,31.03,16.62,11.87,28.49,37.73,19.67,545.0,0.267,127.0,23.3,35.0,6.42,0.8109999999999999,0.2169999999999999,27.93,14.91,13.12,28.03,38.34,22.84,191.0,0.224,56.0,29.32,13.0,6.81,0.685,0.17800000000000002,31.27,15.57,15.71,31.28,29.8,25.0,394.0,0.205,130.0,32.99,21.0,5.33,0.597,0.137,32.71,17.16,14.87,32.02,35.04,24.16
745239,2024-06-30,2024,663728,L,641154,R,strikeout,True,False,225.0,0.227,74.0,32.89,25.0,11.11,0.7150000000000001,0.17700000000000002,28.93,14.36,13.95,28.31,30.42,21.35,462.0,0.235,126.0,27.27,47.0,10.17,0.7909999999999999,0.241,29.58,14.2,14.09,28.29,30.53,21.36,198.0,0.262,54.0,27.27,7.0,3.54,0.76,0.20899999999999996,26.72,13.54,14.53,28.07,31.99,19.57,407.0,0.271,104.0,25.55,27.0,6.63,0.754,0.1549999999999999,27.73,14.02,16.28,30.3,33.55,23.21
745239,2024-06-30,2024,641598,R,641154,R,strikeout,True,False,196.0,0.152,67.0,34.18,26.0,13.27,0.5820000000000001,0.153,35.56,13.74,22.21,35.95,19.2,26.17,262.0,0.25,70.0,26.72,25.0,9.54,0.845,0.267,25.84,10.63,19.22,29.85,18.71,21.21,191.0,0.224,56.0,29.32,13.0,6.81,0.685,0.17800000000000002,31.27,15.57,15.71,31.28,29.8,25.0,394.0,0.205,130.0,32.99,21.0,5.33,0.597,0.137,32.71,17.16,14.87,32.02,35.04,24.16
745239,2024-06-30,2024,668885,R,676092,R,strikeout,True,False,85.0,0.26,17.0,20.0,8.0,9.41,0.706,0.11699999999999999,20.95,9.45,16.46,25.91,16.77,16.83,,,,,,,,,,,,,,,10.0,0.222,3.0,30.0,1.0,10.0,0.522,0.0,29.41,11.63,20.93,32.56,22.73,23.08,58.0,0.286,9.0,15.52,9.0,15.52,0.866,0.183,20.45,7.93,21.59,29.52,25.2,13.24
745239,2024-06-30,2024,650489,L,676092,R,field_out,False,False,247.0,0.235,59.0,23.89,22.0,8.91,0.73,0.15900000000000003,28.07,13.76,14.86,28.61,29.56,18.91,280.0,0.266,73.0,26.07,23.0,8.21,0.8029999999999999,0.189,28.16,14.39,15.31,29.7,34.97,21.1,17.0,0.267,3.0,17.65,1.0,5.88,0.579,0.0,26.67,14.55,12.73,27.27,21.74,30.0,37.0,0.312,2.0,5.41,4.0,10.81,0.847,0.1569999999999999,13.56,5.71,12.86,18.57,10.14,5.71
745239,2024-06-30,2024,663616,L,676092,R,single,False,False,171.0,0.25,30.0,17.54,13.0,7.6,0.733,0.179,25.16,11.86,17.41,29.28,27.27,15.68,189.0,0.228,60.0,31.75,25.0,13.23,0.766,0.21,36.25,14.96,16.71,31.67,22.55,25.75,17.0,0.267,3.0,17.65,1.0,5.88,0.579,0.0,26.67,14.55,12.73,27.27,21.74,30.0,37.0,0.312,2.0,5.41,4.0,10.81,0.847,0.1569999999999999,13.56,5.71,12.86,18.57,10.14,5.71
745239,2024-06-30,2024,621043,R,676092,R,field_out,False,False,205.0,0.309,37.0,18.05,20.0,9.76,0.851,0.16599999999999998,20.41,9.1,18.86,27.96,27.18,17.21,444.0,0.224,112.0,25.23,42.0,9.46,0.69,0.164,26.37,11.3,19.9,31.19,27.0,21.72,10.0,0.222,3.0,30.0,1.0,10.0,0.522,0.0,29.41,11.63,20.93,32.56,22.73,23.08,58.0,0.286,9.0,15.52,9.0,15.52,0.866,0.183,20.45,7.93,21.59,29.52,25.2,13.24
745239,2024-06-30,2024,670042,L,660896,R,strikeout,True,False,182.0,0.259,58.0,31.87,6.0,3.3,0.763,0.2,35.25,19.08,11.83,30.92,29.32,30.53,363.0,0.247,112.0,30.85,26.0,7.16,0.8340000000000001,0.25,38.6,19.83,11.57,31.39,31.1,26.79,56.0,0.196,16.0,28.57,8.0,14.29,0.554,0.04299999999999998,32.04,14.16,17.17,31.33,20.54,23.88,29.0,0.125,4.0,13.79,4.0,13.79,0.491,0.125,25.0,9.92,20.66,30.58,27.42,11.76
745239,2024-06-30,2024,664034,R,660896,R,field_out,False,False,203.0,0.23,51.0,25.12,14.0,6.9,0.6659999999999999,0.13599999999999998,20.98,10.11,15.11,25.22,24.68,19.32,506.0,0.24,85.0,16.8,37.0,7.31,0.698,0.1169999999999999,22.16,11.42,13.69,25.11,32.3,15.51,61.0,0.151,13.0,21.31,5.0,8.2,0.45399999999999996,0.056999999999999995,32.17,15.29,16.12,31.4,27.73,16.05,46.0,0.282,12.0,26.09,6.0,13.04,1.058,0.385,25.61,10.55,18.09,28.64,22.02,21.43
745239,2024-06-30,2024,593871,L,660896,R,double,False,False,150.0,0.185,53.0,35.33,19.0,12.67,0.608,0.13,33.58,13.73,17.46,31.19,22.35,25.12,253.0,0.233,70.0,27.67,33.0,13.04,0.775,0.209,25.05,11.12,16.17,27.29,26.25,21.21,56.0,0.196,16.0,28.57,8.0,14.29,0.554,0.04299999999999998,32.04,14.16,17.17,31.33,20.54,23.88,29.0,0.125,4.0,13.79,4.0,13.79,0.491,0.125,25.0,9.92,20.66,30.58,27.42,11.76
745239,2024-06-30,2024,571745,R,660896,R,strikeout,True,False,190.0,0.241,52.0,27.37,17.0,8.95,0.73,0.177,30.65,13.15,17.37,30.52,22.05,21.43,161.0,0.189,48.0,29.81,10.0,6.21,0.599,0.1619999999999999,28.57,13.33,19.22,32.56,25.34,22.02,61.0,0.151,13.0,21.31,5.0,8.2,0.45399999999999996,0.056999999999999995,32.17,15.29,16.12,31.4,27.73,16.05,46.0,0.282,12.0,26.09,6.0,13.04,1.058,0.385,25.61,10.55,18.09,28.64,22.02,21.43
745239,2024-06-30,2024,467793,R,642048,L,single,False,False,77.0,0.31,12.0,15.58,4.0,5.19,0.9319999999999999,0.26699999999999996,22.3,9.81,18.35,28.16,22.37,13.48,162.0,0.266,21.0,12.96,20.0,12.35,0.8069999999999999,0.187,16.6,6.97,17.43,24.41,22.49,13.04,51.0,0.319,10.0,19.61,4.0,7.84,0.7989999999999999,0.10699999999999998,31.52,14.87,14.36,29.23,40.5,19.61,139.0,0.248,27.0,19.42,19.0,13.67,0.72,0.088,30.42,13.42,15.81,29.23,33.43,18.75
745239,2024-06-30,2024,596146,L,642048,L,strikeout,True,False,39.0,0.278,8.0,20.51,1.0,2.56,0.725,0.13899999999999996,23.61,11.97,16.9,28.87,33.33,19.51,97.0,0.25,22.0,22.68,8.0,8.25,0.752,0.182,19.46,9.73,13.51,23.24,25.0,18.42,39.0,0.152,11.0,28.21,5.0,12.82,0.46399999999999997,0.03,27.03,12.9,16.13,29.03,32.91,20.75,69.0,0.21,16.0,23.19,4.0,5.8,0.516,0.048,28.1,13.77,21.05,34.82,33.02,23.19
745239,2024-06-30,2024,669304,R,642048,L,strikeout,True,False,77.0,0.247,12.0,15.58,2.0,2.6,0.643,0.123,18.71,9.96,13.41,23.37,34.85,18.18,32.0,0.226,6.0,18.75,1.0,3.12,0.573,0.097,29.85,17.54,10.53,28.07,44.44,20.0,51.0,0.319,10.0,19.61,4.0,7.84,0.7989999999999999,0.10699999999999998,31.52,14.87,14.36,29.23,40.5,19.61,139.0,0.248,27.0,19.42,19.0,13.67,0.72,0.088,30.42,13.42,15.81,29.23,33.43,18.75
745239,2024-06-30,2024,621439,R,660825,R,field_out,False,False,165.0,0.252,45.0,27.27,6.0,3.64,0.74,0.185,33.24,17.98,12.15,30.13,35.24,21.13,257.0,0.217,80.0,31.13,26.0,10.12,0.767,0.243,29.69,15.03,12.96,27.99,29.53,25.0,33.0,0.111,9.0,27.27,4.0,12.12,0.374,0.03699999999999999,26.79,11.19,18.66,29.85,32.47,21.05,42.0,0.256,9.0,21.43,3.0,7.14,0.746,0.18,24.73,13.53,15.88,29.41,38.46,13.64
745239,2024-06-30,2024,664238,R,595345,L,walk,False,True,88.0,0.216,24.0,27.27,9.0,10.23,0.753,0.23,21.62,9.41,18.82,28.24,19.75,24.74,92.0,0.222,28.0,30.43,10.0,10.87,0.796,0.259,33.33,14.66,18.06,32.72,23.83,23.53,67.0,0.31,12.0,17.91,9.0,13.43,0.937,0.22400000000000003,21.05,8.82,18.75,27.57,21.48,14.81,152.0,0.222,40.0,26.32,14.0,9.21,0.747,0.222,28.47,13.79,16.75,30.54,27.09,21.39
745239,2024-06-30,2024,641487,L,595345,L,strikeout,True,False,78.0,0.296,12.0,15.38,7.0,8.97,0.81,0.15500000000000003,18.25,7.21,22.88,30.09,12.69,12.9,193.0,0.267,41.0,21.24,27.0,13.99,0.755,0.1149999999999999,19.56,7.7,20.12,27.83,20.15,17.67,42.0,0.125,12.0,28.57,1.0,2.38,0.34199999999999997,0.04999999999999999,32.47,16.67,18.67,35.33,28.33,30.77,95.0,0.241,33.0,34.74,10.0,10.53,0.7210000000000001,0.157,34.39,15.78,16.5,32.28,26.54,23.74
745239,2024-06-30,2024,677594,R,595345,L,field_out,False,False,96.0,0.284,24.0,25.0,6.0,6.25,0.7230000000000001,0.10200000000000004,31.63,17.27,10.03,27.3,36.27,22.86,169.0,0.301,48.0,28.4,12.0,7.1,0.842,0.186,29.55,15.52,11.29,26.8,35.14,26.23,67.0,0.31,12.0,17.91,9.0,13.43,0.937,0.22400000000000003,21.05,8.82,18.75,27.57,21.48,14.81,152.0,0.222,40.0,26.32,14.0,9.21,0.747,0.222,28.47,13.79,16.75,30.54,27.09,21.39
745239,2024-06-30,2024,663728,R,595345,L,single,False,False,75.0,0.125,21.0,28.0,7.0,9.33,0.586,0.23399999999999999,32.14,17.48,10.36,27.83,33.96,19.44,108.0,0.218,32.0,29.63,7.0,6.48,0.645,0.158,31.38,17.77,9.0,26.78,35.38,24.06,67.0,0.31,12.0,17.91,9.0,13.43,0.937,0.22400000000000003,21.05,8.82,18.75,27.57,21.48,14.81,152.0,0.222,40.0,26.32,14.0,9.21,0.747,0.222,28.47,13.79,16.75,30.54,27.09,21.39
745239,2024-06-30,2024,680777,R,660825,R,field_out,False,False,185.0,0.231,35.0,18.92,16.0,8.65,0.794,0.23700000000000002,22.09,10.04,17.91,27.95,29.08,15.04,242.0,0.281,70.0,28.93,19.0,7.85,0.8280000000000001,0.186,29.53,13.79,18.6,32.39,32.19,21.28,33.0,0.111,9.0,27.27,4.0,12.12,0.374,0.03699999999999999,26.79,11.19,18.66,29.85,32.47,21.05,42.0,0.256,9.0,21.43,3.0,7.14,0.746,0.18,24.73,13.53,15.88,29.41,38.46,13.64
745239,2024-06-30,2024,668885,R,660825,R,strikeout,True,False,85.0,0.26,17.0,20.0,8.0,9.41,0.706,0.11699999999999999,20.95,9.45,16.46,25.91,16.77,16.83,,,,,,,,,,,,,,,33.0,0.111,9.0,27.27,4.0,12.12,0.374,0.03699999999999999,26.79,11.19,18.66,29.85,32.47,21.05,42.0,0.256,9.0,21.43,3.0,7.14,0.746,0.18,24.73,13.53,15.88,29.41,38.46,13.64
745239,2024-06-30,2024,650489,L,660825,R,strikeout,True,False,247.0,0.235,59.0,23.89,22.0,8.91,0.73,0.15900000000000003,28.07,13.76,14.86,28.61,29.56,18.91,280.0,0.266,73.0,26.07,23.0,8.21,0.8029999999999999,0.189,28.16,14.39,15.31,29.7,34.97,21.1,27.0,0.333,8.0,29.63,3.0,11.11,0.99,0.24999999999999994,29.63,13.33,16.67,30.0,26.15,21.62,25.0,0.208,6.0,24.0,1.0,4.0,0.657,0.209,32.0,16.0,15.0,31.0,31.37,17.65
745239,2024-06-30,2024,641598,R,643377,R,strikeout,True,False,196.0,0.152,67.0,34.18,26.0,13.27,0.5820000000000001,0.153,35.56,13.74,22.21,35.95,19.2,26.17,262.0,0.25,70.0,26.72,25.0,9.54,0.845,0.267,25.84,10.63,19.22,29.85,18.71,21.21,81.0,0.184,32.0,39.51,4.0,4.94,0.485,0.07900000000000001,38.89,20.17,14.99,35.16,34.09,24.43,157.0,0.228,33.0,21.02,8.0,5.1,0.599,0.089,24.56,11.73,18.37,30.1,27.92,20.25
745239,2024-06-30,2024,670042,L,643377,R,strikeout,True,False,182.0,0.259,58.0,31.87,6.0,3.3,0.763,0.2,35.25,19.08,11.83,30.92,29.32,30.53,363.0,0.247,112.0,30.85,26.0,7.16,0.8340000000000001,0.25,38.6,19.83,11.57,31.39,31.1,26.79,63.0,0.182,18.0,28.57,6.0,9.52,0.547,0.09100000000000003,33.9,16.19,20.24,36.44,33.62,23.08,117.0,0.238,35.0,29.91,11.0,9.4,0.6970000000000001,0.143,29.15,14.01,20.91,34.91,36.23,23.81
745239,2024-06-30,2024,664034,R,643377,R,strikeout,True,False,203.0,0.23,51.0,25.12,14.0,6.9,0.6659999999999999,0.13599999999999998,20.98,10.11,15.11,25.22,24.68,19.32,506.0,0.24,85.0,16.8,37.0,7.31,0.698,0.1169999999999999,22.16,11.42,13.69,25.11,32.3,15.51,81.0,0.184,32.0,39.51,4.0,4.94,0.485,0.07900000000000001,38.89,20.17,14.99,35.16,34.09,24.43,157.0,0.228,33.0,21.02,8.0,5.1,0.599,0.089,24.56,11.73,18.37,30.1,27.92,20.25
746211,2024-06-30,2024,672761,L,656288,R,single,False,False,188.0,0.256,38.0,20.21,14.0,7.45,0.7,0.134,21.35,9.61,19.34,28.95,26.68,15.83,,,,,,,,,,,,,,,210.0,0.276,31.0,14.76,19.0,9.05,0.8440000000000001,0.22699999999999998,22.03,10.46,14.54,25.0,30.92,14.49,259.0,0.217,61.0,23.55,20.0,7.72,0.6319999999999999,0.1279999999999999,29.4,13.84,16.18,30.02,28.54,20.4
746211,2024-06-30,2024,682985,L,656288,R,fielders_choice,False,False,268.0,0.279,71.0,26.49,39.0,14.55,0.904,0.239,27.95,11.52,17.55,29.07,21.1,22.68,323.0,0.291,84.0,26.01,28.0,8.67,0.826,0.182,27.26,12.45,16.06,28.52,24.68,20.14,210.0,0.276,31.0,14.76,19.0,9.05,0.8440000000000001,0.22699999999999998,22.03,10.46,14.54,25.0,30.92,14.49,259.0,0.217,61.0,23.55,20.0,7.72,0.6319999999999999,0.1279999999999999,29.4,13.84,16.18,30.02,28.54,20.4
746211,2024-06-30,2024,663837,R,656288,R,single,False,False,208.0,0.247,49.0,23.56,10.0,4.81,0.76,0.22699999999999998,20.94,9.03,20.43,29.45,20.73,18.28,383.0,0.26,92.0,24.02,29.0,7.57,0.724,0.14,21.06,9.23,21.95,31.18,28.67,18.31,196.0,0.24,32.0,16.33,13.0,6.63,0.6910000000000001,0.14300000000000002,21.25,10.62,15.58,26.2,27.67,16.33,277.0,0.271,78.0,28.16,16.0,5.78,0.8260000000000001,0.237,28.77,14.19,17.3,31.49,29.39,19.31
746211,2024-06-30,2024,592192,R,656288,R,field_out,False,False,243.0,0.217,47.0,19.34,24.0,9.88,0.641,0.10200000000000001,22.08,8.78,23.35,32.13,21.93,16.85,341.0,0.261,56.0,16.42,28.0,8.21,0.721,0.1079999999999999,18.91,7.86,21.98,29.84,23.71,13.49,196.0,0.24,32.0,16.33,13.0,6.63,0.6910000000000001,0.14300000000000002,21.25,10.62,15.58,26.2,27.67,16.33,277.0,0.271,78.0,28.16,16.0,5.78,0.8260000000000001,0.237,28.77,14.19,17.3,31.49,29.39,19.31
746211,2024-06-30,2024,690993,L,656288,R,force_out,False,False,232.0,0.23,39.0,16.81,12.0,5.17,0.599,0.093,21.66,10.37,17.13,27.5,32.8,18.75,,,,,,,,,,,,,,,210.0,0.276,31.0,14.76,19.0,9.05,0.8440000000000001,0.22699999999999998,22.03,10.46,14.54,25.0,30.92,14.49,259.0,0.217,61.0,23.55,20.0,7.72,0.6319999999999999,0.1279999999999999,29.4,13.84,16.18,30.02,28.54,20.4
746211,2024-06-30,2024,570482,R,656288,R,field_out,False,False,143.0,0.267,19.0,13.29,6.0,4.2,0.649,0.08099999999999996,17.71,8.94,17.5,26.44,34.93,11.8,175.0,0.276,30.0,17.14,9.0,5.14,0.653,0.061,20.55,11.01,13.8,24.82,34.39,12.39,196.0,0.24,32.0,16.33,13.0,6.63,0.6910000000000001,0.14300000000000002,21.25,10.62,15.58,26.2,27.67,16.33,277.0,0.271,78.0,28.16,16.0,5.78,0.8260000000000001,0.237,28.77,14.19,17.3,31.49,29.39,19.31
746211,2024-06-30,2024,694384,L,681857,R,single,False,False,246.0,0.242,42.0,17.07,20.0,8.13,0.667,0.11399999999999999,15.46,6.75,20.46,27.22,24.42,14.55,104.0,0.291,15.0,14.42,14.0,13.46,0.7569999999999999,0.0579999999999999,18.78,8.02,17.92,25.94,20.47,11.45,196.0,0.25,44.0,22.45,17.0,8.67,0.7050000000000001,0.134,26.56,12.78,14.79,27.57,32.75,17.05,190.0,0.218,50.0,26.32,23.0,12.11,0.687,0.158,25.27,11.11,16.18,27.29,26.16,18.12
746211,2024-06-30,2024,650859,L,681857,R,field_out,False,False,209.0,0.298,27.0,12.92,11.0,5.26,0.7649999999999999,0.121,20.3,10.96,11.64,22.6,31.88,12.74,322.0,0.24,60.0,18.63,31.0,9.63,0.7270000000000001,0.166,24.18,11.79,13.87,25.66,28.19,14.39,196.0,0.25,44.0,22.45,17.0,8.67,0.7050000000000001,0.134,26.56,12.78,14.79,27.57,32.75,17.05,190.0,0.218,50.0,26.32,23.0,12.11,0.687,0.158,25.27,11.11,16.18,27.29,26.16,18.12
746211,2024-06-30,2024,621493,R,681857,R,field_out,False,False,274.0,0.216,66.0,24.09,31.0,11.31,0.715,0.19099999999999998,23.73,9.94,20.06,29.99,18.74,20.44,295.0,0.233,61.0,20.68,27.0,9.15,0.702,0.148,23.43,10.4,15.98,26.37,23.09,17.78,178.0,0.228,37.0,20.79,9.0,5.06,0.563,0.07099999999999998,29.64,13.73,17.19,30.92,32.17,20.33,232.0,0.213,53.0,22.84,10.0,4.31,0.621,0.158,29.12,14.08,17.25,31.33,33.69,18.86
746211,2024-06-30,2024,593934,R,681857,R,strikeout,True,False,68.0,0.21,33.0,48.53,4.0,5.88,0.6040000000000001,0.12900000000000003,42.36,20.4,15.72,36.12,30.97,28.7,,,,,,,,,,,,,,,178.0,0.228,37.0,20.79,9.0,5.06,0.563,0.07099999999999998,29.64,13.73,17.19,30.92,32.17,20.33,232.0,0.213,53.0,22.84,10.0,4.31,0.621,0.158,29.12,14.08,17.25,31.33,33.69,18.86
746211,2024-06-30,2024,656716,L,656288,R,field_out,False,False,132.0,0.192,37.0,28.03,10.0,7.58,0.5660000000000001,0.11599999999999999,27.41,13.47,16.32,29.79,31.32,22.02,475.0,0.23,109.0,22.95,38.0,8.0,0.653,0.1259999999999999,21.06,10.13,16.08,26.2,28.04,19.12,210.0,0.276,31.0,14.76,19.0,9.05,0.8440000000000001,0.22699999999999998,22.03,10.46,14.54,25.0,30.92,14.49,259.0,0.217,61.0,23.55,20.0,7.72,0.6319999999999999,0.1279999999999999,29.4,13.84,16.18,30.02,28.54,20.4
746211,2024-06-30,2024,669234,R,656288,R,strikeout,True,False,58.0,0.137,22.0,37.93,5.0,8.62,0.499,0.138,42.11,18.97,18.58,37.55,19.83,25.29,,,,,,,,,,,,,,,196.0,0.24,32.0,16.33,13.0,6.63,0.6910000000000001,0.14300000000000002,21.25,10.62,15.58,26.2,27.67,16.33,277.0,0.271,78.0,28.16,16.0,5.78,0.8260000000000001,0.237,28.77,14.19,17.3,31.49,29.39,19.31
746211,2024-06-30,2024,668670,R,656288,R,strikeout,True,False,117.0,0.218,38.0,32.48,4.0,3.42,0.638,0.164,33.98,15.91,18.86,34.77,26.29,29.23,259.0,0.215,84.0,32.43,20.0,7.72,0.676,0.18,31.32,14.43,18.81,33.23,22.13,28.38,196.0,0.24,32.0,16.33,13.0,6.63,0.6910000000000001,0.14300000000000002,21.25,10.62,15.58,26.2,27.67,16.33,277.0,0.271,78.0,28.16,16.0,5.78,0.8260000000000001,0.237,28.77,14.19,17.3,31.49,29.39,19.31
746211,2024-06-30,2024,641432,L,681857,R,double,False,False,141.0,0.292,20.0,14.18,10.0,7.09,0.778,0.14600000000000002,15.7,7.17,16.79,23.96,24.81,15.87,139.0,0.256,15.0,10.79,13.0,9.35,0.756,0.176,14.22,5.56,19.54,25.1,21.32,10.83,196.0,0.25,44.0,22.45,17.0,8.67,0.7050000000000001,0.134,26.56,12.78,14.79,27.57,32.75,17.05,190.0,0.218,50.0,26.32,23.0,12.11,0.687,0.158,25.27,11.11,16.18,27.29,26.16,18.12
746211,2024-06-30,2024,681351,R,681857,R,single,False,False,207.0,0.288,52.0,25.12,12.0,5.8,0.827,0.20400000000000001,31.65,16.17,15.14,31.31,34.62,20.92,154.0,0.22,38.0,24.68,9.0,5.84,0.757,0.262,32.06,17.0,13.8,30.81,36.07,19.69,178.0,0.228,37.0,20.79,9.0,5.06,0.563,0.07099999999999998,29.64,13.73,17.19,30.92,32.17,20.33,232.0,0.213,53.0,22.84,10.0,4.31,0.621,0.158,29.12,14.08,17.25,31.33,33.69,18.86
746211,2024-06-30,2024,687263,R,681857,R,strikeout,True,False,247.0,0.216,64.0,25.91,13.0,5.26,0.677,0.18900000000000003,29.02,15.19,14.97,30.16,34.53,22.61,262.0,0.222,62.0,23.66,18.0,6.87,0.6599999999999999,0.1349999999999999,28.77,13.7,16.19,29.89,23.52,18.84,178.0,0.228,37.0,20.79,9.0,5.06,0.563,0.07099999999999998,29.64,13.73,17.19,30.92,32.17,20.33,232.0,0.213,53.0,22.84,10.0,4.31,0.621,0.158,29.12,14.08,17.25,31.33,33.69,18.86
746211,2024-06-30,2024,666160,L,681857,R,strikeout,True,False,197.0,0.197,55.0,27.92,13.0,6.6,0.571,0.12,29.05,16.08,12.22,28.3,37.38,19.78,259.0,0.293,93.0,35.91,7.0,2.7,0.8620000000000001,0.249,38.62,24.01,9.43,33.44,46.84,30.07,196.0,0.25,44.0,22.45,17.0,8.67,0.7050000000000001,0.134,26.56,12.78,14.79,27.57,32.75,17.05,190.0,0.218,50.0,26.32,23.0,12.11,0.687,0.158,25.27,11.11,16.18,27.29,26.16,18.12
746211,2024-06-30,2024,666176,R,681857,R,strikeout,True,False,186.0,0.162,61.0,32.8,11.0,5.91,0.52,0.13099999999999998,30.4,15.16,13.96,29.12,30.83,23.46,43.0,0.205,18.0,41.86,4.0,9.3,0.7150000000000001,0.231,40.66,20.67,14.53,35.2,30.34,25.35,178.0,0.228,37.0,20.79,9.0,5.06,0.563,0.07099999999999998,29.64,13.73,17.19,30.92,32.17,20.33,232.0,0.213,53.0,22.84,10.0,4.31,0.621,0.158,29.12,14.08,17.25,31.33,33.69,18.86
746211,2024-06-30,2024,672761,L,656288,R,field_out,False,False,188.0,0.256,38.0,20.21,14.0,7.45,0.7,0.134,21.35,9.61,19.34,28.95,26.68,15.83,,,,,,,,,,,,,,,210.0,0.276,31.0,14.76,19.0,9.05,0.8440000000000001,0.22699999999999998,22.03,10.46,14.54,25.0,30.92,14.49,259.0,0.217,61.0,23.55,20.0,7.72,0.6319999999999999,0.1279999999999999,29.4,13.84,16.18,30.02,28.54,20.4
746211,2024-06-30,2024,682985,L,656288,R,walk,False,True,268.0,0.279,71.0,26.49,39.0,14.55,0.904,0.239,27.95,11.52,17.55,29.07,21.1,22.68,323.0,0.291,84.0,26.01,28.0,8.67,0.826,0.182,27.26,12.45,16.06,28.52,24.68,20.14,210.0,0.276,31.0,14.76,19.0,9.05,0.8440000000000001,0.22699999999999998,22.03,10.46,14.54,25.0,30.92,14.49,259.0,0.217,61.0,23.55,20.0,7.72,0.6319999999999999,0.1279999999999999,29.4,13.84,16.18,30.02,28.54,20.4
746211,2024-06-30,2024,663837,R,656288,R,field_out,False,False,208.0,0.247,49.0,23.56,10.0,4.81,0.76,0.22699999999999998,20.94,9.03,20.43,29.45,20.73,18.28,383.0,0.26,92.0,24.02,29.0,7.57,0.724,0.14,21.06,9.23,21.95,31.18,28.67,18.31,196.0,0.24,32.0,16.33,13.0,6.63,0.6910000000000001,0.14300000000000002,21.25,10.62,15.58,26.2,27.67,16.33,277.0,0.271,78.0,28.16,16.0,5.78,0.8260000000000001,0.237,28.77,14.19,17.3,31.49,29.39,19.31
746211,2024-06-30,2024,592192,R,656288,R,field_out,False,False,243.0,0.217,47.0,19.34,24.0,9.88,0.641,0.10200000000000001,22.08,8.78,23.35,32.13,21.93,16.85,341.0,0.261,56.0,16.42,28.0,8.21,0.721,0.1079999999999999,18.91,7.86,21.98,29.84,23.71,13.49,196.0,0.24,32.0,16.33,13.0,6.63,0.6910000000000001,0.14300000000000002,21.25,10.62,15.58,26.2,27.67,16.33,277.0,0.271,78.0,28.16,16.0,5.78,0.8260000000000001,0.237,28.77,14.19,17.3,31.49,29.39,19.31
746211,2024-06-30,2024,694384,L,681857,R,walk,False,True,246.0,0.242,42.0,17.07,20.0,8.13,0.667,0.11399999999999999,15.46,6.75,20.46,27.22,24.42,14.55,104.0,0.291,15.0,14.42,14.0,13.46,0.7569999999999999,0.0579999999999999,18.78,8.02,17.92,25.94,20.47,11.45,196.0,0.25,44.0,22.45,17.0,8.67,0.7050000000000001,0.134,26.56,12.78,14.79,27.57,32.75,17.05,190.0,0.218,50.0,26.32,23.0,12.11,0.687,0.158,25.27,11.11,16.18,27.29,26.16,18.12
746211,2024-06-30,2024,650859,L,681857,R,single,False,False,209.0,0.298,27.0,12.92,11.0,5.26,0.7649999999999999,0.121,20.3,10.96,11.64,22.6,31.88,12.74,322.0,0.24,60.0,18.63,31.0,9.63,0.7270000000000001,0.166,24.18,11.79,13.87,25.66,28.19,14.39,196.0,0.25,44.0,22.45,17.0,8.67,0.7050000000000001,0.134,26.56,12.78,14.79,27.57,32.75,17.05,190.0,0.218,50.0,26.32,23.0,12.11,0.687,0.158,25.27,11.11,16.18,27.29,26.16,18.12
746211,2024-06-30,2024,621493,R,681857,R,walk,False,True,274.0,0.216,66.0,24.09,31.0,11.31,0.715,0.19099999999999998,23.73,9.94,20.06,29.99,18.74,20.44,295.0,0.233,61.0,20.68,27.0,9.15,0.702,0.148,23.43,10.4,15.98,26.37,23.09,17.78,178.0,0.228,37.0,20.79,9.0,5.06,0.563,0.07099999999999998,29.64,13.73,17.19,30.92,32.17,20.33,232.0,0.213,53.0,22.84,10.0,4.31,0.621,0.158,29.12,14.08,17.25,31.33,33.69,18.86
746211,2024-06-30,2024,593934,R,681857,R,strikeout,True,False,68.0,0.21,33.0,48.53,4.0,5.88,0.6040000000000001,0.12900000000000003,42.36,20.4,15.72,36.12,30.97,28.7,,,,,,,,,,,,,,,178.0,0.228,37.0,20.79,9.0,5.06,0.563,0.07099999999999998,29.64,13.73,17.19,30.92,32.17,20.33,232.0,0.213,53.0,22.84,10.0,4.31,0.621,0.158,29.12,14.08,17.25,31.33,33.69,18.86
746211,2024-06-30,2024,641432,L,681857,R,field_out,False,False,141.0,0.292,20.0,14.18,10.0,7.09,0.778,0.14600000000000002,15.7,7.17,16.79,23.96,24.81,15.87,139.0,0.256,15.0,10.79,13.0,9.35,0.756,0.176,14.22,5.56,19.54,25.1,21.32,10.83,196.0,0.25,44.0,22.45,17.0,8.67,0.7050000000000001,0.134,26.56,12.78,14.79,27.57,32.75,17.05,190.0,0.218,50.0,26.32,23.0,12.11,0.687,0.158,25.27,11.11,16.18,27.29,26.16,18.12
746211,2024-06-30,2024,681351,R,681857,R,strikeout,True,False,207.0,0.288,52.0,25.12,12.0,5.8,0.827,0.20400000000000001,31.65,16.17,15.14,31.31,34.62,20.92,154.0,0.22,38.0,24.68,9.0,5.84,0.757,0.262,32.06,17.0,13.8,30.81,36.07,19.69,178.0,0.228,37.0,20.79,9.0,5.06,0.563,0.07099999999999998,29.64,13.73,17.19,30.92,32.17,20.33,232.0,0.213,53.0,22.84,10.0,4.31,0.621,0.158,29.12,14.08,17.25,31.33,33.69,18.86
746211,2024-06-30,2024,690993,L,656288,R,single,False,False,232.0,0.23,39.0,16.81,12.0,5.17,0.599,0.093,21.66,10.37,17.13,27.5,32.8,18.75,,,,,,,,,,,,,,,210.0,0.276,31.0,14.76,19.0,9.05,0.8440000000000001,0.22699999999999998,22.03,10.46,14.54,25.0,30.92,14.49,259.0,0.217,61.0,23.55,20.0,7.72,0.6319999999999999,0.1279999999999999,29.4,13.84,16.18,30.02,28.54,20.4
746211,2024-06-30,2024,570482,R,656288,R,single,False,False,143.0,0.267,19.0,13.29,6.0,4.2,0.649,0.08099999999999996,17.71,8.94,17.5,26.44,34.93,11.8,175.0,0.276,30.0,17.14,9.0,5.14,0.653,0.061,20.55,11.01,13.8,24.82,34.39,12.39,196.0,0.24,32.0,16.33,13.0,6.63,0.6910000000000001,0.14300000000000002,21.25,10.62,15.58,26.2,27.67,16.33,277.0,0.271,78.0,28.16,16.0,5.78,0.8260000000000001,0.237,28.77,14.19,17.3,31.49,29.39,19.31
746211,2024-06-30,2024,656716,L,656288,R,force_out,False,False,132.0,0.192,37.0,28.03,10.0,7.58,0.5660000000000001,0.11599999999999999,27.41,13.47,16.32,29.79,31.32,22.02,475.0,0.23,109.0,22.95,38.0,8.0,0.653,0.1259999999999999,21.06,10.13,16.08,26.2,28.04,19.12,210.0,0.276,31.0,14.76,19.0,9.05,0.8440000000000001,0.22699999999999998,22.03,10.46,14.54,25.0,30.92,14.49,259.0,0.217,61.0,23.55,20.0,7.72,0.6319999999999999,0.1279999999999999,29.4,13.84,16.18,30.02,28.54,20.4
746211,2024-06-30,2024,669234,R,656288,R,single,False,False,58.0,0.137,22.0,37.93,5.0,8.62,0.499,0.138,42.11,18.97,18.58,37.55,19.83,25.29,,,,,,,,,,,,,,,196.0,0.24,32.0,16.33,13.0,6.63,0.6910000000000001,0.14300000000000002,21.25,10.62,15.58,26.2,27.67,16.33,277.0,0.271,78.0,28.16,16.0,5.78,0.8260000000000001,0.237,28.77,14.19,17.3,31.49,29.39,19.31
746211,2024-06-30,2024,668670,R,656288,R,sac_fly,False,False,117.0,0.218,38.0,32.48,4.0,3.42,0.638,0.164,33.98,15.91,18.86,34.77,26.29,29.23,259.0,0.215,84.0,32.43,20.0,7.72,0.676,0.18,31.32,14.43,18.81,33.23,22.13,28.38,196.0,0.24,32.0,16.33,13.0,6.63,0.6910000000000001,0.14300000000000002,21.25,10.62,15.58,26.2,27.67,16.33,277.0,0.271,78.0,28.16,16.0,5.78,0.8260000000000001,0.237,28.77,14.19,17.3,31.49,29.39,19.31
746211,2024-06-30,2024,672761,L,656288,R,field_out,False,False,188.0,0.256,38.0,20.21,14.0,7.45,0.7,0.134,21.35,9.61,19.34,28.95,26.68,15.83,,,,,,,,,,,,,,,210.0,0.276,31.0,14.76,19.0,9.05,0.8440000000000001,0.22699999999999998,22.03,10.46,14.54,25.0,30.92,14.49,259.0,0.217,61.0,23.55,20.0,7.72,0.6319999999999999,0.1279999999999999,29.4,13.84,16.18,30.02,28.54,20.4
746211,2024-06-30,2024,687263,R,681857,R,field_out,False,False,247.0,0.216,64.0,25.91,13.0,5.26,0.677,0.18900000000000003,29.02,15.19,14.97,30.16,34.53,22.61,262.0,0.222,62.0,23.66,18.0,6.87,0.6599999999999999,0.1349999999999999,28.77,13.7,16.19,29.89,23.52,18.84,178.0,0.228,37.0,20.79,9.0,5.06,0.563,0.07099999999999998,29.64,13.73,17.19,30.92,32.17,20.33,232.0,0.213,53.0,22.84,10.0,4.31,0.621,0.158,29.12,14.08,17.25,31.33,33.69,18.86
746211,2024-06-30,2024,666160,L,681857,R,strikeout,True,False,197.0,0.197,55.0,27.92,13.0,6.6,0.571,0.12,29.05,16.08,12.22,28.3,37.38,19.78,259.0,0.293,93.0,35.91,7.0,2.7,0.8620000000000001,0.249,38.62,24.01,9.43,33.44,46.84,30.07,196.0,0.25,44.0,22.45,17.0,8.67,0.7050000000000001,0.134,26.56,12.78,14.79,27.57,32.75,17.05,190.0,0.218,50.0,26.32,23.0,12.11,0.687,0.158,25.27,11.11,16.18,27.29,26.16,18.12
746211,2024-06-30,2024,666176,R,681857,R,field_out,False,False,186.0,0.162,61.0,32.8,11.0,5.91,0.52,0.13099999999999998,30.4,15.16,13.96,29.12,30.83,23.46,43.0,0.205,18.0,41.86,4.0,9.3,0.7150000000000001,0.231,40.66,20.67,14.53,35.2,30.34,25.35,178.0,0.228,37.0,20.79,9.0,5.06,0.563,0.07099999999999998,29.64,13.73,17.19,30.92,32.17,20.33,232.0,0.213,53.0,22.84,10.0,4.31,0.621,0.158,29.12,14.08,17.25,31.33,33.69,18.86
746211,2024-06-30,2024,682985,L,656288,R,strikeout,True,False,268.0,0.279,71.0,26.49,39.0,14.55,0.904,0.239,27.95,11.52,17.55,29.07,21.1,22.68,323.0,0.291,84.0,26.01,28.0,8.67,0.826,0.182,27.26,12.45,16.06,28.52,24.68,20.14,210.0,0.276,31.0,14.76,19.0,9.05,0.8440000000000001,0.22699999999999998,22.03,10.46,14.54,25.0,30.92,14.49,259.0,0.217,61.0,23.55,20.0,7.72,0.6319999999999999,0.1279999999999999,29.4,13.84,16.18,30.02,28.54,20.4
746211,2024-06-30,2024,663837,R,656288,R,strikeout,True,False,208.0,0.247,49.0,23.56,10.0,4.81,0.76,0.22699999999999998,20.94,9.03,20.43,29.45,20.73,18.28,383.0,0.26,92.0,24.02,29.0,7.57,0.724,0.14,21.06,9.23,21.95,31.18,28.67,18.31,196.0,0.24,32.0,16.33,13.0,6.63,0.6910000000000001,0.14300000000000002,21.25,10.62,15.58,26.2,27.67,16.33,277.0,0.271,78.0,28.16,16.0,5.78,0.8260000000000001,0.237,28.77,14.19,17.3,31.49,29.39,19.31
746211,2024-06-30,2024,592192,R,656288,R,walk,False,True,243.0,0.217,47.0,19.34,24.0,9.88,0.641,0.10200000000000001,22.08,8.78,23.35,32.13,21.93,16.85,341.0,0.261,56.0,16.42,28.0,8.21,0.721,0.1079999999999999,18.91,7.86,21.98,29.84,23.71,13.49,196.0,0.24,32.0,16.33,13.0,6.63,0.6910000000000001,0.14300000000000002,21.25,10.62,15.58,26.2,27.67,16.33,277.0,0.271,78.0,28.16,16.0,5.78,0.8260000000000001,0.237,28.77,14.19,17.3,31.49,29.39,19.31
746211,2024-06-30,2024,690993,L,656288,R,field_out,False,False,232.0,0.23,39.0,16.81,12.0,5.17,0.599,0.093,21.66,10.37,17.13,27.5,32.8,18.75,,,,,,,,,,,,,,,210.0,0.276,31.0,14.76,19.0,9.05,0.8440000000000001,0.22699999999999998,22.03,10.46,14.54,25.0,30.92,14.49,259.0,0.217,61.0,23.55,20.0,7.72,0.6319999999999999,0.1279999999999999,29.4,13.84,16.18,30.02,28.54,20.4
746211,2024-06-30,2024,694384,L,681857,R,double,False,False,246.0,0.242,42.0,17.07,20.0,8.13,0.667,0.11399999999999999,15.46,6.75,20.46,27.22,24.42,14.55,104.0,0.291,15.0,14.42,14.0,13.46,0.7569999999999999,0.0579999999999999,18.78,8.02,17.92,25.94,20.47,11.45,196.0,0.25,44.0,22.45,17.0,8.67,0.7050000000000001,0.134,26.56,12.78,14.79,27.57,32.75,17.05,190.0,0.218,50.0,26.32,23.0,12.11,0.687,0.158,25.27,11.11,16.18,27.29,26.16,18.12
746211,2024-06-30,2024,650859,L,681857,R,field_out,False,False,209.0,0.298,27.0,12.92,11.0,5.26,0.7649999999999999,0.121,20.3,10.96,11.64,22.6,31.88,12.74,322.0,0.24,60.0,18.63,31.0,9.63,0.7270000000000001,0.166,24.18,11.79,13.87,25.66,28.19,14.39,196.0,0.25,44.0,22.45,17.0,8.67,0.7050000000000001,0.134,26.56,12.78,14.79,27.57,32.75,17.05,190.0,0.218,50.0,26.32,23.0,12.11,0.687,0.158,25.27,11.11,16.18,27.29,26.16,18.12
746211,2024-06-30,2024,621493,R,681857,R,field_out,False,False,274.0,0.216,66.0,24.09,31.0,11.31,0.715,0.19099999999999998,23.73,9.94,20.06,29.99,18.74,20.44,295.0,0.233,61.0,20.68,27.0,9.15,0.702,0.148,23.43,10.4,15.98,26.37,23.09,17.78,178.0,0.228,37.0,20.79,9.0,5.06,0.563,0.07099999999999998,29.64,13.73,17.19,30.92,32.17,20.33,232.0,0.213,53.0,22.84,10.0,4.31,0.621,0.158,29.12,14.08,17.25,31.33,33.69,18.86
746211,2024-06-30,2024,593934,R,681857,R,field_out,False,False,68.0,0.21,33.0,48.53,4.0,5.88,0.6040000000000001,0.12900000000000003,42.36,20.4,15.72,36.12,30.97,28.7,,,,,,,,,,,,,,,178.0,0.228,37.0,20.79,9.0,5.06,0.563,0.07099999999999998,29.64,13.73,17.19,30.92,32.17,20.33,232.0,0.213,53.0,22.84,10.0,4.31,0.621,0.158,29.12,14.08,17.25,31.33,33.69,18.86
746211,2024-06-30,2024,570482,R,656288,R,field_out,False,False,143.0,0.267,19.0,13.29,6.0,4.2,0.649,0.08099999999999996,17.71,8.94,17.5,26.44,34.93,11.8,175.0,0.276,30.0,17.14,9.0,5.14,0.653,0.061,20.55,11.01,13.8,24.82,34.39,12.39,196.0,0.24,32.0,16.33,13.0,6.63,0.6910000000000001,0.14300000000000002,21.25,10.62,15.58,26.2,27.67,16.33,277.0,0.271,78.0,28.16,16.0,5.78,0.8260000000000001,0.237,28.77,14.19,17.3,31.49,29.39,19.31
746211,2024-06-30,2024,656716,L,656288,R,field_out,False,False,132.0,0.192,37.0,28.03,10.0,7.58,0.5660000000000001,0.11599999999999999,27.41,13.47,16.32,29.79,31.32,22.02,475.0,0.23,109.0,22.95,38.0,8.0,0.653,0.1259999999999999,21.06,10.13,16.08,26.2,28.04,19.12,210.0,0.276,31.0,14.76,19.0,9.05,0.8440000000000001,0.22699999999999998,22.03,10.46,14.54,25.0,30.92,14.49,259.0,0.217,61.0,23.55,20.0,7.72,0.6319999999999999,0.1279999999999999,29.4,13.84,16.18,30.02,28.54,20.4
746211,2024-06-30,2024,669234,R,656288,R,hit_by_pitch,False,False,58.0,0.137,22.0,37.93,5.0,8.62,0.499,0.138,42.11,18.97,18.58,37.55,19.83,25.29,,,,,,,,,,,,,,,196.0,0.24,32.0,16.33,13.0,6.63,0.6910000000000001,0.14300000000000002,21.25,10.62,15.58,26.2,27.67,16.33,277.0,0.271,78.0,28.16,16.0,5.78,0.8260000000000001,0.237,28.77,14.19,17.3,31.49,29.39,19.31
746211,2024-06-30,2024,668670,R,656288,R,home_run,False,False,117.0,0.218,38.0,32.48,4.0,3.42,0.638,0.164,33.98,15.91,18.86,34.77,26.29,29.23,259.0,0.215,84.0,32.43,20.0,7.72,0.676,0.18,31.32,14.43,18.81,33.23,22.13,28.38,196.0,0.24,32.0,16.33,13.0,6.63,0.6910000000000001,0.14300000000000002,21.25,10.62,15.58,26.2,27.67,16.33,277.0,0.271,78.0,28.16,16.0,5.78,0.8260000000000001,0.237,28.77,14.19,17.3,31.49,29.39,19.31
746211,2024-06-30,2024,672761,L,656288,R,field_out,False,False,188.0,0.256,38.0,20.21,14.0,7.45,0.7,0.134,21.35,9.61,19.34,28.95,26.68,15.83,,,,,,,,,,,,,,,210.0,0.276,31.0,14.76,19.0,9.05,0.8440000000000001,0.22699999999999998,22.03,10.46,14.54,25.0,30.92,14.49,259.0,0.217,61.0,23.55,20.0,7.72,0.6319999999999999,0.1279999999999999,29.4,13.84,16.18,30.02,28.54,20.4
746211,2024-06-30,2024,641432,L,681857,R,walk,False,True,141.0,0.292,20.0,14.18,10.0,7.09,0.778,0.14600000000000002,15.7,7.17,16.79,23.96,24.81,15.87,139.0,0.256,15.0,10.79,13.0,9.35,0.756,0.176,14.22,5.56,19.54,25.1,21.32,10.83,196.0,0.25,44.0,22.45,17.0,8.67,0.7050000000000001,0.134,26.56,12.78,14.79,27.57,32.75,17.05,190.0,0.218,50.0,26.32,23.0,12.11,0.687,0.158,25.27,11.11,16.18,27.29,26.16,18.12
746211,2024-06-30,2024,681351,R,681857,R,strikeout,True,False,207.0,0.288,52.0,25.12,12.0,5.8,0.827,0.20400000000000001,31.65,16.17,15.14,31.31,34.62,20.92,154.0,0.22,38.0,24.68,9.0,5.84,0.757,0.262,32.06,17.0,13.8,30.81,36.07,19.69,178.0,0.228,37.0,20.79,9.0,5.06,0.563,0.07099999999999998,29.64,13.73,17.19,30.92,32.17,20.33,232.0,0.213,53.0,22.84,10.0,4.31,0.621,0.158,29.12,14.08,17.25,31.33,33.69,18.86
746211,2024-06-30,2024,687263,R,681857,R,field_out,False,False,247.0,0.216,64.0,25.91,13.0,5.26,0.677,0.18900000000000003,29.02,15.19,14.97,30.16,34.53,22.61,262.0,0.222,62.0,23.66,18.0,6.87,0.6599999999999999,0.1349999999999999,28.77,13.7,16.19,29.89,23.52,18.84,178.0,0.228,37.0,20.79,9.0,5.06,0.563,0.07099999999999998,29.64,13.73,17.19,30.92,32.17,20.33,232.0,0.213,53.0,22.84,10.0,4.31,0.621,0.158,29.12,14.08,17.25,31.33,33.69,18.86
746211,2024-06-30,2024,666160,L,681857,R,strikeout,True,False,197.0,0.197,55.0,27.92,13.0,6.6,0.571,0.12,29.05,16.08,12.22,28.3,37.38,19.78,259.0,0.293,93.0,35.91,7.0,2.7,0.8620000000000001,0.249,38.62,24.01,9.43,33.44,46.84,30.07,196.0,0.25,44.0,22.45,17.0,8.67,0.7050000000000001,0.134,26.56,12.78,14.79,27.57,32.75,17.05,190.0,0.218,50.0,26.32,23.0,12.11,0.687,0.158,25.27,11.11,16.18,27.29,26.16,18.12
746211,2024-06-30,2024,682985,L,668968,R,strikeout,True,False,268.0,0.279,71.0,26.49,39.0,14.55,0.904,0.239,27.95,11.52,17.55,29.07,21.1,22.68,323.0,0.291,84.0,26.01,28.0,8.67,0.826,0.182,27.26,12.45,16.06,28.52,24.68,20.14,7.0,0.0,2.0,28.57,0.0,0.0,0.0,0.0,26.67,13.33,13.33,26.67,31.25,22.22,,,,,,,,,,,,,,
746211,2024-06-30,2024,663837,R,668968,R,strikeout,True,False,208.0,0.247,49.0,23.56,10.0,4.81,0.76,0.22699999999999998,20.94,9.03,20.43,29.45,20.73,18.28,383.0,0.26,92.0,24.02,29.0,7.57,0.724,0.14,21.06,9.23,21.95,31.18,28.67,18.31,9.0,0.0,5.0,55.56,2.0,22.22,0.222,0.0,52.38,25.58,18.6,44.19,39.13,29.41,,,,,,,,,,,,,,
746211,2024-06-30,2024,592192,R,668968,R,field_out,False,False,243.0,0.217,47.0,19.34,24.0,9.88,0.641,0.10200000000000001,22.08,8.78,23.35,32.13,21.93,16.85,341.0,0.261,56.0,16.42,28.0,8.21,0.721,0.1079999999999999,18.91,7.86,21.98,29.84,23.71,13.49,9.0,0.0,5.0,55.56,2.0,22.22,0.222,0.0,52.38,25.58,18.6,44.19,39.13,29.41,,,,,,,,,,,,,,
746211,2024-06-30,2024,666176,R,689225,R,walk,False,True,186.0,0.162,61.0,32.8,11.0,5.91,0.52,0.13099999999999998,30.4,15.16,13.96,29.12,30.83,23.46,43.0,0.205,18.0,41.86,4.0,9.3,0.7150000000000001,0.231,40.66,20.67,14.53,35.2,30.34,25.35,51.0,0.14,9.0,17.65,4.0,7.84,0.426,0.045999999999999985,24.1,11.36,16.48,27.84,33.33,23.08,88.0,0.262,20.0,22.73,7.0,7.95,0.768,0.188,23.94,12.13,14.56,26.68,37.2,14.93
746211,2024-06-30,2024,694384,L,689225,R,field_out,False,False,246.0,0.242,42.0,17.07,20.0,8.13,0.667,0.11399999999999999,15.46,6.75,20.46,27.22,24.42,14.55,104.0,0.291,15.0,14.42,14.0,13.46,0.7569999999999999,0.0579999999999999,18.78,8.02,17.92,25.94,20.47,11.45,41.0,0.231,12.0,29.27,2.0,4.88,0.653,0.154,23.58,12.38,13.86,26.24,30.84,13.79,64.0,0.254,11.0,17.19,5.0,7.81,0.6679999999999999,0.1019999999999999,18.9,8.99,13.11,22.1,24.09,13.25
746211,2024-06-30,2024,650859,L,689225,R,single,False,False,209.0,0.298,27.0,12.92,11.0,5.26,0.7649999999999999,0.121,20.3,10.96,11.64,22.6,31.88,12.74,322.0,0.24,60.0,18.63,31.0,9.63,0.7270000000000001,0.166,24.18,11.79,13.87,25.66,28.19,14.39,41.0,0.231,12.0,29.27,2.0,4.88,0.653,0.154,23.58,12.38,13.86,26.24,30.84,13.79,64.0,0.254,11.0,17.19,5.0,7.81,0.6679999999999999,0.1019999999999999,18.9,8.99,13.11,22.1,24.09,13.25
746211,2024-06-30,2024,621493,R,689225,R,double,False,False,274.0,0.216,66.0,24.09,31.0,11.31,0.715,0.19099999999999998,23.73,9.94,20.06,29.99,18.74,20.44,295.0,0.233,61.0,20.68,27.0,9.15,0.702,0.148,23.43,10.4,15.98,26.37,23.09,17.78,51.0,0.14,9.0,17.65,4.0,7.84,0.426,0.045999999999999985,24.1,11.36,16.48,27.84,33.33,23.08,88.0,0.262,20.0,22.73,7.0,7.95,0.768,0.188,23.94,12.13,14.56,26.68,37.2,14.93
746211,2024-06-30,2024,593934,R,689225,R,field_out,False,False,68.0,0.21,33.0,48.53,4.0,5.88,0.6040000000000001,0.12900000000000003,42.36,20.4,15.72,36.12,30.97,28.7,,,,,,,,,,,,,,,51.0,0.14,9.0,17.65,4.0,7.84,0.426,0.045999999999999985,24.1,11.36,16.48,27.84,33.33,23.08,88.0,0.262,20.0,22.73,7.0,7.95,0.768,0.188,23.94,12.13,14.56,26.68,37.2,14.93
746211,2024-06-30,2024,607680,R,663947,L,field_out,False,False,61.0,0.386,10.0,16.39,3.0,4.92,1.11,0.29800000000000004,23.28,11.07,14.75,25.82,32.06,16.39,111.0,0.25,28.0,25.23,2.0,1.8,0.733,0.2219999999999999,28.46,16.17,12.7,28.87,40.87,21.05,90.0,0.232,17.0,18.89,6.0,6.67,0.671,0.158,23.93,12.3,15.46,27.76,40.35,18.48,202.0,0.209,42.0,20.79,14.0,6.93,0.642,0.171,28.53,13.97,16.84,30.81,30.71,18.58
746211,2024-06-30,2024,690993,L,608334,R,strikeout,True,False,232.0,0.23,39.0,16.81,12.0,5.17,0.599,0.093,21.66,10.37,17.13,27.5,32.8,18.75,,,,,,,,,,,,,,,75.0,0.222,11.0,14.67,9.0,12.0,0.777,0.222,25.21,10.95,15.69,26.64,27.81,16.92,22.0,0.15,5.0,22.73,1.0,4.55,0.527,0.15,25.58,12.22,16.67,28.89,26.19,17.86
746211,2024-06-30,2024,570482,R,608334,R,walk,False,True,143.0,0.267,19.0,13.29,6.0,4.2,0.649,0.08099999999999996,17.71,8.94,17.5,26.44,34.93,11.8,175.0,0.276,30.0,17.14,9.0,5.14,0.653,0.061,20.55,11.01,13.8,24.82,34.39,12.39,78.0,0.219,22.0,28.21,13.0,16.67,0.703,0.12499999999999997,26.85,12.08,15.71,27.79,32.79,21.36,17.0,0.214,1.0,5.88,3.0,17.65,0.782,0.215,12.5,4.48,17.91,22.39,14.71,9.09
746211,2024-06-30,2024,656716,L,608334,R,field_out,False,False,132.0,0.192,37.0,28.03,10.0,7.58,0.5660000000000001,0.11599999999999999,27.41,13.47,16.32,29.79,31.32,22.02,475.0,0.23,109.0,22.95,38.0,8.0,0.653,0.1259999999999999,21.06,10.13,16.08,26.2,28.04,19.12,75.0,0.222,11.0,14.67,9.0,12.0,0.777,0.222,25.21,10.95,15.69,26.64,27.81,16.92,22.0,0.15,5.0,22.73,1.0,4.55,0.527,0.15,25.58,12.22,16.67,28.89,26.19,17.86
746211,2024-06-30,2024,669234,R,608334,R,field_out,False,False,58.0,0.137,22.0,37.93,5.0,8.62,0.499,0.138,42.11,18.97,18.58,37.55,19.83,25.29,,,,,,,,,,,,,,,78.0,0.219,22.0,28.21,13.0,16.67,0.703,0.12499999999999997,26.85,12.08,15.71,27.79,32.79,21.36,17.0,0.214,1.0,5.88,3.0,17.65,0.782,0.215,12.5,4.48,17.91,22.39,14.71,9.09
746211,2024-06-30,2024,681351,R,676684,R,home_run,False,False,207.0,0.288,52.0,25.12,12.0,5.8,0.827,0.20400000000000001,31.65,16.17,15.14,31.31,34.62,20.92,154.0,0.22,38.0,24.68,9.0,5.84,0.757,0.262,32.06,17.0,13.8,30.81,36.07,19.69,96.0,0.256,24.0,25.0,3.0,3.12,0.666,0.133,29.79,15.91,16.19,32.1,34.39,23.76,114.0,0.215,32.0,28.07,7.0,6.14,0.5529999999999999,0.0749999999999999,27.23,12.59,22.76,35.35,32.97,26.45
746211,2024-06-30,2024,687263,R,676684,R,field_out,False,False,247.0,0.216,64.0,25.91,13.0,5.26,0.677,0.18900000000000003,29.02,15.19,14.97,30.16,34.53,22.61,262.0,0.222,62.0,23.66,18.0,6.87,0.6599999999999999,0.1349999999999999,28.77,13.7,16.19,29.89,23.52,18.84,96.0,0.256,24.0,25.0,3.0,3.12,0.666,0.133,29.79,15.91,16.19,32.1,34.39,23.76,114.0,0.215,32.0,28.07,7.0,6.14,0.5529999999999999,0.0749999999999999,27.23,12.59,22.76,35.35,32.97,26.45
746211,2024-06-30,2024,666160,L,676684,R,strikeout,True,False,197.0,0.197,55.0,27.92,13.0,6.6,0.571,0.12,29.05,16.08,12.22,28.3,37.38,19.78,259.0,0.293,93.0,35.91,7.0,2.7,0.8620000000000001,0.249,38.62,24.01,9.43,33.44,46.84,30.07,47.0,0.268,7.0,14.89,4.0,8.51,0.612,0.024999999999999967,24.18,11.76,14.97,26.74,24.73,13.46,85.0,0.218,24.0,28.24,6.0,7.06,0.646,0.154,21.11,10.24,18.06,28.3,34.72,20.51
746211,2024-06-30,2024,666176,R,676684,R,field_out,False,False,186.0,0.162,61.0,32.8,11.0,5.91,0.52,0.13099999999999998,30.4,15.16,13.96,29.12,30.83,23.46,43.0,0.205,18.0,41.86,4.0,9.3,0.7150000000000001,0.231,40.66,20.67,14.53,35.2,30.34,25.35,96.0,0.256,24.0,25.0,3.0,3.12,0.666,0.133,29.79,15.91,16.19,32.1,34.39,23.76,114.0,0.215,32.0,28.07,7.0,6.14,0.5529999999999999,0.0749999999999999,27.23,12.59,22.76,35.35,32.97,26.45
746211,2024-06-30,2024,668670,R,608032,R,field_out,False,False,117.0,0.218,38.0,32.48,4.0,3.42,0.638,0.164,33.98,15.91,18.86,34.77,26.29,29.23,259.0,0.215,84.0,32.43,20.0,7.72,0.676,0.18,31.32,14.43,18.81,33.23,22.13,28.38,51.0,0.184,14.0,27.45,0.0,0.0,0.5469999999999999,0.183,27.1,14.29,18.72,33.0,29.07,20.0,149.0,0.242,47.0,31.54,12.0,8.05,0.665,0.099,29.14,14.99,16.01,31.01,31.39,23.27
746211,2024-06-30,2024,672761,L,608032,R,single,False,False,188.0,0.256,38.0,20.21,14.0,7.45,0.7,0.134,21.35,9.61,19.34,28.95,26.68,15.83,,,,,,,,,,,,,,,50.0,0.213,13.0,26.0,3.0,6.0,0.579,0.10600000000000001,27.71,11.86,19.07,30.93,19.51,27.08,132.0,0.268,31.0,23.48,19.0,14.39,0.808,0.1609999999999999,25.8,13.01,12.66,25.67,22.18,16.85
746211,2024-06-30,2024,682985,L,608032,R,force_out,False,False,268.0,0.279,71.0,26.49,39.0,14.55,0.904,0.239,27.95,11.52,17.55,29.07,21.1,22.68,323.0,0.291,84.0,26.01,28.0,8.67,0.826,0.182,27.26,12.45,16.06,28.52,24.68,20.14,50.0,0.213,13.0,26.0,3.0,6.0,0.579,0.10600000000000001,27.71,11.86,19.07,30.93,19.51,27.08,132.0,0.268,31.0,23.48,19.0,14.39,0.808,0.1609999999999999,25.8,13.01,12.66,25.67,22.18,16.85
746211,2024-06-30,2024,663837,R,608032,R,caught_stealing_2b,False,False,208.0,0.247,49.0,23.56,10.0,4.81,0.76,0.22699999999999998,20.94,9.03,20.43,29.45,20.73,18.28,383.0,0.26,92.0,24.02,29.0,7.57,0.724,0.14,21.06,9.23,21.95,31.18,28.67,18.31,51.0,0.184,14.0,27.45,0.0,0.0,0.5469999999999999,0.183,27.1,14.29,18.72,33.0,29.07,20.0,149.0,0.242,47.0,31.54,12.0,8.05,0.665,0.099,29.14,14.99,16.01,31.01,31.39,23.27
746211,2024-06-30,2024,694384,L,671345,R,field_out,False,False,246.0,0.242,42.0,17.07,20.0,8.13,0.667,0.11399999999999999,15.46,6.75,20.46,27.22,24.42,14.55,104.0,0.291,15.0,14.42,14.0,13.46,0.7569999999999999,0.0579999999999999,18.78,8.02,17.92,25.94,20.47,11.45,53.0,0.213,9.0,16.98,5.0,9.43,0.628,0.12700000000000003,21.3,10.85,16.51,27.36,27.66,12.16,106.0,0.299,25.0,23.58,8.0,7.55,0.847,0.196,22.89,10.82,13.41,24.24,29.46,19.83
746211,2024-06-30,2024,650859,L,671345,R,field_out,False,False,209.0,0.298,27.0,12.92,11.0,5.26,0.7649999999999999,0.121,20.3,10.96,11.64,22.6,31.88,12.74,322.0,0.24,60.0,18.63,31.0,9.63,0.7270000000000001,0.166,24.18,11.79,13.87,25.66,28.19,14.39,53.0,0.213,9.0,16.98,5.0,9.43,0.628,0.12700000000000003,21.3,10.85,16.51,27.36,27.66,12.16,106.0,0.299,25.0,23.58,8.0,7.55,0.847,0.196,22.89,10.82,13.41,24.24,29.46,19.83
746211,2024-06-30,2024,621493,R,671345,R,strikeout,True,False,274.0,0.216,66.0,24.09,31.0,11.31,0.715,0.19099999999999998,23.73,9.94,20.06,29.99,18.74,20.44,295.0,0.233,61.0,20.68,27.0,9.15,0.702,0.148,23.43,10.4,15.98,26.37,23.09,17.78,68.0,0.258,14.0,20.59,4.0,5.88,0.632,0.065,19.42,9.39,19.72,29.11,27.55,26.42,171.0,0.222,30.0,17.54,7.0,4.09,0.506,0.0249999999999999,14.71,7.13,19.97,27.1,35.23,15.23
746211,2024-06-30,2024,663837,R,690829,R,strikeout,True,False,208.0,0.247,49.0,23.56,10.0,4.81,0.76,0.22699999999999998,20.94,9.03,20.43,29.45,20.73,18.28,383.0,0.26,92.0,24.02,29.0,7.57,0.724,0.14,21.06,9.23,21.95,31.18,28.67,18.31,30.0,0.24,5.0,16.67,4.0,13.33,0.607,0.0,24.62,11.59,14.49,26.09,26.47,11.9,29.0,0.333,7.0,24.14,3.0,10.34,0.914,0.1669999999999999,25.0,12.1,19.35,31.45,33.33,17.07
746211,2024-06-30,2024,592192,R,690829,R,field_out,False,False,243.0,0.217,47.0,19.34,24.0,9.88,0.641,0.10200000000000001,22.08,8.78,23.35,32.13,21.93,16.85,341.0,0.261,56.0,16.42,28.0,8.21,0.721,0.1079999999999999,18.91,7.86,21.98,29.84,23.71,13.49,30.0,0.24,5.0,16.67,4.0,13.33,0.607,0.0,24.62,11.59,14.49,26.09,26.47,11.9,29.0,0.333,7.0,24.14,3.0,10.34,0.914,0.1669999999999999,25.0,12.1,19.35,31.45,33.33,17.07
746211,2024-06-30,2024,690993,L,690829,R,field_out,False,False,232.0,0.23,39.0,16.81,12.0,5.17,0.599,0.093,21.66,10.37,17.13,27.5,32.8,18.75,,,,,,,,,,,,,,,20.0,0.222,5.0,25.0,2.0,10.0,0.5780000000000001,0.05600000000000002,29.03,14.52,16.13,30.65,27.59,50.0,19.0,0.077,3.0,15.79,6.0,31.58,0.445,0.0,24.0,7.69,15.38,23.08,11.9,18.75
746211,2024-06-30,2024,641645,L,671345,R,sac_bunt,False,False,89.0,0.282,15.0,16.85,9.0,10.11,0.737,0.10300000000000004,19.08,8.08,18.66,26.74,23.33,15.15,96.0,0.218,19.0,19.79,8.0,8.33,0.591,0.092,15.23,6.02,21.47,27.49,22.05,19.79,53.0,0.213,9.0,16.98,5.0,9.43,0.628,0.12700000000000003,21.3,10.85,16.51,27.36,27.66,12.16,106.0,0.299,25.0,23.58,8.0,7.55,0.847,0.196,22.89,10.82,13.41,24.24,29.46,19.83
746211,2024-06-30,2024,607680,R,671345,R,single,False,False,101.0,0.227,18.0,17.82,7.0,6.93,0.708,0.171,20.83,10.64,15.16,25.8,33.68,14.88,95.0,0.202,22.0,23.16,4.0,4.21,0.58,0.1459999999999999,23.46,13.0,15.17,28.17,39.61,20.95,68.0,0.258,14.0,20.59,4.0,5.88,0.632,0.065,19.42,9.39,19.72,29.11,27.55,26.42,171.0,0.222,30.0,17.54,7.0,4.09,0.506,0.0249999999999999,14.71,7.13,19.97,27.1,35.23,15.23
745555,2024-06-30,2024,665862,L,624133,L,field_out,False,False,112.0,0.275,28.0,25.0,8.0,7.14,0.7410000000000001,0.127,27.27,12.58,16.78,29.36,30.21,19.05,94.0,0.172,27.0,28.72,6.0,6.38,0.479,0.081,39.88,19.01,18.18,37.19,30.36,25.23,74.0,0.194,20.0,27.03,1.0,1.35,0.605,0.195,21.17,11.15,20.77,31.92,40.0,23.53,93.0,0.218,19.0,20.43,3.0,3.23,0.612,0.15,17.48,8.93,20.0,28.93,40.77,29.69
745555,2024-06-30,2024,672640,R,624133,L,field_out,False,False,46.0,0.222,7.0,15.22,0.0,0.0,0.511,0.06699999999999998,20.83,13.7,13.01,26.71,53.52,14.0,,,,,,,,,,,,,,,306.0,0.201,79.0,25.82,18.0,5.88,0.534,0.07700000000000001,23.84,11.09,17.71,28.8,30.99,22.87,448.0,0.278,100.0,22.32,45.0,10.04,0.7749999999999999,0.1459999999999999,24.15,10.61,17.49,28.1,27.96,20.41
745555,2024-06-30,2024,650559,R,624133,L,single,False,False,123.0,0.282,31.0,25.2,4.0,3.25,0.753,0.16200000000000003,28.63,15.81,13.14,28.95,32.88,26.72,154.0,0.277,35.0,22.73,11.0,7.14,0.708,0.1059999999999999,27.76,13.7,15.51,29.21,33.53,19.77,306.0,0.201,79.0,25.82,18.0,5.88,0.534,0.07700000000000001,23.84,11.09,17.71,28.8,30.99,22.87,448.0,0.278,100.0,22.32,45.0,10.04,0.7749999999999999,0.1459999999999999,24.15,10.61,17.49,28.1,27.96,20.41
745555,2024-06-30,2024,605137,R,624133,L,double,False,False,118.0,0.21,17.0,14.41,11.0,9.32,0.632,0.142,22.34,10.05,14.84,24.89,29.67,16.04,186.0,0.265,41.0,22.04,24.0,12.9,0.854,0.2289999999999999,28.46,13.82,12.89,26.71,26.88,18.81,306.0,0.201,79.0,25.82,18.0,5.88,0.534,0.07700000000000001,23.84,11.09,17.71,28.8,30.99,22.87,448.0,0.278,100.0,22.32,45.0,10.04,0.7749999999999999,0.1459999999999999,24.15,10.61,17.49,28.1,27.96,20.41
745555,2024-06-30,2024,669394,R,624133,L,field_out,False,False,80.0,0.176,19.0,23.75,5.0,6.25,0.441,0.04000000000000001,29.27,15.95,14.29,30.23,42.77,20.65,139.0,0.26,37.0,26.62,9.0,6.47,0.907,0.3229999999999999,32.62,17.56,12.21,29.77,35.74,24.5,306.0,0.201,79.0,25.82,18.0,5.88,0.534,0.07700000000000001,23.84,11.09,17.71,28.8,30.99,22.87,448.0,0.278,100.0,22.32,45.0,10.04,0.7749999999999999,0.1459999999999999,24.15,10.61,17.49,28.1,27.96,20.41
745555,2024-06-30,2024,681082,L,630023,R,field_out,False,False,221.0,0.246,31.0,14.03,26.0,11.76,0.7150000000000001,0.134,16.96,7.44,20.78,28.22,28.09,11.7,474.0,0.28,76.0,16.03,26.0,5.49,0.753,0.1509999999999999,14.49,6.52,22.08,28.6,28.42,11.93,22.0,0.333,4.0,18.18,1.0,4.55,0.9349999999999999,0.23799999999999993,20.45,11.69,14.29,25.97,38.24,16.67,185.0,0.272,24.0,12.97,13.0,7.03,0.8109999999999999,0.2069999999999999,14.11,6.9,15.44,22.34,25.47,12.7
745555,2024-06-30,2024,607208,R,630023,R,single,False,False,121.0,0.319,21.0,17.36,6.0,4.96,0.8,0.123,24.31,12.21,14.29,26.5,30.4,16.8,485.0,0.282,109.0,22.47,29.0,5.98,0.8029999999999999,0.19,28.9,15.6,12.67,28.27,36.06,17.81,21.0,0.211,7.0,33.33,2.0,9.52,0.5489999999999999,0.05200000000000002,20.0,9.09,21.59,30.68,31.82,25.93,184.0,0.278,29.0,15.76,14.0,7.61,0.829,0.2099999999999999,21.34,10.32,14.45,24.78,26.63,16.57
745555,2024-06-30,2024,664761,R,630023,R,home_run,False,False,238.0,0.325,35.0,14.71,17.0,7.14,0.897,0.192,19.64,9.29,15.2,24.49,25.25,16.92,445.0,0.263,68.0,15.28,34.0,7.64,0.7010000000000001,0.1139999999999999,17.17,8.27,16.06,24.33,28.14,13.48,21.0,0.211,7.0,33.33,2.0,9.52,0.5489999999999999,0.05200000000000002,20.0,9.09,21.59,30.68,31.82,25.93,184.0,0.278,29.0,15.76,14.0,7.61,0.829,0.2099999999999999,21.34,10.32,14.45,24.78,26.63,16.57
745555,2024-06-30,2024,669016,L,630023,R,strikeout,True,False,178.0,0.297,47.0,26.4,21.0,11.8,0.869,0.193,22.86,9.13,18.38,27.5,22.48,19.11,363.0,0.292,101.0,27.82,47.0,12.95,0.864,0.185,25.19,10.97,17.37,28.35,25.74,21.31,22.0,0.333,4.0,18.18,1.0,4.55,0.9349999999999999,0.23799999999999993,20.45,11.69,14.29,25.97,38.24,16.67,185.0,0.272,24.0,12.97,13.0,7.03,0.8109999999999999,0.2069999999999999,14.11,6.9,15.44,22.34,25.47,12.7
745555,2024-06-30,2024,592206,R,630023,R,single,False,False,252.0,0.225,52.0,20.63,17.0,6.75,0.641,0.12999999999999998,32.18,19.06,9.82,28.88,39.33,19.33,485.0,0.252,140.0,28.87,25.0,5.15,0.733,0.192,37.06,20.57,11.78,32.36,40.41,25.27,21.0,0.211,7.0,33.33,2.0,9.52,0.5489999999999999,0.05200000000000002,20.0,9.09,21.59,30.68,31.82,25.93,184.0,0.278,29.0,15.76,14.0,7.61,0.829,0.2099999999999999,21.34,10.32,14.45,24.78,26.63,16.57
745555,2024-06-30,2024,665019,L,630023,R,single,False,False,40.0,0.256,11.0,27.5,1.0,2.5,0.89,0.359,24.0,11.92,19.87,31.79,34.33,24.44,130.0,0.242,35.0,26.92,8.0,6.15,0.6950000000000001,0.158,26.77,12.71,19.44,32.15,29.07,21.21,22.0,0.333,4.0,18.18,1.0,4.55,0.9349999999999999,0.23799999999999993,20.45,11.69,14.29,25.97,38.24,16.67,185.0,0.272,24.0,12.97,13.0,7.03,0.8109999999999999,0.2069999999999999,14.11,6.9,15.44,22.34,25.47,12.7
745555,2024-06-30,2024,593160,R,630023,R,hit_by_pitch,False,False,79.0,0.194,10.0,12.66,10.0,12.66,0.532,0.03,17.69,7.9,17.87,25.77,27.45,14.08,446.0,0.277,80.0,17.94,27.0,6.05,0.7030000000000001,0.1019999999999999,20.17,10.18,16.71,26.89,32.97,15.33,21.0,0.211,7.0,33.33,2.0,9.52,0.5489999999999999,0.05200000000000002,20.0,9.09,21.59,30.68,31.82,25.93,184.0,0.278,29.0,15.76,14.0,7.61,0.829,0.2099999999999999,21.34,10.32,14.45,24.78,26.63,16.57
745555,2024-06-30,2024,621311,L,630023,R,field_out,False,False,41.0,0.263,8.0,19.51,2.0,4.88,0.853,0.29000000000000004,24.14,12.88,9.82,22.7,35.11,13.79,9.0,0.111,2.0,22.22,0.0,0.0,0.555,0.333,25.0,12.9,16.13,29.03,33.33,33.33,22.0,0.333,4.0,18.18,1.0,4.55,0.9349999999999999,0.23799999999999993,20.45,11.69,14.29,25.97,38.24,16.67,185.0,0.272,24.0,12.97,13.0,7.03,0.8109999999999999,0.2069999999999999,14.11,6.9,15.44,22.34,25.47,12.7
745555,2024-06-30,2024,667472,R,624133,L,field_out,False,False,49.0,0.19,17.0,34.69,2.0,4.08,0.622,0.16699999999999998,31.65,14.12,23.16,37.29,28.95,27.42,20.0,0.4,4.0,20.0,0.0,0.0,0.9,0.0999999999999999,30.0,13.24,20.59,33.82,28.12,25.0,306.0,0.201,79.0,25.82,18.0,5.88,0.534,0.07700000000000001,23.84,11.09,17.71,28.8,30.99,22.87,448.0,0.278,100.0,22.32,45.0,10.04,0.7749999999999999,0.1459999999999999,24.15,10.61,17.49,28.1,27.96,20.41
745555,2024-06-30,2024,641313,R,624133,L,field_out,False,False,87.0,0.244,25.0,28.74,5.0,5.75,0.5429999999999999,0.01200000000000001,33.0,19.36,11.56,30.92,40.57,20.49,130.0,0.304,27.0,20.77,5.0,3.85,0.7150000000000001,0.08,23.36,13.11,11.89,25.0,33.47,17.65,306.0,0.201,79.0,25.82,18.0,5.88,0.534,0.07700000000000001,23.84,11.09,17.71,28.8,30.99,22.87,448.0,0.278,100.0,22.32,45.0,10.04,0.7749999999999999,0.1459999999999999,24.15,10.61,17.49,28.1,27.96,20.41
745555,2024-06-30,2024,656896,R,624133,L,walk,False,True,69.0,0.219,15.0,21.74,4.0,5.8,0.541,0.047000000000000014,26.72,13.73,14.9,28.63,34.31,18.07,100.0,0.289,16.0,16.0,7.0,7.0,0.7110000000000001,0.089,21.88,10.45,14.18,24.63,29.33,14.68,306.0,0.201,79.0,25.82,18.0,5.88,0.534,0.07700000000000001,23.84,11.09,17.71,28.8,30.99,22.87,448.0,0.278,100.0,22.32,45.0,10.04,0.7749999999999999,0.1459999999999999,24.15,10.61,17.49,28.1,27.96,20.41
745555,2024-06-30,2024,645305,R,624133,L,field_out,False,False,3.0,0.0,1.0,33.33,0.0,0.0,0.0,0.0,28.57,22.22,22.22,44.44,100.0,33.33,,,,,,,,,,,,,,,306.0,0.201,79.0,25.82,18.0,5.88,0.534,0.07700000000000001,23.84,11.09,17.71,28.8,30.99,22.87,448.0,0.278,100.0,22.32,45.0,10.04,0.7749999999999999,0.1459999999999999,24.15,10.61,17.49,28.1,27.96,20.41
745555,2024-06-30,2024,665561,L,630023,R,field_out,False,False,18.0,0.294,2.0,11.11,1.0,5.56,0.8620000000000001,0.23500000000000004,12.12,5.71,18.57,24.29,32.35,11.11,,,,,,,,,,,,,,,22.0,0.333,4.0,18.18,1.0,4.55,0.9349999999999999,0.23799999999999993,20.45,11.69,14.29,25.97,38.24,16.67,185.0,0.272,24.0,12.97,13.0,7.03,0.8109999999999999,0.2069999999999999,14.11,6.9,15.44,22.34,25.47,12.7
745555,2024-06-30,2024,681082,L,630023,R,field_out,False,False,221.0,0.246,31.0,14.03,26.0,11.76,0.7150000000000001,0.134,16.96,7.44,20.78,28.22,28.09,11.7,474.0,0.28,76.0,16.03,26.0,5.49,0.753,0.1509999999999999,14.49,6.52,22.08,28.6,28.42,11.93,22.0,0.333,4.0,18.18,1.0,4.55,0.9349999999999999,0.23799999999999993,20.45,11.69,14.29,25.97,38.24,16.67,185.0,0.272,24.0,12.97,13.0,7.03,0.8109999999999999,0.2069999999999999,14.11,6.9,15.44,22.34,25.47,12.7
745555,2024-06-30,2024,607208,R,630023,R,single,False,False,121.0,0.319,21.0,17.36,6.0,4.96,0.8,0.123,24.31,12.21,14.29,26.5,30.4,16.8,485.0,0.282,109.0,22.47,29.0,5.98,0.8029999999999999,0.19,28.9,15.6,12.67,28.27,36.06,17.81,21.0,0.211,7.0,33.33,2.0,9.52,0.5489999999999999,0.05200000000000002,20.0,9.09,21.59,30.68,31.82,25.93,184.0,0.278,29.0,15.76,14.0,7.61,0.829,0.2099999999999999,21.34,10.32,14.45,24.78,26.63,16.57
745555,2024-06-30,2024,664761,R,630023,R,single,False,False,238.0,0.325,35.0,14.71,17.0,7.14,0.897,0.192,19.64,9.29,15.2,24.49,25.25,16.92,445.0,0.263,68.0,15.28,34.0,7.64,0.7010000000000001,0.1139999999999999,17.17,8.27,16.06,24.33,28.14,13.48,21.0,0.211,7.0,33.33,2.0,9.52,0.5489999999999999,0.05200000000000002,20.0,9.09,21.59,30.68,31.82,25.93,184.0,0.278,29.0,15.76,14.0,7.61,0.829,0.2099999999999999,21.34,10.32,14.45,24.78,26.63,16.57
745555,2024-06-30,2024,669016,L,630023,R,walk,False,True,178.0,0.297,47.0,26.4,21.0,11.8,0.869,0.193,22.86,9.13,18.38,27.5,22.48,19.11,363.0,0.292,101.0,27.82,47.0,12.95,0.864,0.185,25.19,10.97,17.37,28.35,25.74,21.31,22.0,0.333,4.0,18.18,1.0,4.55,0.9349999999999999,0.23799999999999993,20.45,11.69,14.29,25.97,38.24,16.67,185.0,0.272,24.0,12.97,13.0,7.03,0.8109999999999999,0.2069999999999999,14.11,6.9,15.44,22.34,25.47,12.7
745555,2024-06-30,2024,592206,R,630023,R,strikeout,True,False,252.0,0.225,52.0,20.63,17.0,6.75,0.641,0.12999999999999998,32.18,19.06,9.82,28.88,39.33,19.33,485.0,0.252,140.0,28.87,25.0,5.15,0.733,0.192,37.06,20.57,11.78,32.36,40.41,25.27,21.0,0.211,7.0,33.33,2.0,9.52,0.5489999999999999,0.05200000000000002,20.0,9.09,21.59,30.68,31.82,25.93,184.0,0.278,29.0,15.76,14.0,7.61,0.829,0.2099999999999999,21.34,10.32,14.45,24.78,26.63,16.57
745555,2024-06-30,2024,665862,L,624133,L,single,False,False,112.0,0.275,28.0,25.0,8.0,7.14,0.7410000000000001,0.127,27.27,12.58,16.78,29.36,30.21,19.05,94.0,0.172,27.0,28.72,6.0,6.38,0.479,0.081,39.88,19.01,18.18,37.19,30.36,25.23,74.0,0.194,20.0,27.03,1.0,1.35,0.605,0.195,21.17,11.15,20.77,31.92,40.0,23.53,93.0,0.218,19.0,20.43,3.0,3.23,0.612,0.15,17.48,8.93,20.0,28.93,40.77,29.69
745555,2024-06-30,2024,672640,R,624133,L,field_out,False,False,46.0,0.222,7.0,15.22,0.0,0.0,0.511,0.06699999999999998,20.83,13.7,13.01,26.71,53.52,14.0,,,,,,,,,,,,,,,306.0,0.201,79.0,25.82,18.0,5.88,0.534,0.07700000000000001,23.84,11.09,17.71,28.8,30.99,22.87,448.0,0.278,100.0,22.32,45.0,10.04,0.7749999999999999,0.1459999999999999,24.15,10.61,17.49,28.1,27.96,20.41
745555,2024-06-30,2024,650559,R,624133,L,home_run,False,False,123.0,0.282,31.0,25.2,4.0,3.25,0.753,0.16200000000000003,28.63,15.81,13.14,28.95,32.88,26.72,154.0,0.277,35.0,22.73,11.0,7.14,0.708,0.1059999999999999,27.76,13.7,15.51,29.21,33.53,19.77,306.0,0.201,79.0,25.82,18.0,5.88,0.534,0.07700000000000001,23.84,11.09,17.71,28.8,30.99,22.87,448.0,0.278,100.0,22.32,45.0,10.04,0.7749999999999999,0.1459999999999999,24.15,10.61,17.49,28.1,27.96,20.41
745555,2024-06-30,2024,605137,R,624133,L,field_out,False,False,118.0,0.21,17.0,14.41,11.0,9.32,0.632,0.142,22.34,10.05,14.84,24.89,29.67,16.04,186.0,0.265,41.0,22.04,24.0,12.9,0.854,0.2289999999999999,28.46,13.82,12.89,26.71,26.88,18.81,306.0,0.201,79.0,25.82,18.0,5.88,0.534,0.07700000000000001,23.84,11.09,17.71,28.8,30.99,22.87,448.0,0.278,100.0,22.32,45.0,10.04,0.7749999999999999,0.1459999999999999,24.15,10.61,17.49,28.1,27.96,20.41
745555,2024-06-30,2024,665019,L,630023,R,field_out,False,False,40.0,0.256,11.0,27.5,1.0,2.5,0.89,0.359,24.0,11.92,19.87,31.79,34.33,24.44,130.0,0.242,35.0,26.92,8.0,6.15,0.6950000000000001,0.158,26.77,12.71,19.44,32.15,29.07,21.21,22.0,0.333,4.0,18.18,1.0,4.55,0.9349999999999999,0.23799999999999993,20.45,11.69,14.29,25.97,38.24,16.67,185.0,0.272,24.0,12.97,13.0,7.03,0.8109999999999999,0.2069999999999999,14.11,6.9,15.44,22.34,25.47,12.7
745555,2024-06-30,2024,593160,R,630023,R,strikeout,True,False,79.0,0.194,10.0,12.66,10.0,12.66,0.532,0.03,17.69,7.9,17.87,25.77,27.45,14.08,446.0,0.277,80.0,17.94,27.0,6.05,0.7030000000000001,0.1019999999999999,20.17,10.18,16.71,26.89,32.97,15.33,21.0,0.211,7.0,33.33,2.0,9.52,0.5489999999999999,0.05200000000000002,20.0,9.09,21.59,30.68,31.82,25.93,184.0,0.278,29.0,15.76,14.0,7.61,0.829,0.2099999999999999,21.34,10.32,14.45,24.78,26.63,16.57
745555,2024-06-30,2024,621311,L,630023,R,single,False,False,41.0,0.263,8.0,19.51,2.0,4.88,0.853,0.29000000000000004,24.14,12.88,9.82,22.7,35.11,13.79,9.0,0.111,2.0,22.22,0.0,0.0,0.555,0.333,25.0,12.9,16.13,29.03,33.33,33.33,22.0,0.333,4.0,18.18,1.0,4.55,0.9349999999999999,0.23799999999999993,20.45,11.69,14.29,25.97,38.24,16.67,185.0,0.272,24.0,12.97,13.0,7.03,0.8109999999999999,0.2069999999999999,14.11,6.9,15.44,22.34,25.47,12.7
745555,2024-06-30,2024,665561,L,630023,R,field_out,False,False,18.0,0.294,2.0,11.11,1.0,5.56,0.8620000000000001,0.23500000000000004,12.12,5.71,18.57,24.29,32.35,11.11,,,,,,,,,,,,,,,22.0,0.333,4.0,18.18,1.0,4.55,0.9349999999999999,0.23799999999999993,20.45,11.69,14.29,25.97,38.24,16.67,185.0,0.272,24.0,12.97,13.0,7.03,0.8109999999999999,0.2069999999999999,14.11,6.9,15.44,22.34,25.47,12.7
745555,2024-06-30,2024,669394,R,624133,L,field_out,False,False,80.0,0.176,19.0,23.75,5.0,6.25,0.441,0.04000000000000001,29.27,15.95,14.29,30.23,42.77,20.65,139.0,0.26,37.0,26.62,9.0,6.47,0.907,0.3229999999999999,32.62,17.56,12.21,29.77,35.74,24.5,306.0,0.201,79.0,25.82,18.0,5.88,0.534,0.07700000000000001,23.84,11.09,17.71,28.8,30.99,22.87,448.0,0.278,100.0,22.32,45.0,10.04,0.7749999999999999,0.1459999999999999,24.15,10.61,17.49,28.1,27.96,20.41
745555,2024-06-30,2024,667472,R,624133,L,double,False,False,49.0,0.19,17.0,34.69,2.0,4.08,0.622,0.16699999999999998,31.65,14.12,23.16,37.29,28.95,27.42,20.0,0.4,4.0,20.0,0.0,0.0,0.9,0.0999999999999999,30.0,13.24,20.59,33.82,28.12,25.0,306.0,0.201,79.0,25.82,18.0,5.88,0.534,0.07700000000000001,23.84,11.09,17.71,28.8,30.99,22.87,448.0,0.278,100.0,22.32,45.0,10.04,0.7749999999999999,0.1459999999999999,24.15,10.61,17.49,28.1,27.96,20.41
745555,2024-06-30,2024,641313,R,624133,L,field_out,False,False,87.0,0.244,25.0,28.74,5.0,5.75,0.5429999999999999,0.01200000000000001,33.0,19.36,11.56,30.92,40.57,20.49,130.0,0.304,27.0,20.77,5.0,3.85,0.7150000000000001,0.08,23.36,13.11,11.89,25.0,33.47,17.65,306.0,0.201,79.0,25.82,18.0,5.88,0.534,0.07700000000000001,23.84,11.09,17.71,28.8,30.99,22.87,448.0,0.278,100.0,22.32,45.0,10.04,0.7749999999999999,0.1459999999999999,24.15,10.61,17.49,28.1,27.96,20.41
745555,2024-06-30,2024,656896,R,624133,L,double,False,False,69.0,0.219,15.0,21.74,4.0,5.8,0.541,0.047000000000000014,26.72,13.73,14.9,28.63,34.31,18.07,100.0,0.289,16.0,16.0,7.0,7.0,0.7110000000000001,0.089,21.88,10.45,14.18,24.63,29.33,14.68,306.0,0.201,79.0,25.82,18.0,5.88,0.534,0.07700000000000001,23.84,11.09,17.71,28.8,30.99,22.87,448.0,0.278,100.0,22.32,45.0,10.04,0.7749999999999999,0.1459999999999999,24.15,10.61,17.49,28.1,27.96,20.41
745555,2024-06-30,2024,645305,R,624133,L,walk,False,True,3.0,0.0,1.0,33.33,0.0,0.0,0.0,0.0,28.57,22.22,22.22,44.44,100.0,33.33,,,,,,,,,,,,,,,306.0,0.201,79.0,25.82,18.0,5.88,0.534,0.07700000000000001,23.84,11.09,17.71,28.8,30.99,22.87,448.0,0.278,100.0,22.32,45.0,10.04,0.7749999999999999,0.1459999999999999,24.15,10.61,17.49,28.1,27.96,20.41
745555,2024-06-30,2024,665862,L,624133,L,single,False,False,112.0,0.275,28.0,25.0,8.0,7.14,0.7410000000000001,0.127,27.27,12.58,16.78,29.36,30.21,19.05,94.0,0.172,27.0,28.72,6.0,6.38,0.479,0.081,39.88,19.01,18.18,37.19,30.36,25.23,74.0,0.194,20.0,27.03,1.0,1.35,0.605,0.195,21.17,11.15,20.77,31.92,40.0,23.53,93.0,0.218,19.0,20.43,3.0,3.23,0.612,0.15,17.48,8.93,20.0,28.93,40.77,29.69
745555,2024-06-30,2024,672640,R,624133,L,catcher_interf,False,False,46.0,0.222,7.0,15.22,0.0,0.0,0.511,0.06699999999999998,20.83,13.7,13.01,26.71,53.52,14.0,,,,,,,,,,,,,,,306.0,0.201,79.0,25.82,18.0,5.88,0.534,0.07700000000000001,23.84,11.09,17.71,28.8,30.99,22.87,448.0,0.278,100.0,22.32,45.0,10.04,0.7749999999999999,0.1459999999999999,24.15,10.61,17.49,28.1,27.96,20.41
745555,2024-06-30,2024,650559,R,624133,L,force_out,False,False,123.0,0.282,31.0,25.2,4.0,3.25,0.753,0.16200000000000003,28.63,15.81,13.14,28.95,32.88,26.72,154.0,0.277,35.0,22.73,11.0,7.14,0.708,0.1059999999999999,27.76,13.7,15.51,29.21,33.53,19.77,306.0,0.201,79.0,25.82,18.0,5.88,0.534,0.07700000000000001,23.84,11.09,17.71,28.8,30.99,22.87,448.0,0.278,100.0,22.32,45.0,10.04,0.7749999999999999,0.1459999999999999,24.15,10.61,17.49,28.1,27.96,20.41
745555,2024-06-30,2024,681082,L,630023,R,field_out,False,False,221.0,0.246,31.0,14.03,26.0,11.76,0.7150000000000001,0.134,16.96,7.44,20.78,28.22,28.09,11.7,474.0,0.28,76.0,16.03,26.0,5.49,0.753,0.1509999999999999,14.49,6.52,22.08,28.6,28.42,11.93,22.0,0.333,4.0,18.18,1.0,4.55,0.9349999999999999,0.23799999999999993,20.45,11.69,14.29,25.97,38.24,16.67,185.0,0.272,24.0,12.97,13.0,7.03,0.8109999999999999,0.2069999999999999,14.11,6.9,15.44,22.34,25.47,12.7
745555,2024-06-30,2024,607208,R,630023,R,strikeout,True,False,121.0,0.319,21.0,17.36,6.0,4.96,0.8,0.123,24.31,12.21,14.29,26.5,30.4,16.8,485.0,0.282,109.0,22.47,29.0,5.98,0.8029999999999999,0.19,28.9,15.6,12.67,28.27,36.06,17.81,21.0,0.211,7.0,33.33,2.0,9.52,0.5489999999999999,0.05200000000000002,20.0,9.09,21.59,30.68,31.82,25.93,184.0,0.278,29.0,15.76,14.0,7.61,0.829,0.2099999999999999,21.34,10.32,14.45,24.78,26.63,16.57
745555,2024-06-30,2024,664761,R,630023,R,field_out,False,False,238.0,0.325,35.0,14.71,17.0,7.14,0.897,0.192,19.64,9.29,15.2,24.49,25.25,16.92,445.0,0.263,68.0,15.28,34.0,7.64,0.7010000000000001,0.1139999999999999,17.17,8.27,16.06,24.33,28.14,13.48,21.0,0.211,7.0,33.33,2.0,9.52,0.5489999999999999,0.05200000000000002,20.0,9.09,21.59,30.68,31.82,25.93,184.0,0.278,29.0,15.76,14.0,7.61,0.829,0.2099999999999999,21.34,10.32,14.45,24.78,26.63,16.57
745555,2024-06-30,2024,605137,R,624133,L,single,False,False,118.0,0.21,17.0,14.41,11.0,9.32,0.632,0.142,22.34,10.05,14.84,24.89,29.67,16.04,186.0,0.265,41.0,22.04,24.0,12.9,0.854,0.2289999999999999,28.46,13.82,12.89,26.71,26.88,18.81,306.0,0.201,79.0,25.82,18.0,5.88,0.534,0.07700000000000001,23.84,11.09,17.71,28.8,30.99,22.87,448.0,0.278,100.0,22.32,45.0,10.04,0.7749999999999999,0.1459999999999999,24.15,10.61,17.49,28.1,27.96,20.41
745555,2024-06-30,2024,669394,R,624133,L,field_out,False,False,80.0,0.176,19.0,23.75,5.0,6.25,0.441,0.04000000000000001,29.27,15.95,14.29,30.23,42.77,20.65,139.0,0.26,37.0,26.62,9.0,6.47,0.907,0.3229999999999999,32.62,17.56,12.21,29.77,35.74,24.5,306.0,0.201,79.0,25.82,18.0,5.88,0.534,0.07700000000000001,23.84,11.09,17.71,28.8,30.99,22.87,448.0,0.278,100.0,22.32,45.0,10.04,0.7749999999999999,0.1459999999999999,24.15,10.61,17.49,28.1,27.96,20.41
745555,2024-06-30,2024,667472,R,624133,L,double,False,False,49.0,0.19,17.0,34.69,2.0,4.08,0.622,0.16699999999999998,31.65,14.12,23.16,37.29,28.95,27.42,20.0,0.4,4.0,20.0,0.0,0.0,0.9,0.0999999999999999,30.0,13.24,20.59,33.82,28.12,25.0,306.0,0.201,79.0,25.82,18.0,5.88,0.534,0.07700000000000001,23.84,11.09,17.71,28.8,30.99,22.87,448.0,0.278,100.0,22.32,45.0,10.04,0.7749999999999999,0.1459999999999999,24.15,10.61,17.49,28.1,27.96,20.41
745555,2024-06-30,2024,641313,R,624133,L,field_out,False,False,87.0,0.244,25.0,28.74,5.0,5.75,0.5429999999999999,0.01200000000000001,33.0,19.36,11.56,30.92,40.57,20.49,130.0,0.304,27.0,20.77,5.0,3.85,0.7150000000000001,0.08,23.36,13.11,11.89,25.0,33.47,17.65,306.0,0.201,79.0,25.82,18.0,5.88,0.534,0.07700000000000001,23.84,11.09,17.71,28.8,30.99,22.87,448.0,0.278,100.0,22.32,45.0,10.04,0.7749999999999999,0.1459999999999999,24.15,10.61,17.49,28.1,27.96,20.41
745555,2024-06-30,2024,656896,R,624133,L,single,False,False,69.0,0.219,15.0,21.74,4.0,5.8,0.541,0.047000000000000014,26.72,13.73,14.9,28.63,34.31,18.07,100.0,0.289,16.0,16.0,7.0,7.0,0.7110000000000001,0.089,21.88,10.45,14.18,24.63,29.33,14.68,306.0,0.201,79.0,25.82,18.0,5.88,0.534,0.07700000000000001,23.84,11.09,17.71,28.8,30.99,22.87,448.0,0.278,100.0,22.32,45.0,10.04,0.7749999999999999,0.1459999999999999,24.15,10.61,17.49,28.1,27.96,20.41
745555,2024-06-30,2024,645305,R,614179,R,single,False,False,12.0,0.333,3.0,25.0,1.0,8.33,0.788,0.0,25.0,12.5,18.75,31.25,38.1,14.29,,,,,,,,,,,,,,,53.0,0.234,10.0,18.87,3.0,5.66,0.581,0.06399999999999997,29.52,15.9,14.87,30.77,39.78,16.95,119.0,0.276,26.0,21.85,10.0,8.4,0.8280000000000001,0.191,31.2,14.75,13.94,28.69,29.14,16.03
745555,2024-06-30,2024,665862,L,614179,R,field_out,False,False,219.0,0.253,57.0,26.03,19.0,8.68,0.759,0.186,29.79,14.19,13.42,27.61,31.43,21.19,290.0,0.275,91.0,31.38,20.0,6.9,0.8540000000000001,0.25,35.14,15.36,16.88,32.24,26.1,27.41,38.0,0.333,11.0,28.95,2.0,5.26,0.868,0.16699999999999998,34.12,19.08,10.53,29.61,41.86,23.4,88.0,0.315,13.0,14.77,11.0,12.5,1.012,0.288,26.76,11.52,14.24,25.76,25.7,20.0
745555,2024-06-30,2024,669016,L,630023,R,double,False,False,178.0,0.297,47.0,26.4,21.0,11.8,0.869,0.193,22.86,9.13,18.38,27.5,22.48,19.11,363.0,0.292,101.0,27.82,47.0,12.95,0.864,0.185,25.19,10.97,17.37,28.35,25.74,21.31,22.0,0.333,4.0,18.18,1.0,4.55,0.9349999999999999,0.23799999999999993,20.45,11.69,14.29,25.97,38.24,16.67,185.0,0.272,24.0,12.97,13.0,7.03,0.8109999999999999,0.2069999999999999,14.11,6.9,15.44,22.34,25.47,12.7
745555,2024-06-30,2024,592206,R,630023,R,double,False,False,252.0,0.225,52.0,20.63,17.0,6.75,0.641,0.12999999999999998,32.18,19.06,9.82,28.88,39.33,19.33,485.0,0.252,140.0,28.87,25.0,5.15,0.733,0.192,37.06,20.57,11.78,32.36,40.41,25.27,21.0,0.211,7.0,33.33,2.0,9.52,0.5489999999999999,0.05200000000000002,20.0,9.09,21.59,30.68,31.82,25.93,184.0,0.278,29.0,15.76,14.0,7.61,0.829,0.2099999999999999,21.34,10.32,14.45,24.78,26.63,16.57
745555,2024-06-30,2024,665019,L,630023,R,field_out,False,False,40.0,0.256,11.0,27.5,1.0,2.5,0.89,0.359,24.0,11.92,19.87,31.79,34.33,24.44,130.0,0.242,35.0,26.92,8.0,6.15,0.6950000000000001,0.158,26.77,12.71,19.44,32.15,29.07,21.21,22.0,0.333,4.0,18.18,1.0,4.55,0.9349999999999999,0.23799999999999993,20.45,11.69,14.29,25.97,38.24,16.67,185.0,0.272,24.0,12.97,13.0,7.03,0.8109999999999999,0.2069999999999999,14.11,6.9,15.44,22.34,25.47,12.7
745555,2024-06-30,2024,593160,R,623211,R,strikeout,True,False,79.0,0.194,10.0,12.66,10.0,12.66,0.532,0.03,17.69,7.9,17.87,25.77,27.45,14.08,446.0,0.277,80.0,17.94,27.0,6.05,0.7030000000000001,0.1019999999999999,20.17,10.18,16.71,26.89,32.97,15.33,34.0,0.207,8.0,23.53,3.0,8.82,0.634,0.10300000000000001,21.05,11.43,14.29,25.71,34.85,17.78,161.0,0.209,46.0,28.57,20.0,12.42,0.618,0.0819999999999999,31.65,14.73,15.91,30.63,34.11,20.72
745555,2024-06-30,2024,621311,L,623211,R,strikeout,True,False,41.0,0.263,8.0,19.51,2.0,4.88,0.853,0.29000000000000004,24.14,12.88,9.82,22.7,35.11,13.79,9.0,0.111,2.0,22.22,0.0,0.0,0.555,0.333,25.0,12.9,16.13,29.03,33.33,33.33,36.0,0.2,7.0,19.44,6.0,16.67,0.533,0.0,38.24,17.57,11.49,29.05,31.03,18.42,96.0,0.298,19.0,19.79,11.0,11.46,0.815,0.142,31.52,15.03,14.45,29.48,33.7,20.43
745555,2024-06-30,2024,672640,R,614179,R,field_out,False,False,125.0,0.272,20.0,16.0,6.0,4.8,0.6950000000000001,0.11399999999999999,22.12,11.82,13.71,25.53,31.22,16.07,,,,,,,,,,,,,,,53.0,0.234,10.0,18.87,3.0,5.66,0.581,0.06399999999999997,29.52,15.9,14.87,30.77,39.78,16.95,119.0,0.276,26.0,21.85,10.0,8.4,0.8280000000000001,0.191,31.2,14.75,13.94,28.69,29.14,16.03
745555,2024-06-30,2024,650559,R,614179,R,strikeout,True,False,229.0,0.215,58.0,25.33,17.0,7.42,0.678,0.18700000000000003,31.29,16.25,13.06,29.31,31.92,21.64,473.0,0.251,107.0,22.62,29.0,6.13,0.717,0.1689999999999999,28.95,14.54,15.93,30.47,34.61,18.71,53.0,0.234,10.0,18.87,3.0,5.66,0.581,0.06399999999999997,29.52,15.9,14.87,30.77,39.78,16.95,119.0,0.276,26.0,21.85,10.0,8.4,0.8280000000000001,0.191,31.2,14.75,13.94,28.69,29.14,16.03
745555,2024-06-30,2024,605137,L,614179,R,strikeout,True,False,225.0,0.255,45.0,20.0,13.0,5.78,0.6910000000000001,0.122,28.84,15.5,10.29,25.79,29.21,23.16,432.0,0.239,93.0,21.53,39.0,9.03,0.6970000000000001,0.148,24.59,11.57,13.95,25.52,28.11,20.58,38.0,0.333,11.0,28.95,2.0,5.26,0.868,0.16699999999999998,34.12,19.08,10.53,29.61,41.86,23.4,88.0,0.315,13.0,14.77,11.0,12.5,1.012,0.288,26.76,11.52,14.24,25.76,25.7,20.0
745555,2024-06-30,2024,665561,L,623211,R,walk,False,True,18.0,0.294,2.0,11.11,1.0,5.56,0.8620000000000001,0.23500000000000004,12.12,5.71,18.57,24.29,32.35,11.11,,,,,,,,,,,,,,,36.0,0.2,7.0,19.44,6.0,16.67,0.533,0.0,38.24,17.57,11.49,29.05,31.03,18.42,96.0,0.298,19.0,19.79,11.0,11.46,0.815,0.142,31.52,15.03,14.45,29.48,33.7,20.43
745555,2024-06-30,2024,681082,L,623211,R,single,False,False,221.0,0.246,31.0,14.03,26.0,11.76,0.7150000000000001,0.134,16.96,7.44,20.78,28.22,28.09,11.7,474.0,0.28,76.0,16.03,26.0,5.49,0.753,0.1509999999999999,14.49,6.52,22.08,28.6,28.42,11.93,36.0,0.2,7.0,19.44,6.0,16.67,0.533,0.0,38.24,17.57,11.49,29.05,31.03,18.42,96.0,0.298,19.0,19.79,11.0,11.46,0.815,0.142,31.52,15.03,14.45,29.48,33.7,20.43
745555,2024-06-30,2024,607208,R,623211,R,strikeout,True,False,121.0,0.319,21.0,17.36,6.0,4.96,0.8,0.123,24.31,12.21,14.29,26.5,30.4,16.8,485.0,0.282,109.0,22.47,29.0,5.98,0.8029999999999999,0.19,28.9,15.6,12.67,28.27,36.06,17.81,34.0,0.207,8.0,23.53,3.0,8.82,0.634,0.10300000000000001,21.05,11.43,14.29,25.71,34.85,17.78,161.0,0.209,46.0,28.57,20.0,12.42,0.618,0.0819999999999999,31.65,14.73,15.91,30.63,34.11,20.72
745555,2024-06-30,2024,664761,R,623211,R,fielders_choice,False,False,238.0,0.325,35.0,14.71,17.0,7.14,0.897,0.192,19.64,9.29,15.2,24.49,25.25,16.92,445.0,0.263,68.0,15.28,34.0,7.64,0.7010000000000001,0.1139999999999999,17.17,8.27,16.06,24.33,28.14,13.48,34.0,0.207,8.0,23.53,3.0,8.82,0.634,0.10300000000000001,21.05,11.43,14.29,25.71,34.85,17.78,161.0,0.209,46.0,28.57,20.0,12.42,0.618,0.0819999999999999,31.65,14.73,15.91,30.63,34.11,20.72
745555,2024-06-30,2024,669016,L,640462,L,strikeout,True,False,52.0,0.156,24.0,46.15,5.0,9.62,0.40900000000000003,0.021999999999999992,31.65,11.42,24.66,36.07,19.09,35.82,110.0,0.229,43.0,39.09,12.0,10.91,0.7170000000000001,0.167,36.21,13.64,24.46,38.1,25.0,31.62,48.0,0.256,11.0,22.92,4.0,8.33,0.714,0.139,25.3,12.07,18.39,30.46,27.78,24.44,76.0,0.197,29.0,38.16,2.0,2.63,0.5780000000000001,0.141,33.08,15.03,23.78,38.81,33.07,30.85
745555,2024-06-30,2024,592206,R,640462,L,single,False,False,96.0,0.216,26.0,27.08,7.0,7.29,0.7030000000000001,0.216,32.5,17.91,11.29,29.2,37.1,23.21,188.0,0.324,45.0,23.94,11.0,5.85,0.93,0.237,31.05,17.91,10.17,28.07,42.3,21.63,110.0,0.253,17.0,15.45,17.0,15.45,0.8049999999999999,0.176,21.57,9.87,15.92,25.78,26.52,12.41,166.0,0.261,49.0,29.52,11.0,6.63,0.765,0.197,33.03,16.05,18.42,34.47,27.76,21.88
745555,2024-06-30,2024,624641,R,640462,L,strikeout,True,False,70.0,0.323,12.0,17.14,6.0,8.57,1.029,0.306,27.74,14.5,12.6,27.1,33.56,18.46,124.0,0.267,33.0,26.61,3.0,2.42,0.792,0.2159999999999999,27.7,16.7,13.23,29.93,44.69,21.29,110.0,0.253,17.0,15.45,17.0,15.45,0.8049999999999999,0.176,21.57,9.87,15.92,25.78,26.52,12.41,166.0,0.261,49.0,29.52,11.0,6.63,0.765,0.197,33.03,16.05,18.42,34.47,27.76,21.88
745555,2024-06-30,2024,669394,R,622554,R,double,False,False,170.0,0.236,46.0,27.06,8.0,4.71,0.675,0.16800000000000004,27.33,14.55,15.87,30.41,39.12,26.74,402.0,0.247,112.0,27.86,23.0,5.72,0.8,0.249,34.59,18.69,13.25,31.93,39.43,23.09,72.0,0.239,17.0,23.61,5.0,6.94,0.6950000000000001,0.16400000000000003,26.57,12.3,16.18,28.48,25.66,16.35,146.0,0.219,38.0,26.03,16.0,10.96,0.643,0.109,32.43,16.61,10.55,27.16,28.94,21.11
745555,2024-06-30,2024,667472,R,622554,R,field_out,False,False,20.0,0.278,8.0,40.0,2.0,10.0,0.628,0.0,23.68,9.47,22.11,31.58,28.0,22.86,50.0,0.213,15.0,30.0,2.0,4.0,0.538,0.0849999999999999,23.71,11.79,17.95,29.74,31.82,22.39,72.0,0.239,17.0,23.61,5.0,6.94,0.6950000000000001,0.16400000000000003,26.57,12.3,16.18,28.48,25.66,16.35,146.0,0.219,38.0,26.03,16.0,10.96,0.643,0.109,32.43,16.61,10.55,27.16,28.94,21.11
745555,2024-06-30,2024,641313,R,622554,R,field_out,False,False,150.0,0.204,42.0,28.0,2.0,1.33,0.433,0.014000000000000012,29.08,15.21,15.38,30.6,36.21,22.22,396.0,0.226,95.0,23.99,21.0,5.3,0.538,0.04,26.05,13.64,14.67,28.31,36.05,20.88,72.0,0.239,17.0,23.61,5.0,6.94,0.6950000000000001,0.16400000000000003,26.57,12.3,16.18,28.48,25.66,16.35,146.0,0.219,38.0,26.03,16.0,10.96,0.643,0.109,32.43,16.61,10.55,27.16,28.94,21.11
745555,2024-06-30,2024,656896,R,622554,R,walk,False,True,73.0,0.164,17.0,23.29,8.0,10.96,0.47500000000000003,0.033,29.2,13.61,15.65,29.25,28.22,16.5,185.0,0.246,40.0,21.62,15.0,8.11,0.651,0.1009999999999999,29.38,13.47,17.14,30.61,25.67,18.1,72.0,0.239,17.0,23.61,5.0,6.94,0.6950000000000001,0.16400000000000003,26.57,12.3,16.18,28.48,25.66,16.35,146.0,0.219,38.0,26.03,16.0,10.96,0.643,0.109,32.43,16.61,10.55,27.16,28.94,21.11
745555,2024-06-30,2024,645305,R,622554,R,strikeout,True,False,12.0,0.333,3.0,25.0,1.0,8.33,0.788,0.0,25.0,12.5,18.75,31.25,38.1,14.29,,,,,,,,,,,,,,,72.0,0.239,17.0,23.61,5.0,6.94,0.6950000000000001,0.16400000000000003,26.57,12.3,16.18,28.48,25.66,16.35,146.0,0.219,38.0,26.03,16.0,10.96,0.643,0.109,32.43,16.61,10.55,27.16,28.94,21.11
745555,2024-06-30,2024,593160,R,677053,L,walk,False,True,73.0,0.191,5.0,6.85,4.0,5.48,0.589,0.16199999999999998,18.84,10.04,15.83,25.87,31.15,5.88,147.0,0.259,21.0,14.29,9.0,6.12,0.692,0.134,17.44,9.06,13.12,22.18,31.02,14.19,80.0,0.315,20.0,25.0,5.0,6.25,0.896,0.21900000000000003,24.16,12.65,15.29,27.94,33.14,17.7,152.0,0.244,43.0,28.29,12.0,7.89,0.7250000000000001,0.156,25.08,13.04,14.17,27.21,33.33,18.53
745555,2024-06-30,2024,621311,L,677053,L,walk,False,True,7.0,0.167,2.0,28.57,0.0,0.0,0.31,0.0,38.89,20.59,11.76,32.35,26.67,14.29,,,,,,,,,,,,,,,52.0,0.188,18.0,34.62,2.0,3.85,0.46599999999999997,0.062,36.13,19.82,11.52,31.34,38.14,25.71,85.0,0.158,30.0,35.29,9.0,10.59,0.55,0.145,36.02,16.81,16.23,33.04,29.94,28.04
745555,2024-06-30,2024,665561,R,677053,L,sac_bunt,False,False,13.0,0.154,1.0,7.69,0.0,0.0,0.539,0.231,12.5,6.25,21.88,28.12,28.57,33.33,,,,,,,,,,,,,,,80.0,0.315,20.0,25.0,5.0,6.25,0.896,0.21900000000000003,24.16,12.65,15.29,27.94,33.14,17.7,152.0,0.244,43.0,28.29,12.0,7.89,0.7250000000000001,0.156,25.08,13.04,14.17,27.21,33.33,18.53
745555,2024-06-30,2024,681082,L,677053,L,field_out,False,False,78.0,0.239,16.0,20.51,10.0,12.82,0.659,0.07400000000000001,14.78,5.5,25.24,30.74,18.57,18.82,167.0,0.282,24.0,14.37,13.0,7.78,0.73,0.101,17.59,7.8,22.11,29.91,32.56,10.39,52.0,0.188,18.0,34.62,2.0,3.85,0.46599999999999997,0.062,36.13,19.82,11.52,31.34,38.14,25.71,85.0,0.158,30.0,35.29,9.0,10.59,0.55,0.145,36.02,16.81,16.23,33.04,29.94,28.04
745555,2024-06-30,2024,607208,R,669622,R,single,False,False,121.0,0.319,21.0,17.36,6.0,4.96,0.8,0.123,24.31,12.21,14.29,26.5,30.4,16.8,485.0,0.282,109.0,22.47,29.0,5.98,0.8029999999999999,0.19,28.9,15.6,12.67,28.27,36.06,17.81,83.0,0.253,22.0,26.51,4.0,4.82,0.6859999999999999,0.12,26.71,11.59,21.56,33.15,30.27,16.54,,,,,,,,,,,,,,
745555,2024-06-30,2024,664761,R,669622,R,strikeout,True,False,238.0,0.325,35.0,14.71,17.0,7.14,0.897,0.192,19.64,9.29,15.2,24.49,25.25,16.92,445.0,0.263,68.0,15.28,34.0,7.64,0.7010000000000001,0.1139999999999999,17.17,8.27,16.06,24.33,28.14,13.48,83.0,0.253,22.0,26.51,4.0,4.82,0.6859999999999999,0.12,26.71,11.59,21.56,33.15,30.27,16.54,,,,,,,,,,,,,,
745555,2024-06-30,2024,665862,L,642397,L,strikeout,True,False,112.0,0.275,28.0,25.0,8.0,7.14,0.7410000000000001,0.127,27.27,12.58,16.78,29.36,30.21,19.05,94.0,0.172,27.0,28.72,6.0,6.38,0.479,0.081,39.88,19.01,18.18,37.19,30.36,25.23,43.0,0.184,10.0,23.26,3.0,6.98,0.5680000000000001,0.10499999999999998,25.0,11.25,19.38,30.63,35.71,19.23,88.0,0.127,20.0,22.73,7.0,7.95,0.433,0.101,31.33,14.03,22.09,36.12,32.03,18.87
745555,2024-06-30,2024,672640,R,642397,L,field_out,False,False,46.0,0.222,7.0,15.22,0.0,0.0,0.511,0.06699999999999998,20.83,13.7,13.01,26.71,53.52,14.0,,,,,,,,,,,,,,,76.0,0.333,18.0,23.68,12.0,15.79,0.897,0.11699999999999999,32.17,15.23,12.58,27.81,27.7,21.69,162.0,0.255,45.0,27.78,15.0,9.26,0.72,0.138,35.35,17.56,15.35,32.91,29.93,22.5
745555,2024-06-30,2024,650559,R,642397,L,strikeout,True,False,123.0,0.282,31.0,25.2,4.0,3.25,0.753,0.16200000000000003,28.63,15.81,13.14,28.95,32.88,26.72,154.0,0.277,35.0,22.73,11.0,7.14,0.708,0.1059999999999999,27.76,13.7,15.51,29.21,33.53,19.77,76.0,0.333,18.0,23.68,12.0,15.79,0.897,0.11699999999999999,32.17,15.23,12.58,27.81,27.7,21.69,162.0,0.255,45.0,27.78,15.0,9.26,0.72,0.138,35.35,17.56,15.35,32.91,29.93,22.5
745555,2024-06-30,2024,669016,L,669622,R,single,False,False,178.0,0.297,47.0,26.4,21.0,11.8,0.869,0.193,22.86,9.13,18.38,27.5,22.48,19.11,363.0,0.292,101.0,27.82,47.0,12.95,0.864,0.185,25.19,10.97,17.37,28.35,25.74,21.31,52.0,0.273,9.0,17.31,7.0,13.46,0.817,0.15899999999999997,20.48,8.5,17.5,26.0,26.21,15.52,,,,,,,,,,,,,,
745555,2024-06-30,2024,592206,R,669622,R,single,False,False,252.0,0.225,52.0,20.63,17.0,6.75,0.641,0.12999999999999998,32.18,19.06,9.82,28.88,39.33,19.33,485.0,0.252,140.0,28.87,25.0,5.15,0.733,0.192,37.06,20.57,11.78,32.36,40.41,25.27,83.0,0.253,22.0,26.51,4.0,4.82,0.6859999999999999,0.12,26.71,11.59,21.56,33.15,30.27,16.54,,,,,,,,,,,,,,
745555,2024-06-30,2024,624641,R,669622,R,field_out,False,False,96.0,0.239,27.0,28.12,3.0,3.12,0.651,0.125,34.95,18.65,12.95,31.61,42.99,21.6,176.0,0.239,41.0,23.3,5.0,2.84,0.669,0.148,29.23,17.12,12.31,29.43,41.96,19.16,83.0,0.253,22.0,26.51,4.0,4.82,0.6859999999999999,0.12,26.71,11.59,21.56,33.15,30.27,16.54,,,,,,,,,,,,,,
745555,2024-06-30,2024,593160,R,669622,R,strikeout,True,False,79.0,0.194,10.0,12.66,10.0,12.66,0.532,0.03,17.69,7.9,17.87,25.77,27.45,14.08,446.0,0.277,80.0,17.94,27.0,6.05,0.7030000000000001,0.1019999999999999,20.17,10.18,16.71,26.89,32.97,15.33,83.0,0.253,22.0,26.51,4.0,4.82,0.6859999999999999,0.12,26.71,11.59,21.56,33.15,30.27,16.54,,,,,,,,,,,,,,
745555,2024-06-30,2024,621311,L,669622,R,strikeout,True,False,41.0,0.263,8.0,19.51,2.0,4.88,0.853,0.29000000000000004,24.14,12.88,9.82,22.7,35.11,13.79,9.0,0.111,2.0,22.22,0.0,0.0,0.555,0.333,25.0,12.9,16.13,29.03,33.33,33.33,52.0,0.273,9.0,17.31,7.0,13.46,0.817,0.15899999999999997,20.48,8.5,17.5,26.0,26.21,15.52,,,,,,,,,,,,,,
745555,2024-06-30,2024,605137,L,656546,R,field_out,False,False,225.0,0.255,45.0,20.0,13.0,5.78,0.6910000000000001,0.122,28.84,15.5,10.29,25.79,29.21,23.16,432.0,0.239,93.0,21.53,39.0,9.03,0.6970000000000001,0.148,24.59,11.57,13.95,25.52,28.11,20.58,59.0,0.214,20.0,33.9,2.0,3.39,0.647,0.17900000000000002,30.25,16.82,15.42,32.24,41.49,29.85,80.0,0.221,26.0,32.5,9.0,11.25,0.63,0.088,34.86,17.48,12.61,30.09,33.51,21.31
745555,2024-06-30,2024,669394,R,656546,R,field_error,False,False,170.0,0.236,46.0,27.06,8.0,4.71,0.675,0.16800000000000004,27.33,14.55,15.87,30.41,39.12,26.74,402.0,0.247,112.0,27.86,23.0,5.72,0.8,0.249,34.59,18.69,13.25,31.93,39.43,23.09,79.0,0.183,23.0,29.11,6.0,7.59,0.498,0.07100000000000001,34.44,17.28,14.62,31.89,28.97,24.73,129.0,0.122,43.0,33.33,10.0,7.75,0.423,0.104,34.44,17.65,14.42,32.07,34.34,24.57
745555,2024-06-30,2024,660821,L,656546,R,field_out,False,False,208.0,0.262,50.0,24.04,13.0,6.25,0.725,0.14599999999999996,27.01,14.61,12.5,27.11,35.48,20.75,353.0,0.258,93.0,26.35,36.0,10.2,0.805,0.21,29.33,14.21,14.01,28.21,30.32,20.53,59.0,0.214,20.0,33.9,2.0,3.39,0.647,0.17900000000000002,30.25,16.82,15.42,32.24,41.49,29.85,80.0,0.221,26.0,32.5,9.0,11.25,0.63,0.088,34.86,17.48,12.61,30.09,33.51,21.31
745555,2024-06-30,2024,641313,R,656546,R,strikeout,True,False,150.0,0.204,42.0,28.0,2.0,1.33,0.433,0.014000000000000012,29.08,15.21,15.38,30.6,36.21,22.22,396.0,0.226,95.0,23.99,21.0,5.3,0.538,0.04,26.05,13.64,14.67,28.31,36.05,20.88,79.0,0.183,23.0,29.11,6.0,7.59,0.498,0.07100000000000001,34.44,17.28,14.62,31.89,28.97,24.73,129.0,0.122,43.0,33.33,10.0,7.75,0.423,0.104,34.44,17.65,14.42,32.07,34.34,24.57
